name,relative_counts,ct,ct_0,barcode,ct_1,barcode_ind
furpa,0.015625,193,191,TACCGACATGCAAAATGACA,2,1346229
furpa,0.02247191011235955,89,88,AGGCACACCAACAGCGCTCG,1,1277398
furpa,0.03278688524590164,61,60,ATTACGTGTTTTGATCGTGA,1,1317749
furpa,0.037037037037037035,54,53,GAGGTGCTGACACTCGCATG,1,1271983
furpa,0.06382978723404255,48,46,GACTAGCGCTTCCGCAGAGT,2,1281879
furpa,0.047619047619047616,42,41,GGCTTATGTACTAATCTAGC,1,1356371
furpa,0.07317073170731707,42,40,ATATTAAATGGCCGTCACGT,2,1284135
furpa,0.05,40,39,GGAAAGTTAAGACCGTGTGC,1,1286822
furpa,0.15789473684210525,42,37,TATTGAATCGTTCGGAAATC,5,1280313
furpa,2.942857142857143,136,34,TTAGTTGAGATCTAACAAAT,102,1337352
furpa,0.05714285714285714,35,34,ATAAAGTAGGCACTCAGCTC,1,1339621
furpa,0.058823529411764705,34,33,CAACAGCACGCCCCTCATTA,1,1314207
furpa,10.090909090909092,364,32,TTCTGTTTAGTACTCTGTCA,332,1315468
furpa,0.06666666666666667,30,29,TGATGGGGTTCACAAACAGT,1,1346145
furpa,0.06666666666666667,30,29,GGGTTCCGTAGGTATACGAG,1,1272968
furpa,0.10344827586206896,30,28,TTGCCATTGACACTGGAATT,2,1309327
furpa,0.06896551724137931,29,28,TGGCTCTATCCTCCGATCCC,1,1306146
furpa,0.06896551724137931,29,28,ATTCCGACTTGCAACGCAGA,1,1343646
furpa,9.571428571428571,294,27,TGGCTTGAAGCTCGGCAACA,267,1318034
furpa,0.10714285714285714,29,27,CAAGGGGCGCCTCAGCGCGG,2,1331520
furpa,0.10714285714285714,29,27,ACCGGATGCACGTGACTTTC,2,1288383
furpa,0.07142857142857142,28,27,AATACAATAGTTTTCCTGGT,1,1325367
furpa,0.07407407407407407,27,26,TGAGTCTGACCTTTTATTCT,1,1332065
furpa,8.777777777777779,262,26,GCATGGTGCCACCGCTAGGT,236,1352731
furpa,0.2222222222222222,31,26,CTGTGGTGAACTGGTGGAAT,5,1294096
furpa,0.07407407407407407,27,26,CATTCGGTACTGGCGCACGT,1,1272742
furpa,0.15384615384615385,28,25,GATGTGCGCGATGCACAATG,3,1289953
furpa,0.07692307692307693,26,25,CGCCGGTACAGTATCTATAT,1,1304952
furpa,0.07692307692307693,26,25,CAGATCTCATTAAAAGTCTT,1,1331622
furpa,9.923076923076923,282,25,ATGGAGGGTACTATTGCACT,257,1287650
furpa,0.07692307692307693,26,25,ACTGGCATCCCTAAATCACG,1,1325322
furpa,0.08,25,24,CGCAGCAGGCTTAGACGAGT,1,1290098
furpa,0.12,26,24,ACTGGTGAGTCGTGACTCCC,2,1322027
furpa,0.12,26,24,AAGTTCCTGTCATCGCAGCC,2,1271723
furpa,0.16666666666666666,26,23,TCAACCCGGGAGCCGGAACA,3,1271774
furpa,0.08333333333333333,24,23,GGACAATACTGGGTGATGGG,1,1341016
furpa,6.0,166,23,GCAGACAGCCGTGTTAGGCA,143,1354764
furpa,0.08333333333333333,24,23,CGGACGCCACAGCAGGGGAC,1,1308867
furpa,22.958333333333332,573,23,CCGACAGCGGCGTCTGATTT,550,1306314
furpa,10.083333333333334,264,23,AGGGCCATCAAAGAACGATT,241,1340273
furpa,0.08333333333333333,24,23,ACACTGCACAGTATGACTCT,1,1284760
furpa,0.08333333333333333,24,23,AAGAACCCCAGTACCCCCAT,1,1295696
furpa,0.17391304347826086,25,22,TGCGCACTCGGGACAATTCT,3,1296904
furpa,0.08695652173913043,23,22,TAGGTCGGATCACTCGTGTA,1,1276917
furpa,0.13043478260869565,24,22,ACGCGAAGATATCGCCTTAC,2,1273597
furpa,0.09090909090909091,22,21,TGGTTGGGTCTGGACGGCCC,1,1282072
furpa,0.09090909090909091,22,21,GAAAAGATCACGACGACTGT,1,1304899
furpa,12.590909090909092,297,21,CGGTTCTTCCGAGGACTTCG,276,1271990
furpa,0.09090909090909091,22,21,CCATGCTTGTTGCTAATTGT,1,1345779
furpa,0.09090909090909091,22,21,CACACGCACCACATCTATTT,1,1279522
furpa,0.09090909090909091,22,21,ATTACGCCTGTGTAATACTC,1,1276527
furpa,0.09523809523809523,21,20,CCCTTCCCATGGTGACAGGT,1,1304583
furpa,0.23809523809523808,24,20,CCCCCGCTGACTTGTGCGGA,4,1340821
furpa,0.14285714285714285,22,20,CAACAAGTCCGGCCATGTAA,2,1304919
furpa,0.09523809523809523,21,20,ATCGGAAGAGACTGACCAGC,1,1298376
furpa,0.1,20,19,CCAGGGGGTTGTCCAGTGAA,1,1290027
furpa,0.21052631578947367,21,18,TGGAATGGAGGAGGTCTCTG,3,1278640
furpa,11.842105263157896,242,18,GAAAGGGTTTATGTGCTTGT,224,1291616
furpa,0.10526315789473684,19,18,CTGGGCCAAACATGATAAGG,1,1309640
furpa,0.10526315789473684,19,18,CGCACCCGGCCTGGTCGTAC,1,1295985
furpa,0.15789473684210525,20,18,CCACTATTCATTTCCATAGA,2,1277186
furpa,0.1111111111111111,18,17,TTCGGACATATAACCGACGC,1,1342941
furpa,0.1111111111111111,18,17,GATCCGTTAAGATAAGGGGT,1,1306584
furpa,0.1111111111111111,18,17,GAGGGCTTGGCAGACACGTC,1,1297796
furpa,0.2222222222222222,20,17,GAGGCGTGACGGATCTATTC,3,1323219
furpa,0.2222222222222222,20,17,GACCCACTATGTGACTCCGG,3,1349846
furpa,0.1111111111111111,18,17,GAACTCGTCAGCTGTAGGAA,1,1295612
furpa,0.1111111111111111,18,17,CCGAGGGCCGGTCTGCAAAT,1,1335501
furpa,27.0,502,17,CATATGGGTTATCGCCGTAT,485,1331465
furpa,0.1111111111111111,18,17,AAGTCTTGTAAATTCTCTTC,1,1288396
furpa,15.588235294117647,280,16,TTCGGGACCTTATCAGCGAT,264,1296962
furpa,0.23529411764705882,19,16,TGTGGATCTCCTATGACTTC,3,1312683
furpa,0.23529411764705882,19,16,TGGTCTGTCTAGGTACCGGA,3,1288801
furpa,0.35294117647058826,21,16,TGGATGTGGTTTCGTACAAT,5,1293944
furpa,0.11764705882352941,17,16,TCGCCCAAATGAGCTCACCA,1,1329852
furpa,0.11764705882352941,17,16,TCGAAAATTTCTGCATGTGA,1,1278849
furpa,0.11764705882352941,17,16,TACTATGTGGGCAGTCTAGT,1,1337230
furpa,0.11764705882352941,17,16,GCGGATTTTCAGTTATCTGC,1,1309468
furpa,22.058823529411764,390,16,GCACGTCGAGGCAGACGTTT,374,1275237
furpa,0.17647058823529413,18,16,CTGGTGTTCTAATCTACGTT,2,1314984
furpa,0.11764705882352941,17,16,CAGGCGATGACGAGCTTTGT,1,1322375
furpa,0.11764705882352941,17,16,AGTAATTTCGTCAGAGCATG,1,1347008
furpa,0.125,16,15,TCTTGAGCGGGGTCGGCCAG,1,1276976
furpa,0.1875,17,15,TCCGAAACTGGTGTTACGTG,2,1288671
furpa,0.125,16,15,TATCTCCGCGCTCCGGCACA,1,1315314
furpa,0.125,16,15,TAAGCGGGGTAGAGCCGAGG,1,1294208
furpa,0.125,16,15,GGTCTTCCGAACGGCGATCG,1,1297081
furpa,15.875,268,15,GGGGACAAAGATGTCTCAGA,253,1277952
furpa,0.1875,17,15,CCAGTCCTCGCCAGTGGACT,2,1291192
furpa,0.25,18,15,ATACTAGAGGATGTACCTTG,3,1334334
furpa,0.1875,17,15,AGGTTAGCGGGCGAGCGCCT,2,1338595
furpa,0.13333333333333333,15,14,TTACCTATGAGGCTCTAGTG,1,1283876
furpa,0.13333333333333333,15,14,TGCTCGTCATCCGGTGCGAT,1,1325018
furpa,0.26666666666666666,17,14,TACCCTCCCAAACGCAATAG,3,1299529
furpa,0.13333333333333333,15,14,GCGAGAATTTAGATTGCTCT,1,1323419
furpa,0.13333333333333333,15,14,GATTGCGGAATATTTGGAAA,1,1309012
furpa,0.13333333333333333,15,14,GATACTTTGCAATACAATAC,1,1272584
furpa,0.13333333333333333,15,14,CTTTTTAAACCCTGTTTTAG,1,1278768
furpa,0.13333333333333333,15,14,CGGGTCGCCTCAATGCAGGA,1,1308489
furpa,0.3333333333333333,18,14,CAGGTCCCACTATAACTGTG,4,1351972
furpa,0.26666666666666666,17,14,CAAAATTGATTCATAATGAT,3,1335793
furpa,0.2,16,14,AGGGGAAGGTAATCCCTACT,2,1353297
furpa,0.13333333333333333,15,14,AGAGTCCGGCGGAGGCGTTA,1,1284173
furpa,0.2,16,14,AATCTCGCTCCTGTGTGTCG,2,1319593
furpa,0.14285714285714285,14,13,TTTTGTTTCAAGACACCCTC,1,1328076
furpa,0.14285714285714285,14,13,TGATCATCGCATTCATCAAA,1,1283713
furpa,0.14285714285714285,14,13,TCGTTGACCCGGACTATACG,1,1321286
furpa,0.21428571428571427,15,13,TCCGGCTTCCGGAACAGGCT,2,1325543
furpa,18.785714285714285,275,13,TAATTGGGTGACATCATCAA,262,1276664
furpa,0.14285714285714285,14,13,TAACCTAATTCGCTATTTCT,1,1320038
furpa,0.14285714285714285,14,13,GTTAGCAAACCAGGACTTTA,1,1277331
furpa,16.642857142857142,245,13,CGGTGTGCACAGTTGTTAAT,232,1352212
furpa,0.14285714285714285,14,13,CGACCATTCTGCATAGTCAC,1,1324232
furpa,0.14285714285714285,14,13,CCATGGACCAAATATGCCTA,1,1282753
furpa,0.14285714285714285,14,13,CCAACTGGGCTCCCACGGCT,1,1302438
furpa,0.14285714285714285,14,13,ATTGGTGGTATATGTGTCTG,1,1278109
furpa,9.928571428571429,151,13,ACGTCGAGACACATACCAGT,138,1345715
furpa,0.2857142857142857,16,13,ACGTAACAGAGCTATCAAAG,3,1331654
furpa,0.14285714285714285,14,13,ACCTTCGGCTGGACAATACA,1,1337826
furpa,0.14285714285714285,14,13,ACAATGCCAACGATTACAAT,1,1314666
furpa,0.14285714285714285,14,13,AACGGGTTCCCAGGCTAAGA,1,1296224
furpa,0.2857142857142857,16,13,AAAGGGCGACTAGAAGTACA,3,1353579
furpa,38.857142857142854,556,13,AAACGATCCGCTACGGCTAC,543,1314382
furpa,21.846153846153847,295,12,TGCACAACAACTATTGTCTC,283,1305458
furpa,0.23076923076923078,14,12,TACACCCGCAATGGCGCAAG,2,1282217
furpa,0.15384615384615385,13,12,GTGGCAACGCATTCTGGAGT,1,1324240
furpa,0.15384615384615385,13,12,GTAGTAATTTTCGGTTGCCT,1,1327403
furpa,0.3076923076923077,15,12,GTAATTTCCGTTTGCACAAT,3,1285549
furpa,0.15384615384615385,13,12,GTAATGGCTCTAATTCAGTG,1,1311997
furpa,0.15384615384615385,13,12,GGGTTCAGAGTGGGAACACT,1,1338760
furpa,0.15384615384615385,13,12,GGGCGGCTACCCTGAACGTG,1,1346369
furpa,0.15384615384615385,13,12,GGCTAGGTTGCTCGGCGTTT,1,1332441
furpa,0.3076923076923077,15,12,GGCCCTAGCGCCGAAAGATT,3,1277187
furpa,22.923076923076923,309,12,GGAGACGAGTACGGGCGAGT,297,1273604
furpa,21.76923076923077,294,12,GGACTTAACGGCACTGGGTT,282,1272679
furpa,0.15384615384615385,13,12,GCCGACCATCTATGCTCAAT,1,1276971
furpa,0.15384615384615385,13,12,CTGATGGCGCTTTGCCGATA,1,1339314
furpa,0.15384615384615385,13,12,CTCCCGGGCTGTTGGTGAAA,1,1275511
furpa,0.15384615384615385,13,12,CTATGGGGATAGATCATAGC,1,1318912
furpa,0.23076923076923078,14,12,CGCGTAGACCGTTCAGTCGG,2,1281504
furpa,0.15384615384615385,13,12,CCCGAAAAGTTAAGTGTCCA,1,1354355
furpa,0.15384615384615385,13,12,CCAAGAAATCATGTTAACCT,1,1326550
furpa,0.38461538461538464,16,12,ATACCGGGGAGCCCGGGAAT,4,1281292
furpa,0.15384615384615385,13,12,AGCCCGTTGGCAGCGTGTCG,1,1300334
furpa,0.15384615384615385,13,12,AAATGCATCCTACCATGGAC,1,1312672
furpa,40.083333333333336,491,11,TTAATCCGGAAGGCCCTGAA,480,1292805
furpa,0.3333333333333333,14,11,TGAACCGTTCATGGGGATGG,3,1331002
furpa,0.25,13,11,TAGCATTTTTAAGGGTTCTG,2,1285464
furpa,0.16666666666666666,12,11,TAGATGTCCCCAAGCGAGTG,1,1352995
furpa,0.16666666666666666,12,11,TAAAATCCTTGACGGTCACT,1,1328641
furpa,0.16666666666666666,12,11,GTATGGATAAAAATCTGCAA,1,1279118
furpa,0.16666666666666666,12,11,GGATGTGTGTAATTGCAGAA,1,1306751
furpa,0.16666666666666666,12,11,CCATGCAAGTCCCATCTTGA,1,1347026
furpa,0.16666666666666666,12,11,CAGCTAAAGGGTACCCAGAT,1,1355288
furpa,24.333333333333332,302,11,CAAGTCTCCGCCTTGGGCAT,291,1296940
furpa,0.25,13,11,CAAACGACTTTAGAATCCTT,2,1309826
furpa,0.16666666666666666,12,11,ATGCAACTCCGTTAGCTAGT,1,1288699
furpa,0.16666666666666666,12,11,ATACGGCACAAGCAAAAGGA,1,1291562
furpa,0.16666666666666666,12,11,AGTTCAGTTGTACCGTCGCG,1,1349916
furpa,0.25,13,11,AGTATAACTGTTATTCGAAT,2,1354709
furpa,43.5,532,11,AGCCACGAACGAGTACCAAG,521,1324391
furpa,0.16666666666666666,12,11,ACTCCAGTTTATACGGTGAC,1,1327437
furpa,0.16666666666666666,12,11,ACGGCCGCGTCATTAGGGTG,1,1298863
furpa,0.16666666666666666,12,11,ACGGCAGCGCCGAACTTGCA,1,1328999
furpa,0.16666666666666666,12,11,AAGGAAGTCAGGGCTAATGT,1,1300408
furpa,9.833333333333334,128,11,AAGCTAGTATGAGAACAACG,117,1338524
furpa,0.18181818181818182,11,10,TTTCATCACAAAATATTTGA,1,1293295
furpa,0.18181818181818182,11,10,TTCGCAAATTATATAATTAA,1,1345999
furpa,55.90909090909091,624,10,TGCGCAGGCTAATGCTCTGG,614,1302442
furpa,0.18181818181818182,11,10,TGCCTGACGGAGGCCAGCTT,1,1323814
furpa,0.18181818181818182,11,10,TGATAGACGCGGCGTGTGTG,1,1294560
furpa,0.2727272727272727,12,10,TCCCACGGAGAAGAATTGGG,2,1281534
furpa,0.18181818181818182,11,10,GTTTTGCCGTTTGCGATAAT,1,1316056
furpa,0.36363636363636365,13,10,GTTCCAAACTTGTGCCGAAT,3,1328649
furpa,0.36363636363636365,13,10,GTTACTGTTCCTTTGACATA,3,1348769
furpa,25.818181818181817,293,10,GTCCATATGAGCTACCGTTC,283,1321194
furpa,0.18181818181818182,11,10,GTATTCAGCGCGAAACGCAA,1,1285380
furpa,27.0,306,10,GTACCCCCGGGCGGGGTCAC,296,1308558
furpa,0.18181818181818182,11,10,GGGATGGGCGGCAAGTATTC,1,1291819
furpa,0.18181818181818182,11,10,GGCCTTAGAGCAAGGAGAAG,1,1282188
furpa,0.5454545454545454,15,10,GCGGGGGAATGGTGCCGGGT,5,1338083
furpa,0.2727272727272727,12,10,GATGGTGGGAGGGTATATCA,2,1273872
furpa,0.36363636363636365,13,10,GATCGAGCTTACTGATCCCA,3,1335233
furpa,22.636363636363637,258,10,GAGTCGCTACTCTGTGCATT,248,1282855
furpa,0.18181818181818182,11,10,GAGACTAAGCTTGGTTTTTC,1,1303861
furpa,0.18181818181818182,11,10,CTTCCTAATTTCTACCGGTA,1,1320998
furpa,0.18181818181818182,11,10,CTGGTACTGGGAGACAGGAA,1,1311280
furpa,21.272727272727273,243,10,CTGGCCAACCTTTTGGTCTT,233,1310023
furpa,46.81818181818182,524,10,CGTTATCAATAGTGCCTTAT,514,1349402
furpa,0.18181818181818182,11,10,CGAGTGCAAAGAAGCACTGA,1,1315199
furpa,0.18181818181818182,11,10,CCTCGCGGGATTCTAGACCC,1,1272185
furpa,0.18181818181818182,11,10,CCTATTTCTCATGGAACGAG,1,1281528
furpa,0.2727272727272727,12,10,CCCAGGTGTCACGTGTCGTT,2,1273073
furpa,0.18181818181818182,11,10,CCCAGGCGCAGAAGTATCGG,1,1343923
furpa,0.36363636363636365,13,10,CATTCTCATCGCATCCACTA,3,1347920
furpa,0.2727272727272727,12,10,CATTCAATGTTGCGCATCGT,2,1305932
furpa,25.727272727272727,292,10,CATGCTTGAGACGCGATCAT,282,1351676
furpa,0.2727272727272727,12,10,CATGCTCGGCAAGGCGCTCC,2,1339431
furpa,0.18181818181818182,11,10,CAGCAACCGGCCATGGAGGA,1,1352387
furpa,0.18181818181818182,11,10,CAAACCGAAATTTAGTGTAT,1,1352710
furpa,0.18181818181818182,11,10,ATACTTCCCGCCTCCGCAAC,1,1294643
furpa,0.2727272727272727,12,10,AGATAAGCGAATTTGAAGAC,2,1289402
furpa,0.18181818181818182,11,10,ACGCCTGGAACGACGCCCGG,1,1337874
furpa,0.2727272727272727,12,10,ACACACTCCCTGGCCGGGTA,2,1338067
furpa,0.3,11,9,TCGCTTAAATTTGTATGTTT,2,1306593
furpa,23.4,242,9,TACCAAGAGCGCACGCCCGT,233,1308018
furpa,0.2,10,9,GTTGGGCTAGAAGGGACCAT,1,1306398
furpa,0.2,10,9,GTTATGCTGAGGGTAGTTGC,1,1298637
furpa,0.2,10,9,GTGCAAGATACCTAATGAGT,1,1333403
furpa,0.3,11,9,GTAATCCAGGGAAACGCATT,2,1304665
furpa,22.2,230,9,GGTTCTGCTGGACATCACGG,221,1346118
furpa,0.2,10,9,GGTTCCCCAGGAAAACTTGA,1,1345299
furpa,0.2,10,9,GGGTTAAGGCGGACCACCAC,1,1292675
furpa,30.6,314,9,GGAATCTTGAGGAGGAGTGA,305,1341623
furpa,0.2,10,9,GCTGACCGGAGTTGGGCACT,1,1287935
furpa,0.2,10,9,GCCTGAATATTCAGGCAGTT,1,1323169
furpa,0.2,10,9,GCCGAAAGCGCTCCATAAGA,1,1308281
furpa,0.2,10,9,CGGTTCAGAGGGGTCACCCG,1,1278263
furpa,0.2,10,9,CGGAACTTCCTTATCGCCGG,1,1295616
furpa,0.5,13,9,CCGCCGAGAGGACTTCAGAA,4,1348752
furpa,0.2,10,9,CCCGTATCGTTGGGGATCGC,1,1349655
furpa,0.2,10,9,CCAGGATAAGAACTTCGTAA,1,1311002
furpa,0.3,11,9,CATATTAAGGTTAGTGCCGA,2,1291317
furpa,0.2,10,9,CACGGTTATGACAATCAGAT,1,1292800
furpa,0.3,11,9,CAAGATATAGGCGACCTCAA,2,1319635
furpa,0.4,12,9,ATGTTATGGAAGGGCGTACC,3,1272797
furpa,0.3,11,9,ACCGCGGCAACTCTCCAGCA,2,1275349
furpa,0.2,10,9,AAAGGAACTCCTTGCGCTGC,1,1334777
furpa,0.2,10,9,AAAACTCTCTCGGGGATGCC,1,1281085
furpa,0.2222222222222222,9,8,TTGAGTATCCAGAGGTAGAA,1,1327215
furpa,0.2222222222222222,9,8,TTCCTTTTTACCGTGCACTA,1,1272102
furpa,0.2222222222222222,9,8,TGGTCACATGTTCCACTACT,1,1347479
furpa,24.666666666666668,229,8,TGGATAGGCTTATGTCCTAT,221,1280314
furpa,26.22222222222222,243,8,TGCGAGACTCTTAGTTTGTT,235,1304910
furpa,0.3333333333333333,10,8,TGCATATTGACTATCGGGGG,2,1324672
furpa,0.2222222222222222,9,8,TGCAGCCGGTTCTTTAAGAA,1,1284473
furpa,1.7777777777777777,23,8,TGAATGAGGAGCCGACCGGT,15,1345296
furpa,0.2222222222222222,9,8,TCCTTTGGCCACGCAATGTA,1,1309028
furpa,0.4444444444444444,11,8,TCCGGGCCATGTCAGTTCGT,3,1306712
furpa,0.2222222222222222,9,8,TAACGACAAAAGGGTTTAGA,1,1333346
furpa,0.3333333333333333,10,8,TAAATTGGAGCGCGTTAGTT,2,1329301
furpa,0.3333333333333333,10,8,GTATACGGCAGGAGCGCGGC,2,1352386
furpa,0.2222222222222222,9,8,GTACAGCATCTCCTATCTTA,1,1319038
furpa,0.2222222222222222,9,8,GGTTCGATTGCTGATTCCTG,1,1274252
furpa,0.2222222222222222,9,8,GGTGTCCTTCTCGCGAACCA,1,1331971
furpa,0.2222222222222222,9,8,GGTCAAGATGCCTGCCTTAC,1,1305078
furpa,0.3333333333333333,10,8,GGTATCGAGATAGCCTGGCT,2,1304035
furpa,0.2222222222222222,9,8,GGGCGGGCACCGGACCTAAT,1,1301702
furpa,0.3333333333333333,10,8,GGATAGCGTTTAGTGAACTG,2,1318775
furpa,0.2222222222222222,9,8,GGAGAAAGTCTGCATCCGTT,1,1310056
furpa,29.11111111111111,269,8,GCTTCTACGGTCGAGGGGCT,261,1340910
furpa,0.2222222222222222,9,8,GCTCTTGGTAAAAGTTACAT,1,1327886
furpa,0.2222222222222222,9,8,GCGGTGTTTGGGAAGCTCAT,1,1330158
furpa,0.2222222222222222,9,8,GATGGCAGGACCCTACAATG,1,1351020
furpa,0.2222222222222222,9,8,CTTACGCCCACAACGTCCCT,1,1299226
furpa,0.2222222222222222,9,8,CTAACGTTGTCGTCGGTCCA,1,1328133
furpa,0.2222222222222222,9,8,CGTAGTCGCCGGCTAAGTGC,1,1324239
furpa,0.2222222222222222,9,8,CGCATCACCGTCCGCCTCTA,1,1346952
furpa,0.2222222222222222,9,8,CGACTCCTCGGGAATGAAAG,1,1314021
furpa,0.2222222222222222,9,8,CATCATAAATCCGGTGCGAA,1,1333611
furpa,0.2222222222222222,9,8,CAGTGGCATTGCTCAACAGA,1,1341578
furpa,0.2222222222222222,9,8,CAGGCCATCGGAGTGAACCT,1,1312545
furpa,0.2222222222222222,9,8,CAGGCACAGCAGTTAGTCCA,1,1280512
furpa,0.3333333333333333,10,8,CACGAGCGATCCAATACCAG,2,1349176
furpa,0.3333333333333333,10,8,CACCGTCACGTGGTCGCACT,2,1304586
furpa,0.2222222222222222,9,8,ATTGAAATCGGCCTTCGTCG,1,1304901
furpa,0.2222222222222222,9,8,ATGGTACGTCGTCGGCTAGT,1,1332904
furpa,0.3333333333333333,10,8,ATGAAGGGGCGTAACGTCCT,2,1349840
furpa,0.6666666666666666,13,8,AGGACACGGGGAGGCGTATC,5,1354334
furpa,0.2222222222222222,9,8,AAGCTTTACGTACTGCGGGT,1,1281503
furpa,0.2222222222222222,9,8,AACGTTTTCTCCATGTGTCA,1,1356733
furpa,0.2222222222222222,9,8,AAAAAGGACGGTATCTTAGG,1,1326188
furpa,33.625,275,7,TTCTCAACAAGGGGCTTGGC,268,1279045
furpa,0.375,9,7,TTCCTGGATTCTCTCCTCTG,2,1315309
furpa,0.25,8,7,TCATAACTCGAGTACCAATT,1,1288394
furpa,0.25,8,7,TACTCCTCGACGGTCGTTGC,1,1324597
furpa,0.25,8,7,TAAGCACGTGTTCCGCGACT,1,1313764
furpa,0.375,9,7,GTTCTGCACCTAGAGCTCCC,2,1284868
furpa,31.125,255,7,GTTAGCGCAACGACAGGCAA,248,1312947
furpa,0.5,10,7,GTGATGACTAGGGCCAAACC,3,1295153
furpa,0.25,8,7,GTCCTGGGAGAGTTTCAGAC,1,1330210
furpa,27.125,223,7,GTCCCCATGTACAGTACCCT,216,1325016
furpa,16.125,135,7,GGAATGCATGTAGACTCAGC,128,1327885
furpa,62.5,506,7,GCGACGTGGTGTTCTGGAGA,499,1299274
furpa,0.25,8,7,GCAGATCAGCAGTGCGATGT,1,1285097
furpa,0.25,8,7,GATACCGGGCTCATAAATCA,1,1283498
furpa,0.25,8,7,GAGTCGTTGTGAGATGTTTT,1,1341738
furpa,0.25,8,7,GAGATGGCCCTCGATAGGAG,1,1285619
furpa,0.25,8,7,GAGATAAATTACATACAGGT,1,1304114
furpa,0.5,10,7,CTGGACGAGAGAGTTAATGG,3,1321255
furpa,0.25,8,7,CGTGCGCTGATTTACATCGG,1,1315569
furpa,0.25,8,7,CGGTTGCACGGTATCATATA,1,1336472
furpa,0.625,11,7,CGGGCTCCTAAGTCTGCTTT,4,1313702
furpa,0.5,10,7,CCTATCTGTTCCTCAGCCTG,3,1275919
furpa,0.25,8,7,CCGTCAAGGACCACCATAGG,1,1311073
furpa,0.25,8,7,CCGCACATGGGATCATTGTA,1,1291299
furpa,28.25,232,7,ATTTTTCAACATTGCTTTGA,225,1278969
furpa,0.375,9,7,ATTATCAAACTGACGCGGGA,2,1285683
furpa,0.25,8,7,ATGTCAACAGAATTAAGTCA,1,1329945
furpa,0.25,8,7,ATCACAGTCGAGCAGGCGAA,1,1342110
furpa,0.25,8,7,AGTTTTAGAAAATATGCTTG,1,1287665
furpa,0.25,8,7,AGTTGAGGTCGCATATATTA,1,1321332
furpa,0.25,8,7,AGGTACGGGCCTATTGCCTG,1,1311083
furpa,0.25,8,7,AGCGGTGCATGCAAAAAGGT,1,1317161
furpa,0.5,10,7,AGAGGAAACCGCATTTGGGA,3,1311432
furpa,0.375,9,7,ACTTGATAGGTTCTCCCTCA,2,1351230
furpa,0.25,8,7,ACTCTGATCCCGAGGCCGGG,1,1331364
furpa,0.375,9,7,ACAGCCCTTTCGTCCGGCCC,2,1344389
furpa,0.5,10,7,AATCTTACCAACAATAGCCC,3,1301888
furpa,0.25,8,7,AAGGTCGGTTCGATCGGAGG,1,1287071
furpa,0.7142857142857143,10,6,TTTTTCCCTTCTGCTTACCT,4,1282512
furpa,0.2857142857142857,7,6,TTTGGAACTGAGGCAAGACA,1,1320696
furpa,0.2857142857142857,7,6,TTTCAAGGGATGGCTCTTGG,1,1324889
furpa,0.2857142857142857,7,6,TGTTGAACACCGCGGTCATG,1,1312172
furpa,0.42857142857142855,8,6,TGTCCGACCCCCCTGAGTGC,2,1344242
furpa,0.2857142857142857,7,6,TGGGAGCGTTTTGAGTGGTA,1,1329270
furpa,0.2857142857142857,7,6,TGCTTCGGGGGTATCGTGGA,1,1311574
furpa,0.2857142857142857,7,6,TGAACTAGAGCTCCGTGTGT,1,1322294
furpa,0.2857142857142857,7,6,TGAACAGAATCGCCACGAGG,1,1339552
furpa,0.42857142857142855,8,6,TCAGTCTCCAGTCCAGCAGG,2,1307075
furpa,0.2857142857142857,7,6,TATAGTGACCCCCCGGATTA,1,1298620
furpa,0.2857142857142857,7,6,TACATGGTGTGAGGACGAAT,1,1312710
furpa,0.42857142857142855,8,6,TACAGCGGTATCACATAGAG,2,1302676
furpa,0.2857142857142857,7,6,TAACACTCATTACCTTCACC,1,1344966
furpa,0.2857142857142857,7,6,GTAGGCCCAGTTTCGCGCAA,1,1339423
furpa,0.2857142857142857,7,6,GGCTCCCATAGTTGAGGGTG,1,1288599
furpa,0.2857142857142857,7,6,GCAAGGATGAACCTTAAAGG,1,1284519
furpa,0.2857142857142857,7,6,GATTCGTGCAGCTATCTGAT,1,1314404
furpa,0.2857142857142857,7,6,GATCTACGAAGTCTTTGCTT,1,1328035
furpa,0.42857142857142855,8,6,GAGTTCGGTAACCAATTCGG,2,1297999
furpa,0.2857142857142857,7,6,GACCGGTTTTTCTCAGCGAC,1,1323400
furpa,0.2857142857142857,7,6,GAAAATGTGGGTTATTCGCT,1,1273828
furpa,0.2857142857142857,7,6,CTGTCACTCTTGTCCCCTAA,1,1336097
furpa,0.2857142857142857,7,6,CTCCTCCGTCATCTTGGGTT,1,1283543
furpa,0.2857142857142857,7,6,CTCAGTTCACGCAAGGAGAC,1,1337499
furpa,0.2857142857142857,7,6,CTACCTAAGGAACAACGGAT,1,1312484
furpa,0.42857142857142855,8,6,CTACAGTATAATCGCGATAG,2,1320117
furpa,0.42857142857142855,8,6,CGGCGACCCGGAGCCAGAAA,2,1354460
furpa,10.571428571428571,79,6,CGCTGCATGGGATAGGTACC,73,1329089
furpa,0.5714285714285714,9,6,CGATAGAGTACCGAGACATG,3,1308641
furpa,0.7142857142857143,10,6,CGAAACATGATACATTAGAA,4,1308428
furpa,0.2857142857142857,7,6,CCTTGAGAACCCGCTCCGTT,1,1346186
furpa,0.2857142857142857,7,6,CCTCAAGCCGTGCTTTAATT,1,1335346
furpa,0.2857142857142857,7,6,CCGGCACGCATGTCAGTCCC,1,1320351
furpa,0.2857142857142857,7,6,CAGTAGTTGGGGTCGAGATC,1,1321283
furpa,0.5714285714285714,9,6,CAGACGAGACGGTTCTCACG,3,1291737
furpa,0.2857142857142857,7,6,CAACTGCCCGGCATAGGTTC,1,1288220
furpa,0.2857142857142857,7,6,ATTCGGATGGGCATCGTTGT,1,1276752
furpa,36.57142857142857,261,6,ATGTGTTGGAGCGTACATCT,255,1353146
furpa,0.2857142857142857,7,6,ATGAGAAGCCTTTCTCCGAG,1,1293183
furpa,0.42857142857142855,8,6,ATAACTCTTATATCCCTGCA,2,1300072
furpa,0.2857142857142857,7,6,AATGTTACGTGTCGTAGCTA,1,1278421
furpa,0.2857142857142857,7,6,AAGATTGTGTAATATTCAAA,1,1321562
furpa,0.5714285714285714,9,6,AACTCCGTGCAAGGCCAGGT,3,1339309
furpa,0.2857142857142857,7,6,AACTAAAAGCGTCCAAATGT,1,1349266
furpa,0.2857142857142857,7,6,AAACGAGCGCGGTAGTCCTT,1,1291148
furpa,0.3333333333333333,6,5,TTGAGCGCGTGAAGCCTGCC,1,1291937
furpa,0.3333333333333333,6,5,TTCCCGCTGTGTAGAACGAC,1,1304393
furpa,41.333333333333336,252,5,TTAGGGATTTGCAATGATTT,247,1276686
furpa,0.3333333333333333,6,5,TGTATCCGCGGTCAATGCCA,1,1297508
furpa,0.5,7,5,TGGTCGGTCTACGAAGGTCG,2,1273307
furpa,0.3333333333333333,6,5,TGCCGCCGAGCTAATGCGCT,1,1354078
furpa,0.5,7,5,TGATCGCTATGGAGGTGGAA,2,1291568
furpa,0.3333333333333333,6,5,TCTTACTTTGACTAATCTTC,1,1337075
furpa,1.1666666666666667,11,5,TCGCAACTGAAACCCACGGT,6,1307796
furpa,0.6666666666666666,8,5,TCCTAACGACGGTAGTCTTT,3,1309885
furpa,0.6666666666666666,8,5,TAGCCTAGGCGGGGGCGCCA,3,1351220
furpa,0.3333333333333333,6,5,TAACCCTGTACACGTAGGGT,1,1296115
furpa,0.3333333333333333,6,5,GTCTAGAAAACCGCCGGTGT,1,1287432
furpa,0.3333333333333333,6,5,GTCGAGCTCGGGAAAGGCTA,1,1302883
furpa,0.5,7,5,GTCAAGGTAATTGGACAGAG,2,1309598
furpa,0.5,7,5,GGTCGTTACCCGTTCACGCA,2,1291276
furpa,0.5,7,5,GGGCTCGTCTCCTCATAACC,2,1283608
furpa,37.333333333333336,228,5,GGGCCTGACGCTGGACAATC,223,1290090
furpa,0.3333333333333333,6,5,GGGCACTCAATCTTTGGACT,1,1282930
furpa,0.3333333333333333,6,5,GGAGAGCAATAAGGACGTCA,1,1352968
furpa,0.5,7,5,GCTTTCAATACTAACATGTC,2,1288455
furpa,0.6666666666666666,8,5,GCTTCCTTGTGGGGCCTGCT,3,1320124
furpa,0.5,7,5,GCTAGTGCGCGCTGCGGTAT,2,1309023
furpa,1.0,10,5,GCTACAAATGGGTCGTACAG,5,1298202
furpa,0.3333333333333333,6,5,GCGAGCTACGTTGAACAGAA,1,1289957
furpa,0.6666666666666666,8,5,GCCCTGAGCTTTCTCTCTTC,3,1301835
furpa,22.5,139,5,GCAGCGGAGGTTCGTTTTCC,134,1354688
furpa,0.3333333333333333,6,5,GCACGGACGTTCAAGAAATT,1,1296110
furpa,0.3333333333333333,6,5,GATTACTACAGCGACCTCGG,1,1298801
furpa,0.3333333333333333,6,5,GATAATCGCAGTTTGTGCCA,1,1344402
furpa,0.3333333333333333,6,5,GAGCACAGTTCTCTTCAAGT,1,1308784
furpa,0.3333333333333333,6,5,GAACCCGGTTCAAGCAAGGT,1,1346019
furpa,0.3333333333333333,6,5,CTTAGGGACCTGTGTGCGTT,1,1290871
furpa,50.166666666666664,305,5,CTGGTCAGTTTGCAGGCACT,300,1306754
furpa,0.3333333333333333,6,5,CTCGCACGCTGGGTTACTAC,1,1305683
furpa,0.5,7,5,CTATCGCGGTCAGATCTTCC,2,1312902
furpa,0.3333333333333333,6,5,CTAACCCCCGACTTGTGCCG,1,1342439
furpa,0.5,7,5,CTAAACAAAGTAGTTTTCCT,2,1350301
furpa,0.3333333333333333,6,5,CGTACCCCCCGGGTTGGGAA,1,1328295
furpa,0.3333333333333333,6,5,CGCTCTATACCACGGATGGC,1,1291836
furpa,0.3333333333333333,6,5,CGCGGGCTGCCCGCGTATGA,1,1284203
furpa,0.5,7,5,CGCCCGAAGAGTAACGCAGT,2,1302064
furpa,0.3333333333333333,6,5,CGCCATGGGTGCCTATCATT,1,1309612
furpa,0.5,7,5,CCTTCGGTGATAAGGTGATA,2,1321867
furpa,0.5,7,5,CCGGCAAGGGGTTTTGTATG,2,1277553
furpa,0.3333333333333333,6,5,CCCGTTTATGCTTTACACGA,1,1335996
furpa,0.3333333333333333,6,5,CCATTCCAATCCTCCAAGAT,1,1301767
furpa,0.3333333333333333,6,5,CATGTCATTCCATGCACGTT,1,1280994
furpa,0.3333333333333333,6,5,CATGCCAACGCACTGGCATA,1,1298845
furpa,0.3333333333333333,6,5,CACAAAGGTCATGCTTACTA,1,1301968
furpa,0.3333333333333333,6,5,ATTTTTTTTCGCGCGATTTC,1,1344793
furpa,0.3333333333333333,6,5,ATGTGGTATTCTTTACCCAG,1,1324357
furpa,0.3333333333333333,6,5,ATGGGTACCGCTCATCACTT,1,1322657
furpa,0.3333333333333333,6,5,ATGGACGGTTTATGTAGCAA,1,1290710
furpa,40.833333333333336,249,5,AGGTACTCTGTTCAGGGATG,244,1349796
furpa,0.3333333333333333,6,5,AGAGAATGTTCGGGGCGGTA,1,1301586
furpa,0.3333333333333333,6,5,AGACCTGGAATACGAGTTCA,1,1273440
furpa,0.5,7,5,AAGTGAGCGTATCAGGCGCG,2,1285639
furpa,0.6666666666666666,8,5,AAGATTACTCAGTCAAAGCC,3,1296060
furpa,0.3333333333333333,6,5,AAAGAGCGCAGGGGGTTCAA,1,1323403
furpa,0.4,5,4,TTTTGCCACCGTGTCCTTGG,1,1300985
furpa,0.6,6,4,TTTCAGCACGTACGTGTGCA,2,1337580
furpa,0.4,5,4,TTTACCGTCACAGGAGATGT,1,1282367
furpa,0.6,6,4,TTGTCTAAAGGTAACAAAAG,2,1296751
furpa,0.4,5,4,TTGCGTCACATAGGAACTCT,1,1298236
furpa,0.4,5,4,TTGCGGAATACACTTAGACC,1,1331025
furpa,0.6,6,4,TTGCGCTAGTGGTATGATTG,2,1342347
furpa,0.4,5,4,TGGCAAACCAATGGTGTGCA,1,1308848
furpa,0.4,5,4,TGCCACACGCAAGGTCAACT,1,1315402
furpa,38.8,197,4,TCTGGCGAATTAAAGCGTTG,193,1295138
furpa,0.4,5,4,TCTCTCTGAACACTGATCCC,1,1334793
furpa,0.6,6,4,TCTATTCCGTGATGACATCT,2,1293973
furpa,0.6,6,4,TCCTAGAAGGCGTTAGTTGA,2,1294132
furpa,0.4,5,4,TCCGAGTTTAGTGTCGCCCC,1,1333456
furpa,0.4,5,4,TCAACACAATGTTTTGCAGG,1,1294478
furpa,0.4,5,4,TATGACGGAAGTGCTCCACA,1,1286094
furpa,23.8,122,4,TAGCGGGTCTTATGTCACGT,118,1317159
furpa,0.4,5,4,TAACGACCGGAGCTATTCTG,1,1288588
furpa,0.6,6,4,GTTGCTATAGTTTTTAGGCC,2,1347134
furpa,0.6,6,4,GTTATTAAGAAACAGACCTG,2,1300997
furpa,0.4,5,4,GTGTTAAGGGTGAACAAGTT,1,1281560
furpa,0.4,5,4,GTGTGTTCACCTCGTTCTAG,1,1318031
furpa,37.2,189,4,GTGGCTAGCCGGTAGAAATA,185,1288223
furpa,0.4,5,4,GTGCCCCCCGGATGGATTAC,1,1277196
furpa,0.4,5,4,GGTACCCCCAGCGTATTTGT,1,1318017
furpa,1.2,9,4,GGGGTTGGAACTTTAGGAAA,5,1283170
furpa,0.4,5,4,GGGGGTAGGTACTTATTGGG,1,1336779
furpa,0.4,5,4,GGGATAGATCAAGGCCGATC,1,1315934
furpa,0.4,5,4,GGCAGGGTGTGCCTCCTTAC,1,1298615
furpa,0.6,6,4,GGACGGTCACGGCGTCTTGA,2,1303863
furpa,0.4,5,4,GCTAGTCCCCCTTACCTTTT,1,1317250
furpa,0.6,6,4,GCGCCCACCGTAGGCAGGCC,2,1302554
furpa,0.6,6,4,GATGTTGCGGTTGAAAAGGA,2,1271808
furpa,0.4,5,4,GAGACTGGCCTATACGAATC,1,1327324
furpa,0.6,6,4,GACGGTACCCTCGGTCAGTC,2,1273235
furpa,0.4,5,4,GACCGTCGTACGGTATTTAC,1,1305865
furpa,0.4,5,4,GAACACTGAGGAGCCAATCG,1,1297709
furpa,0.8,7,4,GAACAAGTTGATAAAGATAG,3,1291798
furpa,0.4,5,4,CTTTAAGTTTGGAGGCAGTA,1,1306749
furpa,54.8,277,4,CTTGCCAACAGCCTCATGCA,273,1354089
furpa,0.4,5,4,CTTGATTTGATATTAACGTT,1,1289398
furpa,0.4,5,4,CTTAGCGAGGGACTGTGCAT,1,1325378
furpa,0.4,5,4,CTGCGAGTTGGATTGTTAAC,1,1311711
furpa,0.4,5,4,CTGCCCGCTAAAGGTAAACT,1,1296137
furpa,0.6,6,4,CTCGAGAACTACGGCGCGAT,2,1334686
furpa,0.4,5,4,CTATGCCTACCACGGAAAAT,1,1341463
furpa,0.4,5,4,CTATCCCCCTGCCTAATAAT,1,1281950
furpa,0.4,5,4,CGCCTCACAATAAGACCGCG,1,1285460
furpa,0.4,5,4,CGAGATCCGCATGGTGTCAC,1,1275364
furpa,0.4,5,4,CCGCAGAGAGCGGTCTTTGT,1,1297012
furpa,0.4,5,4,CCGATTGGATCAGGTAAAAG,1,1273838
furpa,0.8,7,4,CATTGAGACGGTGCCCAATA,3,1316257
furpa,0.6,6,4,CAGTGTCCTAGACTAATCCC,2,1319185
furpa,0.4,5,4,CAGCCTCCCACACCGGGGAC,1,1274950
furpa,0.6,6,4,CACTGTGTACCCGGTAACCT,2,1316375
furpa,0.4,5,4,CAATTTTATCAGCAAGCCGT,1,1340980
furpa,0.4,5,4,CAAGTTTAACTTGTACCCAC,1,1331416
furpa,51.6,261,4,CAAGGAGGCTGTTTCAGAAT,257,1273980
furpa,37.4,190,4,ATGCTGAACACTGTACCTGC,186,1329573
furpa,0.4,5,4,AGTAGGTGCGTCCCCTGGAT,1,1280603
furpa,0.4,5,4,AGGTTATCGGGTCAAGATCT,1,1271281
furpa,0.4,5,4,AGAGCCTAACGAGATCTACT,1,1324295
furpa,0.4,5,4,ACTTCGTTGGTCCCTAAGCT,1,1271332
furpa,0.4,5,4,ACTGTACCCTATCTTTCAGT,1,1316406
furpa,0.4,5,4,ACGTTACTCTTTATCCTTCC,1,1326100
furpa,0.4,5,4,AATTTACGATTCCGGACTAA,1,1281170
furpa,56.6,286,4,AATTGGGGGAGTAACATATG,282,1300074
furpa,0.4,5,4,AATGATATGATCAGTCTTAT,1,1297522
furpa,0.4,5,4,AAGTGGCCGTTGGTAAGCCA,1,1283177
furpa,0.4,5,4,AAGCTAGCTAGTAGACTTAT,1,1295936
furpa,0.4,5,4,AAAGGCAGTTAATGTGAACA,1,1309848
furpa,0.5,4,3,TTTCTGTTTACGACCGAGAC,1,1280577
furpa,0.5,4,3,TTCTCACCCGGTTCGACACT,1,1340161
furpa,0.75,5,3,TCGAGACCAGACTTGGCGGA,2,1301784
furpa,0.5,4,3,TCCTTACACCGCCGCTTTCC,1,1322763
furpa,36.25,147,3,TCCAGAACTCGCGCCCAGAT,144,1307544
furpa,66.25,267,3,TCACGCCCCCCATGAAGTTC,264,1271326
furpa,0.5,4,3,TATCATAAGTTTACGCGGCC,1,1311377
furpa,0.5,4,3,TACTGGAACTGACGCACTTA,1,1291195
furpa,0.5,4,3,TACGCCAGGTACTACGCCCT,1,1274177
furpa,0.5,4,3,TACCGACCCGATACCGCACT,1,1346696
furpa,0.75,5,3,TAAAATTATTGCGTCGAATG,2,1321578
furpa,0.5,4,3,GTGGTCAAGCCGTCCAATAC,1,1319479
furpa,0.5,4,3,GTGGGGTTTTTTGGACACCT,1,1284811
furpa,0.5,4,3,GGTCACACGTTTCGATATAT,1,1349664
furpa,0.5,4,3,GGGGCACTGCAGTCCGTTGG,1,1350414
furpa,0.5,4,3,GGCAGGTGGTTATACAAGAC,1,1344043
furpa,0.75,5,3,GGAGGGGATTCCTATCATTG,2,1329292
furpa,138.75,557,3,GGACTGCGCGGGGTTTTTCC,554,1288426
furpa,0.5,4,3,GCTGGCCTCGAATCACTGGC,1,1302645
furpa,52.0,210,3,GCGAGCGGACTTGGGCGAGA,207,1288446
furpa,0.5,4,3,GCCAGCTGGAAGGGGACGAC,1,1286366
furpa,0.5,4,3,GCCACATTCAGGATTGTACA,1,1306627
furpa,0.5,4,3,GCATTGGAAGGCTGGTCACA,1,1329734
furpa,0.5,4,3,GCATACTATTGAGTAATATT,1,1296917
furpa,0.5,4,3,CTGTGGTCTTACACATGTCC,1,1314849
furpa,0.75,5,3,CTAGCTGTGATCCCTGAGTT,2,1306690
furpa,0.5,4,3,CGTAATTAGATTTGCTTTAT,1,1356108
furpa,0.5,4,3,CGGAATGTCTTAAACGGGAA,1,1338937
furpa,62.5,252,3,CGCTGGGGAGGCGGCCAATG,249,1310271
furpa,0.75,5,3,CGCTAAAAACAATGTTATAA,2,1335893
furpa,0.5,4,3,CGCGTGCCACACAGAACCAT,1,1274251
furpa,0.5,4,3,CGACTTCCAGGTAGTGGTAA,1,1285439
furpa,0.5,4,3,CGACTTATTGGACCCAGCGA,1,1283109
furpa,0.5,4,3,CCAGCAAACGGTTGCACAAC,1,1324688
furpa,0.5,4,3,CAGGCACCTTAGCACGTCTA,1,1275708
furpa,0.5,4,3,CACAAGCGTTTTTACCGTCT,1,1283222
furpa,0.5,4,3,CAACAGAGCTTTATGCTTGT,1,1318596
furpa,0.5,4,3,ATTTGGCAGGCAGCGGTTAC,1,1307879
furpa,0.5,4,3,ATTGTGCGGAAAAGAAGAGG,1,1351690
furpa,0.5,4,3,ATTCTACTCACCTAGAAAGC,1,1337166
furpa,0.75,5,3,AGGTACCTAACCACCCTCAA,2,1321265
furpa,0.5,4,3,AGGCCCCAGTTCTGAATTTT,1,1336296
furpa,107.25,431,3,AGCGGCGGGCGCTAGGTGAA,428,1323148
furpa,0.5,4,3,AGAGTTCGCACACCGTTCCT,1,1328243
furpa,0.5,4,3,ACATAGTCGAAAAGGGCGCC,1,1283603
furpa,77.0,310,3,AATGGGGGTTCGCAGAGTGA,307,1324290
furpa,0.5,4,3,AATCTGTCAGAATGAACGTA,1,1345736
furpa,0.5,4,3,AATCAACAGTCGGAGACGAT,1,1326425
furpa,74.5,300,3,AACCATAACCCTCCGAGAAT,297,1357044
furpa,0.6666666666666666,3,2,TTTATTGAAGTAAGACTTCA,1,1356770
furpa,0.6666666666666666,3,2,TTGACGGAGACTATCCATAG,1,1283230
furpa,0.6666666666666666,3,2,TTCAAATCCTCAGATTGACA,1,1323139
furpa,0.6666666666666666,3,2,TGGCAGGCCCGGTGATAAAC,1,1339924
furpa,0.6666666666666666,3,2,TGCTTAGTGACTACCACATG,1,1279867
furpa,0.6666666666666666,3,2,TGCTGTCGGGAAACCGTCTT,1,1302512
furpa,0.6666666666666666,3,2,TGAAGCGCCGGCCACCATAC,1,1302022
furpa,91.66666666666667,276,2,TCGCCTTACTGCTAGCTGTC,274,1311326
furpa,0.6666666666666666,3,2,TCCTTTAATGCGGATAGCAA,1,1298614
furpa,0.6666666666666666,3,2,TCCGTGATCAACCGCCTACA,1,1293029
furpa,0.6666666666666666,3,2,TCCGCTATACCGGCAGACGG,1,1314007
furpa,0.6666666666666666,3,2,TATTCCGGGATAAACAGTTG,1,1290358
furpa,0.6666666666666666,3,2,TATATCTTGGTAGATTAGAG,1,1318088
furpa,0.6666666666666666,3,2,TAATGTCCTTGGTATGCGAA,1,1324837
furpa,0.6666666666666666,3,2,TAATGAAGGGAAAGGGTGTA,1,1305302
furpa,39.666666666666664,120,2,TAAGAAATTCATCTTGGCAA,118,1272505
furpa,0.6666666666666666,3,2,TAAACAGAATGTCGTGACGC,1,1338227
furpa,0.6666666666666666,3,2,GTTGCACCCTGCGCCCAAGG,1,1271716
furpa,0.6666666666666666,3,2,GTTAGACAGCTGCCCCATAC,1,1299402
furpa,2.0,7,2,GTGCCGGCAAGTTATTATCT,5,1311112
furpa,1.0,4,2,GTATGTCAAATTTTATTTAA,2,1279462
furpa,0.6666666666666666,3,2,GTAATGGCTTCACCCCACTT,1,1328182
furpa,0.6666666666666666,3,2,GGTGTACGGCTTTACAGCAA,1,1326437
furpa,0.6666666666666666,3,2,GGGTCCTTAAGTTAGTCTAT,1,1320226
furpa,1.3333333333333333,5,2,GCTCTGTCTCTGACGAGTTA,3,1277449
furpa,1.0,4,2,GCTCTGGATAGTTCGAATGC,2,1299733
furpa,0.6666666666666666,3,2,GCTAAAGAGTCTGCGCATCT,1,1329304
furpa,0.6666666666666666,3,2,GCAGGCATATGTATCATTGG,1,1327212
furpa,0.6666666666666666,3,2,GATTGCCTCTGGATGGGAAC,1,1339793
furpa,1.6666666666666667,6,2,GAGGACCGGTGTTGAATGGA,4,1299522
furpa,1.0,4,2,CTAGTCTAAGTAACCAACCG,2,1339278
furpa,0.6666666666666666,3,2,CGTTGATATGGGTGTAAGAA,1,1328100
furpa,0.6666666666666666,3,2,CGTGTTAGATCCTGCTGGTT,1,1280383
furpa,2.0,7,2,CGTCAGCGCGAGGTCAAAAT,5,1296678
furpa,0.6666666666666666,3,2,CGGTATCTGCGATCGCATGT,1,1342250
furpa,0.6666666666666666,3,2,CGGCACATGGGAAGTCGGAT,1,1275692
furpa,1.0,4,2,CGCCGGCTGGGCTTGCCTTC,2,1345266
furpa,0.6666666666666666,3,2,CGAGAACAGATACTTGTTCT,1,1288595
furpa,0.6666666666666666,3,2,CCGGGCCATGTTTACTGCTG,1,1354651
furpa,0.6666666666666666,3,2,CCCCTCGTGCCAGCTTATTT,1,1354706
furpa,0.6666666666666666,3,2,CCAGTTTTTGTCTGCTGCCC,1,1271340
furpa,0.6666666666666666,3,2,CAGGATCTTAGGACTTTAGC,1,1327389
furpa,0.6666666666666666,3,2,CACTGTCGTAATTTGCAGAA,1,1282455
furpa,0.6666666666666666,3,2,ATGGTTTTGCTAGCGTAACT,1,1283597
furpa,0.6666666666666666,3,2,ATCCTAACCTGGCATACCCA,1,1310171
furpa,67.33333333333333,203,2,ATCCGTCACATACGATGGTG,201,1307609
furpa,1.6666666666666667,6,2,ATAGAAGGGAAGTGCTCTAG,4,1351608
furpa,0.6666666666666666,3,2,ATACCTGAATGCCAGGACTT,1,1275215
furpa,0.6666666666666666,3,2,AGTTTACCCAAGCTGATCGA,1,1285386
furpa,1.0,4,2,AGTCGGATAGGTGGGGGCAT,2,1324866
furpa,0.6666666666666666,3,2,AGCTACATAGGAGAAATAGA,1,1290093
furpa,1.0,4,2,AGATGAACACCGACTTTGAG,2,1309756
furpa,1.0,4,2,AGATCGTTACTTCCCATGCG,2,1282870
furpa,0.6666666666666666,3,2,ACTAGATGCGTTCGTTGAAT,1,1321168
furpa,0.6666666666666666,3,2,ACGTTCGTCGTACAAGCCCA,1,1278362
furpa,0.6666666666666666,3,2,ACCGCCCGTTCTATATCGCG,1,1291865
furpa,0.6666666666666666,3,2,ACATCCCGACTCGGACTTGA,1,1347079
furpa,88.33333333333333,266,2,AATTCAACTGAGCTCTCGTA,264,1287151
furpa,8.0,25,2,AATCTGTCATGACGCGCCTT,23,1273098
furpa,1.0,4,2,AAGTCGGCGAGTCCTGGGAT,2,1312895
furpa,0.6666666666666666,3,2,AAGTCGAAATTCTTTATCTT,1,1308765
furpa,1.0,4,2,AACACTGCTATGGCAGGCGG,2,1272194
furpa,79.33333333333333,239,2,AAACCAGTCACTTGGACAAC,237,1341280
furpa,1.5,3,1,TTGTCTTAGTGGAGAAATCC,2,1295246
furpa,1.5,3,1,TTATATTAAAAGCAGCATTT,2,1335779
furpa,1.0,2,1,TTATAGAACCACGCGGCTCA,1,1276557
furpa,1.0,2,1,TTAGTCGAGGTTTATGTACG,1,1352301
furpa,1.0,2,1,TTAATTAGGGGGGAGCTATC,1,1353703
furpa,1.5,3,1,TTAACATTGCATGATGATAA,2,1306612
furpa,1.5,3,1,TGTCAATTGAGATCTCCCTA,2,1287654
furpa,1.0,2,1,TGGCATTATCTCCTAGAAGT,1,1325492
furpa,1.0,2,1,TGGAACTCAGATTATCATCA,1,1311624
furpa,1.0,2,1,TGAGACCCCGCACCCCTGCC,1,1333385
furpa,1.0,2,1,TCCCGGAGCACCTCCGCTGA,1,1341020
furpa,1.0,2,1,TCCACAGGGGACGCCATATT,1,1353268
furpa,1.0,2,1,TCAAGATAGGCGTTTAACCC,1,1319102
furpa,1.0,2,1,TATGTGCTATACTTGTCTTT,1,1317086
furpa,1.5,3,1,TAGACTACGGAACACAAGTA,2,1351197
furpa,147.5,295,1,TACTAGATCCCTAAGTAGCT,294,1351627
furpa,1.0,2,1,TACAACATGCGATGTAGTAG,1,1274764
furpa,1.0,2,1,TAAATCACACCGTTGCTATG,1,1323359
furpa,1.0,2,1,GTTTACTAGCGTCAACCTGT,1,1278411
furpa,1.0,2,1,GTTGAAATGTTATCACTTGT,1,1281183
furpa,1.0,2,1,GTTAAAAGCCTTCAGAAATG,1,1280688
furpa,121.0,242,1,GTACCCATAGCAATCCTGTG,241,1335289
furpa,1.0,2,1,GTAATGAGAGGGTGTAGACT,1,1327921
furpa,1.0,2,1,GGTTGGCTCGCACTGGGAGT,1,1289612
furpa,239.5,479,1,GGTTCTTGGTTGGGCTATCG,478,1283133
furpa,1.0,2,1,GGTGGGTCCGGTATTCATTA,1,1331333
furpa,1.0,2,1,GGCTAGCGCACAGAATCCTG,1,1327375
furpa,1.0,2,1,GGCTACCTAGTGCACAGCCG,1,1318033
furpa,2.5,5,1,GGCAACCGCGGGGGACGGCG,4,1314042
furpa,2.0,4,1,GGAGTGTATGGGTTGAGCCC,3,1348040
furpa,1.0,2,1,GCCGATGACACGGGATTAAT,1,1298679
furpa,1.5,3,1,GCACGTATGAGGTCATTGAT,2,1331738
furpa,1.0,2,1,GAGCTCAGACGTGCAGAAAT,1,1281913
furpa,1.0,2,1,GAGCACTCAGCACGCGTAGG,1,1314386
furpa,1.0,2,1,GAGATATCAATTCGTGCTTA,1,1328178
furpa,1.0,2,1,GACGATGTGAGAATGTGGGT,1,1333798
furpa,3.0,6,1,GAATTGAGTTAACGGACGTT,5,1349179
furpa,1.0,2,1,CTTATAGCACAACCGATCAG,1,1324406
furpa,1.0,2,1,CTGCGTCTAATCACAAAAAG,1,1339259
furpa,1.0,2,1,CTGATGAGAGTCGAGGATTT,1,1351065
furpa,1.5,3,1,CTACGTTCTGTTAGAACTAA,2,1330120
furpa,1.0,2,1,CGTGGTTCCTCAGAAATCAT,1,1302666
furpa,2.0,4,1,CGTCGTTCAAAGATATGCTC,3,1311807
furpa,1.0,2,1,CGGTATATTTTGATGTGCAT,1,1334346
furpa,1.5,3,1,CGGGGGACGTCCCAATTCCT,2,1272824
furpa,1.0,2,1,CGAATAACATATGCCCGCTA,1,1347014
furpa,1.0,2,1,CCTCTAGCTCCGATGGGACT,1,1314437
furpa,2.5,5,1,CCGGAGGACTGATCGGCCGG,4,1327016
furpa,125.5,251,1,CCCCTACTTCATTGAGTGAC,250,1306750
furpa,1.5,3,1,CCATGGTACGACCTTCCTGA,2,1348988
furpa,2.5,5,1,CAGTGTTTGAGTCATAATTA,4,1320121
furpa,1.5,3,1,CAGTCCCGTACGGAGGATCG,2,1299232
furpa,1.0,2,1,ATGCAAGCAGTACAACAGCA,1,1287796
furpa,5.0,10,1,ATCCGCAGGTGGTCTGTAAC,9,1289240
furpa,1.0,2,1,AGTTTTGGTTCTTCGGTAAA,1,1298645
furpa,1.5,3,1,AGTTGCTAGGCCCTCTCTCC,2,1307310
furpa,2.0,4,1,AGTGGTTAGTTTTGTCCCCC,3,1345466
furpa,1.5,3,1,AGGGCATCGCCGACGCGTTA,2,1277200
furpa,115.0,230,1,AGGCATATCTTCACCGGGCG,229,1280320
furpa,1.0,2,1,AGGACTCAGGGTTAAGACGA,1,1285701
furpa,2.0,4,1,AGCGATTAGGCCGAGCAGTC,3,1330004
furpa,1.0,2,1,ACGCGCCCGACTGGTATAAT,1,1336085
furpa,1.5,3,1,ACGAGCAGTGATAGCTGGCC,2,1331808
furpa,1.0,2,1,ACATTTCATAGTTATCGAAA,1,1311652
furpa,1.0,2,1,AATGACTTCCGCTTTATTTT,1,1285236
furpa,1.0,2,1,AACTTGGATCATCAATAAGG,1,1316280
furpa,1.0,2,1,AACTACCGAATGTAGAGTCG,1,1324990
furpa,1.0,2,1,AACGCGCCACCAGTAGATAT,1,1340143
furpa,375.5,751,1,AACGAGAGTGCGGATATCCT,750,1306498
furpa,1.0,2,1,AAATGATAGTGCTATCCGAA,1,1344203
furpa,0.013513513513513514,73,73,CCAGTGGGTAGCGTTAATTG,0,1308652
furpa,0.01639344262295082,60,60,GTGCGCATTTCAGGCTCTTT,0,1272733
furpa,0.016666666666666666,59,59,CACGGTATGATACTTGCTTA,0,1282478
furpa,0.01818181818181818,54,54,ATAACGTTGCCGCCCCGTGT,0,1287019
furpa,0.018867924528301886,52,52,CTCAAGCGTAGGTACCATAG,0,1271922
furpa,0.018867924528301886,52,52,CCTGACGTGGGATGCCTTAA,0,1272265
furpa,0.019230769230769232,51,51,CAACAGAGACTGTGTATGAT,0,1313578
furpa,0.02127659574468085,46,46,ATTCCAACTTCAAGACTGCC,0,1294050
furpa,0.021739130434782608,45,45,CTAATCGTTGCAGTGAATGC,0,1307922
furpa,0.022222222222222223,44,44,CTCGGTCACCTGGCGTTTCT,0,1317788
furpa,0.022222222222222223,44,44,CTAGCATACGCAGAGAGGTA,0,1289770
furpa,0.022727272727272728,43,43,TTGCCAACTTATCGATCGTG,0,1282363
furpa,0.022727272727272728,43,43,TATGGCGGACGGGGTTATTA,0,1323803
furpa,0.022727272727272728,43,43,TAGGGGATCGACGTTCCAGT,0,1347358
furpa,0.022727272727272728,43,43,GGATAGGCAATACCGTGGAT,0,1322648
furpa,0.022727272727272728,43,43,AAGGAACGACCGCCGGAGGT,0,1301147
furpa,0.023255813953488372,42,42,CCCAGTCACACTTAGCGCCA,0,1341557
furpa,0.023809523809523808,41,41,TGGACGTGCAACGAACCCTT,0,1342985
furpa,0.023809523809523808,41,41,TACCCGAACGAATGGATAAT,0,1356893
furpa,0.023809523809523808,41,41,CTGCAGCGCCGGGATACGAG,0,1272066
furpa,0.023809523809523808,41,41,CCCTGGTCCCACCCGTGTGT,0,1298070
furpa,0.023809523809523808,41,41,AATAAGAACACTGGACATGT,0,1304293
furpa,0.024390243902439025,40,40,TCTGGCTAATGGCCCTTGCG,0,1336458
furpa,0.02631578947368421,37,37,CGGCCCTCACGGAATAGGAA,0,1294768
furpa,0.02631578947368421,37,37,CGATGTCTATTTGTTGGACT,0,1345014
furpa,0.02702702702702703,36,36,GCTATTTGAAAGCGTATTCT,0,1282146
furpa,0.02702702702702703,36,36,ACTCCTCAGCGATCCTGCAG,0,1334602
furpa,0.02702702702702703,36,36,ACATCGCGCCTTGGATAGGT,0,1293112
furpa,0.027777777777777776,35,35,TTAGTGCCAAGAAGGTCGTC,0,1352152
furpa,0.027777777777777776,35,35,GTACTCGCATAGGCCGTACA,0,1276225
furpa,0.027777777777777776,35,35,GGTTCATTCCCGGATTTTGA,0,1289595
furpa,0.027777777777777776,35,35,GCACGATGGTCCCTATAGGA,0,1279307
furpa,0.027777777777777776,35,35,GCAAAGGATTGTCAGCCCCT,0,1291887
furpa,0.027777777777777776,35,35,CTGCTCACGCCGGCAGGCAG,0,1316938
furpa,0.02857142857142857,34,34,TTTGACCTAGGGAGGGCTGA,0,1274734
furpa,0.02857142857142857,34,34,TGTTGAACGAGGTTCTAATG,0,1293037
furpa,0.02857142857142857,34,34,TCGCGTACATCCTAAACCCT,0,1284309
furpa,0.02857142857142857,34,34,TCCAAAGGTATAAACCTCAA,0,1298461
furpa,0.02857142857142857,34,34,GCGCCATCTGCCACTGATGT,0,1330463
furpa,0.02857142857142857,34,34,GCCTATCTAGCGCAGCGCGC,0,1282364
furpa,0.02857142857142857,34,34,CATGCGGGGAGTGTATCGAG,0,1320867
furpa,0.02857142857142857,34,34,CAACACAGTGCGTTGTAAGA,0,1281585
furpa,0.02857142857142857,34,34,ATGGTTAGGACATGGTATTC,0,1301484
furpa,0.02857142857142857,34,34,ACTTTTAATCTGGTCTTCCG,0,1276174
furpa,0.02857142857142857,34,34,ACGGGAGGGTTTCAGGAAGT,0,1318085
furpa,0.030303030303030304,32,32,TTCAGTTTGAGGTGGGGTGG,0,1346968
furpa,0.030303030303030304,32,32,GTTAACCCCATGCAAACTAA,0,1273532
furpa,0.030303030303030304,32,32,GGGTGCCTGCGGTCAAAGCA,0,1320056
furpa,0.030303030303030304,32,32,GAGTCCGTGTCCGGCATGGT,0,1343404
furpa,0.030303030303030304,32,32,GAAATGTGGTTGGCTGATGA,0,1329132
furpa,0.030303030303030304,32,32,ACCTCGCCACAACAAGAGGT,0,1345370
furpa,0.03125,31,31,TTAGCGAGATCACTGGGACA,0,1344009
furpa,0.03125,31,31,GTAACAAAGATCCCCAGGCT,0,1274128
furpa,0.03125,31,31,CGAAATGCTACAAGTCTGCT,0,1330391
furpa,0.03125,31,31,ATAGTTGACCTTAATGTTTA,0,1282679
furpa,0.03125,31,31,AGCCTTGATTCGATTTAATT,0,1355969
furpa,0.03225806451612903,30,30,TCTGCTCTGCAAATAGGTCC,0,1350774
furpa,0.03225806451612903,30,30,GCTGTACCTACGTGTGTAGC,0,1313878
furpa,0.03225806451612903,30,30,GAACAAAGGTTGTTCTTGCT,0,1274398
furpa,0.03225806451612903,30,30,CTGTATTACCTCAGGCCCTG,0,1344492
furpa,0.03225806451612903,30,30,CTAACGTATCGCGGGCAAAG,0,1286412
furpa,0.03225806451612903,30,30,ATCCGCAGCTAAGATTAGTG,0,1277479
furpa,0.03333333333333333,29,29,TTGGTGGTATTCCGGCAATT,0,1272891
furpa,0.03333333333333333,29,29,TCAGGCAGTAAGAGTGTGGT,0,1343878
furpa,0.03333333333333333,29,29,GTAGATACCATCAATTTGAT,0,1328018
furpa,0.03333333333333333,29,29,GGGTCCGGAGAGGGCCAGTA,0,1279848
furpa,0.03333333333333333,29,29,GGAAGCTGGAGCGTTGTCAC,0,1348305
furpa,0.03333333333333333,29,29,GAAACCGAGCGGGTTAGTCA,0,1285737
furpa,0.03333333333333333,29,29,CTGGGCACAAGGCTCATCGG,0,1305698
furpa,0.03333333333333333,29,29,CGACGGTTTAGCAGGGACAG,0,1317281
furpa,0.03333333333333333,29,29,CCTAGATACTATGCCCCCAT,0,1337522
furpa,0.03333333333333333,29,29,CCAGATCATAGAGCGAAGAT,0,1316894
furpa,0.034482758620689655,28,28,TTTACACTAGAAGAGCGTCA,0,1294048
furpa,0.034482758620689655,28,28,TGCCGTAAAGGACGCAAGTA,0,1275778
furpa,0.034482758620689655,28,28,TGATGTGGTAGGTGGCAGGT,0,1317221
furpa,0.034482758620689655,28,28,TAGGTACTCACTGGGTGTTA,0,1304028
furpa,0.034482758620689655,28,28,GGGCTGGAAGGACACTTTAA,0,1272318
furpa,0.034482758620689655,28,28,GGCTGAAGATTTCGTTCTGA,0,1296684
furpa,0.034482758620689655,28,28,GGCCCAACCAGGAACAAAAA,0,1284607
furpa,0.034482758620689655,28,28,CTGGAGGCCATGTCGGAGCA,0,1293431
furpa,0.034482758620689655,28,28,CGGCCTGCATCTAAGGCAGA,0,1300421
furpa,0.034482758620689655,28,28,CATTAGAAGCCGGATCCACA,0,1272225
furpa,0.034482758620689655,28,28,AGGGTAGAGAATGCAGCCAC,0,1273072
furpa,0.034482758620689655,28,28,ACGACTATATGATCTGCAGT,0,1273672
furpa,0.03571428571428571,27,27,TTCTAGTATGTTCTAATCTG,0,1355013
furpa,0.03571428571428571,27,27,TGTGGCTTCGTAGGGTAGTA,0,1308768
furpa,0.03571428571428571,27,27,TACTACGAGATTTTAGTTCT,0,1293030
furpa,0.03571428571428571,27,27,TAACGAATAGCTTCATACGG,0,1334039
furpa,0.03571428571428571,27,27,GGTCAACACTCGCGATACAT,0,1311990
furpa,0.03571428571428571,27,27,GACGCTAATTCGGCGTTACT,0,1321855
furpa,0.03571428571428571,27,27,CTGTGTGACCAGCAGCCTTA,0,1320232
furpa,0.03571428571428571,27,27,CTAGTCACACTGGCGCTTTG,0,1303281
furpa,0.03571428571428571,27,27,CGCAATAAGGTGCGCAGATT,0,1310787
furpa,0.03571428571428571,27,27,CCATAGCTCAGACCATCATT,0,1314752
furpa,0.03571428571428571,27,27,CATTCGCTAGGATTTATTTA,0,1343559
furpa,0.03571428571428571,27,27,CACTCGCATCACGGCGGCGA,0,1347871
furpa,0.03571428571428571,27,27,ATACGAGGCTTTAATCTGAC,0,1334245
furpa,0.03571428571428571,27,27,ACGAGCGGACACCGTCAAAG,0,1274957
furpa,0.03571428571428571,27,27,AATCCGGCAAGCGGCCTCCC,0,1308309
furpa,0.03571428571428571,27,27,AAGACGCAGGGAACTATGTA,0,1297082
furpa,0.03571428571428571,27,27,AACGGTGTGACAGACAATTT,0,1292046
furpa,0.037037037037037035,26,26,TTCGAGATTAAGGCTTCTGT,0,1309706
furpa,0.037037037037037035,26,26,TGTACCTTTCCCTAAAAGTT,0,1310604
furpa,0.037037037037037035,26,26,TGCGTCAGCCAAGACGCATT,0,1315646
furpa,0.037037037037037035,26,26,TACGAGCCTATAGACCGCGA,0,1320599
furpa,0.037037037037037035,26,26,GTAACGGAAGACTCGACCGA,0,1286754
furpa,0.037037037037037035,26,26,GGGGAGTGGTTATCAGTCGT,0,1332948
furpa,0.037037037037037035,26,26,GCGGCTAGGCGGCCTTGGCC,0,1301358
furpa,0.037037037037037035,26,26,GCCCGACCACTTTAGGTCCA,0,1274924
furpa,0.037037037037037035,26,26,GAGCCCTCAGTAAAGGTGAG,0,1297418
furpa,0.037037037037037035,26,26,GAATAGTAGAATAGTGACAG,0,1275915
furpa,0.037037037037037035,26,26,CTGCGAAGTTCAGTCCAAAG,0,1292380
furpa,0.037037037037037035,26,26,CGTTTAACGACGCCGAGCGA,0,1294817
furpa,0.037037037037037035,26,26,CGGACCTCGGTACATGGGAA,0,1279875
furpa,0.037037037037037035,26,26,CGCGTATGTAATAGCTAGCT,0,1287741
furpa,0.037037037037037035,26,26,CGCGGGCGCAGCCGTAGATA,0,1286467
furpa,0.037037037037037035,26,26,CCCTTTGAACCGTTAACTTG,0,1312889
furpa,0.037037037037037035,26,26,CCCGTAAGGTGAACAAGTTG,0,1284000
furpa,0.037037037037037035,26,26,CCCCGCAATGTTTCTAAGAG,0,1276609
furpa,0.037037037037037035,26,26,CCATTTGGAATTCATAAGCT,0,1273189
furpa,0.037037037037037035,26,26,CATCGGGGGGCCTGGGGCCA,0,1283377
furpa,0.037037037037037035,26,26,CAACAATGGTACGGAATTTA,0,1334056
furpa,0.037037037037037035,26,26,ATGCGGTAACATATGGGTTG,0,1356315
furpa,0.037037037037037035,26,26,AGTATGGTGAACTCAGGTCG,0,1271280
furpa,0.037037037037037035,26,26,ACATGAAGTGTACCGTTCAT,0,1297777
furpa,0.037037037037037035,26,26,AACCAATGCACAAGAGCGAT,0,1284707
furpa,0.038461538461538464,25,25,TTTCCGTGATAAATGTTAGT,0,1285232
furpa,0.038461538461538464,25,25,TGCTACTATCTGCGTAAGCT,0,1334488
furpa,0.038461538461538464,25,25,TGACATGGGCAGCCCTCACA,0,1353004
furpa,0.038461538461538464,25,25,TCCGATTTGCACACTCCGTT,0,1304508
furpa,0.038461538461538464,25,25,TCCACATGATCTTGCACGGG,0,1321264
furpa,0.038461538461538464,25,25,TATACATTTTGTCGCACCTC,0,1321449
furpa,0.038461538461538464,25,25,TAGGCGTATCGCGGGAAGCC,0,1352172
furpa,0.038461538461538464,25,25,TACCTCGCGGACCTGAGATA,0,1305630
furpa,0.038461538461538464,25,25,TAATATCGTAACGCCAGACT,0,1283374
furpa,0.038461538461538464,25,25,GGTCCAGTGCCTGGGTCTTC,0,1288727
furpa,0.038461538461538464,25,25,GGGATTTTTGTCAAGCTGAT,0,1299292
furpa,0.038461538461538464,25,25,GGCATTTCCGCTTGGGGTAA,0,1334120
furpa,0.038461538461538464,25,25,GGAGTCGCTCAACGGACTTT,0,1276876
furpa,0.038461538461538464,25,25,GCCACCCGGCAAGGACATCG,0,1278639
furpa,0.038461538461538464,25,25,GCAATCTCTCAGTCCTTCTT,0,1272654
furpa,0.038461538461538464,25,25,CGTGGTAGACAAAAGACATA,0,1278965
furpa,0.038461538461538464,25,25,CGTGCAATCGGCTAGCGGTT,0,1297761
furpa,0.038461538461538464,25,25,CGGGTTCGTGCTGAGTAGAA,0,1278561
furpa,0.038461538461538464,25,25,CGAGAGTCGATCATCCAGTA,0,1352450
furpa,0.038461538461538464,25,25,CCTCGAGTGTTTAGTATTCA,0,1346045
furpa,0.038461538461538464,25,25,CATGTAACAATGATTTTAGC,0,1296283
furpa,0.038461538461538464,25,25,ATTTCAAAGTAGTAGATGCT,0,1330524
furpa,0.038461538461538464,25,25,ATGGGCTTCCATTTGGGCCA,0,1326699
furpa,0.038461538461538464,25,25,AGGCGGCACGCGGACTGGTT,0,1318099
furpa,0.038461538461538464,25,25,AGCCTAATAATTTGAGTCAG,0,1318352
furpa,0.038461538461538464,25,25,AGCATGGTACTCCCGAGAAT,0,1282304
furpa,0.038461538461538464,25,25,AGAGGATTAAGCTGTTGTTA,0,1273907
furpa,0.038461538461538464,25,25,AGAAGGGCAGGGTTAATGCT,0,1352811
furpa,0.038461538461538464,25,25,ACGACTAGCAAACATGAGCG,0,1271814
furpa,0.038461538461538464,25,25,AATTTACCTGCCGCATCCCA,0,1349252
furpa,0.038461538461538464,25,25,AAAGTTGAGGCAATGAATGC,0,1313758
furpa,0.04,24,24,TTTTTCGGCTCGGCCTGAGA,0,1298521
furpa,0.04,24,24,TTGCCTGGCTCTCAATCGGT,0,1338833
furpa,0.04,24,24,TTCAGCTTCTAATTCACCGC,0,1313757
furpa,0.04,24,24,TTATACGTTTTATGCGAGAT,0,1288264
furpa,0.04,24,24,TCTTGCAAGGAAAGATTATG,0,1333761
furpa,0.04,24,24,TCCAAGCCGGATTACGGTAT,0,1287670
furpa,0.04,24,24,GTTGGGCTTACATGGAAGCA,0,1352117
furpa,0.04,24,24,GTGTTTCAAATGGTTGCTGA,0,1310698
furpa,0.04,24,24,GTAGTAGGTAGACGGTACGG,0,1299520
furpa,0.04,24,24,GGTCGTATAGAGTCTTAACA,0,1340478
furpa,0.04,24,24,GGCGCGATCCGTTAATCTCA,0,1320856
furpa,0.04,24,24,GCTTAGGACCACGCACCGTG,0,1334460
furpa,0.04,24,24,GATCGTCGAGCCTATGTATA,0,1304606
furpa,0.04,24,24,CTGACCACAGTTCAGACGAA,0,1297894
furpa,0.04,24,24,CTCAAAACTGTCACAAGCAT,0,1282929
furpa,0.04,24,24,CGCGCAATAGCTTATTTCTA,0,1274997
furpa,0.04,24,24,ATCAGCGGTTCAAGTCACAT,0,1294799
furpa,0.04,24,24,AGTGGGCCATGTAGACTTCA,0,1323673
furpa,0.04,24,24,AGACGTGTAACTGAGTTGTT,0,1336828
furpa,0.04,24,24,ACCGGGAGGTATTCAACGCA,0,1353967
furpa,0.04,24,24,AAGGGTCGGACCGGGATCTC,0,1315854
furpa,0.041666666666666664,23,23,TGGGGGTGACCCCGATGAGG,0,1315661
furpa,0.041666666666666664,23,23,TCAGGCCTAGCTATTGCCAG,0,1284008
furpa,0.041666666666666664,23,23,TAGTACGGTTTTGTTTGCAA,0,1289147
furpa,0.041666666666666664,23,23,TAACAAGGCAAGTATCCGGT,0,1345040
furpa,0.041666666666666664,23,23,GTTTAAGACCTAGATTGGGT,0,1289664
furpa,0.041666666666666664,23,23,GGGTTCGTCCAATCTCGATC,0,1289765
furpa,0.041666666666666664,23,23,GCCGTATGACTCCTATGCAT,0,1273515
furpa,0.041666666666666664,23,23,GATTCCTCGGGCGGTCGAAT,0,1281645
furpa,0.041666666666666664,23,23,GATACTGAGGTTCGATGTTC,0,1275240
furpa,0.041666666666666664,23,23,GAGCCACGTGGGGCCGATCT,0,1320120
furpa,0.041666666666666664,23,23,CTGGGATCACGAATGGTGCA,0,1297842
furpa,0.041666666666666664,23,23,CTCTGTCTATTGGCTTATGG,0,1352290
furpa,0.041666666666666664,23,23,CGCATGTTCATTAGCTCGGA,0,1341135
furpa,0.041666666666666664,23,23,CCTCTAGGAATCCGCCGTTT,0,1315883
furpa,0.041666666666666664,23,23,CCATCGTTTAACCGTACAAC,0,1340963
furpa,0.041666666666666664,23,23,CCACTTCTGTGAGCACTAGC,0,1294769
furpa,0.041666666666666664,23,23,CAGGCGGATCCGCGACAATA,0,1313448
furpa,0.041666666666666664,23,23,ATAATATTCGCCTTTGGGCG,0,1338756
furpa,0.041666666666666664,23,23,AGTCGCGCGCCCCGGACAAC,0,1286468
furpa,0.041666666666666664,23,23,AGGTAGATAACGCACAGCAG,0,1290456
furpa,0.041666666666666664,23,23,ACTGTTCGGCTCTCCATAGT,0,1330573
furpa,0.041666666666666664,23,23,ACTGCCAGGTGACTCGACAT,0,1353465
furpa,0.041666666666666664,23,23,ACTATCAATCTCTGAACCCA,0,1289411
furpa,0.041666666666666664,23,23,ACCTTGTGAGACTAAGTCTC,0,1300909
furpa,0.041666666666666664,23,23,AACGGTGTTAACCGTTGGGA,0,1277738
furpa,0.041666666666666664,23,23,AACGGTAATTTGGTGTATAG,0,1271647
furpa,0.041666666666666664,23,23,AAACCCTTATTCTGCGTGAA,0,1292859
furpa,0.043478260869565216,22,22,TTATAAACGTGCGAATAGCG,0,1290401
furpa,0.043478260869565216,22,22,TTAATACACTCTCAACAGAT,0,1323083
furpa,0.043478260869565216,22,22,TGTCGGTATCCAGACCGGAT,0,1271869
furpa,0.043478260869565216,22,22,TGCATGGAGTTGTGGTCGCA,0,1303615
furpa,0.043478260869565216,22,22,TGAAGGGGTCCAACATAGAT,0,1308596
furpa,0.043478260869565216,22,22,TGAAGGGCATGACACGCTCT,0,1348892
furpa,0.043478260869565216,22,22,TGAAACTCTCATGTCTGCGA,0,1335101
furpa,0.043478260869565216,22,22,TCGTGCGCGGGAACCCGTTT,0,1320632
furpa,0.043478260869565216,22,22,TCGGCTTGAAATTGCAGGAC,0,1313135
furpa,0.043478260869565216,22,22,TCCAGGTCGGACCAACATGG,0,1280967
furpa,0.043478260869565216,22,22,TAGGCGCGATGTGCAATCCT,0,1286996
furpa,0.043478260869565216,22,22,GTTGAGACTATGCAGGACTT,0,1281539
furpa,0.043478260869565216,22,22,GTTAATAGGGATTTCTAGAC,0,1322426
furpa,0.043478260869565216,22,22,GGTTTCGCGTTGTTCGATCG,0,1338175
furpa,0.043478260869565216,22,22,GGGTTGACAACTTCATCACA,0,1315581
furpa,0.043478260869565216,22,22,GGCAAATGCAACCAGGCCCA,0,1323216
furpa,0.043478260869565216,22,22,GGATGCGTTCTGGATATCAT,0,1271714
furpa,0.043478260869565216,22,22,GCTGGCGTCTATAAGAGCAA,0,1317085
furpa,0.043478260869565216,22,22,GCGTTACCGGATAGCCAACA,0,1277543
furpa,0.043478260869565216,22,22,GCCCGATCCTTGTGGGGGCT,0,1306405
furpa,0.043478260869565216,22,22,GATTATCGAGCCTAAAGTTA,0,1308204
furpa,0.043478260869565216,22,22,GAGTCAGGGCTCCGCCTATT,0,1335063
furpa,0.043478260869565216,22,22,GAAACCGCAGATTGCTCGTG,0,1287794
furpa,0.043478260869565216,22,22,CTTGAGCTAGTTGCTTTGCG,0,1304350
furpa,0.043478260869565216,22,22,CTTAAGCTGAAGCCGAAGTA,0,1291029
furpa,0.043478260869565216,22,22,CTATCCTTCCGACCGAGCCC,0,1325484
furpa,0.043478260869565216,22,22,CTAGGGTGAAATTCCCTGCA,0,1312427
furpa,0.043478260869565216,22,22,CTACCAACACTCGTACACTC,0,1331969
furpa,0.043478260869565216,22,22,CGTACAATTACAGCCTCTAC,0,1341733
furpa,0.043478260869565216,22,22,CGGGGGCTTCCCAAGGGCGA,0,1345801
furpa,0.043478260869565216,22,22,CGGCGGAAACATGCTTAAGA,0,1319332
furpa,0.043478260869565216,22,22,CGAGCGAATTCGGGAGTGCT,0,1304337
furpa,0.043478260869565216,22,22,CGAGAGCAAGCTTCCCTTTT,0,1311501
furpa,0.043478260869565216,22,22,CCTATCGAAGGACACGCGAT,0,1294460
furpa,0.043478260869565216,22,22,CCGGGGGGGCCTTTTCAGCA,0,1274315
furpa,0.043478260869565216,22,22,CATTTACGCATCGGGATAGG,0,1278485
furpa,0.043478260869565216,22,22,CACAACAGGTTCATGCCCAT,0,1299961
furpa,0.043478260869565216,22,22,CAATCCTGATTTGACGACAA,0,1297539
furpa,0.043478260869565216,22,22,CAAGAACAGAGGCGGCACTA,0,1282024
furpa,0.043478260869565216,22,22,ATGGTTTCTTACTTCCCGCT,0,1346597
furpa,0.043478260869565216,22,22,ATCCATTGCATCACCTTTGA,0,1318457
furpa,0.043478260869565216,22,22,ATACCGCATTTTGCTAGTTT,0,1348150
furpa,0.043478260869565216,22,22,AGGGCTGCTGCGTAGACGCA,0,1311368
furpa,0.043478260869565216,22,22,AGGGCCGCTTCGCTGCCCCA,0,1290875
furpa,0.043478260869565216,22,22,AGGGCCGCTACGCGGCCTTC,0,1274925
furpa,0.043478260869565216,22,22,AGCGAGCTTTGTTAACAGGT,0,1277600
furpa,0.043478260869565216,22,22,AGAGTCGTAGGCACAGCGAG,0,1311925
furpa,0.043478260869565216,22,22,ACTGCACTGTTCGAGGATAC,0,1349164
furpa,0.043478260869565216,22,22,ACTCATGCCGAGATGCACGG,0,1285902
furpa,0.043478260869565216,22,22,ACGATTACGATCAACCTGGG,0,1333735
furpa,0.043478260869565216,22,22,ACATAAGACCCTCCGACAAA,0,1314677
furpa,0.043478260869565216,22,22,AATTCATGCAGCGCGAGGGC,0,1347418
furpa,0.043478260869565216,22,22,AAGCAAGCCGCTCGACCCAG,0,1336771
furpa,0.045454545454545456,21,21,TTTCGGTAATCATAGTCGGA,0,1344114
furpa,0.045454545454545456,21,21,TGTATTAGTCTTCCTCGTTA,0,1333971
furpa,0.045454545454545456,21,21,TGCGCCCCGCTTGACAGAAA,0,1292442
furpa,0.045454545454545456,21,21,TCTTTAAGTGGCTATAGTCG,0,1311498
furpa,0.045454545454545456,21,21,TCGACGGTGAGTATTACTGT,0,1293433
furpa,0.045454545454545456,21,21,TCCGGCTAGAGACTTCCGGT,0,1344621
furpa,0.045454545454545456,21,21,TAGTTTGTCCAGTGCCAAGG,0,1281640
furpa,0.045454545454545456,21,21,TAGTCCGGCTACAACCATCA,0,1340370
furpa,0.045454545454545456,21,21,TAAACACGCGGTATGAAAGC,0,1337490
furpa,0.045454545454545456,21,21,GTTTCGCCAGGCATAACCGG,0,1313802
furpa,0.045454545454545456,21,21,GTGACTGGAAGTAGTAGCAG,0,1278966
furpa,0.045454545454545456,21,21,GTCAAGAGGTACAAACACGA,0,1323401
furpa,0.045454545454545456,21,21,GTATTGTCCCTACGCAGTAT,0,1280021
furpa,0.045454545454545456,21,21,GTATCACCACCGTCTAATAC,0,1311008
furpa,0.045454545454545456,21,21,GTAGGCAGTATTGCGGGCGA,0,1285056
furpa,0.045454545454545456,21,21,GGGGCATCCTTAATGAAGTC,0,1273711
furpa,0.045454545454545456,21,21,GGCTCGGGGGTCCACTTACA,0,1309268
furpa,0.045454545454545456,21,21,GGAAATCCAGAGACTCCGAA,0,1302598
furpa,0.045454545454545456,21,21,GCATCATTATACGCGAATAA,0,1273977
furpa,0.045454545454545456,21,21,GCATATTCTAAGCCCATCCC,0,1290965
furpa,0.045454545454545456,21,21,GCAGATACGGGGGTCTACAA,0,1285462
furpa,0.045454545454545456,21,21,GAGGTGTTGGTCTCCTACGG,0,1339684
furpa,0.045454545454545456,21,21,GACATAACGATGGATGTATA,0,1277039
furpa,0.045454545454545456,21,21,CTTTACTCGTTGCACGCAAC,0,1285557
furpa,0.045454545454545456,21,21,CTTGGGTTTCTGGACCGGTC,0,1348170
furpa,0.045454545454545456,21,21,CTTAACTTGCGAAAGAAAGC,0,1321512
furpa,0.045454545454545456,21,21,CTGGACCCTCCATTGTCCGT,0,1325353
furpa,0.045454545454545456,21,21,CGTAGATGCTCCAGTAATTA,0,1350582
furpa,0.045454545454545456,21,21,CGGTAGCGCGTATTACCATT,0,1336558
furpa,0.045454545454545456,21,21,CGGCTCCACTTAGGTAATGC,0,1320443
furpa,0.045454545454545456,21,21,CGGAGTACGACCGCTGATCT,0,1317223
furpa,0.045454545454545456,21,21,CCTTGCAGGACAGTCTGGGG,0,1343834
furpa,0.045454545454545456,21,21,CCTGTGTTAGTAGTACATCT,0,1282236
furpa,0.045454545454545456,21,21,CCGGGTTGGCAGTTGCGACT,0,1293856
furpa,0.045454545454545456,21,21,CCACCTGTTGCCACACCCAC,0,1302199
furpa,0.045454545454545456,21,21,CAGTCGCGTGTCTAATGCGT,0,1286875
furpa,0.045454545454545456,21,21,CAGCATCAGTGTATATGTAG,0,1313097
furpa,0.045454545454545456,21,21,ATTGGGATGCCGCCACTGTA,0,1327145
furpa,0.045454545454545456,21,21,AGCTGTATTCTTAGACCTGT,0,1357014
furpa,0.045454545454545456,21,21,AGCCAGGCCCATGAGCGGGT,0,1272650
furpa,0.045454545454545456,21,21,AGCAGCCCATTTGTATGTCT,0,1316762
furpa,0.045454545454545456,21,21,AGATGCCACCTTAAGCAAAG,0,1337381
furpa,0.045454545454545456,21,21,ACTTATAGTTCCCTAACTCT,0,1320037
furpa,0.045454545454545456,21,21,AATTCGACCTGTTAGGGGGG,0,1330005
furpa,0.045454545454545456,21,21,AAGTTTGCAGGAGGTCACGA,0,1284877
furpa,0.045454545454545456,21,21,AAGGATACTCCGGATTGCAA,0,1324687
furpa,0.047619047619047616,20,20,TTTCCAGTTCTCAACCCCTA,0,1273508
furpa,0.047619047619047616,20,20,TTCTAAGTGTTGGGATACGT,0,1276572
furpa,0.047619047619047616,20,20,TTCGCGTGTATTACGACTTG,0,1315034
furpa,0.047619047619047616,20,20,TTATAGCTTCCATACGCTTA,0,1324775
furpa,0.047619047619047616,20,20,TTAACGGCATTACGGGGTCT,0,1305950
furpa,0.047619047619047616,20,20,TTAACCCAGCGTCCAGCCTC,0,1345387
furpa,0.047619047619047616,20,20,TGTGTCTCTACCCGGCTCGG,0,1291597
furpa,0.047619047619047616,20,20,TGTGACTGCGGAGTCATATG,0,1339102
furpa,0.047619047619047616,20,20,TGGACAGTTGACCGTCCTCG,0,1349800
furpa,0.047619047619047616,20,20,TGACCCATCAAAGAAATGTT,0,1284757
furpa,0.047619047619047616,20,20,TCTCCCCTATAGGCCCACAT,0,1271216
furpa,0.047619047619047616,20,20,TCGCCACGAGTTACTTAACA,0,1325053
furpa,0.047619047619047616,20,20,TCCCGTTCTCTACGCGCTCA,0,1334532
furpa,0.047619047619047616,20,20,TCCACCCTGATGGAATGACA,0,1278975
furpa,0.047619047619047616,20,20,TATTACCCGTATAAGAAAGA,0,1329255
furpa,0.047619047619047616,20,20,TACTCAACAATACACGCCCT,0,1303700
furpa,0.047619047619047616,20,20,TAATTGTTTCAATTTTACTT,0,1291934
furpa,0.047619047619047616,20,20,GTCCATGCGGGGGAACCGGC,0,1307478
furpa,0.047619047619047616,20,20,GTCACGTGGGAATCTTTTTC,0,1292296
furpa,0.047619047619047616,20,20,GGGCCGTTTGCAACTCCCAA,0,1343147
furpa,0.047619047619047616,20,20,GGCTCGAGGATGTTCATCCT,0,1291187
furpa,0.047619047619047616,20,20,GGCGGGTCTGTTTGCGGACT,0,1335037
furpa,0.047619047619047616,20,20,GGAGACGCACCAAAAGGTGA,0,1331975
furpa,0.047619047619047616,20,20,GGAATCATACGCGGCGGTAA,0,1318567
furpa,0.047619047619047616,20,20,GCGCGGAAATATCTCAGCGC,0,1349387
furpa,0.047619047619047616,20,20,GCACTGCGTATAGTGCAAAC,0,1282598
furpa,0.047619047619047616,20,20,GACATGTAACTGCCTACCAG,0,1299197
furpa,0.047619047619047616,20,20,CTTTATGGGACAACTGCGTC,0,1313573
furpa,0.047619047619047616,20,20,CTGATCATCTGTGCGTCGAT,0,1355494
furpa,0.047619047619047616,20,20,CTCACGTCTCTGACCGCTTA,0,1305548
furpa,0.047619047619047616,20,20,CTATTGTACTAATGTGGATG,0,1314213
furpa,0.047619047619047616,20,20,CTACCATATCCGTCTTCAGT,0,1322169
furpa,0.047619047619047616,20,20,CGTAAGGGAATTTGAGTGGA,0,1311195
furpa,0.047619047619047616,20,20,CGGGACGCATCATTCGGTAA,0,1315807
furpa,0.047619047619047616,20,20,CGGAGGGATTCCTCGTGTTT,0,1344620
furpa,0.047619047619047616,20,20,CGAACAGGTTACGAGAGAGA,0,1292605
furpa,0.047619047619047616,20,20,CCTACCAAGGGTAAGCTGCA,0,1343874
furpa,0.047619047619047616,20,20,CCGGACTGTATCAGGCGTGT,0,1274244
furpa,0.047619047619047616,20,20,CCCTCCGACGGTACGATTGT,0,1288590
furpa,0.047619047619047616,20,20,CCCGGAATGTGCGACGTTGA,0,1328721
furpa,0.047619047619047616,20,20,CAGCCGTACCCTATCAGCTT,0,1287150
furpa,0.047619047619047616,20,20,CACCAGGTGTTTACAGGAAG,0,1281949
furpa,0.047619047619047616,20,20,CACACCCCACTTGGTTGGGT,0,1339408
furpa,0.047619047619047616,20,20,CAAGCGGACCCATCGAATCT,0,1287984
furpa,0.047619047619047616,20,20,CAAACAGAAATATTCGGATT,0,1288327
furpa,0.047619047619047616,20,20,ATTCGGGACTGTCAGACCAT,0,1341362
furpa,0.047619047619047616,20,20,ATTAACCACCAAAGCCAGGC,0,1281014
furpa,0.047619047619047616,20,20,ATCGTGCTTGCAACCGATTG,0,1274084
furpa,0.047619047619047616,20,20,ATAGTCGGGTGATGTTGCTA,0,1332636
furpa,0.047619047619047616,20,20,ATACTGGGTCCACCCATCAA,0,1308687
furpa,0.047619047619047616,20,20,AGTCTCTGCATATTCTAATG,0,1321206
furpa,0.047619047619047616,20,20,AGTCCTGCGCAGTCAAAGGA,0,1326524
furpa,0.047619047619047616,20,20,AGGCGCACGCAAGGCAGCCA,0,1351846
furpa,0.047619047619047616,20,20,ACGGTGATCTTCTGCGGAGA,0,1298813
furpa,0.047619047619047616,20,20,ACAATAAGCATTTTTCCTAT,0,1310217
furpa,0.047619047619047616,20,20,AAGGGAAGCGTCGGGACCAC,0,1275350
furpa,0.047619047619047616,20,20,AACAGTCGAGGGGTCATTAA,0,1313314
furpa,0.047619047619047616,20,20,AAAGACATTACATGCCATTG,0,1315850
furpa,0.047619047619047616,20,20,AAACGAGGTTGCTAACACAT,0,1314246
furpa,0.047619047619047616,20,20,AAACATATAGCAGACAGAAC,0,1294389
furpa,0.047619047619047616,20,20,AAAACACGAATCTGATGAAG,0,1333519
furpa,0.05,19,19,TTTATAGGTCAGGTCGTACC,0,1298008
furpa,0.05,19,19,TTGTACAAGGCGGCGTGGTT,0,1283112
furpa,0.05,19,19,TTGGCGACACGCATTCATTC,0,1275188
furpa,0.05,19,19,TTCAGCGTGTTTGTTGTGCG,0,1317280
furpa,0.05,19,19,TTAATCGGATAGCAACCAGC,0,1323470
furpa,0.05,19,19,TGGTCTCGGCTAAAAGGAAA,0,1294087
furpa,0.05,19,19,TGACCAAGGGCGCCTGTAGA,0,1328017
furpa,0.05,19,19,TCTCATGAGACGCGAGGAAT,0,1299851
furpa,0.05,19,19,TCGTAGTCAGCTTGGGATCT,0,1310912
furpa,0.05,19,19,TCAGTTCAGCTAATTGAGAG,0,1285424
furpa,0.05,19,19,TCAAGTCCGCTCGTTGGAAT,0,1295480
furpa,0.05,19,19,TAATGACCAAGCTGTAAAAT,0,1305561
furpa,0.05,19,19,TAAACCTCGGATCTCTAAGT,0,1313608
furpa,0.05,19,19,GTTCTACGCGTTGGTAAATA,0,1300620
furpa,0.05,19,19,GTGAGAAACCCCTGAACTTG,0,1277399
furpa,0.05,19,19,GTCCGTCGAAGTAGATAGCT,0,1323382
furpa,0.05,19,19,GGTGATTGTCCTCTTAAGGT,0,1292153
furpa,0.05,19,19,GGGTAAGACGGCCCGTAAGA,0,1311499
furpa,0.05,19,19,GGAAGTGTCGGTGGGCAAGT,0,1335783
furpa,0.05,19,19,GCTTATTAAAGGCCTTATAG,0,1283196
furpa,0.05,19,19,GCCTTGCCAATAAGGGGAAA,0,1309106
furpa,0.05,19,19,GATCCATGGTGGCGCACGGT,0,1281738
furpa,0.05,19,19,GATACCCTTTGTTGGTTCAC,0,1277996
furpa,0.05,19,19,GAACACCCCTGTAGGCCCTA,0,1294789
furpa,0.05,19,19,CTTACACTTTTTTCCAAGTG,0,1276996
furpa,0.05,19,19,CTGTGCACAGTACCATTCCG,0,1319776
furpa,0.05,19,19,CTGTACGTCGTGCGCGGTAT,0,1285458
furpa,0.05,19,19,CTGCACTCCACGATTGGGTT,0,1301832
furpa,0.05,19,19,CTCAGCACGTCTCGCCTCAC,0,1307170
furpa,0.05,19,19,CTATTGCATCAAGAACGCCT,0,1350151
furpa,0.05,19,19,CTAGAAGTCAGGATTGTTCT,0,1294933
furpa,0.05,19,19,CTACCTGAAATGAATTGCAG,0,1278964
furpa,0.05,19,19,CGTACTTTCGGATTCCGAAC,0,1284708
furpa,0.05,19,19,CGTACGCCTCGACAGCTACC,0,1326749
furpa,0.05,19,19,CGTACAAACCATCAAAGTAG,0,1291560
furpa,0.05,19,19,CGGTTGCTGTACCGCTTCTT,0,1337232
furpa,0.05,19,19,CGGTGTCTCCGGAGGCATTA,0,1301712
furpa,0.05,19,19,CGGGCGGTCTTAACGTCCAG,0,1306504
furpa,0.05,19,19,CGGAGCTAACTCTTTCAGAC,0,1288102
furpa,0.05,19,19,CCGCCTTATATGACTAACCA,0,1271715
furpa,0.05,19,19,CCGCATCATTACCGAAGTGT,0,1317637
furpa,0.05,19,19,CCGATTTAGAGACTTGGTCT,0,1348600
furpa,0.05,19,19,CCCGACCCACCGACGCAAAG,0,1333153
furpa,0.05,19,19,ATGCGAGTGGACGTTGATGG,0,1299237
furpa,0.05,19,19,ATCCACTCGATGGCATCTGT,0,1348772
furpa,0.05,19,19,AGTATAAAACCCTACTAAGA,0,1315247
furpa,0.05,19,19,AGGTTGATAGGTGCGCTACA,0,1286671
furpa,0.05,19,19,ACTGGTGGCCTCGAGCTACA,0,1354190
furpa,0.05,19,19,ACTAAATGGAATGCATCGAT,0,1313635
furpa,0.05,19,19,ACGGGATGAAACTCATGGGG,0,1331838
furpa,0.05,19,19,ACCGAAAATCCAACGTCGGT,0,1276973
furpa,0.05,19,19,ACATGAGGTAACGGGGTCGG,0,1293578
furpa,0.05,19,19,AATTGCAAACAATAACTCTG,0,1336081
furpa,0.05,19,19,AATCGCAGCTGATCATGACT,0,1293222
furpa,0.05,19,19,AAGATGATGGATGTTAGCAT,0,1287080
furpa,0.05,19,19,AACCCCTCATCCCAAACTGG,0,1333922
furpa,0.05263157894736842,18,18,TTTGATCCCTAGCCTGGTTT,0,1272969
furpa,0.05263157894736842,18,18,TTTACAGTCTTGATGGTACC,0,1335319
furpa,0.05263157894736842,18,18,TTGGTATAGCAAACATCACA,0,1328562
furpa,0.05263157894736842,18,18,TTGCTGTGGCGTTACACACT,0,1295938
furpa,0.05263157894736842,18,18,TTGCTGGCACAGGCCTGTAG,0,1298328
furpa,0.05263157894736842,18,18,TTCATGGGCAAAGCGACACA,0,1305401
furpa,0.05263157894736842,18,18,TTCATAATATAATCCGCAGC,0,1288330
furpa,0.05263157894736842,18,18,TGGTAAGTCGGCTCAATACT,0,1318918
furpa,0.05263157894736842,18,18,TGGGTAATGTAATCGCATCA,0,1333115
furpa,0.05263157894736842,18,18,TGCGCGAGTTCTGCCGAATT,0,1305861
furpa,0.05263157894736842,18,18,TGAATCCTGAATCCAGATAG,0,1281263
furpa,0.05263157894736842,18,18,TCTCTCTCTTCACATTATAT,0,1315773
furpa,0.05263157894736842,18,18,TCCGTGGTAATTGCCTTGCG,0,1271860
furpa,0.05263157894736842,18,18,TCCCCGGCAAACGTCAGACA,0,1332676
furpa,0.05263157894736842,18,18,TCAGGTTAGTAGTCCAGTAC,0,1309417
furpa,0.05263157894736842,18,18,TCAGGTATTGGGTGAGGAGT,0,1303360
furpa,0.05263157894736842,18,18,TCAGATGGGTTGTCTATGCC,0,1327882
furpa,0.05263157894736842,18,18,TCAGATCGGTTACTCGAAGT,0,1345468
furpa,0.05263157894736842,18,18,TATTTCATACGTTGGAGTCT,0,1321561
furpa,0.05263157894736842,18,18,TATGGACCTCAGCAAGGATC,0,1283375
furpa,0.05263157894736842,18,18,TAGCTTGAATCCTGGCACTA,0,1333018
furpa,0.05263157894736842,18,18,TACAGTTCTACTAGGGCCTG,0,1331407
furpa,0.05263157894736842,18,18,TAAATAGACAGGCCACCAGA,0,1306653
furpa,0.05263157894736842,18,18,GTTCGCCAGGAAACTCGGTG,0,1305817
furpa,0.05263157894736842,18,18,GTGTCCGACCGCAGCAAGTG,0,1304340
furpa,0.05263157894736842,18,18,GTGAAGCAGTTCCTGCCCCA,0,1271987
furpa,0.05263157894736842,18,18,GTCAATAAGTACTCCTATAT,0,1296736
furpa,0.05263157894736842,18,18,GGTTCCGGCCTTCCGTTCCT,0,1285253
furpa,0.05263157894736842,18,18,GGGGGTAGTAAGTATAGTGA,0,1273739
furpa,0.05263157894736842,18,18,GGCTCCGAAGTTCTCGAGCT,0,1303506
furpa,0.05263157894736842,18,18,GGCGTAAGTATGGGCATCAC,0,1351322
furpa,0.05263157894736842,18,18,GGCGATGCCTGCGAGCGAGG,0,1317479
furpa,0.05263157894736842,18,18,GGAAGTGCGAAAGCACAACT,0,1322204
furpa,0.05263157894736842,18,18,GGAACCTTAGCATTGGGCGC,0,1307660
furpa,0.05263157894736842,18,18,GCCCTGTCCAGACTACATGT,0,1323110
furpa,0.05263157894736842,18,18,GCACTTGGGTGAACTTAGGT,0,1313637
furpa,0.05263157894736842,18,18,GCAATAGTCGGCTGGCCTGC,0,1275644
furpa,0.05263157894736842,18,18,GCAAAAGTGTACTAAGCAGG,0,1324230
furpa,0.05263157894736842,18,18,GAATCCGTATGCCATTACCG,0,1306598
furpa,0.05263157894736842,18,18,GAAGACATTCTCGCGACACT,0,1326686
furpa,0.05263157894736842,18,18,CTTCGCGGGCGTAGGTGTGA,0,1316325
furpa,0.05263157894736842,18,18,CTTAAGTTGCTCGCGGAACG,0,1288864
furpa,0.05263157894736842,18,18,CTCACCTTTCCTGTGAAGAG,0,1338044
furpa,0.05263157894736842,18,18,CTATGGTAGCAACCGTGTGT,0,1273675
furpa,0.05263157894736842,18,18,CTACCACACTCCTGGGTCCG,0,1333105
furpa,0.05263157894736842,18,18,CGTTCCCCTGAAGGTGGAGA,0,1271408
furpa,0.05263157894736842,18,18,CGTATGCTTCTGGCGGCCAA,0,1297938
furpa,0.05263157894736842,18,18,CGGGGCCTCCATAACATGGT,0,1348184
furpa,0.05263157894736842,18,18,CGCCCTTTGCGACAGTGGTT,0,1284942
furpa,0.05263157894736842,18,18,CCTGCCTTTAGGGGAGGGGG,0,1291664
furpa,0.05263157894736842,18,18,CCTGAATCCTTAGGTGGACC,0,1314054
furpa,0.05263157894736842,18,18,CCTCCTTAGCGTGGGCACAT,0,1282531
furpa,0.05263157894736842,18,18,CCGTGGTTTGGGAACGGAAC,0,1342427
furpa,0.05263157894736842,18,18,CCCTTAATCCTTATGCACGA,0,1312277
furpa,0.05263157894736842,18,18,CCATCCGAAACGTATACACT,0,1275575
furpa,0.05263157894736842,18,18,CCAGTGGCCGAGATCTCCCC,0,1310091
furpa,0.05263157894736842,18,18,CATATTGGGTACCTGGGCGA,0,1311147
furpa,0.05263157894736842,18,18,CAGGACTTTGAAAGGCATAT,0,1282145
furpa,0.05263157894736842,18,18,CACTGGGAGATAGTAACCAC,0,1330502
furpa,0.05263157894736842,18,18,CACAAGGGTTAGAGTATCGT,0,1298760
furpa,0.05263157894736842,18,18,CAACGTCACCTTCACTAATG,0,1273426
furpa,0.05263157894736842,18,18,ATTGTCCGCTAAACATACTA,0,1279623
furpa,0.05263157894736842,18,18,ATGTTAAAATCATGCGGTAG,0,1301194
furpa,0.05263157894736842,18,18,ATGTCCTGGGAGGATGCTCT,0,1287750
furpa,0.05263157894736842,18,18,ATGGCGGCGCACAATAGGAT,0,1279221
furpa,0.05263157894736842,18,18,ATATCAGCCCGTCCCTGTGG,0,1279171
furpa,0.05263157894736842,18,18,AGTATTCCGGTTTACCGACT,0,1279105
furpa,0.05263157894736842,18,18,AGGGCCGAGCTTAGCATTAG,0,1315852
furpa,0.05263157894736842,18,18,AGGCCACAAAATTATTTAGG,0,1274656
furpa,0.05263157894736842,18,18,AGCAGCCCAGGACATAATGG,0,1278168
furpa,0.05263157894736842,18,18,ACTAGAGGGGTATGGTCTTA,0,1332541
furpa,0.05263157894736842,18,18,ACTACACTAGACAGGTGAGG,0,1291762
furpa,0.05263157894736842,18,18,ACGCTGGCGTGGCGTATACG,0,1347836
furpa,0.05263157894736842,18,18,ACGAAGGTAGGTTGTTGTCA,0,1357277
furpa,0.05263157894736842,18,18,ACCGATTATCCTCAATGATG,0,1346436
furpa,0.05263157894736842,18,18,ACCACGAGATAGTGAGACTC,0,1299347
furpa,0.05263157894736842,18,18,ACAGTGACAGTTGTGCGGAT,0,1272302
furpa,0.05263157894736842,18,18,ACAACCGTGTCCTGAAGTGC,0,1286030
furpa,0.05263157894736842,18,18,AATTGCAAAACACTTATTGT,0,1319975
furpa,0.05263157894736842,18,18,AATCTAGAATCGCACATGGT,0,1284865
furpa,0.05263157894736842,18,18,AAATGCTGTCGTCGTCCCCC,0,1279360
furpa,0.05263157894736842,18,18,AAAGAGGACAAGCGGGCAAT,0,1345881
furpa,0.05555555555555555,17,17,TTGGTTCGTGCAACAAGCCA,0,1308916
furpa,0.05555555555555555,17,17,TTACGTTCTGGTAATGCTTG,0,1288451
furpa,0.05555555555555555,17,17,TGTCACGCGGACTAGATCAA,0,1288040
furpa,0.05555555555555555,17,17,TGGGTTTATCAGCTGTACTT,0,1327110
furpa,0.05555555555555555,17,17,TGCCAGTCCCCGGCCGACGT,0,1284306
furpa,0.05555555555555555,17,17,TGATGGGCGTGCCTTCGGCA,0,1273178
furpa,0.05555555555555555,17,17,TGATATACTTTAGATTTCTT,0,1334181
furpa,0.05555555555555555,17,17,TCTGGATGCACGATTATACA,0,1274759
furpa,0.05555555555555555,17,17,TCTGAGTAGATAAGGATGAT,0,1343247
furpa,0.05555555555555555,17,17,TCTACATATCTAGAGGCGGA,0,1337757
furpa,0.05555555555555555,17,17,TCGAAAGTCAGCCCGTGTTG,0,1334249
furpa,0.05555555555555555,17,17,TCCCTTGACAGCATTCGCAT,0,1332307
furpa,0.05555555555555555,17,17,TCACGCAGCGGTTCGGACAA,0,1274790
furpa,0.05555555555555555,17,17,TCACAATGGCAACATGGTGA,0,1340426
furpa,0.05555555555555555,17,17,TCAAAAGCTCTGGCTACCAA,0,1295056
furpa,0.05555555555555555,17,17,TATGTAGGGGTACCCGCTAT,0,1293366
furpa,0.05555555555555555,17,17,TATCGGCTGTATGATTAGCT,0,1292670
furpa,0.05555555555555555,17,17,TAGAAGTCGGCTATTGGGTG,0,1315028
furpa,0.05555555555555555,17,17,TAAGCGCTCTTGCTGTGACC,0,1290670
furpa,0.05555555555555555,17,17,TAAAGGGCTAAGAGCTACAG,0,1314280
furpa,0.05555555555555555,17,17,GTTTAGTCGCGTTCGCGAAT,0,1318769
furpa,0.05555555555555555,17,17,GTTCGCAGAATCTGGGAGCA,0,1337593
furpa,0.05555555555555555,17,17,GTGTAGCGTATAACAGTTGG,0,1278266
furpa,0.05555555555555555,17,17,GTGGCCACTCTAGCTTTAGA,0,1323624
furpa,0.05555555555555555,17,17,GTCTTCGGCCTGATCCCAGG,0,1329094
furpa,0.05555555555555555,17,17,GTCGCGGGCTCACACACGAC,0,1318260
furpa,0.05555555555555555,17,17,GTCCACCCAGTAACGATCAG,0,1291688
furpa,0.05555555555555555,17,17,GTCATAGCGTATGGAGAATG,0,1346238
furpa,0.05555555555555555,17,17,GTATGCCGGTAAGTCCAGAG,0,1292150
furpa,0.05555555555555555,17,17,GTAGCGTTGTCCCCGGGTAT,0,1293285
furpa,0.05555555555555555,17,17,GTAACTCAGGGACTTATCGA,0,1323878
furpa,0.05555555555555555,17,17,GGGTCTGGGACCATTATAAG,0,1280508
furpa,0.05555555555555555,17,17,GGGAGCCCCATGAAAAAAAT,0,1334234
furpa,0.05555555555555555,17,17,GGCTACGCCCAAAAGTTCAT,0,1274857
furpa,0.05555555555555555,17,17,GGACTTCTGTAAGACTGGAA,0,1302193
furpa,0.05555555555555555,17,17,GGACGTGAGCTGGTAGAATT,0,1276222
furpa,0.05555555555555555,17,17,GCGTTCTTCTCAACTCGCGA,0,1356266
furpa,0.05555555555555555,17,17,GCGGGGTTTGCCCAGGGCGA,0,1347061
furpa,0.05555555555555555,17,17,GCGCTGATTGTTGGCTCTGG,0,1329707
furpa,0.05555555555555555,17,17,GCGCATGCGCTAACTGTACT,0,1322567
furpa,0.05555555555555555,17,17,GCGAGACACCAAGGGTGTCA,0,1304796
furpa,0.05555555555555555,17,17,GCCACAACAGTTCAACGGCT,0,1321166
furpa,0.05555555555555555,17,17,GCCAAAAAGCGATCTATATC,0,1355856
furpa,0.05555555555555555,17,17,GCACGTCGTGGGTAGCTAAT,0,1288477
furpa,0.05555555555555555,17,17,GATAAACGTCTGCGGAGATC,0,1315255
furpa,0.05555555555555555,17,17,GAGTACCGGCGCGGAACTCT,0,1278598
furpa,0.05555555555555555,17,17,GAGGACAGCAACAAGGGTTA,0,1326358
furpa,0.05555555555555555,17,17,GAGACATGTAGGATGGTAGC,0,1306794
furpa,0.05555555555555555,17,17,GAGAAGCCGATCGAAAGCTT,0,1274572
furpa,0.05555555555555555,17,17,GACAGCCTCAACGGTATCTA,0,1314208
furpa,0.05555555555555555,17,17,GAAGTCAAGGCGGCCCGAGA,0,1286817
furpa,0.05555555555555555,17,17,CTTTTTCGGTGTAGGACGCA,0,1332266
furpa,0.05555555555555555,17,17,CTTTGAGCTGAGACAGAACC,0,1331973
furpa,0.05555555555555555,17,17,CTGAGTCGCCGAGCCTGCTC,0,1273530
furpa,0.05555555555555555,17,17,CTCTCGCCTTCTTACGGTGT,0,1300728
furpa,0.05555555555555555,17,17,CTCAGGCGTGTATAGGTGAA,0,1296796
furpa,0.05555555555555555,17,17,CTAGTATCGGGAACCTCCGT,0,1291873
furpa,0.05555555555555555,17,17,CTACATTGAGCTTCATGGGT,0,1286287
furpa,0.05555555555555555,17,17,CGTCGCTGTTACCGGGTCGG,0,1327113
furpa,0.05555555555555555,17,17,CGGATATCACACTAACGGAA,0,1282683
furpa,0.05555555555555555,17,17,CGCTTTCAACGTTTCGAACT,0,1311861
furpa,0.05555555555555555,17,17,CGCCTCGCCACTTGTTCGTT,0,1297177
furpa,0.05555555555555555,17,17,CCTGATCGGCCTCAGTCTCA,0,1314814
furpa,0.05555555555555555,17,17,CCTCAGTCACCCCCACTAGA,0,1288018
furpa,0.05555555555555555,17,17,CCTATTTATACCAGTCAGCA,0,1340636
furpa,0.05555555555555555,17,17,CCCTATTAGGAGGTGCCCAG,0,1341406
furpa,0.05555555555555555,17,17,CCCTATCTACTAGGGTTCGC,0,1337544
furpa,0.05555555555555555,17,17,CCCGGTTAGGACTTTCCCCA,0,1309987
furpa,0.05555555555555555,17,17,CCCGATACTTTCGGTTGCTC,0,1283773
furpa,0.05555555555555555,17,17,CCACCTTCAATTGAAACCAT,0,1291549
furpa,0.05555555555555555,17,17,CCACCGCCTGAATGCTGGAT,0,1346845
furpa,0.05555555555555555,17,17,CATTTCTATTTGTATAAACG,0,1309003
furpa,0.05555555555555555,17,17,CACCAGAGTGTCTGTGACGT,0,1354572
furpa,0.05555555555555555,17,17,CAACTTCGTCCGGATAAGCA,0,1304064
furpa,0.05555555555555555,17,17,CAACTAGGATTCCGTGCGAA,0,1344493
furpa,0.05555555555555555,17,17,CAACGGCTATTAGTGGGTGC,0,1291797
furpa,0.05555555555555555,17,17,ATTTAGGGCAGCCATATCGT,0,1290668
furpa,0.05555555555555555,17,17,ATTGTACATACCTTAGTTTC,0,1284860
furpa,0.05555555555555555,17,17,ATGAGGGACGTTTTGGCGAA,0,1298821
furpa,0.05555555555555555,17,17,ATCGTCGGCTCGACCATTGC,0,1342697
furpa,0.05555555555555555,17,17,ATCGAACCGGTACCTCGATG,0,1344627
furpa,0.05555555555555555,17,17,ATATGCTGACCCAGTTACCC,0,1301562
furpa,0.05555555555555555,17,17,ATATATGCTGCATAGCACAT,0,1285900
furpa,0.05555555555555555,17,17,AGTGGGGTGGCGCTCACGAT,0,1348429
furpa,0.05555555555555555,17,17,AGCTCTTATCCTCCCCGGAT,0,1348789
furpa,0.05555555555555555,17,17,AGCCGCGTCAGCTATGTGTC,0,1355096
furpa,0.05555555555555555,17,17,AGACCCCAACGGTAATATGT,0,1311458
furpa,0.05555555555555555,17,17,ACTGCTGCCTGGGTGCTAAT,0,1274793
furpa,0.05555555555555555,17,17,ACGGGTCAAAGACCTGGTTG,0,1301207
furpa,0.05555555555555555,17,17,ACGGCGCAGCAGCTCGGTTC,0,1344461
furpa,0.05555555555555555,17,17,ACGGCAGAAATCATATATGT,0,1274791
furpa,0.05555555555555555,17,17,ACGCTCGATGTTACAGTACG,0,1303790
furpa,0.05555555555555555,17,17,ACCGCCTGCGTACGGGATAA,0,1281235
furpa,0.05555555555555555,17,17,ACAGCAAGGTCACAGTAAGA,0,1346790
furpa,0.05555555555555555,17,17,AATTGTTGTTAGGAGTTGCA,0,1328030
furpa,0.05555555555555555,17,17,AAGTCGCAGCGGGGCTCGAG,0,1353968
furpa,0.05555555555555555,17,17,AACCTACCGATCGGGACGTG,0,1302734
furpa,0.05555555555555555,17,17,AAAGTGCGGGTTAAGTGCGT,0,1332702
furpa,0.05555555555555555,17,17,AAAGGATAGCGGCTTTTGAA,0,1276610
furpa,0.05555555555555555,17,17,AAAATGACTTGGAATTTTTA,0,1310747
furpa,0.05555555555555555,17,17,AAAATATCAGGGGACGGTCT,0,1347767
furpa,0.058823529411764705,16,16,TTTCCTATCTTGCCGCGAGC,0,1339930
furpa,0.058823529411764705,16,16,TTGGCTTACACACACCGACA,0,1336816
furpa,0.058823529411764705,16,16,TTGATAGTCAGGCAAAGTTT,0,1327098
furpa,0.058823529411764705,16,16,TTCTCCGAAGCCAAAGCCAA,0,1332523
furpa,0.058823529411764705,16,16,TTAGTGCGCACCTTTGGCCA,0,1311930
furpa,0.058823529411764705,16,16,TTACACAACTGTCGTGTACT,0,1291280
furpa,0.058823529411764705,16,16,TGTTTTACTGGCCGGGTCAC,0,1297584
furpa,0.058823529411764705,16,16,TGTGGTGAAAGACAGGGTTC,0,1343870
furpa,0.058823529411764705,16,16,TGGTCTTGTGCAGTAGATAA,0,1321160
furpa,0.058823529411764705,16,16,TGGGCGACGACCTGCACGCG,0,1298583
furpa,0.058823529411764705,16,16,TGCCTCCCGAACATAATGGA,0,1331349
furpa,0.058823529411764705,16,16,TGCCGATTTCTGATCACTGG,0,1299917
furpa,0.058823529411764705,16,16,TGACACGGGGACCGCCAGGT,0,1294702
furpa,0.058823529411764705,16,16,TGAATGCAATTCATTATAAA,0,1299643
furpa,0.058823529411764705,16,16,TCGTCAACACACCGCGAGGT,0,1277742
furpa,0.058823529411764705,16,16,TCCCAATACGGGTATCGTGT,0,1332396
furpa,0.058823529411764705,16,16,TCACTTTACACCATCTCGTT,0,1338661
furpa,0.058823529411764705,16,16,TCAAAATGATATGAGTAACA,0,1292714
furpa,0.058823529411764705,16,16,TATTTCACGCTGTTCATCTA,0,1279439
furpa,0.058823529411764705,16,16,TATTCAGGTTGATATCGGCG,0,1326650
furpa,0.058823529411764705,16,16,TAGTTAGCACTCTCCGAATA,0,1340643
furpa,0.058823529411764705,16,16,TAAGTATGTGACATCGCAAG,0,1279440
furpa,0.058823529411764705,16,16,TAACGTCAAACGGGCCAGGT,0,1354443
furpa,0.058823529411764705,16,16,GTTGACTTTCCTTTTCGGAC,0,1308290
furpa,0.058823529411764705,16,16,GTGGTTACTGGCAATTCAAC,0,1278077
furpa,0.058823529411764705,16,16,GTGCTATATGACCTCAGATC,0,1284884
furpa,0.058823529411764705,16,16,GTGATTGTGTTGGTGCGGGA,0,1336607
furpa,0.058823529411764705,16,16,GTAGCCTAGACCGAGACTAG,0,1286931
furpa,0.058823529411764705,16,16,GGTGTTAGATTACTCTGCCA,0,1292105
furpa,0.058823529411764705,16,16,GGGTGCGAGGGGTAGGTTCA,0,1299521
furpa,0.058823529411764705,16,16,GGGCTGCTTAGTGGGCGGTA,0,1342269
furpa,0.058823529411764705,16,16,GGCAAATCGCGCAACATCAT,0,1308112
furpa,0.058823529411764705,16,16,GGATGAATCTGCCATTCTGC,0,1310229
furpa,0.058823529411764705,16,16,GGATCCTCTTCCTTGTCTGA,0,1305024
furpa,0.058823529411764705,16,16,GCTTAGCAAGACAGTATCCG,0,1275649
furpa,0.058823529411764705,16,16,GCTCTTGAAAACATGGCCGT,0,1281273
furpa,0.058823529411764705,16,16,GCTCCTACGCACTTGCCGAA,0,1305242
furpa,0.058823529411764705,16,16,GCTAGCTAATAAACCTGAGC,0,1310218
furpa,0.058823529411764705,16,16,GCTAAGTTGGAACAACTTCC,0,1331295
furpa,0.058823529411764705,16,16,GCGTTAACTCAGGGCTCACA,0,1310284
furpa,0.058823529411764705,16,16,GCGGCTTTACCAGTCGTCTT,0,1319973
furpa,0.058823529411764705,16,16,GCCTCAGGTGACTTCTTATC,0,1323551
furpa,0.058823529411764705,16,16,GCCTAGCGGTGAGATTTCCT,0,1291554
furpa,0.058823529411764705,16,16,GCCGGGTGATTTACCGACGG,0,1310592
furpa,0.058823529411764705,16,16,GCACCAAGGTCGATACAACG,0,1287688
furpa,0.058823529411764705,16,16,GCAAGAGCGAGTTAGGCATC,0,1291558
furpa,0.058823529411764705,16,16,GAGGTCGTCAAAGTCGATCA,0,1287927
furpa,0.058823529411764705,16,16,GAGGTAGGTCGGACATAGCT,0,1282686
furpa,0.058823529411764705,16,16,GAGGCTCTAGGGTCGCATAC,0,1276363
furpa,0.058823529411764705,16,16,GAGACCACTTATCGTTTGGG,0,1296121
furpa,0.058823529411764705,16,16,GACGATCGCACTAATATATC,0,1308131
furpa,0.058823529411764705,16,16,GACGATAGGTACCAACGATA,0,1349541
furpa,0.058823529411764705,16,16,GACCGTCTCGGGGTAACACT,0,1299905
furpa,0.058823529411764705,16,16,GACCCGCGTCGTCGCACGCA,0,1289403
furpa,0.058823529411764705,16,16,GAATCACGTCCCTTTACGCG,0,1313987
furpa,0.058823529411764705,16,16,GAAATAGACACCGAAAGAGA,0,1288095
furpa,0.058823529411764705,16,16,CTTAGCGGTGCGGTCACGGG,0,1349680
furpa,0.058823529411764705,16,16,CTGCGTCAATGAAGGGCACT,0,1318732
furpa,0.058823529411764705,16,16,CTCTTTATTTTTCATAAGGT,0,1340965
furpa,0.058823529411764705,16,16,CTCCACCTCTCGTGTAGGAT,0,1348670
furpa,0.058823529411764705,16,16,CTAGCATCTTCGGCTCTCGC,0,1280008
furpa,0.058823529411764705,16,16,CGTGTCCGTAATGCGCCAGG,0,1315469
furpa,0.058823529411764705,16,16,CGTGAATATGGCGCGGCGCC,0,1317022
furpa,0.058823529411764705,16,16,CGTAGTCTCTGAAGTCTGGT,0,1350016
furpa,0.058823529411764705,16,16,CGGTTTGTCAACGACCTGTT,0,1332598
furpa,0.058823529411764705,16,16,CGGTTGCAGAAAGGTACCAG,0,1316453
furpa,0.058823529411764705,16,16,CGGCTGTGCCGTGACGCGGT,0,1353200
furpa,0.058823529411764705,16,16,CGGCCATATGAGTGTGTATG,0,1287930
furpa,0.058823529411764705,16,16,CGCGCGTTGGGCCGCATCAT,0,1320227
furpa,0.058823529411764705,16,16,CGCCGCGAGATACTAAAGTA,0,1279357
furpa,0.058823529411764705,16,16,CGATTACATGGTCCAGGGGT,0,1299945
furpa,0.058823529411764705,16,16,CGATATGCATTGAGTGCCGT,0,1298975
furpa,0.058823529411764705,16,16,CGAGTTTATGCCCACGTATT,0,1312887
furpa,0.058823529411764705,16,16,CGACAGTATGCTTAGCTTCG,0,1290677
furpa,0.058823529411764705,16,16,CCTCTAGCAGCGTTTACTAG,0,1322688
furpa,0.058823529411764705,16,16,CCGTCGATGAAGTCTCACGA,0,1354433
furpa,0.058823529411764705,16,16,CCGTAAGGCACACACTCAAC,0,1328864
furpa,0.058823529411764705,16,16,CCCTCTTAGGGACCGTATGG,0,1346462
furpa,0.058823529411764705,16,16,CCCCCGTTAAGCCTTTGTTC,0,1304069
furpa,0.058823529411764705,16,16,CCATCCTTTGTAGATCTGGC,0,1355070
furpa,0.058823529411764705,16,16,CCAAATGACGATCTCTTTCG,0,1313574
furpa,0.058823529411764705,16,16,CAGTTATTGTCTGCCCAAAC,0,1306865
furpa,0.058823529411764705,16,16,CAGTAATTACTGTCTGCAAG,0,1345310
furpa,0.058823529411764705,16,16,CAGGGTAGGGCTCAAAGTCC,0,1288993
furpa,0.058823529411764705,16,16,CAGGGAGGCGTTATATTCTG,0,1319181
furpa,0.058823529411764705,16,16,CAGAAGTTACAATTTAATCT,0,1344502
furpa,0.058823529411764705,16,16,CACTGGAAAAGTAGTGTGCT,0,1287995
furpa,0.058823529411764705,16,16,CACCGGCTACTGCCCATAAA,0,1308209
furpa,0.058823529411764705,16,16,CAAGTATATGCGGTTAAAAG,0,1284381
furpa,0.058823529411764705,16,16,CAAGCACATGGTTTGTTCTT,0,1306497
furpa,0.058823529411764705,16,16,ATTGGTGGCGTCGATGGATG,0,1308310
furpa,0.058823529411764705,16,16,ATTCTAAGTTGAGTTTACCT,0,1272444
furpa,0.058823529411764705,16,16,ATGCTTGTGCACGAGTAGTG,0,1300775
furpa,0.058823529411764705,16,16,ATCGTAGAGTTGATGCCCCG,0,1314462
furpa,0.058823529411764705,16,16,ATACGTGTCCCACGTTCCTT,0,1276361
furpa,0.058823529411764705,16,16,ATACCTTAAGAAGTAACTGA,0,1302518
furpa,0.058823529411764705,16,16,ATAATACTAAATCCGCCCCA,0,1293625
furpa,0.058823529411764705,16,16,AGTCTACAATCTTTCGCCAT,0,1332179
furpa,0.058823529411764705,16,16,AGTCGCAGCTTTGACCAACA,0,1276812
furpa,0.058823529411764705,16,16,AGGTCGGACACCGGGCTCTC,0,1353298
furpa,0.058823529411764705,16,16,AGGGATATTGGGGTTCCTCG,0,1295445
furpa,0.058823529411764705,16,16,AGGACCAAACGCCGGCTGGT,0,1342170
furpa,0.058823529411764705,16,16,AGCTCAAGCAGTGCATGATC,0,1271991
furpa,0.058823529411764705,16,16,AGCCTAGCAACGCTCAACTC,0,1290529
furpa,0.058823529411764705,16,16,AGATGCTACGCTTGTACGGT,0,1331327
furpa,0.058823529411764705,16,16,ACTCCTGGTCGAGAGCGCAT,0,1313534
furpa,0.058823529411764705,16,16,ACTAGGATGGCAGTTGGCAT,0,1341824
furpa,0.058823529411764705,16,16,ACGGTTCGAGTAGATGTGAT,0,1305052
furpa,0.058823529411764705,16,16,ACGGCTTCCAGATTTTCACT,0,1293255
furpa,0.058823529411764705,16,16,ACGCGTAGTACACATCCGGC,0,1311513
furpa,0.058823529411764705,16,16,ACGCACCCGCAACGGCGCGG,0,1318837
furpa,0.058823529411764705,16,16,ACCGAAGTGCCACAGAAAGA,0,1315093
furpa,0.058823529411764705,16,16,ACCAAAGGGGCATTAGTCCA,0,1337072
furpa,0.058823529411764705,16,16,ACAGCCTTGGCGCGGTAGGC,0,1281366
furpa,0.058823529411764705,16,16,ACAATGTATCACAGACCTAC,0,1272164
furpa,0.058823529411764705,16,16,AATTTTAAACACGCGTATGC,0,1297952
furpa,0.058823529411764705,16,16,AATCAATCGGCCGACGGCAG,0,1301032
furpa,0.058823529411764705,16,16,AAGGTGAACGATTCAAAATT,0,1274494
furpa,0.058823529411764705,16,16,AAACAACGACGGAGCATTGA,0,1334350
furpa,0.058823529411764705,16,16,AAAAGTTGCCTAGGGGGGGG,0,1286752
furpa,0.058823529411764705,16,16,AAAAATAGGTTGCATTGTAT,0,1307776
furpa,0.0625,15,15,TTTTATGTAGGGATTTTCAT,0,1332078
furpa,0.0625,15,15,TTTGGTACCGGTACTGAGAC,0,1295478
furpa,0.0625,15,15,TTTCATCGTAAACTCCACAG,0,1350675
furpa,0.0625,15,15,TTGTCAAAGCCACGAAAGGC,0,1273598
furpa,0.0625,15,15,TTGGGCTGGAGAGAGCTCTT,0,1289551
furpa,0.0625,15,15,TTGCACTCCGTCTTTAATAA,0,1292282
furpa,0.0625,15,15,TTGACGTTGCCCCATTGTGC,0,1310270
furpa,0.0625,15,15,TTATGCTTTGCTGATGCGGA,0,1291729
furpa,0.0625,15,15,TGTACCCGGACGAACCTGGC,0,1295134
furpa,0.0625,15,15,TGGGCAGTACGAAGCGGAAG,0,1288670
furpa,0.0625,15,15,TGGGAAGCATTCGGGATTTT,0,1321477
furpa,0.0625,15,15,TGGCACTGCTTCGGACCTTA,0,1330267
furpa,0.0625,15,15,TGGAGGGCGCAATGTCCGGT,0,1301932
furpa,0.0625,15,15,TGCACGATACAGGAACCGGT,0,1301158
furpa,0.0625,15,15,TGACGTTCCACTCCAATGGA,0,1344665
furpa,0.0625,15,15,TGAACATTCAATGTTTATCA,0,1336224
furpa,0.0625,15,15,TCTTATTGCCTGTTAATTGT,0,1281053
furpa,0.0625,15,15,TCGTGGTGTTAGTTGAAAAC,0,1275238
furpa,0.0625,15,15,TCGGCTTCTATCACGGACCA,0,1296416
furpa,0.0625,15,15,TCGAACCATCGTTTTGGCAT,0,1345729
furpa,0.0625,15,15,TCCACAGGAGCAGTCCGCTA,0,1289638
furpa,0.0625,15,15,TCAATAACTGATCGGCCGGG,0,1288390
furpa,0.0625,15,15,TATGTTTGTATCTCGGCAAT,0,1327976
furpa,0.0625,15,15,TACGAATGACGAAAATGTGA,0,1340483
furpa,0.0625,15,15,TAAGTCCTGGTTTCTGCTAA,0,1331105
furpa,0.0625,15,15,TAACGAGGTACTGGTGGTGG,0,1301571
furpa,0.0625,15,15,GTTATTAACCTACTAGGGTG,0,1275243
furpa,0.0625,15,15,GTTACAGAATAGTCGAAAAG,0,1304955
furpa,0.0625,15,15,GTTAAGAGGTGGGTTGAGCA,0,1341818
furpa,0.0625,15,15,GTGGCGCCCCGGGTTAGTGT,0,1320631
furpa,0.0625,15,15,GTGCGATCTTATGAATACCA,0,1312984
furpa,0.0625,15,15,GTGCAGTGGTTTGCGCTTAC,0,1345790
furpa,0.0625,15,15,GTGATGGTGCTGCTTCGGGG,0,1271578
furpa,0.0625,15,15,GTGACGCGGTAGCGATGTGG,0,1277756
furpa,0.0625,15,15,GTCGAGTGGTATTAGTCTCC,0,1280336
furpa,0.0625,15,15,GTCACTCCTTGCTCCGAAAG,0,1305844
furpa,0.0625,15,15,GTATAGCTTGAATGTGGTTC,0,1285119
furpa,0.0625,15,15,GTACGTTTTAACTGACGTCT,0,1341022
furpa,0.0625,15,15,GTACGCAAAGGGGTGACAGT,0,1289220
furpa,0.0625,15,15,GGTTGTCCCATGGGATTTTA,0,1279249
furpa,0.0625,15,15,GGGTGTGTGAGGATCGGGTA,0,1273673
furpa,0.0625,15,15,GGGTAGTATACTGCATACTT,0,1283348
furpa,0.0625,15,15,GGGCCATTCTCTTTGAGTCC,0,1345366
furpa,0.0625,15,15,GGGATAAGCCAAAGGAGCTG,0,1285828
furpa,0.0625,15,15,GGCGGAATGTGGACCACGGT,0,1335598
furpa,0.0625,15,15,GGCCTGATTTGGGTTGGCCC,0,1336988
furpa,0.0625,15,15,GGCATGATGTCCGTATCTAC,0,1336565
furpa,0.0625,15,15,GGATTTGATGACGGAGTGCG,0,1308107
furpa,0.0625,15,15,GGAACCGGCCATGCGACAAG,0,1293221
furpa,0.0625,15,15,GGAAAAGGAGCACGTCAAAT,0,1342129
furpa,0.0625,15,15,GCTTGGCGGACAAGACCCAT,0,1307594
furpa,0.0625,15,15,GCTTGATGACTCCACGCAGA,0,1285681
furpa,0.0625,15,15,GCTGGCTTCACTCAAATTAT,0,1285635
furpa,0.0625,15,15,GCTGCCCGTTGCCTATGAGT,0,1319901
furpa,0.0625,15,15,GCGCGCCTAACACGATCTTC,0,1337647
furpa,0.0625,15,15,GCCCTGCCTAGTCACATGGT,0,1319429
furpa,0.0625,15,15,GCCCTAGGCGAGTGATCTAT,0,1272340
furpa,0.0625,15,15,GCATAAGCAGGAAGTCTTTT,0,1278545
furpa,0.0625,15,15,GATGTCGCTGACCTTTCTCT,0,1277022
furpa,0.0625,15,15,GATAGAGACCCGTCTCGTCT,0,1326444
furpa,0.0625,15,15,GAGGATCGTGGTTCCAGGAT,0,1316404
furpa,0.0625,15,15,GAGCGGCGTGGAGAACGTGC,0,1295297
furpa,0.0625,15,15,GACCGCGCGTAACTGGTCGG,0,1302740
furpa,0.0625,15,15,GACCATTACAAAAGCTCGGT,0,1350056
furpa,0.0625,15,15,GACAGTATTGTGATGACAAG,0,1284002
furpa,0.0625,15,15,GAACCTGGGAGTCCTGTCAG,0,1301182
furpa,0.0625,15,15,GAAACAGCGTAGGCTAACAG,0,1308356
furpa,0.0625,15,15,CTGTCGTGGGATCCAACTAT,0,1289364
furpa,0.0625,15,15,CTGTCGAACTCGGACTGTAG,0,1294091
furpa,0.0625,15,15,CTGTATACTCATTACAGATG,0,1289592
furpa,0.0625,15,15,CTGCAATCCACATCCAGCCT,0,1297708
furpa,0.0625,15,15,CTCTTCACGTTGGAACCGAA,0,1311848
furpa,0.0625,15,15,CTCTCTTGGCAGTACTGGAT,0,1272187
furpa,0.0625,15,15,CTCGTCATACAATCGCACAT,0,1290676
furpa,0.0625,15,15,CTCGATCTAGAATCTGAAAG,0,1291184
furpa,0.0625,15,15,CTCCCAGGTTATTACACCGA,0,1313724
furpa,0.0625,15,15,CTAGCCCGGCGCAATCTATC,0,1324682
furpa,0.0625,15,15,CTAGAAACGCACTCTGTACC,0,1285320
furpa,0.0625,15,15,CGTTACGCTTGTGGATTGTC,0,1321693
furpa,0.0625,15,15,CGTGTACACGGAAACAAGCA,0,1305273
furpa,0.0625,15,15,CGTCCTGGCTGAATATGTCT,0,1278755
furpa,0.0625,15,15,CGTATCAAGTGTAGCTGGCC,0,1295129
furpa,0.0625,15,15,CGGTCTCCGAGGCTTCGCTT,0,1333321
furpa,0.0625,15,15,CGGAGCCTCGTGGTATGATT,0,1289290
furpa,0.0625,15,15,CGCGTCCATGACTACAACAT,0,1342151
furpa,0.0625,15,15,CGCCCGATCTAAATTTCGGC,0,1327131
furpa,0.0625,15,15,CGCAGGTCTGGATGGACACC,0,1339797
furpa,0.0625,15,15,CGACGCCAGCGCTGTCTATG,0,1317937
furpa,0.0625,15,15,CCTTTGTGTATCTCATTACA,0,1330124
furpa,0.0625,15,15,CCTGCGCCGGCCCAAACCTT,0,1319027
furpa,0.0625,15,15,CCTCGGGCGCTTCGTAGATC,0,1337577
furpa,0.0625,15,15,CCGGCCGAGCCTTGCCGGCT,0,1340211
furpa,0.0625,15,15,CCGGCACTGAATGTGAAAAA,0,1280142
furpa,0.0625,15,15,CCGAGCCAAAGCCGTGCCTC,0,1272921
furpa,0.0625,15,15,CCCCGTTGTGGAATTTAGGG,0,1344270
furpa,0.0625,15,15,CCCCCCGCCTCTATGTCTTC,0,1312758
furpa,0.0625,15,15,CCATAAGTAGGGAGAGTCAG,0,1288621
furpa,0.0625,15,15,CCAAGACGCGGGTAGTCTGC,0,1313887
furpa,0.0625,15,15,CCAACACTTGGGAACTATCA,0,1335100
furpa,0.0625,15,15,CATTCGTGCGGTTTATGTTC,0,1273600
furpa,0.0625,15,15,CATGCGGCTGAGTTGTCGTA,0,1320572
furpa,0.0625,15,15,CATCGTTCTCATGTCATAAG,0,1313932
furpa,0.0625,15,15,CATCACTCGTCACCGTGCTC,0,1307780
furpa,0.0625,15,15,CATAAGGGCCAGAGAAACTC,0,1300037
furpa,0.0625,15,15,CAGCCCTGCCTGAGCACGAC,0,1331266
furpa,0.0625,15,15,CAGCCCATCCGACGGCTAAA,0,1276050
furpa,0.0625,15,15,CACTGGGCTGGACAACTAGA,0,1354017
furpa,0.0625,15,15,CACGATTTCGACAGCTCACG,0,1354808
furpa,0.0625,15,15,CACGAACAAACTCCCGCCAA,0,1271286
furpa,0.0625,15,15,CAATTGAGGTTGGCCTTGCT,0,1289427
furpa,0.0625,15,15,CAATTACTTGTAGAATGTAA,0,1284012
furpa,0.0625,15,15,CAATCGGACTTTATTTCGCT,0,1292024
furpa,0.0625,15,15,CAACTGGGTTGGTGTAGCTA,0,1337897
furpa,0.0625,15,15,ATTAAAGTATTTGTCAGGCG,0,1281706
furpa,0.0625,15,15,ATGTGTAAAGCCAGGATCAG,0,1336160
furpa,0.0625,15,15,ATGTAATGTTAAGCTTGGGG,0,1350645
furpa,0.0625,15,15,ATGCGAGCACCTATACAATA,0,1319770
furpa,0.0625,15,15,ATGAACCCATCTCCGGCGCA,0,1282703
furpa,0.0625,15,15,ATCGTTATAGAACGTGTGAA,0,1291119
furpa,0.0625,15,15,ATCGAGTCTTGGTGTACGGT,0,1311694
furpa,0.0625,15,15,ATCGAGGAGATATGGCAAAC,0,1294926
furpa,0.0625,15,15,ATCATCAAGGGGAAACCCTA,0,1333322
furpa,0.0625,15,15,ATCATATCGCTAGCAGTCCT,0,1324570
furpa,0.0625,15,15,ATAGTTGTTTATTTTAGGAG,0,1338281
furpa,0.0625,15,15,ATACTCCTCCAACTAGACAC,0,1272812
furpa,0.0625,15,15,AGTGCGTTTGACAGCCAGAA,0,1336453
furpa,0.0625,15,15,AGGTAATCAAGTTACGAACT,0,1316632
furpa,0.0625,15,15,AGGGGGCTGGTGGCATAGCT,0,1331832
furpa,0.0625,15,15,AGAGTTACGCAACCGGATGC,0,1293989
furpa,0.0625,15,15,AGAGTCTCATGGGGGAGCTA,0,1328301
furpa,0.0625,15,15,AGAGCAGGCACGACTCTAGT,0,1324234
furpa,0.0625,15,15,AGACCGCGGAATGCTGCAAT,0,1333546
furpa,0.0625,15,15,ACTGGATGGGATGCCGTCAC,0,1328809
furpa,0.0625,15,15,ACGTCAACAACTAGGCTTGC,0,1353984
furpa,0.0625,15,15,ACGGCTCCTAAGCGCTTGAT,0,1283061
furpa,0.0625,15,15,ACGACTTGGGACGCTAGATG,0,1273674
furpa,0.0625,15,15,ACGAACTCGCTCTAAGCAAA,0,1330572
furpa,0.0625,15,15,ACCGTTCCAGCGTTTTATAT,0,1294261
furpa,0.0625,15,15,ACCGTAGGCGCCGGGCATCG,0,1329943
furpa,0.0625,15,15,ACCGCTCGGTACTGTCCAGG,0,1298868
furpa,0.0625,15,15,ACCAGGAGAGGCGGGACGCC,0,1290013
furpa,0.0625,15,15,ACCAGAATATAGGTGAGAGG,0,1302784
furpa,0.0625,15,15,ACCACACTGATAGCTATGCA,0,1282879
furpa,0.0625,15,15,ACATTCGTGTGCGGGGTCAC,0,1291075
furpa,0.0625,15,15,ACAGATTCGCGAGCTGCATC,0,1313701
furpa,0.0625,15,15,ACAAGGGTAGTGATTATCTA,0,1320917
furpa,0.0625,15,15,AATTACCTAAACAGCAATGG,0,1311358
furpa,0.0625,15,15,AATGGTATGTAAACAACGGA,0,1351521
furpa,0.0625,15,15,AATGAACGGTGAATCCTGTT,0,1290314
furpa,0.0625,15,15,AAGGGTGTCAGCTGTTCAAC,0,1347248
furpa,0.0625,15,15,AAGCGTTGAGAGAGCGCAGA,0,1352499
furpa,0.0625,15,15,AAGAGCCGACTCTCAGTCAG,0,1278407
furpa,0.0625,15,15,AAAGAGCGCACTAGGAAACC,0,1277597
furpa,0.0625,15,15,AAACATGGGTTAAGGCTAGC,0,1321395
furpa,0.0625,15,15,AAAAACTCGGTTATAATAAT,0,1274093
furpa,0.06666666666666667,14,14,TTTTCAAAGCCCGGAGGCAG,0,1344201
furpa,0.06666666666666667,14,14,TTTCTTTGGATTGAACTCGT,0,1322246
furpa,0.06666666666666667,14,14,TTTCGTCATGAGGGTGAGGA,0,1309330
furpa,0.06666666666666667,14,14,TTTCATTGCTCCGCGAAGTG,0,1340770
furpa,0.06666666666666667,14,14,TTGTTATCACTTGCCTCCGA,0,1355382
furpa,0.06666666666666667,14,14,TTGTAACAAATTGTCCTAAA,0,1314815
furpa,0.06666666666666667,14,14,TTGGCTTATCCTCGATCTGG,0,1338743
furpa,0.06666666666666667,14,14,TTGAACTTAACTGTGGATAT,0,1308963
furpa,0.06666666666666667,14,14,TTCTAGTGCACAGGGTACGA,0,1310599
furpa,0.06666666666666667,14,14,TTCGGGGAAGTGTCAACTTT,0,1321334
furpa,0.06666666666666667,14,14,TTCCAGCTCCCTAGTTCAAC,0,1353296
furpa,0.06666666666666667,14,14,TTAGGATGTCAAGTGTGAAC,0,1275453
furpa,0.06666666666666667,14,14,TTACTCTCAGAGCTACTACA,0,1338846
furpa,0.06666666666666667,14,14,TTAATCTTGAACGGTTGAAT,0,1324673
furpa,0.06666666666666667,14,14,TGTTTTTACCGTGGGTATTG,0,1356693
furpa,0.06666666666666667,14,14,TGTCGGTAACACATCAGGTG,0,1344974
furpa,0.06666666666666667,14,14,TGTCCCGTCGTGAGGGCATA,0,1343410
furpa,0.06666666666666667,14,14,TGTCATCCCAGTAGGCAGCA,0,1271323
furpa,0.06666666666666667,14,14,TGTAGGTCAGGATAGCGTCG,0,1278911
furpa,0.06666666666666667,14,14,TGTAGATATGCGGGGCCGCA,0,1288202
furpa,0.06666666666666667,14,14,TGGTTTTTCAACACAAGGGG,0,1278760
furpa,0.06666666666666667,14,14,TGGGGGCAGCGATGTCTGCA,0,1322800
furpa,0.06666666666666667,14,14,TGGGATGGAGGACTGCGTCG,0,1297927
furpa,0.06666666666666667,14,14,TGGAGGTCTCGGATATAAGT,0,1336887
furpa,0.06666666666666667,14,14,TGGAGATCGGCGTGTGCAGC,0,1323416
furpa,0.06666666666666667,14,14,TGGAAGGACGCACCGGGGTT,0,1321094
furpa,0.06666666666666667,14,14,TGAGTAGCTGCATGTGTCTC,0,1276970
furpa,0.06666666666666667,14,14,TGAATTACCTATCACCCCAA,0,1277256
furpa,0.06666666666666667,14,14,TCTGTAGGCAACGTAGCCAC,0,1349671
furpa,0.06666666666666667,14,14,TCTCTAGCCGGGCCTGACGA,0,1352332
furpa,0.06666666666666667,14,14,TCTCGGAGTTCAGGTATGTG,0,1279169
furpa,0.06666666666666667,14,14,TCGCTGATGCCACTGTACAG,0,1351466
furpa,0.06666666666666667,14,14,TCCGTATGTCTTGACGGATT,0,1291470
furpa,0.06666666666666667,14,14,TCCATTAAAGAGTTACCTCG,0,1273677
furpa,0.06666666666666667,14,14,TCCATGTAAATACGATCTAC,0,1304207
furpa,0.06666666666666667,14,14,TCCACCCATCGTTAGGGTAT,0,1304498
furpa,0.06666666666666667,14,14,TCCACATACAAATATCCGTG,0,1354690
furpa,0.06666666666666667,14,14,TCATTTAGTAGACCCAAAGG,0,1318820
furpa,0.06666666666666667,14,14,TCAGTTCAACAGCTTACCAT,0,1274168
furpa,0.06666666666666667,14,14,TCAGTAAGATATGCCCACGT,0,1286783
furpa,0.06666666666666667,14,14,TCACTCCCTGTGCTCTCGTA,0,1338049
furpa,0.06666666666666667,14,14,TCAAGGATGCCACCCGCTTC,0,1308307
furpa,0.06666666666666667,14,14,TATCCCAGTATGTCTTCCGC,0,1335342
furpa,0.06666666666666667,14,14,TATACCAGGTTGCGCGATGC,0,1352076
furpa,0.06666666666666667,14,14,TAGGGGTCCTGTTAACACCT,0,1280464
furpa,0.06666666666666667,14,14,TAGGAAGAACTTGTACGATG,0,1336264
furpa,0.06666666666666667,14,14,TACTAACACCGGGGTGATTG,0,1329973
furpa,0.06666666666666667,14,14,TACGGGGGCGCAACCGAGTC,0,1298530
furpa,0.06666666666666667,14,14,TACCATTCTATGGTTCCCTC,0,1311024
furpa,0.06666666666666667,14,14,TACCAGCTATCTCGACAGTA,0,1338899
furpa,0.06666666666666667,14,14,TACATTTGAACTTCAGGCCC,0,1342042
furpa,0.06666666666666667,14,14,GTTATGGGTATTTTCTTTTA,0,1325781
furpa,0.06666666666666667,14,14,GTTAATGCACTAAGACGAGA,0,1337698
furpa,0.06666666666666667,14,14,GTTAAGGGCTGTCTTCATTC,0,1330385
furpa,0.06666666666666667,14,14,GTGTAGCCGGACGCAGTCAG,0,1316379
furpa,0.06666666666666667,14,14,GTGTAACTATATGGCTGCGC,0,1326098
furpa,0.06666666666666667,14,14,GTGCTAGGCAGGTGGCATCT,0,1331393
furpa,0.06666666666666667,14,14,GTGCGTTTCCAATCGGGAGC,0,1271601
furpa,0.06666666666666667,14,14,GTGAGGCGCCAAATATAGGT,0,1348431
furpa,0.06666666666666667,14,14,GTGAGATGATGTAAGACGGA,0,1328164
furpa,0.06666666666666667,14,14,GTGAAAAGCCGGCCTCCTGA,0,1353718
furpa,0.06666666666666667,14,14,GTCTTTCTAAAAGGGCGCGT,0,1325014
furpa,0.06666666666666667,14,14,GTCTACAGCGATGTCGGATA,0,1278178
furpa,0.06666666666666667,14,14,GTCATGGTCGGCTTAGTACT,0,1299297
furpa,0.06666666666666667,14,14,GTAAAGCGCCGCTAAGTGGT,0,1295276
furpa,0.06666666666666667,14,14,GGTTTAGTGCACTGAACCGG,0,1326810
furpa,0.06666666666666667,14,14,GGTTAGGAGCGATTAGACTT,0,1335105
furpa,0.06666666666666667,14,14,GGTCCGAATCCCTCCGTGGT,0,1274591
furpa,0.06666666666666667,14,14,GGGTGTGTTAGGTGTAATGC,0,1327124
furpa,0.06666666666666667,14,14,GGGTGCAATAGTGTACGCGC,0,1288400
furpa,0.06666666666666667,14,14,GGGTCGGTGCAGAGATGCTT,0,1337772
furpa,0.06666666666666667,14,14,GGGACCCAGAAGCCATCGGG,0,1353246
furpa,0.06666666666666667,14,14,GGCTTAAAAATACACCCACT,0,1335766
furpa,0.06666666666666667,14,14,GGCTGTCCCATTAGCCTATC,0,1332546
furpa,0.06666666666666667,14,14,GGCGCCAGCACCCCGAGCGT,0,1311842
furpa,0.06666666666666667,14,14,GGCCAGATGGTCATTCCAGA,0,1275579
furpa,0.06666666666666667,14,14,GGATATGTCCGATTTGCCTA,0,1350948
furpa,0.06666666666666667,14,14,GGACAGGCGAAATCTGTAGG,0,1320594
furpa,0.06666666666666667,14,14,GCTGGCCTCAGTTAAAATCG,0,1305655
furpa,0.06666666666666667,14,14,GCTCGACCAACGAGCTGGCT,0,1282513
furpa,0.06666666666666667,14,14,GCTCCTCCTGCAGCCTTGTA,0,1301915
furpa,0.06666666666666667,14,14,GCTATTCTGATGATCAAAGA,0,1323027
furpa,0.06666666666666667,14,14,GCGTGCACACTCATAGCGCA,0,1355353
furpa,0.06666666666666667,14,14,GCGTGAGTCTCGCCGCGAAT,0,1315099
furpa,0.06666666666666667,14,14,GCGTAGCACTCGGCTATTAT,0,1272738
furpa,0.06666666666666667,14,14,GCGGGAACGTCTGTAGACTT,0,1334166
furpa,0.06666666666666667,14,14,GCGCTCTGTATGCAAGCGGA,0,1274129
furpa,0.06666666666666667,14,14,GCGATCCTAGGGCTTTGATC,0,1284658
furpa,0.06666666666666667,14,14,GCGACTTATACGATGGCCTT,0,1308593
furpa,0.06666666666666667,14,14,GCGACAAGAGTTTTCGGACA,0,1349163
furpa,0.06666666666666667,14,14,GCCTTACTCCACTAGGCGCA,0,1299640
furpa,0.06666666666666667,14,14,GCCGGCCGTAGGATTGCGAT,0,1284082
furpa,0.06666666666666667,14,14,GCCCGGGGACACCGGAGTTC,0,1343586
furpa,0.06666666666666667,14,14,GATGCGTGCGTGCTGTGAAT,0,1278129
furpa,0.06666666666666667,14,14,GATCTCCATGCCGACGTTAC,0,1279998
furpa,0.06666666666666667,14,14,GATATATGTAGTTAAAGCCT,0,1298832
furpa,0.06666666666666667,14,14,GATACTTATCGCTCTTCCCC,0,1276301
furpa,0.06666666666666667,14,14,GATACGGATGTGTAGGAGGT,0,1272649
furpa,0.06666666666666667,14,14,GAGTGGCCTGCTTGTGACCC,0,1344610
furpa,0.06666666666666667,14,14,GAGTCGGATTTCGGGCTGCA,0,1301461
furpa,0.06666666666666667,14,14,GAGGTTCCAATGGCACAATG,0,1320638
furpa,0.06666666666666667,14,14,GAGCGTCCTGATGTCCAGAA,0,1329682
furpa,0.06666666666666667,14,14,GAGAGCGGCGGATGGTGCAA,0,1327266
furpa,0.06666666666666667,14,14,GAGAGCATGACGTCATATAC,0,1343739
furpa,0.06666666666666667,14,14,GACTACTACCGATATGACGC,0,1307112
furpa,0.06666666666666667,14,14,GACGTTGTAGAACCTCTCGC,0,1345185
furpa,0.06666666666666667,14,14,GACGATAAGTATATGGGGGT,0,1315829
furpa,0.06666666666666667,14,14,GACATCTCGCTATGCGATGC,0,1296845
furpa,0.06666666666666667,14,14,GACAAACGCCAGCACACTTA,0,1302207
furpa,0.06666666666666667,14,14,GAATTCAGAACTGATGCGTT,0,1342468
furpa,0.06666666666666667,14,14,GAAGCCCACGTGTACTCTGC,0,1308897
furpa,0.06666666666666667,14,14,GAACTCCGTAGTGGTAATCT,0,1328257
furpa,0.06666666666666667,14,14,GAAAGGTTGCATTCACCGTG,0,1340639
furpa,0.06666666666666667,14,14,GAAACGACTTACAGCCCGAA,0,1317247
furpa,0.06666666666666667,14,14,CTTTTATCAGTCTTGTATTT,0,1335062
furpa,0.06666666666666667,14,14,CTTTGCCCGACGTGAGCCAC,0,1299957
furpa,0.06666666666666667,14,14,CTTCCCACATTCGGGTTATA,0,1286970
furpa,0.06666666666666667,14,14,CTGTATGTACAATATGTTCC,0,1276640
furpa,0.06666666666666667,14,14,CTGGGGGACGTCCGACCTTG,0,1280088
furpa,0.06666666666666667,14,14,CTCTAAAGGGCCGCACACAG,0,1321778
furpa,0.06666666666666667,14,14,CTCGTTTCGCGTCTGTCACA,0,1309977
furpa,0.06666666666666667,14,14,CTCGCTCACGCGCCGAAATT,0,1357216
furpa,0.06666666666666667,14,14,CTCCGTGGCAGGCCTAGGTG,0,1330693
furpa,0.06666666666666667,14,14,CTCCATACTAAGGAATCGAT,0,1279586
furpa,0.06666666666666667,14,14,CTCCAATTGGGGGATATCCC,0,1282373
furpa,0.06666666666666667,14,14,CTATGGGCACAATACCTTGA,0,1311507
furpa,0.06666666666666667,14,14,CTATCGGATTGTGCTTGTCT,0,1345730
furpa,0.06666666666666667,14,14,CTATCACGCCAACTGGGACA,0,1292378
furpa,0.06666666666666667,14,14,CTAGTGCCGAGGTAAGGGTT,0,1337824
furpa,0.06666666666666667,14,14,CTAATCATCATGACGAGGCA,0,1297303
furpa,0.06666666666666667,14,14,CTAAGGGGCACGAGATGTAT,0,1276040
furpa,0.06666666666666667,14,14,CGTTGTAGCACAACGCAAGT,0,1323235
furpa,0.06666666666666667,14,14,CGTGTGTTCCAAGAATACGG,0,1299100
furpa,0.06666666666666667,14,14,CGTACGCTCAGCGCTGGCAG,0,1341240
furpa,0.06666666666666667,14,14,CGTAATTTGGTGCACTAGAT,0,1351250
furpa,0.06666666666666667,14,14,CGGCACCTAGTATTGAGAAA,0,1275651
furpa,0.06666666666666667,14,14,CGGACCATCAGCGACCAATG,0,1352338
furpa,0.06666666666666667,14,14,CGCCTTCGTTCTGTACCTGG,0,1329726
furpa,0.06666666666666667,14,14,CGCCTCGGCCACATCACCCG,0,1312278
furpa,0.06666666666666667,14,14,CCTGGCGAGAACCAGTTGCA,0,1334235
furpa,0.06666666666666667,14,14,CCTCGTCGGGGGAACGTGAT,0,1312745
furpa,0.06666666666666667,14,14,CCTACCACTTTGGCCTATTA,0,1282817
furpa,0.06666666666666667,14,14,CCGTATAATCCTTGCGCTCT,0,1293842
furpa,0.06666666666666667,14,14,CCGGTGGGGACTACAAGAGG,0,1287094
furpa,0.06666666666666667,14,14,CCGGAACGGTTGCGTGAGTT,0,1279511
furpa,0.06666666666666667,14,14,CCCACTGACTATGCCGCCCC,0,1276706
furpa,0.06666666666666667,14,14,CCCACAGCCCACACTTAAAT,0,1277481
furpa,0.06666666666666667,14,14,CCATCTCTTCCTACCGGATT,0,1338529
furpa,0.06666666666666667,14,14,CATTGCTCGGCATCCTGTAT,0,1327135
furpa,0.06666666666666667,14,14,CATGGTGATACGAAAGTTTG,0,1343869
furpa,0.06666666666666667,14,14,CATGAAGTCTGGCATCGTGT,0,1313167
furpa,0.06666666666666667,14,14,CAGCTAGGTCATTTTCTTTA,0,1290675
furpa,0.06666666666666667,14,14,CACTCCCCTTCTGGGGAACT,0,1315033
furpa,0.06666666666666667,14,14,CACGGCTAACTTCTGACCCC,0,1292113
furpa,0.06666666666666667,14,14,CAATTCACATGGGAGTAGAG,0,1299015
furpa,0.06666666666666667,14,14,CAATCAGATGTCGCTGCTGT,0,1276666
furpa,0.06666666666666667,14,14,CAAGAAGCTGGAAGCCTACT,0,1298097
furpa,0.06666666666666667,14,14,CAACTCAAAGACGCCCACTC,0,1333584
furpa,0.06666666666666667,14,14,CAAATTTCTGTTCTGACCTA,0,1340216
furpa,0.06666666666666667,14,14,ATTTCGTGCATGACTCAATG,0,1278704
furpa,0.06666666666666667,14,14,ATTGGTGTAATAGTGATCAT,0,1344608
furpa,0.06666666666666667,14,14,ATGTAATGGGATCACCAATG,0,1325760
furpa,0.06666666666666667,14,14,ATCGGGGCATCCAATAGGAC,0,1331617
furpa,0.06666666666666667,14,14,ATCATCCTTAGCTAGATATC,0,1327615
furpa,0.06666666666666667,14,14,ATCAGACTAGCTTGATCTAA,0,1318957
furpa,0.06666666666666667,14,14,ATCACGGCGCTAGTCGGAGT,0,1344329
furpa,0.06666666666666667,14,14,ATATACGCTGCATCCGGGAA,0,1328495
furpa,0.06666666666666667,14,14,ATACTACGAGTAAGGAGCTA,0,1324500
furpa,0.06666666666666667,14,14,ATACAGCATAGATCGTGTCT,0,1325798
furpa,0.06666666666666667,14,14,ATAATAGCAAAGTCATACTA,0,1352544
furpa,0.06666666666666667,14,14,AGTGGGTCACTGAAAATACC,0,1311526
furpa,0.06666666666666667,14,14,AGTGAGTAAGGGTGTCCGAC,0,1285824
furpa,0.06666666666666667,14,14,AGTCTGCATCGGAACCGCAG,0,1275705
furpa,0.06666666666666667,14,14,AGGTGCCTCTTCAAGTCCCG,0,1302815
furpa,0.06666666666666667,14,14,AGGCCAGGGGACAGTCCTTT,0,1346743
furpa,0.06666666666666667,14,14,AGCCTAGAAAACTTCCTAAC,0,1286203
furpa,0.06666666666666667,14,14,AGCCATTCGCACGCCGGGAG,0,1284471
furpa,0.06666666666666667,14,14,AGATACGGACTTGAGAGGTC,0,1278599
furpa,0.06666666666666667,14,14,AGACCCGATTATATGGGCCT,0,1283900
furpa,0.06666666666666667,14,14,ACTGCCAAAGAGAACTCCAA,0,1343542
furpa,0.06666666666666667,14,14,ACTATCCCTCCCTTTGGCTA,0,1353914
furpa,0.06666666666666667,14,14,ACGACCGTCCAACGGCGTAA,0,1346766
furpa,0.06666666666666667,14,14,ACCAGTTATGGGTGACCGCA,0,1317603
furpa,0.06666666666666667,14,14,ACATTTGGAGCACCGCAAGA,0,1283844
furpa,0.06666666666666667,14,14,ACACCGCAGCTGGGGGTGCA,0,1303500
furpa,0.06666666666666667,14,14,AATCGTCACAGATGCTCCTG,0,1310666
furpa,0.06666666666666667,14,14,AAGGTTCACAAAGCAGACCG,0,1295657
furpa,0.06666666666666667,14,14,AAGGGGTTGGGTGGATGAGA,0,1355440
furpa,0.06666666666666667,14,14,AAGGGAGTAGTACATATCAA,0,1344441
furpa,0.06666666666666667,14,14,AAGCTTGTGTGTTTTGAAAA,0,1274702
furpa,0.06666666666666667,14,14,AAGCAGCGAGCATCCATCCG,0,1325566
furpa,0.06666666666666667,14,14,AAGATAGTGTGGACATCCAT,0,1311712
furpa,0.06666666666666667,14,14,AACTGCCATTGGTCTATGGT,0,1318529
furpa,0.06666666666666667,14,14,AACGGTTTGTGGAATGCATG,0,1272502
furpa,0.06666666666666667,14,14,AACGGACGGATAACTCGTAC,0,1276443
furpa,0.06666666666666667,14,14,AACCAGTAACCCACATAAGT,0,1280190
furpa,0.06666666666666667,14,14,AAAGCGTGGGCTTTTGGGGA,0,1299099
furpa,0.06666666666666667,14,14,AAAGATGGGTGACTTTATTA,0,1349361
furpa,0.06666666666666667,14,14,AAAAGCAACAGGGTGAGTGA,0,1292227
furpa,0.06666666666666667,14,14,AAAACGGCTTACGGGTCAAC,0,1287786
furpa,0.07142857142857142,13,13,TTTGTTGGGTAGTACCCAAT,0,1321050
furpa,0.07142857142857142,13,13,TTTGAGCGCACCCGACGAAT,0,1303459
furpa,0.07142857142857142,13,13,TTTACAGTTCCGGGTCGCGG,0,1320492
furpa,0.07142857142857142,13,13,TTGGCACGACGTATGCCGTA,0,1291064
furpa,0.07142857142857142,13,13,TTGCCTCATGATCGTCTAGA,0,1280775
furpa,0.07142857142857142,13,13,TTGACATGGCGCGGGGGATG,0,1289778
furpa,0.07142857142857142,13,13,TTGACAGCGAAGTCTATAAG,0,1357649
furpa,0.07142857142857142,13,13,TTGAAATCTAATGTAGAAGG,0,1279977
furpa,0.07142857142857142,13,13,TTCTCCCAGCTTAACTACTG,0,1346703
furpa,0.07142857142857142,13,13,TTCAGTTGAGGACGGGCACA,0,1326392
furpa,0.07142857142857142,13,13,TTATCCATTCGCTAGGATCT,0,1304063
furpa,0.07142857142857142,13,13,TTAGTATTTCTGGACTTACT,0,1353470
furpa,0.07142857142857142,13,13,TTAAGGTGGATTCTCACGCT,0,1329105
furpa,0.07142857142857142,13,13,TTAACTAAGAGCATCGGTTT,0,1274547
furpa,0.07142857142857142,13,13,TGTTATGCAGTGGTTGACTC,0,1272103
furpa,0.07142857142857142,13,13,TGTTAGGTCCGGAGCGTGTA,0,1341989
furpa,0.07142857142857142,13,13,TGTGGTTTTATTGGTCGCAG,0,1273177
furpa,0.07142857142857142,13,13,TGTGGGATAATCAGTCTTCG,0,1292996
furpa,0.07142857142857142,13,13,TGGTAACTCCACCTGTGCAT,0,1311645
furpa,0.07142857142857142,13,13,TGGGATCTTTTGATTATTCA,0,1320752
furpa,0.07142857142857142,13,13,TGGCTCGCCCCAGCAGTATC,0,1334052
furpa,0.07142857142857142,13,13,TGGCATCGAATTGGGAAAGT,0,1314488
furpa,0.07142857142857142,13,13,TGCTTAAGGTTGGTATTACA,0,1312711
furpa,0.07142857142857142,13,13,TGCGAGTCCCTGTAACATCT,0,1277486
furpa,0.07142857142857142,13,13,TGCCGTATGCATCATTTGCG,0,1309592
furpa,0.07142857142857142,13,13,TGCCAAATGTTTGTAAGGGA,0,1311500
furpa,0.07142857142857142,13,13,TGCAGGCGGATAGCAAGCGA,0,1301152
furpa,0.07142857142857142,13,13,TGAGTCTCCGGACATGGCCT,0,1299766
furpa,0.07142857142857142,13,13,TGACTATTACGCAACCGGCA,0,1356933
furpa,0.07142857142857142,13,13,TGACAGTAAAGCTTGGTGTG,0,1316460
furpa,0.07142857142857142,13,13,TCTTTAAGTTCCGGAACTTA,0,1285908
furpa,0.07142857142857142,13,13,TCTTGCTCCATAGAAATCTG,0,1305240
furpa,0.07142857142857142,13,13,TCTTAGTAATGTTACATTCG,0,1304429
furpa,0.07142857142857142,13,13,TCTCTTGGCGATATGCTTTC,0,1348720
furpa,0.07142857142857142,13,13,TCTATGTCTGACAACTAAGC,0,1279413
furpa,0.07142857142857142,13,13,TCGTGTAATCGGGGTTAATG,0,1354763
furpa,0.07142857142857142,13,13,TCGTCATGTGGTTCGGCCTA,0,1286816
furpa,0.07142857142857142,13,13,TCCCAAGCGTCCCGTACAGC,0,1356061
furpa,0.07142857142857142,13,13,TCCACATGTTGTAAGTCTTC,0,1289607
furpa,0.07142857142857142,13,13,TCATCAACTGCATGGGTCAA,0,1316128
furpa,0.07142857142857142,13,13,TCAGTCTTTGTTTCCAGTTT,0,1294792
furpa,0.07142857142857142,13,13,TATGTAGACAAAGAGGACAG,0,1355444
furpa,0.07142857142857142,13,13,TATCATGCATCCAAGCCCAC,0,1343340
furpa,0.07142857142857142,13,13,TAGGCACTCAAATTTTTCAG,0,1278110
furpa,0.07142857142857142,13,13,TAGCTCGTGATACGTTACCC,0,1306866
furpa,0.07142857142857142,13,13,TAGCGACTGATCTCGTACCC,0,1319179
furpa,0.07142857142857142,13,13,TACTTGCGCAAGATCGGCAA,0,1344371
furpa,0.07142857142857142,13,13,TACTTCCGCACACCGGTTCT,0,1348036
furpa,0.07142857142857142,13,13,TACTTATAGTCAATGGGGGT,0,1320574
furpa,0.07142857142857142,13,13,TACCATGCGTAGTCATCGTA,0,1310890
furpa,0.07142857142857142,13,13,TAAGGAGGCCTCAGTCGTCC,0,1283772
furpa,0.07142857142857142,13,13,TAAGCGTATTCGAAAACAAT,0,1354056
furpa,0.07142857142857142,13,13,TAAAACAGACGAGTCTCCAA,0,1275182
furpa,0.07142857142857142,13,13,GTTTTGAGTTCTGAGGTCTG,0,1329538
furpa,0.07142857142857142,13,13,GTTTGCGGTGGCATAGGAAC,0,1327966
furpa,0.07142857142857142,13,13,GTTGGTGCGAATATGTGTTG,0,1303866
furpa,0.07142857142857142,13,13,GTTCAGAGACGCTGAACGGA,0,1285741
furpa,0.07142857142857142,13,13,GTTATGTATTGGAGCTATGG,0,1348113
furpa,0.07142857142857142,13,13,GTGTTTCTGTCTGAAGTGCT,0,1312139
furpa,0.07142857142857142,13,13,GTGTGGTGCGTTGAGTTCCA,0,1279414
furpa,0.07142857142857142,13,13,GTGTCTGGCAAACAGGGCGA,0,1293485
furpa,0.07142857142857142,13,13,GTGGTACGGTCGTGGATCCA,0,1352125
furpa,0.07142857142857142,13,13,GTGGGACCCGGGTCCGTAGA,0,1285661
furpa,0.07142857142857142,13,13,GTGCGCCGGTTAAAGGGTCA,0,1295044
furpa,0.07142857142857142,13,13,GTGCCGAGCTGCTTTATGCT,0,1282315
furpa,0.07142857142857142,13,13,GTGCCACGATTCCCGGTTTA,0,1329062
furpa,0.07142857142857142,13,13,GTCTGTGCCATCAATCGTAC,0,1299346
furpa,0.07142857142857142,13,13,GTCCTTGGCCTTGCTTCATC,0,1296065
furpa,0.07142857142857142,13,13,GTCCCGGTATCGTTACGCCG,0,1280742
furpa,0.07142857142857142,13,13,GTCCAGTTAGGTAGCCATCA,0,1326330
furpa,0.07142857142857142,13,13,GTCCAACCAAATCCGAGATG,0,1287659
furpa,0.07142857142857142,13,13,GTCACCATTCGTAGTGGTTC,0,1288151
furpa,0.07142857142857142,13,13,GTATCTCACGGTACATCCAT,0,1349505
furpa,0.07142857142857142,13,13,GTATAGGGGATGGGCAAATG,0,1327570
furpa,0.07142857142857142,13,13,GTAGCAACGCTTGTCCCTAA,0,1286994
furpa,0.07142857142857142,13,13,GTACGCGGACCTATGAAATT,0,1336356
furpa,0.07142857142857142,13,13,GGTTCCAGCGATTGGTTCTA,0,1351444
furpa,0.07142857142857142,13,13,GGTGCCTGCAGTTAGACCAT,0,1315993
furpa,0.07142857142857142,13,13,GGTGAAGAGTTTCTCATGGA,0,1275932
furpa,0.07142857142857142,13,13,GGTCCTTTCTAGCTTTAGGG,0,1308836
furpa,0.07142857142857142,13,13,GGGTTGTGCGCGATATATTC,0,1293836
furpa,0.07142857142857142,13,13,GGGGGTATATATACGACTCA,0,1305756
furpa,0.07142857142857142,13,13,GGGGCATGCACCTACTAAGA,0,1340431
furpa,0.07142857142857142,13,13,GGGACCCCCATTTAGCTGAA,0,1355857
furpa,0.07142857142857142,13,13,GGCTAGTCAGTGTAAGGAAA,0,1338882
furpa,0.07142857142857142,13,13,GGCGCGTCTTTTCCTTGGAC,0,1315958
furpa,0.07142857142857142,13,13,GGCGATCTTTCGCAAGGGAC,0,1327276
furpa,0.07142857142857142,13,13,GGCCTCGTCCCAGGTGAGGA,0,1295748
furpa,0.07142857142857142,13,13,GGCCTCCGTAACGCTACTCC,0,1327623
furpa,0.07142857142857142,13,13,GGACTTGCATACCCGTGGAT,0,1319427
furpa,0.07142857142857142,13,13,GGACGTAGATAGAATATGCT,0,1329426
furpa,0.07142857142857142,13,13,GGAAGAGGCTCTAGGTCGTA,0,1347339
furpa,0.07142857142857142,13,13,GCTGCGGTAGGCTGCATCAG,0,1311578
furpa,0.07142857142857142,13,13,GCTCCAGAATCCGCGTGATC,0,1323293
furpa,0.07142857142857142,13,13,GCTATTCTAGAAAAAAATGG,0,1280772
furpa,0.07142857142857142,13,13,GCGTTTAACGAACCCGCAGA,0,1289151
furpa,0.07142857142857142,13,13,GCGTGAGCGTTACTGGCATT,0,1322040
furpa,0.07142857142857142,13,13,GCGGTTCCGGGGAGGGGGGT,0,1304844
furpa,0.07142857142857142,13,13,GCGGGGTTGCAACTCCATAA,0,1282432
furpa,0.07142857142857142,13,13,GCGGCAGCCACTCGATAAAC,0,1275497
furpa,0.07142857142857142,13,13,GCGAACGCTGCGACAGGTCG,0,1351653
furpa,0.07142857142857142,13,13,GCCTTTCCCGCATCAGCACG,0,1278929
furpa,0.07142857142857142,13,13,GCCTTGAATCTGCGCAGCGC,0,1318256
furpa,0.07142857142857142,13,13,GCCGTAGATCGCCTGTTAGA,0,1274143
furpa,0.07142857142857142,13,13,GCCCTTGGACCGTCACTTTT,0,1325712
furpa,0.07142857142857142,13,13,GCCATGGGACTTTAACCGTA,0,1277336
furpa,0.07142857142857142,13,13,GCCAGTGATTGGGGGTCCGT,0,1317080
furpa,0.07142857142857142,13,13,GCATCATGCGAGGTCACTTC,0,1334399
furpa,0.07142857142857142,13,13,GCACATGCACTAGCCTGAGG,0,1292587
furpa,0.07142857142857142,13,13,GATTGAGTTACAACGCGGAG,0,1320380
furpa,0.07142857142857142,13,13,GATGAACATAGCCCGACACC,0,1319832
furpa,0.07142857142857142,13,13,GAGCCCCCAAATAGGGTTTA,0,1328645
furpa,0.07142857142857142,13,13,GAGCCAACCAGACCGGTTGT,0,1290407
furpa,0.07142857142857142,13,13,GAGAGTCACCCTGCGCGTTC,0,1334504
furpa,0.07142857142857142,13,13,GACTTTCCGTTATTTTCGGA,0,1275355
furpa,0.07142857142857142,13,13,GACCGGTTCTTTCCTCGTCT,0,1278264
furpa,0.07142857142857142,13,13,GACCCTGCCACCTGATGCCC,0,1353135
furpa,0.07142857142857142,13,13,GAATTGTGCGCGCGAGTCCG,0,1290610
furpa,0.07142857142857142,13,13,GAATGATTAGACAACGAAGG,0,1323714
furpa,0.07142857142857142,13,13,GAAGCTCTCTCGTAACTCCA,0,1340330
furpa,0.07142857142857142,13,13,GAAGCCGACGTGATTATGGT,0,1347785
furpa,0.07142857142857142,13,13,GAACCACAATTGTTTAACTA,0,1290406
furpa,0.07142857142857142,13,13,GAAATGCGTAGCAGGTAACG,0,1273715
furpa,0.07142857142857142,13,13,CTTTGGGACTCATCATCGAT,0,1292590
furpa,0.07142857142857142,13,13,CTTAGTACCGTGTTGAACTC,0,1273182
furpa,0.07142857142857142,13,13,CTTACACAACGGTTTCATAT,0,1324510
furpa,0.07142857142857142,13,13,CTGCGCAACTAGGGCAGTAG,0,1304957
furpa,0.07142857142857142,13,13,CTGCAGCACATCTCCCGTGT,0,1274573
furpa,0.07142857142857142,13,13,CTCGTAGGCTAGCAGATTCT,0,1339741
furpa,0.07142857142857142,13,13,CTCCGATTCATCGGTGCTCA,0,1330661
furpa,0.07142857142857142,13,13,CTACCATACATCCTCTCGGC,0,1324355
furpa,0.07142857142857142,13,13,CTAATGAACCAATACGCGAC,0,1333109
furpa,0.07142857142857142,13,13,CTAAGGCCGTATCCTTGCCA,0,1324698
furpa,0.07142857142857142,13,13,CGTGATGACAAGCGCTAAAA,0,1290700
furpa,0.07142857142857142,13,13,CGGTTCCGCGGCAGATCCCG,0,1335781
furpa,0.07142857142857142,13,13,CGGTGAACGAAAATGCTTTC,0,1349534
furpa,0.07142857142857142,13,13,CGGCTCGGTCTTTATAGGTT,0,1305740
furpa,0.07142857142857142,13,13,CGGCTCCCCATGGCATCCCG,0,1354085
furpa,0.07142857142857142,13,13,CGGCGTAAATTCATCTTCTT,0,1338879
furpa,0.07142857142857142,13,13,CGGATGCGCGTGTAAATACC,0,1285488
furpa,0.07142857142857142,13,13,CGGAAAACAGATTGACAAGT,0,1272740
furpa,0.07142857142857142,13,13,CGCTTCGGTATAAGGCTAAC,0,1286594
furpa,0.07142857142857142,13,13,CGCGAAACGGTAGTCCCGTG,0,1325711
furpa,0.07142857142857142,13,13,CGCACCAAGCCACATGCGAT,0,1342635
furpa,0.07142857142857142,13,13,CGATTACAGTAGGCAGCAAG,0,1310087
furpa,0.07142857142857142,13,13,CGATTAACTTCTACTGTTCA,0,1282691
furpa,0.07142857142857142,13,13,CGATATATCTACGACGCGGT,0,1311716
furpa,0.07142857142857142,13,13,CGAGTCTCTGCTTGAAGTGG,0,1325906
furpa,0.07142857142857142,13,13,CGAGCACAACCGGCGACCTT,0,1352795
furpa,0.07142857142857142,13,13,CGACAAGCTCTGCCGGTTCA,0,1347907
furpa,0.07142857142857142,13,13,CGACAAATGCGCGTGGAGCT,0,1310585
furpa,0.07142857142857142,13,13,CGAATCGTAGGGCTTGGGAG,0,1282456
furpa,0.07142857142857142,13,13,CCTGTGTACGAGTGTTCAAT,0,1321971
furpa,0.07142857142857142,13,13,CCTCTGTACCTCAAACTACA,0,1320136
furpa,0.07142857142857142,13,13,CCTCAGGCGGTAGCCTAGGG,0,1343523
furpa,0.07142857142857142,13,13,CCGTTCTTAAAGCGTCGGCA,0,1324490
furpa,0.07142857142857142,13,13,CCGTTCGAGAGGTTGCGTGT,0,1353012
furpa,0.07142857142857142,13,13,CCGTAGCCATATATCACGAT,0,1319022
furpa,0.07142857142857142,13,13,CCGCGCATTCTGAGGCTCAT,0,1352122
furpa,0.07142857142857142,13,13,CCGCGATAGAACAAAGGAGA,0,1307816
furpa,0.07142857142857142,13,13,CCGCCTCAGACTTGTCATTC,0,1355439
furpa,0.07142857142857142,13,13,CCGAGTGTGGCTAGGGGATA,0,1328438
furpa,0.07142857142857142,13,13,CCGACGGTGTTTAGTGGATG,0,1273712
furpa,0.07142857142857142,13,13,CCCTGTCTGGTTGACATATT,0,1333539
furpa,0.07142857142857142,13,13,CCCGGCTCAGGTATTGCGTC,0,1308606
furpa,0.07142857142857142,13,13,CCCGCCGGACGAGGTTGACC,0,1289767
furpa,0.07142857142857142,13,13,CCCATGATACACTGTCACTA,0,1289297
furpa,0.07142857142857142,13,13,CCATAGCGATTTCTTACGTA,0,1276066
furpa,0.07142857142857142,13,13,CCAGTTCATCCTTTGCTTGC,0,1329155
furpa,0.07142857142857142,13,13,CCACGACTCATAGGTATTGT,0,1333580
furpa,0.07142857142857142,13,13,CATTTTACCTTCAGTGCCAT,0,1341181
furpa,0.07142857142857142,13,13,CATTGGTCGTGTTAACGTGT,0,1350955
furpa,0.07142857142857142,13,13,CATGTTTGATCCCAGGCTTG,0,1278920
furpa,0.07142857142857142,13,13,CATCCATTCTGGAGTGCATG,0,1297928
furpa,0.07142857142857142,13,13,CATAAAGCGTTGGCTAAATG,0,1280669
furpa,0.07142857142857142,13,13,CAGTGTATTGTCCAACATGC,0,1345716
furpa,0.07142857142857142,13,13,CAGCGCGGGGATAGCTGCTC,0,1349490
furpa,0.07142857142857142,13,13,CAGCCAAATCACGTCGTAAT,0,1278491
furpa,0.07142857142857142,13,13,CACGTCAGCCGTGCCCGAAC,0,1304369
furpa,0.07142857142857142,13,13,CACAGTCCTAATAGACCTAA,0,1309836
furpa,0.07142857142857142,13,13,CACACTGTCTTAAGCATGAT,0,1336351
furpa,0.07142857142857142,13,13,CACACCGAAATCGAAATTTT,0,1287885
furpa,0.07142857142857142,13,13,CAACTAAAACTCTGCGGTCA,0,1289594
furpa,0.07142857142857142,13,13,CAACGCCTTGGATGCGTTAG,0,1276120
furpa,0.07142857142857142,13,13,CAAAACTAAGTAAGTCTTCA,0,1353316
furpa,0.07142857142857142,13,13,CAAAAAGCCCAAACGGAATA,0,1273071
furpa,0.07142857142857142,13,13,ATTATTAGGGGCAGAGGGAT,0,1341323
furpa,0.07142857142857142,13,13,ATGTGTAAGACGTTTCTCTG,0,1293489
furpa,0.07142857142857142,13,13,ATGCTGCGAGAGCGCCATGA,0,1310590
furpa,0.07142857142857142,13,13,ATGCGTGGTGTTATATCTAG,0,1299285
furpa,0.07142857142857142,13,13,ATGCGTGGATGCGGCTAACT,0,1274859
furpa,0.07142857142857142,13,13,ATGAGTTTGAGGCCGATATA,0,1323587
furpa,0.07142857142857142,13,13,ATCCTGATGGCTAAGCCCTG,0,1313174
furpa,0.07142857142857142,13,13,ATCAAGAAAGTGGCGGGGAC,0,1355586
furpa,0.07142857142857142,13,13,ATATGGTACATCCGTCAATA,0,1291879
furpa,0.07142857142857142,13,13,ATAAGCTCCGGCGAAAGGCT,0,1285375
furpa,0.07142857142857142,13,13,AGTTGAGCCGCTCGAGTTCT,0,1285299
furpa,0.07142857142857142,13,13,AGTGTATCAAGTGGGATTAC,0,1313444
furpa,0.07142857142857142,13,13,AGTCTGGTACCGCATACCAC,0,1351113
furpa,0.07142857142857142,13,13,AGTCGTTCCCGTCAACCTAC,0,1285199
furpa,0.07142857142857142,13,13,AGTATTCTTCAGATTACACC,0,1297043
furpa,0.07142857142857142,13,13,AGTATGTGGAACATGGCGGT,0,1292935
furpa,0.07142857142857142,13,13,AGTATGCACTATTAATTTTA,0,1280081
furpa,0.07142857142857142,13,13,AGTAACACTACCCTGCGATG,0,1271542
furpa,0.07142857142857142,13,13,AGGTACCTTGAAAGAATGGA,0,1351838
furpa,0.07142857142857142,13,13,AGGGCCGGAACTGCCTTAGG,0,1345822
furpa,0.07142857142857142,13,13,AGGGAGACACTACGGACTAC,0,1314669
furpa,0.07142857142857142,13,13,AGGCAGCCCTTTGTCGGTAG,0,1279942
furpa,0.07142857142857142,13,13,AGGCACCGGCCCACGCGAAA,0,1284252
furpa,0.07142857142857142,13,13,AGGAGCGGCTATGCACCGTT,0,1339357
furpa,0.07142857142857142,13,13,AGCTTAACTCAGTTGGCGGT,0,1338431
furpa,0.07142857142857142,13,13,AGCTCAATAGAGTTGGACTT,0,1305245
furpa,0.07142857142857142,13,13,AGCTCAAACACCAGGCTAAC,0,1323669
furpa,0.07142857142857142,13,13,AGCGCTTATGCGTCCAGAAT,0,1288161
furpa,0.07142857142857142,13,13,AGCCGCTCTCTAGCGGGAGT,0,1276209
furpa,0.07142857142857142,13,13,AGCCGATGCGGCCAGAACTT,0,1324108
furpa,0.07142857142857142,13,13,AGCAGTTTTCGGTACACGAG,0,1340555
furpa,0.07142857142857142,13,13,AGCACGGAGGGGATACTGTT,0,1309748
furpa,0.07142857142857142,13,13,AGAGCCCGTCCAAGAGCATT,0,1314472
furpa,0.07142857142857142,13,13,AGAGATACTACTCTTATTGC,0,1288971
furpa,0.07142857142857142,13,13,AGAGAGTTTTCCTGCTTAGC,0,1286672
furpa,0.07142857142857142,13,13,AGACCCACAGGGCGTCGTGA,0,1301120
furpa,0.07142857142857142,13,13,ACTTTGAGCAGCAGCCCTTT,0,1301615
furpa,0.07142857142857142,13,13,ACTACGGGCGGACGCACAGG,0,1309402
furpa,0.07142857142857142,13,13,ACGTAGGGATAGAAAACCTT,0,1319754
furpa,0.07142857142857142,13,13,ACGGGTATACTTTAGCGTCA,0,1349011
furpa,0.07142857142857142,13,13,ACCGGGTCCAACATGGCATG,0,1346901
furpa,0.07142857142857142,13,13,ACATGTCATGATTCGTGAGG,0,1332455
furpa,0.07142857142857142,13,13,ACAGGCAATCAGTCCCCAGA,0,1289209
furpa,0.07142857142857142,13,13,ACAGCTTAAAGCTATAGGTT,0,1296984
furpa,0.07142857142857142,13,13,ACACCTCGTCGAACGGCATA,0,1328652
furpa,0.07142857142857142,13,13,AATCTTCATCGCTTGAGACA,0,1309280
furpa,0.07142857142857142,13,13,AATAGTTTGATGGATCTGAC,0,1284818
furpa,0.07142857142857142,13,13,AAGGATCCGGAATGAGCCGC,0,1290894
furpa,0.07142857142857142,13,13,AAGCATTCTGTCCAATTAGA,0,1326799
furpa,0.07142857142857142,13,13,AAATCCGCGCCGTAAGTGGA,0,1324210
furpa,0.07142857142857142,13,13,AAAGTCTTGTTAGTATGTTA,0,1310743
furpa,0.07142857142857142,13,13,AAAGGGGAATACTCTAAATG,0,1331270
furpa,0.07142857142857142,13,13,AAAACCGGTAGGTGAGGAGA,0,1328021
furpa,0.07142857142857142,13,13,AAAAATAGCGTGAGCCGGGA,0,1311808
furpa,0.07692307692307693,12,12,TTTTGCGGTAGTGTGGGCAG,0,1344996
furpa,0.07692307692307693,12,12,TTTACGCCCATTGCTTCTAA,0,1338881
furpa,0.07692307692307693,12,12,TTGTTTGTTATGTATCTTTT,0,1286576
furpa,0.07692307692307693,12,12,TTGTAACGGAATTGAAACAG,0,1305306
furpa,0.07692307692307693,12,12,TTGGGGCACGTACGATTGAA,0,1308649
furpa,0.07692307692307693,12,12,TTGGGGACTAGAGCAGATGA,0,1292695
furpa,0.07692307692307693,12,12,TTCAAAGAATGCCTTGGTTC,0,1322167
furpa,0.07692307692307693,12,12,TTATCTCGAAACGGGGCAAG,0,1325907
furpa,0.07692307692307693,12,12,TTAGTCGGTTGGAATGGCAA,0,1354380
furpa,0.07692307692307693,12,12,TTAATCACCCTGGAGGAAGA,0,1314885
furpa,0.07692307692307693,12,12,TTAAGGGTCCCACTGTCGGG,0,1293434
furpa,0.07692307692307693,12,12,TGTTGTTCGAGGCCTCTGAG,0,1313311
furpa,0.07692307692307693,12,12,TGTTAGATGCCTAAGGGTTA,0,1301939
furpa,0.07692307692307693,12,12,TGTGTAATGGCTTGCGGAGC,0,1308588
furpa,0.07692307692307693,12,12,TGTGAAGAAGGACCGTCACA,0,1290106
furpa,0.07692307692307693,12,12,TGTCCGGTGGTGTCCAGCCC,0,1271815
furpa,0.07692307692307693,12,12,TGTAACGTTGGTACCGGACC,0,1283075
furpa,0.07692307692307693,12,12,TGGTGGAGGCCCCCGTTATA,0,1348308
furpa,0.07692307692307693,12,12,TGGTGCCCGCTTGTGGTGGG,0,1278194
furpa,0.07692307692307693,12,12,TGGTCCCTTTCAGCATGAAT,0,1337565
furpa,0.07692307692307693,12,12,TGGTCAGAACGGTCCACGGG,0,1357536
furpa,0.07692307692307693,12,12,TGGCGCTACGGAGCAACTCC,0,1280193
furpa,0.07692307692307693,12,12,TGGCCGTCAACCGAAGTGTC,0,1280743
furpa,0.07692307692307693,12,12,TGGCCCGATCTGGGCCAGGC,0,1295606
furpa,0.07692307692307693,12,12,TGCTGCAGCAGCAGTCTGCA,0,1318135
furpa,0.07692307692307693,12,12,TGCGTAATCTAGGGACGCGT,0,1281709
furpa,0.07692307692307693,12,12,TGCGGTGGAGCGCACATGAG,0,1353476
furpa,0.07692307692307693,12,12,TGCCCGGTGCGGTTCAGCTG,0,1335193
furpa,0.07692307692307693,12,12,TGCCATAGTGACTGGCATCG,0,1276106
furpa,0.07692307692307693,12,12,TGCAGTCTAGGCACCTAATA,0,1334398
furpa,0.07692307692307693,12,12,TGATCGACCAAAGGGAACAA,0,1277498
furpa,0.07692307692307693,12,12,TCTGTTCGCGTGATCGACCA,0,1283707
furpa,0.07692307692307693,12,12,TCTGTAGTCCAGACGTTAAT,0,1355664
furpa,0.07692307692307693,12,12,TCTGCTAAGGAGGCCAACAC,0,1287396
furpa,0.07692307692307693,12,12,TCTCTTGGAGGTAAGTTAGT,0,1297084
furpa,0.07692307692307693,12,12,TCTACCTCGCTGTCAATGGT,0,1279363
furpa,0.07692307692307693,12,12,TCTACCATGCAATAGCCATG,0,1313466
furpa,0.07692307692307693,12,12,TCGTGCAACCGGGCGACGCA,0,1308224
furpa,0.07692307692307693,12,12,TCGTCAGCTAAAATTCTAGC,0,1311924
furpa,0.07692307692307693,12,12,TCCGTACGTATTAAGTCCGT,0,1315926
furpa,0.07692307692307693,12,12,TCCGCGAGAAAAACATCGAC,0,1302968
furpa,0.07692307692307693,12,12,TCCCGTAGTTCGAGGTCCAT,0,1291481
furpa,0.07692307692307693,12,12,TCCCCTACTACAATTCGACA,0,1334701
furpa,0.07692307692307693,12,12,TCATCTAAAGCAAACCGCGA,0,1276670
furpa,0.07692307692307693,12,12,TCAGTACCAAAGACCATTAC,0,1346549
furpa,0.07692307692307693,12,12,TCACATAAGTTTGGTTACCG,0,1307120
furpa,0.07692307692307693,12,12,TCACAGGGTCTGACAAGGTC,0,1273528
furpa,0.07692307692307693,12,12,TCAATGTCATCAAGAATGAC,0,1332012
furpa,0.07692307692307693,12,12,TATAGGACGACGCCGCAAGT,0,1305209
furpa,0.07692307692307693,12,12,TATAGCTCGAAGCTTGGAAA,0,1356813
furpa,0.07692307692307693,12,12,TATACGCAGCGGGAGCTCTT,0,1298377
furpa,0.07692307692307693,12,12,TAGTGTCTCTTTCATATCTT,0,1332689
furpa,0.07692307692307693,12,12,TAGGGCCAAAAGCGTGATTT,0,1342827
furpa,0.07692307692307693,12,12,TACTGTTCGCGCTATTCGCA,0,1290032
furpa,0.07692307692307693,12,12,TACGTTAGCTCTAGAGTTTA,0,1310344
furpa,0.07692307692307693,12,12,TACGGATTTAGGGCGACTCA,0,1287792
furpa,0.07692307692307693,12,12,TAAAACGCGAGGCATTTGCT,0,1331530
furpa,0.07692307692307693,12,12,GTTGTGCATCCGTCCGTGTC,0,1305131
furpa,0.07692307692307693,12,12,GTTCTATTCCAAATGATCAT,0,1346950
furpa,0.07692307692307693,12,12,GTTCCTTCGATGCAGCGTAT,0,1298374
furpa,0.07692307692307693,12,12,GTTAAAGATTATTTAGCGTT,0,1271924
furpa,0.07692307692307693,12,12,GTGTCTCAGGATAGTACTGT,0,1341481
furpa,0.07692307692307693,12,12,GTGTCAGACCAAACACAAAG,0,1289496
furpa,0.07692307692307693,12,12,GTGGTTCAATCTTTTGAAGA,0,1339069
furpa,0.07692307692307693,12,12,GTGGGCCACGTAGCCCAGAG,0,1298011
furpa,0.07692307692307693,12,12,GTGGGAGACGTGTGTTTTCA,0,1286638
furpa,0.07692307692307693,12,12,GTGGCGTTGCACTTTGCGTA,0,1294632
furpa,0.07692307692307693,12,12,GTCCGTTACTGAAGCATCAG,0,1297417
furpa,0.07692307692307693,12,12,GTCCCACTCTGCAGAGTGCA,0,1287571
furpa,0.07692307692307693,12,12,GTCCAATCTGCCTTTATACA,0,1302125
furpa,0.07692307692307693,12,12,GTATCTAGGCACCTATACGT,0,1329740
furpa,0.07692307692307693,12,12,GTAGGCCCACGTGCGGCATG,0,1356348
furpa,0.07692307692307693,12,12,GTAGCCGTAGGGCTCAGACA,0,1275111
furpa,0.07692307692307693,12,12,GTAGAGCAGCGGATTTCGTA,0,1325019
furpa,0.07692307692307693,12,12,GTACATCCCTGGTGTCGGAT,0,1302817
furpa,0.07692307692307693,12,12,GGTTCGACTTCGCGGGTACA,0,1320129
furpa,0.07692307692307693,12,12,GGTGGAGGACGAGGCGAGAG,0,1351015
furpa,0.07692307692307693,12,12,GGTCAATGCCTAGGACGCTT,0,1322809
furpa,0.07692307692307693,12,12,GGTATTTGGGGGCGTCTAAA,0,1356531
furpa,0.07692307692307693,12,12,GGTATTCAATCCGCCTCCAT,0,1276359
furpa,0.07692307692307693,12,12,GGTATGTCTCGAGGGCAGCA,0,1350580
furpa,0.07692307692307693,12,12,GGGTAGGCAACACTGTCGTT,0,1330399
furpa,0.07692307692307693,12,12,GGGCTTGGGAATTTTAGAGT,0,1294790
furpa,0.07692307692307693,12,12,GGCGAATGTACTTCGGTGGA,0,1332602
furpa,0.07692307692307693,12,12,GGCCCAATAACCACCATGAT,0,1354674
furpa,0.07692307692307693,12,12,GGCATTGATAACGAGCATTT,0,1315664
furpa,0.07692307692307693,12,12,GGCAGGCATGCGCGCGCACA,0,1274587
furpa,0.07692307692307693,12,12,GGCAATTCATCGTCATTTAA,0,1338047
furpa,0.07692307692307693,12,12,GGATTGCTGCGTGATACCCG,0,1304913
furpa,0.07692307692307693,12,12,GGATGCGATCTATCTATGGA,0,1276816
furpa,0.07692307692307693,12,12,GGATCAAGGTTCATTCGGAC,0,1352860
furpa,0.07692307692307693,12,12,GGAGGTTGGCACCGTAACAC,0,1346594
furpa,0.07692307692307693,12,12,GGACATGACGAGCGTCTGTA,0,1294885
furpa,0.07692307692307693,12,12,GGAAGTTCCGGGTTTAGGAT,0,1295451
furpa,0.07692307692307693,12,12,GCTGCGTTTTGATGTTAAGG,0,1308769
furpa,0.07692307692307693,12,12,GCTAGCTATCGTCCGAGCTA,0,1277409
furpa,0.07692307692307693,12,12,GCGTCGTAACATACTTAGAA,0,1324440
furpa,0.07692307692307693,12,12,GCGGTCCCGGTCCTTTGTCT,0,1330595
furpa,0.07692307692307693,12,12,GCGGGTTCGATGGGACGACA,0,1315864
furpa,0.07692307692307693,12,12,GCGCTACACAGCATGATGAC,0,1311644
furpa,0.07692307692307693,12,12,GCGCGAAGACAAGACAACGG,0,1319983
furpa,0.07692307692307693,12,12,GCGCCTCAATTGAAGTCGGA,0,1344049
furpa,0.07692307692307693,12,12,GCGCAAACAGTAAATACCGC,0,1348035
furpa,0.07692307692307693,12,12,GCGATACTGCTCTGGATTAT,0,1284262
furpa,0.07692307692307693,12,12,GCGAAATCCGGTGCGTCAAA,0,1305688
furpa,0.07692307692307693,12,12,GCCTGAACTGCACTGTAAGT,0,1354261
furpa,0.07692307692307693,12,12,GCCCTTTCAAAGAGACGCCT,0,1294677
furpa,0.07692307692307693,12,12,GCCCAGTGGTAAATATACAT,0,1279030
furpa,0.07692307692307693,12,12,GCATGGCGCCGGGCTTCGTT,0,1279225
furpa,0.07692307692307693,12,12,GCATCTCCAGTTGTAATTAC,0,1278075
furpa,0.07692307692307693,12,12,GCACTTATATGCTCTGCACA,0,1279280
furpa,0.07692307692307693,12,12,GCACCCATAGATCGTAAGGC,0,1284006
furpa,0.07692307692307693,12,12,GATGTTAACGATGGAGAATA,0,1302448
furpa,0.07692307692307693,12,12,GATGAGTGGACGGAACACAA,0,1283320
furpa,0.07692307692307693,12,12,GATCGCGGTATTGAACGATT,0,1299187
furpa,0.07692307692307693,12,12,GATCCGTGTCGAAGGACAAG,0,1286003
furpa,0.07692307692307693,12,12,GATAACCATTGCAGGTCTGT,0,1316825
furpa,0.07692307692307693,12,12,GAGTTGACTTTCATCTTAAC,0,1341179
furpa,0.07692307692307693,12,12,GAGGTGTGGCGACATATGTC,0,1276613
furpa,0.07692307692307693,12,12,GAGGGCATTTCTATGCTCTT,0,1324080
furpa,0.07692307692307693,12,12,GAGACCGATGTTCTACAACA,0,1291020
furpa,0.07692307692307693,12,12,GAGACAGGAATTCCGGAGTT,0,1330856
furpa,0.07692307692307693,12,12,GAGACAAGCGGCGAGGTGCC,0,1312005
furpa,0.07692307692307693,12,12,GACGGCTTGGGTTTAAGTCC,0,1320239
furpa,0.07692307692307693,12,12,GACGACTCAGCCTTTTCGCA,0,1354145
furpa,0.07692307692307693,12,12,GACCTTTCATACGTTATTTT,0,1331392
furpa,0.07692307692307693,12,12,GAATGGGAGAAGTATAGCGA,0,1273372
furpa,0.07692307692307693,12,12,GAATCGTCACCGACCTCTGG,0,1354855
furpa,0.07692307692307693,12,12,GAACGTCCAAGATGCAGCCG,0,1298229
furpa,0.07692307692307693,12,12,GAACAGGCTCCGGTTTAGAG,0,1297843
furpa,0.07692307692307693,12,12,GAAACACGGGAGAATGTCAA,0,1309104
furpa,0.07692307692307693,12,12,CTTTCAGCGATGGGCTTTGG,0,1319275
furpa,0.07692307692307693,12,12,CTTGGGGCAGACCGACCCGT,0,1299420
furpa,0.07692307692307693,12,12,CTTGCCCCCGAATCCCCTGA,0,1328088
furpa,0.07692307692307693,12,12,CTTGAATGGTCGATGTAAAT,0,1346957
furpa,0.07692307692307693,12,12,CTGGTTGGAGATAAGGCGAA,0,1280260
furpa,0.07692307692307693,12,12,CTGGCTTGCCCCCGGGATCT,0,1347017
furpa,0.07692307692307693,12,12,CTGGCGCTGGGACAAGGTAT,0,1302918
furpa,0.07692307692307693,12,12,CTGCTCTCTGGTCTATTCGA,0,1290645
furpa,0.07692307692307693,12,12,CTGAGGTTGCTCTTCGGGCA,0,1291629
furpa,0.07692307692307693,12,12,CTGAAATGAGTCATCGGCTG,0,1291638
furpa,0.07692307692307693,12,12,CTCTTTATTGCCCTCAGCGC,0,1297025
furpa,0.07692307692307693,12,12,CTCCATCGTCAGCGCATAGT,0,1295049
furpa,0.07692307692307693,12,12,CTCAGAGTTGGGAGTGGCGT,0,1314674
furpa,0.07692307692307693,12,12,CTCACTTCCGCTATGCTCTT,0,1326599
furpa,0.07692307692307693,12,12,CTCACATGTCATAGAGAGCA,0,1345876
furpa,0.07692307692307693,12,12,CTCACACCCTTATCCTTCGT,0,1283294
furpa,0.07692307692307693,12,12,CTACAAGGTGTACCTGTCCA,0,1353180
furpa,0.07692307692307693,12,12,CGTTTGCCGTGGGGCAGGCT,0,1317510
furpa,0.07692307692307693,12,12,CGTTGCTTAGGGTGACTAAG,0,1291489
furpa,0.07692307692307693,12,12,CGTGGTCTTCGGAGTACCAA,0,1288113
furpa,0.07692307692307693,12,12,CGTGCACCGTAGGGAGGGAG,0,1292602
furpa,0.07692307692307693,12,12,CGTCGGTCCATGTACATACA,0,1298326
furpa,0.07692307692307693,12,12,CGGGTGGCCTGTTTTATTAG,0,1346202
furpa,0.07692307692307693,12,12,CGGCGAGTGCAGCTAGATCA,0,1271923
furpa,0.07692307692307693,12,12,CGGATTATACGCTACGTGAG,0,1302187
furpa,0.07692307692307693,12,12,CGGACATGTCAGTCCGCGTG,0,1271331
furpa,0.07692307692307693,12,12,CGGAATTTTTGGTTGAGTTC,0,1298634
furpa,0.07692307692307693,12,12,CGCCGCTACACTTGCAGCGA,0,1311286
furpa,0.07692307692307693,12,12,CGCCGCCAGTTAGAACACCT,0,1345746
furpa,0.07692307692307693,12,12,CGCAGGTGGTGAATAATCTT,0,1295695
furpa,0.07692307692307693,12,12,CGAGCGCTTCACAGCCTACT,0,1338116
furpa,0.07692307692307693,12,12,CGACTTCTCAGGACCGCCAC,0,1297774
furpa,0.07692307692307693,12,12,CGACGGAAGTAGATCTAAAT,0,1328462
furpa,0.07692307692307693,12,12,CGAACAAGAAGGAGGTCTGT,0,1311811
furpa,0.07692307692307693,12,12,CCTTAACTTCGTTGTTTCGG,0,1312080
furpa,0.07692307692307693,12,12,CCTGCGCCAGCGTACCCGAG,0,1308702
furpa,0.07692307692307693,12,12,CCGTTTTCCCAGAGGGAGCA,0,1276445
furpa,0.07692307692307693,12,12,CCCTTTAATACGCGGAGGTC,0,1306603
furpa,0.07692307692307693,12,12,CCCACTACGGCTGTACAAGT,0,1321762
furpa,0.07692307692307693,12,12,CCAGGCTACCAGTCGGGATT,0,1272511
furpa,0.07692307692307693,12,12,CCAAGAAGAGTGGAGTATCA,0,1336268
furpa,0.07692307692307693,12,12,CATTACTCATCATTGACGTT,0,1309309
furpa,0.07692307692307693,12,12,CATGTGTCAAAGCTGAGCCC,0,1293144
furpa,0.07692307692307693,12,12,CATCTAACGAGTGGATCGCA,0,1305931
furpa,0.07692307692307693,12,12,CAGTAATCACCTGGACGCTC,0,1353913
furpa,0.07692307692307693,12,12,CAGGGTCATGTTTGGCGGGG,0,1303702
furpa,0.07692307692307693,12,12,CAGGCTGCAATCTACAGTTC,0,1323084
furpa,0.07692307692307693,12,12,CAGGCGCGTAATATATGGAG,0,1302060
furpa,0.07692307692307693,12,12,CAGGAGGAATGAGTCTGGGA,0,1274440
furpa,0.07692307692307693,12,12,CAGCTCACTTTACTGACTCA,0,1278770
furpa,0.07692307692307693,12,12,CAGCGGTTGACAAGGTACTA,0,1297851
furpa,0.07692307692307693,12,12,CAGCCTGGAACCATCCCCGG,0,1300268
furpa,0.07692307692307693,12,12,CAGATTCAGCTAGACATGTA,0,1323725
furpa,0.07692307692307693,12,12,CACTTCCAGAGCGAACATCA,0,1271984
furpa,0.07692307692307693,12,12,CACTGAACAAGAGGTGCGAT,0,1328407
furpa,0.07692307692307693,12,12,CACAGCACGCTCATACCCTG,0,1281322
furpa,0.07692307692307693,12,12,CACAGATACCCTCAGACTGG,0,1328923
furpa,0.07692307692307693,12,12,CACAGATACACAACCCCTTA,0,1319978
furpa,0.07692307692307693,12,12,CAATTCGCTAGCCGTTGCGT,0,1280302
furpa,0.07692307692307693,12,12,CAACGGCGCGTTGGTTGGGA,0,1300279
furpa,0.07692307692307693,12,12,CAAACATCTACGTACTTTCT,0,1312940
furpa,0.07692307692307693,12,12,ATTTTGGTTTGTTGGATAAT,0,1343946
furpa,0.07692307692307693,12,12,ATTTGCCGTGTCAGCTAAAC,0,1307286
furpa,0.07692307692307693,12,12,ATGTAGGGTTTCTGCAATCG,0,1297763
furpa,0.07692307692307693,12,12,ATGGAATGCGAGGAGCAGGA,0,1306134
furpa,0.07692307692307693,12,12,ATGGAAGCCCCGAGCTGCCA,0,1289405
furpa,0.07692307692307693,12,12,ATGCACGAAAACGATTAGAA,0,1351953
furpa,0.07692307692307693,12,12,ATGATCATCTACTCAGCTGG,0,1302321
furpa,0.07692307692307693,12,12,ATGAGCGGTTACCGAACGGC,0,1319998
furpa,0.07692307692307693,12,12,ATCGCGTCGGTGGTGGCGGG,0,1292706
furpa,0.07692307692307693,12,12,ATCGCGAACGAAGATGGCCT,0,1313935
furpa,0.07692307692307693,12,12,ATATATGCAGCCCCGTGAGA,0,1329008
furpa,0.07692307692307693,12,12,ATATAATCAGCACGGAGCCC,0,1300108
furpa,0.07692307692307693,12,12,ATAGAGTGTAACGGTAGACG,0,1333671
furpa,0.07692307692307693,12,12,ATACTCGCCACGAAACATCT,0,1350050
furpa,0.07692307692307693,12,12,ATACGAGACTCGCAGAGAGA,0,1297224
furpa,0.07692307692307693,12,12,AGTGTGGTTCAAATCCTCAA,0,1291813
furpa,0.07692307692307693,12,12,AGTGTCTTCAATTCTTTCGT,0,1317414
furpa,0.07692307692307693,12,12,AGGTGTTAACGACCTGCGGT,0,1338119
furpa,0.07692307692307693,12,12,AGGGCCAATACTGCGGTCCT,0,1313071
furpa,0.07692307692307693,12,12,AGGGAGCTGTCTACGTAGAA,0,1296685
furpa,0.07692307692307693,12,12,AGGGACGATTTCTGTATTCA,0,1305631
furpa,0.07692307692307693,12,12,AGGCTCTGGTTTCCTATGTA,0,1341830
furpa,0.07692307692307693,12,12,AGGCGGACGCCCTTAGATTC,0,1350469
furpa,0.07692307692307693,12,12,AGGCGAGGCTCGAATGAATT,0,1303118
furpa,0.07692307692307693,12,12,AGGAGGACTCAGGAAAGGAG,0,1283615
furpa,0.07692307692307693,12,12,AGGAATCTTAATCTCAATCC,0,1278121
furpa,0.07692307692307693,12,12,AGCGGTGCCTCACACGCTGC,0,1348056
furpa,0.07692307692307693,12,12,AGCGCCATAGTTGTTTTTTA,0,1279178
furpa,0.07692307692307693,12,12,AGCCTATAGGGCAATCGTTG,0,1324759
furpa,0.07692307692307693,12,12,AGCCCATGTCACCGCGGTTG,0,1272662
furpa,0.07692307692307693,12,12,AGCATCCTACCCTAAGTGAA,0,1316320
furpa,0.07692307692307693,12,12,AGCAAACTTTCGGCTTCAAT,0,1334533
furpa,0.07692307692307693,12,12,AGATAGGGCGTACAGGTATT,0,1325612
furpa,0.07692307692307693,12,12,AGAGCGTTGCAAGGGTATGT,0,1322011
furpa,0.07692307692307693,12,12,AGAGATCTGCTTCGTATACG,0,1353916
furpa,0.07692307692307693,12,12,AGACGTCCGTCCAGGCATAA,0,1328572
furpa,0.07692307692307693,12,12,AGAAGAATGTTTTCTATGGA,0,1297348
furpa,0.07692307692307693,12,12,AGAACCGCAGGTGTCACTTA,0,1285368
furpa,0.07692307692307693,12,12,ACTTATACAGCATAAGGCCA,0,1344604
furpa,0.07692307692307693,12,12,ACTCTTTCAGGTCGCCTTTC,0,1274998
furpa,0.07692307692307693,12,12,ACTAGGGCGAGCGTACGCCA,0,1298507
furpa,0.07692307692307693,12,12,ACGTGATCATTTTTGGTGAG,0,1288862
furpa,0.07692307692307693,12,12,ACGTACATGAAGCGAATTCG,0,1301254
furpa,0.07692307692307693,12,12,ACGAGGGCAGCCGCAATAGA,0,1343569
furpa,0.07692307692307693,12,12,ACGACCTCTCTAAGGAACTA,0,1344390
furpa,0.07692307692307693,12,12,ACGAAGTGTGCGGCACCATG,0,1352077
furpa,0.07692307692307693,12,12,ACAGTCATGCTTTCACCGAG,0,1320695
furpa,0.07692307692307693,12,12,ACAAATTTAGAAGAGCCACG,0,1296735
furpa,0.07692307692307693,12,12,AAGTCACCAGGCCGGAACGC,0,1290240
furpa,0.07692307692307693,12,12,AAGGCAAGTGAGCTATCGTT,0,1284534
furpa,0.07692307692307693,12,12,AAGGAGTATTTTATCTCCAA,0,1325799
furpa,0.07692307692307693,12,12,AAGCCGCGTAAAAGGACAGA,0,1292526
furpa,0.07692307692307693,12,12,AAGATAGGTTGCTAATTTCA,0,1277544
furpa,0.07692307692307693,12,12,AAGAGCGGTACTGATGTCCT,0,1290212
furpa,0.07692307692307693,12,12,AACGTTGATATTGGTGATTA,0,1291462
furpa,0.07692307692307693,12,12,AACGAACAAGTCGTTTCCAC,0,1313015
furpa,0.07692307692307693,12,12,AACCGCCGGCGATAGGGCAC,0,1292916
furpa,0.07692307692307693,12,12,AACCCCCGGAGCCTGGACGA,0,1317168
furpa,0.07692307692307693,12,12,AACATGGTCGTGTTCGTAAG,0,1297103
furpa,0.07692307692307693,12,12,AACAAGGCCCTGAGTTCACT,0,1301268
furpa,0.07692307692307693,12,12,AAATGGCGAAGGCTCTCCTA,0,1321799
furpa,0.07692307692307693,12,12,AAATATATTAGTGACTGCTA,0,1323098
furpa,0.07692307692307693,12,12,AAACCCGTAAGCACCTGGCC,0,1290687
furpa,0.08333333333333333,11,11,TTTTTCCGGGTTGAACCGCT,0,1349587
furpa,0.08333333333333333,11,11,TTTTGGTGACATATACGTGT,0,1271434
furpa,0.08333333333333333,11,11,TTTGATCAACTATTAAACTA,0,1282299
furpa,0.08333333333333333,11,11,TTTCATTGCTTGGTTTCTGT,0,1327028
furpa,0.08333333333333333,11,11,TTTCAGCTAAGCAGTGCAGT,0,1283737
furpa,0.08333333333333333,11,11,TTTAGTCAAGAATTGGTAAA,0,1348602
furpa,0.08333333333333333,11,11,TTTAAGCCCGGGGGTACAAC,0,1355069
furpa,0.08333333333333333,11,11,TTGGTTCTGAACAGTGAGTG,0,1315241
furpa,0.08333333333333333,11,11,TTGGGGAAGACTTCTGTCTT,0,1318184
furpa,0.08333333333333333,11,11,TTGGCTCAACCCATTAGGGG,0,1347189
furpa,0.08333333333333333,11,11,TTGGCCCTACTGCAAGTGTA,0,1352341
furpa,0.08333333333333333,11,11,TTGGATGACCACTTCCAAGC,0,1333320
furpa,0.08333333333333333,11,11,TTGCGCTATTAATGCATCCG,0,1325528
furpa,0.08333333333333333,11,11,TTGAGTTTGGTCACTTCTCC,0,1290039
furpa,0.08333333333333333,11,11,TTGAGTTGTTGTTTGTGGTG,0,1308062
furpa,0.08333333333333333,11,11,TTCTCTTAACACCAAGTATA,0,1306685
furpa,0.08333333333333333,11,11,TTCGTTTCATTTAATTCCTA,0,1335798
furpa,0.08333333333333333,11,11,TTCGGGTGTCGGTCATTCAG,0,1279505
furpa,0.08333333333333333,11,11,TTCGACCTCAAGCCTATCGA,0,1337558
furpa,0.08333333333333333,11,11,TTCCTCTCTGGTCGCGAACT,0,1299579
furpa,0.08333333333333333,11,11,TTATGCGACGTGGGACGAAA,0,1304301
furpa,0.08333333333333333,11,11,TTAGGGGGACGCACGTAAGT,0,1341317
furpa,0.08333333333333333,11,11,TTACCGTCGTTATGGCGTCT,0,1296434
furpa,0.08333333333333333,11,11,TTACCACCGCAGGAGTTCCC,0,1306407
furpa,0.08333333333333333,11,11,TTACAAGGATGTGCGTTTAG,0,1324300
furpa,0.08333333333333333,11,11,TGTTGAGCTAAGAAACCTAA,0,1319030
furpa,0.08333333333333333,11,11,TGTGGATTATTGACACTTGC,0,1302686
furpa,0.08333333333333333,11,11,TGTGAAGTGTGGGATCGAAA,0,1329847
furpa,0.08333333333333333,11,11,TGGTTGCTGGATAATTAGCT,0,1312618
furpa,0.08333333333333333,11,11,TGGGTTTTTTGGTGCCCTCA,0,1350265
furpa,0.08333333333333333,11,11,TGGGTCCTGATTTCGACGTC,0,1277293
furpa,0.08333333333333333,11,11,TGGGGGTAAGAAGTCGCTGG,0,1286327
furpa,0.08333333333333333,11,11,TGGGGCGGACTCAGATTTAT,0,1292668
furpa,0.08333333333333333,11,11,TGCTTCACGCCATTTTTGTG,0,1304605
furpa,0.08333333333333333,11,11,TGCTCTTAGGCGCCAGACGG,0,1274701
furpa,0.08333333333333333,11,11,TGCGTGGTGTAAGGATGGTT,0,1302519
furpa,0.08333333333333333,11,11,TGCGGACTTAACCTATCGAA,0,1283440
furpa,0.08333333333333333,11,11,TGCGCACACTAATCGGCGGG,0,1319351
furpa,0.08333333333333333,11,11,TGCCTTCCGTACGAAGCTGA,0,1346421
furpa,0.08333333333333333,11,11,TGCCTTACGCTGTCATGAGA,0,1325427
furpa,0.08333333333333333,11,11,TGCCACATTGCGTATAGGCA,0,1289239
furpa,0.08333333333333333,11,11,TGAGTATCGTGGCTGGGGGT,0,1338772
furpa,0.08333333333333333,11,11,TGAAGATCTCAAGTGATATT,0,1296739
furpa,0.08333333333333333,11,11,TGAAGACACTGAACTTGTGT,0,1303505
furpa,0.08333333333333333,11,11,TCTTTGCCATGGGGCTGCTC,0,1321402
furpa,0.08333333333333333,11,11,TCTTAATGAAATCAAAGGGT,0,1325679
furpa,0.08333333333333333,11,11,TCTGGTAGATAAATTCATCA,0,1310665
furpa,0.08333333333333333,11,11,TCGTTATTCAAATGAGCGTA,0,1314140
furpa,0.08333333333333333,11,11,TCGGTTCTCACAGCACTGAT,0,1290310
furpa,0.08333333333333333,11,11,TCCGCGGGGACCCACCAAGA,0,1277480
furpa,0.08333333333333333,11,11,TCCCTGAGAGCCTCTGATAG,0,1303259
furpa,0.08333333333333333,11,11,TCCCGCAGTACGCCGCAGGC,0,1354057
furpa,0.08333333333333333,11,11,TCCCACCTCCCAGGGACGTA,0,1297730
furpa,0.08333333333333333,11,11,TCCCAAGGTAAATGTCCCGT,0,1341024
furpa,0.08333333333333333,11,11,TCCACTGGCCATAGCACAGA,0,1284652
furpa,0.08333333333333333,11,11,TCCACGAGACCGGGGAGAGA,0,1287994
furpa,0.08333333333333333,11,11,TCCACCCGATATCTCTTATG,0,1304192
furpa,0.08333333333333333,11,11,TCAGTTATCTCGCGCAAAGC,0,1310246
furpa,0.08333333333333333,11,11,TCAGTTAATAGTTTCACCAC,0,1285291
furpa,0.08333333333333333,11,11,TCAGACACGTCACATTTAAA,0,1276107
furpa,0.08333333333333333,11,11,TCACGGGGGGAACGATCATT,0,1290148
furpa,0.08333333333333333,11,11,TCAAGCAAATCATCCGCGCA,0,1323658
furpa,0.08333333333333333,11,11,TCAAAGCCAGCTCCTCCGGG,0,1307680
furpa,0.08333333333333333,11,11,TATTAGTAGCGGGCACGCCT,0,1338830
furpa,0.08333333333333333,11,11,TATCCGTTCTATCTTCGTCA,0,1353254
furpa,0.08333333333333333,11,11,TATATGACCCCTCCGAACGA,0,1275710
furpa,0.08333333333333333,11,11,TATAGCTAAAGGGAGAACAT,0,1274399
furpa,0.08333333333333333,11,11,TATAACTGCGCGGACCTCAT,0,1284657
furpa,0.08333333333333333,11,11,TAGGGAGGGTTAGTCAAATT,0,1291457
furpa,0.08333333333333333,11,11,TAGGCCTGGATTCTCTCTAA,0,1329965
furpa,0.08333333333333333,11,11,TAGGATTTTTCCAGCGAACA,0,1306595
furpa,0.08333333333333333,11,11,TAGATAGACATACTCGAAAG,0,1302687
furpa,0.08333333333333333,11,11,TACGCTTAACAACTTGAAGT,0,1285096
furpa,0.08333333333333333,11,11,TACACTACTAACCAAGTATA,0,1294793
furpa,0.08333333333333333,11,11,TACACCCGCGGAATGACTTC,0,1343042
furpa,0.08333333333333333,11,11,TACACATCTCCTCTGGGTCA,0,1357069
furpa,0.08333333333333333,11,11,GTTTGGGCGATATCGCAATT,0,1277808
furpa,0.08333333333333333,11,11,GTTTGAGTCTTCCATGACGT,0,1347188
furpa,0.08333333333333333,11,11,GTTTGACCAGGAGCAATATA,0,1330003
furpa,0.08333333333333333,11,11,GTTGCATCTCTCCTGTGTAC,0,1291074
furpa,0.08333333333333333,11,11,GTTCCGAGGGGCGGAGCCCC,0,1277655
furpa,0.08333333333333333,11,11,GTTATACACGAACGGGGTTG,0,1295279
furpa,0.08333333333333333,11,11,GTTAGGGTTGTGAAACGCCT,0,1289899
furpa,0.08333333333333333,11,11,GTTAGATCAGGTCAAAGGCC,0,1284563
furpa,0.08333333333333333,11,11,GTGTGGGTCACTACGCACTC,0,1356590
furpa,0.08333333333333333,11,11,GTGGCGGCAACGAGAAGACC,0,1350678
furpa,0.08333333333333333,11,11,GTGCCGCCTTAAGTCGATTT,0,1342680
furpa,0.08333333333333333,11,11,GTGACAGTTCCTGTCTAGGG,0,1354638
furpa,0.08333333333333333,11,11,GTCCATCGTCCGGCGGGATC,0,1298144
furpa,0.08333333333333333,11,11,GTCATAATAAGTTAAGTAAG,0,1274316
furpa,0.08333333333333333,11,11,GTCATAACCGGGGGCCAAGC,0,1276105
furpa,0.08333333333333333,11,11,GTCAAGGGGGCTGGCCACGG,0,1311553
furpa,0.08333333333333333,11,11,GTCAAGACTAGGCGCGTCAC,0,1345308
furpa,0.08333333333333333,11,11,GTATCCCTGTTAGCACTTGA,0,1283781
furpa,0.08333333333333333,11,11,GTAGTGGCCAGGAGGATTGG,0,1297760
furpa,0.08333333333333333,11,11,GTACGGAGGTACAGGGGAAG,0,1346970
furpa,0.08333333333333333,11,11,GGTGTAATGTGATTGAGAAC,0,1353385
furpa,0.08333333333333333,11,11,GGTCTGCGGATAAAGTAGAT,0,1297101
furpa,0.08333333333333333,11,11,GGTCTCTAAATCAGCAAGGT,0,1292110
furpa,0.08333333333333333,11,11,GGTCGTGACTCGGAATTCGG,0,1320391
furpa,0.08333333333333333,11,11,GGTCATTCCCCAAAGGAATA,0,1309601
furpa,0.08333333333333333,11,11,GGTCAGGCCGCGTGCTTTCA,0,1325364
furpa,0.08333333333333333,11,11,GGTACTCGCAGGATCTTTAA,0,1332557
furpa,0.08333333333333333,11,11,GGTAAAGACGGGGCTACATC,0,1289300
furpa,0.08333333333333333,11,11,GGGTGTCCCTATGAGGGTAG,0,1290626
furpa,0.08333333333333333,11,11,GGGTCCACAGCGCTGAACCT,0,1298764
furpa,0.08333333333333333,11,11,GGGGTAGGTGCTCCCGAAGG,0,1300537
furpa,0.08333333333333333,11,11,GGGGCTTTTAAGGTTTCGGG,0,1312334
furpa,0.08333333333333333,11,11,GGGCTACGTAGAGGCATATG,0,1271428
furpa,0.08333333333333333,11,11,GGGCGTAGATTCCAGATTTG,0,1291550
furpa,0.08333333333333333,11,11,GGGATTTAGTTCAGGATCTC,0,1311729
furpa,0.08333333333333333,11,11,GGCTGTTTCTTCAAGTTTAA,0,1286415
furpa,0.08333333333333333,11,11,GGCGTGTGATGCGTAGACTC,0,1324634
furpa,0.08333333333333333,11,11,GGCCTGACCTAAACTGAATA,0,1309272
furpa,0.08333333333333333,11,11,GGCCGCATGGGGGTCAACAC,0,1276448
furpa,0.08333333333333333,11,11,GGCCCTCCTATAGACTGGGT,0,1307937
furpa,0.08333333333333333,11,11,GGCCCGCTGAGGAACCTTAT,0,1342821
furpa,0.08333333333333333,11,11,GGCAGTAAAGATTCCTAGTC,0,1346463
furpa,0.08333333333333333,11,11,GGCAATAGTTTCATGTCCCG,0,1321398
furpa,0.08333333333333333,11,11,GGAGTTATATTCTCTAGCGG,0,1287866
furpa,0.08333333333333333,11,11,GGAGGCCCTCCAAATTCAAA,0,1322205
furpa,0.08333333333333333,11,11,GGAGCGCACGAGCGAGACTG,0,1284064
furpa,0.08333333333333333,11,11,GCTGTTGCGCGGACTGGAGA,0,1281446
furpa,0.08333333333333333,11,11,GCTGTAGTCTTTAGTCCTGT,0,1356975
furpa,0.08333333333333333,11,11,GCTCGGTTACGGTATCCATT,0,1299950
furpa,0.08333333333333333,11,11,GCGTGCTAATGGCCAGAGGC,0,1288357
furpa,0.08333333333333333,11,11,GCGGTCTTTCCGTCAACCCG,0,1341797
furpa,0.08333333333333333,11,11,GCGGGAGGACAACCCGTTTA,0,1315053
furpa,0.08333333333333333,11,11,GCGGCAGACCGGTACCTTAT,0,1310900
furpa,0.08333333333333333,11,11,GCGCTCCATTCGGCCTTTGC,0,1355195
furpa,0.08333333333333333,11,11,GCGCTACGCTTTAGGGATCT,0,1331478
furpa,0.08333333333333333,11,11,GCCTTTCGGGGTGGGGTATT,0,1292231
furpa,0.08333333333333333,11,11,GCCTGCCTTGGATAGGAAGG,0,1347961
furpa,0.08333333333333333,11,11,GCCGCTGCCTCATGATACGT,0,1313092
furpa,0.08333333333333333,11,11,GCCGCCTGTTAAGAGCGCGC,0,1282697
furpa,0.08333333333333333,11,11,GCCCTCTAACGCGTCACAAT,0,1353434
furpa,0.08333333333333333,11,11,GCCAAGGTTCATGCAAGACC,0,1274319
furpa,0.08333333333333333,11,11,GCATTTCGACCTCTGTGCGA,0,1279653
furpa,0.08333333333333333,11,11,GCATTGAATAAATCGCCTTC,0,1319976
furpa,0.08333333333333333,11,11,GCATTAGTGTATCTAAGCTG,0,1346948
furpa,0.08333333333333333,11,11,GCATTAGCAATTATTCGATT,0,1340110
furpa,0.08333333333333333,11,11,GCATGGCCAAACATACTCTC,0,1324671
furpa,0.08333333333333333,11,11,GCAGTTAAAGACCAGTCAAG,0,1286286
furpa,0.08333333333333333,11,11,GCAGGTTATCCGTAATTCTG,0,1279028
furpa,0.08333333333333333,11,11,GCACGTGGGTAACTGGGAGT,0,1342734
furpa,0.08333333333333333,11,11,GCACGAAGAGGCGGACATCT,0,1340113
furpa,0.08333333333333333,11,11,GCACAAAAGAAACTTAAGTC,0,1340070
furpa,0.08333333333333333,11,11,GCAATGCGCTTGATCGAGCT,0,1312687
furpa,0.08333333333333333,11,11,GATTTTCCACGTGGTGCACT,0,1288915
furpa,0.08333333333333333,11,11,GATTCATTATTGTTTCTTTC,0,1288863
furpa,0.08333333333333333,11,11,GATGGTACGTAATTGAGCGA,0,1308704
furpa,0.08333333333333333,11,11,GATGAGAAGATAGGACGCTT,0,1301682
furpa,0.08333333333333333,11,11,GATCCTTTCGTATTTCCTCA,0,1293852
furpa,0.08333333333333333,11,11,GATAGAATGGAATAGTTCCC,0,1294516
furpa,0.08333333333333333,11,11,GATACGCGGCTGGCAAGCTT,0,1347722
furpa,0.08333333333333333,11,11,GAGTTATTGTTAGGGCGAGG,0,1357162
furpa,0.08333333333333333,11,11,GAGGGCTGCACATTGTACGG,0,1279437
furpa,0.08333333333333333,11,11,GAGCTGGGATCCACCTACTG,0,1313063
furpa,0.08333333333333333,11,11,GAGCCGATGCAGGGTGGGCA,0,1328442
furpa,0.08333333333333333,11,11,GAGATTTGTACTTCCAGAAC,0,1297918
furpa,0.08333333333333333,11,11,GAGAGCTTGGAGCATGGTTC,0,1323360
furpa,0.08333333333333333,11,11,GACTTCAAGAATATGTGAAT,0,1332251
furpa,0.08333333333333333,11,11,GACCCTCCGCGATACGCAAT,0,1283069
furpa,0.08333333333333333,11,11,GACCCTAAGGGGATGGACGG,0,1299228
furpa,0.08333333333333333,11,11,GACACGCCAAACGTGGTAGG,0,1301612
furpa,0.08333333333333333,11,11,GACAAGTGAATTATCGCGCT,0,1307828
furpa,0.08333333333333333,11,11,GAATATTGAGGACAGCACCA,0,1290991
furpa,0.08333333333333333,11,11,GAATAAACTGTCTAATTCTT,0,1289023
furpa,0.08333333333333333,11,11,GAACGACCAGTGCATTTGAG,0,1309991
furpa,0.08333333333333333,11,11,GAAATATCCGGAGGGCTATT,0,1295852
furpa,0.08333333333333333,11,11,GAAACTGTTGACTGAAAGTA,0,1337092
furpa,0.08333333333333333,11,11,CTTTTTAGTTAAGTTCAGCG,0,1301325
furpa,0.08333333333333333,11,11,CTTTGGTCTCTGCTATTGTT,0,1347741
furpa,0.08333333333333333,11,11,CTTCTGAAGATCGGCGCTTT,0,1315898
furpa,0.08333333333333333,11,11,CTTATTGCGACTCCAGACCA,0,1347623
furpa,0.08333333333333333,11,11,CTTATGTTTAAGATTCTGAT,0,1283632
furpa,0.08333333333333333,11,11,CTTACATCCGACGCACAGTG,0,1352343
furpa,0.08333333333333333,11,11,CTGTTTCTTGGAATTAAAAA,0,1326559
furpa,0.08333333333333333,11,11,CTGTTGACAATTACTGCTTA,0,1356794
furpa,0.08333333333333333,11,11,CTGTCTCGCATTGGGGGTGT,0,1313645
furpa,0.08333333333333333,11,11,CTGTCGAAGCAATCTTTAGT,0,1308835
furpa,0.08333333333333333,11,11,CTGTATAAGATCGAAAGGTG,0,1325946
furpa,0.08333333333333333,11,11,CTGTAGGAACCGGACTAATT,0,1352288
furpa,0.08333333333333333,11,11,CTGGCTAGCGGTCGCTGGTA,0,1346598
furpa,0.08333333333333333,11,11,CTGATCACAGTCCGTCACTC,0,1333665
furpa,0.08333333333333333,11,11,CTCGGAATGTACAACTTATT,0,1321976
furpa,0.08333333333333333,11,11,CTCGACGGGAGGTTAAGCAT,0,1287039
furpa,0.08333333333333333,11,11,CTCCATCTCGAGCCGATCTG,0,1284413
furpa,0.08333333333333333,11,11,CTCAGGCAATGATCGCTGAA,0,1284334
furpa,0.08333333333333333,11,11,CTCACACCCCATCCGCGTAG,0,1318388
furpa,0.08333333333333333,11,11,CTAGTTCGGATAAGCACGTG,0,1336265
furpa,0.08333333333333333,11,11,CTACTTCCCAACCCACAACT,0,1285645
furpa,0.08333333333333333,11,11,CTAATCTGTAGGTTTTATGT,0,1306363
furpa,0.08333333333333333,11,11,CTAAATCGGGTCATGGAGCG,0,1336959
furpa,0.08333333333333333,11,11,CGTTCTTCATACCGTGACTC,0,1314751
furpa,0.08333333333333333,11,11,CGTTCGCACAGATGGGGTCT,0,1291292
furpa,0.08333333333333333,11,11,CGTTACCGCCCCCACCGACT,0,1282526
furpa,0.08333333333333333,11,11,CGTGGGATCCCTATATAATT,0,1281985
furpa,0.08333333333333333,11,11,CGTGCCGGTCAAGTTGAGTG,0,1324842
furpa,0.08333333333333333,11,11,CGTGATCGTGGGGTCTCAAT,0,1273232
furpa,0.08333333333333333,11,11,CGTCTGTTTGTCGCTAGACA,0,1293035
furpa,0.08333333333333333,11,11,CGTATTTAGGCAGACTAATC,0,1348387
furpa,0.08333333333333333,11,11,CGGTTTCTTGAATGTCGATA,0,1351381
furpa,0.08333333333333333,11,11,CGGTAGTGATACTAAACCCC,0,1334548
furpa,0.08333333333333333,11,11,CGGGTAATGTTGTCCACCGT,0,1293623
furpa,0.08333333333333333,11,11,CGGGGAGAGTCACATTTTTT,0,1293068
furpa,0.08333333333333333,11,11,CGGGCACCGGTAAATCTTAT,0,1300054
furpa,0.08333333333333333,11,11,CGGGATGTATTTACTGAATT,0,1352834
furpa,0.08333333333333333,11,11,CGGGATGGACCAGGAAATCC,0,1294121
furpa,0.08333333333333333,11,11,CGGGAACGCTGCCATGTTCT,0,1303789
furpa,0.08333333333333333,11,11,CGGCTTGGGCGTTGCAGATC,0,1283225
furpa,0.08333333333333333,11,11,CGGCGTAGACAAAACTTGTC,0,1337286
furpa,0.08333333333333333,11,11,CGGCAATCGCTATATTCTTC,0,1280832
furpa,0.08333333333333333,11,11,CGGATCCACCTTTATACGGT,0,1292019
furpa,0.08333333333333333,11,11,CGGAGGCATGGGATTTCCTA,0,1340614
furpa,0.08333333333333333,11,11,CGCTTACTGTATATACGCTT,0,1333577
furpa,0.08333333333333333,11,11,CGCGTGCCGTCTTTTACATT,0,1337208
furpa,0.08333333333333333,11,11,CGCCGATACAGCACGCATCA,0,1294265
furpa,0.08333333333333333,11,11,CGCATGTCTGTTCTGGACTG,0,1293120
furpa,0.08333333333333333,11,11,CGCACGCGTTTATTCCGCAT,0,1308113
furpa,0.08333333333333333,11,11,CGACTCGGTTAGGGGAAGAG,0,1330049
furpa,0.08333333333333333,11,11,CGAATTAGAAGCTGCATGTG,0,1279581
furpa,0.08333333333333333,11,11,CGAATGGGGCTTCTCGGCAT,0,1280830
furpa,0.08333333333333333,11,11,CGAAGTCGGCGAGCTCCATG,0,1312423
furpa,0.08333333333333333,11,11,CGAAGGGGCGCACCACTTGA,0,1319313
furpa,0.08333333333333333,11,11,CCTTTTTGTAGGCCAATTGT,0,1276754
furpa,0.08333333333333333,11,11,CCTTTCTGAGCTGTGGTATC,0,1336149
furpa,0.08333333333333333,11,11,CCTTCTGGTGATCCAATGCA,0,1344659
furpa,0.08333333333333333,11,11,CCTGTGCAGTACAATGGATC,0,1276313
furpa,0.08333333333333333,11,11,CCTGAGTATGAAACGCTAGT,0,1273291
furpa,0.08333333333333333,11,11,CCTCTCCGTGCCTCTTAGTT,0,1277669
furpa,0.08333333333333333,11,11,CCTATTCCGTTGACAGTAGT,0,1339974
furpa,0.08333333333333333,11,11,CCTATACTAATGATGGTATC,0,1344743
furpa,0.08333333333333333,11,11,CCGCGAGCCAGGGGCGATTC,0,1316199
furpa,0.08333333333333333,11,11,CCGCCACAGAAAATTGGTAT,0,1323915
furpa,0.08333333333333333,11,11,CCGAACCCGGTTACGAGAAG,0,1344280
furpa,0.08333333333333333,11,11,CCCTTTCGTTGTTGCACGAA,0,1348269
furpa,0.08333333333333333,11,11,CCCGAGATCGGAGGGTATGC,0,1353016
furpa,0.08333333333333333,11,11,CCCGACTTCGAACCATAACG,0,1298009
furpa,0.08333333333333333,11,11,CCCAGGTATGAGAGTTTAGG,0,1273686
furpa,0.08333333333333333,11,11,CCCAGCAGGGCTTCTTCACA,0,1339262
furpa,0.08333333333333333,11,11,CCCACCGCGCTTTCTGAGGC,0,1292799
furpa,0.08333333333333333,11,11,CCATGACGGTAGTGAGTTAC,0,1288353
furpa,0.08333333333333333,11,11,CCATCGCGCGGTTGTATTCT,0,1290909
furpa,0.08333333333333333,11,11,CCACCTTACAGGGTCTTATG,0,1285379
furpa,0.08333333333333333,11,11,CCAACCTCTCATGTGGCGGA,0,1327154
furpa,0.08333333333333333,11,11,CCAAAAGGCTTACCGTTGTT,0,1289526
furpa,0.08333333333333333,11,11,CATTTGAGCGTTCGTTTGAG,0,1274523
furpa,0.08333333333333333,11,11,CATTGGGATTAATGGTGTCC,0,1335400
furpa,0.08333333333333333,11,11,CATGACGCTAAGTAAGCCAC,0,1290852
furpa,0.08333333333333333,11,11,CATGAAAACAGCACGTAAAT,0,1341325
furpa,0.08333333333333333,11,11,CATCTGGGGCTAGGTTTGAA,0,1317549
furpa,0.08333333333333333,11,11,CATCCCGTAAAGGCGTCGTG,0,1301774
furpa,0.08333333333333333,11,11,CATACGGTTGAACTAAAGAG,0,1317690
furpa,0.08333333333333333,11,11,CAGTTAGCCACACAACACGA,0,1274496
furpa,0.08333333333333333,11,11,CAGTCATGGACCCCTAGCGT,0,1332547
furpa,0.08333333333333333,11,11,CAGCTCGTGCTAAAGTGAGT,0,1353996
furpa,0.08333333333333333,11,11,CAGACAAAACGCGCACGGGG,0,1334596
furpa,0.08333333333333333,11,11,CACGGTCCTCTCTCCCTCAG,0,1274365
furpa,0.08333333333333333,11,11,CACCTTGGACCCCACGCTTG,0,1319100
furpa,0.08333333333333333,11,11,CACCTGAGCCAGTATCGTCC,0,1294716
furpa,0.08333333333333333,11,11,CACCGCGAACTTATTACCTC,0,1272331
furpa,0.08333333333333333,11,11,CACCCCGCATATCGACCATG,0,1317301
furpa,0.08333333333333333,11,11,CACCCAGTATATGAGGGGAT,0,1334984
furpa,0.08333333333333333,11,11,CACCCAGGGCCTGACGTTGG,0,1301355
furpa,0.08333333333333333,11,11,CAATGTAGTGGGTACTTACT,0,1329152
furpa,0.08333333333333333,11,11,CAAGCAACCCGGCACGCCGC,0,1310131
furpa,0.08333333333333333,11,11,CAAATGGCCTCAACTCAGAA,0,1278924
furpa,0.08333333333333333,11,11,CAAAATGCGGTAGCCACTGT,0,1296288
furpa,0.08333333333333333,11,11,CAAAAATAGTAGTCCCGCTC,0,1296432
furpa,0.08333333333333333,11,11,CAAAAAGGACCATTCGAAAA,0,1328589
furpa,0.08333333333333333,11,11,ATTTGCATCTACCCTCAGCA,0,1278412
furpa,0.08333333333333333,11,11,ATTTCGGCGTGACTGAGTAA,0,1295607
furpa,0.08333333333333333,11,11,ATTCTGTGAGCTTGTTGGCA,0,1354040
furpa,0.08333333333333333,11,11,ATTATACTAGGCGTAATCGA,0,1285278
furpa,0.08333333333333333,11,11,ATTAGTCTAAAGCATTCAGA,0,1281327
furpa,0.08333333333333333,11,11,ATTAAAGAACGACACGGTGT,0,1324675
furpa,0.08333333333333333,11,11,ATGTTGGAAAGTATTTAGAA,0,1312086
furpa,0.08333333333333333,11,11,ATGTCGTGTGTCTGTAAAAC,0,1314234
furpa,0.08333333333333333,11,11,ATGCACGATCTTTGTCTGCT,0,1356918
furpa,0.08333333333333333,11,11,ATGAGCGTGTGTGGGCACCT,0,1287040
furpa,0.08333333333333333,11,11,ATCTGCAATGGTTTCCCATC,0,1330012
furpa,0.08333333333333333,11,11,ATCTAGAAGAGTAGGTGCTA,0,1302010
furpa,0.08333333333333333,11,11,ATCGTCATGACTGTATGCCG,0,1343294
furpa,0.08333333333333333,11,11,ATCCGCGTGACTGGTATTGT,0,1279186
furpa,0.08333333333333333,11,11,ATCAGTAGCCGGATGGTCTT,0,1328019
furpa,0.08333333333333333,11,11,ATCAATTGTTCGTTGACGAC,0,1301838
furpa,0.08333333333333333,11,11,ATATTGATTACTGATCCGAG,0,1306678
furpa,0.08333333333333333,11,11,ATATTCTAAAAGACAGTCTA,0,1295225
furpa,0.08333333333333333,11,11,ATATGAGGCAGAGGTCTGCG,0,1320745
furpa,0.08333333333333333,11,11,ATATAAACCTGAATACCTAC,0,1316459
furpa,0.08333333333333333,11,11,ATAGTTTGCAGGTCTCTAAA,0,1313090
furpa,0.08333333333333333,11,11,ATAGTTGCACCCTCTCCCAA,0,1315052
furpa,0.08333333333333333,11,11,ATACTCCGGATATATACGTT,0,1297707
furpa,0.08333333333333333,11,11,ATAAAGTATGTGCTCGCGCA,0,1332599
furpa,0.08333333333333333,11,11,AGTTGTGCTGTGTTGATGTT,0,1312722
furpa,0.08333333333333333,11,11,AGTGAGCCAATTCCTCCGCT,0,1271175
furpa,0.08333333333333333,11,11,AGTCGCGGCGACCGCTGTTT,0,1315910
furpa,0.08333333333333333,11,11,AGTATGTGCTTTTTACTATG,0,1280826
furpa,0.08333333333333333,11,11,AGGGTAACACTAATAGGTCT,0,1334396
furpa,0.08333333333333333,11,11,AGGGGACCGCTTTCTTTGCG,0,1297733
furpa,0.08333333333333333,11,11,AGGGCTTTCTCTACAGCAGA,0,1302018
furpa,0.08333333333333333,11,11,AGGCATGTTGTTGGCGCGGG,0,1276916
furpa,0.08333333333333333,11,11,AGGAGGAGGCTCGAAGCTAG,0,1307168
furpa,0.08333333333333333,11,11,AGGACGCTTCCAGCTCTTAG,0,1326387
furpa,0.08333333333333333,11,11,AGGACATATCCTTGCCTGCG,0,1298439
furpa,0.08333333333333333,11,11,AGCTTTCGCCCAAGTAATAA,0,1306419
furpa,0.08333333333333333,11,11,AGCGTCCTTGACGTGTAGCA,0,1316517
furpa,0.08333333333333333,11,11,AGCCCCGCTGTACAAGGTTA,0,1296295
furpa,0.08333333333333333,11,11,AGCCAATCCGACGCAATCAC,0,1293002
furpa,0.08333333333333333,11,11,AGATTCCGGGTGGGCGTCGG,0,1283942
furpa,0.08333333333333333,11,11,AGATCTAATGCCACCGCATG,0,1307006
furpa,0.08333333333333333,11,11,AGAGGCTATTAAGGCGGTAT,0,1333871
furpa,0.08333333333333333,11,11,AGACTCAGATGGGCACGCCC,0,1279523
furpa,0.08333333333333333,11,11,AGACCCAATCTTAGTCAACA,0,1313169
furpa,0.08333333333333333,11,11,AGACAGCCCTTGGGCGTACA,0,1304233
furpa,0.08333333333333333,11,11,AGACACTCATAGGACAGCGT,0,1303013
furpa,0.08333333333333333,11,11,AGAAGATTTATCGGGGGCTT,0,1341502
furpa,0.08333333333333333,11,11,ACTTTCCACCGCTTTACGGC,0,1334038
furpa,0.08333333333333333,11,11,ACTTGACTTGGCACCACACC,0,1291913
furpa,0.08333333333333333,11,11,ACTTCTATCGAATGGTACTG,0,1314225
furpa,0.08333333333333333,11,11,ACTCAAAATGTGCAGCCCTA,0,1318734
furpa,0.08333333333333333,11,11,ACTACATCCGATTGTTAACT,0,1305051
furpa,0.08333333333333333,11,11,ACGTACAACTTTACCGGCCA,0,1341074
furpa,0.08333333333333333,11,11,ACGGGACGACTATTCCCCGT,0,1304667
furpa,0.08333333333333333,11,11,ACGCTGAGCTCCCCGGTCCC,0,1300805
furpa,0.08333333333333333,11,11,ACGCTAGGACGACGCGTCAT,0,1328457
furpa,0.08333333333333333,11,11,ACGCGGTTGTTTATGGGCAA,0,1324716
furpa,0.08333333333333333,11,11,ACGCCATGCGTGGATATCCG,0,1312079
furpa,0.08333333333333333,11,11,ACCTTAGTAGGTATGAAGTG,0,1336556
furpa,0.08333333333333333,11,11,ACCTAGTAACAGCTCTTTGC,0,1324307
furpa,0.08333333333333333,11,11,ACCCAGTACATCATTTACCA,0,1313585
furpa,0.08333333333333333,11,11,ACCATTTTGAAAACGGCTTG,0,1293493
furpa,0.08333333333333333,11,11,ACATTCTCCTGTGCTCTCGC,0,1327531
furpa,0.08333333333333333,11,11,ACATATGCACCGGCGAATTT,0,1294787
furpa,0.08333333333333333,11,11,ACATAACGGAAAACAGCTAG,0,1336666
furpa,0.08333333333333333,11,11,ACAGCCTATCTATGTCCCTT,0,1326382
furpa,0.08333333333333333,11,11,ACAAGTTGAGCGTGGACCTC,0,1280575
furpa,0.08333333333333333,11,11,ACAACGTGTGGTATCGTGAA,0,1298964
furpa,0.08333333333333333,11,11,AATTATATAGCGCGCGAACA,0,1350858
furpa,0.08333333333333333,11,11,AATTAATTAGGTAAGAGGCA,0,1315571
furpa,0.08333333333333333,11,11,AATGTCCGGGTCTATGTCCA,0,1339695
furpa,0.08333333333333333,11,11,AATCACTCCAGAAGCGACGC,0,1331358
furpa,0.08333333333333333,11,11,AATCAAGAACGAGTGGCTAC,0,1352498
furpa,0.08333333333333333,11,11,AATAGCGTGTGAATGAATCG,0,1292367
furpa,0.08333333333333333,11,11,AATAGAGATGCGAGTCGTAC,0,1303400
furpa,0.08333333333333333,11,11,AATACTTGAAAGTTGGGCTC,0,1302814
furpa,0.08333333333333333,11,11,AATACTTCGCGCCAATGTGG,0,1311115
furpa,0.08333333333333333,11,11,AATAAGTCACGCAACGACTA,0,1351578
furpa,0.08333333333333333,11,11,AAGTTGCTCAGTCAATTTAA,0,1291800
furpa,0.08333333333333333,11,11,AAGGTTCGCCACTAAACTCA,0,1283001
furpa,0.08333333333333333,11,11,AAGGGGTGAGAAACACTCAT,0,1341366
furpa,0.08333333333333333,11,11,AAGCTCCAGCAAGTTTTGAC,0,1335275
furpa,0.08333333333333333,11,11,AAGCGTATAGTACATAGGAC,0,1314844
furpa,0.08333333333333333,11,11,AACCGATGGTCCAGTCTTTG,0,1342040
furpa,0.08333333333333333,11,11,AACCCAACAGACACCTGTGC,0,1316674
furpa,0.08333333333333333,11,11,AAATGGCGAAACTCGAAGTC,0,1288000
furpa,0.08333333333333333,11,11,AAAGTTACGCACGCGGAAGT,0,1272664
furpa,0.08333333333333333,11,11,AAAGATTGAGCGTCATGCGT,0,1333229
furpa,0.08333333333333333,11,11,AAAGACAATGTCCTCTGTGG,0,1333515
furpa,0.08333333333333333,11,11,AAACTGGCGTGGTGTAGTAC,0,1323499
furpa,0.08333333333333333,11,11,AAACCAACCCTGCCTCCCAG,0,1277402
furpa,0.08333333333333333,11,11,AAAATTGCGAACGCTGTCGT,0,1281898
furpa,0.09090909090909091,10,10,TTTTCACGGAAGCATCGAGA,0,1286295
furpa,0.09090909090909091,10,10,TTTGTGCCGTGCTGACCGGT,0,1345637
furpa,0.09090909090909091,10,10,TTTCCACCCGTTGAAAGTCT,0,1324184
furpa,0.09090909090909091,10,10,TTTAGTCGGTGGCACGGGCT,0,1275602
furpa,0.09090909090909091,10,10,TTTACCGGCGTTCAGTGTCT,0,1313879
furpa,0.09090909090909091,10,10,TTTAAGGGAGGGCACGAAGA,0,1278029
furpa,0.09090909090909091,10,10,TTGTTGAATGCGGAACACTG,0,1344928
furpa,0.09090909090909091,10,10,TTGTGTGAGAGTTGGACTTG,0,1350905
furpa,0.09090909090909091,10,10,TTGGGCATCGTGAGGACGAA,0,1341194
furpa,0.09090909090909091,10,10,TTGGAAGGCTAATAATACAT,0,1306421
furpa,0.09090909090909091,10,10,TTGCTCTCGTCGAGAGATAA,0,1290239
furpa,0.09090909090909091,10,10,TTCTAGCTTACCCTAGGCCT,0,1300263
furpa,0.09090909090909091,10,10,TTCGTGGGTTCGTGGTCGGC,0,1323402
furpa,0.09090909090909091,10,10,TTCGGGCCATGTCTTTCGCA,0,1346143
furpa,0.09090909090909091,10,10,TTCGAATTTCACCCCTGTCG,0,1322087
furpa,0.09090909090909091,10,10,TTCCATGACGATAGGGCCTA,0,1310233
furpa,0.09090909090909091,10,10,TTCCATCACTATCGGCCCGG,0,1291661
furpa,0.09090909090909091,10,10,TTCATAAGCGTTGAATACGA,0,1310738
furpa,0.09090909090909091,10,10,TTCAGGGCACGATGCCCCAC,0,1281961
furpa,0.09090909090909091,10,10,TTCAGGCAATAAGATGAGGA,0,1324125
furpa,0.09090909090909091,10,10,TTATCTTCCGCGGTGCCACT,0,1298824
furpa,0.09090909090909091,10,10,TTATCTGGCACGCAATCAAT,0,1307864
furpa,0.09090909090909091,10,10,TTAGGGCCAGTCAGGCTTGT,0,1290772
furpa,0.09090909090909091,10,10,TTAGATTAACAACGTTGTTC,0,1274996
furpa,0.09090909090909091,10,10,TTACCCGCTGAATATGTCGT,0,1317689
furpa,0.09090909090909091,10,10,TTAATTATTAATCGCCTATC,0,1333384
furpa,0.09090909090909091,10,10,TGTTTATCGCACGCGGGAAT,0,1353047
furpa,0.09090909090909091,10,10,TGTTCTATACCGTCGAGGCC,0,1272326
furpa,0.09090909090909091,10,10,TGTCATTTGGGCACAATAAG,0,1334121
furpa,0.09090909090909091,10,10,TGTCATAAGGGTTTGGCAAA,0,1322290
furpa,0.09090909090909091,10,10,TGTAGAGTCAGACTCCGTCT,0,1289902
furpa,0.09090909090909091,10,10,TGGTGAAGACCGGCACCGGC,0,1342431
furpa,0.09090909090909091,10,10,TGGTCATCGAGAAGGATAGA,0,1294788
furpa,0.09090909090909091,10,10,TGGTATGCCGATGCACATGC,0,1277991
furpa,0.09090909090909091,10,10,TGGGTGATTGCTGCAGTTCC,0,1284100
furpa,0.09090909090909091,10,10,TGGCTCGGGACTGACCGTGG,0,1344016
furpa,0.09090909090909091,10,10,TGGCGCTAGTCATTACATAC,0,1289013
furpa,0.09090909090909091,10,10,TGGCCAGGTAGAACTGGCTT,0,1314458
furpa,0.09090909090909091,10,10,TGGAGGTAACCGATCGGGCT,0,1311785
furpa,0.09090909090909091,10,10,TGGACACCACTATTTTATCT,0,1282509
furpa,0.09090909090909091,10,10,TGCGTGTGAGCAGTCTGATG,0,1279609
furpa,0.09090909090909091,10,10,TGCGTGAGTGTATTTCTATA,0,1310975
furpa,0.09090909090909091,10,10,TGCCTTAGCTCCTAAGTGAC,0,1305299
furpa,0.09090909090909091,10,10,TGCCCGGTACAATTCGATGT,0,1301352
furpa,0.09090909090909091,10,10,TGCCAGTCATGCGGGCTGTG,0,1293978
furpa,0.09090909090909091,10,10,TGCACGACATCAACGATCCT,0,1346018
furpa,0.09090909090909091,10,10,TGCAATCCGAACATGCCGTA,0,1289204
furpa,0.09090909090909091,10,10,TGATTTTAGCGATCGATCAT,0,1347366
furpa,0.09090909090909091,10,10,TGAGGGGTTATCTCCCGATA,0,1346341
furpa,0.09090909090909091,10,10,TGACCTGAGCAAGTCTGCCT,0,1354569
furpa,0.09090909090909091,10,10,TGACCGTTTACCTGTCAGGA,0,1271531
furpa,0.09090909090909091,10,10,TGACAATGTAGGTTGCCACT,0,1306341
furpa,0.09090909090909091,10,10,TGAATCACTCTGCAAGCGTC,0,1299965
furpa,0.09090909090909091,10,10,TGAAATCTCCCAGATAGGTA,0,1291028
furpa,0.09090909090909091,10,10,TGAAATCCCTGATATTAGTC,0,1323256
furpa,0.09090909090909091,10,10,TCTTTTTATAGGGACTGATG,0,1282300
furpa,0.09090909090909091,10,10,TCTAGGCGGCGCTCACGAGC,0,1304604
furpa,0.09090909090909091,10,10,TCTACCTATGTGCTTATCGT,0,1298004
furpa,0.09090909090909091,10,10,TCGTTTAAGAAAAGAACCGA,0,1328620
furpa,0.09090909090909091,10,10,TCGTTCGAGGCCGCTCTACG,0,1276112
furpa,0.09090909090909091,10,10,TCGTATTGCTATATTAGAGA,0,1331924
furpa,0.09090909090909091,10,10,TCGGAGGCACCTTCCCCTAT,0,1292933
furpa,0.09090909090909091,10,10,TCGCGGGGGCTGCCCGGTTT,0,1348321
furpa,0.09090909090909091,10,10,TCGCCGCCCCTCACTATGCT,0,1349794
furpa,0.09090909090909091,10,10,TCGATGTTGCTACCCTTGTT,0,1277752
furpa,0.09090909090909091,10,10,TCGAGACAAATTGTTGGCGT,0,1317542
furpa,0.09090909090909091,10,10,TCCGCTTGTGATTTATGTGG,0,1320870
furpa,0.09090909090909091,10,10,TCCCGGGGGCTTCTAGATAA,0,1348603
furpa,0.09090909090909091,10,10,TCCCGACTAGAGAGACCAAG,0,1319825
furpa,0.09090909090909091,10,10,TCCAGCGGTGTTCAGGACTA,0,1325917
furpa,0.09090909090909091,10,10,TCATACGGGTGCAAGCCCTG,0,1285844
furpa,0.09090909090909091,10,10,TCACATCCCCTTACCCGTAC,0,1323218
furpa,0.09090909090909091,10,10,TCAAGTGAGCTGATAAAGCC,0,1319985
furpa,0.09090909090909091,10,10,TATTAGAAACGAATAGATGT,0,1287681
furpa,0.09090909090909091,10,10,TATGTGCCATTGGCAATGAT,0,1274359
furpa,0.09090909090909091,10,10,TATGCAAGGCGGAGTTAATT,0,1323340
furpa,0.09090909090909091,10,10,TATGAGTTCCCCGGCTAGCT,0,1290889
furpa,0.09090909090909091,10,10,TATATGTTTGAGAAAGGGCA,0,1352213
furpa,0.09090909090909091,10,10,TAGCGCTGAATGTAAACAGG,0,1321825
furpa,0.09090909090909091,10,10,TAGCGAATCGACGCTACACC,0,1327322
furpa,0.09090909090909091,10,10,TAGCAATAACTGTCAAGGGG,0,1283462
furpa,0.09090909090909091,10,10,TAGAGCCTTATGTCACGTTT,0,1328308
furpa,0.09090909090909091,10,10,TACTGTCTCGAAGCCTCGAT,0,1342933
furpa,0.09090909090909091,10,10,TACGAACCACTCCCGGCAGA,0,1315333
furpa,0.09090909090909091,10,10,TACAGGTCTCCATAATTAAT,0,1277652
furpa,0.09090909090909091,10,10,TAATTGCGAATCATGGTGTT,0,1319224
furpa,0.09090909090909091,10,10,TAATTGCATGTAATAGACTA,0,1338583
furpa,0.09090909090909091,10,10,TAATTCGTTCAATGGCATGA,0,1306894
furpa,0.09090909090909091,10,10,TAATCTCGGTACGTGTGCAT,0,1287498
furpa,0.09090909090909091,10,10,TAAGTTTTCACAGATCGAGA,0,1286143
furpa,0.09090909090909091,10,10,TAAGCCCCGTAGCTACCCAG,0,1290357
furpa,0.09090909090909091,10,10,TAAGACACGCTCCCGGGAAG,0,1285685
furpa,0.09090909090909091,10,10,TAAATATTTCTTCTGACTGG,0,1319823
furpa,0.09090909090909091,10,10,GTTTCACACTAGCCCCACTA,0,1319111
furpa,0.09090909090909091,10,10,GTTGCCATTCTGATCCTTCA,0,1350141
furpa,0.09090909090909091,10,10,GTTACTTGTACATAGTCGCA,0,1338437
furpa,0.09090909090909091,10,10,GTTACTTCAACTCTTTTTCG,0,1291588
furpa,0.09090909090909091,10,10,GTGTTGGCGAGTTTACATAG,0,1288737
furpa,0.09090909090909091,10,10,GTGTCTGACAGCTCACCTGA,0,1340662
furpa,0.09090909090909091,10,10,GTGTCCGGTGTCCGTTCACT,0,1337811
furpa,0.09090909090909091,10,10,GTGTAAACGATTGTTCAGGT,0,1336252
furpa,0.09090909090909091,10,10,GTGGTTATCTTTGTCCGCGG,0,1345940
furpa,0.09090909090909091,10,10,GTGGTATCTTTCGCGGCCGG,0,1331164
furpa,0.09090909090909091,10,10,GTGGGCATCGGCCGATAGAA,0,1351382
furpa,0.09090909090909091,10,10,GTGGAGATAAATGCTTGCAA,0,1293505
furpa,0.09090909090909091,10,10,GTGGACGTGATTGTCTTGTT,0,1301480
furpa,0.09090909090909091,10,10,GTGGACCGGTATGGCAAAAC,0,1287338
furpa,0.09090909090909091,10,10,GTGCTGGGATGCATTTGCTA,0,1330212
furpa,0.09090909090909091,10,10,GTCGAAGGTTAGTAATTGGT,0,1302555
furpa,0.09090909090909091,10,10,GTCCTGGAGTGACGGTCCGG,0,1322086
furpa,0.09090909090909091,10,10,GTCCTATGCCGTATTCGAAA,0,1313336
furpa,0.09090909090909091,10,10,GTCCGGGAAGGCGCAATTGT,0,1284765
furpa,0.09090909090909091,10,10,GTCAAGATGTGACGCTTTGT,0,1300393
furpa,0.09090909090909091,10,10,GTCAAGACGGGAAGCAGGGA,0,1297926
furpa,0.09090909090909091,10,10,GTATCGGTCTATCCAAAAAC,0,1311078
furpa,0.09090909090909091,10,10,GTAGATAGGTTCGCGCTTCG,0,1294232
furpa,0.09090909090909091,10,10,GTACTTCGAGCTAGCTAGTT,0,1285031
furpa,0.09090909090909091,10,10,GTACTTACTATGGGGGGCCA,0,1333939
furpa,0.09090909090909091,10,10,GTACGTATAATCGCCCACAG,0,1321716
furpa,0.09090909090909091,10,10,GTACAAAGTACCCATTACCT,0,1329897
furpa,0.09090909090909091,10,10,GTAAGCATGTTCAGGCGTAT,0,1356809
furpa,0.09090909090909091,10,10,GGTTTCCTCACTTGACAGGG,0,1314035
furpa,0.09090909090909091,10,10,GGTTGACTTTAGTCGGGAAG,0,1335196
furpa,0.09090909090909091,10,10,GGTGGGACTTTACGCTCTAT,0,1291422
furpa,0.09090909090909091,10,10,GGTGAGGACATAATCGGTGA,0,1281337
furpa,0.09090909090909091,10,10,GGTCGCAGCCGGGAGTAAAA,0,1328150
furpa,0.09090909090909091,10,10,GGTCAGGGAATCTGCGCTTA,0,1279246
furpa,0.09090909090909091,10,10,GGTCACGACTTAATTAGGAT,0,1344404
furpa,0.09090909090909091,10,10,GGTATGTAGAGGAGCTCATT,0,1304716
furpa,0.09090909090909091,10,10,GGGTGAACGCCCGGCGGCCC,0,1311274
furpa,0.09090909090909091,10,10,GGGGTAGGTTGGGATACGAT,0,1347632
furpa,0.09090909090909091,10,10,GGGGGCTTTACATATGAGCC,0,1329779
furpa,0.09090909090909091,10,10,GGGGCACAAAGTTCCAGGGT,0,1339194
furpa,0.09090909090909091,10,10,GGGGAACCGGGTTGGGGCCA,0,1330386
furpa,0.09090909090909091,10,10,GGGCTCATTAACCCTAAACC,0,1354177
furpa,0.09090909090909091,10,10,GGGCTCACTCTCTCCAAGAG,0,1325525
furpa,0.09090909090909091,10,10,GGGCGGTTCCCTAACGTGAG,0,1333068
furpa,0.09090909090909091,10,10,GGGCGCACCCGGGACCAGTT,0,1297633
furpa,0.09090909090909091,10,10,GGGCCACTTTCCTGTGCCTC,0,1350011
furpa,0.09090909090909091,10,10,GGGACTCGTAAACAGTGTCC,0,1310382
furpa,0.09090909090909091,10,10,GGCTTGGCCCTCCGATCATT,0,1329716
furpa,0.09090909090909091,10,10,GGCAAGCCAGAGGGAGCATT,0,1345658
furpa,0.09090909090909091,10,10,GGATACCACTGGGAAGTTGA,0,1304212
furpa,0.09090909090909091,10,10,GGAGTGACCGATCATGCCAT,0,1313310
furpa,0.09090909090909091,10,10,GGAGTATCCCGCCTCGATCT,0,1281786
furpa,0.09090909090909091,10,10,GGAGAGCAGATGTGTCTCCT,0,1322848
furpa,0.09090909090909091,10,10,GGACTTAACTATAGGGGTTT,0,1272443
furpa,0.09090909090909091,10,10,GGACGGAAGCGGGGGCGTTA,0,1329427
furpa,0.09090909090909091,10,10,GGACAGACGGTAAGACCACA,0,1289148
furpa,0.09090909090909091,10,10,GGAATAAGTATCATGGGATC,0,1290671
furpa,0.09090909090909091,10,10,GCTTTAGCTGGTCCCCGGGG,0,1312283
furpa,0.09090909090909091,10,10,GCTTCCGCGTGCCCCCTTGA,0,1301431
furpa,0.09090909090909091,10,10,GCTGCTTGCTAGCATGTTGC,0,1295453
furpa,0.09090909090909091,10,10,GCTGCCAGGGTGGGGACCTG,0,1275180
furpa,0.09090909090909091,10,10,GCTCTTTCTTCGCTTTGACT,0,1294052
furpa,0.09090909090909091,10,10,GCTCGGAGAATATAGGGTCC,0,1315524
furpa,0.09090909090909091,10,10,GCTACGCCGAAGTAAATGGG,0,1324771
furpa,0.09090909090909091,10,10,GCTAATGCCATCCCGGTATT,0,1347918
furpa,0.09090909090909091,10,10,GCTAAGAAGACGACCGAGAG,0,1327967
furpa,0.09090909090909091,10,10,GCGTCGAGCCCCAATGGATC,0,1311364
furpa,0.09090909090909091,10,10,GCGGTAGCGTGGATCGGCAT,0,1308834
furpa,0.09090909090909091,10,10,GCGCTTTTCCTGCGAATACA,0,1331857
furpa,0.09090909090909091,10,10,GCGCCCCATACGCGCAAACA,0,1340768
furpa,0.09090909090909091,10,10,GCGACTGGGCTTCCAACCCT,0,1272898
furpa,0.09090909090909091,10,10,GCGACTACGCGTGGCGTCCA,0,1278309
furpa,0.09090909090909091,10,10,GCCTCGTAATTCAGGTCAGG,0,1275099
furpa,0.09090909090909091,10,10,GCCTATCGCTCTCTGCCGCA,0,1281592
furpa,0.09090909090909091,10,10,GCCGTTATACGTGGAAGTAG,0,1319915
furpa,0.09090909090909091,10,10,GCCGGAAATCGGGCTTAGTG,0,1338176
furpa,0.09090909090909091,10,10,GCCGCGGCGCCCTGCAGCTC,0,1301697
furpa,0.09090909090909091,10,10,GCCCATCCCTACGAAGCAAT,0,1272602
furpa,0.09090909090909091,10,10,GCCAGCCAAAATAGGCCAAT,0,1300333
furpa,0.09090909090909091,10,10,GCCACGCTGCTGGTGGCATA,0,1336337
furpa,0.09090909090909091,10,10,GCCAAGCAGCGCATCTTAAT,0,1306491
furpa,0.09090909090909091,10,10,GCATTGCTCATTATAAAGAA,0,1347131
furpa,0.09090909090909091,10,10,GCAGTTCCGCTAAGGCTCTC,0,1312203
furpa,0.09090909090909091,10,10,GCAGGGGGCTACCCAGTGGT,0,1348574
furpa,0.09090909090909091,10,10,GCAGGGATGACATAGGACTC,0,1288016
furpa,0.09090909090909091,10,10,GCAGCGTAATGGATACAGTT,0,1296235
furpa,0.09090909090909091,10,10,GCAGACGTGTACAAATCCTC,0,1330302
furpa,0.09090909090909091,10,10,GCACGGTTATTTAGTATACG,0,1339902
furpa,0.09090909090909091,10,10,GCACGCACACCCGATGTTGC,0,1343925
furpa,0.09090909090909091,10,10,GCACAGTTTAAATGGGCTGA,0,1313280
furpa,0.09090909090909091,10,10,GCAATATCCGTCACTGCCCG,0,1320426
furpa,0.09090909090909091,10,10,GCAATAACTTTCGAGACGGT,0,1345713
furpa,0.09090909090909091,10,10,GCAAGCTCAGCGTACTTGGT,0,1272067
furpa,0.09090909090909091,10,10,GCAAGACAGGTAGACAAGAA,0,1308866
furpa,0.09090909090909091,10,10,GATTGGACAGATCGTCGTAT,0,1284547
furpa,0.09090909090909091,10,10,GATTCGGCGATTCCGATAGT,0,1318751
furpa,0.09090909090909091,10,10,GATGTATCTGAGTGTCGATC,0,1292601
furpa,0.09090909090909091,10,10,GATGGCGGGGTTCCCTCGAT,0,1278493
furpa,0.09090909090909091,10,10,GATGGCGAATCAGTATCCTC,0,1323222
furpa,0.09090909090909091,10,10,GATCCTCGAGGGATACGCCG,0,1346843
furpa,0.09090909090909091,10,10,GATCACGACCCTTTCTAGTT,0,1322512
furpa,0.09090909090909091,10,10,GATAATCTAAAAAAATTTTT,0,1356547
furpa,0.09090909090909091,10,10,GATAACAGAATCAACTTCAG,0,1314370
furpa,0.09090909090909091,10,10,GAGGCTCCTATACGGATCTG,0,1284172
furpa,0.09090909090909091,10,10,GAGCGTAAGGCAATCCACTT,0,1321092
furpa,0.09090909090909091,10,10,GAGCAAACTTTCCACCGGCG,0,1292152
furpa,0.09090909090909091,10,10,GAGATTCTCTTGTCCCATCT,0,1331004
furpa,0.09090909090909091,10,10,GAGATGTAGCAAATGCACCG,0,1280440
furpa,0.09090909090909091,10,10,GAGATAAGGTCATCATGCTA,0,1296293
furpa,0.09090909090909091,10,10,GAGACCGCTGGGAGCAAAGT,0,1303873
furpa,0.09090909090909091,10,10,GACTCTCGAGGGTTGGCTAT,0,1306748
furpa,0.09090909090909091,10,10,GACTAATTCGTGCTACCCTG,0,1347298
furpa,0.09090909090909091,10,10,GACGCCCAAGCTGGCGGTCA,0,1342928
furpa,0.09090909090909091,10,10,GACAAATCCCCAATAACAAA,0,1272041
furpa,0.09090909090909091,10,10,GAATTTGCTATGTAGGCTAA,0,1314206
furpa,0.09090909090909091,10,10,GAATCGTGATGGGTCCACAA,0,1304739
furpa,0.09090909090909091,10,10,GAAGTCCTATGCGCCTTCCA,0,1329487
furpa,0.09090909090909091,10,10,GAAAAACTCGCGTGCGCGTA,0,1282779
furpa,0.09090909090909091,10,10,CTTTTTGTGTTATTCACCAG,0,1349789
furpa,0.09090909090909091,10,10,CTTGGTCGTACGCTTGACCT,0,1284639
furpa,0.09090909090909091,10,10,CTTGGGTTAGCCAACGCGTT,0,1346966
furpa,0.09090909090909091,10,10,CTTGATAATGCTGCATGTTG,0,1327664
furpa,0.09090909090909091,10,10,CTTCGTAGCTGGATGCTTTA,0,1279514
furpa,0.09090909090909091,10,10,CTTCGCGGGCCTGGATTTTT,0,1307866
furpa,0.09090909090909091,10,10,CTGTGGGCGTGTGCGCTCTG,0,1324434
furpa,0.09090909090909091,10,10,CTGTCTTGAGTCGGGAATGC,0,1335025
furpa,0.09090909090909091,10,10,CTGGGCGGTAGCGGGTGATG,0,1314826
furpa,0.09090909090909091,10,10,CTGGAGGGCTATCGGTGTAG,0,1300212
furpa,0.09090909090909091,10,10,CTGCTTCCATGGATGGCCTT,0,1349476
furpa,0.09090909090909091,10,10,CTGCTGGTTCAAGCAATAGC,0,1291522
furpa,0.09090909090909091,10,10,CTGCCAATCCGTCAACACAT,0,1303787
furpa,0.09090909090909091,10,10,CTGCACACAGCTAAACTTAC,0,1327973
furpa,0.09090909090909091,10,10,CTGCAATCCATGCAGGTGGA,0,1354924
furpa,0.09090909090909091,10,10,CTGCAAAGGTGCGTCGACGG,0,1288384
furpa,0.09090909090909091,10,10,CTGATCAGGCGGAATTTGTA,0,1342223
furpa,0.09090909090909091,10,10,CTGAGGGGCAAGTCCCATTG,0,1319826
furpa,0.09090909090909091,10,10,CTGACTTCGCGTCATCCCCA,0,1357039
furpa,0.09090909090909091,10,10,CTGAAGCCGCTCTCGCATGA,0,1321854
furpa,0.09090909090909091,10,10,CTCTTTAGTCTTATAATGCA,0,1309010
furpa,0.09090909090909091,10,10,CTCTGGTTCGTATATAAAAG,0,1276228
furpa,0.09090909090909091,10,10,CTCGGTTGATTACGTTTTAC,0,1287742
furpa,0.09090909090909091,10,10,CTCGGTACGCAATACAGTAA,0,1280366
furpa,0.09090909090909091,10,10,CTCGCTATTTCGCAAAGAAG,0,1302923
furpa,0.09090909090909091,10,10,CTCGAACAAGGATGCGAGCA,0,1318952
furpa,0.09090909090909091,10,10,CTCCTCTTCCGCCCGCTGTT,0,1317789
furpa,0.09090909090909091,10,10,CTCCTAAGAGTGTAACGTCT,0,1290715
furpa,0.09090909090909091,10,10,CTCCGTGCCTATTTGTTGTT,0,1307202
furpa,0.09090909090909091,10,10,CTCCGATGTTGTGGAATCCT,0,1337875
furpa,0.09090909090909091,10,10,CTCAGGTGGATTAGGTGGAT,0,1322689
furpa,0.09090909090909091,10,10,CTCACTCGCGCGGCCTTGCG,0,1297566
furpa,0.09090909090909091,10,10,CTATAATTGGAGACGTCCAT,0,1309742
furpa,0.09090909090909091,10,10,CTAACGTCGTATCCTAGCCT,0,1304656
furpa,0.09090909090909091,10,10,CGTGGGGTTTTACGTGCAGT,0,1292586
furpa,0.09090909090909091,10,10,CGTCAAGCTGGGCCACATCG,0,1285337
furpa,0.09090909090909091,10,10,CGTATTCCACTAATGGTTGC,0,1292055
furpa,0.09090909090909091,10,10,CGTATATCTGATAATGGAAA,0,1288150
furpa,0.09090909090909091,10,10,CGGTTAGGGGTAGAGTGGCT,0,1302942
furpa,0.09090909090909091,10,10,CGGTGAAGGAACCACTACGG,0,1276927
furpa,0.09090909090909091,10,10,CGGGGGACAGCCGTCCGGCG,0,1327634
furpa,0.09090909090909091,10,10,CGGGCTAAGGGGTACTTAAA,0,1331926
furpa,0.09090909090909091,10,10,CGGGCTAAATTTTGGCGATA,0,1296037
furpa,0.09090909090909091,10,10,CGGGCCGGGCGCACTAAGCA,0,1314119
furpa,0.09090909090909091,10,10,CGGGACCAAGAATGTCAGTA,0,1291988
furpa,0.09090909090909091,10,10,CGGCTTGACGTTGCTTAATT,0,1354914
furpa,0.09090909090909091,10,10,CGGCGCTCGACCCCCTGGGT,0,1329799
furpa,0.09090909090909091,10,10,CGGCACAAGGTATCTTTTTA,0,1316673
furpa,0.09090909090909091,10,10,CGGACCCCACGCACCAAGGT,0,1341731
furpa,0.09090909090909091,10,10,CGCTGGATACGGGTAGGCAA,0,1308716
furpa,0.09090909090909091,10,10,CGCTGACTATCCTTTCAAGT,0,1344505
furpa,0.09090909090909091,10,10,CGCTCCTGAGCCAGGACTGT,0,1322396
furpa,0.09090909090909091,10,10,CGCTCATGGCTTCTAAGGAA,0,1331521
furpa,0.09090909090909091,10,10,CGCGGGAGCCCGGACGGTAG,0,1311857
furpa,0.09090909090909091,10,10,CGCGGAAAAGATGGAATGCT,0,1281517
furpa,0.09090909090909091,10,10,CGCGCTCCACTGGAATCCTG,0,1357711
furpa,0.09090909090909091,10,10,CGCCGTATTAGTCCAATGTT,0,1296112
furpa,0.09090909090909091,10,10,CGCATAACCATCCGACACTC,0,1321356
furpa,0.09090909090909091,10,10,CGCACGACGCCGCCAAGGAC,0,1327673
furpa,0.09090909090909091,10,10,CGCAAGCGGTAGTTAGCTCT,0,1351700
furpa,0.09090909090909091,10,10,CGATGTATTTGCCTACTCTA,0,1288385
furpa,0.09090909090909091,10,10,CGATCCCCCACCGCGCCCAA,0,1345538
furpa,0.09090909090909091,10,10,CGATAGAATCGCTCAGTTTG,0,1281916
furpa,0.09090909090909091,10,10,CGAGTTGGATCGATACCGGC,0,1329015
furpa,0.09090909090909091,10,10,CGAGCGCAGTTTCCGGGGCT,0,1351819
furpa,0.09090909090909091,10,10,CGAGAGGATATTGTTAACAA,0,1300916
furpa,0.09090909090909091,10,10,CGACTTCGGCCGTGGCAAAA,0,1277760
furpa,0.09090909090909091,10,10,CGACAGCACCCCAAGTTTCT,0,1300292
furpa,0.09090909090909091,10,10,CGACAATTCACATAGAATCG,0,1340710
furpa,0.09090909090909091,10,10,CCTTAGCCTCCCATAGCAAA,0,1323531
furpa,0.09090909090909091,10,10,CCTGGAACACTTAGCTGAGG,0,1277193
furpa,0.09090909090909091,10,10,CCTGATTGAAGATGCTCGTA,0,1272323
furpa,0.09090909090909091,10,10,CCTCTCGCTCCTATTAGTAA,0,1355563
furpa,0.09090909090909091,10,10,CCTCATGAAGTGGTTGAATC,0,1332927
furpa,0.09090909090909091,10,10,CCTATCACGGCCTACCCAGT,0,1288427
furpa,0.09090909090909091,10,10,CCTAGGGCATGTGCGTCCCC,0,1346461
furpa,0.09090909090909091,10,10,CCTAGCGGAATTTACGTTTT,0,1302523
furpa,0.09090909090909091,10,10,CCTAGCAATGTAATCCGGTT,0,1286588
furpa,0.09090909090909091,10,10,CCTACCATGCGCACCAGGGT,0,1318616
furpa,0.09090909090909091,10,10,CCGTTATTTGGCTTCTGACG,0,1287513
furpa,0.09090909090909091,10,10,CCGTTAATAGGCAAGAGTTC,0,1322813
furpa,0.09090909090909091,10,10,CCGTTAACGGGCAAGCGATG,0,1318419
furpa,0.09090909090909091,10,10,CCGTCCCTAGAAGTCTGGTT,0,1329425
furpa,0.09090909090909091,10,10,CCGGTTTCTAGCTTGAATGA,0,1302335
furpa,0.09090909090909091,10,10,CCGGTGAGCGATCAGGCTTT,0,1273328
furpa,0.09090909090909091,10,10,CCGGGCCAGTGAATCGGCAT,0,1329244
furpa,0.09090909090909091,10,10,CCGCTTTTCAATTTGTTTGG,0,1353708
furpa,0.09090909090909091,10,10,CCGCTTAAGCAAAAATACGA,0,1315313
furpa,0.09090909090909091,10,10,CCGCATAAACAACCTTTTTC,0,1356001
furpa,0.09090909090909091,10,10,CCGATAGTGAGGTGGTCGCG,0,1272858
furpa,0.09090909090909091,10,10,CCCTCAGGGTCCTGTTACTC,0,1326655
furpa,0.09090909090909091,10,10,CCCGTTGCTGCAATGAAAGT,0,1323037
furpa,0.09090909090909091,10,10,CCCGTGCATGGCCACATCAC,0,1347057
furpa,0.09090909090909091,10,10,CCCGGTGAAACTCCCCAGGA,0,1295851
furpa,0.09090909090909091,10,10,CCCCTAGTAGAAACAGAGAT,0,1281713
furpa,0.09090909090909091,10,10,CCCCGCGAGCCCGTTGGGAG,0,1278036
furpa,0.09090909090909091,10,10,CCCCCAGGTATACTATTGCG,0,1339789
furpa,0.09090909090909091,10,10,CCATGTGGCCCGGCTTTGGT,0,1354052
furpa,0.09090909090909091,10,10,CCATGGTAACTTCTTATCAC,0,1282482
furpa,0.09090909090909091,10,10,CCAGGGGCGCAGCTTGCTTA,0,1334236
furpa,0.09090909090909091,10,10,CCAGGCGTTCGTAGGTGATG,0,1303641
furpa,0.09090909090909091,10,10,CCACTTGTAGCGCAAGGGCT,0,1330735
furpa,0.09090909090909091,10,10,CCACTTCTTAAGCGCTGGGC,0,1290149
furpa,0.09090909090909091,10,10,CCACGAGGCTGAGTCTACAA,0,1295706
furpa,0.09090909090909091,10,10,CCACCGTACCCACATGATAG,0,1279971
furpa,0.09090909090909091,10,10,CATTAGGGAGTATCGCGATT,0,1335510
furpa,0.09090909090909091,10,10,CATGCACAGGTGGATGGGAT,0,1326967
furpa,0.09090909090909091,10,10,CATGCAACATCCCTAGGAGA,0,1320349
furpa,0.09090909090909091,10,10,CATCGCCCCGGGCGGTTCTC,0,1341187
furpa,0.09090909090909091,10,10,CATCCTCACTAAAATGCGCT,0,1345854
furpa,0.09090909090909091,10,10,CATCAGACAGTTGTCCCCAA,0,1317873
furpa,0.09090909090909091,10,10,CATATTCAGCAGGCAATAAG,0,1314201
furpa,0.09090909090909091,10,10,CATATGTCTAAGTGGGTCAG,0,1305156
furpa,0.09090909090909091,10,10,CATAGGGGCCACTACACGAG,0,1335151
furpa,0.09090909090909091,10,10,CATAATTGTGTTTGGTTCAG,0,1301698
furpa,0.09090909090909091,10,10,CAGTTAGTGCTTAAGAGAAC,0,1301648
furpa,0.09090909090909091,10,10,CAGTGTTAGAGTATTTTGAT,0,1291367
furpa,0.09090909090909091,10,10,CAGTAGCCTGTTCTAATTGG,0,1327587
furpa,0.09090909090909091,10,10,CAGGTAGCGTTCTTATTGAA,0,1294235
furpa,0.09090909090909091,10,10,CAGGGGCTGTTAGCGCAAGT,0,1304978
furpa,0.09090909090909091,10,10,CAGGGACGTCGAATGCCGAT,0,1336205
furpa,0.09090909090909091,10,10,CAGGCATCACAATTGGGTAG,0,1328764
furpa,0.09090909090909091,10,10,CAGCTCTGCGGGGCTCGCGA,0,1351114
furpa,0.09090909090909091,10,10,CAGCTATAGGAAATCCCCTT,0,1286902
furpa,0.09090909090909091,10,10,CAGCCTCTTGGCTACACGTC,0,1346976
furpa,0.09090909090909091,10,10,CACTGTCAGTTCTCTATTAA,0,1328325
furpa,0.09090909090909091,10,10,CACGGTGCAAGAGTAAACTG,0,1276042
furpa,0.09090909090909091,10,10,CACGCGATTGCCTCGTGGCT,0,1289360
furpa,0.09090909090909091,10,10,CACCAGTCACCGCGTACTTG,0,1343196
furpa,0.09090909090909091,10,10,CAATTAAAACCGCATCGTTA,0,1317487
furpa,0.09090909090909091,10,10,CAAGAGTGTGTCTCTCGATG,0,1280369
furpa,0.09090909090909091,10,10,CAACGTAGCCACATGGCGTC,0,1336270
furpa,0.09090909090909091,10,10,CAACAGGGGACTGGATGCAT,0,1286997
furpa,0.09090909090909091,10,10,CAAAGTCCATGGAAACACGC,0,1296850
furpa,0.09090909090909091,10,10,CAAAGGCCATGCTGATGGCG,0,1308352
furpa,0.09090909090909091,10,10,CAAAGCGAGCGTGGAACCTA,0,1344453
furpa,0.09090909090909091,10,10,CAAACTTTTATTCGGCGGAC,0,1280905
furpa,0.09090909090909091,10,10,ATTTGCCAGATAGTGTCCAA,0,1321780
furpa,0.09090909090909091,10,10,ATTGTTGTTCTTCCGGACTC,0,1289824
furpa,0.09090909090909091,10,10,ATTGGACCTATTTACAAGAT,0,1284472
furpa,0.09090909090909091,10,10,ATTCGGGAGAGGACAGAGTT,0,1342354
furpa,0.09090909090909091,10,10,ATTCAGGAGCTTAGAATTGA,0,1322573
furpa,0.09090909090909091,10,10,ATTAGACGGATACCAAATGG,0,1329606
furpa,0.09090909090909091,10,10,ATGTCGGATACATGCCGAGG,0,1306708
furpa,0.09090909090909091,10,10,ATGTCATGAGGCCCGTCTAG,0,1352818
furpa,0.09090909090909091,10,10,ATGTATGGCTACATGCCTCG,0,1282365
furpa,0.09090909090909091,10,10,ATGTAAAAGTTACATATTCT,0,1350886
furpa,0.09090909090909091,10,10,ATGGTTTAGATTCAGTTCGT,0,1348373
furpa,0.09090909090909091,10,10,ATGGAAGGTGCGTAAGCAAA,0,1317848
furpa,0.09090909090909091,10,10,ATGCTCATTCCAGGGAGGTC,0,1296896
furpa,0.09090909090909091,10,10,ATGCTACGGGTAGGGAGTAC,0,1294135
furpa,0.09090909090909091,10,10,ATGCGGTCATGCTGGGCTTT,0,1346596
furpa,0.09090909090909091,10,10,ATGCCCGGGCCTGGCCTGAT,0,1295446
furpa,0.09090909090909091,10,10,ATGACTCAATGGTCGTTGGA,0,1341631
furpa,0.09090909090909091,10,10,ATGACTAGAAGTTCACCATT,0,1356543
furpa,0.09090909090909091,10,10,ATGAAGTAGACTCCCCGCGA,0,1294070
furpa,0.09090909090909091,10,10,ATCTTGAAGAGGAGTTATGT,0,1348633
furpa,0.09090909090909091,10,10,ATCTGTGTATGCTGTGAACT,0,1283298
furpa,0.09090909090909091,10,10,ATCTCCTGTGCTGGGAACGA,0,1279450
furpa,0.09090909090909091,10,10,ATCGTCCCAGCAGAGTGCGA,0,1303567
furpa,0.09090909090909091,10,10,ATCGGTTTGGCCGGTTTCCT,0,1327617
furpa,0.09090909090909091,10,10,ATCCTCAGAGTGGTCTTCGT,0,1305533
furpa,0.09090909090909091,10,10,ATCCGTAGTCAGGGGATCTA,0,1303504
furpa,0.09090909090909091,10,10,ATCCCCGGTATCAGTCTTGC,0,1344836
furpa,0.09090909090909091,10,10,ATCCCCCACTTGGGAGCCTC,0,1352271
furpa,0.09090909090909091,10,10,ATCCATTCGTCGAGTGCTGT,0,1344725
furpa,0.09090909090909091,10,10,ATATTCCCAAGTGACCCCAC,0,1323989
furpa,0.09090909090909091,10,10,ATATGTGGAGGATTATTGGC,0,1298206
furpa,0.09090909090909091,10,10,ATATCCGGGCTGATCTTAAA,0,1299908
furpa,0.09090909090909091,10,10,ATAGCTTGCGTTGCGAGTGT,0,1316327
furpa,0.09090909090909091,10,10,ATACGCACTCTAGATCAATG,0,1303872
furpa,0.09090909090909091,10,10,ATAACAGGCAAATTACACCT,0,1354371
furpa,0.09090909090909091,10,10,AGTTGGGGGTCAGAAGATAG,0,1343893
furpa,0.09090909090909091,10,10,AGTGTGCTAGTCAGCTGCTC,0,1333669
furpa,0.09090909090909091,10,10,AGTGTAGTGTACTCTATCCA,0,1340792
furpa,0.09090909090909091,10,10,AGTCTTGTTGGGTGGACCAA,0,1334727
furpa,0.09090909090909091,10,10,AGTCTGACAACACGTGCTGT,0,1342520
furpa,0.09090909090909091,10,10,AGTAGGTTGCGCGGTACTTG,0,1331763
furpa,0.09090909090909091,10,10,AGTAGCAAGGCTAAGTTAGT,0,1315576
furpa,0.09090909090909091,10,10,AGTAACGTGCGTTAACATTG,0,1344602
furpa,0.09090909090909091,10,10,AGGTTTCATGATTGCTCGGT,0,1334126
furpa,0.09090909090909091,10,10,AGGTAGAGCGCATGAACCAT,0,1343731
furpa,0.09090909090909091,10,10,AGGGTTCGATTAACAATCGT,0,1299953
furpa,0.09090909090909091,10,10,AGGGGCGGACTACACAATCA,0,1301638
furpa,0.09090909090909091,10,10,AGGGGCAGTGTTCAGAGGCA,0,1336084
furpa,0.09090909090909091,10,10,AGGGCTCAGGTAAAACTCAG,0,1303023
furpa,0.09090909090909091,10,10,AGGCTGTTCGTGGTGATTAT,0,1312760
furpa,0.09090909090909091,10,10,AGGCGTGACCATTCCTGGGG,0,1332980
furpa,0.09090909090909091,10,10,AGGCCGTATGGGTAGTGTTA,0,1331080
furpa,0.09090909090909091,10,10,AGGATTGCAAGCCATGGTTA,0,1339978
furpa,0.09090909090909091,10,10,AGGATGATCGATGGAGCTGG,0,1348557
furpa,0.09090909090909091,10,10,AGCTCGCCTGGAACGGACAA,0,1348379
furpa,0.09090909090909091,10,10,AGCGAGGGGCTGGTTGCATT,0,1271934
furpa,0.09090909090909091,10,10,AGCCCCTTACGGCTGAGTGG,0,1271215
furpa,0.09090909090909091,10,10,AGATCCCCGTTTTCAGTTAC,0,1300593
furpa,0.09090909090909091,10,10,AGATACTAGAATCCCAAACA,0,1349062
furpa,0.09090909090909091,10,10,AGAGTTGCAGGTCAAGCCTT,0,1347367
furpa,0.09090909090909091,10,10,AGAAGGATGGGGAGCATGCG,0,1291505
furpa,0.09090909090909091,10,10,ACTTCGTGTAATATGCACGT,0,1295284
furpa,0.09090909090909091,10,10,ACTCGGAGAGGGACAGTTTC,0,1280361
furpa,0.09090909090909091,10,10,ACTCGAATGTGGCCCCTACC,0,1347963
furpa,0.09090909090909091,10,10,ACTCAGAACCGAGATGGTTA,0,1291180
furpa,0.09090909090909091,10,10,ACTCACCTTGCGCAGAGACC,0,1334254
furpa,0.09090909090909091,10,10,ACTACAACGGATGCACAATT,0,1302529
furpa,0.09090909090909091,10,10,ACGTTAGTCGGGGCAGTTGA,0,1272590
furpa,0.09090909090909091,10,10,ACGTCACTAAGGATGAGATA,0,1290028
furpa,0.09090909090909091,10,10,ACGTCACCGCAATTTGCACC,0,1281967
furpa,0.09090909090909091,10,10,ACGGTGTCGCACAGTGTAAT,0,1316458
furpa,0.09090909090909091,10,10,ACGGCGCCCACCAGCTCCCT,0,1295449
furpa,0.09090909090909091,10,10,ACGGCCGTCTAAAACCGAGT,0,1316055
furpa,0.09090909090909091,10,10,ACGGCATAGATCTCAAGGCA,0,1342458
furpa,0.09090909090909091,10,10,ACGATTCCATTGTATGCGTG,0,1355120
furpa,0.09090909090909091,10,10,ACGATCAACCTCGTGGGCTC,0,1330991
furpa,0.09090909090909091,10,10,ACCTATGCTAGGCGTATAGG,0,1311213
furpa,0.09090909090909091,10,10,ACCTAGAATTCGAAGTATTT,0,1354087
furpa,0.09090909090909091,10,10,ACCGCCAAAAATCACTCTTG,0,1315440
furpa,0.09090909090909091,10,10,ACCGATACCGGCGGTGAACC,0,1325905
furpa,0.09090909090909091,10,10,ACCCCGTGGGAAAACTAAGA,0,1304797
furpa,0.09090909090909091,10,10,ACATATCGGTTCGTCTGCAT,0,1334176
furpa,0.09090909090909091,10,10,ACAGGCTCCCGAACATGGGA,0,1350698
furpa,0.09090909090909091,10,10,ACACTTCTCTAGGACTAACT,0,1302493
furpa,0.09090909090909091,10,10,ACACTCTAGAACTATAGAAA,0,1289088
furpa,0.09090909090909091,10,10,ACACGCGCTTGGTTCTAAGT,0,1330574
furpa,0.09090909090909091,10,10,ACACCTTGCAAGAGTTAAAT,0,1352564
furpa,0.09090909090909091,10,10,ACACATTGCGACAGTACCCA,0,1309891
furpa,0.09090909090909091,10,10,ACAAGATTAATACCCTGCAG,0,1336476
furpa,0.09090909090909091,10,10,AATCTGCGCGGCGCGCGTAT,0,1310470
furpa,0.09090909090909091,10,10,AATCGCTATTCGTCATCAAT,0,1354816
furpa,0.09090909090909091,10,10,AATCCAAATTCCCTACTGGA,0,1340366
furpa,0.09090909090909091,10,10,AATATTTGCATTGGGTTTAC,0,1280755
furpa,0.09090909090909091,10,10,AATATTGGCAGTACCGCTGC,0,1274462
furpa,0.09090909090909091,10,10,AATAGTCACCCACGGTGATA,0,1329729
furpa,0.09090909090909091,10,10,AATACTGGCCCTGGTCCGTC,0,1308791
furpa,0.09090909090909091,10,10,AAGGCTGGCGATCGATTTAG,0,1277421
furpa,0.09090909090909091,10,10,AAGGCTCAAGGCCGACACAA,0,1299288
furpa,0.09090909090909091,10,10,AAGGCAGATGCAAAACAATT,0,1340365
furpa,0.09090909090909091,10,10,AAGGATTACCACACGCTTTG,0,1331986
furpa,0.09090909090909091,10,10,AAGGATGGGGGAATTTTAAG,0,1319629
furpa,0.09090909090909091,10,10,AAGCTACTGCAAGGCTCTCT,0,1312764
furpa,0.09090909090909091,10,10,AAGCGATAGCAGCGCTCCCA,0,1282950
furpa,0.09090909090909091,10,10,AAGACTGCCGCAAGTCACTT,0,1280339
furpa,0.09090909090909091,10,10,AAGAACCCCATCAGGGTTAA,0,1354307
furpa,0.09090909090909091,10,10,AACTGGTTGTTATTTCAGCA,0,1289659
furpa,0.09090909090909091,10,10,AACGTCTAGTCGGGCGAACG,0,1305408
furpa,0.09090909090909091,10,10,AACGCCCCATGGTACTGTGT,0,1307667
furpa,0.09090909090909091,10,10,AACGATCATCGTAGGTCCGA,0,1290897
furpa,0.09090909090909091,10,10,AACGACATGCATCCACAGTG,0,1286239
furpa,0.09090909090909091,10,10,AACACGGCTAGTCCTCTCAG,0,1309132
furpa,0.09090909090909091,10,10,AAAGGCGGCGAATAGGTGAC,0,1318387
furpa,0.09090909090909091,10,10,AAAGCCGCATCCGAGGGTAT,0,1336639
furpa,0.09090909090909091,10,10,AAAGCATTGGTTTACGCTTC,0,1345693
furpa,0.09090909090909091,10,10,AAAGCAAGCTTGAGCCCGTT,0,1279789
furpa,0.09090909090909091,10,10,AAACGCTGTCATCCGCGGAA,0,1314204
furpa,0.09090909090909091,10,10,AAACATGGCCAGCACAGGTA,0,1335134
furpa,0.09090909090909091,10,10,AAAACAACCGGCCCGGCCAT,0,1310556
furpa,0.09090909090909091,10,10,AAAACAAACATTTGAGAAGC,0,1344622
furpa,0.1,9,9,TTTTGCGCCTTGGTTGCCCC,0,1321720
furpa,0.1,9,9,TTTTGCCTGCCAACATAGGT,0,1274508
furpa,0.1,9,9,TTTTCGAACGGGAACTTGTC,0,1302644
furpa,0.1,9,9,TTTTACGGTGGTTAGAGCGA,0,1322265
furpa,0.1,9,9,TTTCGCCCAGGATGAAATTA,0,1335865
furpa,0.1,9,9,TTTCCATGGGTTGCGGAGCA,0,1316893
furpa,0.1,9,9,TTTCACGCCGGGAGGCTGCA,0,1336568
furpa,0.1,9,9,TTTATCTCGAGACTATAGAT,0,1290768
furpa,0.1,9,9,TTTAGGGGGCACTTATATCA,0,1306168
furpa,0.1,9,9,TTGTATTACATAACCCAGCA,0,1337815
furpa,0.1,9,9,TTGGATTGTTGTTGCCATTA,0,1288386
furpa,0.1,9,9,TTGCCGGGAAATTCTATCAT,0,1292831
furpa,0.1,9,9,TTGAGGTATTGCAACAGTGA,0,1333471
furpa,0.1,9,9,TTGAAGGGCCAAATTGAGAG,0,1298500
furpa,0.1,9,9,TTCGTACCTAGGGCACCGAA,0,1321401
furpa,0.1,9,9,TTCGCCCCTCCGCAATTGAG,0,1346393
furpa,0.1,9,9,TTCGATGCGGACAACTCACT,0,1321628
furpa,0.1,9,9,TTCCACGTACTTGCCAAACT,0,1273603
furpa,0.1,9,9,TTCATTTCGGTTGCAGCTTG,0,1283546
furpa,0.1,9,9,TTCAGTCTATCAAAGTCATC,0,1310162
furpa,0.1,9,9,TTCAGGTAATTCTAGGATTA,0,1325968
furpa,0.1,9,9,TTCAGGGGTCATCGTTACTC,0,1346048
furpa,0.1,9,9,TTATTCCTGCTGTGGTCACA,0,1294872
furpa,0.1,9,9,TTATCGGGTTGCCGGAATCT,0,1283610
furpa,0.1,9,9,TTAGCTCCGATCACCCCTAG,0,1354069
furpa,0.1,9,9,TTAGCACAGTACGCACAAGG,0,1294335
furpa,0.1,9,9,TTAGCACAATGCCCTGGGAT,0,1354512
furpa,0.1,9,9,TTACTTCATAGGGTTATATT,0,1304136
furpa,0.1,9,9,TTACTAAGCCTGATTGCTTC,0,1332250
furpa,0.1,9,9,TTACAGGTCAGGGCGCGGGT,0,1331697
furpa,0.1,9,9,TTAAGATATATCGGGATGTG,0,1311704
furpa,0.1,9,9,TGTTGCCGATTAGGAGAGCT,0,1342432
furpa,0.1,9,9,TGTGTGGAGCTCTACAAGTA,0,1318347
furpa,0.1,9,9,TGTGTGGAATGCGGCGCTCT,0,1345589
furpa,0.1,9,9,TGTGTATATAGCACATGGGC,0,1339208
furpa,0.1,9,9,TGTGGCAACTGGCATGACTC,0,1274002
furpa,0.1,9,9,TGTCTGAGATTTGGTTCGGT,0,1302283
furpa,0.1,9,9,TGGTTCCCAGTCCATAGGTC,0,1344332
furpa,0.1,9,9,TGGTCAGTTCCTACAAAGAT,0,1273029
furpa,0.1,9,9,TGGTATAGCAATTATGCGAC,0,1299632
furpa,0.1,9,9,TGGGAAGCCGTCCGGTAGAC,0,1281922
furpa,0.1,9,9,TGGCATTGCTCTTTTACTGT,0,1289359
furpa,0.1,9,9,TGGAGTGGGAAAGGTTACAT,0,1293580
furpa,0.1,9,9,TGGAGATTCCAAAGGTCCTC,0,1353313
furpa,0.1,9,9,TGGACTGACGGTGAGGCCCA,0,1277827
furpa,0.1,9,9,TGGAACTACTCGCATTCAGA,0,1272286
furpa,0.1,9,9,TGCTTCTCAAGATACAGTAA,0,1284949
furpa,0.1,9,9,TGCTGTGCACGTATACCGGT,0,1310349
furpa,0.1,9,9,TGCTCTTCTGTCTAAGCAAT,0,1318981
furpa,0.1,9,9,TGCTATACATGTAGTGGCAA,0,1290892
furpa,0.1,9,9,TGCGCTAACAGCGTCCATGT,0,1277329
furpa,0.1,9,9,TGCGATGGCAATTTATTGGT,0,1287245
furpa,0.1,9,9,TGCCTTTGTGCAGTTTCGCG,0,1317543
furpa,0.1,9,9,TGCCATGTACGAATTTGAGA,0,1350983
furpa,0.1,9,9,TGCATACAGAAGCGCATACA,0,1277744
furpa,0.1,9,9,TGCATAAAAGGACTGCACGA,0,1316154
furpa,0.1,9,9,TGCAGTCACAATGAAGCGAT,0,1316335
furpa,0.1,9,9,TGCAGGCCTTTCGTACCATC,0,1281364
furpa,0.1,9,9,TGCAAAATGCACTATCCCAC,0,1302261
furpa,0.1,9,9,TGATGCCACGCAGTAAGGGC,0,1303573
furpa,0.1,9,9,TGATCCTGATGTTGTTCACA,0,1288096
furpa,0.1,9,9,TGAGCATGCGGAGCTTTCAA,0,1282319
furpa,0.1,9,9,TGACGACGATTTCCCACGTG,0,1314631
furpa,0.1,9,9,TGAACCAATCTGTCAAAGGT,0,1294526
furpa,0.1,9,9,TGAAACACTTTGGCCTTCCA,0,1313893
furpa,0.1,9,9,TCTTTACCCAAGCCTCTCGT,0,1341205
furpa,0.1,9,9,TCTTCATGCTTAGATTAAAA,0,1329262
furpa,0.1,9,9,TCTGGTGACGCCGTAGCCCC,0,1291121
furpa,0.1,9,9,TCTGCGATTGTAGGCAAACA,0,1321191
furpa,0.1,9,9,TCTGCCAACAGATGAGTGTA,0,1287391
furpa,0.1,9,9,TCTGAGGTTCAGGGTGCCTT,0,1342162
furpa,0.1,9,9,TCTATGCCCCGGGGGACCCA,0,1317292
furpa,0.1,9,9,TCTAGGTAACACATGTGCAG,0,1307892
furpa,0.1,9,9,TCTAACTCTTTCGGTTTTTG,0,1297895
furpa,0.1,9,9,TCGTTAACGGCCGCGTTGAT,0,1339285
furpa,0.1,9,9,TCGTACTGGACGAAGGGAGG,0,1314459
furpa,0.1,9,9,TCGGGGGGCTGCGGGGCCGA,0,1294541
furpa,0.1,9,9,TCGATGTAATGCTGTTAAAA,0,1346807
furpa,0.1,9,9,TCGAGATGTGTTTTAGCCGG,0,1303012
furpa,0.1,9,9,TCCTTAATCAACAGCGGTCC,0,1332936
furpa,0.1,9,9,TCCTGCGCTACCATGTAGAT,0,1333620
furpa,0.1,9,9,TCCTCATCCACTCGCGCTCT,0,1343403
furpa,0.1,9,9,TCCGTTTCTGGCAGCACACC,0,1309000
furpa,0.1,9,9,TCCGGCTAAATACTCATGGA,0,1274524
furpa,0.1,9,9,TCCCTGTGACGACCGGTGGA,0,1271671
furpa,0.1,9,9,TCCCTAGCGCAAAGCCCATA,0,1356581
furpa,0.1,9,9,TCCCGGGAGGTATACAACGA,0,1316626
furpa,0.1,9,9,TCCATGGCGGGTGCCAGATA,0,1274929
furpa,0.1,9,9,TCCAGGACCCAACAAATCCA,0,1272804
furpa,0.1,9,9,TCCAAGTTCTGTTCTTGAGA,0,1329674
furpa,0.1,9,9,TCAGTCAATGAATCGAAAGT,0,1272275
furpa,0.1,9,9,TCAGGCAGCGAGCATACATC,0,1282094
furpa,0.1,9,9,TCAGATTGTTGGCGACTTGG,0,1306001
furpa,0.1,9,9,TCACACCAATCCATTATGAA,0,1289437
furpa,0.1,9,9,TCAATCACTTGATGCCCCGC,0,1276624
furpa,0.1,9,9,TCAATATCGAAGTAAAGGTT,0,1316332
furpa,0.1,9,9,TCAAGTCTGTCGATGGTTCT,0,1322354
furpa,0.1,9,9,TCAAGTACCAGTAATATACG,0,1310154
furpa,0.1,9,9,TCAAGGGAGTATTGTCCTTA,0,1274922
furpa,0.1,9,9,TCAACCTGCTCTATCGGTGA,0,1318909
furpa,0.1,9,9,TATTTAAGGTGGCTTTTGCA,0,1276749
furpa,0.1,9,9,TATTCAGTGCCGATCTCTAC,0,1292045
furpa,0.1,9,9,TATGTGCGCTGCGGGGATAT,0,1284065
furpa,0.1,9,9,TATGGGGCTGCATGGACAGG,0,1336260
furpa,0.1,9,9,TATGCAGATGCGTGTTTAAG,0,1341248
furpa,0.1,9,9,TATGAGAACAGCCACCGATC,0,1319717
furpa,0.1,9,9,TATCTTGCGATGAGTTCAAG,0,1302917
furpa,0.1,9,9,TATCAACGGGTTTGGGCTAG,0,1313934
furpa,0.1,9,9,TATATACTAATCTTGAAGGT,0,1294881
furpa,0.1,9,9,TATAGCAGTCGGCAGTCGTG,0,1311503
furpa,0.1,9,9,TATACGGTATTGATATTACA,0,1339623
furpa,0.1,9,9,TAGGCTTCCCGTTACCATGG,0,1317293
furpa,0.1,9,9,TAGGCGTAATTGTAGTATGC,0,1290653
furpa,0.1,9,9,TAGCGTCTTATTTTCGGACC,0,1342452
furpa,0.1,9,9,TAGCCGATCATAACGTATCA,0,1314667
furpa,0.1,9,9,TAGAAGACGGGAACCTAGAC,0,1289832
furpa,0.1,9,9,TACTTTCCATTACGGCGTCG,0,1337758
furpa,0.1,9,9,TACTTCACATCACGGTAGAC,0,1345480
furpa,0.1,9,9,TACTACACCCCCGGCGAAGA,0,1293933
furpa,0.1,9,9,TACGTCGGGTTGTGTAAAAT,0,1310447
furpa,0.1,9,9,TACGGGGGCAGAACAATCGA,0,1280515
furpa,0.1,9,9,TACGGGAGGGATGTTCTTTG,0,1295310
furpa,0.1,9,9,TACGCCAGGCATGCTTGGCT,0,1310510
furpa,0.1,9,9,TACGAAAAGCAGTGGAGTCC,0,1294398
furpa,0.1,9,9,TACCTGACACACATTAATAC,0,1279111
furpa,0.1,9,9,TACCGTCCTGTAATTCCCCA,0,1296229
furpa,0.1,9,9,TACATTCAACTGGGTAAGCG,0,1290037
furpa,0.1,9,9,TACAGCTTTGAGCCAACATC,0,1283439
furpa,0.1,9,9,TACACGCACTGGGTGGTATG,0,1302912
furpa,0.1,9,9,TAATTTTAGCAGTACCCTCT,0,1333884
furpa,0.1,9,9,TAATGCATGGTCCTCGTATA,0,1300084
furpa,0.1,9,9,TAAGCGAGTCAGCCCCCCAT,0,1290792
furpa,0.1,9,9,TAAGACTCTGTGATGTTTCA,0,1340179
furpa,0.1,9,9,TAAATCTAGATCGCATATGT,0,1335531
furpa,0.1,9,9,TAAAGTCAAGAGCGTCGCTA,0,1323784
furpa,0.1,9,9,GTTTTAATGGCGGTCAAGGC,0,1315769
furpa,0.1,9,9,GTTGTTCGGTGAGGCCTCAG,0,1353888
furpa,0.1,9,9,GTTGTACACCAGAACGGTGT,0,1283717
furpa,0.1,9,9,GTTGGGCGCGCAACTCTCGA,0,1307985
furpa,0.1,9,9,GTTGATAATATTAGGGGCAG,0,1311094
furpa,0.1,9,9,GTTACCAATTAGACTGGCTC,0,1322466
furpa,0.1,9,9,GTTACACGGCAAGCGCCGTA,0,1323889
furpa,0.1,9,9,GTGTAAGCCTCGGTCGAAGT,0,1345013
furpa,0.1,9,9,GTGGCCCGTACAAATTATTC,0,1274245
furpa,0.1,9,9,GTGCGTTTACTCGATCGACC,0,1324353
furpa,0.1,9,9,GTGCGCCGTAATCCTAGGGT,0,1284266
furpa,0.1,9,9,GTGCATGCTGGCCTCTCGTG,0,1353392
furpa,0.1,9,9,GTGCAAGGTGGAGGGCGACC,0,1289321
furpa,0.1,9,9,GTGAGGTGGCTCTGTCGTAA,0,1332930
furpa,0.1,9,9,GTGAGGGAATGCGCTGAAAA,0,1282937
furpa,0.1,9,9,GTGAGAGGAGACTATTCTCA,0,1283317
furpa,0.1,9,9,GTGAAGGTCTAACGATTTGT,0,1332462
furpa,0.1,9,9,GTCTCAGGTTTGTTCACATA,0,1301438
furpa,0.1,9,9,GTCGGTTTGGCAGACCAGGT,0,1301565
furpa,0.1,9,9,GTCGGTGTCTCACCAGCAGG,0,1324712
furpa,0.1,9,9,GTCCGAACTTGATCGGATTC,0,1335567
furpa,0.1,9,9,GTCCAGAGGTACTTTGCGAG,0,1326905
furpa,0.1,9,9,GTCATACACTCGGTGATGCT,0,1355908
furpa,0.1,9,9,GTCACATACCTATGTTCTGT,0,1299222
furpa,0.1,9,9,GTATCACATCGCGTCAAATC,0,1284015
furpa,0.1,9,9,GTAGTGGGAAATCGCAACCG,0,1325232
furpa,0.1,9,9,GTAGTATGGAGGAGATGCCG,0,1343519
furpa,0.1,9,9,GTAGGAGGGGGTTAAAACTT,0,1352497
furpa,0.1,9,9,GTAGCAGGGTCATTTTTGCA,0,1328662
furpa,0.1,9,9,GTAGCAGCATGCCCATCTCA,0,1278973
furpa,0.1,9,9,GTACGGGACAATGTGTTTTG,0,1354316
furpa,0.1,9,9,GTACGATTCACCCATTAGCC,0,1314214
furpa,0.1,9,9,GTACACGTTTGAGGCTACGA,0,1336122
furpa,0.1,9,9,GTAAGACTCGCTCAGGCCTG,0,1295467
furpa,0.1,9,9,GTAACTTAACCGTGTTATGT,0,1328020
furpa,0.1,9,9,GTAAAAACCCTATGCATCTT,0,1334053
furpa,0.1,9,9,GGTTCGTTAATCTCTGGGCG,0,1296350
furpa,0.1,9,9,GGTTACCGAACTGAGGTTCC,0,1272124
furpa,0.1,9,9,GGTGTTTTGAAGTGGCCTCC,0,1279285
furpa,0.1,9,9,GGTGGTAGTACAGTCAACAC,0,1340360
furpa,0.1,9,9,GGTGGCACACACACTCGTCA,0,1321688
furpa,0.1,9,9,GGTGCCTGTGCTGAGTTTAT,0,1340240
furpa,0.1,9,9,GGTGAATATTTCGTCCCATG,0,1354566
furpa,0.1,9,9,GGTGAAGAGCATCGAGTACT,0,1295000
furpa,0.1,9,9,GGTCTTTTTGATGGTCTCCG,0,1287342
furpa,0.1,9,9,GGTCTTGAGAAACTTACGAT,0,1298447
furpa,0.1,9,9,GGTCGTTGAATAGTTATCAG,0,1330908
furpa,0.1,9,9,GGTCGAGAAAGTAAGCAATA,0,1337190
furpa,0.1,9,9,GGTCCTGCTTGCGGTTGTGG,0,1309070
furpa,0.1,9,9,GGTCATCGACCCAACCCTTT,0,1324578
furpa,0.1,9,9,GGTATATCGTCCGTGTAAGC,0,1301153
furpa,0.1,9,9,GGTAGGTAGTAATCCACGTG,0,1350530
furpa,0.1,9,9,GGTAATCGACAACAATGCGT,0,1331522
furpa,0.1,9,9,GGGTCGAGCGACTACCAATT,0,1301779
furpa,0.1,9,9,GGGTAGAATAAATTGACGTA,0,1339404
furpa,0.1,9,9,GGGGTGATCGGATGGAGTCT,0,1305943
furpa,0.1,9,9,GGGGGGGTGACTATCAGGTG,0,1346684
furpa,0.1,9,9,GGGGGAAATGGCCCCTGCTG,0,1295628
furpa,0.1,9,9,GGGGCAAATGAACGGCTAAT,0,1276885
furpa,0.1,9,9,GGGGAGGTAGTCCTCCGGCA,0,1273293
furpa,0.1,9,9,GGGCTGGTGTAGATGGAGTA,0,1355962
furpa,0.1,9,9,GGGCGGAGTTAAAGTTAGAC,0,1287992
furpa,0.1,9,9,GGGCATGATCCTGAAGCCGA,0,1306694
furpa,0.1,9,9,GGGCACAGCGATTTATAATG,0,1274751
furpa,0.1,9,9,GGGCAAGTTTAAATCAACCT,0,1347184
furpa,0.1,9,9,GGGACGGCGAGTACTCCGGT,0,1336949
furpa,0.1,9,9,GGCTACGCCCGCGAAGACTA,0,1282932
furpa,0.1,9,9,GGCTACCGACCGGAATCTTA,0,1276239
furpa,0.1,9,9,GGCCCTACAACGGGAGTAGT,0,1284872
furpa,0.1,9,9,GGCCCAAGCAAGTGTAGATG,0,1323464
furpa,0.1,9,9,GGCACGATGGTAAATATCCT,0,1340111
furpa,0.1,9,9,GGATTTGTGACCGCCGTCAA,0,1288967
furpa,0.1,9,9,GGATGATCGACCGCACAACG,0,1318610
furpa,0.1,9,9,GGATCATGAGATTCTCGTGC,0,1319759
furpa,0.1,9,9,GGATAGCAGTATCCTTAGTA,0,1288020
furpa,0.1,9,9,GGATACGCGACATTTACTTT,0,1288866
furpa,0.1,9,9,GGATACAGTGCCGGCTCTAC,0,1304066
furpa,0.1,9,9,GGACCTAGATACGTTGCCGT,0,1355793
furpa,0.1,9,9,GGAAGCGAAGGGTTATGACG,0,1324690
furpa,0.1,9,9,GGAAACGCGTCGCCTAGGCG,0,1285474
furpa,0.1,9,9,GGAAACAACGGAGTTCGCGT,0,1334033
furpa,0.1,9,9,GCTTATTGATGCGTTAGCTG,0,1276829
furpa,0.1,9,9,GCTGTGAAACTTGAGAGAAC,0,1296255
furpa,0.1,9,9,GCTGGGCCGTGAGTATAGCT,0,1291471
furpa,0.1,9,9,GCTGCGCGCACCTGACCGCC,0,1301564
furpa,0.1,9,9,GCTGAAAGCACAGGTCCCCT,0,1276943
furpa,0.1,9,9,GCTCTGTTAATGCTTCTGTG,0,1318595
furpa,0.1,9,9,GCTCCGGGACCCACGCCGGC,0,1343927
furpa,0.1,9,9,GCTCCCAGGTGTCCCAGGGC,0,1290368
furpa,0.1,9,9,GCTATACGACGCGGGCATGC,0,1296033
furpa,0.1,9,9,GCTAGGGCTCGGCCTGAAGG,0,1272145
furpa,0.1,9,9,GCTACGAGTGTGGATAACGG,0,1309481
furpa,0.1,9,9,GCTACAAAAATAGAGTCTAT,0,1319833
furpa,0.1,9,9,GCTAACCCTAGTTACTACTT,0,1351408
furpa,0.1,9,9,GCGTCATGGTGAAATATGCT,0,1350599
furpa,0.1,9,9,GCGTAGGCAGCTTTTACGAA,0,1282611
furpa,0.1,9,9,GCGTAGAAAACCCATACGCT,0,1329805
furpa,0.1,9,9,GCGGTTCGGCACGCTTTCTG,0,1287932
furpa,0.1,9,9,GCGGTTACCATGGCTCGAGA,0,1341324
furpa,0.1,9,9,GCGGCCTCATTCAAGGTTCT,0,1307741
furpa,0.1,9,9,GCGGCATGAGCCTAGTGGGA,0,1299530
furpa,0.1,9,9,GCGCTTAGTAACTGAACAAA,0,1325663
furpa,0.1,9,9,GCGCGGTGCGCGCTTGGGGG,0,1342277
furpa,0.1,9,9,GCGCGACGCGAGGATACGCA,0,1308067
furpa,0.1,9,9,GCGACCTAGATTTCAGACGC,0,1337661
furpa,0.1,9,9,GCGACATGGAGATGTGAGGG,0,1316258
furpa,0.1,9,9,GCGACAGAACGTTTGGCTGA,0,1355807
furpa,0.1,9,9,GCCTTTTACGTGCGGTCTAC,0,1298827
furpa,0.1,9,9,GCCTTCTCATTAGCGTGTAA,0,1284486
furpa,0.1,9,9,GCCGCCATGGCCAATAGGCC,0,1323958
furpa,0.1,9,9,GCCGCCAGACCGTTGACGGG,0,1324373
furpa,0.1,9,9,GCCATTTCAATATAACCAAA,0,1294090
furpa,0.1,9,9,GCCATAGGCAACATGAGGTA,0,1305079
furpa,0.1,9,9,GCCACTCGGACGACTATTCT,0,1306131
furpa,0.1,9,9,GCCAACCGAGTCTGGATTGT,0,1319187
furpa,0.1,9,9,GCATGACGCGGGGTAGGGTA,0,1348177
furpa,0.1,9,9,GCATATCGGCGGACCCCCTA,0,1296816
furpa,0.1,9,9,GCATAGGATCAAAACCCCCA,0,1337379
furpa,0.1,9,9,GCATACCATCCAGACATCCA,0,1354726
furpa,0.1,9,9,GCAGTTAAAACAAGCCCCAG,0,1277659
furpa,0.1,9,9,GCAGTAGACAGTATTACATC,0,1294756
furpa,0.1,9,9,GCAGGTATGCGGTGGATCGG,0,1298073
furpa,0.1,9,9,GCAGGGACCGTGTCCGTGTC,0,1337717
furpa,0.1,9,9,GCAGGATTACAACGTAAATT,0,1289401
furpa,0.1,9,9,GCAGCTAGCTTAGGCGGTTT,0,1331933
furpa,0.1,9,9,GCACGGACCACTATGAGCAG,0,1281115
furpa,0.1,9,9,GCACGAAATAGCAACTCGGA,0,1329728
furpa,0.1,9,9,GCACAGCCTCGGGCCTCAGG,0,1321069
furpa,0.1,9,9,GCAATCCTAAGTGCTTCGGT,0,1287746
furpa,0.1,9,9,GATTTGTCCAGTTATTGTTG,0,1292304
furpa,0.1,9,9,GATTCAACACGCTGCTAATT,0,1330119
furpa,0.1,9,9,GATGGCCATAATTTCGCACT,0,1295723
furpa,0.1,9,9,GATGAGGATAGTGGTCCTTA,0,1354192
furpa,0.1,9,9,GATCCAATAGCTTGTATATA,0,1308958
furpa,0.1,9,9,GATCATTTTGCCGACGCCTA,0,1316676
furpa,0.1,9,9,GATCACTTATCAAAATGATA,0,1308440
furpa,0.1,9,9,GATCAAGGGAGTGCCGGAGC,0,1355293
furpa,0.1,9,9,GATAGCCATGCAGGTATATT,0,1290058
furpa,0.1,9,9,GATACTCTCTTAGTTCCCGC,0,1333460
furpa,0.1,9,9,GATACTCTCGAGGTTTCGGA,0,1306456
furpa,0.1,9,9,GATAAGTTACTTAGTACTAT,0,1303190
furpa,0.1,9,9,GATAAGACGAATGATCGGCA,0,1322216
furpa,0.1,9,9,GAGTGTGGTCGCGATACCGT,0,1323749
furpa,0.1,9,9,GAGTCTCTGGTCATCGTAGT,0,1286910
furpa,0.1,9,9,GAGGGAGCCGCTTCGGCTGA,0,1356826
furpa,0.1,9,9,GAGGGACATTGGGTCAAGCC,0,1332003
furpa,0.1,9,9,GAGGCTTCCTCCCATCCATG,0,1283705
furpa,0.1,9,9,GAGGAGTACTTGGGAAAAAT,0,1347007
furpa,0.1,9,9,GAGCACTCACGTCTCGGAAA,0,1335422
furpa,0.1,9,9,GAGCAAATGACCGAGCATCT,0,1311615
furpa,0.1,9,9,GAGAGCGCCAAATTCAGCGT,0,1285684
furpa,0.1,9,9,GACTGTCTGGAGCGCATAAA,0,1310841
furpa,0.1,9,9,GACTAAGGAAAGGGCCTCTG,0,1271181
furpa,0.1,9,9,GACGTCAGGTCTAATGTTGT,0,1299180
furpa,0.1,9,9,GACCTCGTTTATTTCTTTCA,0,1282071
furpa,0.1,9,9,GACCGAAGCGTACGGCCGAG,0,1302277
furpa,0.1,9,9,GACCCTAGGCGCTGGGCTAA,0,1326554
furpa,0.1,9,9,GACAGCTCGAGGTCTTGCTT,0,1349666
furpa,0.1,9,9,GAATCGGGTTTTTGAGATTT,0,1318293
furpa,0.1,9,9,GAAGTAACGAGGTGGCAGCT,0,1277260
furpa,0.1,9,9,GAAGGACTTCCCGGCTGAGT,0,1353174
furpa,0.1,9,9,GAAGCACATTCTCTAAAGTT,0,1281180
furpa,0.1,9,9,GAACTGAGTAGAGGCTGGAA,0,1297100
furpa,0.1,9,9,GAACGCCCGACTCAAGGTAA,0,1342074
furpa,0.1,9,9,GAACGCACGTACACGATCAT,0,1284475
furpa,0.1,9,9,GAACCGCAAAGTGATTTCAC,0,1312385
furpa,0.1,9,9,GAAATTAGCTGACCAGGCCT,0,1344541
furpa,0.1,9,9,GAAATAGACACTCAAGTCGT,0,1309125
furpa,0.1,9,9,CTTTGGTACGAGAACGGGAC,0,1284423
furpa,0.1,9,9,CTTTAGCCATGGAGAGGGAT,0,1301851
furpa,0.1,9,9,CTTTAGACTAGCTTTACCCC,0,1286267
furpa,0.1,9,9,CTTTACCTCTGCACGTGTTA,0,1347905
furpa,0.1,9,9,CTTTACCATGCCAATGTCAT,0,1271784
furpa,0.1,9,9,CTTGTGATGTGTTGAGTAAT,0,1297482
furpa,0.1,9,9,CTTGGGCAGTTCGTGAGCCA,0,1283164
furpa,0.1,9,9,CTTGCCCAGTTATCAAGGGC,0,1352958
furpa,0.1,9,9,CTTATATCGCCTCGGGCACT,0,1334010
furpa,0.1,9,9,CTTAGGTGTACACCCTTGTG,0,1277137
furpa,0.1,9,9,CTGTTAAACTGAAAGCACTA,0,1295658
furpa,0.1,9,9,CTGTGTACTACTTCCGTACA,0,1311449
furpa,0.1,9,9,CTGTGCGCTACCACTTAGAA,0,1326839
furpa,0.1,9,9,CTGTACGGACCATACAGATG,0,1339896
furpa,0.1,9,9,CTGGGCTTCGGAGGTACCCA,0,1294698
furpa,0.1,9,9,CTGCGGTATCGATTTGAAGG,0,1305253
furpa,0.1,9,9,CTGCGGATTGCGCAATCAGT,0,1313251
furpa,0.1,9,9,CTGACGGCAAATCTTGTATA,0,1276889
furpa,0.1,9,9,CTGAAGAATTGGTTCCGAGA,0,1298156
furpa,0.1,9,9,CTCTCACTTGCACGCCACGT,0,1309945
furpa,0.1,9,9,CTCGTCTGACGCTTGGACAT,0,1310674
furpa,0.1,9,9,CTCGCGCATGGATAGTGTAC,0,1302834
furpa,0.1,9,9,CTCGCCCAACCAGAAACGTG,0,1278806
furpa,0.1,9,9,CTCCTGCAAGTCTAAGTCTT,0,1314218
furpa,0.1,9,9,CTCCCCTCGCAATAAAGTGT,0,1339872
furpa,0.1,9,9,CTCAGGCAACACATGCGAAA,0,1338060
furpa,0.1,9,9,CTCAATCGGTGACGGGGGAT,0,1293839
furpa,0.1,9,9,CTCAACCTCTGTCTGGTTAA,0,1354670
furpa,0.1,9,9,CTATCTTGGAAAGCGGCCCA,0,1308840
furpa,0.1,9,9,CTAGTCGCCGGTTTTAAAAA,0,1278794
furpa,0.1,9,9,CTAGTCAACCGAATAAAACA,0,1327284
furpa,0.1,9,9,CTAGGACTATGAATCGAGTT,0,1347359
furpa,0.1,9,9,CTAGCTTGTGAGCGCCGATG,0,1326737
furpa,0.1,9,9,CTAGCTCCAGTTACAGATTC,0,1275975
furpa,0.1,9,9,CTAGCCCGCGAATCTAAAAT,0,1282192
furpa,0.1,9,9,CTAGCAGGTTTGGCAAACCA,0,1337239
furpa,0.1,9,9,CTACTCTAACCGGTGCGAGT,0,1354072
furpa,0.1,9,9,CTACGTGGAAAGTACCGGTA,0,1306965
furpa,0.1,9,9,CTACGTGCGAGGTTTCTGGC,0,1335532
furpa,0.1,9,9,CTACCCGGGCGCAAGGTGGA,0,1303117
furpa,0.1,9,9,CTAATTTGTAATTGGGACTT,0,1313768
furpa,0.1,9,9,CGTTAACATAGTGTAATTAG,0,1300661
furpa,0.1,9,9,CGTGTACAATCAATGCAAGT,0,1286577
furpa,0.1,9,9,CGTGTAACCCAGGCTGTGGT,0,1312144
furpa,0.1,9,9,CGTGCCGGCCAGCCTGGCCG,0,1322808
furpa,0.1,9,9,CGTCTGTGGGTACGCATTTA,0,1283373
furpa,0.1,9,9,CGTCCCACAACGTACAACGC,0,1294994
furpa,0.1,9,9,CGTATTCGTACATCAATGTG,0,1280584
furpa,0.1,9,9,CGTATCGAGCGAGTGACGAT,0,1350330
furpa,0.1,9,9,CGTAGCGCTTGGCTATTCCC,0,1334468
furpa,0.1,9,9,CGTACGTTAGCCGCCTAGTA,0,1281020
furpa,0.1,9,9,CGTACGCGTGACGTGAGGCA,0,1290964
furpa,0.1,9,9,CGTACGCATAAGCCTAGCAT,0,1282743
furpa,0.1,9,9,CGGTTGAGTTAACCCAAAAA,0,1324680
furpa,0.1,9,9,CGGGTGCTATCAGGTCATTA,0,1291191
furpa,0.1,9,9,CGGGGAGAATTTTCGCATTA,0,1310739
furpa,0.1,9,9,CGGGGAAAGCCGCGTCCTGG,0,1286869
furpa,0.1,9,9,CGGGAGGAATAGGCCCATCT,0,1357626
furpa,0.1,9,9,CGGCAACTGTACATAAGTAC,0,1315895
furpa,0.1,9,9,CGGCAACGTTTAGCAGCTCG,0,1296795
furpa,0.1,9,9,CGGATTAACGAAAGAGATGG,0,1296844
furpa,0.1,9,9,CGGAGTACGATTGCTATCAG,0,1318629
furpa,0.1,9,9,CGGAGAGACTAGGCGGAATC,0,1300223
furpa,0.1,9,9,CGGAATTTTGTACGCTGACT,0,1292345
furpa,0.1,9,9,CGCTTCGTGATGACGTCGGT,0,1278234
furpa,0.1,9,9,CGCTGCCTGCGAAAGGGTTA,0,1299584
furpa,0.1,9,9,CGCTCCGTCACCACATCGTG,0,1316816
furpa,0.1,9,9,CGCATATTGTGGGGCCTTAG,0,1330142
furpa,0.1,9,9,CGCAGAGGTGTGCGGCGGGA,0,1351074
furpa,0.1,9,9,CGCACGGGTAAAGCATGATC,0,1312891
furpa,0.1,9,9,CGCACACTAGCTGCGGTGCC,0,1332789
furpa,0.1,9,9,CGATCAATTCTCAGTTATGT,0,1280025
furpa,0.1,9,9,CGATATATTGCGCGGATACT,0,1295561
furpa,0.1,9,9,CGAGGCAAGCCCCAGCGCAT,0,1352085
furpa,0.1,9,9,CGAGCAACCAATCCCACTAA,0,1322358
furpa,0.1,9,9,CGAGATCGAAAGCATAGATT,0,1284809
furpa,0.1,9,9,CGACTTGTTCTCTGCTACTT,0,1275008
furpa,0.1,9,9,CGACGCCTGAGTAGCACAGC,0,1328361
furpa,0.1,9,9,CGACCTCCCTCGGTGGATTT,0,1294410
furpa,0.1,9,9,CGACAACTAACCGCCACCCA,0,1318531
furpa,0.1,9,9,CGAATGACTTGAGATCCTTA,0,1291555
furpa,0.1,9,9,CGAAGGATCGACTGCTGACG,0,1356507
furpa,0.1,9,9,CGAAGACGCATCGATTAGCC,0,1301419
furpa,0.1,9,9,CGAAGAAAGATAGAGCACAG,0,1312734
furpa,0.1,9,9,CGAACGACCGTAGTGCTTGT,0,1325357
furpa,0.1,9,9,CCTGTCGAGTCTTTGATCTA,0,1336069
furpa,0.1,9,9,CCTGTAGGGTGTTTCCGTGA,0,1302003
furpa,0.1,9,9,CCTGTAGAGACTATATGTAA,0,1342704
furpa,0.1,9,9,CCTGCGGTGTTTGGATGTAC,0,1333594
furpa,0.1,9,9,CCTCGTCACTTTTACTACGT,0,1355389
furpa,0.1,9,9,CCTCGGAGTCGTCCCGTGCG,0,1349475
furpa,0.1,9,9,CCTCAACATCATGGTACTTC,0,1299349
furpa,0.1,9,9,CCTAGTAAGCATTGGCTAGC,0,1320640
furpa,0.1,9,9,CCTAAGCCTAAAAGCTGCCA,0,1291966
furpa,0.1,9,9,CCTAACGCGTTAGCGCGATA,0,1310588
furpa,0.1,9,9,CCGTGTTTTCGGTACACGGT,0,1319035
furpa,0.1,9,9,CCGGGTTATGAGACATTTAG,0,1347987
furpa,0.1,9,9,CCGGGAAAATCAGGTGTAAG,0,1301622
furpa,0.1,9,9,CCGCGGGTCTTCAGCTTCCC,0,1345305
furpa,0.1,9,9,CCGCGCCTAATTTGTGAAGC,0,1321880
furpa,0.1,9,9,CCGCAGATACAGTTCGTCTC,0,1290977
furpa,0.1,9,9,CCGATTGTTACCCTCACACA,0,1337291
furpa,0.1,9,9,CCGACTAAAACTACCCAGAC,0,1343515
furpa,0.1,9,9,CCCTTGAAGTTAGACCCGAT,0,1307007
furpa,0.1,9,9,CCCGGTGCCGATGAAAGGGG,0,1308642
furpa,0.1,9,9,CCCCGTCACCACTGTCTCAC,0,1300580
furpa,0.1,9,9,CCCCGCAAAGGTGGCCAAAA,0,1349696
furpa,0.1,9,9,CCCAAGATAGGTCTGTTAGT,0,1273160
furpa,0.1,9,9,CCCAACCCAAAAATTGTCAC,0,1285629
furpa,0.1,9,9,CCCAAAGGCGAAGGATCGGG,0,1310334
furpa,0.1,9,9,CCATTCAGGAAGCGGCGGAA,0,1281333
furpa,0.1,9,9,CCATGTTGATAATATTTCCA,0,1281885
furpa,0.1,9,9,CCAGGCGAAACGCGGACCAG,0,1285789
furpa,0.1,9,9,CCAGGAGCATGCTTTTTCAT,0,1336121
furpa,0.1,9,9,CCAGCTATCATCGAATTGGG,0,1332911
furpa,0.1,9,9,CCAGCCGACCTCAGGTTCTC,0,1345868
furpa,0.1,9,9,CCAGATGCGCCCTCGTCCTG,0,1319103
furpa,0.1,9,9,CCACGTGACATTTGCTGCTC,0,1299000
furpa,0.1,9,9,CCACCTCGATGTCACAGAAA,0,1279026
furpa,0.1,9,9,CCACCCGCGATCAACTCCGA,0,1322367
furpa,0.1,9,9,CCACATTTCTTATGCAATTA,0,1292905
furpa,0.1,9,9,CCAAATATCTGGTGACGCAA,0,1317141
furpa,0.1,9,9,CCAAAAACCACCGCAGTACG,0,1319736
furpa,0.1,9,9,CATTTCTAGGTCGGTAGATT,0,1281187
furpa,0.1,9,9,CATTGTTGACGACAGAAGTC,0,1294697
furpa,0.1,9,9,CATTCAGCGTGCTTATTCCG,0,1302093
furpa,0.1,9,9,CATGGTGGCCTGTGAAATTA,0,1273700
furpa,0.1,9,9,CATCGCTATGAAAGGCAAGT,0,1339158
furpa,0.1,9,9,CATCGCTAGGTGGGACACGC,0,1354293
furpa,0.1,9,9,CATAACAAATGGTGCCAGTA,0,1311926
furpa,0.1,9,9,CAGTTGAGTGAAAAGAGAAT,0,1299731
furpa,0.1,9,9,CAGTTCTGGAGAAAGCAGAT,0,1271931
furpa,0.1,9,9,CAGTCCGGATGTGCGACAAT,0,1301616
furpa,0.1,9,9,CAGCGGGCATACTGACACAT,0,1305404
furpa,0.1,9,9,CAGAAACTGGTTTCTAACCC,0,1351383
furpa,0.1,9,9,CACTCCTCACCTCGGGCAAC,0,1315851
furpa,0.1,9,9,CACGGTTCTTCTTGTCGGCA,0,1312538
furpa,0.1,9,9,CACCCTCGAGTTGCTTGTTC,0,1304551
furpa,0.1,9,9,CACCATGCGGGCTCCTGGTG,0,1280828
furpa,0.1,9,9,CACAGTGACTGGCGTTACAG,0,1289404
furpa,0.1,9,9,CACAAGAATGGCATAAATCA,0,1279907
furpa,0.1,9,9,CAAGTAATCCCGCTTGATTA,0,1319330
furpa,0.1,9,9,CAACCCGTCTCGTTGATGCT,0,1349558
furpa,0.1,9,9,CAACAGTACGTCAGTGACCA,0,1319123
furpa,0.1,9,9,CAAAAGGCGGAATGCTTGGT,0,1286849
furpa,0.1,9,9,ATTGGAATGCACGCTGTGCC,0,1309672
furpa,0.1,9,9,ATTCGTTGAGCGTAGGCGGG,0,1334781
furpa,0.1,9,9,ATTCGGAACTAACAGAGATT,0,1287581
furpa,0.1,9,9,ATTCGCTCGAGAGTTTGCAT,0,1295450
furpa,0.1,9,9,ATTCCGCTTAGCGCAACTCA,0,1294530
furpa,0.1,9,9,ATTCATGCGTGGTTTATTCA,0,1317225
furpa,0.1,9,9,ATTAGGCATGTCAAGGCCCA,0,1275574
furpa,0.1,9,9,ATTACTCGACACTATAGGAC,0,1308005
furpa,0.1,9,9,ATGTGGAGTTGTGCTTGGGG,0,1324075
furpa,0.1,9,9,ATGTCGGGGGGGCAATGGCC,0,1301627
furpa,0.1,9,9,ATGGCTTGGTGTCAGTTGTC,0,1343663
furpa,0.1,9,9,ATGGATGTTAGCTTATGCCC,0,1298193
furpa,0.1,9,9,ATGCACGGCGGTGCATGAGG,0,1308590
furpa,0.1,9,9,ATGATCGCTTAAATGTACGG,0,1346912
furpa,0.1,9,9,ATCTGGTTGATGCAGTGGCT,0,1318826
furpa,0.1,9,9,ATCTGGTATGAGGCACCTTG,0,1349660
furpa,0.1,9,9,ATCGCAGGAGCCGCGATCCA,0,1327267
furpa,0.1,9,9,ATCCTGTATGTAAGTTGACC,0,1357615
furpa,0.1,9,9,ATCCCCTGGTGCGAGGGTTC,0,1311597
furpa,0.1,9,9,ATCCCACCAGTTTATGACGG,0,1342476
furpa,0.1,9,9,ATCCAAGAGTTTGAGAGTTC,0,1277846
furpa,0.1,9,9,ATCAGATGGCGATTTTAGAT,0,1274945
furpa,0.1,9,9,ATCACTTGGGAGGGGGATAT,0,1313666
furpa,0.1,9,9,ATCACCCTATCATCTCGCGA,0,1333224
furpa,0.1,9,9,ATCAATATCCACACTCGACC,0,1294693
furpa,0.1,9,9,ATATGAGGTTCAGTTCTTAG,0,1325002
furpa,0.1,9,9,ATATCGGCTCTAGGTCTATA,0,1339689
furpa,0.1,9,9,ATAGGCACAAGCACAATCGT,0,1344580
furpa,0.1,9,9,ATACAAGAATTCTACGCAGT,0,1340827
furpa,0.1,9,9,AGTTTCCCACTATTCGACTT,0,1307362
furpa,0.1,9,9,AGTTGCGTGGTTATGCTTTA,0,1287904
furpa,0.1,9,9,AGTTCTAAAAATCACATCGC,0,1318114
furpa,0.1,9,9,AGTTCATACCCCCGGTTTCA,0,1321974
furpa,0.1,9,9,AGTTATGGTGCTGTTGCAAC,0,1307872
furpa,0.1,9,9,AGTGTGTTATCATGAGGCAG,0,1276894
furpa,0.1,9,9,AGTGTGTGCGAGGTGCAGAA,0,1286481
furpa,0.1,9,9,AGTGGTCCGAGGCAGTGGAC,0,1334031
furpa,0.1,9,9,AGTGGTACCGCATAGGGGCA,0,1296412
furpa,0.1,9,9,AGTCACCAGGATACCCACAT,0,1318620
furpa,0.1,9,9,AGTCACAAGGGGTCCTTCGT,0,1331029
furpa,0.1,9,9,AGTATTTCTACCATCCGTTT,0,1316255
furpa,0.1,9,9,AGTACATCGCAAAGTCGTAG,0,1345609
furpa,0.1,9,9,AGTAAATTGGAAAGCTGCTG,0,1340101
furpa,0.1,9,9,AGTAAACTCCAGCTCTGGAG,0,1335410
furpa,0.1,9,9,AGGTTCTATCTTGCTATCGT,0,1277298
furpa,0.1,9,9,AGGTACCTAGGTACATTGCT,0,1346355
furpa,0.1,9,9,AGGGGCTAGAAACACAACTC,0,1346175
furpa,0.1,9,9,AGGGATAGCACGCGCCTGCC,0,1282189
furpa,0.1,9,9,AGGCTCGCACCGACAAATAA,0,1284717
furpa,0.1,9,9,AGGCACGTATACCCAAGTGC,0,1317357
furpa,0.1,9,9,AGGATTGCGAGTCATCGGGT,0,1281399
furpa,0.1,9,9,AGGATCCGGCATCTGGTACA,0,1286758
furpa,0.1,9,9,AGGAGGCTGCCGTTGGTTCG,0,1275924
furpa,0.1,9,9,AGGAGAGTAAACACTGGGAA,0,1274624
furpa,0.1,9,9,AGCTTTCACGAGTTCGCAGT,0,1356287
furpa,0.1,9,9,AGCTGCTTTAGCGTCGGGCA,0,1347838
furpa,0.1,9,9,AGCTCTGCGTGATAGCTCTC,0,1311517
furpa,0.1,9,9,AGCTATTGAAGTTCGATATC,0,1330579
furpa,0.1,9,9,AGCTACATCCAACCTACCAA,0,1292857
furpa,0.1,9,9,AGCGGTAAAGGCAGAGACTT,0,1280697
furpa,0.1,9,9,AGCGGAGGCAAAGTCCGGAT,0,1276920
furpa,0.1,9,9,AGCCGCACTTGAAAAAGAAA,0,1336339
furpa,0.1,9,9,AGCCCTATGGGAATGTAGTG,0,1281332
furpa,0.1,9,9,AGCCCAGCAGCAGAAGAAGC,0,1272157
furpa,0.1,9,9,AGCATTGACACATCAGAGCA,0,1311866
furpa,0.1,9,9,AGCAGGTAAACAATCGCGGT,0,1272794
furpa,0.1,9,9,AGCAGACGCGTAAGACCATA,0,1282457
furpa,0.1,9,9,AGATTCGACGTGCAAACTCC,0,1348179
furpa,0.1,9,9,AGATGAAAGCAATTTCAAGG,0,1313427
furpa,0.1,9,9,AGATCATCCTCCGCTTTCGT,0,1283168
furpa,0.1,9,9,AGATCATAACATGGGGCCAT,0,1298086
furpa,0.1,9,9,AGACTGGCAGCCACTACCAT,0,1334454
furpa,0.1,9,9,AGAAGCTAACGGTCAAACAT,0,1350947
furpa,0.1,9,9,ACTTAGGTTCCTCGTTGTAG,0,1348768
furpa,0.1,9,9,ACTTACAGCCGAGTCATATC,0,1342383
furpa,0.1,9,9,ACTGAAGCCTCGATTCAAGA,0,1326745
furpa,0.1,9,9,ACTCGGAGGCCATCGTACGT,0,1271507
furpa,0.1,9,9,ACTAACTGGGAGCCAGGGTG,0,1287813
furpa,0.1,9,9,ACGTTGCTGATCTGCTAGCT,0,1295143
furpa,0.1,9,9,ACGTGCGACAGTGCGAGATA,0,1300194
furpa,0.1,9,9,ACGGCGAGACAGAAAAGGCA,0,1323389
furpa,0.1,9,9,ACGCTCATTAGATCACAGAA,0,1300155
furpa,0.1,9,9,ACGCGTGATCACGGATAGCT,0,1279541
furpa,0.1,9,9,ACGCCAGGTACATGGTTTTT,0,1356689
furpa,0.1,9,9,ACGAGTCCTAGGCCTCTCAT,0,1348317
furpa,0.1,9,9,ACCGGTACCCGGTAGAGGCT,0,1313163
furpa,0.1,9,9,ACCGCGCCAACATTGTGGAG,0,1332235
furpa,0.1,9,9,ACCGCAGTCCCATCTTCCAG,0,1357606
furpa,0.1,9,9,ACCGACAAGCACCCAACGGC,0,1305456
furpa,0.1,9,9,ACCGAATGGAAACCCTTAGA,0,1343162
furpa,0.1,9,9,ACCCCTAGGCTGCGAGAATC,0,1280934
furpa,0.1,9,9,ACATGTATCCACGGGACTGG,0,1289153
furpa,0.1,9,9,ACATGCCTCCCACAAAATCG,0,1300989
furpa,0.1,9,9,ACAGGTACCCACGTACTAAG,0,1326551
furpa,0.1,9,9,ACAGGGTGCGTTTAGGTAAC,0,1332064
furpa,0.1,9,9,ACAGGCATTGACACTCGTTT,0,1286469
furpa,0.1,9,9,ACAGCATTGCGGACTACTAG,0,1288288
furpa,0.1,9,9,ACAGAAGCCCTGTGTAAGTG,0,1306741
furpa,0.1,9,9,ACACGCTCCAGAACGCCTCT,0,1303018
furpa,0.1,9,9,ACACGACAGTACCCTGTAGA,0,1271327
furpa,0.1,9,9,ACAATTTCGGCATGGCTTGC,0,1289419
furpa,0.1,9,9,ACAATTTAGATATCGACCAA,0,1346459
furpa,0.1,9,9,ACAATCCTCCTCGCAATCGC,0,1273032
furpa,0.1,9,9,ACAAGTCAATAGTGTGGAAG,0,1287572
furpa,0.1,9,9,AATTTTTTCCCTTTTTTGCG,0,1290163
furpa,0.1,9,9,AATTGATGTTAGTCCTGTAG,0,1334481
furpa,0.1,9,9,AATTCTCCTGTGTCACCCCA,0,1275861
furpa,0.1,9,9,AATGCCGCGAATACCTCTCA,0,1304610
furpa,0.1,9,9,AATCATGTCGCTCGAGATAT,0,1335434
furpa,0.1,9,9,AATATTCCAACCTTTTCTTA,0,1287007
furpa,0.1,9,9,AATAGGGGGATGGCTAATTT,0,1309773
furpa,0.1,9,9,AATAGAAACGTCATGCACTA,0,1345251
furpa,0.1,9,9,AATAAGCGCCTTGAAGAAAG,0,1272100
furpa,0.1,9,9,AATAACATCTCAAGGGATGC,0,1299954
furpa,0.1,9,9,AAGTGCCGGGCGACCTCATT,0,1322801
furpa,0.1,9,9,AAGTCCACCCGCTGTCCTCT,0,1342429
furpa,0.1,9,9,AAGGGGCCCGGGGTGTATGT,0,1281601
furpa,0.1,9,9,AAGGCACGGAAACTTCGGTC,0,1294877
furpa,0.1,9,9,AAGCTCTCGACCTACCGGAG,0,1286477
furpa,0.1,9,9,AAGCCGGAACTGTATTGCCC,0,1345306
furpa,0.1,9,9,AACGTTGAGGCCCGCGCGGC,0,1310598
furpa,0.1,9,9,AACGGGTCCCCAACGGCTAT,0,1354599
furpa,0.1,9,9,AACGCGTGAAGAAGGGACCG,0,1321735
furpa,0.1,9,9,AACGCAGTATATCACGCCGA,0,1284943
furpa,0.1,9,9,AACCTTTCCCCGCCACCTTC,0,1306221
furpa,0.1,9,9,AACCTGCTTGGGGATTAAGT,0,1301013
furpa,0.1,9,9,AACAGGTTGAACTAGAAATC,0,1344273
furpa,0.1,9,9,AAAGTGTGATTAAGGTACAC,0,1276424
furpa,0.1,9,9,AAAGAGTGTATTGCAAAATA,0,1301063
furpa,0.1,9,9,AAACTGTGGTTATTTTGGCT,0,1287261
furpa,0.1,9,9,AAACGACTCAAACTGCCGAT,0,1297192
furpa,0.1,9,9,AAACCGTTCAGGCACCGAAG,0,1325149
furpa,0.1,9,9,AAAACGAGCCCCGGGTCGGT,0,1294236
furpa,0.1,9,9,AAAACATATTAGAAACCAAG,0,1323815
furpa,0.1111111111111111,8,8,TTTTTTGCCTGAGCTAATAC,0,1309271
furpa,0.1111111111111111,8,8,TTTGTAGCATAGATCGACAA,0,1287986
furpa,0.1111111111111111,8,8,TTTGAGCAATAAGCCGCACA,0,1315025
furpa,0.1111111111111111,8,8,TTTCGGAGACTACATAGACC,0,1326975
furpa,0.1111111111111111,8,8,TTTCGCTTTACGAACATCGC,0,1356422
furpa,0.1111111111111111,8,8,TTTCAGTAGTACTTATTCGA,0,1289849
furpa,0.1111111111111111,8,8,TTTAGTCCGCTTAAGGGACT,0,1304497
furpa,0.1111111111111111,8,8,TTTAAGTTGGATGCCAGGAT,0,1353300
furpa,0.1111111111111111,8,8,TTTAAGGGGCCTGGGCTAAT,0,1323732
furpa,0.1111111111111111,8,8,TTGTTGTGGCTCTGGGTTTT,0,1284274
furpa,0.1111111111111111,8,8,TTGTTGAAGTCCGCTCTGCA,0,1314899
furpa,0.1111111111111111,8,8,TTGTTAACATTAATTTTTAC,0,1335024
furpa,0.1111111111111111,8,8,TTGTGGGCCTGCGAGTGCAT,0,1315370
furpa,0.1111111111111111,8,8,TTGTCACCGTGAGACTTGCC,0,1319430
furpa,0.1111111111111111,8,8,TTGGGTTCGGAACACAAGCC,0,1295644
furpa,0.1111111111111111,8,8,TTGGACCAGACCCATAAGTA,0,1323805
furpa,0.1111111111111111,8,8,TTGCTCACAACGTGCCGGCG,0,1316693
furpa,0.1111111111111111,8,8,TTGCATGCGGTCACGGGCCT,0,1272775
furpa,0.1111111111111111,8,8,TTGATGGGCTTATTTTTCCC,0,1306061
furpa,0.1111111111111111,8,8,TTGAGTTGAATACAGGCGGA,0,1319374
furpa,0.1111111111111111,8,8,TTGAGGATTTATGAGAAATG,0,1320915
furpa,0.1111111111111111,8,8,TTGACATGGACCGAACATCG,0,1283226
furpa,0.1111111111111111,8,8,TTGAAATGACTGTGCCCGGT,0,1325993
furpa,0.1111111111111111,8,8,TTCTGGATAGCATATTCTAG,0,1308422
furpa,0.1111111111111111,8,8,TTCTGACAAGTATGTGTTTA,0,1347506
furpa,0.1111111111111111,8,8,TTCTATACAAGTGTAAATAC,0,1303976
furpa,0.1111111111111111,8,8,TTCTACCACCCGAGGCGGTC,0,1357111
furpa,0.1111111111111111,8,8,TTCGTGTAACGTTAGCTCCC,0,1278431
furpa,0.1111111111111111,8,8,TTCGTGCAGGACTCCTTGGC,0,1340640
furpa,0.1111111111111111,8,8,TTCCGTATGCGGGTCCCAGG,0,1331205
furpa,0.1111111111111111,8,8,TTCCGAAAAACCCATAATAT,0,1343839
furpa,0.1111111111111111,8,8,TTCCATAGGGATGGCCGGGC,0,1286473
furpa,0.1111111111111111,8,8,TTCACCAGCCGCAATGCAGG,0,1273424
furpa,0.1111111111111111,8,8,TTCACAGCATGCTGTGCAAT,0,1331900
furpa,0.1111111111111111,8,8,TTCAAGGTGCATGATATTTC,0,1341148
furpa,0.1111111111111111,8,8,TTCAAGGGAACAAGAAGACC,0,1288473
furpa,0.1111111111111111,8,8,TTCAACGCTTTGCTAGGAGA,0,1307153
furpa,0.1111111111111111,8,8,TTCAACCGTTTTGTGTAACC,0,1286037
furpa,0.1111111111111111,8,8,TTCAAAGACCGGAACGTTCG,0,1334152
furpa,0.1111111111111111,8,8,TTATTGTGCACAGAATTTCT,0,1347015
furpa,0.1111111111111111,8,8,TTATTGATAGTCACGCTGGT,0,1321170
furpa,0.1111111111111111,8,8,TTATGGGGTACACTCTTGGT,0,1279799
furpa,0.1111111111111111,8,8,TTAGTTATTCGGCCAAAGGA,0,1326901
furpa,0.1111111111111111,8,8,TTAGGTATTGATTAACTTCA,0,1314628
furpa,0.1111111111111111,8,8,TTAGCATAACCAGGTAGGGC,0,1271865
furpa,0.1111111111111111,8,8,TTAGAGCTGCGTCTCTCCAT,0,1289408
furpa,0.1111111111111111,8,8,TTACGTGCTTAGCTAGAGCC,0,1291990
furpa,0.1111111111111111,8,8,TTACACGCTGGCTGTACGGC,0,1314059
furpa,0.1111111111111111,8,8,TTAATGTCCGAAATGCGCCT,0,1314967
furpa,0.1111111111111111,8,8,TTAAGCATCCGGGGAGAGTC,0,1271665
furpa,0.1111111111111111,8,8,TGTTTCGTTATAGCTCCCCA,0,1284174
furpa,0.1111111111111111,8,8,TGTTGCCGGCAGAGAGCAGC,0,1344993
furpa,0.1111111111111111,8,8,TGTTCGCCGAGGATGAGGAA,0,1324915
furpa,0.1111111111111111,8,8,TGTTATCTAATGACCACTCA,0,1335016
furpa,0.1111111111111111,8,8,TGTTAGCTTCAGGAAGACCA,0,1341040
furpa,0.1111111111111111,8,8,TGTTACGCCGATATTCCCAG,0,1304946
furpa,0.1111111111111111,8,8,TGTGGTTTCCTCGCCCGCCC,0,1350598
furpa,0.1111111111111111,8,8,TGTCGTGGGCACACGCTGGA,0,1343875
furpa,0.1111111111111111,8,8,TGTCGAATGCCGTTTCGTGC,0,1316903
furpa,0.1111111111111111,8,8,TGGTATGCTTTGCCTCAAGA,0,1351000
furpa,0.1111111111111111,8,8,TGGTATCGCTCCCCTAACGA,0,1341675
furpa,0.1111111111111111,8,8,TGGTAGGCGCTCGAACAGCG,0,1296738
furpa,0.1111111111111111,8,8,TGGTAGCAGGCATGTGCATC,0,1322844
furpa,0.1111111111111111,8,8,TGGTACGCTCCGACGTTTCC,0,1289491
furpa,0.1111111111111111,8,8,TGGGACTTAATGCGATTATG,0,1276055
furpa,0.1111111111111111,8,8,TGGCTAATGCTAAGGACATA,0,1311448
furpa,0.1111111111111111,8,8,TGGCGTAGCCAAGTGCTCCC,0,1335575
furpa,0.1111111111111111,8,8,TGGCCTACACAGGTTGTGAA,0,1294699
furpa,0.1111111111111111,8,8,TGGAGTTACCCAAGGGCAAT,0,1271511
furpa,0.1111111111111111,8,8,TGGACCGCCAGATCGTGCTA,0,1301495
furpa,0.1111111111111111,8,8,TGGAATCCTCGTTATGCAAG,0,1331399
furpa,0.1111111111111111,8,8,TGGAAGTACAGACTTGCCCC,0,1285036
furpa,0.1111111111111111,8,8,TGGAAGGGGTGAAGGTTGCC,0,1347264
furpa,0.1111111111111111,8,8,TGCTTGCACGAAATTGGCCC,0,1329156
furpa,0.1111111111111111,8,8,TGCTGGAGTGCCAAGTAACT,0,1302647
furpa,0.1111111111111111,8,8,TGCTCTCGGTTGTAGATTCG,0,1306752
furpa,0.1111111111111111,8,8,TGCTCGAAAAATTGACCAAA,0,1327320
furpa,0.1111111111111111,8,8,TGCTCCCCGAAACGGTGCGA,0,1316635
furpa,0.1111111111111111,8,8,TGCTAGTAAGATTCAGGCAT,0,1341334
furpa,0.1111111111111111,8,8,TGCGTTAGTTAGCCATTGCG,0,1321408
furpa,0.1111111111111111,8,8,TGCGTCTAAGTCGTCCTTAT,0,1335791
furpa,0.1111111111111111,8,8,TGCCGTAGATTTAGGGGGCG,0,1328022
furpa,0.1111111111111111,8,8,TGCCGCACCCACTGGGGCGT,0,1308211
furpa,0.1111111111111111,8,8,TGCCACTAGGCACGCGGGCT,0,1307873
furpa,0.1111111111111111,8,8,TGCAGCGCTACCTTCCTCAA,0,1275916
furpa,0.1111111111111111,8,8,TGCAAGTGAACAGAGTTTGG,0,1341933
furpa,0.1111111111111111,8,8,TGCAAGCGATCTTTCTGAAT,0,1300466
furpa,0.1111111111111111,8,8,TGATTTTGGTAGTGAAACGT,0,1278542
furpa,0.1111111111111111,8,8,TGATGATGTTACCCAGCTAA,0,1282504
furpa,0.1111111111111111,8,8,TGATCCAGATCTATATGCGA,0,1332457
furpa,0.1111111111111111,8,8,TGATCACGGTGAAACGCTCT,0,1277668
furpa,0.1111111111111111,8,8,TGAGGATAATGGGCTTTGGA,0,1299534
furpa,0.1111111111111111,8,8,TGAGCAAAGCTTTATATTCA,0,1330348
furpa,0.1111111111111111,8,8,TGAGACAGGACTCAAATGGT,0,1284871
furpa,0.1111111111111111,8,8,TGACCGCGTTAGTACTTGGA,0,1302454
furpa,0.1111111111111111,8,8,TGAATCGTTGCTAGTAACCT,0,1344792
furpa,0.1111111111111111,8,8,TGAAGCCGGTCCTTAGAATG,0,1323973
furpa,0.1111111111111111,8,8,TGAAGCAGGGGCGCTGTACA,0,1315422
furpa,0.1111111111111111,8,8,TGAACTAAGTTTGTCCGACA,0,1343803
furpa,0.1111111111111111,8,8,TGAACCGCCGCCCAGGCAAC,0,1308064
furpa,0.1111111111111111,8,8,TCTTCGTATCGCAATATGGT,0,1329741
furpa,0.1111111111111111,8,8,TCTGGTCACATTGCTGCCAT,0,1311746
furpa,0.1111111111111111,8,8,TCTGGTACAGTTGAACTCGG,0,1299903
furpa,0.1111111111111111,8,8,TCTGCTGCACCAGGGCGAGC,0,1296797
furpa,0.1111111111111111,8,8,TCTGCTATAGCTTATTCCAC,0,1350420
furpa,0.1111111111111111,8,8,TCTGAAATGGCGATCAAAGA,0,1293134
furpa,0.1111111111111111,8,8,TCTCGCGTCTTCTGCTGGGA,0,1349197
furpa,0.1111111111111111,8,8,TCTACGGACATCATCTTTAA,0,1357238
furpa,0.1111111111111111,8,8,TCGGTTTGTGTACCGGCCCA,0,1332608
furpa,0.1111111111111111,8,8,TCGGTTGGCATATGGCGGTT,0,1319631
furpa,0.1111111111111111,8,8,TCGGGGTACTTGCGACGATC,0,1274142
furpa,0.1111111111111111,8,8,TCGGCCGGACATATGGCGCC,0,1332913
furpa,0.1111111111111111,8,8,TCGGAACTTATCGATTCGTT,0,1330648
furpa,0.1111111111111111,8,8,TCGGAACCAACCTGATAAGT,0,1291403
furpa,0.1111111111111111,8,8,TCGCGATGTATGAATGCGAT,0,1299770
furpa,0.1111111111111111,8,8,TCGCGAGATCTAGTTAGACA,0,1310944
furpa,0.1111111111111111,8,8,TCGCCGATATCCTAGTAACA,0,1293188
furpa,0.1111111111111111,8,8,TCCTGGCGTGCAGAACAGCA,0,1317490
furpa,0.1111111111111111,8,8,TCCTCTCGTTTCAGCCGAGC,0,1283270
furpa,0.1111111111111111,8,8,TCCGTATCGAATACGTCTGT,0,1322084
furpa,0.1111111111111111,8,8,TCCGACAGCGGTTTTCTCAC,0,1272496
furpa,0.1111111111111111,8,8,TCCCGGATACCACAGTACCT,0,1282949
furpa,0.1111111111111111,8,8,TCCCACGTCCTCTGATAGAT,0,1344066
furpa,0.1111111111111111,8,8,TCCAGAGCAATAAGTTGGAA,0,1356582
furpa,0.1111111111111111,8,8,TCCAGACTATCCTAGGTACA,0,1309308
furpa,0.1111111111111111,8,8,TCCACGTCGGAAGCATCTGT,0,1274943
furpa,0.1111111111111111,8,8,TCCACAGCGCATAAATTAGG,0,1300918
furpa,0.1111111111111111,8,8,TCCACAATTTGCTTAGCCGC,0,1313393
furpa,0.1111111111111111,8,8,TCATTGGTATAGGCACAACA,0,1342251
furpa,0.1111111111111111,8,8,TCATTCTATAACCGTACCGG,0,1273770
furpa,0.1111111111111111,8,8,TCATTAGCAATGAGACCTGT,0,1336242
furpa,0.1111111111111111,8,8,TCATCCGTTTAAAGTGCCAG,0,1300560
furpa,0.1111111111111111,8,8,TCATACCATCCAGTGTTTAC,0,1346617
furpa,0.1111111111111111,8,8,TCATACACGGCACCATGCGA,0,1306622
furpa,0.1111111111111111,8,8,TCATAAGTTATTAACCTGAT,0,1296838
furpa,0.1111111111111111,8,8,TCAGACCTAACGTCGGCCGC,0,1285623
furpa,0.1111111111111111,8,8,TCACGGTTAACCGAAATAAG,0,1294243
furpa,0.1111111111111111,8,8,TCACATACCCAGTTCTTATT,0,1309123
furpa,0.1111111111111111,8,8,TCACAGACTGCCGCGTCCGT,0,1300986
furpa,0.1111111111111111,8,8,TCAACTAACCCAGGTGCCAG,0,1340964
furpa,0.1111111111111111,8,8,TATTTGGCATAGTTAAAATG,0,1280370
furpa,0.1111111111111111,8,8,TATTGCACGCTCCGTAACTT,0,1295808
furpa,0.1111111111111111,8,8,TATTCTGCTAGGGAATTAGG,0,1351964
furpa,0.1111111111111111,8,8,TATTCGTGGGCCTGTACCGG,0,1309429
furpa,0.1111111111111111,8,8,TATTCGCGGTGCTGTCCCGA,0,1299384
furpa,0.1111111111111111,8,8,TATGGGCGCGGCGCCCATAC,0,1279049
furpa,0.1111111111111111,8,8,TATGGCTCTGCCTTATTCGC,0,1340423
furpa,0.1111111111111111,8,8,TATGCGTCAACGGGACAGAG,0,1301699
furpa,0.1111111111111111,8,8,TATGATAGTGCCACAAATGG,0,1290609
furpa,0.1111111111111111,8,8,TATCGCCTATAAACGGGGAA,0,1337285
furpa,0.1111111111111111,8,8,TATCCGCCCGATTGTGCCTA,0,1309725
furpa,0.1111111111111111,8,8,TATCCCTACCTTGGGGTTGA,0,1289367
furpa,0.1111111111111111,8,8,TATCAAGACATCGACCAGAG,0,1292318
furpa,0.1111111111111111,8,8,TATAGTCAACTCTACTGTGT,0,1313888
furpa,0.1111111111111111,8,8,TATAGCTACTTAGATGTTTT,0,1297049
furpa,0.1111111111111111,8,8,TATAAAAATCGTGTGAATAG,0,1305369
furpa,0.1111111111111111,8,8,TAGGCTGACACTCGCTTGTG,0,1335152
furpa,0.1111111111111111,8,8,TAGGCTCCTAGCCGTCGGAA,0,1303271
furpa,0.1111111111111111,8,8,TAGGCCGGTAGACGCATCCT,0,1306626
furpa,0.1111111111111111,8,8,TAGCTAACCAAAAGTTCCCC,0,1326324
furpa,0.1111111111111111,8,8,TAGCGTCTTCCACAATCGGC,0,1290769
furpa,0.1111111111111111,8,8,TAGCGGATATGTTTAGACGA,0,1330507
furpa,0.1111111111111111,8,8,TAGATACCGCGTTCAAAAGG,0,1341635
furpa,0.1111111111111111,8,8,TAGACAGCGACACGGGTTCG,0,1335419
furpa,0.1111111111111111,8,8,TACTTTAGTCCCTGATTTCC,0,1290472
furpa,0.1111111111111111,8,8,TACTTGCTGGGTTGGGGAAA,0,1276678
furpa,0.1111111111111111,8,8,TACTTAGGCTCCGTTACGAG,0,1317041
furpa,0.1111111111111111,8,8,TACTGAGGGCGGATCAATCT,0,1299271
furpa,0.1111111111111111,8,8,TACGGTACACTCAAGGTGGA,0,1343401
furpa,0.1111111111111111,8,8,TACGAGTACTTTATGAGAAG,0,1339499
furpa,0.1111111111111111,8,8,TACGACGACTACGTAAATAT,0,1356264
furpa,0.1111111111111111,8,8,TACCTGCGATTGACCGAGTG,0,1353969
furpa,0.1111111111111111,8,8,TACCTCAATGAGAGTAAAAT,0,1317687
furpa,0.1111111111111111,8,8,TACCCCTCGCGAGGCAATCA,0,1310239
furpa,0.1111111111111111,8,8,TACCATCGAGTGTGTGGTTA,0,1338485
furpa,0.1111111111111111,8,8,TACCACGCAGCCGGCACCTC,0,1315519
furpa,0.1111111111111111,8,8,TACAACTTGAACGTTATCCT,0,1339942
furpa,0.1111111111111111,8,8,TAATGGGGTCTCACGGCTGG,0,1317097
furpa,0.1111111111111111,8,8,TAATCTGACAAAGTGGCACG,0,1290462
furpa,0.1111111111111111,8,8,TAATCAGTCATTTGGAAGGT,0,1282687
furpa,0.1111111111111111,8,8,TAATAGAGGGAGCATGGCTT,0,1332915
furpa,0.1111111111111111,8,8,TAAGTGTTACTAAGCTCTCA,0,1343044
furpa,0.1111111111111111,8,8,TAAGTAACGACAAAGGGATG,0,1292057
furpa,0.1111111111111111,8,8,TAAGGTAGTGAACGCTATTA,0,1279926
furpa,0.1111111111111111,8,8,TAAGGAATTTATTTGCCAGT,0,1292255
furpa,0.1111111111111111,8,8,TAAGCTCGATGTCGGGCTGT,0,1354882
furpa,0.1111111111111111,8,8,TAAGCCTATTTGTGGATATA,0,1326326
furpa,0.1111111111111111,8,8,TAACAACGTAAGCACTTATT,0,1313840
furpa,0.1111111111111111,8,8,TAAATTAGAGCTTATCAGTC,0,1343810
furpa,0.1111111111111111,8,8,TAAATGCACCTCTGTTTAAC,0,1341841
furpa,0.1111111111111111,8,8,TAAAGGGTCCGGTCGTCCTA,0,1329791
furpa,0.1111111111111111,8,8,TAAACACACTAACGGCTTTT,0,1346362
furpa,0.1111111111111111,8,8,GTTTCATCGAATTCGGATAA,0,1293280
furpa,0.1111111111111111,8,8,GTTTAACACCAAAGTTATAC,0,1275070
furpa,0.1111111111111111,8,8,GTTGTAACATAACACGCATA,0,1304475
furpa,0.1111111111111111,8,8,GTTGGTGCTATAAACGAAAT,0,1339058
furpa,0.1111111111111111,8,8,GTTGGGTGCGGCGAAGGGGT,0,1276330
furpa,0.1111111111111111,8,8,GTTGAGACCCTGGTGGGACT,0,1302727
furpa,0.1111111111111111,8,8,GTTCTGCTACTTCTCCTTGT,0,1277598
furpa,0.1111111111111111,8,8,GTTAGTTGATCCAGAAGACC,0,1314231
furpa,0.1111111111111111,8,8,GTTACTTGTTCGCTTAGATT,0,1324783
furpa,0.1111111111111111,8,8,GTGTGGGAGTAACTTACTTA,0,1328393
furpa,0.1111111111111111,8,8,GTGTCGTTGGTCCTTGGAGG,0,1345676
furpa,0.1111111111111111,8,8,GTGTCATCATATTTCACCGC,0,1303438
furpa,0.1111111111111111,8,8,GTGTCAAGGCTCCTTCACCA,0,1271967
furpa,0.1111111111111111,8,8,GTGTATCCTCATACGGGTTG,0,1294126
furpa,0.1111111111111111,8,8,GTGGTGAAATAGCCCACAAA,0,1301255
furpa,0.1111111111111111,8,8,GTGGGTGCTCTCCTTCGCAT,0,1316321
furpa,0.1111111111111111,8,8,GTGGGGCCTTTGCACCGTGT,0,1313636
furpa,0.1111111111111111,8,8,GTGGGCCTCGTGCTGCTTCA,0,1322949
furpa,0.1111111111111111,8,8,GTGGGATTTACTCCGCTCAA,0,1318262
furpa,0.1111111111111111,8,8,GTGGGACTCAGACTCCACCA,0,1288218
furpa,0.1111111111111111,8,8,GTGGGACGGTCCAGCTCCGC,0,1325067
furpa,0.1111111111111111,8,8,GTGGCCATGCTGGAGTGGCA,0,1339295
furpa,0.1111111111111111,8,8,GTGCTCTTAAATCGCCGCCA,0,1326624
furpa,0.1111111111111111,8,8,GTGCTCCTCTGTTAAACGCT,0,1325844
furpa,0.1111111111111111,8,8,GTGCTACAATAATGCCGAGC,0,1289794
furpa,0.1111111111111111,8,8,GTGCGCGCATTACACAGTAC,0,1294249
furpa,0.1111111111111111,8,8,GTGCGCGACCAGGGATATCT,0,1344195
furpa,0.1111111111111111,8,8,GTGCCGTGGCTTTTTTCATG,0,1271632
furpa,0.1111111111111111,8,8,GTGAGTTCGACACAGGTCTC,0,1341360
furpa,0.1111111111111111,8,8,GTGAGCTGACCAGATTATCA,0,1337579
furpa,0.1111111111111111,8,8,GTGAAGTGTTCACCCCCGCG,0,1345071
furpa,0.1111111111111111,8,8,GTCTGGGTTTACAAGGGTCA,0,1333624
furpa,0.1111111111111111,8,8,GTCTAACTGGGACGCGTTAA,0,1304836
furpa,0.1111111111111111,8,8,GTCGTTGGTTCTCTATTGCT,0,1324060
furpa,0.1111111111111111,8,8,GTCGTCACGTATAAATTTGT,0,1332783
furpa,0.1111111111111111,8,8,GTCGGTGAAGGCCGGAGTCT,0,1345653
furpa,0.1111111111111111,8,8,GTCGGGGGATGGACGTTTGG,0,1287450
furpa,0.1111111111111111,8,8,GTCGCACTTAGTACAGTGAT,0,1280220
furpa,0.1111111111111111,8,8,GTCGCACAAACCAGAATCTA,0,1339979
furpa,0.1111111111111111,8,8,GTCGAGATTCGTTATGGCCA,0,1333257
furpa,0.1111111111111111,8,8,GTCCGCTGTTTCTGGAAAAC,0,1347175
furpa,0.1111111111111111,8,8,GTCCGAGTGTAGTCATTGTT,0,1308382
furpa,0.1111111111111111,8,8,GTCCCTCTACAGGTTTGGAA,0,1294328
furpa,0.1111111111111111,8,8,GTCAGTGTCATTGTGGGGCG,0,1348787
furpa,0.1111111111111111,8,8,GTCACTATAACTGGATTCCG,0,1356819
furpa,0.1111111111111111,8,8,GTCACGCGACCGAATCCTTA,0,1293521
furpa,0.1111111111111111,8,8,GTCAATAACAACCACTGTGG,0,1307128
furpa,0.1111111111111111,8,8,GTCAAGTGTTGGGCACGACC,0,1285899
furpa,0.1111111111111111,8,8,GTATTTGACTTGACAACCGA,0,1325062
furpa,0.1111111111111111,8,8,GTATCGCGTTTGGGACCGTA,0,1291730
furpa,0.1111111111111111,8,8,GTATAATCCATGACGGTGCC,0,1284901
furpa,0.1111111111111111,8,8,GTAGTCGTCATTATTGTGCC,0,1327892
furpa,0.1111111111111111,8,8,GTACTTGAATGGATAAGGTT,0,1354080
furpa,0.1111111111111111,8,8,GTAAGCACTCTATCAGATCG,0,1335325
furpa,0.1111111111111111,8,8,GGTTTCACCGTATGTTCCTT,0,1308651
furpa,0.1111111111111111,8,8,GGTTGTTCGTATCTTTGGAA,0,1285911
furpa,0.1111111111111111,8,8,GGTTGCTCGGACATGCTACA,0,1318191
furpa,0.1111111111111111,8,8,GGTTATGCTTCGTCTCTAGA,0,1312121
furpa,0.1111111111111111,8,8,GGTTAGCCGCCTTTGAATAT,0,1314107
furpa,0.1111111111111111,8,8,GGTTACTTGGTATACTCAGC,0,1281451
furpa,0.1111111111111111,8,8,GGTTAATACTGCGTCGTAGT,0,1336344
furpa,0.1111111111111111,8,8,GGTGTCGATGGGACACCCTT,0,1324615
furpa,0.1111111111111111,8,8,GGTCTCGCGAATAGAAAAAC,0,1300463
furpa,0.1111111111111111,8,8,GGTCATTAGACTAAACTCCC,0,1322686
furpa,0.1111111111111111,8,8,GGTCAGAATTGATCATATAG,0,1309772
furpa,0.1111111111111111,8,8,GGTATAGCGTGGGTCAGTGA,0,1344777
furpa,0.1111111111111111,8,8,GGGTTCACTGCTCACTAGTA,0,1291355
furpa,0.1111111111111111,8,8,GGGTCTTACCAGCGGAACAT,0,1345275
furpa,0.1111111111111111,8,8,GGGTATGTAAACAATGCAGG,0,1302650
furpa,0.1111111111111111,8,8,GGGTACCGTCAGTTTTACGA,0,1353324
furpa,0.1111111111111111,8,8,GGGTAACAAGGCTGGGGATT,0,1315363
furpa,0.1111111111111111,8,8,GGGTAAATAATGTCGCCGTG,0,1284954
furpa,0.1111111111111111,8,8,GGGGTCTCAAACTACAACAA,0,1339787
furpa,0.1111111111111111,8,8,GGGGGGTCCAGCCCTTTAAA,0,1341178
furpa,0.1111111111111111,8,8,GGGGGCGCCCTCATAGTAGA,0,1309895
furpa,0.1111111111111111,8,8,GGGGCTAGGGGGTATTGCCC,0,1349803
furpa,0.1111111111111111,8,8,GGGCGTTGACGCAACGTTTT,0,1350864
furpa,0.1111111111111111,8,8,GGGACTCTCGACTCACGCTA,0,1281325
furpa,0.1111111111111111,8,8,GGGAAGTACAGCTCTGGCTC,0,1281277
furpa,0.1111111111111111,8,8,GGGAAGGTGTAATACAGCGA,0,1281289
furpa,0.1111111111111111,8,8,GGCTTGGGATTAGCGCCCCA,0,1325182
furpa,0.1111111111111111,8,8,GGCTCTGACACCCTTTCGGG,0,1305210
furpa,0.1111111111111111,8,8,GGCTCAATAGTGAAATTTGA,0,1309916
furpa,0.1111111111111111,8,8,GGCGACGTTCGGCGAAGCTC,0,1322161
furpa,0.1111111111111111,8,8,GGCCTTGTCAAGCGAACCAA,0,1328241
furpa,0.1111111111111111,8,8,GGCCGCCTTTCATTACGGAT,0,1281541
furpa,0.1111111111111111,8,8,GGCCGACGCAAATCATAACG,0,1275856
furpa,0.1111111111111111,8,8,GGCAGGGGGTCCAACACGTC,0,1319335
furpa,0.1111111111111111,8,8,GGATGCTCTTAAGTAGAAGA,0,1350860
furpa,0.1111111111111111,8,8,GGATATCGGACGGGTATGCT,0,1349830
furpa,0.1111111111111111,8,8,GGAGACCGTCGATATGAAAT,0,1291965
furpa,0.1111111111111111,8,8,GGAGACCCATCAAATTTAAA,0,1327887
furpa,0.1111111111111111,8,8,GGACGGTACCCTCTACGAGG,0,1306156
furpa,0.1111111111111111,8,8,GGACCAGTGCGCATTCTCCG,0,1308277
furpa,0.1111111111111111,8,8,GGACAGGTAGCACAGTGGTT,0,1279955
furpa,0.1111111111111111,8,8,GGAATGTCAAAATCATTATT,0,1296598
furpa,0.1111111111111111,8,8,GGAAGACCCGCTGATCATGA,0,1355274
furpa,0.1111111111111111,8,8,GGAACATCTGGGTCGGCTCC,0,1307230
furpa,0.1111111111111111,8,8,GCTTTTACGTAGAGCACGTT,0,1306870
furpa,0.1111111111111111,8,8,GCTTTGGAATCACGGGGCTA,0,1271787
furpa,0.1111111111111111,8,8,GCTTGGTTATGCGAACAGGA,0,1303245
furpa,0.1111111111111111,8,8,GCTTGAGCTAGTGCGACCTA,0,1330858
furpa,0.1111111111111111,8,8,GCTTAGGATAAGCGACGTAG,0,1310157
furpa,0.1111111111111111,8,8,GCTGGTTCCCAGCTCGACGC,0,1289906
furpa,0.1111111111111111,8,8,GCTGCGTAATGTATATCTGG,0,1349128
furpa,0.1111111111111111,8,8,GCTGCAACAAGGTCGGCATG,0,1272099
furpa,0.1111111111111111,8,8,GCTCGTTAGCGGCCCGTTTA,0,1354390
furpa,0.1111111111111111,8,8,GCTCGCGTGAACGTCCTGCA,0,1312744
furpa,0.1111111111111111,8,8,GCTACTGACGCTTCACACTG,0,1316745
furpa,0.1111111111111111,8,8,GCTAACCGGCGTACGCGTAT,0,1301701
furpa,0.1111111111111111,8,8,GCGTTTGCCACTAAGAGTCC,0,1330994
furpa,0.1111111111111111,8,8,GCGTTGAGGAGCGCCGCTCG,0,1316764
furpa,0.1111111111111111,8,8,GCGTCCCGGTAGTAACACGT,0,1328294
furpa,0.1111111111111111,8,8,GCGTCACCCAAAATCGGGAG,0,1325900
furpa,0.1111111111111111,8,8,GCGTCAATTACTCGGTATGG,0,1356550
furpa,0.1111111111111111,8,8,GCGGTGCGCACGCCGCCAAC,0,1328290
furpa,0.1111111111111111,8,8,GCGGGTCATGCAGTGTAATC,0,1287394
furpa,0.1111111111111111,8,8,GCGGGGATGGTAAAGAGGAC,0,1327129
furpa,0.1111111111111111,8,8,GCGGCGCTGAAGGTAGATCG,0,1272799
furpa,0.1111111111111111,8,8,GCGCGGGGATAGCGGCTTCA,0,1275562
furpa,0.1111111111111111,8,8,GCGCGGCAAACGCATGTTTA,0,1296866
furpa,0.1111111111111111,8,8,GCGCAGCGTCCCGTAGGGTA,0,1306981
furpa,0.1111111111111111,8,8,GCGAAGCCGGTCCCGCGACC,0,1290672
furpa,0.1111111111111111,8,8,GCGAAAATAGCGCCGCGTTG,0,1344320
furpa,0.1111111111111111,8,8,GCCTCCCTACAAGCAGGGTC,0,1329162
furpa,0.1111111111111111,8,8,GCCTACGTGGGGTTCCGCTC,0,1350917
furpa,0.1111111111111111,8,8,GCCGTTCCTCGTCGTGTTTG,0,1303823
furpa,0.1111111111111111,8,8,GCCGTGTGACAGAGCTAAAA,0,1280155
furpa,0.1111111111111111,8,8,GCCGTGGCGAGCCCGACATG,0,1276899
furpa,0.1111111111111111,8,8,GCCGTCGGGCAGTATCGGAG,0,1299139
furpa,0.1111111111111111,8,8,GCCGATGGTTAGTCTCACAG,0,1285408
furpa,0.1111111111111111,8,8,GCCGACGCAGTTATAATTAT,0,1296811
furpa,0.1111111111111111,8,8,GCCCATTAAAGCACAGCCCG,0,1313607
furpa,0.1111111111111111,8,8,GCCCACATTTGTATATCTAT,0,1272303
furpa,0.1111111111111111,8,8,GCCCAATTGACGTGTACAGG,0,1298378
furpa,0.1111111111111111,8,8,GCCACCGTTAAACTAAACTT,0,1323581
furpa,0.1111111111111111,8,8,GCCAAACGAAACCGTCATGT,0,1349120
furpa,0.1111111111111111,8,8,GCATATCCCTCGCTCAGTTT,0,1337294
furpa,0.1111111111111111,8,8,GCAGTTTGTAGAGTGGCGAG,0,1333468
furpa,0.1111111111111111,8,8,GCAGTTAATAAACAAAAGCA,0,1315954
furpa,0.1111111111111111,8,8,GCAGGGTCCGGGGATGGGCT,0,1335202
furpa,0.1111111111111111,8,8,GCAGACTGAACCTGAATGCA,0,1275012
furpa,0.1111111111111111,8,8,GCACTACTATCGCTTCATTG,0,1284257
furpa,0.1111111111111111,8,8,GCAACGGCATTGGGGCTTCC,0,1318343
furpa,0.1111111111111111,8,8,GCAACAGAATCGGTTAAGTA,0,1288285
furpa,0.1111111111111111,8,8,GCAAAGGGGTGGGATAGTTT,0,1355374
furpa,0.1111111111111111,8,8,GATGGAACGAGTTTCACGCG,0,1347576
furpa,0.1111111111111111,8,8,GATGCCGGTCAGGACCACGC,0,1275135
furpa,0.1111111111111111,8,8,GATCCGACCGCTCGTAAGCC,0,1342059
furpa,0.1111111111111111,8,8,GATATAACAGGTGCTTCGAT,0,1279033
furpa,0.1111111111111111,8,8,GATACTGTTTGTAGGATTTA,0,1287643
furpa,0.1111111111111111,8,8,GATAAGGCTCGCGCCCGGCA,0,1287658
furpa,0.1111111111111111,8,8,GAGTCTGCCGAACTTGGGAT,0,1278720
furpa,0.1111111111111111,8,8,GAGTACACGGTGGGAGCCAG,0,1333861
furpa,0.1111111111111111,8,8,GAGGGGGCCAACTCACCTAG,0,1308355
furpa,0.1111111111111111,8,8,GAGGGCCGCCCCTATCGTAA,0,1319719
furpa,0.1111111111111111,8,8,GAGCGTAGAATATGCTTCCG,0,1317504
furpa,0.1111111111111111,8,8,GAGCCACTTGAGGGACCAAG,0,1294917
furpa,0.1111111111111111,8,8,GAGCACACTTTCCAGTCTCT,0,1323172
furpa,0.1111111111111111,8,8,GAGCAAGGTCGAAGGCATTT,0,1286966
furpa,0.1111111111111111,8,8,GAGACTAGATCTGATCTCTA,0,1283708
furpa,0.1111111111111111,8,8,GAGACCGGTCGGGCCGTGAT,0,1321789
furpa,0.1111111111111111,8,8,GAGAATCAGATACTTAGGCA,0,1345863
furpa,0.1111111111111111,8,8,GACTGTGAAGCCTTGTGTGT,0,1287782
furpa,0.1111111111111111,8,8,GACTGCACTGTGATCCAGCT,0,1324780
furpa,0.1111111111111111,8,8,GACTAGCAACACTTATGTAA,0,1272901
furpa,0.1111111111111111,8,8,GACGTCACAGTCATATTCGT,0,1278202
furpa,0.1111111111111111,8,8,GACGCTCCGGACATGCGGGA,0,1299771
furpa,0.1111111111111111,8,8,GACGCATTGAATCATGGGGT,0,1283601
furpa,0.1111111111111111,8,8,GACCTTGACGCATTTAACCT,0,1337234
furpa,0.1111111111111111,8,8,GACCTTAGGGACGGGGATAC,0,1287181
furpa,0.1111111111111111,8,8,GACCTGGGAAAGGGTAGTAA,0,1273184
furpa,0.1111111111111111,8,8,GACCTCACTATGGCATAGAG,0,1273242
furpa,0.1111111111111111,8,8,GACCCTACCTCAACCCGTCT,0,1338218
furpa,0.1111111111111111,8,8,GACCAGAAGGTTCACCTTGC,0,1350334
furpa,0.1111111111111111,8,8,GACCAAGTTAGCGGGTAAAG,0,1331051
furpa,0.1111111111111111,8,8,GACAGGGTTCATGTCGTCAG,0,1279027
furpa,0.1111111111111111,8,8,GACAGCCCATGTACCGTGCT,0,1297492
furpa,0.1111111111111111,8,8,GACACTCTGCTCGAAAGCCA,0,1272749
furpa,0.1111111111111111,8,8,GACACGTAGGTTACTGTGGC,0,1320249
furpa,0.1111111111111111,8,8,GACACCGGGTTCTTACGTCG,0,1291092
furpa,0.1111111111111111,8,8,GAATTAGCGTACGCTGAGTG,0,1324113
furpa,0.1111111111111111,8,8,GAAGCTCGTGTGAGTCTTAA,0,1314456
furpa,0.1111111111111111,8,8,GAACGGAATCGCCCATGTAG,0,1308479
furpa,0.1111111111111111,8,8,GAACGCGGTACTTTAGCCGA,0,1316897
furpa,0.1111111111111111,8,8,GAACCTAAGTAATGCTACCT,0,1298968
furpa,0.1111111111111111,8,8,GAACAGAGTCAGGATACTAC,0,1339611
furpa,0.1111111111111111,8,8,GAACACGGCTGGCCTCGATA,0,1344544
furpa,0.1111111111111111,8,8,CTTTCACATCCTTTTGGACA,0,1300910
furpa,0.1111111111111111,8,8,CTTTAGCAAGGTTGTCTTAA,0,1279743
furpa,0.1111111111111111,8,8,CTTTACTTCGATTATACAAA,0,1333458
furpa,0.1111111111111111,8,8,CTTTACTGTCTGCGACCTAC,0,1296759
furpa,0.1111111111111111,8,8,CTTGTGTCCTCTTGAATGAA,0,1335897
furpa,0.1111111111111111,8,8,CTTGCCTGGCCATAACTATT,0,1346337
furpa,0.1111111111111111,8,8,CTTGAAACCGGCCTGCGACT,0,1315364
furpa,0.1111111111111111,8,8,CTTCTGCTTAGAGATAAGTG,0,1334608
furpa,0.1111111111111111,8,8,CTTCTCTCTCGATCGTCCCG,0,1287991
furpa,0.1111111111111111,8,8,CTTATCGGCGTTGAGTTCCA,0,1293574
furpa,0.1111111111111111,8,8,CTTAGCCGCAACCTTGGCTT,0,1324640
furpa,0.1111111111111111,8,8,CTGTTAAATGGTGGACTGCT,0,1317240
furpa,0.1111111111111111,8,8,CTGTGTACCATGGTATGGGT,0,1350180
furpa,0.1111111111111111,8,8,CTGTCTATCTTACCACTTGT,0,1305431
furpa,0.1111111111111111,8,8,CTGTCTAGAGAATTCGATCG,0,1283600
furpa,0.1111111111111111,8,8,CTGTCGCAGGTAGCGCGCGT,0,1321809
furpa,0.1111111111111111,8,8,CTGTAGATGCGGGCAGCTAG,0,1292166
furpa,0.1111111111111111,8,8,CTGGTGTACTGGGCATACCG,0,1278413
furpa,0.1111111111111111,8,8,CTGGGCGGTCATACCGCTTG,0,1296922
furpa,0.1111111111111111,8,8,CTGGCTGGGTACCGTCTGAT,0,1319932
furpa,0.1111111111111111,8,8,CTGGAAATGCCCGTCAGCTG,0,1333614
furpa,0.1111111111111111,8,8,CTGCGGGTCGAGTGGAGGTA,0,1335157
furpa,0.1111111111111111,8,8,CTGCCGGGGGATATGGTACA,0,1277328
furpa,0.1111111111111111,8,8,CTGATCCAAACTCTGGCGCA,0,1357331
furpa,0.1111111111111111,8,8,CTGACACGTGTCTAAAGCGA,0,1288468
furpa,0.1111111111111111,8,8,CTGAATTGTTGATAACTCCC,0,1284546
furpa,0.1111111111111111,8,8,CTGAAGCAGGCTATTAGCAT,0,1337383
furpa,0.1111111111111111,8,8,CTGAAGATTGTCCTTGAGCC,0,1309910
furpa,0.1111111111111111,8,8,CTGAACCCAAAGGGCATCAG,0,1332406
furpa,0.1111111111111111,8,8,CTGAAAACTGGTCCGATGTA,0,1354750
furpa,0.1111111111111111,8,8,CTCTTTAGGGTAATGTACAT,0,1343208
furpa,0.1111111111111111,8,8,CTCGTGTCGTGGTACACGAA,0,1331092
furpa,0.1111111111111111,8,8,CTCGTCCCAGTGAAACATAC,0,1350406
furpa,0.1111111111111111,8,8,CTCGTCATCTGAGTTGATAA,0,1354473
furpa,0.1111111111111111,8,8,CTCGTATAATTGTTAATTAC,0,1333694
furpa,0.1111111111111111,8,8,CTCGGTTACCGATCCATGGG,0,1354805
furpa,0.1111111111111111,8,8,CTCGCGCCAAAATCTGGAAA,0,1333093
furpa,0.1111111111111111,8,8,CTCCTACATATCGCGGGGCT,0,1278552
furpa,0.1111111111111111,8,8,CTCAATGAATCTATAAGGTC,0,1309943
furpa,0.1111111111111111,8,8,CTATTGGGACGTAGTCCCCC,0,1307765
furpa,0.1111111111111111,8,8,CTATTATGTCGGTTGGATAA,0,1335737
furpa,0.1111111111111111,8,8,CTATGGGAGGGCTCCGTGCA,0,1355163
furpa,0.1111111111111111,8,8,CTATGCCGCTCCCTAAGGGC,0,1290943
furpa,0.1111111111111111,8,8,CTATCGGTAGAATAGTTCTG,0,1329250
furpa,0.1111111111111111,8,8,CTAGTTACTCGAGGACAGTA,0,1348121
furpa,0.1111111111111111,8,8,CTAGTATGGGTTTCTTGAGA,0,1283014
furpa,0.1111111111111111,8,8,CTAGATATTGGTAAACTTAG,0,1276879
furpa,0.1111111111111111,8,8,CTACCGTGTGCAGCTGCTTA,0,1277764
furpa,0.1111111111111111,8,8,CTAATTACCAGAACTTCAGT,0,1357087
furpa,0.1111111111111111,8,8,CTAACGAATTTATCATTTAC,0,1346079
furpa,0.1111111111111111,8,8,CGTTTGTCTAGCAACGGGTT,0,1318924
furpa,0.1111111111111111,8,8,CGTTTATTGAGGTCTTCATT,0,1308117
furpa,0.1111111111111111,8,8,CGTTCTTTTCATTTGCTGGA,0,1349765
furpa,0.1111111111111111,8,8,CGTTCCTCGGGCCTCTATGT,0,1322041
furpa,0.1111111111111111,8,8,CGTTCCACAAGCGGGTCAGA,0,1302867
furpa,0.1111111111111111,8,8,CGTTATGATAAATGCGAGAG,0,1307818
furpa,0.1111111111111111,8,8,CGTGCCTTGGTAGGCCCTGT,0,1347774
furpa,0.1111111111111111,8,8,CGTGAGAGCGGCACGTCCGT,0,1346081
furpa,0.1111111111111111,8,8,CGTCTATTCCGAAATGATCC,0,1302023
furpa,0.1111111111111111,8,8,CGTAAGTTTAACCGCAGGCA,0,1276930
furpa,0.1111111111111111,8,8,CGTAAGAGCGTGTGGCTCCT,0,1283619
furpa,0.1111111111111111,8,8,CGTAAACCTTTCGGATAGTC,0,1318948
furpa,0.1111111111111111,8,8,CGTAAACCCTGCGTGTTACA,0,1299902
furpa,0.1111111111111111,8,8,CGGTTAAAGTATGACGCAGA,0,1298177
furpa,0.1111111111111111,8,8,CGGTAGTCAGGCGTTTGGCG,0,1345552
furpa,0.1111111111111111,8,8,CGGGGCGTCAGGCAAATTCA,0,1327569
furpa,0.1111111111111111,8,8,CGGGGACCGCCCTAGGTGAC,0,1339543
furpa,0.1111111111111111,8,8,CGGGCGGTGGTCTGACACCT,0,1297565
furpa,0.1111111111111111,8,8,CGGGCGGTCGGGGGGTTCGT,0,1293330
furpa,0.1111111111111111,8,8,CGGGCCTGATCGCAGTATTG,0,1339312
furpa,0.1111111111111111,8,8,CGGGCCGACAAGACCATGTA,0,1349791
furpa,0.1111111111111111,8,8,CGGGAGGCCGCTCCCGTACT,0,1285459
furpa,0.1111111111111111,8,8,CGGGACCCCCCTTTGACGCG,0,1312556
furpa,0.1111111111111111,8,8,CGGCGTCTTCCGGAATAGAA,0,1313203
furpa,0.1111111111111111,8,8,CGGCCGCCAGTTTCGTCTTG,0,1273183
furpa,0.1111111111111111,8,8,CGGATGTGTGTCCGCCGCGA,0,1342990
furpa,0.1111111111111111,8,8,CGGATGTGGGGAATGGAGGG,0,1297518
furpa,0.1111111111111111,8,8,CGGATCCGCATTTGGTCGGT,0,1356747
furpa,0.1111111111111111,8,8,CGGAGCGTATCGAGGGACGA,0,1308114
furpa,0.1111111111111111,8,8,CGGACCAGATCGCGAGGGGT,0,1349681
furpa,0.1111111111111111,8,8,CGGACAGGAAACCACCGGGA,0,1344804
furpa,0.1111111111111111,8,8,CGCTTCAGATCCTGGTGCGG,0,1306406
furpa,0.1111111111111111,8,8,CGCTGGCGGGTTGCCGATTT,0,1309892
furpa,0.1111111111111111,8,8,CGCTCTAACGCGGATCGGTG,0,1326327
furpa,0.1111111111111111,8,8,CGCTCATGAAGTCTTGATGT,0,1330538
furpa,0.1111111111111111,8,8,CGCGTATGTGGTTACGACAA,0,1293220
furpa,0.1111111111111111,8,8,CGCGTAGGCTATGGGTCCCT,0,1353304
furpa,0.1111111111111111,8,8,CGCGGTTGAGGTTGGCCTTA,0,1352507
furpa,0.1111111111111111,8,8,CGCCTCGGACTCGGCGTAGT,0,1334921
furpa,0.1111111111111111,8,8,CGCCTAGCCGTCCACGGAGC,0,1314909
furpa,0.1111111111111111,8,8,CGCCTAACAGGAAGGAATGG,0,1310335
furpa,0.1111111111111111,8,8,CGCCGGGTATGATTATCGCT,0,1317125
furpa,0.1111111111111111,8,8,CGCCGCTCGTGAGGAATTGA,0,1294998
furpa,0.1111111111111111,8,8,CGCATGAACTGGGTTACTTT,0,1300794
furpa,0.1111111111111111,8,8,CGCATACATACTCGTAGGGA,0,1309270
furpa,0.1111111111111111,8,8,CGCAGTGGAGGTCGTAGTTG,0,1324297
furpa,0.1111111111111111,8,8,CGCAGCGGTAGATGGAGGTG,0,1357207
furpa,0.1111111111111111,8,8,CGCACCAGTATAACGATTAG,0,1337095
furpa,0.1111111111111111,8,8,CGCAACGCGACTGATAGGTT,0,1336875
furpa,0.1111111111111111,8,8,CGATTTGGCCCGGGTAGTAA,0,1344102
furpa,0.1111111111111111,8,8,CGATGACAACAGGGGGAAAA,0,1318951
furpa,0.1111111111111111,8,8,CGATCCGCGTCGGTATCGTT,0,1340480
furpa,0.1111111111111111,8,8,CGAGTGTGTTTCGAGTTAAT,0,1302194
furpa,0.1111111111111111,8,8,CGAGGGGTCTAACGAAAGGT,0,1334171
furpa,0.1111111111111111,8,8,CGAGGCTCGAACCTTAGGAC,0,1298029
furpa,0.1111111111111111,8,8,CGAGGCCCTCGTGCTGACAT,0,1317696
furpa,0.1111111111111111,8,8,CGAGGCAAATCAACTGCATC,0,1275266
furpa,0.1111111111111111,8,8,CGAGATATGGTCGAATTAAT,0,1336210
furpa,0.1111111111111111,8,8,CGAGAACCCAAATATAGGAG,0,1318125
furpa,0.1111111111111111,8,8,CGACGGACCCACGTTTTTCC,0,1320771
furpa,0.1111111111111111,8,8,CGACGGAAACTGTGACTTAT,0,1354288
furpa,0.1111111111111111,8,8,CGACCGGAGCTGTAGCAAGA,0,1316328
furpa,0.1111111111111111,8,8,CGAATCTAATGGGTGCGAAC,0,1293043
furpa,0.1111111111111111,8,8,CGAAGGTGTAGGCTGCCAAT,0,1316323
furpa,0.1111111111111111,8,8,CGAAGGGAGATTCATCGTCA,0,1302729
furpa,0.1111111111111111,8,8,CGAAGCAGGCTAATGTTGTT,0,1326067
furpa,0.1111111111111111,8,8,CGAACCGCTAAGCTGAACAG,0,1309072
furpa,0.1111111111111111,8,8,CGAACCACAATCGTGACCGA,0,1281353
furpa,0.1111111111111111,8,8,CCTTGTACGCTTGCTAGTGG,0,1299227
furpa,0.1111111111111111,8,8,CCTTGGCGCATCACCACGAG,0,1354327
furpa,0.1111111111111111,8,8,CCTTCTAGGGTATCCGGGTG,0,1286697
furpa,0.1111111111111111,8,8,CCTTCGTTGACTTGCTATCA,0,1303176
furpa,0.1111111111111111,8,8,CCTTAGGCGGCCGATTACCA,0,1330389
furpa,0.1111111111111111,8,8,CCTGGTGCTCTGTCGGCTCG,0,1278914
furpa,0.1111111111111111,8,8,CCTGCTGCGCGAGGATCGTG,0,1330213
furpa,0.1111111111111111,8,8,CCTGACTCTAGCTGCGTCGG,0,1337358
furpa,0.1111111111111111,8,8,CCTCAGCATGAGGGCTCGGG,0,1296690
furpa,0.1111111111111111,8,8,CCTCACCCGACTGGCATCAT,0,1310751
furpa,0.1111111111111111,8,8,CCTAGGCGAGAAGGGTCACT,0,1344387
furpa,0.1111111111111111,8,8,CCTACGCACAGCGACCCGAT,0,1351837
furpa,0.1111111111111111,8,8,CCTACCGTGGAGGACAACCA,0,1295447
furpa,0.1111111111111111,8,8,CCGTTCTGCCAACACTGGGA,0,1284356
furpa,0.1111111111111111,8,8,CCGTCCACCTGTGCTGTGCC,0,1337283
furpa,0.1111111111111111,8,8,CCGTCATCCTACGCAGTCTG,0,1343564
furpa,0.1111111111111111,8,8,CCGTAGGTTCCCGTTAGGGC,0,1349986
furpa,0.1111111111111111,8,8,CCGGTCCTTAGTCCACAGAG,0,1296453
furpa,0.1111111111111111,8,8,CCGGTATAGAGCTCATAAAG,0,1314127
furpa,0.1111111111111111,8,8,CCGGGTACGCCACGGGAGTT,0,1342558
furpa,0.1111111111111111,8,8,CCGGATACGATGACTCGGAT,0,1343612
furpa,0.1111111111111111,8,8,CCGCGGCATGCGGAACGCAA,0,1341628
furpa,0.1111111111111111,8,8,CCGCCCCAGTGCGCGTTAAT,0,1281268
furpa,0.1111111111111111,8,8,CCGCAAGGTTCTGCCTTGCA,0,1315808
furpa,0.1111111111111111,8,8,CCGAAAGCCTGAAATCCTCA,0,1279039
furpa,0.1111111111111111,8,8,CCCTTGGCCGCACCAGCTAT,0,1301286
furpa,0.1111111111111111,8,8,CCCTCCCGATCTTCGATGAT,0,1293440
furpa,0.1111111111111111,8,8,CCCGAAATGGCGAGTGTCCG,0,1318392
furpa,0.1111111111111111,8,8,CCCACGCGGTAACCGGTTCA,0,1349118
furpa,0.1111111111111111,8,8,CCCACGAGACAGAATGCCGA,0,1336775
furpa,0.1111111111111111,8,8,CCCACATAAGGTGAGCCGAG,0,1350856
furpa,0.1111111111111111,8,8,CCCACAACTTATAGTGTCTA,0,1323031
furpa,0.1111111111111111,8,8,CCCAAAATGTCGCATTGGGA,0,1334330
furpa,0.1111111111111111,8,8,CCATTCTGCTCGGTTTCTGG,0,1353403
furpa,0.1111111111111111,8,8,CCATGAGGAGTTATACTGCT,0,1301997
furpa,0.1111111111111111,8,8,CCATCGTGCTGAACTCACTC,0,1322883
furpa,0.1111111111111111,8,8,CCATAGGATGCAAATATTTT,0,1345125
furpa,0.1111111111111111,8,8,CCATAGATTTGGGTGGCTTG,0,1340985
furpa,0.1111111111111111,8,8,CCAGACCCATCACCGGTACA,0,1303712
furpa,0.1111111111111111,8,8,CCACTTTGCTACAACTCGAG,0,1336066
furpa,0.1111111111111111,8,8,CCACGTTCTGCGGGATGTCT,0,1317166
furpa,0.1111111111111111,8,8,CCACGACTGGGAAGAGGCGT,0,1277444
furpa,0.1111111111111111,8,8,CCACCAATCTAAATCTCAGT,0,1296574
furpa,0.1111111111111111,8,8,CCAAGGGCGTTGGACCTACT,0,1341021
furpa,0.1111111111111111,8,8,CCAAGCGGGGGTGGAGTATA,0,1280497
furpa,0.1111111111111111,8,8,CCAACGGCCAACATTCATTC,0,1290887
furpa,0.1111111111111111,8,8,CCAAACAACGAGCATGATTA,0,1310911
furpa,0.1111111111111111,8,8,CCAAAAATCCACGCGGCCTA,0,1345944
furpa,0.1111111111111111,8,8,CATTAAGCGATGGGCAAGTG,0,1326194
furpa,0.1111111111111111,8,8,CATGAAATAGGCTGACCGTA,0,1288674
furpa,0.1111111111111111,8,8,CATCTTGTGACTCTAATTCA,0,1310153
furpa,0.1111111111111111,8,8,CATCGTACTACCTACGTCTA,0,1298510
furpa,0.1111111111111111,8,8,CATCCCAGACACCAGCAGCC,0,1329522
furpa,0.1111111111111111,8,8,CATCATGCTGCACGCAACCA,0,1296998
furpa,0.1111111111111111,8,8,CATCAGCCATTTACTTGGTT,0,1327852
furpa,0.1111111111111111,8,8,CATAGCGCAGGTGTCGGCGT,0,1330277
furpa,0.1111111111111111,8,8,CATAAGATTGTTATTCAGAG,0,1347198
furpa,0.1111111111111111,8,8,CAGTCGCCGGTAAACCCAAT,0,1328911
furpa,0.1111111111111111,8,8,CAGTCCGTTGCTTTCGTTTC,0,1319982
furpa,0.1111111111111111,8,8,CAGTAGCCCGGAGCCCAAAA,0,1303182
furpa,0.1111111111111111,8,8,CAGGTCTAATATTCATATCG,0,1303276
furpa,0.1111111111111111,8,8,CAGCTGGTCGTATTGGGAAG,0,1325294
furpa,0.1111111111111111,8,8,CAGCTCCAATGCTTACTATT,0,1337626
furpa,0.1111111111111111,8,8,CAGCGGTGAAGTAGGACCGG,0,1306141
furpa,0.1111111111111111,8,8,CAGCGGCCGCGGCTATGTAT,0,1315109
furpa,0.1111111111111111,8,8,CAGCCCTTAGATGATTATTC,0,1343740
furpa,0.1111111111111111,8,8,CAGATCGGACGGCTGCATAC,0,1353260
furpa,0.1111111111111111,8,8,CACTGACTGCACCCCTAAGG,0,1314285
furpa,0.1111111111111111,8,8,CACTCGAAACGCTGGACTAA,0,1325727
furpa,0.1111111111111111,8,8,CACTCCGGCACGGCCTTAGC,0,1285834
furpa,0.1111111111111111,8,8,CACGGGGTACTTCATATCAG,0,1351646
furpa,0.1111111111111111,8,8,CACGGCGCCACGAGGCGAGA,0,1338118
furpa,0.1111111111111111,8,8,CACGCGGTCCACCGGGGAGT,0,1318819
furpa,0.1111111111111111,8,8,CACGCGGACCACTGGTACAA,0,1336090
furpa,0.1111111111111111,8,8,CACCGGTCCCTGCTGTGGCA,0,1287169
furpa,0.1111111111111111,8,8,CACCCGCCTAAAACGAGACA,0,1305218
furpa,0.1111111111111111,8,8,CACCACGCGGCATTAAGCGT,0,1300105
furpa,0.1111111111111111,8,8,CACACGAGGGGGCTGGCATC,0,1355977
furpa,0.1111111111111111,8,8,CAATGTCAACTCATTCGCTG,0,1332569
furpa,0.1111111111111111,8,8,CAATGCCCTACCTTAACTCC,0,1275763
furpa,0.1111111111111111,8,8,CAATCACCAACATCGAAACA,0,1279294
furpa,0.1111111111111111,8,8,CAATAGTGTAGTTCCGTCCG,0,1295131
furpa,0.1111111111111111,8,8,CAATAACCCAGAGGCCGAGA,0,1356536
furpa,0.1111111111111111,8,8,CAAGTGACGGTGAATGCAGT,0,1311995
furpa,0.1111111111111111,8,8,CAAGCGCACGTGTAGTCCTC,0,1323030
furpa,0.1111111111111111,8,8,CAACTGTGTTAGCGTCAGAA,0,1285020
furpa,0.1111111111111111,8,8,CAACGCCCTTTACGGTTCTC,0,1305308
furpa,0.1111111111111111,8,8,CAACCGGTCGTATGACCGAC,0,1332326
furpa,0.1111111111111111,8,8,CAAATATCCATCATGGTGTC,0,1317546
furpa,0.1111111111111111,8,8,CAAAGGGCCGTCACACAATT,0,1317236
furpa,0.1111111111111111,8,8,CAAACTGTTTGAATGCGACC,0,1298268
furpa,0.1111111111111111,8,8,CAAACCCAAAGCACTCGAGT,0,1302996
furpa,0.1111111111111111,8,8,CAAAACGAAAAGTCATGTAA,0,1281188
furpa,0.1111111111111111,8,8,ATTTGACATATCTCCCCGGT,0,1284043
furpa,0.1111111111111111,8,8,ATTTAGCACCTTCATAGCCT,0,1324779
furpa,0.1111111111111111,8,8,ATTGGCTAATGCGTACCATA,0,1357261
furpa,0.1111111111111111,8,8,ATTGCGCAACCCTGTCTGCG,0,1352464
furpa,0.1111111111111111,8,8,ATTGAGACGGCAGGACAAAA,0,1297429
furpa,0.1111111111111111,8,8,ATTCGATTCAAATGTCTGTA,0,1306974
furpa,0.1111111111111111,8,8,ATTCCCGCTGCGTTTAGTGA,0,1350862
furpa,0.1111111111111111,8,8,ATTCACTAATGAATGTCTGT,0,1337982
furpa,0.1111111111111111,8,8,ATTAGGGCGCAGCCCGGCTA,0,1298477
furpa,0.1111111111111111,8,8,ATGGTGGGACCGAGATAATA,0,1357750
furpa,0.1111111111111111,8,8,ATGGGAATTTATAACGCAAT,0,1310194
furpa,0.1111111111111111,8,8,ATGGGAACTCGGCCCGTCTT,0,1299103
furpa,0.1111111111111111,8,8,ATGCCGTCAAAGGAAGGAAC,0,1341881
furpa,0.1111111111111111,8,8,ATGCATTTACGGTAAATGTT,0,1304185
furpa,0.1111111111111111,8,8,ATGCAAGAGTTCGCCCTGAA,0,1345902
furpa,0.1111111111111111,8,8,ATGAGGCCTCACACGTCAAA,0,1291016
furpa,0.1111111111111111,8,8,ATGAGCGCGGTGAATCGAGT,0,1316939
furpa,0.1111111111111111,8,8,ATGAGCATCATGAGAGGTCT,0,1346663
furpa,0.1111111111111111,8,8,ATGACCATCGAAAACTACAC,0,1289104
furpa,0.1111111111111111,8,8,ATGACACGCGTACAAGGTGG,0,1332922
furpa,0.1111111111111111,8,8,ATGAACCCGACACGTCCGTA,0,1329594
furpa,0.1111111111111111,8,8,ATGAAACTGCTGCTTGTAAT,0,1298469
furpa,0.1111111111111111,8,8,ATCTTCGTAGTCACCAAGAA,0,1349324
furpa,0.1111111111111111,8,8,ATCTGCGTTCCCATCACACA,0,1279934
furpa,0.1111111111111111,8,8,ATCGGGTTGGATGATAGCTA,0,1353712
furpa,0.1111111111111111,8,8,ATCGCTATGGGCGCCGATAT,0,1356828
furpa,0.1111111111111111,8,8,ATCGCCACTAAAGAGGAATT,0,1306967
furpa,0.1111111111111111,8,8,ATCGCACGAATAAGTAAGAC,0,1357799
furpa,0.1111111111111111,8,8,ATCGAGTGCGCAGAGATAAT,0,1274136
furpa,0.1111111111111111,8,8,ATCGAACACGTTACCGACTT,0,1305824
furpa,0.1111111111111111,8,8,ATCCTCACCCCTAAGGACGC,0,1295203
furpa,0.1111111111111111,8,8,ATCCGATTTCGTTATCGAGC,0,1349540
furpa,0.1111111111111111,8,8,ATCAAAAACGGTGGAGTGGA,0,1330128
furpa,0.1111111111111111,8,8,ATATGTGCTTTTGACCGATG,0,1310878
furpa,0.1111111111111111,8,8,ATATCCTGAAGAACCTTCGT,0,1320687
furpa,0.1111111111111111,8,8,ATAGTCGTGGGTCTTCAGCA,0,1336497
furpa,0.1111111111111111,8,8,ATAGGTACGCAGTGAATGGT,0,1303510
furpa,0.1111111111111111,8,8,ATAGGGAATTAAGTCGCCAA,0,1337124
furpa,0.1111111111111111,8,8,ATACGGCACAAGCAAAAGTA,0,1291553
furpa,0.1111111111111111,8,8,ATACGAGGATTGCGTACCTG,0,1299768
furpa,0.1111111111111111,8,8,ATACGACGCAGTGATTTGTT,0,1344963
furpa,0.1111111111111111,8,8,ATACCTGGACTTGTTGCGGT,0,1354091
furpa,0.1111111111111111,8,8,ATACATGTCTCCGTTACAAC,0,1317152
furpa,0.1111111111111111,8,8,ATACACACACATGTTGCTGA,0,1307036
furpa,0.1111111111111111,8,8,ATAATTGTTTCCCTTTCGTA,0,1338158
furpa,0.1111111111111111,8,8,ATAATTGGTAAGAGAGGATG,0,1302144
furpa,0.1111111111111111,8,8,AGTTCCTCACTTCTCAGGGA,0,1335234
furpa,0.1111111111111111,8,8,AGTGGGATGTGTAATTATAA,0,1345691
furpa,0.1111111111111111,8,8,AGTGAAGGGCCACTGAGAAT,0,1333064
furpa,0.1111111111111111,8,8,AGTCGGTACCCGGGTTTTAA,0,1304322
furpa,0.1111111111111111,8,8,AGTCCTGACCTCTGCTTCTA,0,1285926
furpa,0.1111111111111111,8,8,AGTCACTGGAACGTGTACCA,0,1351744
furpa,0.1111111111111111,8,8,AGTCACGGAGATGAGAGGAT,0,1329110
furpa,0.1111111111111111,8,8,AGTATATCACGGTGCTATAG,0,1336451
furpa,0.1111111111111111,8,8,AGTAACCCTAGCACAAACCT,0,1345333
furpa,0.1111111111111111,8,8,AGGTTGGTTACATCGGATAT,0,1295569
furpa,0.1111111111111111,8,8,AGGTCTTATGGTCCTAGTAC,0,1321740
furpa,0.1111111111111111,8,8,AGGTCTCGTCACGCCTCACG,0,1293628
furpa,0.1111111111111111,8,8,AGGTCGTATCCAGAGAATTA,0,1307472
furpa,0.1111111111111111,8,8,AGGGAGGACCGACTTACTGT,0,1286107
furpa,0.1111111111111111,8,8,AGGCTTTAGCGCTACTCGGA,0,1283055
furpa,0.1111111111111111,8,8,AGGCGTCATTCTGTTGTGCC,0,1332613
furpa,0.1111111111111111,8,8,AGGAACTTGACAAATTACAA,0,1300008
furpa,0.1111111111111111,8,8,AGCTTTTGTACGCTAAGTAA,0,1282934
furpa,0.1111111111111111,8,8,AGCTTCTGGGTATTGTTGGA,0,1298970
furpa,0.1111111111111111,8,8,AGCTTCGTGCGGCTCATATG,0,1288389
furpa,0.1111111111111111,8,8,AGCGTACCAATTATCGTTTG,0,1298465
furpa,0.1111111111111111,8,8,AGCGCTGAGCGCAGATCCCG,0,1337159
furpa,0.1111111111111111,8,8,AGCCGAGAAGTTGGTTACGA,0,1315417
furpa,0.1111111111111111,8,8,AGCCCGCGAAGAAACTTCCG,0,1309147
furpa,0.1111111111111111,8,8,AGCCCAAGTCCGTTAAAGTG,0,1320048
furpa,0.1111111111111111,8,8,AGCACCTCTGGTTGCGGCGC,0,1340974
furpa,0.1111111111111111,8,8,AGATGTATTTGGGTTTAGGT,0,1288469
furpa,0.1111111111111111,8,8,AGATGAAGCACCTAGAGATG,0,1351483
furpa,0.1111111111111111,8,8,AGATCACTACTCATCCTTAA,0,1285992
furpa,0.1111111111111111,8,8,AGAGTTACCAGTGAGACGCT,0,1290622
furpa,0.1111111111111111,8,8,AGACTTTAATAGCGTCAATT,0,1310921
furpa,0.1111111111111111,8,8,AGACGCAAGCACTAACTCAT,0,1297262
furpa,0.1111111111111111,8,8,AGACCATAACATTTCTTCAT,0,1312429
furpa,0.1111111111111111,8,8,AGAATAATTTGCTGTCCGTT,0,1282021
furpa,0.1111111111111111,8,8,AGAATAAGTCCTAGAAGAAA,0,1355964
furpa,0.1111111111111111,8,8,AGAAAGAAGTACGGGCTTGG,0,1278496
furpa,0.1111111111111111,8,8,ACTTGTCGTCAGTGGCTGCC,0,1279809
furpa,0.1111111111111111,8,8,ACTTCAGCCAGGCGGTGCGC,0,1301802
furpa,0.1111111111111111,8,8,ACTTACGGCACTTGTGGGAT,0,1296066
furpa,0.1111111111111111,8,8,ACTGGGCACTGGCGCATCAC,0,1319026
furpa,0.1111111111111111,8,8,ACTGGCTAATAGCTAAACAG,0,1275577
furpa,0.1111111111111111,8,8,ACTGCATAACGCTGTGAACA,0,1310096
furpa,0.1111111111111111,8,8,ACTGACTTCCAAGCCACTTC,0,1272675
furpa,0.1111111111111111,8,8,ACTCGCGCGTCCGATTACAT,0,1299938
furpa,0.1111111111111111,8,8,ACTCCCATCGATAGCCATGT,0,1295746
furpa,0.1111111111111111,8,8,ACTCACGATGGACCCGGTAG,0,1271995
furpa,0.1111111111111111,8,8,ACTAGATATGTACACAGCCG,0,1297376
furpa,0.1111111111111111,8,8,ACGTGTGCGATCGAGGATTC,0,1281785
furpa,0.1111111111111111,8,8,ACGTCTAATATGGTGCTATT,0,1279029
furpa,0.1111111111111111,8,8,ACGTCGTGTGGCTAAAATTA,0,1290043
furpa,0.1111111111111111,8,8,ACGGTTCCAAGCCCCTGAAC,0,1314816
furpa,0.1111111111111111,8,8,ACGGTGGGCGCGCAGACTCG,0,1289834
furpa,0.1111111111111111,8,8,ACGGGCATGTATGCAGTTAT,0,1301790
furpa,0.1111111111111111,8,8,ACGGATCTCGAGGAGTGCAT,0,1319446
furpa,0.1111111111111111,8,8,ACGGAGCCTTAGGCATTCGA,0,1283683
furpa,0.1111111111111111,8,8,ACGGAATCGCGGATGTTGGT,0,1283352
furpa,0.1111111111111111,8,8,ACGCTTCCCCTCGACATAGC,0,1308999
furpa,0.1111111111111111,8,8,ACGCCGAGGTGCGAACAGAA,0,1271494
furpa,0.1111111111111111,8,8,ACGCAGAGTAACCGCTCTCA,0,1300650
furpa,0.1111111111111111,8,8,ACGCAATGTGTCAGAGGTCT,0,1277970
furpa,0.1111111111111111,8,8,ACGAGAGGCGTGGCAGGGAC,0,1294404
furpa,0.1111111111111111,8,8,ACGAAGGGGACTCAGCTAGG,0,1328833
furpa,0.1111111111111111,8,8,ACCTGTCCTTCATTTCGGGA,0,1354283
furpa,0.1111111111111111,8,8,ACCGTCAGGGCACACATTAG,0,1272798
furpa,0.1111111111111111,8,8,ACCGTACAAATCCATATAGA,0,1306804
furpa,0.1111111111111111,8,8,ACCGGTATGAGGAGTGTTTC,0,1322271
furpa,0.1111111111111111,8,8,ACCGGGTTCTACTTTTCGAA,0,1354766
furpa,0.1111111111111111,8,8,ACCGCCGTGCATGAGGGACT,0,1354280
furpa,0.1111111111111111,8,8,ACCCTCTGCGTAACTCACGA,0,1301100
furpa,0.1111111111111111,8,8,ACCCTCATCGCGCAGGATTG,0,1272201
furpa,0.1111111111111111,8,8,ACCCAGACTTCAGGTTTTCG,0,1293142
furpa,0.1111111111111111,8,8,ACCATGGTGCAACTTATGAG,0,1280362
furpa,0.1111111111111111,8,8,ACCATAAAAGCCCCACCCTG,0,1293496
furpa,0.1111111111111111,8,8,ACCAGTGCTAGTCCGACGAT,0,1331935
furpa,0.1111111111111111,8,8,ACATTTCTCCGCATAATAAT,0,1338895
furpa,0.1111111111111111,8,8,ACATTCCCGGGATTTAACTT,0,1287809
furpa,0.1111111111111111,8,8,ACATCGTACTAATGTTATAC,0,1290969
furpa,0.1111111111111111,8,8,ACATCCTAAAAAGTCGTCGG,0,1288576
furpa,0.1111111111111111,8,8,ACAGGTCGGAGATGTCGTCC,0,1296439
furpa,0.1111111111111111,8,8,ACAGGGGTTCACACCCCAAG,0,1297227
furpa,0.1111111111111111,8,8,ACAGCGTTCCGCTAGTGCGC,0,1343448
furpa,0.1111111111111111,8,8,ACACTCAGGTGACCCTTGTC,0,1303303
furpa,0.1111111111111111,8,8,ACACGACGGGGGGTCATGGG,0,1280848
furpa,0.1111111111111111,8,8,ACAAAAGCACCATCTACATG,0,1332721
furpa,0.1111111111111111,8,8,AATTTTTTAACTTAGGGTAT,0,1354453
furpa,0.1111111111111111,8,8,AATTGCTTGGGCCTGCCGCA,0,1355638
furpa,0.1111111111111111,8,8,AATGGTTAGGAGGCCGCGAC,0,1311565
furpa,0.1111111111111111,8,8,AATGGACTTGGCGTCATTGT,0,1323081
furpa,0.1111111111111111,8,8,AATCATCTATCATAAGCTCT,0,1283552
furpa,0.1111111111111111,8,8,AATCACCAAGAGCATCTCCT,0,1284470
furpa,0.1111111111111111,8,8,AATAGTTAAGCCCGTCCTGT,0,1356111
furpa,0.1111111111111111,8,8,AATAACCGCTAAAGCGCGGG,0,1314281
furpa,0.1111111111111111,8,8,AAGTCTGGCATGCCAGGGGT,0,1331701
furpa,0.1111111111111111,8,8,AAGTCGGAAACAGGCGTATC,0,1353745
furpa,0.1111111111111111,8,8,AAGTAAATAGGGCGTCCCAT,0,1330783
furpa,0.1111111111111111,8,8,AAGGGTAATCTTAAAACGTC,0,1309407
furpa,0.1111111111111111,8,8,AAGGGGTCATTCCTCAACAA,0,1284386
furpa,0.1111111111111111,8,8,AAGGCAGGTAAGAAAATAAA,0,1313755
furpa,0.1111111111111111,8,8,AAGCTATGTGCATCATAGCC,0,1286418
furpa,0.1111111111111111,8,8,AAGAGTGCTGGCTGCGACGA,0,1331592
furpa,0.1111111111111111,8,8,AAGAGCTGAAGATATAGGTA,0,1305368
furpa,0.1111111111111111,8,8,AAGAGAACCGTCGAAGCGGC,0,1276314
furpa,0.1111111111111111,8,8,AAGACGGTATTATGGAACAA,0,1353881
furpa,0.1111111111111111,8,8,AACTCGCGTCATCACACGGA,0,1294614
furpa,0.1111111111111111,8,8,AACTCCAAACTATGCCAAGA,0,1316587
furpa,0.1111111111111111,8,8,AACGTAAAGGCGCGCGGCTT,0,1293897
furpa,0.1111111111111111,8,8,AACGATAAAGTGAACTTCTC,0,1355679
furpa,0.1111111111111111,8,8,AACCTAATGCACCATAGACG,0,1274131
furpa,0.1111111111111111,8,8,AACCGTATCCCGTCTTGGAG,0,1313880
furpa,0.1111111111111111,8,8,AACCGCATGCGTACCGGATG,0,1297813
furpa,0.1111111111111111,8,8,AACATCCGTCCAAGAAGAAA,0,1285463
furpa,0.1111111111111111,8,8,AACAGCGCGATATTAAGAGT,0,1291147
furpa,0.1111111111111111,8,8,AAATCAGTGCATAAAGGTTC,0,1281531
furpa,0.1111111111111111,8,8,AAATAGCGAAACAGGAAAAC,0,1346004
furpa,0.1111111111111111,8,8,AAAGTCAGTCTGCAGCGAAT,0,1338080
furpa,0.1111111111111111,8,8,AAAGGTCAATTTGAGAACCC,0,1298542
furpa,0.1111111111111111,8,8,AAAGGCCACCGGCGGCTCGG,0,1278596
furpa,0.1111111111111111,8,8,AAAGCTTAAAAGTCTAGTGT,0,1272335
furpa,0.1111111111111111,8,8,AAAGATGCAGAGTGATTGGA,0,1344545
furpa,0.1111111111111111,8,8,AAAGATCCTGTCTGATCGAA,0,1317026
furpa,0.1111111111111111,8,8,AAACTTATAGTCGAAGAACG,0,1301086
furpa,0.1111111111111111,8,8,AAACTCTTGTGCTGAGATAG,0,1329166
furpa,0.1111111111111111,8,8,AAAATGGAAACTTGCGTGTT,0,1305731
furpa,0.1111111111111111,8,8,AAAACGAAGGCTTGTTTAGT,0,1303501
furpa,0.1111111111111111,8,8,AAAAATGCCGCTTAGCTCGA,0,1327502
furpa,0.125,7,7,TTTTTAGGCGGGGCCGCGTT,0,1311643
furpa,0.125,7,7,TTTTGCGGACCTACAAGGCT,0,1314915
furpa,0.125,7,7,TTTTCTAACTGCACGGTAGA,0,1276639
furpa,0.125,7,7,TTTTATACGTACTAGGCAGG,0,1297087
furpa,0.125,7,7,TTTTACATGTTGCGGTGCAG,0,1357016
furpa,0.125,7,7,TTTGTGGAAGCAGTGAGACC,0,1287860
furpa,0.125,7,7,TTTGTCGTAAGAGCACACGA,0,1280172
furpa,0.125,7,7,TTTGGTAGAGTGTAGGGGTC,0,1287671
furpa,0.125,7,7,TTTGCGTGAATAGCACTACA,0,1352167
furpa,0.125,7,7,TTTGACAGAGGGTCTCTAGA,0,1296604
furpa,0.125,7,7,TTTCTTAATTGACTATCTAT,0,1351655
furpa,0.125,7,7,TTTCGACTAAGTGACGCGCA,0,1287008
furpa,0.125,7,7,TTTATGGTGCGCTTAAGAGG,0,1275074
furpa,0.125,7,7,TTTATGGAGCGAGATTCGGC,0,1337014
furpa,0.125,7,7,TTTACGAACGTGTCAGTTCG,0,1306340
furpa,0.125,7,7,TTTACCTAATGGGCCACGGA,0,1289877
furpa,0.125,7,7,TTGTTCCCCAGGCAACTGTC,0,1310391
furpa,0.125,7,7,TTGTTATGGCGGCTTCGTTA,0,1284643
furpa,0.125,7,7,TTGTGGCACAACTGGAATGT,0,1310397
furpa,0.125,7,7,TTGTCGGGAGTGGTCTTAAA,0,1347719
furpa,0.125,7,7,TTGTCAAGCAGCTCAACAAG,0,1305743
furpa,0.125,7,7,TTGTATCATAATATTTGCTC,0,1281062
furpa,0.125,7,7,TTGTAGGGTTAGTCTTAAAG,0,1281416
furpa,0.125,7,7,TTGGGTGTCTTATACAGAAG,0,1289243
furpa,0.125,7,7,TTGGGGAGAGTATGGTTACA,0,1347271
furpa,0.125,7,7,TTGGCTGTCCGCGGTGTAAC,0,1314505
furpa,0.125,7,7,TTGGCGTGTCTGGATACCGC,0,1287084
furpa,0.125,7,7,TTGCGTGGTTAATAGGAATG,0,1297646
furpa,0.125,7,7,TTGCGGTCCAACCTCGCGGA,0,1336206
furpa,0.125,7,7,TTGCGCGATTCCTCGATTAT,0,1306136
furpa,0.125,7,7,TTGCGACGCCGAAAATCAAT,0,1349574
furpa,0.125,7,7,TTGCCTACGGAGGGGCCGGC,0,1348476
furpa,0.125,7,7,TTGCAAGAATGGGTGTGACT,0,1326332
furpa,0.125,7,7,TTGATCGGCCCCATACAACC,0,1276410
furpa,0.125,7,7,TTGAGGCCATCGTAAAGGAC,0,1317234
furpa,0.125,7,7,TTCTGTGCAATGCCTGGGAG,0,1309082
furpa,0.125,7,7,TTCTGTACCCACTTGGTACT,0,1334730
furpa,0.125,7,7,TTCTCGTGTTGTAAAGGCTG,0,1347772
furpa,0.125,7,7,TTCTCCAGACCGTCGTCCCT,0,1343872
furpa,0.125,7,7,TTCTCAGATGTGCACTCGTG,0,1272499
furpa,0.125,7,7,TTCTACCGGCCTAGGGGAGG,0,1289257
furpa,0.125,7,7,TTCGACGCAGGACTCTCGGA,0,1345612
furpa,0.125,7,7,TTCCTAAGTACCGCCACGAG,0,1296614
furpa,0.125,7,7,TTCCTAAGAAATCACACAAT,0,1301864
furpa,0.125,7,7,TTCCCCAGGGCCGTGAGGGG,0,1331076
furpa,0.125,7,7,TTCCACATTAACTGTCAGTC,0,1300729
furpa,0.125,7,7,TTCAAGGGGCTCTCAGCAGG,0,1345087
furpa,0.125,7,7,TTATCGGGGCCTATCCATTC,0,1294491
furpa,0.125,7,7,TTAGTTATGGGACCAAGTGA,0,1349798
furpa,0.125,7,7,TTAGGACCGGGGTCATGCGG,0,1337606
furpa,0.125,7,7,TTAGCTCTATTGGCCGGATG,0,1306777
furpa,0.125,7,7,TTAGCCTGAGGCGTCTGACT,0,1274414
furpa,0.125,7,7,TTAGATTCCAGGGACCCCAG,0,1319992
furpa,0.125,7,7,TTAGAACATCTGCTTGCGTG,0,1342265
furpa,0.125,7,7,TTACTATAGTGTCAATGTGC,0,1315275
furpa,0.125,7,7,TTACGTTCTCACGTGCCCTG,0,1346505
furpa,0.125,7,7,TTACGGTTTGAGATTCGCGG,0,1298001
furpa,0.125,7,7,TTACCCATTACGCTATATTG,0,1292111
furpa,0.125,7,7,TTACCAGAATTCTATGCTAG,0,1352536
furpa,0.125,7,7,TTACATGGGTAGCGGCATAT,0,1344324
furpa,0.125,7,7,TTACAAAAAGGCGAGCGTTC,0,1295948
furpa,0.125,7,7,TTAATGGCAGACACATTTCC,0,1313856
furpa,0.125,7,7,TTAATCGATAACGCTTTTTT,0,1307877
furpa,0.125,7,7,TTAACGCGCCGGTGAAGGGT,0,1299196
furpa,0.125,7,7,TTAAAGATGAACGTTGAAAC,0,1278863
furpa,0.125,7,7,TGTTGTGTAGTTAGGTTGTC,0,1325161
furpa,0.125,7,7,TGTTCAGGCGGAAAGGCACG,0,1307292
furpa,0.125,7,7,TGTTATGGAGGTTACTTCCT,0,1279194
furpa,0.125,7,7,TGTGTCCAATCTGATCGGAT,0,1293510
furpa,0.125,7,7,TGTGGTCTTTATGGTTAATG,0,1297637
furpa,0.125,7,7,TGTGGCCGTATGCACAGGCA,0,1333542
furpa,0.125,7,7,TGTCTGTGGCCAGAGAGGTG,0,1293216
furpa,0.125,7,7,TGTCTCTCTCGGGTTCCCGA,0,1318917
furpa,0.125,7,7,TGTCTATATATTCGGTCATT,0,1303194
furpa,0.125,7,7,TGTCGGTTGCGGCAGCATAT,0,1318224
furpa,0.125,7,7,TGTCATTTCATAGAGTTCAG,0,1325162
furpa,0.125,7,7,TGTATAAACGTGCCTTCTAC,0,1279678
furpa,0.125,7,7,TGTAATTATATAAGACGTAA,0,1328364
furpa,0.125,7,7,TGTAATGGATGGCTCGCACT,0,1299281
furpa,0.125,7,7,TGGTCGTTCCCTAAGAAACT,0,1278762
furpa,0.125,7,7,TGGTCACATCTCGACATTCT,0,1339806
furpa,0.125,7,7,TGGTATCGCTAACGGGCACA,0,1325465
furpa,0.125,7,7,TGGGTTGCAATAGAGAGATC,0,1348836
furpa,0.125,7,7,TGGGTTACTATCACTGGGAT,0,1282893
furpa,0.125,7,7,TGGCTTCATGCCGTTTCCGA,0,1278216
furpa,0.125,7,7,TGGCTGGGCGTAAGCTCGTA,0,1286470
furpa,0.125,7,7,TGGCTAGCAATGGTTCCACC,0,1294472
furpa,0.125,7,7,TGGCTAATGGGGATCTGCCA,0,1283234
furpa,0.125,7,7,TGGCGGTAACCAATTGGTGG,0,1281948
furpa,0.125,7,7,TGGCCTCTTGCTATTCAAAT,0,1283496
furpa,0.125,7,7,TGGCCGTGAACACATGTCTG,0,1336089
furpa,0.125,7,7,TGGCAGACCCCCCTAGCCAG,0,1345900
furpa,0.125,7,7,TGGCACGACTAGCGCCGGTG,0,1290698
furpa,0.125,7,7,TGGCAAGGTAAGTCACATCG,0,1320448
furpa,0.125,7,7,TGGATCGTACGGGTGGGTGG,0,1328750
furpa,0.125,7,7,TGGACCGACCTTAAATACTA,0,1333027
furpa,0.125,7,7,TGGACCATTTGCTTGACACT,0,1336208
furpa,0.125,7,7,TGGAATCGATGGAGTCGTCT,0,1273358
furpa,0.125,7,7,TGGAAATGTTAATGAGAGGT,0,1309413
furpa,0.125,7,7,TGCGTACCGTCGTTAATATG,0,1342460
furpa,0.125,7,7,TGCGGTTCACTGGCCAGAGT,0,1345396
furpa,0.125,7,7,TGCCGCGGTGCAACCTAAAT,0,1303968
furpa,0.125,7,7,TGCCATGTATCCCGTCTTTA,0,1292002
furpa,0.125,7,7,TGCCAGTCTGCTTACTTGGG,0,1318602
furpa,0.125,7,7,TGCCACTTGGAGGGTGACGG,0,1300789
furpa,0.125,7,7,TGCACCGTTTAAGCACGCTA,0,1308604
furpa,0.125,7,7,TGATTGTGTTTCTGTCTTCA,0,1328866
furpa,0.125,7,7,TGAGTTTACGAGCGGCGCGG,0,1340317
furpa,0.125,7,7,TGAGTCTGGCTTATACAATT,0,1273912
furpa,0.125,7,7,TGAGGTCTCCGCGGGCAGAG,0,1292119
furpa,0.125,7,7,TGAGACGTGTCTGAAGAGAA,0,1306916
furpa,0.125,7,7,TGACTGTGCGTTGGTCTGCT,0,1338943
furpa,0.125,7,7,TGACGAGGGCGCGAGGGAAG,0,1283121
furpa,0.125,7,7,TGACCCCCCGCAGACGTAAT,0,1321091
furpa,0.125,7,7,TGAATGCATACGCATCCCTA,0,1272935
furpa,0.125,7,7,TGAACAATGCATTAGTAGAT,0,1305684
furpa,0.125,7,7,TCTGTCGGTCGATCTCGGCT,0,1341363
furpa,0.125,7,7,TCTGTCCATCATGAGTGGGA,0,1294626
furpa,0.125,7,7,TCTGTCAATAAGTACGAAAA,0,1328818
furpa,0.125,7,7,TCTGTAGAACTTGTGGGGCA,0,1322172
furpa,0.125,7,7,TCTGGTTGAGGTGCGTGGAA,0,1280064
furpa,0.125,7,7,TCTGGGACCAGCCGACGCTA,0,1354553
furpa,0.125,7,7,TCTGCTTGAGAGTCGCGCTG,0,1342169
furpa,0.125,7,7,TCTGATTGATCCATACGGCA,0,1272106
furpa,0.125,7,7,TCTGAATCCAACCCGGGAGA,0,1297213
furpa,0.125,7,7,TCTCTGCGATTCGTATTGTA,0,1282505
furpa,0.125,7,7,TCTCGTTCTAAGGCCACGAA,0,1313185
furpa,0.125,7,7,TCTCGGGAGCCAAGGTAAAT,0,1306065
furpa,0.125,7,7,TCTCCAACTGCCGCCGCTGT,0,1331916
furpa,0.125,7,7,TCTCATCAGAAGCCAGGGAG,0,1300594
furpa,0.125,7,7,TCTAGAGGCTTATCCTTACA,0,1302126
furpa,0.125,7,7,TCTAAGAAGATTTACTTTAT,0,1276231
furpa,0.125,7,7,TCGGTGGGTGGCACGGAGTT,0,1352357
furpa,0.125,7,7,TCGGTGCCTTTTGCAAGCTT,0,1280748
furpa,0.125,7,7,TCGGGGATAGGTGTTAATCG,0,1342817
furpa,0.125,7,7,TCGGCTTCTACTGACCAATT,0,1320983
furpa,0.125,7,7,TCGGCTGCGCTTTGTCATCG,0,1314372
furpa,0.125,7,7,TCGGCGAATTTGTACGCACC,0,1307380
furpa,0.125,7,7,TCGCCTCTCGAGATATCGAC,0,1279516
furpa,0.125,7,7,TCGCAGTTGGCGGCGGGGAA,0,1322299
furpa,0.125,7,7,TCGCAGACGTATGGTGCGAC,0,1315224
furpa,0.125,7,7,TCGCACTGCATATCACATTG,0,1322516
furpa,0.125,7,7,TCGAGTGCTGACTTACGAAG,0,1303855
furpa,0.125,7,7,TCGAGAGGGTTAAAGTAGAG,0,1289514
furpa,0.125,7,7,TCGACGCACGTTGCTTCATT,0,1335997
furpa,0.125,7,7,TCGACGATATCGAGTCGAGT,0,1308870
furpa,0.125,7,7,TCCTTTCATAACCTTCCTAG,0,1328668
furpa,0.125,7,7,TCCTCTATCAGAAGGCTAAG,0,1300461
furpa,0.125,7,7,TCCTCACCCTATCGGTATAA,0,1336885
furpa,0.125,7,7,TCCGTTGAGGAAGTAGACCC,0,1334935
furpa,0.125,7,7,TCCGGGCAGTATCGTTATAG,0,1278638
furpa,0.125,7,7,TCCGATATAGCTCTGAACCG,0,1338940
furpa,0.125,7,7,TCCCTTAGGGATCTTAGTGG,0,1271724
furpa,0.125,7,7,TCCCCTAGTCGGAGCCCGGA,0,1296232
furpa,0.125,7,7,TCCAGTGTGAGTCCCACTCT,0,1322819
furpa,0.125,7,7,TCCAGTCCTATAAATGTGGT,0,1291548
furpa,0.125,7,7,TCCACCTTGTATCCATCCAA,0,1315183
furpa,0.125,7,7,TCATTTCCGTTTATGAATGA,0,1296290
furpa,0.125,7,7,TCATGGTGCCCATGCTTATA,0,1315244
furpa,0.125,7,7,TCATGGAATGCTATGCAGAG,0,1271989
furpa,0.125,7,7,TCATATTCGCACCCTGAGAT,0,1297420
furpa,0.125,7,7,TCAGGCTCGACCGCCCAATT,0,1344644
furpa,0.125,7,7,TCAGGACCTTTAGCAGTAGT,0,1289015
furpa,0.125,7,7,TCACTTTTGACTTAATGAGC,0,1288591
furpa,0.125,7,7,TCACGTCTTCTACCTATTCA,0,1326500
furpa,0.125,7,7,TCACACAGCTTAACCAGGCA,0,1328365
furpa,0.125,7,7,TCAAGAGTACCGGGCGCATT,0,1307437
furpa,0.125,7,7,TCAACGGTTTCGGAACTGCC,0,1280673
furpa,0.125,7,7,TCAACAACAGGTGTCGTTAC,0,1322252
furpa,0.125,7,7,TCAAATCACTAGTCTATAGG,0,1310668
furpa,0.125,7,7,TCAAAGCGGCTATTAAATGC,0,1281346
furpa,0.125,7,7,TATTGTTTGTATAGCAGTAC,0,1291225
furpa,0.125,7,7,TATTCTGTGTACATCGTCGG,0,1274449
furpa,0.125,7,7,TATGTTACAGATGGCACAAG,0,1329599
furpa,0.125,7,7,TATGTCCTACGATATACGAC,0,1344289
furpa,0.125,7,7,TATGGTTACAGATCGAACAG,0,1351491
furpa,0.125,7,7,TATCCGTTCGCCAATCGACT,0,1284533
furpa,0.125,7,7,TATATTGAGTGTGGATGGTA,0,1321503
furpa,0.125,7,7,TATAGCATGAACATGTCCCG,0,1302748
furpa,0.125,7,7,TATAGAACCTTGGGATGACT,0,1311947
furpa,0.125,7,7,TATACGGTTACTTCTCAGAT,0,1277030
furpa,0.125,7,7,TAGGGGGGAAACCCCGGGAT,0,1274583
furpa,0.125,7,7,TAGCTGCAGTAGTATTGAAC,0,1280588
furpa,0.125,7,7,TAGCGCTTTATGTGGTCGCG,0,1329946
furpa,0.125,7,7,TAGCCGAAACGCATCTAAAC,0,1310977
furpa,0.125,7,7,TAGCCCACATTTGAACTAAT,0,1344846
furpa,0.125,7,7,TAGCATTTAGAAGTAGTCCT,0,1321086
furpa,0.125,7,7,TAGCAGGCCGCGTACACGCG,0,1306657
furpa,0.125,7,7,TAGAGATACTCGTACCACCA,0,1286137
furpa,0.125,7,7,TAGAATTTTGTAGTGTTTCA,0,1274464
furpa,0.125,7,7,TAGAAACCATTTCATTACAC,0,1277851
furpa,0.125,7,7,TACTTCTAGCCACTTGTACT,0,1333127
furpa,0.125,7,7,TACGTTCGGAGGCGAGAGTA,0,1308368
furpa,0.125,7,7,TACGGTCCTTGATTACCCGT,0,1351488
furpa,0.125,7,7,TACGGGGGGCAGGTGTGTGC,0,1314682
furpa,0.125,7,7,TACGCTGGATTCGACACGAA,0,1317784
furpa,0.125,7,7,TACGAATGCATTCTAGAGTT,0,1327867
furpa,0.125,7,7,TACCTGTGGCTCCTTTCAAT,0,1279859
furpa,0.125,7,7,TACCGTTTCTTGCGGCATGT,0,1342637
furpa,0.125,7,7,TACCACTTGCCTGAAAGATT,0,1350889
furpa,0.125,7,7,TACCAACCGGATTAGTAAAA,0,1300202
furpa,0.125,7,7,TACATCCGCTGTTGTCCAAA,0,1304432
furpa,0.125,7,7,TACATAGGCGAATCCATTCT,0,1309107
furpa,0.125,7,7,TACAGCCTGCCCCAGTCTTA,0,1275578
furpa,0.125,7,7,TAATCTTCGATTCACCCTCG,0,1281092
furpa,0.125,7,7,TAAGCCCTAATGCACATTAT,0,1342467
furpa,0.125,7,7,TAAGCACACCAAGGCCCTGG,0,1310897
furpa,0.125,7,7,TAAGACACAGGCCTTTGATT,0,1296261
furpa,0.125,7,7,TAACTCGTCGATGGGCCGAA,0,1293215
furpa,0.125,7,7,TAACCAATATGCTTCACAGT,0,1311018
furpa,0.125,7,7,TAACATAACCAGCGCTAGCT,0,1313241
furpa,0.125,7,7,TAACAGTCGGGTACATTATA,0,1294707
furpa,0.125,7,7,TAAAGGGGTGTCCCAGCGTT,0,1276884
furpa,0.125,7,7,TAAACCTGCTCTCGCGCATC,0,1319697
furpa,0.125,7,7,TAAAAGGGAGGGAAGGAGTT,0,1334251
furpa,0.125,7,7,TAAAAGCGCGGCCTTTTTCC,0,1355863
furpa,0.125,7,7,GTTTTTGCGCGCATTAATGG,0,1343425
furpa,0.125,7,7,GTTTTATTACCACACACCGA,0,1299636
furpa,0.125,7,7,GTTTGGGTTCGCAGAAGCTC,0,1352711
furpa,0.125,7,7,GTTTCGGCTGAACATTAGAC,0,1278855
furpa,0.125,7,7,GTTTCAAGTCTAGCTGCTTA,0,1337932
furpa,0.125,7,7,GTTTAATTTCAAGGCGAACC,0,1332035
furpa,0.125,7,7,GTTGATGTCAGCCCCATCAT,0,1294278
furpa,0.125,7,7,GTTCTGGGCTGGACAAGGCA,0,1310601
furpa,0.125,7,7,GTTCTCTGTAGTGCCTCTTA,0,1354378
furpa,0.125,7,7,GTTCGCTCTCGAAAAGATTG,0,1291804
furpa,0.125,7,7,GTTCCGAGTTCCCATGTCAT,0,1294732
furpa,0.125,7,7,GTTCCACCGTTCTACGATCG,0,1283958
furpa,0.125,7,7,GTTCAATATATTACTGCCAT,0,1286579
furpa,0.125,7,7,GTTATGTGGTGGACACCAGT,0,1349584
furpa,0.125,7,7,GTTAGCTACCACGTTGGCAT,0,1283710
furpa,0.125,7,7,GTTACGTATGGTCGCCGTTT,0,1297026
furpa,0.125,7,7,GTGGGGACTGAAGTTAAATT,0,1347991
furpa,0.125,7,7,GTGGGCCTTAGAAGCGCCCT,0,1334679
furpa,0.125,7,7,GTGGCTGTAGGATGAGCTAT,0,1339683
furpa,0.125,7,7,GTGGCACTGTGTTACTACTC,0,1350228
furpa,0.125,7,7,GTGGAAACTCGAGAACGAAG,0,1315869
furpa,0.125,7,7,GTGCTAGCGAGATTATTGAT,0,1314902
furpa,0.125,7,7,GTGCGTGGACTCGTGACCGG,0,1320643
furpa,0.125,7,7,GTGCCGTCTTTCGTGGGCTC,0,1289225
furpa,0.125,7,7,GTGCCCGTCCACTTATTCAT,0,1335361
furpa,0.125,7,7,GTGACTCGGTCTCGCCTGTG,0,1349928
furpa,0.125,7,7,GTGAAGGAGTTTGCTACAAT,0,1286511
furpa,0.125,7,7,GTCTCACGTAAGATTTAATC,0,1329428
furpa,0.125,7,7,GTCTATTGAGCCACACCTCA,0,1326338
furpa,0.125,7,7,GTCTAGCGGAGCATGGGTTT,0,1293113
furpa,0.125,7,7,GTCTAGCAGAAGTGGTGATC,0,1334913
furpa,0.125,7,7,GTCTAAGGGATTTTTCCCCT,0,1325714
furpa,0.125,7,7,GTCGTCCCGGCCGACTGAAA,0,1333043
furpa,0.125,7,7,GTCGGTGCCCTTACGCGAAA,0,1294662
furpa,0.125,7,7,GTCGGTATTCGCAGCTGTGC,0,1356644
furpa,0.125,7,7,GTCGGAGGGGTCAGAAAGTC,0,1298626
furpa,0.125,7,7,GTCGCTTCGCTCTGGTGATT,0,1286820
furpa,0.125,7,7,GTCGCCTATTTTCAGGCTGG,0,1296418
furpa,0.125,7,7,GTCGCCAGAAGTGCACTAGA,0,1349585
furpa,0.125,7,7,GTCGAAGGCGCGACATCAGT,0,1329850
furpa,0.125,7,7,GTCCGTGTGTCGAGGCATTT,0,1329398
furpa,0.125,7,7,GTCCGGTCTTAGCGAACAGG,0,1294556
furpa,0.125,7,7,GTCCAGACCTTGTCAGCAGA,0,1348734
furpa,0.125,7,7,GTCATTCAGTTCCGCTCCAG,0,1299967
furpa,0.125,7,7,GTCATCCGATTGCCCTATAT,0,1292176
furpa,0.125,7,7,GTCACGGCCTGGCGCGTCAT,0,1303021
furpa,0.125,7,7,GTCAATATTTCCACAGGGCT,0,1346907
furpa,0.125,7,7,GTATTTGCGTCAATGATTGG,0,1311802
furpa,0.125,7,7,GTATTGTCCTCTCCCCATGA,0,1318032
furpa,0.125,7,7,GTATGCGGATTTGGCCTTGC,0,1288356
furpa,0.125,7,7,GTATGCCACGCCACCAGGCT,0,1325144
furpa,0.125,7,7,GTATGAATTAAAATCCTATT,0,1350677
furpa,0.125,7,7,GTATATTCGACTTTCTGACT,0,1287579
furpa,0.125,7,7,GTACTACGACCTTAGGGAAC,0,1337098
furpa,0.125,7,7,GTACGCTAGATCACAGACCT,0,1288928
furpa,0.125,7,7,GTACGACTTCTTGCGTTGAT,0,1287515
furpa,0.125,7,7,GTACCCCAAGTGATGACGCT,0,1305155
furpa,0.125,7,7,GTAATTGCCTAAAGATAAAA,0,1334997
furpa,0.125,7,7,GTAATAGTGCTAACGTGCGG,0,1344445
furpa,0.125,7,7,GTAATACGTAATACGTCCGT,0,1321099
furpa,0.125,7,7,GTAAAGTGACCTGATGCTTC,0,1273221
furpa,0.125,7,7,GGTTGTGTTGTCCCGAGGTC,0,1281814
furpa,0.125,7,7,GGTTCCTGTCTGAGGGCTTT,0,1334742
furpa,0.125,7,7,GGTTCAGCTTGTGCGTTGGA,0,1310290
furpa,0.125,7,7,GGTGCGGCGATTCCGATCAA,0,1307601
furpa,0.125,7,7,GGTGCCTCCCCTGATTTTTG,0,1305256
furpa,0.125,7,7,GGTGCAGAATTGGCGAGTGC,0,1328368
furpa,0.125,7,7,GGTCTGCGGTCTGCAGGCTA,0,1340295
furpa,0.125,7,7,GGTCCCTTAGGCAATCCAAC,0,1332525
furpa,0.125,7,7,GGTCCCCTGCGGATTTCAAG,0,1347759
furpa,0.125,7,7,GGTATAGAAGGAGTGCACAT,0,1352121
furpa,0.125,7,7,GGTAAGTTGTTTTTCCGGAG,0,1281800
furpa,0.125,7,7,GGTAAGCGTTCACTTTCCAC,0,1298143
furpa,0.125,7,7,GGTAACCTTCAAGGCGGTGA,0,1338832
furpa,0.125,7,7,GGGTTCATTCGCTTCGTTCA,0,1291501
furpa,0.125,7,7,GGGTGTTTTACGGTTACGAT,0,1280823
furpa,0.125,7,7,GGGTGGTCCTCAGTAAAGAA,0,1313426
furpa,0.125,7,7,GGGTCTCCCTTTGTGCATCA,0,1317703
furpa,0.125,7,7,GGGTCAGTGGCCCGCTTCTT,0,1304662
furpa,0.125,7,7,GGGTATTGCATGTTCCGGTA,0,1278767
furpa,0.125,7,7,GGGGGCTTTTCAAGCTAGTG,0,1307659
furpa,0.125,7,7,GGGGCACCACCAAATATAGA,0,1289503
furpa,0.125,7,7,GGGGATCCGCCTAGACCGCT,0,1352971
furpa,0.125,7,7,GGGGATATACCAGTTAAATT,0,1296839
furpa,0.125,7,7,GGGCTTCTAGTAGGCGACTT,0,1271194
furpa,0.125,7,7,GGGCACGCAGCACTTATGAA,0,1271343
furpa,0.125,7,7,GGGATTATAGGAGTTCGCAA,0,1301845
furpa,0.125,7,7,GGGATCGCATGGTTGAAAGC,0,1325141
furpa,0.125,7,7,GGGAGTTTCTAAAGTGTCAA,0,1277086
furpa,0.125,7,7,GGGAGGGTTTGAATCCACCA,0,1339589
furpa,0.125,7,7,GGGAGAGCGCTTCGAGGATC,0,1298103
furpa,0.125,7,7,GGGACTTCGGTGTTTTATTT,0,1271177
furpa,0.125,7,7,GGGACGTGAAGTGTCTAATC,0,1282769
furpa,0.125,7,7,GGGACCCCTTTGCGCTCATG,0,1311835
furpa,0.125,7,7,GGGAATGTTTCGCCGAAGTC,0,1309629
furpa,0.125,7,7,GGGAAGGTGAACCACTATTA,0,1298908
furpa,0.125,7,7,GGGAAAGTCTAATCGATACT,0,1331557
furpa,0.125,7,7,GGCTGAGAGCACCTCATTGC,0,1354647
furpa,0.125,7,7,GGCGGGGAAAGCTTCAAGTA,0,1278759
furpa,0.125,7,7,GGCCTCTACAGGATACTAGC,0,1288270
furpa,0.125,7,7,GGCCTCACGTAAAGGTAATG,0,1332181
furpa,0.125,7,7,GGCCGTGGTCGCTTTAGGAT,0,1312714
furpa,0.125,7,7,GGCCAAAAAAAGACAATAAT,0,1310026
furpa,0.125,7,7,GGCATCGCATCCCCTCGGAA,0,1272607
furpa,0.125,7,7,GGCATCCACGCCCGTTGTCC,0,1315029
furpa,0.125,7,7,GGCATATTGCACTGCAGCTT,0,1286963
furpa,0.125,7,7,GGCACTTAGTCTTATCAAGG,0,1345908
furpa,0.125,7,7,GGCAAGTACCCTAGTTCTGA,0,1339103
furpa,0.125,7,7,GGCAAGGTTGACGAGTGCGC,0,1286363
furpa,0.125,7,7,GGCAAAGCGAAAACGTGTAG,0,1295617
furpa,0.125,7,7,GGATGTACACGAAGACATGT,0,1314818
furpa,0.125,7,7,GGATGAGGCATGCTAATTTC,0,1275446
furpa,0.125,7,7,GGATAAGCTCGATACAGGCA,0,1337934
furpa,0.125,7,7,GGATAACGGATAGTTCACCC,0,1342131
furpa,0.125,7,7,GGAGACCACATGATGGATGG,0,1293761
furpa,0.125,7,7,GGACTCTTAGCAGGAGCGTA,0,1354061
furpa,0.125,7,7,GGACGGAAATAGATGTGTCT,0,1354188
furpa,0.125,7,7,GGACCCAGACTCAGAATCTT,0,1311571
furpa,0.125,7,7,GGACCACGGTTCTCGACCAG,0,1301626
furpa,0.125,7,7,GGACAGCAGTCATTGAATTG,0,1347028
furpa,0.125,7,7,GGACAGAGCGGAGGCAGGGA,0,1346707
furpa,0.125,7,7,GGAATGCCAGTCAATCGGCA,0,1278629
furpa,0.125,7,7,GGAAGTGAACAAGGCTGGTG,0,1287784
furpa,0.125,7,7,GGAAATCACTCATCTTTGCC,0,1314996
furpa,0.125,7,7,GCTTGTGGTCAGTCTCCTAA,0,1340580
furpa,0.125,7,7,GCTTCTTGTTCGTTAAGATG,0,1352258
furpa,0.125,7,7,GCTGGCGTCGGAGAATACGC,0,1296004
furpa,0.125,7,7,GCTGGACCCCGAAATGTGCA,0,1334787
furpa,0.125,7,7,GCTGCAACCCCTCTGTGAGT,0,1304181
furpa,0.125,7,7,GCTCTGAACGAGGGGTTGAA,0,1315161
furpa,0.125,7,7,GCTCGTTCGTAGCGGTCTTG,0,1321411
furpa,0.125,7,7,GCTCCGGGCTGTCGGTAAGT,0,1332561
furpa,0.125,7,7,GCTCCATGGATAAATGCCAC,0,1297948
furpa,0.125,7,7,GCTCATGTTAGTCCCTGAGA,0,1286753
furpa,0.125,7,7,GCTATAACCGAGGCAATCAC,0,1287602
furpa,0.125,7,7,GCTAGGGAACTGAATCGTGT,0,1322152
furpa,0.125,7,7,GCTAACGAGCGATACCTTAT,0,1356361
furpa,0.125,7,7,GCGTTTATTGATTTTTTAAT,0,1311088
furpa,0.125,7,7,GCGTTGACAAACCTAAATTT,0,1327038
furpa,0.125,7,7,GCGTGCGGGAAGGAGTGCCG,0,1295367
furpa,0.125,7,7,GCGTGCACAGTAATCGTGTG,0,1307932
furpa,0.125,7,7,GCGTCGTCCGTATATCCGTG,0,1288277
furpa,0.125,7,7,GCGTAAGAGGCCGAGGAGAT,0,1286702
furpa,0.125,7,7,GCGGTTTTGGTGTCCACCGT,0,1306212
furpa,0.125,7,7,GCGGGTCGTGCGGTACGGGT,0,1275444
furpa,0.125,7,7,GCGGGGGGAGTCGGACACGC,0,1348078
furpa,0.125,7,7,GCGGCCCTCTCCTGGGGTGA,0,1327111
furpa,0.125,7,7,GCGGATCCGCTCTACCCAGT,0,1303446
furpa,0.125,7,7,GCGCGTCGACTTAAGTTCAC,0,1319905
furpa,0.125,7,7,GCGCGATGGCTACTACGTTG,0,1333715
furpa,0.125,7,7,GCGCGACCGGATTTACCCGT,0,1313517
furpa,0.125,7,7,GCGCCTCGTTAACGCGGCCC,0,1336460
furpa,0.125,7,7,GCGCCGAGGTTATTGCCTCG,0,1290846
furpa,0.125,7,7,GCGCATAATAACAAGTGCGA,0,1346178
furpa,0.125,7,7,GCGATAGTTTTTTCCATTAA,0,1275648
furpa,0.125,7,7,GCGAATGACGTCCACCTCGA,0,1351766
furpa,0.125,7,7,GCCTTTCTTGGTGCCAAACA,0,1328159
furpa,0.125,7,7,GCCTTTACGATCCGCATAAT,0,1293397
furpa,0.125,7,7,GCCTTCCACCATAATAACGG,0,1281586
furpa,0.125,7,7,GCCGTTGCACTGATTCCCCT,0,1316468
furpa,0.125,7,7,GCCGTTATACTTTGTTCGTA,0,1275498
furpa,0.125,7,7,GCCGTGGGGATGCTAACCTG,0,1289777
furpa,0.125,7,7,GCCGGGAGGCAGTTCAAAGT,0,1313823
furpa,0.125,7,7,GCCGGCGCTACATCTAAAAT,0,1300338
furpa,0.125,7,7,GCCGGCAGTACCCACATCTG,0,1275247
furpa,0.125,7,7,GCCGGCAGACATGCACGCTC,0,1343109
furpa,0.125,7,7,GCCGGACTAGCGTATTTGCG,0,1291079
furpa,0.125,7,7,GCCCTTTAGACAAGACAGCA,0,1307750
furpa,0.125,7,7,GCCCCAGTGTAATCCGTAAT,0,1297478
furpa,0.125,7,7,GCCCAGGGCTCAGCTCCGCT,0,1345845
furpa,0.125,7,7,GCCCACGACTTGTCTGGGGT,0,1276287
furpa,0.125,7,7,GCCATGTTTGCATCAGGTTA,0,1355716
furpa,0.125,7,7,GCCAGGTAAGTACCGCTATA,0,1330672
furpa,0.125,7,7,GCCAACGTTTCTCCTAGCAA,0,1354646
furpa,0.125,7,7,GCCAAATAAGAGTTCTCCGC,0,1357622
furpa,0.125,7,7,GCATTCCTGTGTTCTGTCTG,0,1300265
furpa,0.125,7,7,GCATGGAAGCTTCTCGTGGG,0,1351404
furpa,0.125,7,7,GCATGATACTTCCATGGGGA,0,1315920
furpa,0.125,7,7,GCATCTGTCTCGGATCGTAC,0,1343192
furpa,0.125,7,7,GCATCCACGCTGGTCTGTCA,0,1348149
furpa,0.125,7,7,GCAGTTCCTATACCCCCTCA,0,1327268
furpa,0.125,7,7,GCAGATCAATCCTGATGTTT,0,1345687
furpa,0.125,7,7,GCAGACTTTTCCCAGCCCAT,0,1282694
furpa,0.125,7,7,GCACTATGGTGCCCTAGATA,0,1327988
furpa,0.125,7,7,GCACGCGGTCTAACATCCCT,0,1284062
furpa,0.125,7,7,GCAATAAGGACTAATCTCAT,0,1297178
furpa,0.125,7,7,GCAACTCCGTGGCAAGTGAA,0,1288831
furpa,0.125,7,7,GCAACCTAGCCGGTAGAGAG,0,1349223
furpa,0.125,7,7,GCAAATAACGTAATTTTTGA,0,1282193
furpa,0.125,7,7,GCAAAAACGAGAGAGGACGT,0,1290062
furpa,0.125,7,7,GATTTCCATAATTTTGTGTT,0,1339983
furpa,0.125,7,7,GATTTACTCAGTTACAGCAT,0,1290101
furpa,0.125,7,7,GATTGCTCGGGAATCAACCC,0,1300331
furpa,0.125,7,7,GATTGAGAATCACTCGTCCC,0,1310526
furpa,0.125,7,7,GATTCGGCAGCACGTACGCG,0,1331090
furpa,0.125,7,7,GATTAGTCTGCCGGGATAGT,0,1349932
furpa,0.125,7,7,GATTAAGTTACACCCTGCAG,0,1289216
furpa,0.125,7,7,GATGCAGGTATTTATAGAAG,0,1332778
furpa,0.125,7,7,GATCTTAAAACATGAGCATT,0,1304977
furpa,0.125,7,7,GATCCTGAGCGTTCACTGCT,0,1341588
furpa,0.125,7,7,GATCAGGGCTGATGTCCTCG,0,1275982
furpa,0.125,7,7,GATCACTATTCGCCGTCTGG,0,1297117
furpa,0.125,7,7,GATCAAGGTGCCCCGAAAAA,0,1338755
furpa,0.125,7,7,GATATTTGACCTTAGACATA,0,1284248
furpa,0.125,7,7,GATATAAAGGTGAATATTCA,0,1341254
furpa,0.125,7,7,GATAGTCCACCAGCGGATCT,0,1331070
furpa,0.125,7,7,GAGTTTACGCCCCGACCCCA,0,1332454
furpa,0.125,7,7,GAGTCCATTAGAAAATGTAT,0,1315038
furpa,0.125,7,7,GAGGTGTCGCATGGCGACGG,0,1304250
furpa,0.125,7,7,GAGGGGTATTCCTGGGTAAG,0,1318409
furpa,0.125,7,7,GAGGGCAGCGACTCCCTCCA,0,1274340
furpa,0.125,7,7,GAGCAGTACGGATGACACCT,0,1339470
furpa,0.125,7,7,GAGCACGGTCTGGTGATTCA,0,1320502
furpa,0.125,7,7,GAGATAGATCCGCGGGAGAG,0,1299613
furpa,0.125,7,7,GAGAGGATCTCCAAACAGGA,0,1314233
furpa,0.125,7,7,GAGAAGTGTCGAGATTGTCG,0,1281616
furpa,0.125,7,7,GACTGGGAATTTTCTGAGCT,0,1306211
furpa,0.125,7,7,GACTGCCCGCCACGTTTATT,0,1294448
furpa,0.125,7,7,GACTCTCGGCGGCCGAACTT,0,1309129
furpa,0.125,7,7,GACTATGCGGGATGACAGGG,0,1340444
furpa,0.125,7,7,GACTATCTACGTGTTTTTCT,0,1287530
furpa,0.125,7,7,GACGGACTGGAGGGAGCTGA,0,1285833
furpa,0.125,7,7,GACGGACCCTGCCCTGACGG,0,1346561
furpa,0.125,7,7,GACGATGCCAATTTGGATGT,0,1298749
furpa,0.125,7,7,GACCGGCAGGCACAGGGAGC,0,1271859
furpa,0.125,7,7,GACCAGATTCCTAAGCAGCG,0,1333549
furpa,0.125,7,7,GACATGGAATCTAGTGGTGA,0,1314598
furpa,0.125,7,7,GACAGATTATATTCCTTATG,0,1316110
furpa,0.125,7,7,GACACGGTATGGACAAAGAT,0,1331972
furpa,0.125,7,7,GAATGTTCGGGTCTGAAGAG,0,1309396
furpa,0.125,7,7,GAATCGAGGGCTTTTGTTCC,0,1338779
furpa,0.125,7,7,GAATATCGCTTTTTCATATG,0,1343572
furpa,0.125,7,7,GAAGGTAACTTTTTCAGGTT,0,1294224
furpa,0.125,7,7,GAAGAGCTTACGATTAGAGA,0,1338439
furpa,0.125,7,7,GAACTAAAAGCCAGTTAGAA,0,1289909
furpa,0.125,7,7,GAACGCACGTTTGAAGTGGT,0,1304838
furpa,0.125,7,7,GAACGATGAGACTTCGAATA,0,1276705
furpa,0.125,7,7,GAAACCGGCTTGATAATATT,0,1274045
furpa,0.125,7,7,CTTTCTGTGCGATAAGGGGG,0,1315396
furpa,0.125,7,7,CTTTCTGCGGTTGATAACTA,0,1348356
furpa,0.125,7,7,CTTGTCTTTTACTGGATGAT,0,1291459
furpa,0.125,7,7,CTTGGTGTCAGGCAAATGGA,0,1314574
furpa,0.125,7,7,CTTGCTGTCGAAACTACTCC,0,1280458
furpa,0.125,7,7,CTTGCTCTATGGGGAGTCGC,0,1327214
furpa,0.125,7,7,CTTGCAGGAAGGCCATGCAA,0,1347250
furpa,0.125,7,7,CTTCAAACAGTCAACGTACT,0,1326421
furpa,0.125,7,7,CTTATTTGCATATGTGTTGA,0,1347081
furpa,0.125,7,7,CTTACCGTCTAGAAAGCGTA,0,1287752
furpa,0.125,7,7,CTTAATGACAGCCGTTCTTT,0,1351579
furpa,0.125,7,7,CTGTTTCCGCCAAGATATGT,0,1320023
furpa,0.125,7,7,CTGTTGTACGTGGTGCTGTA,0,1298535
furpa,0.125,7,7,CTGTTGCCAAGTCGAGTTCA,0,1285901
furpa,0.125,7,7,CTGTTCCTAGGCGAGAAGCC,0,1300071
furpa,0.125,7,7,CTGTCTCCCCGGGTCCAACA,0,1272334
furpa,0.125,7,7,CTGTCGGCGCCGTTAAGAGG,0,1349460
furpa,0.125,7,7,CTGTCGCCCTGGTCATTCAG,0,1290150
furpa,0.125,7,7,CTGTCAGGTCGGTTTGGCTT,0,1333739
furpa,0.125,7,7,CTGGCGAGTCTAAAATTGAA,0,1350992
furpa,0.125,7,7,CTGGAGCGATACGTATCGCA,0,1274327
furpa,0.125,7,7,CTGGACCTACCGCCGGGTGT,0,1277358
furpa,0.125,7,7,CTGCGTGTCCTGTCTACGCA,0,1331273
furpa,0.125,7,7,CTGCGGATGAGTTTCAGGGA,0,1281791
furpa,0.125,7,7,CTGCACTGCTCAGGATGCGT,0,1287398
furpa,0.125,7,7,CTCTGGGAAGTGGCAGTTCA,0,1333807
furpa,0.125,7,7,CTCTCGTCACTCAGGTGCAT,0,1294095
furpa,0.125,7,7,CTCTACCAAACTCTCCGTTA,0,1282215
furpa,0.125,7,7,CTCCGTAGCAATCTGATTCG,0,1288200
furpa,0.125,7,7,CTCCCTAGCTGTGCGTCGCC,0,1343105
furpa,0.125,7,7,CTCATATCATGCCCACAAGA,0,1318633
furpa,0.125,7,7,CTCAGTATTACTGGCAGAGA,0,1334337
furpa,0.125,7,7,CTCAGAGTCTTCAAAGACTG,0,1283527
furpa,0.125,7,7,CTCACGTCCTGATCGGCAAC,0,1299104
furpa,0.125,7,7,CTCACGACTCCAGGGATCTG,0,1297232
furpa,0.125,7,7,CTCAACGAGGCGCAAGGTCT,0,1282818
furpa,0.125,7,7,CTATTTCATCGGCGTCCCGC,0,1326488
furpa,0.125,7,7,CTATGGTCAGCGCTCCTGGA,0,1288673
furpa,0.125,7,7,CTATCTGAAATGAGTCCAGG,0,1280144
furpa,0.125,7,7,CTATCGGGAGTCCTTACAGA,0,1303119
furpa,0.125,7,7,CTATCCTCGCCACATGGGTA,0,1299560
furpa,0.125,7,7,CTATAGTCCGTGCCCACCAA,0,1292210
furpa,0.125,7,7,CTATAAATTGGGACATTACA,0,1326902
furpa,0.125,7,7,CTAGGTATGCCACTTTCCTA,0,1322560
furpa,0.125,7,7,CTAGGTAGGTATGCAACAGA,0,1273680
furpa,0.125,7,7,CTAGATCGACGGGGGGGCGC,0,1283062
furpa,0.125,7,7,CTAGAGCGGGCGGACTGTAT,0,1336778
furpa,0.125,7,7,CTACGTGACCTACCAGGTTG,0,1277253
furpa,0.125,7,7,CTACAGAGGGTGCCGCGGGT,0,1273074
furpa,0.125,7,7,CTAAGGCCTAACCGGTTCCA,0,1281510
furpa,0.125,7,7,CGTTGCTGCGTGCGCAAGTT,0,1321339
furpa,0.125,7,7,CGTTGCGTGTACCTAAGCTC,0,1298961
furpa,0.125,7,7,CGTTCGTAGGGGTCGTCGGT,0,1347589
furpa,0.125,7,7,CGTTATAACCATGCGTACTG,0,1283924
furpa,0.125,7,7,CGTGTTGGTGTCATACCTGA,0,1302062
furpa,0.125,7,7,CGTGCCTCCTCTATTATCCG,0,1295004
furpa,0.125,7,7,CGTGCCCAATCCCTGTGGAT,0,1338851
furpa,0.125,7,7,CGTCTAGCGAGTAGTTGCAT,0,1287948
furpa,0.125,7,7,CGTCGTCGCGATCACGGCCG,0,1289610
furpa,0.125,7,7,CGTCCTTGTGATGGTGCCTA,0,1275156
furpa,0.125,7,7,CGTCCAATTGTATGCAAGAC,0,1273917
furpa,0.125,7,7,CGTCATTTTCGGCCACGGGA,0,1303383
furpa,0.125,7,7,CGTCACTTTCGGCTATCACA,0,1342198
furpa,0.125,7,7,CGTATTTCGACAGTTAAGTG,0,1325779
furpa,0.125,7,7,CGTATTATTGCCCCGAGACA,0,1354506
furpa,0.125,7,7,CGTAGGCATGTAGACTACAT,0,1306910
furpa,0.125,7,7,CGTAGGAGGGGCATAGTGGA,0,1281876
furpa,0.125,7,7,CGTAGAAGTGTACAGTTTTC,0,1330269
furpa,0.125,7,7,CGGTTTCATCTGCTTACGCA,0,1326670
furpa,0.125,7,7,CGGTTGGTTAGTCCGTGGGT,0,1318954
furpa,0.125,7,7,CGGTTAACGTCGGCGTCGTC,0,1284819
furpa,0.125,7,7,CGGTGAAACCTGGGACAGCT,0,1306344
furpa,0.125,7,7,CGGGCGGTACTCGGCATGGG,0,1309469
furpa,0.125,7,7,CGGGATCCGTTGGGGCCAAT,0,1312560
furpa,0.125,7,7,CGGCAGCGAAAAAATGAGCT,0,1340523
furpa,0.125,7,7,CGGCACCGGACCATACTCGA,0,1278795
furpa,0.125,7,7,CGGATTGCGAGGCTTTATGC,0,1327490
furpa,0.125,7,7,CGGATGTAAAGGGTGTCCGG,0,1326818
furpa,0.125,7,7,CGGAGGTTATGGGTGTGCGA,0,1336910
furpa,0.125,7,7,CGGAGGTCTGCGTCATCAGG,0,1339894
furpa,0.125,7,7,CGCTGTTCTGATGTACCTCA,0,1280525
furpa,0.125,7,7,CGCTGTGCTCCTGGCATGCG,0,1313479
furpa,0.125,7,7,CGCTGAATAGTGCTTGCCTG,0,1306137
furpa,0.125,7,7,CGCTCAAGAATTTTCTTGTC,0,1307524
furpa,0.125,7,7,CGCTAGAGGTAGACGTGTGG,0,1298893
furpa,0.125,7,7,CGCTACATGGGAGCTGCAAA,0,1310456
furpa,0.125,7,7,CGCGTGACCATTCCAAGGCT,0,1306877
furpa,0.125,7,7,CGCGTACGCTCTACCGAGGT,0,1306023
furpa,0.125,7,7,CGCGGGTAGGCCTTCACCAC,0,1325847
furpa,0.125,7,7,CGCGGCGAACTGCCCCAATC,0,1295198
furpa,0.125,7,7,CGCCTTACGAGGAAGCTCTA,0,1292186
furpa,0.125,7,7,CGCCTGTATGAGACATATAT,0,1345146
furpa,0.125,7,7,CGCCCTTCACTACCATACTA,0,1342499
furpa,0.125,7,7,CGCCCCGGCCGCCGAGCATA,0,1311642
furpa,0.125,7,7,CGCCACTGCAGGTCAGGGCA,0,1324187
furpa,0.125,7,7,CGCATTGTCCAGAGGGTTGA,0,1354244
furpa,0.125,7,7,CGCAGACGGAAGAGGCCGGG,0,1339043
furpa,0.125,7,7,CGATTACTTAGAGGGAGGAT,0,1348794
furpa,0.125,7,7,CGAGTGGATCAAGTATGCCG,0,1295990
furpa,0.125,7,7,CGAGTCCGCAGTGGCAAACT,0,1318740
furpa,0.125,7,7,CGAGAGAAAGCAATCCCGGC,0,1311197
furpa,0.125,7,7,CGACTCGCCACCGATCCACC,0,1300273
furpa,0.125,7,7,CGACCTCATGTGAGTTTCTG,0,1314056
furpa,0.125,7,7,CGACCTAGTCCCCAGGGGTT,0,1301706
furpa,0.125,7,7,CGACCACCCCCGCGTTGCAG,0,1296828
furpa,0.125,7,7,CGACACTGCTTGATAAGTAG,0,1308232
furpa,0.125,7,7,CGAATGTGCTGCAATGCAAT,0,1287446
furpa,0.125,7,7,CGAATGCCGTGCACATTGCA,0,1336067
furpa,0.125,7,7,CGAAGGGGCGAACAATTCGA,0,1352548
furpa,0.125,7,7,CGAAACACGCAACACTTGGC,0,1326903
furpa,0.125,7,7,CCTTTCTTCTATGAGGTCGG,0,1314005
furpa,0.125,7,7,CCTGTCTCTCGTGGCGAAGA,0,1300458
furpa,0.125,7,7,CCTCTCGGGCACGAGTGTCA,0,1296256
furpa,0.125,7,7,CCTCGTCACAGTGTGCTTGT,0,1290891
furpa,0.125,7,7,CCTCCGAATCCGCCGCATGC,0,1278268
furpa,0.125,7,7,CCTAGACGAGGTTATCATCT,0,1297638
furpa,0.125,7,7,CCTAGAATGCGCCGAGACGT,0,1353437
furpa,0.125,7,7,CCTACAGTTCTTGCAAGCAG,0,1300853
furpa,0.125,7,7,CCGTTTTGGGATAAAATACG,0,1299122
furpa,0.125,7,7,CCGTTCATTCAAGTGGGCAT,0,1307769
furpa,0.125,7,7,CCGTTATTGTGTTACCTTTG,0,1288605
furpa,0.125,7,7,CCGTTACAGATATTTACTTT,0,1301935
furpa,0.125,7,7,CCGTGAGTGACGAAAATCGC,0,1309831
furpa,0.125,7,7,CCGTATATTTAGGACAGAGG,0,1283590
furpa,0.125,7,7,CCGTAAGCTGGTCTCTAAGT,0,1284539
furpa,0.125,7,7,CCGGTTATGGCGCTATCCAG,0,1347005
furpa,0.125,7,7,CCGGGACGAGGATCCCACCT,0,1337413
furpa,0.125,7,7,CCGGCGAGTAGCGGCCCCTA,0,1340803
furpa,0.125,7,7,CCGGCCATGCGGCGAGAGGG,0,1340766
furpa,0.125,7,7,CCGCTTGGCCACATCTGGCC,0,1280382
furpa,0.125,7,7,CCGCTTGCCATTGGGCCTTA,0,1286650
furpa,0.125,7,7,CCGCTGCTATCAGGATAACC,0,1309410
furpa,0.125,7,7,CCGCGCGTAAGGCCCATGAA,0,1274364
furpa,0.125,7,7,CCGCCCATTTACGCGGGCAT,0,1282964
furpa,0.125,7,7,CCGCCATCAACACTTCTCAA,0,1323813
furpa,0.125,7,7,CCGCATAGCTACGGAGTTAT,0,1283775
furpa,0.125,7,7,CCGAGGTCAAGCTTTCTGCG,0,1346644
furpa,0.125,7,7,CCGAATGACGTGAAGGCTCA,0,1306563
furpa,0.125,7,7,CCCTTGAGTGAGTGGTTTCC,0,1334377
furpa,0.125,7,7,CCCTTGAACCATGTGGGGAA,0,1298334
furpa,0.125,7,7,CCCTGTTGTTCCCTGGCTTG,0,1331595
furpa,0.125,7,7,CCCTCGGCGTTGCCCCGTGC,0,1318351
furpa,0.125,7,7,CCCGTGAAGGGCTGTCGTTA,0,1280631
furpa,0.125,7,7,CCCGTCAAGAGGTCTGAGAT,0,1297032
furpa,0.125,7,7,CCCGGCGGGCAACGTGCACT,0,1338344
furpa,0.125,7,7,CCCGGATTGTGATGCAGAGT,0,1275028
furpa,0.125,7,7,CCCGACATTCGGGCTCCATC,0,1344731
furpa,0.125,7,7,CCCCTTAATACATACCCCCA,0,1309420
furpa,0.125,7,7,CCCCTGATCATGGACAGATG,0,1318821
furpa,0.125,7,7,CCCCTAATGGCCACGAGAAA,0,1274301
furpa,0.125,7,7,CCCAGTTCCCATTGAAGGTC,0,1303203
furpa,0.125,7,7,CCATACTTAGAACCGAATGT,0,1309195
furpa,0.125,7,7,CCAGGTGACTCCTAGCTTTC,0,1351597
furpa,0.125,7,7,CCAGGTAAATGCAAATATGT,0,1324760
furpa,0.125,7,7,CCAGGGGACCAACGAGCGAA,0,1340841
furpa,0.125,7,7,CCAGCTTTTACCGTCAATAA,0,1295944
furpa,0.125,7,7,CCAGCGCTAGCCAAGTAACC,0,1338376
furpa,0.125,7,7,CCAGCGATTGGGGCGACGGT,0,1317815
furpa,0.125,7,7,CCAGAAGCGCAGTCGGAGGG,0,1310600
furpa,0.125,7,7,CCACGTACGGCTGTTCGCTA,0,1300917
furpa,0.125,7,7,CCAATCACGGGACAGCCTCC,0,1351813
furpa,0.125,7,7,CATTTTTCTGTGGAGCGGCC,0,1321726
furpa,0.125,7,7,CATTTTGTTTTCTAGTGGAT,0,1277927
furpa,0.125,7,7,CATTTCCGATTCGTGCGTAG,0,1303497
furpa,0.125,7,7,CATTTATGCGGGGATGGCCC,0,1289596
furpa,0.125,7,7,CATTTAGAGTACGGTGACGC,0,1325392
furpa,0.125,7,7,CATTGTGTGTCAACCTGAGT,0,1307585
furpa,0.125,7,7,CATTGTAGGCTCAACCTCGA,0,1321164
furpa,0.125,7,7,CATTGGAATCTGGAAGGAGC,0,1276373
furpa,0.125,7,7,CATTGATTATGCTCAAGGTC,0,1325418
furpa,0.125,7,7,CATTCCTGATACAAGGAAAT,0,1334914
furpa,0.125,7,7,CATTCCGGCACCGCCCAGGG,0,1308648
furpa,0.125,7,7,CATTCCACGTTTGAGAGTTT,0,1290480
furpa,0.125,7,7,CATTAAATTAAGTTTGCCCT,0,1306328
furpa,0.125,7,7,CATGTGAGTACCACATGGGT,0,1316646
furpa,0.125,7,7,CATGTCTACAACGGAAAATG,0,1318253
furpa,0.125,7,7,CATGCCTGGGGAGCAGATAT,0,1347456
furpa,0.125,7,7,CATGCATGAACAGCGGAGAT,0,1312306
furpa,0.125,7,7,CATCGAAGACCATTATGGAG,0,1343043
furpa,0.125,7,7,CATCATATACGTACGATAAG,0,1355508
furpa,0.125,7,7,CATAGCGACCAAGTGCCGTG,0,1330708
furpa,0.125,7,7,CATAGAGACAATGGCACAAA,0,1338183
furpa,0.125,7,7,CATAACATCTAATTCTCGGG,0,1355283
furpa,0.125,7,7,CAGTTTATACGCGACATAAA,0,1295645
furpa,0.125,7,7,CAGTTAGGCGGCATAATTGC,0,1273267
furpa,0.125,7,7,CAGTGGCCCCCGAGCACTCG,0,1352782
furpa,0.125,7,7,CAGTGCAGAAGCGCGTTGAT,0,1343885
furpa,0.125,7,7,CAGTCTGTGCTGTTCCGCCA,0,1298570
furpa,0.125,7,7,CAGTCCGTCACAACTGTAAG,0,1286821
furpa,0.125,7,7,CAGTAAACCCGTGGTGACTC,0,1307039
furpa,0.125,7,7,CAGGTTGCCCCGTCGTTGTG,0,1336566
furpa,0.125,7,7,CAGGTTATATCCTCTACCGT,0,1277943
furpa,0.125,7,7,CAGGGCTTTTAATCCTTGAG,0,1346130
furpa,0.125,7,7,CAGGCCCTGTACCTGCATCC,0,1278010
furpa,0.125,7,7,CAGGCAGAGAGCTACGGTTA,0,1278597
furpa,0.125,7,7,CAGGAGGGAATGGTCTCGGT,0,1333684
furpa,0.125,7,7,CAGGACCGGGTGATGTTAAT,0,1301498
furpa,0.125,7,7,CAGGAATATTCGCTAGTAGT,0,1327675
furpa,0.125,7,7,CAGGAAAAGCTGCGCCACAG,0,1301499
furpa,0.125,7,7,CAGCCTCACTAAACAGGCGC,0,1345307
furpa,0.125,7,7,CAGCCCGCGACGAGGTTTAA,0,1292667
furpa,0.125,7,7,CAGCCAGTTCATCGGCAGAG,0,1317563
furpa,0.125,7,7,CAGAGTAAAGGGCTCCAGTG,0,1348309
furpa,0.125,7,7,CAGAGGCTGGTCCAGTCAGC,0,1342723
furpa,0.125,7,7,CAGACGACTCGTGTACTCAT,0,1352502
furpa,0.125,7,7,CAGACCTCGGGAGCGAGTCA,0,1301785
furpa,0.125,7,7,CAGACCAACGAATTTAGGGC,0,1309995
furpa,0.125,7,7,CACTGTATAGAGTGGAATGA,0,1283379
furpa,0.125,7,7,CACTCGTGCAACCTCTAAAA,0,1333151
furpa,0.125,7,7,CACTCGAGCGAGCTCCATTC,0,1284596
furpa,0.125,7,7,CACTCAAAAGCACTAGCAGC,0,1313070
furpa,0.125,7,7,CACTAGGTTGACGAGGTGTG,0,1301205
furpa,0.125,7,7,CACTAAGGCCTCCTTGCATC,0,1288961
furpa,0.125,7,7,CACGTTTCTCTCCCTTTCCG,0,1299695
furpa,0.125,7,7,CACGGCGGTACGTAATAACA,0,1326808
furpa,0.125,7,7,CACGGCAGTAGTTGAGCGTC,0,1293946
furpa,0.125,7,7,CACGGATCTAAGCGACGCGT,0,1322644
furpa,0.125,7,7,CACGCCACCACTGCGGTTTC,0,1348906
furpa,0.125,7,7,CACGATGCGTCCACATTGTC,0,1335899
furpa,0.125,7,7,CACCGTGATACCACTTAGAA,0,1317805
furpa,0.125,7,7,CACCGTGAAGATGGGTGTGA,0,1275509
furpa,0.125,7,7,CACCGCTTATGAAACATGAT,0,1350867
furpa,0.125,7,7,CACCATGAGCACAACTTTCG,0,1305687
furpa,0.125,7,7,CACCAGTCCCTGTGACTGGG,0,1289322
furpa,0.125,7,7,CACCACTTTCATCTCTCGCT,0,1332937
furpa,0.125,7,7,CACAGGCACAGGTGCTGTAC,0,1340383
furpa,0.125,7,7,CAATTCAAACTTGACAGAAG,0,1298672
furpa,0.125,7,7,CAATGCTAGATGGGACTTCA,0,1324363
furpa,0.125,7,7,CAATGACGAGGGTTTACAAC,0,1327527
furpa,0.125,7,7,CAATCCGGCCTTCTTCAATT,0,1353849
furpa,0.125,7,7,CAATAGTTTACCCGCGTCGG,0,1286092
furpa,0.125,7,7,CAATAACGTCTCTTCCAGTT,0,1309883
furpa,0.125,7,7,CAAGTAGCGGTCATACTGGG,0,1286036
furpa,0.125,7,7,CAAGTAGAAGTGATACTAGA,0,1309108
furpa,0.125,7,7,CAAGTACAGCTCTACTCTTG,0,1357065
furpa,0.125,7,7,CAAGCTACGGTTTCCTGGCT,0,1304215
furpa,0.125,7,7,CAAGACCCTAAGTCATTCTT,0,1303451
furpa,0.125,7,7,CAACTCTATTTATGTGCCAG,0,1315782
furpa,0.125,7,7,CAACGTTTAGACACGGATCC,0,1305274
furpa,0.125,7,7,CAACAGAGGTAGCATTCGCA,0,1345122
furpa,0.125,7,7,CAAATACGCAATAGGCGGGG,0,1294599
furpa,0.125,7,7,CAAACTCCTAGTCCTGACAA,0,1276083
furpa,0.125,7,7,CAAAAACTAACAACGTCCAC,0,1300795
furpa,0.125,7,7,ATTTTCCCTCGGGGGTAGTA,0,1294281
furpa,0.125,7,7,ATTTGCTATCTTTATCTGGC,0,1322107
furpa,0.125,7,7,ATTTGAAAGTTGGCCCCTCT,0,1310337
furpa,0.125,7,7,ATTTATAATTTGGCGCCCCA,0,1298553
furpa,0.125,7,7,ATTTAGGGTTTAGAGTAAGG,0,1327169
furpa,0.125,7,7,ATTGGGAGAGGGCCGCTGTA,0,1337893
furpa,0.125,7,7,ATTCTGTCATGAGTGGCCAG,0,1296813
furpa,0.125,7,7,ATTCTATTCTCGCTGATATC,0,1310102
furpa,0.125,7,7,ATTCGTAAAATTGTTTTAGT,0,1345673
furpa,0.125,7,7,ATTCGGGTTACGAAATTGGG,0,1350513
furpa,0.125,7,7,ATTCCCACACTAGGGCACGT,0,1301952
furpa,0.125,7,7,ATTACCACTCGATAGGGCTC,0,1311273
furpa,0.125,7,7,ATTAAAACGGGCTTAATGGA,0,1322077
furpa,0.125,7,7,ATGTTCCCAATTTGTGATTT,0,1348671
furpa,0.125,7,7,ATGTTATCAGTGTAGTTACT,0,1335427
furpa,0.125,7,7,ATGTCCCCGCACGTTCCTGT,0,1335784
furpa,0.125,7,7,ATGTAGGGTAAAATGGCGAC,0,1296900
furpa,0.125,7,7,ATGGTTGAGGGAATCGAAAA,0,1280890
furpa,0.125,7,7,ATGGTCGCTGTTGACCGTGC,0,1317222
furpa,0.125,7,7,ATGGGACATTGCTTCTTACG,0,1325456
furpa,0.125,7,7,ATGGATCTATTCTAGGCCCG,0,1336826
furpa,0.125,7,7,ATGCGGCGGGGTGGTATTCA,0,1345199
furpa,0.125,7,7,ATGCGATCAGATAGGCGCCA,0,1337284
furpa,0.125,7,7,ATGCCACGGAATGCCACGGC,0,1292184
furpa,0.125,7,7,ATGCCAATTGACGAAGCGCT,0,1306536
furpa,0.125,7,7,ATGATAAAGCTTGGATTTGG,0,1284208
furpa,0.125,7,7,ATGAGGGTCTATGTCATGAT,0,1316968
furpa,0.125,7,7,ATGAGCTGATCTGTGCCTGT,0,1278175
furpa,0.125,7,7,ATGAATCGCAGGCTTCGCCC,0,1305040
furpa,0.125,7,7,ATCTGTACAGATCGAAGTGT,0,1282503
furpa,0.125,7,7,ATCTGGGGGCTTGCTCGCCT,0,1317244
furpa,0.125,7,7,ATCTGCGGAAAGGCGCGGTG,0,1317014
furpa,0.125,7,7,ATCTCGTGGGGTGACCGTCG,0,1295460
furpa,0.125,7,7,ATCTCGGTCCTATGCATAGA,0,1307760
furpa,0.125,7,7,ATCGTCTATTTTGTGGTTTG,0,1304202
furpa,0.125,7,7,ATCGTCAACACGCAGGGGGA,0,1290771
furpa,0.125,7,7,ATCGCCCGACGTCCAATGGA,0,1289715
furpa,0.125,7,7,ATCCTTTCGCTGCTATGGAA,0,1292858
furpa,0.125,7,7,ATCCTGGGCCGACTATCGTA,0,1307509
furpa,0.125,7,7,ATCCACGAAAGTACAGTAGG,0,1301416
furpa,0.125,7,7,ATCAGGTGGAAACAAGATTC,0,1306339
furpa,0.125,7,7,ATATTAGAAATTGCTAAATC,0,1271733
furpa,0.125,7,7,ATATTACTATGTGAATTCCC,0,1340548
furpa,0.125,7,7,ATATGGGAGTTTAGGCTTTA,0,1281219
furpa,0.125,7,7,ATATCACCGCATAGGAAGAG,0,1309200
furpa,0.125,7,7,ATAGTAGGCTGAGTGCATCC,0,1277093
furpa,0.125,7,7,ATAGGACTACGATAACCCAC,0,1278116
furpa,0.125,7,7,ATAGCTCGACGGGCCATGAC,0,1282742
furpa,0.125,7,7,ATAGACCTTATTGCTAAATG,0,1293269
furpa,0.125,7,7,ATACGGCCTGCCGAATTAAA,0,1296593
furpa,0.125,7,7,ATACGACTACGAATCCAAAA,0,1355344
furpa,0.125,7,7,ATACCTAGGATCTTAGAAGA,0,1323592
furpa,0.125,7,7,ATACAAAAGTGTTGGAGTTG,0,1329667
furpa,0.125,7,7,ATAATCCGACTCTGAATCCT,0,1276877
furpa,0.125,7,7,ATAAGTGGTGCACCGTTATT,0,1302865
furpa,0.125,7,7,AGTTGCGGCCTTCTCTGCAA,0,1328079
furpa,0.125,7,7,AGTTGATTACGAGAGCCATG,0,1310287
furpa,0.125,7,7,AGTTAGAGACCGGTTATGAC,0,1311159
furpa,0.125,7,7,AGTGTTTCCCTCTCATTCGC,0,1343145
furpa,0.125,7,7,AGTGCCCAAGTCAAGTCGGA,0,1290321
furpa,0.125,7,7,AGTGCCAGCGGCGGCCGCAG,0,1333404
furpa,0.125,7,7,AGTGATCCTAGCCTAGTTAA,0,1303857
furpa,0.125,7,7,AGTGATATTGTGGAGGCCAT,0,1308751
furpa,0.125,7,7,AGTGACCTAACCACCTCCCC,0,1318395
furpa,0.125,7,7,AGTCCATGATAATCGCCATC,0,1285987
furpa,0.125,7,7,AGTCATCTCGGCCAACGCAG,0,1271416
furpa,0.125,7,7,AGTATTACCCGACGAACCCT,0,1277258
furpa,0.125,7,7,AGTAGAGAATTGCGCAACCT,0,1348782
furpa,0.125,7,7,AGTACGGGCCTTTGGATTCA,0,1353924
furpa,0.125,7,7,AGTACGACACAGCGTGCCTG,0,1311363
furpa,0.125,7,7,AGTAACGGTGCCTCCTACCC,0,1299008
furpa,0.125,7,7,AGGTTTATGATCAAAGACAT,0,1343563
furpa,0.125,7,7,AGGTCTCAATCTCTTTCGTT,0,1303714
furpa,0.125,7,7,AGGTCGGCTTAGAATCTGGT,0,1321107
furpa,0.125,7,7,AGGGCTAACGACATCGGAGA,0,1288034
furpa,0.125,7,7,AGGGCGTAAGGGTGTCACGT,0,1304373
furpa,0.125,7,7,AGGGCCTAAAGGGCAACTCT,0,1321340
furpa,0.125,7,7,AGGGAGCGTTGCCTTAGAGA,0,1341084
furpa,0.125,7,7,AGGGAGCAAAACTGCGTGAA,0,1294844
furpa,0.125,7,7,AGGGACATTCCGTGGTTACT,0,1311080
furpa,0.125,7,7,AGGCCGGTTGCCGTGGCCTC,0,1321104
furpa,0.125,7,7,AGGATTACCCATGACTACGG,0,1334403
furpa,0.125,7,7,AGGATTAAGCCACACAGCCC,0,1283782
furpa,0.125,7,7,AGGATACCTTGGGCGCCGAT,0,1307869
furpa,0.125,7,7,AGGAGGAAGGGGGGCTCACA,0,1287078
furpa,0.125,7,7,AGGAGCGTCACAACCAATTG,0,1330114
furpa,0.125,7,7,AGGAATTGTTTTCGAGCGAT,0,1298669
furpa,0.125,7,7,AGGAAGGTATTTACGCAGTT,0,1344779
furpa,0.125,7,7,AGCTTGGACAATTGGGGATG,0,1333472
furpa,0.125,7,7,AGCTGACCGATCTCCACCGC,0,1300599
furpa,0.125,7,7,AGCTATAGGGTCATGCTACC,0,1279643
furpa,0.125,7,7,AGCGGATAAGGCACAACAGA,0,1283874
furpa,0.125,7,7,AGCCTGCAAGTTATCGATTC,0,1318916
furpa,0.125,7,7,AGCCTATAGCTTAAAACTGC,0,1342111
furpa,0.125,7,7,AGCCGCTAGTATGAATTTGC,0,1297030
furpa,0.125,7,7,AGCAGGCGCTTTAGTCTGTC,0,1289861
furpa,0.125,7,7,AGCAGGCCATCGCGAAAGAA,0,1278267
furpa,0.125,7,7,AGCACAAGTAAAACCTCGGG,0,1322811
furpa,0.125,7,7,AGCAAGCCTAAGCCTCTCGC,0,1283559
furpa,0.125,7,7,AGATGTACTCAAGTGAACAT,0,1357412
furpa,0.125,7,7,AGAGGGTGGGCCGCTAGCTC,0,1335241
furpa,0.125,7,7,AGAGGGAGGTTCCTCCACCT,0,1305351
furpa,0.125,7,7,AGAGGCTTCTGAGGAGCAAG,0,1356309
furpa,0.125,7,7,AGAGAGTTTGACTTCCAACC,0,1292466
furpa,0.125,7,7,AGACGGGGGGCAGTGCCTGA,0,1303401
furpa,0.125,7,7,AGACGCAATTAAAGACAGCA,0,1317945
furpa,0.125,7,7,AGACCCACTGATGTACAGGC,0,1296348
furpa,0.125,7,7,AGAATGTTGCCACATCCAGC,0,1346350
furpa,0.125,7,7,AGAATCGGGTCCAGATGCAG,0,1308069
furpa,0.125,7,7,AGAACACTACGACCCCCGCC,0,1305685
furpa,0.125,7,7,AGAAACACGAACTTTGGGAC,0,1274660
furpa,0.125,7,7,ACTTTACCCCTTAGCTGGAG,0,1341421
furpa,0.125,7,7,ACTTGTGTTTACGCGCTTGC,0,1306343
furpa,0.125,7,7,ACTTAGATTACACCCATATT,0,1284392
furpa,0.125,7,7,ACTGTAAATTAGGGGTACAA,0,1288100
furpa,0.125,7,7,ACTGATCTACGATCTGGCGG,0,1296354
furpa,0.125,7,7,ACTCTTTAGAATAAAACTGA,0,1337088
furpa,0.125,7,7,ACTCGGTAAGTGCCCCAAGT,0,1355352
furpa,0.125,7,7,ACTCGCCTAAACTTGCACCC,0,1309655
furpa,0.125,7,7,ACTCGAGCGTCTGATGCGGT,0,1297040
furpa,0.125,7,7,ACTCAGACGCGTGTGCCGAG,0,1337697
furpa,0.125,7,7,ACTATGCCGATTCCGTTATA,0,1287644
furpa,0.125,7,7,ACTAAGGTAGAGGCAACTGT,0,1291229
furpa,0.125,7,7,ACGTGAGCATCCGAGATTAA,0,1281781
furpa,0.125,7,7,ACGTAGGAAAATCTTGCAAG,0,1275352
furpa,0.125,7,7,ACGGCTATTAACAGTTCCGT,0,1354811
furpa,0.125,7,7,ACGGAACCGATGATAAATAA,0,1344285
furpa,0.125,7,7,ACGCGTAACTTTCCGTTGTA,0,1339136
furpa,0.125,7,7,ACGCGGCGAGAGGCGCTAGC,0,1324386
furpa,0.125,7,7,ACGCGCCAGATTAAACAGAG,0,1315724
furpa,0.125,7,7,ACGCGAGCACGTTCGTAGGG,0,1327081
furpa,0.125,7,7,ACGATCGTCATTGGAGACCC,0,1292207
furpa,0.125,7,7,ACGACCCTCTAAGGTATGTG,0,1348011
furpa,0.125,7,7,ACCTTTCATGACCTAGGGAA,0,1316812
furpa,0.125,7,7,ACCTGACCTCGGTCGGATGT,0,1282886
furpa,0.125,7,7,ACCGTCGAGGAGCGGTACAT,0,1309275
furpa,0.125,7,7,ACCGGTTAATTCTGAGGACA,0,1307663
furpa,0.125,7,7,ACCGCAGACCTTTCCACGCA,0,1323582
furpa,0.125,7,7,ACCGACGAGAATGCGCGAGA,0,1355702
furpa,0.125,7,7,ACCGACCAGCTTCGGCCCGT,0,1284673
furpa,0.125,7,7,ACCCTGGGACTAGTAGGTCA,0,1339534
furpa,0.125,7,7,ACCCTGAGGGTGACACTTCG,0,1292081
furpa,0.125,7,7,ACCCTCCACTATTTAGCTAT,0,1299650
furpa,0.125,7,7,ACCCTAGGATCAAGCGTTTT,0,1323085
furpa,0.125,7,7,ACCCGTGTGTGCCCATGGGT,0,1286815
furpa,0.125,7,7,ACCCGATGGTATTGTTCCCA,0,1308148
furpa,0.125,7,7,ACCCCACAATGTGTGCCCTA,0,1334979
furpa,0.125,7,7,ACCCATTAAAACCTCACCGG,0,1286353
furpa,0.125,7,7,ACCCAGTAGACCACTCGAAA,0,1326381
furpa,0.125,7,7,ACCCAGACGCGCGCGTTTAC,0,1335281
furpa,0.125,7,7,ACCCACAGGTGGGGACACGA,0,1286047
furpa,0.125,7,7,ACCATGGCCGCGGCATTATA,0,1300208
furpa,0.125,7,7,ACCATCATGCACTCATGGAC,0,1307987
furpa,0.125,7,7,ACCATCACGCGTTAATAATT,0,1324170
furpa,0.125,7,7,ACCAGGACAGTGTAACGAGT,0,1343171
furpa,0.125,7,7,ACCAGCTGTCTACGCCGGAT,0,1290513
furpa,0.125,7,7,ACCACTGCAGTCAGCTCGAC,0,1299125
furpa,0.125,7,7,ACCACATGCATGGCATTGAA,0,1311761
furpa,0.125,7,7,ACCACAAGACCCTGCATAAT,0,1354282
furpa,0.125,7,7,ACATGGGCGAAATCTTCTTC,0,1285829
furpa,0.125,7,7,ACATCGCTTCTAAACGGGAC,0,1336353
furpa,0.125,7,7,ACATCCGTTATCATTCCGTC,0,1273751
furpa,0.125,7,7,ACATACACTCGGCGACATCG,0,1309350
furpa,0.125,7,7,ACAGTTCGGAGCTTACGGGT,0,1334168
furpa,0.125,7,7,ACAGCGCCATCCTTACGTAT,0,1290318
furpa,0.125,7,7,ACACGAGGAAATGTCATAAT,0,1292156
furpa,0.125,7,7,ACACCTCTAGCCACCCGAGG,0,1315572
furpa,0.125,7,7,ACAATATCCAATTAGTATCG,0,1316784
furpa,0.125,7,7,ACAAGCCCAGTAGATAGCAT,0,1341476
furpa,0.125,7,7,ACAACGATTAGACGTCTCAC,0,1282075
furpa,0.125,7,7,ACAACCATCATTTCTTGCCA,0,1334782
furpa,0.125,7,7,ACAAAGTCCCACGATGCAAT,0,1338500
furpa,0.125,7,7,ACAAAATCCGTTCTAGGCAT,0,1298781
furpa,0.125,7,7,ACAAAATACTTATTTCTATA,0,1300045
furpa,0.125,7,7,AATTTGGGCCGCGTAAAGGA,0,1304727
furpa,0.125,7,7,AATGTTTCCATCCGCCCAAT,0,1308480
furpa,0.125,7,7,AATGTGAAAGGGAGCAGGAC,0,1335574
furpa,0.125,7,7,AATGGTCTGCAAAACCAGGC,0,1309990
furpa,0.125,7,7,AATGCTTAACAGTAACTCTT,0,1297861
furpa,0.125,7,7,AATCTGACGCGGTTAGTCAG,0,1321874
furpa,0.125,7,7,AATCACGGGGAGCCGCCAAC,0,1330330
furpa,0.125,7,7,AATATTAATTGCGCCGACCT,0,1299307
furpa,0.125,7,7,AATATGTGAAGGACAACAGG,0,1284185
furpa,0.125,7,7,AATACCCTTGACCCAAAGCT,0,1304798
furpa,0.125,7,7,AAGTTTATATCTTAGGTTTT,0,1316949
furpa,0.125,7,7,AAGTTCTACGGTGTGTCGTT,0,1349175
furpa,0.125,7,7,AAGTTCGCGGGTACACAGTT,0,1337013
furpa,0.125,7,7,AAGTGGACCGGAATTCGGTA,0,1282070
furpa,0.125,7,7,AAGTCCCGCAGGGAAATTGC,0,1310104
furpa,0.125,7,7,AAGGGGGGCTATTATTTCAA,0,1323471
furpa,0.125,7,7,AAGGCGGATAGTCCGCTCCA,0,1308344
furpa,0.125,7,7,AAGGCACAACGAGATAGGGT,0,1348774
furpa,0.125,7,7,AAGGACGTAAAAGTCATCAT,0,1294468
furpa,0.125,7,7,AAGCTATTTTCTGGCAGCGG,0,1320271
furpa,0.125,7,7,AAGCGTCTATCCAGATACTA,0,1295280
furpa,0.125,7,7,AAGCCGGTCTGGGTGCTGTA,0,1295425
furpa,0.125,7,7,AAGCCCGGTGGGGGCTCCCA,0,1293838
furpa,0.125,7,7,AAGCATGCATGGTATTGCAT,0,1298575
furpa,0.125,7,7,AAGCAGCGCGTGAGCCAAAG,0,1326334
furpa,0.125,7,7,AAGCACGTATTTCTTTTATT,0,1349533
furpa,0.125,7,7,AAGAGTCCGCCGCTTGAGCA,0,1319795
furpa,0.125,7,7,AAGAGATGTTACCTCAGTTG,0,1277661
furpa,0.125,7,7,AAGAGATGAAATCGACTATA,0,1277483
furpa,0.125,7,7,AAGACGCTACGCATGACTCA,0,1304734
furpa,0.125,7,7,AACTATTTCGCGGTTGAGTG,0,1343662
furpa,0.125,7,7,AACTAGCATTAGAAACCAGT,0,1301950
furpa,0.125,7,7,AACGGTATCCCTTTTCGGTC,0,1325087
furpa,0.125,7,7,AACGGTACGTTTTATAGCGC,0,1290416
furpa,0.125,7,7,AACGGAGTGCCATCCACAAG,0,1309763
furpa,0.125,7,7,AACCTTCTTCTACAACGCGT,0,1303456
furpa,0.125,7,7,AACCCTGCTGAATCAATTAG,0,1352061
furpa,0.125,7,7,AACATTTCCTGCGAAAGGAG,0,1317287
furpa,0.125,7,7,AACAGTCTGAGGCCAGGCAT,0,1334680
furpa,0.125,7,7,AACAGATTTTGCGCTAGTAC,0,1313620
furpa,0.125,7,7,AACACTCCTCCTATTAGGGA,0,1281274
furpa,0.125,7,7,AACACGTATCTTTGGCACGT,0,1281182
furpa,0.125,7,7,AACACGAGATATAATGTACA,0,1299224
furpa,0.125,7,7,AAATGGTTTTTGACAATGCT,0,1346792
furpa,0.125,7,7,AAAGGGTCAATAGTCTGTTA,0,1293854
furpa,0.125,7,7,AAACTTTCCATCAAGTAAAA,0,1292060
furpa,0.125,7,7,AAACGGGCGGAATAAAGTTA,0,1300854
furpa,0.125,7,7,AAACGCCGATGAATCCACTG,0,1308493
furpa,0.125,7,7,AAACGATCCGGTGTCCCATA,0,1347840
furpa,0.14285714285714285,6,6,TTTTGGTTATCGGGATTGGT,0,1279113
furpa,0.14285714285714285,6,6,TTTTCTCCTCGGTTCACCAG,0,1271857
furpa,0.14285714285714285,6,6,TTTTCTCAACCGGATAGTAC,0,1336150
furpa,0.14285714285714285,6,6,TTTGGATGAATTAACCCGAA,0,1291376
furpa,0.14285714285714285,6,6,TTTGCGTGATGACGCGCGAT,0,1295459
furpa,0.14285714285714285,6,6,TTTGCCCCATTGTATCGGTT,0,1301563
furpa,0.14285714285714285,6,6,TTTCGGGGGTGCAACCTGCA,0,1276456
furpa,0.14285714285714285,6,6,TTTCGCCCCCCGGGCATTTG,0,1299182
furpa,0.14285714285714285,6,6,TTTCCGTACAGCACCTTTCA,0,1320538
furpa,0.14285714285714285,6,6,TTTCCGCGAGGGGATTGTCA,0,1341685
furpa,0.14285714285714285,6,6,TTTCCCAGCAAAAAATGTCA,0,1328158
furpa,0.14285714285714285,6,6,TTTCCATGTCTTGAACCGAA,0,1338339
furpa,0.14285714285714285,6,6,TTTAGGGACGGCTTCGTTAT,0,1331170
furpa,0.14285714285714285,6,6,TTTAAATTAATGAAGCAACA,0,1288589
furpa,0.14285714285714285,6,6,TTGTTCGTCCCCAATCTACG,0,1344965
furpa,0.14285714285714285,6,6,TTGTGTTCCACTCGCTGGAA,0,1334063
furpa,0.14285714285714285,6,6,TTGTCAACCGTCCAGTTAAT,0,1320343
furpa,0.14285714285714285,6,6,TTGGTGATCCCCACAATCAT,0,1306591
furpa,0.14285714285714285,6,6,TTGGTCTTGCTACGTGGCCA,0,1353427
furpa,0.14285714285714285,6,6,TTGGGCATTCTTTAGCGGGT,0,1332670
furpa,0.14285714285714285,6,6,TTGGGATTTGCCGCGAGCGA,0,1321893
furpa,0.14285714285714285,6,6,TTGGACCCCCACGCTCGTTC,0,1281396
furpa,0.14285714285714285,6,6,TTGGAACACACGGGTATCGA,0,1333879
furpa,0.14285714285714285,6,6,TTGCTTTGCGGGGCGTTTAT,0,1273650
furpa,0.14285714285714285,6,6,TTGCTCATAAAAGACGTTTT,0,1323667
furpa,0.14285714285714285,6,6,TTGCCAACAATAAGCTCAGA,0,1322821
furpa,0.14285714285714285,6,6,TTGCATAAACGTCATATAAA,0,1332408
furpa,0.14285714285714285,6,6,TTGCACAGCGGCCTTCCCAA,0,1333562
furpa,0.14285714285714285,6,6,TTGATCTTCACTTCAAAGGG,0,1313443
furpa,0.14285714285714285,6,6,TTGAGGTGTGATACAGGGTT,0,1318923
furpa,0.14285714285714285,6,6,TTGAGACAGGGGGAAAGAAG,0,1287945
furpa,0.14285714285714285,6,6,TTGACGTCACCGGTAAGGTA,0,1333674
furpa,0.14285714285714285,6,6,TTCTTATAGGCGGGACGTGA,0,1320125
furpa,0.14285714285714285,6,6,TTCTCAATCAAGCCCAGCTT,0,1339933
furpa,0.14285714285714285,6,6,TTCTAGACACGGGATTGTTG,0,1303050
furpa,0.14285714285714285,6,6,TTCGTTTTAACGCATATTCG,0,1343130
furpa,0.14285714285714285,6,6,TTCGCGTATCGTGACGACCC,0,1293783
furpa,0.14285714285714285,6,6,TTCGCCAGGTTCAGCGGGTC,0,1272984
furpa,0.14285714285714285,6,6,TTCGAGAAATCTCGAGGAGG,0,1321901
furpa,0.14285714285714285,6,6,TTCGAAAACTCCTACCGACA,0,1302180
furpa,0.14285714285714285,6,6,TTCCGGTCGTTGATAGGTAT,0,1295499
furpa,0.14285714285714285,6,6,TTCCGGGAGGGAGAATGTTT,0,1345098
furpa,0.14285714285714285,6,6,TTCCCTTGGACGGTATATCT,0,1322165
furpa,0.14285714285714285,6,6,TTCCCGCACACCCGTAGGAC,0,1281917
furpa,0.14285714285714285,6,6,TTCATACCTGCGTGTTATGT,0,1296349
furpa,0.14285714285714285,6,6,TTCAGTCAGGCTCCTTGTCG,0,1335816
furpa,0.14285714285714285,6,6,TTCACTAAGTAGTGGGCGCA,0,1272674
furpa,0.14285714285714285,6,6,TTCAACGCTATAACGTAACT,0,1303008
furpa,0.14285714285714285,6,6,TTATGGATGATCAGCGGAAG,0,1352864
furpa,0.14285714285714285,6,6,TTATCACATCATTCCGAAGG,0,1299450
furpa,0.14285714285714285,6,6,TTAGTATCTCGGTGGCGGTT,0,1321178
furpa,0.14285714285714285,6,6,TTAGGTGCATAGATGTCTCG,0,1352709
furpa,0.14285714285714285,6,6,TTAGGGTCTGAATTTGCCTG,0,1293100
furpa,0.14285714285714285,6,6,TTAGGGGGGGGCGCAAGGTG,0,1333297
furpa,0.14285714285714285,6,6,TTAGGGGGCCCCTATGGGAT,0,1291311
furpa,0.14285714285714285,6,6,TTAGGCAATAGTCCCCACTC,0,1294875
furpa,0.14285714285714285,6,6,TTAGCTTCATACGTGATGGG,0,1274928
furpa,0.14285714285714285,6,6,TTAGCCTTATCTCTCAGCCA,0,1325537
furpa,0.14285714285714285,6,6,TTAGCCAATGTTTCGGAACC,0,1355423
furpa,0.14285714285714285,6,6,TTAGCAGCATGACCCTGGCG,0,1336219
furpa,0.14285714285714285,6,6,TTAGCACGCAGTCATTAGCA,0,1328456
furpa,0.14285714285714285,6,6,TTAGAAAGTATTTCGCAAGA,0,1341288
furpa,0.14285714285714285,6,6,TTACTTAGTCTATAGGGTCT,0,1324633
furpa,0.14285714285714285,6,6,TTACGCGGGAGGATGCACAC,0,1338520
furpa,0.14285714285714285,6,6,TTACCTCACTTTGTACACCC,0,1289014
furpa,0.14285714285714285,6,6,TTACACGCCATACTTATGGT,0,1322948
furpa,0.14285714285714285,6,6,TTACAATGGATGTGGTATGC,0,1319053
furpa,0.14285714285714285,6,6,TTAATGTGCTGCTACTATGG,0,1319974
furpa,0.14285714285714285,6,6,TTAATGAAGACAGTCAACGA,0,1271658
furpa,0.14285714285714285,6,6,TTAAGCGTAAGTCTTTCTTA,0,1274640
furpa,0.14285714285714285,6,6,TTAACATAAGCTCGAGGTGT,0,1321597
furpa,0.14285714285714285,6,6,TGTTTCGTCCGACAGGCGTG,0,1335568
furpa,0.14285714285714285,6,6,TGTTTCCAAGGCGTGCTGGT,0,1295855
furpa,0.14285714285714285,6,6,TGTTCAGGGCGCCTTGTCAT,0,1330517
furpa,0.14285714285714285,6,6,TGTTATGCCTTCAGTTTCGC,0,1335566
furpa,0.14285714285714285,6,6,TGTTAGCTTACCTGAAGCGT,0,1326826
furpa,0.14285714285714285,6,6,TGTTACGTATTTGGAGGTCT,0,1304456
furpa,0.14285714285714285,6,6,TGTGGTGAAACTAGCCGCAA,0,1318836
furpa,0.14285714285714285,6,6,TGTGATCTAACTTCTGTCAT,0,1351420
furpa,0.14285714285714285,6,6,TGTGAGGCAACTCGGCATTC,0,1348430
furpa,0.14285714285714285,6,6,TGTCGTAAATCCTTAGACTA,0,1321675
furpa,0.14285714285714285,6,6,TGTCACGTTGTCATATTAGC,0,1328880
furpa,0.14285714285714285,6,6,TGTATTGTTAATCCACACGG,0,1338275
furpa,0.14285714285714285,6,6,TGTATTGACCAAAGCCACAG,0,1337293
furpa,0.14285714285714285,6,6,TGTACTTGGTACCGGAAGGA,0,1341752
furpa,0.14285714285714285,6,6,TGTAATACAACTATCGCCCA,0,1273233
furpa,0.14285714285714285,6,6,TGTAAGAACGGTAAGGGCGA,0,1284946
furpa,0.14285714285714285,6,6,TGGTTACATTCGTGGGGTGT,0,1321055
furpa,0.14285714285714285,6,6,TGGTGGGTCTCTATACGACT,0,1311851
furpa,0.14285714285714285,6,6,TGGTGCTAACTGAACACCAT,0,1339307
furpa,0.14285714285714285,6,6,TGGGGAGCAATTTCGGTTAG,0,1303066
furpa,0.14285714285714285,6,6,TGGGAGTAGAGTTCCATATC,0,1279526
furpa,0.14285714285714285,6,6,TGGGACCCGTATGTTGGACC,0,1335900
furpa,0.14285714285714285,6,6,TGGCGGGCATAGGATCATTA,0,1325371
furpa,0.14285714285714285,6,6,TGGCGCGCCATTATCGGTTT,0,1272139
furpa,0.14285714285714285,6,6,TGGCCCTATTAAAGAACGAC,0,1321746
furpa,0.14285714285714285,6,6,TGGATTAAAGATGCGCAAGA,0,1294089
furpa,0.14285714285714285,6,6,TGGATGCAGCCATGAAACAA,0,1355257
furpa,0.14285714285714285,6,6,TGGATCCGTTTAACGGAGGA,0,1304383
furpa,0.14285714285714285,6,6,TGGAGGTTACATCGTGGGTT,0,1306823
furpa,0.14285714285714285,6,6,TGGAGGACATGCTCCTTGCG,0,1288344
furpa,0.14285714285714285,6,6,TGCTAAGGAGTCCCGCGGAC,0,1319840
furpa,0.14285714285714285,6,6,TGCGTTGACGCCTGTGAAGG,0,1323233
furpa,0.14285714285714285,6,6,TGCGGGTGTAAAAGGGGTAG,0,1336254
furpa,0.14285714285714285,6,6,TGCGGGTCCAACCCAAGTCA,0,1325309
furpa,0.14285714285714285,6,6,TGCGGCATTAAGTAGGCGGA,0,1276300
furpa,0.14285714285714285,6,6,TGCGCGGCATTTTTGGGCGC,0,1322295
furpa,0.14285714285714285,6,6,TGCGCCCCGGGGTCATGAGC,0,1327436
furpa,0.14285714285714285,6,6,TGCGCACCAGGCCAATCAGC,0,1356423
furpa,0.14285714285714285,6,6,TGCGCAACTGTTTAGTGAGG,0,1324112
furpa,0.14285714285714285,6,6,TGCGATTCCTCCGATCTGAA,0,1317233
furpa,0.14285714285714285,6,6,TGCGAGTGTTTAGAGTGGAT,0,1332959
furpa,0.14285714285714285,6,6,TGCGAGCCACCTCTATGCTT,0,1353294
furpa,0.14285714285714285,6,6,TGCCTGCCCCGTTAAGGAGT,0,1320529
furpa,0.14285714285714285,6,6,TGCCTAGATTGGGGCTAAGA,0,1334374
furpa,0.14285714285714285,6,6,TGCCGGAGAAAGAATCGTCT,0,1323147
furpa,0.14285714285714285,6,6,TGCCGCCCTGTCCAAGAATT,0,1350964
furpa,0.14285714285714285,6,6,TGCCGATGTGACGGGTATAC,0,1350674
furpa,0.14285714285714285,6,6,TGCCAGAAACCACTGAGATG,0,1309004
furpa,0.14285714285714285,6,6,TGCCACCGTGATTGGCCAGC,0,1278497
furpa,0.14285714285714285,6,6,TGCCACAATACGCCATCGAA,0,1315925
furpa,0.14285714285714285,6,6,TGCATTTACGAGTTCAGGAC,0,1316373
furpa,0.14285714285714285,6,6,TGCACGGTACTCCATCTTAT,0,1350386
furpa,0.14285714285714285,6,6,TGCACGCTCAGAATTATTCG,0,1352180
furpa,0.14285714285714285,6,6,TGCACAGAAACATTGGGATT,0,1276264
furpa,0.14285714285714285,6,6,TGATTGAAAGTGGTATACCA,0,1332682
furpa,0.14285714285714285,6,6,TGATCTTACCAGTATTGTAA,0,1330421
furpa,0.14285714285714285,6,6,TGATCTAAGCTGCGACGAGG,0,1324074
furpa,0.14285714285714285,6,6,TGATCACACAGGATTTCAGA,0,1334774
furpa,0.14285714285714285,6,6,TGATATACTGACTAGAAGGC,0,1357029
furpa,0.14285714285714285,6,6,TGATAGTATCTGATCTGCCT,0,1340692
furpa,0.14285714285714285,6,6,TGAGTGGATATGACGGTGCC,0,1309215
furpa,0.14285714285714285,6,6,TGAGTAAATTCAGATTCTGT,0,1301040
furpa,0.14285714285714285,6,6,TGAGGTCGCGCCTCGTGTAA,0,1317896
furpa,0.14285714285714285,6,6,TGAGGCGGCCGTGGTTGACA,0,1331742
furpa,0.14285714285714285,6,6,TGAGATGCGGACGGTTTGCG,0,1294824
furpa,0.14285714285714285,6,6,TGAGAGGGGGCGTATAGAGC,0,1350203
furpa,0.14285714285714285,6,6,TGAGAATTCTTGTAATCGAA,0,1298763
furpa,0.14285714285714285,6,6,TGACTTGTTTGACTCGCAAA,0,1289106
furpa,0.14285714285714285,6,6,TGACTGTTTTGCCCGAGTCA,0,1320822
furpa,0.14285714285714285,6,6,TGACGGAGAGAATGACGTCT,0,1331204
furpa,0.14285714285714285,6,6,TGACAGAAATGTCACGCACG,0,1283322
furpa,0.14285714285714285,6,6,TGACAGAAAGACGCCTAGAA,0,1272668
furpa,0.14285714285714285,6,6,TGACACTTGCCTAGTCCAAG,0,1286024
furpa,0.14285714285714285,6,6,TGAACTATTGTACGGCATCC,0,1324474
furpa,0.14285714285714285,6,6,TGAACGCTGCGCGATCCGAT,0,1312893
furpa,0.14285714285714285,6,6,TGAACAAGCAATATTTATGG,0,1357332
furpa,0.14285714285714285,6,6,TGAAATATCCATATCGGACT,0,1302341
furpa,0.14285714285714285,6,6,TCTTTGCCAGTTGGGGGCGG,0,1349867
furpa,0.14285714285714285,6,6,TCTTGGGTCGCTTTTGCGTG,0,1312540
furpa,0.14285714285714285,6,6,TCTTCGCCCTGGTTAAGGTG,0,1353595
furpa,0.14285714285714285,6,6,TCTTATCGCTAGCATGTGAC,0,1352900
furpa,0.14285714285714285,6,6,TCTTAGTGCGCTCTAAACCT,0,1294600
furpa,0.14285714285714285,6,6,TCTGGGTTTATCCCTTAAAC,0,1326798
furpa,0.14285714285714285,6,6,TCTGGGTACACAAAGAATGG,0,1290439
furpa,0.14285714285714285,6,6,TCTGGAGGGTAAGCTCGTGA,0,1300403
furpa,0.14285714285714285,6,6,TCTGCTGGATACCGATCATG,0,1307798
furpa,0.14285714285714285,6,6,TCTGCCTATGCAACGTAGTC,0,1347177
furpa,0.14285714285714285,6,6,TCTGATGCAGCCTCAACCTC,0,1311570
furpa,0.14285714285714285,6,6,TCTGAATACACAGCGTAGCA,0,1355059
furpa,0.14285714285714285,6,6,TCTCTGGCAGTTCTTTGGGT,0,1307824
furpa,0.14285714285714285,6,6,TCTCCTAGGGCGTGGTCCCG,0,1337382
furpa,0.14285714285714285,6,6,TCTCACATCAAAATATAATG,0,1329519
furpa,0.14285714285714285,6,6,TCTATTTCGTGATATGCTTC,0,1335237
furpa,0.14285714285714285,6,6,TCTATTGTAGTAGGGATGTT,0,1276982
furpa,0.14285714285714285,6,6,TCTAGGTCGTTCCCTGTAAG,0,1346345
furpa,0.14285714285714285,6,6,TCTAGCTCTGTCAGTGCGCT,0,1351083
furpa,0.14285714285714285,6,6,TCTAACTGTGGACTAAGCAT,0,1357113
furpa,0.14285714285714285,6,6,TCGTTCCCTATGGCAATCTG,0,1345315
furpa,0.14285714285714285,6,6,TCGTTAGCACTTTGTCTTCA,0,1328232
furpa,0.14285714285714285,6,6,TCGTTAAGTAGTACCACCTG,0,1323931
furpa,0.14285714285714285,6,6,TCGTGGATAGGACAGGCTTA,0,1285117
furpa,0.14285714285714285,6,6,TCGTCATCCGTAATGTAGGA,0,1278610
furpa,0.14285714285714285,6,6,TCGTATAGAATTCGTACCAT,0,1309397
furpa,0.14285714285714285,6,6,TCGTAGGCTACTGGGACCGT,0,1331342
furpa,0.14285714285714285,6,6,TCGGTATTTAACGGGCCAAA,0,1320918
furpa,0.14285714285714285,6,6,TCGGGTATACTGTGCAGTCT,0,1313492
furpa,0.14285714285714285,6,6,TCGGGCCGGTTCATCCAAGG,0,1355952
furpa,0.14285714285714285,6,6,TCGGGACTTGTTAAGGTGTC,0,1334978
furpa,0.14285714285714285,6,6,TCGGCGTCGCTCGCGCGCGT,0,1316152
furpa,0.14285714285714285,6,6,TCGCTACTATTCGCGCCAAG,0,1314549
furpa,0.14285714285714285,6,6,TCGCTAACCATGATTTAGGA,0,1309738
furpa,0.14285714285714285,6,6,TCGCGGACTGCCTGGTTTAC,0,1323280
furpa,0.14285714285714285,6,6,TCGCGCTTCCGTACGACGAA,0,1330853
furpa,0.14285714285714285,6,6,TCGCGCCTGCGACACGAGAT,0,1348181
furpa,0.14285714285714285,6,6,TCGCGCACCTAGTCCTTTTT,0,1300777
furpa,0.14285714285714285,6,6,TCGCCGGAGTATAAAAATCT,0,1287083
furpa,0.14285714285714285,6,6,TCGCCAATGAGTCAGACTGA,0,1331915
furpa,0.14285714285714285,6,6,TCGCAGCTAATCAAATACCA,0,1299460
furpa,0.14285714285714285,6,6,TCGATATGCACCGTAACCCG,0,1311000
furpa,0.14285714285714285,6,6,TCGATATAGTTACCGCTCTC,0,1295853
furpa,0.14285714285714285,6,6,TCGAGTGTGGAGCATACCAT,0,1328116
furpa,0.14285714285714285,6,6,TCGAATTATCATATCGGCCA,0,1335692
furpa,0.14285714285714285,6,6,TCCTCGGCCATGAAGACACG,0,1353867
furpa,0.14285714285714285,6,6,TCCTATACGAGATGTCTGTA,0,1283895
furpa,0.14285714285714285,6,6,TCCGGGAAAAACGGAAGCTC,0,1330745
furpa,0.14285714285714285,6,6,TCCGCATACATACACTACCA,0,1346902
furpa,0.14285714285714285,6,6,TCCGAGGCCGACCACGTCAT,0,1300387
furpa,0.14285714285714285,6,6,TCCGAGAAGCGCTCGGTATA,0,1341665
furpa,0.14285714285714285,6,6,TCCCTTCTTGCGAAAGCAAA,0,1318261
furpa,0.14285714285714285,6,6,TCCCTGGCTACCGCTGCACG,0,1273375
furpa,0.14285714285714285,6,6,TCCCGTTAATACTATGGTCT,0,1306080
furpa,0.14285714285714285,6,6,TCCCGCTGAGAATATGACTA,0,1328808
furpa,0.14285714285714285,6,6,TCCCGACTACAGTACCCACT,0,1293716
furpa,0.14285714285714285,6,6,TCCCCAAAGATTTCACTGAT,0,1348010
furpa,0.14285714285714285,6,6,TCCCAGCGCCTCTGCATGTT,0,1287864
furpa,0.14285714285714285,6,6,TCCCACGTGACGCAGTTTGA,0,1322504
furpa,0.14285714285714285,6,6,TCCATGCAGCTATTCAAGGG,0,1286500
furpa,0.14285714285714285,6,6,TCCAGGGAGGCGTGAGCGCA,0,1287718
furpa,0.14285714285714285,6,6,TCCACGCGTGTCAACTGGCG,0,1299293
furpa,0.14285714285714285,6,6,TCCACATCGCAAACTCCGCC,0,1292386
furpa,0.14285714285714285,6,6,TCATCTGAATATTAGAGTGA,0,1315246
furpa,0.14285714285714285,6,6,TCATCACGATTTCTGCCCGA,0,1329252
furpa,0.14285714285714285,6,6,TCAGCCTACGCGCTGTTAAC,0,1344664
furpa,0.14285714285714285,6,6,TCAGCATATTTTTCATTGAT,0,1303877
furpa,0.14285714285714285,6,6,TCAGAATTCTGATACTTGAG,0,1332969
furpa,0.14285714285714285,6,6,TCACTCCAAAGTCCAAATCT,0,1271289
furpa,0.14285714285714285,6,6,TCACGTATCGGTGCCAGAGC,0,1338562
furpa,0.14285714285714285,6,6,TCACGGCCTCCTAAGCCGTT,0,1316524
furpa,0.14285714285714285,6,6,TCACCGGGCGTTGTCTTTGT,0,1285630
furpa,0.14285714285714285,6,6,TCACCATCCGGGAGTTTGGA,0,1274284
furpa,0.14285714285714285,6,6,TCAACCCTTAGGCAAGCCTG,0,1316922
furpa,0.14285714285714285,6,6,TCAAATGCGACCAAGGGTAT,0,1337428
furpa,0.14285714285714285,6,6,TATTTGTTGGCCTTGAGCGT,0,1329104
furpa,0.14285714285714285,6,6,TATTTGAGACCTGCTCCTGC,0,1285715
furpa,0.14285714285714285,6,6,TATTTAACGGCCCGCGCTAC,0,1292527
furpa,0.14285714285714285,6,6,TATTCTAACCTACATGGAGC,0,1282836
furpa,0.14285714285714285,6,6,TATTCGAGATAGTGTCCTGG,0,1299973
furpa,0.14285714285714285,6,6,TATTCCGCCAGGCAAATAGA,0,1279580
furpa,0.14285714285714285,6,6,TATTCACGCGTATTACGGTA,0,1271886
furpa,0.14285714285714285,6,6,TATGTGGCATCCGGACGAAT,0,1351125
furpa,0.14285714285714285,6,6,TATGTGACGTCCTCGCTTAC,0,1272741
furpa,0.14285714285714285,6,6,TATGGTCGGCTGTGCCCACG,0,1322684
furpa,0.14285714285714285,6,6,TATGGGCTTTCCTTCGCATT,0,1353404
furpa,0.14285714285714285,6,6,TATGCGGAGCACCGAATCGT,0,1346339
furpa,0.14285714285714285,6,6,TATGATTCATAAGTAAAGCT,0,1286694
furpa,0.14285714285714285,6,6,TATGAGGTACCGGTCCTCAA,0,1301840
furpa,0.14285714285714285,6,6,TATCGTTCGATACGTGAATG,0,1338223
furpa,0.14285714285714285,6,6,TATCGGTAGGGCTATGTAAC,0,1286487
furpa,0.14285714285714285,6,6,TATCAAAGCCTTAGAAGGAT,0,1318678
furpa,0.14285714285714285,6,6,TATATAAGAAGCCGGGCCGA,0,1293373
furpa,0.14285714285714285,6,6,TATAGTTACTTTGGTTCGTT,0,1301005
furpa,0.14285714285714285,6,6,TATAGGGTCCAAAGCCGTAA,0,1294574
furpa,0.14285714285714285,6,6,TATACGACTATAGCTATAAG,0,1337973
furpa,0.14285714285714285,6,6,TATACATATTAATACCCATG,0,1324725
furpa,0.14285714285714285,6,6,TAGTGCCCGTTTGAGGAAGA,0,1290953
furpa,0.14285714285714285,6,6,TAGGTTTACGGGGGAATGAT,0,1331923
furpa,0.14285714285714285,6,6,TAGGTTCGCGTCCTAAAGCA,0,1335029
furpa,0.14285714285714285,6,6,TAGGTGGTGGCTTGTTCCAA,0,1308215
furpa,0.14285714285714285,6,6,TAGGTATACTCACGACGCGT,0,1343280
furpa,0.14285714285714285,6,6,TAGGGACTTGATTACAGCTT,0,1342875
furpa,0.14285714285714285,6,6,TAGGACGGTTCCTAGTACCT,0,1325850
furpa,0.14285714285714285,6,6,TAGGAAACCCCGGGCGTGTA,0,1326859
furpa,0.14285714285714285,6,6,TAGCTTGGATAGCGCACAGT,0,1282557
furpa,0.14285714285714285,6,6,TAGCTCAGCGCCCTACCGTC,0,1347586
furpa,0.14285714285714285,6,6,TAGCTCAGCACGCAGGATTA,0,1311205
furpa,0.14285714285714285,6,6,TAGCTATAGGTCTCAAGGTG,0,1298911
furpa,0.14285714285714285,6,6,TAGCGTCTGCCTCGAATGCA,0,1317758
furpa,0.14285714285714285,6,6,TAGCGGCTCGTTAAGCGCCA,0,1276997
furpa,0.14285714285714285,6,6,TAGCGGCCTGAATAATAGCC,0,1351623
furpa,0.14285714285714285,6,6,TAGCCTAGCAACGAAAATCA,0,1288839
furpa,0.14285714285714285,6,6,TAGCCAATGATAAATGGATG,0,1285466
furpa,0.14285714285714285,6,6,TAGCAAGTCAATATGCGAAT,0,1336068
furpa,0.14285714285714285,6,6,TAGATGTATTCCCTCTGTCA,0,1319101
furpa,0.14285714285714285,6,6,TAGACCTGAAGCGCAGACCT,0,1341689
furpa,0.14285714285714285,6,6,TACTTTTGTCAAAGGATAGA,0,1325665
furpa,0.14285714285714285,6,6,TACTTCTCGAAGCTAGGTAA,0,1321187
furpa,0.14285714285714285,6,6,TACTGGGCCGCAACAATCTA,0,1275790
furpa,0.14285714285714285,6,6,TACTCATAAAGCATCGAATT,0,1311937
furpa,0.14285714285714285,6,6,TACTACCGCGGCAAAATTCA,0,1336099
furpa,0.14285714285714285,6,6,TACGGTAATACAGAACTTTG,0,1314000
furpa,0.14285714285714285,6,6,TACGGCGGCATGACTAGAGC,0,1335111
furpa,0.14285714285714285,6,6,TACGGATTAGCCAATTCTAC,0,1316370
furpa,0.14285714285714285,6,6,TACGGACACAGAATGCACGT,0,1322260
furpa,0.14285714285714285,6,6,TACGCCGCCGCGGTACGTGT,0,1336015
furpa,0.14285714285714285,6,6,TACGACTGGGACTCTACCAT,0,1346099
furpa,0.14285714285714285,6,6,TACCCTCTGGGAGTTGTGTA,0,1302495
furpa,0.14285714285714285,6,6,TACCCAGATTCAATTTGTGT,0,1312106
furpa,0.14285714285714285,6,6,TACATAGAGACACACACCTC,0,1293383
furpa,0.14285714285714285,6,6,TACAGTCGCCAACCACAGCT,0,1341834
furpa,0.14285714285714285,6,6,TACAGACTCCATGTCTTGCG,0,1303503
furpa,0.14285714285714285,6,6,TACACTGTCGAAAGATGGCC,0,1290427
furpa,0.14285714285714285,6,6,TACACTGAAGGTAGGAAACG,0,1336602
furpa,0.14285714285714285,6,6,TAATGAGAATTGTAAGACTA,0,1330111
furpa,0.14285714285714285,6,6,TAATCTTCACTGCCGGCGCT,0,1304681
furpa,0.14285714285714285,6,6,TAATCGCAAGGCTCCAGCTG,0,1339465
furpa,0.14285714285714285,6,6,TAATCCCCGTCTTCACGTGG,0,1355928
furpa,0.14285714285714285,6,6,TAACGGCACTAAGTGAAGAA,0,1318832
furpa,0.14285714285714285,6,6,TAACGAATATTCTTGTATGT,0,1283345
furpa,0.14285714285714285,6,6,TAACCTTTATGTGGTCGGGA,0,1275328
furpa,0.14285714285714285,6,6,TAACAGGGTCCTGCCAAGAA,0,1344344
furpa,0.14285714285714285,6,6,TAACACGTCCGTCAGGGGAT,0,1319551
furpa,0.14285714285714285,6,6,TAAAGGATTCAAGGCCCCCT,0,1288688
furpa,0.14285714285714285,6,6,TAAAATCTAATGGGCCAGGA,0,1273425
furpa,0.14285714285714285,6,6,TAAAACCATCCTACGAAGAG,0,1307997
furpa,0.14285714285714285,6,6,GTTTGTGCCTGTTGGCCACG,0,1286488
furpa,0.14285714285714285,6,6,GTTTGGTTCGGTCCGTTGAA,0,1285832
furpa,0.14285714285714285,6,6,GTTTAATTTAAATGGAGTCA,0,1296305
furpa,0.14285714285714285,6,6,GTTGTTATTTGCACCGAACT,0,1292521
furpa,0.14285714285714285,6,6,GTTGCGTCAGCGAGCGACAT,0,1280528
furpa,0.14285714285714285,6,6,GTTGATACGCGTATTCCGCA,0,1297445
furpa,0.14285714285714285,6,6,GTTGAGTGCCTTAGTTCCGA,0,1334034
furpa,0.14285714285714285,6,6,GTTGACGACCGGAGTAGGCG,0,1282751
furpa,0.14285714285714285,6,6,GTTCTCTCTGGCACCGACCG,0,1346858
furpa,0.14285714285714285,6,6,GTTCTACCGACAGGGCCGAG,0,1309743
furpa,0.14285714285714285,6,6,GTTCGCTCAGATATCATATC,0,1321444
furpa,0.14285714285714285,6,6,GTTCCGATTCTTCGGCCAAT,0,1327955
furpa,0.14285714285714285,6,6,GTTATCTTAGTTCACGAATG,0,1329014
furpa,0.14285714285714285,6,6,GTTAGAAAAAGCAGGCTTTT,0,1339613
furpa,0.14285714285714285,6,6,GTTACCGATCACTATAAAAG,0,1292538
furpa,0.14285714285714285,6,6,GTGTACGTTCTCGACTGTGA,0,1347906
furpa,0.14285714285714285,6,6,GTGTAACAGAGGAAACGGAG,0,1324179
furpa,0.14285714285714285,6,6,GTGGTCCACGCGCGTTGTGG,0,1307744
furpa,0.14285714285714285,6,6,GTGGGGTCCTCCTTTTTTTT,0,1327242
furpa,0.14285714285714285,6,6,GTGGGGCTTAACGTGTCTAT,0,1274042
furpa,0.14285714285714285,6,6,GTGGCGATTAAGGTTTCACA,0,1320044
furpa,0.14285714285714285,6,6,GTGCTTAGTGATAACACGTA,0,1296130
furpa,0.14285714285714285,6,6,GTGCTGCGCGTGTGCAGATA,0,1273909
furpa,0.14285714285714285,6,6,GTGCGATGTCAGGGTAGCTT,0,1273890
furpa,0.14285714285714285,6,6,GTGCCGTAGTAGCAGGACCC,0,1296742
furpa,0.14285714285714285,6,6,GTGCATGAATGCTCTTGAAA,0,1304960
furpa,0.14285714285714285,6,6,GTGCATATGGAGGGACCACG,0,1309105
furpa,0.14285714285714285,6,6,GTGCAGCAAAGGGGTAGGCT,0,1281714
furpa,0.14285714285714285,6,6,GTGATTGATTGCTTTCTTTG,0,1328724
furpa,0.14285714285714285,6,6,GTGAGTTTACCAGTACAGTG,0,1284709
furpa,0.14285714285714285,6,6,GTGAGATACGGGAATGTCGG,0,1300683
furpa,0.14285714285714285,6,6,GTGAGAACTGCTAAGCAGCG,0,1346235
furpa,0.14285714285714285,6,6,GTGAACTAGGTGGGAGGACT,0,1330684
furpa,0.14285714285714285,6,6,GTGAAACGGTCGAATGTTCG,0,1275984
furpa,0.14285714285714285,6,6,GTCTTGAGTGCCATAGGTTG,0,1271936
furpa,0.14285714285714285,6,6,GTCTGTCGTACATACCATCC,0,1318279
furpa,0.14285714285714285,6,6,GTCTGGGTGCGCTCCGGTTG,0,1290152
furpa,0.14285714285714285,6,6,GTCTGGCATAGCGAGAATAA,0,1303323
furpa,0.14285714285714285,6,6,GTCTAGGCTGTAAACGTCAG,0,1316862
furpa,0.14285714285714285,6,6,GTCGTTAGCGCGCAGTATAT,0,1334840
furpa,0.14285714285714285,6,6,GTCGTTAGATGATTTTGCGT,0,1279052
furpa,0.14285714285714285,6,6,GTCGTCGGTTGCGAAGTCTA,0,1302170
furpa,0.14285714285714285,6,6,GTCGGTATGAAGATGTTCAA,0,1307357
furpa,0.14285714285714285,6,6,GTCGATACCCAGCATCGTAG,0,1300998
furpa,0.14285714285714285,6,6,GTCGACTCAAGTGACATGCG,0,1318084
furpa,0.14285714285714285,6,6,GTCCGGATCGCATTGACCGT,0,1305898
furpa,0.14285714285714285,6,6,GTCCCCCGTCCCGGCTGAGG,0,1339477
furpa,0.14285714285714285,6,6,GTCCCACAAGTGTGTTTGCA,0,1303937
furpa,0.14285714285714285,6,6,GTCATATTAAACGCTTCTGA,0,1278927
furpa,0.14285714285714285,6,6,GTCATAAGAATTTTGACCGA,0,1278893
furpa,0.14285714285714285,6,6,GTCAGGAGCGTCGGGTGGTA,0,1289205
furpa,0.14285714285714285,6,6,GTCACGCGTGGTCGCGGTAA,0,1339817
furpa,0.14285714285714285,6,6,GTCAATGATTGCTGGTTCAA,0,1327556
furpa,0.14285714285714285,6,6,GTCAAGCCTGGCTTGTAGCG,0,1313212
furpa,0.14285714285714285,6,6,GTATCATTATTGAGTTCTGT,0,1305438
furpa,0.14285714285714285,6,6,GTATATTATGTAAGGTTTTC,0,1301327
furpa,0.14285714285714285,6,6,GTAGGGAACGAGAAGGACAG,0,1285993
furpa,0.14285714285714285,6,6,GTAGGCAGGTTCGTAGAAGT,0,1329552
furpa,0.14285714285714285,6,6,GTAGCCGCGTTTCCCAGGCT,0,1296749
furpa,0.14285714285714285,6,6,GTAGACTTTTGTACGAGACA,0,1288406
furpa,0.14285714285714285,6,6,GTAGACCGGCCGACTAACTA,0,1328408
furpa,0.14285714285714285,6,6,GTACTTTCGATCCCTCCATT,0,1280278
furpa,0.14285714285714285,6,6,GTACTTGGGGCTGAAATGGT,0,1281893
furpa,0.14285714285714285,6,6,GTACTGTAACACGGGGCTCC,0,1295457
furpa,0.14285714285714285,6,6,GTACCCAGAAATATAAGTGC,0,1349577
furpa,0.14285714285714285,6,6,GTACAGTAGTTCTACCTGGA,0,1299714
furpa,0.14285714285714285,6,6,GTACACCAAATAGCGAAAAC,0,1331145
furpa,0.14285714285714285,6,6,GTAATGTTTACCGCCACGGA,0,1350106
furpa,0.14285714285714285,6,6,GTAAGTTGACTAAGTCAGCG,0,1298269
furpa,0.14285714285714285,6,6,GTAAGTGAGCCAGAGCAAGC,0,1349296
furpa,0.14285714285714285,6,6,GTAAGGTAACACTGTTTCTG,0,1273510
furpa,0.14285714285714285,6,6,GTAAGCGTGGTGAGGCGCGT,0,1299383
furpa,0.14285714285714285,6,6,GTAACGAGCGCGTTCTACTG,0,1342707
furpa,0.14285714285714285,6,6,GTAACATGGCTCTAGGTCTC,0,1306771
furpa,0.14285714285714285,6,6,GGTTTGGAACGTTTACCCCT,0,1271577
furpa,0.14285714285714285,6,6,GGTTCTTCGTCGAAGACAGC,0,1340177
furpa,0.14285714285714285,6,6,GGTTCGCCCGTCTATTCCCC,0,1326908
furpa,0.14285714285714285,6,6,GGTTCATAGGAGAATCCACA,0,1276529
furpa,0.14285714285714285,6,6,GGTGTAGGTCTTAGGTCCAC,0,1330292
furpa,0.14285714285714285,6,6,GGTGTAAAAAGCAATCCTAT,0,1351294
furpa,0.14285714285714285,6,6,GGTGGTTTGAATACATCCAC,0,1301429
furpa,0.14285714285714285,6,6,GGTGGAAAGGGCCATTGCGT,0,1287933
furpa,0.14285714285714285,6,6,GGTGCGAAATCCTTTAAAAT,0,1289962
furpa,0.14285714285714285,6,6,GGTGAGCGAGGGTTGGATGA,0,1321262
furpa,0.14285714285714285,6,6,GGTGAGATTGGCGTATTAGC,0,1282567
furpa,0.14285714285714285,6,6,GGTCTCCGGGTGGGTCCTCC,0,1356890
furpa,0.14285714285714285,6,6,GGTCGGCGCGGATTTTTCGA,0,1277748
furpa,0.14285714285714285,6,6,GGTCGCCAGGCGTACTAGCA,0,1321859
furpa,0.14285714285714285,6,6,GGTCCGGTAGACACTGTTCG,0,1279023
furpa,0.14285714285714285,6,6,GGTCCCCAATTGACAGGGTG,0,1284950
furpa,0.14285714285714285,6,6,GGTATTCTGCCAGCGATTAA,0,1321126
furpa,0.14285714285714285,6,6,GGTAGGTAGTTTGGCAGTCC,0,1291665
furpa,0.14285714285714285,6,6,GGTACCGGTAGGCATGGTGC,0,1295975
furpa,0.14285714285714285,6,6,GGGTTCCGCTCCTACCTTCC,0,1311791
furpa,0.14285714285714285,6,6,GGGTGCCTCAAGGTAGGTCA,0,1345182
furpa,0.14285714285714285,6,6,GGGTCTATCATTCTTGGGGG,0,1319381
furpa,0.14285714285714285,6,6,GGGTCGTCCCTGTACACTGA,0,1343513
furpa,0.14285714285714285,6,6,GGGTCCAAAGTATCCGGTGT,0,1313966
furpa,0.14285714285714285,6,6,GGGGTTGTCGTATGGTCGCA,0,1335932
furpa,0.14285714285714285,6,6,GGGGTTCTGGAGGTTCAGGT,0,1325827
furpa,0.14285714285714285,6,6,GGGGTGGATCGGGCCTCCGG,0,1339870
furpa,0.14285714285714285,6,6,GGGGTAAACAATGTCGCTTG,0,1351389
furpa,0.14285714285714285,6,6,GGGGCTTAATCTTGTACCTT,0,1279855
furpa,0.14285714285714285,6,6,GGGGCTATTGCTTGGGGAGG,0,1307238
furpa,0.14285714285714285,6,6,GGGGATGATCCGTGTAGAAC,0,1344553
furpa,0.14285714285714285,6,6,GGGCTGGGGTGGAGGCTGAA,0,1294402
furpa,0.14285714285714285,6,6,GGGCCTCTAGCTGAGTCGTC,0,1316588
furpa,0.14285714285714285,6,6,GGGCATCCGAGTCCGCTGCA,0,1333187
furpa,0.14285714285714285,6,6,GGGATCGGGGATCCCCAACC,0,1290400
furpa,0.14285714285714285,6,6,GGGAGGTCGCTCTTTTCTAA,0,1318440
furpa,0.14285714285714285,6,6,GGGAGACTTCGCACTTCATA,0,1292784
furpa,0.14285714285714285,6,6,GGCTTGATGTTATCGGGCTA,0,1327369
furpa,0.14285714285714285,6,6,GGCTTCGCGCATGATTTTGG,0,1355125
furpa,0.14285714285714285,6,6,GGCTGGACTCTGGTTTCAAT,0,1301624
furpa,0.14285714285714285,6,6,GGCTGCGGGAATTAGGAACA,0,1295059
furpa,0.14285714285714285,6,6,GGCGTGTACGGGGTGGAACG,0,1326058
furpa,0.14285714285714285,6,6,GGCGGAACTAGGGGCCTTTT,0,1342850
furpa,0.14285714285714285,6,6,GGCGCACCCAAGAGACACCG,0,1348893
furpa,0.14285714285714285,6,6,GGCCTTTGCAGCCGCAGAGC,0,1331593
furpa,0.14285714285714285,6,6,GGCCTTAGCTTATGACACAA,0,1325926
furpa,0.14285714285714285,6,6,GGCCTCCAGCGACATTAAAA,0,1322677
furpa,0.14285714285714285,6,6,GGCCGATCGGCTAGACGTTT,0,1293387
furpa,0.14285714285714285,6,6,GGCCGATACTAACAACAGTA,0,1297095
furpa,0.14285714285714285,6,6,GGCCGAGACAGGTCAGCGAA,0,1315822
furpa,0.14285714285714285,6,6,GGCCATAAAAGTATAGAGTG,0,1316702
furpa,0.14285714285714285,6,6,GGCAGTGGTGTGAATTTCAG,0,1312510
furpa,0.14285714285714285,6,6,GGCAGGGCGGTTTGTCCTCC,0,1343000
furpa,0.14285714285714285,6,6,GGCACGTTAGCGTACCCCGT,0,1328634
furpa,0.14285714285714285,6,6,GGCACGGTTGGCAGCCTGTA,0,1343530
furpa,0.14285714285714285,6,6,GGCACCAGTCTAGCCCCTGT,0,1319272
furpa,0.14285714285714285,6,6,GGCAAGCCTGCCTATTAATA,0,1294152
furpa,0.14285714285714285,6,6,GGATGCCGGAGCTTCTTGAT,0,1354503
furpa,0.14285714285714285,6,6,GGATCTGGGCTGAAGGTGTA,0,1339542
furpa,0.14285714285714285,6,6,GGATCGCAGCCTAAGCGTAT,0,1334417
furpa,0.14285714285714285,6,6,GGATCATGACGTCTTCTTGA,0,1291809
furpa,0.14285714285714285,6,6,GGATAGAAGGGAACCAGTAG,0,1278602
furpa,0.14285714285714285,6,6,GGATAAGTTTCCCAGACGGC,0,1303376
furpa,0.14285714285714285,6,6,GGAGTGTGGAAGGTAGACAT,0,1320836
furpa,0.14285714285714285,6,6,GGAGTGAGCAGGGCCTCGAG,0,1311525
furpa,0.14285714285714285,6,6,GGAGCTAACATCGGTTTTGG,0,1341636
furpa,0.14285714285714285,6,6,GGACTTTTAAGTTTACTCGT,0,1320634
furpa,0.14285714285714285,6,6,GGACTTGGAACATTGATTAG,0,1325959
furpa,0.14285714285714285,6,6,GGACCTTGATAACACTAGAC,0,1305021
furpa,0.14285714285714285,6,6,GGACAGACAGCAGTGGAATT,0,1328197
furpa,0.14285714285714285,6,6,GGAACGCGTTCTTATACTCA,0,1326040
furpa,0.14285714285714285,6,6,GGAAAATGCGTATAATCATA,0,1275371
furpa,0.14285714285714285,6,6,GGAAAAAGCACCAGGACCTA,0,1321049
furpa,0.14285714285714285,6,6,GCTTTCGGTTCCCTTTAATG,0,1307926
furpa,0.14285714285714285,6,6,GCTTTAGGTAGCCGAGGCGA,0,1299201
furpa,0.14285714285714285,6,6,GCTTGCATGTCCTACACCAA,0,1353329
furpa,0.14285714285714285,6,6,GCTTGATTGTTGCAAAGATT,0,1307984
furpa,0.14285714285714285,6,6,GCTTATCTGCCGTCCCATCG,0,1276623
furpa,0.14285714285714285,6,6,GCTGTCCGTTTCCTCATATG,0,1284864
furpa,0.14285714285714285,6,6,GCTGGCCCACATCCTCCTCG,0,1329377
furpa,0.14285714285714285,6,6,GCTGCTCCAAGGCTCATAGA,0,1349656
furpa,0.14285714285714285,6,6,GCTGCCTCTGATCCTGATGG,0,1330082
furpa,0.14285714285714285,6,6,GCTGAGGGGTCAGTGCTGAG,0,1342715
furpa,0.14285714285714285,6,6,GCTCGTGCGACCGGGGATCG,0,1287504
furpa,0.14285714285714285,6,6,GCTCGCGCAGTACCGAGGCA,0,1337181
furpa,0.14285714285714285,6,6,GCTCAAAGTACGTGACTTTA,0,1283848
furpa,0.14285714285714285,6,6,GCTCAAACTGCAATATCACG,0,1350476
furpa,0.14285714285714285,6,6,GCTATGTTACACGTATCGCT,0,1323629
furpa,0.14285714285714285,6,6,GCTAGCATTTTATCATCCTC,0,1354982
furpa,0.14285714285714285,6,6,GCTAGACATTGTTCGAGTGG,0,1327667
furpa,0.14285714285714285,6,6,GCTAAGGGTGCTGTGTGAGA,0,1337440
furpa,0.14285714285714285,6,6,GCGTTTCGCTATCGAAGATC,0,1282073
furpa,0.14285714285714285,6,6,GCGTGTGGGGAGTTCCGAAA,0,1332230
furpa,0.14285714285714285,6,6,GCGTGTGCGTATGTGTAGTT,0,1308903
furpa,0.14285714285714285,6,6,GCGTCTGAGCATGCTGATCT,0,1332304
furpa,0.14285714285714285,6,6,GCGTAGTTCAGACTCCGCTT,0,1273075
furpa,0.14285714285714285,6,6,GCGGTCATGCGCCCTGATCG,0,1296697
furpa,0.14285714285714285,6,6,GCGGCCTCCTGCATGCGGAG,0,1291569
furpa,0.14285714285714285,6,6,GCGGAAAGCTCCTACATAGT,0,1289206
furpa,0.14285714285714285,6,6,GCGCTTCATAGGGGTTATTC,0,1341687
furpa,0.14285714285714285,6,6,GCGCCTCATGTAGGGTGTAT,0,1317284
furpa,0.14285714285714285,6,6,GCGCCGGGTTTAGCAGCGGG,0,1320511
furpa,0.14285714285714285,6,6,GCGCATCCCGTCGGCCGACT,0,1340451
furpa,0.14285714285714285,6,6,GCGCAACTCCTGCGGTGTGA,0,1313642
furpa,0.14285714285714285,6,6,GCGATCTGTACAGCACTGTA,0,1330588
furpa,0.14285714285714285,6,6,GCGATCAAGAAAAGCGGAGA,0,1346185
furpa,0.14285714285714285,6,6,GCGACATTCTTCGCAAGGAC,0,1275154
furpa,0.14285714285714285,6,6,GCGAATTCACAAATACTGAG,0,1338447
furpa,0.14285714285714285,6,6,GCCTTCAGGGTTTCACGGTC,0,1283670
furpa,0.14285714285714285,6,6,GCCTGGGTGTGTGGCTCATC,0,1278988
furpa,0.14285714285714285,6,6,GCCTCCGCGCACGGCAGTGA,0,1347848
furpa,0.14285714285714285,6,6,GCCTCCAGCTCCATGTGAAT,0,1305271
furpa,0.14285714285714285,6,6,GCCGGTCAAGTGAGTAAAAG,0,1316520
furpa,0.14285714285714285,6,6,GCCGGGTGTTCGCACGTATT,0,1319110
furpa,0.14285714285714285,6,6,GCCGGCAAGATGGTCTGTAC,0,1271822
furpa,0.14285714285714285,6,6,GCCGCGTTTCTCGTCCGACG,0,1327435
furpa,0.14285714285714285,6,6,GCCGCAGACGCCAGTGGTGT,0,1298576
furpa,0.14285714285714285,6,6,GCCCGCGTTCATGGCTCAAT,0,1293997
furpa,0.14285714285714285,6,6,GCCCAACGCAAAAGCCGAGA,0,1324763
furpa,0.14285714285714285,6,6,GCCATATTAAATCGCCTCTT,0,1292281
furpa,0.14285714285714285,6,6,GCCAGGCCACCCATTCGGAA,0,1336207
furpa,0.14285714285714285,6,6,GCCAGCGCGAGGGTTTATGT,0,1293198
furpa,0.14285714285714285,6,6,GCCACAGATGGCTCATGCTA,0,1321489
furpa,0.14285714285714285,6,6,GCCACACTCCTTCTCGGGCG,0,1310120
furpa,0.14285714285714285,6,6,GCATTGTCAGAGTAATCATG,0,1279982
furpa,0.14285714285714285,6,6,GCATGGGAGAGGTCCTAGCA,0,1323820
furpa,0.14285714285714285,6,6,GCATGCGAGCATAGCTAAAG,0,1288860
furpa,0.14285714285714285,6,6,GCATGCATTCCGTGTAAGAC,0,1278546
furpa,0.14285714285714285,6,6,GCATAACCCTTCTGGCACCC,0,1320464
furpa,0.14285714285714285,6,6,GCAGCGTGTTGTAGGCATGT,0,1339483
furpa,0.14285714285714285,6,6,GCAGATAGGGTAGCAAAGAA,0,1274182
furpa,0.14285714285714285,6,6,GCAGAGGTCATCGAGTTACT,0,1291202
furpa,0.14285714285714285,6,6,GCAGAGCCGGCAACAGGGGG,0,1297593
furpa,0.14285714285714285,6,6,GCACTGGCCTGCTTTATTTC,0,1282081
furpa,0.14285714285714285,6,6,GCACTCGAGGTCTGGGCTGA,0,1304305
furpa,0.14285714285714285,6,6,GCACCATCCATCCTGGTGGG,0,1322561
furpa,0.14285714285714285,6,6,GCACACGACTCTCCGGTACC,0,1283068
furpa,0.14285714285714285,6,6,GCAATGTTCGACCCTAATAC,0,1275528
furpa,0.14285714285714285,6,6,GCAATATAAGTCAATCGAAG,0,1274141
furpa,0.14285714285714285,6,6,GCAATAGCAAATTACGTCAA,0,1294129
furpa,0.14285714285714285,6,6,GCAAGTTAGCAGGGGATCCG,0,1276878
furpa,0.14285714285714285,6,6,GCAAGTAAGACACTGAGGCT,0,1330673
furpa,0.14285714285714285,6,6,GCAACTCGATACACCTCGGG,0,1350413
furpa,0.14285714285714285,6,6,GCAACTCAGATGCCCGGGAG,0,1298207
furpa,0.14285714285714285,6,6,GCAACGCTCGGGTGATATTT,0,1341486
furpa,0.14285714285714285,6,6,GCAAAACTTTTAATTCGTGC,0,1310301
furpa,0.14285714285714285,6,6,GATTAGTTTAAGCGCGGGCA,0,1279716
furpa,0.14285714285714285,6,6,GATTAGGCTCTCTGGGTTCC,0,1309111
furpa,0.14285714285714285,6,6,GATTAACAGCTACCTGGGTA,0,1314912
furpa,0.14285714285714285,6,6,GATGCTGTAGGTCTCCTGAG,0,1282970
furpa,0.14285714285714285,6,6,GATGCCTGGCGGCTTGCTGG,0,1280494
furpa,0.14285714285714285,6,6,GATGAGTATTACGAACGGAT,0,1293382
furpa,0.14285714285714285,6,6,GATGAGAACGAATCCTACCT,0,1276226
furpa,0.14285714285714285,6,6,GATCTTCAACGAAATCAACC,0,1272319
furpa,0.14285714285714285,6,6,GATCTGCATGCGGCAGATGT,0,1343532
furpa,0.14285714285714285,6,6,GATCCGTAGAGGACATTGAC,0,1301515
furpa,0.14285714285714285,6,6,GATCATCCCGCGCCTTAGGC,0,1322033
furpa,0.14285714285714285,6,6,GATCACTTCATGCTATGGCT,0,1280527
furpa,0.14285714285714285,6,6,GATATCGGGAAGCACCATTA,0,1315974
furpa,0.14285714285714285,6,6,GATATCGCCAGCGGCCCCAG,0,1356690
furpa,0.14285714285714285,6,6,GATAGATGCCGTACATGGCC,0,1297536
furpa,0.14285714285714285,6,6,GATACTTCGCCTCGCCGTTA,0,1324177
furpa,0.14285714285714285,6,6,GATAACATTCAATGACGGCT,0,1272594
furpa,0.14285714285714285,6,6,GAGTGTGGGGCTCAAAGAAA,0,1327443
furpa,0.14285714285714285,6,6,GAGTGGTGCATACGATGTGC,0,1301481
furpa,0.14285714285714285,6,6,GAGTCAGGCGGGCGATACAC,0,1295336
furpa,0.14285714285714285,6,6,GAGGGACTAACCAACAACGT,0,1275812
furpa,0.14285714285714285,6,6,GAGGCACCAAACACTAAAGG,0,1344546
furpa,0.14285714285714285,6,6,GAGCTGAACTCTTTGCTTGT,0,1298578
furpa,0.14285714285714285,6,6,GAGCTCCTATCCGCATTAGT,0,1279183
furpa,0.14285714285714285,6,6,GAGCGTAAATTCAGTGCGTC,0,1348216
furpa,0.14285714285714285,6,6,GAGCGGCAGCCGTAGAAAAC,0,1291942
furpa,0.14285714285714285,6,6,GAGCGATTTCGTCTAAACAC,0,1315810
furpa,0.14285714285714285,6,6,GAGCGATCTTAGGCATTTTG,0,1272907
furpa,0.14285714285714285,6,6,GAGCGAGAATTCCGGCGGCA,0,1297669
furpa,0.14285714285714285,6,6,GAGCGAATAAGAGATCGTCT,0,1347140
furpa,0.14285714285714285,6,6,GAGCCCTGCGAAGTATGGAT,0,1342366
furpa,0.14285714285714285,6,6,GAGCCCACAGAGTTCACGTT,0,1294331
furpa,0.14285714285714285,6,6,GAGAGGCTAGGGAAGCGCGC,0,1353085
furpa,0.14285714285714285,6,6,GAGACGGGGATGAGAAGTCT,0,1271648
furpa,0.14285714285714285,6,6,GAGACATAAGGGGGATGATA,0,1314625
furpa,0.14285714285714285,6,6,GAGAATGTCGATTACTTGAT,0,1339703
furpa,0.14285714285714285,6,6,GAGAATGAAACTACCAGGGC,0,1328289
furpa,0.14285714285714285,6,6,GAGAACAGAAATTTGTACGA,0,1356970
furpa,0.14285714285714285,6,6,GACTTGCAAGACAACATTAT,0,1271937
furpa,0.14285714285714285,6,6,GACTGAGACGCACCTCAGGT,0,1333096
furpa,0.14285714285714285,6,6,GACTCGCAAGGGTAATTTGC,0,1288453
furpa,0.14285714285714285,6,6,GACTCACCTCCCGCGCGACT,0,1341495
furpa,0.14285714285714285,6,6,GACTATGGAACATGTTGGGA,0,1310534
furpa,0.14285714285714285,6,6,GACGCTGGTATATCATGTGC,0,1294569
furpa,0.14285714285714285,6,6,GACCTTATCTTGATGTTTGA,0,1321481
furpa,0.14285714285714285,6,6,GACCGTCTGTACGGGCTTGT,0,1275599
furpa,0.14285714285714285,6,6,GACCGGGCCAATCGTTAGGC,0,1286365
furpa,0.14285714285714285,6,6,GACCGGCGTGTAGGTTCAGA,0,1341208
furpa,0.14285714285714285,6,6,GACCGCAATAATTAATTATT,0,1274314
furpa,0.14285714285714285,6,6,GACACGGTCGGTATCGCTAA,0,1312936
furpa,0.14285714285714285,6,6,GACACCTTGCCGAAGGGTAG,0,1347078
furpa,0.14285714285714285,6,6,GACAATCGTTACCCGGTGGA,0,1330939
furpa,0.14285714285714285,6,6,GACAAACTACAACTCAACCC,0,1304905
furpa,0.14285714285714285,6,6,GAATTACCCCGGACAGTCAG,0,1332415
furpa,0.14285714285714285,6,6,GAATGTTAGAACGCTTCGAG,0,1301031
furpa,0.14285714285714285,6,6,GAATGCATTTGCGTTTCCGT,0,1294795
furpa,0.14285714285714285,6,6,GAAGGGTTCTCATAGCTGTT,0,1321685
furpa,0.14285714285714285,6,6,GAAGGCGCTTGTAGTTTCCG,0,1302604
furpa,0.14285714285714285,6,6,GAAGCATCGGAAATATAAGA,0,1304378
furpa,0.14285714285714285,6,6,GAAGCACACAGTGTACAGTT,0,1297060
furpa,0.14285714285714285,6,6,GAACCTATGGGACTTGCTAG,0,1315774
furpa,0.14285714285714285,6,6,GAACCAGCTATGGCATGAAA,0,1273484
furpa,0.14285714285714285,6,6,GAAAGGGTCTGAAAAACGTC,0,1311278
furpa,0.14285714285714285,6,6,GAAAGAGTGAAACCGTCCAT,0,1332319
furpa,0.14285714285714285,6,6,GAAACGGTACCAAGCTCCTA,0,1300121
furpa,0.14285714285714285,6,6,GAAACCCAGCCCTTTACTAC,0,1305633
furpa,0.14285714285714285,6,6,GAAACATGGGGGCGATGTTC,0,1342730
furpa,0.14285714285714285,6,6,GAAAACCTTTTGAAATCGAA,0,1297098
furpa,0.14285714285714285,6,6,CTTTCACACTGCAAACATAG,0,1337431
furpa,0.14285714285714285,6,6,CTTTACCCGGTCGAGTCACC,0,1283493
furpa,0.14285714285714285,6,6,CTTGTGGGTGCTGCATGATG,0,1332848
furpa,0.14285714285714285,6,6,CTTGTATGGTAAAGAAAGTC,0,1290184
furpa,0.14285714285714285,6,6,CTTGTATCATCGTGCTTTCT,0,1300953
furpa,0.14285714285714285,6,6,CTTGAGAATTGAAACGGGTG,0,1355354
furpa,0.14285714285714285,6,6,CTTCTTCGTCTTCCTTCACC,0,1328466
furpa,0.14285714285714285,6,6,CTTCGGTTCGTGGATATCTC,0,1356708
furpa,0.14285714285714285,6,6,CTTCCATCTACCGTTAGCAG,0,1318264
furpa,0.14285714285714285,6,6,CTTCAAGTATCAAGAAACCG,0,1328596
furpa,0.14285714285714285,6,6,CTTATTAGGCGTCGTTATTC,0,1284258
furpa,0.14285714285714285,6,6,CTTATGCTTGTTTTGTACAT,0,1289606
furpa,0.14285714285714285,6,6,CTTATAGGACCTTGCCAGCA,0,1276224
furpa,0.14285714285714285,6,6,CTTACGGTCTAGGGAGTGGA,0,1310468
furpa,0.14285714285714285,6,6,CTTACGGCCAGCGGTCCTCA,0,1300213
furpa,0.14285714285714285,6,6,CTTAATGACCCGTCAGCTTA,0,1279513
furpa,0.14285714285714285,6,6,CTTAACACAAGCCAGTCGCA,0,1346446
furpa,0.14285714285714285,6,6,CTGTGCATGCTTATTTGAAC,0,1343955
furpa,0.14285714285714285,6,6,CTGTATTCCTCGCATAAGGG,0,1282947
furpa,0.14285714285714285,6,6,CTGTATGCGTCATGGCAGTG,0,1342851
furpa,0.14285714285714285,6,6,CTGTATCGAAATAGCCCCCT,0,1281323
furpa,0.14285714285714285,6,6,CTGTAGACTCTATCGCGGAA,0,1349726
furpa,0.14285714285714285,6,6,CTGTAAAGCGGGGCAGTACA,0,1320900
furpa,0.14285714285714285,6,6,CTGGTCACGATGCTCATACA,0,1308650
furpa,0.14285714285714285,6,6,CTGGGTACCTGAAAAAAGGT,0,1312633
furpa,0.14285714285714285,6,6,CTGGGGAGATCCGTCTCCCA,0,1294246
furpa,0.14285714285714285,6,6,CTGGCTCCAGAGTTCCTTGC,0,1346530
furpa,0.14285714285714285,6,6,CTGGAGGTCGGACGGTATAT,0,1329093
furpa,0.14285714285714285,6,6,CTGCTTGGCATGGTACGGTC,0,1294009
furpa,0.14285714285714285,6,6,CTGCTGGGCGCAACGAGATC,0,1356609
furpa,0.14285714285714285,6,6,CTGCCGGTCCACACACCTGC,0,1297425
furpa,0.14285714285714285,6,6,CTGCCCAGGGAGATGGACGA,0,1295611
furpa,0.14285714285714285,6,6,CTGCATTGGGGGGTTATGTT,0,1314125
furpa,0.14285714285714285,6,6,CTGATCGCTGGGAAATCGCG,0,1296936
furpa,0.14285714285714285,6,6,CTGACACCCTCCTCGCGGCT,0,1350779
furpa,0.14285714285714285,6,6,CTGACAAAGCGAAGTACCAC,0,1349808
furpa,0.14285714285714285,6,6,CTGAATTCCACATGCGGACT,0,1356806
furpa,0.14285714285714285,6,6,CTCTTTGATGTGGGAAACTT,0,1342713
furpa,0.14285714285714285,6,6,CTCTTCTGTATAGATATATA,0,1352951
furpa,0.14285714285714285,6,6,CTCTGCTCCTCGAAAGTTTA,0,1320438
furpa,0.14285714285714285,6,6,CTCTCAGAAAGCTCGCTAAG,0,1281166
furpa,0.14285714285714285,6,6,CTCGTATCACGATAGCCCGA,0,1292752
furpa,0.14285714285714285,6,6,CTCGGCTGTACACCATGCCA,0,1312720
furpa,0.14285714285714285,6,6,CTCGGATGTACACATTATCA,0,1278419
furpa,0.14285714285714285,6,6,CTCGCCTGTCGTGCGCATAT,0,1332475
furpa,0.14285714285714285,6,6,CTCCTTACGGCCTTAATTGA,0,1288537
furpa,0.14285714285714285,6,6,CTCCGTACCACCGGTTGAAT,0,1294240
furpa,0.14285714285714285,6,6,CTCATGACAGTGATGAGCAA,0,1316522
furpa,0.14285714285714285,6,6,CTCAGTTCGGCGTTGCCGCT,0,1292760
furpa,0.14285714285714285,6,6,CTCAGGCGTTATGGAGCCTT,0,1317557
furpa,0.14285714285714285,6,6,CTCAGAATTGTACCGTATCT,0,1296853
furpa,0.14285714285714285,6,6,CTCACTGACCACATTTGTAT,0,1277758
furpa,0.14285714285714285,6,6,CTCACTATGTGGCAGGTATC,0,1292149
furpa,0.14285714285714285,6,6,CTCAATTGGTATCGACACAT,0,1328118
furpa,0.14285714285714285,6,6,CTCAATTAAATGTGTCGTCT,0,1299022
furpa,0.14285714285714285,6,6,CTCAAGAGGACGGGGCGAAT,0,1311276
furpa,0.14285714285714285,6,6,CTATGCTGCTGGCATTACGA,0,1328753
furpa,0.14285714285714285,6,6,CTATATGGCGGTGTCAACGG,0,1318511
furpa,0.14285714285714285,6,6,CTATAGATCAGCTCATGTAC,0,1353926
furpa,0.14285714285714285,6,6,CTATACGAAGACTATTCTTC,0,1292062
furpa,0.14285714285714285,6,6,CTAGTATGACTCGCGGGGGA,0,1283706
furpa,0.14285714285714285,6,6,CTACGTCGTAAGTTAGTTGA,0,1301235
furpa,0.14285714285714285,6,6,CTACGTCAGAGGCCCCCACT,0,1320770
furpa,0.14285714285714285,6,6,CTACCACGACTCTCATCCGC,0,1322220
furpa,0.14285714285714285,6,6,CTAATTCCTACCGGCCTCAA,0,1330935
furpa,0.14285714285714285,6,6,CTAATCTGCCAGAAAAACTC,0,1276665
furpa,0.14285714285714285,6,6,CTAACTCAGGCCTACAAGCT,0,1344347
furpa,0.14285714285714285,6,6,CTAACGGAATGGATAGTCCA,0,1324587
furpa,0.14285714285714285,6,6,CGTTTAGCGGAATTACTTAG,0,1349044
furpa,0.14285714285714285,6,6,CGTTGACTCGCGCTCTATTG,0,1288364
furpa,0.14285714285714285,6,6,CGTTCTACACATCCTGCGCC,0,1277690
furpa,0.14285714285714285,6,6,CGTTCCCTCGTCCATTGTCG,0,1323467
furpa,0.14285714285714285,6,6,CGTTCCATTTAGGGTCTGTA,0,1334088
furpa,0.14285714285714285,6,6,CGTTCAACATCAGTTTAGGT,0,1307459
furpa,0.14285714285714285,6,6,CGTTATTGTCACGGTGCCGG,0,1339349
furpa,0.14285714285714285,6,6,CGTTATTGGGGGGGCTACAA,0,1355812
furpa,0.14285714285714285,6,6,CGTGTCTTTTGGAGACAAAC,0,1322872
furpa,0.14285714285714285,6,6,CGTGATATTGGAATAGATCT,0,1304729
furpa,0.14285714285714285,6,6,CGTGACGGGCGAGCGATTCT,0,1284875
furpa,0.14285714285714285,6,6,CGTCTCTTACTGCGCGATGC,0,1325233
furpa,0.14285714285714285,6,6,CGTCTCGAGCCATCCGTAGT,0,1342046
furpa,0.14285714285714285,6,6,CGTCGGAATTGGAGTAAGCT,0,1303553
furpa,0.14285714285714285,6,6,CGTCGCAACTGCCGCCGTCT,0,1327166
furpa,0.14285714285714285,6,6,CGTCGCAACACGAATCGCGT,0,1310596
furpa,0.14285714285714285,6,6,CGTCCTACATAATTCTTATT,0,1330050
furpa,0.14285714285714285,6,6,CGTCCACCTTGGTCAATAGA,0,1307743
furpa,0.14285714285714285,6,6,CGTCCACCTCCATGAGGCCA,0,1287435
furpa,0.14285714285714285,6,6,CGTCATGGGTACGCACTACG,0,1338978
furpa,0.14285714285714285,6,6,CGTATTGGGTGGGTGAGGAT,0,1293725
furpa,0.14285714285714285,6,6,CGTAGTTCGGGCGCAACAAC,0,1273125
furpa,0.14285714285714285,6,6,CGTAGGTCCTTCAACGTCGG,0,1309708
furpa,0.14285714285714285,6,6,CGTACTAAACCGCTAGCGAA,0,1314551
furpa,0.14285714285714285,6,6,CGGTTGCGTTGAGTGTGGCA,0,1336006
furpa,0.14285714285714285,6,6,CGGTGCGGGCTGTCACCATT,0,1274088
furpa,0.14285714285714285,6,6,CGGTGAAAGCATAAGCGCCG,0,1322957
furpa,0.14285714285714285,6,6,CGGTCCGGAGCGGCAGGTCG,0,1355810
furpa,0.14285714285714285,6,6,CGGTAATCGATGAGGCGTCT,0,1287004
furpa,0.14285714285714285,6,6,CGGTAAAAGACTAAGGGGGT,0,1287869
furpa,0.14285714285714285,6,6,CGGGGGACCTGTCTGTGCGA,0,1296236
furpa,0.14285714285714285,6,6,CGGGCGTATCTGGGGTGAGA,0,1273644
furpa,0.14285714285714285,6,6,CGGGCGCACGCGTTAGATCT,0,1355484
furpa,0.14285714285714285,6,6,CGGCTGAGGACTACCCCATC,0,1299067
furpa,0.14285714285714285,6,6,CGGCGTGAATGCAATGGGCT,0,1301101
furpa,0.14285714285714285,6,6,CGGCGGGGGAGAAAGCGTGA,0,1324286
furpa,0.14285714285714285,6,6,CGGCAAGGCAAAGCGGTAGA,0,1326072
furpa,0.14285714285714285,6,6,CGGATAACGTTGAGGTGACA,0,1289184
furpa,0.14285714285714285,6,6,CGGAGGTACTTACGAAGGGG,0,1290502
furpa,0.14285714285714285,6,6,CGGAGGATCAATTTGTTGTC,0,1291211
furpa,0.14285714285714285,6,6,CGGAGCAACGCGGGGCTGAC,0,1303799
furpa,0.14285714285714285,6,6,CGGAAGCATACGATACCACG,0,1286019
furpa,0.14285714285714285,6,6,CGGAAAAATCTGTACAGGGC,0,1352457
furpa,0.14285714285714285,6,6,CGCTTCCCGCTGGCGTCACA,0,1325113
furpa,0.14285714285714285,6,6,CGCTGTAACGGCACATTAGT,0,1354939
furpa,0.14285714285714285,6,6,CGCTCGGGCATGTCGGGTAT,0,1284953
furpa,0.14285714285714285,6,6,CGCTCATTTGAGCGGTCTTC,0,1337189
furpa,0.14285714285714285,6,6,CGCTCATAAACTGACACTTA,0,1302520
furpa,0.14285714285714285,6,6,CGCTAATCGAGGATCCTAGG,0,1334990
furpa,0.14285714285714285,6,6,CGCGTCCCTAGAGAATGAGT,0,1271655
furpa,0.14285714285714285,6,6,CGCGCTGACGCTACGAGATC,0,1295545
furpa,0.14285714285714285,6,6,CGCCTTCTGACGGATGATAG,0,1336267
furpa,0.14285714285714285,6,6,CGCCTGTGCATCGGACAACA,0,1272320
furpa,0.14285714285714285,6,6,CGCCTATCAATTGAATCAAG,0,1321404
furpa,0.14285714285714285,6,6,CGCCTAACATCGGGATAGCG,0,1311462
furpa,0.14285714285714285,6,6,CGCCAAGGGTCGCTTTATAT,0,1289800
furpa,0.14285714285714285,6,6,CGCATGATCGGCGTTCTGTA,0,1326285
furpa,0.14285714285714285,6,6,CGCACTTCACAACTTAGACA,0,1282747
furpa,0.14285714285714285,6,6,CGCACGTATTTGCTACAAAT,0,1327007
furpa,0.14285714285714285,6,6,CGCAAGAAACTGCTTCACTT,0,1302235
furpa,0.14285714285714285,6,6,CGATTAATCTCTGTGCACCT,0,1345440
furpa,0.14285714285714285,6,6,CGATGTTGACCATTTAGGTT,0,1321480
furpa,0.14285714285714285,6,6,CGATGCTTAGTCCGCATCTA,0,1306869
furpa,0.14285714285714285,6,6,CGATCTGTCTCCAGACACTC,0,1319281
furpa,0.14285714285714285,6,6,CGATAGAGTCAAATGAGACT,0,1279512
furpa,0.14285714285714285,6,6,CGATACTTGGACTCAAGGGG,0,1298922
furpa,0.14285714285714285,6,6,CGAGTATTGTACAGGGATGA,0,1343789
furpa,0.14285714285714285,6,6,CGAGCGCGTGTTGCGGCGTG,0,1279353
furpa,0.14285714285714285,6,6,CGAGATAACGGAAAGAAAAT,0,1339275
furpa,0.14285714285714285,6,6,CGAGAGGAAGCTGGGCTCGG,0,1291409
furpa,0.14285714285714285,6,6,CGACTGACCATTCATTGGCT,0,1278932
furpa,0.14285714285714285,6,6,CGACTCTTAACATGCGATGC,0,1286207
furpa,0.14285714285714285,6,6,CGACTCCCAGTTGCCTGTTT,0,1286404
furpa,0.14285714285714285,6,6,CGACGATACGGTGTGTTTTT,0,1298146
furpa,0.14285714285714285,6,6,CGACCGTTAATACATGCTTA,0,1316683
furpa,0.14285714285714285,6,6,CGACCCGACTGGACGCCACA,0,1285277
furpa,0.14285714285714285,6,6,CGACCATTCGTCACGCTTTG,0,1311934
furpa,0.14285714285714285,6,6,CGAACGATAACGACGTCAAG,0,1302601
furpa,0.14285714285714285,6,6,CCTTTGGTGGCATGCATAAG,0,1349654
furpa,0.14285714285714285,6,6,CCTTGTGTCAGACAGACAAT,0,1343071
furpa,0.14285714285714285,6,6,CCTTCAAGGTGCCTGCGTCG,0,1295448
furpa,0.14285714285714285,6,6,CCTTACTTTTTCTTTCGCTT,0,1280085
furpa,0.14285714285714285,6,6,CCTTAAAACCCTTGCGGATC,0,1275656
furpa,0.14285714285714285,6,6,CCTGTAAATAGTATCCAACC,0,1329739
furpa,0.14285714285714285,6,6,CCTGGCGAATTCTTTGCGTC,0,1353927
furpa,0.14285714285714285,6,6,CCTGCTACCCAACGGGCGAA,0,1296628
furpa,0.14285714285714285,6,6,CCTGAATATGTTACCAGAAC,0,1343447
furpa,0.14285714285714285,6,6,CCTCTTGTGGAACGCGTAGG,0,1354776
furpa,0.14285714285714285,6,6,CCTCTTAAATAGAATCGTTT,0,1275780
furpa,0.14285714285714285,6,6,CCTCTAGGCAATGTCGTCTT,0,1271325
furpa,0.14285714285714285,6,6,CCTCGCTACCGACATGTGCC,0,1332371
furpa,0.14285714285714285,6,6,CCTCGCTACCCATTGGTTCT,0,1316756
furpa,0.14285714285714285,6,6,CCTCGATCCCGGCATCCCGA,0,1279588
furpa,0.14285714285714285,6,6,CCTCCACCAAGTGTGGCCTT,0,1285742
furpa,0.14285714285714285,6,6,CCTCATGCTTCTCCCACATG,0,1333758
furpa,0.14285714285714285,6,6,CCTATTGGCCCGCCGACAGG,0,1287000
furpa,0.14285714285714285,6,6,CCTATGTTCTTCATGGTGAA,0,1292128
furpa,0.14285714285714285,6,6,CCTATACATATAAGATCGGG,0,1318956
furpa,0.14285714285714285,6,6,CCTAATACGGTTGTCGGAGC,0,1300070
furpa,0.14285714285714285,6,6,CCTAAGCTGGGCAGCATTAT,0,1352653
furpa,0.14285714285714285,6,6,CCGTTCTTCCGATGGAGATC,0,1290417
furpa,0.14285714285714285,6,6,CCGTGCACTAGCAATGAAAT,0,1298912
furpa,0.14285714285714285,6,6,CCGTAAAGGTTGCGAGCAGG,0,1337756
furpa,0.14285714285714285,6,6,CCGGTTGCTGTCTTATAGTC,0,1297008
furpa,0.14285714285714285,6,6,CCGGGTCCGACTTCCAAGAG,0,1311803
furpa,0.14285714285714285,6,6,CCGGGCGAGATGTTGTTTGT,0,1351392
furpa,0.14285714285714285,6,6,CCGGGCATTCCCGGTTGCAG,0,1289150
furpa,0.14285714285714285,6,6,CCGGCCTGTTCACCCATCAA,0,1321185
furpa,0.14285714285714285,6,6,CCGGACGACAAAAGCTCTAA,0,1305876
furpa,0.14285714285714285,6,6,CCGCGGGAAGCGATATGCAA,0,1330943
furpa,0.14285714285714285,6,6,CCGCGGCGTACGGCTCTGGG,0,1273374
furpa,0.14285714285714285,6,6,CCGCGCCGCTATAAGCCCTG,0,1350979
furpa,0.14285714285714285,6,6,CCGCCGCTACGACTGCGGAT,0,1351988
furpa,0.14285714285714285,6,6,CCGCATATGGCGGTCTCTGC,0,1349638
furpa,0.14285714285714285,6,6,CCGCAAGACTTGTTGAATAT,0,1355361
furpa,0.14285714285714285,6,6,CCGATATTCGCACTACTCGA,0,1334167
furpa,0.14285714285714285,6,6,CCGAGATTCGCCCAGCCCTA,0,1290454
furpa,0.14285714285714285,6,6,CCCTTACTTCAGCGTATAGC,0,1356177
furpa,0.14285714285714285,6,6,CCCTGGATATAGATAATTGG,0,1314348
furpa,0.14285714285714285,6,6,CCCTGACCCGACTCCGTCTA,0,1292986
furpa,0.14285714285714285,6,6,CCCTCATGACTTCCGAATTG,0,1330410
furpa,0.14285714285714285,6,6,CCCTAGATATGGTAGCCCAA,0,1315747
furpa,0.14285714285714285,6,6,CCCGTTTTATAGTATTTAAC,0,1324664
furpa,0.14285714285714285,6,6,CCCGATTTTTTTCTAGGGCG,0,1350473
furpa,0.14285714285714285,6,6,CCCGAATACCTGTTGGACTG,0,1346956
furpa,0.14285714285714285,6,6,CCCGAAACTGCCGAAATAGG,0,1348571
furpa,0.14285714285714285,6,6,CCCCTTTCAACAAATAGTCC,0,1278754
furpa,0.14285714285714285,6,6,CCCCTTAAGGGGAGTAAATA,0,1298278
furpa,0.14285714285714285,6,6,CCCCTGCAAATGGTAAAGTA,0,1315024
furpa,0.14285714285714285,6,6,CCCCGCGCAGGTTAGTTATA,0,1277849
furpa,0.14285714285714285,6,6,CCCCCAATTAACCACTGATC,0,1275300
furpa,0.14285714285714285,6,6,CCCCAGTTCTCCTGAATCTT,0,1352185
furpa,0.14285714285714285,6,6,CCCAGCAATTGCCGGTACAC,0,1293767
furpa,0.14285714285714285,6,6,CCCAGAAATTGCTCTCTTTA,0,1337288
furpa,0.14285714285714285,6,6,CCCACATCATTTGATCCGCA,0,1324253
furpa,0.14285714285714285,6,6,CCATTTAGCCAAACCAGTTA,0,1335616
furpa,0.14285714285714285,6,6,CCATCTGGTTCCTCTTTATC,0,1283908
furpa,0.14285714285714285,6,6,CCATCTGAATGATTTTGCAT,0,1300912
furpa,0.14285714285714285,6,6,CCATCTCCCGCACCATGATG,0,1351320
furpa,0.14285714285714285,6,6,CCATCAATGGAACCACCGCA,0,1345760
furpa,0.14285714285714285,6,6,CCATATTCTTATTGATGTTA,0,1281238
furpa,0.14285714285714285,6,6,CCATAGGTATCGTGTAGACC,0,1302098
furpa,0.14285714285714285,6,6,CCATACCGATTCGACTGTGA,0,1339034
furpa,0.14285714285714285,6,6,CCAGGGGAACAAATCCTCTC,0,1315372
furpa,0.14285714285714285,6,6,CCAGGACCATATTGCACCCA,0,1282869
furpa,0.14285714285714285,6,6,CCAGATCGTATCAGAAGCCG,0,1305080
furpa,0.14285714285714285,6,6,CCAGACGTAACTGGCAAATG,0,1357343
furpa,0.14285714285714285,6,6,CCAGACGAATTTTACGCCAG,0,1312983
furpa,0.14285714285714285,6,6,CCACTTCTACGTGGTACGCA,0,1274193
furpa,0.14285714285714285,6,6,CCACTTACAAATCTTGACGA,0,1279281
furpa,0.14285714285714285,6,6,CCACGTCTAAGCTATCCGCT,0,1293765
furpa,0.14285714285714285,6,6,CCACGATTAACTTGAGATCG,0,1316455
furpa,0.14285714285714285,6,6,CCACGAGTATCCCTATGAAC,0,1309634
furpa,0.14285714285714285,6,6,CCACGAGGCAGACGCCTTAT,0,1348751
furpa,0.14285714285714285,6,6,CCACCTTATAGCCGTTAGAA,0,1278323
furpa,0.14285714285714285,6,6,CCACCGAAGCGTCACAGAAT,0,1276289
furpa,0.14285714285714285,6,6,CCACAGTGGTTAGGGCGACA,0,1287506
furpa,0.14285714285714285,6,6,CCACAATAGTAATCGTGAAG,0,1309948
furpa,0.14285714285714285,6,6,CCACAACCGGTTACTATTGA,0,1334829
furpa,0.14285714285714285,6,6,CCAATTTCCTACCCTGAAAC,0,1306323
furpa,0.14285714285714285,6,6,CCAATGGGGGTGTCAAAGTG,0,1355578
furpa,0.14285714285714285,6,6,CCAATGCCTACGTCAGCCAT,0,1343122
furpa,0.14285714285714285,6,6,CCAATAGTGCTCGAGAACAG,0,1357650
furpa,0.14285714285714285,6,6,CCAAGAGCGACGGTGTGCGC,0,1281792
furpa,0.14285714285714285,6,6,CATTTTTGACTCCCAGGTGG,0,1335172
furpa,0.14285714285714285,6,6,CATTTACTTATTATTCTAGC,0,1355200
furpa,0.14285714285714285,6,6,CATTGTGCATATGTTAGAGC,0,1333023
furpa,0.14285714285714285,6,6,CATTCAGTCATATTTCTATG,0,1332850
furpa,0.14285714285714285,6,6,CATTACCGGGAAGAATAAGC,0,1311437
furpa,0.14285714285714285,6,6,CATGTACGCAACCCTTCTGT,0,1319723
furpa,0.14285714285714285,6,6,CATGGTCAGAGAGCAGTAAC,0,1343039
furpa,0.14285714285714285,6,6,CATGGCTCGACGATCATGCA,0,1327842
furpa,0.14285714285714285,6,6,CATGCAATACTAAGGTACGG,0,1345262
furpa,0.14285714285714285,6,6,CATGAAGGTATCCCGGTATC,0,1342782
furpa,0.14285714285714285,6,6,CATCTTTATAAGAAGGCTTG,0,1310025
furpa,0.14285714285714285,6,6,CATCGCTATGAATCGGAAGA,0,1322858
furpa,0.14285714285714285,6,6,CATCCGTATAAGAGGCCAAA,0,1312934
furpa,0.14285714285714285,6,6,CATATCGAGGGCTTAGCAGT,0,1273699
furpa,0.14285714285714285,6,6,CATATACGACTATTTCGCAA,0,1289718
furpa,0.14285714285714285,6,6,CATAGTAGAAGTAAGGAAGA,0,1339101
furpa,0.14285714285714285,6,6,CATAGGGAAGGGGTATCTAA,0,1334461
furpa,0.14285714285714285,6,6,CATAAGAGAATACTCACAGA,0,1344975
furpa,0.14285714285714285,6,6,CATAAGACTGTTGATACGGC,0,1331770
furpa,0.14285714285714285,6,6,CAGTTCTGATAGATGGTGAG,0,1285237
furpa,0.14285714285714285,6,6,CAGTTATCATTCCCAGGTGC,0,1323487
furpa,0.14285714285714285,6,6,CAGTTAGTAGGTGAGTCCGA,0,1293763
furpa,0.14285714285714285,6,6,CAGTGACCCACCAGTTCGAT,0,1332285
furpa,0.14285714285714285,6,6,CAGGTACTGCGGATAGGCTA,0,1333221
furpa,0.14285714285714285,6,6,CAGGGGGTTATTTTCGGTGA,0,1308362
furpa,0.14285714285714285,6,6,CAGGGGCATGCTATCCAGGA,0,1301389
furpa,0.14285714285714285,6,6,CAGGGGCAGCCGGTAGATGT,0,1352798
furpa,0.14285714285714285,6,6,CAGGGCTCTTTCATTTCATG,0,1322546
furpa,0.14285714285714285,6,6,CAGGCTGTCCCCTCTGGACG,0,1312089
furpa,0.14285714285714285,6,6,CAGGCCGACCGCCTTACGAA,0,1324692
furpa,0.14285714285714285,6,6,CAGCCTCTCAATGTATCCAT,0,1315930
furpa,0.14285714285714285,6,6,CAGCCCCGCTAGTTCTGTTG,0,1301192
furpa,0.14285714285714285,6,6,CAGCAATCCCACCGCGCTCA,0,1351149
furpa,0.14285714285714285,6,6,CAGCAATATAGTACATAAAT,0,1330993
furpa,0.14285714285714285,6,6,CAGATGTGGCTTTTCGCACC,0,1337430
furpa,0.14285714285714285,6,6,CAGATGTCGGTGTTTAAGAA,0,1314057
furpa,0.14285714285714285,6,6,CAGATCTAGTTGTCTCACAG,0,1325964
furpa,0.14285714285714285,6,6,CAGATAGGTACCCGCATCAC,0,1349858
furpa,0.14285714285714285,6,6,CACTTGGCTTCTGACACGGT,0,1319099
furpa,0.14285714285714285,6,6,CACTGGCGGCCACACTCGGT,0,1281264
furpa,0.14285714285714285,6,6,CACGAAGTGAACAAATCAGA,0,1301006
furpa,0.14285714285714285,6,6,CACCTAGAATAGAGGTACCA,0,1314384
furpa,0.14285714285714285,6,6,CACCGTTATTGTAGCGGAGT,0,1285118
furpa,0.14285714285714285,6,6,CACCGGAGATTTAATCGAGC,0,1292368
furpa,0.14285714285714285,6,6,CACCATTCCCGGATGGGCAA,0,1324164
furpa,0.14285714285714285,6,6,CACCACGGAGTGCTACGCTC,0,1329517
furpa,0.14285714285714285,6,6,CACCACCTCGAGGAGACAGA,0,1354148
furpa,0.14285714285714285,6,6,CACCAAAGTTCGTGCCGCGG,0,1322871
furpa,0.14285714285714285,6,6,CACATGGTTACCCACTGGTG,0,1274792
furpa,0.14285714285714285,6,6,CACACAAACAATCAAGATGA,0,1299712
furpa,0.14285714285714285,6,6,CAATTTCAAAAGCGATTCGT,0,1332306
furpa,0.14285714285714285,6,6,CAATGGGTGAGGAACGACCT,0,1303565
furpa,0.14285714285714285,6,6,CAATGGCATCACTACCCTAG,0,1354200
furpa,0.14285714285714285,6,6,CAATCGAGTGACCGGTGGTT,0,1348786
furpa,0.14285714285714285,6,6,CAATATTTACGCAACAGCAG,0,1300548
furpa,0.14285714285714285,6,6,CAATATACAGATAAGTTGGA,0,1308298
furpa,0.14285714285714285,6,6,CAATACAAGGGTAGCGTATA,0,1354060
furpa,0.14285714285714285,6,6,CAAGTAAGGCAAGGCGTTAG,0,1299353
furpa,0.14285714285714285,6,6,CAAGGTTATGACTGGTAGTA,0,1331369
furpa,0.14285714285714285,6,6,CAAGACGGTGGCAGGGGCGC,0,1328757
furpa,0.14285714285714285,6,6,CAACTGTGAGGGAACTCAGC,0,1352954
furpa,0.14285714285714285,6,6,CAACGTCCCAGGCAAATCAC,0,1296014
furpa,0.14285714285714285,6,6,CAACGGGTCCCCCACCGAAC,0,1345381
furpa,0.14285714285714285,6,6,CAACACTACCGGACGTCGAT,0,1299445
furpa,0.14285714285714285,6,6,CAACAACGCCTCACGCCACG,0,1333989
furpa,0.14285714285714285,6,6,CAAACAGGGCCTGTCATATG,0,1274157
furpa,0.14285714285714285,6,6,ATTTTACAGAGGCGCGTGTA,0,1304282
furpa,0.14285714285714285,6,6,ATTTGTCTCGCCTCCCAGGG,0,1342930
furpa,0.14285714285714285,6,6,ATTTGCTGCTACAAGTTGTG,0,1304847
furpa,0.14285714285714285,6,6,ATTTCGATTCACGCATTTGA,0,1306059
furpa,0.14285714285714285,6,6,ATTGTTGTGTGCCAGAACAG,0,1326342
furpa,0.14285714285714285,6,6,ATTGTTGGGTGTGTTGTTGG,0,1279856
furpa,0.14285714285714285,6,6,ATTGTTAGAAATGGCGTACG,0,1307662
furpa,0.14285714285714285,6,6,ATTGTGCCGCCGTCCAGCCA,0,1305642
furpa,0.14285714285714285,6,6,ATTCTACCTCTGGAGTGAAC,0,1296677
furpa,0.14285714285714285,6,6,ATTCCTGTTTTAGTTGTATA,0,1305647
furpa,0.14285714285714285,6,6,ATTAGCATAGAGCGACGCGC,0,1283946
furpa,0.14285714285714285,6,6,ATTACAGACAGCGGGCACCC,0,1350751
furpa,0.14285714285714285,6,6,ATTAATCTAACGCCTAAAGC,0,1315896
furpa,0.14285714285714285,6,6,ATGTTGCATAGTTACCATAG,0,1289034
furpa,0.14285714285714285,6,6,ATGTTACCCCTCCTTACGTT,0,1296230
furpa,0.14285714285714285,6,6,ATGTGTGTGCATCTATGGGT,0,1282262
furpa,0.14285714285714285,6,6,ATGTGAACCAGGTGTGTTTG,0,1287188
furpa,0.14285714285714285,6,6,ATGTAAGAGGGTACACATTT,0,1313801
furpa,0.14285714285714285,6,6,ATGGTCAGGCGGGCTAGAAC,0,1302127
furpa,0.14285714285714285,6,6,ATGGTACGCATATTTAGACA,0,1301789
furpa,0.14285714285714285,6,6,ATGGTACCGTCGCGGCGTGC,0,1275181
furpa,0.14285714285714285,6,6,ATGGGACTGTGTCTACCTGG,0,1271817
furpa,0.14285714285714285,6,6,ATGGCGAGTGATGAAGCGCG,0,1276003
furpa,0.14285714285714285,6,6,ATGGCCATAAAGAAAAGCCG,0,1329484
furpa,0.14285714285714285,6,6,ATGGCACTTGTCATCATGGG,0,1355621
furpa,0.14285714285714285,6,6,ATGATTGGCATGCCCGGTAC,0,1357352
furpa,0.14285714285714285,6,6,ATGATGGATGCTGTCGGATA,0,1289841
furpa,0.14285714285714285,6,6,ATGAGTCGAGGAGACACTTT,0,1291748
furpa,0.14285714285714285,6,6,ATGAGCGTCCTGCCATACAA,0,1334344
furpa,0.14285714285714285,6,6,ATCTGAACGGGATTGCTTAA,0,1298113
furpa,0.14285714285714285,6,6,ATCGTTAGCCTCGGGTTCGA,0,1318200
furpa,0.14285714285714285,6,6,ATCGTGCATTCGCTCCCTTG,0,1286823
furpa,0.14285714285714285,6,6,ATCGGTATCCGGGGATCGTT,0,1332782
furpa,0.14285714285714285,6,6,ATCGCTAGCTAGCACTCATG,0,1304203
furpa,0.14285714285714285,6,6,ATCGCCTTACCGTTCTACTT,0,1294452
furpa,0.14285714285714285,6,6,ATCGCACGGCAAATAAAGAG,0,1275922
furpa,0.14285714285714285,6,6,ATCGATCCGACGAACGGTCT,0,1329011
furpa,0.14285714285714285,6,6,ATCGATCAAATGAGGGCCCT,0,1303557
furpa,0.14285714285714285,6,6,ATCGACCGCCTCTCGCGCGT,0,1352762
furpa,0.14285714285714285,6,6,ATCCGCATAGGGAAGCATCA,0,1299638
furpa,0.14285714285714285,6,6,ATCCGATAGAAACCCGGAAT,0,1303286
furpa,0.14285714285714285,6,6,ATCCCCTGCTTCGGAGACAC,0,1336740
furpa,0.14285714285714285,6,6,ATCCCCGAGCCTCCTGCTAA,0,1336120
furpa,0.14285714285714285,6,6,ATCCCATTATGGTTCGACAT,0,1348784
furpa,0.14285714285714285,6,6,ATCATAAGTCGGGAATCCGG,0,1328804
furpa,0.14285714285714285,6,6,ATCAGTGGCGTACTTGTTAT,0,1355297
furpa,0.14285714285714285,6,6,ATCAGTCAAATATAAGGCGG,0,1314309
furpa,0.14285714285714285,6,6,ATCAGGCGGGGGTAGTTAAC,0,1277461
furpa,0.14285714285714285,6,6,ATCAGGCAAATTGACTGGTG,0,1271371
furpa,0.14285714285714285,6,6,ATCACTCTTCCCTACACGTA,0,1326195
furpa,0.14285714285714285,6,6,ATCAACCGAGGCAGGGGACT,0,1331983
furpa,0.14285714285714285,6,6,ATATTCCATACAATGCTCCT,0,1334112
furpa,0.14285714285714285,6,6,ATATTACCGCTCACAGGGTA,0,1280591
furpa,0.14285714285714285,6,6,ATATCGCATCGCCGTAACGG,0,1311755
furpa,0.14285714285714285,6,6,ATATAATCTGGATCCCTCAC,0,1278336
furpa,0.14285714285714285,6,6,ATAGTATCGGAGGCAGTGCA,0,1313948
furpa,0.14285714285714285,6,6,ATAGGCCACCGCTGGTGTTA,0,1298949
furpa,0.14285714285714285,6,6,ATAGGATCGTAGGGGAATGA,0,1352398
furpa,0.14285714285714285,6,6,ATAGCTTTCGTCACGTTTGC,0,1277810
furpa,0.14285714285714285,6,6,ATACTGGTGCCGTATTCACC,0,1304196
furpa,0.14285714285714285,6,6,ATACTGAACCTTGCTTAAGT,0,1292906
furpa,0.14285714285714285,6,6,ATACTACATCGCAGCATGGC,0,1351340
furpa,0.14285714285714285,6,6,ATACGCGCGACCTTGTCCCA,0,1314817
furpa,0.14285714285714285,6,6,ATACCGGACGCGGTTCGAGG,0,1284176
furpa,0.14285714285714285,6,6,ATACCACCGTTCGGGATCCC,0,1302447
furpa,0.14285714285714285,6,6,ATAATCCCGGGTTATCCTCA,0,1317874
furpa,0.14285714285714285,6,6,ATAAGACTATCTGCGCGCAG,0,1315966
furpa,0.14285714285714285,6,6,ATAACGTGATCTTTCGGAGT,0,1294995
furpa,0.14285714285714285,6,6,AGTTTTAGCTTTGCTAGTAT,0,1341896
furpa,0.14285714285714285,6,6,AGTTGCTAGCCGATCAGATT,0,1331788
furpa,0.14285714285714285,6,6,AGTTAGCCGAACCATCTAAT,0,1314077
furpa,0.14285714285714285,6,6,AGTTACTGGTGTCGGTACTA,0,1277088
furpa,0.14285714285714285,6,6,AGTCTAGTTTCGATGTATAA,0,1285102
furpa,0.14285714285714285,6,6,AGTCCCACCCTATTAAATGA,0,1348630
furpa,0.14285714285714285,6,6,AGTCCACGGGGCGACACCGT,0,1295227
furpa,0.14285714285714285,6,6,AGTCATTACCCAACGAAATG,0,1294932
furpa,0.14285714285714285,6,6,AGTCAGGTCTGCACTTCTCT,0,1341845
furpa,0.14285714285714285,6,6,AGTATACGCTGGTGTCAGGC,0,1353537
furpa,0.14285714285714285,6,6,AGTATAAATGTGAGAGTATC,0,1343333
furpa,0.14285714285714285,6,6,AGTAGCCTACCCTTCGAACA,0,1311747
furpa,0.14285714285714285,6,6,AGTAAGTGGACGCGTATCGG,0,1314978
furpa,0.14285714285714285,6,6,AGGTGGTGCTGTTCCGCCGT,0,1337498
furpa,0.14285714285714285,6,6,AGGTGGGTCGAGTTTTGAAA,0,1311988
furpa,0.14285714285714285,6,6,AGGTGGATACCAGCTCAGAG,0,1288458
furpa,0.14285714285714285,6,6,AGGTGCGTTGGTTGGTCTGC,0,1297666
furpa,0.14285714285714285,6,6,AGGTCCTAGCCGGGTACCCC,0,1347720
furpa,0.14285714285714285,6,6,AGGGTGAGGACTGGGGTATT,0,1335873
furpa,0.14285714285714285,6,6,AGGGGGAAATGAAAGGAAGG,0,1315582
furpa,0.14285714285714285,6,6,AGGGCCAACGGACTTTGGAT,0,1332566
furpa,0.14285714285714285,6,6,AGGGATAATGCTAGGGGGTC,0,1281919
furpa,0.14285714285714285,6,6,AGGCTATCTGTGATTCTGGA,0,1305346
furpa,0.14285714285714285,6,6,AGGCGTTTGCTACGTCGTAG,0,1301628
furpa,0.14285714285714285,6,6,AGGCCCCGACAGGAAAAATT,0,1298992
furpa,0.14285714285714285,6,6,AGGCAGGGCATGCAACGCAA,0,1296301
furpa,0.14285714285714285,6,6,AGGATCCCCTCGCTCCTTTA,0,1334980
furpa,0.14285714285714285,6,6,AGGACTTTTATTCGGCTGTA,0,1342665
furpa,0.14285714285714285,6,6,AGGACAGGGTCACTATGCCA,0,1325918
furpa,0.14285714285714285,6,6,AGGAAGAGGTAAGGAAAGGA,0,1302946
furpa,0.14285714285714285,6,6,AGCTTTGAAGCCACAGGGAC,0,1330394
furpa,0.14285714285714285,6,6,AGCTTCCTCTGTGCTCTTAT,0,1352235
furpa,0.14285714285714285,6,6,AGCTTAGCCATCTCTGGAAT,0,1301001
furpa,0.14285714285714285,6,6,AGCTTAAAGGACAATATCCC,0,1281968
furpa,0.14285714285714285,6,6,AGCTATACGATCGGAACCGA,0,1313705
furpa,0.14285714285714285,6,6,AGCTACGATAGAGGTCCAGG,0,1276674
furpa,0.14285714285714285,6,6,AGCGCCTTCAAGGGGTCCGC,0,1287645
furpa,0.14285714285714285,6,6,AGCGCCGTTTAATGTTGATT,0,1282685
furpa,0.14285714285714285,6,6,AGCGCCGTCCCTATTGTTGG,0,1272317
furpa,0.14285714285714285,6,6,AGCGAGGGCGCGAGCTACTA,0,1310635
furpa,0.14285714285714285,6,6,AGCCTTGTCATGAACATGAA,0,1344204
furpa,0.14285714285714285,6,6,AGCCTTCAGACTTCTATTGA,0,1286547
furpa,0.14285714285714285,6,6,AGCCTAGGTTTGCTCATAAG,0,1287807
furpa,0.14285714285714285,6,6,AGCCCGGGACTTCACGTCTC,0,1310279
furpa,0.14285714285714285,6,6,AGCATGAGCGATGTACTATA,0,1328643
furpa,0.14285714285714285,6,6,AGCACGTGGAGGGGAACCTT,0,1293329
furpa,0.14285714285714285,6,6,AGCAAGGCGCGGTGGTGATC,0,1337017
furpa,0.14285714285714285,6,6,AGCAACATTAATGGAGCCAG,0,1319755
furpa,0.14285714285714285,6,6,AGATTACTCTAGGTACGCTT,0,1304673
furpa,0.14285714285714285,6,6,AGATGGCTTTCAGATGGTAA,0,1286159
furpa,0.14285714285714285,6,6,AGATGGCATTAGCGGGGGCA,0,1311270
furpa,0.14285714285714285,6,6,AGATGCTGGTCAGCCGTCTC,0,1274059
furpa,0.14285714285714285,6,6,AGAGTATCCTGGAAATAGTC,0,1341832
furpa,0.14285714285714285,6,6,AGAGTAGTGTCGGGTCTAAA,0,1297911
furpa,0.14285714285714285,6,6,AGAGCGGTAGTTAAATGTAA,0,1339867
furpa,0.14285714285714285,6,6,AGAGAAGAGGGCAGCTTGGC,0,1325136
furpa,0.14285714285714285,6,6,AGACGGGGACACTACCACGC,0,1325839
furpa,0.14285714285714285,6,6,AGACAAGATCAACAGACACG,0,1305858
furpa,0.14285714285714285,6,6,AGACAACGTTGCTTATCGCG,0,1293951
furpa,0.14285714285714285,6,6,AGAAGCTCAACACGGCCGAA,0,1304314
furpa,0.14285714285714285,6,6,AGAACCAAATGGCGCTCTAT,0,1323135
furpa,0.14285714285714285,6,6,ACTTATGCAATTGTCGGCTA,0,1348384
furpa,0.14285714285714285,6,6,ACTGTCCTGTGCTGGACACC,0,1283909
furpa,0.14285714285714285,6,6,ACTGGTTTACAGTTCAACGT,0,1313709
furpa,0.14285714285714285,6,6,ACTGGTGCATTTTTCTTGTA,0,1337279
furpa,0.14285714285714285,6,6,ACTGAGACTTCCCGGGTCCC,0,1294199
furpa,0.14285714285714285,6,6,ACTGAACTAGCGGTCGTCTG,0,1356533
furpa,0.14285714285714285,6,6,ACTCATGGGGGTATCATCAG,0,1288907
furpa,0.14285714285714285,6,6,ACTCACGGGAGTTTATGCAT,0,1345961
furpa,0.14285714285714285,6,6,ACTCAAGTGGAGCTTTGGAG,0,1328825
furpa,0.14285714285714285,6,6,ACTAGCCTCCCAGTATCAGA,0,1335521
furpa,0.14285714285714285,6,6,ACTACATAGCGGACTCTCAA,0,1332170
furpa,0.14285714285714285,6,6,ACTAACAGTATGTGCCGCTA,0,1271623
furpa,0.14285714285714285,6,6,ACGTTTCCGACACTTGGGAC,0,1309674
furpa,0.14285714285714285,6,6,ACGTTAGACGAGCTCATCCA,0,1329598
furpa,0.14285714285714285,6,6,ACGTCGTTGTCCGGAAACAT,0,1287104
furpa,0.14285714285714285,6,6,ACGTCCGTTTCAGTAGGGAT,0,1344050
furpa,0.14285714285714285,6,6,ACGTCAATCCCAACCTCGAC,0,1300172
furpa,0.14285714285714285,6,6,ACGGGGTGCCAACGACATTG,0,1332530
furpa,0.14285714285714285,6,6,ACGGGGATTCGATGCTCACG,0,1347417
furpa,0.14285714285714285,6,6,ACGGCTGCAATGTGCTTCCG,0,1314471
furpa,0.14285714285714285,6,6,ACGGCTCAATGAGGTGTAAT,0,1274712
furpa,0.14285714285714285,6,6,ACGGCCATATTGGATTGCTA,0,1309078
furpa,0.14285714285714285,6,6,ACGGACCTACCGAGTCGGAC,0,1357205
furpa,0.14285714285714285,6,6,ACGCTACGGCTAAGCTGCTT,0,1275781
furpa,0.14285714285714285,6,6,ACGCTAAGGAGTCCACCCAC,0,1308570
furpa,0.14285714285714285,6,6,ACGCGTACCCCAATACTTCT,0,1283438
furpa,0.14285714285714285,6,6,ACGCGGAAAATCCTACAGCC,0,1346236
furpa,0.14285714285714285,6,6,ACGCCTGAAGCCTTAGTTTT,0,1280749
furpa,0.14285714285714285,6,6,ACGCCCAGTCTGTCGGGGGC,0,1310884
furpa,0.14285714285714285,6,6,ACGCCAAGTACGAGTGGCAG,0,1312284
furpa,0.14285714285714285,6,6,ACGCATTCGTGACAAGGTCA,0,1292032
furpa,0.14285714285714285,6,6,ACGCACCTAAGGCCGCACGC,0,1329600
furpa,0.14285714285714285,6,6,ACGCAACCGCTACTGAGCTG,0,1282871
furpa,0.14285714285714285,6,6,ACGAGGCGCTGGTTTGTAGG,0,1294937
furpa,0.14285714285714285,6,6,ACGAGAAATCCAAGGGGCCT,0,1305734
furpa,0.14285714285714285,6,6,ACGACCTCGCGCCTTAAACT,0,1280751
furpa,0.14285714285714285,6,6,ACGAAAAGGTCCCTCCTGAG,0,1332173
furpa,0.14285714285714285,6,6,ACCTGGGAAGTCAGGGTATG,0,1329758
furpa,0.14285714285714285,6,6,ACCTCAAGGTGTAATCGCAG,0,1273685
furpa,0.14285714285714285,6,6,ACCGTCGATGGGTGTGGGAA,0,1277822
furpa,0.14285714285714285,6,6,ACCGTCCGGTACTTAACGTG,0,1350055
furpa,0.14285714285714285,6,6,ACCGGAGGCTCGCGTGCCTA,0,1333953
furpa,0.14285714285714285,6,6,ACCGGAAACCATTTAAAATG,0,1317975
furpa,0.14285714285714285,6,6,ACCGCAGAGGAAATAGCCGA,0,1336426
furpa,0.14285714285714285,6,6,ACCCTTTCTGTCGCAGATCT,0,1352046
furpa,0.14285714285714285,6,6,ACCCTGTTGCCGATGCATAG,0,1344398
furpa,0.14285714285714285,6,6,ACCCGCAAGATTGCCTCCCC,0,1339803
furpa,0.14285714285714285,6,6,ACCCCTTTCATTCCTCTCAG,0,1272971
furpa,0.14285714285714285,6,6,ACCCCTCTAGACTCAGTCAG,0,1291547
furpa,0.14285714285714285,6,6,ACCCCGCAAAACCATCATGT,0,1314685
furpa,0.14285714285714285,6,6,ACCCAGCTCTATAAAGGTGT,0,1340709
furpa,0.14285714285714285,6,6,ACCATCTTCCGCCCGGCGAC,0,1324503
furpa,0.14285714285714285,6,6,ACCATACATTTTACCCACCT,0,1325462
furpa,0.14285714285714285,6,6,ACCAGTGGGCTTAAGAGGCG,0,1277038
furpa,0.14285714285714285,6,6,ACCAGGTAAAAGTCATTCGC,0,1282039
furpa,0.14285714285714285,6,6,ACCACAGCCGTGGCTGCGTG,0,1336199
furpa,0.14285714285714285,6,6,ACCACAAGCATGGGGCTCGG,0,1274598
furpa,0.14285714285714285,6,6,ACCAAGGGGAAACTACCATA,0,1326399
furpa,0.14285714285714285,6,6,ACCAAAAACTTCTTAAGTCA,0,1291682
furpa,0.14285714285714285,6,6,ACATTCTTTACCATCACACA,0,1337210
furpa,0.14285714285714285,6,6,ACATGATCCTTTAAGACAGA,0,1314688
furpa,0.14285714285714285,6,6,ACAGTGCCGCAGATTTATGG,0,1351345
furpa,0.14285714285714285,6,6,ACAGTATTTCAGGTCGATGC,0,1280373
furpa,0.14285714285714285,6,6,ACAGCTCTAGGGTACGTATT,0,1279723
furpa,0.14285714285714285,6,6,ACAGAAAGATGAATAGCTTC,0,1273294
furpa,0.14285714285714285,6,6,ACACTTCCCTTGCTAGTGAT,0,1298062
furpa,0.14285714285714285,6,6,ACACTCTTAAGCCTAAAGGA,0,1325457
furpa,0.14285714285714285,6,6,ACACTCCGAGTACACGTCGA,0,1314977
furpa,0.14285714285714285,6,6,ACACCGCGACCCGAGGCAAC,0,1322470
furpa,0.14285714285714285,6,6,ACACCGAACTCAGCGGACAA,0,1271186
furpa,0.14285714285714285,6,6,ACACAGGTTAATGCTCGGGA,0,1355124
furpa,0.14285714285714285,6,6,ACAATGAAACAACACATAAT,0,1316528
furpa,0.14285714285714285,6,6,ACAAGGCATCTATTCCTTTG,0,1297388
furpa,0.14285714285714285,6,6,ACAAGCCCTCAATGAACAGA,0,1329424
furpa,0.14285714285714285,6,6,ACAAGAATGCCGGCAACTGT,0,1346091
furpa,0.14285714285714285,6,6,ACAACAATCGTAAGAAACCC,0,1304835
furpa,0.14285714285714285,6,6,ACAAAGTAGGAGGCGTCAAT,0,1347721
furpa,0.14285714285714285,6,6,ACAAAGCCCGCACAGGCGCA,0,1276692
furpa,0.14285714285714285,6,6,AATTTTCAAGTAAGTAGATG,0,1335420
furpa,0.14285714285714285,6,6,AATTGGGAGATACGTAGCCT,0,1332759
furpa,0.14285714285714285,6,6,AATTGGCCAGCAGCGTCCCG,0,1356074
furpa,0.14285714285714285,6,6,AATTGCTTATAGCACACGCG,0,1326904
furpa,0.14285714285714285,6,6,AATTGAAACCTCAGATTACT,0,1351154
furpa,0.14285714285714285,6,6,AATTATTTGACCACCTCTAA,0,1294826
furpa,0.14285714285714285,6,6,AATGTGCCTAACCGGCGGAA,0,1285644
furpa,0.14285714285714285,6,6,AATGGGACAGTAGCGTAGTA,0,1289629
furpa,0.14285714285714285,6,6,AATGGATATGATACAGTGGC,0,1282091
furpa,0.14285714285714285,6,6,AATGCCGCCTCCGGTGAGCA,0,1348575
furpa,0.14285714285714285,6,6,AATGCATCTCCATTTATGGA,0,1277811
furpa,0.14285714285714285,6,6,AATCTTACGGCCTGGCTAGT,0,1277864
furpa,0.14285714285714285,6,6,AATCGTACGCGGTCACCCCT,0,1356667
furpa,0.14285714285714285,6,6,AATCGATCCGTAGCGAATCG,0,1271926
furpa,0.14285714285714285,6,6,AATCCTTTCTCTGAGTAAGA,0,1331101
furpa,0.14285714285714285,6,6,AATCCACCCTGAGTGGAATT,0,1356967
furpa,0.14285714285714285,6,6,AATCCAAGTTGGTTTTGAGA,0,1356201
furpa,0.14285714285714285,6,6,AATCAGAGTATTGTGATATG,0,1281877
furpa,0.14285714285714285,6,6,AATCAAGAGTGGAGGCATGA,0,1283678
furpa,0.14285714285714285,6,6,AATAGACTCCTATAGTTGGG,0,1297179
furpa,0.14285714285714285,6,6,AATACACCCATAGTACGATA,0,1332303
furpa,0.14285714285714285,6,6,AAGTATCATAAGAGCGGTGT,0,1307360
furpa,0.14285714285714285,6,6,AAGTAAGGTGGGGTTCAATA,0,1283793
furpa,0.14285714285714285,6,6,AAGGGGTGCGCAGTGGGTAC,0,1311224
furpa,0.14285714285714285,6,6,AAGGGCACTCACCTTATGGG,0,1349870
furpa,0.14285714285714285,6,6,AAGGACGTCCAAGACTTTCA,0,1334610
furpa,0.14285714285714285,6,6,AAGCTCCCTAATAGAGTGGG,0,1349390
furpa,0.14285714285714285,6,6,AAGCGCTGCGGTAGGGGTAA,0,1314502
furpa,0.14285714285714285,6,6,AAGCGCGGTCTATGTTTCAT,0,1346891
furpa,0.14285714285714285,6,6,AAGCCGCCATACTTCCATTC,0,1296184
furpa,0.14285714285714285,6,6,AAGCCCGGTCAGAACGTTGG,0,1332060
furpa,0.14285714285714285,6,6,AAGCAGAGGCTCACAGGTGA,0,1287371
furpa,0.14285714285714285,6,6,AAGATTTTGAGATAAAGACA,0,1310275
furpa,0.14285714285714285,6,6,AAGATGTCATGCCTCGATCC,0,1303804
furpa,0.14285714285714285,6,6,AAGATGGTGTTAGAGAGTCT,0,1323676
furpa,0.14285714285714285,6,6,AAGACTGGAGGATATCGACT,0,1317920
furpa,0.14285714285714285,6,6,AACTGTTGTCTGCAATTGAA,0,1311928
furpa,0.14285714285714285,6,6,AACTGCGCTTGTGCAGCAGC,0,1308563
furpa,0.14285714285714285,6,6,AACTCGTACCCAGCCCCATG,0,1279840
furpa,0.14285714285714285,6,6,AACTCCGCTACAAGATTTAT,0,1304280
furpa,0.14285714285714285,6,6,AACTAGGAAACAGTCGATCT,0,1312003
furpa,0.14285714285714285,6,6,AACTAAGGGGACGTACGCTA,0,1336891
furpa,0.14285714285714285,6,6,AACGTTTGAGCTCATCGATA,0,1310283
furpa,0.14285714285714285,6,6,AACGCTTGGACCTAGTTGGG,0,1350127
furpa,0.14285714285714285,6,6,AACGCATCGTTCATAAAATG,0,1334335
furpa,0.14285714285714285,6,6,AACGATCCCGATGTTCACTC,0,1335569
furpa,0.14285714285714285,6,6,AACCTGAAAACTGTGCGCGG,0,1297642
furpa,0.14285714285714285,6,6,AACCCGAGGACCTCCACGAA,0,1342880
furpa,0.14285714285714285,6,6,AACCCAAGACCGCGATGTTT,0,1306921
furpa,0.14285714285714285,6,6,AACCATTAAGGTTACATCTA,0,1291316
furpa,0.14285714285714285,6,6,AACCAGGCATATACAGGCAT,0,1304039
furpa,0.14285714285714285,6,6,AACCAAAAGCATCCGGTCCA,0,1287247
furpa,0.14285714285714285,6,6,AACATTGCATTATGCTTTAA,0,1277090
furpa,0.14285714285714285,6,6,AACACGTTGGACATGTGCCC,0,1314901
furpa,0.14285714285714285,6,6,AACACCATCAGTACGTGTAT,0,1318487
furpa,0.14285714285714285,6,6,AACACACGCCATTTGTACTA,0,1320633
furpa,0.14285714285714285,6,6,AACAAATCGATGAAGCCGTC,0,1303235
furpa,0.14285714285714285,6,6,AAATTTGCCGTGGACGGCTG,0,1302924
furpa,0.14285714285714285,6,6,AAATGTGGCTCCGCGGGCGG,0,1347090
furpa,0.14285714285714285,6,6,AAATACGGATGACGTAAAGC,0,1339986
furpa,0.14285714285714285,6,6,AAATAAGGGCATTCCGTGGC,0,1287401
furpa,0.14285714285714285,6,6,AAAGGGGGGCTCGGTTCCCA,0,1287655
furpa,0.14285714285714285,6,6,AAAGGACGGCGTCACGAATA,0,1289550
furpa,0.14285714285714285,6,6,AAAGCCTTAGTCAGCCCAGA,0,1311366
furpa,0.14285714285714285,6,6,AAACTTATGGACACCGACGG,0,1344054
furpa,0.14285714285714285,6,6,AAACTGGCGGGTCGTCGAGT,0,1324581
furpa,0.14285714285714285,6,6,AAACTCTCGGTAGGCTGGAT,0,1305842
furpa,0.14285714285714285,6,6,AAACCTAGTGGCAGCCAAAA,0,1308556
furpa,0.14285714285714285,6,6,AAACCCGTTCTGGTGTCCCT,0,1287152
furpa,0.14285714285714285,6,6,AAACAGAGTTTTCAATGCCT,0,1271455
furpa,0.14285714285714285,6,6,AAAATCGGCCGTCCGACGAT,0,1335858
furpa,0.14285714285714285,6,6,AAAAGCGAGCGTTATTGTAA,0,1309294
furpa,0.14285714285714285,6,6,AAAACGTGTCGAGGGTTTCG,0,1302914
furpa,0.14285714285714285,6,6,AAAACCAGCTCCGTCGGGCA,0,1348318
furpa,0.14285714285714285,6,6,AAAAATTCTTATGGTCATTA,0,1351018
furpa,0.16666666666666666,5,5,TTTTTCTACTCAGCAGGGGT,0,1338130
furpa,0.16666666666666666,5,5,TTTTGAGTGCGCCGTATCGA,0,1310670
furpa,0.16666666666666666,5,5,TTTTGAAAAAGCCACCGTTC,0,1310448
furpa,0.16666666666666666,5,5,TTTTCTGAGGTAAGTTCATG,0,1281587
furpa,0.16666666666666666,5,5,TTTTCTACAAATACGAAGAC,0,1331258
furpa,0.16666666666666666,5,5,TTTTAGCGGGGCTTGTTGCG,0,1281328
furpa,0.16666666666666666,5,5,TTTGTTAAGTGGATCTATTT,0,1272909
furpa,0.16666666666666666,5,5,TTTGTGGGTACAGTGTTTAT,0,1328231
furpa,0.16666666666666666,5,5,TTTGGTTTTTGTCCTTCTCG,0,1355747
furpa,0.16666666666666666,5,5,TTTGGTACAATTGGTGGTTA,0,1329474
furpa,0.16666666666666666,5,5,TTTGGGCAGACCGACGTGCA,0,1323469
furpa,0.16666666666666666,5,5,TTTGGCGGGCCGGGGGCTCT,0,1297185
furpa,0.16666666666666666,5,5,TTTGCGCAAATGACAGTTAC,0,1336876
furpa,0.16666666666666666,5,5,TTTGCCATACAAGAGGCTTC,0,1272356
furpa,0.16666666666666666,5,5,TTTGCAATGCATCGAAAATA,0,1273026
furpa,0.16666666666666666,5,5,TTTGAGCAAAGAAATCACGT,0,1335500
furpa,0.16666666666666666,5,5,TTTGAAACGCAGTACATTGA,0,1280910
furpa,0.16666666666666666,5,5,TTTCGGAAGGTGAAAAGAGC,0,1343107
furpa,0.16666666666666666,5,5,TTTCCGCTGTTGGATCCTTC,0,1281973
furpa,0.16666666666666666,5,5,TTTCCCCTTTATCAGATTCA,0,1290644
furpa,0.16666666666666666,5,5,TTTCACAGCACCAGTGTTGT,0,1291429
furpa,0.16666666666666666,5,5,TTTACTCTACGTATTCGAAC,0,1331517
furpa,0.16666666666666666,5,5,TTTAAAGAAATGTCGCTTGA,0,1342391
furpa,0.16666666666666666,5,5,TTGTGACCAGATAGGGCGTG,0,1304388
furpa,0.16666666666666666,5,5,TTGTCTTAGCCCTCCGGGTC,0,1285170
furpa,0.16666666666666666,5,5,TTGTCTGGGTTGGCGGGGTT,0,1292593
furpa,0.16666666666666666,5,5,TTGTCTGATAGGACTCTGGT,0,1277958
furpa,0.16666666666666666,5,5,TTGTAGCTACGCCTAAGCCA,0,1285032
furpa,0.16666666666666666,5,5,TTGGTGGTGGCTGGAGTTCT,0,1313172
furpa,0.16666666666666666,5,5,TTGGACGCGTCCCAGTCGGG,0,1306928
furpa,0.16666666666666666,5,5,TTGCTTGTCGGGTCCCGACA,0,1315369
furpa,0.16666666666666666,5,5,TTGCTTGCCGGTCCAGTTAT,0,1274471
furpa,0.16666666666666666,5,5,TTGCGGTTCATCTCAATGCT,0,1310535
furpa,0.16666666666666666,5,5,TTGCCTGTCGAGGAAGACGG,0,1330767
furpa,0.16666666666666666,5,5,TTGCACTGTATTGAGCGAGA,0,1291874
furpa,0.16666666666666666,5,5,TTGCACCGTGGGGGTTATTG,0,1340067
furpa,0.16666666666666666,5,5,TTGATTAATGTTTCTTAGTA,0,1350634
furpa,0.16666666666666666,5,5,TTGAGTTACCGCAAAGAGAG,0,1336948
furpa,0.16666666666666666,5,5,TTGAGTATGACCGCCGGCTC,0,1336869
furpa,0.16666666666666666,5,5,TTGAGCCGTTGAGTCCATTA,0,1311852
furpa,0.16666666666666666,5,5,TTGACGTCGTACTCAGGCTG,0,1338094
furpa,0.16666666666666666,5,5,TTGACCGATCGTTCCTCAAT,0,1276185
furpa,0.16666666666666666,5,5,TTGACAGTTAGTAGTTCGAT,0,1294985
furpa,0.16666666666666666,5,5,TTGAACAATCGACGGGTGGG,0,1273250
furpa,0.16666666666666666,5,5,TTCTTTGAGCGCGTCTCCGG,0,1313165
furpa,0.16666666666666666,5,5,TTCTTACCGGCTCAACAGAG,0,1297762
furpa,0.16666666666666666,5,5,TTCTGCAAGCCTTGACCAAG,0,1346910
furpa,0.16666666666666666,5,5,TTCTGAAGGCTGTATAGCCC,0,1278655
furpa,0.16666666666666666,5,5,TTCTAGATCGAGTGGCGTAT,0,1356259
furpa,0.16666666666666666,5,5,TTCGTTTTCTATTTGTTATA,0,1293500
furpa,0.16666666666666666,5,5,TTCGTTAGTACTATGGTTGT,0,1349835
furpa,0.16666666666666666,5,5,TTCGTGGAGGCCTTCCGAGA,0,1300465
furpa,0.16666666666666666,5,5,TTCGTGCCACGGTAGCGTCC,0,1336773
furpa,0.16666666666666666,5,5,TTCGTAGTACAGAATTCCTT,0,1291361
furpa,0.16666666666666666,5,5,TTCGGAGGAGCCCTAACCGG,0,1336064
furpa,0.16666666666666666,5,5,TTCGCTGCTCAATCCCGCTG,0,1315971
furpa,0.16666666666666666,5,5,TTCGCAGCATGCAATTACCA,0,1306401
furpa,0.16666666666666666,5,5,TTCGATTTTAATAATGATAA,0,1279290
furpa,0.16666666666666666,5,5,TTCGATGGGTAGGAATAGCG,0,1290541
furpa,0.16666666666666666,5,5,TTCGACGGTGCGAATTCGGG,0,1296981
furpa,0.16666666666666666,5,5,TTCGACAATACCGCCGTGTG,0,1277042
furpa,0.16666666666666666,5,5,TTCCGCCGGCGACGGTGGTT,0,1303378
furpa,0.16666666666666666,5,5,TTCCGAACTAATCTAATACT,0,1334154
furpa,0.16666666666666666,5,5,TTCATCACGGGCATTATCCA,0,1349989
furpa,0.16666666666666666,5,5,TTCATACAGCGGCGTACCTG,0,1273019
furpa,0.16666666666666666,5,5,TTCACGGTAAAGCAGAGTGT,0,1301948
furpa,0.16666666666666666,5,5,TTCACCGAGGAATCTGAAGT,0,1335262
furpa,0.16666666666666666,5,5,TTATGCAGTCCACTTACTTT,0,1336124
furpa,0.16666666666666666,5,5,TTATCTTCAGTTGGTCTTTC,0,1293833
furpa,0.16666666666666666,5,5,TTATCTAATTTCCTATCGGA,0,1298435
furpa,0.16666666666666666,5,5,TTATACAACTTGCGCCCCTA,0,1292682
furpa,0.16666666666666666,5,5,TTAGTTTCACATTTTACCAC,0,1342698
furpa,0.16666666666666666,5,5,TTAGTCTTCAGCTTAGGGGA,0,1309766
furpa,0.16666666666666666,5,5,TTAGTATTGGTACACGTCTC,0,1314562
furpa,0.16666666666666666,5,5,TTAGGACGTACGGTAATCCA,0,1280367
furpa,0.16666666666666666,5,5,TTAGCCTACTGTAAAGTCAA,0,1277400
furpa,0.16666666666666666,5,5,TTAGACCACATTCGTAGCTA,0,1325482
furpa,0.16666666666666666,5,5,TTACTAATAGTTTTGCGATC,0,1326496
furpa,0.16666666666666666,5,5,TTACGGTACGGTGGCGATAG,0,1296169
furpa,0.16666666666666666,5,5,TTACGGCAACACACATCAGT,0,1303025
furpa,0.16666666666666666,5,5,TTACGAGAGTCCGAGCGCTA,0,1316684
furpa,0.16666666666666666,5,5,TTACAGGGTCCTGGAATATT,0,1297240
furpa,0.16666666666666666,5,5,TTACACTAGCGACGGGAAGC,0,1330009
furpa,0.16666666666666666,5,5,TTAATGAGCATCTTCATTAT,0,1331152
furpa,0.16666666666666666,5,5,TTAATAAATTGGATATTCTT,0,1283495
furpa,0.16666666666666666,5,5,TTAAGTCTGCCGCGCGGGGT,0,1349017
furpa,0.16666666666666666,5,5,TTAAGCGGCTGATGAGTAGG,0,1337237
furpa,0.16666666666666666,5,5,TTAAGAAGATTTAGCGTCCT,0,1293245
furpa,0.16666666666666666,5,5,TTAACACGTCGGTATCGGGA,0,1300436
furpa,0.16666666666666666,5,5,TTAAAGAATCGAATCTCAAG,0,1280909
furpa,0.16666666666666666,5,5,TTAAACTGAACTCGCCATCT,0,1354383
furpa,0.16666666666666666,5,5,TGTTTGTCGGGAAGCCTGCA,0,1345984
furpa,0.16666666666666666,5,5,TGTTGTGAATGTGGAAGACG,0,1315570
furpa,0.16666666666666666,5,5,TGTTGTCTAAACGACGGCGA,0,1289233
furpa,0.16666666666666666,5,5,TGTTGTCCGGGTCGGAGAGA,0,1322157
furpa,0.16666666666666666,5,5,TGTTGTCCATCGGCGACCCT,0,1352221
furpa,0.16666666666666666,5,5,TGTTCGACCCGTGAGTCCCC,0,1342469
furpa,0.16666666666666666,5,5,TGTTACCCGATGGCCCTAGC,0,1356830
furpa,0.16666666666666666,5,5,TGTGTCGTAGCCATGGGTGT,0,1322521
furpa,0.16666666666666666,5,5,TGTGTATCCATTAGCGGAGA,0,1322498
furpa,0.16666666666666666,5,5,TGTGGTTTAAAAATTGCGGC,0,1302344
furpa,0.16666666666666666,5,5,TGTGGCAGCAACCGTTGGTC,0,1347345
furpa,0.16666666666666666,5,5,TGTGCCCGAATCCATTGTTG,0,1328176
furpa,0.16666666666666666,5,5,TGTGATACCGGTTGGCACAG,0,1286364
furpa,0.16666666666666666,5,5,TGTCGTCTACTCGTGATTTT,0,1344495
furpa,0.16666666666666666,5,5,TGTCCTGGTCTCAGACGATT,0,1328616
furpa,0.16666666666666666,5,5,TGTCCCAATTTGAGAATGTT,0,1316144
furpa,0.16666666666666666,5,5,TGTATAGTTGATTATGTCCT,0,1287754
furpa,0.16666666666666666,5,5,TGTAGCCGATCTTGGCGTCC,0,1342825
furpa,0.16666666666666666,5,5,TGTACTATCCCGGTTCGCCC,0,1275885
furpa,0.16666666666666666,5,5,TGTACCTATCGCCACCTGAC,0,1348756
furpa,0.16666666666666666,5,5,TGTAATATACCCCGATCTCA,0,1348310
furpa,0.16666666666666666,5,5,TGTAATACACCCTCAGTCAT,0,1348632
furpa,0.16666666666666666,5,5,TGGTTCGTGTTCACTGCGGC,0,1279172
furpa,0.16666666666666666,5,5,TGGTGGGGTCTGCCATATAA,0,1321865
furpa,0.16666666666666666,5,5,TGGTGACGTCCCACCCTTCA,0,1323965
furpa,0.16666666666666666,5,5,TGGGTAGTGTATCTTCACGG,0,1332336
furpa,0.16666666666666666,5,5,TGGGTACGCGCTGCTCCGTG,0,1343356
furpa,0.16666666666666666,5,5,TGGGCGTGAAAATAAGTCAT,0,1296311
furpa,0.16666666666666666,5,5,TGGGCGCGTGTGAGAGGTGA,0,1294329
furpa,0.16666666666666666,5,5,TGGGCAAGCATGCATTACTA,0,1325536
furpa,0.16666666666666666,5,5,TGGGAGGAGCATGAATCCAA,0,1276531
furpa,0.16666666666666666,5,5,TGGCTCACATGGGAAAACAT,0,1346012
furpa,0.16666666666666666,5,5,TGGCTATAGTCAAGCGACCC,0,1335660
furpa,0.16666666666666666,5,5,TGGCTAACCCATTAGAGCGA,0,1279251
furpa,0.16666666666666666,5,5,TGGCATGAACGTGCACCACA,0,1325963
furpa,0.16666666666666666,5,5,TGGCATAAGGGGCATCTGGT,0,1341865
furpa,0.16666666666666666,5,5,TGGCAGCGGGGTCGATGGTC,0,1271188
furpa,0.16666666666666666,5,5,TGGCACGATTTCTGTCCTCG,0,1301316
furpa,0.16666666666666666,5,5,TGGCAACTTGGCCGCCCTAG,0,1292383
furpa,0.16666666666666666,5,5,TGGATTGGGCGTCATAGATA,0,1351651
furpa,0.16666666666666666,5,5,TGGATACTATCGGACCGCAA,0,1354073
furpa,0.16666666666666666,5,5,TGGATAAACGTCGACAAGAC,0,1318973
furpa,0.16666666666666666,5,5,TGGAGTCAGGAACCACTGGC,0,1298045
furpa,0.16666666666666666,5,5,TGGAGGTTTTCTGCATACTT,0,1303524
furpa,0.16666666666666666,5,5,TGGAGGTGCCATTAATGTGA,0,1292428
furpa,0.16666666666666666,5,5,TGGAGCTGTGGGCCTAGTAG,0,1347594
furpa,0.16666666666666666,5,5,TGGACGCGCGCCATCATCTG,0,1313436
furpa,0.16666666666666666,5,5,TGGACCCACATTTATAAAGT,0,1342500
furpa,0.16666666666666666,5,5,TGGAACTACTCGCATTCAGG,0,1272273
furpa,0.16666666666666666,5,5,TGCTGAGAGCTCGCCTTCGT,0,1318527
furpa,0.16666666666666666,5,5,TGCTAGCTGTATGTCGAACT,0,1339633
furpa,0.16666666666666666,5,5,TGCTACCACACCTTACTTAC,0,1337832
furpa,0.16666666666666666,5,5,TGCTAACTAGATACGACGGT,0,1303102
furpa,0.16666666666666666,5,5,TGCGTACGCAAATGACAAAG,0,1321626
furpa,0.16666666666666666,5,5,TGCGCCGATGTGCATGCGCT,0,1272760
furpa,0.16666666666666666,5,5,TGCGATTATCTTTTAATAGG,0,1298027
furpa,0.16666666666666666,5,5,TGCGAGAATGCATTGAAGGT,0,1344931
furpa,0.16666666666666666,5,5,TGCCTTCATGGGCTAGGTAT,0,1300784
furpa,0.16666666666666666,5,5,TGCCTATCGCACGTATGCTG,0,1336515
furpa,0.16666666666666666,5,5,TGCCTACGTCTGTCGCAGTT,0,1277087
furpa,0.16666666666666666,5,5,TGCCGGTTGTACGCTCTAGT,0,1313435
furpa,0.16666666666666666,5,5,TGCCGCTTGCTTCTTCTAAT,0,1355060
furpa,0.16666666666666666,5,5,TGCCCGACTAGGGTTGTTAT,0,1292104
furpa,0.16666666666666666,5,5,TGCCAATCAGCAACACGGAG,0,1296856
furpa,0.16666666666666666,5,5,TGCCAATACATGTACCGAAG,0,1349921
furpa,0.16666666666666666,5,5,TGCCAAACAGGTAGGGGACG,0,1319698
furpa,0.16666666666666666,5,5,TGCATTCCTTAGTACTCAGT,0,1335396
furpa,0.16666666666666666,5,5,TGCATGTCTTAGGGTAGGCT,0,1307814
furpa,0.16666666666666666,5,5,TGCAGTCCTTGTAGTCGCAA,0,1289087
furpa,0.16666666666666666,5,5,TGCAGCGTGTTTAGCTATCC,0,1317833
furpa,0.16666666666666666,5,5,TGCAGAGACGGAGGGAGATC,0,1278756
furpa,0.16666666666666666,5,5,TGCACGAAATCCACGCTCAG,0,1321736
furpa,0.16666666666666666,5,5,TGCACCTATTCAAAAGATAT,0,1286838
furpa,0.16666666666666666,5,5,TGCAAATACTCTCAGGAATG,0,1300188
furpa,0.16666666666666666,5,5,TGATTTACGGTGATTATCGC,0,1341825
furpa,0.16666666666666666,5,5,TGATTGTGTTTGCCACTAGC,0,1302688
furpa,0.16666666666666666,5,5,TGATCCAAAGAATAAATTAG,0,1303084
furpa,0.16666666666666666,5,5,TGAGTATACTGGCTTAGGTA,0,1351900
furpa,0.16666666666666666,5,5,TGAGGTCTGACGGGTGGCAG,0,1294605
furpa,0.16666666666666666,5,5,TGAGGAACTTGTGGACTTGG,0,1309709
furpa,0.16666666666666666,5,5,TGAGCCGTTAGTCAAAGACT,0,1302174
furpa,0.16666666666666666,5,5,TGACTTACCGCGCATATCTG,0,1334161
furpa,0.16666666666666666,5,5,TGACTGGCCAGCTCGAGCGA,0,1342157
furpa,0.16666666666666666,5,5,TGACGTTTGTATCAGACGGG,0,1355869
furpa,0.16666666666666666,5,5,TGACGACTGGGTTTTTAGGA,0,1277739
furpa,0.16666666666666666,5,5,TGAATGCTAGGATTTGACTC,0,1348278
furpa,0.16666666666666666,5,5,TGAATAGCAAAGCAGAAATT,0,1294000
furpa,0.16666666666666666,5,5,TGAAGGTGGTGCCTCTTGTC,0,1311506
furpa,0.16666666666666666,5,5,TGAAGATAAAGGGGTGTTTC,0,1309198
furpa,0.16666666666666666,5,5,TGAAATTTCTGTCGATAAAA,0,1346342
furpa,0.16666666666666666,5,5,TCTTTGCCGGGGAGTTCACA,0,1330052
furpa,0.16666666666666666,5,5,TCTTGCAGCTGTCCACGTAA,0,1318155
furpa,0.16666666666666666,5,5,TCTTGAGTCGCGCATTACAG,0,1310893
furpa,0.16666666666666666,5,5,TCTGTGGAAACCACGCACAA,0,1336369
furpa,0.16666666666666666,5,5,TCTGGGATCAAAGTGTTGTA,0,1294391
furpa,0.16666666666666666,5,5,TCTGCGAGCGCAGTCAGAAC,0,1306140
furpa,0.16666666666666666,5,5,TCTCTCATAATACCAAAGCC,0,1300274
furpa,0.16666666666666666,5,5,TCTCGTCACAATCCAAGTCG,0,1307745
furpa,0.16666666666666666,5,5,TCTCGGAACGCAAATCATCA,0,1328983
furpa,0.16666666666666666,5,5,TCTCGACGCCTTGAATGTTT,0,1282444
furpa,0.16666666666666666,5,5,TCTCCGTGTATCGGTTCGAA,0,1317638
furpa,0.16666666666666666,5,5,TCTCCCCTTGCACGCGACTA,0,1320424
furpa,0.16666666666666666,5,5,TCTCCCCGCTTAAGGAAACA,0,1347292
furpa,0.16666666666666666,5,5,TCTCATCCGAGCCATGATGA,0,1319342
furpa,0.16666666666666666,5,5,TCTCAGCTCCTAGCGATCGT,0,1273198
furpa,0.16666666666666666,5,5,TCTCAGCCAAGGGACTAGAT,0,1319704
furpa,0.16666666666666666,5,5,TCTCACACTTTTGGACCGCC,0,1276357
furpa,0.16666666666666666,5,5,TCTATCCAGGGCTAATGCCT,0,1290408
furpa,0.16666666666666666,5,5,TCTAGGTTACGTGCCAATTG,0,1309988
furpa,0.16666666666666666,5,5,TCTACGGGAGATTTTGAACC,0,1271301
furpa,0.16666666666666666,5,5,TCTAAGGTAGGTTGCCGGAA,0,1278041
furpa,0.16666666666666666,5,5,TCTAACATTGTTTCCACAAC,0,1292999
furpa,0.16666666666666666,5,5,TCTAAACGGTATTCTATTGG,0,1335991
furpa,0.16666666666666666,5,5,TCGTTTGCTAGTATAATGAA,0,1324162
furpa,0.16666666666666666,5,5,TCGTTCTGAAAGTCTGCACT,0,1281424
furpa,0.16666666666666666,5,5,TCGTTCATATAGATGGACGC,0,1290201
furpa,0.16666666666666666,5,5,TCGTGTTTGTTTGCTTATTT,0,1338747
furpa,0.16666666666666666,5,5,TCGTGGGCAGTCAGGGGGGA,0,1354225
furpa,0.16666666666666666,5,5,TCGTGCCTGAGTAGTCTACA,0,1286969
furpa,0.16666666666666666,5,5,TCGTGAGAGCGTAGATCCGG,0,1304564
furpa,0.16666666666666666,5,5,TCGTATTCGAATCGTTGACA,0,1280879
furpa,0.16666666666666666,5,5,TCGTATGCAGGGGAGTCCAG,0,1274276
furpa,0.16666666666666666,5,5,TCGGTCACCATGTGCGCATC,0,1320908
furpa,0.16666666666666666,5,5,TCGGTAAGTCCATAAGTTGA,0,1276236
furpa,0.16666666666666666,5,5,TCGGGGGATCCATGGGTACT,0,1312485
furpa,0.16666666666666666,5,5,TCGGGGCGATTATGAGAATA,0,1313898
furpa,0.16666666666666666,5,5,TCGGGAGAGGTTCTATGACA,0,1340364
furpa,0.16666666666666666,5,5,TCGGCGTGTTAATCTGCTTA,0,1333326
furpa,0.16666666666666666,5,5,TCGGCGGCACCTATTAACGG,0,1315477
furpa,0.16666666666666666,5,5,TCGGCGACAGTGCATTCGGT,0,1316203
furpa,0.16666666666666666,5,5,TCGGCAACGGACGGTGAATT,0,1275239
furpa,0.16666666666666666,5,5,TCGGACATCAACGAGTGACC,0,1292926
furpa,0.16666666666666666,5,5,TCGCGTCCTCATTTTACCGG,0,1313100
furpa,0.16666666666666666,5,5,TCGCGTCCATTCCTACGGAT,0,1314101
furpa,0.16666666666666666,5,5,TCGCGCTAAAGCTTTCTCTC,0,1282684
furpa,0.16666666666666666,5,5,TCGCAACGTATGCTCGCTGC,0,1317828
furpa,0.16666666666666666,5,5,TCGATGGTAGGTAATGCTAT,0,1278897
furpa,0.16666666666666666,5,5,TCGAGGTGGGCCGGAAGGAC,0,1337359
furpa,0.16666666666666666,5,5,TCGAGGGGGGAAGCAGCGAA,0,1299291
furpa,0.16666666666666666,5,5,TCGAGCTTGCTCCTGATAAT,0,1304387
furpa,0.16666666666666666,5,5,TCGAGAACGTAGTAATCGGA,0,1274321
furpa,0.16666666666666666,5,5,TCGACGGGTGCGGTCCATAT,0,1348432
furpa,0.16666666666666666,5,5,TCGACGGCTCACACGTCCAA,0,1294623
furpa,0.16666666666666666,5,5,TCGAATTCTGTGCGAAAATC,0,1314898
furpa,0.16666666666666666,5,5,TCGAAGTTTCACAAGTTGTT,0,1308933
furpa,0.16666666666666666,5,5,TCGAACAGCCTCGGTAATAC,0,1296550
furpa,0.16666666666666666,5,5,TCCTTCCCCAAGATGTCGCA,0,1310024
furpa,0.16666666666666666,5,5,TCCTCCGCGGTCCTTAGTAA,0,1338050
furpa,0.16666666666666666,5,5,TCCTCAAAGGACGTTTGTTA,0,1343820
furpa,0.16666666666666666,5,5,TCCTAGTCGCGCGCAAGACG,0,1340080
furpa,0.16666666666666666,5,5,TCCGTCGTATGTATGCAGCT,0,1300288
furpa,0.16666666666666666,5,5,TCCGTAGCACGTATCCCTTC,0,1306438
furpa,0.16666666666666666,5,5,TCCGGGTTGGGTGAGCCTCC,0,1347266
furpa,0.16666666666666666,5,5,TCCGGGGAAGCTTTGAGGCT,0,1335411
furpa,0.16666666666666666,5,5,TCCGAGGTACACCGATCGAT,0,1276175
furpa,0.16666666666666666,5,5,TCCGACGTTATGCACGCAGT,0,1301786
furpa,0.16666666666666666,5,5,TCCCTGCTAATCTTAATTAG,0,1283947
furpa,0.16666666666666666,5,5,TCCCTGCGAGCCATGGCTGG,0,1336062
furpa,0.16666666666666666,5,5,TCCCTAGAGCAGGTGAATCG,0,1302340
furpa,0.16666666666666666,5,5,TCCCGTTTACCGGGGGTATC,0,1341505
furpa,0.16666666666666666,5,5,TCCCACTAGCTTGTGCAGTA,0,1303731
furpa,0.16666666666666666,5,5,TCCATCTCAACGAGCAAAAA,0,1295850
furpa,0.16666666666666666,5,5,TCCATCCGCAGGGTCCAGTA,0,1315814
furpa,0.16666666666666666,5,5,TCCAGAACTGTCCAACGATG,0,1276447
furpa,0.16666666666666666,5,5,TCCAATAGTTGAGGCCAACA,0,1275200
furpa,0.16666666666666666,5,5,TCATTACATATGCAGTGGAT,0,1272115
furpa,0.16666666666666666,5,5,TCATGTCATACGCTGTCCTG,0,1315951
furpa,0.16666666666666666,5,5,TCATGGATTATGATCCCTCT,0,1283227
furpa,0.16666666666666666,5,5,TCATATGACAAGGGTAATCG,0,1356095
furpa,0.16666666666666666,5,5,TCATAGCCAACCTGAATGTT,0,1292763
furpa,0.16666666666666666,5,5,TCATACTACGCTGAAGTCCT,0,1337595
furpa,0.16666666666666666,5,5,TCATAAGGCTGTACTTAGCG,0,1326531
furpa,0.16666666666666666,5,5,TCAGTTGAATCTATCTGGTC,0,1336221
furpa,0.16666666666666666,5,5,TCAGGTGCGGAAGCACTTCA,0,1290070
furpa,0.16666666666666666,5,5,TCAGAGCGAATCGGCTCTAT,0,1295017
furpa,0.16666666666666666,5,5,TCACGTCGGGGTTGTGTTTG,0,1272690
furpa,0.16666666666666666,5,5,TCACATTCAATCGCACTACT,0,1288561
furpa,0.16666666666666666,5,5,TCACATGATCTCGCCATGCC,0,1334789
furpa,0.16666666666666666,5,5,TCACAGTGCTACTAGACCGA,0,1317983
furpa,0.16666666666666666,5,5,TCAACTCGTACCTCGAAATA,0,1324089
furpa,0.16666666666666666,5,5,TCAACCGTGTTCCGTGGGTG,0,1323436
furpa,0.16666666666666666,5,5,TCAAATTCGTAATCCATCTT,0,1281956
furpa,0.16666666666666666,5,5,TCAAAGGGTCTATGTTTCTA,0,1289467
furpa,0.16666666666666666,5,5,TCAAACGCCAAGGCACACTC,0,1327109
furpa,0.16666666666666666,5,5,TATTTTACCTGACATCGGCC,0,1343249
furpa,0.16666666666666666,5,5,TATTGTTATCAGCTTTTTAC,0,1338948
furpa,0.16666666666666666,5,5,TATTCGGTCGGGCCTTTCGT,0,1322702
furpa,0.16666666666666666,5,5,TATTCGGAAGATTTAACATA,0,1345667
furpa,0.16666666666666666,5,5,TATTCGCAGTCTTTCGCGAA,0,1314584
furpa,0.16666666666666666,5,5,TATTCCTAGTTCCGCCTTTC,0,1345545
furpa,0.16666666666666666,5,5,TATTAGCTGGAACGTGGCCC,0,1309189
furpa,0.16666666666666666,5,5,TATTAATCACCATTCAGCAA,0,1278582
furpa,0.16666666666666666,5,5,TATGTGTGGCTCTCTAAGGG,0,1323349
furpa,0.16666666666666666,5,5,TATGTGTCCAAGTCGCTATT,0,1349576
furpa,0.16666666666666666,5,5,TATGTAGCTCTGGTTTTTTA,0,1299379
furpa,0.16666666666666666,5,5,TATGCGCAAGGCGGTGAGAT,0,1310929
furpa,0.16666666666666666,5,5,TATGCAGATCACTGTGAGCC,0,1323143
furpa,0.16666666666666666,5,5,TATGAGCGTCAGTTCAATGA,0,1277450
furpa,0.16666666666666666,5,5,TATGACCACGGTATCCTTTA,0,1341871
furpa,0.16666666666666666,5,5,TATCTTCGCAATGTGGTCGT,0,1354003
furpa,0.16666666666666666,5,5,TATCTGTACCGGATTCGCAA,0,1329354
furpa,0.16666666666666666,5,5,TATCGTCTATCTGGACTGAC,0,1319910
furpa,0.16666666666666666,5,5,TATCGTAAAAATTGTGTCGT,0,1338954
furpa,0.16666666666666666,5,5,TATCCAGAGTTCCTGTAGTG,0,1300112
furpa,0.16666666666666666,5,5,TATCAGTATTAATGCCAGAT,0,1282380
furpa,0.16666666666666666,5,5,TATCAGCTCGCAGACAGGGC,0,1295997
furpa,0.16666666666666666,5,5,TATCACGGACCCTGCTGGAA,0,1321333
furpa,0.16666666666666666,5,5,TATCAAATAGCGCGCACCCT,0,1308411
furpa,0.16666666666666666,5,5,TATAGTGGTCCGGTAAAACC,0,1309520
furpa,0.16666666666666666,5,5,TATAGTACACTTCAGGTCAG,0,1312721
furpa,0.16666666666666666,5,5,TATACCATGTACTTCATTGT,0,1307418
furpa,0.16666666666666666,5,5,TAGGTTCGTAGTTGTGGTGG,0,1325436
furpa,0.16666666666666666,5,5,TAGGTCTGCCTATATCAATA,0,1315961
furpa,0.16666666666666666,5,5,TAGGTCAGTTGGGGGCGATC,0,1317796
furpa,0.16666666666666666,5,5,TAGGGTGCGTCAGGAAATCC,0,1276611
furpa,0.16666666666666666,5,5,TAGGGTCTGACGACTTAGAA,0,1296452
furpa,0.16666666666666666,5,5,TAGCGTTTACATTCATTTCC,0,1338801
furpa,0.16666666666666666,5,5,TAGCGTGCGTACACTTTGTT,0,1337240
furpa,0.16666666666666666,5,5,TAGATTTTCGTTGAGCGAAT,0,1349318
furpa,0.16666666666666666,5,5,TAGATGCGGGACATGGGGGA,0,1346441
furpa,0.16666666666666666,5,5,TAGATCGACGCGTACTTCAG,0,1318285
furpa,0.16666666666666666,5,5,TAGATAAAAGTCTTCGATCT,0,1343787
furpa,0.16666666666666666,5,5,TAGAGTCGGGGTGGTGAAGG,0,1277485
furpa,0.16666666666666666,5,5,TAGAGCTGGTGTCTTGGACA,0,1315645
furpa,0.16666666666666666,5,5,TAGAGCCTGCTTTTATGAAC,0,1318693
furpa,0.16666666666666666,5,5,TAGACATCGTTAAATTTTAA,0,1326653
furpa,0.16666666666666666,5,5,TAGAAACATAGATGCATTAA,0,1307746
furpa,0.16666666666666666,5,5,TACTTTCTTGGCAGAGCTTC,0,1293947
furpa,0.16666666666666666,5,5,TACTTGGCAGATACCTATGA,0,1335603
furpa,0.16666666666666666,5,5,TACTCTGTCGCCGGTTATCT,0,1310116
furpa,0.16666666666666666,5,5,TACTCTCCGCCAGGGGTGAT,0,1296246
furpa,0.16666666666666666,5,5,TACTCGGGGCTCCACGCTAA,0,1353524
furpa,0.16666666666666666,5,5,TACTCCTTGCTGCCGGATTG,0,1332921
furpa,0.16666666666666666,5,5,TACTCAGCGGGTATTAGGAT,0,1318599
furpa,0.16666666666666666,5,5,TACTACCATCCCACTAACGT,0,1300396
furpa,0.16666666666666666,5,5,TACGGGACCTCCACTCACGT,0,1319190
furpa,0.16666666666666666,5,5,TACGCCTTCGTTTTTAATTC,0,1275917
furpa,0.16666666666666666,5,5,TACCTTTCAATTTACGCCGC,0,1314228
furpa,0.16666666666666666,5,5,TACCTGTACGGCTAGTCAAG,0,1278562
furpa,0.16666666666666666,5,5,TACCTCCGGTGGTTTAGCGG,0,1307132
furpa,0.16666666666666666,5,5,TACCGAATTTACAACGACGC,0,1319109
furpa,0.16666666666666666,5,5,TACATTTATTGCCAACTTGG,0,1357713
furpa,0.16666666666666666,5,5,TACACGCGCAATTGGTCTCG,0,1295662
furpa,0.16666666666666666,5,5,TACACAGTATCATGGCGAGT,0,1276292
furpa,0.16666666666666666,5,5,TACAATGGGCGGATAAATCG,0,1316631
furpa,0.16666666666666666,5,5,TACAAAATAATCGTATTTCT,0,1339180
furpa,0.16666666666666666,5,5,TAATTGAGGGGGGGAAACCT,0,1292925
furpa,0.16666666666666666,5,5,TAATGTCGGCAGACTTGCCA,0,1312622
furpa,0.16666666666666666,5,5,TAATGGCTGTTGTAATCTTA,0,1291799
furpa,0.16666666666666666,5,5,TAATCGCTCAATGTCATACT,0,1334174
furpa,0.16666666666666666,5,5,TAATCATGCAAAAACCCCAG,0,1341611
furpa,0.16666666666666666,5,5,TAATCAAGCGCCCTTCTTTT,0,1322405
furpa,0.16666666666666666,5,5,TAATAAGGTACCTGGACCCC,0,1322595
furpa,0.16666666666666666,5,5,TAAGTTGTGTTACAGCTCGC,0,1275618
furpa,0.16666666666666666,5,5,TAAGGTAACGTACCACGGGT,0,1289173
furpa,0.16666666666666666,5,5,TAAGGGACCTCTTTACGATC,0,1346152
furpa,0.16666666666666666,5,5,TAAGCGGGTCTTCTAGAAAT,0,1309332
furpa,0.16666666666666666,5,5,TAAGCACATGGTCCGACTCT,0,1272801
furpa,0.16666666666666666,5,5,TAAGAGCGTGGGCAGACGCA,0,1308776
furpa,0.16666666666666666,5,5,TAACTGGGAGCAGAGCGTAC,0,1299108
furpa,0.16666666666666666,5,5,TAACGGTTCCGGAGGTGTTG,0,1326968
furpa,0.16666666666666666,5,5,TAACCGTATCTCTATCACGA,0,1321440
furpa,0.16666666666666666,5,5,TAACCAGGGTGGTCCCCAAA,0,1350261
furpa,0.16666666666666666,5,5,TAACATACGTGGGCATGTTC,0,1320916
furpa,0.16666666666666666,5,5,TAAAGGTCACTGACAGATTC,0,1306525
furpa,0.16666666666666666,5,5,TAAAACTTGCTACGGGTCGT,0,1273979
furpa,0.16666666666666666,5,5,TAAAACGGGAACAATTATTG,0,1279232
furpa,0.16666666666666666,5,5,GTTTTGTTCATAACTTCTCG,0,1313482
furpa,0.16666666666666666,5,5,GTTTTCCGACCTACTGGTGA,0,1287393
furpa,0.16666666666666666,5,5,GTTTGCGATTTCCCCGGGGG,0,1315771
furpa,0.16666666666666666,5,5,GTTTCCTGTTTTCCCCTTCC,0,1355564
furpa,0.16666666666666666,5,5,GTTGTATGGCATTACCGTTT,0,1317608
furpa,0.16666666666666666,5,5,GTTGTAGACCTAGTGTTACC,0,1277095
furpa,0.16666666666666666,5,5,GTTGGGCTACAAGGCGGCCT,0,1275918
furpa,0.16666666666666666,5,5,GTTGGCAGCCCGGGCGTACC,0,1308592
furpa,0.16666666666666666,5,5,GTTCTCAGTTTTAACGTCAC,0,1335503
furpa,0.16666666666666666,5,5,GTTCTCAACACCAGCAGGAT,0,1310904
furpa,0.16666666666666666,5,5,GTTCGGTTTGTTTTACCAGT,0,1303792
furpa,0.16666666666666666,5,5,GTTCGGCTCCAAAAAGCCGG,0,1310540
furpa,0.16666666666666666,5,5,GTTCGGAGCGACGGTGCGCG,0,1280054
furpa,0.16666666666666666,5,5,GTTCGATGTAGTGGTCGGCG,0,1346941
furpa,0.16666666666666666,5,5,GTTCGAGATCTACATGAGTA,0,1274722
furpa,0.16666666666666666,5,5,GTTCGACGGTGAACCCGTGA,0,1334100
furpa,0.16666666666666666,5,5,GTTCCGTGGCAAACCGTCCT,0,1356490
furpa,0.16666666666666666,5,5,GTTCCGGTTCTGTGCTCGGG,0,1289764
furpa,0.16666666666666666,5,5,GTTAGTAGGTACCTCGTCTC,0,1302534
furpa,0.16666666666666666,5,5,GTTAGCCGGTATACAAATGT,0,1281675
furpa,0.16666666666666666,5,5,GTTACGGCAGCTCTGAGATC,0,1272653
furpa,0.16666666666666666,5,5,GTTACGCTAAGGACGACTAC,0,1333198
furpa,0.16666666666666666,5,5,GTTAATGTCGGCGTGGTTAG,0,1314212
furpa,0.16666666666666666,5,5,GTTAAGGGTACTTCTCGCTT,0,1305081
furpa,0.16666666666666666,5,5,GTGTTCTCGGCACAAGACTG,0,1311695
furpa,0.16666666666666666,5,5,GTGTTCTAACCAGCTCCACG,0,1343594
furpa,0.16666666666666666,5,5,GTGTGCCAGTAAATAAACGG,0,1334336
furpa,0.16666666666666666,5,5,GTGTCTCTGGTAAAATTTAT,0,1311810
furpa,0.16666666666666666,5,5,GTGTCGTTCCTAGAGCCCGG,0,1291518
furpa,0.16666666666666666,5,5,GTGTCACACTAAATGGGTGT,0,1315943
furpa,0.16666666666666666,5,5,GTGTACGGGTTCCTAGATCC,0,1290650
furpa,0.16666666666666666,5,5,GTGGTTGCGTGCGTACGCAT,0,1311736
furpa,0.16666666666666666,5,5,GTGGTAGCTGTCAACGCTGG,0,1353560
furpa,0.16666666666666666,5,5,GTGGGTGAAGTCTTGCCCGG,0,1293369
furpa,0.16666666666666666,5,5,GTGGGAAGGACCTGGGGCTG,0,1322880
furpa,0.16666666666666666,5,5,GTGGCGGACAGCCATTACCT,0,1355867
furpa,0.16666666666666666,5,5,GTGGAGGCTAGGAGGCTGTC,0,1301057
furpa,0.16666666666666666,5,5,GTGGACGAAATGTCGCTAGT,0,1280585
furpa,0.16666666666666666,5,5,GTGCTGGGGTTCGTTCCTAC,0,1309992
furpa,0.16666666666666666,5,5,GTGCGGCATGAACATAAAGT,0,1324432
furpa,0.16666666666666666,5,5,GTGCGCAGGGCAGACGGTCT,0,1278928
furpa,0.16666666666666666,5,5,GTGCCAGGGGATCACGTAGG,0,1350458
furpa,0.16666666666666666,5,5,GTGCACCCGGGACTTAGTCA,0,1349589
furpa,0.16666666666666666,5,5,GTGCAACCGTGCATTTTGTC,0,1321400
furpa,0.16666666666666666,5,5,GTGATATTAAGGAGGAAAAA,0,1279366
furpa,0.16666666666666666,5,5,GTGATATCAACGAGGTCAGT,0,1324903
furpa,0.16666666666666666,5,5,GTGAGTGATCGCCCTGGTTG,0,1301067
furpa,0.16666666666666666,5,5,GTGACTACAGATTGTGGTGG,0,1330229
furpa,0.16666666666666666,5,5,GTGACATGATTAACTCAATA,0,1320336
furpa,0.16666666666666666,5,5,GTCTTGAAGGTGCCGGAATG,0,1315188
furpa,0.16666666666666666,5,5,GTCTTCCAGAGAGGCGAAGA,0,1326739
furpa,0.16666666666666666,5,5,GTCTTAAATACAGTCACGCC,0,1316947
furpa,0.16666666666666666,5,5,GTCTGTCATGGCAGCGAGGT,0,1326916
furpa,0.16666666666666666,5,5,GTCTGCCCCGTATTGGTGCC,0,1290413
furpa,0.16666666666666666,5,5,GTCTGCAAAAATATCTTGTT,0,1307232
furpa,0.16666666666666666,5,5,GTCTCTTCAGGCATGCTCAG,0,1283557
furpa,0.16666666666666666,5,5,GTCTCGTGTCTGCGCCTCTG,0,1298571
furpa,0.16666666666666666,5,5,GTCTCGAGGGGACAGGACGC,0,1285014
furpa,0.16666666666666666,5,5,GTCTCCGGTATGTAGTGAGG,0,1284727
furpa,0.16666666666666666,5,5,GTCTCCCGAAGGCCGGACGC,0,1306338
furpa,0.16666666666666666,5,5,GTCTCCCAGGTCTGTCCGCT,0,1342934
furpa,0.16666666666666666,5,5,GTCTACTCCCAGCTGCGTCA,0,1325237
furpa,0.16666666666666666,5,5,GTCTACGGCAGGAAGGCTCA,0,1278779
furpa,0.16666666666666666,5,5,GTCTACAGAGACCACGGAAC,0,1326504
furpa,0.16666666666666666,5,5,GTCTAACCTCAATCTCGAGC,0,1297102
furpa,0.16666666666666666,5,5,GTCGTCCCGTATCTATGAAG,0,1285416
furpa,0.16666666666666666,5,5,GTCGGTGGTTTGAGCAATTT,0,1273859
furpa,0.16666666666666666,5,5,GTCGCAGTTTATTCCCGCGC,0,1303028
furpa,0.16666666666666666,5,5,GTCCTTCAGCACTCACTGTG,0,1278417
furpa,0.16666666666666666,5,5,GTCCTCGTGCGCACCGCGTA,0,1312774
furpa,0.16666666666666666,5,5,GTCCGGGCGACAACGGAGGT,0,1297901
furpa,0.16666666666666666,5,5,GTCATTACTCTGGTGACACC,0,1296871
furpa,0.16666666666666666,5,5,GTCATGCCAGTTTGTTGTTG,0,1316774
furpa,0.16666666666666666,5,5,GTCATCTATCGTTGACGACG,0,1308424
furpa,0.16666666666666666,5,5,GTCATCTAGTCCTTGTGATG,0,1295703
furpa,0.16666666666666666,5,5,GTCAGTACGCAGCCGTAATG,0,1309914
furpa,0.16666666666666666,5,5,GTCAGAAAGCATCACATGTC,0,1310241
furpa,0.16666666666666666,5,5,GTCAATTGGCTGAGCGCAAG,0,1289813
furpa,0.16666666666666666,5,5,GTCAATGGGATGAAGTGGAC,0,1308770
furpa,0.16666666666666666,5,5,GTATTTACCGTCCTCAAATC,0,1315856
furpa,0.16666666666666666,5,5,GTATTCCGCTCCATCGCCCC,0,1334480
furpa,0.16666666666666666,5,5,GTATTAACACTTGCCCCTTG,0,1285766
furpa,0.16666666666666666,5,5,GTATCGCTGGGATTACGCGC,0,1348511
furpa,0.16666666666666666,5,5,GTATCCCTTAGTTTGGGCAG,0,1275308
furpa,0.16666666666666666,5,5,GTATCATATGATTACGTAAC,0,1298327
furpa,0.16666666666666666,5,5,GTATATGCAAAATATCAGGT,0,1296013
furpa,0.16666666666666666,5,5,GTATAGTTCTTCCTCGGTCG,0,1355051
furpa,0.16666666666666666,5,5,GTAGTTGTATGAATCATATC,0,1295568
furpa,0.16666666666666666,5,5,GTAGTAGATCATTTCCATGG,0,1314796
furpa,0.16666666666666666,5,5,GTAGATTATCAGTTGTAACC,0,1320803
furpa,0.16666666666666666,5,5,GTACGTCCATGGCCCGCGCT,0,1297583
furpa,0.16666666666666666,5,5,GTACCTCGAGTTCTTCTATC,0,1330728
furpa,0.16666666666666666,5,5,GTACCGCGGTACGGTGGGGA,0,1321071
furpa,0.16666666666666666,5,5,GTACCACGTTCTGGTAGCAA,0,1312358
furpa,0.16666666666666666,5,5,GTACATAATCGCTGTTACCG,0,1275857
furpa,0.16666666666666666,5,5,GTAATTTGAGTGTGTAGCGT,0,1355746
furpa,0.16666666666666666,5,5,GTAATGCGAGTCGTGCAAGG,0,1299057
furpa,0.16666666666666666,5,5,GTAATATGGCCGGCATCTAT,0,1305818
furpa,0.16666666666666666,5,5,GTAAGTGTCTCGGCGAGGAC,0,1326746
furpa,0.16666666666666666,5,5,GTAAATCGGGGGGAGGTGCG,0,1277549
furpa,0.16666666666666666,5,5,GGTTTTGGAGAGCAAAGGTG,0,1346467
furpa,0.16666666666666666,5,5,GGTTTAGCCACTTAAAATAT,0,1300663
furpa,0.16666666666666666,5,5,GGTTCTCAGGACTTCGAGCA,0,1290826
furpa,0.16666666666666666,5,5,GGTTCGATGTAAACCCCACT,0,1332023
furpa,0.16666666666666666,5,5,GGTTATAAGTGAACGCGCAT,0,1326652
furpa,0.16666666666666666,5,5,GGTTAGGTACGGACCTCTGG,0,1355054
furpa,0.16666666666666666,5,5,GGTGTGTTTACTCCGGCATC,0,1301943
furpa,0.16666666666666666,5,5,GGTGTGGACAGCCGATCGGT,0,1353971
furpa,0.16666666666666666,5,5,GGTGTCTTATGCAGATGTTT,0,1321482
furpa,0.16666666666666666,5,5,GGTGTAGTTCCCGTTGACAT,0,1289252
furpa,0.16666666666666666,5,5,GGTGCGGGGCACTGATTATA,0,1295371
furpa,0.16666666666666666,5,5,GGTGCACCTCGTCTGTTAAG,0,1277856
furpa,0.16666666666666666,5,5,GGTGAGCTAGCAATGGTCAC,0,1346085
furpa,0.16666666666666666,5,5,GGTGAAGATGAAGACCATCG,0,1334653
furpa,0.16666666666666666,5,5,GGTGAACTCTGTCTAAACTG,0,1279705
furpa,0.16666666666666666,5,5,GGTCTTAGTCCTGCCACCGA,0,1338427
furpa,0.16666666666666666,5,5,GGTCTCGCAGCGGCCGAGCC,0,1295540
furpa,0.16666666666666666,5,5,GGTCGTTATTACAAATTTCT,0,1306797
furpa,0.16666666666666666,5,5,GGTCGTATGTGCACGCGTAC,0,1342123
furpa,0.16666666666666666,5,5,GGTCGGTCCACATGTGACGT,0,1299936
furpa,0.16666666666666666,5,5,GGTCGCACCTGGGCCTAGAA,0,1345534
furpa,0.16666666666666666,5,5,GGTCGAGCTTTTGTAGCCTA,0,1329358
furpa,0.16666666666666666,5,5,GGTCCTGGGCGGAGTGAAGT,0,1332527
furpa,0.16666666666666666,5,5,GGTCCGAGGCCAGGGTCCCC,0,1276528
furpa,0.16666666666666666,5,5,GGTCCAGTGCTGACGCAAAA,0,1355052
furpa,0.16666666666666666,5,5,GGTAGTTAATCGTCAAAACC,0,1331121
furpa,0.16666666666666666,5,5,GGTAGTCCACAAGAACTGGA,0,1309474
furpa,0.16666666666666666,5,5,GGTACTCTCATCTGACGATG,0,1353903
furpa,0.16666666666666666,5,5,GGTACCCCGCCCCAGGAAAG,0,1278991
furpa,0.16666666666666666,5,5,GGGTTTTACGGCAGACTATT,0,1298630
furpa,0.16666666666666666,5,5,GGGTTTCACGGGTACGTCCC,0,1280424
furpa,0.16666666666666666,5,5,GGGTTTAGTCATGGGGCCGG,0,1323627
furpa,0.16666666666666666,5,5,GGGTTGCCGGGGAGCCCAAT,0,1323530
furpa,0.16666666666666666,5,5,GGGTTGATGCCGCCCTCCAA,0,1317056
furpa,0.16666666666666666,5,5,GGGTTAGGCCCCTAGCTACT,0,1285767
furpa,0.16666666666666666,5,5,GGGTGTAATTCGAAGAGATT,0,1286231
furpa,0.16666666666666666,5,5,GGGTCAAGAGTGGGAACAGA,0,1285700
furpa,0.16666666666666666,5,5,GGGTAGGGCCACCCCGGGGC,0,1275913
furpa,0.16666666666666666,5,5,GGGTAGAGTAACGGTTGCCT,0,1347835
furpa,0.16666666666666666,5,5,GGGTAAATGCAAAGAGGCTG,0,1336021
furpa,0.16666666666666666,5,5,GGGGTTCCGGCATATGTCTC,0,1280504
furpa,0.16666666666666666,5,5,GGGGTGGCGGGAGGGATCCC,0,1344180
furpa,0.16666666666666666,5,5,GGGGGGTCCATCTAGCATGG,0,1275016
furpa,0.16666666666666666,5,5,GGGGGCGTAGTGAACACGAG,0,1313722
furpa,0.16666666666666666,5,5,GGGGGCGAGTACGCCCCGCA,0,1275997
furpa,0.16666666666666666,5,5,GGGGCTACTATAATTGGTTG,0,1271621
furpa,0.16666666666666666,5,5,GGGGCAGAATCGTCAAATGT,0,1298621
furpa,0.16666666666666666,5,5,GGGGAACGCAGGGGAGAAGG,0,1325661
furpa,0.16666666666666666,5,5,GGGCTGGTCCTTCGCATGTT,0,1299385
furpa,0.16666666666666666,5,5,GGGCGTTGAGAGACGCAGAC,0,1290164
furpa,0.16666666666666666,5,5,GGGCCATATTCTACAGGCAA,0,1284445
furpa,0.16666666666666666,5,5,GGGCATTTACCTCACTCAGG,0,1353596
furpa,0.16666666666666666,5,5,GGGCATCAGTGCCCGTAACA,0,1275078
furpa,0.16666666666666666,5,5,GGGATATTTAAATTGAATCC,0,1347624
furpa,0.16666666666666666,5,5,GGGAGGTCTAAGCACAAGTT,0,1332448
furpa,0.16666666666666666,5,5,GGGAGACCTGCGTGGTTAGC,0,1277743
furpa,0.16666666666666666,5,5,GGGAGACCTACCTAGGGAAT,0,1298677
furpa,0.16666666666666666,5,5,GGGAAGTCGCTGTGGCGATT,0,1318688
furpa,0.16666666666666666,5,5,GGCTTTTTTTCTGCCTATGG,0,1281341
furpa,0.16666666666666666,5,5,GGCTTAAAACTCAATACGAG,0,1271940
furpa,0.16666666666666666,5,5,GGCTGGCTGTATCGCTCTTC,0,1357347
furpa,0.16666666666666666,5,5,GGCTCCATGAAGAGTAAGTC,0,1326843
furpa,0.16666666666666666,5,5,GGCTAAGACACGTGAGTCAG,0,1276246
furpa,0.16666666666666666,5,5,GGCGCCTGGGCGATGTCATC,0,1314705
furpa,0.16666666666666666,5,5,GGCGCAGTGTCTATATGAAA,0,1319780
furpa,0.16666666666666666,5,5,GGCGACCCCAGATCAACACA,0,1314575
furpa,0.16666666666666666,5,5,GGCCGGTTGTGGCCGAGGAA,0,1300595
furpa,0.16666666666666666,5,5,GGCCGCTGGTAACTGCCACG,0,1316942
furpa,0.16666666666666666,5,5,GGCCCCCAGCAAGAGTCCCA,0,1351196
furpa,0.16666666666666666,5,5,GGCCATCCAGAATGACGACT,0,1275445
furpa,0.16666666666666666,5,5,GGCAGGGCGAGCATACAATT,0,1314322
furpa,0.16666666666666666,5,5,GGCAGCCAGGATCACGCCAA,0,1313963
furpa,0.16666666666666666,5,5,GGCAATTCACTAGATGGGGT,0,1342833
furpa,0.16666666666666666,5,5,GGCAATCTTCGCCGAAAACG,0,1323622
furpa,0.16666666666666666,5,5,GGCAACGGAATCGCGACATC,0,1332190
furpa,0.16666666666666666,5,5,GGATTATTCTTTTTTACGAA,0,1282900
furpa,0.16666666666666666,5,5,GGATCTATTTGACCGCGTCT,0,1275152
furpa,0.16666666666666666,5,5,GGATCGTCACGTGAAATAAA,0,1275721
furpa,0.16666666666666666,5,5,GGATAGTAGAGAAATGGATT,0,1304263
furpa,0.16666666666666666,5,5,GGAGTCGCGGTGCATACCTG,0,1326950
furpa,0.16666666666666666,5,5,GGAGGTCGGAGAAGCCTTCT,0,1280824
furpa,0.16666666666666666,5,5,GGAGGATGCTTACAGGACAT,0,1335256
furpa,0.16666666666666666,5,5,GGAGCGAGAACTTCACGAGT,0,1319769
furpa,0.16666666666666666,5,5,GGAGAATCAGACGACATGAA,0,1315660
furpa,0.16666666666666666,5,5,GGAGAATAGACGAAGCATGT,0,1320000
furpa,0.16666666666666666,5,5,GGACTTCTGCTGTCGTTTGG,0,1332844
furpa,0.16666666666666666,5,5,GGACTGGCTTCTAACCTAGT,0,1356673
furpa,0.16666666666666666,5,5,GGACCGTTATTGCGATATCG,0,1279626
furpa,0.16666666666666666,5,5,GGAATGCCTATAGTTCGCAA,0,1342197
furpa,0.16666666666666666,5,5,GGAATCTCGACACTTCCATA,0,1293374
furpa,0.16666666666666666,5,5,GGAAGTTAGAGAATTTTCGA,0,1320911
furpa,0.16666666666666666,5,5,GGAACTGGTAGCCACGTTTC,0,1302522
furpa,0.16666666666666666,5,5,GGAACCCATCTGGCATAAAA,0,1329346
furpa,0.16666666666666666,5,5,GGAAAGTTCTTCAGCCATGT,0,1294449
furpa,0.16666666666666666,5,5,GCTTTTCGAGGTCAGACAGA,0,1312941
furpa,0.16666666666666666,5,5,GCTTGTTCCAAGAGAAACGT,0,1286230
furpa,0.16666666666666666,5,5,GCTTGGTTCTCGGGGGGGAT,0,1354154
furpa,0.16666666666666666,5,5,GCTTCGGTACGGGAGGCCTC,0,1351743
furpa,0.16666666666666666,5,5,GCTTATACCAACGATACGCT,0,1312279
furpa,0.16666666666666666,5,5,GCTGTTTACTTTCTCGCCTA,0,1316472
furpa,0.16666666666666666,5,5,GCTGTAACCGTCTTTAGACT,0,1278761
furpa,0.16666666666666666,5,5,GCTGGCTTACGATCACCTTG,0,1320647
furpa,0.16666666666666666,5,5,GCTGAATAAATAGGATCATT,0,1356691
furpa,0.16666666666666666,5,5,GCTCGCGGACCCGGTTTTCT,0,1283877
furpa,0.16666666666666666,5,5,GCTCGATAGGATGTGATTAA,0,1290726
furpa,0.16666666666666666,5,5,GCTCCCTCGTTAGGTCGAGG,0,1321064
furpa,0.16666666666666666,5,5,GCTCAGACTAATGATCGCCG,0,1355437
furpa,0.16666666666666666,5,5,GCTCACGAATTCTAGGTTAC,0,1297898
furpa,0.16666666666666666,5,5,GCTCACCCGTATGGTATTTC,0,1328758
furpa,0.16666666666666666,5,5,GCTAGAACCAATACGGAAAG,0,1345039
furpa,0.16666666666666666,5,5,GCTAAATACTTCGTGTCCTG,0,1346354
furpa,0.16666666666666666,5,5,GCGTTAGTTTGTCCACGGCC,0,1314493
furpa,0.16666666666666666,5,5,GCGTGCAAAGAGCTCTATCA,0,1283332
furpa,0.16666666666666666,5,5,GCGTCCTGTACAGCTTTTGT,0,1300430
furpa,0.16666666666666666,5,5,GCGTAGGCGTTGATCCTATC,0,1294206
furpa,0.16666666666666666,5,5,GCGTAGACCTAGTGGACTGC,0,1271410
furpa,0.16666666666666666,5,5,GCGGTTTAATATGTCAGGCA,0,1284712
furpa,0.16666666666666666,5,5,GCGGGGAGGTCTTCGTTATT,0,1274869
furpa,0.16666666666666666,5,5,GCGGCCGTTGATTTAGGTTT,0,1334246
furpa,0.16666666666666666,5,5,GCGCTTTTAATTTGGCGACT,0,1339625
furpa,0.16666666666666666,5,5,GCGCTGTAGCTTTAGCGTAA,0,1333370
furpa,0.16666666666666666,5,5,GCGCTGCGAGATTAAGCGCA,0,1288450
furpa,0.16666666666666666,5,5,GCGCTAGTTAGATCCGCGGA,0,1309117
furpa,0.16666666666666666,5,5,GCGCGTAGGTGGATCCCGGC,0,1299551
furpa,0.16666666666666666,5,5,GCGCCCGCTGCCCCGCACCA,0,1303649
furpa,0.16666666666666666,5,5,GCGAGACCCCCACTCATCAC,0,1309535
furpa,0.16666666666666666,5,5,GCGACGTCTATGCAGCCGAC,0,1313395
furpa,0.16666666666666666,5,5,GCGACAGCCTGCCGACGATC,0,1346712
furpa,0.16666666666666666,5,5,GCGACAAGAGTCACACACCT,0,1276983
furpa,0.16666666666666666,5,5,GCGAAAGTTACCCAACAATA,0,1326969
furpa,0.16666666666666666,5,5,GCCTGCGTATGACGTTCCAG,0,1284564
furpa,0.16666666666666666,5,5,GCCTGCCTCCGGCTTGTGAT,0,1286429
furpa,0.16666666666666666,5,5,GCCTGATGGGCGGGCCTTCA,0,1292310
furpa,0.16666666666666666,5,5,GCCTGATCACCAGCCTGAAC,0,1322154
furpa,0.16666666666666666,5,5,GCCTGACCCATGGCGGCAGT,0,1321298
furpa,0.16666666666666666,5,5,GCCTCGCGCACCCAGTCGCA,0,1307386
furpa,0.16666666666666666,5,5,GCCTATTCGTCATGGTGCAT,0,1350909
furpa,0.16666666666666666,5,5,GCCGTAGGGCCGTCATTTTC,0,1325837
furpa,0.16666666666666666,5,5,GCCGGCTCCCTTGTGGTAAA,0,1295078
furpa,0.16666666666666666,5,5,GCCGCCTTTCGGTTTCATAG,0,1289751
furpa,0.16666666666666666,5,5,GCCGACTGTAACGCGCCCGG,0,1309710
furpa,0.16666666666666666,5,5,GCCGAATACGTGCTTCAAGC,0,1275652
furpa,0.16666666666666666,5,5,GCCGAACTCCCAAGGCACAT,0,1355917
furpa,0.16666666666666666,5,5,GCCCTTTGTGTCGGCGACGG,0,1333303
furpa,0.16666666666666666,5,5,GCCCGTGTGCAATCCCTTAA,0,1350033
furpa,0.16666666666666666,5,5,GCCCGACCGTTGCATGGGGA,0,1291281
furpa,0.16666666666666666,5,5,GCCCCGATGCGAGACTCACA,0,1335681
furpa,0.16666666666666666,5,5,GCCATATCGGGAGGTTTGGG,0,1302786
furpa,0.16666666666666666,5,5,GCCAGGTCGGCTTTGCTCCG,0,1341987
furpa,0.16666666666666666,5,5,GCCACGATTAAGGCAAATGG,0,1314284
furpa,0.16666666666666666,5,5,GCCACACCATGATCGGGCTT,0,1335345
furpa,0.16666666666666666,5,5,GCATTTTCTTTAGCTAAAAC,0,1325468
furpa,0.16666666666666666,5,5,GCATTAATCCCCAGCCAACA,0,1353303
furpa,0.16666666666666666,5,5,GCATGTGGGGAAGTTACCTG,0,1320854
furpa,0.16666666666666666,5,5,GCATGAGACCGAGAGGAGAG,0,1299907
furpa,0.16666666666666666,5,5,GCATCTGGCCAGTGATGGGA,0,1318864
furpa,0.16666666666666666,5,5,GCATATTTTTAGTTAACAAC,0,1303993
furpa,0.16666666666666666,5,5,GCATATATGGGACTCTACTG,0,1291282
furpa,0.16666666666666666,5,5,GCATAGCCTGATCTAGTAAC,0,1283790
furpa,0.16666666666666666,5,5,GCAGTGCGTACTTCCCTGGC,0,1331518
furpa,0.16666666666666666,5,5,GCAGGGCTAAAGTGCGTCCC,0,1315756
furpa,0.16666666666666666,5,5,GCAGGGCAATCCCGCCATGG,0,1341403
furpa,0.16666666666666666,5,5,GCAGGCCCGTGGCACACCTA,0,1355426
furpa,0.16666666666666666,5,5,GCAGCGTGCAAGCTGGCGTT,0,1297104
furpa,0.16666666666666666,5,5,GCACTGTGAGACATGCACCT,0,1280661
furpa,0.16666666666666666,5,5,GCACTCAAAAAGGTAGTGAA,0,1272203
furpa,0.16666666666666666,5,5,GCACTATATGCGTGGGTGCA,0,1348506
furpa,0.16666666666666666,5,5,GCACGAATCGTCAGTGATCA,0,1293197
furpa,0.16666666666666666,5,5,GCACCTTGTTTGGACTCTCC,0,1313959
furpa,0.16666666666666666,5,5,GCACCGCTTAAGAGCCAAAT,0,1303174
furpa,0.16666666666666666,5,5,GCACCCAGTGGCCTAAATTA,0,1316398
furpa,0.16666666666666666,5,5,GCAAGCTGTTAGGGGTCGTG,0,1355113
furpa,0.16666666666666666,5,5,GCAAGCCTTGAACGCACTGA,0,1335154
furpa,0.16666666666666666,5,5,GCAACTAACTACGTTCACAT,0,1290874
furpa,0.16666666666666666,5,5,GCAACCGGCTCCTTTACCTC,0,1321566
furpa,0.16666666666666666,5,5,GCAAAATTCGACTCTACGAG,0,1330656
furpa,0.16666666666666666,5,5,GATTTGATCTGAAATGTAGA,0,1348917
furpa,0.16666666666666666,5,5,GATTTGATCGGAAGCTTTGT,0,1315805
furpa,0.16666666666666666,5,5,GATTAGACGTCTTATTTGTT,0,1278114
furpa,0.16666666666666666,5,5,GATGGTTCATCCTCATGTGG,0,1336569
furpa,0.16666666666666666,5,5,GATGGCAAAGCGCGTTGTAC,0,1274259
furpa,0.16666666666666666,5,5,GATGCTTACAAGCGGGACTC,0,1294521
furpa,0.16666666666666666,5,5,GATCGGAATAGAGGTTGCCT,0,1296244
furpa,0.16666666666666666,5,5,GATCCTATCGTTCTTAAAAT,0,1329634
furpa,0.16666666666666666,5,5,GATCATTAGTGATGATCGGA,0,1330782
furpa,0.16666666666666666,5,5,GATCAGATTCCTAACCGGAA,0,1276932
furpa,0.16666666666666666,5,5,GATAGGCCTAAGACCCATAT,0,1319850
furpa,0.16666666666666666,5,5,GATAGCGACTAGAATTTGGA,0,1340205
furpa,0.16666666666666666,5,5,GATACGAAAATGATTGTGAA,0,1345889
furpa,0.16666666666666666,5,5,GATACCTACCGGGCAGCCAA,0,1331335
furpa,0.16666666666666666,5,5,GATACCATGGGTTATATAAC,0,1303364
furpa,0.16666666666666666,5,5,GATACAGGCGATTCAAGCGT,0,1316272
furpa,0.16666666666666666,5,5,GAGTTACTCCAGCCTATTCG,0,1276051
furpa,0.16666666666666666,5,5,GAGTGACACCAACTAGAGAG,0,1312090
furpa,0.16666666666666666,5,5,GAGTAGTTGACTCCTCAATA,0,1271899
furpa,0.16666666666666666,5,5,GAGTAGCGTATCTCGGTTTG,0,1308895
furpa,0.16666666666666666,5,5,GAGGTATCCACGACATCGAA,0,1313723
furpa,0.16666666666666666,5,5,GAGGTAGATCAGTAGTAGAC,0,1282823
furpa,0.16666666666666666,5,5,GAGGGCGTCCTAGGTAAAGT,0,1347362
furpa,0.16666666666666666,5,5,GAGGGAGATTAACCTGCAAC,0,1332974
furpa,0.16666666666666666,5,5,GAGGGACAGCGGTATTGGTA,0,1324017
furpa,0.16666666666666666,5,5,GAGGATATGGAAACCAAGCA,0,1340219
furpa,0.16666666666666666,5,5,GAGGAGGGTATTGCTTCGAT,0,1324356
furpa,0.16666666666666666,5,5,GAGGAGCGAGCCCTTTAGGA,0,1286755
furpa,0.16666666666666666,5,5,GAGGACGCCTCTTTCTGCTT,0,1357308
furpa,0.16666666666666666,5,5,GAGGAAACTCGCGCCCGTAA,0,1326115
furpa,0.16666666666666666,5,5,GAGCTATGGTTTAAAGTGTA,0,1275354
furpa,0.16666666666666666,5,5,GAGCCCCGCATAATTGCTTC,0,1325290
furpa,0.16666666666666666,5,5,GAGCCCCCCCCTATGCACTA,0,1276880
furpa,0.16666666666666666,5,5,GAGCAACGGTGCGTTTAGGG,0,1274442
furpa,0.16666666666666666,5,5,GAGATTTTGGATGGTAGACA,0,1349067
furpa,0.16666666666666666,5,5,GAGATTCGGGGCAGAATTAG,0,1289919
furpa,0.16666666666666666,5,5,GAGATACAGAGTCGGTTCTA,0,1324762
furpa,0.16666666666666666,5,5,GAGAGTGCCTACTCGCCTTT,0,1305739
furpa,0.16666666666666666,5,5,GAGAGTCTCGGTCCGAACGT,0,1348434
furpa,0.16666666666666666,5,5,GAGAGCTGATTTCGATAGGC,0,1292059
furpa,0.16666666666666666,5,5,GAGAGCACAATTTATTCGCG,0,1306418
furpa,0.16666666666666666,5,5,GAGACATTACGGGCCAGGAA,0,1293844
furpa,0.16666666666666666,5,5,GAGAAATTGGAGAAGGACCA,0,1337788
furpa,0.16666666666666666,5,5,GACTTGTGAATCAGGTTATA,0,1307375
furpa,0.16666666666666666,5,5,GACTTGCGGATGAAGCATTG,0,1321679
furpa,0.16666666666666666,5,5,GACTTCAGATTTACTTATTA,0,1311952
furpa,0.16666666666666666,5,5,GACTGGTTCACGAGCGGCAT,0,1326622
furpa,0.16666666666666666,5,5,GACTCGCCAAAGGCTATCAA,0,1294414
furpa,0.16666666666666666,5,5,GACTATCCCGCTTGGAAGGA,0,1336840
furpa,0.16666666666666666,5,5,GACTACGTTCGAAAAATATG,0,1331731
furpa,0.16666666666666666,5,5,GACTACAGGGTTACTCTAAA,0,1307523
furpa,0.16666666666666666,5,5,GACGGTATGTACGGCCAGTT,0,1300190
furpa,0.16666666666666666,5,5,GACGGGAAACCGAGGCCTTT,0,1279647
furpa,0.16666666666666666,5,5,GACGCGTAGCTCCGACTGCA,0,1347082
furpa,0.16666666666666666,5,5,GACGAGGTAATCATGTGGAC,0,1343106
furpa,0.16666666666666666,5,5,GACGACGCTAACTTGCTCGA,0,1340129
furpa,0.16666666666666666,5,5,GACCTGGACAAAACCTCACA,0,1293575
furpa,0.16666666666666666,5,5,GACCGTTAGCGGGTTGGAAG,0,1337501
furpa,0.16666666666666666,5,5,GACCGAGTATGCTAGTGTAA,0,1350505
furpa,0.16666666666666666,5,5,GACCGAGGCTTTCCGATTTT,0,1302325
furpa,0.16666666666666666,5,5,GACCCAGTCCAGTAGCATTG,0,1296050
furpa,0.16666666666666666,5,5,GACATTGACTGTGCTTCCAT,0,1292215
furpa,0.16666666666666666,5,5,GACATCGAAGTGACTGTATA,0,1303009
furpa,0.16666666666666666,5,5,GACAATACCCACGGGCACGG,0,1294131
furpa,0.16666666666666666,5,5,GAATTTGCACAGTGGCAGAT,0,1347421
furpa,0.16666666666666666,5,5,GAATTGATCGGAATCAAAAG,0,1304837
furpa,0.16666666666666666,5,5,GAATGGACACATTCATCAAC,0,1348067
furpa,0.16666666666666666,5,5,GAATCCTGTGATGCTCACAT,0,1333410
furpa,0.16666666666666666,5,5,GAATATTGAGAAAGTCCGAG,0,1322643
furpa,0.16666666666666666,5,5,GAATATAATAGAATAGTGGG,0,1323354
furpa,0.16666666666666666,5,5,GAATACATCGCGAAAGGTTG,0,1355864
furpa,0.16666666666666666,5,5,GAATAAGTATGAGACGTTTT,0,1333923
furpa,0.16666666666666666,5,5,GAAGTCCATGGGAAGCGAAC,0,1301343
furpa,0.16666666666666666,5,5,GAAGTAGAAGCTTCTAGTCC,0,1292523
furpa,0.16666666666666666,5,5,GAAGGTGGAGACACTGCGCC,0,1272125
furpa,0.16666666666666666,5,5,GAAGCTAGCATCGTTAGAAC,0,1320135
furpa,0.16666666666666666,5,5,GAAGCAACAGTGGCAGTGGC,0,1349416
furpa,0.16666666666666666,5,5,GAAGAGCGCAGGACTAGGTG,0,1340061
furpa,0.16666666666666666,5,5,GAACTACTTTAAAATGGTAT,0,1325923
furpa,0.16666666666666666,5,5,GAACCGTACAGTAATACGCT,0,1287503
furpa,0.16666666666666666,5,5,GAACCGACTCAATCGTCGCA,0,1286263
furpa,0.16666666666666666,5,5,GAAACTCGGGAAGATCTGTA,0,1349257
furpa,0.16666666666666666,5,5,GAAACGCGGCCCTCGAACCG,0,1339207
furpa,0.16666666666666666,5,5,GAAAAGTGAGTGTGAGGAAG,0,1352294
furpa,0.16666666666666666,5,5,GAAAACGCGGCGTTAAACTT,0,1332092
furpa,0.16666666666666666,5,5,GAAAACATGGTGCGCAAGGT,0,1334692
furpa,0.16666666666666666,5,5,CTTTGTTAACCGCATTCGAG,0,1346810
furpa,0.16666666666666666,5,5,CTTTGGAACCAACGCAGGGT,0,1325287
furpa,0.16666666666666666,5,5,CTTTCTTTGGCAAAGTTGAA,0,1301083
furpa,0.16666666666666666,5,5,CTTTCTATCTTCATTAGAGC,0,1287660
furpa,0.16666666666666666,5,5,CTTTCATGGATCCCGCATTC,0,1303860
furpa,0.16666666666666666,5,5,CTTTCATGCTATAGATGCTA,0,1286673
furpa,0.16666666666666666,5,5,CTTTATATAGGTTCAATTGC,0,1295058
furpa,0.16666666666666666,5,5,CTTTAGTCTAAGGAAGACGA,0,1324793
furpa,0.16666666666666666,5,5,CTTTAAGACTTAGTTTGTGG,0,1353536
furpa,0.16666666666666666,5,5,CTTGTGTTGTAGTTTGTTGG,0,1314964
furpa,0.16666666666666666,5,5,CTTGTATCCCAGGCTACGCT,0,1319645
furpa,0.16666666666666666,5,5,CTTGTACCGCGGGGTTATGT,0,1318753
furpa,0.16666666666666666,5,5,CTTGGTCGGAGACACCTGTA,0,1278494
furpa,0.16666666666666666,5,5,CTTGGGGTCGGTCAGCTCGT,0,1348300
furpa,0.16666666666666666,5,5,CTTGGCCTCCAGGTCCGGCT,0,1303555
furpa,0.16666666666666666,5,5,CTTGGCAGCATCGCGTATAC,0,1309329
furpa,0.16666666666666666,5,5,CTTGGATACATATGGCTCCA,0,1349443
furpa,0.16666666666666666,5,5,CTTGATACCGGGTGAGCGAC,0,1280434
furpa,0.16666666666666666,5,5,CTTGAACACTCGACGTTGCC,0,1305298
furpa,0.16666666666666666,5,5,CTTCGCTAAATTACCATTTG,0,1281643
furpa,0.16666666666666666,5,5,CTTCCTTGATTAATTAAGGA,0,1324930
furpa,0.16666666666666666,5,5,CTTCCGGGGACTAGCTGTAA,0,1304900
furpa,0.16666666666666666,5,5,CTTCAGAATCCTTATGATAA,0,1281641
furpa,0.16666666666666666,5,5,CTTATTTATCGTCGCAAGGG,0,1337605
furpa,0.16666666666666666,5,5,CTTACGTTGATGGGATCGGA,0,1295202
furpa,0.16666666666666666,5,5,CTTACGCGACCGCCTGGTGT,0,1315866
furpa,0.16666666666666666,5,5,CTTACAATCAGAAAACCTCT,0,1353860
furpa,0.16666666666666666,5,5,CTTAACTCTCAAAGAACTCT,0,1307928
furpa,0.16666666666666666,5,5,CTGTTTCCGGCCTACCGTGC,0,1310985
furpa,0.16666666666666666,5,5,CTGTCAGGCATTCACTCGGT,0,1296173
furpa,0.16666666666666666,5,5,CTGTATTCAAGGATCCATGC,0,1318197
furpa,0.16666666666666666,5,5,CTGGTTTAGACATCATCGGC,0,1299283
furpa,0.16666666666666666,5,5,CTGGTTGTTCCAAGGGCGAT,0,1281428
furpa,0.16666666666666666,5,5,CTGGTCGATTCGAACACCAA,0,1297051
furpa,0.16666666666666666,5,5,CTGGTAAAGTGCTCCGCCTC,0,1287160
furpa,0.16666666666666666,5,5,CTGGGTCCTTCTTGGAATTC,0,1325017
furpa,0.16666666666666666,5,5,CTGGGATCGGTACGAACAGG,0,1286819
furpa,0.16666666666666666,5,5,CTGGAGCCCGTCTTCACAAG,0,1306985
furpa,0.16666666666666666,5,5,CTGCTGTAAGCCTCGGTAGT,0,1286151
furpa,0.16666666666666666,5,5,CTGCTGGCGGACACCACGAT,0,1315858
furpa,0.16666666666666666,5,5,CTGCTGCTGTTGTTAACAGT,0,1316273
furpa,0.16666666666666666,5,5,CTGCTGCATTAAGTTTCCAA,0,1327210
furpa,0.16666666666666666,5,5,CTGCTGCAAACCCTGGCATT,0,1354196
furpa,0.16666666666666666,5,5,CTGCTCGTATTGGGTAGAGG,0,1273892
furpa,0.16666666666666666,5,5,CTGCGCGACTCGTGTTCACG,0,1283256
furpa,0.16666666666666666,5,5,CTGCACCCGACCTAGCCGCT,0,1309689
furpa,0.16666666666666666,5,5,CTGCACCCAAGTAGCAGAGG,0,1320440
furpa,0.16666666666666666,5,5,CTGCAAAACCGGCAGCATTT,0,1311475
furpa,0.16666666666666666,5,5,CTGCAAAAATCAAATCAGTT,0,1342286
furpa,0.16666666666666666,5,5,CTGCAAAAACCTCAAACTTA,0,1333421
furpa,0.16666666666666666,5,5,CTGAGGGACCTCTGCGTTGG,0,1274980
furpa,0.16666666666666666,5,5,CTGAGATGGTATGTTGTGGA,0,1310396
furpa,0.16666666666666666,5,5,CTGACGTAACTTGAAAGATG,0,1319033
furpa,0.16666666666666666,5,5,CTGACGCCCTGGCTCCCATG,0,1280578
furpa,0.16666666666666666,5,5,CTGAACCTCTTAGTCCTTTG,0,1356676
furpa,0.16666666666666666,5,5,CTGAACCAGTTCCATCGATG,0,1341018
furpa,0.16666666666666666,5,5,CTCTTTGCAAGGTGATGAGA,0,1293164
furpa,0.16666666666666666,5,5,CTCTTCCGCCCACCTTTTGC,0,1352897
furpa,0.16666666666666666,5,5,CTCTTACGGGAGAGTTGGAC,0,1303407
furpa,0.16666666666666666,5,5,CTCTGTACGCGGGTTCCCAA,0,1296925
furpa,0.16666666666666666,5,5,CTCTGAGTGTGTACTCCGAA,0,1344304
furpa,0.16666666666666666,5,5,CTCTCGTTTCCCACGTGGTT,0,1317640
furpa,0.16666666666666666,5,5,CTCTCAAGGCTGATATGCAG,0,1352561
furpa,0.16666666666666666,5,5,CTCTAATAGAATTAGGCATC,0,1348975
furpa,0.16666666666666666,5,5,CTCGTCATCCCGGCGGAGCA,0,1308700
furpa,0.16666666666666666,5,5,CTCGTCAGGTGGAACTGGCT,0,1306098
furpa,0.16666666666666666,5,5,CTCGGTCCCGCCCTCTTGTG,0,1277264
furpa,0.16666666666666666,5,5,CTCGGTCACGGTCCAGTGCT,0,1320639
furpa,0.16666666666666666,5,5,CTCGGGGAATTTTGACATAA,0,1316319
furpa,0.16666666666666666,5,5,CTCGGAGGGCTCTACAGAGT,0,1322097
furpa,0.16666666666666666,5,5,CTCCCCTCTAGGTAGTGATG,0,1291456
furpa,0.16666666666666666,5,5,CTCCCAACGTTCCATGCTGT,0,1343439
furpa,0.16666666666666666,5,5,CTCCAATTGTAATAAAGCCT,0,1334238
furpa,0.16666666666666666,5,5,CTCAGGGCTCGGGAGTGTCA,0,1299546
furpa,0.16666666666666666,5,5,CTCAGAAGTGCTGTGCGCAT,0,1321758
furpa,0.16666666666666666,5,5,CTCAAGAAGCAGCTATAACG,0,1298436
furpa,0.16666666666666666,5,5,CTCAAATGTAGAAAGATCTA,0,1301036
furpa,0.16666666666666666,5,5,CTATTGGCGCAACAAGGCGT,0,1302655
furpa,0.16666666666666666,5,5,CTATGTCTTCAGAGGACTGT,0,1306534
furpa,0.16666666666666666,5,5,CTATGCGCCTATTCGTGTAC,0,1325156
furpa,0.16666666666666666,5,5,CTATGAGTAAGACCTGTACA,0,1345302
furpa,0.16666666666666666,5,5,CTATGACTTATCACTTGGAA,0,1328173
furpa,0.16666666666666666,5,5,CTATCCTCGGAAGGCGGAAC,0,1342889
furpa,0.16666666666666666,5,5,CTATACGATTGCACCACCAA,0,1282663
furpa,0.16666666666666666,5,5,CTAGTGGAAGGACGTTAATA,0,1320780
furpa,0.16666666666666666,5,5,CTAGTCAGGGGTCCGAACCA,0,1354974
furpa,0.16666666666666666,5,5,CTAGCCTCGATTTAGTGACT,0,1273606
furpa,0.16666666666666666,5,5,CTAGCCTACAGTCACATTTG,0,1302873
furpa,0.16666666666666666,5,5,CTAGCACATGTATATTTTAT,0,1310976
furpa,0.16666666666666666,5,5,CTACTTTTCTTTCCATTAGT,0,1314373
furpa,0.16666666666666666,5,5,CTACGGATACACGCTTAGGT,0,1310603
furpa,0.16666666666666666,5,5,CTACCTATCGTAGACTTGCG,0,1279191
furpa,0.16666666666666666,5,5,CTACCCAATACTGGCGGGAT,0,1297089
furpa,0.16666666666666666,5,5,CTACCAGAGGGCACGGCAAC,0,1355284
furpa,0.16666666666666666,5,5,CTACATTTGCGTGGTGGCCC,0,1337652
furpa,0.16666666666666666,5,5,CTAATGAGGAAAATATCACC,0,1314592
furpa,0.16666666666666666,5,5,CTAATCTTGTGTTCTGGGGT,0,1351198
furpa,0.16666666666666666,5,5,CTAAGCTACCCGCACGAATC,0,1307187
furpa,0.16666666666666666,5,5,CTAACTTGTCAATGAGCGCT,0,1324450
furpa,0.16666666666666666,5,5,CTAACTCACAACGGATGCCT,0,1320910
furpa,0.16666666666666666,5,5,CTAACAATCATTGAGCCGGC,0,1295488
furpa,0.16666666666666666,5,5,CGTTTGTGTGGTGCCCGGAC,0,1319585
furpa,0.16666666666666666,5,5,CGTTGGCGGACGGGTATTAC,0,1324678
furpa,0.16666666666666666,5,5,CGTTCTTACATGCTGCATTG,0,1275979
furpa,0.16666666666666666,5,5,CGTGTAACGGTCCAATCAAC,0,1340778
furpa,0.16666666666666666,5,5,CGTGGGTTTAGGGGCTTTTT,0,1306915
furpa,0.16666666666666666,5,5,CGTGGAGCGTTCCACTATTG,0,1290104
furpa,0.16666666666666666,5,5,CGTGCTCCGTTTAGAATAGA,0,1339305
furpa,0.16666666666666666,5,5,CGTGCGTAGACTCGTCCCTA,0,1307980
furpa,0.16666666666666666,5,5,CGTGCGGAAATTCTATTAAA,0,1277034
furpa,0.16666666666666666,5,5,CGTGATGTGTTTCTTGCTCT,0,1287091
furpa,0.16666666666666666,5,5,CGTCTCAACCGGCCTGGAAG,0,1280753
furpa,0.16666666666666666,5,5,CGTCGGATCGAGAATAAAGC,0,1271450
furpa,0.16666666666666666,5,5,CGTCCTGTGGGATGACTAAT,0,1295302
furpa,0.16666666666666666,5,5,CGTCCCCACATCCTGACATA,0,1309740
furpa,0.16666666666666666,5,5,CGTCCAACTGGCCCTAATTG,0,1310937
furpa,0.16666666666666666,5,5,CGTCACTACGCCGCCATACC,0,1333069
furpa,0.16666666666666666,5,5,CGTATCGTAGGACAGCGCGA,0,1324370
furpa,0.16666666666666666,5,5,CGTAGTTACGAAAAGTGAAG,0,1280513
furpa,0.16666666666666666,5,5,CGTAGGAATATTTTCCGCGG,0,1287081
furpa,0.16666666666666666,5,5,CGTAGACAATCAGGAGGACA,0,1311854
furpa,0.16666666666666666,5,5,CGTAATGACTCCTGCTAAAC,0,1353331
furpa,0.16666666666666666,5,5,CGTAAATCTTCAGTTATGCC,0,1275723
furpa,0.16666666666666666,5,5,CGTAAAAGTTTGATGAGGAG,0,1289710
furpa,0.16666666666666666,5,5,CGGTTCGCCTCAATAGACAG,0,1291309
furpa,0.16666666666666666,5,5,CGGTTCAACAAGAGGAGAAG,0,1297767
furpa,0.16666666666666666,5,5,CGGTGTGGGGGAGTAGACAG,0,1311894
furpa,0.16666666666666666,5,5,CGGTGTCAATAGCCATTTAC,0,1283795
furpa,0.16666666666666666,5,5,CGGTGTAATCCCCGAATTAT,0,1337392
furpa,0.16666666666666666,5,5,CGGTGGGCCCCTGCAGAGGA,0,1341723
furpa,0.16666666666666666,5,5,CGGTCTGTGCCACGAGCAGT,0,1304558
furpa,0.16666666666666666,5,5,CGGTCTCAGGAGTTCATGGC,0,1352405
furpa,0.16666666666666666,5,5,CGGTCGTCGGACGGATCGCA,0,1288153
furpa,0.16666666666666666,5,5,CGGTCCATCTGTACGCCGAC,0,1303865
furpa,0.16666666666666666,5,5,CGGTCATTTATTTCATGGCT,0,1328847
furpa,0.16666666666666666,5,5,CGGTATGCACCATTCATTGT,0,1279314
furpa,0.16666666666666666,5,5,CGGTATCTCTTGTTCTGCCA,0,1357155
furpa,0.16666666666666666,5,5,CGGGTTGTATCTGTCATTCT,0,1297423
furpa,0.16666666666666666,5,5,CGGGTCATTAGATTTTAGGG,0,1277769
furpa,0.16666666666666666,5,5,CGGGGATTCCAAAGGCCCTA,0,1291817
furpa,0.16666666666666666,5,5,CGGGCTAACGAGTGATTCGG,0,1327176
furpa,0.16666666666666666,5,5,CGGGCACTGCCTCCTGGAGC,0,1350733
furpa,0.16666666666666666,5,5,CGGGCACGATCTTGGGCATC,0,1341517
furpa,0.16666666666666666,5,5,CGGGATCGTTATGTTCGACT,0,1324365
furpa,0.16666666666666666,5,5,CGGCTCCCCTTATGTTTGGA,0,1350578
furpa,0.16666666666666666,5,5,CGGCGTCAACCCTGTCATCG,0,1312151
furpa,0.16666666666666666,5,5,CGGCGCACAACCGCCTATCT,0,1282210
furpa,0.16666666666666666,5,5,CGGCCCGATAAAAGATTGAT,0,1288527
furpa,0.16666666666666666,5,5,CGGATTTGACCTTTGCGACG,0,1340739
furpa,0.16666666666666666,5,5,CGGATACTAAGGGTATGCGT,0,1346406
furpa,0.16666666666666666,5,5,CGGAGTTTGGGGTTTCCGCA,0,1308063
furpa,0.16666666666666666,5,5,CGGAGCACCGTTCGCGTAAA,0,1331257
furpa,0.16666666666666666,5,5,CGGAGATTTCTAGCCCCTCT,0,1305755
furpa,0.16666666666666666,5,5,CGCTTAGCGTTTTCCTTTGG,0,1331519
furpa,0.16666666666666666,5,5,CGCTTAACCGCGGCTGTAAT,0,1328097
furpa,0.16666666666666666,5,5,CGCTGCTCAGTCGTAGTGGG,0,1316352
furpa,0.16666666666666666,5,5,CGCTGAGATAAGTGGTGCGC,0,1298856
furpa,0.16666666666666666,5,5,CGCTGAATCTCCCCCGTCAC,0,1356480
furpa,0.16666666666666666,5,5,CGCTCGCGGATCACACGGCC,0,1354252
furpa,0.16666666666666666,5,5,CGCTCACTTGCATATATTGT,0,1325117
furpa,0.16666666666666666,5,5,CGCTCACTTAATGGTGGAGA,0,1274246
furpa,0.16666666666666666,5,5,CGCTACTAACAGTTTGACAT,0,1344497
furpa,0.16666666666666666,5,5,CGCGTGGTAGTGCTTTACAC,0,1351297
furpa,0.16666666666666666,5,5,CGCGCGTTCCAAATCGCTAT,0,1301169
furpa,0.16666666666666666,5,5,CGCGCCTCTATGTTCAAATA,0,1317865
furpa,0.16666666666666666,5,5,CGCGCCATCTTGCAGGATAG,0,1299424
furpa,0.16666666666666666,5,5,CGCCTGTTCCACTATGGCAT,0,1354326
furpa,0.16666666666666666,5,5,CGCCATGGTGGGCCTCCGTT,0,1283593
furpa,0.16666666666666666,5,5,CGCCATGATTAGATTCATTA,0,1336564
furpa,0.16666666666666666,5,5,CGCCATAGTCGGGAAAAGAG,0,1272134
furpa,0.16666666666666666,5,5,CGCCAGGTTCTGGTCAAGGA,0,1316585
furpa,0.16666666666666666,5,5,CGCATTAGTGCCGTACCAAC,0,1320348
furpa,0.16666666666666666,5,5,CGCAGCCGCGCTAGGCTCGT,0,1317091
furpa,0.16666666666666666,5,5,CGCAGCCGAATCGTAGGGCA,0,1277226
furpa,0.16666666666666666,5,5,CGCAGACGAGCTCATGGCGG,0,1326603
furpa,0.16666666666666666,5,5,CGCAAGACTCACAACAAAGG,0,1354189
furpa,0.16666666666666666,5,5,CGATTCACCAGTTTATGACG,0,1349184
furpa,0.16666666666666666,5,5,CGATTACAGGTAATTCTTAA,0,1340318
furpa,0.16666666666666666,5,5,CGATCCGAGCCTTCGAATGA,0,1337731
furpa,0.16666666666666666,5,5,CGATCACCCAGTGTGTACCA,0,1311999
furpa,0.16666666666666666,5,5,CGATATCGCATGCGGCAGGC,0,1276539
furpa,0.16666666666666666,5,5,CGATAAGTTCGTACCGTTAA,0,1286432
furpa,0.16666666666666666,5,5,CGAGTGGTCTTTAACGAAAT,0,1324768
furpa,0.16666666666666666,5,5,CGAGTGGCTTGGGTGCTGGG,0,1348128
furpa,0.16666666666666666,5,5,CGAGTCACAGAACACAACGA,0,1280268
furpa,0.16666666666666666,5,5,CGAGGTTAGGGGCATCGCAG,0,1305914
furpa,0.16666666666666666,5,5,CGAGCCGACTTCCAAAAGGA,0,1349930
furpa,0.16666666666666666,5,5,CGAGCATGTCCAGAGTATGA,0,1357041
furpa,0.16666666666666666,5,5,CGAGAGTTTATCAAGAAACG,0,1285753
furpa,0.16666666666666666,5,5,CGACTTCCTATGTGGAGATC,0,1326298
furpa,0.16666666666666666,5,5,CGACTATGGTTTCTCAAGGG,0,1341932
furpa,0.16666666666666666,5,5,CGACGCATCCCCTAGCTGCA,0,1354980
furpa,0.16666666666666666,5,5,CGACCTGTCGGAAAGGCCAT,0,1334301
furpa,0.16666666666666666,5,5,CGACCCACGAAGCGCTGGTT,0,1325845
furpa,0.16666666666666666,5,5,CGACCCAACATTGAGGAGAT,0,1293630
furpa,0.16666666666666666,5,5,CGAATCTGCCGGCATACAGT,0,1286308
furpa,0.16666666666666666,5,5,CGAAGTGCGATAATTTGGCG,0,1284902
furpa,0.16666666666666666,5,5,CGAAGGGTCACTGGCAGTTG,0,1305578
furpa,0.16666666666666666,5,5,CGAAGGAAGTCTCTTGATAC,0,1280769
furpa,0.16666666666666666,5,5,CGAACTGGGGCGCGTAGCGA,0,1347777
furpa,0.16666666666666666,5,5,CCTTTGCGGGGGGTCCATAA,0,1329976
furpa,0.16666666666666666,5,5,CCTTGCCGGGCAATTTTCGA,0,1327820
furpa,0.16666666666666666,5,5,CCTTCTCTCCGGTTGGCGTC,0,1298713
furpa,0.16666666666666666,5,5,CCTTCGATATAGTCAGTCCA,0,1301150
furpa,0.16666666666666666,5,5,CCTTCCAACGCTAGACAAGG,0,1347429
furpa,0.16666666666666666,5,5,CCTTATGGGCATAGCGACCG,0,1300628
furpa,0.16666666666666666,5,5,CCTTACTGCGCAGGACCCTA,0,1343732
furpa,0.16666666666666666,5,5,CCTGTCCCGGACGCCTCGTG,0,1273913
furpa,0.16666666666666666,5,5,CCTGGTGAGATGGAGGATGT,0,1306404
furpa,0.16666666666666666,5,5,CCTGGGTCGTAAGGACTTCG,0,1291155
furpa,0.16666666666666666,5,5,CCTGGCCCCGAACACCAACT,0,1342380
furpa,0.16666666666666666,5,5,CCTGGCACGCGCGTATACCT,0,1316271
furpa,0.16666666666666666,5,5,CCTGGAGTACTGGCCTTGCG,0,1337992
furpa,0.16666666666666666,5,5,CCTGAGGCCAGTTTTTGCGC,0,1309608
furpa,0.16666666666666666,5,5,CCTCTATGATTTTCGTGTAG,0,1273994
furpa,0.16666666666666666,5,5,CCTCGTCCGCCCATTAGCCA,0,1288388
furpa,0.16666666666666666,5,5,CCTCAGGGGGACGCCGGGAT,0,1274010
furpa,0.16666666666666666,5,5,CCTCACTGAAATATTACACT,0,1294496
furpa,0.16666666666666666,5,5,CCTCAATTTCGAGAATCTTT,0,1334030
furpa,0.16666666666666666,5,5,CCTATTAGGTAAAACTGGTG,0,1325001
furpa,0.16666666666666666,5,5,CCTATCATTGTTAACATTAG,0,1324245
furpa,0.16666666666666666,5,5,CCTATAATTGGCGAGGTACG,0,1345304
furpa,0.16666666666666666,5,5,CCTACTTGCCATCCAATGAG,0,1355770
furpa,0.16666666666666666,5,5,CCGTTATCTGGCGACAGGAC,0,1310020
furpa,0.16666666666666666,5,5,CCGTGCCCAGTCTCATCGAC,0,1302587
furpa,0.16666666666666666,5,5,CCGTGATAAAGGGCGACGCG,0,1328031
furpa,0.16666666666666666,5,5,CCGTCCAGTTTCCTTATGCA,0,1305410
furpa,0.16666666666666666,5,5,CCGTACTTTACCTTCATAGG,0,1307533
furpa,0.16666666666666666,5,5,CCGTAAGTCGTGTTAGAACT,0,1329959
furpa,0.16666666666666666,5,5,CCGGTGGGTTGTGGCTCCAA,0,1313213
furpa,0.16666666666666666,5,5,CCGGTGCAGCTGTTGCGCGC,0,1340567
furpa,0.16666666666666666,5,5,CCGGGTTCTGCTTTCCGCGT,0,1314871
furpa,0.16666666666666666,5,5,CCGGGCCGTCGCTGGGCAAT,0,1312762
furpa,0.16666666666666666,5,5,CCGGCTCCAGGAAACTCTCA,0,1322620
furpa,0.16666666666666666,5,5,CCGGATGCGAGGTCCAGTAG,0,1331978
furpa,0.16666666666666666,5,5,CCGGACGAAAGTGATCGACT,0,1320039
furpa,0.16666666666666666,5,5,CCGGAAGAGCACCACCGTCA,0,1274623
furpa,0.16666666666666666,5,5,CCGCTTCTTCAGCTGATCTA,0,1279370
furpa,0.16666666666666666,5,5,CCGCTCATCTCATAATTCAG,0,1334790
furpa,0.16666666666666666,5,5,CCGCCACATTGTCAGGAGTT,0,1351025
furpa,0.16666666666666666,5,5,CCGCATGCGAGCGGTGAGCA,0,1335662
furpa,0.16666666666666666,5,5,CCGCATGCAACACCCGCGAT,0,1290051
furpa,0.16666666666666666,5,5,CCGCATCACCATCGGGAACG,0,1327138
furpa,0.16666666666666666,5,5,CCGCACGAAGATCTGCCTAA,0,1324709
furpa,0.16666666666666666,5,5,CCGATGGGTCGAATTAACCG,0,1343427
furpa,0.16666666666666666,5,5,CCGAGGTTAGTGCACCTACA,0,1334292
furpa,0.16666666666666666,5,5,CCGAGATCAAGGGGCCTCAC,0,1315473
furpa,0.16666666666666666,5,5,CCGACTATTGATACATTCTG,0,1319837
furpa,0.16666666666666666,5,5,CCGAATATGATACCATGAAG,0,1271649
furpa,0.16666666666666666,5,5,CCCTTGTGCTATCCGTGTGG,0,1310685
furpa,0.16666666666666666,5,5,CCCTTGAGAAGGCGAAAACG,0,1353181
furpa,0.16666666666666666,5,5,CCCTTAGATTCTTCGGGGGT,0,1275506
furpa,0.16666666666666666,5,5,CCCGTTGGTTGCCTCATATT,0,1344833
furpa,0.16666666666666666,5,5,CCCGTGGGGAATACTTGAAC,0,1318965
furpa,0.16666666666666666,5,5,CCCGCATATTCACTTATTAG,0,1326470
furpa,0.16666666666666666,5,5,CCCGCACAACCTGCTATCGA,0,1344920
furpa,0.16666666666666666,5,5,CCCCGGGTATTGAAGGTTGT,0,1349481
furpa,0.16666666666666666,5,5,CCCCCCGTGAAATAGGCACA,0,1320994
furpa,0.16666666666666666,5,5,CCCCAACGTTAAGCGCTAAA,0,1297242
furpa,0.16666666666666666,5,5,CCCATTGTTTCGCGTAACCA,0,1339053
furpa,0.16666666666666666,5,5,CCCAGGTATACCAGAATGCA,0,1278643
furpa,0.16666666666666666,5,5,CCCACTCCTTCTCCGTGATG,0,1300457
furpa,0.16666666666666666,5,5,CCCACGGTGGCCACATTAGT,0,1310978
furpa,0.16666666666666666,5,5,CCCACCCTCTCCCACTGTTA,0,1330671
furpa,0.16666666666666666,5,5,CCCAATACTTAAGCCGAGTC,0,1330725
furpa,0.16666666666666666,5,5,CCCAACGGAGAGACGGATCG,0,1345827
furpa,0.16666666666666666,5,5,CCCAACCCCATCCCTACGAC,0,1316333
furpa,0.16666666666666666,5,5,CCCAACAAGGGTCACCTGGT,0,1325238
furpa,0.16666666666666666,5,5,CCCAAAATAGGGGACCGGCG,0,1304125
furpa,0.16666666666666666,5,5,CCATGTTGCCTAGTACCGTA,0,1336820
furpa,0.16666666666666666,5,5,CCATCACCTGACTAGCACCT,0,1310167
furpa,0.16666666666666666,5,5,CCATCACCGCGCTATAGACC,0,1340765
furpa,0.16666666666666666,5,5,CCATAGGACACTGAATGCCT,0,1303319
furpa,0.16666666666666666,5,5,CCATACGTATGGAGGTCACA,0,1282032
furpa,0.16666666666666666,5,5,CCAGTGGCCTGGGAGAAGTG,0,1351857
furpa,0.16666666666666666,5,5,CCAGGTTGGAGGGGTCTCCG,0,1292862
furpa,0.16666666666666666,5,5,CCAGGCTAAGTGGTCTCAAC,0,1286681
furpa,0.16666666666666666,5,5,CCAGGCCGCTTGTGTAGCTT,0,1305100
furpa,0.16666666666666666,5,5,CCAGACTGCAATCGACCCGG,0,1286104
furpa,0.16666666666666666,5,5,CCAGAAGGGCTACCCCATGA,0,1285555
furpa,0.16666666666666666,5,5,CCACTTCGACCCGAAAACAC,0,1345294
furpa,0.16666666666666666,5,5,CCACTGGGCAGATACATGTT,0,1277859
furpa,0.16666666666666666,5,5,CCACGTAAATACTAGATACA,0,1292071
furpa,0.16666666666666666,5,5,CCACGGGTGCGGAGTTGGGC,0,1296129
furpa,0.16666666666666666,5,5,CCACCTTAGGGCTTATCTAC,0,1350498
furpa,0.16666666666666666,5,5,CCACCGCGGGGTCGCGGAAT,0,1336667
furpa,0.16666666666666666,5,5,CCACCAAATACCGTTGTCAT,0,1316400
furpa,0.16666666666666666,5,5,CCACACCTAGCCATGATTTG,0,1323468
furpa,0.16666666666666666,5,5,CCAATAGATATCCGGAAGTA,0,1329596
furpa,0.16666666666666666,5,5,CCAATAACACGTCCGTTTTA,0,1334508
furpa,0.16666666666666666,5,5,CCAAGGCTACTGGTGACGTT,0,1317974
furpa,0.16666666666666666,5,5,CCAAGCGCGTTATCCAAAAA,0,1276993
furpa,0.16666666666666666,5,5,CCAACTGGGTAGGGTAGATC,0,1283292
furpa,0.16666666666666666,5,5,CCAACTGATGGAGCGGATTG,0,1346977
furpa,0.16666666666666666,5,5,CCAAAACAAGGGGATGCCCG,0,1310730
furpa,0.16666666666666666,5,5,CATTTTTTCATAGTTGTCGT,0,1347965
furpa,0.16666666666666666,5,5,CATTTTCGCAACTCAGCTTA,0,1324702
furpa,0.16666666666666666,5,5,CATTTGAGTAAGGAGTCGCT,0,1287901
furpa,0.16666666666666666,5,5,CATTGTTCAGGTGAAGAATA,0,1344112
furpa,0.16666666666666666,5,5,CATTCCTAACGCGTCTTGTG,0,1328469
furpa,0.16666666666666666,5,5,CATTAATCTGTGTACGGTTA,0,1349321
furpa,0.16666666666666666,5,5,CATGTTCATGGCCGATTCCT,0,1293577
furpa,0.16666666666666666,5,5,CATGGGAGAACTATCAGGTT,0,1349320
furpa,0.16666666666666666,5,5,CATGGCAGTAGAAGGATACA,0,1311935
furpa,0.16666666666666666,5,5,CATGCTTGGATAGACATTAA,0,1356226
furpa,0.16666666666666666,5,5,CATGCATGCAATCATTTGAT,0,1353652
furpa,0.16666666666666666,5,5,CATGACATTCAATGATTTAA,0,1279727
furpa,0.16666666666666666,5,5,CATCTCGCAGACCTAATTGC,0,1330412
furpa,0.16666666666666666,5,5,CATCTACCAGTCCCCTGTCC,0,1316054
furpa,0.16666666666666666,5,5,CATCGTTACAAAGGGTCAAA,0,1304791
furpa,0.16666666666666666,5,5,CATCGCACCACGGATCAACT,0,1326213
furpa,0.16666666666666666,5,5,CATCGACGCACCTAATAGGT,0,1331837
furpa,0.16666666666666666,5,5,CATCCGTCATAGGGAATCTC,0,1324059
furpa,0.16666666666666666,5,5,CATCCGCATCGTGCGGTTGA,0,1305522
furpa,0.16666666666666666,5,5,CATCCCGCCGGGTCGCCTAC,0,1309846
furpa,0.16666666666666666,5,5,CATCATATCCAAACGCCTAG,0,1357120
furpa,0.16666666666666666,5,5,CATCACCCGATCTCGGTATT,0,1273817
furpa,0.16666666666666666,5,5,CATATAGCTAGATTCCTATC,0,1316072
furpa,0.16666666666666666,5,5,CATAATAATATAGTACTTGT,0,1285132
furpa,0.16666666666666666,5,5,CAGTCATACAGTTCGGAGGT,0,1310407
furpa,0.16666666666666666,5,5,CAGTCAGGGCGTTGAAACAC,0,1298671
furpa,0.16666666666666666,5,5,CAGGTTTGACCCCCCACTAT,0,1352801
furpa,0.16666666666666666,5,5,CAGGTGCCGTCTTTTCTACC,0,1288918
furpa,0.16666666666666666,5,5,CAGGTCTTATACACTTAATG,0,1341203
furpa,0.16666666666666666,5,5,CAGGGTTAAACCTACGCTAA,0,1282527
furpa,0.16666666666666666,5,5,CAGGGCGTTAGCTAGCTGCC,0,1277007
furpa,0.16666666666666666,5,5,CAGGGACACGATACAGTCGT,0,1287800
furpa,0.16666666666666666,5,5,CAGGCTACCTTGGTTTTCCT,0,1298380
furpa,0.16666666666666666,5,5,CAGGCCGGGGTCGAATCATC,0,1292536
furpa,0.16666666666666666,5,5,CAGGCAATGGGGTTCCCTAG,0,1281734
furpa,0.16666666666666666,5,5,CAGGATCATGTGAGACGCAG,0,1319951
furpa,0.16666666666666666,5,5,CAGCTGTGCAGCCAATATAT,0,1351945
furpa,0.16666666666666666,5,5,CAGCGTCTTATACGATGTCT,0,1351566
furpa,0.16666666666666666,5,5,CAGCCTTAACTCAGCGGGAA,0,1291641
furpa,0.16666666666666666,5,5,CAGAGATGTTCCCAGCCGGC,0,1305957
furpa,0.16666666666666666,5,5,CAGACTGTGTGGGCGGAAGT,0,1330207
furpa,0.16666666666666666,5,5,CAGACGCAGCGATGAACTAT,0,1317429
furpa,0.16666666666666666,5,5,CAGACAGGTTGCTAGCGTAT,0,1324172
furpa,0.16666666666666666,5,5,CAGAAGGTCGAACTAGCCAT,0,1347917
furpa,0.16666666666666666,5,5,CACTTTTTTAAATTGATTAT,0,1285914
furpa,0.16666666666666666,5,5,CACTGCCTCAGGGTAGGATC,0,1308119
furpa,0.16666666666666666,5,5,CACTCTAGTGGGGGTTTTAA,0,1326538
furpa,0.16666666666666666,5,5,CACTCATGAGAAGGAAGCGT,0,1296686
furpa,0.16666666666666666,5,5,CACTCAACGGTGGTGTCCTT,0,1337891
furpa,0.16666666666666666,5,5,CACTACGAAGAGCGAGTCCA,0,1332166
furpa,0.16666666666666666,5,5,CACGTGGCTGAAGGATTGTG,0,1274741
furpa,0.16666666666666666,5,5,CACGGGGCGAACGAAGGGTC,0,1313827
furpa,0.16666666666666666,5,5,CACGGCATTAAAGGAGCCTG,0,1332585
furpa,0.16666666666666666,5,5,CACGGACCGCTCTAAGATAT,0,1335840
furpa,0.16666666666666666,5,5,CACGCACGTATTAGAAGATC,0,1283279
furpa,0.16666666666666666,5,5,CACCTGAAGCAATGGCGTAT,0,1312850
furpa,0.16666666666666666,5,5,CACCTCGCCTCGACTCTTGA,0,1342694
furpa,0.16666666666666666,5,5,CACCCGGTATAAGACGCGCA,0,1308206
furpa,0.16666666666666666,5,5,CACCCAAGACGAACGCAATA,0,1331727
furpa,0.16666666666666666,5,5,CACATTTTATGCTCCCTCGG,0,1290203
furpa,0.16666666666666666,5,5,CACATCCCAGTTTTTACAGA,0,1305752
furpa,0.16666666666666666,5,5,CACATAAAGCCAGGCTGAAG,0,1286852
furpa,0.16666666666666666,5,5,CACAGGGCTACGATTGTCGC,0,1345864
furpa,0.16666666666666666,5,5,CACAGACTGTGCGAGATGTC,0,1326533
furpa,0.16666666666666666,5,5,CACACGTACGGGTTGCATAT,0,1355256
furpa,0.16666666666666666,5,5,CACAATTGGGGTTAAGACAA,0,1316824
furpa,0.16666666666666666,5,5,CACAATCCAGCTTATAGCTA,0,1331279
furpa,0.16666666666666666,5,5,CACAATAGGCACCCAGGTCT,0,1318169
furpa,0.16666666666666666,5,5,CACAAACGTAGCGCAAATGA,0,1313704
furpa,0.16666666666666666,5,5,CAATTATGCAAGTCGTCTGC,0,1286995
furpa,0.16666666666666666,5,5,CAATGTTGTCGGTCTAAGCA,0,1296123
furpa,0.16666666666666666,5,5,CAATCAAATCCGCCCATAAT,0,1336263
furpa,0.16666666666666666,5,5,CAATAGCGTCACGGAGGGGT,0,1308478
furpa,0.16666666666666666,5,5,CAATAGCCGACGAACTCAGC,0,1302217
furpa,0.16666666666666666,5,5,CAATACATACTACAGTGTGC,0,1341047
furpa,0.16666666666666666,5,5,CAATACAGAGCTTTGCGCGC,0,1316350
furpa,0.16666666666666666,5,5,CAATAAACCCGGCCCTGCAG,0,1281407
furpa,0.16666666666666666,5,5,CAAGTCTGAGCAGGTCGTGG,0,1316743
furpa,0.16666666666666666,5,5,CAAGGGTCCTCCACCCTCAC,0,1327668
furpa,0.16666666666666666,5,5,CAAGGCACCCGGGTTATGTT,0,1316019
furpa,0.16666666666666666,5,5,CAAGGATTCTTGTCATGCTA,0,1297664
furpa,0.16666666666666666,5,5,CAAGGAAACCCTGCACTGCC,0,1331525
furpa,0.16666666666666666,5,5,CAAGCCCACAGAAGTAAGCG,0,1306836
furpa,0.16666666666666666,5,5,CAAGCCACAAGTTGGAGTTT,0,1316137
furpa,0.16666666666666666,5,5,CAAGCAGCAACGTTCCGCTA,0,1278145
furpa,0.16666666666666666,5,5,CAACTATCCCCCCCGATCTA,0,1278351
furpa,0.16666666666666666,5,5,CAACGCTTTTATGAGGACGT,0,1301999
furpa,0.16666666666666666,5,5,CAACCTGTGTTTGTGCACAT,0,1295205
furpa,0.16666666666666666,5,5,CAACCCAGTAGCCGGTGATA,0,1348775
furpa,0.16666666666666666,5,5,CAACATGGGCATAGGAATTC,0,1278503
furpa,0.16666666666666666,5,5,CAACAGCGAGCGCTCTAGTG,0,1292958
furpa,0.16666666666666666,5,5,CAACACGGTGGAACTTATGG,0,1330398
furpa,0.16666666666666666,5,5,CAAATTCTACTCGGGCTGAA,0,1323743
furpa,0.16666666666666666,5,5,CAAATTATTTTGGCACCTCA,0,1341532
furpa,0.16666666666666666,5,5,CAAATGATACGTGTTTGGCC,0,1282109
furpa,0.16666666666666666,5,5,CAAAGACGCAGTTGGGGGCG,0,1302823
furpa,0.16666666666666666,5,5,CAAACGGGGTATATACAGTT,0,1332609
furpa,0.16666666666666666,5,5,CAAACCTGCATATGACGTAT,0,1314351
furpa,0.16666666666666666,5,5,CAAACCAACAATTGAAGCGT,0,1271736
furpa,0.16666666666666666,5,5,CAAAATTACAACTGGTGGGA,0,1350959
furpa,0.16666666666666666,5,5,CAAAACCGAGGTCTCAATTA,0,1341944
furpa,0.16666666666666666,5,5,ATTTTCTTGTGATGAGGTCC,0,1300736
furpa,0.16666666666666666,5,5,ATTTTCACTCCCTACTGAAA,0,1340528
furpa,0.16666666666666666,5,5,ATTTGATTACAGGCCGGGGC,0,1341236
furpa,0.16666666666666666,5,5,ATTTCTATCCTAGCGGAGTA,0,1324512
furpa,0.16666666666666666,5,5,ATTTCTAGGTCAATATACGG,0,1275508
furpa,0.16666666666666666,5,5,ATTTCGCTACACAGTATTTG,0,1343087
furpa,0.16666666666666666,5,5,ATTTCCACAACAATATCTTA,0,1327974
furpa,0.16666666666666666,5,5,ATTTCATAGGGGAAATGAAA,0,1272525
furpa,0.16666666666666666,5,5,ATTTAATTCTCCTCTATTAG,0,1318977
furpa,0.16666666666666666,5,5,ATTGCTAGCGAAGCCCCCTG,0,1316761
furpa,0.16666666666666666,5,5,ATTGCAACATTTCTCTCCAG,0,1310220
furpa,0.16666666666666666,5,5,ATTGATGAATTTGTGTCTAA,0,1321972
furpa,0.16666666666666666,5,5,ATTCTGACTGGCGAGGCTTG,0,1311199
furpa,0.16666666666666666,5,5,ATTCTATTCCGGTGCTCCCT,0,1325903
furpa,0.16666666666666666,5,5,ATTCGCTTGCCTGGGCTGGC,0,1339084
furpa,0.16666666666666666,5,5,ATTCGAATGGCTGTTAGGGT,0,1311090
furpa,0.16666666666666666,5,5,ATTCCAGGCCATACGCAGCG,0,1338789
furpa,0.16666666666666666,5,5,ATTCATCCGCGGCTGTGGTC,0,1331473
furpa,0.16666666666666666,5,5,ATTCACTTAACTACATTACG,0,1291895
furpa,0.16666666666666666,5,5,ATTATTCGGTCGTACAGCCA,0,1335103
furpa,0.16666666666666666,5,5,ATTATGAGACGACACAGATA,0,1336452
furpa,0.16666666666666666,5,5,ATTAGCCCACCCAGAGGCTA,0,1303060
furpa,0.16666666666666666,5,5,ATTACTAAAAGAGGACGTTG,0,1290669
furpa,0.16666666666666666,5,5,ATTACATGTTACTCGACGTG,0,1328575
furpa,0.16666666666666666,5,5,ATTACAGCAGTCCAATGCGT,0,1294123
furpa,0.16666666666666666,5,5,ATTACAATGCGTTCATTGAC,0,1299365
furpa,0.16666666666666666,5,5,ATTAAAGCAAGGCACAGCAG,0,1341195
furpa,0.16666666666666666,5,5,ATTAAACGTAGGCTAGTCCC,0,1303142
furpa,0.16666666666666666,5,5,ATGTGTGACGTGACTCGATT,0,1332787
furpa,0.16666666666666666,5,5,ATGTGTCCTTACTCGATGAA,0,1340377
furpa,0.16666666666666666,5,5,ATGGTGCATGTAGAGTGGTA,0,1309896
furpa,0.16666666666666666,5,5,ATGGTACCGCATTGCTTAAT,0,1290844
furpa,0.16666666666666666,5,5,ATGGGTCATAGATAGCGCGG,0,1274936
furpa,0.16666666666666666,5,5,ATGGGACGTGGATGGTGACG,0,1317554
furpa,0.16666666666666666,5,5,ATGGCGGGCAAACAAAGACA,0,1313030
furpa,0.16666666666666666,5,5,ATGGCAGACAGATACGTGCG,0,1275510
furpa,0.16666666666666666,5,5,ATGGATTTCCTAGCCCTTTG,0,1354694
furpa,0.16666666666666666,5,5,ATGGAACTGGTCGTCCTTGT,0,1344322
furpa,0.16666666666666666,5,5,ATGCTTAATCTGACGTTACG,0,1326966
furpa,0.16666666666666666,5,5,ATGCTGGTTTTCTGATTGCA,0,1316380
furpa,0.16666666666666666,5,5,ATGCTGATTGCAATGTTTCG,0,1304286
furpa,0.16666666666666666,5,5,ATGCAGGAGGCTTCGAAAGC,0,1352593
furpa,0.16666666666666666,5,5,ATGCACTAGGATGAGTGTGT,0,1334940
furpa,0.16666666666666666,5,5,ATGATAGGGCCGAGTAATAC,0,1292376
furpa,0.16666666666666666,5,5,ATGAGTGTGGCTGGACGAGT,0,1278780
furpa,0.16666666666666666,5,5,ATGAGTGTGCGTAGTGTCTC,0,1301356
furpa,0.16666666666666666,5,5,ATGACGTATAGCTTTATCCA,0,1276933
furpa,0.16666666666666666,5,5,ATGACGGAAGTGGACTAGGG,0,1310903
furpa,0.16666666666666666,5,5,ATGAATGGTCAGATGTACAG,0,1328508
furpa,0.16666666666666666,5,5,ATGAAGTGCTGGACGATGGG,0,1298383
furpa,0.16666666666666666,5,5,ATGAACCTGAGGGGCAGGCG,0,1351254
furpa,0.16666666666666666,5,5,ATCTTGGACGGCGTCACGCG,0,1285494
furpa,0.16666666666666666,5,5,ATCTTGCAACGGACAGGCCC,0,1319778
furpa,0.16666666666666666,5,5,ATCTGCCGCGGCAGAATAAC,0,1314203
furpa,0.16666666666666666,5,5,ATCTCGTTCTTCTGGAGGGA,0,1343568
furpa,0.16666666666666666,5,5,ATCTCAGGGTGCCAGCTGTG,0,1274000
furpa,0.16666666666666666,5,5,ATCTATCACTAGCTGATCTT,0,1310967
furpa,0.16666666666666666,5,5,ATCTAAGCAGAGACTTGCTA,0,1316901
furpa,0.16666666666666666,5,5,ATCGTCCCGGCTTCAAACCT,0,1298705
furpa,0.16666666666666666,5,5,ATCGTACCGCCAAATGCTTC,0,1319653
furpa,0.16666666666666666,5,5,ATCGGTAAAAACTTTTTTAG,0,1317688
furpa,0.16666666666666666,5,5,ATCGGGTGACAGGTCCATCG,0,1313915
furpa,0.16666666666666666,5,5,ATCGCCCCTAGTGCGGTGAG,0,1294407
furpa,0.16666666666666666,5,5,ATCGCAACGGGTCATAAAAT,0,1350537
furpa,0.16666666666666666,5,5,ATCGAAAATAGATTCAACAG,0,1283891
furpa,0.16666666666666666,5,5,ATCCTCCCCTATCAGACTAA,0,1271856
furpa,0.16666666666666666,5,5,ATCCTCATCCTCTAAATGGC,0,1349411
furpa,0.16666666666666666,5,5,ATCCGTGACTAGAGGACTCC,0,1314397
furpa,0.16666666666666666,5,5,ATCCCCGAACGGAACAGAGG,0,1288813
furpa,0.16666666666666666,5,5,ATCCCACGGTTAGGTGCGGT,0,1275668
furpa,0.16666666666666666,5,5,ATCCAGCGTACTTCTGGAAG,0,1294162
furpa,0.16666666666666666,5,5,ATCATTCCTGGATCCGTTAA,0,1343049
furpa,0.16666666666666666,5,5,ATCAGCGCAATACTTAACCT,0,1309653
furpa,0.16666666666666666,5,5,ATCACCTCATCGCTCCTTTT,0,1325621
furpa,0.16666666666666666,5,5,ATCACCGGATCATGCGCGCA,0,1308589
furpa,0.16666666666666666,5,5,ATCACAAAGGATAAGTACTC,0,1315981
furpa,0.16666666666666666,5,5,ATATTGCCGCAACAGTCGAT,0,1305087
furpa,0.16666666666666666,5,5,ATATCTCGGGTGGAAGGTTA,0,1357118
furpa,0.16666666666666666,5,5,ATATCGTCGGGATCGTTTTA,0,1351968
furpa,0.16666666666666666,5,5,ATATAGTTAGCACTGGGCCT,0,1333323
furpa,0.16666666666666666,5,5,ATATAGGGATTCCGTACTTA,0,1302135
furpa,0.16666666666666666,5,5,ATAGTGTCAATACAAGGCCC,0,1342548
furpa,0.16666666666666666,5,5,ATAGCTGTATTAATAAATCT,0,1287277
furpa,0.16666666666666666,5,5,ATAGCGGCCCGTATGTAAAT,0,1347085
furpa,0.16666666666666666,5,5,ATAGCCTGCTTCACGCTCAG,0,1351495
furpa,0.16666666666666666,5,5,ATAGATTCTAAAATCCCCAG,0,1290984
furpa,0.16666666666666666,5,5,ATAGAAAAGTTGAACACGCT,0,1335750
furpa,0.16666666666666666,5,5,ATACTGGCGTCGGGTATAAA,0,1286762
furpa,0.16666666666666666,5,5,ATACGGACAGGGTGTGTGTC,0,1326086
furpa,0.16666666666666666,5,5,ATACGGAACTCTCGGAATCG,0,1290615
furpa,0.16666666666666666,5,5,ATACCTTGTACACTCGCATT,0,1332260
furpa,0.16666666666666666,5,5,ATACCGTGGGTGAACCTCGT,0,1291354
furpa,0.16666666666666666,5,5,ATACCCTTTCTGTCCCCTTT,0,1326920
furpa,0.16666666666666666,5,5,ATACCCATCACGTACGGTGA,0,1284959
furpa,0.16666666666666666,5,5,ATACATCGCTCCAGTTGGAT,0,1296806
furpa,0.16666666666666666,5,5,ATACACCCGGGATTCCTGCC,0,1324938
furpa,0.16666666666666666,5,5,ATAAGGCTCAAAAAATTCCA,0,1312985
furpa,0.16666666666666666,5,5,ATAACTCAGGTCAATTCGGG,0,1274323
furpa,0.16666666666666666,5,5,ATAAACTAACTGCCTAGATT,0,1285817
furpa,0.16666666666666666,5,5,AGTTTTGTAGTTCGTGGACT,0,1284304
furpa,0.16666666666666666,5,5,AGTTTCTTCGGGGCGATCGT,0,1321582
furpa,0.16666666666666666,5,5,AGTTGACGACGTTGGAACTT,0,1283307
furpa,0.16666666666666666,5,5,AGTGTTCCGTGCAGGCCACG,0,1329109
furpa,0.16666666666666666,5,5,AGTGTGTTGCGCGTACGAGT,0,1279293
furpa,0.16666666666666666,5,5,AGTGTATAGCTCACTTCTAC,0,1280601
furpa,0.16666666666666666,5,5,AGTGGGCTTCACGCGAGATT,0,1274959
furpa,0.16666666666666666,5,5,AGTGGGCAGGTCCAGTTGAC,0,1272920
furpa,0.16666666666666666,5,5,AGTGCTATCGAGCACGCGAG,0,1303616
furpa,0.16666666666666666,5,5,AGTGCGCGTTACATTGGCCT,0,1341535
furpa,0.16666666666666666,5,5,AGTGCCAACACAAGTGCCCC,0,1355773
furpa,0.16666666666666666,5,5,AGTGATTCTGAGATTATAGA,0,1311218
furpa,0.16666666666666666,5,5,AGTGAGGAACCATCCTAGAC,0,1280027
furpa,0.16666666666666666,5,5,AGTGAGCATCAGTGCTATAT,0,1294797
furpa,0.16666666666666666,5,5,AGTCCCTGAGGGTGGTCTAG,0,1323887
furpa,0.16666666666666666,5,5,AGTCCCTCATTGAAGGTCTA,0,1315904
furpa,0.16666666666666666,5,5,AGTCAACGCGAAACGCTGTT,0,1273833
furpa,0.16666666666666666,5,5,AGTATTGAGCAAGGAAACGA,0,1317698
furpa,0.16666666666666666,5,5,AGTACTTCTGCGGAAGGCCG,0,1345051
furpa,0.16666666666666666,5,5,AGTAATCTGCACACGCGGGA,0,1273429
furpa,0.16666666666666666,5,5,AGTAAGTGATGGACCTCGAA,0,1353056
furpa,0.16666666666666666,5,5,AGGTTTACAGCGTTATACCG,0,1355635
furpa,0.16666666666666666,5,5,AGGTTCAGGATCACAGGAAT,0,1322363
furpa,0.16666666666666666,5,5,AGGTGTACTTGGGTCCACGT,0,1334647
furpa,0.16666666666666666,5,5,AGGTGGCGGGTCTTCGGAAC,0,1320576
furpa,0.16666666666666666,5,5,AGGTCCAATGGTTGTAGAAT,0,1285457
furpa,0.16666666666666666,5,5,AGGTCACATCCGCGGTTTGC,0,1305973
furpa,0.16666666666666666,5,5,AGGTATGAGCGGAACTGTTG,0,1319280
furpa,0.16666666666666666,5,5,AGGTAGTCACTGATGCTACT,0,1343711
furpa,0.16666666666666666,5,5,AGGGTTGGAAGATTGATATA,0,1293185
furpa,0.16666666666666666,5,5,AGGGTTCTATAGTATGTGGC,0,1285840
furpa,0.16666666666666666,5,5,AGGGGACAATTAAGAAGCAG,0,1313176
furpa,0.16666666666666666,5,5,AGGGGAAGCATCACGGATTT,0,1347863
furpa,0.16666666666666666,5,5,AGGGCGGCGAGTCACCTGTG,0,1291669
furpa,0.16666666666666666,5,5,AGGCGTGGCACACAGGTAAT,0,1297298
furpa,0.16666666666666666,5,5,AGGCGCGTGTACGACTAGAT,0,1318474
furpa,0.16666666666666666,5,5,AGGCGCGGCGCGCAATAAGG,0,1282822
furpa,0.16666666666666666,5,5,AGGCGAAGTCTTCGATCTCC,0,1336136
furpa,0.16666666666666666,5,5,AGGCCGTCCAGAGCGAAAGA,0,1346059
furpa,0.16666666666666666,5,5,AGGCCGGGGCTGTTAGAGCA,0,1354911
furpa,0.16666666666666666,5,5,AGGCCGCAGAACGAATACGG,0,1323901
furpa,0.16666666666666666,5,5,AGGATTGGAGATTGTTCCCA,0,1332875
furpa,0.16666666666666666,5,5,AGGATACCTCTCCCGGTTTT,0,1288974
furpa,0.16666666666666666,5,5,AGGAGCAATCATGTCCTAAT,0,1299287
furpa,0.16666666666666666,5,5,AGGACCATACCTAACTCGAA,0,1352945
furpa,0.16666666666666666,5,5,AGGAAGAGAGTCCATATTTA,0,1349284
furpa,0.16666666666666666,5,5,AGGAAAGGGCCGACGTAGAT,0,1301522
furpa,0.16666666666666666,5,5,AGCTTTGTCATCAAAGGTAG,0,1303859
furpa,0.16666666666666666,5,5,AGCTTCTCTCTATTTGTCCT,0,1306397
furpa,0.16666666666666666,5,5,AGCTCGGGTTTGGATCCCTA,0,1337581
furpa,0.16666666666666666,5,5,AGCTAGAGTCTTGTTGCGAT,0,1338974
furpa,0.16666666666666666,5,5,AGCGTCAGAGCTCACAAGAA,0,1276240
furpa,0.16666666666666666,5,5,AGCGGTTTAAACGTTAACAG,0,1295230
furpa,0.16666666666666666,5,5,AGCGGTCCAGATTCGATGCA,0,1273626
furpa,0.16666666666666666,5,5,AGCGGATTATTTGAGGTTAG,0,1347164
furpa,0.16666666666666666,5,5,AGCGCCGTCCACCACACTGC,0,1354202
furpa,0.16666666666666666,5,5,AGCGCAAACATTAGGTATAT,0,1324287
furpa,0.16666666666666666,5,5,AGCGAGCCCGACTCATACGA,0,1275785
furpa,0.16666666666666666,5,5,AGCGAATGGTGTGGCTATAT,0,1301718
furpa,0.16666666666666666,5,5,AGCCGTACCGAGCTGAAGTG,0,1341354
furpa,0.16666666666666666,5,5,AGCCGGACATGTATGCAAGT,0,1301830
furpa,0.16666666666666666,5,5,AGCCCTCCATTGATTATTCA,0,1348527
furpa,0.16666666666666666,5,5,AGCCCACGCATATTATCTTA,0,1321573
furpa,0.16666666666666666,5,5,AGCCAGCCTGTGTATCCGGG,0,1276926
furpa,0.16666666666666666,5,5,AGCCACACTACATAGGGGGA,0,1332315
furpa,0.16666666666666666,5,5,AGCACTCAACAACATTCCAA,0,1306589
furpa,0.16666666666666666,5,5,AGCAATACGATTCAGACATT,0,1271933
furpa,0.16666666666666666,5,5,AGCAAGTAGAGTTAGGGGTT,0,1328233
furpa,0.16666666666666666,5,5,AGCAACCTAAGCAAACGCAT,0,1355650
furpa,0.16666666666666666,5,5,AGATTTTAAGTCTGGATAAT,0,1289822
furpa,0.16666666666666666,5,5,AGATCAACTCTCTGTGCAAA,0,1303582
furpa,0.16666666666666666,5,5,AGATACTTTTTGGTTTAATC,0,1330554
furpa,0.16666666666666666,5,5,AGATACATTCCACAATGCGC,0,1350053
furpa,0.16666666666666666,5,5,AGAGTCCTTGTATACAGTTT,0,1285691
furpa,0.16666666666666666,5,5,AGAGTATAATTCGCCTTTAC,0,1303970
furpa,0.16666666666666666,5,5,AGAGGACACAAGGCGTGGGA,0,1299767
furpa,0.16666666666666666,5,5,AGAGGAAGATCGAGTTATTT,0,1353302
furpa,0.16666666666666666,5,5,AGAGCAACTCAACTAAATAA,0,1334462
furpa,0.16666666666666666,5,5,AGAGAAATTCGGCCCAGGAA,0,1298717
furpa,0.16666666666666666,5,5,AGACTGCTTATACCTTTGTG,0,1306281
furpa,0.16666666666666666,5,5,AGACTGATACTACTTAATTA,0,1349400
furpa,0.16666666666666666,5,5,AGACTCTGGATTATGCTGCG,0,1296909
furpa,0.16666666666666666,5,5,AGACTCGGACGATCATTTTT,0,1305569
furpa,0.16666666666666666,5,5,AGACTACATACTGCCCACGT,0,1288274
furpa,0.16666666666666666,5,5,AGACGGATCACACAAGGGTA,0,1334050
furpa,0.16666666666666666,5,5,AGACCGACGTGTAGGCCGGG,0,1318233
furpa,0.16666666666666666,5,5,AGACCGAAGTTATCAACGGC,0,1356373
furpa,0.16666666666666666,5,5,AGACATTAGCTCCCACATAC,0,1304832
furpa,0.16666666666666666,5,5,AGACAGAAGGGGTTAAGTTA,0,1311552
furpa,0.16666666666666666,5,5,AGACACCCCTGGCTGGGTCA,0,1309153
furpa,0.16666666666666666,5,5,AGACACCCCCTAGATATGAT,0,1306747
furpa,0.16666666666666666,5,5,AGACAATGCAGTGCTGCGGG,0,1354239
furpa,0.16666666666666666,5,5,AGAAGTAGTAGGAAAGCCCG,0,1328250
furpa,0.16666666666666666,5,5,AGAAGACGCTCGTAACCTGG,0,1311161
furpa,0.16666666666666666,5,5,AGAACGCTCAATGCTGGCCA,0,1281203
furpa,0.16666666666666666,5,5,AGAACGCCCGACGGCATCAG,0,1290274
furpa,0.16666666666666666,5,5,AGAACATTTCTGTCAGTAAT,0,1324361
furpa,0.16666666666666666,5,5,ACTTGATCAGAGTTCCGAGT,0,1317224
furpa,0.16666666666666666,5,5,ACTTCGTACACAGCCCGTGT,0,1337213
furpa,0.16666666666666666,5,5,ACTTATCGCGGGACCATCGT,0,1272807
furpa,0.16666666666666666,5,5,ACTTACCGTTATACCGCGGT,0,1339536
furpa,0.16666666666666666,5,5,ACTGTCCGCGCTTTCGAACA,0,1311006
furpa,0.16666666666666666,5,5,ACTGGTTGTTCCCAGGTCAC,0,1307406
furpa,0.16666666666666666,5,5,ACTGGCGCGTCCCAAGGTCT,0,1334282
furpa,0.16666666666666666,5,5,ACTCTTTAGTAGGTAGGAGC,0,1344968
furpa,0.16666666666666666,5,5,ACTCCGGATGATGAGGCTGC,0,1292727
furpa,0.16666666666666666,5,5,ACTCCAAATCGACGGAATCG,0,1279876
furpa,0.16666666666666666,5,5,ACTCATTTGGAGTAAGTACC,0,1290917
furpa,0.16666666666666666,5,5,ACTAGAAAGATCCAGATGCG,0,1302444
furpa,0.16666666666666666,5,5,ACTACGCTGACTGAACTCGT,0,1328989
furpa,0.16666666666666666,5,5,ACTACGAAACTTTGGGGGCT,0,1333457
furpa,0.16666666666666666,5,5,ACTAAGGGACACGCGGTATA,0,1291694
furpa,0.16666666666666666,5,5,ACTAACCACTGGTAGTCGCG,0,1314418
furpa,0.16666666666666666,5,5,ACGTGATGTCATGTGCATCA,0,1330272
furpa,0.16666666666666666,5,5,ACGTGAATATCTGGTGCGGT,0,1287048
furpa,0.16666666666666666,5,5,ACGTACCGCTACTGTCTCGG,0,1327497
furpa,0.16666666666666666,5,5,ACGTAATGTGTTGTGGTCAG,0,1309149
furpa,0.16666666666666666,5,5,ACGGGTACATTAGCAGCCTT,0,1314624
furpa,0.16666666666666666,5,5,ACGGGGACCATCACATACAT,0,1342276
furpa,0.16666666666666666,5,5,ACGGGACAGGGAAACACTGT,0,1277623
furpa,0.16666666666666666,5,5,ACGGGAAGGCCCACTATGGT,0,1316369
furpa,0.16666666666666666,5,5,ACGGCCGAAGTAGTGCTTCC,0,1317623
furpa,0.16666666666666666,5,5,ACGGCCAAAGGAACGTCATG,0,1289435
furpa,0.16666666666666666,5,5,ACGGATCAACTCGGCAAACT,0,1274052
furpa,0.16666666666666666,5,5,ACGGAGCGGATTTTGATCCT,0,1338478
furpa,0.16666666666666666,5,5,ACGCTTCTTAACTGTCGTCG,0,1329942
furpa,0.16666666666666666,5,5,ACGCTAGTGAATCCGGGTGG,0,1278489
furpa,0.16666666666666666,5,5,ACGCGGCGGCCAATCCTAGA,0,1278130
furpa,0.16666666666666666,5,5,ACGCCCGCGCAGGAAGTAAC,0,1296285
furpa,0.16666666666666666,5,5,ACGCATCTCTAGGCGAACCA,0,1306808
furpa,0.16666666666666666,5,5,ACGATCCCATTCGGACATGT,0,1300860
furpa,0.16666666666666666,5,5,ACGAGTTAGCAATGGGGACG,0,1293504
furpa,0.16666666666666666,5,5,ACGAATAAGATTAGAAATGC,0,1350454
furpa,0.16666666666666666,5,5,ACCTTTGACGCGTCGCTGAT,0,1277821
furpa,0.16666666666666666,5,5,ACCTGGGAATCAAAAGCGTG,0,1312625
furpa,0.16666666666666666,5,5,ACCTGCCGTTCACGCGAACA,0,1281194
furpa,0.16666666666666666,5,5,ACCTGAGTATGGACTGGTTC,0,1278793
furpa,0.16666666666666666,5,5,ACCTCACCCGCGACCCGGGG,0,1286319
furpa,0.16666666666666666,5,5,ACCTAGTCACGAGACAAACG,0,1305965
furpa,0.16666666666666666,5,5,ACCGTTCGTTACAGCTGTGC,0,1336235
furpa,0.16666666666666666,5,5,ACCGTCCTTGGTTACTCAGA,0,1303965
furpa,0.16666666666666666,5,5,ACCGTCCAATGCGTAATCTG,0,1353264
furpa,0.16666666666666666,5,5,ACCGTAATATGTGCGTACGG,0,1347845
furpa,0.16666666666666666,5,5,ACCGCTGGGCTGACCCCACC,0,1338695
furpa,0.16666666666666666,5,5,ACCGCTCACGTGTGAGCGCC,0,1287032
furpa,0.16666666666666666,5,5,ACCGCCCGTGCAAACGCGTA,0,1354837
furpa,0.16666666666666666,5,5,ACCGACGATTCTCCACCTCT,0,1322773
furpa,0.16666666666666666,5,5,ACCCTAAATTGCAGATTGCT,0,1339403
furpa,0.16666666666666666,5,5,ACCCCAGGACCCATGCAATA,0,1324541
furpa,0.16666666666666666,5,5,ACCCAGCTCTGGGCGACGAA,0,1305109
furpa,0.16666666666666666,5,5,ACCAGCCCTGCCAAACTAAC,0,1279935
furpa,0.16666666666666666,5,5,ACCACCTTACGCTGCACGTT,0,1352188
furpa,0.16666666666666666,5,5,ACCACAGGCTCAAGGGTGTG,0,1292234
furpa,0.16666666666666666,5,5,ACCAATTGGGGTCGCTCAAG,0,1306664
furpa,0.16666666666666666,5,5,ACCAATATTCTTATGCTCAC,0,1335976
furpa,0.16666666666666666,5,5,ACATTTGCACTAGATCAGGA,0,1339619
furpa,0.16666666666666666,5,5,ACATTACTGGATTCCAGCGG,0,1283682
furpa,0.16666666666666666,5,5,ACATGTGCAGAAGCGTCTAG,0,1322849
furpa,0.16666666666666666,5,5,ACATGCCTCGATGATACGAA,0,1304235
furpa,0.16666666666666666,5,5,ACAGGTAACCCTGCTTCCGT,0,1353535
furpa,0.16666666666666666,5,5,ACAGGCTGGCAAACAGGAGC,0,1318129
furpa,0.16666666666666666,5,5,ACAGGAATACAGATGGACCT,0,1306596
furpa,0.16666666666666666,5,5,ACAGCGGGCTCGCCGCTACC,0,1311670
furpa,0.16666666666666666,5,5,ACAGCCTTTAAGGGTTTTCG,0,1294796
furpa,0.16666666666666666,5,5,ACAGATGAAGAGGATATGCT,0,1290614
furpa,0.16666666666666666,5,5,ACAGAGGTCAGGATGTAGTC,0,1312620
furpa,0.16666666666666666,5,5,ACAGACCGCTCAATAGTGCT,0,1347986
furpa,0.16666666666666666,5,5,ACACTAAACGGGCATGTCGT,0,1345086
furpa,0.16666666666666666,5,5,ACACCCTCCATGCACATGTT,0,1341442
furpa,0.16666666666666666,5,5,ACACAGAGATGTCACGTAGA,0,1297657
furpa,0.16666666666666666,5,5,ACACACATGAGAGTGCAAAG,0,1297277
furpa,0.16666666666666666,5,5,ACAATTGATGGTTTGCCCCT,0,1337415
furpa,0.16666666666666666,5,5,ACAATGCATTTCGCCTCGGT,0,1318067
furpa,0.16666666666666666,5,5,ACAATGCAAGCCCGCCGTGT,0,1280002
furpa,0.16666666666666666,5,5,ACAATATAAATGTTAACGGT,0,1284644
furpa,0.16666666666666666,5,5,ACAAGGCCGGGAATTATCTG,0,1323191
furpa,0.16666666666666666,5,5,ACAAGACGCCTGGCAATTAG,0,1324795
furpa,0.16666666666666666,5,5,AATTTGCTGGCAATGTATGT,0,1298348
furpa,0.16666666666666666,5,5,AATTGCCACAATATTTAGCT,0,1319559
furpa,0.16666666666666666,5,5,AATTGCCAATTATTGTATTC,0,1326016
furpa,0.16666666666666666,5,5,AATTATGAGCAAAAACAATG,0,1316479
furpa,0.16666666666666666,5,5,AATGGTGTGTGGCTAGCTAT,0,1342563
furpa,0.16666666666666666,5,5,AATGGATTGGACACGTCCGT,0,1312372
furpa,0.16666666666666666,5,5,AATGGAGAGTACCAACCTAA,0,1297526
furpa,0.16666666666666666,5,5,AATGGACCGGGGCTAGCGCA,0,1278553
furpa,0.16666666666666666,5,5,AATGCTCGCGGTCCCAAGTT,0,1273236
furpa,0.16666666666666666,5,5,AATGCGTGCAATGCTAAGTG,0,1299364
furpa,0.16666666666666666,5,5,AATGCGCGCACGATTATCTT,0,1342489
furpa,0.16666666666666666,5,5,AATGCGATAAATGCTGAAGT,0,1327890
furpa,0.16666666666666666,5,5,AATGCCAGCTCCGTCGTAGA,0,1297300
furpa,0.16666666666666666,5,5,AATGACTCATTAACGAACCA,0,1347287
furpa,0.16666666666666666,5,5,AATGACACCTAGCTTGCCGT,0,1296138
furpa,0.16666666666666666,5,5,AATCTCCGAGAGGCGAGCTT,0,1273021
furpa,0.16666666666666666,5,5,AATCGGGGGACAAAGGGCTT,0,1307329
furpa,0.16666666666666666,5,5,AATCGAAGAATGGAAAATCC,0,1272631
furpa,0.16666666666666666,5,5,AATCCCGCACAAAGCACCTC,0,1293826
furpa,0.16666666666666666,5,5,AATCATGTCGATAGATATCC,0,1279787
furpa,0.16666666666666666,5,5,AATATTTCCCGACGGGACCT,0,1335682
furpa,0.16666666666666666,5,5,AATATAAATCTCACTGTGGC,0,1289397
furpa,0.16666666666666666,5,5,AATAGTTTCCCAGAGTGTTA,0,1322416
furpa,0.16666666666666666,5,5,AATAGTAAGTCAGTGCTATA,0,1293656
furpa,0.16666666666666666,5,5,AATAGCGGCGCATGATGGAT,0,1356067
furpa,0.16666666666666666,5,5,AAGTTTACCCTGAGTGTAAC,0,1312428
furpa,0.16666666666666666,5,5,AAGTCCGGCTTAAGAAATAC,0,1313432
furpa,0.16666666666666666,5,5,AAGGTAAGGTCCTTTTTATC,0,1301831
furpa,0.16666666666666666,5,5,AAGGGGGGGCCGTTGGGGTT,0,1331831
furpa,0.16666666666666666,5,5,AAGGCAGAGAAAGGGTTGCG,0,1305493
furpa,0.16666666666666666,5,5,AAGGAGCACGATCGCCCAAG,0,1289656
furpa,0.16666666666666666,5,5,AAGGAAGCCATCACTGCCTG,0,1276980
furpa,0.16666666666666666,5,5,AAGCTTTAGCGTCAACCTTC,0,1274183
furpa,0.16666666666666666,5,5,AAGCGTTAGCAGCGACATTT,0,1285916
furpa,0.16666666666666666,5,5,AAGCGTGGAAGCCCCCCTCT,0,1350898
furpa,0.16666666666666666,5,5,AAGCGGAAACCCATTTGCCG,0,1306586
furpa,0.16666666666666666,5,5,AAGCGACCGAGTGGTATTAG,0,1302920
furpa,0.16666666666666666,5,5,AAGCCTGTCGCTAGTGACTG,0,1279625
furpa,0.16666666666666666,5,5,AAGCCGCACACCTATCCAAC,0,1312078
furpa,0.16666666666666666,5,5,AAGCCACGCAGATCTCCTCA,0,1290511
furpa,0.16666666666666666,5,5,AAGATGTGGCAAGTGTCGTC,0,1325843
furpa,0.16666666666666666,5,5,AAGACGATCGCTACTAGAAA,0,1339915
furpa,0.16666666666666666,5,5,AAGACCCGAAGCTGCTTATT,0,1353466
furpa,0.16666666666666666,5,5,AAGACCAGCTGGAGGCAGTA,0,1287542
furpa,0.16666666666666666,5,5,AAGAAATTGCCAGGGATTTT,0,1345126
furpa,0.16666666666666666,5,5,AAGAAACGCGCGACTGGTTA,0,1324390
furpa,0.16666666666666666,5,5,AACTTTCCTTGTGGAAAAAT,0,1284674
furpa,0.16666666666666666,5,5,AACTTCTTTCAGTCTAAAGG,0,1338079
furpa,0.16666666666666666,5,5,AACTGGATTGGTTGGGTAGG,0,1333119
furpa,0.16666666666666666,5,5,AACTGCTCGGCAAACTATAC,0,1338517
furpa,0.16666666666666666,5,5,AACTGCAATATTGGTTAAGT,0,1317894
furpa,0.16666666666666666,5,5,AACTATTAGCGTCTGGGTGG,0,1350472
furpa,0.16666666666666666,5,5,AACTATATTTGCGTAAGTAC,0,1336561
furpa,0.16666666666666666,5,5,AACTAGGGCGACCCGCCAAC,0,1283066
furpa,0.16666666666666666,5,5,AACTACCACGCAGCACTAGA,0,1276223
furpa,0.16666666666666666,5,5,AACGTATGATACGGACCCCA,0,1318477
furpa,0.16666666666666666,5,5,AACGCTTGATTTCGGGGGTA,0,1272200
furpa,0.16666666666666666,5,5,AACGATACACGTCTCTTCAC,0,1295380
furpa,0.16666666666666666,5,5,AACGAATTGAGGAGTAAGGG,0,1352249
furpa,0.16666666666666666,5,5,AACCTCGCAAGTCCGATCCC,0,1314700
furpa,0.16666666666666666,5,5,AACCTACATAGGTTGCTCAG,0,1315663
furpa,0.16666666666666666,5,5,AACCGGCTGAGGTGTGCAGG,0,1285478
furpa,0.16666666666666666,5,5,AACCGGCTAAGGACCAGCGT,0,1323035
furpa,0.16666666666666666,5,5,AACCGGCAGTAACAATAGTG,0,1351774
furpa,0.16666666666666666,5,5,AACCCGCGCCATCTGGACAA,0,1292291
furpa,0.16666666666666666,5,5,AACCAGCAGGTAGAATATTG,0,1334351
furpa,0.16666666666666666,5,5,AACATCTCCGGTGCCCTAAA,0,1321272
furpa,0.16666666666666666,5,5,AACAGGCAGAGTTATCGAAA,0,1339608
furpa,0.16666666666666666,5,5,AACAGGCACATTGTTCACGA,0,1296107
furpa,0.16666666666666666,5,5,AACAGAGCTTAGTAGTGTGT,0,1285231
furpa,0.16666666666666666,5,5,AACACGTCAATTATCCGAGA,0,1319250
furpa,0.16666666666666666,5,5,AAATGAGTGACCACGCACCC,0,1348372
furpa,0.16666666666666666,5,5,AAATCGCTAGCTGGACAGGT,0,1318625
furpa,0.16666666666666666,5,5,AAATATTCTTGGGTCATAAC,0,1305939
furpa,0.16666666666666666,5,5,AAATATGATAATTTATACGG,0,1309887
furpa,0.16666666666666666,5,5,AAAGTTGGTCTATGCTAATT,0,1333526
furpa,0.16666666666666666,5,5,AAAGTACTGACCACGTTTAC,0,1289959
furpa,0.16666666666666666,5,5,AAAGGTTTATGCCCCGTGAG,0,1300165
furpa,0.16666666666666666,5,5,AAAGCAAATGTTGCCCTGTG,0,1353103
furpa,0.16666666666666666,5,5,AAACTTCTAGGCACAAGCGA,0,1274188
furpa,0.16666666666666666,5,5,AAACTGGAAATAAAAGAGGT,0,1308386
furpa,0.16666666666666666,5,5,AAACGGCGATAGCTCGCGGA,0,1352781
furpa,0.16666666666666666,5,5,AAACGCCACGAATAACCATA,0,1326853
furpa,0.16666666666666666,5,5,AAACCGTAAGTCTTCCGGAT,0,1278219
furpa,0.16666666666666666,5,5,AAACCACCACATATACTGTC,0,1285121
furpa,0.16666666666666666,5,5,AAACCAAACTCGGCTTGCCA,0,1277413
furpa,0.16666666666666666,5,5,AAACAGATGGAAAAGTTTTA,0,1271498
furpa,0.16666666666666666,5,5,AAAATGCGGGCCATATTCTC,0,1272215
furpa,0.16666666666666666,5,5,AAAAGCGCGAAGGGAGCACT,0,1340021
furpa,0.16666666666666666,5,5,AAAAACTTTGGCCACAACCG,0,1323132
furpa,0.2,4,4,TTTTTTGCCCCTACCCTAAC,0,1346717
furpa,0.2,4,4,TTTTTTCAGGGATCTGGACA,0,1319638
furpa,0.2,4,4,TTTTTCCCCTGCTTGCGCTA,0,1281842
furpa,0.2,4,4,TTTTGTCTGTACGGATTTCG,0,1279479
furpa,0.2,4,4,TTTTGTCAGTAGGCTGCTTT,0,1336336
furpa,0.2,4,4,TTTTGTAGGGCGGCGGGAAA,0,1320931
furpa,0.2,4,4,TTTTGCATCACTGCAGCTAT,0,1325523
furpa,0.2,4,4,TTTTGAGCGGTGGCGCCATT,0,1312670
furpa,0.2,4,4,TTTTCGTGCCCATGGTAACG,0,1348579
furpa,0.2,4,4,TTTTAGAACCCTCGTTCCGC,0,1304790
furpa,0.2,4,4,TTTGTATAACGTGATCGAAG,0,1326053
furpa,0.2,4,4,TTTGTAGCACTCGCGCATGC,0,1310276
furpa,0.2,4,4,TTTGGTGCCGGCTTCCTGCA,0,1320648
furpa,0.2,4,4,TTTGCGCTTCTTCCTGCGGA,0,1315092
furpa,0.2,4,4,TTTGCAGCACGTACGAATCT,0,1327904
furpa,0.2,4,4,TTTGAGCGTGAAATGACGGG,0,1346443
furpa,0.2,4,4,TTTGACGGGTGTGGAGGGCA,0,1282370
furpa,0.2,4,4,TTTGACAATTCATTGGAAAC,0,1285208
furpa,0.2,4,4,TTTCTCGTGTGTCTATCCGG,0,1291356
furpa,0.2,4,4,TTTCTAAGGAGTACACTAAA,0,1345724
furpa,0.2,4,4,TTTCGTGCGCCACAATTTTA,0,1301577
furpa,0.2,4,4,TTTCCTGGCGTACGTAATGT,0,1309007
furpa,0.2,4,4,TTTCATATGCTGAAGAGGTC,0,1308689
furpa,0.2,4,4,TTTCAGGTTTTGCTCCAAGG,0,1299963
furpa,0.2,4,4,TTTCAGGACAGGCGGCAGGG,0,1325302
furpa,0.2,4,4,TTTCAACAGCTTGACGAAAG,0,1306078
furpa,0.2,4,4,TTTATGAAAGAGTCGTGCGA,0,1352611
furpa,0.2,4,4,TTTAGTTACGGACGGACGAA,0,1286676
furpa,0.2,4,4,TTTAGTATGTGATTATTAGA,0,1339166
furpa,0.2,4,4,TTTAGGACTGGCCATCAAAA,0,1350258
furpa,0.2,4,4,TTTAATCACTTCGCTTCAAT,0,1320646
furpa,0.2,4,4,TTTAATAGCGGTTTCCGAGC,0,1300115
furpa,0.2,4,4,TTGTTTCGTAGAAACTGCTC,0,1349326
furpa,0.2,4,4,TTGTTACCCGTGTTCGCGCA,0,1324521
furpa,0.2,4,4,TTGTAGCTCCGATACATCGG,0,1280701
furpa,0.2,4,4,TTGGTTTGTGTGTCCCCGTC,0,1298602
furpa,0.2,4,4,TTGGTTTAAGTCATGCCATG,0,1291617
furpa,0.2,4,4,TTGGTGACTCCGCTGTTCAA,0,1345793
furpa,0.2,4,4,TTGGTCAGAAATATGGACTA,0,1337233
furpa,0.2,4,4,TTGGTACTCTCTTACGGGCG,0,1294571
furpa,0.2,4,4,TTGGGTCTAGCCTCCGTATT,0,1290843
furpa,0.2,4,4,TTGGGTCGAGCAGGCATCCC,0,1345656
furpa,0.2,4,4,TTGGGCGTCTTCCCACCCGC,0,1320541
furpa,0.2,4,4,TTGGGCCAACCGAGCTCGCC,0,1293139
furpa,0.2,4,4,TTGGGACGTAGCCTGCTGTG,0,1338953
furpa,0.2,4,4,TTGCTCTGAAAGTTGTGACT,0,1324311
furpa,0.2,4,4,TTGCGTTAATAGCGAATAAC,0,1354895
furpa,0.2,4,4,TTGCGCTTCAGCTTACTTCT,0,1356825
furpa,0.2,4,4,TTGCGAATCGTCTAGCTAAA,0,1294598
furpa,0.2,4,4,TTGCCTTCCCGGTTTACAAC,0,1335226
furpa,0.2,4,4,TTGCCCTTCCTAGTCTCGTG,0,1290208
furpa,0.2,4,4,TTGCCCACCTGTAGGTTATT,0,1272199
furpa,0.2,4,4,TTGACGGAGCTTTTCTGAAT,0,1333513
furpa,0.2,4,4,TTGACCTGGCAAAACGGCTG,0,1344498
furpa,0.2,4,4,TTGACCGTACTGGGTCCGGC,0,1304982
furpa,0.2,4,4,TTGAATGCCGCACATGTTCG,0,1287097
furpa,0.2,4,4,TTCTTTCAGGTGTCGCATAT,0,1326120
furpa,0.2,4,4,TTCTTAGGGCCGTTCCTCAT,0,1282263
furpa,0.2,4,4,TTCTGGCACGCTGAGAAATG,0,1294266
furpa,0.2,4,4,TTCTGAGGAGTCTTGGGGGT,0,1323941
furpa,0.2,4,4,TTCTCCCGGCGCAAGCTTCT,0,1329783
furpa,0.2,4,4,TTCTATCCAGATTTAAGTGA,0,1347139
furpa,0.2,4,4,TTCTATACGCTTATTATAGG,0,1352231
furpa,0.2,4,4,TTCTAGATAGGTGGGGTATA,0,1278933
furpa,0.2,4,4,TTCTAAAGCCGGTGTCATTA,0,1328647
furpa,0.2,4,4,TTCGGTAGGGTTGTAATGGG,0,1338553
furpa,0.2,4,4,TTCGGGTCCACTTGCGATGC,0,1351532
furpa,0.2,4,4,TTCGGCGCTGGACAGCAAAG,0,1338140
furpa,0.2,4,4,TTCGCCGCTTAGTACTACCT,0,1287267
furpa,0.2,4,4,TTCGATGTAGCACGTCTAAT,0,1275646
furpa,0.2,4,4,TTCGAGCAGGGTCTATGAGT,0,1311430
furpa,0.2,4,4,TTCGACGGCTCCACAAGAAG,0,1315818
furpa,0.2,4,4,TTCGAATCGGTGATGGGTAT,0,1288536
furpa,0.2,4,4,TTCCGCACTTGGGCGAGGGT,0,1305157
furpa,0.2,4,4,TTCCGAACATGTACTTTTAA,0,1334160
furpa,0.2,4,4,TTCCCTGTGCGGCGAAGAAA,0,1333328
furpa,0.2,4,4,TTCCCCTTTGGTTTAACTTA,0,1273920
furpa,0.2,4,4,TTCCCAACGATGTTAAAACA,0,1302949
furpa,0.2,4,4,TTCATCGACCCGAGGTAGGA,0,1273978
furpa,0.2,4,4,TTCAGTAAAACAAATAGGTT,0,1304692
furpa,0.2,4,4,TTCAGGATATTATCAAGTCT,0,1334622
furpa,0.2,4,4,TTCACCCCGTATGTCATCAA,0,1305821
furpa,0.2,4,4,TTATTTTGTGTGGGTTTCGG,0,1309180
furpa,0.2,4,4,TTATTTATGCACTAAGACTG,0,1288311
furpa,0.2,4,4,TTATTCACAGGCAATATTGA,0,1300743
furpa,0.2,4,4,TTATTATTGCAAAACTTTTT,0,1344506
furpa,0.2,4,4,TTATTAGGGCTGAGATCCAT,0,1283940
furpa,0.2,4,4,TTATTACTTGCCTCATTTGA,0,1304719
furpa,0.2,4,4,TTATGTTACGGAAGCGCAGA,0,1342195
furpa,0.2,4,4,TTATGTGGATCCTAATTACT,0,1322076
furpa,0.2,4,4,TTATGCGGTGTCTATTCGGT,0,1290046
furpa,0.2,4,4,TTATGCGGGGGACTGATTCA,0,1345301
furpa,0.2,4,4,TTATGAGAGGATCTATCGAA,0,1316696
furpa,0.2,4,4,TTATCATCCGTTTCTGAGTT,0,1334981
furpa,0.2,4,4,TTATATTAATAGTAGACTAC,0,1311509
furpa,0.2,4,4,TTATAGTGGCCTCCACACGG,0,1294051
furpa,0.2,4,4,TTATAGTGCCAGAGAGTGGG,0,1314467
furpa,0.2,4,4,TTATAATGCAAGTGATCACC,0,1311815
furpa,0.2,4,4,TTAGTCCCCGAAAGCGTGTC,0,1308787
furpa,0.2,4,4,TTAGTCACAAAGTCGTAGTA,0,1313890
furpa,0.2,4,4,TTAGTATTGGAAATATTTGA,0,1324608
furpa,0.2,4,4,TTAGGGATAGGGAGCTCTGC,0,1300596
furpa,0.2,4,4,TTAGCTAATTACCCGCGGGT,0,1306479
furpa,0.2,4,4,TTAGCCTCCGGCGGGCTGTC,0,1309278
furpa,0.2,4,4,TTACTCGAATTTTATCTACT,0,1344097
furpa,0.2,4,4,TTACTAGGTAAATACATGTA,0,1349871
furpa,0.2,4,4,TTACTACCAGTCATCGCAAG,0,1289956
furpa,0.2,4,4,TTACCGATCTGCGCGTACTG,0,1302552
furpa,0.2,4,4,TTACCCGGGTGTTGTTGATT,0,1328399
furpa,0.2,4,4,TTACCCGATGCAGGTCCCAA,0,1342219
furpa,0.2,4,4,TTACCCCTAATCTAAAGAAA,0,1312989
furpa,0.2,4,4,TTACACTACAGATAGCACTA,0,1272234
furpa,0.2,4,4,TTACAAGGCCCTTGGCCGAG,0,1338997
furpa,0.2,4,4,TTAACTCCACTTACTCAGTG,0,1332677
furpa,0.2,4,4,TTAAAAGTTTTACGTATACC,0,1292241
furpa,0.2,4,4,TGTTTTCTCATCTCTGTCTC,0,1350061
furpa,0.2,4,4,TGTTGACTGAGAAATTTCCC,0,1316060
furpa,0.2,4,4,TGTTGAACAGCCCGTTTGCT,0,1316130
furpa,0.2,4,4,TGTTCTAGGCGTTTGATAGA,0,1350347
furpa,0.2,4,4,TGTTCGATCCCGCAGATAGG,0,1279324
furpa,0.2,4,4,TGTTCAGATGCCCCGACGCG,0,1278771
furpa,0.2,4,4,TGTTATCATCCGTGGGAGTG,0,1280933
furpa,0.2,4,4,TGTTAGGCTACAGCGCGGGC,0,1347742
furpa,0.2,4,4,TGTGTTTTCAATTGACAGCC,0,1280965
furpa,0.2,4,4,TGTGTTTATTCCGACTGGAG,0,1347536
furpa,0.2,4,4,TGTGTCATAGGTAAGCTGCG,0,1305582
furpa,0.2,4,4,TGTGTATGAGCTAGATTAGC,0,1332862
furpa,0.2,4,4,TGTGTATATCCGCTGGACGT,0,1337448
furpa,0.2,4,4,TGTGTACGGTTGGTGTAAAA,0,1354491
furpa,0.2,4,4,TGTGGTGTCAATCTCGGGGG,0,1347018
furpa,0.2,4,4,TGTGAACCGGGGAAGGCAAC,0,1320821
furpa,0.2,4,4,TGTCGCTGCCAACAATTCAT,0,1274181
furpa,0.2,4,4,TGTCGCCAGAGTGATGGATC,0,1355853
furpa,0.2,4,4,TGTCCCGAGTTGGGTTCGGC,0,1301488
furpa,0.2,4,4,TGTCCACGTTGGGGAGCCAA,0,1273856
furpa,0.2,4,4,TGTCACATTCAGTATAGAGC,0,1338383
furpa,0.2,4,4,TGTATTTTACTAGGGGGATA,0,1312685
furpa,0.2,4,4,TGTATATAATAGACGCTTGT,0,1290402
furpa,0.2,4,4,TGTATACTCCCGTGCCGCGT,0,1308513
furpa,0.2,4,4,TGTAGCCATGACCCCCGTGC,0,1350183
furpa,0.2,4,4,TGTAGAACCATGGCTTCCCA,0,1316270
furpa,0.2,4,4,TGTACGAACACATTCTCCGT,0,1355321
furpa,0.2,4,4,TGTACACGATTACTAGGCTA,0,1313009
furpa,0.2,4,4,TGTAAAACGGGGCCTACCCT,0,1337500
furpa,0.2,4,4,TGGTTCTTTAGCGCACCGGC,0,1337287
furpa,0.2,4,4,TGGTGGGACCCACTCTGCCT,0,1287576
furpa,0.2,4,4,TGGTGGAGAAGCTAGCTCTA,0,1283063
furpa,0.2,4,4,TGGTGCTGAAATAGCAGCTC,0,1339615
furpa,0.2,4,4,TGGTCTTTAGCCCAAGGGCC,0,1348397
furpa,0.2,4,4,TGGTCTTATTCAATAGGATG,0,1299289
furpa,0.2,4,4,TGGTCGAAGACGTCCACAAC,0,1281984
furpa,0.2,4,4,TGGTCATGAGTTTGCTGAGA,0,1275801
furpa,0.2,4,4,TGGTCACAGATGGCTATTTT,0,1349945
furpa,0.2,4,4,TGGTCAAGAGTAAGGTTTAT,0,1299434
furpa,0.2,4,4,TGGTAGCGAAGGTTCCACGA,0,1306417
furpa,0.2,4,4,TGGTAATCCCATGGCTGAAC,0,1322631
furpa,0.2,4,4,TGGTAAGCACGGACGTGGCA,0,1274635
furpa,0.2,4,4,TGGGGTCAGAAGAGCTTTTC,0,1318772
furpa,0.2,4,4,TGGGGTACTCAGCGGAAGAG,0,1312381
furpa,0.2,4,4,TGGGGTACAGTGCGCGTTTT,0,1325515
furpa,0.2,4,4,TGGGGGTCTAGAACCCATAA,0,1344874
furpa,0.2,4,4,TGGGGAACGTGAGGGAAGGC,0,1294275
furpa,0.2,4,4,TGGGCTCTCAGGTTAAGCCT,0,1341499
furpa,0.2,4,4,TGGGCGTACAGTGGAATGCC,0,1291051
furpa,0.2,4,4,TGGGCACCACACCAGTTTGC,0,1345734
furpa,0.2,4,4,TGGGACTAATTCCGAAGACT,0,1337742
furpa,0.2,4,4,TGGGACAAGATATCGATATG,0,1357035
furpa,0.2,4,4,TGGCGAATCATCTACGGAAA,0,1302633
furpa,0.2,4,4,TGGCACTGATCTCGAGTATG,0,1297743
furpa,0.2,4,4,TGGCAAAATTTGTAACAGCG,0,1326453
furpa,0.2,4,4,TGGATGATTTTGTCGGGGGG,0,1280201
furpa,0.2,4,4,TGGATCCTCACCAGAGATAT,0,1353001
furpa,0.2,4,4,TGGATATTGAGGAGTCGTTC,0,1290459
furpa,0.2,4,4,TGGATATAGTCTATAGAGAG,0,1354199
furpa,0.2,4,4,TGGATAAACGGCCAAGCCAT,0,1318988
furpa,0.2,4,4,TGGAGCAACCGTGGGGGCTA,0,1306927
furpa,0.2,4,4,TGGACCCTTAGAATTGCTGC,0,1331757
furpa,0.2,4,4,TGGACCCGGAGTGTTCCCGG,0,1323916
furpa,0.2,4,4,TGGACAAACCACATAGTCCA,0,1346385
furpa,0.2,4,4,TGGAATACGGCACACACCAC,0,1281088
furpa,0.2,4,4,TGGAAGGTGCGAAATATCTC,0,1293671
furpa,0.2,4,4,TGGAACCCGGTCCCACTTGT,0,1338002
furpa,0.2,4,4,TGGAACAATGCGTCCTGGAA,0,1352079
furpa,0.2,4,4,TGCTCCCAACGTTATATGTA,0,1346237
furpa,0.2,4,4,TGCTAAAACTTTTATTACGT,0,1289674
furpa,0.2,4,4,TGCGTCATGCAGCGACATAA,0,1320390
furpa,0.2,4,4,TGCGTAATTCAGAACAAGCT,0,1330048
furpa,0.2,4,4,TGCGCTGTTGATATTGGTTC,0,1348439
furpa,0.2,4,4,TGCGCTCTAGGAGAAGAATC,0,1320772
furpa,0.2,4,4,TGCGCACAGAGACAGACACC,0,1288728
furpa,0.2,4,4,TGCGATAGCTCCTGTCGTGT,0,1317807
furpa,0.2,4,4,TGCGAGCTCGCCAAGGCAAG,0,1281783
furpa,0.2,4,4,TGCGACGATACGCGCAGGTT,0,1276648
furpa,0.2,4,4,TGCCTGCGGGCATCTGAGGG,0,1322340
furpa,0.2,4,4,TGCCTCGGAAAGACCTCAAC,0,1343256
furpa,0.2,4,4,TGCCGGCGATCGCTTTGGCC,0,1286905
furpa,0.2,4,4,TGCCAGGGGTTTTCCTGTAG,0,1319333
furpa,0.2,4,4,TGCCACGCCGCCGGCACGTG,0,1297314
furpa,0.2,4,4,TGCCACCATTAAATTTGATT,0,1340384
furpa,0.2,4,4,TGCATTTCTATCACGCTCTC,0,1298077
furpa,0.2,4,4,TGCAGTAAGACGCACAGGTG,0,1342826
furpa,0.2,4,4,TGCAGAGCTTTGTAACCAGA,0,1307532
furpa,0.2,4,4,TGCACTCTTCTATTTTTAGA,0,1296227
furpa,0.2,4,4,TGCAAATGCTACTAGCAGCC,0,1313947
furpa,0.2,4,4,TGATTGTCAACTAGGTCGAG,0,1273456
furpa,0.2,4,4,TGATTGCTGCTACTCGCAGC,0,1272750
furpa,0.2,4,4,TGATTCTTATACAAACTTGC,0,1293358
furpa,0.2,4,4,TGATTACTGAACCGGGTGTT,0,1330642
furpa,0.2,4,4,TGATCGTTGGCCGTACATAT,0,1323220
furpa,0.2,4,4,TGAGTGCCATGGATGAATTT,0,1307146
furpa,0.2,4,4,TGAGTGACATTCACAAGTTG,0,1351507
furpa,0.2,4,4,TGAGGTCTCAACGGGGGTTT,0,1297143
furpa,0.2,4,4,TGAGGTCGTGCCGTACGCAG,0,1353857
furpa,0.2,4,4,TGAGGCCGGACCCGGATTTA,0,1327408
furpa,0.2,4,4,TGAGAGGTACAGTTTGTGAC,0,1276355
furpa,0.2,4,4,TGAGAGCTAATTACAATGTA,0,1285403
furpa,0.2,4,4,TGACTTTCAATCTCGGTTGA,0,1337527
furpa,0.2,4,4,TGACTTGTATCCGGGGCGGT,0,1295248
furpa,0.2,4,4,TGACTGGGTCAGAAAGAGAA,0,1279222
furpa,0.2,4,4,TGACTGGGCTCGCCTGGCAT,0,1312450
furpa,0.2,4,4,TGACTCTAGAACGGCTCACA,0,1291181
furpa,0.2,4,4,TGACGTGCGAACGGAAAAAT,0,1336251
furpa,0.2,4,4,TGACGGGAGATGTGGGGCGA,0,1285298
furpa,0.2,4,4,TGACGGCGGCTTGTGATCAG,0,1321257
furpa,0.2,4,4,TGACCCGTTCACCTATTGCC,0,1294993
furpa,0.2,4,4,TGACCCGTGGGAGACGTTTT,0,1350966
furpa,0.2,4,4,TGACACTTGCTTCATGTACT,0,1351697
furpa,0.2,4,4,TGACACGCAACTATCTGGAG,0,1296757
furpa,0.2,4,4,TGACAACTGATCCCGACCGA,0,1316970
furpa,0.2,4,4,TGAATTTCCTACACGATAAG,0,1338640
furpa,0.2,4,4,TGAATGGTACAAGTTCTGGA,0,1353027
furpa,0.2,4,4,TGAACTTAGCCCTTAACGTT,0,1345757
furpa,0.2,4,4,TGAACGACAATGACGCCCCT,0,1308197
furpa,0.2,4,4,TGAACATAGCGGTTAGCCAA,0,1355713
furpa,0.2,4,4,TGAACACAGGTCCTACCCGG,0,1306923
furpa,0.2,4,4,TGAAATTGAACGACATCCCA,0,1302921
furpa,0.2,4,4,TGAAACAATGTCAGAATAAT,0,1278140
furpa,0.2,4,4,TCTTTCTATGGTATCTTGAG,0,1303958
furpa,0.2,4,4,TCTTGCAAAGAACTTTGTCC,0,1316147
furpa,0.2,4,4,TCTTGATTGGAGCGGAACTT,0,1312768
furpa,0.2,4,4,TCTTCAGTACGCGGGAGTGT,0,1302900
furpa,0.2,4,4,TCTGGTATGAGTGAAGTGAA,0,1295793
furpa,0.2,4,4,TCTGGCCTGTTGGGGATCTA,0,1325519
furpa,0.2,4,4,TCTGGAAGGGACGGTAGAAC,0,1285820
furpa,0.2,4,4,TCTCCGGCAATTCACATTTG,0,1299559
furpa,0.2,4,4,TCTCCCCGCCTCTTACCATC,0,1324816
furpa,0.2,4,4,TCTATGCATTGCGGGGTTTG,0,1296851
furpa,0.2,4,4,TCTATCGGCTGCAGCTGGTA,0,1288183
furpa,0.2,4,4,TCTAGGGGTTGTGAAACCCA,0,1346802
furpa,0.2,4,4,TCTAGAACGCATCGCGGTGG,0,1294399
furpa,0.2,4,4,TCTACTGTAACCCATACAGG,0,1295051
furpa,0.2,4,4,TCTACCGCAGATCGATGATC,0,1320142
furpa,0.2,4,4,TCTACCAGCGTTGAGATTAC,0,1285389
furpa,0.2,4,4,TCTACAGTAACTACTAATCC,0,1349869
furpa,0.2,4,4,TCTAAGGACAAAGTTTACGA,0,1334240
furpa,0.2,4,4,TCTAAGCCCTGTACGTGGGA,0,1338332
furpa,0.2,4,4,TCGTGTCTTGGCTTCATTGC,0,1347197
furpa,0.2,4,4,TCGTGCGAATTGAGACCACC,0,1273288
furpa,0.2,4,4,TCGTGCCGTTACGAGTGTGA,0,1288460
furpa,0.2,4,4,TCGTGCAAGAGTTGTGTCGT,0,1315180
furpa,0.2,4,4,TCGTGCAAAGTGCGTAGATG,0,1312898
furpa,0.2,4,4,TCGTCTGAGGAGGCAGTCGC,0,1282464
furpa,0.2,4,4,TCGTCCTAGTAGCCCTTCTA,0,1357328
furpa,0.2,4,4,TCGTATTGCCACACTGTACA,0,1317359
furpa,0.2,4,4,TCGTAGGCACCAATCAAGGT,0,1307996
furpa,0.2,4,4,TCGGTTTAACCAATTTTGCA,0,1307921
furpa,0.2,4,4,TCGGTTCTTAGGACAATGAA,0,1329715
furpa,0.2,4,4,TCGGTTCCACTCTGCAAACT,0,1339317
furpa,0.2,4,4,TCGGGCTAATCTGATAAGAA,0,1347665
furpa,0.2,4,4,TCGGGCGGAGTATAGATCAG,0,1301197
furpa,0.2,4,4,TCGGCCTTAGTGCATGCTGC,0,1275087
furpa,0.2,4,4,TCGGCACACTCTTATGTCAC,0,1298475
furpa,0.2,4,4,TCGGAGTTCGAGGAAGGCCC,0,1357219
furpa,0.2,4,4,TCGGAGTAATGGCTCTAACA,0,1278410
furpa,0.2,4,4,TCGGACGGAACGGAAGCGAG,0,1271219
furpa,0.2,4,4,TCGCTTTGCACTAGAATTCC,0,1327847
furpa,0.2,4,4,TCGCGCTGGTCACAGATTTA,0,1287161
furpa,0.2,4,4,TCGCGCCTATAGGACAAGTC,0,1320581
furpa,0.2,4,4,TCGCGAACGCGGAAGCATTG,0,1347370
furpa,0.2,4,4,TCGCCAGTCATCGCTTTAAC,0,1287539
furpa,0.2,4,4,TCGCAGTAGGTATCCCGCGT,0,1300107
furpa,0.2,4,4,TCGATGTTGCGCCCAATATA,0,1302605
furpa,0.2,4,4,TCGATCTTGTGCTTACAGGC,0,1276354
furpa,0.2,4,4,TCGATCATGAGGAATGAGAC,0,1357720
furpa,0.2,4,4,TCGAGTTTTACAAGATATAA,0,1293943
furpa,0.2,4,4,TCGAGTGGGAGAACTAGGTC,0,1307012
furpa,0.2,4,4,TCGACATTCGTTCCCTCAGA,0,1326596
furpa,0.2,4,4,TCGACACCCCGGCGCTAGTT,0,1313609
furpa,0.2,4,4,TCCTAATTGGGCGGTGATGA,0,1348563
furpa,0.2,4,4,TCCGCTTAGAGTGTCTCATG,0,1310117
furpa,0.2,4,4,TCCGCGGCAAAGTGTGGTCC,0,1344388
furpa,0.2,4,4,TCCGCCTTGTTTCTGAACGG,0,1323291
furpa,0.2,4,4,TCCGATACACCCCATCGAAC,0,1335864
furpa,0.2,4,4,TCCCTTTGATTCACCGTAGT,0,1348504
furpa,0.2,4,4,TCCCTTGTGACCCTATACTC,0,1285042
furpa,0.2,4,4,TCCCATATCCTACTGATTCT,0,1293546
furpa,0.2,4,4,TCCCACTCGGTGGGAGCTTA,0,1307595
furpa,0.2,4,4,TCCCACAAGGAGGTGATGAA,0,1280865
furpa,0.2,4,4,TCCAGTCCATCAAAAAAGTA,0,1313248
furpa,0.2,4,4,TCCAGGATATAGATATAGCT,0,1329351
furpa,0.2,4,4,TCCAGAAATAATAGCCTGTA,0,1271717
furpa,0.2,4,4,TCCACTACAATGTTAACGAA,0,1284720
furpa,0.2,4,4,TCCAAAGGATCTCTATGCGG,0,1287934
furpa,0.2,4,4,TCCAAAAGCACGTGACTACA,0,1295950
furpa,0.2,4,4,TCATTTCCTGGTACGCTGTG,0,1299899
furpa,0.2,4,4,TCATTAATGGACGGGGGGTC,0,1323948
furpa,0.2,4,4,TCATGTTTACGGATCGTTGT,0,1325349
furpa,0.2,4,4,TCATGATATCACAACGCAGC,0,1294601
furpa,0.2,4,4,TCATCTCCCCCTCTAGGGTC,0,1344435
furpa,0.2,4,4,TCATCAGCTAGGCTAGGATT,0,1305365
furpa,0.2,4,4,TCATAGGCCTCACCGCGAGC,0,1275810
furpa,0.2,4,4,TCATACTTCCTGTGGTAATA,0,1284535
furpa,0.2,4,4,TCAGGGGACCTGTGGGAATC,0,1313358
furpa,0.2,4,4,TCAGGGATGAATGGCAGGGA,0,1283274
furpa,0.2,4,4,TCACTGACCGCAGCAGCGCC,0,1324893
furpa,0.2,4,4,TCACTCGCCGGTTCCAGGCA,0,1336143
furpa,0.2,4,4,TCACTAATCCTATGGTCGGT,0,1347865
furpa,0.2,4,4,TCACGTTGTACAGTGGTGGA,0,1285593
furpa,0.2,4,4,TCACGGACGCATAATCGACA,0,1351923
furpa,0.2,4,4,TCACGCCTTTAGCCCGAATA,0,1341860
furpa,0.2,4,4,TCACGAAGGCACTCGTTCTT,0,1299728
furpa,0.2,4,4,TCACCCAGCGGACTGCAAAG,0,1279641
furpa,0.2,4,4,TCACAAATGCGGAATCGCCC,0,1319325
furpa,0.2,4,4,TCAATTTCACACACTATGGA,0,1338880
furpa,0.2,4,4,TCAATGGTCTCATGGCCTGC,0,1291179
furpa,0.2,4,4,TCAATGATAGGCCAGTCATG,0,1352473
furpa,0.2,4,4,TCAATAGGCCGTAGCTCACT,0,1303887
furpa,0.2,4,4,TCAAGCTGTCATTCGGATTT,0,1291204
furpa,0.2,4,4,TCAACTGCTGTTGCGCGAGT,0,1327841
furpa,0.2,4,4,TCAACTATCGCGCTCAACGA,0,1284192
furpa,0.2,4,4,TCAACACTTCTATATACCTA,0,1281352
furpa,0.2,4,4,TCAAATTATGACTACATTTC,0,1284541
furpa,0.2,4,4,TCAAAACCGCAGCGATTTGA,0,1289175
furpa,0.2,4,4,TATTTTTCGCATACGGCTAC,0,1308546
furpa,0.2,4,4,TATTTCAGACTGTAAGTGCG,0,1342719
furpa,0.2,4,4,TATTTACCTGGTCAGAGTGT,0,1282693
furpa,0.2,4,4,TATTGTAGGAAAGTCCGACC,0,1277452
furpa,0.2,4,4,TATTGTAAAGTCACGTGAAA,0,1273144
furpa,0.2,4,4,TATTATGTGTGCGTCTCGTC,0,1294197
furpa,0.2,4,4,TATTAGCTGTTGACACGGGA,0,1301620
furpa,0.2,4,4,TATTACTGAAGCGCCGTCTT,0,1291810
furpa,0.2,4,4,TATGTGGCTCCCCCGAACGG,0,1357254
furpa,0.2,4,4,TATGTGGCAGAGATCTGTCT,0,1273601
furpa,0.2,4,4,TATGTCTTGTGGGCGCACGG,0,1277047
furpa,0.2,4,4,TATGTCGGTGGCGCTGTATG,0,1274178
furpa,0.2,4,4,TATGGTCGTGTACCCTAAAG,0,1280390
furpa,0.2,4,4,TATGGGTAACAACAGTAAGA,0,1304916
furpa,0.2,4,4,TATGGCCACTTGCAATCTGC,0,1344834
furpa,0.2,4,4,TATGCGGACGCCACGTACTG,0,1281279
furpa,0.2,4,4,TATGCCATCCAAACCTCTGT,0,1294892
furpa,0.2,4,4,TATGCCAGACTAGCTTGTAG,0,1339063
furpa,0.2,4,4,TATGCATCTGGTAATTCAAG,0,1310348
furpa,0.2,4,4,TATCTTTCATGCATAGAACG,0,1337701
furpa,0.2,4,4,TATCTAAACACGTCATTGCA,0,1336557
furpa,0.2,4,4,TATCGTACAGCTGGCGTACA,0,1287505
furpa,0.2,4,4,TATCAGTGACACATATAATT,0,1278466
furpa,0.2,4,4,TATATATAAGTGAGGAATGC,0,1330353
furpa,0.2,4,4,TATATAATCTCGAAGCAGGC,0,1284311
furpa,0.2,4,4,TATACCATCAGTAGTTGGTA,0,1333870
furpa,0.2,4,4,TATAACATGGAACAGCGCAT,0,1324635
furpa,0.2,4,4,TATAAACACCGAGTCCGAAG,0,1301611
furpa,0.2,4,4,TAGTTAAACGAAACGGTGGG,0,1337644
furpa,0.2,4,4,TAGGTTCCACCGACCGGATT,0,1317973
furpa,0.2,4,4,TAGGTGCGTTCTCAACGATA,0,1315329
furpa,0.2,4,4,TAGGTACTGTGTATCGTTGT,0,1273836
furpa,0.2,4,4,TAGGTACGCCATGTGATAAT,0,1292598
furpa,0.2,4,4,TAGGGAAGCGGAGGAACTCA,0,1325549
furpa,0.2,4,4,TAGGCTTGGAATGTTTCTGG,0,1344542
furpa,0.2,4,4,TAGGCCTAATGCGATATGCT,0,1319761
furpa,0.2,4,4,TAGGAAAGGACAGACCCGTA,0,1303054
furpa,0.2,4,4,TAGCTTCGCCCGGTACCGAT,0,1308709
furpa,0.2,4,4,TAGCTCCTGAGTTAGCTACC,0,1274864
furpa,0.2,4,4,TAGCTCCGGGCGGACAAAGC,0,1309758
furpa,0.2,4,4,TAGCGTCATATTCGGTAGGA,0,1332485
furpa,0.2,4,4,TAGCCCCAACCTCCCTACAA,0,1285178
furpa,0.2,4,4,TAGCATTTGCGATAGGTTTG,0,1295747
furpa,0.2,4,4,TAGCAGCATATGTTGCGCCA,0,1347459
furpa,0.2,4,4,TAGCAATGCCAAATTAACAG,0,1302024
furpa,0.2,4,4,TAGATGACGCGTAGTACCAT,0,1292120
furpa,0.2,4,4,TAGAGGTTAAGTTGTAGTTC,0,1344199
furpa,0.2,4,4,TAGAGGGATTCTTTAGTCCC,0,1293785
furpa,0.2,4,4,TAGACAGTGAACCGGCCTGT,0,1295613
furpa,0.2,4,4,TAGAACCCTATAGACTGCCG,0,1319141
furpa,0.2,4,4,TACTTGGGGGCTTAGGGAAC,0,1324194
furpa,0.2,4,4,TACTTAAAACTCAGTCATAT,0,1286942
furpa,0.2,4,4,TACTGATCGGTAGCGCAATC,0,1306166
furpa,0.2,4,4,TACTCGGTTTCGCTTGTAGT,0,1288676
furpa,0.2,4,4,TACTCGGGCGCCGCCGCAAG,0,1271196
furpa,0.2,4,4,TACTCAGATTCGGAAGAACT,0,1345571
furpa,0.2,4,4,TACTATGAGGAACGCTTAAA,0,1299587
furpa,0.2,4,4,TACTAAGTCTGGCCATCCAA,0,1342150
furpa,0.2,4,4,TACGTACTTCGTCCGTTGTT,0,1299060
furpa,0.2,4,4,TACGTAAAGACCGTGGCCCT,0,1291312
furpa,0.2,4,4,TACGGTGGTTCAACGGTCTT,0,1309124
furpa,0.2,4,4,TACGGGTAGTGCCGGCGCAT,0,1281453
furpa,0.2,4,4,TACGGCCATCTGTGTTCTAT,0,1275976
furpa,0.2,4,4,TACGCCCGAGATCGCCAGTA,0,1286876
furpa,0.2,4,4,TACGACATTACAGAGGTGAA,0,1310936
furpa,0.2,4,4,TACCTGAAAGAATGTGACCT,0,1286517
furpa,0.2,4,4,TACCTCGCTCGCAACTCGTG,0,1345754
furpa,0.2,4,4,TACCGTAAGACCGACTGGAT,0,1299120
furpa,0.2,4,4,TACCCAGGAATCTAGGAAAA,0,1310790
furpa,0.2,4,4,TACCCACCCCTGTTAGTAAG,0,1346700
furpa,0.2,4,4,TACATTTGAATATATTAACA,0,1325724
furpa,0.2,4,4,TACATGCACATATATTTATT,0,1283638
furpa,0.2,4,4,TACAGCCTACCGCTGATGCG,0,1302657
furpa,0.2,4,4,TACACGACCGCCTCGTACAT,0,1332984
furpa,0.2,4,4,TACAATTGATTTTAGTCCGC,0,1295935
furpa,0.2,4,4,TACAAGGCGAATTATGATCA,0,1301514
furpa,0.2,4,4,TACAAAAAACCACCACTACA,0,1320278
furpa,0.2,4,4,TAATGGGGCTAGTCTGTCTG,0,1274569
furpa,0.2,4,4,TAATCTGCCGCGTCCCCGCC,0,1304433
furpa,0.2,4,4,TAATCGAAAAGAGTCAGCAG,0,1323366
furpa,0.2,4,4,TAATCATATCCCAGCAGTGG,0,1282605
furpa,0.2,4,4,TAATCAGTAATGTCTAGGGT,0,1285475
furpa,0.2,4,4,TAATAGTTGCACCGGCAAAC,0,1315416
furpa,0.2,4,4,TAAGGTTAGCCAGCAGCTAA,0,1327136
furpa,0.2,4,4,TAAGGTCCAGCTGTTTTCAA,0,1304130
furpa,0.2,4,4,TAAGGAAAGCTCTGTAGAAG,0,1272755
furpa,0.2,4,4,TAAGCTAACCTTTAAATCGT,0,1330059
furpa,0.2,4,4,TAAGCCAACGGGGCACCGAC,0,1331847
furpa,0.2,4,4,TAAGAATAAATGCGTCTCAA,0,1316519
furpa,0.2,4,4,TAACTGCAGAGACTTGTGAA,0,1290259
furpa,0.2,4,4,TAACTACAGGTCACGCCGAA,0,1274529
furpa,0.2,4,4,TAACGTGTGGTCCCCTCACG,0,1274260
furpa,0.2,4,4,TAACGTGCCCGTTAAGCCCG,0,1340514
furpa,0.2,4,4,TAACGGACAGGGGCAGTCAA,0,1295149
furpa,0.2,4,4,TAACGCTAAGGACCTGCAGA,0,1341820
furpa,0.2,4,4,TAACCCTAACGACGTCTTTA,0,1295609
furpa,0.2,4,4,TAACAGGGCTATTCACTTTA,0,1292626
furpa,0.2,4,4,TAACAGATGCTTTGATAGTT,0,1334244
furpa,0.2,4,4,TAAATTTGATCGTGCCTAAG,0,1351775
furpa,0.2,4,4,TAAATTGATACCAAGCCGAG,0,1289488
furpa,0.2,4,4,TAAATGGAGCTGAGCTCCTC,0,1284559
furpa,0.2,4,4,TAAATGAAACGTTAGACCTG,0,1333373
furpa,0.2,4,4,TAAAGTGTCTTCGTGGAGCC,0,1282316
furpa,0.2,4,4,TAAAGTCTAAAGACCAAGGG,0,1308548
furpa,0.2,4,4,TAAACGTGCAGTCCTTGTCC,0,1292957
furpa,0.2,4,4,TAAAAGGAACCCGGCTTCCG,0,1319334
furpa,0.2,4,4,TAAAACTACACGAAGCTTCA,0,1310222
furpa,0.2,4,4,GTTTTGCCCCCGGGGGGATC,0,1293981
furpa,0.2,4,4,GTTTTCAGTTCCTCCTAAAC,0,1332360
furpa,0.2,4,4,GTTTTCAATCGACGATCAAC,0,1325529
furpa,0.2,4,4,GTTTGGGATTGTACCAGGAC,0,1290978
furpa,0.2,4,4,GTTTGCGACATGGTAACCCG,0,1282477
furpa,0.2,4,4,GTTTAGTTCTGACGAAACGT,0,1335466
furpa,0.2,4,4,GTTTACGGAGAGGAGGTAGC,0,1278632
furpa,0.2,4,4,GTTTACCGTCGAACTTAACG,0,1296906
furpa,0.2,4,4,GTTGTCGTACTCACGTTCGA,0,1275102
furpa,0.2,4,4,GTTGTAAAGATACTCGTGCT,0,1307423
furpa,0.2,4,4,GTTGGCTGCCTCTAAGACTA,0,1318188
furpa,0.2,4,4,GTTGGCAGATTTCGTCCATT,0,1353337
furpa,0.2,4,4,GTTGATATCGAGCCCGCTTA,0,1312759
furpa,0.2,4,4,GTTGAGACAGGCGCCATCAA,0,1278765
furpa,0.2,4,4,GTTGACATCGCCGTAGTCGT,0,1344670
furpa,0.2,4,4,GTTCGTGCGTATTTATTGCA,0,1317647
furpa,0.2,4,4,GTTCGGGGGGAGTTCCTGGA,0,1293217
furpa,0.2,4,4,GTTCCTTTGATACGAGCTAC,0,1326341
furpa,0.2,4,4,GTTCCGGAGTGACTAAGCTA,0,1281923
furpa,0.2,4,4,GTTCCCCCACATAAATGACA,0,1334861
furpa,0.2,4,4,GTTCAGTCAGGCGGCAGCTC,0,1307181
furpa,0.2,4,4,GTTCAGGCTGATTTCGGGCA,0,1289468
furpa,0.2,4,4,GTTCACTATGTACTCCGGAT,0,1330056
furpa,0.2,4,4,GTTATATCCAGATTTAGCCA,0,1309336
furpa,0.2,4,4,GTTAGTACCGCCATGATCTC,0,1306371
furpa,0.2,4,4,GTTACGGGAGTCTTAGAGCG,0,1320682
furpa,0.2,4,4,GTTAAATCAAACATTGCCTT,0,1336477
furpa,0.2,4,4,GTGTTGCGGTTTCAGAGACC,0,1274324
furpa,0.2,4,4,GTGTTCAGGTCTATGCGAAA,0,1275591
furpa,0.2,4,4,GTGTTATTCGCGGTATGAAC,0,1356163
furpa,0.2,4,4,GTGTGGTCGCAACCAATGGA,0,1308591
furpa,0.2,4,4,GTGTGCCCTGAACTACAGCA,0,1300814
furpa,0.2,4,4,GTGTGATATACCACAACAAG,0,1294815
furpa,0.2,4,4,GTGTGAAAGCTATATGGGGC,0,1353424
furpa,0.2,4,4,GTGTCTATGGAGGCCATGGT,0,1279173
furpa,0.2,4,4,GTGTCGGCTAGAGAGCTCGA,0,1280647
furpa,0.2,4,4,GTGTAGGCGTACGGGATAAA,0,1315178
furpa,0.2,4,4,GTGTACGAAATCGAATACTA,0,1332572
furpa,0.2,4,4,GTGTAATTAGGAGAGTGGTC,0,1303473
furpa,0.2,4,4,GTGGGTACACGGGCACCCTG,0,1308372
furpa,0.2,4,4,GTGGGTAATTACTCCCGCAT,0,1313319
furpa,0.2,4,4,GTGGGGTGCATGTGTGACCA,0,1307420
furpa,0.2,4,4,GTGGGGTCATCAGTAGAGGG,0,1320036
furpa,0.2,4,4,GTGGGAGCGGTTCATGCCTA,0,1325477
furpa,0.2,4,4,GTGGCCGTGGCTAAGAATCA,0,1318278
furpa,0.2,4,4,GTGGATATCTTGGAGTGGTT,0,1276655
furpa,0.2,4,4,GTGGACGTGCGCATGGATCG,0,1322993
furpa,0.2,4,4,GTGCTTAATAAGGGAGGATC,0,1309288
furpa,0.2,4,4,GTGCTGTGGTTGGTATCTAA,0,1345252
furpa,0.2,4,4,GTGCGTGTTGTTCAGGAACC,0,1312616
furpa,0.2,4,4,GTGCGGGGATAGACGCGGAA,0,1329352
furpa,0.2,4,4,GTGCGCTTCGACACGCATCA,0,1324255
furpa,0.2,4,4,GTGCGCCTCGGCAAGCGAGG,0,1338608
furpa,0.2,4,4,GTGCCCCGAGATGAGCTATC,0,1349833
furpa,0.2,4,4,GTGCATGGTCAGAAACGAGG,0,1275872
furpa,0.2,4,4,GTGAGTATACGGTACCCGAC,0,1317248
furpa,0.2,4,4,GTGAGGGTACGTAAGACGGT,0,1327216
furpa,0.2,4,4,GTGAGGGACGGACCGCCTTC,0,1273614
furpa,0.2,4,4,GTGAGACGGATCTGACGACT,0,1315376
furpa,0.2,4,4,GTGACCGTCGGACCGCCCCG,0,1288006
furpa,0.2,4,4,GTCTTTGCGGCAGGGGATTC,0,1315670
furpa,0.2,4,4,GTCTTCGGGGGATGGTCGCT,0,1325939
furpa,0.2,4,4,GTCTTAAGAGTTCTCGCATA,0,1282595
furpa,0.2,4,4,GTCTGTACGCGGGTAGCTAC,0,1329597
furpa,0.2,4,4,GTCTGACGGGTAGTCAGTAA,0,1328878
furpa,0.2,4,4,GTCTCCTGAGAGAGGGCTGA,0,1319128
furpa,0.2,4,4,GTCTCCGCGTGCTGTTCGTA,0,1345123
furpa,0.2,4,4,GTCTATGAGTAAGTAGTTCT,0,1304648
furpa,0.2,4,4,GTCTAGCTCACATTGCCCAC,0,1344247
furpa,0.2,4,4,GTCTAAAGTATAGTTACAAT,0,1320868
furpa,0.2,4,4,GTCGTTACACTCGGACACGG,0,1344986
furpa,0.2,4,4,GTCGGTTCTGCTCAAACGCA,0,1283714
furpa,0.2,4,4,GTCGCGAAAGTCGATGGCAG,0,1356793
furpa,0.2,4,4,GTCGACTACGGACAACAGGC,0,1318404
furpa,0.2,4,4,GTCGAAGGCCGTCAGTCTGA,0,1353892
furpa,0.2,4,4,GTCCTGGCCCCACTTGCAGT,0,1353583
furpa,0.2,4,4,GTCCTGCCCCACAATGGGAC,0,1294136
furpa,0.2,4,4,GTCCTAGGCCCTTATTAGGA,0,1322330
furpa,0.2,4,4,GTCCGGTTCTGCCTCAATCG,0,1346205
furpa,0.2,4,4,GTCCGAGGATAGAACTCTCA,0,1314698
furpa,0.2,4,4,GTCCCCACCACTCCAAGAGT,0,1297569
furpa,0.2,4,4,GTCCATTCGCAAACTCCTCA,0,1322758
furpa,0.2,4,4,GTCCAGAATGGTGCTTGACA,0,1277431
furpa,0.2,4,4,GTCATGGGGCCACTGTGCGT,0,1291022
furpa,0.2,4,4,GTCACCATTCTGTCGAATGA,0,1344890
furpa,0.2,4,4,GTCACAGGCTTGGTGAGGTT,0,1281463
furpa,0.2,4,4,GTCAATATCTGGAGTGACCG,0,1328362
furpa,0.2,4,4,GTCAAGGAAGGTTGTCAGGC,0,1311201
furpa,0.2,4,4,GTCAAGATCACTCTGGGAGC,0,1275868
furpa,0.2,4,4,GTCAACTGGGTAGCTCGTAT,0,1281769
furpa,0.2,4,4,GTCAAACAGTTTGTCTCCGT,0,1336996
furpa,0.2,4,4,GTATTACGATATGTAATTCA,0,1310814
furpa,0.2,4,4,GTATGACCTAGACTTGTATT,0,1325439
furpa,0.2,4,4,GTATCAGATGTCCTCATAAT,0,1345877
furpa,0.2,4,4,GTATATGAATGCACTTGAGC,0,1277099
furpa,0.2,4,4,GTAGTGTTAGATGACCGGAC,0,1294292
furpa,0.2,4,4,GTAGGTTGCTATCGGGAGAG,0,1335507
furpa,0.2,4,4,GTAGGTGGAATCTACGATAG,0,1343146
furpa,0.2,4,4,GTAGGCTTGGACGGACGGCT,0,1339005
furpa,0.2,4,4,GTAGGATACAAGCGTGCAGA,0,1349231
furpa,0.2,4,4,GTACGGTTTTGCGATTTCAA,0,1311871
furpa,0.2,4,4,GTACGCTCCAGAACATGAGA,0,1357019
furpa,0.2,4,4,GTACCTATAAGGAGGTGTTT,0,1295514
furpa,0.2,4,4,GTACCGCAGTAATAGGGCTT,0,1329485
furpa,0.2,4,4,GTACCCCCGATCCCCGACCT,0,1278222
furpa,0.2,4,4,GTACCACTCTTAAAAAACGG,0,1286850
furpa,0.2,4,4,GTACAAGCAGGCAAAGAGCT,0,1298591
furpa,0.2,4,4,GTAATGTCCACAGTAAGCTG,0,1330731
furpa,0.2,4,4,GTAATAGCAACGGCCAAACG,0,1357435
furpa,0.2,4,4,GTAACTTAAGTAGCTTTTGG,0,1322847
furpa,0.2,4,4,GTAACTCTCTAGGCGGGGAA,0,1299646
furpa,0.2,4,4,GTAACAGCGCTCCGGGATTA,0,1277135
furpa,0.2,4,4,GTAAACAGCGCGGTGACCTC,0,1340590
furpa,0.2,4,4,GGTTTGAATCCTGGAAGGCT,0,1288011
furpa,0.2,4,4,GGTTGCTAGAACAAATTTAA,0,1346904
furpa,0.2,4,4,GGTTCATCGTGACAACCTTT,0,1331194
furpa,0.2,4,4,GGTTCAGTAGGTCATGGATT,0,1321552
furpa,0.2,4,4,GGTTAGTAAATTCTTTACCA,0,1316064
furpa,0.2,4,4,GGTGGTTTTACCTGTCTGAA,0,1296021
furpa,0.2,4,4,GGTGGGCGCGGCACCTTCAG,0,1334687
furpa,0.2,4,4,GGTGGGAGCTCTCCGAGATC,0,1343379
furpa,0.2,4,4,GGTGGGAATCCTAGCTCTGA,0,1344073
furpa,0.2,4,4,GGTGGCTGTATTGGACGCTA,0,1325992
furpa,0.2,4,4,GGTGCTGGTGGTGAGTTTGC,0,1332494
furpa,0.2,4,4,GGTGCTGACCAGGAGTTATC,0,1349669
furpa,0.2,4,4,GGTGCGTGTTTAGGAGACAC,0,1279836
furpa,0.2,4,4,GGTGATACGGATCCCCAAAG,0,1317030
furpa,0.2,4,4,GGTGACTGCTTGTGCATCTT,0,1355753
furpa,0.2,4,4,GGTGACCTGTTATTTGGATG,0,1313936
furpa,0.2,4,4,GGTCTTCCCTGATCGTCACA,0,1279259
furpa,0.2,4,4,GGTCTGTGTTGCAGATTATT,0,1289836
furpa,0.2,4,4,GGTCCTATACAGGAGCATTA,0,1326097
furpa,0.2,4,4,GGTCCCCTGGGGAACTCGAT,0,1288806
furpa,0.2,4,4,GGTCATAAATCGAACAGGTC,0,1322301
furpa,0.2,4,4,GGTCACGTAAGAGCTCTCCG,0,1276979
furpa,0.2,4,4,GGTATTTTTTGCCATGGGGG,0,1350769
furpa,0.2,4,4,GGTATTCTAGCCCACTTTTG,0,1323034
furpa,0.2,4,4,GGTATGGTTCTCGTCTATTA,0,1310481
furpa,0.2,4,4,GGTATGGCCTCTTTGGAGAG,0,1277989
furpa,0.2,4,4,GGTATGGAATGGCTCCGGAG,0,1340535
furpa,0.2,4,4,GGTAGTGCAGCCAACCGAAG,0,1327854
furpa,0.2,4,4,GGTACTTTTTCCAAGCAGTC,0,1276470
furpa,0.2,4,4,GGGTTCTGCGCCAAATCATC,0,1295615
furpa,0.2,4,4,GGGTTCGTCCAAACCACGCA,0,1315397
furpa,0.2,4,4,GGGTCCTTCCCCGAGGCAAT,0,1357342
furpa,0.2,4,4,GGGTCCACCGTGCTAGATTG,0,1293754
furpa,0.2,4,4,GGGTCAAGCGGTAAGATTGT,0,1303893
furpa,0.2,4,4,GGGTACGATCGCTATGTATA,0,1273933
furpa,0.2,4,4,GGGTAAGTATTCCCTCTGTA,0,1306425
furpa,0.2,4,4,GGGGTGCTCTCGATCAATGT,0,1278813
furpa,0.2,4,4,GGGGTACGATAAAACCGATA,0,1341318
furpa,0.2,4,4,GGGGGTTGGAGTAAGCCCAC,0,1296912
furpa,0.2,4,4,GGGGGGCTCCTGCACCGTAT,0,1319824
furpa,0.2,4,4,GGGGCCGGTAGCTTAGTGAC,0,1338809
furpa,0.2,4,4,GGGGCCATCTCTAAGCATTC,0,1308275
furpa,0.2,4,4,GGGGAGCGCGCATAGGCCAG,0,1321969
furpa,0.2,4,4,GGGGAACCTTATAACAAAGG,0,1336134
furpa,0.2,4,4,GGGCTAGCTTTGGATCCATG,0,1323884
furpa,0.2,4,4,GGGCGTGTTCCTAGAATGAG,0,1294551
furpa,0.2,4,4,GGGCGTATTAAATACCAGAG,0,1312890
furpa,0.2,4,4,GGGCGATGTCATTAACCGCC,0,1285809
furpa,0.2,4,4,GGGCGAAAGTCTCAGGCCTT,0,1319567
furpa,0.2,4,4,GGGCCTACGGTCCAGTCTAG,0,1310074
furpa,0.2,4,4,GGGCCTAAGGGTGCAAGCGT,0,1312821
furpa,0.2,4,4,GGGCCTAACCCTCATATTAG,0,1328306
furpa,0.2,4,4,GGGCCGATCAGTATTATCAG,0,1310612
furpa,0.2,4,4,GGGCAGACTGCGTGCTAGGC,0,1323717
furpa,0.2,4,4,GGGCAAACAGGCGTCATTTA,0,1320140
furpa,0.2,4,4,GGGATATTTCCACCGTCTAA,0,1297419
furpa,0.2,4,4,GGGAGTTGGCGCATTTTCTT,0,1349119
furpa,0.2,4,4,GGGACTCCCCCGACGGATAC,0,1300760
furpa,0.2,4,4,GGGACTATCGCAGGGCAGAC,0,1284150
furpa,0.2,4,4,GGGACGCCGCGGAGACGATC,0,1357396
furpa,0.2,4,4,GGGACCGCCTGTGGACCGAA,0,1276227
furpa,0.2,4,4,GGGACAGCATCAATACCAGA,0,1320934
furpa,0.2,4,4,GGGACACAGGCAAAATCCGC,0,1279617
furpa,0.2,4,4,GGGAAGATCGGCAACTTTTA,0,1330789
furpa,0.2,4,4,GGGAAGAGGCGCTGCCAACA,0,1295204
furpa,0.2,4,4,GGCTTACAGGTAAATTATGT,0,1284763
furpa,0.2,4,4,GGCTGGGCGATCATGCCGGT,0,1278312
furpa,0.2,4,4,GGCTGAGGGGCTTCACTTAA,0,1284961
furpa,0.2,4,4,GGCTCGTCTTCGGTGGTACG,0,1288626
furpa,0.2,4,4,GGCTCCGAGACACTTCGGCG,0,1315644
furpa,0.2,4,4,GGCTAGAGATTGTAGGCCTT,0,1347062
furpa,0.2,4,4,GGCGTTAATCAGCTTTGACG,0,1289839
furpa,0.2,4,4,GGCGTGGCCGGTGCATAGGG,0,1289973
furpa,0.2,4,4,GGCGTGGAGATGTCTGGTTT,0,1274507
furpa,0.2,4,4,GGCGTCTTTCCCAGATTTCG,0,1327365
furpa,0.2,4,4,GGCGTAACACATATTCGTTC,0,1323976
furpa,0.2,4,4,GGCGGTCGGATGACGAGACG,0,1314942
furpa,0.2,4,4,GGCGGTACCTTCGCTCATCA,0,1311469
furpa,0.2,4,4,GGCGGCTTTCTTATTCTTGT,0,1281801
furpa,0.2,4,4,GGCGGCTCGAATGCGAAAGC,0,1324863
furpa,0.2,4,4,GGCGGCGGTTCACTAGTATG,0,1345082
furpa,0.2,4,4,GGCGCAATTACACCTTTTAT,0,1287724
furpa,0.2,4,4,GGCGAGCGGAACCTAACGTT,0,1273192
furpa,0.2,4,4,GGCGACCATCTTGGTGATTA,0,1345079
furpa,0.2,4,4,GGCCTGACAGCAAAATGCTG,0,1319636
furpa,0.2,4,4,GGCCGCTGATTGTGTGTGAA,0,1339996
furpa,0.2,4,4,GGCCAGACAAAAGCATTCCG,0,1318495
furpa,0.2,4,4,GGCCACTACAAGAACGAGAT,0,1343053
furpa,0.2,4,4,GGCATGCCTACTCGACTCTG,0,1357017
furpa,0.2,4,4,GGCATATACTCTCAATTGTG,0,1305463
furpa,0.2,4,4,GGCATACGAAGCGAACGTGC,0,1343951
furpa,0.2,4,4,GGCAGGTGGAAAGGTATGCA,0,1272501
furpa,0.2,4,4,GGCAGCACCAGAAGACCAAC,0,1291201
furpa,0.2,4,4,GGCACTGAGTTGATCCTTTG,0,1280044
furpa,0.2,4,4,GGCACGTATACTGAGAAGGA,0,1354879
furpa,0.2,4,4,GGCACGACTTATGGGCTTTT,0,1320818
furpa,0.2,4,4,GGCACCCTGAGCACATTGTC,0,1318229
furpa,0.2,4,4,GGCACAAATCGAAACGCCAT,0,1307222
furpa,0.2,4,4,GGCAAGCGTTGGAAGGCGGT,0,1343143
furpa,0.2,4,4,GGCAAGACGACGTTGTGTAT,0,1306327
furpa,0.2,4,4,GGATTAGTAACCACCAACTT,0,1275450
furpa,0.2,4,4,GGATAGTTATGAAGTACACT,0,1308228
furpa,0.2,4,4,GGAGTTTGACAATAGAGCGT,0,1279630
furpa,0.2,4,4,GGAGTGGTATTGGAAGGCGA,0,1320386
furpa,0.2,4,4,GGAGTCTGCCGACAACCCGA,0,1356766
furpa,0.2,4,4,GGAGTCTAACAACGCCTCTT,0,1328985
furpa,0.2,4,4,GGAGGGTTGGGCTTGGTTAT,0,1287404
furpa,0.2,4,4,GGAGCTGGAGAGGGCATCTG,0,1322566
furpa,0.2,4,4,GGAGCTCGATAGAGAATGTT,0,1280140
furpa,0.2,4,4,GGAGCCTCGGCCGAGGGTGA,0,1341260
furpa,0.2,4,4,GGAGAAACTGGCAATTTGGT,0,1327726
furpa,0.2,4,4,GGACTGCTCCTGGATAGGTA,0,1309158
furpa,0.2,4,4,GGACGTCACAGCTAAACCCC,0,1341344
furpa,0.2,4,4,GGACGGTTACTACAGGGTCG,0,1296972
furpa,0.2,4,4,GGACCTTGCTACAAGAATGG,0,1344983
furpa,0.2,4,4,GGACCACGTAGGACCCGCGG,0,1310545
furpa,0.2,4,4,GGACAGATTGGCAAGGGTCA,0,1301675
furpa,0.2,4,4,GGACACACGTGGCGACAAAT,0,1326821
furpa,0.2,4,4,GGAATTGGTAATCGTAAATC,0,1318593
furpa,0.2,4,4,GGAATTAGCTTTACCGGGCG,0,1342339
furpa,0.2,4,4,GGAATGTGAGCCTTTTAGGT,0,1316639
furpa,0.2,4,4,GGAATGAGCGCCCGCAAAAT,0,1277747
furpa,0.2,4,4,GGAATATCCGGGCCGATGAC,0,1281270
furpa,0.2,4,4,GGAATAATTAGGGGGCCTCA,0,1312820
furpa,0.2,4,4,GGAACGAGCCTGCCAGAGCG,0,1350385
furpa,0.2,4,4,GGAAATACGTAGACCCGGAC,0,1313881
furpa,0.2,4,4,GGAAAGAGACTCGATTATCA,0,1297370
furpa,0.2,4,4,GGAAACTCGCCAAGGACGGA,0,1357023
furpa,0.2,4,4,GGAAAATGTAAGGGGTGCGA,0,1305402
furpa,0.2,4,4,GGAAAAGGCGGAAGGATTTA,0,1303181
furpa,0.2,4,4,GGAAAAGCGAACATAAGCTA,0,1302059
furpa,0.2,4,4,GCTTTTGGTTCTCCGCAACA,0,1283598
furpa,0.2,4,4,GCTTTCAAGCGAAAGCCCCA,0,1276644
furpa,0.2,4,4,GCTTGTGGGGGTTGTATCAT,0,1316789
furpa,0.2,4,4,GCTTGTGCTTATAACGGCGT,0,1300335
furpa,0.2,4,4,GCTTGTATTGGTACGCATCG,0,1274800
furpa,0.2,4,4,GCTTATTCTTCGTCAACCAT,0,1348392
furpa,0.2,4,4,GCTTAGGCAGCAATCTTTCA,0,1303967
furpa,0.2,4,4,GCTGTGTGTCATCTACTCAG,0,1347578
furpa,0.2,4,4,GCTGGGTGAGTCTTTAGGAG,0,1349246
furpa,0.2,4,4,GCTGGGCTTCGTAAATTTCA,0,1350149
furpa,0.2,4,4,GCTGGGCCGCTGTAGGACGT,0,1300968
furpa,0.2,4,4,GCTGCCCTCGAACGAATCCA,0,1295816
furpa,0.2,4,4,GCTGACTGTATGACTTTTGA,0,1295042
furpa,0.2,4,4,GCTCTGGACTTGTCATGCTG,0,1342389
furpa,0.2,4,4,GCTCTCGCGATAGACGTGCC,0,1283545
furpa,0.2,4,4,GCTCGTAGGTTCGCCGCACG,0,1298281
furpa,0.2,4,4,GCTCGGCGCACCGATGCCGC,0,1291199
furpa,0.2,4,4,GCTCGGAAATCAAGGTCATA,0,1273850
furpa,0.2,4,4,GCTCGAGAGAGCTACAATTT,0,1344330
furpa,0.2,4,4,GCTCAGATTGGGATCGGGAA,0,1343217
furpa,0.2,4,4,GCTATGCTGCCACTTACACT,0,1318476
furpa,0.2,4,4,GCTAGTCTACGGCACCTTTG,0,1292672
furpa,0.2,4,4,GCTAGGAAGGACAGATCGGA,0,1334016
furpa,0.2,4,4,GCTAGCACGTTCAACGTCTC,0,1299793
furpa,0.2,4,4,GCTACTGACGTCGTATGTGA,0,1323636
furpa,0.2,4,4,GCTACTCCTTTACCTACCTT,0,1330870
furpa,0.2,4,4,GCTACGTCCCCTGTTGTACA,0,1297924
furpa,0.2,4,4,GCTACCGAGCACCCCGTACG,0,1347964
furpa,0.2,4,4,GCTAATTTGCCGGATTCCGT,0,1287464
furpa,0.2,4,4,GCTAATAGCCGATAGGTTTC,0,1337380
furpa,0.2,4,4,GCTAACGTGGTGTTTAACGT,0,1335403
furpa,0.2,4,4,GCGTGCGTTGGATGTGGTGG,0,1276538
furpa,0.2,4,4,GCGTCTCTAGCACAAAGCTG,0,1344152
furpa,0.2,4,4,GCGTCGGTTCTACGCCTGCC,0,1339847
furpa,0.2,4,4,GCGTCACTGTCTGCACGCAG,0,1338892
furpa,0.2,4,4,GCGTAGCCGCAACCCCTTCA,0,1285819
furpa,0.2,4,4,GCGGTTATATTCATTTTGAG,0,1328828
furpa,0.2,4,4,GCGGGCACGAGACAGGGAAG,0,1353619
furpa,0.2,4,4,GCGGCCAGGCCCTGATGATG,0,1332700
furpa,0.2,4,4,GCGGCAAAAAGGTCGCTCCA,0,1299783
furpa,0.2,4,4,GCGGATCAGCCATTGAGCCA,0,1279669
furpa,0.2,4,4,GCGGATATCGGAGTTTGAAG,0,1283175
furpa,0.2,4,4,GCGGAATCTCTCGGGTAGAA,0,1348339
furpa,0.2,4,4,GCGGAACACGTTCTGATGTA,0,1303395
furpa,0.2,4,4,GCGGAAATGATCCCCGTCAT,0,1316331
furpa,0.2,4,4,GCGCTGCAAGGAACATAATA,0,1311079
furpa,0.2,4,4,GCGCTACAGCTCGATGTTAA,0,1293495
furpa,0.2,4,4,GCGCGCCTACCGGATACATA,0,1345137
furpa,0.2,4,4,GCGCGACTCCCGTAATCTCA,0,1352100
furpa,0.2,4,4,GCGCCCTCACATTTGAACCC,0,1344444
furpa,0.2,4,4,GCGCCCTCAAATGCAGCACC,0,1294341
furpa,0.2,4,4,GCGCAAGGACAATTGCATAT,0,1344328
furpa,0.2,4,4,GCGATTCTCGGGATGTCATT,0,1347627
furpa,0.2,4,4,GCGAGTCTAGAGGACACGGC,0,1316896
furpa,0.2,4,4,GCGAGTCAGGTTCAGCCACG,0,1321737
furpa,0.2,4,4,GCGACGGCGGGAAAAGACTT,0,1273382
furpa,0.2,4,4,GCGACGATATGACATAGATG,0,1331097
furpa,0.2,4,4,GCGAATAAGGATGATTCCAG,0,1349658
furpa,0.2,4,4,GCGAAAGCCAAACCATACGC,0,1329785
furpa,0.2,4,4,GCGAAACTCGGAGCGCAATA,0,1284138
furpa,0.2,4,4,GCCTGCCGTAACAGTGTGAT,0,1325740
furpa,0.2,4,4,GCCTCGGAGTCCACGAGCAT,0,1325765
furpa,0.2,4,4,GCCTACGCAGGCGGATGCTT,0,1342699
furpa,0.2,4,4,GCCGGCCGCTGTGTATAGAG,0,1319695
furpa,0.2,4,4,GCCGCTTCTTATGGAGTTGA,0,1273520
furpa,0.2,4,4,GCCGCGCCCGGCTTCGGCTA,0,1303908
furpa,0.2,4,4,GCCGAGCGTGACTAAGATAT,0,1304850
furpa,0.2,4,4,GCCCTGATCGGAAGTAGCCC,0,1334047
furpa,0.2,4,4,GCCCGATTGTCTTGTGACAT,0,1277265
furpa,0.2,4,4,GCCCCTCTAATCAGTGTTCC,0,1288829
furpa,0.2,4,4,GCCCCTAGCGACGGCTGACT,0,1306133
furpa,0.2,4,4,GCCCAATGGGGGTCCTCCTT,0,1327326
furpa,0.2,4,4,GCCCAAATCGCTGCGTTCTT,0,1355012
furpa,0.2,4,4,GCCATTCCTGGCGCGGCCAC,0,1315708
furpa,0.2,4,4,GCCATGTGCACCACACGGAG,0,1332611
furpa,0.2,4,4,GCCATGGGTAAGGTACCCGC,0,1323882
furpa,0.2,4,4,GCCATATGTTCATGGCAGAG,0,1330592
furpa,0.2,4,4,GCCAGGCGTAGTCACAGTAG,0,1298823
furpa,0.2,4,4,GCCAGCGAGTAACTAAAAAT,0,1285558
furpa,0.2,4,4,GCCAGCACTAGGAGCCACAA,0,1292420
furpa,0.2,4,4,GCATGCATCGTCTCCTTTTT,0,1292285
furpa,0.2,4,4,GCATCTGGATTGTCCATCTC,0,1298835
furpa,0.2,4,4,GCATCCGATCTTCCCATCCG,0,1277405
furpa,0.2,4,4,GCATCCCCTGCATCCGAAGA,0,1355116
furpa,0.2,4,4,GCATCCATATACAGCTTTTT,0,1334195
furpa,0.2,4,4,GCATCCATAATTAGAGTAAA,0,1308370
furpa,0.2,4,4,GCATAGTTTAAGTAATAGGA,0,1289172
furpa,0.2,4,4,GCATAGACATCAACGGTCCT,0,1276206
furpa,0.2,4,4,GCAGTGCGCCCAAAGCTGAA,0,1324566
furpa,0.2,4,4,GCAGGGTGAGCGAGTTAGAA,0,1341189
furpa,0.2,4,4,GCAGCGTACTCCCATGCTGG,0,1353432
furpa,0.2,4,4,GCAGCCATATTGTACCTACC,0,1289600
furpa,0.2,4,4,GCAGAAAGCCGACCGGGTCG,0,1343154
furpa,0.2,4,4,GCACTGTTAGTCGCGGGGCT,0,1292385
furpa,0.2,4,4,GCACTCCCTGCAGTTCGCTG,0,1278869
furpa,0.2,4,4,GCACGTTCCATTTGGGGGTC,0,1324362
furpa,0.2,4,4,GCACGGCGAGTACATTATTA,0,1277415
furpa,0.2,4,4,GCACGCCGACCTAAGTGTGC,0,1345722
furpa,0.2,4,4,GCACGACTATCGGGATCCAC,0,1308977
furpa,0.2,4,4,GCACCCCGTCTGTCAAGTAA,0,1352855
furpa,0.2,4,4,GCACCCCAGTGGCTTCGTGT,0,1290618
furpa,0.2,4,4,GCACACTATACTGAGCATTG,0,1345024
furpa,0.2,4,4,GCACAACAGTCATTTGGGCA,0,1333150
furpa,0.2,4,4,GCAATGATGAGGCCCCGTGT,0,1323004
furpa,0.2,4,4,GCAACTTATTGGCTTGCCCT,0,1351883
furpa,0.2,4,4,GCAACCGGACATCGGAAATG,0,1302731
furpa,0.2,4,4,GCAACCCAGTATTAGCCTTG,0,1314921
furpa,0.2,4,4,GCAACCACCCCAATCCACCT,0,1342376
furpa,0.2,4,4,GCAACAACCGCCACTCGCAA,0,1324372
furpa,0.2,4,4,GCAAATTTGGCGGGCTTACG,0,1344726
furpa,0.2,4,4,GATTTGTTCCCGTAATGGCT,0,1307672
furpa,0.2,4,4,GATTTGACGTTTTCAGATGG,0,1320272
furpa,0.2,4,4,GATTGTTCACCCACCCGGGA,0,1313805
furpa,0.2,4,4,GATTGTATGCGCTTTCATTG,0,1276972
furpa,0.2,4,4,GATTGGGGAAAGTCACAGCC,0,1310230
furpa,0.2,4,4,GATTGGATTTTCAGTGACTT,0,1281502
furpa,0.2,4,4,GATTACGATAGCCAAAAGTC,0,1343747
furpa,0.2,4,4,GATGTGGTGATCATTCGACG,0,1327860
furpa,0.2,4,4,GATGGGCAATCGCATGAAAT,0,1341682
furpa,0.2,4,4,GATGCAGGCCAAGGAGGGAC,0,1278217
furpa,0.2,4,4,GATGCACGCGGAGAAGACAC,0,1273636
furpa,0.2,4,4,GATGATTAGAACTGTCAAAT,0,1276013
furpa,0.2,4,4,GATGAATTCCACACCTGGTC,0,1337591
furpa,0.2,4,4,GATGAACTCTAAATGCTTCT,0,1353578
furpa,0.2,4,4,GATGAACGCTCTATTCAATG,0,1344093
furpa,0.2,4,4,GATGAAAGGGAAGGTGCTTT,0,1335114
furpa,0.2,4,4,GATCTCTGCCTTTCACCATG,0,1312971
furpa,0.2,4,4,GATCTACCGCAAGGGATTAC,0,1326221
furpa,0.2,4,4,GATCGGTGCTTCAGACCGTG,0,1302725
furpa,0.2,4,4,GATCGGTAGTTTCTGTCTAG,0,1327399
furpa,0.2,4,4,GATCCTCGTTCTTCACTCAA,0,1340328
furpa,0.2,4,4,GATCCGCGCGCGGCCGGTTC,0,1343358
furpa,0.2,4,4,GATCAACGGTAGGCCACATT,0,1275501
furpa,0.2,4,4,GATATTTGATGACCGTATCT,0,1342884
furpa,0.2,4,4,GATATGGGGTACGCTCTAAC,0,1309440
furpa,0.2,4,4,GATATCGTTCAAGAATGGAC,0,1299711
furpa,0.2,4,4,GATATATGGGACCGAAGAAG,0,1284292
furpa,0.2,4,4,GATACGCCGCAGCTTCAACA,0,1304499
furpa,0.2,4,4,GATAAGTCTAAATCATCCGT,0,1317879
furpa,0.2,4,4,GATAAGAACAGCTTCTGGGG,0,1330947
furpa,0.2,4,4,GATAACGACATCAGTTGTCA,0,1288736
furpa,0.2,4,4,GAGTTAAGACCGGACTCACG,0,1307480
furpa,0.2,4,4,GAGTGGGTATCTGATTTCAG,0,1319113
furpa,0.2,4,4,GAGTATAGTCTTCTATAAAG,0,1277428
furpa,0.2,4,4,GAGTAGCACCGCCTGGGCCT,0,1285493
furpa,0.2,4,4,GAGTAGACCGTACCAGGCTT,0,1350411
furpa,0.2,4,4,GAGTAACGTCCTCATGGCGA,0,1345737
furpa,0.2,4,4,GAGGTTCCTAAATTCGCTGG,0,1329021
furpa,0.2,4,4,GAGGTGCATTCGAAGCTAGT,0,1294827
furpa,0.2,4,4,GAGGTGAATCCCAGTTCGGC,0,1304509
furpa,0.2,4,4,GAGGGAGAATCGCGAGGATC,0,1348514
furpa,0.2,4,4,GAGGCTCCACGTAAATGGTA,0,1280838
furpa,0.2,4,4,GAGGCGGGACAAATATTGTG,0,1299849
furpa,0.2,4,4,GAGGCCTATATAAATCCAAC,0,1354563
furpa,0.2,4,4,GAGGAGGCTTAGGTCGCGCT,0,1333858
furpa,0.2,4,4,GAGCTCTAAGGACTTCCGCT,0,1288280
furpa,0.2,4,4,GAGCGTCTCGACCCGCGGGG,0,1325668
furpa,0.2,4,4,GAGCGGGACTCAGGTAGCGC,0,1321781
furpa,0.2,4,4,GAGCGAGCAAAGTGGCTCCC,0,1341061
furpa,0.2,4,4,GAGCATGGTCTCTCAGTACT,0,1332707
furpa,0.2,4,4,GAGATGCCTCTAGGTCGTCA,0,1335606
furpa,0.2,4,4,GAGATACGTATCGTCTAGTC,0,1276622
furpa,0.2,4,4,GAGAGTATGTGGTAGGTTGA,0,1332255
furpa,0.2,4,4,GAGAAGGGAATTCTGTTCGG,0,1355430
furpa,0.2,4,4,GAGAACGGTCTCCAGGTGGT,0,1308644
furpa,0.2,4,4,GAGAACGATCTATCATGATA,0,1289431
furpa,0.2,4,4,GACTTCGTGTCGACATGTGA,0,1327898
furpa,0.2,4,4,GACTTCACTGATTTACCAAT,0,1352538
furpa,0.2,4,4,GACTGGTAGCGCGCTCCGAT,0,1299523
furpa,0.2,4,4,GACTGGAATCCCTCGAGTCA,0,1315959
furpa,0.2,4,4,GACTGCTTATGCTGCGGAAG,0,1334939
furpa,0.2,4,4,GACTGCCCACGGGTGTACTG,0,1273401
furpa,0.2,4,4,GACTGCAGTACGACTGGATT,0,1335957
furpa,0.2,4,4,GACTCGATTGACCCAGCTTA,0,1274632
furpa,0.2,4,4,GACTCCATTCTCCCGCGCTC,0,1317809
furpa,0.2,4,4,GACTATCCAGGGTTCAGGAT,0,1322730
furpa,0.2,4,4,GACTAGACTACTAGGTGGGA,0,1317137
furpa,0.2,4,4,GACTAATAACAGATCGAGAC,0,1310412
furpa,0.2,4,4,GACGTTTAAAGTCCTGGAGC,0,1346794
furpa,0.2,4,4,GACGTGTACCCGATCGCCAA,0,1324740
furpa,0.2,4,4,GACGGTCTCTCATATTTGTC,0,1317642
furpa,0.2,4,4,GACGGCGAGCCATGGTTATC,0,1313387
furpa,0.2,4,4,GACGCTAGGGATGACTGCCA,0,1321684
furpa,0.2,4,4,GACGCGGCACTCCACTATGC,0,1339434
furpa,0.2,4,4,GACGCGACGGACAGCAACTA,0,1293445
furpa,0.2,4,4,GACGCATATTGGGAATTATT,0,1312084
furpa,0.2,4,4,GACGCACGTCAAACTTCATC,0,1312624
furpa,0.2,4,4,GACGAGTAAGTGTTATTGCA,0,1324536
furpa,0.2,4,4,GACCTGTCACGGACTAGGGC,0,1287938
furpa,0.2,4,4,GACCTGGCTTCTGTGTCTGT,0,1278328
furpa,0.2,4,4,GACCTCTTATCATAGCGAGG,0,1289016
furpa,0.2,4,4,GACCTAGTCTACCTATAGGG,0,1356009
furpa,0.2,4,4,GACCTACTGAGGTGGATTGA,0,1293533
furpa,0.2,4,4,GACCCTGGGGGTCACGCTCT,0,1281269
furpa,0.2,4,4,GACCCTCTGAATTGGCTAAC,0,1300730
furpa,0.2,4,4,GACCCTCTGAACTTCTCCGT,0,1289102
furpa,0.2,4,4,GACCCGATGAGATTCCACTG,0,1302662
furpa,0.2,4,4,GACCCAGTCAGCAGCTTGAA,0,1303614
furpa,0.2,4,4,GACCAAGGGCGAACATTCAG,0,1357605
furpa,0.2,4,4,GACATATGTTTGTCTTATGC,0,1326245
furpa,0.2,4,4,GACAGGGCAAAGCGGGATGT,0,1295137
furpa,0.2,4,4,GACACTGGTTCAGTACGGTT,0,1340272
furpa,0.2,4,4,GACACCTAGTTGCATCGGAG,0,1297266
furpa,0.2,4,4,GACACCAGAGTATAATAGCT,0,1341015
furpa,0.2,4,4,GACAATCCATGTTTGCACAC,0,1301294
furpa,0.2,4,4,GACAATCATTAAGTGGAGGT,0,1324753
furpa,0.2,4,4,GAATTTGGGCGCACAGGTGA,0,1274544
furpa,0.2,4,4,GAATTGTTGACTGGGCCCTG,0,1279786
furpa,0.2,4,4,GAATTGTGAGTAGACACGGG,0,1311001
furpa,0.2,4,4,GAATTGGCGTGGACATCACC,0,1282538
furpa,0.2,4,4,GAATTGGACTGGACTCCTAT,0,1355811
furpa,0.2,4,4,GAATTATCGCTAGATGAACG,0,1300359
furpa,0.2,4,4,GAATGTTTGAAGGTTTCGAC,0,1308371
furpa,0.2,4,4,GAATGAGCCCCGCCGTACAC,0,1303263
furpa,0.2,4,4,GAATGAAGGGTACTGCGCAA,0,1310451
furpa,0.2,4,4,GAATCTTCCAGAGATTATGA,0,1298285
furpa,0.2,4,4,GAATCCATTACTGACGAGGA,0,1336357
furpa,0.2,4,4,GAATAAAGCGCCGGAAAAGG,0,1296861
furpa,0.2,4,4,GAAGTTCGAGTGCACTCCGT,0,1314755
furpa,0.2,4,4,GAAGGTTACCGGTATTAGGA,0,1322481
furpa,0.2,4,4,GAAGGGTTCGTAGGCTATAG,0,1336605
furpa,0.2,4,4,GAAGGGTATGCGTTGGAGGG,0,1351201
furpa,0.2,4,4,GAAGGATGCGATCAACAGAC,0,1280784
furpa,0.2,4,4,GAAGATCAGCGGTATTGCGA,0,1275105
furpa,0.2,4,4,GAAGAGACATTGGGATTTTC,0,1271776
furpa,0.2,4,4,GAAGAGAAGCAGCGGGCGTA,0,1299810
furpa,0.2,4,4,GAAGAAGGCTTGGTAGCATA,0,1280393
furpa,0.2,4,4,GAAGAAATAGGCAACTGAGA,0,1305356
furpa,0.2,4,4,GAACTGAGGGCAGTGCTCAA,0,1336218
furpa,0.2,4,4,GAACTCGCGGAGATATCGGG,0,1292107
furpa,0.2,4,4,GAACGTACCAATGGTTCAAG,0,1339726
furpa,0.2,4,4,GAACGCTTGAGATAGGCGTA,0,1275304
furpa,0.2,4,4,GAACGCCCATTGTTATGTCA,0,1340712
furpa,0.2,4,4,GAACAGTTACAGTGCCGAAG,0,1307172
furpa,0.2,4,4,GAAAGCTAACCCTCTCCATC,0,1332970
furpa,0.2,4,4,GAAACTTCGAATTGCCGGTT,0,1315027
furpa,0.2,4,4,GAAACCTATGTGAAATGGTC,0,1273287
furpa,0.2,4,4,GAAACCGTTCGCTTGCTCTT,0,1328320
furpa,0.2,4,4,GAAACAACTGGGCAGGGGGA,0,1342706
furpa,0.2,4,4,GAAAACTCTGTTTATTGTTG,0,1342701
furpa,0.2,4,4,GAAAAATACGTGGTAACGAA,0,1331479
furpa,0.2,4,4,CTTTTTCTAATCACGACAGG,0,1352129
furpa,0.2,4,4,CTTTTCATACGAGCTACATC,0,1334125
furpa,0.2,4,4,CTTTGTCTTTCGACGTCTAT,0,1272212
furpa,0.2,4,4,CTTTGGGAACGCATAACTTC,0,1287343
furpa,0.2,4,4,CTTTGAGCCATAAAATCTGT,0,1303929
furpa,0.2,4,4,CTTTCTAAGATAAGGCGCAA,0,1318643
furpa,0.2,4,4,CTTTCGGTAATGTGGCTAGG,0,1303708
furpa,0.2,4,4,CTTTCCTACCTCGTGTGGAG,0,1288980
furpa,0.2,4,4,CTTTATCAATACCTGACTCT,0,1287582
furpa,0.2,4,4,CTTTAGGCCGTGACATTTAT,0,1338310
furpa,0.2,4,4,CTTTACTCAGCGTGTTGACA,0,1329254
furpa,0.2,4,4,CTTTAATGGGGTCCATAGAG,0,1336065
furpa,0.2,4,4,CTTGTTTCGTACCGAGCGCG,0,1348536
furpa,0.2,4,4,CTTGTACTACTCAATGGAAT,0,1296737
furpa,0.2,4,4,CTTGTAATTGCCAAGAACAT,0,1347355
furpa,0.2,4,4,CTTGGTTCAATCAGCCGCTC,0,1275088
furpa,0.2,4,4,CTTGGTACAAGTCGCAGTCA,0,1302800
furpa,0.2,4,4,CTTGGCCGATCCCGGAATAA,0,1291015
furpa,0.2,4,4,CTTGGATTAGGTGTGAACTA,0,1303703
furpa,0.2,4,4,CTTGATAGGTAGTTGGCTCA,0,1282877
furpa,0.2,4,4,CTTGAGAAGGTTAATACGAT,0,1322647
furpa,0.2,4,4,CTTGACCGAGGGTGGGTCAC,0,1275523
furpa,0.2,4,4,CTTCGTTTTAGAGCTGCTGG,0,1298159
furpa,0.2,4,4,CTTCGTCATCCGTTCACCGA,0,1298468
furpa,0.2,4,4,CTTCGAACAGACTGTATAAG,0,1322806
furpa,0.2,4,4,CTTCCTAGCTGATGCCCCAT,0,1329419
furpa,0.2,4,4,CTTCCCGGAAGAGTGATTGA,0,1315341
furpa,0.2,4,4,CTTCCAGACGAGGTTTTCGC,0,1297050
furpa,0.2,4,4,CTTCCACAAGGCACTTTGCG,0,1291226
furpa,0.2,4,4,CTTCATCACGGATGGAGACG,0,1293321
furpa,0.2,4,4,CTTCACGACATGGGAACGTT,0,1356269
furpa,0.2,4,4,CTTATGTTTGCGCTAGCGCC,0,1334771
furpa,0.2,4,4,CTTATGGCCCCTTGCTGTGA,0,1340302
furpa,0.2,4,4,CTTATGGAAGTCCCATAAAA,0,1286781
furpa,0.2,4,4,CTTATCTGAAGAAGGGCAGG,0,1350342
furpa,0.2,4,4,CTTACGCACACCAATGATAC,0,1347982
furpa,0.2,4,4,CTTACACCGTTTCCGAGTAC,0,1278777
furpa,0.2,4,4,CTTAACACCAAAAGGATACC,0,1334797
furpa,0.2,4,4,CTGTTTTTTATGGGGAGCCC,0,1310709
furpa,0.2,4,4,CTGTTTGTAGGTCCAGGTAA,0,1302072
furpa,0.2,4,4,CTGTTTATAAGGCGCGCTCA,0,1344341
furpa,0.2,4,4,CTGTTGGTACGGTGTTGATT,0,1340487
furpa,0.2,4,4,CTGTTCAAAACAGCATCATT,0,1281036
furpa,0.2,4,4,CTGTGATAGGGACGCCGCGT,0,1318850
furpa,0.2,4,4,CTGTGAGGGGAAGGTCAGAG,0,1355234
furpa,0.2,4,4,CTGTCCCCGTAGCTCCCGCA,0,1309284
furpa,0.2,4,4,CTGTAAGCCTACGTTTATAA,0,1278772
furpa,0.2,4,4,CTGGGTGAACCTCATTTGTC,0,1327148
furpa,0.2,4,4,CTGGGTACTAGGTAAGCCAT,0,1288457
furpa,0.2,4,4,CTGGCGTGAGTCCCTTATCA,0,1286033
furpa,0.2,4,4,CTGGCAATTGACATAAGTTT,0,1297046
furpa,0.2,4,4,CTGGAACTTTCGGCTCTACA,0,1356271
furpa,0.2,4,4,CTGGAACCTTACCGAGATAT,0,1332420
furpa,0.2,4,4,CTGCTTGTGCAGTGATAGTC,0,1287870
furpa,0.2,4,4,CTGCGTCGAACTGTGCCCAG,0,1278560
furpa,0.2,4,4,CTGCGAATGGACGTAGATAG,0,1336624
furpa,0.2,4,4,CTGCGAAATGGGTCAAGTAA,0,1323657
furpa,0.2,4,4,CTGCCCCGGCGATCGGAGTA,0,1294655
furpa,0.2,4,4,CTGCCCAGTTGCCCTCCGTC,0,1293303
furpa,0.2,4,4,CTGCCATTGCTCTCAGAAAT,0,1331604
furpa,0.2,4,4,CTGCCAATTAAATGGATGAC,0,1288593
furpa,0.2,4,4,CTGCATGCTTCCGGCCCGGT,0,1338531
furpa,0.2,4,4,CTGCATCTAGCATGTACCTC,0,1348636
furpa,0.2,4,4,CTGCATATAAGCACTACCTA,0,1286767
furpa,0.2,4,4,CTGCAGTCTACAGTCCGGTA,0,1316088
furpa,0.2,4,4,CTGCACGTCGCAGGGGGTTT,0,1338081
furpa,0.2,4,4,CTGCAATATGCACAGGCTAA,0,1338125
furpa,0.2,4,4,CTGATGGCTTCGGTTGGACT,0,1348811
furpa,0.2,4,4,CTGATGGCTGGCACTCGACA,0,1300727
furpa,0.2,4,4,CTGATGAGACCGGTTGGCGC,0,1280752
furpa,0.2,4,4,CTGATCGGATGTGGGCGATT,0,1354975
furpa,0.2,4,4,CTGATAGAGTCGAGAGTGCT,0,1303053
furpa,0.2,4,4,CTGAGTCTTCTGAATCGGTC,0,1289494
furpa,0.2,4,4,CTGAGTCATGTAATAGCTCT,0,1272688
furpa,0.2,4,4,CTGAGCTCTGGTTGCATTCA,0,1314442
furpa,0.2,4,4,CTGACTTTCATGGTACGGCA,0,1324631
furpa,0.2,4,4,CTGAAGCCCACGTACGATTT,0,1320381
furpa,0.2,4,4,CTGAAGAGCGCCTCCAGCTT,0,1329881
furpa,0.2,4,4,CTGAACCCTGGGAAGACTCC,0,1342393
furpa,0.2,4,4,CTGAAAGGTATCTAATCCAT,0,1285689
furpa,0.2,4,4,CTCTTGGTGGCTTGGATTTA,0,1350482
furpa,0.2,4,4,CTCTTGGGAATATCGGTCGC,0,1335014
furpa,0.2,4,4,CTCTTCATCCGCGCTCCAGC,0,1310589
furpa,0.2,4,4,CTCTTATGTTGACCTTATCA,0,1281018
furpa,0.2,4,4,CTCTGAATAAATTCGTATTA,0,1276182
furpa,0.2,4,4,CTCTCTAGGAGGATGGATGT,0,1334467
furpa,0.2,4,4,CTCTCGACAGAAGCCCGCGG,0,1352996
furpa,0.2,4,4,CTCTCGAAATTAAGATGAGT,0,1305866
furpa,0.2,4,4,CTCTCCGTTCCAGTTTCTCA,0,1349775
furpa,0.2,4,4,CTCTCCAAGTTCGCGAGCTT,0,1343115
furpa,0.2,4,4,CTCTCATCCCAGCGGTTAGT,0,1321007
furpa,0.2,4,4,CTCTCAGTCACAGGAAAACA,0,1341249
furpa,0.2,4,4,CTCTATTATAGATCACATGC,0,1289820
furpa,0.2,4,4,CTCTATGTCAAGTGGCGTGA,0,1311100
furpa,0.2,4,4,CTCTAGTCGGGGTACTCTCA,0,1294971
furpa,0.2,4,4,CTCTACTCTAGGTTAATCGA,0,1351347
furpa,0.2,4,4,CTCGTTGTCGGGGTGTGAGC,0,1283620
furpa,0.2,4,4,CTCGTTGGATTAACGCAGGG,0,1273146
furpa,0.2,4,4,CTCGTGTTGCGGTTGTTTCT,0,1271317
furpa,0.2,4,4,CTCGTGTGTGATACTCGGGG,0,1279663
furpa,0.2,4,4,CTCGTCAGTAACCACTGGTA,0,1322012
furpa,0.2,4,4,CTCGTCACTTAAAACGGGCC,0,1276646
furpa,0.2,4,4,CTCGGTAGAGAACCGAGTAA,0,1329284
furpa,0.2,4,4,CTCGGTACATTGCCAGAGAG,0,1319836
furpa,0.2,4,4,CTCGGACTCGTGGTGATACG,0,1354066
furpa,0.2,4,4,CTCGCTTGGAGAGTTGCTCG,0,1298145
furpa,0.2,4,4,CTCGCGTAGTATTAGAAAAC,0,1297973
furpa,0.2,4,4,CTCGACAGGATACGTCAAGC,0,1353751
furpa,0.2,4,4,CTCGAATTTGTTGTCGATTA,0,1326202
furpa,0.2,4,4,CTCCTCACCATGGGGCGTGA,0,1295699
furpa,0.2,4,4,CTCCTAGGATCTCAGAAGGT,0,1335205
furpa,0.2,4,4,CTCCGGTGGGCATGAATATA,0,1331540
furpa,0.2,4,4,CTCCGCAGCCGCGTTGGCTA,0,1282306
furpa,0.2,4,4,CTCCACTCCATTAACAGGTC,0,1273609
furpa,0.2,4,4,CTCCACACTGACGCGCCGGT,0,1310410
furpa,0.2,4,4,CTCCAAGGCGACACCGTGCG,0,1280156
furpa,0.2,4,4,CTCCAAGCCGGAGTTAGGGA,0,1312713
furpa,0.2,4,4,CTCAGATGACAGCAGAACTG,0,1347344
furpa,0.2,4,4,CTCACCTCATAGTTAGGGCG,0,1310949
furpa,0.2,4,4,CTCAACGAGTCACTCGTTCA,0,1309482
furpa,0.2,4,4,CTATTCCGCTGAGAATCATG,0,1306764
furpa,0.2,4,4,CTATTCAAGCCCAAAATAAG,0,1286586
furpa,0.2,4,4,CTATTACGTTTGCTTATCTG,0,1341680
furpa,0.2,4,4,CTATGTCGCTGGTTGTCCCT,0,1348699
furpa,0.2,4,4,CTATCGATATTCACGTAGTA,0,1325079
furpa,0.2,4,4,CTATAATTAAATTGTGGGTT,0,1349883
furpa,0.2,4,4,CTAGTGCTGATATCCCCAGT,0,1296156
furpa,0.2,4,4,CTAGTAAAGGCATTGTTTTC,0,1327908
furpa,0.2,4,4,CTAGGCGCGTTTCAGGATCT,0,1352744
furpa,0.2,4,4,CTAGCAGATGGCCTTTTCTT,0,1284647
furpa,0.2,4,4,CTAGATGTTGGGATAACTGT,0,1334842
furpa,0.2,4,4,CTAGAGGGCTGTAGAACTCG,0,1336261
furpa,0.2,4,4,CTACTCCTGCAATGGTATGG,0,1310345
furpa,0.2,4,4,CTACGGGGTCACTCCCAAAG,0,1277563
furpa,0.2,4,4,CTACGGGAAAGAGGCGAGGA,0,1294124
furpa,0.2,4,4,CTACGCGCACTCGATCATGG,0,1320684
furpa,0.2,4,4,CTACCAGTGGGGACCTCCAC,0,1297575
furpa,0.2,4,4,CTACCAATGGAACCCCGTAA,0,1297369
furpa,0.2,4,4,CTACAGGTCTCCGAAGCGCC,0,1276988
furpa,0.2,4,4,CTAATTAGCTGGTAATACTC,0,1326631
furpa,0.2,4,4,CTAATCTTAGCAGTTCATTA,0,1285751
furpa,0.2,4,4,CTAATCACTCAGAATACTAA,0,1275783
furpa,0.2,4,4,CTAATCACCGTAGAGACTTC,0,1343517
furpa,0.2,4,4,CTAAGTTTCCACGCTAGGGA,0,1309963
furpa,0.2,4,4,CTAAGATACCATGGCTCGCT,0,1325227
furpa,0.2,4,4,CTAACCCGTTTAGAGGGCAT,0,1277729
furpa,0.2,4,4,CTAAAATATCGCGCGGAAGA,0,1356072
furpa,0.2,4,4,CTAAAACACAGGTATAAGTC,0,1303124
furpa,0.2,4,4,CTAAAAATGCCGTCCCTTTT,0,1288265
furpa,0.2,4,4,CGTTTTTTTGGAAGGTTACG,0,1346589
furpa,0.2,4,4,CGTTTCGGAGACTCCATGCG,0,1311431
furpa,0.2,4,4,CGTTGGCCTTGTTTACAGTG,0,1331111
furpa,0.2,4,4,CGTTCCTGTACGCCATTGAA,0,1320635
furpa,0.2,4,4,CGTTCCTGCGGAAAGTAGTT,0,1294196
furpa,0.2,4,4,CGTTCCTAGGCGATCAGGCG,0,1315148
furpa,0.2,4,4,CGTTCACGGTAAGGATTCGA,0,1333284
furpa,0.2,4,4,CGTTAGTTGGCTACTCATAT,0,1278852
furpa,0.2,4,4,CGTTACCTTTACTGATTGCC,0,1272970
furpa,0.2,4,4,CGTGTGAAAAGGAACCACAA,0,1290029
furpa,0.2,4,4,CGTGGGCATGCACAAGGGTT,0,1321059
furpa,0.2,4,4,CGTGGGATCTATCGAGCAGG,0,1340924
furpa,0.2,4,4,CGTGGCGCCCATTGACCAGT,0,1301842
furpa,0.2,4,4,CGTGGAGGACTCAACACTAT,0,1299817
furpa,0.2,4,4,CGTGCCCTAAGATCGGAGTA,0,1314588
furpa,0.2,4,4,CGTCTACTTACCGGAAGAGA,0,1342178
furpa,0.2,4,4,CGTCGTGTTGTCTGCAAGGA,0,1320506
furpa,0.2,4,4,CGTCGCTCAGGATGTACAGT,0,1351484
furpa,0.2,4,4,CGTCGAGGGGCGCGGGTTGG,0,1312507
furpa,0.2,4,4,CGTCCCATGTATGTAGGAAA,0,1314106
furpa,0.2,4,4,CGTCAGTAGTCTCATGTAAG,0,1285058
furpa,0.2,4,4,CGTCAAGGTAAGTTCACGTC,0,1282599
furpa,0.2,4,4,CGTCAACCCTAAGGTCTAAA,0,1328448
furpa,0.2,4,4,CGTATTCGCACAAACGCATT,0,1334871
furpa,0.2,4,4,CGTATCACCGGCGATTAGAG,0,1300076
furpa,0.2,4,4,CGTATATGGGTGCCGCTGCC,0,1305686
furpa,0.2,4,4,CGTAGCTACAACAAACCTCC,0,1340767
furpa,0.2,4,4,CGTAGCCTGTATGGTCCCAT,0,1334397
furpa,0.2,4,4,CGTACGAAGCTCCTAGGTAG,0,1309746
furpa,0.2,4,4,CGTACACCAAGTTATGTAGC,0,1283962
furpa,0.2,4,4,CGTAACATAGAGTGGGTCCA,0,1357275
furpa,0.2,4,4,CGGTTTTTTACTTCTAGGGT,0,1356022
furpa,0.2,4,4,CGGTTTGACATATTGTTCAT,0,1278495
furpa,0.2,4,4,CGGTTTCTCGTTAACGGGTG,0,1352946
furpa,0.2,4,4,CGGTTGGGTGACTGTATTTG,0,1279320
furpa,0.2,4,4,CGGTTAAAAAGTCTCGGGAA,0,1339306
furpa,0.2,4,4,CGGTCGTGCCAAGGTAGCAG,0,1295053
furpa,0.2,4,4,CGGTCGTCGGCTACCGTTCG,0,1276388
furpa,0.2,4,4,CGGTCCACGAGAGGGTCATT,0,1277677
furpa,0.2,4,4,CGGTAGGATTGATCGAACGG,0,1280744
furpa,0.2,4,4,CGGTACCTCAAGGATAAAAT,0,1290635
furpa,0.2,4,4,CGGTACAGTTGTGCTCCTGA,0,1271861
furpa,0.2,4,4,CGGTAACGCAGGGCAGTCTA,0,1280542
furpa,0.2,4,4,CGGGTTGCTGGTTCGTTTTC,0,1299922
furpa,0.2,4,4,CGGGTGTGCTTGGCGCTACA,0,1335992
furpa,0.2,4,4,CGGGTCGGTATCTGCAGTTA,0,1279283
furpa,0.2,4,4,CGGGTCGGGTGCTTAAGACT,0,1338842
furpa,0.2,4,4,CGGGTATTTACATGGGGGAC,0,1301259
furpa,0.2,4,4,CGGGTATAATGCAGTATTTT,0,1337521
furpa,0.2,4,4,CGGGGCGATTCCCATAGAGA,0,1322990
furpa,0.2,4,4,CGGGGATCAATTGCTGCAAC,0,1324238
furpa,0.2,4,4,CGGGGAGCGCTTGAAGAGAG,0,1317982
furpa,0.2,4,4,CGGGCGATCATCTCTTCGGA,0,1304137
furpa,0.2,4,4,CGGGCACTTGGTAGTGGTTG,0,1344298
furpa,0.2,4,4,CGGGATGATTGGTCGCCCAT,0,1298153
furpa,0.2,4,4,CGGCTATGCCAAGATGACGC,0,1328658
furpa,0.2,4,4,CGGCTAATCATCACGCGGGA,0,1289713
furpa,0.2,4,4,CGGCGGCCTCTATGTTAAAT,0,1301439
furpa,0.2,4,4,CGGCGCATGGGGACCTGGTT,0,1320229
furpa,0.2,4,4,CGGCGCATCTGCACAAGCAA,0,1349991
furpa,0.2,4,4,CGGCCAGATCCTAACACGGC,0,1292558
furpa,0.2,4,4,CGGCCACCAAGGCCTATAAG,0,1295429
furpa,0.2,4,4,CGGCAGGCGTGCCGGGTGCA,0,1281509
furpa,0.2,4,4,CGGCAAGCTTGTCGCTTTGT,0,1288931
furpa,0.2,4,4,CGGATTGGTGTACGAATTGT,0,1308354
furpa,0.2,4,4,CGGATGGTTGGATTTACAAC,0,1306798
furpa,0.2,4,4,CGGAGAGACGGGAAATCTGT,0,1289856
furpa,0.2,4,4,CGGACGTGAAGTGGGATCAG,0,1302726
furpa,0.2,4,4,CGGACGCTGGCAAAATGTTT,0,1275994
furpa,0.2,4,4,CGGACAGGACCCGTGAGACA,0,1333094
furpa,0.2,4,4,CGCTTGGGTATATATGCAAT,0,1345379
furpa,0.2,4,4,CGCTTGAGATATATACACCA,0,1319329
furpa,0.2,4,4,CGCTTATCATTCCGACCGAA,0,1352166
furpa,0.2,4,4,CGCTGTAGAACGCTGAATCG,0,1286818
furpa,0.2,4,4,CGCTCGCATCGTTAGAGAAT,0,1272104
furpa,0.2,4,4,CGCGTCCAAGGGGGGGAAAA,0,1306195
furpa,0.2,4,4,CGCGTCCAACGTGGGTCTTT,0,1276310
furpa,0.2,4,4,CGCGGTATCCGGCGGACGGA,0,1347183
furpa,0.2,4,4,CGCGGATTACTGTCCGGAAG,0,1276060
furpa,0.2,4,4,CGCGCTTGCGAGCAAGGTTG,0,1314753
furpa,0.2,4,4,CGCGCGGTCAACAATTATCA,0,1308798
furpa,0.2,4,4,CGCGCCCGCAAAATAGTGCT,0,1278318
furpa,0.2,4,4,CGCGAGGACTCGACATTACA,0,1305403
furpa,0.2,4,4,CGCGAGCACGTATATTCACA,0,1271292
furpa,0.2,4,4,CGCCTCCACAAGGACCTGCA,0,1337365
furpa,0.2,4,4,CGCCGTGCCTTAGTCAGCCC,0,1347866
furpa,0.2,4,4,CGCCCTCATAGCGGGGACTA,0,1290794
furpa,0.2,4,4,CGCCATAAACGACTGACACC,0,1326701
furpa,0.2,4,4,CGCCAGTTAAGAAGCCAACG,0,1335602
furpa,0.2,4,4,CGCATCCTGAGTACTCATGT,0,1309951
furpa,0.2,4,4,CGCAAGCATTCCGTAGTTGC,0,1274097
furpa,0.2,4,4,CGCAACCAGGGCTTGGGGAC,0,1307317
furpa,0.2,4,4,CGATTTGGTTGACAATTGAT,0,1301775
furpa,0.2,4,4,CGATTGGGGTGTTCTCGAGA,0,1341930
furpa,0.2,4,4,CGATTGGGCGTACGTTACCC,0,1294624
furpa,0.2,4,4,CGATCTGGGCTCAGGCGCCA,0,1348556
furpa,0.2,4,4,CGATCATTCTAGTCGGCTCA,0,1323350
furpa,0.2,4,4,CGATATGCAGCGGTAGGTCC,0,1330219
furpa,0.2,4,4,CGAGTTAGGATCCACATGTA,0,1326240
furpa,0.2,4,4,CGAGTAGGCCCTTCAGATGA,0,1349727
furpa,0.2,4,4,CGAGGTCCGTGACCTTAATG,0,1307999
furpa,0.2,4,4,CGAGGTCACCGTGCGTGTTA,0,1325286
furpa,0.2,4,4,CGAGGTATACGTAGATCTTA,0,1285565
furpa,0.2,4,4,CGAGGCGGGAAGTGTTGAAC,0,1343034
furpa,0.2,4,4,CGAGCCCGTACGTCTAACCG,0,1306093
furpa,0.2,4,4,CGAGATGTGTCGTTCCGGTG,0,1338991
furpa,0.2,4,4,CGAGAGTTCGTTACGATGTA,0,1321052
furpa,0.2,4,4,CGAGACGGAATAATGGCCGG,0,1351843
furpa,0.2,4,4,CGAGAAAGAATCACGCTTTC,0,1278566
furpa,0.2,4,4,CGACTTTACTATTTAGGAGG,0,1329422
furpa,0.2,4,4,CGACTTAGCCACAAAAGCCC,0,1274429
furpa,0.2,4,4,CGACTGCACACTCCCAGTGC,0,1318613
furpa,0.2,4,4,CGACTCGAGGGCTCACATCT,0,1310719
furpa,0.2,4,4,CGACTCGAGCCCAAAGTGGC,0,1298398
furpa,0.2,4,4,CGACGCCCTTCGAGATCTGA,0,1355358
furpa,0.2,4,4,CGACGAGGTCCATGATTCTT,0,1274015
furpa,0.2,4,4,CGACCCGCTAATCGAGGGCG,0,1349292
furpa,0.2,4,4,CGAACGATAAGGCCGACGGC,0,1275784
furpa,0.2,4,4,CGAAAGAGCCTAGAAAGCGT,0,1322855
furpa,0.2,4,4,CGAAACCTATGAGTCCAGGT,0,1321717
furpa,0.2,4,4,CCTTTTAGAATATTGCGCGA,0,1273093
furpa,0.2,4,4,CCTTTCACTCGGGGTTGTAC,0,1292940
furpa,0.2,4,4,CCTTTATAGAGCGTAACGAT,0,1286472
furpa,0.2,4,4,CCTTTAGTTGAGGCAAGTGA,0,1342772
furpa,0.2,4,4,CCTTGGTCTAGTTTTGAATA,0,1272289
furpa,0.2,4,4,CCTTGCGTTCTTTACGACGG,0,1296588
furpa,0.2,4,4,CCTTGATTTCTGCAGCGCAA,0,1273840
furpa,0.2,4,4,CCTTATTGGCCCGCACGCTG,0,1330654
furpa,0.2,4,4,CCTTAGTTGACTATGCTGGT,0,1333033
furpa,0.2,4,4,CCTTAGTGGGACATATGATG,0,1320652
furpa,0.2,4,4,CCTTAGAGCACTTGCGTAGG,0,1343792
furpa,0.2,4,4,CCTGTCTGCTGGGAGTACAA,0,1325055
furpa,0.2,4,4,CCTGGTTAAAGACAGGTTTT,0,1316402
furpa,0.2,4,4,CCTGGGAGACAGGAGAGTTA,0,1326024
furpa,0.2,4,4,CCTGGAGGGTGGTTTCCGCG,0,1339347
furpa,0.2,4,4,CCTGCTTAAGACGGTGAGAA,0,1320389
furpa,0.2,4,4,CCTGAGGGAGGCCACGGTTG,0,1317941
furpa,0.2,4,4,CCTCGCAACAATGAGAGTTA,0,1290976
furpa,0.2,4,4,CCTCCGGACCTTGCGACGTC,0,1337942
furpa,0.2,4,4,CCTCCAACAGAACTCCGGGG,0,1290566
furpa,0.2,4,4,CCTCCAAATCTCGCCAACAA,0,1322355
furpa,0.2,4,4,CCTCAGTTTGCCATATCGCC,0,1319478
furpa,0.2,4,4,CCTATAAATGCGATGAAAAA,0,1293367
furpa,0.2,4,4,CCTAGTTTGTTCATACCAGT,0,1322609
furpa,0.2,4,4,CCTAGCGACATTTATTCACA,0,1299729
furpa,0.2,4,4,CCTAGCACCTTATCTATCGA,0,1326102
furpa,0.2,4,4,CCTACGGGCCACAATATGAA,0,1302263
furpa,0.2,4,4,CCTACCCTTTCCTATGGGCA,0,1283376
furpa,0.2,4,4,CCGTTTCCCTACACTGACTG,0,1292369
furpa,0.2,4,4,CCGTTTAGAGTAAAATGACA,0,1276303
furpa,0.2,4,4,CCGTTGCGTGTAGCGTGGCC,0,1338217
furpa,0.2,4,4,CCGTGCAATACAGAAAGCAG,0,1355817
furpa,0.2,4,4,CCGTGAGTTTGAATATCTTC,0,1297770
furpa,0.2,4,4,CCGTGAAGACTGTTGTCTGG,0,1310586
furpa,0.2,4,4,CCGTCGCAAGGGTACTGGAC,0,1281672
furpa,0.2,4,4,CCGTAGTTTACGTGGGAGCT,0,1291024
furpa,0.2,4,4,CCGTACGGCGCCTGTCATAT,0,1340772
furpa,0.2,4,4,CCGTACGCTGCTCGACTATT,0,1343285
furpa,0.2,4,4,CCGGGGGGTGGTAAGGGCCG,0,1326211
furpa,0.2,4,4,CCGGGCCAAGCGCTGAACAC,0,1277936
furpa,0.2,4,4,CCGGGCATGAACGTCGTTTG,0,1294408
furpa,0.2,4,4,CCGGCCATCAAAGTATCGAA,0,1286827
furpa,0.2,4,4,CCGGATCTATAGTTTGTGAT,0,1332362
furpa,0.2,4,4,CCGGAGGAGGCGTTGAGTCT,0,1305944
furpa,0.2,4,4,CCGCTGGCTTAACTAATAAC,0,1353369
furpa,0.2,4,4,CCGCGGGACAGTGAGTGCAA,0,1323932
furpa,0.2,4,4,CCGATCTTTTCGTCATCCCA,0,1316228
furpa,0.2,4,4,CCGAGGTGTGTTGTCTCATG,0,1327172
furpa,0.2,4,4,CCGACATCCCGCATCACTGT,0,1297902
furpa,0.2,4,4,CCCTGGAGGGACTGGTCGCT,0,1313884
furpa,0.2,4,4,CCCTCAGGGGACGCGGCAAG,0,1336276
furpa,0.2,4,4,CCCTCACCCAATGGAAGTTT,0,1297501
furpa,0.2,4,4,CCCTACTCTGATACACTTAT,0,1298231
furpa,0.2,4,4,CCCTAACTCACCTCACGTTA,0,1301717
furpa,0.2,4,4,CCCGGTTACAAAGCACTCTC,0,1324765
furpa,0.2,4,4,CCCGGCCATCGTAGGCACAC,0,1328352
furpa,0.2,4,4,CCCGACGATTGGCACTCAAC,0,1341232
furpa,0.2,4,4,CCCGAATTGTTCCCGTCCTG,0,1293332
furpa,0.2,4,4,CCCCTTTAGCACTTCGTGGC,0,1307774
furpa,0.2,4,4,CCCCTATGATAACTTTGAGT,0,1294060
furpa,0.2,4,4,CCCCGTACTCTATAGCTAGG,0,1324411
furpa,0.2,4,4,CCCCGGTGTGCCATACGCTA,0,1344282
furpa,0.2,4,4,CCCCGGAGCTTTCTTGTCGA,0,1288098
furpa,0.2,4,4,CCCCGACATTATAAGCAGTA,0,1274931
furpa,0.2,4,4,CCCCCGTACCAGGGCAAATA,0,1275174
furpa,0.2,4,4,CCCCCGCAAACGACCCTTAA,0,1353872
furpa,0.2,4,4,CCCCCCGTGCGTTTCACTAT,0,1330526
furpa,0.2,4,4,CCCCATCACCGTGCAGCTTT,0,1304187
furpa,0.2,4,4,CCCCAGTTTTGGGATTTACT,0,1333894
furpa,0.2,4,4,CCCCACCTCTGGTAACGGCG,0,1352140
furpa,0.2,4,4,CCCACTTTACGGGGGGCGTT,0,1271682
furpa,0.2,4,4,CCCACATCCGGGTAAGCGGG,0,1321173
furpa,0.2,4,4,CCATTTTCACGTCCGGCTAG,0,1313883
furpa,0.2,4,4,CCATTTCCCAGGAGGGATAG,0,1298828
furpa,0.2,4,4,CCATTGACAGCGTGGCGTTA,0,1289429
furpa,0.2,4,4,CCATTCCTACCAGCTACGAT,0,1285258
furpa,0.2,4,4,CCATGTGTGGCCGCGGAGGA,0,1352431
furpa,0.2,4,4,CCATGGACAAGGGTGTTTGA,0,1324932
furpa,0.2,4,4,CCATGCAGGAGAGGATACTG,0,1310430
furpa,0.2,4,4,CCATCTATTCGCAGAAAATA,0,1293288
furpa,0.2,4,4,CCATCCGTTTGCGTCGCGTT,0,1294609
furpa,0.2,4,4,CCATCAGGTAGTCGTACCTC,0,1357072
furpa,0.2,4,4,CCATACAGAGCACACCGGCG,0,1282891
furpa,0.2,4,4,CCAGGCGTACGATAAGAGTG,0,1280281
furpa,0.2,4,4,CCAGCTCACGTTAACTCAGA,0,1331884
furpa,0.2,4,4,CCAGATTCCATGAGAATAAA,0,1345861
furpa,0.2,4,4,CCAGACGAGTACAGTCATTG,0,1320955
furpa,0.2,4,4,CCAGACAATTAGGGGGCAAT,0,1293858
furpa,0.2,4,4,CCACTTGCAACCTCTTCGTA,0,1304445
furpa,0.2,4,4,CCACTTGACTTGTCAGGCGA,0,1321492
furpa,0.2,4,4,CCACTGGAATACGCGATATG,0,1305043
furpa,0.2,4,4,CCACTCTAGGGATAGGCTCT,0,1309747
furpa,0.2,4,4,CCACTAACGTCCCCAGCTTT,0,1346357
furpa,0.2,4,4,CCACGATCCGCTGTTCTTCG,0,1335867
furpa,0.2,4,4,CCACCGTCTCGCATTGGGAA,0,1289019
furpa,0.2,4,4,CCACCGAGTCAGACACGCGA,0,1293441
furpa,0.2,4,4,CCACCCGACGTTAATTCTCA,0,1304685
furpa,0.2,4,4,CCACATTTGTCGCCTAAGTA,0,1278675
furpa,0.2,4,4,CCACATCGGACTCGCCATAC,0,1283391
furpa,0.2,4,4,CCACAATTAACTGCGCCCGC,0,1357793
furpa,0.2,4,4,CCAATGGGATGGATACGGAG,0,1319561
furpa,0.2,4,4,CCAATGATGATGCCTAAGTT,0,1337289
furpa,0.2,4,4,CCAAGGCAGGCGCGAAACAA,0,1336396
furpa,0.2,4,4,CCAAGCAGCAGCCTTCTTCA,0,1323979
furpa,0.2,4,4,CCAACGGTTGTCGGCAAGTA,0,1300203
furpa,0.2,4,4,CCAACATATATCGCTCTCTA,0,1280541
furpa,0.2,4,4,CATTTTTATGGGTTGGCTTC,0,1272961
furpa,0.2,4,4,CATTTTTACTAGAATCTTAT,0,1321547
furpa,0.2,4,4,CATTTGCTTCATTGGACTTA,0,1321479
furpa,0.2,4,4,CATTTGCTCGGCCCATTGGC,0,1308555
furpa,0.2,4,4,CATTTCGGTGCAGGTTCAGC,0,1307831
furpa,0.2,4,4,CATTTCGATGATCATAGGGT,0,1311039
furpa,0.2,4,4,CATTGGCCCTCGGAAACTCC,0,1327625
furpa,0.2,4,4,CATTGCGTTCTTTGGAGTAT,0,1318522
furpa,0.2,4,4,CATTGCACAAGTGCGGAGAT,0,1279893
furpa,0.2,4,4,CATTCGACGGCAGTCTTTCT,0,1349657
furpa,0.2,4,4,CATTATGCGTGTCTGAAAGT,0,1357137
furpa,0.2,4,4,CATTATATAAACCTGCATAC,0,1289667
furpa,0.2,4,4,CATGTGGGAGTCACCGTGGA,0,1290159
furpa,0.2,4,4,CATGTGAGTCGCAATCCCAA,0,1326229
furpa,0.2,4,4,CATGTATGAATCCTCTGGCC,0,1326394
furpa,0.2,4,4,CATGGGAATAATGTAAGACA,0,1281604
furpa,0.2,4,4,CATGGCAATACCCGGTAAGG,0,1316131
furpa,0.2,4,4,CATGCTTGTATAACGGCGCT,0,1316343
furpa,0.2,4,4,CATGCATAACGACGTTAGAC,0,1335906
furpa,0.2,4,4,CATCTTATTGCCCTGCACAT,0,1302322
furpa,0.2,4,4,CATCTAGAGTAGTATTTGCT,0,1299716
furpa,0.2,4,4,CATCCTACGCAGGGAGACGA,0,1291992
furpa,0.2,4,4,CATCCGGTACGATCTTCGTC,0,1290849
furpa,0.2,4,4,CATCCATGCTAAGCCCCTGT,0,1313523
furpa,0.2,4,4,CATCACAGAGCCTCGGAGGC,0,1353054
furpa,0.2,4,4,CATCAATCGCTCGAGATTCC,0,1354881
furpa,0.2,4,4,CATATGTCTGGCCAGAACGC,0,1343189
furpa,0.2,4,4,CATATGGCACCACTGAGGTT,0,1331603
furpa,0.2,4,4,CATAGTATCTCATGAAATCA,0,1309165
furpa,0.2,4,4,CATACTCGTTCCCTCATCCG,0,1321457
furpa,0.2,4,4,CATACTACCTTTCCTAACAT,0,1345327
furpa,0.2,4,4,CATACGTCCCGTCGGGAGCT,0,1294696
furpa,0.2,4,4,CATACGACTACGTCGGGACT,0,1321066
furpa,0.2,4,4,CATAATTGCATGCGGTTACA,0,1286606
furpa,0.2,4,4,CAGTTGTCAGCACTCCGTGT,0,1280829
furpa,0.2,4,4,CAGTTACTCCTCCGTAATTA,0,1315723
furpa,0.2,4,4,CAGTTACCGGTCTTGTGAAC,0,1306315
furpa,0.2,4,4,CAGTGTCCGTGTAGACCTAT,0,1333262
furpa,0.2,4,4,CAGTGCGGGCTCAATGTAGG,0,1341008
furpa,0.2,4,4,CAGTGACAGGGCGACTTGTT,0,1281432
furpa,0.2,4,4,CAGTCTTTCTTATGGACGAT,0,1311923
furpa,0.2,4,4,CAGTCCACATAAATGACGCA,0,1286863
furpa,0.2,4,4,CAGTATTACTCTGACACCCT,0,1337238
furpa,0.2,4,4,CAGTAGTAGCGGTATATGGT,0,1274326
furpa,0.2,4,4,CAGTAGAGCCTAGGACGCGC,0,1282669
furpa,0.2,4,4,CAGTACGCGACGCTTTAAGT,0,1301885
furpa,0.2,4,4,CAGGTTCCCTGGACTCGAAG,0,1339790
furpa,0.2,4,4,CAGGTGGGCAGGCAAGGGGG,0,1331855
furpa,0.2,4,4,CAGGTGATGGACACTGCTCA,0,1275873
furpa,0.2,4,4,CAGGGGCTGAAACCGTCAGT,0,1288816
furpa,0.2,4,4,CAGGGCTTCCTGATACGCTA,0,1335901
furpa,0.2,4,4,CAGGGATTAACAACTTAGAA,0,1289809
furpa,0.2,4,4,CAGGATGCTAGAGCCCTCCG,0,1298444
furpa,0.2,4,4,CAGGAGGGGGCGCCCGGGAC,0,1356239
furpa,0.2,4,4,CAGGAGGACGATGGAAGATG,0,1311240
furpa,0.2,4,4,CAGGACGGCAGGTGGGGGAA,0,1304529
furpa,0.2,4,4,CAGGACATATCCTCCGCGAC,0,1346699
furpa,0.2,4,4,CAGCTGAGAGCGGCGTAAGG,0,1310357
furpa,0.2,4,4,CAGCGTGGTCATCTTTTCTA,0,1357712
furpa,0.2,4,4,CAGCGCGGTTATTAATCTTC,0,1336865
furpa,0.2,4,4,CAGCGCATCACCAACTATCT,0,1341842
furpa,0.2,4,4,CAGCCGCAATAAGCTTAGTG,0,1353655
furpa,0.2,4,4,CAGCCAGGACAGATAGATCA,0,1300083
furpa,0.2,4,4,CAGCAATTCGCGGGCATCAA,0,1341503
furpa,0.2,4,4,CAGAGGCGCGCAAATTTACC,0,1339066
furpa,0.2,4,4,CAGAGGCCGTGAATCAGGTT,0,1331950
furpa,0.2,4,4,CAGAGGATATAAGTCATATG,0,1343278
furpa,0.2,4,4,CAGAGAGATTCACGGGCCGA,0,1276818
furpa,0.2,4,4,CAGAGACCCACCGCGCTTTT,0,1276111
furpa,0.2,4,4,CAGACTCCTGGGCACGAACA,0,1321364
furpa,0.2,4,4,CAGACCCAGGGAGGTACTAT,0,1301617
furpa,0.2,4,4,CAGACATCACCTCATACTAC,0,1293795
furpa,0.2,4,4,CAGAAGCCGGCCACGGGTGG,0,1351251
furpa,0.2,4,4,CAGAAACGATCGGACCATGC,0,1331355
furpa,0.2,4,4,CAGAAAATGGTAGAGTCGTA,0,1271534
furpa,0.2,4,4,CACTTTCTTCATAGCAGGCA,0,1294122
furpa,0.2,4,4,CACTGAACCGTCGTAGTTCA,0,1307027
furpa,0.2,4,4,CACTCAGGTATGAGGAAGTA,0,1330041
furpa,0.2,4,4,CACTACAGACGTATTAGCCT,0,1283127
furpa,0.2,4,4,CACTACAATATTTTGCAAAG,0,1315584
furpa,0.2,4,4,CACGTGGTTATCCTCGCTGC,0,1357628
furpa,0.2,4,4,CACGCCTTGCGGAGGCTGGT,0,1339072
furpa,0.2,4,4,CACGACAACTAAGGCGCAAG,0,1340394
furpa,0.2,4,4,CACCTGCCGATCCAACATCC,0,1344053
furpa,0.2,4,4,CACCTCGCACCACGAAAACC,0,1309886
furpa,0.2,4,4,CACCTACTCTAGCAAGTCAT,0,1275595
furpa,0.2,4,4,CACCGTACTTTGTCCAACGT,0,1353357
furpa,0.2,4,4,CACCGCCAGATAGTAGCTCG,0,1274064
furpa,0.2,4,4,CACCGACCTTAGGGTACCCA,0,1321410
furpa,0.2,4,4,CACCCTCTTAGCGCCGTACG,0,1284971
furpa,0.2,4,4,CACCAGCACCGCCCCTGTAT,0,1332361
furpa,0.2,4,4,CACCAAGGCGCGCAACCGAC,0,1342964
furpa,0.2,4,4,CACACGTCTTGCGACAGAAG,0,1317111
furpa,0.2,4,4,CACAATCCGCTCCCGCATAG,0,1330430
furpa,0.2,4,4,CACAAAATCAGCCCAAATTC,0,1330364
furpa,0.2,4,4,CAATTTGCAGTAAAGGATGA,0,1334273
furpa,0.2,4,4,CAATTTAAGACTGAGATCAC,0,1278486
furpa,0.2,4,4,CAATTTAACCCACCCACTAA,0,1293590
furpa,0.2,4,4,CAATTGCCGAACGCGAGCGT,0,1316485
furpa,0.2,4,4,CAATTGCATTTGTAGCATTG,0,1283973
furpa,0.2,4,4,CAATGTTTTGCCGAAAGAAT,0,1273298
furpa,0.2,4,4,CAATGTTGGCCTGAAGACAT,0,1340176
furpa,0.2,4,4,CAATGTAGGGTCCTCTTAGT,0,1343081
furpa,0.2,4,4,CAATGCTGGTCGGTCACGGT,0,1349455
furpa,0.2,4,4,CAATAGACGTGTGCGCCTGG,0,1301195
furpa,0.2,4,4,CAAGTGAGATTGTCCCCATA,0,1307347
furpa,0.2,4,4,CAAGTAAACTCTATGAAGGA,0,1302179
furpa,0.2,4,4,CAAGGTGTAAGTTGCTCATG,0,1293122
furpa,0.2,4,4,CAAGGACGACAGACAATTTG,0,1294540
furpa,0.2,4,4,CAAGCTGGATCAACAACGAC,0,1322095
furpa,0.2,4,4,CAAGCTACAGAGTTATCTTG,0,1326042
furpa,0.2,4,4,CAAGCGGTTCCTGACATGTC,0,1315424
furpa,0.2,4,4,CAAGATCCCTTACCCGGCGA,0,1334607
furpa,0.2,4,4,CAAGATATAGGGAGTCCTTC,0,1307779
furpa,0.2,4,4,CAAGACTACGGGTCATATTA,0,1277546
furpa,0.2,4,4,CAACTTAAGGCGTATCCGTT,0,1332854
furpa,0.2,4,4,CAACTGAACGCCGTGTACCA,0,1276194
furpa,0.2,4,4,CAACGTGGGCACTCAAGTTC,0,1286507
furpa,0.2,4,4,CAACGTGGCAGGAAACCCTT,0,1276378
furpa,0.2,4,4,CAACGACTGAAGCGCGCTGC,0,1326289
furpa,0.2,4,4,CAACCTCGCATCTATTCCAT,0,1321534
furpa,0.2,4,4,CAACCCTTCTCTGATTCTGG,0,1310675
furpa,0.2,4,4,CAACCCGTGAGCCGGCCAGG,0,1333147
furpa,0.2,4,4,CAACCCGGTGTTAGCGTTGC,0,1341638
furpa,0.2,4,4,CAACATCACATCGGGTAAGG,0,1349259
furpa,0.2,4,4,CAACATATCAATTCACCTCT,0,1323090
furpa,0.2,4,4,CAACAGTAGCGGTTCGTACT,0,1298720
furpa,0.2,4,4,CAACACGGAGGGTTCACAAT,0,1317926
furpa,0.2,4,4,CAAATGAGTATGAGTCGCAA,0,1342810
furpa,0.2,4,4,CAAAGACTTGACAATAAAGT,0,1294376
furpa,0.2,4,4,CAAAGAAGGTTATAGCTTAG,0,1307086
furpa,0.2,4,4,ATTTTTCTGTTCTTAAACAA,0,1290071
furpa,0.2,4,4,ATTTTTCCACAGAAAGGAGA,0,1290267
furpa,0.2,4,4,ATTTTGTTGGGGGGGCCATG,0,1286641
furpa,0.2,4,4,ATTTGTTTCAATTATTTAGA,0,1336749
furpa,0.2,4,4,ATTTGAGACCTTCTACTATA,0,1274637
furpa,0.2,4,4,ATTTCTTTTGCCTCGGCCCA,0,1353074
furpa,0.2,4,4,ATTTCTTAAACGACAGTGGT,0,1306801
furpa,0.2,4,4,ATTTCTCGTGCCCCCAGCGT,0,1356587
furpa,0.2,4,4,ATTTCCGTTGGTTGCAGTGG,0,1321171
furpa,0.2,4,4,ATTTAAATAGGAAGGTCTGC,0,1341855
furpa,0.2,4,4,ATTGTTTTGGTACCATTCGC,0,1344447
furpa,0.2,4,4,ATTGTGAGGGGACAAAAGTC,0,1297714
furpa,0.2,4,4,ATTGTCAGCTGGGGCAGGAG,0,1325056
furpa,0.2,4,4,ATTGGTAATCGATAGTAAGA,0,1338639
furpa,0.2,4,4,ATTGGGTAATCAGAAGCCTT,0,1312368
furpa,0.2,4,4,ATTGCCCTAAAATGTTCATT,0,1345808
furpa,0.2,4,4,ATTGATACGCCGGGCTTGTT,0,1328568
furpa,0.2,4,4,ATTGACTAGCGGTTGCGGCA,0,1275151
furpa,0.2,4,4,ATTGAATCGCCGCATCGCAT,0,1317890
furpa,0.2,4,4,ATTGAATACGATTATCTCGG,0,1295395
furpa,0.2,4,4,ATTCTGTTTCGGCGAAAATC,0,1286426
furpa,0.2,4,4,ATTCTGGTAGCAACGGGTTA,0,1293565
furpa,0.2,4,4,ATTCGTACTTTATTTAACGG,0,1292801
furpa,0.2,4,4,ATTCGGATGAGCCTGCACTC,0,1309663
furpa,0.2,4,4,ATTCGAGTGAATCCTTGGTC,0,1333520
furpa,0.2,4,4,ATTATAGGCCAGGGCGGTGT,0,1278373
furpa,0.2,4,4,ATTATACACAGATTCCGCTC,0,1297086
furpa,0.2,4,4,ATTAGGCATACGCTGGGACG,0,1326823
furpa,0.2,4,4,ATTAATTGTATGGTCAAGAT,0,1274302
furpa,0.2,4,4,ATTAATCCGTGGCACCGGCA,0,1281940
furpa,0.2,4,4,ATTAACTAAAAAAGCTCGGT,0,1323771
furpa,0.2,4,4,ATGTTTTCATTTGCCACGCC,0,1336201
furpa,0.2,4,4,ATGTTTCTCACTTAAGATAA,0,1304563
furpa,0.2,4,4,ATGTTCGCTACTCCCAGGCT,0,1333737
furpa,0.2,4,4,ATGTTAATTTGTTGGCCCTC,0,1281276
furpa,0.2,4,4,ATGTGTCTGCCTTTCACGGT,0,1307881
furpa,0.2,4,4,ATGTGTATGTATTGGGTACC,0,1317811
furpa,0.2,4,4,ATGTGGTACTGGGCTTTGTG,0,1343528
furpa,0.2,4,4,ATGTGGCGGAATCGCATTTC,0,1315520
furpa,0.2,4,4,ATGTGAGTGAGAGCCAACTA,0,1338629
furpa,0.2,4,4,ATGTAGAGTCCAAGAATTCG,0,1298875
furpa,0.2,4,4,ATGGATTGTTGTGTGTAGTA,0,1296761
furpa,0.2,4,4,ATGGAAACCTCTTTCATAAC,0,1328664
furpa,0.2,4,4,ATGCTGGTACCATACGGGCT,0,1352534
furpa,0.2,4,4,ATGCTACGCAGTTATCTTAC,0,1271580
furpa,0.2,4,4,ATGCGTTTACCGGTTTCGAT,0,1322994
furpa,0.2,4,4,ATGCGGTCCCTGGGTTCCCT,0,1326832
furpa,0.2,4,4,ATGCGGGTCTGCCATTCATG,0,1326427
furpa,0.2,4,4,ATGCGCTTCGTGCTACTCGA,0,1290716
furpa,0.2,4,4,ATGCGCTTAGGTCCGCCACT,0,1304074
furpa,0.2,4,4,ATGCGATTTGCTAGGCCCGG,0,1297381
furpa,0.2,4,4,ATGCCTCGACTACGCACGAC,0,1355176
furpa,0.2,4,4,ATGCCATGTCCTATCTATAT,0,1336461
furpa,0.2,4,4,ATGCATGGAAGTCTCAAACG,0,1300894
furpa,0.2,4,4,ATGCACCTTGGCTACCAGGT,0,1290166
furpa,0.2,4,4,ATGCAATATCCCCCCGCGCG,0,1294532
furpa,0.2,4,4,ATGATAAAGTAGGTCCTGCA,0,1322532
furpa,0.2,4,4,ATGAGCTGCTACCGCGGTAT,0,1289304
furpa,0.2,4,4,ATGAGATAGGTGCTGAAGAA,0,1279960
furpa,0.2,4,4,ATGACTGGCAGTGCGGCCTC,0,1317289
furpa,0.2,4,4,ATGACTGCCGCCTTTTAGAC,0,1317424
furpa,0.2,4,4,ATGACGTGCTAAATAACCAA,0,1330112
furpa,0.2,4,4,ATGACATCGGGGGGCCGGGA,0,1341253
furpa,0.2,4,4,ATGACATATTCGTAGGAAAG,0,1337041
furpa,0.2,4,4,ATGAATGGTCCAATTCCAGG,0,1329017
furpa,0.2,4,4,ATGAACTTGACTTTGGTCCC,0,1276918
furpa,0.2,4,4,ATGAAACGTCGCCTTATTAC,0,1324366
furpa,0.2,4,4,ATGAAACCGAATAGGTCTGC,0,1340287
furpa,0.2,4,4,ATCTTGGAGCCCTAATCGGG,0,1310472
furpa,0.2,4,4,ATCTGTATCCGCAGAGGCCT,0,1354842
furpa,0.2,4,4,ATCTGGTACTACGACACGTT,0,1305565
furpa,0.2,4,4,ATCTGGGTGCCTATTCGAGC,0,1292449
furpa,0.2,4,4,ATCTGGGGTATAAGTGGTGA,0,1337111
furpa,0.2,4,4,ATCTATCGTATACAGCCCTG,0,1313260
furpa,0.2,4,4,ATCTAGGTACTAAAACGCGA,0,1310901
furpa,0.2,4,4,ATCGGCACAGAGCCGGATGT,0,1342254
furpa,0.2,4,4,ATCGGAGGTATCGCGCGCTA,0,1302142
furpa,0.2,4,4,ATCGCCCTTCGAATCATCAT,0,1333950
furpa,0.2,4,4,ATCGCATGCACGTCTGATGT,0,1304112
furpa,0.2,4,4,ATCGATATTGCTATATATAT,0,1328948
furpa,0.2,4,4,ATCGAGGGGAAGTTTATAAG,0,1328358
furpa,0.2,4,4,ATCGACAGGTATTTGGAGCT,0,1346905
furpa,0.2,4,4,ATCGAATGCTTTACAAGGGA,0,1284773
furpa,0.2,4,4,ATCGAAGGGGTAACACCATT,0,1325251
furpa,0.2,4,4,ATCCTGACTAACTTAGAGGT,0,1306439
furpa,0.2,4,4,ATCCGCCGTCTACGTCATCA,0,1337657
furpa,0.2,4,4,ATCCGCCAGTAATCTGCGGT,0,1343063
furpa,0.2,4,4,ATCCGACCACAGTCTCTGTG,0,1349615
furpa,0.2,4,4,ATCCCTTCGACTCTATCGCA,0,1345805
furpa,0.2,4,4,ATCCCGCGATGGTACATCTT,0,1350314
furpa,0.2,4,4,ATCCCCGTCAGCCGGCGCGC,0,1329275
furpa,0.2,4,4,ATCATCTAGTCTGACCAAGG,0,1309137
furpa,0.2,4,4,ATCATCAGCACTAGCTTATA,0,1296932
furpa,0.2,4,4,ATCATATCTGGCGTTTTCCA,0,1314968
furpa,0.2,4,4,ATCATAACCGTGTTCGAGGT,0,1327918
furpa,0.2,4,4,ATCATAACCGTGAGCGAGGC,0,1278619
furpa,0.2,4,4,ATCAGTGCAAAATGGACCCA,0,1350478
furpa,0.2,4,4,ATCAGGACGTCATACCAAGT,0,1305312
furpa,0.2,4,4,ATCAGGAAACAAGTGTTGAT,0,1340736
furpa,0.2,4,4,ATCAGCCTGGTATAAGTCGC,0,1312357
furpa,0.2,4,4,ATCAGAGCGGCCGGAGCCAT,0,1352957
furpa,0.2,4,4,ATCACGCAGGCTGACAATGG,0,1335990
furpa,0.2,4,4,ATCACCTGCTGGTAAGCCAC,0,1284142
furpa,0.2,4,4,ATCACACCAAGGAGTCCGGG,0,1285486
furpa,0.2,4,4,ATCAACTCTTCAGCGTAGGG,0,1317559
furpa,0.2,4,4,ATATTTCCGATGAGTTGGTC,0,1285584
furpa,0.2,4,4,ATATTCCAATCACGGCCCAT,0,1283888
furpa,0.2,4,4,ATATGTAATATCCCTCGTTA,0,1353856
furpa,0.2,4,4,ATATGGGCTGGCGTCGCAGA,0,1311676
furpa,0.2,4,4,ATATGCTCCCTAGAATGCGC,0,1287886
furpa,0.2,4,4,ATATGATAAGGAATACGAGA,0,1300984
furpa,0.2,4,4,ATATCTCGGCCTAGATAGCG,0,1334137
furpa,0.2,4,4,ATATACGCTCGGTACATCTT,0,1351588
furpa,0.2,4,4,ATAGTACGCAATATCCTCCA,0,1321256
furpa,0.2,4,4,ATAGGGCGCTTGTCTATCCA,0,1328226
furpa,0.2,4,4,ATAGGCCTCCTAGCGTGCAA,0,1285152
furpa,0.2,4,4,ATAGCAGAGCCGGCTGACTT,0,1329431
furpa,0.2,4,4,ATAGCACATGGCTTCGCCGG,0,1322376
furpa,0.2,4,4,ATACTTTAGTAAACTTCGAC,0,1328705
furpa,0.2,4,4,ATACTATTGGGTAAAAATTC,0,1278559
furpa,0.2,4,4,ATACGTCAATGTAGCTACCA,0,1330401
furpa,0.2,4,4,ATACGGAATGTTCTGATCAA,0,1315998
furpa,0.2,4,4,ATACGCTTCTATTCCGAATA,0,1299633
furpa,0.2,4,4,ATACGATATGTGCCCACGTT,0,1326556
furpa,0.2,4,4,ATACGAACTGGTGACGCGAG,0,1303964
furpa,0.2,4,4,ATACCGTTAGTGCGCACAAC,0,1355305
furpa,0.2,4,4,ATACCGTCCGTTCTTGAAGG,0,1282332
furpa,0.2,4,4,ATACCCGTAGAATAATTGCA,0,1287101
furpa,0.2,4,4,ATACATCACTATGAGTACAG,0,1354562
furpa,0.2,4,4,ATACACTCACAACTGCGAAG,0,1329486
furpa,0.2,4,4,ATAATCTCTATCTTACCGGG,0,1306348
furpa,0.2,4,4,ATAATCAAAGTGTGGGACCC,0,1276748
furpa,0.2,4,4,ATAAGTATGTGTTTGAACTG,0,1354722
furpa,0.2,4,4,ATAAGGACAGGTTCGATTCT,0,1272544
furpa,0.2,4,4,ATAAGCCTTAAGGGGACTGA,0,1301418
furpa,0.2,4,4,ATAAGACGCTGTTAAACCAA,0,1314323
furpa,0.2,4,4,ATAAGACCCGAAGACTTTGG,0,1332090
furpa,0.2,4,4,ATAACCGTATAGAACGACCC,0,1330951
furpa,0.2,4,4,ATAACCATTTGGCCTCGAAA,0,1352192
furpa,0.2,4,4,ATAAATACGCCTAAGACCTA,0,1303966
furpa,0.2,4,4,AGTTTACACCGTAAAAACAT,0,1297568
furpa,0.2,4,4,AGTTGACGTCGTGTCATCGC,0,1319696
furpa,0.2,4,4,AGTTGACCGCAACCAAGTCA,0,1312783
furpa,0.2,4,4,AGTTCTCTCGCAGAGATTAC,0,1283163
furpa,0.2,4,4,AGTTCCTCCGACGCTCTTCA,0,1284322
furpa,0.2,4,4,AGTTCAACTCGTACCTATCA,0,1349256
furpa,0.2,4,4,AGTTCAAACGAAGTTATTGA,0,1349166
furpa,0.2,4,4,AGTTAGCCATGGCGCTCTGA,0,1336503
furpa,0.2,4,4,AGTTACGCAAAATGCTCGTA,0,1296545
furpa,0.2,4,4,AGTGGCTAATAGTGGTAAGC,0,1325758
furpa,0.2,4,4,AGTGCATTCGCAAGTCATCG,0,1313725
furpa,0.2,4,4,AGTGATACCGTTGGTATGAT,0,1355279
furpa,0.2,4,4,AGTGACATCAGGGATCGTAA,0,1341278
furpa,0.2,4,4,AGTCGCCCGATTTGCTTCCA,0,1329710
furpa,0.2,4,4,AGTCGCAACATGTACAATCT,0,1343226
furpa,0.2,4,4,AGTCCTTGTAGGTGCTTGGA,0,1294968
furpa,0.2,4,4,AGTCCTGGTCAGGCCCGTGT,0,1301621
furpa,0.2,4,4,AGTCCGTACAGCTCCGCTCC,0,1331472
furpa,0.2,4,4,AGTCCCCTCTTCGAGACAGC,0,1319758
furpa,0.2,4,4,AGTCATTTACTCACTCGTAG,0,1326389
furpa,0.2,4,4,AGTCATGACTCAACAGTGGT,0,1282878
furpa,0.2,4,4,AGTCACGTTTGTCACTCACG,0,1327117
furpa,0.2,4,4,AGTCACGTCCAACAGGGATT,0,1349677
furpa,0.2,4,4,AGTCAAAAAATATCTTCGAG,0,1343414
furpa,0.2,4,4,AGTATTTTAGTCTCGGGGCA,0,1301781
furpa,0.2,4,4,AGTATAGCTTAGATTCTAGT,0,1281293
furpa,0.2,4,4,AGTAGTCACCAGTTTACAAT,0,1327611
furpa,0.2,4,4,AGTAGTATGTTGCACTTTAG,0,1340319
furpa,0.2,4,4,AGTAGGCGGAAAGAGGCATC,0,1293287
furpa,0.2,4,4,AGTAGAGCTAGCCCATCTAC,0,1338126
furpa,0.2,4,4,AGTACAAGTGTCAGAGGATC,0,1317369
furpa,0.2,4,4,AGTAATCAAGATCTTGACCA,0,1273455
furpa,0.2,4,4,AGTAAGGGGCGGGAAAACTG,0,1291189
furpa,0.2,4,4,AGTAAGCCCCCAGCACGATA,0,1319867
furpa,0.2,4,4,AGGTGTCCATTTGCGGCCCT,0,1293247
furpa,0.2,4,4,AGGTGGTACTCAACACGCTT,0,1277114
furpa,0.2,4,4,AGGTCGTAGATACCTGATGG,0,1344891
furpa,0.2,4,4,AGGTAAGGTCGTTAGCGCAG,0,1282011
furpa,0.2,4,4,AGGGTTTGCACGACAGAAGG,0,1303191
furpa,0.2,4,4,AGGGTAGATAATTTATGCGG,0,1272651
furpa,0.2,4,4,AGGGGTTCAGCTCGGCTGAA,0,1283703
furpa,0.2,4,4,AGGGGTCTGCCTTGAATGGG,0,1275353
furpa,0.2,4,4,AGGGGATATAGTTTCGTTCC,0,1271718
furpa,0.2,4,4,AGGGCTGTAATCCTCGTTCG,0,1346108
furpa,0.2,4,4,AGGGCCAGGATAGCGGCCGA,0,1310804
furpa,0.2,4,4,AGGGAGTTATCTAGGCCGCT,0,1278101
furpa,0.2,4,4,AGGGAGCGGTCGAGTTCAGG,0,1282713
furpa,0.2,4,4,AGGGAACCGAGAGTTTCTTT,0,1352531
furpa,0.2,4,4,AGGCTTCCGGCGCACGGCCA,0,1342919
furpa,0.2,4,4,AGGCTATCGGCGTACCGCCG,0,1349317
furpa,0.2,4,4,AGGCGTTGCACTAATGACTA,0,1298345
furpa,0.2,4,4,AGGCCTAGGGCGTACAAAAG,0,1327112
furpa,0.2,4,4,AGGCCGCCAAGTCGAGCACT,0,1335685
furpa,0.2,4,4,AGGCCCGCACAGCAACGGAT,0,1306886
furpa,0.2,4,4,AGGCCCATACCATAAGGGAA,0,1341510
furpa,0.2,4,4,AGGCATGTTCAGAAACCGGT,0,1318475
furpa,0.2,4,4,AGGCAGTACACCGTGCTCGA,0,1286178
furpa,0.2,4,4,AGGCAGACCAGCATAAGGAT,0,1302792
furpa,0.2,4,4,AGGCAAATCGTATTGGGCTT,0,1332558
furpa,0.2,4,4,AGGCAAAAGCCATATTGGTC,0,1351498
furpa,0.2,4,4,AGGATGGCCCAGTGCCAGGA,0,1280348
furpa,0.2,4,4,AGGATAAGGTTGGGTAATCG,0,1319052
furpa,0.2,4,4,AGGATAACACATGTGTCCTA,0,1353589
furpa,0.2,4,4,AGGAGGCGCAACCTGTGGAA,0,1293847
furpa,0.2,4,4,AGGACTGCTTCAGTTATTGC,0,1306484
furpa,0.2,4,4,AGGACTGCGTGGGTCTAACT,0,1339264
furpa,0.2,4,4,AGGACGGGATTGCCCCGATA,0,1301049
furpa,0.2,4,4,AGGACCTGAACCGAATTGGA,0,1343025
furpa,0.2,4,4,AGGAAGGGATTACCTCGCTA,0,1327858
furpa,0.2,4,4,AGGAACATTTCCTGTTCCCA,0,1335517
furpa,0.2,4,4,AGCTTGCATATGATTGGGGG,0,1279728
furpa,0.2,4,4,AGCTTCTAGGAGGACGCCAG,0,1278810
furpa,0.2,4,4,AGCTTAGGCGCTCTCGGCAA,0,1283074
furpa,0.2,4,4,AGCTTAACGTCGCTGACTCA,0,1271672
furpa,0.2,4,4,AGCTGCTACTGATTGCGACG,0,1284589
furpa,0.2,4,4,AGCTGAACTCGCGTGTAGTT,0,1308122
furpa,0.2,4,4,AGCTCGAGGGAGCGCCACTA,0,1303187
furpa,0.2,4,4,AGCTATTGTCTAGGGAGGGA,0,1305940
furpa,0.2,4,4,AGCTACGTAATGGAGGTCAA,0,1299107
furpa,0.2,4,4,AGCTACACAGGATTATATTC,0,1279860
furpa,0.2,4,4,AGCGTCATTCCCGCACACTA,0,1336385
furpa,0.2,4,4,AGCGTAAGGTTAGCCGCAGT,0,1345309
furpa,0.2,4,4,AGCGGTGGGGAGGAAGGACG,0,1324592
furpa,0.2,4,4,AGCGGTCTCGCTTACCGCGG,0,1306514
furpa,0.2,4,4,AGCGGTCACACGACTTGTGT,0,1285633
furpa,0.2,4,4,AGCGGTAAATCTTAGCAAGA,0,1302531
furpa,0.2,4,4,AGCGGCTTCCATACTAGAGG,0,1314391
furpa,0.2,4,4,AGCGGACCGCAGCACCCAAT,0,1330859
furpa,0.2,4,4,AGCGCGCTTCACCTCGGTTC,0,1298732
furpa,0.2,4,4,AGCGAGCGAGACATGATACC,0,1277343
furpa,0.2,4,4,AGCGAACTACGCAGCCGAGG,0,1339631
furpa,0.2,4,4,AGCGAAAAGATAACAGCCGG,0,1294259
furpa,0.2,4,4,AGCCTGTTCGGCTACATACC,0,1321992
furpa,0.2,4,4,AGCCTGTAAAAAGAATGGCT,0,1320119
furpa,0.2,4,4,AGCCTAAATAACGTAATTAG,0,1338976
furpa,0.2,4,4,AGCCGGGACTTAAGCCTCTT,0,1288551
furpa,0.2,4,4,AGCCGGCTGCTCGATATTCT,0,1318822
furpa,0.2,4,4,AGCCGGCTACCTCTCGCTCA,0,1310667
furpa,0.2,4,4,AGCCGACTTTACATAGGGGA,0,1345187
furpa,0.2,4,4,AGCCATCAGTGATGCATTGA,0,1286096
furpa,0.2,4,4,AGCCATCAGTCTGGCAAAAA,0,1294705
furpa,0.2,4,4,AGCCAGATCCTATTAGGCAA,0,1354806
furpa,0.2,4,4,AGCCAACCCCTTTGTAACAG,0,1301623
furpa,0.2,4,4,AGCATTAATACGTAGGTGCA,0,1309717
furpa,0.2,4,4,AGCATGGAGGGTCCTACCAT,0,1340677
furpa,0.2,4,4,AGCATGCGATCAAGATCGTC,0,1341361
furpa,0.2,4,4,AGCATCTTTTAAGCGGGCGA,0,1313054
furpa,0.2,4,4,AGCAGCGTAAGGCGTCGCGC,0,1311511
furpa,0.2,4,4,AGCAGACGGGGGTACCAATA,0,1331084
furpa,0.2,4,4,AGCACGTAGCTGTCCAGAAT,0,1322305
furpa,0.2,4,4,AGCACCGCTTGTATGCCTCG,0,1337307
furpa,0.2,4,4,AGCAACTTGCTGTTCATTAG,0,1343222
furpa,0.2,4,4,AGCAACGAACATTGTTACTG,0,1346840
furpa,0.2,4,4,AGCAACCTTGCCGGAATCAA,0,1328192
furpa,0.2,4,4,AGATCTGTCTTTACGTCTCA,0,1335512
furpa,0.2,4,4,AGATAGGTTGTGTAAAAACA,0,1332440
furpa,0.2,4,4,AGAGTGAACTAGCGCGTTTG,0,1282654
furpa,0.2,4,4,AGAGTCTAGATCGAGGACGG,0,1337008
furpa,0.2,4,4,AGAGTCCTGGTAACCTGTGC,0,1319343
furpa,0.2,4,4,AGAGGCTATACTAGCCAGGG,0,1318007
furpa,0.2,4,4,AGAGGCAGGCTAGCGGAGTT,0,1329441
furpa,0.2,4,4,AGAGATGTACGCTTCGACTA,0,1285699
furpa,0.2,4,4,AGAGAGCGCCGACTCCCGGA,0,1350902
furpa,0.2,4,4,AGACTGTGTCAGACGATAAC,0,1279364
furpa,0.2,4,4,AGACTGGAATTTTCTTGTAC,0,1324439
furpa,0.2,4,4,AGACTGCTTGAAGTGATGGG,0,1340485
furpa,0.2,4,4,AGACGTTAGGTTCGCTCAAA,0,1305406
furpa,0.2,4,4,AGACGAACTATGTACAATCT,0,1280263
furpa,0.2,4,4,AGACCTTAACGTCAAAATCA,0,1320993
furpa,0.2,4,4,AGACCTGGACAAGGAAACCG,0,1300547
furpa,0.2,4,4,AGACATTTGTTTTAGACGGG,0,1338146
furpa,0.2,4,4,AGACACTAAGTTGGCAGAGC,0,1348726
furpa,0.2,4,4,AGACAACCAGACCTCCGGCA,0,1330058
furpa,0.2,4,4,AGAATCCCCGTAATCCAACA,0,1281118
furpa,0.2,4,4,AGAAGCCGCAGTTAGGTGAG,0,1355741
furpa,0.2,4,4,AGAAGAGCACCGAGCCATTC,0,1302772
furpa,0.2,4,4,AGAACCAATAGGGTGAAGGG,0,1324646
furpa,0.2,4,4,AGAAACATAGAGTTTGATAC,0,1274009
furpa,0.2,4,4,AGAAAACCTCCTAACAGCCG,0,1295937
furpa,0.2,4,4,ACTTTTATAAACCTACATTA,0,1350702
furpa,0.2,4,4,ACTTTATCCTCGGTCTCCGT,0,1294559
furpa,0.2,4,4,ACTTGGTTGAGACCTTGAAT,0,1354311
furpa,0.2,4,4,ACTTGATCCCGTTGTCAGGT,0,1286043
furpa,0.2,4,4,ACTTCCAAGTATACATTCTC,0,1344845
furpa,0.2,4,4,ACTTATCCCTCACAGCGGCG,0,1318140
furpa,0.2,4,4,ACTGTCTATCAGGAAGCCAC,0,1285510
furpa,0.2,4,4,ACTGTAGGTCATATCAGAAC,0,1316193
furpa,0.2,4,4,ACTGGGGGCGATCCGGCGCA,0,1318035
furpa,0.2,4,4,ACTGGGCTGCCCATACCACC,0,1323497
furpa,0.2,4,4,ACTGCTTGAACTGCTGGGGC,0,1291411
furpa,0.2,4,4,ACTGCTCTAATTGACCAATT,0,1299290
furpa,0.2,4,4,ACTGAAAACGGTTATAGGAC,0,1354249
furpa,0.2,4,4,ACTCTGCGGGCACGAATATG,0,1353954
furpa,0.2,4,4,ACTCTGACGTCAGGAAACTA,0,1343006
furpa,0.2,4,4,ACTCGAGTTTCACCTCTGCA,0,1349482
furpa,0.2,4,4,ACTCACCGGCCCGGTGCGCA,0,1277454
furpa,0.2,4,4,ACTCACACAATGGTTCGAAT,0,1356425
furpa,0.2,4,4,ACTATTTTGGCTGCCTTCGC,0,1337315
furpa,0.2,4,4,ACTATGGGAGGAACGGGCCA,0,1354973
furpa,0.2,4,4,ACTATGGATTCGGCTGCGCG,0,1276367
furpa,0.2,4,4,ACTATCGCCCCGTCCCACTA,0,1355699
furpa,0.2,4,4,ACTATCATCAGATCGCACTA,0,1309471
furpa,0.2,4,4,ACTAGATAGGGTGTGAAAGG,0,1295292
furpa,0.2,4,4,ACTACTTACTATGGATGGGG,0,1352992
furpa,0.2,4,4,ACTACCACGTCTCGTCCAAC,0,1312239
furpa,0.2,4,4,ACGTTGGGCACAACGAGTGA,0,1347489
furpa,0.2,4,4,ACGTTCCGTGAGAGTCGATA,0,1352873
furpa,0.2,4,4,ACGTTAAACCAAACATCGAC,0,1309334
furpa,0.2,4,4,ACGTGCGCAGAACAAATCTA,0,1320270
furpa,0.2,4,4,ACGTGCCGGTGTATTGGATA,0,1271476
furpa,0.2,4,4,ACGTCTGGACGCTGTGCGAA,0,1299847
furpa,0.2,4,4,ACGTAGTATGATAGCAGCGA,0,1319918
furpa,0.2,4,4,ACGGTCCAATCGCGGTGCAG,0,1346039
furpa,0.2,4,4,ACGGTCAGCAGAACTCACTA,0,1350092
furpa,0.2,4,4,ACGGTACATCGCCTCCCGAT,0,1351568
furpa,0.2,4,4,ACGGGGGAGGACACACAGGT,0,1279406
furpa,0.2,4,4,ACGGGATAACCTTACGATGT,0,1356592
furpa,0.2,4,4,ACGGGAGGGCCTCGACCGCT,0,1315091
furpa,0.2,4,4,ACGGGACAAAATGGTCACGG,0,1342272
furpa,0.2,4,4,ACGGCCTCTTCTTGAACTCT,0,1347909
furpa,0.2,4,4,ACGGCAGGACTCTCCACACA,0,1347644
furpa,0.2,4,4,ACGGAATTTGCTCGCGTTCC,0,1277330
furpa,0.2,4,4,ACGGAATACCGCCTAGAAGT,0,1357319
furpa,0.2,4,4,ACGCGTCAATGTATTGGTGC,0,1306976
furpa,0.2,4,4,ACGCGTAATCATTCCTAGTA,0,1310989
furpa,0.2,4,4,ACGCCTGAAGGGATCACAAA,0,1312153
furpa,0.2,4,4,ACGCCCGCATTAATGCTTAT,0,1295098
furpa,0.2,4,4,ACGCATTCTCTCCGGGTTGA,0,1336152
furpa,0.2,4,4,ACGCAGGAGCGACAGTTCCG,0,1355393
furpa,0.2,4,4,ACGATCATTTATTACAAGGT,0,1307603
furpa,0.2,4,4,ACGATCAAATTGGGAAAAAA,0,1292770
furpa,0.2,4,4,ACGAGACATCCCATGAACCT,0,1274933
furpa,0.2,4,4,ACGAATGAATTCAGTTCTGT,0,1293512
furpa,0.2,4,4,ACGAATATTCGTGTCACCCT,0,1312829
furpa,0.2,4,4,ACGAAACGGCCAGCGCACAC,0,1350807
furpa,0.2,4,4,ACCTTGATAAAGCTGGTATT,0,1286973
furpa,0.2,4,4,ACCTCTAAAAGTAGTCAAGA,0,1342947
furpa,0.2,4,4,ACCTATGTCAATATGTTACA,0,1344603
furpa,0.2,4,4,ACCTATGCACGGAAAGTTTC,0,1304129
furpa,0.2,4,4,ACCTAGGGGGTTCTCGGGCG,0,1324998
furpa,0.2,4,4,ACCTACGGCTGGAGCGTGTC,0,1315325
furpa,0.2,4,4,ACCTAATCGAGACCGGGCGA,0,1323002
furpa,0.2,4,4,ACCTAAGTATCGACGGTTCT,0,1323584
furpa,0.2,4,4,ACCGTGTGGATGAATGGTAC,0,1293994
furpa,0.2,4,4,ACCGTATTTATGTCCACGTA,0,1315977
furpa,0.2,4,4,ACCGGCGAATCCGCCAATAT,0,1317415
furpa,0.2,4,4,ACCGGCAAAGTAGCACACTC,0,1297594
furpa,0.2,4,4,ACCGGATAACACTTTCGAGT,0,1302732
furpa,0.2,4,4,ACCGCGTTACTACAGCATAA,0,1332965
furpa,0.2,4,4,ACCGCCTCACTCCCTCATGC,0,1341983
furpa,0.2,4,4,ACCGATTAACTAGCCGTGGT,0,1293497
furpa,0.2,4,4,ACCCGTGCGGTTGCCCTTAA,0,1314060
furpa,0.2,4,4,ACCCCTTGTGTAACAGAATC,0,1282597
furpa,0.2,4,4,ACCCCTGTCTTAGGACTGAA,0,1278600
furpa,0.2,4,4,ACCCATCCGCTAGACATCAT,0,1316132
furpa,0.2,4,4,ACCATATAACGTCAGTAAAG,0,1299656
furpa,0.2,4,4,ACCAGCTGTCCCCCATGATG,0,1299429
furpa,0.2,4,4,ACCAGCTCTCCGGTGGGCGA,0,1299421
furpa,0.2,4,4,ACCAGAATAAGAAGGAGTGT,0,1278555
furpa,0.2,4,4,ACCAGAAGCCCTCGTTTTAT,0,1297882
furpa,0.2,4,4,ACCACTTCGGGTTACGGGGT,0,1335219
furpa,0.2,4,4,ACCAATGGGATCATCCCGGC,0,1337432
furpa,0.2,4,4,ACCAACTCTGTTGAGTTATC,0,1355524
furpa,0.2,4,4,ACCAACCTTGGATCACGGGA,0,1354633
furpa,0.2,4,4,ACCAAACGTCCCCACTTGTC,0,1326805
furpa,0.2,4,4,ACATTTTTGCGGATGAGACT,0,1291135
furpa,0.2,4,4,ACATTCCATTCCGATGTTGG,0,1338939
furpa,0.2,4,4,ACATGCACCTGGGCTTGGGT,0,1318958
furpa,0.2,4,4,ACATCTGGTCTCATGGGATG,0,1271941
furpa,0.2,4,4,ACATCCTCCATTAGTCAAGT,0,1353431
furpa,0.2,4,4,ACATAATGTCGTACTATCAA,0,1329861
furpa,0.2,4,4,ACATAATATTGCCGGTGTCT,0,1332232
furpa,0.2,4,4,ACAGTGCGCTATTATAGCCA,0,1328366
furpa,0.2,4,4,ACAGTGCCCAAATCCAAGTT,0,1319914
furpa,0.2,4,4,ACAGTAGTAACTGTTGGGCA,0,1303631
furpa,0.2,4,4,ACAGGGGGCGGAATTCTAGC,0,1305215
furpa,0.2,4,4,ACAGGGGCTACGCCCCGGCG,0,1309661
furpa,0.2,4,4,ACAGGACCCGTAGCGTACCT,0,1294413
furpa,0.2,4,4,ACAGCCACTATGATGCTTGG,0,1314590
furpa,0.2,4,4,ACAGCCACCCCGCGTCTGTA,0,1273252
furpa,0.2,4,4,ACAGATTCGCATCGCGGCCT,0,1308306
furpa,0.2,4,4,ACAGAGATATGAGGTTGGCT,0,1315685
furpa,0.2,4,4,ACAGACCTGCCTGCAATCAT,0,1338219
furpa,0.2,4,4,ACAGAATAACCGAGCAACAA,0,1281525
furpa,0.2,4,4,ACACTGATAAGGCAATCTAA,0,1343798
furpa,0.2,4,4,ACACGTCGTCTAGGTTCTCT,0,1306500
furpa,0.2,4,4,ACACGTATGTTACTGATCGG,0,1317792
furpa,0.2,4,4,ACACGCTGAATTCACGATAC,0,1292124
furpa,0.2,4,4,ACACGCCCGGTCGAACGCCA,0,1347587
furpa,0.2,4,4,ACACGACGCCGGGGGATCAC,0,1319844
furpa,0.2,4,4,ACACGACCCACTCCCACCTC,0,1292247
furpa,0.2,4,4,ACACATATCCCTCAGGACCA,0,1356986
furpa,0.2,4,4,ACACAGTGCTCCGCACCAGA,0,1298769
furpa,0.2,4,4,ACACACACATCCGGAAGCTT,0,1275086
furpa,0.2,4,4,ACACAACTTATGCAAATTTT,0,1311573
furpa,0.2,4,4,ACAATCGTCACGGAGAGTAG,0,1289964
furpa,0.2,4,4,ACAATCCTACTTGCTCGCCA,0,1347718
furpa,0.2,4,4,ACAATCACGCAAACCCTGTA,0,1339081
furpa,0.2,4,4,ACAAGTGCGTCCAGCGTTAC,0,1325713
furpa,0.2,4,4,ACAAGGTGCCCGTTTGAGAT,0,1356186
furpa,0.2,4,4,ACAAGGACAACCACCTAAAT,0,1280940
furpa,0.2,4,4,ACAACGTGGAGCTCGTGTAT,0,1289686
furpa,0.2,4,4,AATTTTTTAAATTTTTTGTT,0,1322029
furpa,0.2,4,4,AATTTCCTTTATAGCTGGCC,0,1345537
furpa,0.2,4,4,AATTTCATATTAGATGCCTG,0,1276478
furpa,0.2,4,4,AATTTAATCATATGGTATCA,0,1282840
furpa,0.2,4,4,AATTGCTTCGAAGGTGAGTG,0,1297934
furpa,0.2,4,4,AATTGCTCGTTTACAGACCC,0,1299252
furpa,0.2,4,4,AATTGCCGTTCGATCTGAGT,0,1324942
furpa,0.2,4,4,AATTACTCGCAAGAACCGGA,0,1341479
furpa,0.2,4,4,AATGTTACGCTTGTACATGC,0,1271506
furpa,0.2,4,4,AATGTGTGCCGTATGCGGTC,0,1271349
furpa,0.2,4,4,AATGTAGTGGCCCCGTCCGA,0,1343571
furpa,0.2,4,4,AATGGTACTGGGGGGGATCC,0,1280500
furpa,0.2,4,4,AATGGGTGCAATCATAGTCC,0,1322635
furpa,0.2,4,4,AATGCATGATTCCCACCTAG,0,1303617
furpa,0.2,4,4,AATGCACTGCCAAGGGATGC,0,1314126
furpa,0.2,4,4,AATGACTCAATCCCGGTCCT,0,1290444
furpa,0.2,4,4,AATCTGTCGGGCCTCTGACG,0,1348777
furpa,0.2,4,4,AATCTGCTATGATGAGGTTC,0,1316071
furpa,0.2,4,4,AATCTATCTGGAGGCGGTGT,0,1312825
furpa,0.2,4,4,AATCGAGCCTACGGTCACAA,0,1278548
furpa,0.2,4,4,AATCCTCAGCCAGTTGATGA,0,1335891
furpa,0.2,4,4,AATCATTCGAAATCCCGAAG,0,1323643
furpa,0.2,4,4,AATCAGCCATAAGTAGCATA,0,1291467
furpa,0.2,4,4,AATCACGTCTTTACGGGCCA,0,1296298
furpa,0.2,4,4,AATCACAAGCTCGACACCTC,0,1302701
furpa,0.2,4,4,AATATGCGGGCTCCAGTGGA,0,1323858
furpa,0.2,4,4,AATACGACAATCGGATGAGG,0,1340975
furpa,0.2,4,4,AATACCGAGCGGGGGCGTCT,0,1337707
furpa,0.2,4,4,AATACCCCTGATTTGGTTCA,0,1356814
furpa,0.2,4,4,AATAATTATTGGGATAACAA,0,1292506
furpa,0.2,4,4,AATAATCGTGACCGAGGTGC,0,1272183
furpa,0.2,4,4,AATAACCGCCTGTGAGTCTA,0,1335341
furpa,0.2,4,4,AAGTTGTTGACGATGTGTCT,0,1278764
furpa,0.2,4,4,AAGTTGCGTGATAACCGCGA,0,1303985
furpa,0.2,4,4,AAGTTCTCTGGGTTTTCTGA,0,1338048
furpa,0.2,4,4,AAGTTCACCCTGGGAACAGT,0,1284710
furpa,0.2,4,4,AAGTGTACACTTTTAGTATC,0,1298157
furpa,0.2,4,4,AAGTGGGAAGATCACTGTGG,0,1296019
furpa,0.2,4,4,AAGTCTCCCCTAGCCTAATC,0,1321627
furpa,0.2,4,4,AAGTATGGTGAGCATCTTAT,0,1355053
furpa,0.2,4,4,AAGTACTTTCCGCTGGAGGG,0,1272223
furpa,0.2,4,4,AAGTAAGGTAAACCGACCTC,0,1315516
furpa,0.2,4,4,AAGGTTTGTAACATCTACTT,0,1287399
furpa,0.2,4,4,AAGGTTGCGTTAGTTATCAG,0,1350532
furpa,0.2,4,4,AAGGTATGTACGGTGCCCAG,0,1352567
furpa,0.2,4,4,AAGGGTCAAGTTGTGTGTTA,0,1307182
furpa,0.2,4,4,AAGGGAGCAACTAAGGCACC,0,1291085
furpa,0.2,4,4,AAGGCTCTTTACCGGCCTTG,0,1338043
furpa,0.2,4,4,AAGGAAGAGTGCCAAGTATC,0,1293545
furpa,0.2,4,4,AAGGAAAACTAAAAGAGCGT,0,1307888
furpa,0.2,4,4,AAGCTTAAACGCGCGGTGCT,0,1347650
furpa,0.2,4,4,AAGCTCTCGGATTCACACTG,0,1292790
furpa,0.2,4,4,AAGCTCCGGACTCTTCCCCG,0,1329788
furpa,0.2,4,4,AAGCCTAGGTCTAGCCTCAC,0,1348270
furpa,0.2,4,4,AAGCCCGATTCCCGGCGTCG,0,1286906
furpa,0.2,4,4,AAGCATTGTCAGGGCTTTCT,0,1349971
furpa,0.2,4,4,AAGCAACCGAGATACGGCTA,0,1282170
furpa,0.2,4,4,AAGATTAAGTATACTTGATT,0,1315220
furpa,0.2,4,4,AAGAGTTCCTGGTGCTCACA,0,1294948
furpa,0.2,4,4,AAGAGTCAAGCATCCAGTCC,0,1286637
furpa,0.2,4,4,AAGAGTATGGATGACGGGCT,0,1300422
furpa,0.2,4,4,AAGAGTACCTCTTGAATCTC,0,1324015
furpa,0.2,4,4,AAGACAATATGACGAGGATC,0,1309006
furpa,0.2,4,4,AAGAAAAAGCCGGAGTGATT,0,1311556
furpa,0.2,4,4,AACTTGGGATACAGGACTGA,0,1302928
furpa,0.2,4,4,AACTTCCGGTTGCGGAGTCT,0,1325709
furpa,0.2,4,4,AACTGTACACTGATGGTTAT,0,1306686
furpa,0.2,4,4,AACTGAACCACTTCAAGAGT,0,1310123
furpa,0.2,4,4,AACTCTATAATTCACGCGTC,0,1287990
furpa,0.2,4,4,AACTCATCACTGCTTGATAC,0,1318799
furpa,0.2,4,4,AACTAGAGCCTTTTTAACTG,0,1319023
furpa,0.2,4,4,AACTAAGTCGATCTTACCAT,0,1333986
furpa,0.2,4,4,AACGTGATTGTTCAGAATAC,0,1306924
furpa,0.2,4,4,AACGGGATCGCGCAATCGCT,0,1341941
furpa,0.2,4,4,AACGGAAGCCGATAGTCCCG,0,1298719
furpa,0.2,4,4,AACGCTTGGTGACGCTGACG,0,1349478
furpa,0.2,4,4,AACGCGACACGCAAATTCGA,0,1339492
furpa,0.2,4,4,AACGCCTTTGAGCCAGAGCA,0,1298437
furpa,0.2,4,4,AACCGGCTTCGCGGGTGTTA,0,1280835
furpa,0.2,4,4,AACCGGCGAAATGATGCCTT,0,1325064
furpa,0.2,4,4,AACCCTAGGAGAAATTAGAG,0,1352828
furpa,0.2,4,4,AACCCGAAACGTTTATTGAT,0,1294972
furpa,0.2,4,4,AACCAGTGAATCATGCAGGA,0,1334342
furpa,0.2,4,4,AACATTCGCGCGTGGCCCAC,0,1355648
furpa,0.2,4,4,AACAGGACCGTCCAGGAGTT,0,1289143
furpa,0.2,4,4,AACAGCAGGTCAAATAGGAA,0,1291278
furpa,0.2,4,4,AACAAGCGGTCCGGCGAGAG,0,1325086
furpa,0.2,4,4,AACAAACTGTGCGACTTATT,0,1338222
furpa,0.2,4,4,AAATTTACCTCGACCAATCA,0,1299920
furpa,0.2,4,4,AAATCGACTTGACCAATACT,0,1333325
furpa,0.2,4,4,AAATCCGGCACTGTTTACAA,0,1291754
furpa,0.2,4,4,AAATCCCAAACATTCTTATA,0,1277819
furpa,0.2,4,4,AAATATGCATTCGTGTGTCC,0,1304971
furpa,0.2,4,4,AAATACTAAATACCGGTTAA,0,1336496
furpa,0.2,4,4,AAATAATGTGACGCACCTCG,0,1277345
furpa,0.2,4,4,AAATAATGGTACCTCTGTTA,0,1273611
furpa,0.2,4,4,AAAGTGATTTTAGGTCCATC,0,1357009
furpa,0.2,4,4,AAAGTCCAATAGCAGGACCT,0,1292103
furpa,0.2,4,4,AAAGGATCCGGCCCCGTTCT,0,1285471
furpa,0.2,4,4,AAAGCAATCAGTCGTGCTCG,0,1330964
furpa,0.2,4,4,AAACGTTCCACGTTGATACG,0,1314103
furpa,0.2,4,4,AAACGTAGAATTTTTTTCTA,0,1293983
furpa,0.2,4,4,AAACGGACGAAATGGAGGGC,0,1322765
furpa,0.2,4,4,AAACGCTTGCGTTAATAATT,0,1345895
furpa,0.2,4,4,AAACGCTCACCTTCCCTGTA,0,1289977
furpa,0.2,4,4,AAACGAGACCGGCTGGTAGC,0,1319949
furpa,0.2,4,4,AAACAGTGTTAACCCGCTGG,0,1306506
furpa,0.2,4,4,AAACACCAGTTCCTGGAGGT,0,1298527
furpa,0.2,4,4,AAACAATTGCCCATCGGCCA,0,1354807
furpa,0.2,4,4,AAAATTCGGAGTCGTTCCAT,0,1325416
furpa,0.2,4,4,AAAATCTCTTTAACCTCAGG,0,1314121
furpa,0.2,4,4,AAAATCCCGGATCTGATACA,0,1307140
furpa,0.2,4,4,AAAAGTGCATATTACTGACC,0,1345835
furpa,0.2,4,4,AAAAGCATCGCGGGTATGAT,0,1307925
furpa,0.2,4,4,AAAACGGAATGGCGAATGGC,0,1290972
furpa,0.2,4,4,AAAAAGCTACCCATAATCGA,0,1328389
furpa,0.2,4,4,AAAAAAGGAGTGTAGCACGC,0,1325974
furpa,0.25,3,3,TTTTTTTTAATTGCTTTGAG,0,1327231
furpa,0.25,3,3,TTTTTTTCCTAGAGGCAAGA,0,1337346
furpa,0.25,3,3,TTTTTCCCTCTGGAAGGTCA,0,1348330
furpa,0.25,3,3,TTTTTACAATTTAAATTCAA,0,1299286
furpa,0.25,3,3,TTTTGTTTGTCCCAAAGGTC,0,1326438
furpa,0.25,3,3,TTTTGTGACAGGGGCAATGG,0,1305418
furpa,0.25,3,3,TTTTCTTCGCTCAAAGGTGT,0,1357424
furpa,0.25,3,3,TTTTCGTCTTTTAAGCTAAA,0,1302539
furpa,0.25,3,3,TTTTCGCAACATTTCCCTCA,0,1328027
furpa,0.25,3,3,TTTTCCTACATATAAGCCGA,0,1331853
furpa,0.25,3,3,TTTTCAGAGGAGGTACAGTA,0,1317747
furpa,0.25,3,3,TTTTATTATGGTAGAGGGAC,0,1290312
furpa,0.25,3,3,TTTTATGGTCGGCTCGGGGT,0,1302586
furpa,0.25,3,3,TTTTATACAGGTAAAGCAGA,0,1340371
furpa,0.25,3,3,TTTTAGCCGACCCGTGGTGG,0,1310562
furpa,0.25,3,3,TTTTAAAGGGTATGTGGAAG,0,1316405
furpa,0.25,3,3,TTTGTTTGTAGAGCGAGGTT,0,1299778
furpa,0.25,3,3,TTTGTGTTGCCTTCGCGCCA,0,1337076
furpa,0.25,3,3,TTTGGTGGCGAAACACGATT,0,1339751
furpa,0.25,3,3,TTTGGTCTATACCGCTATCT,0,1321290
furpa,0.25,3,3,TTTGCTGCGTCGAGGTTAAT,0,1279633
furpa,0.25,3,3,TTTGCTGACAGGTATCCTAC,0,1292340
furpa,0.25,3,3,TTTGCGTAAGAACCCAGAGC,0,1344455
furpa,0.25,3,3,TTTGCCGTTTCATCGTACAT,0,1302138
furpa,0.25,3,3,TTTGCACATCCTGGGAGAAG,0,1279323
furpa,0.25,3,3,TTTGAGGGAAACCCCAAACG,0,1290457
furpa,0.25,3,3,TTTCTGTACCATCATCTGAT,0,1309832
furpa,0.25,3,3,TTTCTAATATGGGACTTCTC,0,1331081
furpa,0.25,3,3,TTTCGGTAGGTAGCTAAGTA,0,1310155
furpa,0.25,3,3,TTTCGGCACCAAGAGAGCCG,0,1307870
furpa,0.25,3,3,TTTCCTACGACTTGCACGCC,0,1296763
furpa,0.25,3,3,TTTCCGGAGAAGGGTTACCA,0,1320496
furpa,0.25,3,3,TTTCCAAATCGGTTGTCCAG,0,1272006
furpa,0.25,3,3,TTTCATACCCTCCCCACTCG,0,1323975
furpa,0.25,3,3,TTTCACTTTAGATGACTGTA,0,1314595
furpa,0.25,3,3,TTTCACGTCAGGCCGACACT,0,1296747
furpa,0.25,3,3,TTTATCGTTCCTACGCATTA,0,1353507
furpa,0.25,3,3,TTTAGTTGTTTTTGAAATGA,0,1286674
furpa,0.25,3,3,TTTAGGTCGCACAGGTGGAG,0,1305372
furpa,0.25,3,3,TTTACTGGAGGCGCCCCCAC,0,1296009
furpa,0.25,3,3,TTTACTGACAAAACTCGTAG,0,1318348
furpa,0.25,3,3,TTTACGCGCGCCTTATGAAG,0,1271422
furpa,0.25,3,3,TTTACACTCCCTGGCATTAT,0,1315881
furpa,0.25,3,3,TTTAAGTTCCTCCTGACGTG,0,1306697
furpa,0.25,3,3,TTTAAGTGTGGAATTCGACT,0,1333324
furpa,0.25,3,3,TTTAACTACGCGAAGTTTGT,0,1299185
furpa,0.25,3,3,TTTAACGCGTCACCAGCTGC,0,1295986
furpa,0.25,3,3,TTGTTGACGGCAAGGTGGGA,0,1308078
furpa,0.25,3,3,TTGTTCAAGACCAACAACAA,0,1318131
furpa,0.25,3,3,TTGTCTATTCTGAACTTGCT,0,1276954
furpa,0.25,3,3,TTGTCATCACAGCTGGTTGT,0,1272736
furpa,0.25,3,3,TTGTCACTGGTACGCTCGTA,0,1319483
furpa,0.25,3,3,TTGTATTGTGTTCCTTAATC,0,1325023
furpa,0.25,3,3,TTGTACTTTAGCATTTAAGG,0,1282965
furpa,0.25,3,3,TTGGTTTAGTCAACAAAATC,0,1306509
furpa,0.25,3,3,TTGGTTTAGGCACTGGACTG,0,1354697
furpa,0.25,3,3,TTGGTTGCAGCATGCGCTCT,0,1325261
furpa,0.25,3,3,TTGGTGGCCGGTCCTGGGTG,0,1352245
furpa,0.25,3,3,TTGGTACGTAAGGGAGATTT,0,1312431
furpa,0.25,3,3,TTGGGTCCAGCGCCCGATCA,0,1301569
furpa,0.25,3,3,TTGGGGGAGCCTTTCAAAAG,0,1343752
furpa,0.25,3,3,TTGGGAAACGCCGAAGGGAT,0,1341935
furpa,0.25,3,3,TTGGCTATACTCGCTGCTAT,0,1313094
furpa,0.25,3,3,TTGGCGGCGGGGTCCTAAAC,0,1304981
furpa,0.25,3,3,TTGGCAAGGTGGGGGCGCCC,0,1273441
furpa,0.25,3,3,TTGGATTACAGGGGCCGCAC,0,1291127
furpa,0.25,3,3,TTGGAGTTTGATTTGGCGGG,0,1353997
furpa,0.25,3,3,TTGGAGCTAGGACTCGCGCT,0,1346842
furpa,0.25,3,3,TTGGACGGCTGGGCGCAGAC,0,1310169
furpa,0.25,3,3,TTGGACATTTGTCCGTTAGG,0,1328623
furpa,0.25,3,3,TTGGACAATGGGCCATCGGC,0,1283087
furpa,0.25,3,3,TTGGACAACACTTCTAGTGT,0,1357543
furpa,0.25,3,3,TTGCTGACCTCCTAACTTGT,0,1292755
furpa,0.25,3,3,TTGCTACGGCTTGGCGGTGA,0,1298934
furpa,0.25,3,3,TTGCGTTCAGGGACAGCATT,0,1316695
furpa,0.25,3,3,TTGCGGGGCAGGGGGCGGTG,0,1322377
furpa,0.25,3,3,TTGCGGGAATCCCGATGTTC,0,1312981
furpa,0.25,3,3,TTGCCCTAGGCTAGAGCGGG,0,1344383
furpa,0.25,3,3,TTGCACGTGGGATAATCCCT,0,1339874
furpa,0.25,3,3,TTGATTCTGGCCAACTCTAC,0,1342649
furpa,0.25,3,3,TTGATAAAGTGCACCGACGT,0,1300380
furpa,0.25,3,3,TTGAGGTTGGCAGACCGGCC,0,1327981
furpa,0.25,3,3,TTGAGGCGAATATCTGTCTT,0,1289241
furpa,0.25,3,3,TTGAGACAGGTCGCCCTACA,0,1338532
furpa,0.25,3,3,TTGACGTTTTACCGTGACAC,0,1326106
furpa,0.25,3,3,TTGACCGACCGGCGGGCGTC,0,1278135
furpa,0.25,3,3,TTGACAGCTTCACAAAGTTC,0,1280270
furpa,0.25,3,3,TTGACAAGCGACATCGAAGT,0,1319693
furpa,0.25,3,3,TTGAATTATCCGGGGCTTAT,0,1288005
furpa,0.25,3,3,TTCTGCTCGAGGATCGCCTC,0,1292379
furpa,0.25,3,3,TTCTGCCAGATCACATATAG,0,1325934
furpa,0.25,3,3,TTCTCTTCGGAACCTAAGCT,0,1331417
furpa,0.25,3,3,TTCTCGCACGGTTGGCGTTT,0,1320280
furpa,0.25,3,3,TTCTCCTGCCTTGACTGCCT,0,1337211
furpa,0.25,3,3,TTCGTGTGCACAGTTACTAC,0,1283402
furpa,0.25,3,3,TTCGTACCACTCATGGTGAG,0,1351069
furpa,0.25,3,3,TTCGTACAGCCGGGTTATGT,0,1335686
furpa,0.25,3,3,TTCGGGGTGAAACCTGCGCA,0,1323180
furpa,0.25,3,3,TTCGGCTTAAAGATCGTATA,0,1301847
furpa,0.25,3,3,TTCGCTTTTGCCGAGTTCCT,0,1294353
furpa,0.25,3,3,TTCGCTGGCTGAATGGGTGA,0,1337797
furpa,0.25,3,3,TTCGCGTCAAGTTAGTATGT,0,1277418
furpa,0.25,3,3,TTCGCGATCGCCGAACCTAA,0,1341386
furpa,0.25,3,3,TTCGCGAGGTCAAAAACATC,0,1327508
furpa,0.25,3,3,TTCGCGAGAGTTCGCGAGCG,0,1277195
furpa,0.25,3,3,TTCGCCATTGAGGCACTCTC,0,1291517
furpa,0.25,3,3,TTCGATCCCCTATATCCGTG,0,1296748
furpa,0.25,3,3,TTCGAGCCACACGTCATCTA,0,1350497
furpa,0.25,3,3,TTCGAATCAGGATCAGGGGA,0,1329219
furpa,0.25,3,3,TTCCTTATTAACAGGCTAAG,0,1338981
furpa,0.25,3,3,TTCCGTGCAGAGCCTTACTC,0,1287164
furpa,0.25,3,3,TTCCGCGAGGTTCGGCGCTT,0,1345557
furpa,0.25,3,3,TTCCGCATTTATTGTTGGGC,0,1291812
furpa,0.25,3,3,TTCCGACACTGCCGGGACAA,0,1279468
furpa,0.25,3,3,TTCATGAGATTCAAAATCTT,0,1286290
furpa,0.25,3,3,TTCATCAAGCGTATCGGATG,0,1331094
furpa,0.25,3,3,TTCAGGATTGTGGCGACTGC,0,1341622
furpa,0.25,3,3,TTCAGGACGGTCTTCTTTCA,0,1344038
furpa,0.25,3,3,TTCAGGAATATCCCAGTTAG,0,1284255
furpa,0.25,3,3,TTCAGCTAGGTTTTAACTTG,0,1286421
furpa,0.25,3,3,TTCAGAGGTGCACTCTTGTT,0,1337673
furpa,0.25,3,3,TTCAGACTACGTTCGTCCCA,0,1335509
furpa,0.25,3,3,TTCACGTCCACGCGCTTTAC,0,1352993
furpa,0.25,3,3,TTCACGTAGCGTACATCGGG,0,1328502
furpa,0.25,3,3,TTCACAGCCTGTACACTCGG,0,1281648
furpa,0.25,3,3,TTCAAGTATAAATAGCATCC,0,1277404
furpa,0.25,3,3,TTCAAGTAGTCAGAGGTTTT,0,1284182
furpa,0.25,3,3,TTCAAAGCGAACCTGTGAGC,0,1320493
furpa,0.25,3,3,TTATTTGGAACTGAACACGT,0,1304288
furpa,0.25,3,3,TTATTTCCGGCAATCTCTAT,0,1315819
furpa,0.25,3,3,TTATTGTGTATCAGGTGGGA,0,1298035
furpa,0.25,3,3,TTATTGCCTATTGAAATCAA,0,1294251
furpa,0.25,3,3,TTATTCGTCTGACGCGTGCT,0,1349359
furpa,0.25,3,3,TTATGGGGCCGGTCAATTCG,0,1344556
furpa,0.25,3,3,TTATCGGTGGTCCGTTCAGA,0,1302885
furpa,0.25,3,3,TTATCGCGAGTTTTTTTCTA,0,1349838
furpa,0.25,3,3,TTATCCGCACCTATTAGCGT,0,1276123
furpa,0.25,3,3,TTATATTAAAGCCCCAATAT,0,1311502
furpa,0.25,3,3,TTATAGGAAAGGCTAGCGGA,0,1338972
furpa,0.25,3,3,TTAGTTCTCTCATCGCCTCT,0,1291212
furpa,0.25,3,3,TTAGTTCACGATGTGGCATC,0,1328383
furpa,0.25,3,3,TTAGTGTACTGGTATATCTG,0,1293223
furpa,0.25,3,3,TTAGTGGCCACCATCGCGCC,0,1272910
furpa,0.25,3,3,TTAGTCATGAGTGTAGTATA,0,1357627
furpa,0.25,3,3,TTAGGTCTCCGCTCAGGGTC,0,1288308
furpa,0.25,3,3,TTAGGGTGGGGTGGAACGGG,0,1344413
furpa,0.25,3,3,TTAGGGCGGATATCTACGTA,0,1317118
furpa,0.25,3,3,TTAGGATGGCGCGTTACAAT,0,1290693
furpa,0.25,3,3,TTAGCGCGTAGATCGCGTAA,0,1278073
furpa,0.25,3,3,TTAGCATATCTTCATTATCA,0,1273757
furpa,0.25,3,3,TTAGAATTACGGCGAGAGTT,0,1324522
furpa,0.25,3,3,TTACGGTCCCGGACCAGGGA,0,1276924
furpa,0.25,3,3,TTACGGACACCATAAGGACC,0,1330115
furpa,0.25,3,3,TTACGCTAGTTTTAATCCGA,0,1316006
furpa,0.25,3,3,TTACGAAGGAATTAGACACA,0,1327376
furpa,0.25,3,3,TTACGAAACGTCTGATGCCG,0,1353695
furpa,0.25,3,3,TTACCGTGTTTCTGTGGTAG,0,1308280
furpa,0.25,3,3,TTACCCTGATCTGGAGCGGT,0,1340539
furpa,0.25,3,3,TTACATGTAGCGCGGTCTAA,0,1284867
furpa,0.25,3,3,TTACAGTTAGTGAGACGTAT,0,1285780
furpa,0.25,3,3,TTACAGTGGTACCGGCGCGG,0,1287988
furpa,0.25,3,3,TTACAAGCTATCAGCGGGGC,0,1354287
furpa,0.25,3,3,TTAAGTCTATTCTAAGCATG,0,1339363
furpa,0.25,3,3,TTAAGTAAGCAGGTCTGCAG,0,1296877
furpa,0.25,3,3,TTAAGGTTATCGGCTAAGCC,0,1312719
furpa,0.25,3,3,TTAACTCTAAGTTCTCCCGG,0,1288448
furpa,0.25,3,3,TTAACAATCAGTTCACCCAA,0,1332711
furpa,0.25,3,3,TTAAATGGAAAAGCAGCAAA,0,1349859
furpa,0.25,3,3,TGTTTGTCAGTGACTGGAAG,0,1293729
furpa,0.25,3,3,TGTTTGCTACGGAGGCTGCT,0,1314486
furpa,0.25,3,3,TGTTCTGTTGGGGAGCGCTG,0,1347864
furpa,0.25,3,3,TGTTCATATAATCCCGACTC,0,1311359
furpa,0.25,3,3,TGTTATCTATGAATTTGAAA,0,1288725
furpa,0.25,3,3,TGTTACAAGTGCTATACATT,0,1354582
furpa,0.25,3,3,TGTTAATGGCCGTCTGTAAG,0,1306171
furpa,0.25,3,3,TGTGTTTTGCACAACTACTG,0,1350589
furpa,0.25,3,3,TGTGTGGTCCCTCAGCGGCA,0,1323580
furpa,0.25,3,3,TGTGGTGCGCATGCGCATTC,0,1310536
furpa,0.25,3,3,TGTGCTCGAATTAGCAAATT,0,1324296
furpa,0.25,3,3,TGTGACGATCTGGTCCAAAG,0,1319486
furpa,0.25,3,3,TGTGACATAAATCCTAACGT,0,1318598
furpa,0.25,3,3,TGTCTGCGTTACCCTGCGTG,0,1312566
furpa,0.25,3,3,TGTCTGCATTCCCCCGTACT,0,1314839
furpa,0.25,3,3,TGTCTAGGACACCCGTTTGA,0,1354419
furpa,0.25,3,3,TGTCTAGCTCACAGGAGGTC,0,1308966
furpa,0.25,3,3,TGTCGGGTGATACATCATCC,0,1323489
furpa,0.25,3,3,TGTCGCGAGAGCTTACCGAG,0,1307148
furpa,0.25,3,3,TGTCCGAAATGAAGGATATA,0,1350098
furpa,0.25,3,3,TGTCCCGTTTCTAGATAACA,0,1300341
furpa,0.25,3,3,TGTCCCCGCTTACGAAATAT,0,1300942
furpa,0.25,3,3,TGTCCATCTAGCTTCGGACG,0,1303363
furpa,0.25,3,3,TGTCAGTGTCAATTCCGGAC,0,1325572
furpa,0.25,3,3,TGTCAGGTCGAAGACTCATG,0,1345726
furpa,0.25,3,3,TGTCAGATTCGCGGAGCGCA,0,1302648
furpa,0.25,3,3,TGTCACTTGCTCCGGGGCGT,0,1299230
furpa,0.25,3,3,TGTCACACTGTATCCAGTTC,0,1287003
furpa,0.25,3,3,TGTCAACACATTTCCAGCCC,0,1328715
furpa,0.25,3,3,TGTATTAGGTTCCCCTTCCC,0,1297544
furpa,0.25,3,3,TGTATCCTTTTTCATTTCGT,0,1292294
furpa,0.25,3,3,TGTAGGTAGCCCATACGGAA,0,1342104
furpa,0.25,3,3,TGTACGGTATGCTATTCATG,0,1300662
furpa,0.25,3,3,TGTACGGCGGGACTTGCCCT,0,1317787
furpa,0.25,3,3,TGTACATGTGTATGCCCACC,0,1344360
furpa,0.25,3,3,TGTACAGCGATCGCGAGCTA,0,1287802
furpa,0.25,3,3,TGTACACGCAGGTCGAAATT,0,1346451
furpa,0.25,3,3,TGTAACTTTTATAATCAAAT,0,1314380
furpa,0.25,3,3,TGTAACACTCTCGTGAACAA,0,1323343
furpa,0.25,3,3,TGGTGGAGTACGAGATCACT,0,1337518
furpa,0.25,3,3,TGGTGATCTACCAGTCATCA,0,1285206
furpa,0.25,3,3,TGGTCTGCAATAGACTCAGT,0,1299962
furpa,0.25,3,3,TGGTCTCAGGCACTACCATT,0,1293636
furpa,0.25,3,3,TGGTCGGATACTGGAATTTC,0,1293708
furpa,0.25,3,3,TGGTCGAGCCGAGCGGACGT,0,1346271
furpa,0.25,3,3,TGGTATCTTGGTAGACTGAC,0,1296843
furpa,0.25,3,3,TGGTAGCTAGTGCTAACTAC,0,1339841
furpa,0.25,3,3,TGGTAGACGAGAGTCATCTA,0,1335922
furpa,0.25,3,3,TGGGTTATGGTAACCATAGG,0,1289455
furpa,0.25,3,3,TGGGTCGGAAGGAATTAAAT,0,1297788
furpa,0.25,3,3,TGGGTCCTGTGATCGGGCTT,0,1271285
furpa,0.25,3,3,TGGGGGTCTAATTCTCTCGG,0,1274280
furpa,0.25,3,3,TGGGGCTTCTAGAGCCACGG,0,1332901
furpa,0.25,3,3,TGGGGCTTCCTTATACGTTA,0,1319028
furpa,0.25,3,3,TGGGCTTACGGCGTCTAATA,0,1281646
furpa,0.25,3,3,TGGGCGAGTACCATTAGGTC,0,1355804
furpa,0.25,3,3,TGGGCATCGGGGGTCTGTAC,0,1304306
furpa,0.25,3,3,TGGCTTCACGCACGATCTCT,0,1339447
furpa,0.25,3,3,TGGCTGTTAACAGATTCCGG,0,1288530
furpa,0.25,3,3,TGGCTCGAGCATTTGTGCGA,0,1323405
furpa,0.25,3,3,TGGCGTCGTTTATTAGGATT,0,1294230
furpa,0.25,3,3,TGGCGGTTGGAAAAGCTATT,0,1309287
furpa,0.25,3,3,TGGCGGTCAGATGGCCCACT,0,1329076
furpa,0.25,3,3,TGGCGGGTTTAACAGCTCTC,0,1306216
furpa,0.25,3,3,TGGCCGTAGAAGCTTTGAGA,0,1296228
furpa,0.25,3,3,TGGCCCGAAAATATCAGACG,0,1357620
furpa,0.25,3,3,TGGCCAATCTTGCGTTCTTT,0,1294846
furpa,0.25,3,3,TGGCATTATTAGGAGCTTCA,0,1282093
furpa,0.25,3,3,TGGCATAATCCGTTAATTAA,0,1345050
furpa,0.25,3,3,TGGCACGAATATCTTTGTTG,0,1315720
furpa,0.25,3,3,TGGATTTGGCGCTTAGTTTG,0,1300672
furpa,0.25,3,3,TGGATTATTAAGATGTTGCT,0,1295947
furpa,0.25,3,3,TGGATGTGGTGGTACAACGT,0,1318458
furpa,0.25,3,3,TGGATGAGGCATAGAGATTT,0,1327771
furpa,0.25,3,3,TGGATCGATGCGCAATGCAA,0,1352697
furpa,0.25,3,3,TGGAGTATCCTGGACTTCGC,0,1278913
furpa,0.25,3,3,TGGAGGCTCCAGTGAGGTAT,0,1278416
furpa,0.25,3,3,TGGAGCAATCAAGAGCGGGG,0,1275546
furpa,0.25,3,3,TGGACTCGGCACAGTAAATA,0,1354565
furpa,0.25,3,3,TGGACCACCCGAGTAGTTAG,0,1287989
furpa,0.25,3,3,TGCTTTGACCCAGCGGTTTT,0,1302065
furpa,0.25,3,3,TGCTTTCCGGGGGGACTCTC,0,1345789
furpa,0.25,3,3,TGCTTTAATGACAAGTGATA,0,1286050
furpa,0.25,3,3,TGCTGTGTCCAAACATATGT,0,1325071
furpa,0.25,3,3,TGCTGTGGTAACCGGATCGC,0,1312594
furpa,0.25,3,3,TGCTGTCAACGGATGGATCA,0,1321796
furpa,0.25,3,3,TGCTGTAAACATGTACTCAA,0,1336704
furpa,0.25,3,3,TGCTGACGTTGACCTCGAAA,0,1271829
furpa,0.25,3,3,TGCTCGTGTTTAGGGCGAGC,0,1353441
furpa,0.25,3,3,TGCTCGTCAACTGTATCAGC,0,1321779
furpa,0.25,3,3,TGCTCGACTCACGACGAAAG,0,1343108
furpa,0.25,3,3,TGCTCCTGATGTCTACATCA,0,1284645
furpa,0.25,3,3,TGCTCCCAACACGTCTCTCA,0,1293028
furpa,0.25,3,3,TGCTAGTGTGCACTCGGATA,0,1274870
furpa,0.25,3,3,TGCTAGCTAACTCGTTGGGA,0,1309533
furpa,0.25,3,3,TGCTAGATGTCGGAAATTGA,0,1337733
furpa,0.25,3,3,TGCTACTTTCAACTGGGGGA,0,1307484
furpa,0.25,3,3,TGCTACATTATTACTCACCC,0,1346037
furpa,0.25,3,3,TGCTAATGTGCCCCCGAGCT,0,1354376
furpa,0.25,3,3,TGCGTGGGTATTCATTCCTC,0,1296546
furpa,0.25,3,3,TGCGGTGCCAAACGTATTCT,0,1299942
furpa,0.25,3,3,TGCGGGTTGCGTAACACCAA,0,1300780
furpa,0.25,3,3,TGCGCTTGAGAAAGGTCTTA,0,1303618
furpa,0.25,3,3,TGCGCCCACGAGGTGTGGTC,0,1344244
furpa,0.25,3,3,TGCGCCATGCCTTTCTGTGG,0,1318568
furpa,0.25,3,3,TGCGAAGTTTCCAGTCTGAT,0,1312537
furpa,0.25,3,3,TGCCTCATCGTCGTCAGACC,0,1315923
furpa,0.25,3,3,TGCCTACGTGCTTCAGCCTT,0,1302962
furpa,0.25,3,3,TGCATTCTAGATTCGATTCT,0,1300631
furpa,0.25,3,3,TGCATTCCACGAAACACTAC,0,1323757
furpa,0.25,3,3,TGCATCCAGGCGTTCTTTCG,0,1301590
furpa,0.25,3,3,TGCATATTAGCACTGTCCAA,0,1347136
furpa,0.25,3,3,TGCAGTGAGTGCGAAGTGGA,0,1293784
furpa,0.25,3,3,TGCAGAGTCAGCTTGTCCGT,0,1308846
furpa,0.25,3,3,TGCACGGATGAACAGATGTG,0,1347207
furpa,0.25,3,3,TGCACATCATCATTGTACGA,0,1273509
furpa,0.25,3,3,TGATTGTCAATCGAAAACCG,0,1342643
furpa,0.25,3,3,TGATTGGCCGAGAGGTAGAC,0,1303180
furpa,0.25,3,3,TGATTGACCTCGCGCTCACC,0,1348835
furpa,0.25,3,3,TGATTCTGTATTCGTCTGAG,0,1305429
furpa,0.25,3,3,TGATTCTACGTAGGATCCGC,0,1306919
furpa,0.25,3,3,TGATTCGCATGTAAGGAAGT,0,1299995
furpa,0.25,3,3,TGATTCAGTAGTGTTGGCGA,0,1279199
furpa,0.25,3,3,TGATTCAGGTGCAGTTGAAA,0,1298076
furpa,0.25,3,3,TGATGTTGAGGCAGCGCAGG,0,1334197
furpa,0.25,3,3,TGATATTCCGATATCAACAG,0,1280915
furpa,0.25,3,3,TGATATCCAAAGACACCATT,0,1284821
furpa,0.25,3,3,TGATAGATGGTGCCACACTA,0,1302461
furpa,0.25,3,3,TGATACTCAGGAACACTAGC,0,1290153
furpa,0.25,3,3,TGAGGTTTTTAGGTAAGCGG,0,1292384
furpa,0.25,3,3,TGAGGTTACGGGGCAACAAA,0,1341441
furpa,0.25,3,3,TGAGGGGCTCTTGCTCTATC,0,1277817
furpa,0.25,3,3,TGAGGGCCTGCTCCTGCAAG,0,1341793
furpa,0.25,3,3,TGAGGCTGTACCTCAGGCTC,0,1347962
furpa,0.25,3,3,TGAGGCCGACTAGATGCAGA,0,1315580
furpa,0.25,3,3,TGAGGCATCACTGCGCCAGG,0,1329260
furpa,0.25,3,3,TGAGGAGTCCAAGACGGGTA,0,1353863
furpa,0.25,3,3,TGAGGACTCTGCCCATGCGG,0,1310564
furpa,0.25,3,3,TGAGATATACAAATCCTGGG,0,1301243
furpa,0.25,3,3,TGAGATATAACGCGAAAACC,0,1347069
furpa,0.25,3,3,TGAGATAGCTTCCGAACCGA,0,1329203
furpa,0.25,3,3,TGAGAGGCATGCCGCAAAGC,0,1312635
furpa,0.25,3,3,TGAGAACATGGGATGAGCTA,0,1301399
furpa,0.25,3,3,TGACTGCACCGGTGTCAACG,0,1342382
furpa,0.25,3,3,TGACTGCAACGGCCGAGTAC,0,1322547
furpa,0.25,3,3,TGACGAGTAAGGTAACGGCC,0,1277191
furpa,0.25,3,3,TGACCTATGTTTACCATAAA,0,1307359
furpa,0.25,3,3,TGACATAGGTCAATATTCGG,0,1278233
furpa,0.25,3,3,TGAATCTATTACAAATTGAA,0,1294229
furpa,0.25,3,3,TGAAGTTAGTTATTACAGTC,0,1308279
furpa,0.25,3,3,TGAAGAACTACTCCCTCTGA,0,1324788
furpa,0.25,3,3,TGAACTTCGTACAGGGCGAG,0,1294330
furpa,0.25,3,3,TGAACGTCTGACCGTGTCAA,0,1278137
furpa,0.25,3,3,TGAACGAAGGCGACTTACTA,0,1316466
furpa,0.25,3,3,TGAACCGCCGCGGGGGTGTG,0,1273205
furpa,0.25,3,3,TGAACCACTCGGGCGAAGGA,0,1303858
furpa,0.25,3,3,TGAACATTTCCACGGACGGG,0,1341945
furpa,0.25,3,3,TGAACAGGCATTTTTGTCAG,0,1273844
furpa,0.25,3,3,TGAAACCTCGATTGAACGTC,0,1312150
furpa,0.25,3,3,TCTTTTTTTGGTGGCATCCA,0,1293486
furpa,0.25,3,3,TCTTTGGCCTCTTGTGCGTC,0,1307749
furpa,0.25,3,3,TCTTTCGTTCACCACAAGCA,0,1341819
furpa,0.25,3,3,TCTTTATTACCAAGGAGGGT,0,1349391
furpa,0.25,3,3,TCTTTACTCTTCTAAACTTT,0,1348728
furpa,0.25,3,3,TCTTTACACTTTCATATTGC,0,1296914
furpa,0.25,3,3,TCTTGTTCGATCGAAATCTA,0,1329610
furpa,0.25,3,3,TCTTGCCACGTTAGCGAGTT,0,1344634
furpa,0.25,3,3,TCTTGCATTAATTGGACAGA,0,1284402
furpa,0.25,3,3,TCTTGAGCGGCGCTTTGGAA,0,1276177
furpa,0.25,3,3,TCTTCTGGGTCCGTACGACA,0,1352947
furpa,0.25,3,3,TCTTCCTGTTTGATTGTCTC,0,1282759
furpa,0.25,3,3,TCTTCCTCAGGAATTTGGAG,0,1272827
furpa,0.25,3,3,TCTTAGAGTTAGATTCGGCA,0,1322999
furpa,0.25,3,3,TCTTAAGGCATACGCCAGCG,0,1322727
furpa,0.25,3,3,TCTTAACGAAAGCAAGAGGA,0,1274814
furpa,0.25,3,3,TCTGTTAATTTAAGAGAGAT,0,1319617
furpa,0.25,3,3,TCTGTGCGCGATCGTGCGCC,0,1301634
furpa,0.25,3,3,TCTGTGAGCTTGTTGGCCTA,0,1284499
furpa,0.25,3,3,TCTGTCCCGTGCACACCGAA,0,1284536
furpa,0.25,3,3,TCTGTCCAAACGGGTTTCCT,0,1329120
furpa,0.25,3,3,TCTGTACCTTGTCCATATTA,0,1293863
furpa,0.25,3,3,TCTGGTGTTACAGTGTAGAT,0,1322459
furpa,0.25,3,3,TCTGGGCTGTTGTCGTCCTC,0,1300911
furpa,0.25,3,3,TCTGCTCGGTCGGCTTCCGC,0,1341050
furpa,0.25,3,3,TCTGATGGACCGGAGCTTTG,0,1319633
furpa,0.25,3,3,TCTGACAAAAGGCGGGATCA,0,1326560
furpa,0.25,3,3,TCTCTCGTTTCATGATGCGA,0,1311174
furpa,0.25,3,3,TCTCTCGTCCACTGCGTATA,0,1289827
furpa,0.25,3,3,TCTCTCCTCGTTGATATCAG,0,1277567
furpa,0.25,3,3,TCTCTAATGAAAATCCTCTT,0,1320284
furpa,0.25,3,3,TCTCGTTCCCCAATTCAGAG,0,1294807
furpa,0.25,3,3,TCTCGTTAATACAAGGAGGG,0,1335995
furpa,0.25,3,3,TCTCGGTTCGGCCGTTTCCT,0,1272606
furpa,0.25,3,3,TCTCGACAGCATAGTACCAG,0,1320123
furpa,0.25,3,3,TCTCCGTCCGGCGAGTTTAT,0,1337057
furpa,0.25,3,3,TCTCCGAGCGCGACGCTCTG,0,1302664
furpa,0.25,3,3,TCTCCATTAGGCTCGATCTT,0,1318102
furpa,0.25,3,3,TCTATGCTGCGATTCCCTAA,0,1288284
furpa,0.25,3,3,TCTATGCAGTCGGAATGCTA,0,1273169
furpa,0.25,3,3,TCTATCATGAGATCGGGTAG,0,1287879
furpa,0.25,3,3,TCTAGACTTCACCAAAGGTT,0,1333344
furpa,0.25,3,3,TCTACGTCGATCCACGCCGG,0,1306874
furpa,0.25,3,3,TCTACGTCGAGTCCCGCAGC,0,1311548
furpa,0.25,3,3,TCGTTTGGGCACCGTATCTG,0,1344873
furpa,0.25,3,3,TCGTTCGCATATTACGAGGA,0,1281605
furpa,0.25,3,3,TCGTGTTTGTTCCTTGTAGG,0,1304526
furpa,0.25,3,3,TCGTGGGTACCGCCATCGAA,0,1290280
furpa,0.25,3,3,TCGTCATGTGGACGTTCCTG,0,1283676
furpa,0.25,3,3,TCGTATGAGTTTGAGTTCCC,0,1288707
furpa,0.25,3,3,TCGTACGTGCTATTCTCCGG,0,1309139
furpa,0.25,3,3,TCGTAAGCTTGCGGTATAGG,0,1337782
furpa,0.25,3,3,TCGTAACAAGACTTGGTCTA,0,1336783
furpa,0.25,3,3,TCGGTTTGCACCCTGTATAT,0,1354213
furpa,0.25,3,3,TCGGTCGCCAGAAAATATTG,0,1351911
furpa,0.25,3,3,TCGGTCGAGTGTCGCAGTAG,0,1276372
furpa,0.25,3,3,TCGGGTTGCCGTTTGAGGAA,0,1309749
furpa,0.25,3,3,TCGGGCCTATGAGTACTTAG,0,1279362
furpa,0.25,3,3,TCGGGATGGCATGGAGTCGG,0,1284881
furpa,0.25,3,3,TCGGCTAGATAAGCTTTCAT,0,1346233
furpa,0.25,3,3,TCGGCCATTATCGAAGGTCA,0,1323523
furpa,0.25,3,3,TCGGCCACGATTGCTTGACT,0,1309248
furpa,0.25,3,3,TCGGATGTTCCTGCCCATTC,0,1312994
furpa,0.25,3,3,TCGGATCTGCAGTAAAAATC,0,1348335
furpa,0.25,3,3,TCGGACGACTCGCAGTGATA,0,1334685
furpa,0.25,3,3,TCGCTAGGAAGCGAACGGAA,0,1350491
furpa,0.25,3,3,TCGCGTTGGTCAGACCGTAT,0,1353852
furpa,0.25,3,3,TCGCGCAGGGTTTATTGACG,0,1304546
furpa,0.25,3,3,TCGCGACCCTAAACACCAAC,0,1279220
furpa,0.25,3,3,TCGCCTGGTCGCATATAGGA,0,1285686
furpa,0.25,3,3,TCGCCGATGGTAACGTTTTG,0,1289089
furpa,0.25,3,3,TCGCCCCAGCCTTGCTCGGC,0,1277746
furpa,0.25,3,3,TCGCAGGGAGGGGATCAAAC,0,1331202
furpa,0.25,3,3,TCGCAGCCCTGTCCGCTCTC,0,1301645
furpa,0.25,3,3,TCGCACGTGGGCTACTTTGA,0,1327164
furpa,0.25,3,3,TCGATTCTTCGACGGGAACT,0,1328737
furpa,0.25,3,3,TCGAGTAGTTAAACCCCCAA,0,1304938
furpa,0.25,3,3,TCGAGACAACTACGGAGATG,0,1314789
furpa,0.25,3,3,TCGAGAACTAAGACTGGTTT,0,1354000
furpa,0.25,3,3,TCGACTACAACATATACCGC,0,1351427
furpa,0.25,3,3,TCGACCCCTTTTCTTGCTCT,0,1288529
furpa,0.25,3,3,TCGACAGGCCATAAATTGCT,0,1310528
furpa,0.25,3,3,TCGAATGCATTGGGACATTA,0,1296421
furpa,0.25,3,3,TCGAATGAAACGTCCAACTT,0,1345714
furpa,0.25,3,3,TCGAATCCGAGATCTAAACC,0,1280261
furpa,0.25,3,3,TCCTTCACATTCGCGGAAGC,0,1350808
furpa,0.25,3,3,TCCTTAGTACCTTATAGAAG,0,1325139
furpa,0.25,3,3,TCCTGTGCTTTGTTCGTAAG,0,1312160
furpa,0.25,3,3,TCCTCTTGACGTTCACTGTT,0,1271681
furpa,0.25,3,3,TCCTCGTTCCATAGTCAGGA,0,1340003
furpa,0.25,3,3,TCCTACAATAGCGGGCTGAG,0,1301264
furpa,0.25,3,3,TCCGTCCCGCTCTCATGACT,0,1310049
furpa,0.25,3,3,TCCGGTCGTTGGTTTGGAAT,0,1333632
furpa,0.25,3,3,TCCGCCTCCAGTGGACCCGT,0,1277035
furpa,0.25,3,3,TCCGATGTTGGCGTATCCCT,0,1308167
furpa,0.25,3,3,TCCGACAGGCAGATGGCTAT,0,1350740
furpa,0.25,3,3,TCCGAATATCCTTTAGCGAC,0,1277430
furpa,0.25,3,3,TCCGAAAGCGCTGAACACAA,0,1343684
furpa,0.25,3,3,TCCCGCGGCCGCGCAACTTA,0,1303240
furpa,0.25,3,3,TCCCGCCTAGCTTGTCAGCC,0,1276384
furpa,0.25,3,3,TCCCCCTCCGACGGGTAGTG,0,1329248
furpa,0.25,3,3,TCCCATCGAATGGGGTCATG,0,1340374
furpa,0.25,3,3,TCCCACTCGGTCGCGTCCTC,0,1290038
furpa,0.25,3,3,TCCATAGTGGAAAGTGCCCA,0,1308145
furpa,0.25,3,3,TCCAGGTATGTGAAGGCGCG,0,1311929
furpa,0.25,3,3,TCCACTGTGCTTGTCATGGA,0,1350484
furpa,0.25,3,3,TCCACCTACATAGGTTCCAC,0,1344973
furpa,0.25,3,3,TCCAAAGTCAAGCATGGGTC,0,1295214
furpa,0.25,3,3,TCATTTGGAAGGCAGTGGTT,0,1281784
furpa,0.25,3,3,TCATGTCTCGTCAGAGCCCT,0,1351249
furpa,0.25,3,3,TCATGGCTTTAGGACGGGTT,0,1352911
furpa,0.25,3,3,TCATGGATTGTGGATAAGGT,0,1320582
furpa,0.25,3,3,TCATGGACGTATATCGGCGA,0,1315675
furpa,0.25,3,3,TCATGCTGGCGTCACGGTAA,0,1335093
furpa,0.25,3,3,TCATGCGTGTGGCCCCATCT,0,1352103
furpa,0.25,3,3,TCATGAACCCCTTCATAAGC,0,1324438
furpa,0.25,3,3,TCATCTTGCGCTTCTATAGG,0,1347021
furpa,0.25,3,3,TCATCTATGACGACGCTCAG,0,1320436
furpa,0.25,3,3,TCATCGACAGATTTATCCCA,0,1320665
furpa,0.25,3,3,TCATACGTATCGGACATCTG,0,1273676
furpa,0.25,3,3,TCAGTGGGATTTGTCTACGT,0,1292295
furpa,0.25,3,3,TCAGTATACTGCCACCGATT,0,1307308
furpa,0.25,3,3,TCAGGTTCGAAACTGGGAGT,0,1347365
furpa,0.25,3,3,TCAGCTGCTTTTTACCGTCG,0,1302596
furpa,0.25,3,3,TCAGCTCGCTACCGTTGAGT,0,1306601
furpa,0.25,3,3,TCAGCGGGTAAAACAGTCTT,0,1312363
furpa,0.25,3,3,TCAGCGCTTAAACTACTGAC,0,1284944
furpa,0.25,3,3,TCAGCCCGCGCCGGAACTGT,0,1322016
furpa,0.25,3,3,TCAGATAGGTCTATGGGTAC,0,1349260
furpa,0.25,3,3,TCAGAAGGGATTTACGCCGG,0,1315656
furpa,0.25,3,3,TCACTACTCTCAATCGAATA,0,1285694
furpa,0.25,3,3,TCACGGCGGCTTGGCTTTAA,0,1304183
furpa,0.25,3,3,TCACGGCCTGGGCTAAACGA,0,1308216
furpa,0.25,3,3,TCACGCATGGCAAAATTAGT,0,1304457
furpa,0.25,3,3,TCACCGTACTCGTAGTTCAA,0,1314578
furpa,0.25,3,3,TCACCGATTAATTGGGAATA,0,1321268
furpa,0.25,3,3,TCACAAGGGTCGGGAGAGAC,0,1285910
furpa,0.25,3,3,TCAATGTTGAGGGACCAATG,0,1271318
furpa,0.25,3,3,TCAATCTGGGAGTCGAAATT,0,1273377
furpa,0.25,3,3,TCAAGGGGCTTAGTGGTCAG,0,1353370
furpa,0.25,3,3,TCAAGACTTTGAAGTCCTTC,0,1343678
furpa,0.25,3,3,TCAACTCTGAACAATAATGG,0,1326735
furpa,0.25,3,3,TCAACGAGAAGGGTCCACCC,0,1336953
furpa,0.25,3,3,TCAAATCCAGGGAGGGAAGT,0,1304920
furpa,0.25,3,3,TCAAAGCATCCAGTCTGGGT,0,1271189
furpa,0.25,3,3,TCAAAATGCAAGCTGGCCCT,0,1326602
furpa,0.25,3,3,TATTTGGAGAGTAATATCAC,0,1276491
furpa,0.25,3,3,TATTGTTCTGATTAGGCGAT,0,1332397
furpa,0.25,3,3,TATTGTCAAAACGTGGGCAG,0,1309976
furpa,0.25,3,3,TATTGGTTTTACGGGAGTAG,0,1275864
furpa,0.25,3,3,TATTGGAGTTGCTTGACGAC,0,1289972
furpa,0.25,3,3,TATTGATACTCACCAATTAG,0,1305017
furpa,0.25,3,3,TATTCGCCCACAAAGTGCCA,0,1319271
furpa,0.25,3,3,TATTATAACGATGGTTTGCC,0,1343835
furpa,0.25,3,3,TATTAGCGTTGGTAAGGTTA,0,1348708
furpa,0.25,3,3,TATTACGCGACACGGGTGAG,0,1314896
furpa,0.25,3,3,TATTAATCAATCAGCTACAT,0,1301272
furpa,0.25,3,3,TATTAAGCGGGCTCAGTTGC,0,1332697
furpa,0.25,3,3,TATGTTTGATTTTATATGCC,0,1339742
furpa,0.25,3,3,TATGTTGCGTCCCCAGCTCG,0,1330881
furpa,0.25,3,3,TATGTTGAACTCAACTTCAA,0,1333391
furpa,0.25,3,3,TATGTTCTGCGGGTCCTATA,0,1341823
furpa,0.25,3,3,TATGTGGGCGGAAACCGGTT,0,1295620
furpa,0.25,3,3,TATGTCTCGAGATCAAATCT,0,1285018
furpa,0.25,3,3,TATGTCCGAGTAATTAGTTC,0,1329170
furpa,0.25,3,3,TATGCTTTACGCAAAGTGTC,0,1307176
furpa,0.25,3,3,TATGCAGAGCAACAAGGTTG,0,1308708
furpa,0.25,3,3,TATGATAATTAGTGGTTCCA,0,1326428
furpa,0.25,3,3,TATGAGCGGTCCTAAACAGG,0,1287601
furpa,0.25,3,3,TATGACGGAGCGGGGAGTTC,0,1314383
furpa,0.25,3,3,TATGAATCAATCGTTAGGTA,0,1346669
furpa,0.25,3,3,TATCTAAGGGCATAGATAAA,0,1313990
furpa,0.25,3,3,TATCCTTTATGTCGGCGGTC,0,1291468
furpa,0.25,3,3,TATCCTCGGGGAGTGGTACA,0,1331402
furpa,0.25,3,3,TATCCACAAGAACGCTGCAA,0,1348304
furpa,0.25,3,3,TATCATCGGATGGCCACTCC,0,1291372
furpa,0.25,3,3,TATCAAGGTAACGGTATTAT,0,1342666
furpa,0.25,3,3,TATATTATGTTGCCAACAGA,0,1313964
furpa,0.25,3,3,TATAGGTTCATATCAGGAAT,0,1277648
furpa,0.25,3,3,TATACCGGGAATCACTATAT,0,1283961
furpa,0.25,3,3,TATACCCTGCGACAGTAAGC,0,1338745
furpa,0.25,3,3,TAGTTCTTGTTAATATAGAT,0,1279452
furpa,0.25,3,3,TAGTAAAACGCAGTTGAGCA,0,1325915
furpa,0.25,3,3,TAGGTTCTGTCGGTGGGTAT,0,1289097
furpa,0.25,3,3,TAGGGTCATAACTCCAGGTA,0,1302122
furpa,0.25,3,3,TAGGGAGTGCTGTTGTCATG,0,1348702
furpa,0.25,3,3,TAGGCTCAGTGATGTCCCGG,0,1286369
furpa,0.25,3,3,TAGGCCCGCTACTCTACGTC,0,1285625
furpa,0.25,3,3,TAGGCATCTTGTTAGATCAT,0,1278053
furpa,0.25,3,3,TAGGCAACATTCCTTACGCC,0,1273353
furpa,0.25,3,3,TAGGACTTAGGTGACTACCA,0,1302670
furpa,0.25,3,3,TAGGACGCTAATGAAAAGAA,0,1275660
furpa,0.25,3,3,TAGCTTCCCGGGTCTGTATG,0,1294804
furpa,0.25,3,3,TAGCTCAAATCCTGGTAATT,0,1337236
furpa,0.25,3,3,TAGCTAAAGGTTTACATATA,0,1351882
furpa,0.25,3,3,TAGCGTTCTTTGTAATACAG,0,1354039
furpa,0.25,3,3,TAGCGGGTTACGCAACGTCC,0,1334340
furpa,0.25,3,3,TAGCGGCCGCGGCTCCCCTC,0,1340972
furpa,0.25,3,3,TAGCGGAGTCGTCACCTGCT,0,1339629
furpa,0.25,3,3,TAGCGCTTCAAACCATCAGT,0,1350965
furpa,0.25,3,3,TAGCGAACCGGTTTGAAACA,0,1331873
furpa,0.25,3,3,TAGCCCGTTGGCCACCAGAT,0,1280521
furpa,0.25,3,3,TAGCAGGCGCCACGGTCGCA,0,1284848
furpa,0.25,3,3,TAGCACCCGGCAGACTGTGA,0,1324944
furpa,0.25,3,3,TAGCAAGAGCATCTTCCTTC,0,1279107
furpa,0.25,3,3,TAGACTGGATAGGTAGGGGA,0,1324537
furpa,0.25,3,3,TAGACGACGAAGACTCGGAG,0,1306515
furpa,0.25,3,3,TAGACAGGGCTTCTCTACAT,0,1299476
furpa,0.25,3,3,TAGAATAAGGTCGATATTTC,0,1318167
furpa,0.25,3,3,TAGAACATGCAGGCCACACG,0,1352964
furpa,0.25,3,3,TACTTTCGAAGTATGGCTAG,0,1338226
furpa,0.25,3,3,TACTGTGGTGGAACTACCGA,0,1293488
furpa,0.25,3,3,TACTGTACAAGTCTGACTCC,0,1273908
furpa,0.25,3,3,TACTGGGCTTATAGTCAGAA,0,1275793
furpa,0.25,3,3,TACTGGATACGCCATAAAGC,0,1274132
furpa,0.25,3,3,TACTGCTATCGACAGGAAAC,0,1332635
furpa,0.25,3,3,TACTGAAGCGCGTAGAACGT,0,1281894
furpa,0.25,3,3,TACTCCCCGTGAGTACGGAC,0,1315944
furpa,0.25,3,3,TACTAGTGTGGACCCACCCA,0,1301380
furpa,0.25,3,3,TACTACGCGGAAACCAAGAG,0,1313999
furpa,0.25,3,3,TACGTTTTCCCTCTCGCGCG,0,1278607
furpa,0.25,3,3,TACGTTCTACGAAGTCTCTC,0,1308855
furpa,0.25,3,3,TACGTGTGCCGCTAGTCAGA,0,1276208
furpa,0.25,3,3,TACGTGCTATCCATACGCCG,0,1309115
furpa,0.25,3,3,TACGTACCGCGATAGCATCA,0,1348727
furpa,0.25,3,3,TACGGCCCATTACATGCCTT,0,1310530
furpa,0.25,3,3,TACGGATTAGTGGAAAAGTT,0,1281962
furpa,0.25,3,3,TACGAGGATGGTATAATCGC,0,1321606
furpa,0.25,3,3,TACGACCAGAATTGACAAGT,0,1346697
furpa,0.25,3,3,TACCTTAGCCATAGTATATG,0,1276895
furpa,0.25,3,3,TACCTTACAGCGCCTAATGT,0,1357124
furpa,0.25,3,3,TACCTAGTATCCTGGTTATA,0,1339764
furpa,0.25,3,3,TACCGGTGGCTCCTCACTAA,0,1287805
furpa,0.25,3,3,TACCGGGACTAGAATTTCTT,0,1346065
furpa,0.25,3,3,TACCGGACTAAGACGGTCAC,0,1285293
furpa,0.25,3,3,TACCCGGATATCCAAACGAA,0,1292129
furpa,0.25,3,3,TACCATACTTTGAGCAGTCT,0,1309594
furpa,0.25,3,3,TACCAGCTCACCTCATAAAT,0,1328524
furpa,0.25,3,3,TACCAGCATCGAACCGGGTG,0,1288012
furpa,0.25,3,3,TACAGTAATCAGCGAAAAAA,0,1350679
furpa,0.25,3,3,TACAGCGTAGACACACGTAG,0,1286320
furpa,0.25,3,3,TACACGATGTTCGGTCCTAA,0,1305649
furpa,0.25,3,3,TACAATACTCGATAGCCATG,0,1271290
furpa,0.25,3,3,TACAACGGCAGAGCGTCTAC,0,1335675
furpa,0.25,3,3,TAATTCTCTGCCTGGGTTGT,0,1286378
furpa,0.25,3,3,TAATGTTGAGGTATACACGG,0,1348908
furpa,0.25,3,3,TAATGCTGTCAGTTAGGAAC,0,1318362
furpa,0.25,3,3,TAATGCGTACAGACAGCGTA,0,1333810
furpa,0.25,3,3,TAATGCGCTCTTTGCATACA,0,1324190
furpa,0.25,3,3,TAATCTGCTTTCCGGAGGAC,0,1291997
furpa,0.25,3,3,TAATCTAGTTACGCGCTCCT,0,1312401
furpa,0.25,3,3,TAATAGACTACCATTCTTAG,0,1320191
furpa,0.25,3,3,TAATACGTGTTCCTTAGGTA,0,1302979
furpa,0.25,3,3,TAATAAATGCGGTGCTAATA,0,1314217
furpa,0.25,3,3,TAAGGCCTCCATAGTTTAGG,0,1350267
furpa,0.25,3,3,TAAGCTATTCGGCTTTTTGG,0,1300467
furpa,0.25,3,3,TAAGATTTCACTGAGGAGAG,0,1331284
furpa,0.25,3,3,TAAGAGGTGTCCTTGAGAAC,0,1352882
furpa,0.25,3,3,TAAGACCGTATTATCCGCAG,0,1302332
furpa,0.25,3,3,TAACTGCTGGGGTTGCTGCG,0,1291586
furpa,0.25,3,3,TAACGCTACCGGTCACATGC,0,1340570
furpa,0.25,3,3,TAACGAAATGGTGGTGACGA,0,1355038
furpa,0.25,3,3,TAACCTCCCAACAATGCAGT,0,1294104
furpa,0.25,3,3,TAACCGTTTTGGTTGGATGA,0,1354787
furpa,0.25,3,3,TAACCACATCTGTAAGTACG,0,1357675
furpa,0.25,3,3,TAACATTCACCAGGGCAGTC,0,1299131
furpa,0.25,3,3,TAACAGTGATGATCCGATCG,0,1312424
furpa,0.25,3,3,TAACAGGCACACCACCGTCG,0,1354773
furpa,0.25,3,3,TAACACGTGAAGAGTTCGAC,0,1341239
furpa,0.25,3,3,TAACACGGTGCAAGCTCTGA,0,1308616
furpa,0.25,3,3,TAACACGGTATCAACTCAAG,0,1324332
furpa,0.25,3,3,TAAATGTCACGCTCTAATGA,0,1290633
furpa,0.25,3,3,TAAAGTCGGAATCGATCCAG,0,1313062
furpa,0.25,3,3,TAAAGGTTCTCGTGTTATCA,0,1294085
furpa,0.25,3,3,TAAAGGTACGGTGCCACGGC,0,1308126
furpa,0.25,3,3,TAAAGGGATCACCTCTCTTT,0,1340427
furpa,0.25,3,3,TAAAGATTATAGCCGGGTCC,0,1291626
furpa,0.25,3,3,TAAACGTTAGTTATGATTCC,0,1311698
furpa,0.25,3,3,TAAACGGGGCCATTGGACTC,0,1291805
furpa,0.25,3,3,TAAAATCTTTATACTTTGGG,0,1351262
furpa,0.25,3,3,TAAAAGTAAAACAATCATGA,0,1289665
furpa,0.25,3,3,TAAAAGAGCTTCTTATTCTG,0,1304231
furpa,0.25,3,3,GTTTTGTCTATAAGGGTCTA,0,1316326
furpa,0.25,3,3,GTTTTCACTGTGTCTAGGGC,0,1290411
furpa,0.25,3,3,GTTTGCCGCTAGTCACTTAC,0,1316376
furpa,0.25,3,3,GTTTCGCCAACGCTGTTTAC,0,1283774
furpa,0.25,3,3,GTTTCCGTGTCCAGGGTACG,0,1322468
furpa,0.25,3,3,GTTTCCCTTTTGAGTTAGTG,0,1285186
furpa,0.25,3,3,GTTTATGCACAATGTATCTA,0,1306795
furpa,0.25,3,3,GTTTAGCCGGCTATCAGGGA,0,1334857
furpa,0.25,3,3,GTTTAGCACTCGGTTCACAA,0,1313331
furpa,0.25,3,3,GTTTAAAGCAAGCCGAAGCC,0,1300231
furpa,0.25,3,3,GTTGTTTTTTCAACGAGGAA,0,1302491
furpa,0.25,3,3,GTTGTTTGTGAATGCGGTAA,0,1342776
furpa,0.25,3,3,GTTGTGTTGTCGCTAGACAT,0,1350891
furpa,0.25,3,3,GTTGTGGTTGCGTCCTTATC,0,1294710
furpa,0.25,3,3,GTTGGGCGCATATGTCGGAC,0,1324168
furpa,0.25,3,3,GTTGGCCGGAGAGGAACTAC,0,1345953
furpa,0.25,3,3,GTTGCTTCACCCGTTACGCC,0,1288397
furpa,0.25,3,3,GTTGCTGACAATACCGTGCT,0,1274964
furpa,0.25,3,3,GTTGCCTATGGTCCGCGACA,0,1285837
furpa,0.25,3,3,GTTGACCGCGCTTCGGTAAT,0,1336404
furpa,0.25,3,3,GTTGAAGACAGTTCCTCTGC,0,1346340
furpa,0.25,3,3,GTTCTATACGACGGAGAGAC,0,1330408
furpa,0.25,3,3,GTTCTACAAGTGTATAAACA,0,1333929
furpa,0.25,3,3,GTTCGGACGCCGAGGGGTAG,0,1288910
furpa,0.25,3,3,GTTCGCTCAAAATTAATGGG,0,1353073
furpa,0.25,3,3,GTTCCGCAGTTTATGTCAAT,0,1347179
furpa,0.25,3,3,GTTCCACCGTCAGACTTGAA,0,1281931
furpa,0.25,3,3,GTTCATGGCATCGATAAAAG,0,1284624
furpa,0.25,3,3,GTTCACCCGCATCTAGTAGG,0,1318964
furpa,0.25,3,3,GTTAGTGGGCCGAGGCTTTC,0,1337759
furpa,0.25,3,3,GTTAGTCTTTCGACATCGTG,0,1309761
furpa,0.25,3,3,GTTAGTCCATGGACAGGATC,0,1329601
furpa,0.25,3,3,GTTAGAATAGCATGAATATT,0,1281507
furpa,0.25,3,3,GTTACGGGGTTCAGTACTTG,0,1343277
furpa,0.25,3,3,GTTACCGGGATAGGCTTTTG,0,1329657
furpa,0.25,3,3,GTTACCACAACTCACACACA,0,1318950
furpa,0.25,3,3,GTTACATCGTGAGCGAATAA,0,1295048
furpa,0.25,3,3,GTTACAATTTGGCGCTATAC,0,1272833
furpa,0.25,3,3,GTTAATTTGGTTCGAACTAG,0,1324845
furpa,0.25,3,3,GTTAATGAGTAGAATACACA,0,1319488
furpa,0.25,3,3,GTTAATCCCGTTTTGAGAGA,0,1315734
furpa,0.25,3,3,GTTAAGGGGAATAGATCCAA,0,1285351
furpa,0.25,3,3,GTTAAGCCGAAACGAGGACT,0,1307830
furpa,0.25,3,3,GTGTTTTCATAACAGGACGC,0,1349495
furpa,0.25,3,3,GTGTTTGGACCCGGCGTAAT,0,1281782
furpa,0.25,3,3,GTGTTTGACTTGCATATTTA,0,1323967
furpa,0.25,3,3,GTGTTTCAGGCTCTTCCGAC,0,1294277
furpa,0.25,3,3,GTGTTTATAGCAGGACGGAT,0,1294234
furpa,0.25,3,3,GTGTTCGGCAGGTCATTGGG,0,1325615
furpa,0.25,3,3,GTGTTCACAGCATTGCGTCT,0,1335663
furpa,0.25,3,3,GTGTTACCCGATTACAGTTC,0,1294417
furpa,0.25,3,3,GTGTGTCACACCTTCGGAGT,0,1348374
furpa,0.25,3,3,GTGTGTAGGCAGGGATAGAG,0,1327329
furpa,0.25,3,3,GTGTGTAGGACCATTTTTTA,0,1346353
furpa,0.25,3,3,GTGTGGTTTGGTAATCCCTG,0,1279911
furpa,0.25,3,3,GTGTGGATCAAGCCATCCCA,0,1320458
furpa,0.25,3,3,GTGTGCCTCTCGAAGCGTGT,0,1346029
furpa,0.25,3,3,GTGTGAGCTTCTAAGAATAA,0,1276091
furpa,0.25,3,3,GTGTCTAAAGAGAATGAATG,0,1332442
furpa,0.25,3,3,GTGTCGGGATCACGCGATTG,0,1326721
furpa,0.25,3,3,GTGTCGCCTGTCCTAGGCGG,0,1332480
furpa,0.25,3,3,GTGTCCACTTACTCACGGGA,0,1336489
furpa,0.25,3,3,GTGTACGCAGCCGCCCTAGA,0,1283029
furpa,0.25,3,3,GTGTACATGCCCAGGGCGTA,0,1343012
furpa,0.25,3,3,GTGTAAGCTGGCTAGCATTA,0,1307920
furpa,0.25,3,3,GTGGTTGCGGAGCGAGGTGA,0,1355031
furpa,0.25,3,3,GTGGTTAATCTCCCTGCCAG,0,1298331
furpa,0.25,3,3,GTGGTGGAATCTGGACCCGG,0,1307037
furpa,0.25,3,3,GTGGTCTGAGATTCGCGACA,0,1309611
furpa,0.25,3,3,GTGGGGCACAATAGCCCGCC,0,1322825
furpa,0.25,3,3,GTGGGAGTCTGTCGTCCTTC,0,1345631
furpa,0.25,3,3,GTGGGAAAGCGAGGTCATAC,0,1322085
furpa,0.25,3,3,GTGGCTGAATGAGTGAGCCT,0,1277757
furpa,0.25,3,3,GTGGCGGCAGCGAGATTCGT,0,1345303
furpa,0.25,3,3,GTGGCCCTGTACGTACCATT,0,1290035
furpa,0.25,3,3,GTGGATGCACCGACTACATT,0,1312020
furpa,0.25,3,3,GTGGATCGGAGGCGAATAAG,0,1276449
furpa,0.25,3,3,GTGGATCCTTCGCGCGAAAA,0,1315903
furpa,0.25,3,3,GTGGACGGGCTGCAGAGCAC,0,1310645
furpa,0.25,3,3,GTGGAATCCGGAAGTAGTTT,0,1331597
furpa,0.25,3,3,GTGCTTGGGTCTTGACGGGG,0,1329116
furpa,0.25,3,3,GTGCTTATAGGTACAGCCCC,0,1295041
furpa,0.25,3,3,GTGCTGTACTCGCAAGGGGT,0,1333155
furpa,0.25,3,3,GTGCTAATACATCTCCTTCG,0,1319312
furpa,0.25,3,3,GTGCGGCGATAGGATTTCTC,0,1355362
furpa,0.25,3,3,GTGCCGGAGTGGGTGTCACT,0,1298840
furpa,0.25,3,3,GTGCCCGAGCAGGATACAAG,0,1296815
furpa,0.25,3,3,GTGCACTGCGACTTGCATAT,0,1346646
furpa,0.25,3,3,GTGCAATACGGCCCACTTAT,0,1337300
furpa,0.25,3,3,GTGATAATTCTCTATCAAGG,0,1279864
furpa,0.25,3,3,GTGAGGTTAGAATATTTGTT,0,1289720
furpa,0.25,3,3,GTGAGGAGATTGTGGGGTAC,0,1335736
furpa,0.25,3,3,GTGAGCTTTCACGATAAGTT,0,1338396
furpa,0.25,3,3,GTGAGCAGCCCCCGGCACAT,0,1331750
furpa,0.25,3,3,GTGAGATGTCGCCAATGACT,0,1290033
furpa,0.25,3,3,GTGACTGCCCGGCAATGTCA,0,1323822
furpa,0.25,3,3,GTGACGCGTTTCGGGCACCT,0,1336338
furpa,0.25,3,3,GTGACCTTGCAACGGTCAGG,0,1340651
furpa,0.25,3,3,GTGACCTCTAGTAATTCACA,0,1347098
furpa,0.25,3,3,GTGACACGGTTACGACGCCT,0,1345413
furpa,0.25,3,3,GTGAATGCCTCCCCGTAATC,0,1299539
furpa,0.25,3,3,GTGAAGTCTTAAAGCTATTA,0,1291955
furpa,0.25,3,3,GTCTTTTAAAATACTTCTCA,0,1279488
furpa,0.25,3,3,GTCTTGCTGTCAATGATCCT,0,1301456
furpa,0.25,3,3,GTCTTATCGAGCATTAATAC,0,1347145
furpa,0.25,3,3,GTCTTAAATGGGGGAAACAA,0,1289679
furpa,0.25,3,3,GTCTGTCAGGGATGCGGTCG,0,1289917
furpa,0.25,3,3,GTCTGGTAGTCGTCTGTATG,0,1346848
furpa,0.25,3,3,GTCTGGGAGAACAACACCTT,0,1282763
furpa,0.25,3,3,GTCTCTAAGTTCCCAGACTA,0,1324441
furpa,0.25,3,3,GTCTCACGACCAACAGTACT,0,1348605
furpa,0.25,3,3,GTCTAGGTTAGGAAGGGTAA,0,1294611
furpa,0.25,3,3,GTCTAGGGTTTAACACTTGT,0,1333528
furpa,0.25,3,3,GTCTAACGAACTTTTACTTT,0,1340452
furpa,0.25,3,3,GTCGTTGGCGGGGCGGCAAA,0,1271541
furpa,0.25,3,3,GTCGTGTTAAGTATGCAGAC,0,1294241
furpa,0.25,3,3,GTCGTGCAAACGTGTGTTTT,0,1288751
furpa,0.25,3,3,GTCGTATGAAGTAGCCATTA,0,1305169
furpa,0.25,3,3,GTCGTAAGGCATACTCGTCC,0,1294146
furpa,0.25,3,3,GTCGGTGTTGCGGTAATTGT,0,1319046
furpa,0.25,3,3,GTCGGATGTCGGGGACGCCA,0,1303891
furpa,0.25,3,3,GTCGGAAGAACTCCGTTTTA,0,1310118
furpa,0.25,3,3,GTCGCGGCTGTATAGATGAA,0,1329163
furpa,0.25,3,3,GTCGCCCTCTCCGGCCCCAT,0,1352289
furpa,0.25,3,3,GTCGAGACTTGCTTAGCGCC,0,1290172
furpa,0.25,3,3,GTCGAAAACGCCGCGAGAAA,0,1318270
furpa,0.25,3,3,GTCCTCTTTGAAAGGGATAG,0,1303058
furpa,0.25,3,3,GTCCTCGCGCACACACGCGT,0,1294133
furpa,0.25,3,3,GTCCGTGATAAGAATGCTTC,0,1320495
furpa,0.25,3,3,GTCCGGAAGCCCTGGCGATT,0,1307237
furpa,0.25,3,3,GTCCGCTGCCTTGGGAACGT,0,1291755
furpa,0.25,3,3,GTCCCACCTATAGCAACCAT,0,1335516
furpa,0.25,3,3,GTCCCAAGTGTGGGTTTTGG,0,1295156
furpa,0.25,3,3,GTCCATTTCCTTATTATACT,0,1312179
furpa,0.25,3,3,GTCCATGAAATATTGGTCTT,0,1337721
furpa,0.25,3,3,GTCCAAGTCTCCTCGAAAGT,0,1324126
furpa,0.25,3,3,GTCATTCGTCGTTATAAATA,0,1341633
furpa,0.25,3,3,GTCATAGCGTAAATCGTTGG,0,1309597
furpa,0.25,3,3,GTCATAATTACCTGTGAGAT,0,1271178
furpa,0.25,3,3,GTCATAATAGGTCGGGCGAA,0,1350332
furpa,0.25,3,3,GTCAGGCCCAAATTAATTGT,0,1324528
furpa,0.25,3,3,GTCAGCGGGCATTGCAGGAT,0,1271618
furpa,0.25,3,3,GTCAGCGAAGTTTAAGGCGA,0,1354716
furpa,0.25,3,3,GTCAGAAGAGAGACGGCAGG,0,1279299
furpa,0.25,3,3,GTCACACGAGGAAGCCTTGT,0,1324963
furpa,0.25,3,3,GTCAATGTGTGTAGCAAGAG,0,1315097
furpa,0.25,3,3,GTCAACTACCTCTACCAGCC,0,1277857
furpa,0.25,3,3,GTCAACCCCCCCCTTAACGG,0,1274176
furpa,0.25,3,3,GTCAAATAGCCAGTACGGAA,0,1331014
furpa,0.25,3,3,GTATTTGGATAAGTGCAACT,0,1304611
furpa,0.25,3,3,GTATTGCGTGAAACTATCTG,0,1311272
furpa,0.25,3,3,GTATTCCGGCTACATGTACA,0,1302063
furpa,0.25,3,3,GTATGGTTTTCGCGGAATAT,0,1322876
furpa,0.25,3,3,GTATGGTTCACTGGTCACGG,0,1285218
furpa,0.25,3,3,GTATGGGCAACAGGCACAAC,0,1329903
furpa,0.25,3,3,GTATCTGTTCTATGAACCAT,0,1311281
furpa,0.25,3,3,GTATCCTTTCGAGCAGCCAG,0,1280954
furpa,0.25,3,3,GTATCCGGGGGACTAAAGTC,0,1305767
furpa,0.25,3,3,GTATCAAGTGGAGTAGGTGT,0,1338526
furpa,0.25,3,3,GTATACAGCAGATCACGTGT,0,1338209
furpa,0.25,3,3,GTAGTGTTTGGGGTATGGTC,0,1294952
furpa,0.25,3,3,GTAGGTTCAGGTGCTGCACT,0,1329253
furpa,0.25,3,3,GTAGGGTTCTCCGGACGACA,0,1275670
furpa,0.25,3,3,GTAGGGCTTCGCTATCGACC,0,1319602
furpa,0.25,3,3,GTAGGGCCAGGAGGGACCGG,0,1292629
furpa,0.25,3,3,GTAGGGAGGGGGTTCATGTG,0,1332673
furpa,0.25,3,3,GTAGCGCTCGGATAGGTGCC,0,1357789
furpa,0.25,3,3,GTAGATGACTCCAATCCCTC,0,1339582
furpa,0.25,3,3,GTAGAGCGGAATTGGGTATC,0,1287756
furpa,0.25,3,3,GTACTGATACATACTACGAC,0,1292100
furpa,0.25,3,3,GTACGTTCAACCGACCAACA,0,1281512
furpa,0.25,3,3,GTACGTACACGTCACATCGT,0,1291842
furpa,0.25,3,3,GTACGGGGTTGCTAAGAGCG,0,1311360
furpa,0.25,3,3,GTACGCTGTACGATAAAACT,0,1356281
furpa,0.25,3,3,GTACGAGCAGATATCTGAAA,0,1284669
furpa,0.25,3,3,GTACCTGTGATAATACCGGG,0,1300855
furpa,0.25,3,3,GTACCTAGAACTGGCCTATC,0,1326373
furpa,0.25,3,3,GTACCAACGTCAGACTCCCC,0,1296072
furpa,0.25,3,3,GTACAGACTTGCATTATCGA,0,1277333
furpa,0.25,3,3,GTACACGGGGGATCAGTCCC,0,1335224
furpa,0.25,3,3,GTACAACAAACAGACTTTTT,0,1276473
furpa,0.25,3,3,GTAATGAGCAGGTAAAGTTG,0,1331512
furpa,0.25,3,3,GTAATCTCGATCAACGGTAA,0,1300577
furpa,0.25,3,3,GTAATAGCCAGCAAAAGGAC,0,1331579
furpa,0.25,3,3,GTAAGTACTTATCTCGGATG,0,1280802
furpa,0.25,3,3,GTAAGGCGGGAGTTCCTCCT,0,1324488
furpa,0.25,3,3,GTAACGCGATTTTCCTAGTG,0,1306594
furpa,0.25,3,3,GTAACCTAGCCGGTAGCAGC,0,1314908
furpa,0.25,3,3,GTAAAGCTAGGGACCATCGA,0,1318037
furpa,0.25,3,3,GTAAACTAGCAATACAACTA,0,1323440
furpa,0.25,3,3,GTAAACGGGTGCAACCATGA,0,1321636
furpa,0.25,3,3,GTAAAATGACTGAGCGCTCG,0,1288811
furpa,0.25,3,3,GTAAAAAACCTGAACATCAT,0,1271609
furpa,0.25,3,3,GGTTTGACATTGGCGCTCGT,0,1328353
furpa,0.25,3,3,GGTTTCTCCAGACGGCCGAC,0,1271939
furpa,0.25,3,3,GGTTTATATCCGTGCAAGGG,0,1271417
furpa,0.25,3,3,GGTTGGCTAATCCGGAAGTA,0,1281526
furpa,0.25,3,3,GGTTGGACTGGGCGAGAGTT,0,1315870
furpa,0.25,3,3,GGTTGAAAAGCGGGAATTGG,0,1286431
furpa,0.25,3,3,GGTTCTTCATGACTGATTGT,0,1309842
furpa,0.25,3,3,GGTTCTAATTTGCTCCAGTG,0,1321158
furpa,0.25,3,3,GGTTCGGTCAGTACACAACT,0,1320387
furpa,0.25,3,3,GGTTCCGATTGGCTTCTTTG,0,1295012
furpa,0.25,3,3,GGTTCATTCCAAGTCGTGTG,0,1288195
furpa,0.25,3,3,GGTTATGTCTGATATATGGC,0,1328510
furpa,0.25,3,3,GGTGTTTTACATTGTCGATA,0,1274520
furpa,0.25,3,3,GGTGTGGTCGGTCACGGTAA,0,1354284
furpa,0.25,3,3,GGTGTGACCATCATGCAGTG,0,1339131
furpa,0.25,3,3,GGTGGTATAAAAACCAGTCA,0,1284827
furpa,0.25,3,3,GGTGGAGGGGTAAGTCAGAA,0,1306640
furpa,0.25,3,3,GGTGCCTTAAAGAACGCCAG,0,1328386
furpa,0.25,3,3,GGTGCACTATCCGGAGGCCA,0,1334866
furpa,0.25,3,3,GGTGATTAGCTTGGAGCAGC,0,1323441
furpa,0.25,3,3,GGTCTTCAAATTTCCTTATC,0,1309403
furpa,0.25,3,3,GGTCTCGTGAAGCACGCATA,0,1305501
furpa,0.25,3,3,GGTCTCACGAGGGTTGAGCG,0,1295130
furpa,0.25,3,3,GGTCGTTTAGGTCGTTTTCG,0,1302460
furpa,0.25,3,3,GGTCGTACGACGTGTCATGG,0,1274555
furpa,0.25,3,3,GGTCCGTATCTCCTGCAGTT,0,1343652
furpa,0.25,3,3,GGTCCGAGCCTCTGGTGATA,0,1301209
furpa,0.25,3,3,GGTCAAGCCAGGGTAGCAGC,0,1284319
furpa,0.25,3,3,GGTATGGTGAATTACGTGCG,0,1300075
furpa,0.25,3,3,GGTATGACAATTCAATAACA,0,1279132
furpa,0.25,3,3,GGTATCACCTAAAAGTAGCT,0,1312091
furpa,0.25,3,3,GGTAGTAAACCGTCGGTCCA,0,1307575
furpa,0.25,3,3,GGTAGGCAATACGTGTGCTT,0,1312027
furpa,0.25,3,3,GGTAGGAGTTGATCGCAACA,0,1315015
furpa,0.25,3,3,GGTAGACCGCATATGTGCCT,0,1338887
furpa,0.25,3,3,GGTACGGAGCGGGCACTGCA,0,1347176
furpa,0.25,3,3,GGTACGCTTCATCTGAGGCT,0,1294457
furpa,0.25,3,3,GGTACCTGGGAATATCACGC,0,1353451
furpa,0.25,3,3,GGTACATAATCGGGCACAGG,0,1293771
furpa,0.25,3,3,GGTAAGCGGAGAGAGTGTGT,0,1335802
furpa,0.25,3,3,GGTAACTGTTTTTCCCCTAC,0,1348783
furpa,0.25,3,3,GGTAACTGGCGTGCGTTCTT,0,1313085
furpa,0.25,3,3,GGGTTTGTTCTAGTACCACC,0,1295065
furpa,0.25,3,3,GGGTTTGTTCATTTAAGCCA,0,1315726
furpa,0.25,3,3,GGGTTTCTGCCAGGGCCGTT,0,1281798
furpa,0.25,3,3,GGGTTTATATAAACAACGGC,0,1343975
furpa,0.25,3,3,GGGTTTAGCTTCAACTTTAA,0,1293015
furpa,0.25,3,3,GGGTTTAACTTACCTTTGGT,0,1350958
furpa,0.25,3,3,GGGTTACCGCACAACTTATG,0,1316268
furpa,0.25,3,3,GGGTGAGTAGAGAGAAAATC,0,1301678
furpa,0.25,3,3,GGGTCGATCGGTCCACTAAT,0,1300992
furpa,0.25,3,3,GGGTATCTCCAGGCGTAAAT,0,1280929
furpa,0.25,3,3,GGGTACTCGCACTCGAAGAC,0,1325613
furpa,0.25,3,3,GGGTACGCAACCCCGGCTGT,0,1318972
furpa,0.25,3,3,GGGGTTGGCGTGCCTAAACA,0,1351675
furpa,0.25,3,3,GGGGTTCTACAGAAGAAATT,0,1276713
furpa,0.25,3,3,GGGGTAAATGTTGCGCCGTG,0,1317246
furpa,0.25,3,3,GGGGTAAATAAGTAATTTAC,0,1301034
furpa,0.25,3,3,GGGGGTTTAGGAGCGGGGCT,0,1292709
furpa,0.25,3,3,GGGGGTTAAAACTCAACGAC,0,1308225
furpa,0.25,3,3,GGGGGTGCAATAGAATGAAC,0,1284924
furpa,0.25,3,3,GGGGGTACCATCTACAGTGT,0,1316680
furpa,0.25,3,3,GGGGCTCTGTGAATTAGATG,0,1312658
furpa,0.25,3,3,GGGGCCGGTAACGAAACGGA,0,1303175
furpa,0.25,3,3,GGGGAGTAGATAAGCATTAT,0,1306232
furpa,0.25,3,3,GGGGAGCCGTGTGTTACAAT,0,1301280
furpa,0.25,3,3,GGGCTGGGAGGACCCGACGT,0,1290679
furpa,0.25,3,3,GGGCTGCGTAGCCTCAATTC,0,1356155
furpa,0.25,3,3,GGGCTGCGCTGCCACTAAGG,0,1338742
furpa,0.25,3,3,GGGCTCTGGTTCGTCTAATA,0,1338977
furpa,0.25,3,3,GGGCTCACATAGCGGACGTC,0,1283880
furpa,0.25,3,3,GGGCTACCTGACGAAAGATA,0,1320149
furpa,0.25,3,3,GGGCGGAGCGGGCCACTCTA,0,1345108
furpa,0.25,3,3,GGGCCTCGGCATAAGTGTGA,0,1313195
furpa,0.25,3,3,GGGCCGGCCCTCACGCTTTG,0,1313441
furpa,0.25,3,3,GGGCATATGGTTATTCGCCT,0,1293438
furpa,0.25,3,3,GGGCAGTTCTTGTAGTACTA,0,1320825
furpa,0.25,3,3,GGGCAACCCCCTCTTAAAGA,0,1315471
furpa,0.25,3,3,GGGAGTAGTATTCAGCTAAC,0,1321604
furpa,0.25,3,3,GGGAGGTGTTGAAGCCGTTA,0,1338754
furpa,0.25,3,3,GGGAGGCTTTAACGGGAGAG,0,1293011
furpa,0.25,3,3,GGGAGATGAACTCGGTCGCC,0,1335857
furpa,0.25,3,3,GGGACTGAACGTTTATTGTA,0,1318393
furpa,0.25,3,3,GGGACGCCTTAGACTATATT,0,1347930
furpa,0.25,3,3,GGGAATGGCGCAGATGCAGA,0,1292238
furpa,0.25,3,3,GGGAAGGGACACCGATGTTG,0,1340715
furpa,0.25,3,3,GGCTTTATTACGCATGAGAG,0,1316195
furpa,0.25,3,3,GGCTTCCAGTCTCGCTGGTC,0,1338421
furpa,0.25,3,3,GGCTGGGTCATGTGTCCAAC,0,1338430
furpa,0.25,3,3,GGCTGGAAAAGTATTTATCT,0,1324443
furpa,0.25,3,3,GGCTCGGGGTAGAAGATTCG,0,1321803
furpa,0.25,3,3,GGCTCCTTCGGCAGGAACGC,0,1320654
furpa,0.25,3,3,GGCTCCGAAAAACGATAGGT,0,1299541
furpa,0.25,3,3,GGCTCATTCCAAAGTGGGGA,0,1310215
furpa,0.25,3,3,GGCTATGTTCCCACCTAGTA,0,1272589
furpa,0.25,3,3,GGCTATCATGCTGGTGACCC,0,1283905
furpa,0.25,3,3,GGCTAGTATGGGGTTAATGG,0,1294461
furpa,0.25,3,3,GGCTAATGCGAACGTACATT,0,1282938
furpa,0.25,3,3,GGCGTATGAACCAGTGTCCC,0,1271793
furpa,0.25,3,3,GGCGGTCCTCGTTCGGTCCA,0,1301414
furpa,0.25,3,3,GGCGGGTTACGCAGTTTCCC,0,1323539
furpa,0.25,3,3,GGCGGGTATCAACGGGTCAG,0,1311443
furpa,0.25,3,3,GGCGGCGCAACTGCGCCAGC,0,1320450
furpa,0.25,3,3,GGCGGAGCAACAAGAGTTTA,0,1299982
furpa,0.25,3,3,GGCGCTAGGAGATAACCTTA,0,1277809
furpa,0.25,3,3,GGCGCCGCCCGCTTTGCAGC,0,1352333
furpa,0.25,3,3,GGCGAGGTGTTACAAATAGC,0,1311927
furpa,0.25,3,3,GGCGAAGACATGTGGTGATT,0,1325216
furpa,0.25,3,3,GGCGAAATCGCTATTAGGAC,0,1273081
furpa,0.25,3,3,GGCCTCCTACTTGACCATCG,0,1312164
furpa,0.25,3,3,GGCCTAATCCGGGCGGTAGG,0,1289406
furpa,0.25,3,3,GGCCGGCAGGCGTATGAAAA,0,1280875
furpa,0.25,3,3,GGCCCTATTATCTGGCGATG,0,1339104
furpa,0.25,3,3,GGCCCGCCTGTATGCCATTG,0,1301996
furpa,0.25,3,3,GGCCCCTCCACAGCGTAGGA,0,1308536
furpa,0.25,3,3,GGCCATCGCGCGGCGATTAT,0,1272915
furpa,0.25,3,3,GGCCAGGTATGATCAACGAC,0,1350531
furpa,0.25,3,3,GGCCACAAAGTGCGTGTGCA,0,1305826
furpa,0.25,3,3,GGCAGTGCCAATGGGGCGCG,0,1300205
furpa,0.25,3,3,GGCACTTCGCTTTGTAAGAG,0,1342775
furpa,0.25,3,3,GGCACTGCGTCCGTCTGTGG,0,1285933
furpa,0.25,3,3,GGCACGGCAATTTTCATGTG,0,1281506
furpa,0.25,3,3,GGCACAATTAGTTTGACACA,0,1290612
furpa,0.25,3,3,GGCAAGCAGAGTGAATCTGT,0,1282825
furpa,0.25,3,3,GGATTTTATGAACAAAGACT,0,1282783
furpa,0.25,3,3,GGATTCAGATAGCTCCGGTG,0,1336510
furpa,0.25,3,3,GGATTACAGATCCGATAACA,0,1324925
furpa,0.25,3,3,GGATGCTGTTTCGGTTTTGA,0,1286485
furpa,0.25,3,3,GGATGCAAGAGTACTACCGG,0,1353494
furpa,0.25,3,3,GGATAGATGGCAACGCCAGA,0,1284313
furpa,0.25,3,3,GGAGTGCTTGTCGCTCTTAA,0,1312520
furpa,0.25,3,3,GGAGTATACGACCCCTTTCG,0,1291667
furpa,0.25,3,3,GGAGGGAAGACGATTCCGTA,0,1325289
furpa,0.25,3,3,GGAGGCAGTTCGTAACCTCT,0,1355626
furpa,0.25,3,3,GGAGCGGTAGTCCATAAGGA,0,1342381
furpa,0.25,3,3,GGAGCAAACCGAGTTCAACC,0,1340186
furpa,0.25,3,3,GGAGACGTGCGGACTCGTAC,0,1306863
furpa,0.25,3,3,GGAGACGAGTCTTTCCGGGA,0,1310866
furpa,0.25,3,3,GGACTTCCTGGGACATTTGT,0,1337146
furpa,0.25,3,3,GGACTACACTATCCTATACA,0,1312157
furpa,0.25,3,3,GGACGTACCAATTAGGTTCT,0,1320275
furpa,0.25,3,3,GGACGACGTTACGTTCGAGT,0,1271533
furpa,0.25,3,3,GGACGAAAGCACGCTTCATT,0,1316569
furpa,0.25,3,3,GGACCTAACCTCCCATCTAG,0,1353348
furpa,0.25,3,3,GGACCCAGATGCGACGGACG,0,1351581
furpa,0.25,3,3,GGACATGTTATCGATACGAT,0,1349253
furpa,0.25,3,3,GGACACCCTGACCCTATCGA,0,1288664
furpa,0.25,3,3,GGAATTGTACCCTCATGTAG,0,1280292
furpa,0.25,3,3,GGAATCACGAAGAGTGGAAA,0,1355828
furpa,0.25,3,3,GGAACTACTCGGGAGTGAGG,0,1323773
furpa,0.25,3,3,GGAACCTTTGACTTGTTAAG,0,1291120
furpa,0.25,3,3,GGAAATGCGTCGGCGTGACA,0,1343719
furpa,0.25,3,3,GGAAAGCGAGGATTCCATAC,0,1284069
furpa,0.25,3,3,GGAAAAAAAGTATTCGCAAC,0,1296346
furpa,0.25,3,3,GCTTTCCAGCGGATTGTCTA,0,1325618
furpa,0.25,3,3,GCTTTATGCGCAGGGTAGCA,0,1355534
furpa,0.25,3,3,GCTTGTACTTTTCCAATCTT,0,1356738
furpa,0.25,3,3,GCTTGGGCCTGGCTGACATC,0,1302189
furpa,0.25,3,3,GCTTCCAGTCACGGCAGGCA,0,1348390
furpa,0.25,3,3,GCTTATCTCCACATAGCGTC,0,1286389
furpa,0.25,3,3,GCTTAGGATCCGTGTGATAA,0,1339269
furpa,0.25,3,3,GCTTACGTAGCATCGGCTGC,0,1314840
furpa,0.25,3,3,GCTTAAGGTCGCCGTCCTCG,0,1295285
furpa,0.25,3,3,GCTGTCCTGAATTAAATTAT,0,1344571
furpa,0.25,3,3,GCTGTCCGTAAGACTTCGTT,0,1349450
furpa,0.25,3,3,GCTGTACGTTTTAGAAAACG,0,1323593
furpa,0.25,3,3,GCTGGGGGGCTGTAACAATA,0,1287166
furpa,0.25,3,3,GCTGGATCGCCCCAGATCGA,0,1324454
furpa,0.25,3,3,GCTGGAGACCATGTCGGTAA,0,1289251
furpa,0.25,3,3,GCTGCGAAATTTATCAGTAG,0,1345686
furpa,0.25,3,3,GCTGCCCCAACTATATTATC,0,1338040
furpa,0.25,3,3,GCTGCAAGCCAGTGCATCTA,0,1300429
furpa,0.25,3,3,GCTGATCCGGAGAGATTCAG,0,1311950
furpa,0.25,3,3,GCTGATCACGATACGTACTT,0,1305089
furpa,0.25,3,3,GCTGACGGGACTGCATGCAT,0,1310500
furpa,0.25,3,3,GCTGAAATTCTCAAGGCTCC,0,1282201
furpa,0.25,3,3,GCTCTATATCGGGCAAATCC,0,1327903
furpa,0.25,3,3,GCTCCTCATTGACGACCTTT,0,1347653
furpa,0.25,3,3,GCTCCGATCCCACTATCAGA,0,1313134
furpa,0.25,3,3,GCTCCCGGTTCCAATTGAGG,0,1330113
furpa,0.25,3,3,GCTATTAACATCATTCCTGG,0,1288966
furpa,0.25,3,3,GCTATCTAGCACTTTGTTGA,0,1310939
furpa,0.25,3,3,GCTATCAAATACACGCCTCT,0,1295546
furpa,0.25,3,3,GCTATAGGTAACTCCCTTAT,0,1328081
furpa,0.25,3,3,GCTAAGATGGCCATAGCAGA,0,1351733
furpa,0.25,3,3,GCGTTTGCAGACCATTTCAA,0,1277407
furpa,0.25,3,3,GCGTTGTTGAAGTCCAATCT,0,1301993
furpa,0.25,3,3,GCGTTGTGGCCCATATGCTG,0,1296170
furpa,0.25,3,3,GCGTGTGAAGGGTGGCCTAT,0,1295791
furpa,0.25,3,3,GCGTGTAGGATGATGTTGGA,0,1278609
furpa,0.25,3,3,GCGTGCTAGTCATGCAACCC,0,1298069
furpa,0.25,3,3,GCGTCAGTGCATACATAAAA,0,1343150
furpa,0.25,3,3,GCGTCAAGGGGCGACGATAG,0,1300613
furpa,0.25,3,3,GCGGTTCGTTCATATGGCGC,0,1301463
furpa,0.25,3,3,GCGGTTCGTTAGCTAGGACC,0,1337412
furpa,0.25,3,3,GCGGTCGTGGCTTTCTCTGC,0,1313227
furpa,0.25,3,3,GCGGTCGCGCCTCCTCGCGA,0,1342716
furpa,0.25,3,3,GCGGTCACTGACGCAGAGCC,0,1342442
furpa,0.25,3,3,GCGGTCAATGATCCCTAGTC,0,1296284
furpa,0.25,3,3,GCGGTACGAACAAATTGCCC,0,1326420
furpa,0.25,3,3,GCGGCTCTAGTTTTCATCTG,0,1303507
furpa,0.25,3,3,GCGGAGGTTTTGGCTATGAA,0,1327036
furpa,0.25,3,3,GCGGACCTGCATCACAGTGC,0,1354931
furpa,0.25,3,3,GCGGAATTCGTTGAGGTAAC,0,1288689
furpa,0.25,3,3,GCGCTAGCACGCAGGTTTCT,0,1300895
furpa,0.25,3,3,GCGCGTCTCCTAGAGGCAGG,0,1277513
furpa,0.25,3,3,GCGCCTCCGGGGCCAGCCAT,0,1329036
furpa,0.25,3,3,GCGCCGAGGACAGTACGGGT,0,1355141
furpa,0.25,3,3,GCGCATAGACGTACATCAAT,0,1299130
furpa,0.25,3,3,GCGCAGTTGTACGTCAACGT,0,1283704
furpa,0.25,3,3,GCGCACGTCCAATCTCAAAG,0,1308423
furpa,0.25,3,3,GCGAGTGTCTATCTACGCCA,0,1317420
furpa,0.25,3,3,GCGAGGCTGGAGCGGTGAAA,0,1343487
furpa,0.25,3,3,GCGAGGCTAACTGACAGTAA,0,1338208
furpa,0.25,3,3,GCGAGGACCACCCGGCTACG,0,1330591
furpa,0.25,3,3,GCGACTATCACGTGTTCTCT,0,1271925
furpa,0.25,3,3,GCGACGGAACCCTGAATATT,0,1336125
furpa,0.25,3,3,GCGACCATTGATCTGCGGCT,0,1292261
furpa,0.25,3,3,GCGAAGACCACGGGGTGTCA,0,1332074
furpa,0.25,3,3,GCGAAAGATAACCCGCCCGA,0,1308461
furpa,0.25,3,3,GCGAAACTACGGCATCATAC,0,1343914
furpa,0.25,3,3,GCGAAAATTAACAGCTAGTT,0,1318325
furpa,0.25,3,3,GCCTTTCGAATCACGTTGGT,0,1337118
furpa,0.25,3,3,GCCTGAGTAGAATAGTTTGG,0,1352789
furpa,0.25,3,3,GCCTCTAGCGCAGACATTTG,0,1345772
furpa,0.25,3,3,GCCTCGGTTTGCTAGGCCTC,0,1280009
furpa,0.25,3,3,GCCTAGCAAGGATCTTAACG,0,1274633
furpa,0.25,3,3,GCCGTGCGAAGCTCCGAATC,0,1344930
furpa,0.25,3,3,GCCGTATTATGGGCTCAAAC,0,1333681
furpa,0.25,3,3,GCCGTATGGCAATCTTAGGT,0,1344951
furpa,0.25,3,3,GCCGGTGCATACGGTGTTCC,0,1336239
furpa,0.25,3,3,GCCGGTGAAGTATCAGAGCG,0,1329380
furpa,0.25,3,3,GCCGGTCTAGGGGACGACCA,0,1291811
furpa,0.25,3,3,GCCGCTCTACGCCTGGTACT,0,1340396
furpa,0.25,3,3,GCCGCTACGACACAAGCTTC,0,1303010
furpa,0.25,3,3,GCCGAACCCTATTATCACAA,0,1354490
furpa,0.25,3,3,GCCCTTTAATAATGTTTGTG,0,1281758
furpa,0.25,3,3,GCCCTTGATCTCACGGTACT,0,1343934
furpa,0.25,3,3,GCCCTGAGCTCCTGGTACCG,0,1311702
furpa,0.25,3,3,GCCCTCGTTTTCAGTGCAAA,0,1289673
furpa,0.25,3,3,GCCCTACTGGTTTGAAATCG,0,1321715
furpa,0.25,3,3,GCCCTACGGCGAGTAAAGGT,0,1293552
furpa,0.25,3,3,GCCCGGCCCCTAGTTAGAAA,0,1334620
furpa,0.25,3,3,GCCCGCTATGTCGCTTAGGT,0,1340372
furpa,0.25,3,3,GCCCCCATAATCTCATGACC,0,1300285
furpa,0.25,3,3,GCCCCAATAGTGGTGCATCC,0,1311040
furpa,0.25,3,3,GCCCATCTTGGGCGCGATTA,0,1293135
furpa,0.25,3,3,GCCCATATGCTTGTGCATTA,0,1321858
furpa,0.25,3,3,GCCCAGTGCTGGGCCTTGCG,0,1318042
furpa,0.25,3,3,GCCCACGAATATAGAATTCA,0,1282116
furpa,0.25,3,3,GCCCACACCAATAGACTGAG,0,1328537
furpa,0.25,3,3,GCCCAAGTGGCGATAAGCAT,0,1314763
furpa,0.25,3,3,GCCCAACGCGAGTGTCACTG,0,1308284
furpa,0.25,3,3,GCCATTTGCGTATTTATCCC,0,1355955
furpa,0.25,3,3,GCCATGTCCAGCCTACCAAC,0,1346300
furpa,0.25,3,3,GCCATGAAATCTTTATTTCT,0,1332906
furpa,0.25,3,3,GCCAGGGGGGAGACACGGCC,0,1289658
furpa,0.25,3,3,GCCAGCGGCTAGGCCAATCA,0,1333654
furpa,0.25,3,3,GCCAGCCGCTTGTATACGAT,0,1315806
furpa,0.25,3,3,GCCAGACGCTTAACTATAAC,0,1347120
furpa,0.25,3,3,GCCACGGTGTGAACTGGTGA,0,1327778
furpa,0.25,3,3,GCCAAATGCGGAACTCCTTC,0,1280433
furpa,0.25,3,3,GCCAAATCTTCGACTTTTAC,0,1297639
furpa,0.25,3,3,GCCAAAGTGCGCTGATCCTT,0,1345755
furpa,0.25,3,3,GCATTTTGCGAACTCGCAAA,0,1334852
furpa,0.25,3,3,GCATTGACAGATGAAGTGTC,0,1340014
furpa,0.25,3,3,GCATTCTCGAGGAAGGAGGC,0,1291528
furpa,0.25,3,3,GCATTATCCGTCTCTCTACG,0,1281427
furpa,0.25,3,3,GCATGCATACAGATGAATAT,0,1348513
furpa,0.25,3,3,GCATCGGCGAATGCAAGCGA,0,1352974
furpa,0.25,3,3,GCATCCTCACATTCTGCTCA,0,1328228
furpa,0.25,3,3,GCATCCTAAATGTTATTGGC,0,1285693
furpa,0.25,3,3,GCATAGTAGGCCCTGAAAGC,0,1276668
furpa,0.25,3,3,GCAGTTTGCATGGTCCCCTT,0,1296226
furpa,0.25,3,3,GCAGGTTCATTCTATGAGCC,0,1307421
furpa,0.25,3,3,GCAGGACGGAAGGTCCCACT,0,1347331
furpa,0.25,3,3,GCAGGACAGTTTGATACCTG,0,1352279
furpa,0.25,3,3,GCAGCGTGAAACGATGCGTA,0,1347202
furpa,0.25,3,3,GCAGCCGTAAAGCAGCCAGA,0,1331075
furpa,0.25,3,3,GCAGCATCTGCGATGGATTC,0,1329525
furpa,0.25,3,3,GCAGCAGTTCATACACGTAT,0,1274198
furpa,0.25,3,3,GCAGAGGACGTCCTACGGCA,0,1322910
furpa,0.25,3,3,GCACTGTCTCTTAGTGGAGA,0,1311853
furpa,0.25,3,3,GCACTGACTTGTCTGGCGGA,0,1303499
furpa,0.25,3,3,GCACTCCATTCTAGAATTGC,0,1305629
furpa,0.25,3,3,GCACTATATGCATGACGGTT,0,1282436
furpa,0.25,3,3,GCACGTGTACGGGACAGTAA,0,1293755
furpa,0.25,3,3,GCACGGGACGTTCTAAGGGA,0,1296899
furpa,0.25,3,3,GCACGGAGATGTGTTGAGTC,0,1330333
furpa,0.25,3,3,GCACGCTTCCGCACGCGGTC,0,1280094
furpa,0.25,3,3,GCACGCTAACATTTAGGGAA,0,1290189
furpa,0.25,3,3,GCACGAGTTGAGTAGCATCA,0,1279051
furpa,0.25,3,3,GCACGAGCATGACTACAGAC,0,1339602
furpa,0.25,3,3,GCACCTTTACCGAGTGATTA,0,1332446
furpa,0.25,3,3,GCACCCGTACAGCGACTAAT,0,1295834
furpa,0.25,3,3,GCACCCGCCAAATTATTGAA,0,1349299
furpa,0.25,3,3,GCACATGCACAACGGTCGTA,0,1332129
furpa,0.25,3,3,GCACATCGGGTACAGCTCGC,0,1303600
furpa,0.25,3,3,GCACATCGATTCGTTTTAAA,0,1333838
furpa,0.25,3,3,GCACAGGACTCTCTAGGTGG,0,1330945
furpa,0.25,3,3,GCACAGATCGATTGATACAG,0,1357617
furpa,0.25,3,3,GCACAAATGTCTCTTTGCTA,0,1284004
furpa,0.25,3,3,GCAATTCCTAGACCAGATCT,0,1351957
furpa,0.25,3,3,GCAATCCCGATTGCGGTGTA,0,1312237
furpa,0.25,3,3,GCAATAAACAAGCCGGCCGT,0,1311594
furpa,0.25,3,3,GCAAGCTGTGCTTGGTTTGA,0,1292679
furpa,0.25,3,3,GCAAGCTGCTTCAAACCCTT,0,1341328
furpa,0.25,3,3,GCAACGGGGCGTAGGCGGAT,0,1272109
furpa,0.25,3,3,GCAACGGACCGTAGGGTACA,0,1289958
furpa,0.25,3,3,GCAACGCGAACATCTTTGAG,0,1287657
furpa,0.25,3,3,GCAACCTCCAGCCTCACACG,0,1343153
furpa,0.25,3,3,GCAAAGAATTCTAGTGAATC,0,1303196
furpa,0.25,3,3,GATTTGCCGGACGTTCATCG,0,1294088
furpa,0.25,3,3,GATTGACTTCGGATATAATA,0,1355289
furpa,0.25,3,3,GATTAGGCTATGTTCCTAGA,0,1333099
furpa,0.25,3,3,GATTACACAGGACCTCTTGC,0,1297041
furpa,0.25,3,3,GATGTAAGTGGCCTATTTAC,0,1321860
furpa,0.25,3,3,GATGGTCTCCGGCGGTGACA,0,1355766
furpa,0.25,3,3,GATGGAAGAGTCCGGATAGG,0,1301858
furpa,0.25,3,3,GATGCGGGTAGTGTTTTAGT,0,1297848
furpa,0.25,3,3,GATGCGAAGTTGACTCACAT,0,1325754
furpa,0.25,3,3,GATGCCCGTATGTGTGTGAA,0,1330011
furpa,0.25,3,3,GATCTGCATGCTGCGTCCTA,0,1335355
furpa,0.25,3,3,GATCTGACCTGTTAAGTGTC,0,1298291
furpa,0.25,3,3,GATCGTAAGTTCACCCTGCA,0,1299722
furpa,0.25,3,3,GATCGCCTCACAAGCGCCAT,0,1340606
furpa,0.25,3,3,GATCCTGTCCTGCGCATCAG,0,1337360
furpa,0.25,3,3,GATCCTATGCTTGCTGCATT,0,1339480
furpa,0.25,3,3,GATCCATGCTAGAAACAACC,0,1311504
furpa,0.25,3,3,GATCCAGTATCCAGCTGTAC,0,1340822
furpa,0.25,3,3,GATATTGGCCGGGGGTTCAG,0,1284879
furpa,0.25,3,3,GATATGCGGCTTCTTTCTAC,0,1352320
furpa,0.25,3,3,GATAGCTAGTAGCGCTCTCA,0,1316495
furpa,0.25,3,3,GATACGTGTAAAGCAGGGTA,0,1283550
furpa,0.25,3,3,GATAATGCACCATTTAAAGG,0,1310749
furpa,0.25,3,3,GATAAGTGAGATCGTCTCCA,0,1285960
furpa,0.25,3,3,GAGTTGCACTATTGTACGAT,0,1350501
furpa,0.25,3,3,GAGTTCCTGTATGACTTGTT,0,1296179
furpa,0.25,3,3,GAGTGGCGATCTCAAGTTCG,0,1308974
furpa,0.25,3,3,GAGTGACCAAGATCTTAAAT,0,1316062
furpa,0.25,3,3,GAGTCTTCGAAATGTGGCCG,0,1317286
furpa,0.25,3,3,GAGTCGAATAGGTCCAGGTT,0,1351309
furpa,0.25,3,3,GAGTCAGCCCGATACGAGGT,0,1343932
furpa,0.25,3,3,GAGTACCCCCTCGGAAAATC,0,1324767
furpa,0.25,3,3,GAGTAATCACACCACCGCGT,0,1285404
furpa,0.25,3,3,GAGTAATAGGCTCTGGGCTG,0,1351849
furpa,0.25,3,3,GAGTAAAGCTGCGGAATGTA,0,1280141
furpa,0.25,3,3,GAGGTGTACAGCCATCGTGA,0,1297866
furpa,0.25,3,3,GAGGTAACCATGTTACGCGT,0,1323311
furpa,0.25,3,3,GAGGGGCCCAAAAGTATGAC,0,1294351
furpa,0.25,3,3,GAGGGCGATACAGCGGCATT,0,1289740
furpa,0.25,3,3,GAGGGAGTACGGCGAGTCAT,0,1331221
furpa,0.25,3,3,GAGGGAATATATTGGGTTCA,0,1312605
furpa,0.25,3,3,GAGCTCCGGACGCCGTAGAG,0,1307531
furpa,0.25,3,3,GAGCGGTGTGGCTGAATTAA,0,1322911
furpa,0.25,3,3,GAGCGACGGCGTTCACCATG,0,1355959
furpa,0.25,3,3,GAGCCTCGATAGGCTGTATT,0,1292635
furpa,0.25,3,3,GAGCATAGGACCGGTCGAGA,0,1338375
furpa,0.25,3,3,GAGCACGCATTACGACGCGA,0,1310043
furpa,0.25,3,3,GAGATGTAACGTTGAAGTCA,0,1349503
furpa,0.25,3,3,GAGATCATTAGGCGATAGTG,0,1337231
furpa,0.25,3,3,GAGATCAGTCCGTAGCCTCT,0,1344443
furpa,0.25,3,3,GAGATAAATAACCTCGGTCC,0,1288328
furpa,0.25,3,3,GAGAGCCAAAACCACGTCTT,0,1294547
furpa,0.25,3,3,GAGACTGCATGGCGTGTTGT,0,1332545
furpa,0.25,3,3,GAGACGTTAGGAGATGTGAG,0,1285884
furpa,0.25,3,3,GAGACCAGCGAGGAATCTAT,0,1278190
furpa,0.25,3,3,GAGAATAAATAACTGTAAGC,0,1307043
furpa,0.25,3,3,GAGAAAAGCCGACTGTAAAT,0,1279108
furpa,0.25,3,3,GACTTTAAAAATGGCCGTCT,0,1297251
furpa,0.25,3,3,GACTTGAGAGTATTGGCATA,0,1349332
furpa,0.25,3,3,GACTTACTTTGTAGGCTCCT,0,1321539
furpa,0.25,3,3,GACTTAAACCTGCGTCGGGG,0,1339040
furpa,0.25,3,3,GACTGTCCGTGTTCCTCCAT,0,1275927
furpa,0.25,3,3,GACTGCTGGGTTATATATAT,0,1315042
furpa,0.25,3,3,GACTCTTTAGTGTATGTTTT,0,1308252
furpa,0.25,3,3,GACTCGAGTCGCGCTCAAGA,0,1283141
furpa,0.25,3,3,GACTATTGTTCCTGGTAAGG,0,1351168
furpa,0.25,3,3,GACTAAAGATCTGTGACACT,0,1282699
furpa,0.25,3,3,GACGTTACCGAACTATCGGA,0,1314425
furpa,0.25,3,3,GACGTGGGATCCTTCAAGAC,0,1320384
furpa,0.25,3,3,GACGTGCTGGAAGATGCTCA,0,1355515
furpa,0.25,3,3,GACGTGAGAGCTAGACATCT,0,1334506
furpa,0.25,3,3,GACGTCCACGGGCGCACCAT,0,1342428
furpa,0.25,3,3,GACGTATGGTTTACCTGACT,0,1294354
furpa,0.25,3,3,GACGGGCTTCGAGGGGAGAA,0,1322629
furpa,0.25,3,3,GACGCCATGAGACTCCTTAA,0,1281411
furpa,0.25,3,3,GACGAATTCTTACGCTGATG,0,1275014
furpa,0.25,3,3,GACGAAAAGTAGGAGAAATC,0,1349567
furpa,0.25,3,3,GACCGGAGGGTGCCACCGGT,0,1324433
furpa,0.25,3,3,GACCCAAATGGAGGAGATGT,0,1280079
furpa,0.25,3,3,GACCATTCGCGATCCAGCGT,0,1298913
furpa,0.25,3,3,GACCATACGCAGATTTGTAA,0,1319731
furpa,0.25,3,3,GACCACGAATCTATTAAGGC,0,1310702
furpa,0.25,3,3,GACCACCTTCGTCGAATGAC,0,1306810
furpa,0.25,3,3,GACCACCTCCTGGGTGCACG,0,1286647
furpa,0.25,3,3,GACCAAGATCCTACGCATGA,0,1295749
furpa,0.25,3,3,GACCAAGATCACCAAGTAAG,0,1329151
furpa,0.25,3,3,GACATGTAGCTTGTGAGAGA,0,1348322
furpa,0.25,3,3,GACATCCCGTCTCAATTCAG,0,1303566
furpa,0.25,3,3,GACAGCGCACTGAGCCAGAT,0,1299065
furpa,0.25,3,3,GACAGAATACCCTTGGTTGC,0,1336133
furpa,0.25,3,3,GACACGTCTCCTCGGTGTGG,0,1330575
furpa,0.25,3,3,GACAAGCCCACCGGGGGTTT,0,1348054
furpa,0.25,3,3,GACAAACTCCGTAACGACAT,0,1286756
furpa,0.25,3,3,GAATGCATGTCGATAAAGAT,0,1347734
furpa,0.25,3,3,GAATGAGTGTGCCGGCTAGA,0,1292942
furpa,0.25,3,3,GAATCCATGATGGGCAATTT,0,1280970
furpa,0.25,3,3,GAATCAAGCCGACCCAGTAC,0,1298818
furpa,0.25,3,3,GAATATCGGCAGGAATTGCC,0,1281094
furpa,0.25,3,3,GAATACGTGATCTGGACGTC,0,1283497
furpa,0.25,3,3,GAATACAGCAGCTGTCTGGA,0,1279817
furpa,0.25,3,3,GAATAAATTGGTCGCTACTA,0,1326331
furpa,0.25,3,3,GAAGTTTTTCCGATGGGGCA,0,1341624
furpa,0.25,3,3,GAAGTTTAATCGAACGGTCT,0,1328868
furpa,0.25,3,3,GAAGTTGGTGACGTCCTAAT,0,1330327
furpa,0.25,3,3,GAAGTATTTAACCGGATCGT,0,1319368
furpa,0.25,3,3,GAAGCAAGTAAGACTCAGAG,0,1348386
furpa,0.25,3,3,GAAGCAAGCTAGAGGACAAT,0,1281355
furpa,0.25,3,3,GAAGAAGGCCACACACTGTC,0,1350614
furpa,0.25,3,3,GAAGAAGACCGGAATCAAGC,0,1338220
furpa,0.25,3,3,GAACTATAACCCCAGTTCGT,0,1298585
furpa,0.25,3,3,GAACTAAACATGTATAGAGG,0,1316324
furpa,0.25,3,3,GAACGCATTGGAATGTAGCC,0,1295618
furpa,0.25,3,3,GAACGAACATAGGATATAAA,0,1351572
furpa,0.25,3,3,GAACCTTTGCGAAGGTCGTC,0,1283728
furpa,0.25,3,3,GAACAGCGTTCCGGAACCGG,0,1292606
furpa,0.25,3,3,GAAATTTACAGTAGCGATTA,0,1304503
furpa,0.25,3,3,GAAATGGTCTTAGGAGCAAA,0,1277751
furpa,0.25,3,3,GAAATGCTCCAGGGGCGGAC,0,1341079
furpa,0.25,3,3,GAAATCAGGCGTCAGCCAAT,0,1321885
furpa,0.25,3,3,GAAAGTGTCACGGCCAGAAC,0,1347374
furpa,0.25,3,3,GAAACACACGGTTTTCATTA,0,1345073
furpa,0.25,3,3,GAAAATCCCACATGCGAGTG,0,1340324
furpa,0.25,3,3,GAAAACTTAGCTAGCTTCGT,0,1331083
furpa,0.25,3,3,CTTTTGTCCTTCCGTTGCAG,0,1350120
furpa,0.25,3,3,CTTTGATCCATGTTTGCCGG,0,1333957
furpa,0.25,3,3,CTTTCTGCATGTTGCATGCT,0,1350176
furpa,0.25,3,3,CTTTCGTGATTAGTACGCCC,0,1316634
furpa,0.25,3,3,CTTTCGACGGTACTCTATTC,0,1336827
furpa,0.25,3,3,CTTTCACTTCTAGGAGCCGC,0,1306325
furpa,0.25,3,3,CTTTATTACCACAATTCTGC,0,1308939
furpa,0.25,3,3,CTTTAGGTATACAAAAATAC,0,1325325
furpa,0.25,3,3,CTTTAGAAGCCGTTACGCAA,0,1354295
furpa,0.25,3,3,CTTTACAGACTCGGTTCCTC,0,1277355
furpa,0.25,3,3,CTTGTTCACGTGACGTCAAC,0,1276180
furpa,0.25,3,3,CTTGTACTGAAGGAGGACCT,0,1305648
furpa,0.25,3,3,CTTGGGAGGTTTCTTGAGCG,0,1321111
furpa,0.25,3,3,CTTGGACGTTCCTTCGGTCG,0,1314561
furpa,0.25,3,3,CTTGAAGGTGAGGGCGGTCC,0,1345371
furpa,0.25,3,3,CTTCTGCGATTCACAATGAC,0,1311392
furpa,0.25,3,3,CTTCGGTTTTGAGAAAAGCT,0,1343336
furpa,0.25,3,3,CTTCCTCTGCAGTACCAGGT,0,1285461
furpa,0.25,3,3,CTTCCGCGTTCATGGAGGGA,0,1341637
furpa,0.25,3,3,CTTCCGCGCAGGGCCTAAGA,0,1331599
furpa,0.25,3,3,CTTCCCGCGCCTTACTCGAA,0,1283143
furpa,0.25,3,3,CTTCAAAGACCATGCCAACA,0,1282506
furpa,0.25,3,3,CTTATTAACACCGCAGGGGA,0,1299724
furpa,0.25,3,3,CTTATGGTAGATCCCATGAG,0,1337251
furpa,0.25,3,3,CTTATATTTAGAGCATGAAC,0,1337809
furpa,0.25,3,3,CTTATATGGCCATGGTAACG,0,1285465
furpa,0.25,3,3,CTTAGGCGCTGAGTTGCTCC,0,1335809
furpa,0.25,3,3,CTTAGATTCCGTTGTCGCGT,0,1329717
furpa,0.25,3,3,CTTAGAGCATCAGAACCACC,0,1313259
furpa,0.25,3,3,CTTACGGAATATACATAATG,0,1284063
furpa,0.25,3,3,CTTAACGATTAATCCCACGC,0,1311943
furpa,0.25,3,3,CTGTTTCCGTGAACGCCACA,0,1345090
furpa,0.25,3,3,CTGTTGGGTTAGAGCACTCT,0,1320130
furpa,0.25,3,3,CTGTTGCCGTAGTGCGTATT,0,1298560
furpa,0.25,3,3,CTGTTCGGGCATTCAAAACT,0,1300337
furpa,0.25,3,3,CTGTAGTTGCAGGGTCACAA,0,1296281
furpa,0.25,3,3,CTGTACGCGCCACGTAAAGC,0,1273713
furpa,0.25,3,3,CTGTACGATGGATAGGATTG,0,1333029
furpa,0.25,3,3,CTGGTTTTGGCAGATGTAAG,0,1333461
furpa,0.25,3,3,CTGGTTAATTCAGGATAGAA,0,1339411
furpa,0.25,3,3,CTGGTAAGTGACCCGGGGGG,0,1283372
furpa,0.25,3,3,CTGGCTTCGGGGCTCTTGGG,0,1308838
furpa,0.25,3,3,CTGGCTATAGATTGTGGCAT,0,1331925
furpa,0.25,3,3,CTGGCGTTAATCAGGGCGTT,0,1347180
furpa,0.25,3,3,CTGGCCACTTGTGTACTACT,0,1315195
furpa,0.25,3,3,CTGGATGAGGAAGCTAGTTG,0,1305938
furpa,0.25,3,3,CTGCTGGTGTACAATGACTA,0,1357715
furpa,0.25,3,3,CTGCTAACGACGTTCAAAGC,0,1305846
furpa,0.25,3,3,CTGCGGCTTAAGGTCGCTAA,0,1297671
furpa,0.25,3,3,CTGCCGATGTCTATATTCCA,0,1347336
furpa,0.25,3,3,CTGCCATATGCGGGATAGGA,0,1292947
furpa,0.25,3,3,CTGCAAGGAACACCTAAGTC,0,1309269
furpa,0.25,3,3,CTGATTGTGCAATTGCTTTG,0,1288972
furpa,0.25,3,3,CTGATGTTGCTGTGCAGGTA,0,1286437
furpa,0.25,3,3,CTGATCGCCAGCTCTCCCAG,0,1306698
furpa,0.25,3,3,CTGATCATCCATTCCGCTGG,0,1356092
furpa,0.25,3,3,CTGATCAGGTTCGGGAGGTT,0,1346078
furpa,0.25,3,3,CTCTTGGCGAGGCCGCGACG,0,1319024
furpa,0.25,3,3,CTCTGTTTAGTCTCTATCGC,0,1325229
furpa,0.25,3,3,CTCTGTGGGCGCCAGGGTTG,0,1355263
furpa,0.25,3,3,CTCTGGACACGAAAACGTAT,0,1334072
furpa,0.25,3,3,CTCTGCGCCATTAGGCGGCT,0,1342800
furpa,0.25,3,3,CTCTGACAGGAGGCCTGGCC,0,1350290
furpa,0.25,3,3,CTCTCTTCAGGACCGTCGAA,0,1276016
furpa,0.25,3,3,CTCTCTCTGCGCCCAACTAG,0,1271654
furpa,0.25,3,3,CTCTCTCGACGTTGCGTAAG,0,1338961
furpa,0.25,3,3,CTCTCTCAACTACTCCGCTA,0,1311512
furpa,0.25,3,3,CTCTCCATAGCTCAGTGGGA,0,1289621
furpa,0.25,3,3,CTCTAGTCGGGTATCTTTTT,0,1283788
furpa,0.25,3,3,CTCGTTAAAGTTAAGCGATT,0,1305952
furpa,0.25,3,3,CTCGTGTAGAAACTCGGACG,0,1311117
furpa,0.25,3,3,CTCGGGTTCGCGGCTATGTG,0,1321857
furpa,0.25,3,3,CTCGGCAGCCAGTCGGACAA,0,1296555
furpa,0.25,3,3,CTCGATGCAACAGTCTACAC,0,1344871
furpa,0.25,3,3,CTCGATCGAGCTGCCTCAGT,0,1303646
furpa,0.25,3,3,CTCGACCCGGTTCCGAACAG,0,1280919
furpa,0.25,3,3,CTCGAAAGCATTACTCGGCT,0,1317654
furpa,0.25,3,3,CTCCTTTTCTATTTTTTGTA,0,1347249
furpa,0.25,3,3,CTCCTTGTGTATTACTGTTC,0,1338986
furpa,0.25,3,3,CTCCTGTTAGGTGATCCTAC,0,1307041
furpa,0.25,3,3,CTCCTGCAACCCGCGCATCA,0,1339546
furpa,0.25,3,3,CTCCGGCAAGGGGCGGTCCC,0,1300546
furpa,0.25,3,3,CTCCGCGTGTGAGCTAGGGG,0,1279371
furpa,0.25,3,3,CTCCCTCGTGACCTTGGTGG,0,1347129
furpa,0.25,3,3,CTCCCGCGAGCACCATGTGA,0,1277294
furpa,0.25,3,3,CTCCCGAAAACGAGGCCAAG,0,1279325
furpa,0.25,3,3,CTCCATGGTCCATCTTCAAA,0,1297223
furpa,0.25,3,3,CTCCAAGCTCCTAAGGTCTT,0,1283566
furpa,0.25,3,3,CTCCAAATATGGGTCGCGTA,0,1348481
furpa,0.25,3,3,CTCATTGTGAACATCATCAC,0,1286032
furpa,0.25,3,3,CTCATATGATCGTATGCGGC,0,1285381
furpa,0.25,3,3,CTCATAGTCTCTGTGGTTCA,0,1294700
furpa,0.25,3,3,CTCATAATCATAAGAGTCCT,0,1293453
furpa,0.25,3,3,CTCACGTTCCCGCTCGGTGG,0,1289489
furpa,0.25,3,3,CTCACACAGTGAGATATTGC,0,1308007
furpa,0.25,3,3,CTCAACGTTCACTTGGGTGA,0,1319757
furpa,0.25,3,3,CTCAACGCACCCGAGCGGCA,0,1346942
furpa,0.25,3,3,CTATTTGGCCCGCTGGTCCC,0,1348900
furpa,0.25,3,3,CTATTGCGACTGAGCACGTG,0,1279961
furpa,0.25,3,3,CTATTGATAGCCCAGGGCAG,0,1300470
furpa,0.25,3,3,CTATTCAAGTCCGTTGACCC,0,1341487
furpa,0.25,3,3,CTATTCAAGTCAGCCTCTGC,0,1352317
furpa,0.25,3,3,CTATGGCCACGATCATTTAT,0,1332902
furpa,0.25,3,3,CTATCGGTTTCCTCATACAC,0,1308483
furpa,0.25,3,3,CTATCCCGAAAGTCGGTCTG,0,1277520
furpa,0.25,3,3,CTATCAGTGTATCGCGAGCC,0,1284861
furpa,0.25,3,3,CTATCAAGAGTCGTTATTGC,0,1278198
furpa,0.25,3,3,CTATATGATGGATTGCTTAG,0,1282265
furpa,0.25,3,3,CTATACGCTTAACGCCTATT,0,1342433
furpa,0.25,3,3,CTAGTTCCGACCCTCCATTG,0,1275937
furpa,0.25,3,3,CTAGTGCCATCGCCGCTACT,0,1335452
furpa,0.25,3,3,CTAGTCATACACATGCGGAT,0,1345407
furpa,0.25,3,3,CTAGTAAACGTAGACCAATG,0,1354001
furpa,0.25,3,3,CTAGGGCACCGGGTGAGGCA,0,1297111
furpa,0.25,3,3,CTAGGCGCATCTTTGATGGA,0,1293650
furpa,0.25,3,3,CTAGGCACGCGTCTCACTGT,0,1330216
furpa,0.25,3,3,CTAGGAGTCTAAATCTCCAC,0,1343838
furpa,0.25,3,3,CTAGCGATGCCAGAAGTCGT,0,1290041
furpa,0.25,3,3,CTAGATTCTTTAGTTTCGTC,0,1295543
furpa,0.25,3,3,CTAGATTCGATACCGGACCC,0,1332600
furpa,0.25,3,3,CTAGAAGGCAGAATCCCACG,0,1329245
furpa,0.25,3,3,CTACTGATACCTATTGGCTG,0,1297904
furpa,0.25,3,3,CTACTCGCGTTAGTTTTATA,0,1283556
furpa,0.25,3,3,CTACTACTCACCCCCGCCAG,0,1279703
furpa,0.25,3,3,CTACTACGCTCTTATTGTCG,0,1293867
furpa,0.25,3,3,CTACGGGCAATGTAATGGCC,0,1300166
furpa,0.25,3,3,CTACGAGCTCCAGCCGGCAG,0,1314009
furpa,0.25,3,3,CTACCTAGCTCTGTCACTGC,0,1320921
furpa,0.25,3,3,CTACCGAAAACTGGGCAGCT,0,1292338
furpa,0.25,3,3,CTACCCAGTATCGAAGAAAT,0,1331174
furpa,0.25,3,3,CTACAGTAGGGTTTGCCACA,0,1279801
furpa,0.25,3,3,CTAATGCGGGGCTCCGCGAC,0,1321063
furpa,0.25,3,3,CTAATCCTATCAGAAACGAG,0,1280448
furpa,0.25,3,3,CTAATAGTCCAGTGAACTTG,0,1348729
furpa,0.25,3,3,CTAAGTTCTCTCCGTTGAAA,0,1293184
furpa,0.25,3,3,CTAAGGTGCACATCACTGGA,0,1344227
furpa,0.25,3,3,CTAAGGGCGGAGCGTAGCCT,0,1282040
furpa,0.25,3,3,CTAAGGCGCCTGCTTTTTGC,0,1318455
furpa,0.25,3,3,CTAAGAAGCCGCGCCGCGCC,0,1333748
furpa,0.25,3,3,CTAAACCCGCCGCAAGGAAC,0,1357439
furpa,0.25,3,3,CTAAAACTCAGTCGCTCAGT,0,1281625
furpa,0.25,3,3,CGTTTTCGGGATTAGCTAGG,0,1294798
furpa,0.25,3,3,CGTTTGGCGCTGTTAGGTCG,0,1356887
furpa,0.25,3,3,CGTTTGCTGTAAATTTAGAC,0,1319760
furpa,0.25,3,3,CGTTTCACGGGTAGTAGGTC,0,1301354
furpa,0.25,3,3,CGTTGCTCGAAGTAGCTACC,0,1321963
furpa,0.25,3,3,CGTTGAGCGAGGTTCAGCGC,0,1343337
furpa,0.25,3,3,CGTTCCCGAGTGCGTACTCA,0,1279492
furpa,0.25,3,3,CGTTATTTAATTGTATCGGC,0,1275094
furpa,0.25,3,3,CGTTATAAACTATCTCAACT,0,1324694
furpa,0.25,3,3,CGTTACCTTTAGTACTTGCG,0,1298960
furpa,0.25,3,3,CGTTAATTGGGCGAAGGCGT,0,1280498
furpa,0.25,3,3,CGTTAAGTTAAAGGTAGAGC,0,1354149
furpa,0.25,3,3,CGTGTGCCCCAATGGGCCGA,0,1288079
furpa,0.25,3,3,CGTGTCGTGTTGTTCAGTCT,0,1271958
furpa,0.25,3,3,CGTGTATAAGATTCTCAGCC,0,1339788
furpa,0.25,3,3,CGTGGTTCTCATCCAAACCA,0,1279589
furpa,0.25,3,3,CGTGGCTTTGATATCTATAA,0,1300592
furpa,0.25,3,3,CGTGGCGGGGGTCAAATCGC,0,1352135
furpa,0.25,3,3,CGTCGTGCCATCGGCAACAT,0,1332087
furpa,0.25,3,3,CGTCGTCGTAGCCAGGACGT,0,1332884
furpa,0.25,3,3,CGTCGGGAATTTGGGTCTCA,0,1333949
furpa,0.25,3,3,CGTCCTAGAATGTACCCACA,0,1344566
furpa,0.25,3,3,CGTCCAAGTAACGCAGGGAG,0,1337563
furpa,0.25,3,3,CGTCATTATGCGGATTATAA,0,1288057
furpa,0.25,3,3,CGTCACGCATGAGGCAAACC,0,1280732
furpa,0.25,3,3,CGTATGCCGCAGCTACACAT,0,1307444
furpa,0.25,3,3,CGTATCGATGCCTGATCTAC,0,1350508
furpa,0.25,3,3,CGTATCAGCCCTCTCTCCGC,0,1279441
furpa,0.25,3,3,CGTAGTGGGTTCAACTTCTG,0,1341520
furpa,0.25,3,3,CGTAGTGGGCTAAACCAATT,0,1315059
furpa,0.25,3,3,CGTAGGTCCTTCCTGAAAGG,0,1345411
furpa,0.25,3,3,CGTAGCGCTGTCAACGTTAA,0,1284278
furpa,0.25,3,3,CGTACGGCACCAGAAAGTAG,0,1277190
furpa,0.25,3,3,CGTACCCCTCAAGGTTGCCT,0,1300473
furpa,0.25,3,3,CGTACCCCGCCAGGCGGACC,0,1300866
furpa,0.25,3,3,CGTAATGTCATTTAAAATGG,0,1288531
furpa,0.25,3,3,CGTAATCTGATGCAAGCACC,0,1288007
furpa,0.25,3,3,CGTAATAACATCTGATATTG,0,1357122
furpa,0.25,3,3,CGTAACGGGATAGGTTGTAG,0,1304991
furpa,0.25,3,3,CGGTTACGGTAGTGTTTGCA,0,1315294
furpa,0.25,3,3,CGGTGGATTACTCGTTGTTA,0,1346558
furpa,0.25,3,3,CGGTGGAGCATTTGGCGGTA,0,1325783
furpa,0.25,3,3,CGGTGGAACTAGGTAGGTCT,0,1301578
furpa,0.25,3,3,CGGTCTGCGGCGTTCAAAAC,0,1341119
furpa,0.25,3,3,CGGTCTGCAAAAAAAGTTTG,0,1326124
furpa,0.25,3,3,CGGTCAGGCAGAATTCAAGG,0,1324442
furpa,0.25,3,3,CGGTATGGCGAAATTCAACA,0,1295544
furpa,0.25,3,3,CGGTAGTGATAATGTAACCC,0,1325350
furpa,0.25,3,3,CGGTAGTATACCTGACTGCC,0,1341755
furpa,0.25,3,3,CGGTAATAGCACCATTGGGA,0,1294544
furpa,0.25,3,3,CGGTAAGGGTCAGTGCTTAC,0,1354195
furpa,0.25,3,3,CGGTAAAGGCCCTGTACTGT,0,1348845
furpa,0.25,3,3,CGGGTTTAATTCATACTGAA,0,1286168
furpa,0.25,3,3,CGGGTAGGGATACGCGGTCC,0,1338914
furpa,0.25,3,3,CGGGTACGAACATGTGCACA,0,1356475
furpa,0.25,3,3,CGGGTACATGGGGTTGAAAG,0,1326018
furpa,0.25,3,3,CGGGGGAGGCTCGAAATAAG,0,1308273
furpa,0.25,3,3,CGGGGAGTGGGTTCTAGATC,0,1318563
furpa,0.25,3,3,CGGGGAACGAGCTGCACTAC,0,1283875
furpa,0.25,3,3,CGGGCTAAGAGGCATGTCCT,0,1296548
furpa,0.25,3,3,CGGGCGCGGGTTACGTGTGG,0,1299456
furpa,0.25,3,3,CGGGAGTAGTCCGAGGCTAA,0,1335110
furpa,0.25,3,3,CGGCTGATTCCCAGCAGGTA,0,1277850
furpa,0.25,3,3,CGGCTCGGGCGTGGGGTGAA,0,1288827
furpa,0.25,3,3,CGGCTAATAGGCCTCGGCTC,0,1335401
furpa,0.25,3,3,CGGCGGCCGTTAATGCTTAT,0,1354053
furpa,0.25,3,3,CGGCCTTATATGCAATGCCA,0,1325745
furpa,0.25,3,3,CGGCCTGAGTGTGGGCTAGG,0,1352679
furpa,0.25,3,3,CGGCACGGAGGCTAGTTGGT,0,1348530
furpa,0.25,3,3,CGGCAATCTAGTTGACAATA,0,1334153
furpa,0.25,3,3,CGGATGAGTTGGCTAAACCA,0,1283729
furpa,0.25,3,3,CGGATCCAACTACTCGCCAA,0,1325065
furpa,0.25,3,3,CGGATATTCTGAGTCCTCGT,0,1325365
furpa,0.25,3,3,CGGATATTCAGGCTCGTCAG,0,1305498
furpa,0.25,3,3,CGGAGTGTCAAACTGAATGG,0,1272132
furpa,0.25,3,3,CGGAGGGTTCGGCGATGTAT,0,1355623
furpa,0.25,3,3,CGGAGACAGTGAACCAGGGG,0,1271741
furpa,0.25,3,3,CGGACTATATTTGGATCTGA,0,1307865
furpa,0.25,3,3,CGGACGCTAGCGTGATTCAC,0,1322164
furpa,0.25,3,3,CGGACCATGGATTGATTCCC,0,1292607
furpa,0.25,3,3,CGCTTGTCTAAGCGGTGCAT,0,1275002
furpa,0.25,3,3,CGCTTATTAGGCGCGCTGGT,0,1354191
furpa,0.25,3,3,CGCTTACTATGTCTTGCACC,0,1338572
furpa,0.25,3,3,CGCTGGTGTACCGACGCGTG,0,1296743
furpa,0.25,3,3,CGCTCTACAATGGGACTATA,0,1327884
furpa,0.25,3,3,CGCTCCAAAGAGAGCTCGAG,0,1345943
furpa,0.25,3,3,CGCTCACGGATGATCGACCA,0,1302339
furpa,0.25,3,3,CGCTCAAAGCGATGGCGAAG,0,1338382
furpa,0.25,3,3,CGCTATTGTTCAAATGTTCC,0,1332841
furpa,0.25,3,3,CGCTATTAAGCAGTATTTTT,0,1292333
furpa,0.25,3,3,CGCTATCCTTTGACGGGTAC,0,1312262
furpa,0.25,3,3,CGCTATCAGCAGACATGTGC,0,1271952
furpa,0.25,3,3,CGCTACCATACCCGCACTGC,0,1298330
furpa,0.25,3,3,CGCTAACGCCAGTCGCCGGT,0,1320011
furpa,0.25,3,3,CGCGTGCCGGACGTAGCTCA,0,1340790
furpa,0.25,3,3,CGCGTCTAGTCGTAATTCCC,0,1356492
furpa,0.25,3,3,CGCGTAGATTCGGTAAACAG,0,1276732
furpa,0.25,3,3,CGCGGCGCCATAGTGACGGC,0,1343840
furpa,0.25,3,3,CGCGGCACGCGTCCTGCACA,0,1337165
furpa,0.25,3,3,CGCGGAGTTAATGGTAATGC,0,1277223
furpa,0.25,3,3,CGCGATATCAATCATCAGTG,0,1353893
furpa,0.25,3,3,CGCGAGTCTCCTCGCCTCCT,0,1295869
furpa,0.25,3,3,CGCGAGCTTTGGGACTGGAC,0,1271772
furpa,0.25,3,3,CGCGAAAGTCAGTAAGGTCA,0,1350039
furpa,0.25,3,3,CGCCTTTTGTCTAAAATAAG,0,1289971
furpa,0.25,3,3,CGCCTTTCGATGGCCGGGCA,0,1307127
furpa,0.25,3,3,CGCCTCTGGAACAGGGCGCT,0,1337492
furpa,0.25,3,3,CGCCTCTATTGCACGGCTCG,0,1274858
furpa,0.25,3,3,CGCCTCCCAGGACTGCTTTA,0,1324594
furpa,0.25,3,3,CGCCTAGATCCGTCATCGGG,0,1350885
furpa,0.25,3,3,CGCCGTGATCTGATTACCGA,0,1272686
furpa,0.25,3,3,CGCCGCTCCGATAAAAACCT,0,1344746
furpa,0.25,3,3,CGCCCGTGTCATTCGTTCGT,0,1321871
furpa,0.25,3,3,CGCCATACCTCTTCCTGCCC,0,1303979
furpa,0.25,3,3,CGCCAATATTTCGGTAGCGG,0,1291405
furpa,0.25,3,3,CGCATGGTTGTCTTTACTAT,0,1291892
furpa,0.25,3,3,CGCAGTTTAGGTCGCACTGC,0,1298480
furpa,0.25,3,3,CGCAGCGTCTCGACATAGCG,0,1343002
furpa,0.25,3,3,CGCACCACTGGATATATCGC,0,1272192
furpa,0.25,3,3,CGCAATTAGAACTGTCGGGC,0,1307522
furpa,0.25,3,3,CGCAAGTCTTATAATCGGCG,0,1330135
furpa,0.25,3,3,CGCAAGTCACCCATGTTTGT,0,1272754
furpa,0.25,3,3,CGCAACAACGTCACAGTCCT,0,1325240
furpa,0.25,3,3,CGATTCATCGCTATCCCTCG,0,1301704
furpa,0.25,3,3,CGATGGGACATGTTCCTTTC,0,1285044
furpa,0.25,3,3,CGATGCGCTTGTATCAGAAG,0,1293889
furpa,0.25,3,3,CGATCACTGTTGTCCACATT,0,1316138
furpa,0.25,3,3,CGATATCGGTTGTTCGCCCT,0,1335338
furpa,0.25,3,3,CGATATAGAGGCGGTCGCCT,0,1326236
furpa,0.25,3,3,CGATAATCGCCCGTCTTGTG,0,1330051
furpa,0.25,3,3,CGAGTTCTCATGTAAATCTT,0,1299872
furpa,0.25,3,3,CGAGTGTAAAAAGTAAGGTA,0,1309985
furpa,0.25,3,3,CGAGTGCCCATTTATAGCTG,0,1336094
furpa,0.25,3,3,CGAGTAATAAAATGGATAGT,0,1317893
furpa,0.25,3,3,CGAGTAACATGGGCCTGTGC,0,1355695
furpa,0.25,3,3,CGAGGTTTTGATAAAAAGCA,0,1276969
furpa,0.25,3,3,CGAGGTGCACCCGTCGGACA,0,1299386
furpa,0.25,3,3,CGAGGTCCGAGGGGCTCGCT,0,1355883
furpa,0.25,3,3,CGAGGTCAGTACGAACGTTC,0,1350528
furpa,0.25,3,3,CGAGGGCTGAAGCGAGTGTA,0,1320429
furpa,0.25,3,3,CGAGGAGGCCTGAAGTTGGG,0,1349813
furpa,0.25,3,3,CGAGCGGCTCCCCGCGTACC,0,1343137
furpa,0.25,3,3,CGAGCCCGAATTAGTGGTGT,0,1319753
furpa,0.25,3,3,CGAGACTTGACCTAGCGTCA,0,1293506
furpa,0.25,3,3,CGACTGGGGTCTTCTAAGTT,0,1344925
furpa,0.25,3,3,CGACTCGCCTAATACCTATG,0,1301007
furpa,0.25,3,3,CGACTCATGAAATAGCCCCT,0,1340062
furpa,0.25,3,3,CGACGTTCTGTGGTAGCTAT,0,1339261
furpa,0.25,3,3,CGACGGCTTTATGCACCGCC,0,1298857
furpa,0.25,3,3,CGACGCCTCTGAAGGCGCGC,0,1312077
furpa,0.25,3,3,CGACGATAGAGCCGTACGCA,0,1294669
furpa,0.25,3,3,CGACGAGGCGCACTACTTCC,0,1336346
furpa,0.25,3,3,CGACCTGAAATTGGTTCTCC,0,1339094
furpa,0.25,3,3,CGACCTCGGGCTAGTGATAC,0,1337411
furpa,0.25,3,3,CGACCCCCGTCAATATATTA,0,1295375
furpa,0.25,3,3,CGACCCACGGACCGCGCCCT,0,1328617
furpa,0.25,3,3,CGACCAGCCCGCCATGGGGT,0,1320578
furpa,0.25,3,3,CGACAGACCGAGTACAAACT,0,1318823
furpa,0.25,3,3,CGAATTCCTTTAGGAGTATG,0,1301483
furpa,0.25,3,3,CGAATGGAAAAGTTTGCGAG,0,1288447
furpa,0.25,3,3,CGAAGTCACCGACCACAGAA,0,1348795
furpa,0.25,3,3,CGAAGCCTTACCGACGGATA,0,1339319
furpa,0.25,3,3,CGAAGACGATCGGAGCACAA,0,1325499
furpa,0.25,3,3,CGAACGGTGGCTACCTTCCA,0,1281059
furpa,0.25,3,3,CGAACGAGATTGAGGCTCCT,0,1291815
furpa,0.25,3,3,CGAACCCGGGACTTGAACAT,0,1274545
furpa,0.25,3,3,CGAAATCGGAGGTCCGCGAC,0,1305244
furpa,0.25,3,3,CGAAAACGCTCGCCTGGACT,0,1313689
furpa,0.25,3,3,CGAAAACGATCATAGGGAGT,0,1321966
furpa,0.25,3,3,CCTTTGGCCAACATAGTTTT,0,1313182
furpa,0.25,3,3,CCTTTCATGGTAAGACAAAG,0,1299966
furpa,0.25,3,3,CCTTCAAGCGTTCTCTTTCC,0,1287253
furpa,0.25,3,3,CCTTCAACAACTGGCCCTTC,0,1281970
furpa,0.25,3,3,CCTTAGCGACATGTGAGCGC,0,1283963
furpa,0.25,3,3,CCTTACGCCTTTCCCCTGAG,0,1352436
furpa,0.25,3,3,CCTGTTTCTCCTTCCGACGA,0,1280683
furpa,0.25,3,3,CCTGTTCTGGCATTAAGACC,0,1309219
furpa,0.25,3,3,CCTGTGATAAAATTTGAACA,0,1318523
furpa,0.25,3,3,CCTGTGAGAGTGACAGCGTG,0,1316267
furpa,0.25,3,3,CCTGTGACGTGTCCAGGGTT,0,1280235
furpa,0.25,3,3,CCTGTCCCCGGCTGACGACG,0,1316647
furpa,0.25,3,3,CCTGTCAGAGCCCTATACGG,0,1307476
furpa,0.25,3,3,CCTGGTCTCAGCTGACTTCG,0,1339931
furpa,0.25,3,3,CCTGGTAGCATAAAGGGCTC,0,1347186
furpa,0.25,3,3,CCTGGCTTGAGCAGGTAGCA,0,1348897
furpa,0.25,3,3,CCTGGACAGGATTAGGTTGA,0,1291552
furpa,0.25,3,3,CCTGCGGAAGAGGGGCCGTC,0,1280004
furpa,0.25,3,3,CCTGCACATCAGATATACAT,0,1320697
furpa,0.25,3,3,CCTGCAAGGGTCATCTGTAA,0,1333408
furpa,0.25,3,3,CCTCGCCTCCCACCAGCGTG,0,1274502
furpa,0.25,3,3,CCTCCTCCGTGAATGCGCGG,0,1277654
furpa,0.25,3,3,CCTCATCGAGCTGAGAGAAT,0,1352191
furpa,0.25,3,3,CCTATCCGTTAGTGCGCCGG,0,1350893
furpa,0.25,3,3,CCTAGGCGGATTAATTGCCA,0,1326816
furpa,0.25,3,3,CCTAGACTGTTATCCATGTC,0,1299422
furpa,0.25,3,3,CCTAGAAGCCATTGTGCACT,0,1348272
furpa,0.25,3,3,CCTACCTTCTAGTATGAGCT,0,1281303
furpa,0.25,3,3,CCTACCTTAACTGTGGTATG,0,1298147
furpa,0.25,3,3,CCGTTGTGGTCCCAGTGCGG,0,1321978
furpa,0.25,3,3,CCGTTCATTGTCTTAATGGT,0,1326724
furpa,0.25,3,3,CCGTTACTTTTTGGAGCGAT,0,1330886
furpa,0.25,3,3,CCGTGGATAGCTCTCTAAAT,0,1327800
furpa,0.25,3,3,CCGTGGAGCAGGCTTCGTAT,0,1299465
furpa,0.25,3,3,CCGTGCGTCTTTGTCTAACT,0,1357499
furpa,0.25,3,3,CCGTGCCCGTGGAATACTGT,0,1340876
furpa,0.25,3,3,CCGTCCGGGGGTGCGCCCCA,0,1340721
furpa,0.25,3,3,CCGTCCCAAAACTACTTACA,0,1350775
furpa,0.25,3,3,CCGTAGGTACCTGGGTTACG,0,1330449
furpa,0.25,3,3,CCGTACGTTTACGAAACCGA,0,1295047
furpa,0.25,3,3,CCGGTTCAGACGAGGTCCGT,0,1288002
furpa,0.25,3,3,CCGGTTAATCCGGGGGTATA,0,1356493
furpa,0.25,3,3,CCGGTGCTTTGGTAACGGAC,0,1304117
furpa,0.25,3,3,CCGGTCTTTCCATGCCCATC,0,1286186
furpa,0.25,3,3,CCGGTCCGGTTTAATGCGGT,0,1280546
furpa,0.25,3,3,CCGGTCACCTGAGAGTTTCC,0,1339482
furpa,0.25,3,3,CCGGGGGGATCTGCGAGCGT,0,1330936
furpa,0.25,3,3,CCGGCTCGACTGAGCCCCGG,0,1325715
furpa,0.25,3,3,CCGGCGGTCGGTTCTGTAAA,0,1320871
furpa,0.25,3,3,CCGGCATGTTGCTTGGCTGG,0,1337975
furpa,0.25,3,3,CCGGCATGCGAAATGATAGT,0,1293228
furpa,0.25,3,3,CCGGCACAACCCAGCAGCGA,0,1287556
furpa,0.25,3,3,CCGGCAACTGCACAAAAGTA,0,1287861
furpa,0.25,3,3,CCGGACGGGCGAGTTCGTGG,0,1303330
furpa,0.25,3,3,CCGCTGCAAACGAACGTTCA,0,1322882
furpa,0.25,3,3,CCGCTGACACGCACCCATGG,0,1335066
furpa,0.25,3,3,CCGCGTCAATCGCCCCATTC,0,1303151
furpa,0.25,3,3,CCGCGGATTAAGTCAGACCC,0,1332076
furpa,0.25,3,3,CCGCCCGACAGCGCTCGATT,0,1330157
furpa,0.25,3,3,CCGCAGTGCTCGTCCAACTT,0,1281234
furpa,0.25,3,3,CCGCAGGAGAAGGAGGAGTA,0,1283576
furpa,0.25,3,3,CCGATTTGGGAGAATAACCA,0,1337720
furpa,0.25,3,3,CCGATCGCATAAGATGCAAA,0,1330869
furpa,0.25,3,3,CCGATCCGGCGAGGTCGCCA,0,1279046
furpa,0.25,3,3,CCGATCATCTGTGGAACTCT,0,1325387
furpa,0.25,3,3,CCGATAGTGCACAGCTACCC,0,1344821
furpa,0.25,3,3,CCGAGGGTTCGATTAAGCTA,0,1337861
furpa,0.25,3,3,CCGAGGGCGCGGGTCATCTA,0,1302547
furpa,0.25,3,3,CCGAGAAACAAACACCGCCC,0,1338947
furpa,0.25,3,3,CCGACTAATAAGGTAAGACT,0,1341691
furpa,0.25,3,3,CCGACGACGCTCTCGAGGGA,0,1327612
furpa,0.25,3,3,CCGACCCCGGAGGCGGCCTC,0,1287072
furpa,0.25,3,3,CCGAACTATTATCCCGGGAT,0,1290848
furpa,0.25,3,3,CCGAAATGACGGGGGCATCT,0,1343790
furpa,0.25,3,3,CCCTTTGTGCGGAAAAGGAA,0,1310986
furpa,0.25,3,3,CCCTTGGTCTACGACACCTG,0,1301072
furpa,0.25,3,3,CCCTTCGGTCGAACAATCTC,0,1343342
furpa,0.25,3,3,CCCTGTTTGAAAGGATAGTA,0,1335903
furpa,0.25,3,3,CCCTGGTATTGGTTTGTCAT,0,1297860
furpa,0.25,3,3,CCCTGAAGAGCAATGTTTAC,0,1283085
furpa,0.25,3,3,CCCTCATTTTGGGTTGGAAT,0,1339744
furpa,0.25,3,3,CCCTATGTTACGAACACGTT,0,1304008
furpa,0.25,3,3,CCCTACATAAGGGATACGAC,0,1291840
furpa,0.25,3,3,CCCTAAGATTAGTATCCCGT,0,1336880
furpa,0.25,3,3,CCCTAACACTTCCGTTTAGG,0,1315271
furpa,0.25,3,3,CCCGTCGGCGGCTGGCTACT,0,1314283
furpa,0.25,3,3,CCCGGGATATACAAGCCTAC,0,1312892
furpa,0.25,3,3,CCCGGCGGATTCCTCCGAAG,0,1272111
furpa,0.25,3,3,CCCGCTTCACCCCTTGGCTT,0,1344780
furpa,0.25,3,3,CCCGCGGTGCGGGACGATTC,0,1349873
furpa,0.25,3,3,CCCGCGACGAGATTCCTTTT,0,1284191
furpa,0.25,3,3,CCCGATTTGGTTTGGACGTG,0,1301998
furpa,0.25,3,3,CCCGATTAATGTAGAGTAGT,0,1330336
furpa,0.25,3,3,CCCGATAGGGTCAGGGGGGT,0,1327306
furpa,0.25,3,3,CCCGAAGATATTAATATGGA,0,1292919
furpa,0.25,3,3,CCCGAACCGTGAGACCACAG,0,1357586
furpa,0.25,3,3,CCCCTTGGCCACTGCCAGGC,0,1283551
furpa,0.25,3,3,CCCCTACCTGGCTAACATTG,0,1302849
furpa,0.25,3,3,CCCCGTATTTACCCTAGAAG,0,1283954
furpa,0.25,3,3,CCCCGAGGAGTATTTTATTT,0,1295726
furpa,0.25,3,3,CCCCCTGTGACATTATGCTC,0,1318623
furpa,0.25,3,3,CCCCCGGTGTGGGGTCATTG,0,1351505
furpa,0.25,3,3,CCCCCACTGCGGCACATGAC,0,1326656
furpa,0.25,3,3,CCCATTTACCTTGAGAGCTA,0,1288750
furpa,0.25,3,3,CCCATCAGGCATTTGGAAAA,0,1311693
furpa,0.25,3,3,CCCAGTTCAGAGATTTAATG,0,1328651
furpa,0.25,3,3,CCCAGTACCACGGAATGGTA,0,1285682
furpa,0.25,3,3,CCCAGCGGTGGCCGTAAAGG,0,1344323
furpa,0.25,3,3,CCCACCCAGCACCAGTGAGT,0,1328304
furpa,0.25,3,3,CCCACATAGTACCGCTAAAA,0,1306800
furpa,0.25,3,3,CCCAACACTCACTAGAGTCT,0,1302329
furpa,0.25,3,3,CCATTTATTACCATCCGATT,0,1273000
furpa,0.25,3,3,CCATTATGCCCGTCGCTCTT,0,1333205
furpa,0.25,3,3,CCATTAGCTAACTGTAGGTC,0,1348808
furpa,0.25,3,3,CCATGGTGCGGAAACGGGGC,0,1356487
furpa,0.25,3,3,CCATGGGGCGAAGGACATGT,0,1277143
furpa,0.25,3,3,CCATGGCATGTCACGTGCGT,0,1272656
furpa,0.25,3,3,CCATGACAGCCTTCACATCA,0,1282944
furpa,0.25,3,3,CCATCTGTGTCCCTATACAT,0,1280093
furpa,0.25,3,3,CCATCGGATACCTTGCAGAT,0,1320167
furpa,0.25,3,3,CCATCCGTCGCCGGACCAAG,0,1306881
furpa,0.25,3,3,CCATCAAAGTATCACACGAA,0,1288333
furpa,0.25,3,3,CCATAATATAAAGGTTTCCA,0,1325152
furpa,0.25,3,3,CCAGTTCTGGGTCTTGTCTC,0,1317944
furpa,0.25,3,3,CCAGTTCACCAACGGTTTAA,0,1279234
furpa,0.25,3,3,CCAGTGATTTCCCCTCGGAC,0,1355355
furpa,0.25,3,3,CCAGCAGCTAATTATCAATT,0,1353265
furpa,0.25,3,3,CCAGATAGAAGTGAAGGAGT,0,1296680
furpa,0.25,3,3,CCAGAGCGCCGTGTATCCCG,0,1327035
furpa,0.25,3,3,CCAGAGCATGAGGGTTAGTC,0,1290315
furpa,0.25,3,3,CCACTGTTCGTCAATTTTGA,0,1323054
furpa,0.25,3,3,CCACTGCAGATCCCGTATCT,0,1338455
furpa,0.25,3,3,CCACGGAATTCGTTCAGGTT,0,1278586
furpa,0.25,3,3,CCACGGAAAGTGTAGTAGAG,0,1293219
furpa,0.25,3,3,CCACGCACGCGGTATACCAT,0,1301934
furpa,0.25,3,3,CCACCTTAGAAGTAGGTTGA,0,1293047
furpa,0.25,3,3,CCACCTGGTCTACAGGGGAA,0,1315537
furpa,0.25,3,3,CCACCTGAGCCCGGCTCTCC,0,1311569
furpa,0.25,3,3,CCACCTAATAAAGCGCCTGC,0,1327309
furpa,0.25,3,3,CCACACGATCAGTTGTGGGG,0,1331922
furpa,0.25,3,3,CCACACCGTCGATCCTTTAA,0,1329668
furpa,0.25,3,3,CCAATCACCAAATTGTCTCT,0,1298919
furpa,0.25,3,3,CCAAGTCCTTGATGCGGCGA,0,1352563
furpa,0.25,3,3,CCAAGCTTCATAGGAACCCC,0,1337820
furpa,0.25,3,3,CCAAGATAACCCTACTGCAG,0,1351781
furpa,0.25,3,3,CCAACTTACGTTGGAGCCCT,0,1299112
furpa,0.25,3,3,CCAACTGTTGGTCTTACAGA,0,1292804
furpa,0.25,3,3,CCAACTATCTATCATAGAAG,0,1350298
furpa,0.25,3,3,CCAACCAGCTATCGCCCCAT,0,1288410
furpa,0.25,3,3,CCAAACCCTAGCCTGCTTGG,0,1306028
furpa,0.25,3,3,CATTTGTTTGCGTACATAAT,0,1290092
furpa,0.25,3,3,CATTTCGGTACCATCTAGCC,0,1318266
furpa,0.25,3,3,CATTTAGCGCGGATAGTAGT,0,1316963
furpa,0.25,3,3,CATTGGAATAACTATCGCGT,0,1347420
furpa,0.25,3,3,CATTGCTCGTAAAGTTGCTA,0,1309262
furpa,0.25,3,3,CATTGCAAAGGTTACGTACG,0,1287641
furpa,0.25,3,3,CATTGACCGGGAGTGGTAGG,0,1273719
furpa,0.25,3,3,CATTATCCGGTATATCTCTC,0,1318484
furpa,0.25,3,3,CATTACTGACACCTCCTTGA,0,1354880
furpa,0.25,3,3,CATGGTCCAGTTTCTGTGTA,0,1301640
furpa,0.25,3,3,CATGGCGAGAGGCCCTGGCT,0,1300681
furpa,0.25,3,3,CATGGCCGGTCCAACATAAG,0,1336586
furpa,0.25,3,3,CATGGCCCTATTGGTGCTTA,0,1282638
furpa,0.25,3,3,CATGGCCCATTCATTATGAG,0,1354122
furpa,0.25,3,3,CATGGCAGGTGCCGACTCTC,0,1280615
furpa,0.25,3,3,CATGGACATGCCTTAATGAT,0,1313765
furpa,0.25,3,3,CATGGAACTATGCGACAAGC,0,1308217
furpa,0.25,3,3,CATGCGGGGGCTCGGCAACA,0,1302751
furpa,0.25,3,3,CATGACCGGGAGAGTCAACA,0,1288214
furpa,0.25,3,3,CATGACCAAGGACGAGTAGA,0,1355707
furpa,0.25,3,3,CATGAAAAGTCCTCTAACAA,0,1343283
furpa,0.25,3,3,CATCTGGATGTGAAGAGTCT,0,1278488
furpa,0.25,3,3,CATCTCAGAGGGGATGCACT,0,1342426
furpa,0.25,3,3,CATCTAGTAAGGTTCCCTCG,0,1349543
furpa,0.25,3,3,CATCTACTGTTCATTAAGAC,0,1284542
furpa,0.25,3,3,CATCGGATGCTTGTGGCGGC,0,1348512
furpa,0.25,3,3,CATCAGTCGGCTTCGCGACA,0,1282185
furpa,0.25,3,3,CATAGTACTCCCGGATCCTC,0,1314205
furpa,0.25,3,3,CATAGGGATTAATAAAGGGC,0,1280648
furpa,0.25,3,3,CATAGCGCGCTTCGGCCCGT,0,1317669
furpa,0.25,3,3,CATAGATCACTATGATAGTA,0,1304903
furpa,0.25,3,3,CATACTCCATTATCAGGGGG,0,1295139
furpa,0.25,3,3,CATACACCGGACGCGATCCT,0,1286201
furpa,0.25,3,3,CATAAGCCGTGAAGAGATTA,0,1332907
furpa,0.25,3,3,CATAACGAGTCAGCATGCGA,0,1340116
furpa,0.25,3,3,CAGTTTGGACACGGGTGTGT,0,1280203
furpa,0.25,3,3,CAGTTTCCAGCTAGCGATTT,0,1312425
furpa,0.25,3,3,CAGTTGACCCCTCGAGATGT,0,1341735
furpa,0.25,3,3,CAGTGGGTAGAAACTACGCC,0,1289709
furpa,0.25,3,3,CAGTAGGTTATCTGGGTATA,0,1298761
furpa,0.25,3,3,CAGTACATTACGGATTCCAC,0,1329360
furpa,0.25,3,3,CAGGTTTGTGGTTCAGATGC,0,1297754
furpa,0.25,3,3,CAGGTATCATTTATTTAAGA,0,1332282
furpa,0.25,3,3,CAGGGTCCCGCCATCGGCTA,0,1305421
furpa,0.25,3,3,CAGGGGGAAGCCAAAATGTA,0,1329153
furpa,0.25,3,3,CAGGGGACATCGCACATCAG,0,1276532
furpa,0.25,3,3,CAGGGCGGCATGTAATAGCA,0,1275071
furpa,0.25,3,3,CAGGGAGGCCAGAGTAAGTA,0,1304609
furpa,0.25,3,3,CAGGCGCACCGGGACAGATT,0,1348970
furpa,0.25,3,3,CAGGATTTTAGTGCGATCGG,0,1301731
furpa,0.25,3,3,CAGGAGTACATAGGGTTGGT,0,1338474
furpa,0.25,3,3,CAGGAATGAAGAGGCCCCTA,0,1293717
furpa,0.25,3,3,CAGCTGCGTCCACTAGCTGC,0,1343944
furpa,0.25,3,3,CAGCTGCGAAATAGCCCTTT,0,1271878
furpa,0.25,3,3,CAGCTCGTTACTCGCATACA,0,1318980
furpa,0.25,3,3,CAGCTCATCGCGAACGGGGG,0,1274473
furpa,0.25,3,3,CAGCGTTGCTTTACACTTTA,0,1299877
furpa,0.25,3,3,CAGCGTGCAGGTCAGCTTGG,0,1320532
furpa,0.25,3,3,CAGCGGATCGTTGGGGCAAC,0,1317583
furpa,0.25,3,3,CAGCGCACGGAATGTGTAGA,0,1351388
furpa,0.25,3,3,CAGCACCGGGCTGATTTGCT,0,1292392
furpa,0.25,3,3,CAGCAACTACCTACCACTCA,0,1284736
furpa,0.25,3,3,CAGATTAGCGCAGGCCTGGC,0,1354158
furpa,0.25,3,3,CAGATGAATTTACTATTATA,0,1273237
furpa,0.25,3,3,CAGATCGGGCTGTGGAATCC,0,1328359
furpa,0.25,3,3,CAGAGGTCCCCACTCTGAAA,0,1273043
furpa,0.25,3,3,CAGAGGCGCGCAGTTAACCT,0,1315258
furpa,0.25,3,3,CAGAGCATATTTAGGTGCGC,0,1297183
furpa,0.25,3,3,CAGACTCATATGTGTTGTCT,0,1323661
furpa,0.25,3,3,CAGACTAGGTCCGGAACAAG,0,1345568
furpa,0.25,3,3,CAGACGGTTTTTCAACCGCC,0,1277551
furpa,0.25,3,3,CAGACCTCTGATTCATAGAA,0,1328084
furpa,0.25,3,3,CAGACAGGATTCTACGACAC,0,1327888
furpa,0.25,3,3,CAGAATAAGGAGCTCATCGA,0,1352392
furpa,0.25,3,3,CAGAAGATGAGGAGTGGAGT,0,1279579
furpa,0.25,3,3,CAGAAGAATGGCCGTGAGAG,0,1277913
furpa,0.25,3,3,CAGAACTGAACTTTGATGAG,0,1281667
furpa,0.25,3,3,CAGAAACATAAGGATTACTA,0,1329804
furpa,0.25,3,3,CACTTTTGTGTACCGGGCTT,0,1354653
furpa,0.25,3,3,CACTTCCGTGCGTCTGCACT,0,1306799
furpa,0.25,3,3,CACTTATATAACAGTCAGCT,0,1333220
furpa,0.25,3,3,CACTGCCTAAGGGTACGGGA,0,1281515
furpa,0.25,3,3,CACTGCCCCGTACGCGAAAC,0,1295970
furpa,0.25,3,3,CACTATGGAACGCTGAAGGA,0,1339995
furpa,0.25,3,3,CACTATCTGAACGTAAACAG,0,1309503
furpa,0.25,3,3,CACTAAACTCGCGTCTCGAC,0,1285120
furpa,0.25,3,3,CACGTTAGAAGCCGTGTCCA,0,1293884
furpa,0.25,3,3,CACGTATAGGCTTAAAGCGA,0,1341238
furpa,0.25,3,3,CACGGTTTTAGTTTATTGCA,0,1344728
furpa,0.25,3,3,CACGGCTAAGGTATCTATTT,0,1320659
furpa,0.25,3,3,CACGGCCATCATCATTTTTC,0,1328155
furpa,0.25,3,3,CACGCGGACGCTGGACATGT,0,1344309
furpa,0.25,3,3,CACGCCGCCGCCGCCAGACA,0,1296740
furpa,0.25,3,3,CACGAGTCTAGAGGTGCAGT,0,1300218
furpa,0.25,3,3,CACGAGTAGGCACCCCTCCA,0,1349195
furpa,0.25,3,3,CACGAGGTCTATCTGAACAA,0,1292389
furpa,0.25,3,3,CACCTTTCGATGGCAAATTT,0,1337724
furpa,0.25,3,3,CACCTTGCGTTTGATGTGTA,0,1344384
furpa,0.25,3,3,CACCTTGAGGCTCAGCCATC,0,1282911
furpa,0.25,3,3,CACCTAGACCTCAGCTCCTC,0,1273678
furpa,0.25,3,3,CACCGGCGCTCTTCGTACAG,0,1305953
furpa,0.25,3,3,CACCGGCACCGAATTACGTT,0,1308060
furpa,0.25,3,3,CACCGCGATGCTCGTATGCT,0,1306239
furpa,0.25,3,3,CACCGCCCAAGGCTCGGTGA,0,1344496
furpa,0.25,3,3,CACCGCCAGTGCGCTGGCTG,0,1327992
furpa,0.25,3,3,CACCCTAGATATCATGGGTT,0,1348834
furpa,0.25,3,3,CACCCGCTCGAATTCAAGTC,0,1278850
furpa,0.25,3,3,CACCCCTATGCTTGTGACTT,0,1313392
furpa,0.25,3,3,CACCATAGTCCGTACCAAAA,0,1352187
furpa,0.25,3,3,CACCACATGTATACTCAAAA,0,1327272
furpa,0.25,3,3,CACATCTGTAAGAGTGGCTT,0,1318534
furpa,0.25,3,3,CACAGTGGGCTCGCACCTTG,0,1299710
furpa,0.25,3,3,CACAGTAAGGTCGCGCCCCT,0,1305576
furpa,0.25,3,3,CACAGGGGTGCAAATTAGAC,0,1300044
furpa,0.25,3,3,CACAATTTGGTACGAGAGCA,0,1335257
furpa,0.25,3,3,CACAATTAAAATTATCGCCC,0,1272336
furpa,0.25,3,3,CACAATCCCCCGAGTGGGCA,0,1354108
furpa,0.25,3,3,CACAAAGACATAACAGCGGC,0,1291185
furpa,0.25,3,3,CAATGTTCGATACTGTTGAG,0,1293063
furpa,0.25,3,3,CAATGAGGACGCGGCGACAT,0,1279967
furpa,0.25,3,3,CAATGAGCACATTCAAATGT,0,1342055
furpa,0.25,3,3,CAATCCGAGCACCATTGCAA,0,1285830
furpa,0.25,3,3,CAATCCATTAACTTTGGTAT,0,1294392
furpa,0.25,3,3,CAATCACGGTCGTTGCGATT,0,1328287
furpa,0.25,3,3,CAATATTCAGCGCGCTCAAG,0,1291662
furpa,0.25,3,3,CAATATGCCTCCACGGGAAA,0,1325146
furpa,0.25,3,3,CAATATCTGCTGACAGGTCA,0,1305103
furpa,0.25,3,3,CAATAGTAATCCAAAAGACA,0,1345659
furpa,0.25,3,3,CAATAGGATTGCCGAGAGTG,0,1328154
furpa,0.25,3,3,CAATAGGAATTAATCGAACA,0,1355050
furpa,0.25,3,3,CAATAGCTAGTTTTGGCAAG,0,1293637
furpa,0.25,3,3,CAATAACTTTACGAGTGATT,0,1339899
furpa,0.25,3,3,CAATAAATGACCTATACCCT,0,1275250
furpa,0.25,3,3,CAAGTGGATAGGAACAGCCG,0,1286156
furpa,0.25,3,3,CAAGTCTCTCTCATGCTCAT,0,1326717
furpa,0.25,3,3,CAAGTAGGACTTCAATTGTA,0,1333596
furpa,0.25,3,3,CAAGGTAACCTCATAAAGTA,0,1299906
furpa,0.25,3,3,CAAGGGCGAGATTCGTTAGG,0,1333470
furpa,0.25,3,3,CAAGGGCCATCACTTTGCAA,0,1272855
furpa,0.25,3,3,CAAGCTTGTTCATTTACGGA,0,1293710
furpa,0.25,3,3,CAAGCGCGTCAGGTCGCGGT,0,1325054
furpa,0.25,3,3,CAACTTTCTGACGGGATACT,0,1326930
furpa,0.25,3,3,CAACTTGGAGAAAGGGCCGT,0,1347985
furpa,0.25,3,3,CAACTGTTGACAAATGAATT,0,1280087
furpa,0.25,3,3,CAACTGTGGCCTACCCACTT,0,1303630
furpa,0.25,3,3,CAACGGGTGGGCTGTCTAAA,0,1346562
furpa,0.25,3,3,CAACGCTGGTTTGAGGTGAG,0,1305491
furpa,0.25,3,3,CAACGCACGTCCAATAGTGA,0,1349356
furpa,0.25,3,3,CAACGATTAGATCTAAACAT,0,1301319
furpa,0.25,3,3,CAACGACGGACTTCCTGAGC,0,1320321
furpa,0.25,3,3,CAACCGGCCAACCCGTCGTA,0,1278185
furpa,0.25,3,3,CAACCGCGCCATCATAGGGC,0,1342441
furpa,0.25,3,3,CAACATCTGTACAGTGGGTA,0,1275787
furpa,0.25,3,3,CAACATACGCCCCGCAAAGC,0,1338458
furpa,0.25,3,3,CAACAGGCAGCGGCTAGTTC,0,1323793
furpa,0.25,3,3,CAAATGGCGCAAACCTCGCT,0,1336420
furpa,0.25,3,3,CAAAGTTAGACATCTGTTCC,0,1299531
furpa,0.25,3,3,CAAAGGGAGGTACGTATCCA,0,1313808
furpa,0.25,3,3,CAAACTTTTGCGCCCTGATT,0,1314392
furpa,0.25,3,3,CAAACGAGGAGATAGCAATG,0,1271992
furpa,0.25,3,3,CAAACCGTGCCCACGCAGAT,0,1353003
furpa,0.25,3,3,CAAAATATAGGTATGGAGGT,0,1319338
furpa,0.25,3,3,ATTTTTAGTTTGTGCTCAGA,0,1323537
furpa,0.25,3,3,ATTTTGTATAGCAAGCGTTT,0,1284653
furpa,0.25,3,3,ATTTTCGGTGGCAAAAAATG,0,1348381
furpa,0.25,3,3,ATTTTACCAGACAAGCAAGG,0,1357447
furpa,0.25,3,3,ATTTTAAGGGTTATGCATCA,0,1282744
furpa,0.25,3,3,ATTTGTGCCGGTCGTAGATT,0,1290786
furpa,0.25,3,3,ATTTGGTTACGGCGCTTTTA,0,1345415
furpa,0.25,3,3,ATTTGGGCCAAGTCTCCTTA,0,1274584
furpa,0.25,3,3,ATTTGGACTGGAAACTCAAA,0,1331163
furpa,0.25,3,3,ATTTGCCCACAACGGGACAG,0,1340532
furpa,0.25,3,3,ATTTGATTTTGCGTTCTCGC,0,1275920
furpa,0.25,3,3,ATTTGACGGGTAATGAACAT,0,1347942
furpa,0.25,3,3,ATTTCCAATGTTTAGGACCT,0,1279080
furpa,0.25,3,3,ATTTCCAAATGATGGCCATC,0,1337600
furpa,0.25,3,3,ATTTAGGATCCGCTTTGATC,0,1340227
furpa,0.25,3,3,ATTTAGATTCAGACAATTAA,0,1344135
furpa,0.25,3,3,ATTTACTTTGCTATCTGGGT,0,1354449
furpa,0.25,3,3,ATTTACTTCCGGAATGCACT,0,1320833
furpa,0.25,3,3,ATTTAAATCGTGCCGATGAC,0,1340349
furpa,0.25,3,3,ATTGTTTAGGAGTGATAAGG,0,1348723
furpa,0.25,3,3,ATTGTTGTCACACCATGGAT,0,1312703
furpa,0.25,3,3,ATTGTTCGTTAGAACTCTAG,0,1290530
furpa,0.25,3,3,ATTGTGGCGTACGTTTTGCC,0,1304437
furpa,0.25,3,3,ATTGTCGTGCCAAGTTTGGA,0,1357474
furpa,0.25,3,3,ATTGGTGAGGAAGTGATTGA,0,1338616
furpa,0.25,3,3,ATTGGTAATCTAGCCCTGTC,0,1272808
furpa,0.25,3,3,ATTGGGTCTGACGGGGGAAT,0,1292708
furpa,0.25,3,3,ATTGGGGATGAATATGCCCT,0,1304411
furpa,0.25,3,3,ATTGGGATGCCTCCGCGCTC,0,1304607
furpa,0.25,3,3,ATTGGGACTGGCGAGGCGCT,0,1290170
furpa,0.25,3,3,ATTGGATATGTTCTCCGCTA,0,1336214
furpa,0.25,3,3,ATTGGACGCTTACCCCCATT,0,1349572
furpa,0.25,3,3,ATTGCGCGTCGGGCATGGTT,0,1346003
furpa,0.25,3,3,ATTGAGTGCCAAGCCCGTGC,0,1326552
furpa,0.25,3,3,ATTGAGACACGTATCTAAAG,0,1281728
furpa,0.25,3,3,ATTCTTCGAAGGTGAGAGTC,0,1351199
furpa,0.25,3,3,ATTCTTAGCTCACGAGTGTA,0,1331345
furpa,0.25,3,3,ATTCTGGACAGCAAATTGAT,0,1299137
furpa,0.25,3,3,ATTCTGCATATAACCGCCGA,0,1293548
furpa,0.25,3,3,ATTCTACTTCAGGAACCCTT,0,1313804
furpa,0.25,3,3,ATTCGGGGCATTTTGTAGCG,0,1297946
furpa,0.25,3,3,ATTCGCGCCTTCCCACTTTA,0,1352432
furpa,0.25,3,3,ATTCGAGGACCGTCCGATTT,0,1281063
furpa,0.25,3,3,ATTCGAAGGTCGGGTCGTCT,0,1328367
furpa,0.25,3,3,ATTCAGTAAGATTGCTCACA,0,1352446
furpa,0.25,3,3,ATTCAGGGCGATTGAGTAAG,0,1274435
furpa,0.25,3,3,ATTCACAAATACCTTCCATA,0,1289708
furpa,0.25,3,3,ATTATTAAACGCGCCAACGG,0,1302765
furpa,0.25,3,3,ATTAGTGGTACTGATCAACG,0,1289766
furpa,0.25,3,3,ATTAGGTAGGCGCCCGATTG,0,1304030
furpa,0.25,3,3,ATTAGCCCGTAGGGTTCGCT,0,1346590
furpa,0.25,3,3,ATTACACCGGTTGATGGAGA,0,1294628
furpa,0.25,3,3,ATTAATAGCGACTCAGTATG,0,1352305
furpa,0.25,3,3,ATTAAGGTGACTGCCATTAA,0,1339132
furpa,0.25,3,3,ATTAAGCCGGGACTGCCTGC,0,1273873
furpa,0.25,3,3,ATGTTTTGGGCCTTTTTCGG,0,1322366
furpa,0.25,3,3,ATGTTGGCGTAGTCCATAAA,0,1328378
furpa,0.25,3,3,ATGTTGGCCATATTACACGT,0,1339556
furpa,0.25,3,3,ATGTTACTGGGGTACACCGG,0,1353488
furpa,0.25,3,3,ATGTTAACTGGCGAAGCATG,0,1350658
furpa,0.25,3,3,ATGTGACGCCCGCTACATCA,0,1337393
furpa,0.25,3,3,ATGTCGAATACGGGCGCACA,0,1339927
furpa,0.25,3,3,ATGTCCTAGAACAAACCCCG,0,1303483
furpa,0.25,3,3,ATGTCACAGTTATATAATGT,0,1309009
furpa,0.25,3,3,ATGTAGAGCAGCCGCCTCAG,0,1343928
furpa,0.25,3,3,ATGTACACTAGAAGACTCGG,0,1326262
furpa,0.25,3,3,ATGTAAACGTAAATAGAGTT,0,1312298
furpa,0.25,3,3,ATGGTGGGACCTTGCTCCCT,0,1315117
furpa,0.25,3,3,ATGGTCATGGTTCAACGATT,0,1332856
furpa,0.25,3,3,ATGGGTATCATGGTCTTCGT,0,1351834
furpa,0.25,3,3,ATGGGGTCTGCCCATTTTGT,0,1303827
furpa,0.25,3,3,ATGGGCCGCGCTAACCTGCA,0,1302225
furpa,0.25,3,3,ATGGCGTTTGGAGTACCTCT,0,1331114
furpa,0.25,3,3,ATGGCGGAGTTTCTCCGATA,0,1333026
furpa,0.25,3,3,ATGGCATGTCTACAGATACC,0,1310839
furpa,0.25,3,3,ATGGCAAGTATACGGGCGGA,0,1317803
furpa,0.25,3,3,ATGGATTCCGCGTTATGCTC,0,1322920
furpa,0.25,3,3,ATGGAGCATGAGATTGTTGC,0,1335792
furpa,0.25,3,3,ATGGACGCTCCTTCTGTTAG,0,1347637
furpa,0.25,3,3,ATGGAATGATGCAGATGATG,0,1301946
furpa,0.25,3,3,ATGCTTTTTGTGCCGCAAGA,0,1339697
furpa,0.25,3,3,ATGCTTCTAACGGCTCTTTA,0,1292783
furpa,0.25,3,3,ATGCTTAGGCATCGCGGTAG,0,1328640
furpa,0.25,3,3,ATGCTTACATCTGGCTGCAA,0,1299311
furpa,0.25,3,3,ATGCGTATAGTATTAGTTTA,0,1338827
furpa,0.25,3,3,ATGCGGCATTTAACTTGAGA,0,1280228
furpa,0.25,3,3,ATGCGCTCCGTTGCAATGGC,0,1326316
furpa,0.25,3,3,ATGCGACCGTTCAGTGGATA,0,1311760
furpa,0.25,3,3,ATGCCGGTATAGTCCGGTGT,0,1357526
furpa,0.25,3,3,ATGCCCGCAGGGCACAGGTG,0,1323807
furpa,0.25,3,3,ATGCCACAAGCAAGAAACCT,0,1311876
furpa,0.25,3,3,ATGCAGACTGAGACGTCTCC,0,1277006
furpa,0.25,3,3,ATGATGTAGCGGTAGGGGCT,0,1277255
furpa,0.25,3,3,ATGATAGGGACTTGACGACA,0,1290065
furpa,0.25,3,3,ATGAGGTGGCCAAAACATTT,0,1334184
furpa,0.25,3,3,ATGAGCGTCACCCGTTCCCG,0,1275712
furpa,0.25,3,3,ATGACTTTCAGTTTTTGTTG,0,1322659
furpa,0.25,3,3,ATGACCAACCCCAGGTTTTT,0,1307874
furpa,0.25,3,3,ATGAATTTGATAAGTCTTCC,0,1271778
furpa,0.25,3,3,ATGAATAAGAGCATAACTTG,0,1287162
furpa,0.25,3,3,ATGAATAACAAAGAGCGCGC,0,1324057
furpa,0.25,3,3,ATGAAAGTCTTAACTAGCGG,0,1332419
furpa,0.25,3,3,ATCTTGATTACATACTCAGT,0,1282378
furpa,0.25,3,3,ATCTTATTGGATTAGGGTGA,0,1295073
furpa,0.25,3,3,ATCTGTCCCCTATGCAGAAT,0,1316484
furpa,0.25,3,3,ATCTGGCGTTACGCGCGCCA,0,1321095
furpa,0.25,3,3,ATCTGGAATTCGCGGTAAAA,0,1342436
furpa,0.25,3,3,ATCTGCGACACCCGCGAATA,0,1328175
furpa,0.25,3,3,ATCTCTTATGTTATTCCTAG,0,1350086
furpa,0.25,3,3,ATCTCTGAGCTCGGGGACTT,0,1279851
furpa,0.25,3,3,ATCTCGTGCACAACGTGCAA,0,1285942
furpa,0.25,3,3,ATCTAGGCCAACCGAAAAGG,0,1328865
furpa,0.25,3,3,ATCTACGCGCTCGTAAAGTG,0,1286213
furpa,0.25,3,3,ATCTAAGCTGCTTGGAAGCA,0,1299642
furpa,0.25,3,3,ATCGTAGGACTGCTTGAATC,0,1278430
furpa,0.25,3,3,ATCGGTTTCCCGAGTGTCGT,0,1309046
furpa,0.25,3,3,ATCGGGAACGTATCCCTGGG,0,1280640
furpa,0.25,3,3,ATCGCGCTTAAGGGGTAATA,0,1280904
furpa,0.25,3,3,ATCGCATGATGTATCTGTAC,0,1302689
furpa,0.25,3,3,ATCGCATCGACGCGGACTAA,0,1274086
furpa,0.25,3,3,ATCGCATCAATCCATAACAT,0,1319632
furpa,0.25,3,3,ATCGATCAAGATTACTATTA,0,1312826
furpa,0.25,3,3,ATCGAGAGACGGGCAGGTAA,0,1348257
furpa,0.25,3,3,ATCGAAACTCTGTCGGGATC,0,1290562
furpa,0.25,3,3,ATCCTTCCAACAGCAATGTA,0,1275359
furpa,0.25,3,3,ATCCTCAAGATATGCCCTCA,0,1283158
furpa,0.25,3,3,ATCCTACACCGCAATATCGA,0,1290497
furpa,0.25,3,3,ATCCGTCTAACACCAATAAC,0,1277406
furpa,0.25,3,3,ATCCGGTTTGTTTTAAATGT,0,1311859
furpa,0.25,3,3,ATCCGGTGATCCGTGTTATA,0,1355432
furpa,0.25,3,3,ATCCGACAGGCATAGTGTAG,0,1339868
furpa,0.25,3,3,ATCCCTGACGCATCATCGCG,0,1281178
furpa,0.25,3,3,ATCCCGGATTGCTTCACGGT,0,1313713
furpa,0.25,3,3,ATCCCACTCGTTCGGTGCCC,0,1311856
furpa,0.25,3,3,ATCCATTCCGTGTGTGGCAG,0,1344457
furpa,0.25,3,3,ATCCAGGCGCTGCATTGCAT,0,1303020
furpa,0.25,3,3,ATCCAACCTGTCATGGATTG,0,1335255
furpa,0.25,3,3,ATCATCGGCAGGGTTAATAA,0,1348092
furpa,0.25,3,3,ATCATCCCCATAAGGGGTCG,0,1315649
furpa,0.25,3,3,ATCATCAAGGGAGCGATATG,0,1288560
furpa,0.25,3,3,ATCACCCTTGCCCCCAATGG,0,1281216
furpa,0.25,3,3,ATCAATCAGTGACTATGATC,0,1284200
furpa,0.25,3,3,ATCAAGGTTCATACTCGGGA,0,1300086
furpa,0.25,3,3,ATATTACGCGTTGCGACCAC,0,1285382
furpa,0.25,3,3,ATATGTGAACCGTGTTTGGA,0,1276641
furpa,0.25,3,3,ATATGGCGCGCGGCGCGTGA,0,1274431
furpa,0.25,3,3,ATATGCATTAAACAACTTGA,0,1288744
furpa,0.25,3,3,ATATCGAACGCGTACAAATC,0,1331833
furpa,0.25,3,3,ATATCCACACACGATTCACT,0,1298716
furpa,0.25,3,3,ATATAGAAATGCTATCACTC,0,1282776
furpa,0.25,3,3,ATATACCGCTAGAGTAGCCT,0,1319952
furpa,0.25,3,3,ATATAAATGGGTCCGGAATG,0,1318058
furpa,0.25,3,3,ATAGTTCTAAAGGTGAGCCT,0,1329511
furpa,0.25,3,3,ATAGTTATACCAGATCGCTC,0,1324927
furpa,0.25,3,3,ATAGTACGGGTTTTGAACCA,0,1307461
furpa,0.25,3,3,ATAGGGTACTATGCATTCGT,0,1299683
furpa,0.25,3,3,ATAGGGGTATCTCTGGCCTC,0,1283453
furpa,0.25,3,3,ATAGCGCCGTGACATGCATC,0,1317090
furpa,0.25,3,3,ATAGCAGGGACCAAAGACGC,0,1307535
furpa,0.25,3,3,ATAGATCATTGCGAGTCATA,0,1299595
furpa,0.25,3,3,ATAGACTTTTGGACTCCAGC,0,1343873
furpa,0.25,3,3,ATACTTTTCTTTGAAAAGTT,0,1302165
furpa,0.25,3,3,ATACTTTAAATTCCCGAGTA,0,1274982
furpa,0.25,3,3,ATACTGGTAATATAGCGATG,0,1281508
furpa,0.25,3,3,ATACTGGGCCGTAGCAGACT,0,1285019
furpa,0.25,3,3,ATACTCTCTAAGCTCAAGCC,0,1310636
furpa,0.25,3,3,ATACTCACGACCGCCCCTCG,0,1284599
furpa,0.25,3,3,ATACGTTACGGGACTACGTT,0,1340769
furpa,0.25,3,3,ATACGGTAGTCCCTATGTAA,0,1313813
furpa,0.25,3,3,ATACGCGAACTAGTAGGTAT,0,1308436
furpa,0.25,3,3,ATACGCCAAATACAAAAGTA,0,1280501
furpa,0.25,3,3,ATACCTATGGGTACTTATCC,0,1299912
furpa,0.25,3,3,ATACCCTCGTCCGACGAGGA,0,1321724
furpa,0.25,3,3,ATACAGTGCAGTAGCGCCAG,0,1332769
furpa,0.25,3,3,ATACACCAGGGGAGCTAGAA,0,1313760
furpa,0.25,3,3,ATAATGGGTCCGTGCCTCCA,0,1309423
furpa,0.25,3,3,ATAATCTCGGTCAGAGCAAA,0,1279438
furpa,0.25,3,3,ATAATCCGCTCGACTTTTGG,0,1338041
furpa,0.25,3,3,ATAATAAATAATTGCTTCTT,0,1340150
furpa,0.25,3,3,ATAAGGCCAGGGTCGGAAGT,0,1323542
furpa,0.25,3,3,ATAAGGAGGATAAGCGCGTA,0,1300479
furpa,0.25,3,3,ATAACGAACGGACCTCGGAA,0,1277222
furpa,0.25,3,3,ATAAATGACAGGGATGCCTA,0,1328831
furpa,0.25,3,3,ATAAAGGGGACAACTCGAAT,0,1289018
furpa,0.25,3,3,ATAAAAGTTCTACCTTACAT,0,1344123
furpa,0.25,3,3,AGTTTGGCCCATCGCTTTGG,0,1340130
furpa,0.25,3,3,AGTTGTAGTTGTGTGATCGC,0,1325303
furpa,0.25,3,3,AGTTGGTGGAGAACTATCGG,0,1280923
furpa,0.25,3,3,AGTTGATCGACCTGCGGGTA,0,1356209
furpa,0.25,3,3,AGTTGAAGAGCCTGGAACTC,0,1357656
furpa,0.25,3,3,AGTTCTGGATGCTGCTAATA,0,1301936
furpa,0.25,3,3,AGTTAGGGTGTTCCGCATAA,0,1293507
furpa,0.25,3,3,AGTTAGATGCAACCTTCCTA,0,1313846
furpa,0.25,3,3,AGTGTATGGGTGAGCCGAGA,0,1296116
furpa,0.25,3,3,AGTGGTCTAGCTCAGAGGGA,0,1353022
furpa,0.25,3,3,AGTGGGTGTGGTCCAAGTTT,0,1330970
furpa,0.25,3,3,AGTGGCTACCTGTGTAATTT,0,1335653
furpa,0.25,3,3,AGTGCGCCGGGCTGTGTGAA,0,1295145
furpa,0.25,3,3,AGTGATGTAAGCTTTAGCTA,0,1354260
furpa,0.25,3,3,AGTGAGCAATTCCACTCCAG,0,1331206
furpa,0.25,3,3,AGTGAGAATTACTTTCTTCT,0,1308964
furpa,0.25,3,3,AGTCGTCTAGGTAAAACGGT,0,1334487
furpa,0.25,3,3,AGTCGGGAAATGAAACCAAT,0,1353372
furpa,0.25,3,3,AGTCAGTGACACGCGAGTGG,0,1308134
furpa,0.25,3,3,AGTCAGACAGAGGGGGGCTT,0,1341955
furpa,0.25,3,3,AGTATTAGTATGTTTTGCCA,0,1325386
furpa,0.25,3,3,AGTAGGCGTGAGCCTAGTGT,0,1351341
furpa,0.25,3,3,AGTACGCGAATAGGTTGTTC,0,1277029
furpa,0.25,3,3,AGTACATATGCTGGAGTTTG,0,1316330
furpa,0.25,3,3,AGTAAGTACCAGTGGCGAAA,0,1323413
furpa,0.25,3,3,AGTAAGCGGCATAGAGTAGG,0,1315262
furpa,0.25,3,3,AGTAACCTCCCTGTCACTGG,0,1294501
furpa,0.25,3,3,AGGTTTTACCAAAGTCTGAC,0,1322210
furpa,0.25,3,3,AGGTTTCGACCTACCATTCT,0,1302380
furpa,0.25,3,3,AGGTTGAAAGGTGACTACGG,0,1315945
furpa,0.25,3,3,AGGTTCTGTATTAAGAGAAC,0,1276683
furpa,0.25,3,3,AGGTTAGAGGACAGGGGGCA,0,1284234
furpa,0.25,3,3,AGGTGTGGGATTAAAGAGTA,0,1293235
furpa,0.25,3,3,AGGTCTTTCCGATTATTGTT,0,1293516
furpa,0.25,3,3,AGGTCGGTTTGGTGACTTGA,0,1307558
furpa,0.25,3,3,AGGTCATGTTCTCAACGATA,0,1320763
furpa,0.25,3,3,AGGTACTCGTATTACTCCCA,0,1342438
furpa,0.25,3,3,AGGTACGCCAGAAGTATTGC,0,1310408
furpa,0.25,3,3,AGGTAATCGGATCGGACCTG,0,1296800
furpa,0.25,3,3,AGGGTATAAAGCCAGCAAAA,0,1305691
furpa,0.25,3,3,AGGGGTCGGGGCCAAGCGAT,0,1300339
furpa,0.25,3,3,AGGGCTTTGAGGCAAGTCAT,0,1318276
furpa,0.25,3,3,AGGGCTACTGAACACGTAAA,0,1311030
furpa,0.25,3,3,AGGGCTACAAGAAGGACCCA,0,1326711
furpa,0.25,3,3,AGGGCGGGGGGACGCAGCCT,0,1338337
furpa,0.25,3,3,AGGGCCGAAGCGAGTATATT,0,1320607
furpa,0.25,3,3,AGGGCAGGGGCGCCCTACCA,0,1320065
furpa,0.25,3,3,AGGGCACGGTGGAGGACGAT,0,1340189
furpa,0.25,3,3,AGGGAGGTCACGCTAGGCCG,0,1307010
furpa,0.25,3,3,AGGCTATACTAAAGTTATGG,0,1317115
furpa,0.25,3,3,AGGCTAGAGGTTGCCTTGGA,0,1315740
furpa,0.25,3,3,AGGCGAGCCACACTGTCTCG,0,1279798
furpa,0.25,3,3,AGGCGAATCACTGTATGTGA,0,1276687
furpa,0.25,3,3,AGGCCGGTTGCCTTAACATT,0,1332626
furpa,0.25,3,3,AGGCCGGTTCCCGGCGTTCG,0,1293337
furpa,0.25,3,3,AGGCCCCGATAGCAATCTAG,0,1288912
furpa,0.25,3,3,AGGCCAGCTCGGCGCATTTT,0,1271985
furpa,0.25,3,3,AGGCAGGTCCGTGCACGCGG,0,1352591
furpa,0.25,3,3,AGGCAGCGCATCACCCGAAT,0,1297001
furpa,0.25,3,3,AGGCAATCCATATTAACGGC,0,1275363
furpa,0.25,3,3,AGGATTGCTGGGGGGTTTGC,0,1289490
furpa,0.25,3,3,AGGAGTTACCTTTAGACATG,0,1310225
furpa,0.25,3,3,AGGAGTGATCGGTGACATTT,0,1351022
furpa,0.25,3,3,AGGAGTCCTGCATTCAAATT,0,1333022
furpa,0.25,3,3,AGGAGGCAGTGTCAGCTACG,0,1340181
furpa,0.25,3,3,AGGACTTGATGCCAGGGGAG,0,1343412
furpa,0.25,3,3,AGGACTTCTTGCTCCCAACT,0,1305937
furpa,0.25,3,3,AGGACTTATTTAAATCCCAG,0,1323660
furpa,0.25,3,3,AGGACTCATTGCAGAGATGC,0,1329446
furpa,0.25,3,3,AGGACTAGGCAGTATTGGCT,0,1279082
furpa,0.25,3,3,AGGAATGTCACTAAGGTCCT,0,1311648
furpa,0.25,3,3,AGGAAAATAAGGACTGGTCA,0,1321289
furpa,0.25,3,3,AGGAAAAGGTAAAATCATCA,0,1299438
furpa,0.25,3,3,AGCTTCAACTGCCTCAAGCG,0,1311034
furpa,0.25,3,3,AGCTTAACCCATGAGTATTC,0,1324772
furpa,0.25,3,3,AGCTGCTGCAACTTGCTTGT,0,1340274
furpa,0.25,3,3,AGCTGCTCAGGTCCACGTCC,0,1288852
furpa,0.25,3,3,AGCTGAGCGTTCAACCCGTA,0,1331269
furpa,0.25,3,3,AGCTCTTTACTTAGGCAGAT,0,1347843
furpa,0.25,3,3,AGCTCGGAAAGTATTCCGAA,0,1328796
furpa,0.25,3,3,AGCTCCACGTCACTAACACC,0,1300856
furpa,0.25,3,3,AGCTCAGATTGGATCCGGGG,0,1323215
furpa,0.25,3,3,AGCTATAGCTCCCCAATGGT,0,1318259
furpa,0.25,3,3,AGCGTCCTGGCAAGGAAGGC,0,1335746
furpa,0.25,3,3,AGCGGTGCGGCTAGATCTAG,0,1274738
furpa,0.25,3,3,AGCGGCCTCAAATGAAGGAA,0,1322906
furpa,0.25,3,3,AGCGGACGTATGGTAAGCGA,0,1271486
furpa,0.25,3,3,AGCGCGTCTCTATAAGCAAA,0,1299245
furpa,0.25,3,3,AGCGCGGTACTGTCGGAGGG,0,1291313
furpa,0.25,3,3,AGCGCCACTGAACCCATAGG,0,1283815
furpa,0.25,3,3,AGCGCATGCTCTTGGGTCGG,0,1282887
furpa,0.25,3,3,AGCGAGCTACGTCTGGGTAT,0,1284761
furpa,0.25,3,3,AGCGACTGCAAGACCTTCAA,0,1288355
furpa,0.25,3,3,AGCGAATGCGCACCACGTAG,0,1279101
furpa,0.25,3,3,AGCCTGCAGCCGGCAAGCAA,0,1282200
furpa,0.25,3,3,AGCCGTTATTGTTGTGCAGC,0,1332210
furpa,0.25,3,3,AGCCGCGAACAAAGTACCCT,0,1311793
furpa,0.25,3,3,AGCCCTGCGTAGACCTAAGA,0,1310346
furpa,0.25,3,3,AGCCCTCAATTACGGCGAAA,0,1292768
furpa,0.25,3,3,AGCCCCCTGATAATGAGTAA,0,1330577
furpa,0.25,3,3,AGCCAATTAACCCCTGATTT,0,1287887
furpa,0.25,3,3,AGCCAAGGGGGTCAGTAGCT,0,1303262
furpa,0.25,3,3,AGCATTGATTAACACTTAGT,0,1282468
furpa,0.25,3,3,AGCATGTTATCACAGTCTTG,0,1324647
furpa,0.25,3,3,AGCAGTCATACACGCAAGGC,0,1272806
furpa,0.25,3,3,AGCAGGGACCAAGAGAACTG,0,1329542
furpa,0.25,3,3,AGCAGGCAGGACGCCCATCT,0,1292044
furpa,0.25,3,3,AGCAGGACCCCCGCCCCATC,0,1291488
furpa,0.25,3,3,AGCAGCCGCTATGCCGCTGT,0,1321589
furpa,0.25,3,3,AGCAGCCGAGTTACTGGCTA,0,1341133
furpa,0.25,3,3,AGCACTATCACATGGCCTGA,0,1339061
furpa,0.25,3,3,AGCAATATATTGACGCTATT,0,1280013
furpa,0.25,3,3,AGCAATAATTTGGAATAGAT,0,1289513
furpa,0.25,3,3,AGCAACCGGGTTGAAAAACG,0,1277934
furpa,0.25,3,3,AGCAAAGGTTTTTACTCATG,0,1328331
furpa,0.25,3,3,AGATTGTACACGCTCACCAT,0,1321179
furpa,0.25,3,3,AGATTCATTTATCGCGAAAA,0,1319592
furpa,0.25,3,3,AGATGTAAGTGAAGATAAAA,0,1294533
furpa,0.25,3,3,AGATGGCTAGACAAAGCAGT,0,1276110
furpa,0.25,3,3,AGATGCTGGGCCAAGGAAAT,0,1292237
furpa,0.25,3,3,AGATGAGTTATCACTGTGTG,0,1357144
furpa,0.25,3,3,AGATCAATAAATAACACTCA,0,1316395
furpa,0.25,3,3,AGATATCAACCCCATTCCGT,0,1279373
furpa,0.25,3,3,AGATAGGAAACTGCTGTTTG,0,1320686
furpa,0.25,3,3,AGATACCTAGCAAAATTATA,0,1353498
furpa,0.25,3,3,AGATAACTGTAGGTGCCGGT,0,1305085
furpa,0.25,3,3,AGAGTTCCTTATAGGCGTAC,0,1315098
furpa,0.25,3,3,AGAGGTTAGGGAGAAAGGGG,0,1325148
furpa,0.25,3,3,AGAGCTGCTGCTTGTCTATA,0,1350549
furpa,0.25,3,3,AGAGCGCTTACAACGTGACC,0,1282952
furpa,0.25,3,3,AGAGCGAAATGATTGCCACC,0,1353177
furpa,0.25,3,3,AGAGCCCAGAATTCCAGAAG,0,1321341
furpa,0.25,3,3,AGAGATTGGACTAAGTGCTG,0,1313992
furpa,0.25,3,3,AGAGAGACTTGCCAATGAAA,0,1318631
furpa,0.25,3,3,AGAGAGACTGACGTGAGCAT,0,1288358
furpa,0.25,3,3,AGAGACTCATGTAATAGACA,0,1323466
furpa,0.25,3,3,AGACTGACCATCATTCTACT,0,1291221
furpa,0.25,3,3,AGACGGAACTATCGTGCATT,0,1346381
furpa,0.25,3,3,AGACCTGCCATATGCATTTG,0,1276785
furpa,0.25,3,3,AGACCGCTGAACACGTAGCT,0,1272811
furpa,0.25,3,3,AGACCGCCCTGGAGTACTTT,0,1350424
furpa,0.25,3,3,AGACAGTAGAGCAGACGGCA,0,1278735
furpa,0.25,3,3,AGACAGCGTGCCGTACGATA,0,1333673
furpa,0.25,3,3,AGACAGCGACGGTTGATGGG,0,1293611
furpa,0.25,3,3,AGACAGAGTACTTCTGAATC,0,1287425
furpa,0.25,3,3,AGACAACTGAGGGTGGGTGT,0,1354207
furpa,0.25,3,3,AGAATTAGAGCTTGAGCCAA,0,1339490
furpa,0.25,3,3,AGAATATCACCTGGGGAGTA,0,1336350
furpa,0.25,3,3,AGAAGTCGCATCAAAGAGAA,0,1331613
furpa,0.25,3,3,AGAAATGCCAGTCTGTAGGG,0,1343533
furpa,0.25,3,3,AGAAATACTACGCTAAGAAC,0,1304296
furpa,0.25,3,3,AGAAAGAGGTTCAGTTACCA,0,1314596
furpa,0.25,3,3,AGAAACTGGGTAAGGGCGGC,0,1294802
furpa,0.25,3,3,AGAAAAGATTCATGCGCCCT,0,1349430
furpa,0.25,3,3,ACTTTTCCCTTAAAGGCACT,0,1295022
furpa,0.25,3,3,ACTTTGAGGGTTAAAAACGT,0,1321263
furpa,0.25,3,3,ACTTTGAAAAGAATGAACTT,0,1327401
furpa,0.25,3,3,ACTTTCCTTTGCATTTAGTC,0,1325616
furpa,0.25,3,3,ACTTCCGTTGATCCATATAG,0,1277613
furpa,0.25,3,3,ACTTATCATAAGTTAATTTC,0,1344852
furpa,0.25,3,3,ACTTACTAGAATAGCGTTAG,0,1318153
furpa,0.25,3,3,ACTTACATGGGGGGCGCGCA,0,1352052
furpa,0.25,3,3,ACTTAATTTCATGCTATGAG,0,1305516
furpa,0.25,3,3,ACTGTCCGAAGCCAAGGTCC,0,1285470
furpa,0.25,3,3,ACTGTAGTGACCCAGCAACA,0,1334405
furpa,0.25,3,3,ACTGGATAGAAACAACTGCA,0,1324861
furpa,0.25,3,3,ACTGGAGTGCCATCTTCTGA,0,1290405
furpa,0.25,3,3,ACTGCTTGATGCACGAACTA,0,1352216
furpa,0.25,3,3,ACTGCTCTCGAACGTGCGCC,0,1346706
furpa,0.25,3,3,ACTGCTCCGGCAGGGTAAAT,0,1302842
furpa,0.25,3,3,ACTGACGCTAATTGCACATT,0,1279792
furpa,0.25,3,3,ACTGAATGCCACGCACCATG,0,1343879
furpa,0.25,3,3,ACTCTGGAGTAATGAATCCC,0,1292764
furpa,0.25,3,3,ACTCTGAATGCGTCGGCGAA,0,1348733
furpa,0.25,3,3,ACTCGTGGATCTCAGAAGAG,0,1283976
furpa,0.25,3,3,ACTCGTCTTGAGTTCGGTCT,0,1327747
furpa,0.25,3,3,ACTCGGGACCCCTAGAAGAA,0,1342818
furpa,0.25,3,3,ACTCGGGACAGGAGATAGAA,0,1316964
furpa,0.25,3,3,ACTCGCTTGGTGAGCGGGTG,0,1334180
furpa,0.25,3,3,ACTCGAGCGACGTAGATAGA,0,1328690
furpa,0.25,3,3,ACTCGAATGACTCTGGGCCT,0,1355262
furpa,0.25,3,3,ACTCCTTATAACGAAATGTT,0,1283006
furpa,0.25,3,3,ACTCCAGTTTAAAAGGATCG,0,1324798
furpa,0.25,3,3,ACTCCACGGAGTATGAGAAT,0,1282435
furpa,0.25,3,3,ACTCAGGCCCGAACCGGAAA,0,1302525
furpa,0.25,3,3,ACTCACTTCTCTCCAAACTC,0,1353484
furpa,0.25,3,3,ACTATGACGGGAACATACGG,0,1321875
furpa,0.25,3,3,ACTAGCGTTCCGCGGCGGGC,0,1287514
furpa,0.25,3,3,ACTAGACCCCGTGGCGCCCG,0,1327764
furpa,0.25,3,3,ACGTTTGCTTCGCACGGGAT,0,1350742
furpa,0.25,3,3,ACGTTCAGTGCGGTATCGTG,0,1290525
furpa,0.25,3,3,ACGTGGTTGACAGCCTCATC,0,1345012
furpa,0.25,3,3,ACGTGGTACGCTTCCATTCA,0,1295608
furpa,0.25,3,3,ACGTGATGGGGACCTATCCC,0,1319105
furpa,0.25,3,3,ACGTGAAGCGCATCTCCGTT,0,1297515
furpa,0.25,3,3,ACGTCTGTACACGCCGGACA,0,1333107
furpa,0.25,3,3,ACGTCTCACGTTGCGGCTAC,0,1356032
furpa,0.25,3,3,ACGTCGTTAAATCGGTCTTC,0,1357446
furpa,0.25,3,3,ACGTCGCGAGGTAAGTAATT,0,1321750
furpa,0.25,3,3,ACGTCGCCATGACCACTCAG,0,1342839
furpa,0.25,3,3,ACGTATCATGGCTATTCAGC,0,1287154
furpa,0.25,3,3,ACGTATATTTTAGCGTTAGT,0,1293432
furpa,0.25,3,3,ACGTACTCACGTAGGGCCAT,0,1290242
furpa,0.25,3,3,ACGGTTTGACCTTACAGCAT,0,1356485
furpa,0.25,3,3,ACGGTTGCATTTTAAGTTAG,0,1324724
furpa,0.25,3,3,ACGGTGCCCATTACGTTTTC,0,1335291
furpa,0.25,3,3,ACGGTCTCTTGTACAGGCCT,0,1312009
furpa,0.25,3,3,ACGGTATTGGTACTGGGAAG,0,1346440
furpa,0.25,3,3,ACGGGTTTTCCGCCTGCAAG,0,1284937
furpa,0.25,3,3,ACGGGCTTAGATCTGCAATC,0,1332843
furpa,0.25,3,3,ACGGGCCTCGTTTGCACTGA,0,1275867
furpa,0.25,3,3,ACGGCTTCGGATCTGGTCAA,0,1303362
furpa,0.25,3,3,ACGGCCGTTGACGTGAAGGT,0,1342140
furpa,0.25,3,3,ACGGCATGTTGGGTTTCTGA,0,1317927
furpa,0.25,3,3,ACGGATTCTTGATTTTCGGT,0,1321603
furpa,0.25,3,3,ACGGATGCAATAGTTGAATA,0,1333053
furpa,0.25,3,3,ACGGAGTTAAGATTCATCAA,0,1341905
furpa,0.25,3,3,ACGCTTATTCAGCGATGATT,0,1326073
furpa,0.25,3,3,ACGCTTAACCTATGTGGTTT,0,1286183
furpa,0.25,3,3,ACGCGTGCGTAGGGAGCAGT,0,1326400
furpa,0.25,3,3,ACGCGCCATAGTTGGCTCTA,0,1338372
furpa,0.25,3,3,ACGCCTAGTCTTGCAGAATA,0,1333750
furpa,0.25,3,3,ACGCCAAATAAGCTGTAAAG,0,1273740
furpa,0.25,3,3,ACGCAGGCCTGTCATCTACA,0,1275117
furpa,0.25,3,3,ACGCACTGATTGTCTTGTAC,0,1318106
furpa,0.25,3,3,ACGATGGTCTGTTACTGTTG,0,1343924
furpa,0.25,3,3,ACGATACCGTAGCAACCCTG,0,1332672
furpa,0.25,3,3,ACGAGACCAATGTTAAGGCT,0,1314933
furpa,0.25,3,3,ACGACTCCAAGGCTCCAAAA,0,1326017
furpa,0.25,3,3,ACGACATATTGCATGAGACA,0,1352919
furpa,0.25,3,3,ACGAAGCCCTCGCCGTCTTA,0,1313516
furpa,0.25,3,3,ACGAACCACTGCAATAGTTT,0,1348428
furpa,0.25,3,3,ACCTTTGTACTGGTCACATA,0,1298580
furpa,0.25,3,3,ACCTGGCCCGATAGCTCAGC,0,1336974
furpa,0.25,3,3,ACCTGGCATGCTTGATTTAT,0,1338014
furpa,0.25,3,3,ACCTCAGGCGGTCCCAGCAT,0,1297252
furpa,0.25,3,3,ACCTCAAGACAGATTATGGA,0,1340069
furpa,0.25,3,3,ACCTCAACGCTGTAGCTTCT,0,1295399
furpa,0.25,3,3,ACCTATTGTTTGATCCGTTC,0,1291040
furpa,0.25,3,3,ACCTAGAAGATGACCACGTG,0,1310027
furpa,0.25,3,3,ACCGTGTTGTCGCTCCATTA,0,1337564
furpa,0.25,3,3,ACCGGTTCTGGGCAGGGGGG,0,1289170
furpa,0.25,3,3,ACCGGTCAATTTGCTAGAAA,0,1327618
furpa,0.25,3,3,ACCGGTAAGGCATTAGAGGA,0,1295281
furpa,0.25,3,3,ACCGGGGGTCAGCCCAGTAA,0,1304872
furpa,0.25,3,3,ACCGCGTTGCATTACGGTAT,0,1277917
furpa,0.25,3,3,ACCGCAGACTTTAGTAATCG,0,1308270
furpa,0.25,3,3,ACCGAGGGCATGGTAGGCTT,0,1318415
furpa,0.25,3,3,ACCGACAAGCCCGATATTAT,0,1280405
furpa,0.25,3,3,ACCCTATAGATAGCCATATT,0,1294754
furpa,0.25,3,3,ACCCGTGCACAACCGGTGGT,0,1322756
furpa,0.25,3,3,ACCCGGGAGGAATATGGGTC,0,1282791
furpa,0.25,3,3,ACCCGCTCTTGCGGAAACCT,0,1321498
furpa,0.25,3,3,ACCCGCACTTACTGGGTACC,0,1353151
furpa,0.25,3,3,ACCCGCACCCTCTGAGTCAC,0,1287351
furpa,0.25,3,3,ACCCCTACACTGTGTAAGAC,0,1330968
furpa,0.25,3,3,ACCCCCATATTGGTCCTCAG,0,1357128
furpa,0.25,3,3,ACCCCCACAATATTTGCTGC,0,1273906
furpa,0.25,3,3,ACCCCATACGCCCGTAAGTG,0,1303394
furpa,0.25,3,3,ACCCATTTTTGAGAACTGTA,0,1322762
furpa,0.25,3,3,ACCCAGATCTCGCTATTCAG,0,1297659
furpa,0.25,3,3,ACCCAGATCGCAAAGTGGCA,0,1304113
furpa,0.25,3,3,ACCCAGATATCGCGATGCGC,0,1288677
furpa,0.25,3,3,ACCCACGTCGGAGCCATGTC,0,1289829
furpa,0.25,3,3,ACCCACGACGCGGGCATCGC,0,1320430
furpa,0.25,3,3,ACCCACCGGAAGGGAACACT,0,1285023
furpa,0.25,3,3,ACCATTTCTGGCGATAAGTG,0,1356657
furpa,0.25,3,3,ACCATAATTCTTGATTTCTG,0,1307880
furpa,0.25,3,3,ACCAGCGTCAACCTTTGCCT,0,1319477
furpa,0.25,3,3,ACCAGAGAGACGGTCAGAAC,0,1357263
furpa,0.25,3,3,ACCACGCCTCCATTCTGGCT,0,1299652
furpa,0.25,3,3,ACCACCTTTTGAGCCCAATC,0,1350274
furpa,0.25,3,3,ACCAAGCTTCAGAGGCTGAC,0,1339004
furpa,0.25,3,3,ACATTTTAACATTTCGGACT,0,1280147
furpa,0.25,3,3,ACATGGTATGTTTTCAAACT,0,1347970
furpa,0.25,3,3,ACATGGAGGCGAGTATCAAA,0,1289022
furpa,0.25,3,3,ACATGCCGCATCTTACGATC,0,1347974
furpa,0.25,3,3,ACATCCAGTGGTGAGTGCGA,0,1309475
furpa,0.25,3,3,ACAGTGGGTTGTCGTTGATT,0,1307597
furpa,0.25,3,3,ACAGTGATTTTCATTGGGCA,0,1272903
furpa,0.25,3,3,ACAGTGATAACATTTCGATT,0,1345034
furpa,0.25,3,3,ACAGTAGGATTGTACCTGTA,0,1338313
furpa,0.25,3,3,ACAGGTGAGTATAGCTCCGA,0,1293534
furpa,0.25,3,3,ACAGGTAATGGGTTTGACTG,0,1294262
furpa,0.25,3,3,ACAGGAGAGGGGGGCGTCCT,0,1343704
furpa,0.25,3,3,ACAGCCGTCTAAGTGTGATC,0,1287863
furpa,0.25,3,3,ACAGATGTTGGGATCCAACT,0,1287459
furpa,0.25,3,3,ACAGATACGAAGAGCATTCG,0,1344754
furpa,0.25,3,3,ACAGAGGCAGAACGTAAGGA,0,1286152
furpa,0.25,3,3,ACAGACGCGTAGGGTACCGA,0,1355999
furpa,0.25,3,3,ACACGGGGTGGTGAATAAAC,0,1328169
furpa,0.25,3,3,ACACCTTTCACCTGCTCCAC,0,1342091
furpa,0.25,3,3,ACACCGCTACCCCTACGCAT,0,1300826
furpa,0.25,3,3,ACACCGAAGTCGCGGGGTCT,0,1310010
furpa,0.25,3,3,ACACCCTGGTGGCGGGGGGC,0,1283825
furpa,0.25,3,3,ACACATCCGAGTAGGGAGGG,0,1274797
furpa,0.25,3,3,ACACAGTTATCTGCCATGCT,0,1309521
furpa,0.25,3,3,ACACAGTCTTTCCTGTGATC,0,1310525
furpa,0.25,3,3,ACACAGGAGGGACACTGACA,0,1344917
furpa,0.25,3,3,ACACAGCCTCTCATGCTGCT,0,1293647
furpa,0.25,3,3,ACACAGATTAGTAGGTGCAG,0,1289154
furpa,0.25,3,3,ACAAGCCGCGTGGGTCGGGC,0,1272290
furpa,0.25,3,3,ACAACTGTATTGGAGGCCGC,0,1273088
furpa,0.25,3,3,ACAACACGTAAGAAATCTAT,0,1347904
furpa,0.25,3,3,ACAAATATCGGTTTGTTCGG,0,1297424
furpa,0.25,3,3,ACAAAGCCCGCAGCTCCGCA,0,1348778
furpa,0.25,3,3,AATTTGGGCACCTAACGAAA,0,1299855
furpa,0.25,3,3,AATTCTGGCATGCTGCGCAT,0,1287788
furpa,0.25,3,3,AATTCGCGCCTAAGCATTTA,0,1300484
furpa,0.25,3,3,AATTCAGGTTATTGGGTACT,0,1281650
furpa,0.25,3,3,AATTATGTGGCGTCATCTCG,0,1328614
furpa,0.25,3,3,AATTATGTCCCAGGGGCTGA,0,1281030
furpa,0.25,3,3,AATTATCAGGCTGATCAGCA,0,1274707
furpa,0.25,3,3,AATTATAAGGATGTCCGCCG,0,1290520
furpa,0.25,3,3,AATGTACTACAGTGCAGGTG,0,1284023
furpa,0.25,3,3,AATGGTCCACGATGGGGTGC,0,1307434
furpa,0.25,3,3,AATGGGTTTAGCCGAGCGTA,0,1275585
furpa,0.25,3,3,AATGGCAAATTGTCTCTACA,0,1285233
furpa,0.25,3,3,AATGGAGGCCCACGTAGCGG,0,1344776
furpa,0.25,3,3,AATGCAGACCCCGGGATATG,0,1309394
furpa,0.25,3,3,AATGCAATTATATCTTTGGT,0,1349663
furpa,0.25,3,3,AATGATTCTGAGGATCTACA,0,1333666
furpa,0.25,3,3,AATGATACATCAACAGTTAT,0,1300110
furpa,0.25,3,3,AATGAGTTGACGCCTTCGGG,0,1315492
furpa,0.25,3,3,AATGAGTAAACCCAACCTAT,0,1334779
furpa,0.25,3,3,AATGACCCATCTAGGGTAAT,0,1306399
furpa,0.25,3,3,AATCTCGCGGAGTAAACGCA,0,1313396
furpa,0.25,3,3,AATCGTGATGGAATTTAACG,0,1350142
furpa,0.25,3,3,AATCGTAGGCCATGGCCGGT,0,1297011
furpa,0.25,3,3,AATCGGTATCCGTCCTAGCA,0,1273430
furpa,0.25,3,3,AATCGGTACATGCGCCTGCA,0,1315179
furpa,0.25,3,3,AATCGCCAGTCCTACGGTAC,0,1277784
furpa,0.25,3,3,AATCGAGGGAACGAGGGTCC,0,1318498
furpa,0.25,3,3,AATCCCGACGTTTAGGTGAT,0,1345596
furpa,0.25,3,3,AATCCCGAACCCAGTACGTC,0,1318798
furpa,0.25,3,3,AATCCCATGAGCAGGGGGTT,0,1329905
furpa,0.25,3,3,AATAGGTTGTGTGGAATCGC,0,1330073
furpa,0.25,3,3,AATAGGCTAGAAAGAAATAC,0,1313296
furpa,0.25,3,3,AATAGAGTTAGGCTTATCCG,0,1295374
furpa,0.25,3,3,AATACGTGATTTTTTTTGCA,0,1350529
furpa,0.25,3,3,AATAATGGTTGACGCGTGCT,0,1293117
furpa,0.25,3,3,AATAATCTTACAGATCATCA,0,1298106
furpa,0.25,3,3,AATAAGGAGGAGGGTGTAGC,0,1347257
furpa,0.25,3,3,AATAAAGGATGGAGGTAGAT,0,1302058
furpa,0.25,3,3,AAGTTCTTTGTATGCCCGTT,0,1333176
furpa,0.25,3,3,AAGTTCGGCGACCCCGAGCC,0,1312506
furpa,0.25,3,3,AAGTTACGAACCGTGGAGAT,0,1347467
furpa,0.25,3,3,AAGTGTCTTAATTGAGGGCG,0,1314762
furpa,0.25,3,3,AAGTGCGCCATTGCCGGGTT,0,1277031
furpa,0.25,3,3,AAGTCGCGTCGGCATCTTGT,0,1332824
furpa,0.25,3,3,AAGTCGAATTGGAACCAAGT,0,1296282
furpa,0.25,3,3,AAGTCACTGCGGACGTCAGC,0,1303313
furpa,0.25,3,3,AAGTCACATTGCCTTCTTTG,0,1336938
furpa,0.25,3,3,AAGTATCCGGGTTATTGAAC,0,1297933
furpa,0.25,3,3,AAGTATAACGGCGCTTCCTT,0,1344005
furpa,0.25,3,3,AAGTAGTGTAACAGTTAGAC,0,1299993
furpa,0.25,3,3,AAGTAGGAGTGAATTAGTAA,0,1291296
furpa,0.25,3,3,AAGTAAAATGGTCGGAGACA,0,1356652
furpa,0.25,3,3,AAGGTTGAATGAATGCACTG,0,1322531
furpa,0.25,3,3,AAGGTCAGGGGTCGATTTGG,0,1336951
furpa,0.25,3,3,AAGGTAGCTCAAGAACCAGC,0,1293119
furpa,0.25,3,3,AAGGGCCATATGACTTTCTC,0,1343344
furpa,0.25,3,3,AAGGGAGGCGCTTTTTTCTA,0,1340675
furpa,0.25,3,3,AAGGCAGGTTAATCCGATAC,0,1349539
furpa,0.25,3,3,AAGGCAAAAGTGCGCTCACC,0,1301014
furpa,0.25,3,3,AAGGATAGCTGCTCTATGCA,0,1306505
furpa,0.25,3,3,AAGGATAATTGTCAAGTCTA,0,1309172
furpa,0.25,3,3,AAGGAATTCTCATTAATTCT,0,1281022
furpa,0.25,3,3,AAGCTCCTCGTAATTTGCCA,0,1298775
furpa,0.25,3,3,AAGCGTACTAAGTCCCGGCT,0,1316334
furpa,0.25,3,3,AAGCGGTGAGTATCATGCGA,0,1344153
furpa,0.25,3,3,AAGCGCAGCTACTCACGGAA,0,1326347
furpa,0.25,3,3,AAGCCTACTTACGTCCTATC,0,1314906
furpa,0.25,3,3,AAGCCCGCCTTAGACTCGGC,0,1354382
furpa,0.25,3,3,AAGCCCATCGCTTCGATTTC,0,1322292
furpa,0.25,3,3,AAGCCATAACGCCACATTGT,0,1298080
furpa,0.25,3,3,AAGCATGCTAAGAAAGTAAC,0,1334169
furpa,0.25,3,3,AAGCAGTCTTCGGACATTCT,0,1281172
furpa,0.25,3,3,AAGCACGCAATAGGAACCGA,0,1319244
furpa,0.25,3,3,AAGCAAGCTTGGGTTCCCAT,0,1291397
furpa,0.25,3,3,AAGATTCGTACTTCCCGAGT,0,1316145
furpa,0.25,3,3,AAGAGATACCGACCCCTTGA,0,1351493
furpa,0.25,3,3,AAGACTGGATAGCTTAAGCA,0,1348829
furpa,0.25,3,3,AAGACTGGACCTGCGTTTAG,0,1313166
furpa,0.25,3,3,AAGACGACAAACTATGCCGC,0,1348111
furpa,0.25,3,3,AAGACCATAAGATAGCTGAT,0,1291776
furpa,0.25,3,3,AAGACAGAAGTAGAAAAATA,0,1344463
furpa,0.25,3,3,AAGAATGTGACACCTTCTAC,0,1310607
furpa,0.25,3,3,AAGAAAGTGATCCAGTCCTA,0,1294346
furpa,0.25,3,3,AAGAAAATTTGCCCTTGTAC,0,1310591
furpa,0.25,3,3,AACTTTAGAGCAACCGTTCT,0,1334903
furpa,0.25,3,3,AACTTGTGCCACTATTAACC,0,1323505
furpa,0.25,3,3,AACTTACGACGGGGGCGTTC,0,1327803
furpa,0.25,3,3,AACTGTTCGACCTATATCCG,0,1294062
furpa,0.25,3,3,AACTCTAGACTCTCGCAACT,0,1349461
furpa,0.25,3,3,AACTCGGGTTTCACGCCCCA,0,1325366
furpa,0.25,3,3,AACTCGCGTATTCAAATTTG,0,1282682
furpa,0.25,3,3,AACTCCTTTGACCCGTCGTG,0,1278435
furpa,0.25,3,3,AACTCATGAGAATTATATTA,0,1282547
furpa,0.25,3,3,AACTATAACTGGTGTTATTT,0,1336560
furpa,0.25,3,3,AACGTGCATCGCGTTCCCTT,0,1326305
furpa,0.25,3,3,AACGGTTTTCTGGTGACAAT,0,1311532
furpa,0.25,3,3,AACGGGCTGGATCCTGCTGG,0,1279300
furpa,0.25,3,3,AACGGGCGATCTCATCCCGG,0,1333738
furpa,0.25,3,3,AACGGGAGAGTTCGCATAGG,0,1295572
furpa,0.25,3,3,AACGGATAGAATATTGACAA,0,1296238
furpa,0.25,3,3,AACGGACCACTGTACAATCG,0,1315973
furpa,0.25,3,3,AACGAGATTTGCGTCTCCAA,0,1289546
furpa,0.25,3,3,AACGACCTTCAGGGGTAGCG,0,1342364
furpa,0.25,3,3,AACCTTGGGTTTTGAAGCCC,0,1332450
furpa,0.25,3,3,AACCTGTTTTATCTTTCAAG,0,1272735
furpa,0.25,3,3,AACCTGGGACGCGGTCGAGT,0,1311486
furpa,0.25,3,3,AACCTCGTGTTGATCGGACC,0,1287012
furpa,0.25,3,3,AACCTCCACAGCTAAAATAG,0,1352953
furpa,0.25,3,3,AACCTATTTTGGACTGGGGA,0,1341581
furpa,0.25,3,3,AACCGTACAATGTGCTGGGT,0,1356063
furpa,0.25,3,3,AACCGAATATTGTAGTATTA,0,1279383
furpa,0.25,3,3,AACCAGGCCTGGGTGCAGGA,0,1348902
furpa,0.25,3,3,AACCACTTTGGTTATGTGTC,0,1347643
furpa,0.25,3,3,AACCAACTGGAGGATGGCTG,0,1307520
furpa,0.25,3,3,AACATTGCTGCTGGTCATTA,0,1337395
furpa,0.25,3,3,AACATTCACCAGTGCGTCAC,0,1298567
furpa,0.25,3,3,AACATTATTGCATTGAAGCG,0,1277603
furpa,0.25,3,3,AACATGGTGGGCACATAGAA,0,1312085
furpa,0.25,3,3,AACAGGGACGTGTACGTATT,0,1347424
furpa,0.25,3,3,AACAGAACCTGGCTCCATCG,0,1338765
furpa,0.25,3,3,AACACGAGCGGTCTAGGCAA,0,1325898
furpa,0.25,3,3,AACACCGGTCTAGTTAATCT,0,1311936
furpa,0.25,3,3,AAATTTTGCTTGGACCCAAT,0,1290034
furpa,0.25,3,3,AAATTCCTGAGCATGGAACT,0,1292004
furpa,0.25,3,3,AAATGTGTTCATAGTTCACC,0,1309018
furpa,0.25,3,3,AAATGTATCTCTGTCGGCCA,0,1281287
furpa,0.25,3,3,AAATGGGACGTCCATACGCA,0,1305433
furpa,0.25,3,3,AAATCTAGTGAACTCGGGGA,0,1349020
furpa,0.25,3,3,AAATCAGCGGGTAGCCCCGG,0,1290273
furpa,0.25,3,3,AAATCAATCGCTATTTGCCG,0,1274772
furpa,0.25,3,3,AAATAGACTTGCTGTCAGTT,0,1311575
furpa,0.25,3,3,AAAGTGGCAGAGGGGTATCG,0,1295627
furpa,0.25,3,3,AAAGTCCTTGGACGAACTGC,0,1350750
furpa,0.25,3,3,AAAGGTGTGTCTCGCTGGCT,0,1320513
furpa,0.25,3,3,AAAGCAAATTCCCGAGACAA,0,1299498
furpa,0.25,3,3,AAAGAATGGACAGGCATGAC,0,1292715
furpa,0.25,3,3,AAAGAAATTGGGACTTAGTT,0,1284907
furpa,0.25,3,3,AAACTAAGCTGTTGGATGGC,0,1280635
furpa,0.25,3,3,AAACGTTTAGTACAACGTCA,0,1336604
furpa,0.25,3,3,AAACGGATACGCAACCGAGA,0,1283157
furpa,0.25,3,3,AAACGCGTACTCCCCTCAAC,0,1287748
furpa,0.25,3,3,AAACCTGTCTCGATGCTAAA,0,1301956
furpa,0.25,3,3,AAACCCGATCCGTTCCCAGC,0,1286520
furpa,0.25,3,3,AAAATTGTTTGCCGCATCGG,0,1286578
furpa,0.25,3,3,AAAATTGTATTTATCGAGTA,0,1324619
furpa,0.25,3,3,AAAATTCCGCAAGTGTACTC,0,1300732
furpa,0.25,3,3,AAAATTAGAGTCCCTTAGCT,0,1297037
furpa,0.25,3,3,AAAATACTGGCAAGAATTCC,0,1282303
furpa,0.25,3,3,AAAATACGCTAACTCGGGTG,0,1317981
furpa,0.25,3,3,AAAAGTCTTGTCGGCCTTTC,0,1272671
furpa,0.25,3,3,AAAACTGTCCGTTATACCGA,0,1354313
furpa,0.25,3,3,AAAACGGGCTTGAAGGACAA,0,1340556
furpa,0.25,3,3,AAAACGGCGCGGGCCAGCCC,0,1281400
furpa,0.25,3,3,AAAACGCCTTGTCGTGAGAA,0,1287830
furpa,0.25,3,3,AAAAAGGGATATGTCTACAG,0,1323509
furpa,0.25,3,3,AAAAAGATATTGAATTACGA,0,1340494
furpa,0.3333333333333333,2,2,TTTTTGGGCCAATTAAGGTT,0,1271657
furpa,0.3333333333333333,2,2,TTTTTGGAACCCATCCTAGT,0,1309739
furpa,0.3333333333333333,2,2,TTTTTATTTCTGAGAAAGCT,0,1345092
furpa,0.3333333333333333,2,2,TTTTTAGCCGTTTAAAGGAC,0,1311290
furpa,0.3333333333333333,2,2,TTTTTACGATTGCTGGGTCC,0,1341316
furpa,0.3333333333333333,2,2,TTTTGGCAGCCGGAAAGTTA,0,1302124
furpa,0.3333333333333333,2,2,TTTTGCTGATTGCATTCGAA,0,1339897
furpa,0.3333333333333333,2,2,TTTTGACTGGACACGGCAGT,0,1340428
furpa,0.3333333333333333,2,2,TTTTGACTCCGAGCCATGAT,0,1314066
furpa,0.3333333333333333,2,2,TTTTCTCAACCTTGGCGCAG,0,1352102
furpa,0.3333333333333333,2,2,TTTTCGGTGACCCAACCTGG,0,1319194
furpa,0.3333333333333333,2,2,TTTTCGGGTGTCCTTCGCCG,0,1276297
furpa,0.3333333333333333,2,2,TTTTCCGGCCACCTAACCAT,0,1336424
furpa,0.3333333333333333,2,2,TTTTCCCCTATTGTCCTCTT,0,1312937
furpa,0.3333333333333333,2,2,TTTTCCAGGTATTTAAGTGT,0,1292591
furpa,0.3333333333333333,2,2,TTTTATTGGAAACGCTTACG,0,1347780
furpa,0.3333333333333333,2,2,TTTTATAGTACTTGGGCTAT,0,1350462
furpa,0.3333333333333333,2,2,TTTTAGGTGGAAAGATCGGG,0,1281127
furpa,0.3333333333333333,2,2,TTTGTTTGACTATACATTAT,0,1311171
furpa,0.3333333333333333,2,2,TTTGTTGTTAGCTGTTTTTT,0,1306688
furpa,0.3333333333333333,2,2,TTTGTTATGTTAGCGTGGCT,0,1305366
furpa,0.3333333333333333,2,2,TTTGTCGGCGCCAAAACCAG,0,1332999
furpa,0.3333333333333333,2,2,TTTGTCCTTATGTAACTAAT,0,1291671
furpa,0.3333333333333333,2,2,TTTGGTCCTACGTATGCCGA,0,1333234
furpa,0.3333333333333333,2,2,TTTGGGGCGACTAGACCAAT,0,1341677
furpa,0.3333333333333333,2,2,TTTGGCATATTCGGGGACAA,0,1355963
furpa,0.3333333333333333,2,2,TTTGCTCGGTGAAGGGTCTC,0,1283302
furpa,0.3333333333333333,2,2,TTTGCTACCACGGAGAAACC,0,1316462
furpa,0.3333333333333333,2,2,TTTGCACTTTCTGTAACATC,0,1275507
furpa,0.3333333333333333,2,2,TTTGATTTGAGCCGGAGCGA,0,1297434
furpa,0.3333333333333333,2,2,TTTGAGACAATGCTCCGTCG,0,1302691
furpa,0.3333333333333333,2,2,TTTCTTGTGCATACTTGATC,0,1273024
furpa,0.3333333333333333,2,2,TTTCTTGGGCGAGTGTGTTT,0,1347311
furpa,0.3333333333333333,2,2,TTTCTTCAGCAGGGGGTCTA,0,1327274
furpa,0.3333333333333333,2,2,TTTCTACATTCGACCTGACG,0,1305222
furpa,0.3333333333333333,2,2,TTTCGGGGTGCGGAATCAAA,0,1314210
furpa,0.3333333333333333,2,2,TTTCGGATCTTTATCATTCA,0,1280691
furpa,0.3333333333333333,2,2,TTTCGCCGGTCAGAGTTCAT,0,1338537
furpa,0.3333333333333333,2,2,TTTCCGCCGCCCGGTCTGGA,0,1298379
furpa,0.3333333333333333,2,2,TTTCCCACTTTACAAGCCTC,0,1301204
furpa,0.3333333333333333,2,2,TTTCCAACACTGAGAGTGTG,0,1285419
furpa,0.3333333333333333,2,2,TTTCATTCCGGGATAGAAAT,0,1276140
furpa,0.3333333333333333,2,2,TTTCAGTCTACTCATCCTAG,0,1294393
furpa,0.3333333333333333,2,2,TTTCAGGCGGTGGGGGGGCG,0,1342636
furpa,0.3333333333333333,2,2,TTTCACTCGACCCACGGCAT,0,1342994
furpa,0.3333333333333333,2,2,TTTATTCTTTGTGTTTTTGA,0,1274812
furpa,0.3333333333333333,2,2,TTTATGGCTAACCTATCGAT,0,1310795
furpa,0.3333333333333333,2,2,TTTATGCGAAATACTGCCCG,0,1279595
furpa,0.3333333333333333,2,2,TTTATGCATATTTATAAGCG,0,1333928
furpa,0.3333333333333333,2,2,TTTATATCAAATCGTGTCTT,0,1336406
furpa,0.3333333333333333,2,2,TTTAGGGACGCAAAATTTTT,0,1338193
furpa,0.3333333333333333,2,2,TTTAGGAGCGGATTTTTGCA,0,1307424
furpa,0.3333333333333333,2,2,TTTAGCAAGGGGATCAGTTC,0,1300089
furpa,0.3333333333333333,2,2,TTTACTTTGATTCGAATCCA,0,1336303
furpa,0.3333333333333333,2,2,TTTACCCTGTTCTCCAAAGT,0,1294520
furpa,0.3333333333333333,2,2,TTTACAGATTTCTTTTAGGC,0,1309942
furpa,0.3333333333333333,2,2,TTTAATAGAAATGCATCGGT,0,1296415
furpa,0.3333333333333333,2,2,TTTAAGTAACGGGTCACACC,0,1328075
furpa,0.3333333333333333,2,2,TTTAAATAGGCCCAGACCTT,0,1298289
furpa,0.3333333333333333,2,2,TTTAAAGTAGCGGTGTTTCA,0,1304912
furpa,0.3333333333333333,2,2,TTTAAAAGGCATGGGATATT,0,1297378
furpa,0.3333333333333333,2,2,TTGTTTTCCCTAACCAGGTA,0,1335171
furpa,0.3333333333333333,2,2,TTGTTTTCCCAGTCATTCGT,0,1284010
furpa,0.3333333333333333,2,2,TTGTTGTGCCAGGATTATAA,0,1343776
furpa,0.3333333333333333,2,2,TTGTTCTGTTTGCCGGATTT,0,1330688
furpa,0.3333333333333333,2,2,TTGTGAGGTACGAATAGTAT,0,1356977
furpa,0.3333333333333333,2,2,TTGTCCGCCACAACGTCTGC,0,1305035
furpa,0.3333333333333333,2,2,TTGTCATAGATGAATAGGTA,0,1341408
furpa,0.3333333333333333,2,2,TTGTCAAGTTGGCTAGGAAA,0,1284551
furpa,0.3333333333333333,2,2,TTGTCAAGGGCCACCAAGGC,0,1334204
furpa,0.3333333333333333,2,2,TTGTAGCTGTCGAAATGGAC,0,1287931
furpa,0.3333333333333333,2,2,TTGTACTCAGAACAGCTGGT,0,1273022
furpa,0.3333333333333333,2,2,TTGGTTCTGTGTTGACCATG,0,1302197
furpa,0.3333333333333333,2,2,TTGGTTACGAGTATGCAAGG,0,1297858
furpa,0.3333333333333333,2,2,TTGGTGTTTCAGTGCAATGT,0,1318239
furpa,0.3333333333333333,2,2,TTGGTGTTGGCCACCGCTGC,0,1327351
furpa,0.3333333333333333,2,2,TTGGGGTCAGCGGAAACCTA,0,1293081
furpa,0.3333333333333333,2,2,TTGGGGCACGCAACCCTCAT,0,1331357
furpa,0.3333333333333333,2,2,TTGGGGAGGTTGCAAAGACA,0,1303560
furpa,0.3333333333333333,2,2,TTGGGCGGAAACCGCGCAAT,0,1345377
furpa,0.3333333333333333,2,2,TTGGGACCGAGCAGCGGTCC,0,1299856
furpa,0.3333333333333333,2,2,TTGGGAATCTCTCCTCTCTT,0,1289181
furpa,0.3333333333333333,2,2,TTGGCGGTCCATACCATAAA,0,1279646
furpa,0.3333333333333333,2,2,TTGGCGAAACTTACAATTTT,0,1336573
furpa,0.3333333333333333,2,2,TTGGCCTTATTCAGGTAGGA,0,1321580
furpa,0.3333333333333333,2,2,TTGGCCGCCCACCATGGGTC,0,1274546
furpa,0.3333333333333333,2,2,TTGGATGTATGATGCTCCGT,0,1347994
furpa,0.3333333333333333,2,2,TTGGACGACCTAGCAACCGT,0,1319213
furpa,0.3333333333333333,2,2,TTGGACAGAATCACGTGCCG,0,1291373
furpa,0.3333333333333333,2,2,TTGGACAGAATATATCCCGT,0,1282650
furpa,0.3333333333333333,2,2,TTGGAATTAGTGTGATTGGC,0,1303052
furpa,0.3333333333333333,2,2,TTGCTTAATCCCATTTTCGC,0,1337885
furpa,0.3333333333333333,2,2,TTGCGTACACGTGCATTGTA,0,1345474
furpa,0.3333333333333333,2,2,TTGCGGTACATTTTGCGGTA,0,1292079
furpa,0.3333333333333333,2,2,TTGCGGAGTACGCTAAGTCC,0,1331527
furpa,0.3333333333333333,2,2,TTGCGCTTGATGTCCGCCCC,0,1288867
furpa,0.3333333333333333,2,2,TTGCCGAGGTTTCGCCTTGT,0,1349582
furpa,0.3333333333333333,2,2,TTGCCCAGTTGGGTGTTGTG,0,1278331
furpa,0.3333333333333333,2,2,TTGCCATATTATCACCCTTT,0,1335182
furpa,0.3333333333333333,2,2,TTGCCAGATCCTGACTGCCG,0,1308710
furpa,0.3333333333333333,2,2,TTGCCAAGTCTCGCCAACTC,0,1341514
furpa,0.3333333333333333,2,2,TTGCATTAGCTAATCCAGTT,0,1349502
furpa,0.3333333333333333,2,2,TTGCATCGAAATCCTTTGCA,0,1316209
furpa,0.3333333333333333,2,2,TTGCAGTACACCTGTATTAT,0,1313323
furpa,0.3333333333333333,2,2,TTGATTTACTAATTCGTGAT,0,1337723
furpa,0.3333333333333333,2,2,TTGATGTCCCATATCCCGCA,0,1283887
furpa,0.3333333333333333,2,2,TTGATGTAGGGGCTCAAAGC,0,1298876
furpa,0.3333333333333333,2,2,TTGATCGCTCCGGGAGTCAC,0,1352091
furpa,0.3333333333333333,2,2,TTGATCGCGTGCGCTCGGTC,0,1348324
furpa,0.3333333333333333,2,2,TTGAGTTCATTCTACATGAG,0,1287006
furpa,0.3333333333333333,2,2,TTGAGGTAAGAGACGACCAC,0,1286837
furpa,0.3333333333333333,2,2,TTGAGCGCAGGTTCGACAAT,0,1319310
furpa,0.3333333333333333,2,2,TTGACTGGTAAACAGAACCC,0,1305835
furpa,0.3333333333333333,2,2,TTGACTGGATCGTCCGTGAG,0,1328161
furpa,0.3333333333333333,2,2,TTGACGATAAAAGTGAGAAG,0,1316263
furpa,0.3333333333333333,2,2,TTGACCTTCGTTAGTCGCTT,0,1335584
furpa,0.3333333333333333,2,2,TTGACCCACTTGTCGTGATC,0,1277335
furpa,0.3333333333333333,2,2,TTGACCATACATACAGTGCG,0,1281603
furpa,0.3333333333333333,2,2,TTGACAATTCAGTAATGGCG,0,1291679
furpa,0.3333333333333333,2,2,TTGAATAATCACTAAATTTC,0,1309015
furpa,0.3333333333333333,2,2,TTCTTCTGTGTCCTGTCGGA,0,1351892
furpa,0.3333333333333333,2,2,TTCTTCGTATGTTCACGTCT,0,1305864
furpa,0.3333333333333333,2,2,TTCTTCAGGAGAGGACGGAC,0,1353443
furpa,0.3333333333333333,2,2,TTCTTATATCTGGTCGGGAG,0,1320986
furpa,0.3333333333333333,2,2,TTCTGATGTCCGCGTCCCAG,0,1271639
furpa,0.3333333333333333,2,2,TTCTCTGGCTGAAGCTTACA,0,1284963
furpa,0.3333333333333333,2,2,TTCTCCCGAGAGGGACGGCC,0,1304081
furpa,0.3333333333333333,2,2,TTCTAGACGTGGGTTCTAAG,0,1353321
furpa,0.3333333333333333,2,2,TTCTAATGCTGGTTGGTCAG,0,1346642
furpa,0.3333333333333333,2,2,TTCTAATCGATTTCGATTAT,0,1279808
furpa,0.3333333333333333,2,2,TTCTAAGTAATTTGTGGCTT,0,1344628
furpa,0.3333333333333333,2,2,TTCTAAACCACAGACTGTAG,0,1308982
furpa,0.3333333333333333,2,2,TTCGTTGTCCTTAGGCCACA,0,1356802
furpa,0.3333333333333333,2,2,TTCGTTGATGTCTCGTCAAG,0,1326291
furpa,0.3333333333333333,2,2,TTCGTTCGTTTGACGAATCA,0,1326606
furpa,0.3333333333333333,2,2,TTCGTTCGTGTCTACCTCAC,0,1340369
furpa,0.3333333333333333,2,2,TTCGTTAACTATTTAGGGTC,0,1285994
furpa,0.3333333333333333,2,2,TTCGTGCGATTCACCAACTT,0,1309827
furpa,0.3333333333333333,2,2,TTCGTCAACTACGCACCATT,0,1348332
furpa,0.3333333333333333,2,2,TTCGTATCTTTTTGAAGGCT,0,1317422
furpa,0.3333333333333333,2,2,TTCGTACGCTACACGAAGTT,0,1293954
furpa,0.3333333333333333,2,2,TTCGTACCTCAGTGGCGACA,0,1274432
furpa,0.3333333333333333,2,2,TTCGGTTTGGGGCGAGCCAA,0,1344988
furpa,0.3333333333333333,2,2,TTCGGTGAGGCGGGCGTTGA,0,1297883
furpa,0.3333333333333333,2,2,TTCGGTACCAAGACCATCCG,0,1311646
furpa,0.3333333333333333,2,2,TTCGGGACAGGAGGCAGTCG,0,1340286
furpa,0.3333333333333333,2,2,TTCGGGACAACGGGGAGGAT,0,1288110
furpa,0.3333333333333333,2,2,TTCGCTGCGCTAGCCGATAC,0,1302944
furpa,0.3333333333333333,2,2,TTCGCCCTCATTCCGGTTCT,0,1288272
furpa,0.3333333333333333,2,2,TTCGAGTGTAGCCAGAGCAG,0,1273428
furpa,0.3333333333333333,2,2,TTCGAGTCTATCGCTATTGT,0,1321677
furpa,0.3333333333333333,2,2,TTCGAGGTTTCATTAGGGGG,0,1276844
furpa,0.3333333333333333,2,2,TTCGACCCCTGAGTGCGTTC,0,1357235
furpa,0.3333333333333333,2,2,TTCGAAGAAATCCTTGGTAC,0,1325812
furpa,0.3333333333333333,2,2,TTCCTTGCATGTACGTGGGT,0,1272118
furpa,0.3333333333333333,2,2,TTCCTTCGGCTTCGGATATG,0,1342244
furpa,0.3333333333333333,2,2,TTCCTGATGGATAGGCGCCA,0,1277194
furpa,0.3333333333333333,2,2,TTCCTCGTAACTAAAACGGG,0,1320393
furpa,0.3333333333333333,2,2,TTCCTAACGTAAGCCCTAAT,0,1306964
furpa,0.3333333333333333,2,2,TTCCGGGGATAGGCTCGGAT,0,1291469
furpa,0.3333333333333333,2,2,TTCCGCTCGAACTCAATATT,0,1299009
furpa,0.3333333333333333,2,2,TTCCCAGCCCGGGAGAGGTT,0,1351162
furpa,0.3333333333333333,2,2,TTCATCACAATTCCTCGACC,0,1351304
furpa,0.3333333333333333,2,2,TTCATATATTATGCTTGAAC,0,1353891
furpa,0.3333333333333333,2,2,TTCAGCTGATTGTGGTCTTC,0,1272191
furpa,0.3333333333333333,2,2,TTCAGAAGGACTGGCCATAA,0,1329854
furpa,0.3333333333333333,2,2,TTCACGTCGGATAAAAAGGA,0,1306758
furpa,0.3333333333333333,2,2,TTCACCGGGCGTATCAAAGA,0,1335646
furpa,0.3333333333333333,2,2,TTCAATTTGTCCGACGAGAG,0,1344345
furpa,0.3333333333333333,2,2,TTCAATCTTGGCCTTTCCGT,0,1282148
furpa,0.3333333333333333,2,2,TTCAATCAGGGTGTATCCCA,0,1289237
furpa,0.3333333333333333,2,2,TTCAAGTATGCGGCAAGATA,0,1350689
furpa,0.3333333333333333,2,2,TTATTTTTGAAGTACTATGA,0,1283041
furpa,0.3333333333333333,2,2,TTATTGGTGTGCCAGTACGG,0,1344504
furpa,0.3333333333333333,2,2,TTATTAGTTCGCTGCGCCTA,0,1326875
furpa,0.3333333333333333,2,2,TTATTAACAGCTTAAGCGGA,0,1311789
furpa,0.3333333333333333,2,2,TTATGGCAACTTAATCATCA,0,1277852
furpa,0.3333333333333333,2,2,TTATGCACCCGTAGAGCCAT,0,1315184
furpa,0.3333333333333333,2,2,TTATGATTCACTCTTTATGC,0,1289844
furpa,0.3333333333333333,2,2,TTATCTTAGTAAGCCAACAT,0,1333459
furpa,0.3333333333333333,2,2,TTATCCCGTGTCGAGGTCTG,0,1340450
furpa,0.3333333333333333,2,2,TTATCCAATCCACCAATTAA,0,1278487
furpa,0.3333333333333333,2,2,TTATAGGTAGTTAACTTTAC,0,1297031
furpa,0.3333333333333333,2,2,TTATAGCTCAATTACGTGAT,0,1301008
furpa,0.3333333333333333,2,2,TTATAATTTGTCACTAATGC,0,1280582
furpa,0.3333333333333333,2,2,TTAGTGATTTCTATACAAAG,0,1323372
furpa,0.3333333333333333,2,2,TTAGTATTCAAGGTGATGTC,0,1321889
furpa,0.3333333333333333,2,2,TTAGGGGGCGCCAGGGAATT,0,1303592
furpa,0.3333333333333333,2,2,TTAGGCGCCCTTGCCGCGTG,0,1352572
furpa,0.3333333333333333,2,2,TTAGCTTTTAGAAAGGGAAA,0,1325514
furpa,0.3333333333333333,2,2,TTAGCGCTGAAACCACACCA,0,1314671
furpa,0.3333333333333333,2,2,TTAGCACACACATCGCGCAG,0,1276458
furpa,0.3333333333333333,2,2,TTAGACCAATTCTATAGGCA,0,1300861
furpa,0.3333333333333333,2,2,TTACTGGACTATTTCCACGT,0,1278854
furpa,0.3333333333333333,2,2,TTACTGAAATGCCGGGCGAC,0,1307833
furpa,0.3333333333333333,2,2,TTACTAAGTGCAGTAACTTA,0,1325122
furpa,0.3333333333333333,2,2,TTACGTGTCGGATTTACTCA,0,1330432
furpa,0.3333333333333333,2,2,TTACGTGCCATACTTGTTCA,0,1297897
furpa,0.3333333333333333,2,2,TTACGCCGACGGGCGTGGTT,0,1279284
furpa,0.3333333333333333,2,2,TTACCTTAGAGCGAACAGCG,0,1278279
furpa,0.3333333333333333,2,2,TTACCAGCGATAGCAACTGG,0,1308051
furpa,0.3333333333333333,2,2,TTACCAGAGTCACCCAGACA,0,1290445
furpa,0.3333333333333333,2,2,TTACCACGGCCTTTCACCAA,0,1321172
furpa,0.3333333333333333,2,2,TTACATGCAAGGACTGAAGA,0,1337612
furpa,0.3333333333333333,2,2,TTACATACCGGACTGTCTGC,0,1321800
furpa,0.3333333333333333,2,2,TTACAATATCTCCGTTCGCG,0,1306846
furpa,0.3333333333333333,2,2,TTACAACTACCGGCGGGTAT,0,1340503
furpa,0.3333333333333333,2,2,TTACAACCTGCTACTGGTAT,0,1279539
furpa,0.3333333333333333,2,2,TTAATCCGCACGCTAATGTC,0,1312854
furpa,0.3333333333333333,2,2,TTAATATCCGATCCTCACAA,0,1335994
furpa,0.3333333333333333,2,2,TTAAGTCTATAGTCGATTGC,0,1329159
furpa,0.3333333333333333,2,2,TTAAGGGCGGCAGGCCCTAG,0,1278775
furpa,0.3333333333333333,2,2,TTAAGGCGAGTGAAGCGGAT,0,1288163
furpa,0.3333333333333333,2,2,TTAAGGAAATCCCAGCGAGT,0,1339564
furpa,0.3333333333333333,2,2,TTAAGCGCTTGAGCCACGTG,0,1328988
furpa,0.3333333333333333,2,2,TTAAGCCGATCGATTTTGCC,0,1278601
furpa,0.3333333333333333,2,2,TTAACTCGCGGCGCTTACTT,0,1308551
furpa,0.3333333333333333,2,2,TTAACGTGTTGAATAGTTAT,0,1298478
furpa,0.3333333333333333,2,2,TTAACCTATACTTTTTTAAC,0,1282150
furpa,0.3333333333333333,2,2,TTAACCATCAGCAACAATTA,0,1286601
furpa,0.3333333333333333,2,2,TTAACAGACAGCAGACCATA,0,1342108
furpa,0.3333333333333333,2,2,TTAACAACTACTGCATCAGT,0,1315459
furpa,0.3333333333333333,2,2,TTAAATTTATGACACGGGTT,0,1271339
furpa,0.3333333333333333,2,2,TTAAACCGTTGGCATGAGAG,0,1284066
furpa,0.3333333333333333,2,2,TTAAAAATCAAGATAGCCAT,0,1353919
furpa,0.3333333333333333,2,2,TGTTTCTTTCCTCCGGCATG,0,1302333
furpa,0.3333333333333333,2,2,TGTTTCCTTTGGCGAGTACG,0,1278038
furpa,0.3333333333333333,2,2,TGTTTCAGTTTTTCCGTTAG,0,1336456
furpa,0.3333333333333333,2,2,TGTTTAGCGCGCTAATTGCT,0,1308149
furpa,0.3333333333333333,2,2,TGTTGAATGGTCATACACAG,0,1331222
furpa,0.3333333333333333,2,2,TGTTCTTTTGGCATTCACAC,0,1276232
furpa,0.3333333333333333,2,2,TGTTCTTGCGATCCAGTACG,0,1315479
furpa,0.3333333333333333,2,2,TGTTCTCCGCTACACTTCTC,0,1289185
furpa,0.3333333333333333,2,2,TGTTCGGTTATCCTCTTCAC,0,1346578
furpa,0.3333333333333333,2,2,TGTTCGCCGATCCTTATGCA,0,1342883
furpa,0.3333333333333333,2,2,TGTTCATACGAAGAATAGCG,0,1318874
furpa,0.3333333333333333,2,2,TGTTATCAGGACACCAACGA,0,1340747
furpa,0.3333333333333333,2,2,TGTTATAAATATCAGGTTAA,0,1306162
furpa,0.3333333333333333,2,2,TGTTAGAATTTTGGAAAACC,0,1284455
furpa,0.3333333333333333,2,2,TGTTAAGCAAACTTGTAGAT,0,1344095
furpa,0.3333333333333333,2,2,TGTGTTGGTGAAACCGAGAT,0,1351115
furpa,0.3333333333333333,2,2,TGTGTTAATAGCGCCTAATC,0,1347178
furpa,0.3333333333333333,2,2,TGTGTGCAGTCGCTTTTATC,0,1292753
furpa,0.3333333333333333,2,2,TGTGTACGGCTTGGTCACCA,0,1317226
furpa,0.3333333333333333,2,2,TGTGGTTCGGCCCGTGAAAT,0,1323322
furpa,0.3333333333333333,2,2,TGTGGTATAGCACCGCGACA,0,1293226
furpa,0.3333333333333333,2,2,TGTGGTACGTATAGTGGTAG,0,1293508
furpa,0.3333333333333333,2,2,TGTGGGCTTCAATGTCTGTG,0,1277205
furpa,0.3333333333333333,2,2,TGTGGCCCCTAAAAGCGGGA,0,1340228
furpa,0.3333333333333333,2,2,TGTGGAGCCTATCACGTAAA,0,1302338
furpa,0.3333333333333333,2,2,TGTGGACGTACCAGGCGGCT,0,1311627
furpa,0.3333333333333333,2,2,TGTGATTCTAGCTACTAAAA,0,1280859
furpa,0.3333333333333333,2,2,TGTGATTAACACCATAGTTT,0,1285093
furpa,0.3333333333333333,2,2,TGTGACGATAGGATGGGAGT,0,1356681
furpa,0.3333333333333333,2,2,TGTGAAGGGATATGCCGGAA,0,1304300
furpa,0.3333333333333333,2,2,TGTCGGTCCAGTTCCCTCAG,0,1315094
furpa,0.3333333333333333,2,2,TGTCGCGTCGCTCACTTATA,0,1309419
furpa,0.3333333333333333,2,2,TGTCGCGCGGGCAGAATTCA,0,1340232
furpa,0.3333333333333333,2,2,TGTCGAATAATGCACGTCAC,0,1310134
furpa,0.3333333333333333,2,2,TGTCCTCTCGGCACGCACGA,0,1325630
furpa,0.3333333333333333,2,2,TGTCCCACCCACCCTGTGCT,0,1326753
furpa,0.3333333333333333,2,2,TGTCATTGTACCTCACCAAT,0,1331288
furpa,0.3333333333333333,2,2,TGTCATAGCGGCTTCAGAGT,0,1306066
furpa,0.3333333333333333,2,2,TGTCAGATCGCTCTTGTGGA,0,1326784
furpa,0.3333333333333333,2,2,TGTCACTAACAATTGCGTCC,0,1297631
furpa,0.3333333333333333,2,2,TGTATTGTAACGATACGCAA,0,1326472
furpa,0.3333333333333333,2,2,TGTATTGGACCACGTCTGCT,0,1284866
furpa,0.3333333333333333,2,2,TGTATTATCCGAAGCAGCGG,0,1292948
furpa,0.3333333333333333,2,2,TGTATCTGGAGAAACGGCCC,0,1355357
furpa,0.3333333333333333,2,2,TGTAGTACGTCAGTATCCTC,0,1285760
furpa,0.3333333333333333,2,2,TGTACTCGCTGGCCTGGGAA,0,1285483
furpa,0.3333333333333333,2,2,TGTACTAGGGGCTGGTACTA,0,1285687
furpa,0.3333333333333333,2,2,TGTACGTGGCCCGGGATACA,0,1303268
furpa,0.3333333333333333,2,2,TGTACGGCACGACCACTGCT,0,1350748
furpa,0.3333333333333333,2,2,TGTACGAATTCAACTGCAGT,0,1317417
furpa,0.3333333333333333,2,2,TGTAAGGGAGTCCGTCTTAC,0,1285631
furpa,0.3333333333333333,2,2,TGGTTAGTTAATTAGATCAT,0,1355186
furpa,0.3333333333333333,2,2,TGGTGTTTATGGGGCCTTCT,0,1282015
furpa,0.3333333333333333,2,2,TGGTGTCCCCCAGGATAGTG,0,1297932
furpa,0.3333333333333333,2,2,TGGTGGCCCCAGACGATGCA,0,1344418
furpa,0.3333333333333333,2,2,TGGTGGAAACACATATTTGC,0,1273025
furpa,0.3333333333333333,2,2,TGGTCCAACCGGAAATAGAG,0,1281656
furpa,0.3333333333333333,2,2,TGGTCACTGCTCGCGTTCCA,0,1349933
furpa,0.3333333333333333,2,2,TGGTCAATTAGCAGCGTTCC,0,1296253
furpa,0.3333333333333333,2,2,TGGTAGGCAGCTGTTGTCAG,0,1331559
furpa,0.3333333333333333,2,2,TGGTACGTGTCGCCAATGTC,0,1304318
furpa,0.3333333333333333,2,2,TGGTACGCTTGAGGCTATTG,0,1338983
furpa,0.3333333333333333,2,2,TGGTACCGGAGTCCGTAGCC,0,1325737
furpa,0.3333333333333333,2,2,TGGTAAATTACCTGTCACGT,0,1283206
furpa,0.3333333333333333,2,2,TGGGTGCACGACCGTGGTGT,0,1328390
furpa,0.3333333333333333,2,2,TGGGGCTTACCGCAACATGA,0,1320251
furpa,0.3333333333333333,2,2,TGGGGCTCCTTGAAAATTTC,0,1288129
furpa,0.3333333333333333,2,2,TGGGGCAGCTCAGGACTCCT,0,1348624
furpa,0.3333333333333333,2,2,TGGGGACTGTACATCTCGAC,0,1286981
furpa,0.3333333333333333,2,2,TGGGGACGTTCTCTCCGGTA,0,1336308
furpa,0.3333333333333333,2,2,TGGGAATCTCAGTTGGGGGT,0,1308490
furpa,0.3333333333333333,2,2,TGGGAATATGATATTTAAAA,0,1290063
furpa,0.3333333333333333,2,2,TGGGAAGTGACCGAGCGGAA,0,1321315
furpa,0.3333333333333333,2,2,TGGCGCTACTTTGTCGTCAA,0,1320208
furpa,0.3333333333333333,2,2,TGGCGCGCCTACAGGGTTTA,0,1297116
furpa,0.3333333333333333,2,2,TGGCCTTTTAGTTGCCACTG,0,1290183
furpa,0.3333333333333333,2,2,TGGCCTCGTCAAAAAATCAG,0,1352223
furpa,0.3333333333333333,2,2,TGGCCGCGTGAATATCCTGC,0,1345559
furpa,0.3333333333333333,2,2,TGGCCCATTAGTTTGTTACA,0,1321072
furpa,0.3333333333333333,2,2,TGGCACTTGGGGTCACGGTA,0,1316748
furpa,0.3333333333333333,2,2,TGGCACTCTCGCACGGATTC,0,1333282
furpa,0.3333333333333333,2,2,TGGCACGCGTGCGTATTTAT,0,1277041
furpa,0.3333333333333333,2,2,TGGCACCAACTAACACGGCG,0,1308282
furpa,0.3333333333333333,2,2,TGGCAATAGTTTCCCCACAG,0,1277021
furpa,0.3333333333333333,2,2,TGGCAAAGGTCTATTGGGTT,0,1303623
furpa,0.3333333333333333,2,2,TGGCAAAGCGAAACGTTAGA,0,1352339
furpa,0.3333333333333333,2,2,TGGCAAAGATCGCGCAACAC,0,1279077
furpa,0.3333333333333333,2,2,TGGATTCCACTTAAAATAAA,0,1325223
furpa,0.3333333333333333,2,2,TGGATTAACTTAGTTCCATT,0,1326649
furpa,0.3333333333333333,2,2,TGGATGTTTAGGTCGTCAAC,0,1318614
furpa,0.3333333333333333,2,2,TGGATCGCAACACTACTTAG,0,1346593
furpa,0.3333333333333333,2,2,TGGATAATGGGCTCCAAAGG,0,1345318
furpa,0.3333333333333333,2,2,TGGAGTATTTGATAGGGGCA,0,1304024
furpa,0.3333333333333333,2,2,TGGAGCTACCTCTTCTGGGA,0,1350227
furpa,0.3333333333333333,2,2,TGGAGCATTAGGAGTAATCA,0,1317574
furpa,0.3333333333333333,2,2,TGGACTTGTTAAAAACCCAA,0,1354472
furpa,0.3333333333333333,2,2,TGGACTTCATGCTCCGCATT,0,1330093
furpa,0.3333333333333333,2,2,TGGACTGGTAGTCGCAATAC,0,1288808
furpa,0.3333333333333333,2,2,TGGACGCTAGGCTGGGAAGA,0,1294268
furpa,0.3333333333333333,2,2,TGGACACGATTGGGATCGCA,0,1335199
furpa,0.3333333333333333,2,2,TGGACACCTTTGGGAGTTAT,0,1310037
furpa,0.3333333333333333,2,2,TGGAATCGACGACGTTTATG,0,1308894
furpa,0.3333333333333333,2,2,TGGAACCGATGGTTGCTGTT,0,1351991
furpa,0.3333333333333333,2,2,TGGAACAGACTTCGTGTGCT,0,1296910
furpa,0.3333333333333333,2,2,TGGAAAAAATTAGTCAGACA,0,1340755
furpa,0.3333333333333333,2,2,TGCTTCCGGTCTAACGGAAT,0,1342963
furpa,0.3333333333333333,2,2,TGCTGCAAGCTGCCTTCCTT,0,1294522
furpa,0.3333333333333333,2,2,TGCTCTGTTGACAAAAAGGA,0,1344249
furpa,0.3333333333333333,2,2,TGCTCGATAAGGAGGCCTTA,0,1333997
furpa,0.3333333333333333,2,2,TGCGTTTCCGAGAGCCGGCC,0,1338757
furpa,0.3333333333333333,2,2,TGCGTGCACCCACCAATACA,0,1354840
furpa,0.3333333333333333,2,2,TGCGTGATAGCCGACACGCA,0,1286548
furpa,0.3333333333333333,2,2,TGCGGTCTATCCTCTCTTTG,0,1312233
furpa,0.3333333333333333,2,2,TGCGGTCGTTTCATTCGCAA,0,1317418
furpa,0.3333333333333333,2,2,TGCGGTACGGCCCATTGAAG,0,1305241
furpa,0.3333333333333333,2,2,TGCGGGTTGTAATCTCTCGC,0,1353245
furpa,0.3333333333333333,2,2,TGCGGGGTCGAGCGCCTCTA,0,1308785
furpa,0.3333333333333333,2,2,TGCGGGGAGAGCGAGTTTTT,0,1282909
furpa,0.3333333333333333,2,2,TGCGGGCTGGACACCATAGT,0,1351661
furpa,0.3333333333333333,2,2,TGCGGAATTGCCCGGTGGCC,0,1314455
furpa,0.3333333333333333,2,2,TGCGCCTCAAGAATTGGAAA,0,1330788
furpa,0.3333333333333333,2,2,TGCGAGGTGAAATAGCACGT,0,1344824
furpa,0.3333333333333333,2,2,TGCGACCGGTTACTCGCCGA,0,1329193
furpa,0.3333333333333333,2,2,TGCCTGTTGGCTGTTTTAAA,0,1306912
furpa,0.3333333333333333,2,2,TGCCTGCACAATGATAACGT,0,1329530
furpa,0.3333333333333333,2,2,TGCCTCAAGGCGTTCGAGTA,0,1346035
furpa,0.3333333333333333,2,2,TGCCGGGCGTCCTACGTACG,0,1295376
furpa,0.3333333333333333,2,2,TGCCGCCTGAAGTTCAAGCC,0,1332627
furpa,0.3333333333333333,2,2,TGCCGATACGGGCATGACGT,0,1288157
furpa,0.3333333333333333,2,2,TGCCGAGATCATTGGCGAAT,0,1312723
furpa,0.3333333333333333,2,2,TGCCGACCGTATGGCAGCTA,0,1344560
furpa,0.3333333333333333,2,2,TGCCCTGATCCGCCATACCT,0,1296702
furpa,0.3333333333333333,2,2,TGCCCCTGGGCCACGACCGT,0,1286105
furpa,0.3333333333333333,2,2,TGCCCAGATCAGTTCACGTA,0,1288834
furpa,0.3333333333333333,2,2,TGCCAGTATGGTAGTTTGGC,0,1292467
furpa,0.3333333333333333,2,2,TGCCAAGGCGAGGGGATACC,0,1289776
furpa,0.3333333333333333,2,2,TGCATTCGCGGGGGGGTAAT,0,1295476
furpa,0.3333333333333333,2,2,TGCATTCAAAAAACGGTAGT,0,1326019
furpa,0.3333333333333333,2,2,TGCACTTAGAAATCCAGTCT,0,1318231
furpa,0.3333333333333333,2,2,TGCACGTTGGCGAGGACGTT,0,1308438
furpa,0.3333333333333333,2,2,TGCACGTGTCGTGGAATTCT,0,1283494
furpa,0.3333333333333333,2,2,TGCACAGGAAACAATTTGCT,0,1323541
furpa,0.3333333333333333,2,2,TGCAACTCTATCGCTCTTTT,0,1322630
furpa,0.3333333333333333,2,2,TGCAACCCCTGGGAGAGTAA,0,1287346
furpa,0.3333333333333333,2,2,TGATTTGCTTGGATTTGACA,0,1324058
furpa,0.3333333333333333,2,2,TGATTTCGCCCCCGTTTCAT,0,1319847
furpa,0.3333333333333333,2,2,TGATTTAACTAGCGTGGTGA,0,1341882
furpa,0.3333333333333333,2,2,TGATGAGTGGCTCAAAGCAT,0,1340834
furpa,0.3333333333333333,2,2,TGATGACTCTGTGCTTGCGG,0,1338386
furpa,0.3333333333333333,2,2,TGATGAAGGCGCAACTGGAT,0,1330808
furpa,0.3333333333333333,2,2,TGATCGTACGCTTTTGAATT,0,1324181
furpa,0.3333333333333333,2,2,TGATATGTCGGGTATGTACC,0,1334785
furpa,0.3333333333333333,2,2,TGATACCCAGGTCCTTGACG,0,1305249
furpa,0.3333333333333333,2,2,TGATAAACTCACAGCCGATT,0,1335596
furpa,0.3333333333333333,2,2,TGAGTCATTGCGGCCTACTG,0,1275576
furpa,0.3333333333333333,2,2,TGAGGGCCAGGATATACGTA,0,1341036
furpa,0.3333333333333333,2,2,TGAGGCGCAATCTGGGCGAT,0,1348237
furpa,0.3333333333333333,2,2,TGAGGCCGTGCACGGGTGCC,0,1297667
furpa,0.3333333333333333,2,2,TGAGGATGTGCGAACATCTC,0,1307363
furpa,0.3333333333333333,2,2,TGAGGATAGCAACGATGAGT,0,1331013
furpa,0.3333333333333333,2,2,TGAGCGTAACCTCCCCCGAA,0,1349978
furpa,0.3333333333333333,2,2,TGAGCCCCCACATTTCAGAA,0,1355005
furpa,0.3333333333333333,2,2,TGAGATGACCTGCGTGAGAA,0,1326923
furpa,0.3333333333333333,2,2,TGAGATATCCTGTACGGTGT,0,1345791
furpa,0.3333333333333333,2,2,TGAGAGTTGTTCGAAACGGT,0,1318485
furpa,0.3333333333333333,2,2,TGAGAGTAACCCTGCATCTT,0,1311361
furpa,0.3333333333333333,2,2,TGAGAATCGTACTAGCTATT,0,1314820
furpa,0.3333333333333333,2,2,TGACTGAATGCACATCCGGA,0,1311505
furpa,0.3333333333333333,2,2,TGACGTGAGCCTACGGCTCT,0,1332716
furpa,0.3333333333333333,2,2,TGACGGTCAATACGAGAGAA,0,1291514
furpa,0.3333333333333333,2,2,TGACGCACTTGGTGCACGTT,0,1294203
furpa,0.3333333333333333,2,2,TGACGACTACATAGAAGTCC,0,1281739
furpa,0.3333333333333333,2,2,TGACGAAAAAGCCCACAGAC,0,1341478
furpa,0.3333333333333333,2,2,TGACCCTTAAGAGATACGCA,0,1278030
furpa,0.3333333333333333,2,2,TGACAGTGGGCAAGGAGAAT,0,1355285
furpa,0.3333333333333333,2,2,TGACACTAGACCGCAGAGGA,0,1324700
furpa,0.3333333333333333,2,2,TGACAAAAATCCGGCAGTCA,0,1339551
furpa,0.3333333333333333,2,2,TGAATTTGGGATGGTTAAAT,0,1310088
furpa,0.3333333333333333,2,2,TGAATTTACAATCTATATGT,0,1308283
furpa,0.3333333333333333,2,2,TGAATTCGTAATGTGCACTG,0,1335741
furpa,0.3333333333333333,2,2,TGAATCTTGTATTACCGCGA,0,1338980
furpa,0.3333333333333333,2,2,TGAATAGGATTATTAAGAGG,0,1279038
furpa,0.3333333333333333,2,2,TGAATACTGAACTGCTAACG,0,1312749
furpa,0.3333333333333333,2,2,TGAAGTATCTCGGAGGTATT,0,1330225
furpa,0.3333333333333333,2,2,TGAAGGAAGTGCTTGCTTCT,0,1332394
furpa,0.3333333333333333,2,2,TGAAGAGAATCGGCGTACAC,0,1277658
furpa,0.3333333333333333,2,2,TGAACGTAAATCCTGCCGCC,0,1282775
furpa,0.3333333333333333,2,2,TGAACGGGATATATCCTGCT,0,1281271
furpa,0.3333333333333333,2,2,TGAACAGGTTCGTGAGAGTT,0,1355703
furpa,0.3333333333333333,2,2,TGAAATTAAGAGACACACAC,0,1287273
furpa,0.3333333333333333,2,2,TGAAATCACATCCGGGCGAC,0,1315721
furpa,0.3333333333333333,2,2,TCTTTTTCCCGGAGTTCCAA,0,1275330
furpa,0.3333333333333333,2,2,TCTTTTCCCTTTAGGGTTCA,0,1336563
furpa,0.3333333333333333,2,2,TCTTTTACCGGGCATACTCT,0,1280006
furpa,0.3333333333333333,2,2,TCTTGGGCCACTGACCCACA,0,1288769
furpa,0.3333333333333333,2,2,TCTTGCTCGAGCTGTTTCAG,0,1339758
furpa,0.3333333333333333,2,2,TCTTGCAATGCTAGTTTGGC,0,1293643
furpa,0.3333333333333333,2,2,TCTTGATGTTATTCCCGTTA,0,1316191
furpa,0.3333333333333333,2,2,TCTTGAGCTCTGACTGCGGG,0,1349591
furpa,0.3333333333333333,2,2,TCTTCGTATACCGCGACAAC,0,1288267
furpa,0.3333333333333333,2,2,TCTTCGAGATACGACACCAG,0,1313596
furpa,0.3333333333333333,2,2,TCTTCCCGGTATATGGGGTT,0,1284380
furpa,0.3333333333333333,2,2,TCTTCCAGTTTCAGCAAAGG,0,1340220
furpa,0.3333333333333333,2,2,TCTTCATTGGAGGGGCCGTT,0,1347475
furpa,0.3333333333333333,2,2,TCTTATGAGGTAATACCGAA,0,1311651
furpa,0.3333333333333333,2,2,TCTTAAGTTATTCTTCATGG,0,1303862
furpa,0.3333333333333333,2,2,TCTTAAGGGGTTCTGTTTAC,0,1326722
furpa,0.3333333333333333,2,2,TCTTAAGAAGCACTTCCAAG,0,1321763
furpa,0.3333333333333333,2,2,TCTGTTTTTATGGACATGCA,0,1310244
furpa,0.3333333333333333,2,2,TCTGTTGATTATTTCCACGT,0,1279297
furpa,0.3333333333333333,2,2,TCTGTTCAAGCATTGATATG,0,1355307
furpa,0.3333333333333333,2,2,TCTGTTACGACCACACCTGG,0,1282813
furpa,0.3333333333333333,2,2,TCTGTGAACCGTCCGAGCAT,0,1316474
furpa,0.3333333333333333,2,2,TCTGTAGTTCGAGTCTTCTA,0,1273461
furpa,0.3333333333333333,2,2,TCTGTAAGGCATTTGTCCCC,0,1288641
furpa,0.3333333333333333,2,2,TCTGGTACCCTTGCCCGGGG,0,1349136
furpa,0.3333333333333333,2,2,TCTGGGCGTTAGCAGCGGCT,0,1315507
furpa,0.3333333333333333,2,2,TCTGGCAGTTTCACTGAGCT,0,1280218
furpa,0.3333333333333333,2,2,TCTGGCACACGGTGTCTGGC,0,1298928
furpa,0.3333333333333333,2,2,TCTGGATTAGCCAAAAGGTA,0,1351216
furpa,0.3333333333333333,2,2,TCTGGAGGAAGTGGAACGCT,0,1342107
furpa,0.3333333333333333,2,2,TCTGGACGACGCTGACAGAT,0,1338058
furpa,0.3333333333333333,2,2,TCTGGACAGACGATCGCCAC,0,1295574
furpa,0.3333333333333333,2,2,TCTGCGGAGTCCATCGGATG,0,1322569
furpa,0.3333333333333333,2,2,TCTGCCTTCCCTATGGTCAA,0,1319019
furpa,0.3333333333333333,2,2,TCTGCCTAGGAGTTTCGTTA,0,1297772
furpa,0.3333333333333333,2,2,TCTGCCCGACAAAATCCAGA,0,1280377
furpa,0.3333333333333333,2,2,TCTGATTGGATACTGGGGCA,0,1340500
furpa,0.3333333333333333,2,2,TCTGACGACTTGGCCTTTAG,0,1301837
furpa,0.3333333333333333,2,2,TCTGACCATACCTGCCCATT,0,1354671
furpa,0.3333333333333333,2,2,TCTGAAGGATAAATACGCTC,0,1343558
furpa,0.3333333333333333,2,2,TCTGAAGCTCGATTACAGGC,0,1282761
furpa,0.3333333333333333,2,2,TCTGAAGACAGTTCCTCATG,0,1344020
furpa,0.3333333333333333,2,2,TCTCTAGGGGGGAAGACACC,0,1298988
furpa,0.3333333333333333,2,2,TCTCGTGTCACAAATACACT,0,1353992
furpa,0.3333333333333333,2,2,TCTCGGGCTGTTTGGCCGAG,0,1305049
furpa,0.3333333333333333,2,2,TCTCGCAGCTTCCTTCTTCC,0,1289509
furpa,0.3333333333333333,2,2,TCTCCTCTCAAAAGCAATTC,0,1305374
furpa,0.3333333333333333,2,2,TCTCCGAGCGCGGATTCCTC,0,1299430
furpa,0.3333333333333333,2,2,TCTCATCGAGCCTAGAGGTC,0,1349908
furpa,0.3333333333333333,2,2,TCTCACGTGGATCAGTACCA,0,1329231
furpa,0.3333333333333333,2,2,TCTCACCCGACAAAGCCCGC,0,1343919
furpa,0.3333333333333333,2,2,TCTATTCTTTGGTCTAAAAA,0,1274963
furpa,0.3333333333333333,2,2,TCTATTCGACGGTCCTACTA,0,1331974
furpa,0.3333333333333333,2,2,TCTATACGTAGGAATTCGTG,0,1275251
furpa,0.3333333333333333,2,2,TCTAGTTACGTTATAGGGAC,0,1294396
furpa,0.3333333333333333,2,2,TCTAGGACCGCAGAAGGACT,0,1317139
furpa,0.3333333333333333,2,2,TCTAGCCGCTAGTAGGTAAT,0,1296000
furpa,0.3333333333333333,2,2,TCTACTTGACGACGCCATTT,0,1353868
furpa,0.3333333333333333,2,2,TCTACTGTTGTGAGAGCCCG,0,1292980
furpa,0.3333333333333333,2,2,TCTACGCTTATCTCTAGATT,0,1293327
furpa,0.3333333333333333,2,2,TCTACATAAGCTACTGCACC,0,1298831
furpa,0.3333333333333333,2,2,TCTAAGGGTTTATCCCGCGA,0,1287881
furpa,0.3333333333333333,2,2,TCTAAACGTGGGCAATAAAG,0,1305511
furpa,0.3333333333333333,2,2,TCGTTTGATCGCCTACACCA,0,1306753
furpa,0.3333333333333333,2,2,TCGTTGTAACAGTTTATTCA,0,1344521
furpa,0.3333333333333333,2,2,TCGTTGCTTTTGCTGGACGT,0,1336435
furpa,0.3333333333333333,2,2,TCGTGTTTCAATTCCGTGCT,0,1286188
furpa,0.3333333333333333,2,2,TCGTGTCATTATGGGTAATT,0,1318406
furpa,0.3333333333333333,2,2,TCGTGTCACTCCTTCTACCT,0,1297783
furpa,0.3333333333333333,2,2,TCGTGGGCGCTACACATTCC,0,1330131
furpa,0.3333333333333333,2,2,TCGTCCAGGTGCTAAATAAC,0,1348267
furpa,0.3333333333333333,2,2,TCGTCCACACCACACTACAC,0,1290694
furpa,0.3333333333333333,2,2,TCGTATACCTTGGGAAGGCC,0,1352799
furpa,0.3333333333333333,2,2,TCGTAGGGACCCTCGTCCCT,0,1321267
furpa,0.3333333333333333,2,2,TCGTAAATCAGGTGCCCATT,0,1324706
furpa,0.3333333333333333,2,2,TCGGTTGGGTGGGCTTGAGT,0,1327402
furpa,0.3333333333333333,2,2,TCGGTTGCCCAGGATGTTAG,0,1329609
furpa,0.3333333333333333,2,2,TCGGTTCGACCGTCGGGATA,0,1305162
furpa,0.3333333333333333,2,2,TCGGTCTCGGGTCTTCTGCA,0,1346694
furpa,0.3333333333333333,2,2,TCGGTCTAAGAATGTCCCCA,0,1347102
furpa,0.3333333333333333,2,2,TCGGGTGCGTGGGCTGTAAA,0,1280344
furpa,0.3333333333333333,2,2,TCGGGGACGAGCTCGCGCAG,0,1320269
furpa,0.3333333333333333,2,2,TCGGGACACGTAGCGGATAG,0,1340718
furpa,0.3333333333333333,2,2,TCGGGAATGATGTACGGTGA,0,1276183
furpa,0.3333333333333333,2,2,TCGGCCATTACTCTGGGCTT,0,1320676
furpa,0.3333333333333333,2,2,TCGGCCAGGTTCCGGAGGGC,0,1284813
furpa,0.3333333333333333,2,2,TCGGCAGAAGACTGAAAGAA,0,1310238
furpa,0.3333333333333333,2,2,TCGGAGTTCGTGGGTTATAC,0,1329952
furpa,0.3333333333333333,2,2,TCGGAGGCGCGGCCGATAGC,0,1355551
furpa,0.3333333333333333,2,2,TCGCTTTCCCCGGGGGTGAA,0,1338664
furpa,0.3333333333333333,2,2,TCGCTCTAAAAAATGCGAGT,0,1304997
furpa,0.3333333333333333,2,2,TCGCTAACCCAACTTCCTTA,0,1347607
furpa,0.3333333333333333,2,2,TCGCGGAATGTGGGAAGTTC,0,1340597
furpa,0.3333333333333333,2,2,TCGCGCTATGACCTCAGTCT,0,1343904
furpa,0.3333333333333333,2,2,TCGCGCGCGCTCCTGGCTCT,0,1273995
furpa,0.3333333333333333,2,2,TCGCGACGCTTTCGGCTGCC,0,1279585
furpa,0.3333333333333333,2,2,TCGCCCCAAGGTCGTGGGGA,0,1283560
furpa,0.3333333333333333,2,2,TCGCCAAGCTCTACGAATCA,0,1298690
furpa,0.3333333333333333,2,2,TCGCATACCTTATTCTTCAT,0,1277346
furpa,0.3333333333333333,2,2,TCGCAGTCGCTATACATGAC,0,1283507
furpa,0.3333333333333333,2,2,TCGCAGAAAGGCAGCAATGC,0,1317785
furpa,0.3333333333333333,2,2,TCGCACAGTACCTCATCGTA,0,1354486
furpa,0.3333333333333333,2,2,TCGCAAGGTTCCATGCGGAC,0,1276883
furpa,0.3333333333333333,2,2,TCGCAAGGCGCAGGAGTACG,0,1318831
furpa,0.3333333333333333,2,2,TCGCAAGAGTCAAAGACACT,0,1290966
furpa,0.3333333333333333,2,2,TCGATCGTAATGCTCATATA,0,1316098
furpa,0.3333333333333333,2,2,TCGATCAGCGGCCAGACGAG,0,1306920
furpa,0.3333333333333333,2,2,TCGATATTCATAAAGAAGCT,0,1346784
furpa,0.3333333333333333,2,2,TCGATACTTCCAAATGACGG,0,1325379
furpa,0.3333333333333333,2,2,TCGATACATCAGATGGCCGT,0,1338568
furpa,0.3333333333333333,2,2,TCGAGTCCCACGTGTGACTG,0,1353855
furpa,0.3333333333333333,2,2,TCGAGGTTGGTGATACGCTA,0,1283248
furpa,0.3333333333333333,2,2,TCGAGGTCCGGCTAATTTGT,0,1309633
furpa,0.3333333333333333,2,2,TCGAGGGAGGGATGTAGGTA,0,1301437
furpa,0.3333333333333333,2,2,TCGAGGACCGGACTGCGGTT,0,1344868
furpa,0.3333333333333333,2,2,TCGAGCTGTCTATAACATGG,0,1308135
furpa,0.3333333333333333,2,2,TCGACCTCGATTTTAAGTAC,0,1326915
furpa,0.3333333333333333,2,2,TCGACCCCGCCGGATTCGTA,0,1311699
furpa,0.3333333333333333,2,2,TCGACCCCCGAAGCCTCAGA,0,1336780
furpa,0.3333333333333333,2,2,TCGACAGTTCCCCCGACAGA,0,1281362
furpa,0.3333333333333333,2,2,TCGAATGTCTGAAGCTTCAT,0,1346705
furpa,0.3333333333333333,2,2,TCGAATATACCGCACACGTC,0,1277403
furpa,0.3333333333333333,2,2,TCCTTTGTGAGTGTTTCAAT,0,1316518
furpa,0.3333333333333333,2,2,TCCTTGTCCACGCCACGTGA,0,1307343
furpa,0.3333333333333333,2,2,TCCTTCTTAATGCGTCGATC,0,1346105
furpa,0.3333333333333333,2,2,TCCTTCAACAGATTGTCATT,0,1349518
furpa,0.3333333333333333,2,2,TCCTTACTTTACGCGTACTG,0,1291747
furpa,0.3333333333333333,2,2,TCCTGTCTTGTCGTTAGGCA,0,1276068
furpa,0.3333333333333333,2,2,TCCTGAGCCGTCCCCAGAAC,0,1330785
furpa,0.3333333333333333,2,2,TCCTCCTGATGGGCACTGGG,0,1275076
furpa,0.3333333333333333,2,2,TCCTCCTATCATGTTCGGGT,0,1273514
furpa,0.3333333333333333,2,2,TCCTATCCACCGCATGCCGT,0,1342572
furpa,0.3333333333333333,2,2,TCCTATAACCCGCAGCCAGT,0,1272188
furpa,0.3333333333333333,2,2,TCCTACGTATTACTAGATTA,0,1345623
furpa,0.3333333333333333,2,2,TCCTACCGAGGCCGCTCGCA,0,1344188
furpa,0.3333333333333333,2,2,TCCTAATGGAAAAGTCAGGA,0,1273640
furpa,0.3333333333333333,2,2,TCCTAACGCCGTAATTTGAC,0,1347208
furpa,0.3333333333333333,2,2,TCCTAAAGGTTAGCAGAGGC,0,1349983
furpa,0.3333333333333333,2,2,TCCGTTTCTTATCTCCATAC,0,1303048
furpa,0.3333333333333333,2,2,TCCGTTCCCCCCTAATTTGA,0,1272822
furpa,0.3333333333333333,2,2,TCCGTCTTCAGCTTGTCCAC,0,1299713
furpa,0.3333333333333333,2,2,TCCGTCGGACACAGCTGATT,0,1351204
furpa,0.3333333333333333,2,2,TCCGTCCTACGTGGACCCGT,0,1328083
furpa,0.3333333333333333,2,2,TCCGTATTTGCGCTGAGTTA,0,1291137
furpa,0.3333333333333333,2,2,TCCGTACCGGCAATTGGTTG,0,1337931
furpa,0.3333333333333333,2,2,TCCGGGACCTAAGGATTGCT,0,1288268
furpa,0.3333333333333333,2,2,TCCGGCTTCGTATAGGCGTA,0,1291142
furpa,0.3333333333333333,2,2,TCCGGAGGATTACGTGGCAA,0,1341753
furpa,0.3333333333333333,2,2,TCCGCTTAGATGAACGACAT,0,1315900
furpa,0.3333333333333333,2,2,TCCGCGACCGTAGCCATGTT,0,1296840
furpa,0.3333333333333333,2,2,TCCGCCTTGGATCCTCGGGG,0,1296361
furpa,0.3333333333333333,2,2,TCCGATGCCAGAAATAATGT,0,1303179
furpa,0.3333333333333333,2,2,TCCGAAGAGTGTCTTTAGCC,0,1319582
furpa,0.3333333333333333,2,2,TCCCTGCCAGTCTGAATGGT,0,1340913
furpa,0.3333333333333333,2,2,TCCCTCGGTACCTATGACAA,0,1319875
furpa,0.3333333333333333,2,2,TCCCGTACTCTAAGATCATG,0,1301260
furpa,0.3333333333333333,2,2,TCCCGGCCTTAGAGTTCTCC,0,1310272
furpa,0.3333333333333333,2,2,TCCCGGATCGGAGGGGTATA,0,1307113
furpa,0.3333333333333333,2,2,TCCCGCCTGCCTAAAAGGCC,0,1343680
furpa,0.3333333333333333,2,2,TCCCGAGTATTCCAACATTA,0,1289542
furpa,0.3333333333333333,2,2,TCCCGACATCGGGGTCACTT,0,1284314
furpa,0.3333333333333333,2,2,TCCCGAACAAAATTCAACCA,0,1287525
furpa,0.3333333333333333,2,2,TCCCAGCGGTGCGTGAAGGA,0,1289641
furpa,0.3333333333333333,2,2,TCCATTCCTGGACCTTCGTA,0,1292373
furpa,0.3333333333333333,2,2,TCCATGGGATTATTCGTTAA,0,1299528
furpa,0.3333333333333333,2,2,TCCATCGTCTGACATCGCGA,0,1353263
furpa,0.3333333333333333,2,2,TCCATAGGTGGACGAATACC,0,1349388
furpa,0.3333333333333333,2,2,TCCAGGTAGTTACGCCGTGT,0,1346096
furpa,0.3333333333333333,2,2,TCCAGGCCGAGGCTAGATCT,0,1333098
furpa,0.3333333333333333,2,2,TCCACATTTGGGTTCAAGAT,0,1337297
furpa,0.3333333333333333,2,2,TCCAAGGCATTCATAGATCA,0,1305233
furpa,0.3333333333333333,2,2,TCCAACGGTACGAGTTTAAG,0,1302281
furpa,0.3333333333333333,2,2,TCCAAACCGTTTCACCACCG,0,1348109
furpa,0.3333333333333333,2,2,TCATTTCTGAGCTGCTTCTG,0,1319142
furpa,0.3333333333333333,2,2,TCATTACCGGAACTTAGTTA,0,1284188
furpa,0.3333333333333333,2,2,TCATTAAACAAGATGTTGTA,0,1325817
furpa,0.3333333333333333,2,2,TCATGGGTACGGTCAAGGCT,0,1289495
furpa,0.3333333333333333,2,2,TCATCGCAAATCGTTTTGGT,0,1310497
furpa,0.3333333333333333,2,2,TCATCCTGACTTTGGATGCA,0,1355029
furpa,0.3333333333333333,2,2,TCATCATGTACTGGTCAGCA,0,1332987
furpa,0.3333333333333333,2,2,TCATATCAGCTCGTCACGGT,0,1357487
furpa,0.3333333333333333,2,2,TCATATCAAGGGTGTAAGGC,0,1308602
furpa,0.3333333333333333,2,2,TCATACACCCAATAATACAT,0,1304867
furpa,0.3333333333333333,2,2,TCATAACGCTCTTCGTAGGA,0,1274253
furpa,0.3333333333333333,2,2,TCAGTTGCGCCTAACGGCCA,0,1327465
furpa,0.3333333333333333,2,2,TCAGTGCTCCGGGCAGGTTG,0,1340234
furpa,0.3333333333333333,2,2,TCAGTCGCCATTGCAGGCTT,0,1356127
furpa,0.3333333333333333,2,2,TCAGTCGAGAAATTGCTCGC,0,1313247
furpa,0.3333333333333333,2,2,TCAGTCAGAGTGGAATGAGC,0,1273449
furpa,0.3333333333333333,2,2,TCAGTAGTGGATAGGATCGA,0,1291993
furpa,0.3333333333333333,2,2,TCAGTACTGGACACTCCAGT,0,1299524
furpa,0.3333333333333333,2,2,TCAGGGGCAAGTGACCGTGA,0,1345018
furpa,0.3333333333333333,2,2,TCAGGGCGCAAAAGCCTGGA,0,1329421
furpa,0.3333333333333333,2,2,TCAGGCAGGATCGAGCATCT,0,1327894
furpa,0.3333333333333333,2,2,TCAGCTCTAGTTTCCTAGAC,0,1345917
furpa,0.3333333333333333,2,2,TCAGCCTTGGCTAACTTATG,0,1325298
furpa,0.3333333333333333,2,2,TCAGCCTGACCAGCAGATGA,0,1291410
furpa,0.3333333333333333,2,2,TCAGCAACGAATGAAAACTC,0,1299257
furpa,0.3333333333333333,2,2,TCAGAGGCTACAATGATCCT,0,1343173
furpa,0.3333333333333333,2,2,TCAGAGGAGCATACCGTTCC,0,1299951
furpa,0.3333333333333333,2,2,TCAGAGAAGAATCATGAATT,0,1274729
furpa,0.3333333333333333,2,2,TCACTGTGCACATCACGTAT,0,1322820
furpa,0.3333333333333333,2,2,TCACTCCAGCAAAGCAGCCC,0,1306068
furpa,0.3333333333333333,2,2,TCACGTTGGGCTCCTATTTT,0,1281415
furpa,0.3333333333333333,2,2,TCACGTGTGGAGACGGGGTA,0,1354197
furpa,0.3333333333333333,2,2,TCACGGTCTACGAAAAAAGA,0,1352722
furpa,0.3333333333333333,2,2,TCACGGTCGTTATCCACGAT,0,1316596
furpa,0.3333333333333333,2,2,TCACGCAAGGTTACAGCGGG,0,1302244
furpa,0.3333333333333333,2,2,TCACCTTTTTACATGTACAT,0,1293121
furpa,0.3333333333333333,2,2,TCACCTTTCCAGATATCGCA,0,1334804
furpa,0.3333333333333333,2,2,TCACCTTTAAGTTACGCGTG,0,1305358
furpa,0.3333333333333333,2,2,TCACCGCGGTGAGATGAAAA,0,1324070
furpa,0.3333333333333333,2,2,TCACACTCGTCTAGTAGAGT,0,1272503
furpa,0.3333333333333333,2,2,TCACAAGGGAGTGTTGGGGA,0,1303668
furpa,0.3333333333333333,2,2,TCACAAATAGCACCTTTGCC,0,1344167
furpa,0.3333333333333333,2,2,TCAATTTAAGAGGTATAAAC,0,1308854
furpa,0.3333333333333333,2,2,TCAATATGGCCCATCGTGCT,0,1331007
furpa,0.3333333333333333,2,2,TCAAGTGGGGCACAAGTACT,0,1352322
furpa,0.3333333333333333,2,2,TCAAGTCCGGTTTCGAGTAT,0,1323675
furpa,0.3333333333333333,2,2,TCAAGGTGAACGGAGCACTA,0,1291098
furpa,0.3333333333333333,2,2,TCAAGGGATTGTACAATAGT,0,1290809
furpa,0.3333333333333333,2,2,TCAAGGCCTTTCCGTGGTGG,0,1272876
furpa,0.3333333333333333,2,2,TCAAGCTTCGTGCGCTCCTA,0,1301508
furpa,0.3333333333333333,2,2,TCAACTTGGCCGATTCCCTG,0,1292624
furpa,0.3333333333333333,2,2,TCAACTCCTCGGCCTGAGAA,0,1347181
furpa,0.3333333333333333,2,2,TCAACAGTTGTGTTCGTCGT,0,1290680
furpa,0.3333333333333333,2,2,TCAAAGGGTACTCCGAAACC,0,1296643
furpa,0.3333333333333333,2,2,TCAAAGGAGGTTCAACATGC,0,1324888
furpa,0.3333333333333333,2,2,TCAAAGAAGCGTGTAGTCAA,0,1319687
furpa,0.3333333333333333,2,2,TATTTTTTCGAAGTCTCATA,0,1331632
furpa,0.3333333333333333,2,2,TATTTTGTATAGAGTCGGTA,0,1327331
furpa,0.3333333333333333,2,2,TATTTGACTCATCGCAAACC,0,1354780
furpa,0.3333333333333333,2,2,TATTTGAATAGGAGCCGGCG,0,1353480
furpa,0.3333333333333333,2,2,TATTGGGAGAAGAGAGGATA,0,1325641
furpa,0.3333333333333333,2,2,TATTGCCTATAGTGAGCTGG,0,1273599
furpa,0.3333333333333333,2,2,TATTGAGGTTCTGGAATGGA,0,1309670
furpa,0.3333333333333333,2,2,TATTGAGCAGATCACGTCTC,0,1345820
furpa,0.3333333333333333,2,2,TATTCCAGTTACGAGATAAA,0,1271299
furpa,0.3333333333333333,2,2,TATTCATTATGTAAATTTTT,0,1322034
furpa,0.3333333333333333,2,2,TATTACCGCAAAAAGCCCCT,0,1292722
furpa,0.3333333333333333,2,2,TATTAAGTGGCTAGAGAGAT,0,1340071
furpa,0.3333333333333333,2,2,TATTAACAATTGTCGGCCGT,0,1291492
furpa,0.3333333333333333,2,2,TATTAAAACACCAGGTTTTG,0,1283807
furpa,0.3333333333333333,2,2,TATGTTGCTCTCGGGTTGAT,0,1312784
furpa,0.3333333333333333,2,2,TATGTTAGTTCCATTCGGTC,0,1302470
furpa,0.3333333333333333,2,2,TATGTGGAGCGAGGTCATGG,0,1337607
furpa,0.3333333333333333,2,2,TATGGTTTTTAGTGTTTACC,0,1282715
furpa,0.3333333333333333,2,2,TATGGTCGGTGGAGTTTCAG,0,1345548
furpa,0.3333333333333333,2,2,TATGGAGTGTTACTAGGGGA,0,1271176
furpa,0.3333333333333333,2,2,TATGCGCCTCAGCCGCAACT,0,1305327
furpa,0.3333333333333333,2,2,TATGCCGGAACGTGCTAGGA,0,1330035
furpa,0.3333333333333333,2,2,TATGCCAGCGATTCCTAACT,0,1304970
furpa,0.3333333333333333,2,2,TATGACCCACTGCGGACCTC,0,1310135
furpa,0.3333333333333333,2,2,TATGAAGGAGCTGCCCCTCC,0,1279197
furpa,0.3333333333333333,2,2,TATCTGGGGACCCGCACGCG,0,1285972
furpa,0.3333333333333333,2,2,TATCTCGATATCGTATATGT,0,1325394
furpa,0.3333333333333333,2,2,TATCCTGTGCGAAAATATAT,0,1293547
furpa,0.3333333333333333,2,2,TATCCTCTAGGGTAGGAGCC,0,1334772
furpa,0.3333333333333333,2,2,TATCCGTTCGGGACACCGAA,0,1319200
furpa,0.3333333333333333,2,2,TATCATGTTCGCGCCTGTAC,0,1344454
furpa,0.3333333333333333,2,2,TATCAGTACAAAAAGGCCGG,0,1305261
furpa,0.3333333333333333,2,2,TATCAGCATGCTGGCCTAAA,0,1305332
furpa,0.3333333333333333,2,2,TATCACCCACAGAAAAACCT,0,1285640
furpa,0.3333333333333333,2,2,TATATTGGGAGTCTTACTTG,0,1308033
furpa,0.3333333333333333,2,2,TATATCGGGGGGGGTTCTCT,0,1329288
furpa,0.3333333333333333,2,2,TATATAAAATCAAGAGTGAA,0,1281516
furpa,0.3333333333333333,2,2,TATATAAAAGTGGGAGACGG,0,1293097
furpa,0.3333333333333333,2,2,TATAGTTAGACGTCGAACCA,0,1328322
furpa,0.3333333333333333,2,2,TATAGTGGTTAGATCCAATC,0,1314717
furpa,0.3333333333333333,2,2,TATAGTACACCAACGCCAAC,0,1299102
furpa,0.3333333333333333,2,2,TATACTATTGTGGCTAATCA,0,1317618
furpa,0.3333333333333333,2,2,TATACGCAACGATTGACCAT,0,1300004
furpa,0.3333333333333333,2,2,TATACACTGCGCAATCGCAG,0,1277228
furpa,0.3333333333333333,2,2,TATAATTCTCCTGAATAGCA,0,1324573
furpa,0.3333333333333333,2,2,TATAAGGTTCGCGTAGTCAG,0,1338177
furpa,0.3333333333333333,2,2,TATAACGCTTACCCAGGGAG,0,1310140
furpa,0.3333333333333333,2,2,TAGTGCCGTATTATAGCATA,0,1323812
furpa,0.3333333333333333,2,2,TAGTCTGGTCCATACGTGCT,0,1334127
furpa,0.3333333333333333,2,2,TAGGTCCGGATGTAACAGTT,0,1273785
furpa,0.3333333333333333,2,2,TAGGTACAGTTTTTAAGCGT,0,1340230
furpa,0.3333333333333333,2,2,TAGGGTGATCCAGGACTAAC,0,1301151
furpa,0.3333333333333333,2,2,TAGGGTCTTATATGCATCAA,0,1274887
furpa,0.3333333333333333,2,2,TAGGGTCTGCCAAGTCGGTG,0,1342167
furpa,0.3333333333333333,2,2,TAGGGGAGTTTCCACAGCCG,0,1274504
furpa,0.3333333333333333,2,2,TAGGGCTGAGATTCTTTTGA,0,1309834
furpa,0.3333333333333333,2,2,TAGGGACACGACAAGTTCCT,0,1356153
furpa,0.3333333333333333,2,2,TAGGCGATGTATGGGCATCA,0,1342103
furpa,0.3333333333333333,2,2,TAGGCGAGCATCCGTGTAAC,0,1289732
furpa,0.3333333333333333,2,2,TAGGCCTTAAGGTGGATGGG,0,1272908
furpa,0.3333333333333333,2,2,TAGGATAGCTCGCGGACGAA,0,1331003
furpa,0.3333333333333333,2,2,TAGGAACGATCTCACAGCAT,0,1281555
furpa,0.3333333333333333,2,2,TAGCTGGAGCGTCTATCACC,0,1337906
furpa,0.3333333333333333,2,2,TAGCTACGGTCGTCGGTGGT,0,1317522
furpa,0.3333333333333333,2,2,TAGCGGACTCAAGTTGATCT,0,1342168
furpa,0.3333333333333333,2,2,TAGCCGTGCCAAGTGGCGTC,0,1351267
furpa,0.3333333333333333,2,2,TAGCCAGATAAGAACATACT,0,1273558
furpa,0.3333333333333333,2,2,TAGCATGGGATAGGTCACAC,0,1299850
furpa,0.3333333333333333,2,2,TAGCAGCACCCAAGAACGTC,0,1296006
furpa,0.3333333333333333,2,2,TAGCAAGTGGTGCTCAGAGA,0,1343929
furpa,0.3333333333333333,2,2,TAGATTGGGCGGAATCGCAT,0,1353640
furpa,0.3333333333333333,2,2,TAGATGATACATGAATCGTC,0,1342193
furpa,0.3333333333333333,2,2,TAGAGTTTCAGGAATCCCCT,0,1293137
furpa,0.3333333333333333,2,2,TAGAGCAGCAATTGGACCCG,0,1320641
furpa,0.3333333333333333,2,2,TAGACTCGTCCGGTCGCCAT,0,1323594
furpa,0.3333333333333333,2,2,TAGACGGCAGCGTTCTCACC,0,1317540
furpa,0.3333333333333333,2,2,TAGACGAATCTACGGTAAAG,0,1325860
furpa,0.3333333333333333,2,2,TAGACATTTGCCTACACCAT,0,1345748
furpa,0.3333333333333333,2,2,TAGACACTTTAGGATTGATG,0,1356742
furpa,0.3333333333333333,2,2,TAGAAGATGCTGGGGAAGTT,0,1352724
furpa,0.3333333333333333,2,2,TAGAACTACAGTCCTTGGTC,0,1274438
furpa,0.3333333333333333,2,2,TACTTGAGATCTCGTGAAGG,0,1308481
furpa,0.3333333333333333,2,2,TACTTGACGATTTCCGCCTT,0,1279697
furpa,0.3333333333333333,2,2,TACTTCTCATTATAAGCAAG,0,1326113
furpa,0.3333333333333333,2,2,TACTTAGCTGCCGGGGGATA,0,1278860
furpa,0.3333333333333333,2,2,TACTTACGCTGGTCAAGTCA,0,1324840
furpa,0.3333333333333333,2,2,TACTGTTGCCCAAACGGGCG,0,1288266
furpa,0.3333333333333333,2,2,TACTGTTGCAGGTTTTACAT,0,1279578
furpa,0.3333333333333333,2,2,TACTGTATAGGCAGTTTGGA,0,1332258
furpa,0.3333333333333333,2,2,TACTGATATGCCATGATCTC,0,1330686
furpa,0.3333333333333333,2,2,TACTGACGGCGACTGTGGCA,0,1334661
furpa,0.3333333333333333,2,2,TACTCTTTTGCTTTTACAAT,0,1293282
furpa,0.3333333333333333,2,2,TACTCATCAAACACGAGCGG,0,1300109
furpa,0.3333333333333333,2,2,TACTACACAATACCTAGAAG,0,1345093
furpa,0.3333333333333333,2,2,TACGGAAATTTAAAGTGCTG,0,1295289
furpa,0.3333333333333333,2,2,TACGCTCACCGGCCAAAAAT,0,1292771
furpa,0.3333333333333333,2,2,TACGCGCGACTGCATCATAA,0,1288533
furpa,0.3333333333333333,2,2,TACGCGCAAGGGTCTGCGGT,0,1272193
furpa,0.3333333333333333,2,2,TACGCGAGCATGACCAACAA,0,1353064
furpa,0.3333333333333333,2,2,TACGCCGCAACTGGTCCTCA,0,1283122
furpa,0.3333333333333333,2,2,TACGAAGAGTCTCTAACGTT,0,1334381
furpa,0.3333333333333333,2,2,TACCTCCATGGACACATGCG,0,1339907
furpa,0.3333333333333333,2,2,TACCGTATAACCCGCCTTTT,0,1314602
furpa,0.3333333333333333,2,2,TACCGGCCTGTAGAATCTCG,0,1271214
furpa,0.3333333333333333,2,2,TACCGATAAAAGGGCTCGGG,0,1274041
furpa,0.3333333333333333,2,2,TACCCTGCGCGCGCGATCAG,0,1319127
furpa,0.3333333333333333,2,2,TACCCGTACTATTTTGGCCG,0,1294967
furpa,0.3333333333333333,2,2,TACCATCGAGTTTCACCATA,0,1315586
furpa,0.3333333333333333,2,2,TACCACCTCTTACGTCCGTT,0,1280378
furpa,0.3333333333333333,2,2,TACATTCCGTAGGAGCCCTG,0,1333679
furpa,0.3333333333333333,2,2,TACATCGTAGGCTTGCCTAT,0,1287445
furpa,0.3333333333333333,2,2,TACAGTTGGGTTATCTTCGG,0,1282117
furpa,0.3333333333333333,2,2,TACAGTTCGGTACCGATCGC,0,1292259
furpa,0.3333333333333333,2,2,TACAGCGGTTTAGGCTCTTG,0,1338273
furpa,0.3333333333333333,2,2,TACAGCACAAGGGGGCAATA,0,1292611
furpa,0.3333333333333333,2,2,TACACGTTGTGAGACTCTTG,0,1316192
furpa,0.3333333333333333,2,2,TACACGCTTCATTGCGATAT,0,1278758
furpa,0.3333333333333333,2,2,TACACATAGGGACGTTGTAG,0,1277103
furpa,0.3333333333333333,2,2,TACAATCGCGTGAAAACGAT,0,1334826
furpa,0.3333333333333333,2,2,TAATTGATTTAAGAGGAGCT,0,1308441
furpa,0.3333333333333333,2,2,TAATTCATTATAAGTCCTAG,0,1282750
furpa,0.3333333333333333,2,2,TAATTATTACCGCGATACTG,0,1307016
furpa,0.3333333333333333,2,2,TAATGTTCTTGTAAAAATGC,0,1275032
furpa,0.3333333333333333,2,2,TAATGTGAGTTGGTGCCCTT,0,1349342
furpa,0.3333333333333333,2,2,TAATGGTGGGAGAAGGGTTT,0,1279367
furpa,0.3333333333333333,2,2,TAATGCAGGTAGTCCTCGAG,0,1335344
furpa,0.3333333333333333,2,2,TAATGAAGAATCGAACCCGT,0,1307639
furpa,0.3333333333333333,2,2,TAATCTCTTTCTTTACCGGA,0,1343001
furpa,0.3333333333333333,2,2,TAATCTAAAGTTAAGTAGGG,0,1293300
furpa,0.3333333333333333,2,2,TAATCGTACGCGCACATTTA,0,1273513
furpa,0.3333333333333333,2,2,TAATCGACAGTCACATCAGA,0,1338168
furpa,0.3333333333333333,2,2,TAAGTCAACAGGCTGGAGCG,0,1339321
furpa,0.3333333333333333,2,2,TAAGTAGCGTGGCCTAAGAA,0,1335905
furpa,0.3333333333333333,2,2,TAAGGTCAGGGGAGGCACGA,0,1321276
furpa,0.3333333333333333,2,2,TAAGGAACTCTCTTTTTGAA,0,1328996
furpa,0.3333333333333333,2,2,TAAGCTGGTTAAGCGGGGAG,0,1284540
furpa,0.3333333333333333,2,2,TAAGCGCGTAGGACCACACC,0,1322570
furpa,0.3333333333333333,2,2,TAAGCCCTTAGTATTACATT,0,1288893
furpa,0.3333333333333333,2,2,TAAGCACCGGTAACCCATTA,0,1275376
furpa,0.3333333333333333,2,2,TAAGACGTGAGGCGTATTCA,0,1272497
furpa,0.3333333333333333,2,2,TAAGAATTTAATCGCCGACT,0,1336433
furpa,0.3333333333333333,2,2,TAAGAATATGGTGAACCCCT,0,1308607
furpa,0.3333333333333333,2,2,TAAGAAGTCTAGTGGAGGAC,0,1302919
furpa,0.3333333333333333,2,2,TAAGAAAATACGTTTCTATA,0,1338091
furpa,0.3333333333333333,2,2,TAACTTACGCAGCATAGTGT,0,1294019
furpa,0.3333333333333333,2,2,TAACTCATCTTCCCGTATCT,0,1297107
furpa,0.3333333333333333,2,2,TAACGTTATCGGATACGGAT,0,1277990
furpa,0.3333333333333333,2,2,TAACGTGTTCTGTATTCCTA,0,1292448
furpa,0.3333333333333333,2,2,TAACGTGCCGGATGGCAGGT,0,1329019
furpa,0.3333333333333333,2,2,TAACGAGGCGTCGCTCTCAT,0,1277340
furpa,0.3333333333333333,2,2,TAACGACGCTGGTAGTGGCT,0,1282628
furpa,0.3333333333333333,2,2,TAACCTGGGCTACGAGTCAT,0,1328760
furpa,0.3333333333333333,2,2,TAACATGGTGATGTAGGGAA,0,1280191
furpa,0.3333333333333333,2,2,TAACATCGAGTTCCCGCAGG,0,1355231
furpa,0.3333333333333333,2,2,TAACAGGAGCTATCTTAACC,0,1306879
furpa,0.3333333333333333,2,2,TAACAATATAGGACGCAGTA,0,1357321
furpa,0.3333333333333333,2,2,TAACAAGCCGTAACTCAAAA,0,1308730
furpa,0.3333333333333333,2,2,TAAAGCCTCAGGGGCATAGA,0,1330657
furpa,0.3333333333333333,2,2,TAAAGCCGAGACGTACTTAA,0,1293913
furpa,0.3333333333333333,2,2,TAAACTGTTGACGGTCGAAC,0,1291357
furpa,0.3333333333333333,2,2,TAAACGGAGAAGTATATACC,0,1311275
furpa,0.3333333333333333,2,2,TAAACAACCCGGCATCATCT,0,1346344
furpa,0.3333333333333333,2,2,TAAAATCTCGCTGCCGACTC,0,1315031
furpa,0.3333333333333333,2,2,GTTTTGCCTCTGAGCAAGGG,0,1355735
furpa,0.3333333333333333,2,2,GTTTTCGACCTCGCCTCTGA,0,1299631
furpa,0.3333333333333333,2,2,GTTTTACAACGAATAAGCGG,0,1299552
furpa,0.3333333333333333,2,2,GTTTTAAAATGCTGTTAAGG,0,1287744
furpa,0.3333333333333333,2,2,GTTTGTGAAACGTTCCCTCC,0,1328225
furpa,0.3333333333333333,2,2,GTTTGGAGGATCGCGTGATA,0,1291039
furpa,0.3333333333333333,2,2,GTTTATCTGCTTCACTTCTG,0,1326022
furpa,0.3333333333333333,2,2,GTTTAGCCAGATACTCGGAT,0,1347060
furpa,0.3333333333333333,2,2,GTTTACGGTGGCATACGTCA,0,1298158
furpa,0.3333333333333333,2,2,GTTTACCGATAGTTCGTGCG,0,1294005
furpa,0.3333333333333333,2,2,GTTTACCAGACTTCTTTATC,0,1310305
furpa,0.3333333333333333,2,2,GTTGTCCAACGATGTCTGTG,0,1301482
furpa,0.3333333333333333,2,2,GTTGGGGTGGCCCGTGCAGA,0,1339934
furpa,0.3333333333333333,2,2,GTTGGGGTCGAAGGGGCTAA,0,1328593
furpa,0.3333333333333333,2,2,GTTGGCCTCCATTCATCCAA,0,1311369
furpa,0.3333333333333333,2,2,GTTGCTTAAGTCCCGAACTC,0,1341775
furpa,0.3333333333333333,2,2,GTTGCTGTAAGGACTCGTCG,0,1321933
furpa,0.3333333333333333,2,2,GTTGCGGCTTACACATATTG,0,1340481
furpa,0.3333333333333333,2,2,GTTGCCACACCTACAGGCTT,0,1325846
furpa,0.3333333333333333,2,2,GTTGACGCTTTACGGTGGCT,0,1341931
furpa,0.3333333333333333,2,2,GTTGAATTTGAAAGGAGCTG,0,1348520
furpa,0.3333333333333333,2,2,GTTCTGAAAACTCTATTAAT,0,1329504
furpa,0.3333333333333333,2,2,GTTCTCTTCTCTTGCCAATG,0,1309073
furpa,0.3333333333333333,2,2,GTTCTCTATCTGGTACTTTC,0,1347717
furpa,0.3333333333333333,2,2,GTTCTCCTCGGGGCGGCTAA,0,1281220
furpa,0.3333333333333333,2,2,GTTCTCACGACACTATCACC,0,1304466
furpa,0.3333333333333333,2,2,GTTCGGTGAGGAGTGACGGG,0,1281669
furpa,0.3333333333333333,2,2,GTTCGGTAATATTATACGTA,0,1298119
furpa,0.3333333333333333,2,2,GTTCGCCCCTAATGACATGG,0,1318142
furpa,0.3333333333333333,2,2,GTTCGCACCCGATAGGGCAA,0,1321985
furpa,0.3333333333333333,2,2,GTTCGAATAGCGGCTTTTGC,0,1356106
furpa,0.3333333333333333,2,2,GTTCCTATGCGAGGAGGAAC,0,1321475
furpa,0.3333333333333333,2,2,GTTCCGATTTTATGTGCCCA,0,1355433
furpa,0.3333333333333333,2,2,GTTCCGAGACCCATTCCGAG,0,1272913
furpa,0.3333333333333333,2,2,GTTCCCCGACAACGTCGAGT,0,1297711
furpa,0.3333333333333333,2,2,GTTCATTCCCCTATTGCTAT,0,1300237
furpa,0.3333333333333333,2,2,GTTCATAGACAGAACATGCT,0,1287875
furpa,0.3333333333333333,2,2,GTTCAGATGTGTTCGCGGAA,0,1274481
furpa,0.3333333333333333,2,2,GTTCAATTCGTTACGTAGCG,0,1342260
furpa,0.3333333333333333,2,2,GTTATTGAGGACAATGCATC,0,1300079
furpa,0.3333333333333333,2,2,GTTATCAAACACGGGTCTGC,0,1271768
furpa,0.3333333333333333,2,2,GTTATAGAGTGCAGCTGTCA,0,1310691
furpa,0.3333333333333333,2,2,GTTAGGATGTCTAGCGCCAA,0,1325988
furpa,0.3333333333333333,2,2,GTTAGATATCCGTAAGATTG,0,1325459
furpa,0.3333333333333333,2,2,GTTAGAAAGGACAGGCGTTC,0,1352961
furpa,0.3333333333333333,2,2,GTTACTTTCTTCGGCAGGCA,0,1310740
furpa,0.3333333333333333,2,2,GTTACTCGGGCACGGGACCC,0,1305825
furpa,0.3333333333333333,2,2,GTTACTAAGGCGAACAAAAT,0,1290857
furpa,0.3333333333333333,2,2,GTTACCCACACGTGCTCGTT,0,1296119
furpa,0.3333333333333333,2,2,GTTAAAAAGCAATACGTCGC,0,1299582
furpa,0.3333333333333333,2,2,GTGTTTGGACAGAGTGCTAA,0,1343811
furpa,0.3333333333333333,2,2,GTGTTGCCGCAACTATTTAT,0,1313327
furpa,0.3333333333333333,2,2,GTGTTCGCAGATAATTTTCG,0,1315706
furpa,0.3333333333333333,2,2,GTGTTATGGAATTGCAATAG,0,1293435
furpa,0.3333333333333333,2,2,GTGTTAGGTTCGATCGTGTA,0,1277740
furpa,0.3333333333333333,2,2,GTGTGTTACAACACCTGGCC,0,1338982
furpa,0.3333333333333333,2,2,GTGTGCTACGGGGGTGGTGA,0,1278956
furpa,0.3333333333333333,2,2,GTGTGACTTCGTGTTGTGGA,0,1289207
furpa,0.3333333333333333,2,2,GTGTCTGAGGTTTCTTACCG,0,1345395
furpa,0.3333333333333333,2,2,GTGTCCTTATAAACCGGATC,0,1331347
furpa,0.3333333333333333,2,2,GTGTCCCCACTCCGGTTACA,0,1325160
furpa,0.3333333333333333,2,2,GTGTCATTTCAGCGCTAATC,0,1296168
furpa,0.3333333333333333,2,2,GTGTCAGATTCGTTCCGTAT,0,1296186
furpa,0.3333333333333333,2,2,GTGTATCTCAGTATGGAATC,0,1279243
furpa,0.3333333333333333,2,2,GTGTAGCGCAACTTAACGAA,0,1313889
furpa,0.3333333333333333,2,2,GTGTACCCGCGCCAGGAAGA,0,1275183
furpa,0.3333333333333333,2,2,GTGGTGTCATGGGCCGATCA,0,1320015
furpa,0.3333333333333333,2,2,GTGGTCGGCGACATGCAGGC,0,1288160
furpa,0.3333333333333333,2,2,GTGGTCCCTGTAGGAACCGA,0,1299223
furpa,0.3333333333333333,2,2,GTGGTACGGTTTGTGCCTGA,0,1305922
furpa,0.3333333333333333,2,2,GTGGGTTGAGGACGGGAAGA,0,1276612
furpa,0.3333333333333333,2,2,GTGGGTCGGACCCCCTCTCC,0,1285561
furpa,0.3333333333333333,2,2,GTGGGGCTGAACAGGAGGTA,0,1307991
furpa,0.3333333333333333,2,2,GTGGGGCGCTCACAACAATT,0,1340833
furpa,0.3333333333333333,2,2,GTGGGCTGGAGGTGCACGAG,0,1331248
furpa,0.3333333333333333,2,2,GTGGGATGAAGCAGCCAGAG,0,1329365
furpa,0.3333333333333333,2,2,GTGGCTATCGATAGAAAAGC,0,1302743
furpa,0.3333333333333333,2,2,GTGGCGCAGTCTATAAACTG,0,1284969
furpa,0.3333333333333333,2,2,GTGGCCGTGCTGCGTAGGGT,0,1321359
furpa,0.3333333333333333,2,2,GTGGATGTTACCCTGTTAAT,0,1346563
furpa,0.3333333333333333,2,2,GTGGATCATGCTTGTACACG,0,1273951
furpa,0.3333333333333333,2,2,GTGGAGCTACAGGCGGAGTG,0,1310999
furpa,0.3333333333333333,2,2,GTGGACGAGAAGCAAGCGAT,0,1290055
furpa,0.3333333333333333,2,2,GTGGAAGCGCATCAGTTAAG,0,1271930
furpa,0.3333333333333333,2,2,GTGCTTTAAAGGAAAGTGAT,0,1286760
furpa,0.3333333333333333,2,2,GTGCTTCGGCTTATTTGGAT,0,1316913
furpa,0.3333333333333333,2,2,GTGCTTAAATAATATCCAGT,0,1271411
furpa,0.3333333333333333,2,2,GTGCTCAGGGTGCCTAATGC,0,1295792
furpa,0.3333333333333333,2,2,GTGCTATGTTCTTCCAGTCG,0,1340553
furpa,0.3333333333333333,2,2,GTGCGCCTGTTTGGAACAGG,0,1300394
furpa,0.3333333333333333,2,2,GTGCGATGGTATTTGCTCGT,0,1349108
furpa,0.3333333333333333,2,2,GTGCGAGATAGGTTCCTGTC,0,1328288
furpa,0.3333333333333333,2,2,GTGCCCACCATATCCATGCC,0,1290075
furpa,0.3333333333333333,2,2,GTGCATTTTGATCTCTCTTC,0,1276179
furpa,0.3333333333333333,2,2,GTGCATAGCTGACATCCAGT,0,1289316
furpa,0.3333333333333333,2,2,GTGCAATCATGGGGTGCGGG,0,1327429
furpa,0.3333333333333333,2,2,GTGATAACCAGTTGACACTC,0,1305632
furpa,0.3333333333333333,2,2,GTGAGCGTCACACCAAATAA,0,1341113
furpa,0.3333333333333333,2,2,GTGAGATTACTCTATTTTAC,0,1287468
furpa,0.3333333333333333,2,2,GTGACTCTTCGGGCAAAATA,0,1273698
furpa,0.3333333333333333,2,2,GTGACGTTCTCCCATTTGGA,0,1292546
furpa,0.3333333333333333,2,2,GTGACGGGTCTCATGGAACC,0,1278543
furpa,0.3333333333333333,2,2,GTGAAGGCGTAATAGTATTT,0,1303411
furpa,0.3333333333333333,2,2,GTCTTTTCACTGCATCGATC,0,1312925
furpa,0.3333333333333333,2,2,GTCTTTGCAGCCATTAAGTA,0,1346184
furpa,0.3333333333333333,2,2,GTCTTTACCCACCACATGCA,0,1345725
furpa,0.3333333333333333,2,2,GTCTGTTAGTTCTTCGCCAG,0,1300622
furpa,0.3333333333333333,2,2,GTCTGTTAGTAAAGACATGA,0,1298402
furpa,0.3333333333333333,2,2,GTCTCTGTTCACAACTGCTA,0,1357165
furpa,0.3333333333333333,2,2,GTCTAGTTTATTTCGGTCAG,0,1341377
furpa,0.3333333333333333,2,2,GTCTACCAGTAGGTTTAGAT,0,1336088
furpa,0.3333333333333333,2,2,GTCGTCGATAGATAATTACC,0,1307666
furpa,0.3333333333333333,2,2,GTCGTCCTCTGTGTCGCCTT,0,1335946
furpa,0.3333333333333333,2,2,GTCGTATTGCAGGAGCATAT,0,1272276
furpa,0.3333333333333333,2,2,GTCGTAAGGCACAGGTGGCC,0,1321751
furpa,0.3333333333333333,2,2,GTCGCTGCACGTGGTCGGGA,0,1351123
furpa,0.3333333333333333,2,2,GTCGCTAGCTCACGAAAGAT,0,1335120
furpa,0.3333333333333333,2,2,GTCGATTACACAGCGGGTAC,0,1301190
furpa,0.3333333333333333,2,2,GTCGATCTTTTAGGATCAAG,0,1307903
furpa,0.3333333333333333,2,2,GTCGATATGACTCGGCAGCA,0,1329856
furpa,0.3333333333333333,2,2,GTCGAGCTGCCGAGTCTGTC,0,1330019
furpa,0.3333333333333333,2,2,GTCGAATAAACCATCGATTG,0,1316336
furpa,0.3333333333333333,2,2,GTCCTTCCCGGCCAACATCT,0,1338836
furpa,0.3333333333333333,2,2,GTCCGTTCCGGGCAGGGCTG,0,1286103
furpa,0.3333333333333333,2,2,GTCCGGCATTACCGCGTGCT,0,1339990
furpa,0.3333333333333333,2,2,GTCCGGACGTATATAGTGTC,0,1337634
furpa,0.3333333333333333,2,2,GTCCGCATGCTAAGTGTAGG,0,1327382
furpa,0.3333333333333333,2,2,GTCCGATGTAATATAGAATC,0,1338338
furpa,0.3333333333333333,2,2,GTCCCTAGTTTCGCATGATA,0,1318966
furpa,0.3333333333333333,2,2,GTCCCGATGGTACGATTAAC,0,1343567
furpa,0.3333333333333333,2,2,GTCCCCGATAACGAAATCTC,0,1289670
furpa,0.3333333333333333,2,2,GTCCCCCCTAGGATGACAGG,0,1285378
furpa,0.3333333333333333,2,2,GTCCAGTAGAGAGCCCACAT,0,1299002
furpa,0.3333333333333333,2,2,GTCATTTTGCTAAAGTCTGC,0,1333610
furpa,0.3333333333333333,2,2,GTCATTCATCGGGAGGAGGA,0,1283115
furpa,0.3333333333333333,2,2,GTCATGCCGACTTATACAAG,0,1303856
furpa,0.3333333333333333,2,2,GTCATCGTAGATATGGATGT,0,1271341
furpa,0.3333333333333333,2,2,GTCATCGGGGCGTCGTCATG,0,1329886
furpa,0.3333333333333333,2,2,GTCATCCGACCGTGCTTTTA,0,1336104
furpa,0.3333333333333333,2,2,GTCAGTCAGCGTTTCGATAG,0,1283554
furpa,0.3333333333333333,2,2,GTCACTTTTTACACAGTTCG,0,1282045
furpa,0.3333333333333333,2,2,GTCACTTGTGAGTGGTGAGG,0,1305353
furpa,0.3333333333333333,2,2,GTCACTGATCCACTGGGCTG,0,1300087
furpa,0.3333333333333333,2,2,GTCACGACAGCTAGTATGTA,0,1286977
furpa,0.3333333333333333,2,2,GTCACCGGGTTGGCCAATAA,0,1345867
furpa,0.3333333333333333,2,2,GTCACATCGGGGAGGAACAA,0,1350162
furpa,0.3333333333333333,2,2,GTCACAAGAATCCAATCGGG,0,1287749
furpa,0.3333333333333333,2,2,GTCAACGTGCAAGTTCAGAT,0,1355736
furpa,0.3333333333333333,2,2,GTATTTGACATCCTTCCGGT,0,1301081
furpa,0.3333333333333333,2,2,GTATTCATAAGGGTAGATCA,0,1320761
furpa,0.3333333333333333,2,2,GTATTAAAATCTTAACGGGA,0,1351573
furpa,0.3333333333333333,2,2,GTATGGGTTAACAGTCAAAC,0,1311179
furpa,0.3333333333333333,2,2,GTATGGCGGAGTATATCCGG,0,1314079
furpa,0.3333333333333333,2,2,GTATGCAGGTTGGCCAAGCT,0,1349178
furpa,0.3333333333333333,2,2,GTATGATCCCAGACTTTAGG,0,1357486
furpa,0.3333333333333333,2,2,GTATGATAATATCACGGGAA,0,1273882
furpa,0.3333333333333333,2,2,GTATCATTCTTTAGGGGCGC,0,1351206
furpa,0.3333333333333333,2,2,GTATCAATCGGGAGAGGCGA,0,1343420
furpa,0.3333333333333333,2,2,GTATATTCTGTGTTCTGTAA,0,1350489
furpa,0.3333333333333333,2,2,GTATATAGCTAGCCATTGCA,0,1286070
furpa,0.3333333333333333,2,2,GTATACTGGTTGGCCCCTGT,0,1354925
furpa,0.3333333333333333,2,2,GTATAAGCACCGAAGCTGTT,0,1291089
furpa,0.3333333333333333,2,2,GTAGTCTCTGTTCATCAGCA,0,1306667
furpa,0.3333333333333333,2,2,GTAGTAACCTTCCCTGCCAA,0,1299718
furpa,0.3333333333333333,2,2,GTAGGTGGTGGCTTGGGTCC,0,1334983
furpa,0.3333333333333333,2,2,GTAGGGTGTCGCATAGATTT,0,1347484
furpa,0.3333333333333333,2,2,GTAGGAACTCGGCGAGGCGA,0,1347702
furpa,0.3333333333333333,2,2,GTAGCGGTGACGACTTGATA,0,1308898
furpa,0.3333333333333333,2,2,GTAGCGGAAACGCACTACAT,0,1309577
furpa,0.3333333333333333,2,2,GTAGCGCGGAAGATTCCGGG,0,1327573
furpa,0.3333333333333333,2,2,GTAGCCAGAGCAAGGTTGAG,0,1324444
furpa,0.3333333333333333,2,2,GTAGATTGCTTAGAACATCC,0,1294755
furpa,0.3333333333333333,2,2,GTAGATGTTCTTCGGACCAT,0,1341694
furpa,0.3333333333333333,2,2,GTAGACTGAACTTTATACGG,0,1301566
furpa,0.3333333333333333,2,2,GTAGACATCGGAACTCCCTG,0,1281057
furpa,0.3333333333333333,2,2,GTAGAACGAACGTGTAAATT,0,1349222
furpa,0.3333333333333333,2,2,GTACTTCTCGCAGAGGGCTG,0,1339636
furpa,0.3333333333333333,2,2,GTACTCGTTAGAGGAGTAGA,0,1273324
furpa,0.3333333333333333,2,2,GTACGACAGATATCCCCAAT,0,1337654
furpa,0.3333333333333333,2,2,GTACCTCTTCGCAGGACGTT,0,1311813
furpa,0.3333333333333333,2,2,GTACCGTTTCGCGGCTACAC,0,1313707
furpa,0.3333333333333333,2,2,GTACCCAATCACATCATACC,0,1313756
furpa,0.3333333333333333,2,2,GTACATAACGTTATCTGTCA,0,1323093
furpa,0.3333333333333333,2,2,GTACACGTTGGGGTTAATGC,0,1316129
furpa,0.3333333333333333,2,2,GTACAAAAAACGGCCTTTAA,0,1310879
furpa,0.3333333333333333,2,2,GTAATGTTATACAGCGTGGT,0,1323304
furpa,0.3333333333333333,2,2,GTAATCGCTAGATGTACATA,0,1333947
furpa,0.3333333333333333,2,2,GTAAGTTTGTAAGGCTAGTC,0,1293899
furpa,0.3333333333333333,2,2,GTAAGGGCAGACATTGTTTA,0,1349793
furpa,0.3333333333333333,2,2,GTAAGCTTGCAAACATCTGC,0,1290156
furpa,0.3333333333333333,2,2,GTAAGATGGTGAACGTTCGA,0,1296824
furpa,0.3333333333333333,2,2,GTAAGACGTCGCGGACTATG,0,1345858
furpa,0.3333333333333333,2,2,GTAACTTGTCGGGGCAGAAA,0,1326972
furpa,0.3333333333333333,2,2,GTAACCGGTCGTGCATGGGT,0,1319145
furpa,0.3333333333333333,2,2,GTAACAGCTTCGTCTCAGTA,0,1291759
furpa,0.3333333333333333,2,2,GTAAAGTTATGGGTCACGCT,0,1346529
furpa,0.3333333333333333,2,2,GTAAAGCATACCGTTGAAAT,0,1310797
furpa,0.3333333333333333,2,2,GGTTTTGGCATCACCACTCA,0,1321895
furpa,0.3333333333333333,2,2,GGTTTTAAGGAAGGATCCGT,0,1323652
furpa,0.3333333333333333,2,2,GGTTGGGAAAACTGCCCCGA,0,1354002
furpa,0.3333333333333333,2,2,GGTTGCAGCAGGGGCTTCGC,0,1350412
furpa,0.3333333333333333,2,2,GGTTGATCCTCTCTCGCATG,0,1283746
furpa,0.3333333333333333,2,2,GGTTCTTTGTTAGGATCTAG,0,1298517
furpa,0.3333333333333333,2,2,GGTTCTGCGTAAAGACGGCC,0,1304792
furpa,0.3333333333333333,2,2,GGTTCGATCTTATTAGATGT,0,1331371
furpa,0.3333333333333333,2,2,GGTTCACGCTAGTTGGGAAT,0,1278925
furpa,0.3333333333333333,2,2,GGTTCAACGGAGTCTACATA,0,1352987
furpa,0.3333333333333333,2,2,GGTTAGGAACACCCTGGTCT,0,1281799
furpa,0.3333333333333333,2,2,GGTTAAGACGGATCAGGAAG,0,1356601
furpa,0.3333333333333333,2,2,GGTGGGATAGTTCGTCACCT,0,1332738
furpa,0.3333333333333333,2,2,GGTGGCGGTAGCCAAAGTGA,0,1286968
furpa,0.3333333333333333,2,2,GGTGGACGGAAAGTCGTGTG,0,1317934
furpa,0.3333333333333333,2,2,GGTGCCTTCCCACTGACCGA,0,1346947
furpa,0.3333333333333333,2,2,GGTGCATTTTTGCGACGGGA,0,1284955
furpa,0.3333333333333333,2,2,GGTGCAGGTGTTAAATGATG,0,1312636
furpa,0.3333333333333333,2,2,GGTGAAGTCTTTTTGAAACC,0,1343041
furpa,0.3333333333333333,2,2,GGTCTTAATTGCAAGTCCCA,0,1329498
furpa,0.3333333333333333,2,2,GGTCTCCTTCAATGTTTGGA,0,1316795
furpa,0.3333333333333333,2,2,GGTCTATAGGACGCGGGGTC,0,1340378
furpa,0.3333333333333333,2,2,GGTCGTTTAGGCCAGCTATC,0,1317095
furpa,0.3333333333333333,2,2,GGTCGCCGCCGGTGAAGCCA,0,1305082
furpa,0.3333333333333333,2,2,GGTCGAAAGCGTGCTTCCAG,0,1273095
furpa,0.3333333333333333,2,2,GGTCCTGGGTGTGGTCCGTG,0,1339681
furpa,0.3333333333333333,2,2,GGTCCTAATTCGTCTCGTCA,0,1277460
furpa,0.3333333333333333,2,2,GGTCCGGGACCCCAATCCAG,0,1324055
furpa,0.3333333333333333,2,2,GGTCCGAAGACATAGGCAAT,0,1276336
furpa,0.3333333333333333,2,2,GGTCATAGACGAAGGGAAAT,0,1323224
furpa,0.3333333333333333,2,2,GGTATGGGGCGAAATAATGA,0,1277214
furpa,0.3333333333333333,2,2,GGTAGTGCAATAGCAAGATT,0,1297497
furpa,0.3333333333333333,2,2,GGTAGAGCTCCAATCATTGA,0,1291609
furpa,0.3333333333333333,2,2,GGTACTGTAAAACAGCCACT,0,1338435
furpa,0.3333333333333333,2,2,GGTACGCGGAAAGGAAAGGG,0,1340122
furpa,0.3333333333333333,2,2,GGTACAAGAAGGACGTCCCA,0,1356037
furpa,0.3333333333333333,2,2,GGTAATAGGATCCACTATGT,0,1331877
furpa,0.3333333333333333,2,2,GGTAAGGTGCGGGGTCCAAA,0,1289492
furpa,0.3333333333333333,2,2,GGTAAGAGGACGAGTGTCAG,0,1292171
furpa,0.3333333333333333,2,2,GGTAACACTCGTAATCTCAT,0,1336493
furpa,0.3333333333333333,2,2,GGGTTTCTAAGCACACGGTT,0,1319029
furpa,0.3333333333333333,2,2,GGGTTCTGATATCACGTAAG,0,1314464
furpa,0.3333333333333333,2,2,GGGTTCGCGCGAGTTCGTTT,0,1313816
furpa,0.3333333333333333,2,2,GGGTTCCGGTACTTCTGAAG,0,1306334
furpa,0.3333333333333333,2,2,GGGTTAAGGTTAAGGAGACT,0,1281101
furpa,0.3333333333333333,2,2,GGGTGTCGCCAGGAGCTAAC,0,1355224
furpa,0.3333333333333333,2,2,GGGTGGCGCTTAGGACAGAA,0,1294397
furpa,0.3333333333333333,2,2,GGGTGCTCTGCGCAGTAACA,0,1337191
furpa,0.3333333333333333,2,2,GGGTGCTCTCCTAGCGCTGG,0,1343118
furpa,0.3333333333333333,2,2,GGGTGACTACTAATATGTTA,0,1348201
furpa,0.3333333333333333,2,2,GGGTGAACGTCACTCTATAA,0,1299069
furpa,0.3333333333333333,2,2,GGGTCTGGTAGCAGCCCAGA,0,1282935
furpa,0.3333333333333333,2,2,GGGTCGATGTTCCCGTACTT,0,1313762
furpa,0.3333333333333333,2,2,GGGTCGAATGGACCGAGACA,0,1307658
furpa,0.3333333333333333,2,2,GGGTCCTTCGCCGAAAATAA,0,1317336
furpa,0.3333333333333333,2,2,GGGTCCGGCCGTTGGTGACG,0,1302129
furpa,0.3333333333333333,2,2,GGGTCCCATATGCACATGTT,0,1303274
furpa,0.3333333333333333,2,2,GGGTCATTGGATATAGCGCT,0,1333100
furpa,0.3333333333333333,2,2,GGGTCATCGTCAAACCCTTT,0,1324453
furpa,0.3333333333333333,2,2,GGGTCACAGAAAGAGTACAA,0,1281892
furpa,0.3333333333333333,2,2,GGGTCAAATCCCTTGCAGAT,0,1282701
furpa,0.3333333333333333,2,2,GGGTAGGAACCATTAGCTCC,0,1282082
furpa,0.3333333333333333,2,2,GGGTAGCGGCTTCCCTAGAC,0,1319942
furpa,0.3333333333333333,2,2,GGGTAGCACCTTATTGGAGA,0,1305039
furpa,0.3333333333333333,2,2,GGGTAGAGTTGACTTCATTA,0,1284081
furpa,0.3333333333333333,2,2,GGGGTTTTCGTACCGATTCC,0,1342626
furpa,0.3333333333333333,2,2,GGGGTTTCCCGGACTTAGAA,0,1275253
furpa,0.3333333333333333,2,2,GGGGTAAATGAATCAAGTTT,0,1344923
furpa,0.3333333333333333,2,2,GGGGGTTGGAATACATCTCA,0,1274808
furpa,0.3333333333333333,2,2,GGGGGTCTGGTTGCACTGAG,0,1355976
furpa,0.3333333333333333,2,2,GGGGGTCCATAGTGTACACG,0,1292837
furpa,0.3333333333333333,2,2,GGGGGTAGAATTCAAATAGT,0,1340730
furpa,0.3333333333333333,2,2,GGGGGGGTATTTTTGAGGCT,0,1324637
furpa,0.3333333333333333,2,2,GGGGGCTTTTACCTGTAAAC,0,1271720
furpa,0.3333333333333333,2,2,GGGGCAGAGCGTTACGGGTT,0,1339507
furpa,0.3333333333333333,2,2,GGGGCACAGTGCTGGGGTTT,0,1303465
furpa,0.3333333333333333,2,2,GGGGATTATCGTGGTGGACG,0,1293835
furpa,0.3333333333333333,2,2,GGGGATCCCGGGTTGGGTTT,0,1333687
furpa,0.3333333333333333,2,2,GGGGATACCCGTATATGTGG,0,1330437
furpa,0.3333333333333333,2,2,GGGGAGGAGCTGAACCCACG,0,1271370
furpa,0.3333333333333333,2,2,GGGGACTTGGAGGATAGCCG,0,1326251
furpa,0.3333333333333333,2,2,GGGCTGGACTAAAAGGTGTT,0,1291183
furpa,0.3333333333333333,2,2,GGGCTCGTGGTACAGGTGCT,0,1314485
furpa,0.3333333333333333,2,2,GGGCTATCCTACTTACGAAG,0,1328332
furpa,0.3333333333333333,2,2,GGGCGTAGATGGAGAGTGCA,0,1274735
furpa,0.3333333333333333,2,2,GGGCGGTATTTCGGCTGGAC,0,1346289
furpa,0.3333333333333333,2,2,GGGCGGGTGACTTTTTACCT,0,1282899
furpa,0.3333333333333333,2,2,GGGCGGAGTACTAATCTACA,0,1310701
furpa,0.3333333333333333,2,2,GGGCGCTGGTTTATCGTATC,0,1293192
furpa,0.3333333333333333,2,2,GGGCGCGTAGCTACGGTAAG,0,1322083
furpa,0.3333333333333333,2,2,GGGCGCGGCCCTTTTATCTA,0,1322080
furpa,0.3333333333333333,2,2,GGGCGCATGTTCTCAAGGCG,0,1341679
furpa,0.3333333333333333,2,2,GGGCGACCCAGTCACGGCTA,0,1303897
furpa,0.3333333333333333,2,2,GGGCCGCACCGCACTCCTGG,0,1343903
furpa,0.3333333333333333,2,2,GGGCATTGGATCTCATAGAT,0,1310952
furpa,0.3333333333333333,2,2,GGGCATCATATCATCGATAG,0,1318104
furpa,0.3333333333333333,2,2,GGGCAGCCGCAGCTATTCGG,0,1314416
furpa,0.3333333333333333,2,2,GGGATACTGGCCCACATAGC,0,1290512
furpa,0.3333333333333333,2,2,GGGAGTCCTGTGCCCTCAGG,0,1356149
furpa,0.3333333333333333,2,2,GGGAGGTTGTCTGAGACATG,0,1344385
furpa,0.3333333333333333,2,2,GGGAGGGTGCATCTTCATCA,0,1302371
furpa,0.3333333333333333,2,2,GGGAGGCCTATTTGATATAC,0,1276826
furpa,0.3333333333333333,2,2,GGGAGGACAAATATGTTCGC,0,1344151
furpa,0.3333333333333333,2,2,GGGAGAACGCTTATTTACGT,0,1322388
furpa,0.3333333333333333,2,2,GGGACTGTAATAAGCAAAAC,0,1325460
furpa,0.3333333333333333,2,2,GGGACTAATGTCTCCACATT,0,1329088
furpa,0.3333333333333333,2,2,GGGACGGTGAGGGAGGTGAC,0,1328281
furpa,0.3333333333333333,2,2,GGGACGAGCGAGACACATCT,0,1301754
furpa,0.3333333333333333,2,2,GGGACCTAAGTTTTTATCCT,0,1291519
furpa,0.3333333333333333,2,2,GGGAATATTCGTTAGCTCAT,0,1277604
furpa,0.3333333333333333,2,2,GGGAATAGCTCGCCGTGGCA,0,1326811
furpa,0.3333333333333333,2,2,GGGAACGTACATCACCACGG,0,1339464
furpa,0.3333333333333333,2,2,GGGAACAAGTAGGCGGTGTC,0,1309331
furpa,0.3333333333333333,2,2,GGGAAACGATGGATCTTCCC,0,1313954
furpa,0.3333333333333333,2,2,GGCTGCTATCCCACCGAGTC,0,1291761
furpa,0.3333333333333333,2,2,GGCTGCATCTCCCTAGTGTC,0,1290999
furpa,0.3333333333333333,2,2,GGCTCGGGAGGCAGCAAGTA,0,1295619
furpa,0.3333333333333333,2,2,GGCTCGCGTTGCACTTCCCA,0,1289194
furpa,0.3333333333333333,2,2,GGCTCCAATGCACGATCTCA,0,1347315
furpa,0.3333333333333333,2,2,GGCTATGAGGGTCGTGTACT,0,1332312
furpa,0.3333333333333333,2,2,GGCTATAGGGGCAATCTGGT,0,1317295
furpa,0.3333333333333333,2,2,GGCTAGCTAATATCTAAGTA,0,1330265
furpa,0.3333333333333333,2,2,GGCTACGTGGTATATCTCAG,0,1303673
furpa,0.3333333333333333,2,2,GGCTAACCTTCGAAGCGGTC,0,1277342
furpa,0.3333333333333333,2,2,GGCGTGTGTTCCGCGCACAA,0,1324534
furpa,0.3333333333333333,2,2,GGCGTCCGGGGCAAGGTCAA,0,1291017
furpa,0.3333333333333333,2,2,GGCGGTCAGGCTCCATATAT,0,1329627
furpa,0.3333333333333333,2,2,GGCGGCTAGCAGGACAGAAC,0,1325421
furpa,0.3333333333333333,2,2,GGCGGACAAGTGGCCTTTCG,0,1295387
furpa,0.3333333333333333,2,2,GGCGCTCAGTTAGTAATTGT,0,1334040
furpa,0.3333333333333333,2,2,GGCGCCTATATTTCCGACTC,0,1308517
furpa,0.3333333333333333,2,2,GGCGCCGATGGATCATGGGG,0,1279948
furpa,0.3333333333333333,2,2,GGCGCATTGGTATAAGAATA,0,1294061
furpa,0.3333333333333333,2,2,GGCGCATATAGGGCGTAAAT,0,1340114
furpa,0.3333333333333333,2,2,GGCGAGCCCCGAAACACAGT,0,1354075
furpa,0.3333333333333333,2,2,GGCCTTTCTGGCTATATGGC,0,1334486
furpa,0.3333333333333333,2,2,GGCCTTGCAACAACCTTGCA,0,1271726
furpa,0.3333333333333333,2,2,GGCCTGTCTGGTAATATTGT,0,1287001
furpa,0.3333333333333333,2,2,GGCCTAACCTTGCTGGACAT,0,1297692
furpa,0.3333333333333333,2,2,GGCCGTTCGAAGAAACAGAT,0,1322641
furpa,0.3333333333333333,2,2,GGCCGGGTCTACACGTTTGG,0,1274173
furpa,0.3333333333333333,2,2,GGCCAGTAACGAGCGGCATT,0,1329747
furpa,0.3333333333333333,2,2,GGCCACTCATCAAAGCTAAT,0,1351434
furpa,0.3333333333333333,2,2,GGCCAACTTACCTCGAATTG,0,1354474
furpa,0.3333333333333333,2,2,GGCATGGTTAAAAAACGTAT,0,1302034
furpa,0.3333333333333333,2,2,GGCATGGACGGTAACCATTC,0,1280452
furpa,0.3333333333333333,2,2,GGCATCCGGGCAATTACTCC,0,1297364
furpa,0.3333333333333333,2,2,GGCATATGAAGGCCCGGTCC,0,1323245
furpa,0.3333333333333333,2,2,GGCAGTTCTTGCAGTTAAAA,0,1333194
furpa,0.3333333333333333,2,2,GGCAGTGGCAAGATACGTTT,0,1291592
furpa,0.3333333333333333,2,2,GGCAGTAGTCTGAATTCAAG,0,1313632
furpa,0.3333333333333333,2,2,GGCAGCATATCGTCGGGAAG,0,1287640
furpa,0.3333333333333333,2,2,GGCAGATGGTATACGGGGAT,0,1309143
furpa,0.3333333333333333,2,2,GGCAGAAAACTGATAAAATA,0,1288745
furpa,0.3333333333333333,2,2,GGCACTTGGGGCCTCGGCGT,0,1345957
furpa,0.3333333333333333,2,2,GGCAATAATCCTGGCTCTGT,0,1328229
furpa,0.3333333333333333,2,2,GGCAACAGCTAGCGGGGCCA,0,1348057
furpa,0.3333333333333333,2,2,GGCAAATTCGAATAAGTGAT,0,1342009
furpa,0.3333333333333333,2,2,GGATTTCCACTAAAAAGCCC,0,1327410
furpa,0.3333333333333333,2,2,GGATTGATTCATACTACGGT,0,1312318
furpa,0.3333333333333333,2,2,GGATTCGGGACAGGTCCTGG,0,1344632
furpa,0.3333333333333333,2,2,GGATTACTACACGGTTCGCT,0,1333226
furpa,0.3333333333333333,2,2,GGATGTACATTGCCAAATTT,0,1341803
furpa,0.3333333333333333,2,2,GGATGATTCCACCAAAGTGC,0,1307035
furpa,0.3333333333333333,2,2,GGATCTACGCATTTCAAAGC,0,1299105
furpa,0.3333333333333333,2,2,GGATCGGTAACATTCCAAGG,0,1278051
furpa,0.3333333333333333,2,2,GGATCGCTGCAGAACATTAA,0,1287997
furpa,0.3333333333333333,2,2,GGATCACTGCGACGCTCGGG,0,1353912
furpa,0.3333333333333333,2,2,GGATAGACATTCATTTCTAC,0,1287791
furpa,0.3333333333333333,2,2,GGATACCGGTGTCTCCGCAT,0,1357663
furpa,0.3333333333333333,2,2,GGAGTGCCAGTAGTGCGCAA,0,1338564
furpa,0.3333333333333333,2,2,GGAGGTGTATTTCCCTGCGA,0,1291088
furpa,0.3333333333333333,2,2,GGAGGCGCCACATGGCCTCA,0,1282936
furpa,0.3333333333333333,2,2,GGAGGACACTAGGATCGAAA,0,1298279
furpa,0.3333333333333333,2,2,GGAGCTCCTCCAGGTTAGCC,0,1335423
furpa,0.3333333333333333,2,2,GGAGCGTCGGATCGTGTTCG,0,1346258
furpa,0.3333333333333333,2,2,GGAGCGGGCGCTTGCAGGTG,0,1317928
furpa,0.3333333333333333,2,2,GGAGCCACTTAGAAACTAGT,0,1326360
furpa,0.3333333333333333,2,2,GGAGATTTTCTCCCGGTTGC,0,1301829
furpa,0.3333333333333333,2,2,GGAGATTCCAGAGATGCTAA,0,1285917
furpa,0.3333333333333333,2,2,GGAGATGTATGGAGGGTAGA,0,1279639
furpa,0.3333333333333333,2,2,GGAGAATACTCGACCTGCAG,0,1289541
furpa,0.3333333333333333,2,2,GGACTTAAGAGTTATCTATT,0,1334948
furpa,0.3333333333333333,2,2,GGACGTTTCACAATACAACG,0,1286238
furpa,0.3333333333333333,2,2,GGACGTAAATACTCATAAGA,0,1357625
furpa,0.3333333333333333,2,2,GGACGGCGAAGTTATGCTAT,0,1281608
furpa,0.3333333333333333,2,2,GGACGGAGCCAGAGGTTCCA,0,1357581
furpa,0.3333333333333333,2,2,GGACGGACCGCTCCAGATCA,0,1278986
furpa,0.3333333333333333,2,2,GGACGCGAATAACATAAGTC,0,1278270
furpa,0.3333333333333333,2,2,GGACGCACCTGCGGCTTGAA,0,1328588
furpa,0.3333333333333333,2,2,GGACGAACTTTATTGGGTAC,0,1283007
furpa,0.3333333333333333,2,2,GGACAGTTATAGGGACTCGC,0,1291739
furpa,0.3333333333333333,2,2,GGACAGGGGTGGTTTACTGT,0,1305464
furpa,0.3333333333333333,2,2,GGACACTGAAGGAGATTTAA,0,1310136
furpa,0.3333333333333333,2,2,GGAAGTCTGTATGTATATAT,0,1334599
furpa,0.3333333333333333,2,2,GGAAGTCTCTTGGCTTCTTC,0,1293263
furpa,0.3333333333333333,2,2,GGAAGGGACAGATTCGTTGC,0,1294924
furpa,0.3333333333333333,2,2,GGAAGAACGAAGCGGTTCAT,0,1309745
furpa,0.3333333333333333,2,2,GGAACGTTGGGGTCTTGGTT,0,1318986
furpa,0.3333333333333333,2,2,GGAACGCACCACCGATCTCG,0,1316817
furpa,0.3333333333333333,2,2,GGAACCGTAGTCAGGGTTGC,0,1296458
furpa,0.3333333333333333,2,2,GGAAAGCGGCGAGGGCAACT,0,1335796
furpa,0.3333333333333333,2,2,GGAAACTGTCGTGACCTACA,0,1320446
furpa,0.3333333333333333,2,2,GCTTTTTCTTAGGAATTCAC,0,1328078
furpa,0.3333333333333333,2,2,GCTTTTCGGTGGGCCGTGTT,0,1335948
furpa,0.3333333333333333,2,2,GCTTTGGCCGTATTTGCCGG,0,1307198
furpa,0.3333333333333333,2,2,GCTTTGATGCGGCGAAAAGC,0,1314130
furpa,0.3333333333333333,2,2,GCTTTCATCCCGCTCGCAAC,0,1305758
furpa,0.3333333333333333,2,2,GCTTGGCAATCTGGTAGACT,0,1324130
furpa,0.3333333333333333,2,2,GCTTGCTAAGTGTTTTCGCC,0,1351652
furpa,0.3333333333333333,2,2,GCTTGACCTCAGGTCAGGGA,0,1320731
furpa,0.3333333333333333,2,2,GCTTGAAGGCGCTCTTATTA,0,1313456
furpa,0.3333333333333333,2,2,GCTTCTTGGTCTAGTCAAAA,0,1305807
furpa,0.3333333333333333,2,2,GCTTCTCTCGACAATAAGAA,0,1313201
furpa,0.3333333333333333,2,2,GCTTCTCGGGGCCACTTGTT,0,1273041
furpa,0.3333333333333333,2,2,GCTTCGGGGACTTTAGACGA,0,1335688
furpa,0.3333333333333333,2,2,GCTTCATTGAAGGGGTCCTT,0,1272800
furpa,0.3333333333333333,2,2,GCTTAAGCTGTACCACACAC,0,1291884
furpa,0.3333333333333333,2,2,GCTGTTAGACCAACAAAGCG,0,1348761
furpa,0.3333333333333333,2,2,GCTGTGGCACAACAGTCGCT,0,1313171
furpa,0.3333333333333333,2,2,GCTGGGCAACCACGTCACAC,0,1350089
furpa,0.3333333333333333,2,2,GCTGCTATTTGGTATAGGTA,0,1355505
furpa,0.3333333333333333,2,2,GCTGCCTGAGATCGGATCGA,0,1296947
furpa,0.3333333333333333,2,2,GCTGCCCCCTAAGTACCTTG,0,1326114
furpa,0.3333333333333333,2,2,GCTGCATTGACCATAAGTGG,0,1296766
furpa,0.3333333333333333,2,2,GCTGCATCGATTTTTCTCAG,0,1334598
furpa,0.3333333333333333,2,2,GCTGCATAATACGAATGCGC,0,1315064
furpa,0.3333333333333333,2,2,GCTCTCTCTTGGACTTCTTA,0,1306455
furpa,0.3333333333333333,2,2,GCTCTCGGGTCCGTCTCATT,0,1317087
furpa,0.3333333333333333,2,2,GCTCGTTGATCGCAGCAACC,0,1299310
furpa,0.3333333333333333,2,2,GCTCGGTTTGGAGGGCTGGG,0,1316354
furpa,0.3333333333333333,2,2,GCTCGGTTAGGAAGTATACA,0,1295854
furpa,0.3333333333333333,2,2,GCTCGGTCAAAATATGTGGT,0,1339880
furpa,0.3333333333333333,2,2,GCTCGGAAAAGGTATGCATG,0,1315921
furpa,0.3333333333333333,2,2,GCTCGCGATGGTCGGCGTAT,0,1327116
furpa,0.3333333333333333,2,2,GCTCGCCGCTAGAATGCTAG,0,1310251
furpa,0.3333333333333333,2,2,GCTCGATGGGCCGCCAGATT,0,1288438
furpa,0.3333333333333333,2,2,GCTCGACTGTGGTTATATTT,0,1316185
furpa,0.3333333333333333,2,2,GCTCCAGGTCCGCGATGCCT,0,1312901
furpa,0.3333333333333333,2,2,GCTATGTTATATTCTTGATT,0,1313338
furpa,0.3333333333333333,2,2,GCTATCTGTAATAAAAGCCT,0,1282835
furpa,0.3333333333333333,2,2,GCTATAGGAGGTCGGCCTAA,0,1314821
furpa,0.3333333333333333,2,2,GCTATACAAGCTGTGAGTCT,0,1297573
furpa,0.3333333333333333,2,2,GCTAGTGATGAGACCTGCGC,0,1277557
furpa,0.3333333333333333,2,2,GCTAGTCACAATCACGATGT,0,1320736
furpa,0.3333333333333333,2,2,GCTAGCAATTTGAACGAGGG,0,1297945
furpa,0.3333333333333333,2,2,GCTACGCCATAGCGATTATA,0,1287441
furpa,0.3333333333333333,2,2,GCTACCTCCGGCATACATTC,0,1296937
furpa,0.3333333333333333,2,2,GCTACCACCAAACCCTACTA,0,1354594
furpa,0.3333333333333333,2,2,GCTACAGTGGTATCTCGATA,0,1275604
furpa,0.3333333333333333,2,2,GCTAATTGGAAAACTACCTG,0,1352642
furpa,0.3333333333333333,2,2,GCTAATTCAGCTGGTGTGAC,0,1327969
furpa,0.3333333333333333,2,2,GCTAATGGTTCGGTTCTTAA,0,1356421
furpa,0.3333333333333333,2,2,GCTAAGTGACGGGGTAATAA,0,1300478
furpa,0.3333333333333333,2,2,GCTAAGAAGTACCGCAGGAC,0,1316814
furpa,0.3333333333333333,2,2,GCTAAAGACTAGACAACCGA,0,1303266
furpa,0.3333333333333333,2,2,GCTAAACGGGACTAGGGACC,0,1293948
furpa,0.3333333333333333,2,2,GCGTTGGGCCGTAAGCGGTT,0,1291888
furpa,0.3333333333333333,2,2,GCGTTGAGCACATCTAGCCT,0,1342453
furpa,0.3333333333333333,2,2,GCGTTCATCCTGTGGCAGAG,0,1281343
furpa,0.3333333333333333,2,2,GCGTGTCAGGGATCCCGAAC,0,1344306
furpa,0.3333333333333333,2,2,GCGTCTGAGTCTATATACAT,0,1334188
furpa,0.3333333333333333,2,2,GCGTCTGAGTACACCGCGGA,0,1303626
furpa,0.3333333333333333,2,2,GCGTACATGGTATCTGGCGT,0,1336394
furpa,0.3333333333333333,2,2,GCGGTTCCGAGTCTCCTGGC,0,1310133
furpa,0.3333333333333333,2,2,GCGGTTCATACCTAGCTTTG,0,1301576
furpa,0.3333333333333333,2,2,GCGGTTCAGGGATTCTCGAA,0,1332905
furpa,0.3333333333333333,2,2,GCGGTTACGGAATCCATGCG,0,1339792
furpa,0.3333333333333333,2,2,GCGGTAGCAGCTTTAGCCTA,0,1283926
furpa,0.3333333333333333,2,2,GCGGGTGTACCGCCAGAGCA,0,1356359
furpa,0.3333333333333333,2,2,GCGGGTCTGGGGATTAAGGA,0,1342232
furpa,0.3333333333333333,2,2,GCGGGTAAGGAATCGGGGAA,0,1284363
furpa,0.3333333333333333,2,2,GCGGGGGAATTTTGGTCCCC,0,1285184
furpa,0.3333333333333333,2,2,GCGGGGATTGCAGGACGCCG,0,1306217
furpa,0.3333333333333333,2,2,GCGGGCAACATTCGGGATAT,0,1272167
furpa,0.3333333333333333,2,2,GCGGGACCAGGCTCCTGGGA,0,1298642
furpa,0.3333333333333333,2,2,GCGGATTCGGCAGCCGGATA,0,1299747
furpa,0.3333333333333333,2,2,GCGGATGTCTGTTTAATACC,0,1324567
furpa,0.3333333333333333,2,2,GCGGATATAGCAATCTGTAA,0,1287651
furpa,0.3333333333333333,2,2,GCGGACCGTCTCATACTTAC,0,1338912
furpa,0.3333333333333333,2,2,GCGGACAACCTGTCATACTG,0,1273830
furpa,0.3333333333333333,2,2,GCGCTCGTACTTTGAGTCAG,0,1330941
furpa,0.3333333333333333,2,2,GCGCTAAATCCACGCGGTGT,0,1297045
furpa,0.3333333333333333,2,2,GCGCGTATATTTACAGTACC,0,1331819
furpa,0.3333333333333333,2,2,GCGCGCTCGATGTAAAGTTA,0,1310700
furpa,0.3333333333333333,2,2,GCGCGCGTGCGACTCAACAG,0,1323895
furpa,0.3333333333333333,2,2,GCGCGCGACTCCAAGGTTCT,0,1303132
furpa,0.3333333333333333,2,2,GCGCGAAGTTTCCGAAAGAT,0,1302356
furpa,0.3333333333333333,2,2,GCGCCTCTGTGTCATGAGTT,0,1331073
furpa,0.3333333333333333,2,2,GCGCCGGTACGGGTTCATCT,0,1316378
furpa,0.3333333333333333,2,2,GCGCCCCAACAGGCGGTATT,0,1335102
furpa,0.3333333333333333,2,2,GCGCCCAGACTCATTTCTGA,0,1332603
furpa,0.3333333333333333,2,2,GCGCCACTCTCGACGACTCG,0,1294636
furpa,0.3333333333333333,2,2,GCGCCACTACTCACAGGCAA,0,1342004
furpa,0.3333333333333333,2,2,GCGCACCATTAATTGCGTGT,0,1273919
furpa,0.3333333333333333,2,2,GCGCACCATGGTGGGCAGTA,0,1294935
furpa,0.3333333333333333,2,2,GCGCAATCCGCACATAAAGG,0,1322776
furpa,0.3333333333333333,2,2,GCGCAACGAAGATTCATGTG,0,1273847
furpa,0.3333333333333333,2,2,GCGATGTAAGCTTGAAAAAT,0,1297451
furpa,0.3333333333333333,2,2,GCGATGCATATGCTCACAGT,0,1278859
furpa,0.3333333333333333,2,2,GCGATAGGGGTGAGGGATCG,0,1293289
furpa,0.3333333333333333,2,2,GCGAGACCCATCCGCAACGC,0,1349414
furpa,0.3333333333333333,2,2,GCGACTATGTTGCGCGCGCG,0,1298605
furpa,0.3333333333333333,2,2,GCGACCGGCGGTGATGATCA,0,1305733
furpa,0.3333333333333333,2,2,GCGACAGACCGTCGGTACTT,0,1344240
furpa,0.3333333333333333,2,2,GCGAAGCATGGACATAAGGA,0,1304840
furpa,0.3333333333333333,2,2,GCGAACGCATCATGGTCCAT,0,1310332
furpa,0.3333333333333333,2,2,GCCTTTGCGTTGGACGGATA,0,1343643
furpa,0.3333333333333333,2,2,GCCTTTCTATCTACAGCTTT,0,1349923
furpa,0.3333333333333333,2,2,GCCTTCCGGTCATCCCTGGT,0,1278551
furpa,0.3333333333333333,2,2,GCCTGTGCCACAATCGCCGG,0,1321488
furpa,0.3333333333333333,2,2,GCCTGGGATAAAGTTGCCCT,0,1352437
furpa,0.3333333333333333,2,2,GCCTGGGACGCCCATTGCGT,0,1287821
furpa,0.3333333333333333,2,2,GCCTGGCGAACAAAAGCCCA,0,1334805
furpa,0.3333333333333333,2,2,GCCTGAGCGCTTATCTCAGT,0,1274184
furpa,0.3333333333333333,2,2,GCCTCTGAATGAAGCGTGCA,0,1305417
furpa,0.3333333333333333,2,2,GCCTCGTGATCACTGGGGCT,0,1290008
furpa,0.3333333333333333,2,2,GCCTCCGTTCACAACGTGGG,0,1337086
furpa,0.3333333333333333,2,2,GCCTCCGTTATAAGTAGGGT,0,1347581
furpa,0.3333333333333333,2,2,GCCTACTTGCCCCACGTAGA,0,1309656
furpa,0.3333333333333333,2,2,GCCTACTGATAAGTTCAGGT,0,1305923
furpa,0.3333333333333333,2,2,GCCTAATTCGTGCACCTTCC,0,1283969
furpa,0.3333333333333333,2,2,GCCTAAAAAGGGTCACTTGC,0,1281068
furpa,0.3333333333333333,2,2,GCCGTTACTGAAACGCAGAT,0,1342317
furpa,0.3333333333333333,2,2,GCCGTCAATTTCTACAAGCT,0,1297191
furpa,0.3333333333333333,2,2,GCCGTCAAGGTCCACAGCGA,0,1299572
furpa,0.3333333333333333,2,2,GCCGGTGTTTGCCTCGACCT,0,1344342
furpa,0.3333333333333333,2,2,GCCGGTCTCATAGACACTGT,0,1320238
furpa,0.3333333333333333,2,2,GCCGGTACTTCGGGTAGATA,0,1276820
furpa,0.3333333333333333,2,2,GCCGGCTACTGCCAGAGGGC,0,1283594
furpa,0.3333333333333333,2,2,GCCGGCGGGTTTTCGATTGC,0,1317073
furpa,0.3333333333333333,2,2,GCCGGACTCCGCATGAGCTG,0,1321106
furpa,0.3333333333333333,2,2,GCCGCGTGTTGGCGCAATAA,0,1357525
furpa,0.3333333333333333,2,2,GCCGCGGGACGAGAGACCTA,0,1305178
furpa,0.3333333333333333,2,2,GCCGCAGCTCTCCGGCACAA,0,1325441
furpa,0.3333333333333333,2,2,GCCGCAAGGAGCTGTGCGGT,0,1357084
furpa,0.3333333333333333,2,2,GCCGATGGGGGGCACCTGGA,0,1349924
furpa,0.3333333333333333,2,2,GCCGATCGGTCCTGACCGCG,0,1310458
furpa,0.3333333333333333,2,2,GCCGACGTTATTTGAGGCAA,0,1323679
furpa,0.3333333333333333,2,2,GCCCTTTGGAACCGTATTCA,0,1309112
furpa,0.3333333333333333,2,2,GCCCTTGGCCTAGCCAACAG,0,1324067
furpa,0.3333333333333333,2,2,GCCCTTGCACCTAATTAACC,0,1313582
furpa,0.3333333333333333,2,2,GCCCTGGAGTTCGACAGGAT,0,1325021
furpa,0.3333333333333333,2,2,GCCCTGCCGGTAGGGGCGCA,0,1351076
furpa,0.3333333333333333,2,2,GCCCGTTGGGTAAAATGTAA,0,1318660
furpa,0.3333333333333333,2,2,GCCCGTGCCAATGAGCCACG,0,1324508
furpa,0.3333333333333333,2,2,GCCCGTCCACGTAGCTACCT,0,1348916
furpa,0.3333333333333333,2,2,GCCCGCAACTTCAAGTGTTC,0,1298667
furpa,0.3333333333333333,2,2,GCCCGATATCACACGGCCAG,0,1280825
furpa,0.3333333333333333,2,2,GCCCCTATATTTTGCGAATG,0,1305457
furpa,0.3333333333333333,2,2,GCCCCATACGTGTTCAGTCA,0,1352390
furpa,0.3333333333333333,2,2,GCCCATGTCTCACGCCCTTT,0,1298880
furpa,0.3333333333333333,2,2,GCCCACTCAGGGATACGTGC,0,1300499
furpa,0.3333333333333333,2,2,GCCCACGACTTGCTGCTTGT,0,1272177
furpa,0.3333333333333333,2,2,GCCCACGACTACACACACAC,0,1352128
furpa,0.3333333333333333,2,2,GCCCACCTTCCGAAAGGCAG,0,1349258
furpa,0.3333333333333333,2,2,GCCCAAAGTTGACACAAGCA,0,1324384
furpa,0.3333333333333333,2,2,GCCATTCGGGACATGCTCAT,0,1340637
furpa,0.3333333333333333,2,2,GCCATGCAGAAACAAGAATT,0,1340969
furpa,0.3333333333333333,2,2,GCCAGTTGAAGTTATGGTAG,0,1319774
furpa,0.3333333333333333,2,2,GCCAGTGGTGGCTCGGTTTC,0,1299354
furpa,0.3333333333333333,2,2,GCCAGGCTGCGTCTGTCTTA,0,1300472
furpa,0.3333333333333333,2,2,GCCAGACTTTATTACGTATC,0,1329374
furpa,0.3333333333333333,2,2,GCCACGGTACGGATTGCCCA,0,1295472
furpa,0.3333333333333333,2,2,GCCACGAACCGTACATTAAC,0,1310644
furpa,0.3333333333333333,2,2,GCCAATGTGTGTCATACAAA,0,1345419
furpa,0.3333333333333333,2,2,GCCAATGGTTAAATAAGATC,0,1308486
furpa,0.3333333333333333,2,2,GCCAAGAACGCGCTAGCGGC,0,1317330
furpa,0.3333333333333333,2,2,GCCAAACGGCATGTGCGTAC,0,1314131
furpa,0.3333333333333333,2,2,GCCAAACGAGTCTGAAACCC,0,1329671
furpa,0.3333333333333333,2,2,GCCAAACCGAAGCTCGGCCC,0,1352299
furpa,0.3333333333333333,2,2,GCATTAGGAGGGGTCGGGAT,0,1331946
furpa,0.3333333333333333,2,2,GCATTACGGTTCGTAAATCC,0,1292287
furpa,0.3333333333333333,2,2,GCATTACACGCTGGGGTAAG,0,1328609
furpa,0.3333333333333333,2,2,GCATGTACGGCGGGGTTCAT,0,1328592
furpa,0.3333333333333333,2,2,GCATGTAATCACGCGACCTC,0,1343824
furpa,0.3333333333333333,2,2,GCATGCGAAGGCTCTCTCAA,0,1281588
furpa,0.3333333333333333,2,2,GCATCTGCTACTTTGGGCGC,0,1295287
furpa,0.3333333333333333,2,2,GCATCTCTGTGAGAGGGGTG,0,1309052
furpa,0.3333333333333333,2,2,GCATCTCTATTGGTGGTAAC,0,1275091
furpa,0.3333333333333333,2,2,GCATCGCGACCTGTCCAGCA,0,1305262
furpa,0.3333333333333333,2,2,GCATCATTCTTCAAGATTGA,0,1342084
furpa,0.3333333333333333,2,2,GCATCAAAGGGTTTAGTGTC,0,1314542
furpa,0.3333333333333333,2,2,GCATAGCACTCGCCTACTAC,0,1295956
furpa,0.3333333333333333,2,2,GCATAACGAACGCTCGCAGG,0,1330084
furpa,0.3333333333333333,2,2,GCAGTTCATAGCGGAGAAGT,0,1274068
furpa,0.3333333333333333,2,2,GCAGTCTGTGACAAGAATCT,0,1354631
furpa,0.3333333333333333,2,2,GCAGGTGGGGTTTCAGGAAA,0,1354435
furpa,0.3333333333333333,2,2,GCAGGTAGACAAGTAGAGTG,0,1308598
furpa,0.3333333333333333,2,2,GCAGGGTTCGGGCGTCCTCA,0,1294344
furpa,0.3333333333333333,2,2,GCAGGGTTATCGCAGACACC,0,1287050
furpa,0.3333333333333333,2,2,GCAGGGGAAACGATAGCAAA,0,1333937
furpa,0.3333333333333333,2,2,GCAGGGATCGGGGAATTGTT,0,1288726
furpa,0.3333333333333333,2,2,GCAGGCCTTTCCCTGTGCCC,0,1319056
furpa,0.3333333333333333,2,2,GCAGGCAGATCCTGAGCCTC,0,1320342
furpa,0.3333333333333333,2,2,GCAGCGATCCCATCTCGTTC,0,1355628
furpa,0.3333333333333333,2,2,GCAGACTGAGGCGTTGGGGT,0,1357246
furpa,0.3333333333333333,2,2,GCAGAAATACCATGATGTCT,0,1317243
furpa,0.3333333333333333,2,2,GCACTAGGTCCTTCAAACCA,0,1304020
furpa,0.3333333333333333,2,2,GCACTACGGTGACAGTTTAG,0,1277063
furpa,0.3333333333333333,2,2,GCACGTGTCTAACCTACTCG,0,1271947
furpa,0.3333333333333333,2,2,GCACGTCATATATATGGACT,0,1276116
furpa,0.3333333333333333,2,2,GCACGATTACAGGTTGACAG,0,1315323
furpa,0.3333333333333333,2,2,GCACCTTTCACATAGGACCA,0,1319206
furpa,0.3333333333333333,2,2,GCACATTCACTGCTGGGTCA,0,1286840
furpa,0.3333333333333333,2,2,GCACACATCCGTGAAATTCA,0,1349662
furpa,0.3333333333333333,2,2,GCACAAGCTCTGTATTAAAT,0,1330505
furpa,0.3333333333333333,2,2,GCACAAGCATTAGTGCAGTT,0,1275351
furpa,0.3333333333333333,2,2,GCAATCCGCCTAATTGGTGT,0,1291534
furpa,0.3333333333333333,2,2,GCAATATTGGAATCAGCAAC,0,1324134
furpa,0.3333333333333333,2,2,GCAAGTTACAATGTCGAAGT,0,1332612
furpa,0.3333333333333333,2,2,GCAAGCGGTGCCTTTGAGTC,0,1335599
furpa,0.3333333333333333,2,2,GCAAGCCGCCGTATGTAATA,0,1308566
furpa,0.3333333333333333,2,2,GCAAGATTGCTCGACCACCT,0,1310121
furpa,0.3333333333333333,2,2,GCAAGACGACGTGCTTTATT,0,1287271
furpa,0.3333333333333333,2,2,GCAACCGCGAACGATCTCAC,0,1331719
furpa,0.3333333333333333,2,2,GCAAATAAGATATCGATGTT,0,1289738
furpa,0.3333333333333333,2,2,GCAAAGTTTATGGCCTGTGA,0,1353038
furpa,0.3333333333333333,2,2,GATTTTTCTAAAAAGCTAGC,0,1274677
furpa,0.3333333333333333,2,2,GATTTTGGTGATGAGATGGT,0,1313775
furpa,0.3333333333333333,2,2,GATTTCGCACGGAACAGGTC,0,1339662
furpa,0.3333333333333333,2,2,GATTTCAGGGACAGTCTACT,0,1330602
furpa,0.3333333333333333,2,2,GATTGTTGTTTTGGTACCTA,0,1281581
furpa,0.3333333333333333,2,2,GATTGTAAAAGGACAGAAAA,0,1307849
furpa,0.3333333333333333,2,2,GATTGGACGCAATGCTCTGC,0,1330326
furpa,0.3333333333333333,2,2,GATTGGACAGCTGGGCAGGC,0,1330404
furpa,0.3333333333333333,2,2,GATTGCCACCTACGGCTGTG,0,1315210
furpa,0.3333333333333333,2,2,GATTCGTTGCCTCCTACATG,0,1294538
furpa,0.3333333333333333,2,2,GATTCGCCTCAGTCATGGGG,0,1304751
furpa,0.3333333333333333,2,2,GATTCCTGGATCTGCGCGGG,0,1356005
furpa,0.3333333333333333,2,2,GATTCATGAAGCAGGGCTGA,0,1297222
furpa,0.3333333333333333,2,2,GATTAGACACTTCATTGGTA,0,1276188
furpa,0.3333333333333333,2,2,GATTACTCGCCTTAAGTTCA,0,1311518
furpa,0.3333333333333333,2,2,GATGGTACTATTTCGTGAGA,0,1357518
furpa,0.3333333333333333,2,2,GATGGCACCGACTGATATGA,0,1292860
furpa,0.3333333333333333,2,2,GATGATCGAGGCGAGTTGCC,0,1291891
furpa,0.3333333333333333,2,2,GATGAGGATCTGGTAACGAA,0,1287167
furpa,0.3333333333333333,2,2,GATGAATACTTTTCGTGTTT,0,1280007
furpa,0.3333333333333333,2,2,GATGAAAGGGGCACGTGGTG,0,1274874
furpa,0.3333333333333333,2,2,GATCTTTCAAGGGCCTTTCT,0,1290403
furpa,0.3333333333333333,2,2,GATCTGATATATTCCCGAGG,0,1282460
furpa,0.3333333333333333,2,2,GATCTCTATATGCATAGTTG,0,1326190
furpa,0.3333333333333333,2,2,GATCGGTCTGTTTGATGCCG,0,1346430
furpa,0.3333333333333333,2,2,GATCGCTTATCACGTCAAGA,0,1304994
furpa,0.3333333333333333,2,2,GATCCTTTGTGCCACGTTTG,0,1310416
furpa,0.3333333333333333,2,2,GATCCGTTTCCGTGAGCAGA,0,1333225
furpa,0.3333333333333333,2,2,GATCCCTTCATCGTGGTGGC,0,1314918
furpa,0.3333333333333333,2,2,GATCAGCGCAGGATGTCGGC,0,1301490
furpa,0.3333333333333333,2,2,GATCACAGTCCGATCCATTT,0,1293190
furpa,0.3333333333333333,2,2,GATCAAATACTCCGGACCGT,0,1275122
furpa,0.3333333333333333,2,2,GATATTGCATCAAGGACCCT,0,1347025
furpa,0.3333333333333333,2,2,GATATTCAGGATTTTTATTC,0,1325225
furpa,0.3333333333333333,2,2,GATATGCTCTTTTCCCCCTA,0,1284562
furpa,0.3333333333333333,2,2,GATATAAGATTCCAGCTGAG,0,1304146
furpa,0.3333333333333333,2,2,GATAGGGTGTTAGGCGTTCA,0,1333389
furpa,0.3333333333333333,2,2,GATAGGGTATTTGGGCCAGC,0,1350747
furpa,0.3333333333333333,2,2,GATAGGGGAGCTACCAATTT,0,1309463
furpa,0.3333333333333333,2,2,GATACCTTACAACTATCCTT,0,1343705
furpa,0.3333333333333333,2,2,GATACCGGGGCTAAACGATG,0,1275379
furpa,0.3333333333333333,2,2,GATACAACTACATGGTGTGT,0,1281061
furpa,0.3333333333333333,2,2,GATAATCAATATAGAGTGGG,0,1288293
furpa,0.3333333333333333,2,2,GATAAATCGGGTCTAATTAC,0,1312780
furpa,0.3333333333333333,2,2,GAGTGTCAGTTTTCTGCTAG,0,1334600
furpa,0.3333333333333333,2,2,GAGTGGGCACCAGGTTGAGT,0,1278406
furpa,0.3333333333333333,2,2,GAGTGGGAGTCGATCCGTTA,0,1312391
furpa,0.3333333333333333,2,2,GAGTGCATAAAGGAGGCATA,0,1317707
furpa,0.3333333333333333,2,2,GAGTCTTACTTCTTGCAAAC,0,1317228
furpa,0.3333333333333333,2,2,GAGTCTTAAGCCTGGTCTAT,0,1304930
furpa,0.3333333333333333,2,2,GAGTCTGCGCCCCTTCTTAT,0,1350052
furpa,0.3333333333333333,2,2,GAGTCTCCTATTTCCCAATC,0,1323342
furpa,0.3333333333333333,2,2,GAGTCCTCGTTATTCCAAGT,0,1295995
furpa,0.3333333333333333,2,2,GAGTCCTACACAACATCAGG,0,1292108
furpa,0.3333333333333333,2,2,GAGTCCGGAACCTTCCGAGG,0,1318854
furpa,0.3333333333333333,2,2,GAGTCCCGAGTTCTGAATGC,0,1285192
furpa,0.3333333333333333,2,2,GAGTCAAGGCCAGAGGATTC,0,1297905
furpa,0.3333333333333333,2,2,GAGTAGGCATAAAGATAAGG,0,1353699
furpa,0.3333333333333333,2,2,GAGTACGCTTGACTCAGATC,0,1306689
furpa,0.3333333333333333,2,2,GAGTAATGAGCTACGCATGA,0,1317636
furpa,0.3333333333333333,2,2,GAGTAAAATGTCCGATGTTT,0,1330023
furpa,0.3333333333333333,2,2,GAGGTTCTCGGAATGCATGA,0,1342553
furpa,0.3333333333333333,2,2,GAGGTGCGTCAATGCAATAG,0,1313408
furpa,0.3333333333333333,2,2,GAGGTGCAACGCGGTCTAGA,0,1287764
furpa,0.3333333333333333,2,2,GAGGTCGTCCCCCTGGCCGG,0,1346664
furpa,0.3333333333333333,2,2,GAGGGTTGCCAGGTGTTTCA,0,1291504
furpa,0.3333333333333333,2,2,GAGGGTACAGACACCTCAGT,0,1274941
furpa,0.3333333333333333,2,2,GAGGGGCATGGCAGGGTCTG,0,1354320
furpa,0.3333333333333333,2,2,GAGGGCATCGATATCAGACA,0,1301231
furpa,0.3333333333333333,2,2,GAGGGATGCCGATTCTGGTG,0,1278672
furpa,0.3333333333333333,2,2,GAGGCCCATTCTTACGAACG,0,1315860
furpa,0.3333333333333333,2,2,GAGGATTCGCCCCGAAGTAC,0,1277505
furpa,0.3333333333333333,2,2,GAGGATACGACCTAATGTAA,0,1294207
furpa,0.3333333333333333,2,2,GAGCTCACATCGTAGTGTAA,0,1344605
furpa,0.3333333333333333,2,2,GAGCGTCATGGTCCGTATTA,0,1353386
furpa,0.3333333333333333,2,2,GAGCGTAAGATACATGTAGG,0,1317170
furpa,0.3333333333333333,2,2,GAGCGCGGCGCATCATATCA,0,1322432
furpa,0.3333333333333333,2,2,GAGCGCCTATGGCATGGGTT,0,1278236
furpa,0.3333333333333333,2,2,GAGCGATTGTTAAGTCGTCA,0,1282293
furpa,0.3333333333333333,2,2,GAGCGAGCACAATAGGATCA,0,1314828
furpa,0.3333333333333333,2,2,GAGCCCATCAAGAACACTCT,0,1331566
furpa,0.3333333333333333,2,2,GAGCAGTGGCGTCGTCGCCA,0,1350736
furpa,0.3333333333333333,2,2,GAGCAGAGTTCCACATTACA,0,1325556
furpa,0.3333333333333333,2,2,GAGCACGCCTCACGTGTGAT,0,1346044
furpa,0.3333333333333333,2,2,GAGCAATATATGGCCTTTCA,0,1356737
furpa,0.3333333333333333,2,2,GAGATTTATAGCAAAGTAAA,0,1283434
furpa,0.3333333333333333,2,2,GAGATTCAGGCTTGTCACGC,0,1285002
furpa,0.3333333333333333,2,2,GAGATCATAGAGCGCTGGGA,0,1357311
furpa,0.3333333333333333,2,2,GAGATATCCAGTCTTTTTGT,0,1346395
furpa,0.3333333333333333,2,2,GAGAGTTCCTCGAAGTCAAA,0,1325092
furpa,0.3333333333333333,2,2,GAGAGTAATATAGCTGATGC,0,1313962
furpa,0.3333333333333333,2,2,GAGAGGTCGAATAACGTCAG,0,1313638
furpa,0.3333333333333333,2,2,GAGAGGCTAGGAGCTCTCCT,0,1309613
furpa,0.3333333333333333,2,2,GAGACCGTGCAGTCTGCATA,0,1311444
furpa,0.3333333333333333,2,2,GAGACATGTGTTCCATCCGT,0,1281951
furpa,0.3333333333333333,2,2,GAGACAGGATGTGTGCCGCC,0,1334837
furpa,0.3333333333333333,2,2,GAGACACTTTCGCCGAAGGG,0,1326569
furpa,0.3333333333333333,2,2,GAGAAGTTATCGAGCCCGTT,0,1285855
furpa,0.3333333333333333,2,2,GAGAAGGGGGCTGCTGGGCA,0,1301899
furpa,0.3333333333333333,2,2,GACTTTCGCTTTAAGTGCAT,0,1335415
furpa,0.3333333333333333,2,2,GACTTACCGTTTGAGCGAGC,0,1278660
furpa,0.3333333333333333,2,2,GACTTAAGTACCCAAATCCT,0,1324505
furpa,0.3333333333333333,2,2,GACTTAAGGGTAAGAGTGGC,0,1344573
furpa,0.3333333333333333,2,2,GACTGTCTACTGGTCGTCAG,0,1292011
furpa,0.3333333333333333,2,2,GACTGTCCAACTACGTGACA,0,1327296
furpa,0.3333333333333333,2,2,GACTGGTGTATCTCCGATTC,0,1305585
furpa,0.3333333333333333,2,2,GACTGACTTGATTAACTTTG,0,1341185
furpa,0.3333333333333333,2,2,GACTCGGAGACAACCGTTCA,0,1272904
furpa,0.3333333333333333,2,2,GACTCGCACCTTATTGAAGC,0,1341766
furpa,0.3333333333333333,2,2,GACTATCCGTAAACTGCCGT,0,1311436
furpa,0.3333333333333333,2,2,GACTACGGACGTGATAGTAT,0,1354738
furpa,0.3333333333333333,2,2,GACGTGGGGCCGGGATAAGC,0,1284591
furpa,0.3333333333333333,2,2,GACGTCTCGGCGCTGATACT,0,1326346
furpa,0.3333333333333333,2,2,GACGTACGGTAGCTTGCTTT,0,1314287
furpa,0.3333333333333333,2,2,GACGTAATGGGCCATCTGCT,0,1344144
furpa,0.3333333333333333,2,2,GACGGTGGCGGTGCGACGGC,0,1316819
furpa,0.3333333333333333,2,2,GACGGGCTCCGCCAGATCCA,0,1322562
furpa,0.3333333333333333,2,2,GACGGGAGCCGAACCCTTAA,0,1355425
furpa,0.3333333333333333,2,2,GACGGCTCCACGAAAGCGAG,0,1287155
furpa,0.3333333333333333,2,2,GACGGAACTGGTCAGTTGTA,0,1280750
furpa,0.3333333333333333,2,2,GACGCTCATTTCATTTACTT,0,1345679
furpa,0.3333333333333333,2,2,GACGAAGAGCCATGACTAAC,0,1319166
furpa,0.3333333333333333,2,2,GACGAAAAACATCTGGAGTT,0,1275758
furpa,0.3333333333333333,2,2,GACCTGGTGTGCTCCTGCAG,0,1325376
furpa,0.3333333333333333,2,2,GACCTCATCAAGGAAAGCTC,0,1340291
furpa,0.3333333333333333,2,2,GACCGGTAACGAGACAAGCG,0,1323480
furpa,0.3333333333333333,2,2,GACCCGTTAAGTATGTGGTG,0,1305568
furpa,0.3333333333333333,2,2,GACCCGTAAGCCCAGCCAGA,0,1335652
furpa,0.3333333333333333,2,2,GACCCGCATGCCATAGATTA,0,1316245
furpa,0.3333333333333333,2,2,GACCCCTCACAAGGCGGGCG,0,1329996
furpa,0.3333333333333333,2,2,GACCCCTATCTACGAACGGG,0,1333112
furpa,0.3333333333333333,2,2,GACCAGGACATCCTGCTTTG,0,1308414
furpa,0.3333333333333333,2,2,GACCAGCGTGGAACCAATTC,0,1300619
furpa,0.3333333333333333,2,2,GACCAGACACAAGTAGGTTA,0,1277988
furpa,0.3333333333333333,2,2,GACCACCGGTGTCGGAGTTG,0,1305702
furpa,0.3333333333333333,2,2,GACATGCTTCGCGAAGCTTG,0,1356854
furpa,0.3333333333333333,2,2,GACATCCCCGTCCTGATTCA,0,1319570
furpa,0.3333333333333333,2,2,GACATCACACGCGAGATATT,0,1271425
furpa,0.3333333333333333,2,2,GACAGGTTGCGTTAGAACGA,0,1349494
furpa,0.3333333333333333,2,2,GACAGCGCGATTTGAGGTAA,0,1301359
furpa,0.3333333333333333,2,2,GACAGAAGTGGGGGTCCTTG,0,1300207
furpa,0.3333333333333333,2,2,GACAGAAGCGCTCTTTGACC,0,1345684
furpa,0.3333333333333333,2,2,GACACGACAACTTGTCAGGT,0,1343197
furpa,0.3333333333333333,2,2,GACACCCAATTCACCCCCCC,0,1352316
furpa,0.3333333333333333,2,2,GACACAGGCGTTGGTTCGAA,0,1302690
furpa,0.3333333333333333,2,2,GACAATGCTGAAACTTTAAA,0,1294673
furpa,0.3333333333333333,2,2,GACAAGCATTCTAACGCGCA,0,1351668
furpa,0.3333333333333333,2,2,GACAACGATCGGGCTCCTCT,0,1292023
furpa,0.3333333333333333,2,2,GACAACAGAGTATACAACCC,0,1305856
furpa,0.3333333333333333,2,2,GACAAACAACGACCGTTGGC,0,1292572
furpa,0.3333333333333333,2,2,GAATTAGGAGGCCGTCTTCA,0,1279391
furpa,0.3333333333333333,2,2,GAATGGGTGGCGTCTTTCCT,0,1332445
furpa,0.3333333333333333,2,2,GAATCTTGCAACCCATCGCA,0,1324883
furpa,0.3333333333333333,2,2,GAATCGGTTCATCGAATGGG,0,1307787
furpa,0.3333333333333333,2,2,GAATCGATGTGAAAGCAGGA,0,1306590
furpa,0.3333333333333333,2,2,GAATAGCCTCATTGTTACTT,0,1275779
furpa,0.3333333333333333,2,2,GAATACATTTTTGACGTCCC,0,1347063
furpa,0.3333333333333333,2,2,GAATAAGGACCTCATTGTGT,0,1294791
furpa,0.3333333333333333,2,2,GAATAAACGACTGTACCGGA,0,1306968
furpa,0.3333333333333333,2,2,GAAGTTTTAAATTGCGATGG,0,1323879
furpa,0.3333333333333333,2,2,GAAGTTGGGGCGAAGTGATG,0,1282880
furpa,0.3333333333333333,2,2,GAAGTCTAACTTACTCCTTA,0,1291633
furpa,0.3333333333333333,2,2,GAAGGCTCGATCAAGGTTAA,0,1279619
furpa,0.3333333333333333,2,2,GAAGGATTTTGGCTGTTCCT,0,1346576
furpa,0.3333333333333333,2,2,GAAGGATGTTCGCATCATGT,0,1305380
furpa,0.3333333333333333,2,2,GAAGGATAACTGACGTGCCA,0,1336977
furpa,0.3333333333333333,2,2,GAAGCCTCAGGGGGTTGTAT,0,1313996
furpa,0.3333333333333333,2,2,GAAGCCACTGTTGCATCGAG,0,1351049
furpa,0.3333333333333333,2,2,GAAGCATATTTATCAGGTGT,0,1330000
furpa,0.3333333333333333,2,2,GAAGATCCATGTCGGCTATT,0,1296148
furpa,0.3333333333333333,2,2,GAAGACTTAAATGGGCGCGA,0,1317849
furpa,0.3333333333333333,2,2,GAAGAACTTAGTTACTTCAA,0,1275707
furpa,0.3333333333333333,2,2,GAAGAAAAGACAATCGTTCC,0,1277638
furpa,0.3333333333333333,2,2,GAACTCTGGTAAAGGGAGGA,0,1313321
furpa,0.3333333333333333,2,2,GAACTCGAAGTCTTAGCGTT,0,1319686
furpa,0.3333333333333333,2,2,GAACTCAAGTGATTACAGTA,0,1336664
furpa,0.3333333333333333,2,2,GAACTATGCCCGCATAAGCC,0,1278918
furpa,0.3333333333333333,2,2,GAACTACCAGAGTCTCCATC,0,1332718
furpa,0.3333333333333333,2,2,GAACTAAGCAGACGGACCAC,0,1315731
furpa,0.3333333333333333,2,2,GAACGTAGGCTTGTCGCCGT,0,1323407
furpa,0.3333333333333333,2,2,GAACGGCACGCGGGATTTAG,0,1304576
furpa,0.3333333333333333,2,2,GAACGGACGTCCTAAACGAT,0,1307975
furpa,0.3333333333333333,2,2,GAACGAGTGTTGCTGTTGGG,0,1285361
furpa,0.3333333333333333,2,2,GAACCTTGTCCACTCCATTA,0,1311576
furpa,0.3333333333333333,2,2,GAACCCATAACATGGCTCTA,0,1324231
furpa,0.3333333333333333,2,2,GAACCATTCGTAATCTCGAA,0,1334537
furpa,0.3333333333333333,2,2,GAACATGTATATATATGTTT,0,1298909
furpa,0.3333333333333333,2,2,GAACAGGTTCAGGGGTAATG,0,1340831
furpa,0.3333333333333333,2,2,GAAATTCACAGACGATAATC,0,1352475
furpa,0.3333333333333333,2,2,GAAATGGCGGTCGGCTGGGG,0,1320497
furpa,0.3333333333333333,2,2,GAAATGCGTGACACGCCCTA,0,1314288
furpa,0.3333333333333333,2,2,GAAATCGGTTCGTTCGGTTT,0,1332528
furpa,0.3333333333333333,2,2,GAAAGTGAGTTGGGGCTGAT,0,1271198
furpa,0.3333333333333333,2,2,GAAAGTGAAGCGAAGAGGAT,0,1317691
furpa,0.3333333333333333,2,2,GAAAGTCTCGCACGGTAAGT,0,1356291
furpa,0.3333333333333333,2,2,GAAAGGGGGCCGTCCTTCCG,0,1277101
furpa,0.3333333333333333,2,2,GAAAGGAGTTATCTTGGCCA,0,1315182
furpa,0.3333333333333333,2,2,GAAAGATGGTCTAAATGGAA,0,1353349
furpa,0.3333333333333333,2,2,GAAAGAGATCGGATGTTTGT,0,1350442
furpa,0.3333333333333333,2,2,GAAACCCAATCAAGTTTTAG,0,1319365
furpa,0.3333333333333333,2,2,GAAACACTCTGAGTCTCCCC,0,1345364
furpa,0.3333333333333333,2,2,GAAACAAACCCGAAATTGAT,0,1349845
furpa,0.3333333333333333,2,2,CTTTTTACTAATAACAGTCG,0,1334307
furpa,0.3333333333333333,2,2,CTTTTGCAGTATTTGAATTT,0,1353365
furpa,0.3333333333333333,2,2,CTTTTGAACGGATCCCATTC,0,1311701
furpa,0.3333333333333333,2,2,CTTTTCTGATTTGGCCCTAT,0,1301162
furpa,0.3333333333333333,2,2,CTTTGTTGGTTGAGAATGTC,0,1311357
furpa,0.3333333333333333,2,2,CTTTGGTAGGCCACACGGGA,0,1304961
furpa,0.3333333333333333,2,2,CTTTGGCAGATGTTTGGATC,0,1294620
furpa,0.3333333333333333,2,2,CTTTGCGGGTGCCTCTGAAA,0,1306969
furpa,0.3333333333333333,2,2,CTTTGAAATGCGACTATTCG,0,1311155
furpa,0.3333333333333333,2,2,CTTTCTGCCAGTCTACTGAA,0,1334729
furpa,0.3333333333333333,2,2,CTTTCGTACCAAAGCTCTTT,0,1317735
furpa,0.3333333333333333,2,2,CTTTCCGATCTTGCGTTATC,0,1331989
furpa,0.3333333333333333,2,2,CTTTCCACAATCACTGGGAT,0,1350410
furpa,0.3333333333333333,2,2,CTTTAGAGGGGCAGGACCAC,0,1274194
furpa,0.3333333333333333,2,2,CTTTACCGGAGGCCTATACA,0,1282343
furpa,0.3333333333333333,2,2,CTTGTTTGCGGAAAGACCGG,0,1282454
furpa,0.3333333333333333,2,2,CTTGTTGTTAGATAGGACGG,0,1281097
furpa,0.3333333333333333,2,2,CTTGTTGAGGCCGCGACGCC,0,1327213
furpa,0.3333333333333333,2,2,CTTGTTAGGTGCGCCTAACC,0,1297354
furpa,0.3333333333333333,2,2,CTTGGTTTCAGAGTCCGTAG,0,1285904
furpa,0.3333333333333333,2,2,CTTGGGGGGTAACGTCATTT,0,1330060
furpa,0.3333333333333333,2,2,CTTGGAAGAGGAACACGGAA,0,1285941
furpa,0.3333333333333333,2,2,CTTGCGACTCTCTGCGATCA,0,1293584
furpa,0.3333333333333333,2,2,CTTGCCGGCTATGGCCTAGA,0,1318959
furpa,0.3333333333333333,2,2,CTTGCCACGAGCTTGTTGGC,0,1316770
furpa,0.3333333333333333,2,2,CTTGCATGCTTTACCCTCAA,0,1347980
furpa,0.3333333333333333,2,2,CTTGACCAAAGTCCTGAACA,0,1339164
furpa,0.3333333333333333,2,2,CTTGACATACTGGAAAGCCT,0,1347089
furpa,0.3333333333333333,2,2,CTTGAATAGACGAAAAATTA,0,1318626
furpa,0.3333333333333333,2,2,CTTGAAAGCAATGGGATGAT,0,1277508
furpa,0.3333333333333333,2,2,CTTCTTCTGCGCCCAGAGAG,0,1285578
furpa,0.3333333333333333,2,2,CTTCTGTACTCTGCTTGTGT,0,1293007
furpa,0.3333333333333333,2,2,CTTCTCTCGCCTTTTAACAA,0,1322160
furpa,0.3333333333333333,2,2,CTTCGAGGCATGTCACACTT,0,1319945
furpa,0.3333333333333333,2,2,CTTCGAAAATCTGGTCCCTT,0,1277373
furpa,0.3333333333333333,2,2,CTTCCGGGTACTGTAAATGT,0,1318424
furpa,0.3333333333333333,2,2,CTTCCCCCGGTATTTGAATG,0,1334551
furpa,0.3333333333333333,2,2,CTTCCAGTGCTCCCGGGTCA,0,1356617
furpa,0.3333333333333333,2,2,CTTCAGTATATTGGTGGAGC,0,1283186
furpa,0.3333333333333333,2,2,CTTCACGAGGTATCTTCGAA,0,1292417
furpa,0.3333333333333333,2,2,CTTATTGGTAATCTACCATG,0,1272264
furpa,0.3333333333333333,2,2,CTTATCCCGTTTGCTTTTAA,0,1351861
furpa,0.3333333333333333,2,2,CTTATACTGAGGTCCTCCTA,0,1291018
furpa,0.3333333333333333,2,2,CTTAGTTGCCGGCAGGATCC,0,1292807
furpa,0.3333333333333333,2,2,CTTAGTAGGGGCCTTAGGCT,0,1283392
furpa,0.3333333333333333,2,2,CTTAGAGATAGGGGTTTCCC,0,1282616
furpa,0.3333333333333333,2,2,CTTACGGATTACGTAATCTC,0,1329257
furpa,0.3333333333333333,2,2,CTTACCGCCGGGACCACGCA,0,1343850
furpa,0.3333333333333333,2,2,CTTACCATTGAATGAGGAAT,0,1272906
furpa,0.3333333333333333,2,2,CTTACCATAGTCACGCAGCC,0,1320354
furpa,0.3333333333333333,2,2,CTTACATTTTCATTGATACT,0,1280506
furpa,0.3333333333333333,2,2,CTTAATTTCTTGTAAGGCTA,0,1317548
furpa,0.3333333333333333,2,2,CTTAAGCACTTCCCGAATGG,0,1326366
furpa,0.3333333333333333,2,2,CTGTTTTATTTTCGATACTA,0,1313243
furpa,0.3333333333333333,2,2,CTGTTTGCCCGAGGGGCCAA,0,1318483
furpa,0.3333333333333333,2,2,CTGTTCTGGCTTTTTGACCT,0,1328369
furpa,0.3333333333333333,2,2,CTGTTCCTCTGAGCTTCCGC,0,1316069
furpa,0.3333333333333333,2,2,CTGTTATGTGCACGGAGGAC,0,1320047
furpa,0.3333333333333333,2,2,CTGTTATATCCCCTAGGGTA,0,1290485
furpa,0.3333333333333333,2,2,CTGTTAGATCCATGGCAATA,0,1293952
furpa,0.3333333333333333,2,2,CTGTTACATTGCGCGAGTAA,0,1313703
furpa,0.3333333333333333,2,2,CTGTGGGACGTACATCAAAG,0,1320857
furpa,0.3333333333333333,2,2,CTGTGACGACGAGCCCTCAC,0,1274981
furpa,0.3333333333333333,2,2,CTGTGACCATACCCTATTGG,0,1356583
furpa,0.3333333333333333,2,2,CTGTCCGTATATTAGCACTA,0,1330585
furpa,0.3333333333333333,2,2,CTGTCAGCAAGGTAGCCCGA,0,1299431
furpa,0.3333333333333333,2,2,CTGTCACCGCGCCTGGAGTG,0,1278310
furpa,0.3333333333333333,2,2,CTGTATTCCGGTTGGACCGC,0,1347585
furpa,0.3333333333333333,2,2,CTGTACCTCGGCAACTAGGA,0,1304408
furpa,0.3333333333333333,2,2,CTGGTTGATGTTGGGTATAC,0,1353139
furpa,0.3333333333333333,2,2,CTGGTGGAAACCTTCATCGC,0,1314972
furpa,0.3333333333333333,2,2,CTGGTGAAAGGTATGCACGA,0,1293278
furpa,0.3333333333333333,2,2,CTGGTAGGGTTATGGTGTTC,0,1295641
furpa,0.3333333333333333,2,2,CTGGTACTAAGCTAGCCGTC,0,1339466
furpa,0.3333333333333333,2,2,CTGGGGTAAGCCGAACGTCC,0,1327219
furpa,0.3333333333333333,2,2,CTGGGGTAAATAGGACTGAG,0,1294411
furpa,0.3333333333333333,2,2,CTGGGACTCGACTTCGTCAG,0,1286298
furpa,0.3333333333333333,2,2,CTGGCTGTTAAATTTGTTAT,0,1352222
furpa,0.3333333333333333,2,2,CTGGCTCAATGCTTTCAGCA,0,1317202
furpa,0.3333333333333333,2,2,CTGGCACACTATCCCTAGCA,0,1291515
furpa,0.3333333333333333,2,2,CTGGCAAAATGTTTGTAGAC,0,1327849
furpa,0.3333333333333333,2,2,CTGGATTAGGCCCCGTGTAG,0,1349123
furpa,0.3333333333333333,2,2,CTGGATCAGTCCGCAATCTA,0,1307764
furpa,0.3333333333333333,2,2,CTGGAGAAAGTGCCGCGATG,0,1305903
furpa,0.3333333333333333,2,2,CTGCTGTCCCGTAATATCTC,0,1286545
furpa,0.3333333333333333,2,2,CTGCTGGATTATGGAATAGC,0,1292151
furpa,0.3333333333333333,2,2,CTGCTCTGCCTTGCGCGAGT,0,1329708
furpa,0.3333333333333333,2,2,CTGCTCTCCCAGTACGGGCG,0,1293078
furpa,0.3333333333333333,2,2,CTGCTAGCTAACCAGTGCCT,0,1273179
furpa,0.3333333333333333,2,2,CTGCGGCACCCAAACGTCAC,0,1347577
furpa,0.3333333333333333,2,2,CTGCGAGTCACGTCATGTAG,0,1281788
furpa,0.3333333333333333,2,2,CTGCCTTCACGGAAACCATG,0,1275871
furpa,0.3333333333333333,2,2,CTGCCCAGGCATGGCACCGT,0,1294125
furpa,0.3333333333333333,2,2,CTGCATACCGACTGTAAGCT,0,1353485
furpa,0.3333333333333333,2,2,CTGCAATTTACCGATATAAG,0,1329849
furpa,0.3333333333333333,2,2,CTGCAAAGTGTGGTCCTGCA,0,1296729
furpa,0.3333333333333333,2,2,CTGCAAAATTGTGATCGGTT,0,1271651
furpa,0.3333333333333333,2,2,CTGAGCCAACGCAGAGGCTT,0,1318801
furpa,0.3333333333333333,2,2,CTGACGCTCCCCTGAACGGG,0,1271527
furpa,0.3333333333333333,2,2,CTGACCTGACTAATGTCATA,0,1297099
furpa,0.3333333333333333,2,2,CTGACAGGTATAAAATATCT,0,1343890
furpa,0.3333333333333333,2,2,CTGAAGAGCATAGAGGGCCA,0,1311956
furpa,0.3333333333333333,2,2,CTCTTTGGCCAATCATCGGA,0,1349264
furpa,0.3333333333333333,2,2,CTCTGGACATCGTATGGCCT,0,1307149
furpa,0.3333333333333333,2,2,CTCTGACTGAACGGTGCGTA,0,1337246
furpa,0.3333333333333333,2,2,CTCTCTTCAGAATCTCCCTA,0,1320041
furpa,0.3333333333333333,2,2,CTCTCAGCGTAGTTCCTAAG,0,1316261
furpa,0.3333333333333333,2,2,CTCTATTCCGCCAGAAAGCA,0,1275524
furpa,0.3333333333333333,2,2,CTCTATGTTGACCTCAACAT,0,1352379
furpa,0.3333333333333333,2,2,CTCTACGCACAAGGATTCAC,0,1354471
furpa,0.3333333333333333,2,2,CTCTACAGCTCTTACCGAGG,0,1289086
furpa,0.3333333333333333,2,2,CTCTAATCGTGTCTTTTAAT,0,1287607
furpa,0.3333333333333333,2,2,CTCTAAAAGGTCATCTCTAT,0,1357195
furpa,0.3333333333333333,2,2,CTCGTCAGGTTTTCCAATCG,0,1334691
furpa,0.3333333333333333,2,2,CTCGGTTCGTAACTCGACAT,0,1340434
furpa,0.3333333333333333,2,2,CTCGGTCCGTAATCGAGCAA,0,1311036
furpa,0.3333333333333333,2,2,CTCGGGCTAGCGCCTTCCCC,0,1291209
furpa,0.3333333333333333,2,2,CTCGGATTCTAGCGATAGAC,0,1336342
furpa,0.3333333333333333,2,2,CTCGCGGAAATGGCCGTACA,0,1349255
furpa,0.3333333333333333,2,2,CTCGCATCCGCGTCCCGTAT,0,1294941
furpa,0.3333333333333333,2,2,CTCGCAGATTATCACCCATA,0,1325112
furpa,0.3333333333333333,2,2,CTCGACCAGGTCGGCGGGAG,0,1311277
furpa,0.3333333333333333,2,2,CTCGAAGTGCAGATTTTCCT,0,1310339
furpa,0.3333333333333333,2,2,CTCCTTAAGAACCGACGGGT,0,1330008
furpa,0.3333333333333333,2,2,CTCCTGCTTTAGCTACGGGA,0,1298071
furpa,0.3333333333333333,2,2,CTCCTGCTGATCTACTAAGA,0,1332979
furpa,0.3333333333333333,2,2,CTCCTCGAATATACATACTT,0,1293634
furpa,0.3333333333333333,2,2,CTCCTCCGTACGTAAACAGT,0,1346963
furpa,0.3333333333333333,2,2,CTCCTCCCCGGGTTTGGCAG,0,1338706
furpa,0.3333333333333333,2,2,CTCCGTATGGCTTCCCGATA,0,1314282
furpa,0.3333333333333333,2,2,CTCCGGCTCCGGATTAAAGT,0,1282112
furpa,0.3333333333333333,2,2,CTCCGACAAGGGCTCTAGAC,0,1286289
furpa,0.3333333333333333,2,2,CTCCCGCCGTACAAATAGGC,0,1279582
furpa,0.3333333333333333,2,2,CTCCAGAGGGGAGCTTCACC,0,1349938
furpa,0.3333333333333333,2,2,CTCCACGTGGATTGGGCTTT,0,1332305
furpa,0.3333333333333333,2,2,CTCCAAAAAACCAACCCTAC,0,1274406
furpa,0.3333333333333333,2,2,CTCATCTCGCCGACACAACC,0,1353380
furpa,0.3333333333333333,2,2,CTCATCAAGATCAACGCTAT,0,1353851
furpa,0.3333333333333333,2,2,CTCAGGTAGATCGTAAGGAC,0,1350630
furpa,0.3333333333333333,2,2,CTCAGCGCCTGCTTTAGAGC,0,1302452
furpa,0.3333333333333333,2,2,CTCAGCCTGCTCACAAACGA,0,1306706
furpa,0.3333333333333333,2,2,CTCACTTTAAGTAGTGCTTT,0,1281013
furpa,0.3333333333333333,2,2,CTCACTTACACGAACGATAG,0,1277129
furpa,0.3333333333333333,2,2,CTCACTCCTTTTGCGGCTGT,0,1327924
furpa,0.3333333333333333,2,2,CTCACGACCTCCGCTAATGA,0,1305153
furpa,0.3333333333333333,2,2,CTCACGAATGGACAACGTAA,0,1305454
furpa,0.3333333333333333,2,2,CTCAATGAACTGATTGGTAA,0,1332201
furpa,0.3333333333333333,2,2,CTCAAGACTGCACGGAATGT,0,1311395
furpa,0.3333333333333333,2,2,CTATTTTAGTTGACTCGTAC,0,1289221
furpa,0.3333333333333333,2,2,CTATTGCCCTTGCGACCGCG,0,1340248
furpa,0.3333333333333333,2,2,CTATTGCCCGTCCCACGAAT,0,1313553
furpa,0.3333333333333333,2,2,CTATTCGTTCTGTGAGAAGA,0,1342891
furpa,0.3333333333333333,2,2,CTATTAGGTCATTAGATAGC,0,1347240
furpa,0.3333333333333333,2,2,CTATTAAAGGATCGCGTAGA,0,1283697
furpa,0.3333333333333333,2,2,CTATCGCCTTCAATCCATGC,0,1337881
furpa,0.3333333333333333,2,2,CTATCCTGTCGAGGGGTTGA,0,1289519
furpa,0.3333333333333333,2,2,CTATCAAGCCTTTGACGATT,0,1307740
furpa,0.3333333333333333,2,2,CTATCAAATCTCCAATTCCG,0,1298836
furpa,0.3333333333333333,2,2,CTATAGGATTCGTGGCACTC,0,1321223
furpa,0.3333333333333333,2,2,CTATAGAGGCGATTAGTGAG,0,1292920
furpa,0.3333333333333333,2,2,CTATAACGCTGATTACAGGT,0,1355381
furpa,0.3333333333333333,2,2,CTAGTTAGGAGAAGAGAAGT,0,1300914
furpa,0.3333333333333333,2,2,CTAGTGCAGCGGGAGTATTT,0,1352251
furpa,0.3333333333333333,2,2,CTAGTCAAAAACAGTAGTGA,0,1309604
furpa,0.3333333333333333,2,2,CTAGTAGGGACCCAGATCCA,0,1346248
furpa,0.3333333333333333,2,2,CTAGGTCCTGCTGTGGGCGT,0,1320292
furpa,0.3333333333333333,2,2,CTAGGTCATACGGCAGGGGT,0,1275500
furpa,0.3333333333333333,2,2,CTAGGTCACGTAATCTGAAA,0,1272518
furpa,0.3333333333333333,2,2,CTAGGTACCCATCTCCTTTA,0,1297471
furpa,0.3333333333333333,2,2,CTAGGGAGATGTTATGCGAG,0,1279446
furpa,0.3333333333333333,2,2,CTAGCTCCTGAGTAGGGTTC,0,1286122
furpa,0.3333333333333333,2,2,CTAGCGGGGACAGGTTGGGA,0,1342527
furpa,0.3333333333333333,2,2,CTAGCGGCGGCATTAGATTA,0,1329100
furpa,0.3333333333333333,2,2,CTAGATCATATTGGCTTGGC,0,1283432
furpa,0.3333333333333333,2,2,CTAGAGATATCTCGGTGTAG,0,1355491
furpa,0.3333333333333333,2,2,CTAGAGAGGGAAGAGTCTCG,0,1275938
furpa,0.3333333333333333,2,2,CTAGACTCAGGCGCGGATGG,0,1317550
furpa,0.3333333333333333,2,2,CTAGACCCACGCGACTACCA,0,1309784
furpa,0.3333333333333333,2,2,CTAGAAATAGCTACTCATGC,0,1288977
furpa,0.3333333333333333,2,2,CTACTTTCCCAAAGCCATAT,0,1350327
furpa,0.3333333333333333,2,2,CTACTGGGGATTTGTCGCCA,0,1344755
furpa,0.3333333333333333,2,2,CTACTGGCACTCCTAAGCGC,0,1334157
furpa,0.3333333333333333,2,2,CTACTAACCCATTTGGACGT,0,1324950
furpa,0.3333333333333333,2,2,CTACGTAGTCTCCTTCGGGT,0,1342356
furpa,0.3333333333333333,2,2,CTACGGCTCGTCAGATGACG,0,1341155
furpa,0.3333333333333333,2,2,CTACGCTCGATGTACGATCA,0,1356495
furpa,0.3333333333333333,2,2,CTACCGGTACATAACGGTCA,0,1356430
furpa,0.3333333333333333,2,2,CTACACCCTTAACACCTATA,0,1278380
furpa,0.3333333333333333,2,2,CTACAAGAGTCGCCCATATG,0,1290320
furpa,0.3333333333333333,2,2,CTACAACGTCTCATTGACGG,0,1317496
furpa,0.3333333333333333,2,2,CTACAAACCGTCTGCGGTTA,0,1342971
furpa,0.3333333333333333,2,2,CTAATTATGTGATCGGTCTG,0,1325854
furpa,0.3333333333333333,2,2,CTAAGTTAAATGGCCGGTAA,0,1302707
furpa,0.3333333333333333,2,2,CTAAGTGGCACAAGTTTTCG,0,1302593
furpa,0.3333333333333333,2,2,CTAAGCTTAGGCTTCTTTAC,0,1301266
furpa,0.3333333333333333,2,2,CTAAGAGAAATACGGTCTGG,0,1328892
furpa,0.3333333333333333,2,2,CTAAGAAAGAGATGTGCTTT,0,1319171
furpa,0.3333333333333333,2,2,CTAACTTGAATGAAAATTGA,0,1355133
furpa,0.3333333333333333,2,2,CTAACGTTAATGGCCTTATG,0,1344722
furpa,0.3333333333333333,2,2,CTAACGAGTCCAATGAGTAG,0,1291570
furpa,0.3333333333333333,2,2,CTAACCGGAGCAAGGCTGAC,0,1343966
furpa,0.3333333333333333,2,2,CTAAAGGATAACTGGTCATA,0,1347084
furpa,0.3333333333333333,2,2,CTAAACGATGTTCGTAGTTC,0,1289412
furpa,0.3333333333333333,2,2,CTAAAATCGGTTCTTAGAGG,0,1307548
furpa,0.3333333333333333,2,2,CTAAAAGCTGAGAGTGAGGC,0,1294327
furpa,0.3333333333333333,2,2,CGTTTTCTCGCCAGCTTGTT,0,1312486
furpa,0.3333333333333333,2,2,CGTTTTATGAGCTGCAGAGT,0,1354774
furpa,0.3333333333333333,2,2,CGTTTTAGAGAAGTGCTCTG,0,1307836
furpa,0.3333333333333333,2,2,CGTTTCGAACTGGGATGCTC,0,1279041
furpa,0.3333333333333333,2,2,CGTTTCCGGAATAGAGTTAG,0,1336774
furpa,0.3333333333333333,2,2,CGTTTCAGATGTAATAGCCC,0,1303662
furpa,0.3333333333333333,2,2,CGTTGTCACTACTAAAAGAT,0,1357004
furpa,0.3333333333333333,2,2,CGTTGGGCTAGCTGCGGAAG,0,1324786
furpa,0.3333333333333333,2,2,CGTTGAGGCTTCGCCGTCGG,0,1321878
furpa,0.3333333333333333,2,2,CGTTCTGAAGCTGAGGAGGT,0,1304436
furpa,0.3333333333333333,2,2,CGTTCGCGCGTGCAGCGCCC,0,1275842
furpa,0.3333333333333333,2,2,CGTTCGAAGAATCCGGCTAA,0,1300206
furpa,0.3333333333333333,2,2,CGTTATCCTGAGTGGTAGGT,0,1333841
furpa,0.3333333333333333,2,2,CGTTAGTTTGGCTCGGCGGA,0,1334281
furpa,0.3333333333333333,2,2,CGTTAGACCCTGGGACGTAG,0,1293803
furpa,0.3333333333333333,2,2,CGTGTTTTAGTAGCTGGGAA,0,1275934
furpa,0.3333333333333333,2,2,CGTGTGCATAATTACAGAGT,0,1354152
furpa,0.3333333333333333,2,2,CGTGTCGCAATCATGGTGGT,0,1310318
furpa,0.3333333333333333,2,2,CGTGTAGACAAGTACGGAAT,0,1314340
furpa,0.3333333333333333,2,2,CGTGGCGCGGGGCGTACGTA,0,1344013
furpa,0.3333333333333333,2,2,CGTGGCATGCGCCGAGAGTG,0,1326668
furpa,0.3333333333333333,2,2,CGTGCTGATTGACCGGGGCT,0,1319575
furpa,0.3333333333333333,2,2,CGTGCTCCCGGCAAACATGG,0,1294800
furpa,0.3333333333333333,2,2,CGTGCAGCGACGACATGAGC,0,1339211
furpa,0.3333333333333333,2,2,CGTGATCCCACTTCTCAATC,0,1306095
furpa,0.3333333333333333,2,2,CGTGACCCGTCGCACTGACC,0,1288600
furpa,0.3333333333333333,2,2,CGTGAATATAGCATGCTATC,0,1280709
furpa,0.3333333333333333,2,2,CGTGAAGCTGATCGGACTAG,0,1299538
furpa,0.3333333333333333,2,2,CGTGAACGCTCGGCGCAAAA,0,1284003
furpa,0.3333333333333333,2,2,CGTCTTAGATCTAGGTGCTT,0,1347010
furpa,0.3333333333333333,2,2,CGTCTGGCCCACACCTGGCC,0,1301044
furpa,0.3333333333333333,2,2,CGTCTGCGCTGCGTGGGTTG,0,1286907
furpa,0.3333333333333333,2,2,CGTCTCTACGGAGGCCACCT,0,1329724
furpa,0.3333333333333333,2,2,CGTCTCCTAGTTTCGGACTG,0,1295305
furpa,0.3333333333333333,2,2,CGTCTATTATTGGGCAAATT,0,1272321
furpa,0.3333333333333333,2,2,CGTCTAAATACTGATTAATC,0,1353526
furpa,0.3333333333333333,2,2,CGTCGTCCAGGTAGCTGGAG,0,1317042
furpa,0.3333333333333333,2,2,CGTCGGTGTTGGTATTCGCT,0,1340042
furpa,0.3333333333333333,2,2,CGTCCTTGCCCACAGCGCGA,0,1329932
furpa,0.3333333333333333,2,2,CGTCCTTAAGGACGCTTGGA,0,1312619
furpa,0.3333333333333333,2,2,CGTCCTGGCTTAAAACACGT,0,1286882
furpa,0.3333333333333333,2,2,CGTCCTCATTGCCCTCAAAT,0,1299925
furpa,0.3333333333333333,2,2,CGTCCGTCCGGGCGAAGGCC,0,1293603
furpa,0.3333333333333333,2,2,CGTCCGTACAATCGATAGCA,0,1339325
furpa,0.3333333333333333,2,2,CGTCCGCAGGCCCTTCGTTA,0,1333482
furpa,0.3333333333333333,2,2,CGTCCATGGCCTTGGAGCCA,0,1287365
furpa,0.3333333333333333,2,2,CGTCCAGGGATGAAGTAGAT,0,1273526
furpa,0.3333333333333333,2,2,CGTCACTGAACGCTGTCGTT,0,1330902
furpa,0.3333333333333333,2,2,CGTATGCATCCGAGTCGTCT,0,1312894
furpa,0.3333333333333333,2,2,CGTATGATTTGTAACAGAGT,0,1348559
furpa,0.3333333333333333,2,2,CGTATCTGACAAACGCCATT,0,1327249
furpa,0.3333333333333333,2,2,CGTATAGATCCGCTACCTCC,0,1316513
furpa,0.3333333333333333,2,2,CGTATACTCTAAGCAGCAGC,0,1285815
furpa,0.3333333333333333,2,2,CGTAGTTATCTGCGCCTCCA,0,1345295
furpa,0.3333333333333333,2,2,CGTAGCAATAGTATTTGTTA,0,1273427
furpa,0.3333333333333333,2,2,CGTAGATGCGGTATATCCGG,0,1334367
furpa,0.3333333333333333,2,2,CGTAGAGGAACCTGCGGATG,0,1338132
furpa,0.3333333333333333,2,2,CGTACGTTTTTCGCTCTAAC,0,1293737
furpa,0.3333333333333333,2,2,CGTAACCCTCTGCTGGCCTA,0,1300875
furpa,0.3333333333333333,2,2,CGTAAAGTTATTATTATGAG,0,1300169
furpa,0.3333333333333333,2,2,CGTAAACGTATAGGGATCAA,0,1355436
furpa,0.3333333333333333,2,2,CGTAAAAAGGCAGTATCCAT,0,1340178
furpa,0.3333333333333333,2,2,CGGTTTGGCTCTGGGTTATG,0,1293243
furpa,0.3333333333333333,2,2,CGGTTTGGACACCTCATGCT,0,1276934
furpa,0.3333333333333333,2,2,CGGTTGTGCGACCCGAGGGA,0,1352677
furpa,0.3333333333333333,2,2,CGGTTCTTGCACTATCTTTG,0,1286791
furpa,0.3333333333333333,2,2,CGGTTCTTCACGAATGTTGA,0,1313391
furpa,0.3333333333333333,2,2,CGGTTCTACCCGGGATTGAA,0,1322385
furpa,0.3333333333333333,2,2,CGGTTCGAGCCAAGCCCTTT,0,1291577
furpa,0.3333333333333333,2,2,CGGTTCAACCTTCGTCCGGA,0,1350608
furpa,0.3333333333333333,2,2,CGGTTAGCTGGCGCGTCCTA,0,1323399
furpa,0.3333333333333333,2,2,CGGTTACTTCCCGTGTCTAT,0,1289905
furpa,0.3333333333333333,2,2,CGGTGTCTACGTGTCGCACG,0,1296993
furpa,0.3333333333333333,2,2,CGGTGGAGCCAAACAGTATG,0,1273916
furpa,0.3333333333333333,2,2,CGGTCTAGCTTCGGGATTGG,0,1315577
furpa,0.3333333333333333,2,2,CGGTCGTAGAACCACGGTGA,0,1329812
furpa,0.3333333333333333,2,2,CGGTCATATTCGGCACTTAC,0,1346720
furpa,0.3333333333333333,2,2,CGGTCAACCTTGGACACAGG,0,1347041
furpa,0.3333333333333333,2,2,CGGTAATCCCCGATCGCCTT,0,1348328
furpa,0.3333333333333333,2,2,CGGGTGGTTCATAGGTTTGG,0,1340971
furpa,0.3333333333333333,2,2,CGGGTGGACATCGGGAAACA,0,1319714
furpa,0.3333333333333333,2,2,CGGGTGCCAACAACAACAAT,0,1331545
furpa,0.3333333333333333,2,2,CGGGTCCGAGAGGAGGTCTG,0,1339815
furpa,0.3333333333333333,2,2,CGGGTCATTGTTCCCAGCCG,0,1346351
furpa,0.3333333333333333,2,2,CGGGTAGTGACTCCACGTTT,0,1330215
furpa,0.3333333333333333,2,2,CGGGGGGCGACGCATTCATC,0,1318612
furpa,0.3333333333333333,2,2,CGGGGAGATCTCAACGCCAT,0,1277863
furpa,0.3333333333333333,2,2,CGGGGACAAGAGAGGTACAT,0,1271882
furpa,0.3333333333333333,2,2,CGGGGAATGGCAGGCTACAA,0,1346038
furpa,0.3333333333333333,2,2,CGGGCTCCCAACTTAGCGAT,0,1305221
furpa,0.3333333333333333,2,2,CGGGCTAGATGGCATGACGA,0,1317435
furpa,0.3333333333333333,2,2,CGGGCTAACATTGGTGACAA,0,1313023
furpa,0.3333333333333333,2,2,CGGGCCGTTTTAATAGGTCT,0,1312108
furpa,0.3333333333333333,2,2,CGGGCCGGCAAAGAGGAGTT,0,1341683
furpa,0.3333333333333333,2,2,CGGGCCCCATGATCGTTAAG,0,1326605
furpa,0.3333333333333333,2,2,CGGGCATATGTGGTTTGGGA,0,1309181
furpa,0.3333333333333333,2,2,CGGGCACTCGATATTGTTCC,0,1304907
furpa,0.3333333333333333,2,2,CGGGATGCCAGCAAGGTCAA,0,1354705
furpa,0.3333333333333333,2,2,CGGCTTGTGGACACGCTTTG,0,1339791
furpa,0.3333333333333333,2,2,CGGCTTCGGGGGGACAAATC,0,1353706
furpa,0.3333333333333333,2,2,CGGCTTAGAATTTCTACTGG,0,1320501
furpa,0.3333333333333333,2,2,CGGCTGGCTGTGTCTGAATT,0,1286591
furpa,0.3333333333333333,2,2,CGGCTGGACTCCTGGCATTA,0,1289043
furpa,0.3333333333333333,2,2,CGGCTGAATAGTATTAATTT,0,1325970
furpa,0.3333333333333333,2,2,CGGCTCAGATTTCCCTGTGG,0,1274986
furpa,0.3333333333333333,2,2,CGGCTAGTCGCCCCGCCGAC,0,1278766
furpa,0.3333333333333333,2,2,CGGCGGCTTTACTTAAAAAA,0,1294256
furpa,0.3333333333333333,2,2,CGGCCTTGTGGAGATGAGTC,0,1278611
furpa,0.3333333333333333,2,2,CGGCCTTCATCGCGCACGCA,0,1357370
furpa,0.3333333333333333,2,2,CGGCCCACGGAGACCAGCGG,0,1345471
furpa,0.3333333333333333,2,2,CGGCATAGAGTCGGGGGCTT,0,1292264
furpa,0.3333333333333333,2,2,CGGCATACCACTCTGACCCA,0,1299013
furpa,0.3333333333333333,2,2,CGGCAGTGCGTTGCGGCTAA,0,1329396
furpa,0.3333333333333333,2,2,CGGCAGAGCAACGTGTTGCA,0,1299378
furpa,0.3333333333333333,2,2,CGGCAAGTAATCACTACCAA,0,1315320
furpa,0.3333333333333333,2,2,CGGCAAAGTGGCAGGGCGCG,0,1283296
furpa,0.3333333333333333,2,2,CGGATTGAACGCAACTTACA,0,1357510
furpa,0.3333333333333333,2,2,CGGATGATTGAACTTTAGGC,0,1287999
furpa,0.3333333333333333,2,2,CGGATAGGGGCATTCTCGAC,0,1284728
furpa,0.3333333333333333,2,2,CGGATAATGCCATCTCGTCG,0,1284575
furpa,0.3333333333333333,2,2,CGGAGTTGTGGGCATTTAAG,0,1297542
furpa,0.3333333333333333,2,2,CGGAGACTCTGATTACAAGA,0,1328153
furpa,0.3333333333333333,2,2,CGGAGAAGGGATATCGCCAA,0,1319856
furpa,0.3333333333333333,2,2,CGGACGCCCGCGTTGAGCGC,0,1335530
furpa,0.3333333333333333,2,2,CGGACCTTTTCCACCTGCGG,0,1277189
furpa,0.3333333333333333,2,2,CGGACCTCCTAGCTATGACC,0,1346944
furpa,0.3333333333333333,2,2,CGGAAAACCACGGATTTCTG,0,1278522
furpa,0.3333333333333333,2,2,CGCTTTTTTTCTGTTTCGGA,0,1286919
furpa,0.3333333333333333,2,2,CGCTTGCGTGCGATATACTA,0,1313672
furpa,0.3333333333333333,2,2,CGCTGTACTCCAAAGCGCAG,0,1310789
furpa,0.3333333333333333,2,2,CGCTGGTTGATGTATAAGGC,0,1298006
furpa,0.3333333333333333,2,2,CGCTGGAAGTGGTCAACTAG,0,1333644
furpa,0.3333333333333333,2,2,CGCTGCATCACGTGAGGCAT,0,1356482
furpa,0.3333333333333333,2,2,CGCTGATTTGATTAACTTCG,0,1294486
furpa,0.3333333333333333,2,2,CGCTCGGACTTCAACTTTCT,0,1272107
furpa,0.3333333333333333,2,2,CGCTCCTTGAGAATCGAGGT,0,1341853
furpa,0.3333333333333333,2,2,CGCTCACTTGAACCAGTTTG,0,1313670
furpa,0.3333333333333333,2,2,CGCTATCTTGTAGTTTAGTA,0,1282789
furpa,0.3333333333333333,2,2,CGCTATCGGAAGTAAGGAGA,0,1306611
furpa,0.3333333333333333,2,2,CGCTAGGTTGGGTGCGCCGA,0,1300052
furpa,0.3333333333333333,2,2,CGCTAGGAGCGCGTGCAGGA,0,1279110
furpa,0.3333333333333333,2,2,CGCTAATTACCGTAAGGCTG,0,1286589
furpa,0.3333333333333333,2,2,CGCGTGGCGACGAAGTTCTC,0,1322028
furpa,0.3333333333333333,2,2,CGCGTGGACATGCCCAGAGT,0,1321199
furpa,0.3333333333333333,2,2,CGCGTCAAGTTACAGCTCTA,0,1339620
furpa,0.3333333333333333,2,2,CGCGTAATCTGTACGCCTCC,0,1355932
furpa,0.3333333333333333,2,2,CGCGGTTTTATAGGCGCCGC,0,1290114
furpa,0.3333333333333333,2,2,CGCGGTTGCGTTCTCGTTAT,0,1306072
furpa,0.3333333333333333,2,2,CGCGGCACCCCTGTACGCGC,0,1286645
furpa,0.3333333333333333,2,2,CGCGGATTTTGTCTAGTGTG,0,1284018
furpa,0.3333333333333333,2,2,CGCGGATTATCCGTTACGCC,0,1273373
furpa,0.3333333333333333,2,2,CGCGGAAGCGGAAAGCTGTT,0,1344411
furpa,0.3333333333333333,2,2,CGCGCTGTCACAGGAGTCGT,0,1353192
furpa,0.3333333333333333,2,2,CGCGCTATAGAGAGTAGAGT,0,1288762
furpa,0.3333333333333333,2,2,CGCGCTAAGAGCTGGAAAGG,0,1355424
furpa,0.3333333333333333,2,2,CGCGCGTGCGGGCGGATAAC,0,1313732
furpa,0.3333333333333333,2,2,CGCGCGTGCCTCATTTAGCC,0,1286146
furpa,0.3333333333333333,2,2,CGCGCGTAGGTATGCGCACC,0,1279793
furpa,0.3333333333333333,2,2,CGCCTGACATTTGTAATGGA,0,1308317
furpa,0.3333333333333333,2,2,CGCCGTATCCTAGCGGTTCT,0,1349268
furpa,0.3333333333333333,2,2,CGCCGGGTAAAGATTGGCTG,0,1338766
furpa,0.3333333333333333,2,2,CGCCGAAATTACGTGGAATT,0,1303996
furpa,0.3333333333333333,2,2,CGCCCGCAGAGAAGAGCACA,0,1279018
furpa,0.3333333333333333,2,2,CGCCCGACGGTCGAGCTCTG,0,1291168
furpa,0.3333333333333333,2,2,CGCCCAAGGCGTATGAAAGA,0,1290151
furpa,0.3333333333333333,2,2,CGCCATGAAGGGTTTGAGAC,0,1328773
furpa,0.3333333333333333,2,2,CGCCATAAGCCAGGGGATCG,0,1357768
furpa,0.3333333333333333,2,2,CGCCACGATCATGTGGATTC,0,1319031
furpa,0.3333333333333333,2,2,CGCCAACCCTTTCATAGGCT,0,1289231
furpa,0.3333333333333333,2,2,CGCATCGGTCGATTCCATGC,0,1277061
furpa,0.3333333333333333,2,2,CGCATAGGAACGGACTCCAG,0,1356489
furpa,0.3333333333333333,2,2,CGCAGTTCTTAGGTGAGGAG,0,1333235
furpa,0.3333333333333333,2,2,CGCAGTGTTCTTAAAACAAT,0,1353419
furpa,0.3333333333333333,2,2,CGCAGTCTTAAGTGTGAAAC,0,1341800
furpa,0.3333333333333333,2,2,CGCAGTACAGTCTGAATACT,0,1340929
furpa,0.3333333333333333,2,2,CGCAGTACAGGGTCGTCTTA,0,1357284
furpa,0.3333333333333333,2,2,CGCAGCTATTAAGTTCATAG,0,1326948
furpa,0.3333333333333333,2,2,CGCAGAATCGCACTGGGTCT,0,1276882
furpa,0.3333333333333333,2,2,CGCACTGTCAGGGTGGGAAG,0,1327190
furpa,0.3333333333333333,2,2,CGCACTGCTTACAACAGCGT,0,1343738
furpa,0.3333333333333333,2,2,CGCACGTTCGGGAAAGCGAA,0,1323001
furpa,0.3333333333333333,2,2,CGCACAAATAAGGCACAACC,0,1352962
furpa,0.3333333333333333,2,2,CGCAAGAACTCTACGTGTGT,0,1295377
furpa,0.3333333333333333,2,2,CGCAAAAAGGTGGGCCGGTA,0,1281072
furpa,0.3333333333333333,2,2,CGATTTGTCATAATCCGGAG,0,1347411
furpa,0.3333333333333333,2,2,CGATTTGGAACAAACATCTA,0,1329267
furpa,0.3333333333333333,2,2,CGATTAATACAAACGGAAGT,0,1291877
furpa,0.3333333333333333,2,2,CGATGGAAATGTCCAAAGAA,0,1334540
furpa,0.3333333333333333,2,2,CGATCGAGGAGTTCTTTAAC,0,1317015
furpa,0.3333333333333333,2,2,CGATCGACTACAGACCGTGC,0,1345661
furpa,0.3333333333333333,2,2,CGATCCCCTGCTAGTACAAG,0,1324600
furpa,0.3333333333333333,2,2,CGATCCCCTACGAAACAGGG,0,1350657
furpa,0.3333333333333333,2,2,CGATCCATCTTCAATATGAG,0,1306179
furpa,0.3333333333333333,2,2,CGATCAATCGCACCGCTCAT,0,1319906
furpa,0.3333333333333333,2,2,CGATACGGATCAGCTTGAGT,0,1285846
furpa,0.3333333333333333,2,2,CGAGTCATGTACGCGCTCGT,0,1353769
furpa,0.3333333333333333,2,2,CGAGGTGGGGGATGTCGCAT,0,1275942
furpa,0.3333333333333333,2,2,CGAGGTGACCGATTGGGGTC,0,1294942
furpa,0.3333333333333333,2,2,CGAGGGTTGGTATAGGCTTA,0,1328156
furpa,0.3333333333333333,2,2,CGAGGAGTAAGAGCGTTTTT,0,1350233
furpa,0.3333333333333333,2,2,CGAGGAGCGACCCCTCGCTG,0,1328217
furpa,0.3333333333333333,2,2,CGAGGACATAAGAGCCCTTT,0,1319118
furpa,0.3333333333333333,2,2,CGAGATCGATCGTTATTAGA,0,1294962
furpa,0.3333333333333333,2,2,CGAGAAGGTGTCAACTCGTT,0,1304155
furpa,0.3333333333333333,2,2,CGACGTTAGCGTCGTAGAAT,0,1329994
furpa,0.3333333333333333,2,2,CGACGTATCTATTGACATAT,0,1305164
furpa,0.3333333333333333,2,2,CGACGCGATTTTTAATACCT,0,1284151
furpa,0.3333333333333333,2,2,CGACGACTCCGTCATCAGCG,0,1339554
furpa,0.3333333333333333,2,2,CGACCCGTAGGCTTAGTGTA,0,1298918
furpa,0.3333333333333333,2,2,CGACCCCGATGATTTGAACG,0,1272744
furpa,0.3333333333333333,2,2,CGACAGATATCGTTGATGGA,0,1352164
furpa,0.3333333333333333,2,2,CGACACTAATCAGGGCAAAA,0,1345259
furpa,0.3333333333333333,2,2,CGAATGTTGTCGTAAGAGGT,0,1331148
furpa,0.3333333333333333,2,2,CGAATGCCGAGTTGAATAGA,0,1331209
furpa,0.3333333333333333,2,2,CGAATCTGCTAGAGTTGGGG,0,1339116
furpa,0.3333333333333333,2,2,CGAATACCTCAGGTGACTAA,0,1302084
furpa,0.3333333333333333,2,2,CGAAGTGTGAGCACTTTCAA,0,1347066
furpa,0.3333333333333333,2,2,CGAAGGTATCCATGCGTAAG,0,1313988
furpa,0.3333333333333333,2,2,CGAAGGTACTGAAACGTTGT,0,1283709
furpa,0.3333333333333333,2,2,CGAAGGCCACCCCCCTATTA,0,1313989
furpa,0.3333333333333333,2,2,CGAAGAAACTCACGAACGCA,0,1346082
furpa,0.3333333333333333,2,2,CGAACCTGGGGGGGGAACAC,0,1300858
furpa,0.3333333333333333,2,2,CGAACAACCCAAGCTACGAA,0,1281003
furpa,0.3333333333333333,2,2,CGAAAGGAGGAAGACATATA,0,1275835
furpa,0.3333333333333333,2,2,CCTTTTGCAACACACGGCGT,0,1280702
furpa,0.3333333333333333,2,2,CCTTTGTGTCAACCACAGGT,0,1320043
furpa,0.3333333333333333,2,2,CCTTGTTTACCTATATGCGA,0,1274013
furpa,0.3333333333333333,2,2,CCTTGCGAAAGTTATCTTTG,0,1323610
furpa,0.3333333333333333,2,2,CCTTGCACAGCCCTCGGCGA,0,1283711
furpa,0.3333333333333333,2,2,CCTTCTGCTTCCCCGGAGTA,0,1317242
furpa,0.3333333333333333,2,2,CCTTCCCTAAGAATGTGTGA,0,1349198
furpa,0.3333333333333333,2,2,CCTTCACGCAGTTCGTCGGT,0,1290218
furpa,0.3333333333333333,2,2,CCTTATTGATCGCTTCACTA,0,1288922
furpa,0.3333333333333333,2,2,CCTTATCATTTATACTGATA,0,1346046
furpa,0.3333333333333333,2,2,CCTTACTTCCGCCCGGCACC,0,1326041
furpa,0.3333333333333333,2,2,CCTTACATCAGTCGTTTCAC,0,1320060
furpa,0.3333333333333333,2,2,CCTGTTAGTTCTGACTGTTA,0,1332981
furpa,0.3333333333333333,2,2,CCTGGCCTTTACGATAGGGC,0,1334135
furpa,0.3333333333333333,2,2,CCTGCTGTTGCCATGCGCTG,0,1314310
furpa,0.3333333333333333,2,2,CCTGCCATTTTCATTGATAT,0,1331144
furpa,0.3333333333333333,2,2,CCTGCATTGCATGTAGCCAT,0,1310210
furpa,0.3333333333333333,2,2,CCTGCAGAGGCCTGCACTAG,0,1336293
furpa,0.3333333333333333,2,2,CCTGCAATGGCGTATCCATG,0,1323358
furpa,0.3333333333333333,2,2,CCTGAGTCCACCACTCGGAT,0,1298167
furpa,0.3333333333333333,2,2,CCTGACGAAGTCATAGGCTC,0,1292284
furpa,0.3333333333333333,2,2,CCTGAAGCCACTGCATACGT,0,1355456
furpa,0.3333333333333333,2,2,CCTCTTCTCTCAGTATACCC,0,1309952
furpa,0.3333333333333333,2,2,CCTCTGTGGCGTGTGGGTGG,0,1345133
furpa,0.3333333333333333,2,2,CCTCTGCCGGCCGAGCCCAT,0,1309320
furpa,0.3333333333333333,2,2,CCTCTAGCGCGGGTTTGTTG,0,1291077
furpa,0.3333333333333333,2,2,CCTCTAAGGGTTACGTGATC,0,1283117
furpa,0.3333333333333333,2,2,CCTCGTTAGTTAATATAGGA,0,1334037
furpa,0.3333333333333333,2,2,CCTCGTAGGTTCCAGAAGCC,0,1278851
furpa,0.3333333333333333,2,2,CCTCGTAACCTGCTGGGGGT,0,1293384
furpa,0.3333333333333333,2,2,CCTCGCTCATGATAGTCATA,0,1325710
furpa,0.3333333333333333,2,2,CCTCCGCAGGTTGTAGTGGG,0,1349673
furpa,0.3333333333333333,2,2,CCTCCCAAAATATACCGCAA,0,1320016
furpa,0.3333333333333333,2,2,CCTATTCGGTCTGCACGATA,0,1335208
furpa,0.3333333333333333,2,2,CCTATGAACTTCGTTCTCGG,0,1326851
furpa,0.3333333333333333,2,2,CCTATGAACTTCCACGCGGT,0,1332845
furpa,0.3333333333333333,2,2,CCTATAGATAAGAGTAGAAA,0,1350477
furpa,0.3333333333333333,2,2,CCTAGGTGTTCATGTCGAAC,0,1323923
furpa,0.3333333333333333,2,2,CCTACTGATATTGAGTCGAT,0,1312565
furpa,0.3333333333333333,2,2,CCTACTCGGACTCTGCGGGG,0,1293532
furpa,0.3333333333333333,2,2,CCTACATGACGATCGGGTAA,0,1290044
furpa,0.3333333333333333,2,2,CCTACAATATCTGCTGCACA,0,1275467
furpa,0.3333333333333333,2,2,CCTAAGGAAGGGCCTACTCC,0,1271347
furpa,0.3333333333333333,2,2,CCGTTGCTGACGGTAGGCCA,0,1316645
furpa,0.3333333333333333,2,2,CCGTTCTCTCTTAACGGGTG,0,1311005
furpa,0.3333333333333333,2,2,CCGTTAGTATAGTATGGACC,0,1353700
furpa,0.3333333333333333,2,2,CCGTTAATGGATCTATTATA,0,1328333
furpa,0.3333333333333333,2,2,CCGTGGCAGATCCACACTTG,0,1302627
furpa,0.3333333333333333,2,2,CCGTGCGCAAATTCATGTTT,0,1330680
furpa,0.3333333333333333,2,2,CCGTGACCACCATATTAACG,0,1328814
furpa,0.3333333333333333,2,2,CCGTCTTTTGATTTCAACCG,0,1348881
furpa,0.3333333333333333,2,2,CCGTCTTCCTAAGCATATTT,0,1338284
furpa,0.3333333333333333,2,2,CCGTCCGCAAAACACGAATG,0,1356471
furpa,0.3333333333333333,2,2,CCGTCCGATTCTCTCTGGCT,0,1290418
furpa,0.3333333333333333,2,2,CCGTCCCGGCTACTTGGCTT,0,1352959
furpa,0.3333333333333333,2,2,CCGTCAATGGTGTGCGCGCT,0,1318576
furpa,0.3333333333333333,2,2,CCGTATATGGGACTTATGGG,0,1276870
furpa,0.3333333333333333,2,2,CCGTATAGTCGCCCAATAAC,0,1271379
furpa,0.3333333333333333,2,2,CCGTATAATCCGCCCCAGGT,0,1344607
furpa,0.3333333333333333,2,2,CCGTAGTTTAGTGTACTGTT,0,1354845
furpa,0.3333333333333333,2,2,CCGTACTTTCACCCTGCGTA,0,1324922
furpa,0.3333333333333333,2,2,CCGTACTACATACCACGCGA,0,1295862
furpa,0.3333333333333333,2,2,CCGGTTTGGCAACAGGGTAG,0,1273044
furpa,0.3333333333333333,2,2,CCGGTTGTATCTCGCCAATA,0,1276075
furpa,0.3333333333333333,2,2,CCGGTCCAACGTACTCCTCG,0,1276115
furpa,0.3333333333333333,2,2,CCGGTACTGGCCCCACGTTC,0,1325987
furpa,0.3333333333333333,2,2,CCGGTACACATGTGAGAAAA,0,1297925
furpa,0.3333333333333333,2,2,CCGGGTAAATAACATCTATA,0,1327108
furpa,0.3333333333333333,2,2,CCGGGCATTGGGAATGATAG,0,1275789
furpa,0.3333333333333333,2,2,CCGGGAGTTCACAGGCCAGC,0,1332252
furpa,0.3333333333333333,2,2,CCGGGACAAGTTTAATACGA,0,1276760
furpa,0.3333333333333333,2,2,CCGGCATGATCCGCAGCCCA,0,1303983
furpa,0.3333333333333333,2,2,CCGGAATTGCGATGCAGCTC,0,1324309
furpa,0.3333333333333333,2,2,CCGCTTTCACACGTCTGGAG,0,1354166
furpa,0.3333333333333333,2,2,CCGCTTGTAAATGACTGGGT,0,1313008
furpa,0.3333333333333333,2,2,CCGCTGTGGTCTGTTTTGTC,0,1347592
furpa,0.3333333333333333,2,2,CCGCTGGGACCGGAAGAGAT,0,1302878
furpa,0.3333333333333333,2,2,CCGCTCTATCCAGATGTGTA,0,1300988
furpa,0.3333333333333333,2,2,CCGCTCTACGAAGAAGTCTA,0,1284259
furpa,0.3333333333333333,2,2,CCGCTCCCCCGGGATTAAGT,0,1319634
furpa,0.3333333333333333,2,2,CCGCTAGATGAGATTCGGCG,0,1343628
furpa,0.3333333333333333,2,2,CCGCTACCGGGGATACTGTT,0,1300796
furpa,0.3333333333333333,2,2,CCGCTAATAAGTTTGATTTG,0,1297930
furpa,0.3333333333333333,2,2,CCGCGTCTTCAACTTTGATA,0,1288145
furpa,0.3333333333333333,2,2,CCGCGGCCCAGGGTAGCTAC,0,1333202
furpa,0.3333333333333333,2,2,CCGCGGATCTGAGATGGGCT,0,1284078
furpa,0.3333333333333333,2,2,CCGCGAAAATGTCCAGTCTT,0,1339906
furpa,0.3333333333333333,2,2,CCGCCTATTGAGGAGTCTCC,0,1317799
furpa,0.3333333333333333,2,2,CCGCAACCATGGGACCCTTT,0,1315249
furpa,0.3333333333333333,2,2,CCGCAACAATGGGTCGTGGT,0,1277559
furpa,0.3333333333333333,2,2,CCGCAAAAGGGATCTAAGTG,0,1289944
furpa,0.3333333333333333,2,2,CCGATTCCCGGCATTTTCGA,0,1324679
furpa,0.3333333333333333,2,2,CCGATGCCCAAGATTCGGAT,0,1306803
furpa,0.3333333333333333,2,2,CCGATGCACGTCACGTCCTT,0,1335153
furpa,0.3333333333333333,2,2,CCGATCATGGCCCTTGCTAA,0,1280380
furpa,0.3333333333333333,2,2,CCGAGGGGTTCGGGGTAGTC,0,1281747
furpa,0.3333333333333333,2,2,CCGAGGAATATTATCCAAGA,0,1328907
furpa,0.3333333333333333,2,2,CCGAGCAAAGATCGGCAGGT,0,1278247
furpa,0.3333333333333333,2,2,CCGACCTCTAGCGGAGCTCT,0,1344782
furpa,0.3333333333333333,2,2,CCGACCGGGTAACAGCTCTC,0,1324960
furpa,0.3333333333333333,2,2,CCGAATTTGGATCCGGTAAT,0,1327243
furpa,0.3333333333333333,2,2,CCGAAATAAAGCGTTCTATG,0,1328963
furpa,0.3333333333333333,2,2,CCGAAAGGGCACTGCCCTGT,0,1295992
furpa,0.3333333333333333,2,2,CCGAAACGCCGTATTTAACG,0,1282149
furpa,0.3333333333333333,2,2,CCGAAAACTGGTGGACGTTC,0,1320145
furpa,0.3333333333333333,2,2,CCCTTTACTACAGACTGGTA,0,1300343
furpa,0.3333333333333333,2,2,CCCTTGTTCCTTCGTTAAGG,0,1336715
furpa,0.3333333333333333,2,2,CCCTTGCCGGCCTTCGGAGC,0,1316260
furpa,0.3333333333333333,2,2,CCCTTGAGCCCTAACTGACC,0,1345138
furpa,0.3333333333333333,2,2,CCCTTCAGTTTTCTGGACAC,0,1350409
furpa,0.3333333333333333,2,2,CCCTGCGACCAGGGACGTAA,0,1281606
furpa,0.3333333333333333,2,2,CCCTGCCTGTCGTGTTTCAG,0,1275519
furpa,0.3333333333333333,2,2,CCCTCGCCGCATGAATGAGG,0,1299664
furpa,0.3333333333333333,2,2,CCCTCCGTTTTCAGCGTAGG,0,1340436
furpa,0.3333333333333333,2,2,CCCTATTTTCTTTTATGGGG,0,1345747
furpa,0.3333333333333333,2,2,CCCTAAGTGCGTAATGTCCA,0,1281089
furpa,0.3333333333333333,2,2,CCCGTTGGCATGCGCCATCC,0,1317544
furpa,0.3333333333333333,2,2,CCCGTGTGGGTTATTCGCAG,0,1320314
furpa,0.3333333333333333,2,2,CCCGTCATAGACCTACAATG,0,1337586
furpa,0.3333333333333333,2,2,CCCGTAGAAATTCCTAGCAT,0,1294127
furpa,0.3333333333333333,2,2,CCCGGCGCCTTTGCTACTCG,0,1283396
furpa,0.3333333333333333,2,2,CCCGGCGCCTTGTTCGCAGT,0,1315509
furpa,0.3333333333333333,2,2,CCCGCGTTTCTGCAACATCT,0,1303977
furpa,0.3333333333333333,2,2,CCCGCCCGGGCTGGCGAAAA,0,1331798
furpa,0.3333333333333333,2,2,CCCGCATCTTGCCCAATATA,0,1298956
furpa,0.3333333333333333,2,2,CCCGATCATCATTCAGATCG,0,1341822
furpa,0.3333333333333333,2,2,CCCGAGGAGTCGTGCGACGC,0,1332683
furpa,0.3333333333333333,2,2,CCCGAGCGTTCTTTAATCTT,0,1313447
furpa,0.3333333333333333,2,2,CCCGAGCCCCAAACTAGACT,0,1286031
furpa,0.3333333333333333,2,2,CCCGACAGCTGCCTATTTGG,0,1339711
furpa,0.3333333333333333,2,2,CCCGAATAGGCCGGGGCAGG,0,1278251
furpa,0.3333333333333333,2,2,CCCCTTTCGTTGGCATATAA,0,1338598
furpa,0.3333333333333333,2,2,CCCCTGGTACAATATCGACT,0,1279527
furpa,0.3333333333333333,2,2,CCCCTAATCTAAAATAGAAC,0,1296907
furpa,0.3333333333333333,2,2,CCCCGTAAAAAAATAGTAAG,0,1302044
furpa,0.3333333333333333,2,2,CCCCGGTACGTGCCAAGATA,0,1335236
furpa,0.3333333333333333,2,2,CCCCCTAGGGCTATGACGCA,0,1339981
furpa,0.3333333333333333,2,2,CCCCCCTAATATAGTATCCA,0,1292274
furpa,0.3333333333333333,2,2,CCCCAAGTATCGACAACGGA,0,1337814
furpa,0.3333333333333333,2,2,CCCCAACCGATACTTGGTTA,0,1346560
furpa,0.3333333333333333,2,2,CCCATTTGAAGCTCCCCTCT,0,1351839
furpa,0.3333333333333333,2,2,CCCATTTCGAGCGGGGCCTA,0,1321205
furpa,0.3333333333333333,2,2,CCCATGGAGCTGCTACATGG,0,1315848
furpa,0.3333333333333333,2,2,CCCATCTGGGTCAATCCGGC,0,1350211
furpa,0.3333333333333333,2,2,CCCATAGTCCAAGGCGAAGG,0,1329536
furpa,0.3333333333333333,2,2,CCCAGTTTCTTAAGACAAAA,0,1350320
furpa,0.3333333333333333,2,2,CCCAGTCCGATGTCCAACCC,0,1318608
furpa,0.3333333333333333,2,2,CCCAGGTGGTCCCTGGTACT,0,1287656
furpa,0.3333333333333333,2,2,CCCAGGATACGCGCAGCCTG,0,1298666
furpa,0.3333333333333333,2,2,CCCAGCGCGATGGATTGTGG,0,1314668
furpa,0.3333333333333333,2,2,CCCAGAGCATTATGCAAAAC,0,1343540
furpa,0.3333333333333333,2,2,CCCACATGCGCGTGCGTCCA,0,1291206
furpa,0.3333333333333333,2,2,CCCAATTCTCCGAGCACGGG,0,1356860
furpa,0.3333333333333333,2,2,CCCAATTCTACTAGCGATAG,0,1317567
furpa,0.3333333333333333,2,2,CCCAATGCGTTCGAAGTTAA,0,1335826
furpa,0.3333333333333333,2,2,CCCAACTGACGTATGCTGTA,0,1285158
furpa,0.3333333333333333,2,2,CCCAACATACCTGGCGGAGG,0,1298220
furpa,0.3333333333333333,2,2,CCATTTGGGGCGTGGCTCCT,0,1351150
furpa,0.3333333333333333,2,2,CCATTCCGTACTCTTTATTC,0,1279760
furpa,0.3333333333333333,2,2,CCATTCATACAAATATAACA,0,1336594
furpa,0.3333333333333333,2,2,CCATGTGGGTTATGTGCACT,0,1353976
furpa,0.3333333333333333,2,2,CCATGGCATATCCATCCTAA,0,1333253
furpa,0.3333333333333333,2,2,CCATGACATCTATTGGAGTT,0,1290918
furpa,0.3333333333333333,2,2,CCATCGGCAGGGTCGGCATC,0,1340638
furpa,0.3333333333333333,2,2,CCATATGCTCACGTGGCTGT,0,1276235
furpa,0.3333333333333333,2,2,CCATAACCCTAGAAGGTCTC,0,1304518
furpa,0.3333333333333333,2,2,CCAGTGGCCCAAGATTACTC,0,1336833
furpa,0.3333333333333333,2,2,CCAGTCTAGTCCGGAGCTGC,0,1273877
furpa,0.3333333333333333,2,2,CCAGGTCTCTAGGCGTTGCG,0,1317863
furpa,0.3333333333333333,2,2,CCAGGGACCATGCGTCACAT,0,1311013
furpa,0.3333333333333333,2,2,CCAGGCGCGCTCTAAACTGA,0,1285339
furpa,0.3333333333333333,2,2,CCAGCTACCTAGACGGCTAC,0,1355662
furpa,0.3333333333333333,2,2,CCAGCGGACGCGTTACATAC,0,1311691
furpa,0.3333333333333333,2,2,CCAGATATATCTGATTATTT,0,1272652
furpa,0.3333333333333333,2,2,CCAGAGCTGGGCGGGTTTCA,0,1354217
furpa,0.3333333333333333,2,2,CCAGACACCGTCGAGATGCA,0,1343582
furpa,0.3333333333333333,2,2,CCACTTTCTGTGAGTCAGGT,0,1344633
furpa,0.3333333333333333,2,2,CCACTACACCTCGTTGATTT,0,1280766
furpa,0.3333333333333333,2,2,CCACCGACGCGGCAGATCGT,0,1308774
furpa,0.3333333333333333,2,2,CCACCAATATCCGCCATAAC,0,1283264
furpa,0.3333333333333333,2,2,CCACCAAAGTGAAGCACAAT,0,1306973
furpa,0.3333333333333333,2,2,CCACAGTGGCGAGCGTCACT,0,1341320
furpa,0.3333333333333333,2,2,CCACAGCGTATATGGCTCGC,0,1349094
furpa,0.3333333333333333,2,2,CCACAGAAAGCTAGCGCGGC,0,1340320
furpa,0.3333333333333333,2,2,CCACACGATGGTTCACCAAA,0,1353970
furpa,0.3333333333333333,2,2,CCACAATGGCCATCCCTAAA,0,1296808
furpa,0.3333333333333333,2,2,CCAATTCCCTGAGGACCGGT,0,1274679
furpa,0.3333333333333333,2,2,CCAATTAAAGAACTCAGTTT,0,1286251
furpa,0.3333333333333333,2,2,CCAAGCCGGGAACTGAGCCC,0,1295866
furpa,0.3333333333333333,2,2,CCAAGCCCAGTTTGCGCGTC,0,1315601
furpa,0.3333333333333333,2,2,CCAACTCCCAATAGAGGTCT,0,1325947
furpa,0.3333333333333333,2,2,CCAACGTCGTTCTAAATCTT,0,1320579
furpa,0.3333333333333333,2,2,CCAACAGAGCCACATGTGGA,0,1285230
furpa,0.3333333333333333,2,2,CCAACAATCTCTTCGCTTAA,0,1328244
furpa,0.3333333333333333,2,2,CCAAAGGCGATATAAGTCCC,0,1292157
furpa,0.3333333333333333,2,2,CCAAAGCTGCATTTCGAGCG,0,1322315
furpa,0.3333333333333333,2,2,CCAAACGACGGAATTCCTGT,0,1338597
furpa,0.3333333333333333,2,2,CATTTTCAAGAAGCTCATTA,0,1356838
furpa,0.3333333333333333,2,2,CATTGCGCAAGCGTAGTAGC,0,1300782
furpa,0.3333333333333333,2,2,CATTCAATGTATGTCCTATC,0,1310476
furpa,0.3333333333333333,2,2,CATTATTGAACATCTCTCAT,0,1344886
furpa,0.3333333333333333,2,2,CATTATAGGCCTTGCATACA,0,1325239
furpa,0.3333333333333333,2,2,CATGTTGCATGGCAGGTTAG,0,1280184
furpa,0.3333333333333333,2,2,CATGGCCGATATAGTGGATC,0,1278649
furpa,0.3333333333333333,2,2,CATGGACGCCAGTACCTCAT,0,1306035
furpa,0.3333333333333333,2,2,CATGCTCTGGGCTCCCATTA,0,1293682
furpa,0.3333333333333333,2,2,CATGCGTGACGAGATGACAG,0,1278315
furpa,0.3333333333333333,2,2,CATGCGGTTTCTGCGCAAAT,0,1348675
furpa,0.3333333333333333,2,2,CATGCGAGTGTACACTTCTA,0,1333168
furpa,0.3333333333333333,2,2,CATGCATCTTCCGGTGGTTC,0,1344737
furpa,0.3333333333333333,2,2,CATGAATGGATTCCCCGCCT,0,1351586
furpa,0.3333333333333333,2,2,CATGAAAACAGAGACTGGGT,0,1276994
furpa,0.3333333333333333,2,2,CATCTTTATCGTGGCGATGC,0,1293843
furpa,0.3333333333333333,2,2,CATCTTAATGTCTGTTGGCA,0,1318628
furpa,0.3333333333333333,2,2,CATCTGATAGTAACAGACGT,0,1275031
furpa,0.3333333333333333,2,2,CATCGCTGTAATACCTCCTG,0,1290717
furpa,0.3333333333333333,2,2,CATCGCCGTGGCGGACGACT,0,1336572
furpa,0.3333333333333333,2,2,CATCGAAGGCAAAGCCAGTC,0,1325469
furpa,0.3333333333333333,2,2,CATCGAACGATCTTTACAGT,0,1295006
furpa,0.3333333333333333,2,2,CATCCTTCAATACTTATCAA,0,1335077
furpa,0.3333333333333333,2,2,CATCCAGGCCATTGCAACTG,0,1272980
furpa,0.3333333333333333,2,2,CATCAGAAATAAGGTTCTCT,0,1348116
furpa,0.3333333333333333,2,2,CATCACTATGAGACCTAGCA,0,1273983
furpa,0.3333333333333333,2,2,CATCAACCAGGGCGTTGCGA,0,1290206
furpa,0.3333333333333333,2,2,CATATGAGACACCGGGCACA,0,1281990
furpa,0.3333333333333333,2,2,CATATATCCGTTAAGGGACC,0,1312716
furpa,0.3333333333333333,2,2,CATAGGTGGTAAATGCACTT,0,1277215
furpa,0.3333333333333333,2,2,CATAGCTGTACGATGTATAA,0,1345418
furpa,0.3333333333333333,2,2,CATACTAGCAGTTGGTACGA,0,1316633
furpa,0.3333333333333333,2,2,CATACGATCTAGGAACCTAC,0,1315707
furpa,0.3333333333333333,2,2,CATACCTGGAAGTATATTAG,0,1287942
furpa,0.3333333333333333,2,2,CATAATTAGCCGCGAAGCTA,0,1278342
furpa,0.3333333333333333,2,2,CAGTTTTGTCATTTGGTACC,0,1323562
furpa,0.3333333333333333,2,2,CAGTGGCGGGTATGGAGATT,0,1328595
furpa,0.3333333333333333,2,2,CAGTGCTCGGCCGGCGCACA,0,1353306
furpa,0.3333333333333333,2,2,CAGTCTTCAGCTGGAACCGT,0,1320661
furpa,0.3333333333333333,2,2,CAGTAATCACACATAGGAGT,0,1329515
furpa,0.3333333333333333,2,2,CAGGTTGGATAATACATCAC,0,1274200
furpa,0.3333333333333333,2,2,CAGGTTATGACAAAGGCCGA,0,1303051
furpa,0.3333333333333333,2,2,CAGGTGGAGGAGTACTAAGT,0,1329259
furpa,0.3333333333333333,2,2,CAGGTCAGAGAGCATCTCGA,0,1322877
furpa,0.3333333333333333,2,2,CAGGTACGAACCCCCCAACA,0,1281570
furpa,0.3333333333333333,2,2,CAGGGGCGGTGACGTAGTTT,0,1300813
furpa,0.3333333333333333,2,2,CAGGGGCGAGGTTTTCCTGC,0,1333637
furpa,0.3333333333333333,2,2,CAGGGCGACGTGTTCGCTTG,0,1327123
furpa,0.3333333333333333,2,2,CAGGGCCGATCCCTCCATCG,0,1330583
furpa,0.3333333333333333,2,2,CAGGGACAGTATCTCCGTCA,0,1333536
furpa,0.3333333333333333,2,2,CAGGCTTCGCAGGATGCTGA,0,1301725
furpa,0.3333333333333333,2,2,CAGGCTGGTACCGGCCTTTA,0,1356083
furpa,0.3333333333333333,2,2,CAGGCGCTCGGCGTAAAGCT,0,1302515
furpa,0.3333333333333333,2,2,CAGGCCAGGTTATTGACTCA,0,1279248
furpa,0.3333333333333333,2,2,CAGGCATTCTGCTTATTCAA,0,1314593
furpa,0.3333333333333333,2,2,CAGGCACCCCCGCTCACTCT,0,1325434
furpa,0.3333333333333333,2,2,CAGGATGATTTAGACAAGTC,0,1278272
furpa,0.3333333333333333,2,2,CAGGAGATGTTTTGGCGAAA,0,1354598
furpa,0.3333333333333333,2,2,CAGGACACGCGAAACAGACT,0,1304302
furpa,0.3333333333333333,2,2,CAGCTTTAATGCTCTGTGAT,0,1338349
furpa,0.3333333333333333,2,2,CAGCTCCCGACCGGCATAGC,0,1273448
furpa,0.3333333333333333,2,2,CAGCTCCAATGACTGGTATG,0,1320734
furpa,0.3333333333333333,2,2,CAGCTACAACCCCGTGCAAA,0,1314916
furpa,0.3333333333333333,2,2,CAGCGTATTTTTGATAAGTA,0,1351238
furpa,0.3333333333333333,2,2,CAGCGTATAGGAATCTCTCA,0,1319302
furpa,0.3333333333333333,2,2,CAGCGGGCTGTGACTCTCGA,0,1353308
furpa,0.3333333333333333,2,2,CAGCGGCTCATGTTCTCAGA,0,1305363
furpa,0.3333333333333333,2,2,CAGCGGAACCTCGGACAAGG,0,1318391
furpa,0.3333333333333333,2,2,CAGCCTTGGACTAACGCTGA,0,1339574
furpa,0.3333333333333333,2,2,CAGCCTGTATACAGATGTAC,0,1276621
furpa,0.3333333333333333,2,2,CAGCCTCGTTCATTAGACCA,0,1353642
furpa,0.3333333333333333,2,2,CAGCCCCAGATGCCCGAACG,0,1320975
furpa,0.3333333333333333,2,2,CAGCCATAATGCCCTTTCGA,0,1328330
furpa,0.3333333333333333,2,2,CAGCCACAGATTTTAGTTTC,0,1353314
furpa,0.3333333333333333,2,2,CAGCAAGCAAATGTCAAGGC,0,1325669
furpa,0.3333333333333333,2,2,CAGATAAGCCCAGGCTCTCT,0,1308532
furpa,0.3333333333333333,2,2,CAGAGTTTGACGGTAATGAT,0,1353366
furpa,0.3333333333333333,2,2,CAGAGTACACAAAAACGACG,0,1343008
furpa,0.3333333333333333,2,2,CAGAGGCTGAAAATTCCCAT,0,1323348
furpa,0.3333333333333333,2,2,CAGAGATCTCTACCGTGTTT,0,1311860
furpa,0.3333333333333333,2,2,CAGACTCAATACCCACTGCC,0,1336954
furpa,0.3333333333333333,2,2,CAGAATGGCATATAGAAGAA,0,1300266
furpa,0.3333333333333333,2,2,CACTTTTAACATCACAACAT,0,1292550
furpa,0.3333333333333333,2,2,CACTTTGGTTAAAGGTTCAT,0,1341407
furpa,0.3333333333333333,2,2,CACTGCGCAAACGCGTTCCC,0,1355632
furpa,0.3333333333333333,2,2,CACTGCAATCCTTACATTCT,0,1274866
furpa,0.3333333333333333,2,2,CACTGAATAAGCCGTGTCCT,0,1308160
furpa,0.3333333333333333,2,2,CACTGAAATGAGCCTTTGTT,0,1353137
furpa,0.3333333333333333,2,2,CACTCTTTGGGTACCGGCCA,0,1311521
furpa,0.3333333333333333,2,2,CACTCTGTTGACCAACCGCA,0,1315321
furpa,0.3333333333333333,2,2,CACTCCTGGATAACTGGAAC,0,1354332
furpa,0.3333333333333333,2,2,CACTCCAGAGTTGGTCCGGC,0,1327889
furpa,0.3333333333333333,2,2,CACTACAGCACTGCTTAGAA,0,1353479
furpa,0.3333333333333333,2,2,CACGTAATAATTTTGCGAAG,0,1325841
furpa,0.3333333333333333,2,2,CACGTAAGCTGCCGAGATTT,0,1315054
furpa,0.3333333333333333,2,2,CACGGTATATTTGTTCGCTG,0,1287337
furpa,0.3333333333333333,2,2,CACGGTAAATCCGTCGTCGG,0,1349189
furpa,0.3333333333333333,2,2,CACGCCGTTAAAGCGGCTTA,0,1287341
furpa,0.3333333333333333,2,2,CACGATGGTAATGCATTCCG,0,1277745
furpa,0.3333333333333333,2,2,CACGATCCGGTCCGAATAAT,0,1274092
furpa,0.3333333333333333,2,2,CACGAACGACCCTTGCAATA,0,1320160
furpa,0.3333333333333333,2,2,CACCTTCATCTGTCACGGCC,0,1297097
furpa,0.3333333333333333,2,2,CACCTGGCGCCCATCATGGC,0,1307324
furpa,0.3333333333333333,2,2,CACCGTGTTCGGGCCTGGAT,0,1351817
furpa,0.3333333333333333,2,2,CACCGTCCACCTCGCGACAC,0,1352921
furpa,0.3333333333333333,2,2,CACCGGTGATGAGAGGGGCA,0,1274371
furpa,0.3333333333333333,2,2,CACCGCAAGAAAGGTAGTAA,0,1283768
furpa,0.3333333333333333,2,2,CACCGACCGAGGAGGGCCGT,0,1297574
furpa,0.3333333333333333,2,2,CACCCTGGGAGGGCAGGGGG,0,1343700
furpa,0.3333333333333333,2,2,CACCCAAGGCGCGATGGATC,0,1282123
furpa,0.3333333333333333,2,2,CACCCAAACGAAAATGGTAT,0,1282717
furpa,0.3333333333333333,2,2,CACCAGTGAAAATGATGGAA,0,1340915
furpa,0.3333333333333333,2,2,CACCACTGTTATATTGATGT,0,1303801
furpa,0.3333333333333333,2,2,CACCAATTAATTTTTCCTGA,0,1336926
furpa,0.3333333333333333,2,2,CACCAAGCACAGAGATGTGA,0,1353455
furpa,0.3333333333333333,2,2,CACCAACTTATTGTCCTCCC,0,1328571
furpa,0.3333333333333333,2,2,CACCAAAAACAATAGGTTCA,0,1332849
furpa,0.3333333333333333,2,2,CACATTTCTTGATCCCGGAA,0,1318389
furpa,0.3333333333333333,2,2,CACATCGCGGAAATTGCACT,0,1357438
furpa,0.3333333333333333,2,2,CACATAGCCCCTCGATGCCC,0,1325111
furpa,0.3333333333333333,2,2,CACAGTCACTGGGCAAATTA,0,1342155
furpa,0.3333333333333333,2,2,CACAGTACCTTAACAAAGCA,0,1275309
furpa,0.3333333333333333,2,2,CACAGGGATAACGCGCGGAT,0,1303846
furpa,0.3333333333333333,2,2,CACAGGCGCCGATCAATCAC,0,1293980
furpa,0.3333333333333333,2,2,CACAGCTTTATTTCGGAAAA,0,1325632
furpa,0.3333333333333333,2,2,CACAGACGTGTTATCCCAGT,0,1280745
furpa,0.3333333333333333,2,2,CACAGACCGTATATGGAGGC,0,1330396
furpa,0.3333333333333333,2,2,CACACTGGCACACGAGCGGG,0,1346929
furpa,0.3333333333333333,2,2,CACACGAAGCATGGGTGCCG,0,1353531
furpa,0.3333333333333333,2,2,CACACCTCTATATAGAGATA,0,1332164
furpa,0.3333333333333333,2,2,CACACCAGCCGAGGTACATG,0,1307115
furpa,0.3333333333333333,2,2,CACAAGTGAACCGTCCCTGC,0,1297396
furpa,0.3333333333333333,2,2,CAATTTTCAACAATTGGACT,0,1336615
furpa,0.3333333333333333,2,2,CAATTTCTATCGTGACCTGC,0,1324001
furpa,0.3333333333333333,2,2,CAATTGGACCATTCGTATGA,0,1348377
furpa,0.3333333333333333,2,2,CAATTGCTCTTCCGATTTGG,0,1272195
furpa,0.3333333333333333,2,2,CAATTCAGTTCTTCTAGATA,0,1275929
furpa,0.3333333333333333,2,2,CAATTAAGTAAACTATGGGT,0,1310920
furpa,0.3333333333333333,2,2,CAATGTCTCCTTACTATTAA,0,1280363
furpa,0.3333333333333333,2,2,CAATGTAAGTGTTCCGTGGT,0,1283269
furpa,0.3333333333333333,2,2,CAATGGTAGGCATGGCAGGA,0,1340774
furpa,0.3333333333333333,2,2,CAATGGCCAAGAGACTCGAA,0,1278007
furpa,0.3333333333333333,2,2,CAATGGAATCGAGCATGTAT,0,1305742
furpa,0.3333333333333333,2,2,CAATCTACGTCCCTAAGATA,0,1275465
furpa,0.3333333333333333,2,2,CAATACTCGATTGAAGGTCA,0,1350972
furpa,0.3333333333333333,2,2,CAATACGTTACTGATAAATG,0,1304218
furpa,0.3333333333333333,2,2,CAATAATGAGTACCTATCGC,0,1314463
furpa,0.3333333333333333,2,2,CAATAAATGACGAGCACTGC,0,1271415
furpa,0.3333333333333333,2,2,CAAGTCAGTTGACAAAAATA,0,1277870
furpa,0.3333333333333333,2,2,CAAGTACTGTGCCCGATAAG,0,1294990
furpa,0.3333333333333333,2,2,CAAGGTCATCGTCTTCGGAT,0,1319534
furpa,0.3333333333333333,2,2,CAAGGCCTCTTTTTCTATAT,0,1293034
furpa,0.3333333333333333,2,2,CAAGCGGATCAACACGGAGG,0,1285319
furpa,0.3333333333333333,2,2,CAAGCCCTATTCCTCTGGAT,0,1335782
furpa,0.3333333333333333,2,2,CAAGCCCATGCCGTCTAACG,0,1275395
furpa,0.3333333333333333,2,2,CAAGCATAGTTAGCAGGGCA,0,1317695
furpa,0.3333333333333333,2,2,CAAGACCTGCCTGTTCGAAA,0,1307527
furpa,0.3333333333333333,2,2,CAAGACACTGTGTTCGAGCC,0,1328179
furpa,0.3333333333333333,2,2,CAAGAAACCGTGTCGTGTCA,0,1284390
furpa,0.3333333333333333,2,2,CAACTTACTCTTTGTAGACT,0,1305154
furpa,0.3333333333333333,2,2,CAACTCGTACATCACAGACT,0,1273876
furpa,0.3333333333333333,2,2,CAACTCGATACAGAGTTACA,0,1336368
furpa,0.3333333333333333,2,2,CAACTAATGCTGAGGTCAAT,0,1343355
furpa,0.3333333333333333,2,2,CAACCTCTTTCGTTTGCCGG,0,1315712
furpa,0.3333333333333333,2,2,CAACCGCGTCACACGCGGCA,0,1310796
furpa,0.3333333333333333,2,2,CAACCCTTGTTCGGGCGGTC,0,1279997
furpa,0.3333333333333333,2,2,CAACCACGTCTTTGTCTCCA,0,1349875
furpa,0.3333333333333333,2,2,CAACATGCGATGTCAACCAC,0,1327459
furpa,0.3333333333333333,2,2,CAACACAGTGATTTGAGGTG,0,1321413
furpa,0.3333333333333333,2,2,CAACACAATGGTGACATCGA,0,1354628
furpa,0.3333333333333333,2,2,CAAATTGTCACGGATGTCAG,0,1351319
furpa,0.3333333333333333,2,2,CAAATTCGTGACCATCAAGA,0,1283448
furpa,0.3333333333333333,2,2,CAAATTACAGGAAGATCTGA,0,1308560
furpa,0.3333333333333333,2,2,CAAATCAGTCCCTCATGGAA,0,1293087
furpa,0.3333333333333333,2,2,CAAATAGCGGGCGTTTGTTC,0,1315475
furpa,0.3333333333333333,2,2,CAAAGCTTGAGAATTTAAGA,0,1276951
furpa,0.3333333333333333,2,2,CAAAGCGAGTGCAAAGTAGA,0,1350333
furpa,0.3333333333333333,2,2,CAAACTTTGTGCCCATTCCT,0,1280364
furpa,0.3333333333333333,2,2,CAAACGTAATTGATTCTGAC,0,1302585
furpa,0.3333333333333333,2,2,CAAACAGCGTTGCGTAGTTT,0,1279570
furpa,0.3333333333333333,2,2,CAAAATTTTGCCTGCCTTCG,0,1330664
furpa,0.3333333333333333,2,2,CAAAAGCTGGCGACGCGGGA,0,1297126
furpa,0.3333333333333333,2,2,CAAAAGCATTACTTTGGCCG,0,1295794
furpa,0.3333333333333333,2,2,CAAAACTCTTGGCCCTACCG,0,1281339
furpa,0.3333333333333333,2,2,CAAAAACATAAAGATAGTAC,0,1302259
furpa,0.3333333333333333,2,2,CAAAAAACTTAGACCCCGGC,0,1275987
furpa,0.3333333333333333,2,2,ATTTTTCAGATACCGTACTG,0,1291234
furpa,0.3333333333333333,2,2,ATTTTATCGCGGGTTCGCCT,0,1305389
furpa,0.3333333333333333,2,2,ATTTTACCGGGTAATCTAGT,0,1301841
furpa,0.3333333333333333,2,2,ATTTGTGGTCCGTGCATGTA,0,1328795
furpa,0.3333333333333333,2,2,ATTTGTCGTATGTTTAAATG,0,1275020
furpa,0.3333333333333333,2,2,ATTTGTCCAAGGTATACGTA,0,1282556
furpa,0.3333333333333333,2,2,ATTTGGGTCTATGCCCATCA,0,1326118
furpa,0.3333333333333333,2,2,ATTTGGCTTACTAGTGTGAT,0,1330205
furpa,0.3333333333333333,2,2,ATTTGCGATATATGCGGTCA,0,1321198
furpa,0.3333333333333333,2,2,ATTTCATGCTACCCGGTTGT,0,1291566
furpa,0.3333333333333333,2,2,ATTTCAAGCAGAACGGTAGA,0,1277261
furpa,0.3333333333333333,2,2,ATTTATGATAATTCCCAATA,0,1271631
furpa,0.3333333333333333,2,2,ATTTAGCGAGTCATACCTAC,0,1277132
furpa,0.3333333333333333,2,2,ATTTACGCCATAGGATCCGT,0,1320583
furpa,0.3333333333333333,2,2,ATTTAACCAGTCGTCATTTA,0,1347824
furpa,0.3333333333333333,2,2,ATTTAAAGACTAAGCCTTGC,0,1320412
furpa,0.3333333333333333,2,2,ATTTAAACCAACCACGGTCT,0,1328242
furpa,0.3333333333333333,2,2,ATTGTTCTTCATCGACAGGC,0,1317634
furpa,0.3333333333333333,2,2,ATTGTGTGTATCCGTTTCCA,0,1322364
furpa,0.3333333333333333,2,2,ATTGTGCTTCTACTGGGACC,0,1303019
furpa,0.3333333333333333,2,2,ATTGGGTTTGTATCCATACG,0,1292826
furpa,0.3333333333333333,2,2,ATTGGGGGAAACACTTTCTA,0,1332052
furpa,0.3333333333333333,2,2,ATTGGGCGGTTGTTGTGTCC,0,1289208
furpa,0.3333333333333333,2,2,ATTGGGATATCCGTCAGTAC,0,1307388
furpa,0.3333333333333333,2,2,ATTGGATGCATGTGGCCGCG,0,1309146
furpa,0.3333333333333333,2,2,ATTGGATCGTAGTCAAATAA,0,1344340
furpa,0.3333333333333333,2,2,ATTGGATAGCACTGGGGCCT,0,1322933
furpa,0.3333333333333333,2,2,ATTGCTTAGTCAATACAGTT,0,1310086
furpa,0.3333333333333333,2,2,ATTGCGAAAAGGTATTAAAC,0,1317084
furpa,0.3333333333333333,2,2,ATTGCCTATGTATGGTCGGT,0,1288060
furpa,0.3333333333333333,2,2,ATTGAGCTGCTGAGAAAGAA,0,1354138
furpa,0.3333333333333333,2,2,ATTGACCATACTACCCCCCT,0,1309884
furpa,0.3333333333333333,2,2,ATTCTACGTCTAACGAAGGG,0,1331408
furpa,0.3333333333333333,2,2,ATTCGTTTGGAACTACGAGC,0,1327040
furpa,0.3333333333333333,2,2,ATTCGTGCAGAAAATTCAGA,0,1350369
furpa,0.3333333333333333,2,2,ATTCGTCGAAAGACCAGTTG,0,1310274
furpa,0.3333333333333333,2,2,ATTCGGTGCATTCATATACC,0,1340368
furpa,0.3333333333333333,2,2,ATTCGGACTTCGGTAAGAAT,0,1305062
furpa,0.3333333333333333,2,2,ATTCGCCACACATGGAGACA,0,1352556
furpa,0.3333333333333333,2,2,ATTCCGCTGATGTACGAGGA,0,1310892
furpa,0.3333333333333333,2,2,ATTCCCGTTCATACGGATTG,0,1330649
furpa,0.3333333333333333,2,2,ATTCCCCCGCATGTCCAGAT,0,1298078
furpa,0.3333333333333333,2,2,ATTCCAGGTCATCAGCTTCG,0,1292588
furpa,0.3333333333333333,2,2,ATTCCACGGGCACCCTCTGA,0,1281189
furpa,0.3333333333333333,2,2,ATTCATACCCCGCGCAAGCC,0,1275717
furpa,0.3333333333333333,2,2,ATTCAGGCGAGTACTCCAGT,0,1290750
furpa,0.3333333333333333,2,2,ATTCAGACCTAAATCACGGA,0,1302393
furpa,0.3333333333333333,2,2,ATTCAACAAGTTCTTAGGGT,0,1337241
furpa,0.3333333333333333,2,2,ATTATTTGACAGGTGGACGA,0,1291561
furpa,0.3333333333333333,2,2,ATTATCAAATGTTGGAGCCA,0,1316244
furpa,0.3333333333333333,2,2,ATTATAGAAAAGCATTCTTG,0,1310446
furpa,0.3333333333333333,2,2,ATTAGTAAGCAAGAGTCTAG,0,1352226
furpa,0.3333333333333333,2,2,ATTAGGTTTGTGATCAAAAT,0,1348458
furpa,0.3333333333333333,2,2,ATTAGGGCTCCCTCGGTTAG,0,1353973
furpa,0.3333333333333333,2,2,ATTAGGAATTCATAGGTAGA,0,1337351
furpa,0.3333333333333333,2,2,ATTAGATGGCATGGTGTTAC,0,1357618
furpa,0.3333333333333333,2,2,ATTAGATAGAATACGGATAA,0,1340379
furpa,0.3333333333333333,2,2,ATTAGAGGGTGGGAGCCGGC,0,1342005
furpa,0.3333333333333333,2,2,ATTAGAAATTTAAGGTATTT,0,1336258
furpa,0.3333333333333333,2,2,ATTACGTATAGCGTGTGTTT,0,1287153
furpa,0.3333333333333333,2,2,ATTACGGTTCATGATCAGTG,0,1354079
furpa,0.3333333333333333,2,2,ATTAACGCGTTGAGTAGTAA,0,1277873
furpa,0.3333333333333333,2,2,ATGTGTAGAATCGGAAGACT,0,1336230
furpa,0.3333333333333333,2,2,ATGTGGCGGACCATCGCATG,0,1311931
furpa,0.3333333333333333,2,2,ATGTGCGGAAATAGGAAGAG,0,1315415
furpa,0.3333333333333333,2,2,ATGTGCCGTCATGTCGCTTG,0,1278120
furpa,0.3333333333333333,2,2,ATGTCTTGTGACCAGGCCGG,0,1356675
furpa,0.3333333333333333,2,2,ATGTCTGGGATCCTATACTA,0,1318255
furpa,0.3333333333333333,2,2,ATGTCTATGTTTGACACGGC,0,1293277
furpa,0.3333333333333333,2,2,ATGTCGAAGATTCTCACGTA,0,1325048
furpa,0.3333333333333333,2,2,ATGTCCCCATTATCTGAGAA,0,1310265
furpa,0.3333333333333333,2,2,ATGTCAGAGGCGCTACAACC,0,1324774
furpa,0.3333333333333333,2,2,ATGTATTTCTTACGTTAGGG,0,1324703
furpa,0.3333333333333333,2,2,ATGTATGTGGGTATCCCATG,0,1291458
furpa,0.3333333333333333,2,2,ATGTAGTAGGACGACATTTT,0,1325614
furpa,0.3333333333333333,2,2,ATGTAACGGCTCAATTAAAA,0,1288103
furpa,0.3333333333333333,2,2,ATGTAAAATTACTGCAAAAT,0,1273829
furpa,0.3333333333333333,2,2,ATGGTTTTACGGTCTGGCTC,0,1309721
furpa,0.3333333333333333,2,2,ATGGTTGCGCCCAAAATAAG,0,1355533
furpa,0.3333333333333333,2,2,ATGGTGTCGCGCCACAATGA,0,1296741
furpa,0.3333333333333333,2,2,ATGGTGCTCGCTATGAAAGA,0,1321761
furpa,0.3333333333333333,2,2,ATGGTCAGTACAGATTCCAC,0,1338642
furpa,0.3333333333333333,2,2,ATGGGTTTCCCGGGCCATAG,0,1329727
furpa,0.3333333333333333,2,2,ATGGGTATTCTTCACACCTC,0,1319398
furpa,0.3333333333333333,2,2,ATGGGGGGTCAAGTGTCTTG,0,1308373
furpa,0.3333333333333333,2,2,ATGGGCATGGCGAAATGGAT,0,1339935
furpa,0.3333333333333333,2,2,ATGGGACGGGGGAAGCAGGC,0,1296074
furpa,0.3333333333333333,2,2,ATGGCTTACCGAACGAATGT,0,1330795
furpa,0.3333333333333333,2,2,ATGGCTGTGTGTGGGTTTTT,0,1329355
furpa,0.3333333333333333,2,2,ATGGCTGCGCAAGCCGACCC,0,1288800
furpa,0.3333333333333333,2,2,ATGGCGGGAGCTTCTTCGCC,0,1274025
furpa,0.3333333333333333,2,2,ATGGCATAGGGATTGGTTTA,0,1322575
furpa,0.3333333333333333,2,2,ATGGCATACACGTATGTATT,0,1321354
furpa,0.3333333333333333,2,2,ATGGCATACAATAGACCCAC,0,1308006
furpa,0.3333333333333333,2,2,ATGGCACAGTGCGGACCACG,0,1343350
furpa,0.3333333333333333,2,2,ATGGCAAGCGACGAAGGGAG,0,1314215
furpa,0.3333333333333333,2,2,ATGGAGATTCGAACGCTAAG,0,1322073
furpa,0.3333333333333333,2,2,ATGGAGATAGGACCATGACA,0,1273656
furpa,0.3333333333333333,2,2,ATGCTTTCGTAGCCTATGAT,0,1281316
furpa,0.3333333333333333,2,2,ATGCTTTCCTCTCTGAGCAA,0,1274743
furpa,0.3333333333333333,2,2,ATGCTTACACTACCTAGAAT,0,1317837
furpa,0.3333333333333333,2,2,ATGCTAGGTAGGTGGTGGGG,0,1357000
furpa,0.3333333333333333,2,2,ATGCTACCAGCAAGCTCTGC,0,1307114
furpa,0.3333333333333333,2,2,ATGCCCTGAGATAACCAAGG,0,1273549
furpa,0.3333333333333333,2,2,ATGATAATCATCGGGGGTAC,0,1338762
furpa,0.3333333333333333,2,2,ATGAGGCAATGTTAGACCAA,0,1337223
furpa,0.3333333333333333,2,2,ATGAGCTTGAACACTTTTGA,0,1350890
furpa,0.3333333333333333,2,2,ATGACTTCCGCTCGTGCTGT,0,1339497
furpa,0.3333333333333333,2,2,ATGACTTAACAAGTCAGATT,0,1349766
furpa,0.3333333333333333,2,2,ATGACGAACAGTGCCGTTTA,0,1334541
furpa,0.3333333333333333,2,2,ATGACCGTTTTGTCGTTAAC,0,1306092
furpa,0.3333333333333333,2,2,ATGAAAGTAACCAGTTTTTA,0,1299562
furpa,0.3333333333333333,2,2,ATGAAAGGGTTGGCTGTTCA,0,1353664
furpa,0.3333333333333333,2,2,ATCTTGGTGGCTGTCTCCCT,0,1351665
furpa,0.3333333333333333,2,2,ATCTTCGCCTAATGCAGTGG,0,1301582
furpa,0.3333333333333333,2,2,ATCTGTGGCTACATTCGCCT,0,1326191
furpa,0.3333333333333333,2,2,ATCTGCGTCTTTTTTAGTAT,0,1302591
furpa,0.3333333333333333,2,2,ATCTCTTCTGTGGATGGGAA,0,1333411
furpa,0.3333333333333333,2,2,ATCTCTCCTTTACCAGTAGA,0,1315674
furpa,0.3333333333333333,2,2,ATCTCCTTCAGCCAATCCCA,0,1306403
furpa,0.3333333333333333,2,2,ATCTATGATAATCGTCATTC,0,1348771
furpa,0.3333333333333333,2,2,ATCTAGCTCCTGCGGTAACT,0,1339562
furpa,0.3333333333333333,2,2,ATCTAGCATTTCCACGGTCA,0,1293514
furpa,0.3333333333333333,2,2,ATCTAATGAGCCTCACGCGC,0,1344564
furpa,0.3333333333333333,2,2,ATCTAATCGTTAACCCTGGA,0,1294148
furpa,0.3333333333333333,2,2,ATCTAAAGACCATAAGTCAC,0,1284409
furpa,0.3333333333333333,2,2,ATCGTGGCGGTAGTGTCGGG,0,1312189
furpa,0.3333333333333333,2,2,ATCGGGTGCGCAACAGGCGA,0,1308693
furpa,0.3333333333333333,2,2,ATCGGGATGTCATACAGCGT,0,1311271
furpa,0.3333333333333333,2,2,ATCGGCCGATAACGGCGTGC,0,1271501
furpa,0.3333333333333333,2,2,ATCGCTTGAGCGTGCTTTTA,0,1317032
furpa,0.3333333333333333,2,2,ATCGCCCCGGAACGGTGGCG,0,1322685
furpa,0.3333333333333333,2,2,ATCGCCAAGTCCCTTCTGCG,0,1303457
furpa,0.3333333333333333,2,2,ATCGCATAGGGCAGGGTCCG,0,1274685
furpa,0.3333333333333333,2,2,ATCGATGGTCAATTTCCTTT,0,1271409
furpa,0.3333333333333333,2,2,ATCGAGTAATACGCCATCAC,0,1277510
furpa,0.3333333333333333,2,2,ATCCTTTAGACCGGGCGGAT,0,1306132
furpa,0.3333333333333333,2,2,ATCCTTGTACTGCAGCCAAT,0,1298403
furpa,0.3333333333333333,2,2,ATCCTGACATGGCAACAAAC,0,1303189
furpa,0.3333333333333333,2,2,ATCCTAGCTCGATCCTGCTT,0,1281884
furpa,0.3333333333333333,2,2,ATCCTAGATTTTATTTACGC,0,1325836
furpa,0.3333333333333333,2,2,ATCCGTCTGGGTATACATCC,0,1331493
furpa,0.3333333333333333,2,2,ATCCGCACGAGGATACTAAG,0,1335225
furpa,0.3333333333333333,2,2,ATCCGATCGGAGGAATGGGG,0,1308272
furpa,0.3333333333333333,2,2,ATCCGACTATCCTAGCGACT,0,1324085
furpa,0.3333333333333333,2,2,ATCCCGGTGAGGACAGACGA,0,1307428
furpa,0.3333333333333333,2,2,ATCCCGATTATCAGACCTAG,0,1298963
furpa,0.3333333333333333,2,2,ATCCCCTCTCGTCGCGACTC,0,1305563
furpa,0.3333333333333333,2,2,ATCCCCTCATTCGTCACTAT,0,1287946
furpa,0.3333333333333333,2,2,ATCCAGTTGCGCACCAAGCT,0,1326337
furpa,0.3333333333333333,2,2,ATCCAGGACGCGTGGCGTCC,0,1293720
furpa,0.3333333333333333,2,2,ATCCAGCGATGGAAGTACAA,0,1323039
furpa,0.3333333333333333,2,2,ATCCACGTGGATGATACAAG,0,1323281
furpa,0.3333333333333333,2,2,ATCCACAATGCCCTATGTTA,0,1272843
furpa,0.3333333333333333,2,2,ATCATTTTTCTTTGCCAAGC,0,1304964
furpa,0.3333333333333333,2,2,ATCATCAACTCGAGTGGCCT,0,1293443
furpa,0.3333333333333333,2,2,ATCAGTTTGCTGTCACTGCT,0,1298075
furpa,0.3333333333333333,2,2,ATCAGCACGGCCACCTTCCC,0,1288840
furpa,0.3333333333333333,2,2,ATCAGACGGACGCCTTCGAG,0,1313933
furpa,0.3333333333333333,2,2,ATCACTACATATGTGGTCTA,0,1281594
furpa,0.3333333333333333,2,2,ATCACGAGGGGGGGGTGGTC,0,1281161
furpa,0.3333333333333333,2,2,ATCACCCCTACCAGAGATGT,0,1298442
furpa,0.3333333333333333,2,2,ATCAAGTCAGTTGTTTTGAG,0,1303297
furpa,0.3333333333333333,2,2,ATCAAGAACACGGGAATTAA,0,1292061
furpa,0.3333333333333333,2,2,ATCAACGCCAAAAAAGCCAC,0,1330132
furpa,0.3333333333333333,2,2,ATCAACCGGCGTCAAGTCTT,0,1282377
furpa,0.3333333333333333,2,2,ATCAAATACAGCATTATTCT,0,1271570
furpa,0.3333333333333333,2,2,ATATGTTGCCATACTGCGCC,0,1324417
furpa,0.3333333333333333,2,2,ATATGGTAACGGAATTCTCC,0,1322289
furpa,0.3333333333333333,2,2,ATATGGCGAGTTGCGGATTT,0,1309487
furpa,0.3333333333333333,2,2,ATATGCCGCCACGGTGTGTC,0,1340233
furpa,0.3333333333333333,2,2,ATATCGCCGAGTGGATAATG,0,1313164
furpa,0.3333333333333333,2,2,ATATCCTCCATAGACATGTT,0,1348263
furpa,0.3333333333333333,2,2,ATATCCGTCCCCCCGAGTCC,0,1299918
furpa,0.3333333333333333,2,2,ATATATCGCCAGGATTAAAC,0,1306917
furpa,0.3333333333333333,2,2,ATATAGGGAGTTCTTGGTCC,0,1287618
furpa,0.3333333333333333,2,2,ATATAGCTCAGGATCTCACA,0,1350427
furpa,0.3333333333333333,2,2,ATATAAGCAGGCCGCTCATG,0,1349878
furpa,0.3333333333333333,2,2,ATAGTTTATTGTATTCGCAA,0,1292866
furpa,0.3333333333333333,2,2,ATAGTTGGATTCCGCGTCTG,0,1287545
furpa,0.3333333333333333,2,2,ATAGTTCACGTATTCTCACG,0,1338638
furpa,0.3333333333333333,2,2,ATAGTGCGAATCTACGTGGG,0,1332708
furpa,0.3333333333333333,2,2,ATAGTCCTAAGAGAACAGGC,0,1300779
furpa,0.3333333333333333,2,2,ATAGTAGAAAGTATGCAGGG,0,1342950
furpa,0.3333333333333333,2,2,ATAGGGCAGTTAACAAGATT,0,1312158
furpa,0.3333333333333333,2,2,ATAGGCAAACGAAAATCAGC,0,1308547
furpa,0.3333333333333333,2,2,ATAGGATAGGCTTGTTCCAG,0,1272918
furpa,0.3333333333333333,2,2,ATAGGAGGGTGGTAACGCGT,0,1272072
furpa,0.3333333333333333,2,2,ATAGCGTGAGAGCAAGTAGC,0,1333462
furpa,0.3333333333333333,2,2,ATAGCGTATTACCCTATTGC,0,1311009
furpa,0.3333333333333333,2,2,ATAGCCACGATTGAGGTGAC,0,1300433
furpa,0.3333333333333333,2,2,ATAGACGCGCCATGTCAGCA,0,1286246
furpa,0.3333333333333333,2,2,ATACTGGCAATCGCGCTAAT,0,1299769
furpa,0.3333333333333333,2,2,ATACTGCAAGGTAGCTCCGT,0,1307236
furpa,0.3333333333333333,2,2,ATACTCTAAGACCTATACGT,0,1292483
furpa,0.3333333333333333,2,2,ATACGCTTCGTAATTATGCT,0,1295295
furpa,0.3333333333333333,2,2,ATACGCAGTGTGGCTACGTT,0,1323534
furpa,0.3333333333333333,2,2,ATACCCCCTCAACCTCTATT,0,1325716
furpa,0.3333333333333333,2,2,ATACCCACGCATCGGAGCCA,0,1300684
furpa,0.3333333333333333,2,2,ATACCACCCGCCATCGCTTG,0,1291141
furpa,0.3333333333333333,2,2,ATACACCCCACATAACTGCG,0,1354387
furpa,0.3333333333333333,2,2,ATACAATGTTGATAGGAATG,0,1286414
furpa,0.3333333333333333,2,2,ATAATTCTCAAAGGGTCCTT,0,1301643
furpa,0.3333333333333333,2,2,ATAATGTGGGGATCAACAAT,0,1278902
furpa,0.3333333333333333,2,2,ATAATGAGTGGGGTGCCGAA,0,1296124
furpa,0.3333333333333333,2,2,ATAATACATTAACGTTGACC,0,1307966
furpa,0.3333333333333333,2,2,ATAATAAATAGCGTTTACCA,0,1280387
furpa,0.3333333333333333,2,2,ATAAGTAGACCACTGTACGT,0,1328656
furpa,0.3333333333333333,2,2,ATAAGGTCATGCAAAGTGAT,0,1343142
furpa,0.3333333333333333,2,2,ATAAGGGTAAAGGTCAGTAG,0,1313545
furpa,0.3333333333333333,2,2,ATAAGCACGGTCTTCACGTA,0,1298333
furpa,0.3333333333333333,2,2,ATAACGACGCCATGGTTCTT,0,1349086
furpa,0.3333333333333333,2,2,ATAACCCCCTAACTATTCCT,0,1308701
furpa,0.3333333333333333,2,2,ATAACAGACCCGCTAGCTTG,0,1284268
furpa,0.3333333333333333,2,2,ATAAAGCAGTGATCCTTGAT,0,1327512
furpa,0.3333333333333333,2,2,ATAAACTCCGGCGAGTTCAT,0,1317765
furpa,0.3333333333333333,2,2,ATAAACCAACGAGTGAATCC,0,1357114
furpa,0.3333333333333333,2,2,ATAAAACGTCTACAACGTCC,0,1337873
furpa,0.3333333333333333,2,2,ATAAAACGACGCCTGGCCTT,0,1315135
furpa,0.3333333333333333,2,2,AGTTTTGATTTTAGTAATAT,0,1333677
furpa,0.3333333333333333,2,2,AGTTTGCATATATTGGTTAT,0,1319139
furpa,0.3333333333333333,2,2,AGTTTGATCATGCCACCCCC,0,1311376
furpa,0.3333333333333333,2,2,AGTTTACTTTTTTGCAGGTA,0,1334289
furpa,0.3333333333333333,2,2,AGTTGTTATGGGTCTACGCA,0,1305211
furpa,0.3333333333333333,2,2,AGTTGGTACGTGTAGTAACC,0,1331079
furpa,0.3333333333333333,2,2,AGTTGCGACGCGCTTTGATA,0,1274611
furpa,0.3333333333333333,2,2,AGTTGCACTCAGGAACTACC,0,1337496
furpa,0.3333333333333333,2,2,AGTTCCGTTCGAAAGGCCTA,0,1339883
furpa,0.3333333333333333,2,2,AGTTCCGATATACCCGAACC,0,1289163
furpa,0.3333333333333333,2,2,AGTTCATCCGGAAGCGGTTA,0,1344165
furpa,0.3333333333333333,2,2,AGTTATGATGATATCATGTA,0,1325702
furpa,0.3333333333333333,2,2,AGTTAGACCAGTCAATCAAT,0,1335797
furpa,0.3333333333333333,2,2,AGTTAAGTCAAGCACTCTTG,0,1336340
furpa,0.3333333333333333,2,2,AGTGTCCCAAGAAGTACTCT,0,1303722
furpa,0.3333333333333333,2,2,AGTGTATAGTGGTAGCCATC,0,1313877
furpa,0.3333333333333333,2,2,AGTGGGCATTCCAGTGGACA,0,1334827
furpa,0.3333333333333333,2,2,AGTGGCTAACGCCAACGAGT,0,1300915
furpa,0.3333333333333333,2,2,AGTGGCGCGATTACAGAACC,0,1350344
furpa,0.3333333333333333,2,2,AGTGGCCCTCAGCTCCCTAT,0,1321910
furpa,0.3333333333333333,2,2,AGTGCTGTAGATCGGTGTGT,0,1326293
furpa,0.3333333333333333,2,2,AGTGCGTATTTCGGGCCAAC,0,1298678
furpa,0.3333333333333333,2,2,AGTGCCCCCGCGGTTGTAGT,0,1342929
furpa,0.3333333333333333,2,2,AGTGCATTGCCAATGAACTT,0,1335969
furpa,0.3333333333333333,2,2,AGTGCAACGCTGCTCCGGAA,0,1303878
furpa,0.3333333333333333,2,2,AGTGACATGCGATACGGTAT,0,1334062
furpa,0.3333333333333333,2,2,AGTGAATTTCGGAGATGGAT,0,1336259
furpa,0.3333333333333333,2,2,AGTCTCTGGGTGGCCCCTGT,0,1290347
furpa,0.3333333333333333,2,2,AGTCTAATAATGGCGAGGGT,0,1323728
furpa,0.3333333333333333,2,2,AGTCTAAGTACATTCAGAGT,0,1276298
furpa,0.3333333333333333,2,2,AGTCTAACGGGGCTCAGTCG,0,1351712
furpa,0.3333333333333333,2,2,AGTCGTGGAAGGAATCGAAT,0,1304820
furpa,0.3333333333333333,2,2,AGTCGGTGGAAGGGCAGAGT,0,1304428
furpa,0.3333333333333333,2,2,AGTCGGATGAACCGTCGTCG,0,1276368
furpa,0.3333333333333333,2,2,AGTCCGTATTCATAATAACA,0,1332699
furpa,0.3333333333333333,2,2,AGTCCGCGGGGATTGATAGG,0,1318742
furpa,0.3333333333333333,2,2,AGTCATGCTGTAATAAAGGG,0,1282812
furpa,0.3333333333333333,2,2,AGTCATCATAGATGGGGCAT,0,1282704
furpa,0.3333333333333333,2,2,AGTCAATGGAGGGGTTTGAG,0,1292307
furpa,0.3333333333333333,2,2,AGTCAAGACGTGGCTAGCAA,0,1330211
furpa,0.3333333333333333,2,2,AGTCAACTGGGGAAGCTTCA,0,1277712
furpa,0.3333333333333333,2,2,AGTATTGCCTTCCTTGCTGA,0,1310984
furpa,0.3333333333333333,2,2,AGTATGTTACCCCTACAGCC,0,1297216
furpa,0.3333333333333333,2,2,AGTATATGATACTCCACTTC,0,1328093
furpa,0.3333333333333333,2,2,AGTATACTCGGCTCCGCGGT,0,1327666
furpa,0.3333333333333333,2,2,AGTACGGCTTCAAGGTCCCC,0,1293945
furpa,0.3333333333333333,2,2,AGTACCTGATCATGTACTGA,0,1319639
furpa,0.3333333333333333,2,2,AGTACCGAGCAGCAGATGTG,0,1307227
furpa,0.3333333333333333,2,2,AGTACACGACGTGGCCATAC,0,1292170
furpa,0.3333333333333333,2,2,AGTACAAGGTATCATCACAA,0,1272202
furpa,0.3333333333333333,2,2,AGTAACTCCTATATCTGAAG,0,1277987
furpa,0.3333333333333333,2,2,AGTAAAGTTTTGATGGGGCA,0,1335669
furpa,0.3333333333333333,2,2,AGGTTTGCAGCGTTGCGCAG,0,1326555
furpa,0.3333333333333333,2,2,AGGTTTGAATCGCGCCGTTA,0,1346552
furpa,0.3333333333333333,2,2,AGGTTTCCCGTAAGTGGCGT,0,1349975
furpa,0.3333333333333333,2,2,AGGTTGGAAGCGGCGCAGAG,0,1288784
furpa,0.3333333333333333,2,2,AGGTTGATCTGAATTTAATG,0,1343126
furpa,0.3333333333333333,2,2,AGGTTCGCCTCCCGGATCGT,0,1301794
furpa,0.3333333333333333,2,2,AGGTTCCGTATTACCAACCT,0,1341692
furpa,0.3333333333333333,2,2,AGGTTACGAGAGCCAAACTA,0,1299380
furpa,0.3333333333333333,2,2,AGGTGTAGCTGAGAACAATA,0,1301629
furpa,0.3333333333333333,2,2,AGGTGCACAATGAAAGGGCA,0,1333609
furpa,0.3333333333333333,2,2,AGGTGATAAAACTGACCAAC,0,1295720
furpa,0.3333333333333333,2,2,AGGTCGGAGGCCACGACTGA,0,1342788
furpa,0.3333333333333333,2,2,AGGTCCGAGCAACATTTGTA,0,1280850
furpa,0.3333333333333333,2,2,AGGTCATGCTCGAACCCTGT,0,1295580
furpa,0.3333333333333333,2,2,AGGTCACTGAGCTGGGCCAA,0,1351996
furpa,0.3333333333333333,2,2,AGGTAGTAGGACCCCCGTGT,0,1328570
furpa,0.3333333333333333,2,2,AGGTACCATCAGCAGAATAC,0,1286592
furpa,0.3333333333333333,2,2,AGGTAATTTCGCGTCCAACT,0,1323478
furpa,0.3333333333333333,2,2,AGGTAAGCGGTTTACCCCTC,0,1277252
furpa,0.3333333333333333,2,2,AGGGTGTTGACTATCGATCT,0,1273260
furpa,0.3333333333333333,2,2,AGGGTCACTTGCTATCAAAA,0,1303437
furpa,0.3333333333333333,2,2,AGGGTAATTGTGTGTAATTA,0,1284458
furpa,0.3333333333333333,2,2,AGGGGATCCGCTAATCAATG,0,1343384
furpa,0.3333333333333333,2,2,AGGGGAAGGATCTGTCCATG,0,1303033
furpa,0.3333333333333333,2,2,AGGGCGTGTATTCCTTCGAA,0,1318186
furpa,0.3333333333333333,2,2,AGGGCGGTGTTGAGAGACTT,0,1331843
furpa,0.3333333333333333,2,2,AGGGCGCTCTGAATCTAAAT,0,1330814
furpa,0.3333333333333333,2,2,AGGGCGCATTCTAATGCTGT,0,1339802
furpa,0.3333333333333333,2,2,AGGGCGACGCGGCAGTGTCC,0,1298816
furpa,0.3333333333333333,2,2,AGGGCCACTAGACCGTCTCG,0,1301413
furpa,0.3333333333333333,2,2,AGGGATGCGCTCCCGGAATC,0,1271994
furpa,0.3333333333333333,2,2,AGGGACTTGGAGGATGCTCA,0,1328246
furpa,0.3333333333333333,2,2,AGGGACCTCGGGATTACCTC,0,1346095
furpa,0.3333333333333333,2,2,AGGGACCACGGAATCGTTTA,0,1331259
furpa,0.3333333333333333,2,2,AGGCTTCGGAGCTCCGCATG,0,1337714
furpa,0.3333333333333333,2,2,AGGCTGTGGGATGCTATAGG,0,1282404
furpa,0.3333333333333333,2,2,AGGCTACTTCATCAGTGAAA,0,1304386
furpa,0.3333333333333333,2,2,AGGCGTGGCTACGCTCCCAC,0,1284013
furpa,0.3333333333333333,2,2,AGGCCTTATCCCTACTCGAG,0,1311075
furpa,0.3333333333333333,2,2,AGGCCTAAAGTAATCCGTGA,0,1344778
furpa,0.3333333333333333,2,2,AGGCCCTTTTACAGTCAGAG,0,1274231
furpa,0.3333333333333333,2,2,AGGCCCTTCCCCTGCTCTCC,0,1338086
furpa,0.3333333333333333,2,2,AGGCCAGAACCGTCTAATAT,0,1283378
furpa,0.3333333333333333,2,2,AGGCCACCCGGTACATTACG,0,1353620
furpa,0.3333333333333333,2,2,AGGCCAATATTACACCCGTC,0,1334534
furpa,0.3333333333333333,2,2,AGGCATCATCGTGAACAAGT,0,1350921
furpa,0.3333333333333333,2,2,AGGCAACAAATTGGTGGTTT,0,1277660
furpa,0.3333333333333333,2,2,AGGATCCGGGTACACAGTTT,0,1324839
furpa,0.3333333333333333,2,2,AGGAGCGATGATGGTCGAGG,0,1353191
furpa,0.3333333333333333,2,2,AGGACTCAGTTCCCGGGAAC,0,1351208
furpa,0.3333333333333333,2,2,AGGACTAGCCTGCTACAGTT,0,1318716
furpa,0.3333333333333333,2,2,AGGACCTTGGATAGTCCGAA,0,1308771
furpa,0.3333333333333333,2,2,AGGACCTGGGTCTGTGGGGC,0,1319255
furpa,0.3333333333333333,2,2,AGGACCTAACACTACCTCGA,0,1288814
furpa,0.3333333333333333,2,2,AGGACCGACAATTTCAGTAT,0,1281090
furpa,0.3333333333333333,2,2,AGGACACGTACGGTCCACTT,0,1330344
furpa,0.3333333333333333,2,2,AGGAATGGGGTAGTGGATCG,0,1313425
furpa,0.3333333333333333,2,2,AGGAATACAGTGAATGGCGT,0,1339745
furpa,0.3333333333333333,2,2,AGGAACTCTGACGGATATTG,0,1311939
furpa,0.3333333333333333,2,2,AGCTTTGGGAAGAAGTTCGT,0,1309205
furpa,0.3333333333333333,2,2,AGCTTTCCAGTAGGCCGCGG,0,1276758
furpa,0.3333333333333333,2,2,AGCTTGCGGTCACCGGCCAC,0,1353609
furpa,0.3333333333333333,2,2,AGCTTCCGCCAGGTCATCTC,0,1289156
furpa,0.3333333333333333,2,2,AGCTTAGGTACCCCGTCTGG,0,1325180
furpa,0.3333333333333333,2,2,AGCTTACTCACACTAACGTC,0,1340967
furpa,0.3333333333333333,2,2,AGCTTAATTGTCTACAATAC,0,1343214
furpa,0.3333333333333333,2,2,AGCTGGGGGGGCATCAATGA,0,1272270
furpa,0.3333333333333333,2,2,AGCTGCGTACATACTGGGTT,0,1320855
furpa,0.3333333333333333,2,2,AGCTGATGCTCGCCAACAAC,0,1284888
furpa,0.3333333333333333,2,2,AGCTCTGGTTAGGGCCACAT,0,1284254
furpa,0.3333333333333333,2,2,AGCTCTAATCTTTTATATTT,0,1293840
furpa,0.3333333333333333,2,2,AGCTCGTAACAATTTAGAAC,0,1334516
furpa,0.3333333333333333,2,2,AGCTCCTCCGCGGTCGAACA,0,1309524
furpa,0.3333333333333333,2,2,AGCTCCAGAATTGTGACTCA,0,1347464
furpa,0.3333333333333333,2,2,AGCTAGTTCAGGTGCATAAA,0,1292539
furpa,0.3333333333333333,2,2,AGCTAGTCGGGGCAGCGCGA,0,1325129
furpa,0.3333333333333333,2,2,AGCTAGAAAAGGAGGATAAA,0,1310723
furpa,0.3333333333333333,2,2,AGCTACACTGTCACCTGGTG,0,1333698
furpa,0.3333333333333333,2,2,AGCTAAGCGGTGCCTTGACA,0,1340575
furpa,0.3333333333333333,2,2,AGCGTTCTGGGATATACCTT,0,1292299
furpa,0.3333333333333333,2,2,AGCGTCTACAGAATGTCGAG,0,1344555
furpa,0.3333333333333333,2,2,AGCGTCGGGTGCAGGCAGCA,0,1356649
furpa,0.3333333333333333,2,2,AGCGTCCGTCTAGAAAGGAA,0,1322705
furpa,0.3333333333333333,2,2,AGCGTACTAAAACCAATTTA,0,1329987
furpa,0.3333333333333333,2,2,AGCGTAAGAACTTCATTGAG,0,1287189
furpa,0.3333333333333333,2,2,AGCGGATCTGTATCTTAGGT,0,1341889
furpa,0.3333333333333333,2,2,AGCGCTATGGACGTGCACGT,0,1344932
furpa,0.3333333333333333,2,2,AGCGCGTATCTGTACCGTCG,0,1273846
furpa,0.3333333333333333,2,2,AGCGCGCTGTGTCAACTTTC,0,1321266
furpa,0.3333333333333333,2,2,AGCGCCCAATATAGCGTAGT,0,1342774
furpa,0.3333333333333333,2,2,AGCGCATTATGGTTATTATG,0,1304495
furpa,0.3333333333333333,2,2,AGCGCATGGCACGTTTTACA,0,1307009
furpa,0.3333333333333333,2,2,AGCGAGAGCCACACGGGTAT,0,1357211
furpa,0.3333333333333333,2,2,AGCGAACCGTTGTATCGCGT,0,1304397
furpa,0.3333333333333333,2,2,AGCCTTCGGAGCACCAATCG,0,1320151
furpa,0.3333333333333333,2,2,AGCCTCGTCCAATTTATCGT,0,1293995
furpa,0.3333333333333333,2,2,AGCCTACGTCGCGGACCGGG,0,1357320
furpa,0.3333333333333333,2,2,AGCCGGACCCGCGAGGAATC,0,1322215
furpa,0.3333333333333333,2,2,AGCCGAAGCTGTGAATTGCC,0,1319718
furpa,0.3333333333333333,2,2,AGCCCTGCGCGCATGGGAAT,0,1279233
furpa,0.3333333333333333,2,2,AGCCCGCCTCCGTGGGGGTC,0,1311365
furpa,0.3333333333333333,2,2,AGCCCCCGCTGAATCCCTGA,0,1331982
furpa,0.3333333333333333,2,2,AGCCCATAACGAGAGGATGA,0,1319720
furpa,0.3333333333333333,2,2,AGCCCACCGGGTATCTGTGC,0,1348004
furpa,0.3333333333333333,2,2,AGCCAGTGGGTACATTACTT,0,1285827
furpa,0.3333333333333333,2,2,AGCCAGAAACGGGGCTATGT,0,1337009
furpa,0.3333333333333333,2,2,AGCCACGGTAATCCGGGCTG,0,1312623
furpa,0.3333333333333333,2,2,AGCATTAGGCGTTCAGATGT,0,1318340
furpa,0.3333333333333333,2,2,AGCATCAGCCATTGTAGCTG,0,1317183
furpa,0.3333333333333333,2,2,AGCATAGATCACGTACCGTG,0,1346953
furpa,0.3333333333333333,2,2,AGCAGTTTTGTAAGACTGCG,0,1324303
furpa,0.3333333333333333,2,2,AGCAGGTGTCAAACGTGCAA,0,1276857
furpa,0.3333333333333333,2,2,AGCAGGCAAAAGCCTTGATG,0,1329016
furpa,0.3333333333333333,2,2,AGCAGAAGTAGAGGTGATCA,0,1337325
furpa,0.3333333333333333,2,2,AGCACTTATTAAGAGTATGT,0,1309349
furpa,0.3333333333333333,2,2,AGCACTTAAACTCAGCCCGA,0,1324980
furpa,0.3333333333333333,2,2,AGCACTGGGTATGGACAGAT,0,1321615
furpa,0.3333333333333333,2,2,AGCACGTGTTACGTAACATA,0,1292456
furpa,0.3333333333333333,2,2,AGCAATTAGAGCCACTTCTG,0,1330855
furpa,0.3333333333333333,2,2,AGCAAGTGCAATTCATTTAA,0,1291989
furpa,0.3333333333333333,2,2,AGCAACCAGTGTACAGTACA,0,1355261
furpa,0.3333333333333333,2,2,AGATTTATGTTGTGTTGTTT,0,1273765
furpa,0.3333333333333333,2,2,AGATGTTTGGTCGTCCGCTA,0,1310541
furpa,0.3333333333333333,2,2,AGATGGCCTCGAGCGTACGG,0,1354021
furpa,0.3333333333333333,2,2,AGATGCGTTAGGATAATGAT,0,1347499
furpa,0.3333333333333333,2,2,AGATGCGGAGGCATTATCCA,0,1291618
furpa,0.3333333333333333,2,2,AGATCTGAATCACCAGGCAA,0,1286088
furpa,0.3333333333333333,2,2,AGATCTCGGATTGGTTAAGG,0,1327575
furpa,0.3333333333333333,2,2,AGATCTCGCATAGTCCCTGA,0,1352807
furpa,0.3333333333333333,2,2,AGATCCTCGTGTAGTCTTTC,0,1290683
furpa,0.3333333333333333,2,2,AGATCCGTGGTCAATGGGAT,0,1357136
furpa,0.3333333333333333,2,2,AGATATAAGAGGCATTTCCT,0,1284033
furpa,0.3333333333333333,2,2,AGATACCTTCTGTTGTGAGC,0,1296366
furpa,0.3333333333333333,2,2,AGATAATTCGGGAGCTATCT,0,1294531
furpa,0.3333333333333333,2,2,AGATAATGGAAGGGCATCCG,0,1309371
furpa,0.3333333333333333,2,2,AGAGTGTAGCTTTTCGGCCC,0,1301383
furpa,0.3333333333333333,2,2,AGAGTCAAGGTACGACACTC,0,1288391
furpa,0.3333333333333333,2,2,AGAGGTTACTCGCAGGCGTA,0,1278174
furpa,0.3333333333333333,2,2,AGAGGTCACGAAACCGTATA,0,1293404
furpa,0.3333333333333333,2,2,AGAGGTAGTCTAGCTCATCG,0,1272599
furpa,0.3333333333333333,2,2,AGAGGCATTCGGCGCAGCGC,0,1353098
furpa,0.3333333333333333,2,2,AGAGGCAATATCCCAGTCCC,0,1325354
furpa,0.3333333333333333,2,2,AGAGGCAACCGGGGGTATCA,0,1275907
furpa,0.3333333333333333,2,2,AGAGGATGTGATGTACGGAT,0,1286212
furpa,0.3333333333333333,2,2,AGAGGATCGGAGGCCGTGGA,0,1349399
furpa,0.3333333333333333,2,2,AGAGCCCCAATCGTTTACGA,0,1271334
furpa,0.3333333333333333,2,2,AGAGCATTTTACGGAATATC,0,1338816
furpa,0.3333333333333333,2,2,AGAGCACATCCTTGAGATAT,0,1293123
furpa,0.3333333333333333,2,2,AGAGATTAGCTCCGGCAGGA,0,1279936
furpa,0.3333333333333333,2,2,AGAGATGCAGTAGCATAGGA,0,1324948
furpa,0.3333333333333333,2,2,AGAGACAGACATTGGTTTCA,0,1286764
furpa,0.3333333333333333,2,2,AGACTGTCGCGGTTAAATGT,0,1300398
furpa,0.3333333333333333,2,2,AGACTCTCCAGTGGTTAGAT,0,1335394
furpa,0.3333333333333333,2,2,AGACGGGTTTACGTAAGCAA,0,1293834
furpa,0.3333333333333333,2,2,AGACCGCGGTAGAATCATGC,0,1276254
furpa,0.3333333333333333,2,2,AGACCCTGACGATAATTTAG,0,1354995
furpa,0.3333333333333333,2,2,AGACATAGCCCTACTCCCAC,0,1280520
furpa,0.3333333333333333,2,2,AGACACCGGTATCCTTCCCT,0,1340656
furpa,0.3333333333333333,2,2,AGAATTTCGGTGTTGTAAGC,0,1280368
furpa,0.3333333333333333,2,2,AGAATTGGAACGGCCCATGT,0,1285051
furpa,0.3333333333333333,2,2,AGAATTATAGTACCGCATCT,0,1356645
furpa,0.3333333333333333,2,2,AGAATGCTAGCTGCTTTCTG,0,1291732
furpa,0.3333333333333333,2,2,AGAAGGGTAGTAAGAACCAA,0,1315381
furpa,0.3333333333333333,2,2,AGAAGGGCACTTAACAACGT,0,1311118
furpa,0.3333333333333333,2,2,AGAAGGACAGGGGACCCGGA,0,1311378
furpa,0.3333333333333333,2,2,AGAAGAGTGGACATCGGCAA,0,1308926
furpa,0.3333333333333333,2,2,AGAAGAGAGTGATGCGGTCC,0,1356717
furpa,0.3333333333333333,2,2,AGAACGTACGAGGTTATATG,0,1343048
furpa,0.3333333333333333,2,2,AGAACACTATATGGAAGGAC,0,1295463
furpa,0.3333333333333333,2,2,AGAAATTTAAGAATTACTAC,0,1340063
furpa,0.3333333333333333,2,2,AGAAAATCGTGCGCATTCTA,0,1298098
furpa,0.3333333333333333,2,2,ACTTTGTCGAAATTTTCATC,0,1278936
furpa,0.3333333333333333,2,2,ACTTTGGGAAGCAATGTTAA,0,1316322
furpa,0.3333333333333333,2,2,ACTTTCATGCAGCGACTATA,0,1327236
furpa,0.3333333333333333,2,2,ACTTGTATAGGCCTCAGGAA,0,1280721
furpa,0.3333333333333333,2,2,ACTTGCTACCTCGACCCTTA,0,1346438
furpa,0.3333333333333333,2,2,ACTTCTACTGTGCGAGATCC,0,1294047
furpa,0.3333333333333333,2,2,ACTTCCTGCGGTTACGGTGA,0,1333161
furpa,0.3333333333333333,2,2,ACTTCCCCTAAGTCTGAAGT,0,1282546
furpa,0.3333333333333333,2,2,ACTTCACTTGCGAACAGTCC,0,1356549
furpa,0.3333333333333333,2,2,ACTTAGGCGGTTTTTTAACA,0,1287527
furpa,0.3333333333333333,2,2,ACTTAGCCTGCTGTTCGAGT,0,1317366
furpa,0.3333333333333333,2,2,ACTTAGACGGGCGCCACACA,0,1292452
furpa,0.3333333333333333,2,2,ACTTACTCTAAAAGACTTAG,0,1298817
furpa,0.3333333333333333,2,2,ACTTAACGGTCTTCACGCTT,0,1291479
furpa,0.3333333333333333,2,2,ACTGTCAGCGAACTTTCCGT,0,1299673
furpa,0.3333333333333333,2,2,ACTGGGTAACAACGTCAGGA,0,1333920
furpa,0.3333333333333333,2,2,ACTGGCGCGGCAGGCTCCGG,0,1299401
furpa,0.3333333333333333,2,2,ACTGGCGAATGCAGCGGTGC,0,1297158
furpa,0.3333333333333333,2,2,ACTGGATGTGACAACCACTG,0,1304449
furpa,0.3333333333333333,2,2,ACTGGACTTCGTTATATCAA,0,1328360
furpa,0.3333333333333333,2,2,ACTGGAAGGGGCGCTTCGGA,0,1338085
furpa,0.3333333333333333,2,2,ACTGCCCTGTTCGACAGGAA,0,1276306
furpa,0.3333333333333333,2,2,ACTGCCATTGCTTACACATC,0,1303173
furpa,0.3333333333333333,2,2,ACTGAAAATCAGACTAGGGG,0,1317412
furpa,0.3333333333333333,2,2,ACTCTTGTTTGGTATTTCTT,0,1308485
furpa,0.3333333333333333,2,2,ACTCTTCGGATCTCCGATGA,0,1325870
furpa,0.3333333333333333,2,2,ACTCTTACCCTCTCGGCGGG,0,1271928
furpa,0.3333333333333333,2,2,ACTCTCGCCACGCCATAGGA,0,1350975
furpa,0.3333333333333333,2,2,ACTCTATGGGCGGACTCCAG,0,1350560
furpa,0.3333333333333333,2,2,ACTCGTGCAAATATCAGCCT,0,1311289
furpa,0.3333333333333333,2,2,ACTCGCGGCTATGTAGGATA,0,1309523
furpa,0.3333333333333333,2,2,ACTCGCGCATTTACGTACTG,0,1353864
furpa,0.3333333333333333,2,2,ACTCGCCATAACGTAGTGTT,0,1311441
furpa,0.3333333333333333,2,2,ACTCCTTGTCACTTGGCAAC,0,1329787
furpa,0.3333333333333333,2,2,ACTCCTCTTTTGATTAATTT,0,1321351
furpa,0.3333333333333333,2,2,ACTCCGCTGCCCGCCACCAC,0,1339266
furpa,0.3333333333333333,2,2,ACTCCACTCTCTAGTGATTA,0,1343642
furpa,0.3333333333333333,2,2,ACTCACCTCATAGTGCATAT,0,1344021
furpa,0.3333333333333333,2,2,ACTATGTGATGACAATGCGA,0,1312946
furpa,0.3333333333333333,2,2,ACTATGACTCGGGGAGCCGC,0,1346000
furpa,0.3333333333333333,2,2,ACTATCGCCTTGACTCTCGT,0,1305724
furpa,0.3333333333333333,2,2,ACTACTCCAGTTGATTCCCC,0,1311941
furpa,0.3333333333333333,2,2,ACTACGTAGCATAGTCATTT,0,1339288
furpa,0.3333333333333333,2,2,ACTACCACCGAGACGAAACT,0,1314379
furpa,0.3333333333333333,2,2,ACTAATCTCAGGTATTTCAC,0,1328938
furpa,0.3333333333333333,2,2,ACTAATAGTCAGGTTTTGGG,0,1318038
furpa,0.3333333333333333,2,2,ACTAAGGCTATGATTAACTT,0,1304688
furpa,0.3333333333333333,2,2,ACTAACCCCAGGTTGAGTGT,0,1349168
furpa,0.3333333333333333,2,2,ACTAAATTTCCTACAGCAGC,0,1295710
furpa,0.3333333333333333,2,2,ACGTTTGGGCACCTTCAATA,0,1276847
furpa,0.3333333333333333,2,2,ACGTTTAGGGCGCCGAGTGT,0,1285399
furpa,0.3333333333333333,2,2,ACGTTGGCCACTACTTATTG,0,1272208
furpa,0.3333333333333333,2,2,ACGTTCATGCTATGCCTTTC,0,1271687
furpa,0.3333333333333333,2,2,ACGTTCACATTAACCCCGAC,0,1282371
furpa,0.3333333333333333,2,2,ACGTGGCCCTGACTGTAACA,0,1288408
furpa,0.3333333333333333,2,2,ACGTGGAAAGAGCCATGTGG,0,1353058
furpa,0.3333333333333333,2,2,ACGTGCACATCTGTCGGTCG,0,1329533
furpa,0.3333333333333333,2,2,ACGTGATAACACAGGCACGC,0,1284333
furpa,0.3333333333333333,2,2,ACGTGACTGAGCTGGCCCTC,0,1279946
furpa,0.3333333333333333,2,2,ACGTGACGTACACTTGTTAG,0,1315655
furpa,0.3333333333333333,2,2,ACGTCGTAGTCGCCTGTACA,0,1340124
furpa,0.3333333333333333,2,2,ACGTCCTGTTTACTGGCTGT,0,1302434
furpa,0.3333333333333333,2,2,ACGTACTAAGATTGGGGTGG,0,1331907
furpa,0.3333333333333333,2,2,ACGTACGTAAGTCGTGGAAC,0,1275361
furpa,0.3333333333333333,2,2,ACGTACATTCGGCGATCTAG,0,1297137
furpa,0.3333333333333333,2,2,ACGGTGGCCCTGTGCGGGAG,0,1272552
furpa,0.3333333333333333,2,2,ACGGTGCGGCTAGCATTGTG,0,1290924
furpa,0.3333333333333333,2,2,ACGGTGCGGATGCTTACAGT,0,1317326
furpa,0.3333333333333333,2,2,ACGGTGCGCCGGAGTCCGTA,0,1326060
furpa,0.3333333333333333,2,2,ACGGTGATCGGTGCACAAGG,0,1286233
furpa,0.3333333333333333,2,2,ACGGTCTACCGCCAACGGAA,0,1289717
furpa,0.3333333333333333,2,2,ACGGTCGAGTTCAACCGCGA,0,1302336
furpa,0.3333333333333333,2,2,ACGGGGTATGGTATCAACGG,0,1329018
furpa,0.3333333333333333,2,2,ACGGGCTTTGTCACTGCTTA,0,1334025
furpa,0.3333333333333333,2,2,ACGGCTGCAGCACTGGCGTT,0,1298914
furpa,0.3333333333333333,2,2,ACGGCGTGTGTTGGCCTGAA,0,1281886
furpa,0.3333333333333333,2,2,ACGGCCTCGGTTAGCAAGTA,0,1331499
furpa,0.3333333333333333,2,2,ACGGCATAAGATCGGCGACC,0,1291666
furpa,0.3333333333333333,2,2,ACGGATCTAATTGGGCCAGG,0,1341076
furpa,0.3333333333333333,2,2,ACGGACTTGGTTTTAGTTTT,0,1348686
furpa,0.3333333333333333,2,2,ACGGACGGTAATGTTCCGTC,0,1291746
furpa,0.3333333333333333,2,2,ACGCTTAAAGGGCTTTGAAC,0,1296561
furpa,0.3333333333333333,2,2,ACGCTCGGAGTAATACAGGT,0,1330959
furpa,0.3333333333333333,2,2,ACGCTCAGGAGGCGCACTTT,0,1303348
furpa,0.3333333333333333,2,2,ACGCGTGACTGGCATAAAGA,0,1310212
furpa,0.3333333333333333,2,2,ACGCGGGCTACTATACTAAG,0,1308223
furpa,0.3333333333333333,2,2,ACGCCGGTAGAGCTAAAGCT,0,1357488
furpa,0.3333333333333333,2,2,ACGCCGGCGGTCCATCGGAC,0,1311647
furpa,0.3333333333333333,2,2,ACGCCCGGTAAACAAGCGTC,0,1342645
furpa,0.3333333333333333,2,2,ACGCCAGGCCGGTAAGGCGG,0,1286932
furpa,0.3333333333333333,2,2,ACGATGGCATGCCTACTTCT,0,1294873
furpa,0.3333333333333333,2,2,ACGATCCAGGCCGGCGAAGT,0,1288824
furpa,0.3333333333333333,2,2,ACGATAGGCCCCTTCGGGGG,0,1290193
furpa,0.3333333333333333,2,2,ACGAGTTGGGTTTGAAGCTG,0,1352095
furpa,0.3333333333333333,2,2,ACGAGTTGCTAAAGGAGGTA,0,1353469
furpa,0.3333333333333333,2,2,ACGAGATTGTCCATTGAGCG,0,1295805
furpa,0.3333333333333333,2,2,ACGAGAAAATCTCGGTTTTA,0,1275590
furpa,0.3333333333333333,2,2,ACGACCGCTTATATCGGTAA,0,1311906
furpa,0.3333333333333333,2,2,ACGACAGTATTTCGTATCGA,0,1331537
furpa,0.3333333333333333,2,2,ACGAATTGTAGTGACATACA,0,1355119
furpa,0.3333333333333333,2,2,ACGAACTTACGGCCTCAGTG,0,1271730
furpa,0.3333333333333333,2,2,ACCTTTTGTATAACCCAAGA,0,1324448
furpa,0.3333333333333333,2,2,ACCTTTGGGCATCCGTAGGT,0,1345879
furpa,0.3333333333333333,2,2,ACCTTTCTAAATTCGATTGT,0,1282619
furpa,0.3333333333333333,2,2,ACCTGCTTGACCATTAAACA,0,1309273
furpa,0.3333333333333333,2,2,ACCTGCATTGCAACTACTTT,0,1317552
furpa,0.3333333333333333,2,2,ACCTGATGGTATCATGAATA,0,1336900
furpa,0.3333333333333333,2,2,ACCTGATCATGTTCACACGT,0,1272663
furpa,0.3333333333333333,2,2,ACCTAGTTGGGTAGCTAATC,0,1320131
furpa,0.3333333333333333,2,2,ACCTAGTGTCCATCGGCGTG,0,1304979
furpa,0.3333333333333333,2,2,ACCTAGAATGCGGGCAACAT,0,1315074
furpa,0.3333333333333333,2,2,ACCGTTGCCGATTGCCTGAA,0,1315427
furpa,0.3333333333333333,2,2,ACCGTAGGCTTCGTAGTCTA,0,1321260
furpa,0.3333333333333333,2,2,ACCGGTTTAAGCCACCGGAC,0,1308861
furpa,0.3333333333333333,2,2,ACCGGGGTGGTGCACACCTC,0,1324374
furpa,0.3333333333333333,2,2,ACCGGGGCAAACAGGAAAGT,0,1336918
furpa,0.3333333333333333,2,2,ACCGGCTTTGAGACTTCTAG,0,1341642
furpa,0.3333333333333333,2,2,ACCGGCCGGGCAGTTATCAG,0,1284601
furpa,0.3333333333333333,2,2,ACCGGCCACATGGCACCGAT,0,1338906
furpa,0.3333333333333333,2,2,ACCGGAATTCGCGGCCCGGG,0,1299981
furpa,0.3333333333333333,2,2,ACCGCGGGCCATGAATGCCT,0,1277715
furpa,0.3333333333333333,2,2,ACCGCGCATGCGCGGATGTC,0,1281017
furpa,0.3333333333333333,2,2,ACCGCCCACCTGCAAAATCT,0,1327949
furpa,0.3333333333333333,2,2,ACCGAAGTCGCCCCTAGTAT,0,1301486
furpa,0.3333333333333333,2,2,ACCGAAGGAAAACGCTCGGC,0,1331010
furpa,0.3333333333333333,2,2,ACCGAAGCTTGTGATCGACT,0,1333931
furpa,0.3333333333333333,2,2,ACCCTTGTCGGACTCATTTA,0,1337817
furpa,0.3333333333333333,2,2,ACCCTGTATGTCGTAGCCAA,0,1318463
furpa,0.3333333333333333,2,2,ACCCTGGCACCAGAAGAAAA,0,1294518
furpa,0.3333333333333333,2,2,ACCCTGCCTCAGACGGTTGA,0,1274634
furpa,0.3333333333333333,2,2,ACCCTCAAGCGATTCACACT,0,1337171
furpa,0.3333333333333333,2,2,ACCCGTTTCCATGGTATAAC,0,1320118
furpa,0.3333333333333333,2,2,ACCCGGTTTTTGCTTCGGAT,0,1350892
furpa,0.3333333333333333,2,2,ACCCGCTCGTGTCCCTGCAG,0,1323721
furpa,0.3333333333333333,2,2,ACCCCTGGCGAGTCGAGCAG,0,1300747
furpa,0.3333333333333333,2,2,ACCCCGTTCTGCATCAGGGG,0,1318227
furpa,0.3333333333333333,2,2,ACCCCCTCCGGGAGACGGCG,0,1318607
furpa,0.3333333333333333,2,2,ACCCCATGCAATCATACATT,0,1311672
furpa,0.3333333333333333,2,2,ACCCAGGGCACTTTCATTTA,0,1298212
furpa,0.3333333333333333,2,2,ACCATGTTCGATATTAGGGT,0,1319296
furpa,0.3333333333333333,2,2,ACCATAGAGGCAGTAACTTG,0,1331970
furpa,0.3333333333333333,2,2,ACCAGTTAAGGCTTGCAGTG,0,1282391
furpa,0.3333333333333333,2,2,ACCAGGTCCGTCCGTCACAA,0,1281113
furpa,0.3333333333333333,2,2,ACCAGGTAACCATCTTGGGT,0,1284482
furpa,0.3333333333333333,2,2,ACCAGGGACCGCCCAGGAGC,0,1334902
furpa,0.3333333333333333,2,2,ACCAGATCACCCTACTCGAC,0,1273180
furpa,0.3333333333333333,2,2,ACCACTTTGAGTCAATGGCC,0,1334158
furpa,0.3333333333333333,2,2,ACCACTGCCCCGGAAGTTTT,0,1293371
furpa,0.3333333333333333,2,2,ACCACGGGTCATCCGGCTCT,0,1281401
furpa,0.3333333333333333,2,2,ACCACACGGCATCAATCTGT,0,1338750
furpa,0.3333333333333333,2,2,ACATTGTGTTGTTAACATTC,0,1355088
furpa,0.3333333333333333,2,2,ACATTGTGCATATTCTGTGT,0,1299304
furpa,0.3333333333333333,2,2,ACATGTGCGTGAGTGCCCGC,0,1325726
furpa,0.3333333333333333,2,2,ACATGGGTATGTTCAAACCA,0,1320172
furpa,0.3333333333333333,2,2,ACATGCTTGGGCTACGTCTA,0,1350585
furpa,0.3333333333333333,2,2,ACATGAACAAACCTGTACAA,0,1304046
furpa,0.3333333333333333,2,2,ACATCGAGTCAAATCGGCGT,0,1319426
furpa,0.3333333333333333,2,2,ACATCCGGCTCCTCTTAAAC,0,1345550
furpa,0.3333333333333333,2,2,ACATATTCTTCTGAACAGTC,0,1286145
furpa,0.3333333333333333,2,2,ACATATCGAAGGTGACGAGA,0,1328114
furpa,0.3333333333333333,2,2,ACATAGGCCGCCTAGCAACG,0,1309415
furpa,0.3333333333333333,2,2,ACATAAGTACCCCTTTCTCC,0,1271680
furpa,0.3333333333333333,2,2,ACAGTGTATAACGATTAAAA,0,1292202
furpa,0.3333333333333333,2,2,ACAGTGGTCATATCTGTAGG,0,1275607
furpa,0.3333333333333333,2,2,ACAGTACCTGATTGACCTCA,0,1271583
furpa,0.3333333333333333,2,2,ACAGGACCTGCTTAAGTTAT,0,1328653
furpa,0.3333333333333333,2,2,ACAGCTCCTCTACCAGACTT,0,1354542
furpa,0.3333333333333333,2,2,ACAGCTATCGTTCATGTCTA,0,1285090
furpa,0.3333333333333333,2,2,ACAGCGAGTCCCGGGGCGCA,0,1325626
furpa,0.3333333333333333,2,2,ACAGCCTTCTGAAGGCACTC,0,1290941
furpa,0.3333333333333333,2,2,ACAGCCTAAGTTGGAATCAA,0,1272818
furpa,0.3333333333333333,2,2,ACAGCCCCCTTCGCTAATTC,0,1330230
furpa,0.3333333333333333,2,2,ACAGCCATGAGCAACATCGT,0,1283715
furpa,0.3333333333333333,2,2,ACAGCAATGCGGTAACATAT,0,1308096
furpa,0.3333333333333333,2,2,ACAGCAAGCCTGGGACGCTA,0,1272068
furpa,0.3333333333333333,2,2,ACAGAGTCTTAATGGTGAGT,0,1318074
furpa,0.3333333333333333,2,2,ACAGAGATGAAACCGTACGA,0,1297036
furpa,0.3333333333333333,2,2,ACAGAGATACGCAGAGAGAG,0,1278791
furpa,0.3333333333333333,2,2,ACAGAGAATATCTCGTGGGT,0,1282480
furpa,0.3333333333333333,2,2,ACACTGCGGTTCGGACAGGG,0,1313759
furpa,0.3333333333333333,2,2,ACACTGACAAAAGCTATACG,0,1353705
furpa,0.3333333333333333,2,2,ACACGCGAGACACAAATGCT,0,1325481
furpa,0.3333333333333333,2,2,ACACCGGATGGTGAAATTAG,0,1314976
furpa,0.3333333333333333,2,2,ACACCGATGTTATGCCCAGA,0,1306451
furpa,0.3333333333333333,2,2,ACACCCGGTCTGCGATTGCT,0,1336100
furpa,0.3333333333333333,2,2,ACACACTTACGTCATGGACT,0,1296881
furpa,0.3333333333333333,2,2,ACACACTACTACATACTCTC,0,1341678
furpa,0.3333333333333333,2,2,ACACACCTAAAAATCTGGTT,0,1291194
furpa,0.3333333333333333,2,2,ACAATTTTTAAATATTCATA,0,1307781
furpa,0.3333333333333333,2,2,ACAATAGATTGGTGGTCTGG,0,1304624
furpa,0.3333333333333333,2,2,ACAATAAAGGGAGATTCGAA,0,1335697
furpa,0.3333333333333333,2,2,ACAAGTGGACTGTTTAGTTC,0,1283762
furpa,0.3333333333333333,2,2,ACAAGTCGTGCCGTCCGGTC,0,1334766
furpa,0.3333333333333333,2,2,ACAAGGTTTACTAGGCTGGA,0,1298833
furpa,0.3333333333333333,2,2,ACAAGCTCCGGATGCGGGAA,0,1291833
furpa,0.3333333333333333,2,2,ACAAGCCGCACAGGTTCAAT,0,1301492
furpa,0.3333333333333333,2,2,ACAAGCAGAGATTATTACGA,0,1345386
furpa,0.3333333333333333,2,2,ACAAGATAGAAGTTGTTTTA,0,1315118
furpa,0.3333333333333333,2,2,ACAACTCAAGCTGTCACACT,0,1354377
furpa,0.3333333333333333,2,2,ACAACGAGAGCCATGAATTT,0,1338061
furpa,0.3333333333333333,2,2,ACAACATGTTGCACGCGACA,0,1286171
furpa,0.3333333333333333,2,2,ACAAATGAAAACTATAGGGG,0,1353742
furpa,0.3333333333333333,2,2,ACAAAGGTGGTCGTGGCAGA,0,1275605
furpa,0.3333333333333333,2,2,ACAAAGCTTTTGGGTTGTGA,0,1300660
furpa,0.3333333333333333,2,2,ACAAACGTCCCGTTGGGAAG,0,1293631
furpa,0.3333333333333333,2,2,ACAAACACACGATTTCTTAA,0,1292930
furpa,0.3333333333333333,2,2,AATTTTCGATTCGCATGAGA,0,1307936
furpa,0.3333333333333333,2,2,AATTTTCATGTGGAATCATT,0,1296025
furpa,0.3333333333333333,2,2,AATTGTGGAATAAGTTAGTT,0,1338636
furpa,0.3333333333333333,2,2,AATTGTATGGCACTGCCGCG,0,1271385
furpa,0.3333333333333333,2,2,AATTGCTAAGACGCGGCTGA,0,1343292
furpa,0.3333333333333333,2,2,AATTGCATTCGGTTTGGAGA,0,1274161
furpa,0.3333333333333333,2,2,AATTCCAGGTGTCCGGTCTG,0,1287646
furpa,0.3333333333333333,2,2,AATTAAATCAAGGTCCTCGC,0,1301035
furpa,0.3333333333333333,2,2,AATGTTAGCCGCCCCTTTTA,0,1304525
furpa,0.3333333333333333,2,2,AATGTCGGGATATCCGTAGT,0,1290865
furpa,0.3333333333333333,2,2,AATGTCCGGGGTGTGAATGC,0,1289722
furpa,0.3333333333333333,2,2,AATGTCACCGGGGCCAATTC,0,1344698
furpa,0.3333333333333333,2,2,AATGGGTGTGAGGACGGCCA,0,1330934
furpa,0.3333333333333333,2,2,AATGGGGATTTTCGGGTCTG,0,1290781
furpa,0.3333333333333333,2,2,AATGGCTGTACTGGGACGAG,0,1312732
furpa,0.3333333333333333,2,2,AATGGACTAATATTTTGCGA,0,1325533
furpa,0.3333333333333333,2,2,AATGCGGAAACTATCAATCA,0,1317935
furpa,0.3333333333333333,2,2,AATGCCTTTGTCTGATGACC,0,1294233
furpa,0.3333333333333333,2,2,AATGCACCCCCTTGGTGGCA,0,1290975
furpa,0.3333333333333333,2,2,AATGCAACGCGAACTAGATA,0,1319565
furpa,0.3333333333333333,2,2,AATGACGCGTGGCAGGCCTG,0,1348000
furpa,0.3333333333333333,2,2,AATGAAATATAGTACGGCTT,0,1274626
furpa,0.3333333333333333,2,2,AATGAAAGTGGGTCCCCCCC,0,1303185
furpa,0.3333333333333333,2,2,AATCTATGGAAGCCCTGCTA,0,1304502
furpa,0.3333333333333333,2,2,AATCGCCTTTATCTCTACAA,0,1300162
furpa,0.3333333333333333,2,2,AATCGCCCTCGACCAGCCGG,0,1311370
furpa,0.3333333333333333,2,2,AATCGCAACAGAGCGGATGA,0,1279305
furpa,0.3333333333333333,2,2,AATCCGTCCACAGCGGTAAG,0,1310794
furpa,0.3333333333333333,2,2,AATCCGGCCAAATAAAACAT,0,1322356
furpa,0.3333333333333333,2,2,AATCCCAATCGTTGGGCGGT,0,1349295
furpa,0.3333333333333333,2,2,AATCAGGTGACGGCCGAAAA,0,1317311
furpa,0.3333333333333333,2,2,AATCACTAGGGGCGAGTATG,0,1349538
furpa,0.3333333333333333,2,2,AATCACGAAACGTAAATCAT,0,1354291
furpa,0.3333333333333333,2,2,AATATTTCCTGAACGCAGGA,0,1353527
furpa,0.3333333333333333,2,2,AATATTGCACTAAGGTACTG,0,1291957
furpa,0.3333333333333333,2,2,AATATTAATAGGCGCACGGC,0,1309768
furpa,0.3333333333333333,2,2,AATATGAAGATCACGTTGAC,0,1327811
furpa,0.3333333333333333,2,2,AATATAACGCCACTGACTTG,0,1348681
furpa,0.3333333333333333,2,2,AATAGTTGCAGGGGTTCGCG,0,1328992
furpa,0.3333333333333333,2,2,AATAGGTGGGGCATGTGAAA,0,1283575
furpa,0.3333333333333333,2,2,AATAGCGATTCGCGGCTTCT,0,1306495
furpa,0.3333333333333333,2,2,AATAGAAAGGCCTGTCTTCG,0,1297293
furpa,0.3333333333333333,2,2,AATACGGATAAAGATTTAGG,0,1308369
furpa,0.3333333333333333,2,2,AATAAGTATAGCGCTGGTTG,0,1287701
furpa,0.3333333333333333,2,2,AATAAGGTTCGCCAAACTAA,0,1313951
furpa,0.3333333333333333,2,2,AATAACGCGCAATAGATCTA,0,1288243
furpa,0.3333333333333333,2,2,AATAACGCAAACGGGACAAC,0,1353993
furpa,0.3333333333333333,2,2,AATAAACCGGTTTGGCCCGC,0,1280149
furpa,0.3333333333333333,2,2,AAGTTTGCGGGCACATTATA,0,1356552
furpa,0.3333333333333333,2,2,AAGTTGCACAAGTAATGTTG,0,1294143
furpa,0.3333333333333333,2,2,AAGTTAGTGGACCGGTTTTC,0,1286607
furpa,0.3333333333333333,2,2,AAGTGTGAAGAAGACATCCG,0,1299911
furpa,0.3333333333333333,2,2,AAGTGGCTGAGCATCACCTG,0,1290226
furpa,0.3333333333333333,2,2,AAGTGGACAACACGAAGTTC,0,1301222
furpa,0.3333333333333333,2,2,AAGTCTTGTGTCATCCCGGC,0,1296568
furpa,0.3333333333333333,2,2,AAGTCTCACGGTAGGGAATA,0,1334051
furpa,0.3333333333333333,2,2,AAGTCCCGCCGGGCGCAGGA,0,1302266
furpa,0.3333333333333333,2,2,AAGTATTGCCTGTTGTCTGT,0,1326450
furpa,0.3333333333333333,2,2,AAGTATAGCTCCCTATTCAA,0,1312709
furpa,0.3333333333333333,2,2,AAGTAGAGTGCGGCGACTAA,0,1310208
furpa,0.3333333333333333,2,2,AAGGTCGCAAAGCGCGCGAG,0,1273085
furpa,0.3333333333333333,2,2,AAGGGCTTTTTGGCGTATGT,0,1339313
furpa,0.3333333333333333,2,2,AAGGCTGTTAGTCACGAAAA,0,1284592
furpa,0.3333333333333333,2,2,AAGGCTACCTCTATATAAGT,0,1338652
furpa,0.3333333333333333,2,2,AAGGCTACACTCTAGAATTA,0,1282681
furpa,0.3333333333333333,2,2,AAGGCGCCATCCTTTATTGT,0,1303295
furpa,0.3333333333333333,2,2,AAGGCGAGGACTACGATCCG,0,1346606
furpa,0.3333333333333333,2,2,AAGGCCCGTAATGATAACTG,0,1341140
furpa,0.3333333333333333,2,2,AAGGCAGGGTGTCGTGTGTT,0,1328026
furpa,0.3333333333333333,2,2,AAGGCACCGTCCGTGGATGG,0,1310886
furpa,0.3333333333333333,2,2,AAGGCAATCCAAGGTAATAA,0,1290556
furpa,0.3333333333333333,2,2,AAGGATTTACCGGCATTGTG,0,1347591
furpa,0.3333333333333333,2,2,AAGGATCGGCTCCGATTAGT,0,1307656
furpa,0.3333333333333333,2,2,AAGGAGATGCACAATGGTCT,0,1291846
furpa,0.3333333333333333,2,2,AAGGACCGGGTATCCCCAGT,0,1306980
furpa,0.3333333333333333,2,2,AAGCTGGATGGTGGTCCTCG,0,1335200
furpa,0.3333333333333333,2,2,AAGCGATCGGTGGTTCCCGC,0,1347867
furpa,0.3333333333333333,2,2,AAGCCTGTCAGAGTGTCGAT,0,1328449
furpa,0.3333333333333333,2,2,AAGCCGCGTTGACACATGTA,0,1316815
furpa,0.3333333333333333,2,2,AAGCCAATTAGGTAACTAAC,0,1336277
furpa,0.3333333333333333,2,2,AAGCATTGGATTATCATTAT,0,1347815
furpa,0.3333333333333333,2,2,AAGCAGAGAATCCTGGTATT,0,1273613
furpa,0.3333333333333333,2,2,AAGATTATCGATATGACCGC,0,1281055
furpa,0.3333333333333333,2,2,AAGATCTCACTCAGCCATTT,0,1325896
furpa,0.3333333333333333,2,2,AAGATCAAAAATCGAGGTCG,0,1298339
furpa,0.3333333333333333,2,2,AAGAGCTATGTAGATGTCAA,0,1323969
furpa,0.3333333333333333,2,2,AAGAGATCAGATTCACTCCT,0,1290621
furpa,0.3333333333333333,2,2,AAGACTCACATGCCCCGTTT,0,1294390
furpa,0.3333333333333333,2,2,AAGACTCAAAGGGCACATGC,0,1277458
furpa,0.3333333333333333,2,2,AAGACGTCTGTCCGGATTAC,0,1315770
furpa,0.3333333333333333,2,2,AAGACGGAGATACACCATAA,0,1350323
furpa,0.3333333333333333,2,2,AAGACGAAGGAACACCCAGT,0,1346435
furpa,0.3333333333333333,2,2,AAGACCGTCATGCGCTGGAG,0,1321493
furpa,0.3333333333333333,2,2,AAGACAGCACGAGTGACATA,0,1285266
furpa,0.3333333333333333,2,2,AAGAAAGCTTTTACGATCAC,0,1303619
furpa,0.3333333333333333,2,2,AACTTTGTCCCCGCTCCCGG,0,1322121
furpa,0.3333333333333333,2,2,AACTTTCTTTCGAATTGTGC,0,1335612
furpa,0.3333333333333333,2,2,AACTTGATTACTACCGGCAA,0,1339941
furpa,0.3333333333333333,2,2,AACTTCAATATTATTGCGAA,0,1308169
furpa,0.3333333333333333,2,2,AACTTATGTGGTTTTGGGAG,0,1309678
furpa,0.3333333333333333,2,2,AACTTAAGCAACGTGTCGCG,0,1276444
furpa,0.3333333333333333,2,2,AACTGTCGGTCGTAGGTTGG,0,1328771
furpa,0.3333333333333333,2,2,AACTGTCGGCAGGGGAGATA,0,1271543
furpa,0.3333333333333333,2,2,AACTGATGTAGCTAGAGGTA,0,1345385
furpa,0.3333333333333333,2,2,AACTGAGGTGGCCGGTTCAG,0,1349586
furpa,0.3333333333333333,2,2,AACTGAGGCTTGACACTTTC,0,1316763
furpa,0.3333333333333333,2,2,AACTCTGTGTACGCCCACTC,0,1313777
furpa,0.3333333333333333,2,2,AACTCTAGATTAGAGGCACG,0,1273282
furpa,0.3333333333333333,2,2,AACTCTAGAGGTTGATTCGA,0,1298675
furpa,0.3333333333333333,2,2,AACTCGGATGGGTCTATCAA,0,1311845
furpa,0.3333333333333333,2,2,AACTCCTCAGTTCCGTGTGG,0,1297395
furpa,0.3333333333333333,2,2,AACTAAATCTGGCGGATAGA,0,1335459
furpa,0.3333333333333333,2,2,AACGTCGTTTCCTTAGCGAA,0,1325871
furpa,0.3333333333333333,2,2,AACGTCGTCATCTTCAAAAG,0,1354273
furpa,0.3333333333333333,2,2,AACGGTCATGGGCAGTTGGG,0,1330001
furpa,0.3333333333333333,2,2,AACGGCCTGAGTGTGCGAGT,0,1321403
furpa,0.3333333333333333,2,2,AACGGCAAAGCGTATGAACA,0,1322683
furpa,0.3333333333333333,2,2,AACGGACGGTACGAGTGCTG,0,1312148
furpa,0.3333333333333333,2,2,AACGCTGTACTCAGCGTGTG,0,1287359
furpa,0.3333333333333333,2,2,AACGCTATGGCGGTTCTGAA,0,1286034
furpa,0.3333333333333333,2,2,AACGCGCCCTCGACCCGCCT,0,1290254
furpa,0.3333333333333333,2,2,AACGCGCAGCCCCTGATTAG,0,1313640
furpa,0.3333333333333333,2,2,AACGCCCCGTCACTTCCATC,0,1286582
furpa,0.3333333333333333,2,2,AACGCACGGAGTATAACGAT,0,1349598
furpa,0.3333333333333333,2,2,AACGATTATATGGCTGGCTA,0,1324683
furpa,0.3333333333333333,2,2,AACGATCTCCATAATTGCCG,0,1277459
furpa,0.3333333333333333,2,2,AACGAGACTGAGGCATGGGG,0,1303880
furpa,0.3333333333333333,2,2,AACCTGGCGTAGACGGCATC,0,1333811
furpa,0.3333333333333333,2,2,AACCTGAAGCCTTTTTGAGT,0,1324191
furpa,0.3333333333333333,2,2,AACCGCTTTGCATGGCGAGC,0,1283444
furpa,0.3333333333333333,2,2,AACCACCCATTGCAACAAAT,0,1301751
furpa,0.3333333333333333,2,2,AACCAAGGAGCCCGAGGCCA,0,1282883
furpa,0.3333333333333333,2,2,AACAGGTAACAGCTCCACTC,0,1295721
furpa,0.3333333333333333,2,2,AACACTTCAAAATACTCGTT,0,1350593
furpa,0.3333333333333333,2,2,AACACGGAGCTTGCTGGCCT,0,1326949
furpa,0.3333333333333333,2,2,AACACCGACGCTGTTTAGAC,0,1330425
furpa,0.3333333333333333,2,2,AACACCAGGCGGTCGCTGAT,0,1307164
furpa,0.3333333333333333,2,2,AACAATGCCCAATCGCTTTG,0,1275592
furpa,0.3333333333333333,2,2,AACAAGTAATCCGTGGTTGT,0,1354388
furpa,0.3333333333333333,2,2,AACAAGAGGACAAGCTTACA,0,1291261
furpa,0.3333333333333333,2,2,AACAAACTCGCTCATGGCTT,0,1338741
furpa,0.3333333333333333,2,2,AAATTTATAGGCGGTTGTGC,0,1319858
furpa,0.3333333333333333,2,2,AAATTCCCGATGCGGCACAT,0,1340204
furpa,0.3333333333333333,2,2,AAATGGAGTAGAATGTACAA,0,1356215
furpa,0.3333333333333333,2,2,AAATGCAAGCGGACGACCGT,0,1321510
furpa,0.3333333333333333,2,2,AAATGAATCGAAAGCTCTCA,0,1319829
furpa,0.3333333333333333,2,2,AAATCTCATTATGAGGAATG,0,1339898
furpa,0.3333333333333333,2,2,AAATCGTCAGGCGCGTGGCG,0,1281207
furpa,0.3333333333333333,2,2,AAATCAGCCGACCCCACGTT,0,1340073
furpa,0.3333333333333333,2,2,AAATATATCCGTCATCGTAT,0,1309913
furpa,0.3333333333333333,2,2,AAATAGTGTGACTTGTCCTC,0,1332277
furpa,0.3333333333333333,2,2,AAATAAGGCCCGGTCCATCA,0,1339671
furpa,0.3333333333333333,2,2,AAAGTGCGAACTCTACTTAA,0,1335835
furpa,0.3333333333333333,2,2,AAAGTAATGAAGTGGCTGAG,0,1357316
furpa,0.3333333333333333,2,2,AAAGTAAGTTTGCCAAAAGC,0,1289056
furpa,0.3333333333333333,2,2,AAAGGGGTAGTTACACGCCA,0,1321326
furpa,0.3333333333333333,2,2,AAAGGGCAGGCCCCTGCCAT,0,1281310
furpa,0.3333333333333333,2,2,AAAGGGAGCGCCATTGTTTG,0,1322124
furpa,0.3333333333333333,2,2,AAAGGAGCTACCGAGAGCCC,0,1301148
furpa,0.3333333333333333,2,2,AAAGCTTTTGATAAACACTC,0,1340777
furpa,0.3333333333333333,2,2,AAAGCTCATTAACGTTCGCT,0,1307079
furpa,0.3333333333333333,2,2,AAAGCGACGACCGCAACAAT,0,1354227
furpa,0.3333333333333333,2,2,AAAGCCACGGGTTGAAGATT,0,1309537
furpa,0.3333333333333333,2,2,AAAGCATAGTTGTAGTCGGA,0,1313531
furpa,0.3333333333333333,2,2,AAAGCACGCAACACATTGAA,0,1276632
furpa,0.3333333333333333,2,2,AAAGATAGCCAGTCCGGCTT,0,1340209
furpa,0.3333333333333333,2,2,AAAGAGTTATGCTATTAAGA,0,1317578
furpa,0.3333333333333333,2,2,AAAGAGGTGCACACAAGGAA,0,1287662
furpa,0.3333333333333333,2,2,AAAGAGAACGTGGTCCCAGA,0,1289264
furpa,0.3333333333333333,2,2,AAAGAAAGTGATAGATATTT,0,1297651
furpa,0.3333333333333333,2,2,AAACTTCAGGTACATAACTA,0,1335326
furpa,0.3333333333333333,2,2,AAACTGGCGCCCGCTCCAAT,0,1331157
furpa,0.3333333333333333,2,2,AAACTCTGCAGTATGTCAGG,0,1330214
furpa,0.3333333333333333,2,2,AAACTACTCCGAAATTTTCT,0,1335158
furpa,0.3333333333333333,2,2,AAACGCGGCGTGTATGTTGG,0,1320522
furpa,0.3333333333333333,2,2,AAACGCGCACAACTCTTCGT,0,1352939
furpa,0.3333333333333333,2,2,AAACGCCAGTAACACAAATC,0,1341025
furpa,0.3333333333333333,2,2,AAACGCAAGACACGACATGA,0,1308626
furpa,0.3333333333333333,2,2,AAACGACGTGTGCAGGTGGC,0,1329472
furpa,0.3333333333333333,2,2,AAACCTATGGCTTCGGGGGT,0,1341110
furpa,0.3333333333333333,2,2,AAACCTATATCTCCGGATAC,0,1333877
furpa,0.3333333333333333,2,2,AAACCGCTACGCATCTTGCG,0,1283450
furpa,0.3333333333333333,2,2,AAACCGAACTTCTCCTCGAC,0,1299189
furpa,0.3333333333333333,2,2,AAACAATAGGAAATCGCAGT,0,1352254
furpa,0.3333333333333333,2,2,AAACAAACGTTCCAGCATGG,0,1299295
furpa,0.3333333333333333,2,2,AAAATGAGTCTGGTTAGCTA,0,1345639
furpa,0.3333333333333333,2,2,AAAATCCTGTAGCGCGTAGG,0,1298550
furpa,0.3333333333333333,2,2,AAAATAACCCCTATAGCACC,0,1306587
furpa,0.3333333333333333,2,2,AAAATAAACGTTCCACACAT,0,1332167
furpa,0.3333333333333333,2,2,AAAAGTCGTAAGCCATGTGC,0,1305947
furpa,0.3333333333333333,2,2,AAAAGCGTTTTATATATCCT,0,1343512
furpa,0.3333333333333333,2,2,AAAAGCGGTGCTTTGCACAC,0,1278059
furpa,0.3333333333333333,2,2,AAAAGCCGATCAATTTTTCA,0,1337255
furpa,0.3333333333333333,2,2,AAAAGATTGGCAGCAAGAAG,0,1297280
furpa,0.3333333333333333,2,2,AAAACTTTGGCTCCGCGAAT,0,1283411
furpa,0.3333333333333333,2,2,AAAACTCCATTCAATCCCAG,0,1356311
furpa,0.3333333333333333,2,2,AAAACGGCTGTGGGAAGTAT,0,1308595
furpa,0.3333333333333333,2,2,AAAACGCCATGACTTGTGCA,0,1283786
furpa,0.3333333333333333,2,2,AAAACGATACGCGAGGGAAG,0,1283172
furpa,0.3333333333333333,2,2,AAAAATTATCTCGTTCAATG,0,1295309
furpa,0.3333333333333333,2,2,AAAAAGGCAATGCTTTGCCC,0,1355519
furpa,0.3333333333333333,2,2,AAAAAGATCTCGCCACAAGC,0,1309282
furpa,0.3333333333333333,2,2,AAAAAATGCGGGAGGGAAGG,0,1351967
furpa,0.3333333333333333,2,2,AAAAAATCACGGACGTCCTA,0,1309955
furpa,0.5,1,1,TTTTTGTGCCGTGACCTTGG,0,1325717
furpa,0.5,1,1,TTTTTGCTAATGCAGAGTAG,0,1314331
furpa,0.5,1,1,TTTTTGCAAGTCCCACGGTA,0,1300196
furpa,0.5,1,1,TTTTTCTAAGTCGTTCTGGT,0,1353078
furpa,0.5,1,1,TTTTTCGATAGAATGTCAGA,0,1352088
furpa,0.5,1,1,TTTTTCAGCGTTTCCAGAAA,0,1285264
furpa,0.5,1,1,TTTTTATCCCGGACCCACCA,0,1280276
furpa,0.5,1,1,TTTTGGTTAGCAGAGGTGGA,0,1323828
furpa,0.5,1,1,TTTTGGGGTAAGGTGAGGAA,0,1297447
furpa,0.5,1,1,TTTTGGGCAAGTTGGACGCT,0,1354827
furpa,0.5,1,1,TTTTGGCTTTCTTCAACTGG,0,1326468
furpa,0.5,1,1,TTTTGCTAATTGCGAAATGG,0,1292426
furpa,0.5,1,1,TTTTGATTAAGTGTTCTTGA,0,1327037
furpa,0.5,1,1,TTTTGACGTGTCGTATTTGT,0,1289232
furpa,0.5,1,1,TTTTGAAGGGATATTCATCG,0,1288666
furpa,0.5,1,1,TTTTCTTTTTTTTTGCGCTA,0,1307519
furpa,0.5,1,1,TTTTCTACCTCGTTAATGAG,0,1272279
furpa,0.5,1,1,TTTTCTAATACTAGAGGGAA,0,1283592
furpa,0.5,1,1,TTTTCGTTCGTGGGGCGTAC,0,1292326
furpa,0.5,1,1,TTTTCGGTAACCAGAGGTAA,0,1294023
furpa,0.5,1,1,TTTTCGGATTTTATACGCAA,0,1301826
furpa,0.5,1,1,TTTTCGCCAGAACGAAAGAG,0,1296967
furpa,0.5,1,1,TTTTCCCATCACATTACTCA,0,1278177
furpa,0.5,1,1,TTTTCAGACAGCTTTGAACC,0,1272266
furpa,0.5,1,1,TTTTATCGGCCGGACGGTAT,0,1352570
furpa,0.5,1,1,TTTTACTTTATTAGGGGTAC,0,1284776
furpa,0.5,1,1,TTTTACTACCACCATTAGTG,0,1275131
furpa,0.5,1,1,TTTTAAGTGCTGATATGAGC,0,1306922
furpa,0.5,1,1,TTTTAAGCGCTGAGTCGTTG,0,1293810
furpa,0.5,1,1,TTTGTGTTTTTGGCACCGTA,0,1318577
furpa,0.5,1,1,TTTGTGTCCGAAAGTGAAAG,0,1325096
furpa,0.5,1,1,TTTGGTTTGCCCGGATCCTC,0,1279032
furpa,0.5,1,1,TTTGGTCAAATGACTCGAAG,0,1304975
furpa,0.5,1,1,TTTGGGGGTAAACGTGGAAG,0,1291363
furpa,0.5,1,1,TTTGGGCTTGGATCCAAGGT,0,1356539
furpa,0.5,1,1,TTTGGGCAGGGACCGGCGGA,0,1336881
furpa,0.5,1,1,TTTGGCGAAATGCCCTGAAA,0,1343664
furpa,0.5,1,1,TTTGGAGATGTATACGTCTC,0,1315592
furpa,0.5,1,1,TTTGCTGGTCTGGTACTGTC,0,1304504
furpa,0.5,1,1,TTTGCCCCGCCGAAGCTTCT,0,1325966
furpa,0.5,1,1,TTTGCAGGGTCAGCCGCTCC,0,1286471
furpa,0.5,1,1,TTTGCAGCCGTACGTTTGGC,0,1296991
furpa,0.5,1,1,TTTGCAACTTCATGTAAAAA,0,1336960
furpa,0.5,1,1,TTTGCAAAATTTAACGACTG,0,1355273
furpa,0.5,1,1,TTTGAGTTTTTATTAGTGGA,0,1298910
furpa,0.5,1,1,TTTGAGTCTAGGGTTAGTAT,0,1296746
furpa,0.5,1,1,TTTGAGGTGCACTGCAGAAA,0,1345322
furpa,0.5,1,1,TTTGAGGGTCTTTTTGAGTC,0,1300676
furpa,0.5,1,1,TTTGAGGATGGGGCAGACGA,0,1306853
furpa,0.5,1,1,TTTGACAGGGATATACGAAC,0,1350131
furpa,0.5,1,1,TTTGAAGTACATATCCACCA,0,1323176
furpa,0.5,1,1,TTTCTTCGGATGCCGACCGG,0,1299737
furpa,0.5,1,1,TTTCTCACGTGCAGGTAGGA,0,1295636
furpa,0.5,1,1,TTTCTATACGACGGTCTCCC,0,1308792
furpa,0.5,1,1,TTTCGCCTTATCACCCAATT,0,1320826
furpa,0.5,1,1,TTTCGCCAAGTGGGATAACT,0,1338444
furpa,0.5,1,1,TTTCGCAGTTCTGAGGAGGA,0,1292298
furpa,0.5,1,1,TTTCGAGATGGTACATAAAC,0,1333502
furpa,0.5,1,1,TTTCCTGTGCAAGACCATAA,0,1326995
furpa,0.5,1,1,TTTCCTCAATAGACTCGTGG,0,1298983
furpa,0.5,1,1,TTTCCCTTTTAGTACTAAAG,0,1277552
furpa,0.5,1,1,TTTATGGACGTATCTTGGTA,0,1340002
furpa,0.5,1,1,TTTATATATGGGTTATTAAC,0,1315445
furpa,0.5,1,1,TTTAGGTGCCACTACGACAT,0,1288233
furpa,0.5,1,1,TTTAGGAGGACAGGAAAGTA,0,1315049
furpa,0.5,1,1,TTTAGCTACCAATAGGGGTA,0,1349336
furpa,0.5,1,1,TTTAGCATCGCTCGTATCCA,0,1303270
furpa,0.5,1,1,TTTAGATGCGGGCGTAGTTA,0,1318149
furpa,0.5,1,1,TTTACTCCGGCTGACGACAT,0,1303133
furpa,0.5,1,1,TTTACGGAGCCCCATTGTGA,0,1287400
furpa,0.5,1,1,TTTACGCCATGAACGCCACA,0,1281716
furpa,0.5,1,1,TTTACCCAGTAAGGCGAGCC,0,1331741
furpa,0.5,1,1,TTTACAATCGTGTGATCTTA,0,1301694
furpa,0.5,1,1,TTTAAGTTCCCGGTGGTGTT,0,1340562
furpa,0.5,1,1,TTTAAGGCTAGCCGCACAGT,0,1303829
furpa,0.5,1,1,TTTAACTTGCTCACGGCGAG,0,1325015
furpa,0.5,1,1,TTGTTTCTGTGCACATGGAC,0,1297672
furpa,0.5,1,1,TTGTTTCCCACCACCGGCTC,0,1285323
furpa,0.5,1,1,TTGTTGCATAACGTTTAAAG,0,1315647
furpa,0.5,1,1,TTGTTCTGGGACTAGGGTCA,0,1337376
furpa,0.5,1,1,TTGTTAGGCTTTCTCTGTAA,0,1341231
furpa,0.5,1,1,TTGTTAAGTATTCGCCGCGC,0,1280058
furpa,0.5,1,1,TTGTGTAGTTATCTAGTGTA,0,1284725
furpa,0.5,1,1,TTGTGTAAGCACTTTTATAT,0,1315922
furpa,0.5,1,1,TTGTGGTTTTACTGTAGAGC,0,1336304
furpa,0.5,1,1,TTGTGGATGCTCTTGTTTCA,0,1333039
furpa,0.5,1,1,TTGTCGTTTGCGGTTCCATA,0,1303795
furpa,0.5,1,1,TTGTCCCGTCCCAGTGGGCT,0,1307365
furpa,0.5,1,1,TTGTCCATTCACCGGCTTGG,0,1324614
furpa,0.5,1,1,TTGTACTGCATACCCCGCTC,0,1351567
furpa,0.5,1,1,TTGTAATCGGGCCAGGTTTC,0,1286041
furpa,0.5,1,1,TTGTAAGGGATGAAACTGTT,0,1285385
furpa,0.5,1,1,TTGTAAGAGACTGTGATTAG,0,1310085
furpa,0.5,1,1,TTGGTTGGTATTGAGAGCGA,0,1302741
furpa,0.5,1,1,TTGGTTACTTAAGGACGGTA,0,1319073
furpa,0.5,1,1,TTGGTTAATTATGCCATTAT,0,1343647
furpa,0.5,1,1,TTGGTGGGACAGATGCAACA,0,1307930
furpa,0.5,1,1,TTGGTGCTGAATGTATTCAA,0,1326523
furpa,0.5,1,1,TTGGTGATCACATCGGTAGC,0,1293436
furpa,0.5,1,1,TTGGTCTTTAGTTTTGCAAG,0,1283020
furpa,0.5,1,1,TTGGTCGTCACGTTCTTAGA,0,1331471
furpa,0.5,1,1,TTGGGTTTCACGAAGTTCCT,0,1277073
furpa,0.5,1,1,TTGGGTTAAACAGTTCAGTC,0,1276815
furpa,0.5,1,1,TTGGGCCTCCTGTAAGATAT,0,1314338
furpa,0.5,1,1,TTGGGATGCTTATTACTCTG,0,1299611
furpa,0.5,1,1,TTGGGAAGAATTCCGCGTGA,0,1344446
furpa,0.5,1,1,TTGGCTTCCCGACGGCCCCA,0,1336403
furpa,0.5,1,1,TTGGCTGAGGGGCTAACTTC,0,1276452
furpa,0.5,1,1,TTGGCTGAGGATCGGTGAAC,0,1344452
furpa,0.5,1,1,TTGGCTCGTCAACGCTTCGC,0,1314016
furpa,0.5,1,1,TTGGCGTCCGCAATGCTCAA,0,1355587
furpa,0.5,1,1,TTGGCGATCGACGGCGGTAT,0,1335367
furpa,0.5,1,1,TTGGATGTCTTCATCCAGTG,0,1354730
furpa,0.5,1,1,TTGGACCGCTGGGGTTCGGA,0,1300277
furpa,0.5,1,1,TTGGACAGTCAAGGGGTTAA,0,1349931
furpa,0.5,1,1,TTGGAAGATGAAGTATACGA,0,1314980
furpa,0.5,1,1,TTGGAAGACACTTGAAACAG,0,1335850
furpa,0.5,1,1,TTGGAACGTACCTAGGTGTT,0,1338938
furpa,0.5,1,1,TTGGAAATCACATATAGTAC,0,1271747
furpa,0.5,1,1,TTGGAAAGTGGGAGGGTTCT,0,1343296
furpa,0.5,1,1,TTGCTGGTCGATGACGCCAA,0,1291030
furpa,0.5,1,1,TTGCGTCCATTCGTCCTATG,0,1329893
furpa,0.5,1,1,TTGCGGTTCCCTGGACTTGG,0,1331088
furpa,0.5,1,1,TTGCGGCCCCTTGAAGTACT,0,1310531
furpa,0.5,1,1,TTGCGCGTTTCACCCGGTGT,0,1293726
furpa,0.5,1,1,TTGCGACGAAGCACTGTTGG,0,1356370
furpa,0.5,1,1,TTGCCTATAGCCGTTCCAAT,0,1322542
furpa,0.5,1,1,TTGCCGTACTACGTAGTTGT,0,1297361
furpa,0.5,1,1,TTGCCCACTGAATGGCATCC,0,1348464
furpa,0.5,1,1,TTGCCATAGAGTACTATTAT,0,1271208
furpa,0.5,1,1,TTGCCAATCAGGTGGTGGCC,0,1350919
furpa,0.5,1,1,TTGCATGATGTTGTCTGTTA,0,1289226
furpa,0.5,1,1,TTGCAGAGTAAATGTTGGGA,0,1329090
furpa,0.5,1,1,TTGCAAGGGCGTTTTTTCCG,0,1315421
furpa,0.5,1,1,TTGCAAAAACAAGATCACCG,0,1295994
furpa,0.5,1,1,TTGATGCGTTAGACCGAGAA,0,1343898
furpa,0.5,1,1,TTGATAGCTAAAGTCTTTTT,0,1321407
furpa,0.5,1,1,TTGATACACTCGATGTTCCT,0,1324947
furpa,0.5,1,1,TTGAGTGGGATATCGGAGTC,0,1316677
furpa,0.5,1,1,TTGAGTCCCTGCTCCATAAA,0,1293982
furpa,0.5,1,1,TTGAGGCACCTCAAACTGGC,0,1333331
furpa,0.5,1,1,TTGAGCAAGGGATGCGTCCC,0,1340343
furpa,0.5,1,1,TTGAGATCAAAATTGTCGAG,0,1326448
furpa,0.5,1,1,TTGACTTAAGTACGAAGACG,0,1279056
furpa,0.5,1,1,TTGACGGCCGAGATATCGAC,0,1349408
furpa,0.5,1,1,TTGACGGAAGCTTGTGGCCA,0,1280059
furpa,0.5,1,1,TTGACCCCTGTGAACGCTGT,0,1318548
furpa,0.5,1,1,TTGACACCTTTGTGGGCCTC,0,1272835
furpa,0.5,1,1,TTGACAATCTTTGGTTGGTA,0,1353701
furpa,0.5,1,1,TTGACAATAACATTGCCTTC,0,1277334
furpa,0.5,1,1,TTGACAAGGGACGGGCGAGC,0,1353367
furpa,0.5,1,1,TTGAATGGGCTTTAGCATAA,0,1343015
furpa,0.5,1,1,TTGAATGGAACTAAAGTCTT,0,1339723
furpa,0.5,1,1,TTGAATCGGAGCACAATAGT,0,1326426
furpa,0.5,1,1,TTGAATCAGCTCTTGCTCCA,0,1333688
furpa,0.5,1,1,TTGAAGTTTGGCAGAGGCTA,0,1321405
furpa,0.5,1,1,TTCTTTCGCTACGGGTAGGC,0,1338272
furpa,0.5,1,1,TTCTTGAGGTTCCGGCTGAT,0,1315366
furpa,0.5,1,1,TTCTTGAACGAAATTTGGTC,0,1306231
furpa,0.5,1,1,TTCTGCTGAATGTTCGTGCA,0,1303571
furpa,0.5,1,1,TTCTGCTACCCTTCGATTAT,0,1316422
furpa,0.5,1,1,TTCTCTTTGCATGTTATTTG,0,1306814
furpa,0.5,1,1,TTCTCTATTTTCCGCGTAAC,0,1351787
furpa,0.5,1,1,TTCTCCTCGCGGACAGGCGT,0,1316340
furpa,0.5,1,1,TTCTCAAAAACATCGTAACA,0,1313326
furpa,0.5,1,1,TTCTATACAATTACAAGGTA,0,1333926
furpa,0.5,1,1,TTCTAGCGATCGTGAGGTTT,0,1343560
furpa,0.5,1,1,TTCGTGGCCAAGCGCATAGG,0,1342516
furpa,0.5,1,1,TTCGTCATTGTGTCGCTAAT,0,1300552
furpa,0.5,1,1,TTCGTAGAAGGCTGACAGAT,0,1344680
furpa,0.5,1,1,TTCGGTCCCCTTTATCGGCG,0,1277352
furpa,0.5,1,1,TTCGGGGGGGATTAGGGTAA,0,1304188
furpa,0.5,1,1,TTCGGGATGCTTCTACGTTA,0,1335243
furpa,0.5,1,1,TTCGGAGCTAGATAGATCAA,0,1318403
furpa,0.5,1,1,TTCGGAGAGCTAGCATAGCT,0,1349725
furpa,0.5,1,1,TTCGCTAAGAAGCTTTGTAT,0,1294806
furpa,0.5,1,1,TTCGCGGCAGTTCTTACGAC,0,1319917
furpa,0.5,1,1,TTCGCGCACAAGACCTTCCA,0,1297802
furpa,0.5,1,1,TTCGCGATGGTGCATCAGAG,0,1349234
furpa,0.5,1,1,TTCGCCTGTTGGGGGGGGAT,0,1326396
furpa,0.5,1,1,TTCGCCCAAATGCCTCGGTC,0,1290084
furpa,0.5,1,1,TTCGCCAGTTAAAGAGAACC,0,1308358
furpa,0.5,1,1,TTCGCAGGTGGGCGCCAATA,0,1328165
furpa,0.5,1,1,TTCGAGATGGAATACGAGTC,0,1277268
furpa,0.5,1,1,TTCGACTTCGCAGGACGTGA,0,1329950
furpa,0.5,1,1,TTCGAATGACCCCCTCTGTA,0,1340527
furpa,0.5,1,1,TTCGAACGACCCCTGCTTTT,0,1326827
furpa,0.5,1,1,TTCCTTCTCCGTTTTTTTCT,0,1304992
furpa,0.5,1,1,TTCCTGTTAAATGTTTCCAT,0,1290030
furpa,0.5,1,1,TTCCTCACAGCACTGTCAAT,0,1342106
furpa,0.5,1,1,TTCCGTAGCCATTAAGCACT,0,1352510
furpa,0.5,1,1,TTCCGTAGAACTACATGGGG,0,1311560
furpa,0.5,1,1,TTCCGTAATCACATGGGCCA,0,1311551
furpa,0.5,1,1,TTCCGCAGTCAAGTGATAAA,0,1303737
furpa,0.5,1,1,TTCCCTCCATCAATGACATA,0,1291946
furpa,0.5,1,1,TTCCCCGGCGTCACGGTGAC,0,1283449
furpa,0.5,1,1,TTCCAGGAGGACGTACGCGT,0,1310871
furpa,0.5,1,1,TTCCAGACACCTGTAGCGCC,0,1293588
furpa,0.5,1,1,TTCCACCAAACCCTATTTTC,0,1305653
furpa,0.5,1,1,TTCCAATTTGGCGCACGTTA,0,1343076
furpa,0.5,1,1,TTCATGAAATACTCGTGGCT,0,1335657
furpa,0.5,1,1,TTCATCGTCGGCAACGACCG,0,1273247
furpa,0.5,1,1,TTCATCCACAGCACGGCTGT,0,1323102
furpa,0.5,1,1,TTCATATTTCGTGGCAGGGG,0,1352124
furpa,0.5,1,1,TTCATAGACAGCCGTTCGAG,0,1273008
furpa,0.5,1,1,TTCATAAGTATGAGAGTTCA,0,1325241
furpa,0.5,1,1,TTCAGGTGCCTCTGGCTATA,0,1336662
furpa,0.5,1,1,TTCAGCTCATATGGGGAGCT,0,1297844
furpa,0.5,1,1,TTCAGATTCTGAGTGCATCA,0,1343175
furpa,0.5,1,1,TTCAGACATCTCCAAAATTG,0,1273874
furpa,0.5,1,1,TTCACTCCCGAACTGCCCTA,0,1331409
furpa,0.5,1,1,TTCACCTACGTTAAGAGACG,0,1273567
furpa,0.5,1,1,TTCACAGTAGGCAGGGCCTT,0,1328835
furpa,0.5,1,1,TTCAATAGATGCCCACGTTC,0,1327163
furpa,0.5,1,1,TTCAAGGACCATATGAAACA,0,1320944
furpa,0.5,1,1,TTCAAGCTACAGCTACGCCC,0,1321301
furpa,0.5,1,1,TTCAAGCGGTTAGAAGCGGA,0,1334908
furpa,0.5,1,1,TTCAAGAGGATCCCCGCATC,0,1286099
furpa,0.5,1,1,TTCAACTGATTTAACAAAAC,0,1292893
furpa,0.5,1,1,TTCAAAATGAGTTAGGATCA,0,1343930
furpa,0.5,1,1,TTCAAAACGTAAGAGTGGGG,0,1275925
furpa,0.5,1,1,TTATTTAATTGTTCCGCAAA,0,1274403
furpa,0.5,1,1,TTATTGTCCATACCAGCGCT,0,1325362
furpa,0.5,1,1,TTATTCTCTTTAGTCCCGGA,0,1286052
furpa,0.5,1,1,TTATTCGGTGTAGAAGGAGT,0,1349088
furpa,0.5,1,1,TTATTAAGGAGCGCAATTGG,0,1342029
furpa,0.5,1,1,TTATGTGGATTTCGCTACTA,0,1312492
furpa,0.5,1,1,TTATGTGCCTCGAGAGCACC,0,1355620
furpa,0.5,1,1,TTATGCATTGTCACACCCGT,0,1308274
furpa,0.5,1,1,TTATCTGTGAAATACGACCC,0,1353876
furpa,0.5,1,1,TTATCGATCAAACGGGGCCT,0,1322938
furpa,0.5,1,1,TTATCGACTTTTCCCGTAAT,0,1321508
furpa,0.5,1,1,TTATCAACCGCTCACGCTCT,0,1328503
furpa,0.5,1,1,TTATATGGTAGACGGAGAGG,0,1296078
furpa,0.5,1,1,TTATATCGGACAACGCAAGT,0,1314339
furpa,0.5,1,1,TTATAGTCAAAGCTGAGAAT,0,1299019
furpa,0.5,1,1,TTATAAGCTCCGGGGGGAAG,0,1277928
furpa,0.5,1,1,TTATAAGCTCAGGCGCTTAT,0,1341219
furpa,0.5,1,1,TTAGTTGTAAGGTAAAGGTA,0,1306709
furpa,0.5,1,1,TTAGTTGCGCCCAGCGCAAC,0,1310336
furpa,0.5,1,1,TTAGTTATGTGGGATTGGCT,0,1287437
furpa,0.5,1,1,TTAGTGTGTTTATCTCGTGA,0,1283132
furpa,0.5,1,1,TTAGTGCCGTGGTGTCTGGG,0,1317924
furpa,0.5,1,1,TTAGTCCTTTGGAATCCGGT,0,1308214
furpa,0.5,1,1,TTAGGTTGTCGTGTCCTTGC,0,1312068
furpa,0.5,1,1,TTAGGTTGCTAACTCAGGAG,0,1298631
furpa,0.5,1,1,TTAGGGAGATTTTCCTACGC,0,1286123
furpa,0.5,1,1,TTAGGCTACCCCTAAGTGTT,0,1281099
furpa,0.5,1,1,TTAGCCTGTCTGCGGTACCA,0,1322338
furpa,0.5,1,1,TTAGCCGGACTGGTAAGCGG,0,1327978
furpa,0.5,1,1,TTAGCCCCCATAGTTTGGAG,0,1291465
furpa,0.5,1,1,TTAGCAAAGGCTCAAATGAT,0,1347983
furpa,0.5,1,1,TTAGATGAGGTGGTATCCGA,0,1301206
furpa,0.5,1,1,TTAGATCTCCATTCCGAACT,0,1315523
furpa,0.5,1,1,TTAGAGTGGTACACTGATCT,0,1273257
furpa,0.5,1,1,TTAGACTTGAGATGTTCTTT,0,1286690
furpa,0.5,1,1,TTACTGTACTGAAGTGGAGG,0,1296688
furpa,0.5,1,1,TTACTGGCGGTGGAGTAGTT,0,1352407
furpa,0.5,1,1,TTACTGCTTGTGGTTTACGT,0,1312884
furpa,0.5,1,1,TTACTACCTTATGATTTTCG,0,1349839
furpa,0.5,1,1,TTACGTAGAGTGTGGGCGAC,0,1351233
furpa,0.5,1,1,TTACGGTTGTTGTAAGGCCT,0,1312525
furpa,0.5,1,1,TTACGGGATGATTTGAAACC,0,1305117
furpa,0.5,1,1,TTACGACGAAGGGGTATCAG,0,1295456
furpa,0.5,1,1,TTACCGCTACGAGTAGACTG,0,1355844
furpa,0.5,1,1,TTACCCCTTAGGGGTATGGT,0,1289930
furpa,0.5,1,1,TTACCAGAGGATATCTGTAA,0,1357314
furpa,0.5,1,1,TTACATAAGTGTTGCAGCAT,0,1312081
furpa,0.5,1,1,TTACAGTTACAGGAGCCTAT,0,1340501
furpa,0.5,1,1,TTACACGGGTATCGATAAAC,0,1296286
furpa,0.5,1,1,TTAATTTTGAGAATAGACGC,0,1335047
furpa,0.5,1,1,TTAATTTGGCGCTTATTAAT,0,1344007
furpa,0.5,1,1,TTAATTTCATAAAACCGGTC,0,1304265
furpa,0.5,1,1,TTAATTCCTTCGGCGCTCGC,0,1280964
furpa,0.5,1,1,TTAATGCGGCCTAGTATTGA,0,1275043
furpa,0.5,1,1,TTAATCTCCAAAGGCGCTGC,0,1301048
furpa,0.5,1,1,TTAAGTGACGTATACCCTGG,0,1271863
furpa,0.5,1,1,TTAAGGCGTTGTACTGTCAG,0,1330388
furpa,0.5,1,1,TTAAGGCCCGTGAAGCGCAG,0,1277429
furpa,0.5,1,1,TTAAGCTCGGCTTCGATCAC,0,1301335
furpa,0.5,1,1,TTAACCCTCTGGAAAAAGGT,0,1313306
furpa,0.5,1,1,TTAACAGCCGCTCTTTATCA,0,1304620
furpa,0.5,1,1,TTAAATCGCGTCCCATTTTC,0,1307885
furpa,0.5,1,1,TGTTTTTACGGTGCCGGGGG,0,1284767
furpa,0.5,1,1,TGTTTGCGATAGGCCGTAAT,0,1310090
furpa,0.5,1,1,TGTTTAGTTCTAAACCTCTA,0,1298375
furpa,0.5,1,1,TGTTGTGTGCTAGCAGTCTT,0,1273142
furpa,0.5,1,1,TGTTGTCTGATGCATTACCC,0,1304371
furpa,0.5,1,1,TGTTGGCACTTCAGGTTCAC,0,1277545
furpa,0.5,1,1,TGTTGGAGACGCGTCCGGAG,0,1271275
furpa,0.5,1,1,TGTTGCTAAAGTGTTCTTTC,0,1334794
furpa,0.5,1,1,TGTTGATATGCGACATGTAA,0,1295493
furpa,0.5,1,1,TGTTCGGTCACGCTTTGTCT,0,1336423
furpa,0.5,1,1,TGTTCGCCCGGGCACGCCAG,0,1293291
furpa,0.5,1,1,TGTTCGACTAAAGCGAGAGA,0,1338515
furpa,0.5,1,1,TGTTCCTCTCTCAGGACCGT,0,1352032
furpa,0.5,1,1,TGTTCAAAATTCCCTCCCAA,0,1352816
furpa,0.5,1,1,TGTTATATGCCAAAAACAAC,0,1330540
furpa,0.5,1,1,TGTTATAGTATGGGTCGTTC,0,1349009
furpa,0.5,1,1,TGTGTTGCCGTAAGCTAGTT,0,1302006
furpa,0.5,1,1,TGTGTATTTCGACCGTGCTG,0,1286708
furpa,0.5,1,1,TGTGTAGAGCTACTGCAAAC,0,1289660
furpa,0.5,1,1,TGTGTAATTCGTCCCCCGGC,0,1354083
furpa,0.5,1,1,TGTGGTTGTACACGCGAGAC,0,1315579
furpa,0.5,1,1,TGTGGGCGCATGAGTAGCCG,0,1291745
furpa,0.5,1,1,TGTGGCTCACTCCAGTGCGG,0,1323804
furpa,0.5,1,1,TGTGGAGAGCACCGCGCACG,0,1353244
furpa,0.5,1,1,TGTGGAACCGGCACCACCAC,0,1280214
furpa,0.5,1,1,TGTGCTCTGTCACCCTCGTT,0,1276052
furpa,0.5,1,1,TGTGCGGAACCGCCAGTGAG,0,1345742
furpa,0.5,1,1,TGTGCATGAGCAGTACCAAC,0,1344813
furpa,0.5,1,1,TGTGCAGTTGTACGCGGGCA,0,1350973
furpa,0.5,1,1,TGTGCAAACGAATGACCACT,0,1284384
furpa,0.5,1,1,TGTGACTCCATTCTATTTAT,0,1335788
furpa,0.5,1,1,TGTGACATGTGGTAAAGACT,0,1277926
furpa,0.5,1,1,TGTGACAGAGGTGCAGTATC,0,1290503
furpa,0.5,1,1,TGTCTGTTGTCGCTTTGCTC,0,1324115
furpa,0.5,1,1,TGTCTGTAACGGGACGTGGA,0,1352127
furpa,0.5,1,1,TGTCTGGATCAGGGAGAAGA,0,1356776
furpa,0.5,1,1,TGTCTAGTTTTGACATATGT,0,1316045
furpa,0.5,1,1,TGTCGTCCCCCTTACGTACA,0,1309899
furpa,0.5,1,1,TGTCGGGTGAGAGCCTGTTT,0,1339399
furpa,0.5,1,1,TGTCGGCTTTGTTCTAGTCC,0,1305753
furpa,0.5,1,1,TGTCGCTGCCTGGGTCAAGA,0,1298395
furpa,0.5,1,1,TGTCGATGGGTCCGTGCCGG,0,1271185
furpa,0.5,1,1,TGTCCCTGTAGCTCGTACTG,0,1329535
furpa,0.5,1,1,TGTCAGTTGACGATACTAGA,0,1322859
furpa,0.5,1,1,TGTCACAGCGAAACAAGAGT,0,1286309
furpa,0.5,1,1,TGTCAAACGCAACACGGGAT,0,1356575
furpa,0.5,1,1,TGTATTATCGTGCGACGAGT,0,1296814
furpa,0.5,1,1,TGTATCGTCCGAGGTATTCA,0,1308561
furpa,0.5,1,1,TGTAGGGAACGATTCTCGTT,0,1306654
furpa,0.5,1,1,TGTACTATGGTCGGCCTTAA,0,1301613
furpa,0.5,1,1,TGTACGGGGCGGCGTGGCGA,0,1303803
furpa,0.5,1,1,TGTACGCTGCCAATCAATGT,0,1318910
furpa,0.5,1,1,TGTACCTCATGCTAGTAGCC,0,1341643
furpa,0.5,1,1,TGTACCGATGTTCGTGCCCA,0,1280885
furpa,0.5,1,1,TGTAAGTCGATGTCCACGAC,0,1357249
furpa,0.5,1,1,TGGTTTTGGAGTTAACTTGA,0,1346971
furpa,0.5,1,1,TGGTTGGTTGTGGCCGATCT,0,1314822
furpa,0.5,1,1,TGGTTGGGTTTACGTTCATG,0,1272338
furpa,0.5,1,1,TGGTTCTTTTAGATCCCGCG,0,1302464
furpa,0.5,1,1,TGGTTCAGGGAACCATTATA,0,1285826
furpa,0.5,1,1,TGGTTCAAGTTATTGTTCGG,0,1289544
furpa,0.5,1,1,TGGTTACTGAGGCTACGAGT,0,1342955
furpa,0.5,1,1,TGGTGGGCCGCCGCTCGATA,0,1334042
furpa,0.5,1,1,TGGTGCTAAAATATTCGCAA,0,1355825
furpa,0.5,1,1,TGGTCTCATCTGGCCGCGAG,0,1313809
furpa,0.5,1,1,TGGTCGTGGGGGGGAACACA,0,1304523
furpa,0.5,1,1,TGGTCGGCTGCATTTGCGTG,0,1274944
furpa,0.5,1,1,TGGTCCGTGTTCTTATTGTA,0,1271412
furpa,0.5,1,1,TGGTCCAGTTGGGGGTGCGC,0,1317977
furpa,0.5,1,1,TGGTCACTCGAACTACCCCA,0,1311434
furpa,0.5,1,1,TGGTATGCTTAAATCCGTTT,0,1301711
furpa,0.5,1,1,TGGTAGAAGCTCGAGTCGCC,0,1319510
furpa,0.5,1,1,TGGTACAAGCAGGTGATGAC,0,1319401
furpa,0.5,1,1,TGGGTTTGTACGCGATAGGG,0,1301716
furpa,0.5,1,1,TGGGTTGAAGGCTCGCAGGA,0,1315713
furpa,0.5,1,1,TGGGTTAGATCCCTTTACCG,0,1323699
furpa,0.5,1,1,TGGGTGGGTGGCGCTCCGCA,0,1284880
furpa,0.5,1,1,TGGGTGAGCGCAACGACATG,0,1288927
furpa,0.5,1,1,TGGGTCAGCAGTCTTAGAAA,0,1280529
furpa,0.5,1,1,TGGGTAATCTACTGACACGA,0,1332522
furpa,0.5,1,1,TGGGTAAGATACAAATCAAG,0,1341372
furpa,0.5,1,1,TGGGTAAACTGAGCAACGCT,0,1344047
furpa,0.5,1,1,TGGGGTATCAAATCAAATAA,0,1308421
furpa,0.5,1,1,TGGGGCTCTTTTCATCAGGA,0,1323007
furpa,0.5,1,1,TGGGGCGTTGTAACGAACTC,0,1306160
furpa,0.5,1,1,TGGGGAGATCTACTTCGCTT,0,1319957
furpa,0.5,1,1,TGGGGACAATCGACGATTCA,0,1314761
furpa,0.5,1,1,TGGGCGGTGCGATGCGCAGT,0,1299029
furpa,0.5,1,1,TGGGCCTCTCGAAATTTTTT,0,1298587
furpa,0.5,1,1,TGGGCATGCGCGGGACTGCT,0,1288172
furpa,0.5,1,1,TGGGATTTGACGAGGCGAAG,0,1288987
furpa,0.5,1,1,TGGGATCAGCCCGCTTGACT,0,1322814
furpa,0.5,1,1,TGGGATACTAACAATTACTT,0,1277423
furpa,0.5,1,1,TGGGAGCCCGTTTGGTACGC,0,1279302
furpa,0.5,1,1,TGGGAGAGGGGCAACTCGTA,0,1313170
furpa,0.5,1,1,TGGGACTGGGGAACGACCGC,0,1294057
furpa,0.5,1,1,TGGGACTCACCCCTTCCACA,0,1345055
furpa,0.5,1,1,TGGGACGAATGGAGCCTCCG,0,1285041
furpa,0.5,1,1,TGGGACACGGCTTATACGCT,0,1289317
furpa,0.5,1,1,TGGGAATTTTCTAAAACAGT,0,1351808
furpa,0.5,1,1,TGGGAATGGGGGTTATCTTT,0,1298047
furpa,0.5,1,1,TGGGAACACTTCTCGAGTGT,0,1281233
furpa,0.5,1,1,TGGCTTTGGCGTTGCCGACC,0,1322959
furpa,0.5,1,1,TGGCTTCCCCGAGGGGGGTT,0,1277337
furpa,0.5,1,1,TGGCTCGGAAGAGCCTACAC,0,1339062
furpa,0.5,1,1,TGGCTAAAATTGTCGGAGGG,0,1326521
furpa,0.5,1,1,TGGCGTTTATCAAGTGATTA,0,1283169
furpa,0.5,1,1,TGGCGTTGCATTGCACTGCC,0,1305639
furpa,0.5,1,1,TGGCGGTTGCGGCTACCGAG,0,1348081
furpa,0.5,1,1,TGGCGGCGTACAGAGGAGAT,0,1287395
furpa,0.5,1,1,TGGCGGCATCCACATCCAAG,0,1339864
furpa,0.5,1,1,TGGCGCAGCCGCTAGGGTCA,0,1318350
furpa,0.5,1,1,TGGCGAGGGATGATAAGTGA,0,1293032
furpa,0.5,1,1,TGGCCTTTGTGAAATTCTGA,0,1293987
furpa,0.5,1,1,TGGCCTCACGTGCGGCTACG,0,1281078
furpa,0.5,1,1,TGGCCGCACCAACATTATGC,0,1332977
furpa,0.5,1,1,TGGCCGAGGGGGAGGTTTGG,0,1351160
furpa,0.5,1,1,TGGCCATTCGGTCGGCTGTG,0,1293448
furpa,0.5,1,1,TGGCAGGCTTATAGGGATAG,0,1301833
furpa,0.5,1,1,TGGATGGGGCGGATGGGCGG,0,1322471
furpa,0.5,1,1,TGGATGCATAACTTAGTCTT,0,1356930
furpa,0.5,1,1,TGGATCAATGCAGAGGTTGG,0,1322384
furpa,0.5,1,1,TGGATAGTCCGTTAGTACAT,0,1341792
furpa,0.5,1,1,TGGATACGGATCCCAAGTGA,0,1278650
furpa,0.5,1,1,TGGAGGCGAAGGTAACCCCT,0,1328532
furpa,0.5,1,1,TGGAGGCACTCAGGGTGTAG,0,1325857
furpa,0.5,1,1,TGGAGAGTGGTGAAGATAGC,0,1340430
furpa,0.5,1,1,TGGAGAATACTTGGAAAGGC,0,1297571
furpa,0.5,1,1,TGGACTCTATGTTTTAACCA,0,1307742
furpa,0.5,1,1,TGGACTCTACAAGTACGTGA,0,1295817
furpa,0.5,1,1,TGGACATGGTTTGGCGACTC,0,1320455
furpa,0.5,1,1,TGGACAGCTAGCCGTTAGTC,0,1317918
furpa,0.5,1,1,TGGACAATAAGTTCTCTTCT,0,1276534
furpa,0.5,1,1,TGGAAGAGCGAGGGAGATGA,0,1337584
furpa,0.5,1,1,TGGAACATATGGCAAGCTGG,0,1280105
furpa,0.5,1,1,TGGAAATTAAAGTAGGGTGT,0,1349224
furpa,0.5,1,1,TGGAAATAGACCCTTGGGAC,0,1296841
furpa,0.5,1,1,TGGAAAGAATTCTCAGAGCA,0,1281933
furpa,0.5,1,1,TGGAAAACCTCCTCCTGAGA,0,1349868
furpa,0.5,1,1,TGCTTTCGGACATGCTGTGG,0,1333072
furpa,0.5,1,1,TGCTTGATCAACAGCTTTGA,0,1322649
furpa,0.5,1,1,TGCTTCGGGGGAGTGAATTC,0,1356528
furpa,0.5,1,1,TGCTTCAGGCCAGCTCCACC,0,1278608
furpa,0.5,1,1,TGCTGTGTATTCGAGTCCTC,0,1318036
furpa,0.5,1,1,TGCTGAGCCTACTGTACAAG,0,1296233
furpa,0.5,1,1,TGCTCTTAGCCCACTCGGCT,0,1294606
furpa,0.5,1,1,TGCTCGACACGCTCTGCCTT,0,1287082
furpa,0.5,1,1,TGCTCAGCTATATTTCACGT,0,1284801
furpa,0.5,1,1,TGCTATTGGATACGTTAGCC,0,1285191
furpa,0.5,1,1,TGCTACCCCGCTCACCTCTG,0,1328512
furpa,0.5,1,1,TGCTACAGAATTCCTAGGGC,0,1310703
furpa,0.5,1,1,TGCTAATACCGAGGGTAACC,0,1356914
furpa,0.5,1,1,TGCTAAGGTTGAAGCGGATA,0,1296461
furpa,0.5,1,1,TGCGTTGAGTTGTAGTGATT,0,1329543
furpa,0.5,1,1,TGCGTTCTACGGACTCGACA,0,1282458
furpa,0.5,1,1,TGCGTTATCAGGGAGGATCT,0,1311659
furpa,0.5,1,1,TGCGTGATTCTAATGAACAA,0,1274885
furpa,0.5,1,1,TGCGTCTGTGGGCCTAGGAG,0,1357467
furpa,0.5,1,1,TGCGTCGAGGAGGTCATTGT,0,1292271
furpa,0.5,1,1,TGCGTAATGGCTAGTAGTGG,0,1293865
furpa,0.5,1,1,TGCGGTCGTCACTGGGTCAT,0,1278296
furpa,0.5,1,1,TGCGGTATGGTCATGACGGT,0,1325478
furpa,0.5,1,1,TGCGGGATATCGCACCTCGA,0,1298313
furpa,0.5,1,1,TGCGGCTCGTAAGCCCTATA,0,1274195
furpa,0.5,1,1,TGCGGCGGTGCAGTACAAAG,0,1346469
furpa,0.5,1,1,TGCGGATTCTTTACACGACA,0,1279624
furpa,0.5,1,1,TGCGGAGCCCAAATCATGAC,0,1305084
furpa,0.5,1,1,TGCGATGTTGCCGGTGGACC,0,1355948
furpa,0.5,1,1,TGCGAACGGGTCCCGGACGG,0,1301580
furpa,0.5,1,1,TGCCTAGGATGATGAAAGTG,0,1302192
furpa,0.5,1,1,TGCCGCGTTTGGTTTGATGC,0,1353848
furpa,0.5,1,1,TGCCGCCTCATAATTTTCTC,0,1288913
furpa,0.5,1,1,TGCCGATCTCCGGGTCTATC,0,1274802
furpa,0.5,1,1,TGCCCCAGGCCACCAAGGAG,0,1280209
furpa,0.5,1,1,TGCCCAGTAGTGTGTATGGT,0,1296636
furpa,0.5,1,1,TGCCCAGGCCCTGCATCCAA,0,1298382
furpa,0.5,1,1,TGCCCACAGGGCTGAGTGAT,0,1279618
furpa,0.5,1,1,TGCCATTCACTATGCGAACA,0,1327310
furpa,0.5,1,1,TGCCAGTGATGAGCAAGGCG,0,1322887
furpa,0.5,1,1,TGCCAACACATGGGCTGAGT,0,1334636
furpa,0.5,1,1,TGCATTCCCATTGAGATTGT,0,1337473
furpa,0.5,1,1,TGCATGCTCCTTAACTTTAC,0,1335266
furpa,0.5,1,1,TGCATGCGGGGTTGGCCATA,0,1354626
furpa,0.5,1,1,TGCATGAGGTCATAAGCGCA,0,1322864
furpa,0.5,1,1,TGCATCCTTTTGTGTGCCCT,0,1297360
furpa,0.5,1,1,TGCATCAAGTATGGCGCATC,0,1351707
furpa,0.5,1,1,TGCATAAACTGCGACGTCCG,0,1328082
furpa,0.5,1,1,TGCAGGGCTTTGTGTATATG,0,1294086
furpa,0.5,1,1,TGCAGCCATCGTTCGGACTA,0,1327293
furpa,0.5,1,1,TGCAGCAAAAGATCAATGCT,0,1356526
furpa,0.5,1,1,TGCAGATCTGTAGGAGCTGA,0,1291627
furpa,0.5,1,1,TGCACGGCACCTTTTTATAG,0,1351963
furpa,0.5,1,1,TGCACGCCTGTGCTTTTATT,0,1322867
furpa,0.5,1,1,TGCACGAGGCATCCAGAGCA,0,1350317
furpa,0.5,1,1,TGCACGAGCCACTGCGCTAT,0,1357478
furpa,0.5,1,1,TGCACCGCGAGAGTGCGCTA,0,1334705
furpa,0.5,1,1,TGCACACAAGTCATGCAGCG,0,1318600
furpa,0.5,1,1,TGCACAATAAACAGCCGGGT,0,1355860
furpa,0.5,1,1,TGCAAGAGCTGCCGATTCAG,0,1357662
furpa,0.5,1,1,TGCAAGACACTAACAGAAAA,0,1278428
furpa,0.5,1,1,TGCAACTTAAATACTTAATA,0,1351688
furpa,0.5,1,1,TGCAAAGCAGACACTTCTGC,0,1297180
furpa,0.5,1,1,TGCAAAAGGTGATGGACTCC,0,1281878
furpa,0.5,1,1,TGATTTTGTGCAGGGACCGG,0,1321068
furpa,0.5,1,1,TGATTTTGAGTGCACCACGT,0,1341719
furpa,0.5,1,1,TGATTTTCGTCGAGGGGGTT,0,1300200
furpa,0.5,1,1,TGATTTCCGGGTCTCATCGT,0,1292431
furpa,0.5,1,1,TGATTGCCTCGAACCGATAG,0,1353523
furpa,0.5,1,1,TGATTCTTCTTCGGTAGATT,0,1307425
furpa,0.5,1,1,TGATTCTCAAAACCGTCCAG,0,1350137
furpa,0.5,1,1,TGATTCAACTGAACGTCCTC,0,1347392
furpa,0.5,1,1,TGATTACAGATCTCGCAGCA,0,1307569
furpa,0.5,1,1,TGATGGCCCCTTGGTGACAG,0,1313010
furpa,0.5,1,1,TGATGCCGTACCATCATGTT,0,1345563
furpa,0.5,1,1,TGATCTGTTACGTTAAAAGG,0,1325527
furpa,0.5,1,1,TGATCCAAAACAACCTACCG,0,1325464
furpa,0.5,1,1,TGATCAGTTCAAAAATACAG,0,1322694
furpa,0.5,1,1,TGATATCTCCGTTACGAACT,0,1353225
furpa,0.5,1,1,TGATAGCGTAACTGAGACAT,0,1282933
furpa,0.5,1,1,TGATAACTCTTCATCGGCCT,0,1296600
furpa,0.5,1,1,TGATAAACCGTTTTCTCGAT,0,1313064
furpa,0.5,1,1,TGAGTAATGCATGTTCTGAA,0,1352680
furpa,0.5,1,1,TGAGGTTTTCCATCCCCTCT,0,1340087
furpa,0.5,1,1,TGAGGTCCAAAGAGACCCGT,0,1298865
furpa,0.5,1,1,TGAGGCTTAGGACATCTCAG,0,1271354
furpa,0.5,1,1,TGAGCACAAAGTCGCAATGA,0,1304661
furpa,0.5,1,1,TGAGCAAACATAGCTCTCCA,0,1320383
furpa,0.5,1,1,TGAGATAGGGATGGCCTGTT,0,1334509
furpa,0.5,1,1,TGAGAGCGCAGGTCGTTTTC,0,1311157
furpa,0.5,1,1,TGAGAACTAGGACTGTCAAT,0,1345047
furpa,0.5,1,1,TGACTTTGAACACCATGGCC,0,1316254
furpa,0.5,1,1,TGACTATGGCACGACTACAG,0,1287457
furpa,0.5,1,1,TGACTAGGGCCTAGAAATGA,0,1297789
furpa,0.5,1,1,TGACTAGATCACCGCAGACT,0,1290533
furpa,0.5,1,1,TGACGGCATGTCGAACATTT,0,1283048
furpa,0.5,1,1,TGACGGCAAGCGATGTTCGC,0,1354696
furpa,0.5,1,1,TGACGCGGATTCACGCTCGT,0,1285033
furpa,0.5,1,1,TGACCCTGGTGAAAAAGCAG,0,1308378
furpa,0.5,1,1,TGACCCGGAAGATAGGTGAC,0,1347977
furpa,0.5,1,1,TGACCCAGAACAGTTTATGG,0,1272695
furpa,0.5,1,1,TGACAGGTATGAGGGTTAAC,0,1346165
furpa,0.5,1,1,TGACAGGATCGATGACACCA,0,1287114
furpa,0.5,1,1,TGACAGACTGACACCTCCTT,0,1353049
furpa,0.5,1,1,TGAATTTGCGTGTCAACATC,0,1326070
furpa,0.5,1,1,TGAATTTAGGCGTATGATAA,0,1278212
furpa,0.5,1,1,TGAATCTATTCCCCATCATG,0,1317413
furpa,0.5,1,1,TGAATCGGGTCCAGAATCGG,0,1298354
furpa,0.5,1,1,TGAATCGATCGCTGCGGCGA,0,1333034
furpa,0.5,1,1,TGAAGGTCTGACCGTATGTG,0,1345194
furpa,0.5,1,1,TGAAGGGACTTGGTTGTAGG,0,1295352
furpa,0.5,1,1,TGAAGAGGCCGAGAAATTGC,0,1350683
furpa,0.5,1,1,TGAAGACCTGCATCCTCAAG,0,1330630
furpa,0.5,1,1,TGAACGGGGTGATTGTACCT,0,1340642
furpa,0.5,1,1,TGAACAGTTTCCTAATCCTG,0,1339572
furpa,0.5,1,1,TGAAATACCTTGTATTGCAA,0,1329564
furpa,0.5,1,1,TGAAAGACAGTCGTCACTAT,0,1295209
furpa,0.5,1,1,TGAAAATCCACGCCCTATAT,0,1356886
furpa,0.5,1,1,TGAAAAGCCTTGTCACCGAT,0,1320230
furpa,0.5,1,1,TCTTTCTAAAATGAAGTCAA,0,1335600
furpa,0.5,1,1,TCTTTATCTGTGGGACCGAT,0,1346544
furpa,0.5,1,1,TCTTTACGCCTGGAGCGGTC,0,1303477
furpa,0.5,1,1,TCTTTACGACCCCGCTGTGT,0,1274459
furpa,0.5,1,1,TCTTGTTGCTACTCGCTTAT,0,1284617
furpa,0.5,1,1,TCTTGGCATCTGCCGTCGCA,0,1334365
furpa,0.5,1,1,TCTTGGATCATACCCGGCAT,0,1288835
furpa,0.5,1,1,TCTTGAGTCGGTGCCCTTGA,0,1341477
furpa,0.5,1,1,TCTTGAGAAAGGGTTCAGGG,0,1325996
furpa,0.5,1,1,TCTTGACGAAGACTTGTCAA,0,1310765
furpa,0.5,1,1,TCTTGACCTCTGCGCATAGC,0,1278917
furpa,0.5,1,1,TCTTGACATGGGTCTTCTTT,0,1294832
furpa,0.5,1,1,TCTTCTGTAAGTGAGACAAA,0,1337361
furpa,0.5,1,1,TCTTCGTCCATCGCCAAGGC,0,1304465
furpa,0.5,1,1,TCTTCGTATCAACCCTTAGG,0,1292609
furpa,0.5,1,1,TCTTCGGACGTACCCAGCGT,0,1296610
furpa,0.5,1,1,TCTTCAGAACTCGACACCAT,0,1289560
furpa,0.5,1,1,TCTTACTAGAGCTGAAAAAG,0,1331862
furpa,0.5,1,1,TCTGTGCTTCGGGCTTTTAA,0,1351698
furpa,0.5,1,1,TCTGTCAATATTTTTCGGTG,0,1354300
furpa,0.5,1,1,TCTGTATCCCGGACCAACAC,0,1346906
furpa,0.5,1,1,TCTGGGTCCAGTTCGAAAAT,0,1328626
furpa,0.5,1,1,TCTGGGAACAAACCCTGTTG,0,1335306
furpa,0.5,1,1,TCTGCTCTATTCTCCGGTTT,0,1317639
furpa,0.5,1,1,TCTGCGTTTGATGTTGTCAT,0,1327568
furpa,0.5,1,1,TCTGCGGTTTGCGGCTCTGA,0,1334446
furpa,0.5,1,1,TCTGCAGGTGCAGTTTCAGG,0,1282706
furpa,0.5,1,1,TCTGATCGTATTTTTCCATT,0,1330940
furpa,0.5,1,1,TCTGAATACCAGAAATGTGG,0,1350575
furpa,0.5,1,1,TCTGAAGCTATGGGCGAAGA,0,1347132
furpa,0.5,1,1,TCTCTGGCCAAATACTTCAG,0,1337298
furpa,0.5,1,1,TCTCTATTAGCACGACAGTA,0,1335924
furpa,0.5,1,1,TCTCTAGTTATGTGATTAGT,0,1273961
furpa,0.5,1,1,TCTCTACGGTAATGAAAGAT,0,1340912
furpa,0.5,1,1,TCTCGTCTAAGTAACTCTCT,0,1285898
furpa,0.5,1,1,TCTCGGTTGGTTTTGCGAGA,0,1272219
furpa,0.5,1,1,TCTCGCGTCCTTATAGAATG,0,1327681
furpa,0.5,1,1,TCTCGCCTCGACATTCAGGA,0,1273802
furpa,0.5,1,1,TCTCGCCGTTCGCAACAACA,0,1354004
furpa,0.5,1,1,TCTCGCACGAGTGTCTAGCG,0,1352949
furpa,0.5,1,1,TCTCGATCGTTAGTCTCGAC,0,1277117
furpa,0.5,1,1,TCTCGACGCAGCCCGAATGA,0,1316709
furpa,0.5,1,1,TCTCCTACAGATAACAGTAG,0,1279805
furpa,0.5,1,1,TCTCCGGGCGCTCATTTTTG,0,1295875
furpa,0.5,1,1,TCTCCGAGAGAAATCCATTT,0,1343580
furpa,0.5,1,1,TCTCCCTTTCAAATTCGTTC,0,1284007
furpa,0.5,1,1,TCTCCAGCTACCCGTCTCAG,0,1287558
furpa,0.5,1,1,TCTCCAGCCTGAAAGGATCT,0,1316638
furpa,0.5,1,1,TCTCATTGTTTTGTGTCCAT,0,1354032
furpa,0.5,1,1,TCTCAGGCAAGAAACGGGCG,0,1319349
furpa,0.5,1,1,TCTCAGCAAGCAATGTGCTT,0,1333558
furpa,0.5,1,1,TCTATCCGTAATACATATGA,0,1342656
furpa,0.5,1,1,TCTATACTGGTTTCCAATTT,0,1338941
furpa,0.5,1,1,TCTAGTACGAGTGACACCCT,0,1286172
furpa,0.5,1,1,TCTAGATATCGTCGTCCATA,0,1356951
furpa,0.5,1,1,TCTACTGAGTTTGCACAAAA,0,1344500
furpa,0.5,1,1,TCTACATTCGCTTTCCGAGG,0,1289103
furpa,0.5,1,1,TCTACACAGGTTAAACCCCC,0,1274248
furpa,0.5,1,1,TCTACAACGTATGCAGTGAA,0,1346972
furpa,0.5,1,1,TCTAATTTCCCGGGGAGGCT,0,1298545
furpa,0.5,1,1,TCTAAGGCCAGGAGGTCGTA,0,1319688
furpa,0.5,1,1,TCTAAACGCTGGGGTCTCTT,0,1337748
furpa,0.5,1,1,TCTAAAAGCGTAAACAAGGT,0,1332403
furpa,0.5,1,1,TCGTTGTGTTCTCTGAGAAC,0,1323344
furpa,0.5,1,1,TCGTTGGTGCTCAGGCCGAG,0,1311611
furpa,0.5,1,1,TCGTTCTCAGAAAGTCCTCT,0,1313433
furpa,0.5,1,1,TCGTTACAGGCGTCTTACTT,0,1339763
furpa,0.5,1,1,TCGTGTCGTATGAAACAGCG,0,1295373
furpa,0.5,1,1,TCGTGTCGAGTACGCATTGA,0,1341506
furpa,0.5,1,1,TCGTGCGGAGCTCTGCGGAC,0,1327934
furpa,0.5,1,1,TCGTCTTTAGGTGAAAGTGA,0,1356668
furpa,0.5,1,1,TCGTCGAGTATTGTAAGACA,0,1309679
furpa,0.5,1,1,TCGTCCTGACCTATAGTCTC,0,1287201
furpa,0.5,1,1,TCGTCCGCTTCGAAGTTCTA,0,1303655
furpa,0.5,1,1,TCGTCAACCTTTCTCCAATC,0,1272700
furpa,0.5,1,1,TCGTCAAAAGGGGGTCTAAC,0,1285622
furpa,0.5,1,1,TCGTATGTTATACCAACTGA,0,1333815
furpa,0.5,1,1,TCGTATGACGGAATCCATGC,0,1293857
furpa,0.5,1,1,TCGTAGCGGTATGTTCGCCA,0,1353500
furpa,0.5,1,1,TCGTACACGGTAGCGTTTAT,0,1344837
furpa,0.5,1,1,TCGTAAAAGTTGGGCAAGAT,0,1330504
furpa,0.5,1,1,TCGGTTGCTTATTGCCGCCA,0,1353495
furpa,0.5,1,1,TCGGTTAGACGTGACGGGTG,0,1314883
furpa,0.5,1,1,TCGGTGGATTATTACGCCCA,0,1326126
furpa,0.5,1,1,TCGGTGATTTTTTGATGAGT,0,1322263
furpa,0.5,1,1,TCGGTCCGCGGGCAATCGGT,0,1326082
furpa,0.5,1,1,TCGGTCCAACTCTACGGGTC,0,1343270
furpa,0.5,1,1,TCGGTCAGTTCTGGCCTAGC,0,1282198
furpa,0.5,1,1,TCGGGTGTACGAATGTGGCA,0,1289045
furpa,0.5,1,1,TCGGGTCTCATCAATACATG,0,1291095
furpa,0.5,1,1,TCGGGTAGAAAAGTCATGTT,0,1296903
furpa,0.5,1,1,TCGGGCGGATAAGCGTGTGC,0,1352856
furpa,0.5,1,1,TCGGGCGAAATCAGCAGGCT,0,1352003
furpa,0.5,1,1,TCGGGCCGCTACACAAGGGA,0,1347343
furpa,0.5,1,1,TCGGCTAAGCCATATGGGCA,0,1327225
furpa,0.5,1,1,TCGGCGGGGACAATGTAGTA,0,1278182
furpa,0.5,1,1,TCGGATCGACTGCCTAGCAG,0,1351741
furpa,0.5,1,1,TCGGACGGGCAGCGGCCCCG,0,1283297
furpa,0.5,1,1,TCGGAATTTCATAACTTCGT,0,1343514
furpa,0.5,1,1,TCGGAAGCAAGTTGATTACG,0,1322253
furpa,0.5,1,1,TCGGAACTGTAGACGCGGAG,0,1346098
furpa,0.5,1,1,TCGCTTTCCATACCATGATG,0,1354514
furpa,0.5,1,1,TCGCTGAGTGCTATTCTCTT,0,1336343
furpa,0.5,1,1,TCGCTATTGACCGTCGAATA,0,1341879
furpa,0.5,1,1,TCGCGTTAAAACGACTTTAG,0,1340863
furpa,0.5,1,1,TCGCGTGCTAGATGGCTCAT,0,1356350
furpa,0.5,1,1,TCGCGTATTCCGTCTGTTGT,0,1333375
furpa,0.5,1,1,TCGCGCTCATTATATGGTCC,0,1333980
furpa,0.5,1,1,TCGCGAGTGATATGAGTCTG,0,1329012
furpa,0.5,1,1,TCGCCTTAATAGATTTTATT,0,1309075
furpa,0.5,1,1,TCGCCTACAACGGGTGGGTG,0,1272660
furpa,0.5,1,1,TCGCCGGGATAAATCGTTAG,0,1283394
furpa,0.5,1,1,TCGCCGCCCTGTAGTAACAG,0,1319655
furpa,0.5,1,1,TCGCCAGTATTCAGCGTACC,0,1320322
furpa,0.5,1,1,TCGCATGCGTGTGTGCGTTT,0,1337218
furpa,0.5,1,1,TCGCAGTTGTCTGGGACCCC,0,1308132
furpa,0.5,1,1,TCGCAATGAACAAAAGGAAC,0,1299101
furpa,0.5,1,1,TCGATGTTTATATAAGAGAC,0,1283371
furpa,0.5,1,1,TCGATGGGGAGAGGCGTGTC,0,1273849
furpa,0.5,1,1,TCGATCGGGCAGTGACCAGC,0,1304450
furpa,0.5,1,1,TCGAGTACCCTTGACCGTAG,0,1283802
furpa,0.5,1,1,TCGAGCTGATTAAACGAGGA,0,1317482
furpa,0.5,1,1,TCGAGCGCCAAATGCAAGAA,0,1356919
furpa,0.5,1,1,TCGAGCAGTGCTCATAGCAT,0,1283553
furpa,0.5,1,1,TCGACTTTGGTGGGGCGACG,0,1345202
furpa,0.5,1,1,TCGACTTGGAGCCGGTGTGG,0,1286839
furpa,0.5,1,1,TCGACGAAGTCCTATCCGCT,0,1340531
furpa,0.5,1,1,TCGACCAAGGCCGGGAAGAG,0,1357252
furpa,0.5,1,1,TCGACACATCCCCGCTCGAG,0,1341730
furpa,0.5,1,1,TCGACAAGATGCTGCAGGCG,0,1292997
furpa,0.5,1,1,TCGAATTATATGCGGCATAT,0,1298558
furpa,0.5,1,1,TCGAATGGGCGTGTTTAACC,0,1336001
furpa,0.5,1,1,TCGAAAGCCATCTTCGGGTC,0,1293523
furpa,0.5,1,1,TCCTTTTCTAACAGGTATGG,0,1284024
furpa,0.5,1,1,TCCTTGGTTGGGGGTAATCC,0,1346292
furpa,0.5,1,1,TCCTGTATCAGTGCTACAGT,0,1278055
furpa,0.5,1,1,TCCTGGATTTAGGGTGGGCA,0,1294454
furpa,0.5,1,1,TCCTGCTCAAAGCCGTGGTC,0,1310913
furpa,0.5,1,1,TCCTGCAAAGGAACGGAACT,0,1340665
furpa,0.5,1,1,TCCTGAAACATTAGGGAATG,0,1322371
furpa,0.5,1,1,TCCTCGTTATGAGTAGCCGA,0,1337458
furpa,0.5,1,1,TCCTCCTGTGTGACGGCGAT,0,1300776
furpa,0.5,1,1,TCCTCAACTTAAAATCGAGC,0,1348851
furpa,0.5,1,1,TCCTATAAATTGCCCCATTT,0,1335032
furpa,0.5,1,1,TCCTAGCTTAAGAGTACATC,0,1308212
furpa,0.5,1,1,TCCTAAAGCCCTCTAAGTCT,0,1274871
furpa,0.5,1,1,TCCGTTATTCCAACCGCGTT,0,1278113
furpa,0.5,1,1,TCCGTGCACAACACGTGCGA,0,1309110
furpa,0.5,1,1,TCCGTCTTTTCAGCTCGTTT,0,1277651
furpa,0.5,1,1,TCCGGGTCAATTGCGGGATA,0,1320577
furpa,0.5,1,1,TCCGGGCAGGCTGCTGTCTG,0,1282670
furpa,0.5,1,1,TCCGGAGGAATGTTTTCTCC,0,1318055
furpa,0.5,1,1,TCCGCGCGCCTCTGAGCATG,0,1338052
furpa,0.5,1,1,TCCGCAGTATCCTCTGAAAG,0,1344962
furpa,0.5,1,1,TCCGATTACTTCGCATAAGA,0,1334731
furpa,0.5,1,1,TCCGATCGTATGGTGACGGC,0,1345406
furpa,0.5,1,1,TCCGAGCCAGCCAATGTTAA,0,1317704
furpa,0.5,1,1,TCCGACAACTAAAGTTACGC,0,1336202
furpa,0.5,1,1,TCCCTCATTACTGCCGGATT,0,1315508
furpa,0.5,1,1,TCCCGTGCCCGAAAAACCTT,0,1320584
furpa,0.5,1,1,TCCCGGTATCACCAAGTTAT,0,1305497
furpa,0.5,1,1,TCCCGAGTGGCTCCATCGTA,0,1304740
furpa,0.5,1,1,TCCCGACGTTGGATATTATA,0,1340536
furpa,0.5,1,1,TCCCCCTGCAAGCCCGTTCG,0,1351844
furpa,0.5,1,1,TCCCCCGCGCTGAAAATTTG,0,1298329
furpa,0.5,1,1,TCCCCCACCTTTTCTACAGT,0,1333293
furpa,0.5,1,1,TCCCCATCAGGAGACTCAAG,0,1287985
furpa,0.5,1,1,TCCCCAGTGAGTCGGTGTCG,0,1276446
furpa,0.5,1,1,TCCCACATAGTACGTTTGGT,0,1315036
furpa,0.5,1,1,TCCCAACTGGGCACCTACAG,0,1343408
furpa,0.5,1,1,TCCATTTTTCGTCCAGTCGG,0,1347890
furpa,0.5,1,1,TCCATTGAGTTTTCGAAAGA,0,1333693
furpa,0.5,1,1,TCCATTCTTTCTGTTGAGTG,0,1275334
furpa,0.5,1,1,TCCATTAGTGAGAAGGATTT,0,1351951
furpa,0.5,1,1,TCCATGGACCGCAAAAGGAC,0,1354496
furpa,0.5,1,1,TCCATGCTTCTAACCTAGAC,0,1347254
furpa,0.5,1,1,TCCATACCGAGCAAGTCCTG,0,1348207
furpa,0.5,1,1,TCCATACCCAAGGTGAATTG,0,1305176
furpa,0.5,1,1,TCCATAAAACATTCCCGCGC,0,1326422
furpa,0.5,1,1,TCCAGTGGTTAAAAGTCACT,0,1334567
furpa,0.5,1,1,TCCAGTCATTTCTTGACCAG,0,1306394
furpa,0.5,1,1,TCCAGGTCAGAGATCGGTGA,0,1273327
furpa,0.5,1,1,TCCAGGAGACCATGGCACAT,0,1293731
furpa,0.5,1,1,TCCAGCAGGTAGGTCTGGTT,0,1349665
furpa,0.5,1,1,TCCAGATTGGGACAATCTGA,0,1283944
furpa,0.5,1,1,TCCACTCGGATAGCAAAATT,0,1315134
furpa,0.5,1,1,TCCACTCATTAAAATTTGTT,0,1357587
furpa,0.5,1,1,TCCACGATTCAACCCATTTT,0,1330129
furpa,0.5,1,1,TCCACCGCTCGTCATAATCT,0,1313586
furpa,0.5,1,1,TCCACCGACAACGAGGGTAG,0,1274863
furpa,0.5,1,1,TCCACACTGGCGTAGTAACT,0,1320325
furpa,0.5,1,1,TCCAATCGGCGTAACATATT,0,1341191
furpa,0.5,1,1,TCCAAATCGATTGTGACGGT,0,1338782
furpa,0.5,1,1,TCCAAAACTTAGCACCACAT,0,1341667
furpa,0.5,1,1,TCATTTAGGTGTCACCGTGA,0,1310910
furpa,0.5,1,1,TCATTGATACCCGATCGTGC,0,1327286
furpa,0.5,1,1,TCATTCTTACTCCATTGGGT,0,1346419
furpa,0.5,1,1,TCATTCCTTATCAGCTATTG,0,1336592
furpa,0.5,1,1,TCATTATTACGCTAACAATT,0,1342136
furpa,0.5,1,1,TCATTAGGCCTCTATGTGCG,0,1315648
furpa,0.5,1,1,TCATGTGGCTAAGTTACAAC,0,1327670
furpa,0.5,1,1,TCATGGTAACGTGTTACGAG,0,1277861
furpa,0.5,1,1,TCATGGGGTAACGGTCGGTA,0,1343415
furpa,0.5,1,1,TCATCTTGGGTTACATCCGG,0,1339064
furpa,0.5,1,1,TCATCTAGGGTGACATGAAT,0,1294140
furpa,0.5,1,1,TCATCCAGGTCAATTTAGAA,0,1335104
furpa,0.5,1,1,TCATATTGTTGGGTTAGCCA,0,1316827
furpa,0.5,1,1,TCATAGCCGGGACGACCTAA,0,1287265
furpa,0.5,1,1,TCAGTTCTCTGCCCTCATCA,0,1335195
furpa,0.5,1,1,TCAGTGGTCGAACTTAGGTG,0,1302840
furpa,0.5,1,1,TCAGTAGCGAAAGCCCCATT,0,1303624
furpa,0.5,1,1,TCAGTAGATCGAGATTAGCG,0,1318150
furpa,0.5,1,1,TCAGTACGGGGCTGGTTTAG,0,1272113
furpa,0.5,1,1,TCAGGGGGAAAAAGTCAGAG,0,1309782
furpa,0.5,1,1,TCAGGGACTTTGAAGTTCCA,0,1303392
furpa,0.5,1,1,TCAGGCGTTGTTTGGACGCT,0,1308226
furpa,0.5,1,1,TCAGGCGCATAGAAATTCTG,0,1284177
furpa,0.5,1,1,TCAGGCATGCCAAGCTTACA,0,1315123
furpa,0.5,1,1,TCAGGAGTACCAGCACGCTA,0,1310175
furpa,0.5,1,1,TCAGGAACATCTTAAGAGAC,0,1299860
furpa,0.5,1,1,TCAGCCGGGAATCCAGATCT,0,1305783
furpa,0.5,1,1,TCAGCCGCTCGCACTGTGTT,0,1277731
furpa,0.5,1,1,TCAGCAACTCTCGAACCGCT,0,1352583
furpa,0.5,1,1,TCAGATTGTGGCGCGTCTCA,0,1339198
furpa,0.5,1,1,TCAGATGGCATTCTCCGCGG,0,1282874
furpa,0.5,1,1,TCAGATGATGTGTTACGGTG,0,1355197
furpa,0.5,1,1,TCAGATCTCACCAGCTCATA,0,1335683
furpa,0.5,1,1,TCAGATCCGCACGCCCAATT,0,1311633
furpa,0.5,1,1,TCAGAGTGCTACTACGTATA,0,1283190
furpa,0.5,1,1,TCAGACTTACCGATGAATGT,0,1282445
furpa,0.5,1,1,TCACTTTTTTGGTCCTCTAA,0,1281196
furpa,0.5,1,1,TCACTGGACCGCGGACGAAA,0,1326819
furpa,0.5,1,1,TCACTGCCGAACAAATGCTA,0,1350182
furpa,0.5,1,1,TCACTGAGAAGGCGGACCTG,0,1315154
furpa,0.5,1,1,TCACGGGCTCGGCTCCATTA,0,1288345
furpa,0.5,1,1,TCACGGCTTGCCAAGGCAAC,0,1307884
furpa,0.5,1,1,TCACGCTTGAGCAAGACTCA,0,1342166
furpa,0.5,1,1,TCACGCCCCGAATGTGCGCC,0,1280168
furpa,0.5,1,1,TCACGAGACTGATCCAGCTG,0,1311946
furpa,0.5,1,1,TCACCTGAGGACTTGGTTAG,0,1301646
furpa,0.5,1,1,TCACCTCTACTTAGTGATAT,0,1327731
furpa,0.5,1,1,TCACCGATTAAAAGAGCTGG,0,1347215
furpa,0.5,1,1,TCACCATGGCTCTAGCTTCT,0,1283120
furpa,0.5,1,1,TCACCAGGTGTCTCATGCGG,0,1304032
furpa,0.5,1,1,TCACCACATTGGATGTCTGA,0,1318770
furpa,0.5,1,1,TCACCAACCCGTACAGCCCA,0,1294542
furpa,0.5,1,1,TCACAGGGGCTCGTGGGTTA,0,1314034
furpa,0.5,1,1,TCACACTGAGCATTAAACAC,0,1355365
furpa,0.5,1,1,TCACACGCCGTTTGGGAGTG,0,1280671
furpa,0.5,1,1,TCACACGATGTTTCCACCGT,0,1276625
furpa,0.5,1,1,TCACAAACCCAAGCCGGCCG,0,1313146
furpa,0.5,1,1,TCACAAAAGCTTTAACTCTG,0,1278017
furpa,0.5,1,1,TCAATTGCGTCTTACTTGAC,0,1356584
furpa,0.5,1,1,TCAATGTGGGTCCTGAGTCT,0,1340121
furpa,0.5,1,1,TCAATGAAGCGCTGTTAAAT,0,1318100
furpa,0.5,1,1,TCAATACTCTTATCCCATTG,0,1334048
furpa,0.5,1,1,TCAAGTGCGGGGTAACGCCG,0,1282019
furpa,0.5,1,1,TCAAGTAGTAAGTTGCTCCG,0,1311371
furpa,0.5,1,1,TCAAGGCGCAATGTTAAGGT,0,1327802
furpa,0.5,1,1,TCAAGCGTTCACAATTTGAA,0,1335398
furpa,0.5,1,1,TCAAGAGATAGCTTGCGAGA,0,1284095
furpa,0.5,1,1,TCAAGAAGAAGTGGCCTCAT,0,1305238
furpa,0.5,1,1,TCAACTTGGTACCACCCAGG,0,1288044
furpa,0.5,1,1,TCAACTTCCTTGCTGACGTC,0,1312935
furpa,0.5,1,1,TCAACTGCACGGTACGTCGC,0,1336074
furpa,0.5,1,1,TCAACTCATTTACCATATCG,0,1273949
furpa,0.5,1,1,TCAACGTGAGGACTAAGCAG,0,1291557
furpa,0.5,1,1,TCAACGGTGGATTTTGTAAA,0,1289633
furpa,0.5,1,1,TCAACGGACATGAGGTACTC,0,1301368
furpa,0.5,1,1,TATTTGGGTATTAGATCAAG,0,1314423
furpa,0.5,1,1,TATTTGCTCTAGACCTTGGG,0,1292868
furpa,0.5,1,1,TATTTCTTGCGGGGGAGACA,0,1331397
furpa,0.5,1,1,TATTTCTTCGCTGCATGAGT,0,1336721
furpa,0.5,1,1,TATTTCTCAATCATCTATAT,0,1324392
furpa,0.5,1,1,TATTTCTAATTGGGAGTGTA,0,1350058
furpa,0.5,1,1,TATTTCCCACGCCAGAATAC,0,1280827
furpa,0.5,1,1,TATTTCCAACTTGGTGTGGG,0,1310115
furpa,0.5,1,1,TATTTAGTCCGGGGTAAAAA,0,1296052
furpa,0.5,1,1,TATTGTTAGACCAAGAGCTA,0,1304973
furpa,0.5,1,1,TATTGGGTGCGCTTAGATCG,0,1273301
furpa,0.5,1,1,TATTGATGCATATCCCGGGA,0,1303869
furpa,0.5,1,1,TATTGATCTCCGCAAAGCGT,0,1293880
furpa,0.5,1,1,TATTGAATGCCATTTTTGAC,0,1342836
furpa,0.5,1,1,TATTGAAACGGCGGAACGAC,0,1295604
furpa,0.5,1,1,TATTCTTCGACCCTATTTTA,0,1271605
furpa,0.5,1,1,TATTCGATCTTAGGATGACT,0,1279463
furpa,0.5,1,1,TATTCCTCACCAACACGTCG,0,1298511
furpa,0.5,1,1,TATTCCGTCCGTAAAGCTGA,0,1292292
furpa,0.5,1,1,TATTATTTCCCGTTCCGATG,0,1349973
furpa,0.5,1,1,TATTATTGAACTTCTGGGAG,0,1286264
furpa,0.5,1,1,TATTAGGTACTCTGAGGATG,0,1313304
furpa,0.5,1,1,TATTAAGGGCGTCAGGGGGG,0,1349799
furpa,0.5,1,1,TATTAAAGCATTAACGAAAC,0,1329920
furpa,0.5,1,1,TATGTGGCCCAGTAAGTCTT,0,1296185
furpa,0.5,1,1,TATGTGGACAATTATGCCGC,0,1350263
furpa,0.5,1,1,TATGTCCTACGAAGTCGCGA,0,1318949
furpa,0.5,1,1,TATGCTTAGGCAGGGATTTG,0,1357161
furpa,0.5,1,1,TATGCTAGGAGGAAAGGATC,0,1338946
furpa,0.5,1,1,TATGCCACTTCAGCACGCTT,0,1274332
furpa,0.5,1,1,TATGCAGGCTGAATAGGGCT,0,1274475
furpa,0.5,1,1,TATCTTGACCACAGCATACA,0,1328349
furpa,0.5,1,1,TATCTTCCAGTTTTACCAGA,0,1281265
furpa,0.5,1,1,TATCTCCCGAGCACAATATT,0,1323246
furpa,0.5,1,1,TATCGCTAACAGTTATCGCT,0,1346935
furpa,0.5,1,1,TATCGAGACGGTTCTACTGA,0,1278378
furpa,0.5,1,1,TATCGAACCTAGCACGGTAC,0,1283232
furpa,0.5,1,1,TATCCTTGAGTTACTACTGT,0,1314136
furpa,0.5,1,1,TATCCGAAGGCCATGCATTG,0,1324315
furpa,0.5,1,1,TATCCCTTACGTGGTCCTCC,0,1334604
furpa,0.5,1,1,TATCCCGAATCCCCGGAATT,0,1293290
furpa,0.5,1,1,TATCATTTCTGTTTCAGCTG,0,1338689
furpa,0.5,1,1,TATCAGTAAAGGAAGTTTTC,0,1298629
furpa,0.5,1,1,TATCAGGTAACCTTGGCGAG,0,1308136
furpa,0.5,1,1,TATCAGCTGTTGAAAGTATT,0,1333230
furpa,0.5,1,1,TATCAATTTAGTCTCCTTAT,0,1276672
furpa,0.5,1,1,TATATTTCGGGTCACTCGGA,0,1300659
furpa,0.5,1,1,TATATGCTGTCCGGCCATTC,0,1313807
furpa,0.5,1,1,TATATCGCTTGCCCAACACC,0,1295700
furpa,0.5,1,1,TATAGTGAGTCCGGGGTTAA,0,1323634
furpa,0.5,1,1,TATAGTATAGAATTGACCTG,0,1279974
furpa,0.5,1,1,TATAGTACCAAGCTCATACC,0,1343592
furpa,0.5,1,1,TATAGGATAGAGTTGTAACA,0,1288171
furpa,0.5,1,1,TATACGGAGCTGCAGCTATC,0,1339709
furpa,0.5,1,1,TATACGAGACTCTGGAGGGC,0,1356062
furpa,0.5,1,1,TATACCTAAATTGATGCTTG,0,1333554
furpa,0.5,1,1,TATACAAGGTGGAATGCTTC,0,1337927
furpa,0.5,1,1,TATAATCGGTTGCAAGTAGT,0,1305963
furpa,0.5,1,1,TATAAGGCGTTAAGGTCGCT,0,1357755
furpa,0.5,1,1,TATAACTTACTGATCCGTTT,0,1278169
furpa,0.5,1,1,TATAACGACCGTGCGTTTGT,0,1354251
furpa,0.5,1,1,TATAACAGCTTAGGTATTTT,0,1336020
furpa,0.5,1,1,TAGTGTGTCTTTCATATCTT,0,1332772
furpa,0.5,1,1,TAGTAGACTGGAATTCGGTG,0,1276552
furpa,0.5,1,1,TAGGTTCGGAATTATCAGGC,0,1343575
furpa,0.5,1,1,TAGGTGTGGTGTGTCCATTC,0,1277437
furpa,0.5,1,1,TAGGTGCGAGCGATATCTAG,0,1355504
furpa,0.5,1,1,TAGGTCCTTCTTTGCGCTGC,0,1309114
furpa,0.5,1,1,TAGGGTGGCGCAGGATGAGG,0,1320580
furpa,0.5,1,1,TAGGGTCACGGATACAGCAT,0,1330248
furpa,0.5,1,1,TAGGGGGGAGCTAGCCCGCA,0,1295234
furpa,0.5,1,1,TAGGGACCTTCCCTGTCGGC,0,1336760
furpa,0.5,1,1,TAGGCTATAGTTCGGTTCCC,0,1306827
furpa,0.5,1,1,TAGGCGAGGGCGGTCGAAAC,0,1321940
furpa,0.5,1,1,TAGGCCCCACCGCAGCGGGA,0,1297047
furpa,0.5,1,1,TAGGCCACTACTGGAATGCT,0,1283800
furpa,0.5,1,1,TAGGCCAATGAAGATTTGTC,0,1333231
furpa,0.5,1,1,TAGGCCAACAGACGGGATCT,0,1291360
furpa,0.5,1,1,TAGGCAGGGCTGGGGGTCTA,0,1285564
furpa,0.5,1,1,TAGGCACACGAAAATGCTCG,0,1310031
furpa,0.5,1,1,TAGGCAACGTTCTCACCAGG,0,1278060
furpa,0.5,1,1,TAGGATGGTTTAAGGAATAT,0,1347716
furpa,0.5,1,1,TAGGACTAGATGCGAATATC,0,1323631
furpa,0.5,1,1,TAGGACGAGTTGCTGGTCCT,0,1348071
furpa,0.5,1,1,TAGGACCCTGCGAACCTCCA,0,1357237
furpa,0.5,1,1,TAGGAAGCGACTAGCACAGT,0,1323170
furpa,0.5,1,1,TAGCTTTGCCCCCGGATGCG,0,1341705
furpa,0.5,1,1,TAGCTTCCGTCTTACGATCG,0,1315622
furpa,0.5,1,1,TAGCTTCATCAAACGAGACC,0,1344491
furpa,0.5,1,1,TAGCTTAACGGTAGCCTACA,0,1330224
furpa,0.5,1,1,TAGCTCCGGGATTTGCCTAG,0,1272820
furpa,0.5,1,1,TAGCTAGGATGAGTGAGTCA,0,1337753
furpa,0.5,1,1,TAGCGTGTCCCAACTGAGGT,0,1316944
furpa,0.5,1,1,TAGCGTGGGTTGTGTCCACT,0,1348760
furpa,0.5,1,1,TAGCGTGCACCTTGAAGTCA,0,1325174
furpa,0.5,1,1,TAGCGGTTCAGGTGCACTGA,0,1275303
furpa,0.5,1,1,TAGCGGTTATCTTGGGAATA,0,1345735
furpa,0.5,1,1,TAGCGCGAGTGTAGGCTGGT,0,1298055
furpa,0.5,1,1,TAGCGAAATGCATCTGGACA,0,1309579
furpa,0.5,1,1,TAGCCTCGAGTCGTTACAAG,0,1323659
furpa,0.5,1,1,TAGCCCTAGGACTGGGTAAT,0,1337979
furpa,0.5,1,1,TAGCACAATTTGGCCAGAAT,0,1306691
furpa,0.5,1,1,TAGCAAAAGTACTCTTTCGC,0,1356798
furpa,0.5,1,1,TAGATTAGCTGGCCGGGGGT,0,1324461
furpa,0.5,1,1,TAGATTAATTCGTCCTCACG,0,1283329
furpa,0.5,1,1,TAGATGACAAGTCACAACGT,0,1304803
furpa,0.5,1,1,TAGATCACACTTCGCAGCTA,0,1313792
furpa,0.5,1,1,TAGATATTCCAGACCCAACT,0,1291580
furpa,0.5,1,1,TAGAGGGTCCAGCAATTTAC,0,1287719
furpa,0.5,1,1,TAGAGGCCGGGGCCGGCTGA,0,1317714
furpa,0.5,1,1,TAGAGCGGCGGGGGCGACAC,0,1279538
furpa,0.5,1,1,TAGACGTCCTGTGTCGTTCC,0,1355211
furpa,0.5,1,1,TAGACGTATGGTGTTTTAAC,0,1336222
furpa,0.5,1,1,TAGACGAACGCTGCGGGGTG,0,1311838
furpa,0.5,1,1,TAGAATGGTCGGCGTGGCAG,0,1299939
furpa,0.5,1,1,TAGAAGCTTAGGCTACGGCA,0,1334784
furpa,0.5,1,1,TAGAACGTGGTTCTGTGAGC,0,1353464
furpa,0.5,1,1,TACTTTAGTCACATCCCCTT,0,1341033
furpa,0.5,1,1,TACTTATACGAAAAGGCCTC,0,1310880
furpa,0.5,1,1,TACTGTAATGCTTAGGATTT,0,1349106
furpa,0.5,1,1,TACTGGAGTTATTCGGTTTC,0,1303279
furpa,0.5,1,1,TACTGCGCTGCTCAGTTCCA,0,1321528
furpa,0.5,1,1,TACTGCCAAATCCTATGAGA,0,1279332
furpa,0.5,1,1,TACTGAGAGATAGAGTTGTT,0,1352173
furpa,0.5,1,1,TACTGAACTTACCTGACCGG,0,1293396
furpa,0.5,1,1,TACTCGTCCACGCTCTCGAG,0,1352263
furpa,0.5,1,1,TACTCCTTGCCTGGGGCGTC,0,1335680
furpa,0.5,1,1,TACTCATCGTCTTACGTTAA,0,1340593
furpa,0.5,1,1,TACTCATCCTCATCGTCGTG,0,1304443
furpa,0.5,1,1,TACTAAACAGTACTGAGTAA,0,1323752
furpa,0.5,1,1,TACGTTTTATGACCGCAGGA,0,1325420
furpa,0.5,1,1,TACGTGGGCACTGATTATCA,0,1353724
furpa,0.5,1,1,TACGTGCGTCATATGTCTAA,0,1291329
furpa,0.5,1,1,TACGTGCCATATCTCAATTA,0,1283732
furpa,0.5,1,1,TACGTCGCGTCCGTCGTGGA,0,1287611
furpa,0.5,1,1,TACGTCACGTATCCCCTATC,0,1339919
furpa,0.5,1,1,TACGTCAACAGAAGTGATAA,0,1291328
furpa,0.5,1,1,TACGTATCCAGGTCCCATGT,0,1333333
furpa,0.5,1,1,TACGTACGTACTCGGATAAG,0,1328074
furpa,0.5,1,1,TACGGTCACGCGTGTTAGCT,0,1291250
furpa,0.5,1,1,TACGGAGTACGTGAAAGTTC,0,1354721
furpa,0.5,1,1,TACGGAGATTGAGGGAATAC,0,1283778
furpa,0.5,1,1,TACGCCGTGGCCGTTGGATA,0,1329025
furpa,0.5,1,1,TACGAACACGGCCAAAGCAA,0,1296547
furpa,0.5,1,1,TACCTTGTGTTCAGCTGTGG,0,1311307
furpa,0.5,1,1,TACCTTGGACGCGAGACTTT,0,1300665
furpa,0.5,1,1,TACCGGCTACGAAGAAATCC,0,1294020
furpa,0.5,1,1,TACCGGAAAACTCCGATTCC,0,1288282
furpa,0.5,1,1,TACCCTTGCGCAGGCCGTCG,0,1344866
furpa,0.5,1,1,TACCCTCAGTTCACCTGGGA,0,1350920
furpa,0.5,1,1,TACCCTCACACTGAGGTCGC,0,1273471
furpa,0.5,1,1,TACCCGCAGCGGTCGATTCA,0,1348758
furpa,0.5,1,1,TACCCCTGAAAAAAGGTCTC,0,1344631
furpa,0.5,1,1,TACCAGTTAATTTACCGGCA,0,1286114
furpa,0.5,1,1,TACCACTAATCTACCCCGTA,0,1273450
furpa,0.5,1,1,TACCAAACGTCCCGAAGCCT,0,1349407
furpa,0.5,1,1,TACATAGGCCTGCCTCCCCA,0,1292303
furpa,0.5,1,1,TACATACCGTTTAGGAAGTC,0,1315849
furpa,0.5,1,1,TACAGTCTCAGTAGATAAGA,0,1321336
furpa,0.5,1,1,TACAGGAAAACTATGGGTAC,0,1321672
furpa,0.5,1,1,TACAGACGGAGGGGCACGAA,0,1334626
furpa,0.5,1,1,TACACTGCGTGGCCGAGGTT,0,1334123
furpa,0.5,1,1,TACACCTTCAGCGTGTTGGC,0,1284178
furpa,0.5,1,1,TACACCGGCGTCCGTACAGA,0,1288921
furpa,0.5,1,1,TACACCGCCGGTCCATTGTA,0,1276146
furpa,0.5,1,1,TACACACATGTCTGGGGGAA,0,1307608
furpa,0.5,1,1,TACAAGTCTGTACAGAAAAT,0,1336792
furpa,0.5,1,1,TACAAGCTTGAGCAACGGGT,0,1275060
furpa,0.5,1,1,TACAAAGTATAGTGTACAAA,0,1299583
furpa,0.5,1,1,TAATTTGGCTTGCGAATCCA,0,1314253
furpa,0.5,1,1,TAATTGTTACGTAGCCTGCA,0,1324447
furpa,0.5,1,1,TAATTGGCGAACCCGACTCC,0,1332526
furpa,0.5,1,1,TAATTCAGATGGAACTCGGG,0,1331156
furpa,0.5,1,1,TAATGTAGGGAGGTATTCAT,0,1291885
furpa,0.5,1,1,TAATGTACCGTCTGGATCCA,0,1271876
furpa,0.5,1,1,TAATGCATGGTGAAAATACC,0,1287345
furpa,0.5,1,1,TAATCTCCAGTAACCCTCCC,0,1272677
furpa,0.5,1,1,TAATCGATAAGCTTTGGCAA,0,1346949
furpa,0.5,1,1,TAATCAGGGGACTTCGGCCG,0,1311783
furpa,0.5,1,1,TAATATCGCGCAGCACTTGG,0,1343961
furpa,0.5,1,1,TAATACTACATAATCTACCA,0,1350057
furpa,0.5,1,1,TAATACCTTGCGTGTAGCCT,0,1277201
furpa,0.5,1,1,TAAGTTGTCGCGTGGGCGCT,0,1312487
furpa,0.5,1,1,TAAGTTCCAGAAGAAGGCGT,0,1338122
furpa,0.5,1,1,TAAGTTAATGAATCCGGACA,0,1304161
furpa,0.5,1,1,TAAGTTAAATGACGACGGCT,0,1347423
furpa,0.5,1,1,TAAGTCGGAGGTTCCAATAA,0,1297148
furpa,0.5,1,1,TAAGTCCTCACTTTAGGCTG,0,1305601
furpa,0.5,1,1,TAAGTATTTTGTTTGGTAAA,0,1337066
furpa,0.5,1,1,TAAGTAGCGTTAGGTGGCCT,0,1300804
furpa,0.5,1,1,TAAGCTTTACTATCAAGGGG,0,1332628
furpa,0.5,1,1,TAAGCCTGCCACGAGTATCC,0,1274094
furpa,0.5,1,1,TAAGCCCAGACGCTAAGCAA,0,1342027
furpa,0.5,1,1,TAAGCAGGTTGGGAAAGAAG,0,1284580
furpa,0.5,1,1,TAAGACTTGTCATTTACATG,0,1276457
furpa,0.5,1,1,TAAGAACCACATTTACGCAT,0,1292537
furpa,0.5,1,1,TAACTTTTATGCGATAGAGA,0,1283591
furpa,0.5,1,1,TAACTTGACCGTGAACCTAA,0,1353556
furpa,0.5,1,1,TAACTGTGCAGAAGTTCGGC,0,1339210
furpa,0.5,1,1,TAACTGTCGAGAAAGCGTAG,0,1332610
furpa,0.5,1,1,TAACTGTAAGCTCTAGCACG,0,1308314
furpa,0.5,1,1,TAACTGGTTCAGCCAGGGGG,0,1351167
furpa,0.5,1,1,TAACGTTGCCGCGATCTGTA,0,1327910
furpa,0.5,1,1,TAACGTCAGTGAGTCCGAAA,0,1342172
furpa,0.5,1,1,TAACGGGTAAACGGCAGAAT,0,1271220
furpa,0.5,1,1,TAACGCACGGGCGTATCGTG,0,1302788
furpa,0.5,1,1,TAACGACCACACAAAGGCAG,0,1326099
furpa,0.5,1,1,TAACCTGTCGTCGCGCGGGA,0,1285182
furpa,0.5,1,1,TAACCTCTAAGGGACTAACA,0,1323272
furpa,0.5,1,1,TAACCCTCGTAAAGTTCGGT,0,1327446
furpa,0.5,1,1,TAACCCGGGTGAGAGTCGGA,0,1293447
furpa,0.5,1,1,TAACAAGGGTTTAGTGTCCT,0,1304374
furpa,0.5,1,1,TAACAAGATACTTAGGCTTC,0,1351523
furpa,0.5,1,1,TAAATTTGGGTACCTAACCA,0,1329963
furpa,0.5,1,1,TAAATTGCATTGTGCTCAGC,0,1329615
furpa,0.5,1,1,TAAATGTGTAACTGCTCCGG,0,1314495
furpa,0.5,1,1,TAAATGTCAGATGTGAAATG,0,1334904
furpa,0.5,1,1,TAAATGGCTAAGGTGAACCC,0,1338214
furpa,0.5,1,1,TAAATGGATAAGAAAATGTT,0,1278254
furpa,0.5,1,1,TAAATACAGATTCAATCTCG,0,1305305
furpa,0.5,1,1,TAAATAAGCCGCTCATCGCT,0,1276759
furpa,0.5,1,1,TAAATAAAATTCGCACCACC,0,1275414
furpa,0.5,1,1,TAAAGTCGTGGACATCTGTG,0,1329709
furpa,0.5,1,1,TAAAGTAGGTTTAGCGACCA,0,1302927
furpa,0.5,1,1,TAAAGGCGCGAGCCGAGCGC,0,1316093
furpa,0.5,1,1,TAAAGCCAGCTTCTAATAGA,0,1276009
furpa,0.5,1,1,TAAAGAGGAAACTTACATTT,0,1356883
furpa,0.5,1,1,TAAAGACTGTGGAAAAACGG,0,1318744
furpa,0.5,1,1,TAAACTTCCCACTCACTGAT,0,1341621
furpa,0.5,1,1,TAAACCTTGACGAGGGGCTA,0,1291944
furpa,0.5,1,1,TAAACCCAGATTAACATAAA,0,1287993
furpa,0.5,1,1,TAAAATCCCCGATTGGACCT,0,1339469
furpa,0.5,1,1,GTTTTTTCGTTCGGCGACAT,0,1278252
furpa,0.5,1,1,GTTTTTGCTAGATCACAATG,0,1307390
furpa,0.5,1,1,GTTTTGATGGGATAAATAAG,0,1351305
furpa,0.5,1,1,GTTTGGTTGCGCTTCCCAGA,0,1274860
furpa,0.5,1,1,GTTTGGTCGCCGTCGGTCAG,0,1333683
furpa,0.5,1,1,GTTTGGGCGGTAAGCGCGGA,0,1347013
furpa,0.5,1,1,GTTTGGGACGGCGACTCAGA,0,1335790
furpa,0.5,1,1,GTTTGGGACCTTACGAGTAC,0,1298154
furpa,0.5,1,1,GTTTGAAAAATAGACCGTGA,0,1306114
furpa,0.5,1,1,GTTTCGCTGTGTAGTTTGGT,0,1280961
furpa,0.5,1,1,GTTTCACGCGAACAAGTCGA,0,1347745
furpa,0.5,1,1,GTTTATACCCGCGTGCTGAA,0,1327528
furpa,0.5,1,1,GTTTAGTAAGGTTGCGCCGC,0,1328746
furpa,0.5,1,1,GTTTAATGGCTAGCCTATAC,0,1317745
furpa,0.5,1,1,GTTGTCGTCTTACATCCAGA,0,1298088
furpa,0.5,1,1,GTTGTACCTCTAGCGTCGAA,0,1271499
furpa,0.5,1,1,GTTGTAATAGCGGGAAATTA,0,1281249
furpa,0.5,1,1,GTTGGGGCACTGGACGAACG,0,1289399
furpa,0.5,1,1,GTTGGGAAGGAGTTATGGTT,0,1281278
furpa,0.5,1,1,GTTGGCCTAAGCTTATAGAG,0,1340586
furpa,0.5,1,1,GTTGCTCAGGCCGTCGTCAT,0,1291674
furpa,0.5,1,1,GTTGCGGTCTGCCAGCCTTG,0,1357078
furpa,0.5,1,1,GTTGCGGCGGGAGTACATCT,0,1318288
furpa,0.5,1,1,GTTGCCGTGTGTGTAGTTGG,0,1306285
furpa,0.5,1,1,GTTGCCCAGCTATTCGAGCT,0,1281106
furpa,0.5,1,1,GTTGCATCGAGTTTTGATGA,0,1352815
furpa,0.5,1,1,GTTGAGGGGGGATAACCTGA,0,1352466
furpa,0.5,1,1,GTTGAGCTATAGCGGGCCAT,0,1354379
furpa,0.5,1,1,GTTGACGCCTTCCCAAAATA,0,1320066
furpa,0.5,1,1,GTTCTTTATTATTGCCATGT,0,1340716
furpa,0.5,1,1,GTTCTTCTATGAGTAAGAGG,0,1329506
furpa,0.5,1,1,GTTCTTAGGTCCTCCGGCAA,0,1339634
furpa,0.5,1,1,GTTCTAGTTGCACTGCGCTT,0,1338834
furpa,0.5,1,1,GTTCTACTCGATCGTCCTAA,0,1286420
furpa,0.5,1,1,GTTCGTTTTCTCCGTGAGTA,0,1287820
furpa,0.5,1,1,GTTCGTTCGACACCACCCAA,0,1304027
furpa,0.5,1,1,GTTCGGCAGGGCTTATCCCG,0,1335349
furpa,0.5,1,1,GTTCGCGGTGAACGGGTACA,0,1294194
furpa,0.5,1,1,GTTCGCCTTTAGGCGAAGGG,0,1354502
furpa,0.5,1,1,GTTCGCCTGGGCGTAAGAAT,0,1334177
furpa,0.5,1,1,GTTCCCCTCTTTACTCAAAG,0,1287888
furpa,0.5,1,1,GTTCCCCCAAACCGCAATTC,0,1352171
furpa,0.5,1,1,GTTCATTGTACCCTTTTAGA,0,1348118
furpa,0.5,1,1,GTTCATATGCGGTCCTAGGT,0,1278648
furpa,0.5,1,1,GTTCAGGTCATTGTAACAGT,0,1307295
furpa,0.5,1,1,GTTCAGCGATCCGGGTAACT,0,1312280
furpa,0.5,1,1,GTTCACTCCGTGTAGAGGAG,0,1287755
furpa,0.5,1,1,GTTCACTATATTTATTGACC,0,1337530
furpa,0.5,1,1,GTTCACCGTGCAGCCTATCA,0,1309893
furpa,0.5,1,1,GTTCAAGTGTTATGCTCGGA,0,1316146
furpa,0.5,1,1,GTTCAAGCTATGAGCGTCAT,0,1277925
furpa,0.5,1,1,GTTCAACTATTTTCACGTAT,0,1295107
furpa,0.5,1,1,GTTATGGGCGCCTGACACCA,0,1303914
furpa,0.5,1,1,GTTAGTACGCGATTGCGAAA,0,1347046
furpa,0.5,1,1,GTTAGCACCAGCGCACTTAT,0,1329948
furpa,0.5,1,1,GTTAGCAAACTGAGGCGGTG,0,1337391
furpa,0.5,1,1,GTTAGAGTCCACGTCCCGTT,0,1334722
furpa,0.5,1,1,GTTAGACGGCATAATTATCA,0,1283978
furpa,0.5,1,1,GTTACTCGCACACACCTGTC,0,1306053
furpa,0.5,1,1,GTTACCGATACTGTGACTTC,0,1339178
furpa,0.5,1,1,GTTACCCTGTTAAACGAGCG,0,1333742
furpa,0.5,1,1,GTTACAGCCTGGGCCTCGAT,0,1282026
furpa,0.5,1,1,GTTAATGGAAAGATCCATTG,0,1272457
furpa,0.5,1,1,GTTAATCTTGAAGGGGGAGT,0,1325851
furpa,0.5,1,1,GTTAAGTGTCAACCGGACGA,0,1299190
furpa,0.5,1,1,GTTAAGCAATTCCATAGTAT,0,1287496
furpa,0.5,1,1,GTTAAATGCGAGGACTTAGT,0,1343284
furpa,0.5,1,1,GTTAAAGCTGCTTATACACA,0,1302057
furpa,0.5,1,1,GTTAAACATGAATAAGCCAC,0,1348407
furpa,0.5,1,1,GTGTTTCTGAATCGGGCGTG,0,1343299
furpa,0.5,1,1,GTGTTGTTGAGCCGCAACGG,0,1283549
furpa,0.5,1,1,GTGTTGGGGTGCGACAAGGC,0,1285249
furpa,0.5,1,1,GTGTTGGCGGCTGATTTTCA,0,1337349
furpa,0.5,1,1,GTGTTGCGTAGTACTAGACC,0,1319579
furpa,0.5,1,1,GTGTTCGACAACGACCGGAT,0,1297359
furpa,0.5,1,1,GTGTTAAACTAGAGATCAGA,0,1307530
furpa,0.5,1,1,GTGTGGTATGCTGTAAACAG,0,1347817
furpa,0.5,1,1,GTGTGGAAAAGCAGGTTTTT,0,1273741
furpa,0.5,1,1,GTGTGATAATCAGGTAGGTA,0,1282184
furpa,0.5,1,1,GTGTCTCGTCGAACAGCCAA,0,1305335
furpa,0.5,1,1,GTGTCGTCTGTCTGTGAGAT,0,1284017
furpa,0.5,1,1,GTGTCGCAGTTGCGCACAAG,0,1283820
furpa,0.5,1,1,GTGTCCCTCCATGGAAATGC,0,1317539
furpa,0.5,1,1,GTGTCATACTCTCTGATCCG,0,1299784
furpa,0.5,1,1,GTGTACCCAGAGGCTGACCT,0,1355347
furpa,0.5,1,1,GTGTAATCAGCCACGTAAGT,0,1313143
furpa,0.5,1,1,GTGTAAGAGGCTACTTGCCT,0,1311657
furpa,0.5,1,1,GTGTAACGGCATATGTGGAT,0,1353374
furpa,0.5,1,1,GTGTAACAGCCGCACGCTTG,0,1278197
furpa,0.5,1,1,GTGGTTCACTACGTAACCCG,0,1327775
furpa,0.5,1,1,GTGGTGCGGGGGGGTCAGTT,0,1274008
furpa,0.5,1,1,GTGGGTTCTCGGTCCGAATG,0,1323097
furpa,0.5,1,1,GTGGGTGGAGGCTACTATTG,0,1342819
furpa,0.5,1,1,GTGGGGGTCTAAGCGGCAGA,0,1344205
furpa,0.5,1,1,GTGGGCAGGCAGGTTTGCTT,0,1276675
furpa,0.5,1,1,GTGGGATCGTCATCAGGATA,0,1292050
furpa,0.5,1,1,GTGGGAGCCAGTAATCCATA,0,1340395
furpa,0.5,1,1,GTGGGAGATGCGAGGCGGTT,0,1311709
furpa,0.5,1,1,GTGGCTCGTTAGGGAAACAT,0,1288914
furpa,0.5,1,1,GTGGCTAATCAACAGCGCAG,0,1328824
furpa,0.5,1,1,GTGGCGTATTGATGGAGGGA,0,1324381
furpa,0.5,1,1,GTGGCACGGATCCTCGTGGT,0,1310160
furpa,0.5,1,1,GTGGAGTAAGTCCGTCGTGC,0,1341714
furpa,0.5,1,1,GTGGAGATGGCCTCTTCGAC,0,1285022
furpa,0.5,1,1,GTGCTCTGGGTAAAACGTGC,0,1279170
furpa,0.5,1,1,GTGCTCGCATTACCGGTAGA,0,1285769
furpa,0.5,1,1,GTGCGTATTTCGTCGAGAAA,0,1345184
furpa,0.5,1,1,GTGCGGTTTTATAAGGGATT,0,1327245
furpa,0.5,1,1,GTGCGGACTCTCAGTACGAG,0,1313177
furpa,0.5,1,1,GTGCGCGTCCTGTGAGAGTG,0,1329895
furpa,0.5,1,1,GTGCGATCGCGGGGGCTACA,0,1324937
furpa,0.5,1,1,GTGCGAAGCCGCCGGCCGAA,0,1307287
furpa,0.5,1,1,GTGCCTACAGGTCTCGCCGC,0,1273194
furpa,0.5,1,1,GTGCCGCGTTGCTCTGACGT,0,1356655
furpa,0.5,1,1,GTGCCGAGGGGCATACTAAA,0,1342243
furpa,0.5,1,1,GTGCCCTTTATCAGGACGTC,0,1330354
furpa,0.5,1,1,GTGCATCGCAAACCTGAGCG,0,1289092
furpa,0.5,1,1,GTGCACACTCCGTCCCTTCG,0,1324941
furpa,0.5,1,1,GTGCAATCTCCAGCCCGCCG,0,1313544
furpa,0.5,1,1,GTGCAACGCACCGGTTTTTT,0,1312483
furpa,0.5,1,1,GTGCAACCCTCGTTTCGAGC,0,1295389
furpa,0.5,1,1,GTGATGCCGGACCACCGCCT,0,1322633
furpa,0.5,1,1,GTGATAGCCTGCATCAGGCC,0,1348469
furpa,0.5,1,1,GTGAGTTAACAGCTATACTT,0,1352599
furpa,0.5,1,1,GTGAGGCCCGTGCATAGAGA,0,1286479
furpa,0.5,1,1,GTGAGGAAGCTCCAGTGTAG,0,1313993
furpa,0.5,1,1,GTGACTCTCGGGGGCGTTGA,0,1306060
furpa,0.5,1,1,GTGACCTAAAAACGACGCCA,0,1302897
furpa,0.5,1,1,GTGACCCGTACTCAGTGACA,0,1284956
furpa,0.5,1,1,GTGACCCGAGGTCATGATCC,0,1271661
furpa,0.5,1,1,GTGACATTCGGTAGTTTGGA,0,1278208
furpa,0.5,1,1,GTGAATACCGTTTTAAGCAT,0,1271309
furpa,0.5,1,1,GTGAAGGTAGAGCGAACGCC,0,1280841
furpa,0.5,1,1,GTCTTTTGACGTTATTTGGG,0,1355872
furpa,0.5,1,1,GTCTTTGTAGTATTGTCAGT,0,1295626
furpa,0.5,1,1,GTCTTGTTTTCCTCCAGTGG,0,1338475
furpa,0.5,1,1,GTCTTGTCCTTCGCACGTTT,0,1336982
furpa,0.5,1,1,GTCTTGTATATCCCTTTGTC,0,1277097
furpa,0.5,1,1,GTCTTCGGTCGGTAACCCTA,0,1289676
furpa,0.5,1,1,GTCTGTGACATGCATGCCGC,0,1293302
furpa,0.5,1,1,GTCTGTAACCCTTATAGTAG,0,1284590
furpa,0.5,1,1,GTCTGGTGTACGGGATTAGG,0,1350581
furpa,0.5,1,1,GTCTGGTACCATCCGTTCCT,0,1338628
furpa,0.5,1,1,GTCTGGCTGGGGGGGGTTAT,0,1349043
furpa,0.5,1,1,GTCTGGCAGGCTGAGGCATC,0,1310479
furpa,0.5,1,1,GTCTGGCAAGTCCGCAGTGC,0,1313995
furpa,0.5,1,1,GTCTGCCCAGATGATGCGGA,0,1299554
furpa,0.5,1,1,GTCTGCAAAAACCGCCCTTC,0,1310289
furpa,0.5,1,1,GTCTCTGTGCCTTACTGGGA,0,1299058
furpa,0.5,1,1,GTCTCTGCCCGCCTACTACA,0,1313108
furpa,0.5,1,1,GTCTCTCACAGACTGCTCAT,0,1320692
furpa,0.5,1,1,GTCTCGACCTGACTCGATTT,0,1290690
furpa,0.5,1,1,GTCTAGAAGTATCCTCAGAG,0,1343281
furpa,0.5,1,1,GTCTAATCATGGAGGAGGAA,0,1291571
furpa,0.5,1,1,GTCTAACGATCTGCCATCGG,0,1344773
furpa,0.5,1,1,GTCGTCCGGGCATACAACAA,0,1328500
furpa,0.5,1,1,GTCGTCAGATGATATTGTAC,0,1280908
furpa,0.5,1,1,GTCGTAGTTGAGAAGGGTTT,0,1349069
furpa,0.5,1,1,GTCGGGTTACCAAGCGCGGA,0,1343111
furpa,0.5,1,1,GTCGGGACATTTAAAGGCCT,0,1297734
furpa,0.5,1,1,GTCGGCATAAGGTCTCAATA,0,1295495
furpa,0.5,1,1,GTCGGATTTCGTTTCGCTAA,0,1282749
furpa,0.5,1,1,GTCGGATCAAACGAAATATC,0,1310813
furpa,0.5,1,1,GTCGGACTTTCGCTCCGCTA,0,1321478
furpa,0.5,1,1,GTCGCTAATGGGCAACGCTG,0,1296592
furpa,0.5,1,1,GTCGCGGGCGTCTGATCGAT,0,1274085
furpa,0.5,1,1,GTCGCAACAGTGAATTGGGA,0,1283570
furpa,0.5,1,1,GTCGAATTGTCATAGGATAA,0,1314265
furpa,0.5,1,1,GTCCTGTGCATGCACCAGAA,0,1333075
furpa,0.5,1,1,GTCCTCGTGTTCTTAAGTTC,0,1327621
furpa,0.5,1,1,GTCCTCCGTTAAACGCCACC,0,1329306
furpa,0.5,1,1,GTCCTATAAGGGAAGGGATT,0,1313209
furpa,0.5,1,1,GTCCTAGCCTGATGCTCTCA,0,1340453
furpa,0.5,1,1,GTCCTAGAGAAGACATACTG,0,1351295
furpa,0.5,1,1,GTCCGGTATAGGTCTCTACT,0,1309039
furpa,0.5,1,1,GTCCGGCGGGAGTACGGTCA,0,1305935
furpa,0.5,1,1,GTCCATTCGGTAGCGCCTCC,0,1288611
furpa,0.5,1,1,GTCCACTTTTTGTCATCACG,0,1354977
furpa,0.5,1,1,GTCCAAGGGCCGAAATCGAT,0,1331994
furpa,0.5,1,1,GTCCAACATTCTCCATCATA,0,1350984
furpa,0.5,1,1,GTCATTTTGCGACTTTTGTA,0,1275197
furpa,0.5,1,1,GTCATTAAAGATTCCAATGT,0,1344977
furpa,0.5,1,1,GTCATCTGGACATCTTGAAA,0,1294712
furpa,0.5,1,1,GTCATCGATTGATGCTATAC,0,1318092
furpa,0.5,1,1,GTCATACTTGGTAGAGACAT,0,1287499
furpa,0.5,1,1,GTCATAAGGCGAAACCCGTG,0,1273239
furpa,0.5,1,1,GTCAGTGAGCCGGGTCTTGT,0,1297269
furpa,0.5,1,1,GTCACGCGTCGTGGCTAATA,0,1327743
furpa,0.5,1,1,GTCACATGCGCCACGAACTG,0,1306413
furpa,0.5,1,1,GTCAAGCGAATGTTCTTGAT,0,1337705
furpa,0.5,1,1,GTCAACTGGTTCTCGGTTGA,0,1349307
furpa,0.5,1,1,GTCAACGTCTACAACACCTT,0,1298401
furpa,0.5,1,1,GTCAACCGTAGAAATACGTT,0,1347790
furpa,0.5,1,1,GTATTGAGGGCAGCCATTGA,0,1324761
furpa,0.5,1,1,GTATTCAGTCGCTCTATCTC,0,1288144
furpa,0.5,1,1,GTATTAGATAGTGTCGGTGT,0,1331219
furpa,0.5,1,1,GTATGCAGTGATTGTAGTGT,0,1303870
furpa,0.5,1,1,GTATGAAGACTATCCAAGTA,0,1276315
furpa,0.5,1,1,GTATCTGGCCCTAGCGTTCA,0,1319341
furpa,0.5,1,1,GTATCGATCAAAGGGGGAGT,0,1301532
furpa,0.5,1,1,GTATCGAGTCCATTGTTGGA,0,1294145
furpa,0.5,1,1,GTATCCAAGCGTCACCTCCC,0,1289608
furpa,0.5,1,1,GTATCACCGTATGTCTGCAA,0,1293651
furpa,0.5,1,1,GTATCAAGAGTACGGTGGGC,0,1339260
furpa,0.5,1,1,GTATAATGAGGGTTAGCGCA,0,1298215
furpa,0.5,1,1,GTAGTTCAAGGTATTCGTTC,0,1297914
furpa,0.5,1,1,GTAGTCATTGGCACGACCGG,0,1327985
furpa,0.5,1,1,GTAGTCATCGTTAGGCGATG,0,1348639
furpa,0.5,1,1,GTAGTAGCGGCACGTCATGG,0,1310094
furpa,0.5,1,1,GTAGTAGATTCAAGGCGTAA,0,1320068
furpa,0.5,1,1,GTAGTACCTTGCCCTCCATA,0,1318401
furpa,0.5,1,1,GTAGTAAGACATCACGTATG,0,1282770
furpa,0.5,1,1,GTAGGTTATACCTGGGCCTG,0,1289149
furpa,0.5,1,1,GTAGCTTCTCATCTGAGAGT,0,1324092
furpa,0.5,1,1,GTAGCTTCACAATCTCGCAT,0,1324062
furpa,0.5,1,1,GTAGCCGGACCCAAGCAATT,0,1285702
furpa,0.5,1,1,GTAGCATCTGGTACACGGTG,0,1330809
furpa,0.5,1,1,GTAGCAGCTTACTACTCTGC,0,1293249
furpa,0.5,1,1,GTAGCAGACTGGGTTCCCCA,0,1316061
furpa,0.5,1,1,GTAGATTATAGGGGCTGAAG,0,1286575
furpa,0.5,1,1,GTAGAGGGGCTTATTTTTAT,0,1305300
furpa,0.5,1,1,GTACTTGTGATATTGCATTT,0,1307591
furpa,0.5,1,1,GTACTCGTCTGCCACCGGAC,0,1302450
furpa,0.5,1,1,GTACTCAATCTTTTGTAACT,0,1282046
furpa,0.5,1,1,GTACTAGCCCATAGCCAATA,0,1306526
furpa,0.5,1,1,GTACTAAACAACCGAGGTGA,0,1305175
furpa,0.5,1,1,GTACGGCAAGAGTCAACGAT,0,1277921
furpa,0.5,1,1,GTACGCCCATAACTGTCTAC,0,1309335
furpa,0.5,1,1,GTACGCATCCCTGGCATGCT,0,1312848
furpa,0.5,1,1,GTACGAGATAAAACTCGGTA,0,1291695
furpa,0.5,1,1,GTACCGGTTCAGATCTTGAA,0,1296289
furpa,0.5,1,1,GTACATTGAGCCTTCTGTGT,0,1282360
furpa,0.5,1,1,GTACAGGAGGCGGCTGCCAG,0,1296599
furpa,0.5,1,1,GTACAGCATTCGGGCTCACC,0,1310415
furpa,0.5,1,1,GTACACGGGCAAGCAGCTGG,0,1351217
furpa,0.5,1,1,GTACACCCCGTAAGAATTCA,0,1285175
furpa,0.5,1,1,GTACAACGCCATAGATCCTT,0,1282645
furpa,0.5,1,1,GTAATTTGTGCTCATATTGA,0,1304195
furpa,0.5,1,1,GTAATGGAGGGCAACTGGTT,0,1344618
furpa,0.5,1,1,GTAATCATAACCATTGCCTC,0,1309154
furpa,0.5,1,1,GTAATATTTCGCAATAAGTC,0,1312384
furpa,0.5,1,1,GTAAGGAGGGCCGCTTGCCT,0,1332916
furpa,0.5,1,1,GTAAGCTCTAAATCTCGACA,0,1285649
furpa,0.5,1,1,GTAAGCATGCTTAGGTCCCG,0,1343710
furpa,0.5,1,1,GTAAGAGGTGGTTCACTGAT,0,1305350
furpa,0.5,1,1,GTAAGACCGGACGAAAGCGA,0,1282167
furpa,0.5,1,1,GTAACTTACCCAGTTTGCTA,0,1294258
furpa,0.5,1,1,GTAACGGCTTAGCGGTTTAT,0,1327525
furpa,0.5,1,1,GTAACCTAATGTCCCTGCGT,0,1310573
furpa,0.5,1,1,GTAACAGCGAGGGAGGTATG,0,1287669
furpa,0.5,1,1,GTAAATACGTCCCATCCGGA,0,1347159
furpa,0.5,1,1,GTAAAGAACGCTTCGGCAAG,0,1315560
furpa,0.5,1,1,GTAAAATCGTGTGGCTGTAC,0,1311315
furpa,0.5,1,1,GTAAAAGGATCAGCTTGCCC,0,1344535
furpa,0.5,1,1,GGTTTTTGGACTTCAGCATA,0,1309326
furpa,0.5,1,1,GGTTTTCGTACATTTCTCCA,0,1337010
furpa,0.5,1,1,GGTTTTAAATCGGACAGTAA,0,1280043
furpa,0.5,1,1,GGTTTGTGCCCTACCAAGAC,0,1319480
furpa,0.5,1,1,GGTTTGTGATAATTAACTAT,0,1288717
furpa,0.5,1,1,GGTTTCTATATGTCATGTAA,0,1275580
furpa,0.5,1,1,GGTTTCGTATGGGAATGGAC,0,1340007
furpa,0.5,1,1,GGTTTAGCGTCCCGCCGCGA,0,1278940
furpa,0.5,1,1,GGTTGTCCCGAGGTGTTATA,0,1309409
furpa,0.5,1,1,GGTTGTACCTCATCTGGCAG,0,1302201
furpa,0.5,1,1,GGTTGCGTCACCTTCACCGC,0,1275007
furpa,0.5,1,1,GGTTGCACGGGCTATCTGCT,0,1280779
furpa,0.5,1,1,GGTTGATCAGCATTGGGGTG,0,1297598
furpa,0.5,1,1,GGTTGACACAATATGGTGAT,0,1333287
furpa,0.5,1,1,GGTTCTCAGAATCCTTTCGG,0,1276000
furpa,0.5,1,1,GGTTCGACTACGTATCGCTC,0,1301241
furpa,0.5,1,1,GGTTCCTGTGGACAGCGGTA,0,1356431
furpa,0.5,1,1,GGTTATCACCGATAACAAGT,0,1294326
furpa,0.5,1,1,GGTTAAAGATCTTTCGCTTG,0,1346844
furpa,0.5,1,1,GGTGTTTACTCAGGATGCGG,0,1348855
furpa,0.5,1,1,GGTGTTGCATTTATGTACAA,0,1294372
furpa,0.5,1,1,GGTGTTAAAAGTTGGTCGGC,0,1299361
furpa,0.5,1,1,GGTGTCGGCCAATGGGTTAA,0,1344919
furpa,0.5,1,1,GGTGTCCTTCAATGTTTGGA,0,1316805
furpa,0.5,1,1,GGTGTATCATTAACCTGTGA,0,1340603
furpa,0.5,1,1,GGTGTAGAGTTAATAAGGTT,0,1295828
furpa,0.5,1,1,GGTGTACTCAGAACATGGCA,0,1280379
furpa,0.5,1,1,GGTGTACGGAACGAACACCT,0,1314062
furpa,0.5,1,1,GGTGGTTAATGTTCGTGCAT,0,1278642
furpa,0.5,1,1,GGTGGTCTAGTGAGAAGATA,0,1275205
furpa,0.5,1,1,GGTGGGGTTGCACACCAAAT,0,1330257
furpa,0.5,1,1,GGTGGCAGATGCCAGCTAAA,0,1298148
furpa,0.5,1,1,GGTGGACTTCTAACACATAG,0,1339999
furpa,0.5,1,1,GGTGGACTAGCCGCACTTGT,0,1271790
furpa,0.5,1,1,GGTGCTGACGGTTGCGGGCA,0,1309596
furpa,0.5,1,1,GGTGCGAAAAGGATAGCGCA,0,1298697
furpa,0.5,1,1,GGTGCCTAATTCAGTCATGA,0,1328823
furpa,0.5,1,1,GGTGCCACCGCGGTTCTTGG,0,1336232
furpa,0.5,1,1,GGTGCATGTGTCGTAAATGC,0,1350734
furpa,0.5,1,1,GGTGATCGAGGTATAGGCAT,0,1300127
furpa,0.5,1,1,GGTGACGGGATATGGAAAGA,0,1291972
furpa,0.5,1,1,GGTGACCGACCGAGTTCTTC,0,1307602
furpa,0.5,1,1,GGTGAATCCGTGTTCAACCA,0,1314113
furpa,0.5,1,1,GGTGAACGCACAATCAGCCA,0,1342746
furpa,0.5,1,1,GGTCTGTCCTACGGTGAGGC,0,1308545
furpa,0.5,1,1,GGTCTCTTGGTCCGTCTAGG,0,1312637
furpa,0.5,1,1,GGTCTCTTATACACGGCCAA,0,1278424
furpa,0.5,1,1,GGTCTATCGAGACGGCAAAT,0,1309861
furpa,0.5,1,1,GGTCGTCCGCCTGGATTAGG,0,1331839
furpa,0.5,1,1,GGTCGATAACGACTAAGGTG,0,1291295
furpa,0.5,1,1,GGTCCTTTTAACGCAGAACT,0,1342226
furpa,0.5,1,1,GGTCCGCTCTCGGCCCTTCC,0,1346623
furpa,0.5,1,1,GGTCCCCGATCCTATTTGAG,0,1309840
furpa,0.5,1,1,GGTCCAGTGTAGGACAGCAC,0,1353429
furpa,0.5,1,1,GGTCATGCGTATATCGTGAA,0,1293389
furpa,0.5,1,1,GGTCATCGCAAAATGCACGT,0,1350422
furpa,0.5,1,1,GGTCAGGGGAGATAAACGCA,0,1305394
furpa,0.5,1,1,GGTCAGGCGGAGTCTTTCGT,0,1295610
furpa,0.5,1,1,GGTCAGGAGACCATACAGTA,0,1302334
furpa,0.5,1,1,GGTCACATAATAATGACCCT,0,1346227
furpa,0.5,1,1,GGTCAAGAACGGTTAGGTAT,0,1272838
furpa,0.5,1,1,GGTATTTATCGTGCGTGCGA,0,1348521
furpa,0.5,1,1,GGTATTGGCTATGTCCGGCA,0,1287340
furpa,0.5,1,1,GGTATTCCGCCCCCAGGTTG,0,1286316
furpa,0.5,1,1,GGTATCTGACCTTCTGCCGT,0,1355708
furpa,0.5,1,1,GGTATCTCAAGGTAGCATAT,0,1347290
furpa,0.5,1,1,GGTATCCCGGGAATAGCTCG,0,1330395
furpa,0.5,1,1,GGTATAGTCGCAGTCTGTTC,0,1284477
furpa,0.5,1,1,GGTATAGCAGTGGTAGTTTA,0,1280472
furpa,0.5,1,1,GGTAGCCTCAATAGTGAGGT,0,1331113
furpa,0.5,1,1,GGTACTTATGCTATTAATGG,0,1308927
furpa,0.5,1,1,GGTACTTATCGCAAGTAATT,0,1287184
furpa,0.5,1,1,GGTACGCAGGTGAAACGGAA,0,1279933
furpa,0.5,1,1,GGTACGAAACTTGTATAAGA,0,1347243
furpa,0.5,1,1,GGTACAACTGTTGTAGATGA,0,1298464
furpa,0.5,1,1,GGTAATCCTATCTTCATACG,0,1335027
furpa,0.5,1,1,GGTAAGGGGCGACAAAGGAG,0,1340252
furpa,0.5,1,1,GGTAAGAGTTATGTGGGAGT,0,1326790
furpa,0.5,1,1,GGTAACGCCACGACGAATCC,0,1279109
furpa,0.5,1,1,GGTAACGATCTAACTAGGTA,0,1274333
furpa,0.5,1,1,GGTAACAGGGTACTTTAGAC,0,1316692
furpa,0.5,1,1,GGGTTTCCGTCGATCTGAGG,0,1275412
furpa,0.5,1,1,GGGTTCGTTTGCATATAGTT,0,1352244
furpa,0.5,1,1,GGGTTCGCCGGGTGGTGCAA,0,1338300
furpa,0.5,1,1,GGGTTCCCGTTGCCGATCAG,0,1346257
furpa,0.5,1,1,GGGTTCAGAAGCCCACAGAT,0,1303186
furpa,0.5,1,1,GGGTGTATATGTGTGAGTTA,0,1302319
furpa,0.5,1,1,GGGTGGGGCGGGGATTCTGA,0,1311772
furpa,0.5,1,1,GGGTGCCAGGCTTCAAATTC,0,1322850
furpa,0.5,1,1,GGGTCTTGTTGGATCGCCCT,0,1342727
furpa,0.5,1,1,GGGTCTGGCACAGACCACCT,0,1323623
furpa,0.5,1,1,GGGTCTAGTTGCGCTTTGCC,0,1322690
furpa,0.5,1,1,GGGTCTAGGTGAAGCGCGGT,0,1272756
furpa,0.5,1,1,GGGTCTACACTGTGCGTGTA,0,1315207
furpa,0.5,1,1,GGGTCGCGTGACCGTCCCGT,0,1352145
furpa,0.5,1,1,GGGTCCGTCTGGATTCTCAT,0,1339581
furpa,0.5,1,1,GGGTCCCTTATTCCGCTACC,0,1328602
furpa,0.5,1,1,GGGTCATGGTCCCTCTCGCG,0,1282896
furpa,0.5,1,1,GGGTCATATCGACGCATTGG,0,1317999
furpa,0.5,1,1,GGGTCAGTATGAAGTATTCA,0,1313897
furpa,0.5,1,1,GGGTCAGAGCGAAGGGGCCT,0,1353474
furpa,0.5,1,1,GGGTCACTGCGCAAAGAGGG,0,1306552
furpa,0.5,1,1,GGGTATGGGACAGTCTGACG,0,1326234
furpa,0.5,1,1,GGGTATGAATAATAATGGCT,0,1278915
furpa,0.5,1,1,GGGTATCAGCAAGTGAACCA,0,1345368
furpa,0.5,1,1,GGGTATACCCTGTTCAGCAT,0,1328772
furpa,0.5,1,1,GGGTAGGCCGCCAGGAGATG,0,1321906
furpa,0.5,1,1,GGGTAGGAAGACCCGCCGAT,0,1291801
furpa,0.5,1,1,GGGTAGAGATCGGGGATTTA,0,1303496
furpa,0.5,1,1,GGGTAATTATAGTGTATTTC,0,1287639
furpa,0.5,1,1,GGGTAAGAATATAGTTTTCA,0,1286271
furpa,0.5,1,1,GGGTAAACGACCCCAATAAG,0,1283135
furpa,0.5,1,1,GGGGTCTGAATTGGTTTAAG,0,1301759
furpa,0.5,1,1,GGGGTCTACAGGATGTCTAC,0,1275348
furpa,0.5,1,1,GGGGTCCAATGCCTGCTTAC,0,1349269
furpa,0.5,1,1,GGGGTCACTATACACTGTAT,0,1315026
furpa,0.5,1,1,GGGGTAGTATTCGACTAAAG,0,1341576
furpa,0.5,1,1,GGGGTACTCTAATGCTTGTT,0,1331868
furpa,0.5,1,1,GGGGTACTACCGCAGGGTGT,0,1321357
furpa,0.5,1,1,GGGGGTTTTGCAGTGAATGT,0,1299301
furpa,0.5,1,1,GGGGGTTTAAAGTAGCGGGT,0,1341511
furpa,0.5,1,1,GGGGGCTGGGCGAAAACATA,0,1286205
furpa,0.5,1,1,GGGGGCATGTAAGCGTGCGG,0,1305612
furpa,0.5,1,1,GGGGGCATGGTCTGTTGAAA,0,1295900
furpa,0.5,1,1,GGGGGAACGCAATTTACCGT,0,1302091
furpa,0.5,1,1,GGGGCTCACGACTTACGACG,0,1328086
furpa,0.5,1,1,GGGGCGGTGTCTGACTCTCT,0,1272358
furpa,0.5,1,1,GGGGCCCGCTTACATTTTAT,0,1351490
furpa,0.5,1,1,GGGGCATGGTGTGCACCCTT,0,1336250
furpa,0.5,1,1,GGGGCATAACCATCAGATCG,0,1327044
furpa,0.5,1,1,GGGGCAAAAAAATCTGAGAC,0,1347289
furpa,0.5,1,1,GGGGATTTGCAGGGAGAATT,0,1348142
furpa,0.5,1,1,GGGGATTATCGCGGCTGCGG,0,1289831
furpa,0.5,1,1,GGGGATAAAGCGGTAACTAC,0,1343949
furpa,0.5,1,1,GGGGAGTAGCCTAGCATGTT,0,1347020
furpa,0.5,1,1,GGGGAGGTGAAGTAATAACT,0,1331212
furpa,0.5,1,1,GGGGAAGCGTCTGCGTTCCA,0,1316954
furpa,0.5,1,1,GGGGAACTAATTCTACCGGT,0,1283780
furpa,0.5,1,1,GGGCTTCAATGGATGTTATA,0,1290272
furpa,0.5,1,1,GGGCTGATATGATGCTAGCG,0,1299659
furpa,0.5,1,1,GGGCTCGCTACGAACATTTG,0,1275083
furpa,0.5,1,1,GGGCTCCGCGCACCGTTAAG,0,1303356
furpa,0.5,1,1,GGGCTCAAGCGATTTTTATC,0,1315382
furpa,0.5,1,1,GGGCTAACTCACGTTGGATG,0,1356308
furpa,0.5,1,1,GGGCGTGCACACAATGCCAT,0,1287518
furpa,0.5,1,1,GGGCGGGTGGAAAGGTTCAT,0,1284206
furpa,0.5,1,1,GGGCGGCGAAGTCAGGTAAT,0,1275474
furpa,0.5,1,1,GGGCGCACTGCTGTCATTGA,0,1277998
furpa,0.5,1,1,GGGCGAGTTTTTACGTTAGC,0,1307483
furpa,0.5,1,1,GGGCCTGCTAATAACGTCGC,0,1275040
furpa,0.5,1,1,GGGCCTCTGGTAGTTCAATC,0,1347846
furpa,0.5,1,1,GGGCCAGGCGTCCTGGCCCT,0,1285469
furpa,0.5,1,1,GGGCCAGGCGAAGCCGGACG,0,1280282
furpa,0.5,1,1,GGGCATTGATCACCGGCCGA,0,1333578
furpa,0.5,1,1,GGGCATTCCGTCATCTCGAT,0,1286192
furpa,0.5,1,1,GGGCATGGGTGGCCGTCTAC,0,1279520
furpa,0.5,1,1,GGGCAGGGATAATGTCAGCT,0,1283446
furpa,0.5,1,1,GGGATATTGTGGTATCCCTA,0,1302284
furpa,0.5,1,1,GGGATACGACCAACGAGGTC,0,1276176
furpa,0.5,1,1,GGGAGTGTAAGTGCCATCAA,0,1357152
furpa,0.5,1,1,GGGAGTACGATGACCACCCA,0,1351591
furpa,0.5,1,1,GGGAGGGGGTCGATCCTCCA,0,1275716
furpa,0.5,1,1,GGGAGGAGTTTACACACAAA,0,1277043
furpa,0.5,1,1,GGGACCGGCTCTGACGGAAG,0,1272627
furpa,0.5,1,1,GGGACATGCGCAGCCTTCGG,0,1272817
furpa,0.5,1,1,GGGACAATCGGTCATTAGGA,0,1321535
furpa,0.5,1,1,GGGAAGACTCACGCTTCGGG,0,1325060
furpa,0.5,1,1,GGGAACGACCCTTGACGCTA,0,1345741
furpa,0.5,1,1,GGGAACACATGTGGGGCGTC,0,1327057
furpa,0.5,1,1,GGGAAATCATATTAGTCAGG,0,1353375
furpa,0.5,1,1,GGGAAAAGCGACCAGCACAC,0,1285513
furpa,0.5,1,1,GGCTTGGACACGGTTTCAGC,0,1274501
furpa,0.5,1,1,GGCTTATGTTTACCTGTTTC,0,1330851
furpa,0.5,1,1,GGCTTATCGTTCAACATGCC,0,1290793
furpa,0.5,1,1,GGCTTAGTTTATAGAATGTC,0,1330942
furpa,0.5,1,1,GGCTTAGCCTTTAGTGGGAT,0,1326802
furpa,0.5,1,1,GGCTGGCCGAGTGAGGGTAT,0,1290847
furpa,0.5,1,1,GGCTCTTGCCTAGAGGTTTA,0,1289032
furpa,0.5,1,1,GGCTCGTTATTTCGCTCAGG,0,1347971
furpa,0.5,1,1,GGCTCCTTACTCGAATGTAA,0,1321681
furpa,0.5,1,1,GGCTCCAGCCCCGCCGAGGC,0,1334615
furpa,0.5,1,1,GGCTCATTCAACTGGGCTCC,0,1331481
furpa,0.5,1,1,GGCTATTGGTACGCTAGTAA,0,1352264
furpa,0.5,1,1,GGCTATGGCCGTCCGGAGGG,0,1297027
furpa,0.5,1,1,GGCTATAAATAGTCGATAAC,0,1323361
furpa,0.5,1,1,GGCTATAAATAGATTGGCGC,0,1273238
furpa,0.5,1,1,GGCTAGCACATTAAGCATCG,0,1300908
furpa,0.5,1,1,GGCTAAGTATGTATATGATG,0,1322219
furpa,0.5,1,1,GGCTAACCTGCAAGGGTTTT,0,1321798
furpa,0.5,1,1,GGCGTTTCCACTAGCAAACC,0,1352735
furpa,0.5,1,1,GGCGTTCGTGTATAGGACTC,0,1333612
furpa,0.5,1,1,GGCGTGTAGTGAGGCCAGCT,0,1277818
furpa,0.5,1,1,GGCGTGACTGGATCAGGACC,0,1326658
furpa,0.5,1,1,GGCGTGACGGGCCACAAGGT,0,1339888
furpa,0.5,1,1,GGCGTCGCGGTTGTCATCGC,0,1305850
furpa,0.5,1,1,GGCGTCCTCCCATGTCCGAG,0,1333757
furpa,0.5,1,1,GGCGGGATATACAAGTGTCC,0,1332704
furpa,0.5,1,1,GGCGGGACTTTTACGGTGAA,0,1317350
furpa,0.5,1,1,GGCGCGCTGGATGAATTGCC,0,1356927
furpa,0.5,1,1,GGCGCGCAGTACACAATGAT,0,1276308
furpa,0.5,1,1,GGCGCCGGCGCCTGAGTGCT,0,1347335
furpa,0.5,1,1,GGCGCCGGCACACGAAGTAA,0,1287260
furpa,0.5,1,1,GGCGCCACAATTACGAATTA,0,1341625
furpa,0.5,1,1,GGCGATTTCAGCGATCGAAA,0,1336909
furpa,0.5,1,1,GGCGATGGACATAGGTGGCC,0,1351178
furpa,0.5,1,1,GGCGATATTATGCGTGTAAG,0,1329901
furpa,0.5,1,1,GGCGACCTCGGTGCACCGGT,0,1320282
furpa,0.5,1,1,GGCGACACACAGGATAATAA,0,1319122
furpa,0.5,1,1,GGCCTGCTCCGTCCTGTAAA,0,1344058
furpa,0.5,1,1,GGCCTGCGGTAAGCGAACAT,0,1322251
furpa,0.5,1,1,GGCCTGCCAACTAATTTGAC,0,1350758
furpa,0.5,1,1,GGCCTCTACGAGACGCTTAT,0,1297890
furpa,0.5,1,1,GGCCTCGGCACAAGACCCTT,0,1334841
furpa,0.5,1,1,GGCCGTCCGTTGAATTGCCC,0,1274413
furpa,0.5,1,1,GGCCGGCAGCCTCAAATTGG,0,1273512
furpa,0.5,1,1,GGCCGCCTGTAGCGGGGCTC,0,1279525
furpa,0.5,1,1,GGCCGACATGTGAACCGACA,0,1272592
furpa,0.5,1,1,GGCCCTGGCGGGACCAGGTC,0,1282507
furpa,0.5,1,1,GGCCCTATATTACGGAAGGG,0,1302589
furpa,0.5,1,1,GGCCCGTCAATCAGATATCG,0,1332903
furpa,0.5,1,1,GGCCCGATAGGTTGTTCAGT,0,1313761
furpa,0.5,1,1,GGCCCACAGCCAGGCACTGC,0,1286860
furpa,0.5,1,1,GGCCCAAAAGCTGCACCTGT,0,1276056
furpa,0.5,1,1,GGCCATCGGGCTATAGGAGC,0,1346305
furpa,0.5,1,1,GGCCAGGTTATCCAGACATG,0,1306990
furpa,0.5,1,1,GGCCACTCGCAGTGACTATC,0,1285905
furpa,0.5,1,1,GGCCAAGGATATTTACGATT,0,1336391
furpa,0.5,1,1,GGCCAAGCGGCCTAACTCTT,0,1274352
furpa,0.5,1,1,GGCATTTAGCACGATTGGTA,0,1322191
furpa,0.5,1,1,GGCATTGGCCTCCTAGACCT,0,1333173
furpa,0.5,1,1,GGCATATGGAATGGAACAAC,0,1297294
furpa,0.5,1,1,GGCATACCCGTAAGATGTGA,0,1323368
furpa,0.5,1,1,GGCAGTTGCCAACAGGCACG,0,1340596
furpa,0.5,1,1,GGCAGTGTAGACTCGGATAT,0,1290920
furpa,0.5,1,1,GGCAGTCCCGATCACGCGGG,0,1295099
furpa,0.5,1,1,GGCAGTATTCTGTCATGAGG,0,1282606
furpa,0.5,1,1,GGCAGCTGGACCCGTCACCG,0,1340936
furpa,0.5,1,1,GGCAGACCTAAAACTTGAAG,0,1281652
furpa,0.5,1,1,GGCACGTCCAAGATAAATGA,0,1303723
furpa,0.5,1,1,GGCACAGATATAACCTGTTA,0,1343749
furpa,0.5,1,1,GGCACACGGGAACGCGCAGG,0,1299428
furpa,0.5,1,1,GGCAATCGGGCGACCTTTGC,0,1274565
furpa,0.5,1,1,GGCAAGTTGAACCGAGGGTC,0,1290295
furpa,0.5,1,1,GGCAAGCAAGGAGGCAAGAT,0,1271794
furpa,0.5,1,1,GGCAAATCGTCTCCAGATGA,0,1302771
furpa,0.5,1,1,GGCAAAAAAAGAAACCACCC,0,1315000
furpa,0.5,1,1,GGATTGTAGTCCGGTGCCCA,0,1291567
furpa,0.5,1,1,GGATTGAATATATACCGGAC,0,1301278
furpa,0.5,1,1,GGATTCTATTATCGTCTGTT,0,1354579
furpa,0.5,1,1,GGATTCGCAAGCGATATGAG,0,1354051
furpa,0.5,1,1,GGATTACAACCGGCGAGGTA,0,1290463
furpa,0.5,1,1,GGATGTCGAGGCGTACACAG,0,1328863
furpa,0.5,1,1,GGATGTAAGAAGATGGACAT,0,1324965
furpa,0.5,1,1,GGATGCAGTCCTGATAGTGT,0,1295551
furpa,0.5,1,1,GGATGCAGGGAAACCAGGGG,0,1282127
furpa,0.5,1,1,GGATGAACCTGTACCTCTCC,0,1320500
furpa,0.5,1,1,GGATCTCGGGGTCCATAGCG,0,1282721
furpa,0.5,1,1,GGATCTCGGCTGCTATGATG,0,1349434
furpa,0.5,1,1,GGATCGTTCCAACCTTCATA,0,1352640
furpa,0.5,1,1,GGATCGGCAATATTACGAGT,0,1295354
furpa,0.5,1,1,GGATCAGTATGGCGCTCGAA,0,1356364
furpa,0.5,1,1,GGATATGTTGTACCGGCACG,0,1319237
furpa,0.5,1,1,GGATATGATAGTTGATCCAC,0,1341516
furpa,0.5,1,1,GGATACGCGGCACAGTGCCG,0,1334406
furpa,0.5,1,1,GGATACGCGGAGCAGAACTT,0,1339419
furpa,0.5,1,1,GGATACCCAACTTTTGCGTC,0,1348993
furpa,0.5,1,1,GGATAATCTAGTAGTATTTT,0,1275451
furpa,0.5,1,1,GGATAAATAGGCAAAACCGG,0,1302400
furpa,0.5,1,1,GGAGTTGCTACGTTTGGCCG,0,1323241
furpa,0.5,1,1,GGAGTCGCCATTCCGCGATA,0,1301421
furpa,0.5,1,1,GGAGGTCTGAACCAGTGTCA,0,1318830
furpa,0.5,1,1,GGAGGTCGTCTCAGCAAAGG,0,1343051
furpa,0.5,1,1,GGAGGCTCTAATCATCGAAG,0,1331620
furpa,0.5,1,1,GGAGGCGGCCGTGCCTTGGT,0,1350550
furpa,0.5,1,1,GGAGGCCGGAAAGAGTATGC,0,1330658
furpa,0.5,1,1,GGAGGAGCTTATGACTTATT,0,1316898
furpa,0.5,1,1,GGAGCTAAGTTTTGCAATAC,0,1357068
furpa,0.5,1,1,GGAGAGTTTGAGACGCTGTT,0,1294242
furpa,0.5,1,1,GGAGAGGACAAAGAGTTATA,0,1328203
furpa,0.5,1,1,GGAGACGGTACCTCTGAATG,0,1310547
furpa,0.5,1,1,GGAGAATAAAAAGTTTTCAA,0,1298917
furpa,0.5,1,1,GGACTTTGCATCGTACAAAC,0,1293790
furpa,0.5,1,1,GGACTTTAAGCGAAACCAGT,0,1343661
furpa,0.5,1,1,GGACTTGACTCGAGGTAACT,0,1306210
furpa,0.5,1,1,GGACTTATTATTACAGATTG,0,1334041
furpa,0.5,1,1,GGACTGGTGTGGGATGGGGC,0,1331180
furpa,0.5,1,1,GGACTGCGAAGCCATCCTGT,0,1314719
furpa,0.5,1,1,GGACTGACTGATGGGACTTT,0,1301375
furpa,0.5,1,1,GGACGTTTAAGGACGCCGAT,0,1355879
furpa,0.5,1,1,GGACGTGCTAAATCCTACTA,0,1274273
furpa,0.5,1,1,GGACGCACCTTCTGGATAGG,0,1330080
furpa,0.5,1,1,GGACGACGGGTGAATTCACC,0,1287177
furpa,0.5,1,1,GGACGAATCGTTGCCGCCAA,0,1340066
furpa,0.5,1,1,GGACCTCTCGATTTGTTAGG,0,1304451
furpa,0.5,1,1,GGACCTCGCTGGATCCGACT,0,1316515
furpa,0.5,1,1,GGACCGTTTCATATTACAAT,0,1320753
furpa,0.5,1,1,GGACCGAGGCCTCCTAGTGG,0,1314008
furpa,0.5,1,1,GGACATATCGACAGGCCGAT,0,1292377
furpa,0.5,1,1,GGACATAGTATGCCCCGGGG,0,1315962
furpa,0.5,1,1,GGACATAATGGTTTAACAAA,0,1312727
furpa,0.5,1,1,GGACACGGGCAGAACGTTCC,0,1351152
furpa,0.5,1,1,GGACAAACAAAAGAAGACAG,0,1336745
furpa,0.5,1,1,GGAATGTTTTTAGTCCGAAA,0,1343009
furpa,0.5,1,1,GGAATGAGCTCATCCGGTTC,0,1337323
furpa,0.5,1,1,GGAATATCAATCTATGGGCA,0,1300275
furpa,0.5,1,1,GGAATAGTGCGGTTGCGAAT,0,1305643
furpa,0.5,1,1,GGAAGTGTCGATAAAGTTGT,0,1345186
furpa,0.5,1,1,GGAAGTGTAAAAAGTTGGAC,0,1327520
furpa,0.5,1,1,GGAAGGAATTGTAACCGCGG,0,1333975
furpa,0.5,1,1,GGAAGCTCGGATCTACCTAC,0,1331293
furpa,0.5,1,1,GGAAGAGATTGTGCAAATGG,0,1344212
furpa,0.5,1,1,GGAACTGGGTCCAGGTTACG,0,1307293
furpa,0.5,1,1,GGAACGGGATAAAATAAGTT,0,1337725
furpa,0.5,1,1,GGAACGGCGGTTATGGTAAT,0,1302376
furpa,0.5,1,1,GGAAATGTCCCTCAGAGCGG,0,1311870
furpa,0.5,1,1,GGAAATAGATTTTAAATAGT,0,1333396
furpa,0.5,1,1,GGAAAGAAGGTTACCCCTTG,0,1354343
furpa,0.5,1,1,GGAAACAAAGCATATATTGA,0,1285234
furpa,0.5,1,1,GCTTTTAGCTAGATGTAGAC,0,1332912
furpa,0.5,1,1,GCTTTGAGCTGTCCAGCCGA,0,1306486
furpa,0.5,1,1,GCTTTACCTGAGGAGACCGC,0,1350967
furpa,0.5,1,1,GCTTTAATAAGAACTTCCCC,0,1323744
furpa,0.5,1,1,GCTTGGTTTCCCGGACCGGA,0,1323310
furpa,0.5,1,1,GCTTGCACGTCAGTCATGAC,0,1352547
furpa,0.5,1,1,GCTTGAGGTCAAACATCAAT,0,1353333
furpa,0.5,1,1,GCTTCTGAACCGGGCAGGGG,0,1272330
furpa,0.5,1,1,GCTTCGAAGTCAAGCTCGAT,0,1329545
furpa,0.5,1,1,GCTTCCACGCTAGCGGTGTC,0,1354606
furpa,0.5,1,1,GCTTAGTATATCAGATGTAC,0,1283125
furpa,0.5,1,1,GCTTAGTATAAGTACAGCTC,0,1289210
furpa,0.5,1,1,GCTTACGTATGTCCATGGTG,0,1329815
furpa,0.5,1,1,GCTTACGGGCATTCACGGAC,0,1291619
furpa,0.5,1,1,GCTTAATTGGGGGTCCCATA,0,1301156
furpa,0.5,1,1,GCTTAAATGAAAGCGTTGTA,0,1306157
furpa,0.5,1,1,GCTGTTATGCTTTAAGCCCC,0,1292101
furpa,0.5,1,1,GCTGTGGCGGCAACAGGCCA,0,1319502
furpa,0.5,1,1,GCTGTCGTTTGTAACGAGAG,0,1283814
furpa,0.5,1,1,GCTGTCATCTTCAGATACAT,0,1343741
furpa,0.5,1,1,GCTGTCATAATGATCTGTAA,0,1328986
furpa,0.5,1,1,GCTGTCAGAGTCATCTAATA,0,1275503
furpa,0.5,1,1,GCTGTCAACTGTGGATGTAT,0,1328559
furpa,0.5,1,1,GCTGTACTCGAATAGGCCAC,0,1329098
furpa,0.5,1,1,GCTGTAAGTTTTAAATGACA,0,1292022
furpa,0.5,1,1,GCTGGTATGTGTTGTGTAGA,0,1355391
furpa,0.5,1,1,GCTGGGCCTAATAGGATAGT,0,1295025
furpa,0.5,1,1,GCTGGCACAAGTTAAAGCCG,0,1284679
furpa,0.5,1,1,GCTGCGAGACCTAGTGGCTT,0,1331921
furpa,0.5,1,1,GCTGCGAAGCGCGGTCGGGT,0,1312245
furpa,0.5,1,1,GCTGCCTAGCTCATTACATA,0,1298684
furpa,0.5,1,1,GCTGCATTAGCTCGGCCTAT,0,1321345
furpa,0.5,1,1,GCTGAGTAAGAAAGCGCTGA,0,1354303
furpa,0.5,1,1,GCTGAGAGAGCGTAGAGTAG,0,1297811
furpa,0.5,1,1,GCTGACAACCTGCAGTTTTT,0,1310092
furpa,0.5,1,1,GCTGAATCAAGTAGGACCGG,0,1287246
furpa,0.5,1,1,GCTCTTATTAACTCAACCTT,0,1277741
furpa,0.5,1,1,GCTCTCTAAAAATAAACATT,0,1331580
furpa,0.5,1,1,GCTCGTGGTCCTGCCACTGA,0,1348091
furpa,0.5,1,1,GCTCGTGATTGGAGGGTTGT,0,1343228
furpa,0.5,1,1,GCTCGGGTCGTCCAGTCACT,0,1326575
furpa,0.5,1,1,GCTCGGGCTGCCATGCGGGG,0,1276427
furpa,0.5,1,1,GCTCGCGTACGTCTGAACCT,0,1346958
furpa,0.5,1,1,GCTCGCATGCAATTCCTGGG,0,1290383
furpa,0.5,1,1,GCTCCCGTGACAATAACTTA,0,1316820
furpa,0.5,1,1,GCTCATTACTCCTTACTATT,0,1355956
furpa,0.5,1,1,GCTCACCGAGCAGAAATAGA,0,1278400
furpa,0.5,1,1,GCTCAAACGTTATTAGACTA,0,1328636
furpa,0.5,1,1,GCTATGGCGCAACAAGTTTG,0,1271546
furpa,0.5,1,1,GCTATGAGGCATCACGTGCC,0,1354567
furpa,0.5,1,1,GCTATGAAGTTAGTACAGCT,0,1339200
furpa,0.5,1,1,GCTATCGGCATTTTCCTGCA,0,1296997
furpa,0.5,1,1,GCTATCAGTGTGGGAGGTAC,0,1274706
furpa,0.5,1,1,GCTAGTGTGGGAAGCTATCA,0,1319555
furpa,0.5,1,1,GCTAGGTCGGACTCCGGATT,0,1347660
furpa,0.5,1,1,GCTAGGATGTGAGCTGGGGA,0,1282518
furpa,0.5,1,1,GCTAGCGGCTTACGTTTGAA,0,1289772
furpa,0.5,1,1,GCTAGCCTGCGAAATCAAGT,0,1340325
furpa,0.5,1,1,GCTACTTGCTGCTTGTCGGT,0,1284785
furpa,0.5,1,1,GCTACATGGCACTTGTAGAG,0,1289985
furpa,0.5,1,1,GCTACACATTTTTCGCAGAA,0,1342352
furpa,0.5,1,1,GCTAATCTTGCCTCTGAGAA,0,1272042
furpa,0.5,1,1,GCTAATCGAATGAGTTGAAT,0,1335541
furpa,0.5,1,1,GCTAAGTTCAAAGTGCGATC,0,1289986
furpa,0.5,1,1,GCTAAAAAGGTGACCAGTCC,0,1314544
furpa,0.5,1,1,GCGTTCTATCCCATGCGGGC,0,1351738
furpa,0.5,1,1,GCGTGTAGACAAAGGGGAGG,0,1340927
furpa,0.5,1,1,GCGTGGCCACTTGTCTCACG,0,1344327
furpa,0.5,1,1,GCGTGGATCGGAGAATTAAC,0,1331979
furpa,0.5,1,1,GCGTCGCGGGCTATTCAGGG,0,1275526
furpa,0.5,1,1,GCGTCCGTAGAACGACTCTG,0,1295321
furpa,0.5,1,1,GCGTCCCGCGCCCGGGCCCA,0,1295905
furpa,0.5,1,1,GCGTCAATGCCCTTATCTGC,0,1335751
furpa,0.5,1,1,GCGGTTCTCGTGAAGGTCAG,0,1300698
furpa,0.5,1,1,GCGGTTCGTCAGATGTGTTT,0,1308692
furpa,0.5,1,1,GCGGTGGTTCTAAGCTTACT,0,1297136
furpa,0.5,1,1,GCGGTGGCAGTATCGATCCC,0,1284214
furpa,0.5,1,1,GCGGTCTCGAGCAGAGTTGT,0,1333443
furpa,0.5,1,1,GCGGTCGAAAGCAGTGTAAG,0,1322156
furpa,0.5,1,1,GCGGGTAGATCAGTAGTCCA,0,1311951
furpa,0.5,1,1,GCGGGGTTCTAGTTAATACA,0,1285770
furpa,0.5,1,1,GCGGGAACGTACTGATTTTA,0,1304723
furpa,0.5,1,1,GCGGCTGGACGTGTGACTGC,0,1295911
furpa,0.5,1,1,GCGGCTAGCGGTGCGTATCA,0,1326553
furpa,0.5,1,1,GCGGCGGCAGCTGGTTCTGA,0,1320755
furpa,0.5,1,1,GCGGCGATTCTAACGAAGAA,0,1297706
furpa,0.5,1,1,GCGGCAGAGTATCGCACCTC,0,1307553
furpa,0.5,1,1,GCGGAGACCCGAAGAGGAAT,0,1316747
furpa,0.5,1,1,GCGCTTTGTGGCAGTGTATG,0,1326486
furpa,0.5,1,1,GCGCTTCGCGATTGGTCTTG,0,1282207
furpa,0.5,1,1,GCGCTGTCTGACTGGAAAAT,0,1332923
furpa,0.5,1,1,GCGCTCCGGATTGTATATAT,0,1276269
furpa,0.5,1,1,GCGCTCATCATACAAAGACA,0,1335999
furpa,0.5,1,1,GCGCGGTCCGCTACCACTGC,0,1348682
furpa,0.5,1,1,GCGCGGCGAACCCCCGTCCC,0,1305460
furpa,0.5,1,1,GCGCGGACCTGTACCCACCG,0,1319814
furpa,0.5,1,1,GCGCGCGCCATTTGACTCCC,0,1345554
furpa,0.5,1,1,GCGCGCCGTCTTGCACGCGT,0,1315466
furpa,0.5,1,1,GCGCGATGAGCTAATCAGAG,0,1300781
furpa,0.5,1,1,GCGCGAGGGGTACCAATGGA,0,1302203
furpa,0.5,1,1,GCGCCCCAAGACGTTTATCG,0,1275949
furpa,0.5,1,1,GCGCAGGCGCCGACCTGCAC,0,1343242
furpa,0.5,1,1,GCGCAGCAGCGGCTTTAGGA,0,1296640
furpa,0.5,1,1,GCGCAATCCGAACTCTTTTT,0,1288690
furpa,0.5,1,1,GCGCAAGCGGGGCTAATCGT,0,1339222
furpa,0.5,1,1,GCGCAAGAGACGAGAACATG,0,1312731
furpa,0.5,1,1,GCGATGGGCCGCGACTACTA,0,1295088
furpa,0.5,1,1,GCGATCGCGCCATTTGCGCA,0,1287955
furpa,0.5,1,1,GCGATCCTTCTTAATGGCAA,0,1296591
furpa,0.5,1,1,GCGATCCAATAAAAGCAGAG,0,1273181
furpa,0.5,1,1,GCGAGCGAATATGTATATGC,0,1314963
furpa,0.5,1,1,GCGAGAGTAGCACACAGGAA,0,1293769
furpa,0.5,1,1,GCGAGAGGATTGTACCGGCC,0,1357588
furpa,0.5,1,1,GCGAGAAGGACTATAGGTAG,0,1315361
furpa,0.5,1,1,GCGACGCATAGTGACTGCTA,0,1309534
furpa,0.5,1,1,GCGACCTCAAGGACCCCGTA,0,1282876
furpa,0.5,1,1,GCGACATGCTTTCCGACGGT,0,1353102
furpa,0.5,1,1,GCGACAGCGGGACATAGACA,0,1336070
furpa,0.5,1,1,GCGAATGGGTAAACCGGATA,0,1272507
furpa,0.5,1,1,GCGAATCACAGCATTGTGTG,0,1278477
furpa,0.5,1,1,GCCTTGGACGTCCGACATAA,0,1315240
furpa,0.5,1,1,GCCTTCCTTTTTACCTCAGA,0,1316536
furpa,0.5,1,1,GCCTGTAATCTAATTGAGTA,0,1331428
furpa,0.5,1,1,GCCTGGCCTAGTGGCTTATT,0,1344202
furpa,0.5,1,1,GCCTGCATCTAGCACTGAGA,0,1353634
furpa,0.5,1,1,GCCTGCACATAGTATCCGTC,0,1350897
furpa,0.5,1,1,GCCTGAGGGAAATAATGAAT,0,1316821
furpa,0.5,1,1,GCCTCCGAAACCCGATCATC,0,1326189
furpa,0.5,1,1,GCCTATATAGGATCCATGAT,0,1326050
furpa,0.5,1,1,GCCTAGCGCAAACCGTCGTT,0,1352550
furpa,0.5,1,1,GCCTAGATTTATCGCCAAAG,0,1296939
furpa,0.5,1,1,GCCTAGAGTACGACCGACAG,0,1299876
furpa,0.5,1,1,GCCTAGACTTTATACCGAGA,0,1295319
furpa,0.5,1,1,GCCTACCACATGATGATCGA,0,1333890
furpa,0.5,1,1,GCCTAATGATAGGGAGGCGA,0,1340832
furpa,0.5,1,1,GCCGTTGAGTCGGAAACCTG,0,1356686
furpa,0.5,1,1,GCCGTGTTGAATAACCACTG,0,1272086
furpa,0.5,1,1,GCCGTGACCCCGTATTACTT,0,1344624
furpa,0.5,1,1,GCCGTCTATGGTGCCACATC,0,1315667
furpa,0.5,1,1,GCCGTCCTTACGCGCCGTAC,0,1342832
furpa,0.5,1,1,GCCGTAATCAGTACCGTAGA,0,1282243
furpa,0.5,1,1,GCCGGTCGAGTATGAGATTA,0,1315871
furpa,0.5,1,1,GCCGGTAAGCTCGGTCCACG,0,1279968
furpa,0.5,1,1,GCCGGGTGCGAAGTTTGAGA,0,1321731
furpa,0.5,1,1,GCCGGGGTTGACGGTAGAAC,0,1344872
furpa,0.5,1,1,GCCGGGGTCATAAGATGGAC,0,1336485
furpa,0.5,1,1,GCCGGGGGGTGAGGCGATAT,0,1309411
furpa,0.5,1,1,GCCGGCTCTGAGCTCATCAG,0,1276981
furpa,0.5,1,1,GCCGGACGGCTCCTCCGGGT,0,1273996
furpa,0.5,1,1,GCCGCGTCTTTATGGTTATG,0,1343856
furpa,0.5,1,1,GCCGCGTCAACGTCGATGAA,0,1326043
furpa,0.5,1,1,GCCGCGCTGTTGACGATTAA,0,1286845
furpa,0.5,1,1,GCCGCGAGGGTCTAGTGCGG,0,1299861
furpa,0.5,1,1,GCCGCCCTATGAGTCGATAC,0,1353205
furpa,0.5,1,1,GCCGCCATGGAGATCATATT,0,1298180
furpa,0.5,1,1,GCCGCAGCCCTAGCATTTAC,0,1351343
furpa,0.5,1,1,GCCGCACTGGTGACGCAACA,0,1303244
furpa,0.5,1,1,GCCGATGAACCCACTGCGTA,0,1282882
furpa,0.5,1,1,GCCGATCATAGACAGCTGTT,0,1307322
furpa,0.5,1,1,GCCGAGGGGACCCGCAACAG,0,1291152
furpa,0.5,1,1,GCCGACCAGCGTACCGCTAC,0,1275307
furpa,0.5,1,1,GCCGAATCGATGTTGTCACC,0,1309654
furpa,0.5,1,1,GCCCGTGCTGCGTACGGAGC,0,1343516
furpa,0.5,1,1,GCCCGTGAGCACTAGCGGGA,0,1327686
furpa,0.5,1,1,GCCCGTATCTTTGCTAAAAC,0,1318232
furpa,0.5,1,1,GCCCGGTAATCTGGAGTAAT,0,1334476
furpa,0.5,1,1,GCCCGGACAGTTGTCTGCGG,0,1304255
furpa,0.5,1,1,GCCCGGAAACGTCTCTTCCT,0,1306556
furpa,0.5,1,1,GCCCGACCGGATGCACCACA,0,1345535
furpa,0.5,1,1,GCCCCTACGCATAAATTCCT,0,1351485
furpa,0.5,1,1,GCCCCTACCGTAACTGATCT,0,1352094
furpa,0.5,1,1,GCCCCGATAATGCTCAATGT,0,1331095
furpa,0.5,1,1,GCCCCCGTTCGGCGGAGACC,0,1311865
furpa,0.5,1,1,GCCCCATCTAACTGCAAGTG,0,1283736
furpa,0.5,1,1,GCCCATCCAAAATATACAAG,0,1294482
furpa,0.5,1,1,GCCCAGGCTATGGCAAGCGT,0,1322836
furpa,0.5,1,1,GCCCACTCGCTCTCACGAAT,0,1281727
furpa,0.5,1,1,GCCCACTCGCCAGCTATACC,0,1317232
furpa,0.5,1,1,GCCCACGGCACATCGATGGA,0,1285101
furpa,0.5,1,1,GCCATTAGTCATGGACAATG,0,1276480
furpa,0.5,1,1,GCCATTAGATCCTTTAATTC,0,1314222
furpa,0.5,1,1,GCCATGATCCAGATCAGTAA,0,1299001
furpa,0.5,1,1,GCCATATTCCGGCCTACCCA,0,1342779
furpa,0.5,1,1,GCCATAGGTTATTGCTCAAA,0,1303932
furpa,0.5,1,1,GCCAGTATGAAAAGATGATT,0,1329096
furpa,0.5,1,1,GCCAGGTAAGGCCGCCAAAA,0,1278987
furpa,0.5,1,1,GCCAGCGCCGCGAAGAGGAC,0,1349672
furpa,0.5,1,1,GCCAGAGGAGTGGGGCAGTA,0,1294717
furpa,0.5,1,1,GCCAGAGCAATGGCTCTTCA,0,1284667
furpa,0.5,1,1,GCCACTCTCGCGAGAGTCAC,0,1310706
furpa,0.5,1,1,GCCACGCATCACGTGAGGTA,0,1289441
furpa,0.5,1,1,GCCACGACCGTAGGCCGACA,0,1272239
furpa,0.5,1,1,GCCACACCACTTCATTAGAA,0,1325029
furpa,0.5,1,1,GCCAATAAGTAGGCTGAATC,0,1345147
furpa,0.5,1,1,GCCAAGGATCTCTAGAACCA,0,1324407
furpa,0.5,1,1,GCCAACAGGTTGTTCGTTGG,0,1304677
furpa,0.5,1,1,GCATTTTAACGTTAACCGTT,0,1322505
furpa,0.5,1,1,GCATTTCCAGTGAAATACTT,0,1330062
furpa,0.5,1,1,GCATTGTCGTACTCACCCGT,0,1332908
furpa,0.5,1,1,GCATTACGCCCAAGAAGATC,0,1315151
furpa,0.5,1,1,GCATGTTTATAGCGGAATGC,0,1303868
furpa,0.5,1,1,GCATGTCCTCATCCGGATGA,0,1353252
furpa,0.5,1,1,GCATGCTCTGAAATCGTGAA,0,1277930
furpa,0.5,1,1,GCATGCCGTTTGCATGGAGT,0,1318621
furpa,0.5,1,1,GCATGCCCCCACGCTCACAT,0,1296456
furpa,0.5,1,1,GCATCTATAAGAAGGCATGT,0,1316900
furpa,0.5,1,1,GCATCGAGGAGTGGAGACTC,0,1342081
furpa,0.5,1,1,GCATCCCTCCCGTCGCAGCC,0,1320573
furpa,0.5,1,1,GCATATTCAGTTTCGCAAAA,0,1273629
furpa,0.5,1,1,GCATATTATCGAGTTATCGA,0,1315914
furpa,0.5,1,1,GCATATCTTAGTCTACAAGG,0,1320507
furpa,0.5,1,1,GCATAGGTCCCGAGGTGCCT,0,1314715
furpa,0.5,1,1,GCAGTTGAGGGGACCCTGTA,0,1340529
furpa,0.5,1,1,GCAGTTAATAAGACTATGGT,0,1331967
furpa,0.5,1,1,GCAGTGGGGTACACGGTGTA,0,1312773
furpa,0.5,1,1,GCAGTCTGGCTGTTGACCGA,0,1329918
furpa,0.5,1,1,GCAGTAGTGTGCGGATGTTA,0,1284552
furpa,0.5,1,1,GCAGTACTGCCTAGGAGGGG,0,1272500
furpa,0.5,1,1,GCAGGGTGTCCCGTGCATTT,0,1331642
furpa,0.5,1,1,GCAGGGTCTGGTTTAACGTA,0,1271868
furpa,0.5,1,1,GCAGGCGGTCCCCCAACGGA,0,1347501
furpa,0.5,1,1,GCAGGCGCGCTTTTGACCAC,0,1335334
furpa,0.5,1,1,GCAGGCACGAGCTTCAAGAA,0,1273234
furpa,0.5,1,1,GCAGGCAAGCATGCGTACAT,0,1326865
furpa,0.5,1,1,GCAGCGCGACTCTCTCTTCG,0,1343483
furpa,0.5,1,1,GCAGCGAGTGGCACCGTCCT,0,1279599
furpa,0.5,1,1,GCAGCCATCTTTTATGTTCC,0,1294749
furpa,0.5,1,1,GCAGACAGGTCGTCCGGTCC,0,1308559
furpa,0.5,1,1,GCAGAAGACACGAGAACGGG,0,1298820
furpa,0.5,1,1,GCACTTAGATATTGCATCAT,0,1357074
furpa,0.5,1,1,GCACTTACTAACACGTGTGA,0,1277667
furpa,0.5,1,1,GCACTATGCAGCTTAAACAA,0,1284474
furpa,0.5,1,1,GCACTAAAAAGAGTGCGCTG,0,1334873
furpa,0.5,1,1,GCACGTGCGGATCGTAAACT,0,1281123
furpa,0.5,1,1,GCACGGGCAGCAACCCAGGG,0,1295548
furpa,0.5,1,1,GCACGGCTTTATTCTTCGAA,0,1330030
furpa,0.5,1,1,GCACGGCGATCGGAGTTCGT,0,1299926
furpa,0.5,1,1,GCACGCGCTTCCACAAACCG,0,1331801
furpa,0.5,1,1,GCACGAAGCGCATTGGTTTG,0,1351300
furpa,0.5,1,1,GCACCTACATACACTGTAAA,0,1341530
furpa,0.5,1,1,GCACCGGGCTGTGTGCGTCA,0,1296541
furpa,0.5,1,1,GCACCGAGACTCTCCCATAG,0,1305258
furpa,0.5,1,1,GCACCCATCCCCCTGTGATG,0,1296698
furpa,0.5,1,1,GCACAGGTATTCATGTTCTA,0,1304552
furpa,0.5,1,1,GCACACTCCTTACTGACATG,0,1279050
furpa,0.5,1,1,GCACACGAGGCCTCCACTAT,0,1348998
furpa,0.5,1,1,GCACAACGTCTTCGGACGGA,0,1337037
furpa,0.5,1,1,GCAATTTCGAAGAATCAGGG,0,1298107
furpa,0.5,1,1,GCAATTGGTTTTGGTCACGT,0,1284676
furpa,0.5,1,1,GCAATTCCCGGTGATCCAAC,0,1286215
furpa,0.5,1,1,GCAATGTAGATATGGGTAAT,0,1299481
furpa,0.5,1,1,GCAATACCCGGAAGTCTGCG,0,1356284
furpa,0.5,1,1,GCAATACCCGACCTCGGCTG,0,1336661
furpa,0.5,1,1,GCAATAAACTCGATGTGATT,0,1299135
furpa,0.5,1,1,GCAAGCGAGGTCATACTACG,0,1313519
furpa,0.5,1,1,GCAAGAACTAGCATCCCCGT,0,1272458
furpa,0.5,1,1,GCAACGTGCGGGACACCAAT,0,1310923
furpa,0.5,1,1,GCAACCACATCATCACCCGT,0,1313741
furpa,0.5,1,1,GCAACATTGCTAAGGGGACA,0,1325226
furpa,0.5,1,1,GCAACAGAAAGAAAGTCCCG,0,1273092
furpa,0.5,1,1,GCAACAAACACCGCTCGGTA,0,1312654
furpa,0.5,1,1,GCAAATTACACTTAAGCCGG,0,1326007
furpa,0.5,1,1,GCAAATATGATTGGATCGTG,0,1299118
furpa,0.5,1,1,GCAAATATAATATTCGATAA,0,1318978
furpa,0.5,1,1,GCAAACCGGCACGTTGATAA,0,1313643
furpa,0.5,1,1,GCAAAAGTAATCAGTAGTTA,0,1350483
furpa,0.5,1,1,GCAAAACGCTACTCGTGTAT,0,1319339
furpa,0.5,1,1,GATTTTTCGCCTTCAACAAG,0,1319642
furpa,0.5,1,1,GATTTTCTTTTAACGGGGAT,0,1274575
furpa,0.5,1,1,GATTTGTCGGTTCGTTCATA,0,1288685
furpa,0.5,1,1,GATTTGCCTATCCGACGAAA,0,1310158
furpa,0.5,1,1,GATTTGCAGAGTCGCGATTA,0,1291803
furpa,0.5,1,1,GATTTATCCAGCCTGGATGA,0,1286098
furpa,0.5,1,1,GATTGTTCAGGGGAGGGCAC,0,1290752
furpa,0.5,1,1,GATTGTATGGGAGTGCGATT,0,1294519
furpa,0.5,1,1,GATTGGTCTAACGAGTAACA,0,1327235
furpa,0.5,1,1,GATTGGGGTCGTGCTACGCT,0,1296338
furpa,0.5,1,1,GATTGGCGTGTAGGGGTGGA,0,1342173
furpa,0.5,1,1,GATTGGATGACCTAACTCCA,0,1326822
furpa,0.5,1,1,GATTCTATATAAGGCTTCTC,0,1327572
furpa,0.5,1,1,GATTCGTGCACGGCATTCAG,0,1276193
furpa,0.5,1,1,GATTCGCGGTGTGATTTTGG,0,1284014
furpa,0.5,1,1,GATTCATGGTAGGCGTGAAC,0,1293466
furpa,0.5,1,1,GATTCATAGTAAGAAGATTT,0,1274046
furpa,0.5,1,1,GATTATAAGGGATTCGGTTT,0,1301324
furpa,0.5,1,1,GATTAATGGTCGCAAGGATC,0,1319549
furpa,0.5,1,1,GATGTTTATGAAATACTCAT,0,1301378
furpa,0.5,1,1,GATGTGTGCTGCCTAATTAA,0,1279878
furpa,0.5,1,1,GATGGGTATGGTTTGTGGTG,0,1347687
furpa,0.5,1,1,GATGGCCGATATGTTATGGT,0,1284335
furpa,0.5,1,1,GATGCTCAAGAGCCAACGAA,0,1345802
furpa,0.5,1,1,GATGCGTACTATGGGTTATG,0,1310231
furpa,0.5,1,1,GATGCCCCGTTAGTAAGTAA,0,1318295
furpa,0.5,1,1,GATGCAGAGTACACCCGATG,0,1335168
furpa,0.5,1,1,GATGCAAGACCGTGGGCTGG,0,1318768
furpa,0.5,1,1,GATGAGGGTCGCTTCGAGCA,0,1354864
furpa,0.5,1,1,GATGAGAGTAGGCAACTTTT,0,1327642
furpa,0.5,1,1,GATGAGACACCCCACACTAC,0,1354844
furpa,0.5,1,1,GATGACGGGGTACCAATTGA,0,1345611
furpa,0.5,1,1,GATGACGCACGCTTTGGGCT,0,1288804
furpa,0.5,1,1,GATGACCTTCTGGGGTAAGC,0,1350085
furpa,0.5,1,1,GATGACATATCATCAAAGGA,0,1295976
furpa,0.5,1,1,GATCTTTGACTTGACAGGAG,0,1277453
furpa,0.5,1,1,GATCTTGTGCGTAGAGGTAC,0,1294340
furpa,0.5,1,1,GATCTCGGGCGTCGCACGCT,0,1326495
furpa,0.5,1,1,GATCTCGCGGGGAAATGAAT,0,1346476
furpa,0.5,1,1,GATCGGGTCCCCCGCACGGG,0,1350811
furpa,0.5,1,1,GATCGCCTCGTCGTCTGCTC,0,1315418
furpa,0.5,1,1,GATCGACTAACCGTAGTCCT,0,1308143
furpa,0.5,1,1,GATCGAACCTTGCCGGAGGG,0,1292229
furpa,0.5,1,1,GATCCCTATGATCCCGGGTA,0,1342724
furpa,0.5,1,1,GATCCCAGTGATCTCGATCA,0,1318254
furpa,0.5,1,1,GATCCATCGAGAATTCGGAT,0,1288873
furpa,0.5,1,1,GATCCAGTTGCGACCTGTCC,0,1279185
furpa,0.5,1,1,GATCCAGTGGTACGAGGGAA,0,1331985
furpa,0.5,1,1,GATCCACTCCATAACTAAAC,0,1300303
furpa,0.5,1,1,GATCCAAACCCTAGGCGCTT,0,1314454
furpa,0.5,1,1,GATCATGCAACGCATTGTTG,0,1306076
furpa,0.5,1,1,GATCACCGGGGAGCGCGTGA,0,1321362
furpa,0.5,1,1,GATCAATCCCACTCCGGCGG,0,1337878
furpa,0.5,1,1,GATCAAGACGCTATGGGCCT,0,1316399
furpa,0.5,1,1,GATATGTTCTGGTCGCCCCT,0,1343229
furpa,0.5,1,1,GATATGGCGCGCGGTAGATA,0,1342862
furpa,0.5,1,1,GATATGATGCGGTTTAAGGT,0,1295867
furpa,0.5,1,1,GATATCCGACTCTCTTCCCG,0,1334609
furpa,0.5,1,1,GATAGTTAAGGCGTCTACTG,0,1328049
furpa,0.5,1,1,GATAGTCTATGACTATTGGG,0,1319500
furpa,0.5,1,1,GATACGCCTGGGGCTGGGGG,0,1278877
furpa,0.5,1,1,GATACCCTAGGAGAACCAAT,0,1277118
furpa,0.5,1,1,GATACATAGTCGTCGAGTTA,0,1312366
furpa,0.5,1,1,GATAAGGAGTATACGCCCGA,0,1327451
furpa,0.5,1,1,GATAAAGTGGGAGTAACACT,0,1288607
furpa,0.5,1,1,GAGTTGGGTCGAGACAAACT,0,1279245
furpa,0.5,1,1,GAGTTGCCCTACCGGCTTCC,0,1341653
furpa,0.5,1,1,GAGTTACATGCGTCCAACCA,0,1296373
furpa,0.5,1,1,GAGTGTATTGTGCTAGACGA,0,1275521
furpa,0.5,1,1,GAGTGATGTGCCATGATCAT,0,1338641
furpa,0.5,1,1,GAGTCTGCGCTAGGTCCCCT,0,1340244
furpa,0.5,1,1,GAGTCTATATTTCGATTCAC,0,1336593
furpa,0.5,1,1,GAGTCGTCGATGACTCCGAC,0,1333775
furpa,0.5,1,1,GAGTCGAACAACGAAGGGTA,0,1301908
furpa,0.5,1,1,GAGTATGAGAATGGGTTTCT,0,1299648
furpa,0.5,1,1,GAGTATCAACGACCTGCTAC,0,1348560
furpa,0.5,1,1,GAGTAGTGAGTGTAACCCAA,0,1277816
furpa,0.5,1,1,GAGTAGGCTTCAACTGCTTG,0,1338579
furpa,0.5,1,1,GAGTAGGCTCAATTGCGAGG,0,1307142
furpa,0.5,1,1,GAGGTTTGATCTCTATTAAA,0,1343463
furpa,0.5,1,1,GAGGTTCTGCTTCCACATCT,0,1339280
furpa,0.5,1,1,GAGGTTCCGGAGGTCTCCAT,0,1326834
furpa,0.5,1,1,GAGGTTAATAAGGACAAGTA,0,1276587
furpa,0.5,1,1,GAGGCTCCGCTGATTGTGCT,0,1282525
furpa,0.5,1,1,GAGGCGTGTAGTGGACTGTA,0,1310463
furpa,0.5,1,1,GAGGCGTGCTACCGGCCATA,0,1344348
furpa,0.5,1,1,GAGGCAGACACCTGTTCCGT,0,1318223
furpa,0.5,1,1,GAGGCAAAGTGATAAAAGAC,0,1352444
furpa,0.5,1,1,GAGGAATCATGGGAGCTGTG,0,1275077
furpa,0.5,1,1,GAGCTGTCCTGACTAACATG,0,1302816
furpa,0.5,1,1,GAGCTGGAATTCAGGAACTT,0,1346508
furpa,0.5,1,1,GAGCTCGTTACCTTGTGAAA,0,1298782
furpa,0.5,1,1,GAGCTACGTTGACGAAGGGA,0,1327628
furpa,0.5,1,1,GAGCGGTTCCGAAACACTAG,0,1320693
furpa,0.5,1,1,GAGCGGCTGGGAAGCCGGCT,0,1280505
furpa,0.5,1,1,GAGCGGATCCTTATGCAAAG,0,1279645
furpa,0.5,1,1,GAGCCGTGCTAAATATCGGG,0,1299668
furpa,0.5,1,1,GAGCCCGCCAAGCGTAATGG,0,1285157
furpa,0.5,1,1,GAGCAGGTGAATTCAGTGCC,0,1307130
furpa,0.5,1,1,GAGCAGGATTCCCCGAGGGG,0,1341242
furpa,0.5,1,1,GAGCAGATTCTCTATGGGTG,0,1314116
furpa,0.5,1,1,GAGATTGGACGTTTCCCCGC,0,1291706
furpa,0.5,1,1,GAGATTCAATTTGCGCTCAT,0,1302929
furpa,0.5,1,1,GAGATCTATTTTTGACATTT,0,1336516
furpa,0.5,1,1,GAGATACGATCGCATGGTAA,0,1297460
furpa,0.5,1,1,GAGAGTGTTTTCGGCGGGGC,0,1351293
furpa,0.5,1,1,GAGAGTGATAGATTTAGGGA,0,1320427
furpa,0.5,1,1,GAGAGGTATAATAGTCGGCG,0,1298777
furpa,0.5,1,1,GAGAGGGCCAATCTCGTGTG,0,1300482
furpa,0.5,1,1,GAGAGGGAGTAAGGTCATGT,0,1277753
furpa,0.5,1,1,GAGAGCCTGGTATCTCGTCG,0,1271610
furpa,0.5,1,1,GAGAGAACAAGTACCTCGAG,0,1328925
furpa,0.5,1,1,GAGAGAAAGATCCGGTTACG,0,1337494
furpa,0.5,1,1,GAGACTTTAGCTCCAGGCAT,0,1305268
furpa,0.5,1,1,GAGACCTTTTGAGCGCACCC,0,1298274
furpa,0.5,1,1,GAGAAACTCGCTACGGGGCG,0,1340576
furpa,0.5,1,1,GACTTTCGGCACCGGTTGGT,0,1309443
furpa,0.5,1,1,GACTTTATCTAGATTATGAC,0,1333762
furpa,0.5,1,1,GACTTATGTGATTAAGCGTG,0,1275584
furpa,0.5,1,1,GACTTAGATCAGGTGTCAAT,0,1344514
furpa,0.5,1,1,GACTGTTTTTCAACCTGTTA,0,1354854
furpa,0.5,1,1,GACTGGTCACAGAGTTAGTG,0,1325074
furpa,0.5,1,1,GACTGGGTCATACTGGATCG,0,1310368
furpa,0.5,1,1,GACTGGCCAGCAAACCTCGA,0,1310966
furpa,0.5,1,1,GACTGCTAAACCGGGCATAC,0,1304969
furpa,0.5,1,1,GACTGCGGGAGTCCTCTGCC,0,1309196
furpa,0.5,1,1,GACTGCACCGGGGATCCCTC,0,1299573
furpa,0.5,1,1,GACTGATCATAAAATGACTC,0,1329931
furpa,0.5,1,1,GACTCTTTAAGCGTTAAATC,0,1325738
furpa,0.5,1,1,GACTCGTTACCAGGCGAGCG,0,1276989
furpa,0.5,1,1,GACTCGACGTAATAGTGCTA,0,1277566
furpa,0.5,1,1,GACTCGAACGTACAGGAGCG,0,1287075
furpa,0.5,1,1,GACTATGTTATGTTTTGGCC,0,1355929
furpa,0.5,1,1,GACTAGGTTACTGTTATTCT,0,1351146
furpa,0.5,1,1,GACTACCCCAACATATCTCA,0,1293115
furpa,0.5,1,1,GACTAACATTGACCGCTCTC,0,1329013
furpa,0.5,1,1,GACGTTCCGGGAAACTGCTG,0,1338001
furpa,0.5,1,1,GACGTGAGTTTCGGTACAAT,0,1318331
furpa,0.5,1,1,GACGTGAAATACCTCAGTTT,0,1314774
furpa,0.5,1,1,GACGTAATAATGCGAAGTGT,0,1341434
furpa,0.5,1,1,GACGTAAAATAGACTTTATG,0,1354286
furpa,0.5,1,1,GACGGTCGCCCCTGTTTCAG,0,1283882
furpa,0.5,1,1,GACGGGGATAGTGAATGTGT,0,1309062
furpa,0.5,1,1,GACGGATCTATGCACAAACA,0,1331998
furpa,0.5,1,1,GACGCGTGGGGATTGAGCAA,0,1350095
furpa,0.5,1,1,GACGCGCCAAGAACCCGGTA,0,1314220
furpa,0.5,1,1,GACGCGACCCCTCTTAGGAT,0,1297572
furpa,0.5,1,1,GACGAGGAAACGGTAGACTC,0,1355331
furpa,0.5,1,1,GACGAGAATTTGGACGGTAT,0,1290782
furpa,0.5,1,1,GACGACGTGGTATCCGCTGT,0,1352078
furpa,0.5,1,1,GACGAAATGCTCCCGTAACG,0,1341899
furpa,0.5,1,1,GACCTTTATATGAACCGACA,0,1308221
furpa,0.5,1,1,GACCGTCAACGAAATTTCGT,0,1298915
furpa,0.5,1,1,GACCGACGATGCGTTCCTTT,0,1313614
furpa,0.5,1,1,GACCCGTTTCGCGCAAAGAT,0,1289913
furpa,0.5,1,1,GACCCGTCCACAGGCTCAGA,0,1339364
furpa,0.5,1,1,GACCCCGGTGACAAGGACCG,0,1302955
furpa,0.5,1,1,GACCAGTGCCCCGTGAGTGA,0,1351131
furpa,0.5,1,1,GACCACCAATGCAGAAATAA,0,1288203
furpa,0.5,1,1,GACATGGCAAGTCGATAATG,0,1291796
furpa,0.5,1,1,GACAGCTTAACCATCGGTTA,0,1275587
furpa,0.5,1,1,GACAGCGGGTAGTACAGAGA,0,1299394
furpa,0.5,1,1,GACAGCCCGATAGGTACTGC,0,1324685
furpa,0.5,1,1,GACAGATCGCCGAAGTGGCA,0,1287600
furpa,0.5,1,1,GACAGAGGACGTTGTCGGTA,0,1347796
furpa,0.5,1,1,GACAAGTTCCGTGTATCGAG,0,1333965
furpa,0.5,1,1,GAATTTTGATCACGGAGTGG,0,1310898
furpa,0.5,1,1,GAATTTAGAGCCCATCACTC,0,1307221
furpa,0.5,1,1,GAATTGGGGGCACCTGCTAA,0,1306336
furpa,0.5,1,1,GAATTCGGCTAGTGACGTAG,0,1309091
furpa,0.5,1,1,GAATTCCGCTGTTATAATAA,0,1293950
furpa,0.5,1,1,GAATTAGGAATGTTCTTAAC,0,1284933
furpa,0.5,1,1,GAATTAACATACATTTGGCG,0,1305798
furpa,0.5,1,1,GAATTAAATTAGAGCGAGCG,0,1332715
furpa,0.5,1,1,GAATGGGGGGCGTGTTCAAG,0,1305509
furpa,0.5,1,1,GAATGGCTGTATTAGATCCC,0,1302204
furpa,0.5,1,1,GAATGGATATGGTGTGATAA,0,1288868
furpa,0.5,1,1,GAATGCTGAGGGGTGAAATC,0,1279288
furpa,0.5,1,1,GAATGCAACTTTCGCGTATC,0,1305362
furpa,0.5,1,1,GAATGAAAGTGTATCATGGC,0,1282302
furpa,0.5,1,1,GAATCTGCGCGGCCGGCAGC,0,1289374
furpa,0.5,1,1,GAATCTCGCCATCTTGAGAC,0,1299193
furpa,0.5,1,1,GAATCCACTATGTCCATGTT,0,1283173
furpa,0.5,1,1,GAATCCAATGGAGTAGACTG,0,1354656
furpa,0.5,1,1,GAATAGGTCTCCTGGGCCAT,0,1356478
furpa,0.5,1,1,GAATAGGGAGGTGGTGGAGG,0,1321633
furpa,0.5,1,1,GAATACTTCAGCCTTTTCCG,0,1327499
furpa,0.5,1,1,GAATACTGGCGATTTGCACG,0,1288155
furpa,0.5,1,1,GAAGTGCATTTTTGGTGTAA,0,1318423
furpa,0.5,1,1,GAAGTGCAACCTGGCTTACT,0,1337907
furpa,0.5,1,1,GAAGTCTGATGAGTATTAGC,0,1328119
furpa,0.5,1,1,GAAGTACGACGATGTAGCGA,0,1280959
furpa,0.5,1,1,GAAGGTCGCTGCAAGCTTTT,0,1348436
furpa,0.5,1,1,GAAGGGTATTAACGTGTCGG,0,1338888
furpa,0.5,1,1,GAAGGCTTCCAGCTATTCAG,0,1327158
furpa,0.5,1,1,GAAGGCTCCGTGTTAAGCCA,0,1351109
furpa,0.5,1,1,GAAGGCATCAGGGGGAAAGG,0,1298990
furpa,0.5,1,1,GAAGCTGTCAGGACCGAGAT,0,1326186
furpa,0.5,1,1,GAAGCATCGCCCTGACGGGG,0,1285315
furpa,0.5,1,1,GAAGCAAGATACCGCGACTC,0,1286302
furpa,0.5,1,1,GAAGATGTGGCAGCGGGAAA,0,1277432
furpa,0.5,1,1,GAAGACTGTTTAACTACGGG,0,1341262
furpa,0.5,1,1,GAAGACCGAGATAGTACTAC,0,1284839
furpa,0.5,1,1,GAAGAACAAGTCTCAAAGAA,0,1348765
furpa,0.5,1,1,GAACTGAAATCTCGTTTTCT,0,1272747
furpa,0.5,1,1,GAACTCATTGTACAACCTGT,0,1333428
furpa,0.5,1,1,GAACTACCCGGTATCGACCG,0,1315918
furpa,0.5,1,1,GAACGGTTCCGTACCTTTAG,0,1343207
furpa,0.5,1,1,GAACGAGGTTGATCCCAAAA,0,1353576
furpa,0.5,1,1,GAACCGATGCTACGAGATAC,0,1286144
furpa,0.5,1,1,GAACCATGAGCGGGAGGCGT,0,1309741
furpa,0.5,1,1,GAACCAGCGGTCAGTGGCTG,0,1297295
furpa,0.5,1,1,GAACCACAAGTCGCCTAGGA,0,1333232
furpa,0.5,1,1,GAACAGCGGAATCGACCTCA,0,1311247
furpa,0.5,1,1,GAACACGCGGTCGCTTTTTC,0,1327848
furpa,0.5,1,1,GAACACGCGAAAGAGTGGAC,0,1353749
furpa,0.5,1,1,GAACACATGTGTGGTTTTGT,0,1285029
furpa,0.5,1,1,GAACAATCAAAGCGTGGTAT,0,1312827
furpa,0.5,1,1,GAACAACGCTTGGCAATGTG,0,1333743
furpa,0.5,1,1,GAAATTCAGATCTCAGGTTT,0,1350588
furpa,0.5,1,1,GAAATATGCGGCGTACGATC,0,1283749
furpa,0.5,1,1,GAAATACCGTTAGTCTCGCT,0,1351999
furpa,0.5,1,1,GAAAGTGGTTTTTTGGTTGG,0,1311826
furpa,0.5,1,1,GAAAGTCATCTGTTGTACTC,0,1305083
furpa,0.5,1,1,GAAAGTAACCGGGAGCATCT,0,1298577
furpa,0.5,1,1,GAAAGGGAAGTTAAAACGTA,0,1341726
furpa,0.5,1,1,GAAAGGGAAAATGACCATTA,0,1333977
furpa,0.5,1,1,GAAAGATACCAGTCAAGTCT,0,1305475
furpa,0.5,1,1,GAAAGAGATCAATCCAAACG,0,1305975
furpa,0.5,1,1,GAAAGAAGCCGTTACTTAAA,0,1299114
furpa,0.5,1,1,GAAACCAGTGAGAAGCTAAT,0,1299571
furpa,0.5,1,1,GAAAATACCTCAGTGGACCC,0,1296679
furpa,0.5,1,1,GAAAACTACCCACGCTGAAT,0,1305048
furpa,0.5,1,1,CTTTTGTCGGTTCCGGTAAA,0,1291455
furpa,0.5,1,1,CTTTTGGGTATGGCGCCGAG,0,1306718
furpa,0.5,1,1,CTTTTAGCCGTTAAACGATG,0,1326227
furpa,0.5,1,1,CTTTTAAAAGGTGCGGCGAA,0,1349790
furpa,0.5,1,1,CTTTGGGGCATTACGTGGGG,0,1348676
furpa,0.5,1,1,CTTTGGGAGTATCGGATCAG,0,1276295
furpa,0.5,1,1,CTTTGGCGTACCTGTTCCTA,0,1303314
furpa,0.5,1,1,CTTTGAGGGACGGCGCCCTC,0,1335155
furpa,0.5,1,1,CTTTCTTGCGTCCTCAAGCC,0,1276191
furpa,0.5,1,1,CTTTCGTAGCAATCCGGTGG,0,1331404
furpa,0.5,1,1,CTTTCGGCAATCAAGAGCTG,0,1344243
furpa,0.5,1,1,CTTTCCCGCGGGTCACGGCC,0,1311162
furpa,0.5,1,1,CTTTCACTACTTTGACCTAC,0,1356175
furpa,0.5,1,1,CTTTAGTATGTTATAGTGCA,0,1276061
furpa,0.5,1,1,CTTTACCATTTTGGCCATAT,0,1286291
furpa,0.5,1,1,CTTTAATTATCATGGCGTAC,0,1322956
furpa,0.5,1,1,CTTGTTAGGGCCAGGTAGCA,0,1288484
furpa,0.5,1,1,CTTGTGTTAGTGGGTGGCTA,0,1284743
furpa,0.5,1,1,CTTGTGTGTGAGATGTACTA,0,1321203
furpa,0.5,1,1,CTTGTGGTTTACAGCCGCCT,0,1349882
furpa,0.5,1,1,CTTGTCCGTCGCGAAGACCA,0,1313218
furpa,0.5,1,1,CTTGTAGTGTGACAATTTCA,0,1317245
furpa,0.5,1,1,CTTGTAGATTGAATATTAAT,0,1308690
furpa,0.5,1,1,CTTGGTTCGATGCTCCCACG,0,1297899
furpa,0.5,1,1,CTTGGGCTGGAATATGTAGA,0,1337015
furpa,0.5,1,1,CTTGGATATCTTGGTCAACT,0,1306004
furpa,0.5,1,1,CTTGGACGACACGCCGCAAT,0,1306287
furpa,0.5,1,1,CTTGGAAGACCAGACAACTG,0,1303267
furpa,0.5,1,1,CTTGCCTCTCGATGTCGTTT,0,1319039
furpa,0.5,1,1,CTTGATGAGCGGACGAACAA,0,1276329
furpa,0.5,1,1,CTTGAGGTTTGAATCATTTA,0,1309120
furpa,0.5,1,1,CTTGACTTTAGGAACAAAGG,0,1298721
furpa,0.5,1,1,CTTGACAGGGTTAGATGGGT,0,1293633
furpa,0.5,1,1,CTTGAAGGTAGGTGTGGGAG,0,1274341
furpa,0.5,1,1,CTTGAAGCGGCACCCCCCTT,0,1295632
furpa,0.5,1,1,CTTGAACATTTATGTTGGCA,0,1278269
furpa,0.5,1,1,CTTCTGCTCGGTGGCCCGCA,0,1275107
furpa,0.5,1,1,CTTCTCGGCCCAGTACGATT,0,1291375
furpa,0.5,1,1,CTTCTCATGGTGGGTCAGTG,0,1308631
furpa,0.5,1,1,CTTCTACGGCGTACTCTTGC,0,1304815
furpa,0.5,1,1,CTTCTACGGCGATCGGACAC,0,1300611
furpa,0.5,1,1,CTTCTACGACCCGTAAAGAT,0,1272737
furpa,0.5,1,1,CTTCGCGCTGGGATCATGTT,0,1342696
furpa,0.5,1,1,CTTCGATACGATCCAGCGGT,0,1320901
furpa,0.5,1,1,CTTCGACCCTGTGCGTCCTG,0,1310748
furpa,0.5,1,1,CTTCGACCCAGCGCCTTATG,0,1354810
furpa,0.5,1,1,CTTCGAAGGCCGGACTTGGT,0,1320033
furpa,0.5,1,1,CTTCGAAGGAGGTCAAGCAT,0,1336483
furpa,0.5,1,1,CTTCGAAATAGCTTCGCAGA,0,1349622
furpa,0.5,1,1,CTTCCTTGATATAAGGTGAG,0,1319126
furpa,0.5,1,1,CTTCCGGACATAGGAAGCAG,0,1316162
furpa,0.5,1,1,CTTCCATTTGCACTAGACTC,0,1303265
furpa,0.5,1,1,CTTCATCACACGGGTCGCAT,0,1291122
furpa,0.5,1,1,CTTCAGGGTATTAATTTATA,0,1339766
furpa,0.5,1,1,CTTCAGGCAAGAATGAAAGC,0,1300340
furpa,0.5,1,1,CTTCACTGGACTGCATGTAT,0,1357109
furpa,0.5,1,1,CTTCACAACCGTCTTCATGC,0,1319841
furpa,0.5,1,1,CTTCAATTTCGGGGAAGTCA,0,1338373
furpa,0.5,1,1,CTTCAAGCCCAGGTATATGT,0,1322843
furpa,0.5,1,1,CTTATTCATTTCCATACATC,0,1290420
furpa,0.5,1,1,CTTATTAAACCATTTGCCTA,0,1289319
furpa,0.5,1,1,CTTATCGTCCCTTAGGGAGT,0,1321642
furpa,0.5,1,1,CTTATCCCATGTTGTCAAGG,0,1353250
furpa,0.5,1,1,CTTAGGGGCTTATGTTTTGT,0,1309825
furpa,0.5,1,1,CTTAGCCTTCTTCGTATTTT,0,1346528
furpa,0.5,1,1,CTTACTCAGCGGTGACGATT,0,1348060
furpa,0.5,1,1,CTTACGGTGTCTTTAAAATG,0,1353923
furpa,0.5,1,1,CTTACGACCTTGGTGAACTA,0,1290709
furpa,0.5,1,1,CTTACCTTGTCGCACACGAC,0,1297186
furpa,0.5,1,1,CTTACATCTCTGAAAAATAA,0,1293487
furpa,0.5,1,1,CTTAATGGCTTAGTTGCGGT,0,1285043
furpa,0.5,1,1,CTTAAGTGCCCGCTCATGCA,0,1326911
furpa,0.5,1,1,CTTAACGTGGCGCGCGTCGT,0,1295347
furpa,0.5,1,1,CTTAACCAGCAAAATCAGGG,0,1342341
furpa,0.5,1,1,CTTAACATTTTGGAGAATTT,0,1327744
furpa,0.5,1,1,CTTAACAGCGTGCGGAGGAT,0,1335328
furpa,0.5,1,1,CTTAACACGACCATGCACAT,0,1271866
furpa,0.5,1,1,CTGTTGTTTTTCATTTACAC,0,1275596
furpa,0.5,1,1,CTGTTGTGAGTCGGTTGTGA,0,1312082
furpa,0.5,1,1,CTGTGTCAACATGGCAACGC,0,1333925
furpa,0.5,1,1,CTGTGTAAGGTTCGCTTTCA,0,1343357
furpa,0.5,1,1,CTGTGCACGCGGTCCCTTTC,0,1345769
furpa,0.5,1,1,CTGTGAACGAGACCTTAATC,0,1317572
furpa,0.5,1,1,CTGTCTAGGGGCGGGGCGCC,0,1293760
furpa,0.5,1,1,CTGTCGCGGGCGTTTGCTCC,0,1341331
furpa,0.5,1,1,CTGTCATGCATTCGAACGGT,0,1315120
furpa,0.5,1,1,CTGTAGTATAAACTCCTCAA,0,1292064
furpa,0.5,1,1,CTGTAGGGGACACTTACATA,0,1337403
furpa,0.5,1,1,CTGTAGCCCGATCAGACGAC,0,1356734
furpa,0.5,1,1,CTGTAGCAAGGGGTTGTGTC,0,1321527
furpa,0.5,1,1,CTGTAAGGTTCGGTGCATCC,0,1308773
furpa,0.5,1,1,CTGTAAGCGTTTCTTGGACA,0,1292828
furpa,0.5,1,1,CTGTAAGCAAATTCTGTGTT,0,1333998
furpa,0.5,1,1,CTGGTTGTAGGCGATAGTCA,0,1300286
furpa,0.5,1,1,CTGGTTGATTTTCTGTTCTA,0,1330703
furpa,0.5,1,1,CTGGTTGAGGGGGTGCCAGC,0,1320078
furpa,0.5,1,1,CTGGTTCTTTTAACTTTGAA,0,1279386
furpa,0.5,1,1,CTGGTTCTATAGGGATGGGG,0,1341270
furpa,0.5,1,1,CTGGTGTCACATTTGCCAAT,0,1303287
furpa,0.5,1,1,CTGGTATCGGATCGTAAATA,0,1353082
furpa,0.5,1,1,CTGGGTTTGTTGGTGGCGAA,0,1282714
furpa,0.5,1,1,CTGGGTTAAAGGTGGGCTTT,0,1346915
furpa,0.5,1,1,CTGGGTCCGTGAATCTTTGG,0,1340182
furpa,0.5,1,1,CTGGGTCAGCGAGCGGAGGT,0,1275594
furpa,0.5,1,1,CTGGGGTCTTGCCAGGGACT,0,1285849
furpa,0.5,1,1,CTGGGGTCCCCTAGGTCCAC,0,1276358
furpa,0.5,1,1,CTGGGAGCTTAGACTTTGAG,0,1349173
furpa,0.5,1,1,CTGGCAGTAGTTCCATTACA,0,1352239
furpa,0.5,1,1,CTGGCACCGTCCACAGGTAT,0,1318915
furpa,0.5,1,1,CTGGATCACATAATGAATTT,0,1273089
furpa,0.5,1,1,CTGGATATTAAATAAAGCAT,0,1300113
furpa,0.5,1,1,CTGGAGGTTAGAGTTTTAGG,0,1346445
furpa,0.5,1,1,CTGGACATGGGAATGTTTTG,0,1302888
furpa,0.5,1,1,CTGGAACGCAAAGGGCAATT,0,1281284
furpa,0.5,1,1,CTGGAAAACTACTTAACCTC,0,1276559
furpa,0.5,1,1,CTGCTTACCCACTATTTTGG,0,1295210
furpa,0.5,1,1,CTGCTGGCAAGATTACATGA,0,1331495
furpa,0.5,1,1,CTGCGTGTGAACCCGGCGGG,0,1288598
furpa,0.5,1,1,CTGCGTCGCAGCTTCCTTAT,0,1273437
furpa,0.5,1,1,CTGCGCGGACGACAGTCCAC,0,1336004
furpa,0.5,1,1,CTGCGCCGTGCTCTGTGAAT,0,1329604
furpa,0.5,1,1,CTGCGACGTGCGTGTAACGG,0,1328867
furpa,0.5,1,1,CTGCCTGCGGGATCTTACCC,0,1280031
furpa,0.5,1,1,CTGCCCGAACTACCCAGCTA,0,1282845
furpa,0.5,1,1,CTGCCCGAAATTTGTACGCC,0,1341460
furpa,0.5,1,1,CTGCCCCTGCTCAGCAATTG,0,1335989
furpa,0.5,1,1,CTGCATTGCGTTTCACACTT,0,1290277
furpa,0.5,1,1,CTGCAGAACCCCTACCAGAC,0,1340346
furpa,0.5,1,1,CTGATTCGGCTGTGGGAAAT,0,1323590
furpa,0.5,1,1,CTGATGTTCAAAGAACAGGG,0,1281338
furpa,0.5,1,1,CTGATGAGTGAAGAATGGCT,0,1356298
furpa,0.5,1,1,CTGAGTGATAGCTCTCGGTC,0,1339183
furpa,0.5,1,1,CTGAGTCTAACATCACGAGC,0,1293478
furpa,0.5,1,1,CTGAGGCGTCAAAGCAGTCA,0,1327374
furpa,0.5,1,1,CTGAGGACGGCTGGTGCACC,0,1336190
furpa,0.5,1,1,CTGAGACTTAGTTTGACAGG,0,1330002
furpa,0.5,1,1,CTGAGACGTTTGTGATGACC,0,1350319
furpa,0.5,1,1,CTGACTGCACACAACTTAAT,0,1322337
furpa,0.5,1,1,CTGACGATCCTGTTGCTGAA,0,1356065
furpa,0.5,1,1,CTGAATTCGTAAATCTTAAG,0,1347853
furpa,0.5,1,1,CTCTTGTGAGAAAAGTATTC,0,1288106
furpa,0.5,1,1,CTCTTGCTCCTAGGTTACTA,0,1288008
furpa,0.5,1,1,CTCTTCTCGGATTTTGACGT,0,1299586
furpa,0.5,1,1,CTCTTCATAGGGGAGAAAAC,0,1276304
furpa,0.5,1,1,CTCTTCAGAGGACGGTGCCT,0,1335929
furpa,0.5,1,1,CTCTGTGAAAAAAGTAGTTT,0,1311215
furpa,0.5,1,1,CTCTGCTTGCATCTAAGAAG,0,1318535
furpa,0.5,1,1,CTCTGAGACCGTAATTACTG,0,1311017
furpa,0.5,1,1,CTCTCTTGAGCTAGACGTCG,0,1297373
furpa,0.5,1,1,CTCTCCTTCGTAGTGAACGC,0,1340866
furpa,0.5,1,1,CTCTCCGTGATAATGTGAGT,0,1304021
furpa,0.5,1,1,CTCTCAGAATAATAAGAGAT,0,1276320
furpa,0.5,1,1,CTCTATGGTCAGGTAAACGG,0,1355688
furpa,0.5,1,1,CTCTATCAAAGTGGAGGTAT,0,1290703
furpa,0.5,1,1,CTCTAGCAGAGTTTGCATAG,0,1325924
furpa,0.5,1,1,CTCTACCATAGCCTTCCGGA,0,1302557
furpa,0.5,1,1,CTCGTTCTTCGTAGGGGTTT,0,1278718
furpa,0.5,1,1,CTCGTGTAGAGCACAGGAAG,0,1327010
furpa,0.5,1,1,CTCGTACGTAAACGCGCTTA,0,1302392
furpa,0.5,1,1,CTCGGGTTAGTCCATATGCA,0,1310028
furpa,0.5,1,1,CTCGGGCCGTCAAATCGGAA,0,1333882
furpa,0.5,1,1,CTCGGGACCGATATAGAATT,0,1316675
furpa,0.5,1,1,CTCGGCAGGCGCTGATAATA,0,1337269
furpa,0.5,1,1,CTCGGATCGTTTTATCGCTG,0,1342703
furpa,0.5,1,1,CTCGGATATATGGCCCCCTG,0,1284893
furpa,0.5,1,1,CTCGGACCCTCAATGGTCGT,0,1354245
furpa,0.5,1,1,CTCGCCCCTTGTCTGACCCC,0,1313307
furpa,0.5,1,1,CTCGCACTAAAACCCCCACA,0,1271424
furpa,0.5,1,1,CTCGCACGACACGCAGCAAA,0,1281888
furpa,0.5,1,1,CTCGAGTGTGCGCCTGATGC,0,1293225
furpa,0.5,1,1,CTCGACCGGCCCAGCTACGG,0,1318739
furpa,0.5,1,1,CTCGACAATCCCTCCGCTGC,0,1315441
furpa,0.5,1,1,CTCGAAATGAGGGGTCCCGG,0,1330646
furpa,0.5,1,1,CTCCTTGACGGGTCAACAAT,0,1298788
furpa,0.5,1,1,CTCCTCATTAGGGAGCTGCT,0,1323171
furpa,0.5,1,1,CTCCTAGGGAGGGTCGCTGG,0,1345728
furpa,0.5,1,1,CTCCGGGAGGTGTGTAGCTG,0,1357163
furpa,0.5,1,1,CTCCGGAGCTATATATGCAG,0,1310584
furpa,0.5,1,1,CTCCGCGACAACGGGTCACC,0,1323894
furpa,0.5,1,1,CTCCGATTACAAGGGCACCG,0,1292576
furpa,0.5,1,1,CTCCGAGTATTACGCGGCGG,0,1274348
furpa,0.5,1,1,CTCCCTGCGCGTATGGACTT,0,1315450
furpa,0.5,1,1,CTCCCGATTGGAGGCGTTCC,0,1284631
furpa,0.5,1,1,CTCCCAGTGTGTCCAATGCG,0,1290642
furpa,0.5,1,1,CTCCATTTAGTAAAGCGCCT,0,1342294
furpa,0.5,1,1,CTCCATTCCCATGGACACCC,0,1273077
furpa,0.5,1,1,CTCCATTACACCAACGATCA,0,1344499
furpa,0.5,1,1,CTCCACTTCCGTCAGCACTT,0,1311828
furpa,0.5,1,1,CTCCACCATATCGCTTCCAA,0,1332079
furpa,0.5,1,1,CTCCAAATCAGGTAATATTC,0,1287295
furpa,0.5,1,1,CTCCAAAGCGACACGAAGTT,0,1345132
furpa,0.5,1,1,CTCATTCCGATCCCGTAGTG,0,1275460
furpa,0.5,1,1,CTCATGTGAAACATCCGGGT,0,1334444
furpa,0.5,1,1,CTCATGCAGGGCGTGTTTGG,0,1273337
furpa,0.5,1,1,CTCATCGGGGAACATATCAA,0,1302020
furpa,0.5,1,1,CTCATCAGGCTAATCGCGAG,0,1344146
furpa,0.5,1,1,CTCAGGGCGGATGGTCCTAC,0,1320158
furpa,0.5,1,1,CTCAGGCCCCAAGCGTCTTG,0,1290157
furpa,0.5,1,1,CTCAGGACCCCACCAAAGTC,0,1328761
furpa,0.5,1,1,CTCAGCTTCAGTCACACATT,0,1316057
furpa,0.5,1,1,CTCACTTTCAAGTGCCGATA,0,1299133
furpa,0.5,1,1,CTCACTCCCGGAGTGGGTAA,0,1280213
furpa,0.5,1,1,CTCACGTGTATTGTTGAAGG,0,1353269
furpa,0.5,1,1,CTCACGGTGTCTTAGTTCGG,0,1331619
furpa,0.5,1,1,CTCACGCTAAGCTCTTAACA,0,1283116
furpa,0.5,1,1,CTCACGCAAGCGGCATGTCC,0,1322352
furpa,0.5,1,1,CTCACAGGGCTAAGGCGTAC,0,1336641
furpa,0.5,1,1,CTCAATGCTGAATTGTGACT,0,1308542
furpa,0.5,1,1,CTCAATGCCATAGTACTCCT,0,1296852
furpa,0.5,1,1,CTCAAGGGGATTTATTCAAA,0,1340381
furpa,0.5,1,1,CTCAACGTTATTCTAGTAGA,0,1334101
furpa,0.5,1,1,CTCAACGATCCCGCGGCCCC,0,1272717
furpa,0.5,1,1,CTCAAAGGTCGGTTCACGAC,0,1288470
furpa,0.5,1,1,CTATTTGCCACGTCGCTATC,0,1281403
furpa,0.5,1,1,CTATTTAAGATATCCACCTG,0,1351496
furpa,0.5,1,1,CTATTGATCGTAGACCATTA,0,1293851
furpa,0.5,1,1,CTATTCTATGTGATAGTTTG,0,1294065
furpa,0.5,1,1,CTATGCTGTGTGAAGGCGTT,0,1312665
furpa,0.5,1,1,CTATGAGTCATATCGGAGAT,0,1356679
furpa,0.5,1,1,CTATGAAGAATGTACAGGAT,0,1332409
furpa,0.5,1,1,CTATCTATTTTCATGAAGGT,0,1322934
furpa,0.5,1,1,CTATCGGTCGGCGGCCTGAA,0,1350950
furpa,0.5,1,1,CTATCCCAAGTACTCACGTC,0,1339976
furpa,0.5,1,1,CTATCAAATTCTTTTAGTAC,0,1327922
furpa,0.5,1,1,CTATATTCGAAAACGAAGGA,0,1339609
furpa,0.5,1,1,CTATAGCTAACGTCAAAAGA,0,1306428
furpa,0.5,1,1,CTATAGAGTCGCGCATCCCT,0,1294451
furpa,0.5,1,1,CTATAAGGACTGACCTGCAG,0,1274255
furpa,0.5,1,1,CTATAACCCATCTCTCATCA,0,1305505
furpa,0.5,1,1,CTATAACAGAATTGACTAGG,0,1346260
furpa,0.5,1,1,CTAGTCTCTTGGGTGCCGGC,0,1295455
furpa,0.5,1,1,CTAGTATCACTGTAGAAGAT,0,1272101
furpa,0.5,1,1,CTAGGTGAATACTGATCTAC,0,1331852
furpa,0.5,1,1,CTAGGGGCTTAACGGACTCA,0,1278712
furpa,0.5,1,1,CTAGGGCACTATACATCGGA,0,1350753
furpa,0.5,1,1,CTAGGCCGTAGTGAATAAGC,0,1283161
furpa,0.5,1,1,CTAGGATAGCCAGTTCTCCA,0,1330854
furpa,0.5,1,1,CTAGGAGTGATTCTACCGGT,0,1280194
furpa,0.5,1,1,CTAGGAAGCATTTAACAGGC,0,1304182
furpa,0.5,1,1,CTAGCTTTGTTAGATATCTA,0,1283548
furpa,0.5,1,1,CTAGCTGGGACCTGCTTATG,0,1271907
furpa,0.5,1,1,CTAGCCGGTATCCTGCTAAG,0,1294718
furpa,0.5,1,1,CTAGCCAGCTCAGCTCGGTG,0,1303883
furpa,0.5,1,1,CTAGATAAAGCCGATACCTC,0,1325132
furpa,0.5,1,1,CTAGAGGGGCGGGCGTCTGA,0,1328356
furpa,0.5,1,1,CTACTTGTCTTTGGTAAGTC,0,1329995
furpa,0.5,1,1,CTACTTAATCGTTTCGTTAA,0,1305760
furpa,0.5,1,1,CTACTGTTGTACGACGTAAC,0,1296367
furpa,0.5,1,1,CTACTGGCGCGCCCGGCGAG,0,1279670
furpa,0.5,1,1,CTACTGGACCCGCGGGAGAT,0,1338884
furpa,0.5,1,1,CTACTGCATGTGCTGACCGC,0,1335604
furpa,0.5,1,1,CTACTCGGCCGGGTCGTAAG,0,1350776
furpa,0.5,1,1,CTACTCCAAACTTGGGCCGA,0,1282245
furpa,0.5,1,1,CTACGTGGGCTTATGGTTTC,0,1308767
furpa,0.5,1,1,CTACGGTCTCCAACTGCTTG,0,1295541
furpa,0.5,1,1,CTACGGTCCCGGCAAGGAGC,0,1335572
furpa,0.5,1,1,CTACGCGTTTGAGAGAAGGA,0,1329518
furpa,0.5,1,1,CTACGCCACAACCCTCGTCC,0,1291371
furpa,0.5,1,1,CTACCTTTACTAGATAGGCC,0,1346619
furpa,0.5,1,1,CTACCGATTCCGTCTAAGAT,0,1356472
furpa,0.5,1,1,CTACCACCGCGACTTCTAGG,0,1288909
furpa,0.5,1,1,CTACATTGGGGCGGAAGATG,0,1354820
furpa,0.5,1,1,CTACATGGGCCGATGCCGCA,0,1320431
furpa,0.5,1,1,CTACAATTCAAGTGACGCCG,0,1293128
furpa,0.5,1,1,CTACAACCAGACAGACTTCT,0,1311323
furpa,0.5,1,1,CTAATTGAGAGTAGACTCGG,0,1322952
furpa,0.5,1,1,CTAATTCATATGGTGGTACT,0,1280229
furpa,0.5,1,1,CTAATTCAGCCTTTAAGGAA,0,1279287
furpa,0.5,1,1,CTAATGTCCGAGGGATCGTG,0,1352224
furpa,0.5,1,1,CTAATATGTCAGTTAGCTTA,0,1333899
furpa,0.5,1,1,CTAATACAAGTTATCGGTTT,0,1305405
furpa,0.5,1,1,CTAATAATCCAAATTGAGGC,0,1274804
furpa,0.5,1,1,CTAAGTTTGTTTGTAAGATA,0,1338282
furpa,0.5,1,1,CTAAGGTGGGAGACGGCATC,0,1343910
furpa,0.5,1,1,CTAAGCTTTCTAGGAATAGG,0,1336956
furpa,0.5,1,1,CTAAGCCAGGTGGGATACAA,0,1301039
furpa,0.5,1,1,CTAACTTTGAATGTGTTAAC,0,1293279
furpa,0.5,1,1,CTAACTTCGACCGTATTGGC,0,1307419
furpa,0.5,1,1,CTAACTGCGCTCACCCCTAG,0,1285490
furpa,0.5,1,1,CTAACGTTGAAGAGGTAAGG,0,1332310
furpa,0.5,1,1,CTAACCATTATCGGGGATAG,0,1300991
furpa,0.5,1,1,CTAACCAAGCAATGCCGGAG,0,1285489
furpa,0.5,1,1,CTAACCAACCACTAGCCCTA,0,1284595
furpa,0.5,1,1,CTAAATCTAGAGTCAACCCC,0,1286908
furpa,0.5,1,1,CTAAACCCCTCACCCTGGCT,0,1345390
furpa,0.5,1,1,CTAAACACAGGCTTCGTATA,0,1328238
furpa,0.5,1,1,CTAAAACAAAACTCTTAATT,0,1335723
furpa,0.5,1,1,CGTTTGTATGCCAGTTTAGT,0,1350822
furpa,0.5,1,1,CGTTTGCGCAATATTCGTGA,0,1321193
furpa,0.5,1,1,CGTTTAATTGCCAATTGACC,0,1307188
furpa,0.5,1,1,CGTTGTGAGATGGATTGTGG,0,1304120
furpa,0.5,1,1,CGTTGTCTGGGGCGCTGCTA,0,1348664
furpa,0.5,1,1,CGTTGTAGATGAGAGCGTGG,0,1305737
furpa,0.5,1,1,CGTTCGGTAGACTGTAATAA,0,1305265
furpa,0.5,1,1,CGTTCATTGCGTGAGCATCT,0,1349548
furpa,0.5,1,1,CGTTCATAGAAGGGCGTCCG,0,1340560
furpa,0.5,1,1,CGTTCAGTACCATTGTGAGG,0,1310053
furpa,0.5,1,1,CGTTCAGATCGTGATGCCAC,0,1304909
furpa,0.5,1,1,CGTTCACTACCCGACATCGG,0,1304444
furpa,0.5,1,1,CGTTATATCGAGGAATCACA,0,1284175
furpa,0.5,1,1,CGTTATAGTTGAAGAAGGGT,0,1305747
furpa,0.5,1,1,CGTTATAAATTCACCCCACA,0,1332853
furpa,0.5,1,1,CGTTATAAAGTTTTCGGCTG,0,1280906
furpa,0.5,1,1,CGTTAGTAGTAGGGTCCTTC,0,1326065
furpa,0.5,1,1,CGTTAGGTCGTACCCTAAAG,0,1328881
furpa,0.5,1,1,CGTTAGGCCGAAGTTTGCTC,0,1286711
furpa,0.5,1,1,CGTTAGGCATCATAGCGGAT,0,1298099
furpa,0.5,1,1,CGTTACACGTTACTCCAGCA,0,1285296
furpa,0.5,1,1,CGTTAATTCAAGGCAAATGT,0,1272454
furpa,0.5,1,1,CGTTAATGTAAGGGACATTC,0,1299436
furpa,0.5,1,1,CGTGTTAAACAACGTTTATC,0,1319689
furpa,0.5,1,1,CGTGTGTTTAGTTGTAACGT,0,1339428
furpa,0.5,1,1,CGTGTCAGAGCTATCAAGGT,0,1271608
furpa,0.5,1,1,CGTGTATACAAGTTAATAAT,0,1318390
furpa,0.5,1,1,CGTGGTTTCATTGGAATCGT,0,1315504
furpa,0.5,1,1,CGTGGGGCATTGGACACACT,0,1273331
furpa,0.5,1,1,CGTGGCGGACCAACATAATA,0,1281880
furpa,0.5,1,1,CGTGCTGTGGGAGCGGAACA,0,1274653
furpa,0.5,1,1,CGTGCCTCCTACTGTGGGAG,0,1287653
furpa,0.5,1,1,CGTGCCTAGTGCGTAACCTT,0,1330387
furpa,0.5,1,1,CGTGCCACTTATCACAGGAC,0,1311076
furpa,0.5,1,1,CGTGCATATAATTAGACAAT,0,1312908
furpa,0.5,1,1,CGTGCAACTAATAGTTGGTC,0,1323279
furpa,0.5,1,1,CGTGATGGTTTAGGTGTGAT,0,1349806
furpa,0.5,1,1,CGTGAGTTATATCGCCATAG,0,1302894
furpa,0.5,1,1,CGTGAGAGTGCATAGGGCGG,0,1334252
furpa,0.5,1,1,CGTGACTGTTAAGTACGCAA,0,1337560
furpa,0.5,1,1,CGTGACTGAATAAAGACGCC,0,1296189
furpa,0.5,1,1,CGTGACCAATGTAGGTGCTC,0,1352087
furpa,0.5,1,1,CGTGACACGGTGAGCAGGAA,0,1298164
furpa,0.5,1,1,CGTGAATAGCGAGGGGCACA,0,1295722
furpa,0.5,1,1,CGTGAAAAAAGATATTCCCG,0,1271249
furpa,0.5,1,1,CGTCTGTGACGGGGGTAACA,0,1305246
furpa,0.5,1,1,CGTCTCGATCCGGATATCCA,0,1298438
furpa,0.5,1,1,CGTCTATTGTTTCAATTTAA,0,1346349
furpa,0.5,1,1,CGTCTACTTAGTATAGTCCC,0,1278311
furpa,0.5,1,1,CGTCGTGCGTGTAATACCCT,0,1342989
furpa,0.5,1,1,CGTCGGTGTTGTTCGAAGTG,0,1331856
furpa,0.5,1,1,CGTCGGTAACAGCCGCATTT,0,1333425
furpa,0.5,1,1,CGTCCCTGGTCGCGACGTAT,0,1340647
furpa,0.5,1,1,CGTCCCGATTTAAGGCCTGG,0,1307825
furpa,0.5,1,1,CGTCATGTCGTGGCTCACAT,0,1290369
furpa,0.5,1,1,CGTCAGTCTGGGCGTTAGTC,0,1275786
furpa,0.5,1,1,CGTCACGAAACGGGGTCCCT,0,1306756
furpa,0.5,1,1,CGTCACACGAGCTTTCGAAT,0,1318257
furpa,0.5,1,1,CGTATTGGGCGCCTCACTGG,0,1329712
furpa,0.5,1,1,CGTATTAGTACCATTGACTA,0,1313580
furpa,0.5,1,1,CGTATGGACGGTGACAGGGA,0,1345211
furpa,0.5,1,1,CGTAGTTTGGCGCGCTAAGG,0,1349613
furpa,0.5,1,1,CGTAGCTACAACAACCCTCC,0,1340819
furpa,0.5,1,1,CGTAGACACCGTCTTCATTA,0,1335771
furpa,0.5,1,1,CGTACTGGGGCGGCAATCCA,0,1305510
furpa,0.5,1,1,CGTACTATTCAATCGCTTTG,0,1325576
furpa,0.5,1,1,CGTACTATGCGCGTGAGACC,0,1291766
furpa,0.5,1,1,CGTACGTCTTCGCCTTGCGT,0,1293194
furpa,0.5,1,1,CGTACCGATGTAAAACAGAT,0,1329537
furpa,0.5,1,1,CGTACCCTGCGCAGTTTATG,0,1282858
furpa,0.5,1,1,CGTACATTCAATCTCAGTAG,0,1330999
furpa,0.5,1,1,CGTACATGGGCGAAGATCAT,0,1307178
furpa,0.5,1,1,CGTACATCTTCGGTGTGGAA,0,1284896
furpa,0.5,1,1,CGTAATTTTAGAATCTCCAC,0,1332365
furpa,0.5,1,1,CGTAAAATTCCGGAAGTTTA,0,1296870
furpa,0.5,1,1,CGGTTTTACCGTCTCAGATC,0,1316755
furpa,0.5,1,1,CGGTTTACCTTAATAGAAGT,0,1280040
furpa,0.5,1,1,CGGTTCTGACTCGTCAATAG,0,1331301
furpa,0.5,1,1,CGGTTCCACTTCAGGACAAG,0,1345190
furpa,0.5,1,1,CGGTTAAGGCATCGAATCGT,0,1285239
furpa,0.5,1,1,CGGTCAGTCAAACGATTAAG,0,1336608
furpa,0.5,1,1,CGGTCAGGTTCTTGAGAAGA,0,1297603
furpa,0.5,1,1,CGGTCACGCCTCCCAGCCCT,0,1310358
furpa,0.5,1,1,CGGTCAACTATAAGTGATCA,0,1344302
furpa,0.5,1,1,CGGTAAAGTCACATTCGGAA,0,1336076
furpa,0.5,1,1,CGGGTAGAGCCTACTAACAC,0,1337018
furpa,0.5,1,1,CGGGGGATTTTTATAATCAT,0,1343212
furpa,0.5,1,1,CGGGGGACTGTGGTCATCGT,0,1341202
furpa,0.5,1,1,CGGGGCTAACCGGAACCCGC,0,1344475
furpa,0.5,1,1,CGGGGCGGGAGATAGCCAAA,0,1344181
furpa,0.5,1,1,CGGGGCCAGAGTCAAGTAAT,0,1282089
furpa,0.5,1,1,CGGGGAGCGCGGCAGAGAGC,0,1313838
furpa,0.5,1,1,CGGGGACACCAGCCTTCACC,0,1342192
furpa,0.5,1,1,CGGGGAAGAGCACATGTGTG,0,1297430
furpa,0.5,1,1,CGGGCTGAACAGATTCACTC,0,1329605
furpa,0.5,1,1,CGGGCATACTCCCTAGGGCA,0,1353077
furpa,0.5,1,1,CGGGCAGGCGTTAAGACTGT,0,1332538
furpa,0.5,1,1,CGGGCAGCATCAAACAGTTA,0,1343675
furpa,0.5,1,1,CGGGCACCGCAAGACACATC,0,1285656
furpa,0.5,1,1,CGGGAGTGTTTCCAACACGG,0,1346472
furpa,0.5,1,1,CGGGAGGTGGCGTAGAAGTA,0,1332986
furpa,0.5,1,1,CGGGAGATGGTGCGGCGGCC,0,1317082
furpa,0.5,1,1,CGGGACGATTCGACTGTCTT,0,1308786
furpa,0.5,1,1,CGGGACGATACGGCGGACGG,0,1357073
furpa,0.5,1,1,CGGGACAAACCGGTGTAGAA,0,1298800
furpa,0.5,1,1,CGGGAATATAAACTTGTTAG,0,1313078
furpa,0.5,1,1,CGGGAAGGAATAGATTTGCC,0,1299381
furpa,0.5,1,1,CGGGAAATAGTAACTTTTCC,0,1289310
furpa,0.5,1,1,CGGCTTACTGTTTGGATAAA,0,1312243
furpa,0.5,1,1,CGGCTGTGAGTTGGAACTCA,0,1273446
furpa,0.5,1,1,CGGCTGGGAACCAAATACTC,0,1356116
furpa,0.5,1,1,CGGCTGCGGGATTATGGAGT,0,1282850
furpa,0.5,1,1,CGGCTCTACGACAGGAGCGA,0,1343882
furpa,0.5,1,1,CGGCGCTGAATTACCGGGGG,0,1353861
furpa,0.5,1,1,CGGCGCATATCCTCTAGCGC,0,1274355
furpa,0.5,1,1,CGGCGCATAGTCCACCCAAC,0,1314074
furpa,0.5,1,1,CGGCGAATAACGCGACTTTG,0,1334349
furpa,0.5,1,1,CGGCCGCTTATGTCCTTCCT,0,1271454
furpa,0.5,1,1,CGGCCCCTAGATAAACGACT,0,1340901
furpa,0.5,1,1,CGGCCACAACTACCTGTATT,0,1282308
furpa,0.5,1,1,CGGCCAAGGGCCACCCAATA,0,1331596
furpa,0.5,1,1,CGGCATCAGGGTTACAGAAC,0,1325502
furpa,0.5,1,1,CGGCAGCATTAATAAGAAGG,0,1323236
furpa,0.5,1,1,CGGCAAGGGAGGAGACTGAG,0,1319563
furpa,0.5,1,1,CGGATTTTTCCTGAGGGCAC,0,1357077
furpa,0.5,1,1,CGGATTTTTAGAAGACTATA,0,1331267
furpa,0.5,1,1,CGGATTGGGAATATTATTTT,0,1327270
furpa,0.5,1,1,CGGATGGTAGCACAAGACAT,0,1314337
furpa,0.5,1,1,CGGATAAGCTTCACCGGCAA,0,1348023
furpa,0.5,1,1,CGGAGTTACTTGGACTCTTG,0,1351593
furpa,0.5,1,1,CGGAGTGTGTACCGCATCTC,0,1300363
furpa,0.5,1,1,CGGAGGTTTATGCTCGTTGT,0,1328443
furpa,0.5,1,1,CGGAGGTCGTGTGCGTCGAC,0,1306493
furpa,0.5,1,1,CGGAGGCATCTCGTGGAGAC,0,1310677
furpa,0.5,1,1,CGGAGGACGGGTATACCAGG,0,1339642
furpa,0.5,1,1,CGGAGATGTTATTCACCATA,0,1316602
furpa,0.5,1,1,CGGAGAGTCGTTCCTTAAAG,0,1318533
furpa,0.5,1,1,CGGAGACCGGGTTACGGCCC,0,1273231
furpa,0.5,1,1,CGGAGACATGCGGGCTTAGG,0,1354667
furpa,0.5,1,1,CGGACGTCCGAACATGGCGG,0,1310452
furpa,0.5,1,1,CGGACGGGCCTTTTGCCAAA,0,1334070
furpa,0.5,1,1,CGGACCTGATCACACAGACG,0,1327614
furpa,0.5,1,1,CGGACCGCGTTCTTAACATT,0,1280446
furpa,0.5,1,1,CGGACCCCGTTTGAGTGCCA,0,1273553
furpa,0.5,1,1,CGGACCACTGAGTGAAGTAC,0,1297579
furpa,0.5,1,1,CGGACAGAGTAGAGATGCTT,0,1273124
furpa,0.5,1,1,CGGACACGTCACCACGCTCA,0,1295724
furpa,0.5,1,1,CGGAAGGCACTGTGGAAGAG,0,1338239
furpa,0.5,1,1,CGGAAGAAGGGGTTCCACTT,0,1346144
furpa,0.5,1,1,CGGAACTGGCGTGGCCTGCA,0,1357239
furpa,0.5,1,1,CGCTTTCGACGCGTGATACG,0,1306482
furpa,0.5,1,1,CGCTTTAAACCAGCTAGTCC,0,1337596
furpa,0.5,1,1,CGCTTCCTCATTTGCATAAA,0,1303141
furpa,0.5,1,1,CGCTGGTCGAGTACGTGCTG,0,1312019
furpa,0.5,1,1,CGCTGCTAGATACCTTTATA,0,1341850
furpa,0.5,1,1,CGCTGCATTAACGAATTGAG,0,1282199
furpa,0.5,1,1,CGCTGCACATATAGTTGCTT,0,1274343
furpa,0.5,1,1,CGCTGAGCATGGGAGAACAG,0,1314258
furpa,0.5,1,1,CGCTGAATCCTGGGGAGTGC,0,1324204
furpa,0.5,1,1,CGCTCTTAGTCACTGCGTAT,0,1295484
furpa,0.5,1,1,CGCTCAGCTCCTACCAGCTA,0,1341794
furpa,0.5,1,1,CGCTCAAGGTTACGTTGAGC,0,1275036
furpa,0.5,1,1,CGCTATGAAATGGACTTTAT,0,1332681
furpa,0.5,1,1,CGCTAGTGGACTCAAGACGA,0,1340836
furpa,0.5,1,1,CGCTAGTCATGTTCCTGGAG,0,1355846
furpa,0.5,1,1,CGCTAGGTCTGAGGATTAAC,0,1314911
furpa,0.5,1,1,CGCTAGATGGAGCTTCGCTA,0,1326243
furpa,0.5,1,1,CGCTACCGTCCTCAGTCTAG,0,1296784
furpa,0.5,1,1,CGCGTTTGCTGATCTCAAAC,0,1353154
furpa,0.5,1,1,CGCGTGGCCAGTGTTGCTAA,0,1279009
furpa,0.5,1,1,CGCGTCGGAATTCTTTCATG,0,1325530
furpa,0.5,1,1,CGCGTATGTCGGGCTCCGTA,0,1340326
furpa,0.5,1,1,CGCGTATCCCGAGGTCGTGT,0,1288554
furpa,0.5,1,1,CGCGTACCCAACTAGGGCGA,0,1324122
furpa,0.5,1,1,CGCGGTTCGCGTTTTTGAAC,0,1316308
furpa,0.5,1,1,CGCGGGCTTAGCGCCGGATT,0,1304571
furpa,0.5,1,1,CGCGGCTGGGGCTTCGCCGT,0,1281016
furpa,0.5,1,1,CGCGGCTCTGGGTTTTACTT,0,1316780
furpa,0.5,1,1,CGCGGAGCGCTTGATCCACA,0,1274801
furpa,0.5,1,1,CGCGGACTGACTTAACGTCG,0,1342137
furpa,0.5,1,1,CGCGGAATCTCTTATCGCCA,0,1287305
furpa,0.5,1,1,CGCGCTGGCAAGCGCTAAAG,0,1295579
furpa,0.5,1,1,CGCGCGGGCGGCATCTCAGA,0,1331200
furpa,0.5,1,1,CGCGCGACAGATCGTTGCTT,0,1277812
furpa,0.5,1,1,CGCGCCTAACAGCACAATTT,0,1286109
furpa,0.5,1,1,CGCGATGCACTCCTAAGTAT,0,1307488
furpa,0.5,1,1,CGCGATCAGGAGCCCTAAAT,0,1311727
furpa,0.5,1,1,CGCGAAACTATAGTTTGCAC,0,1330278
furpa,0.5,1,1,CGCCTTGGTAACAATGGACT,0,1339555
furpa,0.5,1,1,CGCCTTCCCTAACTACTCGA,0,1301291
furpa,0.5,1,1,CGCCTTCAGTGTGGATGGCT,0,1327442
furpa,0.5,1,1,CGCCTTACGTATGGGGGATT,0,1271497
furpa,0.5,1,1,CGCCTCCGTAGATTCCAACG,0,1339573
furpa,0.5,1,1,CGCCTAGTGGATATCGGAAG,0,1294198
furpa,0.5,1,1,CGCCTACCGGTAAACTTTGT,0,1355922
furpa,0.5,1,1,CGCCGTCGGTGGTGCCCCCT,0,1279115
furpa,0.5,1,1,CGCCGGTATTTTTAGAAATC,0,1320982
furpa,0.5,1,1,CGCCGCCTACACGTTGACGT,0,1274338
furpa,0.5,1,1,CGCCGCACGGACTAGCTCTA,0,1282157
furpa,0.5,1,1,CGCCCTTATATGGAAGAATG,0,1310639
furpa,0.5,1,1,CGCCCGGAATATACAAAGAC,0,1354520
furpa,0.5,1,1,CGCCCGAGCGGAGACTGATT,0,1327608
furpa,0.5,1,1,CGCCCATATTTGTGGTTTGA,0,1357378
furpa,0.5,1,1,CGCCCAATCGTTCCAGGATG,0,1344727
furpa,0.5,1,1,CGCCACGGCCCACTGACATG,0,1332847
furpa,0.5,1,1,CGCCACATACATTGTGTAAT,0,1271550
furpa,0.5,1,1,CGCATATTGACTTGCCGTCT,0,1347074
furpa,0.5,1,1,CGCATATTAGTCCGCTATAA,0,1305036
furpa,0.5,1,1,CGCAGTTCGTAGAGCGGCTA,0,1354269
furpa,0.5,1,1,CGCAGTAGAATAGTGCGTCT,0,1285301
furpa,0.5,1,1,CGCAGGGTACGGCAGCGGCA,0,1356901
furpa,0.5,1,1,CGCAGGCTGGAACGTGTATT,0,1298000
furpa,0.5,1,1,CGCAGAGCCATCCTGTTAGA,0,1314903
furpa,0.5,1,1,CGCACGAATAGGTCTGAGCA,0,1298441
furpa,0.5,1,1,CGCACCGTACTGGTCCGGCG,0,1354751
furpa,0.5,1,1,CGCACCCCGGACTGGGTCCT,0,1311239
furpa,0.5,1,1,CGCAAGACTTATGGTAACTC,0,1313332
furpa,0.5,1,1,CGCAACCGTAGGGAAGAGTC,0,1280205
furpa,0.5,1,1,CGCAAAGGAGTTTTGTTTTC,0,1282610
furpa,0.5,1,1,CGATTCCCCATAGACGTAGG,0,1273618
furpa,0.5,1,1,CGATTATTAAGTTTTCCGCA,0,1298627
furpa,0.5,1,1,CGATTAGAAATTCCCTTACA,0,1327115
furpa,0.5,1,1,CGATGGTAAAGCGAAACGGA,0,1323015
furpa,0.5,1,1,CGATGACGCCAGTGGTAGTA,0,1356439
furpa,0.5,1,1,CGATCGGTAGCGAAGGGGTC,0,1349618
furpa,0.5,1,1,CGATCCCAACATATGAGATC,0,1316201
furpa,0.5,1,1,CGATAGCCGTAAATTTAACG,0,1334965
furpa,0.5,1,1,CGATAATCACAATGTCTGGT,0,1286072
furpa,0.5,1,1,CGATAATAATAGGTTCGTAT,0,1306510
furpa,0.5,1,1,CGAGTTCACTATGTGATATC,0,1339333
furpa,0.5,1,1,CGAGTCAGCTTTGTCGTTCA,0,1275462
furpa,0.5,1,1,CGAGTAACTGGCACCACTCC,0,1300104
furpa,0.5,1,1,CGAGGTTGGATCAGTGGTTT,0,1286408
furpa,0.5,1,1,CGAGGTTCATGGTATCGTAG,0,1294822
furpa,0.5,1,1,CGAGGTTATCGCATGGCCGT,0,1339538
furpa,0.5,1,1,CGAGGTGGATGTTCCTGGTA,0,1355240
furpa,0.5,1,1,CGAGGGTGGGAGGGATTGAT,0,1282528
furpa,0.5,1,1,CGAGGGTGAAGTTTTCCTGG,0,1331069
furpa,0.5,1,1,CGAGGGCGATATACCAGATG,0,1352788
furpa,0.5,1,1,CGAGGCATACTGCGCATATT,0,1339692
furpa,0.5,1,1,CGAGGCAGTAGTGAATGGTG,0,1296542
furpa,0.5,1,1,CGAGCGTCGTACGTCCAATA,0,1327039
furpa,0.5,1,1,CGAGCGGCCTCCACCTTATG,0,1271179
furpa,0.5,1,1,CGAGCGCGTAGCGACATAGT,0,1283801
furpa,0.5,1,1,CGAGCCTGGGAGAATACACG,0,1318987
furpa,0.5,1,1,CGAGCCCGAGTGGCAGGTAA,0,1333097
furpa,0.5,1,1,CGAGATGGGTAAAGTAGGGC,0,1357651
furpa,0.5,1,1,CGAGAGAGCCTTGCACGACC,0,1333672
furpa,0.5,1,1,CGAGAATGGTATTGACATTT,0,1352334
furpa,0.5,1,1,CGAGAATCATGGCACGAATG,0,1288443
furpa,0.5,1,1,CGAGAACTCATCTCTTCCGG,0,1347928
furpa,0.5,1,1,CGACTTGGCCAGGCCTTAAC,0,1302576
furpa,0.5,1,1,CGACTTGGAAGTTACTTAAC,0,1297421
furpa,0.5,1,1,CGACTCAGCTAAACACCGTG,0,1312782
furpa,0.5,1,1,CGACTAGCCAGTGAGTATGT,0,1283131
furpa,0.5,1,1,CGACTAAACACCAAGTGCGT,0,1328631
furpa,0.5,1,1,CGACCTCGACGCCGAGGTGC,0,1331726
furpa,0.5,1,1,CGACCGGGCAGATGCATCCA,0,1301366
furpa,0.5,1,1,CGACCGCTGCTGTAAATGCA,0,1341996
furpa,0.5,1,1,CGACCGAATTCTTGTGTGAT,0,1353014
furpa,0.5,1,1,CGACCATTCGTTAGAAAATG,0,1307994
furpa,0.5,1,1,CGACCACACTCAATACCTTT,0,1327738
furpa,0.5,1,1,CGACCAAGTACCATCTAGGG,0,1341953
furpa,0.5,1,1,CGACCAACGAGAAAATCGTG,0,1353262
furpa,0.5,1,1,CGACATTGGTAACGCGACAC,0,1312163
furpa,0.5,1,1,CGACATTAACGGCCTCTAGG,0,1298410
furpa,0.5,1,1,CGACATAGCGTCGCCGGTTA,0,1333741
furpa,0.5,1,1,CGACAGTCCTCCAAGCCATG,0,1286444
furpa,0.5,1,1,CGACAGGTTCCAATAAACGA,0,1324294
furpa,0.5,1,1,CGACACGGTTCTGATTACTC,0,1317869
furpa,0.5,1,1,CGACACCTTGAACGGATGGC,0,1315905
furpa,0.5,1,1,CGACAATCGACATGACGTTC,0,1315543
furpa,0.5,1,1,CGACAAACTCCTCAAGTAAT,0,1317076
furpa,0.5,1,1,CGAAGTCAAGAAGATTGCAA,0,1276074
furpa,0.5,1,1,CGAAGTACGGCTTGCTTGGC,0,1333792
furpa,0.5,1,1,CGAAGGGAAAAGGAGGAAGT,0,1295454
furpa,0.5,1,1,CGAAGCGGAGTTCCTTTCCT,0,1346491
furpa,0.5,1,1,CGAAGCCCGTTTGGGAGCTT,0,1355809
furpa,0.5,1,1,CGAAGAAACCGGCCAGGTAA,0,1356176
furpa,0.5,1,1,CGAACCGGCTAGGAGAGGGA,0,1302362
furpa,0.5,1,1,CGAACAGTGTGTATCAGTGT,0,1330860
furpa,0.5,1,1,CGAAATTCGGGAACCGCAGG,0,1351955
furpa,0.5,1,1,CGAAATGGCTGTGAATAGGA,0,1321504
furpa,0.5,1,1,CGAAAGTGAGAGTTCGTTTT,0,1346611
furpa,0.5,1,1,CGAAAGGGTCTCTAATCGTC,0,1295939
furpa,0.5,1,1,CGAAAAATCGGGAGGACTAC,0,1293524
furpa,0.5,1,1,CCTTTTCCGGTGGCCTCGAT,0,1342435
furpa,0.5,1,1,CCTTTGGTCCGTATCAACCC,0,1351429
furpa,0.5,1,1,CCTTTGCTGGCAAATAGTTG,0,1278978
furpa,0.5,1,1,CCTTTGAGGCACGCACGCCG,0,1292446
furpa,0.5,1,1,CCTTGTTGACCGGGCGCTAT,0,1331707
furpa,0.5,1,1,CCTTGTCCTATAGTAGCCGG,0,1276442
furpa,0.5,1,1,CCTTGGTGAGTTCTCGCTTT,0,1273669
furpa,0.5,1,1,CCTTGGGAATGTCCTAGAAT,0,1288237
furpa,0.5,1,1,CCTTGGATAAATCGCACTAG,0,1302755
furpa,0.5,1,1,CCTTGCGGCCGCAGTCCCAC,0,1280764
furpa,0.5,1,1,CCTTGCAACGCGGCCTGAAC,0,1308766
furpa,0.5,1,1,CCTTGAGGCTCTCTGCGTAT,0,1305848
furpa,0.5,1,1,CCTTCTATATAGGTTCGGTA,0,1338645
furpa,0.5,1,1,CCTTCCGTCATCAAGAGAAA,0,1336518
furpa,0.5,1,1,CCTTATGGTCGTGATATAGT,0,1328077
furpa,0.5,1,1,CCTTATGATTCCTTTTTCTA,0,1301572
furpa,0.5,1,1,CCTTATGATCGAATGGTGCC,0,1307734
furpa,0.5,1,1,CCTTACTGCCAGGTGCACTG,0,1354074
furpa,0.5,1,1,CCTTACGTGCATTTTCTACT,0,1322992
furpa,0.5,1,1,CCTTACGGCGTTCATTTTCA,0,1317421
furpa,0.5,1,1,CCTTAAGCGATGCGGATGTC,0,1288279
furpa,0.5,1,1,CCTGTCTCCTGATAACACCT,0,1291676
furpa,0.5,1,1,CCTGTCGGACGCTCATAGGA,0,1284642
furpa,0.5,1,1,CCTGTCACATTGGAACATTT,0,1309780
furpa,0.5,1,1,CCTGGTCCATGCTGCTAGCG,0,1340673
furpa,0.5,1,1,CCTGGGTTGGTCTCCGTCTG,0,1303675
furpa,0.5,1,1,CCTGGGGCACTAAGGAGACT,0,1276626
furpa,0.5,1,1,CCTGGGAGTGAGTATAAAGA,0,1304327
furpa,0.5,1,1,CCTGGCTCCAGTCCTCGGCT,0,1295917
furpa,0.5,1,1,CCTGGCGAGTAGTCGCTTGG,0,1323621
furpa,0.5,1,1,CCTGGCAAATACTTAACAGA,0,1322391
furpa,0.5,1,1,CCTGGACTCAGGTCAGGAGT,0,1318130
furpa,0.5,1,1,CCTGCGTTATGCGGGCCACG,0,1273099
furpa,0.5,1,1,CCTGCGTCCTAGGCCACATT,0,1339762
furpa,0.5,1,1,CCTGCCGTACATTACTAGGA,0,1330561
furpa,0.5,1,1,CCTGCCATGCAATGAGCTGA,0,1348724
furpa,0.5,1,1,CCTGATTTCGCGCCATAATG,0,1273714
furpa,0.5,1,1,CCTGATTCACCGTGTGCGCT,0,1296459
furpa,0.5,1,1,CCTGATCTCAAAAGGGTGCA,0,1313839
furpa,0.5,1,1,CCTGAGACGAACTGCGTGCT,0,1325358
furpa,0.5,1,1,CCTGACGCTGGAGGGAGTGC,0,1344663
furpa,0.5,1,1,CCTGAATCTCCAGACGACAG,0,1327199
furpa,0.5,1,1,CCTGAACTTGTTAACTGGCA,0,1353463
furpa,0.5,1,1,CCTGAACTTGAATGTAGGCA,0,1326397
furpa,0.5,1,1,CCTCTGAAATATCTCAACGA,0,1284549
furpa,0.5,1,1,CCTCTCTGTCACAGCCACAG,0,1326242
furpa,0.5,1,1,CCTCTCCGTAACCCAACGCT,0,1302540
furpa,0.5,1,1,CCTCTATGTTGATCACCCCC,0,1290619
furpa,0.5,1,1,CCTCTAGCGCTAGCTTTTTG,0,1308967
furpa,0.5,1,1,CCTCGTACATAACTGATCGA,0,1345161
furpa,0.5,1,1,CCTCGGAGCTCGCGTTAGCG,0,1277354
furpa,0.5,1,1,CCTCGCCAGCACACAGAGTC,0,1328594
furpa,0.5,1,1,CCTCCAGGCATCAGCACCTC,0,1324808
furpa,0.5,1,1,CCTCCAGCGATGATTAGGTG,0,1339548
furpa,0.5,1,1,CCTCCAAATACTCCCGATTT,0,1325835
furpa,0.5,1,1,CCTCATGCAGTGCGCACCTG,0,1339350
furpa,0.5,1,1,CCTCATAGAGGGCGACTCGA,0,1352176
furpa,0.5,1,1,CCTCAGACCAACCGAGTTAT,0,1298301
furpa,0.5,1,1,CCTCACCATGCTCAAGGTGT,0,1337436
furpa,0.5,1,1,CCTCACCACGAACATCCGTG,0,1355630
furpa,0.5,1,1,CCTCAACGCTCGGCTGGAGA,0,1279312
furpa,0.5,1,1,CCTATTTACCGGGGGAGGGT,0,1294965
furpa,0.5,1,1,CCTATGGCGCTCGATTTGGA,0,1301328
furpa,0.5,1,1,CCTATCGCTGAGCGTAGTTG,0,1311658
furpa,0.5,1,1,CCTAGTCCCGGCGGCGTAGT,0,1314600
furpa,0.5,1,1,CCTAGTCATTTAACGCTGTG,0,1276010
furpa,0.5,1,1,CCTAGGGAGAGTTCTTGGAA,0,1346290
furpa,0.5,1,1,CCTAGGCTTTTAATTAGCAA,0,1348903
furpa,0.5,1,1,CCTAGCGGACCCCAACGGCT,0,1336856
furpa,0.5,1,1,CCTAGCCGAACGCTGGTTTC,0,1330357
furpa,0.5,1,1,CCTAGAGGGACATCGAAATA,0,1331676
furpa,0.5,1,1,CCTACGCGTTCGGCTGCAAC,0,1354254
furpa,0.5,1,1,CCTACAAACATGGGTTTAAT,0,1285903
furpa,0.5,1,1,CCTAATCGATTGGCGCTGAC,0,1282901
furpa,0.5,1,1,CCTAAGGTATGGCTTAGAAT,0,1335132
furpa,0.5,1,1,CCTAAGGGGTCAAATAGCCA,0,1306488
furpa,0.5,1,1,CCTAAGGGATTTGCCATCCA,0,1309671
furpa,0.5,1,1,CCTAAAACGACCAGTTCTCA,0,1276114
furpa,0.5,1,1,CCGTTTAAGGATATTAGCTG,0,1309392
furpa,0.5,1,1,CCGTTCTTGACAGGACGTAA,0,1276510
furpa,0.5,1,1,CCGTTATCAGTGTTATAGAA,0,1308747
furpa,0.5,1,1,CCGTTAGACAAGCTGCGCGA,0,1298418
furpa,0.5,1,1,CCGTGACTCCCAGAGTATAC,0,1352505
furpa,0.5,1,1,CCGTGAAGCTACGACTGACA,0,1301949
furpa,0.5,1,1,CCGTCTAGGCTTTCGATGGT,0,1294880
furpa,0.5,1,1,CCGTCATAATATGTATGAGC,0,1327060
furpa,0.5,1,1,CCGTCAGGCAGGATCTTCGA,0,1290186
furpa,0.5,1,1,CCGTATTTTACAAGTTACAT,0,1278356
furpa,0.5,1,1,CCGTATGGGAACGAGGTTTT,0,1346657
furpa,0.5,1,1,CCGGTTTCGCCGGGACGGGA,0,1320683
furpa,0.5,1,1,CCGGTTATGTTTTTTACTGT,0,1338567
furpa,0.5,1,1,CCGGTCGGTCTCGGTTCAAG,0,1305640
furpa,0.5,1,1,CCGGTCCTGTGCCAGATGCG,0,1325617
furpa,0.5,1,1,CCGGTATGCCGACGCTCGCC,0,1277032
furpa,0.5,1,1,CCGGTATCTGTCTGCCGGAT,0,1309660
furpa,0.5,1,1,CCGGGTGTCGCTGTAGTTAG,0,1315371
furpa,0.5,1,1,CCGGGTAGAAGGCAAGCCGT,0,1291475
furpa,0.5,1,1,CCGGGAAATTCCTTTACGAC,0,1311722
furpa,0.5,1,1,CCGGCTTGGGAAATCCTGGG,0,1348133
furpa,0.5,1,1,CCGGCTCGTGCAAGTCGATC,0,1315594
furpa,0.5,1,1,CCGGCGGGAGTTCGATGCCT,0,1312098
furpa,0.5,1,1,CCGGCGATAGAGATCCAGTC,0,1276065
furpa,0.5,1,1,CCGGCCCGGCACTATGGGTT,0,1354082
furpa,0.5,1,1,CCGGCCAGAACCAACCACCA,0,1287405
furpa,0.5,1,1,CCGGCATCTCACAAGAACCC,0,1355232
furpa,0.5,1,1,CCGGCATAGTTGAATAGGGG,0,1327727
furpa,0.5,1,1,CCGGCAGAAGGGTTAAGCTC,0,1334140
furpa,0.5,1,1,CCGGATTACTACCTCATTGT,0,1319372
furpa,0.5,1,1,CCGGAGTTTCTCGGAACACT,0,1292674
furpa,0.5,1,1,CCGGAGAGGCGGCGTCAACG,0,1320139
furpa,0.5,1,1,CCGGACTGGTTCAATGGGCG,0,1324501
furpa,0.5,1,1,CCGGACTACGGGGGGGCTCT,0,1338643
furpa,0.5,1,1,CCGGACTAAGTCTACACTTA,0,1326835
furpa,0.5,1,1,CCGCTTAGGACAGGGAGATA,0,1309079
furpa,0.5,1,1,CCGCTGGGGTCACGTGAGCG,0,1355738
furpa,0.5,1,1,CCGCTCGACCCCCGCTCAAA,0,1329554
furpa,0.5,1,1,CCGCTCAGAACCCCCCAATA,0,1351393
furpa,0.5,1,1,CCGCTAGGGTCACATCCGGT,0,1354886
furpa,0.5,1,1,CCGCGTCGTATGTCAGCTGT,0,1295650
furpa,0.5,1,1,CCGCGCTCAGGGAAGGCAAC,0,1356021
furpa,0.5,1,1,CCGCGCCTGTTCTCGTTGCT,0,1314680
furpa,0.5,1,1,CCGCGCCAGGTTAGTACCCT,0,1303719
furpa,0.5,1,1,CCGCGAGCGACCATAAGATC,0,1341836
furpa,0.5,1,1,CCGCGAAAGACGTCAATCCC,0,1353951
furpa,0.5,1,1,CCGCCGTTCGGACCTTCTGT,0,1329908
furpa,0.5,1,1,CCGCCGACATCTATCTCTAT,0,1283012
furpa,0.5,1,1,CCGCCCCTTAATCGGGGTCT,0,1320052
furpa,0.5,1,1,CCGCCCCCAAGCATTTCAGT,0,1311559
furpa,0.5,1,1,CCGCCCACTATCAGCACGTA,0,1340488
furpa,0.5,1,1,CCGCCCAACGTGGATAAAAT,0,1310130
furpa,0.5,1,1,CCGCCACGCCCCATCCACTA,0,1315412
furpa,0.5,1,1,CCGCCACACCCCCGTGGAGG,0,1300624
furpa,0.5,1,1,CCGCATTGATCACTCCAAGC,0,1288204
furpa,0.5,1,1,CCGCATGCCTTACACGGGTA,0,1327469
furpa,0.5,1,1,CCGCATGCCACCCCGGCCAG,0,1328875
furpa,0.5,1,1,CCGCATCGTTATACTCTAGA,0,1304863
furpa,0.5,1,1,CCGCACTTCTATCATATGAC,0,1292891
furpa,0.5,1,1,CCGATTAACCAGCTGAGCCC,0,1339500
furpa,0.5,1,1,CCGATGGGAGGGTGAGTCTT,0,1293644
furpa,0.5,1,1,CCGATAGAATATCGGGAAAC,0,1304929
furpa,0.5,1,1,CCGAGTTTCTATCGCGGCAG,0,1334905
furpa,0.5,1,1,CCGAGGCGTTTAACTTCAAT,0,1288623
furpa,0.5,1,1,CCGAGGCCCCGACAAGGTAT,0,1315679
furpa,0.5,1,1,CCGAGCTACTCATCTTATAC,0,1349339
furpa,0.5,1,1,CCGAGCCGTCGTAGACAGCA,0,1276466
furpa,0.5,1,1,CCGAGATGTCGGAAAGCGGC,0,1278418
furpa,0.5,1,1,CCGACGGAAGAGGCATCGAC,0,1327412
furpa,0.5,1,1,CCGACATAGTGGGAGTAGTC,0,1330954
furpa,0.5,1,1,CCGACATAGTCAGATCTGCT,0,1325263
furpa,0.5,1,1,CCGAATGTAAGCTACTTCTG,0,1273752
furpa,0.5,1,1,CCGAATAGGGCATACCCTGA,0,1329357
furpa,0.5,1,1,CCGAAACGGTATAGCACGGG,0,1272519
furpa,0.5,1,1,CCGAAACAGGTGTATTTACT,0,1352907
furpa,0.5,1,1,CCCTTTTGTGACTTACTGCC,0,1284659
furpa,0.5,1,1,CCCTTGCGCTGGGTGCGCAT,0,1343793
furpa,0.5,1,1,CCCTTGAGGATTAAGTCTGG,0,1272121
furpa,0.5,1,1,CCCTTAAAAACCTGATGGCA,0,1345823
furpa,0.5,1,1,CCCTGTTCGCGGAGCGCTGA,0,1273825
furpa,0.5,1,1,CCCTGTGCCCCCGAAGGATG,0,1357462
furpa,0.5,1,1,CCCTGGCAGCAGTCATAGCG,0,1342574
furpa,0.5,1,1,CCCTGCTGGTCTGAGTCGCA,0,1315130
furpa,0.5,1,1,CCCTGCGTAGTAGGGCAATT,0,1325138
furpa,0.5,1,1,CCCTCTTGTGGTGCAGACGC,0,1352313
furpa,0.5,1,1,CCCTCTCTGTACTGTCATAA,0,1313309
furpa,0.5,1,1,CCCTCTAACTTCACTCAAGA,0,1288169
furpa,0.5,1,1,CCCTCGATAGCGGTGCGAAC,0,1338346
furpa,0.5,1,1,CCCTCGACTTCATCTTTATA,0,1340600
furpa,0.5,1,1,CCCTCCGGTGTGAACCCGTT,0,1303738
furpa,0.5,1,1,CCCTCCCTCTATCGCGCGTG,0,1306228
furpa,0.5,1,1,CCCTATTTACGGTGGCATTT,0,1299719
furpa,0.5,1,1,CCCTATCAGCAAGCTCGGTC,0,1307526
furpa,0.5,1,1,CCCTAAGTCTAAGCCGTCCC,0,1325575
furpa,0.5,1,1,CCCTAAGAGGGATTGTCTGA,0,1345150
furpa,0.5,1,1,CCCGTGCGCTTGATGTTCAT,0,1352745
furpa,0.5,1,1,CCCGTGAGAGCCCTTCCATG,0,1294481
furpa,0.5,1,1,CCCGTCTGGAACCTAAGTCA,0,1281514
furpa,0.5,1,1,CCCGGTGGGGGCTCTGTTTA,0,1332400
furpa,0.5,1,1,CCCGGCTGCTAATCCGGCCT,0,1325214
furpa,0.5,1,1,CCCGGCCGGACACTATTGAA,0,1349438
furpa,0.5,1,1,CCCGGCATAAACTGAGGATC,0,1320057
furpa,0.5,1,1,CCCGGATAGGAGGCCTTCAG,0,1320829
furpa,0.5,1,1,CCCGGATAAGATGTATCCCT,0,1273391
furpa,0.5,1,1,CCCGCACTATGCTGGAAGAT,0,1326261
furpa,0.5,1,1,CCCGCAAATACACTAACTGG,0,1345720
furpa,0.5,1,1,CCCGATTCTCGCTACTGGTC,0,1306557
furpa,0.5,1,1,CCCGAGCTGGGCACCCCAGG,0,1277778
furpa,0.5,1,1,CCCGAGCTATTTCCTGACGC,0,1299153
furpa,0.5,1,1,CCCGAGACGAGCGCACGATT,0,1324630
furpa,0.5,1,1,CCCGAAGGGGGGTGAATAGC,0,1286348
furpa,0.5,1,1,CCCCTTACTCGGGAAAATAT,0,1334734
furpa,0.5,1,1,CCCCTGGTGCTACGGCACTG,0,1352557
furpa,0.5,1,1,CCCCTGGTGCCCATAGCATA,0,1330328
furpa,0.5,1,1,CCCCTCTGTTACTTGGCCTT,0,1307135
furpa,0.5,1,1,CCCCTATAGTGCCTTAGATT,0,1303969
furpa,0.5,1,1,CCCCTAGGTGGCCTTCACCA,0,1286706
furpa,0.5,1,1,CCCCTAGCCTGGCGCACCAC,0,1350485
furpa,0.5,1,1,CCCCGGTTCAGGATTTTTGT,0,1357555
furpa,0.5,1,1,CCCCGGCTCGGCATTCTGAA,0,1354104
furpa,0.5,1,1,CCCCGCGTATAATAAGTTCC,0,1304762
furpa,0.5,1,1,CCCCGATAGTCCTGGCTAAA,0,1331361
furpa,0.5,1,1,CCCCGAATCTTCTTTTTATC,0,1351057
furpa,0.5,1,1,CCCCGAAGACGACGAGTGAA,0,1303629
furpa,0.5,1,1,CCCCCTTAACCCAACAGGAT,0,1343935
furpa,0.5,1,1,CCCCCTCGAATATGTTTAAT,0,1277611
furpa,0.5,1,1,CCCCCGGAATCTTCTACTAC,0,1314739
furpa,0.5,1,1,CCCCCGATCGCGGAATTCGA,0,1355605
furpa,0.5,1,1,CCCCCCTACGTAAGGCAATT,0,1306991
furpa,0.5,1,1,CCCCATAACCGGGAGATTGA,0,1346524
furpa,0.5,1,1,CCCCAGGTGTGGCGCCGATA,0,1290967
furpa,0.5,1,1,CCCATGTTCAACATCCCATA,0,1330516
furpa,0.5,1,1,CCCATGGATTCTGGTTGGAA,0,1324149
furpa,0.5,1,1,CCCATCCAAGCCGCCGTGCT,0,1278314
furpa,0.5,1,1,CCCATACGCTCTCCAGTTGC,0,1324285
furpa,0.5,1,1,CCCATACACAATGATCATTT,0,1280834
furpa,0.5,1,1,CCCATAAGATCCCAAGCTCA,0,1353444
furpa,0.5,1,1,CCCAGGCCCAGTTTTTGACC,0,1306876
furpa,0.5,1,1,CCCAGACTTACTTTATGGGC,0,1276277
furpa,0.5,1,1,CCCACGGGCGCCTTAGAGTC,0,1339980
furpa,0.5,1,1,CCCACCACACCGAAGTTGAG,0,1329243
furpa,0.5,1,1,CCCACATGCTTGGGGCGAGA,0,1318297
furpa,0.5,1,1,CCCACATAGTATGCGGTCTC,0,1321432
furpa,0.5,1,1,CCCACACCATTAGGAATTTG,0,1279434
furpa,0.5,1,1,CCCACAAGCCTTACAGGTGA,0,1286854
furpa,0.5,1,1,CCCAATTATCCCGTCCTTTT,0,1334434
furpa,0.5,1,1,CCCAATCGATACGTGAGCAT,0,1284947
furpa,0.5,1,1,CCCAAGTGGTGGGTCATATC,0,1283456
furpa,0.5,1,1,CCCAAGTATCTGCATACTTA,0,1291362
furpa,0.5,1,1,CCCAAGCGTCAGTTTCACTT,0,1310714
furpa,0.5,1,1,CCCAAGCCGGTTGACGATGT,0,1282208
furpa,0.5,1,1,CCCAAGATCGCGGTGATCGT,0,1288010
furpa,0.5,1,1,CCCAAGACCTAGCCGAGGGT,0,1354405
furpa,0.5,1,1,CCCAAGACAATGCAGGTTGT,0,1300790
furpa,0.5,1,1,CCCAAAGGAGTCGAAAATAA,0,1291738
furpa,0.5,1,1,CCCAAAGCCGCGGAGTCAGA,0,1332279
furpa,0.5,1,1,CCATTTTCGCGTGAAAGAAA,0,1298079
furpa,0.5,1,1,CCATTTAGTATAACTCCTGC,0,1297937
furpa,0.5,1,1,CCATTCCTAAAAGTTGTAGC,0,1340852
furpa,0.5,1,1,CCATTCAGTGTGTGGAACTT,0,1276823
furpa,0.5,1,1,CCATTAAATAGCCGGTCGGG,0,1298266
furpa,0.5,1,1,CCATGTTTGCGCGGCTGATG,0,1295200
furpa,0.5,1,1,CCATGTCTCAGCGTGAGACA,0,1316218
furpa,0.5,1,1,CCATGTATTACACAATTCCA,0,1352944
furpa,0.5,1,1,CCATGTACGTTTATGTGCGG,0,1341286
furpa,0.5,1,1,CCATGGGCTATGGTTTTATA,0,1333302
furpa,0.5,1,1,CCATGCATTACTACAGATTC,0,1299294
furpa,0.5,1,1,CCATCTGGGGAATGCGGAGA,0,1342443
furpa,0.5,1,1,CCATCTCGATTCTATGGTTC,0,1323324
furpa,0.5,1,1,CCATCGTTCCCGCACGTTGC,0,1312012
furpa,0.5,1,1,CCATCCCAGGTAGCAGGAAC,0,1319907
furpa,0.5,1,1,CCATCATGTTCCGGCCAGAT,0,1299299
furpa,0.5,1,1,CCATCACAGTCCAAGAACAA,0,1349290
furpa,0.5,1,1,CCATCAATGCTTCGATATTG,0,1291591
furpa,0.5,1,1,CCATCAACCTTTTCCACGAC,0,1333048
furpa,0.5,1,1,CCATCAACAGGGTTCGGATA,0,1327308
furpa,0.5,1,1,CCATATATAGATCCAGTATG,0,1352361
furpa,0.5,1,1,CCAGTGTCCCTAGACGCTTA,0,1323028
furpa,0.5,1,1,CCAGTCGAAGACCGCCTGAG,0,1330031
furpa,0.5,1,1,CCAGTATGACCGTGGCATTT,0,1292330
furpa,0.5,1,1,CCAGGTTTTTTACATTTGGC,0,1288535
furpa,0.5,1,1,CCAGGTTTCTGCTATAGGCG,0,1297645
furpa,0.5,1,1,CCAGGGCATTGTGGTGAATG,0,1347488
furpa,0.5,1,1,CCAGGCACGCTTGGTACATT,0,1282698
furpa,0.5,1,1,CCAGGATGATATACGCACGG,0,1317362
furpa,0.5,1,1,CCAGGAGACAAGAGCGGCGT,0,1352269
furpa,0.5,1,1,CCAGCACAGGCATACGGATC,0,1278983
furpa,0.5,1,1,CCAGATACCTGGACGGCACG,0,1295575
furpa,0.5,1,1,CCAGAGGTCTTCGGCATCTG,0,1345646
furpa,0.5,1,1,CCAGACGCCCGTGCGGTTTG,0,1330542
furpa,0.5,1,1,CCACTTCCATCTCAAGCCAT,0,1354324
furpa,0.5,1,1,CCACTAGAATGGCGTGGAAC,0,1326465
furpa,0.5,1,1,CCACGTTTCGCCCCGCAGAC,0,1302169
furpa,0.5,1,1,CCACGTTAGGCCTAAATGAA,0,1347288
furpa,0.5,1,1,CCACGTCCAGCCTCGCTGAT,0,1331277
furpa,0.5,1,1,CCACGGGCATGTGTCCATAT,0,1291387
furpa,0.5,1,1,CCACGGCGGGCGTGTGTAAT,0,1316198
furpa,0.5,1,1,CCACGGCGGGAGGAATTCTT,0,1355813
furpa,0.5,1,1,CCACGGCAGCGCCTCACTAA,0,1353249
furpa,0.5,1,1,CCACGAGGACGTACACTCTG,0,1331800
furpa,0.5,1,1,CCACCTGGTCCCTTGTGGCC,0,1276257
furpa,0.5,1,1,CCACCTAGTTGCGAGGCGTT,0,1324284
furpa,0.5,1,1,CCACCCGCGCGCGCGTTAGC,0,1354452
furpa,0.5,1,1,CCACATTTAACCGGCCCGAT,0,1321943
furpa,0.5,1,1,CCACACTGAAACCACCGATA,0,1351958
furpa,0.5,1,1,CCACAATCTAGGTCTCGTAC,0,1303917
furpa,0.5,1,1,CCACAAGATACACACTTGCC,0,1295306
furpa,0.5,1,1,CCAATGGTATACACCTCGGG,0,1294977
furpa,0.5,1,1,CCAATGCTCCATCAAGAGCA,0,1337491
furpa,0.5,1,1,CCAATCACGAAGAAGTGCAG,0,1299746
furpa,0.5,1,1,CCAAGTAACTCGAAGGTCGG,0,1331791
furpa,0.5,1,1,CCAAGGCCTATAGGGCTACC,0,1310460
furpa,0.5,1,1,CCAAGGACATACACACTTCA,0,1348806
furpa,0.5,1,1,CCAAGGAATCGGCTATAGCA,0,1300924
furpa,0.5,1,1,CCAAGAACCGTATATGTGCT,0,1287264
furpa,0.5,1,1,CCAACTCTGCGCGTTCCAGG,0,1315013
furpa,0.5,1,1,CCAACTCCCTCACAAGATCC,0,1304332
furpa,0.5,1,1,CCAAATGACGACAGGGTCTC,0,1311442
furpa,0.5,1,1,CCAAATCGAGCACTAACTCA,0,1338457
furpa,0.5,1,1,CCAAAGGAATCTAGATCTGT,0,1292822
furpa,0.5,1,1,CCAAAGCTGTTGCCTGTCGT,0,1335301
furpa,0.5,1,1,CCAAAGCAGCAAATTCTCCC,0,1319831
furpa,0.5,1,1,CCAAACGTGTAATCACCAGG,0,1354220
furpa,0.5,1,1,CCAAACCTTGCATCTAATGC,0,1356579
furpa,0.5,1,1,CCAAAAGTGCCAATGGCTGT,0,1349331
furpa,0.5,1,1,CATTTTGATGTTGCCAGGAA,0,1298815
furpa,0.5,1,1,CATTTGGGCGAAAGATACGC,0,1271174
furpa,0.5,1,1,CATTTAGTCAAGGGAATCAT,0,1312746
furpa,0.5,1,1,CATTTAAAATTACAATTTCA,0,1321804
furpa,0.5,1,1,CATTGGTGCCAACACGCTTG,0,1320180
furpa,0.5,1,1,CATTGGGGGGGAAAAACGGC,0,1339161
furpa,0.5,1,1,CATTGATGCATGCGGGGAGC,0,1334250
furpa,0.5,1,1,CATTGAGGAAGGAGCTCTCT,0,1312677
furpa,0.5,1,1,CATTCACCGTCCAACGCGAG,0,1322465
furpa,0.5,1,1,CATTAGTGTCGGGCGAGGCG,0,1287695
furpa,0.5,1,1,CATTAGGTCGGTCTAGGACG,0,1343907
furpa,0.5,1,1,CATTAGGATGTCGCAGACCA,0,1317847
furpa,0.5,1,1,CATTAGCGGTTCTCTTCGCA,0,1328312
furpa,0.5,1,1,CATTAGAATCTTCAGGGACG,0,1276290
furpa,0.5,1,1,CATGTTGGCAGTGCCGGTAT,0,1329278
furpa,0.5,1,1,CATGTTCGGTCGGTTATGTT,0,1317641
furpa,0.5,1,1,CATGTGGCCATCTCTGCGGC,0,1331850
furpa,0.5,1,1,CATGTGCAGATACTGCTGCC,0,1315476
furpa,0.5,1,1,CATGTCGGGGCCTCACTACA,0,1279368
furpa,0.5,1,1,CATGTCCCTTGCGCTGTTTA,0,1297088
furpa,0.5,1,1,CATGTACGCGTGGCGGGGAA,0,1340284
furpa,0.5,1,1,CATGGTGAGCTCGATATATG,0,1317978
furpa,0.5,1,1,CATGGGTGGACACAAACCTT,0,1285295
furpa,0.5,1,1,CATGGCAACATTGCTAACGT,0,1271781
furpa,0.5,1,1,CATGCTTTGAATTACTATAC,0,1280973
furpa,0.5,1,1,CATGCTGCAAGCTCGCAGGG,0,1295084
furpa,0.5,1,1,CATGCTCATCGTGGTGGCTG,0,1350091
furpa,0.5,1,1,CATGCGAGTCATACAGAAAG,0,1331581
furpa,0.5,1,1,CATGCACTGTTAGTTGCTCT,0,1287463
furpa,0.5,1,1,CATGCACGGAATTTACCCCA,0,1344883
furpa,0.5,1,1,CATGCAAATCGTCCAACCAC,0,1323825
furpa,0.5,1,1,CATGCAAAACTTCACAGTGC,0,1313242
furpa,0.5,1,1,CATGATATTCAGCGGTCGCA,0,1303699
furpa,0.5,1,1,CATGAGCTCAGTAGTTGATA,0,1307924
furpa,0.5,1,1,CATGAGATCTAATACGGGTT,0,1305525
furpa,0.5,1,1,CATGAATGTCTCTTGCACCA,0,1351706
furpa,0.5,1,1,CATGAAGCACAAAGGGCGTA,0,1279862
furpa,0.5,1,1,CATGAACATGGTGCGTGACT,0,1340193
furpa,0.5,1,1,CATGAAAGGTTCTTAGAAGC,0,1309118
furpa,0.5,1,1,CATCTGGTTAATGGCCTCTT,0,1348375
furpa,0.5,1,1,CATCTGGCTACCGACTAGGC,0,1339032
furpa,0.5,1,1,CATCTGGCGGTACAAGGGGG,0,1338371
furpa,0.5,1,1,CATCTGATGTCCAACTTACG,0,1281167
furpa,0.5,1,1,CATCTAGGAGACTGCCCGGT,0,1345766
furpa,0.5,1,1,CATCGTGTTTCGTGATAGGG,0,1333219
furpa,0.5,1,1,CATCGTGCGTTAAATCATGG,0,1275727
furpa,0.5,1,1,CATCGGGATTAGGCTATAAG,0,1342888
furpa,0.5,1,1,CATCCGCATAAGGGACTCTG,0,1275921
furpa,0.5,1,1,CATCCAGGATGCCAGATGCA,0,1274346
furpa,0.5,1,1,CATCCACAGAAATGGGGACT,0,1288097
furpa,0.5,1,1,CATCACAGGCTAGGACTCCT,0,1297350
furpa,0.5,1,1,CATCAACTTCGGATGCACCC,0,1337917
furpa,0.5,1,1,CATATTGGGCAGCGAGAAGC,0,1287966
furpa,0.5,1,1,CATATTGAGAGCGCTCCCCC,0,1280437
furpa,0.5,1,1,CATATGGGCACTAAATTACG,0,1352445
furpa,0.5,1,1,CATATATTAATTGCGTTAGG,0,1320988
furpa,0.5,1,1,CATATAAACGATCCGTGCAA,0,1281054
furpa,0.5,1,1,CATAGTTTAGCGTGCGCAGA,0,1291692
furpa,0.5,1,1,CATAGATTCCCCCTTACGTG,0,1320702
furpa,0.5,1,1,CATAGATCGTGCGGGGAGCT,0,1282602
furpa,0.5,1,1,CATACTGGTATGTCTCAAAC,0,1326510
furpa,0.5,1,1,CATACTCTTGCAAGAAAGGA,0,1336349
furpa,0.5,1,1,CATACGATAGTGGAGTTCGG,0,1306064
furpa,0.5,1,1,CATACGAGCCTGACGGCATT,0,1284016
furpa,0.5,1,1,CATACATTCCGTATAGTGAG,0,1354064
furpa,0.5,1,1,CATAATTTAGTTCTACGACT,0,1341596
furpa,0.5,1,1,CATAATCGTAGGGGACAATC,0,1273539
furpa,0.5,1,1,CATAATCGGGGGTCCCCTCT,0,1294476
furpa,0.5,1,1,CATAAGTATAGCAGAAGTCA,0,1288810
furpa,0.5,1,1,CATAACGGTGCCTCTCAACA,0,1342202
furpa,0.5,1,1,CATAACCTGACACATTTTCG,0,1286965
furpa,0.5,1,1,CATAACCATAGTTCGAGATC,0,1276203
furpa,0.5,1,1,CATAACACATGGACTGCAAC,0,1332124
furpa,0.5,1,1,CATAAAGATCATTGTCATCT,0,1317074
furpa,0.5,1,1,CAGTTTTAGGTGCACGAAGA,0,1289966
furpa,0.5,1,1,CAGTTTGCACCAAGCTAATG,0,1337290
furpa,0.5,1,1,CAGTTGTTCGTTATGCGTTA,0,1332656
furpa,0.5,1,1,CAGTTAAACGAGTCCCCGGC,0,1352396
furpa,0.5,1,1,CAGTGGCCGTCGCGAAAGTA,0,1302945
furpa,0.5,1,1,CAGTGGCCAGAAATAGGAGT,0,1354518
furpa,0.5,1,1,CAGTGGATCAACTGGGTCTA,0,1282746
furpa,0.5,1,1,CAGTGGAAAGAGCTAATCCC,0,1280677
furpa,0.5,1,1,CAGTGCTCCAGGCCCGGGCG,0,1334373
furpa,0.5,1,1,CAGTGATCTAACACTACGGT,0,1351714
furpa,0.5,1,1,CAGTGACCGTGGATCTGGAC,0,1303368
furpa,0.5,1,1,CAGTCGGTAGAGGGTCCGGA,0,1272328
furpa,0.5,1,1,CAGTCCTGTCCTCGCCTTCA,0,1309001
furpa,0.5,1,1,CAGTCCAATTATGCGCACCG,0,1303424
furpa,0.5,1,1,CAGTCATGGGACCGCCGATT,0,1305577
furpa,0.5,1,1,CAGTCACAGAACCCGGCGGT,0,1285755
furpa,0.5,1,1,CAGTATGGAATCGAACACTC,0,1356595
furpa,0.5,1,1,CAGTAGGAGAGTCTCCACAC,0,1301707
furpa,0.5,1,1,CAGTAGGACACGAAGTTTAC,0,1340258
furpa,0.5,1,1,CAGTAGCCGCAACGGTCTAC,0,1350617
furpa,0.5,1,1,CAGTAATGTCCCGGTCACCC,0,1288768
furpa,0.5,1,1,CAGGTTCTCTCCTGCTGAAA,0,1290317
furpa,0.5,1,1,CAGGTGTTATTCATACTCAG,0,1317706
furpa,0.5,1,1,CAGGTCCGCACATACCTGAC,0,1355066
furpa,0.5,1,1,CAGGGTGAGTCATACCGGTA,0,1343422
furpa,0.5,1,1,CAGGGTCATCCCGCGGTGAC,0,1351390
furpa,0.5,1,1,CAGGGGTGTGACTAGGCCCT,0,1276615
furpa,0.5,1,1,CAGGGCTTCGAGCCGTCTGT,0,1282661
furpa,0.5,1,1,CAGGGCAGATATCAGATCGG,0,1295941
furpa,0.5,1,1,CAGGGATACATGATTTGCTT,0,1332410
furpa,0.5,1,1,CAGGCTGTTGATAGTTCTCT,0,1292054
furpa,0.5,1,1,CAGGCGTCTACGATAATCGA,0,1341184
furpa,0.5,1,1,CAGGCGCATGATGTGGGATG,0,1343346
furpa,0.5,1,1,CAGGATTCAGCTACCAGATT,0,1305907
furpa,0.5,1,1,CAGGATATGCGCGCGGTATA,0,1329265
furpa,0.5,1,1,CAGGAGTGCGGCCATCTGTT,0,1325578
furpa,0.5,1,1,CAGGAGATGCGGTTCCACCC,0,1281202
furpa,0.5,1,1,CAGGAATGTTTATGATTATC,0,1325094
furpa,0.5,1,1,CAGCTTGATGCCAGGGAATC,0,1308788
furpa,0.5,1,1,CAGCGTTTTCTCAAGAAACA,0,1343084
furpa,0.5,1,1,CAGCGGCAGTACTGGTGTAG,0,1326918
furpa,0.5,1,1,CAGCGGAGCCCTTTAACATC,0,1316967
furpa,0.5,1,1,CAGCGCGAGCACATTGATCT,0,1301422
furpa,0.5,1,1,CAGCGATCCTGCCCGCAGTG,0,1301992
furpa,0.5,1,1,CAGCGAGTGCCATGTAAGCG,0,1318152
furpa,0.5,1,1,CAGCGAAACATCTTCGTATT,0,1292012
furpa,0.5,1,1,CAGCCTTTTGGAGACATAAT,0,1291995
furpa,0.5,1,1,CAGCCGTTTAGTCGTGTGTG,0,1298209
furpa,0.5,1,1,CAGCCGATGAAAGATAGGGT,0,1291118
furpa,0.5,1,1,CAGCATGGATAATCCTTCAC,0,1305775
furpa,0.5,1,1,CAGCAAGTGTTATACGGATG,0,1356077
furpa,0.5,1,1,CAGATTACTAGAGGCGACTT,0,1323569
furpa,0.5,1,1,CAGATGCCGCATACTAGACG,0,1297495
furpa,0.5,1,1,CAGATCTTGGGGAGGCATGT,0,1307173
furpa,0.5,1,1,CAGATCTGTTTGCAGCACGG,0,1342625
furpa,0.5,1,1,CAGATAGTAATCGTTACAAC,0,1347625
furpa,0.5,1,1,CAGAGGTGGGTTGCAGAGGG,0,1317361
furpa,0.5,1,1,CAGAGCGTCCGTCCGTCGGT,0,1307914
furpa,0.5,1,1,CAGAGACCTTTCTGTCCGGC,0,1355458
furpa,0.5,1,1,CAGACTTTCGGGAACCAATG,0,1330186
furpa,0.5,1,1,CAGACTCATTTCGTCAACGC,0,1325487
furpa,0.5,1,1,CAGACTAGGGCCACGATATG,0,1279938
furpa,0.5,1,1,CAGACGTCTCCTTTCAGCGG,0,1301417
furpa,0.5,1,1,CAGACGTAGCCCGGAAAGTG,0,1333552
furpa,0.5,1,1,CAGACGCGAACCTGCTGAAG,0,1286388
furpa,0.5,1,1,CAGACGCCTGTACTGTACAG,0,1304071
furpa,0.5,1,1,CAGACGAGCTTCTCACATAG,0,1344157
furpa,0.5,1,1,CAGACGAGCGAGGGAGGATT,0,1289318
furpa,0.5,1,1,CAGACCTCAACGGCTCCCCA,0,1284488
furpa,0.5,1,1,CAGACCGCAACGGGTGCCAA,0,1300538
furpa,0.5,1,1,CAGACCCTTGGAATCTGAGA,0,1293522
furpa,0.5,1,1,CAGACACTCGCCGGACCATG,0,1318290
furpa,0.5,1,1,CAGAAGGAGTTATGTCCTTT,0,1355127
furpa,0.5,1,1,CAGAAGAATTACCGGACCCA,0,1327650
furpa,0.5,1,1,CAGAAAATCCGGTAGACGGG,0,1329735
furpa,0.5,1,1,CACTTTCAAGCTTGTCAAAT,0,1324569
furpa,0.5,1,1,CACTGGGAATGGCAAGTTTA,0,1335514
furpa,0.5,1,1,CACTGCACGATTAAGGGTCC,0,1295822
furpa,0.5,1,1,CACTCTCGGCATGATACCAA,0,1337495
furpa,0.5,1,1,CACTCGTGGATATTCGCGAG,0,1317237
furpa,0.5,1,1,CACTCGCGTATCCTATACGC,0,1322729
furpa,0.5,1,1,CACTCCTGGGCAGGGGTCAT,0,1316590
furpa,0.5,1,1,CACTCCCTTCCTTATTGTTA,0,1283684
furpa,0.5,1,1,CACTCCCTGAGCTCTGCTAG,0,1281121
furpa,0.5,1,1,CACTCATGGAGTCCTGGTAT,0,1321269
furpa,0.5,1,1,CACTCAGAATACCGGGTATA,0,1349333
furpa,0.5,1,1,CACTCACCAAATGTCTGGAT,0,1271872
furpa,0.5,1,1,CACTATACCACCCGATCCTG,0,1307878
furpa,0.5,1,1,CACTAATTATCTTATGCCGG,0,1274588
furpa,0.5,1,1,CACTAATGACACTCCCGTAT,0,1310715
furpa,0.5,1,1,CACGTGCTGCAACGCGATTA,0,1271833
furpa,0.5,1,1,CACGTACGGTATCATTCCGT,0,1326429
furpa,0.5,1,1,CACGGTAGGCTGGTGGAGAC,0,1337643
furpa,0.5,1,1,CACGCTTAAACGACGACCAA,0,1351350
furpa,0.5,1,1,CACGCGCAATCTCTTATGTA,0,1351399
furpa,0.5,1,1,CACGCATGGCATTTAACGAG,0,1296805
furpa,0.5,1,1,CACGCACCCACATTCCACGT,0,1302791
furpa,0.5,1,1,CACGATCAACGTTGGTAAGA,0,1286101
furpa,0.5,1,1,CACGAAACGGGCTAAGTGCT,0,1347055
furpa,0.5,1,1,CACCTTAGTGATAACAAATG,0,1353743
furpa,0.5,1,1,CACCTGGCAATTCGTGATTG,0,1305367
furpa,0.5,1,1,CACCTGCGGTTCCGACGCAG,0,1276278
furpa,0.5,1,1,CACCGGCGCAACCCTACTCA,0,1315589
furpa,0.5,1,1,CACCGCAGCCACCGCAAATC,0,1351171
furpa,0.5,1,1,CACCCGCAAGAAGAGTCCCG,0,1324464
furpa,0.5,1,1,CACCATTTTTAATGAGAAGC,0,1344197
furpa,0.5,1,1,CACCATTGGGACGAGCTCGG,0,1301610
furpa,0.5,1,1,CACCATGTGGTTTGCGTCGT,0,1274631
furpa,0.5,1,1,CACCACGCGTGTCGGCCTAA,0,1313192
furpa,0.5,1,1,CACCAACCCACGGGCGCTCT,0,1288304
furpa,0.5,1,1,CACATTCTTTGATGAAGACT,0,1324402
furpa,0.5,1,1,CACATTAGAGAGAGTCACTA,0,1341028
furpa,0.5,1,1,CACATGCAAGCGCATGGTGG,0,1353563
furpa,0.5,1,1,CACATCTATGACGACGGTAA,0,1339238
furpa,0.5,1,1,CACATCAAAAAGTAGGTCAC,0,1277050
furpa,0.5,1,1,CACAGTCTCTTCATCCGTCG,0,1319008
furpa,0.5,1,1,CACAGTCAACTGCTTTTAGT,0,1306489
furpa,0.5,1,1,CACAGTATTTGATCCTACAC,0,1296118
furpa,0.5,1,1,CACAGTATGTGATGATCGTT,0,1289981
furpa,0.5,1,1,CACAGGGTTCAACAACAATG,0,1302090
furpa,0.5,1,1,CACAGGGCTTGCGAGGGATA,0,1290155
furpa,0.5,1,1,CACAGGCACTATCACTCAAC,0,1343518
furpa,0.5,1,1,CACAGCGCAGACGTCGTGCT,0,1306972
furpa,0.5,1,1,CACAGCCGTTAGAGGTCCTG,0,1318054
furpa,0.5,1,1,CACAGAGATCATGTGGGCCA,0,1271429
furpa,0.5,1,1,CACAGAACGTAGTTATTTGG,0,1323226
furpa,0.5,1,1,CACACGATGTGGTATGCAGG,0,1272680
furpa,0.5,1,1,CACACATATACGAACCCGCG,0,1296926
furpa,0.5,1,1,CACACAGGGGAGTGGGGCAC,0,1355431
furpa,0.5,1,1,CACAATAGCCGGATAAAGAC,0,1306868
furpa,0.5,1,1,CACAACTCTGCGCTGGCAGC,0,1315598
furpa,0.5,1,1,CACAACACTGACGTGTTGCT,0,1356211
furpa,0.5,1,1,CAATTTCGCCTCTTACAGTA,0,1301892
furpa,0.5,1,1,CAATTTAAGAGTACGTATAA,0,1317724
furpa,0.5,1,1,CAATGTGTCCTACCAGCAGC,0,1322879
furpa,0.5,1,1,CAATGCGACGCTAAATTTAC,0,1323809
furpa,0.5,1,1,CAATCACTAGGACTCACCGC,0,1288606
furpa,0.5,1,1,CAATATTCTATCGGGTCGTT,0,1275654
furpa,0.5,1,1,CAATATTCACATTTGCGTAC,0,1297779
furpa,0.5,1,1,CAATATCGTTAAAAAGTAAC,0,1331844
furpa,0.5,1,1,CAATAGTATAGCCAATAATA,0,1271328
furpa,0.5,1,1,CAATAGCGTTCACGGTCTCG,0,1308904
furpa,0.5,1,1,CAATACTGCGCTCTACACCA,0,1272596
furpa,0.5,1,1,CAAGTTTTTAGTCATAACTT,0,1305847
furpa,0.5,1,1,CAAGTTGTAGATGTTACTGG,0,1283479
furpa,0.5,1,1,CAAGTTAGAAAGTAACCCCA,0,1276577
furpa,0.5,1,1,CAAGTGTCCCGCACGCAACA,0,1284360
furpa,0.5,1,1,CAAGTCTAGGCGGTATATCA,0,1306975
furpa,0.5,1,1,CAAGTATTGTTGCCCAGTCT,0,1275782
furpa,0.5,1,1,CAAGTAATCGTGAGTCACCA,0,1301656
furpa,0.5,1,1,CAAGGTTCAATCAGGATAGG,0,1308890
furpa,0.5,1,1,CAAGGTGGCTCGTTCCCCAC,0,1281467
furpa,0.5,1,1,CAAGGGGAAGAGTCTTTGTG,0,1345622
furpa,0.5,1,1,CAAGGCGATAGCGTGGTCGC,0,1316225
furpa,0.5,1,1,CAAGGATCGGCGATGACTAT,0,1339458
furpa,0.5,1,1,CAAGGAGTTTTACCTAGCGA,0,1284102
furpa,0.5,1,1,CAAGCGTTCGCATTCCCATA,0,1286349
furpa,0.5,1,1,CAAGCGTCGGTTGGGACTTA,0,1347999
furpa,0.5,1,1,CAAGCGGTAAATCAGTATAG,0,1342255
furpa,0.5,1,1,CAAGCGGGTACACTGTTAGC,0,1312582
furpa,0.5,1,1,CAAGCGGGAGGAGCGTCACC,0,1303372
furpa,0.5,1,1,CAAGCGAGCCACATGTTGGA,0,1333455
furpa,0.5,1,1,CAAGCCTACGCAGGGGTCTT,0,1314834
furpa,0.5,1,1,CAAGCCGGACCAGCACCTAA,0,1318465
furpa,0.5,1,1,CAAGCCATCGCTTCGATTTC,0,1320411
furpa,0.5,1,1,CAAGCATAGTGGACCTGAAT,0,1345128
furpa,0.5,1,1,CAAGCACACGCTGTGATAAG,0,1306844
furpa,0.5,1,1,CAAGAGTAGTGCGCAGCCTA,0,1305749
furpa,0.5,1,1,CAACTTTGTGCATGGCGAAA,0,1290268
furpa,0.5,1,1,CAACTGTTTACGGTTGGTAA,0,1340079
furpa,0.5,1,1,CAACTCCGGCAAACGGTCAA,0,1276530
furpa,0.5,1,1,CAACTAGTGTATAGATTTGA,0,1287451
furpa,0.5,1,1,CAACTAGGTTGGCTAACATA,0,1277578
furpa,0.5,1,1,CAACGTCGCTGTGAAGCTAA,0,1271942
furpa,0.5,1,1,CAACGTCCTAGGGCTTACGC,0,1324928
furpa,0.5,1,1,CAACGACTTATTCAAATAGT,0,1275079
furpa,0.5,1,1,CAACGACCGTCGAGTGTCAC,0,1272004
furpa,0.5,1,1,CAACCTGCGACTCGGCGATT,0,1326919
furpa,0.5,1,1,CAACCTCACGCAGGGTATTA,0,1309522
furpa,0.5,1,1,CAACCGGTCTAGGGGCACTA,0,1327323
furpa,0.5,1,1,CAACATGATCGGTGCGGTGT,0,1354304
furpa,0.5,1,1,CAACAGACCTAGATGACTCT,0,1349330
furpa,0.5,1,1,CAACACACGGCGGTCCCCCT,0,1276383
furpa,0.5,1,1,CAACAATAAAACCTATCCCG,0,1309473
furpa,0.5,1,1,CAACAAATGGAGTCCATGAC,0,1286234
furpa,0.5,1,1,CAAATCTGGTAATCGGTATT,0,1350949
furpa,0.5,1,1,CAAATAGGCACTAAACCTCG,0,1334749
furpa,0.5,1,1,CAAATAACGTTCGTTTGGAA,0,1307822
furpa,0.5,1,1,CAAAGTTCGCCCATGTCAGC,0,1310165
furpa,0.5,1,1,CAAAGTCATCCCCTTTCTGT,0,1272074
furpa,0.5,1,1,CAAAGGTGGACTAGGCAGAC,0,1335659
furpa,0.5,1,1,CAAAGGTATAACGGGTTCGT,0,1299447
furpa,0.5,1,1,CAAAGAGCGCCTTATAGTAT,0,1342050
furpa,0.5,1,1,CAAAGAAGCGCAGGGATCAT,0,1351303
furpa,0.5,1,1,CAAACTTTCTTTCCGGTGTG,0,1332814
furpa,0.5,1,1,CAAACTGTGTTAAGCAAAAA,0,1283674
furpa,0.5,1,1,CAAACGGGCCACTGGAGGCT,0,1278700
furpa,0.5,1,1,CAAACGGCCATACACGCCTG,0,1273037
furpa,0.5,1,1,CAAACGCTAGCATACCCATA,0,1319578
furpa,0.5,1,1,CAAACCGAGCCCAAGAAGTT,0,1335329
furpa,0.5,1,1,CAAACACTGTCGTTCTTAGA,0,1305455
furpa,0.5,1,1,CAAACAATTTCCAATACTAT,0,1347649
furpa,0.5,1,1,CAAACAACAACCGAAACCTA,0,1328262
furpa,0.5,1,1,CAAAATATTTATGAAACCAG,0,1304138
furpa,0.5,1,1,ATTTTTTTTATGCCTACACC,0,1339236
furpa,0.5,1,1,ATTTTTGAGGCTATTGGAGA,0,1318913
furpa,0.5,1,1,ATTTTGACGCGATGTCGGGG,0,1352355
furpa,0.5,1,1,ATTTTCATTATCCTCACGCG,0,1336581
furpa,0.5,1,1,ATTTTCAATTTATCCCTGGT,0,1293624
furpa,0.5,1,1,ATTTTAGGCTGAAGCTGGCT,0,1310454
furpa,0.5,1,1,ATTTTACGTGTGCCAGAGTG,0,1325570
furpa,0.5,1,1,ATTTGTTCGCTTCGCTTATG,0,1301995
furpa,0.5,1,1,ATTTGTCTGAATCGCGTCCG,0,1327920
furpa,0.5,1,1,ATTTGGGTGCTTCCTATTTA,0,1344763
furpa,0.5,1,1,ATTTGGGAAATAATTCTCCG,0,1341373
furpa,0.5,1,1,ATTTGCGGACTATAGGTTAA,0,1357322
furpa,0.5,1,1,ATTTGCATGAAACAGAGGAC,0,1325849
furpa,0.5,1,1,ATTTGACTCTAATAGCGGGA,0,1303389
furpa,0.5,1,1,ATTTCGATTCGGAGGACGGT,0,1284862
furpa,0.5,1,1,ATTTCGAGCCAGGTCGTGTT,0,1351890
furpa,0.5,1,1,ATTTCCGTACCGGTCGATCA,0,1277169
furpa,0.5,1,1,ATTTCCGGTGGTGTGAGGAG,0,1283118
furpa,0.5,1,1,ATTTCAGGCTATTAATATCG,0,1311446
furpa,0.5,1,1,ATTTCAGACTTTTATATAGC,0,1280831
furpa,0.5,1,1,ATTTATAACGTAAGGACCTA,0,1355673
furpa,0.5,1,1,ATTTAGTAATGCCAGTCCCA,0,1305027
furpa,0.5,1,1,ATTTACCTATTCGCGCCCCA,0,1331917
furpa,0.5,1,1,ATTTACCACCATGGCAGAAA,0,1294925
furpa,0.5,1,1,ATTTAATCAGATCGGGTAAA,0,1332036
furpa,0.5,1,1,ATTTAACGTCCGATCTCAGA,0,1308116
furpa,0.5,1,1,ATTGTGGGTAGGTTAAGCAA,0,1341513
furpa,0.5,1,1,ATTGTGCTCTTTGCCGAGAA,0,1344164
furpa,0.5,1,1,ATTGTGATCCCGACAAAAAT,0,1346089
furpa,0.5,1,1,ATTGTGACCTCCTGGCTTCT,0,1287056
furpa,0.5,1,1,ATTGTCCGGACGGGATTTGA,0,1348672
furpa,0.5,1,1,ATTGTCAGTAGGGAAAAATC,0,1276699
furpa,0.5,1,1,ATTGTACCCCATAGTAGATT,0,1311875
furpa,0.5,1,1,ATTGGGGAACTAGCCTGCAG,0,1294435
furpa,0.5,1,1,ATTGGGATTTGGGGCGGTTT,0,1295283
furpa,0.5,1,1,ATTGGCCACTTGTAGTGCTA,0,1311994
furpa,0.5,1,1,ATTGGATTAAGTGCCAAATC,0,1351312
furpa,0.5,1,1,ATTGGAGTGCACACAATAGG,0,1304468
furpa,0.5,1,1,ATTGGACGTTGTCACATCTT,0,1284072
furpa,0.5,1,1,ATTGCGGCTGTACGTGGGAG,0,1314422
furpa,0.5,1,1,ATTGCGCCCTATTTTTGATT,0,1320990
furpa,0.5,1,1,ATTGCGAACTCGAAACAGAC,0,1287998
furpa,0.5,1,1,ATTGCCCCTCAAAGAGGATT,0,1304216
furpa,0.5,1,1,ATTGCAATTAGGTCTTCAAG,0,1351261
furpa,0.5,1,1,ATTGATCGAGTTGCACACAA,0,1319034
furpa,0.5,1,1,ATTGAGGTGTGGATTTTAAG,0,1317373
furpa,0.5,1,1,ATTGACACATCTCCTCTATA,0,1347419
furpa,0.5,1,1,ATTGAATGGTTGTTCGCTGT,0,1323982
furpa,0.5,1,1,ATTGAATGCAAGCATCATTG,0,1330065
furpa,0.5,1,1,ATTGAACATTTAGTTAGAAT,0,1321526
furpa,0.5,1,1,ATTCTTCTACGGCGGTGATA,0,1290460
furpa,0.5,1,1,ATTCTCTACGCACCCAGCAG,0,1321656
furpa,0.5,1,1,ATTCTATCATGTGCCTTAGG,0,1317883
furpa,0.5,1,1,ATTCTAGCGATAGGCCGGGA,0,1324233
furpa,0.5,1,1,ATTCGTTTATCAATGTTGTA,0,1317320
furpa,0.5,1,1,ATTCGCGGGACGGTTCGTGT,0,1283617
furpa,0.5,1,1,ATTCGCGCCAATAGCGTCGC,0,1327495
furpa,0.5,1,1,ATTCGAAGGGATAACGTAAT,0,1343947
furpa,0.5,1,1,ATTCCGGGTTCGGGCTGGAC,0,1294886
furpa,0.5,1,1,ATTCCGATCGTTAAGCTTAG,0,1307982
furpa,0.5,1,1,ATTCCGACTCTGAAAGGTAA,0,1344651
furpa,0.5,1,1,ATTCCCGGTGCGTATCGGTC,0,1318691
furpa,0.5,1,1,ATTCCATAGTCGGCGGGTGG,0,1354926
furpa,0.5,1,1,ATTCCAGCATTGGGGTTTTA,0,1301391
furpa,0.5,1,1,ATTCATGCATTCTTTCAAAA,0,1319571
furpa,0.5,1,1,ATTCATAATCGAGCATTTAT,0,1283599
furpa,0.5,1,1,ATTCAGTTTGAGTTACAGCT,0,1272524
furpa,0.5,1,1,ATTCAGGGATAAGATGCGAG,0,1278773
furpa,0.5,1,1,ATTCAGAGAGGCTACGAGAT,0,1354511
furpa,0.5,1,1,ATTATTGACGCATATTGTTT,0,1319654
furpa,0.5,1,1,ATTATGTCAACGATTATATT,0,1311763
furpa,0.5,1,1,ATTATGGCCCGGGGATCATG,0,1346773
furpa,0.5,1,1,ATTATCTCTACGCTGATGGA,0,1307653
furpa,0.5,1,1,ATTATACACCTATTAGTGCT,0,1329057
furpa,0.5,1,1,ATTATAAGCTCACAGCGGAT,0,1327147
furpa,0.5,1,1,ATTATAACGGAATGCTGTGA,0,1283824
furpa,0.5,1,1,ATTAGCTGAATGCTAAACAA,0,1323412
furpa,0.5,1,1,ATTAGATACCTTTCTTATAC,0,1287077
furpa,0.5,1,1,ATTAGACGTGTCAGTATATG,0,1293450
furpa,0.5,1,1,ATTACTTGCGAAGCGATTTA,0,1330663
furpa,0.5,1,1,ATTACGCGTCGTAATACAGA,0,1286304
furpa,0.5,1,1,ATTACGCATTGGTGTGTTCT,0,1310833
furpa,0.5,1,1,ATTACCTAGGTTCGGATACG,0,1321502
furpa,0.5,1,1,ATTAATTTATACGTCGTCCT,0,1330521
furpa,0.5,1,1,ATTAAGGCAAGAAAGTGTAT,0,1354242
furpa,0.5,1,1,ATTAACAAATGATCAAACTC,0,1306317
furpa,0.5,1,1,ATTAAAGTCTGGATATTAGG,0,1302603
furpa,0.5,1,1,ATGTTTGCCAGATGAGTTTT,0,1322572
furpa,0.5,1,1,ATGTTTAGTCATCACCTACG,0,1321863
furpa,0.5,1,1,ATGTTGGGGGCGTCGGTAGG,0,1331096
furpa,0.5,1,1,ATGTTCACTGTCATGGGGCA,0,1294157
furpa,0.5,1,1,ATGTTAGTTCAAGTATATAT,0,1344394
furpa,0.5,1,1,ATGTTACTCGGATGAGTCCT,0,1339461
furpa,0.5,1,1,ATGTTAAATCTGAATATAGA,0,1341817
furpa,0.5,1,1,ATGTGTTTGACAACGGCTTG,0,1274209
furpa,0.5,1,1,ATGTGGATTGGCTACCATCC,0,1273607
furpa,0.5,1,1,ATGTCTAGTTGTGAACCAGA,0,1305481
furpa,0.5,1,1,ATGTCGGGCAGATTATAAAT,0,1351421
furpa,0.5,1,1,ATGTCGCCTTGGCTGGAATA,0,1347361
furpa,0.5,1,1,ATGTCGCATTGCGTAGTGGA,0,1273693
furpa,0.5,1,1,ATGTCCGAGACGTAGACTTC,0,1271775
furpa,0.5,1,1,ATGTCCCGCGCTCCTCATAA,0,1317077
furpa,0.5,1,1,ATGTCAGCTCAACCTATCGG,0,1287074
furpa,0.5,1,1,ATGTATCCTTGGCGAGGGGG,0,1320606
furpa,0.5,1,1,ATGTAACGACTCCCATTTCT,0,1346624
furpa,0.5,1,1,ATGTAACCGCAAATTGTTGC,0,1333464
furpa,0.5,1,1,ATGGTTTCCCATCTTGTTCT,0,1296309
furpa,0.5,1,1,ATGGTTGTGAGAGATCGGGA,0,1317339
furpa,0.5,1,1,ATGGTGTCAAACCGGCTACA,0,1281982
furpa,0.5,1,1,ATGGTGGCAGACTCTAAGTA,0,1305615
furpa,0.5,1,1,ATGGTGCTCTAATCGTTCAA,0,1300153
furpa,0.5,1,1,ATGGTGCTCACATTTACGCT,0,1281589
furpa,0.5,1,1,ATGGTGAAACAACGGGGTAC,0,1351736
furpa,0.5,1,1,ATGGTAGTCGTAGGTGGCTT,0,1350650
furpa,0.5,1,1,ATGGTAGCGCTATGCAAGCA,0,1275663
furpa,0.5,1,1,ATGGGTATTCTGACGGCGTG,0,1352112
furpa,0.5,1,1,ATGGGGGTGTAACTATGTTA,0,1335109
furpa,0.5,1,1,ATGGGGGCGAACGATGTTAC,0,1336027
furpa,0.5,1,1,ATGGGGACCCCCTCGTTCGG,0,1290711
furpa,0.5,1,1,ATGGGCTCTAACTCTCCCGG,0,1337526
furpa,0.5,1,1,ATGGCTTGTAGAATGGACAA,0,1284870
furpa,0.5,1,1,ATGGCTTAAAGCGTACACTC,0,1288368
furpa,0.5,1,1,ATGGCTCGGGCCTCCCATCC,0,1327248
furpa,0.5,1,1,ATGGCGTACGCACACTCGGA,0,1301166
furpa,0.5,1,1,ATGGCCGCTAAAGCCCAGCA,0,1289268
furpa,0.5,1,1,ATGGCCACCTGGAACACCGG,0,1344660
furpa,0.5,1,1,ATGGCAGAGGTCATCTCCGC,0,1277211
furpa,0.5,1,1,ATGGATGAATGGAATGATCC,0,1346347
furpa,0.5,1,1,ATGGAAGAAAGTTAGATGAG,0,1301033
furpa,0.5,1,1,ATGCTTAGTTCGAGATGTGT,0,1282529
furpa,0.5,1,1,ATGCTTACGGGTAGTTCTTT,0,1279853
furpa,0.5,1,1,ATGCTCTTCCATATACCATA,0,1332180
furpa,0.5,1,1,ATGCTCGGACGGGAAGAGCA,0,1287403
furpa,0.5,1,1,ATGCTCCGGAATTGAGATGT,0,1341146
furpa,0.5,1,1,ATGCTAGGGATTACGCAACG,0,1288369
furpa,0.5,1,1,ATGCTACGTAAATCATTCGG,0,1314986
furpa,0.5,1,1,ATGCTAATGTATATACTGTA,0,1354171
furpa,0.5,1,1,ATGCGTGGCGCGCCACACAT,0,1350312
furpa,0.5,1,1,ATGCGTCTGGTACTATCATT,0,1341241
furpa,0.5,1,1,ATGCGTAATGCGCGGCGACG,0,1307751
furpa,0.5,1,1,ATGCGGTTGAAGGATACCGT,0,1333518
furpa,0.5,1,1,ATGCGCTAATAGTCATTCGG,0,1320585
furpa,0.5,1,1,ATGCGCACATGCACTGGTAC,0,1294128
furpa,0.5,1,1,ATGCCTGAGAGGAGTTCGAC,0,1294612
furpa,0.5,1,1,ATGCCGCGCTTTCGGTAGAG,0,1355975
furpa,0.5,1,1,ATGCCGATGAATTGAGCGTA,0,1277048
furpa,0.5,1,1,ATGCCATCAAGATGGACATA,0,1275870
furpa,0.5,1,1,ATGCCACACTAGCTTGACAT,0,1334098
furpa,0.5,1,1,ATGCAGGGCTGCAGTATAGC,0,1320679
furpa,0.5,1,1,ATGCAGCAATCAAGTTAAGA,0,1318777
furpa,0.5,1,1,ATGCAAGCTGGAGGGGGGCA,0,1283070
furpa,0.5,1,1,ATGATTATATAAAGTGGGTC,0,1296438
furpa,0.5,1,1,ATGATGTACTCAGGCATAAA,0,1317282
furpa,0.5,1,1,ATGATGCGCCGGACGGAGTC,0,1271673
furpa,0.5,1,1,ATGATGAAGCGAGCCATACA,0,1293076
furpa,0.5,1,1,ATGATCCCGAAGAGTGGCTG,0,1320246
furpa,0.5,1,1,ATGAGTGGAACGGACACAAA,0,1316070
furpa,0.5,1,1,ATGAGCTAGAGCAAGATTTG,0,1327669
furpa,0.5,1,1,ATGAGCGTTGGAGGCTGGAT,0,1340446
furpa,0.5,1,1,ATGAGCGTACCCATGTTCAC,0,1325563
furpa,0.5,1,1,ATGAGATTCGGTACCTATAC,0,1353629
furpa,0.5,1,1,ATGAGAACTACTGTAACAAT,0,1285171
furpa,0.5,1,1,ATGACTGGCCTCGCCGGTTA,0,1280005
furpa,0.5,1,1,ATGACTGAGGTACGGACCGT,0,1304204
furpa,0.5,1,1,ATGACTCCCCAAAGGCAGAC,0,1275923
furpa,0.5,1,1,ATGACGTTACACATAACCCA,0,1341136
furpa,0.5,1,1,ATGACGCGGATTGGAGTGAT,0,1325856
furpa,0.5,1,1,ATGACCTAGCCTATGCGACC,0,1335853
furpa,0.5,1,1,ATGACCCGAAGTTGTCTTCC,0,1298826
furpa,0.5,1,1,ATGAAGGAGACGGTCCCGAA,0,1276544
furpa,0.5,1,1,ATGAACCGGGGACGGCCAGA,0,1315420
furpa,0.5,1,1,ATGAAAGGATGTCCGTTGGC,0,1322768
furpa,0.5,1,1,ATCTTTAATTCGAAACTTAA,0,1353546
furpa,0.5,1,1,ATCTTGTGTAGCGATGGTAG,0,1346110
furpa,0.5,1,1,ATCTTGCGCATTCATAGGCA,0,1279244
furpa,0.5,1,1,ATCTTGCACGGCGGTATAAT,0,1295093
furpa,0.5,1,1,ATCTTCTCCCATATAAGATC,0,1279695
furpa,0.5,1,1,ATCTTCCCTCCATGCACTTG,0,1297604
furpa,0.5,1,1,ATCTTAGTGGAGTCAGACTC,0,1281701
furpa,0.5,1,1,ATCTTAGAGGCTTGGCGTCC,0,1308640
furpa,0.5,1,1,ATCTGTGCTCCCCCAACAGG,0,1297134
furpa,0.5,1,1,ATCTGTGACTTCGATGCCCA,0,1322035
furpa,0.5,1,1,ATCTGCTAGGCTCGACTTCC,0,1340726
furpa,0.5,1,1,ATCTGCGCTCCTATATTACG,0,1284331
furpa,0.5,1,1,ATCTGCCTAGTGTTCTTCAG,0,1350800
furpa,0.5,1,1,ATCTGATTCGCCGAGCGTGA,0,1334570
furpa,0.5,1,1,ATCTCCAAAAGATTCAGCGG,0,1280319
furpa,0.5,1,1,ATCTCACAGATCTTTAGTCA,0,1324632
furpa,0.5,1,1,ATCTCACAAGTTATGGCCTT,0,1295890
furpa,0.5,1,1,ATCTATTGATAAGTCTGCCA,0,1356321
furpa,0.5,1,1,ATCTACGTGTCCGCGGGTCG,0,1279304
furpa,0.5,1,1,ATCTACCGAAAGGAAAAGCC,0,1324686
furpa,0.5,1,1,ATCGTTTGTTAATGGGTATT,0,1351451
furpa,0.5,1,1,ATCGTTTCTCGATGGTGTTT,0,1284346
furpa,0.5,1,1,ATCGTTGCCGTATGGGGGAG,0,1277547
furpa,0.5,1,1,ATCGTCTTCGGCGGGACTAG,0,1306624
furpa,0.5,1,1,ATCGGTGCAGAACGGCGGTA,0,1321224
furpa,0.5,1,1,ATCGGTAACGTATAAACTTC,0,1312409
furpa,0.5,1,1,ATCGGCTCCTCGACTTCGGT,0,1334683
furpa,0.5,1,1,ATCGCGGAACGCTCACGGTG,0,1286416
furpa,0.5,1,1,ATCGCGCGGGACAATTAACA,0,1274795
furpa,0.5,1,1,ATCGCCCGTTTTTCCGGGAC,0,1341409
furpa,0.5,1,1,ATCGATCACTTGCAGCAGTG,0,1326801
furpa,0.5,1,1,ATCGATCAACGAGGTGCGCG,0,1339708
furpa,0.5,1,1,ATCGAAGGCCGTGATATGCC,0,1341012
furpa,0.5,1,1,ATCCTTTAAGAGTGCGTCGT,0,1345249
furpa,0.5,1,1,ATCCTCTCTGACATGGAGTC,0,1350952
furpa,0.5,1,1,ATCCTCGAGTGTTTTAAATT,0,1285521
furpa,0.5,1,1,ATCCTCCTCGGCATTTCTTT,0,1319383
furpa,0.5,1,1,ATCCTCATCGGCCATTAGCT,0,1326669
furpa,0.5,1,1,ATCCTAAGGTCTCCAAGTCA,0,1292589
furpa,0.5,1,1,ATCCGGCATTGGCCTTAGTC,0,1325664
furpa,0.5,1,1,ATCCGCCTAATCCTCTACTC,0,1305703
furpa,0.5,1,1,ATCCGCACGGATGTAAGGCT,0,1349829
furpa,0.5,1,1,ATCCGATACGCAACGTTGGA,0,1337027
furpa,0.5,1,1,ATCCCTGCAGCTACGCTGGC,0,1345492
furpa,0.5,1,1,ATCCCTATATAAGAAAATTG,0,1271184
furpa,0.5,1,1,ATCCCGCCGAGTCCGCACTT,0,1327352
furpa,0.5,1,1,ATCCCCCCGCATCTCATGTT,0,1349675
furpa,0.5,1,1,ATCCCATGCTTGAGCAGAGG,0,1271777
furpa,0.5,1,1,ATCCAGCATGGGCATTTCGT,0,1280958
furpa,0.5,1,1,ATCCAACGACATACACTTAT,0,1285194
furpa,0.5,1,1,ATCCAAAGGGAGCACTCATA,0,1305436
furpa,0.5,1,1,ATCATTCAGACGCCACTTGA,0,1332379
furpa,0.5,1,1,ATCATGTCGGTACTAATCAA,0,1294134
furpa,0.5,1,1,ATCATGAAAGGGAACACACG,0,1333873
furpa,0.5,1,1,ATCATCTGATGTTCTGAAAG,0,1327337
furpa,0.5,1,1,ATCAGTGCTCAAGTATACTC,0,1311367
furpa,0.5,1,1,ATCAGGGAAATGGTATAGCG,0,1348750
furpa,0.5,1,1,ATCAGCTGAGCCTCGGACCG,0,1337305
furpa,0.5,1,1,ATCAGCAAAATGAGCGGACT,0,1272472
furpa,0.5,1,1,ATCACCTGACGGATACGCGA,0,1350446
furpa,0.5,1,1,ATCACCTCTCACCCGAACCC,0,1298267
furpa,0.5,1,1,ATCACAGGAACTTTTAAGAC,0,1319173
furpa,0.5,1,1,ATCAAGGGGTTCCGGCGTGT,0,1282324
furpa,0.5,1,1,ATCAAGATAAAGCCCAAATG,0,1281518
furpa,0.5,1,1,ATCAACGAATCACAGCCAGA,0,1285624
furpa,0.5,1,1,ATCAAATCTTGACAAGTCCT,0,1278153
furpa,0.5,1,1,ATCAAAATAATACAGCCTCG,0,1305160
furpa,0.5,1,1,ATCAAAACTGGGGCCGCTTT,0,1289963
furpa,0.5,1,1,ATATGTTGCGTTACCCACAT,0,1321856
furpa,0.5,1,1,ATATGTAAGACAAGTGTGAA,0,1275368
furpa,0.5,1,1,ATATGCTTACCTTTCGGCTG,0,1357410
furpa,0.5,1,1,ATATGCTGTAATCAACAAGC,0,1288989
furpa,0.5,1,1,ATATGCACTCTCACTTGTGC,0,1319566
furpa,0.5,1,1,ATATCTTTTCTAAGGTACGA,0,1340429
furpa,0.5,1,1,ATATCGCTTGCTGGTGATGA,0,1306679
furpa,0.5,1,1,ATATACTGCATAGTCTCACC,0,1351111
furpa,0.5,1,1,ATATACATACGTCTTGCGAG,0,1335227
furpa,0.5,1,1,ATATACAATAAAGTCGCAAA,0,1349731
furpa,0.5,1,1,ATATAATCAGCAGCACATCA,0,1290973
furpa,0.5,1,1,ATATAACTCGTTCGCGAGTT,0,1351432
furpa,0.5,1,1,ATAGTTTAGTAATGCGATGC,0,1338184
furpa,0.5,1,1,ATAGTAGCCGGCGTTGGGTC,0,1318298
furpa,0.5,1,1,ATAGTACATTTTGGAGTAAT,0,1306213
furpa,0.5,1,1,ATAGTAAGCTCTTTCCATGG,0,1313663
furpa,0.5,1,1,ATAGGGCACCACCAATTCGA,0,1316779
furpa,0.5,1,1,ATAGGGAGGGGCGTAGGCGA,0,1291248
furpa,0.5,1,1,ATAGGCAGCCACGCAATGGC,0,1273749
furpa,0.5,1,1,ATAGCGTCGCCCCTATTATA,0,1295718
furpa,0.5,1,1,ATAGCGGCTAAACATTCCGT,0,1300785
furpa,0.5,1,1,ATAGCAGTGAGTCATCGTTG,0,1333809
furpa,0.5,1,1,ATAGCACTGGGCCTTTCTTT,0,1280980
furpa,0.5,1,1,ATAGATCTATGCCCGTTCCA,0,1314939
furpa,0.5,1,1,ATAGACGCAAATTTGGGCGT,0,1309904
furpa,0.5,1,1,ATAGACAGGTCGTGAGGTTT,0,1332910
furpa,0.5,1,1,ATAGAATTCGATAAATAAGA,0,1277908
furpa,0.5,1,1,ATACTTTAGTCACCCCGTAA,0,1355278
furpa,0.5,1,1,ATACTTGAGCATGTTAGGCA,0,1357640
furpa,0.5,1,1,ATACTTCACTGGCATGATAT,0,1272186
furpa,0.5,1,1,ATACTGACAGCCTCGATCAC,0,1297502
furpa,0.5,1,1,ATACTACGTCCAGTTTCGAC,0,1330268
furpa,0.5,1,1,ATACGTAAATATACCTTTGG,0,1335300
furpa,0.5,1,1,ATACGCGGGTTGTTTGCCCT,0,1326119
furpa,0.5,1,1,ATACCTATTACGGACTATGC,0,1339567
furpa,0.5,1,1,ATACCGATCCGACTTTACAG,0,1280248
furpa,0.5,1,1,ATACCATCTACCATATGTGA,0,1305032
furpa,0.5,1,1,ATACCACATGACAGCCCAAT,0,1345135
furpa,0.5,1,1,ATACCAAGAAGCGCTCACCC,0,1341606
furpa,0.5,1,1,ATACATTCCTCATGTGCCGG,0,1355174
furpa,0.5,1,1,ATACAGCCAAAGACGGGCAG,0,1356206
furpa,0.5,1,1,ATACAATTATTTTGTTAAAT,0,1315795
furpa,0.5,1,1,ATAATTATCTTCAGATGCGA,0,1278972
furpa,0.5,1,1,ATAATTAACTAAGCCTAGAC,0,1356980
furpa,0.5,1,1,ATAATGTTGCAAGTTCTACA,0,1305022
furpa,0.5,1,1,ATAATGCCAACGCGTGGTCA,0,1357633
furpa,0.5,1,1,ATAATCATGCTGGTGAATTG,0,1335977
furpa,0.5,1,1,ATAATCACAGCGAAAACGAA,0,1311450
furpa,0.5,1,1,ATAATACTGTTGAGCGGCCC,0,1311550
furpa,0.5,1,1,ATAAGCGTAGCCATCTTAGG,0,1310464
furpa,0.5,1,1,ATAACTTTTGAGTATTGAGT,0,1313150
furpa,0.5,1,1,ATAACGGCATGTGAACCACA,0,1331260
furpa,0.5,1,1,ATAACACCGATGTTACTTTC,0,1348178
furpa,0.5,1,1,ATAACAAGGGGTGCTGTGGA,0,1352532
furpa,0.5,1,1,ATAAATCACCAGGAAGTAAG,0,1323930
furpa,0.5,1,1,ATAAACGTTCAGTAGTTATA,0,1337488
furpa,0.5,1,1,ATAAACGGAGGCAGGTTTCT,0,1292154
furpa,0.5,1,1,ATAAAATTTCGCGCCGCCCG,0,1356450
furpa,0.5,1,1,ATAAAATTTATATGTCAAAG,0,1332463
furpa,0.5,1,1,ATAAAAGTAGGTGTCCCGAG,0,1355496
furpa,0.5,1,1,AGTTTTTCACCCGTTGGCGA,0,1352682
furpa,0.5,1,1,AGTTTTGATGCTAGCATGGA,0,1344209
furpa,0.5,1,1,AGTTTTAAATAACTCAAGCG,0,1312088
furpa,0.5,1,1,AGTTTGTAAGTTACCCTGTC,0,1302331
furpa,0.5,1,1,AGTTTCTCATGTCTGTTCAT,0,1293990
furpa,0.5,1,1,AGTTTCCAGTAATCCTAGTG,0,1323428
furpa,0.5,1,1,AGTTTAGAGGTTACTCCTTC,0,1313457
furpa,0.5,1,1,AGTTTAACACGATCATCTCT,0,1348215
furpa,0.5,1,1,AGTTGTATAGATCTGTTAGA,0,1306776
furpa,0.5,1,1,AGTTGATGACCGCTGACTTC,0,1314794
furpa,0.5,1,1,AGTTCTATTAGCAGTTCATT,0,1288421
furpa,0.5,1,1,AGTTCGGACTATAGTCTCCC,0,1291875
furpa,0.5,1,1,AGTTCGCGGGACCAGCCAGG,0,1321989
furpa,0.5,1,1,AGTTCGCCCCAAATAAGGAC,0,1279719
furpa,0.5,1,1,AGTTCCGAAGTTCAAGAGAA,0,1311590
furpa,0.5,1,1,AGTTAGGTTTACGGTTTTAG,0,1346211
furpa,0.5,1,1,AGTTACCATAGTCTCAGTTA,0,1273310
furpa,0.5,1,1,AGTTAAATTTTGGTGCGATT,0,1340115
furpa,0.5,1,1,AGTGTTCGAATGAACGAAGT,0,1306409
furpa,0.5,1,1,AGTGTGTGAATGGCCCAAAA,0,1329534
furpa,0.5,1,1,AGTGTGGTCGCCAGAACCTC,0,1357112
furpa,0.5,1,1,AGTGTCAGTTGGTTGCCACT,0,1343366
furpa,0.5,1,1,AGTGGTGAACAAAACTTCAG,0,1309794
furpa,0.5,1,1,AGTGGGCGCCACGGCCGAGT,0,1294154
furpa,0.5,1,1,AGTGGGCCTTGGGCAATCAG,0,1313116
furpa,0.5,1,1,AGTGGCGTACAGTAGAGGTC,0,1329423
furpa,0.5,1,1,AGTGGCATAGGACTTCCATG,0,1357312
furpa,0.5,1,1,AGTGGCAGGAAATCTTGGAG,0,1286150
furpa,0.5,1,1,AGTGGACTCCCAATGTGAAG,0,1332122
furpa,0.5,1,1,AGTGCGCAAGGATGTGTGTG,0,1325006
furpa,0.5,1,1,AGTGCCGGTTCCTCATAACG,0,1352336
furpa,0.5,1,1,AGTGCCATATCTGCTTGAAA,0,1329489
furpa,0.5,1,1,AGTGCAGTACTCCTCTTAGT,0,1284991
furpa,0.5,1,1,AGTGCAAGATCATACACGCT,0,1287502
furpa,0.5,1,1,AGTGAGGGTTGTACCTGTAT,0,1281324
furpa,0.5,1,1,AGTCTTACAACCGCGGTCGG,0,1305248
furpa,0.5,1,1,AGTCTAGGGCTTGTAACCAG,0,1315368
furpa,0.5,1,1,AGTCGTCTGAGACGACGTTA,0,1331565
furpa,0.5,1,1,AGTCGTCACGGATCATACTT,0,1320432
furpa,0.5,1,1,AGTCGGTCACAGCACCGTGA,0,1319124
furpa,0.5,1,1,AGTCGGAGAGAGCGGAATGG,0,1295806
furpa,0.5,1,1,AGTCGCGCTACTTGCCTAGA,0,1287440
furpa,0.5,1,1,AGTCCTACAGCAAGCTACGC,0,1279387
furpa,0.5,1,1,AGTCCCGTATAAGTAACCGG,0,1300929
furpa,0.5,1,1,AGTCCCCATTGTGGTGGCGT,0,1273397
furpa,0.5,1,1,AGTCCATACCAAAATCTTGC,0,1348070
furpa,0.5,1,1,AGTCATTTACTCAGGAATTG,0,1344379
furpa,0.5,1,1,AGTCATTACCCATTAGGGTG,0,1345626
furpa,0.5,1,1,AGTCAGTAAAATAACCATTT,0,1338051
furpa,0.5,1,1,AGTATTCGGAGATAAAACGG,0,1328504
furpa,0.5,1,1,AGTATTAGAAACGTCGTGTC,0,1302941
furpa,0.5,1,1,AGTAGTTCCCAGTGGGGGTC,0,1308587
furpa,0.5,1,1,AGTAGGTAGGCTATAAGGAC,0,1313917
furpa,0.5,1,1,AGTAGGCAACGAGTGGTCCC,0,1290979
furpa,0.5,1,1,AGTAGACACGTACTCTGCAT,0,1328670
furpa,0.5,1,1,AGTACTCCCGCAGCGAGATT,0,1345891
furpa,0.5,1,1,AGTAAGAAGGTGTTTGGTGA,0,1336709
furpa,0.5,1,1,AGTAAAGATGCCTTCATGCA,0,1305026
furpa,0.5,1,1,AGGTTCCGCGGCAAGCTGCT,0,1271551
furpa,0.5,1,1,AGGTTATTTTAGCGCTTGTT,0,1351257
furpa,0.5,1,1,AGGTTAAGCGTGTTGGGCTG,0,1301965
furpa,0.5,1,1,AGGTGTTACCGTTTGGGACG,0,1305459
furpa,0.5,1,1,AGGTGTGTTAAGAACAGAAA,0,1307773
furpa,0.5,1,1,AGGTGTGACTGAGAGTTCTA,0,1312988
furpa,0.5,1,1,AGGTGGAGGTTGGGTATTTG,0,1320680
furpa,0.5,1,1,AGGTGGAGCCGAGACATGAT,0,1282330
furpa,0.5,1,1,AGGTGGAAGATTTTGTCTAG,0,1330465
furpa,0.5,1,1,AGGTGCCCCGCTGTGCTTAT,0,1328862
furpa,0.5,1,1,AGGTGCAGGCCTTGTTTTAA,0,1334419
furpa,0.5,1,1,AGGTGACCGCCCATTGGGAA,0,1274819
furpa,0.5,1,1,AGGTCGTGGTAGCTTTACCA,0,1305264
furpa,0.5,1,1,AGGTCCTAATCAGATAGCGG,0,1308837
furpa,0.5,1,1,AGGTCCGTCATGGCACGAGC,0,1290054
furpa,0.5,1,1,AGGTCCCAGTGCGAGTTTCC,0,1305841
furpa,0.5,1,1,AGGTCATCCGTCTCTAAGGC,0,1293576
furpa,0.5,1,1,AGGTCACTGGTGTCATGGAT,0,1346839
furpa,0.5,1,1,AGGTCAAAAGTAATCGGGTG,0,1317046
furpa,0.5,1,1,AGGTATGAGAATCCGAATTG,0,1317210
furpa,0.5,1,1,AGGTAGATCAGAGAAGCGTG,0,1319564
furpa,0.5,1,1,AGGTACCATGTCGTAGTTAA,0,1349888
furpa,0.5,1,1,AGGTAAGTGTTGTTAGACAT,0,1283295
furpa,0.5,1,1,AGGTAAGTACATTATATCTG,0,1335608
furpa,0.5,1,1,AGGGTTCTACACTGCGCCGC,0,1335206
furpa,0.5,1,1,AGGGTGGCGATTAACATACG,0,1320259
furpa,0.5,1,1,AGGGTGAGGTAAGGAGTAAG,0,1350913
furpa,0.5,1,1,AGGGTCTGGGCAAAATCACG,0,1318132
furpa,0.5,1,1,AGGGTCTACGCATGGTGCTG,0,1330580
furpa,0.5,1,1,AGGGTATGTGGGCGGAGCCT,0,1337847
furpa,0.5,1,1,AGGGTACCTTGCTAATTTAT,0,1309855
furpa,0.5,1,1,AGGGTAATCCATCTCGTGTT,0,1295713
furpa,0.5,1,1,AGGGGTCATATGTCGTGGTA,0,1290749
furpa,0.5,1,1,AGGGCTGCTTGAGAAAATTA,0,1302107
furpa,0.5,1,1,AGGGCTATTGCAGCGCCTCG,0,1311007
furpa,0.5,1,1,AGGGCTAGTCACAAAAATCG,0,1335821
furpa,0.5,1,1,AGGGCGCCACAACGTACCGT,0,1329827
furpa,0.5,1,1,AGGGCAGTTCCATATCGAAG,0,1311993
furpa,0.5,1,1,AGGGCAGATGGGTGAACTAA,0,1334455
furpa,0.5,1,1,AGGGCAAACGCCAATCTATT,0,1314652
furpa,0.5,1,1,AGGGAGGCGTGTTGTCTAAG,0,1326238
furpa,0.5,1,1,AGGGAGATGGGTGTAGGGCA,0,1310006
furpa,0.5,1,1,AGGGACGCGTGGAGTAGGGA,0,1314684
furpa,0.5,1,1,AGGGAAGTTTGCTGCGTCCG,0,1306260
furpa,0.5,1,1,AGGGAAAGCGTACCTCCGAA,0,1299854
furpa,0.5,1,1,AGGCTTGCGATCCTTTGGTT,0,1279943
furpa,0.5,1,1,AGGCTGCTGTTTTCAAGACA,0,1300042
furpa,0.5,1,1,AGGCTGCTAAGAAGTGAACA,0,1289900
furpa,0.5,1,1,AGGCTAGGGCAGGCAATCGT,0,1286370
furpa,0.5,1,1,AGGCGTTGCTTACTGTAGTT,0,1285479
furpa,0.5,1,1,AGGCGTCGAGTTCGGTCGAA,0,1336079
furpa,0.5,1,1,AGGCGGTACACTGGTGTGGA,0,1279374
furpa,0.5,1,1,AGGCGGGGGGTGAAGGTAGT,0,1320434
furpa,0.5,1,1,AGGCGGCCCATCTGCGTATT,0,1291019
furpa,0.5,1,1,AGGCCTTCTACAACATGCTC,0,1350154
furpa,0.5,1,1,AGGCCTCACCTAAGGCGGGA,0,1292370
furpa,0.5,1,1,AGGCCCTCGATGGTACAATT,0,1272912
furpa,0.5,1,1,AGGCCAAGGCATTGGAGCGT,0,1324731
furpa,0.5,1,1,AGGCCAAAAATGGGCGTTTA,0,1319249
furpa,0.5,1,1,AGGCATCCTCAGGGGCAGCT,0,1338749
furpa,0.5,1,1,AGGCAGGCTAGAGTCCGGCC,0,1297931
furpa,0.5,1,1,AGGCAGGCCAAGGACGCCTC,0,1325453
furpa,0.5,1,1,AGGCACGCGCAGCATATTTG,0,1317327
furpa,0.5,1,1,AGGATTTAGATGGCCATGTC,0,1280012
furpa,0.5,1,1,AGGATTGACTGAAGGCTTTC,0,1287664
furpa,0.5,1,1,AGGATTACGCTAGCCCGAGT,0,1289614
furpa,0.5,1,1,AGGATACGGTGTGGTCACAG,0,1345465
furpa,0.5,1,1,AGGATAATTTTTACTATCCT,0,1331160
furpa,0.5,1,1,AGGAGTCAAGGCCGGGCGGA,0,1294484
furpa,0.5,1,1,AGGAGACGTGTACGTGATGC,0,1332798
furpa,0.5,1,1,AGGAGAAGTGGAACGACATT,0,1349810
furpa,0.5,1,1,AGGACTGCTCGTCCCATCGT,0,1313211
furpa,0.5,1,1,AGGACCGGTGGCAGGCTCCT,0,1323446
furpa,0.5,1,1,AGGACCAATAGTGAATTCCC,0,1354312
furpa,0.5,1,1,AGGAAGTATTTGACCGATAG,0,1273927
furpa,0.5,1,1,AGGAACGAACGTGGACACTT,0,1329261
furpa,0.5,1,1,AGGAAAGAGATTGTTGAAAA,0,1344092
furpa,0.5,1,1,AGCTTTTCTTATCAGTACCT,0,1339042
furpa,0.5,1,1,AGCTTTTCGTAAGTATGTGT,0,1352430
furpa,0.5,1,1,AGCTTCGACTGAGGAGGAGG,0,1298728
furpa,0.5,1,1,AGCTTACTCTCGCCTTTTCC,0,1317372
furpa,0.5,1,1,AGCTGTTTATTGCAAAGAAC,0,1295887
furpa,0.5,1,1,AGCTGTGAGTAGTTATCAAG,0,1346608
furpa,0.5,1,1,AGCTGCTTAATTAAGGTGTA,0,1290555
furpa,0.5,1,1,AGCTGCCTGTATTTTGATTA,0,1291672
furpa,0.5,1,1,AGCTGACTGAAAGGGCTCCC,0,1343648
furpa,0.5,1,1,AGCTCTAGGCATGCGCAGGT,0,1302940
furpa,0.5,1,1,AGCTCGAAGGTATATCCGAG,0,1334320
furpa,0.5,1,1,AGCTCCGGCGCTCACTTAAC,0,1277572
furpa,0.5,1,1,AGCTCCCGTTTCTGGGCTTA,0,1345844
furpa,0.5,1,1,AGCTCATCTGTGGGACAACC,0,1354777
furpa,0.5,1,1,AGCTCACCGATATTACTCCC,0,1312939
furpa,0.5,1,1,AGCTAAAAGGTCTCGCGCAT,0,1300668
furpa,0.5,1,1,AGCGTCGCTATTGACTAGCA,0,1282325
furpa,0.5,1,1,AGCGTCCCATTCCTAAACCC,0,1326716
furpa,0.5,1,1,AGCGTAGGGCTTCGTAGATC,0,1285487
furpa,0.5,1,1,AGCGGGGCGTTGCCGAAAGG,0,1302456
furpa,0.5,1,1,AGCGGGGAGTACGCCAATTG,0,1319209
furpa,0.5,1,1,AGCGGGCACCGGAGACTCTG,0,1276629
furpa,0.5,1,1,AGCGGGATTTCATGCCGATG,0,1353110
furpa,0.5,1,1,AGCGGGACTCCTCACTGGTC,0,1346034
furpa,0.5,1,1,AGCGGCGATGGTCCACCTTA,0,1279295
furpa,0.5,1,1,AGCGGATCTATACGGTCCTA,0,1341496
furpa,0.5,1,1,AGCGGACAGCCCCACGTCTT,0,1294656
furpa,0.5,1,1,AGCGGAACATTGTACGTAGT,0,1284655
furpa,0.5,1,1,AGCGCTCTATGTTCACATTC,0,1281986
furpa,0.5,1,1,AGCGCGGTTCGGATGCACAG,0,1324525
furpa,0.5,1,1,AGCGCCTCTTTAAGAAGGTA,0,1291078
furpa,0.5,1,1,AGCGCATACCGCCATATTTT,0,1294663
furpa,0.5,1,1,AGCGCAAGGGTCCTGCGTTC,0,1278862
furpa,0.5,1,1,AGCGACCAGCTACGGTAGAT,0,1341081
furpa,0.5,1,1,AGCGAATGGATAACTCCGTT,0,1352375
furpa,0.5,1,1,AGCGAAGTCACCGGAGCTCG,0,1347725
furpa,0.5,1,1,AGCGAAGAGGGTTTTCTCAT,0,1342506
furpa,0.5,1,1,AGCCTTGCTGGTTTCCCAGG,0,1275097
furpa,0.5,1,1,AGCCTGTCTTAGGCGTTTCC,0,1325995
furpa,0.5,1,1,AGCCTCGAACTTTTAATGTG,0,1345899
furpa,0.5,1,1,AGCCGTTAACGATTCCGGGC,0,1287203
furpa,0.5,1,1,AGCCGTCTATCAGTCGTAAG,0,1312374
furpa,0.5,1,1,AGCCGGGTGAACAGACGAAA,0,1311292
furpa,0.5,1,1,AGCCGGCAGCTGTACAATGG,0,1272448
furpa,0.5,1,1,AGCCGGATTTGAGGCCCATC,0,1316742
furpa,0.5,1,1,AGCCGCAGTTCCTATGGTTT,0,1351202
furpa,0.5,1,1,AGCCGAGGTAATGTGAGTTA,0,1337168
furpa,0.5,1,1,AGCCGACCTAAGGCCACGTA,0,1320853
furpa,0.5,1,1,AGCCCCCATTCTGGCGCCAC,0,1342045
furpa,0.5,1,1,AGCCCATTCGCCATTTGCTG,0,1305270
furpa,0.5,1,1,AGCCACCAGTCCGCGGGGGT,0,1337433
furpa,0.5,1,1,AGCCACACTCATGCATAGGG,0,1356921
furpa,0.5,1,1,AGCCAAACCGTTTGGTAGAG,0,1293845
furpa,0.5,1,1,AGCATTGTGTAAGCATCGAC,0,1299123
furpa,0.5,1,1,AGCATTGACTGCATCTGGGA,0,1326435
furpa,0.5,1,1,AGCATTCTTCATGGTAAGGA,0,1308407
furpa,0.5,1,1,AGCATTAGATGGTAAATGTC,0,1346548
furpa,0.5,1,1,AGCATGTCGTTTGGGCACAC,0,1278968
furpa,0.5,1,1,AGCATGGGGATCGTGTGGTC,0,1356929
furpa,0.5,1,1,AGCATGCACAGCTCGCTCAT,0,1338046
furpa,0.5,1,1,AGCATGAGTACCTTGGCTTC,0,1304577
furpa,0.5,1,1,AGCATGACAACGGTGACTGT,0,1280374
furpa,0.5,1,1,AGCATCCCTCACGCCTGCGG,0,1303398
furpa,0.5,1,1,AGCATATCGGGATCCACCCA,0,1324446
furpa,0.5,1,1,AGCAGCCATAAATATCACTT,0,1298555
furpa,0.5,1,1,AGCAGAGGGTGTCAGACCGC,0,1285473
furpa,0.5,1,1,AGCACGGTCTGGATAAGCAG,0,1273997
furpa,0.5,1,1,AGCACGGCGGCAGTTAAGAT,0,1276961
furpa,0.5,1,1,AGCAATTGTTTACTGAACGT,0,1327055
furpa,0.5,1,1,AGCAATAACGATTTATCCGC,0,1333618
furpa,0.5,1,1,AGCAAGTGCTAGTGCGGTCG,0,1325624
furpa,0.5,1,1,AGCAAGGCTCAGGCTCCATG,0,1340857
furpa,0.5,1,1,AGCAAGCATCTGACACGGGG,0,1316640
furpa,0.5,1,1,AGCAACTCTACTAAGCTGGC,0,1344797
furpa,0.5,1,1,AGCAAATGCCGCATCACGGA,0,1291365
furpa,0.5,1,1,AGATTTGTGAGGACCAGGAA,0,1280598
furpa,0.5,1,1,AGATTTGCCCATCCGCGCGG,0,1327288
furpa,0.5,1,1,AGATTTAGCAAAACGATCAA,0,1286062
furpa,0.5,1,1,AGATTGGTGGTTACATGTAG,0,1274317
furpa,0.5,1,1,AGATTCGGGCATATGGTCAG,0,1339037
furpa,0.5,1,1,AGATTCGCTTGAACAGGCAG,0,1271986
furpa,0.5,1,1,AGATTATGCAAGGGTTTATC,0,1333060
furpa,0.5,1,1,AGATTACGCTATACCCGCAT,0,1288135
furpa,0.5,1,1,AGATGGTCACTGAACCAGTG,0,1311823
furpa,0.5,1,1,AGATGGGCGATATGACGTTA,0,1282253
furpa,0.5,1,1,AGATGGGCAAACGCATGCCG,0,1297632
furpa,0.5,1,1,AGATGGCGCCTGTACTCCTC,0,1310788
furpa,0.5,1,1,AGATGGCAGACCCTTCTGCT,0,1353886
furpa,0.5,1,1,AGATGCAGATGACTCGTTTT,0,1348402
furpa,0.5,1,1,AGATGATTTTTGTATTAACG,0,1305304
furpa,0.5,1,1,AGATGAAATTCCACAACCTT,0,1306845
furpa,0.5,1,1,AGATCTGCGTCGCCGGCGTT,0,1311964
furpa,0.5,1,1,AGATCTACTAACGCGCCTAA,0,1273681
furpa,0.5,1,1,AGATCCGACCCTAGCGACCA,0,1339195
furpa,0.5,1,1,AGATCCAGGCGGGTTCGCAG,0,1275042
furpa,0.5,1,1,AGATCCACTGGGTGTGACCC,0,1285747
furpa,0.5,1,1,AGATCCACGGCACGCGGAAC,0,1336555
furpa,0.5,1,1,AGATCATTCTCTAAGTCCAG,0,1323483
furpa,0.5,1,1,AGATATTATAATCATGTTGA,0,1334817
furpa,0.5,1,1,AGATATGTCGAGTTCCCACT,0,1348933
furpa,0.5,1,1,AGATAGAGATATGCGTCCGT,0,1344552
furpa,0.5,1,1,AGAGTTTACCGACCTTCTTG,0,1348218
furpa,0.5,1,1,AGAGTCTTAAGTCCTACACA,0,1321687
furpa,0.5,1,1,AGAGTCCGTTATATACAGCG,0,1327896
furpa,0.5,1,1,AGAGTATAAACTAATGCGTT,0,1305396
furpa,0.5,1,1,AGAGTAGGGGTGAGGTGAGA,0,1347522
furpa,0.5,1,1,AGAGGTGATGCGGGTCAACT,0,1297268
furpa,0.5,1,1,AGAGGTAACTTAGTATGCCC,0,1307243
furpa,0.5,1,1,AGAGGGACGGCCTAGGTTTG,0,1326181
furpa,0.5,1,1,AGAGGGAATGAAACCTGCGC,0,1347389
furpa,0.5,1,1,AGAGGCGGCTTGCTCAAAAC,0,1312776
furpa,0.5,1,1,AGAGGCAATTATCTTCGGAG,0,1356991
furpa,0.5,1,1,AGAGGATAGTCCCCAACGTA,0,1333157
furpa,0.5,1,1,AGAGGAAGCGTGTACCCTGG,0,1324463
furpa,0.5,1,1,AGAGCATCGGAACAACGCTG,0,1334952
furpa,0.5,1,1,AGAGCAGGGAAAGTTCCGGG,0,1282786
furpa,0.5,1,1,AGAGATATCCGCTCTTTTGG,0,1312296
furpa,0.5,1,1,AGAGAGTTTCCATTTGTGTG,0,1291406
furpa,0.5,1,1,AGAGAAGCAATCATGCGTAA,0,1293502
furpa,0.5,1,1,AGAGAACTGCATTGCCGTGC,0,1355128
furpa,0.5,1,1,AGACTTTCGGTACTTGACGA,0,1293218
furpa,0.5,1,1,AGACTGGTTATGAACTATAC,0,1286746
furpa,0.5,1,1,AGACTCTCTGCTCAGACTAA,0,1337429
furpa,0.5,1,1,AGACTAAACAGATGAGGGAT,0,1290801
furpa,0.5,1,1,AGACGTTTCTTAGAGGTCAT,0,1301534
furpa,0.5,1,1,AGACGGTTATACAGGTACCT,0,1292211
furpa,0.5,1,1,AGACGAAGCAACCCCATGGT,0,1348569
furpa,0.5,1,1,AGACCTGGAAGAATCAATGA,0,1323238
furpa,0.5,1,1,AGACCTCTTGGCCCGGTAGC,0,1316744
furpa,0.5,1,1,AGACCGTGCACTCTCGGTGC,0,1325890
furpa,0.5,1,1,AGACCGAGGGCGGGTTGCTT,0,1325674
furpa,0.5,1,1,AGACCCGACATAGGAAGTTC,0,1272708
furpa,0.5,1,1,AGACCATAGCTCGGGCCTGT,0,1296589
furpa,0.5,1,1,AGACCATAGAAGGTGGAATA,0,1288119
furpa,0.5,1,1,AGACCACTTGGAGGAGTCTC,0,1286288
furpa,0.5,1,1,AGACAGTCCCTACGAGGTGA,0,1346554
furpa,0.5,1,1,AGACAGCATTATGGTCGCGG,0,1321002
furpa,0.5,1,1,AGACACACCATGGCAGTGAC,0,1341182
furpa,0.5,1,1,AGACAAACACTTTCGGGTAT,0,1344964
furpa,0.5,1,1,AGACAAAACGCGTGGTATTT,0,1272943
furpa,0.5,1,1,AGAATGGTTCACTGCTCAAC,0,1273910
furpa,0.5,1,1,AGAATCGCTGTACCCTCTCG,0,1303278
furpa,0.5,1,1,AGAATCAACACTTTTCGAAC,0,1275248
furpa,0.5,1,1,AGAATAGCCGCTATATATCG,0,1337582
furpa,0.5,1,1,AGAAGCGCGAGCATTTTGCC,0,1299709
furpa,0.5,1,1,AGAAGAGAAAAAGATCCCCC,0,1303298
furpa,0.5,1,1,AGAACTGTTATTGGGACATA,0,1303621
furpa,0.5,1,1,AGAACCGGGTGGCTATCTTC,0,1316599
furpa,0.5,1,1,AGAAATCGTGTGGCAACTTT,0,1300922
furpa,0.5,1,1,AGAAATAGTGTGCACACTAC,0,1346917
furpa,0.5,1,1,AGAAAGTTTACATCTATCAT,0,1307695
furpa,0.5,1,1,AGAAAGGGGGACCTTCGTAA,0,1304674
furpa,0.5,1,1,AGAAAGCTTGTCACGACCTA,0,1282305
furpa,0.5,1,1,AGAAACCGTGACGTCTGCTC,0,1330650
furpa,0.5,1,1,AGAAAATGTCAGGGTCACCG,0,1319870
furpa,0.5,1,1,AGAAAAAAGGATATAAACAT,0,1290515
furpa,0.5,1,1,ACTTTTAAGGAACCATATTG,0,1328744
furpa,0.5,1,1,ACTTTGTGGTCAAGATCCGT,0,1303645
furpa,0.5,1,1,ACTTTCTGGGTTTGCAGTGA,0,1333902
furpa,0.5,1,1,ACTTTCAAGGTGCGGGCTTA,0,1327909
furpa,0.5,1,1,ACTTTACGCGGTAAAGTTGG,0,1348846
furpa,0.5,1,1,ACTTTACACAGGACAGACGA,0,1279530
furpa,0.5,1,1,ACTTTAATAGCTCCGGCACC,0,1284598
furpa,0.5,1,1,ACTTGTCGCTAGGGGGCTTA,0,1292300
furpa,0.5,1,1,ACTTGGCCTACGGAAGCTGG,0,1299678
furpa,0.5,1,1,ACTTGCTGGATAATTCATGG,0,1341139
furpa,0.5,1,1,ACTTGCGTTGTTTTAACCAT,0,1322089
furpa,0.5,1,1,ACTTGAGCTAGAAACGTCGG,0,1289158
furpa,0.5,1,1,ACTTCTTCTGGGGGGACGTC,0,1330166
furpa,0.5,1,1,ACTTCGACTCTATGTTTCGC,0,1271344
furpa,0.5,1,1,ACTTCCTAATCAATTGTTAT,0,1298404
furpa,0.5,1,1,ACTTCCCCAGAACTTACATT,0,1291890
furpa,0.5,1,1,ACTTATCCGCATTCGGGGAT,0,1286689
furpa,0.5,1,1,ACTTATAGTAGGTCAGGAAG,0,1272114
furpa,0.5,1,1,ACTTATAATGTCTTTCGCCA,0,1276004
furpa,0.5,1,1,ACTTAGTATAAGAATTAATA,0,1337348
furpa,0.5,1,1,ACTTAGGTTTTGTGCCACAC,0,1321723
furpa,0.5,1,1,ACTTACACTGAAGGTGATTT,0,1284681
furpa,0.5,1,1,ACTGTTTGTGGAGTTTCATG,0,1323760
furpa,0.5,1,1,ACTGTTAAAGACTCATAGTA,0,1326713
furpa,0.5,1,1,ACTGTCCTTGATTAGATGAA,0,1345798
furpa,0.5,1,1,ACTGTCATTCTACATTTCTC,0,1272108
furpa,0.5,1,1,ACTGGTTTCCAGCGAGAGAC,0,1333387
furpa,0.5,1,1,ACTGGTGGTGAGAGGCGAGA,0,1294930
furpa,0.5,1,1,ACTGGTGAATATAGCATGAC,0,1331332
furpa,0.5,1,1,ACTGGTAAACAAGGCCGTGC,0,1278617
furpa,0.5,1,1,ACTGGGAGTGGCTACGTTGC,0,1350577
furpa,0.5,1,1,ACTGGGACAGTGGCTCCCTC,0,1272825
furpa,0.5,1,1,ACTGGATTATCGTGCTACTC,0,1289362
furpa,0.5,1,1,ACTGCGTAGCATCGATAGCT,0,1295397
furpa,0.5,1,1,ACTGATATAAGGCGCAAGGC,0,1304193
furpa,0.5,1,1,ACTGAGCAACATGAGTCCCA,0,1282709
furpa,0.5,1,1,ACTGAATTTTATTTAATTGA,0,1350584
furpa,0.5,1,1,ACTGAAGCTTGTAGTTAGGA,0,1271701
furpa,0.5,1,1,ACTGAAAGGGTTAACGGAAA,0,1317740
furpa,0.5,1,1,ACTCTGGCCCAATGTTGAGG,0,1282483
furpa,0.5,1,1,ACTCTCCAGCAACCACGTTG,0,1312676
furpa,0.5,1,1,ACTCTCATCTGGCACATTCC,0,1273060
furpa,0.5,1,1,ACTCTAACGCGCAAATTGTA,0,1290992
furpa,0.5,1,1,ACTCGGGTAGGGTAGTGCTA,0,1274539
furpa,0.5,1,1,ACTCGGGACAAACGACACTT,0,1347262
furpa,0.5,1,1,ACTCGCTACATATGATACGA,0,1310125
furpa,0.5,1,1,ACTCGAGTAAAGTTGGGCGG,0,1315428
furpa,0.5,1,1,ACTCCTTGGCTGGGTGGTTC,0,1309203
furpa,0.5,1,1,ACTCCTGACACTCTGGAAAG,0,1339583
furpa,0.5,1,1,ACTCCGGTTCGGGCGGCCGA,0,1276633
furpa,0.5,1,1,ACTCCGAGCAATCGATTTAA,0,1320210
furpa,0.5,1,1,ACTCCCTGTCGTATGTCCTC,0,1329621
furpa,0.5,1,1,ACTCCCGACGACCGGTGTTC,0,1347454
furpa,0.5,1,1,ACTCCCAGGCTTTAGAAGTT,0,1353319
furpa,0.5,1,1,ACTCCAGTTAGCTCTCACCT,0,1305961
furpa,0.5,1,1,ACTCCAGACCTACGCGGCAA,0,1340012
furpa,0.5,1,1,ACTCCAAGAAGACATGCCTC,0,1334946
furpa,0.5,1,1,ACTCATTGGTTAGGGCGCCA,0,1346878
furpa,0.5,1,1,ACTCATCCGTCAGGGTCATA,0,1340609
furpa,0.5,1,1,ACTCACTTGATCCTCTCGTT,0,1335048
furpa,0.5,1,1,ACTCACGGTCGGGCTTTAGA,0,1349138
furpa,0.5,1,1,ACTCAATACACAGAAATATA,0,1306158
furpa,0.5,1,1,ACTCAAGATCGCAGGTCTGC,0,1320241
furpa,0.5,1,1,ACTATGTACGAATGCGTAAT,0,1277609
furpa,0.5,1,1,ACTATGGGCCAAGGTCGTTT,0,1339544
furpa,0.5,1,1,ACTATGGAGCGTTGATGCGA,0,1300041
furpa,0.5,1,1,ACTATCCAAAATCAAGGCAA,0,1283890
furpa,0.5,1,1,ACTATACTCTATTCTGACTC,0,1345930
furpa,0.5,1,1,ACTATACGTCAGCAGCAGAA,0,1342297
furpa,0.5,1,1,ACTATAAAACTCGCTGTAGA,0,1273727
furpa,0.5,1,1,ACTAGCTTGCGCCGGTTGCG,0,1315110
furpa,0.5,1,1,ACTAGCCTAAGTTGGAAGCT,0,1344823
furpa,0.5,1,1,ACTAGCAATCGGGGGGCTGA,0,1285785
furpa,0.5,1,1,ACTACTCTCCGCGATTTACA,0,1355490
furpa,0.5,1,1,ACTACGCCCTGATATGATTG,0,1301933
furpa,0.5,1,1,ACTAAGAGCAGCGCGTATCT,0,1344507
furpa,0.5,1,1,ACTAACGTCGGGCTTTCACC,0,1290064
furpa,0.5,1,1,ACTAACCGAGATGCGCGGGT,0,1295988
furpa,0.5,1,1,ACTAAATGTACTAGATGGTC,0,1271324
furpa,0.5,1,1,ACGTTTAGGTTTATCACCCA,0,1291176
furpa,0.5,1,1,ACGTTGACGGATATTGCCCT,0,1284204
furpa,0.5,1,1,ACGTTCTATACTTGCACCGG,0,1287588
furpa,0.5,1,1,ACGTTCGCCTTTTGCGTGCG,0,1271197
furpa,0.5,1,1,ACGTTCCGAATCTTCACAGA,0,1330578
furpa,0.5,1,1,ACGTTAGGAGTATCCTCTAC,0,1304613
furpa,0.5,1,1,ACGTTAGATCGGCCAATATA,0,1329874
furpa,0.5,1,1,ACGTGTTCGGTGTAAAACGA,0,1332467
furpa,0.5,1,1,ACGTGTGTTCCGTCTACCCC,0,1295943
furpa,0.5,1,1,ACGTGTGTACGGGACGCTAG,0,1329348
furpa,0.5,1,1,ACGTGTCATTGGATTTGCGG,0,1293597
furpa,0.5,1,1,ACGTGGAATCTCCCGCGTTG,0,1323365
furpa,0.5,1,1,ACGTGCCATTGTTACTACGG,0,1291621
furpa,0.5,1,1,ACGTGCAGTGGGGCTCTTGA,0,1318193
furpa,0.5,1,1,ACGTGAATTTCGGCAGACTC,0,1306780
furpa,0.5,1,1,ACGTCTTACTGGACCGTCTA,0,1338542
furpa,0.5,1,1,ACGTCACGCTCGTCCACTAC,0,1272249
furpa,0.5,1,1,ACGTCAATTCCGCGATTAGT,0,1348509
furpa,0.5,1,1,ACGTAGGTAGGAGACTCCCC,0,1296820
furpa,0.5,1,1,ACGTAGGACGCTACCTCTTG,0,1350430
furpa,0.5,1,1,ACGTACTCTTTACGGACATT,0,1327913
furpa,0.5,1,1,ACGTACTATGTGCTTGAGGA,0,1327576
furpa,0.5,1,1,ACGTACACACTGCTGTAATG,0,1310798
furpa,0.5,1,1,ACGTAATCACAGTGTCGGCA,0,1321337
furpa,0.5,1,1,ACGGTCGCAGCGCGGCCAGT,0,1351155
furpa,0.5,1,1,ACGGTCATTCAGTACGTTCT,0,1283160
furpa,0.5,1,1,ACGGGTGATGCTCCGTACAG,0,1301587
furpa,0.5,1,1,ACGGGTCCATGCATTTTTCT,0,1281335
furpa,0.5,1,1,ACGGGGTCAAGCGCAGAGCT,0,1301257
furpa,0.5,1,1,ACGGGCGTACAGTGGTCGTA,0,1320452
furpa,0.5,1,1,ACGGGCAGTTGCGACCGTAA,0,1327861
furpa,0.5,1,1,ACGGGAGCACTGTCTCGGTT,0,1348462
furpa,0.5,1,1,ACGGGAAGATGTTTAAAGTC,0,1275730
furpa,0.5,1,1,ACGGCATGGCTGTCCATGCG,0,1300597
furpa,0.5,1,1,ACGGATTGTACTCTGAGTCC,0,1341315
furpa,0.5,1,1,ACGGAGTCAGTTGGTTAGAC,0,1354516
furpa,0.5,1,1,ACGGAGGTCTTTCGCGGCGG,0,1344052
furpa,0.5,1,1,ACGGAGCTCGGGGTATAGAA,0,1304463
furpa,0.5,1,1,ACGGAGAGGAAAAAACCGTG,0,1346234
furpa,0.5,1,1,ACGGAGAGAGTCGCGGGCGA,0,1327121
furpa,0.5,1,1,ACGGACGGGTATAACTGGTA,0,1346708
furpa,0.5,1,1,ACGCTTGCCTCAGGAGTTGC,0,1274822
furpa,0.5,1,1,ACGCTTCTTGCTTGTAGTCT,0,1347173
furpa,0.5,1,1,ACGCGTCAAATAGGGATAAT,0,1289547
furpa,0.5,1,1,ACGCGGGTTCGTATCATTAG,0,1355965
furpa,0.5,1,1,ACGCGGACAGAATAAGTCGT,0,1315681
furpa,0.5,1,1,ACGCGATCTCGTTTACGGGA,0,1350270
furpa,0.5,1,1,ACGCCTTGTAAGAGACGGGA,0,1339219
furpa,0.5,1,1,ACGCCCATGAAAAAGGACAT,0,1356484
furpa,0.5,1,1,ACGCCCAGCTTGAGCTTGAA,0,1334081
furpa,0.5,1,1,ACGCCAAAAGCCTCTCAAAC,0,1355915
furpa,0.5,1,1,ACGCATTAGTGGGCAGAACC,0,1327460
furpa,0.5,1,1,ACGCACGTAGGAGGAAGTCT,0,1347631
furpa,0.5,1,1,ACGCAATTGGGCACCGTTCG,0,1334650
furpa,0.5,1,1,ACGCAATTATAGTGTAGTCA,0,1342109
furpa,0.5,1,1,ACGCAAATATGGCGGCCCCA,0,1303706
furpa,0.5,1,1,ACGATTTTCAGTTGGCCTAC,0,1336589
furpa,0.5,1,1,ACGATGACTTTGAACTCAGG,0,1290517
furpa,0.5,1,1,ACGATCTGGTGCCGCTGTAC,0,1295409
furpa,0.5,1,1,ACGATCGGCATAGGAGCTCG,0,1323798
furpa,0.5,1,1,ACGATCAAATCGGTCCGTTT,0,1314192
furpa,0.5,1,1,ACGATACTGCCGGCGCATTC,0,1285195
furpa,0.5,1,1,ACGATACAGCCACTCCCGGC,0,1316318
furpa,0.5,1,1,ACGATAACGGGTCACAAGGT,0,1273885
furpa,0.5,1,1,ACGAGTATCTGGTTGAGCTG,0,1350496
furpa,0.5,1,1,ACGAGGTACGGACTGGCGGG,0,1347612
furpa,0.5,1,1,ACGAGGCTTGAAACACAAAT,0,1323579
furpa,0.5,1,1,ACGACTGTGCATTAAGTAAT,0,1320273
furpa,0.5,1,1,ACGACTATTTTATAATGGTT,0,1277531
furpa,0.5,1,1,ACGACGTAAATGTGATCGTG,0,1281298
furpa,0.5,1,1,ACGACGGCGAGCGGAGTCTA,0,1332909
furpa,0.5,1,1,ACGACGCTTAGAACGTATTC,0,1329223
furpa,0.5,1,1,ACGACGCATGAAGTGTCAAA,0,1297766
furpa,0.5,1,1,ACGACGACGTGGAGTTTGAA,0,1286989
furpa,0.5,1,1,ACGACAAACATGCCAGGTAC,0,1333412
furpa,0.5,1,1,ACGAATTTGTTCAAAAAGAT,0,1313322
furpa,0.5,1,1,ACGAATTGGTCAGATAATGC,0,1333886
furpa,0.5,1,1,ACGAAGCTTTTTGTACAAGC,0,1344460
furpa,0.5,1,1,ACGAAAATTGATCAAATGCT,0,1325908
furpa,0.5,1,1,ACCTTTTCAGATACATGTTG,0,1290133
furpa,0.5,1,1,ACCTTTCGACATGGAAACGT,0,1314477
furpa,0.5,1,1,ACCTTGCGTGCAGCACCATA,0,1296003
furpa,0.5,1,1,ACCTTCGTAATGTTTATCTA,0,1346010
furpa,0.5,1,1,ACCTTCCTGAACACGACTGG,0,1283058
furpa,0.5,1,1,ACCTTCCATACATAGTATAG,0,1307174
furpa,0.5,1,1,ACCTTATTTTATGCGACATT,0,1344508
furpa,0.5,1,1,ACCTTATCTTTTTCTGCCTT,0,1327740
furpa,0.5,1,1,ACCTGTCAGGTTACCCGTGT,0,1276635
furpa,0.5,1,1,ACCTGTAGATTTGGGGCCAG,0,1317891
furpa,0.5,1,1,ACCTGGTAGAATAATACAAG,0,1316940
furpa,0.5,1,1,ACCTGCTCACCGGTGGACAG,0,1314622
furpa,0.5,1,1,ACCTGAATGTATCAACTCGC,0,1352041
furpa,0.5,1,1,ACCTCGGTACCTGAATTGCG,0,1306337
furpa,0.5,1,1,ACCTCCGGAGCGGATACGGG,0,1299910
furpa,0.5,1,1,ACCTCAACGGTGGTCATGTT,0,1296356
furpa,0.5,1,1,ACCTAGAAGGCTGACCGACC,0,1344918
furpa,0.5,1,1,ACCTACCCTGAACGGGTGAC,0,1332705
furpa,0.5,1,1,ACCGTTTTGAAAGCAGGACA,0,1301256
furpa,0.5,1,1,ACCGTCTTGATGGCTGGGGA,0,1337504
furpa,0.5,1,1,ACCGTCTCGCATGTTTCGTA,0,1288104
furpa,0.5,1,1,ACCGTCTCAATGAGGAATCT,0,1355300
furpa,0.5,1,1,ACCGTCCTCGGTCTTCTAAT,0,1272923
furpa,0.5,1,1,ACCGTAGGGATTAGCGCTTA,0,1284878
furpa,0.5,1,1,ACCGGGAGTCGCGACAGTAA,0,1326845
furpa,0.5,1,1,ACCGGAGCTTGGTTTGCGCA,0,1281082
furpa,0.5,1,1,ACCGCTCTCAGAACGGCTAG,0,1343813
furpa,0.5,1,1,ACCGCGTGGGCATCCGAGAC,0,1277299
furpa,0.5,1,1,ACCGCCGCCATACTTGTGTC,0,1344540
furpa,0.5,1,1,ACCGATCTTCTGGCAAGACT,0,1285518
furpa,0.5,1,1,ACCGAGTATCACCCGAAGGT,0,1300933
furpa,0.5,1,1,ACCGAGCAGTCTCAATTCAA,0,1338575
furpa,0.5,1,1,ACCGACGCACGTACCCTGCA,0,1337507
furpa,0.5,1,1,ACCGACGAGAGATACCTTAA,0,1349459
furpa,0.5,1,1,ACCGACCGGCACTTGAAAAA,0,1357366
furpa,0.5,1,1,ACCGACATTCCATCGAGGCC,0,1347995
furpa,0.5,1,1,ACCCTTCCTCTAGTGGCTTA,0,1275001
furpa,0.5,1,1,ACCCTGGTCCCTATAGGGTG,0,1289070
furpa,0.5,1,1,ACCCTGGGCTTAACACGCCT,0,1355378
furpa,0.5,1,1,ACCCTCGAATCGATATAGTT,0,1293376
furpa,0.5,1,1,ACCCTAAGCCTTATTTGGCC,0,1307788
furpa,0.5,1,1,ACCCTAAGAGGGGGTCTGGA,0,1336009
furpa,0.5,1,1,ACCCGGTCTTAGCATCGTGC,0,1310461
furpa,0.5,1,1,ACCCGGTAATCCGGCAAAAA,0,1297092
furpa,0.5,1,1,ACCCGGGGCACAGTTTCTGA,0,1299313
furpa,0.5,1,1,ACCCGGGAAGGTGGGCCGCA,0,1326136
furpa,0.5,1,1,ACCCGCATACCTCACATTTC,0,1357466
furpa,0.5,1,1,ACCCCCTGCACGGGGCAACT,0,1308552
furpa,0.5,1,1,ACCCACGTGATAACCACTAA,0,1317961
furpa,0.5,1,1,ACCCACCGTGTCTATGCGAA,0,1294695
furpa,0.5,1,1,ACCCACCCGTACGTCCGCTT,0,1296882
furpa,0.5,1,1,ACCCACATTGACGTAACTCG,0,1316282
furpa,0.5,1,1,ACCCAATAGCGCTATGTTTG,0,1331874
furpa,0.5,1,1,ACCCAAGTTATTTACGGCCA,0,1318994
furpa,0.5,1,1,ACCATTCCCGCACTTGCCCT,0,1349754
furpa,0.5,1,1,ACCATGGAAAGACACTAGGT,0,1347486
furpa,0.5,1,1,ACCATGATAAACATGAAGTT,0,1275165
furpa,0.5,1,1,ACCATCCATATGGTCTAAAT,0,1331740
furpa,0.5,1,1,ACCATATCTCAGTGGCCAAG,0,1271537
furpa,0.5,1,1,ACCATAGAGAGACTCCGAAC,0,1351108
furpa,0.5,1,1,ACCAGTTAAACCAACACTTG,0,1315717
furpa,0.5,1,1,ACCAGTACAAATTTACGACC,0,1300864
furpa,0.5,1,1,ACCAGGGATCCACAGAATTG,0,1337176
furpa,0.5,1,1,ACCAGATCTCGTCGCGTATA,0,1322517
furpa,0.5,1,1,ACCACTGATATACTCGGGGG,0,1294155
furpa,0.5,1,1,ACCACCGTAGGGTCGCTGCT,0,1290617
furpa,0.5,1,1,ACCACAAGCCACCACAACAA,0,1319055
furpa,0.5,1,1,ACCACAAGAGGGGCAGTTTT,0,1320307
furpa,0.5,1,1,ACCAATGTACATGGTGTACA,0,1274096
furpa,0.5,1,1,ACCAAGCCACGTATAATCTC,0,1311625
furpa,0.5,1,1,ACCAAGAACCCTTGCGTTCT,0,1354476
furpa,0.5,1,1,ACCAACTAAAGGCCAGGCGT,0,1351777
furpa,0.5,1,1,ACCAACGCGGGTTTACGTCA,0,1298767
furpa,0.5,1,1,ACCAAAGGCGGGGTAGCTCT,0,1328927
furpa,0.5,1,1,ACCAAACTCTATCAGGCCAC,0,1273402
furpa,0.5,1,1,ACATTTTTGTTCTCCCCGCG,0,1291644
furpa,0.5,1,1,ACATTTTGTCCAGCCATCAT,0,1312087
furpa,0.5,1,1,ACATTTGGGCGTAACGAGTT,0,1292306
furpa,0.5,1,1,ACATTGCGGGGACATTCGGA,0,1336412
furpa,0.5,1,1,ACATTCGCGTATATCACACT,0,1272964
furpa,0.5,1,1,ACATTACATTCGGGACGAAG,0,1311577
furpa,0.5,1,1,ACATTAAGATGGCTATTGCA,0,1303791
furpa,0.5,1,1,ACATGTTGCCCGGGCTTATG,0,1278979
furpa,0.5,1,1,ACATGTGCGGTGAGTAGTGG,0,1328725
furpa,0.5,1,1,ACATGTGATCCCTAAAGCTA,0,1285305
furpa,0.5,1,1,ACATGTCGAACATCAACATT,0,1274087
furpa,0.5,1,1,ACATGGCTTCTGTTGTGGTC,0,1314075
furpa,0.5,1,1,ACATGCCGAAATGTACATCT,0,1287939
furpa,0.5,1,1,ACATGACACAAGATGGCAAC,0,1333423
furpa,0.5,1,1,ACATCTTAACCACGCCGGGA,0,1346614
furpa,0.5,1,1,ACATCGTCAGTATGAGTCTT,0,1341577
furpa,0.5,1,1,ACATCGCCGAGGACCCCTCC,0,1301524
furpa,0.5,1,1,ACATCGAGTGGCAATGTTCG,0,1325236
furpa,0.5,1,1,ACATCGAGTAAGTACAGATT,0,1284145
furpa,0.5,1,1,ACATATGAGAATAAGGTGCC,0,1290691
furpa,0.5,1,1,ACATACCCCGGGTTCGGTTT,0,1340505
furpa,0.5,1,1,ACATAACTGGTCCTTCGACC,0,1273865
furpa,0.5,1,1,ACATAACCGCAAGGTTAATT,0,1353809
furpa,0.5,1,1,ACATAAAGATCAATGCAGAG,0,1333691
furpa,0.5,1,1,ACAGTTATGCATCTCATCGC,0,1298332
furpa,0.5,1,1,ACAGTGGGACGCCACACAAG,0,1326561
furpa,0.5,1,1,ACAGTACAATCAACCCACTC,0,1292619
furpa,0.5,1,1,ACAGTAAGGTCGTGCGCATT,0,1277414
furpa,0.5,1,1,ACAGGTGATTGAAACCATGT,0,1352991
furpa,0.5,1,1,ACAGGTAACAAGCATGAGGA,0,1281349
furpa,0.5,1,1,ACAGGGATTTCCTTCCCCAA,0,1280272
furpa,0.5,1,1,ACAGGGAACCAGAACTGGTG,0,1326539
furpa,0.5,1,1,ACAGGCGAAGTCGGTGGTAG,0,1296920
furpa,0.5,1,1,ACAGGCAATCCCGAGGCTAT,0,1293442
furpa,0.5,1,1,ACAGGAGCGAGGACACATAT,0,1297351
furpa,0.5,1,1,ACAGCCGGGTTGGCATTAAT,0,1348677
furpa,0.5,1,1,ACAGCCAGCATGTCCGGTAC,0,1299389
furpa,0.5,1,1,ACAGATTCCGTCTCCCGCTA,0,1274247
furpa,0.5,1,1,ACAGAGTTGGTCAGTCACCC,0,1340223
furpa,0.5,1,1,ACAGAAGAGACGTTTACGAT,0,1350836
furpa,0.5,1,1,ACACTGCAAATAATCGCACT,0,1286174
furpa,0.5,1,1,ACACTGAGATACAGACGGAG,0,1312000
furpa,0.5,1,1,ACACTATCGCGTCTCCGACC,0,1272635
furpa,0.5,1,1,ACACGTCTTCCCGGGGGGCA,0,1341827
furpa,0.5,1,1,ACACGTCATGGCGTCAGTCC,0,1316090
furpa,0.5,1,1,ACACGGGTTTCGTACCAGGT,0,1278049
furpa,0.5,1,1,ACACGCTGTGAGTATGAACT,0,1289299
furpa,0.5,1,1,ACACGATCGGCTCTGGCTGA,0,1318089
furpa,0.5,1,1,ACACCTGGTCGGATGCATAA,0,1327620
furpa,0.5,1,1,ACACCTATGAATCTGTCACA,0,1299955
furpa,0.5,1,1,ACACCGTGTTGACGTTCTAG,0,1347892
furpa,0.5,1,1,ACACCCCCTGTGTGTATAGG,0,1310237
furpa,0.5,1,1,ACACCATGGCGCTTCAGGCA,0,1336282
furpa,0.5,1,1,ACACAGTAAAAGTGCGGGTA,0,1344921
furpa,0.5,1,1,ACACAGAGACTAGGGAAAAT,0,1273622
furpa,0.5,1,1,ACACAATACACATGGCGTAA,0,1290430
furpa,0.5,1,1,ACACAACTTCATAGGTCGGC,0,1329999
furpa,0.5,1,1,ACAATTTGAGTCAAGTTCGG,0,1354951
furpa,0.5,1,1,ACAATTGGCGAGAAATATAG,0,1274189
furpa,0.5,1,1,ACAATTGCAGTCGTGCTGTA,0,1342257
furpa,0.5,1,1,ACAATTGAGGTTTATAGCAT,0,1309338
furpa,0.5,1,1,ACAATCCACTATATCCCAAG,0,1278000
furpa,0.5,1,1,ACAATAGCGTTTGATTTTCA,0,1354470
furpa,0.5,1,1,ACAATACCCACAGAACGAAG,0,1352036
furpa,0.5,1,1,ACAAGTCCATAGGAAGTTTG,0,1352337
furpa,0.5,1,1,ACAAGTAAACTCATTGTCGT,0,1332115
furpa,0.5,1,1,ACAAGGTTTTATCTGACAGT,0,1320773
furpa,0.5,1,1,ACAAGCCAGTCGTGCCGTCC,0,1299348
furpa,0.5,1,1,ACAAGAGGTGATTAAATAAC,0,1338438
furpa,0.5,1,1,ACAACGAGCGTTTTTCTGTG,0,1303890
furpa,0.5,1,1,ACAAAGGGTGATCTTCAGAG,0,1318587
furpa,0.5,1,1,ACAAAACCGGACTGGGGCGC,0,1332823
furpa,0.5,1,1,AATTTTTAGGTAGGTGTTGT,0,1307965
furpa,0.5,1,1,AATTTGTAGCCCATTAATTC,0,1288627
furpa,0.5,1,1,AATTTGGCGGGAGTAGAGGG,0,1281111
furpa,0.5,1,1,AATTGTGTGCTTCGCCGCCA,0,1348561
furpa,0.5,1,1,AATTGTCGTAGGCTACATAC,0,1335577
furpa,0.5,1,1,AATTGTCGAACAGGGACACA,0,1281663
furpa,0.5,1,1,AATTGTACACCGTTCTATCG,0,1281058
furpa,0.5,1,1,AATTGAGCTCACCGTCCAGC,0,1312156
furpa,0.5,1,1,AATTGAAGCTTGCCCATTGA,0,1297384
furpa,0.5,1,1,AATTCTGTGCATACGTGAAA,0,1287207
furpa,0.5,1,1,AATTCGCACGATCCCGCTAG,0,1314635
furpa,0.5,1,1,AATTCATAGGACTCCAACTT,0,1343370
furpa,0.5,1,1,AATTCATAGATGCGATGTGA,0,1350533
furpa,0.5,1,1,AATTCACATTCAGTCACTTA,0,1350391
furpa,0.5,1,1,AATTATGGGCTTGCGGGCTA,0,1306154
furpa,0.5,1,1,AATTATCTGGAGACGGCCCG,0,1327971
furpa,0.5,1,1,AATTATAATCTGAATACAGC,0,1293663
furpa,0.5,1,1,AATTAGTTTCGTTTAAGCCA,0,1344612
furpa,0.5,1,1,AATGTGGCCTCGGGATGTAC,0,1275694
furpa,0.5,1,1,AATGTCTAGGTAAGGCGTAA,0,1273540
furpa,0.5,1,1,AATGTCCTATGAAATGTATA,0,1354421
furpa,0.5,1,1,AATGTAGCAGCTGCCTCGGA,0,1314295
furpa,0.5,1,1,AATGTACGAAATAATAGTGA,0,1302458
furpa,0.5,1,1,AATGGGGATGCAGGCATTAG,0,1278409
furpa,0.5,1,1,AATGGGATTCTCTTTCACAG,0,1303879
furpa,0.5,1,1,AATGGCCTTCCAGCTGGTGT,0,1278439
furpa,0.5,1,1,AATGGCAACCGCCCGGAAGC,0,1295946
furpa,0.5,1,1,AATGCTTTAGAGAGAACTCG,0,1272268
furpa,0.5,1,1,AATGCGTACCATCATAGTAG,0,1323817
furpa,0.5,1,1,AATGCGACGCGTAGCTTGGA,0,1287683
furpa,0.5,1,1,AATGATGTCTGTCGTCCGCA,0,1323125
furpa,0.5,1,1,AATGATCCTCTCGTAAACAA,0,1353142
furpa,0.5,1,1,AATCTACCCCGATACTTCCA,0,1304959
furpa,0.5,1,1,AATCGTTAAAGGCAGTATGA,0,1340382
furpa,0.5,1,1,AATCGCTGGTTACGAGAAAG,0,1311700
furpa,0.5,1,1,AATCCTCTAGCTGGAGGGTT,0,1315578
furpa,0.5,1,1,AATCCTAGCACGTACCATGT,0,1340907
furpa,0.5,1,1,AATCCCTGTATGATAAACAC,0,1286241
furpa,0.5,1,1,AATCCACGTGAAGCATTAGA,0,1335823
furpa,0.5,1,1,AATCCACACAGGAGACACTC,0,1292815
furpa,0.5,1,1,AATCATCGGAAAGAAACAAA,0,1339196
furpa,0.5,1,1,AATCAGGTAGGGTTTTTCTA,0,1337665
furpa,0.5,1,1,AATCAGGCATAAAAGGGCAG,0,1335956
furpa,0.5,1,1,AATCAGCTAACTTAGCACAC,0,1309829
furpa,0.5,1,1,AATCACAAATGACGACGTGT,0,1278184
furpa,0.5,1,1,AATCAATTTGCTCTGGTGAC,0,1313646
furpa,0.5,1,1,AATCAATTCTCAAGCACGTT,0,1278172
furpa,0.5,1,1,AATCAAGAAGGAGGCGTCTG,0,1350212
furpa,0.5,1,1,AATCAACCGCGCTCTAGGGC,0,1333512
furpa,0.5,1,1,AATATTGGTGGGTATGACCG,0,1314109
furpa,0.5,1,1,AATATTGGCCCAGAATTACC,0,1290575
furpa,0.5,1,1,AATATTGACTTATTTTCTGC,0,1336772
furpa,0.5,1,1,AATAGTCCCCTCAAGCAACT,0,1339831
furpa,0.5,1,1,AATAGGTCCGAGTTACCGAT,0,1311284
furpa,0.5,1,1,AATAGGGTTACCCGGGTCGG,0,1290685
furpa,0.5,1,1,AATACTATAATTGATTGTTT,0,1332570
furpa,0.5,1,1,AATACGAGAATTTTTAGGAG,0,1322365
furpa,0.5,1,1,AATACCGTGCAAGCTGGGCT,0,1351580
furpa,0.5,1,1,AATACAGACCTCGTCCCAAT,0,1274109
furpa,0.5,1,1,AATACAATGTGCCTTTCCAG,0,1274318
furpa,0.5,1,1,AATAATTCGAAACCGCAAGA,0,1279114
furpa,0.5,1,1,AATAATAGTAAAGGGTCATT,0,1346676
furpa,0.5,1,1,AATAATACAAAGCGAGCCGA,0,1318996
furpa,0.5,1,1,AATAAGTAAAGTTTGTGGGT,0,1287793
furpa,0.5,1,1,AATAAGCTTTGAAGTGCGTA,0,1344241
furpa,0.5,1,1,AATAACGCGCGGTCCGTAAT,0,1288596
furpa,0.5,1,1,AATAACAGATTTGCAATCAT,0,1348326
furpa,0.5,1,1,AATAAAACGCCACTATAACT,0,1284139
furpa,0.5,1,1,AAGTTGCCTATCGAAGTGCT,0,1294144
furpa,0.5,1,1,AAGTTCTTTCGTCGCCGGCA,0,1301705
furpa,0.5,1,1,AAGTTATAAATGTTTACATT,0,1282902
furpa,0.5,1,1,AAGTTAGATACGCCACCCAC,0,1336035
furpa,0.5,1,1,AAGTGGGCATTATACTTAGT,0,1339076
furpa,0.5,1,1,AAGTGCCAATCCGGATGGTA,0,1345829
furpa,0.5,1,1,AAGTGATTCGAGAAGATGAT,0,1350644
furpa,0.5,1,1,AAGTGAGTCGATTCTGCGGG,0,1346536
furpa,0.5,1,1,AAGTGAGGCTACAAGATGCT,0,1302597
furpa,0.5,1,1,AAGTGAGACGTTCGACAAAG,0,1353704
furpa,0.5,1,1,AAGTGAATGTAGGGCGCTTG,0,1344098
furpa,0.5,1,1,AAGTGAATGGGGCATACAAA,0,1286111
furpa,0.5,1,1,AAGTCTTCGTCGGATGCCTA,0,1316982
furpa,0.5,1,1,AAGTCCGAGAACAGCCGCTT,0,1326300
furpa,0.5,1,1,AAGTCCACAACATGGCACAA,0,1278346
furpa,0.5,1,1,AAGTCACGTACGGTCGGAGG,0,1299526
furpa,0.5,1,1,AAGTCAACCACGTAACGCGA,0,1316355
furpa,0.5,1,1,AAGTCAACAAGAGCGAAAAC,0,1295390
furpa,0.5,1,1,AAGTATGTCCCTCGGACAGT,0,1272598
furpa,0.5,1,1,AAGTATCTCCAGGCTCGGCA,0,1343653
furpa,0.5,1,1,AAGTAGGGAAGTTCGAGATC,0,1288825
furpa,0.5,1,1,AAGTAGCATCGGGGGCGAAG,0,1335936
furpa,0.5,1,1,AAGTAATTGCCCAAAGCTAA,0,1287832
furpa,0.5,1,1,AAGTAATCGATAACTGTGTT,0,1320591
furpa,0.5,1,1,AAGGTTTGTAGGCAGTCCGT,0,1309495
furpa,0.5,1,1,AAGGTCTTCCCATATCCTTC,0,1278645
furpa,0.5,1,1,AAGGTCGGACGCAGACCTAT,0,1277491
furpa,0.5,1,1,AAGGTCCAAGGGATGTTAAT,0,1292051
furpa,0.5,1,1,AAGGGTGTCCAGCCTTTACT,0,1344953
furpa,0.5,1,1,AAGGGGTCCATGGTTATGTT,0,1338677
furpa,0.5,1,1,AAGGGGGTACCACCGCCTGG,0,1302188
furpa,0.5,1,1,AAGGGGCTCGAGTAGGTTAG,0,1308981
furpa,0.5,1,1,AAGGGACCATAAGGGTGATC,0,1286095
furpa,0.5,1,1,AAGGCTTAAATGAGTTAAAG,0,1274074
furpa,0.5,1,1,AAGGCCACCCCTAGGGGATA,0,1273989
furpa,0.5,1,1,AAGGCAGGCATCACGGGATA,0,1290482
furpa,0.5,1,1,AAGGATGAGAACTTCGTTTT,0,1325247
furpa,0.5,1,1,AAGGAGTCTTCCTGCGGGGG,0,1293033
furpa,0.5,1,1,AAGGAGGACCAGCCGAGGTG,0,1286954
furpa,0.5,1,1,AAGGACAAAACTGCTTAATC,0,1318741
furpa,0.5,1,1,AAGGAATTTAACCTTACTGG,0,1308645
furpa,0.5,1,1,AAGGAATGTAGGGTTGGACC,0,1319999
furpa,0.5,1,1,AAGCTCCTGGCTTGGCGAAG,0,1295212
furpa,0.5,1,1,AAGCTAAATCCTTGGCGTGA,0,1357043
furpa,0.5,1,1,AAGCGGGGCAGCGGCTCCAC,0,1288342
furpa,0.5,1,1,AAGCGGGAAAATTTGGGATC,0,1271688
furpa,0.5,1,1,AAGCGGCTCGTCGCCAGTTG,0,1351526
furpa,0.5,1,1,AAGCGCGTTCGGAGCAATAA,0,1323772
furpa,0.5,1,1,AAGCGCGATACTTGGTGATG,0,1273305
furpa,0.5,1,1,AAGCGACGGGGAGCCGGCCC,0,1337046
furpa,0.5,1,1,AAGCCGGAGGTAACCGTAGT,0,1353994
furpa,0.5,1,1,AAGCCGCGGCTGCTTATCTA,0,1282337
furpa,0.5,1,1,AAGCCAACTTGGAGATGGAC,0,1337407
furpa,0.5,1,1,AAGCAGATTCGACATAAACC,0,1326442
furpa,0.5,1,1,AAGCACAGTATTATTGGGTA,0,1309750
furpa,0.5,1,1,AAGCACACTGCTGCTAGGCT,0,1319808
furpa,0.5,1,1,AAGCACACACCACGTTAAGG,0,1283616
furpa,0.5,1,1,AAGATCGGTGGCAATGGTAG,0,1315191
furpa,0.5,1,1,AAGATCGCCTCTAATTGTAG,0,1273102
furpa,0.5,1,1,AAGAGGTCACTAGACTAACG,0,1286687
furpa,0.5,1,1,AAGAGGCTATGTGGATCTGA,0,1332634
furpa,0.5,1,1,AAGAGGCGATTACTCGTGAA,0,1281331
furpa,0.5,1,1,AAGAGCGTATGGTAAAGATA,0,1283408
furpa,0.5,1,1,AAGAGACTAAACGAAAAACC,0,1284031
furpa,0.5,1,1,AAGACTGTAGTGCCCAACTA,0,1354577
furpa,0.5,1,1,AAGACGACTCAGGTGTCATT,0,1282276
furpa,0.5,1,1,AAGACCTTCGGGATTGCATT,0,1322818
furpa,0.5,1,1,AAGACCGCGGATCAGTATAA,0,1349030
furpa,0.5,1,1,AAGACACTTACCCTACCACT,0,1292669
furpa,0.5,1,1,AAGAATGGTCGGATATTCTG,0,1349828
furpa,0.5,1,1,AAGAACCTAAGATGCCGTAT,0,1349578
furpa,0.5,1,1,AAGAACACCGGCCCTTCAAC,0,1309351
furpa,0.5,1,1,AAGAAATAGCAGGAATTCGT,0,1308455
furpa,0.5,1,1,AAGAAAACGCATACTCTCCT,0,1299305
furpa,0.5,1,1,AACTTTCATCAACAATTCTA,0,1307258
furpa,0.5,1,1,AACTTCTCTACAGTTTTCAA,0,1352791
furpa,0.5,1,1,AACTTCCCGGGCGGGGTTTC,0,1354374
furpa,0.5,1,1,AACTTATCTCGCAACAAGGA,0,1332542
furpa,0.5,1,1,AACTGGTCGTCTAGTTAGTT,0,1334835
furpa,0.5,1,1,AACTGGTACTGTTGGAACGA,0,1285198
furpa,0.5,1,1,AACTGGCGTTTTTCACGGGC,0,1276211
furpa,0.5,1,1,AACTGGAGTACTGAGTATGA,0,1275118
furpa,0.5,1,1,AACTGCGAGGTCTTCTGAAA,0,1294420
furpa,0.5,1,1,AACTGCCGCAAGTGTACTGC,0,1312281
furpa,0.5,1,1,AACTGCCCGCTCAAGACGCA,0,1346151
furpa,0.5,1,1,AACTGCCATACCGATCGCGG,0,1304379
furpa,0.5,1,1,AACTCGCTGAGAGAGAAGAA,0,1351899
furpa,0.5,1,1,AACTCATTCGATTTGGGCCT,0,1316988
furpa,0.5,1,1,AACTAGGTCGTAATACAGGG,0,1291961
furpa,0.5,1,1,AACTAAGAACCAAACGCTCT,0,1306613
furpa,0.5,1,1,AACTAACCAGGTGAAGGGGG,0,1348313
furpa,0.5,1,1,AACGTTCTGTATTATTCGCT,0,1312264
furpa,0.5,1,1,AACGTGGCCGATGCCCGGAG,0,1318206
furpa,0.5,1,1,AACGTAACGCCTCGGACGGC,0,1336886
furpa,0.5,1,1,AACGGTCCAGAAAGCCACTA,0,1312765
furpa,0.5,1,1,AACGGGGGAAATGTCCAACT,0,1314597
furpa,0.5,1,1,AACGGGCCTATGCGGCTGTT,0,1318518
furpa,0.5,1,1,AACGGCGTTCGTTCAGAGCC,0,1301541
furpa,0.5,1,1,AACGGACATCCCGGGCTTCC,0,1285744
furpa,0.5,1,1,AACGGACAGTGTTACTTTAT,0,1282105
furpa,0.5,1,1,AACGCGGAGGATTACAAAGC,0,1295588
furpa,0.5,1,1,AACGCCCCTCAAACAAACGG,0,1307504
furpa,0.5,1,1,AACGCCACGCGTAATTTCCG,0,1328619
furpa,0.5,1,1,AACGCAATCTAGGTGCCACA,0,1315311
furpa,0.5,1,1,AACGACATCCAACCCTGGAA,0,1294290
furpa,0.5,1,1,AACGAATTGAGTACAACTCG,0,1354309
furpa,0.5,1,1,AACCTTGGAGTTACTAGCTA,0,1303355
furpa,0.5,1,1,AACCTTAGGCGTAAATCCTG,0,1291213
furpa,0.5,1,1,AACCTTAACTTTGGCCGTAG,0,1321023
furpa,0.5,1,1,AACCTCGGAATGGTTGGGGT,0,1323287
furpa,0.5,1,1,AACCTCGCGTCAAGACTGCC,0,1276685
furpa,0.5,1,1,AACCGCTAAGCGCGACAAAC,0,1303705
furpa,0.5,1,1,AACCGCCTAGATTTGGTCGT,0,1308196
furpa,0.5,1,1,AACCGACACGCTGCTACGAG,0,1284576
furpa,0.5,1,1,AACCCTAAGCACCAACAAGG,0,1308723
furpa,0.5,1,1,AACCCAGGAAAGACCTTCAG,0,1314092
furpa,0.5,1,1,AACCATTTATTTTAAGTCAG,0,1298925
furpa,0.5,1,1,AACCATCAGGATGCCGCTAT,0,1333044
furpa,0.5,1,1,AACCAGTATTGTTAATCCCA,0,1320681
furpa,0.5,1,1,AACATTTATGAACGCAGTTT,0,1317298
furpa,0.5,1,1,AACATTGTATAACGTTACGA,0,1292811
furpa,0.5,1,1,AACATTATTCCAGAGTACTG,0,1318521
furpa,0.5,1,1,AACATCCATTGGGTGTCTGG,0,1278211
furpa,0.5,1,1,AACATATTGGCACATATGTT,0,1328205
furpa,0.5,1,1,AACATAATTCACGTGTTCCG,0,1297854
furpa,0.5,1,1,AACAGTGCCCGTAAGTAGAG,0,1322852
furpa,0.5,1,1,AACAGTGAGAAAAGCTTTAC,0,1304078
furpa,0.5,1,1,AACAGTCCGGGATACGGATC,0,1301635
furpa,0.5,1,1,AACAGGCGTTTGACCGAACC,0,1285481
furpa,0.5,1,1,AACAGCTGCTTTAAGTGTCT,0,1278635
furpa,0.5,1,1,AACAGAGGGCGTCAAATAGC,0,1293307
furpa,0.5,1,1,AACAGACAACTACTAGACCG,0,1357404
furpa,0.5,1,1,AACACTGTAGAACGAAAAGA,0,1321338
furpa,0.5,1,1,AACACGGAGGGCAACAAGAT,0,1329732
furpa,0.5,1,1,AACACCAGGTCGTGCCTCAC,0,1295885
furpa,0.5,1,1,AACAATAACTCAGTATCCCA,0,1349872
furpa,0.5,1,1,AACAAGGCGTATATATGGTA,0,1282103
furpa,0.5,1,1,AAATTTGTGCAGTGTGGGGA,0,1298798
furpa,0.5,1,1,AAATTTGGTACTACTATTAG,0,1333057
furpa,0.5,1,1,AAATTTGATAGGATCTAAGA,0,1324502
furpa,0.5,1,1,AAATTTCGATGGGTTGAACA,0,1278063
furpa,0.5,1,1,AAATTCTCCATAGCACAGGT,0,1308276
furpa,0.5,1,1,AAATTATATAGTTTTAGTTA,0,1336685
furpa,0.5,1,1,AAATTAGTCTGGCTACCAGT,0,1326063
furpa,0.5,1,1,AAATTAGGGAAATATCTGCA,0,1306523
furpa,0.5,1,1,AAATGTGCACCGGTACATTG,0,1315522
furpa,0.5,1,1,AAATGCGCCGGTCCTCCACT,0,1314791
furpa,0.5,1,1,AAATGCAGACAGGAGGCTTA,0,1303134
furpa,0.5,1,1,AAATGCAAAGATACAACACG,0,1328650
furpa,0.5,1,1,AAATGAGACCGCCCAAAGAA,0,1287680
furpa,0.5,1,1,AAATGACATAGCTCTATTTC,0,1321788
furpa,0.5,1,1,AAATCTCACTCATGGCAGAA,0,1345265
furpa,0.5,1,1,AAATCGGCGTACTCGGGGTG,0,1349251
furpa,0.5,1,1,AAATCGCTGCGCTTACCGGT,0,1311820
furpa,0.5,1,1,AAATCCCGGTAATCCCAACT,0,1276788
furpa,0.5,1,1,AAATCATGGGATAGTCATTC,0,1320143
furpa,0.5,1,1,AAATATTATTGAATGGATGC,0,1295701
furpa,0.5,1,1,AAATATCAATTGGTACAACC,0,1280817
furpa,0.5,1,1,AAATATAATCGGCTTCGATT,0,1340911
furpa,0.5,1,1,AAATACCTTGAGCACCAAAA,0,1330545
furpa,0.5,1,1,AAATAAGGACTTTAACGGAA,0,1297710
furpa,0.5,1,1,AAATAACCTGGCTAGCTGTG,0,1271207
furpa,0.5,1,1,AAAGTGCCCACAGGTGCAAT,0,1306441
furpa,0.5,1,1,AAAGTATCCTTCTGCTGTGA,0,1349007
furpa,0.5,1,1,AAAGTAGAGCGGGTAAAGCT,0,1315342
furpa,0.5,1,1,AAAGGTGAAAGTCGAGCGAT,0,1333875
furpa,0.5,1,1,AAAGGTCGTCGCCTTGGAGG,0,1307995
furpa,0.5,1,1,AAAGGTCGGAGTTCCCTGCA,0,1315434
furpa,0.5,1,1,AAAGGTCACTACTCCCTATG,0,1339256
furpa,0.5,1,1,AAAGGTATCTTAGGGGGAGC,0,1320265
furpa,0.5,1,1,AAAGGGTTGCCAAACGGATC,0,1309325
furpa,0.5,1,1,AAAGGGAGGGTTCCCACGCA,0,1349050
furpa,0.5,1,1,AAAGGCTATCCTAAAACCAA,0,1294929
furpa,0.5,1,1,AAAGGACGTACGTTCGGCAC,0,1318308
furpa,0.5,1,1,AAAGCTGAGGGGTCGCGCGA,0,1278715
furpa,0.5,1,1,AAAGCCCAGCTGGGTTCGTA,0,1317328
furpa,0.5,1,1,AAAGATGCGTTAGTATATCC,0,1301105
furpa,0.5,1,1,AAACTTTCCTGAGTTAGGAA,0,1340214
furpa,0.5,1,1,AAACTGTGTATTCTGTGATG,0,1309707
furpa,0.5,1,1,AAACTGTGTATCGGGCGTCC,0,1274629
furpa,0.5,1,1,AAACTCATGGGTTGCCCGCT,0,1328037
furpa,0.5,1,1,AAACTATAACGCATCATTGG,0,1333019
furpa,0.5,1,1,AAACGTGTGCGCACTAATGC,0,1283395
furpa,0.5,1,1,AAACGGATTTGCTCTATAGG,0,1290664
furpa,0.5,1,1,AAACGAGTTAGGTAAGCCAC,0,1286335
furpa,0.5,1,1,AAACCTCTGGAAGCGAATGC,0,1334499
furpa,0.5,1,1,AAACCTCTGATGCCAGCTCG,0,1276064
furpa,0.5,1,1,AAACCCCCTCCTGATGCTAG,0,1279947
furpa,0.5,1,1,AAACCCAGGGCAGACTGGGA,0,1356197
furpa,0.5,1,1,AAACCCACTTCTACATCCTT,0,1279417
furpa,0.5,1,1,AAACAGTCCAGTTTAGAGAC,0,1331523
furpa,0.5,1,1,AAACAGTAGGAGACCTTTGG,0,1310226
furpa,0.5,1,1,AAACAAGAATAGACCCGTCC,0,1339163
furpa,0.5,1,1,AAAATTTAACCGAGAACAGC,0,1353580
furpa,0.5,1,1,AAAATTACGAGCACGACGTG,0,1338064
furpa,0.5,1,1,AAAATGTTAATTCCGTTCGG,0,1315901
furpa,0.5,1,1,AAAATGTCCTTTGTGGTAAC,0,1306150
furpa,0.5,1,1,AAAATAGCCGGTAATTACGA,0,1273087
furpa,0.5,1,1,AAAAGTAACAAAAACATTAC,0,1325662
furpa,0.5,1,1,AAAAGGTGCACCTAGGCCCG,0,1305381
furpa,0.5,1,1,AAAAGGGAGTTCAAACGCGA,0,1290888
furpa,0.5,1,1,AAAAGGCGCGAGATGCAGAA,0,1340486
furpa,0.5,1,1,AAAAGGACGTCCGGGGGACA,0,1302827
furpa,0.5,1,1,AAAAGCTTAAGAGTCTTAAT,0,1355725
furpa,0.5,1,1,AAAAGCAGCAGTACCACGGA,0,1332698
furpa,0.5,1,1,AAAAGAGGAGTACTTCGCAC,0,1348505
furpa,0.5,1,1,AAAAGAAAAGGTGATCGAAA,0,1336753
furpa,0.5,1,1,AAAACGATACGGCACTCGGT,0,1329345
furpa,0.5,1,1,AAAACAGGTAAAGGCTTATA,0,1281154
furpa,0.5,1,1,AAAACAAGGACTGACATTAA,0,1281726
furpa,0.5,1,1,AAAAAGTTTGGTATCCGGGG,0,1314431
furpa,0.5,1,1,AAAAAGTTCAGCGATAGTAG,0,1324945
furpa,0.5,1,1,AAAAAGGGTCGTCCCCGGAC,0,1293281
furpa,0.5,1,1,AAAAAGAAATGATAATTTAT,0,1331879
furpa,0.5,1,1,AAAAAATCGGACAGCCATCC,0,1318345
furpa,410.0,409,0,CTGGATAGGGCTGGGCGGGT,409,1300710
furpa,367.0,366,0,ATAATTAACAGTGATTGGTG,366,1310467
furpa,283.0,282,0,CGGCCATGGTAGTAGTGATC,282,1300111
furpa,276.0,275,0,TTTCCCCGCAGGACCCACTG,275,1315112
furpa,268.0,267,0,TACTGTGGGATGGACGAACT,267,1286044
furpa,267.0,266,0,ATGGGGGACTGCGATCCGAT,266,1333647
furpa,264.0,263,0,AGTACGCCAGCAACGGACCT,263,1339910
furpa,264.0,263,0,ACCGAAAGCCGTTACCTGTA,263,1344926
furpa,259.0,258,0,ACTTAATGATAGCATCATTT,258,1307610
furpa,234.0,233,0,TGGACTATATGTGACCAGGT,233,1272655
furpa,230.0,229,0,GTCACAGAGTAAAGGCCATT,229,1338104
furpa,7.0,6,0,GCGTTAACACAACCGGGATC,6,1349250
furpa,5.0,4,0,TTAATTTGTGCTCATAGAAC,4,1340257
furpa,5.0,4,0,TGCTCCATTGCATGTTGCTG,4,1327883
furpa,5.0,4,0,ATTGATATCTACATTTCTTA,4,1305174
furpa,5.0,4,0,ACCAGCGGATTGCGAGCCAT,4,1288884
furpa,4.0,3,0,TTGTAGTTGCCCGAACCGTT,3,1296379
furpa,4.0,3,0,TGCGGTACGCAAGGAGTATC,3,1326718
furpa,4.0,3,0,TCAGAGCGGAAATGACATTG,3,1295219
furpa,4.0,3,0,GTCCCCGGATCTAAAGGCTG,3,1296989
furpa,4.0,3,0,GGTAATTTCAGGACCAACCG,3,1339255
furpa,4.0,3,0,ATTTAGCGGGCCAGCATGCT,3,1340166
furpa,4.0,3,0,ACCCCCGTTGTTAAGCCCCT,3,1288428
furpa,3.0,2,0,TTCCCAATTAAGCGAGCTGT,2,1321274
furpa,3.0,2,0,TTATGCTGTGTTTTGATGCT,2,1355302
furpa,3.0,2,0,TTAGGCACCCGGCAGAGTCA,2,1329625
furpa,3.0,2,0,TCCCCCTCTCAGTGCCGTAG,2,1324504
furpa,3.0,2,0,TAAGGTCACTGCCAATTCTA,2,1305099
furpa,3.0,2,0,GTGTGGAAAAAGATGGGTGA,2,1320122
furpa,3.0,2,0,GGAAGACGCCCGCATGACGA,2,1330644
furpa,3.0,2,0,GCCGTGGAGCAAATAATTCA,2,1306717
furpa,3.0,2,0,GAGAACCTCGCCCGGGCCGG,2,1273151
furpa,3.0,2,0,ATTCCCATTATGCTGTTCTT,2,1313549
furpa,3.0,2,0,ATTAAAGAAACTGTGATAGA,2,1288387
furpa,3.0,2,0,ATACGGTTGAGCTTTATCGG,2,1322262
furpa,3.0,2,0,AACTCGGGTCTTTGGGGCCT,2,1325089
furpa,2.0,1,0,TTGGGTCCTTTTCGTACGGA,1,1273200
furpa,2.0,1,0,TTCTTTCCTTAGTAGGTGAA,1,1283052
furpa,2.0,1,0,TTAGTCTGGGTAAGCCGCTA,1,1316962
furpa,2.0,1,0,TGCTTTTCCGTCGTTCGAAA,1,1306789
furpa,2.0,1,0,TGCGGGAGATCCTGATGTGA,1,1312575
furpa,2.0,1,0,TGACGTTAGGCGAATGCTTG,1,1303377
furpa,2.0,1,0,TCCTAACGAGGGCACTTAGA,1,1283596
furpa,2.0,1,0,TCATTAGCGTTAAGCTGGTA,1,1353584
furpa,2.0,1,0,TCAATGCGCCCCTCGGGGAG,1,1327935
furpa,2.0,1,0,TATTAACGCCAGTGCGGTAA,1,1311362
furpa,2.0,1,0,TAGCCTTGCTATGTAGCGAA,1,1351352
furpa,2.0,1,0,GTGGGAGTCCTCTAAAACTT,1,1341321
furpa,2.0,1,0,GTGCTGGCCGACCTGTACCA,1,1341234
furpa,2.0,1,0,GTGATTGCGCTGTATATAGT,1,1293744
furpa,2.0,1,0,GTCCGTCTTGAAAGAGATCG,1,1284758
furpa,2.0,1,0,GTACACGACCGAGAACTGCG,1,1333476
furpa,2.0,1,0,GGCTGCACCCACGTGGACCC,1,1297139
furpa,2.0,1,0,GCGGGTCCCAAGGTCGGGAA,1,1323346
furpa,2.0,1,0,GCCTCAGTCTGGTTTAAAGC,1,1329608
furpa,2.0,1,0,GCATCGTCCCGCTCTACGGT,1,1271667
furpa,2.0,1,0,GATGCTTTGCATTTCCTTGG,1,1307562
furpa,2.0,1,0,GAAGAATATCTCGATTGGCA,1,1353224
furpa,2.0,1,0,CTTGACCTAGGGTGACCCTA,1,1328840
furpa,2.0,1,0,CTGCAAAAATGTGCCGTCAC,1,1313577
furpa,2.0,1,0,CTGAAATTGCGACGCGAGGG,1,1317565
furpa,2.0,1,0,CGTTTTGGTAGCTCTCCCAT,1,1293860
furpa,2.0,1,0,CGGACGCTCATAGGAGGTTG,1,1274119
furpa,2.0,1,0,CCGCCGTAACCGTGCCGTAA,1,1287803
furpa,2.0,1,0,CCCCTATGTGCGTATATCCT,1,1281285
furpa,2.0,1,0,CCATTTGCCCTTTTAGTTGT,1,1341728
furpa,2.0,1,0,ATCTACAGCTGCGTTACAAC,1,1302652
furpa,2.0,1,0,ATACAGCATCTGAGTTGATA,1,1305634
furpa,2.0,1,0,ACTGATTTTAGTGATGACTA,1,1291731
furpa,2.0,1,0,ACGTTTGGCTTCGCTGACGA,1,1277212
furpa,2.0,1,0,ACGTCATGCCAAAGTTCACA,1,1317994
furpa,2.0,1,0,AAATCTTATCTAACTCGGGA,1,1288159
