name,relative_counts,ct,ct_0,barcode,ct_1,barcode_ind
zapB_predicted,1.027097391211944,38150,18820,GCGGTACTGCTCGCTCGAAA,19330,5263746
zapB_predicted,0.5769230769230769,3073,1949,AAGATTCGCGCTATTGATTA,1124,5267919
zapB_predicted,0.0761904761904762,224,209,GCATACTATTTTACGTGGCT,15,5277917
zapB_predicted,0.10135135135135136,161,147,CTTATGTTAAATGGCGGAGT,14,5270152
zapB_predicted,0.11643835616438356,161,145,GAGAAGCCGTCGTTGGCGTT,16,5265141
zapB_predicted,0.08870967741935484,133,123,AAAATTACATAGGCCTACTT,10,5263079
zapB_predicted,0.11864406779661017,130,117,GTTTCCATAGTCATTCGGAA,13,5266202
zapB_predicted,7.490196078431373,864,101,CTAACACGAAGCTCCCCGAC,763,5265199
zapB_predicted,0.06930693069306931,106,100,AAATGTCGGCGCCGTAGCAG,6,5278518
zapB_predicted,8.41,939,99,TCCGCAATTAGGCAACCGAT,840,5265489
zapB_predicted,6.474747474747475,738,98,CAGAAGGGCGAGTATCCGGA,640,5267361
zapB_predicted,0.17346938775510204,113,97,CGCCCGTCGAGTTCGATTGT,16,5269593
zapB_predicted,0.21875,115,95,GGAAGAAAACTGTTCCCGAA,20,5264505
zapB_predicted,0.06382978723404255,98,93,GTCTTGCTTACGCGATGGGG,5,5263038
zapB_predicted,0.03225806451612903,94,92,CCGTCGAAAGCTTGTCTCAA,2,5267976
zapB_predicted,9.28888888888889,924,89,CGCATTTAAAGCACCACGCT,835,5263455
zapB_predicted,0.14942528735632185,98,86,GACGTGTAACGTTGGCAACT,12,5263546
zapB_predicted,0.2823529411764706,107,84,TTCGGTTAGGCCCCGTGGTG,23,5265902
zapB_predicted,0.07058823529411765,89,84,GGGAATATCTAGAGATAAAG,5,5277455
zapB_predicted,0.10588235294117647,92,84,GAGGAGTAACGCCTGGAGAA,8,5263158
zapB_predicted,0.047058823529411764,87,84,ATAGTACTCCCTCGGAGACA,3,5265618
zapB_predicted,0.11904761904761904,92,83,TGATGACTCGGTTATCCGGA,9,5269992
zapB_predicted,0.04819277108433735,85,82,TGGGCACGTAAAACGGGGTT,3,5264216
zapB_predicted,0.12048192771084337,91,82,TCGGGCACTCGGGACGATTT,9,5264067
zapB_predicted,0.13414634146341464,91,81,TCCAATAACTTTTCGTAGGA,10,5265700
zapB_predicted,0.2073170731707317,97,81,GCTTCTTCAGGGAAAGTGCA,16,5263134
zapB_predicted,0.024691358024691357,81,80,CTCCTCACCACAACTCGGCA,1,5263722
zapB_predicted,0.1875,93,79,ACTCAGTCATCCGTTTTGCT,14,5284779
zapB_predicted,0.15384615384615385,88,77,TTCGGTACCGTCGTCTCGCC,11,5275296
zapB_predicted,0.1038961038961039,83,76,AAGGCGCACAAGAATCAGTA,7,5263027
zapB_predicted,0.23684210526315788,92,75,AGACACATTTCGTATCCACT,17,5272430
zapB_predicted,0.17333333333333334,86,74,CGTCACACACTTTGAAGAAG,12,5280157
zapB_predicted,0.25675675675675674,91,73,CGCACGGATTCAGCACAGCT,18,5263215
zapB_predicted,0.08333333333333333,76,71,CGAACCAGGCTTGGGGCATC,5,5275541
zapB_predicted,0.09859154929577464,76,70,ACAACTCAGTGACCGGCGTA,6,5268785
zapB_predicted,0.08571428571428572,74,69,TTGCTGTCGGCGGAGTTATG,5,5267609
zapB_predicted,0.15714285714285714,79,69,TGGATCAACAGTTGAATTTC,10,5265120
zapB_predicted,12.0,908,69,ACAGAAGCTGACCCACGTGG,839,5263653
zapB_predicted,0.08695652173913043,73,68,TGAGAACTGAGATACATATT,5,5263236
zapB_predicted,0.058823529411764705,70,67,GTGAAGCTGACAGCACCTAA,3,5272966
zapB_predicted,0.07352941176470588,71,67,ACCACGCCCTCAGCGGGCAT,4,5280621
zapB_predicted,0.07462686567164178,70,66,CACTGCGGGGATTAACGATG,4,5279224
zapB_predicted,0.07462686567164178,70,66,AGGTAATGTTGGGTGTGTTC,4,5277910
zapB_predicted,0.19402985074626866,78,66,ACATGTTGAATCCAAGTAGA,12,5265508
zapB_predicted,0.045454545454545456,67,65,TGGTATCTACGGGCACGCCC,2,5265246
zapB_predicted,0.06060606060606061,68,65,CGGATTGCGCTATGCCGATG,3,5286020
zapB_predicted,0.6515151515151515,107,65,ATATGACAAACGTGATCCAT,42,5268093
zapB_predicted,0.15625,72,63,TGTGCATTTTAGCGCGAGGT,9,5268757
zapB_predicted,0.125,70,63,GGGTTGCTCGCGTTTCGTTG,7,5275429
zapB_predicted,0.421875,89,63,GCCAAAAACGAATGTACCGT,26,5263384
zapB_predicted,0.031746031746031744,63,62,GTATCGGCGGCGCGTAGGAC,1,5278590
zapB_predicted,0.06349206349206349,65,62,CAAGCCGACATAACATAGTT,3,5272656
zapB_predicted,0.08196721311475409,64,60,TTTGCTTTAGTCATACTGGT,4,5277496
zapB_predicted,0.06557377049180328,63,60,TGTTTCTGGCCGCCGTACAT,3,5263480
zapB_predicted,0.16393442622950818,69,60,GGCCTAATACGTATCCGTGC,9,5269303
zapB_predicted,15.442622950819672,1001,60,AGTCGGTGTGAGATAGGCAT,941,5268929
zapB_predicted,15.95,1015,59,CAGACGTTATACTAGAGCTT,956,5283085
zapB_predicted,0.13333333333333333,66,59,AGGCTTGCGTGTCACTCATA,7,5263862
zapB_predicted,0.1694915254237288,67,58,TCTGCGCGTCCAATTCGCAT,9,5271673
zapB_predicted,0.13559322033898305,65,58,ACTGATCGCGCGACTAATGG,7,5263473
zapB_predicted,0.27586206896551724,72,57,TTGAGGGTCATCTGCCAGCA,15,5266680
zapB_predicted,0.05172413793103448,59,57,GCGATATCAATTTGCGCCAG,2,5272977
zapB_predicted,0.1896551724137931,67,57,ATCGTCCTTAGTAACACTTG,10,5266487
zapB_predicted,1.4385964912280702,137,56,GAATTCCGCGGATGTTCCCC,81,5265954
zapB_predicted,0.03571428571428571,56,55,TCTGTGGACCAGGGGTAGGA,1,5271258
zapB_predicted,0.75,96,55,TAAATGATCCGAGCTCGCGA,41,5265161
zapB_predicted,0.875,103,55,GTGTGGTTACCCACGATAAA,48,5274048
zapB_predicted,0.35714285714285715,74,55,CTTACTGCCACAGCCCTCCA,19,5277076
zapB_predicted,12.607142857142858,760,55,AACTCCTATGGATCCTCTTT,705,5263003
zapB_predicted,0.16363636363636364,62,54,GTTGGATGTGTCGATTCGAA,8,5270991
zapB_predicted,0.2727272727272727,68,54,GGGGACCGGTCGATTGCCTC,14,5265436
zapB_predicted,0.2,64,54,GAGTTGTGAGATAACGCTTT,10,5282823
zapB_predicted,1.509090909090909,136,54,AAGGCAGATCGTCTAAATCC,82,5263328
zapB_predicted,0.18181818181818182,63,54,AAAGGGGGGAAGAGACCGGC,9,5279321
zapB_predicted,0.05555555555555555,55,53,TGCCTCTATTTTCATCATAC,2,5272337
zapB_predicted,0.11320754716981132,57,52,CTTCTCAAGGCTTAGCCACC,5,5286099
zapB_predicted,0.16981132075471697,60,52,AGAGGTCAGTTGTGACTCAA,8,5278919
zapB_predicted,0.07547169811320754,55,52,AAGCAAGACCTTGAAGAGCC,3,5276823
zapB_predicted,0.19230769230769232,60,51,TTCTGCGGGTCACCTTGAAT,9,5284367
zapB_predicted,0.038461538461538464,52,51,TTCGCCATGACCAGGCCCTC,1,5267147
zapB_predicted,0.3269230769230769,67,51,GAATAATCAAAGGCCGATAA,16,5266012
zapB_predicted,0.057692307692307696,53,51,GAAGTTGTGCGGCTTATAAA,2,5264638
zapB_predicted,0.09615384615384616,55,51,CCGCTTATGATGCGCGCCGT,4,5275236
zapB_predicted,0.038461538461538464,52,51,CCCGCACGCGCCACAACCGT,1,5287580
zapB_predicted,0.11538461538461539,56,51,ATAGGGGCGTTCCAAAACTA,5,5285234
zapB_predicted,0.11538461538461539,56,51,ACAACTGCATAATTAGTTAT,5,5278526
zapB_predicted,18.03921568627451,969,50,TTTCCGAGCACGATGTGCGA,919,5282583
zapB_predicted,0.058823529411764705,52,50,TTAGTTTGGCTGGTGAACAT,2,5273696
zapB_predicted,0.0784313725490196,53,50,TAGAATGTTCTGGCACCTGG,3,5264306
zapB_predicted,0.058823529411764705,52,50,GGGTGTCTGACTGTATAGCT,2,5271286
zapB_predicted,0.0784313725490196,53,50,GCAGTTCACCTTACAGCGGG,3,5263634
zapB_predicted,0.0784313725490196,53,50,CGTAACGTTATCATTGTACA,3,5288374
zapB_predicted,0.14,55,49,TCGCAATTGAGGAGCCAATG,6,5264878
zapB_predicted,0.1,53,49,GTATCGGTCTTCCAATTCTT,4,5263847
zapB_predicted,0.08,52,49,GAATACAAAGTGAGTGTTAA,3,5271620
zapB_predicted,0.06,51,49,CGGGATGACAGCCCTCTGAC,2,5263155
zapB_predicted,0.16,56,49,CGCGCGCGATCGAACCCTTG,7,5276341
zapB_predicted,0.04,50,49,ATGGTTACTGAGACCCTTGA,1,5263991
zapB_predicted,0.54,75,49,ATACTAAGGTCAGTAGATGA,26,5283222
zapB_predicted,0.14,55,49,ACTGTAATTCCGGAACTTGA,6,5283911
zapB_predicted,0.54,75,49,ACATGTAAGATTGCTAATTC,26,5287722
zapB_predicted,0.12,54,49,ACACGTTGTTTTGAAGGCCG,5,5268863
zapB_predicted,0.2653061224489796,60,48,TTGTACAGGGGTCAGTCACG,12,5278470
zapB_predicted,0.14285714285714285,54,48,TCATCGCTGAATTGTAGAAA,6,5278038
zapB_predicted,0.12244897959183673,53,48,TAGAGTCGGCAATGGGGTTT,5,5266665
zapB_predicted,0.08163265306122448,51,48,GTCAGGTGAATTGTCTACCA,3,5274228
zapB_predicted,0.08163265306122448,51,48,GATTAACGACCTATGGGGAG,3,5278992
zapB_predicted,0.22448979591836735,58,48,GAGTAACATAAAACGAGAGT,10,5278737
zapB_predicted,0.08163265306122448,51,48,CTTGATGCGAGAAAGTAGGT,3,5267461
zapB_predicted,0.30612244897959184,62,48,CAGCTGTGGCTAATGAGGGA,14,5278011
zapB_predicted,0.04081632653061224,49,48,ATCCAGGTAGTGCTCCTGCA,1,5280219
zapB_predicted,0.22448979591836735,58,48,AGTCCGGAGCAGTAAAACCG,10,5276822
zapB_predicted,0.16326530612244897,55,48,ACCGTAGGCGCCAGAAGCCA,7,5284641
zapB_predicted,0.08333333333333333,50,47,TTTCGCTCCCAGTAGCAATA,3,5278037
zapB_predicted,0.041666666666666664,48,47,GAACAATGGCCTCTAATCGA,1,5273924
zapB_predicted,0.041666666666666664,48,47,CTCGCTGTCAAGCGTCCACA,1,5277764
zapB_predicted,0.10416666666666667,51,47,CATTGCAGCAAGCCCAGGCG,4,5268404
zapB_predicted,0.0851063829787234,49,46,TTGGTCGAGTCTTCCCCTAC,3,5263301
zapB_predicted,0.19148936170212766,54,46,TCCCGGACTCACTCCGAGGA,8,5279143
zapB_predicted,0.06382978723404255,48,46,GTCGCTGAGGTCCCATCAGG,2,5267542
zapB_predicted,0.19148936170212766,54,46,GGCTCTGGTGGGTACGGTTA,8,5268107
zapB_predicted,0.14893617021276595,52,46,CATACTGTCCCAGTGAGGTG,6,5276932
zapB_predicted,0.1702127659574468,53,46,ACGCAACCCAAACGAGTCAA,7,5276843
zapB_predicted,0.2127659574468085,55,46,AAGACGAGCCTCAATACCAT,9,5273389
zapB_predicted,0.06382978723404255,48,46,AACTCCGACCGCTTCAACGT,2,5267544
zapB_predicted,21.869565217391305,1050,45,TCGTTATATTGGATCCACCG,1005,5263568
zapB_predicted,0.15217391304347827,51,45,TCGTCGTTATGTAATATGTT,6,5276845
zapB_predicted,0.043478260869565216,46,45,TACAGCACCCAGTGATGTCA,1,5270244
zapB_predicted,0.1956521739130435,53,45,GCCATTGGAACAGCCTCGCA,8,5265245
zapB_predicted,0.06521739130434782,47,45,CTATGTCCCGGTGTCGTAAG,2,5288298
zapB_predicted,0.06521739130434782,47,45,CATTCCGTGGGGACCCAGAT,2,5264701
zapB_predicted,0.08695652173913043,48,45,ATGTAATCTGTCCGCGAGAC,3,5271811
zapB_predicted,0.15217391304347827,51,45,ACCGTCAGAGATCGAACCCT,6,5266904
zapB_predicted,0.17777777777777778,51,44,TTCCACTAACATATTAGAGA,7,5285280
zapB_predicted,0.4222222222222222,62,44,TTCACGGGGATTCCCGTTTC,18,5276967
zapB_predicted,0.044444444444444446,45,44,TATCGACTAACATAAGGGTC,1,5274390
zapB_predicted,0.13333333333333333,49,44,TATAAGGGTTTATGGGTATT,5,5268446
zapB_predicted,0.08888888888888889,47,44,CAAACCACTGCGAAATTATG,3,5266932
zapB_predicted,0.2222222222222222,53,44,ACACAGGAATGTGTGTTATA,9,5265821
zapB_predicted,0.08888888888888889,47,44,ACAAATCACGGACGGCGTTA,3,5266201
zapB_predicted,0.13636363636363635,48,43,TCCCTTTCGGGTGATTACGA,5,5267403
zapB_predicted,0.2727272727272727,54,43,GGGTTATCGAGGTGGTTTTG,11,5263780
zapB_predicted,0.045454545454545456,44,43,GCTCGGGAGGCTACGACTAA,1,5274345
zapB_predicted,0.25,53,43,GCTACAGTAAGCCGTTTCAG,10,5275349
zapB_predicted,0.13636363636363635,48,43,CTTCGCCGCAACGCATACTA,5,5282024
zapB_predicted,0.9545454545454546,84,43,CTCCTTTGGATGATTTCAGA,41,5263595
zapB_predicted,0.13636363636363635,48,43,CGAGTTATGTCGTTCTTGAG,5,5276406
zapB_predicted,0.09090909090909091,46,43,CGAGCGCCTACGTAAAAGCT,3,5264922
zapB_predicted,0.11363636363636363,47,43,CCTCCACTTCCTATAAAAGT,4,5272494
zapB_predicted,0.13636363636363635,48,43,AAGCGTCCATCGGTGCAGAA,5,5286986
zapB_predicted,0.13636363636363635,48,43,AAAAATATCTGTCGTGCCAC,5,5268899
zapB_predicted,0.3488372093023256,56,42,GTGTCGATGAATCGGCGCAA,14,5269856
zapB_predicted,0.16279069767441862,48,42,GGAAAATAGACGGTTGGTTT,6,5282727
zapB_predicted,0.13953488372093023,47,42,GCAGTCTTGGGTTGGGTCAA,5,5267940
zapB_predicted,0.5813953488372093,66,42,GAACGATACATGCCGGTCTA,24,5264905
zapB_predicted,0.23255813953488372,51,42,CTACCGTTATTACCTGCGGT,9,5278059
zapB_predicted,0.16279069767441862,48,42,ATGCCATTGGCCGCCTCAGG,6,5282144
zapB_predicted,0.18604651162790697,49,42,ATCTGCAAGGGTCCCGTTCG,7,5286192
zapB_predicted,0.06976744186046512,44,42,AGGGAGTTAAGGGTCTTGGT,2,5265837
zapB_predicted,0.09523809523809523,44,41,TGTTGTACAGTGTATGGGAT,3,5263956
zapB_predicted,0.11904761904761904,45,41,TAGGACTTTATTATATGGTG,4,5281267
zapB_predicted,0.19047619047619047,48,41,GGTGGAGTGAGTCCGGGCCT,7,5268968
zapB_predicted,0.11904761904761904,45,41,GAAATCCGGACCGGCACCTC,4,5265825
zapB_predicted,0.07142857142857142,43,41,CGGCCCACCAAACGGCGAGT,2,5265142
zapB_predicted,0.6190476190476191,66,41,CGACTTCAGTGTCATGGCAT,25,5268965
zapB_predicted,0.30952380952380953,53,41,ATAGCTCCCTCGGGTAGACC,12,5275176
zapB_predicted,0.09523809523809523,44,41,AGGGTACGTTTAAAGGGGTA,3,5270765
zapB_predicted,0.11904761904761904,45,41,AACCTATTAGTCGCGGAGAT,4,5263105
zapB_predicted,0.19047619047619047,48,41,AAACTTCACCGGCGTCGAAT,7,5263838
zapB_predicted,0.0975609756097561,43,40,TTTGCCGGCGGTCCAATTGG,3,5266225
zapB_predicted,0.36585365853658536,54,40,TAAAGTTTAACAGTCATGTT,14,5279124
zapB_predicted,0.17073170731707318,46,40,GTACTTCGAGCAACGATCTT,6,5269998
zapB_predicted,1.1951219512195121,88,40,GGATTCTTGGCTCGTCCATT,48,5271488
zapB_predicted,0.24390243902439024,49,40,GCTCTAGTTGACCTACATGT,9,5268888
zapB_predicted,0.12195121951219512,44,40,GCCACAGCACAAGTCCTCAA,4,5274098
zapB_predicted,23.29268292682927,994,40,GCATCATTGCTGGATATTCA,954,5278444
zapB_predicted,0.17073170731707318,46,40,GACCCTTAAGATACGACATT,6,5285117
zapB_predicted,0.04878048780487805,41,40,CGTCAACCATTGTTTGTCCA,1,5263472
zapB_predicted,0.0975609756097561,43,40,CACAGAGATTTCCTGGTAGG,3,5267019
zapB_predicted,0.4634146341463415,58,40,AGAGGTCTGGAGGAGTAAGG,18,5272779
zapB_predicted,0.04878048780487805,41,40,AACCAAGAGCACCTCAACCA,1,5265319
zapB_predicted,22.7,946,39,TTAAGAATTACCGCGTCTAT,907,5265788
zapB_predicted,0.225,47,39,TGGACGAGCGGGCACGATTG,8,5267079
zapB_predicted,0.175,45,39,TCAGTTCTCGTGCGCCCGTA,6,5279316
zapB_predicted,0.1,42,39,GTTTTCTCAGATGACTTTGC,3,5277318
zapB_predicted,0.125,43,39,GGTCATATGTACGTTTGGAA,4,5288355
zapB_predicted,0.275,49,39,GGGAATGGTTCCACGAGACA,10,5263599
zapB_predicted,0.075,41,39,GAACGCGTTCTGAAGTCGAA,2,5274648
zapB_predicted,0.075,41,39,CGTTATCTTGGGATTTGCCC,2,5266417
zapB_predicted,2.55,140,39,CATGAGCGACTCTCACAAAT,101,5274472
zapB_predicted,0.15,44,39,ACCGACGATGGGAGCACTGC,5,5273481
zapB_predicted,0.075,41,39,ACCCTTTTTAGTGCCATTCT,2,5265002
zapB_predicted,0.25,48,39,ACCAATTAGGGTGAACCTAA,9,5264486
zapB_predicted,0.1,42,39,ACAGACGTGCCTGTAGAGCT,3,5269378
zapB_predicted,0.15,44,39,AAACGCCGGCAGAGCAACCA,5,5279512
zapB_predicted,0.05128205128205128,39,38,TGCCTACTTGACTTCACATT,1,5274129
zapB_predicted,0.28205128205128205,48,38,TGATCTGCCAGAACCCGTAT,10,5277088
zapB_predicted,0.07692307692307693,40,38,TATAAGAAACGGGAAGCCTC,2,5265740
zapB_predicted,0.07692307692307693,40,38,TAAGGCTCGCTCCGAGGGCA,2,5269160
zapB_predicted,0.1282051282051282,42,38,GTTACCGTCAAACTTACAGT,4,5285585
zapB_predicted,0.5897435897435898,60,38,GTGGCTGTGGGTCCATCGTC,22,5274155
zapB_predicted,0.05128205128205128,39,38,CCCTTCACTCGCTTTGCGGA,1,5263950
zapB_predicted,0.3333333333333333,50,38,CATCGGCCGCCCCTCTGGTC,12,5279885
zapB_predicted,0.1794871794871795,44,38,ACATAAAGGGCATAAAACGC,6,5269452
zapB_predicted,0.05263157894736842,38,37,TTTATTCATTCCGCTGGTGT,1,5285564
zapB_predicted,0.2894736842105263,47,37,TACGTGGCTGTCTCGTGGGT,10,5266297
zapB_predicted,0.15789473684210525,42,37,TACAAGCTACAACCTGCAGA,5,5283212
zapB_predicted,0.05263157894736842,38,37,GTTCGGTTCGTATCGCGTAA,1,5271502
zapB_predicted,0.15789473684210525,42,37,GGGTGGGGACAGAGACGTAC,5,5272018
zapB_predicted,0.07894736842105263,39,37,GGCATTCTACCGATGCTACT,2,5285004
zapB_predicted,0.3157894736842105,48,37,GATTTTAACGTACGAGGCAA,11,5271087
zapB_predicted,0.15789473684210525,42,37,GAGGATCTAAAGCAGAGGTT,5,5287903
zapB_predicted,0.07894736842105263,39,37,CGTGCGAAACATGCTTGGTT,2,5283991
zapB_predicted,0.7894736842105263,66,37,CGATTCCCCAGGGAAGCGTG,29,5266136
zapB_predicted,23.157894736842106,916,37,CCGTGCAGCGTCTTTTATGT,879,5270132
zapB_predicted,0.13157894736842105,41,37,CAGCAGGGAGCAAGCAGGGT,4,5279376
zapB_predicted,0.10526315789473684,40,37,CAATGTTGCACGTTAATGCC,3,5284966
zapB_predicted,0.5789473684210527,58,37,ATGTTCAGATTATGTCTTTG,21,5274621
zapB_predicted,0.10526315789473684,40,37,ATCATGCAGTTCCATGAACA,3,5281885
zapB_predicted,1.9210526315789473,109,37,ACAGTGTCGGCATCTGTGAC,72,5263530
zapB_predicted,0.5135135135135135,54,36,TTCAATAATTGGGAATGGAC,18,5267194
zapB_predicted,0.21621621621621623,43,36,GGGTAAAGCTAAATTTATGT,7,5274924
zapB_predicted,0.2972972972972973,46,36,GGGGATGGCCAGCAAGTGGT,10,5273582
zapB_predicted,0.16216216216216217,41,36,GCCCAATGACAGTCTCGTCT,5,5266561
zapB_predicted,0.08108108108108109,38,36,GCAGGCGTTGAATGCATAAT,2,5267460
zapB_predicted,0.5405405405405406,55,36,GATTCGCATCATCCGTACAA,19,5266383
zapB_predicted,0.16216216216216217,41,36,GAATCGAGCACTCCGAGTTC,5,5266435
zapB_predicted,0.16216216216216217,41,36,CTTCAAAGAGGCCACGGATA,5,5285601
zapB_predicted,0.08108108108108109,38,36,CGGGCACTACTACCAGCCAA,2,5267831
zapB_predicted,0.16216216216216217,41,36,CGCAGGTCTACCAAGGGGGA,5,5280483
zapB_predicted,0.1891891891891892,42,36,CGACTGCTGACAATTGGAGT,6,5269914
zapB_predicted,0.05405405405405406,37,36,CCTTTTCGTGGGGCTTCGTT,1,5267880
zapB_predicted,0.08108108108108109,38,36,CAACTTGGTAAGGACTTTTC,2,5274193
zapB_predicted,0.05405405405405406,37,36,ATAAAGCAAGGCTTCTAATG,1,5282702
zapB_predicted,0.16216216216216217,41,36,AGGTAATTCAACTGATTGAA,5,5269666
zapB_predicted,0.1891891891891892,42,36,AGACAACGACTCAAGCATGA,6,5264167
zapB_predicted,0.2702702702702703,45,36,AATATGATTGACAATCAAGG,9,5263060
zapB_predicted,0.21621621621621623,43,36,AAGGCGTCAGGTCGCTGGCA,7,5266416
zapB_predicted,0.21621621621621623,43,36,AACAAGCATATCGGCAAGGG,7,5268726
zapB_predicted,0.6111111111111112,56,35,TGTAACCGGTGTAGCAGCAG,21,5286970
zapB_predicted,0.8055555555555556,63,35,TCGAGCCGTCGCGCACTGAA,28,5263411
zapB_predicted,0.16666666666666666,40,35,GGTTAACACAATAGTAGGTT,5,5283951
zapB_predicted,0.1388888888888889,39,35,GGGCCACCGGTAATCACAAT,4,5264068
zapB_predicted,0.3333333333333333,46,35,GGAATCCCACCCACACGAAC,11,5277685
zapB_predicted,0.05555555555555555,36,35,GGAACTTGTCAATTAATTTT,1,5271471
zapB_predicted,0.08333333333333333,37,35,GCCATGGGGGGTACTGGGCG,2,5265681
zapB_predicted,0.3333333333333333,46,35,GATTCGGACACGAATATCAG,11,5282892
zapB_predicted,0.05555555555555555,36,35,GATGTAGGTCAGTTTTGTGC,1,5264927
zapB_predicted,0.1388888888888889,39,35,GAAAGTGACCACCGTATTGT,4,5279887
zapB_predicted,0.05555555555555555,36,35,CTTGTTGAATGCATCCCACT,1,5287019
zapB_predicted,0.1388888888888889,39,35,CTGGATGTAGGCCGGACCAA,4,5270604
zapB_predicted,0.3333333333333333,46,35,CGGGCAATTGTGGGAGGGTG,11,5265469
zapB_predicted,0.4722222222222222,51,35,CGGCTTCAGGAGGACGCTCG,16,5272033
zapB_predicted,0.5,52,35,CCTTTTATAGTGCTAAAACC,17,5282517
zapB_predicted,0.1388888888888889,39,35,ATGAACTGAACTATTGGGGG,4,5264881
zapB_predicted,0.4444444444444444,50,35,ATCTTCTCGTACAGCAACGA,15,5272259
zapB_predicted,0.14285714285714285,38,34,TGAGTCGCAAATACCAACAG,4,5270275
zapB_predicted,0.08571428571428572,36,34,TCTGTTTTTGGACTGAAAGC,2,5281172
zapB_predicted,0.2,40,34,TCCTTGCCGATAGCCGGACA,6,5280482
zapB_predicted,0.14285714285714285,38,34,GTGTCTGATCGCAAGATTAA,4,5277390
zapB_predicted,0.17142857142857143,39,34,GGTACAAGGTGGGCAACCCC,5,5286531
zapB_predicted,0.2571428571428571,42,34,GCTGGAAGATGTTGTGACGG,8,5269570
zapB_predicted,0.05714285714285714,35,34,GCTAGTTCATTTCTTTTGAG,1,5284662
zapB_predicted,0.14285714285714285,38,34,GCGCATTCGGCAGATATCAC,4,5270176
zapB_predicted,0.17142857142857143,39,34,GAACACCGACAAGGCTTTCA,5,5273795
zapB_predicted,0.05714285714285714,35,34,CTTTCGTTTAGATTGCGCAA,1,5270747
zapB_predicted,0.34285714285714286,45,34,CTCTTAGGTCGCCGCTCGAG,11,5266303
zapB_predicted,0.14285714285714285,38,34,CGGAGACAGCCGGAGGGCGA,4,5265338
zapB_predicted,0.11428571428571428,37,34,CGACTTAACCACCTAGTTGG,3,5263471
zapB_predicted,0.2,40,34,CCTTGATTACCCATTGGATC,6,5275959
zapB_predicted,0.14285714285714285,38,34,CCTGGGGTAGAGGTACGGCT,4,5274714
zapB_predicted,0.2,40,34,ATCACAGTTAACATGCGCTA,6,5264693
zapB_predicted,0.22857142857142856,41,34,AGGGATGGGCACGTTGGGTT,7,5273724
zapB_predicted,0.2,40,34,ACTCTGCTGTTTAGAGTCCT,6,5279405
zapB_predicted,0.2,40,34,ACCGTGTGACAGGGAAAATC,6,5269841
zapB_predicted,0.14285714285714285,38,34,AACATAAGGGGTTTAACTGT,4,5274168
zapB_predicted,0.22857142857142856,41,34,AAATCTGACGTATCAGGTTG,7,5264794
zapB_predicted,28.0,984,33,TTGAAGATTTTCTCAAGTGT,951,5277192
zapB_predicted,0.8529411764705882,61,33,TTCAACCCTGTATTATCTCT,28,5274250
zapB_predicted,0.20588235294117646,39,33,TTACAGTTCTCGGGGGTACT,6,5276256
zapB_predicted,0.35294117647058826,44,33,TGGTTCCGGGTTTCACTCTT,11,5265215
zapB_predicted,0.20588235294117646,39,33,TCTCGTTAGTATTATCTGAA,6,5275688
zapB_predicted,0.17647058823529413,38,33,TCTATATGCTAACAGCGCTA,5,5286700
zapB_predicted,0.11764705882352941,36,33,TCAGTTATCACTAGGTTCCT,3,5267507
zapB_predicted,0.17647058823529413,38,33,TCAATATGATTCAGATAAGT,5,5279163
zapB_predicted,0.17647058823529413,38,33,GTTGAATCAAAGACTTGCCT,5,5287599
zapB_predicted,0.08823529411764706,35,33,GTTCCTGCATCCCAGCCAGT,2,5283435
zapB_predicted,0.11764705882352941,36,33,GTGGATGCCGCGCACAATAG,3,5265819
zapB_predicted,0.14705882352941177,37,33,GGGGTACCCCTGCATAAAAA,4,5274104
zapB_predicted,0.058823529411764705,34,33,GGGGGAACGTTCATATTGTA,1,5265829
zapB_predicted,0.11764705882352941,36,33,GGACGGACTAGGTAAAGGGT,3,5271964
zapB_predicted,0.3235294117647059,43,33,GGACAGGAACTGACGAAGAT,10,5282348
zapB_predicted,0.3235294117647059,43,33,GCTTTAGCTCCTATCAGAGT,10,5283744
zapB_predicted,0.17647058823529413,38,33,GCTAACTTAATGGGGCCGAA,5,5268147
zapB_predicted,0.11764705882352941,36,33,GCAAGGTGTCTCAAATAACA,3,5267288
zapB_predicted,0.058823529411764705,34,33,GAGCGGCAATGCGTGCACGT,1,5286856
zapB_predicted,0.17647058823529413,38,33,GAGCATTCGGTCCTGGCTGA,5,5267243
zapB_predicted,0.7058823529411765,56,33,CGGCCCCAGGCAGCTTTGCT,23,5264562
zapB_predicted,0.058823529411764705,34,33,CGACATCCTTCAGTTTGAAG,1,5281221
zapB_predicted,0.14705882352941177,37,33,CCCGGAAGTTATTCGTCTCT,4,5274002
zapB_predicted,0.058823529411764705,34,33,CCATTCAGAGCAAGGCCATT,1,5279674
zapB_predicted,0.29411764705882354,42,33,CATGAGCGTGAAACACGTCT,9,5284029
zapB_predicted,0.5,49,33,CAGTGGATACAGGTCGTATG,16,5271415
zapB_predicted,0.08823529411764706,35,33,CACACGGAGACACCGAATAT,2,5273506
zapB_predicted,0.08823529411764706,35,33,CAAAATCGGGGGAGGCCCAG,2,5282627
zapB_predicted,0.08823529411764706,35,33,AGTTGCCTAATACGGATCTT,2,5269578
zapB_predicted,0.5882352941176471,52,33,AGGGATCAGACCTCCGGGTT,19,5280773
zapB_predicted,0.4117647058823529,46,33,ACCTTGGAGGGGCGAACCTT,13,5285542
zapB_predicted,0.21212121212121213,38,32,TTTACCACTGGGTTAGGCGA,6,5264459
zapB_predicted,0.15151515151515152,36,32,TGTGGTTGAAGCATGCCCGT,4,5275676
zapB_predicted,0.21212121212121213,38,32,TCTGGGTGAAAAATGCATTC,6,5279121
zapB_predicted,0.12121212121212122,35,32,GTTTGAGCATTGGTCGCTTT,3,5277847
zapB_predicted,1.606060606060606,84,32,GTTAGCCAGAGTAGCGATCT,52,5288188
zapB_predicted,0.3333333333333333,42,32,GTGACTTTATGATCTATCGT,10,5267812
zapB_predicted,0.30303030303030304,41,32,GTCCCCACGCCACCGGGTTC,9,5272675
zapB_predicted,0.21212121212121213,38,32,GGACCAGGCATAGAACCAGA,6,5267751
zapB_predicted,0.12121212121212122,35,32,GCGGCGACCATTAGATGTTG,3,5263672
zapB_predicted,0.12121212121212122,35,32,GCCAGGGTTGGGTCGCGATC,3,5268387
zapB_predicted,0.15151515151515152,36,32,GCAAACAGATGCATACCTTG,4,5279747
zapB_predicted,0.3939393939393939,44,32,GATTGGATGTGCAGTTCCGT,12,5266370
zapB_predicted,0.21212121212121213,38,32,CTGGCACGCTATGAAGCCTT,6,5285109
zapB_predicted,0.2727272727272727,40,32,CGACATTAGTAATGCAGGGG,8,5270689
zapB_predicted,0.09090909090909091,34,32,CCAGAGAGATGGACTGTTCT,2,5266356
zapB_predicted,0.12121212121212122,35,32,CCAGACGTCGAGAGGAGAAA,3,5278128
zapB_predicted,0.12121212121212122,35,32,ATGTGTCAGTTTGCGGGTTG,3,5281691
zapB_predicted,0.3939393939393939,44,32,ATCCATGCAGTCATCTTACC,12,5272389
zapB_predicted,0.21212121212121213,38,32,ATCAACCACTAGCAGCAACT,6,5274004
zapB_predicted,0.2727272727272727,40,32,AGCGTTACGGGGCAGCGTAA,8,5267340
zapB_predicted,0.12121212121212122,35,32,AGCGGCGATAGAGTTCCGAA,3,5284615
zapB_predicted,0.15151515151515152,36,32,ACGGGTAGTGGAGCCCTTAG,4,5283961
zapB_predicted,0.15151515151515152,36,32,AACGTCGTCCACGGGAGGTA,4,5287784
zapB_predicted,0.18181818181818182,37,32,AACAACATCCATATGCCGTG,5,5283417
zapB_predicted,0.21875,37,31,TTCATTTTACACCGGTAGCT,6,5269963
zapB_predicted,0.0625,32,31,TTAGCAAGAGCTTAATGAGA,1,5284640
zapB_predicted,0.0625,32,31,TCTTCATACACGGGCTAGTA,1,5285997
zapB_predicted,0.15625,35,31,TCGATTGGCCCCACGCGGGA,4,5274775
zapB_predicted,0.125,34,31,TCAATTTGATAGCCAGAGTT,3,5266779
zapB_predicted,0.125,34,31,TATCACTTTGATGCGTTTAG,3,5267543
zapB_predicted,0.1875,36,31,TAGGCTCGTGGTCACCTCTT,5,5279708
zapB_predicted,0.28125,39,31,GTCCATCTGTCACTACACGA,8,5270256
zapB_predicted,0.09375,33,31,GGGATAATCGTTGATCATAT,2,5269987
zapB_predicted,0.21875,37,31,GGCAGCTATCCACTTTTGGG,6,5277781
zapB_predicted,0.09375,33,31,GCTTAGATCCCACGGCCAGG,2,5281613
zapB_predicted,0.25,38,31,GAGACTAGATGAAGCGTTGA,7,5271896
zapB_predicted,0.0625,32,31,CTTGTATGTCAATCATGCTT,1,5280346
zapB_predicted,0.1875,36,31,CTACCCGAAGTTAGCCGTAT,5,5278238
zapB_predicted,0.1875,36,31,CGTCACCAGGGCGTGTCTTA,5,5270453
zapB_predicted,0.0625,32,31,CCTCTCGGTTCCTTAGCTTA,1,5276163
zapB_predicted,0.0625,32,31,CCGCGTATGCGTCCTGAACT,1,5265575
zapB_predicted,0.3125,40,31,CAGTCTGGCCTTCCCTTGAA,9,5284121
zapB_predicted,0.0625,32,31,CAAGTCAAACATGGCCCGCC,1,5271855
zapB_predicted,0.125,34,31,ATTGTTTAACGGGGTGTAAG,3,5264042
zapB_predicted,0.1875,36,31,AGGACGTACTGTCCACACTT,5,5285380
zapB_predicted,0.4375,44,31,ACTTGCTCGTTCCCGTGGTG,13,5276063
zapB_predicted,0.0625,32,31,ACCACGGAGTGACGGTTAAG,1,5270451
zapB_predicted,0.0625,32,31,AACTGCAGGGCAGTTCGGCT,1,5265823
zapB_predicted,0.16129032258064516,34,30,TGTCCGCGATCCTCATCAAT,4,5265362
zapB_predicted,0.0967741935483871,32,30,TCTAGGTGACCGGATTTGCG,2,5267253
zapB_predicted,0.3548387096774194,40,30,TAATACCAGACTCCGTTAAT,10,5263421
zapB_predicted,0.22580645161290322,36,30,GTCTTTGTCTGCACACGCGA,6,5269535
zapB_predicted,0.16129032258064516,34,30,GGATGCCTTGGCACGGGTAC,4,5272390
zapB_predicted,0.5161290322580645,45,30,GCAAACGCGCTAGAAATCCT,15,5267196
zapB_predicted,0.25806451612903225,37,30,GATCAGAAGGAATGGGGGAG,7,5272391
zapB_predicted,22.387096774193548,723,30,GAAGCATGGACTGGTCCTCG,693,5267499
zapB_predicted,0.1935483870967742,35,30,CTTAAAGAGGCAGATCTCAT,5,5264158
zapB_predicted,0.06451612903225806,31,30,CTGTGCCCGAGCACAGGCAA,1,5278586
zapB_predicted,0.2903225806451613,38,30,CTACGGTGTCTTTAATTGCG,8,5285264
zapB_predicted,0.2903225806451613,38,30,CGTTACGTCAACGTGGGGGT,8,5263137
zapB_predicted,0.12903225806451613,33,30,CCAGCGTGAGTTATCTGTAT,3,5273054
zapB_predicted,0.06451612903225806,31,30,CCACCAGGTGGGCACAACAT,1,5266036
zapB_predicted,0.12903225806451613,33,30,CCACCAAAAGCCTTAGTCGC,3,5285739
zapB_predicted,0.06451612903225806,31,30,CAGGCGTCGAAAGGCCAGGT,1,5267236
zapB_predicted,1.0,60,30,CAATCTTTACGAGACAGTGT,30,5277686
zapB_predicted,0.2903225806451613,38,30,CAATCTGCTCCCATCTGTGT,8,5275741
zapB_predicted,0.06451612903225806,31,30,ATGCAGATTTCCCATATAAC,1,5284703
zapB_predicted,0.12903225806451613,33,30,AGTGTTCTCACATACACGCG,3,5265974
zapB_predicted,0.0967741935483871,32,30,ACTCTTGAGTTCGTGATCGC,2,5264472
zapB_predicted,0.16666666666666666,33,29,TTTCATATTAGAGCGTTCCT,4,5269415
zapB_predicted,0.13333333333333333,32,29,TTGGCGTTCAACCCGTACGT,3,5285513
zapB_predicted,1.7666666666666666,81,29,TGTAATTGAGCACGATCTGA,52,5277574
zapB_predicted,0.13333333333333333,32,29,TGGTCTGGCCTGGCAGGCAT,3,5278920
zapB_predicted,0.23333333333333334,35,29,TGGAACAGCCCTGGGCTTAC,6,5279752
zapB_predicted,0.5,43,29,TCGAACCAGCTAGTCGCTTA,14,5265285
zapB_predicted,0.23333333333333334,35,29,TCCAGAATCAGATGAAGTCC,6,5268831
zapB_predicted,0.1,31,29,GTTAATTCAATGACAGCGCG,2,5267974
zapB_predicted,0.06666666666666667,30,29,GTCTCGTCTCCTGGCGAATC,1,5263993
zapB_predicted,1.1,61,29,GGTGAGGATGGTGGAAGGCA,32,5274018
zapB_predicted,0.3,37,29,GGGTTAGGGCCTACGCGTTT,8,5283830
zapB_predicted,0.06666666666666667,30,29,GGACTTTGTAATGCACGGCA,1,5274551
zapB_predicted,0.13333333333333333,32,29,GCTAGTGATATACCATATTT,3,5265143
zapB_predicted,0.6,46,29,GCCGGGTCTCGCAATTAACT,17,5263388
zapB_predicted,0.06666666666666667,30,29,GCACGTCACATATCTAGTAT,1,5286889
zapB_predicted,0.06666666666666667,30,29,GAACGACCATCTTACATCGT,1,5277315
zapB_predicted,0.06666666666666667,30,29,CGGACTGGTACTTAGAAGTA,1,5283746
zapB_predicted,0.6666666666666666,48,29,CGAATATCAACCCACTTTCT,19,5265530
zapB_predicted,0.4666666666666667,42,29,CCCATCTGTTTCAAAAACTG,13,5268374
zapB_predicted,0.16666666666666666,33,29,CCATGTTTGGCCCCACTTCG,4,5276684
zapB_predicted,0.26666666666666666,36,29,CCAGGTAGCATGTAGGGTAC,7,5286892
zapB_predicted,0.5333333333333333,44,29,CAGTGCTACTGCAACGATTA,15,5271159
zapB_predicted,0.13333333333333333,32,29,CAGTAAAGATTATCAATTCT,3,5284338
zapB_predicted,0.13333333333333333,32,29,CAGACTCCTCACAAAATTGG,3,5268661
zapB_predicted,0.23333333333333334,35,29,AGGTCATGAGTATAGAATGT,6,5264675
zapB_predicted,0.13333333333333333,32,29,AGGTAGGGGCAATCCAAGCT,3,5272716
zapB_predicted,0.43333333333333335,41,29,AGGACTGGAGGCTCTAGGGT,12,5270704
zapB_predicted,0.13333333333333333,32,29,ACGCCAAGGATGGGAGCGCG,3,5263749
zapB_predicted,0.16666666666666666,33,29,ACGAGAGGCTGGCCGCAGTT,4,5265581
zapB_predicted,0.23333333333333334,35,29,ACAAGGGGATAATACGTTCT,6,5265068
zapB_predicted,0.13333333333333333,32,29,AATCCGAGTTAAAATTGTCA,3,5269083
zapB_predicted,0.13333333333333333,32,29,AAAGTATACCGTACAGCCTA,3,5273892
zapB_predicted,0.20689655172413793,33,28,TTGGAGGAGTTCCGTCAGTT,5,5264566
zapB_predicted,0.5517241379310345,43,28,TTCGCTTTAAGGCTAATAGA,15,5264799
zapB_predicted,0.27586206896551724,35,28,TGCTACAGGCATGTTCACCA,7,5264980
zapB_predicted,0.20689655172413793,33,28,TGATGCTCCTCATTACGATC,5,5283719
zapB_predicted,0.20689655172413793,33,28,TCTGCTGTTGAGGGATGACA,5,5264918
zapB_predicted,23.03448275862069,695,28,TATTTCCCTCCCAATTTCCG,667,5275323
zapB_predicted,0.1724137931034483,32,28,TAAGAAGTAGCGTGCACACG,4,5266418
zapB_predicted,0.3448275862068966,37,28,GTGCTCCGCCCGACGAGTTC,9,5272376
zapB_predicted,0.8275862068965517,51,28,GTAACCGTGTGCATTACCAT,23,5280449
zapB_predicted,0.10344827586206896,30,28,GGTTGGCCACCCGATTGGCT,2,5277975
zapB_predicted,0.10344827586206896,30,28,GGTCCAGTGTGTTCCATCAA,2,5267366
zapB_predicted,0.06896551724137931,29,28,GGGTTTCAGACTCTAAGGGT,1,5263982
zapB_predicted,0.13793103448275862,31,28,GGGTTTAGTCGCGCACGCGC,3,5264864
zapB_predicted,0.10344827586206896,30,28,GGGCACTGGACGGATGACTC,2,5279103
zapB_predicted,0.06896551724137931,29,28,GGAGGAAAGGTACTGTGGAG,1,5279651
zapB_predicted,0.06896551724137931,29,28,GCTGAAAGGTGGGGACCATA,1,5282330
zapB_predicted,0.06896551724137931,29,28,GCCAGAATAAGGCTGGTTCA,1,5280635
zapB_predicted,0.10344827586206896,30,28,GATATAAGATTCCTGCGACG,2,5282494
zapB_predicted,0.1724137931034483,32,28,GAGGCATAATAGGCTGACAG,4,5273533
zapB_predicted,0.1724137931034483,32,28,GAGACGCACTGGGTTTATAT,4,5274441
zapB_predicted,0.3103448275862069,36,28,CTGGCCGGGATCAAGGAACT,8,5267523
zapB_predicted,0.3103448275862069,36,28,CTGCTCATTCATTACTTCTT,8,5278296
zapB_predicted,0.06896551724137931,29,28,CTCCCTTCACGGGTATGTCC,1,5274965
zapB_predicted,0.1724137931034483,32,28,CGGAAAACCAACTTATAAAA,4,5266964
zapB_predicted,0.20689655172413793,33,28,CGCCGCATAAGGCGCCCTTT,5,5282299
zapB_predicted,0.9310344827586207,54,28,CCTAGCACGGGTATGCTGCT,26,5286077
zapB_predicted,0.2413793103448276,34,28,CCCCGCCATCCGGGGTGAGA,6,5266451
zapB_predicted,29.862068965517242,893,28,CATCGACGGATTAGTTGAGC,865,5267667
zapB_predicted,0.20689655172413793,33,28,CATAAGTGACAACAGCCCAA,5,5264097
zapB_predicted,0.20689655172413793,33,28,CAGGTAGGAAATTGAGACGG,5,5283178
zapB_predicted,0.13793103448275862,31,28,CAGAGTTGGGTATTGCCAAT,3,5274199
zapB_predicted,0.06896551724137931,29,28,CACCGTTGGACTCGGAGAAA,1,5281058
zapB_predicted,0.1724137931034483,32,28,CAAATCCACGGTACTAGGCA,4,5277771
zapB_predicted,0.13793103448275862,31,28,ATGTATAGCACATCGGTCGG,3,5280097
zapB_predicted,0.06896551724137931,29,28,ATGGGGGTAGTCTTCCGTTC,1,5278516
zapB_predicted,0.10344827586206896,30,28,ATCTACTTTGCTCAAGTCTG,2,5264160
zapB_predicted,0.3448275862068966,37,28,AGGCTAATACAGTCTTAGGC,9,5269738
zapB_predicted,0.10344827586206896,30,28,AGCCGCAGCAATCCGCCCCT,2,5264649
zapB_predicted,0.1724137931034483,32,28,ACCTCCGGGAGAAGCGTCTG,4,5266942
zapB_predicted,0.20689655172413793,33,28,ACATTGTCACCCGCTATTAG,5,5264724
zapB_predicted,0.20689655172413793,33,28,AATCGGTGCGGGAGTGGGAG,5,5272138
zapB_predicted,0.10714285714285714,29,27,TTAGACGGGGCTAGCAGAAA,2,5287455
zapB_predicted,1.1428571428571428,58,27,TGTTGCCTCAAAGGACGCGA,31,5267651
zapB_predicted,0.07142857142857142,28,27,TGTTGAATGGGCGTATTTTG,1,5273806
zapB_predicted,0.35714285714285715,36,27,TGTTCTCTATATGATTCTGC,9,5263398
zapB_predicted,0.8928571428571429,51,27,TGCTATACCTTGGCACCCGA,24,5272032
zapB_predicted,0.39285714285714285,37,27,TGATCCCATTCACTACGACA,10,5270134
zapB_predicted,0.14285714285714285,30,27,TCTACTTTCTTTCGGCGGAT,3,5263157
zapB_predicted,0.25,33,27,TCGCTTCTGTGCCACTGAAT,6,5276342
zapB_predicted,0.4642857142857143,39,27,TCCGTGTGGATTACTTCCTA,12,5274232
zapB_predicted,0.39285714285714285,37,27,TATTTCCCTGGTCGCAGTTT,10,5268525
zapB_predicted,0.25,33,27,TAGACGGGTGATTCACGTTT,6,5270072
zapB_predicted,0.07142857142857142,28,27,GTTCGGCAGTTGTATGCGAT,1,5266631
zapB_predicted,0.07142857142857142,28,27,GTCTGGGGCAGTCAAACAAG,1,5269288
zapB_predicted,0.10714285714285714,29,27,GTCGATAGCGGGCCAATTCC,2,5272323
zapB_predicted,0.2857142857142857,34,27,GTATCGACATAGCGACATTA,7,5276930
zapB_predicted,0.14285714285714285,30,27,GGGGGAAATCTCGGTCAACC,3,5265712
zapB_predicted,0.21428571428571427,32,27,GCTGGATGTAGTAGTTGTTC,5,5273270
zapB_predicted,0.35714285714285715,36,27,CTGGCCATTAAATGATCGCA,9,5271157
zapB_predicted,0.14285714285714285,30,27,CTCGATCAGCGCTTTATATT,3,5268725
zapB_predicted,0.07142857142857142,28,27,CGTTTTTACATGGCCGTAGA,1,5282978
zapB_predicted,0.10714285714285714,29,27,CGGGTGGCTATGGGGGTTGG,2,5273170
zapB_predicted,0.07142857142857142,28,27,CGAGGGGCACATGAGAACCA,1,5269922
zapB_predicted,0.2857142857142857,34,27,CGAGCACTTAATGGACGGGC,7,5281665
zapB_predicted,0.10714285714285714,29,27,CCTAGGGAAAGCTTTCTACA,2,5271381
zapB_predicted,0.35714285714285715,36,27,CCCACTTGAAGACACAACCT,9,5286734
zapB_predicted,0.17857142857142858,31,27,CCATATCTCCACCAAAAAAG,4,5266817
zapB_predicted,0.21428571428571427,32,27,CCACGAAAATTGCTTAGGCA,5,5274558
zapB_predicted,0.07142857142857142,28,27,CCAATGTCGTTTAGACGAAC,1,5264020
zapB_predicted,0.10714285714285714,29,27,CAGGGGGTTCTCGCTTCCCG,2,5267113
zapB_predicted,0.07142857142857142,28,27,CACCCCCCACGTTTTTGGTG,1,5265856
zapB_predicted,0.21428571428571427,32,27,CAAGGTAGAGTGATATAGTT,5,5268511
zapB_predicted,0.10714285714285714,29,27,ATTACCATTTGAGGCCGTCA,2,5277134
zapB_predicted,0.14285714285714285,30,27,ATGGCAAACTGCCGTGAGTT,3,5267633
zapB_predicted,0.10714285714285714,29,27,ATGAAGGAGGCCGATGCACG,2,5282760
zapB_predicted,0.32142857142857145,35,27,ATCCAACACTCACCGTAACA,8,5270888
zapB_predicted,0.39285714285714285,37,27,AGAGCTTTTTCGACCTTAGG,10,5284014
zapB_predicted,0.10714285714285714,29,27,AATTTATATCGTATTTGACG,2,5268184
zapB_predicted,0.32142857142857145,35,27,AAGTGTGACAGTTATGGCGA,8,5267130
zapB_predicted,0.2962962962962963,33,26,TTTATAATATGCAGACCTTG,7,5269304
zapB_predicted,0.8518518518518519,48,26,TTGTGACACTGCTGGTATTG,22,5280791
zapB_predicted,0.14814814814814814,29,26,TTGGTTCTGTGAGAGGCCCA,3,5263347
zapB_predicted,0.07407407407407407,27,26,TGGCCGGGCATGGGATCGCT,1,5267421
zapB_predicted,32.407407407407405,900,26,TCTGTATAGATCCTCCCGTT,874,5265786
zapB_predicted,0.07407407407407407,27,26,GTGCTTCCGGCTAAATACCA,1,5275413
zapB_predicted,0.2962962962962963,33,26,GTCGTATCATTCTCCCGACC,7,5283745
zapB_predicted,0.2222222222222222,31,26,GTCCACATTAAATATTAAGA,5,5277911
zapB_predicted,0.37037037037037035,35,26,GTACTCAGGGATGTCGGTGT,9,5264352
zapB_predicted,0.4444444444444444,37,26,GTAATGCAGAAATCTCTCTG,11,5276450
zapB_predicted,0.1111111111111111,28,26,GGTCAGACTCTAATGAAACT,2,5286036
zapB_predicted,0.2222222222222222,31,26,GGCTCACAACACAATGGCCT,5,5264355
zapB_predicted,0.07407407407407407,27,26,GCTTGCACAACACAGGTAGG,1,5280112
zapB_predicted,0.07407407407407407,27,26,GCCGGAAGGGCGGGCAAGTT,1,5286181
zapB_predicted,0.2222222222222222,31,26,GACGCAGAGTGCTCCTTGCA,5,5286260
zapB_predicted,0.07407407407407407,27,26,GAATTTTGCGCGCTAATCGG,1,5265510
zapB_predicted,0.25925925925925924,32,26,GAATGGAATATGTGATTGCT,6,5268855
zapB_predicted,0.25925925925925924,32,26,GAATCGGTTGGATCCCCCAT,6,5278868
zapB_predicted,0.14814814814814814,29,26,CTTGGATATGGTGTCCAGGG,3,5269521
zapB_predicted,1.4814814814814814,65,26,CTGGGTTCAGCTGTTCGCTC,39,5278682
zapB_predicted,0.1111111111111111,28,26,CTGGGCGTTCGCACACCCCT,2,5279192
zapB_predicted,0.37037037037037035,35,26,CTAGGTATCAAGTGCAGCGG,9,5288200
zapB_predicted,0.37037037037037035,35,26,CGTGGACGCGACGAGCACTC,9,5272620
zapB_predicted,0.2962962962962963,33,26,CGTATAGCTATTCGTTCAGA,7,5285026
zapB_predicted,0.4074074074074074,36,26,CGGGAGAGGGGAAACAGGTG,10,5281856
zapB_predicted,0.07407407407407407,27,26,CGCAGGAGACAGCTATCCCG,1,5278718
zapB_predicted,0.07407407407407407,27,26,CGAGTCTTCTTTTGGTATCA,1,5266802
zapB_predicted,0.14814814814814814,29,26,CCGTTTCCACTGCGAAAGAA,3,5267475
zapB_predicted,0.07407407407407407,27,26,CCCGCCCGCGGACGTCAGAC,1,5267832
zapB_predicted,0.14814814814814814,29,26,CCCAGGAGAGGACGGAGGAC,3,5267348
zapB_predicted,0.8148148148148148,47,26,CCATTGGCACTATAATTGTA,21,5282219
zapB_predicted,0.1111111111111111,28,26,CATGCTGTCACTAAGCGGCC,2,5265680
zapB_predicted,1.2222222222222223,58,26,CAAACGGAGTGCTAGTGGTG,32,5266995
zapB_predicted,0.3333333333333333,34,26,ATTAGAGTGGAGTCTAATGC,8,5274629
zapB_predicted,0.1111111111111111,28,26,ATGGGAGTGAAAGGCTTTTC,2,5269947
zapB_predicted,0.07407407407407407,27,26,ATGCATACACGAGCTATCAT,1,5271139
zapB_predicted,0.18518518518518517,30,26,AGTTGATGGCAGATCGCCAT,4,5268012
zapB_predicted,0.8148148148148148,47,26,AGTGTCTGGGCTACATTTGT,21,5276966
zapB_predicted,0.14814814814814814,29,26,AGTCATCATAAGATTCATGA,3,5273963
zapB_predicted,0.14814814814814814,29,26,AGTAGCTCAACCGTTTTTTG,3,5277232
zapB_predicted,0.1111111111111111,28,26,AGGATCATGGAAGAAGGGTT,2,5264916
zapB_predicted,0.1111111111111111,28,26,ACGAGGTGACGTCCATGAAA,2,5272865
zapB_predicted,0.2962962962962963,33,26,ACCTAAGCAGAACTGCCTCT,7,5266666
zapB_predicted,0.07407407407407407,27,26,AATAAATTAGGTGCCCGATG,1,5267941
zapB_predicted,18.51851851851852,525,26,AAGTAGCGACAAGCGAGCAT,499,5275631
zapB_predicted,0.25925925925925924,32,26,AACATACTTTTACTTAGATG,6,5284809
zapB_predicted,0.25925925925925924,32,26,AAATTAGCTTCGGTGTAGAC,6,5273092
zapB_predicted,0.2222222222222222,31,26,AAATAGAGACAAATAACGTT,5,5272690
zapB_predicted,0.19230769230769232,29,25,TTTCGGCTAAATTGGCTCTG,4,5272713
zapB_predicted,0.34615384615384615,33,25,TCTGCTCCTCAGAATGTAGT,8,5277763
zapB_predicted,0.07692307692307693,26,25,TCTGCGATCTACGCAAGTGT,1,5272283
zapB_predicted,0.23076923076923078,30,25,TCGGCTAATTTGCGAACTCG,5,5267057
zapB_predicted,0.15384615384615385,28,25,TCGCACTACCGGAAAGAATA,3,5270640
zapB_predicted,0.46153846153846156,36,25,TCCGTGGTTGATACCTAGTA,11,5271877
zapB_predicted,0.8076923076923077,45,25,TCCAGTGTCTGGTTCGGAGT,20,5270694
zapB_predicted,0.6923076923076923,42,25,TCCAACTTCCGGCTTAATGT,17,5267857
zapB_predicted,0.8461538461538461,46,25,TATCCAGGGGTCCCGAACCT,21,5265529
zapB_predicted,0.5,37,25,GTTTCACGCACTGGTACATA,12,5280278
zapB_predicted,0.07692307692307693,26,25,GTGTGACTATGATATCGTGC,1,5278187
zapB_predicted,0.6923076923076923,42,25,GTATCTCCTTGGACAGCAGG,17,5270717
zapB_predicted,0.7692307692307693,44,25,GGTTCATGTCCGTCCGTTGG,19,5273962
zapB_predicted,0.38461538461538464,34,25,GGTGCAAATTACACTCTGCA,9,5276629
zapB_predicted,0.07692307692307693,26,25,GGTAAAGGTGCCGGTGTGAG,1,5267031
zapB_predicted,0.07692307692307693,26,25,GGCTGGCATAATCTGGAACT,1,5280366
zapB_predicted,0.8846153846153846,47,25,GGCCGTTAATAAATCTCTGA,22,5282570
zapB_predicted,0.19230769230769232,29,25,GGATACTTTTCGAGCGTTCT,4,5281619
zapB_predicted,0.15384615384615385,28,25,GCTCATCGTAATCTGTTGCT,3,5268677
zapB_predicted,1.6538461538461537,67,25,GCGTCCAATAGACCAGGAGT,42,5288301
zapB_predicted,0.07692307692307693,26,25,GCAGGTAGTGATGGCTTAAT,1,5263403
zapB_predicted,0.07692307692307693,26,25,GCACTGTATAGTTAAAGAGT,1,5273723
zapB_predicted,0.38461538461538464,34,25,GCAAGCGATATATTTACCCG,9,5288393
zapB_predicted,0.07692307692307693,26,25,GATATCGTGGCGCGGGCGCT,1,5273775
zapB_predicted,0.07692307692307693,26,25,GAATGAATTTGTTGTCTCTC,1,5282150
zapB_predicted,0.11538461538461539,27,25,CTGGGTGTTTAAAGTCGCAT,2,5267585
zapB_predicted,0.07692307692307693,26,25,CTGGCTTGGACCTGGGTCTT,1,5271700
zapB_predicted,0.15384615384615385,28,25,CTCCCCACACACATGCCCCA,3,5269025
zapB_predicted,0.4230769230769231,35,25,CTCAGTTTAGCGTGCGTCAG,10,5271966
zapB_predicted,0.11538461538461539,27,25,CTAGCTGGTAATCTGGTTTA,2,5276005
zapB_predicted,0.4230769230769231,35,25,CGTTATTCACAAATTACGGG,10,5269897
zapB_predicted,0.07692307692307693,26,25,CGGCTCCTGCACGTGGACGT,1,5275075
zapB_predicted,0.34615384615384615,33,25,CGGCCGGCGCCAGCCACCCG,8,5264112
zapB_predicted,0.11538461538461539,27,25,CGGATATATGGGCGTAGGAT,2,5279215
zapB_predicted,0.15384615384615385,28,25,CGGACTGCGTTAGAAGAACG,3,5273487
zapB_predicted,0.11538461538461539,27,25,CGAGTTGTCTTTGCTTGAAG,2,5279522
zapB_predicted,0.07692307692307693,26,25,CCTAGCACGAAAGTTTACCA,1,5269127
zapB_predicted,0.07692307692307693,26,25,CCGTCCTACGAGTCGCCGAA,1,5283410
zapB_predicted,0.19230769230769232,29,25,CAGATGGGGGTACTTAGTCA,4,5278445
zapB_predicted,0.23076923076923078,30,25,CACATTAGCGATGCTGTCGC,5,5277129
zapB_predicted,0.15384615384615385,28,25,CACATGAAGGTGCAACGGCT,3,5269494
zapB_predicted,0.15384615384615385,28,25,CAATGACACACTGCCATTTG,3,5264409
zapB_predicted,0.15384615384615385,28,25,ATTATTCAATAAAGGGGTTT,3,5279495
zapB_predicted,0.11538461538461539,27,25,ATAAAAACTTCTAGAAGATA,2,5277141
zapB_predicted,0.5769230769230769,39,25,AGTGTACTCAACGTCAGAAT,14,5266187
zapB_predicted,0.07692307692307693,26,25,AGTCGTGCTCAGGTTTTCAC,1,5265989
zapB_predicted,0.15384615384615385,28,25,AGGAGAATGGAAAGATGGTG,3,5274597
zapB_predicted,0.11538461538461539,27,25,AGCTCAACTCAAAAGCTGTG,2,5281053
zapB_predicted,0.34615384615384615,33,25,ACCCTCCAGCGACAACTGCT,8,5279279
zapB_predicted,0.6538461538461539,41,25,ACATACTCGGAGTTAAACGT,16,5265531
zapB_predicted,0.19230769230769232,29,25,AAGCGGGTAAAGGGTGGGTG,4,5278665
zapB_predicted,0.07692307692307693,26,25,AACTGCTGCAGTAGCTGGCA,1,5270889
zapB_predicted,0.23076923076923078,30,25,AACGTGATGCGAGTCAAGCG,5,5273530
zapB_predicted,0.23076923076923078,30,25,AACCTAGCTTCATGGACCAG,5,5264863
zapB_predicted,0.6153846153846154,40,25,AAACGAGCAATGCAATACTA,15,5272197
zapB_predicted,0.12,26,24,TGTCATTCTACACAGATATT,2,5281742
zapB_predicted,0.08,25,24,TGGTATATCAGAGCACATGT,1,5275133
zapB_predicted,0.44,34,24,TCTCTGAGTTGTCCTCTAAA,10,5279983
zapB_predicted,0.08,25,24,TCGGGTTGCCGACCAGGATT,1,5280592
zapB_predicted,0.08,25,24,TCCACATACCTATTGCCGTT,1,5273172
zapB_predicted,0.28,30,24,TCACGGTGAACGCCTCGCTA,6,5279963
zapB_predicted,37.4,958,24,TATGCACTGATGTTTGCCTT,934,5284079
zapB_predicted,0.2,28,24,GTTTAGAAAATCCGTACTCG,4,5270352
zapB_predicted,0.36,32,24,GTTGTGTTTGCCACAGCATT,8,5272129
zapB_predicted,0.16,27,24,GTCTCGGACAGGGTATAACA,3,5284015
zapB_predicted,0.08,25,24,GTCTCACGAGGTACAAGGGA,1,5277849
zapB_predicted,0.2,28,24,GTACAGCGATCTAGGAATGT,4,5282960
zapB_predicted,0.36,32,24,GCTGGTTTCAGACAACCGCA,8,5268059
zapB_predicted,0.12,26,24,GCTCTGGGCTGCCAACTCCG,2,5273907
zapB_predicted,0.2,28,24,GCGCAGCTCGTTCCGGGGGC,4,5278591
zapB_predicted,0.12,26,24,GCCTGCTACTCGGATGGACA,2,5286094
zapB_predicted,0.16,27,24,GCCTAAAAATGTGCAATTGT,3,5270277
zapB_predicted,0.12,26,24,GCCCCTTTCCATAAGGAGGG,2,5279193
zapB_predicted,0.12,26,24,GACGTTGCAAGGCGGTGAAG,2,5266683
zapB_predicted,0.12,26,24,GAAACGGACGTAGCGTCCAG,2,5274720
zapB_predicted,0.08,25,24,CTTCCGTGGGTACTGTCTGT,1,5280335
zapB_predicted,0.28,30,24,CTGCGTTACAAAAATCCACA,6,5273513
zapB_predicted,0.24,29,24,CTCTCAAGATTTGATACCAT,5,5274676
zapB_predicted,0.08,25,24,CTAAGACCGGCTGTTTGATT,1,5263816
zapB_predicted,0.12,26,24,CGTTCACGTGTGAGTCACGA,2,5273529
zapB_predicted,0.08,25,24,CGCATGTCCGTGACGTTAAA,1,5282019
zapB_predicted,0.24,29,24,CCTCGTTAAGGAAACTGTGG,5,5279727
zapB_predicted,19.36,507,24,CCTCGAGTGCACATTCTAGT,483,5271586
zapB_predicted,0.08,25,24,CCCTCGACCTCCTGGCGTAT,1,5279465
zapB_predicted,0.08,25,24,CATCATCACAGCGAGCGTGA,1,5267365
zapB_predicted,0.28,30,24,CATAATTTAGGGTCGGACGA,6,5267081
zapB_predicted,0.16,27,24,CACACCCTTCGCTTTATCCA,3,5268152
zapB_predicted,0.2,28,24,CAAGGACCGAACCCTCGAGC,4,5263841
zapB_predicted,0.2,28,24,ATTGCTCCGTGGAATTATTA,4,5265003
zapB_predicted,0.24,29,24,ATTGAACCAAGTACGAACGA,5,5284671
zapB_predicted,0.24,29,24,ATACGAACGACCGCGTGATT,5,5285720
zapB_predicted,0.2,28,24,AGTCTGCCTAAGTGGTTCGT,4,5269787
zapB_predicted,0.28,30,24,AGGGAATAATTGAATCCACA,6,5276671
zapB_predicted,0.08,25,24,AGGAGTGGCTCCGCGTGTTT,1,5284467
zapB_predicted,0.32,31,24,AGGACGTCTAGCGGAACCGT,7,5281916
zapB_predicted,0.16,27,24,AGGAAGGAAGTCAAGGCATC,3,5267738
zapB_predicted,0.44,34,24,AGCCGTTGCAGGGTCGGCAT,10,5279352
zapB_predicted,32.48,835,24,AGCAATGTAGGCACACCCGT,811,5271120
zapB_predicted,0.24,29,24,AGATCAGTCCCAAAGTTAGT,5,5270228
zapB_predicted,0.2,28,24,ACCGCTTTCAAAAGTTGTTC,4,5263647
zapB_predicted,0.2,28,24,ACATCTGGTCTCTCCTTTGC,4,5287309
zapB_predicted,0.08,25,24,AAGGGCAATTGCGCCGTTAC,1,5281841
zapB_predicted,0.24,29,24,AACTTGCGCAAGCCGCACGG,5,5265818
zapB_predicted,0.28,30,24,AACTCAATGAGGGCTCCTAT,6,5263437
zapB_predicted,0.12,26,24,AACGTCCATACCGTCGGACC,2,5267100
zapB_predicted,0.32,31,24,AACCGGATGCGCTTTTAGTC,7,5278397
zapB_predicted,0.5416666666666666,35,23,TTGGGTTTTCAAATGCATGA,12,5273287
zapB_predicted,0.16666666666666666,26,23,TTATTGAGACCAGGTAGGGT,3,5283962
zapB_predicted,0.375,31,23,TGGTTATGCGTCAGCTACTG,8,5278434
zapB_predicted,0.08333333333333333,24,23,TGGGATAACGGCATCCCCAG,1,5271074
zapB_predicted,0.20833333333333334,27,23,TCGGGATTTCAAAGGCAACT,4,5273987
zapB_predicted,0.6666666666666666,38,23,TCCGTTGGGGGGTTGTGCGA,15,5270469
zapB_predicted,0.4166666666666667,32,23,TCATGTCTGTTATATCGATG,9,5275926
zapB_predicted,0.125,25,23,GTGTGTTCTTCATGCAAGGC,2,5284639
zapB_predicted,0.125,25,23,GTGTCGTGTTTATTTAAGGT,2,5270258
zapB_predicted,0.125,25,23,GTGGACCGTAGTCAACCTCA,2,5272540
zapB_predicted,0.625,37,23,GTGCAAGAGTTTACAATGTA,14,5283342
zapB_predicted,0.08333333333333333,24,23,GTCACGTGTCCGGCCCTTCC,1,5272743
zapB_predicted,0.08333333333333333,24,23,GGTGAGTAATGCACGAGGCC,1,5274620
zapB_predicted,0.16666666666666666,26,23,GGTGAGGACCCATCATTGGA,3,5277326
zapB_predicted,0.20833333333333334,27,23,GGTCCTCCTTCACAAGTGTA,4,5264640
zapB_predicted,0.20833333333333334,27,23,GGTATCGTTTTACGATATTC,4,5279982
zapB_predicted,0.125,25,23,GGGTAAATCCTTGCTACAGA,2,5268081
zapB_predicted,0.25,28,23,GGCTCCCTGATAACGGCCAT,5,5285606
zapB_predicted,1.5,58,23,GGCTAAGCAGGCATATGGTA,35,5277066
zapB_predicted,0.08333333333333333,24,23,GGCACTCCGACACCTGTGCA,1,5278853
zapB_predicted,0.08333333333333333,24,23,GGATTAAACTAGAACTGCGT,1,5276484
zapB_predicted,0.08333333333333333,24,23,GGAGTGTCATCTCTATGAAC,1,5274413
zapB_predicted,0.08333333333333333,24,23,GCTTTCCCCGGTGGGCGGCG,1,5274922
zapB_predicted,0.125,25,23,GCGTTTACTATCGTGGGTAT,2,5270504
zapB_predicted,0.3333333333333333,30,23,GCGGCAGTTTATGAAACGAA,7,5279310
zapB_predicted,0.125,25,23,GCAGACACTCGCGTTTTGAT,2,5266152
zapB_predicted,0.125,25,23,GATCTCTAAAGCACGCCCAG,2,5268868
zapB_predicted,0.9166666666666666,44,23,GAGCCGACGCACGCTCCGAC,21,5266547
zapB_predicted,0.125,25,23,GACACATTCCGGGCCGAGAA,2,5270377
zapB_predicted,0.25,28,23,CTGTCCAAGCGGAGAGACCC,5,5275697
zapB_predicted,0.08333333333333333,24,23,CTGCTCTCTCTATTAGAGAC,1,5288032
zapB_predicted,0.25,28,23,CTACGACGTTCGACAATCGT,5,5287594
zapB_predicted,0.2916666666666667,29,23,CGTTCTTTTTGATCGCCAGT,6,5264561
zapB_predicted,0.20833333333333334,27,23,CGGTTCAGAAAGGGTGTTAG,4,5282181
zapB_predicted,0.3333333333333333,30,23,CGGTATGATGGATAGAATGT,7,5287663
zapB_predicted,0.08333333333333333,24,23,CGCCAAAGAACGTGCGTTTT,1,5271152
zapB_predicted,0.08333333333333333,24,23,CCTATATGTGCAAAGCAGAA,1,5277912
zapB_predicted,0.16666666666666666,26,23,CCGTAAGGGGAATTGAATAG,3,5281942
zapB_predicted,0.2916666666666667,29,23,CCGATACTGTGGCCCAGAGG,6,5265024
zapB_predicted,0.08333333333333333,24,23,CCCGACATAACTCGTGAGGG,1,5268699
zapB_predicted,0.20833333333333334,27,23,CCAGGATGGGAGCAATTATT,4,5280231
zapB_predicted,0.08333333333333333,24,23,CAGGCAGTATGCACAAAGGG,1,5264277
zapB_predicted,0.125,25,23,ATTTGCAGATACCAACCTTT,2,5280508
zapB_predicted,0.25,28,23,ATTGCAGACCCCTACCTGGA,5,5273304
zapB_predicted,0.3333333333333333,30,23,ATGCGATACGTTACAATCGA,7,5283070
zapB_predicted,0.08333333333333333,24,23,ATCGCCATTATTGTAATGCA,1,5287849
zapB_predicted,0.16666666666666666,26,23,ATCATCACCCTGGTAACTGC,3,5272192
zapB_predicted,0.125,25,23,ATATAACAAGCGTTCACACA,2,5265140
zapB_predicted,0.20833333333333334,27,23,ATACAACGGCCGACCAAACC,4,5275351
zapB_predicted,0.6666666666666666,38,23,ATAAGCTGTACTGGGGCGTA,15,5271025
zapB_predicted,1.0833333333333333,48,23,AGGCAACATCTACTCTGAGG,25,5268384
zapB_predicted,0.20833333333333334,27,23,AGGATACCGCGCGCAGACCT,4,5276935
zapB_predicted,0.625,37,23,AGCTAGGCGCTGCATCTGTG,14,5265956
zapB_predicted,0.3333333333333333,30,23,AGACGAAGCTGCAGTAGACT,7,5283546
zapB_predicted,0.08333333333333333,24,23,ACGGGAATAAGGTCAACTAC,1,5272469
zapB_predicted,0.125,25,23,ACCGCGTGCAAACGTCATAA,2,5276387
zapB_predicted,0.20833333333333334,27,23,ACCCCGGGAGCTGGATTCAC,4,5266088
zapB_predicted,0.08333333333333333,24,23,ACAATGCGTGTCTCTTGTAG,1,5281945
zapB_predicted,0.375,31,23,AAGTGCAAGCTTTGGCTGGC,8,5270574
zapB_predicted,0.08333333333333333,24,23,AAGAGACGTGTCCTAAAGAC,1,5263597
zapB_predicted,0.125,25,23,AACATACTGACCCTCCGGTA,2,5283786
zapB_predicted,0.25,28,23,AAAAGAACAGCACGGAGGCA,5,5281813
zapB_predicted,0.13043478260869565,24,22,TTGGGAGCGGCCTGGACACA,2,5264721
zapB_predicted,0.13043478260869565,24,22,TTCAGGCGCATGATAACTCA,2,5276385
zapB_predicted,37.0,872,22,TGTGAGTGATCGTGTCCTAT,850,5272994
zapB_predicted,0.08695652173913043,23,22,TGTCAAGCGTTATAAGCTAG,1,5282292
zapB_predicted,0.17391304347826086,25,22,TGGCATCGCTTCGGCCCATA,3,5272325
zapB_predicted,0.17391304347826086,25,22,TGGATGCAATCAATCGATTA,3,5276602
zapB_predicted,0.30434782608695654,28,22,TGAGCAGTGCGGCTACTGTA,6,5267052
zapB_predicted,0.13043478260869565,24,22,TCGGTTGGCAAGCTTGATGC,2,5285299
zapB_predicted,0.13043478260869565,24,22,TCGGAGAGAACGGTCCATTG,2,5265318
zapB_predicted,0.17391304347826086,25,22,TCCCGAGACGGGATCCGAAT,3,5278466
zapB_predicted,0.13043478260869565,24,22,TATTAAACGAGGAAAGTGCT,2,5277748
zapB_predicted,0.13043478260869565,24,22,TATCGCTGGAGAGTCGGGGC,2,5272446
zapB_predicted,0.13043478260869565,24,22,TAGGGAGATCTCATTAACGC,2,5267819
zapB_predicted,0.13043478260869565,24,22,TAATCAATCTTTCACTTTAC,2,5272338
zapB_predicted,0.30434782608695654,28,22,GTACTTCCAGTATAGGCGTA,6,5269302
zapB_predicted,0.43478260869565216,31,22,GGTGAGGACTCGATGGCATA,9,5277370
zapB_predicted,0.17391304347826086,25,22,GGTAACTAAGAGGGCTGGCT,3,5278207
zapB_predicted,0.08695652173913043,23,22,GGGTGACGGTTGAGTATGAC,1,5274264
zapB_predicted,0.21739130434782608,26,22,GGCGTTGGTATCATTAGCGC,4,5279667
zapB_predicted,0.2608695652173913,27,22,GGCATGCGCCACATAGGGTC,5,5278523
zapB_predicted,0.17391304347826086,25,22,GGACTATGATGCATCTTCTA,3,5268449
zapB_predicted,0.13043478260869565,24,22,GCGCGGGTGCTGTGAACAAG,2,5270795
zapB_predicted,0.30434782608695654,28,22,GCACGTATCGGACACGATTA,6,5288206
zapB_predicted,0.21739130434782608,26,22,GCACACCTTGACACGCTTGA,4,5274374
zapB_predicted,0.08695652173913043,23,22,GATTGTGGGCTTTAGGGTTG,1,5275173
zapB_predicted,0.13043478260869565,24,22,GATAGGCTAAACTCCCGAGT,2,5279280
zapB_predicted,0.08695652173913043,23,22,GAGGCCTGGACACACGTCCC,1,5267902
zapB_predicted,0.08695652173913043,23,22,GAGATCACTTCATCCAGAAT,1,5265568
zapB_predicted,0.43478260869565216,31,22,GAAGTTCCATGTATATTGCA,9,5278634
zapB_predicted,0.5652173913043478,34,22,GAACCTTTCGCGGCGCGTCA,12,5265567
zapB_predicted,0.13043478260869565,24,22,GAACAGACTTCAGTCTTTTA,2,5279924
zapB_predicted,0.08695652173913043,23,22,CTTTTATGCTATACTCGGTC,1,5272193
zapB_predicted,0.13043478260869565,24,22,CTTGATGCGCTTGTTACTCT,2,5268509
zapB_predicted,0.5217391304347826,33,22,CTGTAGCGACTTGTCTTCCC,11,5270246
zapB_predicted,0.08695652173913043,23,22,CTCTTTGAGGTCCCTCTATA,1,5266801
zapB_predicted,0.17391304347826086,25,22,CTCCTGTAACGATACCGATG,3,5273302
zapB_predicted,0.391304347826087,30,22,CTAAGCCAGAGCAGTCCAGC,8,5266572
zapB_predicted,0.2608695652173913,27,22,CGTGGGTCGGGGAGCTCCAT,5,5267099
zapB_predicted,0.08695652173913043,23,22,CGGACTGTGTAAAAGGATAT,1,5272949
zapB_predicted,0.43478260869565216,31,22,CGCAAATTCTTGTCACGAGA,9,5267695
zapB_predicted,0.08695652173913043,23,22,CGAGGGACTGGTTAACTTAG,1,5286702
zapB_predicted,0.17391304347826086,25,22,CCTACTTTGCGATTGGGGGA,3,5277534
zapB_predicted,0.21739130434782608,26,22,CCCGCCCTGGTGCCCTGAAT,4,5281052
zapB_predicted,0.4782608695652174,32,22,CCCACATAATGCTTCCGGGA,10,5278986
zapB_predicted,0.34782608695652173,29,22,CCACGCACTCCTGTAGGAAG,7,5266232
zapB_predicted,0.30434782608695654,28,22,CATAATGGGCGGCGAGTCAG,6,5265380
zapB_predicted,0.21739130434782608,26,22,CACTCCGGGGTGCTGTGCTT,4,5269669
zapB_predicted,0.17391304347826086,25,22,CACGGCTACATAAGCGACAG,3,5276688
zapB_predicted,0.08695652173913043,23,22,CAACATGGCGAGATACAGTA,1,5270892
zapB_predicted,68.26086956521739,1591,22,ATTGCTGTATTACTCTGGGT,1569,5281894
zapB_predicted,0.13043478260869565,24,22,ATCGATAGAGATACCCTCAT,2,5269972
zapB_predicted,0.17391304347826086,25,22,ATCCAAACATTCGGTTATAT,3,5264783
zapB_predicted,0.13043478260869565,24,22,ATCAGAATCACCAGATTCTA,2,5286752
zapB_predicted,0.21739130434782608,26,22,AGTCGAACACAAATATAAGT,4,5286559
zapB_predicted,0.08695652173913043,23,22,AGGATTTCGTATAACGAACT,1,5282515
zapB_predicted,0.21739130434782608,26,22,AGCTAAGGTCCACAGTAAAT,4,5278208
zapB_predicted,0.21739130434782608,26,22,AGAGCTGAATGGTAAGGAGG,4,5269742
zapB_predicted,0.34782608695652173,29,22,ACTCTACCCTGGACAGGATC,7,5264669
zapB_predicted,0.43478260869565216,31,22,ACGGAAGTGCCATTCACTAG,9,5274598
zapB_predicted,0.5652173913043478,34,22,ACCGCAGGGGGGGTGACCCT,12,5266385
zapB_predicted,0.08695652173913043,23,22,ACCCTGTGCAATAAGCCGCT,1,5280155
zapB_predicted,0.21739130434782608,26,22,ACCCCCCCATGGTCCGAGCT,4,5276775
zapB_predicted,0.08695652173913043,23,22,ACCATTGCGGAAAGGGTCCG,1,5271940
zapB_predicted,0.13043478260869565,24,22,ACCACGGCTTCGTCGCTGGT,2,5281912
zapB_predicted,0.13043478260869565,24,22,ACAAAAAAGTTGCATGGCCG,2,5276805
zapB_predicted,0.6086956521739131,35,22,AAGACATTACCCGCTACGGC,13,5271088
zapB_predicted,0.391304347826087,30,22,AACGTACCAAAAGAGGATAT,8,5267768
zapB_predicted,0.30434782608695654,28,22,AAAAGTACCATATCGGAAGT,6,5271103
zapB_predicted,0.18181818181818182,24,21,TTTGCGTGACTCTCATTAGT,3,5267419
zapB_predicted,2.727272727272727,80,21,TTGCCCGATGTGTTTGAGCA,59,5264942
zapB_predicted,0.2727272727272727,26,21,TTGACACCCTTCCCGCAGGA,5,5266562
zapB_predicted,0.6818181818181818,35,21,TTCTAGCTAGTGAGTAGGCA,14,5285315
zapB_predicted,0.09090909090909091,22,21,TTCAACGACGGATCCGTTAG,1,5267900
zapB_predicted,0.13636363636363635,23,21,TGTGGTGGTGGACGAGAAAA,2,5272402
zapB_predicted,0.13636363636363635,23,21,TGAGTACTTATTCATTATAT,2,5288109
zapB_predicted,0.13636363636363635,23,21,TCTCAGCTGGAAGGGAAGTT,2,5283753
zapB_predicted,0.09090909090909091,22,21,TCTAACGCCTCCGACTTGGT,1,5277945
zapB_predicted,38.31818181818182,863,21,TCGGGGACTATAAGTAGTGG,842,5278340
zapB_predicted,0.09090909090909091,22,21,TCATGATAGTCCATTTCATA,1,5288267
zapB_predicted,0.09090909090909091,22,21,TAGCCGCCGCCGATCGAATT,1,5281699
zapB_predicted,0.09090909090909091,22,21,GTGCAAGTCTGGGAAAGCGG,1,5277935
zapB_predicted,0.2727272727272727,26,21,GTCTCGTAGCAGTATAGCTA,5,5285035
zapB_predicted,0.13636363636363635,23,21,GTCCCCGTCCGGAATCGGGG,2,5278546
zapB_predicted,0.18181818181818182,24,21,GTCCATATGAGGTGATTAAT,3,5276062
zapB_predicted,0.3181818181818182,27,21,GTCATCAGCGTACATGAAAA,6,5264069
zapB_predicted,0.09090909090909091,22,21,GGTCAATTCCTGCGATGGAT,1,5282904
zapB_predicted,0.45454545454545453,30,21,GGGCAGCCGGAAATGTCTTG,9,5272808
zapB_predicted,0.18181818181818182,24,21,GGGAGCATCTAAGCAGCGCG,3,5274000
zapB_predicted,0.09090909090909091,22,21,GGCGTGTGCCGCTGCCCCAT,1,5287511
zapB_predicted,0.09090909090909091,22,21,GGCGGTCTATGTTCCGGAAG,1,5275978
zapB_predicted,0.18181818181818182,24,21,GGCGAGCTGGGTATAGCCAA,3,5274710
zapB_predicted,0.18181818181818182,24,21,GGACTGACAAGGAACTATAC,3,5282909
zapB_predicted,0.5,31,21,GCTCTCACTCGCTTTTCAAA,10,5281964
zapB_predicted,0.13636363636363635,23,21,GCGGAGGGGACTCGCCGGTT,2,5283448
zapB_predicted,0.5454545454545454,32,21,GCCCTCCTAGATAGTATCCT,11,5284244
zapB_predicted,0.18181818181818182,24,21,GCCCGCCTAAACGATTGCGG,3,5279460
zapB_predicted,0.09090909090909091,22,21,GCCAATATCCAGAGTATAAG,1,5286689
zapB_predicted,45.54545454545455,1022,21,GCATCTGCGTAGACCATGCT,1001,5284039
zapB_predicted,1.6363636363636365,56,21,GCACGTCGTTAGAACGGTGA,35,5271588
zapB_predicted,0.09090909090909091,22,21,GAACGGCCTTCGCGAATAAG,1,5263106
zapB_predicted,0.22727272727272727,25,21,CTGTCAACAGGGCGAGAGGG,4,5270280
zapB_predicted,0.18181818181818182,24,21,CGCCAGATTTGTTGGACTGA,3,5273801
zapB_predicted,0.18181818181818182,24,21,CGCAGTCCACGTATCGTTTC,3,5283243
zapB_predicted,0.3181818181818182,27,21,CGAGTCGGCCAGGGAGTCCA,6,5269855
zapB_predicted,0.13636363636363635,23,21,CCGGGCGACGAAGCTCCCAA,2,5275840
zapB_predicted,0.18181818181818182,24,21,CCCGCTTGACTGATCAGGTT,3,5269627
zapB_predicted,0.13636363636363635,23,21,CCCGCCATTGATGGCTTTAT,2,5275812
zapB_predicted,0.09090909090909091,22,21,CCACTAGAAACGAAACGGTT,1,5267555
zapB_predicted,0.13636363636363635,23,21,CATTAGGGCGACATATCATG,2,5268074
zapB_predicted,0.09090909090909091,22,21,CACCATCGCTAGAACCTCAA,1,5274700
zapB_predicted,0.2727272727272727,26,21,ATTACAAGCTGAGCCTATTA,5,5284313
zapB_predicted,0.09090909090909091,22,21,ATGTTCGCCTCATGCCTATG,1,5273148
zapB_predicted,0.09090909090909091,22,21,ATGCCAGCCCATAAGTGACA,1,5271127
zapB_predicted,1.3181818181818181,49,21,ATCCTTGACATAACTCAATG,28,5269896
zapB_predicted,0.18181818181818182,24,21,ATACCAACCTTGTCAGCCTT,3,5264189
zapB_predicted,0.13636363636363635,23,21,AGTTCGACCTAGGCCGTCAG,2,5278189
zapB_predicted,0.09090909090909091,22,21,AGTGTTCATCGGCCGACCAC,1,5279811
zapB_predicted,0.3181818181818182,27,21,AGTCACACGGATCTGAACAG,6,5268639
zapB_predicted,0.18181818181818182,24,21,AGGGCGGACTGCGCATTCGG,3,5271859
zapB_predicted,0.09090909090909091,22,21,ACGGTCCTATAGACGACCAC,1,5268096
zapB_predicted,0.2727272727272727,26,21,ACCATTCTTGTCTCCGCTAC,5,5276425
zapB_predicted,0.7727272727272727,37,21,ACCAGGTAGAACTTTGTCAC,16,5269732
zapB_predicted,0.45454545454545453,30,21,ACAGGCTAATCGATGATCTC,9,5267323
zapB_predicted,0.5454545454545454,32,21,ACACCATAATGAGTACAAAA,11,5264560
zapB_predicted,0.5454545454545454,32,21,AATGTCTTCCGGTTGCTGCC,11,5271456
zapB_predicted,0.2727272727272727,26,21,AAGGCGGCAACAGCAGGTCC,5,5273134
zapB_predicted,0.3181818181818182,27,21,AACATCTGACCCGACCGAAT,6,5278319
zapB_predicted,0.22727272727272727,25,21,AACAGTTTCCGCCAGATCGG,4,5280876
zapB_predicted,0.13636363636363635,23,21,AAATGCTAGAGCTTTGTTGA,2,5278317
zapB_predicted,0.09523809523809523,21,20,TTTACGAAATCGGTCGAGGC,1,5278817
zapB_predicted,0.3333333333333333,26,20,TTGATCACTATCAAGAGTCA,6,5263727
zapB_predicted,0.23809523809523808,24,20,TTGACAGAATTATTGATCCG,4,5272828
zapB_predicted,2.1904761904761907,65,20,TTCAACAGGTATGGGTAGGG,45,5271590
zapB_predicted,0.09523809523809523,21,20,TTATGCACACATGGGTGAGT,1,5264359
zapB_predicted,0.42857142857142855,28,20,TTATAGCCCGACTCTATGTA,8,5264812
zapB_predicted,0.19047619047619047,23,20,TTAAAGAAATTTGTTCCGTG,3,5267770
zapB_predicted,0.23809523809523808,24,20,TGTGGGGACATCTAGGTTTT,4,5287016
zapB_predicted,0.09523809523809523,21,20,TGGAACTGAGTCCATCGGTA,1,5277233
zapB_predicted,0.09523809523809523,21,20,TGCTCACCCGCTACGCAAAT,1,5285624
zapB_predicted,0.09523809523809523,21,20,TGCGATCGGAATTTTGATGC,1,5266848
zapB_predicted,0.09523809523809523,21,20,TCGGTATATCGGAATCCAAT,1,5286114
zapB_predicted,0.8095238095238095,36,20,TCGCGCTGAAGCTTCCTAGC,16,5264396
zapB_predicted,0.2857142857142857,25,20,TCCGGCGGGGAGGCATAAAG,5,5286790
zapB_predicted,0.14285714285714285,22,20,TCCGGATTGAATCAGTGGCG,2,5285414
zapB_predicted,0.14285714285714285,22,20,TAGCTGTAAATAAGCCTATA,2,5264233
zapB_predicted,0.19047619047619047,23,20,GTTGTAATTTACTTTTCGAG,3,5276883
zapB_predicted,0.14285714285714285,22,20,GTGCCTTGAATTCATGCTCT,2,5275131
zapB_predicted,0.14285714285714285,22,20,GTATCTACCTCGCCAGGGTG,2,5284904
zapB_predicted,0.09523809523809523,21,20,GGTGTGCCCCATAGTTCTGT,1,5278395
zapB_predicted,0.19047619047619047,23,20,GGTGGGGCACCGGAGGTCGT,3,5265381
zapB_predicted,0.19047619047619047,23,20,GGTCACGACATCCCCTCACG,3,5268471
zapB_predicted,0.42857142857142855,28,20,GGTACCGTCTCTTCTGTCAC,8,5272004
zapB_predicted,1.2857142857142858,46,20,GGGCTCGAAGCTGACACCAA,26,5266998
zapB_predicted,0.2857142857142857,25,20,GGACGTTCAGCCCGTACGCA,5,5263604
zapB_predicted,0.23809523809523808,24,20,GCTAGCAGTAGCGGATAAAT,4,5278213
zapB_predicted,0.23809523809523808,24,20,GCGGCTAAGTTACGACGGGG,4,5267817
zapB_predicted,0.09523809523809523,21,20,GCATTGCGTGCGCCTGGTTA,1,5270552
zapB_predicted,1.2380952380952381,45,20,GCACGGATCCTTATAGTTTA,25,5279904
zapB_predicted,0.2857142857142857,25,20,GACAAGCTCGGTACTCGTCC,5,5273155
zapB_predicted,0.5238095238095238,30,20,GAACAGAACCGTTAAGTCTC,10,5265987
zapB_predicted,0.19047619047619047,23,20,CTTTCCCCCCCAGTCGCCCG,3,5267879
zapB_predicted,0.09523809523809523,21,20,CTGTACATGTCGAACCCCCT,1,5281563
zapB_predicted,0.14285714285714285,22,20,CTCTAACTCGGAGTGGGGGT,2,5270788
zapB_predicted,0.19047619047619047,23,20,CGTTGAGTACTAGGCTCAAG,3,5280322
zapB_predicted,0.42857142857142855,28,20,CGTTATCAGACTCAATACAT,8,5271923
zapB_predicted,46.142857142857146,988,20,CGTCATCTGAATGGCTGGAG,968,5270299
zapB_predicted,1.3333333333333333,47,20,CGGACATATCGCAAAGTCCT,27,5284842
zapB_predicted,0.2857142857142857,25,20,CCTTTGTACTTAGGTCCGAA,5,5267636
zapB_predicted,0.38095238095238093,27,20,CCTAACGTCCGAGGGTTTGT,7,5276313
zapB_predicted,0.19047619047619047,23,20,CCGTCCTGTCCTTTCGGAGG,3,5265596
zapB_predicted,0.47619047619047616,29,20,CCCTCTGTTTCTCGCAAGTA,9,5268004
zapB_predicted,0.14285714285714285,22,20,CCATCCAATGAGGAGGGACA,2,5266311
zapB_predicted,0.23809523809523808,24,20,CATTGCGACTCAGTCCTAGT,4,5264098
zapB_predicted,0.19047619047619047,23,20,CATAGTGTAGCTATTTTCAG,3,5263883
zapB_predicted,0.14285714285714285,22,20,CAGGGGTATTAGCTCTAGAC,2,5264915
zapB_predicted,0.5238095238095238,30,20,CACTAGCCCTTTGATGAAAT,10,5283990
zapB_predicted,0.23809523809523808,24,20,CACGGTTGACGTGGAGACCT,4,5265715
zapB_predicted,0.19047619047619047,23,20,CACAGTCCGTCGTATGGGCA,3,5264925
zapB_predicted,0.09523809523809523,21,20,CACAGCCTCATCAAGAAATT,1,5274923
zapB_predicted,0.23809523809523808,24,20,ATGTTGAGCAATGCTACGTC,4,5264435
zapB_predicted,0.23809523809523808,24,20,AGCGTCAACGAATGTGCTGG,4,5266821
zapB_predicted,0.14285714285714285,22,20,AGCGAGGATAGCAAATTAAA,2,5263125
zapB_predicted,0.09523809523809523,21,20,AGATATCGAACTGTTTTATT,1,5284351
zapB_predicted,0.09523809523809523,21,20,ACTCCTGCCTTAGCCAGCTA,1,5287977
zapB_predicted,0.7619047619047619,35,20,ACTCAATCGCGTGGCGAGTA,15,5269754
zapB_predicted,0.2857142857142857,25,20,ACGCCGGGGCAGAGAATCAC,5,5285235
zapB_predicted,0.42857142857142855,28,20,ACGAGGCCTGTAGATAAAGA,8,5275029
zapB_predicted,0.09523809523809523,21,20,ACAATTGGATAGTCTAGACT,1,5264513
zapB_predicted,0.23809523809523808,24,20,AAGGTGAATGTGAAGGGCTA,4,5277751
zapB_predicted,0.09523809523809523,21,20,AAGCCCCGAAAGCTCAGCAT,1,5274524
zapB_predicted,0.4,26,19,TTGTTGACAGCGAAGTATCC,7,5271786
zapB_predicted,0.15,21,19,TTGACTTAAACCGACTCCCA,2,5265108
zapB_predicted,1.55,49,19,TTCTGACGTCCACGGTTGCT,30,5276215
zapB_predicted,0.35,25,19,TTATTTGTTGTGCACTTCTA,6,5284692
zapB_predicted,0.35,25,19,TTACTTATTATTCACGGATC,6,5279549
zapB_predicted,0.2,22,19,TGTGGTGTCCCTACTACAGC,3,5273744
zapB_predicted,0.15,21,19,TGTCGCTCCGATGTACCCCT,2,5284321
zapB_predicted,0.35,25,19,TGTCCATTCATTATTAGGAT,6,5285803
zapB_predicted,0.1,20,19,TGTACGCTCCGGGGCTACTT,1,5274271
zapB_predicted,0.1,20,19,TGGGCGGGCGATCACGCCAG,1,5264832
zapB_predicted,0.2,22,19,TGGCCAGACAGTACTAAGTA,3,5266355
zapB_predicted,0.6,30,19,TGGAGGGTGGATCTATCAAT,11,5284878
zapB_predicted,0.25,23,19,TGCACTAAGCTTGAATTGAT,4,5280052
zapB_predicted,0.4,26,19,TGAGTCCCTTGTAAAGTGCG,7,5279430
zapB_predicted,0.6,30,19,TGAACTCCCACCGCCAGTGG,11,5279243
zapB_predicted,0.3,24,19,TCCAAACAACACGCCACGTA,5,5279919
zapB_predicted,0.7,32,19,TATGTATACACGTAAGTAAG,13,5267474
zapB_predicted,0.2,22,19,TAAGTGCGGCGCCAGTTGGA,3,5273161
zapB_predicted,0.2,22,19,GTTTTTTGAGGATGGAAGCT,3,5273638
zapB_predicted,0.15,21,19,GTGTGCCACCGAGGATCACC,2,5268317
zapB_predicted,0.15,21,19,GTGAGTCACGTTTTTAAATT,2,5282518
zapB_predicted,6.05,139,19,GTCGAGGCGCCTAGGGAGCT,120,5286533
zapB_predicted,0.35,25,19,GTACTACAGCTGAAATAGGC,6,5283430
zapB_predicted,0.1,20,19,GGTGTAAAATTAGCGTTGCA,1,5267103
zapB_predicted,0.25,23,19,GGTGGGATTCGATCCAAGAT,4,5271354
zapB_predicted,0.25,23,19,GGTCACCCTACGCATCAGGG,4,5286521
zapB_predicted,0.1,20,19,GGGGAGATCAAGACGCGGAT,1,5278831
zapB_predicted,0.1,20,19,GGACAGAAGTCTACACTGAG,1,5275815
zapB_predicted,0.1,20,19,GCTATGTTAGCCTTACTCTT,1,5266342
zapB_predicted,0.2,22,19,GCGAGTTCCTCGACATTAGG,3,5263199
zapB_predicted,0.15,21,19,GCGAACTGGATCATCGTCTG,2,5276138
zapB_predicted,0.45,27,19,GCACGAGGAGTCATCGCGTA,8,5266387
zapB_predicted,0.2,22,19,GAGTGGTAATACCTTTTTAC,3,5288011
zapB_predicted,0.7,32,19,GAGATCCTATGTCGCCTTTA,13,5286495
zapB_predicted,39.5,808,19,GACTAGGAGCACTCCCCCAC,789,5280451
zapB_predicted,0.15,21,19,GAATTGGTGGTAGTCCACTC,2,5276339
zapB_predicted,0.5,28,19,GAATATGGGGCATGTAATTC,9,5282448
zapB_predicted,0.25,23,19,CTTTATAGCCAGGCTTAAAT,4,5268330
zapB_predicted,0.2,22,19,CTTCCCCCTACGTGGGGTAA,3,5269839
zapB_predicted,0.4,26,19,CTATGCCTAGCGATTCGGCT,7,5276352
zapB_predicted,0.1,20,19,CTATCTTATTCAGACAAGAA,1,5282266
zapB_predicted,0.1,20,19,CGTGGCTCGCCCGGATTCGC,1,5266709
zapB_predicted,0.2,22,19,CGCGTTCGTTTGTGTATGAC,3,5267700
zapB_predicted,0.25,23,19,CGCACGGTTCGTCCTTTGCG,4,5273761
zapB_predicted,0.5,28,19,CCTGTAAGCCTTTGCTTCCC,9,5285127
zapB_predicted,0.15,21,19,CCGTAACAAATCAGTGTGAT,2,5268824
zapB_predicted,0.45,27,19,CCGGCTTCGCATCAGCCTAT,8,5267859
zapB_predicted,0.1,20,19,CCGAACGATTGCGTGGTTTA,1,5264507
zapB_predicted,0.3,24,19,CCACGAGTATGTGCTTTCAG,5,5275785
zapB_predicted,0.1,20,19,CATCGTATAAACGCTCGGTG,1,5283485
zapB_predicted,0.1,20,19,CATATCGGGCGCACCTAATA,1,5265860
zapB_predicted,0.5,28,19,CATAATATACGTCACCGTAG,9,5266841
zapB_predicted,0.2,22,19,CAGATTCCTACGATGTCAAC,3,5279938
zapB_predicted,0.1,20,19,CACGTCACTTTCGTGAATTA,1,5267901
zapB_predicted,1.05,39,19,CACCTACTGCGGAGTACGTG,20,5287719
zapB_predicted,0.15,21,19,CACACCCACTGATCCAACGA,2,5276150
zapB_predicted,0.35,25,19,CAAAAGCTCCCTGTGAATCT,6,5271824
zapB_predicted,0.15,21,19,ATTGATATCATTAATGTTGC,2,5268354
zapB_predicted,0.35,25,19,ATTGATAATGTAGCAATTTA,6,5279839
zapB_predicted,2.65,71,19,ATTACGGCACCAACACCAGT,52,5276219
zapB_predicted,0.15,21,19,ATGTGATTACCCCGGCAGCT,2,5268177
zapB_predicted,1.25,43,19,ATGATTGGTTCTATTACACG,24,5269139
zapB_predicted,0.6,30,19,ATGACCGGGGAGTGAGCTTA,11,5280668
zapB_predicted,0.25,23,19,ATCGAACGGGGCGAACATCT,4,5277145
zapB_predicted,40.95,837,19,AGTAAGCCTCCCTATAATCC,818,5275393
zapB_predicted,0.25,23,19,AGGGCATTTTAGCCCGTCGC,4,5268145
zapB_predicted,0.65,31,19,AGGAACCTGCAGCGCATCTA,12,5287230
zapB_predicted,0.25,23,19,ACTATCGCCGCTATCCGCTA,4,5283012
zapB_predicted,0.1,20,19,ACGTACACCGTATTAGCACT,1,5263726
zapB_predicted,0.25,23,19,ACGCGTTAGTTGTAGCATCG,4,5285583
zapB_predicted,0.1,20,19,AATGGCCTAATAAGGTCCTA,1,5267256
zapB_predicted,0.10526315789473684,19,18,TTTCTCGTTGTTACAAGTTC,1,5287126
zapB_predicted,0.2631578947368421,22,18,TTTCATAGATAATGACTCGT,4,5269793
zapB_predicted,0.10526315789473684,19,18,TTTATCATCTTGGCCACAGG,1,5286607
zapB_predicted,0.15789473684210525,20,18,TTTAACAGAGCTGGTGTCAC,2,5265295
zapB_predicted,0.3684210526315789,24,18,TGTGCATCATTTATAGGGTT,6,5272196
zapB_predicted,0.6842105263157895,30,18,TGTCCTTGCTCCCCACCGAC,12,5282291
zapB_predicted,0.2631578947368421,22,18,TGGGCGGCGCGTACCGCTGA,4,5275911
zapB_predicted,0.10526315789473684,19,18,TGGCAATACGTCTGGTAGCT,1,5263474
zapB_predicted,0.10526315789473684,19,18,TGCGTTGGTTGCCGCTCGGT,1,5268212
zapB_predicted,0.7368421052631579,31,18,TGAGGCGCGGCAAATTGTAA,13,5265683
zapB_predicted,0.3684210526315789,24,18,TGACTTACAAGTCTCTGTCG,6,5269393
zapB_predicted,0.10526315789473684,19,18,TCTATCTACAGCATTGCTCT,1,5282084
zapB_predicted,0.10526315789473684,19,18,TCGAGCACTTCCATTGCGGT,1,5268283
zapB_predicted,0.15789473684210525,20,18,TCCGGTAAGTAGTCCCCTCA,2,5284356
zapB_predicted,0.21052631578947367,21,18,TCCGGAGTGGCCATGTGACT,3,5280968
zapB_predicted,0.15789473684210525,20,18,TATTGGGGGAGAGGATTTTG,2,5280934
zapB_predicted,0.47368421052631576,26,18,TATTCGTCTTGTCAATGGAT,8,5272267
zapB_predicted,0.2631578947368421,22,18,TATAGTCAGAATTTCATTAT,4,5272524
zapB_predicted,0.15789473684210525,20,18,TAATGACAGCAGGTGCTTAC,2,5270938
zapB_predicted,0.21052631578947367,21,18,TAAGCTTAAAGCGCGTTCTC,3,5266873
zapB_predicted,0.2631578947368421,22,18,TAAAGTGGGGATGGAGGGCT,4,5273621
zapB_predicted,0.10526315789473684,19,18,GTGCTTTCGGTGAATTAGAT,1,5276383
zapB_predicted,0.21052631578947367,21,18,GTGCGGGACCTCACAGAACC,3,5263925
zapB_predicted,0.3157894736842105,23,18,GTACAGATTCAGAAGAAGAC,5,5263140
zapB_predicted,0.3684210526315789,24,18,GTACAACGTATGTAAATTGT,6,5270580
zapB_predicted,0.15789473684210525,20,18,GGGAAGGCCACAGTTGGGGT,2,5267997
zapB_predicted,0.10526315789473684,19,18,GGATAGTATTCGCCTGATAC,1,5286958
zapB_predicted,0.47368421052631576,26,18,GCGCTACCTCTGCTATATGA,8,5280798
zapB_predicted,0.42105263157894735,25,18,GCGCGCAGGCCAGAACAACT,7,5267619
zapB_predicted,44.68421052631579,866,18,GCGAAATACTCATCGCGTAG,848,5278485
zapB_predicted,0.2631578947368421,22,18,GAGGGAAATACGGTGAGCCA,4,5268231
zapB_predicted,0.10526315789473684,19,18,GACGAGGGCGCTCGACTGGT,1,5264218
zapB_predicted,0.21052631578947367,21,18,CTTCTCATCGGCGTAGATAA,3,5284296
zapB_predicted,0.15789473684210525,20,18,CTGTAATACTCGGGACCGCA,2,5274179
zapB_predicted,0.8947368421052632,34,18,CTGCTCAGGAGTCAATGTGG,16,5284479
zapB_predicted,0.15789473684210525,20,18,CGTGCCCCAAGTTAGCTAGA,2,5271796
zapB_predicted,0.10526315789473684,19,18,CGACCGAGTTCTGACAGATA,1,5272791
zapB_predicted,0.21052631578947367,21,18,CCTATAGGGGGCGTGGATCT,3,5282300
zapB_predicted,0.631578947368421,29,18,CCGCCTTCCCTAGCCGCTGG,11,5282744
zapB_predicted,0.6842105263157895,30,18,CCCTGCGAGGTTGGATGGCG,12,5269483
zapB_predicted,0.15789473684210525,20,18,CCCCGAGCTCGTTTTAAAAG,2,5267088
zapB_predicted,0.10526315789473684,19,18,CCATTCAGTCAAGCAGCGAA,1,5284491
zapB_predicted,0.9473684210526315,35,18,CCAGGGAAAACTGTCATCAC,17,5282749
zapB_predicted,0.21052631578947367,21,18,CATATCCCCTACCAATTTAC,3,5278616
zapB_predicted,0.5263157894736842,27,18,CAGAAGGCATTAGTCAATCC,9,5269027
zapB_predicted,1.2105263157894737,40,18,CACCGCCCAAGGCGCACGCA,22,5282088
zapB_predicted,0.3684210526315789,24,18,CAAGGAAAGGAATACAGCAT,6,5280787
zapB_predicted,0.21052631578947367,21,18,ATCGTCAAAAACTGCCATGG,3,5278284
zapB_predicted,0.10526315789473684,19,18,ATCGAGGTGTTATACGCAGA,1,5285036
zapB_predicted,0.631578947368421,29,18,AGGTCCCCCCCGTTCTCTAT,11,5276312
zapB_predicted,1.0526315789473684,37,18,AGGGACACTGCCACCACCGA,19,5277092
zapB_predicted,0.21052631578947367,21,18,AGGCTACAAAAATCACGCTA,3,5267586
zapB_predicted,0.21052631578947367,21,18,AGCCGCTGACTACCGCAATA,3,5270988
zapB_predicted,0.21052631578947367,21,18,AGATGCATTGGTGTCCTAAC,3,5280113
zapB_predicted,0.10526315789473684,19,18,AGATGACGGAAGGTTATGCA,1,5280729
zapB_predicted,0.3684210526315789,24,18,AGAGCGATAAAGGACTGGCA,6,5267856
zapB_predicted,0.21052631578947367,21,18,ACTTTTATCTAGGGTTGGGT,3,5282658
zapB_predicted,0.21052631578947367,21,18,ACTTAATGTCAACAGCTTGC,3,5274488
zapB_predicted,2.1578947368421053,58,18,ACTGCGCAGGCAGCCTGTCC,40,5283363
zapB_predicted,0.15789473684210525,20,18,ACGTCAGCACTTACGGCTTA,2,5286243
zapB_predicted,0.21052631578947367,21,18,ACCATTTGGCCATATAGGTC,3,5278905
zapB_predicted,0.10526315789473684,19,18,AATGGCCCAGGCAAGAACAA,1,5268472
zapB_predicted,0.42105263157894735,25,18,AAGCACCTTGGGTCACACTT,7,5269931
zapB_predicted,0.5263157894736842,27,18,AACCTCATTCCAACAATGAA,9,5274703
zapB_predicted,0.15789473684210525,20,18,AAACCGGTATGGCGGCCACA,2,5264897
zapB_predicted,46.68421052631579,904,18,AAACATCACCGTCCTAAGTA,886,5271554
zapB_predicted,0.3684210526315789,24,18,AAAACTATTCGGGCAAGGAA,6,5263416
zapB_predicted,0.1111111111111111,18,17,TTTTAACGGAAGTGGGGCTA,1,5275431
zapB_predicted,0.2777777777777778,21,17,TTTGCTTAAACAGTGCCGTC,4,5263863
zapB_predicted,0.2777777777777778,21,17,TTTGACGTAGCCATCGACGA,4,5278258
zapB_predicted,1.6111111111111112,45,17,TTGTACTACGCCTGTTGAAT,28,5280844
zapB_predicted,0.1111111111111111,18,17,TTGGGCTCGATGACTATAGG,1,5278926
zapB_predicted,0.3888888888888889,23,17,TTGATCGATGCCAGGCGTGT,6,5264488
zapB_predicted,0.4444444444444444,24,17,TTCCAGGCACTGGCCCGTAT,7,5286612
zapB_predicted,0.2777777777777778,21,17,TTACGACCCTTCGTCTTATA,4,5283143
zapB_predicted,0.1111111111111111,18,17,TGTGCGTAGCTAAGGACCAC,1,5286095
zapB_predicted,49.05555555555556,899,17,TGGGAAGGGACATGGCTTAC,882,5269819
zapB_predicted,0.1111111111111111,18,17,TGGCCCCTTAGTGCTTTGAT,1,5285535
zapB_predicted,0.2222222222222222,20,17,TGCTATCGTCTTTGGGCTCA,3,5266856
zapB_predicted,0.1111111111111111,18,17,TGATCCAAAGCATATGTCTG,1,5265124
zapB_predicted,0.1111111111111111,18,17,TGATAACTGGATTTGGTAAG,1,5270003
zapB_predicted,0.16666666666666666,19,17,TGAAGAGAGATGACATCGGG,2,5280861
zapB_predicted,0.2222222222222222,20,17,TGAACGTAGACGTCGGCTGC,3,5286765
zapB_predicted,0.3888888888888889,23,17,TCTTAAGTCTGACCGCGCCG,6,5275148
zapB_predicted,0.5,25,17,TCTACACTTGTGTGGTAAGA,8,5276166
zapB_predicted,0.9444444444444444,33,17,TCGTGGGGAGTTAGCCGTAA,16,5281830
zapB_predicted,0.2777777777777778,21,17,TCGTACTGGCATACGGACAA,4,5271658
zapB_predicted,0.3333333333333333,22,17,TCGAATGAGCAGCGGACGTA,5,5268057
zapB_predicted,0.16666666666666666,19,17,TCCTGTACGGCGGAAGTTTG,2,5265979
zapB_predicted,0.16666666666666666,19,17,TCCCGCCCTGACCTCATACA,2,5264404
zapB_predicted,0.1111111111111111,18,17,TCCAGGCATTTTTGGTCCCT,1,5285747
zapB_predicted,0.2222222222222222,20,17,TCACTGACCTTAAGATCTCA,3,5268161
zapB_predicted,0.6111111111111112,27,17,GTCTATGTGGTTCCGATGGT,10,5275516
zapB_predicted,0.5555555555555556,26,17,GTCCTCCAACCTCTTCAGTT,9,5277961
zapB_predicted,0.2222222222222222,20,17,GTCACCAAGGTCCACTTTTA,3,5265533
zapB_predicted,0.16666666666666666,19,17,GGTGCTAGATATTTTGCCGT,2,5272914
zapB_predicted,0.3888888888888889,23,17,GGTCCCAGGCCGAGCGACGA,6,5267174
zapB_predicted,1.0555555555555556,35,17,GGCTCTGTTGATTACCGCAA,18,5281515
zapB_predicted,0.1111111111111111,18,17,GGCGGTTTTTGAAGATAAGG,1,5266037
zapB_predicted,0.5555555555555556,26,17,GGCCGTCACACACGTGTAAC,9,5263401
zapB_predicted,0.5,25,17,GGCCAGACGTGGTCGTCTTC,8,5265302
zapB_predicted,0.1111111111111111,18,17,GGAGCAAGTGGCAGTTTGCC,1,5268710
zapB_predicted,0.16666666666666666,19,17,GCTTAAATGTGACGACAGGT,2,5268569
zapB_predicted,0.2222222222222222,20,17,GCTGAAGGAAGTTCGATAAG,3,5267282
zapB_predicted,0.16666666666666666,19,17,GCTAGGCCCGAGGCCGTACA,2,5273926
zapB_predicted,0.16666666666666666,19,17,GCGTTGAATGCTCCCACTCC,2,5287657
zapB_predicted,1.2777777777777777,39,17,GCGGCTCGCGCCAAATCATG,22,5268054
zapB_predicted,0.3333333333333333,22,17,GCCTCGCTTCGAAAGAGGAG,5,5279920
zapB_predicted,0.8888888888888888,32,17,GCCGTATGACCTCCAGAGAT,15,5270576
zapB_predicted,0.1111111111111111,18,17,GCCGCATTTCATATAATGTA,1,5267082
zapB_predicted,0.2222222222222222,20,17,GCCGATCGCTGTGACGGGCT,3,5279822
zapB_predicted,0.1111111111111111,18,17,GCCAACAAGCATCCGCCTTG,1,5270695
zapB_predicted,0.1111111111111111,18,17,GCAGTCCCGGAAATAATTAA,1,5272099
zapB_predicted,0.3333333333333333,22,17,GCACGGTACATGTACATCTA,5,5277974
zapB_predicted,0.16666666666666666,19,17,GAGTAGGGCTACTCTTTTAT,2,5278056
zapB_predicted,0.3333333333333333,22,17,GAGGACGGGGTCAATGCCAC,5,5268935
zapB_predicted,0.16666666666666666,19,17,GAGCTTTTAACATTGTGCCG,2,5280110
zapB_predicted,0.1111111111111111,18,17,GAGCCGAACAGAGGGCCTCA,1,5273243
zapB_predicted,0.3333333333333333,22,17,GAATCATCCATAGGTTCGGG,5,5279933
zapB_predicted,0.2777777777777778,21,17,GAAGGGCTTCGTCCAGATAG,4,5285251
zapB_predicted,0.16666666666666666,19,17,GAAGGATATCCGCAAACTCA,2,5280438
zapB_predicted,0.2222222222222222,20,17,GAAACTGTCATTGTCATGTT,3,5275606
zapB_predicted,0.6111111111111112,27,17,CTTCAGACCGTTAGTCGGAG,10,5282071
zapB_predicted,0.16666666666666666,19,17,CTTACAGTTGACGTGCTACT,2,5273093
zapB_predicted,0.5555555555555556,26,17,CTGGGCAGCGCCGGGTGTAA,9,5278741
zapB_predicted,0.1111111111111111,18,17,CTACCTGAACAGCGCCTGCA,1,5271624
zapB_predicted,0.16666666666666666,19,17,CGTTCTTCTCAAACTCATAT,2,5270555
zapB_predicted,0.5555555555555556,26,17,CGTAAGAGCTTTGTCTCGCA,9,5263845
zapB_predicted,0.1111111111111111,18,17,CGGCAGAATCTGCCGCGGGA,1,5263880
zapB_predicted,0.1111111111111111,18,17,CGGAATCGCGCGCCGATAAC,1,5271246
zapB_predicted,0.5,25,17,CGCTAGCGACCGGCCGATGT,8,5277881
zapB_predicted,0.1111111111111111,18,17,CGATTGACTGTTAAGGGCGT,1,5274649
zapB_predicted,0.1111111111111111,18,17,CCTGAAGGCGCAAAAATTGA,1,5287074
zapB_predicted,0.1111111111111111,18,17,CCTAGTGCGAGAAGTGGGGT,1,5276780
zapB_predicted,0.2777777777777778,21,17,CCATCAACCTCGCGACCTAT,4,5267077
zapB_predicted,1.0,34,17,CCAAGTACGGGAGGGTGACC,17,5263329
zapB_predicted,0.16666666666666666,19,17,CAGGCACAGGGGTAACGCAA,2,5280970
zapB_predicted,0.2222222222222222,20,17,CAGCCAGGGGTGTTTTGTAA,3,5264773
zapB_predicted,0.1111111111111111,18,17,CAGAATACGTACGCCGAACA,1,5271211
zapB_predicted,0.16666666666666666,19,17,CACAAGAGACTCGTATCCGC,2,5280424
zapB_predicted,0.5,25,17,CAAAGCCTCAACCTTCGTGC,8,5272563
zapB_predicted,0.3333333333333333,22,17,ATGTTTGGCCCACTCCGATT,5,5277374
zapB_predicted,0.3888888888888889,23,17,ATGAAATGGGATATGGGAGT,6,5273617
zapB_predicted,0.16666666666666666,19,17,ATCTTTTGTCACCTGAGTGA,2,5267331
zapB_predicted,0.2222222222222222,20,17,ATCCTCTTCATTTCATGTGC,3,5279751
zapB_predicted,0.2222222222222222,20,17,ATATATTTCCTTGACGGGCA,3,5268473
zapB_predicted,0.1111111111111111,18,17,ATAGACCAAAGAGGGGCCAC,1,5270897
zapB_predicted,0.2777777777777778,21,17,AGGAAAGTCGAGCACGTCTA,4,5279449
zapB_predicted,0.2222222222222222,20,17,AGCCGGATTGGAACGCCACG,3,5265071
zapB_predicted,0.2777777777777778,21,17,ACTATTCTTCGACGTTATGG,4,5281596
zapB_predicted,0.16666666666666666,19,17,ACTACATAGGCAATATGCCG,2,5276555
zapB_predicted,0.1111111111111111,18,17,ACAGCACCTATTGGCACCTT,1,5286458
zapB_predicted,0.1111111111111111,18,17,ACAGAGAGCACATCGCTTGC,1,5287268
zapB_predicted,0.3888888888888889,23,17,ACAAGGCCGAGCCCCTTTGC,6,5265417
zapB_predicted,0.2777777777777778,21,17,AATGCTGCGCCTCGCTCACA,4,5284822
zapB_predicted,0.2222222222222222,20,17,AATGAGCAATTGCAACCCTC,3,5272948
zapB_predicted,0.3333333333333333,22,17,AATCCATTATCAGGACCAGA,5,5277894
zapB_predicted,45.94444444444444,843,17,AATCATTTACATACGTTTCT,826,5271313
zapB_predicted,0.5,25,17,AACTTTGAAACTGATAGCCG,8,5266419
zapB_predicted,0.3333333333333333,22,17,AACGAGAGGGGGAGGTGTTA,5,5273559
zapB_predicted,0.2777777777777778,21,17,AACCCAACATGGTTGGGTTT,4,5269072
zapB_predicted,0.5,25,17,AAATTTAGGGCGTTGTAACC,8,5275979
zapB_predicted,0.16666666666666666,19,17,AAAGTACTTAACCAAGTTAC,2,5270498
zapB_predicted,0.35294117647058826,21,16,TTTTGCTAACCGCGTCTGAT,5,5269664
zapB_predicted,0.5294117647058824,24,16,TTTTCCCATGTGCACGGAAT,8,5286178
zapB_predicted,0.23529411764705882,19,16,TTGTTTTCAAGTGCGTCTGC,3,5279649
zapB_predicted,0.4117647058823529,22,16,TTCGCGTCACACGTGGAGTA,6,5269795
zapB_predicted,0.4117647058823529,22,16,TTCGCCGAGCCCAGCGCGTT,6,5263126
zapB_predicted,0.11764705882352941,17,16,TTATCTTACCGGGGTCTCAC,1,5264330
zapB_predicted,0.17647058823529413,18,16,TGTCTGGTTTTGCTTAAGGC,2,5284855
zapB_predicted,0.4117647058823529,22,16,TGTAGGGCCGATAAGAACTT,6,5270121
zapB_predicted,0.7647058823529411,28,16,TGCCCCTATAGGCCCGGCGA,12,5273015
zapB_predicted,0.17647058823529413,18,16,TGCAGGCTGCTCAGGTCAAT,2,5285402
zapB_predicted,0.4117647058823529,22,16,TGCAAATCCGGGCAGCTCGG,6,5264351
zapB_predicted,0.11764705882352941,17,16,TGAGTCCTAATATTGCCTGC,1,5265629
zapB_predicted,0.11764705882352941,17,16,TGAGAGGGACTTGTATTTGC,1,5284413
zapB_predicted,1.1764705882352942,35,16,TCCTATATACTACCCCGCGA,19,5264792
zapB_predicted,0.4117647058823529,22,16,TCCGGCAGGTCTCTAGTATC,6,5282783
zapB_predicted,1.0588235294117647,33,16,TCAGGACATTATCGCTTGTT,17,5288282
zapB_predicted,0.11764705882352941,17,16,TCACGAAGCTATAATTGGTA,1,5263452
zapB_predicted,0.11764705882352941,17,16,TATCCAGCATGGAGTGTTAC,1,5268409
zapB_predicted,1.1176470588235294,34,16,TATATAATGTATGCTTCAAC,18,5264487
zapB_predicted,0.11764705882352941,17,16,TAGCGGTCTGAATGTATCTG,1,5268277
zapB_predicted,1.1176470588235294,34,16,TACGATCGTGCGAAGCGAAA,18,5274485
zapB_predicted,0.7058823529411765,27,16,TACATAATGAGTCTGGGCCT,11,5270471
zapB_predicted,0.17647058823529413,18,16,TAAGGCCTTAATACAAATGT,2,5271028
zapB_predicted,1.0,32,16,TAAGAGGAGAAGAACATGCT,16,5269899
zapB_predicted,0.4117647058823529,22,16,TAACGACGGAGCCAAGTCGT,6,5278078
zapB_predicted,0.35294117647058826,21,16,GTTGAGTCATCCCTATATAC,5,5288283
zapB_predicted,0.17647058823529413,18,16,GTGTATTTCATGGGCACCCA,2,5270983
zapB_predicted,0.23529411764705882,19,16,GTCTGGACTGGGGTCAAGGG,3,5274840
zapB_predicted,0.4117647058823529,22,16,GTCATACCCGCGAAATTGTC,6,5282143
zapB_predicted,0.11764705882352941,17,16,GTCACTTATGGACTCCTACT,1,5265074
zapB_predicted,0.6470588235294118,26,16,GTAGATTCCGGTGATAGAAC,10,5263359
zapB_predicted,0.23529411764705882,19,16,GGTTGCCCGAAGTGGAATTG,3,5282796
zapB_predicted,0.11764705882352941,17,16,GGGGCCTCCGTTTGGGAGTG,1,5263272
zapB_predicted,0.11764705882352941,17,16,GGGGAAACGCTACGGGAACC,1,5265836
zapB_predicted,0.11764705882352941,17,16,GGGCTGCTTTATACAAAGGT,1,5284057
zapB_predicted,0.17647058823529413,18,16,GCTTGGGTCTTCAAAAAGGG,2,5271011
zapB_predicted,0.23529411764705882,19,16,GCTCTTTGAGCCTTAAGACA,3,5279480
zapB_predicted,0.23529411764705882,19,16,GCTCTGTGTTAATGATCTTA,3,5274778
zapB_predicted,0.17647058823529413,18,16,GCGTACTCTTTGCTGCTCAC,2,5283878
zapB_predicted,0.11764705882352941,17,16,GCGGCGTCCTCGGCCCCCGG,1,5286909
zapB_predicted,0.47058823529411764,23,16,GCGCGAGATCGGGAAGTATA,7,5269150
zapB_predicted,0.11764705882352941,17,16,GCCATGCGTGAGCGTTCTAC,1,5267420
zapB_predicted,0.11764705882352941,17,16,GCATTTGCCGAGGACCTACG,1,5263260
zapB_predicted,0.11764705882352941,17,16,GCACTCGAGCAATGCGAGAC,1,5280864
zapB_predicted,0.35294117647058826,21,16,GATATTTGATCTGAAATTAT,5,5283842
zapB_predicted,0.23529411764705882,19,16,GATATACACAATGGGCAAAA,3,5277143
zapB_predicted,0.35294117647058826,21,16,GAGGTACACTTAACGGGGCA,5,5265383
zapB_predicted,0.11764705882352941,17,16,GAGAGTCGCATATTGAACTA,1,5279893
zapB_predicted,0.29411764705882354,20,16,GACTGACGAAACTTGTAAGG,4,5285191
zapB_predicted,100.3529411764706,1721,16,GACGTTCGGTTATTGGAGGA,1705,5284797
zapB_predicted,5.117647058823529,102,16,GACGTCACTGCGCATAGAAT,86,5287560
zapB_predicted,0.35294117647058826,21,16,GACGTAGGTACAGGGAACCA,5,5278686
zapB_predicted,0.5294117647058824,24,16,GAATACGTGATTGATCCAAT,8,5277479
zapB_predicted,0.17647058823529413,18,16,GAAGGTAGTTGTTGTTCAGC,2,5265202
zapB_predicted,0.11764705882352941,17,16,GAAGAGACTCGTGAACGGTC,1,5269252
zapB_predicted,0.11764705882352941,17,16,CTTACCACTTGGATATTAGA,1,5263083
zapB_predicted,0.17647058823529413,18,16,CTTAACCTCGCCTGTAAACT,2,5279706
zapB_predicted,0.11764705882352941,17,16,CTGTGTAGCCGCAGCCTAGC,1,5264095
zapB_predicted,0.17647058823529413,18,16,CTCTGTGCTCCAAAAGCCTT,2,5274746
zapB_predicted,0.29411764705882354,20,16,CTCGTTATATATCCGCATAA,4,5285121
zapB_predicted,0.47058823529411764,23,16,CTATGAGGTACCGCCAAATA,7,5270149
zapB_predicted,0.23529411764705882,19,16,CTAACGCCAAATTTTGTCTC,3,5288326
zapB_predicted,0.17647058823529413,18,16,CTAACATTCACTGTAATCGA,2,5280599
zapB_predicted,0.17647058823529413,18,16,CGTTGTTCCGCGACGGTGGT,2,5271956
zapB_predicted,0.17647058823529413,18,16,CGTTCACCCCGGTGCGTCGA,2,5283755
zapB_predicted,0.29411764705882354,20,16,CGTGCAGCGGGAAATACTCT,4,5278809
zapB_predicted,0.23529411764705882,19,16,CGCGGGGGCAACGACCGAAT,3,5281315
zapB_predicted,0.35294117647058826,21,16,CCTGCATGCGCGGGTCGAGG,5,5288392
zapB_predicted,0.23529411764705882,19,16,CCTGCAGCATCTGTCCAAGC,3,5270479
zapB_predicted,0.4117647058823529,22,16,CCCTATATCTTTGATCATGC,6,5276670
zapB_predicted,0.11764705882352941,17,16,CCCACCCCGCACCGGACAGG,1,5276418
zapB_predicted,0.23529411764705882,19,16,CCATGGGGCCACCCCGTTGT,3,5270203
zapB_predicted,0.17647058823529413,18,16,CCATCTCGGCGGCCAGGTAG,2,5281254
zapB_predicted,0.11764705882352941,17,16,CATGGTGTACAGACTGTTGT,1,5265072
zapB_predicted,0.35294117647058826,21,16,CATGGTCTCACCAGGGGAAG,5,5265210
zapB_predicted,0.35294117647058826,21,16,CATGCCACCCACATTCAGAT,5,5283566
zapB_predicted,0.11764705882352941,17,16,CAGGACGGGGCACCGATCCT,1,5280173
zapB_predicted,0.23529411764705882,19,16,CACCTAGTTTCTCTTATGGT,3,5269575
zapB_predicted,0.4117647058823529,22,16,CACCCGGGGTGTTTACCACT,6,5284747
zapB_predicted,0.11764705882352941,17,16,CAAATCGAGAAGGAACTTTT,1,5281949
zapB_predicted,0.23529411764705882,19,16,ATTACCTACAGTCAGGGACG,3,5268510
zapB_predicted,0.17647058823529413,18,16,ATGTGTGATGTTTTCAGCAG,2,5274781
zapB_predicted,0.47058823529411764,23,16,ATGATTTACCTTACCGGTAG,7,5280260
zapB_predicted,0.23529411764705882,19,16,ATCGCTCCAATCGAGCGGTG,3,5277900
zapB_predicted,0.23529411764705882,19,16,ATACAGATTGGTCTGTAGCT,3,5270975
zapB_predicted,0.23529411764705882,19,16,AGTGTAGTGCCTAGAGCGTT,3,5282855
zapB_predicted,0.11764705882352941,17,16,AGGTTTCAGTGGATAGTCAA,1,5269435
zapB_predicted,0.29411764705882354,20,16,AGGCGCACCATCCTCTTATT,4,5285298
zapB_predicted,0.11764705882352941,17,16,AGGACTCGCCAATCACCGAA,1,5285552
zapB_predicted,0.29411764705882354,20,16,AGCTAGGGAAAGGTATTTTG,4,5286280
zapB_predicted,60.705882352941174,1047,16,AGCGTGTGATTTAGAACTCG,1031,5281110
zapB_predicted,0.35294117647058826,21,16,ACTACGATCTTGACCAGTCT,5,5281222
zapB_predicted,0.11764705882352941,17,16,ACTACCCGAGCGTTCAAATT,1,5269663
zapB_predicted,0.11764705882352941,17,16,ACTAAGCGGGGGTGATACTA,1,5273305
zapB_predicted,0.23529411764705882,19,16,ACGTAACAGGCGGGGCGGTC,3,5286267
zapB_predicted,0.5294117647058824,24,16,ACGCACCACTAAGAAACCGA,8,5267975
zapB_predicted,0.29411764705882354,20,16,ACCCCTACGCAAATAAGACT,4,5288317
zapB_predicted,0.11764705882352941,17,16,ACCCAACCGGAAAACTTTAT,1,5287578
zapB_predicted,0.23529411764705882,19,16,ACATCTCGAGCAGGCCGGTG,3,5273855
zapB_predicted,2.4705882352941178,57,16,AATCTAAGCTCAGCTGCATC,41,5274306
zapB_predicted,0.11764705882352941,17,16,AATCACGCCTCCCATTTTTA,1,5283245
zapB_predicted,1.2352941176470589,36,16,AAGATTGGAGATGTAGGGTT,20,5285326
zapB_predicted,0.11764705882352941,17,16,AACACCAACGGGGCGAAAGA,1,5286229
zapB_predicted,0.11764705882352941,17,16,AAACATATGGTAACGTACCA,1,5275696
zapB_predicted,0.29411764705882354,20,16,AAACACCCAGATATAAGTAC,4,5267264
zapB_predicted,0.3125,19,15,TTTATATCCTATTCGATACT,4,5280578
zapB_predicted,0.3125,19,15,TTGACGAATCTTCCGACCGT,4,5283095
zapB_predicted,0.125,16,15,TTGAACTTCAGGATTTACGG,1,5281710
zapB_predicted,0.5625,23,15,TTAATCACAGGTACAGGTGT,8,5271073
zapB_predicted,0.125,16,15,TTAACACGAAGGTCGGCGAT,1,5269920
zapB_predicted,0.125,16,15,TGTCCGCAAAAACAAAAGCT,1,5280908
zapB_predicted,0.125,16,15,TGGTAATGATGGGGATGTTG,1,5284609
zapB_predicted,0.25,18,15,TGGGTGCTCGCTGGGCTGCA,3,5273583
zapB_predicted,0.4375,21,15,TGGCACTGAGTGACCGAAGA,6,5268083
zapB_predicted,0.6875,25,15,TGCTTGGCAAATGGTCGCGC,10,5269773
zapB_predicted,0.125,16,15,TGCTTCCGTCGGCTATACAG,1,5278922
zapB_predicted,0.25,18,15,TGAGTGTGGACAGTTAGTCA,3,5263123
zapB_predicted,0.1875,17,15,TCTTAATCGGTTGGCCTAGT,2,5280055
zapB_predicted,0.1875,17,15,TCGGTGCGCTCCGGTGTACA,2,5278848
zapB_predicted,0.125,16,15,TCGCAAAGGTCCCAAGCCCA,1,5267094
zapB_predicted,0.3125,19,15,TCGAACAGTTAGTCCAGGGG,4,5276887
zapB_predicted,0.375,20,15,TATCTCCAACAGATAAAGGC,5,5268372
zapB_predicted,0.125,16,15,TAGAGCCGTGTAATTGGCAG,1,5263902
zapB_predicted,0.5,22,15,TACGGGGCTGTTCATGTCAA,7,5274173
zapB_predicted,0.5625,23,15,TACCGCGACGACTGTTCATG,8,5281516
zapB_predicted,0.1875,17,15,GTTCCATGTACACTAAGCTG,2,5268895
zapB_predicted,0.125,16,15,GTGGGTCCGTGGGTGGAAAT,1,5267652
zapB_predicted,0.1875,17,15,GTGACCCAATAGGTACATTA,2,5272764
zapB_predicted,0.8125,27,15,GTCGTGATTGGTCAACGGCA,12,5268282
zapB_predicted,0.25,18,15,GTAGGGAGTGCGATGAATTG,3,5267959
zapB_predicted,0.4375,21,15,GGTTATAGCCTAGTAGCGGG,6,5276865
zapB_predicted,0.4375,21,15,GGGTACAACCCCAATAAACA,6,5287220
zapB_predicted,0.1875,17,15,GGGAACGGTGTCCTCTCACT,2,5283401
zapB_predicted,57.875,940,15,GGCTGATTTGCTATGCAAAC,925,5284189
zapB_predicted,0.25,18,15,GCTGAATAGGCTCCCGCATC,3,5267414
zapB_predicted,0.125,16,15,GCGGCTATTGTGGAGGGTAT,1,5272194
zapB_predicted,0.25,18,15,GCGCTACCTCGCCTACGTGG,3,5276863
zapB_predicted,0.375,20,15,GCCATGTCTAGCCTTGGGGA,5,5277149
zapB_predicted,0.125,16,15,GCCAAAAGATATGGCGTTGC,1,5275955
zapB_predicted,0.1875,17,15,GCACGCTGTTTTCGATGGGA,2,5285763
zapB_predicted,0.1875,17,15,GCAAGTGTAGGTGCTTACTC,2,5279012
zapB_predicted,0.3125,19,15,GATCTTCACCATTTATTTAT,4,5271643
zapB_predicted,0.4375,21,15,GAGTTCAAATCTGTCCTCTT,6,5269792
zapB_predicted,0.125,16,15,GACATACGAATATCTGGTTG,1,5270917
zapB_predicted,0.1875,17,15,GACACACGATTTGTGCTAAC,2,5276510
zapB_predicted,0.3125,19,15,GAAGGCCTATTGTATACAAC,4,5271816
zapB_predicted,0.25,18,15,GAAAGCTGGCGCCATCCGTT,3,5277986
zapB_predicted,0.25,18,15,CTTTTTAGTCTTCAGTATGT,3,5269222
zapB_predicted,0.75,26,15,CTTTAAGACCAAATATTATA,11,5279285
zapB_predicted,0.125,16,15,CTTCTACGGAAAACGCACAG,1,5267455
zapB_predicted,0.5625,23,15,CTTCGCCAATCCTTAATCAG,8,5276344
zapB_predicted,0.5625,23,15,CTGGCGTACGGTACAATGAG,8,5267881
zapB_predicted,0.125,16,15,CGTCTTAAAGTTGTACAGGA,1,5282519
zapB_predicted,0.3125,19,15,CGTCGGACGTAAGCGGTGTC,4,5280666
zapB_predicted,0.25,18,15,CGTATAGGTAGAGTTCAGCA,3,5264785
zapB_predicted,0.125,16,15,CGTAATAAGTGAACGGACAG,1,5284133
zapB_predicted,0.125,16,15,CGGGTCGGGTCCCTTTTCGA,1,5274549
zapB_predicted,0.3125,19,15,CGAATGATCAATCCGGTACT,4,5284922
zapB_predicted,0.125,16,15,CCTTTTGCCCGGAGCAAGAG,1,5268304
zapB_predicted,0.25,18,15,CCTCATCTTTCAGCGCATGG,3,5277144
zapB_predicted,0.125,16,15,CCTACGCGTCTAGAAAATAA,1,5278950
zapB_predicted,0.125,16,15,CCGTAACACTCTCGGCGCCA,1,5283159
zapB_predicted,0.3125,19,15,CCGGTCATTAAGGGGTGTCT,4,5268838
zapB_predicted,0.1875,17,15,CCGGGTCTAAGAAATAGGTA,2,5270630
zapB_predicted,0.4375,21,15,CCGAAACTGCCGCGGGTTAG,6,5267736
zapB_predicted,49.125,800,15,CAGGCCAGCTCAGACCCGGT,785,5276486
zapB_predicted,0.1875,17,15,CAGCGTATTACGGGTTTATC,2,5273825
zapB_predicted,0.25,18,15,CAGAGTCTTAGAATAAAAAG,3,5279560
zapB_predicted,0.375,20,15,CAAGTGCTGGCCTGTCAGGG,5,5285165
zapB_predicted,0.1875,17,15,CAAACACTGCTTCCGCTTCA,2,5275544
zapB_predicted,0.3125,19,15,ATGCCTCTATGAGGTGCTGC,4,5263635
zapB_predicted,0.4375,21,15,ATCATCTTGTCTTAGCTTGC,6,5279593
zapB_predicted,0.1875,17,15,ATAAAAAGCGAGCCTATCAG,2,5265743
zapB_predicted,0.125,16,15,AGTGCGGACGTGGCTATTCC,1,5279616
zapB_predicted,0.125,16,15,AGGGGCAGGGGCTAGGAAAA,1,5265121
zapB_predicted,0.4375,21,15,AGGGCGGCGTCGCTGTCACA,6,5284741
zapB_predicted,0.1875,17,15,AGGCTTGTCTGGTACTTATC,2,5282031
zapB_predicted,0.125,16,15,AGCTGCTGCACCCCCGACCG,1,5282222
zapB_predicted,0.75,26,15,AGCGCACAGGATGTTTATTA,11,5273967
zapB_predicted,0.1875,17,15,AGCACTGCGTTGCATATAGA,2,5268864
zapB_predicted,0.125,16,15,ACTTACAGCCAAGATGCTGT,1,5272809
zapB_predicted,0.3125,19,15,ACGTTACCTACCAAAACGTT,4,5274768
zapB_predicted,0.25,18,15,ACCAGGAAATGCCGACTTGT,3,5283814
zapB_predicted,0.1875,17,15,ACCAAATCACGAGCCGATTA,2,5269753
zapB_predicted,0.1875,17,15,ACACCTATGAGAATAGTTAA,2,5271055
zapB_predicted,0.125,16,15,AATTTTGCGTTGTTTGCTCA,1,5263086
zapB_predicted,0.3125,19,15,AATTAAACCCGAGATTAAAT,4,5277914
zapB_predicted,0.25,18,15,AATGCCACGAATAGTCGGCG,3,5274449
zapB_predicted,0.3125,19,15,AATCGCCTTACTTGATAGGT,4,5264412
zapB_predicted,0.1875,17,15,AATCGAGATTTTAGTGACGT,2,5281915
zapB_predicted,0.6875,25,15,AAGTGATGTCGCTTTCCCGA,10,5277386
zapB_predicted,0.125,16,15,AAAATCCAGCGACTGTGTTG,1,5281212
zapB_predicted,0.26666666666666666,17,14,TTTTACCGGGCTTCTGAGGG,3,5263999
zapB_predicted,0.3333333333333333,18,14,TTGATTAACATTCGCTATGC,4,5283740
zapB_predicted,0.2,16,14,TTCTAACATGTGTTCCGTCT,2,5274976
zapB_predicted,0.13333333333333333,15,14,TTCGGTAACCAGGTCGCGCG,1,5275093
zapB_predicted,0.2,16,14,TTATTCTATTATTACGAGAG,2,5286653
zapB_predicted,0.3333333333333333,18,14,TTAGGGAGTGTATCAATGTT,4,5268378
zapB_predicted,0.7333333333333333,24,14,TGGTGAGCACCTCATCACCC,10,5267999
zapB_predicted,0.4,19,14,TGATCCTCATTCCAGTGCGG,5,5276240
zapB_predicted,0.2,16,14,TCTTGACTCCTGAGTAGTTA,2,5271156
zapB_predicted,0.4666666666666667,20,14,TCTGGTCTGGTGTAGACTGA,6,5269312
zapB_predicted,0.3333333333333333,18,14,TCTCCAAGCGATTGATAGTC,4,5268447
zapB_predicted,0.13333333333333333,15,14,TCGCGCCCATCCCGTCACAG,1,5263363
zapB_predicted,0.13333333333333333,15,14,TCGATAGTCTAGTCTCTAAT,1,5266669
zapB_predicted,0.13333333333333333,15,14,TCCAAGCAACATTTAAACGT,1,5281623
zapB_predicted,0.26666666666666666,17,14,TCATTATGGGAGACGATAAC,3,5278396
zapB_predicted,0.13333333333333333,15,14,TCACAAACATAGACTACTCT,1,5275175
zapB_predicted,0.13333333333333333,15,14,TAGGCTGAGTCCTGAAGATT,1,5275563
zapB_predicted,0.13333333333333333,15,14,TACGGCGCCCGTTGTGCACT,1,5285816
zapB_predicted,0.26666666666666666,17,14,TACGGAAGGTAATGGACTGC,3,5285859
zapB_predicted,0.4,19,14,TAACTCCCGCCAACGTCAAA,5,5272979
zapB_predicted,0.13333333333333333,15,14,GTTGGTGTCTGCACTTGGAT,1,5267998
zapB_predicted,0.2,16,14,GTTGCCTGTCTGTCTACCGT,2,5266085
zapB_predicted,0.9333333333333333,27,14,GTTCTACTTGCAGACCATTA,13,5270805
zapB_predicted,0.2,16,14,GTTATAGTCGCCTGCATATA,2,5264161
zapB_predicted,0.3333333333333333,18,14,GTTACGTATCTGACCGTGTT,4,5278628
zapB_predicted,0.2,16,14,GTTACGAGACTAGGTCTCTA,2,5279004
zapB_predicted,0.2,16,14,GTTACATTGGGGACAAGGGA,2,5286044
zapB_predicted,0.2,16,14,GTGTTCCACCGTATGCGCAT,2,5272483
zapB_predicted,0.4,19,14,GTATTCTTATAGGTTGCTTT,5,5287382
zapB_predicted,0.3333333333333333,18,14,GGTGGTCTTGGATAGCACCG,4,5287824
zapB_predicted,0.2,16,14,GGGCTTTACCACGGTCAGTT,2,5274320
zapB_predicted,0.13333333333333333,15,14,GGATAATTTTTCCCGGCCAA,1,5281139
zapB_predicted,0.13333333333333333,15,14,GGAACCGCGAGGCGTACAGC,1,5275159
zapB_predicted,0.2,16,14,GGAAAGGCGGACAAAATGCG,2,5268524
zapB_predicted,94.66666666666667,1433,14,GCTCCTTGAGAAAGGGGTAA,1419,5280835
zapB_predicted,0.2,16,14,GCGGTAGAGCGACGCGAGTA,2,5278346
zapB_predicted,0.13333333333333333,15,14,GCGATGATAAGATGTTCGAT,1,5269760
zapB_predicted,0.4666666666666667,20,14,GCCCGGCCGAATGGTTACGA,6,5268332
zapB_predicted,0.4,19,14,GCCACCTGGGGTTCAGACTT,5,5270071
zapB_predicted,0.26666666666666666,17,14,GCATACGTCGCTACAAGTCG,3,5269964
zapB_predicted,0.4666666666666667,20,14,GCATAACGGCGCCGAGTTGA,6,5282607
zapB_predicted,0.5333333333333333,21,14,GCAGTTAATCTCACATTTGC,7,5273000
zapB_predicted,0.3333333333333333,18,14,GCACGAGAACTATACCGTGG,4,5273111
zapB_predicted,0.2,16,14,GCACAGTTCGACATTGTGAA,2,5270566
zapB_predicted,0.13333333333333333,15,14,GAGCTCTCAGGGTAAGTTAT,1,5269433
zapB_predicted,0.13333333333333333,15,14,GAGAGCGCTAACTAATCCCA,1,5273286
zapB_predicted,58.93333333333333,897,14,GACATTACTCAATGAGGTTA,883,5286311
zapB_predicted,0.26666666666666666,17,14,GACATCGCACAGGTGAACGT,3,5264077
zapB_predicted,0.5333333333333333,21,14,GAATAAGTACAGTCATACGC,7,5271728
zapB_predicted,0.2,16,14,GAACTAGAACTGTAGCGGCG,2,5268674
zapB_predicted,0.13333333333333333,15,14,GAACGCCTACCACTCCTTGA,1,5271470
zapB_predicted,0.4666666666666667,20,14,GAACCGCGGATTCCTCAAAG,6,5281347
zapB_predicted,0.3333333333333333,18,14,GAAATGTGACATAGAAGCGA,4,5271701
zapB_predicted,0.13333333333333333,15,14,CTTATAGCATTGGTCGATCT,1,5278270
zapB_predicted,0.4666666666666667,20,14,CTTAAATAGCTTAACCCTAG,6,5271416
zapB_predicted,0.13333333333333333,15,14,CTGTTCAATTGGCATTAGGG,1,5273003
zapB_predicted,0.26666666666666666,17,14,CTCTTATTTAGCCCCTGGAC,3,5275412
zapB_predicted,0.3333333333333333,18,14,CTCCTCTTTAAGGAGGTTTA,4,5271026
zapB_predicted,1.9333333333333333,42,14,CTAGATCGCCTCCGAGTCCT,28,5287159
zapB_predicted,0.13333333333333333,15,14,CTACCTTGTCCATTAGTCTG,1,5287936
zapB_predicted,0.26666666666666666,17,14,CGGCTACCAGGGCCTTGTTC,3,5264011
zapB_predicted,0.5333333333333333,21,14,CGGAGCAATAGAGGCGGCCT,7,5272134
zapB_predicted,0.26666666666666666,17,14,CGCGGGGGGGTCGCCCTGTG,3,5266645
zapB_predicted,0.3333333333333333,18,14,CGATTATGAGTTATGATCCA,4,5273226
zapB_predicted,2.466666666666667,50,14,CGATGAGGCGTAGGACATGA,36,5266994
zapB_predicted,0.13333333333333333,15,14,CGAGTTGTTTTAAATCTAGA,1,5280555
zapB_predicted,0.2,16,14,CGAGAGCCGAGACAATCGCA,2,5270893
zapB_predicted,0.7333333333333333,24,14,CCTTCATCCCGCGCCGGCCC,10,5286375
zapB_predicted,0.4,19,14,CCTCCCGTAGCTCGAGAGGT,5,5263909
zapB_predicted,0.13333333333333333,15,14,CCTATGGATAGGCTCAATGG,1,5269493
zapB_predicted,0.8,25,14,CCCAACCAGTGTCAAAAAGC,11,5283369
zapB_predicted,0.2,16,14,CATCGAGAGGCTCCTAGTAC,2,5280108
zapB_predicted,0.13333333333333333,15,14,CACTGAACCAGTTTTCATTT,1,5272916
zapB_predicted,0.13333333333333333,15,14,CAATACTCGTACCGGGGTTT,1,5270097
zapB_predicted,0.13333333333333333,15,14,CAACTACAACGATGATTGCA,1,5275689
zapB_predicted,0.4666666666666667,20,14,CAACAAAAATGGTTCCACCA,6,5273313
zapB_predicted,0.2,16,14,CAAAATGAGAAATTCGTGGA,2,5285660
zapB_predicted,0.13333333333333333,15,14,ATTCTAGACGTGAAGCACGA,1,5277466
zapB_predicted,0.3333333333333333,18,14,ATTCAGTACACAAGTCGCAT,4,5270047
zapB_predicted,0.2,16,14,ATTATCTCCGAGGGAGGACA,2,5269799
zapB_predicted,0.13333333333333333,15,14,ATTAGTTATCACGCTTCATT,1,5264717
zapB_predicted,0.6,22,14,ATTAGTCGCCCCGTGTACCG,8,5274815
zapB_predicted,0.13333333333333333,15,14,ATGTACCCTGAAAACCATGT,1,5275369
zapB_predicted,0.13333333333333333,15,14,ATGGGAGAGGTTCTGTGCGA,1,5276430
zapB_predicted,0.4,19,14,ATGCGTCCTGACTACACTCT,5,5287902
zapB_predicted,0.26666666666666666,17,14,ATCCATACCGACCTCAATAG,3,5278923
zapB_predicted,0.3333333333333333,18,14,ATCATGTGATCCGTGGCACA,4,5268033
zapB_predicted,0.5333333333333333,21,14,ATAGTTGAAGGAGACGCTAG,7,5267576
zapB_predicted,2.066666666666667,44,14,ATACCTAGAACGTGGAGACG,30,5277865
zapB_predicted,0.2,16,14,AGTCTTGGTCAATAGTAGGC,2,5282958
zapB_predicted,0.2,16,14,AGTCAGAAATGAACTCGAGG,2,5273605
zapB_predicted,0.4666666666666667,20,14,AGTAGCCAGGAGATTTCTGT,6,5270249
zapB_predicted,0.3333333333333333,18,14,AGGTTTATGTATGGTATAAA,4,5284251
zapB_predicted,0.13333333333333333,15,14,AGATAAACACCTACGGGGAT,1,5279828
zapB_predicted,0.26666666666666666,17,14,AGAGTGCGTAAATACTTAAC,3,5276483
zapB_predicted,0.13333333333333333,15,14,AGAGCGGTAAGGGCCACATT,1,5283459
zapB_predicted,0.4,19,14,ACTGTGTTCTATGTGTACAC,5,5270621
zapB_predicted,0.6,22,14,ACGCTTCTGTAATGTTTAGA,8,5280266
zapB_predicted,0.13333333333333333,15,14,ACGCGATCGTAGACTGGGGA,1,5275501
zapB_predicted,0.2,16,14,ACGCCCATCTCGAGAGCCCC,2,5284386
zapB_predicted,0.2,16,14,ACACGGGATTAAGATCGTCC,2,5279195
zapB_predicted,0.13333333333333333,15,14,AAGACTCAAGGAACCTGTAC,1,5278721
zapB_predicted,0.13333333333333333,15,14,AACCCATCGTCACAGTCCGT,1,5286730
zapB_predicted,0.3333333333333333,18,14,AAACGGGGATTTTTTCGTGA,4,5273961
zapB_predicted,0.14285714285714285,14,13,TTTTGTCCAGGGCTTGCCTC,1,5286499
zapB_predicted,0.14285714285714285,14,13,TTTGTAGGTTCCTAGAAGTG,1,5286534
zapB_predicted,0.21428571428571427,15,13,TTTAGGTCATAGCAGATAGA,2,5274115
zapB_predicted,0.21428571428571427,15,13,TTGTGAGGGCAAGCCCGAGG,2,5268544
zapB_predicted,0.42857142857142855,18,13,TTGGCCGGATTAGCCTAGAA,5,5264004
zapB_predicted,0.21428571428571427,15,13,TTGCATTTAGGTCCAGTAAT,2,5274946
zapB_predicted,0.35714285714285715,17,13,TTCTTGAGGTGGGTAAAGGT,4,5263150
zapB_predicted,0.2857142857142857,16,13,TTCTTAGGTCTCTTAAACCT,3,5270411
zapB_predicted,1.4285714285714286,32,13,TTCTGTATGTTGCGAGTCCT,19,5284269
zapB_predicted,1.0714285714285714,27,13,TTCGGCCATTCGTCGATGAT,14,5266646
zapB_predicted,0.35714285714285715,17,13,TTCGAATGATGCTGGCGGCT,4,5276350
zapB_predicted,0.5,19,13,TTATGCGGTACGGGCCGAAA,6,5281094
zapB_predicted,0.35714285714285715,17,13,TTATCCGGTGTATATCATGT,4,5270528
zapB_predicted,0.14285714285714285,14,13,TTATATACGAGTGCGCTGTT,1,5280049
zapB_predicted,0.35714285714285715,17,13,TTAACTTCCGCAACTATCAT,4,5270558
zapB_predicted,0.21428571428571427,15,13,TTAACGACACTCTAGATGGT,2,5277057
zapB_predicted,0.21428571428571427,15,13,TGTTTAACCGTAATTGGTCT,2,5286141
zapB_predicted,0.2857142857142857,16,13,TGGAAGCGCTACCGTAGAAC,3,5266705
zapB_predicted,0.14285714285714285,14,13,TGCGTGCCAGCCTCTTACGA,1,5279435
zapB_predicted,0.21428571428571427,15,13,TGCGCCCCCGACCAAGTTGG,2,5284766
zapB_predicted,0.14285714285714285,14,13,TGCGAGTTCATTTGCCTGCG,1,5285343
zapB_predicted,0.14285714285714285,14,13,TGATCCGACACAGAATCGTC,1,5270466
zapB_predicted,0.5714285714285714,20,13,TGATATGTTCGGCGGAGAGT,7,5284366
zapB_predicted,0.2857142857142857,16,13,TGATAGGGGCATGGCTGGTT,3,5278502
zapB_predicted,0.14285714285714285,14,13,TGAACGTATGGGAGACATCG,1,5269413
zapB_predicted,0.14285714285714285,14,13,TCTTATAGCTAGGTTGACCA,1,5265890
zapB_predicted,1.5,33,13,TCTGGCTGGTAGAAAAACGA,20,5280225
zapB_predicted,0.7857142857142857,23,13,TCTACCCGAGTTTTCAATAT,10,5282745
zapB_predicted,0.14285714285714285,14,13,TCGTAAAGGTTAGTCACGAT,1,5268773
zapB_predicted,0.5,19,13,TCGGAAGCACACTTAGCAAT,6,5265009
zapB_predicted,0.2857142857142857,16,13,TATATAGAAGTAAAGCCGGA,3,5275535
zapB_predicted,0.2857142857142857,16,13,TAGACAAAAATATGTATGCA,3,5274373
zapB_predicted,0.35714285714285715,17,13,TACTGTTATATTTTCGCCAT,4,5277559
zapB_predicted,1.5714285714285714,34,13,TACATGCCACCTCCTTCGGA,21,5285327
zapB_predicted,0.14285714285714285,14,13,TAAGAGGCCTGCCGTGTTTA,1,5284852
zapB_predicted,0.14285714285714285,14,13,GTTTTAGTCCATGCACAAAT,1,5264847
zapB_predicted,0.5,19,13,GTTCTCCTCGCGTCCCCGGA,6,5268211
zapB_predicted,0.21428571428571427,15,13,GTCTATTGGGCGTCTTAGGC,2,5265401
zapB_predicted,61.857142857142854,878,13,GTCAATGGCCGTGGCAGTAC,865,5265399
zapB_predicted,0.42857142857142855,18,13,GTAGTTTAACTAAAAATTGG,5,5267632
zapB_predicted,0.14285714285714285,14,13,GTAGAGCTACACTGATGCCT,1,5266718
zapB_predicted,0.14285714285714285,14,13,GGGTCCCGACACGCCCCCTG,1,5269273
zapB_predicted,0.14285714285714285,14,13,GGGACCGCGCAGTCAGCTAC,1,5265571
zapB_predicted,1.7857142857142858,37,13,GGCGCAACTGTCCCGATTAC,24,5274040
zapB_predicted,0.21428571428571427,15,13,GGCAGCTCCGCCGTCCCAAT,2,5279545
zapB_predicted,0.42857142857142855,18,13,GCTGCCTGTAGAGAGGAAAG,5,5284770
zapB_predicted,0.14285714285714285,14,13,GCGGAGTAGCATTATGACTG,1,5284364
zapB_predicted,0.14285714285714285,14,13,GCGAGTTAGAGGGGGCAGAC,1,5279368
zapB_predicted,0.2857142857142857,16,13,GCGAAAGCGTGCATGGTCTC,3,5265634
zapB_predicted,0.42857142857142855,18,13,GCCCCAAGTGGGGCAGCTTC,5,5265379
zapB_predicted,0.14285714285714285,14,13,GCAGCGGCAATTCATTCCGA,1,5282716
zapB_predicted,0.2857142857142857,16,13,GATGGCGAGGTACCGCCGAG,3,5288175
zapB_predicted,0.14285714285714285,14,13,GATCAGCACACGGTGGATTC,1,5268836
zapB_predicted,0.14285714285714285,14,13,GATAGCTTGGTCGATGCCAT,1,5266050
zapB_predicted,0.2857142857142857,16,13,GAGTTGTACTCGCACCGGAA,3,5286622
zapB_predicted,0.14285714285714285,14,13,GAGTGGGGAGTATTAATACA,1,5269783
zapB_predicted,0.5,19,13,GACACAGTGGCTAGGGGCAT,6,5279003
zapB_predicted,0.21428571428571427,15,13,GAATCATGTACGGAGCAGAG,2,5264849
zapB_predicted,0.42857142857142855,18,13,GAAGTTCAGCTCTCCCGTGC,5,5273986
zapB_predicted,0.6428571428571429,21,13,CTTTTCCTCGGTATATGGCA,8,5273285
zapB_predicted,0.14285714285714285,14,13,CTGTTTTAAATGAAACCTTC,1,5276091
zapB_predicted,0.14285714285714285,14,13,CTGTCGGTCAATGTGGACTA,1,5263239
zapB_predicted,0.14285714285714285,14,13,CTGGGCATAATATGCTACCG,1,5268075
zapB_predicted,0.35714285714285715,17,13,CTGGAAGTATGACTGATTAT,4,5272460
zapB_predicted,0.6428571428571429,21,13,CTGCCCTGCCGAGCCAAAAG,8,5267193
zapB_predicted,0.14285714285714285,14,13,CTGCCCAAACGATAACGCAT,1,5279782
zapB_predicted,0.14285714285714285,14,13,CTCCTGGAATATTCACGCAA,1,5277877
zapB_predicted,0.14285714285714285,14,13,CTACTTGGGGATACGAGGTT,1,5268479
zapB_predicted,0.8571428571428571,24,13,CTACTGCTTGTCGTTAAAGT,11,5277575
zapB_predicted,0.42857142857142855,18,13,CTACTCAGTCATCCCAAACG,5,5283456
zapB_predicted,0.14285714285714285,14,13,CTAAAGTCCTTGCTCACCGT,1,5284469
zapB_predicted,0.21428571428571427,15,13,CGTGGATGTAGGGCCTGCGT,2,5282657
zapB_predicted,0.5,19,13,CGTGCTATTATCCCATTTGC,6,5275654
zapB_predicted,0.14285714285714285,14,13,CGGCGTTCCCATGAAAGAAC,1,5286843
zapB_predicted,0.21428571428571427,15,13,CGGATATGGAGGTATCACGG,2,5267349
zapB_predicted,0.21428571428571427,15,13,CGCGGGTAAGTGGATACATC,2,5266931
zapB_predicted,0.42857142857142855,18,13,CGAACCAAATCCTCCATAAG,5,5284559
zapB_predicted,1.2142857142857142,29,13,CCTTCGTTCCGATGGACCCG,16,5272066
zapB_predicted,0.2857142857142857,16,13,CCTCACGTTGCTTGCGGGTC,3,5270477
zapB_predicted,0.42857142857142855,18,13,CCGAGTCCACGAATTCGCGC,5,5282687
zapB_predicted,0.14285714285714285,14,13,CCCCCATAGCAGTAAAATCT,1,5276910
zapB_predicted,1.1428571428571428,28,13,CCAGGTGATCCTGCATTTAC,15,5282741
zapB_predicted,1.1428571428571428,28,13,CAGTTAAATTTCTTGCCGAT,15,5264113
zapB_predicted,0.35714285714285715,17,13,CAGATTGAACGAGGCCACGT,4,5283604
zapB_predicted,0.21428571428571427,15,13,CAATGAGGATCCGTATAAGC,2,5263978
zapB_predicted,0.14285714285714285,14,13,CAAAAATGCTACACTTCAAC,1,5278548
zapB_predicted,0.42857142857142855,18,13,ATTACCTGACCATGACCGGA,5,5277446
zapB_predicted,0.14285714285714285,14,13,ATGTTTAGGTAGCTTCAAGG,1,5272567
zapB_predicted,4.928571428571429,81,13,ATGAACAGTACTCACGTCCC,68,5266980
zapB_predicted,0.21428571428571427,15,13,ATCGTAGCGTCCATAATCTT,2,5279572
zapB_predicted,0.6428571428571429,21,13,ATCATAGGATCGTGCGTGAA,8,5265183
zapB_predicted,0.21428571428571427,15,13,ATACGGTCAGGCAGTTAGTG,2,5275971
zapB_predicted,0.35714285714285715,17,13,ATAATTTTGTTTTCCTAATT,4,5279212
zapB_predicted,0.35714285714285715,17,13,ATAAGGTCGGTTAAGTTTAC,4,5275854
zapB_predicted,0.2857142857142857,16,13,ATAAAGCTTCAGGATTTTCC,3,5269806
zapB_predicted,0.35714285714285715,17,13,AGTGCGATTCTGGGGGGTGG,4,5265398
zapB_predicted,0.2857142857142857,16,13,AGTCGAATGTTCCTGCGTCT,3,5279308
zapB_predicted,0.21428571428571427,15,13,AGGGTGTACATTCAGTATAG,2,5272409
zapB_predicted,0.8571428571428571,24,13,AGCCGCGGGAGAAGGACTTT,11,5264574
zapB_predicted,0.7857142857142857,23,13,AGATTGCTTGATGACCCCTA,10,5274086
zapB_predicted,0.14285714285714285,14,13,AGAGTCCCTTATTAGTACCA,1,5279313
zapB_predicted,0.9285714285714286,25,13,AGAATCGGCCACGCAACGGC,12,5263609
zapB_predicted,0.35714285714285715,17,13,ACTCCCGGCCGTTAGGGTAG,4,5265104
zapB_predicted,0.7857142857142857,23,13,ACTATTCCGGTATGCTGCGT,10,5281400
zapB_predicted,0.21428571428571427,15,13,ACTAGAGGGCACTCATCAAG,2,5264820
zapB_predicted,0.21428571428571427,15,13,ACGTCACGGGGTTCTTTCAT,2,5271100
zapB_predicted,0.21428571428571427,15,13,ACGAGCATAGGTGCGGGGAT,2,5279832
zapB_predicted,0.21428571428571427,15,13,ACCTTCTGGCTATATGCTGA,2,5268703
zapB_predicted,0.42857142857142855,18,13,ACCTGTGGGTAATATTTGGG,5,5278615
zapB_predicted,0.35714285714285715,17,13,ACCTAAGATATGGGAACCTT,4,5279184
zapB_predicted,0.14285714285714285,14,13,ACACTATCCGACATTTACAG,1,5276014
zapB_predicted,0.42857142857142855,18,13,ACACGCTACAAGGTAATTTT,5,5274167
zapB_predicted,0.14285714285714285,14,13,AATTTGAATCACAGATGCAA,1,5278150
zapB_predicted,4.285714285714286,72,13,AATTACTTTGACTATTACGA,59,5282535
zapB_predicted,0.14285714285714285,14,13,AACGGGTAGTAGAATCGTCT,1,5264731
zapB_predicted,1.3846153846153846,29,12,TTTGATAGTCTCATAGCCAT,17,5264248
zapB_predicted,0.15384615384615385,13,12,TTTAGCGGGGTCCGTGAACC,1,5268904
zapB_predicted,0.15384615384615385,13,12,TTGGTGCCATCCAGTAGATG,1,5264884
zapB_predicted,0.23076923076923078,14,12,TTGGAAGTCCCACTTATTAG,2,5285979
zapB_predicted,0.46153846153846156,17,12,TTCCTCGGCTTCAGTCACGC,5,5276885
zapB_predicted,76.23076923076923,1002,12,TTAATACTCGGCGAGGTGTC,990,5269670
zapB_predicted,0.15384615384615385,13,12,TGTTGCGAATCAATTTCAAG,1,5265208
zapB_predicted,0.3076923076923077,15,12,TGTCCGGTAGTAAACTATAT,3,5285748
zapB_predicted,0.15384615384615385,13,12,TGGTTACCTTAAGCTCACTC,1,5268993
zapB_predicted,2.230769230769231,40,12,TGCGTTTGGCCGCCCCACAC,28,5268360
zapB_predicted,0.15384615384615385,13,12,TGAAGAATAGCGAATCAGTT,1,5280579
zapB_predicted,0.46153846153846156,17,12,TGAACAGGGTCCGACAGGTT,5,5272130
zapB_predicted,0.23076923076923078,14,12,TCTTTGTGACATGGAGGTAA,2,5265557
zapB_predicted,0.15384615384615385,13,12,TCGTTCCTGCGTAGGAGAAC,1,5269332
zapB_predicted,0.15384615384615385,13,12,TCGTTACAGCCTACCGGTAG,1,5265713
zapB_predicted,0.3076923076923077,15,12,TCGCGTTCCCGGTGGTGATC,3,5267711
zapB_predicted,0.3076923076923077,15,12,TCGATCAGGAAGACGGCACA,3,5274507
zapB_predicted,0.15384615384615385,13,12,TCCACCAGTCCGGGGTGGCC,1,5286508
zapB_predicted,0.3076923076923077,15,12,TCATCTTGCGCACCGCCTAT,3,5271274
zapB_predicted,0.15384615384615385,13,12,TCACTAAACCAGCAAGATCT,1,5277952
zapB_predicted,0.23076923076923078,14,12,TAGCCGCGCCTAACTGGACA,2,5277940
zapB_predicted,0.23076923076923078,14,12,TAGCCGCGCAAATTTATTGT,2,5266142
zapB_predicted,0.5384615384615384,18,12,TACGAAGGGATGCCTCCTAG,6,5282200
zapB_predicted,0.3076923076923077,15,12,TACCTCTGGATTCTGTGAGA,3,5276644
zapB_predicted,0.9230769230769231,23,12,TACACTGAGCTTAAAGCGCT,11,5272427
zapB_predicted,0.15384615384615385,13,12,TAATCATAGCGTACGTGCAG,1,5281649
zapB_predicted,0.15384615384615385,13,12,TAAGCGGAAAGTTCAGACGC,1,5279127
zapB_predicted,0.3076923076923077,15,12,TAAATTCACGTATGAGAATG,3,5283091
zapB_predicted,0.38461538461538464,16,12,GTTTCCCGTGCCAGGAATGA,4,5270982
zapB_predicted,0.6923076923076923,20,12,GTTGTTCTCCTATACAATGC,8,5270722
zapB_predicted,0.15384615384615385,13,12,GTGGGGATGTATTCGAGCGC,1,5268353
zapB_predicted,0.8461538461538461,22,12,GTCTGCTAGCTGCTATCAAT,10,5269277
zapB_predicted,0.3076923076923077,15,12,GTCGGTGTTTCTGCAGTGCA,3,5268193
zapB_predicted,0.46153846153846156,17,12,GTCCGAGTCTTGCAATTCCA,5,5266296
zapB_predicted,0.15384615384615385,13,12,GTCACTTGTTGTGCGAAGTC,1,5267390
zapB_predicted,0.23076923076923078,14,12,GTATGAAAGTCTTCAGATTT,2,5264399
zapB_predicted,3.6153846153846154,58,12,GTAGTATTGATTTTCTTATC,46,5274153
zapB_predicted,0.23076923076923078,14,12,GTAAAGTATGTAGGATCGGG,2,5279633
zapB_predicted,0.15384615384615385,13,12,GGTGCGTATGCGTTTGGGCT,1,5279962
zapB_predicted,0.46153846153846156,17,12,GGTCAGGAGGCCTCCTGCGA,5,5287794
zapB_predicted,0.38461538461538464,16,12,GGTAATTACTGGCTAGGTCC,4,5268079
zapB_predicted,0.3076923076923077,15,12,GGTAATCAATGAAACTAGAG,3,5266357
zapB_predicted,0.5384615384615384,18,12,GGGTGGTGGAAACACAGGAC,6,5278306
zapB_predicted,0.38461538461538464,16,12,GGGCTAGGGTAATACTAAAC,4,5266963
zapB_predicted,0.15384615384615385,13,12,GGCTTTTTCCTGCTAGAGGA,1,5268265
zapB_predicted,0.38461538461538464,16,12,GGCGCCGTGGCAAGATGCTC,4,5274251
zapB_predicted,0.23076923076923078,14,12,GCTTTACGCAGTTGGGGTAA,2,5264027
zapB_predicted,0.15384615384615385,13,12,GCTGGCTAGGCCGGGGTGAT,1,5263974
zapB_predicted,0.15384615384615385,13,12,GCTACCTCGATCCATCGTCC,1,5275292
zapB_predicted,0.3076923076923077,15,12,GCGTTCTGACATCTAAGTAT,3,5282798
zapB_predicted,0.46153846153846156,17,12,GCGTCCTACTCTCGACCGCG,5,5263186
zapB_predicted,0.3076923076923077,15,12,GCGCGGGAGACAAATGATGT,3,5265905
zapB_predicted,0.15384615384615385,13,12,GCCCGTGAGTACTATTCCTG,1,5264310
zapB_predicted,0.3076923076923077,15,12,GCCATCAATGAGTCGCGCCC,3,5269788
zapB_predicted,0.38461538461538464,16,12,GCATCTGACCGGAGTCAGGT,4,5282080
zapB_predicted,0.3076923076923077,15,12,GAGTACCGTGTACTCTGTGC,3,5274130
zapB_predicted,0.5384615384615384,18,12,GACTCGGTCGGCGCTTTCCT,6,5277249
zapB_predicted,0.15384615384615385,13,12,GACGGGCGAGATCACAGTAG,1,5270260
zapB_predicted,0.23076923076923078,14,12,GACGATGGAAAGCAGGCGTC,2,5268176
zapB_predicted,0.46153846153846156,17,12,GACCTGTTACTAGACCCCTC,5,5285809
zapB_predicted,0.9230769230769231,23,12,GAATGAACCATGACCGCTAG,11,5267195
zapB_predicted,0.15384615384615385,13,12,GAAGGCTCCGTAACAGGGAA,1,5284328
zapB_predicted,0.46153846153846156,17,12,GAAAAGAAGCGTAATGGTGT,5,5272405
zapB_predicted,0.3076923076923077,15,12,CTTGGAGATCAATGCTTGTT,3,5275238
zapB_predicted,0.8461538461538461,22,12,CTTCCAAATGGGCGGCGGAA,10,5268364
zapB_predicted,0.15384615384615385,13,12,CTGTTGTAACAAGTCTACGA,1,5274839
zapB_predicted,0.23076923076923078,14,12,CTGTAAAACCAAGAGAGCTA,2,5269626
zapB_predicted,0.15384615384615385,13,12,CTGCCAGCGCTTTGAAAACT,1,5278781
zapB_predicted,0.6923076923076923,20,12,CTCTTCGCGTCTAGGCTTAC,8,5277357
zapB_predicted,1.4615384615384615,30,12,CTCAGAGGGTTGGCGCGCCT,18,5287607
zapB_predicted,0.23076923076923078,14,12,CTATAATCGGATTCTGTCTT,2,5269747
zapB_predicted,0.23076923076923078,14,12,CTATAAGTGCTAATAGTGCC,2,5266053
zapB_predicted,0.46153846153846156,17,12,CTACCAACAGGTAAACCCCC,5,5276617
zapB_predicted,0.46153846153846156,17,12,CTAAACTGCTCACACTGTAT,5,5274047
zapB_predicted,0.46153846153846156,17,12,CGTCCAACTAGCCGGATCGC,5,5285678
zapB_predicted,2.6153846153846154,45,12,CGTATGTAAGAAAATTAGTC,33,5273426
zapB_predicted,0.15384615384615385,13,12,CGTAAACGCGAGCTTTTGGG,1,5273793
zapB_predicted,0.6153846153846154,19,12,CGGGTGAAATTCCACCTAAG,7,5266392
zapB_predicted,0.15384615384615385,13,12,CGGGTCCCATGCTGTGTAAT,1,5270776
zapB_predicted,0.15384615384615385,13,12,CGGGGCACGCGGTAAGGTCT,1,5273411
zapB_predicted,0.15384615384615385,13,12,CGGCGCGGACCATCGATCAT,1,5283242
zapB_predicted,0.15384615384615385,13,12,CGGATGCAGTGTCGAAGTAC,1,5266304
zapB_predicted,0.6153846153846154,19,12,CGACATTCCGCCACCATGGA,7,5280982
zapB_predicted,0.38461538461538464,16,12,CGAAGGTGGTACCCTCGTCT,4,5283864
zapB_predicted,0.3076923076923077,15,12,CCTTTAGAGGAGCGAGGCAA,3,5284187
zapB_predicted,0.23076923076923078,14,12,CCTGGCTCCCCCTACCTGGG,2,5279281
zapB_predicted,0.15384615384615385,13,12,CCGTTTGACGGTGGATGCGC,1,5285807
zapB_predicted,0.23076923076923078,14,12,CCGTATCCTGCCTACTGTTG,2,5278934
zapB_predicted,0.23076923076923078,14,12,CCGGTATCCGGAAGGGCGGT,2,5274579
zapB_predicted,1.6923076923076923,33,12,CCGGGCCATACATTCACGGC,21,5278441
zapB_predicted,0.15384615384615385,13,12,CCCTTTAGATGAGTGATTGG,1,5267915
zapB_predicted,0.6153846153846154,19,12,CATGCCGATCATTCTTTAAA,7,5283089
zapB_predicted,0.38461538461538464,16,12,CATACATAAGGCAGCACGGT,4,5265804
zapB_predicted,0.23076923076923078,14,12,CAGGGCGGTACGTTTTATAT,2,5273330
zapB_predicted,0.23076923076923078,14,12,CACGTGAGGTCACCTTGTGA,2,5282124
zapB_predicted,0.15384615384615385,13,12,CACGTCCTGCATGCCCGCGA,1,5288328
zapB_predicted,0.6153846153846154,19,12,CACCTCCCCTTCGTGAAAAG,7,5274699
zapB_predicted,0.6153846153846154,19,12,CACCGGCCAAGCATCTACAC,7,5263783
zapB_predicted,0.3076923076923077,15,12,CACAAGAAGCGTCGGTTCAT,3,5272463
zapB_predicted,0.23076923076923078,14,12,ATTCTCTCCTCGACCGGGAA,2,5269803
zapB_predicted,0.3076923076923077,15,12,ATGGGTAGCAGTGGAGACAT,3,5272428
zapB_predicted,0.3076923076923077,15,12,ATGAGGTCAATCGAGCCCTA,3,5282780
zapB_predicted,0.46153846153846156,17,12,ATACGAAGTAAGTTAATACT,5,5267744
zapB_predicted,0.15384615384615385,13,12,AGTTTGCAGCAAACAATTCA,1,5276793
zapB_predicted,0.23076923076923078,14,12,AGTCAGGAGGACTTTTAGGT,2,5286509
zapB_predicted,0.3076923076923077,15,12,AGTACTTACCTGTGGGCGAA,3,5278288
zapB_predicted,0.38461538461538464,16,12,AGGGGGCGCAAAGCAACGGT,4,5271647
zapB_predicted,0.38461538461538464,16,12,AGCTCTTCTCAACAAGCCGT,4,5286120
zapB_predicted,0.15384615384615385,13,12,AGCCCGTTATAGCAACAACA,1,5287687
zapB_predicted,0.46153846153846156,17,12,AGATGGAGGAGTTATAGCAT,5,5277206
zapB_predicted,0.6923076923076923,20,12,AGATAAGTAGCAACCCATAA,8,5275875
zapB_predicted,0.15384615384615385,13,12,AGAACGCATAGGAGGCAGCA,1,5267371
zapB_predicted,0.5384615384615384,18,12,ACTATGAGGTTTCCTCCTCG,6,5275669
zapB_predicted,0.3076923076923077,15,12,ACGTTTAGAGGCCATTGTCT,3,5276895
zapB_predicted,0.15384615384615385,13,12,ACGTCCGGTAGCTTCCGACT,1,5282384
zapB_predicted,1.0769230769230769,25,12,ACGGGCTCCTTCACTAATAT,13,5284794
zapB_predicted,0.23076923076923078,14,12,ACGACCCGGACGTGTCAAAG,2,5276124
zapB_predicted,0.6923076923076923,20,12,ACCACAGTTGCAACATTTAA,8,5274017
zapB_predicted,0.3076923076923077,15,12,AACTAGACCAATCTAGGCAT,3,5263658
zapB_predicted,0.3076923076923077,15,12,AACGTGGTTAGTAAAGATCA,3,5264965
zapB_predicted,0.23076923076923078,14,12,AACCTTCGGCGCGAGTCCGA,2,5283598
zapB_predicted,0.15384615384615385,13,12,AACCCCGCGGTGTTATTTTC,1,5265392
zapB_predicted,1.9230769230769231,36,12,AACCAAATTGAATTAAGAGG,24,5286006
zapB_predicted,0.6153846153846154,19,12,AACAAGTCTATGCCCGAGAC,7,5268529
zapB_predicted,0.38461538461538464,16,12,AAAGGTAACAAAAGTATCGA,4,5272657
zapB_predicted,0.46153846153846156,17,12,AAAACGTCAACCATATTCCT,5,5264356
zapB_predicted,0.15384615384615385,13,12,AAAACCGATACCTTCGCGTC,1,5273763
zapB_predicted,0.5833333333333334,17,11,TTGTGTTCGATCAGTGTCTG,6,5281723
zapB_predicted,0.25,13,11,TTGGCGGCATCATATATTGA,2,5277331
zapB_predicted,0.75,19,11,TTGGATATGCGTAGTGCAAT,8,5274949
zapB_predicted,0.16666666666666666,12,11,TTAGTGCCACCGCGACGGGG,1,5270068
zapB_predicted,0.5,16,11,TTACTATCTGTATCAGTACC,5,5263405
zapB_predicted,0.3333333333333333,14,11,TTAAATGTGCGATCACGGAG,3,5276177
zapB_predicted,0.5833333333333334,17,11,TGTGGTCGTATTTGAGAACA,6,5269221
zapB_predicted,0.5833333333333334,17,11,TGGTGTGCACTGGACAGGCA,6,5284579
zapB_predicted,0.4166666666666667,15,11,TGGGAATTGGTTCTACACGA,4,5264029
zapB_predicted,0.4166666666666667,15,11,TGATGACAAAGTCTAAGTCG,4,5274172
zapB_predicted,0.4166666666666667,15,11,TGACGGCGGCACAAAGGGCA,4,5277882
zapB_predicted,0.6666666666666666,18,11,TGACGGAGAGGGTGCGTTAC,7,5268476
zapB_predicted,0.8333333333333334,20,11,TGAAACAAGGCCGGCTAATC,9,5272366
zapB_predicted,0.16666666666666666,12,11,TCTTCCTGACATAGGATGCT,1,5267978
zapB_predicted,0.25,13,11,TCTGTTCCCTATAAGGCCCT,2,5268065
zapB_predicted,0.3333333333333333,14,11,TCTATTCACTGTTGTAATAT,3,5270981
zapB_predicted,0.25,13,11,TCGTCAAGTGGTATCAGTAA,2,5280929
zapB_predicted,0.16666666666666666,12,11,TCGGTTACTCATCCCAGTTC,1,5274675
zapB_predicted,0.4166666666666667,15,11,TCGGGAAAGCGCTTTGGTTT,4,5274075
zapB_predicted,0.16666666666666666,12,11,TCGGACTAACTTAGACGCTT,1,5273692
zapB_predicted,1.25,25,11,TCGCTCCGACGTTATCCGCA,14,5276155
zapB_predicted,0.5833333333333334,17,11,TCCATGTGGCTGTTCTATGG,6,5266648
zapB_predicted,2.0,34,11,TCCAACACATCGTATACGCA,23,5288299
zapB_predicted,0.16666666666666666,12,11,TATTAATTAGTTACTTAGTA,1,5273758
zapB_predicted,0.25,13,11,TACGCGGCCCCATACCGAAG,2,5275579
zapB_predicted,0.25,13,11,TACGAGGACTGGTTTCATCT,2,5272652
zapB_predicted,0.16666666666666666,12,11,TACGAGAAGTGGGGGCTACG,1,5264730
zapB_predicted,0.25,13,11,TACAGGTTCCAAATAGGCAT,2,5282522
zapB_predicted,0.4166666666666667,15,11,TACAGGAGCAATGCCACGAA,4,5272026
zapB_predicted,0.16666666666666666,12,11,TAATATCGTCCTGAACGCAG,1,5287550
zapB_predicted,0.25,13,11,TAACCCAGCATTAATAACCA,2,5279057
zapB_predicted,0.3333333333333333,14,11,GTGTATCCGCCTGGCCAGGT,3,5276530
zapB_predicted,0.5833333333333334,17,11,GTGTACAGCACGTTCCGCTC,6,5264142
zapB_predicted,0.16666666666666666,12,11,GTGGCGCCATCACATTAGTC,1,5286022
zapB_predicted,0.8333333333333334,20,11,GTCGTAGTGGCTCTCTGCCA,9,5280256
zapB_predicted,0.5,16,11,GTCGCATTTGCTTGTCATCG,5,5287362
zapB_predicted,0.8333333333333334,20,11,GTCGAGCCTGGCGTCTATTT,9,5271973
zapB_predicted,0.25,13,11,GTACGAAAGGGTGCTGACGA,2,5264169
zapB_predicted,0.5,16,11,GTACCCTCCCCACGTTCCCA,5,5272548
zapB_predicted,0.25,13,11,GGTGCCGCCAAGCTGTCCTT,2,5272695
zapB_predicted,0.16666666666666666,12,11,GGTCGAGGGCAATAAAATCA,1,5273258
zapB_predicted,0.16666666666666666,12,11,GGGTGGAACTGGAGCGCGCT,1,5281344
zapB_predicted,0.25,13,11,GGGGGAGCATTAAGCCTCAT,2,5279776
zapB_predicted,0.5,16,11,GGGCCTTCAATTCGTTAACA,5,5281986
zapB_predicted,0.16666666666666666,12,11,GGGATGTGGCCCTGCTCCAG,1,5266290
zapB_predicted,0.16666666666666666,12,11,GGGACGAGCCAACTGACCAC,1,5267527
zapB_predicted,0.16666666666666666,12,11,GGCTTGCAAATAATAATCAA,1,5270939
zapB_predicted,1.0,22,11,GGCTGAGGGACGCTAACTGC,11,5272199
zapB_predicted,0.25,13,11,GGCCTCTCTAAGCCCTGGTT,2,5265857
zapB_predicted,0.25,13,11,GGCCCATTATCGTTACGGTG,2,5266568
zapB_predicted,0.16666666666666666,12,11,GGATAGCATAACAAGACCTA,1,5269158
zapB_predicted,0.25,13,11,GGACGGGTGGACAGTTGGGA,2,5283101
zapB_predicted,0.5,16,11,GGAACCGGAAACCAGAACCC,5,5281027
zapB_predicted,0.16666666666666666,12,11,GGAAACTGCTTTTACCTACT,1,5274806
zapB_predicted,0.5833333333333334,17,11,GCTGGTCAACCGAGGCCAGA,6,5274391
zapB_predicted,0.25,13,11,GCTATATGATTCGGCTATTC,2,5264281
zapB_predicted,0.25,13,11,GCGTACGCCGCACCCTGGGT,2,5264401
zapB_predicted,0.4166666666666667,15,11,GCGGCGCTGTCAAAGTCATC,4,5286186
zapB_predicted,0.16666666666666666,12,11,GCCTCAGTTCAGCAGCCAAA,1,5271371
zapB_predicted,0.5,16,11,GCCCCCGCGTCTGGCTGGGT,5,5263107
zapB_predicted,0.5,16,11,GCCACGCGTGGAGAATAGAA,5,5279066
zapB_predicted,6.583333333333333,89,11,GCATCGCCCCAGAGTGCCTA,78,5264585
zapB_predicted,0.3333333333333333,14,11,GCAGTAAGAAGTCGGGGGTT,3,5279226
zapB_predicted,0.25,13,11,GATTCAACAATAGCTGTCCA,2,5264867
zapB_predicted,0.3333333333333333,14,11,GATCATAGTTGTGTTCTATC,3,5267939
zapB_predicted,0.16666666666666666,12,11,GATCAGAACTCCTCGTCCCA,1,5274975
zapB_predicted,0.3333333333333333,14,11,GATAACGTTCCAGGTTGCTC,3,5276719
zapB_predicted,0.3333333333333333,14,11,GATAAAGCGTAGTCAAGCGT,3,5278387
zapB_predicted,0.16666666666666666,12,11,GAGCTCCTTGTCTACGCGCG,1,5267603
zapB_predicted,0.16666666666666666,12,11,GACAGCGAGATTTCAACGTA,1,5279892
zapB_predicted,0.16666666666666666,12,11,GAAGCCGGGGATTCGGGCTT,1,5282362
zapB_predicted,2.0,34,11,GAAGAAATCTCAGTCCGGAC,23,5286393
zapB_predicted,0.16666666666666666,12,11,GAACCATTTTAACGATGCGC,1,5269328
zapB_predicted,0.16666666666666666,12,11,CTTTGCACTGTTGGCACCAG,1,5274427
zapB_predicted,1.0833333333333333,23,11,CTTCGACGTTACGACAACCC,12,5276591
zapB_predicted,0.25,13,11,CTTCAAACCTGCGTTACTGG,2,5278142
zapB_predicted,0.16666666666666666,12,11,CTTAGCCGCAGGTCACTGGG,1,5286190
zapB_predicted,0.4166666666666667,15,11,CTTAACCTTGGCTAGAGATA,4,5263391
zapB_predicted,0.25,13,11,CTGGCAAGGTCGGCGGTACT,2,5274794
zapB_predicted,74.33333333333333,902,11,CTGCCTGGTCAAGCCGGCTA,891,5270631
zapB_predicted,0.16666666666666666,12,11,CTGACACTATAACGAAAGTC,1,5263248
zapB_predicted,0.4166666666666667,15,11,CTCAACTCGAGCCTACAGGA,4,5283384
zapB_predicted,0.5,16,11,CTATGACGCATCCAGAACCT,5,5270764
zapB_predicted,0.16666666666666666,12,11,CTAGACGGAATTCAATCGAC,1,5269797
zapB_predicted,0.16666666666666666,12,11,CTAGAACGACGTTGGTGACT,1,5263637
zapB_predicted,0.25,13,11,CTACTACACGGGCCTTATTG,2,5274282
zapB_predicted,0.16666666666666666,12,11,CGTTGATATATAGTAGTTCG,1,5270374
zapB_predicted,0.3333333333333333,14,11,CGTTAATATTTGGGAATATC,3,5271927
zapB_predicted,0.25,13,11,CGTGCCCGATCGTTCAAGGG,2,5285512
zapB_predicted,0.16666666666666666,12,11,CGTAATTATACGCTTCACAG,1,5265475
zapB_predicted,0.25,13,11,CGGTATATTGGCTGATCAAT,2,5282354
zapB_predicted,0.6666666666666666,18,11,CGGTAAACATGGTGAGAATA,7,5281223
zapB_predicted,0.5,16,11,CGGAAAAAGATCTATAGACT,5,5284871
zapB_predicted,0.3333333333333333,14,11,CGCTCCAAAGGAAATTTCTA,3,5276753
zapB_predicted,0.4166666666666667,15,11,CGCAGGGATTGGACTTGGTT,4,5270690
zapB_predicted,0.16666666666666666,12,11,CGATGAAAACCTTCTGGTCG,1,5276894
zapB_predicted,1.0,22,11,CGACCACAGGTCTATTCGAG,11,5266982
zapB_predicted,0.16666666666666666,12,11,CCGTGGCAGTCTTTGTCCTG,1,5285263
zapB_predicted,0.16666666666666666,12,11,CCCTTTATTCTTCACATTTC,1,5269798
zapB_predicted,0.3333333333333333,14,11,CCACTGCGACCGGTACGCGT,3,5286707
zapB_predicted,0.16666666666666666,12,11,CCACACGAATCTCATTATAC,1,5282984
zapB_predicted,0.25,13,11,CATTGTTTGAACGACGGTCG,2,5285974
zapB_predicted,2.1666666666666665,36,11,CATGCTCTTCCGCAATAGAC,25,5267006
zapB_predicted,0.25,13,11,CATCGAAGTGAAGATTAACG,2,5273508
zapB_predicted,0.16666666666666666,12,11,CATAGAAGAGAGGATCTGGA,1,5264852
zapB_predicted,0.6666666666666666,18,11,CAGTATTAATTATGCCTCTG,7,5273168
zapB_predicted,0.4166666666666667,15,11,CAGGAGTAGTACAAGTTGTC,4,5272845
zapB_predicted,0.75,19,11,CAGCCAAGTAGTTCGGAGTA,8,5287901
zapB_predicted,0.25,13,11,CAGCAGCCGCCAATTGCTAA,2,5288022
zapB_predicted,0.6666666666666666,18,11,CAATACTCATATGCTTCGCG,7,5280719
zapB_predicted,0.16666666666666666,12,11,CAATACTCAGGCATGGGCTG,1,5283497
zapB_predicted,0.3333333333333333,14,11,CAAAACCTGCGCGCTCGGTC,3,5276621
zapB_predicted,0.4166666666666667,15,11,ATTTGGCACGTGGGGGATAC,4,5284812
zapB_predicted,0.4166666666666667,15,11,ATTTCGTTGACATTTGAAGC,4,5282168
zapB_predicted,0.16666666666666666,12,11,ATTCAGCGCAAACCCTTACT,1,5265089
zapB_predicted,0.3333333333333333,14,11,ATGTGAGGGGGGCTTCTCAC,3,5265149
zapB_predicted,0.25,13,11,ATGGGGGGATAATTGATGTT,2,5266226
zapB_predicted,0.3333333333333333,14,11,ATGCGCGCATTTTTGATCAT,3,5280149
zapB_predicted,0.16666666666666666,12,11,ATGCCATTATAGAGGCAGAT,1,5268310
zapB_predicted,1.0,22,11,ATCTGGAGTAAGCGAGGATT,11,5281611
zapB_predicted,0.16666666666666666,12,11,ATCTCCCGAATAAACCGCAG,1,5285563
zapB_predicted,0.4166666666666667,15,11,ATCAACGGCCCTCGTCTAAG,4,5275866
zapB_predicted,0.16666666666666666,12,11,ATAGCCCTGGCACGTAGTTA,1,5278995
zapB_predicted,0.3333333333333333,14,11,AGTTATAAGGTCCATCCCAC,3,5287440
zapB_predicted,0.25,13,11,AGTAAAGTTTCAGTAGGACT,2,5263839
zapB_predicted,0.5833333333333334,17,11,AGTAAAGGATGTGCCGCACA,6,5274110
zapB_predicted,0.3333333333333333,14,11,AGGTCATTAACGCCGTAGGT,3,5268373
zapB_predicted,0.3333333333333333,14,11,AGGGATAGGACACTGATGAT,3,5268933
zapB_predicted,0.16666666666666666,12,11,AGGAGATTCGTGACTCAATT,1,5279064
zapB_predicted,0.5,16,11,AGCGACTTAACGTGTGTCTA,5,5280667
zapB_predicted,0.16666666666666666,12,11,AGCCATTGTGGACTTGTAGG,1,5264732
zapB_predicted,0.25,13,11,AGACCTTCATCCAGTTGTGT,2,5280712
zapB_predicted,0.16666666666666666,12,11,ACTTCCTTTTCCCACGGTTG,1,5288195
zapB_predicted,0.5,16,11,ACGTTCCGGGTGAAAGACAC,5,5286183
zapB_predicted,0.5833333333333334,17,11,ACGGGTCTCCTAGGTCATTT,6,5269543
zapB_predicted,7.166666666666667,96,11,ACGGATAGGCAGGCTTCGGT,85,5267304
zapB_predicted,0.16666666666666666,12,11,ACGCGTCCTTAGAGACGACG,1,5263492
zapB_predicted,0.25,13,11,ACGATACAGCTGCGTTTTAG,2,5269484
zapB_predicted,0.4166666666666667,15,11,ACACTGAATCGCCCGGGCGC,4,5283476
zapB_predicted,0.3333333333333333,14,11,AATGCCTTCGTGAAGCGGAC,3,5282273
zapB_predicted,0.75,19,11,AAGTTAGGGGTTCTTGTGCT,8,5274969
zapB_predicted,0.16666666666666666,12,11,AAGTTAGAGATTCAAACCGA,1,5279264
zapB_predicted,0.25,13,11,AAGAAAGTGGTAAAGGATTT,2,5270192
zapB_predicted,0.25,13,11,AAATTACCACTCTTATGGAT,2,5283052
zapB_predicted,0.16666666666666666,12,11,AAAATGGGATTGATTGTCCG,1,5269996
zapB_predicted,0.18181818181818182,11,10,TTTCGTCCAAGCTCTGGCGC,1,5270120
zapB_predicted,0.36363636363636365,13,10,TTGATGAATCTCTGGCCCTT,3,5277090
zapB_predicted,0.2727272727272727,12,10,TTGAGGAGAGAAGGTGATAC,2,5283468
zapB_predicted,2.090909090909091,32,10,TTCGGACTCTCAACGTGAAG,22,5281831
zapB_predicted,0.6363636363636364,16,10,TTCGCAGTTGAAATACTCTA,6,5277807
zapB_predicted,0.18181818181818182,11,10,TTCCCTCCAGCTGCGGGTCA,1,5269496
zapB_predicted,0.9090909090909091,19,10,TTATTTCTCCGGAGATACTT,9,5282703
zapB_predicted,1.0,20,10,TTATTCATTCAATCCGGTCA,10,5265209
zapB_predicted,0.36363636363636365,13,10,TTAAGACGGCTTCTATGGAA,3,5270340
zapB_predicted,0.36363636363636365,13,10,TGTGCGCAGTCAGTAAATTA,3,5280757
zapB_predicted,0.18181818181818182,11,10,TGGCTAGATTCTATTTGCGC,1,5287683
zapB_predicted,0.2727272727272727,12,10,TGCTTTCTCCGATAGGGAAC,2,5272680
zapB_predicted,0.18181818181818182,11,10,TGCTCTGGGTGGGCTCACGA,1,5276276
zapB_predicted,0.6363636363636364,16,10,TGCTATGTACGAGCACGTCG,6,5274493
zapB_predicted,0.36363636363636365,13,10,TGAGACGCCTGTGATTTCGC,3,5283477
zapB_predicted,1.4545454545454546,25,10,TCTCTTGAACTCGTTGTTAG,15,5282464
zapB_predicted,0.36363636363636365,13,10,TCTCAGCGGTGAGTTAAACG,3,5266673
zapB_predicted,0.18181818181818182,11,10,TCTACAATTCTAAACTTTAA,1,5266693
zapB_predicted,0.45454545454545453,14,10,TCGTAGCACACTTAACGCAA,4,5271950
zapB_predicted,0.18181818181818182,11,10,TCCGGCGCCGGGCTATTGGA,1,5267188
zapB_predicted,0.18181818181818182,11,10,TCCGGCCATGCTAACTGTAA,1,5265877
zapB_predicted,0.45454545454545453,14,10,TCCGGACGATACCACGCGTG,4,5277167
zapB_predicted,0.2727272727272727,12,10,TCCGCGCTCCACTTCTCTGT,2,5269846
zapB_predicted,6.2727272727272725,78,10,TCCCCGCCAGGGCGCCAAAG,68,5269440
zapB_predicted,0.8181818181818182,18,10,TCAAAGTTCTTACGCCTGAA,8,5264046
zapB_predicted,0.18181818181818182,11,10,TATAAGGGATCCCGGGAGAC,1,5287329
zapB_predicted,1.0909090909090908,21,10,TACACGGATATCGTCCCAGC,11,5265678
zapB_predicted,0.8181818181818182,18,10,TACAAAATTCGAGTCTTTAC,8,5278329
zapB_predicted,0.2727272727272727,12,10,TAATTCGAAATGGGAGGTGA,2,5264906
zapB_predicted,0.18181818181818182,11,10,TAAGTCACGTCCTGAATATC,1,5273535
zapB_predicted,0.18181818181818182,11,10,TAAGCCCCGGGGTGTCTAAC,1,5267696
zapB_predicted,0.45454545454545453,14,10,TAAAGGTGATTGGAGAGATT,4,5284144
zapB_predicted,0.2727272727272727,12,10,GTTTATGTGGCTTTGGTAGA,2,5287850
zapB_predicted,1.3636363636363635,24,10,GTTGCGGGTGGCTATTTGCA,14,5265286
zapB_predicted,0.5454545454545454,15,10,GTGTAGAAGTAGGACCTGTC,5,5277783
zapB_predicted,0.2727272727272727,12,10,GTGATCAGAACCTGGAATGT,2,5266549
zapB_predicted,0.5454545454545454,15,10,GTCCTCTGGACAGGAATCGA,5,5267245
zapB_predicted,1.5454545454545454,26,10,GTCCGTTTTCGGCTAACCTC,16,5263400
zapB_predicted,0.18181818181818182,11,10,GTAAGGGGTAAGAGGGTTTA,1,5271123
zapB_predicted,0.2727272727272727,12,10,GTAACACACAGTGGGTGGGT,2,5282705
zapB_predicted,84.72727272727273,941,10,GGTCACGCCACAAAGACAGA,931,5271118
zapB_predicted,0.7272727272727273,17,10,GGTAGGACTAATAGCGTGAG,7,5273394
zapB_predicted,0.6363636363636364,16,10,GGGTGCTCACGGCACTATGG,6,5277732
zapB_predicted,0.18181818181818182,11,10,GGGGGTGGCGACAGATATTG,1,5270351
zapB_predicted,0.18181818181818182,11,10,GGGCGGAGGCTTATGCAGAA,1,5266458
zapB_predicted,0.18181818181818182,11,10,GGGAGCCATATGCTAATGAC,1,5285498
zapB_predicted,0.45454545454545453,14,10,GGGACGTGACCTAACTATTG,4,5275204
zapB_predicted,0.36363636363636365,13,10,GGGAACCAGACGGGAACGAA,3,5269791
zapB_predicted,0.18181818181818182,11,10,GGCGTAAGCAACGGGGTCAA,1,5280488
zapB_predicted,0.18181818181818182,11,10,GGATCCTAGACGACAGCAGT,1,5265859
zapB_predicted,0.6363636363636364,16,10,GGACCGCTGGAGGTCGCAGC,6,5273957
zapB_predicted,0.2727272727272727,12,10,GCTACATGCGATTGTGAGAC,2,5279005
zapB_predicted,0.6363636363636364,16,10,GCGGTGCACGTATCGGGGGA,6,5273335
zapB_predicted,0.18181818181818182,11,10,GCGGCATGGAAGTGAACTCT,1,5270272
zapB_predicted,0.36363636363636365,13,10,GCGACCAGATCTCGGATGTA,3,5272070
zapB_predicted,0.18181818181818182,11,10,GCCCTTGTGGCAATGTCCGT,1,5276464
zapB_predicted,0.18181818181818182,11,10,GCCCGCGAAACAAGATTTTT,1,5284462
zapB_predicted,0.18181818181818182,11,10,GCCCCTCTATTGGACGGAAC,1,5265152
zapB_predicted,0.36363636363636365,13,10,GCACCGGGGGTCGAAGTCAC,3,5282329
zapB_predicted,5.2727272727272725,67,10,GCAAACTGTATAGCGTGTCA,57,5287815
zapB_predicted,0.45454545454545453,14,10,GATTGTGGCCTTCGTCAGGT,4,5265216
zapB_predicted,0.6363636363636364,16,10,GATTGACGCAGCGTGATCAA,6,5273828
zapB_predicted,0.5454545454545454,15,10,GAGGTCCGCCTCCTATGTGC,5,5279398
zapB_predicted,0.18181818181818182,11,10,GAGGGGTAACTTCTTTGTAA,1,5265414
zapB_predicted,0.18181818181818182,11,10,GAGGACAGAATTGACCAGTA,1,5273094
zapB_predicted,0.2727272727272727,12,10,GACTAGATAAATCTCGTGTC,2,5265341
zapB_predicted,0.2727272727272727,12,10,GACCGATTCTCCTAAGTTAT,2,5278585
zapB_predicted,0.18181818181818182,11,10,GACCCGCGCGGTGGATACCA,1,5280859
zapB_predicted,87.36363636363636,970,10,GACATATATATACTGCGCTA,960,5287724
zapB_predicted,0.6363636363636364,16,10,GAATCATAGTCATTCACTGT,6,5268762
zapB_predicted,0.36363636363636365,13,10,GAAGTCCTAATGTGTCAGGT,3,5285838
zapB_predicted,0.5454545454545454,15,10,GAAGTAGTGCCGACCTTGTG,5,5273599
zapB_predicted,0.2727272727272727,12,10,GAAGAAGCATGCTTTCATAT,2,5280347
zapB_predicted,0.45454545454545453,14,10,CTTGACTTCTACCACTGCGT,4,5263271
zapB_predicted,0.7272727272727273,17,10,CTGCTTGCTTTGCATTTGTA,7,5267430
zapB_predicted,0.36363636363636365,13,10,CTGCGGAGTAAGGAAACATT,3,5263510
zapB_predicted,0.36363636363636365,13,10,CTCTGTGATTGTTATAAATA,3,5271076
zapB_predicted,0.9090909090909091,19,10,CTCGTCGTATTCTGAATATG,9,5279277
zapB_predicted,0.18181818181818182,11,10,CTCAACCTAAGCGAGCAAAG,1,5278587
zapB_predicted,0.18181818181818182,11,10,CTATAATAAGTAGGTACGGA,1,5265340
zapB_predicted,0.7272727272727273,17,10,CTAATGTGTACCCCTGTGCT,7,5269148
zapB_predicted,0.18181818181818182,11,10,CGTCGGATCGTTGGGTAGTA,1,5286369
zapB_predicted,0.2727272727272727,12,10,CGGTGATTATCATTAGCCTG,2,5281205
zapB_predicted,0.18181818181818182,11,10,CGGCTTGACAGGTCAAAGCA,1,5275839
zapB_predicted,0.18181818181818182,11,10,CGGCTCTCATACTATCGGGG,1,5270178
zapB_predicted,0.2727272727272727,12,10,CGGCATGAAACCTCTAGTAC,2,5275112
zapB_predicted,0.5454545454545454,15,10,CGGCAAGCTGTCGTGATAAT,5,5275324
zapB_predicted,0.18181818181818182,11,10,CGGAGGCACCCCGGAGCGTT,1,5278411
zapB_predicted,0.18181818181818182,11,10,CGGAGCTGAGAAATTTTCCA,1,5280088
zapB_predicted,0.18181818181818182,11,10,CGGACGTGGGGCAGCAATAC,1,5283176
zapB_predicted,0.18181818181818182,11,10,CGCGCTTCCTAGTCCAAAGT,1,5271119
zapB_predicted,0.5454545454545454,15,10,CGCCATGGGGGGAGATAAGT,5,5268941
zapB_predicted,0.6363636363636364,16,10,CGAACGGAGTCTTGCTGGAA,6,5265164
zapB_predicted,0.18181818181818182,11,10,CGAAAGAGGTTCTATTTTCT,1,5280500
zapB_predicted,0.5454545454545454,15,10,CCTCGAAAAAACCCGGATGA,5,5287514
zapB_predicted,1.2727272727272727,23,10,CCTCCGAAGTTATTGAGATG,13,5278318
zapB_predicted,0.8181818181818182,18,10,CCGCCGTACCGTACAAGGTT,8,5268936
zapB_predicted,0.18181818181818182,11,10,CCGCAGCACAGCGAAATCGG,1,5277953
zapB_predicted,1.0909090909090908,21,10,CCGATCATAGAGGTGTGCGG,11,5272523
zapB_predicted,0.5454545454545454,15,10,CCCAGGCTTATATGCTTTCA,5,5280620
zapB_predicted,0.18181818181818182,11,10,CCAAGCGAAGCCTGAAGTTC,1,5275923
zapB_predicted,0.2727272727272727,12,10,CATTCTGATTCGTTTTAGAA,2,5263476
zapB_predicted,0.45454545454545453,14,10,CATTCACCGGTGATCGCTGT,4,5267864
zapB_predicted,0.18181818181818182,11,10,CATATTGTCTACTTGGGAGT,1,5272388
zapB_predicted,0.18181818181818182,11,10,CAGTGGAATATGCAGGTGGG,1,5275653
zapB_predicted,0.18181818181818182,11,10,CAGTCATAGCAGCTTGTGTG,1,5275434
zapB_predicted,0.18181818181818182,11,10,CACTAGGCGAAGATCTGGTA,1,5275640
zapB_predicted,1.8181818181818181,29,10,CACGTCCTCTACAAGCAACT,19,5283367
zapB_predicted,0.45454545454545453,14,10,CACCTAGATGCCGACATAGG,4,5276218
zapB_predicted,0.18181818181818182,11,10,CACACCTGGACTAACCTGGT,1,5276011
zapB_predicted,0.18181818181818182,11,10,CAATAACATCGGTGCTTAAG,1,5288095
zapB_predicted,0.18181818181818182,11,10,CAAGGTGGGTCCCCGACTGA,1,5285192
zapB_predicted,0.5454545454545454,15,10,CAAACGTCAGCATCTGTCTC,5,5267033
zapB_predicted,0.2727272727272727,12,10,ATTATATTGCCTCCCCCATA,2,5285785
zapB_predicted,0.2727272727272727,12,10,ATGTATTTGCTGGGCTGTAC,2,5266556
zapB_predicted,0.36363636363636365,13,10,ATCCTCTGTGTAAGCAAGTA,3,5286817
zapB_predicted,0.36363636363636365,13,10,ATCCGCAGGCGATGATGGTA,3,5274003
zapB_predicted,0.36363636363636365,13,10,ATCCCTGAATGGTTCTGGCC,3,5276656
zapB_predicted,0.36363636363636365,13,10,ATATGATGCCTGCTGTCAAC,3,5276748
zapB_predicted,0.18181818181818182,11,10,AGTGGTTGACATGTTTTTTG,1,5287092
zapB_predicted,0.2727272727272727,12,10,AGTGGTGTGCAGCCTACAAC,2,5285701
zapB_predicted,3.909090909090909,52,10,AGTCGTTTTTCGTTTGGGTA,42,5287604
zapB_predicted,0.7272727272727273,17,10,AGGGCGGTACGTCTAAGGTC,7,5270295
zapB_predicted,1.0,20,10,AGGGAACACTGCAGTGGGTG,10,5287603
zapB_predicted,0.5454545454545454,15,10,AGGCTGAACTCCGTAGGCCG,5,5280758
zapB_predicted,1.1818181818181819,22,10,AGGCGGTCCGGAATTTATGC,12,5277400
zapB_predicted,0.18181818181818182,11,10,AGGAAACGTCAGACTGGTCG,1,5266069
zapB_predicted,0.18181818181818182,11,10,AGCTTGAAGATTATATCACC,1,5264810
zapB_predicted,0.45454545454545453,14,10,AGCTACGTCTTCTGGTTGAA,4,5267150
zapB_predicted,0.18181818181818182,11,10,AGCGCGCGAAAGGGCGCAAC,1,5286813
zapB_predicted,0.2727272727272727,12,10,AGCCGTCGGGAAATTGGCTC,2,5280772
zapB_predicted,0.18181818181818182,11,10,AGAGTTGTTATTTGGATAAC,1,5273908
zapB_predicted,0.45454545454545453,14,10,AGAGGGATAAACCAATCCTT,4,5275880
zapB_predicted,0.5454545454545454,15,10,AGACACGAAACCCGATTCAA,5,5283038
zapB_predicted,0.5454545454545454,15,10,AGAAATATCCCGCAAGAATG,5,5285392
zapB_predicted,0.45454545454545453,14,10,ACTTGGCGACATCGGGATAG,4,5270186
zapB_predicted,0.18181818181818182,11,10,ACTGTATATGGCCGGTCTGT,1,5282364
zapB_predicted,0.8181818181818182,18,10,ACTCTAAAGCCGTGGACGCT,8,5287359
zapB_predicted,0.45454545454545453,14,10,ACTACTCTCGGGGACAGTTA,4,5271995
zapB_predicted,0.18181818181818182,11,10,ACTAAGAGATTGACCCATTT,1,5276176
zapB_predicted,0.45454545454545453,14,10,ACGGGGGCCTTTTTAAACCT,4,5278416
zapB_predicted,0.2727272727272727,12,10,ACCTGAGGGTCTAGAGTAGC,2,5269216
zapB_predicted,1.1818181818181819,22,10,ACCCCAGCGGTGGGAATAGC,12,5269911
zapB_predicted,0.8181818181818182,18,10,ACATACCCCGGAATATAATC,8,5287081
zapB_predicted,0.18181818181818182,11,10,AAGAGCGAATATATGAGTGG,1,5263303
zapB_predicted,0.18181818181818182,11,10,AACGGCTTCAACCACGTCGC,1,5277198
zapB_predicted,0.2727272727272727,12,10,AACGCTGTAGTTGGATCCCC,2,5276295
zapB_predicted,0.9090909090909091,19,10,AAATCGCTGTATTGTCTCAA,9,5276182
zapB_predicted,0.18181818181818182,11,10,AAACATATTGCGACGACGGA,1,5278610
zapB_predicted,0.2,10,9,TTTGACTCTTTGGGACCAGA,1,5265838
zapB_predicted,0.3,11,9,TTTCACCTGACATTAATGCC,2,5274382
zapB_predicted,1.7,25,9,TTTAGTCCGTTGGAAAAACC,16,5280705
zapB_predicted,1.3,21,9,TTGGGCAGGACCTCATATGT,12,5271587
zapB_predicted,0.4,12,9,TTGGATGGATGAAGGCATTT,3,5270891
zapB_predicted,0.6,14,9,TTGAAATGCCGTTGTCGAGG,5,5268352
zapB_predicted,0.4,12,9,TTGAAAGATTCTAGAGCGCT,3,5269948
zapB_predicted,0.4,12,9,TTCGTGTATGCACTCGGAGT,3,5264970
zapB_predicted,1.0,18,9,TTCCCGAGCTGTGGACTACG,9,5284487
zapB_predicted,0.5,13,9,TTAGCTGACATAGATCTTTC,4,5271784
zapB_predicted,0.5,13,9,TGTTGATACGGTTACAGTGA,4,5270698
zapB_predicted,0.4,12,9,TGTTCGAGCTTCGCTACATG,3,5281401
zapB_predicted,0.3,11,9,TGTTCCACCAAGATTTTTTA,2,5285724
zapB_predicted,0.5,13,9,TGTTCAGAATGAGGGTCAAC,4,5276592
zapB_predicted,0.4,12,9,TGGACGGTTTTCTGATTAAC,3,5270575
zapB_predicted,0.5,13,9,TGCGGGCGCTAGTACCTGTT,4,5285304
zapB_predicted,0.8,16,9,TGATTGTAGGGGGGCGCTGG,7,5263338
zapB_predicted,0.2,10,9,TGATGATCGCATAGGCGCCA,1,5281696
zapB_predicted,0.3,11,9,TGAATCCGAGGAGTTCTGTG,2,5284618
zapB_predicted,0.3,11,9,TGAAGGAGCTTGCAGGATTG,2,5286104
zapB_predicted,1.0,18,9,TGAAAACGAAGACCGAGATA,9,5273195
zapB_predicted,0.3,11,9,TCCATTTTTGAAGGGCCAGG,2,5268711
zapB_predicted,1.1,19,9,TCCATAGAATCCTCGTTGTT,10,5281827
zapB_predicted,0.2,10,9,TCCAACAACACGGCTAGCGG,1,5272497
zapB_predicted,0.8,16,9,TCATCCTGGGCCTAACAGAT,7,5287173
zapB_predicted,0.3,11,9,TCATCCAAGCGTCCTTACGC,2,5283698
zapB_predicted,0.2,10,9,TCAGCCACACAGCCTGCTAT,1,5274078
zapB_predicted,0.2,10,9,TATTAAATTATTGGCAGTCC,1,5281667
zapB_predicted,0.3,11,9,TATGCCGCTCAATAGCGTAC,2,5276786
zapB_predicted,0.2,10,9,TAGGTGGGGCAGCGTCGTGA,1,5267083
zapB_predicted,0.7,15,9,TAGGTCTTATAGCCACGGTC,6,5281987
zapB_predicted,0.2,10,9,TAGATAGACGCACATTGATA,1,5279452
zapB_predicted,0.3,11,9,TAGAATCATTTCCTGAGAGG,2,5269414
zapB_predicted,0.4,12,9,TACTCTCATCTTTACCGTCT,3,5265959
zapB_predicted,0.2,10,9,TACCATTAAGAAGGAGACAT,1,5271230
zapB_predicted,0.5,13,9,TACATTGACATGAACCGTGC,4,5285400
zapB_predicted,0.7,15,9,TAAGATTCATGAGCGGTGAA,6,5281332
zapB_predicted,0.3,11,9,GTTCGTCGGAGAGCTTGTGT,2,5287448
zapB_predicted,0.5,13,9,GTTACAAATTTAGGCGCATA,4,5268748
zapB_predicted,0.4,12,9,GTTAATGTATTGCTAAGTGA,3,5283640
zapB_predicted,0.3,11,9,GTGTCTCTTCGCGCCGCATC,2,5269173
zapB_predicted,88.0,888,9,GTGGTCTGCGCTCACTTAGA,879,5284085
zapB_predicted,0.4,12,9,GTGGAACCCTTCTACGCTTT,3,5271621
zapB_predicted,0.8,16,9,GTGAAGACAGCCGTCGTAAA,7,5285957
zapB_predicted,0.4,12,9,GTCTCGCTGGGTTTCACCGA,3,5270490
zapB_predicted,0.3,11,9,GTCGAGCCGTGCCCGCTGGA,2,5282253
zapB_predicted,0.4,12,9,GTAAGAAAGTGAGGGCGCGG,3,5270019
zapB_predicted,0.2,10,9,GGTTTGGCGCTTTCGCTCTT,1,5266210
zapB_predicted,0.3,11,9,GGTTGCGGTACTTATAGGTA,2,5271309
zapB_predicted,0.3,11,9,GGTAACTCGCCAGTGATCTT,2,5267251
zapB_predicted,0.2,10,9,GGGTTGACGCACAAGCTACT,1,5282650
zapB_predicted,0.3,11,9,GGGGTCAACGGGGGCCGCAG,2,5263654
zapB_predicted,0.2,10,9,GGGCGAACACGGGCGTAAAA,1,5286061
zapB_predicted,0.6,14,9,GGCTTGTATTGCTCCCAGAA,5,5267950
zapB_predicted,91.6,924,9,GGCTTAGTATAAGCGCGCGT,915,5283019
zapB_predicted,0.2,10,9,GGCTACAGGAGCAAGAGAGC,1,5280552
zapB_predicted,0.2,10,9,GGCGGGCGATACAACGGCAG,1,5284137
zapB_predicted,0.2,10,9,GGCGAGTTCAGATTACGCGG,1,5276685
zapB_predicted,0.2,10,9,GGAGTGCCGGTGGGATGGGG,1,5264538
zapB_predicted,0.3,11,9,GCTTTGTCCGTCGTGATAAG,2,5263387
zapB_predicted,0.5,13,9,GCTATAATCGACTGGCTGAT,4,5273897
zapB_predicted,0.4,12,9,GCCTTCACCCTTGAAAAGGT,3,5270130
zapB_predicted,0.4,12,9,GCCTGAAGAACATTCAGCTT,3,5265967
zapB_predicted,0.4,12,9,GCCCGCGTGCCGGTAAGTTG,3,5273350
zapB_predicted,0.5,13,9,GCCAGCCTCGGAGACTCAAG,4,5283545
zapB_predicted,0.4,12,9,GATTGTGATACTTCCGTGTA,3,5267969
zapB_predicted,0.3,11,9,GATGGTATCGCGATCCTTGT,2,5275439
zapB_predicted,0.2,10,9,GATCCTAACCGGTGTTATCT,1,5264410
zapB_predicted,0.4,12,9,GAGTGCAAAATAGTCTCTTT,3,5272030
zapB_predicted,0.6,14,9,GAGGGCAGTCGGATTAGGTT,5,5287381
zapB_predicted,0.2,10,9,GAGCGCCATACGTATCTCTA,1,5277083
zapB_predicted,3.5,43,9,GACAGGTGTCCGATCCTTGA,34,5287601
zapB_predicted,0.2,10,9,GAACAGCCGTTGATTGCATT,1,5263536
zapB_predicted,0.3,11,9,CTTTTAGAGTGAGATCTCCT,2,5280794
zapB_predicted,0.4,12,9,CTGCTACAAATTAATAAAAC,3,5283969
zapB_predicted,0.4,12,9,CTGCAGCCTAGGCAGGGCAG,3,5274475
zapB_predicted,0.4,12,9,CTGCAACAAGCACTGCGAGC,3,5276164
zapB_predicted,0.2,10,9,CTCTTTCCTATATCCAAATG,1,5273882
zapB_predicted,0.6,14,9,CTCTCCACTTGCCTGCTTAT,5,5270623
zapB_predicted,0.2,10,9,CTCGTGGAATTCCCCACGAA,1,5269790
zapB_predicted,0.2,10,9,CTCGGTTTGAATTCGAGTCG,1,5272434
zapB_predicted,0.4,12,9,CTCCCAAACATACCCTAGAG,3,5272147
zapB_predicted,0.3,11,9,CTATGTACACGTGAAAAGCA,2,5271008
zapB_predicted,0.3,11,9,CGTTATCGGCGAGTACCCCT,2,5263688
zapB_predicted,0.2,10,9,CGTAAGGTTTCGATCAAGTC,1,5263143
zapB_predicted,0.2,10,9,CGGCCAGGCGTATGATATCG,1,5286665
zapB_predicted,0.3,11,9,CGGCAAGGTCATCAGACGTA,2,5266344
zapB_predicted,0.6,14,9,CGCTGGGCGAGAGCTGCGCT,5,5279705
zapB_predicted,2.9,37,9,CGCATTAGGTTAGCGATGGG,28,5264583
zapB_predicted,1.5,23,9,CCTGCACCCAGGTTATATAT,14,5282941
zapB_predicted,0.2,10,9,CCGTACGGCCAGGCTAGCAT,1,5283921
zapB_predicted,0.2,10,9,CCGAAGAGAGGGTTGCAAAG,1,5271623
zapB_predicted,0.5,13,9,CCCGGCGCGAGTAGCTGCGG,4,5276712
zapB_predicted,0.2,10,9,CCAGGAACTTGACAACAAAC,1,5271871
zapB_predicted,0.2,10,9,CATTTCGCCACAGCTCGCAG,1,5277576
zapB_predicted,0.3,11,9,CATCGTGGAATAACGCATAC,2,5286743
zapB_predicted,0.2,10,9,CATATATCGCTTTAAATATG,1,5277584
zapB_predicted,0.3,11,9,CAGTTTTGGTTAAGATAAGC,2,5282149
zapB_predicted,1.3,21,9,CAGTCATGGCACCCTGGTCC,12,5284475
zapB_predicted,0.8,16,9,CACGTCCACCGTTTTGGAGA,7,5273193
zapB_predicted,0.5,13,9,CACGCAGAGAGCTCTGTTCG,4,5287107
zapB_predicted,0.2,10,9,CACACTGAAACCACTTCGAG,1,5268928
zapB_predicted,0.6,14,9,CAAGCGTCCCCGATCCGGCT,5,5282398
zapB_predicted,1.1,19,9,CAACTCGCTCCTGTTTCAGG,10,5281857
zapB_predicted,0.3,11,9,CAAATGCTCCCCATCATGAA,2,5277030
zapB_predicted,0.3,11,9,CAAACTGGAACTGAAGGAAA,2,5276690
zapB_predicted,0.8,16,9,CAAACCGACGTCAAGTAAAC,7,5281268
zapB_predicted,0.7,15,9,CAAAATGGATACAGGCCGGC,6,5280109
zapB_predicted,0.3,11,9,ATTTGTCACCCATTTGGGTT,2,5285851
zapB_predicted,0.2,10,9,ATTTGACAGTCGGTTCCGCA,1,5271382
zapB_predicted,0.2,10,9,ATTCCGCCCCGCCGCCGAGT,1,5283865
zapB_predicted,0.4,12,9,ATTCCCCTTCTGGGCTCAAT,3,5285762
zapB_predicted,0.9,17,9,ATTATTTACAGGCCGAGATC,8,5271492
zapB_predicted,1.0,18,9,ATGGCCGTGGGGAGTGGCCG,9,5281919
zapB_predicted,0.2,10,9,ATCGGTTCAGCAACAGCAAC,1,5273405
zapB_predicted,0.2,10,9,ATCGAACTTTCAAAAGATGT,1,5271681
zapB_predicted,0.3,11,9,ATCACCGGGCCACCAGAGTA,2,5282498
zapB_predicted,0.3,11,9,ATACTGCCCAGGTAGACGGG,2,5282771
zapB_predicted,0.3,11,9,ATACAGCACGAACGGGAGCC,2,5283198
zapB_predicted,0.8,16,9,ATAAAGTTTCGGTAGAGATA,7,5272691
zapB_predicted,0.4,12,9,AGTGGGCAATAATAACGAAT,3,5278291
zapB_predicted,0.2,10,9,AGTGATTTCTCTGGAGCTAA,1,5287185
zapB_predicted,0.8,16,9,AGTCGTGCTCTACACACGGT,7,5279582
zapB_predicted,1.2,20,9,AGGTTTCTTTAATTGTTTTG,11,5284080
zapB_predicted,0.2,10,9,AGGTAATTCATTAGTGGGAG,1,5266209
zapB_predicted,0.3,11,9,AGGAGTTCTGATTAAGTAGA,2,5284443
zapB_predicted,0.2,10,9,AGCCTCTCGCAGCGTCTTCG,1,5288413
zapB_predicted,0.2,10,9,ACTTGTGATGACTTTCCACT,1,5266780
zapB_predicted,0.2,10,9,ACTTACATACCATGGGGATG,1,5276907
zapB_predicted,0.2,10,9,ACTGGCCACTACCCAGTATA,1,5279570
zapB_predicted,0.2,10,9,ACGTCCGCTGTTATTGGTTC,1,5265125
zapB_predicted,0.2,10,9,ACGAACAACTTCTAGTGCCA,1,5264786
zapB_predicted,1.3,21,9,ACATCTCGGGGACTGTACCT,12,5287086
zapB_predicted,0.4,12,9,ACAGTGGCCTACCACTTCTA,3,5286798
zapB_predicted,1.1,19,9,AAGTTGTTTGCCTCGCGCGC,10,5273693
zapB_predicted,0.7,15,9,AAGGTCGTCACTTGTCAAAT,6,5266175
zapB_predicted,0.5555555555555556,12,8,TTTTCTACGTCGATGGGGAC,4,5278099
zapB_predicted,0.4444444444444444,11,8,TTGTGACGGCTTCAACGGGG,3,5276813
zapB_predicted,0.3333333333333333,10,8,TTCTTGTAAGTATACTATCT,2,5275776
zapB_predicted,0.4444444444444444,11,8,TTATGGAGTCATTATAACAT,3,5284549
zapB_predicted,1.1111111111111112,17,8,TGTGCTGGCCCCGCCATTGG,9,5286084
zapB_predicted,0.3333333333333333,10,8,TGTGCTCCACTAACCATGAA,2,5282247
zapB_predicted,104.44444444444444,947,8,TGTCTAAGTGGCTATTTGAC,939,5267368
zapB_predicted,0.2222222222222222,9,8,TGTCAGCAAGGGCATGGAGA,1,5273219
zapB_predicted,0.4444444444444444,11,8,TGTACTTTGGCCGTCATAGG,3,5275362
zapB_predicted,0.3333333333333333,10,8,TGTAATCAGCAATCTGCTAA,2,5281887
zapB_predicted,0.7777777777777778,14,8,TGGTGGCCCGTGCTCATGGT,6,5279992
zapB_predicted,0.2222222222222222,9,8,TGGTGGATATTTTGGATCTA,1,5264030
zapB_predicted,0.5555555555555556,12,8,TGGGCTGTGTCTCACTAAAA,4,5274101
zapB_predicted,0.2222222222222222,9,8,TGGGCTCATGTAAGCTCCGC,1,5285755
zapB_predicted,0.2222222222222222,9,8,TGGCGAGCTCCTTTAACGGG,1,5280638
zapB_predicted,1.0,16,8,TGCTGGGCACTAAATGCAGG,8,5281724
zapB_predicted,0.3333333333333333,10,8,TGCAAAACGCGTTACAGGGT,2,5268520
zapB_predicted,0.2222222222222222,9,8,TGAGGTCGCAATGAGGGGGT,1,5282390
zapB_predicted,1.1111111111111112,17,8,TGAGCTAAGACTGCCCAAGG,9,5264044
zapB_predicted,0.4444444444444444,11,8,TGAGCAGATGCTTCCTTGAC,3,5265382
zapB_predicted,0.2222222222222222,9,8,TGAACCCCCGCTGGCCTCTC,1,5266246
zapB_predicted,0.2222222222222222,9,8,TCTGTCCGATTCGGCCTCGG,1,5266950
zapB_predicted,0.4444444444444444,11,8,TCTGATCTTCATTTGGTCGC,3,5282641
zapB_predicted,0.3333333333333333,10,8,TCTATACTTTTAGCTCTCAA,2,5282426
zapB_predicted,0.5555555555555556,12,8,TCTAGCTATCGGCGCGGGCA,4,5284426
zapB_predicted,0.7777777777777778,14,8,TCGTACTGTACCGGAAGATA,6,5266222
zapB_predicted,0.5555555555555556,12,8,TCGCATGTATCACATAATGA,4,5273958
zapB_predicted,0.2222222222222222,9,8,TCGATGCCCCGTAGGCACGA,1,5267044
zapB_predicted,0.2222222222222222,9,8,TCGACCACCAGTATTGCGAG,1,5286512
zapB_predicted,0.7777777777777778,14,8,TCCGGTGCTACGCTGCGCAA,6,5280710
zapB_predicted,0.2222222222222222,9,8,TCCCAAGCCTAAGCTATTGT,1,5278087
zapB_predicted,0.2222222222222222,9,8,TCCATCAAACAGGTCTTCCG,1,5263848
zapB_predicted,0.3333333333333333,10,8,TCATGCGCACGGCGTATAAG,2,5284245
zapB_predicted,0.2222222222222222,9,8,TCAGTGGTGAGAGAGTATCT,1,5273942
zapB_predicted,0.2222222222222222,9,8,TCAGAAAGCGTATCCGGGCG,1,5279838
zapB_predicted,0.2222222222222222,9,8,TCACGTATGTCGATACCTGT,1,5264483
zapB_predicted,0.6666666666666666,13,8,TCAATGGTACGAGGATCGGG,5,5282145
zapB_predicted,0.4444444444444444,11,8,TATGCTGGATATAGATGTGT,3,5267575
zapB_predicted,0.3333333333333333,10,8,TATGATGCGCGTCGTTCGTT,2,5272213
zapB_predicted,0.5555555555555556,12,8,TATGAGTGGGGGCGCGGACA,4,5263608
zapB_predicted,0.2222222222222222,9,8,TAGCAAGAAACCAGTATCGG,1,5286661
zapB_predicted,0.2222222222222222,9,8,TAAACATGAGCAACAGGGTG,1,5270193
zapB_predicted,0.4444444444444444,11,8,GTTGATTGAACTCAGCTAAA,3,5279404
zapB_predicted,0.5555555555555556,12,8,GTTAGCACCACGTGTAACGC,4,5286123
zapB_predicted,0.3333333333333333,10,8,GTGGGTATGGAACGGGACGA,2,5267707
zapB_predicted,0.5555555555555556,12,8,GTGATCTTGTTCTTTGTGCC,4,5271730
zapB_predicted,0.4444444444444444,11,8,GTGAACTGGATTGGTACCTG,3,5271453
zapB_predicted,0.4444444444444444,11,8,GTATTGCGTGGTGGTAGAAT,3,5268997
zapB_predicted,0.2222222222222222,9,8,GTATGGTCATAAGCAGTTTG,1,5280505
zapB_predicted,0.2222222222222222,9,8,GTAGAAATTAGGACTAGGGA,1,5264291
zapB_predicted,0.2222222222222222,9,8,GTAACGAACCATACCGGCGA,1,5280732
zapB_predicted,0.2222222222222222,9,8,GGTTATGGTCTGTGGTTCAC,1,5266157
zapB_predicted,1.3333333333333333,19,8,GGTGATTATGCGCTCTATGG,11,5275665
zapB_predicted,0.4444444444444444,11,8,GGTAGGTAAATCCGGAGACG,3,5280725
zapB_predicted,0.5555555555555556,12,8,GGCTCGAGGTCTGGAGAAGG,4,5277857
zapB_predicted,0.2222222222222222,9,8,GGCTCCCCCCCCTTGCAGAG,1,5271631
zapB_predicted,0.6666666666666666,13,8,GGCAAGGACACCATATCGGG,5,5274780
zapB_predicted,0.7777777777777778,14,8,GGATTATAGGGCGCCTTTAC,6,5271104
zapB_predicted,0.8888888888888888,15,8,GGATGAGGAAATCCTAAGTT,7,5269056
zapB_predicted,1.1111111111111112,17,8,GGAGGTGATTTATTAATAAA,9,5263412
zapB_predicted,0.2222222222222222,9,8,GCGTGGTAAAGAATACTAAA,1,5266699
zapB_predicted,1.1111111111111112,17,8,GCGCGTGCGCAGCATTATAT,9,5271491
zapB_predicted,0.2222222222222222,9,8,GCGAGTCCTATCGCGAAGGG,1,5275081
zapB_predicted,0.4444444444444444,11,8,GCCTTAGGCTGTTGTCCTGT,3,5280537
zapB_predicted,0.3333333333333333,10,8,GCCTCCCAGCAACCGTGGGA,2,5270898
zapB_predicted,0.2222222222222222,9,8,GCCGTCGTTCCATAACCACT,1,5279433
zapB_predicted,0.3333333333333333,10,8,GCCGATATGTCCGTACGAGA,2,5276919
zapB_predicted,0.3333333333333333,10,8,GCACAATATCTGCGTCCGGG,2,5269179
zapB_predicted,0.5555555555555556,12,8,GATGCGTGACTAATCGTAAC,4,5274864
zapB_predicted,0.2222222222222222,9,8,GACAGTGGAGATTAAAAGGC,1,5284625
zapB_predicted,0.3333333333333333,10,8,GAAAGTAGTCACGAGATCCA,2,5271315
zapB_predicted,0.4444444444444444,11,8,GAAAGATGTGCATCATCAAT,3,5282664
zapB_predicted,108.88888888888889,987,8,GAAAAGGTTCTACCTCGACA,979,5276983
zapB_predicted,104.55555555555556,948,8,CTTTAGGGACCGTTGTCACC,940,5271089
zapB_predicted,1.2222222222222223,18,8,CTTGGCAACTACGTATGTAT,10,5281961
zapB_predicted,0.5555555555555556,12,8,CTTCGTCACGAAAACGGGTA,4,5275610
zapB_predicted,0.4444444444444444,11,8,CTGTATTAGTGCCTGTAGTA,3,5266145
zapB_predicted,0.3333333333333333,10,8,CTGGCGTAGTTTGGATAAGA,2,5264929
zapB_predicted,0.7777777777777778,14,8,CTGGCCCTAACACTGCAACT,6,5286972
zapB_predicted,0.5555555555555556,12,8,CTCGCTGAAATCCGCAGTCT,4,5279688
zapB_predicted,0.4444444444444444,11,8,CTCACGTTAGGACGCCACAC,3,5264334
zapB_predicted,0.2222222222222222,9,8,CTCACGAAGTTGAGTACGGT,1,5272815
zapB_predicted,0.2222222222222222,9,8,CTATGTTACCTTGGTTCCGA,1,5275177
zapB_predicted,0.3333333333333333,10,8,CGTGCAAGGTCCTAGCGAAA,2,5265200
zapB_predicted,0.5555555555555556,12,8,CGGTGGTACATTTCCGTCAT,4,5281984
zapB_predicted,0.6666666666666666,13,8,CGCTGGGTTTCCAAGTCCTA,5,5268076
zapB_predicted,2.5555555555555554,30,8,CGCGGACGGTGCAACCGTAA,22,5269046
zapB_predicted,0.2222222222222222,9,8,CGCGATATTCAAAGTGCTAC,1,5279993
zapB_predicted,0.2222222222222222,9,8,CGCAAAGCGTACTGGGCTTC,1,5275894
zapB_predicted,97.77777777777777,887,8,CGACCCCGGATTGGACATAA,879,5274492
zapB_predicted,0.2222222222222222,9,8,CGACAATAACATCTCTGTCA,1,5280686
zapB_predicted,0.4444444444444444,11,8,CGAATAGTTAGCTATTGACT,3,5280389
zapB_predicted,0.3333333333333333,10,8,CGAACTCTCTTTCACAATAA,2,5278551
zapB_predicted,1.6666666666666667,22,8,CCTGCTTTAAGTGATGGGGG,14,5266753
zapB_predicted,0.2222222222222222,9,8,CCTGCCTTCGCAGACTTGAT,1,5280358
zapB_predicted,0.6666666666666666,13,8,CCTGAATGTGTAGATTATCA,5,5271122
zapB_predicted,0.6666666666666666,13,8,CCTAACCACACGGGCACTTG,5,5266775
zapB_predicted,0.5555555555555556,12,8,CCGTGGGATTTGGTCGAGTG,4,5280771
zapB_predicted,0.4444444444444444,11,8,CCGTAGCGGATGGCAACTTC,3,5272074
zapB_predicted,0.7777777777777778,14,8,CCGCTTTGAACCGGAACGCT,6,5271503
zapB_predicted,0.6666666666666666,13,8,CCCGGTGCATACTAGAGGTT,5,5266474
zapB_predicted,0.2222222222222222,9,8,CCCGAGCAGCCCGGATTAAG,1,5264462
zapB_predicted,0.2222222222222222,9,8,CCCCAGCGGTAATTGGTGAT,1,5273544
zapB_predicted,0.5555555555555556,12,8,CCATGCCCGTCACTCGCAAG,4,5270164
zapB_predicted,0.7777777777777778,14,8,CCACGCACATAAATCGGCGG,6,5281620
zapB_predicted,0.2222222222222222,9,8,CCACGAATGACTCCAAGTCC,1,5276709
zapB_predicted,0.6666666666666666,13,8,CATTTGGCTCCGCCCAACCG,5,5265168
zapB_predicted,0.2222222222222222,9,8,CATTGATAATTGCGCGCTTT,1,5277745
zapB_predicted,0.2222222222222222,9,8,CATCAACAGTCAACGGGGAA,1,5265249
zapB_predicted,1.5555555555555556,21,8,CAGGACCGACGCATTGCTGC,13,5266234
zapB_predicted,0.4444444444444444,11,8,CAGATCCAATCGCGATTTGT,3,5273740
zapB_predicted,1.8888888888888888,24,8,CAGAATCTCTTCACCACTGT,16,5285646
zapB_predicted,1.2222222222222223,18,8,CACTTCGTGTAACTTCCGCA,10,5269215
zapB_predicted,0.3333333333333333,10,8,CACACAACATGTATGGCTGT,2,5264100
zapB_predicted,1.7777777777777777,23,8,CAATGGGAATTGTGTCAACG,15,5282038
zapB_predicted,0.6666666666666666,13,8,CAAGCTAGGTAGGAAGTTTC,5,5274841
zapB_predicted,1.1111111111111112,17,8,ATTGCGCTCTATTCTTGTGC,9,5269642
zapB_predicted,0.3333333333333333,10,8,ATTCACAACACGTAGCGCTT,2,5275566
zapB_predicted,0.2222222222222222,9,8,ATGTCGTAAGCTTCGATCCA,1,5275718
zapB_predicted,0.5555555555555556,12,8,ATGCTCTCGTCGTGTTGTCT,4,5281932
zapB_predicted,0.3333333333333333,10,8,ATGCGAACTTATTGTACTGA,2,5278287
zapB_predicted,1.0,16,8,ATGCCTGGACTCTTCGTGGC,8,5275658
zapB_predicted,0.3333333333333333,10,8,ATGCACAGAGTAGTAACGTA,2,5275936
zapB_predicted,1.5555555555555556,21,8,ATGACGTGTGGTATGTTCGT,13,5279874
zapB_predicted,0.2222222222222222,9,8,ATGACGCTGCTACACAGAGT,1,5274715
zapB_predicted,0.4444444444444444,11,8,ATCTTTGGGATCAAGGTTTT,3,5266014
zapB_predicted,0.3333333333333333,10,8,ATCCGCACTTCAACAGGAGA,2,5275777
zapB_predicted,0.2222222222222222,9,8,ATCAGGAAAGTGGGATTTGA,1,5268484
zapB_predicted,0.2222222222222222,9,8,ATATATCGGATCTAATTGTG,1,5286349
zapB_predicted,0.2222222222222222,9,8,ATAGTCATTCGCAAGGCGTA,1,5268982
zapB_predicted,0.3333333333333333,10,8,ATACGGTTACATGGTCGTAA,2,5281073
zapB_predicted,0.4444444444444444,11,8,AGTTCTGCTCCTACCGCAAG,3,5279406
zapB_predicted,0.2222222222222222,9,8,AGGTGCGGTTGCGGTTACGT,1,5287063
zapB_predicted,1.3333333333333333,19,8,AGGTAGTCATTAGCGAAGGA,11,5276882
zapB_predicted,0.3333333333333333,10,8,AGGTAAGTAACTCCTGCTGC,2,5263081
zapB_predicted,0.2222222222222222,9,8,AGGGGGGTATTTACTCTACA,1,5278944
zapB_predicted,0.7777777777777778,14,8,AGGGATGCTCAAGGCTTAAT,6,5276260
zapB_predicted,0.7777777777777778,14,8,AGAGTTCACTCACACCGGTA,6,5274038
zapB_predicted,2.0,25,8,AGAGTGCTCGGCGTGTGCGT,17,5273657
zapB_predicted,0.5555555555555556,12,8,ACTTACCATGTCTTCTGGAC,4,5277024
zapB_predicted,0.5555555555555556,12,8,ACTGTGGTATCGCCTTTCCC,4,5285909
zapB_predicted,0.2222222222222222,9,8,ACTCAACACGGGCGGAGTCT,1,5277687
zapB_predicted,0.6666666666666666,13,8,ACTATTAAGTGGCATACCCT,5,5270538
zapB_predicted,0.3333333333333333,10,8,ACGGTCGCGATATTACTACA,2,5287659
zapB_predicted,0.4444444444444444,11,8,ACGGGTCTCAGTTCAGACAC,3,5264138
zapB_predicted,0.3333333333333333,10,8,ACGGCTGCCTGGATGCTTTA,2,5287481
zapB_predicted,0.7777777777777778,14,8,ACGCCAACCTACCACTGTAT,6,5279475
zapB_predicted,1.0,16,8,ACGACTTATCTGGCCCTTCT,8,5286080
zapB_predicted,0.2222222222222222,9,8,ACATTTCGTATGGCCTGGAC,1,5285499
zapB_predicted,0.2222222222222222,9,8,ACATTGAGGGAACCGTGCCA,1,5263365
zapB_predicted,0.6666666666666666,13,8,ACAATTGGTGGATAATCATA,5,5263661
zapB_predicted,0.2222222222222222,9,8,AATTACCTACATGCGCTCGT,1,5279734
zapB_predicted,0.2222222222222222,9,8,AATATTGTTTCATAAATTTA,1,5280926
zapB_predicted,1.3333333333333333,19,8,AAGGGCCGTGGCTCTTCACG,11,5274043
zapB_predicted,0.5555555555555556,12,8,AAGCGTTTCATCTCCAAAGT,4,5270322
zapB_predicted,0.5555555555555556,12,8,AAGCGCGAGGCGAAACATTG,4,5275465
zapB_predicted,1.5555555555555556,21,8,AACGGCTTATATGGATCGCA,13,5282612
zapB_predicted,0.6666666666666666,13,8,AAATTTCAGGGCTTACGACT,5,5282537
zapB_predicted,0.6666666666666666,13,8,AAAAATAGGGCGCGTGTTTC,5,5285578
zapB_predicted,1.3333333333333333,19,8,AAAAACATAATTTGACTGAA,11,5269075
zapB_predicted,0.5,10,7,TTTTCAGCGGCGGCCTTGAA,3,5270899
zapB_predicted,1.25,16,7,TTTGCTTCGCATTTGGCAAA,9,5277902
zapB_predicted,0.375,9,7,TTTGCTGAGTTGGGTTTACG,2,5277543
zapB_predicted,0.25,8,7,TTTGCGTTGTCGAGGGAGTC,1,5286483
zapB_predicted,0.25,8,7,TTTCTTTCTGCGCGTGGTCA,1,5271151
zapB_predicted,0.625,11,7,TTTCCAGTCAGCTTTATAAA,4,5267040
zapB_predicted,0.875,13,7,TTTCAGAGTGTCCAGCGGCC,6,5280160
zapB_predicted,0.25,8,7,TTTAGAGTCTCGGCTCCTGG,1,5269563
zapB_predicted,0.625,11,7,TTTAAGTTTCAAAGATACAG,4,5267634
zapB_predicted,119.625,963,7,TTGTTCATGCTTACTGATAT,956,5285649
zapB_predicted,0.25,8,7,TTGATTTTTATAGCTCATCT,1,5273007
zapB_predicted,0.625,11,7,TTGATAGGCAGGAGCTGTTG,4,5287340
zapB_predicted,0.25,8,7,TTGACACGCCCGCTCTGGCT,1,5284071
zapB_predicted,0.375,9,7,TTCTGTCTCTTGTCGTCAAC,2,5265182
zapB_predicted,0.25,8,7,TTCGCGAGTACCAATCTAGG,1,5265742
zapB_predicted,0.5,10,7,TTATTGCATACAGCGAACAA,3,5275200
zapB_predicted,1.25,16,7,TGTTGATAAGAATAAAAATT,9,5263652
zapB_predicted,1.5,18,7,TGTGCGAAGTCGTAGACTAT,11,5269142
zapB_predicted,0.25,8,7,TGTAAAGCTTAAGGTCATTC,1,5275405
zapB_predicted,0.375,9,7,TGGTCGGCCAAAATGTCCAT,2,5266571
zapB_predicted,0.75,12,7,TGGTCATGATATAACGGGCA,5,5267154
zapB_predicted,0.875,13,7,TGGCACACAGTTGGCAAGTT,6,5284299
zapB_predicted,0.25,8,7,TGCGGTGGGATGCCTCCATA,1,5269205
zapB_predicted,0.625,11,7,TGCCTCATGCTCGACCACCT,4,5267111
zapB_predicted,114.25,920,7,TGCATCTCCACAAGTCTAAT,913,5273406
zapB_predicted,1.0,14,7,TGATGATCTACGTGTTGCTT,7,5282642
zapB_predicted,0.875,13,7,TCTTCTATGGCCGGGCTTCA,6,5264257
zapB_predicted,1.375,17,7,TCTCGCCATTACTCGCTCAC,10,5276982
zapB_predicted,2.625,27,7,TCTACTCTTTTGCCGTTTGA,20,5287940
zapB_predicted,1.25,16,7,TCTACAGGGCGCCCAGTGTG,9,5274036
zapB_predicted,1.0,14,7,TCGGTGATCGTTATTCGCTA,7,5282977
zapB_predicted,0.625,11,7,TCGGTAAGCACGAATTCAAT,4,5265909
zapB_predicted,0.25,8,7,TCGCCCCTATAAATGGGCTA,1,5263564
zapB_predicted,1.0,14,7,TCCGAGTTCTCTCAAACTGA,7,5266566
zapB_predicted,0.625,11,7,TCCCGCCCAGTTGTGCGAAC,4,5275862
zapB_predicted,0.25,8,7,TCCCCGTAAGGGGACGGGGG,1,5265907
zapB_predicted,0.25,8,7,TCCAGATGTGTAAATTTCTG,1,5271236
zapB_predicted,1.0,14,7,TAGGGCACTTCCTAAAGGGT,7,5266906
zapB_predicted,3.5,34,7,TAGAGTCTGATATCGCCAGC,27,5273355
zapB_predicted,1.875,21,7,TAATTTTTCCGCTACATTAG,14,5283364
zapB_predicted,0.25,8,7,TAATCAGTTCACAGGGTTAC,1,5283214
zapB_predicted,0.5,10,7,TAAAGTCTCTATGTTCGATT,3,5265532
zapB_predicted,0.625,11,7,GTTGGCGAGGCATGGACAGC,4,5283103
zapB_predicted,0.375,9,7,GTTCTTGGACTTTATAGGTA,2,5263386
zapB_predicted,2.125,23,7,GTTATCCATGTTATTCGTGA,16,5268995
zapB_predicted,1.0,14,7,GTTACTGTAACCATCTGCGC,7,5271153
zapB_predicted,0.25,8,7,GTGACGCAATTTTATGGGTT,1,5275110
zapB_predicted,2.75,28,7,GTCCCCGGAGACATTAGAAG,21,5279857
zapB_predicted,0.375,9,7,GTCATGTATACAGGTCCAAC,2,5276908
zapB_predicted,0.25,8,7,GTCATCCTCGATCCGGTCTT,1,5270455
zapB_predicted,0.25,8,7,GTCATATTAACCAAAGTTGA,1,5281246
zapB_predicted,0.875,13,7,GTATACCTGAATCCTCCATG,6,5273792
zapB_predicted,0.5,10,7,GTAGGGGTTAATCCCGCCGT,3,5279166
zapB_predicted,0.25,8,7,GTAACATTGTGGGGACAAGC,1,5276856
zapB_predicted,0.375,9,7,GGTTAATGGAAAAGAAAGCC,2,5266777
zapB_predicted,1.0,14,7,GGTATGTCAGTGTTGGGATC,7,5269299
zapB_predicted,0.25,8,7,GGGCGCAGTAGAGGCGAACC,1,5266198
zapB_predicted,0.5,10,7,GGGCACGTTGACTACTGAGT,3,5281060
zapB_predicted,0.75,12,7,GGCTTAGGATTCAATTCCCT,5,5283231
zapB_predicted,0.25,8,7,GGCTCGTTGAGTCTATCCAG,1,5281015
zapB_predicted,0.375,9,7,GGCGGGCGTCATAGAGGAAA,2,5267035
zapB_predicted,0.75,12,7,GGCGCATGTCACAAGGTTGC,5,5268534
zapB_predicted,0.625,11,7,GCTTCATATGGTCCAACTAT,4,5286906
zapB_predicted,0.25,8,7,GCTGGGGAGAACTGATCCCA,1,5265848
zapB_predicted,1.125,15,7,GCTAACTCGTCCTGTGTTAT,8,5268671
zapB_predicted,0.375,9,7,GCGTGATATTTATCTTGTTG,2,5263541
zapB_predicted,0.375,9,7,GCGGTCAAGCGGATTATTGT,2,5288356
zapB_predicted,0.25,8,7,GCGGATAGCAATAATTGTGC,1,5268269
zapB_predicted,0.375,9,7,GCCCCGCGATGCCCGGCTCA,2,5266522
zapB_predicted,0.75,12,7,GCCCCCACGAAGCGTCATAT,5,5267237
zapB_predicted,0.25,8,7,GCCAAATCAGCGATGTCGAA,1,5270713
zapB_predicted,0.25,8,7,GCATCATAAAAGTCCCCAGT,1,5283914
zapB_predicted,0.75,12,7,GCACTGTTGCTAGCCACGAT,5,5270484
zapB_predicted,1.5,18,7,GCACAGGCTTCCCGTCAGAA,11,5279777
zapB_predicted,0.375,9,7,GCAAGTACGCAACGAGCACA,2,5281705
zapB_predicted,1.0,14,7,GATTATAGGGTTCGGAGATG,7,5272088
zapB_predicted,0.25,8,7,GATGCATGTGGCGCATCTTT,1,5271068
zapB_predicted,0.375,9,7,GATGACGCAATCCTGTGTTC,2,5265103
zapB_predicted,1.0,14,7,GATCTTGAGATGTTGACAAT,7,5284940
zapB_predicted,0.375,9,7,GAGAACTAGGATCAAAAGGC,2,5271308
zapB_predicted,1.375,17,7,GACGGTTGGCCAAGAAATCC,10,5277193
zapB_predicted,0.25,8,7,GACACTTCAGGTCATCACCC,1,5283754
zapB_predicted,96.0,774,7,GACACCTGCCCTTCTTAGGT,767,5265858
zapB_predicted,0.625,11,7,GACAATCCCGGAAACGAATA,4,5286716
zapB_predicted,0.375,9,7,GAATCAGCCGCATGCCGGAC,2,5285483
zapB_predicted,0.625,11,7,GAAGCTTGAACTGGCTACAA,4,5281738
zapB_predicted,0.25,8,7,GAACCCGGAATCTTACTATA,1,5270900
zapB_predicted,0.375,9,7,GAAAACGTCGTCAGTGATGT,2,5274928
zapB_predicted,0.375,9,7,CTTTGACACGTTACGCTCGG,2,5276875
zapB_predicted,0.25,8,7,CTGTTCCGGCTCGCTGAGAC,1,5274903
zapB_predicted,0.5,10,7,CTGGGGCATCCGCATGCGGA,3,5280706
zapB_predicted,0.375,9,7,CTCCATGTCAATCTGATATC,2,5269381
zapB_predicted,0.25,8,7,CTAACCATGATTTGGATATC,1,5276314
zapB_predicted,0.375,9,7,CTAAAGCGCCCGCCAACCCA,2,5277392
zapB_predicted,0.25,8,7,CGCTTCTGTGGCTTTAGTTC,1,5273791
zapB_predicted,0.875,13,7,CGCCTTGTATTCGTACGGGA,6,5268721
zapB_predicted,0.375,9,7,CGCCCCGTCTTCATTTACGT,2,5264815
zapB_predicted,0.5,10,7,CGCCACAAGTATCGCGTTTA,3,5281238
zapB_predicted,0.25,8,7,CGAATTGCACTATGATAATG,1,5274371
zapB_predicted,2.0,22,7,CGAACTCCCGGTGGGCAGGC,15,5269514
zapB_predicted,0.25,8,7,CGAACCCAATTATGCAAAAA,1,5277915
zapB_predicted,0.625,11,7,CCTGATTGGGGTCTTTAGGC,4,5269796
zapB_predicted,0.25,8,7,CCTCGGGAGGGCAGGCACCA,1,5273914
zapB_predicted,0.25,8,7,CCTATTTCGCCTTCTTCTCT,1,5284976
zapB_predicted,1.75,20,7,CCTATCAGGACTGTGTGTAC,13,5288140
zapB_predicted,0.25,8,7,CCGTTACGACCACGGGACGC,1,5276866
zapB_predicted,1.5,18,7,CCGGACCAACCCGCCGACAT,11,5273431
zapB_predicted,0.375,9,7,CCGCTCGGACCTGAACTACG,2,5275646
zapB_predicted,0.25,8,7,CCGCCCTGTCGTAATACCGT,1,5272917
zapB_predicted,0.5,10,7,CCGAAGGTCCCGATCAGGCT,3,5286637
zapB_predicted,1.0,14,7,CCCGTATACCTGCCCGACTG,7,5285062
zapB_predicted,0.5,10,7,CCCCATAGCAGTTGAGCAAT,3,5283344
zapB_predicted,0.75,12,7,CCATATCCGTCCAGCATGTT,5,5283220
zapB_predicted,0.75,12,7,CCACGGACCGACGAATGAAG,5,5278308
zapB_predicted,0.5,10,7,CCACCGCATGCCCGGGCCTA,3,5264877
zapB_predicted,0.375,9,7,CCAACCGCAATAGGGGCACG,2,5286359
zapB_predicted,0.25,8,7,CAGAGGGACCCGAGTTCTTG,1,5273917
zapB_predicted,0.625,11,7,CACCTCCTACGCGGACTGCA,4,5279043
zapB_predicted,1.0,14,7,CACATTCAGAAAGTGTCCCC,7,5279605
zapB_predicted,0.75,12,7,CACAACAGTTTACGCTTATG,5,5274582
zapB_predicted,0.25,8,7,CAAGTAGTGTCTCACCTACG,1,5267882
zapB_predicted,0.375,9,7,CAACGTCCAACCTATCAATA,2,5269492
zapB_predicted,0.875,13,7,CAACGGGCCTACCGATGAAC,6,5273489
zapB_predicted,0.375,9,7,CAAAATCCGCAAGTCCACGT,2,5266375
zapB_predicted,0.25,8,7,CAAAAACCTAAGGTCCTACT,1,5266661
zapB_predicted,0.625,11,7,ATTTAGGCGTCGTCTACAGT,4,5275612
zapB_predicted,0.75,12,7,ATTATTAGTTCACTTGATGC,5,5282060
zapB_predicted,0.375,9,7,ATGCGTTGGTCAGATTGTGC,2,5272436
zapB_predicted,0.25,8,7,ATGAGCGCACTGCATTCTAG,1,5278186
zapB_predicted,0.375,9,7,ATCTCGTCCAGCATTGCTGA,2,5286744
zapB_predicted,1.125,15,7,ATCTACTCAACCGAACTCGG,8,5270591
zapB_predicted,0.25,8,7,ATCGGCATTTTTCGTCTTTG,1,5283677
zapB_predicted,0.375,9,7,ATCACGCTTGACCTTGCCAC,2,5268526
zapB_predicted,0.5,10,7,ATATAGCTGATCGTTTGCTA,3,5274889
zapB_predicted,116.0,934,7,ATATAAGTAAACGCTAGGTG,927,5266748
zapB_predicted,0.5,10,7,AGTCTAGCGGCATGCCAAGG,3,5277174
zapB_predicted,0.25,8,7,AGTAAGCTATATAGCCATTT,1,5280409
zapB_predicted,0.25,8,7,AGTAACTATAGTCGGACTGG,1,5274529
zapB_predicted,0.375,9,7,AGGTGTTGACGGCACCCGTA,2,5287960
zapB_predicted,0.5,10,7,AGGTCAAGTTTTTGCAGGGA,3,5271300
zapB_predicted,1.0,14,7,AGGGTCTAAACTGGAATCGA,7,5269062
zapB_predicted,0.875,13,7,AGGGGAAGCGGCCCCGAGAG,6,5267677
zapB_predicted,2.5,26,7,AGGCTACATTTCCCATATGG,19,5267311
zapB_predicted,0.375,9,7,AGGATAATAAACAAACGTGC,2,5278209
zapB_predicted,0.625,11,7,AGGAAGACTGTATGTACCCC,4,5266151
zapB_predicted,0.375,9,7,AGCCGTCGCGTTAAAACCTA,2,5264995
zapB_predicted,1.25,16,7,AGCCCGGGTCGAAATTCCGT,9,5269436
zapB_predicted,0.375,9,7,AGACGCGGGCTACAAAATAG,2,5270911
zapB_predicted,1.25,16,7,ACTAGGGTACGCTGCGTGCC,9,5281917
zapB_predicted,0.25,8,7,ACGAGTCGGTAGGTGTTCTA,1,5281112
zapB_predicted,0.5,10,7,ACCTTTTCCCCTTTAGTCGT,3,5286913
zapB_predicted,0.5,10,7,ACCTAAGCCAAACTTTTGTG,3,5269178
zapB_predicted,0.375,9,7,ACCGAGGTTGCAGGGGCCTA,2,5275928
zapB_predicted,0.25,8,7,ACCCGTCATATGCACGCATT,1,5272465
zapB_predicted,0.25,8,7,ACCAGCGGGGTAAAATGTAC,1,5264187
zapB_predicted,0.75,12,7,ACATTCAAATGGGTGAATCC,5,5263785
zapB_predicted,0.5,10,7,ACAAAAGCCGGATCAATAGC,3,5274379
zapB_predicted,0.375,9,7,AATGGGCCAGGGGCGCTGCA,2,5272658
zapB_predicted,0.75,12,7,AATAACGGCTTTTTGGTCTC,5,5264684
zapB_predicted,1.25,16,7,AAGTTGACGAGCGTGACTAT,9,5288281
zapB_predicted,0.625,11,7,AACTCAGGCATCTGCAGGGT,4,5271091
zapB_predicted,0.25,8,7,AACGGCACTAAACGATATCA,1,5268181
zapB_predicted,0.25,8,7,AACCGGCAGGAAAAGCGGCT,1,5275809
zapB_predicted,0.625,11,7,AACAGGCACCTTCAGCCTAT,4,5284646
zapB_predicted,3.625,35,7,AACAATCGCGCGGGTAACAC,28,5267528
zapB_predicted,0.625,11,7,AAACCTTCGCGTCCTTTAAG,4,5284713
zapB_predicted,0.5714285714285714,9,6,TTTTAGTCCTTTGTCTGTCG,3,5284619
zapB_predicted,0.42857142857142855,8,6,TTTCCCGAGTTAGTCTTGAT,2,5287504
zapB_predicted,0.2857142857142857,7,6,TTTAGCAGGAGACGTCTGAG,1,5277601
zapB_predicted,0.2857142857142857,7,6,TTGTGGGGTTAGGTTACTGC,1,5284329
zapB_predicted,0.2857142857142857,7,6,TTGTCCTGGTCACTGGGTCT,1,5285111
zapB_predicted,0.2857142857142857,7,6,TTGTCCGATAGAGTGGGCAA,1,5287311
zapB_predicted,1.0,12,6,TTGCACACGGTAAAGAATGA,6,5285283
zapB_predicted,0.42857142857142855,8,6,TTCGTCCACTCGCACGGCAG,2,5266764
zapB_predicted,0.42857142857142855,8,6,TTCGGGAATTCATTACGTAA,2,5269702
zapB_predicted,0.7142857142857143,10,6,TTCCCGGGGTGCTCCAGCTG,4,5271320
zapB_predicted,0.2857142857142857,7,6,TTCCCGAACGCGCCCAAGGT,1,5282663
zapB_predicted,0.5714285714285714,9,6,TTATTTCGCAGCCCTCTTAT,3,5270048
zapB_predicted,0.8571428571428571,11,6,TTACTAAAGTCGATCTATCA,5,5281833
zapB_predicted,0.5714285714285714,9,6,TGTTGGTGCACACATTCAGA,3,5286737
zapB_predicted,0.2857142857142857,7,6,TGTGAACTCGTACCGCCATT,1,5276631
zapB_predicted,0.2857142857142857,7,6,TGTCTCCGGAAGATTCGAAG,1,5264745
zapB_predicted,0.2857142857142857,7,6,TGTCTAACAGTTATTTTCTA,1,5268428
zapB_predicted,0.2857142857142857,7,6,TGTCCGTCTCGATAGCCAGA,1,5267341
zapB_predicted,0.8571428571428571,11,6,TGTATCGGGCGGGGGAAGGC,5,5280806
zapB_predicted,0.42857142857142855,8,6,TGGTGCTGGGCTTCGTTGCA,2,5267046
zapB_predicted,0.2857142857142857,7,6,TGGTCGGGGCGTGATTTAAT,1,5285426
zapB_predicted,0.5714285714285714,9,6,TGGGCCAGGCACGGGTTTCC,3,5265477
zapB_predicted,0.7142857142857143,10,6,TGCTTCCAGCGGCCCGGTGC,4,5274716
zapB_predicted,1.5714285714285714,16,6,TGCGCCGTTTATATGGATGT,10,5286776
zapB_predicted,0.7142857142857143,10,6,TGATGCAAGTAAAACAGTCC,4,5274510
zapB_predicted,0.2857142857142857,7,6,TGAATCCGTGATGTTGGGAA,1,5263865
zapB_predicted,0.42857142857142855,8,6,TCGTGTTCCTCACTTGCAGA,2,5268205
zapB_predicted,0.5714285714285714,9,6,TCGTGACCTTCTTCGGGTCC,3,5286711
zapB_predicted,0.2857142857142857,7,6,TCGCTTCAGAACCATGTTCG,1,5271723
zapB_predicted,0.42857142857142855,8,6,TCGATAAGTGCGTATACAGA,2,5270043
zapB_predicted,0.5714285714285714,9,6,TCGACCTGTTAACGATTTTT,3,5277825
zapB_predicted,0.5714285714285714,9,6,TCCGGAGAAACATTTATTGA,3,5279180
zapB_predicted,0.5714285714285714,9,6,TCCCTTATTAAAAGCTCGCG,3,5269774
zapB_predicted,2.142857142857143,20,6,TCAGATTAATCATTGGCCTT,14,5280715
zapB_predicted,0.5714285714285714,9,6,TCACTTGCGTAGATCTAAAG,3,5265011
zapB_predicted,0.2857142857142857,7,6,TCAATTCCGTAATACGGACT,1,5273857
zapB_predicted,0.5714285714285714,9,6,TCAATACACATCCGGCCGAC,3,5269881
zapB_predicted,0.5714285714285714,9,6,TATGTCCGGTATTATGTGCC,3,5265656
zapB_predicted,6.142857142857143,48,6,TATCTTAGATAAGATGCGCT,42,5269513
zapB_predicted,0.7142857142857143,10,6,TATCGAGCAAAGGGCCGGGA,4,5272447
zapB_predicted,0.42857142857142855,8,6,TATCCAAGAATTTGGCCCTA,2,5275300
zapB_predicted,0.42857142857142855,8,6,TATAGTGCTGTGAGTCTCAA,2,5277522
zapB_predicted,0.42857142857142855,8,6,TACTGAACGACATCATCAGT,2,5274283
zapB_predicted,0.42857142857142855,8,6,TACGTCAGATTGCCTTTACT,2,5275863
zapB_predicted,0.8571428571428571,11,6,TACAACGCACGGCCTATACC,5,5263122
zapB_predicted,0.2857142857142857,7,6,TAAAAGGTACTAGATTACCC,1,5274583
zapB_predicted,0.5714285714285714,9,6,GTTTATCAGCATGCCACTTA,3,5266434
zapB_predicted,0.5714285714285714,9,6,GTTCCAGTTGCTCTGACTGG,3,5281044
zapB_predicted,0.5714285714285714,9,6,GTTCAGTCCGGTTCGACCCC,3,5273060
zapB_predicted,1.0,12,6,GTTAGGACCCTTTCAGTTCA,6,5266746
zapB_predicted,2.7142857142857144,24,6,GTGTGCCCGCTCCCAGGAGG,18,5283374
zapB_predicted,0.5714285714285714,9,6,GTGTCAGTCCGTTGCCCCAT,3,5275430
zapB_predicted,0.2857142857142857,7,6,GTGGTCCCGTCCACTGAGAC,1,5284799
zapB_predicted,0.2857142857142857,7,6,GTGCGGTGAGGGGCTTTAAA,1,5278888
zapB_predicted,0.5714285714285714,9,6,GTGCGCAGCACGCGGGGATG,3,5269864
zapB_predicted,0.8571428571428571,11,6,GTGAAAGACAAAAAAATTGA,5,5286981
zapB_predicted,0.2857142857142857,7,6,GTGAAAATTATGAGTACCAT,1,5283427
zapB_predicted,0.2857142857142857,7,6,GTCATATTCTAGGTTATGTC,1,5288150
zapB_predicted,0.42857142857142855,8,6,GTCAGTGTTGTCATACTTGG,2,5287190
zapB_predicted,0.2857142857142857,7,6,GTCAGGCCTTCGATACAAAA,1,5281842
zapB_predicted,0.42857142857142855,8,6,GTCAGCTAATAGGCGCTTAT,2,5277467
zapB_predicted,0.5714285714285714,9,6,GTAATCTGTGAGGGCTATTT,3,5275183
zapB_predicted,0.7142857142857143,10,6,GTAATCAGAAAAAATTGAGA,4,5284103
zapB_predicted,0.2857142857142857,7,6,GGTGTTACCAGGGTATTCAT,1,5271748
zapB_predicted,0.2857142857142857,7,6,GGTATCGTTTTATCGCATAC,1,5265376
zapB_predicted,0.2857142857142857,7,6,GGTAACAAAGCCCGTCCGCG,1,5286957
zapB_predicted,0.7142857142857143,10,6,GGGGCCTGGTAAAATGGGTA,4,5280453
zapB_predicted,0.8571428571428571,11,6,GGGGATCTACGTCCCATGAT,5,5264956
zapB_predicted,0.2857142857142857,7,6,GGCTCTCGGGATCTAGCGCA,1,5282961
zapB_predicted,1.8571428571428572,18,6,GGCCCCTTTCGCAGAGACCT,12,5269748
zapB_predicted,0.2857142857142857,7,6,GGCCACTAGCGTCAGAGGTC,1,5274137
zapB_predicted,0.5714285714285714,9,6,GGCAAGGTCTTGATTCTTTA,3,5278464
zapB_predicted,0.2857142857142857,7,6,GGATCAGAACATAAGTGGGG,1,5278405
zapB_predicted,0.8571428571428571,11,6,GGACTGAAAGAAAAGACGGC,5,5270248
zapB_predicted,0.2857142857142857,7,6,GGAAGATTAGGATCCTCAAA,1,5277116
zapB_predicted,0.42857142857142855,8,6,GGAACCTAGGGAGAGCGCAA,2,5266874
zapB_predicted,0.7142857142857143,10,6,GCTTTTGAATAGTAACCCAT,4,5275962
zapB_predicted,0.2857142857142857,7,6,GCTTGTTAAAGCCAGGGAGC,1,5286828
zapB_predicted,0.8571428571428571,11,6,GCGGGGATCACGAGCGCTCG,5,5271430
zapB_predicted,0.42857142857142855,8,6,GCGGGATCCCGTTGACGTGA,2,5268910
zapB_predicted,0.2857142857142857,7,6,GCGGCGTCTTAGAATTTCCC,1,5263754
zapB_predicted,1.0,12,6,GCGCCCGCAATCTGGTACCT,6,5280785
zapB_predicted,1.0,12,6,GCCTGTCGCTAGTCCGTTAG,6,5282888
zapB_predicted,0.5714285714285714,9,6,GCCCTTCTTTCATATAGCTG,3,5267792
zapB_predicted,2.0,19,6,GCCCTGGGCTTGGATCCGGG,13,5267305
zapB_predicted,0.42857142857142855,8,6,GCCAAGAATCATGCGAGGCC,2,5277270
zapB_predicted,0.7142857142857143,10,6,GCATAGCAACTAAACGCATT,4,5268099
zapB_predicted,2.857142857142857,25,6,GATTTTTAGGCAGTAGCTAT,19,5274025
zapB_predicted,0.2857142857142857,7,6,GATGTCAACCACAACACGCC,1,5281361
zapB_predicted,0.42857142857142855,8,6,GATGACCAGTAATGATAAAC,2,5274342
zapB_predicted,0.8571428571428571,11,6,GATAGTCAGGGATGGCGGCA,5,5269898
zapB_predicted,0.2857142857142857,7,6,GAGTGAACGGTTCGTCACAA,1,5286572
zapB_predicted,0.5714285714285714,9,6,GACGGAGTCTGTCTTACAAT,3,5272842
zapB_predicted,0.2857142857142857,7,6,GACGCAGTAGGTCAGTTAAG,1,5285988
zapB_predicted,132.85714285714286,935,6,GACGAGTTGACCCCAATTCA,929,5286391
zapB_predicted,0.42857142857142855,8,6,GACAGCTAGTAATGTCGAGC,2,5280162
zapB_predicted,0.7142857142857143,10,6,GAATATGGCAATGTCGAAAA,4,5270607
zapB_predicted,0.7142857142857143,10,6,GAAGATACGGCTTTAATTCA,4,5269900
zapB_predicted,1.7142857142857142,17,6,CTTTGAAAGGGAAGGTCGGA,11,5269253
zapB_predicted,0.2857142857142857,7,6,CTTCGTCAATAGAACCTAGA,1,5283859
zapB_predicted,0.7142857142857143,10,6,CTGCATGCGCATCGAGATGT,4,5277614
zapB_predicted,6.857142857142857,53,6,CTCCCGGGGCGGAATTACCA,47,5279861
zapB_predicted,2.2857142857142856,21,6,CTAGGCCAAGACATGCGTCT,15,5274505
zapB_predicted,0.2857142857142857,7,6,CTACCTAGTTCGACGGAATA,1,5263459
zapB_predicted,0.2857142857142857,7,6,CTAAAACTCTTGCACAAATG,1,5276508
zapB_predicted,0.42857142857142855,8,6,CGTTTAAGGTCGGGTATTTG,2,5270707
zapB_predicted,0.8571428571428571,11,6,CGTTCCCAGATCGTCATTTG,5,5278060
zapB_predicted,0.42857142857142855,8,6,CGTTACTCGGTCTCCCTACA,2,5283826
zapB_predicted,0.42857142857142855,8,6,CGTGGTAACCATTGGTTGTA,2,5277774
zapB_predicted,0.42857142857142855,8,6,CGTCGAGATTACACGAATAA,2,5272023
zapB_predicted,1.7142857142857142,17,6,CGTAGTCAGATCGGGCGAAG,11,5273658
zapB_predicted,0.42857142857142855,8,6,CGGTTCTCTGTTGCGCTTTC,2,5282766
zapB_predicted,4.0,33,6,CGGGCTGTTTATATTTTCGA,27,5271990
zapB_predicted,1.0,12,6,CGGCCATGAGTACTACCGCA,6,5274197
zapB_predicted,0.2857142857142857,7,6,CGGATGCTTTAGGCAAGTTC,1,5281741
zapB_predicted,0.2857142857142857,7,6,CGGATAATCCCGGCGCTCCG,1,5287491
zapB_predicted,0.42857142857142855,8,6,CGCTGCTGCTCGAGTGTCTT,2,5278088
zapB_predicted,1.1428571428571428,13,6,CGCGTAGTTCTCACTCCCCC,7,5265464
zapB_predicted,0.42857142857142855,8,6,CGCCGGTTCCGCAGTTGCCC,2,5278226
zapB_predicted,0.5714285714285714,9,6,CGATCAGTAAAGAACAGAAT,3,5271090
zapB_predicted,0.7142857142857143,10,6,CGACGGGTTCTCGCTTCCCA,4,5276128
zapB_predicted,3.0,26,6,CGAAGGGACCAGCTTAAAGT,20,5264595
zapB_predicted,0.2857142857142857,7,6,CGAACGACCGGCCATGGAAG,1,5280481
zapB_predicted,0.42857142857142855,8,6,CGAAAGAAATAGGCTTTGCT,2,5285765
zapB_predicted,0.2857142857142857,7,6,CCTAGTTAGAAAGGGCTTTA,1,5281622
zapB_predicted,0.2857142857142857,7,6,CCTAATTCCCGCTGCCTTTG,1,5281229
zapB_predicted,0.2857142857142857,7,6,CCGCCTCCTATTTGCTACGT,1,5286666
zapB_predicted,0.42857142857142855,8,6,CCGACCAGCCCGCTGGAGCA,2,5271229
zapB_predicted,0.2857142857142857,7,6,CCCGACTATTTTTGTTTTAA,1,5265069
zapB_predicted,1.2857142857142858,14,6,CCCCTAAAACAATGCTGAAT,8,5265222
zapB_predicted,0.8571428571428571,11,6,CCCATCACGCCGTGCTCAAA,5,5272009
zapB_predicted,0.2857142857142857,7,6,CCACGCGTTATTCGAATTAA,1,5275374
zapB_predicted,0.7142857142857143,10,6,CCAAGCCTAAGGGTCCAACT,4,5271056
zapB_predicted,0.2857142857142857,7,6,CATTGGTCGCTTCCTAGTCA,1,5283229
zapB_predicted,0.2857142857142857,7,6,CATATCTATGTTGGAATGCC,1,5278079
zapB_predicted,1.1428571428571428,13,6,CATAGTCTCGGGGATCTTGA,7,5277091
zapB_predicted,0.42857142857142855,8,6,CAGTTAGTACAAACAACCTC,2,5274844
zapB_predicted,0.2857142857142857,7,6,CAGTAGGGTAGGTCGGTGAT,1,5271715
zapB_predicted,0.42857142857142855,8,6,CAGGCCACCGCGCTTCGGGA,2,5273316
zapB_predicted,0.8571428571428571,11,6,CAGAGCTTTAGTGCGGCGCA,5,5276847
zapB_predicted,0.2857142857142857,7,6,CAGAAAGGAAACCCCGCACT,1,5275568
zapB_predicted,0.7142857142857143,10,6,CACTGCAGATGACCTTTTTT,4,5276072
zapB_predicted,0.2857142857142857,7,6,CACTCCGTCACGACATCCAG,1,5266221
zapB_predicted,0.2857142857142857,7,6,CACGCGATTTTTTGTGTTTC,1,5272835
zapB_predicted,0.2857142857142857,7,6,CAAGGGACTCTCCTGCACAT,1,5277023
zapB_predicted,0.2857142857142857,7,6,ATTTAAGCGGTATCATGGTA,1,5282173
zapB_predicted,1.2857142857142858,14,6,ATTGCATCACATAAGTGCGC,8,5272094
zapB_predicted,0.42857142857142855,8,6,ATTGACTATTTTTTTATGAG,2,5269204
zapB_predicted,0.2857142857142857,7,6,ATTCCTAGCTAGTGGCTGCT,1,5269272
zapB_predicted,0.2857142857142857,7,6,ATTCCCGAGGGCGCATCAGC,1,5277594
zapB_predicted,0.2857142857142857,7,6,ATGGTCTTCCCCAAGGCATA,1,5282193
zapB_predicted,0.2857142857142857,7,6,ATGGGGCTGAAATGACGGCT,1,5268930
zapB_predicted,0.2857142857142857,7,6,ATGGATATCAGGAAAAAGTG,1,5274526
zapB_predicted,0.7142857142857143,10,6,ATGAGGTGACCTGGGCTATC,4,5270157
zapB_predicted,0.8571428571428571,11,6,ATGACTGCGGAGAGCCATCT,5,5283610
zapB_predicted,0.7142857142857143,10,6,ATCTACTCCCGTTATACAGC,4,5264673
zapB_predicted,1.1428571428571428,13,6,ATCGATTTTAGGGTTGCCAA,7,5281071
zapB_predicted,0.2857142857142857,7,6,ATCAGCGTTTATATAACTGA,1,5265538
zapB_predicted,0.2857142857142857,7,6,ATCAAGATTCGAAATTACGG,1,5279268
zapB_predicted,0.2857142857142857,7,6,ATACGTTTTCTGCCGCAGCT,1,5266924
zapB_predicted,1.0,12,6,ATACGGGCGTAGGGTCTGCG,6,5280637
zapB_predicted,135.57142857142858,954,6,ATACCGCTGGAAGGTTGAAC,948,5287838
zapB_predicted,0.2857142857142857,7,6,AGTGATGCTGGAGGATGGCA,1,5285297
zapB_predicted,0.42857142857142855,8,6,AGTGAGCTGCGCTACCTGCA,2,5266670
zapB_predicted,0.8571428571428571,11,6,AGTCGGTCACTCGGGCTGCC,5,5274481
zapB_predicted,2.0,19,6,AGTCGCTTGGAGCGTCATAC,13,5282539
zapB_predicted,0.2857142857142857,7,6,AGGGCGGCACGCGGCCCTGA,1,5286955
zapB_predicted,0.42857142857142855,8,6,AGGAGTAACATATCCGTATC,2,5264114
zapB_predicted,0.42857142857142855,8,6,AGGAGGTCCTGTCGGCAGAC,2,5283469
zapB_predicted,0.2857142857142857,7,6,AGCGGCCGGGCATCACATAA,1,5263159
zapB_predicted,2.857142857142857,25,6,AGCGCTTGGATGCGGAGTGA,19,5280226
zapB_predicted,0.7142857142857143,10,6,AGCCTTACGGTCCCGAATAT,4,5267734
zapB_predicted,0.42857142857142855,8,6,AGCCGTTGGGCTCGCTCTAC,2,5286059
zapB_predicted,2.4285714285714284,22,6,AGCCCTCACCGTCTTGTTTC,16,5266996
zapB_predicted,0.2857142857142857,7,6,AGCCCGCAGCACGCCGCGAC,1,5284000
zapB_predicted,6.857142857142857,53,6,AGCATTTACCAGTGACACTT,47,5280838
zapB_predicted,0.5714285714285714,9,6,AGAGACTTCTACCGTCCGGG,3,5266476
zapB_predicted,0.42857142857142855,8,6,AGAACACAATGGCGAACGCA,2,5270948
zapB_predicted,2.142857142857143,20,6,ACTGCCAGAGTTTCGGACCC,14,5280224
zapB_predicted,0.2857142857142857,7,6,ACTCACCAGATCGTTTAAGA,1,5288397
zapB_predicted,0.2857142857142857,7,6,ACTACCATGCGTGACGCATA,1,5263639
zapB_predicted,2.2857142857142856,21,6,ACGTTTTGATTTTCAACCCA,15,5283557
zapB_predicted,0.2857142857142857,7,6,ACGCGTTTCCTGGTTTCTTA,1,5282187
zapB_predicted,0.8571428571428571,11,6,ACGCGGGGAAGTCGTTGTAG,5,5280779
zapB_predicted,0.2857142857142857,7,6,ACGCAGCACATGAAGCCATT,1,5271124
zapB_predicted,0.8571428571428571,11,6,ACCCGCTTCGAAGCACCGTT,5,5278309
zapB_predicted,0.7142857142857143,10,6,ACCAAGTAAGCTTTACCTAC,4,5265336
zapB_predicted,0.42857142857142855,8,6,ACATTGCATCCCGGACTGTG,2,5265903
zapB_predicted,0.2857142857142857,7,6,ACACTGCAAGGGTCTCAGCC,1,5274367
zapB_predicted,1.5714285714285714,16,6,AATTGGCTTGAGGGTTTAAC,10,5275699
zapB_predicted,0.2857142857142857,7,6,AATTAGTCACGACATATATC,1,5264331
zapB_predicted,0.5714285714285714,9,6,AATGTAACACCTCATCAGTA,3,5284483
zapB_predicted,0.8571428571428571,11,6,AATGGCGGACGAGGTATTCA,5,5280707
zapB_predicted,1.0,12,6,AATCATTCTATGCCGGTGCG,6,5273988
zapB_predicted,0.2857142857142857,7,6,AAGCGATCTGTCCGAAAGTT,1,5276497
zapB_predicted,0.42857142857142855,8,6,AAGAAACAAGTATCCAGAGC,2,5277117
zapB_predicted,0.42857142857142855,8,6,AACTGACACACCGAGGGCAT,2,5285825
zapB_predicted,0.8571428571428571,11,6,AACTAATTGCATCGAGACTC,5,5272829
zapB_predicted,0.7142857142857143,10,6,AACGACACAGAACGACGGAG,4,5273971
zapB_predicted,1.0,12,6,AACCTGGGGGACGGGCAAGA,6,5264582
zapB_predicted,0.2857142857142857,7,6,AACAGGGAGGCGAGGAGCCA,1,5275099
zapB_predicted,1.0,12,6,AAATTCTTTCGAGACTCGTT,6,5275580
zapB_predicted,0.5714285714285714,9,6,AAATGCATGAGGCGTAGGAC,3,5267265
zapB_predicted,0.5714285714285714,9,6,AAATCAGCACATATTAGCAT,3,5281981
zapB_predicted,0.2857142857142857,7,6,AAAGTTTCGGACAACCTGTG,1,5271920
zapB_predicted,0.2857142857142857,7,6,AAAACCCCATTCAATGGGAA,1,5276768
zapB_predicted,1.1666666666666667,11,5,TTTTGTACTGTTATACGGAA,6,5273331
zapB_predicted,0.5,7,5,TTTGGGGTGAATTTCTTTCC,2,5280270
zapB_predicted,2.1666666666666665,17,5,TTTGGACTTCTACTAACAAA,12,5278299
zapB_predicted,0.5,7,5,TTTCGGCCCCGGTCATAAAA,2,5285516
zapB_predicted,0.3333333333333333,6,5,TTTCATATAGGTATGATTTT,1,5279922
zapB_predicted,0.5,7,5,TTTCAGGGGCAATCTAAACG,2,5274966
zapB_predicted,0.3333333333333333,6,5,TTTATTCCGTTCCATCGTTT,1,5263817
zapB_predicted,0.6666666666666666,8,5,TTGATCGAATAACCTGACTG,3,5267816
zapB_predicted,0.5,7,5,TTGAGCGCTGATATAACCCC,2,5273072
zapB_predicted,0.6666666666666666,8,5,TTGAAGGCGGGATATAGATA,3,5275683
zapB_predicted,0.6666666666666666,8,5,TTGAAGCTCCCGCCCGGGAC,3,5270501
zapB_predicted,0.3333333333333333,6,5,TTGAACTAAGGCTATCCTAT,1,5281099
zapB_predicted,0.5,7,5,TTCTAGCCCGACCTCGAAGG,2,5263074
zapB_predicted,0.3333333333333333,6,5,TTCCGGATCTTGCCAGTCTG,1,5264920
zapB_predicted,0.5,7,5,TTCATGATCGCTGGGGCTCG,2,5279228
zapB_predicted,1.5,13,5,TTCATACGCGGAAACCTTTC,8,5277234
zapB_predicted,0.3333333333333333,6,5,TTCACCTACCTTTTGTCTAA,1,5284463
zapB_predicted,0.5,7,5,TTACTAAACTTGTTTTATCC,2,5268612
zapB_predicted,1.6666666666666667,14,5,TGTATATTTCACGAAGAGCT,9,5265744
zapB_predicted,1.5,13,5,TGTACTGTATCGTCTTCTGC,8,5269994
zapB_predicted,0.3333333333333333,6,5,TGGTATGAAATGGTGGGTTA,1,5286305
zapB_predicted,0.5,7,5,TGGCTCGATCTCAAGCGTCG,2,5285200
zapB_predicted,0.3333333333333333,6,5,TGCATATTCTCGATTAGGCA,1,5267818
zapB_predicted,0.5,7,5,TGATTTTCTTGTTCTAGAAT,2,5288096
zapB_predicted,1.1666666666666667,11,5,TGATTGAATGATAGAATGTG,6,5287833
zapB_predicted,1.0,10,5,TGACGGTAGACTTATTCGCT,5,5265752
zapB_predicted,105.33333333333333,636,5,TGAAGCATCATATTTCTTGG,631,5267175
zapB_predicted,0.5,7,5,TCTCGGTTACGCGAAGGGAT,2,5264936
zapB_predicted,3.3333333333333335,24,5,TCTACGGGCTATGACAGTCG,19,5271487
zapB_predicted,1.3333333333333333,12,5,TCGGCCGGAACAAGACGTGG,7,5263339
zapB_predicted,0.6666666666666666,8,5,TCGATACACATAAAGCCCCT,3,5267599
zapB_predicted,1.6666666666666667,14,5,TCGAAAGGCAGCCCTTTATT,9,5269051
zapB_predicted,0.5,7,5,TCCTCCCCAACTGATGCCTT,2,5279761
zapB_predicted,0.3333333333333333,6,5,TCCGTGTCTATGAACAATCT,1,5277103
zapB_predicted,0.3333333333333333,6,5,TCCGTGGTAAGTTGGAGTCT,1,5272424
zapB_predicted,0.6666666666666666,8,5,TCCCGGATATGCCCTCCTAC,3,5285394
zapB_predicted,0.3333333333333333,6,5,TCCACCATTCCTGCTTACTG,1,5284658
zapB_predicted,5.166666666666667,35,5,TCATTGAACTTGCCTCTCTT,30,5277190
zapB_predicted,0.3333333333333333,6,5,TCATGGCGGGTGGATCTAAT,1,5270768
zapB_predicted,172.33333333333334,1038,5,TCATACGAGTTGCTCGGAAT,1033,5287446
zapB_predicted,0.3333333333333333,6,5,TCACGGGGTTAAGTATTCAT,1,5264869
zapB_predicted,0.5,7,5,TCAAGACGTATTCGAAGCGG,2,5264279
zapB_predicted,0.3333333333333333,6,5,TATGTTGCCGTGTGCGGATA,1,5268425
zapB_predicted,0.6666666666666666,8,5,TATGTCAAATCGCGAACCAT,3,5270547
zapB_predicted,0.6666666666666666,8,5,TATGACTTTACCATGGGGGA,3,5280782
zapB_predicted,1.1666666666666667,11,5,TATACGATTGGCACTTTAAT,6,5286982
zapB_predicted,2.6666666666666665,20,5,TAGCTCGTTCAAGCAAGTCT,15,5267012
zapB_predicted,316.8333333333333,1905,5,TAGATGCTATGTCAAACTGC,1900,5279311
zapB_predicted,0.8333333333333334,9,5,TAGAAAAAAGACTGGTTCCT,4,5285253
zapB_predicted,0.3333333333333333,6,5,TACTGCTCAAAGGGCCCCTG,1,5283216
zapB_predicted,0.3333333333333333,6,5,TACGTAGGGGATTCAGCAAC,1,5280205
zapB_predicted,0.3333333333333333,6,5,TACCTAATTGCAGATAAAGA,1,5286256
zapB_predicted,0.3333333333333333,6,5,TAACTATTAATAATCGAGTA,1,5276770
zapB_predicted,0.5,7,5,GTTGCAGGGCCACATCCCGT,2,5276284
zapB_predicted,2.5,19,5,GTTCGCGGGGAGTCCATACG,14,5265063
zapB_predicted,0.5,7,5,GTTCCCTAGAGGGGCTAAAC,2,5267290
zapB_predicted,0.8333333333333334,9,5,GTTATGGAGGAACGTTAGTT,4,5270696
zapB_predicted,0.3333333333333333,6,5,GTGTAATTTATCGCGCTCAA,1,5279126
zapB_predicted,2.0,16,5,GTGAGCAACACATTTATGGA,11,5271989
zapB_predicted,1.1666666666666667,11,5,GTCTATTACTCTATACGGGT,6,5285780
zapB_predicted,0.3333333333333333,6,5,GTCGGCTCTTGGGGTGCGCA,1,5278613
zapB_predicted,1.1666666666666667,11,5,GTCGCCTCCTCGTGGGCAGA,6,5266947
zapB_predicted,0.3333333333333333,6,5,GTATCTTCACGTTTGAACGT,1,5263464
zapB_predicted,0.3333333333333333,6,5,GTAGCGCGTAAGTCGCACCA,1,5271102
zapB_predicted,0.5,7,5,GTAGAAGGTGCCAGCTATCA,2,5277802
zapB_predicted,0.8333333333333334,9,5,GTACTTCATTCTAGTACCGC,4,5267873
zapB_predicted,1.5,13,5,GTACGGAACGGCTTTGCTGC,8,5284048
zapB_predicted,0.3333333333333333,6,5,GTACCCGTCATTGGTCCACA,1,5285789
zapB_predicted,0.3333333333333333,6,5,GTAACGGCGGTAGACTAGAT,1,5280902
zapB_predicted,0.3333333333333333,6,5,GGTTCATAGGGACATTAACT,1,5276852
zapB_predicted,0.6666666666666666,8,5,GGTTATATAACAGACAACCC,3,5264702
zapB_predicted,1.0,10,5,GGTCCCCATCCGAACTCCAT,5,5266389
zapB_predicted,0.5,7,5,GGGTACTTAACCATACAAGC,2,5283496
zapB_predicted,0.5,7,5,GGGAGGGTCTTACTTGAGGA,2,5285411
zapB_predicted,0.6666666666666666,8,5,GGCGCGACATTGTCCCCTGT,3,5279056
zapB_predicted,2.1666666666666665,17,5,GGCGCCAATGTCCGTCTCAG,12,5266390
zapB_predicted,0.3333333333333333,6,5,GGACCCCAAAACGATAAGCC,1,5264685
zapB_predicted,0.8333333333333334,9,5,GGAATTCGGGGGGGACGTTA,4,5269761
zapB_predicted,0.8333333333333334,9,5,GCTTTGTCGTTAACTTGGGT,4,5277327
zapB_predicted,0.3333333333333333,6,5,GCTTGTTAACACCGGGACCA,1,5274396
zapB_predicted,0.8333333333333334,9,5,GCTCGGCTAGAGGCTGGGCG,4,5269571
zapB_predicted,0.3333333333333333,6,5,GCGGGGTAATATACGACAGC,1,5268969
zapB_predicted,0.5,7,5,GCCTATCTTTCACCTGCCGC,2,5269716
zapB_predicted,0.8333333333333334,9,5,GCCGTATTACTATTGGATTT,4,5264468
zapB_predicted,0.3333333333333333,6,5,GCCGCTGGTATCAAAGCATT,1,5263668
zapB_predicted,0.6666666666666666,8,5,GCAGTCATGAAATTCACGTC,3,5277442
zapB_predicted,1.1666666666666667,11,5,GCACTATGCCGTATTGTGTC,6,5272807
zapB_predicted,0.5,7,5,GATCTTCCACTCTTCTGGAG,2,5283398
zapB_predicted,0.8333333333333334,9,5,GATATAAGGGTACCGCTAGG,4,5278893
zapB_predicted,0.5,7,5,GAGTAACCGTTTTGAGGCAT,2,5283491
zapB_predicted,3.8333333333333335,27,5,GAGATACGTAAAATGGTCCC,22,5288303
zapB_predicted,0.3333333333333333,6,5,GACGGCGACAACAGCGAATG,1,5272037
zapB_predicted,1.1666666666666667,11,5,GACCTTTGTTCCATGGATGT,6,5269034
zapB_predicted,0.3333333333333333,6,5,GACACCACAGCACACAGCGA,1,5271227
zapB_predicted,0.5,7,5,GACAAGGATCACCGTGGTCA,2,5273968
zapB_predicted,0.5,7,5,GACAACGGTATAGCACTATC,2,5276241
zapB_predicted,1.1666666666666667,11,5,GAATACTAACTCGGGACCGA,6,5268271
zapB_predicted,0.3333333333333333,6,5,GAAGGTGTGTTCTGTTAGGA,1,5267845
zapB_predicted,0.3333333333333333,6,5,CTTTATGAGGTACGTTGGGA,1,5269668
zapB_predicted,1.3333333333333333,12,5,CTTTATAGAGCGGGGTAGCC,7,5268105
zapB_predicted,0.3333333333333333,6,5,CTTCGCGGGAAACCCTCGCA,1,5263302
zapB_predicted,0.3333333333333333,6,5,CTTATATCCTGTTGAGAAGG,1,5274672
zapB_predicted,0.5,7,5,CTTAATGGGACGCCAATCGA,2,5276557
zapB_predicted,0.3333333333333333,6,5,CTGTTGGCTAAGCAACTTTC,1,5272438
zapB_predicted,0.3333333333333333,6,5,CTGTTACTAATGCAGCGTCA,1,5273539
zapB_predicted,0.3333333333333333,6,5,CTGGGTTAGTATCTGAATCT,1,5286794
zapB_predicted,0.5,7,5,CTCTCCATCGGCGTGCTCGT,2,5275379
zapB_predicted,0.5,7,5,CTCCTTAGTTGTATCTAGCA,2,5283910
zapB_predicted,0.8333333333333334,9,5,CTCATGCCCACTATGTTCAT,4,5266550
zapB_predicted,0.5,7,5,CTCACACCTCGGCATTTCTG,2,5280470
zapB_predicted,0.3333333333333333,6,5,CTAGGGCCATTTCATCTAAG,1,5271670
zapB_predicted,0.3333333333333333,6,5,CGTGGGAGGGTTAGGGCGAC,1,5271695
zapB_predicted,0.5,7,5,CGTGATTACCGAAGTAGAGT,2,5265958
zapB_predicted,0.5,7,5,CGTCCTCAATAGTGGTCGTC,2,5273555
zapB_predicted,2.1666666666666665,17,5,CGGGGCGGGCATGACGTTTT,12,5273652
zapB_predicted,0.8333333333333334,9,5,CGGGAGGGGCGACCTTTAAA,4,5284389
zapB_predicted,0.3333333333333333,6,5,CGGATGCCTATCTCATTAGA,1,5269076
zapB_predicted,0.8333333333333334,9,5,CGGAATGCATCATTTCAGGA,4,5281512
zapB_predicted,0.6666666666666666,8,5,CGCGTCCAGTCGGTCGATCT,3,5282185
zapB_predicted,0.3333333333333333,6,5,CGCGGTAAAGTTGTTCCTCC,1,5277823
zapB_predicted,1.0,10,5,CGCAGTGCGCAGGGTTCTCC,5,5266236
zapB_predicted,141.5,853,5,CGAACTGCTTGCTTGGGGAA,848,5280295
zapB_predicted,0.3333333333333333,6,5,CCTTCGCCGAACCTCCTCAT,1,5267285
zapB_predicted,0.3333333333333333,6,5,CCTGTCCTACGTTATGGGAG,1,5269749
zapB_predicted,0.3333333333333333,6,5,CCTGAAGTAACATTCAACGG,1,5285352
zapB_predicted,0.3333333333333333,6,5,CCGTGCCCTGTGCTTCCAAG,1,5283683
zapB_predicted,0.3333333333333333,6,5,CCGGGCATCAGGAGCTAGTG,1,5271678
zapB_predicted,1.1666666666666667,11,5,CCGGCCTGGTGCGCGTGGTG,6,5263596
zapB_predicted,0.3333333333333333,6,5,CCCGTCACATCCGGGGGGAG,1,5269988
zapB_predicted,0.3333333333333333,6,5,CCCGACGCACGTTGCACTTC,1,5284206
zapB_predicted,0.6666666666666666,8,5,CCCGAATGAAGGAGGGGTCT,3,5269136
zapB_predicted,0.8333333333333334,9,5,CCCCTAGTCTGTTGAAATTG,4,5268359
zapB_predicted,0.6666666666666666,8,5,CCCAACAGTTAATCAGGTCG,3,5277815
zapB_predicted,0.6666666666666666,8,5,CCAGGCATGGTACTGGATGC,3,5278690
zapB_predicted,0.6666666666666666,8,5,CCACACGCCACGAATACACT,3,5278890
zapB_predicted,0.6666666666666666,8,5,CCAACGTTAGGCGTCAGAAG,3,5269937
zapB_predicted,0.3333333333333333,6,5,CCAAAGTCGTGCACCGCGAG,1,5268830
zapB_predicted,0.3333333333333333,6,5,CCAAACACAACGTATTAATG,1,5263189
zapB_predicted,1.8333333333333333,15,5,CATTTAGGATGTTAGGAGGC,10,5267170
zapB_predicted,1.0,10,5,CATTCTTACAAAGAGGCTTA,5,5284581
zapB_predicted,1.6666666666666667,14,5,CATGGCGCCCGCACGTGGTG,9,5284740
zapB_predicted,4.833333333333333,33,5,CATGCTAACAGCGATCTTAG,28,5287835
zapB_predicted,2.5,19,5,CATCTACGTCTCCTTTGGTC,14,5273192
zapB_predicted,0.8333333333333334,9,5,CAGTTGAAACGTACGCCACG,4,5284203
zapB_predicted,0.3333333333333333,6,5,CAGTCGAACTCTCTTGAATA,1,5272958
zapB_predicted,0.3333333333333333,6,5,CAGGGTTCACGATCTCCTGG,1,5282630
zapB_predicted,0.3333333333333333,6,5,CAGGCTCCGCGATGTAATTA,1,5265347
zapB_predicted,0.3333333333333333,6,5,CAGCCCCGTACATCAAATTT,1,5269399
zapB_predicted,1.1666666666666667,11,5,CAGCAGTGTAGTTGTTATAT,6,5286324
zapB_predicted,0.6666666666666666,8,5,CACGTAGGGGACGTGCGGCT,3,5270357
zapB_predicted,0.3333333333333333,6,5,CACACCCCATTTCAATATTT,1,5268689
zapB_predicted,0.3333333333333333,6,5,CACAAAAAGATGAGCGTCAG,1,5287729
zapB_predicted,0.6666666666666666,8,5,CAATGCCTCGTGTTTCGGAA,3,5265268
zapB_predicted,0.8333333333333334,9,5,CAAGCACATGGCGTCAATCA,4,5266228
zapB_predicted,0.3333333333333333,6,5,CAAACTCGAGCCATGCTGAC,1,5280911
zapB_predicted,1.1666666666666667,11,5,ATTTGGTAAACCTCCTTAAG,6,5278409
zapB_predicted,0.3333333333333333,6,5,ATTTAGTTCGGCGCCTACCT,1,5271081
zapB_predicted,0.3333333333333333,6,5,ATTGGCGTTGAAACACTGAA,1,5264162
zapB_predicted,0.3333333333333333,6,5,ATTGCTCTCATGTGCCTAGT,1,5267579
zapB_predicted,0.8333333333333334,9,5,ATTCAAGGCTAGCTGTATCA,4,5276571
zapB_predicted,0.3333333333333333,6,5,ATCTGTAGTAGGTAAGGTTC,1,5272243
zapB_predicted,0.3333333333333333,6,5,ATCCCTAGTTTTACAATAAG,1,5264360
zapB_predicted,0.3333333333333333,6,5,ATAATCGTTCACATGGGATA,1,5275180
zapB_predicted,1.1666666666666667,11,5,AGTTTTACTGCACGACATGT,6,5271129
zapB_predicted,0.6666666666666666,8,5,AGTTGATTCGGCCATGTCAA,3,5279455
zapB_predicted,0.6666666666666666,8,5,AGTTCAGCCCAACCATAAGT,3,5286979
zapB_predicted,1.0,10,5,AGTGGGTTCGTTCCCGCGTG,5,5283902
zapB_predicted,0.3333333333333333,6,5,AGTCCGTGCCTTTCGTGATT,1,5264655
zapB_predicted,0.5,7,5,AGTATAACTTCGTAAACGGA,2,5274203
zapB_predicted,1.3333333333333333,12,5,AGGTGTTTGGTTCGGTATTA,7,5268086
zapB_predicted,0.3333333333333333,6,5,AGGTCCGTGATCTAAAGGAA,1,5270589
zapB_predicted,0.5,7,5,AGGGGGATTTAGTCCCGATC,2,5277241
zapB_predicted,3.3333333333333335,24,5,AGGGAATCGAAGGGAGCAAA,19,5277069
zapB_predicted,0.5,7,5,AGCTTCAGAATCCTGGCCCC,2,5267932
zapB_predicted,0.3333333333333333,6,5,AGCCGTTATATGTCGCGATA,1,5286049
zapB_predicted,0.6666666666666666,8,5,AGCAGCACGAACTTCTATCA,3,5267635
zapB_predicted,0.3333333333333333,6,5,AGATTTTCGTATGTCTCTGT,1,5284003
zapB_predicted,1.1666666666666667,11,5,AGATTACCGGGGTTACTTTG,6,5271238
zapB_predicted,0.5,7,5,AGAGCATGACGTACTACCCT,2,5267506
zapB_predicted,0.6666666666666666,8,5,AGAACTTGCTGCCGTACGAT,3,5263539
zapB_predicted,1.0,10,5,AGAAACATCTAGTCTTTGGG,5,5265171
zapB_predicted,0.5,7,5,ACTAACGAATGATTTTGTGT,2,5267350
zapB_predicted,0.3333333333333333,6,5,ACGCTCAGGTCACACCTATT,1,5267525
zapB_predicted,0.6666666666666666,8,5,ACGATGTCTCCAGTTTAATA,3,5277701
zapB_predicted,0.5,7,5,ACGATACATTTCCTGAAACT,2,5272638
zapB_predicted,0.3333333333333333,6,5,ACCTTTTATGGTTGCAAAGG,1,5285342
zapB_predicted,0.3333333333333333,6,5,ACAGCGCAGAACGGGGTTGA,1,5287721
zapB_predicted,0.6666666666666666,8,5,ACACCCGCAGGCGCTCTCTT,3,5268659
zapB_predicted,0.5,7,5,ACAAAGGGGACATGCTCCGT,2,5286844
zapB_predicted,2.0,16,5,AATTTAGAAATCGAGCTTCA,11,5266195
zapB_predicted,0.5,7,5,AATGAAATCGGCGTAGGTGA,2,5281542
zapB_predicted,0.3333333333333333,6,5,AATCGGGCTAACCACCCTTT,1,5285931
zapB_predicted,0.6666666666666666,8,5,AATCAAGGACCGGGGGGCTT,3,5286789
zapB_predicted,0.3333333333333333,6,5,AAGTTCTCCAGGCTTGTCAT,1,5285144
zapB_predicted,0.3333333333333333,6,5,AAGGAATAAATGCGTCTCCC,1,5279400
zapB_predicted,1.8333333333333333,15,5,AAGCCGTACTACCAGCTCCT,10,5269346
zapB_predicted,0.3333333333333333,6,5,AACTCTTTTGGGTTCACGTG,1,5265387
zapB_predicted,0.3333333333333333,6,5,AACCTATAGTGATAGGAAAA,1,5287351
zapB_predicted,0.5,7,5,AACCCGTAGCTTACCTCGGG,2,5287087
zapB_predicted,0.3333333333333333,6,5,AACATCCCACTGTTGTCACA,1,5279229
zapB_predicted,0.3333333333333333,6,5,AACAGGTTCTATATCAGAGA,1,5269138
zapB_predicted,0.3333333333333333,6,5,AACAGGCATGTTATGACGTA,1,5270880
zapB_predicted,0.5,7,5,AACACGCGCTATTGAGTGGC,2,5287377
zapB_predicted,1.8333333333333333,15,5,AAATCTGACTCATTCATCAC,10,5284489
zapB_predicted,0.3333333333333333,6,5,AAAGTCATTCATTGTCTGGC,1,5278355
zapB_predicted,0.4,5,4,TTTTATGTAGAACAATTAAC,1,5287717
zapB_predicted,0.4,5,4,TTTAGGTGCATAAACGCGGC,1,5266126
zapB_predicted,1.4,10,4,TTGGCTCATACCATCATAAA,6,5279365
zapB_predicted,1.2,9,4,TTCTCCATCCACAGCCTGGA,5,5270414
zapB_predicted,0.4,5,4,TTCGCAGGGTCCGGCTGTGT,1,5275864
zapB_predicted,0.6,6,4,TTCCGGTCAACGCTTATTTT,2,5268973
zapB_predicted,0.4,5,4,TTCCCTAAAGGTGCCGCTCA,1,5265122
zapB_predicted,0.6,6,4,TTCAGTTCAGAGACTCCATT,2,5277212
zapB_predicted,0.6,6,4,TTATTGTACGCCAACTAGAC,2,5283347
zapB_predicted,0.4,5,4,TTATCGCGCTTAGTTATAAC,1,5277391
zapB_predicted,0.4,5,4,TTAGGCAAGGTCGATTCCTG,1,5280593
zapB_predicted,0.6,6,4,TTAGATTACCTAGGGAAGTG,2,5264769
zapB_predicted,2.4,15,4,TTAAGGTTAGGCGTAGGCGA,11,5283365
zapB_predicted,2.4,15,4,TGTTAGACTCCTGCCGTGTG,11,5286398
zapB_predicted,0.8,7,4,TGTCTAGTCCTCCACTGCTT,3,5274324
zapB_predicted,0.6,6,4,TGTCCGAGGTGGATTGGCGG,2,5280793
zapB_predicted,0.4,5,4,TGTAGGGGGACGCAAGTGCT,1,5284808
zapB_predicted,0.4,5,4,TGGTGTTGGGTATGCTTAAG,1,5263280
zapB_predicted,0.8,7,4,TGGGGTAGATTGAGATTGGA,3,5263418
zapB_predicted,6.0,33,4,TGCGACGTGCCGGCTTTAAA,29,5269052
zapB_predicted,0.4,5,4,TGCCTGGTGGGGATCCTGGG,1,5267840
zapB_predicted,1.4,10,4,TGCCCATTAAAGGACTAAGG,6,5266551
zapB_predicted,0.8,7,4,TGATTGACTGCGACAACCAG,3,5275598
zapB_predicted,0.8,7,4,TGAAAGGGGCCATAACCAAC,3,5285102
zapB_predicted,1.8,12,4,TCTTGGGCATGACCCTAAAT,8,5272674
zapB_predicted,0.6,6,4,TCTTATAAATACCCGAACAT,2,5284638
zapB_predicted,1.0,8,4,TCTGCACACCCCCCTGTAGG,4,5284908
zapB_predicted,0.4,5,4,TCTCATGGTCCCAAACCTTA,1,5279329
zapB_predicted,0.4,5,4,TCGTTTCCTACTTGATCGGT,1,5268328
zapB_predicted,0.8,7,4,TCGGGCTAAAGTTATGCCCT,3,5268249
zapB_predicted,0.4,5,4,TCCCGGCAAGGAGACAGGCA,1,5286554
zapB_predicted,0.4,5,4,TCATTGATAGACTGAGCGTA,1,5273859
zapB_predicted,1.0,8,4,TCACAATGACTCCGTGTATT,4,5274506
zapB_predicted,0.8,7,4,TCAAATGAATTGCTAAATGT,3,5285470
zapB_predicted,0.6,6,4,TATTTTCGTAAACAGTGATT,2,5267854
zapB_predicted,0.6,6,4,TATGGTGGGTTCAGGGTAAT,2,5281736
zapB_predicted,0.6,6,4,TATGATGTCCATGGGGATTT,2,5287299
zapB_predicted,1.0,8,4,TATGATACTGAAATCTGTCG,4,5264015
zapB_predicted,0.8,7,4,TACGGCTTTCCCGACATAGT,3,5275279
zapB_predicted,0.8,7,4,TACCGGTGTGATACCAATAT,3,5264126
zapB_predicted,0.4,5,4,TACCCACTCCACGATCAATA,1,5270956
zapB_predicted,0.8,7,4,TAATTCCTCCGGTCAGGAGA,3,5273077
zapB_predicted,2.4,15,4,TAATTACTCAAGACGAGACG,11,5276227
zapB_predicted,0.4,5,4,TAATAACTCCAGTATACCTT,1,5283086
zapB_predicted,0.8,7,4,TAACATTTGCCTGAACGCGT,3,5276349
zapB_predicted,0.6,6,4,GTTCGATGAAGGGGCTAGGT,2,5276635
zapB_predicted,0.4,5,4,GTGGGTTTATTTATCCGCTA,1,5263456
zapB_predicted,0.8,7,4,GTGGGGTAAGCTTGTCCTAA,3,5269557
zapB_predicted,0.8,7,4,GTGCATCCGGAGCAAGACGC,3,5286304
zapB_predicted,0.4,5,4,GTGATAGCTCCTCGGCATAA,1,5270384
zapB_predicted,1.2,9,4,GTCGGGTCCATCTCCGGTCC,5,5269152
zapB_predicted,0.4,5,4,GTATTCTACACTCACCGGCA,1,5286062
zapB_predicted,0.4,5,4,GTATAAAAGTACCAGTATTG,1,5265291
zapB_predicted,0.4,5,4,GGTTGAGTGTTTAATCGTGT,1,5280971
zapB_predicted,1.2,9,4,GGTGGGGGCATGTGCCAGTT,5,5279472
zapB_predicted,1.8,12,4,GGTGAGGGGAGCCTAATCCT,8,5284202
zapB_predicted,0.6,6,4,GGTCTATTGTATTGGGCTCC,2,5283271
zapB_predicted,0.4,5,4,GGGTAGCATCGGGTCCCTCC,1,5266051
zapB_predicted,1.0,8,4,GGGCGGCTTTACCAGTTAGA,4,5277342
zapB_predicted,0.4,5,4,GGCTACCGGCTTTCTACCGG,1,5280048
zapB_predicted,0.4,5,4,GGCGGGAACCGTCAACTGTC,1,5284045
zapB_predicted,0.4,5,4,GGCCCCAAACTGGCACCACG,1,5272951
zapB_predicted,1.2,9,4,GGCCACACGAGACTGTCATG,5,5275280
zapB_predicted,1.0,8,4,GGCACCAGATCTCGGAACAA,4,5272139
zapB_predicted,0.8,7,4,GGCAACCACTCTTTAAAGCA,3,5274039
zapB_predicted,0.4,5,4,GGATAGTCTAGGTTTAGGAT,1,5269673
zapB_predicted,1.6,11,4,GGAACTTGGGGGCATTCCTA,7,5283563
zapB_predicted,4.2,24,4,GGAACGTCCCACGCGTACAG,20,5267010
zapB_predicted,1.4,10,4,GGAACCAAACCGGTCGTGAC,6,5272035
zapB_predicted,1.4,10,4,GCTTGGGCGTATCTACACAA,6,5282263
zapB_predicted,0.4,5,4,GCTGAGCAGTCATCCTCGCC,1,5284379
zapB_predicted,0.6,6,4,GCTCCCGCGTGAACGTCATA,2,5276848
zapB_predicted,0.4,5,4,GCGTGTCACCTGATAGAGCT,1,5269739
zapB_predicted,0.4,5,4,GCGTCCGTTCATCCCTTACC,1,5272555
zapB_predicted,0.6,6,4,GCGGCAGGGACCCCACAGAG,2,5273137
zapB_predicted,1.0,8,4,GCGCATACTAAAGGCTTCAG,4,5263478
zapB_predicted,0.8,7,4,GCGCAATCGCTTGCCGTCAA,3,5284911
zapB_predicted,0.6,6,4,GCGACAGATAAAAATTCCTT,2,5277199
zapB_predicted,1.6,11,4,GCCAGAGATCACGATCGTAT,7,5275636
zapB_predicted,5.2,29,4,GCCACGTCTTTTGCCGATCG,25,5274302
zapB_predicted,0.4,5,4,GCACCCAGTCCGTAGAAAGG,1,5273183
zapB_predicted,1.4,10,4,GCAATATGCTTACTGAGATT,6,5280775
zapB_predicted,0.4,5,4,GATTGAAGTGTAGAGCGAAC,1,5269081
zapB_predicted,0.4,5,4,GATCTAGAGCTGTGGCGTTT,1,5267037
zapB_predicted,0.6,6,4,GATCGTTACTCACTTTGCTC,2,5263603
zapB_predicted,1.0,8,4,GAGAATATATGGCGTCGGAG,4,5278989
zapB_predicted,0.4,5,4,GACGCACGTAGATGATCGTT,1,5272888
zapB_predicted,1.2,9,4,GACGACTTCCCCCCTCAGGT,5,5266191
zapB_predicted,1.2,9,4,GACATAGACACTGACTTGTG,5,5275736
zapB_predicted,0.4,5,4,GAACAGAGATCCAATTTCAC,1,5282311
zapB_predicted,1.4,10,4,CTTTTACATCTGTAGCACAA,6,5272145
zapB_predicted,0.6,6,4,CTTATTTGCTTCTGATGGCG,2,5277340
zapB_predicted,0.4,5,4,CTTATGGCCGCTCATACGTA,1,5268235
zapB_predicted,1.2,9,4,CTGGAAGCACACCTGCCAGT,5,5284745
zapB_predicted,181.4,910,4,CTCTTACGGGACCTGTATTT,906,5285329
zapB_predicted,0.6,6,4,CTCTCGTCGCCGGCAGCGTG,2,5282546
zapB_predicted,1.4,10,4,CTCGAACTCAGCGTCGCGAA,6,5287161
zapB_predicted,0.4,5,4,CTCACCAAGATGCCGGCCAT,1,5275899
zapB_predicted,0.8,7,4,CTAGGGGACCCAGGTGCCAA,3,5283457
zapB_predicted,0.4,5,4,CTACTGCAGAATCCTTCACT,1,5282689
zapB_predicted,0.4,5,4,CTAAGATACGAGCGGGATTA,1,5287718
zapB_predicted,0.4,5,4,CGTTAGAAACTTACCTTTGT,1,5274226
zapB_predicted,0.4,5,4,CGTGTAAAGTTTTAATAAAT,1,5284938
zapB_predicted,1.2,9,4,CGTCGCATAGTGAGTCTAGT,5,5274169
zapB_predicted,0.4,5,4,CGTCGCAAGCTGACCAACTA,1,5268539
zapB_predicted,0.4,5,4,CGTATCCGTTAAGGCTATGG,1,5267277
zapB_predicted,0.4,5,4,CGTACTTTCCGCCAGGCAGA,1,5266224
zapB_predicted,0.4,5,4,CGTAATACTCAACTCCGAAA,1,5275500
zapB_predicted,0.4,5,4,CGGGTCCAGCCTCACAAGGT,1,5282393
zapB_predicted,1.2,9,4,CGGCGTGATGCTGAAAAGAT,5,5271181
zapB_predicted,0.4,5,4,CGCTCCTGTTCTTCTAGAAT,1,5285422
zapB_predicted,0.8,7,4,CGCACCGCTTAAGCGGAGTC,3,5280790
zapB_predicted,0.4,5,4,CGATTTTGCGGTTCAGCACT,1,5263483
zapB_predicted,0.4,5,4,CGAGCTGCGATCACCAGGAA,1,5270901
zapB_predicted,1.2,9,4,CGAGCCAGACCTAGGTATCT,5,5285836
zapB_predicted,1.4,10,4,CGAACCATGGTTTCGAACAA,6,5275445
zapB_predicted,1.0,8,4,CCTTAAGACCAGGAGACTCG,4,5281722
zapB_predicted,2.0,13,4,CCTGTCCTTCGATGTTTACA,9,5280296
zapB_predicted,1.6,11,4,CCTGGCGTAAAAGGAGAGGT,7,5283172
zapB_predicted,1.2,9,4,CCGTGGCTAGGCGGACGTAT,5,5266757
zapB_predicted,0.6,6,4,CCGACTCATTTCTTGCCATT,2,5270577
zapB_predicted,0.8,7,4,CCGACCGTTTTGCCGCTAGA,3,5277785
zapB_predicted,0.4,5,4,CCCGTCGTACATACATCGTA,1,5265029
zapB_predicted,1.8,12,4,CCCGGTATTCCCATTTAGCA,8,5265129
zapB_predicted,0.4,5,4,CCCGGACAAACTCGTTCGGT,1,5283084
zapB_predicted,0.8,7,4,CCCCTCTTTTCATAAATACG,3,5287360
zapB_predicted,3.2,19,4,CCATGGTAATGTTTCAGCTG,15,5274305
zapB_predicted,1.6,11,4,CCACGCGTCCATAACATTTT,7,5264957
zapB_predicted,0.4,5,4,CATTTATGTTTCACGTTTGA,1,5282571
zapB_predicted,1.2,9,4,CATTGGGATCATACTGATGT,5,5286111
zapB_predicted,1.6,11,4,CATGAATTAAGGTCAAGTTA,7,5269906
zapB_predicted,0.6,6,4,CATATGCTATGTTCAGGATT,2,5283922
zapB_predicted,0.6,6,4,CATAACTGAGCAATGCCTTC,2,5284653
zapB_predicted,0.6,6,4,CAGTTTTTAGACTCGAAAAT,2,5285212
zapB_predicted,0.4,5,4,CAGATAACCTGGAAGTCCTA,1,5281745
zapB_predicted,0.4,5,4,CAGAATAGCGGAGGGAGAAG,1,5266822
zapB_predicted,0.4,5,4,CACTTTGCATCGGGACTCTT,1,5278717
zapB_predicted,0.6,6,4,CACGATCAGAGTGGGGGCGC,2,5275567
zapB_predicted,1.2,9,4,CACCGGATTCCCTATGGACA,5,5272441
zapB_predicted,1.0,8,4,CACCGAGTTGGGCGGTTGGA,4,5281140
zapB_predicted,0.4,5,4,CAATGGACCAATAGTTCGGT,1,5278316
zapB_predicted,0.4,5,4,CAAATGTAGATACAAACAAC,1,5281675
zapB_predicted,2.4,15,4,ATGTGGGAATCGGTTTAGTG,11,5282462
zapB_predicted,0.4,5,4,ATGGCGGTCGTTTAATGGTC,1,5280708
zapB_predicted,0.8,7,4,ATGCACATCGGCCATGTTGC,3,5264875
zapB_predicted,0.4,5,4,ATGAAGGAACGTTGTCTCCT,1,5263306
zapB_predicted,0.6,6,4,ATCGCACGGATAGAACGCCA,2,5279908
zapB_predicted,1.6,11,4,ATCCCGTCCGACCATCTGGG,7,5271661
zapB_predicted,1.4,10,4,ATCCCCTGCAAACCTCTCGG,6,5270166
zapB_predicted,0.4,5,4,ATCAAATCAAAACTGCTTTA,1,5270198
zapB_predicted,0.6,6,4,ATATTACGCTGGCGGTCCCA,2,5277250
zapB_predicted,1.6,11,4,ATAAATGGTATGCGGTTGTC,7,5277873
zapB_predicted,0.6,6,4,ATAAAATTTCTGAAAATCTA,2,5287983
zapB_predicted,1.0,8,4,AGTTGTTCCAAGCTATTTTA,4,5276283
zapB_predicted,1.4,10,4,AGTGGCTTACCGGGTCCGAC,6,5288020
zapB_predicted,1.2,9,4,AGTGGCCAACCGCTCCATCC,5,5280799
zapB_predicted,1.4,10,4,AGTGCCTCGGTCGCCTAGTA,6,5277262
zapB_predicted,0.8,7,4,AGTCAGGCACCCTCATTCGT,3,5270579
zapB_predicted,1.6,11,4,AGTCACCAATTCATGCAAGA,7,5263335
zapB_predicted,0.4,5,4,AGTAAAGGGCGCGGCTGTCT,1,5268975
zapB_predicted,0.4,5,4,AGGCATGTGCTTCGGCCGAC,1,5284909
zapB_predicted,0.4,5,4,AGCTAACCTATTTCTTCCGC,1,5284204
zapB_predicted,0.4,5,4,AGCGGCGGTCGGAAGCAGAT,1,5276436
zapB_predicted,0.6,6,4,AGCGGAGGAGTTTGTACAGG,2,5265600
zapB_predicted,0.8,7,4,AGCCTTGGGAGTGCGTTCTA,3,5279787
zapB_predicted,0.4,5,4,AGCACCATTTGGGTTTGTTA,1,5275271
zapB_predicted,0.4,5,4,AGCAATTGAGTTGCCCGTTC,1,5283650
zapB_predicted,1.8,12,4,AGATGCACAGTTGGAGGTAG,8,5277577
zapB_predicted,0.6,6,4,AGAGTATGATCGTGTATGTC,2,5272071
zapB_predicted,0.8,7,4,AGACGCAGCAGAGAAACCAG,3,5287090
zapB_predicted,2.0,13,4,AGAAGAATATGGCCCAGAAA,9,5272136
zapB_predicted,0.4,5,4,ACTTTGTTGGCTTAGTGATG,1,5284991
zapB_predicted,1.2,9,4,ACTTTGGTAATGTGTATAGG,5,5265871
zapB_predicted,0.8,7,4,ACTGGTGGGAAGGAGGGATC,3,5284276
zapB_predicted,1.0,8,4,ACGGGCGGCTTGTCTGTGCA,4,5279036
zapB_predicted,1.8,12,4,ACGGCGTCTACGGCTATGAC,8,5284962
zapB_predicted,0.8,7,4,ACGCGACAGCTGGTCACTAT,3,5275711
zapB_predicted,0.4,5,4,ACCGTAAGACAATTCCACGT,1,5266843
zapB_predicted,1.4,10,4,ACCGTAAAGTCCAGTTCGCT,6,5283093
zapB_predicted,1.6,11,4,ACCGCACTTTGTGTGTTTCT,7,5280098
zapB_predicted,0.6,6,4,ACCGAGAAGACGCTCGCCAT,2,5273173
zapB_predicted,0.4,5,4,ACATGCGCAACTTAATGTAG,1,5285804
zapB_predicted,0.6,6,4,ACACTAGGAACGCTATAACA,2,5272744
zapB_predicted,0.8,7,4,ACACCCGTTCGTCGGACATG,3,5268819
zapB_predicted,0.4,5,4,ACAATTATTAGCGGCCGTAG,1,5274288
zapB_predicted,175.6,881,4,AATTGGTACGTGCCTATTAG,877,5288203
zapB_predicted,0.4,5,4,AATGACGTCACCATGAACTG,1,5266060
zapB_predicted,0.4,5,4,AATCCTCACCAACCTCTATG,1,5280183
zapB_predicted,0.6,6,4,AATAGGGTATTCTTTTTCTA,2,5263194
zapB_predicted,0.4,5,4,AATAGGACCTTTCGTACAAG,1,5283029
zapB_predicted,1.0,8,4,AAGGGTCAAAGTAGGGTCCA,4,5274242
zapB_predicted,0.4,5,4,AAGGACATGCAGTAAGTCAT,1,5285049
zapB_predicted,2.8,17,4,AAGCTGTTACGTGGCATGCA,13,5276731
zapB_predicted,0.4,5,4,AAGCGTATACAAGCGTACTA,1,5269756
zapB_predicted,0.4,5,4,AAGCGGACGGTTGCTCAAAA,1,5274785
zapB_predicted,0.4,5,4,AAGCGAAGAGACCGGATGAC,1,5282381
zapB_predicted,0.4,5,4,AAGCCCGCTACAAGGAAAAG,1,5277674
zapB_predicted,6.6,36,4,AAGCACCCTCGTAAGTATGA,32,5284232
zapB_predicted,0.6,6,4,AAGATTAGGCACTAACACTG,2,5281739
zapB_predicted,0.4,5,4,AAGATGGGCACGAATCATTC,1,5287365
zapB_predicted,0.4,5,4,AAGATAGCACAGCACCTTGT,1,5281860
zapB_predicted,1.4,10,4,AACCGGGGGGGGGAGCGGGG,6,5267007
zapB_predicted,0.4,5,4,AAAGGGTAACTCATCGGAAG,1,5285749
zapB_predicted,0.8,7,4,AAACCAGAGTGTAGGACGCT,3,5287670
zapB_predicted,0.6,6,4,AAAACTCACAGCACAGCAGA,2,5275833
zapB_predicted,1.0,6,3,TTTGTTATCTATGGCTATTC,3,5277684
zapB_predicted,0.75,5,3,TTTGTCGTCCATATGTTAGG,2,5285365
zapB_predicted,2.25,11,3,TTTGGTCTGGGGTGTTGATA,8,5272128
zapB_predicted,0.5,4,3,TTTGCTCACTCCCGTATCTA,1,5268440
zapB_predicted,1.75,9,3,TTTGAAGTCCCTCTACCCCG,6,5272980
zapB_predicted,2.75,13,3,TTTAAATCGGGGTAAGCAGA,10,5276223
zapB_predicted,0.5,4,3,TTGTAGGCAGCCAGGTGGCG,1,5279721
zapB_predicted,2.5,12,3,TTGGTGGTCACACTTTGATA,9,5274482
zapB_predicted,1.75,9,3,TTGGCAAACATAAAGGAGCC,6,5271594
zapB_predicted,0.5,4,3,TTGAGGGGTATAGAGGCGCC,1,5266244
zapB_predicted,0.5,4,3,TTCTGCTAGCGGGACGCTCG,1,5271725
zapB_predicted,0.75,5,3,TTCGTATGTTAGGTACGGTA,2,5266749
zapB_predicted,2.0,10,3,TTATGTCTTGGGGGTAGGGT,7,5288230
zapB_predicted,0.5,4,3,TTACTGAGCGTCAGCATGTT,1,5280912
zapB_predicted,1.0,6,3,TTACGTAAGTCAGAGATCGG,3,5276447
zapB_predicted,0.75,5,3,TGTTCTGGGGTCACATCGCG,2,5278924
zapB_predicted,1.25,7,3,TGGTTGCAGTAGCATGCTGC,4,5284297
zapB_predicted,0.5,4,3,TGGCCGATTCTAGCGGAACT,1,5269314
zapB_predicted,1.25,7,3,TGGAGTGCTTCAAAGCTCGG,4,5286165
zapB_predicted,0.5,4,3,TGGAGTACCGAGGTCATCCC,1,5272741
zapB_predicted,2.25,11,3,TGCCTTGCTGGGACATATGA,8,5287558
zapB_predicted,1.75,9,3,TCTTGTGTCAGTGGGGCATG,6,5270602
zapB_predicted,0.75,5,3,TCTCGCTAGGGTCGCCTACA,2,5270229
zapB_predicted,0.75,5,3,TCGTGTGTAGGGAGGTCGGA,2,5265520
zapB_predicted,0.75,5,3,TCGAAGTGCGACGTCGTTCG,2,5276149
zapB_predicted,1.75,9,3,TCCCGGATCGTGTCACACAC,6,5284444
zapB_predicted,0.75,5,3,TCATCTGGCAACCGTCTCGG,2,5282782
zapB_predicted,2.0,10,3,TCAGGCCGAGAGTCTCGTGG,7,5274772
zapB_predicted,0.5,4,3,TCAATAGGCATACGTCGCGC,1,5279002
zapB_predicted,2.25,11,3,TATTTCGTCTTAAAGTATCT,8,5269913
zapB_predicted,1.0,6,3,TATCTCCTGAACAGAGTGTG,3,5265052
zapB_predicted,0.75,5,3,TATCTCCTAGGTCAATTAGT,2,5274734
zapB_predicted,1.25,7,3,TATCGCTTGTTTGGCCGGCT,4,5276196
zapB_predicted,1.5,8,3,TAGGTTAGAGCGCAACATCT,5,5284415
zapB_predicted,0.5,4,3,TAGGGGCGGATGGTGGGATG,1,5277089
zapB_predicted,0.75,5,3,TAGCGAGATGCCGTCGCTTT,2,5271645
zapB_predicted,0.75,5,3,TAGAGTAACCTATTGGGACT,2,5276551
zapB_predicted,0.5,4,3,TACTTCGGTCAAGGTTGGAA,1,5285689
zapB_predicted,1.75,9,3,TACCGGAAGCGGTATGCTCG,6,5267676
zapB_predicted,1.75,9,3,TAATCTGGAATGACAGCAAC,6,5285865
zapB_predicted,0.5,4,3,TAATAGTCAATGCCAACTAG,1,5264924
zapB_predicted,1.0,6,3,TAACTTATGTATGACATCCT,3,5278687
zapB_predicted,2.0,10,3,TAACCGGCAGATATTTCTGG,7,5278663
zapB_predicted,0.75,5,3,GTTCAGGGGAACTGTCCGTC,2,5275883
zapB_predicted,0.5,4,3,GTGGGTGGGCGTTAGCGTAC,1,5265402
zapB_predicted,0.75,5,3,GTGGATAAGGGCGAGTGCAG,2,5281777
zapB_predicted,0.75,5,3,GTGATTAAGCGAGACTTATA,2,5288405
zapB_predicted,1.0,6,3,GTGACAGCCAATGAATATCG,3,5270720
zapB_predicted,0.5,4,3,GTCGGGCGACCCAGCGACTA,1,5274227
zapB_predicted,0.5,4,3,GTCGCTTCTACACTTTAGGA,1,5263238
zapB_predicted,0.5,4,3,GTCCCATGGCCCCATGACGT,1,5285131
zapB_predicted,1.0,6,3,GTCCAATTAGGCTGATTTCA,3,5274910
zapB_predicted,0.5,4,3,GTACAGGCATCGGGCTTTTA,1,5276755
zapB_predicted,233.75,937,3,GTAATGTAGGTCGGAATAAT,934,5284241
zapB_predicted,1.0,6,3,GTAATCGGACTTTCCACGGA,3,5275652
zapB_predicted,0.75,5,3,GGTAAGCGTGGTCCCAAAAA,2,5285986
zapB_predicted,1.0,6,3,GGCTTCGGATCGTACCCGTT,3,5263422
zapB_predicted,0.5,4,3,GGATAGTGTAATTCTTAAGA,1,5283211
zapB_predicted,1.75,9,3,GGATAGAGGCTCTGATTAAA,6,5275325
zapB_predicted,0.5,4,3,GGAGCATTAAACAATCAACC,1,5270452
zapB_predicted,0.5,4,3,GGACTTGCCTTAAGGTACAG,1,5266049
zapB_predicted,1.5,8,3,GGACGAGGCTTCCGAGTCCT,5,5271998
zapB_predicted,1.0,6,3,GCTTCCTCACATATAGGAGT,3,5274670
zapB_predicted,0.5,4,3,GCTCATAGGACACAAGATTC,1,5275772
zapB_predicted,0.75,5,3,GCTAGATCTGAGCATGGCAA,2,5269576
zapB_predicted,0.75,5,3,GCGTGTAGGGTTATATTTTC,2,5277499
zapB_predicted,0.5,4,3,GCGTCACATTCGCTACACAC,1,5263601
zapB_predicted,1.5,8,3,GCGTCAAGGCATTCCCTCAT,5,5263041
zapB_predicted,1.0,6,3,GCGTACGGGGTAAATCAAAG,3,5277096
zapB_predicted,1.0,6,3,GCGTACCCTGGACTATTCTC,3,5274366
zapB_predicted,0.5,4,3,GCGCGTACCCTTCAAAACTC,1,5268862
zapB_predicted,8.75,37,3,GCCTACGCGACGGTTGCCAC,34,5282098
zapB_predicted,0.5,4,3,GCCTAAGATGTACGTTGTCC,1,5266294
zapB_predicted,0.5,4,3,GCCGGTTGCTGCCGGTCCAA,1,5280931
zapB_predicted,0.5,4,3,GCCCTTGCGTATCCTCGAGG,1,5275297
zapB_predicted,0.75,5,3,GCCAGGTATTGAAGGCGACT,2,5274035
zapB_predicted,1.5,8,3,GCATACGATTAACCCCCTAT,5,5268640
zapB_predicted,0.5,4,3,GCAGCAAGACGTTTATTAGT,1,5284208
zapB_predicted,0.75,5,3,GCACGTTAGGGGGTCAAGAC,2,5275967
zapB_predicted,1.75,9,3,GCAAATTTCATAGCTAGCTA,6,5270131
zapB_predicted,0.5,4,3,GATGCGCCTCCCCTCCAGGG,1,5275830
zapB_predicted,0.5,4,3,GATGCCACGCTTTAAACCAT,1,5268267
zapB_predicted,0.5,4,3,GATGAAGTCGCAGCGGCACT,1,5279278
zapB_predicted,2.25,11,3,GATCGTGTCTTGGTAAGATT,8,5266651
zapB_predicted,0.5,4,3,GATATTTGAGAAGGGGAATG,1,5284550
zapB_predicted,0.5,4,3,GAGTGCGGTGTATGTCTCGC,1,5274748
zapB_predicted,221.0,886,3,GAGTCCCTACATCTGCAATG,883,5275345
zapB_predicted,0.5,4,3,GAGGTAGGGACGTTGAGCCC,1,5278727
zapB_predicted,1.0,6,3,GAGGGAAATGCTCGTGCCTT,3,5268897
zapB_predicted,4.5,20,3,GAGCTTAACGGTAGAGACTT,17,5287688
zapB_predicted,1.5,8,3,GAGCGTGTAGGATATCGAAT,5,5285325
zapB_predicted,0.75,5,3,GAGCGTAAATTTAATGCTTC,2,5281390
zapB_predicted,1.0,6,3,GACTAAACGTATTCCACTGG,3,5281967
zapB_predicted,0.75,5,3,GACCTCTCCCCGCGTTCCCA,2,5263763
zapB_predicted,0.5,4,3,GACCTCGGTTACGGCTAGTA,1,5270137
zapB_predicted,1.5,8,3,GACCAATTAAAGAGGGCATT,5,5268444
zapB_predicted,0.5,4,3,GACCAACGGTGATTTATCCG,1,5285163
zapB_predicted,2.25,11,3,GACAGCTCCCCCTAGTATTA,8,5288003
zapB_predicted,0.5,4,3,GACACCGAACACATCCTGTG,1,5286041
zapB_predicted,8.25,35,3,GAAAACACACGGAGGACTGA,32,5276997
zapB_predicted,0.5,4,3,CTTGAGTGGTGATCTCATGA,1,5274211
zapB_predicted,0.5,4,3,CTTCTTACCGACGTACTATA,1,5268285
zapB_predicted,2.25,11,3,CTGTGTCCTCCTCCATGCAG,8,5279411
zapB_predicted,2.0,10,3,CTGTGGCGCAGTCCGATCGA,7,5265572
zapB_predicted,2.0,10,3,CTGTCTCGGGCAGGTGTTTC,7,5263517
zapB_predicted,0.5,4,3,CTGACGAATTAATCGGTTAT,1,5276407
zapB_predicted,0.5,4,3,CTCCTGGGCAATCCTACTAA,1,5265162
zapB_predicted,1.0,6,3,CTCCCCGAGTAATGTCCCAT,3,5285638
zapB_predicted,2.0,10,3,CTCATTCGCAAGGTGAGCAG,7,5267536
zapB_predicted,0.5,4,3,CTCAGCAGCATAGAACGATA,1,5278873
zapB_predicted,17.25,71,3,CTCACCGAGCGTGCTGGGGA,68,5281070
zapB_predicted,1.25,7,3,CTAAGTTGCGTAAATAATTA,4,5269699
zapB_predicted,1.0,6,3,CTAACAAGGAGTGACACTTA,3,5273271
zapB_predicted,1.25,7,3,CTAAAATCCTTATAGAGGTG,4,5285965
zapB_predicted,3.75,17,3,CGTTTGCTGGGCAACGGCAA,14,5269520
zapB_predicted,7.5,32,3,CGTTCTCCAGATTACGGAAC,29,5287559
zapB_predicted,1.0,6,3,CGTGCCCTGGATCATGCCTC,3,5274041
zapB_predicted,1.5,8,3,CGTCTTCGATACAAGGATTT,5,5285517
zapB_predicted,0.5,4,3,CGTCATCCTGCAAGCTATTC,1,5281926
zapB_predicted,0.5,4,3,CGGTAGTAAATTCATAGTTC,1,5272034
zapB_predicted,0.5,4,3,CGGTAACCGAGGAAATCATC,1,5266214
zapB_predicted,0.5,4,3,CGGGACAAGCGTAACTCTTG,1,5275965
zapB_predicted,2.75,13,3,CGGATCGTCGGTGATCTAGT,10,5272131
zapB_predicted,2.25,11,3,CGGAATTATTTTGCACGGTG,8,5266846
zapB_predicted,1.5,8,3,CGCTTCGACTCATTATTTGT,5,5281870
zapB_predicted,3.5,16,3,CGCTCCGAACGAACGTATTA,13,5288137
zapB_predicted,1.0,6,3,CGCGTCTGGCTTTCTATGAG,3,5265957
zapB_predicted,1.5,8,3,CGCAGGTCTCAATCCTTTCA,5,5269147
zapB_predicted,1.0,6,3,CGATTTTTGAGGCGGGAATG,3,5288190
zapB_predicted,0.5,4,3,CGATGTTGTGTGTGGATATG,1,5265096
zapB_predicted,0.5,4,3,CGATGCATGGTCATTTGACA,1,5273119
zapB_predicted,0.5,4,3,CGACCTATTTTCCTGGAATC,1,5282415
zapB_predicted,0.75,5,3,CGAAAACAGACTCCCCTGAG,2,5282293
zapB_predicted,1.5,8,3,CCTTCCCGTCCTGTTCTACT,5,5285404
zapB_predicted,1.25,7,3,CCTGCGATACGGAGCAAGCT,4,5274442
zapB_predicted,12.5,52,3,CCTCACGAGAACGGTATACG,49,5276993
zapB_predicted,0.5,4,3,CCGTGGCGAACACTGGCATT,1,5286778
zapB_predicted,0.5,4,3,CCCTAGTTTTAAGGCTGCAA,1,5269921
zapB_predicted,1.0,6,3,CCCCCTATGTTGATCTTCTT,3,5283474
zapB_predicted,0.75,5,3,CATAAACTCTCAGGCATGTG,2,5271997
zapB_predicted,0.75,5,3,CAGGCACCAGATGGCCCAGC,2,5278185
zapB_predicted,0.5,4,3,CAGCCATGACATGTTGTACC,1,5263138
zapB_predicted,3.0,14,3,CAGCAATGACGTTAACGCCG,11,5278792
zapB_predicted,0.5,4,3,CAGAGGGCGGGATTGTTGTT,1,5269246
zapB_predicted,1.5,8,3,CACTGTTGCGTCCGCAGTCA,5,5285848
zapB_predicted,0.5,4,3,CACTACGAGACCGAGAATGA,1,5272065
zapB_predicted,7.5,32,3,CACATGGAATAGGTAGATGC,29,5282608
zapB_predicted,0.75,5,3,CACATCGCTATAAGACTCTA,2,5286750
zapB_predicted,0.5,4,3,CACAGTAGGTTAATTCTACT,1,5276691
zapB_predicted,3.25,15,3,CACAATGTGAGGCCGACTAT,12,5270354
zapB_predicted,1.0,6,3,CACAAGCGACGACCATGTGC,3,5269140
zapB_predicted,0.5,4,3,CAATTCCTATTACTCATCCC,1,5280338
zapB_predicted,1.25,7,3,CAATCCGTCGGGGCAAAGGT,4,5275970
zapB_predicted,0.75,5,3,CAACCGCTTTGACCCCATAC,2,5274816
zapB_predicted,1.0,6,3,CAACCGACCGAACACCAGCA,3,5278684
zapB_predicted,0.75,5,3,CAACACTGGTTTGTTGTACG,2,5275227
zapB_predicted,1.0,6,3,CAAACCTCGACAAATGCCGC,3,5284979
zapB_predicted,2.0,10,3,ATGTCGTGCGAAGGCGCCAC,7,5264249
zapB_predicted,1.5,8,3,ATGGTACTTTTCACCACAGT,5,5284476
zapB_predicted,2.0,10,3,ATGGGACGCTGTTTCCTCGG,7,5269715
zapB_predicted,1.75,9,3,ATGGCCATATAGCGCAAGAG,6,5268355
zapB_predicted,0.5,4,3,AGTAAGTGATCTACGGGTTG,1,5274031
zapB_predicted,3.0,14,3,AGGTTTATTGCGACCGGTGT,11,5273352
zapB_predicted,1.0,6,3,AGGGCGTGGATGTATTGGGC,3,5263160
zapB_predicted,0.5,4,3,AGGGCGTCCATGCGCCTAAC,1,5286561
zapB_predicted,0.75,5,3,AGGGAACTTTCGGTAGCTTA,2,5277896
zapB_predicted,0.5,4,3,AGGCTGGGATCTCTAGACAT,1,5271294
zapB_predicted,5.25,23,3,AGGCACATCACGATGTAGGT,20,5286877
zapB_predicted,0.75,5,3,AGCGTTTAAACAGATGCTAT,2,5276216
zapB_predicted,1.25,7,3,AGCGGCGCGCTCGTGCCCGA,4,5266850
zapB_predicted,1.75,9,3,AGCGCAATGTCTTCCCAACA,6,5270083
zapB_predicted,0.5,4,3,AGCCAACGGTGAGGTACGCC,1,5275124
zapB_predicted,0.5,4,3,AGCATATCCGCGCGGACCTT,1,5286650
zapB_predicted,0.75,5,3,AGCAGCACAACCATATAGAC,2,5277428
zapB_predicted,1.25,7,3,AGATGCTCACATGGACATTG,4,5277489
zapB_predicted,5.5,24,3,AGATCTTGAAGGATTATATC,21,5270099
zapB_predicted,0.5,4,3,AGATCACGTCCACTCACATA,1,5268146
zapB_predicted,1.0,6,3,ACTCAACCATAGTTCCATCC,3,5281933
zapB_predicted,0.5,4,3,ACTAGGCCCAAGCTAAAATG,1,5269734
zapB_predicted,1.25,7,3,ACGGATAAGCCGGCACACAT,4,5269720
zapB_predicted,0.75,5,3,ACGCTAGTCTGATGACGGCC,2,5276576
zapB_predicted,1.25,7,3,ACCTACATCTGGCTCGGAGC,4,5279349
zapB_predicted,0.75,5,3,ACCACAACTCTCTCTGTGGG,2,5284906
zapB_predicted,0.5,4,3,ACCAACAGCTTATTTAAATG,1,5280909
zapB_predicted,1.25,7,3,ACAGCTAGCGCTCTAATCAA,4,5277756
zapB_predicted,1.0,6,3,ACACGGTCGCTTCGTGAAAA,3,5263606
zapB_predicted,215.25,863,3,ACACCGGGCTATCTAGAGGT,860,5282045
zapB_predicted,1.0,6,3,AATGCGGTGCTGCCCCGAGG,3,5267039
zapB_predicted,0.75,5,3,AATCGGGGGAAGTTAGAAGA,2,5286310
zapB_predicted,0.75,5,3,AATAACAAGGGTTGCATCGA,2,5270009
zapB_predicted,0.75,5,3,AAGTAGAGCATCGGTTTTAA,2,5281564
zapB_predicted,1.0,6,3,AAGAGTACACAGCACGAAGA,3,5277126
zapB_predicted,0.5,4,3,AAGACAAATGTAGCTACGCC,1,5264250
zapB_predicted,1.5,8,3,AACTCAGACATGGCTACGCA,5,5265539
zapB_predicted,2.25,11,3,AACACACATCCACGGCTTCC,8,5264563
zapB_predicted,1.0,6,3,AAATGGTACTGACATTTTTA,3,5287490
zapB_predicted,0.5,4,3,AAATCTGGGTTCGGGAGAAA,1,5279733
zapB_predicted,0.75,5,3,AAAAGAGAGGCTCAGCAGGT,2,5264911
zapB_predicted,0.6666666666666666,3,2,TTTTCTGGCACCACCCCGAC,1,5269809
zapB_predicted,0.6666666666666666,3,2,TTTTCGCCCCAGGCCCGGCT,1,5266479
zapB_predicted,1.0,4,2,TTTCAACGTACATCCCGGCC,2,5268474
zapB_predicted,0.6666666666666666,3,2,TTTAATAGGTAAACTCTTCC,1,5273057
zapB_predicted,0.6666666666666666,3,2,TTGTTACCCTCCTTCATCAA,1,5284339
zapB_predicted,0.6666666666666666,3,2,TTGCCCAGCGGAACCCCCCT,1,5275220
zapB_predicted,1.3333333333333333,5,2,TTGACGGCTCTTTCAACAGG,3,5275130
zapB_predicted,12.333333333333334,38,2,TTCGAATGGAGATTTGTCAA,36,5268912
zapB_predicted,1.0,4,2,TTATGTCGTCCGCGCGAAAT,2,5287434
zapB_predicted,0.6666666666666666,3,2,TTACGTAGATACTTTGGACA,1,5286140
zapB_predicted,0.6666666666666666,3,2,TTACCAGGCTCTCTAGGAAG,1,5276776
zapB_predicted,0.6666666666666666,3,2,TGTACATATGCCTAAGTATG,1,5274988
zapB_predicted,1.3333333333333333,5,2,TGGAGCATCAAGCTGCCGCA,3,5284882
zapB_predicted,0.6666666666666666,3,2,TGGACGTCCGATTGGCATTT,1,5264814
zapB_predicted,3.3333333333333335,11,2,TGCGCGAGCAATATCCCGGG,9,5273655
zapB_predicted,1.0,4,2,TGCCGGTACAAGGAGCGCCT,2,5283632
zapB_predicted,0.6666666666666666,3,2,TGCCCGCAACCATCAAATCC,1,5265369
zapB_predicted,4.333333333333333,14,2,TGAAGTGCGTTAGCAAATAT,12,5277427
zapB_predicted,1.0,4,2,TGAAAGTCTTTATACGCCTA,2,5276938
zapB_predicted,1.0,4,2,TCTGGCCCCAATCCGTTTGT,2,5280992
zapB_predicted,1.0,4,2,TCTCCTGTGCAAGGCCCGCT,2,5279528
zapB_predicted,0.6666666666666666,3,2,TCTAGATAGTTATATCTTAT,1,5284701
zapB_predicted,0.6666666666666666,3,2,TCTAAGCAGGGGGTCACCGC,1,5274239
zapB_predicted,2.0,7,2,TCGTGGGCTAACCTGCAAGA,5,5283221
zapB_predicted,1.0,4,2,TCCAAAGGGCATGAGAGGAC,2,5264056
zapB_predicted,1.0,4,2,TCATCCCCTAAATTAGAAAC,2,5281937
zapB_predicted,1.3333333333333333,5,2,TATTCCCTTGGGCAGTACCC,3,5270995
zapB_predicted,1.0,4,2,TATGAGTAATCGTCAATCAA,2,5281381
zapB_predicted,1.3333333333333333,5,2,TATACTAGACTGTGTCATTT,3,5264045
zapB_predicted,1.3333333333333333,5,2,TATAACTTTCGTAGTAATCT,3,5283840
zapB_predicted,5.666666666666667,18,2,TAGGCGTCCAAGGCAGATGG,16,5282463
zapB_predicted,2.6666666666666665,9,2,TAGCCGACCGCATCACGCTA,7,5285835
zapB_predicted,1.0,4,2,TACCATAGGGACGGGTTACC,2,5265452
zapB_predicted,6.333333333333333,20,2,TAATGCGTACGATCCATGGT,18,5277583
zapB_predicted,1.0,4,2,TAATCAGTTTGGCCTATTAT,2,5269800
zapB_predicted,1.0,4,2,TAATATCAGCTGGAACAGAG,2,5280831
zapB_predicted,1.0,4,2,TAACTGAACATACTTGTCAA,2,5271993
zapB_predicted,0.6666666666666666,3,2,TAACCATCTAGTGCACTCAG,1,5267668
zapB_predicted,2.0,7,2,TAAACTCCATATTTTGACTG,5,5280269
zapB_predicted,4.0,13,2,TAAACCTTTGACCAACACTG,11,5285756
zapB_predicted,1.0,4,2,GTTTAGATCAAGGTGAAGTA,2,5265862
zapB_predicted,0.6666666666666666,3,2,GTTTACCATGAAGGCGTAAC,1,5265515
zapB_predicted,1.6666666666666667,6,2,GTTCTCATGCGAGCGAGCGG,4,5287844
zapB_predicted,0.6666666666666666,3,2,GTTCGTATCTGGACGCTACA,1,5272590
zapB_predicted,6.333333333333333,20,2,GTGTTATAGAAAAAAACGCT,18,5277434
zapB_predicted,1.3333333333333333,5,2,GTGGTTATTACGCGGACGGC,3,5281963
zapB_predicted,1.0,4,2,GTGGCTGGGGCTTAGTAGCC,2,5271454
zapB_predicted,0.6666666666666666,3,2,GTGAATTGAAGGTCCCCGTG,1,5283237
zapB_predicted,0.6666666666666666,3,2,GTCTGGCCAACAGATGCTTA,1,5265716
zapB_predicted,0.6666666666666666,3,2,GTCCTCGGTTAGGTGAGCTG,1,5267032
zapB_predicted,0.6666666666666666,3,2,GTAGTGTTGTCGAGCCACTG,1,5263035
zapB_predicted,3.6666666666666665,12,2,GGTAAGCACCCCATAGAGCA,10,5270693
zapB_predicted,0.6666666666666666,3,2,GGGGCCGGCAGGACGCCTGT,1,5274024
zapB_predicted,1.0,4,2,GGGGAGAGCGGGCTTAACGT,2,5278794
zapB_predicted,0.6666666666666666,3,2,GGGCCAGGACAGAGGAGTTC,1,5278567
zapB_predicted,1.6666666666666667,6,2,GGGCACAAACTGGGTCCGGT,4,5272678
zapB_predicted,1.6666666666666667,6,2,GGCTGATTGTTTCCCGTATA,4,5274580
zapB_predicted,0.6666666666666666,3,2,GGATTATCGCAGTATGCAGC,1,5264928
zapB_predicted,0.6666666666666666,3,2,GGAATAGTTGAATCGCCCTT,1,5286932
zapB_predicted,0.6666666666666666,3,2,GCTTCTAAAGCCTATCATTA,1,5265906
zapB_predicted,0.6666666666666666,3,2,GCTGGTTAGGTAATGAATGG,1,5279331
zapB_predicted,2.0,7,2,GCTATTCGCAGTGTTTCGCT,5,5269785
zapB_predicted,2.6666666666666665,9,2,GCGTGGTAAGTTTTTACTTA,7,5287916
zapB_predicted,1.6666666666666667,6,2,GCGTCGCTTCCTATGATTGT,4,5267681
zapB_predicted,0.6666666666666666,3,2,GCGATGAGGAGACCGGAGTA,1,5267885
zapB_predicted,1.3333333333333333,5,2,GCGAGCGTGCTTTTAAAGGG,3,5282017
zapB_predicted,2.3333333333333335,8,2,GCCTGTATCAATTATCTAAA,6,5274519
zapB_predicted,1.6666666666666667,6,2,GCCGCGAAGGCTGTATTCTG,4,5286074
zapB_predicted,1.0,4,2,GCCCGTACGCGCCGTACACG,2,5270470
zapB_predicted,2.0,7,2,GCCCGACTGGTTCATAACCT,5,5282577
zapB_predicted,1.3333333333333333,5,2,GCCAGACCAGAGGGGGCGTC,3,5271490
zapB_predicted,2.0,7,2,GCCAAGATCGAACAACGACA,5,5273729
zapB_predicted,1.0,4,2,GCACTCTGCTCGTTGATATA,2,5267041
zapB_predicted,1.3333333333333333,5,2,GCAACGTCCTAGTCAGGCGT,3,5263197
zapB_predicted,4.0,13,2,GATTTATCAATATTCAGAAC,11,5274022
zapB_predicted,0.6666666666666666,3,2,GATTGTGGTGAGCCCCTGCA,1,5285424
zapB_predicted,3.0,10,2,GATTCCTATACACTATCGAC,8,5268948
zapB_predicted,1.3333333333333333,5,2,GATGAGATGTTACGCCTTAT,3,5286507
zapB_predicted,2.6666666666666665,9,2,GATATCGCTGGTGTCGATCC,7,5284914
zapB_predicted,1.0,4,2,GAGGTAGAATTGTGTCTGGC,2,5274508
zapB_predicted,0.6666666666666666,3,2,GAGGGTCCTGGGCAGACCCT,1,5267287
zapB_predicted,1.0,4,2,GAGGCCCAGTGTATGTACGT,2,5280175
zapB_predicted,0.6666666666666666,3,2,GAGGAGTGTTAAATGCGGTT,1,5266560
zapB_predicted,4.666666666666667,15,2,GAGCTCATTTATGACTTAGT,13,5286879
zapB_predicted,1.0,4,2,GAGCTACGCGTGGGTAAATG,2,5268037
zapB_predicted,0.6666666666666666,3,2,GAGCCAACTTGGTGCCGAGT,1,5284350
zapB_predicted,1.0,4,2,GAGCAATGTTTAGGGTGTAC,2,5277093
zapB_predicted,1.3333333333333333,5,2,GAGAGCGATGTGACTCGCCA,3,5267655
zapB_predicted,0.6666666666666666,3,2,GACGACTAAGAAACCCATCA,1,5264858
zapB_predicted,0.6666666666666666,3,2,GAATCCGGGCTATCATCCCC,1,5276340
zapB_predicted,3.0,10,2,GAACCTGTGTATGCCTGTCT,8,5287508
zapB_predicted,1.0,4,2,GAAATGAGTTAGATTGGCGC,2,5284023
zapB_predicted,0.6666666666666666,3,2,GAAAAAATCCAAGTCACAAG,1,5280975
zapB_predicted,0.6666666666666666,3,2,CTTCTGCCCGAGGCAAATTA,1,5274224
zapB_predicted,2.0,7,2,CTTATTAGATCCGTTAAGGA,5,5280935
zapB_predicted,0.6666666666666666,3,2,CTTAAACCTCGTTTGTAAGG,1,5267773
zapB_predicted,0.6666666666666666,3,2,CTGTTCAGCTGCTGGTACTC,1,5283916
zapB_predicted,0.6666666666666666,3,2,CTGCTTGAGCCCCGAATGGC,1,5268100
zapB_predicted,1.6666666666666667,6,2,CTGCTTCCTAGCGATGCCGG,4,5268178
zapB_predicted,1.3333333333333333,5,2,CTCTTTCCACTTAATGCAGC,3,5281598
zapB_predicted,1.3333333333333333,5,2,CTCTGTGAGGTATCTTTGTT,3,5276388
zapB_predicted,0.6666666666666666,3,2,CTCTCCTACGGAATCCCATC,1,5283009
zapB_predicted,4.333333333333333,14,2,CTCGTTTTCAAAAACTACCG,12,5264596
zapB_predicted,1.0,4,2,CTATGCTCTGTGTTCGGCAG,2,5279650
zapB_predicted,0.6666666666666666,3,2,CTACGCGAATGTCTACCACA,1,5266384
zapB_predicted,1.3333333333333333,5,2,CGTTATTCAATTACGTCCTG,3,5285432
zapB_predicted,1.6666666666666667,6,2,CGTACATGTTGCGCCCCTCG,4,5287380
zapB_predicted,0.6666666666666666,3,2,CGGGGTAAGACACAGAGGTC,1,5274229
zapB_predicted,0.6666666666666666,3,2,CGGGCAGACGGGGGGGGTTT,1,5282748
zapB_predicted,1.0,4,2,CGGCCTTCATGATCAGGAAT,2,5276970
zapB_predicted,1.6666666666666667,6,2,CGGCCGAGCCATAGTTTTTT,4,5287051
zapB_predicted,1.0,4,2,CGGACGTGTCTCAATTCTCT,2,5266039
zapB_predicted,3.3333333333333335,11,2,CGCTCTTCTTTCGGTTCACA,9,5273235
zapB_predicted,0.6666666666666666,3,2,CGCTCGTCTAACTACCGTAT,1,5268013
zapB_predicted,1.3333333333333333,5,2,CGCCAGAATTAAAAATGCAA,3,5277893
zapB_predicted,0.6666666666666666,3,2,CGCAGAAAGACGGGTGTCGG,1,5279167
zapB_predicted,0.6666666666666666,3,2,CGAGGAACCTACCCATTGTT,1,5286153
zapB_predicted,1.6666666666666667,6,2,CGAGCGTACCGAGACCTCCT,4,5266394
zapB_predicted,1.3333333333333333,5,2,CGACCATCGTAATTCGGATC,3,5281884
zapB_predicted,2.0,7,2,CGACCACGGGCTCCAAAGGA,5,5282396
zapB_predicted,1.3333333333333333,5,2,CCTTCTGCTTTTCCGGCCGT,3,5285575
zapB_predicted,14.0,43,2,CCTCAGTAAGGGCATGCCTT,41,5276985
zapB_predicted,0.6666666666666666,3,2,CCTAGCCGCTGGCCTGCCCA,1,5268329
zapB_predicted,0.6666666666666666,3,2,CCTACACTTCCGTCTGTGAG,1,5268516
zapB_predicted,1.6666666666666667,6,2,CCGTCACTCTGCCTTAACAC,4,5267842
zapB_predicted,1.0,4,2,CCGACAAGCCCTTTGATCCC,2,5282742
zapB_predicted,3.0,10,2,CCCTAACTTCGTAACTAGAC,8,5264253
zapB_predicted,0.6666666666666666,3,2,CCATATTCCGACACAGGTGG,1,5265248
zapB_predicted,0.6666666666666666,3,2,CCAGTTGGCGTAGCTTACTG,1,5264307
zapB_predicted,1.3333333333333333,5,2,CCAATAATGAGATAGTCAGG,3,5277978
zapB_predicted,1.0,4,2,CATTATCGGTGAGATCCGCG,2,5284218
zapB_predicted,1.0,4,2,CATGGGTACGGTCGGACGGC,2,5271138
zapB_predicted,1.3333333333333333,5,2,CATATATGTCACATAAACGA,3,5282729
zapB_predicted,0.6666666666666666,3,2,CATAAGCAGTGTCGTCCCTT,1,5281983
zapB_predicted,0.6666666666666666,3,2,CAGTTTCGGTTAGAGCGAGG,1,5265889
zapB_predicted,1.0,4,2,CAGTAAATGGATTCGAATGC,2,5269580
zapB_predicted,1.0,4,2,CAGGCTAGATCAGCCGGTCA,2,5284407
zapB_predicted,0.6666666666666666,3,2,CAGGACGTCAAAGCACTACG,1,5270868
zapB_predicted,0.6666666666666666,3,2,CAGGACATGCATCACAAAAA,1,5283054
zapB_predicted,0.6666666666666666,3,2,CACTACGGGCTGTCCTCCAT,1,5270883
zapB_predicted,7.666666666666667,24,2,CACGTGGACACGTTGCGTGC,22,5282107
zapB_predicted,3.6666666666666665,12,2,CACGCACGTGTTTACGGCGT,10,5282764
zapB_predicted,0.6666666666666666,3,2,ATTTCTGCGGCTACTCATGT,1,5273542
zapB_predicted,1.6666666666666667,6,2,ATTGTTACCTTGCGATCGTG,4,5267949
zapB_predicted,0.6666666666666666,3,2,ATTCTCGGACCCGGAGCCGG,1,5283402
zapB_predicted,1.6666666666666667,6,2,ATTATGGACGTTTGCACGAG,4,5271608
zapB_predicted,1.3333333333333333,5,2,ATGGATCTATTTGAGTTCTA,3,5268901
zapB_predicted,1.0,4,2,ATGCGTGGTGATCCGGCTCC,2,5275248
zapB_predicted,1.0,4,2,ATGCGCGCGGAACGCGCTTT,2,5270012
zapB_predicted,1.0,4,2,ATGCGACAGCAATTCTGATC,2,5272785
zapB_predicted,0.6666666666666666,3,2,ATGCATGTGGCCACCCCCGG,1,5281775
zapB_predicted,0.6666666666666666,3,2,ATGAGGTGATCCCAAAATTT,1,5267745
zapB_predicted,3.0,10,2,ATGACGCAGAGACACCTTGC,8,5273424
zapB_predicted,160.66666666666666,483,2,ATGAATCTGTGTAGCGTCGT,481,5279623
zapB_predicted,0.6666666666666666,3,2,ATCTTTTTTGGAAGTCACCT,1,5268643
zapB_predicted,5.0,16,2,ATCTAGGGATGCCGAGGTCA,14,5263908
zapB_predicted,1.0,4,2,ATCGCCTAGATGCTCCACGC,2,5266204
zapB_predicted,2.0,7,2,ATATCTTTTAAATGGACCTA,5,5286456
zapB_predicted,0.6666666666666666,3,2,ATACCTTTCTGGGCTGTTAG,1,5277329
zapB_predicted,2.6666666666666665,9,2,ATACCGGCCAGGCTACCTGA,7,5281956
zapB_predicted,1.3333333333333333,5,2,ATACATTGCCACCATAAGCG,3,5271762
zapB_predicted,248.0,745,2,ATAAAGGGACTTTGCGGTCT,743,5286396
zapB_predicted,1.6666666666666667,6,2,AGTTTGCAGAAGGCAGAGCC,4,5280412
zapB_predicted,2.3333333333333335,8,2,AGTGTGGGAGTTTCTGCAAT,6,5263343
zapB_predicted,1.0,4,2,AGTAGCGCCAGGCCCGGTCT,2,5270700
zapB_predicted,0.6666666666666666,3,2,AGGCCAGTCGTGCGGCCTTC,1,5281789
zapB_predicted,1.0,4,2,AGGCCAATATGCAAAACTTC,2,5267513
zapB_predicted,2.6666666666666665,9,2,AGGATTAGTGAATCTATGGC,7,5286634
zapB_predicted,0.6666666666666666,3,2,AGCTTTTCCCATTCATCCTT,1,5283028
zapB_predicted,9.666666666666666,30,2,AGCTTCGGTCAAAGTAATTC,28,5287840
zapB_predicted,2.3333333333333335,8,2,AGCCCGAGTGCCCGTTTATT,6,5273326
zapB_predicted,11.666666666666666,36,2,AGACATGGGCATCGTCAAGA,34,5281077
zapB_predicted,306.6666666666667,921,2,ACTATCCTTCACAGCCTAGA,919,5281824
zapB_predicted,0.6666666666666666,3,2,ACGGGGGGCAATAACGATTT,1,5285199
zapB_predicted,2.3333333333333335,8,2,ACGGACCGCTGTGCCAGCGT,6,5273787
zapB_predicted,274.6666666666667,825,2,ACGCCGGGTAAGACGTTGTT,823,5273814
zapB_predicted,1.0,4,2,ACCCAACTTCCTTGGCGAGT,2,5266570
zapB_predicted,1.0,4,2,ACCATTGAAATCAAACAGAT,2,5264537
zapB_predicted,1.0,4,2,ACATTACTCCCATGGGTCCG,2,5270427
zapB_predicted,1.0,4,2,ACATGCTAATGGGGGTCACA,2,5277538
zapB_predicted,3.0,10,2,ACAGTGGTCTCCGCTCGCTA,8,5285837
zapB_predicted,3.6666666666666665,12,2,AATGCTAGTAAGATCAGGTT,10,5277067
zapB_predicted,2.0,7,2,AATCTTTCCTGGGAGCCCCT,5,5274385
zapB_predicted,1.3333333333333333,5,2,AATACAAAACAAGCGACCGA,3,5273989
zapB_predicted,2.3333333333333335,8,2,AATAATAAGAACATTGGAAT,6,5279128
zapB_predicted,1.3333333333333333,5,2,AAGGCAACGACTTTTGAGTT,3,5277891
zapB_predicted,0.6666666666666666,3,2,AAGCCGGTTACTTTCCTGAC,1,5279917
zapB_predicted,0.6666666666666666,3,2,AACGGAATAGTAAAGACTAA,1,5271840
zapB_predicted,1.0,4,2,AAATTAACACAACTAAAAGC,2,5279157
zapB_predicted,0.6666666666666666,3,2,AAATCAGTGCTATTTTTTAC,1,5263153
zapB_predicted,1.6666666666666667,6,2,AAAGAGAGTTAACCCACTTC,4,5275686
zapB_predicted,0.6666666666666666,3,2,AAACCAGTAACCAATTCCCG,1,5278242
zapB_predicted,2.3333333333333335,8,2,AAACATACTCTAACTGCCAT,6,5263417
zapB_predicted,1.0,4,2,AAAACAATTCAAATTGTGGT,2,5287679
zapB_predicted,2.0,4,1,TTTTCTGGAAAGCAAGTACG,3,5265535
zapB_predicted,1.0,2,1,TTTGTGAAATATAGACAGCA,1,5274753
zapB_predicted,3.0,6,1,TTTGTCGTATGGCTAGTGTG,5,5267405
zapB_predicted,2.5,5,1,TTTCCAGTCCTGGTAGGCCC,4,5270629
zapB_predicted,1.5,3,1,TTTCAAAGTCTCGTTACTCT,2,5272341
zapB_predicted,1.5,3,1,TTTAGTGTCTGAAAAGTCAA,2,5264811
zapB_predicted,3.5,7,1,TTTACTCGGGCGCCGGTCAT,6,5285985
zapB_predicted,4.5,9,1,TTGGGATTCCCTGAAGAGTA,8,5283789
zapB_predicted,2.5,5,1,TTGATGGAGGACACATCCCT,4,5288014
zapB_predicted,1.0,2,1,TTCTTGCAGCGAAGTATTTC,1,5269916
zapB_predicted,1.5,3,1,TTCTGAGCTGGAATTTGGCC,2,5275320
zapB_predicted,1.5,3,1,TTCGTTCTGCTCCTGTCCTA,2,5273991
zapB_predicted,1.5,3,1,TTCCTTTATGTTCCTTTTGA,2,5277168
zapB_predicted,1.0,2,1,TTAGACTAGGTAACGGCCGG,1,5264848
zapB_predicted,1.5,3,1,TTACGGATACCCCCTAGAGT,2,5279756
zapB_predicted,1.0,2,1,TTAATCACTCCACCTTGACA,1,5280607
zapB_predicted,1.5,3,1,TTAAGATCAATCAAATTAGT,2,5283088
zapB_predicted,4.0,8,1,TTAACGCAAGTTCTTAGTGC,7,5267001
zapB_predicted,1.0,2,1,TGTTATGTTTTACAGTGATT,1,5280833
zapB_predicted,2.0,4,1,TGTGCGTCTTACAGATCCTG,3,5267464
zapB_predicted,2.0,4,1,TGGTGTGCCTGCGAGCAGAT,3,5267671
zapB_predicted,1.0,2,1,TGGGGGTCACCATAACCGTA,1,5283816
zapB_predicted,4.5,9,1,TGGGACACTAATTGCTTAGC,8,5281176
zapB_predicted,1.0,2,1,TGGCGATGCGATATGGTCCC,1,5266567
zapB_predicted,1.0,2,1,TGGAGCTACGGTATGATGGT,1,5267839
zapB_predicted,1.5,3,1,TGGACTAGCCAGGTCTGAGA,2,5264707
zapB_predicted,1.0,2,1,TGCTATCGTTGCTTTGCCGT,1,5263864
zapB_predicted,1.0,2,1,TGCTAACCCACTCAACCGGA,1,5273458
zapB_predicted,2.5,5,1,TGCCTTCGAGGTTCGTGGGG,4,5274348
zapB_predicted,1.0,2,1,TGCCTAGGAGGCTGGATTCG,1,5272318
zapB_predicted,1.0,2,1,TGATATCTGTTCGACGAAAA,1,5285520
zapB_predicted,1.5,3,1,TGAATTGGTATTCTGGCCGA,2,5282202
zapB_predicted,1.0,2,1,TCTATATACGTTCCTTAAAG,1,5274770
zapB_predicted,1.5,3,1,TCTACTTGTTAAAATCTCCG,2,5286255
zapB_predicted,2.5,5,1,TCTAAGGAGACTATTAGAAG,4,5273322
zapB_predicted,1.5,3,1,TCTAAACATGGCTAGTAGAT,2,5278322
zapB_predicted,1.0,2,1,TCGTGGCCCCACCCCGATCT,1,5269765
zapB_predicted,1.0,2,1,TCGCACAATTAATCGGCGCC,1,5276860
zapB_predicted,5.0,10,1,TCCGGGTTATGATGTCCTGA,9,5272496
zapB_predicted,1.0,2,1,TCATGCGGTCTATGATCATT,1,5276740
zapB_predicted,1.0,2,1,TCACTCGTGCGGCCCCCAAG,1,5263420
zapB_predicted,6.0,12,1,TCACAACAATGTCAACGAGC,11,5270100
zapB_predicted,1.5,3,1,TCAATCGCTGCAGCCTTGGG,2,5280285
zapB_predicted,2.0,4,1,TCAACTTTGGTCCGACGTCA,3,5272078
zapB_predicted,7.0,14,1,TATTTTCTACCAAAGTCTAA,13,5279778
zapB_predicted,1.0,2,1,TATTGAAGCGCGGCAATCGT,1,5279443
zapB_predicted,1.0,2,1,TATGCATCAGCCAGTGATGT,1,5275102
zapB_predicted,4.0,8,1,TATCCTCGCGAGCCGTCCGT,7,5266728
zapB_predicted,1.0,2,1,TAGCCGTTTATCCGTACTGC,1,5270356
zapB_predicted,1.0,2,1,TACTAGGTGCGTGCCACATG,1,5264802
zapB_predicted,1.5,3,1,TACAAATTCCGGGGACCAGA,2,5275336
zapB_predicted,8.0,16,1,TAAAGCAAGAATTAAATTAA,15,5270294
zapB_predicted,1.5,3,1,GTTTGAGCATCTCGGCGCTT,2,5284698
zapB_predicted,1.0,2,1,GTTTAAAGAGTCCCGACGAT,1,5286598
zapB_predicted,1.0,2,1,GTTCTGATTTCACACTTCAG,1,5273893
zapB_predicted,1.5,3,1,GTTCGGCTAGGGCGACATTG,2,5272556
zapB_predicted,2.5,5,1,GTTCGCACACTCTAGGAGGG,4,5269031
zapB_predicted,1.0,2,1,GTGGTCGATAGTTTGGCAAT,1,5273603
zapB_predicted,5.5,11,1,GTGGAAAGCACTAAATGATT,10,5277423
zapB_predicted,1.5,3,1,GTGCAAAGGGATCCCGGTAT,2,5284648
zapB_predicted,2.0,4,1,GTCATATTACAGCGGGTTAC,3,5279011
zapB_predicted,2.5,5,1,GTCAATCCCGTGCCTGCTCC,4,5276788
zapB_predicted,1.0,2,1,GTATGTTCAGTACTGTTCTG,1,5272081
zapB_predicted,1.0,2,1,GTAAGACCGTAGTTTCCCTT,1,5287395
zapB_predicted,1.0,2,1,GTAACCAGATCCATTTTGCA,1,5264016
zapB_predicted,1.0,2,1,GGTGGTTGATTGTCGGAAGG,1,5272525
zapB_predicted,8.5,17,1,GGTGGCTTTCCGGCATTGCC,16,5284093
zapB_predicted,2.0,4,1,GGTGATTCCTGATCGAAAAC,3,5285810
zapB_predicted,1.0,2,1,GGTCTGACAAGCGGCATCGA,1,5287863
zapB_predicted,1.5,3,1,GGTAGGGCGCGTCATTCAAT,2,5285581
zapB_predicted,3.5,7,1,GGTACCCTAATACTCGTAAC,6,5276832
zapB_predicted,2.5,5,1,GGGTCATTCTCTTCAAGGGG,4,5265324
zapB_predicted,1.0,2,1,GGGTAGGTGCGGAAAACCAG,1,5275269
zapB_predicted,1.5,3,1,GGCTCAACGTGTAAAACGGG,2,5268149
zapB_predicted,1.0,2,1,GGCGGAATTGATTATTTAAT,1,5285066
zapB_predicted,2.5,5,1,GGATTCGGTTCTTAGTGCGG,4,5283480
zapB_predicted,1.5,3,1,GGACTAATTGGACGGTGGTC,2,5276735
zapB_predicted,1.0,2,1,GCTAGTAGCTATCAGCTGCC,1,5272499
zapB_predicted,1.0,2,1,GCTAGCGTTAAGCAGCTCAT,1,5280556
zapB_predicted,2.0,4,1,GCGGCAAATACGCCAAGAGT,3,5274032
zapB_predicted,1.0,2,1,GCCTTCTCGGCATGAGTAAT,1,5276758
zapB_predicted,2.5,5,1,GCCTGACTATCCGGCAATTA,4,5279618
zapB_predicted,1.0,2,1,GCCGCGATCACCTGTCGCTT,1,5269836
zapB_predicted,1.5,3,1,GCCGCCATTTATTCAACTTC,2,5280713
zapB_predicted,1.5,3,1,GCATTCATAGTTTGCCCTAC,2,5282922
zapB_predicted,3.0,6,1,GCAGATGGCACATGATCCAC,5,5275927
zapB_predicted,1.0,2,1,GCACAGGGGATTACCGCCGC,1,5278158
zapB_predicted,1.0,2,1,GATTTGGGTTGATAGTTATG,1,5263602
zapB_predicted,1.5,3,1,GATGTACTGATAGCTGAATC,2,5266473
zapB_predicted,2.0,4,1,GATCAGCCTTCCCATGTCAC,3,5265915
zapB_predicted,1.0,2,1,GATAGGACGTTTTAACTGTA,1,5286296
zapB_predicted,1.0,2,1,GATACAACTTGGAAGGCCGA,1,5283536
zapB_predicted,3.5,7,1,GAGGTAGAGAGACATCTCAG,6,5278564
zapB_predicted,5.0,10,1,GAGGGGAGTTTCTACGATAA,9,5281069
zapB_predicted,10.0,20,1,GAGGGGAGGCTTGGATGGAT,19,5281826
zapB_predicted,4.5,9,1,GAGCGTCGGAACCAACCAAT,8,5263742
zapB_predicted,3.0,6,1,GACTGGTCTGGAGAGCTTAC,5,5268358
zapB_predicted,1.5,3,1,GACTCTAAGCTTTCGCTTAC,2,5277535
zapB_predicted,1.0,2,1,GACGGGTGTGGCGGAGGCAG,1,5279548
zapB_predicted,1.5,3,1,GACGGGGGCTACCCTACTGC,2,5284252
zapB_predicted,2.5,5,1,GACCGTCTCGGGAAGCGGGT,4,5276879
zapB_predicted,9.5,19,1,GACCCGTTCGCCCATCAAAG,18,5279869
zapB_predicted,1.5,3,1,GAATGAGCGGCCGTATCAAG,2,5283974
zapB_predicted,1.0,2,1,GAATCAACTACACAATTGAT,1,5280816
zapB_predicted,1.0,2,1,GAAGGTCTCAACTATGCATA,1,5282166
zapB_predicted,1.5,3,1,GAAGAATATAGGCTATGCTT,2,5275664
zapB_predicted,1.5,3,1,GAAAGGACAGAACAGAGCAT,2,5286850
zapB_predicted,1.5,3,1,CTTTTCCGTAATAGATCATT,2,5284362
zapB_predicted,1.0,2,1,CTTCTGCCGACGCATGGGCT,1,5282104
zapB_predicted,2.5,5,1,CTTATGCCTTTCCAATTTGC,4,5268333
zapB_predicted,1.5,3,1,CTTAGCTGGTTAATGATCGC,2,5269045
zapB_predicted,2.0,4,1,CTGTCAATGTACCCTAGAGG,3,5272214
zapB_predicted,1.0,2,1,CTGCCATCGGAACGTATCCA,1,5273756
zapB_predicted,3.0,6,1,CTGCATGCGTGTACGCTCAG,5,5280229
zapB_predicted,6.0,12,1,CTGCAGTGCGGGGTACCTCA,11,5278305
zapB_predicted,3.0,6,1,CTGAAATAATCAAAGTAGCG,5,5284793
zapB_predicted,2.5,5,1,CTCTCAGAGGGAAGACGAGG,4,5278562
zapB_predicted,3.0,6,1,CTCCTCAAATGAAAAACCTT,5,5275464
zapB_predicted,64.5,129,1,CTCATCGGGCATTGAGTGTA,128,5282439
zapB_predicted,16.0,32,1,CTACCGTTAGCGGATCGATC,31,5266978
zapB_predicted,2.0,4,1,CTAATAAGCCGGGATACGAA,3,5276537
zapB_predicted,1.5,3,1,CTAAGCTGGCCCGATGCACG,2,5271212
zapB_predicted,1.0,2,1,CGTGAGTCGAAGTATATCAT,1,5278140
zapB_predicted,1.0,2,1,CGTAGTCGCGACGCGGACGA,1,5263537
zapB_predicted,6.0,12,1,CGGGAACTTGGATAAGCACC,11,5288186
zapB_predicted,1.0,2,1,CGGCCCGCCAACTAGGTTGA,1,5280527
zapB_predicted,1.0,2,1,CGGCAGTGATTAGAAGGGGT,1,5268515
zapB_predicted,5.0,10,1,CGCGCGTGCAGAAAGGCGTA,9,5287841
zapB_predicted,2.5,5,1,CGCGCCTATATGTATGTCCA,4,5276593
zapB_predicted,3.0,6,1,CGCCGTCGCGACGACGCTTA,5,5286218
zapB_predicted,1.5,3,1,CGCATCGGCTACGCATCAGT,2,5273633
zapB_predicted,1.5,3,1,CGATGGAGAATCGCGCGCCT,2,5280894
zapB_predicted,1.5,3,1,CGAATTAGAACGCGTACCAA,2,5287227
zapB_predicted,2.0,4,1,CCTTATATTCAGCTCAGTAA,3,5287880
zapB_predicted,2.0,4,1,CCTGCTCGTCAGGCCCCTGA,3,5273670
zapB_predicted,1.5,3,1,CCTAGAAGCTACCATTAGTA,2,5278260
zapB_predicted,1.5,3,1,CCTACTGTGCTGCATAGGGC,2,5276607
zapB_predicted,1.0,2,1,CCGTAGTTGAGAGCATTTTA,1,5272186
zapB_predicted,3.0,6,1,CCGCTCCCTGCATGTAACTG,5,5279798
zapB_predicted,1.0,2,1,CCGATTACAACCTCCCGACC,1,5278298
zapB_predicted,3.5,7,1,CCGATAGCATTCAAATTTGT,6,5282470
zapB_predicted,8.0,16,1,CCGAAACTACCAGGTCGCCC,15,5286390
zapB_predicted,1.5,3,1,CCCTTTCTTAAGGTTGTCAA,2,5283035
zapB_predicted,2.5,5,1,CCCAAAAAGAGGCGGTAAAC,4,5277610
zapB_predicted,1.5,3,1,CCATCAACCGGACCTTCACA,2,5265421
zapB_predicted,1.0,2,1,CCAGGGAGATTCTGGACCAG,1,5282175
zapB_predicted,1.0,2,1,CCAGAATGGGAGTGCCAGAC,1,5265384
zapB_predicted,3.0,6,1,CCAAACGCCCTACCACTGGC,5,5277311
zapB_predicted,1.0,2,1,CATTAGCGTTGGGTCTAGCT,1,5286376
zapB_predicted,1.0,2,1,CAGCCTGGGCTGTCCAAGCA,1,5279703
zapB_predicted,4.5,9,1,CAGCCTGCTAGAGCAACTCT,8,5269048
zapB_predicted,1.0,2,1,CACTGGCAAGTGATGTAGAA,1,5266162
zapB_predicted,2.0,4,1,CACCCCGTACCCCCGTACTA,3,5286476
zapB_predicted,3.0,6,1,CACCAAATCGAACTCATTGG,5,5282574
zapB_predicted,1.0,2,1,CACAGCCTCCCCACGCGGAA,1,5267423
zapB_predicted,1.5,3,1,CAATGGCAATCGCACCGAGG,2,5276726
zapB_predicted,3.5,7,1,CAATGCCGATCAGGACAACG,6,5275834
zapB_predicted,1.0,2,1,CAAGAAAACCTCTGGCAATA,1,5269740
zapB_predicted,6.0,12,1,CAACGGCTAAGCCGTGTTTG,11,5268366
zapB_predicted,1.5,3,1,CAACCTGTTCGAGATATGGA,2,5285303
zapB_predicted,1.0,2,1,CAAAGGTCACCGCAAGTACG,1,5280230
zapB_predicted,2.5,5,1,ATTTTGTTATAACAGTATGG,4,5284361
zapB_predicted,2.5,5,1,ATTTCGCCTAACCATGGTAT,4,5273425
zapB_predicted,2.0,4,1,ATTGCAAGCTGTAAGTTAAA,3,5280709
zapB_predicted,3.0,6,1,ATTCGTTGCCACGTTAATGG,5,5263320
zapB_predicted,1.0,2,1,ATTAATTACCCCCGAACTGC,1,5269757
zapB_predicted,1.0,2,1,ATGTCTATAGGGGCTTGTTG,1,5288357
zapB_predicted,2.0,4,1,ATGGACCCTCTATCTATGTG,3,5286602
zapB_predicted,1.0,2,1,ATCGTCATTCTGATATGTCG,1,5272584
zapB_predicted,2.0,4,1,ATCGGCTACCGTTTCCGCTG,3,5282095
zapB_predicted,1.5,3,1,ATCGCGTACACCATCCTCCT,2,5270896
zapB_predicted,1.5,3,1,ATATTCCGTGGAACATAGAT,2,5283069
zapB_predicted,2.0,4,1,ATACTCGACTCATACCGGGC,3,5272060
zapB_predicted,1.0,2,1,ATAATCCAGTGGGACCATAT,1,5280235
zapB_predicted,4.0,8,1,ATAAGGGACTAGGCCTATAA,7,5284471
zapB_predicted,3.0,6,1,AGTTGGTTCTGTTACTCGTG,5,5277472
zapB_predicted,1.5,3,1,AGTGCACTACACGTCGTAGT,2,5279556
zapB_predicted,1.0,2,1,AGTGATCGTTTCCTAGGACG,1,5285966
zapB_predicted,1.5,3,1,AGTCTTTTTTTAAAACGGTA,2,5265675
zapB_predicted,2.5,5,1,AGTCTTTAAAGTATGTACCT,4,5270595
zapB_predicted,8.5,17,1,AGTCGGATGCACACAATGCA,16,5280840
zapB_predicted,1.0,2,1,AGGGAGAGCCGATACACCTA,1,5264908
zapB_predicted,1.0,2,1,AGGCATAGCAGGGAGATACT,1,5268865
zapB_predicted,1.0,2,1,AGCGCCTAATTTGTCCTTCA,1,5282626
zapB_predicted,1.5,3,1,AGCGCACCATCGATTAGTAT,2,5284340
zapB_predicted,4.0,8,1,AGCAACTTTACAATATGTGG,7,5269902
zapB_predicted,2.0,4,1,AGATTGAAGGTGGGAGCCGG,3,5263615
zapB_predicted,8.0,16,1,AGATCGCGTAAGACCACGGC,15,5286087
zapB_predicted,6.0,12,1,AGATATGGTCAGCGACAAGT,11,5277869
zapB_predicted,1.0,2,1,AGAGTCCGGGCGCGGCGTTA,1,5287022
zapB_predicted,1.5,3,1,ACTGCATCTATATAGTTCAC,2,5287203
zapB_predicted,1.0,2,1,ACTCCTAGAACAGTTTTTCA,1,5274135
zapB_predicted,3.0,6,1,ACTCACGCCCCAAATAAGCT,5,5282580
zapB_predicted,1.5,3,1,ACGGTCATGGTCCGATTTAA,2,5281976
zapB_predicted,2.0,4,1,ACCTTTCAGACATGGCGGAT,3,5280126
zapB_predicted,1.5,3,1,ACCTCCAATCTATCAATGAA,2,5285064
zapB_predicted,3.0,6,1,ACCCGTATGTGAGCTGGATT,5,5282791
zapB_predicted,1.0,2,1,ACCAATGGGCATCTATACCA,1,5270319
zapB_predicted,3.0,6,1,ACATGTCACGTAAGGGGGGC,5,5282532
zapB_predicted,1.0,2,1,ACACTTCAGGAACAAGGACA,1,5271427
zapB_predicted,2.0,4,1,ACAAGGGAGCTTTCTCCCAA,3,5271493
zapB_predicted,1.0,2,1,ACAAGCGCTGGCGCCAGATG,1,5280837
zapB_predicted,1.0,2,1,AATTTCAATGGTGAGAGGCA,1,5267038
zapB_predicted,1.0,2,1,AATGGTACAATCTATGTGGG,1,5283576
zapB_predicted,5.0,10,1,AATCTATCCTTGAGCGCTCG,9,5287563
zapB_predicted,2.0,4,1,AAGGCGGATACCTGTGAAGA,3,5284905
zapB_predicted,5.5,11,1,AAGAACCGGGCGTTGTACCT,10,5287814
zapB_predicted,1.0,2,1,AACTTAACGGTAAGTATCGA,1,5283715
zapB_predicted,1.5,3,1,AACTAGCCAGGAATTAGCAT,2,5264974
zapB_predicted,1.0,2,1,AACCAGTCTATTGGAAGCAG,1,5265305
zapB_predicted,5.0,10,1,AACATTCCCGAATATGTTTT,9,5268377
zapB_predicted,1.0,2,1,AAATTCGATGGGCGCGTGAA,1,5272989
zapB_predicted,8.5,17,1,AAAGCGTAGGACACGCAACT,16,5285879
zapB_predicted,1.5,3,1,AAAGCGGGAACCTCGTCGCG,2,5287774
zapB_predicted,2.0,4,1,AAAAAAGGGTGCGCGGTGCC,3,5264639
zapB_predicted,0.016666666666666666,59,59,GATCAGTGATTAGCTTACCA,0,5263621
zapB_predicted,0.01818181818181818,54,54,TGAGGGGTGGGTACAGGTAG,0,5272493
zapB_predicted,0.01818181818181818,54,54,GATTTCAATAGACATCGTGA,0,5279704
zapB_predicted,0.018518518518518517,53,53,GATGCAGACAGGAAACGTGA,0,5276088
zapB_predicted,0.018518518518518517,53,53,GAACATGGTGGATTGCAGAT,0,5266694
zapB_predicted,0.018518518518518517,53,53,CCGGGCACGATGCTTCAAAT,0,5286063
zapB_predicted,0.0196078431372549,50,50,GGCCGTCGCTGCTAGTTGTT,0,5274735
zapB_predicted,0.02,49,49,TCCGGCTGGGTTTCAAAGCA,0,5265801
zapB_predicted,0.02,49,49,CAGTCTTGTTATAAGTGACA,0,5269523
zapB_predicted,0.02,49,49,CAGACTGGACTCGCACGCAT,0,5277128
zapB_predicted,0.02040816326530612,48,48,CGGGCAGTATACTTGGGAAT,0,5263907
zapB_predicted,0.02040816326530612,48,48,ACAGCGGGAGACAAGACAAA,0,5267478
zapB_predicted,0.020833333333333332,47,47,CTTAACCAAATTGGCGCATA,0,5264186
zapB_predicted,0.021739130434782608,45,45,CGTGAGTAGCAAAGTATGCT,0,5286581
zapB_predicted,0.022222222222222223,44,44,TAGAGAACGGCTAAATATGC,0,5263258
zapB_predicted,0.022727272727272728,43,43,CTAAGAGGTGCTGTGGCGCG,0,5282083
zapB_predicted,0.023255813953488372,42,42,TCTCGGTGAGAGGTCGCCCA,0,5264474
zapB_predicted,0.023255813953488372,42,42,GATTAGTCACCTGTGCGGGA,0,5273512
zapB_predicted,0.023255813953488372,42,42,AACATATATGTCTTTCCCCC,0,5272575
zapB_predicted,0.023255813953488372,42,42,AAATGATTAATGAGATTCAG,0,5263560
zapB_predicted,0.025,39,39,AATACGCGACGTGCACTATC,0,5278094
zapB_predicted,0.02564102564102564,38,38,GATGTTACGGAACCGGAGAG,0,5286611
zapB_predicted,0.02564102564102564,38,38,CAACGGACGAATTAGGGTCA,0,5263804
zapB_predicted,0.02564102564102564,38,38,ACCATAGTGCCGTATAGCTA,0,5263576
zapB_predicted,0.02631578947368421,37,37,TAATAGAAGACGGGGCAGAA,0,5275893
zapB_predicted,0.02631578947368421,37,37,AAGGTCCGGCAACTGAAGGT,0,5271339
zapB_predicted,0.02702702702702703,36,36,GCCCTAGAAGAGTGAAACGC,0,5263509
zapB_predicted,0.02702702702702703,36,36,ACTCACTCGTCTACTAGCTA,0,5265335
zapB_predicted,0.027777777777777776,35,35,TCCCATTGTCGTCCGCCGCA,0,5278130
zapB_predicted,0.027777777777777776,35,35,GTTCGCGGTCAAGGAGACAG,0,5272965
zapB_predicted,0.027777777777777776,35,35,CAGTGTTTTTGGCATGGTGA,0,5271826
zapB_predicted,0.027777777777777776,35,35,AGTCACCTTAAATCTGAAGG,0,5267152
zapB_predicted,0.027777777777777776,35,35,AGAAGACTTGAATAACGGAG,0,5286164
zapB_predicted,0.02857142857142857,34,34,CTATAACATTGTACGGCACG,0,5267693
zapB_predicted,0.02857142857142857,34,34,CGCTCTCCATGCAATTGCGG,0,5263163
zapB_predicted,0.02857142857142857,34,34,CACGAAAGCCACGGTTGAAA,0,5267106
zapB_predicted,0.02857142857142857,34,34,ACGTGGTTCGTGCACATGGT,0,5270273
zapB_predicted,0.029411764705882353,33,33,TTGGGTAGGTTGCTCGGGAT,0,5269933
zapB_predicted,0.029411764705882353,33,33,TTCCAGGCCTGGTTAAAATC,0,5277373
zapB_predicted,0.029411764705882353,33,33,TCGGAGATGGGGAGATGAAA,0,5265086
zapB_predicted,0.029411764705882353,33,33,TCCTCACATTGGTGATAATT,0,5276370
zapB_predicted,0.029411764705882353,33,33,TATGCCGCAAATAAAGCTAT,0,5266363
zapB_predicted,0.029411764705882353,33,33,GTCCTATTCCAGCAAAACTT,0,5273526
zapB_predicted,0.030303030303030304,32,32,TTCTTGCACCTTCAATAGGC,0,5272234
zapB_predicted,0.030303030303030304,32,32,TTATGTCCTTGTGGCGGCTA,0,5279055
zapB_predicted,0.030303030303030304,32,32,TCGGGGTAGCGCGGAATTAC,0,5264854
zapB_predicted,0.030303030303030304,32,32,CGTTAGAAATTGCACGGCTC,0,5279437
zapB_predicted,0.030303030303030304,32,32,CCGGTGCCCAAGCGGGCTGC,0,5279200
zapB_predicted,0.030303030303030304,32,32,ATAATGCTCAACGTCAGATA,0,5275295
zapB_predicted,0.030303030303030304,32,32,ACTATTCCCCGCTCTCCGAA,0,5287363
zapB_predicted,0.03125,31,31,TTAGGACCCCGCACAACAGT,0,5285600
zapB_predicted,0.03125,31,31,CGCTGTGGCCACGCATCGAT,0,5267813
zapB_predicted,0.03125,31,31,AGTTCCCAGATACACTGGAG,0,5287597
zapB_predicted,0.03125,31,31,ACGTCAGTGAAAAGCCTTGT,0,5268742
zapB_predicted,0.03125,31,31,ACGCGTTACCGGAAGGGAAA,0,5273906
zapB_predicted,0.03125,31,31,AAGAGCGGTCGTTCAACTAA,0,5275397
zapB_predicted,0.03225806451612903,30,30,TTTGGCTGCGCATGCGAGAT,0,5271660
zapB_predicted,0.03225806451612903,30,30,TGCCGATTCTTATCTATAGT,0,5279641
zapB_predicted,0.03225806451612903,30,30,TCTAATTACAGGAGAAGACA,0,5275561
zapB_predicted,0.03225806451612903,30,30,AAGGTGTGGATAGGCCATCG,0,5272212
zapB_predicted,0.03225806451612903,30,30,AAGCGTTTGCATACCAGAGA,0,5265746
zapB_predicted,0.03333333333333333,29,29,TGGACGGTCCCGTTTCGTCC,0,5267704
zapB_predicted,0.03333333333333333,29,29,TACAGGCGTCGTAGCGCTGT,0,5287986
zapB_predicted,0.03333333333333333,29,29,GCCGTCAAGCATAGGATGTA,0,5277441
zapB_predicted,0.03333333333333333,29,29,CGGGGGAAGTACAACACGAG,0,5279214
zapB_predicted,0.03333333333333333,29,29,ATGAGCTCGTCTAAGTGTAC,0,5272287
zapB_predicted,0.034482758620689655,28,28,TTAGTGTAGAGATTCAGGTT,0,5278149
zapB_predicted,0.034482758620689655,28,28,TGGATCAGGAAGATCATCGT,0,5275573
zapB_predicted,0.034482758620689655,28,28,TGAGCCTAGCGTGGCTTCTT,0,5267283
zapB_predicted,0.034482758620689655,28,28,GTGGCCGGTTGTTAGTGGGT,0,5277586
zapB_predicted,0.034482758620689655,28,28,GGTACGGACCGGGGGAGTGA,0,5266521
zapB_predicted,0.034482758620689655,28,28,ATGCGACGTGGGCCTGGCGT,0,5267814
zapB_predicted,0.034482758620689655,28,28,ACCGCTATAATACTGTTGAA,0,5272392
zapB_predicted,0.03571428571428571,27,27,TCAAAGTCTATCCTGTCGGA,0,5275648
zapB_predicted,0.03571428571428571,27,27,CCCCAGGTGTCATGAAGATG,0,5267189
zapB_predicted,0.03571428571428571,27,27,ATGACTCTTCGGTGTTCATT,0,5284056
zapB_predicted,0.03571428571428571,27,27,ATACAATGCGCTCGTGGGTA,0,5267281
zapB_predicted,0.03571428571428571,27,27,AGCATACTGCTCCAAGGCGT,0,5278236
zapB_predicted,0.03571428571428571,27,27,AGATCAAGTCGCTCTGGGGG,0,5276358
zapB_predicted,0.03571428571428571,27,27,AGACGGGTACTGGATCGTGG,0,5275564
zapB_predicted,0.03571428571428571,27,27,ACTGCCTGGACTTCGATCTG,0,5263217
zapB_predicted,0.037037037037037035,26,26,TTTGATTGCTACTGTCTGTT,0,5271368
zapB_predicted,0.037037037037037035,26,26,TTCCTTGACCCTACGCCCGT,0,5266905
zapB_predicted,0.037037037037037035,26,26,TCCCGCGGGAACAAAACGAA,0,5264054
zapB_predicted,0.037037037037037035,26,26,GTCTTGGATCTATGCAACTT,0,5271158
zapB_predicted,0.037037037037037035,26,26,GTACTGAGTTTTTGCTTGTG,0,5267720
zapB_predicted,0.037037037037037035,26,26,GGCTACGGGGGTGACGCATT,0,5283388
zapB_predicted,0.037037037037037035,26,26,GACCGATCTCGACCGATCCT,0,5274233
zapB_predicted,0.037037037037037035,26,26,CTCCACATCGAGAGTCCAGA,0,5266962
zapB_predicted,0.037037037037037035,26,26,CGCGGATTGTCCTGGAAGTG,0,5285582
zapB_predicted,0.037037037037037035,26,26,CCCGTCGATTCCTCTGACCA,0,5265203
zapB_predicted,0.037037037037037035,26,26,CAGCACGTGCGGTCCATCAT,0,5285858
zapB_predicted,0.037037037037037035,26,26,AGTGGGAACTGATGTACGGT,0,5265419
zapB_predicted,0.037037037037037035,26,26,ACGCTGTCGATTTGGTGTTC,0,5280528
zapB_predicted,0.037037037037037035,26,26,AAGATGGAATGATTCAAGCC,0,5275044
zapB_predicted,0.037037037037037035,26,26,AACTCGGCAATGGGTGTTTA,0,5283699
zapB_predicted,0.038461538461538464,25,25,TGGCAATGTGATTCAAGGAA,0,5263071
zapB_predicted,0.038461538461538464,25,25,TCTGGAGTCCGCAGGATCAT,0,5286169
zapB_predicted,0.038461538461538464,25,25,TCAGTTTCAAGGTGTGTTAG,0,5281035
zapB_predicted,0.038461538461538464,25,25,TCAATAGTAACTGTACATCA,0,5270628
zapB_predicted,0.038461538461538464,25,25,TAGGAGATTGAATCTCCGCC,0,5283790
zapB_predicted,0.038461538461538464,25,25,TACGAACGACTCCTGCATGC,0,5270255
zapB_predicted,0.038461538461538464,25,25,GCGATACTGCGAACCGCAGT,0,5276174
zapB_predicted,0.038461538461538464,25,25,GCCGTGTCGTCCAGTTGTGA,0,5267353
zapB_predicted,0.038461538461538464,25,25,GCAACGGTATTATAGGGGCG,0,5270216
zapB_predicted,0.038461538461538464,25,25,GAGGCACCATATGGGCTGCT,0,5265741
zapB_predicted,0.038461538461538464,25,25,GACGGACAGGCTCGGTGAGA,0,5269501
zapB_predicted,0.038461538461538464,25,25,CTAATAGGCTTTTATTGGTA,0,5270794
zapB_predicted,0.038461538461538464,25,25,CGTATATTCCGCTATATTGG,0,5265102
zapB_predicted,0.038461538461538464,25,25,CCGAATCGAACTAATTAGAA,0,5272579
zapB_predicted,0.038461538461538464,25,25,CATACATGGCAAAAGATGTA,0,5282451
zapB_predicted,0.038461538461538464,25,25,CATAATACTCCAACATATAT,0,5283813
zapB_predicted,0.038461538461538464,25,25,CAGGACAGCTCTCCTAAAGT,0,5269441
zapB_predicted,0.038461538461538464,25,25,ATTAATGCCAGTCTGGAGTA,0,5271143
zapB_predicted,0.038461538461538464,25,25,AACTTCCGTAGGCGTCAGGG,0,5273169
zapB_predicted,0.04,24,24,TATGGTGTGTGTCGTTATAC,0,5283876
zapB_predicted,0.04,24,24,GTTCAGGAACCAGTAAAGGT,0,5268203
zapB_predicted,0.04,24,24,GGACCTCGTTGAGGTGTGTG,0,5275293
zapB_predicted,0.04,24,24,GACGCGTGGTTATCGCTATT,0,5278256
zapB_predicted,0.04,24,24,GAACTTTCTTTTTGACATGT,0,5278719
zapB_predicted,0.04,24,24,CTCTAGTGTCAGGTGTCTAC,0,5284707
zapB_predicted,0.04,24,24,CTATCGGGGAGTAACAGACC,0,5267944
zapB_predicted,0.04,24,24,CGTACGAAGAGGGAGGGGGT,0,5278217
zapB_predicted,0.04,24,24,CGGGACGGTCGGGCACCACT,0,5273402
zapB_predicted,0.04,24,24,CGGCGAAGTGCGGGGTTGAT,0,5287142
zapB_predicted,0.04,24,24,CGCAGACGGTCCCGCTACGT,0,5266965
zapB_predicted,0.04,24,24,CCACCCAAAATACCTGTAAC,0,5266933
zapB_predicted,0.04,24,24,CACATTACGCGATTAAAGCA,0,5285130
zapB_predicted,0.04,24,24,ATATCAATTCCTAAGTAGTA,0,5287273
zapB_predicted,0.04,24,24,AAAGTAGTGACGATATTTGG,0,5275095
zapB_predicted,0.041666666666666664,23,23,TGTTGCCCGACTAATCCATG,0,5271657
zapB_predicted,0.041666666666666664,23,23,TCTACGGTGAGCCCCTTAAG,0,5263850
zapB_predicted,0.041666666666666664,23,23,TCGTCGCGCAGCTACCGTTC,0,5285166
zapB_predicted,0.041666666666666664,23,23,TCAGTTTAAGAATTGTGCAA,0,5278426
zapB_predicted,0.041666666666666664,23,23,TCAAAGGTCCGACGTAGCTC,0,5273401
zapB_predicted,0.041666666666666664,23,23,GTTAGATCGTAACATCCTCT,0,5270879
zapB_predicted,0.041666666666666664,23,23,GTCGGAGATTTAGCTGGTCT,0,5274234
zapB_predicted,0.041666666666666664,23,23,GTAGACCGGTGCTCGGGGAT,0,5267953
zapB_predicted,0.041666666666666664,23,23,GGATAGCCTTTTCTACCGAG,0,5288075
zapB_predicted,0.041666666666666664,23,23,GCTAGCGAAGTGGGCCGTGA,0,5267391
zapB_predicted,0.041666666666666664,23,23,GAAGGACCTGATAAAGGCTT,0,5277641
zapB_predicted,0.041666666666666664,23,23,CTGCCTTGCCAGCTTTCACG,0,5276583
zapB_predicted,0.041666666666666664,23,23,CATCGCGTATGTATAGGGCA,0,5276426
zapB_predicted,0.041666666666666664,23,23,CAACTAAACAAATGATTGTC,0,5282008
zapB_predicted,0.041666666666666664,23,23,ATTTGGGTCTCTAACGCACG,0,5283484
zapB_predicted,0.041666666666666664,23,23,ATTCGGCATAATATCTTCGC,0,5272760
zapB_predicted,0.041666666666666664,23,23,AGCACTGCTTGAACTGGTCG,0,5271161
zapB_predicted,0.041666666666666664,23,23,ACGAGGTGCAGCACAGCGTC,0,5279164
zapB_predicted,0.041666666666666664,23,23,AATGTCCGCACAGTGATACA,0,5273602
zapB_predicted,0.043478260869565216,22,22,TCACACTCGACTCGACGTAT,0,5283896
zapB_predicted,0.043478260869565216,22,22,TCACACGCCCATACTATGAG,0,5281359
zapB_predicted,0.043478260869565216,22,22,TATTCGAGTAATACCCGTGC,0,5284881
zapB_predicted,0.043478260869565216,22,22,GATCCCATCGAGGGGATTCA,0,5267134
zapB_predicted,0.043478260869565216,22,22,GATCATGCGGTGGAGTGGAC,0,5265105
zapB_predicted,0.043478260869565216,22,22,GAGATTTCCATTCGGGCACA,0,5268155
zapB_predicted,0.043478260869565216,22,22,CTGGGGACTGACAAAGTAAC,0,5280723
zapB_predicted,0.043478260869565216,22,22,CGGTTGCCGTACGAAAAGAA,0,5268448
zapB_predicted,0.043478260869565216,22,22,CGAGCTGTTCGATCAAGGGA,0,5268751
zapB_predicted,0.043478260869565216,22,22,CGACTCGGGTAAATGAGTAT,0,5276386
zapB_predicted,0.043478260869565216,22,22,CCTGCCCTCTAAAATAAGTA,0,5267407
zapB_predicted,0.043478260869565216,22,22,CATAATTGGTCGCGGCTAAA,0,5272210
zapB_predicted,0.043478260869565216,22,22,CAAAAAGTGGTTATATTTTA,0,5268299
zapB_predicted,0.043478260869565216,22,22,AGGCGCTGACTGTTCGGGGT,0,5277561
zapB_predicted,0.043478260869565216,22,22,AATTAGGAAAAGAAGAGGAT,0,5276931
zapB_predicted,0.045454545454545456,21,21,TTTCGCAGTTCAAATAAGTG,0,5272649
zapB_predicted,0.045454545454545456,21,21,TTAGTTCTCCACTGAACGAA,0,5279014
zapB_predicted,0.045454545454545456,21,21,TGCCGTGAAGATGACAAAAT,0,5269394
zapB_predicted,0.045454545454545456,21,21,TGCAAGTAGGGCTCGAGTGT,0,5286196
zapB_predicted,0.045454545454545456,21,21,TCTTTGAATGAGACAGAGCC,0,5270500
zapB_predicted,0.045454545454545456,21,21,TCAGCGTATTCGAGCTGGGA,0,5278211
zapB_predicted,0.045454545454545456,21,21,TATCTATGATTTTAAACGCA,0,5266229
zapB_predicted,0.045454545454545456,21,21,GTGCATGCATTAGTAAAATG,0,5282443
zapB_predicted,0.045454545454545456,21,21,GTATGGTGACAGATTCGTGG,0,5277638
zapB_predicted,0.045454545454545456,21,21,GGCCGAACTTCAACATGCGT,0,5273634
zapB_predicted,0.045454545454545456,21,21,GCTACCTTGGACCCGTCTGA,0,5279826
zapB_predicted,0.045454545454545456,21,21,GCGTAGCTGATACTTTCGAA,0,5277858
zapB_predicted,0.045454545454545456,21,21,GCACGGACCACGTAGCCTCA,0,5271505
zapB_predicted,0.045454545454545456,21,21,GCACAGCGGGCAGAGCTAAC,0,5264736
zapB_predicted,0.045454545454545456,21,21,GCAAAGCTAAGCCTGGCTGT,0,5278419
zapB_predicted,0.045454545454545456,21,21,GATTGCTGAGGTTAATCTTG,0,5285908
zapB_predicted,0.045454545454545456,21,21,CTCTCTGATTACAGTGGTCC,0,5285120
zapB_predicted,0.045454545454545456,21,21,CGTGCGCCGGTTAACGATCT,0,5264536
zapB_predicted,0.045454545454545456,21,21,CCAATGGAAAACCAAGGTGT,0,5270882
zapB_predicted,0.045454545454545456,21,21,CCAACGCGACTACCTGGATA,0,5266803
zapB_predicted,0.045454545454545456,21,21,CACATCGGGATCGGTGGCAT,0,5286092
zapB_predicted,0.045454545454545456,21,21,CAAATGATTATCGCCTAGTC,0,5272476
zapB_predicted,0.045454545454545456,21,21,ATGGCCCTTGACGCGAACGA,0,5274861
zapB_predicted,0.045454545454545456,21,21,ATCCCCCTGCATGCACCAAA,0,5265187
zapB_predicted,0.045454545454545456,21,21,AGGTGCAATAAGGATGGCGT,0,5281239
zapB_predicted,0.045454545454545456,21,21,AGGGCTTTTAGATGGGATTG,0,5278520
zapB_predicted,0.045454545454545456,21,21,AGGCGTTCCGATGTCCACAC,0,5264217
zapB_predicted,0.045454545454545456,21,21,AGCAATGCACCTTCGAAAAC,0,5284435
zapB_predicted,0.045454545454545456,21,21,ACTTCAGCGGCTTTGTAAAT,0,5279670
zapB_predicted,0.045454545454545456,21,21,ACTCGACTCCCGGCACGCTC,0,5271841
zapB_predicted,0.045454545454545456,21,21,ACGTATGCGTGTTATTGATA,0,5266307
zapB_predicted,0.045454545454545456,21,21,AAGTCGCAGACGGGAAAAGG,0,5276771
zapB_predicted,0.045454545454545456,21,21,AAGGTCTTAGCCTCGGTGTC,0,5285447
zapB_predicted,0.047619047619047616,20,20,TTGTAGAATGCTTGCGGCGG,0,5263080
zapB_predicted,0.047619047619047616,20,20,TTGCTACTGTCCATGTCAGT,0,5271383
zapB_predicted,0.047619047619047616,20,20,TGTTAGCAAACTGGCGGTGG,0,5271141
zapB_predicted,0.047619047619047616,20,20,TGTATGGCCTACGGATACCT,0,5272982
zapB_predicted,0.047619047619047616,20,20,TGGATCGGCCCTGCTCGGAA,0,5265554
zapB_predicted,0.047619047619047616,20,20,TCTTTGACGGTGAGCGAATT,0,5284775
zapB_predicted,0.047619047619047616,20,20,TACCGGGTTGTCCGCGGATG,0,5268240
zapB_predicted,0.047619047619047616,20,20,GTTTGAGCCATTAGAGTCCA,0,5267815
zapB_predicted,0.047619047619047616,20,20,GTTAGCGTGGCCTACAAGTA,0,5273511
zapB_predicted,0.047619047619047616,20,20,GTGTGGGAGTGTTGACGCGT,0,5274368
zapB_predicted,0.047619047619047616,20,20,GTACGACCGCCAAAACTCCA,0,5288036
zapB_predicted,0.047619047619047616,20,20,GGTGCCAGCAATGCCGTGAA,0,5267541
zapB_predicted,0.047619047619047616,20,20,GCAGTTCGTGGGGAGGGTGA,0,5263434
zapB_predicted,0.047619047619047616,20,20,GATCGGCAGTGAACATTATG,0,5265584
zapB_predicted,0.047619047619047616,20,20,CTGTGCGATGCGGGTGCGCT,0,5278987
zapB_predicted,0.047619047619047616,20,20,CTGCATTGGCAAACTCGTGA,0,5265705
zapB_predicted,0.047619047619047616,20,20,CGTTCGGGCGGAGGTGGCTT,0,5285614
zapB_predicted,0.047619047619047616,20,20,CGTTCATACTTCTGAAAGAG,0,5268025
zapB_predicted,0.047619047619047616,20,20,CGAGAACGTCAAGGTTCTCT,0,5263108
zapB_predicted,0.047619047619047616,20,20,CCGATAACCCCGGGGTTACG,0,5271516
zapB_predicted,0.047619047619047616,20,20,CCCACTATGGAGACGCGCGC,0,5273881
zapB_predicted,0.047619047619047616,20,20,CAGTCTGAGTCTTGTGACGT,0,5272517
zapB_predicted,0.047619047619047616,20,20,ATTATGGGGGGAAACACAAC,0,5278921
zapB_predicted,0.047619047619047616,20,20,ATACGTTTGGCCAATTCCAA,0,5285340
zapB_predicted,0.047619047619047616,20,20,AGGTTACAGCCTGGGGTCAG,0,5268861
zapB_predicted,0.047619047619047616,20,20,ACGCTGGTGGAAATAATATG,0,5273151
zapB_predicted,0.047619047619047616,20,20,AATTGTGGAATTTCGCATTG,0,5264511
zapB_predicted,0.047619047619047616,20,20,AATGTTACCCGGAATAGTCT,0,5265411
zapB_predicted,0.047619047619047616,20,20,AAATTCAGTTCAAGCCCACA,0,5279934
zapB_predicted,0.05,19,19,TTGGTATGCCTTCATAGCAT,0,5270766
zapB_predicted,0.05,19,19,TTCCATGCTGGAACTCGACA,0,5284862
zapB_predicted,0.05,19,19,TGGAGGCAAGGGACCGCACA,0,5263156
zapB_predicted,0.05,19,19,TGCGGAAGGGTGATGGTCCG,0,5265166
zapB_predicted,0.05,19,19,TCGACGTGGTAGAATACGCT,0,5267473
zapB_predicted,0.05,19,19,TCCAGCGGCATGAGGCGCTT,0,5284930
zapB_predicted,0.05,19,19,TCAGGGTTCAACAGAACGAA,0,5269416
zapB_predicted,0.05,19,19,GTTACGAGAAGAGGGAGCTA,0,5287129
zapB_predicted,0.05,19,19,GTATGGTATGTCAATGCTGA,0,5270499
zapB_predicted,0.05,19,19,GTATCCACGCTTTGTACACA,0,5272849
zapB_predicted,0.05,19,19,GGAGTGATAGAGGCGGGTGC,0,5283280
zapB_predicted,0.05,19,19,GCTCACCGCGTGGATATTCC,0,5263291
zapB_predicted,0.05,19,19,GATCCCTCAGGCAGAAATTA,0,5270274
zapB_predicted,0.05,19,19,GAGTTGCCGTATTTCTGTAT,0,5282491
zapB_predicted,0.05,19,19,CTATTTACCGCTGTGATCTA,0,5270025
zapB_predicted,0.05,19,19,CGGGTGTAGCTGGCCACTCA,0,5263957
zapB_predicted,0.05,19,19,CGGCTGGCAATTAAGAAAAC,0,5284410
zapB_predicted,0.05,19,19,CGCTGCTGGGCCTAGAAGCT,0,5280350
zapB_predicted,0.05,19,19,CGAACGAAACTGTACCTCTC,0,5270902
zapB_predicted,0.05,19,19,CCTTTGATGCCGGGGTCCAG,0,5272664
zapB_predicted,0.05,19,19,CCTATTCCTTACATATAGCC,0,5274706
zapB_predicted,0.05,19,19,CCGTGTTGCGCGCGAGAATT,0,5286871
zapB_predicted,0.05,19,19,CACAACCCACATAGCTCCGA,0,5268455
zapB_predicted,0.05,19,19,AGCATTGCAGCGTGACGTAA,0,5263641
zapB_predicted,0.05,19,19,ACTTTTACAGCATCGATGCA,0,5270641
zapB_predicted,0.05,19,19,ACGAATAGTGCGCGACTGGG,0,5273135
zapB_predicted,0.05,19,19,ACCAGACAACGCGACCTCGG,0,5273974
zapB_predicted,0.05,19,19,ACAACCAGAGAGGCATCCAG,0,5271355
zapB_predicted,0.05,19,19,AACTATATCTAGGACACAAG,0,5279168
zapB_predicted,0.05,19,19,AAACGCCCACCTATCCCCCA,0,5280885
zapB_predicted,0.05263157894736842,18,18,TTATACGATCCTTGGGGAGT,0,5282942
zapB_predicted,0.05263157894736842,18,18,TGTCTCCGTCTCCTGGGAGA,0,5283765
zapB_predicted,0.05263157894736842,18,18,TGGTCGCTCTGCACTGCAAC,0,5284923
zapB_predicted,0.05263157894736842,18,18,TGGCAGCCGTCCCGCAATTG,0,5263522
zapB_predicted,0.05263157894736842,18,18,TGGATTGGGCAGATGAAGAG,0,5279061
zapB_predicted,0.05263157894736842,18,18,TCTTTGTTGGCAGCTGGCCT,0,5277175
zapB_predicted,0.05263157894736842,18,18,TCGTGACTCACAAGATCACA,0,5286579
zapB_predicted,0.05263157894736842,18,18,TCGGGAAGGAGGTAACCGTA,0,5263677
zapB_predicted,0.05263157894736842,18,18,TCCCAGACGGCAGCGCCTTT,0,5279762
zapB_predicted,0.05263157894736842,18,18,TATCTTGAACTGCGAAACAA,0,5263440
zapB_predicted,0.05263157894736842,18,18,TACAATAACCATTTAGGGAA,0,5266851
zapB_predicted,0.05263157894736842,18,18,GTGGAGCCGGATAGTATTCT,0,5281929
zapB_predicted,0.05263157894736842,18,18,GTGCGATCATGGGCATCAGC,0,5266243
zapB_predicted,0.05263157894736842,18,18,GTCGGCTACGTCGATAACAG,0,5287764
zapB_predicted,0.05263157894736842,18,18,GGTCCCTATCTGGGACCTTA,0,5284135
zapB_predicted,0.05263157894736842,18,18,GGGTTCATATTGGGTCCCAC,0,5274343
zapB_predicted,0.05263157894736842,18,18,GGATGTAAGCATAGAGGGGA,0,5286413
zapB_predicted,0.05263157894736842,18,18,GGAGGAGGCGTGCCGATCCA,0,5270994
zapB_predicted,0.05263157894736842,18,18,GACTCTCAGTGATTATCTTG,0,5278867
zapB_predicted,0.05263157894736842,18,18,CTACACCAGTGACCGGGGTG,0,5268887
zapB_predicted,0.05263157894736842,18,18,CGTAAGGCATCAACGCTGTC,0,5269198
zapB_predicted,0.05263157894736842,18,18,CCGCTCACAATGTTTCGCAA,0,5285703
zapB_predicted,0.05263157894736842,18,18,CCACTGGGGCACGCAAATTT,0,5283418
zapB_predicted,0.05263157894736842,18,18,CATCTGGCAAAACAAGGCGC,0,5266166
zapB_predicted,0.05263157894736842,18,18,CACATCTGTGGCGACAGGTC,0,5280364
zapB_predicted,0.05263157894736842,18,18,CAACACAGCCCGCTTAAAGA,0,5285510
zapB_predicted,0.05263157894736842,18,18,ATTTGTTGCAGGTTAGGCGT,0,5278465
zapB_predicted,0.05263157894736842,18,18,ATCAGTATGAACTACGGAGA,0,5286028
zapB_predicted,0.05263157894736842,18,18,ATACATCTTCGGTCTCCGGT,0,5267351
zapB_predicted,0.05263157894736842,18,18,AGTTAGCTTCAAATATAGTA,0,5279813
zapB_predicted,0.05263157894736842,18,18,AGACACATGAGGTTACGCAG,0,5267835
zapB_predicted,0.05263157894736842,18,18,AGAATTAACTCCGTCCGTGT,0,5277931
zapB_predicted,0.05263157894736842,18,18,ACACTGAGAATACGGAGTAT,0,5269560
zapB_predicted,0.05263157894736842,18,18,AATATCGATCTCACTATACG,0,5276558
zapB_predicted,0.05263157894736842,18,18,AAGGCCTTCATTGTTCGCCA,0,5269667
zapB_predicted,0.05263157894736842,18,18,AACATTATCGTCACGGTTCG,0,5280348
zapB_predicted,0.05555555555555555,17,17,TGCCGCTGGTTCAGGCTTTT,0,5286825
zapB_predicted,0.05555555555555555,17,17,TCTGCAGAGTTCATGATAGT,0,5279524
zapB_predicted,0.05555555555555555,17,17,TCCGTGTGGGTATGTTGTAC,0,5270770
zapB_predicted,0.05555555555555555,17,17,TCCACCATGGCGATGCTATT,0,5286272
zapB_predicted,0.05555555555555555,17,17,TACACGCAAGGAGTTTTTAA,0,5281109
zapB_predicted,0.05555555555555555,17,17,TAAGGGAGTACTTGTATTCT,0,5273626
zapB_predicted,0.05555555555555555,17,17,TAACTCGTCGGGGGCCATCC,0,5272776
zapB_predicted,0.05555555555555555,17,17,GTCCATATAGCAACTATGCA,0,5276937
zapB_predicted,0.05555555555555555,17,17,GTCACACAGTCACCATGTGG,0,5265076
zapB_predicted,0.05555555555555555,17,17,GTATCTTCGTCGTCATCTAA,0,5264418
zapB_predicted,0.05555555555555555,17,17,GTAAGGTGCAGATGCGGTCG,0,5265250
zapB_predicted,0.05555555555555555,17,17,GGCTTCTCACTGACATGATA,0,5285817
zapB_predicted,0.05555555555555555,17,17,GGCAATCAGTAAAATGTTAG,0,5266681
zapB_predicted,0.05555555555555555,17,17,GCTCCATGAGCCTTGACCCT,0,5265631
zapB_predicted,0.05555555555555555,17,17,GCGTTCATACTGATCTCATA,0,5285602
zapB_predicted,0.05555555555555555,17,17,GAGCCGATCAACACCCCACA,0,5277354
zapB_predicted,0.05555555555555555,17,17,GACGAGCGGACGGCTAGGGG,0,5280208
zapB_predicted,0.05555555555555555,17,17,GAATTATCCATAGGGCTCAT,0,5268542
zapB_predicted,0.05555555555555555,17,17,GAACGAGGCGGACATAGGCT,0,5271789
zapB_predicted,0.05555555555555555,17,17,CTTATGTCAGCTGTACCAGG,0,5263039
zapB_predicted,0.05555555555555555,17,17,CTGGACAAATTATCAGGAGT,0,5267962
zapB_predicted,0.05555555555555555,17,17,CTCAACGGCCTAGCTCGTGG,0,5285799
zapB_predicted,0.05555555555555555,17,17,CTAGAGCCAACCATGCTCCA,0,5267788
zapB_predicted,0.05555555555555555,17,17,CTAACGGGTAGCGGGAGTGC,0,5287478
zapB_predicted,0.05555555555555555,17,17,CGTGATATGCTCGGGCGATA,0,5288329
zapB_predicted,0.05555555555555555,17,17,CGTCATTGGTGGTGGATCAA,0,5277263
zapB_predicted,0.05555555555555555,17,17,CGATAGGAGACGTCTCAGGA,0,5275808
zapB_predicted,0.05555555555555555,17,17,CGAGAAGGAGCAGTCACACT,0,5264222
zapB_predicted,0.05555555555555555,17,17,CCGTTAGAAGAATTTAAGAA,0,5264738
zapB_predicted,0.05555555555555555,17,17,CCAATGCTAGCGAAGGCGAA,0,5287740
zapB_predicted,0.05555555555555555,17,17,CATTAGCAGCTGAATAGCTT,0,5269952
zapB_predicted,0.05555555555555555,17,17,CATAATTCCTAATCTGCATT,0,5267650
zapB_predicted,0.05555555555555555,17,17,ATTCTCCGACCCTTGGCTTC,0,5265699
zapB_predicted,0.05555555555555555,17,17,ATCGACAGGGCTCCGCAGTA,0,5269607
zapB_predicted,0.05555555555555555,17,17,AGACAGGACCCACCCATAGG,0,5285124
zapB_predicted,0.05555555555555555,17,17,ACGTAGTAGGATGTGGCAAC,0,5266715
zapB_predicted,0.058823529411764705,16,16,TTTCGGACTCTTAACTAGTG,0,5264028
zapB_predicted,0.058823529411764705,16,16,TTCTGCGAATAAAGGGCTAA,0,5269925
zapB_predicted,0.058823529411764705,16,16,TTATTTTCATTAAAAACCAT,0,5269629
zapB_predicted,0.058823529411764705,16,16,TTAGTAAAACCAAGTTTCAG,0,5282147
zapB_predicted,0.058823529411764705,16,16,TGTAACCAGAAACCTGTATA,0,5279511
zapB_predicted,0.058823529411764705,16,16,TGGAGCGTAAATGCCGACGA,0,5281750
zapB_predicted,0.058823529411764705,16,16,TGGAGCCGTCCAAGTGGTGG,0,5270946
zapB_predicted,0.058823529411764705,16,16,TGAGTGTGCACAAGTAATAT,0,5272602
zapB_predicted,0.058823529411764705,16,16,TCGTGATCGTCCCTGGTGAA,0,5274454
zapB_predicted,0.058823529411764705,16,16,TCGGCCCCGCGCTTTCCGTT,0,5286834
zapB_predicted,0.058823529411764705,16,16,TATTGCTTGTAAAGTTCTCG,0,5265320
zapB_predicted,0.058823529411764705,16,16,TATTCGTGAGCGACGAGCGT,0,5287713
zapB_predicted,0.058823529411764705,16,16,TATGGCTGAAACGTATCAGA,0,5282763
zapB_predicted,0.058823529411764705,16,16,TATACCAGTCGGGCTCTCAC,0,5283397
zapB_predicted,0.058823529411764705,16,16,TACCGGGTCTGTAACGCGTT,0,5286591
zapB_predicted,0.058823529411764705,16,16,TAACGATGCGTACCAGCGTG,0,5276384
zapB_predicted,0.058823529411764705,16,16,TAACATCGCGTAAAAAATAT,0,5282350
zapB_predicted,0.058823529411764705,16,16,GTTACTCCTCAGGATTGCTT,0,5284994
zapB_predicted,0.058823529411764705,16,16,GTGGCCCATCTCGTGGTAAT,0,5271898
zapB_predicted,0.058823529411764705,16,16,GTGATGCCATTGAGATATAA,0,5277388
zapB_predicted,0.058823529411764705,16,16,GTGAAATGGACCGAGGGGCA,0,5279367
zapB_predicted,0.058823529411764705,16,16,GTATTGGTGACGGGGCGGCA,0,5279183
zapB_predicted,0.058823529411764705,16,16,GTAGTATGCCTGCGCTTCTT,0,5275538
zapB_predicted,0.058823529411764705,16,16,GGTTCGTAATACCGTCAGTT,0,5284721
zapB_predicted,0.058823529411764705,16,16,GGGTCGCGTTCCTTACTCAA,0,5266872
zapB_predicted,0.058823529411764705,16,16,GGGTCATAATACGCATCGAC,0,5264309
zapB_predicted,0.058823529411764705,16,16,GGGCTGCTCATAGGACTTGA,0,5264465
zapB_predicted,0.058823529411764705,16,16,GGCCTTTCCGGTTAGGTATC,0,5287853
zapB_predicted,0.058823529411764705,16,16,GGACTAGGCGGCAAGCGACT,0,5277445
zapB_predicted,0.058823529411764705,16,16,GCGTAGTGAGTCTAAACCCA,0,5288264
zapB_predicted,0.058823529411764705,16,16,GCGACGCAAAGGTCGAGAGT,0,5269687
zapB_predicted,0.058823529411764705,16,16,GCATTCGTGCGAACAGCATC,0,5267148
zapB_predicted,0.058823529411764705,16,16,GCAATGCGCTCACCTTATCT,0,5278594
zapB_predicted,0.058823529411764705,16,16,GAGCGTTCAACTTGTTCAAG,0,5277080
zapB_predicted,0.058823529411764705,16,16,CTACCGTTAGTCTCGCGGAC,0,5282722
zapB_predicted,0.058823529411764705,16,16,CTACAGAGTAGCACACTTCA,0,5266164
zapB_predicted,0.058823529411764705,16,16,CGTTGAGTTACACTCCTCCC,0,5265556
zapB_predicted,0.058823529411764705,16,16,CGGTTGAAGTTCCGGGATCT,0,5268528
zapB_predicted,0.058823529411764705,16,16,CGAGACGTAAGTACCTAAGG,0,5263333
zapB_predicted,0.058823529411764705,16,16,CCTGAACAGGATCAAGGAAT,0,5287854
zapB_predicted,0.058823529411764705,16,16,CCGCTCGCTAGAGCTAATCT,0,5269522
zapB_predicted,0.058823529411764705,16,16,CACGCGCGTGGGTACAGCGG,0,5264183
zapB_predicted,0.058823529411764705,16,16,ATCTAAAGAAATATAGTGAT,0,5268900
zapB_predicted,0.058823529411764705,16,16,ATCGCACTGTCTACGTAGCA,0,5286128
zapB_predicted,0.058823529411764705,16,16,ATAGCTAGTTAGGGGTCCAT,0,5275511
zapB_predicted,0.058823529411764705,16,16,AGGTCTGCCCTGCATTGGGT,0,5263630
zapB_predicted,0.058823529411764705,16,16,AGCTTGCTAGGTTTAATTTT,0,5273224
zapB_predicted,0.058823529411764705,16,16,AGAAGAAACGCCATGAGAGC,0,5277972
zapB_predicted,0.058823529411764705,16,16,ACGCCGTGGGGGGGTTGCTT,0,5281243
zapB_predicted,0.058823529411764705,16,16,ACATCCGGGTGTATGTAGTT,0,5275852
zapB_predicted,0.058823529411764705,16,16,AAGTGTTTGAACTATTCCTA,0,5285125
zapB_predicted,0.058823529411764705,16,16,AAGATGGACGGGTTGAGGAA,0,5287188
zapB_predicted,0.0625,15,15,TTGTTTACGTGATGCCTGCA,0,5272688
zapB_predicted,0.0625,15,15,TTGAAATTGTGGGGGTCCGT,0,5271517
zapB_predicted,0.0625,15,15,TTACGGGGATGGCTAAGGTT,0,5268300
zapB_predicted,0.0625,15,15,TGTGGAACGATTTCCGTTCC,0,5264170
zapB_predicted,0.0625,15,15,TGTACTTAAAATTACGGCCC,0,5267899
zapB_predicted,0.0625,15,15,TGGCGGCTCAAAGTTGGGTT,0,5280045
zapB_predicted,0.0625,15,15,TGGCGAGGCCGACCCTGCGC,0,5282183
zapB_predicted,0.0625,15,15,TGAACTTAAGGACCGTGTGT,0,5284864
zapB_predicted,0.0625,15,15,TCTTATCCAGTGTCGTTGAT,0,5279282
zapB_predicted,0.0625,15,15,TCGTTTCGTAGCCTCAAGCT,0,5276934
zapB_predicted,0.0625,15,15,TCGAGGTCGTCCGCATTCGC,0,5280046
zapB_predicted,0.0625,15,15,TCCCGCCAGAACCTGTTGAG,0,5275370
zapB_predicted,0.0625,15,15,TATTCCAAACGTATATGAAG,0,5270024
zapB_predicted,0.0625,15,15,GTTGAAGCGGCCTTTAGATG,0,5275925
zapB_predicted,0.0625,15,15,GTGTGTGAAGCTAGAGCATA,0,5267091
zapB_predicted,0.0625,15,15,GTCTCAATTTAGTAACGTTT,0,5272650
zapB_predicted,0.0625,15,15,GTCAAGTGTGCTTGATTACT,0,5274776
zapB_predicted,0.0625,15,15,GGTACATACTTTTGTGAACC,0,5268406
zapB_predicted,0.0625,15,15,GGCCTACCTATACCCGTTAA,0,5281369
zapB_predicted,0.0625,15,15,GGCCAACCCAAGTTTGCAAC,0,5285469
zapB_predicted,0.0625,15,15,GCGGGCCGGCCCTGGGTTAG,0,5273417
zapB_predicted,0.0625,15,15,GCCAGAGTCTTAGGGCGTAA,0,5286820
zapB_predicted,0.0625,15,15,GCAAAGATGCGAAAGTGACC,0,5284153
zapB_predicted,0.0625,15,15,GATTTCAATCGTGTACCGAG,0,5267367
zapB_predicted,0.0625,15,15,GATCGCCTGACCGGTTAGTT,0,5267501
zapB_predicted,0.0625,15,15,GATAAAAATGAATTCTTAGG,0,5263230
zapB_predicted,0.0625,15,15,GAGTACTAAGTCAACCGGCG,0,5266309
zapB_predicted,0.0625,15,15,GACCTTCCATCCCTGCCCGA,0,5278321
zapB_predicted,0.0625,15,15,GACCGTTGTCGAACCGGGGA,0,5274331
zapB_predicted,0.0625,15,15,CTTGTCTAGAAGCACTGCTC,0,5275463
zapB_predicted,0.0625,15,15,CTTGCGCGCCATGGTTCGGG,0,5268488
zapB_predicted,0.0625,15,15,CTTCGGCAAGAGCACAGGCT,0,5283567
zapB_predicted,0.0625,15,15,CTCGGTGTATGCTAAGTTGC,0,5263482
zapB_predicted,0.0625,15,15,CTCGGGCAGTTTAAAGAGAT,0,5273194
zapB_predicted,0.0625,15,15,CTCAATTCTAAGGATCCAGG,0,5268453
zapB_predicted,0.0625,15,15,CGTGTCATGCCGGCTCGCTA,0,5270862
zapB_predicted,0.0625,15,15,CGTCTATCGTACGAATGAGC,0,5263438
zapB_predicted,0.0625,15,15,CGTCCAAGCCAGGGATCAAT,0,5267989
zapB_predicted,0.0625,15,15,CGCGGGATTACGAATCGGGG,0,5282554
zapB_predicted,0.0625,15,15,CGACGCTTCCATTGGCGTGG,0,5269746
zapB_predicted,0.0625,15,15,CCTCAGCGTCGCTGACTTGT,0,5287636
zapB_predicted,0.0625,15,15,CCGCTTGCCAAACCGTCCAC,0,5277558
zapB_predicted,0.0625,15,15,CCGCTTATACTGCGCATAGT,0,5278266
zapB_predicted,0.0625,15,15,CCCACGCTCATGGTCCTGAC,0,5266893
zapB_predicted,0.0625,15,15,CATCAATCAAAATGGTCTTG,0,5271707
zapB_predicted,0.0625,15,15,CAAGCCGCGTCTGGGGGTGT,0,5264778
zapB_predicted,0.0625,15,15,ATTCGATGCTAAAAGCGAAA,0,5265975
zapB_predicted,0.0625,15,15,ATGGCATCGGCGGTAGTCAC,0,5278070
zapB_predicted,0.0625,15,15,ATAGCGGGAACAGAGACGGT,0,5268422
zapB_predicted,0.0625,15,15,ATACTGGATTGCTATGGCTA,0,5275855
zapB_predicted,0.0625,15,15,AGTTCGGTGTCTACGGGTAA,0,5269805
zapB_predicted,0.0625,15,15,AGTTAGAGCCGGTTATTGGC,0,5269319
zapB_predicted,0.0625,15,15,AGTAGACGAGATGACTGACG,0,5265471
zapB_predicted,0.0625,15,15,AGAGATGATCATTAGATGGA,0,5265188
zapB_predicted,0.0625,15,15,ACGGTATATGATTTGACTTG,0,5279432
zapB_predicted,0.0625,15,15,AAGGTCCCCTTGCCTATTCC,0,5263673
zapB_predicted,0.0625,15,15,AAGCAACAACTCCCCACGTC,0,5271960
zapB_predicted,0.06666666666666667,14,14,TTGTCCACCCAGACAGCCGT,0,5273777
zapB_predicted,0.06666666666666667,14,14,TGTCCTAGACAATGATCGAG,0,5283343
zapB_predicted,0.06666666666666667,14,14,TGGGTCTGGTTGGGCAACGC,0,5271905
zapB_predicted,0.06666666666666667,14,14,TGGGCTCTCGAGGCCCCATT,0,5286462
zapB_predicted,0.06666666666666667,14,14,TGATTTACGGACCAGCGTGT,0,5268818
zapB_predicted,0.06666666666666667,14,14,TCTTCCCATACTGTTGGGAC,0,5284760
zapB_predicted,0.06666666666666667,14,14,TCTCGCCAAATGTATCGGCA,0,5263992
zapB_predicted,0.06666666666666667,14,14,TCTCACATCACGGGCAGCCG,0,5276594
zapB_predicted,0.06666666666666667,14,14,TCGGAGCCCTTTCTTCTTTA,0,5280355
zapB_predicted,0.06666666666666667,14,14,TCCTCAGGACAATGCCTTTG,0,5280083
zapB_predicted,0.06666666666666667,14,14,TCCGGAGCGCATTAGGGGCA,0,5266477
zapB_predicted,0.06666666666666667,14,14,TAGGAGGTTTGGGTCCTTTC,0,5265037
zapB_predicted,0.06666666666666667,14,14,TAGACATGAACTCAAGAATT,0,5279412
zapB_predicted,0.06666666666666667,14,14,TACGAGCACGTCTAGGAGGT,0,5263657
zapB_predicted,0.06666666666666667,14,14,TACCTCAATATATAGGTGCT,0,5275635
zapB_predicted,0.06666666666666667,14,14,GTTCACGCTAATTGTCCATT,0,5279466
zapB_predicted,0.06666666666666667,14,14,GTGTTTGTTTACCTACCGTA,0,5265972
zapB_predicted,0.06666666666666667,14,14,GTCTTGGAGGCGTCGGTAAT,0,5279162
zapB_predicted,0.06666666666666667,14,14,GTCGTATGGGAATACGTCTT,0,5274915
zapB_predicted,0.06666666666666667,14,14,GTACGACTCGGCCACGACCC,0,5283382
zapB_predicted,0.06666666666666667,14,14,GGTTGAGCGTCCGGCGGCCA,0,5269789
zapB_predicted,0.06666666666666667,14,14,GGTCCATTGTATGTATTTAT,0,5273781
zapB_predicted,0.06666666666666667,14,14,GGGTCTGAAGGCACGCTGGT,0,5268258
zapB_predicted,0.06666666666666667,14,14,GGGGGACTTAAGGGAGCGCA,0,5286895
zapB_predicted,0.06666666666666667,14,14,GGGCGCGAGAGGGTGTTACT,0,5265576
zapB_predicted,0.06666666666666667,14,14,GGAGATCCGTTCCTCTTCAA,0,5285376
zapB_predicted,0.06666666666666667,14,14,GGAGACACGTCAAGGGATGA,0,5278977
zapB_predicted,0.06666666666666667,14,14,GGAAGGGTACGATCCAATAG,0,5270642
zapB_predicted,0.06666666666666667,14,14,GGAACGCTTCACTGGGGTAC,0,5285025
zapB_predicted,0.06666666666666667,14,14,GCATTCCTCTGTGTCATAAT,0,5284387
zapB_predicted,0.06666666666666667,14,14,GCATGGACGATGGGCTCATC,0,5277398
zapB_predicted,0.06666666666666667,14,14,GCAGTGCGCTTAAAGACCTA,0,5275903
zapB_predicted,0.06666666666666667,14,14,GCACAACGTTGTATTGATGA,0,5264350
zapB_predicted,0.06666666666666667,14,14,GAGCTAGTCGAAGCACTGGT,0,5267080
zapB_predicted,0.06666666666666667,14,14,GAGACAGATTTTTGCCTGAG,0,5281779
zapB_predicted,0.06666666666666667,14,14,GACATGTCCCCAGGGCAGGT,0,5280577
zapB_predicted,0.06666666666666667,14,14,CTGGTATGGGTCTGAACCAC,0,5281773
zapB_predicted,0.06666666666666667,14,14,CTCGCAGCGGGGCAAAGTGA,0,5268414
zapB_predicted,0.06666666666666667,14,14,CTATGCAGACAGGCATCGCT,0,5263241
zapB_predicted,0.06666666666666667,14,14,CGTCGGTTACGGTATTCACT,0,5271919
zapB_predicted,0.06666666666666667,14,14,CGTCCCAGAGTTGGTACTTA,0,5278859
zapB_predicted,0.06666666666666667,14,14,CGTATAATCTGCGCGTCGAG,0,5288271
zapB_predicted,0.06666666666666667,14,14,CGGGATTACCACAAGTTATT,0,5284201
zapB_predicted,0.06666666666666667,14,14,CGCAAACTAGCTCGGTTTTA,0,5271787
zapB_predicted,0.06666666666666667,14,14,CCGGGTATATCACCGTTCAT,0,5283674
zapB_predicted,0.06666666666666667,14,14,CCGCTTATACAGGCACCGTT,0,5276120
zapB_predicted,0.06666666666666667,14,14,CCCCGCAGCCCCGGCCTAGG,0,5280613
zapB_predicted,0.06666666666666667,14,14,CCCCCGTAACTTGGCGGTTG,0,5280801
zapB_predicted,0.06666666666666667,14,14,CCCAACAGGTTACAAGAAGA,0,5285094
zapB_predicted,0.06666666666666667,14,14,CCAGAACAAACAGTGCATGT,0,5272950
zapB_predicted,0.06666666666666667,14,14,CATAGTAAGACGCCTTTTTG,0,5283577
zapB_predicted,0.06666666666666667,14,14,CAGTACTTGCGTGTCTCTAT,0,5286461
zapB_predicted,0.06666666666666667,14,14,CAGGGAGTCAGGACATGGGA,0,5275052
zapB_predicted,0.06666666666666667,14,14,CACGCTGTCATACGGCTCCA,0,5275135
zapB_predicted,0.06666666666666667,14,14,CACATCCAGAAGGACTAGCC,0,5277341
zapB_predicted,0.06666666666666667,14,14,CAATCAGCTGTCAGACCTAA,0,5286069
zapB_predicted,0.06666666666666667,14,14,CAAGAAGCGGGAAAATAACA,0,5280865
zapB_predicted,0.06666666666666667,14,14,ATTGGCTACGACGGCTGGCC,0,5281025
zapB_predicted,0.06666666666666667,14,14,ATTCCGCCACAGTAGTAAGA,0,5284659
zapB_predicted,0.06666666666666667,14,14,ATTAAACACCGGTAAAGGGC,0,5269503
zapB_predicted,0.06666666666666667,14,14,ATGCAACAAGCCCGCGCCGA,0,5269993
zapB_predicted,0.06666666666666667,14,14,ATCACTTCCGGTGATATATA,0,5278490
zapB_predicted,0.06666666666666667,14,14,ATAATGAAAAATGCGTAGTA,0,5266842
zapB_predicted,0.06666666666666667,14,14,ATAAAATGGGCAACAGCCGC,0,5279458
zapB_predicted,0.06666666666666667,14,14,AGTACGTAGCACCTTTATCG,0,5278066
zapB_predicted,0.06666666666666667,14,14,AGGGCTAAATAGACACAGAG,0,5264651
zapB_predicted,0.06666666666666667,14,14,AGGCCATTGGTGGAGGAATG,0,5266002
zapB_predicted,0.06666666666666667,14,14,AGCTAGCTAATTATATAGCT,0,5267374
zapB_predicted,0.06666666666666667,14,14,AGCCTTATTCCGCACCAAGG,0,5268615
zapB_predicted,0.06666666666666667,14,14,AGCCAGTCAAGGCTTGGGAC,0,5270082
zapB_predicted,0.06666666666666667,14,14,ACTTATCTAACAGTCGGGAT,0,5287247
zapB_predicted,0.06666666666666667,14,14,ACGGGTTAGATTAACTCCGA,0,5282527
zapB_predicted,0.06666666666666667,14,14,ACGAAACCCCTATTTACTAG,0,5274963
zapB_predicted,0.06666666666666667,14,14,AATTATACGTACGGCAAAAT,0,5282033
zapB_predicted,0.06666666666666667,14,14,AATGGCATTCCCAATAGTCA,0,5263953
zapB_predicted,0.06666666666666667,14,14,AATGCCATCCTGTGATTGTA,0,5274490
zapB_predicted,0.06666666666666667,14,14,AACCGGGAACTGCCAACCCA,0,5288126
zapB_predicted,0.06666666666666667,14,14,AAAGTTCACCTGTAGCGATA,0,5263916
zapB_predicted,0.06666666666666667,14,14,AAACCATTCCGCGTACGGGT,0,5279970
zapB_predicted,0.07142857142857142,13,13,TTTGCGACACACGTAATGGC,0,5263881
zapB_predicted,0.07142857142857142,13,13,TTTCCATCTGCTTGAAAGTC,0,5285561
zapB_predicted,0.07142857142857142,13,13,TTTAGCTGTGACAACATTAG,0,5277351
zapB_predicted,0.07142857142857142,13,13,TTGGACTATGAAAGCCCCAA,0,5264694
zapB_predicted,0.07142857142857142,13,13,TTGACCACCCTCAGCGATGG,0,5286494
zapB_predicted,0.07142857142857142,13,13,TTCCTAATTTAGCCGTCATC,0,5277753
zapB_predicted,0.07142857142857142,13,13,TGTAAAAGTCGCGTCGTCTC,0,5264395
zapB_predicted,0.07142857142857142,13,13,TGGGCACCACGTAATACTAG,0,5274247
zapB_predicted,0.07142857142857142,13,13,TGGCAGACACCTCAGGAAAT,0,5282312
zapB_predicted,0.07142857142857142,13,13,TGGATTGAAGCGGGGTGCAG,0,5274817
zapB_predicted,0.07142857142857142,13,13,TGATCTTATCGACTAGCTTG,0,5287417
zapB_predicted,0.07142857142857142,13,13,TGAGGACGGGGCCGCGTTTG,0,5275421
zapB_predicted,0.07142857142857142,13,13,TCTGAGTCGGATGGCAGGCA,0,5268971
zapB_predicted,0.07142857142857142,13,13,TCTCAGAGATAGGGGGGGCA,0,5280182
zapB_predicted,0.07142857142857142,13,13,TCGTTGAGCGCGCATACTCC,0,5288420
zapB_predicted,0.07142857142857142,13,13,TCGTCTGGGGGTACTTCTGC,0,5286455
zapB_predicted,0.07142857142857142,13,13,TCCGGGAGTGTTCAGGGAGC,0,5276802
zapB_predicted,0.07142857142857142,13,13,TCCATCAGTCATTTCAGTAT,0,5272546
zapB_predicted,0.07142857142857142,13,13,TCAATTGTGACTAGAATATG,0,5276278
zapB_predicted,0.07142857142857142,13,13,TATTGTGCTTGCAAGATGGA,0,5264477
zapB_predicted,0.07142857142857142,13,13,TAAGTAGGGGCTTTGGCGGT,0,5269377
zapB_predicted,0.07142857142857142,13,13,TAACTACGTTAAAAATGGTG,0,5271767
zapB_predicted,0.07142857142857142,13,13,TAACGTCCTCAAACAGCGGT,0,5287464
zapB_predicted,0.07142857142857142,13,13,TAACCAAGACTGGTTAGGTA,0,5273006
zapB_predicted,0.07142857142857142,13,13,GTTGGGATTCGTACGGAATT,0,5267705
zapB_predicted,0.07142857142857142,13,13,GTTATGTCTGGCCTACTTTA,0,5277562
zapB_predicted,0.07142857142857142,13,13,GTGACAAGAAATTGAACTAC,0,5283147
zapB_predicted,0.07142857142857142,13,13,GTCTTCAAATATAACGACAT,0,5276862
zapB_predicted,0.07142857142857142,13,13,GTCTATGTGGGCTGGTTGCG,0,5269224
zapB_predicted,0.07142857142857142,13,13,GTCGTGACGTGGGACTTTTT,0,5287572
zapB_predicted,0.07142857142857142,13,13,GTCGGATCCAGTTGCTTAGT,0,5274863
zapB_predicted,0.07142857142857142,13,13,GGTGGAATGATCGTATTTTT,0,5279111
zapB_predicted,0.07142857142857142,13,13,GGTATCCGGGGCGTAAACGC,0,5274825
zapB_predicted,0.07142857142857142,13,13,GGTAGTGCGGGGATGTGTGA,0,5265441
zapB_predicted,0.07142857142857142,13,13,GGCTTGGTCCGTTTCACATC,0,5276577
zapB_predicted,0.07142857142857142,13,13,GGCTCTTTGACGTTCTGCGC,0,5274386
zapB_predicted,0.07142857142857142,13,13,GGCGTCAGGTGGCAAGAGGA,0,5280374
zapB_predicted,0.07142857142857142,13,13,GGCCTCGCTCGGTCAGGTTA,0,5276116
zapB_predicted,0.07142857142857142,13,13,GGCACCTGACGATTTTGACT,0,5274401
zapB_predicted,0.07142857142857142,13,13,GGCACACTGATGTCAATTGC,0,5285353
zapB_predicted,0.07142857142857142,13,13,GGCAATCACAATCCTAAGAC,0,5268204
zapB_predicted,0.07142857142857142,13,13,GGAGTAAGCTATCCCCGACC,0,5269712
zapB_predicted,0.07142857142857142,13,13,GCTGTACACGCTACTAAATT,0,5267442
zapB_predicted,0.07142857142857142,13,13,GCTGCGCAGGACAGCTTGAC,0,5276722
zapB_predicted,0.07142857142857142,13,13,GCTAAATCCGGGAGTTTTGG,0,5276686
zapB_predicted,0.07142857142857142,13,13,GCGATTCGGAATTTCAAAGT,0,5284598
zapB_predicted,0.07142857142857142,13,13,GCGAGAGGCAGAACAAAGTA,0,5273418
zapB_predicted,0.07142857142857142,13,13,GCCTCAAATAGCAACTCATA,0,5270860
zapB_predicted,0.07142857142857142,13,13,GCATTTAGATGCGCCCTGCC,0,5266704
zapB_predicted,0.07142857142857142,13,13,GATTGACCCTCGAGCTATAC,0,5267735
zapB_predicted,0.07142857142857142,13,13,GAGGGAAACGTTAGAATGTG,0,5274553
zapB_predicted,0.07142857142857142,13,13,GAGCCCGTTAACAGCACGCT,0,5272502
zapB_predicted,0.07142857142857142,13,13,CTTACGTGCCGTTTAATGAT,0,5267250
zapB_predicted,0.07142857142857142,13,13,CTCTTAAGGAGTCCGCTCTC,0,5268487
zapB_predicted,0.07142857142857142,13,13,CTCGGAAGGGCGTCGGGCGT,0,5280147
zapB_predicted,0.07142857142857142,13,13,CTCATCATACCTCGTCACGA,0,5265252
zapB_predicted,0.07142857142857142,13,13,CTATCAAGTTTGCCTTGCGG,0,5276816
zapB_predicted,0.07142857142857142,13,13,CGTATTGTTACAGGCTCCGC,0,5279631
zapB_predicted,0.07142857142857142,13,13,CGGTTAGCTGATTGAATATG,0,5281391
zapB_predicted,0.07142857142857142,13,13,CGGGGACCGCTAAAGCGATT,0,5283675
zapB_predicted,0.07142857142857142,13,13,CGCGGCCAATGCCGAACGTT,0,5275972
zapB_predicted,0.07142857142857142,13,13,CGACGAACCAGCCTAAGTGA,0,5269463
zapB_predicted,0.07142857142857142,13,13,CGAAGACCCATAATTTATCG,0,5268431
zapB_predicted,0.07142857142857142,13,13,CCTGGATCAACACGTTGTCG,0,5270775
zapB_predicted,0.07142857142857142,13,13,CCGGCTATATGGACCGTGAG,0,5265694
zapB_predicted,0.07142857142857142,13,13,CCCTTCACGACCGCAGTAAC,0,5270353
zapB_predicted,0.07142857142857142,13,13,CCCCTACGCATTCGTGCCAT,0,5286694
zapB_predicted,0.07142857142857142,13,13,CCCCAGGTAAGTCGTAAGAG,0,5282854
zapB_predicted,0.07142857142857142,13,13,CATCTAGTCCTTCGAGTTTT,0,5266253
zapB_predicted,0.07142857142857142,13,13,CACATACCTTGGGTCGGGCT,0,5284753
zapB_predicted,0.07142857142857142,13,13,CACATAAGATCGAATTAACT,0,5284969
zapB_predicted,0.07142857142857142,13,13,CACACTCCACAGGGGGTAGT,0,5274108
zapB_predicted,0.07142857142857142,13,13,ATTTGCAGGAACGCCCTTTA,0,5281595
zapB_predicted,0.07142857142857142,13,13,ATCTTGTCCTAACGGTACAG,0,5271945
zapB_predicted,0.07142857142857142,13,13,ATCGAGATATTGTGTAGGTC,0,5278171
zapB_predicted,0.07142857142857142,13,13,ATCCGTTTGATAGTCAGGAA,0,5267178
zapB_predicted,0.07142857142857142,13,13,ATCCGTGTGGTTGGTAGAAA,0,5283420
zapB_predicted,0.07142857142857142,13,13,ATACCGGTCAGCACAACCCA,0,5275024
zapB_predicted,0.07142857142857142,13,13,AGGTCTCAACACAGAGGCTC,0,5274786
zapB_predicted,0.07142857142857142,13,13,AGGCTATAGGATCATTGTAA,0,5284326
zapB_predicted,0.07142857142857142,13,13,AGGAGGCTGGCAGGTGCCTG,0,5288218
zapB_predicted,0.07142857142857142,13,13,AGAGTAGAAATGTAAGCTAA,0,5283877
zapB_predicted,0.07142857142857142,13,13,AGACGCTACTGCCCTTTCTT,0,5271949
zapB_predicted,0.07142857142857142,13,13,ACTGAGGATATATGATTCTA,0,5266038
zapB_predicted,0.07142857142857142,13,13,ACTAATTTCTTTCGGTTCTA,0,5269559
zapB_predicted,0.07142857142857142,13,13,ACCTGTCAGTTACTCACGCT,0,5276167
zapB_predicted,0.07142857142857142,13,13,ACCCAGGCTGCAGTTAATAA,0,5279621
zapB_predicted,0.07142857142857142,13,13,ACCAACGGTCTAAACCGCGG,0,5272429
zapB_predicted,0.07142857142857142,13,13,AATGCTAGTCGTCTAACCGA,0,5278506
zapB_predicted,0.07142857142857142,13,13,AATCACGGAACTCCAGACAC,0,5266369
zapB_predicted,0.07142857142857142,13,13,AATACAAGGTGTAAGGCTAG,0,5282347
zapB_predicted,0.07142857142857142,13,13,AACCTGAACCGTTGAATCAG,0,5283680
zapB_predicted,0.07142857142857142,13,13,AAACTTCAGGCGGTTTCTCT,0,5281653
zapB_predicted,0.07142857142857142,13,13,AAACAGTTCACTTCACGCAA,0,5280464
zapB_predicted,0.07692307692307693,12,12,TTTTCCGGGAACAGTTAGTG,0,5285792
zapB_predicted,0.07692307692307693,12,12,TTTCCTTTATGGCTCAATTC,0,5273562
zapB_predicted,0.07692307692307693,12,12,TTGTCCTGCATCATCTCGCA,0,5281200
zapB_predicted,0.07692307692307693,12,12,TTGCATTTTATACGCCGAGA,0,5285133
zapB_predicted,0.07692307692307693,12,12,TTCCATGGCCGGAACACAGT,0,5285722
zapB_predicted,0.07692307692307693,12,12,TTAAAACTTGTGCCAGCTAA,0,5283544
zapB_predicted,0.07692307692307693,12,12,TGTCCTTGGTACCCACGGCT,0,5267592
zapB_predicted,0.07692307692307693,12,12,TGTAGCGGACCAGGTAAATT,0,5267610
zapB_predicted,0.07692307692307693,12,12,TGGATCGGGCTAAAAAACTA,0,5285010
zapB_predicted,0.07692307692307693,12,12,TGCCCGGACAATTGAATACA,0,5266637
zapB_predicted,0.07692307692307693,12,12,TGCAAATTCCACGACCTTGT,0,5265247
zapB_predicted,0.07692307692307693,12,12,TGAGCGGTCATCTTCCGCCC,0,5269690
zapB_predicted,0.07692307692307693,12,12,TGAGCACTACTCGTGATATG,0,5285359
zapB_predicted,0.07692307692307693,12,12,TGACAACCGGCCTTTTCGTG,0,5267600
zapB_predicted,0.07692307692307693,12,12,TGAATATGCAAAGGAGGGTC,0,5274740
zapB_predicted,0.07692307692307693,12,12,TGAACCAAAGCCCCCAGTGA,0,5263313
zapB_predicted,0.07692307692307693,12,12,TGAAAAATCTCGATATCTCG,0,5273856
zapB_predicted,0.07692307692307693,12,12,TCTTCCATGTCCCGTACTAG,0,5272915
zapB_predicted,0.07692307692307693,12,12,TCATGTAACATCGGCGAGTC,0,5264921
zapB_predicted,0.07692307692307693,12,12,TCAGTGATCACTTGATGGTA,0,5267679
zapB_predicted,0.07692307692307693,12,12,TCAGCGGCTTCCCCTAGTAA,0,5273622
zapB_predicted,0.07692307692307693,12,12,TCAAAGCCAGTCACGGGTCT,0,5280662
zapB_predicted,0.07692307692307693,12,12,TATTTACATGCGACAATATT,0,5277482
zapB_predicted,0.07692307692307693,12,12,TAGGAACCGAGTTGTCCGAG,0,5278427
zapB_predicted,0.07692307692307693,12,12,TAGATGTCGGCTGCTTCTCA,0,5276061
zapB_predicted,0.07692307692307693,12,12,TACGGCCCATCACCGCATTC,0,5283630
zapB_predicted,0.07692307692307693,12,12,TACACGGCCATACGAAGGGA,0,5267955
zapB_predicted,0.07692307692307693,12,12,TAAATAACAAAAGCGAGCGT,0,5269714
zapB_predicted,0.07692307692307693,12,12,GTTTCTCGCCGAGCCCGACG,0,5271743
zapB_predicted,0.07692307692307693,12,12,GTGAACTGGTGTGAGTGCTA,0,5269867
zapB_predicted,0.07692307692307693,12,12,GTCTGAGAAAGGTCATTCAC,0,5270740
zapB_predicted,0.07692307692307693,12,12,GTCTCCGCTGGAATCCGTCT,0,5277394
zapB_predicted,0.07692307692307693,12,12,GTCGGGATTCCCCTAAGGCA,0,5273741
zapB_predicted,0.07692307692307693,12,12,GTCACGCCGTTATTCCACGT,0,5285050
zapB_predicted,0.07692307692307693,12,12,GGTAGGAGCGCAGATCGGGG,0,5282686
zapB_predicted,0.07692307692307693,12,12,GGGGTCAGGCCATAATGCTA,0,5283256
zapB_predicted,0.07692307692307693,12,12,GGGGGACTGAGCCAATTTAA,0,5279078
zapB_predicted,0.07692307692307693,12,12,GGGCGATATCTGTGTCCCAA,0,5273755
zapB_predicted,0.07692307692307693,12,12,GGCGGGTAAAAGATTTATTT,0,5271109
zapB_predicted,0.07692307692307693,12,12,GGCACAGCACGCGTTGACAG,0,5282718
zapB_predicted,0.07692307692307693,12,12,GGATGCAGTATGCTAGGTAC,0,5270376
zapB_predicted,0.07692307692307693,12,12,GGAGAGGTAGAAGACGTCTT,0,5271394
zapB_predicted,0.07692307692307693,12,12,GCTGGGGGGTCAAGCTATCC,0,5268392
zapB_predicted,0.07692307692307693,12,12,GCTACAGAGGTGATGAATTT,0,5265701
zapB_predicted,0.07692307692307693,12,12,GCGGGATTGTTTTGAGCGGG,0,5268772
zapB_predicted,0.07692307692307693,12,12,GCATGACATTGAAACATTGT,0,5273701
zapB_predicted,0.07692307692307693,12,12,GCATCAGCATACTCGAGGTG,0,5283047
zapB_predicted,0.07692307692307693,12,12,GATGGCTACCCTCGGCTCTG,0,5273221
zapB_predicted,0.07692307692307693,12,12,GATAAGTACGATCGAAACCC,0,5272471
zapB_predicted,0.07692307692307693,12,12,GACCGGGACATATAGTACTG,0,5282452
zapB_predicted,0.07692307692307693,12,12,CTTGTTCTAGAGCATAGCGG,0,5264234
zapB_predicted,0.07692307692307693,12,12,CTGTTGGACGATTTATTCGT,0,5281138
zapB_predicted,0.07692307692307693,12,12,CTCATAGTGATCGAGAAAGG,0,5277371
zapB_predicted,0.07692307692307693,12,12,CTATAGGGTAATTTTGTGAT,0,5276068
zapB_predicted,0.07692307692307693,12,12,CTAAAAACTGCCCTTCATCG,0,5283808
zapB_predicted,0.07692307692307693,12,12,CGCTTCCGAAGATACAATGA,0,5266440
zapB_predicted,0.07692307692307693,12,12,CGCGTACGGGGGTTGATCTA,0,5286480
zapB_predicted,0.07692307692307693,12,12,CGCAGAAAGTACCCACTGAT,0,5286445
zapB_predicted,0.07692307692307693,12,12,CGATGACTTCGTTCTGAATA,0,5269434
zapB_predicted,0.07692307692307693,12,12,CGATCGGCGGTTCCGTTCGC,0,5275770
zapB_predicted,0.07692307692307693,12,12,CGATAGATCCGGGGACATCT,0,5287412
zapB_predicted,0.07692307692307693,12,12,CGAGGCCTCTGTATTCGAGA,0,5275961
zapB_predicted,0.07692307692307693,12,12,CGACGACTTGGTTTGGTCGT,0,5265494
zapB_predicted,0.07692307692307693,12,12,CCTAGTAGCAGCCGGACCAG,0,5271515
zapB_predicted,0.07692307692307693,12,12,CCCTCCCGTTCGTCCGCTGG,0,5287189
zapB_predicted,0.07692307692307693,12,12,CCCCATGCTGATAGTCCAGC,0,5283975
zapB_predicted,0.07692307692307693,12,12,CCACATTTGGCCAAGAAACG,0,5280047
zapB_predicted,0.07692307692307693,12,12,CAGGTACTTGGCCAGGAATC,0,5286109
zapB_predicted,0.07692307692307693,12,12,CACTCTATGTGTTCGTATCT,0,5273480
zapB_predicted,0.07692307692307693,12,12,CAATTCGTAGCACGATCTGA,0,5263012
zapB_predicted,0.07692307692307693,12,12,CAATAGTCTGCGCCATGGGG,0,5278789
zapB_predicted,0.07692307692307693,12,12,CAAGAGTTCCCATAGAACTA,0,5268262
zapB_predicted,0.07692307692307693,12,12,ATTGTGTTCTTTAACAGCTA,0,5271441
zapB_predicted,0.07692307692307693,12,12,ATTCGGGCCGGAAATTTCAC,0,5274240
zapB_predicted,0.07692307692307693,12,12,ATTATTGGTATGGACAGCCC,0,5285382
zapB_predicted,0.07692307692307693,12,12,ATGAAGCGTCGATTATAGAT,0,5286381
zapB_predicted,0.07692307692307693,12,12,ATCTCAGACAATGCGATAAT,0,5263887
zapB_predicted,0.07692307692307693,12,12,ATCCACAGCGTTAATTGAAG,0,5265566
zapB_predicted,0.07692307692307693,12,12,ATCAGTACGCGACGTTCACG,0,5281362
zapB_predicted,0.07692307692307693,12,12,ATCAGATACTAGGGGGATAA,0,5275009
zapB_predicted,0.07692307692307693,12,12,ATAGACATTGTATCGTATAC,0,5273776
zapB_predicted,0.07692307692307693,12,12,ATAAGTTTTCTTCCCGATAA,0,5277981
zapB_predicted,0.07692307692307693,12,12,AGTTGTCCTTACTGGGTTCT,0,5274103
zapB_predicted,0.07692307692307693,12,12,AGTTCTACATACTGCGTCGT,0,5267887
zapB_predicted,0.07692307692307693,12,12,AGTCCAGCGTCGAGTTTGAG,0,5270573
zapB_predicted,0.07692307692307693,12,12,AGGCGCCCGCCGGTTAAACA,0,5284654
zapB_predicted,0.07692307692307693,12,12,AGCAACTACAGCTGGACGGC,0,5274285
zapB_predicted,0.07692307692307693,12,12,AGAGACTAAAACTTATCCAC,0,5272095
zapB_predicted,0.07692307692307693,12,12,ACGCCACGTAATAACGCCTG,0,5268443
zapB_predicted,0.07692307692307693,12,12,ACCCGGCGCTGGGGAGGATC,0,5282950
zapB_predicted,0.07692307692307693,12,12,ACAAAGGTCGCCAGGAGTCT,0,5279553
zapB_predicted,0.07692307692307693,12,12,AATTGGGATTTTCGTGGCTA,0,5276828
zapB_predicted,0.07692307692307693,12,12,AATGAGTAAATAGTTGTTAC,0,5264728
zapB_predicted,0.07692307692307693,12,12,AAGCCATTTGAACGTTTCCT,0,5283071
zapB_predicted,0.07692307692307693,12,12,AACTAGAGAGTAACCGGATG,0,5272806
zapB_predicted,0.07692307692307693,12,12,AAATCATATCCAAACTATCT,0,5266348
zapB_predicted,0.07692307692307693,12,12,AAACCCCCGGTCCTCTCGAT,0,5270784
zapB_predicted,0.07692307692307693,12,12,AAAAGCTCCCGAAGTCCTCA,0,5266731
zapB_predicted,0.08333333333333333,11,11,TTTTGTCAGAAAGCTCTGGT,0,5273396
zapB_predicted,0.08333333333333333,11,11,TTTGTGGGTTGTCAGAGCCT,0,5265211
zapB_predicted,0.08333333333333333,11,11,TTTGAATTCGGGGACGTTCT,0,5265194
zapB_predicted,0.08333333333333333,11,11,TTGGGCTGGTCTCCAGCTGT,0,5275123
zapB_predicted,0.08333333333333333,11,11,TTGATTCGATCCTAAGTCTC,0,5270167
zapB_predicted,0.08333333333333333,11,11,TTCGGGTCCTCAATCTTGTC,0,5264966
zapB_predicted,0.08333333333333333,11,11,TTCCATGAATAATAGTGGAT,0,5272583
zapB_predicted,0.08333333333333333,11,11,TTATGTTCAAGCTAAGGCGT,0,5283997
zapB_predicted,0.08333333333333333,11,11,TTATGAGTGGTGTCTGAGCC,0,5281815
zapB_predicted,0.08333333333333333,11,11,TTAGAATACAATAAGTAATT,0,5283861
zapB_predicted,0.08333333333333333,11,11,TTACGCCAACGGTTTTCTGC,0,5270748
zapB_predicted,0.08333333333333333,11,11,TGTGGCCCGGGACAAAGAAA,0,5277664
zapB_predicted,0.08333333333333333,11,11,TGCGGGAACAGACGCGCAGA,0,5270201
zapB_predicted,0.08333333333333333,11,11,TGCGAAACGTCTGGTAGCAA,0,5278904
zapB_predicted,0.08333333333333333,11,11,TGCCGTGCGCCAACAAATTC,0,5274777
zapB_predicted,0.08333333333333333,11,11,TGCCCGAGACACAGCGTTGC,0,5268970
zapB_predicted,0.08333333333333333,11,11,TGCATCCATTCAGATTGTCC,0,5284826
zapB_predicted,0.08333333333333333,11,11,TGATTTATCACTTGCACGGA,0,5272482
zapB_predicted,0.08333333333333333,11,11,TGATTGAAACCCCGATTGAG,0,5267785
zapB_predicted,0.08333333333333333,11,11,TGAGGCATTAAACCGATCTT,0,5263988
zapB_predicted,0.08333333333333333,11,11,TCTGGTCGTTGTCTGCTTAG,0,5284120
zapB_predicted,0.08333333333333333,11,11,TCTGCTGGGGGGACTAAGTG,0,5285179
zapB_predicted,0.08333333333333333,11,11,TCGACTGTTTAAAACGGGTG,0,5279666
zapB_predicted,0.08333333333333333,11,11,TCCTCGGATGTGGATCAAGA,0,5274739
zapB_predicted,0.08333333333333333,11,11,TCCGACTTCAGAACGCGATG,0,5268527
zapB_predicted,0.08333333333333333,11,11,TCACGGGCCAGCTTGGACAT,0,5281817
zapB_predicted,0.08333333333333333,11,11,TCACCGCTCGATGTCCCTTG,0,5266381
zapB_predicted,0.08333333333333333,11,11,TATCCGGGAAACTCCAGCCA,0,5270561
zapB_predicted,0.08333333333333333,11,11,TATAGTGTTAACGTGTAAGT,0,5282933
zapB_predicted,0.08333333333333333,11,11,TAGAGTTCCTGCGAGGCTCG,0,5286157
zapB_predicted,0.08333333333333333,11,11,TAGAGAACATTTGTTAACGA,0,5265495
zapB_predicted,0.08333333333333333,11,11,TACTCCAGCTTACCCTGTCC,0,5267104
zapB_predicted,0.08333333333333333,11,11,TACGCTCACAACGCTAAACA,0,5276060
zapB_predicted,0.08333333333333333,11,11,TAAGCGCCTATACTTCGGAT,0,5283678
zapB_predicted,0.08333333333333333,11,11,GTTACGCCGGCTAAAGTGGT,0,5277257
zapB_predicted,0.08333333333333333,11,11,GTGTGAAATTCATCATTGGT,0,5287153
zapB_predicted,0.08333333333333333,11,11,GTGACGGGCGGGCAGGTGGT,0,5285738
zapB_predicted,0.08333333333333333,11,11,GTGAAGGTGCAGGACCAGGT,0,5268427
zapB_predicted,0.08333333333333333,11,11,GTCCTTTCAGCCACAAGCGA,0,5278342
zapB_predicted,0.08333333333333333,11,11,GTCCGTCCGCGGGAGGCTCA,0,5284118
zapB_predicted,0.08333333333333333,11,11,GTCAACCTGTTGACGACTAT,0,5281935
zapB_predicted,0.08333333333333333,11,11,GTACTTGCATGAGAACGATA,0,5282148
zapB_predicted,0.08333333333333333,11,11,GGGTTGCCGCCTTGTATAGT,0,5271637
zapB_predicted,0.08333333333333333,11,11,GGCATATCTGTAAGCATTAG,0,5282025
zapB_predicted,0.08333333333333333,11,11,GGATTTCTACCACGTATTCA,0,5267948
zapB_predicted,0.08333333333333333,11,11,GGATGGTGACGCGTTATTTA,0,5266876
zapB_predicted,0.08333333333333333,11,11,GGATCTCGCGTGCGTACAGG,0,5288153
zapB_predicted,0.08333333333333333,11,11,GGAACAACCACGACGTCTGA,0,5287350
zapB_predicted,0.08333333333333333,11,11,GCTGGGATTACTCAGCTGCA,0,5267772
zapB_predicted,0.08333333333333333,11,11,GCTGCGATTTAACGACGATC,0,5288438
zapB_predicted,0.08333333333333333,11,11,GCGGGGCGTACGCACCTCTC,0,5263193
zapB_predicted,0.08333333333333333,11,11,GCCGCTAAGTCAAGCTGGGC,0,5272549
zapB_predicted,0.08333333333333333,11,11,GCCACGGCACGTGACCTCAC,0,5265961
zapB_predicted,0.08333333333333333,11,11,GCACTCTGTCAGGTCCCCAG,0,5285613
zapB_predicted,0.08333333333333333,11,11,GCAACCGAGAGCCCTCTATA,0,5275632
zapB_predicted,0.08333333333333333,11,11,GATTTGATACCCGATCAGAA,0,5279436
zapB_predicted,0.08333333333333333,11,11,GATGGTGGCTAAAGTCGCGC,0,5275695
zapB_predicted,0.08333333333333333,11,11,GAGTACGGGATGCTAATTTT,0,5269741
zapB_predicted,0.08333333333333333,11,11,GAGCGTGTAGTACCGCGCTC,0,5284333
zapB_predicted,0.08333333333333333,11,11,GACCATGGCGTGGATGCATG,0,5264278
zapB_predicted,0.08333333333333333,11,11,CTTTCGTCTCCATAGCGAGT,0,5272960
zapB_predicted,0.08333333333333333,11,11,CTTAAGCGGGCTATGGGCGC,0,5276057
zapB_predicted,0.08333333333333333,11,11,CTGTGACACTTTGACTGACT,0,5266237
zapB_predicted,0.08333333333333333,11,11,CTGTACAAGAAACTTATAAC,0,5275767
zapB_predicted,0.08333333333333333,11,11,CTGCGCGAGATATACTTGTA,0,5272526
zapB_predicted,0.08333333333333333,11,11,CTGCCCAAGCGTTGCGTCGA,0,5276442
zapB_predicted,0.08333333333333333,11,11,CTGCACAACGGCATGGTCTG,0,5273157
zapB_predicted,0.08333333333333333,11,11,CTCGAGTCACTTCATTTGGT,0,5267480
zapB_predicted,0.08333333333333333,11,11,CTCATCGGAGCTCGTTCGCT,0,5273858
zapB_predicted,0.08333333333333333,11,11,CTATTCAAAGATGTGGTGGT,0,5274436
zapB_predicted,0.08333333333333333,11,11,CTAGCTACGTAAACTGGTTT,0,5283717
zapB_predicted,0.08333333333333333,11,11,CTAATGATCGATTAGAGATC,0,5265841
zapB_predicted,0.08333333333333333,11,11,CGTGTCGTGACTCCCCAAAG,0,5275179
zapB_predicted,0.08333333333333333,11,11,CGGTAGCTGCATACTCGATG,0,5277786
zapB_predicted,0.08333333333333333,11,11,CGGTAAAATCACAGATCAAG,0,5285115
zapB_predicted,0.08333333333333333,11,11,CGGGTAGACATCAGAAGATA,0,5263723
zapB_predicted,0.08333333333333333,11,11,CGGCCTCATTCCGCAGTGAT,0,5281284
zapB_predicted,0.08333333333333333,11,11,CGGAATCAATGAGAAATAAT,0,5273225
zapB_predicted,0.08333333333333333,11,11,CGCGCACCTGTGAAAATCCG,0,5279245
zapB_predicted,0.08333333333333333,11,11,CGCGCACCGCTTCAAGCCAC,0,5263805
zapB_predicted,0.08333333333333333,11,11,CGAACGGACTGCTTTGGGTA,0,5270046
zapB_predicted,0.08333333333333333,11,11,CCTACTCCAAGCTGGCGAGA,0,5277127
zapB_predicted,0.08333333333333333,11,11,CCTACGCTAGCCTCCAATCC,0,5285912
zapB_predicted,0.08333333333333333,11,11,CCGTCAGCTCGCTGGTCTCA,0,5282856
zapB_predicted,0.08333333333333333,11,11,CCGTAAAAAGCCCTGAGCGT,0,5268758
zapB_predicted,0.08333333333333333,11,11,CCCTGGAGCTTCCAAGGTGG,0,5271287
zapB_predicted,0.08333333333333333,11,11,CCCGGGCATAACGTATTTGA,0,5277324
zapB_predicted,0.08333333333333333,11,11,CCAGGCACGCAGACATATAA,0,5263977
zapB_predicted,0.08333333333333333,11,11,CATGGGAACCAGCGCGCATA,0,5284281
zapB_predicted,0.08333333333333333,11,11,CATAATTTTCAAGCCGAGGA,0,5280553
zapB_predicted,0.08333333333333333,11,11,CAGGAGTGAATAGCAGGAGC,0,5282014
zapB_predicted,0.08333333333333333,11,11,CAGAGTGTCAAATTTTAGTA,0,5264770
zapB_predicted,0.08333333333333333,11,11,CACTGACAGATGTATTCTGC,0,5266697
zapB_predicted,0.08333333333333333,11,11,CACTCTCGGAGAGTGCATCC,0,5274581
zapB_predicted,0.08333333333333333,11,11,CAATGTGACGGAACACAGTA,0,5268778
zapB_predicted,0.08333333333333333,11,11,CAACGGCCACAATATTCAAT,0,5263218
zapB_predicted,0.08333333333333333,11,11,CAACATCTTTTCTGCTTGCC,0,5270670
zapB_predicted,0.08333333333333333,11,11,ATTTTTATTCGGAGTGCTAT,0,5282370
zapB_predicted,0.08333333333333333,11,11,ATTTTACAACATTTTCGTGT,0,5280177
zapB_predicted,0.08333333333333333,11,11,ATTCAAATACGTGTCTAGAT,0,5280661
zapB_predicted,0.08333333333333333,11,11,ATTATTCAACGCAGGCTGTC,0,5275207
zapB_predicted,0.08333333333333333,11,11,ATGTTCCAAGGGCGTACGAA,0,5286060
zapB_predicted,0.08333333333333333,11,11,ATATATGCCCCAACCGTTAC,0,5265260
zapB_predicted,0.08333333333333333,11,11,ATAACTGGCCATTGTTGGAC,0,5272262
zapB_predicted,0.08333333333333333,11,11,AGGCATACACCCACCCCCGA,0,5276673
zapB_predicted,0.08333333333333333,11,11,AGCCAAGTAGTTAGTCTAGT,0,5277585
zapB_predicted,0.08333333333333333,11,11,AGCATCTCCGGGAAGGGGAC,0,5286409
zapB_predicted,0.08333333333333333,11,11,ACTTCCATCAAACGCGTGAA,0,5266526
zapB_predicted,0.08333333333333333,11,11,ACGTCTAAAGTTCTAGCTAG,0,5278368
zapB_predicted,0.08333333333333333,11,11,ACGGAGCCGCTAGTACCTAT,0,5279964
zapB_predicted,0.08333333333333333,11,11,ACGCGGAGGGTGTTCAGTTA,0,5286425
zapB_predicted,0.08333333333333333,11,11,ACCTGCGCACGGGAGCGGGT,0,5288325
zapB_predicted,0.08333333333333333,11,11,ACCTGAGATAATTGCAGAAC,0,5278184
zapB_predicted,0.08333333333333333,11,11,ACATCTGTGCTGACAGGCCG,0,5269228
zapB_predicted,0.08333333333333333,11,11,ACATCGTCTTGACGTTATAT,0,5280524
zapB_predicted,0.08333333333333333,11,11,AATACCATTAATCCGGAGAG,0,5286773
zapB_predicted,0.08333333333333333,11,11,AAGTGGCCTCTATCTAAGCC,0,5284173
zapB_predicted,0.08333333333333333,11,11,AAGTCCCGCTCTTCCCACAG,0,5266475
zapB_predicted,0.08333333333333333,11,11,AAGGTAGAATCGTGACACAG,0,5273834
zapB_predicted,0.09090909090909091,10,10,TTTTCCGCTGACAGTTGGTA,0,5278840
zapB_predicted,0.09090909090909091,10,10,TTTCAGCCATGGAGCTTTCT,0,5272288
zapB_predicted,0.09090909090909091,10,10,TTCTGTCTGGTTGATAGGCG,0,5279678
zapB_predicted,0.09090909090909091,10,10,TTCTGCAGCTATTTCGTGGG,0,5266374
zapB_predicted,0.09090909090909091,10,10,TTCATGTTCTCTGCAACTCG,0,5286891
zapB_predicted,0.09090909090909091,10,10,TTCATCTAATGAACGTTCCG,0,5274973
zapB_predicted,0.09090909090909091,10,10,TTCATAGTAAGTGGCCTTGG,0,5274113
zapB_predicted,0.09090909090909091,10,10,TTATTACTAAGCTGTGACCC,0,5279632
zapB_predicted,0.09090909090909091,10,10,TTAGTATGCTTGGCCGAAAG,0,5277393
zapB_predicted,0.09090909090909091,10,10,TTAGCTAAATGACTGGACAA,0,5275157
zapB_predicted,0.09090909090909091,10,10,TTAGAGTGCAGAATGCCGGG,0,5265088
zapB_predicted,0.09090909090909091,10,10,TTACGACGAGAGCAATCCAC,0,5279573
zapB_predicted,0.09090909090909091,10,10,TGGTCGATTGTGCACGATTG,0,5265418
zapB_predicted,0.09090909090909091,10,10,TGGTATATAATACGGCGCAT,0,5286374
zapB_predicted,0.09090909090909091,10,10,TGGACGCGTCAGTGTTCACA,0,5284050
zapB_predicted,0.09090909090909091,10,10,TGAGTGAATAATGAAAGGTG,0,5264734
zapB_predicted,0.09090909090909091,10,10,TGAAGCCGTCGAGAAACAGC,0,5263308
zapB_predicted,0.09090909090909091,10,10,TGAAGCCAGGTGGCACCCAC,0,5268673
zapB_predicted,0.09090909090909091,10,10,TGAAAGCATAGGTCCTGAAG,0,5279053
zapB_predicted,0.09090909090909091,10,10,TCTTTAGTGTGGATAAAACC,0,5281712
zapB_predicted,0.09090909090909091,10,10,TCTTGCCATGTGTGAGAAGA,0,5287698
zapB_predicted,0.09090909090909091,10,10,TCTCTTACGCCATTCCATGT,0,5282317
zapB_predicted,0.09090909090909091,10,10,TCGGGGTGCGCTACGGGTGG,0,5280293
zapB_predicted,0.09090909090909091,10,10,TCGGGAGGGCAATACGATGG,0,5273470
zapB_predicted,0.09090909090909091,10,10,TCGGCATATAGGCCAATTCG,0,5270627
zapB_predicted,0.09090909090909091,10,10,TCCTGTCCGATTCGTCTGTA,0,5270673
zapB_predicted,0.09090909090909091,10,10,TCCTCCGATGGCTGGACGTA,0,5281119
zapB_predicted,0.09090909090909091,10,10,TCATCTGCGTGCCATCGACG,0,5275224
zapB_predicted,0.09090909090909091,10,10,TCAGTTTATTAAACTTGTGT,0,5286198
zapB_predicted,0.09090909090909091,10,10,TATCGGGTTAGGTGAGGGGT,0,5263623
zapB_predicted,0.09090909090909091,10,10,TATCAGGTCTTAGAGTTATA,0,5263259
zapB_predicted,0.09090909090909091,10,10,TATACGAAGAACGTAAACAA,0,5277369
zapB_predicted,0.09090909090909091,10,10,TAGGATGACCAGGTCACCCT,0,5279265
zapB_predicted,0.09090909090909091,10,10,TAGGAACGTTAAGGGTACGG,0,5283810
zapB_predicted,0.09090909090909091,10,10,TACCGCTATGAGCTTGTCGG,0,5269561
zapB_predicted,0.09090909090909091,10,10,GTTAATTATACTTAAACGCG,0,5278154
zapB_predicted,0.09090909090909091,10,10,GTGGCTATTGGATTCGATTC,0,5286245
zapB_predicted,0.09090909090909091,10,10,GTCGGTATGCTTATTAGATT,0,5269859
zapB_predicted,0.09090909090909091,10,10,GTCAATTCTTCGCCTAGATA,0,5287140
zapB_predicted,0.09090909090909091,10,10,GTAGCGATGTTCACTGGACG,0,5286715
zapB_predicted,0.09090909090909091,10,10,GTAATCAGACTCGCAGGTTA,0,5270044
zapB_predicted,0.09090909090909091,10,10,GTAAAGCGGTATGTCTCCAT,0,5284921
zapB_predicted,0.09090909090909091,10,10,GGTTTTGTTCTGACGACACC,0,5280852
zapB_predicted,0.09090909090909091,10,10,GGTTAACGGGGCGGTGACAT,0,5267162
zapB_predicted,0.09090909090909091,10,10,GGGTAATTATCTTGCAGTAT,0,5286431
zapB_predicted,0.09090909090909091,10,10,GGGGAACAGGGTTATGCAGA,0,5288293
zapB_predicted,0.09090909090909091,10,10,GGGCCTATAGTATCATGGGC,0,5264850
zapB_predicted,0.09090909090909091,10,10,GGGCCGACACATAACGTATA,0,5275890
zapB_predicted,0.09090909090909091,10,10,GGGCACCGTCAAATGTGGAG,0,5285818
zapB_predicted,0.09090909090909091,10,10,GGCTAGGATATTGCCATTAT,0,5285819
zapB_predicted,0.09090909090909091,10,10,GGCAAACTTGACGGGTTAAT,0,5278062
zapB_predicted,0.09090909090909091,10,10,GGATTAGGTGCTGTACTTTC,0,5286148
zapB_predicted,0.09090909090909091,10,10,GGACAGATTAGCAGGGTGCT,0,5276857
zapB_predicted,0.09090909090909091,10,10,GCTTTGTTTCCAAGTTACCG,0,5275366
zapB_predicted,0.09090909090909091,10,10,GCTTATCACGAATAAGAATA,0,5272367
zapB_predicted,0.09090909090909091,10,10,GCTCGGGACGTTGGGGCCGG,0,5272758
zapB_predicted,0.09090909090909091,10,10,GCGTTCCGCGTCGTGCGGGT,0,5282924
zapB_predicted,0.09090909090909091,10,10,GCGTAATATGTAAGGGTGGA,0,5275392
zapB_predicted,0.09090909090909091,10,10,GCGGTTTAGACGGCTTTTGT,0,5278013
zapB_predicted,0.09090909090909091,10,10,GCGGCATTGAACGACCATTG,0,5281953
zapB_predicted,0.09090909090909091,10,10,GCGCATGTTGGAATAATGAA,0,5270324
zapB_predicted,0.09090909090909091,10,10,GCGACTGTTTCGGCTCCGGC,0,5269573
zapB_predicted,0.09090909090909091,10,10,GCGACCAGCAGTAAGCCACA,0,5267894
zapB_predicted,0.09090909090909091,10,10,GCCGAGTCCGAGCTTCCCGA,0,5267108
zapB_predicted,0.09090909090909091,10,10,GCCCGCTTAGGCCGGCGGTC,0,5281669
zapB_predicted,0.09090909090909091,10,10,GCATTTTATTGCGATTGCAA,0,5267905
zapB_predicted,0.09090909090909091,10,10,GCACTACGATGACCACGAAA,0,5269500
zapB_predicted,0.09090909090909091,10,10,GATCTCAGCCTCAACCTGTA,0,5273757
zapB_predicted,0.09090909090909091,10,10,GAGCCGCTGGCTCGGTTGCG,0,5273760
zapB_predicted,0.09090909090909091,10,10,GAGCAGCTAAAAACGGGATA,0,5267413
zapB_predicted,0.09090909090909091,10,10,GAGAATGCCTATGCTACGCT,0,5273999
zapB_predicted,0.09090909090909091,10,10,GACTCCACGTTGTTTATGAA,0,5276630
zapB_predicted,0.09090909090909091,10,10,GACTCCAATCAACCTGCTCC,0,5286760
zapB_predicted,0.09090909090909091,10,10,GACCAAGTGTATTCTTATAT,0,5263149
zapB_predicted,0.09090909090909091,10,10,GACATGTTGCATCTTTTACA,0,5270341
zapB_predicted,0.09090909090909091,10,10,GACATATGCCGTGCGTGGTG,0,5266907
zapB_predicted,0.09090909090909091,10,10,GACAAGGGTTCGAATCAGTT,0,5279660
zapB_predicted,0.09090909090909091,10,10,GACAACGCCCACAGAGTCAC,0,5282286
zapB_predicted,0.09090909090909091,10,10,CTTGTGCATCACAGGTCTTG,0,5284544
zapB_predicted,0.09090909090909091,10,10,CTTACCACAGGGCGTCGCTG,0,5271031
zapB_predicted,0.09090909090909091,10,10,CTCGCACAGCGGTATCCTTG,0,5271967
zapB_predicted,0.09090909090909091,10,10,CTCGAAATTTTTTGTACGAG,0,5286326
zapB_predicted,0.09090909090909091,10,10,CTATTGTAAGAAAAGTTTCG,0,5267678
zapB_predicted,0.09090909090909091,10,10,CTATTAACTCCTAGTTGATC,0,5274808
zapB_predicted,0.09090909090909091,10,10,CTAGACGGGGAGCATCTCTA,0,5270601
zapB_predicted,0.09090909090909091,10,10,CTACCCCTCAGCAATACGGA,0,5272377
zapB_predicted,0.09090909090909091,10,10,CTACATAGTAATAGCTCTAC,0,5269682
zapB_predicted,0.09090909090909091,10,10,CTAACTTCGAGGATAAGTAG,0,5269159
zapB_predicted,0.09090909090909091,10,10,CGTCACGGCTCATTGCTGCT,0,5272350
zapB_predicted,0.09090909090909091,10,10,CGTAAAGACGCGGAGGGGAG,0,5276087
zapB_predicted,0.09090909090909091,10,10,CGGTGCGGACTTCCGTTCTA,0,5271027
zapB_predicted,0.09090909090909091,10,10,CGGGTTTCTGCCCCGCTCGT,0,5267775
zapB_predicted,0.09090909090909091,10,10,CGGACTCTAGACTCATCCAA,0,5283248
zapB_predicted,0.09090909090909091,10,10,CGGACGTAGGCACACGGTTC,0,5283010
zapB_predicted,0.09090909090909091,10,10,CGCTCCCGTTCCGAAGAAGT,0,5271312
zapB_predicted,0.09090909090909091,10,10,CGCGGACATTAAAGACGTCA,0,5269603
zapB_predicted,0.09090909090909091,10,10,CGCGACAGGTACGTCTTTAG,0,5277059
zapB_predicted,0.09090909090909091,10,10,CGCACACTAACGACGTGGAA,0,5275147
zapB_predicted,0.09090909090909091,10,10,CCGTGTGGACCCAGCTACGA,0,5269306
zapB_predicted,0.09090909090909091,10,10,CCGCTATTAGGCCTGATTGA,0,5263319
zapB_predicted,0.09090909090909091,10,10,CCCAGTTGCGTGCCGCTCCA,0,5282367
zapB_predicted,0.09090909090909091,10,10,CCAGGATATTCAGACATCCT,0,5283794
zapB_predicted,0.09090909090909091,10,10,CAGCTTCAATAATTAAAAAC,0,5269917
zapB_predicted,0.09090909090909091,10,10,CAGAGACGGGTAAAACTTAA,0,5277235
zapB_predicted,0.09090909090909091,10,10,CAATGAGTGAGAAAGTATAC,0,5276701
zapB_predicted,0.09090909090909091,10,10,CAAATTCGTCCACGGTCCGT,0,5280636
zapB_predicted,0.09090909090909091,10,10,CAAATAGGGACATGGAACCA,0,5272757
zapB_predicted,0.09090909090909091,10,10,ATTCGTTCCGGTTTCAGAAA,0,5265119
zapB_predicted,0.09090909090909091,10,10,ATGGTCACACGGAGCTGAAC,0,5285975
zapB_predicted,0.09090909090909091,10,10,ATGGCAATACTTATAGAACG,0,5264164
zapB_predicted,0.09090909090909091,10,10,ATGAAAGTGCTGCTCATCGA,0,5284877
zapB_predicted,0.09090909090909091,10,10,ATCGGTCTGGTTGCTTCCCC,0,5283250
zapB_predicted,0.09090909090909091,10,10,ATCACCCATCACTCCCTGGC,0,5272495
zapB_predicted,0.09090909090909091,10,10,ATATCGTCGGCATTTGCGAT,0,5266289
zapB_predicted,0.09090909090909091,10,10,AGTTGGAGAAGGCCCGTTAC,0,5273695
zapB_predicted,0.09090909090909091,10,10,AGTGGATACGGACAGAAGAT,0,5287586
zapB_predicted,0.09090909090909091,10,10,AGTACTAGAGCCCGCTCAAC,0,5286705
zapB_predicted,0.09090909090909091,10,10,AGGTGCAGGCCACGGTCAGT,0,5280594
zapB_predicted,0.09090909090909091,10,10,AGGGTTGACGGTATCAGGTA,0,5273257
zapB_predicted,0.09090909090909091,10,10,AGGGCCGTCTGTCCTAAGTC,0,5265820
zapB_predicted,0.09090909090909091,10,10,AGGCCACCGGGCAGTCGAGC,0,5287894
zapB_predicted,0.09090909090909091,10,10,AGCGGAACACGGTAGCATTA,0,5278675
zapB_predicted,0.09090909090909091,10,10,AGATAGAGAACTCACGAAGG,0,5275485
zapB_predicted,0.09090909090909091,10,10,AGAGGCAGAGTGAAGGTTAG,0,5279936
zapB_predicted,0.09090909090909091,10,10,AGACCCTACCTCCGAGAGGC,0,5272841
zapB_predicted,0.09090909090909091,10,10,AGACAGCCGGAGTTGACCCC,0,5275988
zapB_predicted,0.09090909090909091,10,10,AGAACTACGTGATTCACACA,0,5277937
zapB_predicted,0.09090909090909091,10,10,ACTCAAAGTAGGACGGGCGA,0,5286479
zapB_predicted,0.09090909090909091,10,10,ACTACGCCAGACAGAGCTCC,0,5268902
zapB_predicted,0.09090909090909091,10,10,ACGTCTGTGGGAAGTTCCAC,0,5274560
zapB_predicted,0.09090909090909091,10,10,ACGCACTGAGTTACCTATTC,0,5268999
zapB_predicted,0.09090909090909091,10,10,ACCTGAAAGGCAAAGGAGTA,0,5278152
zapB_predicted,0.09090909090909091,10,10,ACACGGATGAGTCAATCTTG,0,5279461
zapB_predicted,0.09090909090909091,10,10,AAGCACGAGGCAATTGAAAT,0,5280750
zapB_predicted,0.09090909090909091,10,10,AAGCAACTTGACTGCATGGG,0,5263781
zapB_predicted,0.09090909090909091,10,10,AACTGCGTCGAACGGAAACT,0,5267249
zapB_predicted,0.09090909090909091,10,10,AACTCAAGGCTTTACACCCA,0,5271634
zapB_predicted,0.09090909090909091,10,10,AACACATCCATGAGTAGATT,0,5276197
zapB_predicted,0.1,9,9,TTTTGTGCTGTCGTTAAAGT,0,5287645
zapB_predicted,0.1,9,9,TTTTAAATCCAGGAAGGGAC,0,5274927
zapB_predicted,0.1,9,9,TTTGCTAGATTCACGTAGCA,0,5273279
zapB_predicted,0.1,9,9,TTTGCTACTATCTGTAGCCG,0,5276165
zapB_predicted,0.1,9,9,TTTATTTTTTCAACAGGGCA,0,5272919
zapB_predicted,0.1,9,9,TTGGTTACGTGTAGAATGAT,0,5269713
zapB_predicted,0.1,9,9,TTGCCGTTTCTACAGGTGTA,0,5288005
zapB_predicted,0.1,9,9,TTGCAGTACGATAAGACATG,0,5285388
zapB_predicted,0.1,9,9,TTCAGTCCGCGGTGTACAAT,0,5285549
zapB_predicted,0.1,9,9,TTCAAGGTGACCGCACGCGA,0,5277948
zapB_predicted,0.1,9,9,TGTGGTGTGTTTGAATCTGT,0,5284628
zapB_predicted,0.1,9,9,TGGGCTTGAAAACCGTTTCG,0,5265437
zapB_predicted,0.1,9,9,TGGGCACCAGTCGGTCATTC,0,5283967
zapB_predicted,0.1,9,9,TGGCCGGATTCGATTGGCCG,0,5286732
zapB_predicted,0.1,9,9,TGCAAGCGGAGCATATGCGA,0,5277012
zapB_predicted,0.1,9,9,TGAGGGTAGGCTGATAACGT,0,5283304
zapB_predicted,0.1,9,9,TCTAGTTGGTCCCCATTAAA,0,5288291
zapB_predicted,0.1,9,9,TCGAGCAACTCAACCTCGGA,0,5265623
zapB_predicted,0.1,9,9,TCCCAAGATTCTGACAAGTA,0,5272401
zapB_predicted,0.1,9,9,TCATGCTGGCGAGTAAGATT,0,5283259
zapB_predicted,0.1,9,9,TCATCCCGACCAGCTGAGGA,0,5266519
zapB_predicted,0.1,9,9,TCACGATCATGCGACCCCGA,0,5281597
zapB_predicted,0.1,9,9,TATGGGGAAGTCCCTATATT,0,5265463
zapB_predicted,0.1,9,9,TATCGAAATTAGCTTGCCCG,0,5267078
zapB_predicted,0.1,9,9,TATCCAGGCTATTCAATGAT,0,5271411
zapB_predicted,0.1,9,9,TAGCTCGCCAGGTGGAGGGT,0,5274445
zapB_predicted,0.1,9,9,TACTCAGTGTGGGGTGTGTG,0,5279691
zapB_predicted,0.1,9,9,TACTAGGAGCAACGGTAAAC,0,5267502
zapB_predicted,0.1,9,9,TACCACAAGCGCTTAGCTCG,0,5266150
zapB_predicted,0.1,9,9,TAAATGCAGTATTCAACTGT,0,5273998
zapB_predicted,0.1,9,9,TAAAGTCACGTTCAGATCAG,0,5278212
zapB_predicted,0.1,9,9,GTTTTCGGCGCATATTGGTT,0,5272282
zapB_predicted,0.1,9,9,GTTGGCATGACCGTTTTAAT,0,5269572
zapB_predicted,0.1,9,9,GTTCGTTATGTAAGGCAGCG,0,5265824
zapB_predicted,0.1,9,9,GTTCCCGGAATAAGAAATCA,0,5285285
zapB_predicted,0.1,9,9,GTCTTGCAGTTGATACGGGA,0,5265484
zapB_predicted,0.1,9,9,GTCTTCGTGGGACGTAGTTC,0,5264502
zapB_predicted,0.1,9,9,GTCTGATATGCTAGGTTTCG,0,5271343
zapB_predicted,0.1,9,9,GTCGCTCCACAGAAGTTTAC,0,5271869
zapB_predicted,0.1,9,9,GGTCTGACGCGCCGAGGCTC,0,5267614
zapB_predicted,0.1,9,9,GGTCGTCCTTGATGAGAAGT,0,5282701
zapB_predicted,0.1,9,9,GGGGTTTGTTTCTTGCATCT,0,5279634
zapB_predicted,0.1,9,9,GGGCTAGCAGGGTTGGAGAA,0,5278773
zapB_predicted,0.1,9,9,GGGATCAGGCGAGGTTAAGG,0,5288142
zapB_predicted,0.1,9,9,GGCTGGACGGGTTTAATGAT,0,5274116
zapB_predicted,0.1,9,9,GGCAATTAGCACTAAGCTGT,0,5285056
zapB_predicted,0.1,9,9,GGAGATGCGCGTGTATAAAT,0,5284412
zapB_predicted,0.1,9,9,GCTTGTTACAGAGGTATCCA,0,5272964
zapB_predicted,0.1,9,9,GCGTGATATGTTCCTCAATC,0,5264973
zapB_predicted,0.1,9,9,GCGTCGTACGCCTTCTGAAT,0,5269300
zapB_predicted,0.1,9,9,GCGGTACAACGAGTAATTGG,0,5276655
zapB_predicted,0.1,9,9,GCGCCAATACTGGTTCTTGG,0,5271903
zapB_predicted,0.1,9,9,GCGAGTTCCGGTACGCGGTT,0,5273742
zapB_predicted,0.1,9,9,GCCATTCCCCCACAGTGCTC,0,5276089
zapB_predicted,0.1,9,9,GCATATGGGAGATAATATAA,0,5270749
zapB_predicted,0.1,9,9,GCAGTCCGTAAAAGGTTATT,0,5273832
zapB_predicted,0.1,9,9,GCAGCCAATTCAGTCATTGT,0,5269379
zapB_predicted,0.1,9,9,GATTCACGCGGCTTAGGATT,0,5264789
zapB_predicted,0.1,9,9,GATATCCCTATGTCACGCAA,0,5274964
zapB_predicted,0.1,9,9,GATATATATAATACGGCTAC,0,5270336
zapB_predicted,0.1,9,9,GAGTGGTAATTTGTTGTATC,0,5279687
zapB_predicted,0.1,9,9,GAGGTTTGAGCAATCGGTTA,0,5274149
zapB_predicted,0.1,9,9,GAGCCACAGGGCAGTGGTTT,0,5275436
zapB_predicted,0.1,9,9,GAGATTATCAAACATTTGAG,0,5282979
zapB_predicted,0.1,9,9,GAATTACTATCGTGTTATCA,0,5286818
zapB_predicted,0.1,9,9,GAATTAAGACATTTGCGATG,0,5277772
zapB_predicted,0.1,9,9,GAAGTATAAGGCCGCCAACA,0,5285063
zapB_predicted,0.1,9,9,GAAAAGAATTGACTCGAAGG,0,5266960
zapB_predicted,0.1,9,9,CTTGCGGCTTTACAGAAGTC,0,5275831
zapB_predicted,0.1,9,9,CTTCCCCTTGGCGGTTGTAC,0,5275059
zapB_predicted,0.1,9,9,CTTATTGTTATGTCGATCCA,0,5278082
zapB_predicted,0.1,9,9,CTTATATCCATCGAAGTTAA,0,5281261
zapB_predicted,0.1,9,9,CTGGCCGGCCAGGCCGGACG,0,5278282
zapB_predicted,0.1,9,9,CTGACATTTAGGGGAACTCG,0,5279519
zapB_predicted,0.1,9,9,CTCTTAGATTTGCTAAGAGA,0,5275221
zapB_predicted,0.1,9,9,CTCAACCTAATACGGTCCAA,0,5278993
zapB_predicted,0.1,9,9,CTATGAGTACGTGCCGAGCA,0,5267639
zapB_predicted,0.1,9,9,CTACTGCATCGCGGAGGTAT,0,5277635
zapB_predicted,0.1,9,9,CTACACTTTGTAAGCAATTC,0,5273553
zapB_predicted,0.1,9,9,CTAACTGCACTATTACTGAA,0,5263622
zapB_predicted,0.1,9,9,CGTCGGCATCGTGTTTGTCT,0,5282814
zapB_predicted,0.1,9,9,CGTAGGATACATCAGAACCA,0,5269547
zapB_predicted,0.1,9,9,CGTAACCGCTGGGAATTTAT,0,5268958
zapB_predicted,0.1,9,9,CGGGTAGGGGAGAAGATCTT,0,5285259
zapB_predicted,0.1,9,9,CGGGCTCCTCTAGATGTCTG,0,5284990
zapB_predicted,0.1,9,9,CGGCCTCCGAACCCCGGGTT,0,5273348
zapB_predicted,0.1,9,9,CGGAACTCTCAGGTACAAGT,0,5275786
zapB_predicted,0.1,9,9,CGATCACCCAGGCAATCAGC,0,5287905
zapB_predicted,0.1,9,9,CGACCTAATCAGCATTAGCA,0,5276095
zapB_predicted,0.1,9,9,CGAATAGCCCAAGCCTCAAT,0,5284590
zapB_predicted,0.1,9,9,CGAAATATCGCCGATTGAAA,0,5264644
zapB_predicted,0.1,9,9,CCTGTTGATGGGTTCGAAAA,0,5286098
zapB_predicted,0.1,9,9,CCGGTTCCGTTGTGTGTGGT,0,5268926
zapB_predicted,0.1,9,9,CCGGATCTCCGATTACTTGC,0,5275181
zapB_predicted,0.1,9,9,CCGGATAGACACTATTTTGT,0,5287697
zapB_predicted,0.1,9,9,CCGACGGTTATTTGCAAACT,0,5278008
zapB_predicted,0.1,9,9,CCGACACGGTTGTATTACCC,0,5269123
zapB_predicted,0.1,9,9,CCCTCCCTCGCCGGTACGCG,0,5284780
zapB_predicted,0.1,9,9,CCCGATAACAGCGATGGTTG,0,5271933
zapB_predicted,0.1,9,9,CCATCTGAGGGAAAAAACTT,0,5288180
zapB_predicted,0.1,9,9,CCACGTGTATGCGGGAGTGT,0,5286864
zapB_predicted,0.1,9,9,CCACACCATTCATACGCTGG,0,5287468
zapB_predicted,0.1,9,9,CATTTAGACATAACCAATAA,0,5269131
zapB_predicted,0.1,9,9,CATGGTACGTGTTACAAGCT,0,5266488
zapB_predicted,0.1,9,9,CATGGATGAAGTGGACGAAC,0,5271364
zapB_predicted,0.1,9,9,CATGCCAAACTCGCACGGGG,0,5279743
zapB_predicted,0.1,9,9,CATCGCGGCACCTTTGGGGC,0,5271910
zapB_predicted,0.1,9,9,CAGTGTAACCTATCACTGCG,0,5280099
zapB_predicted,0.1,9,9,CAGTCGTCGCCTTAGGTAAC,0,5282447
zapB_predicted,0.1,9,9,CAGGTAAAAGCACGCCATCT,0,5273147
zapB_predicted,0.1,9,9,CAGGCGCTGGGGTAGATCGG,0,5270222
zapB_predicted,0.1,9,9,CACTTTTAAGCCTTTTGTCA,0,5274873
zapB_predicted,0.1,9,9,CACCGGCGTTGAGGGTAGTC,0,5270890
zapB_predicted,0.1,9,9,CACAGTCAATGAATGGCGGA,0,5266301
zapB_predicted,0.1,9,9,CACACGAAGTGTACGGTCCT,0,5277932
zapB_predicted,0.1,9,9,CAACCTTTTGTAGACGGCAA,0,5265201
zapB_predicted,0.1,9,9,CAACAGACATGCTCCCTAGT,0,5272868
zapB_predicted,0.1,9,9,ATTGACTCGCGGAGTTGAAC,0,5271260
zapB_predicted,0.1,9,9,ATTCGGTTATCCTGGATTGA,0,5287545
zapB_predicted,0.1,9,9,ATTCCAGAATAGCCTCGAAA,0,5266961
zapB_predicted,0.1,9,9,ATGTTCCTGGGCCATACGAA,0,5280337
zapB_predicted,0.1,9,9,ATGTCGAATCGCGTAACTCG,0,5263352
zapB_predicted,0.1,9,9,ATGTCCAATGATCAAGGGAG,0,5281227
zapB_predicted,0.1,9,9,ATGTATAGCACCATGATTCA,0,5266449
zapB_predicted,0.1,9,9,ATGTATACTGCTTATTGTAC,0,5270865
zapB_predicted,0.1,9,9,ATGCGCGAACTAGATGATGC,0,5273303
zapB_predicted,0.1,9,9,ATGCCCGGAGGCGACATAGG,0,5277929
zapB_predicted,0.1,9,9,ATCGGCCATGGGGCCATCCA,0,5287264
zapB_predicted,0.1,9,9,ATCATATTATAGTGAGAGGT,0,5284600
zapB_predicted,0.1,9,9,ATCAATTTGCCCCGTGTAGT,0,5268029
zapB_predicted,0.1,9,9,ATATTGCTTTTGGTCGGGCA,0,5272763
zapB_predicted,0.1,9,9,ATATTAATTATGCTATACGC,0,5265805
zapB_predicted,0.1,9,9,ATAGCGCAGGCAAACAGAGA,0,5268779
zapB_predicted,0.1,9,9,AGTATTAATCTGGTTTCGCA,0,5276552
zapB_predicted,0.1,9,9,AGGTTATATTGGAGTCTGGT,0,5281950
zapB_predicted,0.1,9,9,AGGTGTGCTTGTCAACCCTC,0,5267518
zapB_predicted,0.1,9,9,AGGGTAAGTATGTTTGGAGT,0,5269752
zapB_predicted,0.1,9,9,AGGAGGTCTGACACAGAACA,0,5277022
zapB_predicted,0.1,9,9,AGAGGTTTAACCTTTCACTC,0,5263885
zapB_predicted,0.1,9,9,ACTGCTGTTCGGAGCGGTCG,0,5279261
zapB_predicted,0.1,9,9,ACGTATCCTGGCATGGCCCA,0,5268061
zapB_predicted,0.1,9,9,ACCCTGTCGGCCCTTTGGGA,0,5267129
zapB_predicted,0.1,9,9,ACCAGTATTTCGTGCATGCT,0,5287473
zapB_predicted,0.1,9,9,ACAGGGTTACGTCTGGACTC,0,5285139
zapB_predicted,0.1,9,9,ACAATAGGTACGCAAACCGG,0,5283761
zapB_predicted,0.1,9,9,AATTCGTTTTGCGTTGAGTG,0,5271209
zapB_predicted,0.1,9,9,AATGAGTCAACTGGGTACCC,0,5279448
zapB_predicted,0.1,9,9,AAGAATGAGGAGCTTCACAC,0,5281365
zapB_predicted,0.1,9,9,AACGATGAAACTCAGGGCTG,0,5282667
zapB_predicted,0.1,9,9,AAATGGCCCGACGACCTCTC,0,5286379
zapB_predicted,0.1,9,9,AAATCGTGCCGGTATGAGGA,0,5285095
zapB_predicted,0.1,9,9,AAACGAGGTTCGTCCACTAA,0,5288021
zapB_predicted,0.1,9,9,AAACAGTTTACGCGTAGCCC,0,5271105
zapB_predicted,0.1,9,9,AAAAGTAAAAGTGTAAAATA,0,5266844
zapB_predicted,0.1,9,9,AAAACCGTGCTGCAGTGGGA,0,5267698
zapB_predicted,0.1111111111111111,8,8,TTTTGTATAGATAGGCACCT,0,5280690
zapB_predicted,0.1111111111111111,8,8,TTTTCAGGTAGTCGGCCACG,0,5280124
zapB_predicted,0.1111111111111111,8,8,TTGGGTGTCGAGTTGCGTAA,0,5268700
zapB_predicted,0.1111111111111111,8,8,TTGGGGCTATGAACAAGCGA,0,5263064
zapB_predicted,0.1111111111111111,8,8,TTGATTCCATACCCCTCCAA,0,5287701
zapB_predicted,0.1111111111111111,8,8,TTGAGTAGGCGCATTGGTGC,0,5266972
zapB_predicted,0.1111111111111111,8,8,TTGAGACGTGGAGGCTTCGT,0,5277705
zapB_predicted,0.1111111111111111,8,8,TTCTGCCTTACAAACGCTTA,0,5269546
zapB_predicted,0.1111111111111111,8,8,TTCCCAAGCCTCCAGGATTA,0,5282360
zapB_predicted,0.1111111111111111,8,8,TTCCACGATTCCCGCGGGCT,0,5273291
zapB_predicted,0.1111111111111111,8,8,TTCACGTAGCGAATACCGAA,0,5274100
zapB_predicted,0.1111111111111111,8,8,TTAGCCTTCGGGCGACCAAA,0,5274717
zapB_predicted,0.1111111111111111,8,8,TTACGCCTAGAAGCTTTAGG,0,5267703
zapB_predicted,0.1111111111111111,8,8,TTACAACACTTTTCCAAGTA,0,5282624
zapB_predicted,0.1111111111111111,8,8,TTAACATGGTCTATAGGCAG,0,5276042
zapB_predicted,0.1111111111111111,8,8,TTAAACTAATTGAGGGACAA,0,5276772
zapB_predicted,0.1111111111111111,8,8,TGTCAGGGCACAACATTACG,0,5287865
zapB_predicted,0.1111111111111111,8,8,TGGGGTTATTTTACCATGCT,0,5279713
zapB_predicted,0.1111111111111111,8,8,TGGAGGTTTCACTTCCATGG,0,5269970
zapB_predicted,0.1111111111111111,8,8,TGCGATACAAATATGACAGC,0,5276239
zapB_predicted,0.1111111111111111,8,8,TGAGTGCAGGTTTTGGCTGT,0,5274779
zapB_predicted,0.1111111111111111,8,8,TGAGGTCAGATTACAGCCCA,0,5269542
zapB_predicted,0.1111111111111111,8,8,TGAGACGATGGGTGGAACCG,0,5280881
zapB_predicted,0.1111111111111111,8,8,TGACGGAATCATTAAGATTG,0,5276634
zapB_predicted,0.1111111111111111,8,8,TGAATAGGTAGCAGAAATGC,0,5275074
zapB_predicted,0.1111111111111111,8,8,TGAAGCGGGTCTACTAAGGG,0,5267709
zapB_predicted,0.1111111111111111,8,8,TCTTTACGAATGATAACTCA,0,5281357
zapB_predicted,0.1111111111111111,8,8,TCTGTTACGCTGCAGTAGGG,0,5269395
zapB_predicted,0.1111111111111111,8,8,TCGCCGATGGAGATGCTCAG,0,5278151
zapB_predicted,0.1111111111111111,8,8,TCGCACCGGCAAGAATCATA,0,5270188
zapB_predicted,0.1111111111111111,8,8,TCCCAGACAGTGTTGGCAAC,0,5285266
zapB_predicted,0.1111111111111111,8,8,TCCATCACCATCGGACTCGT,0,5263316
zapB_predicted,0.1111111111111111,8,8,TCATCGTATACGCGGGACTA,0,5269637
zapB_predicted,0.1111111111111111,8,8,TCACTACTCTACATAAGTAA,0,5274380
zapB_predicted,0.1111111111111111,8,8,TCAATTACATAAAAAAAAAA,0,5268662
zapB_predicted,0.1111111111111111,8,8,TCAAACAACAACGGGGAGTA,0,5277447
zapB_predicted,0.1111111111111111,8,8,TATTCCAGGATATCACCCTA,0,5270884
zapB_predicted,0.1111111111111111,8,8,TATGAGTAGCATGACTTGGA,0,5272268
zapB_predicted,0.1111111111111111,8,8,TATCTGCCTCGCGTTGAGGT,0,5275806
zapB_predicted,0.1111111111111111,8,8,TATCATAAAGAGGGCAAGGC,0,5281092
zapB_predicted,0.1111111111111111,8,8,TATAGCCACTGCTAATGTCG,0,5265870
zapB_predicted,0.1111111111111111,8,8,TATAATCGGCTTACGCTATT,0,5285676
zapB_predicted,0.1111111111111111,8,8,TAGGCGGACGGGGACGGACA,0,5272622
zapB_predicted,0.1111111111111111,8,8,TAGGAGGCTTCACGCCGACG,0,5286097
zapB_predicted,0.1111111111111111,8,8,TAGATGCTTGTCAATGCCGC,0,5268433
zapB_predicted,0.1111111111111111,8,8,TAGATCTGGAGCACGGTTCG,0,5287510
zapB_predicted,0.1111111111111111,8,8,TACATTTGAGATCTACGGTC,0,5270375
zapB_predicted,0.1111111111111111,8,8,TAATTTGGAGAAGCCGTCAC,0,5287982
zapB_predicted,0.1111111111111111,8,8,TAATGCTCATTATTGTTAGT,0,5268005
zapB_predicted,0.1111111111111111,8,8,TAATAATCTATGGCGACAGA,0,5267568
zapB_predicted,0.1111111111111111,8,8,GTTGTTCACAGAGCCGCTCG,0,5281066
zapB_predicted,0.1111111111111111,8,8,GTGGGTGAGGGATTACCGAT,0,5285060
zapB_predicted,0.1111111111111111,8,8,GTGCACGAAGGCCGGGGGCG,0,5281090
zapB_predicted,0.1111111111111111,8,8,GTGAGCTTAGGCAAAAGCAA,0,5266523
zapB_predicted,0.1111111111111111,8,8,GTCTCGAACCTCGTGAATAT,0,5263699
zapB_predicted,0.1111111111111111,8,8,GTCCTGCTGTCTGTTCTTCC,0,5264703
zapB_predicted,0.1111111111111111,8,8,GTCCGTTCCATACAAGATCT,0,5268680
zapB_predicted,0.1111111111111111,8,8,GTCCGAAAGTGTTGTTGGTA,0,5282719
zapB_predicted,0.1111111111111111,8,8,GTCAGCCCATCCCACAAGCG,0,5286194
zapB_predicted,0.1111111111111111,8,8,GTATACACGGATAATACTTC,0,5287682
zapB_predicted,0.1111111111111111,8,8,GTACTCATCGACACGCAACG,0,5284042
zapB_predicted,0.1111111111111111,8,8,GGTCTCTTGCTTGGATTTGA,0,5284166
zapB_predicted,0.1111111111111111,8,8,GGTCCCAAGCAGGGTCATGG,0,5271303
zapB_predicted,0.1111111111111111,8,8,GGGTGGAGATCTTATCCTGT,0,5273767
zapB_predicted,0.1111111111111111,8,8,GGGGTCAGAGCTTAGGGAAA,0,5279949
zapB_predicted,0.1111111111111111,8,8,GGGCAGAGCTCCCGCTGGCC,0,5285623
zapB_predicted,0.1111111111111111,8,8,GGCGGTAACCATGCTGTCGT,0,5269028
zapB_predicted,0.1111111111111111,8,8,GGCGGATTCTGGCTATCTTG,0,5282446
zapB_predicted,0.1111111111111111,8,8,GGCGGACGCCTATTAGGATA,0,5268675
zapB_predicted,0.1111111111111111,8,8,GGCGCCCACATCGAGAGTAT,0,5282208
zapB_predicted,0.1111111111111111,8,8,GGATCATACCTGGCGTTTGA,0,5286182
zapB_predicted,0.1111111111111111,8,8,GGATCAAAGTCGTGGGACCA,0,5270422
zapB_predicted,0.1111111111111111,8,8,GGAGGACCCTCCCGGGCGGC,0,5283102
zapB_predicted,0.1111111111111111,8,8,GGACTAGACAGTCTTTAATG,0,5285027
zapB_predicted,0.1111111111111111,8,8,GGAAACTCCTGACCGTTTTT,0,5267462
zapB_predicted,0.1111111111111111,8,8,GCTTGCACTTTGAGATCCAT,0,5265349
zapB_predicted,0.1111111111111111,8,8,GCTGGTACAACAGCGTCCGT,0,5265868
zapB_predicted,0.1111111111111111,8,8,GCGTGACGGCGACTGTTGGG,0,5279836
zapB_predicted,0.1111111111111111,8,8,GCGGTTCCGCGAGACCGCCT,0,5275061
zapB_predicted,0.1111111111111111,8,8,GCGGTAGGCATTACCAAAGA,0,5270909
zapB_predicted,0.1111111111111111,8,8,GCGGGGGGTCGGGTAGAAAC,0,5276030
zapB_predicted,0.1111111111111111,8,8,GCCGAGTACTCTCTCGGACC,0,5278175
zapB_predicted,0.1111111111111111,8,8,GCCCAATATGCGTTTTCGAC,0,5276448
zapB_predicted,0.1111111111111111,8,8,GCATTTGGGCACGCTATATC,0,5286827
zapB_predicted,0.1111111111111111,8,8,GCACGATTAATTGACAAAGG,0,5276561
zapB_predicted,0.1111111111111111,8,8,GCAAGTCATGTCTGGGTGGT,0,5270649
zapB_predicted,0.1111111111111111,8,8,GATCCATTCTTCATCGTTAC,0,5282865
zapB_predicted,0.1111111111111111,8,8,GATAAGCCGGAGAGATCTCC,0,5275414
zapB_predicted,0.1111111111111111,8,8,GAGATGAACTGTGTCTTGAT,0,5276071
zapB_predicted,0.1111111111111111,8,8,GAGACACCTTTAAACGCGAC,0,5263915
zapB_predicted,0.1111111111111111,8,8,GACGCATAAGCTCTCGGCCA,0,5287552
zapB_predicted,0.1111111111111111,8,8,GACCGGCGAATCCGGCCAGG,0,5271928
zapB_predicted,0.1111111111111111,8,8,GACCCAGGTCTCATTTCCAA,0,5280480
zapB_predicted,0.1111111111111111,8,8,GACAGAAGATATCCGTTATT,0,5283489
zapB_predicted,0.1111111111111111,8,8,GAAACGCCTCGAGGCGCTTT,0,5287008
zapB_predicted,0.1111111111111111,8,8,CTTTTCGTCAGAATGCACTG,0,5264450
zapB_predicted,0.1111111111111111,8,8,CTTCTACGCTTCAAAGGAGC,0,5263894
zapB_predicted,0.1111111111111111,8,8,CTTAGTAAAAACCCCGCGAT,0,5273774
zapB_predicted,0.1111111111111111,8,8,CTGGTCCGGTAATCTCGGTG,0,5282706
zapB_predicted,0.1111111111111111,8,8,CTGCACATTTTTTCTACATA,0,5265580
zapB_predicted,0.1111111111111111,8,8,CTCGAGAGCCGCACAGGAGC,0,5272634
zapB_predicted,0.1111111111111111,8,8,CTCCTAGCTAATTGGGCTCG,0,5267943
zapB_predicted,0.1111111111111111,8,8,CTATTCTCGGATAGGTAAGC,0,5263696
zapB_predicted,0.1111111111111111,8,8,CTATGACCGACAATCCTGGA,0,5263082
zapB_predicted,0.1111111111111111,8,8,CTAAGGCTCGAAGCTTACAG,0,5282879
zapB_predicted,0.1111111111111111,8,8,CGTGATCCGTCTAGTCTTCC,0,5280740
zapB_predicted,0.1111111111111111,8,8,CGTCGCTGGGGTGTATCACT,0,5285745
zapB_predicted,0.1111111111111111,8,8,CGGTATAAGTCACCCGGATG,0,5276718
zapB_predicted,0.1111111111111111,8,8,CGGCAATCAATACGAGAAAA,0,5283712
zapB_predicted,0.1111111111111111,8,8,CCTTGAGCTCCGGTGTGTCC,0,5272063
zapB_predicted,0.1111111111111111,8,8,CCTCTAAGATTGAAACTAGG,0,5277899
zapB_predicted,0.1111111111111111,8,8,CCTCCACTCGAGTGAGGGTT,0,5271273
zapB_predicted,0.1111111111111111,8,8,CCGTCTATTCCCTTATGGCA,0,5277690
zapB_predicted,0.1111111111111111,8,8,CCGGGTAAGCCGTTTGTCCG,0,5280168
zapB_predicted,0.1111111111111111,8,8,CCGAATCACATAGGTGTTGT,0,5275496
zapB_predicted,0.1111111111111111,8,8,CCGAAAATTTTGAGAGCCTC,0,5273827
zapB_predicted,0.1111111111111111,8,8,CCATTGAGTTCGGTCGATGA,0,5276007
zapB_predicted,0.1111111111111111,8,8,CATCGCTTGAGATCTTAAAG,0,5284242
zapB_predicted,0.1111111111111111,8,8,CATCCTAGCGTGCCGTCACA,0,5284146
zapB_predicted,0.1111111111111111,8,8,CATAGGAATCGCGGATAGGA,0,5287415
zapB_predicted,0.1111111111111111,8,8,CAGGTTGAACCCTGTGTGAA,0,5279745
zapB_predicted,0.1111111111111111,8,8,CAGGAAAAGCCCATTTCGAT,0,5284599
zapB_predicted,0.1111111111111111,8,8,CAGCACTCGACCACGGCAAG,0,5280179
zapB_predicted,0.1111111111111111,8,8,CAGCAATCGCCACATGTTTC,0,5274270
zapB_predicted,0.1111111111111111,8,8,CACTGGCTGGAAGGAGATTA,0,5270101
zapB_predicted,0.1111111111111111,8,8,CACCGTTCCAGTACACAAAT,0,5271160
zapB_predicted,0.1111111111111111,8,8,CACCGTGCGCAAAACAGTGG,0,5274680
zapB_predicted,0.1111111111111111,8,8,CACAGCTGGGGGCTTTTTAC,0,5284441
zapB_predicted,0.1111111111111111,8,8,CAAGCAGTAGGCACGACGCA,0,5265714
zapB_predicted,0.1111111111111111,8,8,CAACAATTGACAGAGGAACT,0,5281333
zapB_predicted,0.1111111111111111,8,8,ATTTCCCGTTTGTCCAGGGC,0,5274652
zapB_predicted,0.1111111111111111,8,8,ATTGCAGGAACGCCGAATGT,0,5263627
zapB_predicted,0.1111111111111111,8,8,ATTCGGAGTATCCTAAGCAT,0,5282492
zapB_predicted,0.1111111111111111,8,8,ATTACTTTGGGGGATAGTGA,0,5286096
zapB_predicted,0.1111111111111111,8,8,ATGTTTGGCTGCGACTAGCA,0,5278035
zapB_predicted,0.1111111111111111,8,8,ATGTGGTAAACAGGCCCTTT,0,5267021
zapB_predicted,0.1111111111111111,8,8,ATGTGGCCAAGAAAATAAAC,0,5280082
zapB_predicted,0.1111111111111111,8,8,ATGGTGTGTAACCGAATAAG,0,5263362
zapB_predicted,0.1111111111111111,8,8,ATGGTGGAAATAAGGGATTT,0,5284044
zapB_predicted,0.1111111111111111,8,8,ATGGCAATCATGCCGACCCG,0,5285915
zapB_predicted,0.1111111111111111,8,8,ATGCACTTTCAGCCGCTCAG,0,5277033
zapB_predicted,0.1111111111111111,8,8,ATGAGGTTGAGCAATGGGGA,0,5278421
zapB_predicted,0.1111111111111111,8,8,ATCTCCCCATCAACCACTAC,0,5276205
zapB_predicted,0.1111111111111111,8,8,ATCGTGATAGCTGCTCGGTC,0,5286463
zapB_predicted,0.1111111111111111,8,8,ATCCTGATGAATTGTCAGCA,0,5280974
zapB_predicted,0.1111111111111111,8,8,ATCAGCGGCGAGGCCAGGGT,0,5282304
zapB_predicted,0.1111111111111111,8,8,ATCAAGCTAAGTATGCACGA,0,5273826
zapB_predicted,0.1111111111111111,8,8,ATATGTATCTAATCGCTAGA,0,5287694
zapB_predicted,0.1111111111111111,8,8,ATACAATTAGAAGTCCAAGT,0,5282438
zapB_predicted,0.1111111111111111,8,8,AGTGGCAGACCTCAAACTTA,0,5271446
zapB_predicted,0.1111111111111111,8,8,AGTCTTTAACGGCAATCCAA,0,5278561
zapB_predicted,0.1111111111111111,8,8,AGTAAGACCTCCGGCGACAT,0,5279923
zapB_predicted,0.1111111111111111,8,8,AGGGTGCGTCTCCAAACTAA,0,5274668
zapB_predicted,0.1111111111111111,8,8,AGGGGACGGTTGACTTCGGC,0,5264243
zapB_predicted,0.1111111111111111,8,8,AGGAGTCCGATCTACCCGCC,0,5275305
zapB_predicted,0.1111111111111111,8,8,AGGAAAAATGAGCGCACCGA,0,5287027
zapB_predicted,0.1111111111111111,8,8,AGCGGCACGCGATTTCAAGG,0,5276058
zapB_predicted,0.1111111111111111,8,8,AGATCGGAAAGGGTACGTGC,0,5271247
zapB_predicted,0.1111111111111111,8,8,AGAGAGTTACGATTATTCAT,0,5269719
zapB_predicted,0.1111111111111111,8,8,AGACTCGGCCGTGTCCTCCG,0,5269991
zapB_predicted,0.1111111111111111,8,8,AGACACTCCGTTGGTGAGGC,0,5276581
zapB_predicted,0.1111111111111111,8,8,AGAATCTTGATCTGGGTAAT,0,5281586
zapB_predicted,0.1111111111111111,8,8,ACTCGTCCGATCCATGGGAC,0,5267491
zapB_predicted,0.1111111111111111,8,8,ACGTACAAGCATTCCTCTAT,0,5285476
zapB_predicted,0.1111111111111111,8,8,ACGGCCGTTCCGAGAATCGT,0,5287826
zapB_predicted,0.1111111111111111,8,8,ACGCCTCCGGGATACCTTGA,0,5276956
zapB_predicted,0.1111111111111111,8,8,ACGAGCACATGCCCAACCCT,0,5282308
zapB_predicted,0.1111111111111111,8,8,ACCCTCACGCCATATGCGAA,0,5264817
zapB_predicted,0.1111111111111111,8,8,ACCACCTGACCGGACGACCC,0,5263750
zapB_predicted,0.1111111111111111,8,8,AATTTAACATCAGCGCGTGA,0,5286116
zapB_predicted,0.1111111111111111,8,8,AATGTGTTAAATGGCCCTAA,0,5264190
zapB_predicted,0.1111111111111111,8,8,AATCTTTACGCAGCGCTAGG,0,5282366
zapB_predicted,0.1111111111111111,8,8,AATATGGATCTCCCATTTCC,0,5276118
zapB_predicted,0.1111111111111111,8,8,AATATCTTGTCACCCGACGG,0,5275030
zapB_predicted,0.1111111111111111,8,8,AATAGGAGTTCGATTCGAAT,0,5277913
zapB_predicted,0.1111111111111111,8,8,AATAAACCGGTGAAGTAGAC,0,5272332
zapB_predicted,0.1111111111111111,8,8,AAGTTTAATAAGTACGTTCG,0,5282949
zapB_predicted,0.1111111111111111,8,8,AAGCTCATAACGCTTTCAAG,0,5269324
zapB_predicted,0.1111111111111111,8,8,AAGCGGTAGTGGTGGGTAGC,0,5283700
zapB_predicted,0.1111111111111111,8,8,AAGCATGGAAGATTACACAT,0,5283685
zapB_predicted,0.1111111111111111,8,8,AAGCAAAGCATCCATATACA,0,5285464
zapB_predicted,0.1111111111111111,8,8,AAGATAGTGGTTTGTAGAGG,0,5278166
zapB_predicted,0.1111111111111111,8,8,AACGTTTACGAAGGCTAACT,0,5272439
zapB_predicted,0.1111111111111111,8,8,AACCTGCCGACCTGCCCCTT,0,5271782
zapB_predicted,0.1111111111111111,8,8,AACCGAGGTAATTTTCTGCC,0,5270895
zapB_predicted,0.1111111111111111,8,8,AACAGAGGCCGAGTCAGAGT,0,5268236
zapB_predicted,0.1111111111111111,8,8,AAATGGTATAGTGGCCAAAA,0,5263747
zapB_predicted,0.1111111111111111,8,8,AAATATGGAGCTGGTTAGAG,0,5271366
zapB_predicted,0.1111111111111111,8,8,AAACAACAGAAGCCGGAGGA,0,5272827
zapB_predicted,0.125,7,7,TTTTGAGAGTGTCTCTTCCA,0,5267560
zapB_predicted,0.125,7,7,TTTTATTTTTTAGACTATCA,0,5288072
zapB_predicted,0.125,7,7,TTTTAAACCCTGAACGGATT,0,5264070
zapB_predicted,0.125,7,7,TTTGGGGCAGCATCGTGTAG,0,5282869
zapB_predicted,0.125,7,7,TTTCCGTACTATGCCACTTA,0,5275121
zapB_predicted,0.125,7,7,TTTACGGTCGGAATACGCGT,0,5268213
zapB_predicted,0.125,7,7,TTGTCGGTGAACGTATGTCC,0,5278683
zapB_predicted,0.125,7,7,TTGGGCAGGATAGATATTTT,0,5272668
zapB_predicted,0.125,7,7,TTCGATTTGCTGATTCGTAC,0,5285621
zapB_predicted,0.125,7,7,TTCCTTAGGGGGTTTAAATG,0,5283251
zapB_predicted,0.125,7,7,TTCAGGGAGGCGACAATGTT,0,5274332
zapB_predicted,0.125,7,7,TTATGCAAGGCTCACTTTAT,0,5268707
zapB_predicted,0.125,7,7,TGTGGGGAGCTCCTGTGGTT,0,5285962
zapB_predicted,0.125,7,7,TGTCCAGGGGGGATTGACAG,0,5284694
zapB_predicted,0.125,7,7,TGGCCGGCAGGTTCAGCTGG,0,5270279
zapB_predicted,0.125,7,7,TGGCCAACCATTTCGCCACA,0,5263008
zapB_predicted,0.125,7,7,TGGAGCGTATTAAGAGCCGA,0,5284298
zapB_predicted,0.125,7,7,TGGACGATAGGTCAGACACT,0,5266159
zapB_predicted,0.125,7,7,TGCGACTGCCACTTTCTTGG,0,5264140
zapB_predicted,0.125,7,7,TGCCCACGGACTTCATTTGA,0,5280988
zapB_predicted,0.125,7,7,TGATGATGAACCGGCGGTTA,0,5266436
zapB_predicted,0.125,7,7,TGAGCCTCAACGGACTCGCC,0,5267591
zapB_predicted,0.125,7,7,TGAGCCCTGTAAGGGCGGCG,0,5283252
zapB_predicted,0.125,7,7,TGACCAAACATAGACCATTT,0,5284541
zapB_predicted,0.125,7,7,TGAAGGGAAGTAACTTGAGC,0,5284420
zapB_predicted,0.125,7,7,TGAAAGTTCTGTGATGTACA,0,5266782
zapB_predicted,0.125,7,7,TCTTCGGTTTTTGGCATGAT,0,5282623
zapB_predicted,0.125,7,7,TCTTAACTTCGGGGCGAGCT,0,5267755
zapB_predicted,0.125,7,7,TCTGGTGGGGTTATGGTGGT,0,5278086
zapB_predicted,0.125,7,7,TCTGGAGCGGGTCTTTTTGA,0,5267270
zapB_predicted,0.125,7,7,TCTCAAAATTGGTACCAAGA,0,5270692
zapB_predicted,0.125,7,7,TCTACAGGAACCAAACCATC,0,5271759
zapB_predicted,0.125,7,7,TCGCCGTAGTAAACTTAGGG,0,5281886
zapB_predicted,0.125,7,7,TCCTGAAAGGCGCTTGGTAT,0,5279648
zapB_predicted,0.125,7,7,TCCTCAGATCCTGACAGGTT,0,5273844
zapB_predicted,0.125,7,7,TCCCCGGTCCGGATGCACTG,0,5270187
zapB_predicted,0.125,7,7,TCATTTCTTTATCCACTTCA,0,5288399
zapB_predicted,0.125,7,7,TCATTTAGCCCTTGTTCCAG,0,5286869
zapB_predicted,0.125,7,7,TCATGTGTCCTGTCATTCAA,0,5264221
zapB_predicted,0.125,7,7,TCATCGTTAAGTACTCAGCA,0,5272501
zapB_predicted,0.125,7,7,TCATCCTGTTCAGTGTCTTC,0,5279728
zapB_predicted,0.125,7,7,TCAGTCACTGGCAATCAATC,0,5279110
zapB_predicted,0.125,7,7,TCAGAGTGTCCGGCAATTTT,0,5280562
zapB_predicted,0.125,7,7,TCACTAAGCTGCTATAGGTC,0,5264073
zapB_predicted,0.125,7,7,TCACGTACACGGAAATGGGT,0,5273409
zapB_predicted,0.125,7,7,TATTACGTTGCGGTATTGAT,0,5286626
zapB_predicted,0.125,7,7,TATGGAGGTCCCGGCTAGAC,0,5284644
zapB_predicted,0.125,7,7,TATCGCTGTCCTGATAGGTA,0,5273721
zapB_predicted,0.125,7,7,TAGGGTCTACGAGCGGTCCA,0,5268278
zapB_predicted,0.125,7,7,TAGGGACTACCTTGTACTTG,0,5268031
zapB_predicted,0.125,7,7,TAGCCTGGTATTGTTGGGAA,0,5284725
zapB_predicted,0.125,7,7,TAGCCCAAGGGTCGTGGTAT,0,5271961
zapB_predicted,0.125,7,7,TACTAGGCGTTCTGCAAAGT,0,5285465
zapB_predicted,0.125,7,7,TACACAAAGGGGGTGAATTA,0,5275515
zapB_predicted,0.125,7,7,TAACGGGGGGTGGTAAAGCT,0,5279499
zapB_predicted,0.125,7,7,GTTTCTAACCTTCTGCAATT,0,5282303
zapB_predicted,0.125,7,7,GTTTAGTCACCTGAGTTTGT,0,5282932
zapB_predicted,0.125,7,7,GTGCTATGGTATTGAAGCGC,0,5269978
zapB_predicted,0.125,7,7,GTGAGAGAAAGTCTGTCGAG,0,5279030
zapB_predicted,0.125,7,7,GTCTAGTGGCAATGTGGAAT,0,5266975
zapB_predicted,0.125,7,7,GTCGTAGACACATCATCTAC,0,5279978
zapB_predicted,0.125,7,7,GTCGCTTACCCATAACAGCA,0,5264079
zapB_predicted,0.125,7,7,GTCGAGCCACTCTCGAAATC,0,5281209
zapB_predicted,0.125,7,7,GTCCAAAATCTTAAACAGTG,0,5283853
zapB_predicted,0.125,7,7,GTATAAGAAAGGTCCCTTCA,0,5267834
zapB_predicted,0.125,7,7,GTAGTGAGAAAGCCCCCAGT,0,5279571
zapB_predicted,0.125,7,7,GTAGTAACTTCACCCATGTG,0,5285054
zapB_predicted,0.125,7,7,GTAGCGCTCTTATGTTCTAT,0,5267767
zapB_predicted,0.125,7,7,GTACCGCAGATCACAACTAT,0,5273484
zapB_predicted,0.125,7,7,GGTTAGTGTACCACCACCGT,0,5275014
zapB_predicted,0.125,7,7,GGTGGAGATGGGTAGTCGAT,0,5273715
zapB_predicted,0.125,7,7,GGTGCATCGCAAGAATGTTG,0,5269208
zapB_predicted,0.125,7,7,GGTGCAATACCGGATATGGC,0,5271644
zapB_predicted,0.125,7,7,GGTGACACGAGAGGAAGCAT,0,5283267
zapB_predicted,0.125,7,7,GGGTGGTATAATGCCGGAAA,0,5275184
zapB_predicted,0.125,7,7,GGGTGGCATTCACACACAAT,0,5279451
zapB_predicted,0.125,7,7,GGGGCCGATCTTAGTGATAA,0,5284460
zapB_predicted,0.125,7,7,GGGACTGAGGCTGAGTGGTC,0,5263897
zapB_predicted,0.125,7,7,GGCTACGAAGAACGAATAGT,0,5287681
zapB_predicted,0.125,7,7,GGCGTTCCCTCTCAGATGAG,0,5275219
zapB_predicted,0.125,7,7,GGATTCCGTGCAAAAGTTCA,0,5264449
zapB_predicted,0.125,7,7,GGAGTAGGTAGCGTTCTACA,0,5288094
zapB_predicted,0.125,7,7,GGAACCTGGGAAAGGTTATA,0,5285081
zapB_predicted,0.125,7,7,GCTTTGGCCGTGTCGGGCCG,0,5271032
zapB_predicted,0.125,7,7,GCTTCTTAGAGTTACGGCGG,0,5274236
zapB_predicted,0.125,7,7,GCTTCGTGGCTAAAACACAG,0,5285040
zapB_predicted,0.125,7,7,GCTGTTTGGACGGAGTTTAT,0,5286687
zapB_predicted,0.125,7,7,GCTGTCAGCATACTTTTTAT,0,5278026
zapB_predicted,0.125,7,7,GCTGACGAGGTCGTAACGCG,0,5276575
zapB_predicted,0.125,7,7,GCTCCGGACGCCCCTCAGGG,0,5267135
zapB_predicted,0.125,7,7,GCTCATTGCCGGCCGTCCAT,0,5264725
zapB_predicted,0.125,7,7,GCGCCCGCTGAGCAGTTCGT,0,5281280
zapB_predicted,0.125,7,7,GCCTGAGTAAGTAGTCCCGT,0,5268834
zapB_predicted,0.125,7,7,GCCTAAATTCGAAGCTAGCG,0,5269163
zapB_predicted,0.125,7,7,GCCGTGAGCAGGGCGCGTAC,0,5287825
zapB_predicted,0.125,7,7,GCCCATAACAACGTGTCGCA,0,5276804
zapB_predicted,0.125,7,7,GCATAATCGAGCTCGGCGAC,0,5269599
zapB_predicted,0.125,7,7,GCAGCGCCTGATCGGGTTAA,0,5280647
zapB_predicted,0.125,7,7,GCACAGCTTAATCGCACTGT,0,5263361
zapB_predicted,0.125,7,7,GCACAGAACCAAGCATTGAA,0,5279669
zapB_predicted,0.125,7,7,GCAATCTTTAGTCATTAATA,0,5286282
zapB_predicted,0.125,7,7,GCAACTATCACCAGATCACA,0,5277075
zapB_predicted,0.125,7,7,GCAAAAATTTGTACATTATA,0,5270205
zapB_predicted,0.125,7,7,GATGCGACCATAGATTCTGA,0,5279348
zapB_predicted,0.125,7,7,GATCGTGAGCTCTCCTGGGC,0,5266203
zapB_predicted,0.125,7,7,GATACTGTCTACGAAGGTGA,0,5280353
zapB_predicted,0.125,7,7,GAGTAGGAGTTCTCGTGGCT,0,5285987
zapB_predicted,0.125,7,7,GAGGGTCCGAACACGTCCGC,0,5278283
zapB_predicted,0.125,7,7,GAGGGATGTAAACATCCAAG,0,5279526
zapB_predicted,0.125,7,7,GAGCGGGTTGCAACATAGTC,0,5278126
zapB_predicted,0.125,7,7,GAGCACGGGCGAAGCTTGGT,0,5264712
zapB_predicted,0.125,7,7,GAGATAGGACAATGGATTCA,0,5279681
zapB_predicted,0.125,7,7,GAGACCCTAATGCTGTTCCT,0,5277848
zapB_predicted,0.125,7,7,GACTTTCTTGTTGCTCCGCT,0,5287290
zapB_predicted,0.125,7,7,GACCATGATTTACGATTTTG,0,5270339
zapB_predicted,0.125,7,7,GACCACGGTCATCTCGCCTT,0,5278344
zapB_predicted,0.125,7,7,GACAATTTGGCTCTAAGTTA,0,5282424
zapB_predicted,0.125,7,7,CTTTCATACCCGCATTAAGG,0,5286928
zapB_predicted,0.125,7,7,CTGAGAGACCGCCCACCATT,0,5266027
zapB_predicted,0.125,7,7,CTCCACGAACCGCGGTTACG,0,5267615
zapB_predicted,0.125,7,7,CTCACTTCAGTTTCACGGAT,0,5278901
zapB_predicted,0.125,7,7,CTATTTTCTCCCCCGGACAC,0,5275363
zapB_predicted,0.125,7,7,CTATAGACATTACGTATTAT,0,5276002
zapB_predicted,0.125,7,7,CTAGGGTTTGGTAAGGCGGG,0,5285237
zapB_predicted,0.125,7,7,CTAGCCTGGCACCAGGTCTA,0,5273699
zapB_predicted,0.125,7,7,CTAGATAGCAGCGTATCGGA,0,5269824
zapB_predicted,0.125,7,7,CTACGTGCTCAATTAAAGAT,0,5264647
zapB_predicted,0.125,7,7,CGTGGCACTCAGGTCCACAG,0,5283064
zapB_predicted,0.125,7,7,CGTCCCCAGCGGTATCAACT,0,5278580
zapB_predicted,0.125,7,7,CGGTTGTAGTGAATAGGGTA,0,5278925
zapB_predicted,0.125,7,7,CGGTTAAATCCCCTCGCTAT,0,5278855
zapB_predicted,0.125,7,7,CGGTCGTAGCTGCGGTTGAT,0,5264575
zapB_predicted,0.125,7,7,CGGTCCGATTTGAGGCTTCG,0,5270761
zapB_predicted,0.125,7,7,CGGCTTAGTGTCAATCTAAC,0,5273154
zapB_predicted,0.125,7,7,CGGCGCCAGACTGGTTTGGT,0,5281018
zapB_predicted,0.125,7,7,CGGATGCTTAAATACCTTCT,0,5264007
zapB_predicted,0.125,7,7,CGGATAATCTTAAGCATCCC,0,5279459
zapB_predicted,0.125,7,7,CGCTAAGTAGATACCCCCCG,0,5284553
zapB_predicted,0.125,7,7,CGCGACTGTGATTACCGGCA,0,5267654
zapB_predicted,0.125,7,7,CGCCTGCGACTGGTGAGCAT,0,5275900
zapB_predicted,0.125,7,7,CGCACATTTATACAAAGCTT,0,5280925
zapB_predicted,0.125,7,7,CGAGTAAACGGTGCAGAAGG,0,5287530
zapB_predicted,0.125,7,7,CGAGGCGCAGCCAACTATAA,0,5265459
zapB_predicted,0.125,7,7,CGAAGACGACGCAGCGGTTT,0,5269424
zapB_predicted,0.125,7,7,CGAAACTGGCTAGAAATTAT,0,5288090
zapB_predicted,0.125,7,7,CCTCTGCGTCAAACGGCTAC,0,5286605
zapB_predicted,0.125,7,7,CCTCGCCGGTCCGGTGCTAC,0,5272724
zapB_predicted,0.125,7,7,CCTAGAACCCCTAGGAATGT,0,5279384
zapB_predicted,0.125,7,7,CCTACCCCAAGTCCGGATAG,0,5281584
zapB_predicted,0.125,7,7,CCGTTGGTCGGCACACGTCA,0,5263869
zapB_predicted,0.125,7,7,CCGTTATCGTCCGAAGAAAT,0,5271340
zapB_predicted,0.125,7,7,CCCCCTATACGGTGTGGTCT,0,5283646
zapB_predicted,0.125,7,7,CCCCCGACCGATAATTAGAG,0,5277947
zapB_predicted,0.125,7,7,CCCAGCTCCTCTCCGATAAG,0,5274642
zapB_predicted,0.125,7,7,CCCACATAGAAGCGTGTCTG,0,5285156
zapB_predicted,0.125,7,7,CCATCGATTTGGTGCCCGCT,0,5286535
zapB_predicted,0.125,7,7,CCAGGATTGCTTGCGGAATG,0,5271373
zapB_predicted,0.125,7,7,CCAGAAGAGATAAGGGCAGT,0,5270040
zapB_predicted,0.125,7,7,CCACCGTCGTCATTGAGGAA,0,5276112
zapB_predicted,0.125,7,7,CCAAAGTCCTGGACCAGGGA,0,5287420
zapB_predicted,0.125,7,7,CCAAACCACGTAGAGGTCAC,0,5285092
zapB_predicted,0.125,7,7,CATGGTTCCACACGATTCTT,0,5266420
zapB_predicted,0.125,7,7,CATCATAATTCTCGTCAGAA,0,5286557
zapB_predicted,0.125,7,7,CATACCAAAACGTATTACTT,0,5284492
zapB_predicted,0.125,7,7,CATAAGGTTGTCGCATTGCA,0,5270189
zapB_predicted,0.125,7,7,CAGTGCAGCCCCCATCATAT,0,5271758
zapB_predicted,0.125,7,7,CAGTCCAACGCTGCCCACTA,0,5282620
zapB_predicted,0.125,7,7,CAGGAAGTCCTTTTCTCGTG,0,5276918
zapB_predicted,0.125,7,7,CAGACTGATTAGTAGAGGAA,0,5284821
zapB_predicted,0.125,7,7,CACGAGATCACGTACAACCA,0,5286567
zapB_predicted,0.125,7,7,CACCGCGCCTATGCGGTTCC,0,5279513
zapB_predicted,0.125,7,7,CAATCGTGAACTCGTATCTG,0,5271036
zapB_predicted,0.125,7,7,CAAGTCGAAGCTCGACGACA,0,5275960
zapB_predicted,0.125,7,7,CAAGTACGGGTTCACGCACC,0,5276045
zapB_predicted,0.125,7,7,CAAGGATGATGGAGGCTGTA,0,5275523
zapB_predicted,0.125,7,7,CAACTGTAGTGTTAATAGTT,0,5278738
zapB_predicted,0.125,7,7,CAACTCTTCGCACCTTAGAT,0,5277082
zapB_predicted,0.125,7,7,CAAAGGCCGATATAAACGTC,0,5281314
zapB_predicted,0.125,7,7,ATTTTGTTTATGTAAAGGTC,0,5272693
zapB_predicted,0.125,7,7,ATTTTAGGACCCTCATGGTC,0,5269582
zapB_predicted,0.125,7,7,ATTGCGGCATTCGACTGAAG,0,5284315
zapB_predicted,0.125,7,7,ATTCGAGGCCACAGATTATT,0,5278345
zapB_predicted,0.125,7,7,ATTCGACTTCGGGGGTCCAG,0,5277766
zapB_predicted,0.125,7,7,ATTCCCGTTGTGATCGTCCT,0,5278393
zapB_predicted,0.125,7,7,ATGTTGGGCGAGCAATATCC,0,5280435
zapB_predicted,0.125,7,7,ATGTACTTGCACCAACAAAT,0,5282328
zapB_predicted,0.125,7,7,ATGGGGAGAGGGCCGATAAG,0,5275734
zapB_predicted,0.125,7,7,ATCGCGGGCTTAGACGGGGG,0,5281388
zapB_predicted,0.125,7,7,ATCCTTACTGAACCGCCCTT,0,5274912
zapB_predicted,0.125,7,7,ATCCACACCGTTGTGATTCT,0,5265472
zapB_predicted,0.125,7,7,ATAGGGGTGTTGACTTGACT,0,5277406
zapB_predicted,0.125,7,7,ATAACGGTGATACGGGGAGC,0,5277707
zapB_predicted,0.125,7,7,AGTGTCTCCTGCAATCGAAC,0,5267737
zapB_predicted,0.125,7,7,AGTCGGGAAGTAGACATTTC,0,5278736
zapB_predicted,0.125,7,7,AGTCCGACCTCTGTGGTAGC,0,5282985
zapB_predicted,0.125,7,7,AGTAACACGCGGACTGCGTC,0,5279482
zapB_predicted,0.125,7,7,AGGTACCCCTTTGGAGACGG,0,5267762
zapB_predicted,0.125,7,7,AGGGTCCCGCCACATCCATT,0,5285039
zapB_predicted,0.125,7,7,AGGGGCACTAGAGTCCGATT,0,5272462
zapB_predicted,0.125,7,7,AGGCTGCTGTCGTACTCCGA,0,5270921
zapB_predicted,0.125,7,7,AGGCCTCAGAATGCTGATAG,0,5278455
zapB_predicted,0.125,7,7,AGGCACGAAAAACACGGTGA,0,5287314
zapB_predicted,0.125,7,7,AGGCACACTGCGGACCGTAA,0,5274870
zapB_predicted,0.125,7,7,AGGAGGCTTAACGCCTTGCA,0,5279009
zapB_predicted,0.125,7,7,AGGACATTTATCGTCTGGGG,0,5276524
zapB_predicted,0.125,7,7,AGGAAGCGACAGCAAGACTA,0,5286315
zapB_predicted,0.125,7,7,AGCTGGCGGCAATCCCCAGC,0,5273956
zapB_predicted,0.125,7,7,AGCTAAGGGTAATACGACTT,0,5267841
zapB_predicted,0.125,7,7,AGCGTAGCTTGAGCAAGTCG,0,5270554
zapB_predicted,0.125,7,7,AGATTCGATGATCGGGCTTA,0,5265807
zapB_predicted,0.125,7,7,AGATGGAAACACGAATAGGG,0,5288292
zapB_predicted,0.125,7,7,AGATCAACACGGTCACAGGC,0,5271807
zapB_predicted,0.125,7,7,ACTTGTCCGAACTCCACTTG,0,5273149
zapB_predicted,0.125,7,7,ACTGCGGGGGTACAGCTCTC,0,5263393
zapB_predicted,0.125,7,7,ACTCTCCCCGCTCAGAGGTG,0,5273056
zapB_predicted,0.125,7,7,ACTCAGATTTAATCAAGCCC,0,5265787
zapB_predicted,0.125,7,7,ACGTTGTACCCCACTTCCGT,0,5283030
zapB_predicted,0.125,7,7,ACGTCTTGGCACACGGCTAG,0,5273694
zapB_predicted,0.125,7,7,ACGTCATAGAGGTCAGGCGA,0,5285620
zapB_predicted,0.125,7,7,ACGTAATAACCTTACCCGTC,0,5282134
zapB_predicted,0.125,7,7,ACGGGTTGGCCGTACTTGAT,0,5268764
zapB_predicted,0.125,7,7,ACGCGTCGTAGCATAATCTC,0,5263756
zapB_predicted,0.125,7,7,ACGAATGAGGTTCCGGTATT,0,5278676
zapB_predicted,0.125,7,7,ACCTATGCATGGCCAGTCAC,0,5284968
zapB_predicted,0.125,7,7,ACCATCTCTACCCGCAATTT,0,5275941
zapB_predicted,0.125,7,7,ACCAGAGGGATGGAAAACTT,0,5275278
zapB_predicted,0.125,7,7,ACCACGCGTCCCTTTTTGGT,0,5278244
zapB_predicted,0.125,7,7,ACCAAGCGCGTCCTCCGAGA,0,5280104
zapB_predicted,0.125,7,7,ACAACGGTGCGGGGCGACGA,0,5264968
zapB_predicted,0.125,7,7,AATTTTATAGGGAGTTGTCA,0,5273096
zapB_predicted,0.125,7,7,AAGTCTACAAACGTCTGCCC,0,5273218
zapB_predicted,0.125,7,7,AAGGACGACTTGGTGTATTT,0,5274322
zapB_predicted,0.125,7,7,AAGCGAAACAGTAAGCGAGC,0,5283987
zapB_predicted,0.125,7,7,AAGCACTCGTCTAGGACCGT,0,5280439
zapB_predicted,0.125,7,7,AACTGTCATCAATACAACGT,0,5265754
zapB_predicted,0.125,7,7,AACTATTCGTGTGCATACAA,0,5283286
zapB_predicted,0.125,7,7,AACCGAGCGCTACAGACAGA,0,5288197
zapB_predicted,0.125,7,7,AACAGGAGCACAGAGGATAA,0,5276122
zapB_predicted,0.125,7,7,AACACGACTTTATCATACGA,0,5264292
zapB_predicted,0.125,7,7,AAATGAGATCAGCGGCAACG,0,5274974
zapB_predicted,0.125,7,7,AAAGTGTCGTAGCCGGCAAC,0,5286577
zapB_predicted,0.125,7,7,AAAGTCCTCCTTGTCAATCA,0,5282882
zapB_predicted,0.14285714285714285,6,6,TTTTTATAGTAGCGGATTGT,0,5285996
zapB_predicted,0.14285714285714285,6,6,TTTTGCGGCCCAGGATGCCG,0,5283956
zapB_predicted,0.14285714285714285,6,6,TTTTAGGTCATGGTCGGCAT,0,5280541
zapB_predicted,0.14285714285714285,6,6,TTTGATTTAATACATGTAGC,0,5278324
zapB_predicted,0.14285714285714285,6,6,TTTACTCGACCAGGCTGGGG,0,5263891
zapB_predicted,0.14285714285714285,6,6,TTGTGGAACAGTTCTTGCTA,0,5273753
zapB_predicted,0.14285714285714285,6,6,TTGTCCGTGCTACCATAGCA,0,5266025
zapB_predicted,0.14285714285714285,6,6,TTGTATGGGGAAGGGCTCAG,0,5267980
zapB_predicted,0.14285714285714285,6,6,TTGGTTAGGCAGGGCTTAGG,0,5269117
zapB_predicted,0.14285714285714285,6,6,TTGGGGTGCCCACCGGCGAG,0,5265720
zapB_predicted,0.14285714285714285,6,6,TTGCAAGGTCGTTAGTACGA,0,5272400
zapB_predicted,0.14285714285714285,6,6,TTGAGAACAGTAATGGAGCA,0,5267984
zapB_predicted,0.14285714285714285,6,6,TTGAAGGGACAATAATCTGG,0,5273831
zapB_predicted,0.14285714285714285,6,6,TTCTCGAGAGTATCCAGAAA,0,5269161
zapB_predicted,0.14285714285714285,6,6,TTCGTCTGAATTTGGAAATA,0,5285568
zapB_predicted,0.14285714285714285,6,6,TTCGTCACACACCACCACCT,0,5274613
zapB_predicted,0.14285714285714285,6,6,TTCCAATGCACGTTACCGGG,0,5267115
zapB_predicted,0.14285714285714285,6,6,TTATCTGACGCGGATATGCA,0,5275402
zapB_predicted,0.14285714285714285,6,6,TTAGCTTCGCTGGCCGCGCG,0,5286910
zapB_predicted,0.14285714285714285,6,6,TTAGCCCGACGAACGGCTCC,0,5286991
zapB_predicted,0.14285714285714285,6,6,TTACGTTGATGATCTGTCCT,0,5278685
zapB_predicted,0.14285714285714285,6,6,TTACATTAATCTTTGGGTAC,0,5279259
zapB_predicted,0.14285714285714285,6,6,TTAAGGACCTTCATAGCTAA,0,5280220
zapB_predicted,0.14285714285714285,6,6,TTAACACACTCAGTCAACTG,0,5277998
zapB_predicted,0.14285714285714285,6,6,TGTTTTTAAGCTATGATCCC,0,5277045
zapB_predicted,0.14285714285714285,6,6,TGTCTTAGGTGGAACGATAA,0,5274284
zapB_predicted,0.14285714285714285,6,6,TGGTTAGGTTAACACGCCCC,0,5276126
zapB_predicted,0.14285714285714285,6,6,TGGTGGAAGCGGTAACTCGC,0,5264125
zapB_predicted,0.14285714285714285,6,6,TGGTAGGGTAAATCACGGGG,0,5270544
zapB_predicted,0.14285714285714285,6,6,TGGCTTCGACCTCCAGTTTA,0,5272020
zapB_predicted,0.14285714285714285,6,6,TGGATTAACTGGGTCAGGGG,0,5263924
zapB_predicted,0.14285714285714285,6,6,TGCTCACTTAGGGTTCCATA,0,5264833
zapB_predicted,0.14285714285714285,6,6,TGCGCCATCCGAACACTATA,0,5266249
zapB_predicted,0.14285714285714285,6,6,TGCATAGGAGGGAGATGCTC,0,5286655
zapB_predicted,0.14285714285714285,6,6,TGCAGAAAACCGAGCAACTG,0,5265661
zapB_predicted,0.14285714285714285,6,6,TGCACCATTTGTCGGTTGTA,0,5276146
zapB_predicted,0.14285714285714285,6,6,TGCAATACGAAGGCTCTTTC,0,5282490
zapB_predicted,0.14285714285714285,6,6,TGCAAAAGGCCAACTCTGGT,0,5283359
zapB_predicted,0.14285714285714285,6,6,TGATAATTTAGAGTTTTCTA,0,5276173
zapB_predicted,0.14285714285714285,6,6,TGACCTCCTAGTATCGAGCT,0,5277714
zapB_predicted,0.14285714285714285,6,6,TGACACAACAGGTAAAAAGC,0,5274850
zapB_predicted,0.14285714285714285,6,6,TGAAGAGGCCCCGATTATAT,0,5282873
zapB_predicted,0.14285714285714285,6,6,TCTGTTTCCTCCGGATAGGT,0,5263733
zapB_predicted,0.14285714285714285,6,6,TCTGATACATTGCTTCGTCC,0,5277666
zapB_predicted,0.14285714285714285,6,6,TCTGACTGACTGTGACGTCA,0,5279031
zapB_predicted,0.14285714285714285,6,6,TCTCCCATGCGTTAGAGGTA,0,5273846
zapB_predicted,0.14285714285714285,6,6,TCTCCAGCACCCGGTAACAA,0,5269550
zapB_predicted,0.14285714285714285,6,6,TCGTAACCGGCCGCAATCCG,0,5267179
zapB_predicted,0.14285714285714285,6,6,TCGCGTGGCGTAGCTATTTC,0,5268932
zapB_predicted,0.14285714285714285,6,6,TCGAATAAACTGTGAACTTT,0,5286217
zapB_predicted,0.14285714285714285,6,6,TCCTAGTTATGATCTGAGGT,0,5268000
zapB_predicted,0.14285714285714285,6,6,TCCCTTGTAACAGTCTTAGG,0,5285270
zapB_predicted,0.14285714285714285,6,6,TCCATTCAACAGCTTGGCGA,0,5265719
zapB_predicted,0.14285714285714285,6,6,TCATTAGTCTAGGGCTCTGA,0,5276711
zapB_predicted,0.14285714285714285,6,6,TCAGGTCCTGAGTTGACCGT,0,5273273
zapB_predicted,0.14285714285714285,6,6,TCAGAGCCCTATAGGCTGAA,0,5263243
zapB_predicted,0.14285714285714285,6,6,TCAGACCGAGTTGACTTGAC,0,5267098
zapB_predicted,0.14285714285714285,6,6,TCACTAGCATCTTCCGTCTG,0,5265604
zapB_predicted,0.14285714285714285,6,6,TCACGCAATGCCGAAGGGGT,0,5284568
zapB_predicted,0.14285714285714285,6,6,TCAACCTGTACAGCTAGCCT,0,5264765
zapB_predicted,0.14285714285714285,6,6,TATGATACTTGTTCCTTAAA,0,5280504
zapB_predicted,0.14285714285714285,6,6,TAGTAGGTACCTCGTCTGGC,0,5273265
zapB_predicted,0.14285714285714285,6,6,TAGGTTCTACACGATTAGTG,0,5268649
zapB_predicted,0.14285714285714285,6,6,TAGGTCGAGGGTGAGCGTCC,0,5263686
zapB_predicted,0.14285714285714285,6,6,TAGCTCGAGTAGCCGGCGGC,0,5281651
zapB_predicted,0.14285714285714285,6,6,TAGCGTCCATAATCTATCCT,0,5279375
zapB_predicted,0.14285714285714285,6,6,TACTTGCGGGTTGAACCGCA,0,5272920
zapB_predicted,0.14285714285714285,6,6,TACTCTGCTGCGTGGAGGGA,0,5284987
zapB_predicted,0.14285714285714285,6,6,TACGCACGAGGCCCGTGGGG,0,5268450
zapB_predicted,0.14285714285714285,6,6,TACATGTGCGGCGTGTGTGC,0,5283475
zapB_predicted,0.14285714285714285,6,6,TACAATGGCGAGAAGGGGTA,0,5286436
zapB_predicted,0.14285714285714285,6,6,TAAGTGGATCGGGGTTACTA,0,5285664
zapB_predicted,0.14285714285714285,6,6,TAAGAAGTTACAACTGATCT,0,5273307
zapB_predicted,0.14285714285714285,6,6,TAACCCTCAATACACCGAGT,0,5273483
zapB_predicted,0.14285714285714285,6,6,TAACCCCTATTGGGTGCATG,0,5264521
zapB_predicted,0.14285714285714285,6,6,TAAACCCAACACAATTGCTC,0,5277114
zapB_predicted,0.14285714285714285,6,6,GTTTGCGATCTCCGTCGGCT,0,5263354
zapB_predicted,0.14285714285714285,6,6,GTTTCGCGGGCCAACACGCA,0,5284229
zapB_predicted,0.14285714285714285,6,6,GTTAGCTCCGGCATGTGTGT,0,5268055
zapB_predicted,0.14285714285714285,6,6,GTGTTGTTCGGTAGTACCGC,0,5288013
zapB_predicted,0.14285714285714285,6,6,GTGTTCCACACAGGTTCGGA,0,5274854
zapB_predicted,0.14285714285714285,6,6,GTGCTCCTAAGTTCTTCAGA,0,5274909
zapB_predicted,0.14285714285714285,6,6,GTGCTATGTCCACTCTGGCC,0,5278524
zapB_predicted,0.14285714285714285,6,6,GTGCAGCCCCTAGGGTTCGG,0,5284411
zapB_predicted,0.14285714285714285,6,6,GTGATTCCGTGCAAGAGGCA,0,5266259
zapB_predicted,0.14285714285714285,6,6,GTGAGTCATTTCTATCAGAG,0,5274523
zapB_predicted,0.14285714285714285,6,6,GTCTTAATAGCACATGCGGC,0,5286907
zapB_predicted,0.14285714285714285,6,6,GTCTGTTCCAGCTGAGTAAC,0,5286574
zapB_predicted,0.14285714285714285,6,6,GTCCGGTCTTGTCAAGTCAG,0,5272289
zapB_predicted,0.14285714285714285,6,6,GTCATGACGTGCGCACTAGC,0,5270510
zapB_predicted,0.14285714285714285,6,6,GTCAGGACACGCTCTGCATA,0,5269333
zapB_predicted,0.14285714285714285,6,6,GTATGACTGTGTTCTCACTT,0,5270553
zapB_predicted,0.14285714285714285,6,6,GTAGTCACGCAATGCGGTCA,0,5267529
zapB_predicted,0.14285714285714285,6,6,GTAGGGGCTCGTCGTTACTT,0,5273472
zapB_predicted,0.14285714285714285,6,6,GTAAGGGCCAATCTCCTGAC,0,5276085
zapB_predicted,0.14285714285714285,6,6,GTAACCCAATCATGAAGATA,0,5282027
zapB_predicted,0.14285714285714285,6,6,GGTTGGCCTTATTCTGCCCA,0,5283731
zapB_predicted,0.14285714285714285,6,6,GGTTAGGTAGCATGGCCATA,0,5281576
zapB_predicted,0.14285714285714285,6,6,GGTAGTTTAGCGAACAGTGC,0,5287895
zapB_predicted,0.14285714285714285,6,6,GGTACATACAGTAGGTTGGT,0,5266973
zapB_predicted,0.14285714285714285,6,6,GGGTTAGAGAGGAACTCGCT,0,5270657
zapB_predicted,0.14285714285714285,6,6,GGGTGCTGATTGTGGACAGG,0,5271862
zapB_predicted,0.14285714285714285,6,6,GGGTCGCGGGTTTCTCGCCA,0,5287585
zapB_predicted,0.14285714285714285,6,6,GGGTCGAGCTGGCCTAGGCG,0,5263004
zapB_predicted,0.14285714285714285,6,6,GGGTCATGGGTTGAGTCAAA,0,5272981
zapB_predicted,0.14285714285714285,6,6,GGGGAGCTGATTAGGGGAAC,0,5287596
zapB_predicted,0.14285714285714285,6,6,GGGCGTAATCGCTATACTCG,0,5268115
zapB_predicted,0.14285714285714285,6,6,GGGCCAGTCTATTGGGAGAG,0,5263151
zapB_predicted,0.14285714285714285,6,6,GGGACTCCATGTGTTGTTAT,0,5269545
zapB_predicted,0.14285714285714285,6,6,GGGAAACCTGAATCGCAAGG,0,5266076
zapB_predicted,0.14285714285714285,6,6,GGCTCCAGCATATGGCTCCT,0,5278482
zapB_predicted,0.14285714285714285,6,6,GGCTCAAGGTCAGGTTGGTT,0,5271213
zapB_predicted,0.14285714285714285,6,6,GGCCGCAGGATTTTTGATCC,0,5274931
zapB_predicted,0.14285714285714285,6,6,GGCCCGAGTTATACCACCCG,0,5284708
zapB_predicted,0.14285714285714285,6,6,GGCCCCTCTGTGGCCCACGT,0,5281780
zapB_predicted,0.14285714285714285,6,6,GGCAGTTGGACCCAGATCTC,0,5278870
zapB_predicted,0.14285714285714285,6,6,GGATGCTCACCCCCTGGGTT,0,5267786
zapB_predicted,0.14285714285714285,6,6,GGATAACTTGCCTAATCGGT,0,5270506
zapB_predicted,0.14285714285714285,6,6,GGAGGTTCAGAGGGCGCGGC,0,5277749
zapB_predicted,0.14285714285714285,6,6,GGAGGCGGTAGTAATGTTAC,0,5267200
zapB_predicted,0.14285714285714285,6,6,GGAGGATTAGGTCATGGGGC,0,5279816
zapB_predicted,0.14285714285714285,6,6,GCTTGCTATACCGCGGTCAA,0,5267093
zapB_predicted,0.14285714285714285,6,6,GCTGTTCGCCGATCTTTGAC,0,5284306
zapB_predicted,0.14285714285714285,6,6,GCTCAGCCTAGATAGGGTTC,0,5287432
zapB_predicted,0.14285714285714285,6,6,GCGTTCACCTGTAATGTTCT,0,5279403
zapB_predicted,0.14285714285714285,6,6,GCGTGCGTTTAGACTAAGGC,0,5281224
zapB_predicted,0.14285714285714285,6,6,GCGGACTTGTGGTGCCTTAC,0,5282345
zapB_predicted,0.14285714285714285,6,6,GCGCCATATATCCGTATCAC,0,5280882
zapB_predicted,0.14285714285714285,6,6,GCCTTCGCTGAAAGGCACCC,0,5266176
zapB_predicted,0.14285714285714285,6,6,GCCTGTGCCAGGGGCTACAT,0,5270151
zapB_predicted,0.14285714285714285,6,6,GCCGATGACGAGGTGAGTAA,0,5285750
zapB_predicted,0.14285714285714285,6,6,GCCCGACTTATTAGAGACTA,0,5269248
zapB_predicted,0.14285714285714285,6,6,GCAGGGAAGGCTCGTCTGAA,0,5265685
zapB_predicted,0.14285714285714285,6,6,GCACTTCAGTGTCACAGAAG,0,5265351
zapB_predicted,0.14285714285714285,6,6,GCACCAGTCAATATCAGTTG,0,5264506
zapB_predicted,0.14285714285714285,6,6,GCAAAAAGGATTGTTATGTG,0,5267662
zapB_predicted,0.14285714285714285,6,6,GATATACTGTAGTACTTACG,0,5269254
zapB_predicted,0.14285714285714285,6,6,GAGTTCAAGCTATCATACTT,0,5269241
zapB_predicted,0.14285714285714285,6,6,GAGGAAATTTCGGCGCATAC,0,5270412
zapB_predicted,0.14285714285714285,6,6,GACTCGAAGGCCGTTGGATG,0,5275120
zapB_predicted,0.14285714285714285,6,6,GACCAGGTAGCACCTTAACG,0,5278301
zapB_predicted,0.14285714285714285,6,6,GAATGGCTCGTGGCGATTTT,0,5273601
zapB_predicted,0.14285714285714285,6,6,GAATGCCGAACTACTGACCG,0,5280915
zapB_predicted,0.14285714285714285,6,6,GAAGTGTAAGGTTGGTAGAA,0,5278401
zapB_predicted,0.14285714285714285,6,6,GAAGGCCCGCAATGCGATGT,0,5278343
zapB_predicted,0.14285714285714285,6,6,GAAGAGTTACAACGCCTCAA,0,5275028
zapB_predicted,0.14285714285714285,6,6,GAACTGACTTGAGTGAGGTA,0,5275571
zapB_predicted,0.14285714285714285,6,6,GAACTGACGTACGTGCTCAT,0,5281310
zapB_predicted,0.14285714285714285,6,6,GAACGCACTGGATAGTGAGT,0,5280371
zapB_predicted,0.14285714285714285,6,6,GAAATCTGAACGGGTCTGGT,0,5263659
zapB_predicted,0.14285714285714285,6,6,CTTTCACAAGGGCGCGTAAG,0,5271991
zapB_predicted,0.14285714285714285,6,6,CTTCACATACATAGACTACC,0,5265570
zapB_predicted,0.14285714285714285,6,6,CTTCAAACGTCCTATTTCCG,0,5279334
zapB_predicted,0.14285714285714285,6,6,CTTACCCTAAGTAACGTCCA,0,5275956
zapB_predicted,0.14285714285714285,6,6,CTTAAGTCCATTTGGGGAAC,0,5267370
zapB_predicted,0.14285714285714285,6,6,CTCCTCTGGTTGGTCCGCAA,0,5270057
zapB_predicted,0.14285714285714285,6,6,CTCATCCTGCTTCTATTTTA,0,5275816
zapB_predicted,0.14285714285714285,6,6,CTCACTGGGTGGTCGGCATA,0,5264144
zapB_predicted,0.14285714285714285,6,6,CTATCGGCACGCTGTGAACA,0,5269465
zapB_predicted,0.14285714285714285,6,6,CGTGTTATGCAATCGTCTCG,0,5268351
zapB_predicted,0.14285714285714285,6,6,CGTCAGAGTTTTGATACTTT,0,5269038
zapB_predicted,0.14285714285714285,6,6,CGTATCATTGCAGTTGACCC,0,5276304
zapB_predicted,0.14285714285714285,6,6,CGGTCAAAAGTAGTCCTGCT,0,5267935
zapB_predicted,0.14285714285714285,6,6,CGGTAACTCACACCAAAGGG,0,5277152
zapB_predicted,0.14285714285714285,6,6,CGGGAGTCATAATGCTTTAA,0,5276434
zapB_predicted,0.14285714285714285,6,6,CGGCTCAATTTTAGACGGTT,0,5279467
zapB_predicted,0.14285714285714285,6,6,CGGCTATGACCTGAGGCGAA,0,5284924
zapB_predicted,0.14285714285714285,6,6,CGGCTAAAAGATCGTCGTGT,0,5269941
zapB_predicted,0.14285714285714285,6,6,CGGCGAGATTAATAGCTTGA,0,5278661
zapB_predicted,0.14285714285714285,6,6,CGGAGTTCGATAAACCCCGA,0,5268749
zapB_predicted,0.14285714285714285,6,6,CGATTAACTAAAAATGTAAT,0,5272022
zapB_predicted,0.14285714285714285,6,6,CGACCAAGGGAGGCGAGGCA,0,5281864
zapB_predicted,0.14285714285714285,6,6,CGACACTGCTCAACCGAATC,0,5279539
zapB_predicted,0.14285714285714285,6,6,CCTTCTAATGCCCTAAGGGT,0,5263435
zapB_predicted,0.14285714285714285,6,6,CCTGTGCAAGATGGGCTTCT,0,5277888
zapB_predicted,0.14285714285714285,6,6,CCGTAGTTATGGGCGTTCCA,0,5275729
zapB_predicted,0.14285714285714285,6,6,CCGAAAATGAGTATCAGTGT,0,5273531
zapB_predicted,0.14285714285714285,6,6,CCCTGCTCCGATTATCTCCA,0,5281236
zapB_predicted,0.14285714285714285,6,6,CCCTCTCGTCCAAAACGGGA,0,5267889
zapB_predicted,0.14285714285714285,6,6,CCCGAAGATCTTAACGGGCT,0,5282063
zapB_predicted,0.14285714285714285,6,6,CCCCCTGGGGTGAATCTGAA,0,5288219
zapB_predicted,0.14285714285714285,6,6,CCCCAGGCCCCATTTGACGA,0,5285367
zapB_predicted,0.14285714285714285,6,6,CCAGTTCACGAGGCCCCAAC,0,5266000
zapB_predicted,0.14285714285714285,6,6,CCACTGCACTAGGGGCTATA,0,5268052
zapB_predicted,0.14285714285714285,6,6,CCACTAGGCAGGGCTCTGAA,0,5273643
zapB_predicted,0.14285714285714285,6,6,CCACGGATCGATTTGCGCTC,0,5268770
zapB_predicted,0.14285714285714285,6,6,CCAATTGCAGGTCTACACTT,0,5272570
zapB_predicted,0.14285714285714285,6,6,CCAAACACCTTTCAACATAA,0,5278889
zapB_predicted,0.14285714285714285,6,6,CATTACTGTCGCAGAATTCA,0,5282704
zapB_predicted,0.14285714285714285,6,6,CATATGCCATGTTCGGTCCA,0,5284188
zapB_predicted,0.14285714285714285,6,6,CAGTTCTTCGGGTAAGGATA,0,5274977
zapB_predicted,0.14285714285714285,6,6,CAGTCGGCACAAACTACCTA,0,5275748
zapB_predicted,0.14285714285714285,6,6,CAGTACTGCCTTGACGCCTA,0,5265998
zapB_predicted,0.14285714285714285,6,6,CAGGCTCTGGATTATTTTTG,0,5280751
zapB_predicted,0.14285714285714285,6,6,CAGATCTACAAAACGCTATT,0,5283273
zapB_predicted,0.14285714285714285,6,6,CAGAGTTTGTATTCGCCCGA,0,5263198
zapB_predicted,0.14285714285714285,6,6,CAGACATCGGGCTACCGCAG,0,5265127
zapB_predicted,0.14285714285714285,6,6,CACGACGGCCCAACGTTCGC,0,5272017
zapB_predicted,0.14285714285714285,6,6,CACCCCCTCGGTACACCCTA,0,5264180
zapB_predicted,0.14285714285714285,6,6,CACCACGAGGTGCAGAATGC,0,5268905
zapB_predicted,0.14285714285714285,6,6,CAATTCACTCGGCGCAGATT,0,5271062
zapB_predicted,0.14285714285714285,6,6,CAATCCTTATCTGGATAATC,0,5270049
zapB_predicted,0.14285714285714285,6,6,CAACATCCTCGGGGTTTAAA,0,5267558
zapB_predicted,0.14285714285714285,6,6,CAAATATTGGTGATCCATTT,0,5286916
zapB_predicted,0.14285714285714285,6,6,CAAACTCGGGAGTATGAGAG,0,5288234
zapB_predicted,0.14285714285714285,6,6,ATTCTTTGTCTTCGCCGCGA,0,5268438
zapB_predicted,0.14285714285714285,6,6,ATTCCGCCAAGTAACTTCCT,0,5268626
zapB_predicted,0.14285714285714285,6,6,ATTAAGCAACAGTCAAATTG,0,5284327
zapB_predicted,0.14285714285714285,6,6,ATGGAACCTACCCAGGAGAT,0,5276698
zapB_predicted,0.14285714285714285,6,6,ATGCTTAGGTCTTAACCGGT,0,5279378
zapB_predicted,0.14285714285714285,6,6,ATCTCCCCCTGCGGCGAGCG,0,5274077
zapB_predicted,0.14285714285714285,6,6,ATCGGGTGGAAGAGTATAAG,0,5282061
zapB_predicted,0.14285714285714285,6,6,ATCAGACTGTAATTCAGTAG,0,5264074
zapB_predicted,0.14285714285714285,6,6,ATCACCTCGTGCGTAAAGAT,0,5274081
zapB_predicted,0.14285714285714285,6,6,ATATTCGAAACTTGCCTTCT,0,5268475
zapB_predicted,0.14285714285714285,6,6,ATATAACGTCATGCGATGCC,0,5279518
zapB_predicted,0.14285714285714285,6,6,ATAGCGTGCCTCCGCGATCC,0,5283770
zapB_predicted,0.14285714285714285,6,6,ATAGCAGGGCGTATATTGCT,0,5264413
zapB_predicted,0.14285714285714285,6,6,ATACCTGGCGCTCCGACTGA,0,5271218
zapB_predicted,0.14285714285714285,6,6,ATAATTTGGACCCCAGGAGC,0,5267622
zapB_predicted,0.14285714285714285,6,6,ATAACTAGGGGTACGTGCTA,0,5271356
zapB_predicted,0.14285714285714285,6,6,AGTTCTGCTTCGGCAGCCTT,0,5272433
zapB_predicted,0.14285714285714285,6,6,AGTTCAAAGCCGGGACCGGT,0,5272967
zapB_predicted,0.14285714285714285,6,6,AGTGTGCGTGTTGGTGCGAA,0,5263049
zapB_predicted,0.14285714285714285,6,6,AGTAATTCGGTGCCGATGAC,0,5279672
zapB_predicted,0.14285714285714285,6,6,AGGTCGGGTTCGGGTAATAT,0,5281033
zapB_predicted,0.14285714285714285,6,6,AGGTCCCTCGGACACATATG,0,5267701
zapB_predicted,0.14285714285714285,6,6,AGGTACTATATTGGAAAAGC,0,5275524
zapB_predicted,0.14285714285714285,6,6,AGGTAAGGTAAAGATTCGCG,0,5273895
zapB_predicted,0.14285714285714285,6,6,AGGTAACGCGTGGCGCGGGT,0,5271665
zapB_predicted,0.14285714285714285,6,6,AGGGTCCTGTGTAGTTCTCT,0,5281855
zapB_predicted,0.14285714285714285,6,6,AGGGACAGACCGTAGCGATT,0,5270058
zapB_predicted,0.14285714285714285,6,6,AGGCTACCGCGAGTGAGAAT,0,5282980
zapB_predicted,0.14285714285714285,6,6,AGGCAATTATTATTCCCACG,0,5287802
zapB_predicted,0.14285714285714285,6,6,AGGAAGCGCGTGCCATTCGA,0,5287927
zapB_predicted,0.14285714285714285,6,6,AGCTCGTGGACTCTTGTGTT,0,5284972
zapB_predicted,0.14285714285714285,6,6,AGCTATGAGTGGCGGGGTTA,0,5275740
zapB_predicted,0.14285714285714285,6,6,AGCTACTCATAGGGTCGTAA,0,5279994
zapB_predicted,0.14285714285714285,6,6,AGCGGGGAGGTGGTCTTAAC,0,5283756
zapB_predicted,0.14285714285714285,6,6,AGCGCCTGGCCGGTGCAACA,0,5278061
zapB_predicted,0.14285714285714285,6,6,AGCCTTAGCTAGGGTCGGCT,0,5265832
zapB_predicted,0.14285714285714285,6,6,AGCAAACTGCACTCACGGTC,0,5278716
zapB_predicted,0.14285714285714285,6,6,AGATGTAGGAGCTCAAAGGT,0,5269866
zapB_predicted,0.14285714285714285,6,6,AGATCTCCAGTTGCGAACTA,0,5273248
zapB_predicted,0.14285714285714285,6,6,AGAATTCTTTGTTTGTAGGT,0,5278501
zapB_predicted,0.14285714285714285,6,6,ACTTAAAGATTCGACCTAGG,0,5287316
zapB_predicted,0.14285714285714285,6,6,ACTCTAAGCACAAAATGCCT,0,5285697
zapB_predicted,0.14285714285714285,6,6,ACTATGCGCATATGTGATGC,0,5265992
zapB_predicted,0.14285714285714285,6,6,ACTAAGCAGGTTCACCTGAC,0,5273911
zapB_predicted,0.14285714285714285,6,6,ACGCCAGCCCATACGATTAA,0,5277025
zapB_predicted,0.14285714285714285,6,6,ACGAACGCCCGGGGACGCGA,0,5276238
zapB_predicted,0.14285714285714285,6,6,ACGAAACCGGCTGGGGCGTT,0,5284316
zapB_predicted,0.14285714285714285,6,6,ACCTTCCTGACCGCGTGCCC,0,5269495
zapB_predicted,0.14285714285714285,6,6,ACCTGTTGCTAGGCGTGATG,0,5271361
zapB_predicted,0.14285714285714285,6,6,ACCTGGAAGGACGTTGCAGG,0,5271932
zapB_predicted,0.14285714285714285,6,6,ACCTAGGTCCAAATACCATC,0,5278402
zapB_predicted,0.14285714285714285,6,6,ACCGGCCTTAGCCTTTACTA,0,5285161
zapB_predicted,0.14285714285714285,6,6,ACCCTAAGGGCCATGCCTGT,0,5279810
zapB_predicted,0.14285714285714285,6,6,ACATGCTAGTGCCTGTTTTT,0,5271924
zapB_predicted,0.14285714285714285,6,6,ACATCCCACTGACGGGTCAC,0,5264432
zapB_predicted,0.14285714285714285,6,6,ACACTCCTCGAAAACCAACA,0,5267058
zapB_predicted,0.14285714285714285,6,6,ACACCTGCCCGTGAGGGTCA,0,5267699
zapB_predicted,0.14285714285714285,6,6,ACAATCAGGTCTTCGGTTAC,0,5281028
zapB_predicted,0.14285714285714285,6,6,AATTTGATACCGCGTTAGCA,0,5275745
zapB_predicted,0.14285714285714285,6,6,AATGGTGTTAGGTTCTTAAA,0,5275211
zapB_predicted,0.14285714285714285,6,6,AATGATTCAGGAAAGTTTGC,0,5278285
zapB_predicted,0.14285714285714285,6,6,AATCGTTTTTTTATGACCGC,0,5275249
zapB_predicted,0.14285714285714285,6,6,AATCATCGGTCGGCCGGACC,0,5263324
zapB_predicted,0.14285714285714285,6,6,AATAATCAGCAGAGTGCCCA,0,5263192
zapB_predicted,0.14285714285714285,6,6,AAGGTGAGTAAACTTTCAAA,0,5282936
zapB_predicted,0.14285714285714285,6,6,AAGGCCACCAAACTGTGATC,0,5266684
zapB_predicted,0.14285714285714285,6,6,AAGCCATTGGGGATTGACAG,0,5276012
zapB_predicted,0.14285714285714285,6,6,AAGAGTTTCGTGAATCAGAG,0,5266033
zapB_predicted,0.14285714285714285,6,6,AACTGAGCATAGACTGCACC,0,5283867
zapB_predicted,0.14285714285714285,6,6,AACTCTTTAGGTGAGGGCGA,0,5280672
zapB_predicted,0.14285714285714285,6,6,AACGTCGATGGTAAAAGTAC,0,5275106
zapB_predicted,0.14285714285714285,6,6,AACGGCTGTACCAGGAATGC,0,5267747
zapB_predicted,0.14285714285714285,6,6,AACCTAGTAGAGAACTAAGC,0,5283592
zapB_predicted,0.14285714285714285,6,6,AACCGGGGGTCGCGCGACTA,0,5278803
zapB_predicted,0.14285714285714285,6,6,AACCCGGGTCCACGACTGGA,0,5275214
zapB_predicted,0.14285714285714285,6,6,AACACTCGAATTACGCCGGC,0,5265428
zapB_predicted,0.14285714285714285,6,6,AACACCACCTCCCGGATCAT,0,5278457
zapB_predicted,0.14285714285714285,6,6,AAAGTGTCCCGATACTGCAA,0,5266820
zapB_predicted,0.14285714285714285,6,6,AAAGGAGGCGGCACCCTGTA,0,5265420
zapB_predicted,0.14285714285714285,6,6,AAACAGGTGCAAGAACTCTA,0,5272883
zapB_predicted,0.14285714285714285,6,6,AAAATTCTAGCTGACGATTT,0,5275270
zapB_predicted,0.16666666666666666,5,5,TTTTGGGATTTTCGTTCATT,0,5269418
zapB_predicted,0.16666666666666666,5,5,TTTGGACCTACCGAATACGC,0,5280027
zapB_predicted,0.16666666666666666,5,5,TTTGAATTTCTCAATGGGGT,0,5277312
zapB_predicted,0.16666666666666666,5,5,TTTCCAAAAAACCAGCATAA,0,5270424
zapB_predicted,0.16666666666666666,5,5,TTTATCCGGACTTTCCGTAG,0,5269417
zapB_predicted,0.16666666666666666,5,5,TTGTGATGCAGCGTCAAGAT,0,5264541
zapB_predicted,0.16666666666666666,5,5,TTGTAGGAGGATCGTGCGCT,0,5283772
zapB_predicted,0.16666666666666666,5,5,TTGCGCATGCATAATTCGGT,0,5278214
zapB_predicted,0.16666666666666666,5,5,TTGCCGCCAATAATCGATAG,0,5269468
zapB_predicted,0.16666666666666666,5,5,TTGATTTCAAAATGTGCTTA,0,5273747
zapB_predicted,0.16666666666666666,5,5,TTGAAAGCTGGACCCTCTAG,0,5269506
zapB_predicted,0.16666666666666666,5,5,TTCTCGCGTTATGCAATCGG,0,5281799
zapB_predicted,0.16666666666666666,5,5,TTCTATTCGGAAAGGACTGG,0,5276277
zapB_predicted,0.16666666666666666,5,5,TTCTATGTAGCAACGGTCTA,0,5266847
zapB_predicted,0.16666666666666666,5,5,TTCCGTCTTTAATCCGTTTG,0,5274269
zapB_predicted,0.16666666666666666,5,5,TTATTTTTTGCGGCAAGTCC,0,5276157
zapB_predicted,0.16666666666666666,5,5,TTATCGCGGCTGGTCCCACG,0,5277928
zapB_predicted,0.16666666666666666,5,5,TTATATCACATCGTCGCGGT,0,5286797
zapB_predicted,0.16666666666666666,5,5,TTAGTGGTGGGTTTTGCCGA,0,5279125
zapB_predicted,0.16666666666666666,5,5,TTACGACCGGGGGGAGCATT,0,5263562
zapB_predicted,0.16666666666666666,5,5,TTAAAATATGTGTTGGCCCA,0,5287643
zapB_predicted,0.16666666666666666,5,5,TGTTGGATGGGGATATTCAG,0,5283841
zapB_predicted,0.16666666666666666,5,5,TGTTAGCAGTGCGAACCCAC,0,5270065
zapB_predicted,0.16666666666666666,5,5,TGTGTCGGCACAATTATACC,0,5279442
zapB_predicted,0.16666666666666666,5,5,TGTGTCATTGGTGGTTAGTA,0,5269225
zapB_predicted,0.16666666666666666,5,5,TGTGATAAGCGGGGATCACT,0,5280884
zapB_predicted,0.16666666666666666,5,5,TGTAATACTCTGCATACTTC,0,5285544
zapB_predicted,0.16666666666666666,5,5,TGTAAGCGTTCCCCCGGGGG,0,5279827
zapB_predicted,0.16666666666666666,5,5,TGGTTAGGAGTAGAACTATA,0,5279470
zapB_predicted,0.16666666666666666,5,5,TGGGTAACGTGCCAGGTTGG,0,5287470
zapB_predicted,0.16666666666666666,5,5,TGGGAACCGTACAGTTTACA,0,5274550
zapB_predicted,0.16666666666666666,5,5,TGGCCGCCACACTGGGGTCC,0,5270177
zapB_predicted,0.16666666666666666,5,5,TGGCCGACAGATGTGTACGC,0,5272140
zapB_predicted,0.16666666666666666,5,5,TGGCCCACTTGGATGGTGAG,0,5273645
zapB_predicted,0.16666666666666666,5,5,TGCTGGGTGTAATTAGTGCA,0,5274369
zapB_predicted,0.16666666666666666,5,5,TGCATTTACGGGTCCACCAC,0,5284150
zapB_predicted,0.16666666666666666,5,5,TGCATTATTGCGCGGTACGC,0,5275466
zapB_predicted,0.16666666666666666,5,5,TGCAGACCATCGAGAGTATT,0,5263549
zapB_predicted,0.16666666666666666,5,5,TGAGGCAGATGTAAGTGTTT,0,5266252
zapB_predicted,0.16666666666666666,5,5,TGAGATACGGTCAGGTGGCT,0,5277588
zapB_predicted,0.16666666666666666,5,5,TGAAACCGTTTTCAGTGTTA,0,5274111
zapB_predicted,0.16666666666666666,5,5,TCTTTTAACGGCAGAAGCCT,0,5268150
zapB_predicted,0.16666666666666666,5,5,TCTTACGGATTCGCGGTGGT,0,5277486
zapB_predicted,0.16666666666666666,5,5,TCTGGGTTTAGCCCTCGACC,0,5282699
zapB_predicted,0.16666666666666666,5,5,TCTGACGGCACCCGCTCCGA,0,5263899
zapB_predicted,0.16666666666666666,5,5,TCGTTAGGCGGGATCTTATC,0,5264219
zapB_predicted,0.16666666666666666,5,5,TCGTCAAAACCAGCTGTGTC,0,5287831
zapB_predicted,0.16666666666666666,5,5,TCGGCCACGCTAAGACGATA,0,5277551
zapB_predicted,0.16666666666666666,5,5,TCGGCATTCAATTGCCACCG,0,5278964
zapB_predicted,0.16666666666666666,5,5,TCGCTCTTCCATTTCGCTAT,0,5278630
zapB_predicted,0.16666666666666666,5,5,TCGATTCCGTCGTGCGCCAT,0,5282114
zapB_predicted,0.16666666666666666,5,5,TCCTCAGAAGATCCTTTAGA,0,5265030
zapB_predicted,0.16666666666666666,5,5,TCCTAAGGTTTGTTCTCATG,0,5284403
zapB_predicted,0.16666666666666666,5,5,TCCGCGTGCAAAACTTGTGA,0,5278005
zapB_predicted,0.16666666666666666,5,5,TCCAATTGCCTCGTTCAGCC,0,5281968
zapB_predicted,0.16666666666666666,5,5,TCATAACTCCTGATTCCTGC,0,5266930
zapB_predicted,0.16666666666666666,5,5,TCACTGGGCCGTATGTAAGT,0,5264726
zapB_predicted,0.16666666666666666,5,5,TCACGCATCGCCGATAGCTC,0,5285210
zapB_predicted,0.16666666666666666,5,5,TCAAATCCGGAGTCTTATGT,0,5268950
zapB_predicted,0.16666666666666666,5,5,TCAAAGAGTTTTTAACATAC,0,5267476
zapB_predicted,0.16666666666666666,5,5,TATTTCAGGGCTGGCTAAGG,0,5267393
zapB_predicted,0.16666666666666666,5,5,TATCTGGACTTCCGTGGTTT,0,5275974
zapB_predicted,0.16666666666666666,5,5,TATAGATCTGGGGTATTAGT,0,5281540
zapB_predicted,0.16666666666666666,5,5,TATAAACGCGGACAGTTCTT,0,5263040
zapB_predicted,0.16666666666666666,5,5,TAGGAAAATAGGGAAGAGTT,0,5273930
zapB_predicted,0.16666666666666666,5,5,TAGCAGTTGCCATTTTTACA,0,5285927
zapB_predicted,0.16666666666666666,5,5,TAGATGTCGATCACCCGGTC,0,5264415
zapB_predicted,0.16666666666666666,5,5,TAGAGTAGCCTCTGAATGTT,0,5267109
zapB_predicted,0.16666666666666666,5,5,TACTTGCCGTATACGCGGAG,0,5284695
zapB_predicted,0.16666666666666666,5,5,TACTTGAACTAAACCGTTTG,0,5275638
zapB_predicted,0.16666666666666666,5,5,TACGGGACGCTCATCCCCGG,0,5278722
zapB_predicted,0.16666666666666666,5,5,TACGACCCGAGTCGGAAATT,0,5275450
zapB_predicted,0.16666666666666666,5,5,TACAGGGAACTTACAACTCG,0,5281260
zapB_predicted,0.16666666666666666,5,5,TAATTAATGCTGGGGTTTTT,0,5279831
zapB_predicted,0.16666666666666666,5,5,TAATGCTGGAAGTACTAGCG,0,5275807
zapB_predicted,0.16666666666666666,5,5,TAACAGGAGTGGCGAAACGC,0,5271626
zapB_predicted,0.16666666666666666,5,5,TAAACTTCGTTTGCAGGCTA,0,5266741
zapB_predicted,0.16666666666666666,5,5,GTTTGTCTATGTTGGACTAG,0,5280796
zapB_predicted,0.16666666666666666,5,5,GTTTATCTCTCTCGTATTGG,0,5284754
zapB_predicted,0.16666666666666666,5,5,GTTGTCTCGAGTAAACCATT,0,5268646
zapB_predicted,0.16666666666666666,5,5,GTTGAATGGTTCAGTTCATA,0,5277251
zapB_predicted,0.16666666666666666,5,5,GTTCACTAGAGTGTGACCTT,0,5274248
zapB_predicted,0.16666666666666666,5,5,GTTACACAGTTGAACAAGAT,0,5285316
zapB_predicted,0.16666666666666666,5,5,GTGTTATGAAAAGGGGGCAA,0,5279045
zapB_predicted,0.16666666666666666,5,5,GTGTGTTTCCAGCGTGCGTT,0,5267532
zapB_predicted,0.16666666666666666,5,5,GTGGCTATTTAGGTTCATTG,0,5272735
zapB_predicted,0.16666666666666666,5,5,GTCTTCGTGCGCGCCTCTAT,0,5271628
zapB_predicted,0.16666666666666666,5,5,GTCTGTAAACCGGCATACAG,0,5287250
zapB_predicted,0.16666666666666666,5,5,GTCTGGCTTAGGGACTGCGG,0,5275743
zapB_predicted,0.16666666666666666,5,5,GTCTAGAAAGCATGGGGGTG,0,5285588
zapB_predicted,0.16666666666666666,5,5,GTCGTCCTCGGCTCCTCGAA,0,5275539
zapB_predicted,0.16666666666666666,5,5,GTCGGTTTGCTGACCATATG,0,5274399
zapB_predicted,0.16666666666666666,5,5,GTCACGCTCCGTGATCACGG,0,5277387
zapB_predicted,0.16666666666666666,5,5,GTCAAACAGCATACAATGTT,0,5282059
zapB_predicted,0.16666666666666666,5,5,GTATTCAGTGTCAGTGCAGA,0,5270661
zapB_predicted,0.16666666666666666,5,5,GTAGATCGTCCTCGTTTAGG,0,5269305
zapB_predicted,0.16666666666666666,5,5,GTACCGACACGAACTTCAAC,0,5265919
zapB_predicted,0.16666666666666666,5,5,GTAATTCGCTTTGTCCTCGC,0,5270033
zapB_predicted,0.16666666666666666,5,5,GTAAATGGACGGTTGATCGA,0,5284088
zapB_predicted,0.16666666666666666,5,5,GGTTGCACGACGTATGGTGG,0,5278442
zapB_predicted,0.16666666666666666,5,5,GGTGTCGTTTAGCAACAGGC,0,5270026
zapB_predicted,0.16666666666666666,5,5,GGTGGAGAACTGCTGATACG,0,5287984
zapB_predicted,0.16666666666666666,5,5,GGTATTTAGAATTATATGGG,0,5268423
zapB_predicted,0.16666666666666666,5,5,GGTATGAAGCTTTAAGAAGA,0,5279654
zapB_predicted,0.16666666666666666,5,5,GGGTTTGGACCCCCAGGCAA,0,5272988
zapB_predicted,0.16666666666666666,5,5,GGGTTAGTCGATCTATAATC,0,5285355
zapB_predicted,0.16666666666666666,5,5,GGGTCTTTGCTTTTCGCGCC,0,5263951
zapB_predicted,0.16666666666666666,5,5,GGGGCGCTTTGCCCTTGGAC,0,5282315
zapB_predicted,0.16666666666666666,5,5,GGCGGGCGAGTCACTCCGGG,0,5280619
zapB_predicted,0.16666666666666666,5,5,GGCGCGGGGGGCTTAGTAGT,0,5267877
zapB_predicted,0.16666666666666666,5,5,GGCCCCGACTGGGTCGCATT,0,5277533
zapB_predicted,0.16666666666666666,5,5,GGCATGTCTTCCCATCGTCC,0,5268676
zapB_predicted,0.16666666666666666,5,5,GGCATAGAAGTCTGTCACGT,0,5283852
zapB_predicted,0.16666666666666666,5,5,GGATCCGAGGTCAGGTGGAA,0,5281493
zapB_predicted,0.16666666666666666,5,5,GGAGCGAAGTACTGAGCTGT,0,5274819
zapB_predicted,0.16666666666666666,5,5,GGACTTTTGCTTCGCGCGTG,0,5265483
zapB_predicted,0.16666666666666666,5,5,GGACCGGGGTGTGTGTCGGG,0,5267942
zapB_predicted,0.16666666666666666,5,5,GCTTCGTTGCCCTGTAGGGA,0,5263351
zapB_predicted,0.16666666666666666,5,5,GCTTAAGGATACGGCAAGCG,0,5273269
zapB_predicted,0.16666666666666666,5,5,GCTCTCGTCTTCATACACGT,0,5276596
zapB_predicted,0.16666666666666666,5,5,GCTCAATGACAGATAGATTC,0,5284068
zapB_predicted,0.16666666666666666,5,5,GCGGGTGATAGCTACGACCG,0,5275025
zapB_predicted,0.16666666666666666,5,5,GCGCTTTGTAGCCTCCCTAC,0,5268451
zapB_predicted,0.16666666666666666,5,5,GCGCGGCGGTTCCAAACCTG,0,5263732
zapB_predicted,0.16666666666666666,5,5,GCGCGACAATCGACGTTCTT,0,5271288
zapB_predicted,0.16666666666666666,5,5,GCCTTCCAAGAAGAGCTTCC,0,5267883
zapB_predicted,0.16666666666666666,5,5,GCCGTTGGCCGGAAAAAGCT,0,5266781
zapB_predicted,0.16666666666666666,5,5,GCCGGGAACAGCAGCGAAGG,0,5283014
zapB_predicted,0.16666666666666666,5,5,GCCCAGATCATTCTAATGCC,0,5276244
zapB_predicted,0.16666666666666666,5,5,GCCATCTGAAACTGAACGCG,0,5277822
zapB_predicted,0.16666666666666666,5,5,GCCAGTCCGAATGGAGATTA,0,5273290
zapB_predicted,0.16666666666666666,5,5,GCATAGCCAAGTCGAACTTT,0,5280477
zapB_predicted,0.16666666666666666,5,5,GCAGGGAGTGGACCGACGTG,0,5266128
zapB_predicted,0.16666666666666666,5,5,GCAGAGGAGGGATGTAAGGT,0,5279095
zapB_predicted,0.16666666666666666,5,5,GCACTATTGTTTGTGGGACA,0,5274552
zapB_predicted,0.16666666666666666,5,5,GCACTAAGTAAACTTTGTTA,0,5274669
zapB_predicted,0.16666666666666666,5,5,GCAAGCATAATAGATCCCCT,0,5280535
zapB_predicted,0.16666666666666666,5,5,GCAACTGTGGTCGAAAGTGT,0,5274013
zapB_predicted,0.16666666666666666,5,5,GATTGCCACTGGCATTACCC,0,5276899
zapB_predicted,0.16666666666666666,5,5,GATGTTTTTAACTAACGTCT,0,5273794
zapB_predicted,0.16666666666666666,5,5,GATGCAGTCCCTGTCCGTGA,0,5274646
zapB_predicted,0.16666666666666666,5,5,GATCAACCCGAAATCATAGT,0,5268494
zapB_predicted,0.16666666666666666,5,5,GATAGGCTAGCCCTTGTCTG,0,5275742
zapB_predicted,0.16666666666666666,5,5,GATAACAGCCCTTAACACAT,0,5263062
zapB_predicted,0.16666666666666666,5,5,GATAAACTTCGCTCTCGCCA,0,5284601
zapB_predicted,0.16666666666666666,5,5,GAGTGGCAGGGTCTAAAAGT,0,5264236
zapB_predicted,0.16666666666666666,5,5,GAGTCCCGTTAAGTCTGTAA,0,5277471
zapB_predicted,0.16666666666666666,5,5,GAGGTAGGTAACCGGTGAGG,0,5265803
zapB_predicted,0.16666666666666666,5,5,GAGCCGGGGATCCAAACATT,0,5269693
zapB_predicted,0.16666666666666666,5,5,GAGCCCACAGTCTGAACTAA,0,5283440
zapB_predicted,0.16666666666666666,5,5,GACTGAGCGTCTTTTCTGTT,0,5282068
zapB_predicted,0.16666666666666666,5,5,GACCTACGCCCTTCGATTAA,0,5264570
zapB_predicted,0.16666666666666666,5,5,GAATTCTTTATACGACTAAC,0,5272765
zapB_predicted,0.16666666666666666,5,5,GAATCTGTCCTTGGCCAGGA,0,5265490
zapB_predicted,0.16666666666666666,5,5,GAATACAGTCAGAGGTCAAT,0,5284661
zapB_predicted,0.16666666666666666,5,5,GAAGTTATCGCGAACCGGCA,0,5276364
zapB_predicted,0.16666666666666666,5,5,GAAGCCGGAATACTCCATAG,0,5265892
zapB_predicted,0.16666666666666666,5,5,CTTTTGCTACCCCCGGGCTC,0,5276790
zapB_predicted,0.16666666666666666,5,5,CTTTAAACGTATTTGCCTGC,0,5268341
zapB_predicted,0.16666666666666666,5,5,CTTGTCTACCACAGTGGGCA,0,5271311
zapB_predicted,0.16666666666666666,5,5,CTTGCTACGCGCGCGTGAAG,0,5281727
zapB_predicted,0.16666666666666666,5,5,CTGTTTCTACGGAGTACAGC,0,5274926
zapB_predicted,0.16666666666666666,5,5,CTGTGTAGGGCTTGATGCCT,0,5279097
zapB_predicted,0.16666666666666666,5,5,CTGGTAAGTGCGTACGTAAA,0,5277130
zapB_predicted,0.16666666666666666,5,5,CTGGCGGTAATGCTCCACTG,0,5269380
zapB_predicted,0.16666666666666666,5,5,CTGCTTAGACTTAACCAGTG,0,5267694
zapB_predicted,0.16666666666666666,5,5,CTGCCTGCGGCCCGAAAGGC,0,5265465
zapB_predicted,0.16666666666666666,5,5,CTGACAGGCGACCCACGCCT,0,5277021
zapB_predicted,0.16666666666666666,5,5,CTCGGAGCGCATGCTGCAGA,0,5273864
zapB_predicted,0.16666666666666666,5,5,CTCCTTCTGCAAAGCATTTC,0,5265496
zapB_predicted,0.16666666666666666,5,5,CTCCTCAGGCAGGGGTCCCA,0,5282568
zapB_predicted,0.16666666666666666,5,5,CTCCGCAGGTAGAATGGGAG,0,5285061
zapB_predicted,0.16666666666666666,5,5,CTCATTTGATACCTATGTCC,0,5273236
zapB_predicted,0.16666666666666666,5,5,CTCAGCAATTGAAGAAATGT,0,5266188
zapB_predicted,0.16666666666666666,5,5,CTATCCACGCTCACGCAACT,0,5269989
zapB_predicted,0.16666666666666666,5,5,CTATACTTCAAGACTTTAAT,0,5282302
zapB_predicted,0.16666666666666666,5,5,CTAGTGCAGCGGTGGATTAA,0,5264146
zapB_predicted,0.16666666666666666,5,5,CTAGCTTGGCAACGGTAGCT,0,5273618
zapB_predicted,0.16666666666666666,5,5,CTAGAGCTATGAATGCGATA,0,5286314
zapB_predicted,0.16666666666666666,5,5,CTACTGTTTTACCGCGAATT,0,5279084
zapB_predicted,0.16666666666666666,5,5,CTAAGTTCGACCTATCCCAA,0,5286125
zapB_predicted,0.16666666666666666,5,5,CGTTTTGGTAAGGAACGAGC,0,5280603
zapB_predicted,0.16666666666666666,5,5,CGTTCCTCAAGAAAGTAGAA,0,5287852
zapB_predicted,0.16666666666666666,5,5,CGTCGCGCGGCACTCATATT,0,5273872
zapB_predicted,0.16666666666666666,5,5,CGTAGAACGTCAATTGGCTC,0,5285037
zapB_predicted,0.16666666666666666,5,5,CGTAAGGGATAGTTTAAGTG,0,5263821
zapB_predicted,0.16666666666666666,5,5,CGTAAAGATGAGGGCCTTCC,0,5263600
zapB_predicted,0.16666666666666666,5,5,CGGTGTTTCAGTCGTCTTCT,0,5272565
zapB_predicted,0.16666666666666666,5,5,CGGTGGCGTTTTAAACAAAC,0,5268823
zapB_predicted,0.16666666666666666,5,5,CGGTAAACCGTCAGTAGAAG,0,5282911
zapB_predicted,0.16666666666666666,5,5,CGGGTGAGGTTAATCAATCG,0,5269595
zapB_predicted,0.16666666666666666,5,5,CGGCTTGGCCCCATACATCC,0,5275888
zapB_predicted,0.16666666666666666,5,5,CGGCGCTAACCGCGAGAAGA,0,5269497
zapB_predicted,0.16666666666666666,5,5,CGGCGATATCTATCACTGGT,0,5272324
zapB_predicted,0.16666666666666666,5,5,CGGCCATCAAATTCCCGTGA,0,5266161
zapB_predicted,0.16666666666666666,5,5,CGGCAAATTGTGTCGTGCCG,0,5270000
zapB_predicted,0.16666666666666666,5,5,CGCTGCGTTGGCTAGACGTC,0,5275510
zapB_predicted,0.16666666666666666,5,5,CGCTCTTTATCCGCGCGGGG,0,5266349
zapB_predicted,0.16666666666666666,5,5,CGCGAGTCGGAGGGTGGATG,0,5269472
zapB_predicted,0.16666666666666666,5,5,CGCGAAGTAATTATTGTCTG,0,5280214
zapB_predicted,0.16666666666666666,5,5,CGCCTAACTGGGTCGCCATA,0,5271219
zapB_predicted,0.16666666666666666,5,5,CGCCGCCATCTATTGACCTT,0,5287524
zapB_predicted,0.16666666666666666,5,5,CGCCCGAACGTGGAAGCCCC,0,5272747
zapB_predicted,0.16666666666666666,5,5,CGCAAACGGCACACGCGCCT,0,5278483
zapB_predicted,0.16666666666666666,5,5,CGACGCGGGTAACTGTAGGG,0,5263381
zapB_predicted,0.16666666666666666,5,5,CGACCCGAGTAAATGCGGTT,0,5283575
zapB_predicted,0.16666666666666666,5,5,CCTTAAGGGGCCTAATAGCA,0,5288402
zapB_predicted,0.16666666666666666,5,5,CCTTAAGGCACGTCGGCTAT,0,5279241
zapB_predicted,0.16666666666666666,5,5,CCTACAGCGTAACTCAATAG,0,5275954
zapB_predicted,0.16666666666666666,5,5,CCTAATGCAAATTTTGATTA,0,5287994
zapB_predicted,0.16666666666666666,5,5,CCGTATACCTTTCGATAAGT,0,5276658
zapB_predicted,0.16666666666666666,5,5,CCGGGTCATTTTGACTATTT,0,5274948
zapB_predicted,0.16666666666666666,5,5,CCGGCTTAGCGCAGCCAGTA,0,5266163
zapB_predicted,0.16666666666666666,5,5,CCGGCACTTCTAAATTTTAA,0,5270393
zapB_predicted,0.16666666666666666,5,5,CCGCTGGAATGTAAGGCTCC,0,5288290
zapB_predicted,0.16666666666666666,5,5,CCGCTCTAAGGAGATGCTGT,0,5284827
zapB_predicted,0.16666666666666666,5,5,CCGAGAGCTACGTCGCCCTC,0,5285225
zapB_predicted,0.16666666666666666,5,5,CCCTGGTGAAATTCCCGTCC,0,5276359
zapB_predicted,0.16666666666666666,5,5,CCCTGCTTCGCGTTGCTTGG,0,5287371
zapB_predicted,0.16666666666666666,5,5,CCCTGCTGCTGGAATTGATA,0,5286440
zapB_predicted,0.16666666666666666,5,5,CCCTGCTACAACCGGTAGAT,0,5288205
zapB_predicted,0.16666666666666666,5,5,CCCTAGCTGACGCTTTCTCA,0,5276040
zapB_predicted,0.16666666666666666,5,5,CCCACTCTCGATAGGCTTGT,0,5270511
zapB_predicted,0.16666666666666666,5,5,CCATCGTCGGAGTAAGCCTG,0,5286748
zapB_predicted,0.16666666666666666,5,5,CCATCGGCGAAGATCAAGAG,0,5281059
zapB_predicted,0.16666666666666666,5,5,CCATCAAATGTCCGCTTCAA,0,5264445
zapB_predicted,0.16666666666666666,5,5,CATGAGTCATCGCCTCGAAG,0,5271706
zapB_predicted,0.16666666666666666,5,5,CATCCGGGTAACCCAATCTG,0,5287065
zapB_predicted,0.16666666666666666,5,5,CATATTGGCATTGCCATTTA,0,5284542
zapB_predicted,0.16666666666666666,5,5,CATAACAAGAGTATTGGGTG,0,5280792
zapB_predicted,0.16666666666666666,5,5,CAGTCATGAAGTTACTAGGC,0,5263461
zapB_predicted,0.16666666666666666,5,5,CAGGTTCACTAAAACTCCTG,0,5279307
zapB_predicted,0.16666666666666666,5,5,CAGGTCGCCAATAGTCAACA,0,5281215
zapB_predicted,0.16666666666666666,5,5,CAGCTCGATGCTGTAAATCA,0,5271537
zapB_predicted,0.16666666666666666,5,5,CACTCAGAACTTGGGAACCG,0,5273103
zapB_predicted,0.16666666666666666,5,5,CACGTGAAAAGTTGGTCGCA,0,5265115
zapB_predicted,0.16666666666666666,5,5,CACGGTTACAGTTCTTATGC,0,5263304
zapB_predicted,0.16666666666666666,5,5,CACCTGCTACCCTTATTGGG,0,5273632
zapB_predicted,0.16666666666666666,5,5,CACAGATTGTTGTCCCAATT,0,5282326
zapB_predicted,0.16666666666666666,5,5,CAAGGTTAGTTCTCAAGCGT,0,5283827
zapB_predicted,0.16666666666666666,5,5,CAAGCGCTGAATTTGCCCGG,0,5276720
zapB_predicted,0.16666666666666666,5,5,CAAGCCGATTGATTTCGGAC,0,5269218
zapB_predicted,0.16666666666666666,5,5,CAACGAACCTGGGTATATCT,0,5268816
zapB_predicted,0.16666666666666666,5,5,CAACCCGGTAGACTCCCGAC,0,5277032
zapB_predicted,0.16666666666666666,5,5,ATTTTTAAAATGTGTAAATC,0,5264206
zapB_predicted,0.16666666666666666,5,5,ATTGGGAGGACAAACGACTA,0,5270753
zapB_predicted,0.16666666666666666,5,5,ATTGCGGTAGCAGGACATTT,0,5264987
zapB_predicted,0.16666666666666666,5,5,ATTCAAAAGCGAAAGCTTAA,0,5273904
zapB_predicted,0.16666666666666666,5,5,ATTAATGAAAGTTGTCGAGC,0,5283992
zapB_predicted,0.16666666666666666,5,5,ATTAAGAGATCAAGCGTTGA,0,5277673
zapB_predicted,0.16666666666666666,5,5,ATGGGCTTTATTAAGCTAGA,0,5279213
zapB_predicted,0.16666666666666666,5,5,ATGGGCGAGGTTGACTTAAA,0,5270650
zapB_predicted,0.16666666666666666,5,5,ATGGGAGTAGTCTTTAAGCC,0,5279407
zapB_predicted,0.16666666666666666,5,5,ATCTGCCGTTGGATCTGAAT,0,5282558
zapB_predicted,0.16666666666666666,5,5,ATCCGCAGTGAATGGCGCTG,0,5275766
zapB_predicted,0.16666666666666666,5,5,ATCAGTAGCCCCCACGCCCC,0,5272150
zapB_predicted,0.16666666666666666,5,5,ATATGATAAGAAAGCACTAA,0,5264857
zapB_predicted,0.16666666666666666,5,5,ATAGGGATTATCCGGAGGTT,0,5281497
zapB_predicted,0.16666666666666666,5,5,ATACCTACTCGCCCTGAATC,0,5267613
zapB_predicted,0.16666666666666666,5,5,ATAATGCGAGCACCTTTGAC,0,5267386
zapB_predicted,0.16666666666666666,5,5,ATAATCTGTCCTCAACATCA,0,5267299
zapB_predicted,0.16666666666666666,5,5,ATAAGATCGGGGTCAACAAG,0,5266887
zapB_predicted,0.16666666666666666,5,5,ATAAAGCCATCCCACCTTCG,0,5280072
zapB_predicted,0.16666666666666666,5,5,AGTTCATAAGACGGTAACAG,0,5286167
zapB_predicted,0.16666666666666666,5,5,AGTAAGTCGGCCTGCTGTTG,0,5268691
zapB_predicted,0.16666666666666666,5,5,AGGGCTTACGGAACAAGGAA,0,5268833
zapB_predicted,0.16666666666666666,5,5,AGGGCAGTCTGGCGGACACA,0,5280849
zapB_predicted,0.16666666666666666,5,5,AGGGATTAAAGCTCTTTTGC,0,5288079
zapB_predicted,0.16666666666666666,5,5,AGGACATGAGCAGTTAGTTG,0,5285135
zapB_predicted,0.16666666666666666,5,5,AGCCGCTTGGTGGCATCCAG,0,5274091
zapB_predicted,0.16666666666666666,5,5,AGCCCTGCGCTTTTTTGTAG,0,5275187
zapB_predicted,0.16666666666666666,5,5,AGATCAAGGGACCCGAGAGG,0,5279015
zapB_predicted,0.16666666666666666,5,5,AGAGATAGGAAGTGGAGATT,0,5274349
zapB_predicted,0.16666666666666666,5,5,AGAGAGTAAGACGATCCGCA,0,5272475
zapB_predicted,0.16666666666666666,5,5,AGACTGATGCGCATGGTCAA,0,5285759
zapB_predicted,0.16666666666666666,5,5,AGACGTGTAGACTGACAGTG,0,5270382
zapB_predicted,0.16666666666666666,5,5,AGAAGCGCGGAAACTCAGAC,0,5268263
zapB_predicted,0.16666666666666666,5,5,ACTTTGCCAACGGCGCCCAA,0,5278576
zapB_predicted,0.16666666666666666,5,5,ACTGGAAAGCGGCTTTGCTT,0,5279042
zapB_predicted,0.16666666666666666,5,5,ACTCTGTTTGGCATAGCAGA,0,5264727
zapB_predicted,0.16666666666666666,5,5,ACTCGGCCCCTAGGTGTGGT,0,5276034
zapB_predicted,0.16666666666666666,5,5,ACGGGCGTCATGGCTTAAGG,0,5271648
zapB_predicted,0.16666666666666666,5,5,ACGGGCGCAAGTCCCATTCC,0,5282813
zapB_predicted,0.16666666666666666,5,5,ACGGACTTGCATCACACTTC,0,5275976
zapB_predicted,0.16666666666666666,5,5,ACGCGGGTAGGTTACTGTGT,0,5268462
zapB_predicted,0.16666666666666666,5,5,ACGCGATTGTGATGGTAAGG,0,5274387
zapB_predicted,0.16666666666666666,5,5,ACGAGACAAGCTGCGAAATA,0,5266909
zapB_predicted,0.16666666666666666,5,5,ACCTCGAGGTCGGAACGTTG,0,5285126
zapB_predicted,0.16666666666666666,5,5,ACCGTAAAATTACATTATAG,0,5281402
zapB_predicted,0.16666666666666666,5,5,ACCGCCCAGAATGGTGAGGC,0,5271746
zapB_predicted,0.16666666666666666,5,5,ACCCGAGTTTTAAGAGATTT,0,5269903
zapB_predicted,0.16666666666666666,5,5,ACCAGCGCCGGGTTGTAGTT,0,5269854
zapB_predicted,0.16666666666666666,5,5,ACCAAAGTGTAAGTGTATCA,0,5271926
zapB_predicted,0.16666666666666666,5,5,ACACCGAACAGTAAGAAACG,0,5274812
zapB_predicted,0.16666666666666666,5,5,ACAACGACTATGTACTGCCT,0,5282737
zapB_predicted,0.16666666666666666,5,5,AATTCGAGGATGCATTAGCA,0,5272709
zapB_predicted,0.16666666666666666,5,5,AATTATTCTATTAGTTTTCT,0,5274344
zapB_predicted,0.16666666666666666,5,5,AATTATGCGTCGAAAGACAC,0,5282125
zapB_predicted,0.16666666666666666,5,5,AATGGCCATTGCAAAAATAC,0,5284142
zapB_predicted,0.16666666666666666,5,5,AATCCAGGGCCAAGCACACT,0,5276872
zapB_predicted,0.16666666666666666,5,5,AATCCACCAGAATGATGAGT,0,5288269
zapB_predicted,0.16666666666666666,5,5,AATAAGCCCGGTGACAGTAA,0,5266154
zapB_predicted,0.16666666666666666,5,5,AAGGAGATCGTAGACTATAT,0,5267923
zapB_predicted,0.16666666666666666,5,5,AAGATTTAAACTTAGTCAAC,0,5277566
zapB_predicted,0.16666666666666666,5,5,AAGACTTCAGTTGCGCAAGC,0,5268259
zapB_predicted,0.16666666666666666,5,5,AAGAAGGCATTTAAGGGTGG,0,5279921
zapB_predicted,0.16666666666666666,5,5,AACTGTCATCCGGCGGCATT,0,5270894
zapB_predicted,0.16666666666666666,5,5,AACTATCTCGCCACTCCATA,0,5286862
zapB_predicted,0.16666666666666666,5,5,AACGTTGGCACGGGGGGGGG,0,5272959
zapB_predicted,0.16666666666666666,5,5,AACGTAAAAAAAGTTACATT,0,5271357
zapB_predicted,0.16666666666666666,5,5,AACGGCACCCAACTACGCAT,0,5282799
zapB_predicted,0.16666666666666666,5,5,AACGCTGGTAATTTGCCAAC,0,5270465
zapB_predicted,0.16666666666666666,5,5,AACGCTACCGAACAGGAGCA,0,5267295
zapB_predicted,0.16666666666666666,5,5,AAATATCAGCCGTTATTACT,0,5274572
zapB_predicted,0.16666666666666666,5,5,AAAGGGATACCACCGGATGA,0,5277178
zapB_predicted,0.16666666666666666,5,5,AAACATTGGATGAGAGCATC,0,5268138
zapB_predicted,0.16666666666666666,5,5,AAAACGGTTATGATGGGTGG,0,5273275
zapB_predicted,0.16666666666666666,5,5,AAAACAAGGAGGTCAATCTA,0,5287708
zapB_predicted,0.2,4,4,TTTTCGGTTCTCTGTGGACA,0,5285361
zapB_predicted,0.2,4,4,TTTGGTGGCGGGTGGAGTAA,0,5275503
zapB_predicted,0.2,4,4,TTTCGTATGGGTCCCGGTAA,0,5270517
zapB_predicted,0.2,4,4,TTTAGTCAACCTTGACTTAG,0,5265400
zapB_predicted,0.2,4,4,TTTACGTCCAGGTGACAGGA,0,5286254
zapB_predicted,0.2,4,4,TTTACGGTAGGTAACCTCAT,0,5263279
zapB_predicted,0.2,4,4,TTGTTTAGGAGCTTCTCACC,0,5273474
zapB_predicted,0.2,4,4,TTGTTCAAATAACGATGTCT,0,5268795
zapB_predicted,0.2,4,4,TTGGTCCGGTCATTGTACAT,0,5263318
zapB_predicted,0.2,4,4,TTGCACATCAGGGGGCATCG,0,5275107
zapB_predicted,0.2,4,4,TTCTTTGGCTCTAGCATATT,0,5275156
zapB_predicted,0.2,4,4,TTCTCTGCACTACGTGATGG,0,5277568
zapB_predicted,0.2,4,4,TTCGCGCGACCTCATATCTG,0,5283058
zapB_predicted,0.2,4,4,TTCGCCTCGAATCGTCCATT,0,5274540
zapB_predicted,0.2,4,4,TTCCGCTTGCCACTAGGACC,0,5263265
zapB_predicted,0.2,4,4,TTCATAATCTAGCGGGACCG,0,5273239
zapB_predicted,0.2,4,4,TTCAGCAGCGCGACCGCAGG,0,5275872
zapB_predicted,0.2,4,4,TTCAGAATCGTCAGGTTGAG,0,5271791
zapB_predicted,0.2,4,4,TTCACGCATATCATCGGGGG,0,5281323
zapB_predicted,0.2,4,4,TTCAACAGTCAGAGTTGTTC,0,5274372
zapB_predicted,0.2,4,4,TTATTAGTGGGGTAGCGGCA,0,5266830
zapB_predicted,0.2,4,4,TTATATTCATCAAGGTGTCT,0,5264543
zapB_predicted,0.2,4,4,TTATATGCAGCGTTCATTTT,0,5276375
zapB_predicted,0.2,4,4,TTAGTATTGGGAATGCCCCG,0,5273412
zapB_predicted,0.2,4,4,TTAATCCCGCCACATTTTTA,0,5286523
zapB_predicted,0.2,4,4,TTAACATGGTGATGGGGCTA,0,5271847
zapB_predicted,0.2,4,4,TGTTCTCAGTGACAGGTTGT,0,5269255
zapB_predicted,0.2,4,4,TGTTACTATTTGCAGTGGTC,0,5281906
zapB_predicted,0.2,4,4,TGTGTCGATTGGGCGTCAGG,0,5277444
zapB_predicted,0.2,4,4,TGTAATTAATTTAGGGCCTG,0,5272339
zapB_predicted,0.2,4,4,TGGTCCCTGGGTCGTCCACA,0,5272343
zapB_predicted,0.2,4,4,TGGCAACGCAAACGTATGAA,0,5263573
zapB_predicted,0.2,4,4,TGGCAAAGGAGTCGGCCTGA,0,5264338
zapB_predicted,0.2,4,4,TGGAGCTTATAAAGTCATCG,0,5288196
zapB_predicted,0.2,4,4,TGGAGACCAGGACAAACTAC,0,5267176
zapB_predicted,0.2,4,4,TGGACGTTGACAGTGCCTAC,0,5283796
zapB_predicted,0.2,4,4,TGCTGTCGATTATCTCAGTT,0,5282723
zapB_predicted,0.2,4,4,TGCTCCTCACTTCGTGCCAA,0,5268998
zapB_predicted,0.2,4,4,TGCGGCGCAGGGAAAGGTCG,0,5286699
zapB_predicted,0.2,4,4,TGCATATGATCGCCGTGTAT,0,5278739
zapB_predicted,0.2,4,4,TGCACGTGGGGGGAATCCGA,0,5269812
zapB_predicted,0.2,4,4,TGCAAGGTGCCTGATGGGCC,0,5275586
zapB_predicted,0.2,4,4,TGATTATAAATGCAATGTGC,0,5283351
zapB_predicted,0.2,4,4,TGAGGCGCTCTAGTAAGAAT,0,5271708
zapB_predicted,0.2,4,4,TGACAGTAGTTATCTTATGG,0,5287811
zapB_predicted,0.2,4,4,TGAATACAGATAAGTTCCGG,0,5269320
zapB_predicted,0.2,4,4,TCTGTACTGGTACGCTGGTC,0,5270656
zapB_predicted,0.2,4,4,TCTGGGTTCTACGGTCTTAC,0,5271970
zapB_predicted,0.2,4,4,TCTGACTACCGGGCACACAC,0,5272703
zapB_predicted,0.2,4,4,TCTCTCAGCGGGAAGTACGT,0,5271825
zapB_predicted,0.2,4,4,TCTCCTGGTTCTGTTCCGAA,0,5266877
zapB_predicted,0.2,4,4,TCTCATGTTCAGACCGGACA,0,5270223
zapB_predicted,0.2,4,4,TCTATGTTTGCCCCGTCCTA,0,5286221
zapB_predicted,0.2,4,4,TCGTTACCTTGTCGTGAGCC,0,5282377
zapB_predicted,0.2,4,4,TCGTCATTTGGACCTCTAAG,0,5282258
zapB_predicted,0.2,4,4,TCGGGCATCGGGATTACTCA,0,5266576
zapB_predicted,0.2,4,4,TCGCGGGTATGATAATCTTT,0,5274664
zapB_predicted,0.2,4,4,TCGCCTGTCCAGATAACGCT,0,5280913
zapB_predicted,0.2,4,4,TCGCCATAGCGAGCTATGCC,0,5286656
zapB_predicted,0.2,4,4,TCGCACTACTTACCTAAAAT,0,5284069
zapB_predicted,0.2,4,4,TCGAAGGGTGCTACTATGAA,0,5274892
zapB_predicted,0.2,4,4,TCCGGATCGTCGGTGTATGG,0,5267067
zapB_predicted,0.2,4,4,TCCGACGTTCACGTAAGGTT,0,5285861
zapB_predicted,0.2,4,4,TCCCTCCCTCATGAGGGCGC,0,5274132
zapB_predicted,0.2,4,4,TCCCCTCTCTTTAATTGAGA,0,5278549
zapB_predicted,0.2,4,4,TCCACTCTCCTGCGAGAAGG,0,5282065
zapB_predicted,0.2,4,4,TCATTTCGATTTCCGATGTC,0,5279540
zapB_predicted,0.2,4,4,TCATAGACCCGAGTTGGCCA,0,5283993
zapB_predicted,0.2,4,4,TCAGTGAGCAGACTGGTCGC,0,5280760
zapB_predicted,0.2,4,4,TCACGAAAGAAAGCGCCGTA,0,5272016
zapB_predicted,0.2,4,4,TCAATGTGAGACAGCCGCTA,0,5287727
zapB_predicted,0.2,4,4,TATTCCAAGCGGTTTGAATC,0,5273668
zapB_predicted,0.2,4,4,TATGAGGTTATAAAGGACAT,0,5271659
zapB_predicted,0.2,4,4,TATCTTCGAAACTACCGTTG,0,5263088
zapB_predicted,0.2,4,4,TATAGTGAAACTCCTCCCGT,0,5282521
zapB_predicted,0.2,4,4,TATACGACTGGAATATGGGG,0,5283651
zapB_predicted,0.2,4,4,TAGGTTTGGATGTTGATGCA,0,5266450
zapB_predicted,0.2,4,4,TAGGTGCACAATTAACGTTG,0,5269923
zapB_predicted,0.2,4,4,TAGCATGCCTTCTTGTCCTG,0,5285421
zapB_predicted,0.2,4,4,TACTCATATCAGTGTCCTTA,0,5270202
zapB_predicted,0.2,4,4,TACGGGAGGTGGTGGTAACT,0,5282761
zapB_predicted,0.2,4,4,TACCAACCGGCGCTCACGCT,0,5286659
zapB_predicted,0.2,4,4,TAATGACGCCTAGTGAAACA,0,5278883
zapB_predicted,0.2,4,4,TAATATGTGGGAACAGGTCC,0,5274195
zapB_predicted,0.2,4,4,TAAGGGAGGATCCGCCCAGG,0,5263724
zapB_predicted,0.2,4,4,TAAGATGTCTGTGTTAGTTC,0,5285518
zapB_predicted,0.2,4,4,TAAGATGTCATAGGTGCGAC,0,5279698
zapB_predicted,0.2,4,4,TAACGGGCTCGGCTAGTTTA,0,5278568
zapB_predicted,0.2,4,4,TAAACGAAGTCACGTCAATG,0,5284282
zapB_predicted,0.2,4,4,GTTTGCGACGCGGTTCCGTA,0,5270962
zapB_predicted,0.2,4,4,GTTTCGTATCACTGCGCAGA,0,5267754
zapB_predicted,0.2,4,4,GTTTACGATCTTGCCGCTCC,0,5281931
zapB_predicted,0.2,4,4,GTTGGCACGCATAGGGAACG,0,5282010
zapB_predicted,0.2,4,4,GTTGACGGAGGTAGGACAGG,0,5277009
zapB_predicted,0.2,4,4,GTTGACCTGCGGTGAGGATG,0,5268452
zapB_predicted,0.2,4,4,GTGTCATGCACTCGCTGGGT,0,5272728
zapB_predicted,0.2,4,4,GTGCTGGGCACCGGGGCATT,0,5281494
zapB_predicted,0.2,4,4,GTGAGGTTTCGCAGTTAAGT,0,5284657
zapB_predicted,0.2,4,4,GTGAGGTTAAATGCGCAGGA,0,5278428
zapB_predicted,0.2,4,4,GTGAAGCCTGACGTAAACAT,0,5266046
zapB_predicted,0.2,4,4,GTCGAAGATTTTACCAGGCC,0,5278489
zapB_predicted,0.2,4,4,GTCATGGTACGCACGGCTCA,0,5288380
zapB_predicted,0.2,4,4,GTCACGAGTTCTACCCTCAA,0,5280428
zapB_predicted,0.2,4,4,GTATCCCTGGGGTAGGGACA,0,5274323
zapB_predicted,0.2,4,4,GTAGCGCGATTAGGAGGAGA,0,5283723
zapB_predicted,0.2,4,4,GTAGACTGCAGTTTTCCTCT,0,5272451
zapB_predicted,0.2,4,4,GTAGAACCACGGAAGTTAAA,0,5281503
zapB_predicted,0.2,4,4,GTAACAGGACTTATGTGCAC,0,5283090
zapB_predicted,0.2,4,4,GGTTTGACAGTGCGACTACT,0,5266910
zapB_predicted,0.2,4,4,GGTGTTGTTTGTTCCTTCAC,0,5278575
zapB_predicted,0.2,4,4,GGTCTCGGGCGACGGCACAG,0,5265077
zapB_predicted,0.2,4,4,GGTCGGTGTTCCTGCTCCTG,0,5278823
zapB_predicted,0.2,4,4,GGTCAAATACGAGTTCTGCA,0,5265718
zapB_predicted,0.2,4,4,GGTATCGTTACCGCAGGGGA,0,5288429
zapB_predicted,0.2,4,4,GGTAGTGTACCTTTGGAAAC,0,5269643
zapB_predicted,0.2,4,4,GGGTTCGAGGATGTAGGCTT,0,5275094
zapB_predicted,0.2,4,4,GGGGCAGCCCCACGTAGTAT,0,5280627
zapB_predicted,0.2,4,4,GGGGAGGACGCCTCAAGCGA,0,5270136
zapB_predicted,0.2,4,4,GGGGAACCCACGATTAGAAT,0,5264746
zapB_predicted,0.2,4,4,GGGCTAATTATTTATCCGTG,0,5283482
zapB_predicted,0.2,4,4,GGGAGAACCGTTAGTCTGAG,0,5264295
zapB_predicted,0.2,4,4,GGCGGTGAACCGTCTGTATT,0,5280932
zapB_predicted,0.2,4,4,GGCGATATCCGAAGGAGTCT,0,5269086
zapB_predicted,0.2,4,4,GGCGAATTCGCCCGACGAGG,0,5285458
zapB_predicted,0.2,4,4,GGCCTACATCACCTGCGTGC,0,5269071
zapB_predicted,0.2,4,4,GGCAATCTATTCGAATTGGC,0,5276033
zapB_predicted,0.2,4,4,GGCAAGACATGGAGTTAGGG,0,5273108
zapB_predicted,0.2,4,4,GGCAACTCCTTTCGTCGGCC,0,5278796
zapB_predicted,0.2,4,4,GGATCAAGGCCAAACTATCT,0,5272582
zapB_predicted,0.2,4,4,GGATATACGCTCGGATAGTT,0,5283568
zapB_predicted,0.2,4,4,GGATAGCCCGGTGGTTTAAG,0,5274810
zapB_predicted,0.2,4,4,GGACTTGCGAGTGGCTCCAG,0,5284818
zapB_predicted,0.2,4,4,GGACTGGGGCGCATCATTTT,0,5267918
zapB_predicted,0.2,4,4,GGACTCCGGAGTCTACGGAG,0,5276064
zapB_predicted,0.2,4,4,GGACACAGGTTACGACCCTT,0,5271830
zapB_predicted,0.2,4,4,GGAATCATGGTGGAATCTCT,0,5267659
zapB_predicted,0.2,4,4,GGAATACCTCAATTCTGGCC,0,5267791
zapB_predicted,0.2,4,4,GGAACTAGCTAATAACGTGG,0,5269794
zapB_predicted,0.2,4,4,GCTTAGGGGCTGCGCAATAT,0,5286745
zapB_predicted,0.2,4,4,GCTCGAAGAAGTGCATTCCT,0,5267394
zapB_predicted,0.2,4,4,GCTATGATACGATACCTACC,0,5284540
zapB_predicted,0.2,4,4,GCTACTCGACGGGGTCTGTG,0,5281847
zapB_predicted,0.2,4,4,GCTACGTCTCCAGTGCATCA,0,5270266
zapB_predicted,0.2,4,4,GCTACGCCCTCAGGCTCTGC,0,5278006
zapB_predicted,0.2,4,4,GCGTGTCAGTTAAAGTCAAG,0,5277708
zapB_predicted,0.2,4,4,GCGTCGGTCCGCCAAGGACA,0,5276513
zapB_predicted,0.2,4,4,GCGGGTGGACCAGAAGGCAG,0,5284941
zapB_predicted,0.2,4,4,GCGGACAGCGATGTTCCAAG,0,5282152
zapB_predicted,0.2,4,4,GCGCTACATTCTCACTTAGC,0,5268994
zapB_predicted,0.2,4,4,GCGCGAACGACCATCTCACC,0,5269082
zapB_predicted,0.2,4,4,GCGCCTGCCCCCGGCGGGTT,0,5282241
zapB_predicted,0.2,4,4,GCCTCTTCTACGCGGGCAAG,0,5265440
zapB_predicted,0.2,4,4,GCCTCCCGGAACCGTGGCAT,0,5274186
zapB_predicted,0.2,4,4,GCCCATACAGACTGGGGCGC,0,5264064
zapB_predicted,0.2,4,4,GCCCACTGTCTCTCGAACAC,0,5270976
zapB_predicted,0.2,4,4,GCCCACAAGCCAAATCCGCT,0,5267561
zapB_predicted,0.2,4,4,GCATTGTCATAGTTGACATG,0,5285168
zapB_predicted,0.2,4,4,GCATGTAACGGTACGCCAAG,0,5264414
zapB_predicted,0.2,4,4,GCAGGGGTATCGCCTGCGGC,0,5274494
zapB_predicted,0.2,4,4,GCAGGCCGCGCTGGTAATGA,0,5269251
zapB_predicted,0.2,4,4,GCACGCATTTGTGCGCTACG,0,5287460
zapB_predicted,0.2,4,4,GCACCTAATTAACTCACAGC,0,5275495
zapB_predicted,0.2,4,4,GCACCCTAATATAGACCACC,0,5266343
zapB_predicted,0.2,4,4,GCAAGGTCTAGATCAGCGCC,0,5270042
zapB_predicted,0.2,4,4,GCAACTTTACGGAAACGATC,0,5267866
zapB_predicted,0.2,4,4,GATTACATACCATAGTATGC,0,5288174
zapB_predicted,0.2,4,4,GATGTTTCAGGTCGTGGAGG,0,5269727
zapB_predicted,0.2,4,4,GATGGTCTCACATGGGACAA,0,5284285
zapB_predicted,0.2,4,4,GATCGACCGCCCCGCCCGCC,0,5272569
zapB_predicted,0.2,4,4,GATATACCCCACAATGTAAT,0,5269544
zapB_predicted,0.2,4,4,GAGTCCTTCGGGTGGTCACA,0,5285301
zapB_predicted,0.2,4,4,GAGTATCGCATTGATCCCCT,0,5269951
zapB_predicted,0.2,4,4,GAGGTAGACTGCTAGTCTTT,0,5267838
zapB_predicted,0.2,4,4,GAGGGTGGATGACTGGTTTT,0,5269354
zapB_predicted,0.2,4,4,GAGGAACTTGCGGACACAGC,0,5282800
zapB_predicted,0.2,4,4,GAGCCAGGTAAAATAAACAC,0,5287224
zapB_predicted,0.2,4,4,GAGAATTATCACGATCCTCG,0,5285462
zapB_predicted,0.2,4,4,GACCGATCAATGCCTGCTCA,0,5280171
zapB_predicted,0.2,4,4,GAATCGTGGTTTACTAAGTA,0,5280914
zapB_predicted,0.2,4,4,GAACTACAATCCAGTGTCAG,0,5286686
zapB_predicted,0.2,4,4,GAACGGACTCAGTCCTGGCG,0,5264492
zapB_predicted,0.2,4,4,GAACATACCGCTTGGGCTGA,0,5265092
zapB_predicted,0.2,4,4,GAAACTTTATTCCGTGTATA,0,5265135
zapB_predicted,0.2,4,4,CTTTTGGTTTTAAGGTTAAT,0,5276976
zapB_predicted,0.2,4,4,CTTTCGCGCCGGCAGCATGG,0,5269274
zapB_predicted,0.2,4,4,CTTTCACTCTATCGATTCAA,0,5269767
zapB_predicted,0.2,4,4,CTTGGGTATGTCAGGAGGCA,0,5264653
zapB_predicted,0.2,4,4,CTTCACTAAGAAGAATTGGG,0,5268870
zapB_predicted,0.2,4,4,CTTACCCACGGTCAGCCGTA,0,5269470
zapB_predicted,0.2,4,4,CTTAAGACTCACTTTTGCGA,0,5264547
zapB_predicted,0.2,4,4,CTTAAGAATCTTTCGTATGG,0,5270138
zapB_predicted,0.2,4,4,CTGTCCCCCAAAAAATGTGA,0,5270084
zapB_predicted,0.2,4,4,CTGGGGCAATCCTTTGGGTT,0,5278481
zapB_predicted,0.2,4,4,CTGGCAGTTTAAGATCGACA,0,5275980
zapB_predicted,0.2,4,4,CTGCCATATCCATTTTTAAT,0,5267515
zapB_predicted,0.2,4,4,CTGCAATAAGTGTGTCTGAA,0,5264224
zapB_predicted,0.2,4,4,CTGAGATCTGGCCACGTATA,0,5269420
zapB_predicted,0.2,4,4,CTGAAGTTGGTCAACATATG,0,5279614
zapB_predicted,0.2,4,4,CTCTCCGCACGCGGAGAATC,0,5286269
zapB_predicted,0.2,4,4,CTCCTTCTGGCTATGCGGGT,0,5282417
zapB_predicted,0.2,4,4,CTCCCATCTCAGGATTTTAA,0,5275637
zapB_predicted,0.2,4,4,CTCCATAATCGTCACGCCTC,0,5287843
zapB_predicted,0.2,4,4,CTATGCTCTACAATTATATG,0,5277564
zapB_predicted,0.2,4,4,CTAGAGGATAAATAAAGTCT,0,5274790
zapB_predicted,0.2,4,4,CTAATTAGTTAACTTAGGAG,0,5273933
zapB_predicted,0.2,4,4,CGTTTCGTTAGATTTGTATC,0,5277884
zapB_predicted,0.2,4,4,CGTTAGAGGTTTCCCCTACC,0,5267836
zapB_predicted,0.2,4,4,CGTGGGAGTCAAGGAACAGC,0,5270509
zapB_predicted,0.2,4,4,CGTGCTCGGCGAACCCTCAA,0,5278192
zapB_predicted,0.2,4,4,CGTCAGTTAATTCGGGAAAT,0,5263867
zapB_predicted,0.2,4,4,CGTCAACCCTGCTGGCTTTT,0,5282619
zapB_predicted,0.2,4,4,CGTACGTTGTGGTTTGCATC,0,5276319
zapB_predicted,0.2,4,4,CGGTGGCGCGATACTTTCTG,0,5267136
zapB_predicted,0.2,4,4,CGGTGATCTCCTCTTCCCTA,0,5280629
zapB_predicted,0.2,4,4,CGGGTATCCAGCACTTAAGT,0,5277323
zapB_predicted,0.2,4,4,CGGGAACTTTGCATTCCCCC,0,5263958
zapB_predicted,0.2,4,4,CGGCTAATCCCGCCCCGACA,0,5277768
zapB_predicted,0.2,4,4,CGGCACTTAGAGCCTGGTTA,0,5280749
zapB_predicted,0.2,4,4,CGGAGCACTTAGCTTCAGAG,0,5287366
zapB_predicted,0.2,4,4,CGGACCTCTACTCCCACAGA,0,5288336
zapB_predicted,0.2,4,4,CGCTGTCAGGTTAGTAAATC,0,5276730
zapB_predicted,0.2,4,4,CGCCTGAAATCTAGGTCGTT,0,5284414
zapB_predicted,0.2,4,4,CGCCGCGCCTGCCAGAACAA,0,5275997
zapB_predicted,0.2,4,4,CGCATTCCTGCACCAGACGA,0,5280368
zapB_predicted,0.2,4,4,CGCACGCTTTTCATTCAAGG,0,5271341
zapB_predicted,0.2,4,4,CGATTCAAGCCTCGCTAATG,0,5274528
zapB_predicted,0.2,4,4,CGAGGACGGACCCTAGGTGA,0,5276659
zapB_predicted,0.2,4,4,CGAGCCATTGCGGGGCCGGG,0,5273073
zapB_predicted,0.2,4,4,CGACGTATTTCGCTTGAAAT,0,5280176
zapB_predicted,0.2,4,4,CGAAGGTTTAAGGCCTAACA,0,5275819
zapB_predicted,0.2,4,4,CGAAGGTAAAATAAGATGAC,0,5283535
zapB_predicted,0.2,4,4,CGAAAGTTTGCGAACATCCG,0,5272285
zapB_predicted,0.2,4,4,CCTTGATGAAGGTATGCCGT,0,5278012
zapB_predicted,0.2,4,4,CCTGCATGCACCGCATCCCT,0,5277729
zapB_predicted,0.2,4,4,CCTGACAAAGGTATGCATAA,0,5278579
zapB_predicted,0.2,4,4,CCTCGGGGGAGTCGTCTAAG,0,5264475
zapB_predicted,0.2,4,4,CCGTTGAGTAGTATCCAGCA,0,5265027
zapB_predicted,0.2,4,4,CCGGTATATGCGGACCGACC,0,5266937
zapB_predicted,0.2,4,4,CCGGGTCGTCCACGATTGCG,0,5269466
zapB_predicted,0.2,4,4,CCGCACACAATTGGGGCGTG,0,5264425
zapB_predicted,0.2,4,4,CCGAGCCGAACCGTCACTTT,0,5287882
zapB_predicted,0.2,4,4,CCGACGTACGTAATTAAGCG,0,5281655
zapB_predicted,0.2,4,4,CCGAAGGAGACTTGCAGACA,0,5277037
zapB_predicted,0.2,4,4,CCCGATGAGGATATTGTAAG,0,5272379
zapB_predicted,0.2,4,4,CCCCGCGCCGCTTGTGGTCT,0,5285805
zapB_predicted,0.2,4,4,CCCATTTTTCGATTGGAGCC,0,5274295
zapB_predicted,0.2,4,4,CCCAGTGCGAGACCACGCGG,0,5264463
zapB_predicted,0.2,4,4,CCCAGGTCGAAACCGGCAAA,0,5270062
zapB_predicted,0.2,4,4,CCCACTTGATGTTCTTCGAC,0,5273949
zapB_predicted,0.2,4,4,CCAGCTAATTCTTCGAGTCA,0,5269611
zapB_predicted,0.2,4,4,CCAGAATATGCGAGAAGTTT,0,5272135
zapB_predicted,0.2,4,4,CCACTGGTGGCTTTGGATAT,0,5273071
zapB_predicted,0.2,4,4,CCAAAACTTGAACAGCATAC,0,5282964
zapB_predicted,0.2,4,4,CATTTCCTGCGGATAACGTG,0,5271632
zapB_predicted,0.2,4,4,CATTGCGCGCGGTCGCCACC,0,5282779
zapB_predicted,0.2,4,4,CATTAGCAAGCTCCTGGTTC,0,5286703
zapB_predicted,0.2,4,4,CATGTTGTAGTTGGCCCATG,0,5283460
zapB_predicted,0.2,4,4,CATCCAGTACGAGCCGCAGC,0,5280611
zapB_predicted,0.2,4,4,CATCACCGGAATTGAGCGAT,0,5288362
zapB_predicted,0.2,4,4,CAGTTTTATTGTGATGCTTC,0,5266675
zapB_predicted,0.2,4,4,CAGTTGGTTAAATTTGCCTA,0,5285439
zapB_predicted,0.2,4,4,CAGTTGCGCTATGGCCCGCG,0,5279748
zapB_predicted,0.2,4,4,CAGGTATCATCTCCGCATGT,0,5265745
zapB_predicted,0.2,4,4,CAGGAGTGCATTTGCCTGCC,0,5278976
zapB_predicted,0.2,4,4,CAGCGCCACTAGATCGCGAC,0,5263494
zapB_predicted,0.2,4,4,CACGTTCGAAGATTGGCTCA,0,5268961
zapB_predicted,0.2,4,4,CACGGACAATAACACTGTCT,0,5273639
zapB_predicted,0.2,4,4,CACGACCTTTTGATCCTCTA,0,5273102
zapB_predicted,0.2,4,4,CACCTGCAGCTAATAGGGAC,0,5278432
zapB_predicted,0.2,4,4,CACCTAGGATGTTAGATGGT,0,5284159
zapB_predicted,0.2,4,4,CACCGACGAAGGATCTGAAT,0,5278275
zapB_predicted,0.2,4,4,CACCCGCATTGCCTGTAAAT,0,5268826
zapB_predicted,0.2,4,4,CACATTAATAGATGCCACAA,0,5284971
zapB_predicted,0.2,4,4,CACAACTCATATGCCCTTGT,0,5283493
zapB_predicted,0.2,4,4,CAATCCTAATTCTCGGGGAC,0,5272001
zapB_predicted,0.2,4,4,CAATACCGTGAACATACAGG,0,5287976
zapB_predicted,0.2,4,4,CAAGTTCGCGTTCCGCGCCT,0,5275828
zapB_predicted,0.2,4,4,CAAGTAGGAACGGCTAGGGC,0,5265144
zapB_predicted,0.2,4,4,CAAGTAGCCGAGCCTCCGAT,0,5268289
zapB_predicted,0.2,4,4,CAAGGTTGATTTGAGCTGTG,0,5272952
zapB_predicted,0.2,4,4,CAACGCAGCCGATGTCGGGA,0,5267757
zapB_predicted,0.2,4,4,ATTTACAATCATCTCCCACT,0,5275208
zapB_predicted,0.2,4,4,ATTGTAGTATGTAGTAGTGG,0,5265802
zapB_predicted,0.2,4,4,ATTGACGATCAACTAGCGCT,0,5265642
zapB_predicted,0.2,4,4,ATTGAAACTTGTATACCGTA,0,5270655
zapB_predicted,0.2,4,4,ATTCAAGCCACGGAAACAGG,0,5268908
zapB_predicted,0.2,4,4,ATTACTGATAGAATGATGCG,0,5270323
zapB_predicted,0.2,4,4,ATGTTTCGCCTGTTTGGACC,0,5271353
zapB_predicted,0.2,4,4,ATGTGGCTTTTGTCCCAGGA,0,5274837
zapB_predicted,0.2,4,4,ATGGGGTTTATTGGACGATC,0,5276360
zapB_predicted,0.2,4,4,ATGGCCTCCAATTGCACATC,0,5269801
zapB_predicted,0.2,4,4,ATCGGCGTTTCAGCCCGCGC,0,5267548
zapB_predicted,0.2,4,4,ATCGCGTAAGTGGGACACTT,0,5275150
zapB_predicted,0.2,4,4,ATCGCAAAAACGTGGCCGAA,0,5265847
zapB_predicted,0.2,4,4,ATCCTACATTTAGTTGCGTT,0,5279108
zapB_predicted,0.2,4,4,ATCCCGCGTTTCGGAAAGCA,0,5272107
zapB_predicted,0.2,4,4,ATCCCCTTAGACCTAGGAAC,0,5272222
zapB_predicted,0.2,4,4,ATAGGGTTGCCTTGCTCACT,0,5276316
zapB_predicted,0.2,4,4,ATAGGGTGGCTACTTAAGGG,0,5282965
zapB_predicted,0.2,4,4,ATAGCCCTTTGACTTGGATA,0,5280888
zapB_predicted,0.2,4,4,ATAGAGACAATACACTGAAC,0,5284865
zapB_predicted,0.2,4,4,ATAGACGCAGGTGTTACATG,0,5277053
zapB_predicted,0.2,4,4,ATACGTGGGTAACGGAAATT,0,5265272
zapB_predicted,0.2,4,4,ATACCGTGATCAGCTCGAAG,0,5265364
zapB_predicted,0.2,4,4,AGTTGATTCTGACGTGAATT,0,5272300
zapB_predicted,0.2,4,4,AGTTCACCATATGCGATGGG,0,5268275
zapB_predicted,0.2,4,4,AGTGACAGCAAGTGGAAAAG,0,5285459
zapB_predicted,0.2,4,4,AGGGAGCGTCACCCCCGTCC,0,5264735
zapB_predicted,0.2,4,4,AGGCGGTTCGAACCGGTTAC,0,5274082
zapB_predicted,0.2,4,4,AGGAGCGGCTGTCCCGTCCA,0,5281790
zapB_predicted,0.2,4,4,AGACCCCCTCCGGTCGCGAT,0,5263582
zapB_predicted,0.2,4,4,ACTTTTGAGGCGCCCACAAT,0,5287369
zapB_predicted,0.2,4,4,ACTTTAACACTCCGTAGTAC,0,5278627
zapB_predicted,0.2,4,4,ACTTCTTGTCTGAATTATCC,0,5282441
zapB_predicted,0.2,4,4,ACTTACTGGGAGAACAGTTA,0,5285607
zapB_predicted,0.2,4,4,ACTGTGAAATTGACACAGCC,0,5279569
zapB_predicted,0.2,4,4,ACTGTCCAGGCTGGTTATTG,0,5276440
zapB_predicted,0.2,4,4,ACTGAACATGCAGATGCTAT,0,5268237
zapB_predicted,0.2,4,4,ACTCGTACGTGGAGCGCTTC,0,5278443
zapB_predicted,0.2,4,4,ACGGTCACGCTGCTCAAGGA,0,5279576
zapB_predicted,0.2,4,4,ACGCTTGGGCGTATCTGATG,0,5278080
zapB_predicted,0.2,4,4,ACGCCTGATCTTCTAAAAGG,0,5286427
zapB_predicted,0.2,4,4,ACGCCGGGTCTGCCGAAGAA,0,5277616
zapB_predicted,0.2,4,4,ACCTCAAATCGCTGGGCGAG,0,5263407
zapB_predicted,0.2,4,4,ACCTAGTAAACCAGACCAAG,0,5281404
zapB_predicted,0.2,4,4,ACCGGGGGACTGGCTCAGGC,0,5275999
zapB_predicted,0.2,4,4,ACCGGCCCAATACAAGGCGG,0,5279102
zapB_predicted,0.2,4,4,ACCGCTTCCGCGTCCCCCGA,0,5280651
zapB_predicted,0.2,4,4,ACCGATCATCGATGCGCGAT,0,5276783
zapB_predicted,0.2,4,4,ACCCCCGTCCTTCTCAGAAA,0,5287710
zapB_predicted,0.2,4,4,ACCCATCCGACGAAGATAGT,0,5278380
zapB_predicted,0.2,4,4,ACCATGGTATTGTACCTTCG,0,5273628
zapB_predicted,0.2,4,4,ACCAGGACCCATCGCCAGCC,0,5279197
zapB_predicted,0.2,4,4,ACATACTCGGCCCCTCTGCG,0,5283955
zapB_predicted,0.2,4,4,ACAGCGTATTACAGTGCGCA,0,5275138
zapB_predicted,0.2,4,4,ACAGACAGGACATTGCAAAT,0,5275920
zapB_predicted,0.2,4,4,ACAAGAGGCGCTTCGTTATC,0,5285781
zapB_predicted,0.2,4,4,ACAAATGATTCGTCGGACCT,0,5275306
zapB_predicted,0.2,4,4,ACAAAACTCAGGGAATGAGC,0,5276038
zapB_predicted,0.2,4,4,AATTTTTGTCTCATTTCGCG,0,5283219
zapB_predicted,0.2,4,4,AATAGCAGTATGCTAATGAT,0,5284949
zapB_predicted,0.2,4,4,AAGGCTGGTGAAGCTCACTT,0,5268084
zapB_predicted,0.2,4,4,AAGGAGGCCGGAGCCTTGCA,0,5264680
zapB_predicted,0.2,4,4,AAGCATTGTGTCCTTACGGG,0,5275019
zapB_predicted,0.2,4,4,AAGCAGGTTGCTATTGAAGC,0,5273738
zapB_predicted,0.2,4,4,AAGCAAGTAATACTGTCCGA,0,5265809
zapB_predicted,0.2,4,4,AAGATTAATAGTTGACTCGC,0,5284554
zapB_predicted,0.2,4,4,AAGAGTCCTCCTATAGCCTG,0,5286212
zapB_predicted,0.2,4,4,AACTAAGGCAAGAAGACTCA,0,5275190
zapB_predicted,0.2,4,4,AACGTGGCTATACTGTATGG,0,5275255
zapB_predicted,0.2,4,4,AACGGCATAGGTAAACTAAT,0,5272730
zapB_predicted,0.2,4,4,AACGACCTTCGCTAGCGATA,0,5266738
zapB_predicted,0.2,4,4,AAATGTATTGGTGGAGAGTT,0,5266575
zapB_predicted,0.2,4,4,AAATGCGGCACCGGCGTCAA,0,5282785
zapB_predicted,0.2,4,4,AAAGACTGTGTGGGTGTCAA,0,5273223
zapB_predicted,0.2,4,4,AAAATGGACTTTAACGCTAG,0,5281606
zapB_predicted,0.25,3,3,TTTGTTTTAGTAGGGAACGT,0,5284405
zapB_predicted,0.25,3,3,TTTGCTAAAAACCAAATCGA,0,5273190
zapB_predicted,0.25,3,3,TTTCTTTGGCACCGGGTCCG,0,5270122
zapB_predicted,0.25,3,3,TTTCTTCGCGAGGTCGAAAG,0,5266362
zapB_predicted,0.25,3,3,TTTCTACGTGATATCGCCGA,0,5278307
zapB_predicted,0.25,3,3,TTTCGGTAGATGAGGCTCTG,0,5265726
zapB_predicted,0.25,3,3,TTTCGCTCAAGGTACCGGTA,0,5271911
zapB_predicted,0.25,3,3,TTTCAGGGACCGTTGTCTGT,0,5268716
zapB_predicted,0.25,3,3,TTTAGACTGTGTAGTTTTAC,0,5277787
zapB_predicted,0.25,3,3,TTGTACTAAGCCCACCTAGT,0,5286502
zapB_predicted,0.25,3,3,TTGCGAAGCCTGTAAAGCTT,0,5283738
zapB_predicted,0.25,3,3,TTGCCAAGACCGGGATGGCT,0,5266131
zapB_predicted,0.25,3,3,TTGACGAAAGCATCTAGGTA,0,5263005
zapB_predicted,0.25,3,3,TTCTTTCAGGGAAACCACAA,0,5286273
zapB_predicted,0.25,3,3,TTCTTCGAGTAGGCCACGCT,0,5269880
zapB_predicted,0.25,3,3,TTCGTGGACTCTGAAGACGT,0,5282319
zapB_predicted,0.25,3,3,TTCGGTTCCAGTGCCGGTTT,0,5265070
zapB_predicted,0.25,3,3,TTCGACGCGTCCAGCGCAAT,0,5264520
zapB_predicted,0.25,3,3,TTCCTTGGGAAAGCCAGCGT,0,5282310
zapB_predicted,0.25,3,3,TTCCTTAACAATAACGGTCA,0,5274346
zapB_predicted,0.25,3,3,TTCCTCTTATACCACACTCA,0,5287285
zapB_predicted,0.25,3,3,TTCCTAATAGTCCAACATCC,0,5272274
zapB_predicted,0.25,3,3,TTCCGGTCGATATTTACTTA,0,5265053
zapB_predicted,0.25,3,3,TTCCCCATGTAGTATTGGTT,0,5266298
zapB_predicted,0.25,3,3,TTCATTTCACCCTCCGGGAG,0,5276121
zapB_predicted,0.25,3,3,TTCACGTTAAACGCCGGCAT,0,5274102
zapB_predicted,0.25,3,3,TTATACTATTAAGCCTGATA,0,5264188
zapB_predicted,0.25,3,3,TTATACTAGGTATGTGATCC,0,5271009
zapB_predicted,0.25,3,3,TTAGGATGCTTGGTTTGACC,0,5279258
zapB_predicted,0.25,3,3,TTAGAGTGAAGACTTGGTTT,0,5267581
zapB_predicted,0.25,3,3,TTAGACTTATGTCAACATTA,0,5277443
zapB_predicted,0.25,3,3,TTAGAAAGAGCTATGTGGTA,0,5282946
zapB_predicted,0.25,3,3,TTACTGCCTGCCCGCACGTA,0,5274192
zapB_predicted,0.25,3,3,TTACGTTAGGAATAAGCCGT,0,5279984
zapB_predicted,0.25,3,3,TTAATTGCCTGGAGAACAAC,0,5270751
zapB_predicted,0.25,3,3,TTAACACAACTCGTGCTGAC,0,5275514
zapB_predicted,0.25,3,3,TTAAAACTCATCTTAGATCC,0,5287575
zapB_predicted,0.25,3,3,TGTGTAAACCACCAGCAGCT,0,5265157
zapB_predicted,0.25,3,3,TGTGCCAACGTAACCGAATC,0,5280321
zapB_predicted,0.25,3,3,TGTGACCGTAATGTCTTCTA,0,5264192
zapB_predicted,0.25,3,3,TGTCCTGGACCGTGAGGTTT,0,5266603
zapB_predicted,0.25,3,3,TGTAATGTAAGGGCAAGTAC,0,5277826
zapB_predicted,0.25,3,3,TGGTTTGAGTCTCTTGGCAT,0,5265342
zapB_predicted,0.25,3,3,TGGTGTCTCCGTCATTGGTC,0,5271519
zapB_predicted,0.25,3,3,TGGGGTATTAAAATCGTATT,0,5281575
zapB_predicted,0.25,3,3,TGGGAGCAATATGGAGGTTG,0,5266536
zapB_predicted,0.25,3,3,TGGGACTGTATGGAACACTC,0,5264670
zapB_predicted,0.25,3,3,TGGCGGGTCCATGGACCGTC,0,5270648
zapB_predicted,0.25,3,3,TGGCCTGCATCGATTGGACC,0,5268570
zapB_predicted,0.25,3,3,TGGATTACAGCGTTAGAGAA,0,5266700
zapB_predicted,0.25,3,3,TGGACTATATGTTGTAAGGG,0,5279298
zapB_predicted,0.25,3,3,TGCTCTTCGATTTTGAGTGT,0,5264320
zapB_predicted,0.25,3,3,TGCTCTGTTTATAGTATGAA,0,5281237
zapB_predicted,0.25,3,3,TGCCAACTTGCTTGGTTCTA,0,5280151
zapB_predicted,0.25,3,3,TGCAGGGGAACCGCTTTTGG,0,5286606
zapB_predicted,0.25,3,3,TGCACCGACTAAGTACCAGT,0,5282182
zapB_predicted,0.25,3,3,TGCACAAATGATGAAGTGAT,0,5267621
zapB_predicted,0.25,3,3,TGATTTGACATACCGCAGTA,0,5279069
zapB_predicted,0.25,3,3,TGATGGTTCTGCGATGTTTA,0,5286238
zapB_predicted,0.25,3,3,TGATCAATGTCAGTGCATCA,0,5266068
zapB_predicted,0.25,3,3,TGAGCTCGTCTTGAACAGGC,0,5275938
zapB_predicted,0.25,3,3,TGACTATTTGAGCGGACTTT,0,5275144
zapB_predicted,0.25,3,3,TGACGATTAGAACCGAAGGA,0,5278257
zapB_predicted,0.25,3,3,TGACACAAATCAAGTACTTA,0,5272872
zapB_predicted,0.25,3,3,TGAAGTCTTGTCGGTATCAT,0,5283748
zapB_predicted,0.25,3,3,TGAAGTCAGCATTTAGAATT,0,5279439
zapB_predicted,0.25,3,3,TGAAAGAGTCACAGTACGGC,0,5273227
zapB_predicted,0.25,3,3,TCTTTCAGTTTTCAGCGGAC,0,5265078
zapB_predicted,0.25,3,3,TCTTCTCAGAGATTTAACTC,0,5276449
zapB_predicted,0.25,3,3,TCTGCCCTTACTGGTACAGT,0,5265307
zapB_predicted,0.25,3,3,TCTCAATTTGTCTGGGCTGC,0,5272015
zapB_predicted,0.25,3,3,TCTATCCGCAGCTCTTCCGT,0,5269165
zapB_predicted,0.25,3,3,TCTAGCCTATGCTATTCGAA,0,5269400
zapB_predicted,0.25,3,3,TCGTTAGTGGCCGGACGCAA,0,5284781
zapB_predicted,0.25,3,3,TCGTGTTTTCGCAGGTTCGA,0,5282199
zapB_predicted,0.25,3,3,TCGTATCGAGGCCTGAGTTA,0,5265370
zapB_predicted,0.25,3,3,TCGTAGGCTACAGTTCAGAT,0,5278798
zapB_predicted,0.25,3,3,TCGTAATTTTGACCTAATTC,0,5287958
zapB_predicted,0.25,3,3,TCGGGGCGAATGTCGCTCTG,0,5276003
zapB_predicted,0.25,3,3,TCGGGGCAAAAGCCCGCCAT,0,5272694
zapB_predicted,0.25,3,3,TCGGCCAGATGACTCCGGAT,0,5277321
zapB_predicted,0.25,3,3,TCGGCAACCTGGGGCTCAAG,0,5268571
zapB_predicted,0.25,3,3,TCGGAACCCTAGGTGGCATG,0,5280698
zapB_predicted,0.25,3,3,TCGCGGGAATGTGTGCGGAC,0,5281326
zapB_predicted,0.25,3,3,TCGCAGGATGGACTGGATTT,0,5270869
zapB_predicted,0.25,3,3,TCCTTGTGGCACTAATGTTA,0,5285389
zapB_predicted,0.25,3,3,TCCTGTACAGACGCTTCTGG,0,5276187
zapB_predicted,0.25,3,3,TCCTCGCACGCATACTTAAT,0,5275973
zapB_predicted,0.25,3,3,TCCGCTCTGACCTTCCACCA,0,5285479
zapB_predicted,0.25,3,3,TCCCTCTGGTCCGAAGATCT,0,5276811
zapB_predicted,0.25,3,3,TCCATATATAAATTGTACTT,0,5269397
zapB_predicted,0.25,3,3,TCATTGGGCAAGACTCCGAT,0,5279081
zapB_predicted,0.25,3,3,TCATTAGATACATGCTTGGC,0,5275008
zapB_predicted,0.25,3,3,TCATGGGTGCTACCGAAGAA,0,5273610
zapB_predicted,0.25,3,3,TCATATCTGGCCAGAGTAGC,0,5272221
zapB_predicted,0.25,3,3,TCATACTCCTCAATCTGGGC,0,5269396
zapB_predicted,0.25,3,3,TCAGTTTCCGTCGGGGGCGA,0,5264826
zapB_predicted,0.25,3,3,TCAGGTACGACTGATTTAGT,0,5280525
zapB_predicted,0.25,3,3,TCACAAAAGGGGTAATTATA,0,5287935
zapB_predicted,0.25,3,3,TATTGGGTGCGTCGGCACAG,0,5272717
zapB_predicted,0.25,3,3,TATGCTTTTTGGAAGTCGAG,0,5279144
zapB_predicted,0.25,3,3,TATCGAGCATTAATAATTCA,0,5265253
zapB_predicted,0.25,3,3,TATACGGGGCGCACGGTCAT,0,5264184
zapB_predicted,0.25,3,3,TAGGAACACGTGTGGTCCAT,0,5279208
zapB_predicted,0.25,3,3,TAGCTCCTATAGGATGACTC,0,5265644
zapB_predicted,0.25,3,3,TAGCAAGGCAGCCATGGAGA,0,5278871
zapB_predicted,0.25,3,3,TACTCTTAGGGACCCGTTCT,0,5272025
zapB_predicted,0.25,3,3,TACTCTCCGTTTCAACCTGC,0,5269005
zapB_predicted,0.25,3,3,TACCACATATGTTTTTGCGC,0,5285140
zapB_predicted,0.25,3,3,TACATACGGCTAGCATAATT,0,5272899
zapB_predicted,0.25,3,3,TAATTTCGGCGCTGCCCGGA,0,5269223
zapB_predicted,0.25,3,3,TAATGATCACTGGAGTCCTA,0,5283161
zapB_predicted,0.25,3,3,TAAGACTTACGCGTTCTAGT,0,5287084
zapB_predicted,0.25,3,3,TAACGCATTCCGCAAAACGA,0,5275565
zapB_predicted,0.25,3,3,TAACATCTCGCTTCCACAGT,0,5278679
zapB_predicted,0.25,3,3,GTTTTGAATATAAGTGCCGA,0,5263531
zapB_predicted,0.25,3,3,GTTTGTCTCCGGGTACTGTG,0,5274875
zapB_predicted,0.25,3,3,GTTTCTCTGTCCCCTCTGTC,0,5286100
zapB_predicted,0.25,3,3,GTTGCGGGACGCGGTATGGG,0,5276081
zapB_predicted,0.25,3,3,GTTGCGCAAAAATCTTGTCG,0,5274982
zapB_predicted,0.25,3,3,GTTGCATCTTAATGAACTTT,0,5276642
zapB_predicted,0.25,3,3,GTTGCACTTATGCACAGTTC,0,5273085
zapB_predicted,0.25,3,3,GTTCGCTTGGTAACCCGTAG,0,5277703
zapB_predicted,0.25,3,3,GTTAAGGGGCCGTGCAGGCG,0,5272464
zapB_predicted,0.25,3,3,GTGGCGTGAAGGCAGGACGC,0,5283858
zapB_predicted,0.25,3,3,GTGACAGGTGAGCTCTGTAT,0,5269162
zapB_predicted,0.25,3,3,GTCTGTTACCAAGTCAGAGG,0,5277971
zapB_predicted,0.25,3,3,GTCTGGTTAATCGTAATTCA,0,5275643
zapB_predicted,0.25,3,3,GTCTGGGTATATTTTGCATT,0,5279875
zapB_predicted,0.25,3,3,GTCTCCGGTGTATAGCTCTC,0,5276584
zapB_predicted,0.25,3,3,GTCGTCAGAACAAAGTTGCA,0,5273778
zapB_predicted,0.25,3,3,GTCGGCGGGAAATGTCCACT,0,5263360
zapB_predicted,0.25,3,3,GTCCGATCAGCCTATTTTGA,0,5269342
zapB_predicted,0.25,3,3,GTCAGGTGCAGAACTTTCTA,0,5279829
zapB_predicted,0.25,3,3,GTCACAGAATCAAACAGAAA,0,5272881
zapB_predicted,0.25,3,3,GTCAAGGACATAGTACTTTA,0,5271726
zapB_predicted,0.25,3,3,GTATAGTGTTCTAAGTCGTC,0,5275651
zapB_predicted,0.25,3,3,GTAGGGAGGTTATGGTACGG,0,5280411
zapB_predicted,0.25,3,3,GTAGGAAGTTTATCGGTTCG,0,5275739
zapB_predicted,0.25,3,3,GTAGCGGCGTATTGACCAAA,0,5265585
zapB_predicted,0.25,3,3,GTACGGGTCTTCTTTTCCTA,0,5269184
zapB_predicted,0.25,3,3,GTACATTCGCGCGCTTCCTG,0,5273574
zapB_predicted,0.25,3,3,GTAATATTGCACGGGAGTAA,0,5287598
zapB_predicted,0.25,3,3,GTAAGGTGTAGGTAGAGTGT,0,5269683
zapB_predicted,0.25,3,3,GTAAGAGCCAGTAGCTCTGT,0,5277526
zapB_predicted,0.25,3,3,GTAAACATTGGGTTTTCGGC,0,5282788
zapB_predicted,0.25,3,3,GGTTTGGGCAGTGGGTTCTA,0,5280144
zapB_predicted,0.25,3,3,GGTTTGAGATGAGTACTATC,0,5271742
zapB_predicted,0.25,3,3,GGTTTCGCCCAGCAGAGCTC,0,5286855
zapB_predicted,0.25,3,3,GGTTGGAGTGTGTTTCGCCC,0,5279985
zapB_predicted,0.25,3,3,GGTGATCGGGGTATACCCTG,0,5276050
zapB_predicted,0.25,3,3,GGTCACGATTGCCGACCTCA,0,5266313
zapB_predicted,0.25,3,3,GGTATGGCAATGCCACCGCA,0,5270473
zapB_predicted,0.25,3,3,GGTACGGGCCGCCACTAGTC,0,5269919
zapB_predicted,0.25,3,3,GGTAAACGCAAGATGCCCTT,0,5263638
zapB_predicted,0.25,3,3,GGGTTAACCTATGACGATTC,0,5276713
zapB_predicted,0.25,3,3,GGGTGTCCTCGGTAGGTACG,0,5276036
zapB_predicted,0.25,3,3,GGGGATAGTAGGTGCTATGT,0,5285370
zapB_predicted,0.25,3,3,GGGCTCCGTATTGATTGCCT,0,5276041
zapB_predicted,0.25,3,3,GGGACCGTTCGGATGCCGGA,0,5263888
zapB_predicted,0.25,3,3,GGGAACCGGTCCTCATAAGT,0,5287747
zapB_predicted,0.25,3,3,GGGAAAAACGCAATGATGAG,0,5280674
zapB_predicted,0.25,3,3,GGCTGGGGTGTCGGACCTGC,0,5272342
zapB_predicted,0.25,3,3,GGCTGCGGCAGGCTCCCATG,0,5270307
zapB_predicted,0.25,3,3,GGCTCGTTTCATAGTAACTC,0,5283383
zapB_predicted,0.25,3,3,GGCTCGGGTCCGGGCATCAG,0,5274719
zapB_predicted,0.25,3,3,GGCTCATCAGTCAAATGATC,0,5263784
zapB_predicted,0.25,3,3,GGCGTTGGAAAGGCGGTTAT,0,5275870
zapB_predicted,0.25,3,3,GGCCTTATATGTGAGGGCGA,0,5273234
zapB_predicted,0.25,3,3,GGCCGTTTAGGGGCAAGCCT,0,5281318
zapB_predicted,0.25,3,3,GGCCAAACATAATCGAATGT,0,5271406
zapB_predicted,0.25,3,3,GGCATCGACAGCTAGTACGA,0,5274364
zapB_predicted,0.25,3,3,GGCAGTAACAAGACAGAACC,0,5274450
zapB_predicted,0.25,3,3,GGCAGCGTTACCGCTATCGG,0,5279147
zapB_predicted,0.25,3,3,GGCAATCCAAAATCTAAAAG,0,5265014
zapB_predicted,0.25,3,3,GGATTTGCATACCCCGTTTC,0,5264159
zapB_predicted,0.25,3,3,GGATTATGGTTCATACTGTT,0,5266722
zapB_predicted,0.25,3,3,GGATTAGACAACTTTCGCGC,0,5282136
zapB_predicted,0.25,3,3,GGATAGCCTACGGCGGAGCC,0,5263442
zapB_predicted,0.25,3,3,GGATACGCTCTGTATAACAG,0,5279218
zapB_predicted,0.25,3,3,GGATAAGTATATTTGGTGCT,0,5271429
zapB_predicted,0.25,3,3,GGAGGCATGTGTACAAAAGG,0,5281101
zapB_predicted,0.25,3,3,GGAGGAAGAGTGCCACGATG,0,5264332
zapB_predicted,0.25,3,3,GGACTCGGATGTGTCTACTG,0,5263735
zapB_predicted,0.25,3,3,GGACCATATCGGTAACGTGG,0,5287411
zapB_predicted,0.25,3,3,GGAACGATCGCGGCACAAGT,0,5277949
zapB_predicted,0.25,3,3,GGAACCCGTCCGATAAAGTC,0,5281199
zapB_predicted,0.25,3,3,GCTTTGGTATGAATCGTGTT,0,5286145
zapB_predicted,0.25,3,3,GCTTGTTGCATGCAATCCAA,0,5278370
zapB_predicted,0.25,3,3,GCTTGTTCGAGATTCTAGGT,0,5284866
zapB_predicted,0.25,3,3,GCTTCCATACAGCTTCTGCG,0,5279525
zapB_predicted,0.25,3,3,GCTCGCCATTGAACGATGAG,0,5283189
zapB_predicted,0.25,3,3,GCTCATAACGAATCGTGCCC,0,5269227
zapB_predicted,0.25,3,3,GCTCAAACTCACTCGGCGTC,0,5286253
zapB_predicted,0.25,3,3,GCTAGGTAGTTTCACATATC,0,5284684
zapB_predicted,0.25,3,3,GCTACGTGTACACCTTCGCT,0,5275490
zapB_predicted,0.25,3,3,GCGTCTAGACACGCGCATCC,0,5276535
zapB_predicted,0.25,3,3,GCGGTTGTTGCATGTCGGCC,0,5269528
zapB_predicted,0.25,3,3,GCGGGTCGTCTTTGACTTGA,0,5267647
zapB_predicted,0.25,3,3,GCGGCCTGACGATTTGATCC,0,5273473
zapB_predicted,0.25,3,3,GCGGATATAGCGTTGCCACC,0,5265509
zapB_predicted,0.25,3,3,GCGGAGGGGCTCTACTATTT,0,5268765
zapB_predicted,0.25,3,3,GCGGACAGCCGTTCCAAGAC,0,5270620
zapB_predicted,0.25,3,3,GCGATCGTTCCAGACAATCT,0,5273391
zapB_predicted,0.25,3,3,GCCTTACGGTGGCTGTTGGC,0,5286197
zapB_predicted,0.25,3,3,GCCTCGTGCAGACCTACGTC,0,5278503
zapB_predicted,0.25,3,3,GCCGTGCCTAAGAACCGAGT,0,5269006
zapB_predicted,0.25,3,3,GCCGGGGTGCTTTGAGTTTC,0,5284632
zapB_predicted,0.25,3,3,GCCGAACCAATAACTAGGGT,0,5285951
zapB_predicted,0.25,3,3,GCCCGTCGAAGTATGGGGCA,0,5272000
zapB_predicted,0.25,3,3,GCCCAATGTTTGCACAGATT,0,5264657
zapB_predicted,0.25,3,3,GCATTTGGGGAGCGGAATTA,0,5284246
zapB_predicted,0.25,3,3,GCAGCCTCCAGCCTGGGATG,0,5279596
zapB_predicted,0.25,3,3,GCACTCTTATCCTTGGCAGG,0,5273328
zapB_predicted,0.25,3,3,GCAAGTTTGAAATACGGGGT,0,5276525
zapB_predicted,0.25,3,3,GATTTTGGCTAGCTATCACT,0,5264000
zapB_predicted,0.25,3,3,GATTTACGGCACCATATCAA,0,5282154
zapB_predicted,0.25,3,3,GATGGGTTACAATGAGGTGC,0,5267107
zapB_predicted,0.25,3,3,GATGACGAAACGGGAGTGTC,0,5286799
zapB_predicted,0.25,3,3,GATCGGTTATCGAACCCGTG,0,5268611
zapB_predicted,0.25,3,3,GATCGGCGAATGGTCTCGGA,0,5267890
zapB_predicted,0.25,3,3,GATATCCAAGCTGATTCTCC,0,5273125
zapB_predicted,0.25,3,3,GAGTTCAAATCTGTCAATGT,0,5268010
zapB_predicted,0.25,3,3,GAGTAGCGAGACTGTACAAT,0,5284072
zapB_predicted,0.25,3,3,GAGGTTTCTTCGGTGCAGTA,0,5266784
zapB_predicted,0.25,3,3,GAGCTTCCTGTTCACCGAGG,0,5269745
zapB_predicted,0.25,3,3,GAGCATCGTGAGCCTGGCGA,0,5272666
zapB_predicted,0.25,3,3,GAGAACCGCCCCCAAAGCCT,0,5277811
zapB_predicted,0.25,3,3,GACTGTGGCGCTCATTATGT,0,5273565
zapB_predicted,0.25,3,3,GACGTAAAGACCGATGCTAG,0,5283254
zapB_predicted,0.25,3,3,GACGGTACGGTGTCTAAGCA,0,5278857
zapB_predicted,0.25,3,3,GACGGGCATCGACGCAGGTA,0,5275394
zapB_predicted,0.25,3,3,GACGATGATGCGCAGCTTGA,0,5283049
zapB_predicted,0.25,3,3,GACACGGAATTACCATATTA,0,5271424
zapB_predicted,0.25,3,3,GACACGAGTACTGAGTGGTC,0,5265869
zapB_predicted,0.25,3,3,GACAATCTGACCCGACTTTA,0,5270940
zapB_predicted,0.25,3,3,GAATCTTTGCAATAGACAAG,0,5278832
zapB_predicted,0.25,3,3,GAACAAGGTAGGCTGAATAC,0,5287115
zapB_predicted,0.25,3,3,CTTTGAGCTACCCATGAGCC,0,5263738
zapB_predicted,0.25,3,3,CTTTCCCGACCCACATGGTA,0,5271075
zapB_predicted,0.25,3,3,CTTTAACTTTTGTGTGAGTC,0,5286199
zapB_predicted,0.25,3,3,CTTGTTCCAGTCAAATGAAA,0,5275498
zapB_predicted,0.25,3,3,CTTGTATTCATCTTTTACGG,0,5271262
zapB_predicted,0.25,3,3,CTTGTATCATCTCCCGTTCT,0,5272470
zapB_predicted,0.25,3,3,CTTAGTCTGTGCAGGGGTGA,0,5285911
zapB_predicted,0.25,3,3,CTGTATCAAGCTCAACACGT,0,5279653
zapB_predicted,0.25,3,3,CTGGTTTACGCCGGGCTCGT,0,5277160
zapB_predicted,0.25,3,3,CTGGCGGCATTCTGGCACCC,0,5283939
zapB_predicted,0.25,3,3,CTGGCGATTGTCACTTGATG,0,5265582
zapB_predicted,0.25,3,3,CTGGCCGGAGGCTGGACCCC,0,5275172
zapB_predicted,0.25,3,3,CTGCACTTCAATAGCATTTG,0,5271365
zapB_predicted,0.25,3,3,CTGCACTGATCCAAAAATCA,0,5287979
zapB_predicted,0.25,3,3,CTCTGGCCAAGTCACGCTGT,0,5270397
zapB_predicted,0.25,3,3,CTCTGGAGAATTTGCGGCCG,0,5268016
zapB_predicted,0.25,3,3,CTCTCAGGTGGAATCCGCGT,0,5269878
zapB_predicted,0.25,3,3,CTCGACCTCATGCCCGCAAG,0,5283272
zapB_predicted,0.25,3,3,CTCCTACATGGAGCGCTGTC,0,5268513
zapB_predicted,0.25,3,3,CTCCCGAGCGCTATACGGGC,0,5263061
zapB_predicted,0.25,3,3,CTCCAGTGGGGCGGATGCCA,0,5269437
zapB_predicted,0.25,3,3,CTCCAATATTAGGGTCTCGT,0,5280819
zapB_predicted,0.25,3,3,CTCACTTAGATGTTATCGGA,0,5269548
zapB_predicted,0.25,3,3,CTATCTTACATCGGTATGGC,0,5269301
zapB_predicted,0.25,3,3,CTATCGGCTATCTGTCAGTC,0,5273232
zapB_predicted,0.25,3,3,CTAGGGCTTTCGAGCGACCC,0,5268701
zapB_predicted,0.25,3,3,CTAGCTAAGCAGCGACCGTG,0,5284432
zapB_predicted,0.25,3,3,CTAAGGCGACCCGTGGTTGC,0,5263827
zapB_predicted,0.25,3,3,CTAAAAGTCGAGTCAAAAAC,0,5286294
zapB_predicted,0.25,3,3,CGTTTCAAAAAACCTTCTCT,0,5269960
zapB_predicted,0.25,3,3,CGTCCAGTCGAGTGGCCACT,0,5287332
zapB_predicted,0.25,3,3,CGTCAAATGGTTCCAGACCT,0,5288338
zapB_predicted,0.25,3,3,CGTAGCTGGTTATACGTCAT,0,5275152
zapB_predicted,0.25,3,3,CGTAAGAAAAAACGGCAAGT,0,5269838
zapB_predicted,0.25,3,3,CGGTTGCCACGTTGAGCCGC,0,5267538
zapB_predicted,0.25,3,3,CGGTCTGCCAAGAGACCTCG,0,5273486
zapB_predicted,0.25,3,3,CGGTCGGTTCATGGAATTAC,0,5283287
zapB_predicted,0.25,3,3,CGGGTAAGATGTTTTCCAGC,0,5285434
zapB_predicted,0.25,3,3,CGGGGATGCCGGTTAAGACT,0,5266641
zapB_predicted,0.25,3,3,CGGGCGGGTACACGCGAGTC,0,5286898
zapB_predicted,0.25,3,3,CGGGAGGTTGGCAGCAGGCC,0,5284885
zapB_predicted,0.25,3,3,CGGCTGAGGGGGGAACAGAT,0,5264705
zapB_predicted,0.25,3,3,CGGCGGCATGCGTCAGAAAA,0,5275829
zapB_predicted,0.25,3,3,CGGCGCATGGGCGCATAAGA,0,5263312
zapB_predicted,0.25,3,3,CGGCGACCAGTAATCCTTAG,0,5280050
zapB_predicted,0.25,3,3,CGGCCCTAAGATAGTCACGA,0,5275383
zapB_predicted,0.25,3,3,CGGCACACCGGAGCGGGAAC,0,5281306
zapB_predicted,0.25,3,3,CGCTCGCGTCTGGACCGAGA,0,5283386
zapB_predicted,0.25,3,3,CGCTCACTGTCTAAGAGGCC,0,5284817
zapB_predicted,0.25,3,3,CGCGGGAAAAGTCGAAGATT,0,5279551
zapB_predicted,0.25,3,3,CGCGGCATCGGAAACCAAGT,0,5285783
zapB_predicted,0.25,3,3,CGCCGTTCACTGTTGTGGAT,0,5285566
zapB_predicted,0.25,3,3,CGCCAATTTAGCGACCTACA,0,5268841
zapB_predicted,0.25,3,3,CGAGGGGAATCCGAGGCTTA,0,5273001
zapB_predicted,0.25,3,3,CGAGCCGGCTAAGTAAGGAG,0,5265966
zapB_predicted,0.25,3,3,CGAGAAAAACCATCGAGGAG,0,5266454
zapB_predicted,0.25,3,3,CGACTCGGGGGAAATTCTGG,0,5274659
zapB_predicted,0.25,3,3,CCTGGACCTAAATTTGCACT,0,5264308
zapB_predicted,0.25,3,3,CCTGCTCGGGTCCTAGTGTG,0,5286914
zapB_predicted,0.25,3,3,CCTGATGGCGATTCCATCCG,0,5263809
zapB_predicted,0.25,3,3,CCTAGCAGCTGCAAGTGAAG,0,5275242
zapB_predicted,0.25,3,3,CCTACACTCTACCATTCCGG,0,5272578
zapB_predicted,0.25,3,3,CCTAAAGGAGCATACCTCCT,0,5267769
zapB_predicted,0.25,3,3,CCGCTGATGTTAGCCGCCAC,0,5287535
zapB_predicted,0.25,3,3,CCGCTCGGCGCCACCCGGCG,0,5277639
zapB_predicted,0.25,3,3,CCCTGGTTAGCGCTCAGCAA,0,5285971
zapB_predicted,0.25,3,3,CCCTCTGCCCCCGAGATAAC,0,5277936
zapB_predicted,0.25,3,3,CCCTCTACTCGACTGGTAAT,0,5279937
zapB_predicted,0.25,3,3,CCCTCGGTTGACATGCCTGC,0,5268334
zapB_predicted,0.25,3,3,CCCGGGCTTCATTCGTGCGA,0,5268660
zapB_predicted,0.25,3,3,CCCGAGGCAGTGGCAAATTA,0,5284028
zapB_predicted,0.25,3,3,CCCGACGATTATGCTTCCGC,0,5272922
zapB_predicted,0.25,3,3,CCCCCTCATCTCATTGTTCA,0,5278203
zapB_predicted,0.25,3,3,CCCATGGAGCTGTCAGTCCC,0,5276172
zapB_predicted,0.25,3,3,CCCAGGTAAGTCATTTAAGC,0,5287804
zapB_predicted,0.25,3,3,CCACTTGGGGGAGGCAGTCT,0,5278772
zapB_predicted,0.25,3,3,CCACCGGCTCCAATCTTGGT,0,5268627
zapB_predicted,0.25,3,3,CCACCCCTAGGGATTTATGA,0,5264741
zapB_predicted,0.25,3,3,CCACAGAGTGCGTACAGGCG,0,5277791
zapB_predicted,0.25,3,3,CATTCATACAAGGGGGAGTG,0,5271709
zapB_predicted,0.25,3,3,CATGCAGATGCGGGCCAAGT,0,5274297
zapB_predicted,0.25,3,3,CATCCCGAACTCAAGTATGT,0,5287505
zapB_predicted,0.25,3,3,CATCAGGATCGCGGCTTCAA,0,5275585
zapB_predicted,0.25,3,3,CAGTGAAGCGCATGAGGTGA,0,5282890
zapB_predicted,0.25,3,3,CAGTCCGTGTTCACTTAAAG,0,5264710
zapB_predicted,0.25,3,3,CAGTCCCTCTATCCGTCAGG,0,5287174
zapB_predicted,0.25,3,3,CAGGAAGGTCGGGCTTCGTG,0,5269810
zapB_predicted,0.25,3,3,CAGCCTTTGTCCAGGCCAGG,0,5268386
zapB_predicted,0.25,3,3,CAGCAGCTCTTATCTACGCC,0,5263512
zapB_predicted,0.25,3,3,CAGCAAATCCCGCCTAATGT,0,5265635
zapB_predicted,0.25,3,3,CACTAGGCACGATGACGCCA,0,5266072
zapB_predicted,0.25,3,3,CACGTTCCAAATTTTGGCAG,0,5271295
zapB_predicted,0.25,3,3,CACGTGTATCGGCCCGCAAT,0,5284967
zapB_predicted,0.25,3,3,CACGTGCCCGTCCGGATTTA,0,5282697
zapB_predicted,0.25,3,3,CACGGGATTCCTCCTGATGC,0,5279244
zapB_predicted,0.25,3,3,CACGCCTTGCTACTTTGCTC,0,5288247
zapB_predicted,0.25,3,3,CACGATATCATTATTTTGGC,0,5275202
zapB_predicted,0.25,3,3,CACGAAGTTTAAAAGTATGA,0,5263954
zapB_predicted,0.25,3,3,CACCCCTCAGTAATACCTTT,0,5264518
zapB_predicted,0.25,3,3,CACCACATGCCATATATTCC,0,5278210
zapB_predicted,0.25,3,3,CACAACACTGTGAGTTGAAC,0,5268664
zapB_predicted,0.25,3,3,CAATTTACTAATAAGAATGT,0,5284169
zapB_predicted,0.25,3,3,CAAGGCCTACTTGGACCACA,0,5265192
zapB_predicted,0.25,3,3,CAAGCAATCATAAACATATC,0,5275751
zapB_predicted,0.25,3,3,CAACTAGCCCCTCGTGAGAT,0,5284268
zapB_predicted,0.25,3,3,CAACCCTCCAGGTTGTTGTT,0,5286903
zapB_predicted,0.25,3,3,ATTTTTCGACAGGAAATCGA,0,5277799
zapB_predicted,0.25,3,3,ATTTCAAATTCACGGGTTCT,0,5286588
zapB_predicted,0.25,3,3,ATTGCATCCAACTCACAGTT,0,5266358
zapB_predicted,0.25,3,3,ATTCTATGGGGGGCAAACCT,0,5280400
zapB_predicted,0.25,3,3,ATTCCTTTCACCCCCTAACA,0,5286430
zapB_predicted,0.25,3,3,ATTCATCTGAACGGCAGTTG,0,5280334
zapB_predicted,0.25,3,3,ATTATAGTCCGTGCAAGCTC,0,5281920
zapB_predicted,0.25,3,3,ATTAATCGGCTCGCTAAGGA,0,5271349
zapB_predicted,0.25,3,3,ATGTCACTCCGCAGACTCGA,0,5266320
zapB_predicted,0.25,3,3,ATGTAATGGGACGATATGCT,0,5281093
zapB_predicted,0.25,3,3,ATGGTCACACCGACTAAAGT,0,5276296
zapB_predicted,0.25,3,3,ATGCCTTTGACATAATCCGC,0,5286562
zapB_predicted,0.25,3,3,ATGCCACCTGTACCAGGTGG,0,5266293
zapB_predicted,0.25,3,3,ATCTGGCGGACGGGGTGCAT,0,5270536
zapB_predicted,0.25,3,3,ATCTCAAGTCAGCGGTCTAT,0,5277456
zapB_predicted,0.25,3,3,ATCGTTCACCTTCTTGAGCC,0,5267702
zapB_predicted,0.25,3,3,ATCGCTTTGTAGATGGCACC,0,5270730
zapB_predicted,0.25,3,3,ATCGCGGCCCAGCCTCGTCA,0,5280734
zapB_predicted,0.25,3,3,ATCGAACTGACCCGCTTAGT,0,5284759
zapB_predicted,0.25,3,3,ATCCGTCTGTTCGTCGGCAT,0,5282816
zapB_predicted,0.25,3,3,ATCCGGACTAAATAGGCTGT,0,5285159
zapB_predicted,0.25,3,3,ATCAGGCTGATCGTAATCAT,0,5271965
zapB_predicted,0.25,3,3,ATATTCATTGCGGGAGGTGC,0,5263067
zapB_predicted,0.25,3,3,ATATAGGATAAGCCTAGACT,0,5264122
zapB_predicted,0.25,3,3,ATAGGGGCAACATGGGTGGG,0,5277830
zapB_predicted,0.25,3,3,ATAGCGTGCGATTAACTTTC,0,5263009
zapB_predicted,0.25,3,3,ATAGACACTCTCGAATAGGA,0,5265826
zapB_predicted,0.25,3,3,ATACCATTTGCCGCTTGTAA,0,5283050
zapB_predicted,0.25,3,3,ATACAGGACATCTTGACGGC,0,5288058
zapB_predicted,0.25,3,3,ATAAGAACCGGCACCTTATT,0,5275881
zapB_predicted,0.25,3,3,AGTTTCATAACTCAATGCAT,0,5267399
zapB_predicted,0.25,3,3,AGTTTAGACTCTGAATGCAT,0,5276553
zapB_predicted,0.25,3,3,AGTGTGACAGGGCAGGTCCA,0,5274788
zapB_predicted,0.25,3,3,AGTGTATCGGGATGCAACTT,0,5287589
zapB_predicted,0.25,3,3,AGTGTACTAAGTAGGACCTG,0,5267138
zapB_predicted,0.25,3,3,AGTGGTATCCTAACTAGCGC,0,5268629
zapB_predicted,0.25,3,3,AGTCTGCTTCCTAATATGCT,0,5287912
zapB_predicted,0.25,3,3,AGTCGCCATACGGCGTCGGC,0,5278453
zapB_predicted,0.25,3,3,AGGTGAGGAATAGAACAATA,0,5272818
zapB_predicted,0.25,3,3,AGGTATTTGTCTTTGCATAG,0,5282555
zapB_predicted,0.25,3,3,AGGTATAGTCACTCCACCTA,0,5279429
zapB_predicted,0.25,3,3,AGGGCGGTAAATGGACGAAA,0,5287094
zapB_predicted,0.25,3,3,AGGGAATGCGTATAGTGTGG,0,5287337
zapB_predicted,0.25,3,3,AGGCTGGCAAGTAGAAATCC,0,5278790
zapB_predicted,0.25,3,3,AGGCAGGACGGCTAGTAATC,0,5286660
zapB_predicted,0.25,3,3,AGGCAGCATCCTGGTAGCGG,0,5264851
zapB_predicted,0.25,3,3,AGCTGGTTCGAGGGATGGAG,0,5263904
zapB_predicted,0.25,3,3,AGCTGACATAACAGGCTCGA,0,5284828
zapB_predicted,0.25,3,3,AGCCTCACAATCATGACCGC,0,5271337
zapB_predicted,0.25,3,3,AGCCAGTCAGAAAATCTGTT,0,5272019
zapB_predicted,0.25,3,3,AGCATCTCTCGTACTTTTCA,0,5276004
zapB_predicted,0.25,3,3,AGCATAAACTACTTCTCTTG,0,5280869
zapB_predicted,0.25,3,3,AGCAAGGGTTTAAAGATCGA,0,5283260
zapB_predicted,0.25,3,3,AGATTCGTTACTCCCAAGCA,0,5271909
zapB_predicted,0.25,3,3,AGATATTCTTGTTAGTAAAT,0,5282600
zapB_predicted,0.25,3,3,AGAGTAGCTTGGTTGTCGGA,0,5274640
zapB_predicted,0.25,3,3,AGAGGTGTATACCTCATGCG,0,5266300
zapB_predicted,0.25,3,3,AGACTCTCCGGGCAAGCAGA,0,5271255
zapB_predicted,0.25,3,3,AGACAGAACCGTACCAAACA,0,5280392
zapB_predicted,0.25,3,3,AGACACAAGGTGTAACCTGT,0,5274350
zapB_predicted,0.25,3,3,ACTTTGCTAGGGATTTGAAC,0,5267611
zapB_predicted,0.25,3,3,ACTGTCACATTACGTGATAG,0,5275877
zapB_predicted,0.25,3,3,ACTGGCAAGTGAGCCCCTTA,0,5286961
zapB_predicted,0.25,3,3,ACTGGACATGACAGCCATCC,0,5285973
zapB_predicted,0.25,3,3,ACTGCCAACTATGGGGCTGG,0,5265455
zapB_predicted,0.25,3,3,ACTCTAGGTGCTGGCGCTTT,0,5279689
zapB_predicted,0.25,3,3,ACTCACCCACAAGATCACTC,0,5264985
zapB_predicted,0.25,3,3,ACTATGTCCAGCCAGCGGAA,0,5269144
zapB_predicted,0.25,3,3,ACGTTCACAGGAGTTCAGTA,0,5272729
zapB_predicted,0.25,3,3,ACGTGGCAGTACTGTTTCGA,0,5284975
zapB_predicted,0.25,3,3,ACGTATCCCTCGTGGAGTTC,0,5271696
zapB_predicted,0.25,3,3,ACGTAGGAGTAGCGGCTTAT,0,5285657
zapB_predicted,0.25,3,3,ACGGTCGAACATCGGGGTAA,0,5266032
zapB_predicted,0.25,3,3,ACGGTACCGATTATTGGGTT,0,5277313
zapB_predicted,0.25,3,3,ACGGACTCCACAAAGACATT,0,5283702
zapB_predicted,0.25,3,3,ACGCTTGCACCAAAGAGTAC,0,5264516
zapB_predicted,0.25,3,3,ACGACGCGCGAGGTACGGGA,0,5270028
zapB_predicted,0.25,3,3,ACCGCAAGGATCCCTTCCAT,0,5270714
zapB_predicted,0.25,3,3,ACCCTAATTGGCTTCAGGCC,0,5282767
zapB_predicted,0.25,3,3,ACCATAAGGACAGTACGTGC,0,5278872
zapB_predicted,0.25,3,3,ACCACATTACGCAAAAGCAA,0,5271897
zapB_predicted,0.25,3,3,ACATCCTATATGCCACTTTG,0,5263519
zapB_predicted,0.25,3,3,ACAGGTTTTATATTAGCCAG,0,5281367
zapB_predicted,0.25,3,3,ACAGGACAACGTAGTCATGT,0,5287226
zapB_predicted,0.25,3,3,ACACTGGCTGGAAGTCCGCG,0,5272621
zapB_predicted,0.25,3,3,ACACTAATCAGATTAGACTA,0,5264002
zapB_predicted,0.25,3,3,ACAACTTCGTTGCCATCGCG,0,5272271
zapB_predicted,0.25,3,3,AATTCGGTTGTTTTACTGCC,0,5271760
zapB_predicted,0.25,3,3,AATGTCTTGCATTACAGATA,0,5278952
zapB_predicted,0.25,3,3,AATGCGTATGTTCTTCTACA,0,5283399
zapB_predicted,0.25,3,3,AATCGGGTCACCCGGTTAAT,0,5268489
zapB_predicted,0.25,3,3,AATCGCTAATAATTAGTTAC,0,5287076
zapB_predicted,0.25,3,3,AATCCCTGTCTTCCCTTTTG,0,5285468
zapB_predicted,0.25,3,3,AATCCCTAATTGGTGGTAAA,0,5272165
zapB_predicted,0.25,3,3,AATCAGGAGACAACATTAAT,0,5278399
zapB_predicted,0.25,3,3,AATACCTTGACTAAGGTTCG,0,5283807
zapB_predicted,0.25,3,3,AATACACATCCTATGGGTGT,0,5280689
zapB_predicted,0.25,3,3,AAGTGGACACAAGGCGCCAC,0,5263998
zapB_predicted,0.25,3,3,AAGTGCGTGGTAAGAGCGGT,0,5282003
zapB_predicted,0.25,3,3,AAGTCGGCTAGCTCCTAAGT,0,5280924
zapB_predicted,0.25,3,3,AAGTCAACAAAGTGTCAGGT,0,5284767
zapB_predicted,0.25,3,3,AAGGTCTCCGCGAGGGACGG,0,5273504
zapB_predicted,0.25,3,3,AAGGCCGTGCACCTTGCGCT,0,5263331
zapB_predicted,0.25,3,3,AAGCTTTTTAGGTGCCTGTT,0,5275731
zapB_predicted,0.25,3,3,AAGCTGGGGATTACGTCACA,0,5284614
zapB_predicted,0.25,3,3,AAGAGGTGTGTTAAAGTATA,0,5286042
zapB_predicted,0.25,3,3,AACGGTACCGACAGCAGGAT,0,5273317
zapB_predicted,0.25,3,3,AACGGCGGTCGCACTCAGCA,0,5285083
zapB_predicted,0.25,3,3,AACGGAGGGCGCGTTCCGTG,0,5278688
zapB_predicted,0.25,3,3,AACCTTAATATCATGTCATA,0,5288168
zapB_predicted,0.25,3,3,AACCCACTCCTGAGGCCCGA,0,5276245
zapB_predicted,0.25,3,3,AACAACTCGCGATGTGGAAT,0,5286257
zapB_predicted,0.25,3,3,AAATTCTGGCGGTACTAGCC,0,5285194
zapB_predicted,0.25,3,3,AAATGGGGTAGCTGCTGGAT,0,5281042
zapB_predicted,0.25,3,3,AAACGCCAGGAACGCTCTAA,0,5263297
zapB_predicted,0.25,3,3,AAACCGGTTGTGTGGCGATA,0,5263007
zapB_predicted,0.25,3,3,AAACCGGCGCATACGTTACT,0,5269872
zapB_predicted,0.25,3,3,AAAAGTGGAGCTGCCCGGGA,0,5265325
zapB_predicted,0.25,3,3,AAAAAGGCGAGAAAAGAAGC,0,5287408
zapB_predicted,0.3333333333333333,2,2,TTTTTGAATGGTACACCCGC,0,5288017
zapB_predicted,0.3333333333333333,2,2,TTTGGGTCACTATCGCCCGT,0,5263973
zapB_predicted,0.3333333333333333,2,2,TTTGGCTTCTTGTGACCGCC,0,5273613
zapB_predicted,0.3333333333333333,2,2,TTTGGCTGACTACTACAACA,0,5273934
zapB_predicted,0.3333333333333333,2,2,TTTGGACAAGATACGGCATT,0,5276516
zapB_predicted,0.3333333333333333,2,2,TTTAGGAGTGGTAGCGGTAA,0,5284624
zapB_predicted,0.3333333333333333,2,2,TTTAGCTAAGACCGGAACCA,0,5266807
zapB_predicted,0.3333333333333333,2,2,TTTAAGACACTACGCCCGAA,0,5272778
zapB_predicted,0.3333333333333333,2,2,TTTAAGAATAAAGGAAGTTG,0,5271367
zapB_predicted,0.3333333333333333,2,2,TTGTTTCGGTGGTCGAAGCC,0,5279765
zapB_predicted,0.3333333333333333,2,2,TTGTCTTCCATCTCGCCCAT,0,5278519
zapB_predicted,0.3333333333333333,2,2,TTGTATAGACTGTCGTGCTT,0,5285721
zapB_predicted,0.3333333333333333,2,2,TTGTAAATCGGTCGTTCCAG,0,5274970
zapB_predicted,0.3333333333333333,2,2,TTGGGTTTGACTGGTCAGCA,0,5280087
zapB_predicted,0.3333333333333333,2,2,TTGGGCGTGGTGGGCTCCAC,0,5266248
zapB_predicted,0.3333333333333333,2,2,TTGGGCCTAACGGTAGTAGT,0,5263292
zapB_predicted,0.3333333333333333,2,2,TTGGCTTTTATCAACCAGTA,0,5283660
zapB_predicted,0.3333333333333333,2,2,TTGGCTCGTAAGTGGTGGCA,0,5268280
zapB_predicted,0.3333333333333333,2,2,TTGGAGAACGCACATTATAC,0,5264285
zapB_predicted,0.3333333333333333,2,2,TTGCTCATCTGTAGGATTCT,0,5282252
zapB_predicted,0.3333333333333333,2,2,TTGATTGGTACTATATGAGC,0,5280076
zapB_predicted,0.3333333333333333,2,2,TTGAGTTCTGCACGGCATTA,0,5276582
zapB_predicted,0.3333333333333333,2,2,TTGAAAATTCTGGTGTGTAG,0,5268307
zapB_predicted,0.3333333333333333,2,2,TTCTGCCTGTGGCGGCTGAA,0,5279943
zapB_predicted,0.3333333333333333,2,2,TTCTCTGGTCACGCGGCCCC,0,5273407
zapB_predicted,0.3333333333333333,2,2,TTCGACGGAGGCTTCCGCCT,0,5264517
zapB_predicted,0.3333333333333333,2,2,TTATCTATCAGTTCTTCGGT,0,5263967
zapB_predicted,0.3333333333333333,2,2,TTAGTTTTCCTACCGCACTA,0,5283297
zapB_predicted,0.3333333333333333,2,2,TTAGTGGGGTGGTAGACTAC,0,5276969
zapB_predicted,0.3333333333333333,2,2,TTAGCTTCCATGTTACAGCC,0,5286328
zapB_predicted,0.3333333333333333,2,2,TTAGAGCACTTATCAATACA,0,5283487
zapB_predicted,0.3333333333333333,2,2,TTACTCAGTTAGGTTAGGCC,0,5282561
zapB_predicted,0.3333333333333333,2,2,TTACCTCCTAGTAATGCCAG,0,5271953
zapB_predicted,0.3333333333333333,2,2,TTACAGCTACAGAAACGTCC,0,5268794
zapB_predicted,0.3333333333333333,2,2,TTACACACAAGCTGGTGGCT,0,5275574
zapB_predicted,0.3333333333333333,2,2,TTAATATGGTAGACGCTGAA,0,5267774
zapB_predicted,0.3333333333333333,2,2,TTAAACGGTCCGACGTTCGA,0,5267324
zapB_predicted,0.3333333333333333,2,2,TTAAACATTGCAATATGTCT,0,5273931
zapB_predicted,0.3333333333333333,2,2,TTAAACATGCAAGGAAAGTC,0,5263477
zapB_predicted,0.3333333333333333,2,2,TTAAAAGCGCGGTCCTCGCC,0,5284668
zapB_predicted,0.3333333333333333,2,2,TGTTTAATGGTGTGGCAATG,0,5266055
zapB_predicted,0.3333333333333333,2,2,TGTTGCGGCTAGCGACACTC,0,5283027
zapB_predicted,0.3333333333333333,2,2,TGTGCTGATTGGTGGTTTTG,0,5286449
zapB_predicted,0.3333333333333333,2,2,TGTGCCTTCACTCTCGAACC,0,5269965
zapB_predicted,0.3333333333333333,2,2,TGTGAGAGCGTATTGTGCAA,0,5272120
zapB_predicted,0.3333333333333333,2,2,TGTCAGCTCGGTAGAAAGAG,0,5280145
zapB_predicted,0.3333333333333333,2,2,TGTAATTGGTGCAATCTTAG,0,5276353
zapB_predicted,0.3333333333333333,2,2,TGTAAAGTTTACAGGATGTT,0,5278193
zapB_predicted,0.3333333333333333,2,2,TGGTGCCGACTCATTATGTC,0,5278723
zapB_predicted,0.3333333333333333,2,2,TGGTATCGCCCACGCCAATT,0,5268889
zapB_predicted,0.3333333333333333,2,2,TGGGTTGGAAACATTACCTT,0,5269723
zapB_predicted,0.3333333333333333,2,2,TGGGTAACAGCCGCTTATGT,0,5267617
zapB_predicted,0.3333333333333333,2,2,TGGGGAGTCATCCCTAAGTG,0,5263882
zapB_predicted,0.3333333333333333,2,2,TGGCTACAACTCACCCGAAA,0,5273625
zapB_predicted,0.3333333333333333,2,2,TGGCGTACAAAATGTAACAT,0,5284451
zapB_predicted,0.3333333333333333,2,2,TGGCCTGACAGTACGATCCT,0,5284363
zapB_predicted,0.3333333333333333,2,2,TGGCCTAGTATAAGGTATTA,0,5283031
zapB_predicted,0.3333333333333333,2,2,TGGCCGGGGTGTTGGCCCTG,0,5274223
zapB_predicted,0.3333333333333333,2,2,TGGCCGCTTTTTTACGCATT,0,5288112
zapB_predicted,0.3333333333333333,2,2,TGGCCACACTTGGTAATTGT,0,5278555
zapB_predicted,0.3333333333333333,2,2,TGGCCAAGACGGTATGAAAC,0,5269444
zapB_predicted,0.3333333333333333,2,2,TGGCATTACATTATCCGCGT,0,5281592
zapB_predicted,0.3333333333333333,2,2,TGGATGGCCATGCATATACG,0,5269665
zapB_predicted,0.3333333333333333,2,2,TGGATCTCGCATCTACACCC,0,5285160
zapB_predicted,0.3333333333333333,2,2,TGGAGTTAATCGGGTACACC,0,5281031
zapB_predicted,0.3333333333333333,2,2,TGGAGAACTCCGCCACTAGC,0,5269995
zapB_predicted,0.3333333333333333,2,2,TGCTTCCACCACCCGCGATA,0,5280001
zapB_predicted,0.3333333333333333,2,2,TGCTGGTTTACAGATCTAGT,0,5276687
zapB_predicted,0.3333333333333333,2,2,TGCTAGAAAACGATCGAGTA,0,5271249
zapB_predicted,0.3333333333333333,2,2,TGCGTGTGCCTTGTACGGGA,0,5283934
zapB_predicted,0.3333333333333333,2,2,TGCGGGATATTCTTCTCGTA,0,5269447
zapB_predicted,0.3333333333333333,2,2,TGCGGGAAATGTGAGTGACA,0,5282934
zapB_predicted,0.3333333333333333,2,2,TGCGAATTTACGTGGGTTAC,0,5283676
zapB_predicted,0.3333333333333333,2,2,TGCCGCGAAATCCCTATCTA,0,5275031
zapB_predicted,0.3333333333333333,2,2,TGCCGACTAGCCGCACAGTC,0,5278468
zapB_predicted,0.3333333333333333,2,2,TGCATAGCTTGCGCAGCTAA,0,5265518
zapB_predicted,0.3333333333333333,2,2,TGCAAGGGTGTCCCCTGCAG,0,5278577
zapB_predicted,0.3333333333333333,2,2,TGATTATGGCTCAGCGTGGT,0,5285694
zapB_predicted,0.3333333333333333,2,2,TGATGCCCAACGCACTTGTC,0,5277148
zapB_predicted,0.3333333333333333,2,2,TGAGTCTGGCCAGACTCTTT,0,5274118
zapB_predicted,0.3333333333333333,2,2,TGAGACCTTACGGGGAATCA,0,5278897
zapB_predicted,0.3333333333333333,2,2,TGACGAGTTGGCACCATCAA,0,5263516
zapB_predicted,0.3333333333333333,2,2,TGACCGCACATCAGTATTTG,0,5287441
zapB_predicted,0.3333333333333333,2,2,TGACAAGCGGCAGGGACAAT,0,5281706
zapB_predicted,0.3333333333333333,2,2,TCTTCTGTCATCTGCGAGAA,0,5281998
zapB_predicted,0.3333333333333333,2,2,TCTTAATTTCAAAACGTGCA,0,5276518
zapB_predicted,0.3333333333333333,2,2,TCTTAAAGGGTTCCCATGGT,0,5280616
zapB_predicted,0.3333333333333333,2,2,TCTGTCTTTGACCAGTGAAA,0,5263922
zapB_predicted,0.3333333333333333,2,2,TCTGTCTCAGTTCGGTCAGT,0,5270861
zapB_predicted,0.3333333333333333,2,2,TCTGGAGTCACCACGCCCGG,0,5271625
zapB_predicted,0.3333333333333333,2,2,TCTGCGTGAATTAAGCGCGA,0,5272754
zapB_predicted,0.3333333333333333,2,2,TCTGCCGTTGGGAGCGCTAA,0,5285963
zapB_predicted,0.3333333333333333,2,2,TCTAGGCGTCTAGGCGACGG,0,5287525
zapB_predicted,0.3333333333333333,2,2,TCGTGTTGCAGCGCAATTCA,0,5269608
zapB_predicted,0.3333333333333333,2,2,TCGTGTTAGGGCGTCGTAAA,0,5264071
zapB_predicted,0.3333333333333333,2,2,TCGGTTCAATGGGTTGGAGG,0,5277960
zapB_predicted,0.3333333333333333,2,2,TCGGGTACGCATGCGCCCGT,0,5274183
zapB_predicted,0.3333333333333333,2,2,TCGGCGATAGCCAAGTGGTT,0,5265255
zapB_predicted,0.3333333333333333,2,2,TCGGCCGCCGGCCCTATTGA,0,5273255
zapB_predicted,0.3333333333333333,2,2,TCGCTGGGCCTACCGGCCAA,0,5284803
zapB_predicted,0.3333333333333333,2,2,TCGCTACCGGACTCAACGGA,0,5279612
zapB_predicted,0.3333333333333333,2,2,TCGCGTCGTCGCTCGTGCGG,0,5267837
zapB_predicted,0.3333333333333333,2,2,TCGCGGTACAGCAGAGGTGC,0,5275795
zapB_predicted,0.3333333333333333,2,2,TCGCGCAAACGAATGAACCG,0,5278933
zapB_predicted,0.3333333333333333,2,2,TCGCACCCGCTAACCTTATC,0,5285167
zapB_predicted,0.3333333333333333,2,2,TCGCAAGACGAACAGAAGAT,0,5280073
zapB_predicted,0.3333333333333333,2,2,TCGATCAGGGTGTTGGGCTA,0,5277494
zapB_predicted,0.3333333333333333,2,2,TCGACTATTATGGAACGCCA,0,5273659
zapB_predicted,0.3333333333333333,2,2,TCGACCTGCTCTACGAGTTA,0,5272918
zapB_predicted,0.3333333333333333,2,2,TCGACCAATCACCACTTCCT,0,5282643
zapB_predicted,0.3333333333333333,2,2,TCCTCCCGGCGGAGGTATCG,0,5267483
zapB_predicted,0.3333333333333333,2,2,TCCTCACATAGGTGTCCGAA,0,5275097
zapB_predicted,0.3333333333333333,2,2,TCCTATGGATCTGACGCTAA,0,5283438
zapB_predicted,0.3333333333333333,2,2,TCCGGCAAAAGGCCGTCCGC,0,5281376
zapB_predicted,0.3333333333333333,2,2,TCCGGATTGCTTACCATTCG,0,5269464
zapB_predicted,0.3333333333333333,2,2,TCCCGCTGTTTTGAGGCTTT,0,5264072
zapB_predicted,0.3333333333333333,2,2,TCCCCGGTAAGTTATTTGAG,0,5274978
zapB_predicted,0.3333333333333333,2,2,TCCCAATCCGAACCCTCACG,0,5286247
zapB_predicted,0.3333333333333333,2,2,TCCATAAACTGACTACATAA,0,5282668
zapB_predicted,0.3333333333333333,2,2,TCCAGCGTACGGCCCGTCCG,0,5272201
zapB_predicted,0.3333333333333333,2,2,TCCAAGGGCGCCTTCTCGTT,0,5279847
zapB_predicted,0.3333333333333333,2,2,TCATTAGGCTGGGGTTCTCT,0,5285716
zapB_predicted,0.3333333333333333,2,2,TCATGGTTTGAGAAGGTCAC,0,5274601
zapB_predicted,0.3333333333333333,2,2,TCAGGCGAGCCGGGGGGCTA,0,5275186
zapB_predicted,0.3333333333333333,2,2,TCAGCCAGGACTGAATCTCA,0,5268822
zapB_predicted,0.3333333333333333,2,2,TCACTACTGGAGGGAAAGGG,0,5265263
zapB_predicted,0.3333333333333333,2,2,TCACAGGACCAGTTGTAGCT,0,5283502
zapB_predicted,0.3333333333333333,2,2,TCAAGTGTAAGGATTTTGGG,0,5286766
zapB_predicted,0.3333333333333333,2,2,TCAAAAGTATCAAGGAACCC,0,5287938
zapB_predicted,0.3333333333333333,2,2,TATTGTACGGTCATCGAGGC,0,5283747
zapB_predicted,0.3333333333333333,2,2,TATTACGTGGCCGCCCGCAA,0,5268532
zapB_predicted,0.3333333333333333,2,2,TATGTCGTCCGACCGTGACG,0,5273899
zapB_predicted,0.3333333333333333,2,2,TATGGCGCGATGCAACTAGC,0,5284942
zapB_predicted,0.3333333333333333,2,2,TATCCTTTGTCTACTCGGTG,0,5286929
zapB_predicted,0.3333333333333333,2,2,TATCCGGCATCCTATTACTC,0,5278095
zapB_predicted,0.3333333333333333,2,2,TATCCCAGGGGCGATTTTTT,0,5264018
zapB_predicted,0.3333333333333333,2,2,TATAGTTCACCTCAAGATAG,0,5269845
zapB_predicted,0.3333333333333333,2,2,TATAGGGAGTTGTATGAAAC,0,5278894
zapB_predicted,0.3333333333333333,2,2,TATAAGGCATGCGCCGAGTG,0,5267063
zapB_predicted,0.3333333333333333,2,2,TAGGCCCTCTTGCATCCTGT,0,5281328
zapB_predicted,0.3333333333333333,2,2,TAGGCAAGTTCCCCTTGCAG,0,5282414
zapB_predicted,0.3333333333333333,2,2,TAGCGGTCCCAGTTAACTAT,0,5273779
zapB_predicted,0.3333333333333333,2,2,TAGCGAACTTGTTATCACTA,0,5275468
zapB_predicted,0.3333333333333333,2,2,TAGCCGACCAGGGCGTACGT,0,5275552
zapB_predicted,0.3333333333333333,2,2,TAGCAAGAGACTATTATGCG,0,5268245
zapB_predicted,0.3333333333333333,2,2,TAGACAATGCGTTTTCTCGG,0,5267697
zapB_predicted,0.3333333333333333,2,2,TACTACGTTCGCTTTTACTG,0,5283652
zapB_predicted,0.3333333333333333,2,2,TACGTTCTTTCATGTACGCG,0,5276023
zapB_predicted,0.3333333333333333,2,2,TACGTGGTCGATGGTCGTTT,0,5276427
zapB_predicted,0.3333333333333333,2,2,TACGGACCCAGGGCGCCAAG,0,5265375
zapB_predicted,0.3333333333333333,2,2,TACGCTCTGACCCAATACCA,0,5274908
zapB_predicted,0.3333333333333333,2,2,TACCGATTTGGCCACCAACA,0,5270088
zapB_predicted,0.3333333333333333,2,2,TACACGTCGCTTCAAGGGGT,0,5265298
zapB_predicted,0.3333333333333333,2,2,TAAGTTCAAAAAGCGCTCTC,0,5282401
zapB_predicted,0.3333333333333333,2,2,TAAGTCGGGGTAGACGTGGA,0,5273171
zapB_predicted,0.3333333333333333,2,2,TAAGGTGCATTCGTTGATAA,0,5277801
zapB_predicted,0.3333333333333333,2,2,TAAATGGCTGTCCCGTGACC,0,5286017
zapB_predicted,0.3333333333333333,2,2,TAAAGGAATCGGAAAAAGTA,0,5264763
zapB_predicted,0.3333333333333333,2,2,TAAAAACGTGTTAACTCTCT,0,5276762
zapB_predicted,0.3333333333333333,2,2,GTTTTTTGCAGGCATACGAT,0,5278014
zapB_predicted,0.3333333333333333,2,2,GTTTGCGTGACATTAACAAG,0,5264490
zapB_predicted,0.3333333333333333,2,2,GTTGTAGTTCATGATTCCGG,0,5264118
zapB_predicted,0.3333333333333333,2,2,GTTGCGTCCTACAGGGCATG,0,5276624
zapB_predicted,0.3333333333333333,2,2,GTTGAACATAAAGCGTCGTC,0,5278900
zapB_predicted,0.3333333333333333,2,2,GTTCTGTTGACTGTCAAAAC,0,5271938
zapB_predicted,0.3333333333333333,2,2,GTTATGTTTCTCGCTATGAT,0,5284824
zapB_predicted,0.3333333333333333,2,2,GTTATCGCTGTGAGTCGGAC,0,5267481
zapB_predicted,0.3333333333333333,2,2,GTTAGCGACAGCGGTTCGTA,0,5269924
zapB_predicted,0.3333333333333333,2,2,GTTACCAAGCCCAAGAGCCT,0,5265326
zapB_predicted,0.3333333333333333,2,2,GTGTTTTTGTTGACACCCTC,0,5283854
zapB_predicted,0.3333333333333333,2,2,GTGTTCAAGGACGGCAAATA,0,5279968
zapB_predicted,0.3333333333333333,2,2,GTGTGAGTGGCAAAAGCTTG,0,5264123
zapB_predicted,0.3333333333333333,2,2,GTGTCTAAATAAGTGTCACA,0,5281903
zapB_predicted,0.3333333333333333,2,2,GTGGGTGGTAAAATGTTGGA,0,5268011
zapB_predicted,0.3333333333333333,2,2,GTGCCCGAAGCCGTAGTAAT,0,5275582
zapB_predicted,0.3333333333333333,2,2,GTGCATTTTGGGTCTATGTT,0,5276548
zapB_predicted,0.3333333333333333,2,2,GTGAGAGGGGCAGCAGACGG,0,5287766
zapB_predicted,0.3333333333333333,2,2,GTGACTATAGCTCGCATCGA,0,5285233
zapB_predicted,0.3333333333333333,2,2,GTCTCACTCATCGAAAAAAG,0,5278805
zapB_predicted,0.3333333333333333,2,2,GTCGAACTTCGCTGCGCGTA,0,5264553
zapB_predicted,0.3333333333333333,2,2,GTCAGTAGAGCACGGTACCT,0,5275940
zapB_predicted,0.3333333333333333,2,2,GTCAGGGGCAGCGCCGGGTC,0,5263625
zapB_predicted,0.3333333333333333,2,2,GTCAGGCCGTTCGGTGGACC,0,5267266
zapB_predicted,0.3333333333333333,2,2,GTACCGCCAGTATTGAGAGA,0,5280563
zapB_predicted,0.3333333333333333,2,2,GTAAGTCACTTTGGATTAAT,0,5273697
zapB_predicted,0.3333333333333333,2,2,GTAAGGCAACGTTGTCTACC,0,5284305
zapB_predicted,0.3333333333333333,2,2,GTAAGAGGGGGCGGTACGGG,0,5278795
zapB_predicted,0.3333333333333333,2,2,GTAAAACGTGCGTACAACGG,0,5276650
zapB_predicted,0.3333333333333333,2,2,GGTTTCAACTTACACCGAAC,0,5265480
zapB_predicted,0.3333333333333333,2,2,GGTGCTGGGATGCCCATTAT,0,5270779
zapB_predicted,0.3333333333333333,2,2,GGTCGTTTAAATAACTACTC,0,5275726
zapB_predicted,0.3333333333333333,2,2,GGTCGTCCAGGACCGAATGA,0,5286826
zapB_predicted,0.3333333333333333,2,2,GGTCGTACATGCCTTCCTCG,0,5267827
zapB_predicted,0.3333333333333333,2,2,GGTCCGATAGGGCGTGCTAG,0,5279346
zapB_predicted,0.3333333333333333,2,2,GGTCACAAGCCCGAGGGCAC,0,5282137
zapB_predicted,0.3333333333333333,2,2,GGTACGGCCATCGGTATTTA,0,5284907
zapB_predicted,0.3333333333333333,2,2,GGGTTGGGAAAATAACTGGC,0,5263684
zapB_predicted,0.3333333333333333,2,2,GGGTTATCTGGTTGACTGGT,0,5268623
zapB_predicted,0.3333333333333333,2,2,GGGTGGGGGACCAACCATCG,0,5267070
zapB_predicted,0.3333333333333333,2,2,GGGTATACTATGCCTAAATA,0,5265630
zapB_predicted,0.3333333333333333,2,2,GGGGGATATTTGGACGCATT,0,5280784
zapB_predicted,0.3333333333333333,2,2,GGGGACACGTACAGTGCTCA,0,5284291
zapB_predicted,0.3333333333333333,2,2,GGGCTCACACTGCTGCGAAG,0,5281143
zapB_predicted,0.3333333333333333,2,2,GGGCGCGCACCATCAATGAC,0,5275963
zapB_predicted,0.3333333333333333,2,2,GGGCCAGGTCACGCGGACGG,0,5286452
zapB_predicted,0.3333333333333333,2,2,GGGCCAAAGGCCGGTGACTG,0,5278065
zapB_predicted,0.3333333333333333,2,2,GGGAGCCAGTAATACCTCAC,0,5281940
zapB_predicted,0.3333333333333333,2,2,GGGAAAGCCACAGATCCTAT,0,5271162
zapB_predicted,0.3333333333333333,2,2,GGCTCGAGCCTGTGAGGAAA,0,5264539
zapB_predicted,0.3333333333333333,2,2,GGCGGGAGTATGGGTCACGT,0,5287930
zapB_predicted,0.3333333333333333,2,2,GGCGCAAAGGAGGGCGTTGG,0,5270798
zapB_predicted,0.3333333333333333,2,2,GGCCGAGGATGGACTCCGTG,0,5272246
zapB_predicted,0.3333333333333333,2,2,GGCCATTCCCAGCATCAAAC,0,5277688
zapB_predicted,0.3333333333333333,2,2,GGCCAGCTGGTCATTGCTCC,0,5266132
zapB_predicted,0.3333333333333333,2,2,GGCAAGCATGGTGTACATAA,0,5272707
zapB_predicted,0.3333333333333333,2,2,GGCAAGATGGAGTAGCTAGG,0,5269022
zapB_predicted,0.3333333333333333,2,2,GGAGGAACATGTAAGGGAAA,0,5265107
zapB_predicted,0.3333333333333333,2,2,GGAGCTGCCACGTGGAGCCC,0,5273527
zapB_predicted,0.3333333333333333,2,2,GGAGCTCGCGGTTCTAAGAC,0,5267456
zapB_predicted,0.3333333333333333,2,2,GGAGAATGTGTCATGCATCA,0,5278834
zapB_predicted,0.3333333333333333,2,2,GGACACGCAGGCCTCCGATG,0,5271974
zapB_predicted,0.3333333333333333,2,2,GGAAGGACTCAAGGATGGCA,0,5284424
zapB_predicted,0.3333333333333333,2,2,GGAACAGTCGCCAACATAGT,0,5274888
zapB_predicted,0.3333333333333333,2,2,GGAAAATGACGGACTTGTCC,0,5265692
zapB_predicted,0.3333333333333333,2,2,GCTTAAGAGATGTAAGGTGC,0,5264733
zapB_predicted,0.3333333333333333,2,2,GCTGTTGTTCACTGCCATTC,0,5263995
zapB_predicted,0.3333333333333333,2,2,GCTGTTCACACTTCTGTAGT,0,5264828
zapB_predicted,0.3333333333333333,2,2,GCTGCGGGTCCAGTAGCGTC,0,5287553
zapB_predicted,0.3333333333333333,2,2,GCTGATCCTTAATCGGAATT,0,5281844
zapB_predicted,0.3333333333333333,2,2,GCTCGTTCAATATCAGGGGT,0,5275513
zapB_predicted,0.3333333333333333,2,2,GCTCCGGCATGTGAACATTT,0,5278884
zapB_predicted,0.3333333333333333,2,2,GCTCATAGGGCCCGGTAATG,0,5276803
zapB_predicted,0.3333333333333333,2,2,GCTAGAGCGGTATAGTCTTC,0,5275240
zapB_predicted,0.3333333333333333,2,2,GCTACATGCCGGGTGACCTC,0,5280324
zapB_predicted,0.3333333333333333,2,2,GCTACATACAACGGGGACAG,0,5280855
zapB_predicted,0.3333333333333333,2,2,GCGTGGGTGAGCGTCAATGA,0,5284731
zapB_predicted,0.3333333333333333,2,2,GCGTCGAGAGAAGTAGCGGT,0,5277539
zapB_predicted,0.3333333333333333,2,2,GCGGAACCCCCCTGCCTATC,0,5270027
zapB_predicted,0.3333333333333333,2,2,GCGCGACCCATACTTACAGG,0,5276639
zapB_predicted,0.3333333333333333,2,2,GCGCAGGATGATGCATGAAC,0,5267459
zapB_predicted,0.3333333333333333,2,2,GCGCAGCAGTAGCTTCGGAC,0,5273089
zapB_predicted,0.3333333333333333,2,2,GCGCACGTAAGACAGTTTTT,0,5275018
zapB_predicted,0.3333333333333333,2,2,GCGCACATAGCGCAAGCTTG,0,5266245
zapB_predicted,0.3333333333333333,2,2,GCGAATTTTCGACTGGTAGC,0,5283238
zapB_predicted,0.3333333333333333,2,2,GCCTTCGACGCCCCGTATCT,0,5272235
zapB_predicted,0.3333333333333333,2,2,GCCTCGATAGCTGCGTAAAG,0,5270864
zapB_predicted,0.3333333333333333,2,2,GCCTCCTGTACGGTTCTAAT,0,5271666
zapB_predicted,0.3333333333333333,2,2,GCCAGGTAATGTAGGGTGTA,0,5269287
zapB_predicted,0.3333333333333333,2,2,GCATTGCCGTGTGTGTCGTG,0,5280560
zapB_predicted,0.3333333333333333,2,2,GCAGTCGGTTCATTATTAGT,0,5279941
zapB_predicted,0.3333333333333333,2,2,GCAGTCGATCCACTACTTTA,0,5263898
zapB_predicted,0.3333333333333333,2,2,GCAGGTCCTTGAGCTCCTAG,0,5266478
zapB_predicted,0.3333333333333333,2,2,GCACGACGAGGATTTACCGA,0,5276968
zapB_predicted,0.3333333333333333,2,2,GCACCTCGAACCTTGCTAAT,0,5276503
zapB_predicted,0.3333333333333333,2,2,GCACCAATGATGACTGTAAG,0,5286586
zapB_predicted,0.3333333333333333,2,2,GCAATGCCGCCATTCCAAAA,0,5287231
zapB_predicted,0.3333333333333333,2,2,GCAAAATGGCTCCCAGTATG,0,5272331
zapB_predicted,0.3333333333333333,2,2,GATTCTGGGATTCGCTGAGG,0,5287223
zapB_predicted,0.3333333333333333,2,2,GATTCTGGCAGAGGTCCAGA,0,5274809
zapB_predicted,0.3333333333333333,2,2,GATCTTGGTCGGTATGAGGT,0,5266231
zapB_predicted,0.3333333333333333,2,2,GATCGGTGCAATTGATTCTT,0,5269751
zapB_predicted,0.3333333333333333,2,2,GATATCACCTAGTGCCCAAG,0,5273267
zapB_predicted,0.3333333333333333,2,2,GATAAGCTGCCTTCGACACA,0,5266130
zapB_predicted,0.3333333333333333,2,2,GAGTTTCAGCTTAGGCTCGA,0,5274628
zapB_predicted,0.3333333333333333,2,2,GAGTTCACCGAGGTGAGAAG,0,5283486
zapB_predicted,0.3333333333333333,2,2,GAGTGCAGGGGTCAGGTGCC,0,5276237
zapB_predicted,0.3333333333333333,2,2,GAGTCTGATTCGTTTCTCAT,0,5275419
zapB_predicted,0.3333333333333333,2,2,GAGGCCCTCAAACCAAAGCA,0,5278517
zapB_predicted,0.3333333333333333,2,2,GAGCGTGATTTGAGATCCCA,0,5278801
zapB_predicted,0.3333333333333333,2,2,GACTTTCGATAAAATCTGCG,0,5275469
zapB_predicted,0.3333333333333333,2,2,GACTCGTGTAACATGGTACC,0,5278458
zapB_predicted,0.3333333333333333,2,2,GACTAGATTCTTTATGTGCA,0,5282372
zapB_predicted,0.3333333333333333,2,2,GACTACTATTGCAGCGAAAT,0,5287248
zapB_predicted,0.3333333333333333,2,2,GACTAATATGAGCTTTGCTT,0,5286858
zapB_predicted,0.3333333333333333,2,2,GACGGGTGCGACAGCAGAAG,0,5277240
zapB_predicted,0.3333333333333333,2,2,GACGCCCAATACATATAAGC,0,5273745
zapB_predicted,0.3333333333333333,2,2,GACCTTCTCGTGTCTAGAGC,0,5271705
zapB_predicted,0.3333333333333333,2,2,GACCCGACGGCATATGAGTC,0,5277711
zapB_predicted,0.3333333333333333,2,2,GACAGTCGTGAAGGCGGTAG,0,5272327
zapB_predicted,0.3333333333333333,2,2,GACAGCGCTTCGACTCATGG,0,5286410
zapB_predicted,0.3333333333333333,2,2,GACACCGAGTGTACCCGTCC,0,5284368
zapB_predicted,0.3333333333333333,2,2,GACACAGCGGTAAGTTTTTG,0,5269997
zapB_predicted,0.3333333333333333,2,2,GAATGTATTAATCCAGAACG,0,5280216
zapB_predicted,0.3333333333333333,2,2,GAAGTCCGTCTAGAGCTATG,0,5283393
zapB_predicted,0.3333333333333333,2,2,GAAGTCAACTTACACTCGGC,0,5275333
zapB_predicted,0.3333333333333333,2,2,GAAGGGGTGGGACGGCGTCG,0,5282520
zapB_predicted,0.3333333333333333,2,2,GAAGCGTTCAATATTCGTCT,0,5282271
zapB_predicted,0.3333333333333333,2,2,GAACTTTACGAGCGATGGTC,0,5279517
zapB_predicted,0.3333333333333333,2,2,GAACTGGTTCGAGGCTGGCG,0,5271834
zapB_predicted,0.3333333333333333,2,2,GAACAGATAGGAACCCTCAG,0,5277525
zapB_predicted,0.3333333333333333,2,2,GAAAGGGTCAATTGGCTTTC,0,5276739
zapB_predicted,0.3333333333333333,2,2,CTTTTCTGGTAGGCCCTGCA,0,5286307
zapB_predicted,0.3333333333333333,2,2,CTTTATTTTTTAATAAAGAC,0,5283164
zapB_predicted,0.3333333333333333,2,2,CTTGTGAGATATCGATCCGG,0,5282636
zapB_predicted,0.3333333333333333,2,2,CTTGGCAGAACCCATGTAAC,0,5268095
zapB_predicted,0.3333333333333333,2,2,CTTGACCATTTTACCCGATC,0,5284365
zapB_predicted,0.3333333333333333,2,2,CTTCTGGCCAAGCATTAGAC,0,5277497
zapB_predicted,0.3333333333333333,2,2,CTTCGCCTGCATCGTTGTTT,0,5285999
zapB_predicted,0.3333333333333333,2,2,CTTATTATGTCGCCCGCGGA,0,5263501
zapB_predicted,0.3333333333333333,2,2,CTTAGAGCGGTGGTAGCTTT,0,5268669
zapB_predicted,0.3333333333333333,2,2,CTTACGCGGGACATTACCTC,0,5268949
zapB_predicted,0.3333333333333333,2,2,CTGTGTAATCAGCACGGAGG,0,5285929
zapB_predicted,0.3333333333333333,2,2,CTGGTCCCTAAATATAGTTG,0,5271481
zapB_predicted,0.3333333333333333,2,2,CTGGGGCTAAGTGGAGCGAC,0,5276623
zapB_predicted,0.3333333333333333,2,2,CTGCGTGTAAGGGGTCTGAA,0,5274830
zapB_predicted,0.3333333333333333,2,2,CTGCCTGAGGGGTAGCCGTC,0,5270578
zapB_predicted,0.3333333333333333,2,2,CTGAGGCTGTTTAATAGTAC,0,5287307
zapB_predicted,0.3333333333333333,2,2,CTGAGGCAGGCCCAACCTAC,0,5277074
zapB_predicted,0.3333333333333333,2,2,CTGACGGTGCCATTACGACC,0,5282165
zapB_predicted,0.3333333333333333,2,2,CTGACCCTAGCCACAAGGAA,0,5282907
zapB_predicted,0.3333333333333333,2,2,CTCTTACTATAAGAGGCGCT,0,5263736
zapB_predicted,0.3333333333333333,2,2,CTCGCGGATTCTTTTACTCC,0,5272508
zapB_predicted,0.3333333333333333,2,2,CTCGCCTTCATTGGACTCAC,0,5272484
zapB_predicted,0.3333333333333333,2,2,CTCCGATACCCCGTAACACG,0,5286833
zapB_predicted,0.3333333333333333,2,2,CTCCGAGGGTCGTGAGAACA,0,5286144
zapB_predicted,0.3333333333333333,2,2,CTCCCACCTAGTGCGTTTTA,0,5265984
zapB_predicted,0.3333333333333333,2,2,CTCCAGGGCCGTTACGTTCT,0,5277996
zapB_predicted,0.3333333333333333,2,2,CTCATGTAGGAATCGGGCCA,0,5274820
zapB_predicted,0.3333333333333333,2,2,CTATTTAGCACATGCCATTA,0,5284690
zapB_predicted,0.3333333333333333,2,2,CTATAGCAACATATAGATGG,0,5279995
zapB_predicted,0.3333333333333333,2,2,CTAGCGTTATTGGGGTATGA,0,5280533
zapB_predicted,0.3333333333333333,2,2,CTACGAGAGATTTTTCTTGG,0,5278471
zapB_predicted,0.3333333333333333,2,2,CTAATCGCAGGCGTAGGCCA,0,5282305
zapB_predicted,0.3333333333333333,2,2,CGTTAAGGATTTGTATCAAC,0,5280024
zapB_predicted,0.3333333333333333,2,2,CGTGCTCCAACCAGAAGGAC,0,5269201
zapB_predicted,0.3333333333333333,2,2,CGTCGTATTTCCCGCCCCAC,0,5280843
zapB_predicted,0.3333333333333333,2,2,CGTATTGGGAAATTATGGAC,0,5278869
zapB_predicted,0.3333333333333333,2,2,CGTAGCGGCTCCACATTTTT,0,5285366
zapB_predicted,0.3333333333333333,2,2,CGTACATTGGGGTCCGAGTG,0,5278491
zapB_predicted,0.3333333333333333,2,2,CGTACAATGCGAAGACAAGC,0,5279033
zapB_predicted,0.3333333333333333,2,2,CGTAAGGGTGTTAAATCAGA,0,5273595
zapB_predicted,0.3333333333333333,2,2,CGGTCGTTGGGGATATCTAG,0,5284026
zapB_predicted,0.3333333333333333,2,2,CGGGTCCTCTCGATATTAAT,0,5274793
zapB_predicted,0.3333333333333333,2,2,CGGGGAACAATACAAACCCA,0,5281228
zapB_predicted,0.3333333333333333,2,2,CGGGCGTGAAGAACATATTT,0,5278022
zapB_predicted,0.3333333333333333,2,2,CGGCGCTGACGGAATCAAAG,0,5282221
zapB_predicted,0.3333333333333333,2,2,CGGCCCCAGCTTACTCCGAT,0,5271403
zapB_predicted,0.3333333333333333,2,2,CGGATGACTGCACTCCGAGG,0,5277621
zapB_predicted,0.3333333333333333,2,2,CGCTGGTACCGGGTGATCCA,0,5272619
zapB_predicted,0.3333333333333333,2,2,CGCTGCCTAGGAGCAACATT,0,5278031
zapB_predicted,0.3333333333333333,2,2,CGCTACCCGGCAGATGCATA,0,5281156
zapB_predicted,0.3333333333333333,2,2,CGCGTGGGTACGCAAGGACG,0,5270300
zapB_predicted,0.3333333333333333,2,2,CGCGGATGAATAGCCATTGT,0,5280362
zapB_predicted,0.3333333333333333,2,2,CGCGAGGCTATAAGCATGTT,0,5270564
zapB_predicted,0.3333333333333333,2,2,CGCCTACAGGCCCCTGGCCC,0,5273946
zapB_predicted,0.3333333333333333,2,2,CGCCCCGCCAAGAGGTGATT,0,5271713
zapB_predicted,0.3333333333333333,2,2,CGCCACTGAAAACCGTACTA,0,5274821
zapB_predicted,0.3333333333333333,2,2,CGCCAAGTAAGTGTTGCCGT,0,5279029
zapB_predicted,0.3333333333333333,2,2,CGCATGCACAAGTATCATGC,0,5276836
zapB_predicted,0.3333333333333333,2,2,CGCAAGACTACTGAAGAGAA,0,5269885
zapB_predicted,0.3333333333333333,2,2,CGCAAAGTTGCCGCTAGTAT,0,5270346
zapB_predicted,0.3333333333333333,2,2,CGATTCACGGACTACGTTCG,0,5270133
zapB_predicted,0.3333333333333333,2,2,CGAGGTCTGAACGGATTTAT,0,5267557
zapB_predicted,0.3333333333333333,2,2,CGAGCTCACTGCCATAAGAA,0,5284253
zapB_predicted,0.3333333333333333,2,2,CGACCGTTGGGATGTCGTTC,0,5286489
zapB_predicted,0.3333333333333333,2,2,CGACAGCGCGCTGGCGGTAT,0,5264393
zapB_predicted,0.3333333333333333,2,2,CGACACCCTGCGTATCGAAG,0,5286902
zapB_predicted,0.3333333333333333,2,2,CGAAGCGATAAGCTCGGTAC,0,5269863
zapB_predicted,0.3333333333333333,2,2,CCTTCTTTAGATAAATATCT,0,5282274
zapB_predicted,0.3333333333333333,2,2,CCTGCCGCACGTTCAAGACT,0,5275667
zapB_predicted,0.3333333333333333,2,2,CCTGCCCGACAGTATAACTG,0,5286751
zapB_predicted,0.3333333333333333,2,2,CCTCTTCCTCAAAATACCGG,0,5276250
zapB_predicted,0.3333333333333333,2,2,CCTCGTGTGACAGAGCAATT,0,5276717
zapB_predicted,0.3333333333333333,2,2,CCTCGGCAAACGAATATTAC,0,5282383
zapB_predicted,0.3333333333333333,2,2,CCTCCATGCCTATACGTGGC,0,5278701
zapB_predicted,0.3333333333333333,2,2,CCTCCAGGGCCCTTGGGTAT,0,5280349
zapB_predicted,0.3333333333333333,2,2,CCTCAGCTCGAAGCCCGACA,0,5265093
zapB_predicted,0.3333333333333333,2,2,CCGTGGCCTGTGTAGTAATG,0,5269323
zapB_predicted,0.3333333333333333,2,2,CCGTGGACTTAAATGTTTGG,0,5269327
zapB_predicted,0.3333333333333333,2,2,CCGTGATCGCAACACTGGCA,0,5265628
zapB_predicted,0.3333333333333333,2,2,CCGTCACGAAACTCTTTAAA,0,5280056
zapB_predicted,0.3333333333333333,2,2,CCGTATGCATAATGTCCGGA,0,5271917
zapB_predicted,0.3333333333333333,2,2,CCGTACTCCGGGGAGTTGTT,0,5270329
zapB_predicted,0.3333333333333333,2,2,CCGTACGACGGCGTCGTAGA,0,5265300
zapB_predicted,0.3333333333333333,2,2,CCGGGTGGGCGCACGCTTAA,0,5273288
zapB_predicted,0.3333333333333333,2,2,CCGGGAGCCTGAGTAATACC,0,5280319
zapB_predicted,0.3333333333333333,2,2,CCGGCCAGAGGTCAGTCCGT,0,5278878
zapB_predicted,0.3333333333333333,2,2,CCGCGGCATCACCTAAGGTG,0,5283053
zapB_predicted,0.3333333333333333,2,2,CCGCGATGGTTGACAGTCAA,0,5277806
zapB_predicted,0.3333333333333333,2,2,CCGCAGAGGGTTGTTCTTCT,0,5284397
zapB_predicted,0.3333333333333333,2,2,CCGATTCCATGTATGGCAAC,0,5278733
zapB_predicted,0.3333333333333333,2,2,CCGAGAAGAGGAAGGCTCTA,0,5272467
zapB_predicted,0.3333333333333333,2,2,CCCGCGGAACTGCACAGCTC,0,5288435
zapB_predicted,0.3333333333333333,2,2,CCCGCAAATTGCAATAGTTG,0,5267466
zapB_predicted,0.3333333333333333,2,2,CCCGATGCGTCCTAGAAGAT,0,5287095
zapB_predicted,0.3333333333333333,2,2,CCCCGTTTAGACAGCGGAGG,0,5275347
zapB_predicted,0.3333333333333333,2,2,CCATTTTGTAGGTAGGACAT,0,5278000
zapB_predicted,0.3333333333333333,2,2,CCATTACCTTGGTGCTTGTT,0,5267631
zapB_predicted,0.3333333333333333,2,2,CCATGTTGCAGTGTAATGTT,0,5266542
zapB_predicted,0.3333333333333333,2,2,CCATCGGTCGTTTCACCAGT,0,5280207
zapB_predicted,0.3333333333333333,2,2,CCAGCCGCGAGCGTTGAGGA,0,5272237
zapB_predicted,0.3333333333333333,2,2,CCAGACGATCCAACGTTTTA,0,5284863
zapB_predicted,0.3333333333333333,2,2,CCAGAACAGGCTGACTAACT,0,5282559
zapB_predicted,0.3333333333333333,2,2,CCACATTGCTCTCGCCACGG,0,5288076
zapB_predicted,0.3333333333333333,2,2,CCAACACTGTTCGGAGGATT,0,5288318
zapB_predicted,0.3333333333333333,2,2,CCAAACGAGGAACGCACTAA,0,5281700
zapB_predicted,0.3333333333333333,2,2,CCAAAATGTGCGGGAACCCT,0,5269200
zapB_predicted,0.3333333333333333,2,2,CCAAAACTGCATCGTTTACA,0,5282940
zapB_predicted,0.3333333333333333,2,2,CATTGGGCTTAAGAGTACGA,0,5286568
zapB_predicted,0.3333333333333333,2,2,CATTGGAAAGGTCCGTATTG,0,5269322
zapB_predicted,0.3333333333333333,2,2,CATGGGGACGTGGGGTGCTC,0,5280871
zapB_predicted,0.3333333333333333,2,2,CATGAAGACATCATTTTGTC,0,5279013
zapB_predicted,0.3333333333333333,2,2,CATCTCCCGCCTGCTGTAAG,0,5266754
zapB_predicted,0.3333333333333333,2,2,CATCGGACCAGGCAAGACGT,0,5272926
zapB_predicted,0.3333333333333333,2,2,CATCGAGTGCACCTGGCGTC,0,5282957
zapB_predicted,0.3333333333333333,2,2,CATACGTGATAGCTGCTCAA,0,5276706
zapB_predicted,0.3333333333333333,2,2,CATACGGGTCCCACGAAAGG,0,5284259
zapB_predicted,0.3333333333333333,2,2,CATAATTCTTACCAACGATG,0,5272646
zapB_predicted,0.3333333333333333,2,2,CAGTCTTCGGTTCTGCTACA,0,5288046
zapB_predicted,0.3333333333333333,2,2,CAGTATAGAGCGTCACGGGA,0,5277028
zapB_predicted,0.3333333333333333,2,2,CAGGTGAGCTCCTTCCGCAG,0,5270961
zapB_predicted,0.3333333333333333,2,2,CAGGCTCAGCTACTTTTAAC,0,5273799
zapB_predicted,0.3333333333333333,2,2,CAGGCTAACACCGATTAATT,0,5287017
zapB_predicted,0.3333333333333333,2,2,CAGCTTCCTGAGCGTCCATT,0,5266635
zapB_predicted,0.3333333333333333,2,2,CAGCCAAAAGCTTTTTCGTC,0,5272792
zapB_predicted,0.3333333333333333,2,2,CAGATAACGTGCCCCCGTCT,0,5264646
zapB_predicted,0.3333333333333333,2,2,CAGAGGTAGTTCGAATCGAA,0,5280917
zapB_predicted,0.3333333333333333,2,2,CAGAGGTACTGTAGACAACT,0,5263399
zapB_predicted,0.3333333333333333,2,2,CACTTGGCGGTGCGTGTCGA,0,5280800
zapB_predicted,0.3333333333333333,2,2,CACTGCGATGGGATGGGGAC,0,5284002
zapB_predicted,0.3333333333333333,2,2,CACTGCACCGAAAATCGCTA,0,5276721
zapB_predicted,0.3333333333333333,2,2,CACTCGCGCGTATGTCGTCT,0,5284958
zapB_predicted,0.3333333333333333,2,2,CACGTAGATTCCATGTGGTC,0,5268896
zapB_predicted,0.3333333333333333,2,2,CACGGAATGGAGCTGTAACT,0,5284683
zapB_predicted,0.3333333333333333,2,2,CACGAGATCTATTCTGGTGG,0,5285358
zapB_predicted,0.3333333333333333,2,2,CACCCTACGGGATTGTAGCC,0,5283032
zapB_predicted,0.3333333333333333,2,2,CACCAATTCCGCTGCAAGAC,0,5277465
zapB_predicted,0.3333333333333333,2,2,CACATGACGGCTCGATGGCG,0,5276444
zapB_predicted,0.3333333333333333,2,2,CACAGAGGCTGGAGTCTGCA,0,5276075
zapB_predicted,0.3333333333333333,2,2,CACAGACCCGGTGAGCTGGT,0,5278839
zapB_predicted,0.3333333333333333,2,2,CACAATGAGCATTTCTTCCC,0,5275479
zapB_predicted,0.3333333333333333,2,2,CAATGGTTTGCCGCCCTCCT,0,5280137
zapB_predicted,0.3333333333333333,2,2,CAATCTACCATGCTCCCGGG,0,5283483
zapB_predicted,0.3333333333333333,2,2,CAATCGTAGCCTATACCTGC,0,5264175
zapB_predicted,0.3333333333333333,2,2,CAATACGTGTCATGTCCGAG,0,5283957
zapB_predicted,0.3333333333333333,2,2,CAAGGTACCCCGAAGATTCA,0,5276710
zapB_predicted,0.3333333333333333,2,2,CAAGCGCTCCGATATAATAT,0,5265493
zapB_predicted,0.3333333333333333,2,2,CAACTTACTTTCCGAGGGAG,0,5270611
zapB_predicted,0.3333333333333333,2,2,CAACTCTACATGCGAAGGAG,0,5275294
zapB_predicted,0.3333333333333333,2,2,CAACTCAGACCTCCCTGTTA,0,5283917
zapB_predicted,0.3333333333333333,2,2,CAAAGAAGCCAGGACTCCTG,0,5275937
zapB_predicted,0.3333333333333333,2,2,ATTTACCGATCTATTCGGGA,0,5286963
zapB_predicted,0.3333333333333333,2,2,ATTGTCGTATGGTGTTCAAA,0,5283913
zapB_predicted,0.3333333333333333,2,2,ATTGGTGTTGCAGGGCAGAT,0,5281659
zapB_predicted,0.3333333333333333,2,2,ATTGGTGTACATTCTCTGAT,0,5273870
zapB_predicted,0.3333333333333333,2,2,ATTGAGGGATGTTGAAGGTA,0,5288091
zapB_predicted,0.3333333333333333,2,2,ATTGAGAGCTGAGAAATTTA,0,5277264
zapB_predicted,0.3333333333333333,2,2,ATTGAAGAGCCCTAAGAGGA,0,5280733
zapB_predicted,0.3333333333333333,2,2,ATTATGATAGTTTAGTTGTG,0,5284149
zapB_predicted,0.3333333333333333,2,2,ATTATCTGTCCGGCATCACG,0,5276009
zapB_predicted,0.3333333333333333,2,2,ATTAGGAGCGGATGGCGAAG,0,5274076
zapB_predicted,0.3333333333333333,2,2,ATTAACAGCTATAGATATCA,0,5286553
zapB_predicted,0.3333333333333333,2,2,ATTAAATAACGTGGCGGTGG,0,5283505
zapB_predicted,0.3333333333333333,2,2,ATGTGTGGCGTTTAGGTTAG,0,5282639
zapB_predicted,0.3333333333333333,2,2,ATGTGCTTGTTGGGAAACTG,0,5274352
zapB_predicted,0.3333333333333333,2,2,ATGTCGAGCGGGTAGTGCGC,0,5271457
zapB_predicted,0.3333333333333333,2,2,ATGGTTTAGTAGCGGGAAAG,0,5275259
zapB_predicted,0.3333333333333333,2,2,ATGGGTCAATCAAAACTGTG,0,5283574
zapB_predicted,0.3333333333333333,2,2,ATGGAGCAATTCTAATCCGA,0,5266426
zapB_predicted,0.3333333333333333,2,2,ATGCTCATTCCGTATATGTA,0,5274174
zapB_predicted,0.3333333333333333,2,2,ATGCTATCGGGCAATTCAGA,0,5279707
zapB_predicted,0.3333333333333333,2,2,ATGCCCCTCGTGGTATCACA,0,5275944
zapB_predicted,0.3333333333333333,2,2,ATGCAATCACGGCAAAGTCC,0,5268705
zapB_predicted,0.3333333333333333,2,2,ATGACTTCACGGATAACCAT,0,5286373
zapB_predicted,0.3333333333333333,2,2,ATGAATAGTGTACGAGTAGG,0,5282184
zapB_predicted,0.3333333333333333,2,2,ATCTTTGGTTGTCCTAGCAA,0,5287435
zapB_predicted,0.3333333333333333,2,2,ATCTGGGGCCGTCGCTCACA,0,5267601
zapB_predicted,0.3333333333333333,2,2,ATCTGATTGCACCAAGTTCC,0,5281100
zapB_predicted,0.3333333333333333,2,2,ATCGGTGTTATCAAAAGCAA,0,5269631
zapB_predicted,0.3333333333333333,2,2,ATCGCTGAGGTGACTATCAC,0,5268996
zapB_predicted,0.3333333333333333,2,2,ATCCTGTCAATAGTTGAAGG,0,5273262
zapB_predicted,0.3333333333333333,2,2,ATCCGTTCACGTTGTCCCGA,0,5275922
zapB_predicted,0.3333333333333333,2,2,ATCCGTAAAAGCTGGAGTTT,0,5268327
zapB_predicted,0.3333333333333333,2,2,ATCCACGTAGAGGAGTAAAC,0,5275416
zapB_predicted,0.3333333333333333,2,2,ATCAGTATAGGGGGTCATGA,0,5282789
zapB_predicted,0.3333333333333333,2,2,ATATTGGCAGAGTCGAAATA,0,5263286
zapB_predicted,0.3333333333333333,2,2,ATATAGTCCTACGCGCCCAG,0,5284768
zapB_predicted,0.3333333333333333,2,2,ATATAGGTCTTCGCATGCCA,0,5279742
zapB_predicted,0.3333333333333333,2,2,ATAGTTCCGCCTTCCCGTTC,0,5278550
zapB_predicted,0.3333333333333333,2,2,ATAGTGACCCGTTGTATGAC,0,5273479
zapB_predicted,0.3333333333333333,2,2,ATACTATTACAAATACAGCA,0,5281363
zapB_predicted,0.3333333333333333,2,2,ATACGGTTGGCGGTCGGGCG,0,5274784
zapB_predicted,0.3333333333333333,2,2,ATAATTGATCGCAGAACAGA,0,5272205
zapB_predicted,0.3333333333333333,2,2,ATAAGGATCAAATGACAGCC,0,5272426
zapB_predicted,0.3333333333333333,2,2,ATAAATGGACAAAGAGGGTT,0,5270069
zapB_predicted,0.3333333333333333,2,2,ATAAAACGAGGAGGCGATTA,0,5281845
zapB_predicted,0.3333333333333333,2,2,AGTTTGTGATCCTAATGTTG,0,5280736
zapB_predicted,0.3333333333333333,2,2,AGTTCCTCCTATATACGATA,0,5275076
zapB_predicted,0.3333333333333333,2,2,AGTGTCTCTTGATGTTAATC,0,5272468
zapB_predicted,0.3333333333333333,2,2,AGTGTCCCTACACGAACTAA,0,5270750
zapB_predicted,0.3333333333333333,2,2,AGTGGCCGGAAGGCGAATTC,0,5263227
zapB_predicted,0.3333333333333333,2,2,AGTGATTTCCTATAAAGGAA,0,5288426
zapB_predicted,0.3333333333333333,2,2,AGTGATCTATTTGTTATAAC,0,5265412
zapB_predicted,0.3333333333333333,2,2,AGTGAATTGCATAGCAATTT,0,5265435
zapB_predicted,0.3333333333333333,2,2,AGTCTGGTTGCGGCCCAAAT,0,5267062
zapB_predicted,0.3333333333333333,2,2,AGTCGAGCTAGGCGCGAGGT,0,5275301
zapB_predicted,0.3333333333333333,2,2,AGTACCCGTGGTCAATACAT,0,5267302
zapB_predicted,0.3333333333333333,2,2,AGTAAGACGCCTTGGGAGGA,0,5267146
zapB_predicted,0.3333333333333333,2,2,AGGTTTGGACCGCGAAAAGC,0,5282556
zapB_predicted,0.3333333333333333,2,2,AGGTTTATTAAGTGTTGTGT,0,5283316
zapB_predicted,0.3333333333333333,2,2,AGGTGATTGCGCTTGAGTTT,0,5285252
zapB_predicted,0.3333333333333333,2,2,AGGTGAAAGTTCGTATTTAT,0,5278136
zapB_predicted,0.3333333333333333,2,2,AGGTAGACTTGATGACCCTC,0,5274761
zapB_predicted,0.3333333333333333,2,2,AGGTACACTCCCGGATCTTC,0,5280850
zapB_predicted,0.3333333333333333,2,2,AGGTAAGGAATAGATGTGAC,0,5269118
zapB_predicted,0.3333333333333333,2,2,AGGGATTTCTTGATGCTGGG,0,5287534
zapB_predicted,0.3333333333333333,2,2,AGGCACTCGAGGTGGTATAG,0,5276619
zapB_predicted,0.3333333333333333,2,2,AGGATGGTTCGGCTGTAGGT,0,5264697
zapB_predicted,0.3333333333333333,2,2,AGGAGTCGCCATTCAGTTGG,0,5287737
zapB_predicted,0.3333333333333333,2,2,AGGACACTATGGAATCGTCT,0,5264196
zapB_predicted,0.3333333333333333,2,2,AGGAAGCAGCGATATAGCCC,0,5270851
zapB_predicted,0.3333333333333333,2,2,AGCTCATAGTCCGCTCTCAT,0,5284110
zapB_predicted,0.3333333333333333,2,2,AGCGTGCCATGCTCCATGGA,0,5269612
zapB_predicted,0.3333333333333333,2,2,AGCGGTGAGATATGCTGTAT,0,5286621
zapB_predicted,0.3333333333333333,2,2,AGCGGTAGGAATCTAACCTG,0,5268197
zapB_predicted,0.3333333333333333,2,2,AGCGGGCTACCGAACATGGG,0,5273707
zapB_predicted,0.3333333333333333,2,2,AGCGGAGAGCCGTTGGCACA,0,5277480
zapB_predicted,0.3333333333333333,2,2,AGCGGACATCTGGCAGCTAA,0,5285433
zapB_predicted,0.3333333333333333,2,2,AGCGAGTAGTAGCCTTCAAT,0,5280561
zapB_predicted,0.3333333333333333,2,2,AGCCGAGGCGGAGGGAGTGC,0,5265478
zapB_predicted,0.3333333333333333,2,2,AGCATAGCCCAGAATCAACG,0,5269074
zapB_predicted,0.3333333333333333,2,2,AGCACCATGGGACGACTCAG,0,5275315
zapB_predicted,0.3333333333333333,2,2,AGCACAGGCAGGCTAGAATC,0,5265507
zapB_predicted,0.3333333333333333,2,2,AGAGGGTACAGAGCTACCGG,0,5281311
zapB_predicted,0.3333333333333333,2,2,AGAGGAAGGCAGTGGACTCT,0,5286026
zapB_predicted,0.3333333333333333,2,2,AGACTATATATGTCCGAGTG,0,5280377
zapB_predicted,0.3333333333333333,2,2,AGACGTCGGGGATCACTTAT,0,5282864
zapB_predicted,0.3333333333333333,2,2,ACTGGCTCATTCCTGATAGT,0,5269966
zapB_predicted,0.3333333333333333,2,2,ACTGAATTCCGTAAAGTGTT,0,5283011
zapB_predicted,0.3333333333333333,2,2,ACTCTGAGGCTTAGCCCCAC,0,5279701
zapB_predicted,0.3333333333333333,2,2,ACTCGTGTTTCTAGCCCAAG,0,5277487
zapB_predicted,0.3333333333333333,2,2,ACTCATCCGGCCCCATGACT,0,5284355
zapB_predicted,0.3333333333333333,2,2,ACTATAGAATAGGTGCCGGG,0,5286362
zapB_predicted,0.3333333333333333,2,2,ACGTCACCTCGGGGCGGTCT,0,5263558
zapB_predicted,0.3333333333333333,2,2,ACGTAGTTGTGACCTCAACT,0,5284474
zapB_predicted,0.3333333333333333,2,2,ACGGGGCGTTGAGGACCTCC,0,5284207
zapB_predicted,0.3333333333333333,2,2,ACGGGCTAACAGGAATCCTC,0,5283498
zapB_predicted,0.3333333333333333,2,2,ACGGCCACTTCTCGGTTAAG,0,5286832
zapB_predicted,0.3333333333333333,2,2,ACGGACTATGCGTCGTTATG,0,5282239
zapB_predicted,0.3333333333333333,2,2,ACGCCCGGACAGTATCCAAA,0,5271946
zapB_predicted,0.3333333333333333,2,2,ACGCCCCACTGGACTGCGAG,0,5283223
zapB_predicted,0.3333333333333333,2,2,ACGCAAAATCGGATGCTCCG,0,5267683
zapB_predicted,0.3333333333333333,2,2,ACGATACTGTCATTTGGTCT,0,5275053
zapB_predicted,0.3333333333333333,2,2,ACCTCACCTCTGCCGCGTTG,0,5280726
zapB_predicted,0.3333333333333333,2,2,ACCGCATTGTTGTAGGTAGT,0,5282244
zapB_predicted,0.3333333333333333,2,2,ACCATTCGAGACGGCGGCAA,0,5269852
zapB_predicted,0.3333333333333333,2,2,ACCATACCCTCGAGGCTGGA,0,5274796
zapB_predicted,0.3333333333333333,2,2,ACCAGTTAGCACGGCAGAGC,0,5277537
zapB_predicted,0.3333333333333333,2,2,ACCAGGTGTATGAATGCTAT,0,5287070
zapB_predicted,0.3333333333333333,2,2,ACCAAGAGTGCCGTAAGATG,0,5275243
zapB_predicted,0.3333333333333333,2,2,ACATGCCCTCAAGTCCAAAT,0,5285612
zapB_predicted,0.3333333333333333,2,2,ACATCTAGACGGTCTGAACC,0,5280738
zapB_predicted,0.3333333333333333,2,2,ACAGGAAAAGTTAGGCGTAT,0,5276347
zapB_predicted,0.3333333333333333,2,2,ACAGCGGCCAAATGCCAGCT,0,5263955
zapB_predicted,0.3333333333333333,2,2,ACACGCAATTTCTATACGGC,0,5274792
zapB_predicted,0.3333333333333333,2,2,ACACCTTCCGTAGGCATATA,0,5271958
zapB_predicted,0.3333333333333333,2,2,ACAATAAGGCCTGGGTCTCT,0,5276206
zapB_predicted,0.3333333333333333,2,2,ACAAGTCGCAGGGACATTCC,0,5277741
zapB_predicted,0.3333333333333333,2,2,ACAAGGAGGCCAAGACGGTC,0,5285867
zapB_predicted,0.3333333333333333,2,2,AATTTTTCTTACGATCGAGG,0,5285157
zapB_predicted,0.3333333333333333,2,2,AATTGGTACTCCAGTTTGGG,0,5265219
zapB_predicted,0.3333333333333333,2,2,AATGCCTCACAAGGTTGTAC,0,5266424
zapB_predicted,0.3333333333333333,2,2,AATGCAATAAACACTATGAC,0,5281336
zapB_predicted,0.3333333333333333,2,2,AATGAAGTTATTCCTAAAAC,0,5266030
zapB_predicted,0.3333333333333333,2,2,AATCCTTATCACTCGCGGCG,0,5279535
zapB_predicted,0.3333333333333333,2,2,AATCCACAGAGGTGCAGGAT,0,5288193
zapB_predicted,0.3333333333333333,2,2,AATATTATGCAATCAGGTTA,0,5266407
zapB_predicted,0.3333333333333333,2,2,AATATAGTAGTTAAGAGCAT,0,5263569
zapB_predicted,0.3333333333333333,2,2,AATAATCCTTGTTTGGGTAT,0,5285946
zapB_predicted,0.3333333333333333,2,2,AAGTTGGATCTTTGAACACT,0,5270456
zapB_predicted,0.3333333333333333,2,2,AAGTCTTATAGCAATGTAAG,0,5273468
zapB_predicted,0.3333333333333333,2,2,AAGTCTACTGCACCGCTGAG,0,5263484
zapB_predicted,0.3333333333333333,2,2,AAGGGAGGGATGCATATAAA,0,5280655
zapB_predicted,0.3333333333333333,2,2,AAGGAGTCACGTATCAATCA,0,5281258
zapB_predicted,0.3333333333333333,2,2,AAGCGGGCTGCCATTCAACA,0,5279194
zapB_predicted,0.3333333333333333,2,2,AAGCCGAATTCATCTTACCA,0,5279065
zapB_predicted,0.3333333333333333,2,2,AAGACACGGTTGATCCGAGC,0,5264714
zapB_predicted,0.3333333333333333,2,2,AACGGAGGTCCATGATCCTG,0,5272527
zapB_predicted,0.3333333333333333,2,2,AAATTCGCCGGTCCGAGACG,0,5263015
zapB_predicted,0.3333333333333333,2,2,AAAGACGTAGTTTATCTGGC,0,5270209
zapB_predicted,0.3333333333333333,2,2,AAACTATTTGACTCGGAGCC,0,5269199
zapB_predicted,0.3333333333333333,2,2,AAAATAGTGCGACTAGGTAT,0,5274406
zapB_predicted,0.3333333333333333,2,2,AAAAGGTGAGATTATAGCTA,0,5274107
zapB_predicted,0.5,1,1,TTTTATTAACTCGGGTGGGC,0,5263952
zapB_predicted,0.5,1,1,TTTGTTGTTGTGCAGGCGTC,0,5269868
zapB_predicted,0.5,1,1,TTTGTCGCTCTTTCAAGGCA,0,5267020
zapB_predicted,0.5,1,1,TTTGGGGATGATCAGCCTTG,0,5276421
zapB_predicted,0.5,1,1,TTTGGGCCTGACCGTTTAAA,0,5282862
zapB_predicted,0.5,1,1,TTTGATCCTGATCGAAGCGA,0,5269185
zapB_predicted,0.5,1,1,TTTGATAAGTATATGTCGCA,0,5271598
zapB_predicted,0.5,1,1,TTTCCGTTTATCGGACCTCT,0,5276368
zapB_predicted,0.5,1,1,TTGTGTTTGTTCGGTATTGG,0,5287970
zapB_predicted,0.5,1,1,TTGTCCTGACGATCAAGGTG,0,5283616
zapB_predicted,0.5,1,1,TTGTCCACGTTCTGGGTAAT,0,5263130
zapB_predicted,0.5,1,1,TTGTAGCGCACTCTATGGCC,0,5287367
zapB_predicted,0.5,1,1,TTGTAAATCTAGGATGGGTT,0,5274533
zapB_predicted,0.5,1,1,TTGGGCGCAAACCTTCCGGG,0,5267903
zapB_predicted,0.5,1,1,TTGCTCACATTATTCGGTTG,0,5286045
zapB_predicted,0.5,1,1,TTGCAGACAGTTTCCCAACA,0,5287900
zapB_predicted,0.5,1,1,TTGATCGGTGGCAACAAGCC,0,5268621
zapB_predicted,0.5,1,1,TTGAATGGTTCCGTATAAAG,0,5283007
zapB_predicted,0.5,1,1,TTCTGCCGGTAGTTTCCGTG,0,5287873
zapB_predicted,0.5,1,1,TTCTGCATAGGTTGTCCCCC,0,5276556
zapB_predicted,0.5,1,1,TTCTATTGGGCTGCCTTGTG,0,5279668
zapB_predicted,0.5,1,1,TTCGTAAGGAAAGAAAGGAG,0,5270317
zapB_predicted,0.5,1,1,TTCGGGGTAAAATCTTCGTC,0,5271289
zapB_predicted,0.5,1,1,TTCGCTCCTAGGAGACAAGC,0,5279709
zapB_predicted,0.5,1,1,TTCGCAGGTAAGGCGCTGGT,0,5273289
zapB_predicted,0.5,1,1,TTCGAGCGCTATGTAGACCG,0,5273854
zapB_predicted,0.5,1,1,TTCGACACGACTGCCGTTAC,0,5271376
zapB_predicted,0.5,1,1,TTCCTGACTGCATTCGCGGT,0,5279597
zapB_predicted,0.5,1,1,TTCCTACCCTTATAGAACGT,0,5282207
zapB_predicted,0.5,1,1,TTCCATGACTCCGGGTCGAT,0,5287533
zapB_predicted,0.5,1,1,TTCATAGTTGTTACCCCTCA,0,5266531
zapB_predicted,0.5,1,1,TTCAGAATCAAATGCGAGAG,0,5273084
zapB_predicted,0.5,1,1,TTCAAGCGTTATTCGTCGAA,0,5270870
zapB_predicted,0.5,1,1,TTATTTAGTACCTACACTCA,0,5270450
zapB_predicted,0.5,1,1,TTATGCCCTTACGCACCGCA,0,5264398
zapB_predicted,0.5,1,1,TTATCGGTCTGGTGGCTGTG,0,5267892
zapB_predicted,0.5,1,1,TTAGGTAGCACATATATGGC,0,5275101
zapB_predicted,0.5,1,1,TTACAGTAATGCCCGCGAAG,0,5285015
zapB_predicted,0.5,1,1,TTAAATGACGGTGACTTCGG,0,5268695
zapB_predicted,0.5,1,1,TTAAATCCGTTGGAGGCCTT,0,5284660
zapB_predicted,0.5,1,1,TGTTTCCAGCTCGAGGTAAG,0,5285463
zapB_predicted,0.5,1,1,TGTTGTGGGTAGTCGATCGC,0,5277097
zapB_predicted,0.5,1,1,TGTTGGGCTGGGGAGATAAA,0,5280957
zapB_predicted,0.5,1,1,TGTTGCACCAAGCCCATGAT,0,5277105
zapB_predicted,0.5,1,1,TGTGTGGAGGTGTCATTTCA,0,5269261
zapB_predicted,0.5,1,1,TGTGTGGAAGGCCCAGGACT,0,5272180
zapB_predicted,0.5,1,1,TGTGTCGAAAGCTGGACCTA,0,5267595
zapB_predicted,0.5,1,1,TGTGGTGACTGGGGGGATCT,0,5270390
zapB_predicted,0.5,1,1,TGTGACCGGTAACGGATGCG,0,5271674
zapB_predicted,0.5,1,1,TGTAGTTCAGGGGGCGGCAG,0,5281264
zapB_predicted,0.5,1,1,TGTACCCTACATAACGTTTG,0,5270259
zapB_predicted,0.5,1,1,TGTAAGCCCGGCCCTGTAAA,0,5275747
zapB_predicted,0.5,1,1,TGTAACGTGTCACTGTTTTA,0,5286973
zapB_predicted,0.5,1,1,TGGTTTTTATTGGGTCGAAA,0,5271818
zapB_predicted,0.5,1,1,TGGTGTCTGATTTGCCGGCA,0,5273782
zapB_predicted,0.5,1,1,TGGTGTAGGCGCGAGTGAGA,0,5285454
zapB_predicted,0.5,1,1,TGGTAGAGCCAGGATACCAC,0,5269438
zapB_predicted,0.5,1,1,TGGTAATGCTGCAAGTTGCG,0,5276806
zapB_predicted,0.5,1,1,TGGGTTCACACGATGACTCC,0,5268318
zapB_predicted,0.5,1,1,TGGGTCGCGCTAGAAAGTGA,0,5278582
zapB_predicted,0.5,1,1,TGGGCTGGCGTTGGGCAAGT,0,5279845
zapB_predicted,0.5,1,1,TGGGCAGGGTCATACGGTAC,0,5282618
zapB_predicted,0.5,1,1,TGGGAGATGGGCGCGTTCAA,0,5263358
zapB_predicted,0.5,1,1,TGGCGTGAGAATGTAGATGG,0,5280184
zapB_predicted,0.5,1,1,TGGCCTGATGGGGGTGTATT,0,5267360
zapB_predicted,0.5,1,1,TGGAAAAGCACCTTTTGTGC,0,5288294
zapB_predicted,0.5,1,1,TGCTTGGCATGGGATACCCG,0,5277322
zapB_predicted,0.5,1,1,TGCGAAAGGGACCTTAATCC,0,5286802
zapB_predicted,0.5,1,1,TGCCTTCGTTAGCACCCTCT,0,5274429
zapB_predicted,0.5,1,1,TGCATCAATCCTGTTTAAGC,0,5274260
zapB_predicted,0.5,1,1,TGCAGTACCATACCCACCTG,0,5265467
zapB_predicted,0.5,1,1,TGCAGACACTTAAAAACAAT,0,5275154
zapB_predicted,0.5,1,1,TGATCGATGATGCCCATTCC,0,5278072
zapB_predicted,0.5,1,1,TGATAGGCCCGCGGACAGGA,0,5266087
zapB_predicted,0.5,1,1,TGAGGAGACACGCCCCGGCC,0,5274281
zapB_predicted,0.5,1,1,TGAGATGAAGGTCCCGTAGG,0,5288414
zapB_predicted,0.5,1,1,TGACCTTTCCAGTTGGAAAC,0,5265577
zapB_predicted,0.5,1,1,TGAAGGCGTCGCTCGAGATG,0,5273469
zapB_predicted,0.5,1,1,TCTTTTGGAAAGGGTTGAGG,0,5278507
zapB_predicted,0.5,1,1,TCTTTCTAACGAACATACCT,0,5273575
zapB_predicted,0.5,1,1,TCTTGACGTTACGCCTCGGC,0,5282034
zapB_predicted,0.5,1,1,TCTTCATGTGGTCTTTTCAC,0,5278223
zapB_predicted,0.5,1,1,TCTTAGCAAACACTAATGGT,0,5274604
zapB_predicted,0.5,1,1,TCTGGTTTCGGTAGTTCACC,0,5264885
zapB_predicted,0.5,1,1,TCTGGCCCGCACTGCAAAAA,0,5268319
zapB_predicted,0.5,1,1,TCTGGACACGAGCCTGGCAG,0,5274954
zapB_predicted,0.5,1,1,TCTGCCAAGTGACTGTTTTT,0,5282155
zapB_predicted,0.5,1,1,TCTCGCAAAACCCCATCGGG,0,5277718
zapB_predicted,0.5,1,1,TCTCCCGGCAAGATTCTTTA,0,5281195
zapB_predicted,0.5,1,1,TCTCCATGACGGGTACTGGG,0,5277317
zapB_predicted,0.5,1,1,TCTACCTATCAGTTCCGCGA,0,5282332
zapB_predicted,0.5,1,1,TCGTTCGTTTCATATCCAGG,0,5281141
zapB_predicted,0.5,1,1,TCGTTACAGAGGATTTGCTT,0,5270318
zapB_predicted,0.5,1,1,TCGTTAAGCTAAAGTACTTC,0,5281629
zapB_predicted,0.5,1,1,TCGTGTGCTGCCGCACTAAA,0,5276001
zapB_predicted,0.5,1,1,TCGTGGCTTGCAGGCACCCG,0,5274473
zapB_predicted,0.5,1,1,TCGTCATTCATAGCGAAATG,0,5275447
zapB_predicted,0.5,1,1,TCGTAATGAAAAGATGTGGA,0,5284225
zapB_predicted,0.5,1,1,TCGTAAGCACCGCGCTACAT,0,5280952
zapB_predicted,0.5,1,1,TCGTAACGTTGTTCCTATGA,0,5266824
zapB_predicted,0.5,1,1,TCGGTAAGAGACACAGCTGG,0,5264005
zapB_predicted,0.5,1,1,TCGGGGCACCACACTGCACA,0,5263928
zapB_predicted,0.5,1,1,TCGGCGCCGCTTCGCATCAT,0,5263033
zapB_predicted,0.5,1,1,TCGGACAGTTCAACAGGCCG,0,5287451
zapB_predicted,0.5,1,1,TCGCTTCTTTGTAAGAATAA,0,5280866
zapB_predicted,0.5,1,1,TCGCTCCTAGCCTTTGGAAG,0,5268909
zapB_predicted,0.5,1,1,TCGCCATATCTGCCTGTATG,0,5274105
zapB_predicted,0.5,1,1,TCGATCCGTGAGACGGAAGA,0,5286201
zapB_predicted,0.5,1,1,TCGATATGATAGATCTTACT,0,5286667
zapB_predicted,0.5,1,1,TCGAGGTTCCCCTGGCCCCT,0,5267910
zapB_predicted,0.5,1,1,TCCGTACACTCGAAAAAGAG,0,5271521
zapB_predicted,0.5,1,1,TCCGGTCCGGGTAATGACTG,0,5274822
zapB_predicted,0.5,1,1,TCCGGCGCCAGCGTGTGGGG,0,5286010
zapB_predicted,0.5,1,1,TCCGGAAAAGTTCGATATTT,0,5263190
zapB_predicted,0.5,1,1,TCCCTCCAGCATTTTCCATT,0,5283015
zapB_predicted,0.5,1,1,TCCCTACCTGTGTGACGATT,0,5264946
zapB_predicted,0.5,1,1,TCCATTATGTGCCTAGTCCG,0,5264116
zapB_predicted,0.5,1,1,TCCATGTTTTCCGTTTTACA,0,5284616
zapB_predicted,0.5,1,1,TCCATGCACGACGGCTATAT,0,5271121
zapB_predicted,0.5,1,1,TCCAGCAGTCGGGTGACTAC,0,5282646
zapB_predicted,0.5,1,1,TCCAGAGGAGCGGTTTTCGT,0,5286532
zapB_predicted,0.5,1,1,TCATTGAGATCCCACCTACT,0,5281618
zapB_predicted,0.5,1,1,TCATTAGACTGTCAGATATA,0,5287595
zapB_predicted,0.5,1,1,TCATGTTAACAGTGTCTGCG,0,5280248
zapB_predicted,0.5,1,1,TCAGTTCTTCGAGGCGTAAA,0,5264119
zapB_predicted,0.5,1,1,TCAGGAAGCATGCGCAGTAA,0,5287368
zapB_predicted,0.5,1,1,TCAGAGGGCGGAAGAGCATG,0,5268008
zapB_predicted,0.5,1,1,TCAATTTCCGGCCTTGTTAG,0,5265267
zapB_predicted,0.5,1,1,TCAAGTGCGGCATGCCCCTA,0,5279716
zapB_predicted,0.5,1,1,TCAAATCTCCGTAGCGCTTC,0,5269617
zapB_predicted,0.5,1,1,TCAAAAGACGCGAAAAGTTT,0,5269488
zapB_predicted,0.5,1,1,TATTTGAGTAGCGATCTTTG,0,5268305
zapB_predicted,0.5,1,1,TATTCTGTGGGCATCACCAG,0,5280857
zapB_predicted,0.5,1,1,TATTCGCCTCCCAGAGAGAA,0,5273812
zapB_predicted,0.5,1,1,TATGGTGCTGGCAAGGCATT,0,5278639
zapB_predicted,0.5,1,1,TATGACCCAATCCGCGAAGG,0,5284345
zapB_predicted,0.5,1,1,TATAGCTCATTCGAATTCCC,0,5280000
zapB_predicted,0.5,1,1,TAGCAAGAGTGGGCCTGGAT,0,5285922
zapB_predicted,0.5,1,1,TAGCAACGGTCGAATCTGGA,0,5265444
zapB_predicted,0.5,1,1,TAGAGAAGCTCCAGTGCGTC,0,5285658
zapB_predicted,0.5,1,1,TAGACCGATCGCTAACGGCA,0,5280058
zapB_predicted,0.5,1,1,TAGAATCTAAACTGGCTTAA,0,5280320
zapB_predicted,0.5,1,1,TACTGCTGTTTATCACACCA,0,5285282
zapB_predicted,0.5,1,1,TACTGATAGTGCCGGGGGCT,0,5277536
zapB_predicted,0.5,1,1,TACTCTCTAGCAGGCTAGGT,0,5268858
zapB_predicted,0.5,1,1,TACGTGCCCCACGTGTAGGG,0,5263187
zapB_predicted,0.5,1,1,TACGGCTCACGCTAGCAGCA,0,5263759
zapB_predicted,0.5,1,1,TACACACGTACATGGTTACA,0,5274114
zapB_predicted,0.5,1,1,TAATGCGGAAATTGGCACGA,0,5282497
zapB_predicted,0.5,1,1,TAATCATACTCTTTTCTGCA,0,5268092
zapB_predicted,0.5,1,1,TAAGCCGGGCATGTACTCCT,0,5273256
zapB_predicted,0.5,1,1,TAACGCAGTACACGGGTGCT,0,5266481
zapB_predicted,0.5,1,1,TAACCTCATTAGCCGACTGC,0,5282325
zapB_predicted,0.5,1,1,TAACATTTCCTGGCGGGCGG,0,5281869
zapB_predicted,0.5,1,1,TAAATCGCGCAGCGGGGTGT,0,5268939
zapB_predicted,0.5,1,1,TAAACTGTAGAGTCATAAGA,0,5287846
zapB_predicted,0.5,1,1,GTTTAGGTAACGAGACAGAG,0,5264855
zapB_predicted,0.5,1,1,GTTTACGTTAAGCACTGGGG,0,5277988
zapB_predicted,0.5,1,1,GTTGGTCTCGGAAGTCGGGA,0,5264544
zapB_predicted,0.5,1,1,GTTGGGGCCGTCCAAAATTA,0,5279324
zapB_predicted,0.5,1,1,GTTGCGGAGGGAATGTCTCT,0,5266054
zapB_predicted,0.5,1,1,GTTGCAGGGTTTATTCATGA,0,5269647
zapB_predicted,0.5,1,1,GTTGCAACCAGGCTATCGAT,0,5265670
zapB_predicted,0.5,1,1,GTTGACAGCTAGCTCATCCA,0,5286646
zapB_predicted,0.5,1,1,GTTCCTCTCCATCAGGCTAG,0,5282983
zapB_predicted,0.5,1,1,GTTCAGTTTGGGCCTTTGGG,0,5275201
zapB_predicted,0.5,1,1,GTTATTTTTATCTGCATTGG,0,5268015
zapB_predicted,0.5,1,1,GTTATGGCGCTCCCCAGCGC,0,5263675
zapB_predicted,0.5,1,1,GTTATCTTTTGATGATCACC,0,5284637
zapB_predicted,0.5,1,1,GTTAACGGACATATCTGGAA,0,5264369
zapB_predicted,0.5,1,1,GTGGTTTGTCGGAAGGAGGT,0,5264255
zapB_predicted,0.5,1,1,GTGGAGCCCACGCATCAACC,0,5265543
zapB_predicted,0.5,1,1,GTGGACGGGTCGTCGTATAT,0,5268034
zapB_predicted,0.5,1,1,GTGCGCCAGGTTCACGAAAC,0,5271699
zapB_predicted,0.5,1,1,GTGCCTGCTTTTAGGAGTAC,0,5274736
zapB_predicted,0.5,1,1,GTGCCACCGCTTCTCGTAAC,0,5285685
zapB_predicted,0.5,1,1,GTGCAGGTTTGGCAGCAGGA,0,5272442
zapB_predicted,0.5,1,1,GTCTGTCTATCGACGCTCCG,0,5277755
zapB_predicted,0.5,1,1,GTCTAACATCAATTAGGACG,0,5285089
zapB_predicted,0.5,1,1,GTCGGAAGTTACACGTTAGG,0,5265691
zapB_predicted,0.5,1,1,GTCCGTATCAGCGCCAAGGC,0,5284699
zapB_predicted,0.5,1,1,GTCCAGATAGGGCACGAGCA,0,5275492
zapB_predicted,0.5,1,1,GTCATTAAATGCCCACAACG,0,5272564
zapB_predicted,0.5,1,1,GTATAAGACCATGTAACCTC,0,5268954
zapB_predicted,0.5,1,1,GTAGTCAAATAGGACAAACT,0,5265038
zapB_predicted,0.5,1,1,GTAGGGCGAAAAACGTAACA,0,5283354
zapB_predicted,0.5,1,1,GTAGGGCCTGGCAGCTATGT,0,5264441
zapB_predicted,0.5,1,1,GTAGAGATTAATTGTCCCGA,0,5270905
zapB_predicted,0.5,1,1,GTACTTTCCAATTTTGTATT,0,5271018
zapB_predicted,0.5,1,1,GTACTACCTGCTCCTCGGAC,0,5288078
zapB_predicted,0.5,1,1,GTACCTTTTCTGGGGAAGCG,0,5267982
zapB_predicted,0.5,1,1,GTAACTACCACTCTACCGGA,0,5279165
zapB_predicted,0.5,1,1,GTAACGGTACTTGCAGGGTG,0,5286853
zapB_predicted,0.5,1,1,GGTTCGAGGCAACTTAAACA,0,5278173
zapB_predicted,0.5,1,1,GGTTCCCGCGGGCTTCATTA,0,5282887
zapB_predicted,0.5,1,1,GGTTCATATGGCGTCTTTAT,0,5279729
zapB_predicted,0.5,1,1,GGTGGTAGACAGGAGTACCT,0,5285143
zapB_predicted,0.5,1,1,GGTGGGATGTGTGAGGGCAT,0,5283187
zapB_predicted,0.5,1,1,GGTGGCTAGCTCTTGCCTGG,0,5266365
zapB_predicted,0.5,1,1,GGTCTTTTTCGACGACAGTG,0,5280152
zapB_predicted,0.5,1,1,GGTCGATCCCTCTACATCAG,0,5280312
zapB_predicted,0.5,1,1,GGTCCTGGACCCAGCGGACA,0,5276744
zapB_predicted,0.5,1,1,GGTCAGGTCCGGTTCACCTG,0,5274356
zapB_predicted,0.5,1,1,GGTACCAGCAGAGCCGCCCC,0,5284880
zapB_predicted,0.5,1,1,GGTAAGGATTCAGGTAGGAG,0,5279625
zapB_predicted,0.5,1,1,GGTAACTTACAGGCCTAGAT,0,5280236
zapB_predicted,0.5,1,1,GGGTTTGCGTTACGAAATGA,0,5281499
zapB_predicted,0.5,1,1,GGGTGAGAAGTGTGAGACCT,0,5272618
zapB_predicted,0.5,1,1,GGGTGACCCCGACTCGCACC,0,5275268
zapB_predicted,0.5,1,1,GGGTATTTTATAACTCCTAG,0,5278633
zapB_predicted,0.5,1,1,GGGTATGCCAGCACTTTTGA,0,5268239
zapB_predicted,0.5,1,1,GGGGTACTACAAACTTGGTT,0,5278417
zapB_predicted,0.5,1,1,GGGGGATACCAGAGCTTCTA,0,5277950
zapB_predicted,0.5,1,1,GGGCGTAGACCATTATTAAA,0,5283434
zapB_predicted,0.5,1,1,GGGCCGACCGAAGCACATAG,0,5276018
zapB_predicted,0.5,1,1,GGGCAGCTTGTTGCATTTGG,0,5281105
zapB_predicted,0.5,1,1,GGGCAAACCGACGACGCATC,0,5281279
zapB_predicted,0.5,1,1,GGGATCGCTCTAGTAATTCC,0,5266916
zapB_predicted,0.5,1,1,GGGAGTACCCGAAATGTCTA,0,5283151
zapB_predicted,0.5,1,1,GGGACTTTACTATTAGAGGA,0,5271369
zapB_predicted,0.5,1,1,GGGACCGCGCTTGGGTAAGC,0,5271290
zapB_predicted,0.5,1,1,GGCTTTAAGCGCGTCCGCAA,0,5277926
zapB_predicted,0.5,1,1,GGCTGGGGCATGCAGTGCTT,0,5270010
zapB_predicted,0.5,1,1,GGCTGGCGCGACCACTGTGC,0,5273178
zapB_predicted,0.5,1,1,GGCTCTGTTTGAGTATTCAC,0,5286342
zapB_predicted,0.5,1,1,GGCTCTCCGGAATTACGGAA,0,5268426
zapB_predicted,0.5,1,1,GGCTCCTCTGGTACTATTTC,0,5279557
zapB_predicted,0.5,1,1,GGCGGTTACGCGACCCGCTC,0,5283994
zapB_predicted,0.5,1,1,GGCGGCCCGGGTAAATCTAA,0,5279315
zapB_predicted,0.5,1,1,GGCGCCTGGTGATAGCCAGG,0,5280937
zapB_predicted,0.5,1,1,GGCGCAGGTATCTTAAAAGG,0,5281231
zapB_predicted,0.5,1,1,GGCCTGTAACTTTCGCCGAC,0,5287057
zapB_predicted,0.5,1,1,GGCCTGACCTGGCAAACCAC,0,5267101
zapB_predicted,0.5,1,1,GGCCTCGCCCGCATCGCAAA,0,5264671
zapB_predicted,0.5,1,1,GGCCTATGAGCGATACGAGG,0,5283707
zapB_predicted,0.5,1,1,GGCCGGGCCGATCCAGACAC,0,5273796
zapB_predicted,0.5,1,1,GGCAGGGGATAGAGGCAGGA,0,5268850
zapB_predicted,0.5,1,1,GGCACCGCCGCCGTTTCTGC,0,5271827
zapB_predicted,0.5,1,1,GGATGCTCTGCACCTCGCAT,0,5276812
zapB_predicted,0.5,1,1,GGATGACAGCCGGGCTACGT,0,5264797
zapB_predicted,0.5,1,1,GGATCATATCATTCTGGGAG,0,5283230
zapB_predicted,0.5,1,1,GGAGTGGTCTATGACCCCCT,0,5284650
zapB_predicted,0.5,1,1,GGAGGTTCGACAATCCTAGA,0,5287035
zapB_predicted,0.5,1,1,GGAGGGAAATGTATCAAGAC,0,5270556
zapB_predicted,0.5,1,1,GGAGCTCAAGCTGCGCCTCC,0,5271094
zapB_predicted,0.5,1,1,GGAGACCAGTTCCTAGCGTA,0,5268784
zapB_predicted,0.5,1,1,GGACTAAGTCAATTACCCTG,0,5288084
zapB_predicted,0.5,1,1,GGACGTCTGCAGTCGAGGGA,0,5280336
zapB_predicted,0.5,1,1,GGACCAATTTCTCATTCGAG,0,5280961
zapB_predicted,0.5,1,1,GGACACCTGTCCGTGTTAAC,0,5280318
zapB_predicted,0.5,1,1,GGAAGTAGACATATACTTGC,0,5286584
zapB_predicted,0.5,1,1,GGAAGCGTGAGATAACTGTC,0,5265339
zapB_predicted,0.5,1,1,GGAAGACCCAGCCAGAAATC,0,5266073
zapB_predicted,0.5,1,1,GGAACTCACTAATCACATGC,0,5266165
zapB_predicted,0.5,1,1,GGAACAAGTAAGGCCGCTTT,0,5276392
zapB_predicted,0.5,1,1,GCTTTCCCCGACACATAAAC,0,5286444
zapB_predicted,0.5,1,1,GCTTGTTACTTAAATCAAAT,0,5275897
zapB_predicted,0.5,1,1,GCTTGTGGCAATCCGAGACT,0,5283759
zapB_predicted,0.5,1,1,GCTTGAAGGGCAGACTCCTG,0,5264934
zapB_predicted,0.5,1,1,GCTTATGAACGGACCGCCGA,0,5283470
zapB_predicted,0.5,1,1,GCTTAAGGCGGCATATGCAT,0,5275700
zapB_predicted,0.5,1,1,GCTGTTACCAGCTCGAAGTT,0,5286119
zapB_predicted,0.5,1,1,GCTGTGTTAAAGTAGTAAGT,0,5281570
zapB_predicted,0.5,1,1,GCTGGCACGCCGAGCAGGTC,0,5273099
zapB_predicted,0.5,1,1,GCTGGATCAATGGCTTGCTC,0,5287772
zapB_predicted,0.5,1,1,GCTCTGTTACGCGGCGCTGA,0,5263488
zapB_predicted,0.5,1,1,GCTCTGGAAAGAGCTACGTG,0,5287331
zapB_predicted,0.5,1,1,GCTCGCAGCTTAACGGGGAT,0,5282011
zapB_predicted,0.5,1,1,GCTCCATAGTCGTTAGCCTT,0,5274744
zapB_predicted,0.5,1,1,GCTCAAATAAAGCGCTAGAA,0,5273478
zapB_predicted,0.5,1,1,GCTATCTCCGCAAAAGGATT,0,5270036
zapB_predicted,0.5,1,1,GCTAGTTATTGCGGATGGTA,0,5272238
zapB_predicted,0.5,1,1,GCGTTTCTTAGCGATCTATA,0,5287246
zapB_predicted,0.5,1,1,GCGGGCTCATAAGGGCGTCA,0,5274478
zapB_predicted,0.5,1,1,GCGCGATGGTTGCGGATTTG,0,5281657
zapB_predicted,0.5,1,1,GCGCCCTATAGGATCCTGCC,0,5282026
zapB_predicted,0.5,1,1,GCGCCCAGGTCCGGCTTGCC,0,5276695
zapB_predicted,0.5,1,1,GCGCATCCTCGCTCGGCCCG,0,5287358
zapB_predicted,0.5,1,1,GCGCAGCTCTTAAAGGCTCG,0,5265981
zapB_predicted,0.5,1,1,GCGATCGAATTTGGTCATCT,0,5280487
zapB_predicted,0.5,1,1,GCGATCATCGCCAATAACCC,0,5277432
zapB_predicted,0.5,1,1,GCGAACAGGTAAGGATGAGA,0,5268774
zapB_predicted,0.5,1,1,GCCGTGTCTTTGATATCGGG,0,5268301
zapB_predicted,0.5,1,1,GCCGCTGTGCTAAGAGACTA,0,5280461
zapB_predicted,0.5,1,1,GCCGAGTATGCACGTACCTC,0,5263044
zapB_predicted,0.5,1,1,GCCGACAAGTAAAAGAATCG,0,5275595
zapB_predicted,0.5,1,1,GCCCGCCATTGCACTAACGT,0,5273627
zapB_predicted,0.5,1,1,GCCCCGGCGAGTACGCGAAT,0,5280858
zapB_predicted,0.5,1,1,GCCCAACTTACGCAGCTGAA,0,5267354
zapB_predicted,0.5,1,1,GCCAGTTAGTGAAAATACGA,0,5271046
zapB_predicted,0.5,1,1,GCATTTTAAGGCGATACGTG,0,5266804
zapB_predicted,0.5,1,1,GCATGTGAATACAACGATAC,0,5272866
zapB_predicted,0.5,1,1,GCATGAGGCACAACTTTTGT,0,5279379
zapB_predicted,0.5,1,1,GCAGTTAACGTTCGAGAGAT,0,5287258
zapB_predicted,0.5,1,1,GCAGGAAAGGCTGCAATTTA,0,5278498
zapB_predicted,0.5,1,1,GCAGCTGTACATTACCAAAC,0,5280770
zapB_predicted,0.5,1,1,GCAGCCAACCTACGAGGTGG,0,5275048
zapB_predicted,0.5,1,1,GCAAGCCTCTGATATGCCGA,0,5266149
zapB_predicted,0.5,1,1,GCAAATCGGCGCGTCTCGAC,0,5274789
zapB_predicted,0.5,1,1,GCAAAGGGTGCTCGGGTAGT,0,5275769
zapB_predicted,0.5,1,1,GCAAAGAATACGTTTCACTG,0,5273556
zapB_predicted,0.5,1,1,GATTCGGTACTAATGACGCA,0,5282400
zapB_predicted,0.5,1,1,GATTACGCGGGGTTCTATCC,0,5276373
zapB_predicted,0.5,1,1,GATGTCGCGTTGACCTCCAC,0,5284702
zapB_predicted,0.5,1,1,GATGGTAACATGCTAAGCGC,0,5281607
zapB_predicted,0.5,1,1,GATGCAGACGACCTCCAGAT,0,5279186
zapB_predicted,0.5,1,1,GATGAGCAGCTACGCTGTAG,0,5269596
zapB_predicted,0.5,1,1,GATCTATGGGTTCGGGGTTT,0,5272853
zapB_predicted,0.5,1,1,GATCGCCACTCGTATTTCAC,0,5274084
zapB_predicted,0.5,1,1,GATCGAAAAAAGTTCCCTGG,0,5276140
zapB_predicted,0.5,1,1,GATCCACCGTAATCTCATGC,0,5268535
zapB_predicted,0.5,1,1,GATATGTCGCAATAGGTTAA,0,5279731
zapB_predicted,0.5,1,1,GATAGTCTACAGGGCGGGGT,0,5274037
zapB_predicted,0.5,1,1,GATACCGCGTGAGGCTATCT,0,5279974
zapB_predicted,0.5,1,1,GATAACGCTTATTGCTCCGC,0,5271272
zapB_predicted,0.5,1,1,GATAAATATTTTTTCAAGCT,0,5269337
zapB_predicted,0.5,1,1,GAGTTAGTAAGGTTGTGGTG,0,5264075
zapB_predicted,0.5,1,1,GAGTCGTCCCAACCCTATGA,0,5288009
zapB_predicted,0.5,1,1,GAGTCGATAGTAGGACTCGT,0,5278145
zapB_predicted,0.5,1,1,GAGTCAGATAGCCGCGCTCC,0,5265443
zapB_predicted,0.5,1,1,GAGTAGGGCGTATGCGCCAG,0,5286454
zapB_predicted,0.5,1,1,GAGGCGCTCTGAGAACGTTC,0,5283617
zapB_predicted,0.5,1,1,GAGGCCAAGGGTATACAAGT,0,5265337
zapB_predicted,0.5,1,1,GAGGAGATTCGGAGCGTGTT,0,5274448
zapB_predicted,0.5,1,1,GAGCGTAATTGGAACAACAA,0,5263674
zapB_predicted,0.5,1,1,GAGCGCCGCCCAGGGGTCCT,0,5280883
zapB_predicted,0.5,1,1,GAGCGATAGATGGACAGAGA,0,5277770
zapB_predicted,0.5,1,1,GAGCCGTCACATCCGGTAGA,0,5281550
zapB_predicted,0.5,1,1,GAGACGAGTTTACTATTGAT,0,5278041
zapB_predicted,0.5,1,1,GACTGTACTGAATCCCAAGC,0,5272731
zapB_predicted,0.5,1,1,GACTGCGTACCGAGTCTGGT,0,5265090
zapB_predicted,0.5,1,1,GACTCGAGTCGTGTAGACAA,0,5283590
zapB_predicted,0.5,1,1,GACTAGCTGCTTTTGGTATA,0,5282805
zapB_predicted,0.5,1,1,GACGTATGATAATACCGAAG,0,5268009
zapB_predicted,0.5,1,1,GACGGGTTATGGGTGCGATC,0,5277119
zapB_predicted,0.5,1,1,GACGGGCCTAAAACACACAT,0,5266490
zapB_predicted,0.5,1,1,GACGGAGATAGCACAACTGT,0,5268717
zapB_predicted,0.5,1,1,GACGAGGACGCGATATCAAG,0,5284772
zapB_predicted,0.5,1,1,GACCTCAACATCTGGTATTA,0,5283403
zapB_predicted,0.5,1,1,GACCGTCTCCCCGGATGACA,0,5267916
zapB_predicted,0.5,1,1,GACCGATCCGCCGCAAGGAG,0,5269932
zapB_predicted,0.5,1,1,GACCCAACGCCGATGGGTTT,0,5287644
zapB_predicted,0.5,1,1,GACATCAGCTGGTACGGGTT,0,5272562
zapB_predicted,0.5,1,1,GACAAGCGTATAAGTTGGCC,0,5274141
zapB_predicted,0.5,1,1,GAATGTTATTCACCACGCGG,0,5285460
zapB_predicted,0.5,1,1,GAAGTTAACTAGGTCCCGTG,0,5266767
zapB_predicted,0.5,1,1,GAAGTGCGTATCAGGGATTG,0,5272844
zapB_predicted,0.5,1,1,GAAGTGATTCTAGATGTCAT,0,5272992
zapB_predicted,0.5,1,1,GAAGATTAAGGGAGTGATTC,0,5273992
zapB_predicted,0.5,1,1,GAAGAGGTATGCCCTCTTCC,0,5264151
zapB_predicted,0.5,1,1,GAACTTCCGGGCTAAATCCT,0,5285339
zapB_predicted,0.5,1,1,GAACTCATCATGTAGTTTGA,0,5274182
zapB_predicted,0.5,1,1,GAACGGCTCAATATTTTCTA,0,5266111
zapB_predicted,0.5,1,1,GAACGACACAGCACCTGCAG,0,5271952
zapB_predicted,0.5,1,1,GAACCTTAATCTATCGGACG,0,5267577
zapB_predicted,0.5,1,1,GAACCCAGGGTACGATACAA,0,5288064
zapB_predicted,0.5,1,1,GAACACCTTTGTGTTTCTGT,0,5284611
zapB_predicted,0.5,1,1,GAAATAGACGGTAGCGAGAA,0,5273485
zapB_predicted,0.5,1,1,GAAAACGACCTGGGGCTGGT,0,5269600
zapB_predicted,0.5,1,1,GAAAACCATACGGCTTTGGT,0,5287785
zapB_predicted,0.5,1,1,CTTTTGCCCGTCTCGGGTTA,0,5272305
zapB_predicted,0.5,1,1,CTTTGTGTGGGTCTTTATAA,0,5266695
zapB_predicted,0.5,1,1,CTTTGTAAAGTAGCGACTAT,0,5267965
zapB_predicted,0.5,1,1,CTTGGTATACGGCGCGTCAT,0,5265761
zapB_predicted,0.5,1,1,CTTGGGCGTCCCGCGGAAGG,0,5265367
zapB_predicted,0.5,1,1,CTTGGCTTAGGCAATCAGTA,0,5283938
zapB_predicted,0.5,1,1,CTTCTTATGAAAGAATTAAC,0,5287699
zapB_predicted,0.5,1,1,CTTCGGCACAGCGATGCACC,0,5268642
zapB_predicted,0.5,1,1,CTTCCTGGCTAAGCGTTTGT,0,5264902
zapB_predicted,0.5,1,1,CTTCCCTCCGAAGGTCACAT,0,5283795
zapB_predicted,0.5,1,1,CTTATGTCAAGACGTTCTGA,0,5286632
zapB_predicted,0.5,1,1,CTTACTAGGCACCTAAGTCA,0,5284997
zapB_predicted,0.5,1,1,CTTACGTCTCAAATGTTCGA,0,5284215
zapB_predicted,0.5,1,1,CTTACACTTGCCGTTTACCA,0,5278347
zapB_predicted,0.5,1,1,CTTAAGATGAACCCCCGACG,0,5264642
zapB_predicted,0.5,1,1,CTTAACTGGCTGGCTTAAAA,0,5281278
zapB_predicted,0.5,1,1,CTGTTCCTGAGGAGAAGCTT,0,5283013
zapB_predicted,0.5,1,1,CTGTGTGTTAATGTCTGGTC,0,5269524
zapB_predicted,0.5,1,1,CTGTGCGAATGGCTAATCTG,0,5282900
zapB_predicted,0.5,1,1,CTGGTGGCCATCGTTTGGAC,0,5271386
zapB_predicted,0.5,1,1,CTGGTGCTTCATATTGAGGG,0,5282710
zapB_predicted,0.5,1,1,CTGGTACAGCACGGAGCACG,0,5280379
zapB_predicted,0.5,1,1,CTGGGATTAGGCAGCATATT,0,5277384
zapB_predicted,0.5,1,1,CTGGCTGAACCTCTCGTGAA,0,5282542
zapB_predicted,0.5,1,1,CTGGATGCATCGTGCACAGA,0,5286481
zapB_predicted,0.5,1,1,CTGGACAACGTCACCGTCAT,0,5275860
zapB_predicted,0.5,1,1,CTGCGAGCCGGTCCGTCTAC,0,5278390
zapB_predicted,0.5,1,1,CTGCAACTCGCCATGGTCCT,0,5279794
zapB_predicted,0.5,1,1,CTCTTTTCTTGTTGACCATT,0,5265999
zapB_predicted,0.5,1,1,CTCTAACGTCTGCTGCGCGA,0,5285842
zapB_predicted,0.5,1,1,CTCGTAGTGGATCACATATC,0,5287138
zapB_predicted,0.5,1,1,CTCCTGGAGTTCATACGATT,0,5279552
zapB_predicted,0.5,1,1,CTCCGTGCAGAGCGTCGTTC,0,5275158
zapB_predicted,0.5,1,1,CTCCGAGGGGGTGATCTGAG,0,5271931
zapB_predicted,0.5,1,1,CTCACGAGAACACACCTTCA,0,5285579
zapB_predicted,0.5,1,1,CTCACATTTCCCGGATCGAG,0,5286675
zapB_predicted,0.5,1,1,CTCACATGTTATAAATTGGT,0,5284993
zapB_predicted,0.5,1,1,CTATGTTAGAATCGCCGTAC,0,5286629
zapB_predicted,0.5,1,1,CTATCTGTAGGTGTTTAATT,0,5281792
zapB_predicted,0.5,1,1,CTATCTATATGTCTGGGTAA,0,5273727
zapB_predicted,0.5,1,1,CTATAGTTCAGACGGGGGAT,0,5270565
zapB_predicted,0.5,1,1,CTAGAGTCCGTGGTCACAGG,0,5276538
zapB_predicted,0.5,1,1,CTAGACTCCCCCCTGGCGTA,0,5283081
zapB_predicted,0.5,1,1,CTACCTCAGCCTCAATTATC,0,5268771
zapB_predicted,0.5,1,1,CTACAATGAAGGGCAGAACG,0,5269279
zapB_predicted,0.5,1,1,CGTTGTTAAATCACTAGATC,0,5280163
zapB_predicted,0.5,1,1,CGTGTAGATCAGGGGAACTA,0,5281943
zapB_predicted,0.5,1,1,CGTGGCCTGCACGGTGAGAC,0,5275203
zapB_predicted,0.5,1,1,CGTGGACACCGCGGGGGAGT,0,5270276
zapB_predicted,0.5,1,1,CGTCTTGGAAGGACCGAATG,0,5272990
zapB_predicted,0.5,1,1,CGTCGAGCTCAATAGTGATG,0,5277578
zapB_predicted,0.5,1,1,CGTCACTTTCCAGTAGATGA,0,5286496
zapB_predicted,0.5,1,1,CGTCAAACTGTCACCGAGGC,0,5264333
zapB_predicted,0.5,1,1,CGTATTTCATAACCTGAGGA,0,5265911
zapB_predicted,0.5,1,1,CGTATCGCGGCGCTGCGAAC,0,5283299
zapB_predicted,0.5,1,1,CGTATCATGAACCAGTTTGT,0,5264204
zapB_predicted,0.5,1,1,CGTATAAGCAAAAAGAGTAA,0,5272326
zapB_predicted,0.5,1,1,CGTAGCTTGTGCGGCATGTA,0,5285820
zapB_predicted,0.5,1,1,CGTACAAGAACCGTGCTGGC,0,5273932
zapB_predicted,0.5,1,1,CGGTTTTAGCGGTCGCACGC,0,5281245
zapB_predicted,0.5,1,1,CGGTTACGTCCCACATCTAC,0,5264275
zapB_predicted,0.5,1,1,CGGTTAAGTAGTGGTGACCC,0,5268550
zapB_predicted,0.5,1,1,CGGTCTTGACTGAACCACAT,0,5280941
zapB_predicted,0.5,1,1,CGGGTGCATTAGTTGCCAGG,0,5273310
zapB_predicted,0.5,1,1,CGGGTCCATTCAGTAGCCGA,0,5268109
zapB_predicted,0.5,1,1,CGGGGAGGTTAGCGGGTCAT,0,5282726
zapB_predicted,0.5,1,1,CGGGGAAGGGCTTATTAATC,0,5264943
zapB_predicted,0.5,1,1,CGGGCACAGTCACGTCTCCT,0,5279580
zapB_predicted,0.5,1,1,CGGCTCAGATACCGGTAGGG,0,5270950
zapB_predicted,0.5,1,1,CGGATGATCCTGTAGGAGCT,0,5268763
zapB_predicted,0.5,1,1,CGGATCGACCAACCGATGTG,0,5269530
zapB_predicted,0.5,1,1,CGGACTACCACACTCGGAGT,0,5263181
zapB_predicted,0.5,1,1,CGGACGCATGGTCGTTACCC,0,5285907
zapB_predicted,0.5,1,1,CGCTTTCGTGGATACGGGAC,0,5264494
zapB_predicted,0.5,1,1,CGCTTCTTCCCCTTATACGC,0,5268776
zapB_predicted,0.5,1,1,CGCTTCTGCGTCGCGACGAT,0,5282126
zapB_predicted,0.5,1,1,CGCTGGGCTATACTAAAATT,0,5266077
zapB_predicted,0.5,1,1,CGCTACTAATTCGAGAGGAG,0,5285618
zapB_predicted,0.5,1,1,CGCGGATAGTGGGTGGCCCC,0,5269717
zapB_predicted,0.5,1,1,CGCGAGTTGCCGATACGCTA,0,5287259
zapB_predicted,0.5,1,1,CGCCGGCTAAGCTATTATCA,0,5280127
zapB_predicted,0.5,1,1,CGCAGGCCCCTTAGAGTGGC,0,5278771
zapB_predicted,0.5,1,1,CGCAGAGGGATTTTAACCAT,0,5286300
zapB_predicted,0.5,1,1,CGCAAGAGTGGTGACAGTTA,0,5274980
zapB_predicted,0.5,1,1,CGATTACGAAAGGTTCAACC,0,5265688
zapB_predicted,0.5,1,1,CGATCGGTAAGAACGCGTCC,0,5281672
zapB_predicted,0.5,1,1,CGAGGTATTACCCAACTTTG,0,5285485
zapB_predicted,0.5,1,1,CGAGCCGGCGCGAACATTGT,0,5275557
zapB_predicted,0.5,1,1,CGACCGAACAACAGTTATTT,0,5282069
zapB_predicted,0.5,1,1,CGAAGGCTGTGTTAGCTAGA,0,5284645
zapB_predicted,0.5,1,1,CCTTGCAGCGTGCAAGAGGG,0,5265474
zapB_predicted,0.5,1,1,CCTTGATACATGAACTCGAC,0,5279514
zapB_predicted,0.5,1,1,CCTTCTCGACCCATTGCGTA,0,5265288
zapB_predicted,0.5,1,1,CCTTAGATTGACCGCTCGAG,0,5277314
zapB_predicted,0.5,1,1,CCTTAATGCTCAACGATCAC,0,5276890
zapB_predicted,0.5,1,1,CCTAGAAGTAGATGAGTCAC,0,5269432
zapB_predicted,0.5,1,1,CCTACTTTTGGTGTTATAGA,0,5263273
zapB_predicted,0.5,1,1,CCTACCCGGAGCAATTCAGA,0,5271883
zapB_predicted,0.5,1,1,CCTAAGCCAGTGGAATATAC,0,5266047
zapB_predicted,0.5,1,1,CCGTCGGGTAGAGTGTGCGT,0,5281355
zapB_predicted,0.5,1,1,CCGTCAGGGAGCACTAAGTG,0,5276869
zapB_predicted,0.5,1,1,CCGGTCTTAAATGTCTGTGC,0,5265749
zapB_predicted,0.5,1,1,CCGGTCCAGTCCCTGAACGT,0,5284801
zapB_predicted,0.5,1,1,CCGGAAGACCGACCAATTTA,0,5283735
zapB_predicted,0.5,1,1,CCGCTTCCAGCGGTCACGGC,0,5283763
zapB_predicted,0.5,1,1,CCGCTCTAACGCTTGGAGTG,0,5287848
zapB_predicted,0.5,1,1,CCGCGTGTCAGCATGATTAG,0,5270349
zapB_predicted,0.5,1,1,CCGCGGTGGGACCATAATAC,0,5281343
zapB_predicted,0.5,1,1,CCGCGACCAGCGTGTTCTTG,0,5272588
zapB_predicted,0.5,1,1,CCGATAAGTGCCTTATAGTA,0,5263135
zapB_predicted,0.5,1,1,CCGAGAAAAAATCTCAAATG,0,5263270
zapB_predicted,0.5,1,1,CCGACCAGCGTCAACCGGCT,0,5274913
zapB_predicted,0.5,1,1,CCCTTGAAGGACAGATCTGC,0,5265186
zapB_predicted,0.5,1,1,CCCTTCCATTAGGCTCGGGC,0,5283828
zapB_predicted,0.5,1,1,CCCTCCACCCAGTACGGTAT,0,5281714
zapB_predicted,0.5,1,1,CCCTCACCGACTCATCGTAT,0,5268490
zapB_predicted,0.5,1,1,CCCGGGACCAACCTAACACC,0,5275444
zapB_predicted,0.5,1,1,CCCGGATAAACCGTCTCAGG,0,5265599
zapB_predicted,0.5,1,1,CCCGCAAGAGGCCCTCTCGG,0,5266406
zapB_predicted,0.5,1,1,CCCGATACGGGTTGCTCGAA,0,5282224
zapB_predicted,0.5,1,1,CCCAGGGGTGCCACGATGTC,0,5267801
zapB_predicted,0.5,1,1,CCCAATACTTTACGAGCGTT,0,5273653
zapB_predicted,0.5,1,1,CCATTTATCCCGTCAGTATG,0,5283732
zapB_predicted,0.5,1,1,CCATGGTATTAATGCGCAGG,0,5281129
zapB_predicted,0.5,1,1,CCATGGCAAAGTCCGTGTAC,0,5271125
zapB_predicted,0.5,1,1,CCATCCGCTTCTAGTAATTA,0,5286796
zapB_predicted,0.5,1,1,CCATATCATCGGAACGCTTC,0,5264013
zapB_predicted,0.5,1,1,CCATAGCCCTCGTAAATGGG,0,5270605
zapB_predicted,0.5,1,1,CCAGTCCGAGTATGGTCACC,0,5275408
zapB_predicted,0.5,1,1,CCAGACGCGTGGTGGTCTTC,0,5279399
zapB_predicted,0.5,1,1,CCACGCTATAGATCTTGTGT,0,5287232
zapB_predicted,0.5,1,1,CCACCGCTGGGACTCTACGA,0,5276492
zapB_predicted,0.5,1,1,CCACCCCCACGCAAGTCGGA,0,5278604
zapB_predicted,0.5,1,1,CCACATAGCGTTCTTAGAGA,0,5277147
zapB_predicted,0.5,1,1,CCAAGCGGCTCCAAGCTCTA,0,5277081
zapB_predicted,0.5,1,1,CCAAAGGTATGCCAGGGGTA,0,5288295
zapB_predicted,0.5,1,1,CATTGCTTGTAAATTCGAGT,0,5271392
zapB_predicted,0.5,1,1,CATGGGTTCCTGCAGAGTAT,0,5280436
zapB_predicted,0.5,1,1,CATCGTTCATGTCCACCAAG,0,5267680
zapB_predicted,0.5,1,1,CATCCGTTCATCAATAATGC,0,5268175
zapB_predicted,0.5,1,1,CATCACGGTGCTAGCTCAGT,0,5263968
zapB_predicted,0.5,1,1,CATAATCTTCGAGAAGCGCG,0,5279046
zapB_predicted,0.5,1,1,CAGTTATCAACGAAAATCCG,0,5273739
zapB_predicted,0.5,1,1,CAGTGTGACGCTTAAAGTGA,0,5272864
zapB_predicted,0.5,1,1,CAGTGGAGGGCACAATGGCT,0,5274627
zapB_predicted,0.5,1,1,CAGTATCATGTGTTTTGGAT,0,5263191
zapB_predicted,0.5,1,1,CAGGGTGCAAGCTAGCGTCA,0,5268148
zapB_predicted,0.5,1,1,CAGGGGGAAGACTATAAGAC,0,5286232
zapB_predicted,0.5,1,1,CAGGGCTGACATTTCTTAGT,0,5279148
zapB_predicted,0.5,1,1,CAGGCGAGCAAGAGCACCAG,0,5266968
zapB_predicted,0.5,1,1,CAGGCCAGTGCGTACAAAAT,0,5273062
zapB_predicted,0.5,1,1,CAGCTTCCGCTACAGTCAGG,0,5277598
zapB_predicted,0.5,1,1,CAGCTAGCGTGCAAGAATGA,0,5285059
zapB_predicted,0.5,1,1,CAGCCTCCAAGGGAACAGTG,0,5277734
zapB_predicted,0.5,1,1,CAGCCATCAGAGTAGGGAGT,0,5269888
zapB_predicted,0.5,1,1,CAGCAGGGGAGAGAGAATTT,0,5278007
zapB_predicted,0.5,1,1,CAGCAAGCCACGGGTGTGCC,0,5274049
zapB_predicted,0.5,1,1,CAGATATGCTTTTGAGCAGA,0,5275633
zapB_predicted,0.5,1,1,CAGAACACCGGCCCTGTGTG,0,5264545
zapB_predicted,0.5,1,1,CACTTGGGTCATCCAGTACT,0,5281772
zapB_predicted,0.5,1,1,CACTTCTTTCGGTGGTATGC,0,5283247
zapB_predicted,0.5,1,1,CACTGTGAACGCCGAGTTCT,0,5267379
zapB_predicted,0.5,1,1,CACGTTCGTCTCGGGAAGAC,0,5272137
zapB_predicted,0.5,1,1,CACGTAGAGCGGCGTGCGGG,0,5287122
zapB_predicted,0.5,1,1,CACGGGCTAGTACAGTCCCC,0,5268082
zapB_predicted,0.5,1,1,CACGCTCAGGCACACTTGTG,0,5282099
zapB_predicted,0.5,1,1,CACCTGAGCCCTTGGCTCAT,0,5266530
zapB_predicted,0.5,1,1,CACCCTCCGCCACGAGGACG,0,5267500
zapB_predicted,0.5,1,1,CACCCTACTCATAACTTGTG,0,5272461
zapB_predicted,0.5,1,1,CACACGAGTATGTCCCATAA,0,5268983
zapB_predicted,0.5,1,1,CAATTCGGACTCGCAGATTC,0,5273184
zapB_predicted,0.5,1,1,CAATGCGCTGGCACCGAACA,0,5275991
zapB_predicted,0.5,1,1,CAATAAGAGATCTGCTTGCT,0,5283411
zapB_predicted,0.5,1,1,CAAGCTCTTTTGCGAGTAAG,0,5269537
zapB_predicted,0.5,1,1,CAACTCTCAATACCTAGTTC,0,5272769
zapB_predicted,0.5,1,1,CAACGGGATCGCATATCCCG,0,5268521
zapB_predicted,0.5,1,1,CAACGATGCGTGAAGCCGGC,0,5280023
zapB_predicted,0.5,1,1,CAACCGGTCGCCTCGGGTCC,0,5286583
zapB_predicted,0.5,1,1,CAAACTGTCCGCTGTCCCGC,0,5282294
zapB_predicted,0.5,1,1,ATTTGTGATGTACTGAACCC,0,5286271
zapB_predicted,0.5,1,1,ATTTGGTCTACGCGGCCTAG,0,5278626
zapB_predicted,0.5,1,1,ATTTGCACTTGTTCGGGGTC,0,5269345
zapB_predicted,0.5,1,1,ATTTACTGATGGGTCAGGTC,0,5278232
zapB_predicted,0.5,1,1,ATTTAAAGGGCGGTAACCTT,0,5278358
zapB_predicted,0.5,1,1,ATTGGCCCTCTGCTTTGGGA,0,5282218
zapB_predicted,0.5,1,1,ATTGCCTACGAACTACTGTA,0,5278820
zapB_predicted,0.5,1,1,ATTGCAAGATACCAGTAGAT,0,5267862
zapB_predicted,0.5,1,1,ATTCGTCATCAGGAGTAAAA,0,5287372
zapB_predicted,0.5,1,1,ATTCGCTTGTCGTCGTCACT,0,5264096
zapB_predicted,0.5,1,1,ATTCAGGTTGAAGGCCGGCT,0,5271526
zapB_predicted,0.5,1,1,ATTCAGCTGAGCTTCTAAGG,0,5267097
zapB_predicted,0.5,1,1,ATTCACAGGCGGTGACAAAT,0,5271241
zapB_predicted,0.5,1,1,ATTACGCCGGGTTAGAGGCA,0,5263511
zapB_predicted,0.5,1,1,ATTACCGCCGCTCAACCCCT,0,5264299
zapB_predicted,0.5,1,1,ATTACATCCTAGCCAAGCTT,0,5280523
zapB_predicted,0.5,1,1,ATGTTACTTTCTTGGCGATG,0,5270399
zapB_predicted,0.5,1,1,ATGTGGGGCTACGATAGGAT,0,5277788
zapB_predicted,0.5,1,1,ATGTGCTGGGATTGGATGAC,0,5281041
zapB_predicted,0.5,1,1,ATGTGAGTGGGGTCCAACAG,0,5268393
zapB_predicted,0.5,1,1,ATGTCCACAAACCCCTTGGG,0,5283045
zapB_predicted,0.5,1,1,ATGTAGCTACGTATGCTTAG,0,5285103
zapB_predicted,0.5,1,1,ATGGTTAGTCTCAGTTCGGG,0,5263349
zapB_predicted,0.5,1,1,ATGGCCCGATCGAAACATTG,0,5270208
zapB_predicted,0.5,1,1,ATGCGTTATGAGCCCGCAAG,0,5270457
zapB_predicted,0.5,1,1,ATGCGGGTTACTTGATAATG,0,5272466
zapB_predicted,0.5,1,1,ATGCGGATAGATCGCCGAAT,0,5273937
zapB_predicted,0.5,1,1,ATGCCCCTGGCGGCATGAAG,0,5273585
zapB_predicted,0.5,1,1,ATGCACAACCCGCGTGAGGT,0,5269822
zapB_predicted,0.5,1,1,ATGAGCCTAAGTCCTGGGCA,0,5280414
zapB_predicted,0.5,1,1,ATGACGTTTCACGCTTGTCT,0,5266193
zapB_predicted,0.5,1,1,ATGACCTTGCCCACCGCCGG,0,5288345
zapB_predicted,0.5,1,1,ATGAAAACGGAACACCGTAG,0,5280421
zapB_predicted,0.5,1,1,ATCTGTCCTAATGGTAGAGA,0,5275987
zapB_predicted,0.5,1,1,ATCTCCGAAGGGCCTAGAGA,0,5287911
zapB_predicted,0.5,1,1,ATCTCACAAAAGGGGAAATG,0,5278215
zapB_predicted,0.5,1,1,ATCTACAGAAAATGAACCAG,0,5274074
zapB_predicted,0.5,1,1,ATCGTGAGTCATAACTTATG,0,5268875
zapB_predicted,0.5,1,1,ATCGGTTGGTTTCCCGGGCT,0,5287869
zapB_predicted,0.5,1,1,ATCCGTCTCCTTGTGTTCCA,0,5267381
zapB_predicted,0.5,1,1,ATCCGCACCTAATCTTCGAC,0,5288167
zapB_predicted,0.5,1,1,ATCCGCAAAGATTAGAATAT,0,5286758
zapB_predicted,0.5,1,1,ATCCCGAAAGGTCTGACTCA,0,5283869
zapB_predicted,0.5,1,1,ATCCACGTATGTCGTGCTAT,0,5287419
zapB_predicted,0.5,1,1,ATCATTGACCAAGATCGGAT,0,5279873
zapB_predicted,0.5,1,1,ATCATGTCCATTCTACGTGC,0,5276141
zapB_predicted,0.5,1,1,ATCATAATGGGCCTACCGTG,0,5272983
zapB_predicted,0.5,1,1,ATCACTTGCCCCTAGCGCAT,0,5266974
zapB_predicted,0.5,1,1,ATCACGATACATACAACTAG,0,5266788
zapB_predicted,0.5,1,1,ATCAAAACGTACGCGTTGGC,0,5268113
zapB_predicted,0.5,1,1,ATATTTATAATTGTGGTTTT,0,5288322
zapB_predicted,0.5,1,1,ATATCTTAGATGGCGCTAGA,0,5276380
zapB_predicted,0.5,1,1,ATATCCGATTCAATGATGCT,0,5268966
zapB_predicted,0.5,1,1,ATATAGTTAGGCGTTCTAGA,0,5273410
zapB_predicted,0.5,1,1,ATAGATTAATGCAGTTGTAA,0,5285751
zapB_predicted,0.5,1,1,ATACGTACCTCATATTGGGT,0,5269532
zapB_predicted,0.5,1,1,ATAAATAGAGATTTGTGGAG,0,5278063
zapB_predicted,0.5,1,1,AGTTGTGCGCCGACTGTAAC,0,5268397
zapB_predicted,0.5,1,1,AGTTGGTTAATGACGAAATT,0,5268077
zapB_predicted,0.5,1,1,AGTTGGACAGGTACGCGCTA,0,5285681
zapB_predicted,0.5,1,1,AGTTCTCGGGACTGTCGGAG,0,5274831
zapB_predicted,0.5,1,1,AGTGTCGCCCCATATTACTG,0,5274289
zapB_predicted,0.5,1,1,AGTGTCCTTTTCCTGAGGGG,0,5283542
zapB_predicted,0.5,1,1,AGTCTCATTTGAAACGTTCC,0,5263644
zapB_predicted,0.5,1,1,AGTCTAGAGCGCTACTGTTA,0,5266580
zapB_predicted,0.5,1,1,AGTCCTAAACAAGCCGCGAA,0,5274133
zapB_predicted,0.5,1,1,AGTATGTGCAGTCAGCTTGT,0,5266938
zapB_predicted,0.5,1,1,AGTATGAGGCGTGCGCGATC,0,5271969
zapB_predicted,0.5,1,1,AGTACTCCTGTCCAGTCAAC,0,5284782
zapB_predicted,0.5,1,1,AGTAATATTTGTCTGCGAGT,0,5268243
zapB_predicted,0.5,1,1,AGGTTCCGAACTGCTGCACT,0,5266520
zapB_predicted,0.5,1,1,AGGTCTGCGACCGCAGTTTT,0,5275171
zapB_predicted,0.5,1,1,AGGTCTCCTTTCAAGGTTTG,0,5281259
zapB_predicted,0.5,1,1,AGGGTTAGGGAACACGGCGA,0,5275517
zapB_predicted,0.5,1,1,AGGGTCTTTAATAGTAGATG,0,5278547
zapB_predicted,0.5,1,1,AGGGTATATGAAATAAACGC,0,5280399
zapB_predicted,0.5,1,1,AGGGGTACGCAGTCACGAGG,0,5286142
zapB_predicted,0.5,1,1,AGGGGAGACTCAACGCATGC,0,5278927
zapB_predicted,0.5,1,1,AGGGCGACGCTCGAAGCTTT,0,5277615
zapB_predicted,0.5,1,1,AGGGAAAGTAGAGTAGTGTC,0,5263879
zapB_predicted,0.5,1,1,AGGCTAAGCCGCCACGGCGG,0,5264676
zapB_predicted,0.5,1,1,AGGCGTTTGCTAGGCCTGTC,0,5272352
zapB_predicted,0.5,1,1,AGGCCGGCTCCGACTGAGCG,0,5267181
zapB_predicted,0.5,1,1,AGGCAACTATCATGTTGACA,0,5268947
zapB_predicted,0.5,1,1,AGGAGAGCAAACAACATAAC,0,5278827
zapB_predicted,0.5,1,1,AGGAAATGAAGATATCACCT,0,5286601
zapB_predicted,0.5,1,1,AGCTTTGGACCATGGCCCTC,0,5271912
zapB_predicted,0.5,1,1,AGCTAGAAGAAAGGAAGTTC,0,5280863
zapB_predicted,0.5,1,1,AGCTAAAGCTACAGGCCCTC,0,5280972
zapB_predicted,0.5,1,1,AGCGCCATAGCTAGCTTATA,0,5286335
zapB_predicted,0.5,1,1,AGCATGGTTAGTCTTGGTCA,0,5283886
zapB_predicted,0.5,1,1,AGCAGCGCTGGCGGGTTAGT,0,5284685
zapB_predicted,0.5,1,1,AGCACTTATACGGTTAAGTT,0,5275698
zapB_predicted,0.5,1,1,AGATTATGGAGGCGCTCATG,0,5278740
zapB_predicted,0.5,1,1,AGATCGCTAATTCGCGCAGA,0,5263680
zapB_predicted,0.5,1,1,AGATAGTGCAACGTCGACAT,0,5266553
zapB_predicted,0.5,1,1,AGAGTAGAAGAATCCGTCCG,0,5263443
zapB_predicted,0.5,1,1,AGAGGCATGCGGCGGGGCAT,0,5276469
zapB_predicted,0.5,1,1,AGAGGAATACTGACTGTGAT,0,5270724
zapB_predicted,0.5,1,1,AGAGCTGTTGCGAAATTACC,0,5266353
zapB_predicted,0.5,1,1,AGACTGACTCATTATGGAAT,0,5268734
zapB_predicted,0.5,1,1,AGACTAAGGGAGGATCACTG,0,5285257
zapB_predicted,0.5,1,1,AGACGAATATATACCTGCAG,0,5276306
zapB_predicted,0.5,1,1,AGACCTGCGTACAGCCTGAA,0,5285232
zapB_predicted,0.5,1,1,AGAAATGTAGATATTGGGAA,0,5280973
zapB_predicted,0.5,1,1,ACTTGGATGGCTATCTTCTT,0,5283784
zapB_predicted,0.5,1,1,ACTGGTATCTCCTCGGTGCG,0,5286220
zapB_predicted,0.5,1,1,ACTGAGATTAATGAAGAGCG,0,5265004
zapB_predicted,0.5,1,1,ACTGAAAGGCTAACTGGATT,0,5288375
zapB_predicted,0.5,1,1,ACTCCTACATAAAAATATCG,0,5266752
zapB_predicted,0.5,1,1,ACTCCCGTACTACGAGGTCT,0,5263021
zapB_predicted,0.5,1,1,ACTCAATGATTATACGTCGG,0,5269281
zapB_predicted,0.5,1,1,ACTAGAGCGCGCCCGAAATC,0,5267120
zapB_predicted,0.5,1,1,ACGTACCGCAGCGCCGTCAC,0,5272277
zapB_predicted,0.5,1,1,ACGGTTGGTGCTTACCGGTT,0,5287568
zapB_predicted,0.5,1,1,ACGGTGTGGGATCTCGTTCT,0,5274918
zapB_predicted,0.5,1,1,ACGCTCATCCCACGGTGTAA,0,5266062
zapB_predicted,0.5,1,1,ACGCGATCTGTGTGGATTAC,0,5274561
zapB_predicted,0.5,1,1,ACGCAGTCTGGAACTAATGG,0,5264411
zapB_predicted,0.5,1,1,ACGAGCTGGCCCTTTTTGAG,0,5284984
zapB_predicted,0.5,1,1,ACGACCTTCGGGGCGTGGAA,0,5283094
zapB_predicted,0.5,1,1,ACGACCATGTATTTTATTGA,0,5281495
zapB_predicted,0.5,1,1,ACGAACCCGTTATAGCGCGT,0,5278791
zapB_predicted,0.5,1,1,ACGAAACCAGCAAAGGATTT,0,5278949
zapB_predicted,0.5,1,1,ACCTTGCAAGGTCTTGCGGG,0,5273662
zapB_predicted,0.5,1,1,ACCTTGATATTCTCCTCTCC,0,5277742
zapB_predicted,0.5,1,1,ACCTGGGCAGCAGCCAAACA,0,5276779
zapB_predicted,0.5,1,1,ACCTGCATGCGCTTATAATA,0,5280309
zapB_predicted,0.5,1,1,ACCGACGGTGGTAATCGGGG,0,5271292
zapB_predicted,0.5,1,1,ACCCTTCTCGCCTTTTGCTT,0,5282578
zapB_predicted,0.5,1,1,ACCCCGCCGGGGTAACTGTA,0,5278259
zapB_predicted,0.5,1,1,ACCCCGCATAAATCCGGTTA,0,5279883
zapB_predicted,0.5,1,1,ACCATGATTACAATAGTGCA,0,5266422
zapB_predicted,0.5,1,1,ACCATACGGGGTTTTTATGC,0,5282180
zapB_predicted,0.5,1,1,ACCAGCAAGCCTTCGCTTTC,0,5278188
zapB_predicted,0.5,1,1,ACCACCCCCACTGTATTATG,0,5269811
zapB_predicted,0.5,1,1,ACCACATGACCGTTAGTTCA,0,5280631
zapB_predicted,0.5,1,1,ACCAATGTTAGTCAGCACTG,0,5272148
zapB_predicted,0.5,1,1,ACCAAGAAGGAGCCACGAGA,0,5274887
zapB_predicted,0.5,1,1,ACCAAACGCAGTTAATTTAC,0,5268281
zapB_predicted,0.5,1,1,ACATGTGATCATAGAGCTGC,0,5279611
zapB_predicted,0.5,1,1,ACATGGCACCAAATCTAGCT,0,5278377
zapB_predicted,0.5,1,1,ACATAAAACGTTCCAGAAGC,0,5283537
zapB_predicted,0.5,1,1,ACAGCGCAATGCGGCAGTCA,0,5269278
zapB_predicted,0.5,1,1,ACACTGTCATCATTGCCTTC,0,5286937
zapB_predicted,0.5,1,1,ACACGTCCGTGAACGGAAGA,0,5266805
zapB_predicted,0.5,1,1,ACACGGCCATGAACGCGTAT,0,5286868
zapB_predicted,0.5,1,1,ACACCTTTCCGCCCTTCCCT,0,5286037
zapB_predicted,0.5,1,1,ACAATCCTGTGGTCCGGGCT,0,5267392
zapB_predicted,0.5,1,1,ACAAGGAAACCTCAATACTT,0,5281947
zapB_predicted,0.5,1,1,ACAAGAGGCACGGCCGTCCC,0,5277205
zapB_predicted,0.5,1,1,ACAACCGGGTTACACCACAT,0,5270008
zapB_predicted,0.5,1,1,AATTTTGACACCGCTTCGAG,0,5271737
zapB_predicted,0.5,1,1,AATTTCTTTGAGTGCGGGAA,0,5276572
zapB_predicted,0.5,1,1,AATTCTTAGACTAACTGCGA,0,5285702
zapB_predicted,0.5,1,1,AATTATAGATAGCGGGATAT,0,5286578
zapB_predicted,0.5,1,1,AATCTTCCCAAGTGTAAAGG,0,5271215
zapB_predicted,0.5,1,1,AATCGTGAGGCACTTTGACA,0,5269676
zapB_predicted,0.5,1,1,AATCCATTTAGTCGATAAGA,0,5284992
zapB_predicted,0.5,1,1,AATCAGTGCGCCAAATCACC,0,5269815
zapB_predicted,0.5,1,1,AATAGTTAGTTTGTAGAAGA,0,5283989
zapB_predicted,0.5,1,1,AATAGTGACAGGCTTGGACG,0,5272574
zapB_predicted,0.5,1,1,AATAGCTTTTCCGCGCGCGA,0,5278024
zapB_predicted,0.5,1,1,AATAGCGCACGTAATAGAAG,0,5269449
zapB_predicted,0.5,1,1,AAGTTGGCTTCTCCGAACCA,0,5270966
zapB_predicted,0.5,1,1,AAGTTCGGACCTCCTAATAC,0,5275192
zapB_predicted,0.5,1,1,AAGTGCAGCACTAATGGAAC,0,5271142
zapB_predicted,0.5,1,1,AAGGCACCCACCCATGGGTT,0,5266359
zapB_predicted,0.5,1,1,AAGGAGGTGTTGCACTTGCG,0,5284709
zapB_predicted,0.5,1,1,AAGGAGCCTGAGGCAGACGG,0,5269098
zapB_predicted,0.5,1,1,AAGCTCTGTTGGCTTCTCAT,0,5273925
zapB_predicted,0.5,1,1,AAGCCTCCTGCTAAGGCCCT,0,5270989
zapB_predicted,0.5,1,1,AAGAGTAGCTACAGATTGAG,0,5275744
zapB_predicted,0.5,1,1,AACTCTCAAGGGCGGCCGGC,0,5285174
zapB_predicted,0.5,1,1,AACTCAAAGCTCTTCCCATC,0,5266552
zapB_predicted,0.5,1,1,AACTACAGCTCACTATCCGA,0,5267446
zapB_predicted,0.5,1,1,AACGCATGAGACGTGGTCAG,0,5280596
zapB_predicted,0.5,1,1,AACGATTCGATTTGCATTTC,0,5279498
zapB_predicted,0.5,1,1,AACCGAGGTAGAGCTGCACG,0,5284915
zapB_predicted,0.5,1,1,AACCGACCCAGGCTAAGCCT,0,5270435
zapB_predicted,0.5,1,1,AACCCATAGAGTTTACCTTC,0,5268007
zapB_predicted,0.5,1,1,AACCCAAGTAACAGTTGCCC,0,5288388
zapB_predicted,0.5,1,1,AACACATGGTCAATGTTGTG,0,5282220
zapB_predicted,0.5,1,1,AAATAGACCGTTACACCCGC,0,5286540
zapB_predicted,0.5,1,1,AAAGTAGCATGAATCGTAGC,0,5277503
zapB_predicted,0.5,1,1,AAAGGGGGGGGATAGGTAGA,0,5285104
zapB_predicted,0.5,1,1,AAAGGGACGGTTAGCCCACC,0,5285484
zapB_predicted,0.5,1,1,AAAGAGTTACGTATCGACGC,0,5286193
zapB_predicted,0.5,1,1,AAACGTGCTTGCTCGGGGTA,0,5279645
zapB_predicted,0.5,1,1,AAACGAGGAACTTTGTGTAG,0,5268441
zapB_predicted,0.5,1,1,AAACAGTCGCATCAGTCCCA,0,5264772
zapB_predicted,0.5,1,1,AAACAGGGAGTAAGCAAGTG,0,5276300
zapB_predicted,0.5,1,1,AAAATCACAGTCACTGCTCG,0,5273813
zapB_predicted,0.5,1,1,AAAAGAGGATCCGAGCATCC,0,5263030
zapB_predicted,0.5,1,1,AAAACGAGGTGTAAGTCAGC,0,5269182
zapB_predicted,1008.0,1007,0,CATTGCGACGCTTGCAGAGG,1007,5282592
zapB_predicted,958.0,957,0,GTGCGCCAGTTTAAAATCCC,957,5282106
zapB_predicted,876.0,875,0,ACGGGGCCGTAGAACAGACT,875,5278951
zapB_predicted,752.0,751,0,TCGTCTGGCCCTCCTTCGCG,751,5282169
zapB_predicted,48.0,47,0,GTCCTCAAAAGGGAATCCCA,47,5285873
zapB_predicted,40.0,39,0,TGGGGTGCTCCGCTGGGGAT,39,5282466
zapB_predicted,34.0,33,0,TCTAACGTCTTCAGCCTTTC,33,5284235
zapB_predicted,33.0,32,0,ACGACCTACCCGCAGCTAGA,32,5276987
zapB_predicted,31.0,30,0,CCGATATCGGTTGGAGGTTC,30,5288255
zapB_predicted,27.0,26,0,GGTTAATATCCGCATGTTTT,26,5264954
zapB_predicted,26.0,25,0,TGGCTATTGTGAGTATTTCC,25,5274480
zapB_predicted,26.0,25,0,GGGCTATTGACGAGTGATCA,25,5274154
zapB_predicted,26.0,25,0,GACCCGTGATTGTTAATCTA,25,5267005
zapB_predicted,25.0,24,0,GCTTGCAGACGCTGGGCGAA,24,5264592
zapB_predicted,18.0,17,0,GAAATCGCTCGAAGCATGGA,17,5283020
zapB_predicted,17.0,16,0,CCGTGACCAGTAAGTGCAAC,16,5276754
zapB_predicted,16.0,15,0,GGCACGCTTAAGTGCTACTC,15,5288342
zapB_predicted,14.0,13,0,GGAGGGACTCAAATGCGTGC,13,5286882
zapB_predicted,14.0,13,0,CGTTGTCGGTATAACACAAG,13,5286881
zapB_predicted,14.0,13,0,CAGGCTTGAGTCTAGCTGTT,13,5284795
zapB_predicted,13.0,12,0,TTCTGGCATCCATTTCCGGA,12,5285653
zapB_predicted,12.0,11,0,GATAAACCGTTCTGCCCCAT,11,5264584
zapB_predicted,12.0,11,0,AACCTCTAGAACGTGTCTCT,11,5286878
zapB_predicted,11.0,10,0,TGAGAGATTCTGGGAGGGGC,10,5282467
zapB_predicted,11.0,10,0,GTCACGAACATGGTAAGGCA,10,5276990
zapB_predicted,11.0,10,0,GCTAAGGATCTCCTCTCTTA,10,5286389
zapB_predicted,11.0,10,0,GCCCTCGGAACCCGTTACCG,10,5270304
zapB_predicted,11.0,10,0,GACGTAGACCCCCACTATGT,10,5279016
zapB_predicted,11.0,10,0,ATCGACTCAGATTGGAATCC,10,5286082
zapB_predicted,11.0,10,0,AGAGCTACTGAGAGGCTCGA,10,5283624
zapB_predicted,11.0,10,0,AATGCTTAGTAGACGTCGCT,10,5284236
zapB_predicted,10.0,9,0,TTGATGTTAACCAGCCTTTC,9,5277073
zapB_predicted,10.0,9,0,TATCGAACATTGCGCATATT,9,5269058
zapB_predicted,10.0,9,0,GTTCTGTTCCAGCGTTTCAT,9,5267938
zapB_predicted,10.0,9,0,GTATTTAAGTTGTGCCATTC,9,5283479
zapB_predicted,10.0,9,0,CGTGGGGCCACCGATTGCCT,9,5274309
zapB_predicted,10.0,9,0,CGGAATCGACGCAGTGTAAG,9,5285038
zapB_predicted,10.0,9,0,CGAGGTCATGACTATTAGCC,9,5283026
zapB_predicted,10.0,9,0,CATGTTAAGGCCGTGATCCC,9,5266169
zapB_predicted,9.0,8,0,TTGTGAGATCGGCACTTGTA,8,5284488
zapB_predicted,9.0,8,0,TTCGTCCGAGCACTTGCAGT,8,5271591
zapB_predicted,9.0,8,0,GGTTCATGTCACGGAATTTG,8,5264972
zapB_predicted,9.0,8,0,GGGTCGTTAGCAATCTGCGA,8,5267310
zapB_predicted,9.0,8,0,GCGTAGCTCGCGCTCTAACG,8,5265602
zapB_predicted,9.0,8,0,CTATTGTACGCTGGTCGATC,8,5283158
zapB_predicted,9.0,8,0,CGCGGTGGTTCTACGTCCAG,8,5276991
zapB_predicted,9.0,8,0,CAGCTGATCCTAAATTTGCT,8,5264573
zapB_predicted,9.0,8,0,AGTTGTAGGGCCTTGGAAGT,8,5282569
zapB_predicted,9.0,8,0,AGGTCACCTAATGGTTGTCT,8,5282531
zapB_predicted,9.0,8,0,AGCCGTAGAAAGCTTACGTA,8,5287832
zapB_predicted,8.0,7,0,TTTGTAGACGGCGGAGCATG,7,5283202
zapB_predicted,8.0,7,0,ACGACGACCCCAACAGGCGT,7,5271794
zapB_predicted,7.0,6,0,TTCGTGACCTGGTGGGAGGC,6,5278073
zapB_predicted,7.0,6,0,TTCATGAGACTTAGTGATAA,6,5273433
zapB_predicted,7.0,6,0,TCAGTCCGATTGTCCGCCGA,6,5274479
zapB_predicted,7.0,6,0,TATGGTTACCAATAGTTACC,6,5269875
zapB_predicted,7.0,6,0,GGGGTTATTCCCACCCTATG,6,5265048
zapB_predicted,7.0,6,0,GCTTCCGATGCCCAGTGCGT,6,5280711
zapB_predicted,7.0,6,0,GAAACGCAGTGGCACTGGTT,6,5267255
zapB_predicted,7.0,6,0,CTAGGTATAACTTGTCAGCA,6,5282043
zapB_predicted,7.0,6,0,CCCTAGTCGCAGATGGTACA,6,5287319
zapB_predicted,7.0,6,0,CATCCACGTCGCACCCACCT,6,5282171
zapB_predicted,7.0,6,0,ATGCACATACGTACGTAGGG,6,5269907
zapB_predicted,7.0,6,0,ATCGAGGTCTAATCATATAC,6,5274011
zapB_predicted,7.0,6,0,AGAAGTCCGCGGTACGTCCT,6,5281448
zapB_predicted,6.0,5,0,TTTCCAACCCGGGAATCCGA,5,5278810
zapB_predicted,6.0,5,0,TTGCATGCTCCAAGAAGATC,5,5278271
zapB_predicted,6.0,5,0,TGAGCGACAATGAGCGCGTC,5,5266102
zapB_predicted,6.0,5,0,TCTAGAGAAGCTTATAGGTC,5,5269049
zapB_predicted,6.0,5,0,TCAACTGTACTGCTTTGCCC,5,5285132
zapB_predicted,6.0,5,0,GTCCTCTCAACTTTTAGTCG,5,5276844
zapB_predicted,6.0,5,0,GTCCGGGTGGCCTATTGAGC,5,5267309
zapB_predicted,6.0,5,0,GCTCAAGCTCTAGAGCGTAC,5,5263439
zapB_predicted,6.0,5,0,GCGCTGCAGTTCTCTCCTGT,5,5279979
zapB_predicted,6.0,5,0,CTGCGGAGCAGGTTAGCGTA,5,5283879
zapB_predicted,6.0,5,0,CGCGGTACCGATGCTTTACA,5,5266747
zapB_predicted,6.0,5,0,CCGAATCATCCGAATGGGTC,5,5280802
zapB_predicted,6.0,5,0,ATACCGGCCGCCGGTCAGAT,5,5276221
zapB_predicted,6.0,5,0,ACCCATAGTAACCCCGCGCA,5,5276142
zapB_predicted,6.0,5,0,AATGCGTGGGCCAGCCGACA,5,5284184
zapB_predicted,6.0,5,0,AATACTAGGCAGCTTTCCAA,5,5282572
zapB_predicted,5.0,4,0,TTCACTATTATATGGGGCAC,4,5269047
zapB_predicted,5.0,4,0,TGTCGCGTGAAGGGACACGG,4,5267479
zapB_predicted,5.0,4,0,TGACCCATCGAGTTCCGCAG,4,5270107
zapB_predicted,5.0,4,0,TCCGGATTACCCTCGAGTCA,4,5280065
zapB_predicted,5.0,4,0,TCCAATGTTAAGCAAACGCC,4,5269516
zapB_predicted,5.0,4,0,TAACGTCGTCTTCTTACTTT,4,5282784
zapB_predicted,5.0,4,0,GTTTTCTCTCTTAAAGTCAA,4,5272368
zapB_predicted,5.0,4,0,GTTCCTTATCTCCCGGAGAA,4,5287471
zapB_predicted,5.0,4,0,GTGGTTCCTATAAATGTCTA,4,5273359
zapB_predicted,5.0,4,0,GCTCCGTGTCTCTTCAGTCC,4,5285128
zapB_predicted,5.0,4,0,GCGCAGAGCCGAGTTCCCTC,4,5271999
zapB_predicted,5.0,4,0,GCACCGGCAAACAGATAAGA,4,5265111
zapB_predicted,5.0,4,0,GAGGAAAGCGTTTTATCTCG,4,5265109
zapB_predicted,5.0,4,0,GAGAACATTTTCCCAGGTTT,4,5285393
zapB_predicted,5.0,4,0,CGTTTGAATCAATAAATCAA,4,5285284
zapB_predicted,5.0,4,0,CGTTCACGACTTTGAAGATC,4,5265321
zapB_predicted,5.0,4,0,CCATGCGACCCCGATATGAT,4,5280281
zapB_predicted,5.0,4,0,CCACGACTAAGTAGCCTTTC,4,5269203
zapB_predicted,5.0,4,0,CATATAGCCCTAATCCGGAG,4,5278255
zapB_predicted,5.0,4,0,ATTGACGACGATCTCGCTAG,4,5268101
zapB_predicted,5.0,4,0,ATTAGCAGTTTGATACATAT,4,5285791
zapB_predicted,5.0,4,0,ACCTCCGTGCGGAGAAGTGG,4,5280172
zapB_predicted,5.0,4,0,AAGCCGTACGACTGGTGGCG,4,5272045
zapB_predicted,5.0,4,0,AAAGATAAAGTCGGTGGAGT,4,5288314
zapB_predicted,4.0,3,0,TTCTATTCATCGCGATCCAA,3,5277425
zapB_predicted,4.0,3,0,TTACTGGGCTGTCGGAAGTA,3,5265850
zapB_predicted,4.0,3,0,TTACTAACGGCTCCCAGGCA,3,5281519
zapB_predicted,4.0,3,0,TGCTTTTGCAGAATCAAGTA,3,5285562
zapB_predicted,4.0,3,0,TGACTCTAAGCACCTGCCAT,3,5277609
zapB_predicted,4.0,3,0,TCTCTATGCGGCCCTTAACC,3,5281828
zapB_predicted,4.0,3,0,TCGGTCGGCGTCCGGAATGG,3,5287792
zapB_predicted,4.0,3,0,TCATATGCTAGCTTGGCCAA,3,5285654
zapB_predicted,4.0,3,0,TCAATACCCTTGTGACACCC,3,5280178
zapB_predicted,4.0,3,0,TACCCAGTTGTCGTGTACCT,3,5271929
zapB_predicted,4.0,3,0,TAAAGCGTTGTTGCGGACCC,3,5282640
zapB_predicted,4.0,3,0,GGGGATATTCTGTTGAGGGA,3,5277731
zapB_predicted,4.0,3,0,GGGAAATGCACCAATCCCCG,3,5287759
zapB_predicted,4.0,3,0,GGACACGAAAGGCGGAATCC,3,5284739
zapB_predicted,4.0,3,0,GCTCGCAGCAGGAACTTACT,3,5273321
zapB_predicted,4.0,3,0,GCGTTGAACTTATGCATCGC,3,5268185
zapB_predicted,4.0,3,0,GCAGACAGCTGAAGCCGAAC,3,5279865
zapB_predicted,4.0,3,0,GATCTAACGCTTATTGAACC,3,5268388
zapB_predicted,4.0,3,0,CTTTGTGAAATAGCTTGCAG,3,5270102
zapB_predicted,4.0,3,0,CTTATCACCTGGGAGCCCAT,3,5279100
zapB_predicted,4.0,3,0,CTGCTAAGGAATACCGCAGT,3,5277316
zapB_predicted,4.0,3,0,CGGCTTAGAGGACAAGTCCT,3,5287762
zapB_predicted,4.0,3,0,CGCTATACAGTGCAACCTCG,3,5279039
zapB_predicted,4.0,3,0,CCTCTCGGGCATTTCAAGTT,3,5286327
zapB_predicted,4.0,3,0,CCTAGTAAATGTTATGGATG,3,5282614
zapB_predicted,4.0,3,0,CCCTCGACCACTTTTGACGT,3,5284092
zapB_predicted,4.0,3,0,CCAATATTCTGCGGGGATTG,3,5278931
zapB_predicted,4.0,3,0,CACACTTTTTATACACGATT,3,5278793
zapB_predicted,4.0,3,0,CACACATTGGCTCGTCCTCA,3,5276913
zapB_predicted,4.0,3,0,ATTCTGTCCTCTACTCCCGT,3,5287431
zapB_predicted,4.0,3,0,ATGCTCAGCCACGACGACGG,3,5280282
zapB_predicted,4.0,3,0,ATGAAGCCATTATACGCTCC,3,5282138
zapB_predicted,4.0,3,0,AGTGTGAGGGATAGCCATGC,3,5276715
zapB_predicted,4.0,3,0,AGTCTACCCCATCTTTGCTA,3,5273661
zapB_predicted,4.0,3,0,AGCATCTGCAAAATTGCAAA,3,5285531
zapB_predicted,4.0,3,0,AATTCCTTGGGCGGGTCTAA,3,5276632
zapB_predicted,4.0,3,0,AATCGCGATAGAATAGTCTT,3,5275132
zapB_predicted,4.0,3,0,AAGTGGGACAGCCAGAGGGT,3,5271176
zapB_predicted,4.0,3,0,AAGTACTGCTGTTCCAATGG,3,5284833
zapB_predicted,4.0,3,0,AAAATTGTCTTATGCGGTTA,3,5268845
zapB_predicted,3.0,2,0,TTTTCAACCCGGGCGCAATA,2,5281074
zapB_predicted,3.0,2,0,TTCAGGTCCAACGAAACAAC,2,5276539
zapB_predicted,3.0,2,0,TTATCCTGTTATGGCCGTGA,2,5280071
zapB_predicted,3.0,2,0,TTAGTGAACTTTCCGCCACT,2,5271097
zapB_predicted,3.0,2,0,TTACGCATGCGCGTCTCTCG,2,5282743
zapB_predicted,3.0,2,0,TGGCTGAAGTGCCGAATTCT,2,5282100
zapB_predicted,3.0,2,0,TGCACCAGCAAGCCAGCGCC,2,5275659
zapB_predicted,3.0,2,0,TGACTGAGTCCGAAAGTGAC,2,5284493
zapB_predicted,3.0,2,0,TCGCATCACACGGCTATCCC,2,5272752
zapB_predicted,3.0,2,0,TCCACAACTTCGCCGTAGTG,2,5273191
zapB_predicted,3.0,2,0,TCATATCTGCCCTCGAACTA,2,5276578
zapB_predicted,3.0,2,0,TCAGTCGATCATTGTCCGGC,2,5277422
zapB_predicted,3.0,2,0,TCAGCACAAGTGATGGCTCG,2,5282044
zapB_predicted,3.0,2,0,TATATTTGTCCCCTTTCACC,2,5282379
zapB_predicted,3.0,2,0,TAGGCTGTCGTAGCATCAGA,2,5269130
zapB_predicted,3.0,2,0,TACGTTTCCGTTCAATACCA,2,5266565
zapB_predicted,3.0,2,0,TACAAACCGGCATAAACCGG,2,5280333
zapB_predicted,3.0,2,0,TAATGACTCCTTTGTGATGC,2,5282634
zapB_predicted,3.0,2,0,TAAATCCGACTTACACGCCA,2,5268189
zapB_predicted,3.0,2,0,GTTTCGTCCGGAAATGTCGT,2,5286262
zapB_predicted,3.0,2,0,GTGCCCAGACTGTAGGAAGG,2,5282595
zapB_predicted,3.0,2,0,GTCAAGAGGCATCTGCAACT,2,5280842
zapB_predicted,3.0,2,0,GTAGGCTTAGAGTGTTCAAG,2,5272075
zapB_predicted,3.0,2,0,GGTGCGCGGCACTGCCGCCA,2,5279732
zapB_predicted,3.0,2,0,GGGCGCATCAACGTGTGTGC,2,5266756
zapB_predicted,3.0,2,0,GGCAAGGAATCCAACGGCGA,2,5276151
zapB_predicted,3.0,2,0,GGAAGCGTTAATTCAAGTAT,2,5284552
zapB_predicted,3.0,2,0,GCTTCACATACGTGGCAGTG,2,5285784
zapB_predicted,3.0,2,0,GCCGTCGCTATGCAGTATAA,2,5276247
zapB_predicted,3.0,2,0,GCCCCGTGTACCATCGGGCT,2,5271978
zapB_predicted,3.0,2,0,GCCCAACAGGAGGAACAGGA,2,5274713
zapB_predicted,3.0,2,0,GCCAGCATAAAACGACTTAG,2,5263337
zapB_predicted,3.0,2,0,GCATCAAGATCTTAGTAATT,2,5282465
zapB_predicted,3.0,2,0,GCAGGGTTAAAACCATCTAT,2,5263782
zapB_predicted,3.0,2,0,GCAATGAAGCAGTCATGCAT,2,5270763
zapB_predicted,3.0,2,0,GATTAATAGAGTTGGATCAG,2,5266001
zapB_predicted,3.0,2,0,GACTAAGATCATCCAGCGGC,2,5275245
zapB_predicted,3.0,2,0,CTGTTAAGAGCGGACAGGCG,2,5277795
zapB_predicted,3.0,2,0,CTGCGTTCCCATTTCAGGAC,2,5287160
zapB_predicted,3.0,2,0,CTCATCCAACGTGTGATTAT,2,5284445
zapB_predicted,3.0,2,0,CGTACAACCAACCCAGTGCA,2,5265964
zapB_predicted,3.0,2,0,CGGTGCGAAAGCGCTGTCGA,2,5272816
zapB_predicted,3.0,2,0,CGGGTTACGCGGGTGCAGGG,2,5271038
zapB_predicted,3.0,2,0,CGGCTCCGAACGTTTCGGGA,2,5274847
zapB_predicted,3.0,2,0,CGGAATTGTCCCATAAATTC,2,5278892
zapB_predicted,3.0,2,0,CGCACCCGGATTAGGTGAAG,2,5270415
zapB_predicted,3.0,2,0,CGACGTTTGTTACTCCACTA,2,5273598
zapB_predicted,3.0,2,0,CGACGTGCAATTCGTTCCGC,2,5272714
zapB_predicted,3.0,2,0,CGACCTACGCCCTTCAGTGA,2,5265212
zapB_predicted,3.0,2,0,CCTAGACAAAACCAGGTCGG,2,5263532
zapB_predicted,3.0,2,0,CCCGTTCTCTCCGGGGCTGC,2,5270702
zapB_predicted,3.0,2,0,CCACACTTTCACTCTTATAG,2,5269244
zapB_predicted,3.0,2,0,CATAGTATACGTCTACCGAA,2,5287058
zapB_predicted,3.0,2,0,CACGTTCTACATGGTAGGAG,2,5277867
zapB_predicted,3.0,2,0,CACATTTTAATCGGTTCGAC,2,5270468
zapB_predicted,3.0,2,0,CAACTTTGAAAGATGGCTGT,2,5269735
zapB_predicted,3.0,2,0,ATACGTGTCTCAACATCATC,2,5270546
zapB_predicted,3.0,2,0,ATAAGTTATGGCTATCTTGA,2,5274090
zapB_predicted,3.0,2,0,AGTTTCTTGGCCGGAGGGTT,2,5271017
zapB_predicted,3.0,2,0,AGTTGCTTTACTTATAGCCC,2,5269865
zapB_predicted,3.0,2,0,AGCAAACTGGCAGTCTTCGG,2,5281330
zapB_predicted,3.0,2,0,ACGAGTACAAGTTTTTGCTC,2,5264237
zapB_predicted,3.0,2,0,ACCTGGGATGCACCATTTTG,2,5268395
zapB_predicted,3.0,2,0,ACCCAGTCGCAGACGCCGTT,2,5284170
zapB_predicted,3.0,2,0,ACCCACTACAGTGATTTAGA,2,5284846
zapB_predicted,3.0,2,0,ACAGGGATATGGAGAGGCCG,2,5278689
zapB_predicted,3.0,2,0,AAGAGTGCGGTGGGGTTGCT,2,5277084
zapB_predicted,3.0,2,0,AAATCTCACGGTTGAGATAC,2,5286106
zapB_predicted,2.0,1,0,TTTGTAGGTGGGGCGGGCAT,1,5280180
zapB_predicted,2.0,1,0,TTTGGGCGCTTTCGTTCCTT,1,5263535
zapB_predicted,2.0,1,0,TTTAAATCCAATGATGCCCT,1,5272098
zapB_predicted,2.0,1,0,TTGGCATCCGCACACGGTTT,1,5263389
zapB_predicted,2.0,1,0,TTGCAGGCTCCTCTCCGCCT,1,5272662
zapB_predicted,2.0,1,0,TTCACGACAAAAACAATGGA,1,5287066
zapB_predicted,2.0,1,0,TTATTAGAGCAACCTTCTAG,1,5271732
zapB_predicted,2.0,1,0,TTATAATCCGGGGTAGGCTC,1,5274962
zapB_predicted,2.0,1,0,TGTTACAATTACATCCGGAT,1,5268638
zapB_predicted,2.0,1,0,TGTAGCCATTGCGCAACGGC,1,5277691
zapB_predicted,2.0,1,0,TGGTGATGTCGGACATTGGC,1,5270697
zapB_predicted,2.0,1,0,TGCTAACAAAGCCTCATCCC,1,5266564
zapB_predicted,2.0,1,0,TGCGTGTAACCTTTAGTTCC,1,5282638
zapB_predicted,2.0,1,0,TGACCGGAACGCCTGAACCA,1,5284649
zapB_predicted,2.0,1,0,TCTATATTTGCCTGCCACTC,1,5272782
zapB_predicted,2.0,1,0,TCCGAGTTACTGCTGGTAAT,1,5287845
zapB_predicted,2.0,1,0,TCCCAGGCCTTTCTCCGAGT,1,5282201
zapB_predicted,2.0,1,0,TCATTCATGGTTCCGGGGCT,1,5279251
zapB_predicted,2.0,1,0,TCATACGAACCAACAACTTG,1,5282889
zapB_predicted,2.0,1,0,TCACCAGCCATCACCCTGCA,1,5279775
zapB_predicted,2.0,1,0,TATTTGCGAGCACGCGCCCC,1,5271835
zapB_predicted,2.0,1,0,TATAGGGCGGGGTGATCACA,1,5272236
zapB_predicted,2.0,1,0,TAGGGAGACTGGGTCACTGT,1,5274886
zapB_predicted,2.0,1,0,TAGACAACGGCGATCGTTTT,1,5274718
zapB_predicted,2.0,1,0,TACTTTCACAGGCACTGAAC,1,5277449
zapB_predicted,2.0,1,0,TACGTGAGGCGGCCCATTAC,1,5286980
zapB_predicted,2.0,1,0,TACGGCAAGAAGATACTTAA,1,5272677
zapB_predicted,2.0,1,0,TACGCGCGGGAGAGAGCTAC,1,5280454
zapB_predicted,2.0,1,0,TAATCCTAGAAAGTGGATTA,1,5283778
zapB_predicted,2.0,1,0,TAATAGCGATAGACGGGCAG,1,5271770
zapB_predicted,2.0,1,0,TAATACTATTAAGTAGGATG,1,5280494
zapB_predicted,2.0,1,0,GTTGTAGGCCGACACCTTTG,1,5263415
zapB_predicted,2.0,1,0,GTTGATTCGCGAGGTAATGC,1,5272558
zapB_predicted,2.0,1,0,GTGGAATGGACAGAGTCGTG,1,5270104
zapB_predicted,2.0,1,0,GTGAATCACGCTGTGCCCAG,1,5285440
zapB_predicted,2.0,1,0,GTGAAGACGTCTCACCTTAA,1,5271397
zapB_predicted,2.0,1,0,GTCTCGAGGAAAGTGGCGAT,1,5264586
zapB_predicted,2.0,1,0,GTCCCGGCGAACAAATTCTC,1,5266388
zapB_predicted,2.0,1,0,GTCACATATTCTGGAAACCC,1,5266655
zapB_predicted,2.0,1,0,GTCAAGTGTTAGGAGCGCCC,1,5268752
zapB_predicted,2.0,1,0,GTAGCGCCCGCCTTGTCCTT,1,5286103
zapB_predicted,2.0,1,0,GTACATCGCAAGTTCGATGT,1,5276986
zapB_predicted,2.0,1,0,GTAACCCTCCTTACGCCCGG,1,5274683
zapB_predicted,2.0,1,0,GGGCTACCTTGTGGTGTTCA,1,5284422
zapB_predicted,2.0,1,0,GGGATGTCGGCGTGACCGGG,1,5267472
zapB_predicted,2.0,1,0,GGCGATACCCTCGGTTTGTG,1,5272112
zapB_predicted,2.0,1,0,GGCACCACGATGCGTGTTGT,1,5283619
zapB_predicted,2.0,1,0,GCTGAATGCGGATATCAGAT,1,5281520
zapB_predicted,2.0,1,0,GCTACAAGAGCGTAACTGTT,1,5280576
zapB_predicted,2.0,1,0,GCCTTACGCACTTAGGTGGA,1,5267674
zapB_predicted,2.0,1,0,GCCGTACGCGGGTGGAGACT,1,5282039
zapB_predicted,2.0,1,0,GCCGAGACAAGGGCAGTAAA,1,5274624
zapB_predicted,2.0,1,0,GCAGCATGGGCGAATGTCCC,1,5283348
zapB_predicted,2.0,1,0,GATAGCTAAACTTCTAACCT,1,5264510
zapB_predicted,2.0,1,0,GATAGAGCACCCGCACCAGC,1,5287326
zapB_predicted,2.0,1,0,GATAAACGGGAAAATGCGAA,1,5275039
zapB_predicted,2.0,1,0,GAGTCCTTCGCTTTGGGGCT,1,5287222
zapB_predicted,2.0,1,0,GAGCTCTTATAGAACACTGG,1,5269594
zapB_predicted,2.0,1,0,GACGCTTGCTATCAGTTGAC,1,5264935
zapB_predicted,2.0,1,0,GACAAAATTCTTGTGGGCGG,1,5276995
zapB_predicted,2.0,1,0,GAATTCGTAGGATTTAGTGT,1,5268376
zapB_predicted,2.0,1,0,GAAAGGCTGATCGTGTCAAG,1,5270912
zapB_predicted,2.0,1,0,CTTATCTCGACTGCGGTAAC,1,5283425
zapB_predicted,2.0,1,0,CTGTCTCTTAAGTCCGTATT,1,5265881
zapB_predicted,2.0,1,0,CTGCCATATCTTTAGAACCA,1,5271449
zapB_predicted,2.0,1,0,CTGCAGACCGTGCCCCAGCG,1,5263449
zapB_predicted,2.0,1,0,CTCGGTACAACAGCCCAATA,1,5271015
zapB_predicted,2.0,1,0,CTAGTAAACCGGACGCACTT,1,5286924
zapB_predicted,2.0,1,0,CTACCGCAGTCTAAATTTCC,1,5281656
zapB_predicted,2.0,1,0,CGTCGGATGTAATGCGTTGT,1,5269936
zapB_predicted,2.0,1,0,CGTAATTCGAAACTTCCAAA,1,5267796
zapB_predicted,2.0,1,0,CGGTTTAATTAACTATTTTG,1,5269816
zapB_predicted,2.0,1,0,CGGTGGGATGCAACCTATTT,1,5286678
zapB_predicted,2.0,1,0,CGGGGTTGGTCACGATGTAA,1,5273664
zapB_predicted,2.0,1,0,CGCTTTCTTCCGTTTCAACT,1,5283511
zapB_predicted,2.0,1,0,CGCCCTCGAGGCCCGATCGT,1,5286392
zapB_predicted,2.0,1,0,CGCAATGCAGGGCAATAGAA,1,5268728
zapB_predicted,2.0,1,0,CGATTGGTGAGACCCCTCAA,1,5274089
zapB_predicted,2.0,1,0,CGATAGTATAAATTTGTCTA,1,5273233
zapB_predicted,2.0,1,0,CGAACTTTTTTATTGATTGA,1,5270987
zapB_predicted,2.0,1,0,CCTTCCGTTTAGGAGAAATT,1,5274388
zapB_predicted,2.0,1,0,CCGGTTATTCTTTTCACGCC,1,5268164
zapB_predicted,2.0,1,0,CCGGCGTAGATGTTAAGTTG,1,5277835
zapB_predicted,2.0,1,0,CCCTGACTCGAGGTCTTAGT,1,5275704
zapB_predicted,2.0,1,0,CCAGATTGCTGGATAGACTG,1,5267569
zapB_predicted,2.0,1,0,CCACAACGGATGCGTGTGGA,1,5264793
zapB_predicted,2.0,1,0,CATTACGAGAGCATGGTCGT,1,5282540
zapB_predicted,2.0,1,0,CATAGTACCCATCCAATGTA,1,5274865
zapB_predicted,2.0,1,0,CAGTAGACCTTCGGTAAGCT,1,5283452
zapB_predicted,2.0,1,0,CAGGATCATTTGTAGGGGGT,1,5288139
zapB_predicted,2.0,1,0,CAATGTTATCGGAAACCTTA,1,5263224
zapB_predicted,2.0,1,0,CAAGCGCTCGCTCATTTTGT,1,5264992
zapB_predicted,2.0,1,0,CAAGCGCGGCCCCCTCGAGC,1,5267739
zapB_predicted,2.0,1,0,CAAGACTCAAGGCCTACCAC,1,5266086
zapB_predicted,2.0,1,0,CAACAACAAGTGTTTACGTT,1,5286419
zapB_predicted,2.0,1,0,ATTGCACATTCAACCCTTAA,1,5266345
zapB_predicted,2.0,1,0,ATTCTTGTCTCCTTCTAGTG,1,5271049
zapB_predicted,2.0,1,0,ATTCAATCTGTACGAACCTT,1,5277829
zapB_predicted,2.0,1,0,ATGGTGACTCCACCGAGGTT,1,5275735
zapB_predicted,2.0,1,0,ATGCGCAAAGAACATTTCAT,1,5281040
zapB_predicted,2.0,1,0,ATCTGGCCTGCTACGTGTCG,1,5265296
zapB_predicted,2.0,1,0,ATATTGTGAGTTTAAAAAGG,1,5281349
zapB_predicted,2.0,1,0,ATATGATAGTTGAACGGACT,1,5270529
zapB_predicted,2.0,1,0,AGTTCTATCGAATTAATGGT,1,5264385
zapB_predicted,2.0,1,0,AGTGGATGAGGATCGGGATA,1,5287492
zapB_predicted,2.0,1,0,AGGTGGGCTGTGGTCAAAAA,1,5271434
zapB_predicted,2.0,1,0,AGGCTATCTGAAGCGCACCT,1,5266140
zapB_predicted,2.0,1,0,AGGCCAGGGTAACCACGGGT,1,5283371
zapB_predicted,2.0,1,0,AGGAGTCACTAGGGCTTCCC,1,5288138
zapB_predicted,2.0,1,0,AGCTTCGTAGAAAAAAAAGC,1,5285936
zapB_predicted,2.0,1,0,AGCGTGAAAGTCTGGACCTG,1,5276412
zapB_predicted,2.0,1,0,AGCAGCCCCGCCTGATTGAT,1,5274307
zapB_predicted,2.0,1,0,AGACTTTGTCGAACTGCGCT,1,5264871
zapB_predicted,2.0,1,0,AGACCGATTATCTATGCTCA,1,5286733
zapB_predicted,2.0,1,0,ACTGACAGGTATCCTTTTAC,1,5271463
zapB_predicted,2.0,1,0,ACTCTTTATCACCCACGCCC,1,5285119
zapB_predicted,2.0,1,0,ACGGTTATTGCCTTTTCGTA,1,5273432
zapB_predicted,2.0,1,0,ACGAGATTAGAAAACCGACT,1,5282471
zapB_predicted,2.0,1,0,ACCTGAATAGGGATGTATGT,1,5265060
zapB_predicted,2.0,1,0,ACCGCCCTGCACGGAGCTCT,1,5286662
zapB_predicted,2.0,1,0,ACCCTGACTGTAAGGCCTCT,1,5266714
zapB_predicted,2.0,1,0,ACCACACGTCAACCCTCTGG,1,5281617
zapB_predicted,2.0,1,0,ACATTTGTAAGGCGTCCGCG,1,5266602
zapB_predicted,2.0,1,0,ACAGTTTGGAGGATAACGCT,1,5266396
zapB_predicted,2.0,1,0,ACAGTAGAGAAAAGAACTAT,1,5271994
zapB_predicted,2.0,1,0,ACACTGAGGTCTTAGATTCC,1,5274028
zapB_predicted,2.0,1,0,ACACCTCTAGACATCTGTCG,1,5265282
zapB_predicted,2.0,1,0,AATCCTTTGCTCACATTTTA,1,5282474
zapB_predicted,2.0,1,0,AAGTCTCTGATTTAGGAGGG,1,5264612
zapB_predicted,2.0,1,0,AAGGGCATGGAAATCGCCTC,1,5274414
zapB_predicted,2.0,1,0,AAGGGACGCCCCGTGTATAG,1,5277814
zapB_predicted,2.0,1,0,AACTAACGTGGTAGTTCTTA,1,5282863
zapB_predicted,2.0,1,0,AACTAAACTATTAAAAAGAA,1,5268437
zapB_predicted,2.0,1,0,AACCGGCTGAACTTTAATGT,1,5277176
zapB_predicted,2.0,1,0,AACCCAAGCAAATGTCAATG,1,5274109
zapB_predicted,2.0,1,0,AAATTCTGCAATTTCCTGGA,1,5277630
