name,relative_counts,ct,ct_0,barcode,ct_1,barcode_ind
ftsKp2,0.018957345971563982,213,210,GCCTTATACGCTCCATACAC,3,1242337
ftsKp2,0.6162162162162163,297,184,AAAGCGATTGTTGCAAATTG,113,1239391
ftsKp2,0.7094594594594594,251,147,GGCCTTCACTCAACGGCTAT,104,1239406
ftsKp2,1.5257731958762886,243,96,GTCCAAGTACGCAGTGGGCA,147,1239447
ftsKp2,0.8068181818181818,157,87,GCATCCTGAAACAGCCACAT,70,1239427
ftsKp2,0.023809523809523808,84,83,GCTTTGCGTCGTTGACGATC,1,1239538
ftsKp2,1.3170731707317074,188,81,TGTCATGACGGTAGGTAGGA,107,1252255
ftsKp2,5.181818181818182,474,76,GTATTGCATATCGGCATCCA,398,1257414
ftsKp2,0.027777777777777776,72,71,CCCAGACTTTAGTAGAATCA,1,1239324
ftsKp2,0.03278688524590164,61,60,CATACAGCCCTGAGTTTGGA,1,1239509
ftsKp2,0.03333333333333333,60,59,AGAGCATAAACGTTCGCTGA,1,1254959
ftsKp2,0.9830508474576272,115,58,TTCAGGGTGTCGCTCGATAT,57,1239558
ftsKp2,0.038461538461538464,52,51,ACACGTGGGTTAGAGGCTAC,1,1241815
ftsKp2,0.061224489795918366,50,48,TCTCTACATCTGGCGGAAGA,2,1269080
ftsKp2,2.5106382978723403,163,46,TGAGTAGGGCAGAATTTCCG,117,1248908
ftsKp2,2.1136363636363638,135,43,GCACGTATCATTGCTTTAGT,92,1241463
ftsKp2,0.046511627906976744,43,42,TTCGAGTTTCAATGTGACAA,1,1241668
ftsKp2,0.046511627906976744,43,42,TAGCGGCGACATGGAGTCTC,1,1264011
ftsKp2,0.047619047619047616,42,41,CGAAATTGATCGGAGGGAAT,1,1240149
ftsKp2,0.047619047619047616,42,41,ATCACACGTCGTATATGCGT,1,1243575
ftsKp2,0.047619047619047616,42,41,ACGTACGGAATAGTTAATTA,1,1241066
ftsKp2,5.2682926829268295,255,40,TCCCATTACAATTATAATTT,215,1243779
ftsKp2,0.07317073170731707,42,40,AGCTGGGTTGCGCAACATTA,2,1240178
ftsKp2,0.05263157894736842,38,37,CCCTGCAACCGACCTGGGAT,1,1257097
ftsKp2,3.142857142857143,143,34,GGGTACACAGGTCAAAGCTG,109,1242371
ftsKp2,0.08571428571428572,36,34,GAATCGCGTTAGAGTAATTC,2,1243223
ftsKp2,3.342857142857143,150,34,CAGGCGCATTCGCAGGAGCA,116,1243103
ftsKp2,0.058823529411764705,34,33,GTATAAAACTTTCCCCGTTT,1,1239835
ftsKp2,0.08823529411764706,35,33,AATGGGAGTCCGTGGCGTGC,2,1242722
ftsKp2,0.06060606060606061,33,32,GCTATTCAAAGCCTGATGCA,1,1249835
ftsKp2,1.4242424242424243,78,32,CCTATTTCCGTCGGTCACAA,46,1240727
ftsKp2,3.090909090909091,133,32,CCCCCGGCCTTACACAAAAG,101,1239373
ftsKp2,3.3125,136,31,TACGGCAGACAACACGCAGT,105,1258011
ftsKp2,5.625,210,31,GTCATGCGCGATGAATTGCT,179,1243999
ftsKp2,2.875,122,31,GGGCCATATTATAATTTTTT,91,1250661
ftsKp2,1.6875,84,31,CGTCACCTGGAGTGGGATTG,53,1254746
ftsKp2,2.5483870967741935,108,30,TGCGGGGGGGACCTGTAAGT,78,1248576
ftsKp2,3.064516129032258,124,30,TCCTCGGATAACGGCATTAG,94,1247901
ftsKp2,2.4516129032258065,105,30,GCGGCCTCGGATCAACAGTT,75,1249900
ftsKp2,0.06451612903225806,31,30,AAGAGCAGTGTATGAAGCGA,1,1247570
ftsKp2,0.06666666666666667,30,29,GTTTTCAGGGAGTCCTATCA,1,1258407
ftsKp2,0.06666666666666667,30,29,GCGCACCACTAAAGGAAAAA,1,1242012
ftsKp2,2.1,91,29,GAAACTTAGCTCTGGTACCT,62,1261206
ftsKp2,0.06666666666666667,30,29,CAAAAGTGGCGGTTGCTCGA,1,1253544
ftsKp2,0.06666666666666667,30,29,AGCGTTGAGGCTCAGGATTA,1,1254350
ftsKp2,0.13793103448275862,31,28,TGTAATTACACAAGGTTCCG,3,1250915
ftsKp2,0.06896551724137931,29,28,GTTCTAAGGGTGAATTATCG,1,1242040
ftsKp2,3.0,114,28,GTGTTACCCTGCACGTAGAC,86,1249819
ftsKp2,1.103448275862069,59,28,GGACTACAACTATCCCAGAT,31,1269067
ftsKp2,0.06896551724137931,29,28,CTGAGCAGATTTCGACTTGA,1,1246033
ftsKp2,3.9655172413793105,142,28,CGTGCTGTGCGGCCAAGGCA,114,1252125
ftsKp2,4.068965517241379,145,28,ATGAATTCCTGACGCGCATC,117,1240197
ftsKp2,0.07142857142857142,28,27,TCGGGCTCTACACGGGATCT,1,1245469
ftsKp2,2.9642857142857144,109,27,CCTGTGTTATAACCCCGGAT,82,1263392
ftsKp2,3.0,110,27,ACCCTCTCATGTCGTACGGT,83,1244972
ftsKp2,11.481481481481481,335,26,TTTTAACCGTTGGTACGGAC,309,1251808
ftsKp2,7.074074074074074,216,26,GTGATTCTGCATGGGGGATT,190,1257810
ftsKp2,11.11111111111111,325,26,GACAGGTGAGTCCGTGATTC,299,1255693
ftsKp2,4.777777777777778,154,26,CCGCAGTGCTTGCGACCGAT,128,1265995
ftsKp2,3.111111111111111,109,26,AGATCGACGATGTCGTCCAC,83,1252781
ftsKp2,0.07407407407407407,27,26,ACTGCACACCGTCGGAGCTT,1,1259197
ftsKp2,0.07692307692307693,26,25,TTCGGAAATATGTTGGACTG,1,1240922
ftsKp2,3.230769230769231,108,25,GCACACAGCGGATAAGTGGC,83,1248612
ftsKp2,0.07692307692307693,26,25,CTTCTCGTGGAGAATCCACG,1,1241432
ftsKp2,0.07692307692307693,26,25,CAAAGACGCTTTCATGAATA,1,1247204
ftsKp2,0.07692307692307693,26,25,ACTATACTACGCGGCGCCAG,1,1264823
ftsKp2,1.1538461538461537,54,25,ACACTCAGGCGCTGGGGTGA,29,1259636
ftsKp2,0.07692307692307693,26,25,AACCCTGGGGTACAACGTGT,1,1242731
ftsKp2,1.12,51,24,TGCCAGCTACACTTCATTTG,27,1240852
ftsKp2,2.0,73,24,TCCCGTGACCCCGGGTAAGA,49,1245414
ftsKp2,4.56,137,24,CTGGCTTCCCGTGTCGATTA,113,1251073
ftsKp2,0.12,26,24,CGGGTATGGATTCAACTATT,2,1253282
ftsKp2,0.08,25,24,AGAGCCAGCGGACCAGGGAA,1,1241493
ftsKp2,0.08,25,24,ACTCGGTATAGTAATCAGCT,1,1257825
ftsKp2,8.458333333333334,225,23,TTGTGCACAGTAAATTGCAA,202,1248974
ftsKp2,2.5416666666666665,83,23,GGTGTCCATGTGCATTGTCA,60,1248744
ftsKp2,0.08333333333333333,24,23,CTTGAGATGACGCTGTGAAA,1,1240956
ftsKp2,2.4583333333333335,81,23,CATGTCACAGCTGTTACGAC,58,1242925
ftsKp2,0.125,25,23,AGGCACTTATAGCCCGTGGG,2,1243947
ftsKp2,1.0416666666666667,47,23,AATTTGAAAGTGGCTATGCT,24,1260035
ftsKp2,3.130434782608696,93,22,GAGTGTCACAGAACTGCTAG,71,1242342
ftsKp2,0.08695652173913043,23,22,CAGTATCTCCCATTAGGGTA,1,1255727
ftsKp2,0.08695652173913043,23,22,ATGGCTTAATACGAACGTAA,1,1260761
ftsKp2,3.6956521739130435,106,22,ATAAGCCAGGTTCGATACGG,84,1270877
ftsKp2,5.0,136,22,AGATGGGTTCATGTAGGGGT,114,1241435
ftsKp2,4.869565217391305,133,22,AGACAACGCAGGCCAATGAT,111,1244814
ftsKp2,0.09090909090909091,22,21,TCTTACCCATACTGGGGAAT,1,1267865
ftsKp2,4.636363636363637,122,21,GGAGATGGACGTATTCGCCT,101,1245127
ftsKp2,0.09090909090909091,22,21,GCCACTAATTCGCAAGGGGT,1,1253690
ftsKp2,0.09090909090909091,22,21,CCTCACGATCTAAGACACTG,1,1266215
ftsKp2,5.5,141,21,ATCTCCGGCCGAAAGAAGAA,120,1253487
ftsKp2,8.272727272727273,202,21,ACTGAAGTTAGGGGCATCTC,181,1247796
ftsKp2,0.09090909090909091,22,21,AATGACTGCCCAATTCCCTT,1,1242467
ftsKp2,0.14285714285714285,22,20,TGGAGCAACCAGACCCCGGT,2,1254544
ftsKp2,0.09523809523809523,21,20,TACGTCCCGGTAAGGGAAAG,1,1242721
ftsKp2,0.09523809523809523,21,20,TACAGAAACAGGCTAGGCGT,1,1256649
ftsKp2,4.285714285714286,109,20,GCCGTTAGAGCCGGCCAAAT,89,1248485
ftsKp2,4.095238095238095,105,20,CGGCCCCTTCAAATTTAAAA,85,1256303
ftsKp2,5.523809523809524,135,20,AGTGCGGCTCCGGTCACATG,115,1261807
ftsKp2,5.619047619047619,137,20,ACCGCAGGCATTCATGGCAT,117,1255413
ftsKp2,0.15,21,19,TTAAAATATTCCCTGCATGT,2,1260023
ftsKp2,0.4,26,19,TAAACATGGTAGGTGTAGGT,7,1259586
ftsKp2,5.1,120,19,GGCACCGGTCCCTCTCACTG,101,1266737
ftsKp2,4.55,109,19,GCGCAATCCCGCTGATTCAG,90,1245963
ftsKp2,0.1,20,19,GCGACCACCGTGTGTCCAGA,1,1257067
ftsKp2,3.75,93,19,GACCTACATCGCGTGTCGTA,74,1241753
ftsKp2,0.1,20,19,CTCAGTACCGTTGGTGCCAC,1,1244175
ftsKp2,0.1,20,19,CTCAGCGCGAGGCTAGGGCA,1,1269472
ftsKp2,0.1,20,19,CCACTTATTAATCTAGGGCG,1,1245684
ftsKp2,0.1,20,19,ATGGTAGTCGTAGACCGACA,1,1239841
ftsKp2,5.157894736842105,115,18,TTGCCCATCACCAAGACTGA,97,1246924
ftsKp2,0.10526315789473684,19,18,TTCAAAGCGCAATGACCATA,1,1251356
ftsKp2,2.9473684210526314,73,18,TCCACGGCTACTTTCATCAA,55,1251260
ftsKp2,0.15789473684210525,20,18,TAACGGCACAGACTTGCATG,2,1253686
ftsKp2,0.15789473684210525,20,18,GCTTTAAACCGGGTCAATCG,2,1240891
ftsKp2,5.684210526315789,125,18,CTTATCGGTTGGCCCATAGT,107,1261484
ftsKp2,5.947368421052632,130,18,CTACGCGCTGAGTTGTAGAT,112,1252614
ftsKp2,5.2105263157894735,116,18,CGAAGATGGTTCTACTCCTC,98,1262153
ftsKp2,4.2105263157894735,97,18,AGTCTTAATGGAGACTTACT,79,1246585
ftsKp2,3.473684210526316,83,18,AGCCCTGAACATGAAAAAAA,65,1261234
ftsKp2,5.105263157894737,114,18,AAGTAGTCGATTGGTCTCCC,96,1260008
ftsKp2,8.421052631578947,177,18,AAAGGCAGGATCCGATGTTT,159,1249499
ftsKp2,5.2631578947368425,117,18,AAAAGAATATGGGCAAAACC,99,1243965
ftsKp2,5.444444444444445,114,17,TACGTAGGGGTTAAAGTCTA,97,1257187
ftsKp2,6.333333333333333,130,17,GTATGAAACGGGGGCCTCCA,113,1243295
ftsKp2,0.1111111111111111,18,17,GCTCCAAGTCCACCTCAACT,1,1251484
ftsKp2,2.9444444444444446,69,17,GCGTCTGGAATAATTCACTA,52,1253965
ftsKp2,5.777777777777778,120,17,GATCGATGAATATGTTATGT,103,1249219
ftsKp2,8.666666666666666,172,17,GAGTTCTTTGAGATGTCTGT,155,1253776
ftsKp2,4.611111111111111,99,17,CCTGCACATGGGCATGGAAA,82,1243490
ftsKp2,5.277777777777778,111,17,CCGGAACGGGATGGACTCTT,94,1259211
ftsKp2,0.1111111111111111,18,17,CATTAAACGGTACTCCTGAC,1,1265451
ftsKp2,4.722222222222222,101,17,ATGCCCCGATCGGAACATAT,84,1269111
ftsKp2,6.833333333333333,139,17,ATACACCGGGCTTACCAGCT,122,1261823
ftsKp2,5.277777777777778,111,17,AGCGCTCTGGACTCTTGTTC,94,1244385
ftsKp2,0.1111111111111111,18,17,ACGTTCCGCGGTTCTTAACA,1,1264286
ftsKp2,4.444444444444445,96,17,ACGAGATCGGTAACCTGGTT,79,1244265
ftsKp2,0.16666666666666666,19,17,ACCAACAACAGGGGCTCTAC,2,1265740
ftsKp2,0.1111111111111111,18,17,ACACCTGTTGTAACCCCGGG,1,1240951
ftsKp2,0.11764705882352941,17,16,TTGTACCGTTCCCATCCACA,1,1246364
ftsKp2,0.11764705882352941,17,16,TCAAATGATACCGAGCGAGG,1,1255348
ftsKp2,5.0,100,16,TAGGCCGGACTGGGGTCTAG,84,1268075
ftsKp2,0.11764705882352941,17,16,GGGTGTAGATAGAGAGGCAT,1,1267972
ftsKp2,0.11764705882352941,17,16,GCTCATAGGAGCTTGAAACT,1,1253423
ftsKp2,5.647058823529412,111,16,GATGTCTTCGGAACGCGATA,95,1241220
ftsKp2,5.764705882352941,113,16,GACTAACCCTATACTTGGAC,97,1258459
ftsKp2,0.11764705882352941,17,16,GAAGCCAAACGTTTATGAAG,1,1251286
ftsKp2,2.8823529411764706,64,16,CTTTGAAACACAAACGGGCT,48,1264690
ftsKp2,0.11764705882352941,17,16,CGTCCCGGGGCCATATCATG,1,1243727
ftsKp2,0.11764705882352941,17,16,CCATTGCGAGACCATCTAGT,1,1247401
ftsKp2,3.0,66,16,CAGATTTGTACATTCAAGAT,50,1254631
ftsKp2,0.11764705882352941,17,16,AATGTCATTCACTAGGCGTA,1,1250211
ftsKp2,9.470588235294118,176,16,AATCCGATCAAAAAATTACT,160,1264036
ftsKp2,5.470588235294118,108,16,AAGTCGTGTTAGATTTGAAC,92,1244503
ftsKp2,0.17647058823529413,18,16,AACTGGACCCGCATAATGTA,2,1247988
ftsKp2,3.0625,63,15,TGGAGCTGTAGATGAGTGAT,48,1266392
ftsKp2,5.1875,97,15,TCTGGAGTAGCGGCTGCTTA,82,1250581
ftsKp2,0.125,16,15,TCCAAAAGTTCGAGGCTATG,1,1252839
ftsKp2,10.125,176,15,GTGGATTGCACTGATATGGG,161,1240966
ftsKp2,6.0625,111,15,GCTGGATGTTCCGAGCGTCG,96,1244077
ftsKp2,3.375,68,15,GATGGCGTCCTATTATGCGC,53,1242594
ftsKp2,3.125,64,15,CTTGCCTGGGGCTCTAACAC,49,1259805
ftsKp2,5.8125,107,15,CCTCGGGGTCCCGAGAACAT,92,1250949
ftsKp2,6.8125,123,15,CCACCTTCAAGGTCCTAGTC,108,1246071
ftsKp2,5.5,102,15,CACTTAGGCCGATATGCGAC,87,1263593
ftsKp2,5.9375,109,15,CAAAGAAGCTCGGTTTTTTA,94,1263387
ftsKp2,0.125,16,15,ATCGTACCTTGTGGCTTAGA,1,1253276
ftsKp2,4.25,82,15,AGCCTCTTGCGTTCAAATTT,67,1245842
ftsKp2,6.1875,113,15,AACCCCTTTTGTGCTAGAGC,98,1246707
ftsKp2,6.733333333333333,114,14,TTGCAAACTCAGGGCGCACA,100,1259835
ftsKp2,0.13333333333333333,15,14,TGCAGTCAGGTGGTGAACCT,1,1259011
ftsKp2,0.13333333333333333,15,14,TGATCGTACTTCTTCGTGAC,1,1244444
ftsKp2,6.666666666666667,113,14,TCCCAATGTCGGCCGCGCCA,99,1267499
ftsKp2,0.13333333333333333,15,14,TATACAGTTTTTCATTTAAA,1,1264224
ftsKp2,0.13333333333333333,15,14,TACGCAGCGCATGACGATTT,1,1270878
ftsKp2,8.6,142,14,TACCGGCCCAATCACAGTAT,128,1249130
ftsKp2,0.13333333333333333,15,14,GTTCAAGTCATAGCTGTGAT,1,1252034
ftsKp2,8.6,142,14,GTGGACGCCAACGGTGGGCA,128,1264382
ftsKp2,0.13333333333333333,15,14,GTCAAGACTGCATGCGTAAA,1,1267393
ftsKp2,3.6666666666666665,68,14,GGTGGCAAAAGGAAATGTGA,54,1242732
ftsKp2,12.8,205,14,GGTACTCTACGCTCACAGAT,191,1264825
ftsKp2,0.13333333333333333,15,14,GGTACGCATTGAAACCATGA,1,1259797
ftsKp2,5.133333333333334,90,14,CTTGTCGCTACTGCAGACTT,76,1244834
ftsKp2,11.8,190,14,CTTCTACGATCCGTGTATGG,176,1254710
ftsKp2,5.333333333333333,93,14,CTGCTAAATGGTAGGAGTAA,79,1244951
ftsKp2,7.133333333333334,120,14,CTCGTAACGAACCTTTGTGG,106,1246060
ftsKp2,6.133333333333334,105,14,CTAGATGCCTTTGTCATCCT,91,1270720
ftsKp2,7.2,121,14,CGGACGTTCGACTGATGGTG,107,1250852
ftsKp2,0.13333333333333333,15,14,CCGAATCGGTATTGGTGGAT,1,1251901
ftsKp2,8.4,139,14,CAGCACCCCACAAGACCGAA,125,1262979
ftsKp2,0.13333333333333333,15,14,CAATCTGGCTTATCCGGGTT,1,1245242
ftsKp2,0.13333333333333333,15,14,ATTACTAAAGCTGAGGGGCG,1,1251631
ftsKp2,0.13333333333333333,15,14,ATCCGACTCGTCCATGACTG,1,1253320
ftsKp2,4.933333333333334,87,14,AGCGGTCAAGGTATTATTTC,73,1264844
ftsKp2,7.733333333333333,129,14,AGATGTACAAAGTTATGCCC,115,1258010
ftsKp2,0.13333333333333333,15,14,ACGACCCGACGGAGCCGTCA,1,1243385
ftsKp2,9.933333333333334,162,14,AACCCGCTATTGTGACTCGA,148,1244544
ftsKp2,3.1333333333333333,60,14,AAATTCAGTCGAGCGGCGGG,46,1254404
ftsKp2,0.13333333333333333,15,14,AAATGCCGACACGGAGTCTG,1,1262065
ftsKp2,0.2857142857142857,16,13,TTGTTCGTGTTTTCGGCTTT,3,1250632
ftsKp2,0.14285714285714285,14,13,TTGCCACCTCTCACCTACGC,1,1251637
ftsKp2,0.14285714285714285,14,13,TAATGTGGTCCTTAGTTTGT,1,1249801
ftsKp2,5.714285714285714,92,13,GTCGGGTAAGAACATTAGTA,79,1261556
ftsKp2,5.285714285714286,86,13,GTCATCTTGCGAAGTCTAAT,73,1262187
ftsKp2,8.642857142857142,133,13,CTCAGCGGGTATGTCCGACA,120,1239916
ftsKp2,0.14285714285714285,14,13,CGGGCGAGATACCTGCGAGA,1,1239734
ftsKp2,5.714285714285714,92,13,CGGCAACCTGATTAATACGA,79,1263259
ftsKp2,0.14285714285714285,14,13,CGCTGGATCTCTGGCGTGCT,1,1252617
ftsKp2,2.357142857142857,45,13,CCGACGCTAAATTGCAAATG,32,1246323
ftsKp2,0.21428571428571427,15,13,ATCCCTAAGCGTACCCAGCT,2,1243533
ftsKp2,8.0,124,13,AGCTTTCGCTTAAGTCTTGC,111,1252124
ftsKp2,7.0,110,13,ACGCTTTAAATGGGTATTCT,97,1253051
ftsKp2,0.14285714285714285,14,13,ACCTCGGATCTAGACTCCGG,1,1241582
ftsKp2,0.14285714285714285,14,13,ACCACCTCCAGTGTCGCGAG,1,1258619
ftsKp2,0.15384615384615385,13,12,TTTCTCATCCCACTTACATT,1,1257166
ftsKp2,17.384615384615383,237,12,TTCGAACTTAGCCTATTCTA,225,1243042
ftsKp2,7.0,102,12,TTACTGATAGCAGCTGCGAA,90,1240331
ftsKp2,0.15384615384615385,13,12,TGGATCTAACAAAGCGTTTA,1,1258899
ftsKp2,0.15384615384615385,13,12,TGACCTAGACCTTCTTCATA,1,1243970
ftsKp2,5.6923076923076925,85,12,TCACTTTGCGTTACTTTATT,73,1244557
ftsKp2,0.15384615384615385,13,12,GCTTGGGTGAAGTACTCTAT,1,1250459
ftsKp2,0.15384615384615385,13,12,GCATTCACGCAAAAGTGAAA,1,1248613
ftsKp2,8.076923076923077,116,12,GATATGGCCCTGTCCTCTGG,104,1240330
ftsKp2,6.0,89,12,CATGCTGTTCCCTGTTAAGC,77,1249272
ftsKp2,8.153846153846153,117,12,CACAACCTTTCCACCAAGTG,105,1266784
ftsKp2,3.4615384615384617,56,12,ATTCGGATTGCTCCTGGCGA,44,1251691
ftsKp2,8.384615384615385,120,12,ATGTACAATATCCGACCAGA,108,1244926
ftsKp2,10.384615384615385,146,12,AGTGTTCCGGGATGCCTGGG,134,1251554
ftsKp2,0.23076923076923078,14,12,AGCTTACCCGATCTTCTGAG,2,1262337
ftsKp2,0.15384615384615385,13,12,AGCGAGATCGGATTGAATAA,1,1244930
ftsKp2,7.615384615384615,110,12,AGCATAACTCACAGCGATAG,98,1258540
ftsKp2,8.615384615384615,123,12,ACGCGGAAAAACATTTCATT,111,1269156
ftsKp2,7.153846153846154,104,12,ACAAGTACGCCAGAAGTCAC,92,1242135
ftsKp2,8.307692307692308,119,12,AAGATGGGCGAACAGGATAT,107,1266489
ftsKp2,17.153846153846153,234,12,AACGCACAAGTATTAATGAC,222,1242339
ftsKp2,5.769230769230769,86,12,AAACAACCACACGTCCAAGT,74,1266632
ftsKp2,0.23076923076923078,14,12,AAAAAGGAACTGTTCCACAT,2,1242986
ftsKp2,9.833333333333334,128,11,TGTGAACTATGTCCAAGCAT,117,1252783
ftsKp2,7.083333333333333,95,11,TCGCGTGGTCAATTTTGATC,84,1239388
ftsKp2,0.16666666666666666,12,11,TATCCTGATATAGATGTTTA,1,1245982
ftsKp2,0.16666666666666666,12,11,TACGAGTTTTGCTAAGTGAT,1,1249915
ftsKp2,0.16666666666666666,12,11,GTGGAAGGTATCTTTGCTTC,1,1261795
ftsKp2,9.666666666666666,126,11,GTGCATCTGCCGTAAGTTCT,115,1251614
ftsKp2,7.0,94,11,GTCGGCGGTTAACGAGAACT,83,1240092
ftsKp2,0.16666666666666666,12,11,GTATAGGGCATAGGTCCCCA,1,1259399
ftsKp2,0.16666666666666666,12,11,GCGGGGTTTGACTTATTTGA,1,1241182
ftsKp2,9.5,124,11,GATTGCGATTAACGTGCTCT,113,1243074
ftsKp2,0.16666666666666666,12,11,GAGAGGTCGGGATGAAAGGG,1,1251921
ftsKp2,0.16666666666666666,12,11,GAACTAGAAGCCTTCTCGAT,1,1247604
ftsKp2,7.0,94,11,CTGTCTCGCACCAATGTTGG,83,1269977
ftsKp2,0.16666666666666666,12,11,CTGAAGAAAGCCTGGCACCA,1,1255187
ftsKp2,0.16666666666666666,12,11,CTCGTGATGAAGAGTCTAAT,1,1250187
ftsKp2,0.16666666666666666,12,11,CTATTTAGCCAGGCCAACTA,1,1252992
ftsKp2,0.16666666666666666,12,11,CGTAATGAGTCGGATGCGCT,1,1249662
ftsKp2,10.333333333333334,134,11,CGGCTGGCTGTACTAGAACA,123,1258687
ftsKp2,7.916666666666667,105,11,CGCTATCTGCGAGTTGGCAA,94,1245021
ftsKp2,6.5,88,11,CGCACTGAAATGCAGCAAAG,77,1254155
ftsKp2,0.16666666666666666,12,11,CCTACGGGGAGCATTGACTT,1,1240160
ftsKp2,0.16666666666666666,12,11,CAGCTAAGTACCCAAGCCTT,1,1252960
ftsKp2,0.16666666666666666,12,11,CACCATTTAGATGTTAAGTC,1,1240695
ftsKp2,7.0,94,11,ATTCAGTTCTTCATTCCGCT,83,1243477
ftsKp2,7.583333333333333,101,11,ATGCCGTTTTTGGTAGTTTC,90,1239940
ftsKp2,3.9166666666666665,57,11,AGGGCTGAGCACGGTTCTTT,46,1249032
ftsKp2,9.083333333333334,119,11,AGCGTAGGGCCGCAGCCCCA,108,1264026
ftsKp2,8.25,109,11,AGACAGGCGTATCTGTAAGA,98,1241433
ftsKp2,6.333333333333333,86,11,ACTCTAACTCTAAAAAGCGA,75,1244608
ftsKp2,0.16666666666666666,12,11,ACGGAGGGCGATCAGGGGTC,1,1248828
ftsKp2,7.7272727272727275,94,10,TTAACCCAAGTCAAAAACCT,84,1264877
ftsKp2,9.727272727272727,116,10,TCTAACGTAATTTCGTGCCT,106,1253641
ftsKp2,8.0,97,10,TCGGTTCCCTCCACAATGAA,87,1248229
ftsKp2,15.818181818181818,183,10,TCGCACTAACCTAAAGGTTG,173,1252186
ftsKp2,0.18181818181818182,11,10,TATTAACAGCGCGCAAAATA,1,1242063
ftsKp2,0.18181818181818182,11,10,TAATCTCATGTATTTGGATA,1,1251304
ftsKp2,0.18181818181818182,11,10,GTTCGGGAATTCTAGTACCA,1,1244755
ftsKp2,0.18181818181818182,11,10,GTGCTGCGCTACATCCAACG,1,1246419
ftsKp2,10.909090909090908,129,10,GTGAATTGCGGTCACGAGGT,119,1240532
ftsKp2,18.0,207,10,GTATACCTGCAGCATTTAGA,197,1255836
ftsKp2,0.18181818181818182,11,10,GGTGACTATGGACGAGTGTT,1,1256057
ftsKp2,0.18181818181818182,11,10,GGGGCTAATACGGTAGAAAA,1,1250531
ftsKp2,8.272727272727273,100,10,GCGCGGGCCGCTTACTTATT,90,1249547
ftsKp2,4.454545454545454,58,10,GCATCAGCTCGTTAATCTAC,48,1251339
ftsKp2,8.909090909090908,107,10,GAGTATCGACCTAGTTATGA,97,1267198
ftsKp2,0.18181818181818182,11,10,GAGCCTACTAAAGGTAGACA,1,1252503
ftsKp2,21.09090909090909,241,10,GAGAACCGTGCCGATGATCA,231,1268551
ftsKp2,0.18181818181818182,11,10,GAAGTATATTGCCACCAATT,1,1245415
ftsKp2,19.818181818181817,227,10,CTCTCTTATGTGTTATTGAT,217,1246749
ftsKp2,7.7272727272727275,94,10,CGCCGTGGAGGCATCTAGCT,84,1245144
ftsKp2,10.090909090909092,120,10,CCTTCCCTAGTTGGAAGCCA,110,1246564
ftsKp2,0.18181818181818182,11,10,CCTTAAAAGACAAGGGCCAT,1,1249103
ftsKp2,0.18181818181818182,11,10,CCGTCTAGGTTTGGGGTCTT,1,1247139
ftsKp2,19.181818181818183,220,10,CCGGACGAGTCTTTCGTCAT,210,1268889
ftsKp2,9.363636363636363,112,10,CCCGGAAGCCGATGAGGTAC,102,1252085
ftsKp2,8.272727272727273,100,10,CATGTGGGAAGTATTCGGAG,90,1248010
ftsKp2,0.18181818181818182,11,10,CAGCATGTTGTTTTTATCTT,1,1266396
ftsKp2,4.181818181818182,55,10,CAAAAGTTTTAGCCCAATTC,45,1268506
ftsKp2,9.181818181818182,110,10,ATGGAAGGCTTTCGAAGTAT,100,1251880
ftsKp2,0.18181818181818182,11,10,ATGCTGCGATACGAGGCTAG,1,1261370
ftsKp2,0.18181818181818182,11,10,AGATATACCCAGCACCACAT,1,1264549
ftsKp2,8.363636363636363,101,10,ACCACGCTGTATTAAGGAGC,91,1240876
ftsKp2,0.18181818181818182,11,10,ACACCCAAGGAGTCAGCATT,1,1244938
ftsKp2,0.18181818181818182,11,10,AAGCGCCAGTCGGACCCTAC,1,1255835
ftsKp2,9.454545454545455,113,10,AACGGATGCCTAGCTGTTTG,103,1263671
ftsKp2,0.2,10,9,TTGTTATCGCTTTGTTTTGG,1,1259862
ftsKp2,16.1,169,9,TTGACAGCAATGTTATATGT,160,1246122
ftsKp2,1.7,25,9,TTCCGGTTATGATTCTATTA,16,1247529
ftsKp2,0.2,10,9,TTCCATGACAGGGCCTCACA,1,1266798
ftsKp2,9.9,107,9,TGCACATGTTGTGTCCATAG,98,1262655
ftsKp2,10.3,111,9,TCGGTTGGCCAGGGTTTTGG,102,1250278
ftsKp2,8.0,88,9,TATTTTCGTACCTGCAGTCT,79,1265289
ftsKp2,12.9,137,9,TACGTGCTTAGCACCAGCGA,128,1247866
ftsKp2,9.8,106,9,GTGATCTGATAGGGTCGCAA,97,1257413
ftsKp2,10.0,108,9,GTCAGGCCGAGGTGTCCGGT,99,1242377
ftsKp2,7.4,82,9,GGCTTCTCAACCTGAAGCCA,73,1254019
ftsKp2,8.4,92,9,GGCCCCTCTTCGAAAGACTT,83,1260259
ftsKp2,13.0,138,9,GCGCCTCAGCGTCTGAATTA,129,1245736
ftsKp2,0.2,10,9,GCAGATTATATTGTTCACCT,1,1243629
ftsKp2,0.2,10,9,GAATTTCTCGTGATTGTTAT,1,1239449
ftsKp2,0.2,10,9,CTTGTATCTGATGCACTATA,1,1271058
ftsKp2,6.9,77,9,CGGGATTGATAGTAATGACA,68,1240268
ftsKp2,8.6,94,9,CGGCCGCGTACTTAAGCTCG,85,1256593
ftsKp2,10.9,117,9,CCTAAACACGGATAAGGCGA,108,1246370
ftsKp2,0.2,10,9,CCACAGCTTAGACATGGAGA,1,1262855
ftsKp2,11.7,125,9,CAAAGCGGTTTTACGGAGCG,116,1268665
ftsKp2,17.4,182,9,ATTGAACTCTTTTGCATCAC,173,1254080
ftsKp2,9.7,105,9,ATGTTATTCATCTCGAGAGA,96,1253808
ftsKp2,0.2,10,9,ATGCACCACGCACTCCAGGG,1,1240712
ftsKp2,10.6,114,9,ATACTGTGCCCTTGCCTGTG,105,1259297
ftsKp2,0.2,10,9,AGTCCGTTTCAAAGTTAACA,1,1243883
ftsKp2,0.2,10,9,AGGCAGTCGCATTCAAGACA,1,1256479
ftsKp2,0.2,10,9,AGCACACATCCCGGACGTAA,1,1263246
ftsKp2,0.2,10,9,ACGATATCTGAAATGATTAC,1,1253242
ftsKp2,8.6,94,9,ACCCGTGCTGAGTGGAGCAA,85,1242700
ftsKp2,9.9,107,9,ACAATTCGGAGTGCGTACAC,98,1253370
ftsKp2,8.3,91,9,AATGCCGTCTTCGTAGCCCT,82,1263058
ftsKp2,0.2,10,9,AAGGGGGACTATCAGGAGTT,1,1263009
ftsKp2,0.2,10,9,AAGAGGTTACGAACCGGACA,1,1262214
ftsKp2,0.2,10,9,AACCGTGAGACGCACTTATT,1,1249733
ftsKp2,19.0,178,8,TTCAAACGGGGGAGTCTCCA,170,1253404
ftsKp2,11.11111111111111,107,8,TCTCTTCTAATGGAGACCGG,99,1258521
ftsKp2,9.777777777777779,95,8,TCGGACCAGTTGGAAGTCTA,87,1250546
ftsKp2,20.22222222222222,189,8,GTTGGTGTAGGGTACGGATC,181,1245938
ftsKp2,0.3333333333333333,10,8,GTCATACAGCCTGCTGCCAA,2,1265219
ftsKp2,11.777777777777779,113,8,GGGTGGCGAAGGTATCCTCT,105,1259366
ftsKp2,11.333333333333334,109,8,GGGCTTGCGAACAACTCCTC,101,1240696
ftsKp2,0.2222222222222222,9,8,GCGGTTCCAGAACCTGTAGT,1,1246688
ftsKp2,0.2222222222222222,9,8,GCCATATGTGAAGGCTTTTC,1,1245388
ftsKp2,11.11111111111111,107,8,GAGCGACCGCCAATCCACCT,99,1257646
ftsKp2,22.0,205,8,GAGACGTAGGTTGGAGGGGT,197,1245186
ftsKp2,10.444444444444445,101,8,CTCCTTGGCTAGAACCACAT,93,1245689
ftsKp2,0.2222222222222222,9,8,CTAGTACCAACATATGTTAT,1,1251269
ftsKp2,0.2222222222222222,9,8,CGGATCAAGCACAATTTTGG,1,1257259
ftsKp2,0.2222222222222222,9,8,CGATTCCCTGCCGCCTAAGC,1,1243525
ftsKp2,0.2222222222222222,9,8,CGATAGAGGTCGGATTTATA,1,1240810
ftsKp2,5.888888888888889,60,8,CCCGTAGACGAGGTCGTAGA,52,1255370
ftsKp2,0.3333333333333333,10,8,CCCGCCTGAGTCCGGGGAGA,2,1239867
ftsKp2,10.666666666666666,103,8,CCAACCGTCCCCCTAAGATC,95,1248540
ftsKp2,11.555555555555555,111,8,CAGGCGGACTCCGTTACAAA,103,1255432
ftsKp2,0.2222222222222222,9,8,CACGTACCATTTTCGTTCCT,1,1249208
ftsKp2,5.111111111111111,53,8,ATTTAATCATGACCGATCTG,45,1250810
ftsKp2,7.555555555555555,75,8,ATGCGTTGGAGTCTTGTGTA,67,1252988
ftsKp2,22.88888888888889,213,8,ATGATGAACGGCGCTGTTGA,205,1247357
ftsKp2,0.2222222222222222,9,8,AGTTGGTTATTTCATAACTC,1,1241583
ftsKp2,10.11111111111111,98,8,AGGTATCCCGGGGTCATGAC,90,1257785
ftsKp2,21.666666666666668,202,8,AGGCATGAGCACTGGTTGCC,194,1252369
ftsKp2,0.2222222222222222,9,8,AGAAACTCCTGCTTATAACA,1,1246334
ftsKp2,11.777777777777779,113,8,ACTCTCTGAATCCCCCAGGA,105,1265089
ftsKp2,0.2222222222222222,9,8,ACGATAGCAGGGGCGGCCCT,1,1247065
ftsKp2,12.222222222222221,117,8,ACATAGCACGTTTGGTCACA,109,1250767
ftsKp2,0.2222222222222222,9,8,ACAAATAACCGTAGACGCGG,1,1256275
ftsKp2,0.2222222222222222,9,8,AACTCCTGTAGATCGGTGTG,1,1249195
ftsKp2,8.777777777777779,86,8,AACGCCAAAGAATTGGGACT,78,1259639
ftsKp2,15.125,127,7,TTGTTTTCTTTGAACGTTGA,120,1249997
ftsKp2,0.25,8,7,TGAACCCATCATTTCGAGAT,1,1266766
ftsKp2,12.625,107,7,TCATGGTCTGCTGCAAAGGC,100,1263842
ftsKp2,7.125,63,7,TCACGTATCTCTGCAGGAGA,56,1269367
ftsKp2,13.875,117,7,GGGCGTATCGCGGTTTAGAA,110,1256552
ftsKp2,8.25,72,7,GGGATGTCGAGGGGGCTTCG,65,1257586
ftsKp2,12.375,105,7,GGAAGGTCCATCAGTTCGTT,98,1240892
ftsKp2,0.5,10,7,GCCACTACAGCAACAATGGT,3,1271022
ftsKp2,0.25,8,7,GCAGACGAACACAACGGATA,1,1262808
ftsKp2,14.5,122,7,GATTGCGTCCAATTAAATCT,115,1253221
ftsKp2,9.5,82,7,GATGTCTATCGCAGCGTAAC,75,1244296
ftsKp2,13.25,112,7,GAGCTGTTCGTTGGTTCGCC,105,1262874
ftsKp2,0.25,8,7,GACAACTAAGTGGGGAGCGG,1,1243882
ftsKp2,0.25,8,7,GAATTGCGGGTGGGGAGTGA,1,1264824
ftsKp2,8.25,72,7,CTGGTATCAGATGGATAGGA,65,1243968
ftsKp2,11.5,98,7,CTCATGATGATTCGCTCATA,91,1254863
ftsKp2,0.25,8,7,CTAAGTAGGCTCACGAGCAG,1,1261131
ftsKp2,10.375,89,7,CGTTAGTTTACTACGTGAGT,82,1247569
ftsKp2,23.375,193,7,CGGCACTTCCGCCCGGTAAA,186,1248058
ftsKp2,0.25,8,7,CCGGTGAGAGTAATTATTAC,1,1264027
ftsKp2,0.25,8,7,CACTGCGAAAGTAACATAAA,1,1256719
ftsKp2,0.25,8,7,ATTGAGTTGCCCGACAGGCT,1,1264936
ftsKp2,9.625,83,7,ACTTGCATATTGGTCGAAGA,76,1258638
ftsKp2,13.25,112,7,ACTTATAGGTGCAGTAGCTA,105,1253098
ftsKp2,1.625,19,7,AATCCACCCCCGAGACCGCG,12,1242916
ftsKp2,9.0,78,7,AATACTTCAGTGTGAGTATG,71,1245311
ftsKp2,10.375,89,7,AACTCTGCTCATCGGTAGTT,82,1248340
ftsKp2,0.2857142857142857,7,6,TTTACTAGGGGGGATCCTAG,1,1256573
ftsKp2,0.2857142857142857,7,6,TTAAGGCCACTGCGTGCAAG,1,1253919
ftsKp2,14.0,103,6,TGTCCTTCCGTTGCGACAGT,97,1253125
ftsKp2,0.2857142857142857,7,6,TGGTGGAGCCCACTTACGTA,1,1259531
ftsKp2,12.571428571428571,93,6,TGGCCAAAATATCTACGTTG,87,1258524
ftsKp2,2.4285714285714284,22,6,TGCAAGTGTGGTGCCTCGGT,16,1270941
ftsKp2,0.2857142857142857,7,6,TGAGTCACCCCAGTACCCCT,1,1240740
ftsKp2,27.571428571428573,198,6,TCTCGTGCGTGTTAGGCCAA,192,1271138
ftsKp2,13.428571428571429,99,6,TATGTTTATGCACGCAGTGG,93,1250848
ftsKp2,8.571428571428571,65,6,TATGCCTCAGGATTAATGAA,59,1266785
ftsKp2,13.714285714285714,101,6,TACTCTTGACGACCTATTGT,95,1257236
ftsKp2,0.2857142857142857,7,6,TACCCCCTTTCGTATTCTAT,1,1249403
ftsKp2,15.142857142857142,111,6,TAAGTGGCGTTTTCATGCAA,105,1254134
ftsKp2,14.857142857142858,109,6,GGGTCGCTGAAGGTGTAGAA,103,1262527
ftsKp2,0.2857142857142857,7,6,GGGAATGTTTAGCAAACCGA,1,1265329
ftsKp2,12.571428571428571,93,6,GCGTTTGGGCTTGGCGGGAC,87,1261736
ftsKp2,0.2857142857142857,7,6,GCGATGACCTTATGGTCCTA,1,1254815
ftsKp2,0.2857142857142857,7,6,GCACTGCTTCGGCAAAGGTT,1,1251263
ftsKp2,13.714285714285714,101,6,GATGAAGTGATAATTAGTAA,95,1241271
ftsKp2,4.142857142857143,34,6,GAACCCAACTTCCATGACCT,28,1242970
ftsKp2,0.2857142857142857,7,6,CTTTCATGAATGGCAACTCT,1,1247899
ftsKp2,16.0,117,6,CGCCGTGCCAGTGGCTTCTT,111,1258382
ftsKp2,0.2857142857142857,7,6,CGATGCTTGTGCCCTACAAT,1,1245060
ftsKp2,10.428571428571429,78,6,CCGCCGTGATTTGGTACTCT,72,1239659
ftsKp2,13.285714285714286,98,6,CCGCCGGAATCTGATGCATT,92,1255507
ftsKp2,5.714285714285714,45,6,CCCTGTTCGCGGCGCCCAGT,39,1254487
ftsKp2,0.2857142857142857,7,6,CCATCGGTCTGGCTCATGTT,1,1263769
ftsKp2,0.2857142857142857,7,6,CCAGGATCAGCCGTGCCACC,1,1260495
ftsKp2,15.571428571428571,114,6,ATTACCTTGTCCTGTTCTTT,108,1269879
ftsKp2,0.2857142857142857,7,6,ATGTATTTGCATCAAAGGTT,1,1258657
ftsKp2,19.571428571428573,142,6,ATAGCGGTCGCCTCCTTGAC,136,1254755
ftsKp2,28.714285714285715,206,6,ATAGATCATCTTCTCGACTA,200,1240444
ftsKp2,0.2857142857142857,7,6,AGTGCATAGCTGCCCAGCCT,1,1260365
ftsKp2,13.857142857142858,102,6,AGCAACATTGACTAGCATTA,96,1245077
ftsKp2,7.285714285714286,56,6,ACTGGTGCCATTAAGCTCAT,50,1247688
ftsKp2,0.42857142857142855,8,6,ACGGTTTGGCGGAGGTTCAT,2,1246753
ftsKp2,0.2857142857142857,7,6,ACCCGTCTGCTATACATCTC,1,1262245
ftsKp2,0.2857142857142857,7,6,ACCAATTATAAGGGGCTTTA,1,1253812
ftsKp2,10.857142857142858,81,6,ACATAACCGCACTGCCGTTA,75,1258289
ftsKp2,0.2857142857142857,7,6,ACAGTACACTGAAACCAGCG,1,1240171
ftsKp2,0.2857142857142857,7,6,AATTAGGCCACTTGCCGACT,1,1259277
ftsKp2,14.857142857142858,109,6,AAACCTCTTTAGGCCTAACA,103,1259871
ftsKp2,0.2857142857142857,7,6,AAAAAAAGGGGGGACTTCAC,1,1251490
ftsKp2,17.333333333333332,108,5,TTTGTTGACAGGGTGGGTCA,103,1243969
ftsKp2,0.3333333333333333,6,5,TTTAAGACTGCGCCCGTTGA,1,1245698
ftsKp2,0.3333333333333333,6,5,TTGGTATGGGTTGCCTACCC,1,1257112
ftsKp2,14.5,91,5,TCCTATAATGAACGTTATTA,86,1249073
ftsKp2,0.3333333333333333,6,5,TCATTATAACGCGCCTTCGT,1,1263439
ftsKp2,0.3333333333333333,6,5,TCAAGTGGCAGCCGGTAGAT,1,1267109
ftsKp2,0.3333333333333333,6,5,TACGCCGATACACGCGCGCC,1,1267678
ftsKp2,0.3333333333333333,6,5,TACATTCAAGGACCCGTGGT,1,1259325
ftsKp2,24.833333333333332,153,5,GTTACGTGTCCGGTAAGGTG,148,1256477
ftsKp2,14.666666666666666,92,5,GTCTTAACGCGTCTTTGTTG,87,1240298
ftsKp2,13.5,85,5,GTCCTGGTGCCAAGAAGGAG,80,1261708
ftsKp2,2.3333333333333335,18,5,GGTTGCATCTCCGTGGTGTT,13,1239398
ftsKp2,0.3333333333333333,6,5,GGTATCCCACCTGGTCGGTG,1,1240237
ftsKp2,0.5,7,5,GGGCCGTCGCATCCCCGCTA,2,1256360
ftsKp2,16.166666666666668,101,5,GGCTAGGGGCGCAGTTTAAC,96,1244689
ftsKp2,0.3333333333333333,6,5,GCTATGGCCAGCCCCATAAT,1,1263832
ftsKp2,17.5,109,5,GCCATGTCAGGATTGATTTC,104,1267287
ftsKp2,8.333333333333334,54,5,GATTGAGAACAACCGTTCTA,49,1246767
ftsKp2,16.5,103,5,GAGGATGGATTAGGGAAACA,98,1246727
ftsKp2,0.3333333333333333,6,5,GAGCCGCGCTGACATAATAC,1,1261303
ftsKp2,0.3333333333333333,6,5,GAATCATAACTCGCGTCAAG,1,1262726
ftsKp2,14.833333333333334,93,5,CTTTGGCCGCCATGTGAACA,88,1244853
ftsKp2,14.166666666666666,89,5,CTAGGAAACGCCCGGGACTT,84,1257769
ftsKp2,19.333333333333332,120,5,CTAGATTCAAGTTACTACCA,115,1270940
ftsKp2,0.3333333333333333,6,5,CTACAGGTGGTATAGGGTGT,1,1256102
ftsKp2,21.0,130,5,CGTGTAACGCTTCTGGTATA,125,1242557
ftsKp2,0.3333333333333333,6,5,CGTGCTTGGATTGAGAGAAA,1,1266012
ftsKp2,16.166666666666668,101,5,CGAGTCCGGAACAGGTTTGT,96,1244973
ftsKp2,0.3333333333333333,6,5,CCTTCTATTTTAGTTGTGAA,1,1255797
ftsKp2,0.3333333333333333,6,5,CAGGGTAGGCGGCGCAAATG,1,1252122
ftsKp2,0.3333333333333333,6,5,CAGGCGTTTTGACCCGGGCT,1,1267354
ftsKp2,0.3333333333333333,6,5,CACTGTAGAATGACGTCAGT,1,1252497
ftsKp2,15.0,94,5,CACCAGCATAGGTTCGGCCC,89,1249996
ftsKp2,0.3333333333333333,6,5,CAAAAAGGCGGGACCTGACG,1,1244037
ftsKp2,2.1666666666666665,17,5,ATTAGGCGTAGGACTGTTTG,12,1254647
ftsKp2,9.833333333333334,63,5,ATGTTTGCGGCTAAATTTGG,58,1244741
ftsKp2,19.0,118,5,ATGAAAATTGACAGACATAC,113,1241262
ftsKp2,13.333333333333334,84,5,ATAAGGGTGCTATGCAGCAA,79,1243672
ftsKp2,0.3333333333333333,6,5,AGAATTCTTATCTCGCCCAA,1,1248318
ftsKp2,16.666666666666668,104,5,ACTTGGCCGGGAGCTGCGTG,99,1269537
ftsKp2,13.5,85,5,ACGAAGGGCACTTAGACCTC,80,1251115
ftsKp2,0.3333333333333333,6,5,ACCACGCGAGGGCTATGGGT,1,1269390
ftsKp2,15.166666666666666,95,5,ACAAACTAGACGCCTCCTAA,90,1257238
ftsKp2,16.5,103,5,AATGTTAGAAGCAACGCAGG,98,1245349
ftsKp2,15.833333333333334,99,5,AACTCGCATGCGACCGAAAT,94,1270701
ftsKp2,0.3333333333333333,6,5,AACGGGATGTCTGTTTCATC,1,1243696
ftsKp2,17.0,88,4,TTTTATAGGTTTGTCGTTAA,84,1270030
ftsKp2,10.2,54,4,TTGTCAACGAGTGGATCGGT,50,1266804
ftsKp2,18.2,94,4,TTGACTCTTGCGGACAATTA,90,1247176
ftsKp2,20.4,105,4,TTACTTGCCGAGACAGCTGG,101,1258605
ftsKp2,8.4,45,4,TGTGCGGGCTGAATACACGC,41,1265891
ftsKp2,13.0,68,4,TGTGATACCTATCTCGTTAA,64,1260618
ftsKp2,21.0,108,4,TGGCTTTATGCAACAACATG,104,1268330
ftsKp2,21.0,108,4,TGGCCAATGGGGGACCACTT,104,1247383
ftsKp2,14.2,74,4,TCTCAGTACTCGTTGGCGCG,70,1250700
ftsKp2,21.4,110,4,TCGTTAAGTCAGAGTAACCT,106,1270700
ftsKp2,20.0,103,4,TCATGCTATCCCGCAATGCA,99,1268825
ftsKp2,25.0,128,4,TCACAGTGCTCGATAAGGTT,124,1257621
ftsKp2,24.8,127,4,TCAAATCTTCGTTAGGCTGT,123,1244210
ftsKp2,0.4,5,4,TACTTTCCAACCCCCTGCAG,1,1269770
ftsKp2,22.0,113,4,TAATTGCAACACCGACCGGA,109,1269925
ftsKp2,0.4,5,4,GTATTTGGGTGTGTAGCTCG,1,1265018
ftsKp2,19.4,100,4,GGTTGCCGGTTGGGAGCTCA,96,1262698
ftsKp2,20.2,104,4,GGTTAATGGGTCACAACGGA,100,1266942
ftsKp2,19.8,102,4,GGGGAGTAACCTCGGATATG,98,1245016
ftsKp2,20.2,104,4,GGCGGGCTATTAGTGGTTGA,100,1251150
ftsKp2,0.4,5,4,GGCACTCTATCAAGCCGAAG,1,1258546
ftsKp2,21.0,108,4,GGATAATGAGTGCGGGGATT,104,1245494
ftsKp2,0.4,5,4,GGAGCACCCCTCGGTGACCT,1,1266672
ftsKp2,0.4,5,4,GCTGGACGCAATGCGCGTTA,1,1242309
ftsKp2,14.4,75,4,GATTAGGGTCGGACATACAA,71,1254159
ftsKp2,5.2,29,4,GATGCTCCAAGGCTTCAGTT,25,1239874
ftsKp2,22.6,116,4,GAACTTCATCTAAACGCAGT,112,1260582
ftsKp2,23.2,119,4,CTCTGGCTCTGCGCACTACG,115,1264385
ftsKp2,20.0,103,4,CTCGTTTAAGTAAACGACAG,99,1240853
ftsKp2,29.2,149,4,CGAATTTTCAGACCGTGTCT,145,1248873
ftsKp2,33.8,172,4,CCGTTATTCCACGTTCAGTG,168,1251105
ftsKp2,42.4,215,4,CCGTACCGACTAAAGCTCGA,211,1240697
ftsKp2,16.8,87,4,CCATGGTATTATTAAGGATG,83,1266742
ftsKp2,0.4,5,4,CCAGCAATGGGTTACCCCGA,1,1251775
ftsKp2,18.6,96,4,CCACTAAAACTAGGCGATGC,92,1263855
ftsKp2,21.8,112,4,CATTCCCGGCCCCAATTTTA,108,1240894
ftsKp2,0.4,5,4,CATAGGTCAGCCATATTGTA,1,1263206
ftsKp2,0.4,5,4,CAGGACTTCCCGACTCTAAT,1,1254564
ftsKp2,0.4,5,4,CAGCATTAAGGCACGTAAAT,1,1250061
ftsKp2,11.0,58,4,ATTAGGCCATTCCTGGTCAC,54,1267787
ftsKp2,33.0,168,4,ATAGGAAAGAGGGCTGGACA,164,1241725
ftsKp2,0.4,5,4,ATAGAAGCCGATAATTCAGA,1,1251795
ftsKp2,0.4,5,4,AGTATTGTGGGGACCGTTCA,1,1254612
ftsKp2,21.6,111,4,AGCCCGAAATCGCAGCTACA,107,1239673
ftsKp2,0.4,5,4,AGATATCAGGCGCGGATCGC,1,1261400
ftsKp2,13.8,72,4,AGATACAACGCATGTTAAGC,68,1268988
ftsKp2,19.6,101,4,AGAATATTTCAGATATACTC,97,1259290
ftsKp2,0.4,5,4,ACTGCTTGATGCCCGATACA,1,1252609
ftsKp2,22.4,115,4,ACCCCCGGCAGCGAGATTTT,111,1261509
ftsKp2,0.4,5,4,ACAAATCTTTATAAATGTCG,1,1248252
ftsKp2,0.4,5,4,AAGTTGGTTCAACAGCTTGG,1,1249190
ftsKp2,21.2,109,4,AAGCGGTCTACTTCTCGGCT,105,1258635
ftsKp2,0.4,5,4,AAACCGAGCGATATACAGAC,1,1256921
ftsKp2,23.5,96,3,TTTTGGTGTACTAATCGACT,93,1254141
ftsKp2,50.5,204,3,TTTGGTGATGTTCTAATGAT,201,1240929
ftsKp2,20.75,85,3,TTCCCAGAGCTATATTGGAT,82,1264788
ftsKp2,22.25,91,3,TTATATAATGCTCCCAATTG,88,1249043
ftsKp2,53.0,214,3,TGTGGTCCGTAGATAACAAT,211,1258466
ftsKp2,0.5,4,3,TGGCGGGTCCCAGGCTATTT,1,1249469
ftsKp2,0.5,4,3,TGCGAGGCCACCCTGCGACT,1,1251574
ftsKp2,0.5,4,3,TGCCCTCGTTTGAAGCGTCG,1,1245433
ftsKp2,73.5,296,3,TGACAATTCAATTTTAGCTC,293,1269358
ftsKp2,17.5,72,3,TCCGTAAATATAATTATCCA,69,1254472
ftsKp2,0.5,4,3,TCATACTGCAGATGGCAATG,1,1250390
ftsKp2,21.0,86,3,TACCCGGAACCTACCTCGGA,83,1254407
ftsKp2,0.5,4,3,GTTCGTACTCGGGCCGACTC,1,1241585
ftsKp2,16.0,66,3,GTGTCATGACGATCTACCAC,63,1257647
ftsKp2,38.5,156,3,GTATATGTTTGACCGTTTGT,153,1250677
ftsKp2,0.5,4,3,GTAAGGACGGGTACTCCGAA,1,1244235
ftsKp2,26.25,107,3,GGTTGCACTTGTCCCACCAC,104,1254309
ftsKp2,31.0,126,3,GGGTAGAACACCTGAGACTC,123,1243388
ftsKp2,0.5,4,3,GGGGTAAGAGGAGGTTGTAG,1,1246773
ftsKp2,0.5,4,3,GGGGGGGCACATCCGTGGAG,1,1262068
ftsKp2,0.5,4,3,GCGAGAACTTGAGTAACTTC,1,1262413
ftsKp2,24.5,100,3,GCCATACAATTTTCGCATCG,97,1240905
ftsKp2,0.5,4,3,GCATATGTAGTAAGCGGGTC,1,1260564
ftsKp2,21.0,86,3,GAGCAATGTAATAGAGTGGG,83,1240861
ftsKp2,22.0,90,3,GACATTCGCAGGGTCCAATA,87,1253801
ftsKp2,0.5,4,3,GAAATTCTCGAGCCACACAA,1,1239812
ftsKp2,24.5,100,3,CGTAAACAGGCCATTGTGAA,97,1249589
ftsKp2,13.25,55,3,CGGTACTTCGCACAGCGTAC,52,1241735
ftsKp2,19.25,79,3,CGCTGTACAATATGCTAGAT,76,1259257
ftsKp2,24.0,98,3,CGCCCTGAAGTCACCGGTGC,95,1245347
ftsKp2,0.75,5,3,CGCATACTTTACATGGATTG,2,1244975
ftsKp2,18.5,76,3,CCCTATGGTTTTCCGTAGAG,73,1268321
ftsKp2,24.75,101,3,CATGACAGTAACATGTTTAT,98,1251206
ftsKp2,26.25,107,3,CAGCTGTCAGAACTATGACC,104,1268482
ftsKp2,0.5,4,3,CACGGTGCTTAAACGAAGGC,1,1255380
ftsKp2,22.0,90,3,CACATATCAGACCGCTAGCT,87,1268670
ftsKp2,14.25,59,3,ATTGTCGTCTTAGGGTTGTA,56,1246840
ftsKp2,0.5,4,3,ATGGGTGGATCGCAGTGGTC,1,1265221
ftsKp2,0.5,4,3,AGCCGGGTCTATTTTCAAGC,1,1253887
ftsKp2,18.0,74,3,ACTTCCCGGACCTCTTGGTT,71,1243111
ftsKp2,26.0,106,3,ACCCCATGCTACAATGTGGG,103,1257817
ftsKp2,0.5,4,3,AATCATAAAATTTGCAATGC,1,1260697
ftsKp2,12.5,52,3,AATATCCGTCAGAGCTTGTT,49,1265320
ftsKp2,0.5,4,3,AAGTGGTTGAGTACCGGGAC,1,1257010
ftsKp2,26.25,107,3,AAGAGAGTACGTCGTCACAA,104,1253277
ftsKp2,0.5,4,3,AACCGGTCGTTCTACGTGTG,1,1259085
ftsKp2,5.5,24,3,AACCATCGCTACACCGAGAA,21,1258223
ftsKp2,26.25,107,3,AAAGGGAGCATCTAGCGTCT,104,1261914
ftsKp2,0.6666666666666666,3,2,TTTGTCCCCGGGTAAGTTGT,1,1248487
ftsKp2,32.666666666666664,99,2,TTGGGAAATCATTTATGGCA,97,1242909
ftsKp2,22.0,67,2,TTAGGTATCAAGCCGAGCGT,65,1257737
ftsKp2,0.6666666666666666,3,2,TGGTGCTGTCAACCTTATTG,1,1270098
ftsKp2,17.0,52,2,TGCAAAAAGGTTTCCCTGGA,50,1241474
ftsKp2,0.6666666666666666,3,2,TCTTAGTATAAGGAGCACTC,1,1246134
ftsKp2,16.333333333333332,50,2,TCTAGTCCGCCGGAAGGTTT,48,1251078
ftsKp2,23.0,70,2,TCTAAGGCTAACACTGCCTT,68,1269974
ftsKp2,0.6666666666666666,3,2,TCCGAGTCGAGAAAGGACCA,1,1255565
ftsKp2,32.0,97,2,TACAATATCGGATTTCCATA,95,1255250
ftsKp2,0.6666666666666666,3,2,TAATACTGGTTACTTGCGTA,1,1259230
ftsKp2,1.0,4,2,GTTCAGTAGGCGATCCCTCT,2,1255736
ftsKp2,0.6666666666666666,3,2,GTGGGTCGATTTGCTACCAT,1,1252119
ftsKp2,0.6666666666666666,3,2,GTAGGCCCCAACCGATTGTT,1,1269000
ftsKp2,33.0,100,2,GGTTTCAGGCAAATTGCCAG,98,1258545
ftsKp2,25.333333333333332,77,2,GCGCGTCGAGCGTGTAATGT,75,1252702
ftsKp2,35.666666666666664,108,2,GCAATGGATATCCTTAGGAA,106,1240332
ftsKp2,0.6666666666666666,3,2,GCAAGACACACATCGATAAG,1,1240006
ftsKp2,40.333333333333336,122,2,GATACGGTCGCGCTGCAGCT,120,1256402
ftsKp2,37.0,112,2,GAGGCGCACCCCGTTAAGTT,110,1254471
ftsKp2,34.666666666666664,105,2,CTTCTCAGTTCTCACCCATA,103,1269323
ftsKp2,14.666666666666666,45,2,CTTAGGGTTCAAGTGTACCA,43,1247068
ftsKp2,0.6666666666666666,3,2,CTGTGCATTGCGGACGGGGG,1,1242340
ftsKp2,18.0,55,2,CTCAGACAGCGAGAAAAGGA,53,1247906
ftsKp2,29.666666666666668,90,2,CTAACATTGTTTATGGTATT,88,1243647
ftsKp2,0.6666666666666666,3,2,CGTCCGGTGGTGCGGATTCT,1,1247671
ftsKp2,1.0,4,2,CCTATCACGTTACACACGTA,2,1262222
ftsKp2,1.0,4,2,CCCTGTGTTATTGGTTTCTC,2,1255669
ftsKp2,14.333333333333334,44,2,CATCATAATGAATTATCCTG,42,1247990
ftsKp2,0.6666666666666666,3,2,CATCACAATTAGTAATTTGA,1,1247962
ftsKp2,0.6666666666666666,3,2,CAGCGGAGACTCTAGTCCGC,1,1255150
ftsKp2,0.6666666666666666,3,2,ATTGTTACGGTGTGCTGGGG,1,1266759
ftsKp2,16.333333333333332,50,2,ATGTGTAACAGGCAACTGTA,48,1256554
ftsKp2,0.6666666666666666,3,2,ATGCGATAATTCTTGCTGAT,1,1241510
ftsKp2,39.333333333333336,119,2,ATGAGACTCTACTGAACATG,117,1240083
ftsKp2,25.666666666666668,78,2,ATCTGAAAAGTTGGACGAAT,76,1248719
ftsKp2,31.666666666666668,96,2,ATCACCGGGTAGCCTTCGAC,94,1265835
ftsKp2,0.6666666666666666,3,2,AGTTTAGAGTGCAATTAATA,1,1250319
ftsKp2,22.333333333333332,68,2,AGTTTAAGTATTACACGTGT,66,1250809
ftsKp2,34.666666666666664,105,2,AGGCGTCATCCTCCCCCGAT,103,1250446
ftsKp2,37.0,112,2,AGCCGTTCGCCGTGATGGCC,110,1260250
ftsKp2,31.666666666666668,96,2,ACTTGTGATTTTATAAGTGG,94,1269518
ftsKp2,27.666666666666668,84,2,ACGACCGACCCTCTGTGATA,82,1246991
ftsKp2,36.333333333333336,110,2,ACCCTAGAGGAACAGGCCAC,108,1257011
ftsKp2,0.6666666666666666,3,2,ACATCCTGTTTGGTAACAGG,1,1250933
ftsKp2,1.0,4,2,ACAATGCTGGAATATAAACA,2,1254160
ftsKp2,19.666666666666668,60,2,AAGCGTGAGTACAGGCGCAT,58,1252258
ftsKp2,41.666666666666664,126,2,AACCTCTTCCGACCGAGGTT,124,1240262
ftsKp2,54.0,108,1,TTTATCTGCGCGCAATGCTT,107,1268533
ftsKp2,1.0,2,1,TTGGTGACGTTCCTCCAACG,1,1259956
ftsKp2,45.5,91,1,TTCTGACGCGTGGTGCGCCA,90,1242937
ftsKp2,61.0,122,1,TTAATCGCGCAGTGGAACTA,121,1262910
ftsKp2,46.0,92,1,TTAAGCGCATTCGAATGGGG,91,1241711
ftsKp2,1.0,2,1,TTAAAGAGATAGGTAACGGT,1,1254778
ftsKp2,42.0,84,1,TTAAACCGGGGAGAGCTGAA,83,1267653
ftsKp2,38.0,76,1,TGGTGAACTCACCACTGACT,75,1259176
ftsKp2,44.0,88,1,TGGGGTTACTGCTCGACGAT,87,1241537
ftsKp2,54.5,109,1,TGACCAAATAAGACTGCCGT,108,1243107
ftsKp2,23.0,46,1,TGAAGGGGCGAGAGTTTGAC,45,1242081
ftsKp2,54.5,109,1,TAGGGATCGTCAACGCACTA,108,1259521
ftsKp2,5.0,10,1,TACCTGGTGTCTGACCTGTG,9,1263705
ftsKp2,1.0,2,1,GTTGGGAGTGCACAATCACG,1,1270668
ftsKp2,45.5,91,1,GTGTCAAACAACTACCGTCA,90,1264924
ftsKp2,45.0,90,1,GTCGAGAAGCGCAATCCTGT,89,1259412
ftsKp2,1.5,3,1,GTCAAACCTATGAGCAATTT,2,1266086
ftsKp2,55.5,111,1,GTATGGGACGACGATTGATC,110,1254477
ftsKp2,1.0,2,1,GGTGGTGCCATCTTTTTGAA,1,1248500
ftsKp2,61.0,122,1,GCACTCTACATTTCAGGATA,121,1264131
ftsKp2,24.0,48,1,GAATACCATGATCAGCACCA,47,1265124
ftsKp2,54.0,108,1,CTTTATCTTTCCTAATGCGA,107,1270674
ftsKp2,47.0,94,1,CTTGTATAGAAAGGGTGTAA,93,1246361
ftsKp2,67.5,135,1,CTCCAAAGTCGTGGAATGTG,134,1243057
ftsKp2,27.5,55,1,CGACTGGGCATGTGCACGAA,54,1247638
ftsKp2,1.0,2,1,CCGGCGATGGAATTTGCTTA,1,1267498
ftsKp2,51.5,103,1,CCGACTCCTGTGTTATTTCG,102,1245147
ftsKp2,39.0,78,1,CCAAGATCTCGAAGATCCCT,77,1256740
ftsKp2,1.0,2,1,CAGTGGCTGGGCATCCTGCT,1,1269069
ftsKp2,45.5,91,1,CAATGCACGTTCGTAATCTT,90,1250956
ftsKp2,1.0,2,1,CAACACGGCGCCCTTCATAG,1,1257627
ftsKp2,25.5,51,1,ATTGCCCATCATGTCCAATC,50,1254983
ftsKp2,42.5,85,1,ATGAACGCGAGCTATCTTAC,84,1242014
ftsKp2,52.5,105,1,ATCGGACTAACCGGCACCGA,104,1244812
ftsKp2,22.5,45,1,ATCCAACACTCTTTTTTTTT,44,1256775
ftsKp2,44.0,88,1,ATAAACTTATTTAGGGCATC,87,1252061
ftsKp2,22.5,45,1,AGTGTTCATATTGCAGGGCA,44,1247699
ftsKp2,1.0,2,1,AGGAACGGGCTTTGACCTGT,1,1241179
ftsKp2,1.0,2,1,AGATCAACAGATGTCACATA,1,1259299
ftsKp2,1.5,3,1,AGACCTCCGTACTATCAAGG,2,1247900
ftsKp2,50.5,101,1,ACGAGGACGGTCGAACGAAG,100,1246925
ftsKp2,53.0,106,1,AATTGCGACTGGTATGATTC,105,1254779
ftsKp2,51.5,103,1,AAGGGAACATGTGTTTAGTA,102,1252655
ftsKp2,48.5,97,1,AACTTTACCGCTACGCGTAT,96,1241943
ftsKp2,1.0,2,1,AAAGTTTTCACGGACGCTTA,1,1264669
ftsKp2,1.0,2,1,AAAGCCACTTCCTAGGTAGG,1,1256789
ftsKp2,1.0,2,1,AAACCTCTTCAGTCATTGTG,1,1261842
ftsKp2,0.014492753623188406,68,68,GAGCTAACCTATTTATCGTT,0,1261304
ftsKp2,0.015873015873015872,62,62,ATTCGGTCACAGGGGTAGGC,0,1244452
ftsKp2,0.016129032258064516,61,61,GGTATGTGGGCAGCCCTGAG,0,1239468
ftsKp2,0.017543859649122806,56,56,TCCCACTTTCTTCGACAGCA,0,1249295
ftsKp2,0.01818181818181818,54,54,CATGCGGGGTGTATTTTGCA,0,1243451
ftsKp2,0.018867924528301886,52,52,ATTCACATAAGTCATTCAAT,0,1255571
ftsKp2,0.0196078431372549,50,50,CAATACCATGCTGCCGGTGC,0,1251883
ftsKp2,0.02,49,49,TTTATATAACGTTGCTGGTT,0,1239895
ftsKp2,0.02,49,49,TCGCCGTGCCGAGTTGTCTT,0,1242426
ftsKp2,0.02040816326530612,48,48,TCGCTGCTACCCGAGGGGCG,0,1258479
ftsKp2,0.02040816326530612,48,48,CCCTGGAAGGTTCCGTGGTA,0,1258903
ftsKp2,0.02040816326530612,48,48,AAAGGTGACCGTTACTATGG,0,1240834
ftsKp2,0.02127659574468085,46,46,TTGAGAATGGGCCATTATGC,0,1246391
ftsKp2,0.02127659574468085,46,46,TGGCTCGCTTTACAAGAGCG,0,1239781
ftsKp2,0.021739130434782608,45,45,CGAGTTTAAGAATAAAGGGA,0,1253020
ftsKp2,0.022222222222222223,44,44,CTGAACAGCATCAAAGACTA,0,1243289
ftsKp2,0.022222222222222223,44,44,CAAGCGGGGAACCATAAAGT,0,1249976
ftsKp2,0.022727272727272728,43,43,GGTATGTATTAAGCGTGTAT,0,1241614
ftsKp2,0.023255813953488372,42,42,GGATATGCCATTCGTGGAAA,0,1240437
ftsKp2,0.023809523809523808,41,41,GTATACGCTGAGGAGACCAG,0,1239911
ftsKp2,0.023809523809523808,41,41,GACGAGATGGAGCAACCGCA,0,1246386
ftsKp2,0.024390243902439025,40,40,ATTTCATAGGATGAACCGAT,0,1244191
ftsKp2,0.025,39,39,CTGAACGACTCAGTCAACAA,0,1240787
ftsKp2,0.025,39,39,CAGGCCGTTGCCGCTCGGCG,0,1256476
ftsKp2,0.025,39,39,ACCTCGGCGCGCGTGCCTGA,0,1267059
ftsKp2,0.025,39,39,AAGGAATACACCGCGAGATT,0,1258068
ftsKp2,0.02564102564102564,38,38,TCACTGATGACGTAGGTCTC,0,1247835
ftsKp2,0.02564102564102564,38,38,GGGTAATACGTTGTGGTATA,0,1263471
ftsKp2,0.02564102564102564,38,38,CTTTAGAGTGCTATAGGTAC,0,1249674
ftsKp2,0.02564102564102564,38,38,CTCGGTACGTAGATAGAGGC,0,1246766
ftsKp2,0.02631578947368421,37,37,TAAGCAGTTCGGTAAATTTT,0,1265973
ftsKp2,0.02631578947368421,37,37,GTTCTCTTTTGAACGGTGTG,0,1253023
ftsKp2,0.02631578947368421,37,37,CTAGGATCATCGTCCCACCA,0,1239313
ftsKp2,0.02631578947368421,37,37,CATATGCTAGAAGCGGTCGG,0,1248704
ftsKp2,0.02702702702702703,36,36,TACCCGAGCCCGTGAAAAAA,0,1266739
ftsKp2,0.02702702702702703,36,36,CTTTGGGCGCGAACCGCTCA,0,1244739
ftsKp2,0.02702702702702703,36,36,CGGGTTGAGAGTGCCGCTCG,0,1239756
ftsKp2,0.02702702702702703,36,36,AGCTAGAAACACCCGAGGAC,0,1240917
ftsKp2,0.02702702702702703,36,36,AGCGCCCGATGTTAGGAAAC,0,1256781
ftsKp2,0.02702702702702703,36,36,AGCCATAACCGATTCGCACT,0,1245559
ftsKp2,0.027777777777777776,35,35,TTCACTCCTTTTCAAAGGCT,0,1245271
ftsKp2,0.027777777777777776,35,35,TGCCCTGCAGCCGTGCTAAA,0,1265239
ftsKp2,0.027777777777777776,35,35,GTACAGTGCCCTCGAATTGG,0,1245103
ftsKp2,0.027777777777777776,35,35,GGTAAAGTTCATTGTTGGAC,0,1240179
ftsKp2,0.02857142857142857,34,34,TAGCAGCTTGTTTTCATTCC,0,1269083
ftsKp2,0.02857142857142857,34,34,GTGATTCTCCCCGGTTTGAT,0,1260786
ftsKp2,0.02857142857142857,34,34,GCTACGGCGCGGGACGTCAA,0,1251897
ftsKp2,0.02857142857142857,34,34,CTGCACAGCTTCCGTATAAT,0,1239705
ftsKp2,0.02857142857142857,34,34,ACGACTTGCGCACCTGGGTA,0,1267309
ftsKp2,0.029411764705882353,33,33,TGAATTCTAACTTCAACCGC,0,1247261
ftsKp2,0.029411764705882353,33,33,TCAGCCGAATAACTGGGGCA,0,1261857
ftsKp2,0.029411764705882353,33,33,GGGTCACACTGTTAGTCCAG,0,1247303
ftsKp2,0.029411764705882353,33,33,GGCCCACACCTTCACATAAC,0,1262985
ftsKp2,0.029411764705882353,33,33,AGCACGGGTTAGACTGGACT,0,1248306
ftsKp2,0.030303030303030304,32,32,TACGATGAATTGGCATGAAT,0,1253065
ftsKp2,0.030303030303030304,32,32,GTATTCCGTCCGATGGCGAG,0,1247088
ftsKp2,0.030303030303030304,32,32,CGAAGAATCAGGTAGCTAAC,0,1242036
ftsKp2,0.030303030303030304,32,32,CCTATCGTAGCGGACAGATA,0,1256205
ftsKp2,0.030303030303030304,32,32,CCACCGGCTACGGGCGTCTT,0,1245539
ftsKp2,0.030303030303030304,32,32,CACATGTTCCTAATGGGATG,0,1254013
ftsKp2,0.030303030303030304,32,32,ATCCGCTAAGGACCGTGCAT,0,1251046
ftsKp2,0.030303030303030304,32,32,ATATGTTCGCTGACTTGGCG,0,1255658
ftsKp2,0.030303030303030304,32,32,AGTTTCTTCGTGTTAGTATA,0,1245811
ftsKp2,0.030303030303030304,32,32,ACGCGGCCTGGGATACACTG,0,1252404
ftsKp2,0.030303030303030304,32,32,AAGTATGCAGATCCGCATGT,0,1241931
ftsKp2,0.030303030303030304,32,32,AAAATTTCTAACCTGGTGAT,0,1241528
ftsKp2,0.03125,31,31,GCCATCACGCATGAGATTCA,0,1239674
ftsKp2,0.03125,31,31,GAAAAAGCAAGTCACGAGTG,0,1247165
ftsKp2,0.03125,31,31,AGCCAACGCGCCACGCATCT,0,1261462
ftsKp2,0.03125,31,31,AGATTTCTTTGGGCATTCAC,0,1249111
ftsKp2,0.03125,31,31,AATCGGAATGTTCATCGTAG,0,1242837
ftsKp2,0.03125,31,31,AAGCGCCGCCCACTGACTAT,0,1246232
ftsKp2,0.03225806451612903,30,30,TTTACCGGTCATTTAACTTG,0,1245182
ftsKp2,0.03225806451612903,30,30,TTGTCACCTTCGGATACATG,0,1257613
ftsKp2,0.03225806451612903,30,30,TTCTTCATAGGGCATTCATT,0,1256240
ftsKp2,0.03225806451612903,30,30,TTCTGTCTACGTTCGTGTTA,0,1243436
ftsKp2,0.03225806451612903,30,30,TGCGCATCTTGTCCCCATGC,0,1257135
ftsKp2,0.03225806451612903,30,30,GAGCAAAAAGGGTAGCACAT,0,1263699
ftsKp2,0.03225806451612903,30,30,GAATGCAATGAGCTATATGC,0,1239458
ftsKp2,0.03225806451612903,30,30,GAATGAGGAAGGTCGTACTT,0,1252156
ftsKp2,0.03225806451612903,30,30,CTAGGGGTGCCTTTTGCTTA,0,1247168
ftsKp2,0.03225806451612903,30,30,CCGCCAACATTCATCGAAGG,0,1242912
ftsKp2,0.03225806451612903,30,30,AAACCTATGCCTTGAAGCAT,0,1243018
ftsKp2,0.03333333333333333,29,29,TGTTTTCAGTGACGTACATC,0,1257712
ftsKp2,0.03333333333333333,29,29,TGAATGCAATGTGCGAGCCT,0,1265729
ftsKp2,0.03333333333333333,29,29,GTGAATTAGTTAGTCACGGA,0,1253422
ftsKp2,0.03333333333333333,29,29,GGGGAGGTTTGGGGGAGAAA,0,1253052
ftsKp2,0.03333333333333333,29,29,GCTTAGGACGCTCTCGAAGA,0,1249062
ftsKp2,0.03333333333333333,29,29,GATTAGCAGCTGAATGTTTA,0,1256244
ftsKp2,0.03333333333333333,29,29,GAGACTGATTGCTGCGAGCG,0,1260481
ftsKp2,0.03333333333333333,29,29,GACCATAGCGATATCTTATG,0,1259008
ftsKp2,0.03333333333333333,29,29,AGCGTAGGCAAGCGGTTACA,0,1249009
ftsKp2,0.034482758620689655,28,28,TGCATCTGATTTAGGGATAA,0,1250609
ftsKp2,0.034482758620689655,28,28,GTCCTCCCCATGTCCGGCCA,0,1255478
ftsKp2,0.034482758620689655,28,28,CGGAGTGGCGGTTATGCGAA,0,1239739
ftsKp2,0.034482758620689655,28,28,ATAATGGCAGTTGCTTAGAC,0,1250141
ftsKp2,0.034482758620689655,28,28,AGGACCTCTAGGTTTTGTCA,0,1253713
ftsKp2,0.034482758620689655,28,28,AGCGCCGGATTCGTTATCCT,0,1249266
ftsKp2,0.034482758620689655,28,28,AAGGGTTAATCCTTGCTCGA,0,1239469
ftsKp2,0.03571428571428571,27,27,TGGGCGGATCATGCTGTGCT,0,1242496
ftsKp2,0.03571428571428571,27,27,TGGGAGAACGTCTTTGAATC,0,1239825
ftsKp2,0.03571428571428571,27,27,TGGACACGGAATCCAGGTTT,0,1243020
ftsKp2,0.03571428571428571,27,27,TGCACAGGCGGGGAAGGCTA,0,1242200
ftsKp2,0.03571428571428571,27,27,TCTAACTCGTGATCTCGTAG,0,1251884
ftsKp2,0.03571428571428571,27,27,TACTCACTCTTCCCGATTCA,0,1243359
ftsKp2,0.03571428571428571,27,27,GTTAAGTCTATAAGACCCAG,0,1254960
ftsKp2,0.03571428571428571,27,27,GTGTTAGGCATCGAGTACTC,0,1244291
ftsKp2,0.03571428571428571,27,27,CTTGAGCTAACGGGTTTACA,0,1241872
ftsKp2,0.03571428571428571,27,27,CTCACACCCGCCCAATAGAG,0,1242752
ftsKp2,0.03571428571428571,27,27,CTAGGACGGGATATGTATAT,0,1250898
ftsKp2,0.03571428571428571,27,27,CACCTGAATCACGACGGAAT,0,1242207
ftsKp2,0.03571428571428571,27,27,ATTCCGCGGGAGCGTTGTCT,0,1240343
ftsKp2,0.03571428571428571,27,27,AGGACACCGATGCCTACGAG,0,1267709
ftsKp2,0.037037037037037035,26,26,TTGACGGAATCCTCGGAACA,0,1244694
ftsKp2,0.037037037037037035,26,26,GTCTGCGGGCGCACGTCAGA,0,1261321
ftsKp2,0.037037037037037035,26,26,GCCTCAGGCACGTACTAAAA,0,1270872
ftsKp2,0.037037037037037035,26,26,CGAGTGATGTGAACTCTACA,0,1264402
ftsKp2,0.037037037037037035,26,26,CGAAGCGCTCTGGGACTGTG,0,1256148
ftsKp2,0.037037037037037035,26,26,CACTCCTTGGGACTTAGCAT,0,1252908
ftsKp2,0.037037037037037035,26,26,AGTTCGACGTGGAAAGGGGT,0,1247009
ftsKp2,0.037037037037037035,26,26,AGGTAGGTTCGAGCCAGCTA,0,1250769
ftsKp2,0.037037037037037035,26,26,AGGCGCTAATGCCGTACCGG,0,1240605
ftsKp2,0.037037037037037035,26,26,AGGACTGCCCATACATTCTG,0,1251917
ftsKp2,0.037037037037037035,26,26,AGCAAGCTGCCAATGCAGCA,0,1250059
ftsKp2,0.037037037037037035,26,26,ACGTGAAGATCGGCCGATCG,0,1240344
ftsKp2,0.037037037037037035,26,26,AACTGTAAACATCCACTCAA,0,1240308
ftsKp2,0.038461538461538464,25,25,TTGTAAGTAATATGGTACTG,0,1243840
ftsKp2,0.038461538461538464,25,25,TTGCGGTTGGGATGTTCCCA,0,1242457
ftsKp2,0.038461538461538464,25,25,TTATCATCAGGTAATGGTCG,0,1255273
ftsKp2,0.038461538461538464,25,25,TCGAGGCGTAATCATCTCGC,0,1252206
ftsKp2,0.038461538461538464,25,25,TCCCGACCCCGTTCATCCTG,0,1241802
ftsKp2,0.038461538461538464,25,25,TAGACCTAATGCGGAGTAGG,0,1258494
ftsKp2,0.038461538461538464,25,25,TACACCTGTTGTTCACATTT,0,1241384
ftsKp2,0.038461538461538464,25,25,TAAGGGAATTCGTGGGTCGG,0,1263303
ftsKp2,0.038461538461538464,25,25,GACCCAGAACTCGCTCTAGA,0,1252657
ftsKp2,0.038461538461538464,25,25,GAAAGACAATAGTCCAGCCA,0,1243857
ftsKp2,0.038461538461538464,25,25,CTCGGCGTGTCGGGATGTTT,0,1269990
ftsKp2,0.038461538461538464,25,25,CGGCGGGGCTCGGTCACCGA,0,1257441
ftsKp2,0.038461538461538464,25,25,CGCCGGTCTGTTCACGTACA,0,1258722
ftsKp2,0.038461538461538464,25,25,AGGCCAGCCAGCGACCGCGA,0,1240255
ftsKp2,0.038461538461538464,25,25,ACCAATGAGGCTGTCCCAAC,0,1242565
ftsKp2,0.038461538461538464,25,25,ACAGGATGAAATATCCGATT,0,1249699
ftsKp2,0.038461538461538464,25,25,AACCAGCCGCTACGCTACGG,0,1251314
ftsKp2,0.04,24,24,TTTGTTGATAAAATAGTGAT,0,1252492
ftsKp2,0.04,24,24,TTCCGTGGAAAGCGATTCCA,0,1241979
ftsKp2,0.04,24,24,TGAATCTGGGGAGAACGTTG,0,1258774
ftsKp2,0.04,24,24,TGAACTCTCGTCCTACGAAT,0,1239605
ftsKp2,0.04,24,24,TCGTGAAAGCTTTGCGTCCG,0,1253880
ftsKp2,0.04,24,24,TCGAGTTAAACTCATGGATT,0,1254454
ftsKp2,0.04,24,24,TCGAAAGATTGCCGTGGATG,0,1258758
ftsKp2,0.04,24,24,TCACCTCTTCGGCACATTAA,0,1257068
ftsKp2,0.04,24,24,GGTCTGCTTACAACGCAACT,0,1254424
ftsKp2,0.04,24,24,GGACGCCCTACCCGAATGCT,0,1251045
ftsKp2,0.04,24,24,GCTCACTCCTGTTGGACGCT,0,1254014
ftsKp2,0.04,24,24,CTTAGACCCGGCCTGCCACA,0,1267116
ftsKp2,0.04,24,24,CTCTGGGAAGACCGTCTGTG,0,1246447
ftsKp2,0.04,24,24,CTATGGTTCACATTTGAATG,0,1256408
ftsKp2,0.04,24,24,CTATATAGCGGGCAAATGGG,0,1247794
ftsKp2,0.04,24,24,CGACTAATACATTTCTGATT,0,1247363
ftsKp2,0.04,24,24,CCGAGATGGGCATAAGACGT,0,1259801
ftsKp2,0.04,24,24,CATCGGAGTCTGCCCCCGGC,0,1241966
ftsKp2,0.04,24,24,CAACTCAAGCACGCACACAC,0,1244712
ftsKp2,0.04,24,24,ATTCATTGCGGCTGTGTCTT,0,1255463
ftsKp2,0.04,24,24,ATTCAGCTTGAAGCAAATAT,0,1248308
ftsKp2,0.04,24,24,ACACGCGGACATAGTATTGT,0,1253427
ftsKp2,0.04,24,24,AAAACTGTGATGGATTTAAT,0,1261349
ftsKp2,0.041666666666666664,23,23,TTAACTACCTGAAATCTACA,0,1243896
ftsKp2,0.041666666666666664,23,23,TGGACCCAAAACGAAGACCA,0,1247089
ftsKp2,0.041666666666666664,23,23,TGCGGGCTCATCGTAGGGCA,0,1242108
ftsKp2,0.041666666666666664,23,23,TGACCGCGAAGCTTGGGAAT,0,1247167
ftsKp2,0.041666666666666664,23,23,TAAAACGAGTTATGAATCTA,0,1255813
ftsKp2,0.041666666666666664,23,23,GTTGATCAAGACGGGCTACG,0,1255431
ftsKp2,0.041666666666666664,23,23,GTTAGGGTGGAATACAGAGT,0,1260343
ftsKp2,0.041666666666666664,23,23,GTCGTGGCCTGGAACTGGGG,0,1263644
ftsKp2,0.041666666666666664,23,23,GGATATCGGTGAATTCTAAT,0,1261270
ftsKp2,0.041666666666666664,23,23,GGAGCAATATGTCCATAAAA,0,1256017
ftsKp2,0.041666666666666664,23,23,GCTGACTTAAACGTGCGTCA,0,1263838
ftsKp2,0.041666666666666664,23,23,GCACCCCAGATTTACACGAG,0,1250106
ftsKp2,0.041666666666666664,23,23,GAGCGCAAAAAAGCTAGCGA,0,1261979
ftsKp2,0.041666666666666664,23,23,CTTAGACCTTTAGGCAAAAA,0,1253956
ftsKp2,0.041666666666666664,23,23,CTGCGATCAAGGGTAAGACA,0,1242884
ftsKp2,0.041666666666666664,23,23,CGGAAAATATCTTGGCTATA,0,1245440
ftsKp2,0.041666666666666664,23,23,CCTATGCCCATTGAACGTAC,0,1241092
ftsKp2,0.041666666666666664,23,23,CCGGTAAATCGATCTTCATA,0,1245342
ftsKp2,0.041666666666666664,23,23,CCACGCCGTATGAGCCAGGA,0,1259320
ftsKp2,0.041666666666666664,23,23,CAGCGTTCTTTAGGCAAGTT,0,1242051
ftsKp2,0.041666666666666664,23,23,CACCGAGCACATGCGACATG,0,1256771
ftsKp2,0.041666666666666664,23,23,CAATACTTGTCATGACATTA,0,1255116
ftsKp2,0.041666666666666664,23,23,ATGTAACCAACTCATCGTAT,0,1242158
ftsKp2,0.041666666666666664,23,23,ATGCATAGCATCTTGCTTTC,0,1244378
ftsKp2,0.041666666666666664,23,23,AGCGTCAATATGAACTAAGT,0,1253526
ftsKp2,0.041666666666666664,23,23,AAGTGCTGTAGGTCACCCTT,0,1246461
ftsKp2,0.041666666666666664,23,23,AAAGTCCCGTCAATCGATTA,0,1245457
ftsKp2,0.041666666666666664,23,23,AAACCCTAATTCAGTACTCA,0,1252004
ftsKp2,0.043478260869565216,22,22,TTCGCTCGTCCAAATAATCG,0,1239578
ftsKp2,0.043478260869565216,22,22,TTCACCCGCGCATAAAAGGA,0,1252642
ftsKp2,0.043478260869565216,22,22,TGGGCCGCAACGTATAGCTA,0,1243733
ftsKp2,0.043478260869565216,22,22,TGCCAATGTATACGACATGT,0,1261427
ftsKp2,0.043478260869565216,22,22,TCTATTGGCTATGATTAGAA,0,1244445
ftsKp2,0.043478260869565216,22,22,TCCGAAACAAAACTGATGAA,0,1256243
ftsKp2,0.043478260869565216,22,22,TCATTTGTAGAGCAGCCCGT,0,1251829
ftsKp2,0.043478260869565216,22,22,TCATTAGCAAAGCTCCCAAA,0,1257710
ftsKp2,0.043478260869565216,22,22,TAATAGAGTCCTTTACTTAG,0,1243505
ftsKp2,0.043478260869565216,22,22,GTTCGGTCATTCTTCCTCCG,0,1266217
ftsKp2,0.043478260869565216,22,22,GTCGTATGATGCTGGAGTTT,0,1244038
ftsKp2,0.043478260869565216,22,22,GTATTTGCATGGGGTGTTGA,0,1241296
ftsKp2,0.043478260869565216,22,22,GTAGAAAACCAGAAAGTTAG,0,1247698
ftsKp2,0.043478260869565216,22,22,GTAAATTGGGAGTAAGTCGG,0,1245239
ftsKp2,0.043478260869565216,22,22,GGGTCCAGCCGCAGCACCTA,0,1261760
ftsKp2,0.043478260869565216,22,22,GGGTCAGTATCCTACAGGAA,0,1244830
ftsKp2,0.043478260869565216,22,22,GATATTAACCTCTACGCCTC,0,1263315
ftsKp2,0.043478260869565216,22,22,GAGACACGCGTTTTTAGGCT,0,1269136
ftsKp2,0.043478260869565216,22,22,GAATGTTCTAACTGATTCCA,0,1239675
ftsKp2,0.043478260869565216,22,22,GAATCGCTACGTTAGCCGCA,0,1247278
ftsKp2,0.043478260869565216,22,22,GAACTCAGTTGCAGGTGGTA,0,1270101
ftsKp2,0.043478260869565216,22,22,CTACTTGCAGGTTCTGACGG,0,1247316
ftsKp2,0.043478260869565216,22,22,CGCCGCGGATACCTTAGCGT,0,1255219
ftsKp2,0.043478260869565216,22,22,CGATGGGCTGTATCACGTCT,0,1254781
ftsKp2,0.043478260869565216,22,22,CCCGCGACCTACCGCGGTTA,0,1240082
ftsKp2,0.043478260869565216,22,22,CCCAAGCTCTAAAAAAACAC,0,1242011
ftsKp2,0.043478260869565216,22,22,CACGTGATTTACCTGGCTGC,0,1240748
ftsKp2,0.043478260869565216,22,22,CACAGGCAAAAAATGGGGGT,0,1253116
ftsKp2,0.043478260869565216,22,22,CAACCTTTTGACGTTCCAAT,0,1269508
ftsKp2,0.043478260869565216,22,22,ATAAAAACTGCTCTCGGGTA,0,1240039
ftsKp2,0.043478260869565216,22,22,AGGTGGTGGGGCTGCCCGGA,0,1245521
ftsKp2,0.043478260869565216,22,22,ACGGAAAGAGCCTCGGGACA,0,1246322
ftsKp2,0.043478260869565216,22,22,AAAAGGCTATCACATAGGAC,0,1239857
ftsKp2,0.045454545454545456,21,21,TTGGGACGTACAGCAGTTAT,0,1251573
ftsKp2,0.045454545454545456,21,21,TTGATTTCAAGAGTTTGGGT,0,1256374
ftsKp2,0.045454545454545456,21,21,TGAGAGGGCCGGTTATAGGA,0,1247515
ftsKp2,0.045454545454545456,21,21,TGACGGTGGCTCACTAATAG,0,1258338
ftsKp2,0.045454545454545456,21,21,TCGTCAGATCCTCACTAGCT,0,1244560
ftsKp2,0.045454545454545456,21,21,TATCTCCGGAGGGCACCATA,0,1266227
ftsKp2,0.045454545454545456,21,21,GGACCCCTGTTATCACGTGT,0,1254054
ftsKp2,0.045454545454545456,21,21,GCTCTGAGGACTGATAGAAA,0,1264754
ftsKp2,0.045454545454545456,21,21,GATAGTCGTTATAATTTAAC,0,1261356
ftsKp2,0.045454545454545456,21,21,GAAGCAGGACACTGCGAATG,0,1244981
ftsKp2,0.045454545454545456,21,21,CGTCATCGGATACTTCTCGG,0,1245510
ftsKp2,0.045454545454545456,21,21,CGGTATGTGCGCTTTGATCC,0,1250184
ftsKp2,0.045454545454545456,21,21,CGCGATGCTTGCCCAACGAT,0,1265234
ftsKp2,0.045454545454545456,21,21,CGCATCGCCCGGAACGGCAG,0,1268920
ftsKp2,0.045454545454545456,21,21,CGAAACGGGGAACACCTACA,0,1242493
ftsKp2,0.045454545454545456,21,21,CCTGTGATCGTCCGGGGCTT,0,1241484
ftsKp2,0.045454545454545456,21,21,CCCGTACAGCCTGCTTTCCC,0,1263551
ftsKp2,0.045454545454545456,21,21,CATTATAATCAGTATCCTAT,0,1240492
ftsKp2,0.045454545454545456,21,21,CAGGGTAGTCAACGGACTTT,0,1263413
ftsKp2,0.045454545454545456,21,21,CACCATGCTCCGTAGTAGAG,0,1250295
ftsKp2,0.045454545454545456,21,21,CAAGGTGAACGTATCATCGT,0,1248688
ftsKp2,0.045454545454545456,21,21,ATCCCGCGCTCATCCCCGCA,0,1248072
ftsKp2,0.045454545454545456,21,21,ATAAGTTGACATGAGGTATT,0,1246800
ftsKp2,0.045454545454545456,21,21,ATAAATGGGGCTAGTGCGTT,0,1264958
ftsKp2,0.045454545454545456,21,21,AGCTTGGTCCATATCTAGTT,0,1270249
ftsKp2,0.045454545454545456,21,21,AGCGACATTAGCTTCGCCAG,0,1254929
ftsKp2,0.045454545454545456,21,21,AGACTGCTTGTACAGGGCAA,0,1242527
ftsKp2,0.045454545454545456,21,21,ACGTTTTCCGGGCCTTCATA,0,1261659
ftsKp2,0.045454545454545456,21,21,ACGAAATCCTGGACGAAGCG,0,1249125
ftsKp2,0.045454545454545456,21,21,ACACCCCTTTGTGACGTAGA,0,1248578
ftsKp2,0.045454545454545456,21,21,AAGCATTAAGAGTTGTTGTT,0,1269880
ftsKp2,0.045454545454545456,21,21,AACTTGCAGGCTTACGTGAT,0,1241498
ftsKp2,0.045454545454545456,21,21,AAAACCACCCCATTCCATGC,0,1255216
ftsKp2,0.047619047619047616,20,20,TTGGCTAGTGTGCTCGGATT,0,1248588
ftsKp2,0.047619047619047616,20,20,TCGAGAATCCATACCTGTCA,0,1253785
ftsKp2,0.047619047619047616,20,20,TCCCAATTTGGATGGAACTA,0,1259786
ftsKp2,0.047619047619047616,20,20,TCCACTAGGGCTCACGTACG,0,1248034
ftsKp2,0.047619047619047616,20,20,TATTGGAAGTGCAGTTAACA,0,1268546
ftsKp2,0.047619047619047616,20,20,TAATCATTCTTGAGCACAGC,0,1248909
ftsKp2,0.047619047619047616,20,20,GTCCCAGCTCACTGAATGCA,0,1270601
ftsKp2,0.047619047619047616,20,20,GTCAAGGGGTAGAGGTTAAT,0,1256826
ftsKp2,0.047619047619047616,20,20,GTAGAACATCATATTGGGTA,0,1258766
ftsKp2,0.047619047619047616,20,20,GGTTCAGGCCCTCGTCGGGA,0,1254896
ftsKp2,0.047619047619047616,20,20,GGGTCGCTGGTTACCAGAAT,0,1244796
ftsKp2,0.047619047619047616,20,20,GGGGTCAAGTGTCGCTACAG,0,1248365
ftsKp2,0.047619047619047616,20,20,GGGGATCACCGGGTTTTGTT,0,1239625
ftsKp2,0.047619047619047616,20,20,GGCTCATATAGCAGCCCGGT,0,1241798
ftsKp2,0.047619047619047616,20,20,GGCAGTCCACCTCTCGGGGA,0,1267082
ftsKp2,0.047619047619047616,20,20,GGATATCCCAACCGTTCCAG,0,1241388
ftsKp2,0.047619047619047616,20,20,GGAATGGGTCCCTGCCATGG,0,1242581
ftsKp2,0.047619047619047616,20,20,GCTAGCGGAATCTACCACTA,0,1262215
ftsKp2,0.047619047619047616,20,20,CTCTGCGGCAACCATTCGGC,0,1244231
ftsKp2,0.047619047619047616,20,20,CTCGTGTGATGTGACGTTGC,0,1265328
ftsKp2,0.047619047619047616,20,20,CTCGGAGTTTGAGTGTTGCT,0,1253507
ftsKp2,0.047619047619047616,20,20,CTCCCGAAGGACGAGACGAA,0,1244123
ftsKp2,0.047619047619047616,20,20,CGTATAGCGTTGTGCTAGTA,0,1244777
ftsKp2,0.047619047619047616,20,20,CGGTGTGCGCGGTCCTCGCC,0,1248398
ftsKp2,0.047619047619047616,20,20,CGCCCGTTCATTTTCACGTG,0,1245615
ftsKp2,0.047619047619047616,20,20,CGAGGTACCGGTATATGAAA,0,1261232
ftsKp2,0.047619047619047616,20,20,CCTGAGCTACTCTCACTATC,0,1261954
ftsKp2,0.047619047619047616,20,20,CCCGGCTTGCAGTTGGCCGT,0,1256492
ftsKp2,0.047619047619047616,20,20,CACTGTGGCGTCAGCGCAAT,0,1247595
ftsKp2,0.047619047619047616,20,20,ATTACTTGTCTGGACGCTGG,0,1242699
ftsKp2,0.047619047619047616,20,20,ATGCTGACTCGGTACGCCAA,0,1259799
ftsKp2,0.047619047619047616,20,20,ATCAGGCAAGGAGATCGGCA,0,1240002
ftsKp2,0.047619047619047616,20,20,ATACTGCTGGCATTGCGTTA,0,1259891
ftsKp2,0.047619047619047616,20,20,AGGTGGCAGCTGAGAGTGGG,0,1257608
ftsKp2,0.047619047619047616,20,20,AGCCAGGTGCAAACATTAAA,0,1242660
ftsKp2,0.047619047619047616,20,20,AGATTAACCAAGGGTTTCTG,0,1265351
ftsKp2,0.047619047619047616,20,20,AGATATGGCCGTCATTTCCA,0,1244173
ftsKp2,0.047619047619047616,20,20,AGAAAAGGATACGTGGGGAC,0,1241958
ftsKp2,0.047619047619047616,20,20,ACGTTGCGGCTTCAGGGGCA,0,1240513
ftsKp2,0.047619047619047616,20,20,AATACACAACCTAGTGCGAT,0,1260437
ftsKp2,0.047619047619047616,20,20,AATAATATAAGGGTACAGGA,0,1248883
ftsKp2,0.05,19,19,TTTTCTGAAGTCGGTGCCGG,0,1242629
ftsKp2,0.05,19,19,TTTCGTCCTGCAGAGAGGTA,0,1266566
ftsKp2,0.05,19,19,TTAACTGTCGGAGTCGTGCC,0,1245022
ftsKp2,0.05,19,19,TGGTATGCTAAGCCCTGAGG,0,1239479
ftsKp2,0.05,19,19,TCTACAGTTCTCCGAAAACT,0,1247137
ftsKp2,0.05,19,19,TCGGCATGAATCTGCCTCCA,0,1254893
ftsKp2,0.05,19,19,TCCTGTGCGTAAACTCGGAT,0,1270352
ftsKp2,0.05,19,19,TCCTGATTGAAACAGCCGAG,0,1241553
ftsKp2,0.05,19,19,TCCGCTTCTATAATGTAGGG,0,1256728
ftsKp2,0.05,19,19,TCCATAAATCAACGACCGGT,0,1246751
ftsKp2,0.05,19,19,TCAAGAAGCCCAAGTAGCGC,0,1255091
ftsKp2,0.05,19,19,TATTTTGCCAAGGGCCGCGT,0,1254753
ftsKp2,0.05,19,19,TAATAGAGTTCTATTCGTTG,0,1265535
ftsKp2,0.05,19,19,GTCAGTTGTTTTGAGCTTCG,0,1245594
ftsKp2,0.05,19,19,GTCACCTATACTGTGTATGT,0,1245733
ftsKp2,0.05,19,19,GGTGGCTTGGCTACCATTCA,0,1241935
ftsKp2,0.05,19,19,GGTCCGCAGCCCAGCCCATC,0,1257861
ftsKp2,0.05,19,19,GGGCGCTATCGGCATCCAAT,0,1244316
ftsKp2,0.05,19,19,GGGCAGATGCGCGTAATGAG,0,1243729
ftsKp2,0.05,19,19,GGGAAGTACATTCGAACTCT,0,1267766
ftsKp2,0.05,19,19,GGCCAGTGGCCACAGAGTGC,0,1243860
ftsKp2,0.05,19,19,GGATAATATGCACGAGACAT,0,1251904
ftsKp2,0.05,19,19,GGACAACGTAAGGCAACGTG,0,1257203
ftsKp2,0.05,19,19,GCGTCAGAGAGAAATGAACA,0,1256981
ftsKp2,0.05,19,19,GCGGTGGGCAGCAGAGGGAG,0,1243595
ftsKp2,0.05,19,19,GCGGCCCAGCGTACGCGCTA,0,1241228
ftsKp2,0.05,19,19,GCGAAGTTATATTAATGACC,0,1258484
ftsKp2,0.05,19,19,GATGACGGTTCGTCTACCAT,0,1244651
ftsKp2,0.05,19,19,GACTCGAGGCCCAACCCGAA,0,1248083
ftsKp2,0.05,19,19,CTTGAGGTGCAACCATATGT,0,1268536
ftsKp2,0.05,19,19,CTGATGTAGATTGCACTATT,0,1264814
ftsKp2,0.05,19,19,CTAGCGACGCCTTTACTATA,0,1264571
ftsKp2,0.05,19,19,CTAAACTATCAGTGGCGTCT,0,1260480
ftsKp2,0.05,19,19,CGTCGAGCCCGGACATACAA,0,1254211
ftsKp2,0.05,19,19,CCGTGGTCGTTCTTCACCTG,0,1242927
ftsKp2,0.05,19,19,CCGAGACTGCTGTCAACAAG,0,1246484
ftsKp2,0.05,19,19,CCAGACGCACCCCGAACGTT,0,1265002
ftsKp2,0.05,19,19,CATTTCGTCTTAAAGCATCA,0,1262731
ftsKp2,0.05,19,19,CAGTGCCAAATCTTGGCTGA,0,1251011
ftsKp2,0.05,19,19,CACGGTAGCCTACAAGCTTG,0,1251772
ftsKp2,0.05,19,19,ATTTATAAAGGTATTAAAGT,0,1250383
ftsKp2,0.05,19,19,ATGTATAGCATAAGGATTGT,0,1260898
ftsKp2,0.05,19,19,ATGGTACACTCATAAGTGTG,0,1252645
ftsKp2,0.05,19,19,ATCAAGAATGCTACTCGCAT,0,1266201
ftsKp2,0.05,19,19,ATATAGTCCTAAGGGTTACA,0,1240307
ftsKp2,0.05,19,19,ATAGGTGTGAGCGGGACCGT,0,1242138
ftsKp2,0.05,19,19,AGTGGCGTAAAGGCGGCGAG,0,1245558
ftsKp2,0.05,19,19,AGGGTCTTTATCGTGTTGCA,0,1245824
ftsKp2,0.05,19,19,AGGAATCCCCCACCTCAATA,0,1263646
ftsKp2,0.05,19,19,ACTGGCATTCATAGAAGACT,0,1250026
ftsKp2,0.05,19,19,ACCTGGAAGGATAATTAGCG,0,1252273
ftsKp2,0.05,19,19,ACCTATCTTTTTTTGGTTGA,0,1268221
ftsKp2,0.05,19,19,ACCAGAGGCGCCTCTTAGTA,0,1268810
ftsKp2,0.05,19,19,ACCACTCGCCCATTGCAGGA,0,1247873
ftsKp2,0.05,19,19,AATTGGCATGCATCCGAGAA,0,1260092
ftsKp2,0.05,19,19,AACATATATCCGTAGAGCAT,0,1252680
ftsKp2,0.05,19,19,AAAGCAGGAGATGGCTAAGG,0,1260199
ftsKp2,0.05,19,19,AAAGAGCTTAACTTTGAGTG,0,1246102
ftsKp2,0.05,19,19,AAAATCGTTCTTAAAGGATC,0,1244648
ftsKp2,0.05263157894736842,18,18,TTTGAGAGATCTGATTGAAA,0,1251261
ftsKp2,0.05263157894736842,18,18,TTTACTGCGATGGAACTCAG,0,1255120
ftsKp2,0.05263157894736842,18,18,TCGCCACCTCGGGATGGCCG,0,1240421
ftsKp2,0.05263157894736842,18,18,TCCCTCCTTGCTCCAGGGTT,0,1248637
ftsKp2,0.05263157894736842,18,18,TCATTCCTCTTAACACGGTG,0,1270048
ftsKp2,0.05263157894736842,18,18,TCATATAAGAATACACGACA,0,1241137
ftsKp2,0.05263157894736842,18,18,TCACAAATACTCAGACATTT,0,1252886
ftsKp2,0.05263157894736842,18,18,TCAAAGAAGGATCAAGCGAT,0,1263301
ftsKp2,0.05263157894736842,18,18,TAGTCACGGCGGACTACCGG,0,1255530
ftsKp2,0.05263157894736842,18,18,TAGGCGGACCCTTTTCGTCT,0,1240596
ftsKp2,0.05263157894736842,18,18,TACTGACCACTCAAAGTATT,0,1252907
ftsKp2,0.05263157894736842,18,18,TACGATTGGGCACTAAAAGT,0,1243559
ftsKp2,0.05263157894736842,18,18,GTCCCCGGTGGGCGTGAGTA,0,1251506
ftsKp2,0.05263157894736842,18,18,GTAACTAAAACTTGGTAAAC,0,1270590
ftsKp2,0.05263157894736842,18,18,GGTCGGTTCAGAGCGGTTGT,0,1241960
ftsKp2,0.05263157894736842,18,18,GGTCCCGCTTGGAGCTGCGC,0,1251486
ftsKp2,0.05263157894736842,18,18,GGCGCTGCGACAAAATCGAT,0,1266441
ftsKp2,0.05263157894736842,18,18,GGAGGTGTCGGCACGTTCTA,0,1266293
ftsKp2,0.05263157894736842,18,18,GGAGGGTGCAAACTTAGGTG,0,1264018
ftsKp2,0.05263157894736842,18,18,GGACAGTATAGAGCAGATGT,0,1249238
ftsKp2,0.05263157894736842,18,18,GGAATTGTTAATATGGCTTT,0,1262964
ftsKp2,0.05263157894736842,18,18,GCTTGAAATCGTATCCACAT,0,1257803
ftsKp2,0.05263157894736842,18,18,GCAGCTAGAGTGTCACATGA,0,1243418
ftsKp2,0.05263157894736842,18,18,GCACTTTCGAGGTAAATAGG,0,1255038
ftsKp2,0.05263157894736842,18,18,GCACTGCGCACGGTCCTGAA,0,1242157
ftsKp2,0.05263157894736842,18,18,CTGTTTGTTAATGGCGTATC,0,1252421
ftsKp2,0.05263157894736842,18,18,CTCGCTTTTCATTCAGAGAC,0,1244529
ftsKp2,0.05263157894736842,18,18,CTCGAACTTCCCTACGCTGG,0,1240111
ftsKp2,0.05263157894736842,18,18,CGTCGCCTCTATCCTATGGA,0,1242186
ftsKp2,0.05263157894736842,18,18,CGTATTGAATCAATATTTTC,0,1263724
ftsKp2,0.05263157894736842,18,18,CGGTTCTACAGAGGCTCAAA,0,1243503
ftsKp2,0.05263157894736842,18,18,CGGGATGTACTAGCCATCAG,0,1245779
ftsKp2,0.05263157894736842,18,18,CGGCTGCCGCTTTCGTGCTA,0,1256801
ftsKp2,0.05263157894736842,18,18,CGCTCGTCACTTGTATTCGC,0,1241217
ftsKp2,0.05263157894736842,18,18,CCTATAGCTCCCCCCGGATG,0,1270482
ftsKp2,0.05263157894736842,18,18,CCTAGGGAAAACTGGTATCT,0,1263781
ftsKp2,0.05263157894736842,18,18,CCGTAGGGGGAGGGCTTTAT,0,1268857
ftsKp2,0.05263157894736842,18,18,CCGGATTCGATGGACGCGAG,0,1268489
ftsKp2,0.05263157894736842,18,18,CCCTCGCCGGGATGTCTATA,0,1240441
ftsKp2,0.05263157894736842,18,18,CCCCTCATCATGCCGCCCTA,0,1245106
ftsKp2,0.05263157894736842,18,18,CCCCATGTCGAGTTCTCGGC,0,1266869
ftsKp2,0.05263157894736842,18,18,CCATGAGTTGGACTCTTGCT,0,1262181
ftsKp2,0.05263157894736842,18,18,CCAGGAAGGGACATCCATCA,0,1266736
ftsKp2,0.05263157894736842,18,18,CATGCAGCGTGGTTGGAAAG,0,1243507
ftsKp2,0.05263157894736842,18,18,ATGCGTAGATAAAAACACGC,0,1245183
ftsKp2,0.05263157894736842,18,18,ATGAATCAGAGTGTATGGAG,0,1239757
ftsKp2,0.05263157894736842,18,18,ATAGGGACGGATTCTCGGCA,0,1271152
ftsKp2,0.05263157894736842,18,18,AGGGAAGTTATTCCTACTGT,0,1242187
ftsKp2,0.05263157894736842,18,18,ACTGTAAGATCGGATTACAA,0,1261107
ftsKp2,0.05263157894736842,18,18,ACTCGGGACAGGCGGTAGCC,0,1268094
ftsKp2,0.05263157894736842,18,18,ACTAGAGGTCACCACACTAT,0,1265193
ftsKp2,0.05263157894736842,18,18,ACGTCTGTTCCCGTAGAGTA,0,1250098
ftsKp2,0.05263157894736842,18,18,ACGGTAACCTTGTTTCGCCG,0,1251007
ftsKp2,0.05263157894736842,18,18,ACAGCAGTTGAAAGTGACCT,0,1243925
ftsKp2,0.05263157894736842,18,18,AACTTAGTTTGCATTTAACG,0,1250485
ftsKp2,0.05263157894736842,18,18,AACGGGAGCGTCTACCCTAC,0,1247493
ftsKp2,0.05263157894736842,18,18,AAACAAGTTAGTTATTATAA,0,1254946
ftsKp2,0.05555555555555555,17,17,TTTCTAGTGGCGCAAAGATT,0,1263337
ftsKp2,0.05555555555555555,17,17,TTGTTCTATTGTCCATGTCC,0,1255499
ftsKp2,0.05555555555555555,17,17,TTGGGTTTTGAGGCCTTGAC,0,1240418
ftsKp2,0.05555555555555555,17,17,TTGCTACCAGTCGGTGTGAC,0,1247324
ftsKp2,0.05555555555555555,17,17,TTATACCTGTGTGTACCGAG,0,1250922
ftsKp2,0.05555555555555555,17,17,TTACAAGAGCCAAAATATAG,0,1239326
ftsKp2,0.05555555555555555,17,17,TGTGGGACACTCGGTGTCAC,0,1256914
ftsKp2,0.05555555555555555,17,17,TGTCATTTTATAAGCAGGTG,0,1258008
ftsKp2,0.05555555555555555,17,17,TGTATGGTCCAAATGGGAGA,0,1267825
ftsKp2,0.05555555555555555,17,17,TGGCTGGATATAAATAGTTG,0,1250163
ftsKp2,0.05555555555555555,17,17,TGGCTATCGGGCAGTCCAAC,0,1248838
ftsKp2,0.05555555555555555,17,17,TGCGATTTAAAAGTCTGGGT,0,1245309
ftsKp2,0.05555555555555555,17,17,TGACGTTAATTTCCGATTCT,0,1262963
ftsKp2,0.05555555555555555,17,17,TGACCCGAAAGCGTTAGAGC,0,1264866
ftsKp2,0.05555555555555555,17,17,TCTTCTGCTCATGCGGGGCG,0,1265594
ftsKp2,0.05555555555555555,17,17,TCCGTATCTGTAAACGGTAT,0,1259255
ftsKp2,0.05555555555555555,17,17,TCCGTAGATAGTATAAGAAA,0,1262185
ftsKp2,0.05555555555555555,17,17,TATATGTGCCGGGAATTCAC,0,1239797
ftsKp2,0.05555555555555555,17,17,TACGGGGTAGAGTGTGAGCT,0,1242466
ftsKp2,0.05555555555555555,17,17,TAATCGCAACTCTTTAGTCC,0,1261164
ftsKp2,0.05555555555555555,17,17,GTTACAGCACCGCAGGTAGT,0,1262677
ftsKp2,0.05555555555555555,17,17,GTCTATGTTGGCCAGCTACT,0,1262623
ftsKp2,0.05555555555555555,17,17,GTAATGCACATCGTCCTGGC,0,1262408
ftsKp2,0.05555555555555555,17,17,GGTATAGTGGTACTAACCAT,0,1263850
ftsKp2,0.05555555555555555,17,17,GGCGAGAAAATTTATCAGTT,0,1250981
ftsKp2,0.05555555555555555,17,17,GGCATGGACAGAAATACTTT,0,1265659
ftsKp2,0.05555555555555555,17,17,GGCAATTCAGTAGACCGTCG,0,1261012
ftsKp2,0.05555555555555555,17,17,GGAGGGCCGTTCTAAGAACG,0,1253443
ftsKp2,0.05555555555555555,17,17,GCTGTAAGTGCTGAATTCAG,0,1261955
ftsKp2,0.05555555555555555,17,17,GCTGAACGCTAACGTAATAT,0,1261943
ftsKp2,0.05555555555555555,17,17,GCGGTAAGCTTTTGGCAGCC,0,1255066
ftsKp2,0.05555555555555555,17,17,GCGATTTAGCATGGTCGAGA,0,1255486
ftsKp2,0.05555555555555555,17,17,GCGAGTGCTCGTAGCTCTAA,0,1239759
ftsKp2,0.05555555555555555,17,17,GCGAAGATATATCCGAGCAT,0,1242643
ftsKp2,0.05555555555555555,17,17,GCCAGTTTCAGATTGTCAAA,0,1245075
ftsKp2,0.05555555555555555,17,17,GATCGCCGTTAACTATATAG,0,1265082
ftsKp2,0.05555555555555555,17,17,GACTGGGGACAAGGTTTGAA,0,1257317
ftsKp2,0.05555555555555555,17,17,GACCATGTGATTCGCTGGGG,0,1264326
ftsKp2,0.05555555555555555,17,17,CTGTTGTTCGCACGTCTCGC,0,1260118
ftsKp2,0.05555555555555555,17,17,CTGTTAGCGTCGTGCTCGCT,0,1243671
ftsKp2,0.05555555555555555,17,17,CTCGGCTGATGGCATTCGTA,0,1242010
ftsKp2,0.05555555555555555,17,17,CTAGGTAAATGTCAGAAGGG,0,1257184
ftsKp2,0.05555555555555555,17,17,CTAACTCTGCTCGAAACTAC,0,1269855
ftsKp2,0.05555555555555555,17,17,CGTACGACACAATAGCGTCG,0,1247646
ftsKp2,0.05555555555555555,17,17,CGGTTAGTGGAGGACGGATC,0,1255716
ftsKp2,0.05555555555555555,17,17,CGGTGTGCTTTTTAAATCAA,0,1264200
ftsKp2,0.05555555555555555,17,17,CGGCGTGCCACCAGGCGGCC,0,1252870
ftsKp2,0.05555555555555555,17,17,CGGCGGGCTGACTGGTGACG,0,1240008
ftsKp2,0.05555555555555555,17,17,CGGCAAAATCGGGGTCGAGT,0,1251152
ftsKp2,0.05555555555555555,17,17,CGACGCATCACTTGAAAAAT,0,1251077
ftsKp2,0.05555555555555555,17,17,CGACATTGTACCCTGTTACA,0,1261687
ftsKp2,0.05555555555555555,17,17,CGACATCTCTCAGAAAATGG,0,1256343
ftsKp2,0.05555555555555555,17,17,CCTAGGACGTCCATTCCAAT,0,1257280
ftsKp2,0.05555555555555555,17,17,CCTAATTATGACCGCATGAA,0,1263083
ftsKp2,0.05555555555555555,17,17,CCGGGACCTAGGATGGTGCT,0,1260465
ftsKp2,0.05555555555555555,17,17,CCCCTCTGTCCTGGTGGAAT,0,1257150
ftsKp2,0.05555555555555555,17,17,CACGGTCCGGGAGTGTCATT,0,1242130
ftsKp2,0.05555555555555555,17,17,CACCATCATTCACTCTCTCA,0,1242860
ftsKp2,0.05555555555555555,17,17,CAAAATTTATTCACATGCTG,0,1253606
ftsKp2,0.05555555555555555,17,17,ATTCGACCATAAGAGAGAGT,0,1242344
ftsKp2,0.05555555555555555,17,17,ATCGGTTTGCCAATTCCTAT,0,1264673
ftsKp2,0.05555555555555555,17,17,ATAATGACGGTGCGTATCGC,0,1246353
ftsKp2,0.05555555555555555,17,17,AGAGGTAGATGTGAACTTCT,0,1243744
ftsKp2,0.05555555555555555,17,17,AGAAAACACTGTGCCGCGGG,0,1252473
ftsKp2,0.05555555555555555,17,17,ACGTATCCCACAACTAGACC,0,1245107
ftsKp2,0.05555555555555555,17,17,ACGGTAATCTCTAGCTTCGG,0,1257396
ftsKp2,0.05555555555555555,17,17,ACGATGTTGGACCTGCAGTA,0,1248011
ftsKp2,0.05555555555555555,17,17,AAGTTGCAGCGTAAGCGCCC,0,1252782
ftsKp2,0.05555555555555555,17,17,AAGTTATCAGATGGCGGGTT,0,1264848
ftsKp2,0.05555555555555555,17,17,AAGGTTTCGAAGCGAATCAT,0,1247810
ftsKp2,0.05555555555555555,17,17,AAGGATGGTAGGGACATCGA,0,1245328
ftsKp2,0.05555555555555555,17,17,AAGCTCGGCATTAGAAGAAT,0,1255847
ftsKp2,0.05555555555555555,17,17,AACGTAGGTTAATGGCAAGG,0,1249811
ftsKp2,0.05555555555555555,17,17,AACCTATGCCGACGTCTCAG,0,1246242
ftsKp2,0.05555555555555555,17,17,AAAGTCGGCGGGAGGACGTC,0,1239333
ftsKp2,0.058823529411764705,16,16,TTTGTCGAGCCTGACTACGT,0,1269424
ftsKp2,0.058823529411764705,16,16,TTGCTGTCTGCGTCCTGGGA,0,1265810
ftsKp2,0.058823529411764705,16,16,TTCCGCATCGTGACGGATAT,0,1257183
ftsKp2,0.058823529411764705,16,16,TTCCCATGTTCTGATCAGTA,0,1248865
ftsKp2,0.058823529411764705,16,16,TTAGGGCTCAGCTCTGTCGG,0,1251898
ftsKp2,0.058823529411764705,16,16,TTACCCAGAACCGACACGCC,0,1251810
ftsKp2,0.058823529411764705,16,16,TTACATCGCAAGTAGATTAT,0,1241667
ftsKp2,0.058823529411764705,16,16,TGGTCGGGGCTTCCGTCTTT,0,1262674
ftsKp2,0.058823529411764705,16,16,TGGGACGACCGTGGCTCACT,0,1242633
ftsKp2,0.058823529411764705,16,16,TGGAATAGAACAAGCAACAT,0,1244337
ftsKp2,0.058823529411764705,16,16,TGGAAACGGGTGCGGGGCGA,0,1265039
ftsKp2,0.058823529411764705,16,16,TGCCCTTAGTCGGCGGACAG,0,1261322
ftsKp2,0.058823529411764705,16,16,TGCCATGTACTTCTGGTGAA,0,1265194
ftsKp2,0.058823529411764705,16,16,TGACATCTGTATGCCGCGTT,0,1239926
ftsKp2,0.058823529411764705,16,16,TGAAGAGTCCTCGGTCAACA,0,1250900
ftsKp2,0.058823529411764705,16,16,TCTCATGGCATTCCTCGGTT,0,1241393
ftsKp2,0.058823529411764705,16,16,TCGGGGGGAAGCTTCGGGCA,0,1247868
ftsKp2,0.058823529411764705,16,16,TCCCGTTATGAGACGGTCTT,0,1251851
ftsKp2,0.058823529411764705,16,16,TCCACTAGGAACGCATACTG,0,1258527
ftsKp2,0.058823529411764705,16,16,TAGAAAGGGTAGAGGGCGCA,0,1270952
ftsKp2,0.058823529411764705,16,16,TACCGCGCCTGGTGTGATTG,0,1242242
ftsKp2,0.058823529411764705,16,16,GTCTAGACATAGGCCTGGTA,0,1249472
ftsKp2,0.058823529411764705,16,16,GTATGCTTGAGTTATGTTGA,0,1255183
ftsKp2,0.058823529411764705,16,16,GTACTCCTTGGTGCGGACCC,0,1264989
ftsKp2,0.058823529411764705,16,16,GGTGGCGTCTTGCTGTAGGA,0,1245046
ftsKp2,0.058823529411764705,16,16,GGTAGATCACGGGGGCCTGA,0,1256613
ftsKp2,0.058823529411764705,16,16,GGATGCTAGGCAATACTCCT,0,1247417
ftsKp2,0.058823529411764705,16,16,GCTGAACTGGCACATGATCA,0,1242162
ftsKp2,0.058823529411764705,16,16,GCGAAGGTGCATGTGACTGA,0,1252150
ftsKp2,0.058823529411764705,16,16,GCAGCCCGATAAAGTAGCAA,0,1246161
ftsKp2,0.058823529411764705,16,16,GATCAGCACAGAAGGGAAGT,0,1256346
ftsKp2,0.058823529411764705,16,16,GATAGTGTGCTACCCAAGCA,0,1257089
ftsKp2,0.058823529411764705,16,16,GAGGTACATTACCGGTTGGC,0,1257362
ftsKp2,0.058823529411764705,16,16,GAACATCTGCGCCACGCAGG,0,1269443
ftsKp2,0.058823529411764705,16,16,CTGCAGCACGCTGCTAATAA,0,1255157
ftsKp2,0.058823529411764705,16,16,CTCTTCGCCGAGCGGGCCAG,0,1264028
ftsKp2,0.058823529411764705,16,16,CTATACTGGCAACAATGGTT,0,1244051
ftsKp2,0.058823529411764705,16,16,CGTTCTCAGATTCAGCCGTA,0,1267336
ftsKp2,0.058823529411764705,16,16,CGTGTTTCGGACTGTCTGTA,0,1267062
ftsKp2,0.058823529411764705,16,16,CGTCCCTTGTTCGGTACTTT,0,1245783
ftsKp2,0.058823529411764705,16,16,CGAGCAAATCTATAGGTGCA,0,1247420
ftsKp2,0.058823529411764705,16,16,CGAGACAAGGTAATGACCTG,0,1242663
ftsKp2,0.058823529411764705,16,16,CCTGCTGACGGTTCGTAAAA,0,1243598
ftsKp2,0.058823529411764705,16,16,CCTAACGATCTGCGACGAGT,0,1251048
ftsKp2,0.058823529411764705,16,16,CCGTTAAAAGCCGCCTAGAC,0,1265541
ftsKp2,0.058823529411764705,16,16,CCGTCGATATACGGACTGGT,0,1248329
ftsKp2,0.058823529411764705,16,16,CCGCGTTGGTACTATTATCG,0,1265600
ftsKp2,0.058823529411764705,16,16,CCCTGCTGCAGAATTCGCTT,0,1266299
ftsKp2,0.058823529411764705,16,16,CCCCTGATGCCAGCAAGAGG,0,1241847
ftsKp2,0.058823529411764705,16,16,CCCCCCGCGCGCAAACTACG,0,1260013
ftsKp2,0.058823529411764705,16,16,CATGATATAGATTGTGCCCC,0,1240967
ftsKp2,0.058823529411764705,16,16,CATACTTCGGCACGGTTGGC,0,1243646
ftsKp2,0.058823529411764705,16,16,CAGTGAGCTCTGAGCGGTTA,0,1269190
ftsKp2,0.058823529411764705,16,16,CACGGACATTACATGTTACA,0,1264107
ftsKp2,0.058823529411764705,16,16,CACGCGCAGACCGATTTCAT,0,1249569
ftsKp2,0.058823529411764705,16,16,ATTTCAAACGGAGAGATGAA,0,1255730
ftsKp2,0.058823529411764705,16,16,ATTGGTCGCGCTGTATGGTA,0,1257013
ftsKp2,0.058823529411764705,16,16,ATTGGAGATTACGGAGCTCA,0,1267602
ftsKp2,0.058823529411764705,16,16,ATTCTTGGGAGGCAGCAGTA,0,1261135
ftsKp2,0.058823529411764705,16,16,ATGGCGTGGGATGCGGTTGA,0,1260513
ftsKp2,0.058823529411764705,16,16,ATGATGCTCCTTACTGTGTT,0,1242312
ftsKp2,0.058823529411764705,16,16,ATAGCTTACCGCGATGTTCA,0,1260037
ftsKp2,0.058823529411764705,16,16,ATAAGGGGGCAAATTTACCA,0,1261992
ftsKp2,0.058823529411764705,16,16,AGTTGGCCCCCAGCTCGGAC,0,1245553
ftsKp2,0.058823529411764705,16,16,AGGGGTACGCGCTCAAGGCA,0,1244786
ftsKp2,0.058823529411764705,16,16,AGGACAGGTCCGAGTTTTCA,0,1252867
ftsKp2,0.058823529411764705,16,16,ACTTCTAGTCTCACCAATGA,0,1243787
ftsKp2,0.058823529411764705,16,16,ACTAGCCAACTGGCTGGTTA,0,1269273
ftsKp2,0.058823529411764705,16,16,ACCTCGTTAGTGGTGTTAGA,0,1240348
ftsKp2,0.058823529411764705,16,16,ACCGATTCTAAAGCTCAGAT,0,1258143
ftsKp2,0.058823529411764705,16,16,AATTTCCGACAAGTTAGCTT,0,1261650
ftsKp2,0.058823529411764705,16,16,AATGGTGGACAATGCAAACT,0,1246435
ftsKp2,0.058823529411764705,16,16,AATAGAGATCGCGCCGAATA,0,1249800
ftsKp2,0.058823529411764705,16,16,AAGCTCTTTCTCATGCGCCC,0,1239729
ftsKp2,0.058823529411764705,16,16,AAGACGGTCACCTACTGTAT,0,1240941
ftsKp2,0.058823529411764705,16,16,AAATCTCGTTAACTGCACTT,0,1239581
ftsKp2,0.058823529411764705,16,16,AAACCGGCTGTGTGGTGGAC,0,1249211
ftsKp2,0.0625,15,15,TTTTACCCTTGAGGCTTCAG,0,1246077
ftsKp2,0.0625,15,15,TTTGGCGGGACCGCACAGGA,0,1261441
ftsKp2,0.0625,15,15,TTTGCTGCACGAACCAATCG,0,1262694
ftsKp2,0.0625,15,15,TTTAGATGGTAGTCACATCG,0,1244267
ftsKp2,0.0625,15,15,TTTAACAGCCATGTAGGACC,0,1256814
ftsKp2,0.0625,15,15,TTCTTCTCCGGCTTGACATT,0,1242741
ftsKp2,0.0625,15,15,TTCTTATTGTGGATAACACA,0,1248580
ftsKp2,0.0625,15,15,TTCTCCAGCGTTTGCTACCA,0,1249936
ftsKp2,0.0625,15,15,TTATCGATCAGAACTGCCAC,0,1263263
ftsKp2,0.0625,15,15,TTATAGGCGCGTGAGGGGTC,0,1244323
ftsKp2,0.0625,15,15,TTATACCTCGATTCCTGCTG,0,1240919
ftsKp2,0.0625,15,15,TGTTGTTGAGTACCTCAGCC,0,1267509
ftsKp2,0.0625,15,15,TGTGATTGTTGCTGACGGAC,0,1257876
ftsKp2,0.0625,15,15,TGCGGCAGCGACCTCATAGT,0,1242031
ftsKp2,0.0625,15,15,TGCACGTAAATGGCCGAGGG,0,1263112
ftsKp2,0.0625,15,15,TGCAATTGAAGGTTCTCGAA,0,1255252
ftsKp2,0.0625,15,15,TGATGATGTCAAACGCACGA,0,1263427
ftsKp2,0.0625,15,15,TGAGGACTTGTAATCGAGAC,0,1258874
ftsKp2,0.0625,15,15,TGACCGAGCCTTCCCTTGAA,0,1242754
ftsKp2,0.0625,15,15,TGAAAGCCGGAATTCGCGGG,0,1240446
ftsKp2,0.0625,15,15,TCGGAGAGTATAGGTCCTAG,0,1259924
ftsKp2,0.0625,15,15,TCGCCCGTTCATCGTTGGTT,0,1248141
ftsKp2,0.0625,15,15,TCCGCCAAGGGTTTTGTCCA,0,1248866
ftsKp2,0.0625,15,15,TCCCCTCAGGTTCGGATCGA,0,1260245
ftsKp2,0.0625,15,15,TCATTAAATATCGTGTGGGT,0,1239678
ftsKp2,0.0625,15,15,TAGCCGCAGTTGGTAATTGA,0,1264959
ftsKp2,0.0625,15,15,TAGCCATGGTCTCGTTGAAG,0,1246967
ftsKp2,0.0625,15,15,TAACCTAATTGCGTGAGTCA,0,1248277
ftsKp2,0.0625,15,15,TAAAACACGCCTTTTGTTGG,0,1271154
ftsKp2,0.0625,15,15,GTTTTGAATTAATTTACTAG,0,1265734
ftsKp2,0.0625,15,15,GTATATCCACATCGGTGTTC,0,1266424
ftsKp2,0.0625,15,15,GTAAATAGATTCTGCGACGA,0,1248721
ftsKp2,0.0625,15,15,GGTTCTGGTTACGGTGACCA,0,1239912
ftsKp2,0.0625,15,15,GGGTAAATACGCCCGAACTT,0,1263650
ftsKp2,0.0625,15,15,GGCATCTTGGAAAACGGCGG,0,1249548
ftsKp2,0.0625,15,15,GGACCCACTCGGGAGGTCGG,0,1259642
ftsKp2,0.0625,15,15,GCGTTAAACTCTGGATAAAG,0,1253127
ftsKp2,0.0625,15,15,GCGGAATCCGTGCAATGGAG,0,1254087
ftsKp2,0.0625,15,15,GCGCAGGAAAGGAGACCCGG,0,1270279
ftsKp2,0.0625,15,15,GCCATACATGCTCTGGGCAT,0,1253982
ftsKp2,0.0625,15,15,GATAAGTGAAACTCTCCTAT,0,1270771
ftsKp2,0.0625,15,15,GAGTGCCCAAGACCCGAGAA,0,1258594
ftsKp2,0.0625,15,15,GAGGCAATACCGAATTAGGC,0,1247062
ftsKp2,0.0625,15,15,GAACATGACGAATGTGTACT,0,1266494
ftsKp2,0.0625,15,15,CTTTGCCAGTAGCGACGAGT,0,1265901
ftsKp2,0.0625,15,15,CTCGTTTAGCTAAAGGCAAT,0,1242489
ftsKp2,0.0625,15,15,CTATCTTGAGCCCTGAAACT,0,1246801
ftsKp2,0.0625,15,15,CTATAGCCAGGACTTTCTGG,0,1241327
ftsKp2,0.0625,15,15,CTATAATCCATTCCGGCGGG,0,1242000
ftsKp2,0.0625,15,15,CTAGTGAATAGAGCAACCTA,0,1240358
ftsKp2,0.0625,15,15,CTACGGTACCACACTCTCTG,0,1248086
ftsKp2,0.0625,15,15,CGTGTACGGTTAATAACATG,0,1242250
ftsKp2,0.0625,15,15,CGGTGGGCATCAATGTACGG,0,1252634
ftsKp2,0.0625,15,15,CGGGCGACGTCGGTTGGACC,0,1258370
ftsKp2,0.0625,15,15,CGGATTGCCGAAATCGCCCT,0,1245108
ftsKp2,0.0625,15,15,CGCTGTATCGGAACTGTACT,0,1251419
ftsKp2,0.0625,15,15,CGCGGCTGCTCTCCGAACAT,0,1258249
ftsKp2,0.0625,15,15,CGCACGGCCAGAGGCTTTTG,0,1259280
ftsKp2,0.0625,15,15,CCTTGACCGCTTAGCATAAT,0,1245197
ftsKp2,0.0625,15,15,CCTGTCGGCTGATTGATTAC,0,1253964
ftsKp2,0.0625,15,15,CCTGGACGCGAATCGTAGAA,0,1245387
ftsKp2,0.0625,15,15,CCTAGCGAAATTAGTGCAGT,0,1241385
ftsKp2,0.0625,15,15,CCCGCTAGTATGCGATCCTA,0,1254020
ftsKp2,0.0625,15,15,CCAGGTCCTCGGCAAAGAGT,0,1248148
ftsKp2,0.0625,15,15,CCAATGATACCAAGTGTCAA,0,1239374
ftsKp2,0.0625,15,15,CCAAGTGGCACGTTACTAGG,0,1257768
ftsKp2,0.0625,15,15,CATCGGTACCCCCCGTAGGT,0,1247382
ftsKp2,0.0625,15,15,CATCGGAGACGTCAACACGA,0,1253652
ftsKp2,0.0625,15,15,CAGCGGAGTAACCCGGTTTC,0,1249054
ftsKp2,0.0625,15,15,CACATCTAACATTGTTCATG,0,1252957
ftsKp2,0.0625,15,15,CACAAACGCCGCGGATATTT,0,1260928
ftsKp2,0.0625,15,15,CAAGTGCGGGATTTTGGAAC,0,1269992
ftsKp2,0.0625,15,15,CAACGACATGGTCTCGTTAT,0,1263100
ftsKp2,0.0625,15,15,ATTCCTGGTGAATGAAAGAT,0,1267934
ftsKp2,0.0625,15,15,ATGTGGCTGCTAAGTAGACA,0,1249702
ftsKp2,0.0625,15,15,ATGTCTGCTAATATTTCAAG,0,1257146
ftsKp2,0.0625,15,15,ATGAAGTGTCAGATGGACAT,0,1239397
ftsKp2,0.0625,15,15,ATCGTAGATAATGCTTCAAA,0,1260371
ftsKp2,0.0625,15,15,ATCGACTCGGCACTCGCCTA,0,1247121
ftsKp2,0.0625,15,15,ATCCAGGCCGGTGCCAGTAA,0,1269203
ftsKp2,0.0625,15,15,ATCACACAATGTAACAGTCA,0,1263125
ftsKp2,0.0625,15,15,ATAAGATCACGACGTCGGAT,0,1258864
ftsKp2,0.0625,15,15,AGTTTAGGAGAACAAACCTC,0,1265192
ftsKp2,0.0625,15,15,AGGGCTCTCAAGCGGCTAGT,0,1269324
ftsKp2,0.0625,15,15,AGGGACGGGCGGTAGAGCCC,0,1250248
ftsKp2,0.0625,15,15,AGGCCTGCCGGGATTCAATC,0,1255045
ftsKp2,0.0625,15,15,AGGCCCAATGATCCGAGCCA,0,1268219
ftsKp2,0.0625,15,15,AGCAAGCTCTCCCCAATCGA,0,1255398
ftsKp2,0.0625,15,15,AGAGTAGCCGACCCAACGCA,0,1266792
ftsKp2,0.0625,15,15,ACTTGGGTGTTATCAAAATT,0,1259950
ftsKp2,0.0625,15,15,ACTGGAACCACTCAAGCTAA,0,1247464
ftsKp2,0.0625,15,15,ACTGATGCCTCGTAGAATCC,0,1269928
ftsKp2,0.0625,15,15,ACGATAGACCAATTGATGTT,0,1259181
ftsKp2,0.0625,15,15,AATTGCTGGAGCCAGGCAAA,0,1254981
ftsKp2,0.0625,15,15,AAGTTATACTGGCCCTATGA,0,1252116
ftsKp2,0.0625,15,15,AAGCTAGCCCTTGGCCCGGT,0,1271007
ftsKp2,0.0625,15,15,AACAGACTAACGGGACTTCA,0,1252688
ftsKp2,0.0625,15,15,AAAGCTGTTTCCAGCGCCCG,0,1260497
ftsKp2,0.06666666666666667,14,14,TTTGTTCCACGGATCGATAA,0,1259734
ftsKp2,0.06666666666666667,14,14,TTTGTCGAATCAAGCAAAGC,0,1256875
ftsKp2,0.06666666666666667,14,14,TTTGGCTGGGGTTTCAGTTA,0,1262842
ftsKp2,0.06666666666666667,14,14,TTTGCATGCTTGTATAAATT,0,1263107
ftsKp2,0.06666666666666667,14,14,TTTACATTATTGTTGCATAC,0,1248830
ftsKp2,0.06666666666666667,14,14,TTTAAGGAACATCCGGGTCT,0,1266422
ftsKp2,0.06666666666666667,14,14,TTATCGCTTAAAATCCCGGC,0,1240329
ftsKp2,0.06666666666666667,14,14,TTACGTCATAAGAAGCGGGG,0,1241208
ftsKp2,0.06666666666666667,14,14,TTAATTCTGGTACAGTCACG,0,1242733
ftsKp2,0.06666666666666667,14,14,TGTGTGAGTCTATAGTACTG,0,1257389
ftsKp2,0.06666666666666667,14,14,TGGTTATATGTTGCAGGTTT,0,1247396
ftsKp2,0.06666666666666667,14,14,TGGGCAAGCCGGTAGCTATC,0,1243593
ftsKp2,0.06666666666666667,14,14,TGGGATTTTGCAGCTGGACA,0,1260827
ftsKp2,0.06666666666666667,14,14,TGGCAAATGAGACCCGGGGA,0,1239540
ftsKp2,0.06666666666666667,14,14,TGGAGAAAACCGCCCGTGCT,0,1268951
ftsKp2,0.06666666666666667,14,14,TGCTCCAACTCGCCGGTAGT,0,1253217
ftsKp2,0.06666666666666667,14,14,TGATTCTGTATACGGGGATG,0,1262139
ftsKp2,0.06666666666666667,14,14,TGAGGGGCTCCCACGATACG,0,1261744
ftsKp2,0.06666666666666667,14,14,TGAAGGGTGGTGACCAATGT,0,1258580
ftsKp2,0.06666666666666667,14,14,TCTTCTGCAATGTGGACAAG,0,1241381
ftsKp2,0.06666666666666667,14,14,TCTTATCAATGTCGGGGTCG,0,1252398
ftsKp2,0.06666666666666667,14,14,TCTAGGGGGAAAATGTGTAA,0,1243988
ftsKp2,0.06666666666666667,14,14,TCGTTTACCTTACGGTCACT,0,1262576
ftsKp2,0.06666666666666667,14,14,TCCTCGCTAGGTAGGTATTA,0,1252938
ftsKp2,0.06666666666666667,14,14,TCCGTTTAAGTTTGGAAATA,0,1266960
ftsKp2,0.06666666666666667,14,14,TCCCATTGGGGTTCAGCCAC,0,1250693
ftsKp2,0.06666666666666667,14,14,TATCGGCCAGCGAAGGATAT,0,1246761
ftsKp2,0.06666666666666667,14,14,TAGGAGGCTAGTCGCAAGGA,0,1242616
ftsKp2,0.06666666666666667,14,14,TAGATAGGGGCTTCCTACCG,0,1246636
ftsKp2,0.06666666666666667,14,14,TACTCAGGGTAGCTTGGCTC,0,1251236
ftsKp2,0.06666666666666667,14,14,TAACTGTGGGTTTTGGTGTA,0,1260382
ftsKp2,0.06666666666666667,14,14,TAACACTTTCAAAACGCGAG,0,1257512
ftsKp2,0.06666666666666667,14,14,GTTTGCTAAAGCGAAATGAT,0,1249981
ftsKp2,0.06666666666666667,14,14,GTTAGTCAAGACAGGCCCAT,0,1260090
ftsKp2,0.06666666666666667,14,14,GTTAACCCGGCAGCCCGTAG,0,1239977
ftsKp2,0.06666666666666667,14,14,GTGTTATATTCTTCCAAAAG,0,1245913
ftsKp2,0.06666666666666667,14,14,GTGGTCGGAGTATACTTTCC,0,1245081
ftsKp2,0.06666666666666667,14,14,GTGGGATAGTCGAGCAGCTG,0,1247721
ftsKp2,0.06666666666666667,14,14,GTCTACGGCGCACGCTCTCA,0,1269852
ftsKp2,0.06666666666666667,14,14,GTCCCAAGGCGTATCCTGCA,0,1249639
ftsKp2,0.06666666666666667,14,14,GTCCACGTTTCCAGATTTCA,0,1255855
ftsKp2,0.06666666666666667,14,14,GTATCGCCGGGTTAGGCAAT,0,1251245
ftsKp2,0.06666666666666667,14,14,GTATCAACAGCAGGCCTCAA,0,1255220
ftsKp2,0.06666666666666667,14,14,GGTACTAGGGAACCACCCTA,0,1248769
ftsKp2,0.06666666666666667,14,14,GGTACACTGGCTAAAACAGT,0,1261782
ftsKp2,0.06666666666666667,14,14,GGGGCGAAGGGGGGAGGGCG,0,1250805
ftsKp2,0.06666666666666667,14,14,GGCCGACAGGGGTTTACTGA,0,1262981
ftsKp2,0.06666666666666667,14,14,GGCACAGCTTAAATCTGTGT,0,1270656
ftsKp2,0.06666666666666667,14,14,GGAGGACAAGATGAGGACCT,0,1245156
ftsKp2,0.06666666666666667,14,14,GGAGCGTAGCCCGCCATCTA,0,1248227
ftsKp2,0.06666666666666667,14,14,GCTTGCTGATAAGACCGAAT,0,1250874
ftsKp2,0.06666666666666667,14,14,GCTACCCAGCCCAACCAATC,0,1248791
ftsKp2,0.06666666666666667,14,14,GCGCGATACTGTGTCCACAT,0,1270319
ftsKp2,0.06666666666666667,14,14,GCGCCTGGCAAAAGGTCATG,0,1259931
ftsKp2,0.06666666666666667,14,14,GCGATACGTTGGAGGACTGC,0,1239379
ftsKp2,0.06666666666666667,14,14,GCGACGGAGAGGCTTCATCG,0,1270967
ftsKp2,0.06666666666666667,14,14,GCCTTCGGCGTTTCCGTTTA,0,1262217
ftsKp2,0.06666666666666667,14,14,GCCGCGACTCCGCGTTCAAC,0,1261584
ftsKp2,0.06666666666666667,14,14,GCCAGCAACTCGCCATGGAC,0,1260719
ftsKp2,0.06666666666666667,14,14,GATACGGCTGCTGCAGATCA,0,1257945
ftsKp2,0.06666666666666667,14,14,GAGGGGTTGGAATTCCCGGA,0,1251553
ftsKp2,0.06666666666666667,14,14,GAGCAAAGCAAGATAGTATT,0,1252958
ftsKp2,0.06666666666666667,14,14,CTTGCGCAATATCAACACTG,0,1267187
ftsKp2,0.06666666666666667,14,14,CTTGAGGGAACCGAGGGGCG,0,1261424
ftsKp2,0.06666666666666667,14,14,CTTAGGGCGGTTCCTCCGTG,0,1258847
ftsKp2,0.06666666666666667,14,14,CTGTGCCCGACCGCGCCGAG,0,1243843
ftsKp2,0.06666666666666667,14,14,CTGGGGACCGTTAGGGTAGC,0,1258933
ftsKp2,0.06666666666666667,14,14,CTGGCCCCCTGGGTGTGTCC,0,1254713
ftsKp2,0.06666666666666667,14,14,CTGCTCGTATCCATCGCACA,0,1269897
ftsKp2,0.06666666666666667,14,14,CTGAGTTCCGCTCGGGTTCT,0,1244816
ftsKp2,0.06666666666666667,14,14,CTCCATTCGCCGTTCGGTAC,0,1243738
ftsKp2,0.06666666666666667,14,14,CTCATGTCATTGGAGTACGG,0,1268411
ftsKp2,0.06666666666666667,14,14,CGTTATCCGAGTTGCTCTGC,0,1269557
ftsKp2,0.06666666666666667,14,14,CGTGTAGAACCCGTCTGTGA,0,1266428
ftsKp2,0.06666666666666667,14,14,CGTATCACTTATGAACTCGA,0,1268295
ftsKp2,0.06666666666666667,14,14,CGCTATAGGGTCCGCACCCA,0,1241412
ftsKp2,0.06666666666666667,14,14,CGCCCGGACGAAGATTAGCG,0,1264506
ftsKp2,0.06666666666666667,14,14,CGATCTACACGCAATGTGGG,0,1262265
ftsKp2,0.06666666666666667,14,14,CGATCTAAAACTTGCAGTAT,0,1258098
ftsKp2,0.06666666666666667,14,14,CGAGGAACTTGTGTACGTAT,0,1256678
ftsKp2,0.06666666666666667,14,14,CGACGGCCCCTTGTCCTGCA,0,1248484
ftsKp2,0.06666666666666667,14,14,CGAATTCGTTCAAAGCTCTT,0,1265540
ftsKp2,0.06666666666666667,14,14,CCGTAATTCAGCGGGGGGAT,0,1263163
ftsKp2,0.06666666666666667,14,14,CCGGGCGGGCCTAGGGTCAA,0,1242606
ftsKp2,0.06666666666666667,14,14,CCGGAAAGATGCTAGACTTT,0,1247532
ftsKp2,0.06666666666666667,14,14,CCGCAGGGCCTCGTAATGAA,0,1246837
ftsKp2,0.06666666666666667,14,14,CCCTACATTCCCAGCTCTGA,0,1242052
ftsKp2,0.06666666666666667,14,14,CCCGCTTAGCCTCGATCCAA,0,1250286
ftsKp2,0.06666666666666667,14,14,CCCGACGGCGCACGCTAAGA,0,1257607
ftsKp2,0.06666666666666667,14,14,CCACTAATAGCTTCAAGGGA,0,1246633
ftsKp2,0.06666666666666667,14,14,CATCTCGCAGATAGTACGTC,0,1261533
ftsKp2,0.06666666666666667,14,14,CAGGGAATACGCTTATCACG,0,1240705
ftsKp2,0.06666666666666667,14,14,CAAGAGTCGTAGCCAGTTCA,0,1253225
ftsKp2,0.06666666666666667,14,14,ATTATCCAGCGAGTGTAATA,0,1256023
ftsKp2,0.06666666666666667,14,14,ATGGCGCCAGGACAGATACA,0,1247510
ftsKp2,0.06666666666666667,14,14,ATGCCATACAGCGACTACAG,0,1261776
ftsKp2,0.06666666666666667,14,14,ATCTAGTTACCCAAGTGGGT,0,1263643
ftsKp2,0.06666666666666667,14,14,ATCGTGAACGTGGCTTAAGT,0,1265807
ftsKp2,0.06666666666666667,14,14,ATCAGTGTGGCTCACGATCC,0,1263881
ftsKp2,0.06666666666666667,14,14,ATAGGTAGCTTTGAAACAAG,0,1269477
ftsKp2,0.06666666666666667,14,14,ATAGGCTCTCGCATGTCATA,0,1249834
ftsKp2,0.06666666666666667,14,14,ATAGGCCGTGGAGGTAACGT,0,1253318
ftsKp2,0.06666666666666667,14,14,ATACGGATTAAAGCACGAGT,0,1248468
ftsKp2,0.06666666666666667,14,14,ATAAAGCCAAACGACCTACA,0,1241227
ftsKp2,0.06666666666666667,14,14,AGTTTAGCCCTTATCCGACA,0,1256010
ftsKp2,0.06666666666666667,14,14,AGTCAGCGGTTGCGTCGTAC,0,1255939
ftsKp2,0.06666666666666667,14,14,AGCTGAAACACGGTATTTCG,0,1265132
ftsKp2,0.06666666666666667,14,14,AGCATTCGACAGCGGAGTCA,0,1245688
ftsKp2,0.06666666666666667,14,14,AGAGATTGGAGGACGTGCTA,0,1258902
ftsKp2,0.06666666666666667,14,14,AGACGGAATGCCTTACTCAA,0,1266370
ftsKp2,0.06666666666666667,14,14,AGAAAGTTATCAGTATATGT,0,1261679
ftsKp2,0.06666666666666667,14,14,ACTGCGACCTGTCTTGGAGT,0,1269357
ftsKp2,0.06666666666666667,14,14,ACGTAGTTGTACACCGGCCA,0,1262145
ftsKp2,0.06666666666666667,14,14,ACGCCCCCCAGGCGACGCGG,0,1260945
ftsKp2,0.06666666666666667,14,14,ACGATCGGCCTCGATTTCTT,0,1260511
ftsKp2,0.06666666666666667,14,14,ACCTTGTCTGACATTCTCGT,0,1263594
ftsKp2,0.06666666666666667,14,14,ACCGTTTTACCCGAGTCGCT,0,1255907
ftsKp2,0.06666666666666667,14,14,ACATTCCACATTCGCGGACG,0,1254867
ftsKp2,0.06666666666666667,14,14,ACATACCCCTCCTCTGTTCA,0,1254405
ftsKp2,0.06666666666666667,14,14,AATACTGGGGTAGGTAGCGT,0,1256586
ftsKp2,0.06666666666666667,14,14,AAGTCACTGGGAGAAGCTCA,0,1246463
ftsKp2,0.06666666666666667,14,14,AAGCTTCTAAGGGTCCCCCC,0,1246115
ftsKp2,0.06666666666666667,14,14,AAGCTAGGGACGACATCGCT,0,1245635
ftsKp2,0.06666666666666667,14,14,AACTCTACGCGCGGGTATCT,0,1262000
ftsKp2,0.06666666666666667,14,14,AACATTGGTACACCCGGTGA,0,1240355
ftsKp2,0.06666666666666667,14,14,AACAATCAGAATCGGACCTC,0,1255251
ftsKp2,0.06666666666666667,14,14,AAATGTTAATAACCTTACAT,0,1245319
ftsKp2,0.06666666666666667,14,14,AAATCCGTGGAGCAGTAAAG,0,1260039
ftsKp2,0.06666666666666667,14,14,AAAAGTTTAATGTTATACGA,0,1267019
ftsKp2,0.07142857142857142,13,13,TTTTGGGCCGAGAATATGTC,0,1258141
ftsKp2,0.07142857142857142,13,13,TTTTCTTCGATATTGGTGTT,0,1253147
ftsKp2,0.07142857142857142,13,13,TTTCCTTTAGAAATACTCGT,0,1264521
ftsKp2,0.07142857142857142,13,13,TTGCAGCGAAGACGAACCAA,0,1251235
ftsKp2,0.07142857142857142,13,13,TTCTGGGCAGAAACATACGA,0,1248200
ftsKp2,0.07142857142857142,13,13,TTCGGCTTGCACGTGGCTAT,0,1254916
ftsKp2,0.07142857142857142,13,13,TTCGCGACTCTGGGGACCGC,0,1243630
ftsKp2,0.07142857142857142,13,13,TTCCGTTGTTACATGTGCTA,0,1249334
ftsKp2,0.07142857142857142,13,13,TTATATTTAACCATCAGCAA,0,1262871
ftsKp2,0.07142857142857142,13,13,TTAAAGATTTAGTGACGAGA,0,1251131
ftsKp2,0.07142857142857142,13,13,TGGTACGACGTAAATGTCAC,0,1255534
ftsKp2,0.07142857142857142,13,13,TGCGCAACAAAATATGCGCA,0,1250023
ftsKp2,0.07142857142857142,13,13,TGATCGTTCGATCCACCGAC,0,1252131
ftsKp2,0.07142857142857142,13,13,TGATACTTAGAGGCAGTGTT,0,1242468
ftsKp2,0.07142857142857142,13,13,TGAACGGGTTTTCGGAATCA,0,1249112
ftsKp2,0.07142857142857142,13,13,TCTGGTTATGGTGATATTTA,0,1240709
ftsKp2,0.07142857142857142,13,13,TCTAGGATACACAAAATTAC,0,1260217
ftsKp2,0.07142857142857142,13,13,TCGGGCTTGGGGCTAGCGAA,0,1250416
ftsKp2,0.07142857142857142,13,13,TCGCCCTATATTGCGCGGGG,0,1244061
ftsKp2,0.07142857142857142,13,13,TCGAGGCTCCTTCGAAAACT,0,1258066
ftsKp2,0.07142857142857142,13,13,TCATTGTTAAACGCGAGTGT,0,1252814
ftsKp2,0.07142857142857142,13,13,TCAGGCCTGCTCCACCCAGG,0,1248770
ftsKp2,0.07142857142857142,13,13,TCAGCAGCTAGCGGCTTGTT,0,1245614
ftsKp2,0.07142857142857142,13,13,TCACCATCGACAGCAACCTC,0,1242924
ftsKp2,0.07142857142857142,13,13,TAGGGCGACAGCGGAGCTCT,0,1254126
ftsKp2,0.07142857142857142,13,13,TAGGGAAGCCGTGGGAGCCT,0,1261762
ftsKp2,0.07142857142857142,13,13,TAGCCAATCCAGGTCGTTGT,0,1255719
ftsKp2,0.07142857142857142,13,13,TACCTTTGACCTCATTTTAC,0,1256421
ftsKp2,0.07142857142857142,13,13,TACCGTATGAGTTGTCCCAG,0,1246940
ftsKp2,0.07142857142857142,13,13,TACCCTGTTTTTATTATCAG,0,1256560
ftsKp2,0.07142857142857142,13,13,TAATGCCATGGGCGCTTGAC,0,1243538
ftsKp2,0.07142857142857142,13,13,TAAGCGGTCTATAATGTAGT,0,1242894
ftsKp2,0.07142857142857142,13,13,TAACGAGCAAGGTCGTCTCG,0,1254609
ftsKp2,0.07142857142857142,13,13,TAACCTTGGGCGCGCTGATC,0,1253041
ftsKp2,0.07142857142857142,13,13,GTTTGCAGGGAATGCGGCAA,0,1259323
ftsKp2,0.07142857142857142,13,13,GTTGACATCGTACCATATCA,0,1242515
ftsKp2,0.07142857142857142,13,13,GTGTTACGCGTGTCTTGTCG,0,1261669
ftsKp2,0.07142857142857142,13,13,GTGGCACGACGATCTCAGAG,0,1263511
ftsKp2,0.07142857142857142,13,13,GTCCACGCTTAGAATAAAGA,0,1265626
ftsKp2,0.07142857142857142,13,13,GTCACCAAGGCACCTGGAAA,0,1252062
ftsKp2,0.07142857142857142,13,13,GTCAAAAACGACGCAGACTG,0,1248895
ftsKp2,0.07142857142857142,13,13,GTAGGGCGAATTCAAAAGAG,0,1243939
ftsKp2,0.07142857142857142,13,13,GTAAGGATTCCGACGACGGC,0,1248017
ftsKp2,0.07142857142857142,13,13,GGTTGAACGACGGTACAGCT,0,1264769
ftsKp2,0.07142857142857142,13,13,GGTGTGCTGTTCGCTAAAGC,0,1242800
ftsKp2,0.07142857142857142,13,13,GGTCTGTATCTCAGTATAGT,0,1245994
ftsKp2,0.07142857142857142,13,13,GGTCACGTTTTGTGGGAAAA,0,1250756
ftsKp2,0.07142857142857142,13,13,GGTAAATAGGTTGCCGTTAA,0,1240851
ftsKp2,0.07142857142857142,13,13,GGGTCGGGTGAGGAAGCAAG,0,1263308
ftsKp2,0.07142857142857142,13,13,GGGGTGGTCCGATACGGTAT,0,1244559
ftsKp2,0.07142857142857142,13,13,GGGGCGATGGGTAGGCTAGA,0,1266394
ftsKp2,0.07142857142857142,13,13,GGGACTATTTAGATCGGGGA,0,1246389
ftsKp2,0.07142857142857142,13,13,GGCATCCCTACGAATGTGAC,0,1250460
ftsKp2,0.07142857142857142,13,13,GGAAATACGATTGGTAACTA,0,1257442
ftsKp2,0.07142857142857142,13,13,GCTCGCCGGTTATTAGCGGT,0,1267620
ftsKp2,0.07142857142857142,13,13,GCTATATCCACAGGGGTGAT,0,1250282
ftsKp2,0.07142857142857142,13,13,GCCTTGTGTGGTTCAGGGAA,0,1260805
ftsKp2,0.07142857142857142,13,13,GCAATCCAGGCATGTGCTTG,0,1241357
ftsKp2,0.07142857142857142,13,13,GCAATACGGACCAGAATAGG,0,1262616
ftsKp2,0.07142857142857142,13,13,GAGTCTGTCTCTGGGTCGAC,0,1245300
ftsKp2,0.07142857142857142,13,13,GAGGGGAGCCGCTGAACATA,0,1246371
ftsKp2,0.07142857142857142,13,13,GAGCCTGCGACCACCCTTTA,0,1261737
ftsKp2,0.07142857142857142,13,13,GAGACGGTACCATAGCCGTG,0,1256652
ftsKp2,0.07142857142857142,13,13,GACGGAGTATGTTATGCGGA,0,1244758
ftsKp2,0.07142857142857142,13,13,GACGCTCACGAGCGTCCGGG,0,1248541
ftsKp2,0.07142857142857142,13,13,GAATGCACGGCTCGGACCGG,0,1267100
ftsKp2,0.07142857142857142,13,13,GAATCTGCCATGGGCAAAGC,0,1249943
ftsKp2,0.07142857142857142,13,13,GAAGAATTTGCTAGTGCACA,0,1258523
ftsKp2,0.07142857142857142,13,13,GAACTTTAACAACGCCTCTG,0,1252546
ftsKp2,0.07142857142857142,13,13,GAACATGACGCGACATTTGT,0,1250868
ftsKp2,0.07142857142857142,13,13,CTTTAGTGGTTAAAGAATGA,0,1255350
ftsKp2,0.07142857142857142,13,13,CTCCGGTGCTCGTAAAAGGA,0,1259769
ftsKp2,0.07142857142857142,13,13,CTCCATATTCCCTTAGCAAC,0,1247807
ftsKp2,0.07142857142857142,13,13,CTCACCTTGATTCCTTCGAC,0,1258742
ftsKp2,0.07142857142857142,13,13,CTAATTGACAGTTTTTCCTT,0,1248687
ftsKp2,0.07142857142857142,13,13,CGTTTGAGTAATGCCGCAGG,0,1248836
ftsKp2,0.07142857142857142,13,13,CGTTTCAGGAATCCGACGTA,0,1252864
ftsKp2,0.07142857142857142,13,13,CGTATAAATGGGGCATCCGC,0,1262561
ftsKp2,0.07142857142857142,13,13,CGTAAGGTGTAATAGGCATA,0,1247713
ftsKp2,0.07142857142857142,13,13,CGGCTAGTGAAAGGATGTCT,0,1251835
ftsKp2,0.07142857142857142,13,13,CGGCGTTCATAAGTTACTTC,0,1242275
ftsKp2,0.07142857142857142,13,13,CGGCAGCAATCGTGCACAAG,0,1248666
ftsKp2,0.07142857142857142,13,13,CGCGCACCATCGGGAATGGG,0,1252511
ftsKp2,0.07142857142857142,13,13,CGCGCACATGTTCTGGAAGA,0,1254866
ftsKp2,0.07142857142857142,13,13,CGACACGGAGCTCTATATTA,0,1259560
ftsKp2,0.07142857142857142,13,13,CCTTGTAGCCAACCGTTGGA,0,1263306
ftsKp2,0.07142857142857142,13,13,CCTTCCAGTCTAACTTACAT,0,1258997
ftsKp2,0.07142857142857142,13,13,CCTTAAGGTGTATGGAGATA,0,1250104
ftsKp2,0.07142857142857142,13,13,CCTCTTCTGGGTCGTCCATA,0,1269983
ftsKp2,0.07142857142857142,13,13,CCGCGCTTGAAACGGCTACG,0,1244480
ftsKp2,0.07142857142857142,13,13,CCGACCAATAACACCAGTTC,0,1245052
ftsKp2,0.07142857142857142,13,13,CCCGACCGCCCCCGGCCTAG,0,1250244
ftsKp2,0.07142857142857142,13,13,CCCGAACCGGCTCTAATGTA,0,1242131
ftsKp2,0.07142857142857142,13,13,CCAACTTTAGTGCGATTGGT,0,1255733
ftsKp2,0.07142857142857142,13,13,CCAAAACACAACGTGATTGA,0,1258366
ftsKp2,0.07142857142857142,13,13,CATGCAACTAGCCGTCAAAG,0,1269714
ftsKp2,0.07142857142857142,13,13,CAGATCTTGTAGGTAATCTC,0,1265199
ftsKp2,0.07142857142857142,13,13,CAGAGGATAAAAGGGACCAC,0,1259337
ftsKp2,0.07142857142857142,13,13,CACTACAATAAAAAGTCGAT,0,1241962
ftsKp2,0.07142857142857142,13,13,CACGGTCGAGGAGTAGAACA,0,1261229
ftsKp2,0.07142857142857142,13,13,CACGAGCAGAATAGGACGAA,0,1267333
ftsKp2,0.07142857142857142,13,13,CAATGCTCTCGACGGTTGCG,0,1253260
ftsKp2,0.07142857142857142,13,13,CAAGGCAAGAGGTACCCCGT,0,1255638
ftsKp2,0.07142857142857142,13,13,CAACGGAAAAAGCTGCCACA,0,1249282
ftsKp2,0.07142857142857142,13,13,CAAACGGAGGGGCCAAAAGG,0,1243780
ftsKp2,0.07142857142857142,13,13,ATTTTTAGTTCTGCAATCCT,0,1241573
ftsKp2,0.07142857142857142,13,13,ATTCGCAGGCATGCTCCTAA,0,1252493
ftsKp2,0.07142857142857142,13,13,ATTAGTCAACTACGCAACCA,0,1240145
ftsKp2,0.07142857142857142,13,13,ATTAACATCTGTGGCGATTC,0,1262093
ftsKp2,0.07142857142857142,13,13,ATGTTCATATGGTGCAATCA,0,1244342
ftsKp2,0.07142857142857142,13,13,ATGTAAGCTCTCTAATTGGG,0,1266615
ftsKp2,0.07142857142857142,13,13,ATGGTGGGTCTGGCACACCT,0,1245841
ftsKp2,0.07142857142857142,13,13,ATGGTAAATTTAACAATGTG,0,1266438
ftsKp2,0.07142857142857142,13,13,ATGCCGCCGACACTCCCGGT,0,1248153
ftsKp2,0.07142857142857142,13,13,ATCCACAGTCTCCGACCATT,0,1241172
ftsKp2,0.07142857142857142,13,13,ATATCAGGTACTTGCCGACT,0,1245984
ftsKp2,0.07142857142857142,13,13,ATAGCGACATATAGCCTCAT,0,1258516
ftsKp2,0.07142857142857142,13,13,ATACCTGGGCGGAGGTTTAT,0,1254799
ftsKp2,0.07142857142857142,13,13,ATACCGCAGAGTCATGGTGA,0,1244750
ftsKp2,0.07142857142857142,13,13,AGGGTTGTTTTTTGTACCCA,0,1265726
ftsKp2,0.07142857142857142,13,13,AGGAACTTTCATCGGGCTTC,0,1266734
ftsKp2,0.07142857142857142,13,13,AGCGAAGATTTTTAGGTAAA,0,1259646
ftsKp2,0.07142857142857142,13,13,AGCATACTGGCTACCTCTGG,0,1251830
ftsKp2,0.07142857142857142,13,13,AGCAGACCTGCCTTGTGCAA,0,1250611
ftsKp2,0.07142857142857142,13,13,AGCAAGATTCTTCAAAGACT,0,1258560
ftsKp2,0.07142857142857142,13,13,AGATGGATACAACTTGCTTA,0,1258498
ftsKp2,0.07142857142857142,13,13,AGATGACACGATTTTACCTG,0,1266918
ftsKp2,0.07142857142857142,13,13,AGAGCGCAAGCGATTCGTGT,0,1240166
ftsKp2,0.07142857142857142,13,13,ACTTCTTAGCCGCCGGGGTT,0,1241744
ftsKp2,0.07142857142857142,13,13,ACTTCGTTAGGACCCCGGTG,0,1266592
ftsKp2,0.07142857142857142,13,13,ACTTACTGTGGGTTGGTTCG,0,1264238
ftsKp2,0.07142857142857142,13,13,ACTGGGGGGACAAATACGCC,0,1246635
ftsKp2,0.07142857142857142,13,13,ACTCGGCCATCCAGCCACTT,0,1267388
ftsKp2,0.07142857142857142,13,13,ACTCAGGAAACAGTGAGGGA,0,1250943
ftsKp2,0.07142857142857142,13,13,ACTATCTATACGCAAGATTA,0,1239562
ftsKp2,0.07142857142857142,13,13,ACTAACTCGTGTCTGGCGGT,0,1249297
ftsKp2,0.07142857142857142,13,13,ACGTTAACGATAGTTAGTAG,0,1243356
ftsKp2,0.07142857142857142,13,13,ACGCCTTAGAAGGCGGAATG,0,1243550
ftsKp2,0.07142857142857142,13,13,ACGAATGTTCAAGAGGCTAT,0,1264733
ftsKp2,0.07142857142857142,13,13,ACCTGGTTGAGGACACGTTC,0,1251379
ftsKp2,0.07142857142857142,13,13,ACCTACTCGCCAACAAAAGC,0,1241909
ftsKp2,0.07142857142857142,13,13,ACCGGGACAGGGTATCCAGT,0,1243357
ftsKp2,0.07142857142857142,13,13,ACATTGGTGCTAGGGTCGGA,0,1249422
ftsKp2,0.07142857142857142,13,13,ACATCTGCCGTCTGTCAGTA,0,1267727
ftsKp2,0.07142857142857142,13,13,ACAGTATGCACCTCCCACTT,0,1249240
ftsKp2,0.07142857142857142,13,13,ACACGACTTGGTAACAAGAA,0,1270741
ftsKp2,0.07142857142857142,13,13,ACAATGAGGGACCTTGAAGT,0,1246249
ftsKp2,0.07142857142857142,13,13,AATCTTAGACGGTCAGGTGT,0,1262031
ftsKp2,0.07142857142857142,13,13,AATAGCACCCAGTGTACAGA,0,1264812
ftsKp2,0.07142857142857142,13,13,AATACTAGGGGGAGAAGGTA,0,1269533
ftsKp2,0.07142857142857142,13,13,AAGGCAAGAAAAACGGCATT,0,1254777
ftsKp2,0.07142857142857142,13,13,AACCAAGGACTGGTCACGTT,0,1266705
ftsKp2,0.07142857142857142,13,13,AACAGTTTGATCAGGGGTCA,0,1249031
ftsKp2,0.07142857142857142,13,13,AAACAGTCGCCGGTTTAACA,0,1251074
ftsKp2,0.07692307692307693,12,12,TTTAAGAGTAGGCGGTCTTT,0,1251661
ftsKp2,0.07692307692307693,12,12,TTGTAACTAGATATGTTACA,0,1265694
ftsKp2,0.07692307692307693,12,12,TTGGTCCGGAGAAGAACAAT,0,1270738
ftsKp2,0.07692307692307693,12,12,TTGGGTTCTAGTCCGATAGT,0,1242804
ftsKp2,0.07692307692307693,12,12,TTGATTCAGATAAACGGATA,0,1257925
ftsKp2,0.07692307692307693,12,12,TTCGGCTTTGCCGGGTATTG,0,1249980
ftsKp2,0.07692307692307693,12,12,TTCGATTCTAAATTAGCTAT,0,1257864
ftsKp2,0.07692307692307693,12,12,TTCCTGTGGACCTACAGAGA,0,1244355
ftsKp2,0.07692307692307693,12,12,TTCCGATGTTCTTCCTTTTG,0,1254688
ftsKp2,0.07692307692307693,12,12,TTCCCAAGATCGCGTGTCTA,0,1258830
ftsKp2,0.07692307692307693,12,12,TTATCCACTTAGCCGGTTGA,0,1254975
ftsKp2,0.07692307692307693,12,12,TTAGACGGCCCAGCGTTCAC,0,1247426
ftsKp2,0.07692307692307693,12,12,TTACTAATAAATGTCCTGTA,0,1243224
ftsKp2,0.07692307692307693,12,12,TTAAAAGGTGTTTGGTTCCA,0,1260952
ftsKp2,0.07692307692307693,12,12,TGTTGGTTATAGATGATGAT,0,1240057
ftsKp2,0.07692307692307693,12,12,TGTTAGCCTTACCCCTGATA,0,1257110
ftsKp2,0.07692307692307693,12,12,TGTGTCTCCTTTGCGGGTTT,0,1242838
ftsKp2,0.07692307692307693,12,12,TGGCCTAGCCTTGTCACACT,0,1255402
ftsKp2,0.07692307692307693,12,12,TGGAACTCTATACCAGACTT,0,1260283
ftsKp2,0.07692307692307693,12,12,TGCTCATTACAAGCCATGCT,0,1243040
ftsKp2,0.07692307692307693,12,12,TGCCTTATTGGGCAAAACAG,0,1253946
ftsKp2,0.07692307692307693,12,12,TGCCATTCGCGGGGGACTAA,0,1252084
ftsKp2,0.07692307692307693,12,12,TGCATCAAACGTAGGGCTGT,0,1260593
ftsKp2,0.07692307692307693,12,12,TGATCTCGCGTCCGCCGTTA,0,1249057
ftsKp2,0.07692307692307693,12,12,TGAGGCGCGCGAAAAATCTA,0,1250920
ftsKp2,0.07692307692307693,12,12,TCTCAACGGTAGCGTAACGG,0,1240815
ftsKp2,0.07692307692307693,12,12,TCTAGTCCAGCATACTCGAG,0,1258511
ftsKp2,0.07692307692307693,12,12,TCGTTTGATCTGGTTGCATT,0,1254305
ftsKp2,0.07692307692307693,12,12,TCGTCTGCCTATGATACGCA,0,1253097
ftsKp2,0.07692307692307693,12,12,TCGCGAGCGGACACGAAAGC,0,1260667
ftsKp2,0.07692307692307693,12,12,TCGAGATTCTAACGGATAAC,0,1269385
ftsKp2,0.07692307692307693,12,12,TCCTCACCTGAACCCTTCCT,0,1259872
ftsKp2,0.07692307692307693,12,12,TCCCGCCTGATATTGGGTGG,0,1254208
ftsKp2,0.07692307692307693,12,12,TCATTCTGAGCTAGGGAATT,0,1255513
ftsKp2,0.07692307692307693,12,12,TCAGCAAATTCGTAATAGTG,0,1262919
ftsKp2,0.07692307692307693,12,12,TCAAGGGTGTTCGGTTCCAT,0,1258482
ftsKp2,0.07692307692307693,12,12,TATTGACTTCGGGATTATTC,0,1249081
ftsKp2,0.07692307692307693,12,12,TAGGTGGCTCTTTTCTAAAG,0,1253584
ftsKp2,0.07692307692307693,12,12,TAGGGGTCCCTCCCGTGTCG,0,1256984
ftsKp2,0.07692307692307693,12,12,TAGGCTGTAAAAATATTAAG,0,1239481
ftsKp2,0.07692307692307693,12,12,TACTCAATTGGGTGCCCAAC,0,1260433
ftsKp2,0.07692307692307693,12,12,TACATAGTGATCAAGGACAG,0,1260988
ftsKp2,0.07692307692307693,12,12,TAATGGTTGAGCTATATTAA,0,1245449
ftsKp2,0.07692307692307693,12,12,TAATGGTAAAAGGCCTAACT,0,1262697
ftsKp2,0.07692307692307693,12,12,TAAGTGGGCAGTGGTCGGTT,0,1257419
ftsKp2,0.07692307692307693,12,12,TAAGAACACCTGTAATAGAC,0,1268522
ftsKp2,0.07692307692307693,12,12,TAACGGCCGATTTATTCCGG,0,1262891
ftsKp2,0.07692307692307693,12,12,TAACAGCCGACCCTCACGGT,0,1250722
ftsKp2,0.07692307692307693,12,12,GTGTTCCATCCCCGTCGAGC,0,1244035
ftsKp2,0.07692307692307693,12,12,GTCGGAAGATGGAACGACCC,0,1256056
ftsKp2,0.07692307692307693,12,12,GTCGAGGCGTCTAAGGAGCT,0,1268643
ftsKp2,0.07692307692307693,12,12,GTCCTTTCAGTGTTCGTGGG,0,1264880
ftsKp2,0.07692307692307693,12,12,GTCCACTTAGGCCCGCTGTC,0,1244270
ftsKp2,0.07692307692307693,12,12,GTAAGCGCCACTTGTGAATT,0,1259655
ftsKp2,0.07692307692307693,12,12,GGTGGTAGGCTTTCGCACAA,0,1250400
ftsKp2,0.07692307692307693,12,12,GGTGGGTACTCAGAGACTGG,0,1263261
ftsKp2,0.07692307692307693,12,12,GGTGGATCAACTCAGGCGGA,0,1248120
ftsKp2,0.07692307692307693,12,12,GGGGTCTGACGGATGGACGG,0,1258001
ftsKp2,0.07692307692307693,12,12,GGGCATAAGGGTAGCAGGCT,0,1268567
ftsKp2,0.07692307692307693,12,12,GGGCAAGCGTTGTTGCTTCG,0,1267269
ftsKp2,0.07692307692307693,12,12,GGGACCGACTCGGTCTGCCT,0,1267610
ftsKp2,0.07692307692307693,12,12,GGCGAGACAATAGAGCACGG,0,1245637
ftsKp2,0.07692307692307693,12,12,GGCCTGACTCAGTCCTGCAA,0,1262077
ftsKp2,0.07692307692307693,12,12,GGCAATACCTTTTCATGTTA,0,1242253
ftsKp2,0.07692307692307693,12,12,GGACTAGGTTTCTAGCGGAT,0,1241682
ftsKp2,0.07692307692307693,12,12,GCTTGCCGTTGGGCTTAAAA,0,1245299
ftsKp2,0.07692307692307693,12,12,GCTGGTCAGAATCCTGGTGG,0,1270871
ftsKp2,0.07692307692307693,12,12,GCGTGACTGAGAAAACTCTG,0,1269475
ftsKp2,0.07692307692307693,12,12,GCCGTGCATAGTTGCAATTT,0,1243535
ftsKp2,0.07692307692307693,12,12,GCCGAAGTAAGCTGGGACGC,0,1257978
ftsKp2,0.07692307692307693,12,12,GCCATAAGAGTACGTGGCTT,0,1265863
ftsKp2,0.07692307692307693,12,12,GCATACTCTACGGTCTCTAT,0,1265972
ftsKp2,0.07692307692307693,12,12,GCATACTACCTCCGGTCAGG,0,1247419
ftsKp2,0.07692307692307693,12,12,GCAACGCGTCTTCCCATTCG,0,1246836
ftsKp2,0.07692307692307693,12,12,GCAACATGGCTAAGAACAAT,0,1256412
ftsKp2,0.07692307692307693,12,12,GATGCCCCACACTGTCCACA,0,1239975
ftsKp2,0.07692307692307693,12,12,GATCGTCGAGCTCAGTTTAT,0,1266037
ftsKp2,0.07692307692307693,12,12,GATCGGATGGCTAGCGGTAG,0,1243724
ftsKp2,0.07692307692307693,12,12,GATCCACGGAGCGCGCTAAT,0,1264913
ftsKp2,0.07692307692307693,12,12,GAGCAAAGGGGAGTTGACCG,0,1252496
ftsKp2,0.07692307692307693,12,12,GAGATAGCGCCTTGCCACGC,0,1239316
ftsKp2,0.07692307692307693,12,12,GACTCCCACTTTCGGTTCGT,0,1252237
ftsKp2,0.07692307692307693,12,12,GACCATCCGGTGACTACACG,0,1264380
ftsKp2,0.07692307692307693,12,12,GAATCACAATTCCTAAATTA,0,1251209
ftsKp2,0.07692307692307693,12,12,GAAGGGACACGTCCGCTCCA,0,1249185
ftsKp2,0.07692307692307693,12,12,GAAGCCAGAGGGATGGCGCC,0,1261822
ftsKp2,0.07692307692307693,12,12,GAAGCAGCGCGGCATAGTAG,0,1251771
ftsKp2,0.07692307692307693,12,12,GAAAATCGTATCTCAGAACC,0,1242320
ftsKp2,0.07692307692307693,12,12,CTTTAAAGAGCACGTGTCTG,0,1258247
ftsKp2,0.07692307692307693,12,12,CTTCGGCTGAGACGGATGTG,0,1242634
ftsKp2,0.07692307692307693,12,12,CTTCACTCCTCGAGAATCTC,0,1270287
ftsKp2,0.07692307692307693,12,12,CTTACTCGTGACCCTGGTGG,0,1251396
ftsKp2,0.07692307692307693,12,12,CTTACCTGTACACAAAGTCA,0,1270902
ftsKp2,0.07692307692307693,12,12,CTGGCCTCTGACTCTGTTAA,0,1247792
ftsKp2,0.07692307692307693,12,12,CTGCTGGGTTGTCCCCCTAT,0,1263088
ftsKp2,0.07692307692307693,12,12,CTAGTAAGAACCAGTTTTGT,0,1254077
ftsKp2,0.07692307692307693,12,12,CTACTGCCCACGCGGCAGAA,0,1256990
ftsKp2,0.07692307692307693,12,12,CTAACTCTGTGGGCAAGTGC,0,1260712
ftsKp2,0.07692307692307693,12,12,CGTTTCACCAGCTGACTGGA,0,1265812
ftsKp2,0.07692307692307693,12,12,CGTGCGCAAGTAGTTCTATG,0,1260193
ftsKp2,0.07692307692307693,12,12,CGTACGCTTAGTGGTCCGGT,0,1262352
ftsKp2,0.07692307692307693,12,12,CGTACAGGCCGTCGCGTGCT,0,1244340
ftsKp2,0.07692307692307693,12,12,CGGTCTACACATCCGTGAGG,0,1241621
ftsKp2,0.07692307692307693,12,12,CGGTATTCAGCTTATACACT,0,1248328
ftsKp2,0.07692307692307693,12,12,CGGTAGTAATAGGTTGCAAG,0,1255592
ftsKp2,0.07692307692307693,12,12,CGGGGCAGTCATGCTTGCCA,0,1261981
ftsKp2,0.07692307692307693,12,12,CGGGCCAGGTACTTCCGAGC,0,1244317
ftsKp2,0.07692307692307693,12,12,CGGAGGTTGCCCGTTCGGAT,0,1240940
ftsKp2,0.07692307692307693,12,12,CGCTGCCTAGGTTCGTAATT,0,1269128
ftsKp2,0.07692307692307693,12,12,CGCCCTATCCCAGGGCTTAA,0,1248348
ftsKp2,0.07692307692307693,12,12,CGATGGAGGGCGCGCACAAA,0,1269729
ftsKp2,0.07692307692307693,12,12,CGATCACTATCCTAAGGATG,0,1246434
ftsKp2,0.07692307692307693,12,12,CGAGGTTGCTCGTTACACGC,0,1242926
ftsKp2,0.07692307692307693,12,12,CGAGACGTGTACGGCTTCGG,0,1253373
ftsKp2,0.07692307692307693,12,12,CCTCTGCATTCTATCTATTA,0,1255299
ftsKp2,0.07692307692307693,12,12,CCTCAAAATCAAGCCTGTAT,0,1270321
ftsKp2,0.07692307692307693,12,12,CCTACTGATACGTGACTGAA,0,1260597
ftsKp2,0.07692307692307693,12,12,CCTACCGGGTCGCGTGCGCA,0,1242146
ftsKp2,0.07692307692307693,12,12,CCGGTGCCTTTAAACCACTA,0,1254329
ftsKp2,0.07692307692307693,12,12,CCCTGGTCCGTCCCGTAGTC,0,1245470
ftsKp2,0.07692307692307693,12,12,CCCGGCAGACTTAGCATAAC,0,1251899
ftsKp2,0.07692307692307693,12,12,CCCGCGGTCCAGAGCTGTTT,0,1264232
ftsKp2,0.07692307692307693,12,12,CCCATCGGTATTACTATGCA,0,1254496
ftsKp2,0.07692307692307693,12,12,CCATTGTACTCACTAATTTA,0,1248942
ftsKp2,0.07692307692307693,12,12,CCAGAGGCTTCAAAAATTCT,0,1244209
ftsKp2,0.07692307692307693,12,12,CATGGACTCAACCCCGCACG,0,1248124
ftsKp2,0.07692307692307693,12,12,CATCCCCCCCAAAAGTAGCT,0,1260040
ftsKp2,0.07692307692307693,12,12,CATCACTGGGCTTTCGGAGC,0,1256420
ftsKp2,0.07692307692307693,12,12,CAGTGTGCCAGCCCCACAAC,0,1269268
ftsKp2,0.07692307692307693,12,12,CACTCATGATGGAGGTAAAT,0,1256252
ftsKp2,0.07692307692307693,12,12,CACTCACATTGCCCTCCGTG,0,1258156
ftsKp2,0.07692307692307693,12,12,CACCGATAGTCATACTATTA,0,1258848
ftsKp2,0.07692307692307693,12,12,CAATGTACAATGGGATGAAT,0,1264581
ftsKp2,0.07692307692307693,12,12,CAAGCCACAGGTCGTGTGGA,0,1253071
ftsKp2,0.07692307692307693,12,12,ATTGTACAGAATCTCCCCAT,0,1241648
ftsKp2,0.07692307692307693,12,12,ATTCTAGAGGTGAACTCTTT,0,1251070
ftsKp2,0.07692307692307693,12,12,ATGTGTGGCGAGCGAATGCT,0,1266393
ftsKp2,0.07692307692307693,12,12,ATGTACGATGTACGGCTATT,0,1245014
ftsKp2,0.07692307692307693,12,12,ATGCAGTCCGTACGAGGAAT,0,1250095
ftsKp2,0.07692307692307693,12,12,ATGACACAGTACACGAATCT,0,1257496
ftsKp2,0.07692307692307693,12,12,ATCGTGCTCTGGCATGAGGT,0,1254756
ftsKp2,0.07692307692307693,12,12,ATCGACGTGTCAGCAATTCA,0,1246921
ftsKp2,0.07692307692307693,12,12,ATAGCGCTGTCTGAGACGGG,0,1254828
ftsKp2,0.07692307692307693,12,12,AGTCTAGATGGTGAGTGGAA,0,1249944
ftsKp2,0.07692307692307693,12,12,AGTCCCATCGTGATTCCTTA,0,1246268
ftsKp2,0.07692307692307693,12,12,AGCTGATCGCATGTGAATAC,0,1261477
ftsKp2,0.07692307692307693,12,12,AGCGATTGGAATTCATGACT,0,1245650
ftsKp2,0.07692307692307693,12,12,AGCCTTCTGGTGGATTCGGC,0,1248636
ftsKp2,0.07692307692307693,12,12,AGCCTGGGGGTGCCACTGGT,0,1250260
ftsKp2,0.07692307692307693,12,12,AGCCCCGCTTATCGATTCAC,0,1258568
ftsKp2,0.07692307692307693,12,12,AGAGTTGGCTTGAACACGGA,0,1245686
ftsKp2,0.07692307692307693,12,12,AGAGGTGGCATCCCCGCAGT,0,1241755
ftsKp2,0.07692307692307693,12,12,AGACGATCGCATAGGAGTTC,0,1269259
ftsKp2,0.07692307692307693,12,12,AGAACTTGTTACTTTGGATT,0,1247959
ftsKp2,0.07692307692307693,12,12,AGAAAACTCCCGCCGCATGG,0,1257645
ftsKp2,0.07692307692307693,12,12,ACTTGCGTTGTACGTCCATG,0,1241065
ftsKp2,0.07692307692307693,12,12,ACTTGACGAACACCGGTAGT,0,1250703
ftsKp2,0.07692307692307693,12,12,ACGTTCCTTCTGAACTCGTG,0,1268990
ftsKp2,0.07692307692307693,12,12,ACGTCCGCGCGGTCAACGTA,0,1264401
ftsKp2,0.07692307692307693,12,12,ACCCGTGCAGAGAAGACCGT,0,1242795
ftsKp2,0.07692307692307693,12,12,ACAGATTCCTCTAAACGATT,0,1251307
ftsKp2,0.07692307692307693,12,12,ACAAGGTGCATTAACACGCA,0,1247846
ftsKp2,0.07692307692307693,12,12,AATTTGGAGTGAATGCTTTT,0,1256734
ftsKp2,0.07692307692307693,12,12,AATCCACCGATCATTTGACG,0,1260348
ftsKp2,0.07692307692307693,12,12,AATATAATGCAACGTGGTCT,0,1256024
ftsKp2,0.07692307692307693,12,12,AACGCGCTTAAAGCCTGTGC,0,1250488
ftsKp2,0.07692307692307693,12,12,AAATGAATTATTGCGACTTT,0,1251499
ftsKp2,0.07692307692307693,12,12,AAAGCATCAGCGTACTGGGC,0,1260451
ftsKp2,0.07692307692307693,12,12,AAAGCAGAACTAAGTACTCG,0,1254922
ftsKp2,0.08333333333333333,11,11,TTTTCTAAGCGCCAGCACAG,0,1254912
ftsKp2,0.08333333333333333,11,11,TTTGGTGGCCCGATTTCTAG,0,1251305
ftsKp2,0.08333333333333333,11,11,TTTGCACAAAAACTATGATA,0,1259072
ftsKp2,0.08333333333333333,11,11,TTTAGGTACGAGTTTCTTGA,0,1266337
ftsKp2,0.08333333333333333,11,11,TTGTCTAGGTTGATGCGATA,0,1259254
ftsKp2,0.08333333333333333,11,11,TTGGTGGCCGTATACTCGTA,0,1240795
ftsKp2,0.08333333333333333,11,11,TTGGCGGTTTATTCACGACA,0,1247556
ftsKp2,0.08333333333333333,11,11,TTGCCGTTAACCCTGGTACC,0,1266221
ftsKp2,0.08333333333333333,11,11,TTCGCGCGAATTTATGCATC,0,1253881
ftsKp2,0.08333333333333333,11,11,TTCGCCGTGAGGGCATGAAT,0,1249163
ftsKp2,0.08333333333333333,11,11,TTCCAATTAGGTAGTCCCAT,0,1269738
ftsKp2,0.08333333333333333,11,11,TTATAGTGTGCTGCCCCACG,0,1268891
ftsKp2,0.08333333333333333,11,11,TGTATTGCAGGTCCTCCAAC,0,1257361
ftsKp2,0.08333333333333333,11,11,TGGTACTCTTGGAGCATGCG,0,1253997
ftsKp2,0.08333333333333333,11,11,TGGATGCCGATGTCTCAAGA,0,1267370
ftsKp2,0.08333333333333333,11,11,TGAGAGTCAGGCACCGGCCG,0,1245569
ftsKp2,0.08333333333333333,11,11,TGAGACGTGGCGCCATTTGT,0,1239989
ftsKp2,0.08333333333333333,11,11,TGACTAGATAGTCTAGATAG,0,1263064
ftsKp2,0.08333333333333333,11,11,TGACATCCGTTAGGACTTGT,0,1263552
ftsKp2,0.08333333333333333,11,11,TGAACACTTGAAGTAGCGTT,0,1269445
ftsKp2,0.08333333333333333,11,11,TCTTCTAAACGTTGTGATTC,0,1261122
ftsKp2,0.08333333333333333,11,11,TCTTAATTAGACCGTGGCAA,0,1246082
ftsKp2,0.08333333333333333,11,11,TCTGGATTTCGTGGTAATCT,0,1261396
ftsKp2,0.08333333333333333,11,11,TCGTCGAGCGATATAGATCC,0,1239448
ftsKp2,0.08333333333333333,11,11,TCGCCGCCGATGTATTTTGG,0,1248445
ftsKp2,0.08333333333333333,11,11,TCCGACTGGAGCTAGCGCAG,0,1261461
ftsKp2,0.08333333333333333,11,11,TCCAGCGGTGGGTGGCTTCC,0,1253528
ftsKp2,0.08333333333333333,11,11,TCATGCACATAGTAAAGTCT,0,1252276
ftsKp2,0.08333333333333333,11,11,TATGGCGTGAACCAGACGCA,0,1263248
ftsKp2,0.08333333333333333,11,11,TAGACAACCAAATTCGGTAG,0,1244504
ftsKp2,0.08333333333333333,11,11,TAGAAGGTTTCTCAACGTCT,0,1245884
ftsKp2,0.08333333333333333,11,11,TACCCCGAGTTGGATCGTTC,0,1255784
ftsKp2,0.08333333333333333,11,11,TACATTCTGGCAGTCAACAA,0,1244961
ftsKp2,0.08333333333333333,11,11,TAATTCGATCTTTTCTGCAT,0,1260535
ftsKp2,0.08333333333333333,11,11,TAATCTTACCCGCAACGCTC,0,1263529
ftsKp2,0.08333333333333333,11,11,TAAATACTCAAGTGATATGT,0,1260896
ftsKp2,0.08333333333333333,11,11,GTTGTGGTCGGCCCCCGGTA,0,1264345
ftsKp2,0.08333333333333333,11,11,GTTCTAGTCTACGCTTTTAG,0,1256150
ftsKp2,0.08333333333333333,11,11,GTTACCGGCGGGCGGTCCAC,0,1248037
ftsKp2,0.08333333333333333,11,11,GTGGGGTCCTTAATGAGCTG,0,1243651
ftsKp2,0.08333333333333333,11,11,GTGCGGGCAAATTTCATATG,0,1241702
ftsKp2,0.08333333333333333,11,11,GTGAGTGGCATCGCACGAAG,0,1241776
ftsKp2,0.08333333333333333,11,11,GTGAATGACACTAGGCGCGT,0,1262033
ftsKp2,0.08333333333333333,11,11,GTGAAGTTCAACTTTAAGTT,0,1271039
ftsKp2,0.08333333333333333,11,11,GTGAACTCGTGTCCTCCAAC,0,1245143
ftsKp2,0.08333333333333333,11,11,GTCCTCCTCCTACAATCTAA,0,1261152
ftsKp2,0.08333333333333333,11,11,GTCATGTGCGGACTCAAGCA,0,1251658
ftsKp2,0.08333333333333333,11,11,GGTTGTTATCATTGGTTTGG,0,1243986
ftsKp2,0.08333333333333333,11,11,GGTTAAAGCTAGCCCCGAAA,0,1267347
ftsKp2,0.08333333333333333,11,11,GGTGGTAACGTACCTGCATA,0,1256375
ftsKp2,0.08333333333333333,11,11,GGTGCCGTCGTACGAGCGTT,0,1268333
ftsKp2,0.08333333333333333,11,11,GGTACAGCAGGTCCAGGCAA,0,1260723
ftsKp2,0.08333333333333333,11,11,GGGTTGCCTTTACTCTAGGA,0,1247712
ftsKp2,0.08333333333333333,11,11,GGGGCTTCGGCAGTATTGAC,0,1253463
ftsKp2,0.08333333333333333,11,11,GGGATCCGTGCTCCCCACGA,0,1265408
ftsKp2,0.08333333333333333,11,11,GGGAGGAGAGACCTACTGTC,0,1250487
ftsKp2,0.08333333333333333,11,11,GGCTTTGAGCTGGGCCATGA,0,1255274
ftsKp2,0.08333333333333333,11,11,GGCGTATTAAAGGACGGCTA,0,1262361
ftsKp2,0.08333333333333333,11,11,GGCGCACACCTCACTGTGAT,0,1239376
ftsKp2,0.08333333333333333,11,11,GGATTCTCAAGATCTTCAAG,0,1241534
ftsKp2,0.08333333333333333,11,11,GGATCAGGAATCGCTCAGGT,0,1246641
ftsKp2,0.08333333333333333,11,11,GGAGTGAACAGTAGCAGGCA,0,1253783
ftsKp2,0.08333333333333333,11,11,GGAGCCCCTGTTCGTCCCCC,0,1258570
ftsKp2,0.08333333333333333,11,11,GGACCCGTTTTACACATTCA,0,1270427
ftsKp2,0.08333333333333333,11,11,GGACAATGCGGCCACAGTAG,0,1250454
ftsKp2,0.08333333333333333,11,11,GCTTGTTCCTGTGTATAAAA,0,1245814
ftsKp2,0.08333333333333333,11,11,GCTGGGTAGGGTTCTAACCT,0,1259170
ftsKp2,0.08333333333333333,11,11,GCTCCTATCCCACCAATGTA,0,1245584
ftsKp2,0.08333333333333333,11,11,GCGTGTCCAGTGTTATGGCA,0,1252239
ftsKp2,0.08333333333333333,11,11,GCGTAACGATAGCTGCGGTG,0,1254833
ftsKp2,0.08333333333333333,11,11,GCGCGAGCGGCATAAGGCAT,0,1243791
ftsKp2,0.08333333333333333,11,11,GCGAGTGTCGGCTCCTCGTC,0,1243293
ftsKp2,0.08333333333333333,11,11,GCGACATCTTCTCGAAATCA,0,1252948
ftsKp2,0.08333333333333333,11,11,GCCGTGCAGCGTGATGACTT,0,1241548
ftsKp2,0.08333333333333333,11,11,GCATTTTTATACGCGCTTCT,0,1245781
ftsKp2,0.08333333333333333,11,11,GCACCCACTAAAATAGTTAT,0,1244050
ftsKp2,0.08333333333333333,11,11,GATCGGATTTCCAGTCCGAT,0,1241746
ftsKp2,0.08333333333333333,11,11,GAGTAGACGTGAGAGTGCCA,0,1243355
ftsKp2,0.08333333333333333,11,11,GAGTACCTCGAATCCAGATT,0,1252014
ftsKp2,0.08333333333333333,11,11,GAGGTGCGTCTATATCCCTA,0,1254721
ftsKp2,0.08333333333333333,11,11,GAGGGGCAGGCACACCGTGA,0,1241642
ftsKp2,0.08333333333333333,11,11,GAGCCCAGGATGGGCTCGGT,0,1255035
ftsKp2,0.08333333333333333,11,11,GAGACCGTGCTATGGGTCAG,0,1265919
ftsKp2,0.08333333333333333,11,11,GAGACACTTCTGATATATAA,0,1261116
ftsKp2,0.08333333333333333,11,11,GACTCCAGTGAATGGGTATA,0,1257443
ftsKp2,0.08333333333333333,11,11,GACTCAACACGTCCCATAGA,0,1251262
ftsKp2,0.08333333333333333,11,11,GACCGCGGGCGAGTTGCAGA,0,1241317
ftsKp2,0.08333333333333333,11,11,GACCGCGACCAACTCTCATG,0,1264952
ftsKp2,0.08333333333333333,11,11,GAATCTACGACACATAGAAT,0,1242079
ftsKp2,0.08333333333333333,11,11,GAACGCAATTTAGTTTGTTG,0,1261824
ftsKp2,0.08333333333333333,11,11,GAAATCGGGACTACCGGACC,0,1253274
ftsKp2,0.08333333333333333,11,11,CTTCTTTGCTGGCGGTACAC,0,1251679
ftsKp2,0.08333333333333333,11,11,CTTACGTCGCGTCATAGCTA,0,1243592
ftsKp2,0.08333333333333333,11,11,CTTACACCTAACGCCAGAGT,0,1244413
ftsKp2,0.08333333333333333,11,11,CTGCGTTCCGTCCTCAGCGC,0,1250831
ftsKp2,0.08333333333333333,11,11,CTGATTGGCTCCCTCGTATA,0,1257284
ftsKp2,0.08333333333333333,11,11,CTCAATGTAGAAGTGAAGAC,0,1249527
ftsKp2,0.08333333333333333,11,11,CTACCGACTTTGGGTTACAA,0,1251660
ftsKp2,0.08333333333333333,11,11,CTAAGGAGTGCAAGTGTGGC,0,1242670
ftsKp2,0.08333333333333333,11,11,CGTGGGGTGTAGATATATTT,0,1264462
ftsKp2,0.08333333333333333,11,11,CGTCAAGTATATTTAACAAC,0,1259713
ftsKp2,0.08333333333333333,11,11,CGGGTGGACGCGGGCAAGTA,0,1247881
ftsKp2,0.08333333333333333,11,11,CGGCCGACGTCACGAGTTGT,0,1240229
ftsKp2,0.08333333333333333,11,11,CGGACTAGCGTTCTCCTCGA,0,1254194
ftsKp2,0.08333333333333333,11,11,CGCAGGTTTGCGGGCTAATC,0,1259334
ftsKp2,0.08333333333333333,11,11,CGCAGACAAACAGGAAGCTA,0,1258822
ftsKp2,0.08333333333333333,11,11,CGCACTAGCGCGTGAGCGAT,0,1239899
ftsKp2,0.08333333333333333,11,11,CGCACACGAATAGCTAACCA,0,1253303
ftsKp2,0.08333333333333333,11,11,CGATCACAGGGAGGCCATGT,0,1266060
ftsKp2,0.08333333333333333,11,11,CGAGTTGCTTCCAGCCAATT,0,1256773
ftsKp2,0.08333333333333333,11,11,CGAAGAACCGGATATATTGC,0,1268641
ftsKp2,0.08333333333333333,11,11,CCTCATATCGATCTGTGGCA,0,1249236
ftsKp2,0.08333333333333333,11,11,CCTATGATGGGCTGTTTAGA,0,1255137
ftsKp2,0.08333333333333333,11,11,CCTAGACAGGCCCAACCTGG,0,1267643
ftsKp2,0.08333333333333333,11,11,CCGATTAGAGCTTGAGATAA,0,1250062
ftsKp2,0.08333333333333333,11,11,CCGAAATGGTAGATCGGTGT,0,1252748
ftsKp2,0.08333333333333333,11,11,CCCTTCGGCCGGTTAACCTA,0,1258028
ftsKp2,0.08333333333333333,11,11,CCCGCCGAGTGAGAAATCGC,0,1264379
ftsKp2,0.08333333333333333,11,11,CCCCTTAAGTAGGTCCCTCT,0,1248539
ftsKp2,0.08333333333333333,11,11,CCCACGAACTCGGGTCGAAT,0,1260415
ftsKp2,0.08333333333333333,11,11,CCATTTCCTGCAGAAGTCCG,0,1243416
ftsKp2,0.08333333333333333,11,11,CCACGATCAGATACTGCGCT,0,1260490
ftsKp2,0.08333333333333333,11,11,CCACCGGCAATGGAGTCTCA,0,1247307
ftsKp2,0.08333333333333333,11,11,CATGGCTCGGGCCTTCTTAA,0,1248363
ftsKp2,0.08333333333333333,11,11,CAGGATTGGCAGAAACAGGA,0,1268220
ftsKp2,0.08333333333333333,11,11,CAGAGTGTTTTTCCGACTAT,0,1266865
ftsKp2,0.08333333333333333,11,11,CACATTACGGCGACAGCATT,0,1241869
ftsKp2,0.08333333333333333,11,11,CACAAGGAAATCTGATACTG,0,1250213
ftsKp2,0.08333333333333333,11,11,CAATGCAGTGCCGCCAACGG,0,1260775
ftsKp2,0.08333333333333333,11,11,CAACTTTATGACGCACCTAA,0,1246265
ftsKp2,0.08333333333333333,11,11,CAACGTCTACGTCAGGGCAA,0,1243336
ftsKp2,0.08333333333333333,11,11,CAAATAATGGCCTTGTTGAC,0,1264472
ftsKp2,0.08333333333333333,11,11,CAAAGCCCCCGTTCGACGAG,0,1239768
ftsKp2,0.08333333333333333,11,11,ATTCCGACGCACTTGTTTTC,0,1253532
ftsKp2,0.08333333333333333,11,11,ATGTCGGACTAGCGGTCCAG,0,1269231
ftsKp2,0.08333333333333333,11,11,ATGTACCCTAGACTGCGTTC,0,1251083
ftsKp2,0.08333333333333333,11,11,ATGTAATAATGCATGGGTAG,0,1246566
ftsKp2,0.08333333333333333,11,11,ATGCGGAGGTTAACGTTAGT,0,1252682
ftsKp2,0.08333333333333333,11,11,ATGAGCCAAGGCATGGTGAA,0,1251699
ftsKp2,0.08333333333333333,11,11,ATCCCACCAAACCGGGATAT,0,1260671
ftsKp2,0.08333333333333333,11,11,ATATGGATCCAAGAGTATCC,0,1240397
ftsKp2,0.08333333333333333,11,11,ATATGCACGGCCAGTGCTTT,0,1268586
ftsKp2,0.08333333333333333,11,11,ATACCTACTGTTGCCCGAAT,0,1267400
ftsKp2,0.08333333333333333,11,11,ATAATTTTACGCATCTGTAC,0,1252989
ftsKp2,0.08333333333333333,11,11,AGTGACTTCGCTGTCACTAC,0,1250183
ftsKp2,0.08333333333333333,11,11,AGTCCCGGTAGAGCCATCAG,0,1260301
ftsKp2,0.08333333333333333,11,11,AGTCCAGGCTGGTTTTAGGT,0,1258799
ftsKp2,0.08333333333333333,11,11,AGGGGAGCCGTAACCCGCAG,0,1264485
ftsKp2,0.08333333333333333,11,11,AGGGATTGGAATTACTGTGC,0,1252709
ftsKp2,0.08333333333333333,11,11,AGGAGTTTTGGCAGCCCCTT,0,1249063
ftsKp2,0.08333333333333333,11,11,AGATCGGATTTGGTGGCCGT,0,1249223
ftsKp2,0.08333333333333333,11,11,AGATCCGAGGGGAACCAGAT,0,1242486
ftsKp2,0.08333333333333333,11,11,AGAATTATGCCTCCGTTGAT,0,1265805
ftsKp2,0.08333333333333333,11,11,ACTGCGTGTAGGAGCAAGTG,0,1260093
ftsKp2,0.08333333333333333,11,11,ACTGAACACTTCAAAGCGAT,0,1244043
ftsKp2,0.08333333333333333,11,11,ACTCACCCATGGGCCAGAGC,0,1254871
ftsKp2,0.08333333333333333,11,11,ACGCTATTAAAGACTCGGCG,0,1252256
ftsKp2,0.08333333333333333,11,11,ACGCATGCGGTACCGGACCC,0,1256989
ftsKp2,0.08333333333333333,11,11,ACGATCTTGAGGGTGCACGG,0,1255935
ftsKp2,0.08333333333333333,11,11,ACCGTAGTTAGATTACGTTA,0,1259964
ftsKp2,0.08333333333333333,11,11,ACCAGCCGGTGATCAGAATT,0,1257786
ftsKp2,0.08333333333333333,11,11,ACAGTGCGCATTCAAATAAG,0,1269633
ftsKp2,0.08333333333333333,11,11,ACAGCTTTGCCCGCTCTGCA,0,1252357
ftsKp2,0.08333333333333333,11,11,ACAGCGATTACTGTGTGTAT,0,1255495
ftsKp2,0.08333333333333333,11,11,ACAGAGGTGGGCCTAAGGGC,0,1251833
ftsKp2,0.08333333333333333,11,11,ACAGACTAAGAGCCCCGGTA,0,1257616
ftsKp2,0.08333333333333333,11,11,ACACTGACTGGTTGCGTGGT,0,1240711
ftsKp2,0.08333333333333333,11,11,ACAAGTATCGCCATCTGCAT,0,1252974
ftsKp2,0.08333333333333333,11,11,ACAACCATGCCGCTTAAAGC,0,1263386
ftsKp2,0.08333333333333333,11,11,AATGCATCAATTTTTGCTTT,0,1270870
ftsKp2,0.08333333333333333,11,11,AATAGGACAATCACTAAGTA,0,1253241
ftsKp2,0.08333333333333333,11,11,AATACCGATTTCTCTCGGCC,0,1259464
ftsKp2,0.08333333333333333,11,11,AAGGAGTATTAACAGTGCTA,0,1246869
ftsKp2,0.08333333333333333,11,11,AAGCAAGTCACAGGATCCGT,0,1264328
ftsKp2,0.08333333333333333,11,11,AAGACTTAGTCGGGTTCGAG,0,1245517
ftsKp2,0.08333333333333333,11,11,AAGAAGCTACACTGTAAGAC,0,1241852
ftsKp2,0.08333333333333333,11,11,AACTATGTATTCAGGCCATA,0,1258040
ftsKp2,0.08333333333333333,11,11,AAATCAGTGACACACAGAGT,0,1263520
ftsKp2,0.08333333333333333,11,11,AAATAGCCCTAATGAAATGA,0,1245475
ftsKp2,0.09090909090909091,10,10,TTTTTGCTAATGGGGTGACG,0,1254016
ftsKp2,0.09090909090909091,10,10,TTTTGTTACGGTGCGGTCAG,0,1257436
ftsKp2,0.09090909090909091,10,10,TTTGGCAACAGGGAAAGCGG,0,1248154
ftsKp2,0.09090909090909091,10,10,TTTCTACGCGGTAGTGGTTA,0,1250024
ftsKp2,0.09090909090909091,10,10,TTTATGCTACTACGATTTTT,0,1264106
ftsKp2,0.09090909090909091,10,10,TTTAGGCCCCTCGTCAGCAA,0,1252236
ftsKp2,0.09090909090909091,10,10,TTGTGTTTAAGTGACCAGAA,0,1243899
ftsKp2,0.09090909090909091,10,10,TTGTCCGATGTGTGGCGTCC,0,1253335
ftsKp2,0.09090909090909091,10,10,TTGGCGGGCCTAGGCTTGTA,0,1240113
ftsKp2,0.09090909090909091,10,10,TTGCACGGCGTAGTACCTTC,0,1253842
ftsKp2,0.09090909090909091,10,10,TTGACCTCGCCCTCTCGCGA,0,1263744
ftsKp2,0.09090909090909091,10,10,TTCTGACTAAGCGGATAAGG,0,1248369
ftsKp2,0.09090909090909091,10,10,TTCAAGGGACTCTTTACGCA,0,1250167
ftsKp2,0.09090909090909091,10,10,TTATAGTGAATCCCGCCCGT,0,1241116
ftsKp2,0.09090909090909091,10,10,TTAGTAGGGAACCTCGTCAA,0,1269185
ftsKp2,0.09090909090909091,10,10,TTAGTACTTGGCACGTTATC,0,1252766
ftsKp2,0.09090909090909091,10,10,TTACGGGGGGGGCACTGGTA,0,1259673
ftsKp2,0.09090909090909091,10,10,TTACCGTTAGATGGCACTTG,0,1268475
ftsKp2,0.09090909090909091,10,10,TGTGAGCTTATAAGGTACTG,0,1244174
ftsKp2,0.09090909090909091,10,10,TGTCTGAAGAACTTGCTGTT,0,1259996
ftsKp2,0.09090909090909091,10,10,TGTAGGTCAGCCAAGGTCCA,0,1270156
ftsKp2,0.09090909090909091,10,10,TGGTTAGCTAGTAGCTAGTG,0,1247588
ftsKp2,0.09090909090909091,10,10,TGGTAAGTTACCCTACCTCA,0,1269888
ftsKp2,0.09090909090909091,10,10,TGGGCTGCAAACAGTTATGT,0,1249138
ftsKp2,0.09090909090909091,10,10,TGGGAACCGCGGTAGAGCAA,0,1258659
ftsKp2,0.09090909090909091,10,10,TGGACGTCTACGGGGCCACC,0,1254138
ftsKp2,0.09090909090909091,10,10,TGGACGGGACGACACTGGGT,0,1253765
ftsKp2,0.09090909090909091,10,10,TGCCGGAATAGACTTTCTTT,0,1264175
ftsKp2,0.09090909090909091,10,10,TGCACGTCACGATATCTTTG,0,1257132
ftsKp2,0.09090909090909091,10,10,TGATAGAGTAGTTAATATTA,0,1245080
ftsKp2,0.09090909090909091,10,10,TGAGATGGAAGGCTATTTGT,0,1264696
ftsKp2,0.09090909090909091,10,10,TGAACCCGCTATGAAGCCAT,0,1258278
ftsKp2,0.09090909090909091,10,10,TCTTTTTGTTTACTAAAGTA,0,1239541
ftsKp2,0.09090909090909091,10,10,TCTGGCCCGCTTCGTTCTAG,0,1269650
ftsKp2,0.09090909090909091,10,10,TCTCGGAAACGCGTATGATC,0,1253810
ftsKp2,0.09090909090909091,10,10,TCTACCTCGATAAGTAACAA,0,1240494
ftsKp2,0.09090909090909091,10,10,TCGTGAGAGGACGTCAGTCG,0,1261006
ftsKp2,0.09090909090909091,10,10,TCGTATGCGCTCGTTAAGAC,0,1262554
ftsKp2,0.09090909090909091,10,10,TCGGAGGAACGCACGGTCTA,0,1245000
ftsKp2,0.09090909090909091,10,10,TCCTTATAGCTCATTGACCC,0,1244423
ftsKp2,0.09090909090909091,10,10,TCCGTACATAGTCTCACGAT,0,1252941
ftsKp2,0.09090909090909091,10,10,TCCGCCTTCGGGGGTCGCTA,0,1256041
ftsKp2,0.09090909090909091,10,10,TCCGCCGCCTAGTAAGCACA,0,1255575
ftsKp2,0.09090909090909091,10,10,TCCGAATCGGTTTTGAGAAG,0,1251116
ftsKp2,0.09090909090909091,10,10,TCCACATCCGCTGGCCAATA,0,1270894
ftsKp2,0.09090909090909091,10,10,TCAGGCGGCCGCGCGGCCCA,0,1262333
ftsKp2,0.09090909090909091,10,10,TCACTTCTAGGCTCCCAGCA,0,1264640
ftsKp2,0.09090909090909091,10,10,TATTCGAGACAGAGAAAACT,0,1267140
ftsKp2,0.09090909090909091,10,10,TATGTTTCAATGCGAGGGAG,0,1265358
ftsKp2,0.09090909090909091,10,10,TATGCGACGGACTTACCCGT,0,1247411
ftsKp2,0.09090909090909091,10,10,TATGAGCGCAGGAGGTAGAT,0,1245797
ftsKp2,0.09090909090909091,10,10,TATCACAAGAACACATTCAG,0,1244121
ftsKp2,0.09090909090909091,10,10,TAGGGGAAGCTAAGAATAGG,0,1260910
ftsKp2,0.09090909090909091,10,10,TAGGCACGGGAACACCTCGC,0,1249399
ftsKp2,0.09090909090909091,10,10,TAGCCCCATGTAGAGACCCG,0,1254761
ftsKp2,0.09090909090909091,10,10,TACTCTGGTAGAGTCGCGCA,0,1255346
ftsKp2,0.09090909090909091,10,10,TACTCGAATCCAATCCCGAT,0,1243801
ftsKp2,0.09090909090909091,10,10,TACTCCTGAACGGCATATGG,0,1248404
ftsKp2,0.09090909090909091,10,10,TACGGCACAACGTTACGAGT,0,1245641
ftsKp2,0.09090909090909091,10,10,TACCGCGATACCCAGGATTA,0,1242735
ftsKp2,0.09090909090909091,10,10,TACACCGGGCGTTCTCCGTG,0,1251188
ftsKp2,0.09090909090909091,10,10,TAATGGCGGTATAAGGGCGA,0,1265825
ftsKp2,0.09090909090909091,10,10,TAATCCAATATAAAAGAACC,0,1253675
ftsKp2,0.09090909090909091,10,10,TAAGTAGTCAAAATTCGGAG,0,1265934
ftsKp2,0.09090909090909091,10,10,GTTGCGGCAAAAGGACCCGA,0,1242648
ftsKp2,0.09090909090909091,10,10,GTTCGCCTGTATCGGTTGAA,0,1241495
ftsKp2,0.09090909090909091,10,10,GTTATTCAAATTGGGTCTTG,0,1253837
ftsKp2,0.09090909090909091,10,10,GTGGCTCACGAAGTTTTTAT,0,1266618
ftsKp2,0.09090909090909091,10,10,GTGCTTCAATATAACTATTC,0,1263059
ftsKp2,0.09090909090909091,10,10,GTGCTAGTTCTTCTGGGGCA,0,1249642
ftsKp2,0.09090909090909091,10,10,GTGATGTTGAGTCCCGTAGA,0,1255166
ftsKp2,0.09090909090909091,10,10,GTGAGTTGGCCGCCAACTTA,0,1260962
ftsKp2,0.09090909090909091,10,10,GTGAGCTTACGTGTAAAGTT,0,1245997
ftsKp2,0.09090909090909091,10,10,GTGAGAGCCAGCCCATTGAA,0,1248081
ftsKp2,0.09090909090909091,10,10,GTGACTGCATAAGTCGCCAT,0,1266996
ftsKp2,0.09090909090909091,10,10,GTCACGAACTGGGGGGCTTA,0,1262723
ftsKp2,0.09090909090909091,10,10,GTCAATCAATCGAGGCCCCG,0,1270426
ftsKp2,0.09090909090909091,10,10,GTACGCGGTGCTCGTCCAGG,0,1248367
ftsKp2,0.09090909090909091,10,10,GGTTCAGGACCCTCTTCACG,0,1262669
ftsKp2,0.09090909090909091,10,10,GGTTACAGCCGCAGACAGTT,0,1254818
ftsKp2,0.09090909090909091,10,10,GGTTACACCTAAATGGCCAC,0,1265470
ftsKp2,0.09090909090909091,10,10,GGTGGCAGATCGGTAACGGC,0,1249523
ftsKp2,0.09090909090909091,10,10,GGTCGGCGGCGGCTATTCCA,0,1269237
ftsKp2,0.09090909090909091,10,10,GGTCGGACTCGGTCGTGGGT,0,1264956
ftsKp2,0.09090909090909091,10,10,GGTCGCTCGTCTGAATGCTG,0,1256494
ftsKp2,0.09090909090909091,10,10,GGTCATCTTGGATTTCCTCC,0,1239580
ftsKp2,0.09090909090909091,10,10,GGTAGCTTTACGATAGCGAG,0,1257592
ftsKp2,0.09090909090909091,10,10,GGTAAATACATAGTTGAGTG,0,1268099
ftsKp2,0.09090909090909091,10,10,GGGTTTTGATGAAGCCCATT,0,1242348
ftsKp2,0.09090909090909091,10,10,GGGTCTTACATAACATGTAT,0,1261873
ftsKp2,0.09090909090909091,10,10,GGGGGGGAGTGCTTCCGGGG,0,1251972
ftsKp2,0.09090909090909091,10,10,GGGCGAATCTCGGAGTATTA,0,1265728
ftsKp2,0.09090909090909091,10,10,GGGCATGGGACGGCTGACAC,0,1268924
ftsKp2,0.09090909090909091,10,10,GGGAACCCTGGGGTCGATCA,0,1255597
ftsKp2,0.09090909090909091,10,10,GGCGCCTCCGCAGTGGAGAG,0,1245782
ftsKp2,0.09090909090909091,10,10,GGCGCCACGTGAGTGGAGTA,0,1252711
ftsKp2,0.09090909090909091,10,10,GGCGACGTTAGTCAGTTTTG,0,1268872
ftsKp2,0.09090909090909091,10,10,GGCCTTTCGCATGCGGTAGT,0,1252277
ftsKp2,0.09090909090909091,10,10,GGCCTAAAAATTTTCATGAC,0,1245916
ftsKp2,0.09090909090909091,10,10,GGCACGATCCACATGTAAGG,0,1267904
ftsKp2,0.09090909090909091,10,10,GGCAATAAGGGTTCTGGTCA,0,1244386
ftsKp2,0.09090909090909091,10,10,GGATTTGAGGCCACGCCTCA,0,1251123
ftsKp2,0.09090909090909091,10,10,GGAGTTATCGCAAGGATGCC,0,1250633
ftsKp2,0.09090909090909091,10,10,GGAGATGGGTCACAGGCATC,0,1270303
ftsKp2,0.09090909090909091,10,10,GGAATATCCAACTACTACCC,0,1246819
ftsKp2,0.09090909090909091,10,10,GGAAATCAGATTGGGGGGCT,0,1260951
ftsKp2,0.09090909090909091,10,10,GCTTCCACCACGAAACATAA,0,1257792
ftsKp2,0.09090909090909091,10,10,GCTGATTCGGAGTATGCTTT,0,1256873
ftsKp2,0.09090909090909091,10,10,GCGTTGGGAGGTGCCTCCAA,0,1240088
ftsKp2,0.09090909090909091,10,10,GCGGTAAATTGGGAACCCCT,0,1239539
ftsKp2,0.09090909090909091,10,10,GCGGGTGCAAGTGGTATAAA,0,1265254
ftsKp2,0.09090909090909091,10,10,GCCCAGCTGGTAACCTGACG,0,1259572
ftsKp2,0.09090909090909091,10,10,GCCAAGAATATAATAAGCGG,0,1250037
ftsKp2,0.09090909090909091,10,10,GCACATAGTTATACGGGTAA,0,1258994
ftsKp2,0.09090909090909091,10,10,GCACAAGGCTACGACCACTG,0,1262800
ftsKp2,0.09090909090909091,10,10,GCAAATCGGGTGCGCAATTA,0,1253618
ftsKp2,0.09090909090909091,10,10,GAGATGCTGGAGCGGCCTAT,0,1260681
ftsKp2,0.09090909090909091,10,10,GAGATCTCTCGAGTAATACA,0,1247191
ftsKp2,0.09090909090909091,10,10,GAGATAGTCCCTGAGTACGT,0,1266062
ftsKp2,0.09090909090909091,10,10,GACTTACACCCAACTTTTTG,0,1249215
ftsKp2,0.09090909090909091,10,10,GACTGTACTCGTGGTAAAAA,0,1250629
ftsKp2,0.09090909090909091,10,10,GACCCGGGTTGGACGAACCT,0,1252840
ftsKp2,0.09090909090909091,10,10,GACCAGCTCAGTACGCAGAC,0,1256058
ftsKp2,0.09090909090909091,10,10,GACACGTCGTTGAATAGATT,0,1261335
ftsKp2,0.09090909090909091,10,10,GACAAGGCTGGGGCACCACT,0,1246315
ftsKp2,0.09090909090909091,10,10,GAACGGTGGTTGAGCATGCG,0,1259180
ftsKp2,0.09090909090909091,10,10,GAAACATTTAATGTCGATGC,0,1261996
ftsKp2,0.09090909090909091,10,10,CTTTGTCGCGGCGGTATCGA,0,1249046
ftsKp2,0.09090909090909091,10,10,CTTTCTATATTCAATTGTCA,0,1261479
ftsKp2,0.09090909090909091,10,10,CTTCGCCGCTTCCGCATGCT,0,1246163
ftsKp2,0.09090909090909091,10,10,CTGTGTTTTAGGGCCTCTGT,0,1264438
ftsKp2,0.09090909090909091,10,10,CTGTCTAATTCTGACTCTAG,0,1244720
ftsKp2,0.09090909090909091,10,10,CTGTCACTTGTGCAAATCGC,0,1258090
ftsKp2,0.09090909090909091,10,10,CTGTCAAGCGTCATCAGAGA,0,1260284
ftsKp2,0.09090909090909091,10,10,CTGGACTTGTTACCGAAACC,0,1241049
ftsKp2,0.09090909090909091,10,10,CTGCCTTTTCATAAAGCACT,0,1246733
ftsKp2,0.09090909090909091,10,10,CTCGGAGAGGAGCCTACTCC,0,1263055
ftsKp2,0.09090909090909091,10,10,CTCCTTATGTTACATTCGGA,0,1254788
ftsKp2,0.09090909090909091,10,10,CTCCTCACCATCAGCAACCT,0,1245914
ftsKp2,0.09090909090909091,10,10,CTCCACAGGCGGGGAGAATA,0,1258290
ftsKp2,0.09090909090909091,10,10,CTAGCGGGTACAAATCATCG,0,1250301
ftsKp2,0.09090909090909091,10,10,CGTTAGTTAATCGTTGACCG,0,1254137
ftsKp2,0.09090909090909091,10,10,CGTTACCCAACGCTTTCGCC,0,1251603
ftsKp2,0.09090909090909091,10,10,CGTCAGGTTAGAAGATCGCA,0,1254116
ftsKp2,0.09090909090909091,10,10,CGTAGGCAACGTGCCCACAC,0,1255342
ftsKp2,0.09090909090909091,10,10,CGTAAATAGCCCACATACCC,0,1241618
ftsKp2,0.09090909090909091,10,10,CGGTCGTATTGAGGGTGTGA,0,1257728
ftsKp2,0.09090909090909091,10,10,CGGGCACCCGACCCGAGATA,0,1240270
ftsKp2,0.09090909090909091,10,10,CGGGAAGTCGCGTGGCGCAT,0,1240005
ftsKp2,0.09090909090909091,10,10,CGGATCGATCAGAACTGGGA,0,1245499
ftsKp2,0.09090909090909091,10,10,CGGAGGCGTCTAAAGAGGAG,0,1260672
ftsKp2,0.09090909090909091,10,10,CGGACATTGTCGCGTCAGAC,0,1270220
ftsKp2,0.09090909090909091,10,10,CGCTAACTATTTTATGGCTG,0,1262096
ftsKp2,0.09090909090909091,10,10,CGCGCATAAAGCATTCGGAG,0,1252096
ftsKp2,0.09090909090909091,10,10,CGCGATAATGAGAGTCCCGC,0,1263969
ftsKp2,0.09090909090909091,10,10,CGCCGCGAGACCCCACTTAT,0,1243461
ftsKp2,0.09090909090909091,10,10,CGCATAAAACCCATTGAAAG,0,1250302
ftsKp2,0.09090909090909091,10,10,CGCACGAAACCTGTTCCGAA,0,1262695
ftsKp2,0.09090909090909091,10,10,CGCACACCGACCGGTACGCA,0,1254154
ftsKp2,0.09090909090909091,10,10,CGCAAAGAACCATTAAAGCG,0,1259840
ftsKp2,0.09090909090909091,10,10,CGAGTTCTGGAGCTTTACAT,0,1260907
ftsKp2,0.09090909090909091,10,10,CGAGCTAATAAGAGTCCAAC,0,1254458
ftsKp2,0.09090909090909091,10,10,CGAGATAATTGATATCCACC,0,1242659
ftsKp2,0.09090909090909091,10,10,CGACCCAAAGGCGTAGCAAA,0,1247092
ftsKp2,0.09090909090909091,10,10,CGAAGGTAAGTGTGGGTTCA,0,1265081
ftsKp2,0.09090909090909091,10,10,CGAAGCTTGGTTATTGCAGC,0,1246917
ftsKp2,0.09090909090909091,10,10,CGAACGGCTTTCCGATGGGT,0,1253591
ftsKp2,0.09090909090909091,10,10,CGAACGCTCATCATGTGACA,0,1260444
ftsKp2,0.09090909090909091,10,10,CCTTGCCCAGCAGAGTCGTT,0,1265846
ftsKp2,0.09090909090909091,10,10,CCTGGCGGGGGCGGCTAGAT,0,1259468
ftsKp2,0.09090909090909091,10,10,CCTCCATTTACGGAGGCTCT,0,1246086
ftsKp2,0.09090909090909091,10,10,CCTCCATACCGTGTCTTCGT,0,1247972
ftsKp2,0.09090909090909091,10,10,CCTCCACCGGGCACTTCGTG,0,1270047
ftsKp2,0.09090909090909091,10,10,CCTAGTTGTATGCCAATTGC,0,1258740
ftsKp2,0.09090909090909091,10,10,CCGTGCCCGGCCTACAGTTA,0,1242189
ftsKp2,0.09090909090909091,10,10,CCGTAAGCAGAGAGAGGTTG,0,1244360
ftsKp2,0.09090909090909091,10,10,CCGCTATTATGTGAGGTTAA,0,1266129
ftsKp2,0.09090909090909091,10,10,CCGCTAGCTCAGATAGTACT,0,1248409
ftsKp2,0.09090909090909091,10,10,CCCGCCCACGCCGCTTTGCA,0,1251860
ftsKp2,0.09090909090909091,10,10,CCCCCCGTTCCGAACTCCGT,0,1250458
ftsKp2,0.09090909090909091,10,10,CCCACTGGGAGTCTATAGGG,0,1242608
ftsKp2,0.09090909090909091,10,10,CCCACGTCGGTAATATATCC,0,1267721
ftsKp2,0.09090909090909091,10,10,CCATCCGGGCGGTATGACAG,0,1247938
ftsKp2,0.09090909090909091,10,10,CCACCGGGTCGAGTCTGTGT,0,1245695
ftsKp2,0.09090909090909091,10,10,CATTGGAGGGCCAGTGGTAC,0,1243506
ftsKp2,0.09090909090909091,10,10,CATGAAGGTTCTAAATTAGA,0,1259113
ftsKp2,0.09090909090909091,10,10,CATAGATCGTTTAGCAACCT,0,1246405
ftsKp2,0.09090909090909091,10,10,CATAATAGTGAAACGCTTAA,0,1252865
ftsKp2,0.09090909090909091,10,10,CATAAGCAGGTAACTTATCT,0,1247132
ftsKp2,0.09090909090909091,10,10,CAGTTGGGTACTGCGAAAGT,0,1243905
ftsKp2,0.09090909090909091,10,10,CAGGCCCAGGTTGTTCTTTT,0,1258562
ftsKp2,0.09090909090909091,10,10,CAGGCATCCAGCGAGGCGGC,0,1240943
ftsKp2,0.09090909090909091,10,10,CAGCGGGGCGGAGCCCCCGG,0,1253836
ftsKp2,0.09090909090909091,10,10,CAGCCTGTAGTTGCCTTGTC,0,1240616
ftsKp2,0.09090909090909091,10,10,CAGACGGCGTGACGAGACGC,0,1270518
ftsKp2,0.09090909090909091,10,10,CAGAACTTTCCCACGCCGTC,0,1266956
ftsKp2,0.09090909090909091,10,10,CACGGATGGAGTGAAACGGA,0,1245697
ftsKp2,0.09090909090909091,10,10,CACCTGTTCCCAGAAGCACG,0,1263428
ftsKp2,0.09090909090909091,10,10,CACATGGGGATAGGTCGATA,0,1266542
ftsKp2,0.09090909090909091,10,10,CACATACGATCTGTCAAGGT,0,1257423
ftsKp2,0.09090909090909091,10,10,CAAGGTTACAAGTGTTCGGC,0,1261138
ftsKp2,0.09090909090909091,10,10,CAAGCTCGTGATAAGGCACG,0,1263031
ftsKp2,0.09090909090909091,10,10,CAAAGTGGGTAGTTGAAATC,0,1252305
ftsKp2,0.09090909090909091,10,10,CAAAGGTGCACAAGCAGATG,0,1241395
ftsKp2,0.09090909090909091,10,10,ATTTATAGTTCCAAGGGGTC,0,1263738
ftsKp2,0.09090909090909091,10,10,ATTCGCGAACTCTTGTTTAA,0,1257872
ftsKp2,0.09090909090909091,10,10,ATTCAGCACGGTAACTGAGG,0,1247939
ftsKp2,0.09090909090909091,10,10,ATTCACATTTAATAGTTCGC,0,1253168
ftsKp2,0.09090909090909091,10,10,ATGTTGGGCCCGATGGCTAT,0,1254456
ftsKp2,0.09090909090909091,10,10,ATGTTGCAGAAAGGCGTCAA,0,1252679
ftsKp2,0.09090909090909091,10,10,ATGTGCGAGCTTCCGTTTGG,0,1268964
ftsKp2,0.09090909090909091,10,10,ATGGCTGGACGAAGCCTGGG,0,1270837
ftsKp2,0.09090909090909091,10,10,ATGGCCTACAGTTTCTAAAC,0,1239762
ftsKp2,0.09090909090909091,10,10,ATGCCATCAAGGTTCCTAAA,0,1257649
ftsKp2,0.09090909090909091,10,10,ATGACGTAACCCCTACGACA,0,1239332
ftsKp2,0.09090909090909091,10,10,ATCTATGGCCTGTCGGACAA,0,1249124
ftsKp2,0.09090909090909091,10,10,ATCGGCGTATATCTCTTTAT,0,1269745
ftsKp2,0.09090909090909091,10,10,ATCGCCCGGATGCCTCGAAT,0,1252449
ftsKp2,0.09090909090909091,10,10,ATCCACGCTTACGAACGGTG,0,1243129
ftsKp2,0.09090909090909091,10,10,ATCAAGCGACACATCCAGGC,0,1239861
ftsKp2,0.09090909090909091,10,10,ATATTTACTACGTGGCCTAA,0,1244573
ftsKp2,0.09090909090909091,10,10,ATACTGGGCGGAGTAGGATG,0,1246989
ftsKp2,0.09090909090909091,10,10,AGTTCTGATGAACGTACCCA,0,1254559
ftsKp2,0.09090909090909091,10,10,AGTGAGGAGTTCGACGATTA,0,1252445
ftsKp2,0.09090909090909091,10,10,AGTCATAGATATATCGTCAA,0,1258102
ftsKp2,0.09090909090909091,10,10,AGTAATATGTGTCTAGTATC,0,1251656
ftsKp2,0.09090909090909091,10,10,AGGTCCCACATCCTAAAAAT,0,1247716
ftsKp2,0.09090909090909091,10,10,AGGGTCCAGTATTCAGGGGT,0,1267770
ftsKp2,0.09090909090909091,10,10,AGGGAGTACGGCCTTGGGTC,0,1249838
ftsKp2,0.09090909090909091,10,10,AGGCAAGTAAGTTGTCAAAC,0,1257244
ftsKp2,0.09090909090909091,10,10,AGGATTGGTACATGCACGGT,0,1246537
ftsKp2,0.09090909090909091,10,10,AGCTTGGACGGCCTGAGCTG,0,1263277
ftsKp2,0.09090909090909091,10,10,AGCTCGTAGCTTACAAGTTA,0,1242137
ftsKp2,0.09090909090909091,10,10,AGCGGCTAGGCAAGTCCCCA,0,1240473
ftsKp2,0.09090909090909091,10,10,AGCGAGGTATGAAAGGACAT,0,1250242
ftsKp2,0.09090909090909091,10,10,AGCCCCATAAGAAGACTTGT,0,1244760
ftsKp2,0.09090909090909091,10,10,AGCCAAGGCTGTGTTTTGTT,0,1247978
ftsKp2,0.09090909090909091,10,10,AGAGGGTTACGAATTACGAC,0,1264868
ftsKp2,0.09090909090909091,10,10,AGAGCGCTCGTGAATCCAGT,0,1269631
ftsKp2,0.09090909090909091,10,10,AGACGCTCTACGATATCCGC,0,1246853
ftsKp2,0.09090909090909091,10,10,AGAACGTGATGGCCGAATAT,0,1255018
ftsKp2,0.09090909090909091,10,10,AGAACCACTCCCTTGGTTCG,0,1264310
ftsKp2,0.09090909090909091,10,10,ACTTACATTCCAATGGAGAC,0,1252389
ftsKp2,0.09090909090909091,10,10,ACTGTCATGCCGTCTGGACA,0,1267975
ftsKp2,0.09090909090909091,10,10,ACTCGCCGGATGGATATGCA,0,1242346
ftsKp2,0.09090909090909091,10,10,ACGTGTGCCACGCGTCACGC,0,1242956
ftsKp2,0.09090909090909091,10,10,ACGTCTGTTTGCCAGCCGGG,0,1250243
ftsKp2,0.09090909090909091,10,10,ACGTAAGCAAAGCGTTTGCA,0,1243026
ftsKp2,0.09090909090909091,10,10,ACGGTTAACTCGGTTCGGCC,0,1252838
ftsKp2,0.09090909090909091,10,10,ACGGTGAACGACTTACCCTT,0,1262615
ftsKp2,0.09090909090909091,10,10,ACGGAGATACTGACTGCTCA,0,1245017
ftsKp2,0.09090909090909091,10,10,ACGGACGGGGCTTCTCAGGG,0,1266338
ftsKp2,0.09090909090909091,10,10,ACGCGTCTATCCGAGGAGGT,0,1259635
ftsKp2,0.09090909090909091,10,10,ACGCATCTACCCACAGGCCG,0,1245429
ftsKp2,0.09090909090909091,10,10,ACCTAATCGCGTACTATGGT,0,1253908
ftsKp2,0.09090909090909091,10,10,ACCTAACGATTCCCATCCTC,0,1240349
ftsKp2,0.09090909090909091,10,10,ACCACCGCTGCCCGACACTC,0,1251179
ftsKp2,0.09090909090909091,10,10,ACCACAAAATCGGGTCAGTT,0,1261945
ftsKp2,0.09090909090909091,10,10,ACAAGGGATCAGAATGAACG,0,1243127
ftsKp2,0.09090909090909091,10,10,AATTGGCTGACCCGAAGGTT,0,1240764
ftsKp2,0.09090909090909091,10,10,AATTGACGCCCAAAGAGACG,0,1268874
ftsKp2,0.09090909090909091,10,10,AATGTGTTTTGACGTTCTGG,0,1255978
ftsKp2,0.09090909090909091,10,10,AATGTATAACAGGCACAGTG,0,1260654
ftsKp2,0.09090909090909091,10,10,AATGTAGGTTCTACAAGGCA,0,1257858
ftsKp2,0.09090909090909091,10,10,AATCATACATCGGTACTCTT,0,1241130
ftsKp2,0.09090909090909091,10,10,AAGGGCTGTGGGAACACTCA,0,1250220
ftsKp2,0.09090909090909091,10,10,AAGACAGTAGGCATTGAAGT,0,1254865
ftsKp2,0.09090909090909091,10,10,AACTGTGGAATTCGGTGACT,0,1251239
ftsKp2,0.09090909090909091,10,10,AACGTAGCAGCGCTTGGGCA,0,1262152
ftsKp2,0.09090909090909091,10,10,AACATTGAGCACGCCAAATC,0,1259502
ftsKp2,0.09090909090909091,10,10,AACAGTTAGTGTGTCTCCTG,0,1249804
ftsKp2,0.09090909090909091,10,10,AACAGGGGCAAAGCACTCCT,0,1270969
ftsKp2,0.09090909090909091,10,10,AAATAGCCAGGTGGTTGTAA,0,1253633
ftsKp2,0.09090909090909091,10,10,AAAGTCATCCACGGCAGATT,0,1261109
ftsKp2,0.09090909090909091,10,10,AAAGCATGAGGTTGTGCGAT,0,1246750
ftsKp2,0.09090909090909091,10,10,AAACTCATGGCTAGCCTCAG,0,1266158
ftsKp2,0.09090909090909091,10,10,AAACGCATTGTCTTCCAAGA,0,1241502
ftsKp2,0.09090909090909091,10,10,AAACCGATCTGGCAGTGAAC,0,1255540
ftsKp2,0.09090909090909091,10,10,AAAAGCCAGAGCAGAGATGA,0,1263299
ftsKp2,0.09090909090909091,10,10,AAAAAGTCAGTACTCTGGAC,0,1252648
ftsKp2,0.09090909090909091,10,10,AAAAAGATCCCGTGACCACT,0,1253838
ftsKp2,0.1,9,9,TTTTGAATTCCATTGATGCT,0,1268604
ftsKp2,0.1,9,9,TTTGTGACAGCCGCTGAGGT,0,1246113
ftsKp2,0.1,9,9,TTTGCGCGGTAGTACTAGCC,0,1241865
ftsKp2,0.1,9,9,TTTGACCTTCTCCCGGAGTC,0,1252613
ftsKp2,0.1,9,9,TTTCTCCGAGCGGTTGATGC,0,1248117
ftsKp2,0.1,9,9,TTTAAGGCCCGCACACATTA,0,1244574
ftsKp2,0.1,9,9,TTGGGTCAACGGCCGTCTTG,0,1270429
ftsKp2,0.1,9,9,TTGGCGATGGGTCATGTAAT,0,1267165
ftsKp2,0.1,9,9,TTGCTAGTGGTGGGCTAGTG,0,1254187
ftsKp2,0.1,9,9,TTGCGTATAAGTATGGAAAC,0,1264927
ftsKp2,0.1,9,9,TTCTCTCAAGTGATCACGCC,0,1260543
ftsKp2,0.1,9,9,TTCCGAGAAGGAATAACAGG,0,1242621
ftsKp2,0.1,9,9,TTCCCTAGTGTAATCTGTCA,0,1245303
ftsKp2,0.1,9,9,TTATATTCAATACCGCATGT,0,1239832
ftsKp2,0.1,9,9,TTAGACAAGCGATGTCCGGA,0,1259040
ftsKp2,0.1,9,9,TGTGCGGATGGAGTGAGCTA,0,1252813
ftsKp2,0.1,9,9,TGTCTTGCGTGGTAGTCGAA,0,1244273
ftsKp2,0.1,9,9,TGTAAGGGGAAACGGATCAA,0,1258416
ftsKp2,0.1,9,9,TGTAAGACAAGGAGATGTAA,0,1250322
ftsKp2,0.1,9,9,TGGTACTAATATGGCGCAAT,0,1259276
ftsKp2,0.1,9,9,TGGTAAGCAAGTAGACTTAT,0,1256443
ftsKp2,0.1,9,9,TGGGTGTATGAGCCGGAGAC,0,1255709
ftsKp2,0.1,9,9,TGGCTAGTCAAAACATAATT,0,1250715
ftsKp2,0.1,9,9,TGGCGGAGTGCGTAATGATT,0,1245448
ftsKp2,0.1,9,9,TGGAGTATGGGCTGGCCCCT,0,1266685
ftsKp2,0.1,9,9,TGGACAGAGTGCTAGTTTGA,0,1240029
ftsKp2,0.1,9,9,TGCTGCAGTAGCGAATGCGC,0,1271140
ftsKp2,0.1,9,9,TGCTCCATCCGGGTAGGAAT,0,1255455
ftsKp2,0.1,9,9,TGCTACAATGGGTCTGGGTC,0,1263027
ftsKp2,0.1,9,9,TGCGTGAGCAGTGTATGTGG,0,1240729
ftsKp2,0.1,9,9,TGCGCGAACACGGTAAAGTA,0,1239325
ftsKp2,0.1,9,9,TGCCAACGCGACAACGGGGC,0,1251267
ftsKp2,0.1,9,9,TGCATTCGCACGATAAATGC,0,1245462
ftsKp2,0.1,9,9,TGAGGTATCTCCACATTTGT,0,1259026
ftsKp2,0.1,9,9,TGAGGGCCTCGCTCAAATAA,0,1261910
ftsKp2,0.1,9,9,TGAAGTCCCAAGGAACTCAA,0,1254831
ftsKp2,0.1,9,9,TGAACCCATTCATCGGGTGT,0,1254528
ftsKp2,0.1,9,9,TCTTGCAGGGGCCAACCCAA,0,1252069
ftsKp2,0.1,9,9,TCTCTACAGGTACCTCGTTA,0,1239633
ftsKp2,0.1,9,9,TCTCGTGGTTTACTCTACAC,0,1254611
ftsKp2,0.1,9,9,TCGTACGTGCCCCCGCTGGG,0,1246392
ftsKp2,0.1,9,9,TCGCGTGCTTCAACGATGGG,0,1243485
ftsKp2,0.1,9,9,TCGAGGACTCAGTTGCTTTT,0,1255268
ftsKp2,0.1,9,9,TCCATGATCTAGGTTGCATA,0,1268705
ftsKp2,0.1,9,9,TCCAGAAAATAGGCTCGCAA,0,1252042
ftsKp2,0.1,9,9,TCCAATTGATTGTCAAACTT,0,1262357
ftsKp2,0.1,9,9,TCATTGGGCAATGAGCGGAG,0,1259379
ftsKp2,0.1,9,9,TCAGTATGTAATGCCATTGG,0,1262049
ftsKp2,0.1,9,9,TCAGCGTACCCCGGACTTTT,0,1248384
ftsKp2,0.1,9,9,TCAGACTCGCTCTAGGGTTT,0,1247348
ftsKp2,0.1,9,9,TCACTGCAATAACCGTGCGT,0,1257960
ftsKp2,0.1,9,9,TCACACGTTCCCCCTAGAAC,0,1239649
ftsKp2,0.1,9,9,TCACAAGAAGGTTTGCCGGA,0,1268186
ftsKp2,0.1,9,9,TATTTTTAACACGCCCATGC,0,1254239
ftsKp2,0.1,9,9,TATTATACCTCCGGAGAACA,0,1240150
ftsKp2,0.1,9,9,TATGGAGGTCTTCATCTGTG,0,1246264
ftsKp2,0.1,9,9,TATAGTATGATTGGATGCAT,0,1257018
ftsKp2,0.1,9,9,TAGGTTGGCAACAGACTGAA,0,1242863
ftsKp2,0.1,9,9,TAGGTCAACTGTTCCAGTAC,0,1268107
ftsKp2,0.1,9,9,TAGGGTTGGGACTCCGGAAT,0,1252866
ftsKp2,0.1,9,9,TAGGCGGAGTGTCGTGCACA,0,1268582
ftsKp2,0.1,9,9,TAGGACTTATCGAACTTCCA,0,1247814
ftsKp2,0.1,9,9,TAGCGCGACCAGGCAGACGT,0,1243987
ftsKp2,0.1,9,9,TAGAGCGCTCAGACTACAGG,0,1255783
ftsKp2,0.1,9,9,TAGAGATCCATTAGAGCCGC,0,1253778
ftsKp2,0.1,9,9,TACTTCTCGTTGACTAATCG,0,1247711
ftsKp2,0.1,9,9,TACTGCCAGATAAGTTAAGT,0,1257619
ftsKp2,0.1,9,9,TACGAACCTAGGGATCTGCG,0,1254971
ftsKp2,0.1,9,9,TACCTTGCAACTGCAAGAGT,0,1245927
ftsKp2,0.1,9,9,TACCGCTTTCAATCGGTTAC,0,1241332
ftsKp2,0.1,9,9,TACCCCCAAATCATGAACGT,0,1248262
ftsKp2,0.1,9,9,TAATGACCCCCCAGATGCTT,0,1239433
ftsKp2,0.1,9,9,TAAGGTCCATCGGGGCGATA,0,1239476
ftsKp2,0.1,9,9,GTTTGGGAGAGAAGCCGTGG,0,1258039
ftsKp2,0.1,9,9,GTTTAGTATACTTGAACTCT,0,1265231
ftsKp2,0.1,9,9,GTTCGATTTCGTAGAAAGGA,0,1259612
ftsKp2,0.1,9,9,GTTCAGGTACGATCCTCATA,0,1263896
ftsKp2,0.1,9,9,GTGGTGGTACTGACCAGAAT,0,1258464
ftsKp2,0.1,9,9,GTGCGCTGATAGAGTTGCAG,0,1266152
ftsKp2,0.1,9,9,GTGCCATAACGTGAATGCAG,0,1240118
ftsKp2,0.1,9,9,GTCTGGCTTGCCTTGCCCAC,0,1240354
ftsKp2,0.1,9,9,GTCTGAGGCTATATCCCGAA,0,1257731
ftsKp2,0.1,9,9,GTCTAAACTCGCAAGGCACT,0,1240372
ftsKp2,0.1,9,9,GTCGTACGAAGTATCTAGTG,0,1249069
ftsKp2,0.1,9,9,GTCGCATGACGGTAACTTTT,0,1257927
ftsKp2,0.1,9,9,GTCGCAATAAGTAGGGGGTT,0,1244299
ftsKp2,0.1,9,9,GTCATGTCGTGTTTGAGACC,0,1243190
ftsKp2,0.1,9,9,GTCACGGCATAATGCCTCAG,0,1252719
ftsKp2,0.1,9,9,GTCACCTTGGCGCGAGAATT,0,1242109
ftsKp2,0.1,9,9,GTAGGTGTGTTGTTTGTTCG,0,1245270
ftsKp2,0.1,9,9,GTAGCGGGCCATACCGATTA,0,1267214
ftsKp2,0.1,9,9,GTAGCCTGTTAACCGGGGAC,0,1259989
ftsKp2,0.1,9,9,GTAAGTGTGCTCAGGCGTGC,0,1270717
ftsKp2,0.1,9,9,GTAAGACTACTGTCAGTGTT,0,1248990
ftsKp2,0.1,9,9,GTAAACCCAACTATAGCGGT,0,1256491
ftsKp2,0.1,9,9,GGTTGACGGGTGCGGATATA,0,1261351
ftsKp2,0.1,9,9,GGTGGAGGGCGCCTCGGCCT,0,1267215
ftsKp2,0.1,9,9,GGTCTGGAGGCACACTTTTT,0,1259453
ftsKp2,0.1,9,9,GGTACTAACCAGTCCAGGAC,0,1251778
ftsKp2,0.1,9,9,GGGTGATAAGGCATTCACAA,0,1253598
ftsKp2,0.1,9,9,GGGTCGTCAGATCGAAGCCG,0,1244676
ftsKp2,0.1,9,9,GGGAGTGCATGATAGTTACA,0,1250692
ftsKp2,0.1,9,9,GGGAACGCAGTCGGGCGGGA,0,1250151
ftsKp2,0.1,9,9,GGCCCGTAACTTGCGAATTA,0,1252863
ftsKp2,0.1,9,9,GGCCCCGCCCGGCCTTCGAG,0,1257186
ftsKp2,0.1,9,9,GGCCATTATTTTCTGCGCAA,0,1244771
ftsKp2,0.1,9,9,GGCAACGAAATTCAGGGGAA,0,1245030
ftsKp2,0.1,9,9,GGATGCGAATCCAGTGCGAA,0,1270453
ftsKp2,0.1,9,9,GGAGGGGCTTCAGCCAGAAA,0,1250224
ftsKp2,0.1,9,9,GCTTTTGAAATTAGAGCGAG,0,1263765
ftsKp2,0.1,9,9,GCTGGGGCAAGCTTCTTAAT,0,1244691
ftsKp2,0.1,9,9,GCTATGGCATAAGTTTAAAA,0,1255566
ftsKp2,0.1,9,9,GCTAGGAGCCGCCCAGCTGT,0,1253967
ftsKp2,0.1,9,9,GCGTTGACTGCGCGATAGGA,0,1239435
ftsKp2,0.1,9,9,GCGTTAAGACTGCATCGAGA,0,1263889
ftsKp2,0.1,9,9,GCGTTAACGAGTTGCTACTG,0,1255789
ftsKp2,0.1,9,9,GCGTAGTTTCTACAAGAGGT,0,1241738
ftsKp2,0.1,9,9,GCGGTTCATAAGCAACCTGT,0,1258541
ftsKp2,0.1,9,9,GCGGAACGTGCACTCGTATT,0,1264637
ftsKp2,0.1,9,9,GCGCCTGCTAACATTTATTG,0,1240593
ftsKp2,0.1,9,9,GCCTGTATTAGCAGCTATTA,0,1267288
ftsKp2,0.1,9,9,GCCCCCTGTGTCTGTAAGGG,0,1243411
ftsKp2,0.1,9,9,GCCACCGGCAATCTAAAGAA,0,1257993
ftsKp2,0.1,9,9,GCATTTCGTTAACAACCAGT,0,1249520
ftsKp2,0.1,9,9,GCATGCGTCAGATATTACCG,0,1258793
ftsKp2,0.1,9,9,GCAGTGTATATGTGTGTCTT,0,1254362
ftsKp2,0.1,9,9,GCAGGTAAGAGGTAAATAGT,0,1243577
ftsKp2,0.1,9,9,GCAGGATCGTGAATTCCGCG,0,1246595
ftsKp2,0.1,9,9,GCAGGACTTGGTGCTAATAC,0,1270852
ftsKp2,0.1,9,9,GCAGAGAGTTTTGGCAGCTA,0,1251357
ftsKp2,0.1,9,9,GCAACGATTCAGCGTCTAGA,0,1242160
ftsKp2,0.1,9,9,GCAAATTACTGCGTGCGACA,0,1250490
ftsKp2,0.1,9,9,GCAAAGGTTGACGTCGTCCT,0,1250140
ftsKp2,0.1,9,9,GCAAACTCGGCGAATCCCAG,0,1262290
ftsKp2,0.1,9,9,GATTTGACATAATTCTGAAT,0,1261821
ftsKp2,0.1,9,9,GATTCAGTGCGGGGATTCTG,0,1251468
ftsKp2,0.1,9,9,GATGGCGCGACGATCCCGTA,0,1262002
ftsKp2,0.1,9,9,GATGCATAGGGTGATACGCT,0,1252379
ftsKp2,0.1,9,9,GATCACCCGGTGACAGAGAT,0,1252658
ftsKp2,0.1,9,9,GAGCGATCTATGACATACTA,0,1260991
ftsKp2,0.1,9,9,GAGCACTTGGTGATACGATG,0,1253918
ftsKp2,0.1,9,9,GAGATCGCGAACGCCCTATC,0,1259102
ftsKp2,0.1,9,9,GAGATATGAGACGGGGGGAT,0,1264700
ftsKp2,0.1,9,9,GACTCATAGCGAAACACAAT,0,1249734
ftsKp2,0.1,9,9,GACTCAGCTGGGTGCCACTG,0,1240818
ftsKp2,0.1,9,9,GACCCGGCTTATGCGTAAGT,0,1257156
ftsKp2,0.1,9,9,GAATCCTGGTAAGCCATTCG,0,1255217
ftsKp2,0.1,9,9,GAACGGGAACTGGGTTTACG,0,1244774
ftsKp2,0.1,9,9,GAAACTCGTACTACTACGAA,0,1249036
ftsKp2,0.1,9,9,GAAAACTCACGCCGCATAAC,0,1248864
ftsKp2,0.1,9,9,CTTTTAAGCCTTTGATAGTC,0,1249995
ftsKp2,0.1,9,9,CTTTACAGCCGTTGCCCATG,0,1242792
ftsKp2,0.1,9,9,CTTGCTCGGTTCGGTACCCA,0,1262406
ftsKp2,0.1,9,9,CTTCTTTCTCGACTGCGACG,0,1264943
ftsKp2,0.1,9,9,CTTCCCGGTCCTCCTATGCC,0,1250090
ftsKp2,0.1,9,9,CTTCACCACGCAGCCTCGCC,0,1256099
ftsKp2,0.1,9,9,CTGGATACGTACATTCGTCC,0,1263701
ftsKp2,0.1,9,9,CTGCTGGGAACAAAAACCCG,0,1247937
ftsKp2,0.1,9,9,CTGCGTGAGTGAAGGGGCTC,0,1263933
ftsKp2,0.1,9,9,CTGAAGGCCGTTGGTTGACA,0,1264116
ftsKp2,0.1,9,9,CTAGTAGCTCCAACGGTTAG,0,1259733
ftsKp2,0.1,9,9,CTAGATACAGCCCGGGTTAG,0,1254546
ftsKp2,0.1,9,9,CTAAGGTGTAATCGCTGGGA,0,1241995
ftsKp2,0.1,9,9,CTAAGAGTCAGGCGCGGCAT,0,1265974
ftsKp2,0.1,9,9,CTAACGTTATCCACACGTGA,0,1264041
ftsKp2,0.1,9,9,CGTTTAGCGTCCCACTGAGG,0,1242797
ftsKp2,0.1,9,9,CGTGGGCCAGTGAGGATGCC,0,1270534
ftsKp2,0.1,9,9,CGTGCGCTGTATAGAATAAC,0,1248444
ftsKp2,0.1,9,9,CGTCTTTTATGCAAATCGTT,0,1247795
ftsKp2,0.1,9,9,CGTCCCCAATAAAGAAATTC,0,1243866
ftsKp2,0.1,9,9,CGTATACCAGGCGCTCTGGT,0,1248450
ftsKp2,0.1,9,9,CGTACCCGACAGGCGTCGGT,0,1254393
ftsKp2,0.1,9,9,CGGTGCGTCACGCGCATGAA,0,1241415
ftsKp2,0.1,9,9,CGGTGATCGGCTCAGCGGGT,0,1258513
ftsKp2,0.1,9,9,CGGGTAGGTGATAAGTCGGG,0,1240983
ftsKp2,0.1,9,9,CGGGGTTCTGGGCACAGGAG,0,1260971
ftsKp2,0.1,9,9,CGGCCGAAGTATTCCGCGTT,0,1250918
ftsKp2,0.1,9,9,CGGATGATCCAATTAGTCTT,0,1259435
ftsKp2,0.1,9,9,CGGACTACACGGCTCAAATT,0,1257339
ftsKp2,0.1,9,9,CGCTGATAAGTCAATCAGTA,0,1251986
ftsKp2,0.1,9,9,CGCTCCGACTACATGAGGTT,0,1260069
ftsKp2,0.1,9,9,CGCTACGTTTGGTCGGAAAA,0,1243142
ftsKp2,0.1,9,9,CGCTACAGGTTCACAATCGA,0,1254135
ftsKp2,0.1,9,9,CGCGTAATAAAGGCACGAGA,0,1244377
ftsKp2,0.1,9,9,CGCGCGCACCCATTCTGTCC,0,1257363
ftsKp2,0.1,9,9,CGCAAGTTGGGGACAGTAAC,0,1265573
ftsKp2,0.1,9,9,CGAGCGTCGTGAGAGCTAGA,0,1260249
ftsKp2,0.1,9,9,CGAGCGCAGTATTAGACATA,0,1250691
ftsKp2,0.1,9,9,CCTTCAGCTGTAATTCTTGG,0,1249897
ftsKp2,0.1,9,9,CCTCTACGTCTTCATATACC,0,1263470
ftsKp2,0.1,9,9,CCTCCAACATGAGACCAGGA,0,1248150
ftsKp2,0.1,9,9,CCGTATTAGAAGCCGGCAGA,0,1242244
ftsKp2,0.1,9,9,CCGGTCTTTCATCACTCCGT,0,1255739
ftsKp2,0.1,9,9,CCGATTACCCTAGTTGGACT,0,1260220
ftsKp2,0.1,9,9,CCCTTGCCCTACCCTCCCGC,0,1252158
ftsKp2,0.1,9,9,CCCTGGAAAGGGAATATGGA,0,1244797
ftsKp2,0.1,9,9,CCCTGATCATGGATAACAGC,0,1269223
ftsKp2,0.1,9,9,CCCTACTCAAACGTCCCTCT,0,1245088
ftsKp2,0.1,9,9,CCCCCAATGGATTGCGTCGA,0,1263673
ftsKp2,0.1,9,9,CCATGTCCGCGATCATTTCA,0,1257815
ftsKp2,0.1,9,9,CCATCAGATGCAAATGCTCT,0,1251071
ftsKp2,0.1,9,9,CCACGATCAAATTTAGACAC,0,1260374
ftsKp2,0.1,9,9,CATTAGCACAGGGCATCTGG,0,1261791
ftsKp2,0.1,9,9,CATGTACATGTTCCTAAATG,0,1251770
ftsKp2,0.1,9,9,CAGTGACCGGACCATGGGAC,0,1244292
ftsKp2,0.1,9,9,CAGGTTCGGTGACCCTACCC,0,1242463
ftsKp2,0.1,9,9,CAGGGGTTTAGAGAGAACAG,0,1247637
ftsKp2,0.1,9,9,CAGAGGGGTACGCCGCCGGG,0,1266765
ftsKp2,0.1,9,9,CAGAGCTGTATTTAGGCTGC,0,1252159
ftsKp2,0.1,9,9,CACTGGCATTAGGGTTGGAT,0,1259146
ftsKp2,0.1,9,9,CACTCGTACATAAAGCGTGT,0,1264282
ftsKp2,0.1,9,9,CACGCCAGACGTTATACAGC,0,1250065
ftsKp2,0.1,9,9,CACCAGGAATATTTCGGTGC,0,1247574
ftsKp2,0.1,9,9,CAATTCGGCTTTGTGCGGAA,0,1254736
ftsKp2,0.1,9,9,CAATTATTAGGGTAAACCCT,0,1251463
ftsKp2,0.1,9,9,CAATGATGTGGCTTCATACC,0,1252643
ftsKp2,0.1,9,9,CAATATGGTTTACAGAAGCC,0,1252692
ftsKp2,0.1,9,9,CAAGACTGTCATCGCGTCGC,0,1254015
ftsKp2,0.1,9,9,ATTCGGTCGGTTTACAACAG,0,1269129
ftsKp2,0.1,9,9,ATTCGGGACTTTCGAATCCT,0,1259510
ftsKp2,0.1,9,9,ATTAGACATTGTGCCTAAAT,0,1266176
ftsKp2,0.1,9,9,ATGGCCATTGCTCATCCGTG,0,1260373
ftsKp2,0.1,9,9,ATGGACCAAACGTCTGTTCC,0,1270713
ftsKp2,0.1,9,9,ATGGAATCTACGAAGACGCT,0,1267986
ftsKp2,0.1,9,9,ATGGAAAGATGGCGTAGAAA,0,1252016
ftsKp2,0.1,9,9,ATGAGATACTAACCCTTATA,0,1253525
ftsKp2,0.1,9,9,ATGAACGGCCCTCGACCATG,0,1255611
ftsKp2,0.1,9,9,ATCTGTACGCGCTCATCAAT,0,1262573
ftsKp2,0.1,9,9,ATCTCCCGATGCCTTTTAAT,0,1242701
ftsKp2,0.1,9,9,ATCTCAACATTCGGTGTTTG,0,1244952
ftsKp2,0.1,9,9,ATCGTATCCAATTAATCGGA,0,1264493
ftsKp2,0.1,9,9,ATCGCGAGGTACTCGGCCGT,0,1239526
ftsKp2,0.1,9,9,ATCAGCCTAAGCCCGTGGCA,0,1264513
ftsKp2,0.1,9,9,ATCACGTAAGGGAACAAGAG,0,1248888
ftsKp2,0.1,9,9,ATATTGCCTAACACGATTAA,0,1254250
ftsKp2,0.1,9,9,ATACGTTACCTCAGATTGTC,0,1257875
ftsKp2,0.1,9,9,ATACGGCTAGATCCTTGTAT,0,1244522
ftsKp2,0.1,9,9,ATACCCGTACCGATCAAATG,0,1261114
ftsKp2,0.1,9,9,ATACACCTTGAAATTTGCTG,0,1268106
ftsKp2,0.1,9,9,AGTTGGGCCTGCGACGCGGA,0,1249189
ftsKp2,0.1,9,9,AGTTGAGTGGCTTCTATTCC,0,1261998
ftsKp2,0.1,9,9,AGTTCAAGCTGTCCCGAGAC,0,1241697
ftsKp2,0.1,9,9,AGTTATGGAGTGCGAAGCAG,0,1262020
ftsKp2,0.1,9,9,AGTGTGAAGCCATAGACTAC,0,1263811
ftsKp2,0.1,9,9,AGTGGGGAGAGCGCCAGTCA,0,1263260
ftsKp2,0.1,9,9,AGTGCGCGCAGATCTCGGAC,0,1242618
ftsKp2,0.1,9,9,AGTCTATGACCTTGGCGTCT,0,1241211
ftsKp2,0.1,9,9,AGTCGCCCATACTAGCGCAA,0,1254571
ftsKp2,0.1,9,9,AGGTAGGGCGTCACAGTCAT,0,1249304
ftsKp2,0.1,9,9,AGGGTAAAGCTTGTGTGCCA,0,1254864
ftsKp2,0.1,9,9,AGGGCTTTAGGTAACAACGT,0,1248040
ftsKp2,0.1,9,9,AGGCACGCACGGCGGGTATT,0,1260842
ftsKp2,0.1,9,9,AGGATTTCTATATGCCGCGA,0,1245929
ftsKp2,0.1,9,9,AGGAGATATAGTCGTTAAGT,0,1244558
ftsKp2,0.1,9,9,AGGAAGGGTAGTTGGTGCTA,0,1253179
ftsKp2,0.1,9,9,AGCGTAGTCGGGAGGCAAGT,0,1258755
ftsKp2,0.1,9,9,AGCGGGTGAGACGGGGACAT,0,1267369
ftsKp2,0.1,9,9,AGCAGTAGAGAATCTAGGAC,0,1269137
ftsKp2,0.1,9,9,AGCACCGGTCCGAATACCCA,0,1257689
ftsKp2,0.1,9,9,AGAGCTATGGGTAGTGGCGC,0,1252489
ftsKp2,0.1,9,9,AGAGCATCCGGCCTGATGAA,0,1243948
ftsKp2,0.1,9,9,AGAAAGTTAGCCTTTGCAGA,0,1245851
ftsKp2,0.1,9,9,ACTTGGAGGGCCAGGAAGCC,0,1259028
ftsKp2,0.1,9,9,ACTGGGGACGTGGACGTAAA,0,1264258
ftsKp2,0.1,9,9,ACTATCCGATTTGCCGTTTA,0,1255057
ftsKp2,0.1,9,9,ACGTGAGTTCACTGGTAGGA,0,1243230
ftsKp2,0.1,9,9,ACGTGAGCTTGCCGCATTTC,0,1247598
ftsKp2,0.1,9,9,ACGGTGTCGATCATGCGTGG,0,1250444
ftsKp2,0.1,9,9,ACGGGACAGTTGCTCTGGGA,0,1258677
ftsKp2,0.1,9,9,ACGGGAAGCTCTGACTACAA,0,1245833
ftsKp2,0.1,9,9,ACGGCCTGGGCTAGGTCACA,0,1246004
ftsKp2,0.1,9,9,ACGGCCCCAGACGAAGTTGT,0,1240155
ftsKp2,0.1,9,9,ACGCGTCTGTAGCTATATAT,0,1259055
ftsKp2,0.1,9,9,ACGCGCTTGCTCGACATGAT,0,1260197
ftsKp2,0.1,9,9,ACGAGCTAGCACTCGCTAGC,0,1257873
ftsKp2,0.1,9,9,ACGAGCGACTGGTAGGTCGA,0,1259243
ftsKp2,0.1,9,9,ACCTCTACTCCTCGTCGTGC,0,1270306
ftsKp2,0.1,9,9,ACCTAGTGTAGCCGCTCATG,0,1250105
ftsKp2,0.1,9,9,ACCTAGGGCAAAACGGGCGA,0,1270033
ftsKp2,0.1,9,9,ACCCTCCACTATTGACGTTA,0,1258790
ftsKp2,0.1,9,9,ACCCGGCCTTGGCTGTGCAG,0,1246538
ftsKp2,0.1,9,9,ACCCACAAGCTGAACGCGCC,0,1266186
ftsKp2,0.1,9,9,ACACATTCTGCTTGCGCGCG,0,1256475
ftsKp2,0.1,9,9,AATGGTCGTTGGAAGAAGAC,0,1257996
ftsKp2,0.1,9,9,AATCTGTAAAGAATGGTGGT,0,1267485
ftsKp2,0.1,9,9,AATCTGCTGCGACTGTAGAT,0,1269721
ftsKp2,0.1,9,9,AATCGCTCGTTAATCTGTAT,0,1254689
ftsKp2,0.1,9,9,AATCATGCGCGTGGAGAGCC,0,1259118
ftsKp2,0.1,9,9,AAGTTCATGGTTAACGCACA,0,1241315
ftsKp2,0.1,9,9,AAGTAAGCTCGACGACGAGC,0,1255520
ftsKp2,0.1,9,9,AAGGGGTATGCTCGTAGGCG,0,1241675
ftsKp2,0.1,9,9,AAGCACCGGAAACAAGTTGT,0,1247389
ftsKp2,0.1,9,9,AAGAAATAAGCACGGTCCTG,0,1256440
ftsKp2,0.1,9,9,AACTTATGTGCGAGATTTTC,0,1242071
ftsKp2,0.1,9,9,AACTCTCATGTTCTATCCCG,0,1268564
ftsKp2,0.1,9,9,AACGTAACTGTGGGCAGGAT,0,1253855
ftsKp2,0.1,9,9,AACGAGAGGCTAGGACACGC,0,1257629
ftsKp2,0.1,9,9,AACACTGACCCCTGACAAAT,0,1250851
ftsKp2,0.1,9,9,AACAAGTCGCTCCAAGAAGG,0,1252278
ftsKp2,0.1,9,9,AACAAGAGCATTCCTCCGAG,0,1255583
ftsKp2,0.1,9,9,AAATTTTGGCGTGAAAATAT,0,1255086
ftsKp2,0.1,9,9,AAATATGGGGGCGCGCGACT,0,1243798
ftsKp2,0.1,9,9,AAATAGGGCATGGGAGCGCA,0,1269905
ftsKp2,0.1,9,9,AAAGGTTGATATCCACAAGA,0,1260344
ftsKp2,0.1,9,9,AAAGGCGGAGGCCGGTATCG,0,1265257
ftsKp2,0.1,9,9,AAACCACACCAGCCGAGAGG,0,1250699
ftsKp2,0.1,9,9,AAAAGTGCGTGGCCTCAGTT,0,1250256
ftsKp2,0.1,9,9,AAAACGGCAATTCCACGATA,0,1260038
ftsKp2,0.1111111111111111,8,8,TTTTTTCGGTCGATTTGACT,0,1240189
ftsKp2,0.1111111111111111,8,8,TTTTTAAATCGTGACGCATT,0,1268384
ftsKp2,0.1111111111111111,8,8,TTTTCATGCACCTAGACTCT,0,1249326
ftsKp2,0.1111111111111111,8,8,TTTGCTTCGACGGTCTCAAG,0,1244269
ftsKp2,0.1111111111111111,8,8,TTTCCTACCACCCACATCAC,0,1240574
ftsKp2,0.1111111111111111,8,8,TTTAGAACACATTGCGTATC,0,1269655
ftsKp2,0.1111111111111111,8,8,TTGTCTTTGCCACAGGGAGT,0,1267880
ftsKp2,0.1111111111111111,8,8,TTGTCATCACAGTCGGCAAT,0,1257191
ftsKp2,0.1111111111111111,8,8,TTGGCAAGAACATGTGGCGG,0,1265099
ftsKp2,0.1111111111111111,8,8,TTGCGGCTCCGATGTGCGGT,0,1256646
ftsKp2,0.1111111111111111,8,8,TTGAGACTTCGAATTAAAAC,0,1268024
ftsKp2,0.1111111111111111,8,8,TTCTGTTACTAAGTTCACTC,0,1263038
ftsKp2,0.1111111111111111,8,8,TTCTGTGGTAGCGTGGCTGG,0,1259754
ftsKp2,0.1111111111111111,8,8,TTCTATAATTTCACTGAATT,0,1256808
ftsKp2,0.1111111111111111,8,8,TTATTCAATGCAGCATCGAT,0,1266039
ftsKp2,0.1111111111111111,8,8,TTATCATGTGAGGCGTGGAG,0,1264045
ftsKp2,0.1111111111111111,8,8,TTAGTTTAGGGACCTATGCT,0,1246395
ftsKp2,0.1111111111111111,8,8,TTAGGGCTGTCGAAGGTGCA,0,1264149
ftsKp2,0.1111111111111111,8,8,TTAGCCGCCAGTACGAACAG,0,1254071
ftsKp2,0.1111111111111111,8,8,TTACGAATGTTTCAGAGATT,0,1246043
ftsKp2,0.1111111111111111,8,8,TTAAAATGATATCGAGGGTG,0,1244848
ftsKp2,0.1111111111111111,8,8,TGTTGACGAAGTGAACTCAA,0,1271092
ftsKp2,0.1111111111111111,8,8,TGTGTTTAACAGTACAGTCC,0,1269151
ftsKp2,0.1111111111111111,8,8,TGTGGGCCAAATTTTGTTCA,0,1269437
ftsKp2,0.1111111111111111,8,8,TGTGCTTGCGAGAGGTTAAT,0,1265900
ftsKp2,0.1111111111111111,8,8,TGTCAGGCGATTACTGCGGC,0,1239470
ftsKp2,0.1111111111111111,8,8,TGTACTTGTACGGGGGTGGA,0,1270961
ftsKp2,0.1111111111111111,8,8,TGTAATACCTTAACCGTATG,0,1262864
ftsKp2,0.1111111111111111,8,8,TGGTTACGAGGCAAAAGTTC,0,1251047
ftsKp2,0.1111111111111111,8,8,TGGTGGTGGCCTAGCGATCC,0,1248665
ftsKp2,0.1111111111111111,8,8,TGGTCTACGATTGTATGGCA,0,1266657
ftsKp2,0.1111111111111111,8,8,TGGTATAGATTTGAATGAGT,0,1259919
ftsKp2,0.1111111111111111,8,8,TGGTAGCTCGTTCAGCTTTT,0,1255146
ftsKp2,0.1111111111111111,8,8,TGGGTGGCTCGGCATTGAAG,0,1268548
ftsKp2,0.1111111111111111,8,8,TGGCCCGGAGTCCACGTCAG,0,1270610
ftsKp2,0.1111111111111111,8,8,TGGACCTTGAAAGCCAAGCT,0,1250549
ftsKp2,0.1111111111111111,8,8,TGGAACTGCGAGTTATGGCG,0,1245734
ftsKp2,0.1111111111111111,8,8,TGCTTTGGTAGCGTAGGAGA,0,1243463
ftsKp2,0.1111111111111111,8,8,TGCTCTGATAGCAATGCTAC,0,1249024
ftsKp2,0.1111111111111111,8,8,TGCCAGGCGTAGTCGAAGGC,0,1249818
ftsKp2,0.1111111111111111,8,8,TGCACAGTGCCCTTCAGTCC,0,1262086
ftsKp2,0.1111111111111111,8,8,TGATTCCTATGGAGAGTGAA,0,1245518
ftsKp2,0.1111111111111111,8,8,TGATCTTGAGAGTTCACTGG,0,1262924
ftsKp2,0.1111111111111111,8,8,TGATACGTGCGCTCCGTTAG,0,1250919
ftsKp2,0.1111111111111111,8,8,TGAACTACGACGCACCCACA,0,1251807
ftsKp2,0.1111111111111111,8,8,TCTGCGCCTAGGACGCATAG,0,1242794
ftsKp2,0.1111111111111111,8,8,TCTCCGGACTTTCACCACTG,0,1242491
ftsKp2,0.1111111111111111,8,8,TCGTTGTGAGTTATCTTTCA,0,1265785
ftsKp2,0.1111111111111111,8,8,TCGTGTGTAAAACCTTTGAG,0,1246870
ftsKp2,0.1111111111111111,8,8,TCGTATCTGACAAAACGTAT,0,1248092
ftsKp2,0.1111111111111111,8,8,TCGTAAATTCGTGCTAAATT,0,1258907
ftsKp2,0.1111111111111111,8,8,TCGGTAGGTTTGGACGATCT,0,1249984
ftsKp2,0.1111111111111111,8,8,TCGCGCAGTGGTCTGTGATG,0,1241331
ftsKp2,0.1111111111111111,8,8,TCGCAATCCAATAATACCGC,0,1244630
ftsKp2,0.1111111111111111,8,8,TCCGACAACCTACTCTGTCT,0,1240440
ftsKp2,0.1111111111111111,8,8,TCCCTGATCTGAATGGGCTG,0,1270338
ftsKp2,0.1111111111111111,8,8,TCCCCATGAGTAGCAAGACC,0,1255172
ftsKp2,0.1111111111111111,8,8,TCCATTCGCTAGCATGTGAC,0,1269274
ftsKp2,0.1111111111111111,8,8,TCCAGGGGAGGCCACAAAGT,0,1257152
ftsKp2,0.1111111111111111,8,8,TCCACTGGGTTACCGGAAAT,0,1252667
ftsKp2,0.1111111111111111,8,8,TCCAATATTAGCTGGCAGGA,0,1241615
ftsKp2,0.1111111111111111,8,8,TCATGAGATGCTGTAGTATC,0,1265225
ftsKp2,0.1111111111111111,8,8,TCATCCGTTACATATGGCAA,0,1247037
ftsKp2,0.1111111111111111,8,8,TCATATCTCGCTGGCGAGTC,0,1249877
ftsKp2,0.1111111111111111,8,8,TCAGTGCGGGTTCTCAAGGG,0,1256825
ftsKp2,0.1111111111111111,8,8,TCAGGGTAAAAAGTTCCTGG,0,1244415
ftsKp2,0.1111111111111111,8,8,TCAGCCAATATAGCAGCTAC,0,1261906
ftsKp2,0.1111111111111111,8,8,TCACGTTTCCAGTTTGCGGC,0,1261793
ftsKp2,0.1111111111111111,8,8,TCAACCCGGTATGGCAATAG,0,1264950
ftsKp2,0.1111111111111111,8,8,TCAAAGGGGTTAAAAGCTTG,0,1252104
ftsKp2,0.1111111111111111,8,8,TCAAAGCTAGTTTGTAGCAG,0,1269447
ftsKp2,0.1111111111111111,8,8,TATTTCTCTGGGACTGGGTA,0,1260799
ftsKp2,0.1111111111111111,8,8,TATTTCCCTGGGTCCGTCTC,0,1242809
ftsKp2,0.1111111111111111,8,8,TATTCTTTGCCTTAAGAGCG,0,1265504
ftsKp2,0.1111111111111111,8,8,TATTACAGTAATGACATTGC,0,1241193
ftsKp2,0.1111111111111111,8,8,TATGTCCTGGCCTGACTTTC,0,1245279
ftsKp2,0.1111111111111111,8,8,TATCTTAGGTGATTCGCCTC,0,1244133
ftsKp2,0.1111111111111111,8,8,TATCCAAACCGTTCCGCTCA,0,1252350
ftsKp2,0.1111111111111111,8,8,TAGTGAGGTACACTAGAATT,0,1262148
ftsKp2,0.1111111111111111,8,8,TAGGGTTCGTGGTCTGGTGC,0,1267033
ftsKp2,0.1111111111111111,8,8,TAGGGGTGTGGCTGAGATGC,0,1259677
ftsKp2,0.1111111111111111,8,8,TAGGAGGGCCATGGTGTAAA,0,1241345
ftsKp2,0.1111111111111111,8,8,TAGCGAACCGAAACAGTTCT,0,1250039
ftsKp2,0.1111111111111111,8,8,TAGCCTCGTTTGGCCCAACT,0,1240309
ftsKp2,0.1111111111111111,8,8,TAGCCGGTTTTCGTGCAATC,0,1242241
ftsKp2,0.1111111111111111,8,8,TAGCATGGCTACGCTGATGT,0,1257461
ftsKp2,0.1111111111111111,8,8,TAGCACGTTGATGATTATCA,0,1257490
ftsKp2,0.1111111111111111,8,8,TACTGCTTGCATCACAGGCA,0,1263346
ftsKp2,0.1111111111111111,8,8,TACTCGGAACCAGGAGCTTA,0,1253729
ftsKp2,0.1111111111111111,8,8,TACGGGGCTGCAGGAGATCT,0,1261557
ftsKp2,0.1111111111111111,8,8,TAATATGCCATTCCTTCGAT,0,1239887
ftsKp2,0.1111111111111111,8,8,TAAGGCGCCTGTTGCGCCCT,0,1263806
ftsKp2,0.1111111111111111,8,8,TAAGATATGACAAGTTTATA,0,1253613
ftsKp2,0.1111111111111111,8,8,TAACTATCGACGGCTGTGGT,0,1244248
ftsKp2,0.1111111111111111,8,8,TAACGCCCTGCCCACCAAAG,0,1242841
ftsKp2,0.1111111111111111,8,8,TAACGAGCCTCTATGCAAGT,0,1257844
ftsKp2,0.1111111111111111,8,8,TAAAGTGCTCCCGGATAGAG,0,1253542
ftsKp2,0.1111111111111111,8,8,TAAAGCTCAGGTCGGTGTGA,0,1242891
ftsKp2,0.1111111111111111,8,8,TAAAGCACTTTTAACGAGTA,0,1240180
ftsKp2,0.1111111111111111,8,8,GTTGGATAGCCCTTGGGATC,0,1263882
ftsKp2,0.1111111111111111,8,8,GTTATCTTTGAAGACACAAG,0,1254280
ftsKp2,0.1111111111111111,8,8,GTTAGCCGCACGTCAGTTTT,0,1262619
ftsKp2,0.1111111111111111,8,8,GTTAATCGGAGCAAGAGTCC,0,1248846
ftsKp2,0.1111111111111111,8,8,GTGTATACTAACGCCGCAAT,0,1264946
ftsKp2,0.1111111111111111,8,8,GTGTAATAATGATCTTAGAC,0,1249735
ftsKp2,0.1111111111111111,8,8,GTGGGACATCCGGAAGCGAG,0,1242516
ftsKp2,0.1111111111111111,8,8,GTGGAGGTCAATCGCATATT,0,1248452
ftsKp2,0.1111111111111111,8,8,GTGCCACGCATCAATCGTAA,0,1257702
ftsKp2,0.1111111111111111,8,8,GTGCACGTGCATCGACGGGA,0,1247516
ftsKp2,0.1111111111111111,8,8,GTGATAAGAAATTTTCGTAA,0,1263419
ftsKp2,0.1111111111111111,8,8,GTGAGCCGCAATTATGGAAC,0,1255656
ftsKp2,0.1111111111111111,8,8,GTGAGCCCGTTTTGTGCACA,0,1244230
ftsKp2,0.1111111111111111,8,8,GTCGGGAGATTCCGTGTCTG,0,1258702
ftsKp2,0.1111111111111111,8,8,GTCGGAGAGCCCGAACCGGG,0,1244344
ftsKp2,0.1111111111111111,8,8,GTCCTCTAATCATAGAGGTT,0,1267442
ftsKp2,0.1111111111111111,8,8,GTCCATAAAGATGCCGATCA,0,1249751
ftsKp2,0.1111111111111111,8,8,GTCAGTGTGCGCGTAGTACC,0,1263812
ftsKp2,0.1111111111111111,8,8,GTCAGGCTGTAGAGCTAAGG,0,1262716
ftsKp2,0.1111111111111111,8,8,GTATCTTTCCAGTCTCGTGG,0,1261026
ftsKp2,0.1111111111111111,8,8,GTAGTGGAATTAGCCACTTT,0,1261446
ftsKp2,0.1111111111111111,8,8,GTAGTATTGGATGATGCAAT,0,1266160
ftsKp2,0.1111111111111111,8,8,GTAGGATGCCGTTCTTACAT,0,1259298
ftsKp2,0.1111111111111111,8,8,GTACTCTCGCGCTTCCACAT,0,1264358
ftsKp2,0.1111111111111111,8,8,GTACTACTGGATTATGTATA,0,1266862
ftsKp2,0.1111111111111111,8,8,GTACGCGGGGCCGCAGTTGC,0,1253194
ftsKp2,0.1111111111111111,8,8,GTACACAGTTGCCCCCGGAC,0,1255145
ftsKp2,0.1111111111111111,8,8,GTAAGTGGAAACAGCTTGCA,0,1239301
ftsKp2,0.1111111111111111,8,8,GTAAGGTTAGCTCACAAGTA,0,1267561
ftsKp2,0.1111111111111111,8,8,GTAACTACTCTCACCATCAC,0,1249932
ftsKp2,0.1111111111111111,8,8,GTAAAACAGACCGTGATGAC,0,1249214
ftsKp2,0.1111111111111111,8,8,GGTTTTGTTTACAGACCAAA,0,1271081
ftsKp2,0.1111111111111111,8,8,GGTTGCAGCCTTATTGAGGT,0,1266295
ftsKp2,0.1111111111111111,8,8,GGTTATTTTTCTAGCTGTGT,0,1262116
ftsKp2,0.1111111111111111,8,8,GGTGTTTTCTGGTAAGCACC,0,1246937
ftsKp2,0.1111111111111111,8,8,GGTCTCGACTCGGATCTGAG,0,1261601
ftsKp2,0.1111111111111111,8,8,GGTCGCGCGAGTTGACTCGC,0,1258544
ftsKp2,0.1111111111111111,8,8,GGTCGCCACGCTCTGCCATT,0,1245112
ftsKp2,0.1111111111111111,8,8,GGTCCACCATCACTTAGCAA,0,1264367
ftsKp2,0.1111111111111111,8,8,GGTATACAAGGGCTAATGAG,0,1247720
ftsKp2,0.1111111111111111,8,8,GGTACGGGCAAAGGTTTCAA,0,1252845
ftsKp2,0.1111111111111111,8,8,GGTAAGGTTTCTTCTGTTTT,0,1257095
ftsKp2,0.1111111111111111,8,8,GGGGGTTAAGCTTGTTCTAT,0,1261607
ftsKp2,0.1111111111111111,8,8,GGGGACCTACAGGTCTCCTG,0,1255640
ftsKp2,0.1111111111111111,8,8,GGGCCATGGGTGCAAATTTA,0,1261134
ftsKp2,0.1111111111111111,8,8,GGGACCAACCGTCCACAGAA,0,1267735
ftsKp2,0.1111111111111111,8,8,GGGAAAGTATGGGTCCAATA,0,1269763
ftsKp2,0.1111111111111111,8,8,GGGAAAGTAGCCATAATGTA,0,1262132
ftsKp2,0.1111111111111111,8,8,GGCTCGATAACGGCGTGCTA,0,1251900
ftsKp2,0.1111111111111111,8,8,GGCGGCCGGCTTCCGTAATG,0,1249595
ftsKp2,0.1111111111111111,8,8,GGCGCGACGAGATAGGGTAG,0,1263683
ftsKp2,0.1111111111111111,8,8,GGCCACCGTGCTCAGTCTAA,0,1266288
ftsKp2,0.1111111111111111,8,8,GGCAAGCTATAATTTTGCGT,0,1251336
ftsKp2,0.1111111111111111,8,8,GGCAAACTATCGAAGTAACG,0,1267352
ftsKp2,0.1111111111111111,8,8,GGATTAGTCGTGTGTCAGGC,0,1240546
ftsKp2,0.1111111111111111,8,8,GGATTAGGTTTGTGTTCCGA,0,1245452
ftsKp2,0.1111111111111111,8,8,GGAGCTAAAAGCAAGGCATT,0,1267083
ftsKp2,0.1111111111111111,8,8,GGACACCTAAAATTGCCTTC,0,1266490
ftsKp2,0.1111111111111111,8,8,GGAATGATGCACGCAAGGTT,0,1241050
ftsKp2,0.1111111111111111,8,8,GGAATACTTCAGACCGCCAA,0,1240036
ftsKp2,0.1111111111111111,8,8,GGAACATACCCCGCTTGGAA,0,1239454
ftsKp2,0.1111111111111111,8,8,GGAAACTTAAATCGGGGTCC,0,1253774
ftsKp2,0.1111111111111111,8,8,GCTTTAGTATTTTATACTAT,0,1266197
ftsKp2,0.1111111111111111,8,8,GCTTGCGTTCGAGGGAACAC,0,1254278
ftsKp2,0.1111111111111111,8,8,GCTGAAAAATAAGATAGGCG,0,1252210
ftsKp2,0.1111111111111111,8,8,GCTCGACCGAACAGGTTGTA,0,1270099
ftsKp2,0.1111111111111111,8,8,GCGTCAACTCGGACCCTCAC,0,1255039
ftsKp2,0.1111111111111111,8,8,GCGCTTTGGAACAACAACTT,0,1267320
ftsKp2,0.1111111111111111,8,8,GCGCAAAATTCTCTTCCAAC,0,1249731
ftsKp2,0.1111111111111111,8,8,GCGACACGGATCTCTGTCGG,0,1261582
ftsKp2,0.1111111111111111,8,8,GCCTGCTTTAAGCCTACACA,0,1253649
ftsKp2,0.1111111111111111,8,8,GCCGTGCGCAATTCTAGCGA,0,1265041
ftsKp2,0.1111111111111111,8,8,GCCGTGCCAGCAACAAGTCA,0,1260066
ftsKp2,0.1111111111111111,8,8,GCCGCGAGTCTGATGATGCA,0,1259643
ftsKp2,0.1111111111111111,8,8,GCCAGAGCGAACAGTCCTCA,0,1251189
ftsKp2,0.1111111111111111,8,8,GCCACAATCTAGGTGGGATT,0,1252443
ftsKp2,0.1111111111111111,8,8,GCCAAAACAAGGCAACTGTG,0,1257274
ftsKp2,0.1111111111111111,8,8,GCATTCATATTTGTCGCCTA,0,1255889
ftsKp2,0.1111111111111111,8,8,GCATGTGCATCTCCAGAGAT,0,1265623
ftsKp2,0.1111111111111111,8,8,GCAGCTCGGGTAAATTCTGA,0,1246469
ftsKp2,0.1111111111111111,8,8,GCACATACAGGGTTCACCTT,0,1262736
ftsKp2,0.1111111111111111,8,8,GCAAAAAAGACGAGCGGCCT,0,1271052
ftsKp2,0.1111111111111111,8,8,GATGGTCTAGACATGCGTTA,0,1255867
ftsKp2,0.1111111111111111,8,8,GATCTCCGGTACCAGCCATA,0,1257345
ftsKp2,0.1111111111111111,8,8,GATCGACCTGGTCGTTCGGG,0,1263264
ftsKp2,0.1111111111111111,8,8,GATCCGTTATCTTACTGTTC,0,1256935
ftsKp2,0.1111111111111111,8,8,GATCAATATCTTCAACGGGT,0,1261561
ftsKp2,0.1111111111111111,8,8,GATAGTTACTGTGTACGGGG,0,1244414
ftsKp2,0.1111111111111111,8,8,GATAGAAGGTATGGTTCGTA,0,1261077
ftsKp2,0.1111111111111111,8,8,GATAAGGTGTGCTTTGGAAT,0,1252157
ftsKp2,0.1111111111111111,8,8,GAGTTTAGCGTTGGTCTTTC,0,1249480
ftsKp2,0.1111111111111111,8,8,GAGTTAGAATCCCTGACCTG,0,1248142
ftsKp2,0.1111111111111111,8,8,GAGTAAATGGGTCAGCCCAT,0,1255278
ftsKp2,0.1111111111111111,8,8,GAGGTGGTTATTTAGTTACA,0,1256152
ftsKp2,0.1111111111111111,8,8,GAGGGGGTGGGCTTGGCGCC,0,1246426
ftsKp2,0.1111111111111111,8,8,GAGGCGCAATGTTTTGCAAG,0,1270224
ftsKp2,0.1111111111111111,8,8,GAGCCGGGTGCATCTGTACT,0,1251966
ftsKp2,0.1111111111111111,8,8,GAGCATGCTTTGCATCCTTA,0,1262259
ftsKp2,0.1111111111111111,8,8,GAGATAGAATCTTCAAAACA,0,1261664
ftsKp2,0.1111111111111111,8,8,GAGAGCATAGCCTACACCAC,0,1241242
ftsKp2,0.1111111111111111,8,8,GACGGTATCGTTATTTTCCG,0,1266134
ftsKp2,0.1111111111111111,8,8,GACGGCTTTTTCGAGCCAAT,0,1253490
ftsKp2,0.1111111111111111,8,8,GACCCAGTGTTAAGCGAGTA,0,1264907
ftsKp2,0.1111111111111111,8,8,GAAGTGCTCTCTTTAGCCCT,0,1251423
ftsKp2,0.1111111111111111,8,8,GAAGTCAACGTCCCGAGTGC,0,1252306
ftsKp2,0.1111111111111111,8,8,GAAGCAGTATAGCAGTGCCG,0,1249320
ftsKp2,0.1111111111111111,8,8,CTTGTCCCAGGTTAAAATTC,0,1250690
ftsKp2,0.1111111111111111,8,8,CTTGGCGTACGAAAGGGGGT,0,1239676
ftsKp2,0.1111111111111111,8,8,CTTCGATACCAAAGTACGTG,0,1255728
ftsKp2,0.1111111111111111,8,8,CTTCAGGGGTATTGTCGCCT,0,1257726
ftsKp2,0.1111111111111111,8,8,CTTCACTCGGACCTCCACAG,0,1251411
ftsKp2,0.1111111111111111,8,8,CTGTGCCGCTGTTGACCCGC,0,1258672
ftsKp2,0.1111111111111111,8,8,CTGTGCAGTAGGGCGTGCCA,0,1267107
ftsKp2,0.1111111111111111,8,8,CTGCGAGGGCGTTCAGGGCA,0,1249445
ftsKp2,0.1111111111111111,8,8,CTGCCCGCGTTAACAAACTG,0,1243723
ftsKp2,0.1111111111111111,8,8,CTGACAGTAACGTCATGGCC,0,1243897
ftsKp2,0.1111111111111111,8,8,CTGAAGCCGTTGGATTGACT,0,1251146
ftsKp2,0.1111111111111111,8,8,CTCTTCCTGCTAAAAGCGCA,0,1261104
ftsKp2,0.1111111111111111,8,8,CTCTGTGTGGGAGGCTCATC,0,1267087
ftsKp2,0.1111111111111111,8,8,CTCTCCCGCGTATAGACACG,0,1259015
ftsKp2,0.1111111111111111,8,8,CTCGTGTCCTGGGAACGGGG,0,1245015
ftsKp2,0.1111111111111111,8,8,CTCCTAGAAAATGGCTATAG,0,1245245
ftsKp2,0.1111111111111111,8,8,CTCACGTATCAGGTGCTCGC,0,1249833
ftsKp2,0.1111111111111111,8,8,CTATGAGGTCTTGGTCATAC,0,1242168
ftsKp2,0.1111111111111111,8,8,CTATCGGGCTTAACAATCAG,0,1261858
ftsKp2,0.1111111111111111,8,8,CTATCGGCATCATGGGGATG,0,1260290
ftsKp2,0.1111111111111111,8,8,CTATCGCTTTCACAACCTAG,0,1250857
ftsKp2,0.1111111111111111,8,8,CTATCCGTTCACGCCACATT,0,1251881
ftsKp2,0.1111111111111111,8,8,CTATACGAACCGGTTCTTTC,0,1254628
ftsKp2,0.1111111111111111,8,8,CTAGCCGACTGCCCATCCGT,0,1244459
ftsKp2,0.1111111111111111,8,8,CTACGGATCTTCCGCTGCGT,0,1269202
ftsKp2,0.1111111111111111,8,8,CTAAGGCCCTGGGTGAGATG,0,1252939
ftsKp2,0.1111111111111111,8,8,CTAACCCAGCAAGCGGGGTG,0,1253124
ftsKp2,0.1111111111111111,8,8,CGTTGTTATAAGAATCGCCG,0,1270655
ftsKp2,0.1111111111111111,8,8,CGTGTTAGATTAGGCCTCGG,0,1258440
ftsKp2,0.1111111111111111,8,8,CGTGGTGATATTAATTACCA,0,1242620
ftsKp2,0.1111111111111111,8,8,CGTGCCGTGAGGCGAGTAAA,0,1251964
ftsKp2,0.1111111111111111,8,8,CGTCTACGCACGTATCTCTC,0,1242567
ftsKp2,0.1111111111111111,8,8,CGTATGTGTACACGCGCCGT,0,1257680
ftsKp2,0.1111111111111111,8,8,CGTACGGGTCGTCATAACAC,0,1264130
ftsKp2,0.1111111111111111,8,8,CGGTTCTAGGTCCTAGACTA,0,1270463
ftsKp2,0.1111111111111111,8,8,CGGTTCAAGGGCATAACTTT,0,1250005
ftsKp2,0.1111111111111111,8,8,CGGTGAATGACCGCCTGGAG,0,1252771
ftsKp2,0.1111111111111111,8,8,CGGCCGTGTCCCCCCTCTAG,0,1268264
ftsKp2,0.1111111111111111,8,8,CGGATGGCATATCGCTTACT,0,1263167
ftsKp2,0.1111111111111111,8,8,CGCTTTGGGTTCTAAGGATC,0,1258686
ftsKp2,0.1111111111111111,8,8,CGCCTTCAGGTTGGCCTGCA,0,1245500
ftsKp2,0.1111111111111111,8,8,CGCCCATGGAGATATATAGT,0,1252484
ftsKp2,0.1111111111111111,8,8,CGCACGGTCAGCAATGGGAA,0,1262179
ftsKp2,0.1111111111111111,8,8,CGCAAGAATAGGTACCCTGC,0,1247841
ftsKp2,0.1111111111111111,8,8,CGATAGTCCTGCCCGAGATC,0,1247657
ftsKp2,0.1111111111111111,8,8,CGAGAGGGAGAAGTGAGACA,0,1267005
ftsKp2,0.1111111111111111,8,8,CGACGTTGTCCCACGGAAGG,0,1246883
ftsKp2,0.1111111111111111,8,8,CGACGTCGGCAGGTTGTTCT,0,1266367
ftsKp2,0.1111111111111111,8,8,CGACGCTCTTCTTAGGATCT,0,1246064
ftsKp2,0.1111111111111111,8,8,CGACACGGATTGACATTATG,0,1242310
ftsKp2,0.1111111111111111,8,8,CGAACGTTCCTCACGTGGAG,0,1265409
ftsKp2,0.1111111111111111,8,8,CCTTTCACCGGCTGTACAAA,0,1253979
ftsKp2,0.1111111111111111,8,8,CCTTGGTACCTAGGGGTCAA,0,1267826
ftsKp2,0.1111111111111111,8,8,CCTTGCGCGCGTAATTGATC,0,1270376
ftsKp2,0.1111111111111111,8,8,CCTTCTCTAGAGATCGGCCG,0,1252750
ftsKp2,0.1111111111111111,8,8,CCTGTAGGGACTTGCGATAC,0,1259798
ftsKp2,0.1111111111111111,8,8,CCTGTACCTGAACAGCTCTG,0,1242542
ftsKp2,0.1111111111111111,8,8,CCTCTGAATGCAAAGACATG,0,1252181
ftsKp2,0.1111111111111111,8,8,CCGTCATTGGTTGGCGGTTC,0,1241328
ftsKp2,0.1111111111111111,8,8,CCGGCATGATTAGCTCGAGA,0,1257615
ftsKp2,0.1111111111111111,8,8,CCGCTTATTCTTTCATACGG,0,1253142
ftsKp2,0.1111111111111111,8,8,CCGCTCTACTCGAGCATAAA,0,1260708
ftsKp2,0.1111111111111111,8,8,CCGCCAATAATAGATCGCTG,0,1269425
ftsKp2,0.1111111111111111,8,8,CCGCACCCAGTAATAAGTTC,0,1258148
ftsKp2,0.1111111111111111,8,8,CCGAAGAATACATTCACAAG,0,1239416
ftsKp2,0.1111111111111111,8,8,CCCGTGGTACCCGTGGTTCA,0,1246209
ftsKp2,0.1111111111111111,8,8,CCCGGTACATGTTTAGCGCC,0,1247580
ftsKp2,0.1111111111111111,8,8,CCCGCGGGTTACCAAACTAC,0,1240489
ftsKp2,0.1111111111111111,8,8,CCCCTGTGATAGGGCTAACT,0,1253240
ftsKp2,0.1111111111111111,8,8,CCCCAGGGTCCCGTCCGGCC,0,1248333
ftsKp2,0.1111111111111111,8,8,CCATGGAAAGCTCCCCGCAA,0,1260703
ftsKp2,0.1111111111111111,8,8,CCAGCTATGCTTGATCTAAG,0,1246275
ftsKp2,0.1111111111111111,8,8,CCAGATTCCAAAAATGTCAC,0,1252749
ftsKp2,0.1111111111111111,8,8,CCAGAGCCGCCGTTTAAACT,0,1246915
ftsKp2,0.1111111111111111,8,8,CCACTACACTATTTTGGGGT,0,1243031
ftsKp2,0.1111111111111111,8,8,CCACCGCACTCTGCTAATCG,0,1261677
ftsKp2,0.1111111111111111,8,8,CCAATGACCTGGTGAACAAG,0,1267642
ftsKp2,0.1111111111111111,8,8,CCAACCGCTGTGGATACCGG,0,1255182
ftsKp2,0.1111111111111111,8,8,CCAAATAGATGTGTCTGAAG,0,1251968
ftsKp2,0.1111111111111111,8,8,CATTAGGGCCACGTCGATGG,0,1254110
ftsKp2,0.1111111111111111,8,8,CATGTAGACTGGTGCGATTG,0,1258246
ftsKp2,0.1111111111111111,8,8,CATGGACCACTAAACTCAGC,0,1267375
ftsKp2,0.1111111111111111,8,8,CATGAGTAAGTACAGGGCTG,0,1261076
ftsKp2,0.1111111111111111,8,8,CATATAAAAAGGCATCGCGT,0,1244512
ftsKp2,0.1111111111111111,8,8,CAGTTGTGCTCCAGCGTCCC,0,1268642
ftsKp2,0.1111111111111111,8,8,CAGTAGCCATGCGGGCTTGC,0,1255414
ftsKp2,0.1111111111111111,8,8,CAGGTTGGGAAGCTTGGTGT,0,1270740
ftsKp2,0.1111111111111111,8,8,CAGCCATTTGATTAAATATT,0,1252401
ftsKp2,0.1111111111111111,8,8,CAGCATTAGGTCCGGGCATG,0,1240553
ftsKp2,0.1111111111111111,8,8,CAGATCCCAACATAGGTTTG,0,1240347
ftsKp2,0.1111111111111111,8,8,CACGCCATGCGCAATGGACT,0,1256361
ftsKp2,0.1111111111111111,8,8,CACCTACGTAATATTCCCAA,0,1252869
ftsKp2,0.1111111111111111,8,8,CACAATGGCTGGACAGCGTT,0,1243433
ftsKp2,0.1111111111111111,8,8,CAATGATTATCAACTGAGAC,0,1246880
ftsKp2,0.1111111111111111,8,8,CAATCTTCTGCCGGTGATGA,0,1254653
ftsKp2,0.1111111111111111,8,8,CAATCGCAAGACTGTTATGG,0,1246616
ftsKp2,0.1111111111111111,8,8,CAAGGGGATCTGCTCGGTTA,0,1262618
ftsKp2,0.1111111111111111,8,8,CAAGCCCAGCCAGAACAATC,0,1254718
ftsKp2,0.1111111111111111,8,8,CAACAGGAGCACATGATTCC,0,1249380
ftsKp2,0.1111111111111111,8,8,CAAATTTTTATGCTACGGAA,0,1241413
ftsKp2,0.1111111111111111,8,8,CAAATCACGACTAGGGCGCC,0,1259818
ftsKp2,0.1111111111111111,8,8,CAAATAGTGGGTACCGCAGT,0,1264039
ftsKp2,0.1111111111111111,8,8,CAAAGGGATGGCATAAGAGG,0,1261046
ftsKp2,0.1111111111111111,8,8,ATTTTGTTTCCAAGTTAATC,0,1260596
ftsKp2,0.1111111111111111,8,8,ATTTGGGCTCGGATTTGGTT,0,1261706
ftsKp2,0.1111111111111111,8,8,ATTTGCAGTGGCGGGAGTTG,0,1239559
ftsKp2,0.1111111111111111,8,8,ATTGCTGCTAATGAATCGGT,0,1256048
ftsKp2,0.1111111111111111,8,8,ATTGCGCATGACTAAGGGTA,0,1264803
ftsKp2,0.1111111111111111,8,8,ATTCGTGCCAACTTACGAAT,0,1247685
ftsKp2,0.1111111111111111,8,8,ATTATGTGGCCACTAGAGTG,0,1269830
ftsKp2,0.1111111111111111,8,8,ATGTGTCCGAACGCGGAACG,0,1258245
ftsKp2,0.1111111111111111,8,8,ATGTGGTTTGTCCTCACAAA,0,1265415
ftsKp2,0.1111111111111111,8,8,ATGTGGGTCCGTCATTGCGT,0,1244837
ftsKp2,0.1111111111111111,8,8,ATGTGCTGATACACGAAACA,0,1245620
ftsKp2,0.1111111111111111,8,8,ATGTCAGACCATTCTGAATC,0,1240055
ftsKp2,0.1111111111111111,8,8,ATGTATAACTAACCATGTGG,0,1244380
ftsKp2,0.1111111111111111,8,8,ATGCTAACGGATACTCTCTC,0,1269121
ftsKp2,0.1111111111111111,8,8,ATCTGGCATTTTTCCTTCCG,0,1253343
ftsKp2,0.1111111111111111,8,8,ATCTACAGGCTGCGTTGAGC,0,1262155
ftsKp2,0.1111111111111111,8,8,ATCGGGCCTACGGCTTGCAG,0,1264612
ftsKp2,0.1111111111111111,8,8,ATCCCAGTAGATATAACAGT,0,1256114
ftsKp2,0.1111111111111111,8,8,ATCAGTGGGTCACTGGTGAA,0,1260484
ftsKp2,0.1111111111111111,8,8,ATCAGGGCATTTGGAAGTTC,0,1246112
ftsKp2,0.1111111111111111,8,8,ATCAGACTGGTCCATCAGAC,0,1259200
ftsKp2,0.1111111111111111,8,8,ATCACGGCTACAGCCAGGTA,0,1251345
ftsKp2,0.1111111111111111,8,8,ATATTGCATATGCGGATAGC,0,1249839
ftsKp2,0.1111111111111111,8,8,ATATGTACTTGTGGGCGGTC,0,1247174
ftsKp2,0.1111111111111111,8,8,ATAGAGGTTTGACCTTCAGT,0,1261426
ftsKp2,0.1111111111111111,8,8,ATAATAGCTCTGTATACTGG,0,1246324
ftsKp2,0.1111111111111111,8,8,AGTTCCGTACCTACACACAA,0,1264689
ftsKp2,0.1111111111111111,8,8,AGTGTCCAGGTGCGAAGTGA,0,1265699
ftsKp2,0.1111111111111111,8,8,AGTGGATCCTCCGCCTCGTT,0,1270474
ftsKp2,0.1111111111111111,8,8,AGTGCTTGGTACGGGCACAA,0,1250508
ftsKp2,0.1111111111111111,8,8,AGTGAAGCTACAGCTGACTG,0,1263553
ftsKp2,0.1111111111111111,8,8,AGTCGAAGTGCAACATCTGC,0,1262525
ftsKp2,0.1111111111111111,8,8,AGGTTCATCATCACTGGGGG,0,1266167
ftsKp2,0.1111111111111111,8,8,AGGTGATAGGCGGAGTACAA,0,1240400
ftsKp2,0.1111111111111111,8,8,AGGTCTGGATCCTGTCGCGC,0,1251072
ftsKp2,0.1111111111111111,8,8,AGGCTCGCCCACCCGAGGGG,0,1261307
ftsKp2,0.1111111111111111,8,8,AGGCTATCGCGTATGAGATA,0,1261742
ftsKp2,0.1111111111111111,8,8,AGGCAAGCCCAAAACGTTAA,0,1246377
ftsKp2,0.1111111111111111,8,8,AGGACGGGTTTCAAAAACAT,0,1263740
ftsKp2,0.1111111111111111,8,8,AGGACCGCCCTTTAGCTTGG,0,1248202
ftsKp2,0.1111111111111111,8,8,AGGAACGGGTTCGGGCAGGC,0,1262151
ftsKp2,0.1111111111111111,8,8,AGGAACCCGCGCCTGTCACG,0,1244211
ftsKp2,0.1111111111111111,8,8,AGCGTGGACTGATACATCAG,0,1249680
ftsKp2,0.1111111111111111,8,8,AGCCTAACCAGGCTGAAGTA,0,1264751
ftsKp2,0.1111111111111111,8,8,AGCCCAGTCCCTTGACGTTG,0,1250166
ftsKp2,0.1111111111111111,8,8,AGACTCTACTGCACCGACTA,0,1249283
ftsKp2,0.1111111111111111,8,8,AGACAAGTACAAATTCTATC,0,1258950
ftsKp2,0.1111111111111111,8,8,AGAAGGGACCAAGAGTAACT,0,1269298
ftsKp2,0.1111111111111111,8,8,AGAAATACGGTATTTATGGC,0,1256070
ftsKp2,0.1111111111111111,8,8,AGAAAAAACGCGAGGGTATT,0,1267983
ftsKp2,0.1111111111111111,8,8,ACTTATTCACGTATATGGCG,0,1262653
ftsKp2,0.1111111111111111,8,8,ACTGTCACGATATAATTCAG,0,1248591
ftsKp2,0.1111111111111111,8,8,ACTGGCCATGTCAAAAAACT,0,1261030
ftsKp2,0.1111111111111111,8,8,ACTCCTCGCCATGACATGCA,0,1247063
ftsKp2,0.1111111111111111,8,8,ACTATTTCTCTTCGCCGGCC,0,1264180
ftsKp2,0.1111111111111111,8,8,ACTATGTCCCATCAGAGAAC,0,1267883
ftsKp2,0.1111111111111111,8,8,ACTAATCAACGCTCAGTGAC,0,1258525
ftsKp2,0.1111111111111111,8,8,ACGGGTCTACACATCACATA,0,1241816
ftsKp2,0.1111111111111111,8,8,ACGGGATGATGAGTTCGGAG,0,1241584
ftsKp2,0.1111111111111111,8,8,ACGGGATCAGATTGGGGTGG,0,1270734
ftsKp2,0.1111111111111111,8,8,ACGGAGGGCAGCGATGAATA,0,1256116
ftsKp2,0.1111111111111111,8,8,ACCGCGGGTAACGCTGTGTA,0,1270526
ftsKp2,0.1111111111111111,8,8,ACCCGAATCGGTTCTGGGCT,0,1240230
ftsKp2,0.1111111111111111,8,8,ACCATGTGTGTTACCTGTAT,0,1241602
ftsKp2,0.1111111111111111,8,8,ACATGCTCGGCGATCCTCGG,0,1259722
ftsKp2,0.1111111111111111,8,8,ACAGCCCAATCCACAAGAGG,0,1244525
ftsKp2,0.1111111111111111,8,8,ACACTACTGAGCACGGAGGT,0,1268763
ftsKp2,0.1111111111111111,8,8,ACACCCGGTCCAGTGCGGAT,0,1247345
ftsKp2,0.1111111111111111,8,8,ACAAGACTGCACTGTATCTC,0,1240812
ftsKp2,0.1111111111111111,8,8,AATGTCATGTAACGAGTATA,0,1252033
ftsKp2,0.1111111111111111,8,8,AATGGCGGTGAGACTGCGGC,0,1245727
ftsKp2,0.1111111111111111,8,8,AATGATTCTAATAATGGCAG,0,1270096
ftsKp2,0.1111111111111111,8,8,AATATGGAACTCCAGACACA,0,1253879
ftsKp2,0.1111111111111111,8,8,AATATCTTACCCGTAAGGAT,0,1251659
ftsKp2,0.1111111111111111,8,8,AATACGGCCGGGGCTCAGGC,0,1245889
ftsKp2,0.1111111111111111,8,8,AAGTGGGTCCCACACACTAA,0,1269442
ftsKp2,0.1111111111111111,8,8,AAGTCGGAAGCCTACCTCAC,0,1259515
ftsKp2,0.1111111111111111,8,8,AAGACGCGTACCCGGTCCCC,0,1269799
ftsKp2,0.1111111111111111,8,8,AACGTTCTCTCCTCTTCCCC,0,1256513
ftsKp2,0.1111111111111111,8,8,AACGTGCTTCGGAACGTGAA,0,1264241
ftsKp2,0.1111111111111111,8,8,AACGCGAAGTTTCCAGCTGT,0,1251110
ftsKp2,0.1111111111111111,8,8,AACATCCGGCACGCTAGGGT,0,1245591
ftsKp2,0.1111111111111111,8,8,AAATTCGCCACGCTGAATGA,0,1259784
ftsKp2,0.1111111111111111,8,8,AAATAGCAAGATAACATCGA,0,1267792
ftsKp2,0.1111111111111111,8,8,AAAGTTGCGGGTCTCGACTC,0,1256447
ftsKp2,0.1111111111111111,8,8,AAAGTCACCGATCCTACAGG,0,1254269
ftsKp2,0.1111111111111111,8,8,AAAGGATGAACGGCCTATCA,0,1241532
ftsKp2,0.1111111111111111,8,8,AAAGCGATTTTGGGCGAAAA,0,1241774
ftsKp2,0.1111111111111111,8,8,AAAGAACTAGTGAAGCGTAT,0,1255054
ftsKp2,0.1111111111111111,8,8,AAACGGCGCCTGGCGTTCCG,0,1261208
ftsKp2,0.1111111111111111,8,8,AAACGCGCGCCGAACCGCAT,0,1257898
ftsKp2,0.1111111111111111,8,8,AAACATACAGCGTTTTGGGA,0,1267875
ftsKp2,0.1111111111111111,8,8,AAACAAGTACAAATCGACTA,0,1268956
ftsKp2,0.125,7,7,TTTTTTATAAAAGCTAGATT,0,1247612
ftsKp2,0.125,7,7,TTTTGGACATCCAACCAATT,0,1250783
ftsKp2,0.125,7,7,TTTTGAGGAAAACACCTCAT,0,1245633
ftsKp2,0.125,7,7,TTTGGGCCTTGACATCTTCT,0,1262190
ftsKp2,0.125,7,7,TTTCTTGAAGTAGCCTGTGC,0,1258547
ftsKp2,0.125,7,7,TTTCTATGCGTCAGTTCTGC,0,1260844
ftsKp2,0.125,7,7,TTTCGAGCGTATTGTATCTG,0,1252137
ftsKp2,0.125,7,7,TTTACACTGTCCACGATCGA,0,1270981
ftsKp2,0.125,7,7,TTTACAATGAACAGAGGGTA,0,1263956
ftsKp2,0.125,7,7,TTGTCTGTTCGTGGGTGATA,0,1250331
ftsKp2,0.125,7,7,TTGTCATAGTGACGAGTCCC,0,1254769
ftsKp2,0.125,7,7,TTGTAGCACCAATGGCCCTC,0,1252547
ftsKp2,0.125,7,7,TTGGTTGTTCGTCCGTCTCG,0,1243358
ftsKp2,0.125,7,7,TTGGGAGAGTTAGAGATCAT,0,1246127
ftsKp2,0.125,7,7,TTGGCCTTATGACGTGACAC,0,1241552
ftsKp2,0.125,7,7,TTGGACCTAAAAGTGTGCGT,0,1264199
ftsKp2,0.125,7,7,TTGGACAAGACCTTGGTAAG,0,1268873
ftsKp2,0.125,7,7,TTGCTAACAAATAAGGCCGG,0,1246486
ftsKp2,0.125,7,7,TTCTCCAGAGGTTCAACAGC,0,1256091
ftsKp2,0.125,7,7,TTCGGCCAAGGAACAGTGCG,0,1256645
ftsKp2,0.125,7,7,TTCCGTTTGCATTCCTCGAA,0,1253195
ftsKp2,0.125,7,7,TTCCGCATCTGGAAAGTCTC,0,1269651
ftsKp2,0.125,7,7,TTCACATTTTGACGCGCCTG,0,1258293
ftsKp2,0.125,7,7,TTCAAGGGAGAGGTCAAAGT,0,1267350
ftsKp2,0.125,7,7,TTATATAAGGCAGGGTTAAG,0,1243492
ftsKp2,0.125,7,7,TTACGTCAAAGGGTGGAGTT,0,1243374
ftsKp2,0.125,7,7,TTACGGAGGGTGTACGAGGG,0,1246665
ftsKp2,0.125,7,7,TTACACTTTAATTTCTGGTG,0,1247171
ftsKp2,0.125,7,7,TTAAGTTCGTCTGAGCAGAG,0,1263612
ftsKp2,0.125,7,7,TGTTTGAAGGCTAAAATAGA,0,1242274
ftsKp2,0.125,7,7,TGTTGCGAATCCAGAGGATT,0,1246187
ftsKp2,0.125,7,7,TGTTGCATAGCCGCGAGCTA,0,1268175
ftsKp2,0.125,7,7,TGTTCCGGATACATTTGCGA,0,1250573
ftsKp2,0.125,7,7,TGTTACCCCGGTAGTTAGTA,0,1250161
ftsKp2,0.125,7,7,TGTCTTCGAACATCTCGCTC,0,1248099
ftsKp2,0.125,7,7,TGTCTGGATGAGGAGCCAAT,0,1249324
ftsKp2,0.125,7,7,TGTCCGAGCCATAGCGGGTG,0,1262811
ftsKp2,0.125,7,7,TGTCCGACGGCTAGGAGCTA,0,1255903
ftsKp2,0.125,7,7,TGTATGTATACGGGTTGTCC,0,1242404
ftsKp2,0.125,7,7,TGTAGGGCTTAGAGTACCAG,0,1257381
ftsKp2,0.125,7,7,TGTAGGGCACTGGAGGGGGG,0,1262221
ftsKp2,0.125,7,7,TGTAATTCAATACTGGGTCC,0,1247315
ftsKp2,0.125,7,7,TGTAACTGGGTTACGGAATA,0,1257279
ftsKp2,0.125,7,7,TGTAACTAATCAGGACAAGT,0,1253269
ftsKp2,0.125,7,7,TGGGTCGTACACCATGCCAT,0,1243878
ftsKp2,0.125,7,7,TGGGTATCGTTATAAATCCC,0,1248371
ftsKp2,0.125,7,7,TGGCGACTACATGTTTAGGA,0,1252469
ftsKp2,0.125,7,7,TGGACGTCCGGGGTGCGCTA,0,1269826
ftsKp2,0.125,7,7,TGGACGCACGTCAAATGCTC,0,1261859
ftsKp2,0.125,7,7,TGCTATCTCGCGCAGACCGG,0,1248648
ftsKp2,0.125,7,7,TGCGGGTTCAGTCGGTTATG,0,1244713
ftsKp2,0.125,7,7,TGCGAGGAGCTGCCGTACAT,0,1266202
ftsKp2,0.125,7,7,TGCGAGCGCGGACTATTTTA,0,1245237
ftsKp2,0.125,7,7,TGCCGGGCTAACGCCTACAG,0,1264251
ftsKp2,0.125,7,7,TGCCCGATCGTTGCGATGCG,0,1245541
ftsKp2,0.125,7,7,TGCCAGATGTACAATTGAGC,0,1256218
ftsKp2,0.125,7,7,TGCACGCCAGTCGTGATTAG,0,1263444
ftsKp2,0.125,7,7,TGCAAAGCCGTGCAGTGTCA,0,1263805
ftsKp2,0.125,7,7,TGATTTCAGTACGACCAAAC,0,1263192
ftsKp2,0.125,7,7,TGATAAAAGTGGACGAGAGA,0,1239377
ftsKp2,0.125,7,7,TGAGTAGCAAGGCCCGAGTT,0,1266142
ftsKp2,0.125,7,7,TGAATGGGTCGTAGAGATAT,0,1262392
ftsKp2,0.125,7,7,TCTCTGAGGTAGTATTATGA,0,1260638
ftsKp2,0.125,7,7,TCTCGTCAAAATCCCTGTAT,0,1265147
ftsKp2,0.125,7,7,TCTAGACCGCATCTCTGAGG,0,1256589
ftsKp2,0.125,7,7,TCGTTGATCTAGCACCATTC,0,1265177
ftsKp2,0.125,7,7,TCGTTCGTATCGGGGCATGT,0,1269150
ftsKp2,0.125,7,7,TCGGCGGTCCATAGTGCCTT,0,1241505
ftsKp2,0.125,7,7,TCGCATAGACGAAGCCTGGA,0,1248537
ftsKp2,0.125,7,7,TCGATGGTGATACTCGCGGA,0,1267108
ftsKp2,0.125,7,7,TCCTCTTAACGCTAGGCTAA,0,1264510
ftsKp2,0.125,7,7,TCCTCTGCGTGGGGAAGTAC,0,1261772
ftsKp2,0.125,7,7,TCCCGTCCACGAATCCACGT,0,1239583
ftsKp2,0.125,7,7,TCCAACCTTGAGGGGCGGGT,0,1265780
ftsKp2,0.125,7,7,TCATGTATCACGTTATGCAA,0,1247596
ftsKp2,0.125,7,7,TCATGTACAGGGTTCTCACT,0,1254319
ftsKp2,0.125,7,7,TCATCATGGACCACCCAGGG,0,1250726
ftsKp2,0.125,7,7,TCAGTCGGCGCGCGGGTACA,0,1244421
ftsKp2,0.125,7,7,TCAGGTCGGACTACCGTGAA,0,1253469
ftsKp2,0.125,7,7,TCAGGTCGAACCATTTGTCA,0,1245092
ftsKp2,0.125,7,7,TCAGCGTGGTATATTCCCAT,0,1266582
ftsKp2,0.125,7,7,TCAGATTGTTGGTTGCAAAT,0,1261127
ftsKp2,0.125,7,7,TCACGTGAGTGTGTGTGATC,0,1259566
ftsKp2,0.125,7,7,TCACATCCCTCTGTAGGCCT,0,1250779
ftsKp2,0.125,7,7,TCACAGGCCAGAGCCCCCGC,0,1251052
ftsKp2,0.125,7,7,TCAATGGGGGCTGCTCTACG,0,1247980
ftsKp2,0.125,7,7,TCAACGATAAAAAGTGGGTT,0,1254568
ftsKp2,0.125,7,7,TATGAGACTACGGGTCAAGC,0,1264466
ftsKp2,0.125,7,7,TATCCGGGGTGGGATGTTCA,0,1260074
ftsKp2,0.125,7,7,TATAGACTCAGTGCTATGGC,0,1245145
ftsKp2,0.125,7,7,TAGTAAAGTTGTGCTATCAA,0,1253066
ftsKp2,0.125,7,7,TAGCCGGATTTGAACGCTTT,0,1246442
ftsKp2,0.125,7,7,TAGATGAGATTTACTCTAGA,0,1249132
ftsKp2,0.125,7,7,TAGAGGTGGAATCGACGCGG,0,1264863
ftsKp2,0.125,7,7,TACGCATCCGGATATGCCAG,0,1242517
ftsKp2,0.125,7,7,TACGATCCTCTCGTACACCA,0,1260611
ftsKp2,0.125,7,7,TACCTGCCCACTTGAGGCCG,0,1263648
ftsKp2,0.125,7,7,TACACTGTGCAGGAGAGTTT,0,1250253
ftsKp2,0.125,7,7,TACAAAGATGCTCCGGACTT,0,1250606
ftsKp2,0.125,7,7,TAATATCAAATGGGGCTCCT,0,1258376
ftsKp2,0.125,7,7,TAAGCCTCTATGCGAATTCG,0,1240555
ftsKp2,0.125,7,7,TAACTAGGCACTTCGCGGAC,0,1261017
ftsKp2,0.125,7,7,TAACGAAAAAAGGCGGTTAG,0,1261004
ftsKp2,0.125,7,7,TAACCGGCTAAACCCTCATT,0,1242796
ftsKp2,0.125,7,7,TAACAGGCGCCAGATAACAT,0,1246388
ftsKp2,0.125,7,7,TAAATTGTCCAGCTTTGCCT,0,1271009
ftsKp2,0.125,7,7,TAAAGGATTCTCTACGCATA,0,1267053
ftsKp2,0.125,7,7,TAAAGCGTTTGGCCCAATGA,0,1249901
ftsKp2,0.125,7,7,TAAACGATGTCCGGATTTTT,0,1247733
ftsKp2,0.125,7,7,TAAAAACTCTAGTCCGCTGA,0,1253261
ftsKp2,0.125,7,7,GTTTTTCTATAGGCATTGAG,0,1244315
ftsKp2,0.125,7,7,GTTTCTTTACTTGGGGTGGT,0,1264407
ftsKp2,0.125,7,7,GTTCTGTGGGCATCACATAT,0,1262128
ftsKp2,0.125,7,7,GTTCTCTCGTCCTTTGGCGA,0,1263715
ftsKp2,0.125,7,7,GTTAGGCTGGAAATGGCGCA,0,1240944
ftsKp2,0.125,7,7,GTTACCTATAAGGTAGGGGA,0,1241701
ftsKp2,0.125,7,7,GTGTTGACCCCTTAGGATTA,0,1266322
ftsKp2,0.125,7,7,GTGTGTCCATAATCTTTCGT,0,1241338
ftsKp2,0.125,7,7,GTGTATGACTGCGTATTAAC,0,1267506
ftsKp2,0.125,7,7,GTGTAGATTTCAGTCTGCGT,0,1252280
ftsKp2,0.125,7,7,GTGTAAGGGATTGCCCAGCA,0,1242842
ftsKp2,0.125,7,7,GTGGATCCATCTCAGCTGGG,0,1257003
ftsKp2,0.125,7,7,GTGGACTTTCTCGCGGCAGA,0,1242209
ftsKp2,0.125,7,7,GTGAGGAGCTCAACAAACGA,0,1242193
ftsKp2,0.125,7,7,GTCTGTCAACAGCCCGAGTC,0,1239976
ftsKp2,0.125,7,7,GTCTGCACCTGGGTCTTGGC,0,1269360
ftsKp2,0.125,7,7,GTCTATATTAGTGCTTAGAT,0,1255940
ftsKp2,0.125,7,7,GTCGTCTCGAGAAAGAAAAC,0,1241932
ftsKp2,0.125,7,7,GTCGGGCCGTGTGGCTGCGT,0,1252471
ftsKp2,0.125,7,7,GTCGGCATGGTGTAGGACTC,0,1240282
ftsKp2,0.125,7,7,GTCGAAGACGCTAAAATGCT,0,1263215
ftsKp2,0.125,7,7,GTCAGGTCTGGCAGAGCTCA,0,1260721
ftsKp2,0.125,7,7,GTCAATGTGAAAGATGCAAG,0,1242806
ftsKp2,0.125,7,7,GTATTCATCACCCTTGGCGA,0,1243813
ftsKp2,0.125,7,7,GTATAGATTCCGCGATAATA,0,1252176
ftsKp2,0.125,7,7,GTAGTACCAGCCAGTTAGCC,0,1261797
ftsKp2,0.125,7,7,GTAGGGCAGCTGAGTCATCA,0,1249934
ftsKp2,0.125,7,7,GTACCGCATGAACAGCGTCC,0,1264346
ftsKp2,0.125,7,7,GTAATTACTTGCCTGACCAG,0,1240890
ftsKp2,0.125,7,7,GTAATGTACCCAGACCTCGG,0,1240896
ftsKp2,0.125,7,7,GTAAGGTGACATGAGCCGAC,0,1240093
ftsKp2,0.125,7,7,GTAAGATTAATCTGGATCAT,0,1249533
ftsKp2,0.125,7,7,GTAAAGGTTGCTAATACCAA,0,1267697
ftsKp2,0.125,7,7,GGTTCATGCGAGTGTGGGAA,0,1254427
ftsKp2,0.125,7,7,GGTTCACTGTATTACTACTT,0,1247116
ftsKp2,0.125,7,7,GGTGTGACTAGATTGACGTT,0,1252087
ftsKp2,0.125,7,7,GGTCGTATCCGTTCTACACA,0,1243548
ftsKp2,0.125,7,7,GGTCGGTCGCGAGCAACTAT,0,1267632
ftsKp2,0.125,7,7,GGTCCAAAGGCAGTATGCCT,0,1251010
ftsKp2,0.125,7,7,GGTCACTTGCCAGATTTAAC,0,1256533
ftsKp2,0.125,7,7,GGTAGTATTCCGACAGTTGG,0,1256606
ftsKp2,0.125,7,7,GGTACAATATTTAATCCCAA,0,1269167
ftsKp2,0.125,7,7,GGTAACCGTAAGCCAGGGTA,0,1260120
ftsKp2,0.125,7,7,GGGTTCATAAACGGGGATGC,0,1246333
ftsKp2,0.125,7,7,GGGGTAGGCGTAGCGGTAAT,0,1248390
ftsKp2,0.125,7,7,GGGGCTTAATGGGTTCGTCG,0,1262843
ftsKp2,0.125,7,7,GGGGCGTCGTGTTTACCCAT,0,1245412
ftsKp2,0.125,7,7,GGGGACAACCACTCTCGCGG,0,1246602
ftsKp2,0.125,7,7,GGGCAGGTGACAAGGATCAA,0,1265648
ftsKp2,0.125,7,7,GGGCAATTTCAGTGAGGTGA,0,1267622
ftsKp2,0.125,7,7,GGGAGTGGCATACTACTTAA,0,1248891
ftsKp2,0.125,7,7,GGGAGAATACGTTTACAGGC,0,1249965
ftsKp2,0.125,7,7,GGCCGAGCCCTCCACCGTGC,0,1264954
ftsKp2,0.125,7,7,GGCATTGGACCACGCGACCG,0,1247080
ftsKp2,0.125,7,7,GGCATGACAGAGTGTGGAGT,0,1268730
ftsKp2,0.125,7,7,GGCAATCCTCCGTATTATGG,0,1267271
ftsKp2,0.125,7,7,GGATCCATTCCGACGACATG,0,1257693
ftsKp2,0.125,7,7,GGATATATTCTCTGCGTAGT,0,1254043
ftsKp2,0.125,7,7,GGATAGGATGAGAGGCGGCG,0,1263323
ftsKp2,0.125,7,7,GGAGAGTCAACAACATCCCA,0,1265739
ftsKp2,0.125,7,7,GGACTCGCCGGTGAAGAAGG,0,1264459
ftsKp2,0.125,7,7,GGACGGCCATCCGCTAATGC,0,1247727
ftsKp2,0.125,7,7,GGAATTGTATGCGTGGATCT,0,1248829
ftsKp2,0.125,7,7,GGAAGGATACAAAGTTATTA,0,1252846
ftsKp2,0.125,7,7,GCTTGTCCGGATATGTCGGA,0,1261749
ftsKp2,0.125,7,7,GCTTGATGTCACAAGGACTT,0,1260989
ftsKp2,0.125,7,7,GCTGGGTCCGACCGTCCAAG,0,1252991
ftsKp2,0.125,7,7,GCTCGTTTGCATATCCATAT,0,1252843
ftsKp2,0.125,7,7,GCTCCGCGGGGTCACGTTCG,0,1255349
ftsKp2,0.125,7,7,GCTATGCTTATTCCCAGAAG,0,1267452
ftsKp2,0.125,7,7,GCTAAGTGGGCGTGTGTCAC,0,1250304
ftsKp2,0.125,7,7,GCTAAACTAGGCAACCCAAT,0,1253091
ftsKp2,0.125,7,7,GCGTTGCGGACGAAAGTTGG,0,1245497
ftsKp2,0.125,7,7,GCGTGTCTGAGCACCTTCTG,0,1250714
ftsKp2,0.125,7,7,GCGTCGCTGGCTCGGATCCA,0,1263469
ftsKp2,0.125,7,7,GCGTATTTATTAAAGGCTGG,0,1257090
ftsKp2,0.125,7,7,GCGTATTCGAATGTGAGCGG,0,1248793
ftsKp2,0.125,7,7,GCGTAACGATACGGGGATGA,0,1260099
ftsKp2,0.125,7,7,GCGCTCATGTCCGAATTTTA,0,1261877
ftsKp2,0.125,7,7,GCGCGTGTTTTCCAAAGATT,0,1249759
ftsKp2,0.125,7,7,GCGATTGGGACCCGGGACAG,0,1253244
ftsKp2,0.125,7,7,GCGATCCCTCGCCACAACCG,0,1256877
ftsKp2,0.125,7,7,GCGACGGTTTATCGACTCGG,0,1242292
ftsKp2,0.125,7,7,GCCTTCTTGATTATCCCAGC,0,1265022
ftsKp2,0.125,7,7,GCCGCTCCATGATGCGTTAC,0,1269471
ftsKp2,0.125,7,7,GCCAGAAGCAAGTGCTACTG,0,1263493
ftsKp2,0.125,7,7,GCCACCGCGGTAAGGTAATC,0,1255992
ftsKp2,0.125,7,7,GCAGTGACCCAAGGACCGCC,0,1241612
ftsKp2,0.125,7,7,GCAGGGATCGGCCTCCCCAC,0,1247498
ftsKp2,0.125,7,7,GCACTTTAATCTGGAACCAC,0,1269698
ftsKp2,0.125,7,7,GCACTACTCCGCCTAGCAGA,0,1244331
ftsKp2,0.125,7,7,GCACAAACAGAGGTATTAGG,0,1240405
ftsKp2,0.125,7,7,GCAACCTTATAGCAACACGT,0,1245616
ftsKp2,0.125,7,7,GATTTTAGGCATATTCCCTA,0,1243902
ftsKp2,0.125,7,7,GATCGAGACTTAGCGCATTA,0,1256588
ftsKp2,0.125,7,7,GATATCTACCTCACCCTGCA,0,1258597
ftsKp2,0.125,7,7,GATACACGGAATTAGGCTGA,0,1239923
ftsKp2,0.125,7,7,GATAACAATCAGAATCAAGG,0,1251462
ftsKp2,0.125,7,7,GATAAAATGCGGTCCCTGCA,0,1247285
ftsKp2,0.125,7,7,GAGTTCGATGCAAACCAATG,0,1268041
ftsKp2,0.125,7,7,GAGTTAGACGTCAGTCGTTC,0,1245341
ftsKp2,0.125,7,7,GAGTAAAGTAGAATCCTGGA,0,1255421
ftsKp2,0.125,7,7,GAGGTGGGTTTATGGTCGAG,0,1244614
ftsKp2,0.125,7,7,GAGGCACGGGAGTGTGTTAA,0,1268361
ftsKp2,0.125,7,7,GAGCATACATTCAGTAAGGA,0,1252638
ftsKp2,0.125,7,7,GAGATTATCCCGGTCGTTAC,0,1253998
ftsKp2,0.125,7,7,GAGAGTTGGACGCCCACTAG,0,1250903
ftsKp2,0.125,7,7,GAGAAATTGTCACGTGGGAG,0,1250247
ftsKp2,0.125,7,7,GACTTTGCGGAGTCGCCGTC,0,1240098
ftsKp2,0.125,7,7,GACTCGCCCGGGAGGCGTTT,0,1255874
ftsKp2,0.125,7,7,GACGGACAGCGTTTGGTCTG,0,1242341
ftsKp2,0.125,7,7,GACGACGTGAGGGCAGACTC,0,1265841
ftsKp2,0.125,7,7,GACCGTTGTTATTGATCTTC,0,1264354
ftsKp2,0.125,7,7,GACAGCGTTCTCTATACCAT,0,1252753
ftsKp2,0.125,7,7,GACAGAGGGGGACGAGTACA,0,1261947
ftsKp2,0.125,7,7,GAATGTATGACCAGGGGCAG,0,1257990
ftsKp2,0.125,7,7,GAATAGCCATGCGGCACATT,0,1260702
ftsKp2,0.125,7,7,GAAGTACTCCTTTAGCTGAG,0,1249436
ftsKp2,0.125,7,7,GAACTTCCGATAAGCACGAT,0,1239984
ftsKp2,0.125,7,7,GAACATTACGGATTGTATAT,0,1240261
ftsKp2,0.125,7,7,GAAACATGGAAGAACGAGTA,0,1257366
ftsKp2,0.125,7,7,GAAAAGTCGAAGTAACACAC,0,1247235
ftsKp2,0.125,7,7,CTTTTCCTCTTTAGGATCTG,0,1243372
ftsKp2,0.125,7,7,CTTTTCCAGCAAGTTAACGG,0,1267905
ftsKp2,0.125,7,7,CTTTGTCTGGACTTTGTTGC,0,1251865
ftsKp2,0.125,7,7,CTTTGAGCACCTCAACTGCA,0,1263281
ftsKp2,0.125,7,7,CTTGTGATTTAATTGAAATG,0,1249753
ftsKp2,0.125,7,7,CTTGCCCGTGCGAAAACGGT,0,1250353
ftsKp2,0.125,7,7,CTTCATGGACGTCACTGTTA,0,1254566
ftsKp2,0.125,7,7,CTTCAGGGTATGTAAATAAT,0,1242864
ftsKp2,0.125,7,7,CTTACGAGAGGACGGACTAT,0,1258628
ftsKp2,0.125,7,7,CTGTTCACGCGTGGCATATT,0,1268198
ftsKp2,0.125,7,7,CTGTGTCTCACCCGCATAAC,0,1255144
ftsKp2,0.125,7,7,CTGTGGCCAGTATACTTCCA,0,1247828
ftsKp2,0.125,7,7,CTGGTTTTATGATTCAGATT,0,1262244
ftsKp2,0.125,7,7,CTGGGCCGGCCGCCTAGGAG,0,1270487
ftsKp2,0.125,7,7,CTGGCGTAGACTTCATTAGA,0,1257513
ftsKp2,0.125,7,7,CTGGCGCAGTTAAGGGAGAA,0,1266826
ftsKp2,0.125,7,7,CTGGCAGAAGGTAACCCCTT,0,1253406
ftsKp2,0.125,7,7,CTGCGACCCACCGGTGGCTG,0,1264727
ftsKp2,0.125,7,7,CTGCCCGGATGGTAAACCAT,0,1271153
ftsKp2,0.125,7,7,CTGAGTGGCCTAGGGTAACA,0,1259546
ftsKp2,0.125,7,7,CTGAATTCAAAAGATCGCGG,0,1241430
ftsKp2,0.125,7,7,CTGAATCCCTACAAACGACA,0,1252544
ftsKp2,0.125,7,7,CTCTGATGAGTTTCGAAGAT,0,1252681
ftsKp2,0.125,7,7,CTCTCCGCAAATGTACCGTA,0,1258342
ftsKp2,0.125,7,7,CTCCCAAAGAAAGTTGATCT,0,1251398
ftsKp2,0.125,7,7,CTCCAGCAAAATCGCTAGTA,0,1256382
ftsKp2,0.125,7,7,CTCCAAGTGCAGGCTGACTT,0,1251737
ftsKp2,0.125,7,7,CTCAAGTGGCCTTAGGCTTA,0,1263495
ftsKp2,0.125,7,7,CTATCTTGACGCCGCCGCCC,0,1266545
ftsKp2,0.125,7,7,CTAGTCAGCAGCAACCGATG,0,1255401
ftsKp2,0.125,7,7,CTACTTGATGCGCAAGACTT,0,1248309
ftsKp2,0.125,7,7,CTAACGTGAGCTCTGCCGGA,0,1267229
ftsKp2,0.125,7,7,CGTTTGGTTTGCACGATTTA,0,1244857
ftsKp2,0.125,7,7,CGTTGCCTTACGGAAGAAGG,0,1251741
ftsKp2,0.125,7,7,CGTTGATGTTTGTCAACACT,0,1245915
ftsKp2,0.125,7,7,CGTTCGTTAGGCAAGGCCTA,0,1266369
ftsKp2,0.125,7,7,CGTGTGCGCTTTCCGCTCCT,0,1248286
ftsKp2,0.125,7,7,CGTGCTGGATCTTACATCTC,0,1245897
ftsKp2,0.125,7,7,CGTCGATCACGATTTGGATG,0,1261412
ftsKp2,0.125,7,7,CGTCATAGTGATAATGACTC,0,1266837
ftsKp2,0.125,7,7,CGTAGTAGAGTAAAGTTAGT,0,1260519
ftsKp2,0.125,7,7,CGTAGCTGGTGGGTTCTGTA,0,1258304
ftsKp2,0.125,7,7,CGTAAAATCGCGGTCAATGT,0,1252009
ftsKp2,0.125,7,7,CGGTCCAATGAGCGCAGAGT,0,1249104
ftsKp2,0.125,7,7,CGGTAGTTTCACCGCTCATT,0,1258057
ftsKp2,0.125,7,7,CGGTACGTTATCCGGTCAAA,0,1244255
ftsKp2,0.125,7,7,CGGTAACGGACCGGTCAATG,0,1264277
ftsKp2,0.125,7,7,CGGGTTTCTAGCCAGTATTT,0,1244387
ftsKp2,0.125,7,7,CGGGTTAGTCCCAACCGATA,0,1260071
ftsKp2,0.125,7,7,CGGGGCGGGACGTTATCGCT,0,1244839
ftsKp2,0.125,7,7,CGGCGCCTGTAGTTAGAATT,0,1245789
ftsKp2,0.125,7,7,CGGCGAAGGCGCGACTCCTC,0,1247323
ftsKp2,0.125,7,7,CGGCATCGGTTGGCACTCAC,0,1256641
ftsKp2,0.125,7,7,CGGCAGACGCCAGAGAGCGT,0,1239745
ftsKp2,0.125,7,7,CGGCAAAGACCCCACTGTAG,0,1254412
ftsKp2,0.125,7,7,CGGATGTGTAGTCGCCGTAC,0,1260669
ftsKp2,0.125,7,7,CGGAGTTTTTGGATTCACCG,0,1265207
ftsKp2,0.125,7,7,CGGAGACACATCGCCAGTGA,0,1266426
ftsKp2,0.125,7,7,CGGAATTGCTGGAGTATATA,0,1244795
ftsKp2,0.125,7,7,CGCTTAAGGACTATTCAACG,0,1257139
ftsKp2,0.125,7,7,CGCTCTAGTGTGTGTCTCTA,0,1252685
ftsKp2,0.125,7,7,CGCTAGCAAGTGAATTATAG,0,1260929
ftsKp2,0.125,7,7,CGCTAATACGCCTAACGCTC,0,1245358
ftsKp2,0.125,7,7,CGCGCCCTTAACTACTGGTA,0,1258738
ftsKp2,0.125,7,7,CGCCAAATGGAACACTCCAA,0,1268197
ftsKp2,0.125,7,7,CGCACTTACCCTTCAACCTA,0,1270814
ftsKp2,0.125,7,7,CGATTCTGCTTATATAACGG,0,1257001
ftsKp2,0.125,7,7,CGAGTAGGCAAAGGTACGAC,0,1259182
ftsKp2,0.125,7,7,CGACACGTTCGCATGAAAAC,0,1251739
ftsKp2,0.125,7,7,CGACAATATTTACAAACGGC,0,1244576
ftsKp2,0.125,7,7,CGAATATCGTGGCCACGCAA,0,1263344
ftsKp2,0.125,7,7,CGAACTCAACCAGCCCGATA,0,1243144
ftsKp2,0.125,7,7,CGAACCTTGGTATTGTGCAT,0,1259640
ftsKp2,0.125,7,7,CGAACCCTTCAAAAGAGAAC,0,1261472
ftsKp2,0.125,7,7,CGAAACGGGCTCCGAACTCA,0,1253920
ftsKp2,0.125,7,7,CCTGGCGGCCCGGGAGTTCG,0,1250630
ftsKp2,0.125,7,7,CCTCGTCGAGATCCCGGACA,0,1245089
ftsKp2,0.125,7,7,CCTCGAGCACCTTGAGCAAA,0,1259717
ftsKp2,0.125,7,7,CCTCCGTAGCCCATGGGTCT,0,1245212
ftsKp2,0.125,7,7,CCTCCATGGGGAGCAATGGT,0,1264185
ftsKp2,0.125,7,7,CCTCACCCACAGGGCTACAA,0,1243862
ftsKp2,0.125,7,7,CCGTACAAATGTTCCGGTAC,0,1245985
ftsKp2,0.125,7,7,CCGGCACCCTTCACTTACGG,0,1258111
ftsKp2,0.125,7,7,CCGCTCATAATCGATCGTCC,0,1265578
ftsKp2,0.125,7,7,CCGCGGAGGATCCAGAAGCT,0,1265628
ftsKp2,0.125,7,7,CCGCCCCGGCCATTGCGGAT,0,1263421
ftsKp2,0.125,7,7,CCGCCCCGATCATTAGCGTA,0,1246063
ftsKp2,0.125,7,7,CCCGGCGCAACCGGGTGTCC,0,1250806
ftsKp2,0.125,7,7,CCCGCTCGGGAATCAACCCC,0,1256537
ftsKp2,0.125,7,7,CCCGAGTATGGCTGACAACC,0,1245327
ftsKp2,0.125,7,7,CCCCTTCCTACACAGGCAAG,0,1240789
ftsKp2,0.125,7,7,CCCAGGCGTACCGGCCGTCA,0,1262720
ftsKp2,0.125,7,7,CCCACCACTTAGAGCTGACC,0,1266054
ftsKp2,0.125,7,7,CCATCCCGGACTGTTTATGG,0,1241673
ftsKp2,0.125,7,7,CCACGCTGAAGCCTCGTAGA,0,1245390
ftsKp2,0.125,7,7,CCACCTTCAGCGGTGTCGAG,0,1241511
ftsKp2,0.125,7,7,CCAATCTAGTCGAAGGGACG,0,1248377
ftsKp2,0.125,7,7,CATTGGACTCAGTCTAGATG,0,1251619
ftsKp2,0.125,7,7,CATTCTTCATCAAGACGGGA,0,1266425
ftsKp2,0.125,7,7,CATTCCTCATTTTTGAGGTT,0,1241821
ftsKp2,0.125,7,7,CATCTCAAGACCCTTTCCTC,0,1249815
ftsKp2,0.125,7,7,CATAATGCATGGGTGCTAAT,0,1252314
ftsKp2,0.125,7,7,CAGTGCAGCTCAACATTCGC,0,1260355
ftsKp2,0.125,7,7,CAGTCGCCCGTGAGTAATAA,0,1258118
ftsKp2,0.125,7,7,CAGTCAGGACATCCTCACTC,0,1240336
ftsKp2,0.125,7,7,CAGGTCATGGGTACAGCGAT,0,1240314
ftsKp2,0.125,7,7,CAGGTCAAGCGCCGTTCACC,0,1243504
ftsKp2,0.125,7,7,CAGGATGTGTGTAACGTACG,0,1256778
ftsKp2,0.125,7,7,CAGGACCACACATATCATCT,0,1248724
ftsKp2,0.125,7,7,CAGCCCTAACATTCAGCTTC,0,1267231
ftsKp2,0.125,7,7,CACGTTGGCACTACTTTCAA,0,1259611
ftsKp2,0.125,7,7,CACGTTAGGTCCTAGGTAAG,0,1257648
ftsKp2,0.125,7,7,CACGTATTAGCGTGCAACAA,0,1242582
ftsKp2,0.125,7,7,CACGGTTATCTGGCGCCAGC,0,1265896
ftsKp2,0.125,7,7,CACGGGCTTGTCCTAGATCG,0,1253024
ftsKp2,0.125,7,7,CACGATTGGACTGTAATACT,0,1261963
ftsKp2,0.125,7,7,CACCTTTACATGTTCGACCA,0,1259804
ftsKp2,0.125,7,7,CACCTTGTCCGACTGACGAA,0,1270937
ftsKp2,0.125,7,7,CACCGCCAAAAGTTTCAATG,0,1249837
ftsKp2,0.125,7,7,CACCAAATCCCTTATTCACT,0,1255098
ftsKp2,0.125,7,7,CACAGCATCACTGTTTGGAT,0,1267021
ftsKp2,0.125,7,7,CACACCTGGAAACGGACTGG,0,1256972
ftsKp2,0.125,7,7,CACAACGGCCTACGCTGGTG,0,1262476
ftsKp2,0.125,7,7,CAATGATCTCTGTCCACAAA,0,1243041
ftsKp2,0.125,7,7,CAATCGTAAATGGACTCTAA,0,1254656
ftsKp2,0.125,7,7,CAAGGCCGGGGCATCATACG,0,1250706
ftsKp2,0.125,7,7,CAAGATCATAACCGGATGAG,0,1264234
ftsKp2,0.125,7,7,CAACATGGCGGGCTTCCACC,0,1240706
ftsKp2,0.125,7,7,CAAATTCGTCGGAGCATCTA,0,1257644
ftsKp2,0.125,7,7,CAAAGGTGTTATCAGGGTCC,0,1249023
ftsKp2,0.125,7,7,CAAAGGTCATTGCAGTCAAA,0,1254434
ftsKp2,0.125,7,7,ATTTTGTTCCAAAGTAGGGA,0,1268027
ftsKp2,0.125,7,7,ATTTGGCCTATATATTTCGC,0,1256199
ftsKp2,0.125,7,7,ATTGGAGTGACAGAAGTACG,0,1251826
ftsKp2,0.125,7,7,ATTATTTGTACATGGGCGTA,0,1251130
ftsKp2,0.125,7,7,ATTATATGAATGGTATCGGG,0,1261395
ftsKp2,0.125,7,7,ATTACCCAAAAAATGTAAAA,0,1264229
ftsKp2,0.125,7,7,ATGTTGCAGCTGGGCATTAC,0,1263530
ftsKp2,0.125,7,7,ATGTTATAGAAGGCAAATGA,0,1269624
ftsKp2,0.125,7,7,ATGGTCAGTGGGCGAACAAA,0,1247666
ftsKp2,0.125,7,7,ATGGGATGGTGGTGGCCTCT,0,1261422
ftsKp2,0.125,7,7,ATGCGTGGGTATACCCCGAA,0,1268208
ftsKp2,0.125,7,7,ATGATCGCCCGGTAAAAGGG,0,1258468
ftsKp2,0.125,7,7,ATGATAGACCATTGTGTGGG,0,1261956
ftsKp2,0.125,7,7,ATGACCTACACCGGCTACGA,0,1264002
ftsKp2,0.125,7,7,ATGACCGTAGCGGACTCCGG,0,1267767
ftsKp2,0.125,7,7,ATCGTTACGTTCTCTTGTGT,0,1267742
ftsKp2,0.125,7,7,ATCGCGGGTACGACCATTTG,0,1251702
ftsKp2,0.125,7,7,ATCGAAAAGTCCGCTTCGGC,0,1239658
ftsKp2,0.125,7,7,ATCCCAGCATATGTCATCTA,0,1254383
ftsKp2,0.125,7,7,ATCAACTACTTATTTCATAA,0,1250371
ftsKp2,0.125,7,7,ATCAAAGTCCGGGAGTACGA,0,1251240
ftsKp2,0.125,7,7,ATAGGCCCCAATTTGGCTGA,0,1264783
ftsKp2,0.125,7,7,ATAGCGCCTCACTAGCGGTC,0,1267618
ftsKp2,0.125,7,7,ATAGAGGTTAGGGCGAGTTT,0,1264020
ftsKp2,0.125,7,7,ATAAGAGGTTGTACTTTAGG,0,1240310
ftsKp2,0.125,7,7,ATAAATCACCACCAACCTGT,0,1245785
ftsKp2,0.125,7,7,ATAAAGCTACGGCAGAGCAT,0,1263278
ftsKp2,0.125,7,7,ATAAAGACTCAGATTTTCTA,0,1247364
ftsKp2,0.125,7,7,AGTTTTATATCGATTTGGTA,0,1244543
ftsKp2,0.125,7,7,AGTTTACACGGGCGTGGGGG,0,1248448
ftsKp2,0.125,7,7,AGTTGCAAGAGCTGGTGTTC,0,1243106
ftsKp2,0.125,7,7,AGTTACTAGAGGGTTCTTGG,0,1261510
ftsKp2,0.125,7,7,AGTGTTTGGTGTCAATAAGG,0,1250812
ftsKp2,0.125,7,7,AGTGTCGCTGGGTGTGCAGC,0,1253550
ftsKp2,0.125,7,7,AGTGTCATACGCACAGTTTA,0,1246730
ftsKp2,0.125,7,7,AGTGGCACAGAGACTTCTTG,0,1264674
ftsKp2,0.125,7,7,AGTGCCAATGTCGCTTGGTT,0,1267357
ftsKp2,0.125,7,7,AGTGAGATTGTCAACTTTGA,0,1264796
ftsKp2,0.125,7,7,AGTCTACCCAGGGCGGTCCA,0,1270051
ftsKp2,0.125,7,7,AGTACGAGTCGGAGTTCACA,0,1262001
ftsKp2,0.125,7,7,AGTACCTTGCGCAGAGCTCA,0,1241928
ftsKp2,0.125,7,7,AGGTGATATTATTACTGGGT,0,1242228
ftsKp2,0.125,7,7,AGGTCACCGGGCAGAGGTAC,0,1265154
ftsKp2,0.125,7,7,AGGTACGAGTAGGCTCTAGG,0,1251970
ftsKp2,0.125,7,7,AGGGTGTATTGCGTTTCGGT,0,1263174
ftsKp2,0.125,7,7,AGGGGTAATTAAATCCTATA,0,1239299
ftsKp2,0.125,7,7,AGGGCATCAACACCCAGGCA,0,1248604
ftsKp2,0.125,7,7,AGGCACCCAACCGTCAAGGG,0,1260067
ftsKp2,0.125,7,7,AGGCAAGTAGAATAAGGACG,0,1258991
ftsKp2,0.125,7,7,AGGATCCGATAATATGCGAC,0,1252710
ftsKp2,0.125,7,7,AGGACCTAAACCCAAATGAT,0,1251782
ftsKp2,0.125,7,7,AGCTTGCGCGCGTCTGATCA,0,1267925
ftsKp2,0.125,7,7,AGCTTACCCGTGGGTAAGAA,0,1255355
ftsKp2,0.125,7,7,AGCTCGTAACGGCGTGTTGT,0,1262883
ftsKp2,0.125,7,7,AGCGCTCGGCGTTCTGTGTT,0,1243842
ftsKp2,0.125,7,7,AGCCTCAGCAGTCTCCTTTG,0,1247373
ftsKp2,0.125,7,7,AGCCGTGATTCCTCGGAGGA,0,1251825
ftsKp2,0.125,7,7,AGCCAGTCCCCAGTAACCGT,0,1251577
ftsKp2,0.125,7,7,AGCCAGAGGGCGTCGGACAA,0,1245937
ftsKp2,0.125,7,7,AGCACTTGCGTAGCAGGGAC,0,1260479
ftsKp2,0.125,7,7,AGCACGTAAGGTCATGTTGG,0,1243228
ftsKp2,0.125,7,7,AGATGTTATTGAAGGGATTT,0,1267916
ftsKp2,0.125,7,7,AGATGGGGCCAGCCGGTCAC,0,1246693
ftsKp2,0.125,7,7,AGAGTGGGAATTATATTGGT,0,1244636
ftsKp2,0.125,7,7,AGAGTGCTCGCCGTTATTCG,0,1250325
ftsKp2,0.125,7,7,AGAGGCAGTCGTATAACTGG,0,1241051
ftsKp2,0.125,7,7,AGAGAGTTTTTTCCCGTAGC,0,1256520
ftsKp2,0.125,7,7,AGAGACCAAGAACCAAGGAG,0,1239618
ftsKp2,0.125,7,7,AGAGAAAATGTGGCCCATAT,0,1256331
ftsKp2,0.125,7,7,AGACTGGGGCAAACAGGACC,0,1260113
ftsKp2,0.125,7,7,AGACGTTACCGAATTTGGGT,0,1253248
ftsKp2,0.125,7,7,AGACGCCCGTCGCCACGGCT,0,1265700
ftsKp2,0.125,7,7,AGAACTAATGATATACCTAT,0,1245260
ftsKp2,0.125,7,7,ACTTTTCCCTCCGGCCAGCT,0,1255731
ftsKp2,0.125,7,7,ACTTTCTGGTCCGTCGCCCA,0,1239896
ftsKp2,0.125,7,7,ACTTAGACATTAGAGGGCGT,0,1254073
ftsKp2,0.125,7,7,ACTGTGGCATTCTCTTAGTT,0,1260238
ftsKp2,0.125,7,7,ACTGTACCAACGAGCCCTGA,0,1251334
ftsKp2,0.125,7,7,ACTGAGAGACTGCGTTCCTG,0,1259279
ftsKp2,0.125,7,7,ACTCTCACAGTAATTCGTTC,0,1261602
ftsKp2,0.125,7,7,ACTATTATAGAACGGAACTG,0,1253081
ftsKp2,0.125,7,7,ACGTTCGTCCATTTGATTTC,0,1267275
ftsKp2,0.125,7,7,ACGTCTCAGACGGGACAAAG,0,1263275
ftsKp2,0.125,7,7,ACGGCTTGCGCAACAAAAAA,0,1241769
ftsKp2,0.125,7,7,ACGGCCAATGCGGCTGTGAA,0,1266095
ftsKp2,0.125,7,7,ACGGAGTAACCGGCGGGCAG,0,1259617
ftsKp2,0.125,7,7,ACGGACGTTTGCAACCCGCC,0,1267745
ftsKp2,0.125,7,7,ACGCGGCCCCTGACGCAATA,0,1242490
ftsKp2,0.125,7,7,ACGCGAGTAAAACAAGGCAT,0,1259041
ftsKp2,0.125,7,7,ACGACACGCCCTGTGACATA,0,1257775
ftsKp2,0.125,7,7,ACGAATACCCCCGATTGGAG,0,1261512
ftsKp2,0.125,7,7,ACCTTTACGGTTAGTTGACT,0,1265126
ftsKp2,0.125,7,7,ACCGCGTACGCTTTCGTTAC,0,1257145
ftsKp2,0.125,7,7,ACCGCCCTCTCAAGGCGCTC,0,1268174
ftsKp2,0.125,7,7,ACCCAACTCTTTGAGCGGAT,0,1267585
ftsKp2,0.125,7,7,ACCATGGCGCAAAACGTAGT,0,1247652
ftsKp2,0.125,7,7,ACCAGCAATCACTATCCCAG,0,1249728
ftsKp2,0.125,7,7,ACATCTCATAAACATGGTAA,0,1252032
ftsKp2,0.125,7,7,ACAGCGTCCTAATTTTGAGA,0,1246943
ftsKp2,0.125,7,7,ACACGCCGGTGTCCACGGGA,0,1250897
ftsKp2,0.125,7,7,ACACGAGGAAAAAAGCGGGT,0,1266656
ftsKp2,0.125,7,7,ACACCCTAGGTCGGTCCGCG,0,1263657
ftsKp2,0.125,7,7,ACAAGTTTTTCACCTCTTTC,0,1260189
ftsKp2,0.125,7,7,AATTTATAGTTGTGGTAGTC,0,1249068
ftsKp2,0.125,7,7,AATTTACATTCCATTGATAA,0,1245523
ftsKp2,0.125,7,7,AATTGTCATGTGACCAGCAT,0,1247953
ftsKp2,0.125,7,7,AATGGATTGATGAAGGCCGC,0,1261421
ftsKp2,0.125,7,7,AATGAAACTCCAATTGCCTT,0,1239565
ftsKp2,0.125,7,7,AATCTTTACGTTTAAATGGG,0,1255785
ftsKp2,0.125,7,7,AATCCACGTCTTGAAGAGGT,0,1260587
ftsKp2,0.125,7,7,AATATACTGAGAATCTAAAC,0,1241866
ftsKp2,0.125,7,7,AATACAAAAGTTGTAGCAGA,0,1256015
ftsKp2,0.125,7,7,AAGTTATCTCTCCTACCAGG,0,1248406
ftsKp2,0.125,7,7,AAGTGTATTTGTGCTGTCCA,0,1258285
ftsKp2,0.125,7,7,AAGTCAAGAACCGGTCGGCG,0,1257771
ftsKp2,0.125,7,7,AAGGTACTCTCCCGCCTATA,0,1250252
ftsKp2,0.125,7,7,AACTCAATTTAGTAAACGGA,0,1239472
ftsKp2,0.125,7,7,AACGGATGGGTGAAAACACG,0,1247535
ftsKp2,0.125,7,7,AACCGACTACTGAAGACTGG,0,1239918
ftsKp2,0.125,7,7,AACCAGACGCACCTCCTCCG,0,1256853
ftsKp2,0.125,7,7,AACACCAACATTGTTCGAGC,0,1261944
ftsKp2,0.125,7,7,AACACAGAACGACAGAAAGT,0,1267673
ftsKp2,0.125,7,7,AAATTTTTTTTATGGCCTCT,0,1245268
ftsKp2,0.125,7,7,AAATTCGTCCCCACTTGAGC,0,1265913
ftsKp2,0.125,7,7,AAATCGCTTTCGACGCTTGT,0,1264293
ftsKp2,0.125,7,7,AAATAGGATTGAGTCACATA,0,1245962
ftsKp2,0.125,7,7,AAACTTGGCCGCTATTAGCG,0,1242139
ftsKp2,0.125,7,7,AAACTGGTCGAACGAGGTCT,0,1263124
ftsKp2,0.125,7,7,AAACGAAGCAGTGACTAGCG,0,1268222
ftsKp2,0.125,7,7,AAACCGACCGCCACTGTTGA,0,1259615
ftsKp2,0.125,7,7,AAACCAATTAACCACTCTCG,0,1243516
ftsKp2,0.125,7,7,AAAACGCGAGGACGAGCTTG,0,1257668
ftsKp2,0.125,7,7,AAAAACGCTCTTCGCAGCGA,0,1252713
ftsKp2,0.14285714285714285,6,6,TTTTGTAATTTGTTCGAACA,0,1246966
ftsKp2,0.14285714285714285,6,6,TTTTGAAGGGAAAGCTCGGA,0,1263430
ftsKp2,0.14285714285714285,6,6,TTTGTGAGTCAATAGGTCCT,0,1261676
ftsKp2,0.14285714285714285,6,6,TTTGTCTATGTCCCCAGACT,0,1263784
ftsKp2,0.14285714285714285,6,6,TTTGCACATGAGCGAAGGTC,0,1264400
ftsKp2,0.14285714285714285,6,6,TTTGACCTCTACGAGACTGG,0,1251961
ftsKp2,0.14285714285714285,6,6,TTTCGGCGAGTCCGGTGCTA,0,1253951
ftsKp2,0.14285714285714285,6,6,TTTAATACGGGTAGCAGTGG,0,1260205
ftsKp2,0.14285714285714285,6,6,TTGTGTCCGCCCCGAATGGT,0,1270192
ftsKp2,0.14285714285714285,6,6,TTGTATGCTTGGTTAGCGAT,0,1265479
ftsKp2,0.14285714285714285,6,6,TTGTAGGGGACAGAGTATAA,0,1246965
ftsKp2,0.14285714285714285,6,6,TTGGTGTGATGAGACGAATA,0,1245053
ftsKp2,0.14285714285714285,6,6,TTGGTGGTCCGTGGAGGGGG,0,1240056
ftsKp2,0.14285714285714285,6,6,TTGGTGAGAGGGTAGGTTAA,0,1250354
ftsKp2,0.14285714285714285,6,6,TTGGGCGCACCGTACCCAGC,0,1248794
ftsKp2,0.14285714285714285,6,6,TTGGCTCTCAGCTCGTATAA,0,1245685
ftsKp2,0.14285714285714285,6,6,TTGGATTCATAAAGTCATAT,0,1253412
ftsKp2,0.14285714285714285,6,6,TTGCTTTTTGCCGCTGAAGC,0,1239336
ftsKp2,0.14285714285714285,6,6,TTGCGTCGTGCACGGCGTAG,0,1245076
ftsKp2,0.14285714285714285,6,6,TTGCGGTATTAAATTATCTA,0,1262755
ftsKp2,0.14285714285714285,6,6,TTGATGGCACACGTTTATGG,0,1270208
ftsKp2,0.14285714285714285,6,6,TTGATAATAAAGTAGTTTAA,0,1269972
ftsKp2,0.14285714285714285,6,6,TTGAGAAACTAGCGGGGTGG,0,1250044
ftsKp2,0.14285714285714285,6,6,TTGACACCGCCACTGAAAGT,0,1259156
ftsKp2,0.14285714285714285,6,6,TTGAATAAGGCCCCCAGTAT,0,1266442
ftsKp2,0.14285714285714285,6,6,TTCTTGATTACCTCGTACAA,0,1245561
ftsKp2,0.14285714285714285,6,6,TTCTATGGTGATTAGGAGGT,0,1264410
ftsKp2,0.14285714285714285,6,6,TTCGTACATGGAAGATGACG,0,1249246
ftsKp2,0.14285714285714285,6,6,TTCGGGTGCCCAATTTCCTG,0,1255234
ftsKp2,0.14285714285714285,6,6,TTCGAAAGTTGTTCAACGTC,0,1246713
ftsKp2,0.14285714285714285,6,6,TTCCCTCACAGCGGGGTCGT,0,1256717
ftsKp2,0.14285714285714285,6,6,TTCATGCATCCACACGGGGC,0,1270031
ftsKp2,0.14285714285714285,6,6,TTCAGGACGCTAGCATTGAA,0,1259162
ftsKp2,0.14285714285714285,6,6,TTATCTTACGGGTGCTTCCA,0,1239868
ftsKp2,0.14285714285714285,6,6,TTAGGTACTGGACAGTACGC,0,1267338
ftsKp2,0.14285714285714285,6,6,TTACGCGTAGGAGGGCTTCG,0,1267739
ftsKp2,0.14285714285714285,6,6,TTACGACCCTTAGGCCTCAC,0,1252804
ftsKp2,0.14285714285714285,6,6,TTAATAGGGCTGCGTCGCTG,0,1254216
ftsKp2,0.14285714285714285,6,6,TTAAGTCGAAAACTTGGTAA,0,1262169
ftsKp2,0.14285714285714285,6,6,TTAACTAGCATATGTTGGTC,0,1250638
ftsKp2,0.14285714285714285,6,6,TGTTTCCGGGCTGCGTTTCT,0,1268653
ftsKp2,0.14285714285714285,6,6,TGTGGGAGGTATTGATGCGC,0,1255276
ftsKp2,0.14285714285714285,6,6,TGTGCCTATCTAGCGTTGGT,0,1257354
ftsKp2,0.14285714285714285,6,6,TGTCTCGATTTACCCAAATT,0,1252038
ftsKp2,0.14285714285714285,6,6,TGTCTCCGAGTGGCGGTTGA,0,1249703
ftsKp2,0.14285714285714285,6,6,TGTCAAATGAATGTGGGTGG,0,1241339
ftsKp2,0.14285714285714285,6,6,TGTAGGTATGTATTTTCTAA,0,1267985
ftsKp2,0.14285714285714285,6,6,TGTAGGCTCAGGTAAGTTCG,0,1243785
ftsKp2,0.14285714285714285,6,6,TGTAATTCGGTGGCAGGTGC,0,1264147
ftsKp2,0.14285714285714285,6,6,TGGTTTTTCGTTTACCGGAT,0,1248278
ftsKp2,0.14285714285714285,6,6,TGGTGCGTGTTTTAGACAAT,0,1255838
ftsKp2,0.14285714285714285,6,6,TGGGTTACAGTAGATCGTAA,0,1266619
ftsKp2,0.14285714285714285,6,6,TGGGTGCTAAATTCGATGTG,0,1257316
ftsKp2,0.14285714285714285,6,6,TGGGGAGATATAGCCTTAAT,0,1259466
ftsKp2,0.14285714285714285,6,6,TGGGCGACGAAACTGAAAAT,0,1263614
ftsKp2,0.14285714285714285,6,6,TGGGAGGAGAGCACACCGGA,0,1240977
ftsKp2,0.14285714285714285,6,6,TGGGAATCTGAAACTGGTCC,0,1267081
ftsKp2,0.14285714285714285,6,6,TGGCTACAAGTTTTGGTCCC,0,1249419
ftsKp2,0.14285714285714285,6,6,TGGCGAATTCTGGCTTATCT,0,1240637
ftsKp2,0.14285714285714285,6,6,TGGCCTCATCAATTAACCAG,0,1251643
ftsKp2,0.14285714285714285,6,6,TGGCAATTCATATTGGTTTT,0,1258091
ftsKp2,0.14285714285714285,6,6,TGGAGCTGCATATGGAGTCG,0,1251394
ftsKp2,0.14285714285714285,6,6,TGGACTTACGGGATCCGTAT,0,1248241
ftsKp2,0.14285714285714285,6,6,TGGACAGCCATACAGTGGTT,0,1243937
ftsKp2,0.14285714285714285,6,6,TGCGTGGGATGGCACCTGAT,0,1264446
ftsKp2,0.14285714285714285,6,6,TGCGCAGCAATGTATCACTC,0,1250173
ftsKp2,0.14285714285714285,6,6,TGCGAACCGCGAAGTTCCAG,0,1261337
ftsKp2,0.14285714285714285,6,6,TGCCTCTCACCGTGTATGAT,0,1247123
ftsKp2,0.14285714285714285,6,6,TGCCTACCTCTCCGGTCAGC,0,1261207
ftsKp2,0.14285714285714285,6,6,TGCATGCTGTCGGCAGGTGG,0,1254195
ftsKp2,0.14285714285714285,6,6,TGCAGTTGTATCCGGACCCA,0,1242379
ftsKp2,0.14285714285714285,6,6,TGCACCTATTCTCAGTTTGC,0,1265471
ftsKp2,0.14285714285714285,6,6,TGATGCAAAATTAGCCCTGT,0,1267965
ftsKp2,0.14285714285714285,6,6,TGATATGGTTTAATTATGTC,0,1254709
ftsKp2,0.14285714285714285,6,6,TGAGTTGGCAGTGCGTATTC,0,1262003
ftsKp2,0.14285714285714285,6,6,TGAGCTAATTACAAGGAGCC,0,1264770
ftsKp2,0.14285714285714285,6,6,TGAGACAAATACCCAACGTG,0,1243422
ftsKp2,0.14285714285714285,6,6,TGACGATGCACCCGCTCACC,0,1266727
ftsKp2,0.14285714285714285,6,6,TGACCTTCTGCTAACTGTAA,0,1246990
ftsKp2,0.14285714285714285,6,6,TGACCGTAGAGGCATTATTG,0,1270511
ftsKp2,0.14285714285714285,6,6,TGAAGGTTAGGAACAACAAC,0,1248036
ftsKp2,0.14285714285714285,6,6,TCTTGGGGAGAGTATGTTCC,0,1253482
ftsKp2,0.14285714285714285,6,6,TCTTGACTGCGTTTCACGCC,0,1251331
ftsKp2,0.14285714285714285,6,6,TCTTACTATCGAGGTGGATA,0,1250284
ftsKp2,0.14285714285714285,6,6,TCTCTGGGAATCGAATATAA,0,1246139
ftsKp2,0.14285714285714285,6,6,TCTCATCAAACCCGATGGCT,0,1246237
ftsKp2,0.14285714285714285,6,6,TCTCAGGAGGGGCGACCATT,0,1258181
ftsKp2,0.14285714285714285,6,6,TCTCAGCTGGTGTATTTAAG,0,1241494
ftsKp2,0.14285714285714285,6,6,TCGTATACCCGGGGCGCAGT,0,1247313
ftsKp2,0.14285714285714285,6,6,TCGTAGTGGTGCACATGAGG,0,1269060
ftsKp2,0.14285714285714285,6,6,TCGCCCCATTGTACCAGATG,0,1245666
ftsKp2,0.14285714285714285,6,6,TCGATGTCGTTTCATTGACC,0,1265113
ftsKp2,0.14285714285714285,6,6,TCGACGCGTCAGATACATCT,0,1239654
ftsKp2,0.14285714285714285,6,6,TCCTTCTGAACAGACCGTGC,0,1248201
ftsKp2,0.14285714285714285,6,6,TCCTGGACTTTAGACGTCCT,0,1243576
ftsKp2,0.14285714285714285,6,6,TCCGAATGATTTAGCCCACC,0,1265931
ftsKp2,0.14285714285714285,6,6,TCCCCTCAATGACGCGTGCA,0,1255737
ftsKp2,0.14285714285714285,6,6,TCCATACTTTGCTCGGCCGG,0,1258481
ftsKp2,0.14285714285714285,6,6,TCCACGGATCGCGATCGGTA,0,1257966
ftsKp2,0.14285714285714285,6,6,TCCACCTGAGTTCCTGCTTC,0,1244810
ftsKp2,0.14285714285714285,6,6,TCATATCAACATCGGGCTCT,0,1262067
ftsKp2,0.14285714285714285,6,6,TCATACTCCGCGTTTTCATA,0,1263034
ftsKp2,0.14285714285714285,6,6,TCAAGGCCAGAAATCGTCAC,0,1263901
ftsKp2,0.14285714285714285,6,6,TCAAGAATGTCCACGGACGT,0,1268736
ftsKp2,0.14285714285714285,6,6,TATTGGCTATAACTGCGCCC,0,1248738
ftsKp2,0.14285714285714285,6,6,TATTCATCAGTATGGCAGGC,0,1249627
ftsKp2,0.14285714285714285,6,6,TATTCAGACCTGTTGGACTT,0,1247287
ftsKp2,0.14285714285714285,6,6,TATTAGCCACGTAAGCTCTT,0,1251886
ftsKp2,0.14285714285714285,6,6,TATGGCGTACATTTATTGAC,0,1239862
ftsKp2,0.14285714285714285,6,6,TATCTAGCGGCGAAATGATG,0,1262183
ftsKp2,0.14285714285714285,6,6,TATCATGTCAATTTCAAGCA,0,1253541
ftsKp2,0.14285714285714285,6,6,TATATGTATTGAGACCGCTG,0,1253878
ftsKp2,0.14285714285714285,6,6,TATATGGTTTACTTGGGCTG,0,1260863
ftsKp2,0.14285714285714285,6,6,TAGGTACAGCATTTCTAGTT,0,1245340
ftsKp2,0.14285714285714285,6,6,TAGCGCGAGCATCTAAACTG,0,1243306
ftsKp2,0.14285714285714285,6,6,TAGCACGCTGATATACAGAA,0,1249593
ftsKp2,0.14285714285714285,6,6,TAGATTGATTTGAGTATCAG,0,1241850
ftsKp2,0.14285714285714285,6,6,TAGAAGTCCACCAAACGACA,0,1244763
ftsKp2,0.14285714285714285,6,6,TAGAAGCTCCAAAGAATATG,0,1257951
ftsKp2,0.14285714285714285,6,6,TACTCCATTCAAGTCATCGA,0,1263675
ftsKp2,0.14285714285714285,6,6,TACTACTTAGTGTGAACGGA,0,1259158
ftsKp2,0.14285714285714285,6,6,TACGTTGCTGTGCGGAAAAG,0,1251308
ftsKp2,0.14285714285714285,6,6,TACGGTGCACCGCCAGAATT,0,1243876
ftsKp2,0.14285714285714285,6,6,TACCGGTAACCATTCGGAAT,0,1260144
ftsKp2,0.14285714285714285,6,6,TACCGGGATCTGGGCAACCA,0,1262055
ftsKp2,0.14285714285714285,6,6,TACAAATCTGACACGCAGGT,0,1257456
ftsKp2,0.14285714285714285,6,6,TAATGTACACTGTGCCACAC,0,1266725
ftsKp2,0.14285714285714285,6,6,TAATATTCGTGAAGCTCACA,0,1257466
ftsKp2,0.14285714285714285,6,6,TAATATGTACTCAACCAGAC,0,1260873
ftsKp2,0.14285714285714285,6,6,TAAGTGATGGAGCTAAACAA,0,1260835
ftsKp2,0.14285714285714285,6,6,TAAGGTGTGCAGAAGTGTTG,0,1262787
ftsKp2,0.14285714285714285,6,6,TAAGGATTGCCCACGACCAA,0,1258607
ftsKp2,0.14285714285714285,6,6,TAAGCCTGTATGGGTGGGGG,0,1268886
ftsKp2,0.14285714285714285,6,6,TAACCAAAAGGTCACGGTAA,0,1245041
ftsKp2,0.14285714285714285,6,6,TAACATGCTGCTTGAGCAAA,0,1252860
ftsKp2,0.14285714285714285,6,6,TAAATTACATTCCGGCGACA,0,1248759
ftsKp2,0.14285714285714285,6,6,TAAACTTATATCCGAGCGTT,0,1266927
ftsKp2,0.14285714285714285,6,6,GTTTGACGACGTCCTATCTT,0,1256658
ftsKp2,0.14285714285714285,6,6,GTTTAAGATGACAGCAAAAG,0,1240534
ftsKp2,0.14285714285714285,6,6,GTTCTTGGTATACCGTTCCA,0,1263011
ftsKp2,0.14285714285714285,6,6,GTTCTCCCCGTTCCGCTGAA,0,1266711
ftsKp2,0.14285714285714285,6,6,GTTCCTGGCAAGGCTAGGCC,0,1249522
ftsKp2,0.14285714285714285,6,6,GTTCCTCAATACCGCCCTCG,0,1261739
ftsKp2,0.14285714285714285,6,6,GTTATAGTGCGCTAGAGCTC,0,1250265
ftsKp2,0.14285714285714285,6,6,GTGTAGATTTAGTGCTGGCG,0,1256268
ftsKp2,0.14285714285714285,6,6,GTGGTTGGTATTCGTAGCTT,0,1244422
ftsKp2,0.14285714285714285,6,6,GTGGCCAATGACGTTGTCTC,0,1249514
ftsKp2,0.14285714285714285,6,6,GTGGCACGAGCCGAGGAGCC,0,1254948
ftsKp2,0.14285714285714285,6,6,GTGCTGAACGCATCTAAACT,0,1254654
ftsKp2,0.14285714285714285,6,6,GTGCTCATACCAGATAGCCC,0,1265211
ftsKp2,0.14285714285714285,6,6,GTGAGTGGTTAGTCCCACGT,0,1270735
ftsKp2,0.14285714285714285,6,6,GTGAGTGGATAGAAACAAAT,0,1265466
ftsKp2,0.14285714285714285,6,6,GTGACTTAATTCATTCTAGG,0,1245405
ftsKp2,0.14285714285714285,6,6,GTGAAGCAGATGGCGTGATA,0,1247366
ftsKp2,0.14285714285714285,6,6,GTGAACTCTGGAGACTGTAG,0,1248279
ftsKp2,0.14285714285714285,6,6,GTCTTATAGGCCTCTAGCGC,0,1251839
ftsKp2,0.14285714285714285,6,6,GTCTGGTTCATCATCCAACG,0,1240975
ftsKp2,0.14285714285714285,6,6,GTCGTTTTGGCCATCGGGTA,0,1240095
ftsKp2,0.14285714285714285,6,6,GTCCTCTGGTAGCCCGTCAT,0,1260612
ftsKp2,0.14285714285714285,6,6,GTCCGTGACTCCGATCGTCA,0,1239963
ftsKp2,0.14285714285714285,6,6,GTCCGACCTCCACGAAATCA,0,1262264
ftsKp2,0.14285714285714285,6,6,GTCCCCGGTAGGATGTATGA,0,1249875
ftsKp2,0.14285714285714285,6,6,GTCCAGTCAGTTTTTCGGGT,0,1245244
ftsKp2,0.14285714285714285,6,6,GTCATTGAACGTACCCTCAA,0,1261761
ftsKp2,0.14285714285714285,6,6,GTCAAAAGGTTCCTGTTACC,0,1260794
ftsKp2,0.14285714285714285,6,6,GTATGGCTCGGGAGAAGCCA,0,1267588
ftsKp2,0.14285714285714285,6,6,GTATGCTGCAGGATCGCATC,0,1266621
ftsKp2,0.14285714285714285,6,6,GTAGGAACGTATCAAGTAGT,0,1251414
ftsKp2,0.14285714285714285,6,6,GTAGACATGTGTGCGTAGGT,0,1249579
ftsKp2,0.14285714285714285,6,6,GTACATAGAATGATGATGAT,0,1251726
ftsKp2,0.14285714285714285,6,6,GTAAGTGGTATAGAGCCCAA,0,1246173
ftsKp2,0.14285714285714285,6,6,GTAACTGTTTAAGAAAACAT,0,1248835
ftsKp2,0.14285714285714285,6,6,GTAACGCTATTGCCAATCCT,0,1267154
ftsKp2,0.14285714285714285,6,6,GTAACCTTGTCTGCCATATG,0,1262292
ftsKp2,0.14285714285714285,6,6,GGTTGCATATTGACTTCTTC,0,1268885
ftsKp2,0.14285714285714285,6,6,GGTGGGCTCCGGTAACAGCT,0,1254540
ftsKp2,0.14285714285714285,6,6,GGTGCGGTGGTAGGCTCAAT,0,1254849
ftsKp2,0.14285714285714285,6,6,GGTCGTATTAAGTTTGCACG,0,1265480
ftsKp2,0.14285714285714285,6,6,GGTCGATTGGCATCATCGCC,0,1248831
ftsKp2,0.14285714285714285,6,6,GGTCCAAGGAATACTGAGCT,0,1240639
ftsKp2,0.14285714285714285,6,6,GGTCACCGTCAATTCCATCG,0,1256896
ftsKp2,0.14285714285714285,6,6,GGTATGCGCTGTCCGAAAAT,0,1257979
ftsKp2,0.14285714285714285,6,6,GGTATCGTGTAACACGCGAG,0,1243650
ftsKp2,0.14285714285714285,6,6,GGTAGCTGGTCCCCGGGACC,0,1268837
ftsKp2,0.14285714285714285,6,6,GGTAGACCGCTGTATAGAGT,0,1250575
ftsKp2,0.14285714285714285,6,6,GGTAATGGTGGCGGGTGAAC,0,1241094
ftsKp2,0.14285714285714285,6,6,GGTAACGCCCGATTGTAGTA,0,1242136
ftsKp2,0.14285714285714285,6,6,GGGTGGCACCGGTATGCCGG,0,1248014
ftsKp2,0.14285714285714285,6,6,GGGTCTTAACTGGAAACTGG,0,1268762
ftsKp2,0.14285714285714285,6,6,GGGTAGGCAGGCTAACGGTG,0,1251594
ftsKp2,0.14285714285714285,6,6,GGGCGGACTCTCACCCCGGT,0,1259438
ftsKp2,0.14285714285714285,6,6,GGGCAGGTGTACGGCCACAG,0,1262409
ftsKp2,0.14285714285714285,6,6,GGGACTGATTCGCGCGTAGG,0,1263779
ftsKp2,0.14285714285714285,6,6,GGCTTTTAGAATAATCTTTA,0,1269601
ftsKp2,0.14285714285714285,6,6,GGCTCCTGAGTGTGGGTACG,0,1248430
ftsKp2,0.14285714285714285,6,6,GGCTCAACTTTAGCTGGATG,0,1251009
ftsKp2,0.14285714285714285,6,6,GGCTACGGAATCCCTAGAGG,0,1268245
ftsKp2,0.14285714285714285,6,6,GGCGTACGCCACACCCGGGG,0,1266728
ftsKp2,0.14285714285714285,6,6,GGCGGGTAGCTTCCAGGTGA,0,1251487
ftsKp2,0.14285714285714285,6,6,GGCGAATCAAAGTGTGGAGT,0,1258705
ftsKp2,0.14285714285714285,6,6,GGCCAAAAGATAGTATCCAA,0,1265571
ftsKp2,0.14285714285714285,6,6,GGCATCTCGTCTGCATCGTG,0,1245013
ftsKp2,0.14285714285714285,6,6,GGCAGGCAAGAGCTGCCAGT,0,1267266
ftsKp2,0.14285714285714285,6,6,GGCAGCGCGTTCGGTGGTCT,0,1248119
ftsKp2,0.14285714285714285,6,6,GGATTAGGCGTTGAGATGCC,0,1257459
ftsKp2,0.14285714285714285,6,6,GGAGGACCCCTCCCCACCTA,0,1242062
ftsKp2,0.14285714285714285,6,6,GGACTCCGGCTTTTCTCTGC,0,1251989
ftsKp2,0.14285714285714285,6,6,GCTTTGATGAAGCACTCTTG,0,1251415
ftsKp2,0.14285714285714285,6,6,GCTTCCAATCCGATGCTAAA,0,1258035
ftsKp2,0.14285714285714285,6,6,GCTGCCGTAATCAAACCGGG,0,1251012
ftsKp2,0.14285714285714285,6,6,GCTGCACCAGGGCGTAATCA,0,1263062
ftsKp2,0.14285714285714285,6,6,GCTGAGTGTATCCATGCAGA,0,1261987
ftsKp2,0.14285714285714285,6,6,GCTCTGTCTATTTAGTAAGG,0,1245148
ftsKp2,0.14285714285714285,6,6,GCTCTCTTGACTGGGCAAAT,0,1251715
ftsKp2,0.14285714285714285,6,6,GCTCCGGCATGTCCCGCTAG,0,1239428
ftsKp2,0.14285714285714285,6,6,GCTCCAGTGGCTAGGTGGCA,0,1240490
ftsKp2,0.14285714285714285,6,6,GCTCAAAATTTTCAGCTCTT,0,1268294
ftsKp2,0.14285714285714285,6,6,GCTATTGTGATGTGCGCAAT,0,1263807
ftsKp2,0.14285714285714285,6,6,GCTAGACTAACGTTGCTGAT,0,1254114
ftsKp2,0.14285714285714285,6,6,GCGTTCTGGGATGTGCACAC,0,1247036
ftsKp2,0.14285714285714285,6,6,GCGTAGGCGTGAAATTTGAT,0,1264757
ftsKp2,0.14285714285714285,6,6,GCGGGTGCTGGGGCAGGCCG,0,1244928
ftsKp2,0.14285714285714285,6,6,GCGGGGAGGGCGACGCTAGG,0,1256461
ftsKp2,0.14285714285714285,6,6,GCGGGAAGTGTATCATTCAA,0,1240182
ftsKp2,0.14285714285714285,6,6,GCGCTGGTGTGACGCGTGGG,0,1242085
ftsKp2,0.14285714285714285,6,6,GCGCTGAACTCCGCGCCTTT,0,1251774
ftsKp2,0.14285714285714285,6,6,GCGCGGCTAGTTTATACTGA,0,1243659
ftsKp2,0.14285714285714285,6,6,GCGCCTTGTCCTGGGGCTCA,0,1259895
ftsKp2,0.14285714285714285,6,6,GCGCCAAAATCTTACGGCCC,0,1239314
ftsKp2,0.14285714285714285,6,6,GCGAGTCGCGTCTCCCAATG,0,1264323
ftsKp2,0.14285714285714285,6,6,GCGAGCAGACTGAAGGTCTT,0,1266105
ftsKp2,0.14285714285714285,6,6,GCGAATCTTCAGCGAACCTT,0,1261777
ftsKp2,0.14285714285714285,6,6,GCCTCGCGCCCTGGGTTAAT,0,1262379
ftsKp2,0.14285714285714285,6,6,GCCGGTAATATCCACGGTAG,0,1250330
ftsKp2,0.14285714285714285,6,6,GCCGCCGTACTCCTTAGGTG,0,1247916
ftsKp2,0.14285714285714285,6,6,GCCCTGTTTAGCGGCCAATT,0,1255434
ftsKp2,0.14285714285714285,6,6,GCCCGGTATGTCTTTGGTAG,0,1252474
ftsKp2,0.14285714285714285,6,6,GCCAGTTAAATACTTATCTC,0,1252346
ftsKp2,0.14285714285714285,6,6,GCCAGAGGTCCATTATGCGA,0,1253585
ftsKp2,0.14285714285714285,6,6,GCCAAGAAACCGGACACCCC,0,1247815
ftsKp2,0.14285714285714285,6,6,GCCAACGGATTACAGTAACG,0,1241319
ftsKp2,0.14285714285714285,6,6,GCAGTGGAAGAGCGCGTACC,0,1243279
ftsKp2,0.14285714285714285,6,6,GCAGGGATCTTAAGTAGGTG,0,1240731
ftsKp2,0.14285714285714285,6,6,GCAGAGTTTCGATCCGGCCT,0,1245158
ftsKp2,0.14285714285714285,6,6,GCACGGGATGTAGAGACGGT,0,1268943
ftsKp2,0.14285714285714285,6,6,GCACACACTCTTGGCATATT,0,1247279
ftsKp2,0.14285714285714285,6,6,GCAATTGGGACTAAACATGC,0,1242893
ftsKp2,0.14285714285714285,6,6,GCAATGCGGCATGTGGCTGA,0,1247476
ftsKp2,0.14285714285714285,6,6,GCAAATTACCGTGGTCTTGT,0,1249909
ftsKp2,0.14285714285714285,6,6,GATGTTTTACGCCAACATAC,0,1252661
ftsKp2,0.14285714285714285,6,6,GATGTTGGTTTACATTGTCC,0,1244314
ftsKp2,0.14285714285714285,6,6,GATGTCAACGTAGGCAAATG,0,1264650
ftsKp2,0.14285714285714285,6,6,GATGGATCGTCAGGACTGTG,0,1257202
ftsKp2,0.14285714285714285,6,6,GATCACACCGGTACATGTTG,0,1261111
ftsKp2,0.14285714285714285,6,6,GATCAAACGTAGCGTGGTAA,0,1249100
ftsKp2,0.14285714285714285,6,6,GATATAGCAAATATGAGGCA,0,1244655
ftsKp2,0.14285714285714285,6,6,GATAGCATGCCTTGTCACGG,0,1269599
ftsKp2,0.14285714285714285,6,6,GATACGAACTCCTTCTCACA,0,1251549
ftsKp2,0.14285714285714285,6,6,GAGTTGCACAGGAGGACTTG,0,1252093
ftsKp2,0.14285714285714285,6,6,GAGTTATAGCAGACTGTATA,0,1249300
ftsKp2,0.14285714285714285,6,6,GAGCTTTTTAAGCTAATAGA,0,1261219
ftsKp2,0.14285714285714285,6,6,GAGCCGCGATGATTACGGTC,0,1263202
ftsKp2,0.14285714285714285,6,6,GAGACGAGCGGGTTATAAAA,0,1264012
ftsKp2,0.14285714285714285,6,6,GACTTTGCCTATCGGAATGT,0,1252423
ftsKp2,0.14285714285714285,6,6,GACTTTAACACATCACCTTG,0,1245222
ftsKp2,0.14285714285714285,6,6,GACTTGGGTTGTTGTAGGCT,0,1259789
ftsKp2,0.14285714285714285,6,6,GACTCTAATAGTGGCCAGGA,0,1256907
ftsKp2,0.14285714285714285,6,6,GACGTACGAATGTTTGGAAG,0,1267126
ftsKp2,0.14285714285714285,6,6,GACGGTAAGTAGGGTCCAAT,0,1239652
ftsKp2,0.14285714285714285,6,6,GACGCCCCACACTAGCCAAG,0,1245285
ftsKp2,0.14285714285714285,6,6,GACGCAGGATCTTCCCATCT,0,1249432
ftsKp2,0.14285714285714285,6,6,GACGATAGTGCCATTCGCGA,0,1253140
ftsKp2,0.14285714285714285,6,6,GACCTCTGAACGGCTTTGTT,0,1249090
ftsKp2,0.14285714285714285,6,6,GACCGCAAGGCTCCTTGTAC,0,1243208
ftsKp2,0.14285714285714285,6,6,GACATATCTTGAACCAAGGT,0,1246184
ftsKp2,0.14285714285714285,6,6,GACAATACCAAGTGGCGAGA,0,1249840
ftsKp2,0.14285714285714285,6,6,GACAACAACAATTGCATGTA,0,1263700
ftsKp2,0.14285714285714285,6,6,GAATTATTGTCGTAGCAGTC,0,1255353
ftsKp2,0.14285714285714285,6,6,GAATCTCTTCACATGTACGT,0,1259326
ftsKp2,0.14285714285714285,6,6,GAATATAGCTAAGTTGGTTG,0,1247346
ftsKp2,0.14285714285714285,6,6,GAAGCCCGCCCCAACGTCGG,0,1262775
ftsKp2,0.14285714285714285,6,6,GAACGTAGTTCCCGCGAGAT,0,1245011
ftsKp2,0.14285714285714285,6,6,GAAATTGGATGGGCAGCCTC,0,1239859
ftsKp2,0.14285714285714285,6,6,GAAAGCCACATCCGGGGATG,0,1249058
ftsKp2,0.14285714285714285,6,6,GAAACGAGTGTGACTCGGGT,0,1242347
ftsKp2,0.14285714285714285,6,6,CTTTGGTGAGACATAGTCCG,0,1239380
ftsKp2,0.14285714285714285,6,6,CTTTCGCTCGAATGTTTGTC,0,1256043
ftsKp2,0.14285714285714285,6,6,CTTGGAACGTCCTATTCGGT,0,1261893
ftsKp2,0.14285714285714285,6,6,CTTGAGGAGCATCGTGATAA,0,1261448
ftsKp2,0.14285714285714285,6,6,CTTCTGGTCAAAATCCTTCT,0,1240885
ftsKp2,0.14285714285714285,6,6,CTTCAAGAAGAACGAGTACT,0,1251764
ftsKp2,0.14285714285714285,6,6,CTGTTTAACGCGATAAGGTT,0,1260739
ftsKp2,0.14285714285714285,6,6,CTGTGCCCTAATAGCAGGGT,0,1249022
ftsKp2,0.14285714285714285,6,6,CTGGCTCTAATGATTAATGT,0,1263035
ftsKp2,0.14285714285714285,6,6,CTGAGGACTATTCATACCAG,0,1266368
ftsKp2,0.14285714285714285,6,6,CTGAACATCAAGCGTCCTGT,0,1240090
ftsKp2,0.14285714285714285,6,6,CTCTTCCGGGGAGGACCCAC,0,1260947
ftsKp2,0.14285714285714285,6,6,CTCTTAGCACCGCATAAGAT,0,1265558
ftsKp2,0.14285714285714285,6,6,CTCTGCATGCCCGTTGCAGC,0,1255484
ftsKp2,0.14285714285714285,6,6,CTCTAGAGCAATTGCCGGCT,0,1243241
ftsKp2,0.14285714285714285,6,6,CTCTACCTTGGACTGAATGT,0,1252801
ftsKp2,0.14285714285714285,6,6,CTCGGGCACTACAGTTTATG,0,1264276
ftsKp2,0.14285714285714285,6,6,CTCGCGAAACTCTATGGTAG,0,1258256
ftsKp2,0.14285714285714285,6,6,CTCGATGGGGCTGAGCTATG,0,1259112
ftsKp2,0.14285714285714285,6,6,CTCCTGGCAAAGTAGGGAGG,0,1240900
ftsKp2,0.14285714285714285,6,6,CTCCGGACCGACAGAGGGAA,0,1252205
ftsKp2,0.14285714285714285,6,6,CTCCCGGTAGGTTGGATTTA,0,1255927
ftsKp2,0.14285714285714285,6,6,CTCCACTCCAGGCTGCCCCT,0,1270242
ftsKp2,0.14285714285714285,6,6,CTCACCCGTTGCGTTGAAAC,0,1249862
ftsKp2,0.14285714285714285,6,6,CTCAACTTCCGGGAAAGGAT,0,1246975
ftsKp2,0.14285714285714285,6,6,CTATCGTTGCAAACTTCAAG,0,1268006
ftsKp2,0.14285714285714285,6,6,CTATCACCACATCGGGTGAC,0,1264957
ftsKp2,0.14285714285714285,6,6,CTAGGTGGCGGCCTAAAGGC,0,1247210
ftsKp2,0.14285714285714285,6,6,CTAGGCGTATCCTCACGGGT,0,1268505
ftsKp2,0.14285714285714285,6,6,CTAGAAAGCTCCTAGCTGCC,0,1258522
ftsKp2,0.14285714285714285,6,6,CTACATAAAAAACCCCAAGT,0,1270183
ftsKp2,0.14285714285714285,6,6,CTACAACTGTTACTAATGTA,0,1247534
ftsKp2,0.14285714285714285,6,6,CTAATCACATGGGGTGTTCT,0,1257458
ftsKp2,0.14285714285714285,6,6,CTAAGTTCCACGGTCCTGGT,0,1246482
ftsKp2,0.14285714285714285,6,6,CTAAACCTCGTCCACGATAA,0,1255117
ftsKp2,0.14285714285714285,6,6,CGTTGATCTCCGAGTTAACC,0,1268918
ftsKp2,0.14285714285714285,6,6,CGTTCGCGTGTCTCTAGGTC,0,1240761
ftsKp2,0.14285714285714285,6,6,CGTTCATGTTAGTTTAGAGC,0,1254136
ftsKp2,0.14285714285714285,6,6,CGTTAGTTTGTCACATCGCA,0,1245564
ftsKp2,0.14285714285714285,6,6,CGTTAAATGACATTCCTTCA,0,1268291
ftsKp2,0.14285714285714285,6,6,CGTGGCACGTCGTACTTGCG,0,1254268
ftsKp2,0.14285714285714285,6,6,CGTCCGATCAATGACTAGCA,0,1254117
ftsKp2,0.14285714285714285,6,6,CGTATTGGGACTTCATGCTC,0,1262999
ftsKp2,0.14285714285714285,6,6,CGTAACTGGCAATGACATAC,0,1239730
ftsKp2,0.14285714285714285,6,6,CGGTTTTGTAGCGCTGCGTG,0,1260271
ftsKp2,0.14285714285714285,6,6,CGGTTGTCCGGGGGACCAGT,0,1245778
ftsKp2,0.14285714285714285,6,6,CGGTCTGCATGCCTCCCCGT,0,1254698
ftsKp2,0.14285714285714285,6,6,CGGTCCGTCGTTCACTTGCT,0,1241394
ftsKp2,0.14285714285714285,6,6,CGGTAAACTTTCGTGTCATT,0,1252313
ftsKp2,0.14285714285714285,6,6,CGGGTCCCGTGATCCTAACT,0,1260705
ftsKp2,0.14285714285714285,6,6,CGGGGGCATACTGCGATAGA,0,1255861
ftsKp2,0.14285714285714285,6,6,CGGGGAAGGGGTAGTTCGGC,0,1256787
ftsKp2,0.14285714285714285,6,6,CGGGAACAAACCGCCTTGTA,0,1263739
ftsKp2,0.14285714285714285,6,6,CGGCTTAGTCACCGGTTGAA,0,1268625
ftsKp2,0.14285714285714285,6,6,CGGCTGTGTCTTGGGAGGGT,0,1242190
ftsKp2,0.14285714285714285,6,6,CGGCTCATGACATCCCGATT,0,1258856
ftsKp2,0.14285714285714285,6,6,CGGCATTTAGCGCCCCAGGG,0,1240918
ftsKp2,0.14285714285714285,6,6,CGGAGAAAGTGGGTGCAAGT,0,1254089
ftsKp2,0.14285714285714285,6,6,CGCTGCTCAAGAGTTGCCCT,0,1265703
ftsKp2,0.14285714285714285,6,6,CGCTCACTGTATAAGGATGC,0,1263757
ftsKp2,0.14285714285714285,6,6,CGCGCCTGCAGCAGCGAGCA,0,1265336
ftsKp2,0.14285714285714285,6,6,CGCGATCGAACCGCTATTTA,0,1250579
ftsKp2,0.14285714285714285,6,6,CGCGACACTAGTTTCTTCAT,0,1269539
ftsKp2,0.14285714285714285,6,6,CGATTCTAGCCCTTTGATAT,0,1267955
ftsKp2,0.14285714285714285,6,6,CGATAGTTCCAGTCATACCT,0,1245588
ftsKp2,0.14285714285714285,6,6,CGAGGGGGGAAATAGTGCGA,0,1246466
ftsKp2,0.14285714285714285,6,6,CGACCTCTACGAGGACAGGT,0,1261126
ftsKp2,0.14285714285714285,6,6,CGACCAGGTAGACGGGAGAT,0,1241556
ftsKp2,0.14285714285714285,6,6,CGACAATGAGTAAACGGCGC,0,1262358
ftsKp2,0.14285714285714285,6,6,CGAAGAGTTTTAAGCCTATC,0,1251204
ftsKp2,0.14285714285714285,6,6,CGAACAGAGTGTATATCGTT,0,1246867
ftsKp2,0.14285714285714285,6,6,CCTTGGTGGAACGTAAGGTC,0,1261375
ftsKp2,0.14285714285714285,6,6,CCTTGAAACAGAGTTGCTCT,0,1266757
ftsKp2,0.14285714285714285,6,6,CCTGGCTTCTCCATTAAGGG,0,1248410
ftsKp2,0.14285714285714285,6,6,CCTGGATCGGTCCATGTGCA,0,1245277
ftsKp2,0.14285714285714285,6,6,CCTGAATTTCTCGCATGTCG,0,1254026
ftsKp2,0.14285714285714285,6,6,CCTCTGTCTGATGAGTGTAT,0,1259051
ftsKp2,0.14285714285714285,6,6,CCTCCCTAGATACTTGGGAT,0,1258872
ftsKp2,0.14285714285714285,6,6,CCTCCCCATATTTACGACCT,0,1243184
ftsKp2,0.14285714285714285,6,6,CCTATTGCCGGTTAGATTAT,0,1265803
ftsKp2,0.14285714285714285,6,6,CCTACTCGTAGTCAAAGCCG,0,1256307
ftsKp2,0.14285714285714285,6,6,CCTACCGATGTCCTTTGGGT,0,1244443
ftsKp2,0.14285714285714285,6,6,CCTAACTTCGTTGTCGTTCC,0,1267143
ftsKp2,0.14285714285714285,6,6,CCGTTCAGTAAGGCGAATGG,0,1266888
ftsKp2,0.14285714285714285,6,6,CCGTCGCCGGATCTTATGAC,0,1244318
ftsKp2,0.14285714285714285,6,6,CCGTAGCGCATAAGGTTGGA,0,1247124
ftsKp2,0.14285714285714285,6,6,CCGTAGACATTTTAATTGCA,0,1269389
ftsKp2,0.14285714285714285,6,6,CCGTACCAGAGACATTGAGA,0,1255509
ftsKp2,0.14285714285714285,6,6,CCGGTTCCCGCATGGTGATC,0,1251502
ftsKp2,0.14285714285714285,6,6,CCGGTACTACTGCCATACTG,0,1250871
ftsKp2,0.14285714285714285,6,6,CCGGGGGGTACGTATGAGGA,0,1248231
ftsKp2,0.14285714285714285,6,6,CCGGGCCAGGACGTCTCATG,0,1253426
ftsKp2,0.14285714285714285,6,6,CCGGGAGCCGAGCGGTGTCA,0,1261511
ftsKp2,0.14285714285714285,6,6,CCGGACGCCGTTGGCTAATT,0,1265467
ftsKp2,0.14285714285714285,6,6,CCGCGGCTGAGTTCGGTAGG,0,1253152
ftsKp2,0.14285714285714285,6,6,CCGCGAAGTTCCCGAGTCAT,0,1262305
ftsKp2,0.14285714285714285,6,6,CCGCCGTTTCGAAGTGACCT,0,1267724
ftsKp2,0.14285714285714285,6,6,CCGCAACCGGAACGAGCGTT,0,1257559
ftsKp2,0.14285714285714285,6,6,CCGAACTAAGCTGAGCGTCC,0,1245575
ftsKp2,0.14285714285714285,6,6,CCGAAAGTCCTTAATCGGGT,0,1243911
ftsKp2,0.14285714285714285,6,6,CCCTCATAATAGGCGGTAGT,0,1250747
ftsKp2,0.14285714285714285,6,6,CCCGTGTTCTAGTCCGGGAA,0,1257165
ftsKp2,0.14285714285714285,6,6,CCCGACGCTAAACGTCCAGT,0,1256226
ftsKp2,0.14285714285714285,6,6,CCCCCCGTAACTTATGGGCT,0,1261378
ftsKp2,0.14285714285714285,6,6,CCCCAAATAGGACTATAAAT,0,1263613
ftsKp2,0.14285714285714285,6,6,CCATTCGCCTGGTGACGAAA,0,1250858
ftsKp2,0.14285714285714285,6,6,CCATAGAGGCGGTTACACCC,0,1243455
ftsKp2,0.14285714285714285,6,6,CCAGAGTCCTGTAATAAAGT,0,1259048
ftsKp2,0.14285714285714285,6,6,CCAGAGGTGCAATGTGTTGT,0,1247890
ftsKp2,0.14285714285714285,6,6,CCAATCACGAAGATCGATCC,0,1268807
ftsKp2,0.14285714285714285,6,6,CCAAGTCTCTGCCGTTTGGA,0,1245854
ftsKp2,0.14285714285714285,6,6,CATGTTCTTTATAATGGATA,0,1256561
ftsKp2,0.14285714285714285,6,6,CATGCTTGGAGGGTACCAGG,0,1241405
ftsKp2,0.14285714285714285,6,6,CATGAGGATAAGTGACCAGC,0,1260673
ftsKp2,0.14285714285714285,6,6,CATCTTCAGGGTAAATTCCT,0,1253698
ftsKp2,0.14285714285714285,6,6,CATCGGAGTTGTCGAGTAGT,0,1258667
ftsKp2,0.14285714285714285,6,6,CATATCGCGCACTGCACATA,0,1248806
ftsKp2,0.14285714285714285,6,6,CATAGCTCTATGGGTCCTGT,0,1259672
ftsKp2,0.14285714285714285,6,6,CAGTTGGTTTCTTATACAGC,0,1246755
ftsKp2,0.14285714285714285,6,6,CAGTGTTGGCCAGGGAAGAT,0,1251581
ftsKp2,0.14285714285714285,6,6,CAGTACGGCTTAGACTCGAA,0,1265000
ftsKp2,0.14285714285714285,6,6,CAGGGTTAGCAGTAGTCCGG,0,1258424
ftsKp2,0.14285714285714285,6,6,CAGGGATCGGCTAAGTTGAG,0,1254241
ftsKp2,0.14285714285714285,6,6,CAGGCGGAGACTCAACGAAG,0,1263499
ftsKp2,0.14285714285714285,6,6,CAGCTTGAAGGTTGTACAAC,0,1260316
ftsKp2,0.14285714285714285,6,6,CAGCCCGGTACGACATAAGG,0,1257051
ftsKp2,0.14285714285714285,6,6,CACTCGTCCGTTTTCAGGGT,0,1255042
ftsKp2,0.14285714285714285,6,6,CACTAGAACTGCAAAAGCGC,0,1239408
ftsKp2,0.14285714285714285,6,6,CACGCCTGAGGCTTTAATTT,0,1259302
ftsKp2,0.14285714285714285,6,6,CACGATTCTGGCCCATCGGC,0,1258450
ftsKp2,0.14285714285714285,6,6,CACCTATAAGTGCACGGGTT,0,1259303
ftsKp2,0.14285714285714285,6,6,CACCATCGAATTAACAAGGA,0,1264588
ftsKp2,0.14285714285714285,6,6,CAATTTATGAACCAATTCAA,0,1256106
ftsKp2,0.14285714285714285,6,6,CAATTGCACCGCATCTGCGA,0,1240962
ftsKp2,0.14285714285714285,6,6,CAATAGAACCCTAGTCCACT,0,1248046
ftsKp2,0.14285714285714285,6,6,CAAGTTGGTCACACTGGGCT,0,1266457
ftsKp2,0.14285714285714285,6,6,CAAGTCTGACCATCTGTCAA,0,1263403
ftsKp2,0.14285714285714285,6,6,CAAGGTCGGGGCCTAAAACG,0,1247590
ftsKp2,0.14285714285714285,6,6,CAAGCGATTATGTATCAAGT,0,1245253
ftsKp2,0.14285714285714285,6,6,CAAGACAGTTGGAGTCTGAA,0,1256332
ftsKp2,0.14285714285714285,6,6,CAACGTACCCCGCCTCTGGG,0,1239431
ftsKp2,0.14285714285714285,6,6,CAACCCGACCTTGAGAACCC,0,1254287
ftsKp2,0.14285714285714285,6,6,CAAATAGGAAGGGGACTTGT,0,1251237
ftsKp2,0.14285714285714285,6,6,CAAACGACGGCCACTTTCGC,0,1253738
ftsKp2,0.14285714285714285,6,6,ATTTTGCTGGTACATATACT,0,1252669
ftsKp2,0.14285714285714285,6,6,ATTTGGTTTCGTAAGCGGAT,0,1241868
ftsKp2,0.14285714285714285,6,6,ATTTGGGTGACACGATTTGT,0,1265820
ftsKp2,0.14285714285714285,6,6,ATTTCGGTAATTCTTCATGC,0,1258739
ftsKp2,0.14285714285714285,6,6,ATTTAAAGTAACATGACTTG,0,1255449
ftsKp2,0.14285714285714285,6,6,ATTGTTTGCTGCACGAATCT,0,1243781
ftsKp2,0.14285714285714285,6,6,ATTGTTCGGATGTATCCGTA,0,1245936
ftsKp2,0.14285714285714285,6,6,ATTGGGAAATCTAAAGCATT,0,1260881
ftsKp2,0.14285714285714285,6,6,ATTGGAAGTAACCATATTAC,0,1268060
ftsKp2,0.14285714285714285,6,6,ATTCTGCGTTAGGCCGGTCT,0,1252678
ftsKp2,0.14285714285714285,6,6,ATTCCGTATGGTCCCACAAG,0,1250129
ftsKp2,0.14285714285714285,6,6,ATTCCCTTAGTAAGCGTCCA,0,1241243
ftsKp2,0.14285714285714285,6,6,ATTATTCGTTGCGCGTGATA,0,1253379
ftsKp2,0.14285714285714285,6,6,ATTAGGGGGTACCTGTCTCG,0,1255324
ftsKp2,0.14285714285714285,6,6,ATGTTCTATTGCGTCAAATT,0,1255732
ftsKp2,0.14285714285714285,6,6,ATGTGGCATGCAAGCTGACT,0,1270411
ftsKp2,0.14285714285714285,6,6,ATGTCTTTGTACCACTGGCA,0,1248984
ftsKp2,0.14285714285714285,6,6,ATGGGCGTTAGTGAACTAAA,0,1259499
ftsKp2,0.14285714285714285,6,6,ATGGCCGTTTTTGCTCTATC,0,1249127
ftsKp2,0.14285714285714285,6,6,ATGATAGGGATTATCTAGAC,0,1247391
ftsKp2,0.14285714285714285,6,6,ATGACTAGATGATACTCCCC,0,1267835
ftsKp2,0.14285714285714285,6,6,ATGACCGAGCGCCTTAGCTC,0,1245908
ftsKp2,0.14285714285714285,6,6,ATGAACAAGCGTGAGAAAAA,0,1247231
ftsKp2,0.14285714285714285,6,6,ATCTTCCCTGCTACACCAGG,0,1242533
ftsKp2,0.14285714285714285,6,6,ATCTAGGTAGATGAAGCGCA,0,1256684
ftsKp2,0.14285714285714285,6,6,ATCGGAGGTGGGATCGCACA,0,1270669
ftsKp2,0.14285714285714285,6,6,ATCCACTGGGTATGCTAGCC,0,1260385
ftsKp2,0.14285714285714285,6,6,ATCATTTCCTATGACCACTG,0,1254336
ftsKp2,0.14285714285714285,6,6,ATCATACGAGCATCCTGCAT,0,1267390
ftsKp2,0.14285714285714285,6,6,ATCACTGTAGGCGGTGAAGA,0,1256335
ftsKp2,0.14285714285714285,6,6,ATCAAGTCTGCCAGGAACTC,0,1259397
ftsKp2,0.14285714285714285,6,6,ATCAAATCTACCTGATATCC,0,1255908
ftsKp2,0.14285714285714285,6,6,ATATTAGCGTTCCTCGGCCA,0,1254801
ftsKp2,0.14285714285714285,6,6,ATATATAAGACGGCCACCCT,0,1261723
ftsKp2,0.14285714285714285,6,6,ATATACCAGTTGTGACCGAT,0,1263085
ftsKp2,0.14285714285714285,6,6,ATATACACAATAGCTACATA,0,1262313
ftsKp2,0.14285714285714285,6,6,ATAGGCAATGGAAACAAATG,0,1243235
ftsKp2,0.14285714285714285,6,6,ATAGACACATTTCGCAAACC,0,1257902
ftsKp2,0.14285714285714285,6,6,ATACGTATGGTCCGAGCTAG,0,1256327
ftsKp2,0.14285714285714285,6,6,ATACCTCTGTACATTCGCCT,0,1265884
ftsKp2,0.14285714285714285,6,6,ATACATGCGATTCATAAGGT,0,1241140
ftsKp2,0.14285714285714285,6,6,ATACAATCCAATATGTTCAA,0,1255232
ftsKp2,0.14285714285714285,6,6,ATACAAATCAGAGGCCGTCG,0,1241112
ftsKp2,0.14285714285714285,6,6,ATAATTGCTACAACAGAGAG,0,1256253
ftsKp2,0.14285714285714285,6,6,ATAATGGCTATCCAGAAGGG,0,1252632
ftsKp2,0.14285714285714285,6,6,ATAATCCAAAGCAAGGGTCA,0,1244242
ftsKp2,0.14285714285714285,6,6,ATAAGTCTCGGCTGGGCCAA,0,1263169
ftsKp2,0.14285714285714285,6,6,ATAAGGCTGTCCGCTAGGCA,0,1260743
ftsKp2,0.14285714285714285,6,6,ATAACACCGAAAGTGGAGAC,0,1266614
ftsKp2,0.14285714285714285,6,6,ATAAAGTAGCTGGCGTCACT,0,1270488
ftsKp2,0.14285714285714285,6,6,ATAAAAGTTATCAGGCGAGG,0,1250777
ftsKp2,0.14285714285714285,6,6,ATAAAAAGTTTCTGAGTTTC,0,1239529
ftsKp2,0.14285714285714285,6,6,AGTTTTGAACACGAATTCTT,0,1263892
ftsKp2,0.14285714285714285,6,6,AGTTCACGGGTCTTGTCTAT,0,1250356
ftsKp2,0.14285714285714285,6,6,AGTTAGGCGTGGGCTTTAAT,0,1247306
ftsKp2,0.14285714285714285,6,6,AGTGTACACTAAACTGCAGG,0,1260704
ftsKp2,0.14285714285714285,6,6,AGTGGACATCATCCAATCCT,0,1261021
ftsKp2,0.14285714285714285,6,6,AGTGCATGGCCAAATTCAGG,0,1263985
ftsKp2,0.14285714285714285,6,6,AGTGATTGGAGCTGACTAAC,0,1248408
ftsKp2,0.14285714285714285,6,6,AGTGACCTCCGGTACCGGTA,0,1240856
ftsKp2,0.14285714285714285,6,6,AGTCTCATGCCCGCGCGGGG,0,1256691
ftsKp2,0.14285714285714285,6,6,AGTCGTAACCCGCGAAGTTA,0,1269456
ftsKp2,0.14285714285714285,6,6,AGGTCCGCTAAGGGCCGTGG,0,1242177
ftsKp2,0.14285714285714285,6,6,AGGGTTGACAGCTTCATGCT,0,1264023
ftsKp2,0.14285714285714285,6,6,AGGGTCGGGTCATGTCACAG,0,1247342
ftsKp2,0.14285714285714285,6,6,AGGGCAATGCCAAGTTTAAG,0,1256229
ftsKp2,0.14285714285714285,6,6,AGGGATATACTGCCGCTGTT,0,1267575
ftsKp2,0.14285714285714285,6,6,AGGGAGGACACCAGACAATT,0,1245924
ftsKp2,0.14285714285714285,6,6,AGGGACCCTTGTATAGATCC,0,1254453
ftsKp2,0.14285714285714285,6,6,AGGGAAGATCTTCTCTCGTA,0,1269057
ftsKp2,0.14285714285714285,6,6,AGGCCGGACTGGGGATTCCA,0,1250667
ftsKp2,0.14285714285714285,6,6,AGGAGTCGTTACCGTCCAAT,0,1269635
ftsKp2,0.14285714285714285,6,6,AGCTTCTGTAAGTCTCCGAC,0,1256830
ftsKp2,0.14285714285714285,6,6,AGCTATTCGGGTGGTCACAA,0,1244274
ftsKp2,0.14285714285714285,6,6,AGCGTTGTCTGGTAAGCATG,0,1266704
ftsKp2,0.14285714285714285,6,6,AGCGGGTGGCGGTGTCGGCC,0,1245361
ftsKp2,0.14285714285714285,6,6,AGCCTAGGATGTCACCCAGG,0,1255295
ftsKp2,0.14285714285714285,6,6,AGCCGGTGCTACCCTGATCA,0,1241851
ftsKp2,0.14285714285714285,6,6,AGCCATCCGCAGTATAATGG,0,1240225
ftsKp2,0.14285714285714285,6,6,AGCAGTGAGTTTGTTTACGG,0,1242820
ftsKp2,0.14285714285714285,6,6,AGATTAGGACTCTGCCTGCA,0,1241947
ftsKp2,0.14285714285714285,6,6,AGATGCCGTTGCTAGTTGTC,0,1248589
ftsKp2,0.14285714285714285,6,6,AGATCCCACGACACAACTCT,0,1252115
ftsKp2,0.14285714285714285,6,6,AGAGGTATTAAGCGATATAG,0,1247813
ftsKp2,0.14285714285714285,6,6,AGAACTTATTCTTGACCGTA,0,1270211
ftsKp2,0.14285714285714285,6,6,AGAAATGGGATCATTACAAA,0,1247184
ftsKp2,0.14285714285714285,6,6,AGAAACGTTTATGTGAGCAG,0,1249615
ftsKp2,0.14285714285714285,6,6,ACTTCAAGCGGACGCACTAT,0,1251919
ftsKp2,0.14285714285714285,6,6,ACTTAGGGGCTGAAACACTG,0,1253445
ftsKp2,0.14285714285714285,6,6,ACTGTGGATGCTTCCGCCCA,0,1257141
ftsKp2,0.14285714285714285,6,6,ACTGTCCGTTTCGCGATGGC,0,1246465
ftsKp2,0.14285714285714285,6,6,ACTGTCCATACCCTGAGTTA,0,1269267
ftsKp2,0.14285714285714285,6,6,ACTGGCACATCTACCAAGTG,0,1263060
ftsKp2,0.14285714285714285,6,6,ACTGCCCACACGATTATAGA,0,1265800
ftsKp2,0.14285714285714285,6,6,ACTGATACGTCCGCCACTGT,0,1245146
ftsKp2,0.14285714285714285,6,6,ACTGATAAGGATACAGTCAC,0,1254692
ftsKp2,0.14285714285714285,6,6,ACTCCACTAACTGACGCCGG,0,1258778
ftsKp2,0.14285714285714285,6,6,ACTCATACCGGTTAATCAGA,0,1265429
ftsKp2,0.14285714285714285,6,6,ACTACGATTCTCCGAATGTT,0,1247281
ftsKp2,0.14285714285714285,6,6,ACTACAAGTAACAATGCATT,0,1253527
ftsKp2,0.14285714285714285,6,6,ACTAACGTCTCCCGGGGCGT,0,1251950
ftsKp2,0.14285714285714285,6,6,ACGTGTAGGCTAGAGCCCGC,0,1240973
ftsKp2,0.14285714285714285,6,6,ACGGTTTACTATTACCATGG,0,1255043
ftsKp2,0.14285714285714285,6,6,ACGGTAAAGAGCAGTCGTCC,0,1240746
ftsKp2,0.14285714285714285,6,6,ACGGGGCGAAATGTGCCCTC,0,1270950
ftsKp2,0.14285714285714285,6,6,ACGGCCTTCACTATTCGCCG,0,1247400
ftsKp2,0.14285714285714285,6,6,ACGGCCAGCCTTTGCTGGGT,0,1245788
ftsKp2,0.14285714285714285,6,6,ACGGCAGGATGCGACCGATC,0,1260218
ftsKp2,0.14285714285714285,6,6,ACGCGGTAGTCAGGGAGCGT,0,1267115
ftsKp2,0.14285714285714285,6,6,ACGATGAGACGTCGTTCACG,0,1247925
ftsKp2,0.14285714285714285,6,6,ACCTTGGAATTTATAGCGTT,0,1265514
ftsKp2,0.14285714285714285,6,6,ACCTTACTCAGAACCCGGCA,0,1249899
ftsKp2,0.14285714285714285,6,6,ACCGTTTCGGAACAACCCGC,0,1242988
ftsKp2,0.14285714285714285,6,6,ACCGTTATATGCAAGCGGTC,0,1260993
ftsKp2,0.14285714285714285,6,6,ACCGGAGAGTGCTTCAGGCA,0,1254044
ftsKp2,0.14285714285714285,6,6,ACCGCGTCACTTTTAAAATA,0,1250589
ftsKp2,0.14285714285714285,6,6,ACCCTGCGTTCTTGTCTGTC,0,1257643
ftsKp2,0.14285714285714285,6,6,ACCCTACTAAGACGGAACCG,0,1266297
ftsKp2,0.14285714285714285,6,6,ACCACGAACGCAAAAGCGTT,0,1251607
ftsKp2,0.14285714285714285,6,6,ACATTGCAGCGACTCTGCTC,0,1256219
ftsKp2,0.14285714285714285,6,6,ACATGTACGCATATGCAATG,0,1254809
ftsKp2,0.14285714285714285,6,6,ACATGACATGTAGCATATCG,0,1251793
ftsKp2,0.14285714285714285,6,6,ACAGTGGAGTGCGCCCTTTC,0,1267088
ftsKp2,0.14285714285714285,6,6,ACAGGGTTATCTAGCCTCGG,0,1240850
ftsKp2,0.14285714285714285,6,6,ACAGAGAGGCGCCAGTAATA,0,1253668
ftsKp2,0.14285714285714285,6,6,ACACTACGCTCTGTAGACAC,0,1261648
ftsKp2,0.14285714285714285,6,6,ACACCGGCGTACCTCAAATT,0,1249400
ftsKp2,0.14285714285714285,6,6,ACAAGTGGCTCGACATTCCA,0,1256703
ftsKp2,0.14285714285714285,6,6,ACAAGCCGGCATATCGAATA,0,1270253
ftsKp2,0.14285714285714285,6,6,AATTGAAAAAAGAATTGCCC,0,1255774
ftsKp2,0.14285714285714285,6,6,AATCTCCCGCGATGCACTGA,0,1249864
ftsKp2,0.14285714285714285,6,6,AATCGCCTAAGTATGCACCT,0,1245993
ftsKp2,0.14285714285714285,6,6,AATCACATCTGTCGTCAGTA,0,1252963
ftsKp2,0.14285714285714285,6,6,AATCAAAATAGAGTTCCAAT,0,1247425
ftsKp2,0.14285714285714285,6,6,AATAGTAAAAGTCGATTATG,0,1250214
ftsKp2,0.14285714285714285,6,6,AAGCTGGAGATGAGCAGAAC,0,1259212
ftsKp2,0.14285714285714285,6,6,AAGCGCTAAGAGGTTGTTAT,0,1250366
ftsKp2,0.14285714285714285,6,6,AAGATATCCCCCGGCGAGGG,0,1265454
ftsKp2,0.14285714285714285,6,6,AAGATACCCCACTTTACTAA,0,1259100
ftsKp2,0.14285714285714285,6,6,AAGATACACGTGGGACGTGG,0,1245562
ftsKp2,0.14285714285714285,6,6,AAGAGGGCATAAAAGCGGCT,0,1241831
ftsKp2,0.14285714285714285,6,6,AAGAGCTCTCCAATTGATTT,0,1264279
ftsKp2,0.14285714285714285,6,6,AAGAAGACTGAGCGGCCCCG,0,1240198
ftsKp2,0.14285714285714285,6,6,AAGAACTTTTCGCTCGGTTC,0,1257403
ftsKp2,0.14285714285714285,6,6,AACTTACTTGGACCAATCGT,0,1249778
ftsKp2,0.14285714285714285,6,6,AACGAAGAGTGTCCCGCCCG,0,1255960
ftsKp2,0.14285714285714285,6,6,AACCTGTCGGAGTATTTCTT,0,1256923
ftsKp2,0.14285714285714285,6,6,AACCCGTGAAGTCTCGGGTC,0,1243292
ftsKp2,0.14285714285714285,6,6,AACAGGCGTACGTGGCTGCT,0,1241389
ftsKp2,0.14285714285714285,6,6,AAATGTTAGTTAGTACAAGG,0,1264728
ftsKp2,0.14285714285714285,6,6,AAATGCGCTCCAATTCCGAT,0,1245208
ftsKp2,0.14285714285714285,6,6,AAAGGCTTTCGCCATGTAAC,0,1255184
ftsKp2,0.14285714285714285,6,6,AAACTCTTAAAGAGGGGGAG,0,1240224
ftsKp2,0.14285714285714285,6,6,AAACAATTCGCCCTGGTTAT,0,1260062
ftsKp2,0.14285714285714285,6,6,AAAAAACGTTTATCAAGATC,0,1258860
ftsKp2,0.16666666666666666,5,5,TTTTGGGTCTGCTGCGATTC,0,1266231
ftsKp2,0.16666666666666666,5,5,TTTTCTGGCTGGATTGTGCC,0,1269576
ftsKp2,0.16666666666666666,5,5,TTTGTTGACTACAGTCGCAT,0,1264639
ftsKp2,0.16666666666666666,5,5,TTTGTATGGGTATATGTCAA,0,1265353
ftsKp2,0.16666666666666666,5,5,TTTGGTTTATGAATAAGCTT,0,1254179
ftsKp2,0.16666666666666666,5,5,TTTGCGTGTTCGAGACTATA,0,1256581
ftsKp2,0.16666666666666666,5,5,TTTGCCTGGTAGACATGGCT,0,1269840
ftsKp2,0.16666666666666666,5,5,TTTACTGTCTTAAATTCCAT,0,1255786
ftsKp2,0.16666666666666666,5,5,TTTACTGGATGGCAGAGCCT,0,1242667
ftsKp2,0.16666666666666666,5,5,TTTACAACGTTGCAGACGGC,0,1259373
ftsKp2,0.16666666666666666,5,5,TTTAAGTTTGCGTGCAGGAC,0,1256624
ftsKp2,0.16666666666666666,5,5,TTGTTTAGCTATTTGGTTAA,0,1252916
ftsKp2,0.16666666666666666,5,5,TTGTGTCACATTCACTACGA,0,1243526
ftsKp2,0.16666666666666666,5,5,TTGTCATGCAGCGACGCCGG,0,1255630
ftsKp2,0.16666666666666666,5,5,TTGGTTTAGAGGGTGATTCT,0,1265630
ftsKp2,0.16666666666666666,5,5,TTGGGTATATCAGTGCGCCC,0,1245254
ftsKp2,0.16666666666666666,5,5,TTGGCACAAGGTGGCACAGG,0,1268139
ftsKp2,0.16666666666666666,5,5,TTGCGTTGTGGGCGTGTCAT,0,1267255
ftsKp2,0.16666666666666666,5,5,TTGCGTCGGCCGAACCCGGG,0,1250073
ftsKp2,0.16666666666666666,5,5,TTGCCTGAGGTAAGATCCTT,0,1255613
ftsKp2,0.16666666666666666,5,5,TTCTGCTAGACTTAGGCGCC,0,1256694
ftsKp2,0.16666666666666666,5,5,TTCTGATTAACCAAAAGTGT,0,1252797
ftsKp2,0.16666666666666666,5,5,TTCTCGTTAGGCGGTTAGGA,0,1239988
ftsKp2,0.16666666666666666,5,5,TTCTCATCGCATGATGGACG,0,1245726
ftsKp2,0.16666666666666666,5,5,TTCTAACAAGCCATGGACCT,0,1245813
ftsKp2,0.16666666666666666,5,5,TTCGAATATTGGACCCGCGT,0,1268360
ftsKp2,0.16666666666666666,5,5,TTCCTTTAGTTGTCCGATGT,0,1260738
ftsKp2,0.16666666666666666,5,5,TTCCTGTCTACGTCCACGTT,0,1255912
ftsKp2,0.16666666666666666,5,5,TTCCGTCGGCTTCTCCCGAA,0,1267741
ftsKp2,0.16666666666666666,5,5,TTCCATGTTTACTGCAATAC,0,1256001
ftsKp2,0.16666666666666666,5,5,TTCATTCTGAAGTTACCCCC,0,1269140
ftsKp2,0.16666666666666666,5,5,TTCATCGCAGCAACATGTTC,0,1269748
ftsKp2,0.16666666666666666,5,5,TTCATAGTGCACAATGATAT,0,1247495
ftsKp2,0.16666666666666666,5,5,TTCAATGTTTCGAAGCGTTC,0,1251967
ftsKp2,0.16666666666666666,5,5,TTATTTTCGCATACTTATAG,0,1252118
ftsKp2,0.16666666666666666,5,5,TTATGCTGCGAGCACGCAAA,0,1266473
ftsKp2,0.16666666666666666,5,5,TTATAAGGTTAGCAGCGACA,0,1264648
ftsKp2,0.16666666666666666,5,5,TTAGCCCACATACGCGTCTC,0,1252561
ftsKp2,0.16666666666666666,5,5,TTAGACTAACACTAGCACTT,0,1246866
ftsKp2,0.16666666666666666,5,5,TTACCTGTTCTTATGGAAGA,0,1257903
ftsKp2,0.16666666666666666,5,5,TTACACGCTAATGGATGCGT,0,1252616
ftsKp2,0.16666666666666666,5,5,TTAATTATTAGGTCTACACG,0,1253363
ftsKp2,0.16666666666666666,5,5,TTAATTAACGGACGTAGCCT,0,1267871
ftsKp2,0.16666666666666666,5,5,TTAAGAACTGTAAGGTAAAT,0,1249725
ftsKp2,0.16666666666666666,5,5,TTAAATTGGTGATATCACTG,0,1254976
ftsKp2,0.16666666666666666,5,5,TGTTTTGATCCATCCGGGTG,0,1253488
ftsKp2,0.16666666666666666,5,5,TGTTTGTCGTACAGTCCAAT,0,1243844
ftsKp2,0.16666666666666666,5,5,TGTGTGCTTTGATATCGCGC,0,1252347
ftsKp2,0.16666666666666666,5,5,TGTGGTGGCACCCCCCTGGC,0,1250869
ftsKp2,0.16666666666666666,5,5,TGTGGTACTCGCTCGTAACG,0,1251164
ftsKp2,0.16666666666666666,5,5,TGTGGAGGAGCAGGACGAAC,0,1264433
ftsKp2,0.16666666666666666,5,5,TGTGCTTTCCATTTTCTAAA,0,1270173
ftsKp2,0.16666666666666666,5,5,TGTCCCCTTGGCGGTGCACT,0,1261388
ftsKp2,0.16666666666666666,5,5,TGTATTTACTCCCTCACCAG,0,1243501
ftsKp2,0.16666666666666666,5,5,TGTAGGAGCTTTCGTGATAG,0,1261656
ftsKp2,0.16666666666666666,5,5,TGTAGCGAGTCTAAAATCAA,0,1269157
ftsKp2,0.16666666666666666,5,5,TGTAATTTTATCATGATTGC,0,1244601
ftsKp2,0.16666666666666666,5,5,TGGTCTCGCGGACTATAGAT,0,1242957
ftsKp2,0.16666666666666666,5,5,TGGTCGCGCCAGATTTGCAT,0,1248605
ftsKp2,0.16666666666666666,5,5,TGGTATGACTTGTCTAACAA,0,1269337
ftsKp2,0.16666666666666666,5,5,TGGGTTTTCTATTTTAGGAG,0,1240061
ftsKp2,0.16666666666666666,5,5,TGGGTTCATGCAAAAATGTT,0,1259807
ftsKp2,0.16666666666666666,5,5,TGGGCTCCGCCCTGATAATG,0,1246802
ftsKp2,0.16666666666666666,5,5,TGGGCACCTCGACTAAAGTC,0,1245991
ftsKp2,0.16666666666666666,5,5,TGGCGGGTCTCGCCGTGCAG,0,1261536
ftsKp2,0.16666666666666666,5,5,TGGATAGTAGGCTGGTTTGC,0,1258227
ftsKp2,0.16666666666666666,5,5,TGGACGGACCATTTACACCA,0,1253747
ftsKp2,0.16666666666666666,5,5,TGCTCACAACACCTGACTAC,0,1240065
ftsKp2,0.16666666666666666,5,5,TGCGGTCATTGGTTCACCAA,0,1243434
ftsKp2,0.16666666666666666,5,5,TGCGCACAGCCCATGTTTGA,0,1259846
ftsKp2,0.16666666666666666,5,5,TGCGATCGTTTGTCCGTGAA,0,1255968
ftsKp2,0.16666666666666666,5,5,TGCGAACGTGCTCGAAGTTG,0,1260276
ftsKp2,0.16666666666666666,5,5,TGCCTGTGGTATTACTCTCT,0,1261587
ftsKp2,0.16666666666666666,5,5,TGCCCAGGACTGCGCCGATC,0,1256049
ftsKp2,0.16666666666666666,5,5,TGATTCATTCTCATACCAAT,0,1253452
ftsKp2,0.16666666666666666,5,5,TGATCAGTACCGAGGATAGC,0,1247218
ftsKp2,0.16666666666666666,5,5,TGATATACGTCCCTCGGTTA,0,1248455
ftsKp2,0.16666666666666666,5,5,TGATAAGATCAGGTGGCACA,0,1261384
ftsKp2,0.16666666666666666,5,5,TGAGGTCTAGCCACGTGGCA,0,1245019
ftsKp2,0.16666666666666666,5,5,TGAGCCCTTATGTGAGTTAA,0,1266807
ftsKp2,0.16666666666666666,5,5,TGAGAAAGAGTGGGGGAGAC,0,1240350
ftsKp2,0.16666666666666666,5,5,TGACTTGTTTCGTAAGCGCA,0,1251732
ftsKp2,0.16666666666666666,5,5,TGACTTGGTGCGAAGTGCAT,0,1243340
ftsKp2,0.16666666666666666,5,5,TGAATTCCCCATGAGATCAG,0,1246841
ftsKp2,0.16666666666666666,5,5,TGAATTAAATCTCACCCGTC,0,1244942
ftsKp2,0.16666666666666666,5,5,TGAAATGAAACATTTACGTC,0,1265597
ftsKp2,0.16666666666666666,5,5,TCTTTGAGCCCGATTGACGC,0,1270823
ftsKp2,0.16666666666666666,5,5,TCTTGTTCGACTCATCGTGC,0,1266623
ftsKp2,0.16666666666666666,5,5,TCTTCGTGTTAAGCAATCAT,0,1249327
ftsKp2,0.16666666666666666,5,5,TCTTCGGCAGACTAAATGAA,0,1255617
ftsKp2,0.16666666666666666,5,5,TCTTATACGTTACGGGGAAC,0,1240162
ftsKp2,0.16666666666666666,5,5,TCTTAGTAGGGAAGAAAGCT,0,1265482
ftsKp2,0.16666666666666666,5,5,TCTGGTTTGGAACGTTCAGC,0,1244521
ftsKp2,0.16666666666666666,5,5,TCTGCCTTATCTCGAGGCGG,0,1250875
ftsKp2,0.16666666666666666,5,5,TCTGCCTTAGTCGTCAACAG,0,1265879
ftsKp2,0.16666666666666666,5,5,TCTCTTGAGCGATCCTCCGT,0,1251940
ftsKp2,0.16666666666666666,5,5,TCTATGTAAGTGGACCATAG,0,1243898
ftsKp2,0.16666666666666666,5,5,TCGTTATTATAACATTACAC,0,1251014
ftsKp2,0.16666666666666666,5,5,TCGTCTTGCGCTACGCCGTC,0,1247175
ftsKp2,0.16666666666666666,5,5,TCGGGGCAGGGTCGTCCAGG,0,1267752
ftsKp2,0.16666666666666666,5,5,TCGGCTATCACTAAAAAATC,0,1248288
ftsKp2,0.16666666666666666,5,5,TCGGAGGTCTCGCGTGCAAT,0,1266659
ftsKp2,0.16666666666666666,5,5,TCGGAAAATCGAGTATGTGT,0,1254876
ftsKp2,0.16666666666666666,5,5,TCGCTGGATAACACAACTGC,0,1261271
ftsKp2,0.16666666666666666,5,5,TCGCTGACAATTGCTTCGAT,0,1264732
ftsKp2,0.16666666666666666,5,5,TCGATTCCAAATGTTAATAT,0,1253122
ftsKp2,0.16666666666666666,5,5,TCGACGTACCGCGGGTGTAA,0,1253120
ftsKp2,0.16666666666666666,5,5,TCGAATTACGGCCCGCTATA,0,1264378
ftsKp2,0.16666666666666666,5,5,TCCTTAGATCTTATGGTCGG,0,1252825
ftsKp2,0.16666666666666666,5,5,TCCTCTTTGCAGCTACTCCA,0,1264729
ftsKp2,0.16666666666666666,5,5,TCCTAGGACGGTTGTATATT,0,1265675
ftsKp2,0.16666666666666666,5,5,TCCTAGCTCAGCGTTTTAGA,0,1252826
ftsKp2,0.16666666666666666,5,5,TCCGATAGACTAGGCAAAAG,0,1256498
ftsKp2,0.16666666666666666,5,5,TCCGAGAACACTCCATCGCT,0,1248583
ftsKp2,0.16666666666666666,5,5,TCCGACGTGCTTCCCACCGT,0,1264926
ftsKp2,0.16666666666666666,5,5,TCCCTCGCCGAATCAGAGTT,0,1243742
ftsKp2,0.16666666666666666,5,5,TCCCGGCTTGGGCCGCACAC,0,1244339
ftsKp2,0.16666666666666666,5,5,TCCATGTAAGGGCCAGATTA,0,1249687
ftsKp2,0.16666666666666666,5,5,TCCAAATGGGTGGCCGGTAT,0,1249367
ftsKp2,0.16666666666666666,5,5,TCCAAAACCTCACGTCTAGA,0,1261666
ftsKp2,0.16666666666666666,5,5,TCATTAAGTTCCATTTCTTG,0,1249383
ftsKp2,0.16666666666666666,5,5,TCATGGGACATTGTTATATT,0,1240702
ftsKp2,0.16666666666666666,5,5,TCATGGCGTAATTTGGCCGT,0,1264051
ftsKp2,0.16666666666666666,5,5,TCAGTCGGAGTATAGGAGTA,0,1265465
ftsKp2,0.16666666666666666,5,5,TCAGGCAGATTGGGACCCTT,0,1248610
ftsKp2,0.16666666666666666,5,5,TCACCGGTTCAAATAGGATA,0,1242069
ftsKp2,0.16666666666666666,5,5,TCAATGTTATCACGCTTCTT,0,1257950
ftsKp2,0.16666666666666666,5,5,TCAATGGGCACGAAGCCTCG,0,1255848
ftsKp2,0.16666666666666666,5,5,TCAAGAGACAGTTCAGCACA,0,1240139
ftsKp2,0.16666666666666666,5,5,TATTTGGGATTCTTCTGTCC,0,1260772
ftsKp2,0.16666666666666666,5,5,TATTGATTTCTGTAGTCAAT,0,1246068
ftsKp2,0.16666666666666666,5,5,TATTCCCCCAGCCTAAGCGG,0,1266836
ftsKp2,0.16666666666666666,5,5,TATGCCGTTAAGTGTTAAAT,0,1240735
ftsKp2,0.16666666666666666,5,5,TATCTGCTGCATGGCCCTAA,0,1257149
ftsKp2,0.16666666666666666,5,5,TATCTAAACGTTGCGTATGC,0,1256529
ftsKp2,0.16666666666666666,5,5,TATCGTTCTACGAGATCTAA,0,1245921
ftsKp2,0.16666666666666666,5,5,TATCGTGTGTTGTATCGTGC,0,1246481
ftsKp2,0.16666666666666666,5,5,TATCGTCGTTGGTACTTGGG,0,1256780
ftsKp2,0.16666666666666666,5,5,TATCATTGCCAATAAGACTT,0,1268265
ftsKp2,0.16666666666666666,5,5,TATATCCAACCACGCGTGCA,0,1265088
ftsKp2,0.16666666666666666,5,5,TATAGGGAGCTGATGTATCT,0,1255619
ftsKp2,0.16666666666666666,5,5,TATAGGCGGAGTAACACAGT,0,1255456
ftsKp2,0.16666666666666666,5,5,TATAGAAGGCTGGTAGTACT,0,1254597
ftsKp2,0.16666666666666666,5,5,TAGGGCTATGACTCTCGCTT,0,1252660
ftsKp2,0.16666666666666666,5,5,TAGGATCAGGTATCGGGCGT,0,1253319
ftsKp2,0.16666666666666666,5,5,TAGCTATTGCTCTGTCTATT,0,1258071
ftsKp2,0.16666666666666666,5,5,TAGCTACATTCTACAACAAT,0,1244125
ftsKp2,0.16666666666666666,5,5,TAGATTAGACTAGATAGATG,0,1247797
ftsKp2,0.16666666666666666,5,5,TACTGTGCTTCATACTTGCG,0,1270516
ftsKp2,0.16666666666666666,5,5,TACTGACTTGTACGGTTCAC,0,1257342
ftsKp2,0.16666666666666666,5,5,TACGTCGCCAGCACGACGGG,0,1258402
ftsKp2,0.16666666666666666,5,5,TACCCGAAGATGCCGGAGAT,0,1239709
ftsKp2,0.16666666666666666,5,5,TACCAGTGGAGAACCCGAGA,0,1254312
ftsKp2,0.16666666666666666,5,5,TACCAGGAAACCGCTCGTAG,0,1263250
ftsKp2,0.16666666666666666,5,5,TACCACTAGGCCCTAGGGGG,0,1269600
ftsKp2,0.16666666666666666,5,5,TACCAATCAAACAACGTGTC,0,1255227
ftsKp2,0.16666666666666666,5,5,TACCAACGCCCAGGCAGCGA,0,1256123
ftsKp2,0.16666666666666666,5,5,TACATAATGACACATATACT,0,1254534
ftsKp2,0.16666666666666666,5,5,TACAATTAAGCTCAGTCCTT,0,1258958
ftsKp2,0.16666666666666666,5,5,TAATTTAACATATTCTGAGT,0,1251620
ftsKp2,0.16666666666666666,5,5,TAATGGATGCCCTCGCCTAA,0,1259735
ftsKp2,0.16666666666666666,5,5,TAATGAATACTCCGCGCCAT,0,1244151
ftsKp2,0.16666666666666666,5,5,TAATCCCTGACGTTAGCCTG,0,1270529
ftsKp2,0.16666666666666666,5,5,TAAGTCCTATAAATCGACTG,0,1267391
ftsKp2,0.16666666666666666,5,5,TAAGGTACGCCCGCAGCTCT,0,1269306
ftsKp2,0.16666666666666666,5,5,TAAGGCGGACCTTGGACTCG,0,1252873
ftsKp2,0.16666666666666666,5,5,TAAGGCCAGCTGACAACGTC,0,1267443
ftsKp2,0.16666666666666666,5,5,TAAGCTCCTAAAAAATGCCC,0,1269845
ftsKp2,0.16666666666666666,5,5,TAACTTCTGGAAATGTAATG,0,1265806
ftsKp2,0.16666666666666666,5,5,TAACTGGCAACTTGATGTCA,0,1261319
ftsKp2,0.16666666666666666,5,5,TAACGGATAAGCCGGACTGA,0,1248916
ftsKp2,0.16666666666666666,5,5,TAACAAATAATAGCAAACCT,0,1244268
ftsKp2,0.16666666666666666,5,5,TAAACCTGCGGGGTTGCGTG,0,1268437
ftsKp2,0.16666666666666666,5,5,TAAAATGAGTTAGGAACCTT,0,1269351
ftsKp2,0.16666666666666666,5,5,TAAAAGGATCCGCCTACGGA,0,1246681
ftsKp2,0.16666666666666666,5,5,TAAAAAACAGATGAACGGCA,0,1259759
ftsKp2,0.16666666666666666,5,5,GTTTCTTGTGGGGCTTCTGA,0,1247725
ftsKp2,0.16666666666666666,5,5,GTTGGAAGTTAATTTCGACT,0,1253882
ftsKp2,0.16666666666666666,5,5,GTTGCTGGGGGGGGTTAGGT,0,1261689
ftsKp2,0.16666666666666666,5,5,GTTGAAGGGGACAACAATAG,0,1246525
ftsKp2,0.16666666666666666,5,5,GTTCTGTTTCTCTTTACCTG,0,1262341
ftsKp2,0.16666666666666666,5,5,GTTCGTCGTGAGTTGCAGAT,0,1244604
ftsKp2,0.16666666666666666,5,5,GTTCATTAGCACGGCAATGG,0,1258762
ftsKp2,0.16666666666666666,5,5,GTTAACTAACGAGCGTACTT,0,1242110
ftsKp2,0.16666666666666666,5,5,GTTAAATCAGTGTACCGGTA,0,1265942
ftsKp2,0.16666666666666666,5,5,GTGTGGTCCCGCGTTCGTAA,0,1251103
ftsKp2,0.16666666666666666,5,5,GTGGTTTATTAGGGGCCAGG,0,1249093
ftsKp2,0.16666666666666666,5,5,GTGGCGATAAGTACGGGATC,0,1263800
ftsKp2,0.16666666666666666,5,5,GTGGACACGGTCCTAACGAT,0,1262572
ftsKp2,0.16666666666666666,5,5,GTGCCGATTAGTCCAGTTCA,0,1268415
ftsKp2,0.16666666666666666,5,5,GTGCCCCAAGGTGGGATTAA,0,1264166
ftsKp2,0.16666666666666666,5,5,GTGAATCGCACTGTGGATAG,0,1242356
ftsKp2,0.16666666666666666,5,5,GTCTTCAAGCCGCCTATGAT,0,1243311
ftsKp2,0.16666666666666666,5,5,GTCTTACCCTGGTGAAAAAA,0,1244825
ftsKp2,0.16666666666666666,5,5,GTCTAATGGGCCGTCAGTAT,0,1243941
ftsKp2,0.16666666666666666,5,5,GTCGTCCAGTGTCGTTTCTT,0,1254507
ftsKp2,0.16666666666666666,5,5,GTCGAGGTAGCAAACCTCTG,0,1248013
ftsKp2,0.16666666666666666,5,5,GTCCGGGATTACTCAGGTAT,0,1269899
ftsKp2,0.16666666666666666,5,5,GTCCGAGCTAACCCCCTGGC,0,1249408
ftsKp2,0.16666666666666666,5,5,GTCCACGCACGGAATGAGCG,0,1265431
ftsKp2,0.16666666666666666,5,5,GTCCAAAATATATTGGCACA,0,1242188
ftsKp2,0.16666666666666666,5,5,GTCAGACCGTGTATTGATCG,0,1264695
ftsKp2,0.16666666666666666,5,5,GTCACGACCCGTTGGATACA,0,1267444
ftsKp2,0.16666666666666666,5,5,GTATTTAATGGTTGCATTTG,0,1265749
ftsKp2,0.16666666666666666,5,5,GTATGGGACGTATATTGGTT,0,1248911
ftsKp2,0.16666666666666666,5,5,GTATAATACTTCAATAAATC,0,1269451
ftsKp2,0.16666666666666666,5,5,GTAGTTCCGAAACGATTAAG,0,1267999
ftsKp2,0.16666666666666666,5,5,GTAGTGTTTACAGGTGGTCG,0,1268579
ftsKp2,0.16666666666666666,5,5,GTAGCTGAATGCACTAGTAG,0,1259106
ftsKp2,0.16666666666666666,5,5,GTAGCTCAGTTGCGGTATAT,0,1264730
ftsKp2,0.16666666666666666,5,5,GTAGAGTCTAAGATCTGTAG,0,1266090
ftsKp2,0.16666666666666666,5,5,GTAGAAGTACGGCGAAGATG,0,1267630
ftsKp2,0.16666666666666666,5,5,GTACGATGTTGTTAGTCAAC,0,1249358
ftsKp2,0.16666666666666666,5,5,GTAATTCTGGCGTGTCAATG,0,1249761
ftsKp2,0.16666666666666666,5,5,GTAACGCACCCTACACAACA,0,1262005
ftsKp2,0.16666666666666666,5,5,GTAAATGCGGATGTATTTTC,0,1240398
ftsKp2,0.16666666666666666,5,5,GTAAAGTGTCAAGAGAGCTA,0,1256838
ftsKp2,0.16666666666666666,5,5,GGTTTTTGACATCCGCACGC,0,1250160
ftsKp2,0.16666666666666666,5,5,GGTTTTGAAAGTTTCGTTGT,0,1258493
ftsKp2,0.16666666666666666,5,5,GGTTGTTGGGTAAGGCCATT,0,1257690
ftsKp2,0.16666666666666666,5,5,GGTGATATCTAAAAACTTGT,0,1252659
ftsKp2,0.16666666666666666,5,5,GGTGACCTTTAACGCGCAGG,0,1241818
ftsKp2,0.16666666666666666,5,5,GGTATCAGTACGGAAACGAG,0,1265903
ftsKp2,0.16666666666666666,5,5,GGTATAGCTCACGTAATTAC,0,1241497
ftsKp2,0.16666666666666666,5,5,GGTAGGACGGTAGGCCCAGC,0,1268140
ftsKp2,0.16666666666666666,5,5,GGTAGCCAAGCTGCCCCAGG,0,1250864
ftsKp2,0.16666666666666666,5,5,GGTAGAGTCCGGAGAACCAG,0,1269108
ftsKp2,0.16666666666666666,5,5,GGTACTGAGACAGTTGAGTC,0,1241467
ftsKp2,0.16666666666666666,5,5,GGGTTGGTGAGAGCAACCAA,0,1268097
ftsKp2,0.16666666666666666,5,5,GGGTCCACTTATTTACTCTG,0,1244511
ftsKp2,0.16666666666666666,5,5,GGGTATCCAATCGTGTAAAC,0,1271046
ftsKp2,0.16666666666666666,5,5,GGGTAAAGGACGTTTTAGCA,0,1249096
ftsKp2,0.16666666666666666,5,5,GGGGCTTTGATTATATGTAG,0,1267810
ftsKp2,0.16666666666666666,5,5,GGGCTTACCGGTCAAGCCGG,0,1252380
ftsKp2,0.16666666666666666,5,5,GGGCGGCTATCAAGTCTATT,0,1269311
ftsKp2,0.16666666666666666,5,5,GGGCATCGACCACGCTTTAC,0,1269853
ftsKp2,0.16666666666666666,5,5,GGGATTTCGCCCCAGCCCAT,0,1268019
ftsKp2,0.16666666666666666,5,5,GGGACATTTTAGACTTATTC,0,1248758
ftsKp2,0.16666666666666666,5,5,GGGAAACGGGGTGACGCAAA,0,1258706
ftsKp2,0.16666666666666666,5,5,GGCGTCCTCGAATCGGAAAT,0,1248260
ftsKp2,0.16666666666666666,5,5,GGCGGGGTAAAACGGAGGGT,0,1248511
ftsKp2,0.16666666666666666,5,5,GGCGATGCGCTCAGGAGGGT,0,1240607
ftsKp2,0.16666666666666666,5,5,GGCCTCTCACTTCTAGCCGC,0,1248577
ftsKp2,0.16666666666666666,5,5,GGCAGCGTTGCGCAAAGTAC,0,1246900
ftsKp2,0.16666666666666666,5,5,GGCAGCCGGGTCAGAATTGC,0,1260764
ftsKp2,0.16666666666666666,5,5,GGCACATTGGCTGGCTGCGT,0,1260709
ftsKp2,0.16666666666666666,5,5,GGATGTGTGGGGATATGGAC,0,1266020
ftsKp2,0.16666666666666666,5,5,GGATGCATCGTAATCGGTAA,0,1239560
ftsKp2,0.16666666666666666,5,5,GGATGACAGGGGCAAAATTA,0,1250357
ftsKp2,0.16666666666666666,5,5,GGATCTCGAACAGCGGCTAC,0,1261018
ftsKp2,0.16666666666666666,5,5,GGATATCCCTATGTACCGCA,0,1268227
ftsKp2,0.16666666666666666,5,5,GGATAGCACTGACACGGTGT,0,1253026
ftsKp2,0.16666666666666666,5,5,GGAGGTGGTCGCCAAAAGGT,0,1267604
ftsKp2,0.16666666666666666,5,5,GGAATGTAGTTTCAGTCATA,0,1252102
ftsKp2,0.16666666666666666,5,5,GGAAGGGATAACTCGCCATC,0,1261550
ftsKp2,0.16666666666666666,5,5,GGAACTTGTCACGGGTTCTG,0,1252044
ftsKp2,0.16666666666666666,5,5,GGAACGATGAGTTCAAAGAA,0,1244563
ftsKp2,0.16666666666666666,5,5,GCTTCCGCGCCAGTTTGCTC,0,1246131
ftsKp2,0.16666666666666666,5,5,GCTTAGTTCCGGGTAGGGGG,0,1251727
ftsKp2,0.16666666666666666,5,5,GCTGCGTGAAACTTATTAAA,0,1266924
ftsKp2,0.16666666666666666,5,5,GCTGCCCAGGGCATTGTTAA,0,1243992
ftsKp2,0.16666666666666666,5,5,GCTCTATGGCGAGCCCAAAC,0,1252784
ftsKp2,0.16666666666666666,5,5,GCTCGACTGCCCGTTCGTAT,0,1266216
ftsKp2,0.16666666666666666,5,5,GCTCCAACCGAACACCACGA,0,1252366
ftsKp2,0.16666666666666666,5,5,GCTCAAGTGTCGGCCGAGAC,0,1259386
ftsKp2,0.16666666666666666,5,5,GCTAGGCAGGTAATATCTTC,0,1258423
ftsKp2,0.16666666666666666,5,5,GCGGGAAAGAACAATGATTT,0,1244518
ftsKp2,0.16666666666666666,5,5,GCGGCTGCATTTCCTAGTTG,0,1247701
ftsKp2,0.16666666666666666,5,5,GCGGCCCGCCTGAGACGGAT,0,1244229
ftsKp2,0.16666666666666666,5,5,GCGCTTTGGGCCAATGAAAA,0,1240156
ftsKp2,0.16666666666666666,5,5,GCGCCGGTTTTGATTCCGAG,0,1242918
ftsKp2,0.16666666666666666,5,5,GCGCCATGCGGAAAGGTAAG,0,1253632
ftsKp2,0.16666666666666666,5,5,GCGATGGAAACAGAGGCTTG,0,1250257
ftsKp2,0.16666666666666666,5,5,GCGAGTCTAGATGCCGTAAG,0,1247059
ftsKp2,0.16666666666666666,5,5,GCGAGGACGCGGCTATGGGT,0,1256539
ftsKp2,0.16666666666666666,5,5,GCGAGCTATTCGAGCAGGTG,0,1257039
ftsKp2,0.16666666666666666,5,5,GCGAGAACGGTCAGCATTTG,0,1259307
ftsKp2,0.16666666666666666,5,5,GCGAATCGGCAGATAACTTT,0,1259221
ftsKp2,0.16666666666666666,5,5,GCCTTTACAGGTAGATCGCC,0,1264146
ftsKp2,0.16666666666666666,5,5,GCCTTGTTCAGTATTTGTAG,0,1256690
ftsKp2,0.16666666666666666,5,5,GCCTGCAAGGTCTAACAGAG,0,1255936
ftsKp2,0.16666666666666666,5,5,GCCTAGGTTATTTGGGACTC,0,1245796
ftsKp2,0.16666666666666666,5,5,GCCGTGCCTAGAGGGGAATA,0,1257568
ftsKp2,0.16666666666666666,5,5,GCCGTCGAGTAAGTCTTGGC,0,1244740
ftsKp2,0.16666666666666666,5,5,GCCGTCCTGGTCAGACGACT,0,1254488
ftsKp2,0.16666666666666666,5,5,GCCGCGTGACAGTCTCCTCA,0,1247415
ftsKp2,0.16666666666666666,5,5,GCCGAGTTGAAGCAGGTGCA,0,1248392
ftsKp2,0.16666666666666666,5,5,GCCCTGGCTTAAGTAATTGG,0,1248151
ftsKp2,0.16666666666666666,5,5,GCCCGCTATTCTTGTAGGTG,0,1261040
ftsKp2,0.16666666666666666,5,5,GCCCGATTTGTCCAGGATAC,0,1241580
ftsKp2,0.16666666666666666,5,5,GCCCAGTGTGACTTGTGATA,0,1239787
ftsKp2,0.16666666666666666,5,5,GCCATCGATTGTGCATGGGT,0,1253846
ftsKp2,0.16666666666666666,5,5,GCCACTTCCAGTCCAATGTA,0,1243334
ftsKp2,0.16666666666666666,5,5,GCCACGTGATTAGCAGATGC,0,1266380
ftsKp2,0.16666666666666666,5,5,GCCAAACGTCCGGTCGTCCG,0,1266822
ftsKp2,0.16666666666666666,5,5,GCATTACATCGGGAGTCAAA,0,1258803
ftsKp2,0.16666666666666666,5,5,GCATGGGCGATTTAGCACGT,0,1263190
ftsKp2,0.16666666666666666,5,5,GCATGGCTCTGTTCCGTGAT,0,1262792
ftsKp2,0.16666666666666666,5,5,GCAGCTTGTGTTCAGAGGGA,0,1242088
ftsKp2,0.16666666666666666,5,5,GCAGCACAAGACACGAATTG,0,1260620
ftsKp2,0.16666666666666666,5,5,GCACTTACCCTTGTGAGCGT,0,1264404
ftsKp2,0.16666666666666666,5,5,GCACGCAGGTCGGAGTGAGT,0,1247726
ftsKp2,0.16666666666666666,5,5,GCACCGCATGACGGTAGATG,0,1266920
ftsKp2,0.16666666666666666,5,5,GCACCACTGGGCGAAGTGTA,0,1270079
ftsKp2,0.16666666666666666,5,5,GCAATGGGTTGCTGTGGGCT,0,1257483
ftsKp2,0.16666666666666666,5,5,GCAATGCGTTCGAGACATGA,0,1266957
ftsKp2,0.16666666666666666,5,5,GCAAGGTGATAAATTGCGCT,0,1259045
ftsKp2,0.16666666666666666,5,5,GATTTTTCCGACTGCCAATG,0,1270539
ftsKp2,0.16666666666666666,5,5,GATGGACTAAGAGGACATTT,0,1254840
ftsKp2,0.16666666666666666,5,5,GATGCGCTCGGATAGACTAC,0,1267051
ftsKp2,0.16666666666666666,5,5,GATGAGAACCCGCGAGCAGT,0,1256609
ftsKp2,0.16666666666666666,5,5,GATCTTAGAGCACATCACGT,0,1240763
ftsKp2,0.16666666666666666,5,5,GATCTACACCATGAAACTCG,0,1247469
ftsKp2,0.16666666666666666,5,5,GATCTAATTTGGGATACCAC,0,1252422
ftsKp2,0.16666666666666666,5,5,GATAGGCGGGTTGCGGGAAA,0,1241770
ftsKp2,0.16666666666666666,5,5,GATAGCTGCTGTAGGTTAAC,0,1260944
ftsKp2,0.16666666666666666,5,5,GATAATCGTTGAAGCTTCAC,0,1246166
ftsKp2,0.16666666666666666,5,5,GAGTGAGTATCAAGGGGGAT,0,1241335
ftsKp2,0.16666666666666666,5,5,GAGGTTTACTGTCTGCGCGA,0,1256190
ftsKp2,0.16666666666666666,5,5,GAGGTCGAGTTACGGTCACC,0,1268525
ftsKp2,0.16666666666666666,5,5,GAGGGTGAAACTGCTTATTT,0,1248686
ftsKp2,0.16666666666666666,5,5,GAGGCCTCAGACAGCCTCGA,0,1247519
ftsKp2,0.16666666666666666,5,5,GAGGACCCGCTACGAGTTAA,0,1254526
ftsKp2,0.16666666666666666,5,5,GAGGAAGGTAGATACCACTA,0,1256653
ftsKp2,0.16666666666666666,5,5,GAGCGAGGGTAAGAGTATTG,0,1251348
ftsKp2,0.16666666666666666,5,5,GAGAGTTTACATAGACCAAA,0,1250904
ftsKp2,0.16666666666666666,5,5,GAGAATAGGAGGCTCCACCC,0,1250132
ftsKp2,0.16666666666666666,5,5,GACTGGTCGTGACTACTTAA,0,1243736
ftsKp2,0.16666666666666666,5,5,GACGTCCCCGCGATAGGCAT,0,1248059
ftsKp2,0.16666666666666666,5,5,GACGAGGGCGTCGCAAACTG,0,1265642
ftsKp2,0.16666666666666666,5,5,GACCTCTCTAGGGCTAAAGT,0,1244446
ftsKp2,0.16666666666666666,5,5,GACCGAGGTTTGTCTCAGAA,0,1252207
ftsKp2,0.16666666666666666,5,5,GACCAAAGGTTCCTTGCATC,0,1271136
ftsKp2,0.16666666666666666,5,5,GACAGCTTTCTGTAAAAGCC,0,1269068
ftsKp2,0.16666666666666666,5,5,GACAGAATGGAATTTAGAGT,0,1259330
ftsKp2,0.16666666666666666,5,5,GACACCAGCACCTGATCGCG,0,1243227
ftsKp2,0.16666666666666666,5,5,GACAATGTGTTGGTAGCACT,0,1266745
ftsKp2,0.16666666666666666,5,5,GAATTGTTGTGAATACCTTG,0,1252647
ftsKp2,0.16666666666666666,5,5,GAATCGCCACAAAGAGCTAT,0,1244026
ftsKp2,0.16666666666666666,5,5,GAATACGCACCTAACCGTCA,0,1269615
ftsKp2,0.16666666666666666,5,5,GAAGCCAGCTGATCAACCGC,0,1239829
ftsKp2,0.16666666666666666,5,5,GAACGGCGTATCCGTTCGGA,0,1260867
ftsKp2,0.16666666666666666,5,5,GAACCTCTGTTACACATTGA,0,1266200
ftsKp2,0.16666666666666666,5,5,GAAATAGCGAACTTGGACGC,0,1241705
ftsKp2,0.16666666666666666,5,5,CTTTTTTATAGTCCTTTCGC,0,1242315
ftsKp2,0.16666666666666666,5,5,CTTTGGCTAGGCAACACCTC,0,1267305
ftsKp2,0.16666666666666666,5,5,CTTTCAGGTGGCTTAACGTT,0,1253473
ftsKp2,0.16666666666666666,5,5,CTTTAGATACGACCTACTTA,0,1250880
ftsKp2,0.16666666666666666,5,5,CTTGGTGTATTAAAACTGAG,0,1242338
ftsKp2,0.16666666666666666,5,5,CTTGGTGGATCCCGTATACC,0,1264831
ftsKp2,0.16666666666666666,5,5,CTTGGAGTCCGCCAGCGGCC,0,1247347
ftsKp2,0.16666666666666666,5,5,CTTGCTAACGTAATTGCGTG,0,1246545
ftsKp2,0.16666666666666666,5,5,CTTGCCAGCTGCCGCGCGAG,0,1267490
ftsKp2,0.16666666666666666,5,5,CTTGATGATTGAGAGCTATA,0,1258715
ftsKp2,0.16666666666666666,5,5,CTTCGCGCTATTAACTATGT,0,1250787
ftsKp2,0.16666666666666666,5,5,CTTCGACGGTCAGCTGATGC,0,1267151
ftsKp2,0.16666666666666666,5,5,CTTCCTCCATATAAGTAAAT,0,1268581
ftsKp2,0.16666666666666666,5,5,CTTCCCAGGACATTATACCG,0,1244485
ftsKp2,0.16666666666666666,5,5,CTTAGTTGGCTGCCGTGTAA,0,1250750
ftsKp2,0.16666666666666666,5,5,CTTAGCGTACGCTTCTTCCC,0,1241871
ftsKp2,0.16666666666666666,5,5,CTTACAAGTCTGCGTAGAGC,0,1253146
ftsKp2,0.16666666666666666,5,5,CTTAAGTAAACAGTACCAAG,0,1260459
ftsKp2,0.16666666666666666,5,5,CTTAACCTTGCATGAGGCAT,0,1264883
ftsKp2,0.16666666666666666,5,5,CTTAAAACTGTCTTTGTGCA,0,1258807
ftsKp2,0.16666666666666666,5,5,CTGTTTACTGCTGTCGATAA,0,1263065
ftsKp2,0.16666666666666666,5,5,CTGTCAAACGTTTCTCAGGC,0,1269139
ftsKp2,0.16666666666666666,5,5,CTGGGGGAAGATGAAGGGGG,0,1241652
ftsKp2,0.16666666666666666,5,5,CTGGCTGCATGGTTTCTTGA,0,1253611
ftsKp2,0.16666666666666666,5,5,CTGGAGAATATGTTGTGGAA,0,1254072
ftsKp2,0.16666666666666666,5,5,CTGCCGAAGCCGACATCAAA,0,1263008
ftsKp2,0.16666666666666666,5,5,CTGCAAAGCTTCGGGACTTT,0,1253844
ftsKp2,0.16666666666666666,5,5,CTGATAATGCTGCTTTGGTG,0,1251122
ftsKp2,0.16666666666666666,5,5,CTGACCTTCTCTGTCCCATG,0,1262517
ftsKp2,0.16666666666666666,5,5,CTGAATTTACTGCCGGCTTC,0,1266994
ftsKp2,0.16666666666666666,5,5,CTCGTTATGTTGTCATTTTT,0,1246756
ftsKp2,0.16666666666666666,5,5,CTCGATATCAGCAACTGTAA,0,1245398
ftsKp2,0.16666666666666666,5,5,CTCCTGGGCAGAATAAATGG,0,1269881
ftsKp2,0.16666666666666666,5,5,CTCCCGGCGCGATCTAACCT,0,1239944
ftsKp2,0.16666666666666666,5,5,CTCACCGGCCATTGGGTGTG,0,1251994
ftsKp2,0.16666666666666666,5,5,CTCAAGTATCGTTGCCACTG,0,1265026
ftsKp2,0.16666666666666666,5,5,CTAGCGTCTTTGATATCGTC,0,1263780
ftsKp2,0.16666666666666666,5,5,CTAGACTCTCTATCCATTCT,0,1260060
ftsKp2,0.16666666666666666,5,5,CTACTTATTATAGGTCACAC,0,1267342
ftsKp2,0.16666666666666666,5,5,CTACGGCGCTGATTCATATC,0,1247397
ftsKp2,0.16666666666666666,5,5,CTAAGCTTGTAGACATGTCT,0,1247245
ftsKp2,0.16666666666666666,5,5,CGTTGCCCTAAAATGACCCA,0,1251333
ftsKp2,0.16666666666666666,5,5,CGTTGATCAGTCATTCCATT,0,1260026
ftsKp2,0.16666666666666666,5,5,CGTTGAAGGCCGACGCACTA,0,1253915
ftsKp2,0.16666666666666666,5,5,CGTTCCGGAATAACTATAGG,0,1239456
ftsKp2,0.16666666666666666,5,5,CGTTATTGCGCCTGACTCAG,0,1244509
ftsKp2,0.16666666666666666,5,5,CGTGTCCGGTATCGGGGCTA,0,1252187
ftsKp2,0.16666666666666666,5,5,CGTGATTGCTTCTGTGTGTC,0,1257383
ftsKp2,0.16666666666666666,5,5,CGTGAGCCGTTCTCTTTCGT,0,1256824
ftsKp2,0.16666666666666666,5,5,CGTCCATCGCGGTTAGGAGA,0,1266366
ftsKp2,0.16666666666666666,5,5,CGTCAGCGGTAATGTGCCTG,0,1244788
ftsKp2,0.16666666666666666,5,5,CGGTTGGACACTACACCGGC,0,1243452
ftsKp2,0.16666666666666666,5,5,CGGTTGCTCGCACAGCCGGC,0,1268334
ftsKp2,0.16666666666666666,5,5,CGGTTGAGCTCAGAGGCGCT,0,1269316
ftsKp2,0.16666666666666666,5,5,CGGTTACCCTTACTAAAATT,0,1246605
ftsKp2,0.16666666666666666,5,5,CGGTACTTCGATGGGGTGGT,0,1240335
ftsKp2,0.16666666666666666,5,5,CGGTACCACAGCACCAGCCT,0,1259064
ftsKp2,0.16666666666666666,5,5,CGGGGGTCGAATTAACATTC,0,1254982
ftsKp2,0.16666666666666666,5,5,CGGCTGGGCTAATCATAAAC,0,1266268
ftsKp2,0.16666666666666666,5,5,CGGCCTCGCGGCCTGGGACT,0,1265083
ftsKp2,0.16666666666666666,5,5,CGGCCCGCTCTACAAAGAGG,0,1250656
ftsKp2,0.16666666666666666,5,5,CGGCAGGATGCACCGGCGCT,0,1249128
ftsKp2,0.16666666666666666,5,5,CGGCACGTAGCTACATATAC,0,1242437
ftsKp2,0.16666666666666666,5,5,CGGATGCAGATAATGAGGTG,0,1259944
ftsKp2,0.16666666666666666,5,5,CGGATCTATCTAATGGCATC,0,1250418
ftsKp2,0.16666666666666666,5,5,CGGACTATGTGTGTTAGTTA,0,1260594
ftsKp2,0.16666666666666666,5,5,CGGAACCTGACGAGAGCCAT,0,1244412
ftsKp2,0.16666666666666666,5,5,CGCTTGTCGGGCATTCCACT,0,1255179
ftsKp2,0.16666666666666666,5,5,CGCGTTCTATCAGAGTCCAA,0,1265170
ftsKp2,0.16666666666666666,5,5,CGCGCCCTACAGACCGCTAT,0,1251827
ftsKp2,0.16666666666666666,5,5,CGCGAAGTTCAGCAAGTCGT,0,1257486
ftsKp2,0.16666666666666666,5,5,CGCCTGTCTGTTATCTACCT,0,1244338
ftsKp2,0.16666666666666666,5,5,CGCCTCGCACGTGAGCAATG,0,1242737
ftsKp2,0.16666666666666666,5,5,CGCCATGGTCGAACACTCTA,0,1257295
ftsKp2,0.16666666666666666,5,5,CGCACGTAGGTGCGAGGCCG,0,1256997
ftsKp2,0.16666666666666666,5,5,CGATATTGTTGCGTCCGATG,0,1268755
ftsKp2,0.16666666666666666,5,5,CGATAACGTTGCCCTAGGAG,0,1245603
ftsKp2,0.16666666666666666,5,5,CGAGTCTGAAGTTGATTGCA,0,1241698
ftsKp2,0.16666666666666666,5,5,CGAGGCGTTGGGTGGATATC,0,1247584
ftsKp2,0.16666666666666666,5,5,CGAGAGCAACTCGGAACTCT,0,1254637
ftsKp2,0.16666666666666666,5,5,CGACTTCGCCCAACCTGTTA,0,1249352
ftsKp2,0.16666666666666666,5,5,CGACCTTGATTCCATGCGTA,0,1263652
ftsKp2,0.16666666666666666,5,5,CGACCTACCTCGTGGAACTT,0,1269675
ftsKp2,0.16666666666666666,5,5,CGAATTTTTTCACGTTTTGT,0,1258747
ftsKp2,0.16666666666666666,5,5,CGAATTTTTACAAGCCCGAT,0,1248460
ftsKp2,0.16666666666666666,5,5,CGAATGTAGGTGTAGGCGAA,0,1242518
ftsKp2,0.16666666666666666,5,5,CGAAGTCGGTCTCTTCCCAA,0,1253457
ftsKp2,0.16666666666666666,5,5,CGAACTCAATACGTGACACG,0,1270378
ftsKp2,0.16666666666666666,5,5,CCTTGAACGAATGTATTCGA,0,1265176
ftsKp2,0.16666666666666666,5,5,CCTTCTGGGAATATTTCAGC,0,1259637
ftsKp2,0.16666666666666666,5,5,CCTTACACCGTTTGTTACAG,0,1246114
ftsKp2,0.16666666666666666,5,5,CCTGGTTTGCGACGAGAAAG,0,1252490
ftsKp2,0.16666666666666666,5,5,CCTGCAGCAGTGAGGGCTGT,0,1261907
ftsKp2,0.16666666666666666,5,5,CCTAGAAAAGGCAGTCGAAG,0,1251241
ftsKp2,0.16666666666666666,5,5,CCGGGTTGTCAAGGATCCGT,0,1260730
ftsKp2,0.16666666666666666,5,5,CCGGATGAGCACGTCGTTTC,0,1259935
ftsKp2,0.16666666666666666,5,5,CCGCGGCACCATTCGTCTAA,0,1247095
ftsKp2,0.16666666666666666,5,5,CCGCCTGGAGAGCGTGCGAT,0,1268663
ftsKp2,0.16666666666666666,5,5,CCGATGCTAATCTAAGTGTG,0,1266169
ftsKp2,0.16666666666666666,5,5,CCGAGTCCAGTTAACTCGCT,0,1243585
ftsKp2,0.16666666666666666,5,5,CCGACATCAGGCCCCCCCCA,0,1239303
ftsKp2,0.16666666666666666,5,5,CCGAAGGTTGGATCAAATAT,0,1262325
ftsKp2,0.16666666666666666,5,5,CCCTTCCAAGCGCGGCTCTA,0,1257371
ftsKp2,0.16666666666666666,5,5,CCCTTACCAGATCAACAGAG,0,1245590
ftsKp2,0.16666666666666666,5,5,CCCTGGAAAGATTCACTGTA,0,1251128
ftsKp2,0.16666666666666666,5,5,CCCGGGCACCAAAGTGAACA,0,1251885
ftsKp2,0.16666666666666666,5,5,CCCGCTTGATGGGGTTACGA,0,1251683
ftsKp2,0.16666666666666666,5,5,CCCGCAGCCGAGGCAGCCTG,0,1254987
ftsKp2,0.16666666666666666,5,5,CCCCGTGAAGACGGGGTTCT,0,1266681
ftsKp2,0.16666666666666666,5,5,CCCCGACCCGATCGCATCCA,0,1251050
ftsKp2,0.16666666666666666,5,5,CCCAGCGTACACTTTCCGAG,0,1265730
ftsKp2,0.16666666666666666,5,5,CCCAATCGGCCATAGAAAAG,0,1266073
ftsKp2,0.16666666666666666,5,5,CCCAACGTAAAGCTTCGCTG,0,1241214
ftsKp2,0.16666666666666666,5,5,CCATTGTGCATAGGTTCTAC,0,1268396
ftsKp2,0.16666666666666666,5,5,CCATGCCCGGGACCGCAATA,0,1242662
ftsKp2,0.16666666666666666,5,5,CCAGTAGGGGTGGCCCTGAT,0,1253712
ftsKp2,0.16666666666666666,5,5,CCAGGTAATCGGGGATGTTT,0,1255840
ftsKp2,0.16666666666666666,5,5,CCAGGCCCTAAAAGGCCCGA,0,1270046
ftsKp2,0.16666666666666666,5,5,CCAGGCCAGCCCGATAGCTG,0,1243296
ftsKp2,0.16666666666666666,5,5,CCAGGCAATTTATAGCTGCT,0,1266234
ftsKp2,0.16666666666666666,5,5,CCAGCTTTGACGGGAGCAGA,0,1264805
ftsKp2,0.16666666666666666,5,5,CCACTTAGTCAGGAAGTTCC,0,1265112
ftsKp2,0.16666666666666666,5,5,CCACCTCACGTTTGTGAGTT,0,1264173
ftsKp2,0.16666666666666666,5,5,CCAATATGTCATGTGGACCC,0,1241015
ftsKp2,0.16666666666666666,5,5,CCAAAAGGCAATACCGGACC,0,1260691
ftsKp2,0.16666666666666666,5,5,CATTGACTATACGCTTGAAT,0,1239329
ftsKp2,0.16666666666666666,5,5,CATTAGAAGTGTACCATCAC,0,1268298
ftsKp2,0.16666666666666666,5,5,CATGCTATCGAGCCTTCTCA,0,1266454
ftsKp2,0.16666666666666666,5,5,CATGCCTCTGGTCTTCGCTT,0,1244567
ftsKp2,0.16666666666666666,5,5,CATGCCTATGGCCGCCGGAC,0,1239587
ftsKp2,0.16666666666666666,5,5,CATGCCGCTAATAGGGTGAA,0,1270675
ftsKp2,0.16666666666666666,5,5,CATCGCACACTGACGTCTCA,0,1261655
ftsKp2,0.16666666666666666,5,5,CATCCTTGTCAAGGCAGGAC,0,1241777
ftsKp2,0.16666666666666666,5,5,CATCCGCGCCCCTCTAACCC,0,1254267
ftsKp2,0.16666666666666666,5,5,CATCACCTCAGATCACGTTT,0,1253153
ftsKp2,0.16666666666666666,5,5,CATCACATGATCCTTGTTCT,0,1250610
ftsKp2,0.16666666666666666,5,5,CATATCTAGGAGGGACATCC,0,1255084
ftsKp2,0.16666666666666666,5,5,CATAATCCTCCGGTGCCAAG,0,1270261
ftsKp2,0.16666666666666666,5,5,CAGTCGTCAGTCGGGCGCGT,0,1267192
ftsKp2,0.16666666666666666,5,5,CAGGTTGACTGATTTAAGTT,0,1261298
ftsKp2,0.16666666666666666,5,5,CAGGTAGCTTCTACTTTTGA,0,1248549
ftsKp2,0.16666666666666666,5,5,CAGGTAAGAATCTGAAGAGT,0,1252914
ftsKp2,0.16666666666666666,5,5,CAGGGATTCGGAATCTGAGT,0,1256460
ftsKp2,0.16666666666666666,5,5,CAGGAGGCTTCCCGTACTTA,0,1258744
ftsKp2,0.16666666666666666,5,5,CAGGAAGCTCAGAACTGGAA,0,1269144
ftsKp2,0.16666666666666666,5,5,CAGGAACCATGCCCATCCCG,0,1268811
ftsKp2,0.16666666666666666,5,5,CAGCGACCTAATCACGCGAC,0,1253170
ftsKp2,0.16666666666666666,5,5,CAGACTTTCGGGATTGTGAG,0,1252003
ftsKp2,0.16666666666666666,5,5,CAGACATTCATACCCGCATT,0,1250705
ftsKp2,0.16666666666666666,5,5,CAGAAATTCATATCTTCAGT,0,1245602
ftsKp2,0.16666666666666666,5,5,CACTTACAACGGGTCTGATT,0,1245479
ftsKp2,0.16666666666666666,5,5,CACTAGGGGGGGAAAGCATA,0,1264774
ftsKp2,0.16666666666666666,5,5,CACGTTGGTACTCTAAGCGC,0,1251604
ftsKp2,0.16666666666666666,5,5,CACGTGCAAATACGTTGGTC,0,1255852
ftsKp2,0.16666666666666666,5,5,CACGCGTGTATCTAATCGTG,0,1254045
ftsKp2,0.16666666666666666,5,5,CACGATCTCGGTCTTTAAAC,0,1246035
ftsKp2,0.16666666666666666,5,5,CACGAAGGCTCCTGTTTGCA,0,1256648
ftsKp2,0.16666666666666666,5,5,CACCCTTGTATAAAACTACA,0,1262350
ftsKp2,0.16666666666666666,5,5,CACATCGGCGGAAAACGGAT,0,1249764
ftsKp2,0.16666666666666666,5,5,CACACGGGAGATGCGCACAA,0,1245657
ftsKp2,0.16666666666666666,5,5,CACAAACGTCCTGTTAACGA,0,1268057
ftsKp2,0.16666666666666666,5,5,CAATGTTTTAGTGCGTGTCG,0,1241651
ftsKp2,0.16666666666666666,5,5,CAAGTTTTAGGGGTAAGAAT,0,1240733
ftsKp2,0.16666666666666666,5,5,CAAGCGCTCGATATGTTCCA,0,1263243
ftsKp2,0.16666666666666666,5,5,CAACGTGGTTAAATCCAGAC,0,1263238
ftsKp2,0.16666666666666666,5,5,CAACAGCGATTAGAAACCCA,0,1244761
ftsKp2,0.16666666666666666,5,5,CAAATCTTCACTAAGTTGAA,0,1245975
ftsKp2,0.16666666666666666,5,5,CAAAGACCAGCGGAGCTTTC,0,1262810
ftsKp2,0.16666666666666666,5,5,CAAAGAAGAAACTAGGCACT,0,1248022
ftsKp2,0.16666666666666666,5,5,CAAAATAAGCCTCAGGAGCT,0,1246223
ftsKp2,0.16666666666666666,5,5,ATTTTTAGAGGCACCAATTA,0,1245251
ftsKp2,0.16666666666666666,5,5,ATTTTCCTGCCGGCGATGGA,0,1257457
ftsKp2,0.16666666666666666,5,5,ATTTGAACGCATGAGGTGGC,0,1249071
ftsKp2,0.16666666666666666,5,5,ATTTATATGGAAACAGAAAT,0,1252006
ftsKp2,0.16666666666666666,5,5,ATTGTCCAGGTCGCCTCAAT,0,1270731
ftsKp2,0.16666666666666666,5,5,ATTGGCTGATTTAGTACAAG,0,1266991
ftsKp2,0.16666666666666666,5,5,ATTGCATCCCTGGCTAACGT,0,1270629
ftsKp2,0.16666666666666666,5,5,ATTGAGCCCATCATGCTTGT,0,1244929
ftsKp2,0.16666666666666666,5,5,ATTCTTGTTATAGTCTGTGC,0,1253199
ftsKp2,0.16666666666666666,5,5,ATTCTGTCATTATCAGGGAT,0,1243300
ftsKp2,0.16666666666666666,5,5,ATTCTGAGAGTGGTCCGATC,0,1254527
ftsKp2,0.16666666666666666,5,5,ATTCTCATTTTAGACCTGAT,0,1264037
ftsKp2,0.16666666666666666,5,5,ATTCGGTTGGCGGTTGGCGG,0,1254381
ftsKp2,0.16666666666666666,5,5,ATTCATGAGGGGATCTTTCG,0,1260909
ftsKp2,0.16666666666666666,5,5,ATTAGTCATCTAACAGATCG,0,1250682
ftsKp2,0.16666666666666666,5,5,ATGTTATTGGTTACGAAAGG,0,1262354
ftsKp2,0.16666666666666666,5,5,ATGTCCCGTTCAGGTTGGGT,0,1266889
ftsKp2,0.16666666666666666,5,5,ATGGCTTGGCTAGGGGACGC,0,1248325
ftsKp2,0.16666666666666666,5,5,ATGATATCTGTCCTTCTGCA,0,1251703
ftsKp2,0.16666666666666666,5,5,ATGACCGTGCAAACACTATC,0,1265560
ftsKp2,0.16666666666666666,5,5,ATCTTAACTGGAGTTCAGGG,0,1245187
ftsKp2,0.16666666666666666,5,5,ATCTCGAGCGAAAGTGTCCC,0,1256941
ftsKp2,0.16666666666666666,5,5,ATCTCATTTGAGGGAATGTA,0,1266294
ftsKp2,0.16666666666666666,5,5,ATCGTAATGCTTTAACATTC,0,1241350
ftsKp2,0.16666666666666666,5,5,ATCGCTGGACGAAGACCAAA,0,1263720
ftsKp2,0.16666666666666666,5,5,ATCGCTAGCAGAGAGCGAGA,0,1246348
ftsKp2,0.16666666666666666,5,5,ATCGCGCGCTTGTAGTCAAT,0,1268228
ftsKp2,0.16666666666666666,5,5,ATCCTGACGGTTTAGCAGAA,0,1248449
ftsKp2,0.16666666666666666,5,5,ATCCTCACGGTACTTAGGTA,0,1250634
ftsKp2,0.16666666666666666,5,5,ATCCGCAAGGGAACGTAAAC,0,1245843
ftsKp2,0.16666666666666666,5,5,ATCCCCGGTCGGTCAAATAT,0,1250300
ftsKp2,0.16666666666666666,5,5,ATCAGGGGTGCCCTTCGTAA,0,1253407
ftsKp2,0.16666666666666666,5,5,ATCAGCACGGGAAACAATCG,0,1267623
ftsKp2,0.16666666666666666,5,5,ATATGCCCGCGCTTGAAATC,0,1260726
ftsKp2,0.16666666666666666,5,5,ATAGGCGCGCCCGCTGTGTA,0,1266010
ftsKp2,0.16666666666666666,5,5,ATAGCGGCGGCAAGACTTTG,0,1249477
ftsKp2,0.16666666666666666,5,5,ATACCGACTTCTTCGCCACC,0,1253708
ftsKp2,0.16666666666666666,5,5,ATACCAGTTAGGTGTCACTT,0,1242631
ftsKp2,0.16666666666666666,5,5,ATACAAGTGCGTTAGGAAAG,0,1264601
ftsKp2,0.16666666666666666,5,5,ATAATTGCGACTCATTCGAC,0,1244000
ftsKp2,0.16666666666666666,5,5,ATAATAAGCGCATCATTCAG,0,1254484
ftsKp2,0.16666666666666666,5,5,ATAAGCAAGCAATCGTTTCT,0,1267958
ftsKp2,0.16666666666666666,5,5,ATAAGAGCATACTGCGGTAA,0,1256511
ftsKp2,0.16666666666666666,5,5,ATAACTGGACATCCTTCAAT,0,1255103
ftsKp2,0.16666666666666666,5,5,ATAACGTAGTGGCGACCTTC,0,1271151
ftsKp2,0.16666666666666666,5,5,ATAACCGACCATAGCGGACT,0,1243963
ftsKp2,0.16666666666666666,5,5,ATAACAGCGGATCTATTGAA,0,1253976
ftsKp2,0.16666666666666666,5,5,ATAAAGAATACAGTATAATA,0,1246305
ftsKp2,0.16666666666666666,5,5,AGTTTTTCACCCACGTTCAC,0,1241423
ftsKp2,0.16666666666666666,5,5,AGTTTACGGTCGGTATCGTA,0,1251006
ftsKp2,0.16666666666666666,5,5,AGTTGATTTTGAAGGTCTCC,0,1253354
ftsKp2,0.16666666666666666,5,5,AGTTGATACATTAGCGACGT,0,1257080
ftsKp2,0.16666666666666666,5,5,AGTTCTCTGAGGGCTGACGT,0,1257016
ftsKp2,0.16666666666666666,5,5,AGTTCGGCTCATGAGTTATA,0,1252656
ftsKp2,0.16666666666666666,5,5,AGTTAAGATAGGCACATCAG,0,1253689
ftsKp2,0.16666666666666666,5,5,AGTTAAAAATAAATAGAGAC,0,1262734
ftsKp2,0.16666666666666666,5,5,AGTGTGAAGTTGCAAGAAGG,0,1262693
ftsKp2,0.16666666666666666,5,5,AGTGCTGGAGGAGGACCTGC,0,1251426
ftsKp2,0.16666666666666666,5,5,AGTCAGAGCATGCTCGAGTA,0,1247591
ftsKp2,0.16666666666666666,5,5,AGTATTAGCATACAACTCGT,0,1244962
ftsKp2,0.16666666666666666,5,5,AGTATTAACGAGAGCTTAAA,0,1259467
ftsKp2,0.16666666666666666,5,5,AGTATATCGGCGAGTCATTA,0,1244977
ftsKp2,0.16666666666666666,5,5,AGTAGTGATTGTTAAGCTGA,0,1260950
ftsKp2,0.16666666666666666,5,5,AGTACGACGCAGCCGCAACG,0,1247010
ftsKp2,0.16666666666666666,5,5,AGTACATTCGGGGTACGTTG,0,1240819
ftsKp2,0.16666666666666666,5,5,AGGTTGGGTCGGACTTGGAT,0,1249471
ftsKp2,0.16666666666666666,5,5,AGGTCGTTGAATATCCCGAT,0,1240443
ftsKp2,0.16666666666666666,5,5,AGGTATTCACCCGGCAGAGT,0,1252772
ftsKp2,0.16666666666666666,5,5,AGGTACCCCTGCTGCCTCAC,0,1242816
ftsKp2,0.16666666666666666,5,5,AGGGTGGATGGTCCAAGATC,0,1248228
ftsKp2,0.16666666666666666,5,5,AGGGGGTTGACTAATCCCAG,0,1259657
ftsKp2,0.16666666666666666,5,5,AGGGCTTCATTCGGTTATGG,0,1242561
ftsKp2,0.16666666666666666,5,5,AGGGACGCCGGGTCGCTTTA,0,1262353
ftsKp2,0.16666666666666666,5,5,AGGCTAAGCGTCAGGATCTA,0,1270537
ftsKp2,0.16666666666666666,5,5,AGGCCCCTTATTGTTCACAT,0,1254489
ftsKp2,0.16666666666666666,5,5,AGGCCAGCACATTATTCTTT,0,1253275
ftsKp2,0.16666666666666666,5,5,AGGAGGCGGCTTAAGGGATG,0,1240612
ftsKp2,0.16666666666666666,5,5,AGGACGTCCGCGTTGGTCTC,0,1244016
ftsKp2,0.16666666666666666,5,5,AGCTGTCATTTTTCAATCCC,0,1253050
ftsKp2,0.16666666666666666,5,5,AGCTCCTAAAAGGCTTTATA,0,1266189
ftsKp2,0.16666666666666666,5,5,AGCTATGTTCAAGCTTGGAC,0,1257529
ftsKp2,0.16666666666666666,5,5,AGCTATGACGCAGCAGAGCA,0,1268412
ftsKp2,0.16666666666666666,5,5,AGCGTGTCCATTTATGTGCA,0,1248664
ftsKp2,0.16666666666666666,5,5,AGCGGGTCCCCGGTCCAGAC,0,1264878
ftsKp2,0.16666666666666666,5,5,AGCGCTCCGATAACTGGTAG,0,1249823
ftsKp2,0.16666666666666666,5,5,AGCGCCAGCGATGGAAGTGG,0,1244042
ftsKp2,0.16666666666666666,5,5,AGCCTGTTCTACGGAACGAA,0,1250484
ftsKp2,0.16666666666666666,5,5,AGCCTGGTTTCAGTCTAGCA,0,1259949
ftsKp2,0.16666666666666666,5,5,AGCCGCTCTAATGGGGTAGA,0,1245524
ftsKp2,0.16666666666666666,5,5,AGCCCTGCTGAGTATTTGGC,0,1260002
ftsKp2,0.16666666666666666,5,5,AGCCCCGCAGTAAAGTAGAG,0,1256136
ftsKp2,0.16666666666666666,5,5,AGCCCATATATCGTGCAGGA,0,1264093
ftsKp2,0.16666666666666666,5,5,AGCCATAAAGGGGACTCCGT,0,1244586
ftsKp2,0.16666666666666666,5,5,AGCCACCGTAAATCCCAAGT,0,1246040
ftsKp2,0.16666666666666666,5,5,AGCAGGAATTGTCCACGCAA,0,1239409
ftsKp2,0.16666666666666666,5,5,AGCAGCTGCCATATGTGTCC,0,1244790
ftsKp2,0.16666666666666666,5,5,AGCACTGATGGAGCAAAAAT,0,1261961
ftsKp2,0.16666666666666666,5,5,AGCACGATGACACCAACTTA,0,1242664
ftsKp2,0.16666666666666666,5,5,AGCACCCTTTATACATCGCA,0,1251613
ftsKp2,0.16666666666666666,5,5,AGCACAGTAATGCTTACGGA,0,1245855
ftsKp2,0.16666666666666666,5,5,AGCACACAGTGAATTGTGTA,0,1247908
ftsKp2,0.16666666666666666,5,5,AGAGTCCCGGAGGGTCTACA,0,1246649
ftsKp2,0.16666666666666666,5,5,AGACGGAGGGGGCCTGGACT,0,1240516
ftsKp2,0.16666666666666666,5,5,AGACCAAGTGCCCAAAGGTG,0,1257470
ftsKp2,0.16666666666666666,5,5,AGAATCCGCGGCTGTCCAGA,0,1251605
ftsKp2,0.16666666666666666,5,5,AGAAGACCTATGCTGTTCCG,0,1249491
ftsKp2,0.16666666666666666,5,5,ACTTTGTGGGTTCCATGACA,0,1269404
ftsKp2,0.16666666666666666,5,5,ACTTGTAGATACTGTAGGAA,0,1240519
ftsKp2,0.16666666666666666,5,5,ACTTCCATCTAGTAGTTGGA,0,1245957
ftsKp2,0.16666666666666666,5,5,ACTGTCGGATCGTGCTTCGT,0,1260651
ftsKp2,0.16666666666666666,5,5,ACTGGGGGAAGAGAGTGAAC,0,1252990
ftsKp2,0.16666666666666666,5,5,ACTATTCCTTGGATACATTG,0,1256480
ftsKp2,0.16666666666666666,5,5,ACTATGAAATCATGAAGCCA,0,1257380
ftsKp2,0.16666666666666666,5,5,ACTATCGCCTGTAGGGAACA,0,1270284
ftsKp2,0.16666666666666666,5,5,ACTAGAGGTGATGGGTTTGG,0,1241352
ftsKp2,0.16666666666666666,5,5,ACTAGACGATCGGGTGCGAT,0,1263160
ftsKp2,0.16666666666666666,5,5,ACTACCGACTGGGATTCCGG,0,1245504
ftsKp2,0.16666666666666666,5,5,ACGTTCAAATCCTTAAAAGC,0,1247418
ftsKp2,0.16666666666666666,5,5,ACGTATGCCACGATCCCGGG,0,1253239
ftsKp2,0.16666666666666666,5,5,ACGGGCACACGGTATCGACA,0,1246874
ftsKp2,0.16666666666666666,5,5,ACGGCATGATATTTAACATG,0,1248321
ftsKp2,0.16666666666666666,5,5,ACGGACGACGATCGTATCAC,0,1264046
ftsKp2,0.16666666666666666,5,5,ACGCTGAGTAGAATTAAGTA,0,1265171
ftsKp2,0.16666666666666666,5,5,ACGCCCGCTGCACGAAATTT,0,1265064
ftsKp2,0.16666666666666666,5,5,ACGACTGAAATAAATTAGGT,0,1257793
ftsKp2,0.16666666666666666,5,5,ACGAACGGAAGTCCGTTTCA,0,1257725
ftsKp2,0.16666666666666666,5,5,ACCTTAAGTAATGACCAGTT,0,1255158
ftsKp2,0.16666666666666666,5,5,ACCTCTGTGTATAATTATCC,0,1244693
ftsKp2,0.16666666666666666,5,5,ACCGGTGTGCCATTTCGTGT,0,1264845
ftsKp2,0.16666666666666666,5,5,ACATTTTTACGGTTAACATG,0,1240027
ftsKp2,0.16666666666666666,5,5,ACATGTCCGCCGCGACAATA,0,1257136
ftsKp2,0.16666666666666666,5,5,ACATCGATGGCGGGTGTAAG,0,1270374
ftsKp2,0.16666666666666666,5,5,ACATAATGCTCACCTATCGA,0,1265849
ftsKp2,0.16666666666666666,5,5,ACAGGCGTGGGTGGACAAGG,0,1269523
ftsKp2,0.16666666666666666,5,5,ACAGATTTCGTAGCAAGTCA,0,1249979
ftsKp2,0.16666666666666666,5,5,ACAGATGTGCGTCGGCCGAA,0,1256113
ftsKp2,0.16666666666666666,5,5,ACAGAACACGTGCGATCAAT,0,1249362
ftsKp2,0.16666666666666666,5,5,ACAATGAACGCAATGGGGAT,0,1265116
ftsKp2,0.16666666666666666,5,5,ACAAATGTGTTAAAGCACAA,0,1262571
ftsKp2,0.16666666666666666,5,5,ACAAATCTTGTGTCTGGTCA,0,1267099
ftsKp2,0.16666666666666666,5,5,AATTTCAGTGAGAGGCAGAA,0,1264635
ftsKp2,0.16666666666666666,5,5,AATTTATTTCTGCAGCAGTC,0,1263559
ftsKp2,0.16666666666666666,5,5,AATTGGAGTTGTTCTCCTGG,0,1249115
ftsKp2,0.16666666666666666,5,5,AATGTCTCTATGCGCAGAGA,0,1254870
ftsKp2,0.16666666666666666,5,5,AATGCTACCGGCGTGGAGGC,0,1256951
ftsKp2,0.16666666666666666,5,5,AATCGATTTATTTTTCAGCA,0,1245129
ftsKp2,0.16666666666666666,5,5,AATCAGGCCTAATTGGATTC,0,1256524
ftsKp2,0.16666666666666666,5,5,AATCAGACTTAATATGGGGG,0,1260718
ftsKp2,0.16666666666666666,5,5,AATAGCTCCTGGACCCACCT,0,1266340
ftsKp2,0.16666666666666666,5,5,AATACGAGCCTATAGTGGCA,0,1251597
ftsKp2,0.16666666666666666,5,5,AATAATAGTCCTGGACCCGC,0,1246252
ftsKp2,0.16666666666666666,5,5,AATAAGGTCAAGACTTGTTT,0,1253716
ftsKp2,0.16666666666666666,5,5,AATAAAAGTCCAACAAGATC,0,1252871
ftsKp2,0.16666666666666666,5,5,AAGTTTCACCTACCGCACCC,0,1243858
ftsKp2,0.16666666666666666,5,5,AAGTGGATTACCTCGCTTAT,0,1249594
ftsKp2,0.16666666666666666,5,5,AAGTCCCATAACTGCTTAAC,0,1250216
ftsKp2,0.16666666666666666,5,5,AAGTCAGCGGGCGTCTGTCA,0,1262051
ftsKp2,0.16666666666666666,5,5,AAGGTTAGTCTTCGTGAGGC,0,1261707
ftsKp2,0.16666666666666666,5,5,AAGGTCTGATCAAAACGTAC,0,1266926
ftsKp2,0.16666666666666666,5,5,AAGGCTATGCCATTAGACGA,0,1250449
ftsKp2,0.16666666666666666,5,5,AAGGCATTTCGTCAACTTAA,0,1266099
ftsKp2,0.16666666666666666,5,5,AAGCTGAGATCCACATCGCA,0,1246298
ftsKp2,0.16666666666666666,5,5,AAGAGTCCTACAAGCCGAAA,0,1241953
ftsKp2,0.16666666666666666,5,5,AACGGAGCCAATAGATCCAC,0,1239566
ftsKp2,0.16666666666666666,5,5,AACCTATCTATTCCTTCTAT,0,1251153
ftsKp2,0.16666666666666666,5,5,AACATAGTAGGGTAAATATT,0,1254686
ftsKp2,0.16666666666666666,5,5,AACAGGAATCGTTTTTAGTA,0,1244935
ftsKp2,0.16666666666666666,5,5,AACAGCCAGGCTGGAACATG,0,1262763
ftsKp2,0.16666666666666666,5,5,AACAAACCGCGTTCACTATT,0,1249082
ftsKp2,0.16666666666666666,5,5,AAATTATTCAGACGCTACTC,0,1253529
ftsKp2,0.16666666666666666,5,5,AAATTAGGTTGTTAAACATG,0,1268687
ftsKp2,0.16666666666666666,5,5,AAATGCACTCCTCAGCATAA,0,1268599
ftsKp2,0.16666666666666666,5,5,AAATGATCGGGTTCCGCCAA,0,1241587
ftsKp2,0.16666666666666666,5,5,AAATCTGGCAAGGCCGGAAT,0,1259177
ftsKp2,0.16666666666666666,5,5,AAATCCCGTGAAGTCAGACT,0,1241550
ftsKp2,0.16666666666666666,5,5,AAATCAGATAGTCACGCCAT,0,1257468
ftsKp2,0.16666666666666666,5,5,AAAGGTTAAAAGGTACGACA,0,1258835
ftsKp2,0.16666666666666666,5,5,AAAGGTACTTATAGTGCAGT,0,1262263
ftsKp2,0.16666666666666666,5,5,AAAGCACGAGGCTTTAGTAT,0,1266005
ftsKp2,0.16666666666666666,5,5,AAACTAGACTCGGATGGGTC,0,1247169
ftsKp2,0.2,4,4,TTTTTGAAGCTCAATCCCCA,0,1262134
ftsKp2,0.2,4,4,TTTTCAAGTGTCGCGGGGGA,0,1251754
ftsKp2,0.2,4,4,TTTTACCTAGGTGGTTATCC,0,1246186
ftsKp2,0.2,4,4,TTTTAATGGTGAAGTCAAGC,0,1246084
ftsKp2,0.2,4,4,TTTGGACATACGGTAGTCTT,0,1243929
ftsKp2,0.2,4,4,TTTGCTCCGACTCGACTCTT,0,1253688
ftsKp2,0.2,4,4,TTTGATCGACGGGCGAGTTG,0,1248720
ftsKp2,0.2,4,4,TTTCTTCTTAAGTCCCGGAT,0,1266110
ftsKp2,0.2,4,4,TTTCGTAGGATCAGACCGTC,0,1245472
ftsKp2,0.2,4,4,TTTCGCCGTGTATGCAATGT,0,1239487
ftsKp2,0.2,4,4,TTTCCCCCGTGCCACGAGGC,0,1265875
ftsKp2,0.2,4,4,TTTCATAGGTTAGTCTTTCC,0,1251008
ftsKp2,0.2,4,4,TTTACTATTACTTAAATCAT,0,1245514
ftsKp2,0.2,4,4,TTGGTTGCGAAACAGCTGGA,0,1246758
ftsKp2,0.2,4,4,TTGGTTAGATCTGGTCGGTC,0,1246243
ftsKp2,0.2,4,4,TTGGTCAGCGGGTTGTTCGC,0,1251117
ftsKp2,0.2,4,4,TTGGGGTTACCGATCGATAG,0,1253093
ftsKp2,0.2,4,4,TTGGCTGGTGATGAGGGGAA,0,1267331
ftsKp2,0.2,4,4,TTGCGTCCCGGCCGCTTGAA,0,1248741
ftsKp2,0.2,4,4,TTGCGTCAAGTGGGGCAAGT,0,1260287
ftsKp2,0.2,4,4,TTGCGGACGAAGGGAAATAT,0,1258371
ftsKp2,0.2,4,4,TTGCCCTTATTTAGCGAACG,0,1254894
ftsKp2,0.2,4,4,TTGCCACTTGATAGGCGTCC,0,1250419
ftsKp2,0.2,4,4,TTGCAGCCGTGAGTGTTTCC,0,1253630
ftsKp2,0.2,4,4,TTGATACGCTAAAAACCGGC,0,1245948
ftsKp2,0.2,4,4,TTGAGTCAAACAAATCCTTA,0,1247276
ftsKp2,0.2,4,4,TTGAGATCCAGTGCAGATTA,0,1247992
ftsKp2,0.2,4,4,TTGACCGACCCTTGGGGCTC,0,1253558
ftsKp2,0.2,4,4,TTCTGACGGCGCTGGAACGC,0,1255965
ftsKp2,0.2,4,4,TTCTCCACGAAACGATTCAG,0,1248824
ftsKp2,0.2,4,4,TTCTAATCAAGGTCCTATGA,0,1264210
ftsKp2,0.2,4,4,TTCGTCAGGTTAGACGATAC,0,1246462
ftsKp2,0.2,4,4,TTCGGGATAGTAGTTATAAT,0,1263982
ftsKp2,0.2,4,4,TTCGCCCTAGCCTAAAGGAA,0,1251424
ftsKp2,0.2,4,4,TTCGAAAATATACAGCCTTG,0,1251729
ftsKp2,0.2,4,4,TTCCTGGGTCTACAAGTTGA,0,1264257
ftsKp2,0.2,4,4,TTCCGCGGTATTTCACATTG,0,1261473
ftsKp2,0.2,4,4,TTCCGCGAAGCGCAGAGACT,0,1253863
ftsKp2,0.2,4,4,TTCCAGCCACTAAATAGTTT,0,1265799
ftsKp2,0.2,4,4,TTCCAGAGTCAGAGACGTAA,0,1251330
ftsKp2,0.2,4,4,TTCATAGTAACCAGGTACAA,0,1262909
ftsKp2,0.2,4,4,TTCACACGCTCACATTACCT,0,1261709
ftsKp2,0.2,4,4,TTCAAGTCTGATCTCCGCTT,0,1245885
ftsKp2,0.2,4,4,TTCAAATAAGTGCCTCGCTA,0,1255692
ftsKp2,0.2,4,4,TTATTTGGGACTGAACCTCA,0,1267349
ftsKp2,0.2,4,4,TTATTCCGCGAGTTATATTA,0,1250464
ftsKp2,0.2,4,4,TTATGAAGGATTGGACCCCG,0,1264280
ftsKp2,0.2,4,4,TTATCAGTATGATCGGCCCT,0,1241151
ftsKp2,0.2,4,4,TTATCAGAAATGACTGGGAA,0,1259741
ftsKp2,0.2,4,4,TTATATTCAAGGCTCTGTCG,0,1248592
ftsKp2,0.2,4,4,TTAGCGCAACTCATACAGTA,0,1251329
ftsKp2,0.2,4,4,TTAGCAGTTTTTGCCTACAA,0,1243887
ftsKp2,0.2,4,4,TTAGACACTCCTGCGTAAAT,0,1241215
ftsKp2,0.2,4,4,TTACTGCTGCTGTTTATGGA,0,1253671
ftsKp2,0.2,4,4,TTACGAAGCTCCCATATTAG,0,1256280
ftsKp2,0.2,4,4,TTACCTTACTATAATATTAA,0,1260045
ftsKp2,0.2,4,4,TTACAGAGGGTTTGCTCTAA,0,1255036
ftsKp2,0.2,4,4,TTACAATTGCATGTTAAACG,0,1245519
ftsKp2,0.2,4,4,TTAATTTGTACGTTAGACAG,0,1266475
ftsKp2,0.2,4,4,TTAATCTAAACTACGGCGGT,0,1242314
ftsKp2,0.2,4,4,TTAAGGGGGACGAAATTCGA,0,1247393
ftsKp2,0.2,4,4,TGTTGCTAAAGCTATGGACT,0,1252684
ftsKp2,0.2,4,4,TGTTCCTGCGCCGGTGTTCT,0,1268383
ftsKp2,0.2,4,4,TGTGTGGTGTTCAATTCGTG,0,1265908
ftsKp2,0.2,4,4,TGTGCGGCGACACGGATGGG,0,1258340
ftsKp2,0.2,4,4,TGTCTTAACTCCGCTTTACA,0,1249682
ftsKp2,0.2,4,4,TGTCGTTTGAAACGTTTCGC,0,1262538
ftsKp2,0.2,4,4,TGTCGGAAGGCAGCGACCAC,0,1264898
ftsKp2,0.2,4,4,TGTCGAACGTTAGTCCTAAC,0,1261750
ftsKp2,0.2,4,4,TGTCCCAACTATGGACACCA,0,1270886
ftsKp2,0.2,4,4,TGTCACGGATACCCGCAGGA,0,1270924
ftsKp2,0.2,4,4,TGTATTGCCTAGTCCAAGGG,0,1239946
ftsKp2,0.2,4,4,TGTATACAGGAGCGGGCCAG,0,1270623
ftsKp2,0.2,4,4,TGTAATGGGCTAATTCGCTA,0,1252059
ftsKp2,0.2,4,4,TGTAACTAAGAATTCCGAAG,0,1258311
ftsKp2,0.2,4,4,TGGTTGGTACACCATTGTCA,0,1263084
ftsKp2,0.2,4,4,TGGTCTTAACAAGTGCTGCG,0,1259010
ftsKp2,0.2,4,4,TGGTATTGCTAAATCCAAAA,0,1250832
ftsKp2,0.2,4,4,TGGTAAGCACAGCTTCACGT,0,1251187
ftsKp2,0.2,4,4,TGGGGAGTTCCCTTCGGATG,0,1262908
ftsKp2,0.2,4,4,TGGGCAGCGCACTACGTTTG,0,1242474
ftsKp2,0.2,4,4,TGGGAAAGTCGAATCGAAGC,0,1267080
ftsKp2,0.2,4,4,TGGCTTTAGAAATACAATTT,0,1241241
ftsKp2,0.2,4,4,TGGCTTAAGTGTGCAGTCTA,0,1261027
ftsKp2,0.2,4,4,TGGCACGACTCTCCTACTTG,0,1263890
ftsKp2,0.2,4,4,TGGAGGGTTGCAGGCGTCAC,0,1259009
ftsKp2,0.2,4,4,TGGAGAGGAATCGAGAAACT,0,1256777
ftsKp2,0.2,4,4,TGCTTAGCGGTTCTGGCCAA,0,1244661
ftsKp2,0.2,4,4,TGCTCCTGTTAGAGTCATAA,0,1267867
ftsKp2,0.2,4,4,TGCTCACAACCTACCACCTC,0,1250932
ftsKp2,0.2,4,4,TGCGTTTCACAGTATACTAA,0,1258633
ftsKp2,0.2,4,4,TGCGCATCAGCTACTAAGGC,0,1254547
ftsKp2,0.2,4,4,TGCCTCGCTCATCGTTAGCG,0,1241314
ftsKp2,0.2,4,4,TGCCGGGGCTTGTTGTGACC,0,1239972
ftsKp2,0.2,4,4,TGCCGAGCAATCCAGGTGAA,0,1258942
ftsKp2,0.2,4,4,TGCCCGTGGTAGTCGAAAGG,0,1253108
ftsKp2,0.2,4,4,TGCCCCTTCTACGACTGTCG,0,1243302
ftsKp2,0.2,4,4,TGCCATGACCCGGTATCCAC,0,1241118
ftsKp2,0.2,4,4,TGCCACGGGTGTCCAGGGGG,0,1242113
ftsKp2,0.2,4,4,TGCCAATGTGGCGAGCGGTA,0,1243673
ftsKp2,0.2,4,4,TGCCAAAGTCTTATATCCCT,0,1257778
ftsKp2,0.2,4,4,TGCATTCAGGGAGTCTTTCA,0,1244362
ftsKp2,0.2,4,4,TGCATCTTAGCCTTGTCTAA,0,1269197
ftsKp2,0.2,4,4,TGCACCTAGAGATAACCGCT,0,1252179
ftsKp2,0.2,4,4,TGCAAGGCGTTGGGGGGTAG,0,1267334
ftsKp2,0.2,4,4,TGATCGGAGGATGGTCACTA,0,1268947
ftsKp2,0.2,4,4,TGAGGCTGAGACGCTTCTTC,0,1257154
ftsKp2,0.2,4,4,TGAGACGTCCCGCCGTTTCT,0,1264215
ftsKp2,0.2,4,4,TGAGAACACAAGAGTTGGAC,0,1265483
ftsKp2,0.2,4,4,TGACTGGGCGGGCTGTCCAC,0,1241560
ftsKp2,0.2,4,4,TGACTCGGAACGCGGCTACA,0,1263416
ftsKp2,0.2,4,4,TGACGCAGCTTCAAGGTAGT,0,1240151
ftsKp2,0.2,4,4,TGACGACATTATTGCGAATT,0,1265867
ftsKp2,0.2,4,4,TGACCCTCCAAAGACGCTCT,0,1264324
ftsKp2,0.2,4,4,TGACCCTACGTGTCAGCAGG,0,1263087
ftsKp2,0.2,4,4,TGACAGTGATCAACCATACA,0,1269898
ftsKp2,0.2,4,4,TGACAGCATGCGTTGGTACG,0,1267182
ftsKp2,0.2,4,4,TGACAATTAAGGCAGATCAT,0,1266593
ftsKp2,0.2,4,4,TGACAAGGGAAGTCCTGCAG,0,1240346
ftsKp2,0.2,4,4,TGAATTAAAACCTCAGCCAC,0,1263902
ftsKp2,0.2,4,4,TGAATCTTACTCCACTTCGT,0,1266153
ftsKp2,0.2,4,4,TGAACTTTGTACACGAACTG,0,1258372
ftsKp2,0.2,4,4,TGAACCTTACTGTCTGTCGT,0,1251735
ftsKp2,0.2,4,4,TGAACACATTCGGAGGGTAC,0,1249535
ftsKp2,0.2,4,4,TGAACACAATGCGCTTGAGA,0,1269431
ftsKp2,0.2,4,4,TGAAAAATTTGTTCGTGGCC,0,1256278
ftsKp2,0.2,4,4,TCTTCTTAAGCAATATGGGA,0,1246769
ftsKp2,0.2,4,4,TCTTCCGCTCGGTACGCCTC,0,1269418
ftsKp2,0.2,4,4,TCTTACCCACGATCTCCAGC,0,1268478
ftsKp2,0.2,4,4,TCTGCTGAGGGACCGCGTAG,0,1248975
ftsKp2,0.2,4,4,TCTGCCGTCACGTGCGCGAT,0,1266172
ftsKp2,0.2,4,4,TCTGATCATGGTACTCACAT,0,1262110
ftsKp2,0.2,4,4,TCTGAGCTCTTGTACTGGTG,0,1244332
ftsKp2,0.2,4,4,TCTGACGTTGTTATTACGTT,0,1263443
ftsKp2,0.2,4,4,TCTGACACTTTGGTCTCCTC,0,1261552
ftsKp2,0.2,4,4,TCTCCCAATGACTATTAAGC,0,1267052
ftsKp2,0.2,4,4,TCTAAGTGGAATTCCCTTGT,0,1241809
ftsKp2,0.2,4,4,TCTAAGGCTGGATTAAAATG,0,1261513
ftsKp2,0.2,4,4,TCTAACAGGCTCATCAGGCG,0,1244978
ftsKp2,0.2,4,4,TCGTGGCCGGAGTGGGAATT,0,1261246
ftsKp2,0.2,4,4,TCGTGCTTAAGTTTTATGGC,0,1240813
ftsKp2,0.2,4,4,TCGTCAGGAGAGATTGAGGG,0,1262524
ftsKp2,0.2,4,4,TCGGTGTCAACGAGTGGCCT,0,1253741
ftsKp2,0.2,4,4,TCGGTAACCGGTAGCTTAAG,0,1242598
ftsKp2,0.2,4,4,TCGGGGTTACCTGGTTGGGT,0,1261176
ftsKp2,0.2,4,4,TCGGGGGATATCTATATATC,0,1258877
ftsKp2,0.2,4,4,TCGGCTGGGCGTTATTAACA,0,1242851
ftsKp2,0.2,4,4,TCGCTCCCACAGTCCCCTAT,0,1241416
ftsKp2,0.2,4,4,TCGCGAGCATAGCGGCCACT,0,1260516
ftsKp2,0.2,4,4,TCGCCGCTCAGATAGAGTTC,0,1246985
ftsKp2,0.2,4,4,TCGCCAGATAGCTCAACAGC,0,1264846
ftsKp2,0.2,4,4,TCGCAGGCTAAGGCAGTACA,0,1247466
ftsKp2,0.2,4,4,TCGCAGCGAGGTGGCCCGAG,0,1262082
ftsKp2,0.2,4,4,TCGCAGACTCACAACCACAG,0,1247572
ftsKp2,0.2,4,4,TCGATCGTTTAGTGTGTCGC,0,1244811
ftsKp2,0.2,4,4,TCGATACTTCCAGTAAATGG,0,1265821
ftsKp2,0.2,4,4,TCGACATGACCTACGGGGCA,0,1261277
ftsKp2,0.2,4,4,TCCTCGAGTACGAGGCGGGT,0,1242498
ftsKp2,0.2,4,4,TCCTACAGGTACTGTCAGGA,0,1250547
ftsKp2,0.2,4,4,TCCGTGCTGTGCGCCCCGAA,0,1264203
ftsKp2,0.2,4,4,TCCGCTATACTTTTGACGAT,0,1250553
ftsKp2,0.2,4,4,TCCGAAGTCTCCAAGGATTA,0,1257790
ftsKp2,0.2,4,4,TCCCTAGGAGCGGGATCACA,0,1254817
ftsKp2,0.2,4,4,TCCCGATTCAGAAGGGCCTA,0,1252824
ftsKp2,0.2,4,4,TCCCCGGACAGGACTTGCGG,0,1250324
ftsKp2,0.2,4,4,TCCCCCCGTAACTAAAGGGA,0,1249987
ftsKp2,0.2,4,4,TCCCATTGGCCAGATTCGTC,0,1259974
ftsKp2,0.2,4,4,TCCATTCGTCAGCTATTCTC,0,1262006
ftsKp2,0.2,4,4,TCCATATGTTTAGTCTGACT,0,1239455
ftsKp2,0.2,4,4,TCCAGTAGGCTGAATTCACG,0,1242385
ftsKp2,0.2,4,4,TCCAGGACCACACTGTTCTG,0,1258579
ftsKp2,0.2,4,4,TCCACGGAGTACGGACAGAC,0,1261571
ftsKp2,0.2,4,4,TCCACAGCGTCCGAGCTACA,0,1258643
ftsKp2,0.2,4,4,TCCAACGCTGGTTTGGCGAG,0,1265965
ftsKp2,0.2,4,4,TCATGGTTTAATGGCTGCTT,0,1270026
ftsKp2,0.2,4,4,TCATGAACAGAGTACTCAAT,0,1240633
ftsKp2,0.2,4,4,TCATAGGGGCGACAGTCAGG,0,1244835
ftsKp2,0.2,4,4,TCATACGCAGTCAATTATGG,0,1262969
ftsKp2,0.2,4,4,TCAGTTTTATACACGAGACG,0,1267180
ftsKp2,0.2,4,4,TCAGGCTAAAGGGGCTTACA,0,1264157
ftsKp2,0.2,4,4,TCAGGCGGGTAGGATCTCGA,0,1254058
ftsKp2,0.2,4,4,TCACTCATTAGGATGCCGAA,0,1243509
ftsKp2,0.2,4,4,TCACCTTTTGGTCCTCTTAT,0,1245425
ftsKp2,0.2,4,4,TCACCAAACTTCAGACGGCA,0,1247672
ftsKp2,0.2,4,4,TCACATTTTCGGACGTCTGG,0,1254610
ftsKp2,0.2,4,4,TCACATTAAGGCCTGTCAAT,0,1249186
ftsKp2,0.2,4,4,TCACACTTCACATACACCAC,0,1248056
ftsKp2,0.2,4,4,TCAATTGAGCCCTTCCAGAC,0,1255814
ftsKp2,0.2,4,4,TCAATAATCAATGAATTATC,0,1242571
ftsKp2,0.2,4,4,TCAAGTTAGCCTTAGAACCC,0,1268073
ftsKp2,0.2,4,4,TCAAATGTAGCTAGAAGGTA,0,1264311
ftsKp2,0.2,4,4,TATTTAAAACTCAGACCGAG,0,1266397
ftsKp2,0.2,4,4,TATTGGTCTAGCTGTGGACA,0,1240313
ftsKp2,0.2,4,4,TATTATTCCCGTTGCTTGAA,0,1240749
ftsKp2,0.2,4,4,TATTAGGTTAGGGAGCAAAG,0,1240862
ftsKp2,0.2,4,4,TATTAGGATCTTAAGGAATC,0,1241176
ftsKp2,0.2,4,4,TATTAATTTCCAATGGACAG,0,1254349
ftsKp2,0.2,4,4,TATGTCTCCTCCTTTGTGAG,0,1256418
ftsKp2,0.2,4,4,TATGTATGAGTAGCTCTCTA,0,1263205
ftsKp2,0.2,4,4,TATGCGCCTGGCAACGTCCT,0,1240233
ftsKp2,0.2,4,4,TATCTCGCTGCAGATCCCTT,0,1250226
ftsKp2,0.2,4,4,TATCAGTCGCTCTTAGCTCA,0,1256135
ftsKp2,0.2,4,4,TATATATTGCCATCAGGTTC,0,1246810
ftsKp2,0.2,4,4,TATACCTCGATGGGCGGCAT,0,1249956
ftsKp2,0.2,4,4,TATAACAGACGTTGAGGCGT,0,1254083
ftsKp2,0.2,4,4,TAGGTGCAGTGGATATAGGC,0,1256647
ftsKp2,0.2,4,4,TAGCTTTACTGGGGATCATC,0,1240968
ftsKp2,0.2,4,4,TAGCGTCAGGGTACTAACCT,0,1244838
ftsKp2,0.2,4,4,TAGCGAATACAGGCGCGAAT,0,1250928
ftsKp2,0.2,4,4,TAGCCTGTCACTCCAATCGT,0,1265450
ftsKp2,0.2,4,4,TAGCCTAAAACACGTGGTTT,0,1259316
ftsKp2,0.2,4,4,TAGCCGTTTCGTGTAGTCAA,0,1251461
ftsKp2,0.2,4,4,TACTGTTGCATAACAACATT,0,1265868
ftsKp2,0.2,4,4,TACTGACTCTACATGAAATC,0,1246974
ftsKp2,0.2,4,4,TACTCGTTTAAACCGAATGA,0,1256538
ftsKp2,0.2,4,4,TACTCGGAGCCCTATGGATC,0,1264486
ftsKp2,0.2,4,4,TACTCAGGGCTGTGTACGTT,0,1249531
ftsKp2,0.2,4,4,TACTAGGTGTGAAGAGACTG,0,1241209
ftsKp2,0.2,4,4,TACGTTGCATGTTACGGTAC,0,1248470
ftsKp2,0.2,4,4,TACGTATGATGGCGATGGCT,0,1245565
ftsKp2,0.2,4,4,TACGGGTTCCGTAAACCCAT,0,1240999
ftsKp2,0.2,4,4,TACGGCATGCATCTGGGTTT,0,1256908
ftsKp2,0.2,4,4,TACGCCCTACCCTGCCGCCG,0,1246116
ftsKp2,0.2,4,4,TACGCCCAATGCACCCACCT,0,1254132
ftsKp2,0.2,4,4,TACGAGACAGCTGCGGCTCA,0,1248728
ftsKp2,0.2,4,4,TACCGTCTAGGAGGTCCAAG,0,1257247
ftsKp2,0.2,4,4,TACCGAACGTAAAGATTTGA,0,1260042
ftsKp2,0.2,4,4,TACATGGACGATATAACAAT,0,1270875
ftsKp2,0.2,4,4,TACATACGGCGTAGCTAGTC,0,1254306
ftsKp2,0.2,4,4,TAATCTAGCTTGCATACAAT,0,1257984
ftsKp2,0.2,4,4,TAATCCATTGTCCCTACGCC,0,1271068
ftsKp2,0.2,4,4,TAATACGTTTTGTCCCATTT,0,1260196
ftsKp2,0.2,4,4,TAATACATATATGGAGCGCC,0,1267750
ftsKp2,0.2,4,4,TAAGGTAAATATCGATATAG,0,1247647
ftsKp2,0.2,4,4,TAAGGACCCCTCACTTCAGT,0,1266155
ftsKp2,0.2,4,4,TAACTCATATATGGGCACTC,0,1255555
ftsKp2,0.2,4,4,TAACGGGCCGGGTGTCTGGT,0,1270077
ftsKp2,0.2,4,4,TAACGAGACAGGCGCCGATA,0,1247910
ftsKp2,0.2,4,4,TAACCCCTGGGTGACGAAGA,0,1244081
ftsKp2,0.2,4,4,TAACATCTCAAGTACATCAC,0,1268410
ftsKp2,0.2,4,4,TAAATACCCCACGGCCGTTG,0,1252315
ftsKp2,0.2,4,4,TAAAAGATTGGACCATTTCT,0,1240183
ftsKp2,0.2,4,4,GTTTTATTTATGATTTGCCT,0,1248706
ftsKp2,0.2,4,4,GTTTGTTGACGTAATGTGTG,0,1267392
ftsKp2,0.2,4,4,GTTTCAAAAGGTTTTTGCAT,0,1266177
ftsKp2,0.2,4,4,GTTTATCAGGCGTCCCTGCG,0,1261555
ftsKp2,0.2,4,4,GTTTAGCAATGTCAGGGGGC,0,1253547
ftsKp2,0.2,4,4,GTTGCGCTTCAACCGCATTG,0,1240713
ftsKp2,0.2,4,4,GTTGCAGGAGCCATTCACCA,0,1256569
ftsKp2,0.2,4,4,GTTGATTTTCGCAGGGTCGT,0,1253642
ftsKp2,0.2,4,4,GTTCAAAATGAGATACATTC,0,1244603
ftsKp2,0.2,4,4,GTTATTGACGCTGGTTTGGG,0,1242319
ftsKp2,0.2,4,4,GTTATTACCGAAACTACAAA,0,1265311
ftsKp2,0.2,4,4,GTTATCCGGTGAGTCCCATG,0,1256191
ftsKp2,0.2,4,4,GTTATATGATTGTTATCTAC,0,1264343
ftsKp2,0.2,4,4,GTTATAGTCCACGCTTAGGT,0,1255399
ftsKp2,0.2,4,4,GTTAGTTCGGCGGCATATTA,0,1253886
ftsKp2,0.2,4,4,GTTAGATGGCACACATGTAA,0,1259794
ftsKp2,0.2,4,4,GTGTTACGCACCATGAGACC,0,1265407
ftsKp2,0.2,4,4,GTGTCCTCACCTTGACACCT,0,1269092
ftsKp2,0.2,4,4,GTGTAGTCTGAGTTGCATAA,0,1263363
ftsKp2,0.2,4,4,GTGGTCCGATGGTGATCCGA,0,1260857
ftsKp2,0.2,4,4,GTGGGTGCTATGACATTTAG,0,1266565
ftsKp2,0.2,4,4,GTGGGCGAGAAGCTCGTGAT,0,1266958
ftsKp2,0.2,4,4,GTGGGAAAACTTTGCCACGT,0,1250212
ftsKp2,0.2,4,4,GTGGAGCCCTCTCACAGACA,0,1248234
ftsKp2,0.2,4,4,GTGCTCGGAGTCGGGCTAAT,0,1250522
ftsKp2,0.2,4,4,GTGCGGGCATAACGCGCCCC,0,1241849
ftsKp2,0.2,4,4,GTGCCTCGGACCGGGTCCAA,0,1240584
ftsKp2,0.2,4,4,GTGCAGGAGCCATCAATAAA,0,1255097
ftsKp2,0.2,4,4,GTGCACGTCGGCCACCTATG,0,1266089
ftsKp2,0.2,4,4,GTGCAACGGATTGTAACCCC,0,1243473
ftsKp2,0.2,4,4,GTGAAGCGAAAAACGAATAA,0,1243420
ftsKp2,0.2,4,4,GTCTTGAGTATATTAATGGG,0,1240920
ftsKp2,0.2,4,4,GTCGTCCCAGTCCTAATGCT,0,1266066
ftsKp2,0.2,4,4,GTCGTAGAATTGCATAAGCC,0,1266843
ftsKp2,0.2,4,4,GTCGATTAGGCCAGTCACGC,0,1248307
ftsKp2,0.2,4,4,GTCCTTGGATGACCTCTAGA,0,1269749
ftsKp2,0.2,4,4,GTCCTTATCCAGGATCATAC,0,1249418
ftsKp2,0.2,4,4,GTCCTAGAAACCTAGATAAG,0,1247869
ftsKp2,0.2,4,4,GTCAGGCCAGAAGAGCGGAC,0,1266034
ftsKp2,0.2,4,4,GTCAGCTCGAACCGGTATGC,0,1246120
ftsKp2,0.2,4,4,GTATATTTCGGTTAAGTTAG,0,1244028
ftsKp2,0.2,4,4,GTAGTTTTCTCAAAGGTTTC,0,1246849
ftsKp2,0.2,4,4,GTAGTTCGCGGAAAATCTCG,0,1250955
ftsKp2,0.2,4,4,GTAGGTGTTCAGCCCATTCC,0,1241700
ftsKp2,0.2,4,4,GTAGCGCACCTGGTAGTAAT,0,1239919
ftsKp2,0.2,4,4,GTAGAGGTGATTGGCGACTA,0,1250948
ftsKp2,0.2,4,4,GTACGACCCGTTTAATCTCG,0,1254977
ftsKp2,0.2,4,4,GTACAAGATCATAATAGTTC,0,1248091
ftsKp2,0.2,4,4,GTAATTTGGATTAAGCGGAG,0,1245808
ftsKp2,0.2,4,4,GTAATCTTTTACATTGAATA,0,1242192
ftsKp2,0.2,4,4,GTAACGTTAGCCCGTAGTCA,0,1255221
ftsKp2,0.2,4,4,GGTTATTCGTCGGACTGTGC,0,1249597
ftsKp2,0.2,4,4,GGTGTCGCCAGATTACCGTG,0,1258898
ftsKp2,0.2,4,4,GGTGGTGCTTTAAATGCGGT,0,1260476
ftsKp2,0.2,4,4,GGTGGCGGTGAAGATCTACA,0,1257687
ftsKp2,0.2,4,4,GGTGCATCCACAATCCGGAA,0,1252165
ftsKp2,0.2,4,4,GGTATGTCCCTAGGTCCCAT,0,1256534
ftsKp2,0.2,4,4,GGTAATTGTATGCATATCGG,0,1256153
ftsKp2,0.2,4,4,GGGTTTGAAAGAACGCCCCT,0,1266128
ftsKp2,0.2,4,4,GGGTTCAAATCGAATTTTTG,0,1252316
ftsKp2,0.2,4,4,GGGTTAAATATAGATATAAC,0,1255612
ftsKp2,0.2,4,4,GGGTCTCGTGCTGGGTACTA,0,1249667
ftsKp2,0.2,4,4,GGGTCGGATGCTGTATAAAC,0,1253650
ftsKp2,0.2,4,4,GGGTCCAATGGCTTCCAAAA,0,1247594
ftsKp2,0.2,4,4,GGGTATTGTACATGCGTTAT,0,1259017
ftsKp2,0.2,4,4,GGGTATAACTGCGCCGCGTA,0,1241619
ftsKp2,0.2,4,4,GGGTACTCACCTCGGCATTT,0,1257042
ftsKp2,0.2,4,4,GGGGTGTTCCCGCCACAGGT,0,1258229
ftsKp2,0.2,4,4,GGGGGTTAAACGCCCAAATA,0,1261758
ftsKp2,0.2,4,4,GGGGGTGGCAAACAAGTAAT,0,1253850
ftsKp2,0.2,4,4,GGGGCTGAGAGGTCAGCTGA,0,1267043
ftsKp2,0.2,4,4,GGGGATCGCAAGGGGGACCA,0,1262236
ftsKp2,0.2,4,4,GGGATCCAGGGCCGATTCAT,0,1249872
ftsKp2,0.2,4,4,GGGAGTGCGGGCTCAACGTC,0,1267887
ftsKp2,0.2,4,4,GGGAGGCTCCTGTCGAACTG,0,1268403
ftsKp2,0.2,4,4,GGGACGTGGCCCCTCGCGAA,0,1255902
ftsKp2,0.2,4,4,GGCTTGTACGCCTTAACCTA,0,1240426
ftsKp2,0.2,4,4,GGCTTCTTAGGACGCAAACT,0,1240994
ftsKp2,0.2,4,4,GGCTTACACCCGGTGACTAA,0,1255447
ftsKp2,0.2,4,4,GGCTGTGATACGGAGCGGAC,0,1239731
ftsKp2,0.2,4,4,GGCTGATAAGCGATGTGATG,0,1262351
ftsKp2,0.2,4,4,GGCTCCGCAAACCGTACGTT,0,1263113
ftsKp2,0.2,4,4,GGCTAATACGATAAAGAGGT,0,1268542
ftsKp2,0.2,4,4,GGCGTGGCGAATGTAACGAG,0,1242793
ftsKp2,0.2,4,4,GGCGAAGTAATAAACCCAGA,0,1258317
ftsKp2,0.2,4,4,GGCCTAATTGACCGCGTACA,0,1269666
ftsKp2,0.2,4,4,GGCCGACTACGAATGAGAGA,0,1254156
ftsKp2,0.2,4,4,GGCCACGTCGAGGCGAGCAG,0,1263625
ftsKp2,0.2,4,4,GGCATGCTAGTCGGAGCGTT,0,1246552
ftsKp2,0.2,4,4,GGCATGAGCCGGGGACCCTG,0,1249500
ftsKp2,0.2,4,4,GGCATGACCCGCGGTACAAT,0,1243024
ftsKp2,0.2,4,4,GGCAGCTTACCGTTTCATTC,0,1244867
ftsKp2,0.2,4,4,GGCAACTACCTACCAACATG,0,1249221
ftsKp2,0.2,4,4,GGATGCCATACGCACAGAGA,0,1261156
ftsKp2,0.2,4,4,GGATAGAAACGCGTATCGAC,0,1258966
ftsKp2,0.2,4,4,GGAGGATGTGCCATGGCTTC,0,1244172
ftsKp2,0.2,4,4,GGAGCAGATTTCAGATGGTT,0,1242610
ftsKp2,0.2,4,4,GGAGACAGCACGTTGAGTTT,0,1251920
ftsKp2,0.2,4,4,GGACTTTCATATATACTGAG,0,1265251
ftsKp2,0.2,4,4,GGACTTTATCCTCGGCGGAA,0,1244060
ftsKp2,0.2,4,4,GGACTTCGCAAATTCTTTAT,0,1241784
ftsKp2,0.2,4,4,GGACGCGTGTTAGCAGGGTT,0,1249977
ftsKp2,0.2,4,4,GGACATCGATATCGGACGTA,0,1257091
ftsKp2,0.2,4,4,GGAATCCCGGTCGTAGCCCA,0,1244836
ftsKp2,0.2,4,4,GGAACTTTACCTCCGGGTGT,0,1260098
ftsKp2,0.2,4,4,GCTGTTCACCTTCTGGATGT,0,1247035
ftsKp2,0.2,4,4,GCTGTATACGCGTTTTCATT,0,1260122
ftsKp2,0.2,4,4,GCTGGTGCAGATTGTGGAGG,0,1263089
ftsKp2,0.2,4,4,GCTGGTCGAAGGTAAGGGAG,0,1256774
ftsKp2,0.2,4,4,GCTGCGATTGTTAATGTTGA,0,1259437
ftsKp2,0.2,4,4,GCTCTGTCCTAGCACGTCAG,0,1255167
ftsKp2,0.2,4,4,GCTCTCGTGCAGTAGATGCA,0,1241965
ftsKp2,0.2,4,4,GCTCGCTCGACACCAAATTG,0,1249581
ftsKp2,0.2,4,4,GCTCGCCGTATTCTGACCAC,0,1243397
ftsKp2,0.2,4,4,GCTCGACTTAAACCTCCTTT,0,1241967
ftsKp2,0.2,4,4,GCTCATCTAGTGGTCGGCAG,0,1247064
ftsKp2,0.2,4,4,GCGTTCTTTTTGTCGTCCAC,0,1260070
ftsKp2,0.2,4,4,GCGTGTTGTTCCTGAACTTA,0,1256735
ftsKp2,0.2,4,4,GCGTGCAGCCCCGCTTTTAC,0,1261381
ftsKp2,0.2,4,4,GCGTGATACAGTGACGTGTC,0,1252242
ftsKp2,0.2,4,4,GCGTGACTTGGCGAGAACTT,0,1261553
ftsKp2,0.2,4,4,GCGTAGAAGTGCTACCCTGC,0,1252468
ftsKp2,0.2,4,4,GCGTACTGTTAGAGGGCCGG,0,1247791
ftsKp2,0.2,4,4,GCGGTTTGGACCTGACCATA,0,1265833
ftsKp2,0.2,4,4,GCGGTAAGCGCGGGGCAAAT,0,1260553
ftsKp2,0.2,4,4,GCGGGGGCGCCCTGTGCAAG,0,1264348
ftsKp2,0.2,4,4,GCGGGCATGGCTATTTGATA,0,1259982
ftsKp2,0.2,4,4,GCGACTTTGGTAGATCCCGG,0,1247506
ftsKp2,0.2,4,4,GCGAATCCATGACATGAGGT,0,1249481
ftsKp2,0.2,4,4,GCCTTGGAGTCTTCGGCCAC,0,1260960
ftsKp2,0.2,4,4,GCCTGATATCCAACGGTAAG,0,1246717
ftsKp2,0.2,4,4,GCCTCGCTATGTGGTTGTGC,0,1248832
ftsKp2,0.2,4,4,GCCTAGTGTGGCGGGAACAA,0,1269133
ftsKp2,0.2,4,4,GCCGTCGAACAGGTTGTGGC,0,1251948
ftsKp2,0.2,4,4,GCCGGTTCGCGAAACCTTCA,0,1260395
ftsKp2,0.2,4,4,GCCGAATGCATACATACTGG,0,1257349
ftsKp2,0.2,4,4,GCCCTCTCAAGGCATGTGGA,0,1247883
ftsKp2,0.2,4,4,GCCCGTTTCGTGCCATCGGA,0,1251296
ftsKp2,0.2,4,4,GCCCGAGACAATCGTCGGCC,0,1249961
ftsKp2,0.2,4,4,GCCCCCCAAGCCGTGAGCAG,0,1261986
ftsKp2,0.2,4,4,GCCCAATCAGTACCCTGATT,0,1270785
ftsKp2,0.2,4,4,GCCATGATTGTAGCAAAGGG,0,1243059
ftsKp2,0.2,4,4,GCCATACTGACCCCTCGACG,0,1245971
ftsKp2,0.2,4,4,GCCAGTTGATGCCGGAGCTC,0,1257378
ftsKp2,0.2,4,4,GCCAGTCACCCATCTCGAAT,0,1248639
ftsKp2,0.2,4,4,GCCAGCGTTAGTAATCTGTT,0,1266210
ftsKp2,0.2,4,4,GCCAGAGCCATAAGGCGTTG,0,1248881
ftsKp2,0.2,4,4,GCCAGACATGTTGATTATAT,0,1254553
ftsKp2,0.2,4,4,GCCACTCCCAATTGCAACCA,0,1268647
ftsKp2,0.2,4,4,GCCACGGTATCGAAAACCTT,0,1265895
ftsKp2,0.2,4,4,GCCAAATCAGGAGTATATGC,0,1244409
ftsKp2,0.2,4,4,GCAGGTAGTGCGCAAGTCGG,0,1244960
ftsKp2,0.2,4,4,GCAGGGAGTTAAGTGATGCT,0,1253296
ftsKp2,0.2,4,4,GCAGGGAATCTTTCCAGTGG,0,1241330
ftsKp2,0.2,4,4,GCAGCGTGTGTTTTGAATTT,0,1243454
ftsKp2,0.2,4,4,GCAGATAGATGCCACAGGGA,0,1253468
ftsKp2,0.2,4,4,GCAGACCGGTCCGGGGGACT,0,1240291
ftsKp2,0.2,4,4,GCACTGTACCTGTAGACCGT,0,1262391
ftsKp2,0.2,4,4,GCACCTAGCTGAGTCTTGGT,0,1258601
ftsKp2,0.2,4,4,GCACAGAACGCGTCCGGTGC,0,1268727
ftsKp2,0.2,4,4,GCAAATCGCTCTGGTTCAAG,0,1261909
ftsKp2,0.2,4,4,GATTTTAAGTTATGTATCGT,0,1253524
ftsKp2,0.2,4,4,GATTTGGCGTCGCAGTCGCA,0,1250492
ftsKp2,0.2,4,4,GATTCGCCCGCCTTCCAATG,0,1259219
ftsKp2,0.2,4,4,GATTCCTCCAAACATGAAAC,0,1266738
ftsKp2,0.2,4,4,GATTACGCGTAACGCCCAAG,0,1249724
ftsKp2,0.2,4,4,GATGCTCCACCTTGTCAGGA,0,1243932
ftsKp2,0.2,4,4,GATGCCCTATTGATAACTCC,0,1256916
ftsKp2,0.2,4,4,GATCGTTCCGGGGTTTTATG,0,1249332
ftsKp2,0.2,4,4,GATCATAGGCGCAACCGGAG,0,1250426
ftsKp2,0.2,4,4,GATAAGCACTGTAAGCAGGT,0,1256541
ftsKp2,0.2,4,4,GATAACTTGATCAGCGGGTA,0,1267990
ftsKp2,0.2,4,4,GAGTTAGCCGGGAGGGAATA,0,1256277
ftsKp2,0.2,4,4,GAGTTACTTCACAACGAGAG,0,1254413
ftsKp2,0.2,4,4,GAGTATACTTTTGCCCCCAT,0,1247371
ftsKp2,0.2,4,4,GAGGGGTACATGGTCAGACA,0,1269746
ftsKp2,0.2,4,4,GAGGGCTGGTGTTGTAAATG,0,1240091
ftsKp2,0.2,4,4,GAGGCCGGCTTCCTGAATAA,0,1244704
ftsKp2,0.2,4,4,GAGGATGATTGGTCAACTTT,0,1262670
ftsKp2,0.2,4,4,GAGATCCCATAGAACCACTT,0,1267424
ftsKp2,0.2,4,4,GAGAGCAGACGTCCCGGGTA,0,1259613
ftsKp2,0.2,4,4,GAGACTGAGTGAGGGAACTT,0,1251779
ftsKp2,0.2,4,4,GAGAAGGAAAAGCCGCGGAT,0,1250794
ftsKp2,0.2,4,4,GAGAACACTGTATCTCAGGA,0,1268231
ftsKp2,0.2,4,4,GACTTCCGGGTGCCGGACAG,0,1243660
ftsKp2,0.2,4,4,GACTCCTAAGGCCAGTCTCA,0,1258157
ftsKp2,0.2,4,4,GACTACGATGTCGGTCACGC,0,1245732
ftsKp2,0.2,4,4,GACGGCCGGACAGTTTATTT,0,1267726
ftsKp2,0.2,4,4,GACGAATGTATCTGAGCGGT,0,1249084
ftsKp2,0.2,4,4,GACCGGAGCATCGTCAAAGC,0,1252712
ftsKp2,0.2,4,4,GACCCTCGCTGTCGATGATG,0,1270464
ftsKp2,0.2,4,4,GACCATCCGGCGTGCAAGGT,0,1260272
ftsKp2,0.2,4,4,GACCACAGATTGACAGCCGC,0,1249242
ftsKp2,0.2,4,4,GACATCGCGAATCCAGAACT,0,1260427
ftsKp2,0.2,4,4,GACAGGGAGTCCCAGTTGTA,0,1239412
ftsKp2,0.2,4,4,GAATGTCGATACGAAGCCTT,0,1271135
ftsKp2,0.2,4,4,GAATCGGGGCACCGGGGTAC,0,1255403
ftsKp2,0.2,4,4,GAACTGTTCCCGTCACCTCG,0,1246546
ftsKp2,0.2,4,4,GAACTCTGGGTTTGAATCCA,0,1258478
ftsKp2,0.2,4,4,GAACTCTAGCCTGATTCGTG,0,1264228
ftsKp2,0.2,4,4,GAACGATGTTCAGTAATACT,0,1259641
ftsKp2,0.2,4,4,GAACCTATATGGCTCCCCCG,0,1261997
ftsKp2,0.2,4,4,GAACAGGGCTCCACCCTGCT,0,1264406
ftsKp2,0.2,4,4,GAAATTGCCTCACAACCCGA,0,1260204
ftsKp2,0.2,4,4,GAAACTGGTAATAATGCTGG,0,1268074
ftsKp2,0.2,4,4,GAAAAGAACGGTGACTCCCT,0,1260868
ftsKp2,0.2,4,4,CTTTTCGCTATCCTTTTTCC,0,1260314
ftsKp2,0.2,4,4,CTTTCGGTGGATCTGTTATA,0,1262199
ftsKp2,0.2,4,4,CTTTCGATGGTGTAACAGGA,0,1254626
ftsKp2,0.2,4,4,CTTTATACGATTGAGTAACA,0,1239884
ftsKp2,0.2,4,4,CTTTACTAGGGAGGTTTACA,0,1252747
ftsKp2,0.2,4,4,CTTTAAGAACGTTTACACGT,0,1267353
ftsKp2,0.2,4,4,CTTTAAACTGAGGGAGTCAC,0,1256909
ftsKp2,0.2,4,4,CTTGCTGGCTCTTTGGCGGG,0,1254308
ftsKp2,0.2,4,4,CTTGCAGACCCCTAAATGAG,0,1270266
ftsKp2,0.2,4,4,CTTCAGCTCCTCGTCGATGG,0,1242101
ftsKp2,0.2,4,4,CTTCACGAGGCCCTCAGTAC,0,1241942
ftsKp2,0.2,4,4,CTTATTGTCAAGGACGGTGT,0,1258114
ftsKp2,0.2,4,4,CTGTTAGTGTATGTCCTGCG,0,1245215
ftsKp2,0.2,4,4,CTGTGGCGCAGCACCAAGGC,0,1263040
ftsKp2,0.2,4,4,CTGTGCGAAGCTAGATTAAC,0,1270896
ftsKp2,0.2,4,4,CTGGGGCACTTAATTAGGTT,0,1244141
ftsKp2,0.2,4,4,CTGGGACTATCCAGTATGTC,0,1249413
ftsKp2,0.2,4,4,CTGGATGAGTTCAATAAGCG,0,1255934
ftsKp2,0.2,4,4,CTGCTGTTTCTTGTGATTGT,0,1250299
ftsKp2,0.2,4,4,CTGCTGGCCATAGCGGACGT,0,1246638
ftsKp2,0.2,4,4,CTGCTCCTATTCGGTGGCTG,0,1240609
ftsKp2,0.2,4,4,CTGCGTCACATCCCCAGGGG,0,1258271
ftsKp2,0.2,4,4,CTGCCAAGTTTGAATTCAAA,0,1255275
ftsKp2,0.2,4,4,CTGATGAGATTACGGCCCCA,0,1250306
ftsKp2,0.2,4,4,CTGATCCTACGCTCCGAATT,0,1244561
ftsKp2,0.2,4,4,CTGAGAGCAATACTCAACTT,0,1258845
ftsKp2,0.2,4,4,CTGAACTGATGTCACCCGCT,0,1263305
ftsKp2,0.2,4,4,CTCGTGTGCAGCGAGGTACA,0,1263372
ftsKp2,0.2,4,4,CTCGTGACCGTGTATTCAGA,0,1251677
ftsKp2,0.2,4,4,CTCGGGGGGTTGAACATCCT,0,1250091
ftsKp2,0.2,4,4,CTCGGCACGCCGCGGCAAGC,0,1258865
ftsKp2,0.2,4,4,CTCGCTTTTCAGACCCAAGG,0,1248611
ftsKp2,0.2,4,4,CTCCTGAGCTCGGGCATAAA,0,1241429
ftsKp2,0.2,4,4,CTCCGTCACCACCTAACGTG,0,1247984
ftsKp2,0.2,4,4,CTCCGGCTGAGGCCATCATA,0,1266730
ftsKp2,0.2,4,4,CTCCCCAGTTCTTTCCAGAC,0,1249556
ftsKp2,0.2,4,4,CTCCACACGTGAACCTGCGT,0,1256697
ftsKp2,0.2,4,4,CTCAGGCCTTGGAGTAAAGT,0,1245166
ftsKp2,0.2,4,4,CTATTAGTACGCCAGTATCA,0,1242742
ftsKp2,0.2,4,4,CTATAATGCGTTACTTGAAA,0,1244080
ftsKp2,0.2,4,4,CTATAAAAGAGAAGCAATCT,0,1252274
ftsKp2,0.2,4,4,CTAGTTGCTTTACATCTGTG,0,1260096
ftsKp2,0.2,4,4,CTAGTTGACAAAACAAAGGC,0,1251889
ftsKp2,0.2,4,4,CTAGGTTCCTCCGGCGTCTG,0,1259517
ftsKp2,0.2,4,4,CTAGGCTCGGCGTGGAGGAT,0,1241148
ftsKp2,0.2,4,4,CTAGACTAACGTACGTCGCC,0,1259153
ftsKp2,0.2,4,4,CTACTGCGGTGCGGCTCGAG,0,1258447
ftsKp2,0.2,4,4,CTACGGATGTTTCGCATAAG,0,1241177
ftsKp2,0.2,4,4,CTACGACGCTAGTATACCGC,0,1250437
ftsKp2,0.2,4,4,CTACCCGCGAATGACTCGAC,0,1265477
ftsKp2,0.2,4,4,CTACACGCGGAATTGTAAGG,0,1269937
ftsKp2,0.2,4,4,CTAACTTCCTCCGTAAGCTC,0,1262649
ftsKp2,0.2,4,4,CTAACTGGTTTAGTTGCAGT,0,1251870
ftsKp2,0.2,4,4,CTAACTCATATGGGTAAGTC,0,1246631
ftsKp2,0.2,4,4,CTAACGGTGCCAATGCGGTG,0,1241772
ftsKp2,0.2,4,4,CTAAACCGACCTGGGGATGC,0,1247509
ftsKp2,0.2,4,4,CTAAACCAAATACAATGCAA,0,1252161
ftsKp2,0.2,4,4,CGTTTGTAACCAGTCTATGG,0,1267671
ftsKp2,0.2,4,4,CGTTGCTCTTACTACCATTG,0,1249382
ftsKp2,0.2,4,4,CGTTGCGCAAAGTTGAAATT,0,1251482
ftsKp2,0.2,4,4,CGTTGCATCAACCGCTGAGC,0,1241431
ftsKp2,0.2,4,4,CGTGTTTTAGGTTCCTGCAT,0,1259568
ftsKp2,0.2,4,4,CGTGTGGTCAGGCGGTCAAG,0,1253136
ftsKp2,0.2,4,4,CGTGGCTCGTCAAACTAGAT,0,1249685
ftsKp2,0.2,4,4,CGTCACTGGCGTTGTTTCAA,0,1267274
ftsKp2,0.2,4,4,CGTATTGTTTAAGGCGTAAG,0,1258756
ftsKp2,0.2,4,4,CGTATCGGCAAACCATTATC,0,1265256
ftsKp2,0.2,4,4,CGTACGTACGAACCTTACAA,0,1270163
ftsKp2,0.2,4,4,CGTACGACGGGCCACCGGTG,0,1251799
ftsKp2,0.2,4,4,CGTAAGTAACCTGGTCTGCC,0,1266670
ftsKp2,0.2,4,4,CGTAAGGAGATGTCCTGCCG,0,1255700
ftsKp2,0.2,4,4,CGTAAACTTGGAGGAGACAT,0,1250818
ftsKp2,0.2,4,4,CGGTTCGACTGCGTACGTGA,0,1251287
ftsKp2,0.2,4,4,CGGTTCACATCGTAGGAATG,0,1270017
ftsKp2,0.2,4,4,CGGTCCCCTGAGTCCCCTAT,0,1264042
ftsKp2,0.2,4,4,CGGTCAATCATTTATCTGGC,0,1245986
ftsKp2,0.2,4,4,CGGTAAACGACGACTGGCAG,0,1260566
ftsKp2,0.2,4,4,CGGGGAAACCGGAACCCACT,0,1243788
ftsKp2,0.2,4,4,CGGGCTAAAGGGTCACCCGA,0,1267980
ftsKp2,0.2,4,4,CGGGCCAGGGTCACTCTAGG,0,1264653
ftsKp2,0.2,4,4,CGGCTCATTCCTTACCAGGC,0,1263137
ftsKp2,0.2,4,4,CGGCGCTGTCTAGACTAGGT,0,1243194
ftsKp2,0.2,4,4,CGGCCAGTTGGGTGAATGTG,0,1260065
ftsKp2,0.2,4,4,CGGAGTGTACTCGTTGCAAA,0,1265092
ftsKp2,0.2,4,4,CGCTTTAGATTAAGTATCGC,0,1252827
ftsKp2,0.2,4,4,CGCTTGGTATGCGTTCTCAA,0,1267544
ftsKp2,0.2,4,4,CGCTTGGGCATGGTAGAGTT,0,1257287
ftsKp2,0.2,4,4,CGCTTACTGCGTTGCTAGGT,0,1260432
ftsKp2,0.2,4,4,CGCTTACTGCGATCAATCTC,0,1269074
ftsKp2,0.2,4,4,CGCTCTCTTCCAGGAAAAAC,0,1239579
ftsKp2,0.2,4,4,CGCTAGGGGTTTTATATACT,0,1266141
ftsKp2,0.2,4,4,CGCTAGGATGGTCTTACGGA,0,1266523
ftsKp2,0.2,4,4,CGCGTAAAGAGCGAGGCCTG,0,1249985
ftsKp2,0.2,4,4,CGCGGCGCAGGTTCCAGGAT,0,1251133
ftsKp2,0.2,4,4,CGCGGCACTTGCGGGGAGAG,0,1267046
ftsKp2,0.2,4,4,CGCGGACAAGGCGGTAGAGT,0,1268587
ftsKp2,0.2,4,4,CGCGAGCATCGCGACACCAG,0,1268879
ftsKp2,0.2,4,4,CGCCTACCGTTGCTATGGCA,0,1256922
ftsKp2,0.2,4,4,CGCCGACCAGGGCAAGTGGA,0,1250445
ftsKp2,0.2,4,4,CGCATGACAGTTGAACAAGC,0,1267183
ftsKp2,0.2,4,4,CGCAGTTATATTTTTGGTTA,0,1256336
ftsKp2,0.2,4,4,CGCAATCCTAATCAACCTCA,0,1263196
ftsKp2,0.2,4,4,CGATTTTATGGCGCCGGCAG,0,1242597
ftsKp2,0.2,4,4,CGATCAATGGGGATTTTTAA,0,1261137
ftsKp2,0.2,4,4,CGAGTGCTCTAATATGCCTG,0,1267441
ftsKp2,0.2,4,4,CGAGTATAGGGACAGACAGA,0,1248461
ftsKp2,0.2,4,4,CGAGGAACTGGCCAGCTGCA,0,1263395
ftsKp2,0.2,4,4,CGAGCTTGCTAGACTCATAC,0,1244356
ftsKp2,0.2,4,4,CGAGCGCTGGCGTGTCAGTA,0,1245210
ftsKp2,0.2,4,4,CGAGACTCCAGGTATGGGGT,0,1262751
ftsKp2,0.2,4,4,CGACCGCCTGAAGGGCTTAC,0,1267997
ftsKp2,0.2,4,4,CGAATTCGCTAGAGTGTGAG,0,1245705
ftsKp2,0.2,4,4,CGAAATCCCCGATCCCTCCT,0,1261913
ftsKp2,0.2,4,4,CCTTTCGTGATGCACTTGGG,0,1266379
ftsKp2,0.2,4,4,CCTTGCAATTTGCGATTTGA,0,1251999
ftsKp2,0.2,4,4,CCTGTTCGAACAGCTTTTTG,0,1267263
ftsKp2,0.2,4,4,CCTGCAGTTTGATGAGTCCC,0,1245444
ftsKp2,0.2,4,4,CCTCTGCTCCTCCCCGGTGT,0,1253405
ftsKp2,0.2,4,4,CCTCTCCACTCCAGCCCGTG,0,1242459
ftsKp2,0.2,4,4,CCTCGGCAGCGTCTGACGGA,0,1263592
ftsKp2,0.2,4,4,CCTCGCCGATTAGTCACTCT,0,1241863
ftsKp2,0.2,4,4,CCTACGTTGCGCGCGGGTAC,0,1269671
ftsKp2,0.2,4,4,CCTACACGATATTGGGTGAC,0,1252281
ftsKp2,0.2,4,4,CCGTTATCTCTAAATTCCGC,0,1263611
ftsKp2,0.2,4,4,CCGTGAAAACCTGTCTCGGC,0,1245522
ftsKp2,0.2,4,4,CCGTCTTTTAGGGGAAAGAG,0,1246510
ftsKp2,0.2,4,4,CCGTCGAACAGTAAAAAAAG,0,1254091
ftsKp2,0.2,4,4,CCGTAGGGAAAGAGCCAGGT,0,1239866
ftsKp2,0.2,4,4,CCGTACCTGTGCATGGCCTC,0,1245002
ftsKp2,0.2,4,4,CCGGTGGAAGTGGGGAGCTG,0,1249034
ftsKp2,0.2,4,4,CCGGTACAGTATGTTTACGT,0,1246536
ftsKp2,0.2,4,4,CCGGGAGATTCCCCCTTCAG,0,1257953
ftsKp2,0.2,4,4,CCGGCGCTAGGCAAGCTGGG,0,1249754
ftsKp2,0.2,4,4,CCGGACGCCGTACTACGGCG,0,1259827
ftsKp2,0.2,4,4,CCGGACAATTTGCGGTGACT,0,1256504
ftsKp2,0.2,4,4,CCGCTGTCTAAAAAGCATTC,0,1270181
ftsKp2,0.2,4,4,CCGCTGCAAACCATTATGCC,0,1248168
ftsKp2,0.2,4,4,CCGCGGATAGCCAAGCCCAA,0,1260807
ftsKp2,0.2,4,4,CCGCCGGCTGCCCGGCTTTG,0,1248338
ftsKp2,0.2,4,4,CCGATCTGCAGTCTTTCAAA,0,1243804
ftsKp2,0.2,4,4,CCGAATGGCGTTTTCTGCTT,0,1255175
ftsKp2,0.2,4,4,CCCTTGGGGGGGTATAACGG,0,1255058
ftsKp2,0.2,4,4,CCCTTAGAGTCACCTGTGCC,0,1254499
ftsKp2,0.2,4,4,CCCTGTCGGAAGCGTTCCGA,0,1259936
ftsKp2,0.2,4,4,CCCTGATCCCCTGTCTCACG,0,1258711
ftsKp2,0.2,4,4,CCCTCATCGCGATGCTCCTA,0,1268737
ftsKp2,0.2,4,4,CCCTAAACATGGTTAATTCA,0,1245691
ftsKp2,0.2,4,4,CCCGTTTTGAGGGGGAGTAA,0,1263935
ftsKp2,0.2,4,4,CCCGGCAACTGAGAATCTAT,0,1246038
ftsKp2,0.2,4,4,CCCCACAGGATTGGAGGCAT,0,1249041
ftsKp2,0.2,4,4,CCCATGATTCGGAATCATCG,0,1256212
ftsKp2,0.2,4,4,CCCAGTAGGGGTCCGTAAGA,0,1246916
ftsKp2,0.2,4,4,CCCACGGCAGAGCAAAAGCC,0,1250329
ftsKp2,0.2,4,4,CCCACCCGGTTTCTTGGGTG,0,1240345
ftsKp2,0.2,4,4,CCCACAGGTTGTAACGTCGG,0,1254352
ftsKp2,0.2,4,4,CCCACAGACACCACCAAGGT,0,1255049
ftsKp2,0.2,4,4,CCCAATCACCTTTAGCTAGG,0,1260576
ftsKp2,0.2,4,4,CCCAAACAACTTTAGCTGAA,0,1251088
ftsKp2,0.2,4,4,CCATATACAGTTTGATGTAT,0,1267293
ftsKp2,0.2,4,4,CCATAGTAAGTAATAGAGTT,0,1263093
ftsKp2,0.2,4,4,CCATACCATAACTGCGTCTC,0,1247461
ftsKp2,0.2,4,4,CCATAATCGCAAAGCGCTAC,0,1250544
ftsKp2,0.2,4,4,CCAGCCTGCCGTGTTGTGAT,0,1264463
ftsKp2,0.2,4,4,CCACGCAATCGAGTGCCTCC,0,1251943
ftsKp2,0.2,4,4,CCAATTACAATCTTGGTAAG,0,1247228
ftsKp2,0.2,4,4,CCAATACCGAAGGTGTAATA,0,1269514
ftsKp2,0.2,4,4,CCAAGCTATCATTGTGGTCC,0,1262213
ftsKp2,0.2,4,4,CATTGTAGAAAGGACATAAC,0,1243784
ftsKp2,0.2,4,4,CATTCAGCGCCGGGTCCTTA,0,1253803
ftsKp2,0.2,4,4,CATTAGGTCCATCGTCCTGT,0,1249783
ftsKp2,0.2,4,4,CATGGGTCCAATTTCCCTGA,0,1270016
ftsKp2,0.2,4,4,CATGCGCGGCCAAGGATTCA,0,1264482
ftsKp2,0.2,4,4,CATGCACTTGACTCGAGGTA,0,1242161
ftsKp2,0.2,4,4,CATCGGATTCTTAGTCTCGG,0,1262917
ftsKp2,0.2,4,4,CATCGGACTGAGGGAGGGCA,0,1268328
ftsKp2,0.2,4,4,CATATGATGGGGACTTTTCC,0,1260915
ftsKp2,0.2,4,4,CATAGCAAGTCGAGCCTCAT,0,1241175
ftsKp2,0.2,4,4,CATAACAAGAGGAGTACGGG,0,1253824
ftsKp2,0.2,4,4,CAGTGTAGCTCTTTATCACT,0,1254722
ftsKp2,0.2,4,4,CAGTCCGCTCGTAACGGGTG,0,1241972
ftsKp2,0.2,4,4,CAGTCATTCGTGTAAAAGAA,0,1248498
ftsKp2,0.2,4,4,CAGTATACAGGCTTCTTACG,0,1262418
ftsKp2,0.2,4,4,CAGGTATCGTTAAAGTGAGG,0,1256224
ftsKp2,0.2,4,4,CAGGGGCTGCGCAGCGCAAT,0,1259198
ftsKp2,0.2,4,4,CAGGGCTGGCGTCACCGTTC,0,1268481
ftsKp2,0.2,4,4,CAGGGAGGCAACTACGTAAT,0,1249014
ftsKp2,0.2,4,4,CAGGCAGTTGCGTATAACGT,0,1262287
ftsKp2,0.2,4,4,CAGGATGGAGCAAACGTCAT,0,1247842
ftsKp2,0.2,4,4,CAGGACCTCAGCTCCCTTGG,0,1269775
ftsKp2,0.2,4,4,CAGAGTGCTGATGGGCAGCA,0,1271090
ftsKp2,0.2,4,4,CAGAGTGCATGCTCGTACGA,0,1258852
ftsKp2,0.2,4,4,CAGAGATTTGTGTCCTTATA,0,1245263
ftsKp2,0.2,4,4,CAGACATGGACTGTCCGCTT,0,1241571
ftsKp2,0.2,4,4,CAGAACGTTAGTACGTGGGA,0,1258604
ftsKp2,0.2,4,4,CACTAGCGCACTGTCCGGTC,0,1268645
ftsKp2,0.2,4,4,CACGTAAGATTTGTGTACAC,0,1248054
ftsKp2,0.2,4,4,CACGCGTAGCGAAGTAATAT,0,1270151
ftsKp2,0.2,4,4,CACGATTGGGGGCGATACTC,0,1247141
ftsKp2,0.2,4,4,CACGACTTCTCAAAATTAAA,0,1261924
ftsKp2,0.2,4,4,CACGAAGAATCGACCCAATT,0,1262080
ftsKp2,0.2,4,4,CACCCAAGTTATCTCGACCT,0,1258685
ftsKp2,0.2,4,4,CACCATTTCGGGTTAGCACC,0,1258264
ftsKp2,0.2,4,4,CACAGGTGCGCTTGGTAGTG,0,1254810
ftsKp2,0.2,4,4,CACAGCAGCCAGGATTGGGG,0,1266875
ftsKp2,0.2,4,4,CACACGGGCTGCGAAAACAT,0,1263338
ftsKp2,0.2,4,4,CACAACTCCAAGAAAAGATA,0,1264526
ftsKp2,0.2,4,4,CAATTTAGGTAGTAGAGGCT,0,1256133
ftsKp2,0.2,4,4,CAATTCCTGGCGACGGAGTA,0,1258599
ftsKp2,0.2,4,4,CAATGTTAGTTGCAAATGGA,0,1253491
ftsKp2,0.2,4,4,CAATCTACGCGGTTGCCCAT,0,1252882
ftsKp2,0.2,4,4,CAATCATGTCCCTCATCTGC,0,1258369
ftsKp2,0.2,4,4,CAATAAGCTCTTTGTTAGAA,0,1256516
ftsKp2,0.2,4,4,CAAGCTCTCAGAGGGGTCCA,0,1256993
ftsKp2,0.2,4,4,CAAGCATCTAGTACCAACCT,0,1252548
ftsKp2,0.2,4,4,CAAGAGTATTCTGGGGTTAA,0,1258161
ftsKp2,0.2,4,4,CAACTCAGGCCAGGGGGGAA,0,1256953
ftsKp2,0.2,4,4,CAACCGGGGTGCTAAAGTCT,0,1242808
ftsKp2,0.2,4,4,CAACCGGACGTTGTTAATGA,0,1251445
ftsKp2,0.2,4,4,CAACCCTTGGCTCCTATCTA,0,1242960
ftsKp2,0.2,4,4,CAAATGGATTCCACGGTGGG,0,1248104
ftsKp2,0.2,4,4,CAAATGACGGTGGTATAGAT,0,1270730
ftsKp2,0.2,4,4,CAAAGACATCGCTGACAGAA,0,1252922
ftsKp2,0.2,4,4,CAAACAGGGGTTACATTTAC,0,1260688
ftsKp2,0.2,4,4,ATTTTTTACACATTCTGTGA,0,1247283
ftsKp2,0.2,4,4,ATTTTGAGAGAGTTTTTGCA,0,1241529
ftsKp2,0.2,4,4,ATTTTATGCCAGGGAGTGCT,0,1251578
ftsKp2,0.2,4,4,ATTTCTTCCGTGCTACGTGA,0,1260571
ftsKp2,0.2,4,4,ATTTCGCCGCGGGTAGATGT,0,1253151
ftsKp2,0.2,4,4,ATTTCGACAAGGTCATTCTA,0,1243993
ftsKp2,0.2,4,4,ATTTCCAAGTGACAACTCTG,0,1268709
ftsKp2,0.2,4,4,ATTTCATTGTGTCGTGTCAA,0,1250441
ftsKp2,0.2,4,4,ATTTCAGATTTGACGCGAGG,0,1268212
ftsKp2,0.2,4,4,ATTTCAGACTTTATTTGAAG,0,1265771
ftsKp2,0.2,4,4,ATTGGTCTCGTGAGCTTACC,0,1261425
ftsKp2,0.2,4,4,ATTGGCTTAACTTCCAACAA,0,1254938
ftsKp2,0.2,4,4,ATTGACATGGCTCACGCCTA,0,1240319
ftsKp2,0.2,4,4,ATTCGGGAGTCCTCAAGTAC,0,1261019
ftsKp2,0.2,4,4,ATTAGGAGTCTGGGATAAGG,0,1248655
ftsKp2,0.2,4,4,ATTACGTGCGAGGCACTACT,0,1250961
ftsKp2,0.2,4,4,ATTACATGTAGTTAGGTTTG,0,1243520
ftsKp2,0.2,4,4,ATGTCGTAGCCCCACTTGCC,0,1258019
ftsKp2,0.2,4,4,ATGGGTTTTTAGAACTGACA,0,1245109
ftsKp2,0.2,4,4,ATGGGGGGGCCGACGGCTGT,0,1249114
ftsKp2,0.2,4,4,ATGGACCTGCCTGAGCCTGA,0,1257053
ftsKp2,0.2,4,4,ATGGACAGCAATATCCTGTG,0,1241799
ftsKp2,0.2,4,4,ATGCTAAGTGGCCTAATGAC,0,1264568
ftsKp2,0.2,4,4,ATGCGCAGCTGGCCTGTACG,0,1243554
ftsKp2,0.2,4,4,ATGCCAATTTCATTAGACCA,0,1268824
ftsKp2,0.2,4,4,ATGCAAAGTTGCATATTTGA,0,1258510
ftsKp2,0.2,4,4,ATGATGTCCTAACATGTTAC,0,1253089
ftsKp2,0.2,4,4,ATGATCGAGCACAGTCTGTT,0,1240515
ftsKp2,0.2,4,4,ATCTCCATTCTTGATACGAA,0,1263731
ftsKp2,0.2,4,4,ATCTATTCTCACAGCCTAGA,0,1255294
ftsKp2,0.2,4,4,ATCTAGACCTAGGAGGAAAC,0,1261836
ftsKp2,0.2,4,4,ATCTAATTGTAGTTGAGCTA,0,1252478
ftsKp2,0.2,4,4,ATCTAAATTTTGTAGGATAA,0,1256439
ftsKp2,0.2,4,4,ATCGGCGATGGCGTGCATAC,0,1245204
ftsKp2,0.2,4,4,ATCGGCACCGTTTAACAGCG,0,1239760
ftsKp2,0.2,4,4,ATCGCCGAGTCATGGGGAGG,0,1263984
ftsKp2,0.2,4,4,ATCGCAGAGTGATCTGTTCC,0,1242887
ftsKp2,0.2,4,4,ATCGACTCGCGGACTCACAT,0,1247120
ftsKp2,0.2,4,4,ATCCTTGCTAGCCTGTATCT,0,1270783
ftsKp2,0.2,4,4,ATCCTGCTTGAACAGATGTG,0,1263515
ftsKp2,0.2,4,4,ATCCTCCGATCACAGCTCGC,0,1266767
ftsKp2,0.2,4,4,ATCCTATTAAGAAGCCTTCT,0,1247697
ftsKp2,0.2,4,4,ATCCTAAGTCGTCTCTCACG,0,1258410
ftsKp2,0.2,4,4,ATCCATGCGTGGCAAGCCTT,0,1265253
ftsKp2,0.2,4,4,ATCCAATGTACTATTAGCGT,0,1244696
ftsKp2,0.2,4,4,ATCCAACACGTTGGGTCAGC,0,1239482
ftsKp2,0.2,4,4,ATCAGGGAGTCATGCCAAGG,0,1246165
ftsKp2,0.2,4,4,ATCACTGGATTAGTCGGCTT,0,1254538
ftsKp2,0.2,4,4,ATCACGAACCTTTGACCAAA,0,1244083
ftsKp2,0.2,4,4,ATCACCTTGTGCCAAAAGTT,0,1247715
ftsKp2,0.2,4,4,ATCACCGTTTTAGATTCGTG,0,1259144
ftsKp2,0.2,4,4,ATCAAAGTGTCCACCCCGTA,0,1261420
ftsKp2,0.2,4,4,ATATGCCCTAACGACGCGAC,0,1240438
ftsKp2,0.2,4,4,ATATCCTCAGGTACGCCCTG,0,1249249
ftsKp2,0.2,4,4,ATATCAGTGTCATATGAACA,0,1243909
ftsKp2,0.2,4,4,ATATAGATTCAAACTTATCA,0,1260684
ftsKp2,0.2,4,4,ATAGGGGCTGCCCCAACCAG,0,1247667
ftsKp2,0.2,4,4,ATACTACGAGCCCCAAGCGG,0,1261596
ftsKp2,0.2,4,4,ATACGCTCACAAACGTCGAA,0,1268166
ftsKp2,0.2,4,4,ATACGATAGCTTTTTCGCTC,0,1263262
ftsKp2,0.2,4,4,ATACAAGAGATCTGTTTCCC,0,1266262
ftsKp2,0.2,4,4,ATAAGACAGGACGCGCTAGA,0,1239684
ftsKp2,0.2,4,4,AGTTATTAGTTCGTTTTAAT,0,1259808
ftsKp2,0.2,4,4,AGTTAACTCTACGCAAGACG,0,1266668
ftsKp2,0.2,4,4,AGTGATCGTAGAGGGCGGGG,0,1246069
ftsKp2,0.2,4,4,AGTCGCGTGCGGCGCAGTTA,0,1268978
ftsKp2,0.2,4,4,AGTCCGATGATCCATTGGCT,0,1265756
ftsKp2,0.2,4,4,AGTCCCAAATCCTCTCTGGG,0,1240059
ftsKp2,0.2,4,4,AGTCACGAATGGTATAGTAC,0,1266919
ftsKp2,0.2,4,4,AGTAGGATGGACGCCCTCGA,0,1262384
ftsKp2,0.2,4,4,AGGTTTGTAAATGTCTAGCA,0,1259321
ftsKp2,0.2,4,4,AGGTTCTCCCCGAACGTAAT,0,1266839
ftsKp2,0.2,4,4,AGGTTAGACAGGATCGGGAC,0,1261928
ftsKp2,0.2,4,4,AGGTGAACCACCGTGATTTT,0,1245703
ftsKp2,0.2,4,4,AGGTCTCGTACAGGCGGCTT,0,1251422
ftsKp2,0.2,4,4,AGGTCATACGTCATGTGATT,0,1258117
ftsKp2,0.2,4,4,AGGGGCACCGCATACTTTAC,0,1250681
ftsKp2,0.2,4,4,AGGGCGAATAAAGCGCCAGT,0,1256899
ftsKp2,0.2,4,4,AGGGAGGGGGCCACTGTTGT,0,1250729
ftsKp2,0.2,4,4,AGGCTGTCTGCAGTAGGAGA,0,1246826
ftsKp2,0.2,4,4,AGGCCGCGGGAACCCGTGCA,0,1257662
ftsKp2,0.2,4,4,AGGCAAGTCGCGCTATACCT,0,1255345
ftsKp2,0.2,4,4,AGGATGTACGGAATAGCTGG,0,1246438
ftsKp2,0.2,4,4,AGGATCAGTTAGGTGATTAG,0,1239441
ftsKp2,0.2,4,4,AGGATCAGGGTCAGCACGGG,0,1256918
ftsKp2,0.2,4,4,AGGAGATTTCTCGATGGTCA,0,1265093
ftsKp2,0.2,4,4,AGGACCCTGAGCGAATCTTT,0,1246771
ftsKp2,0.2,4,4,AGGAACGGACTTGTGTGCGG,0,1265572
ftsKp2,0.2,4,4,AGCGTCCGCGGTCCACGGGG,0,1251162
ftsKp2,0.2,4,4,AGCGGTCCGATGCTATAGTT,0,1254592
ftsKp2,0.2,4,4,AGCGAGCTGCTATTCGCTTG,0,1263670
ftsKp2,0.2,4,4,AGCCTAGTCGTAGGCCTTAA,0,1265250
ftsKp2,0.2,4,4,AGCATTCCGTCAGAAACTTT,0,1265273
ftsKp2,0.2,4,4,AGCATTATTACGAAAGTGGC,0,1252130
ftsKp2,0.2,4,4,AGATTTCTAGTATCCGTATG,0,1240835
ftsKp2,0.2,4,4,AGATTTAAATCCCTGCGTTT,0,1253032
ftsKp2,0.2,4,4,AGATTAGGCCATTTCCCCAC,0,1252135
ftsKp2,0.2,4,4,AGATTACGGATACATTCTTG,0,1246726
ftsKp2,0.2,4,4,AGAGTTAGCTGGTTGGATGC,0,1254042
ftsKp2,0.2,4,4,AGAGGTAGACCTTGCGGTGG,0,1253012
ftsKp2,0.2,4,4,AGAGGCTAATGGTAGGGCAA,0,1259977
ftsKp2,0.2,4,4,AGAGCAGGCATTTAGTGTCA,0,1258441
ftsKp2,0.2,4,4,AGACTCAGGCACCCCGATGA,0,1249427
ftsKp2,0.2,4,4,AGACGAGGACGACCAGTAGT,0,1243678
ftsKp2,0.2,4,4,AGACCTATCTACAGGAATTG,0,1248495
ftsKp2,0.2,4,4,AGACACGTTGACCGAGCCCG,0,1264114
ftsKp2,0.2,4,4,AGAATCTAAATGGCTTTTGG,0,1254792
ftsKp2,0.2,4,4,AGAATCACCGACTGAGTCCA,0,1261327
ftsKp2,0.2,4,4,ACTTGTGACCTAAGGAACCA,0,1246935
ftsKp2,0.2,4,4,ACTTGCACTATTCACGACTA,0,1257663
ftsKp2,0.2,4,4,ACTTCGACGTTCGGACCCGT,0,1253942
ftsKp2,0.2,4,4,ACTGTGGTGGGGATAGATCT,0,1269393
ftsKp2,0.2,4,4,ACTGTAACAGACTCTTAAAA,0,1239641
ftsKp2,0.2,4,4,ACTGGAGATGAAATCACGAG,0,1239563
ftsKp2,0.2,4,4,ACTGCGATCTATAAACGGTA,0,1243904
ftsKp2,0.2,4,4,ACTGAAGGGTAGACCGACAC,0,1250114
ftsKp2,0.2,4,4,ACTCTTGTTCCCAAACGTTA,0,1265448
ftsKp2,0.2,4,4,ACTCTCACCATAGTGCACCA,0,1263359
ftsKp2,0.2,4,4,ACTCTATGTGTAGGCCATAC,0,1263474
ftsKp2,0.2,4,4,ACTCGGTCTCGCCCAACGAG,0,1240903
ftsKp2,0.2,4,4,ACTCCTCATATTCATAGAAA,0,1258026
ftsKp2,0.2,4,4,ACTAGAGGTCACATACCATT,0,1262688
ftsKp2,0.2,4,4,ACTAACACGGTTCACGTTAC,0,1247325
ftsKp2,0.2,4,4,ACGTTTTTACTTTAGGGTGT,0,1264405
ftsKp2,0.2,4,4,ACGTTTGGAATGCCACCTAC,0,1241042
ftsKp2,0.2,4,4,ACGTTCGGTACAGTTGACTC,0,1260843
ftsKp2,0.2,4,4,ACGTTATGGCTTACTAGGTG,0,1252853
ftsKp2,0.2,4,4,ACGTTAATCCGTAAAATGCC,0,1248242
ftsKp2,0.2,4,4,ACGTGGCTGGTTCTTTGATC,0,1264703
ftsKp2,0.2,4,4,ACGTAGGACAGCTGTCATTG,0,1253634
ftsKp2,0.2,4,4,ACGGTCCAATGGGACCAATT,0,1245420
ftsKp2,0.2,4,4,ACGGGTAAGGAATGCACACT,0,1261150
ftsKp2,0.2,4,4,ACGGGCACGTCAACTAGCAT,0,1250389
ftsKp2,0.2,4,4,ACGGGATTGGATGCTGTTAC,0,1242151
ftsKp2,0.2,4,4,ACGGCTCGTTTTGTCAGCTC,0,1266514
ftsKp2,0.2,4,4,ACGGATCTCATCCACAACCA,0,1270210
ftsKp2,0.2,4,4,ACGGACTAGGGTATAAGTGC,0,1243109
ftsKp2,0.2,4,4,ACGCGTTTTGGACTGCCTAT,0,1248282
ftsKp2,0.2,4,4,ACGCGTCAGATCGTTACCTA,0,1260918
ftsKp2,0.2,4,4,ACGCAGAGGAGTCCTCGTCC,0,1260916
ftsKp2,0.2,4,4,ACGAGTGACCATGACTTCGT,0,1245825
ftsKp2,0.2,4,4,ACGACTTTGCTGTGGTCGGT,0,1246393
ftsKp2,0.2,4,4,ACGAAGATTCCAGCTATGTT,0,1266224
ftsKp2,0.2,4,4,ACCTACCAAACAGACGTAGG,0,1251022
ftsKp2,0.2,4,4,ACCGCGATATAGGTTGAGTA,0,1267589
ftsKp2,0.2,4,4,ACCGCCGTTTGGACATACCT,0,1260178
ftsKp2,0.2,4,4,ACCCTAGGTCCTTACGGTTA,0,1246911
ftsKp2,0.2,4,4,ACCATGAATCTACGAACACA,0,1261382
ftsKp2,0.2,4,4,ACCACTTGGTCGCAAACGAA,0,1251903
ftsKp2,0.2,4,4,ACATTGGAACTCAAAGTAAG,0,1243967
ftsKp2,0.2,4,4,ACATTATCAAAAAATAACAA,0,1256187
ftsKp2,0.2,4,4,ACAGTCTGCCATTCTCACTC,0,1252727
ftsKp2,0.2,4,4,ACAGACTACCTAATCGTGGG,0,1259395
ftsKp2,0.2,4,4,ACACTAATTTTACGATGCAG,0,1250136
ftsKp2,0.2,4,4,ACACGGACTCTAGTAAGCTC,0,1239665
ftsKp2,0.2,4,4,ACACCAACCGGCAGAAAGGA,0,1256445
ftsKp2,0.2,4,4,ACAATTCTTAGGCCTGGAGT,0,1247533
ftsKp2,0.2,4,4,AATTTGTTGTTCTCGACTCA,0,1256544
ftsKp2,0.2,4,4,AATTTAATATGATACCGTGT,0,1240766
ftsKp2,0.2,4,4,AATTCTCTGACACTAGACTC,0,1263741
ftsKp2,0.2,4,4,AATTCATTATGCCCAATCTT,0,1262671
ftsKp2,0.2,4,4,AATTATGATCTACCGTTGGG,0,1246644
ftsKp2,0.2,4,4,AATGTGCATCATCCACGGTG,0,1250430
ftsKp2,0.2,4,4,AATCTCTCAAGTTTCCTCGT,0,1252687
ftsKp2,0.2,4,4,AATCTAAGCTTGTGAGGGTT,0,1263714
ftsKp2,0.2,4,4,AATCCGAGAGGGACGTGTAC,0,1253372
ftsKp2,0.2,4,4,AATCACTGCGGTTGTTACAT,0,1244756
ftsKp2,0.2,4,4,AATATCTGTCGGTTGGATCC,0,1260520
ftsKp2,0.2,4,4,AATAGAAATCAGTCTGTATC,0,1261809
ftsKp2,0.2,4,4,AAGTTTCCACATGTCTGTCA,0,1268791
ftsKp2,0.2,4,4,AAGTGCAGTCACACAATGGG,0,1255890
ftsKp2,0.2,4,4,AAGGTGCCGGCCGTACCAAG,0,1268888
ftsKp2,0.2,4,4,AAGGGGACACCGTATCTTCT,0,1264422
ftsKp2,0.2,4,4,AAGGCTCCAACACTCATCTG,0,1239413
ftsKp2,0.2,4,4,AAGGCCCTCCTGTGACCCTG,0,1260041
ftsKp2,0.2,4,4,AAGGAATTGCGGAATCAATG,0,1265644
ftsKp2,0.2,4,4,AAGCGTGTGTGTAGGGTAGT,0,1249336
ftsKp2,0.2,4,4,AAGCGACAGCTTTGTCATTT,0,1250614
ftsKp2,0.2,4,4,AAGAGGAGTCAAATTAAGGA,0,1250491
ftsKp2,0.2,4,4,AAGAGGACACCGGGCTGAGG,0,1261276
ftsKp2,0.2,4,4,AAGAGACGTGTAAGAAGCAA,0,1257491
ftsKp2,0.2,4,4,AAGAACGATATGTCAGTAGC,0,1266472
ftsKp2,0.2,4,4,AACTTTGAATATAGTGGATA,0,1257804
ftsKp2,0.2,4,4,AACTTGGAGACGTGGGACCA,0,1254491
ftsKp2,0.2,4,4,AACTTGAAACCGACTGTCGG,0,1268235
ftsKp2,0.2,4,4,AACTGTAAAGAACTACGATT,0,1244390
ftsKp2,0.2,4,4,AACTGGACACTCAAAGCGTG,0,1242256
ftsKp2,0.2,4,4,AACTGCGTCCGCTGTACCCC,0,1245563
ftsKp2,0.2,4,4,AACTCTCCTCGAACGTGCTT,0,1239791
ftsKp2,0.2,4,4,AACTAAGTACATACAATTAA,0,1250191
ftsKp2,0.2,4,4,AACGTTAAGTAGTGCCATTT,0,1269747
ftsKp2,0.2,4,4,AACGTAATGGTAAGCTCTCT,0,1268163
ftsKp2,0.2,4,4,AACGGAAACAATAGCCAGTC,0,1252637
ftsKp2,0.2,4,4,AACGATTAACCGCCGACCAC,0,1242203
ftsKp2,0.2,4,4,AACCCTGACAACATACTAGG,0,1251575
ftsKp2,0.2,4,4,AACCCTAAGGTCTCGCCAAC,0,1249555
ftsKp2,0.2,4,4,AACCAATAGCGGCGTTGGTG,0,1242016
ftsKp2,0.2,4,4,AACATAATCTTCGTCGCAGT,0,1244019
ftsKp2,0.2,4,4,AACAGTAAACTAGCGAGAGA,0,1242297
ftsKp2,0.2,4,4,AACAGGCGCGTTCCCTAAAG,0,1249086
ftsKp2,0.2,4,4,AACAGGAGTCCGGCCTACTC,0,1261980
ftsKp2,0.2,4,4,AACAATCTATTTCGCGCTTT,0,1247282
ftsKp2,0.2,4,4,AAATTTAGCAAATCTGCGTG,0,1260903
ftsKp2,0.2,4,4,AAATTATTTCGCTGCGCGAG,0,1264647
ftsKp2,0.2,4,4,AAATGTCTTGGTGCAAGGAC,0,1266634
ftsKp2,0.2,4,4,AAATGCGCTCGGCCCGGAGC,0,1269639
ftsKp2,0.2,4,4,AAATATCCGGTAACGTTCTC,0,1258849
ftsKp2,0.2,4,4,AAAGGTCCCAATTACAGAAA,0,1247614
ftsKp2,0.2,4,4,AAAGAGGTTTCGAGCGGCAT,0,1263869
ftsKp2,0.2,4,4,AAACACGGGAACGCGCGCAA,0,1251124
ftsKp2,0.2,4,4,AAAAGATAAGTCGGTAAAGT,0,1261323
ftsKp2,0.2,4,4,AAAACCAACCACGAGGGAGA,0,1255579
ftsKp2,0.2,4,4,AAAACATCACCGGCTCCCAT,0,1251069
ftsKp2,0.25,3,3,TTTTTGGAATCCCTCTCGCA,0,1240971
ftsKp2,0.25,3,3,TTTTGTGCACATAGGGAGTT,0,1256591
ftsKp2,0.25,3,3,TTTTGGGATGTTAGAGCGGC,0,1270826
ftsKp2,0.25,3,3,TTTTGCACCGACCGATTCGT,0,1256119
ftsKp2,0.25,3,3,TTTTAAGTCGGCTAGGCCTA,0,1246338
ftsKp2,0.25,3,3,TTTGTTTCCGGTATATCAAA,0,1262339
ftsKp2,0.25,3,3,TTTGGTCATATGACAGGCAG,0,1241210
ftsKp2,0.25,3,3,TTTGGGTGCTAAGACTGAAT,0,1241806
ftsKp2,0.25,3,3,TTTGATAGGCAATCCACACA,0,1239610
ftsKp2,0.25,3,3,TTTCGGTAATGGTCGAGTTT,0,1254109
ftsKp2,0.25,3,3,TTTCGACATTAGACCACTCA,0,1269307
ftsKp2,0.25,3,3,TTTCCGTGGTCTCCACCAAG,0,1243047
ftsKp2,0.25,3,3,TTTCCGAAGATTTCGGAATG,0,1250500
ftsKp2,0.25,3,3,TTTCAATTAATGCCCAAACT,0,1260614
ftsKp2,0.25,3,3,TTTATAGCTCAGTCGCACAG,0,1241349
ftsKp2,0.25,3,3,TTTAGCTGTCTCGAGGAATT,0,1248358
ftsKp2,0.25,3,3,TTTAAGGTGAACGGAACGAT,0,1267565
ftsKp2,0.25,3,3,TTTAAATTCTCTAACGACTT,0,1257612
ftsKp2,0.25,3,3,TTGTTTAGCACCAGCGGCTG,0,1257963
ftsKp2,0.25,3,3,TTGTGGCAGAGATCGACAAT,0,1245567
ftsKp2,0.25,3,3,TTGTCATAGTAGGGGAGAAT,0,1265653
ftsKp2,0.25,3,3,TTGTAGGCGGATGTATGAGG,0,1243870
ftsKp2,0.25,3,3,TTGGTACGCCGTAACCCCTC,0,1247808
ftsKp2,0.25,3,3,TTGGGAAAGGTCGTGAACGT,0,1243243
ftsKp2,0.25,3,3,TTGCTCGGGCGAGTACCCAT,0,1267121
ftsKp2,0.25,3,3,TTGCGTTCTCAGACACCTTC,0,1269021
ftsKp2,0.25,3,3,TTGCCGATCGCTAGACCAAA,0,1245717
ftsKp2,0.25,3,3,TTGCATCATTCATTCGAATG,0,1265948
ftsKp2,0.25,3,3,TTGATCAAACATAATTAGGG,0,1251791
ftsKp2,0.25,3,3,TTGAGCGGTGTGCGATGTGC,0,1260408
ftsKp2,0.25,3,3,TTGAGAGTAGGAGTCCGACT,0,1261075
ftsKp2,0.25,3,3,TTCTTGTCCGGACGCTGGGT,0,1266870
ftsKp2,0.25,3,3,TTCTGTAGGTACTGGAAATT,0,1269266
ftsKp2,0.25,3,3,TTCTGCATCCTGGACTCGAG,0,1241233
ftsKp2,0.25,3,3,TTCTGAGGCATCTAAGTGAC,0,1267808
ftsKp2,0.25,3,3,TTCGTTATAGGGGGTGGGGG,0,1246422
ftsKp2,0.25,3,3,TTCGGTTGAAGACGTTTATG,0,1239650
ftsKp2,0.25,3,3,TTCGGAAACTACTCATAGCT,0,1267289
ftsKp2,0.25,3,3,TTCGCAGATCTTTCTCTGGC,0,1254479
ftsKp2,0.25,3,3,TTCGACGTTGAGTGCAGGGT,0,1257161
ftsKp2,0.25,3,3,TTCCTTGGGTGTCTGCGGAC,0,1241839
ftsKp2,0.25,3,3,TTCCTTCAAAGATAGATGAA,0,1267677
ftsKp2,0.25,3,3,TTCCGTATATTCCATCGTTT,0,1260665
ftsKp2,0.25,3,3,TTCCGACTAAGCGTCTAAGC,0,1246821
ftsKp2,0.25,3,3,TTCATTGAGACAACCGTGTT,0,1257239
ftsKp2,0.25,3,3,TTCATGATTTTAAAAAATCG,0,1262870
ftsKp2,0.25,3,3,TTCATCTGCCAGGAAAGAAG,0,1243789
ftsKp2,0.25,3,3,TTCAAGCTCAAGCCGCCCCA,0,1244041
ftsKp2,0.25,3,3,TTATTTAATACCGCGGTACT,0,1266423
ftsKp2,0.25,3,3,TTATGGGCTATACCTCTAGA,0,1259994
ftsKp2,0.25,3,3,TTATGCGTAGTGTCAATCGC,0,1259148
ftsKp2,0.25,3,3,TTATGCGAGACAGACTGGAA,0,1255154
ftsKp2,0.25,3,3,TTATCTGCATAACCCTTTTC,0,1261892
ftsKp2,0.25,3,3,TTATCCGGACGAATTAAACT,0,1255738
ftsKp2,0.25,3,3,TTATCATGGTGGGACGTTCA,0,1244383
ftsKp2,0.25,3,3,TTATATAACCACGATATATT,0,1243373
ftsKp2,0.25,3,3,TTAGTTGCTTATTTCGTGGG,0,1250164
ftsKp2,0.25,3,3,TTAGTGACTGTAGTCGCCTA,0,1253462
ftsKp2,0.25,3,3,TTAGTAAGGTGAATAGTCTT,0,1248994
ftsKp2,0.25,3,3,TTAGGTTGGGCCGGGCAAAT,0,1258980
ftsKp2,0.25,3,3,TTAGAAAGATCCGAGTTCGT,0,1260061
ftsKp2,0.25,3,3,TTACGACATTCCGCTTGGCC,0,1257727
ftsKp2,0.25,3,3,TTACCTTCCAAGTGGGGCCA,0,1254090
ftsKp2,0.25,3,3,TTACCTTACGTCCCCGTACA,0,1253966
ftsKp2,0.25,3,3,TTACCTAAGGTTGTTCATGG,0,1266474
ftsKp2,0.25,3,3,TTACCCTTCAGGTACTTGGT,0,1251551
ftsKp2,0.25,3,3,TTACCCCCGGGCGAGTGTAT,0,1254385
ftsKp2,0.25,3,3,TTAATTTGGTCTACGTGTTT,0,1245739
ftsKp2,0.25,3,3,TTAATCTAAATCCGTGCGAA,0,1266346
ftsKp2,0.25,3,3,TTAAGTTGCGATTGTAATAC,0,1242902
ftsKp2,0.25,3,3,TTAAGTCAGTCACCTCGGGT,0,1266501
ftsKp2,0.25,3,3,TTAAGGGTGACCTATCGCCC,0,1263771
ftsKp2,0.25,3,3,TTAAGCTTTCGAATCGGTTC,0,1246875
ftsKp2,0.25,3,3,TTAAGAGCGCGAGTGCTGCG,0,1244950
ftsKp2,0.25,3,3,TTAACTTAGACCTAAAGGGT,0,1249303
ftsKp2,0.25,3,3,TTAAATCAGTCCTTATTATG,0,1246468
ftsKp2,0.25,3,3,TGTTGCCAACCCTAGGTAAA,0,1243600
ftsKp2,0.25,3,3,TGTTCTCTAGGTACCGTTAG,0,1252057
ftsKp2,0.25,3,3,TGTTCGCTGCGATGCAAACC,0,1258925
ftsKp2,0.25,3,3,TGTTCGATGCTTGTGGGGTC,0,1267510
ftsKp2,0.25,3,3,TGTTCCTAAGGTGGGCAAAT,0,1242219
ftsKp2,0.25,3,3,TGTTATATGAGGTAATACGC,0,1245730
ftsKp2,0.25,3,3,TGTTACACCAGGGCGCCATG,0,1253283
ftsKp2,0.25,3,3,TGTGGCATAAGAAACACGAG,0,1254667
ftsKp2,0.25,3,3,TGTGGAATTCCATTCCGCAC,0,1268919
ftsKp2,0.25,3,3,TGTCTGCGTTAACTCGTTGT,0,1249681
ftsKp2,0.25,3,3,TGTCCTGGGAACGTAGAAAT,0,1268082
ftsKp2,0.25,3,3,TGTCCAGGCGCCGCAATTTT,0,1249273
ftsKp2,0.25,3,3,TGTCACCAGGCGAGCCATTT,0,1264253
ftsKp2,0.25,3,3,TGTCAAGGTCGGAGGACTTA,0,1242702
ftsKp2,0.25,3,3,TGTATCTGGCAATACTATCA,0,1244705
ftsKp2,0.25,3,3,TGTAGGCGGGTGGTATGAGT,0,1263032
ftsKp2,0.25,3,3,TGTAGCACGCCAGCGACTTA,0,1270467
ftsKp2,0.25,3,3,TGTAGAACCGTTTAGTTAGA,0,1268012
ftsKp2,0.25,3,3,TGTACCACCCGACTTGCCTC,0,1264308
ftsKp2,0.25,3,3,TGGTGGTTGTTAAAAATCTG,0,1252372
ftsKp2,0.25,3,3,TGGTCAGGTTGACTGGCACG,0,1248254
ftsKp2,0.25,3,3,TGGTCAATGGTTCCGGGGCT,0,1263133
ftsKp2,0.25,3,3,TGGGTGAACAGAAGCTAATA,0,1254455
ftsKp2,0.25,3,3,TGGGCTGTATTGAGACTAGG,0,1267300
ftsKp2,0.25,3,3,TGGGATTCGTGCAAAGTCCA,0,1240599
ftsKp2,0.25,3,3,TGGGAACGTTCCGGGGCGGT,0,1262859
ftsKp2,0.25,3,3,TGGCTTAAGGCCGTAAATAC,0,1256095
ftsKp2,0.25,3,3,TGGCTCTATGATCAACTTGC,0,1243412
ftsKp2,0.25,3,3,TGGCGGCTAACAGAGAGTTC,0,1245005
ftsKp2,0.25,3,3,TGGCGCATGAATCACTGGCG,0,1264651
ftsKp2,0.25,3,3,TGGCCTCTATGTAAAGGTGC,0,1250001
ftsKp2,0.25,3,3,TGGCATACACCAGGACTGTG,0,1264357
ftsKp2,0.25,3,3,TGGCAGGTCTGTGTGGTCAG,0,1255233
ftsKp2,0.25,3,3,TGGATTTTCGTAATGGGATC,0,1246470
ftsKp2,0.25,3,3,TGGAGTGTTACGTTACGCAG,0,1264807
ftsKp2,0.25,3,3,TGGAGGAGGCTTCCAAGGTG,0,1245178
ftsKp2,0.25,3,3,TGGAGAAATGATGGGGCCAC,0,1250833
ftsKp2,0.25,3,3,TGGACCTTGTAGCCGCTTCT,0,1259953
ftsKp2,0.25,3,3,TGGAAGACTAGAGGCCGGTC,0,1240122
ftsKp2,0.25,3,3,TGCTTGGGACATCTTAGGAT,0,1262327
ftsKp2,0.25,3,3,TGCTGACGCGAAGCGGCGAA,0,1256980
ftsKp2,0.25,3,3,TGCTGACAACCATGCGACTC,0,1264596
ftsKp2,0.25,3,3,TGCTCAGCCCGTAACCACCG,0,1262184
ftsKp2,0.25,3,3,TGCTCAAGGCTACTAGCATA,0,1250902
ftsKp2,0.25,3,3,TGCGTGTCTAGGCTGAACCT,0,1262627
ftsKp2,0.25,3,3,TGCGCCATAGCGTTTGGAAC,0,1247186
ftsKp2,0.25,3,3,TGCGACAAACAGAATCTATC,0,1259869
ftsKp2,0.25,3,3,TGCGAATAAGACACAAAATT,0,1247166
ftsKp2,0.25,3,3,TGCCGCGTGTGGAACCACTG,0,1262672
ftsKp2,0.25,3,3,TGCATTTCGACCACCTCCCC,0,1251496
ftsKp2,0.25,3,3,TGCAGTAAAGGCGGCTCTAT,0,1258095
ftsKp2,0.25,3,3,TGCACCGTTCCTTGGATATG,0,1264144
ftsKp2,0.25,3,3,TGCAAAAAAAAGTCGGACTT,0,1267650
ftsKp2,0.25,3,3,TGATTGTTTGCTATTAACGC,0,1245050
ftsKp2,0.25,3,3,TGATTCGGTGAACGCTCGAG,0,1260195
ftsKp2,0.25,3,3,TGATTACAAGCACTCTGGGG,0,1257398
ftsKp2,0.25,3,3,TGATCCACTATTTCCCGCGA,0,1241886
ftsKp2,0.25,3,3,TGATATACTTATCAAAAGGC,0,1264614
ftsKp2,0.25,3,3,TGATAAGTGCTCAGTAGCTT,0,1247215
ftsKp2,0.25,3,3,TGAGTTCGTCTACAGACAAG,0,1244862
ftsKp2,0.25,3,3,TGAGTCAGGGTACGTCGCCA,0,1263516
ftsKp2,0.25,3,3,TGAGGCCATTTACCACGTAC,0,1254947
ftsKp2,0.25,3,3,TGAGCGGGATGCACAACACC,0,1249209
ftsKp2,0.25,3,3,TGAGCAGGTCTCGTCCAACA,0,1247812
ftsKp2,0.25,3,3,TGAGACCCGACGGGATCTGT,0,1269420
ftsKp2,0.25,3,3,TGACTACATAACGGGGCTCG,0,1243104
ftsKp2,0.25,3,3,TGACGTTTGGTTAGCCCGTC,0,1259760
ftsKp2,0.25,3,3,TGACGAAAGCGGGTTCAGTA,0,1243417
ftsKp2,0.25,3,3,TGACAGTGGGTGGATCCTGT,0,1254506
ftsKp2,0.25,3,3,TGACAAAACAGCGTCGTTTA,0,1244153
ftsKp2,0.25,3,3,TGAAGTGATCGGAAGGGCGT,0,1251501
ftsKp2,0.25,3,3,TGAAGTCCGACGCAACCGTA,0,1270910
ftsKp2,0.25,3,3,TGAAATTCGCGCGGCTCCCA,0,1259038
ftsKp2,0.25,3,3,TGAAAGGCAGCGGTAGAACT,0,1242280
ftsKp2,0.25,3,3,TCTTTCCAACGAGCAATATT,0,1244645
ftsKp2,0.25,3,3,TCTTTATGTTCTTCGATATG,0,1242198
ftsKp2,0.25,3,3,TCTTGGCTGGAGAAGGCGTA,0,1265935
ftsKp2,0.25,3,3,TCTTCGCCCTGATTGAAAGC,0,1248387
ftsKp2,0.25,3,3,TCTTCAGAGGGTCTTTGCGT,0,1257818
ftsKp2,0.25,3,3,TCTTACGCGCGGAGTAGAAC,0,1268089
ftsKp2,0.25,3,3,TCTTAATAGCCGTCTATGTT,0,1250448
ftsKp2,0.25,3,3,TCTTAACCCCCCTTGCGGTC,0,1265058
ftsKp2,0.25,3,3,TCTTAAATGATCCAGAATGT,0,1265775
ftsKp2,0.25,3,3,TCTGGTCATCTTTTACTAAT,0,1269878
ftsKp2,0.25,3,3,TCTGGGTACGCGCACAATAA,0,1255891
ftsKp2,0.25,3,3,TCTCGTATTTTCGAGGGTAC,0,1252494
ftsKp2,0.25,3,3,TCTCGGGTACCAGCGCCATG,0,1259675
ftsKp2,0.25,3,3,TCTCGGCCCCGGTGCTAGAC,0,1241499
ftsKp2,0.25,3,3,TCTCCAGAATTGTAGGATCC,0,1253724
ftsKp2,0.25,3,3,TCTCCACCTACCGGCCAGAG,0,1249101
ftsKp2,0.25,3,3,TCTATGTATGGTGTGGCGGA,0,1250884
ftsKp2,0.25,3,3,TCTACTTGTGTCAAAAGAGC,0,1254428
ftsKp2,0.25,3,3,TCTACGCGAGTGTACCCGTT,0,1253839
ftsKp2,0.25,3,3,TCGTTCGGACGAGTCAATAC,0,1268422
ftsKp2,0.25,3,3,TCGTTACAGGTTTAGTGGTG,0,1269841
ftsKp2,0.25,3,3,TCGTGCTAGTACGAACGCTT,0,1261690
ftsKp2,0.25,3,3,TCGTGCCTGAACAAATGCAT,0,1264552
ftsKp2,0.25,3,3,TCGTGAGGAAGTTGGCTGAC,0,1256680
ftsKp2,0.25,3,3,TCGTCGTTATAGCTGATTTA,0,1268510
ftsKp2,0.25,3,3,TCGTCCAACCCGGAATAAAA,0,1240015
ftsKp2,0.25,3,3,TCGTCAGCCCGCGTTTCCGT,0,1260226
ftsKp2,0.25,3,3,TCGTCAATTGCCCTTCCAGG,0,1255151
ftsKp2,0.25,3,3,TCGGTTCACGCACGGACAAC,0,1270132
ftsKp2,0.25,3,3,TCGGTACGATTTCCTTAAGT,0,1247885
ftsKp2,0.25,3,3,TCGGGGTCGTCTTTCTCTAG,0,1257375
ftsKp2,0.25,3,3,TCGGCCTCAACAAGTGCTTG,0,1252257
ftsKp2,0.25,3,3,TCGGCACCAGCTTGGCCATG,0,1257938
ftsKp2,0.25,3,3,TCGGCAAAAACCGGTTGTTC,0,1239623
ftsKp2,0.25,3,3,TCGCTGTGTTGGTGCTGATG,0,1268584
ftsKp2,0.25,3,3,TCGCGCATAGAACGCTATGA,0,1257594
ftsKp2,0.25,3,3,TCGCAGTTCTTATAAGTAGC,0,1254025
ftsKp2,0.25,3,3,TCGCAATAGTTTACCTGATC,0,1257767
ftsKp2,0.25,3,3,TCGAGTACTCCAAAAGAACA,0,1259960
ftsKp2,0.25,3,3,TCGAGCGCACTTACGCAGAC,0,1245317
ftsKp2,0.25,3,3,TCGAAAGATGTTTTGAGAGT,0,1267611
ftsKp2,0.25,3,3,TCGAAACCAGTAGTTCGACA,0,1245846
ftsKp2,0.25,3,3,TCCTCGGCACGGTAACGCAA,0,1240728
ftsKp2,0.25,3,3,TCCTCCGTCAGCAAGGCCGG,0,1264801
ftsKp2,0.25,3,3,TCCTAACCGGGAATCAGCTG,0,1244808
ftsKp2,0.25,3,3,TCCGTGTGTATATTCCCTCG,0,1254910
ftsKp2,0.25,3,3,TCCGTGCCATCTTCTCCGCT,0,1252456
ftsKp2,0.25,3,3,TCCGGTGAGGGATCCAGGAC,0,1268154
ftsKp2,0.25,3,3,TCCCTGGACTTTACAATGAA,0,1240369
ftsKp2,0.25,3,3,TCCCGGTCAGAGTACACGAG,0,1264366
ftsKp2,0.25,3,3,TCCCGCAACCCAGTTCCACT,0,1260381
ftsKp2,0.25,3,3,TCCCACTCATACTTTCTCTT,0,1257686
ftsKp2,0.25,3,3,TCCATTATATTGTTTCTTTC,0,1247552
ftsKp2,0.25,3,3,TCCATGTTCGCGACGGTCGT,0,1250369
ftsKp2,0.25,3,3,TCCATGCCTCAGGTTTTTTC,0,1263782
ftsKp2,0.25,3,3,TCCAGCTACTAGAGTACGGT,0,1249287
ftsKp2,0.25,3,3,TCCACATGGCACAAAAGTTA,0,1268080
ftsKp2,0.25,3,3,TCCAAATTCCACATTTATAA,0,1264548
ftsKp2,0.25,3,3,TCATTGTCGCAATCTCTAGG,0,1245033
ftsKp2,0.25,3,3,TCATGATGGTACACCAACTG,0,1246547
ftsKp2,0.25,3,3,TCATCTCGGTTCGGATGGGG,0,1241259
ftsKp2,0.25,3,3,TCAGTTTCCCTGTATAAAAT,0,1243479
ftsKp2,0.25,3,3,TCAGGCCCGTAGGTGCAGTA,0,1246276
ftsKp2,0.25,3,3,TCAGATTTTCTAAAATGCCA,0,1255591
ftsKp2,0.25,3,3,TCAGACATACGATGGGTTTG,0,1249954
ftsKp2,0.25,3,3,TCACTATAATCACTATGCGG,0,1263130
ftsKp2,0.25,3,3,TCACGCCCGAAGATGCCTAC,0,1261653
ftsKp2,0.25,3,3,TCACGAGGAACAGCGTACAA,0,1255303
ftsKp2,0.25,3,3,TCAATGGTTTATTCGGTTAT,0,1243732
ftsKp2,0.25,3,3,TCAATGGGTGGCTTATGTTA,0,1265632
ftsKp2,0.25,3,3,TCAATAATTTGGCAGTAAAA,0,1240993
ftsKp2,0.25,3,3,TCAAGTTTTTTCTTACATTT,0,1251841
ftsKp2,0.25,3,3,TCAAGGCGTTTTTGAATACG,0,1254754
ftsKp2,0.25,3,3,TCAAATCTGTCGGCTTGGTG,0,1266059
ftsKp2,0.25,3,3,TATTGTGTTGGTCCAGAGCG,0,1242174
ftsKp2,0.25,3,3,TATTCTCGCTTACGTTGTAT,0,1247836
ftsKp2,0.25,3,3,TATTCGAATAGCTCGATGGT,0,1242819
ftsKp2,0.25,3,3,TATGTGTACGTCGGTTGTCA,0,1241329
ftsKp2,0.25,3,3,TATGGGCGATCTCCCTAGAC,0,1259749
ftsKp2,0.25,3,3,TATGAACATTCGAAAGAATT,0,1256155
ftsKp2,0.25,3,3,TATCTTATTACCGCCAAAGC,0,1267803
ftsKp2,0.25,3,3,TATCTGTGATCGCGTAGACG,0,1269313
ftsKp2,0.25,3,3,TATCGCTCGCGAGCCGAACG,0,1254157
ftsKp2,0.25,3,3,TATCCGGAACGAGCTTGACG,0,1269132
ftsKp2,0.25,3,3,TATCCCGCCGCCTCAAATAA,0,1252756
ftsKp2,0.25,3,3,TATATGGATTCGTCTGCTCT,0,1263748
ftsKp2,0.25,3,3,TATAGAGGCGTATTCGTCGT,0,1265295
ftsKp2,0.25,3,3,TATACTGCCACAACTATTCA,0,1243679
ftsKp2,0.25,3,3,TATACTCCGCGGCCGCGTAT,0,1247757
ftsKp2,0.25,3,3,TATAAAAAGCTTATTTACGT,0,1249484
ftsKp2,0.25,3,3,TAGTGTTTTTTGCATGGGCT,0,1267646
ftsKp2,0.25,3,3,TAGGGCGGGCTTTGATCGGG,0,1254630
ftsKp2,0.25,3,3,TAGCTGGGTATAATTTTCGA,0,1270093
ftsKp2,0.25,3,3,TAGCGAAAACTTCGTTGAGA,0,1253258
ftsKp2,0.25,3,3,TAGCCCAGAAGGATGCCCGA,0,1250952
ftsKp2,0.25,3,3,TAGCAATCAATCAGATCGGT,0,1244672
ftsKp2,0.25,3,3,TAGCAAATCACGGCGAAGCC,0,1247412
ftsKp2,0.25,3,3,TAGATAGGCTTATCACTCTC,0,1270113
ftsKp2,0.25,3,3,TAGAGGTAGCAATCTAAATG,0,1266758
ftsKp2,0.25,3,3,TAGACGGCCCGTATACCGCG,0,1258146
ftsKp2,0.25,3,3,TACTTCATAATTACCCTCAA,0,1246618
ftsKp2,0.25,3,3,TACTGTCTTTCCATCTATCT,0,1246704
ftsKp2,0.25,3,3,TACTCCAGATGATGCGAAGC,0,1240837
ftsKp2,0.25,3,3,TACTCAGCGTGTGTGGACTA,0,1264435
ftsKp2,0.25,3,3,TACGTGGCGCTTCACCAGGC,0,1240814
ftsKp2,0.25,3,3,TACGGGGCATTCAAGATGCC,0,1254793
ftsKp2,0.25,3,3,TACGGGAGAGCGGTAACGGT,0,1266252
ftsKp2,0.25,3,3,TACGGAGCACCCCGTTTTGT,0,1260319
ftsKp2,0.25,3,3,TACGCTTTCATTGCGACTCG,0,1241305
ftsKp2,0.25,3,3,TACGCGATATTATCGAAGCC,0,1245261
ftsKp2,0.25,3,3,TACGCAAAACACGAGATATA,0,1254079
ftsKp2,0.25,3,3,TACCGGGACATGCACTAGAT,0,1253273
ftsKp2,0.25,3,3,TACCGCACATAGGCATAAGA,0,1257455
ftsKp2,0.25,3,3,TACATTTATGGGCATACAAC,0,1260307
ftsKp2,0.25,3,3,TACATTAGAGTTAGGCTTAA,0,1250536
ftsKp2,0.25,3,3,TACATGCGTTCGGGACGAAG,0,1259381
ftsKp2,0.25,3,3,TAATTTGGTGAATGTGATCA,0,1242583
ftsKp2,0.25,3,3,TAATCAAGGAATAAAAGCGT,0,1241239
ftsKp2,0.25,3,3,TAATACTCACTCACCATCTT,0,1252191
ftsKp2,0.25,3,3,TAATAAAGGGGTGAGGAATG,0,1264430
ftsKp2,0.25,3,3,TAAGTCCATTGCCCTAAGTC,0,1240042
ftsKp2,0.25,3,3,TAAGGTGCGTGAAAATCTGG,0,1263449
ftsKp2,0.25,3,3,TAAGGAGTGCAGGATGTCCA,0,1252058
ftsKp2,0.25,3,3,TAAGGACATACCTCGGAACA,0,1249349
ftsKp2,0.25,3,3,TAAGATTAGTGAACGTACCT,0,1256866
ftsKp2,0.25,3,3,TAACCCGTGCTTAATTGGAA,0,1261903
ftsKp2,0.25,3,3,TAAATGGACGCTAAGGTACC,0,1246932
ftsKp2,0.25,3,3,TAAATACCGCAACGCCAGAA,0,1241074
ftsKp2,0.25,3,3,TAAACGGGCTCCTTAGTCAC,0,1241530
ftsKp2,0.25,3,3,TAAACCAAATTCTAAAAAAA,0,1256019
ftsKp2,0.25,3,3,TAAACACTACCCCGAGAGTA,0,1265086
ftsKp2,0.25,3,3,TAAAAGCCAGCCAGATCGCT,0,1240955
ftsKp2,0.25,3,3,GTTTCTAAAAGTTCTAAGGT,0,1253512
ftsKp2,0.25,3,3,GTTGTAACCCACGCTGTGTG,0,1247392
ftsKp2,0.25,3,3,GTTGCAGATCTCTGCGATCA,0,1248155
ftsKp2,0.25,3,3,GTTCTTTGAGAAGGTAACTT,0,1245087
ftsKp2,0.25,3,3,GTTCTCAATATTAGGTCAAT,0,1257111
ftsKp2,0.25,3,3,GTTCTATTTTTCTGAGAGAT,0,1258190
ftsKp2,0.25,3,3,GTTCGGTTTTGGAACGGACG,0,1255975
ftsKp2,0.25,3,3,GTTATCAGCCAAGCCGAATG,0,1261120
ftsKp2,0.25,3,3,GTTATACTTTGCTGACGGGG,0,1256012
ftsKp2,0.25,3,3,GTTAGATTAAATAGATAGAA,0,1263910
ftsKp2,0.25,3,3,GTTACGATCCGCAGGAAGTT,0,1250250
ftsKp2,0.25,3,3,GTTAAGGGAAAGAAGGTTAG,0,1255384
ftsKp2,0.25,3,3,GTTAACACACACCTCCATTC,0,1247257
ftsKp2,0.25,3,3,GTGTGGTAAGATGGGCCTAG,0,1247865
ftsKp2,0.25,3,3,GTGTGACTCGTGGCAGTAAC,0,1267693
ftsKp2,0.25,3,3,GTGTCACTGAGTTATCCTGT,0,1263649
ftsKp2,0.25,3,3,GTGGGCATGCAGCCTTTCAG,0,1249398
ftsKp2,0.25,3,3,GTGGGATAATCTACACGGAC,0,1240363
ftsKp2,0.25,3,3,GTGGCGGCACGGCAAAACAG,0,1251359
ftsKp2,0.25,3,3,GTGGCGCATGCAAGACTCCG,0,1263128
ftsKp2,0.25,3,3,GTGGAATTCGACCACGTAGA,0,1248692
ftsKp2,0.25,3,3,GTGCTAAGGTGGCTCATAAA,0,1239474
ftsKp2,0.25,3,3,GTGCGGCCCGATCGGGCTGG,0,1241252
ftsKp2,0.25,3,3,GTGCGGATTGATAATAAAAG,0,1240117
ftsKp2,0.25,3,3,GTGCATGTGCTGGATGGACG,0,1244718
ftsKp2,0.25,3,3,GTGCAGTAACGAGTGGCGAG,0,1258571
ftsKp2,0.25,3,3,GTGATTAGGCGGTCGAGAGG,0,1242931
ftsKp2,0.25,3,3,GTGATGGTCCACACATCAAT,0,1246034
ftsKp2,0.25,3,3,GTGACCCGCGTTTGCATCTC,0,1259926
ftsKp2,0.25,3,3,GTGACCAGGACTTATCCACA,0,1250281
ftsKp2,0.25,3,3,GTGACAGGGGTATGCGGTAC,0,1240096
ftsKp2,0.25,3,3,GTGAAAGGAGAACGCTTTAT,0,1254936
ftsKp2,0.25,3,3,GTCTTCACTGTGAATGCTCA,0,1255556
ftsKp2,0.25,3,3,GTCTTATCCACTACAGTTTT,0,1265208
ftsKp2,0.25,3,3,GTCTTACTGATGCTGGGTTG,0,1250603
ftsKp2,0.25,3,3,GTCTGGTCGAGAGTCCGGAC,0,1270221
ftsKp2,0.25,3,3,GTCTGGGGGCTCACCGCTCG,0,1251313
ftsKp2,0.25,3,3,GTCTGCATAGCTCTCCCTCG,0,1246331
ftsKp2,0.25,3,3,GTCTCGGGCGTCCGCGGCTA,0,1250736
ftsKp2,0.25,3,3,GTCTCGGACGCACGACGGCC,0,1249524
ftsKp2,0.25,3,3,GTCGTCCTATGTTTCCAATC,0,1266006
ftsKp2,0.25,3,3,GTCGTAAAATGGAAGCCACT,0,1251707
ftsKp2,0.25,3,3,GTCCGGAACTCTCGTGAGCG,0,1246216
ftsKp2,0.25,3,3,GTCCACCTCGGACTTTATGA,0,1263024
ftsKp2,0.25,3,3,GTCATTGTGAATGGGAGGTC,0,1261401
ftsKp2,0.25,3,3,GTCACATTAGCACTAGACTT,0,1254086
ftsKp2,0.25,3,3,GTCACAGCGTTGCTCTGGGG,0,1268692
ftsKp2,0.25,3,3,GTCAATGATTATTGGAATCT,0,1244526
ftsKp2,0.25,3,3,GTCAAGTTATTTGAATGCAA,0,1265144
ftsKp2,0.25,3,3,GTCAAAGTGGATCGTCTAGA,0,1248397
ftsKp2,0.25,3,3,GTATGCCTGCTATACGCCAG,0,1269517
ftsKp2,0.25,3,3,GTATGCCAACTACCCGCGCA,0,1257002
ftsKp2,0.25,3,3,GTATCCTATATCTGCGGCTA,0,1251665
ftsKp2,0.25,3,3,GTAGTGTCTTGGGAGTCATC,0,1242934
ftsKp2,0.25,3,3,GTAGTCTTCCAAGGTACTTC,0,1243634
ftsKp2,0.25,3,3,GTAGGGATTCCTGGGGGGAC,0,1257291
ftsKp2,0.25,3,3,GTAGCCATAAAGGATCCATA,0,1257422
ftsKp2,0.25,3,3,GTAGCCAAGGGGAGGACTTC,0,1256813
ftsKp2,0.25,3,3,GTAGAATCGGCTGGTCGAGC,0,1254012
ftsKp2,0.25,3,3,GTACTTGCTCTCTACGGAGC,0,1264928
ftsKp2,0.25,3,3,GTACGTTGTCGCCTGACACC,0,1250423
ftsKp2,0.25,3,3,GTACGACTTTCATAGGCTGG,0,1250440
ftsKp2,0.25,3,3,GTACATTAGAGCCCGAGGCA,0,1247723
ftsKp2,0.25,3,3,GTACAAGATCAGGGCGTGGC,0,1257012
ftsKp2,0.25,3,3,GTACAAGAATGTCAGGTGCA,0,1242048
ftsKp2,0.25,3,3,GTAATATATGTGGACCGCAA,0,1263070
ftsKp2,0.25,3,3,GTAATAGCAGACTGCCGGCC,0,1252646
ftsKp2,0.25,3,3,GTAACGCTATAACGACGCTA,0,1268273
ftsKp2,0.25,3,3,GTAAATAATGATGGGGGCGT,0,1258123
ftsKp2,0.25,3,3,GGTTTCTTCCGGGGGAATTC,0,1250067
ftsKp2,0.25,3,3,GGTTGGTATTCTTCAGGCAT,0,1266016
ftsKp2,0.25,3,3,GGTTGGCGAATCGGATCAAC,0,1240200
ftsKp2,0.25,3,3,GGTTCGTGTACGGGGGATGA,0,1263122
ftsKp2,0.25,3,3,GGTTCCGCATTGTGCCCTAT,0,1270685
ftsKp2,0.25,3,3,GGTTACTCGGAAGCCTTATC,0,1257691
ftsKp2,0.25,3,3,GGTTACGTCAAATTAAATTC,0,1269863
ftsKp2,0.25,3,3,GGTGGGGAGGTGAGAGTTTT,0,1270075
ftsKp2,0.25,3,3,GGTGGGCATGTAAGCTCTAA,0,1251792
ftsKp2,0.25,3,3,GGTGCTCCTCATGCCGTTTC,0,1246952
ftsKp2,0.25,3,3,GGTGCGTCTAACTGAATTAG,0,1242380
ftsKp2,0.25,3,3,GGTGCCGACTACTTTATTAG,0,1261985
ftsKp2,0.25,3,3,GGTGAGGGTAGCCACAAAGG,0,1270533
ftsKp2,0.25,3,3,GGTGAACCTGGACCCCGCAA,0,1260845
ftsKp2,0.25,3,3,GGTCTTCTAGTCATGGGGTA,0,1257883
ftsKp2,0.25,3,3,GGTCGATCTGTAGAAGAGAT,0,1243536
ftsKp2,0.25,3,3,GGTCACTGAGGAAACAGGGT,0,1264458
ftsKp2,0.25,3,3,GGTATTTTCTAAGCAGTAGA,0,1262335
ftsKp2,0.25,3,3,GGTATTGGTCTGACATGTGC,0,1271050
ftsKp2,0.25,3,3,GGTATTGGTAAGATGCAACT,0,1263343
ftsKp2,0.25,3,3,GGTAGGTTCGTCCCTCCCTG,0,1254340
ftsKp2,0.25,3,3,GGTAGCAGATTTTGGGAGGG,0,1241712
ftsKp2,0.25,3,3,GGTAGACGACATGTCTCCTT,0,1259192
ftsKp2,0.25,3,3,GGTACGAAGTATCTCCAGCG,0,1262078
ftsKp2,0.25,3,3,GGTAAACTACGCCCGCTTTA,0,1257508
ftsKp2,0.25,3,3,GGTAAAACATATTAGGAGAC,0,1263899
ftsKp2,0.25,3,3,GGGTGGTCTTCCCTGAATGA,0,1266458
ftsKp2,0.25,3,3,GGGTAGTTCAGCTGCAGCAT,0,1255296
ftsKp2,0.25,3,3,GGGGTTCGCCAGACTCTATT,0,1269399
ftsKp2,0.25,3,3,GGGGTTCCACAAAGATATGC,0,1253639
ftsKp2,0.25,3,3,GGGGGTGTTATCCGATTCAA,0,1249329
ftsKp2,0.25,3,3,GGGGGGCGGCCCTGGGAATT,0,1257370
ftsKp2,0.25,3,3,GGGGCTCGGCTGGGCCTGTG,0,1269291
ftsKp2,0.25,3,3,GGGGATTCGCGGGAAGCGGT,0,1255763
ftsKp2,0.25,3,3,GGGCGTTCCATACGCCCCAA,0,1249330
ftsKp2,0.25,3,3,GGGCGCTCTTCTTCTAACGA,0,1270797
ftsKp2,0.25,3,3,GGGCGATTAGAAACCGTTTT,0,1253279
ftsKp2,0.25,3,3,GGGCCTGGTACCAGCTCGGT,0,1239914
ftsKp2,0.25,3,3,GGGCCTCGACGGTTGAGACA,0,1249244
ftsKp2,0.25,3,3,GGGCATGGGCTCAGGGCTCA,0,1250772
ftsKp2,0.25,3,3,GGGATGCTACGAGTAGGCTG,0,1263502
ftsKp2,0.25,3,3,GGGAGTTAGGGGGGCATACG,0,1242055
ftsKp2,0.25,3,3,GGGAAGACATCAATGGCATA,0,1269222
ftsKp2,0.25,3,3,GGCTTGTTTTTGGCCACCAG,0,1257863
ftsKp2,0.25,3,3,GGCTTGCAATTATCGAAACA,0,1268207
ftsKp2,0.25,3,3,GGCTCATTGACCTTATCGAG,0,1246754
ftsKp2,0.25,3,3,GGCTATCTATACTCTCGGTG,0,1257134
ftsKp2,0.25,3,3,GGCTAGTAGGCCCATATCAA,0,1241145
ftsKp2,0.25,3,3,GGCGTGTCTATATTAGCTCT,0,1251947
ftsKp2,0.25,3,3,GGCGTAAACGGAGGCAAAGA,0,1268672
ftsKp2,0.25,3,3,GGCGGTGAGTGAGAATGAAC,0,1254816
ftsKp2,0.25,3,3,GGCGGATCGTCCGGTCTGGT,0,1241191
ftsKp2,0.25,3,3,GGCGGAAACCGGGTTTTGCT,0,1243414
ftsKp2,0.25,3,3,GGCGCACAAGCCAGGACGGG,0,1270251
ftsKp2,0.25,3,3,GGCCTAGATTTTCAGAGGGC,0,1244643
ftsKp2,0.25,3,3,GGCCGATCCTCGGACACGAT,0,1250307
ftsKp2,0.25,3,3,GGCCCCGTCGCATCGAAGTA,0,1265172
ftsKp2,0.25,3,3,GGCCACCGCTGAATGGTGTC,0,1247351
ftsKp2,0.25,3,3,GGCATGGGGTAGGAAGTAGA,0,1249665
ftsKp2,0.25,3,3,GGCAGCGTCTCCTCCCGCCT,0,1266733
ftsKp2,0.25,3,3,GGCACCTGGTCTTCATGCTC,0,1265090
ftsKp2,0.25,3,3,GGCACCGAGTGTAAAATGAC,0,1258346
ftsKp2,0.25,3,3,GGCACCATGGCATCCTCCAG,0,1254432
ftsKp2,0.25,3,3,GGCACAAAGGAGGCTCGACA,0,1259593
ftsKp2,0.25,3,3,GGCAATTTGCGACCAGAAAA,0,1270454
ftsKp2,0.25,3,3,GGCAATAAGATCACGACCCT,0,1263120
ftsKp2,0.25,3,3,GGATGATAAGTCGTTGCTTA,0,1259634
ftsKp2,0.25,3,3,GGATCTAGCGAATGACGTCA,0,1257623
ftsKp2,0.25,3,3,GGAGTTGTTACCGGTAAGCA,0,1255995
ftsKp2,0.25,3,3,GGAGTTGGAAAAGGTTAAAT,0,1266975
ftsKp2,0.25,3,3,GGAGTTGCCACTTTGGGGGA,0,1267035
ftsKp2,0.25,3,3,GGAGTGACTTCATGGAGGAA,0,1258217
ftsKp2,0.25,3,3,GGAGTCCGCGAGGAGAATTT,0,1251180
ftsKp2,0.25,3,3,GGAGGGGGTCGCCTTTAGCA,0,1256085
ftsKp2,0.25,3,3,GGAGCTAAACTCATGATCTT,0,1241574
ftsKp2,0.25,3,3,GGAGCCGGCCAAGGTTCTAG,0,1253348
ftsKp2,0.25,3,3,GGAGATTTAGTGACAATTAA,0,1241500
ftsKp2,0.25,3,3,GGACCGGGGCCGCAGATGGC,0,1247977
ftsKp2,0.25,3,3,GGACCGACCCCCGTACGGGG,0,1255952
ftsKp2,0.25,3,3,GGACCAACCATCCTACATCA,0,1270530
ftsKp2,0.25,3,3,GGAATCAGGTCACAACCAGT,0,1247259
ftsKp2,0.25,3,3,GGAAGCTACCAAGAATTAAA,0,1261849
ftsKp2,0.25,3,3,GGAACTTTGCGCTAATGTGC,0,1241867
ftsKp2,0.25,3,3,GGAACGTTAGGATCGGCAGG,0,1245966
ftsKp2,0.25,3,3,GGAAACGATTACTTCGTGCC,0,1269857
ftsKp2,0.25,3,3,GCTTTCTTTTATCCTTTTTT,0,1251274
ftsKp2,0.25,3,3,GCTTTCTTTATAGGGAGATG,0,1240924
ftsKp2,0.25,3,3,GCTTTCCACATTTCGGCAAT,0,1242372
ftsKp2,0.25,3,3,GCTTGTAAGAATTCGAGTCT,0,1263536
ftsKp2,0.25,3,3,GCTTCCCGTCGTAATTAGGT,0,1239949
ftsKp2,0.25,3,3,GCTTAGAATACCTCACTGTA,0,1255977
ftsKp2,0.25,3,3,GCTGGGGATTGTGTGTGGGA,0,1268507
ftsKp2,0.25,3,3,GCTGACTTTATTAGAAAGAG,0,1246355
ftsKp2,0.25,3,3,GCTGACCCATCCGAGTTTGA,0,1246141
ftsKp2,0.25,3,3,GCTCTTTCGTACAGTTCTTT,0,1244277
ftsKp2,0.25,3,3,GCTCGATGGAACATAGAATG,0,1260676
ftsKp2,0.25,3,3,GCTCGAGATACATAACCCTC,0,1242232
ftsKp2,0.25,3,3,GCTCATAGGGTCTAGGCCTA,0,1258429
ftsKp2,0.25,3,3,GCTATTGTCAGGGTAGGAGT,0,1258207
ftsKp2,0.25,3,3,GCTATGAATGAGGACTACTC,0,1264570
ftsKp2,0.25,3,3,GCTATAGAATATGAACTGAT,0,1239707
ftsKp2,0.25,3,3,GCTAGGCCATTTCCACAGTT,0,1249298
ftsKp2,0.25,3,3,GCTAGGAGTCGGAGGACTGG,0,1252888
ftsKp2,0.25,3,3,GCTACTTTGGACGCATTTGA,0,1242032
ftsKp2,0.25,3,3,GCTACTATAAGTTGTGGTCC,0,1253028
ftsKp2,0.25,3,3,GCGTTATACTGAGGAGCCAG,0,1252260
ftsKp2,0.25,3,3,GCGTGAAACATGGCCGTCCA,0,1246133
ftsKp2,0.25,3,3,GCGTCTTGGTCGGTGAATCC,0,1263938
ftsKp2,0.25,3,3,GCGTCTATGAGTTATTGCCT,0,1260330
ftsKp2,0.25,3,3,GCGTCTACGAGCTAGTACCA,0,1254331
ftsKp2,0.25,3,3,GCGTCCGCCGAGAACTGCAT,0,1253766
ftsKp2,0.25,3,3,GCGGGTGTCTATGTGTACGG,0,1249409
ftsKp2,0.25,3,3,GCGGACGTAATGTTGAGAAA,0,1267348
ftsKp2,0.25,3,3,GCGGACGGCCGACAGACAGA,0,1265313
ftsKp2,0.25,3,3,GCGCTTATCGGCAGATTAAA,0,1267956
ftsKp2,0.25,3,3,GCGCGTCAATCCTCTCCAAC,0,1266427
ftsKp2,0.25,3,3,GCGCCAGAGGATCGCTGACA,0,1242373
ftsKp2,0.25,3,3,GCGACGGAAAACGGACGAGC,0,1262028
ftsKp2,0.25,3,3,GCGACCAGCCCAGCTGGGAC,0,1254542
ftsKp2,0.25,3,3,GCCTTTTTGTTTCTGTTAAT,0,1240420
ftsKp2,0.25,3,3,GCCTCTGGCTACCGGATTTA,0,1264972
ftsKp2,0.25,3,3,GCCTCGGTTGGATAAAGACT,0,1257388
ftsKp2,0.25,3,3,GCCTATACCTGTGACAGAAC,0,1249270
ftsKp2,0.25,3,3,GCCTAAGAGTAACGGGGTAA,0,1256040
ftsKp2,0.25,3,3,GCCGTTTTTATATGAGGGGG,0,1254989
ftsKp2,0.25,3,3,GCCGTTGGGAGCCAGAAATC,0,1253013
ftsKp2,0.25,3,3,GCCGTACTGTCTTCACTCCC,0,1262650
ftsKp2,0.25,3,3,GCCGGTCATATTAGGTTCAG,0,1241347
ftsKp2,0.25,3,3,GCCGAGTGCTGATTACCTGT,0,1260656
ftsKp2,0.25,3,3,GCCGAAGCGAACGTGCGGGT,0,1265778
ftsKp2,0.25,3,3,GCCCTGTGTGGCAAGATTCT,0,1262523
ftsKp2,0.25,3,3,GCCCTGACATGGTGGAGCGA,0,1246844
ftsKp2,0.25,3,3,GCCCGTCCTTACACAAAATG,0,1250788
ftsKp2,0.25,3,3,GCCCGTAGGCGAGGCGGAGA,0,1246839
ftsKp2,0.25,3,3,GCCCGGGGAGTTTACCTCTT,0,1270764
ftsKp2,0.25,3,3,GCCAGTCAACGACGGGTCGC,0,1250950
ftsKp2,0.25,3,3,GCCACGCGGACCCCAAATCA,0,1259730
ftsKp2,0.25,3,3,GCCAAAGGACTAATTAAACA,0,1265060
ftsKp2,0.25,3,3,GCATTTAAGTCGATTAAGAT,0,1267675
ftsKp2,0.25,3,3,GCATGCGGTTAATTCCGTAA,0,1265897
ftsKp2,0.25,3,3,GCACGTCCGGATTTAGGTAC,0,1267339
ftsKp2,0.25,3,3,GCACGGTCCCACAAATCGGG,0,1268450
ftsKp2,0.25,3,3,GCACCTCTTCATTGGCACGA,0,1262382
ftsKp2,0.25,3,3,GCACACAGACGAATGCACGA,0,1257515
ftsKp2,0.25,3,3,GCAATATCTTAAAGGTTACA,0,1249274
ftsKp2,0.25,3,3,GCAATACGCAATTTGTTTGG,0,1257791
ftsKp2,0.25,3,3,GCAAGCCCGAACGCTTCACT,0,1269332
ftsKp2,0.25,3,3,GCAAATGGCTCGTCTAACAT,0,1267380
ftsKp2,0.25,3,3,GATTTTATATTGTACGGAAG,0,1262647
ftsKp2,0.25,3,3,GATTTGACATCCTTTCAATA,0,1266581
ftsKp2,0.25,3,3,GATTGTTAGTTGTTCCTCGT,0,1262782
ftsKp2,0.25,3,3,GATTGTGGATTCCTTAACCT,0,1255093
ftsKp2,0.25,3,3,GATTGATCATTTTGGCACCA,0,1269110
ftsKp2,0.25,3,3,GATGAGGTCAAGTCTATATG,0,1255818
ftsKp2,0.25,3,3,GATCGTGCGCTGAGCTTCCT,0,1261405
ftsKp2,0.25,3,3,GATCGGGTGTGTTGGATCAA,0,1259715
ftsKp2,0.25,3,3,GATCCTAATTTCAAGGCCCT,0,1260378
ftsKp2,0.25,3,3,GATCCCCCGGTTAAACACAC,0,1245894
ftsKp2,0.25,3,3,GATCACCCAATCGAACGTCC,0,1251773
ftsKp2,0.25,3,3,GATATTATTGTTCGGTCATG,0,1247352
ftsKp2,0.25,3,3,GATATGGCACGAAGAGCTGA,0,1247192
ftsKp2,0.25,3,3,GATATACTCCATACCACGAG,0,1253102
ftsKp2,0.25,3,3,GATAGTGTAGCGATTCACGT,0,1248987
ftsKp2,0.25,3,3,GATACAATATCCTGCTGGAG,0,1259898
ftsKp2,0.25,3,3,GAGTTGTTATAGTCTGTCCG,0,1240623
ftsKp2,0.25,3,3,GAGTGCTGCCGACCGGATTT,0,1266336
ftsKp2,0.25,3,3,GAGGTATAAACCCTGCCGAC,0,1255596
ftsKp2,0.25,3,3,GAGGGTCTTGGCCGTTGCGC,0,1259308
ftsKp2,0.25,3,3,GAGGGTATTGCAAGTTTCTA,0,1268531
ftsKp2,0.25,3,3,GAGGCCTGTCCTTAGTTTCT,0,1262532
ftsKp2,0.25,3,3,GAGGCATCGTGTACCGTTGC,0,1263245
ftsKp2,0.25,3,3,GAGGACGAAGTGTCTGACAT,0,1261962
ftsKp2,0.25,3,3,GAGCTTTATCCAAAAGAGAG,0,1249095
ftsKp2,0.25,3,3,GAGCTCAGTGGAACCCAACG,0,1265801
ftsKp2,0.25,3,3,GAGCTAGCTTTTAAAAGAGC,0,1247924
ftsKp2,0.25,3,3,GAGCAGTTGGCTCATGGATG,0,1245888
ftsKp2,0.25,3,3,GAGCAAGCAGACCCGAGGGT,0,1259136
ftsKp2,0.25,3,3,GAGAGTCTAAAGAGACTGAA,0,1263963
ftsKp2,0.25,3,3,GAGACTCTTCGGTCCCCATA,0,1263355
ftsKp2,0.25,3,3,GAGACACACTCATGTCTCTA,0,1244389
ftsKp2,0.25,3,3,GAGAATGCCGGATGTGGACT,0,1267815
ftsKp2,0.25,3,3,GACTTTCCCAACAGCGGTCT,0,1246401
ftsKp2,0.25,3,3,GACTCTTCAATGTATGGGCG,0,1259743
ftsKp2,0.25,3,3,GACTCTTATGAAACGTAGCC,0,1260025
ftsKp2,0.25,3,3,GACTCTTAATTCGGCCCAGC,0,1268187
ftsKp2,0.25,3,3,GACTACGTTTAGATTGTAGT,0,1263826
ftsKp2,0.25,3,3,GACTACATTAATGTTTAGAG,0,1265894
ftsKp2,0.25,3,3,GACGGTACTTAGATATTAAT,0,1264347
ftsKp2,0.25,3,3,GACGGACAGATCAGAGCAGT,0,1243290
ftsKp2,0.25,3,3,GACCCGCGGATGCCTCAAGA,0,1258735
ftsKp2,0.25,3,3,GACCCCTGTGGCTGGCGCAA,0,1254724
ftsKp2,0.25,3,3,GACATTGATCATTACTTATT,0,1270358
ftsKp2,0.25,3,3,GACAGTGTCTTCACCCGACT,0,1250168
ftsKp2,0.25,3,3,GACAGTATCGAATCAGTACT,0,1270343
ftsKp2,0.25,3,3,GACAGTACCTAAGCGTTGGT,0,1260452
ftsKp2,0.25,3,3,GACAATTGGTTGCCTTTATA,0,1260372
ftsKp2,0.25,3,3,GACAATATCTAAGTAAAGCA,0,1262624
ftsKp2,0.25,3,3,GAATTGGGGGTCTCACCGTC,0,1257177
ftsKp2,0.25,3,3,GAATTCTGCCCGTGCCCGGT,0,1248015
ftsKp2,0.25,3,3,GAATTCAAAGTCGCGGGGTA,0,1260462
ftsKp2,0.25,3,3,GAATGTCACTACTCTGGAGT,0,1265321
ftsKp2,0.25,3,3,GAATCTGCTTGTACGCATCC,0,1263325
ftsKp2,0.25,3,3,GAATCGTGTTAACATCGAGT,0,1248649
ftsKp2,0.25,3,3,GAAGTTTGTCAGCTCACGGC,0,1241864
ftsKp2,0.25,3,3,GAAGTTAGCCTGTTGCAAGT,0,1244580
ftsKp2,0.25,3,3,GAAGTAGTCTTAGTTCGGAC,0,1248660
ftsKp2,0.25,3,3,GAAGGCACATATATCGCTAG,0,1257255
ftsKp2,0.25,3,3,GAAGACATCAGATGCATTCG,0,1244793
ftsKp2,0.25,3,3,GAACTTTAAAGCGCCTATTT,0,1243056
ftsKp2,0.25,3,3,GAACCAGGGAGTTATATTGC,0,1240476
ftsKp2,0.25,3,3,GAAATAATAATCATTGTTCT,0,1262262
ftsKp2,0.25,3,3,GAAAGTCATAATACCACTTT,0,1251081
ftsKp2,0.25,3,3,GAAAGCCTACCTTTAGTAAT,0,1262176
ftsKp2,0.25,3,3,GAAAATGCCCACTCTTCATG,0,1268596
ftsKp2,0.25,3,3,GAAAAGTGGCGCCTTTCTTG,0,1263494
ftsKp2,0.25,3,3,CTTTCGAGCGAGGTCCTGCA,0,1242247
ftsKp2,0.25,3,3,CTTTAGGGCATTGTGCAGAT,0,1264822
ftsKp2,0.25,3,3,CTTTAAAAGACAGCAATCGG,0,1256351
ftsKp2,0.25,3,3,CTTGATCTTGCGCATCATCA,0,1250576
ftsKp2,0.25,3,3,CTTCTTGGCGTGCCAGTTCT,0,1247741
ftsKp2,0.25,3,3,CTTCGGTACTCCCCCATCGC,0,1243309
ftsKp2,0.25,3,3,CTTCGCTATCTTGTATCTGA,0,1245395
ftsKp2,0.25,3,3,CTTCACTGTCCGCTCTATGT,0,1246212
ftsKp2,0.25,3,3,CTTCAAGGGTCCAAGGAGTG,0,1270179
ftsKp2,0.25,3,3,CTTATGTCCTTCTATTATGT,0,1256239
ftsKp2,0.25,3,3,CTTATCAGTCACGGTGAATG,0,1245163
ftsKp2,0.25,3,3,CTTAGTCGGCAACGGTCTCT,0,1256089
ftsKp2,0.25,3,3,CTTAGGCTTGTCCATGATTA,0,1263994
ftsKp2,0.25,3,3,CTTAGAAAATATGAGGGCAA,0,1263791
ftsKp2,0.25,3,3,CTTACGAGGCACTAGCGTAC,0,1255198
ftsKp2,0.25,3,3,CTTACATGAGTCATGTCCCC,0,1247915
ftsKp2,0.25,3,3,CTGTGTAGTCCGGACTTATA,0,1243378
ftsKp2,0.25,3,3,CTGTGAATGGTATTCAATCA,0,1258500
ftsKp2,0.25,3,3,CTGTAACTCTTATCAGTAGC,0,1253268
ftsKp2,0.25,3,3,CTGGTCAGGATGTCAACTCG,0,1250344
ftsKp2,0.25,3,3,CTGGTATATGCCTTTTCATT,0,1242023
ftsKp2,0.25,3,3,CTGGGCTTCTACCATGTATC,0,1253762
ftsKp2,0.25,3,3,CTGGGACTATCACCCGATCT,0,1255542
ftsKp2,0.25,3,3,CTGGCTATTACGACACTTAT,0,1260325
ftsKp2,0.25,3,3,CTGGCATGGCCTCGTAGGGA,0,1267984
ftsKp2,0.25,3,3,CTGGATTCCGCCTTGAGGCC,0,1265951
ftsKp2,0.25,3,3,CTGCGTATCGGGATTGACAT,0,1249379
ftsKp2,0.25,3,3,CTGCGCTTACATGGGTGCGC,0,1253602
ftsKp2,0.25,3,3,CTGCGCTAGCCGTCGCAGAG,0,1246197
ftsKp2,0.25,3,3,CTGCGCAGATAGAAACTGCG,0,1239429
ftsKp2,0.25,3,3,CTGCCGGGCGGACTAAGGTT,0,1244129
ftsKp2,0.25,3,3,CTGCACTTAGGGCAGACCGT,0,1266145
ftsKp2,0.25,3,3,CTGCACTGTAGGCCCGAAGT,0,1256386
ftsKp2,0.25,3,3,CTGATACATATAGGTTAAAG,0,1257296
ftsKp2,0.25,3,3,CTGAGTTCTATTACTAGGTC,0,1256467
ftsKp2,0.25,3,3,CTGACCGCAGCTGCTACCAA,0,1259644
ftsKp2,0.25,3,3,CTCTCGACCTGTACTGATTC,0,1270633
ftsKp2,0.25,3,3,CTCTAGCTTTCACGAGATCA,0,1247138
ftsKp2,0.25,3,3,CTCGTATTTAACCAGGTTTG,0,1259928
ftsKp2,0.25,3,3,CTCGGGTCACGTAAACTGAC,0,1259988
ftsKp2,0.25,3,3,CTCGGCGGTATATATTTGCA,0,1256143
ftsKp2,0.25,3,3,CTCGGAGTAGACCGTTCCGA,0,1266616
ftsKp2,0.25,3,3,CTCGGACCACGGTATGGGAT,0,1266061
ftsKp2,0.25,3,3,CTCGAGGAAGGGGCGAGGGA,0,1263941
ftsKp2,0.25,3,3,CTCCGCACTCACGGAGTCAT,0,1245392
ftsKp2,0.25,3,3,CTCCCGTACCAAGTAAACGC,0,1245540
ftsKp2,0.25,3,3,CTCCCCGTGTGGCCCGATAT,0,1248625
ftsKp2,0.25,3,3,CTCCCAGTGTAAAACGGGGA,0,1248554
ftsKp2,0.25,3,3,CTCCAGGCCAGGTCATTAGA,0,1247555
ftsKp2,0.25,3,3,CTCATTGCCCCGGCTCACGA,0,1269735
ftsKp2,0.25,3,3,CTCATCAATGTCCATCGCCC,0,1261299
ftsKp2,0.25,3,3,CTCAGTTTCCTCAGGCAGTG,0,1251361
ftsKp2,0.25,3,3,CTCACTGACGATTCCTAGCA,0,1251208
ftsKp2,0.25,3,3,CTCACTAATAAAAAGGTCGC,0,1269030
ftsKp2,0.25,3,3,CTCACCACCGAATCACGTTT,0,1250025
ftsKp2,0.25,3,3,CTCACAACAGTTGACCGAAG,0,1265309
ftsKp2,0.25,3,3,CTCAACGCACCCTGGGTAAG,0,1270149
ftsKp2,0.25,3,3,CTCAACCCTAATTACAGGCG,0,1256437
ftsKp2,0.25,3,3,CTATTTGGTAAAACGGGACT,0,1263550
ftsKp2,0.25,3,3,CTATGGATCCCTCTCGTACA,0,1261342
ftsKp2,0.25,3,3,CTATGCTCTACGTCCCGGGT,0,1256238
ftsKp2,0.25,3,3,CTATGATATGTTGTTGAGGC,0,1245481
ftsKp2,0.25,3,3,CTATGAGTAATCCTTTCAGT,0,1246506
ftsKp2,0.25,3,3,CTATCTGACGCTGTCAGGTT,0,1260800
ftsKp2,0.25,3,3,CTATCGTAATCGTGTCTTTT,0,1266966
ftsKp2,0.25,3,3,CTATCCAAGAAGCGTAGCCT,0,1255765
ftsKp2,0.25,3,3,CTATCACCGAGCATTCGATA,0,1262863
ftsKp2,0.25,3,3,CTATAGCTGCCAATCCATGC,0,1241364
ftsKp2,0.25,3,3,CTAGGTTTATGTTCCTCGCC,0,1261248
ftsKp2,0.25,3,3,CTAGGAACAGATGTTCCTAT,0,1254199
ftsKp2,0.25,3,3,CTAGCTCTGGGCCGTTCAAT,0,1251433
ftsKp2,0.25,3,3,CTAGAACGCCTCCGCCTACC,0,1266260
ftsKp2,0.25,3,3,CTACCGGCCACGGGGTACTA,0,1244669
ftsKp2,0.25,3,3,CTACATCTTTTACTCTGAAA,0,1261647
ftsKp2,0.25,3,3,CTAATGTTAACTTGAGCGCA,0,1245344
ftsKp2,0.25,3,3,CTAAGGGTATACTTCTAAAG,0,1263106
ftsKp2,0.25,3,3,CTAAGCGTCCGCTGACTTTC,0,1260043
ftsKp2,0.25,3,3,CGTTGAAACTTCGTAGAATC,0,1257424
ftsKp2,0.25,3,3,CGTTCAAGAAAAAGTCTTAC,0,1270496
ftsKp2,0.25,3,3,CGTGTTATAACATACACGGT,0,1269839
ftsKp2,0.25,3,3,CGTGTGGCTCGTGTGCGACA,0,1263209
ftsKp2,0.25,3,3,CGTGTGCCGTCGATCGCTAT,0,1249077
ftsKp2,0.25,3,3,CGTGTCTCGACGCGCCGAAC,0,1255480
ftsKp2,0.25,3,3,CGTGGCTCTGGGTAGGCCTC,0,1248336
ftsKp2,0.25,3,3,CGTGGCCAGGGCATTGCAAG,0,1241996
ftsKp2,0.25,3,3,CGTGCGGAGGCATATACCGG,0,1268188
ftsKp2,0.25,3,3,CGTGCCTTCCGGGGCAGCGT,0,1247125
ftsKp2,0.25,3,3,CGTGAGCCTTCATGGAGATG,0,1254388
ftsKp2,0.25,3,3,CGTCTATGCGCGGTTCCCGG,0,1260890
ftsKp2,0.25,3,3,CGTACCAAGGAGAGCGGTCA,0,1263156
ftsKp2,0.25,3,3,CGGTGTTATGAGGTAGTGTT,0,1241656
ftsKp2,0.25,3,3,CGGTCGCGGGTTGTACAGTA,0,1248496
ftsKp2,0.25,3,3,CGGTCGAAGGCAGCGCCCGG,0,1249622
ftsKp2,0.25,3,3,CGGTCAGTCAGTGATCAGCG,0,1248872
ftsKp2,0.25,3,3,CGGTAGATGGCGGAATTTTC,0,1243761
ftsKp2,0.25,3,3,CGGGCCATGCAAGAGGCGTT,0,1250965
ftsKp2,0.25,3,3,CGGGACGGCAGCGAATTTAC,0,1241149
ftsKp2,0.25,3,3,CGGGAATATAGTGAAACCAC,0,1260869
ftsKp2,0.25,3,3,CGGCTGGAGCAAAGGCAAAA,0,1258164
ftsKp2,0.25,3,3,CGGCTCCATTCTCGAACCCA,0,1255787
ftsKp2,0.25,3,3,CGGCGACTGAGGAGGGAGCA,0,1253156
ftsKp2,0.25,3,3,CGGATTAATCTAGGTAGCAA,0,1244308
ftsKp2,0.25,3,3,CGGATCTTCGGGTCCATTCA,0,1256053
ftsKp2,0.25,3,3,CGGAGTTTACTCTATTCTGT,0,1261545
ftsKp2,0.25,3,3,CGGAGGTTAGTCTATCGGAA,0,1259614
ftsKp2,0.25,3,3,CGGAGAGCTAAGGTGTGTTA,0,1249397
ftsKp2,0.25,3,3,CGGACTTTTGCGAGAGCCAA,0,1247717
ftsKp2,0.25,3,3,CGGACGACAGGCGGTGACGT,0,1246518
ftsKp2,0.25,3,3,CGGAATGGCCATCTCTTAAA,0,1247903
ftsKp2,0.25,3,3,CGCTTGTTGACTCGGCCAGC,0,1242056
ftsKp2,0.25,3,3,CGCTGGTAGGTACGATATAT,0,1262075
ftsKp2,0.25,3,3,CGCTGACCAATCACTTCAGA,0,1250096
ftsKp2,0.25,3,3,CGCTCACGCTCATACAAAGT,0,1264864
ftsKp2,0.25,3,3,CGCTATTGGTAGGACGGTCT,0,1257406
ftsKp2,0.25,3,3,CGCTAACTCTGACGAAGTGG,0,1256083
ftsKp2,0.25,3,3,CGCGTGCGCATGCTCTGAAA,0,1256915
ftsKp2,0.25,3,3,CGCGCCGCGGCATAACGTTA,0,1264332
ftsKp2,0.25,3,3,CGCGCCCTTGCAAAATACTC,0,1268413
ftsKp2,0.25,3,3,CGCCGGCATTGCGTGCACAC,0,1248921
ftsKp2,0.25,3,3,CGCCCGGATGTGCTACCGTC,0,1249162
ftsKp2,0.25,3,3,CGCCAACAACGATGATATGG,0,1247195
ftsKp2,0.25,3,3,CGCCAAACGACCTCTAGGGC,0,1256859
ftsKp2,0.25,3,3,CGCATATTGCCCTGGACTCA,0,1263108
ftsKp2,0.25,3,3,CGCACAAGGTCCCCGTTAAA,0,1258259
ftsKp2,0.25,3,3,CGATGCACCCCTCCGACCTA,0,1244855
ftsKp2,0.25,3,3,CGATCTTAGCTTAGCAGACT,0,1264847
ftsKp2,0.25,3,3,CGATCGGAAACGTGGTTGGA,0,1265815
ftsKp2,0.25,3,3,CGATCGCCTATGCGATGATA,0,1241263
ftsKp2,0.25,3,3,CGATCGATCAAATAAGCGAG,0,1242536
ftsKp2,0.25,3,3,CGAGTGCCCGGACAAAACCC,0,1244542
ftsKp2,0.25,3,3,CGACGTAACGACGTTGGCCA,0,1243960
ftsKp2,0.25,3,3,CGACGGCGATTGTTCGACAA,0,1255149
ftsKp2,0.25,3,3,CGACCGTTAGGTTTGCTGCG,0,1269715
ftsKp2,0.25,3,3,CGACCGATTTGCACATTGTG,0,1261360
ftsKp2,0.25,3,3,CGACCCTGGGTGAAGGCAGT,0,1257275
ftsKp2,0.25,3,3,CGAATGGGGCAGATTGCTGC,0,1247015
ftsKp2,0.25,3,3,CGAACCCCTTTACCGTGAGC,0,1263766
ftsKp2,0.25,3,3,CCTTTCACGACAAGCCTAGT,0,1245589
ftsKp2,0.25,3,3,CCTTGTATCGCACAGGCCGT,0,1249598
ftsKp2,0.25,3,3,CCTTGCGAAGTGCACGTAAC,0,1250551
ftsKp2,0.25,3,3,CCTTGAGAACGACTGTGAGA,0,1241316
ftsKp2,0.25,3,3,CCTTCGAAAGCGGACCCATT,0,1256087
ftsKp2,0.25,3,3,CCTGGGCGGATTTCTATCTA,0,1247752
ftsKp2,0.25,3,3,CCTGGCCCCCGCATGTCTGT,0,1257859
ftsKp2,0.25,3,3,CCTGGACCAAGATAACAACG,0,1261074
ftsKp2,0.25,3,3,CCTCTTTATGGGGCTACAAA,0,1250223
ftsKp2,0.25,3,3,CCTCTTCGTGTTGGTCCAAC,0,1245455
ftsKp2,0.25,3,3,CCTCGGCAAATAGAGCAAAG,0,1259067
ftsKp2,0.25,3,3,CCTCCGTCAATATCTAATGA,0,1270672
ftsKp2,0.25,3,3,CCTCATCTCGACAGTTGAAC,0,1267751
ftsKp2,0.25,3,3,CCTCAGGATTCAGTAATCTT,0,1240064
ftsKp2,0.25,3,3,CCTCAACTCGACACCTCACT,0,1241071
ftsKp2,0.25,3,3,CCTATAGATTGAGAGGGCGT,0,1260892
ftsKp2,0.25,3,3,CCTAGTCTTTTCGGCGGCTG,0,1259228
ftsKp2,0.25,3,3,CCTAATCGTCATATACCAGA,0,1255909
ftsKp2,0.25,3,3,CCGTTGATTAGCCGGTGGGG,0,1258662
ftsKp2,0.25,3,3,CCGTTATACCATCTTGCACA,0,1263244
ftsKp2,0.25,3,3,CCGTGCTACTTCTCTCTGCA,0,1267112
ftsKp2,0.25,3,3,CCGGTTGCCCGTAGAATTCA,0,1258959
ftsKp2,0.25,3,3,CCGGTGGAGCAACGGGGACT,0,1246118
ftsKp2,0.25,3,3,CCGGTCAACCCCTTTACAGT,0,1252046
ftsKp2,0.25,3,3,CCGCTTGTGGAACTTGCATT,0,1260282
ftsKp2,0.25,3,3,CCGCCTGTTGTAGGACATAA,0,1266690
ftsKp2,0.25,3,3,CCGCATGATGCGTGACCGGG,0,1266115
ftsKp2,0.25,3,3,CCGCAAGGGTCCTTTGACGG,0,1240218
ftsKp2,0.25,3,3,CCGACGCCGGGAAGCCGGGG,0,1254847
ftsKp2,0.25,3,3,CCCTTCTTACGTCGTAGGGT,0,1251696
ftsKp2,0.25,3,3,CCCTTCGTGATCGGCAGGAG,0,1264945
ftsKp2,0.25,3,3,CCCTGTGACAGAAGTTGCTC,0,1255341
ftsKp2,0.25,3,3,CCCTCTTGAGGGTATTTAAA,0,1239942
ftsKp2,0.25,3,3,CCCTAAGGCGCTGAACAATA,0,1251582
ftsKp2,0.25,3,3,CCCGCGTCGAGCGCCGTATA,0,1270438
ftsKp2,0.25,3,3,CCCGCCGTGCAGAGTGTCTG,0,1261704
ftsKp2,0.25,3,3,CCCGCACCTGTTTACCCCTC,0,1251084
ftsKp2,0.25,3,3,CCCCGGGGATTCACAAGCCT,0,1267204
ftsKp2,0.25,3,3,CCCCGCTATTGGAATTGAGC,0,1260315
ftsKp2,0.25,3,3,CCCCCGAAACTGGGGGCTGT,0,1262304
ftsKp2,0.25,3,3,CCCCAGCGTTTGAATCCAGG,0,1264150
ftsKp2,0.25,3,3,CCCCAATCTATCAGCAGCTG,0,1261496
ftsKp2,0.25,3,3,CCCATTTGAACAGGCTCTAT,0,1248802
ftsKp2,0.25,3,3,CCCATGACCGCGGCACCAGT,0,1254548
ftsKp2,0.25,3,3,CCCAGTAAACGCGTCGATCG,0,1253809
ftsKp2,0.25,3,3,CCATGATGGTACATTCATGG,0,1257350
ftsKp2,0.25,3,3,CCATCCTGTGAGGACTCTCT,0,1245694
ftsKp2,0.25,3,3,CCATAAGTTCGAGCCCCGTA,0,1258093
ftsKp2,0.25,3,3,CCAGTTGGTGTCACCTCGTT,0,1261588
ftsKp2,0.25,3,3,CCAGGGTCGCAGGAAGAGAC,0,1247238
ftsKp2,0.25,3,3,CCAGCCGGTTCTTGAGCTAA,0,1247428
ftsKp2,0.25,3,3,CCAGCACTATCCAGTGGCAA,0,1245917
ftsKp2,0.25,3,3,CCAGCAATGTACGTCAGGAC,0,1266662
ftsKp2,0.25,3,3,CCACGAACTTTCGCCACAGT,0,1262195
ftsKp2,0.25,3,3,CCACAATTCGGTACATCTAT,0,1269165
ftsKp2,0.25,3,3,CCAATGGGAATCTTATGGTA,0,1268201
ftsKp2,0.25,3,3,CCAAGCACCCGCCGACATAG,0,1245188
ftsKp2,0.25,3,3,CCAACGGTGGAGTTAGCTAG,0,1264457
ftsKp2,0.25,3,3,CATTCTCCATATGATATATG,0,1255199
ftsKp2,0.25,3,3,CATTCGTCACCCGGCTTCCT,0,1254545
ftsKp2,0.25,3,3,CATGGGTGTCTCATAGTTCA,0,1266921
ftsKp2,0.25,3,3,CATGGGTCCCCGTAGAGTCA,0,1258297
ftsKp2,0.25,3,3,CATGGCTTTTTGAGGGGTAC,0,1245194
ftsKp2,0.25,3,3,CATGGCGCCATAGTGCGTAC,0,1240578
ftsKp2,0.25,3,3,CATGCTACATGTCGATCTTG,0,1266799
ftsKp2,0.25,3,3,CATGCAGCCGATTCTGCTCG,0,1249937
ftsKp2,0.25,3,3,CATCGCTGTGCTGCGCCGCT,0,1241591
ftsKp2,0.25,3,3,CATCCTTGGCCTAGGTAACG,0,1267405
ftsKp2,0.25,3,3,CATCCGATTGGCGGTTGACC,0,1259920
ftsKp2,0.25,3,3,CATATTCCCATGTACCATTC,0,1249180
ftsKp2,0.25,3,3,CATATATTTAGTCACCTGCA,0,1242430
ftsKp2,0.25,3,3,CATAGTCTCGCCCGTTATCT,0,1251089
ftsKp2,0.25,3,3,CAGTTGGTGTTAAGCACGAA,0,1270528
ftsKp2,0.25,3,3,CAGTTCAGCGGCCGAAGACT,0,1262814
ftsKp2,0.25,3,3,CAGTGCCAAAACGCCGAGAC,0,1268009
ftsKp2,0.25,3,3,CAGTATTATGTAAGGCCATG,0,1258949
ftsKp2,0.25,3,3,CAGTAACCGCGTTAAGTGCA,0,1243413
ftsKp2,0.25,3,3,CAGGGACGGGTCTTATCGAT,0,1255391
ftsKp2,0.25,3,3,CAGGGACGCGAAGCGTCCTA,0,1253807
ftsKp2,0.25,3,3,CAGGCGGCCCGGGATCTATC,0,1248111
ftsKp2,0.25,3,3,CAGGCGAGCCTCTCTGAGCA,0,1262673
ftsKp2,0.25,3,3,CAGGCCGAATGGGTTACGCC,0,1267851
ftsKp2,0.25,3,3,CAGGCAGTTTGTAAGAAGTC,0,1250395
ftsKp2,0.25,3,3,CAGGCACAAGCTAGGCTAGT,0,1266654
ftsKp2,0.25,3,3,CAGCGGCTGACCCAGATCCC,0,1244605
ftsKp2,0.25,3,3,CAGCGACTTCGGGTAGGTAT,0,1261748
ftsKp2,0.25,3,3,CAGCAACGGCCGCAGGAAAC,0,1249091
ftsKp2,0.25,3,3,CAGCAACCCATTTGCGCACA,0,1241132
ftsKp2,0.25,3,3,CAGAGATCTGTAGTACGGTT,0,1241717
ftsKp2,0.25,3,3,CAGAAAGCGTGTACTGGCCC,0,1267308
ftsKp2,0.25,3,3,CACTGTATCGTGGTCGCGGT,0,1256620
ftsKp2,0.25,3,3,CACGTAACTACGGATTCAAG,0,1255792
ftsKp2,0.25,3,3,CACGCTTGGTAGGGCCAGGA,0,1247494
ftsKp2,0.25,3,3,CACCTAATGACTCGGCTCAG,0,1268543
ftsKp2,0.25,3,3,CACCGTCTTAAGTATCGCAA,0,1260275
ftsKp2,0.25,3,3,CACCGGCTTTCTGCGTATAG,0,1246079
ftsKp2,0.25,3,3,CACCACTACACGGCGAACAT,0,1263627
ftsKp2,0.25,3,3,CACACACATCGACTCCTATC,0,1257194
ftsKp2,0.25,3,3,CAATGATAGCTAGCCGATGC,0,1249580
ftsKp2,0.25,3,3,CAATCGGACTTGTCTCCAAC,0,1270624
ftsKp2,0.25,3,3,CAAGACGTTAACAGCTCTGT,0,1244967
ftsKp2,0.25,3,3,CAACTTTGGCAACGGGCTGT,0,1270614
ftsKp2,0.25,3,3,CAACTAACTATTTTCGAGAC,0,1243044
ftsKp2,0.25,3,3,CAACCAGGTTGAGACCAAGT,0,1266741
ftsKp2,0.25,3,3,CAACCAGGTAAAGGATACAC,0,1252472
ftsKp2,0.25,3,3,CAACATTCATTGGTTCAAGA,0,1245784
ftsKp2,0.25,3,3,CAACAGATGCCTCGAGTGCT,0,1267432
ftsKp2,0.25,3,3,CAAATACTGGCCGCTGATTC,0,1265697
ftsKp2,0.25,3,3,CAAAGATTGTACCACTGAAT,0,1252476
ftsKp2,0.25,3,3,CAAACGTATGAGAGACCCTA,0,1240357
ftsKp2,0.25,3,3,CAAAAAAAGCACCTGGCTGT,0,1264828
ftsKp2,0.25,3,3,ATTTTCATGGCTCTGACCTG,0,1244036
ftsKp2,0.25,3,3,ATTTGCCTGAGCTGTATCTC,0,1240710
ftsKp2,0.25,3,3,ATTTGCCCGGTTTCCATCCA,0,1256311
ftsKp2,0.25,3,3,ATTTCGCTCACAAGTTATTA,0,1245988
ftsKp2,0.25,3,3,ATTTACAGTTCACGGACCCG,0,1269187
ftsKp2,0.25,3,3,ATTGTGTCGGCACCTTTTAA,0,1252818
ftsKp2,0.25,3,3,ATTGCTTACTTATGGCCCTA,0,1266120
ftsKp2,0.25,3,3,ATTGCTACGCGGAGGAAGGC,0,1267945
ftsKp2,0.25,3,3,ATTGCCAGCTCCCCGCCAAG,0,1239913
ftsKp2,0.25,3,3,ATTGATAGTCTGAATCCTAG,0,1265515
ftsKp2,0.25,3,3,ATTCTTGCCAAGTTGCAAAA,0,1239846
ftsKp2,0.25,3,3,ATTCGCGGATATCGTAGGCG,0,1262069
ftsKp2,0.25,3,3,ATTCGACCATCGTTGGCGTC,0,1258451
ftsKp2,0.25,3,3,ATTCCTCAGGAATTAAATTC,0,1248494
ftsKp2,0.25,3,3,ATTCCATGCTTGTCGTCTTT,0,1241754
ftsKp2,0.25,3,3,ATTAGACGACCGACGCGCTA,0,1256462
ftsKp2,0.25,3,3,ATTACGTTGGCAGGTAGTGT,0,1270781
ftsKp2,0.25,3,3,ATTAACGCCTCGCTAAGTTA,0,1256159
ftsKp2,0.25,3,3,ATGTGACTGCGTCTGCAAGG,0,1255027
ftsKp2,0.25,3,3,ATGTGACCCGTAAGATCTAA,0,1267268
ftsKp2,0.25,3,3,ATGTCACTGTTTTGCGCCGA,0,1248683
ftsKp2,0.25,3,3,ATGGTCTACGGGAGAGAACG,0,1252619
ftsKp2,0.25,3,3,ATGGGTCGCCAGGCAGTTAC,0,1251388
ftsKp2,0.25,3,3,ATGGGATGCGTATCTTACGC,0,1253691
ftsKp2,0.25,3,3,ATGGACTGCCGTGTTGAGCG,0,1248031
ftsKp2,0.25,3,3,ATGCTAAGCAGCACCCCCTG,0,1245471
ftsKp2,0.25,3,3,ATGCGGTAGAGACCTTGTGA,0,1257715
ftsKp2,0.25,3,3,ATGCCATGGCGATCATCAAG,0,1255614
ftsKp2,0.25,3,3,ATGATAACTGAAGTTAAAGG,0,1265184
ftsKp2,0.25,3,3,ATGAATACATTTTATCCAAT,0,1248016
ftsKp2,0.25,3,3,ATCTTCCACACATTGGACGG,0,1241297
ftsKp2,0.25,3,3,ATCTTCAAAGACGCAGTACT,0,1259473
ftsKp2,0.25,3,3,ATCTTAACTTGACTGATTAC,0,1266400
ftsKp2,0.25,3,3,ATCTCAGGTAACTTGATCTC,0,1249210
ftsKp2,0.25,3,3,ATCTATACTGGCATCGGCCT,0,1262326
ftsKp2,0.25,3,3,ATCGTATCCAGCCTAAGCGC,0,1240979
ftsKp2,0.25,3,3,ATCGGTGTGAGGAATTGAGA,0,1247955
ftsKp2,0.25,3,3,ATCGGTAGCGATCCATTCGT,0,1252499
ftsKp2,0.25,3,3,ATCGGGGTGTCTATGTTTTA,0,1240498
ftsKp2,0.25,3,3,ATCGACACCACCATTTTTTT,0,1258413
ftsKp2,0.25,3,3,ATCCGTAGTTTCTGGGAGTC,0,1248992
ftsKp2,0.25,3,3,ATCCGAACTACTAATTTTGA,0,1249485
ftsKp2,0.25,3,3,ATCCCTTCCAGGGAACAGTA,0,1253746
ftsKp2,0.25,3,3,ATCCCCTATACGCAACTGCT,0,1245331
ftsKp2,0.25,3,3,ATCCCCGGGTCAAAGTGGTA,0,1245905
ftsKp2,0.25,3,3,ATCCCATAGTTAAAGGGAAC,0,1242963
ftsKp2,0.25,3,3,ATCCCAACGATGCGACCCCT,0,1256657
ftsKp2,0.25,3,3,ATCCATGCCGACCCTCTACG,0,1246760
ftsKp2,0.25,3,3,ATCATGGGTCTGCCAGTCAT,0,1254311
ftsKp2,0.25,3,3,ATCAGAAATTGATGATGTTT,0,1249757
ftsKp2,0.25,3,3,ATCACGTGGTAGCAAATAGT,0,1264605
ftsKp2,0.25,3,3,ATCAAGCTTCGCGACCAATC,0,1269003
ftsKp2,0.25,3,3,ATCAAGAAGGACCGCCTTCC,0,1254046
ftsKp2,0.25,3,3,ATATAGTGATAGGAGCCTTT,0,1264190
ftsKp2,0.25,3,3,ATATACAGTTTTCGCAACAA,0,1245940
ftsKp2,0.25,3,3,ATATAAGTGACTTAATGATG,0,1250923
ftsKp2,0.25,3,3,ATAGTGAATACAGTATCCGG,0,1249663
ftsKp2,0.25,3,3,ATAGGCTTGGGGGGTATCTG,0,1267006
ftsKp2,0.25,3,3,ATAGGAGAAGCCGATCCATA,0,1243584
ftsKp2,0.25,3,3,ATAGCATGAGTTACCGGTCG,0,1259159
ftsKp2,0.25,3,3,ATAGCAGTAGTCAAGTTTTC,0,1263761
ftsKp2,0.25,3,3,ATAGATATCTTATTTGCTTC,0,1243998
ftsKp2,0.25,3,3,ATACTTGGCGAACCGTAAAT,0,1258086
ftsKp2,0.25,3,3,ATACGGTTTTACACGCTGGG,0,1256540
ftsKp2,0.25,3,3,ATACCCAAACTGGGTTCTTT,0,1258826
ftsKp2,0.25,3,3,ATACAAATGGAATTGTTACT,0,1261507
ftsKp2,0.25,3,3,ATAACTGGAGTCCCTCCTGC,0,1249560
ftsKp2,0.25,3,3,AGTTGCACGCGCTCGACGGT,0,1244956
ftsKp2,0.25,3,3,AGTTGAGTATAGGGTTTGCG,0,1249695
ftsKp2,0.25,3,3,AGTTCTGTACCGTGCCGACG,0,1250837
ftsKp2,0.25,3,3,AGTTAGTTAGCATTCACTGA,0,1262980
ftsKp2,0.25,3,3,AGTGTTCCACAAATTGACGG,0,1269195
ftsKp2,0.25,3,3,AGTGCCTAGTGTGACGCTTC,0,1247295
ftsKp2,0.25,3,3,AGTGATCGCTTAGATCTAAT,0,1251399
ftsKp2,0.25,3,3,AGTGAAGTTGGCTGGTTCAT,0,1261539
ftsKp2,0.25,3,3,AGTCTGATTGCACTGTCACC,0,1268594
ftsKp2,0.25,3,3,AGTCGTGGAGTAGCAAATAC,0,1249166
ftsKp2,0.25,3,3,AGTATTTCGCGGGCCGCGTG,0,1265143
ftsKp2,0.25,3,3,AGTAGTACAAGCGAATTTGA,0,1270503
ftsKp2,0.25,3,3,AGTAGCTAGTCGCCCGAATT,0,1268495
ftsKp2,0.25,3,3,AGTAGACTAGGTACATAATG,0,1265280
ftsKp2,0.25,3,3,AGTACCCATGTGGTCGTGAT,0,1251864
ftsKp2,0.25,3,3,AGTAATTGGTATAAACAGAG,0,1255258
ftsKp2,0.25,3,3,AGGTTAACGATAAAACATTG,0,1249401
ftsKp2,0.25,3,3,AGGTGCCTTCAAGTTACCTG,0,1257651
ftsKp2,0.25,3,3,AGGTGCCATCCACCTGCTAC,0,1267437
ftsKp2,0.25,3,3,AGGTCCATGTAAATGTCCGT,0,1264005
ftsKp2,0.25,3,3,AGGTCCACCCTCCCAGAGCC,0,1248447
ftsKp2,0.25,3,3,AGGTACGAACGCTAGAGTAG,0,1267868
ftsKp2,0.25,3,3,AGGGTGAGGTGGATACTCTG,0,1266148
ftsKp2,0.25,3,3,AGGGGTATGGACTGTTTGAT,0,1241121
ftsKp2,0.25,3,3,AGGGCTACTTAGTCGAGTTC,0,1243604
ftsKp2,0.25,3,3,AGGGCGGACTTGCATCCACC,0,1256788
ftsKp2,0.25,3,3,AGGGCGAGTGTACTGACGTA,0,1249705
ftsKp2,0.25,3,3,AGGGCAGCACTAGCGAATGA,0,1251882
ftsKp2,0.25,3,3,AGGGCAACAAGATCCACCCA,0,1244455
ftsKp2,0.25,3,3,AGGGATCGGGTCCCGTCGCG,0,1261931
ftsKp2,0.25,3,3,AGGGAGGCATCTGTGTGCGC,0,1242473
ftsKp2,0.25,3,3,AGGCTAAATCGTATTGGACA,0,1243859
ftsKp2,0.25,3,3,AGGCCTTTCAATTGGGATCA,0,1255518
ftsKp2,0.25,3,3,AGGCCGTAAGGTCAGATAAC,0,1256858
ftsKp2,0.25,3,3,AGGCCCCCGCGGCAGGGAGT,0,1253139
ftsKp2,0.25,3,3,AGGCATAGGATACTTTTGTA,0,1265870
ftsKp2,0.25,3,3,AGGCACCGACGGTTCGAGGT,0,1249288
ftsKp2,0.25,3,3,AGGATTCTGTGGTTCCTAAT,0,1254492
ftsKp2,0.25,3,3,AGGAGCAAGCAACATCGTGA,0,1239858
ftsKp2,0.25,3,3,AGGACTGAACCCAGGTATAC,0,1254130
ftsKp2,0.25,3,3,AGGACCCTACAACGAGCCGT,0,1270903
ftsKp2,0.25,3,3,AGGACAGGGCGCTAGAACCT,0,1259824
ftsKp2,0.25,3,3,AGCTCCCGATCAGGTTACGG,0,1254244
ftsKp2,0.25,3,3,AGCTAGGTCGGGATAGACAG,0,1246464
ftsKp2,0.25,3,3,AGCTACCTATTCTTTAGAAT,0,1267067
ftsKp2,0.25,3,3,AGCGTCGCGGTCCGAGGACG,0,1247676
ftsKp2,0.25,3,3,AGCGATGAGAGCACCATGCT,0,1254270
ftsKp2,0.25,3,3,AGCCCGTGGGAACGAGGAGG,0,1269858
ftsKp2,0.25,3,3,AGCCAGGAGGAATTCAAGGG,0,1239915
ftsKp2,0.25,3,3,AGCCACTTGCGAATTATGGA,0,1248740
ftsKp2,0.25,3,3,AGCATGGTTTACATGCGTGG,0,1263302
ftsKp2,0.25,3,3,AGCATGACTGACATGGCGCG,0,1258928
ftsKp2,0.25,3,3,AGCACGTAGGTCTTTGTTGA,0,1260782
ftsKp2,0.25,3,3,AGATTTGGTAGGAGACGGAT,0,1244717
ftsKp2,0.25,3,3,AGATCGCTCGTGGTCGGCCA,0,1245162
ftsKp2,0.25,3,3,AGAGTTCCTTCTGTGTCAGT,0,1257942
ftsKp2,0.25,3,3,AGAGTGGACTGAACGCCGGA,0,1267777
ftsKp2,0.25,3,3,AGAGGCAGTCGATAAACACG,0,1241817
ftsKp2,0.25,3,3,AGAGGAAAACCTCATTAAGG,0,1242191
ftsKp2,0.25,3,3,AGAGCCTGTCCTTTAGTCGC,0,1251381
ftsKp2,0.25,3,3,AGAGATGCCGTTCCCCGCCC,0,1256380
ftsKp2,0.25,3,3,AGACTGCCAGGTGAAAACCA,0,1269282
ftsKp2,0.25,3,3,AGACCGGCTACTGTTTCTCT,0,1267312
ftsKp2,0.25,3,3,AGACCCTCGTATAGCGGGCT,0,1251184
ftsKp2,0.25,3,3,AGAATTAGCGCAGACGTTTG,0,1255586
ftsKp2,0.25,3,3,AGAATGTGTCACCTTGAGCT,0,1258404
ftsKp2,0.25,3,3,AGAAGTTGAGCAACGTCAGA,0,1253410
ftsKp2,0.25,3,3,AGAAGGAGCGTGTAAGCGCT,0,1250732
ftsKp2,0.25,3,3,AGAAGAAGCCTTATGAGAGT,0,1270111
ftsKp2,0.25,3,3,ACTTTGAGATGAACCGAACC,0,1254808
ftsKp2,0.25,3,3,ACTTTCAAGACTCAGTTTAT,0,1261941
ftsKp2,0.25,3,3,ACTTTAAGAAGGTGGAAGAC,0,1251923
ftsKp2,0.25,3,3,ACTTGGGTTCGTAATCTTAA,0,1268076
ftsKp2,0.25,3,3,ACTTCGTAAAACCCGGTCAT,0,1271119
ftsKp2,0.25,3,3,ACTTATCGGCATATATGGAA,0,1268767
ftsKp2,0.25,3,3,ACTTACTCTGAGAACAACAA,0,1264349
ftsKp2,0.25,3,3,ACTGTGGGTTCCTCAGGACT,0,1261275
ftsKp2,0.25,3,3,ACTGTAATGGCTCAGCACTC,0,1266590
ftsKp2,0.25,3,3,ACTGGCCTGGCTATCATCTT,0,1269455
ftsKp2,0.25,3,3,ACTGCCGAACCAAGCCCATG,0,1261409
ftsKp2,0.25,3,3,ACTGAATCACTATAAGGCAA,0,1248638
ftsKp2,0.25,3,3,ACTCTACAAGTACAACTGTT,0,1266233
ftsKp2,0.25,3,3,ACTCCCTTGGGATATGGAGT,0,1251744
ftsKp2,0.25,3,3,ACTCCCGTAAAGAACGCGGT,0,1260277
ftsKp2,0.25,3,3,ACTCATCACAACAAAAGGTT,0,1264890
ftsKp2,0.25,3,3,ACTAGTAAGCCAGCATTCCG,0,1244341
ftsKp2,0.25,3,3,ACTAGAGGGTGAGAAACAAC,0,1248063
ftsKp2,0.25,3,3,ACTACGCCCGTGTATGAACG,0,1242090
ftsKp2,0.25,3,3,ACTAAGGGGATAAGGCTAAA,0,1257857
ftsKp2,0.25,3,3,ACTAACGCAAGCAATCGGAC,0,1245659
ftsKp2,0.25,3,3,ACGTTTATACGTTCTGATGT,0,1250658
ftsKp2,0.25,3,3,ACGTTCTATGTCTTTAGGTC,0,1246979
ftsKp2,0.25,3,3,ACGTTCATGGTCCGGGGCTA,0,1247194
ftsKp2,0.25,3,3,ACGTCTTGTCGGCTGCGCCA,0,1249945
ftsKp2,0.25,3,3,ACGGTGTGAGGGGCCGCGGG,0,1248854
ftsKp2,0.25,3,3,ACGGGCTCCAATGCGTATCT,0,1265019
ftsKp2,0.25,3,3,ACGGGCGACGCTGGCAACTG,0,1249575
ftsKp2,0.25,3,3,ACGCTACGCTAGAATTGATA,0,1247542
ftsKp2,0.25,3,3,ACGCGCCGCTACGACGACAG,0,1245850
ftsKp2,0.25,3,3,ACGCGATCAAACTCGCCGTC,0,1240620
ftsKp2,0.25,3,3,ACGCCTTGGGATATCGCGGT,0,1267423
ftsKp2,0.25,3,3,ACGCCGCGATTCGAATCATT,0,1254201
ftsKp2,0.25,3,3,ACGCCCCGTCCAGTCGATTG,0,1263767
ftsKp2,0.25,3,3,ACGCCACAGCGCTTTATTAG,0,1257807
ftsKp2,0.25,3,3,ACGATTACCACCTAGTCCGT,0,1240998
ftsKp2,0.25,3,3,ACGAGGCGGGATGAAAACAT,0,1266589
ftsKp2,0.25,3,3,ACGACTGCGGTAATCCGGTG,0,1256650
ftsKp2,0.25,3,3,ACGAATGAGCTCCAAGCCGG,0,1269929
ftsKp2,0.25,3,3,ACCTTGCTCTCCTGAGGAAC,0,1258195
ftsKp2,0.25,3,3,ACCTTCCGGCGGTGACGAGC,0,1267209
ftsKp2,0.25,3,3,ACCTTAGTGGTTGCAAATAA,0,1268359
ftsKp2,0.25,3,3,ACCTCGTGTTAGTTAATGCT,0,1253655
ftsKp2,0.25,3,3,ACCTCCTCAATTTGGTGTTG,0,1261566
ftsKp2,0.25,3,3,ACCTCATTTACATCTGTGGT,0,1253345
ftsKp2,0.25,3,3,ACCTAGGACATCTAGCAGTT,0,1271086
ftsKp2,0.25,3,3,ACCGGGGTTAGTTGAGTTTT,0,1245422
ftsKp2,0.25,3,3,ACCGGGATCCGGTTCGCTCA,0,1266800
ftsKp2,0.25,3,3,ACCGGCTGTGGCCATAACAA,0,1262907
ftsKp2,0.25,3,3,ACCGCTTGGGAATAACATAC,0,1243382
ftsKp2,0.25,3,3,ACCGCGGATTGGAAGTCAGG,0,1253780
ftsKp2,0.25,3,3,ACCGACGGGGCACCGTGTGC,0,1260574
ftsKp2,0.25,3,3,ACCCTTTAGGTAGCGAATAG,0,1250280
ftsKp2,0.25,3,3,ACCCTATGTAACATAAATTT,0,1261332
ftsKp2,0.25,3,3,ACCCCTCAGACTCTGCTTAT,0,1254053
ftsKp2,0.25,3,3,ACCCAGGGACACATTGCGAG,0,1255030
ftsKp2,0.25,3,3,ACCAGAGATCGTGATGAGTT,0,1258147
ftsKp2,0.25,3,3,ACCAACACGGTCGCAGGAGG,0,1264641
ftsKp2,0.25,3,3,ACATTTCTCACGTCATTTAA,0,1246106
ftsKp2,0.25,3,3,ACATTCATGGTCCCCCATTT,0,1248327
ftsKp2,0.25,3,3,ACATGGGATACGGTTTAAGC,0,1249668
ftsKp2,0.25,3,3,ACATGCTCGCCTATGCGAAA,0,1267936
ftsKp2,0.25,3,3,ACATGATGGGACCTCCTAAA,0,1263946
ftsKp2,0.25,3,3,ACAGTGATCCACCGAGCCGA,0,1241749
ftsKp2,0.25,3,3,ACAGTCTGGGGGGGGCTACT,0,1261079
ftsKp2,0.25,3,3,ACAGGATCGGTAATCCCGGT,0,1258426
ftsKp2,0.25,3,3,ACACTCACCTAAGCTGCTGG,0,1247985
ftsKp2,0.25,3,3,ACACTAGGACCACACAGCTG,0,1260722
ftsKp2,0.25,3,3,ACACGGTAACTTCTAGACAG,0,1257882
ftsKp2,0.25,3,3,ACACCAATCCTGCTCTAGAG,0,1254295
ftsKp2,0.25,3,3,ACACATGCGCTTAAGTGTTT,0,1247986
ftsKp2,0.25,3,3,ACACAGTTGCGGGTAGAACC,0,1255451
ftsKp2,0.25,3,3,ACAATTCAATATCGGCATTT,0,1261674
ftsKp2,0.25,3,3,ACAATCGATGCGAAGCGGCT,0,1251210
ftsKp2,0.25,3,3,ACAATCACGAATCTTTAGTC,0,1264384
ftsKp2,0.25,3,3,ACAACGCTAAGTACTGACCG,0,1249055
ftsKp2,0.25,3,3,AATTGGTGCATTCGGTGTTA,0,1268100
ftsKp2,0.25,3,3,AATTATGACTAAGAATGACG,0,1257377
ftsKp2,0.25,3,3,AATTATCCACGTATGAGCTA,0,1242172
ftsKp2,0.25,3,3,AATTAATGGTAAATCTTAAG,0,1262447
ftsKp2,0.25,3,3,AATTAAAAGGAAACAAGTCC,0,1254213
ftsKp2,0.25,3,3,AATGATTATATACCCTGCTA,0,1262712
ftsKp2,0.25,3,3,AATCTGGGTGACCAAAAGTA,0,1254389
ftsKp2,0.25,3,3,AATCTCGTGCTGATGACGGT,0,1246041
ftsKp2,0.25,3,3,AATCGGCTTAATTAACGGAC,0,1261482
ftsKp2,0.25,3,3,AATCGGATGGTCGCGGGGGA,0,1253927
ftsKp2,0.25,3,3,AATCGCTGGTGCTATAGGTA,0,1254634
ftsKp2,0.25,3,3,AATCGCGCAGGACTAAATGA,0,1253143
ftsKp2,0.25,3,3,AATCCCCACCGTGGTTCAAG,0,1243594
ftsKp2,0.25,3,3,AATCCATACCTGGCGGCCGA,0,1255440
ftsKp2,0.25,3,3,AATCCAACACGTTTAGATAA,0,1266072
ftsKp2,0.25,3,3,AATAGCGAGGTTGTTTTTGC,0,1264162
ftsKp2,0.25,3,3,AATAGCCCTCGGGTTGACTT,0,1240447
ftsKp2,0.25,3,3,AATACCTTCAGTTGACTGTT,0,1255249
ftsKp2,0.25,3,3,AAGTTTGTTGACGAGTGAGA,0,1262753
ftsKp2,0.25,3,3,AAGTTGGGCTTAGGGTACCA,0,1269713
ftsKp2,0.25,3,3,AAGTGCTCACAGGGACGCAG,0,1265059
ftsKp2,0.25,3,3,AAGTATAGTTGGTATGCAGA,0,1248489
ftsKp2,0.25,3,3,AAGTAGGCAACAGTAGTTTC,0,1241180
ftsKp2,0.25,3,3,AAGGTCCCGGCGACGCGCTT,0,1242966
ftsKp2,0.25,3,3,AAGGCGGGAACGCCACCGTA,0,1265422
ftsKp2,0.25,3,3,AAGGCGAGGGGATGGAATAT,0,1241306
ftsKp2,0.25,3,3,AAGGCGAATATTGGTAGCGC,0,1254431
ftsKp2,0.25,3,3,AAGGCACCCGGGTGGAATTG,0,1262582
ftsKp2,0.25,3,3,AAGGAGAAAGACTAGATCGA,0,1250038
ftsKp2,0.25,3,3,AAGGACTGTGCTGGATAACT,0,1255963
ftsKp2,0.25,3,3,AAGCGAGATATAGGATCGAC,0,1254780
ftsKp2,0.25,3,3,AAGCGAAATATCGTCCTGGA,0,1255862
ftsKp2,0.25,3,3,AAGCCCCTATTTCCATTCGA,0,1269363
ftsKp2,0.25,3,3,AAGATCAATCTAAAAGGGGA,0,1271157
ftsKp2,0.25,3,3,AAGAGTAGCATAGTGTGTAA,0,1249896
ftsKp2,0.25,3,3,AAGACTGATCTGGACGCGAC,0,1248516
ftsKp2,0.25,3,3,AACTTGGAATAAAGCTGACT,0,1268142
ftsKp2,0.25,3,3,AACTGTTGATAGTTCTAATA,0,1252079
ftsKp2,0.25,3,3,AACTCCGGTTTGTCATTCAC,0,1246941
ftsKp2,0.25,3,3,AACGTCGGTATAGTGGCCGA,0,1257947
ftsKp2,0.25,3,3,AACGCACGGAGTTTGTGGTT,0,1252983
ftsKp2,0.25,3,3,AACGAAGAAACGGCTTACGA,0,1256578
ftsKp2,0.25,3,3,AACCTACAATCTGGCGTTAG,0,1255092
ftsKp2,0.25,3,3,AACCGGTCAAGTTCAACGTC,0,1264992
ftsKp2,0.25,3,3,AACCGAAACATTTTACCGTA,0,1254018
ftsKp2,0.25,3,3,AACCACTGCGTGTTTCTCAT,0,1266806
ftsKp2,0.25,3,3,AACATGCGAGTTTCGCTATT,0,1248564
ftsKp2,0.25,3,3,AACAGTTAGCGTACCTGGTC,0,1266591
ftsKp2,0.25,3,3,AACAGCCAGTCCCGTCGCAA,0,1241897
ftsKp2,0.25,3,3,AACACGCACCCTCCGGGAAT,0,1258935
ftsKp2,0.25,3,3,AACAACGCGGTTGTAAACGA,0,1249729
ftsKp2,0.25,3,3,AAATGTGGCTAAACGCACGT,0,1259585
ftsKp2,0.25,3,3,AAATATATCCTTATGTTGTT,0,1251946
ftsKp2,0.25,3,3,AAATACTAATCTGAGGCAGT,0,1259415
ftsKp2,0.25,3,3,AAATAATCTGACCGTTCATA,0,1261746
ftsKp2,0.25,3,3,AAAGTTGGTTGAGATGCTTC,0,1239955
ftsKp2,0.25,3,3,AAAGTGCCGACACACCCGGA,0,1253466
ftsKp2,0.25,3,3,AAAGGGGAATGCACACGGAA,0,1261604
ftsKp2,0.25,3,3,AAAGGGAGCTTACCTGCTAG,0,1254839
ftsKp2,0.25,3,3,AAAGCTTGGTCCTGTTGAGG,0,1254708
ftsKp2,0.25,3,3,AAAGCAAAAGTGCCGTCAGT,0,1266630
ftsKp2,0.25,3,3,AAACTTTCCAGCAAGACCCG,0,1269653
ftsKp2,0.25,3,3,AAACTCCGGAAAAAACGCGT,0,1255015
ftsKp2,0.25,3,3,AAACTCCCATCATTGAAGAG,0,1253654
ftsKp2,0.25,3,3,AAACGCCTTACCCTTCCATC,0,1249030
ftsKp2,0.25,3,3,AAACCCGCCCAAAGTCGAGC,0,1239488
ftsKp2,0.25,3,3,AAACCCCAATCCTTGCTATA,0,1257717
ftsKp2,0.25,3,3,AAACATTTCATCGGTCTTGG,0,1268710
ftsKp2,0.25,3,3,AAACAGTCCTAATCAACGTG,0,1267768
ftsKp2,0.25,3,3,AAAATTCCTCGGGATCCGGT,0,1264108
ftsKp2,0.25,3,3,AAAATCAGCGTCACAGTCCT,0,1242471
ftsKp2,0.25,3,3,AAAATAGGTGGATATTTGCT,0,1255382
ftsKp2,0.25,3,3,AAAAGTAGAGGAGCAATGAA,0,1268342
ftsKp2,0.25,3,3,AAAAGGTGCGCCCTTTCAAT,0,1242216
ftsKp2,0.25,3,3,AAAAACGAGTAGATCCATAC,0,1265840
ftsKp2,0.3333333333333333,2,2,TTTTCGACCCGCCGGTTTCA,0,1252027
ftsKp2,0.3333333333333333,2,2,TTTTCAAGAGCAGCCTAGGA,0,1244844
ftsKp2,0.3333333333333333,2,2,TTTTCAACGGCAACCCGTGA,0,1254824
ftsKp2,0.3333333333333333,2,2,TTTTATCAAGTCGCCATCGC,0,1262258
ftsKp2,0.3333333333333333,2,2,TTTGTGACCCTCCAAGTATA,0,1266159
ftsKp2,0.3333333333333333,2,2,TTTGTAGTGTGCGCCTCGGG,0,1262488
ftsKp2,0.3333333333333333,2,2,TTTGGTTGCTAGAGACGGTT,0,1251155
ftsKp2,0.3333333333333333,2,2,TTTGGTGCCTGACTCGCACC,0,1259868
ftsKp2,0.3333333333333333,2,2,TTTGGGGATCTTTGGTCCGT,0,1241261
ftsKp2,0.3333333333333333,2,2,TTTGCCTATATCGCAAAGAC,0,1239490
ftsKp2,0.3333333333333333,2,2,TTTGATATTTGCGTTCAGAT,0,1269610
ftsKp2,0.3333333333333333,2,2,TTTCTGTCCGCAGCACCTAA,0,1239493
ftsKp2,0.3333333333333333,2,2,TTTCTGAGGCGTGTCCGGCC,0,1258768
ftsKp2,0.3333333333333333,2,2,TTTCTAAGATGCACAATACT,0,1244215
ftsKp2,0.3333333333333333,2,2,TTTCGGACGATATTGTTTAC,0,1257164
ftsKp2,0.3333333333333333,2,2,TTTCCATCGCGTTAGGGCGA,0,1239865
ftsKp2,0.3333333333333333,2,2,TTTCATCAAATGGGGGGTCC,0,1259999
ftsKp2,0.3333333333333333,2,2,TTTCAGGACGCTGCGGTCAT,0,1244246
ftsKp2,0.3333333333333333,2,2,TTTCAAGGGCTCAACTATGC,0,1252367
ftsKp2,0.3333333333333333,2,2,TTTATTCAGAGAGTGCTGGT,0,1258566
ftsKp2,0.3333333333333333,2,2,TTTATGGGTCCGAGAGACCC,0,1256027
ftsKp2,0.3333333333333333,2,2,TTTATAAGACGGTACAATAT,0,1260572
ftsKp2,0.3333333333333333,2,2,TTTAATCTGGAAGAGGGAGG,0,1262846
ftsKp2,0.3333333333333333,2,2,TTTAAGGCAAAAGAGAATCA,0,1269544
ftsKp2,0.3333333333333333,2,2,TTTAACACCCCTTTGGTTTC,0,1266143
ftsKp2,0.3333333333333333,2,2,TTGTTCTAGCGTGCTCTCAC,0,1265921
ftsKp2,0.3333333333333333,2,2,TTGTGGCTAAGAAAGCTGTT,0,1255906
ftsKp2,0.3333333333333333,2,2,TTGTGAACATAATCAGTCGC,0,1242651
ftsKp2,0.3333333333333333,2,2,TTGTATGTCAAGGGTCAGTG,0,1241000
ftsKp2,0.3333333333333333,2,2,TTGTACTAGAGTCCAGCCAT,0,1270044
ftsKp2,0.3333333333333333,2,2,TTGTAATTAATCGCAAGGGG,0,1245740
ftsKp2,0.3333333333333333,2,2,TTGGTGTATCTATATAAGAA,0,1256484
ftsKp2,0.3333333333333333,2,2,TTGGTGGCGACGAGCAGACT,0,1241625
ftsKp2,0.3333333333333333,2,2,TTGGCTATTTGTCCAAGGCC,0,1248993
ftsKp2,0.3333333333333333,2,2,TTGGCACCCGCATTGCTATG,0,1244116
ftsKp2,0.3333333333333333,2,2,TTGCTGACGCGTGTTTGTAG,0,1268329
ftsKp2,0.3333333333333333,2,2,TTGCGTAATTGACGTAGGAA,0,1253027
ftsKp2,0.3333333333333333,2,2,TTGCCGAAGAGCTAGGGATG,0,1247069
ftsKp2,0.3333333333333333,2,2,TTGCCATCGCACAAAGGAGT,0,1263304
ftsKp2,0.3333333333333333,2,2,TTGCCAATCTAATCGATACG,0,1267690
ftsKp2,0.3333333333333333,2,2,TTGCAACGCTCACTGAGAGA,0,1239400
ftsKp2,0.3333333333333333,2,2,TTGATTAGATGTGCGGGGTT,0,1257276
ftsKp2,0.3333333333333333,2,2,TTGATCATTGCCCATTGTAC,0,1257829
ftsKp2,0.3333333333333333,2,2,TTGAGGCTCTCACGTGGTCT,0,1259164
ftsKp2,0.3333333333333333,2,2,TTGACATATTAAAATGCACA,0,1243511
ftsKp2,0.3333333333333333,2,2,TTCTTTACCGGCCACGACCT,0,1247817
ftsKp2,0.3333333333333333,2,2,TTCTTGGTGGTGAACGAGCT,0,1267110
ftsKp2,0.3333333333333333,2,2,TTCTGTTTCAGAGTATCCGG,0,1253220
ftsKp2,0.3333333333333333,2,2,TTCTCCGCGAAGACAGCGTA,0,1258962
ftsKp2,0.3333333333333333,2,2,TTCTACTCGTCTAGGTCGGC,0,1248006
ftsKp2,0.3333333333333333,2,2,TTCGTGCAGCCTGACCCATG,0,1255300
ftsKp2,0.3333333333333333,2,2,TTCGGGTTTCTGGGTTCTGG,0,1253534
ftsKp2,0.3333333333333333,2,2,TTCGGGCGGTAGTAGTTCCC,0,1240860
ftsKp2,0.3333333333333333,2,2,TTCGGCCCAAACTGTCTATA,0,1247044
ftsKp2,0.3333333333333333,2,2,TTCGCCTGCATGGCTATACG,0,1259311
ftsKp2,0.3333333333333333,2,2,TTCGCATCCGCCGGCCACTG,0,1240264
ftsKp2,0.3333333333333333,2,2,TTCGATTGCCCGGGGCCAAT,0,1240573
ftsKp2,0.3333333333333333,2,2,TTCGAGGTTCGAAGTCATAG,0,1258901
ftsKp2,0.3333333333333333,2,2,TTCCTTGAGGTCTCCCACCT,0,1241386
ftsKp2,0.3333333333333333,2,2,TTCCTCCACTTTGGCTGGGA,0,1259278
ftsKp2,0.3333333333333333,2,2,TTCCAGTCAATGCGGGATCA,0,1239941
ftsKp2,0.3333333333333333,2,2,TTCATGGAGCAACTCCCACG,0,1263283
ftsKp2,0.3333333333333333,2,2,TTCAGTCCAAAGCAGAGCCA,0,1263129
ftsKp2,0.3333333333333333,2,2,TTCAGCCTGGTGTGTGGTAA,0,1258018
ftsKp2,0.3333333333333333,2,2,TTCACGGCACGCTCAGGGTC,0,1250951
ftsKp2,0.3333333333333333,2,2,TTCAACCCCTTTCCAAAGAA,0,1252641
ftsKp2,0.3333333333333333,2,2,TTATTGGAGTCAATCACATG,0,1247414
ftsKp2,0.3333333333333333,2,2,TTATTAGATATTACAAGGCA,0,1266114
ftsKp2,0.3333333333333333,2,2,TTATGGTTTCATGTAACTAT,0,1267413
ftsKp2,0.3333333333333333,2,2,TTATGCATTGCTAAAAATAT,0,1266886
ftsKp2,0.3333333333333333,2,2,TTATGAAGTGTATCGCAACG,0,1251370
ftsKp2,0.3333333333333333,2,2,TTATCATCCACCCCACCTCC,0,1243873
ftsKp2,0.3333333333333333,2,2,TTAGTTGAACCCAAACTTCT,0,1250608
ftsKp2,0.3333333333333333,2,2,TTAGGTTAGTAGGATCGTTG,0,1240459
ftsKp2,0.3333333333333333,2,2,TTAGGGTTTCGACGCTATAT,0,1258992
ftsKp2,0.3333333333333333,2,2,TTAGGATTAAAAAGGCGTGT,0,1247539
ftsKp2,0.3333333333333333,2,2,TTAGCTGCACTTCAGATCTA,0,1249712
ftsKp2,0.3333333333333333,2,2,TTAGCGATCTACCTAAGGGA,0,1246208
ftsKp2,0.3333333333333333,2,2,TTACTCTCTTCCCGAGCGGG,0,1260219
ftsKp2,0.3333333333333333,2,2,TTACAAAGTGGAAGAACTCG,0,1263375
ftsKp2,0.3333333333333333,2,2,TTAATAATTATGGGGAATGG,0,1241974
ftsKp2,0.3333333333333333,2,2,TTAAGCATTGCGATCATATC,0,1245350
ftsKp2,0.3333333333333333,2,2,TTAACACCGCACGGTTGAAT,0,1267372
ftsKp2,0.3333333333333333,2,2,TTAAATATGAGGTTCGCCTG,0,1264364
ftsKp2,0.3333333333333333,2,2,TGTTTTATACTATGCCGCTG,0,1264566
ftsKp2,0.3333333333333333,2,2,TGTTGACCTACTAGCTTAGG,0,1248026
ftsKp2,0.3333333333333333,2,2,TGTTATCGATAGTACAAGGA,0,1259776
ftsKp2,0.3333333333333333,2,2,TGTTAACATGGGGGGTACCC,0,1271160
ftsKp2,0.3333333333333333,2,2,TGTTAAATTGTATGCCTATT,0,1258551
ftsKp2,0.3333333333333333,2,2,TGTGGTCGTTTGGACATTGG,0,1241695
ftsKp2,0.3333333333333333,2,2,TGTGCTTTCTATGGCGGCCT,0,1258255
ftsKp2,0.3333333333333333,2,2,TGTGCGAGGCGCAACCGGAG,0,1254640
ftsKp2,0.3333333333333333,2,2,TGTGCAGAGATGCGCCAACA,0,1252966
ftsKp2,0.3333333333333333,2,2,TGTGCACGGTAGCAGTAAAC,0,1253094
ftsKp2,0.3333333333333333,2,2,TGTGATACACATCGGATTGT,0,1265521
ftsKp2,0.3333333333333333,2,2,TGTGAGTCATCTTAGGGCTT,0,1269411
ftsKp2,0.3333333333333333,2,2,TGTGACCGTCATGCGATTGT,0,1241496
ftsKp2,0.3333333333333333,2,2,TGTCTAGAGGAGCGAGAAGT,0,1253660
ftsKp2,0.3333333333333333,2,2,TGTCGGGTCCGTTTGCGTGC,0,1256688
ftsKp2,0.3333333333333333,2,2,TGTCGCTGCCATGTCGGGAT,0,1252630
ftsKp2,0.3333333333333333,2,2,TGTCCTTCAGCCGAATTTAT,0,1271147
ftsKp2,0.3333333333333333,2,2,TGTCATATGTGCAATATATC,0,1255253
ftsKp2,0.3333333333333333,2,2,TGTATTTACGAGGGCGCAGT,0,1252694
ftsKp2,0.3333333333333333,2,2,TGTAGTGCATTTTCAGCGCG,0,1255538
ftsKp2,0.3333333333333333,2,2,TGTAGAATTTCAGATGAGGT,0,1248608
ftsKp2,0.3333333333333333,2,2,TGTAACGAGAAATCAGTGTA,0,1248297
ftsKp2,0.3333333333333333,2,2,TGGTTTGGTCGTACGTGTAG,0,1262772
ftsKp2,0.3333333333333333,2,2,TGGTTGAACAGATAAGAATT,0,1240273
ftsKp2,0.3333333333333333,2,2,TGGTGCTCGCCGAGAGTACT,0,1253118
ftsKp2,0.3333333333333333,2,2,TGGTGAAACTTTCAAGAAGC,0,1255931
ftsKp2,0.3333333333333333,2,2,TGGTCTAGGAGCTCCTGTCG,0,1260354
ftsKp2,0.3333333333333333,2,2,TGGTCCCCAGGGTTTGTAAC,0,1240897
ftsKp2,0.3333333333333333,2,2,TGGGTGCCAGGACGATAACG,0,1268276
ftsKp2,0.3333333333333333,2,2,TGGGTCCCGTCAGGGGGGAT,0,1257889
ftsKp2,0.3333333333333333,2,2,TGGGGGTATGATCTTTAACC,0,1252300
ftsKp2,0.3333333333333333,2,2,TGGCTCGTGACGTTTTCCGT,0,1239690
ftsKp2,0.3333333333333333,2,2,TGGCCCTGGTGTGCTTACTC,0,1260346
ftsKp2,0.3333333333333333,2,2,TGGCCAAGATATAGACTTGA,0,1259589
ftsKp2,0.3333333333333333,2,2,TGGATAGGGATATTAAGGAA,0,1239815
ftsKp2,0.3333333333333333,2,2,TGGAGTAAGATACGAACATA,0,1259414
ftsKp2,0.3333333333333333,2,2,TGGACTACGGATCGCAGGGT,0,1254288
ftsKp2,0.3333333333333333,2,2,TGGACGCTCAGACAGTAAAC,0,1252368
ftsKp2,0.3333333333333333,2,2,TGGAAGAGCGCGCGTTGCCG,0,1253366
ftsKp2,0.3333333333333333,2,2,TGCTTTGCCACGAAGTTACG,0,1242839
ftsKp2,0.3333333333333333,2,2,TGCTGTGTTGGTAGGACGAA,0,1241162
ftsKp2,0.3333333333333333,2,2,TGCTGGGTTTCGGGAAATAT,0,1265893
ftsKp2,0.3333333333333333,2,2,TGCTCTCCTGAATCGTACAA,0,1239611
ftsKp2,0.3333333333333333,2,2,TGCTCGTCTCGTCTGTCCAG,0,1257562
ftsKp2,0.3333333333333333,2,2,TGCTCAGTTTTGTTATGTAC,0,1270416
ftsKp2,0.3333333333333333,2,2,TGCGGTATGGGGAGGACCGC,0,1240294
ftsKp2,0.3333333333333333,2,2,TGCGCGTGGTCAGAATTCAA,0,1246549
ftsKp2,0.3333333333333333,2,2,TGCGAATGAACGCGGCTTTT,0,1269876
ftsKp2,0.3333333333333333,2,2,TGCCTTCTGCGTAGACGATG,0,1254051
ftsKp2,0.3333333333333333,2,2,TGCCTATCGAGATCGAGCCA,0,1255554
ftsKp2,0.3333333333333333,2,2,TGCCGGTCCTTTAAGGTTTG,0,1258837
ftsKp2,0.3333333333333333,2,2,TGCCGATTCAGACTACCTGT,0,1267428
ftsKp2,0.3333333333333333,2,2,TGCCCGATACGCGTTGCGAG,0,1268150
ftsKp2,0.3333333333333333,2,2,TGCCCGACTCGACCCTGCGT,0,1250362
ftsKp2,0.3333333333333333,2,2,TGCCATATCCGATACCGAAA,0,1243751
ftsKp2,0.3333333333333333,2,2,TGCCAGCTGGGGCCATCCGT,0,1254830
ftsKp2,0.3333333333333333,2,2,TGCATGACGAGGATCCCGAG,0,1270064
ftsKp2,0.3333333333333333,2,2,TGCAGTGTCCCTGCTATTAC,0,1262079
ftsKp2,0.3333333333333333,2,2,TGCAGACAACAGATAGATGC,0,1264698
ftsKp2,0.3333333333333333,2,2,TGCACCTTTTTTCTCTTGTC,0,1242861
ftsKp2,0.3333333333333333,2,2,TGATTACAGTCGGGCACTAA,0,1245191
ftsKp2,0.3333333333333333,2,2,TGATGCCCTTGATAGCCACA,0,1254532
ftsKp2,0.3333333333333333,2,2,TGATCAAATTTCTACGCGCG,0,1261274
ftsKp2,0.3333333333333333,2,2,TGATAGAGCGGTTCGATACA,0,1247845
ftsKp2,0.3333333333333333,2,2,TGATACTCTCTTTTATGGAC,0,1269993
ftsKp2,0.3333333333333333,2,2,TGATACATCCTAAAAATCCA,0,1249790
ftsKp2,0.3333333333333333,2,2,TGAGTACTCCTCACTAACCC,0,1246144
ftsKp2,0.3333333333333333,2,2,TGAGTACGGCTATCCTAGCA,0,1261003
ftsKp2,0.3333333333333333,2,2,TGAGCGGAGGGGATTAGTCT,0,1262059
ftsKp2,0.3333333333333333,2,2,TGAGATAAAAGGTTAGATCT,0,1247530
ftsKp2,0.3333333333333333,2,2,TGAGAGTTCCCATCTCCTAA,0,1250093
ftsKp2,0.3333333333333333,2,2,TGACTTCCACCCTTATTTAG,0,1249574
ftsKp2,0.3333333333333333,2,2,TGACCTCGGTCCCACCACAT,0,1256241
ftsKp2,0.3333333333333333,2,2,TGACAGCAAAGAGACCGCGT,0,1259327
ftsKp2,0.3333333333333333,2,2,TGAATTAGGGGTATGGGCTT,0,1270504
ftsKp2,0.3333333333333333,2,2,TGAAGGCTTGCATGTCCTCT,0,1254650
ftsKp2,0.3333333333333333,2,2,TGAAGCATCCTACTCATCGA,0,1247996
ftsKp2,0.3333333333333333,2,2,TGAACCTCAAAACCCCAGAA,0,1248378
ftsKp2,0.3333333333333333,2,2,TCTTTTGTATTGGTTTGATT,0,1240283
ftsKp2,0.3333333333333333,2,2,TCTTGAAGCGGTATGCTCGG,0,1241245
ftsKp2,0.3333333333333333,2,2,TCTTCGGCAGTTTTCGTGGG,0,1260541
ftsKp2,0.3333333333333333,2,2,TCTTACCTATGACGGCTCTA,0,1253215
ftsKp2,0.3333333333333333,2,2,TCTTAACACTGCCACACTAT,0,1271089
ftsKp2,0.3333333333333333,2,2,TCTGTGTTACCTTGGCGGGC,0,1241438
ftsKp2,0.3333333333333333,2,2,TCTGGTGATCCAGGCTGAAT,0,1239396
ftsKp2,0.3333333333333333,2,2,TCTGGCAAGGCTAGTTACTC,0,1252037
ftsKp2,0.3333333333333333,2,2,TCTGGAGGCCATGACGCAAG,0,1244658
ftsKp2,0.3333333333333333,2,2,TCTGCATGATCTTTGGAGTA,0,1245257
ftsKp2,0.3333333333333333,2,2,TCTGAAAATCGGGGAATACA,0,1270847
ftsKp2,0.3333333333333333,2,2,TCTCTCTCTGACAACTGCCT,0,1269008
ftsKp2,0.3333333333333333,2,2,TCTCCGGGGGGTGTTCTTTT,0,1268042
ftsKp2,0.3333333333333333,2,2,TCTCCCCGGTGGTGACTCAT,0,1245574
ftsKp2,0.3333333333333333,2,2,TCTCCACCTCCATGGAAGCC,0,1247158
ftsKp2,0.3333333333333333,2,2,TCTAGGGTTCGTCGATATTA,0,1241273
ftsKp2,0.3333333333333333,2,2,TCTAGCCCCGTGACCATATG,0,1269495
ftsKp2,0.3333333333333333,2,2,TCTAGACACTGCCGATTGTA,0,1266042
ftsKp2,0.3333333333333333,2,2,TCTACTTCACTTAGTGTAAA,0,1240734
ftsKp2,0.3333333333333333,2,2,TCTACTGTAACCCCTAAAAC,0,1262314
ftsKp2,0.3333333333333333,2,2,TCTACGCGGAACTCGGGTTC,0,1244234
ftsKp2,0.3333333333333333,2,2,TCGTTGACGGTATCACGAAC,0,1241101
ftsKp2,0.3333333333333333,2,2,TCGTGGGGATTAATGCGAGA,0,1252564
ftsKp2,0.3333333333333333,2,2,TCGTGCGCCTACTCAACAGC,0,1244562
ftsKp2,0.3333333333333333,2,2,TCGTCGTCTTCCGTCGATAC,0,1246993
ftsKp2,0.3333333333333333,2,2,TCGTCAGTAAACTGCCCGGA,0,1264186
ftsKp2,0.3333333333333333,2,2,TCGGTGTGTCGGAATCTATG,0,1265542
ftsKp2,0.3333333333333333,2,2,TCGGGTACTATCTTCTTCCA,0,1242932
ftsKp2,0.3333333333333333,2,2,TCGGGGGTTCGGCTGGCCCC,0,1266480
ftsKp2,0.3333333333333333,2,2,TCGGGAACCAGACTCCCGAC,0,1258651
ftsKp2,0.3333333333333333,2,2,TCGGCGTTCGCTTCCCGATT,0,1259398
ftsKp2,0.3333333333333333,2,2,TCGGACTCGACGCGCATGAC,0,1260689
ftsKp2,0.3333333333333333,2,2,TCGGACGCTTACAATTGATA,0,1268336
ftsKp2,0.3333333333333333,2,2,TCGGAACCGTCGGGGGAGGG,0,1245998
ftsKp2,0.3333333333333333,2,2,TCGCTAGTAGAAAACCTAAG,0,1249025
ftsKp2,0.3333333333333333,2,2,TCGCCCGTGTGGCTTGGCAA,0,1265276
ftsKp2,0.3333333333333333,2,2,TCGCAGGGGCCTACCACGGA,0,1242798
ftsKp2,0.3333333333333333,2,2,TCCTTGTTTGAACACTGACT,0,1265156
ftsKp2,0.3333333333333333,2,2,TCCTAGCGGAGTATTAAGAC,0,1267335
ftsKp2,0.3333333333333333,2,2,TCCGTTGGGGCAACAAAATC,0,1263232
ftsKp2,0.3333333333333333,2,2,TCCGTTCTCGTCGTTTTGAT,0,1263702
ftsKp2,0.3333333333333333,2,2,TCCGTGCCAACCAGTGAGTA,0,1268838
ftsKp2,0.3333333333333333,2,2,TCCGGGCACGATTAGGCGGC,0,1241944
ftsKp2,0.3333333333333333,2,2,TCCGGCCCCTTGGATGGAGT,0,1260356
ftsKp2,0.3333333333333333,2,2,TCCGGATCATGCGGCGGGGA,0,1242885
ftsKp2,0.3333333333333333,2,2,TCCGCTAGCAGGAAATATCA,0,1260136
ftsKp2,0.3333333333333333,2,2,TCCGCATACCCCACGCTGAA,0,1250554
ftsKp2,0.3333333333333333,2,2,TCCGATGGAAAAGGCGGGTG,0,1262788
ftsKp2,0.3333333333333333,2,2,TCCCTTGACGTTCGCTCATT,0,1254023
ftsKp2,0.3333333333333333,2,2,TCCCGTTTATTTACATCGAT,0,1244272
ftsKp2,0.3333333333333333,2,2,TCCCGACGAAAGGGTTCGGG,0,1261445
ftsKp2,0.3333333333333333,2,2,TCCATGGGGGCGGTCAAGCC,0,1262840
ftsKp2,0.3333333333333333,2,2,TCCAGTAGTCACTGTGTGGG,0,1258422
ftsKp2,0.3333333333333333,2,2,TCCAGGGTTTAATAGTCTAG,0,1246763
ftsKp2,0.3333333333333333,2,2,TCCAAGTCCTTCCATAGAAA,0,1261766
ftsKp2,0.3333333333333333,2,2,TCCAACTTATTCGACGGTAG,0,1257789
ftsKp2,0.3333333333333333,2,2,TCATTGAGGATAGTGACTTT,0,1243971
ftsKp2,0.3333333333333333,2,2,TCATGTCGGCCCATGGGCAG,0,1259507
ftsKp2,0.3333333333333333,2,2,TCATGCGTTTAGGTTCAAAT,0,1262750
ftsKp2,0.3333333333333333,2,2,TCATCTCTCTTAGTGACCAA,0,1253485
ftsKp2,0.3333333333333333,2,2,TCATCGCTGGAGCAATGGCA,0,1263549
ftsKp2,0.3333333333333333,2,2,TCATACTATGCTATGACATG,0,1244069
ftsKp2,0.3333333333333333,2,2,TCATACAATGTCCGCAGGGT,0,1263212
ftsKp2,0.3333333333333333,2,2,TCATAAGCAAAGGGGTATTT,0,1265449
ftsKp2,0.3333333333333333,2,2,TCAGCCATCGTTCACAGATG,0,1243964
ftsKp2,0.3333333333333333,2,2,TCACGCGGGCGTGCAATAGA,0,1246573
ftsKp2,0.3333333333333333,2,2,TCAATCTACTAAGTAAATCT,0,1242267
ftsKp2,0.3333333333333333,2,2,TCAATCACGTTGGTGTGCTG,0,1241272
ftsKp2,0.3333333333333333,2,2,TCAAGTACGATGACATGACC,0,1265015
ftsKp2,0.3333333333333333,2,2,TCAACTGTAGCCGCTCTTAC,0,1241969
ftsKp2,0.3333333333333333,2,2,TCAACTCTGGTGCCGGCATT,0,1265102
ftsKp2,0.3333333333333333,2,2,TCAAAGCCTAGGTATTCGGC,0,1242345
ftsKp2,0.3333333333333333,2,2,TATTTCGTCTTCCGTGGGAA,0,1261397
ftsKp2,0.3333333333333333,2,2,TATTAGGCGACCTAATTCCT,0,1257108
ftsKp2,0.3333333333333333,2,2,TATGTCGTTATTGCAATGGT,0,1248372
ftsKp2,0.3333333333333333,2,2,TATGATTCTTGAATAGGGGT,0,1245324
ftsKp2,0.3333333333333333,2,2,TATGACTTATGCGCTATTGT,0,1266808
ftsKp2,0.3333333333333333,2,2,TATGACATTGGTAATTCGGT,0,1255505
ftsKp2,0.3333333333333333,2,2,TATCTTGGCCGAAACAAGAA,0,1269798
ftsKp2,0.3333333333333333,2,2,TATCTAGGGTATCTCTCTTG,0,1251801
ftsKp2,0.3333333333333333,2,2,TATCATTAAAGCAAACTCTA,0,1253860
ftsKp2,0.3333333333333333,2,2,TATCAGACGTAGGCGATTTG,0,1255599
ftsKp2,0.3333333333333333,2,2,TATATTCGTTTATGATGGGA,0,1241771
ftsKp2,0.3333333333333333,2,2,TATATGGCCCGGAATCGAAC,0,1261399
ftsKp2,0.3333333333333333,2,2,TATATATCACCCCGCAGAGA,0,1270092
ftsKp2,0.3333333333333333,2,2,TATAGGTCAAGGGGATCTAG,0,1256912
ftsKp2,0.3333333333333333,2,2,TATACGCATTGCGCGGGGCG,0,1268896
ftsKp2,0.3333333333333333,2,2,TATAAGGGGCAATGTAATGC,0,1264944
ftsKp2,0.3333333333333333,2,2,TATAAGGGGAGAGCGACCCA,0,1255801
ftsKp2,0.3333333333333333,2,2,TAGTTAAGTGTTAAACCGCG,0,1257157
ftsKp2,0.3333333333333333,2,2,TAGTCGGTCGGTGGGATAGT,0,1261082
ftsKp2,0.3333333333333333,2,2,TAGTCATGGCGCTTTTTAAA,0,1249760
ftsKp2,0.3333333333333333,2,2,TAGGTGGTCACTGGTTAGTA,0,1247473
ftsKp2,0.3333333333333333,2,2,TAGGGGGAGAAAATTCAGGC,0,1261438
ftsKp2,0.3333333333333333,2,2,TAGGCCGGATTTGACATGCA,0,1257583
ftsKp2,0.3333333333333333,2,2,TAGGACGGCTTAGAATCAAT,0,1267066
ftsKp2,0.3333333333333333,2,2,TAGGAACTATATTATAGTGC,0,1246014
ftsKp2,0.3333333333333333,2,2,TAGCGTCAATTTGAGCCGGA,0,1246103
ftsKp2,0.3333333333333333,2,2,TAGCATAGCGTTTCCTTATA,0,1266844
ftsKp2,0.3333333333333333,2,2,TAGCAGCACGCTCCGCCTAC,0,1270259
ftsKp2,0.3333333333333333,2,2,TAGATTATTGAGATTATACG,0,1240368
ftsKp2,0.3333333333333333,2,2,TAGATCGCAAGGCAGACTCA,0,1242374
ftsKp2,0.3333333333333333,2,2,TAGAGACTCCGAACACCGAT,0,1250602
ftsKp2,0.3333333333333333,2,2,TAGACCTAGCTTTAACCACA,0,1250386
ftsKp2,0.3333333333333333,2,2,TAGAAGGGTGTTAGCTAGGA,0,1270458
ftsKp2,0.3333333333333333,2,2,TACGTGACTCGCATTACGTC,0,1270127
ftsKp2,0.3333333333333333,2,2,TACGTCTTGCGGGTGCCGAC,0,1269577
ftsKp2,0.3333333333333333,2,2,TACGGTTTCGTCAAGTGTAG,0,1253037
ftsKp2,0.3333333333333333,2,2,TACGGTCTGCGCCGGGTAAT,0,1251867
ftsKp2,0.3333333333333333,2,2,TACGGTCAAGCCTATGAATG,0,1252605
ftsKp2,0.3333333333333333,2,2,TACGGTATACTGCGGAAACA,0,1257106
ftsKp2,0.3333333333333333,2,2,TACGGGTCTTCTGCACGAAC,0,1256958
ftsKp2,0.3333333333333333,2,2,TACGGCCAGAAATCTAGTGA,0,1261718
ftsKp2,0.3333333333333333,2,2,TACGCTCACGGCACATCTTA,0,1259716
ftsKp2,0.3333333333333333,2,2,TACGCCTTATGGCGAGTTTT,0,1245502
ftsKp2,0.3333333333333333,2,2,TACGATACCAGCTGCCCAAT,0,1245473
ftsKp2,0.3333333333333333,2,2,TACCTGTCTCAAAGGTGTTA,0,1244284
ftsKp2,0.3333333333333333,2,2,TACCTGTCAATGTGTTGTAC,0,1247553
ftsKp2,0.3333333333333333,2,2,TACCCTTTAGGCCAGTGGTA,0,1248884
ftsKp2,0.3333333333333333,2,2,TACCCGTCCCCTCCTTAGTT,0,1262558
ftsKp2,0.3333333333333333,2,2,TACCCGAGGAAAATTTTGAT,0,1260539
ftsKp2,0.3333333333333333,2,2,TACCATGCGTGTAGATGCTC,0,1241620
ftsKp2,0.3333333333333333,2,2,TACCAGGGCTCCACATGCGT,0,1266787
ftsKp2,0.3333333333333333,2,2,TACACTGGGAGTGCTTCGCA,0,1267505
ftsKp2,0.3333333333333333,2,2,TACACTGATTTATGTGTGGA,0,1250052
ftsKp2,0.3333333333333333,2,2,TACAATTGAAGTAAATGATA,0,1265712
ftsKp2,0.3333333333333333,2,2,TAATTCATCATAGTTGGATA,0,1269750
ftsKp2,0.3333333333333333,2,2,TAATCTAGTTTTGACCATTG,0,1258642
ftsKp2,0.3333333333333333,2,2,TAATAGGTGCGAACTCCGGA,0,1251140
ftsKp2,0.3333333333333333,2,2,TAATACCTCGCAGGTCGGTC,0,1249482
ftsKp2,0.3333333333333333,2,2,TAATAAGGTCAATGTGAGAA,0,1256910
ftsKp2,0.3333333333333333,2,2,TAAGTGGTTAGGAGGTACAA,0,1244319
ftsKp2,0.3333333333333333,2,2,TAAGTCTGCGGTACACATTT,0,1260745
ftsKp2,0.3333333333333333,2,2,TAAGTACCCAGAATCGCCAT,0,1271121
ftsKp2,0.3333333333333333,2,2,TAAGTAAATAAAAGCAATAT,0,1270498
ftsKp2,0.3333333333333333,2,2,TAAGGTAAGCTCCACCACAT,0,1259239
ftsKp2,0.3333333333333333,2,2,TAAGGCGAATACACCGTATA,0,1243940
ftsKp2,0.3333333333333333,2,2,TAAGGAACCGTACCTAGAAG,0,1266052
ftsKp2,0.3333333333333333,2,2,TAAGATCAGGTTTAATTTGT,0,1253622
ftsKp2,0.3333333333333333,2,2,TAAGATACGCCCTAGACAGT,0,1255741
ftsKp2,0.3333333333333333,2,2,TAAGACCCCATGACTCAGAA,0,1243484
ftsKp2,0.3333333333333333,2,2,TAAGAATCTGCCAACTCGTG,0,1239785
ftsKp2,0.3333333333333333,2,2,TAAGAAGGCCGTTTTCCGCT,0,1252017
ftsKp2,0.3333333333333333,2,2,TAACTATTCGCTTCTATGCG,0,1255407
ftsKp2,0.3333333333333333,2,2,TAACGAGGGGATAGGGAGCC,0,1269813
ftsKp2,0.3333333333333333,2,2,TAACGAACGTGATAACTCAT,0,1249089
ftsKp2,0.3333333333333333,2,2,TAACCTGTGTGTGATTTCAG,0,1240272
ftsKp2,0.3333333333333333,2,2,TAACCATCTGCCACCATGGT,0,1244293
ftsKp2,0.3333333333333333,2,2,TAACAAGCGCGTCACTGCCA,0,1254905
ftsKp2,0.3333333333333333,2,2,TAAATATCTAGTAAAAATTC,0,1247328
ftsKp2,0.3333333333333333,2,2,TAAAGTGGGCGCCGATGAAG,0,1244147
ftsKp2,0.3333333333333333,2,2,TAAAGGGAACGTACAAGGTT,0,1270792
ftsKp2,0.3333333333333333,2,2,TAAACATTCGCGCTAGGTGA,0,1244353
ftsKp2,0.3333333333333333,2,2,TAAACAGGCCTAACTCGATT,0,1259013
ftsKp2,0.3333333333333333,2,2,TAAAACGCTGATAGGCAGCC,0,1267702
ftsKp2,0.3333333333333333,2,2,TAAAACCCTCGGGAGCGGGG,0,1250385
ftsKp2,0.3333333333333333,2,2,TAAAAATCTGATTATCGGCC,0,1265481
ftsKp2,0.3333333333333333,2,2,GTTTTTATGCTGAACCTGCA,0,1245308
ftsKp2,0.3333333333333333,2,2,GTTTTGATATAACGATTCAA,0,1256054
ftsKp2,0.3333333333333333,2,2,GTTTTACGGGCCATTGGAGA,0,1259629
ftsKp2,0.3333333333333333,2,2,GTTTGTGGCATAGGTGCATG,0,1263394
ftsKp2,0.3333333333333333,2,2,GTTTCGAACCACTCGCGCTT,0,1265531
ftsKp2,0.3333333333333333,2,2,GTTTCCCGCCATGTTTATCC,0,1259711
ftsKp2,0.3333333333333333,2,2,GTTTAAAAAGCCCTCTCACT,0,1258458
ftsKp2,0.3333333333333333,2,2,GTTGTCTTAGGAGTAATTTC,0,1240445
ftsKp2,0.3333333333333333,2,2,GTTGTCTCCAACAGCAGATC,0,1257058
ftsKp2,0.3333333333333333,2,2,GTTGGAGAGCAGCTCATTCT,0,1269240
ftsKp2,0.3333333333333333,2,2,GTTGCTTAGGGGAGGTCCTA,0,1250564
ftsKp2,0.3333333333333333,2,2,GTTGCCGCGAACCACGATCT,0,1251018
ftsKp2,0.3333333333333333,2,2,GTTGAGGGTCACCAACAAGT,0,1259178
ftsKp2,0.3333333333333333,2,2,GTTGACGTACTCAATTGGAC,0,1268657
ftsKp2,0.3333333333333333,2,2,GTTGAATGGAGAGATGCGTG,0,1259252
ftsKp2,0.3333333333333333,2,2,GTTCTGCGGTTGCAAGAGCA,0,1264694
ftsKp2,0.3333333333333333,2,2,GTTCTACGGCTTAGCCCAGA,0,1248394
ftsKp2,0.3333333333333333,2,2,GTTCGTTTCGGGCTGTCAAT,0,1263983
ftsKp2,0.3333333333333333,2,2,GTTCCCGATCCCCGACCCTG,0,1254603
ftsKp2,0.3333333333333333,2,2,GTTCATGCGCGACAAACTAA,0,1269258
ftsKp2,0.3333333333333333,2,2,GTTATTGTGCTATTGAAGCA,0,1248548
ftsKp2,0.3333333333333333,2,2,GTTATCTGGTCTAGAAAGGG,0,1248917
ftsKp2,0.3333333333333333,2,2,GTTAGGGCCTCATAGTCGAT,0,1260420
ftsKp2,0.3333333333333333,2,2,GTTACCACGTATGAAAACAT,0,1251624
ftsKp2,0.3333333333333333,2,2,GTTAACTTTTCTTGTAAACC,0,1254281
ftsKp2,0.3333333333333333,2,2,GTGTCTGGACATTCGCGTGA,0,1264432
ftsKp2,0.3333333333333333,2,2,GTGTCGCGGATGTCTCACCA,0,1239630
ftsKp2,0.3333333333333333,2,2,GTGTATGCAGCCATCGGCCA,0,1263713
ftsKp2,0.3333333333333333,2,2,GTGTACCCACTAGCCCACGG,0,1271088
ftsKp2,0.3333333333333333,2,2,GTGGTTGACTGGGAGTGCGT,0,1243680
ftsKp2,0.3333333333333333,2,2,GTGGGGAAACTAGGGAGTTC,0,1258072
ftsKp2,0.3333333333333333,2,2,GTGGCCCGCTCGGGGTCACT,0,1250586
ftsKp2,0.3333333333333333,2,2,GTGCTTTCTGGAATGTCTCT,0,1259396
ftsKp2,0.3333333333333333,2,2,GTGCGCGCCGCCGAGGATCG,0,1255870
ftsKp2,0.3333333333333333,2,2,GTGCGATCAGTCGCATCCTT,0,1262575
ftsKp2,0.3333333333333333,2,2,GTGCGAATTGGCCGGCAGAG,0,1264309
ftsKp2,0.3333333333333333,2,2,GTGCCGCTCCGGCTCGGGTC,0,1260121
ftsKp2,0.3333333333333333,2,2,GTGCCAGGGCAGGGAGGCGG,0,1261227
ftsKp2,0.3333333333333333,2,2,GTGCCACGGCGGAGCGGCGC,0,1240069
ftsKp2,0.3333333333333333,2,2,GTGCATACCCTGAAGCGCGA,0,1241223
ftsKp2,0.3333333333333333,2,2,GTGCAGCAGTTCCACATAGT,0,1251599
ftsKp2,0.3333333333333333,2,2,GTGCACTCAGGGTGATCAGC,0,1266598
ftsKp2,0.3333333333333333,2,2,GTGCACAGAGAACCGGAAGG,0,1270264
ftsKp2,0.3333333333333333,2,2,GTGAGGGAGAAGCAATGGTT,0,1259832
ftsKp2,0.3333333333333333,2,2,GTGAGATTTTCAATGCCAGA,0,1254748
ftsKp2,0.3333333333333333,2,2,GTGAGACTTATTCGACGGAG,0,1258957
ftsKp2,0.3333333333333333,2,2,GTGACGTCTTCAGCAAATGC,0,1260134
ftsKp2,0.3333333333333333,2,2,GTGACGCCTTTGTCCCCTGT,0,1255188
ftsKp2,0.3333333333333333,2,2,GTCTTTAGAAGACGGAAAGT,0,1264112
ftsKp2,0.3333333333333333,2,2,GTCTTAAGGCTCAGACCACA,0,1266584
ftsKp2,0.3333333333333333,2,2,GTCTCTTTGATGGATCTGGG,0,1247546
ftsKp2,0.3333333333333333,2,2,GTCTCTGGGTTTATACTCGA,0,1266126
ftsKp2,0.3333333333333333,2,2,GTCGTCGTTGAGGCCAGAGA,0,1266156
ftsKp2,0.3333333333333333,2,2,GTCGTCACGAACATAAGGCA,0,1242872
ftsKp2,0.3333333333333333,2,2,GTCGGTTTGGATCTTGTTTA,0,1247904
ftsKp2,0.3333333333333333,2,2,GTCGCTTTTAACGGGACCCC,0,1266334
ftsKp2,0.3333333333333333,2,2,GTCGAGGCGAGGTCAAGTCT,0,1250654
ftsKp2,0.3333333333333333,2,2,GTCCTTCTGGCAGTACCTAG,0,1243810
ftsKp2,0.3333333333333333,2,2,GTCCTCCAACAGATATATCA,0,1246567
ftsKp2,0.3333333333333333,2,2,GTCCGCTCGCAGTTGGAGTT,0,1254629
ftsKp2,0.3333333333333333,2,2,GTCCGCACTCATACCGAACA,0,1243039
ftsKp2,0.3333333333333333,2,2,GTCCCTCAGAATACGTCCGC,0,1243601
ftsKp2,0.3333333333333333,2,2,GTCCAGCATCATGTCTAGGA,0,1250727
ftsKp2,0.3333333333333333,2,2,GTCATTAAGTTATGGGTTTT,0,1241555
ftsKp2,0.3333333333333333,2,2,GTCAGGTTGACTTCTCGGTG,0,1249177
ftsKp2,0.3333333333333333,2,2,GTCAGGCATTACCAATGGGT,0,1259201
ftsKp2,0.3333333333333333,2,2,GTCAGCGCGTTGCATTCTAT,0,1240252
ftsKp2,0.3333333333333333,2,2,GTCAGAGCGCGCAAGCCTTT,0,1259077
ftsKp2,0.3333333333333333,2,2,GTATTCAAGACACGCGTGTA,0,1268545
ftsKp2,0.3333333333333333,2,2,GTATCTCTGCAAATCTAACA,0,1252378
ftsKp2,0.3333333333333333,2,2,GTATCTAGTTTCTCTCCTAC,0,1251816
ftsKp2,0.3333333333333333,2,2,GTATCGGGTGTCACCCGAGC,0,1269804
ftsKp2,0.3333333333333333,2,2,GTATCATCGTAGGGGTTTTA,0,1250217
ftsKp2,0.3333333333333333,2,2,GTATATGTATCTCGATCGAC,0,1240768
ftsKp2,0.3333333333333333,2,2,GTAGTGCGATGGGATAACAG,0,1265902
ftsKp2,0.3333333333333333,2,2,GTAGGTCGCCAGCACCCGTG,0,1247648
ftsKp2,0.3333333333333333,2,2,GTAGGACGTGAGCGGAAGTA,0,1248504
ftsKp2,0.3333333333333333,2,2,GTAGCTCCGACTCACTCCAA,0,1250631
ftsKp2,0.3333333333333333,2,2,GTAGCGGTTCGCACCTTAGC,0,1245397
ftsKp2,0.3333333333333333,2,2,GTAGCCTGGCTATGATTAAA,0,1251252
ftsKp2,0.3333333333333333,2,2,GTAGCCTCGTCAAGGTAACG,0,1253408
ftsKp2,0.3333333333333333,2,2,GTAGCCCGTTGTGTGATTGA,0,1248169
ftsKp2,0.3333333333333333,2,2,GTAGACTGGCTTGCCCGGTT,0,1263539
ftsKp2,0.3333333333333333,2,2,GTACTGCAATTTTAGTCAAA,0,1257585
ftsKp2,0.3333333333333333,2,2,GTACTCGACCTATTCGTAGC,0,1246182
ftsKp2,0.3333333333333333,2,2,GTACGGCTACATCCTCAGCG,0,1251891
ftsKp2,0.3333333333333333,2,2,GTACCCACTCCAGGGATCAT,0,1257667
ftsKp2,0.3333333333333333,2,2,GTACATCGAAATTCCACACT,0,1249487
ftsKp2,0.3333333333333333,2,2,GTAATAGGTTCATAGCAAGA,0,1257842
ftsKp2,0.3333333333333333,2,2,GTAAGGGGTAGTGGCAATCA,0,1253073
ftsKp2,0.3333333333333333,2,2,GTAAGGAATTGGTTGTAAAA,0,1261502
ftsKp2,0.3333333333333333,2,2,GTAACGCGAATCTTAACCGA,0,1257826
ftsKp2,0.3333333333333333,2,2,GTAAACATTGATGTTGCAGT,0,1259622
ftsKp2,0.3333333333333333,2,2,GGTTTATCTATAAAAGTAGC,0,1264908
ftsKp2,0.3333333333333333,2,2,GGTTCCGAGAACAACGGGGA,0,1240097
ftsKp2,0.3333333333333333,2,2,GGTTATGAGGGGTTAGGTAC,0,1259042
ftsKp2,0.3333333333333333,2,2,GGTTATAGCTGGCATGTGTA,0,1248845
ftsKp2,0.3333333333333333,2,2,GGTTAGTTTCCCCGTCAGTT,0,1267306
ftsKp2,0.3333333333333333,2,2,GGTGGGTTGGAGCGAGGCAG,0,1256718
ftsKp2,0.3333333333333333,2,2,GGTGCACGCTTGAACTCTCA,0,1249999
ftsKp2,0.3333333333333333,2,2,GGTGATTGTCAGGACAAACA,0,1250518
ftsKp2,0.3333333333333333,2,2,GGTGAGGACCTAGGAGGGAA,0,1252820
ftsKp2,0.3333333333333333,2,2,GGTGACATGCCAGGCGCTGC,0,1258563
ftsKp2,0.3333333333333333,2,2,GGTGAAGGTGCTCAAAGAAA,0,1249774
ftsKp2,0.3333333333333333,2,2,GGTCTTACGTAAGTTGCAAG,0,1248012
ftsKp2,0.3333333333333333,2,2,GGTCTATAGGATGTGGAAAC,0,1266214
ftsKp2,0.3333333333333333,2,2,GGTCTACTTAGTCCGTTAAT,0,1269328
ftsKp2,0.3333333333333333,2,2,GGTCTACCTATTGGCTGGAG,0,1265529
ftsKp2,0.3333333333333333,2,2,GGTCGGATTAAGACGCCATC,0,1263717
ftsKp2,0.3333333333333333,2,2,GGTCGCATAAGGCCCCGGGG,0,1259626
ftsKp2,0.3333333333333333,2,2,GGTCATAGGGTAGGACGGTG,0,1263016
ftsKp2,0.3333333333333333,2,2,GGTCATACGTCTACACCGAA,0,1266378
ftsKp2,0.3333333333333333,2,2,GGTCAATAAGGGGCTGGGTT,0,1247289
ftsKp2,0.3333333333333333,2,2,GGTATGCAGGAACATGCAAC,0,1266585
ftsKp2,0.3333333333333333,2,2,GGTATCTTGTTCTGCACTAG,0,1263173
ftsKp2,0.3333333333333333,2,2,GGTAGGGTGGGTAGGGAATG,0,1239838
ftsKp2,0.3333333333333333,2,2,GGTACTAGGAGTTACACATC,0,1266284
ftsKp2,0.3333333333333333,2,2,GGTACGAGCGGCCTGGGTCG,0,1257751
ftsKp2,0.3333333333333333,2,2,GGTACGACGAGGAGGAATAA,0,1248112
ftsKp2,0.3333333333333333,2,2,GGTAACCCTGGAGTTTTTGC,0,1252107
ftsKp2,0.3333333333333333,2,2,GGTAACACTACGTAAGACTC,0,1270473
ftsKp2,0.3333333333333333,2,2,GGGTTATGTCAGAGAAGCCT,0,1267063
ftsKp2,0.3333333333333333,2,2,GGGTCGTGTAGTGTCTGACG,0,1263479
ftsKp2,0.3333333333333333,2,2,GGGTAAGGGCTGGCACACCA,0,1242281
ftsKp2,0.3333333333333333,2,2,GGGGTGTCCGGGTAACACTG,0,1256121
ftsKp2,0.3333333333333333,2,2,GGGGTCCGGTGTCACATATA,0,1268960
ftsKp2,0.3333333333333333,2,2,GGGGGCGTCTAGTTGCCGGA,0,1264886
ftsKp2,0.3333333333333333,2,2,GGGGGCGCTCTCCACGGAAG,0,1250957
ftsKp2,0.3333333333333333,2,2,GGGGCGTGGCTAGGGATCTC,0,1259335
ftsKp2,0.3333333333333333,2,2,GGGGCACCACGGGCACGTGC,0,1257155
ftsKp2,0.3333333333333333,2,2,GGGCTAATAGCCTGAATGTT,0,1243131
ftsKp2,0.3333333333333333,2,2,GGGCCTTTCCTCGAAAGCGT,0,1269789
ftsKp2,0.3333333333333333,2,2,GGGCCTTTCACCCAAAACGT,0,1247427
ftsKp2,0.3333333333333333,2,2,GGGCCTTGCGCCTTGGGCGA,0,1255964
ftsKp2,0.3333333333333333,2,2,GGGCAAACGCAGACAGAAAC,0,1270984
ftsKp2,0.3333333333333333,2,2,GGGATACATTTTGTGTAATT,0,1264862
ftsKp2,0.3333333333333333,2,2,GGGAGCGTATCCGGAGTAAT,0,1268966
ftsKp2,0.3333333333333333,2,2,GGGACCGTTCGGGGGACCAA,0,1242711
ftsKp2,0.3333333333333333,2,2,GGGACACCTGATACGGCTTC,0,1243252
ftsKp2,0.3333333333333333,2,2,GGGAAGCTTGGTCCCCGACC,0,1241257
ftsKp2,0.3333333333333333,2,2,GGCTTTGCTGTAGCATAGAG,0,1255573
ftsKp2,0.3333333333333333,2,2,GGCTTTACATTATAGACCAT,0,1252495
ftsKp2,0.3333333333333333,2,2,GGCTGACAAATGTGTAAAAC,0,1270028
ftsKp2,0.3333333333333333,2,2,GGCTACTCCATGTGGGGTCT,0,1263597
ftsKp2,0.3333333333333333,2,2,GGCGTTCCCAGGGGTCGATT,0,1263415
ftsKp2,0.3333333333333333,2,2,GGCGTCTAGATGCAGGTAGA,0,1252424
ftsKp2,0.3333333333333333,2,2,GGCGTCCTCCGCCCAACAGC,0,1241387
ftsKp2,0.3333333333333333,2,2,GGCGGAAACAGTCAGCAGGA,0,1263161
ftsKp2,0.3333333333333333,2,2,GGCGCGACTCATTGAAGGTT,0,1245794
ftsKp2,0.3333333333333333,2,2,GGCGCACCAGCTCGGACCTT,0,1260128
ftsKp2,0.3333333333333333,2,2,GGCGATTCACTGCCATTACC,0,1254029
ftsKp2,0.3333333333333333,2,2,GGCGATACCAAGTACGTATC,0,1268565
ftsKp2,0.3333333333333333,2,2,GGCCTGCCGGATGAGGTTCT,0,1258629
ftsKp2,0.3333333333333333,2,2,GGCCTCGGGATAAGCAAGTC,0,1267346
ftsKp2,0.3333333333333333,2,2,GGCCTACCGTCCCATATGGC,0,1267218
ftsKp2,0.3333333333333333,2,2,GGCCGTTTCTAACATCCGCA,0,1269827
ftsKp2,0.3333333333333333,2,2,GGCCGGCAGCGTCTGAAGAT,0,1242316
ftsKp2,0.3333333333333333,2,2,GGCCGCGGGCAATACAAGGG,0,1260323
ftsKp2,0.3333333333333333,2,2,GGCCAATGTAGGCTATCGTC,0,1270909
ftsKp2,0.3333333333333333,2,2,GGCATCATACGTAAAATTTC,0,1255901
ftsKp2,0.3333333333333333,2,2,GGCATCAGCTCCGGCGCATC,0,1257533
ftsKp2,0.3333333333333333,2,2,GGCACTTCTTCTGCTCAGGT,0,1252924
ftsKp2,0.3333333333333333,2,2,GGCACCTTTCGTGTCTAAAG,0,1257321
ftsKp2,0.3333333333333333,2,2,GGATTTCGGAAGGGTCAATC,0,1258448
ftsKp2,0.3333333333333333,2,2,GGATTGTGCAGCGCCTAGGG,0,1260707
ftsKp2,0.3333333333333333,2,2,GGATTCCAATGTTTGTCCGC,0,1258741
ftsKp2,0.3333333333333333,2,2,GGATTAGCTTAGCGCAGCCC,0,1264299
ftsKp2,0.3333333333333333,2,2,GGATGGTTGAGTCTCAGTAA,0,1239501
ftsKp2,0.3333333333333333,2,2,GGATGGTGAAATAAGAAAAC,0,1268272
ftsKp2,0.3333333333333333,2,2,GGATGAGGACTCAACGGAGA,0,1265639
ftsKp2,0.3333333333333333,2,2,GGATGACGTGACGGTTAACC,0,1250842
ftsKp2,0.3333333333333333,2,2,GGATCTTGACGTGGATATCA,0,1249483
ftsKp2,0.3333333333333333,2,2,GGATCGTCATTGCAGGGTCT,0,1250450
ftsKp2,0.3333333333333333,2,2,GGATATGAGCATCAGTAATA,0,1255937
ftsKp2,0.3333333333333333,2,2,GGATAGCCGCCTTCGGGCGT,0,1267812
ftsKp2,0.3333333333333333,2,2,GGATAAATGCGGATCTCCCC,0,1239495
ftsKp2,0.3333333333333333,2,2,GGAGTTTAACCGGATAACAG,0,1244017
ftsKp2,0.3333333333333333,2,2,GGAGGGTGGGTAGTTCAAAA,0,1260453
ftsKp2,0.3333333333333333,2,2,GGAGGGTCACGAGTGCGAAC,0,1245744
ftsKp2,0.3333333333333333,2,2,GGAGGGGGTTGAGCACGGCT,0,1242826
ftsKp2,0.3333333333333333,2,2,GGAGACGTGGTAAGGCCCAC,0,1239465
ftsKp2,0.3333333333333333,2,2,GGAGAACATCACCTCATAGG,0,1258863
ftsKp2,0.3333333333333333,2,2,GGACTAATCAGTGGCCTGTA,0,1259524
ftsKp2,0.3333333333333333,2,2,GGACCGCAGCTGGATTTGCA,0,1249421
ftsKp2,0.3333333333333333,2,2,GGACACGGAGGATTATGTCC,0,1264909
ftsKp2,0.3333333333333333,2,2,GGACACCACGCAAGATTATT,0,1271169
ftsKp2,0.3333333333333333,2,2,GGAATCTACGAGTGCGTCGC,0,1249690
ftsKp2,0.3333333333333333,2,2,GGAATCCTACAGTGTAGTGT,0,1245209
ftsKp2,0.3333333333333333,2,2,GGAACTGGTGGGTAGCGTAG,0,1263476
ftsKp2,0.3333333333333333,2,2,GGAACAGCAAATAGCAGCGT,0,1245995
ftsKp2,0.3333333333333333,2,2,GGAAATTCTTCCGATGTGGA,0,1244787
ftsKp2,0.3333333333333333,2,2,GGAAAATGTCCGGAAAACAG,0,1270824
ftsKp2,0.3333333333333333,2,2,GGAAAAGCGGGTCTGCTCGT,0,1246895
ftsKp2,0.3333333333333333,2,2,GCTTGTACAGGAACTTCCGA,0,1248503
ftsKp2,0.3333333333333333,2,2,GCTTGGTAGGGTAGCGTCAA,0,1250326
ftsKp2,0.3333333333333333,2,2,GCTTCTGTCGCGCATGGTTG,0,1265034
ftsKp2,0.3333333333333333,2,2,GCTTCGGGATTTAGTATGTC,0,1248983
ftsKp2,0.3333333333333333,2,2,GCTTCCATAGACACACGACG,0,1270708
ftsKp2,0.3333333333333333,2,2,GCTTAGTATATCTACACAAT,0,1248930
ftsKp2,0.3333333333333333,2,2,GCTTACACAAACGCCTCTGA,0,1250335
ftsKp2,0.3333333333333333,2,2,GCTGGCGCGAGTGGGACTTT,0,1240833
ftsKp2,0.3333333333333333,2,2,GCTGCACCCTGTGGCTGTCC,0,1263533
ftsKp2,0.3333333333333333,2,2,GCTGACCTAGGATTCTCTTT,0,1244155
ftsKp2,0.3333333333333333,2,2,GCTCGTACTAGGCATAAGAG,0,1247645
ftsKp2,0.3333333333333333,2,2,GCTCGAATGTTAACGTCGGT,0,1257285
ftsKp2,0.3333333333333333,2,2,GCTCCACCTTTGCGGTTAAA,0,1267911
ftsKp2,0.3333333333333333,2,2,GCTCCAACCTGTAACATGAG,0,1253620
ftsKp2,0.3333333333333333,2,2,GCTCACTCAACGTTCCTAAA,0,1260762
ftsKp2,0.3333333333333333,2,2,GCTAGCCATTAAGCCGTAAA,0,1255712
ftsKp2,0.3333333333333333,2,2,GCTACAAGTTCCGACAACCA,0,1242133
ftsKp2,0.3333333333333333,2,2,GCTAAGATTCGTAAGGGGGG,0,1260036
ftsKp2,0.3333333333333333,2,2,GCTAACTGCAGGCATATGTA,0,1262759
ftsKp2,0.3333333333333333,2,2,GCGTTACAGCTAACTCGACA,0,1259905
ftsKp2,0.3333333333333333,2,2,GCGTGGCTACGGCTGCGGGT,0,1252101
ftsKp2,0.3333333333333333,2,2,GCGTCGGGCTGGTGGAAGAT,0,1239814
ftsKp2,0.3333333333333333,2,2,GCGTCGCTCTTTTCGTCCTA,0,1255260
ftsKp2,0.3333333333333333,2,2,GCGTCGCCCAGGCACGGCAT,0,1265586
ftsKp2,0.3333333333333333,2,2,GCGTATATCTGCGTAAGGAT,0,1245391
ftsKp2,0.3333333333333333,2,2,GCGTAGAGCGATTGCGGTGC,0,1243043
ftsKp2,0.3333333333333333,2,2,GCGTACGGCGCGTAGACGGT,0,1255678
ftsKp2,0.3333333333333333,2,2,GCGTACCGTCATCCGCTGGA,0,1257008
ftsKp2,0.3333333333333333,2,2,GCGGGAGTTGTCACATAGCA,0,1244379
ftsKp2,0.3333333333333333,2,2,GCGGCGGTACACGCGGGCTC,0,1241067
ftsKp2,0.3333333333333333,2,2,GCGGCATGCAGAGGTCCATA,0,1255332
ftsKp2,0.3333333333333333,2,2,GCGGCAGCTTTACCTACGTT,0,1256685
ftsKp2,0.3333333333333333,2,2,GCGGAGATGTCCTATTTTTG,0,1240817
ftsKp2,0.3333333333333333,2,2,GCGCGCCAAATGCCCTGCAA,0,1243186
ftsKp2,0.3333333333333333,2,2,GCGCCACCTTGTGTCCCGCC,0,1244532
ftsKp2,0.3333333333333333,2,2,GCGCAGACCAGTTTGTTTAG,0,1239802
ftsKp2,0.3333333333333333,2,2,GCGCACCGAGATCTAGCAAG,0,1252479
ftsKp2,0.3333333333333333,2,2,GCGCAAGGACATAAAGAAAT,0,1266769
ftsKp2,0.3333333333333333,2,2,GCGATGGGGGAGCTAGGGTC,0,1242939
ftsKp2,0.3333333333333333,2,2,GCGATGCCATCTACTCAGAA,0,1243428
ftsKp2,0.3333333333333333,2,2,GCGAGACTTCACGACCTATG,0,1249889
ftsKp2,0.3333333333333333,2,2,GCGACAAAGTCTGTGATCGC,0,1250407
ftsKp2,0.3333333333333333,2,2,GCGAATATCGCATCGCCCCA,0,1256861
ftsKp2,0.3333333333333333,2,2,GCGAAAGAAGTAGGGAAATG,0,1245787
ftsKp2,0.3333333333333333,2,2,GCCTTCGTGATGTGACCTGA,0,1255022
ftsKp2,0.3333333333333333,2,2,GCCTTAGAGATGTCCGTCCG,0,1263357
ftsKp2,0.3333333333333333,2,2,GCCTGTAGACGTATCTAAAC,0,1262237
ftsKp2,0.3333333333333333,2,2,GCCTGGATAAATGCGCATCT,0,1249488
ftsKp2,0.3333333333333333,2,2,GCCTCTGTAGAGTTCGATAC,0,1264058
ftsKp2,0.3333333333333333,2,2,GCCTCGTCGCGCGCCTTAAG,0,1251057
ftsKp2,0.3333333333333333,2,2,GCCTCGCGTAGCCTATGTGT,0,1261209
ftsKp2,0.3333333333333333,2,2,GCCTCCGTGGTGTTATTTCA,0,1254317
ftsKp2,0.3333333333333333,2,2,GCCGGCTCTCACGTTGCTTA,0,1264652
ftsKp2,0.3333333333333333,2,2,GCCGGAGAAGACTCGGGGGT,0,1265468
ftsKp2,0.3333333333333333,2,2,GCCGCTGTCAATGTTTTTCT,0,1240456
ftsKp2,0.3333333333333333,2,2,GCCGCACTACTCTGAAAACC,0,1256500
ftsKp2,0.3333333333333333,2,2,GCCCGTACCATCAATCCTAC,0,1259289
ftsKp2,0.3333333333333333,2,2,GCCATTGAACAGCAGTTGAA,0,1264289
ftsKp2,0.3333333333333333,2,2,GCCATCATCTAGGCGCGCGC,0,1263852
ftsKp2,0.3333333333333333,2,2,GCCAGCCAAATCGATAGTTC,0,1243134
ftsKp2,0.3333333333333333,2,2,GCCACCGATTGCTGTGCGTA,0,1260652
ftsKp2,0.3333333333333333,2,2,GCCAAAGCTCGACTAACAAA,0,1249519
ftsKp2,0.3333333333333333,2,2,GCATTGGAGCCAAAGCGTAG,0,1257626
ftsKp2,0.3333333333333333,2,2,GCATTGAGGACTCTTGGATA,0,1244587
ftsKp2,0.3333333333333333,2,2,GCATCCCTCTAGGCCAATCA,0,1247385
ftsKp2,0.3333333333333333,2,2,GCATCAGTCCGGTTGTTCTG,0,1259172
ftsKp2,0.3333333333333333,2,2,GCAGTTCCAAGACATTTGGT,0,1261437
ftsKp2,0.3333333333333333,2,2,GCAGTCCCTAGTCGTCATAG,0,1264362
ftsKp2,0.3333333333333333,2,2,GCAGGCTCTTATACTGGTCT,0,1248060
ftsKp2,0.3333333333333333,2,2,GCAGCGGCAGTGAGTTGAAC,0,1265024
ftsKp2,0.3333333333333333,2,2,GCACGGTCTAACCGTCGTAA,0,1253219
ftsKp2,0.3333333333333333,2,2,GCACGCACGATTACGGGGGC,0,1247327
ftsKp2,0.3333333333333333,2,2,GCACCCCTCGTACACTAAAC,0,1258425
ftsKp2,0.3333333333333333,2,2,GCACCACCGCGCCAACTGAT,0,1252351
ftsKp2,0.3333333333333333,2,2,GCAATGTGTACCCGGCTAGC,0,1242213
ftsKp2,0.3333333333333333,2,2,GCAATGCACGAGAAATTTAG,0,1265191
ftsKp2,0.3333333333333333,2,2,GCAATGACTGGTGTGTTCGC,0,1257415
ftsKp2,0.3333333333333333,2,2,GCAATAAAAATGGGGTAGTT,0,1246329
ftsKp2,0.3333333333333333,2,2,GCAACTGCTAACAGTACCAC,0,1259595
ftsKp2,0.3333333333333333,2,2,GCAACTCTGAAGGCCTAGAC,0,1249562
ftsKp2,0.3333333333333333,2,2,GCAAAGAACGGAGGCCCATA,0,1265129
ftsKp2,0.3333333333333333,2,2,GCAAAACCAGACGAAAGTGA,0,1245027
ftsKp2,0.3333333333333333,2,2,GATTCTATTAGAAGCATTCC,0,1260946
ftsKp2,0.3333333333333333,2,2,GATTCGAAATCCATTCGTGG,0,1251985
ftsKp2,0.3333333333333333,2,2,GATTATGTCTACGGGTAGGT,0,1267892
ftsKp2,0.3333333333333333,2,2,GATTAGCAGACGGTAGACGT,0,1260222
ftsKp2,0.3333333333333333,2,2,GATGGTCGAGGCATACGCGA,0,1254851
ftsKp2,0.3333333333333333,2,2,GATGGTAACGTCATTCGCTT,0,1263666
ftsKp2,0.3333333333333333,2,2,GATGGCACTTAATCTATGGG,0,1240792
ftsKp2,0.3333333333333333,2,2,GATGCCCGGTAGATATTACA,0,1239423
ftsKp2,0.3333333333333333,2,2,GATCTTCCATGGGCCTATAA,0,1244993
ftsKp2,0.3333333333333333,2,2,GATCGTCGATTTCTTCGTAG,0,1246934
ftsKp2,0.3333333333333333,2,2,GATCCTGACGAGTTTCTCAT,0,1270592
ftsKp2,0.3333333333333333,2,2,GATCCGGCTTTCCTAGGGAA,0,1267205
ftsKp2,0.3333333333333333,2,2,GATAGGGGCTGTGGTGGCTA,0,1257118
ftsKp2,0.3333333333333333,2,2,GATAGGCAGCCGAGACTAGG,0,1242111
ftsKp2,0.3333333333333333,2,2,GATAGGATCAGCAACTGACG,0,1254900
ftsKp2,0.3333333333333333,2,2,GATAGGAATCTAGCCTAGGT,0,1265899
ftsKp2,0.3333333333333333,2,2,GATACCGCTGTTAGTTGGTT,0,1250494
ftsKp2,0.3333333333333333,2,2,GAGTTGTAGGTGGCCGCTCT,0,1264010
ftsKp2,0.3333333333333333,2,2,GAGTGATCGGGTAGACGTAA,0,1264567
ftsKp2,0.3333333333333333,2,2,GAGTGATATCCTAAAATGAC,0,1250381
ftsKp2,0.3333333333333333,2,2,GAGTCGCAAGGGTGGGGGAA,0,1240509
ftsKp2,0.3333333333333333,2,2,GAGTCCTGTGTCATCGTAAG,0,1269284
ftsKp2,0.3333333333333333,2,2,GAGTAGGAGTTCCCTAAGGC,0,1260306
ftsKp2,0.3333333333333333,2,2,GAGTAGCAAGTTGATTGCAT,0,1243408
ftsKp2,0.3333333333333333,2,2,GAGTAATTGGCGAGAGAGCA,0,1252943
ftsKp2,0.3333333333333333,2,2,GAGGGTCATTCAAATCGCAT,0,1240031
ftsKp2,0.3333333333333333,2,2,GAGGGGATGCGGAACGAGGT,0,1242985
ftsKp2,0.3333333333333333,2,2,GAGGGCCAGTATGTCTTGTT,0,1260886
ftsKp2,0.3333333333333333,2,2,GAGGCTATAAGGCAATTCCA,0,1261763
ftsKp2,0.3333333333333333,2,2,GAGGCAGTACTTCCTTCCGC,0,1255559
ftsKp2,0.3333333333333333,2,2,GAGGATCGAGAGATCAGCAT,0,1245816
ftsKp2,0.3333333333333333,2,2,GAGGATATTGTAGTCAGGAC,0,1241699
ftsKp2,0.3333333333333333,2,2,GAGGAATGGGCGGGGCCAGA,0,1253475
ftsKp2,0.3333333333333333,2,2,GAGCTGTGGAAATCATATGG,0,1254067
ftsKp2,0.3333333333333333,2,2,GAGCTCATGTCCTGTAAAGA,0,1270580
ftsKp2,0.3333333333333333,2,2,GAGCGGGAACTTTCCCCCGG,0,1255622
ftsKp2,0.3333333333333333,2,2,GAGCAGACCTCCTGACAAAC,0,1240895
ftsKp2,0.3333333333333333,2,2,GAGATCCTTGTTCAGACTCC,0,1243633
ftsKp2,0.3333333333333333,2,2,GAGATAAGAGTCACATCATG,0,1258595
ftsKp2,0.3333333333333333,2,2,GAGAGAAGAATTAATCGGTG,0,1249730
ftsKp2,0.3333333333333333,2,2,GAGACTATAAACATGAGTAC,0,1246560
ftsKp2,0.3333333333333333,2,2,GAGAAAGTTGGGATACGCTG,0,1249924
ftsKp2,0.3333333333333333,2,2,GACTCTTGTCTTTAATACTT,0,1255248
ftsKp2,0.3333333333333333,2,2,GACTCGTCAGACTCACCGTG,0,1242205
ftsKp2,0.3333333333333333,2,2,GACTACTCTGGTGGAGATCC,0,1261667
ftsKp2,0.3333333333333333,2,2,GACGTGCACTACCAGAGCAG,0,1258295
ftsKp2,0.3333333333333333,2,2,GACGGCAGGAAACATACGAG,0,1269812
ftsKp2,0.3333333333333333,2,2,GACGGAATAGTAATGAGCAA,0,1257477
ftsKp2,0.3333333333333333,2,2,GACGCCCACGACTACCTTAC,0,1256812
ftsKp2,0.3333333333333333,2,2,GACGAGCATACCATTACTTG,0,1244821
ftsKp2,0.3333333333333333,2,2,GACGACAACCCTGGATGTCA,0,1265114
ftsKp2,0.3333333333333333,2,2,GACCTAAGCAGCCGGAGACT,0,1243141
ftsKp2,0.3333333333333333,2,2,GACCGTGCAGTGGGTGCTCC,0,1239831
ftsKp2,0.3333333333333333,2,2,GACCGGCAATGCCCGGTGAG,0,1271032
ftsKp2,0.3333333333333333,2,2,GACCGAGATCGGCGGTGCGT,0,1259810
ftsKp2,0.3333333333333333,2,2,GACCAGTTCAACAATGACTC,0,1254473
ftsKp2,0.3333333333333333,2,2,GACCAGGCTAAGAGCATTGA,0,1270690
ftsKp2,0.3333333333333333,2,2,GACATTTAGCTACCTACGCT,0,1239842
ftsKp2,0.3333333333333333,2,2,GACATCGCGTCGAATGCACA,0,1255701
ftsKp2,0.3333333333333333,2,2,GACAGTTGGTTGAGTTTCTC,0,1259149
ftsKp2,0.3333333333333333,2,2,GACAGTTCCGTTTTGTCTAC,0,1254260
ftsKp2,0.3333333333333333,2,2,GACAGCGACGACAGCTTGGG,0,1246738
ftsKp2,0.3333333333333333,2,2,GACACGTGTCGTAGATACTC,0,1250771
ftsKp2,0.3333333333333333,2,2,GACAAGGATGGGGCGCCTAG,0,1252889
ftsKp2,0.3333333333333333,2,2,GACAACTAAGTCCGTCTTAA,0,1247277
ftsKp2,0.3333333333333333,2,2,GAATTTCCGTGCCATCACGT,0,1260871
ftsKp2,0.3333333333333333,2,2,GAATTAGCTGTACAAGTTTT,0,1239381
ftsKp2,0.3333333333333333,2,2,GAATCTTTCTGTAAAAAGTA,0,1242311
ftsKp2,0.3333333333333333,2,2,GAATCTATGATGCTTCGTTC,0,1249521
ftsKp2,0.3333333333333333,2,2,GAAGTGTACGTCTTAAATTC,0,1259267
ftsKp2,0.3333333333333333,2,2,GAAGTGGGGGCGGAAGTGTT,0,1245305
ftsKp2,0.3333333333333333,2,2,GAAGTCAAGGTTCGATACAA,0,1241183
ftsKp2,0.3333333333333333,2,2,GAAGGTATGCCCAGGTTTAC,0,1262652
ftsKp2,0.3333333333333333,2,2,GAAGAACCAGCACCTTATTG,0,1265862
ftsKp2,0.3333333333333333,2,2,GAACAAAATCAATGGCTAAG,0,1264099
ftsKp2,0.3333333333333333,2,2,GAAATATATCTTACTAAGGT,0,1260498
ftsKp2,0.3333333333333333,2,2,GAAAACATGTTAAGCAGTAA,0,1253341
ftsKp2,0.3333333333333333,2,2,CTTTTTCGAGTTAGCCCTAT,0,1242024
ftsKp2,0.3333333333333333,2,2,CTTTTGTAGATCTACCACGC,0,1266015
ftsKp2,0.3333333333333333,2,2,CTTTTCCGACATAGTGCGTA,0,1262904
ftsKp2,0.3333333333333333,2,2,CTTTTATAGGCCTTTCAGGT,0,1270184
ftsKp2,0.3333333333333333,2,2,CTTTGCCCTAGCGGCCTAAA,0,1260295
ftsKp2,0.3333333333333333,2,2,CTTTGCACTAAAGCTGAGCA,0,1254895
ftsKp2,0.3333333333333333,2,2,CTTTCTTTGGCCAGGCGTTC,0,1260124
ftsKp2,0.3333333333333333,2,2,CTTTCTTTATTAGCTTCGTT,0,1258921
ftsKp2,0.3333333333333333,2,2,CTTTCTGGTGGGTCCACACG,0,1242980
ftsKp2,0.3333333333333333,2,2,CTTTCGTCTTCGCCGGACGA,0,1241626
ftsKp2,0.3333333333333333,2,2,CTTTCAAGCCAGACGTCTCT,0,1242619
ftsKp2,0.3333333333333333,2,2,CTTTAATCAGATTCATCGTC,0,1247100
ftsKp2,0.3333333333333333,2,2,CTTGAGAGCCCTCACAACCC,0,1256590
ftsKp2,0.3333333333333333,2,2,CTTCTCTGAACTAAGGTGTC,0,1264826
ftsKp2,0.3333333333333333,2,2,CTTCGAGGGTGGCGAAGATA,0,1245566
ftsKp2,0.3333333333333333,2,2,CTTCGACGTCGCGGGCGGAA,0,1270335
ftsKp2,0.3333333333333333,2,2,CTTCCGTGCAGACTTTATGT,0,1255200
ftsKp2,0.3333333333333333,2,2,CTTCCGGGCGACGAACGGGC,0,1267818
ftsKp2,0.3333333333333333,2,2,CTTCCGGCTAATGCGGCAAT,0,1240838
ftsKp2,0.3333333333333333,2,2,CTTCCGCGCAATGGCTGTTT,0,1265698
ftsKp2,0.3333333333333333,2,2,CTTCAGACCACCGGCATTGG,0,1245256
ftsKp2,0.3333333333333333,2,2,CTTATGCGATAGCTGGGAGG,0,1270084
ftsKp2,0.3333333333333333,2,2,CTTATGATCTAGTTCACGAA,0,1260592
ftsKp2,0.3333333333333333,2,2,CTTAGATGGGTCATTGCGGG,0,1253949
ftsKp2,0.3333333333333333,2,2,CTTAAAGTTACGAAAGCGTA,0,1247369
ftsKp2,0.3333333333333333,2,2,CTGTGCGGCCCTGACACTAC,0,1242150
ftsKp2,0.3333333333333333,2,2,CTGTGAAATTAGTATGGGAT,0,1252128
ftsKp2,0.3333333333333333,2,2,CTGTCTATGATGTGTCTGGG,0,1255064
ftsKp2,0.3333333333333333,2,2,CTGTAACAAACGTTAGCAAC,0,1260342
ftsKp2,0.3333333333333333,2,2,CTGGTTGGGTGCATTTCAAT,0,1241565
ftsKp2,0.3333333333333333,2,2,CTGGCGGATACGTCGTCCGA,0,1259645
ftsKp2,0.3333333333333333,2,2,CTGGCCGCTAGAGGCGAAAT,0,1267250
ftsKp2,0.3333333333333333,2,2,CTGGAGACCAAGTACGGTAT,0,1246918
ftsKp2,0.3333333333333333,2,2,CTGGAACGAGGCAGCTTGGA,0,1256835
ftsKp2,0.3333333333333333,2,2,CTGCTGTATGTGCGTGTCAT,0,1244626
ftsKp2,0.3333333333333333,2,2,CTGCGCCACCGAGAATATAC,0,1245306
ftsKp2,0.3333333333333333,2,2,CTGCCTACCGAATCTTGGTG,0,1241403
ftsKp2,0.3333333333333333,2,2,CTGCATTGAAATTGGCACAA,0,1266479
ftsKp2,0.3333333333333333,2,2,CTGATTTGGTATCTCATGTT,0,1258430
ftsKp2,0.3333333333333333,2,2,CTGATGAAATAGCCAATGCG,0,1264738
ftsKp2,0.3333333333333333,2,2,CTGATAGACACGGTCTGCCA,0,1256287
ftsKp2,0.3333333333333333,2,2,CTCTTCGCTAGGTACATCAC,0,1259404
ftsKp2,0.3333333333333333,2,2,CTCTGTAAGCAAGTGCTCTT,0,1249290
ftsKp2,0.3333333333333333,2,2,CTCTAGGAATATAGCCAAGG,0,1263300
ftsKp2,0.3333333333333333,2,2,CTCTAGCGGCCCGTCGCCCT,0,1246919
ftsKp2,0.3333333333333333,2,2,CTCGGTCGTGTAACTGGACC,0,1241896
ftsKp2,0.3333333333333333,2,2,CTCGGGTTTCTGTTTCTAAC,0,1249641
ftsKp2,0.3333333333333333,2,2,CTCGGGCGGCGGATTCGCTG,0,1253917
ftsKp2,0.3333333333333333,2,2,CTCGGGCGCCAGAGGGCTAA,0,1268758
ftsKp2,0.3333333333333333,2,2,CTCGCTAGAATGTGTTCGGG,0,1247669
ftsKp2,0.3333333333333333,2,2,CTCGAGTTATACAGGGTTGG,0,1256157
ftsKp2,0.3333333333333333,2,2,CTCCTAGACGCTGGAACTTC,0,1247203
ftsKp2,0.3333333333333333,2,2,CTCCGTGTTCTACACGCTTC,0,1252086
ftsKp2,0.3333333333333333,2,2,CTCCGTCGGAACAGCTTTAA,0,1263356
ftsKp2,0.3333333333333333,2,2,CTCCGGGCAGCGACGCTATG,0,1254444
ftsKp2,0.3333333333333333,2,2,CTCCGGCATAGCATTCTGCG,0,1242586
ftsKp2,0.3333333333333333,2,2,CTCCGCGTATTCAATTCGGC,0,1241334
ftsKp2,0.3333333333333333,2,2,CTCCGACCCGTCCCTCGTCA,0,1263159
ftsKp2,0.3333333333333333,2,2,CTCCCCTGAAATTTACAAGG,0,1265025
ftsKp2,0.3333333333333333,2,2,CTCATCTTATCTACGTTGCA,0,1263121
ftsKp2,0.3333333333333333,2,2,CTCAGTGCTGATGGATAGCC,0,1253742
ftsKp2,0.3333333333333333,2,2,CTCACTAATTTGCGAATTCC,0,1257043
ftsKp2,0.3333333333333333,2,2,CTCACGAGTCTTTGCCACCT,0,1255961
ftsKp2,0.3333333333333333,2,2,CTATTCCCGTCTCAAGACTC,0,1270848
ftsKp2,0.3333333333333333,2,2,CTATGTTGCTCAAAGAAACG,0,1252926
ftsKp2,0.3333333333333333,2,2,CTATGGTGCGGCGCAAGATT,0,1251786
ftsKp2,0.3333333333333333,2,2,CTATCTTTGAGGCATACACT,0,1264882
ftsKp2,0.3333333333333333,2,2,CTATCCCAACCTTCATGGTG,0,1252067
ftsKp2,0.3333333333333333,2,2,CTATATGACCCGGGCCTAGA,0,1264235
ftsKp2,0.3333333333333333,2,2,CTAGTTTCAATGTTTTATAG,0,1253726
ftsKp2,0.3333333333333333,2,2,CTAGTTCGAATCAGATTTCA,0,1242159
ftsKp2,0.3333333333333333,2,2,CTAGCGAATATTGAGACGCA,0,1259060
ftsKp2,0.3333333333333333,2,2,CTAGCGAATAACGCTGTATT,0,1259413
ftsKp2,0.3333333333333333,2,2,CTAGCAGTTGCCGGTCTATC,0,1249454
ftsKp2,0.3333333333333333,2,2,CTAGACCTCCTTGGGAGCGT,0,1245742
ftsKp2,0.3333333333333333,2,2,CTACTGACAAGTGGCCGCCT,0,1260816
ftsKp2,0.3333333333333333,2,2,CTACGTGCACTCCCTCCGAA,0,1241740
ftsKp2,0.3333333333333333,2,2,CTACGCTATTTTGCCCCACG,0,1258692
ftsKp2,0.3333333333333333,2,2,CTACCAAGACCTGGACAGGG,0,1262212
ftsKp2,0.3333333333333333,2,2,CTACATCCAGGACCTCTGCA,0,1241342
ftsKp2,0.3333333333333333,2,2,CTACAGGATTTACTCTGGAA,0,1257952
ftsKp2,0.3333333333333333,2,2,CTACACCAACGGCAAGTGTG,0,1252097
ftsKp2,0.3333333333333333,2,2,CTAATATTATGGCCGGCGAT,0,1252250
ftsKp2,0.3333333333333333,2,2,CTAATACCAACGCGACAGGT,0,1267982
ftsKp2,0.3333333333333333,2,2,CTAAGGTCGTAACTAGGGGT,0,1245718
ftsKp2,0.3333333333333333,2,2,CTAACATTTCCTAATTGTGT,0,1263195
ftsKp2,0.3333333333333333,2,2,CGTTTTTCCGTGAGAAGATA,0,1264370
ftsKp2,0.3333333333333333,2,2,CGTTTGCTGGAGGAGGCGGA,0,1244634
ftsKp2,0.3333333333333333,2,2,CGTTTCTGTCCCCCCGTTAT,0,1265472
ftsKp2,0.3333333333333333,2,2,CGTTTATGACCAATCGTCAC,0,1241298
ftsKp2,0.3333333333333333,2,2,CGTTGGCTAGAAATTACACA,0,1249323
ftsKp2,0.3333333333333333,2,2,CGTTGGCGGTTGAGCCTACA,0,1254467
ftsKp2,0.3333333333333333,2,2,CGTTGCTACAAGGTCAACAT,0,1268178
ftsKp2,0.3333333333333333,2,2,CGTTCATACCTAGGAGTGGG,0,1261658
ftsKp2,0.3333333333333333,2,2,CGTTCAAGAGAGGTAGCACA,0,1256950
ftsKp2,0.3333333333333333,2,2,CGTGTCATCTGGTGGGTAAG,0,1269596
ftsKp2,0.3333333333333333,2,2,CGTGTACTATGAGTGTCCAA,0,1268629
ftsKp2,0.3333333333333333,2,2,CGTGGGTCGTGTGTTGAGGG,0,1243845
ftsKp2,0.3333333333333333,2,2,CGTCTGGGTGTGTTGATCCT,0,1267024
ftsKp2,0.3333333333333333,2,2,CGTCGTAGGTACGTGATCAG,0,1243294
ftsKp2,0.3333333333333333,2,2,CGTCCGGTTGCATGGCGCTG,0,1255356
ftsKp2,0.3333333333333333,2,2,CGTCCGAGTGGGCATGTTCA,0,1256018
ftsKp2,0.3333333333333333,2,2,CGTCAGGTCTAAATTTAGCC,0,1261272
ftsKp2,0.3333333333333333,2,2,CGTATCGAGGAGCCCTCTTT,0,1247501
ftsKp2,0.3333333333333333,2,2,CGTATATGTGGGGGACTCTA,0,1269336
ftsKp2,0.3333333333333333,2,2,CGTAGGGCTCATAGAAGGGG,0,1241895
ftsKp2,0.3333333333333333,2,2,CGTAGCGCTAACCCATGCGG,0,1253538
ftsKp2,0.3333333333333333,2,2,CGTAGATCGTGGACTCCATA,0,1263367
ftsKp2,0.3333333333333333,2,2,CGGTTTGCGTTATCGCACAC,0,1244358
ftsKp2,0.3333333333333333,2,2,CGGTTCTGAAATGTCCTTGA,0,1267355
ftsKp2,0.3333333333333333,2,2,CGGTTCACTGGGGTAAATGA,0,1260440
ftsKp2,0.3333333333333333,2,2,CGGTTATCGGCCAGCTCTAG,0,1250360
ftsKp2,0.3333333333333333,2,2,CGGTGTCACGCATAGCTGCC,0,1260500
ftsKp2,0.3333333333333333,2,2,CGGTCACGAGACGTTAACTT,0,1256692
ftsKp2,0.3333333333333333,2,2,CGGTATCTGACTTAAAAAGG,0,1252226
ftsKp2,0.3333333333333333,2,2,CGGTAAGAGCTGTGCGGATC,0,1259469
ftsKp2,0.3333333333333333,2,2,CGGGTTTCATGTAGTCTTCC,0,1261326
ftsKp2,0.3333333333333333,2,2,CGGGTATCGTTTGGCGTTTT,0,1264871
ftsKp2,0.3333333333333333,2,2,CGGGTAAATCCACTGAACCA,0,1249982
ftsKp2,0.3333333333333333,2,2,CGGGCGAACGACGAGGACCC,0,1251290
ftsKp2,0.3333333333333333,2,2,CGGGCATTTCATGTTAACGT,0,1251510
ftsKp2,0.3333333333333333,2,2,CGGGCAATTTTCACTTTCGG,0,1245193
ftsKp2,0.3333333333333333,2,2,CGGGAGGGGTTAACTGGCGT,0,1249110
ftsKp2,0.3333333333333333,2,2,CGGGACGGTGATTATAACTC,0,1241219
ftsKp2,0.3333333333333333,2,2,CGGCTTATTGGCATTCCATT,0,1247127
ftsKp2,0.3333333333333333,2,2,CGGCCGGTTCGATTAGAATC,0,1265009
ftsKp2,0.3333333333333333,2,2,CGGCACCAAAGCGACTAAAT,0,1255866
ftsKp2,0.3333333333333333,2,2,CGGCACAAAGGCAGGTATCA,0,1262620
ftsKp2,0.3333333333333333,2,2,CGGATTTAAATCATCAGTGT,0,1240251
ftsKp2,0.3333333333333333,2,2,CGGAGAGTATTCGATAGTCA,0,1253034
ftsKp2,0.3333333333333333,2,2,CGGACTCCGTCAAAGTTCGC,0,1248705
ftsKp2,0.3333333333333333,2,2,CGGACGGGCCGAGGGATCCC,0,1254301
ftsKp2,0.3333333333333333,2,2,CGGACCAGGTCTCTAAATTC,0,1249423
ftsKp2,0.3333333333333333,2,2,CGGAACAGCTCTTTGATGCG,0,1249942
ftsKp2,0.3333333333333333,2,2,CGGAACACGAAACAGTTTTA,0,1242889
ftsKp2,0.3333333333333333,2,2,CGCTTATCTTCTTGTTATTC,0,1260224
ftsKp2,0.3333333333333333,2,2,CGCTGTGTGGGCCCTACCAT,0,1241226
ftsKp2,0.3333333333333333,2,2,CGCTGGTTTGCGCCGTTTAG,0,1266058
ftsKp2,0.3333333333333333,2,2,CGCTGCTAGCATCTTACGTT,0,1261959
ftsKp2,0.3333333333333333,2,2,CGCTAAAGTTGACGGCTTCA,0,1243291
ftsKp2,0.3333333333333333,2,2,CGCGATGCCTATTAAATGGC,0,1259875
ftsKp2,0.3333333333333333,2,2,CGCGAGAAATACACATGGTA,0,1267837
ftsKp2,0.3333333333333333,2,2,CGCGAACATTCTAAAAAAGT,0,1241230
ftsKp2,0.3333333333333333,2,2,CGCCGATGCGAAATCAGAGA,0,1253431
ftsKp2,0.3333333333333333,2,2,CGCCCTAGACGGAGCAGACT,0,1241554
ftsKp2,0.3333333333333333,2,2,CGCCAGGATATGGCCTACCA,0,1253848
ftsKp2,0.3333333333333333,2,2,CGCATTGCAACGATGTTATC,0,1252136
ftsKp2,0.3333333333333333,2,2,CGCACGGTTCAGGCATGTGT,0,1239512
ftsKp2,0.3333333333333333,2,2,CGCAAGCAGTAAGAGCAATA,0,1270148
ftsKp2,0.3333333333333333,2,2,CGCAAGATAGAATATGTTCT,0,1250819
ftsKp2,0.3333333333333333,2,2,CGATTTGGTCAGGCGAGAAG,0,1248276
ftsKp2,0.3333333333333333,2,2,CGATGATGGGGTCTTCGAGG,0,1250332
ftsKp2,0.3333333333333333,2,2,CGATCCCTGCGTTAGTTTTG,0,1250578
ftsKp2,0.3333333333333333,2,2,CGATCATCTCCCCCGCGAAC,0,1249428
ftsKp2,0.3333333333333333,2,2,CGATAATTTGTAGCCCCGAT,0,1267465
ftsKp2,0.3333333333333333,2,2,CGATAACTGGCAGTCCTCAA,0,1250109
ftsKp2,0.3333333333333333,2,2,CGAGTTAGTACAGGATATGG,0,1249259
ftsKp2,0.3333333333333333,2,2,CGAGGTTGAGGGGCTTAAGC,0,1261354
ftsKp2,0.3333333333333333,2,2,CGAGGGGACCAGACTATAAG,0,1254430
ftsKp2,0.3333333333333333,2,2,CGAGGACTATAATATGTTCG,0,1247830
ftsKp2,0.3333333333333333,2,2,CGAGGAACGGACGTGCAAAT,0,1261249
ftsKp2,0.3333333333333333,2,2,CGAGAGAGGCTTTTGGTGAC,0,1249861
ftsKp2,0.3333333333333333,2,2,CGACTGCGGGGCTTAAAATG,0,1248039
ftsKp2,0.3333333333333333,2,2,CGACCCACTGCCGCGCTCTC,0,1263457
ftsKp2,0.3333333333333333,2,2,CGAATGGGGCGGTTATCTGA,0,1271074
ftsKp2,0.3333333333333333,2,2,CGAACCTACTCGCTTGGCGT,0,1245693
ftsKp2,0.3333333333333333,2,2,CGAAAGGACCAGGCACCATA,0,1260720
ftsKp2,0.3333333333333333,2,2,CGAAAGGAAGCTTCCTAGGA,0,1262129
ftsKp2,0.3333333333333333,2,2,CGAAACACTGCTGTAACTAG,0,1270489
ftsKp2,0.3333333333333333,2,2,CGAAAATCTGCAGGTGCTCC,0,1264536
ftsKp2,0.3333333333333333,2,2,CCTTTATATGTTTGGGAACA,0,1241309
ftsKp2,0.3333333333333333,2,2,CCTTGTGGTTTCCTAAGTAC,0,1242318
ftsKp2,0.3333333333333333,2,2,CCTTGGCGAATAGCCGCAGT,0,1253656
ftsKp2,0.3333333333333333,2,2,CCTTGACTTTGATACCCACA,0,1244018
ftsKp2,0.3333333333333333,2,2,CCTTCTAGCATATTATATTC,0,1260260
ftsKp2,0.3333333333333333,2,2,CCTTCCACCTATAGGTCGTC,0,1249376
ftsKp2,0.3333333333333333,2,2,CCTTACAATTCGCTACACGA,0,1257320
ftsKp2,0.3333333333333333,2,2,CCTGTGTTGGACATTAGTTT,0,1253243
ftsKp2,0.3333333333333333,2,2,CCTGTCAGTAATGGCGGGGA,0,1251684
ftsKp2,0.3333333333333333,2,2,CCTGGTGAGATGAGGTTACA,0,1246871
ftsKp2,0.3333333333333333,2,2,CCTGGCTTTAAGGTGCAAAA,0,1247252
ftsKp2,0.3333333333333333,2,2,CCTGATAGGCTATAGCGAGA,0,1260470
ftsKp2,0.3333333333333333,2,2,CCTCTTCCAACTGAAATCGG,0,1239613
ftsKp2,0.3333333333333333,2,2,CCTCTGTACTTCCGGCGCCA,0,1251293
ftsKp2,0.3333333333333333,2,2,CCTCTCGTCTATACATCTTA,0,1268614
ftsKp2,0.3333333333333333,2,2,CCTCTATACCGGGTAGGCGC,0,1257258
ftsKp2,0.3333333333333333,2,2,CCTCGTCGGGCACGTCCCTA,0,1259562
ftsKp2,0.3333333333333333,2,2,CCTCGCCCCCAGAGCTGAGC,0,1263854
ftsKp2,0.3333333333333333,2,2,CCTCCGTCACACTCTTCAGT,0,1250099
ftsKp2,0.3333333333333333,2,2,CCTACGATAACAAGGTTTAC,0,1249785
ftsKp2,0.3333333333333333,2,2,CCTACACGGACTCTCAAATT,0,1251098
ftsKp2,0.3333333333333333,2,2,CCTAACAGCAACCAGCTTTG,0,1252232
ftsKp2,0.3333333333333333,2,2,CCGTTTCGTTTGGAGCCACG,0,1242117
ftsKp2,0.3333333333333333,2,2,CCGTGGTCTATCATATGTTA,0,1253802
ftsKp2,0.3333333333333333,2,2,CCGTGGCGGGTAGACGGGCA,0,1242755
ftsKp2,0.3333333333333333,2,2,CCGTGGCGGGCGTTATCCTG,0,1254595
ftsKp2,0.3333333333333333,2,2,CCGTCTACCTTCGATAGGTT,0,1251712
ftsKp2,0.3333333333333333,2,2,CCGTAACTCCGCTACACGAT,0,1271047
ftsKp2,0.3333333333333333,2,2,CCGGTTCGGGGCATAAGAAA,0,1251730
ftsKp2,0.3333333333333333,2,2,CCGGTGGTCTTTAATGGCTT,0,1245039
ftsKp2,0.3333333333333333,2,2,CCGGTGGACGATGTAGACAT,0,1242494
ftsKp2,0.3333333333333333,2,2,CCGGGGAAGGCATTAAGGGA,0,1243384
ftsKp2,0.3333333333333333,2,2,CCGGCTCATGGTCGAAGGCT,0,1266386
ftsKp2,0.3333333333333333,2,2,CCGGCTATTGCCACCCTATA,0,1266555
ftsKp2,0.3333333333333333,2,2,CCGGCGCGTGCGATGGCCGC,0,1260097
ftsKp2,0.3333333333333333,2,2,CCGGCGATATACGATATGCC,0,1259213
ftsKp2,0.3333333333333333,2,2,CCGGCATGGCCAGATCAAAG,0,1267304
ftsKp2,0.3333333333333333,2,2,CCGGATAGTCGGGCGTACTG,0,1246105
ftsKp2,0.3333333333333333,2,2,CCGGACTTATTAAGTGGGAC,0,1264773
ftsKp2,0.3333333333333333,2,2,CCGCTTCGCATCGTATTTTT,0,1245823
ftsKp2,0.3333333333333333,2,2,CCGCCGATCGAATATAACCC,0,1244312
ftsKp2,0.3333333333333333,2,2,CCGCCCACCAAATTAGTGCT,0,1252848
ftsKp2,0.3333333333333333,2,2,CCGCATGTCCGCGGTAGTTA,0,1245389
ftsKp2,0.3333333333333333,2,2,CCGCATGCAAGTTCTCCGAG,0,1258110
ftsKp2,0.3333333333333333,2,2,CCGCATAAGAGGTTAAGTAT,0,1267048
ftsKp2,0.3333333333333333,2,2,CCGCAGCGACTTAGATGCTA,0,1246054
ftsKp2,0.3333333333333333,2,2,CCGATCTTTAACAGGTAGAT,0,1264191
ftsKp2,0.3333333333333333,2,2,CCGAGAGGGCGTCGGGACCT,0,1256435
ftsKp2,0.3333333333333333,2,2,CCGACTCCGGTACCTACTGC,0,1239985
ftsKp2,0.3333333333333333,2,2,CCCTTTCGGTACGGTCCCAG,0,1256682
ftsKp2,0.3333333333333333,2,2,CCCTTCCTACGGTTATGTAG,0,1239769
ftsKp2,0.3333333333333333,2,2,CCCTGGGTGCGAGGTTCGCT,0,1258900
ftsKp2,0.3333333333333333,2,2,CCCTGCAACTGTTATGATGC,0,1253687
ftsKp2,0.3333333333333333,2,2,CCCTCGTAGAGGATAAGGCC,0,1246080
ftsKp2,0.3333333333333333,2,2,CCCTACCTCATTTGAATTAG,0,1242252
ftsKp2,0.3333333333333333,2,2,CCCGTGTTAGAGCCGTGGGT,0,1241707
ftsKp2,0.3333333333333333,2,2,CCCGTCGCGAAAAGTTGGCC,0,1256082
ftsKp2,0.3333333333333333,2,2,CCCGGGGGGGGTAGTGCCGC,0,1249726
ftsKp2,0.3333333333333333,2,2,CCCGCGAGGGCTCCATGTTT,0,1267696
ftsKp2,0.3333333333333333,2,2,CCCGCCTAACGTTAGCAGCA,0,1260133
ftsKp2,0.3333333333333333,2,2,CCCGCAGGACTGACGGTGTG,0,1247593
ftsKp2,0.3333333333333333,2,2,CCCCTTAGGCTTTCATCGTC,0,1244831
ftsKp2,0.3333333333333333,2,2,CCCCGTTTATCTCAAGGAGA,0,1259917
ftsKp2,0.3333333333333333,2,2,CCCCGTATGCGACGTTGGAG,0,1252095
ftsKp2,0.3333333333333333,2,2,CCCCGGTGACCTAATACGCG,0,1243502
ftsKp2,0.3333333333333333,2,2,CCCCCTAGTGGTAACACGAG,0,1252092
ftsKp2,0.3333333333333333,2,2,CCCCATGTCAATCACATGAC,0,1259514
ftsKp2,0.3333333333333333,2,2,CCCATGGTGCGTCTTTCGTG,0,1259151
ftsKp2,0.3333333333333333,2,2,CCCACGTGTTCTCGTTGGTC,0,1260875
ftsKp2,0.3333333333333333,2,2,CCCACATACAGTTCATAGAA,0,1250906
ftsKp2,0.3333333333333333,2,2,CCCACAGGCGCTGCGTCAGC,0,1239827
ftsKp2,0.3333333333333333,2,2,CCCAAGCACAAATGAGAGGT,0,1262451
ftsKp2,0.3333333333333333,2,2,CCCAACCGGGTTCCTCTGGT,0,1260126
ftsKp2,0.3333333333333333,2,2,CCATTTGACCCTTACTCTTC,0,1266683
ftsKp2,0.3333333333333333,2,2,CCATTCGCCAAGCCGATGAG,0,1261585
ftsKp2,0.3333333333333333,2,2,CCATTAACCACAGAATACGA,0,1266187
ftsKp2,0.3333333333333333,2,2,CCATGTTGGATCTAATGGCA,0,1251644
ftsKp2,0.3333333333333333,2,2,CCATGTTCTCTGCGTGTAGT,0,1264550
ftsKp2,0.3333333333333333,2,2,CCATGAGTATGGGGACGGGA,0,1256738
ftsKp2,0.3333333333333333,2,2,CCATCGTTAGCAGGACTCAT,0,1266310
ftsKp2,0.3333333333333333,2,2,CCATCGGACTCGAGCCCATC,0,1262460
ftsKp2,0.3333333333333333,2,2,CCATAGCACTGTCTACGACG,0,1244361
ftsKp2,0.3333333333333333,2,2,CCAGTGCCGGAGGTGTAAGG,0,1244612
ftsKp2,0.3333333333333333,2,2,CCAGGATTCTACAGCCTCCC,0,1246229
ftsKp2,0.3333333333333333,2,2,CCAGGAAGTTTTTCCTAGTA,0,1254182
ftsKp2,0.3333333333333333,2,2,CCAGCTTTTTAGGAGTGAGC,0,1268204
ftsKp2,0.3333333333333333,2,2,CCAGCGTCCAAAGCGTGAAT,0,1261467
ftsKp2,0.3333333333333333,2,2,CCAGCAGTGATACCTTGGGT,0,1250813
ftsKp2,0.3333333333333333,2,2,CCAGAGCTGATGTGCAAATC,0,1249542
ftsKp2,0.3333333333333333,2,2,CCAGACATACCAGTCGAAGT,0,1246503
ftsKp2,0.3333333333333333,2,2,CCACTTACGCATTAAAGAGG,0,1245218
ftsKp2,0.3333333333333333,2,2,CCACGAGGTGTGGCTGCAAG,0,1270815
ftsKp2,0.3333333333333333,2,2,CCACAGCTGGTGTAGAGATC,0,1248712
ftsKp2,0.3333333333333333,2,2,CCAAGTCAGCATACCGGACT,0,1250870
ftsKp2,0.3333333333333333,2,2,CCAACTCCACGGTTAATGGC,0,1268563
ftsKp2,0.3333333333333333,2,2,CATTTTATTTGTATGTTACA,0,1254505
ftsKp2,0.3333333333333333,2,2,CATTTGTGCTTGCTTCCACA,0,1244086
ftsKp2,0.3333333333333333,2,2,CATTTAGGACAGGTCTCTCT,0,1263012
ftsKp2,0.3333333333333333,2,2,CATTGTCTCCTGTGTGTCTA,0,1266731
ftsKp2,0.3333333333333333,2,2,CATTCTCTTTGTGGCAGGAG,0,1240121
ftsKp2,0.3333333333333333,2,2,CATTCGCTATACGGAGTCAG,0,1262328
ftsKp2,0.3333333333333333,2,2,CATGTTGGACTAGCGCACGG,0,1241566
ftsKp2,0.3333333333333333,2,2,CATGGTAAGGAACGTGCACA,0,1239346
ftsKp2,0.3333333333333333,2,2,CATGGGTATGCACACGCCAG,0,1243540
ftsKp2,0.3333333333333333,2,2,CATGAAGCGTTCAATCGGTA,0,1267114
ftsKp2,0.3333333333333333,2,2,CATCTCTCGACGTTAGAACA,0,1241963
ftsKp2,0.3333333333333333,2,2,CATCTCAGTCACGACCTCAG,0,1241434
ftsKp2,0.3333333333333333,2,2,CATCTCACGACTGCGTAGAA,0,1267660
ftsKp2,0.3333333333333333,2,2,CATCATTTCAGCAGCATTAG,0,1251616
ftsKp2,0.3333333333333333,2,2,CATCAGGAAGATCAGGCTCT,0,1258140
ftsKp2,0.3333333333333333,2,2,CATCACATAGCAACCGTGAA,0,1256251
ftsKp2,0.3333333333333333,2,2,CATATTTTATATTACATTAA,0,1257416
ftsKp2,0.3333333333333333,2,2,CATATAACTTCTATATGCAG,0,1259739
ftsKp2,0.3333333333333333,2,2,CATAGCCGTGAGATAGCAGG,0,1254238
ftsKp2,0.3333333333333333,2,2,CATAGCCGAGCGCACGAGGA,0,1264816
ftsKp2,0.3333333333333333,2,2,CATAGACTTACCCCAGCTTT,0,1267933
ftsKp2,0.3333333333333333,2,2,CATACTGGTAAAGCGGTGTC,0,1249106
ftsKp2,0.3333333333333333,2,2,CATACCTTACAATCACATCG,0,1266768
ftsKp2,0.3333333333333333,2,2,CATAAGCTCCGGCTATGAAG,0,1241341
ftsKp2,0.3333333333333333,2,2,CAGTTGTTCACGGCGCGATA,0,1257931
ftsKp2,0.3333333333333333,2,2,CAGTGCGGACGCACCTGGCG,0,1245474
ftsKp2,0.3333333333333333,2,2,CAGTCCAGTAGGGTAAGGAT,0,1248385
ftsKp2,0.3333333333333333,2,2,CAGGTCGGTAAGACGACAAC,0,1254304
ftsKp2,0.3333333333333333,2,2,CAGGTAGGTGACTCTGAATC,0,1245692
ftsKp2,0.3333333333333333,2,2,CAGGGTGACTGTACTTCAAT,0,1257151
ftsKp2,0.3333333333333333,2,2,CAGGGGTCTTCGGAAGAGCC,0,1253980
ftsKp2,0.3333333333333333,2,2,CAGGGCATTGGTCAAGCGAC,0,1259498
ftsKp2,0.3333333333333333,2,2,CAGGAGGACGGATGTGTTTC,0,1264657
ftsKp2,0.3333333333333333,2,2,CAGGAGCAATTCCAGACGGT,0,1240793
ftsKp2,0.3333333333333333,2,2,CAGGACAGGAAGGAAGTAGT,0,1242987
ftsKp2,0.3333333333333333,2,2,CAGGAAGCGAGGCGAAGTTT,0,1262531
ftsKp2,0.3333333333333333,2,2,CAGCCTGGAGTGACTTAGGG,0,1258328
ftsKp2,0.3333333333333333,2,2,CAGCATTTTCAGAATGAGTC,0,1257851
ftsKp2,0.3333333333333333,2,2,CAGAGCGGTACGCTCTAGTC,0,1246328
ftsKp2,0.3333333333333333,2,2,CAGAGCAGACCCTAGGGCGT,0,1249056
ftsKp2,0.3333333333333333,2,2,CAGACTTAATTGAACGTCAT,0,1263347
ftsKp2,0.3333333333333333,2,2,CAGACGGTACTATCGGGCTG,0,1250384
ftsKp2,0.3333333333333333,2,2,CAGACGGCGAAGCTAAAACC,0,1255338
ftsKp2,0.3333333333333333,2,2,CAGAATATACGCACCAGTCT,0,1269347
ftsKp2,0.3333333333333333,2,2,CAGAAAGGGGCCATGCATTT,0,1252690
ftsKp2,0.3333333333333333,2,2,CACTGTTGGGCCTTGTGCAG,0,1254332
ftsKp2,0.3333333333333333,2,2,CACTAGCTTATACCCGCCAC,0,1239582
ftsKp2,0.3333333333333333,2,2,CACGGATCGTCGGTTACGGT,0,1259830
ftsKp2,0.3333333333333333,2,2,CACCTTGCGGACAGTGTCGC,0,1261523
ftsKp2,0.3333333333333333,2,2,CACCTATGTTAAGCCATGCG,0,1240333
ftsKp2,0.3333333333333333,2,2,CACCGATAAGGGAAGGAAGC,0,1247902
ftsKp2,0.3333333333333333,2,2,CACCGAAAAACCGGAAGAGT,0,1245687
ftsKp2,0.3333333333333333,2,2,CACCCTAACATGCACCTGCT,0,1241933
ftsKp2,0.3333333333333333,2,2,CACCATTTGTCACACATCCT,0,1262216
ftsKp2,0.3333333333333333,2,2,CACCATTGGACGTGTTAGTG,0,1260621
ftsKp2,0.3333333333333333,2,2,CACCACCAATAGACAGGGTT,0,1249411
ftsKp2,0.3333333333333333,2,2,CACATGTGTTTCAGATGGTC,0,1267910
ftsKp2,0.3333333333333333,2,2,CACATAGAACGAAAGTTGGG,0,1260094
ftsKp2,0.3333333333333333,2,2,CACAGTCTCAAACCTGCTCC,0,1245128
ftsKp2,0.3333333333333333,2,2,CACACGTAGAGCGAGCTCAG,0,1256940
ftsKp2,0.3333333333333333,2,2,CACAAGAAGCTAAGCAGAGG,0,1247950
ftsKp2,0.3333333333333333,2,2,CAATATACGACTTTGGAGCG,0,1260176
ftsKp2,0.3333333333333333,2,2,CAAGGATGGTGTAAGACATT,0,1267545
ftsKp2,0.3333333333333333,2,2,CAAGATCATTGGTCATCTGT,0,1255734
ftsKp2,0.3333333333333333,2,2,CAAGAGGTGGGGTTTTTTTC,0,1262719
ftsKp2,0.3333333333333333,2,2,CAACCAGCTAGGCTTTACTG,0,1257527
ftsKp2,0.3333333333333333,2,2,CAACATTAGACCCTGCAACA,0,1250953
ftsKp2,0.3333333333333333,2,2,CAACAGGACTTCAGTTCGCT,0,1267227
ftsKp2,0.3333333333333333,2,2,CAAATAGTAATGCGTTTACC,0,1260223
ftsKp2,0.3333333333333333,2,2,CAAAGTCTGTGGCGCGGACA,0,1259767
ftsKp2,0.3333333333333333,2,2,CAAAGCATTTAGCATATACG,0,1268941
ftsKp2,0.3333333333333333,2,2,CAAACCTCCTAGGGGTGGCA,0,1252238
ftsKp2,0.3333333333333333,2,2,CAAAATGGTCTCCCAATACT,0,1256528
ftsKp2,0.3333333333333333,2,2,ATTTTGGGACTAACGTCTGT,0,1265599
ftsKp2,0.3333333333333333,2,2,ATTTTGCTTAGTCTATTAAT,0,1250489
ftsKp2,0.3333333333333333,2,2,ATTTTGCTGTTCGCGAATAC,0,1266750
ftsKp2,0.3333333333333333,2,2,ATTTGCCATGCTACCTGTGC,0,1269426
ftsKp2,0.3333333333333333,2,2,ATTTCGCAATCGCAGATGGA,0,1258215
ftsKp2,0.3333333333333333,2,2,ATTTATGACTCATCAATGTA,0,1248674
ftsKp2,0.3333333333333333,2,2,ATTTACATATCAGGATCCTC,0,1258313
ftsKp2,0.3333333333333333,2,2,ATTTAATTCCTTACTTCATG,0,1263824
ftsKp2,0.3333333333333333,2,2,ATTGTTGATATTTCAAGCGC,0,1258145
ftsKp2,0.3333333333333333,2,2,ATTGTTCCCTGCCGGGTTCT,0,1259304
ftsKp2,0.3333333333333333,2,2,ATTGTGGCTATTCATTGAGC,0,1249620
ftsKp2,0.3333333333333333,2,2,ATTGGATAATCAGGACAAAA,0,1244619
ftsKp2,0.3333333333333333,2,2,ATTCTCTGCGCGAGCTCCGC,0,1253235
ftsKp2,0.3333333333333333,2,2,ATTCGTGAATGATGTCATAT,0,1269613
ftsKp2,0.3333333333333333,2,2,ATTCGGTCACTAAATTCCCA,0,1264619
ftsKp2,0.3333333333333333,2,2,ATTATCCCGCGCTTGGGACA,0,1246752
ftsKp2,0.3333333333333333,2,2,ATTAGGTTAAAGTGGGCAAG,0,1249648
ftsKp2,0.3333333333333333,2,2,ATTAGCGTCCTTGGCAACAT,0,1259806
ftsKp2,0.3333333333333333,2,2,ATTACTCCATTAGCAGCTAA,0,1242013
ftsKp2,0.3333333333333333,2,2,ATGTTGTACTGACCTAGTCT,0,1244194
ftsKp2,0.3333333333333333,2,2,ATGTTGCTTTGCAACTGTAA,0,1260212
ftsKp2,0.3333333333333333,2,2,ATGTTCGGTTCTAGCGTCAT,0,1265308
ftsKp2,0.3333333333333333,2,2,ATGTGCGTAGCGCACGACGG,0,1262617
ftsKp2,0.3333333333333333,2,2,ATGTCTATTATGGCAAGAAA,0,1261300
ftsKp2,0.3333333333333333,2,2,ATGTCACGTAACGTTTGTCA,0,1256196
ftsKp2,0.3333333333333333,2,2,ATGTATATGCGAGCTTGTTA,0,1249331
ftsKp2,0.3333333333333333,2,2,ATGGTGGTCACAAATTCGCC,0,1270733
ftsKp2,0.3333333333333333,2,2,ATGGTCCGCCGGTTTGAGAA,0,1255047
ftsKp2,0.3333333333333333,2,2,ATGGGCGATATTGGCCGATC,0,1245393
ftsKp2,0.3333333333333333,2,2,ATGGAGATCATCATCACGGC,0,1260188
ftsKp2,0.3333333333333333,2,2,ATGGACCACGCCCCGCGTAT,0,1270992
ftsKp2,0.3333333333333333,2,2,ATGCGCCGAAGGTTGTTGTG,0,1252841
ftsKp2,0.3333333333333333,2,2,ATGCCATGGATAATATAACT,0,1269502
ftsKp2,0.3333333333333333,2,2,ATGATACCTCTCTATACCTA,0,1248868
ftsKp2,0.3333333333333333,2,2,ATGAGGCGCTCTTTGTGGTC,0,1253450
ftsKp2,0.3333333333333333,2,2,ATGAGCGGGCGCCTTGTATA,0,1263150
ftsKp2,0.3333333333333333,2,2,ATGAGAAGAAAATGTTTATA,0,1246051
ftsKp2,0.3333333333333333,2,2,ATGACTGTAGGGAAGGTACA,0,1262614
ftsKp2,0.3333333333333333,2,2,ATGAAGTGTACACTTGCGTT,0,1250982
ftsKp2,0.3333333333333333,2,2,ATGAACCACCGGAAGTTAGT,0,1264900
ftsKp2,0.3333333333333333,2,2,ATGAAATAGGCCAACATTTG,0,1250403
ftsKp2,0.3333333333333333,2,2,ATCTGAGAAAAGCATCAACG,0,1270908
ftsKp2,0.3333333333333333,2,2,ATCTACCCATGAGGTGAGTG,0,1243952
ftsKp2,0.3333333333333333,2,2,ATCTAAGTGCCCCAGTGATG,0,1253555
ftsKp2,0.3333333333333333,2,2,ATCTAAAGCGAGCCATGTGT,0,1239765
ftsKp2,0.3333333333333333,2,2,ATCGTGTCCTGAGGTATCAT,0,1263857
ftsKp2,0.3333333333333333,2,2,ATCGGCAACAATGGGTCGAA,0,1251939
ftsKp2,0.3333333333333333,2,2,ATCGGAACCGTAATCAGATT,0,1264098
ftsKp2,0.3333333333333333,2,2,ATCGCTGGATCATTGCCACA,0,1265001
ftsKp2,0.3333333333333333,2,2,ATCGCGATGGTGCCTATGAT,0,1250398
ftsKp2,0.3333333333333333,2,2,ATCGAGCAGGGATTCATGAG,0,1266312
ftsKp2,0.3333333333333333,2,2,ATCCTGCATCCGATACAGAT,0,1263823
ftsKp2,0.3333333333333333,2,2,ATCCGGGAGGTGTGCGTGAA,0,1257787
ftsKp2,0.3333333333333333,2,2,ATCCAGGCGCGGCTTTATGA,0,1270025
ftsKp2,0.3333333333333333,2,2,ATCCAGGCATGTTAAAGGTG,0,1258641
ftsKp2,0.3333333333333333,2,2,ATCCAATTATCGCTCTGGCT,0,1257168
ftsKp2,0.3333333333333333,2,2,ATCAGGAATTCCGCACTAAA,0,1244403
ftsKp2,0.3333333333333333,2,2,ATCAGCCAGAGTACCCGCGC,0,1266484
ftsKp2,0.3333333333333333,2,2,ATCAGATGTTCAAGGGCGTA,0,1264759
ftsKp2,0.3333333333333333,2,2,ATCACCTCGGTTGTAGAACT,0,1260668
ftsKp2,0.3333333333333333,2,2,ATCAAGTGGTCATAAGTTCT,0,1241041
ftsKp2,0.3333333333333333,2,2,ATATTACGGTTCTACCCCGA,0,1249218
ftsKp2,0.3333333333333333,2,2,ATATGTATTCGCTATGCTGT,0,1242082
ftsKp2,0.3333333333333333,2,2,ATATGGAAGTCTCGGCCGTT,0,1255442
ftsKp2,0.3333333333333333,2,2,ATATCTTGAATTGCAGGGTA,0,1266528
ftsKp2,0.3333333333333333,2,2,ATATCTGTCAATATTCATGA,0,1251755
ftsKp2,0.3333333333333333,2,2,ATATCCCAATAACTGGCGCC,0,1258846
ftsKp2,0.3333333333333333,2,2,ATAGGTGCCACGTTCCGCCA,0,1270059
ftsKp2,0.3333333333333333,2,2,ATAGGAAGGATCAACATCAA,0,1257675
ftsKp2,0.3333333333333333,2,2,ATAGAGACCGTTTGTCGTAC,0,1257595
ftsKp2,0.3333333333333333,2,2,ATAGAAGCAGGGCGATAGCT,0,1269865
ftsKp2,0.3333333333333333,2,2,ATAGAACGTAAGATCTTATA,0,1262905
ftsKp2,0.3333333333333333,2,2,ATACGGGACGCAACGACGAC,0,1243867
ftsKp2,0.3333333333333333,2,2,ATACCTACGAGTCGGGTCGG,0,1246307
ftsKp2,0.3333333333333333,2,2,ATACCCTATATCACACGTAG,0,1263276
ftsKp2,0.3333333333333333,2,2,ATAATTTTACCAACTTACTA,0,1255009
ftsKp2,0.3333333333333333,2,2,ATAAGAGGAGTAATCCACCT,0,1251639
ftsKp2,0.3333333333333333,2,2,ATAAAGAATGGATTTTCTAT,0,1243426
ftsKp2,0.3333333333333333,2,2,AGTTTGGTAGGTAACGTATG,0,1270049
ftsKp2,0.3333333333333333,2,2,AGTTTCCAAGTTATCAACAC,0,1252426
ftsKp2,0.3333333333333333,2,2,AGTTGGTATGGCCGAGAAGG,0,1261214
ftsKp2,0.3333333333333333,2,2,AGTTCTGTTAAGAGCGCAGA,0,1264660
ftsKp2,0.3333333333333333,2,2,AGTTATCCGCGACAGAGCAT,0,1243590
ftsKp2,0.3333333333333333,2,2,AGTTAGTGTGAAACGTTACA,0,1263883
ftsKp2,0.3333333333333333,2,2,AGTGTTTGAAACCTAGAATT,0,1268735
ftsKp2,0.3333333333333333,2,2,AGTGGGACAAGCGTAAAATC,0,1248663
ftsKp2,0.3333333333333333,2,2,AGTGCCTAATGTATCTTTAC,0,1247603
ftsKp2,0.3333333333333333,2,2,AGTGCCGGATTGGGGCGGCT,0,1255427
ftsKp2,0.3333333333333333,2,2,AGTGCCAGCAGACCCCGTTT,0,1267574
ftsKp2,0.3333333333333333,2,2,AGTGCACCGTCCCGAGATGG,0,1259199
ftsKp2,0.3333333333333333,2,2,AGTCTACCCGGATCTTTAGG,0,1262444
ftsKp2,0.3333333333333333,2,2,AGTCGTATCGAAGTTAACCG,0,1260540
ftsKp2,0.3333333333333333,2,2,AGTCCCCCATCGCACACGTC,0,1252228
ftsKp2,0.3333333333333333,2,2,AGTCCCAAATCATCTCCACT,0,1241805
ftsKp2,0.3333333333333333,2,2,AGTCAGATAGCCGATGGCGG,0,1243517
ftsKp2,0.3333333333333333,2,2,AGTATTTCCAAGTCGAGTTC,0,1241213
ftsKp2,0.3333333333333333,2,2,AGTAGGGAATTACACAAGTC,0,1241218
ftsKp2,0.3333333333333333,2,2,AGTACTTGGATCCCCCCTTA,0,1252185
ftsKp2,0.3333333333333333,2,2,AGTACGCAGGGAGGTCACGT,0,1254750
ftsKp2,0.3333333333333333,2,2,AGTACAGGAGATGGGTACTA,0,1248435
ftsKp2,0.3333333333333333,2,2,AGGTTGGGCACGTTCGATTT,0,1247864
ftsKp2,0.3333333333333333,2,2,AGGTGTGAAAACAGGTAGAT,0,1259121
ftsKp2,0.3333333333333333,2,2,AGGTGCCTCCAGGCCCCCCC,0,1258965
ftsKp2,0.3333333333333333,2,2,AGGTGAACTAACCTGTATCC,0,1248055
ftsKp2,0.3333333333333333,2,2,AGGTCGGTGGGCCTTGTCGC,0,1270784
ftsKp2,0.3333333333333333,2,2,AGGTATCATTGCGGCTGAGT,0,1252064
ftsKp2,0.3333333333333333,2,2,AGGTACTGTGATCCCGGTCT,0,1241880
ftsKp2,0.3333333333333333,2,2,AGGTACATGGCCTCTGTCGA,0,1249655
ftsKp2,0.3333333333333333,2,2,AGGGTTTAGAATGAGAATCT,0,1267788
ftsKp2,0.3333333333333333,2,2,AGGGGTTTGTCAGAAATTCC,0,1253626
ftsKp2,0.3333333333333333,2,2,AGGGGAGCCCACCTACTTCA,0,1247731
ftsKp2,0.3333333333333333,2,2,AGGGCTAGATCAGGCCTATC,0,1265624
ftsKp2,0.3333333333333333,2,2,AGGGATGGAACATAAGGGTA,0,1240041
ftsKp2,0.3333333333333333,2,2,AGGCTCTCAACGGCTCCACT,0,1264474
ftsKp2,0.3333333333333333,2,2,AGGCCCCGTTCGAGCCGGTT,0,1246437
ftsKp2,0.3333333333333333,2,2,AGGCATGAAGGTCCGAAAAA,0,1242679
ftsKp2,0.3333333333333333,2,2,AGGATCAATATTCTGTACAA,0,1258616
ftsKp2,0.3333333333333333,2,2,AGGAGAGAATGCAGAAAATT,0,1241951
ftsKp2,0.3333333333333333,2,2,AGGAGACAAACGAGCCGATT,0,1246499
ftsKp2,0.3333333333333333,2,2,AGGACTTTTTCCGCCTCATA,0,1244130
ftsKp2,0.3333333333333333,2,2,AGGACGTCCTGCGAATTAAG,0,1254438
ftsKp2,0.3333333333333333,2,2,AGGAAGGTATCGGCATCTAA,0,1264884
ftsKp2,0.3333333333333333,2,2,AGGAAAAGCCACCGCACAGT,0,1252668
ftsKp2,0.3333333333333333,2,2,AGCTTTGAAGGAGAGCGGTA,0,1246219
ftsKp2,0.3333333333333333,2,2,AGCTTGAGAAGCACTTGATT,0,1265386
ftsKp2,0.3333333333333333,2,2,AGCTTCTTGCCGTGTAACTT,0,1253158
ftsKp2,0.3333333333333333,2,2,AGCTGGGCACCTTATTCAAT,0,1242470
ftsKp2,0.3333333333333333,2,2,AGCTGCATTCACGCAACCCG,0,1241351
ftsKp2,0.3333333333333333,2,2,AGCTCTCCAGGAGCAGCCAG,0,1239799
ftsKp2,0.3333333333333333,2,2,AGCTCGCCCCATCTTTGGGT,0,1247066
ftsKp2,0.3333333333333333,2,2,AGCTCCCACGGCTTGCCACA,0,1257492
ftsKp2,0.3333333333333333,2,2,AGCTCAAGCGCTTGACCGAG,0,1261379
ftsKp2,0.3333333333333333,2,2,AGCTATACGAAAGGTGAAAA,0,1246261
ftsKp2,0.3333333333333333,2,2,AGCTAATCATCGGGCTATAA,0,1262297
ftsKp2,0.3333333333333333,2,2,AGCTAAGTTGAATTTATACG,0,1258982
ftsKp2,0.3333333333333333,2,2,AGCGGCCTATATATAGCAAT,0,1266000
ftsKp2,0.3333333333333333,2,2,AGCCTTTAGTCTCTCCGGAT,0,1262911
ftsKp2,0.3333333333333333,2,2,AGCCGTCATACATGTGCGGA,0,1243681
ftsKp2,0.3333333333333333,2,2,AGCCGGGATATGTCAGACCA,0,1265655
ftsKp2,0.3333333333333333,2,2,AGCCAAAGATACGCGTCCCG,0,1243552
ftsKp2,0.3333333333333333,2,2,AGCATCTCATAAAGCTCTCC,0,1268957
ftsKp2,0.3333333333333333,2,2,AGCATCAGCCCAACATCCAG,0,1247004
ftsKp2,0.3333333333333333,2,2,AGCATATCCTTGTTCGGATA,0,1244221
ftsKp2,0.3333333333333333,2,2,AGCAGTCGTTTCCCCATAGT,0,1250899
ftsKp2,0.3333333333333333,2,2,AGATTTTAGGCCCCGAATCG,0,1250064
ftsKp2,0.3333333333333333,2,2,AGATGCGGTTAGTTAAGTGT,0,1269893
ftsKp2,0.3333333333333333,2,2,AGATGCACAGGCACAAAGGA,0,1240366
ftsKp2,0.3333333333333333,2,2,AGATGAGGAGCGGTGTCACT,0,1260095
ftsKp2,0.3333333333333333,2,2,AGATGACCGTTTACTGGATA,0,1242477
ftsKp2,0.3333333333333333,2,2,AGATCTTGTCTTACGATCCA,0,1245520
ftsKp2,0.3333333333333333,2,2,AGATCTAAGAGTTAGGCCGA,0,1247599
ftsKp2,0.3333333333333333,2,2,AGAGTAAAATTGCTGATACG,0,1250276
ftsKp2,0.3333333333333333,2,2,AGAGGTTTGCAGGGTTCTGG,0,1243936
ftsKp2,0.3333333333333333,2,2,AGAGCCGGCCATCTTGTAGC,0,1264369
ftsKp2,0.3333333333333333,2,2,AGAGAAGGAGTAGACTCCAG,0,1255069
ftsKp2,0.3333333333333333,2,2,AGACTTCAGGCCTCCCGATC,0,1246390
ftsKp2,0.3333333333333333,2,2,AGACTACGCATAGTTAGTAA,0,1241524
ftsKp2,0.3333333333333333,2,2,AGACGGGATTGCATCTCGGT,0,1267224
ftsKp2,0.3333333333333333,2,2,AGACGCTGTCTCCTATTACT,0,1255501
ftsKp2,0.3333333333333333,2,2,AGAACAAGTGTATCTGTGGA,0,1258045
ftsKp2,0.3333333333333333,2,2,AGAAATAGCGTTGGGTGCTT,0,1239626
ftsKp2,0.3333333333333333,2,2,AGAAATACGCGCTACACGAC,0,1248149
ftsKp2,0.3333333333333333,2,2,AGAAACCATTGAACAGGCAC,0,1242734
ftsKp2,0.3333333333333333,2,2,ACTTTGCGCAGAATTAAGAC,0,1258213
ftsKp2,0.3333333333333333,2,2,ACTTTCGACAACTCGAGAGG,0,1241624
ftsKp2,0.3333333333333333,2,2,ACTTCACGCAACGATACGTC,0,1239528
ftsKp2,0.3333333333333333,2,2,ACTTATCGGTATATAAGCAA,0,1242206
ftsKp2,0.3333333333333333,2,2,ACTTAGCCTGGTGGAAGGCT,0,1249590
ftsKp2,0.3333333333333333,2,2,ACTGTTTCTCCGAGACAGTG,0,1261436
ftsKp2,0.3333333333333333,2,2,ACTGGCGGCCTTACGACCAG,0,1246596
ftsKp2,0.3333333333333333,2,2,ACTGGACACAGAATCCGCGT,0,1268279
ftsKp2,0.3333333333333333,2,2,ACTGCTCGCTCGAAAAGGCT,0,1252320
ftsKp2,0.3333333333333333,2,2,ACTGCGCTTAACTCACCGGG,0,1240184
ftsKp2,0.3333333333333333,2,2,ACTGCGCTCTGAACCTCGCT,0,1245729
ftsKp2,0.3333333333333333,2,2,ACTGCCTCAATATAGTTGGG,0,1248418
ftsKp2,0.3333333333333333,2,2,ACTCTGTCAGACGTCAAATC,0,1265546
ftsKp2,0.3333333333333333,2,2,ACTCGGGCTGAAATTAGGAT,0,1250524
ftsKp2,0.3333333333333333,2,2,ACTCGATAGGAGATTCGGAT,0,1248659
ftsKp2,0.3333333333333333,2,2,ACTCGAGCCAGGCGGTGGTC,0,1261490
ftsKp2,0.3333333333333333,2,2,ACGTTATTAGGGTCCTCGTC,0,1253944
ftsKp2,0.3333333333333333,2,2,ACGTGTCAGACCGTCAGTAG,0,1259116
ftsKp2,0.3333333333333333,2,2,ACGTCTTCTAGAGACGCGAT,0,1245699
ftsKp2,0.3333333333333333,2,2,ACGTCCACCATGTGGTACCC,0,1246183
ftsKp2,0.3333333333333333,2,2,ACGGTCGGCCTCTTATAGAG,0,1260569
ftsKp2,0.3333333333333333,2,2,ACGGTACCCATCGAGGAAAA,0,1269073
ftsKp2,0.3333333333333333,2,2,ACGGGCGGTGGAGAGCCATA,0,1258661
ftsKp2,0.3333333333333333,2,2,ACGGGAGCCTCCTACTGCCT,0,1262363
ftsKp2,0.3333333333333333,2,2,ACGGCGTTAGTCCGTCAATT,0,1243011
ftsKp2,0.3333333333333333,2,2,ACGGATCTGGCTTATTAATA,0,1268855
ftsKp2,0.3333333333333333,2,2,ACGCTGAACAACCTAGGGCA,0,1254466
ftsKp2,0.3333333333333333,2,2,ACGCTCGTCGCGTCTGTGGA,0,1259766
ftsKp2,0.3333333333333333,2,2,ACGCGGATCACAGGGCCCCC,0,1240859
ftsKp2,0.3333333333333333,2,2,ACGCCGTGAACGGTGAGTTA,0,1249174
ftsKp2,0.3333333333333333,2,2,ACGCCCTAGTTAGAGGCCAT,0,1256297
ftsKp2,0.3333333333333333,2,2,ACGCCAGCGTAAGACTTTGT,0,1261804
ftsKp2,0.3333333333333333,2,2,ACGCAATTCGGATGAAGATC,0,1241212
ftsKp2,0.3333333333333333,2,2,ACGAGTAGAACGGGATCACG,0,1270036
ftsKp2,0.3333333333333333,2,2,ACGACGTTCTTATCGCGGGT,0,1244719
ftsKp2,0.3333333333333333,2,2,ACGACGTATCTATTCCACGA,0,1267113
ftsKp2,0.3333333333333333,2,2,ACGACCGCAGTCACACTGGC,0,1242257
ftsKp2,0.3333333333333333,2,2,ACCTTACTTTGAAATTTGCT,0,1249213
ftsKp2,0.3333333333333333,2,2,ACCTGTTCGTGGAAATCACA,0,1251538
ftsKp2,0.3333333333333333,2,2,ACCTGCAGTGGTCCTTTTAT,0,1264423
ftsKp2,0.3333333333333333,2,2,ACCTGATGCGGCGCCATCTT,0,1257801
ftsKp2,0.3333333333333333,2,2,ACCTCGCCACCAACGCCTCC,0,1254439
ftsKp2,0.3333333333333333,2,2,ACCTAGGGATGAGTCCATTG,0,1252732
ftsKp2,0.3333333333333333,2,2,ACCTAGACCTCATGAGGCGC,0,1263203
ftsKp2,0.3333333333333333,2,2,ACCGGTGGGCAGACTAGCTT,0,1262562
ftsKp2,0.3333333333333333,2,2,ACCGGCAGTATACACGGCAG,0,1248466
ftsKp2,0.3333333333333333,2,2,ACCGATATTAGCCGGTCCAG,0,1270207
ftsKp2,0.3333333333333333,2,2,ACCGACCACCTCCAGCAGTA,0,1269010
ftsKp2,0.3333333333333333,2,2,ACCGAATGCACAGACAAGGT,0,1270112
ftsKp2,0.3333333333333333,2,2,ACCCGTGCCTTTAACTTCTC,0,1259554
ftsKp2,0.3333333333333333,2,2,ACCCCTGAATCTATTACGGC,0,1255572
ftsKp2,0.3333333333333333,2,2,ACCCCGATAGATAGACACCA,0,1249092
ftsKp2,0.3333333333333333,2,2,ACCCATGTACGATATTGGCC,0,1247618
ftsKp2,0.3333333333333333,2,2,ACCCACACGTTTAAATACTT,0,1240760
ftsKp2,0.3333333333333333,2,2,ACCATTTGAAGTCAGTGTTG,0,1243402
ftsKp2,0.3333333333333333,2,2,ACCATTTAGTTGTCCCGGAA,0,1267159
ftsKp2,0.3333333333333333,2,2,ACCATGCTCAATTTCGACTA,0,1239475
ftsKp2,0.3333333333333333,2,2,ACCAGGTGGGAGAAGAGTGA,0,1247548
ftsKp2,0.3333333333333333,2,2,ACCAGAACGTCGAGCATTCC,0,1261402
ftsKp2,0.3333333333333333,2,2,ACATTATCTTGTAGCGACAA,0,1266538
ftsKp2,0.3333333333333333,2,2,ACATGTTGTTTGAATACTAA,0,1249939
ftsKp2,0.3333333333333333,2,2,ACATGTGCTAACCTGGTACC,0,1255710
ftsKp2,0.3333333333333333,2,2,ACATAGGACGTGATTCCTCC,0,1255122
ftsKp2,0.3333333333333333,2,2,ACATACTGGGTTGAAAGACA,0,1270892
ftsKp2,0.3333333333333333,2,2,ACAGTGAAAACGACTACCTA,0,1252997
ftsKp2,0.3333333333333333,2,2,ACAGGTATATGAGTATGTGA,0,1251139
ftsKp2,0.3333333333333333,2,2,ACAGGTAAAAACCGAAAAGC,0,1258592
ftsKp2,0.3333333333333333,2,2,ACAGGGTCAACCATTTTCAG,0,1240930
ftsKp2,0.3333333333333333,2,2,ACAGGCATTTACTCCCACTG,0,1243149
ftsKp2,0.3333333333333333,2,2,ACAGCTGGGGACATCTATAC,0,1245568
ftsKp2,0.3333333333333333,2,2,ACAGCGCTCTGCGCCTTGCC,0,1251094
ftsKp2,0.3333333333333333,2,2,ACAGCCGGGATCCACGCGAA,0,1244239
ftsKp2,0.3333333333333333,2,2,ACACTTAGCGGCTTCCGCGT,0,1249216
ftsKp2,0.3333333333333333,2,2,ACACTTAAGCTGATAGAAGT,0,1266748
ftsKp2,0.3333333333333333,2,2,ACACTAACTTCTAATACAAC,0,1264377
ftsKp2,0.3333333333333333,2,2,ACACCTGTCTTGAGGCAAGC,0,1245211
ftsKp2,0.3333333333333333,2,2,ACACCGCGTTAAGCGTGTCT,0,1243398
ftsKp2,0.3333333333333333,2,2,ACACCACATCTGAAAATCAA,0,1260401
ftsKp2,0.3333333333333333,2,2,ACACATTAGAAGGTTATCAA,0,1246088
ftsKp2,0.3333333333333333,2,2,ACACACACCCATGGGTCTAA,0,1251075
ftsKp2,0.3333333333333333,2,2,ACAATTAATTGCACGTCAGC,0,1260052
ftsKp2,0.3333333333333333,2,2,ACAATCCGCGCATCTACTCA,0,1269264
ftsKp2,0.3333333333333333,2,2,ACAAGGATAATAAGCACATG,0,1265042
ftsKp2,0.3333333333333333,2,2,ACAACAAAACCCGGGGGGAT,0,1243112
ftsKp2,0.3333333333333333,2,2,AATTCGGAGTCCCTGGGTCT,0,1251159
ftsKp2,0.3333333333333333,2,2,AATTAGTCCTTGGCACTCTT,0,1260901
ftsKp2,0.3333333333333333,2,2,AATTAGTCCCTCGTTAGACG,0,1268706
ftsKp2,0.3333333333333333,2,2,AATTAATGGGCCGGCGACAT,0,1242065
ftsKp2,0.3333333333333333,2,2,AATGTTTCAGGAGGTATTTG,0,1248782
ftsKp2,0.3333333333333333,2,2,AATGGTGTAAACCCAACTGA,0,1241906
ftsKp2,0.3333333333333333,2,2,AATGCGGGATACGACAAATA,0,1247329
ftsKp2,0.3333333333333333,2,2,AATGAGCCGAATATAAGTAC,0,1242059
ftsKp2,0.3333333333333333,2,2,AATGACCTGATATACAGAAC,0,1270397
ftsKp2,0.3333333333333333,2,2,AATGAACACGGCCTGTCAAG,0,1246244
ftsKp2,0.3333333333333333,2,2,AATCTGCCGGGACGTTGAGA,0,1255837
ftsKp2,0.3333333333333333,2,2,AATCGGTAGTCTCGTATTTG,0,1265732
ftsKp2,0.3333333333333333,2,2,AATAGTATAAGAAAGAGATA,0,1246542
ftsKp2,0.3333333333333333,2,2,AATACGATCCTGTACAAATC,0,1248777
ftsKp2,0.3333333333333333,2,2,AATACGAACAGGCCCATGTA,0,1270732
ftsKp2,0.3333333333333333,2,2,AATAAGTACGGTCCTCCGTA,0,1247724
ftsKp2,0.3333333333333333,2,2,AAGTTCGCATAAAGTGAGCA,0,1245423
ftsKp2,0.3333333333333333,2,2,AAGTGTCGGTTCCAAGATCT,0,1257794
ftsKp2,0.3333333333333333,2,2,AAGTGAAGGCATAAATGTTC,0,1265330
ftsKp2,0.3333333333333333,2,2,AAGTCAAGGCGTTTCTGGAG,0,1263473
ftsKp2,0.3333333333333333,2,2,AAGTAAGTACATAGCAATAT,0,1243800
ftsKp2,0.3333333333333333,2,2,AAGGGTTCATCACATGCATG,0,1247061
ftsKp2,0.3333333333333333,2,2,AAGGCTGTGGGGCTTGATGT,0,1268690
ftsKp2,0.3333333333333333,2,2,AAGGAACGCGTGCAAGCAAG,0,1265708
ftsKp2,0.3333333333333333,2,2,AAGCTCTAGCGAACTCTACA,0,1271010
ftsKp2,0.3333333333333333,2,2,AAGCCGATCGTCACCGCAGT,0,1259921
ftsKp2,0.3333333333333333,2,2,AAGATTTGAGCAGGAGACTC,0,1254602
ftsKp2,0.3333333333333333,2,2,AAGAGTCCCGCTTGGGGGTC,0,1265905
ftsKp2,0.3333333333333333,2,2,AAGACGCAATTAATGTGACC,0,1244078
ftsKp2,0.3333333333333333,2,2,AACTTTGTTCTGAGGGAGCT,0,1240352
ftsKp2,0.3333333333333333,2,2,AACTGGTTCGGGCTTTATCA,0,1268441
ftsKp2,0.3333333333333333,2,2,AACTGCCCCCACAGGACATT,0,1267907
ftsKp2,0.3333333333333333,2,2,AACTCAATAGGAACAGTGAA,0,1239920
ftsKp2,0.3333333333333333,2,2,AACTATCGCAAGTCATGCTC,0,1243347
ftsKp2,0.3333333333333333,2,2,AACGTTCTGGCATACTTTTC,0,1263665
ftsKp2,0.3333333333333333,2,2,AACGGGGCCAGTTGTCACCC,0,1245892
ftsKp2,0.3333333333333333,2,2,AACGGGATCTTCCCGTATAA,0,1244492
ftsKp2,0.3333333333333333,2,2,AACGCGGCGCTACGAAGATG,0,1251668
ftsKp2,0.3333333333333333,2,2,AACGATAACGCGGGGGAACT,0,1264183
ftsKp2,0.3333333333333333,2,2,AACCTGGTGAACAGATTCTT,0,1242649
ftsKp2,0.3333333333333333,2,2,AACCTGGGGAACCCCAACTG,0,1265080
ftsKp2,0.3333333333333333,2,2,AACCTGGGCAGTGCGGGTAG,0,1251731
ftsKp2,0.3333333333333333,2,2,AACCTCCGGACAGCGTAAAT,0,1262038
ftsKp2,0.3333333333333333,2,2,AACCTATACAATAATGGTGT,0,1265962
ftsKp2,0.3333333333333333,2,2,AACCGATTGGGTTCAACACA,0,1267351
ftsKp2,0.3333333333333333,2,2,AACCCTATCCTCGCCCGTAT,0,1261231
ftsKp2,0.3333333333333333,2,2,AACCATGGTCAGCACACACA,0,1240267
ftsKp2,0.3333333333333333,2,2,AACCATAGTGTTTCTCTGGA,0,1260175
ftsKp2,0.3333333333333333,2,2,AACCAGGGTGCTAACATAAC,0,1254543
ftsKp2,0.3333333333333333,2,2,AACATATCATTCCTTGTTCA,0,1246565
ftsKp2,0.3333333333333333,2,2,AACAATACGAGACTGCGTAG,0,1247538
ftsKp2,0.3333333333333333,2,2,AACAAACGGTTAGTGCGATG,0,1266510
ftsKp2,0.3333333333333333,2,2,AAATTTTAGGTGCGAGGAGT,0,1262702
ftsKp2,0.3333333333333333,2,2,AAATTTTAACGCCACTATAG,0,1256525
ftsKp2,0.3333333333333333,2,2,AAATTGAGGCCGCGGGATTT,0,1240622
ftsKp2,0.3333333333333333,2,2,AAATTCAGTCTACGAAAATA,0,1265291
ftsKp2,0.3333333333333333,2,2,AAATGTAAAGTTTCAGACTA,0,1262030
ftsKp2,0.3333333333333333,2,2,AAATCGGCAAGCGTTATCTA,0,1256803
ftsKp2,0.3333333333333333,2,2,AAAGTAAACAAACTCTTTCC,0,1241275
ftsKp2,0.3333333333333333,2,2,AAAGGTCAACACACTCGGGT,0,1241889
ftsKp2,0.3333333333333333,2,2,AAAGGATCGCCTGTAAGAGT,0,1271031
ftsKp2,0.3333333333333333,2,2,AAAGGACCAACCGAAGAGCA,0,1250432
ftsKp2,0.3333333333333333,2,2,AAACGCCGCACCTCGCGTAT,0,1253989
ftsKp2,0.3333333333333333,2,2,AAACCTTGACCGCGTATGAG,0,1260203
ftsKp2,0.3333333333333333,2,2,AAACCGCTGGACTAGGTAGA,0,1253331
ftsKp2,0.3333333333333333,2,2,AAACCGCTCAGATTGTCCCA,0,1243872
ftsKp2,0.3333333333333333,2,2,AAACCCAAAGGCTCTAATGT,0,1251181
ftsKp2,0.3333333333333333,2,2,AAACAGAACTTGTCACCGTG,0,1255904
ftsKp2,0.3333333333333333,2,2,AAACACTATTCTACTTCTCG,0,1262667
ftsKp2,0.3333333333333333,2,2,AAAATGATATATCATCCGTG,0,1254988
ftsKp2,0.3333333333333333,2,2,AAAAGCGGCAAGTTCGACAC,0,1242917
ftsKp2,0.3333333333333333,2,2,AAAACGGTGGCAGTTAGCCT,0,1245134
ftsKp2,0.3333333333333333,2,2,AAAAATAACCAACTAATTCG,0,1239905
ftsKp2,0.3333333333333333,2,2,AAAAAAACCGGGTGAAGAAT,0,1259250
ftsKp2,0.5,1,1,TTTTTCAGGACGCGTGCAGT,0,1259347
ftsKp2,0.5,1,1,TTTTTACGTCACTGTTGAAA,0,1267464
ftsKp2,0.5,1,1,TTTTTACGCCCTCGATACTA,0,1266890
ftsKp2,0.5,1,1,TTTTGTAGAGAAGAGCCTCA,0,1246709
ftsKp2,0.5,1,1,TTTTGGATCTAAAGGATTCT,0,1251485
ftsKp2,0.5,1,1,TTTTGGAACATTTAAAGGTA,0,1246110
ftsKp2,0.5,1,1,TTTTGCGTAGGCAGAACCAA,0,1251509
ftsKp2,0.5,1,1,TTTTGCGCGGGATGACCGGT,0,1251418
ftsKp2,0.5,1,1,TTTTGAGTCACATCTGAACC,0,1259388
ftsKp2,0.5,1,1,TTTTGAATATTCACACTCTC,0,1242295
ftsKp2,0.5,1,1,TTTTCCGCGGGGCGCGTAGG,0,1269369
ftsKp2,0.5,1,1,TTTTCCCTACTGTTCATGCT,0,1271100
ftsKp2,0.5,1,1,TTTTACAGGAGGATCGATCT,0,1253890
ftsKp2,0.5,1,1,TTTGGGCTGTCCTTCAAACA,0,1248841
ftsKp2,0.5,1,1,TTTGCTATTTGGGGAAAGAT,0,1264164
ftsKp2,0.5,1,1,TTTGAGCTCGCTATGTAAGG,0,1270369
ftsKp2,0.5,1,1,TTTGAATATAAGTTCACATC,0,1251294
ftsKp2,0.5,1,1,TTTGAACGTGTGTAGTAGAC,0,1259671
ftsKp2,0.5,1,1,TTTCTGTTCGGTGGCCAACC,0,1266973
ftsKp2,0.5,1,1,TTTCTCTAAAGCGGCAAGGA,0,1243817
ftsKp2,0.5,1,1,TTTCTCGTTTCCGCGACTGC,0,1262252
ftsKp2,0.5,1,1,TTTCGGGATCAGGTTGCGCA,0,1269209
ftsKp2,0.5,1,1,TTTCGCTTTACTTAGTCGTA,0,1253569
ftsKp2,0.5,1,1,TTTCGCAGACGCGTACGACG,0,1255947
ftsKp2,0.5,1,1,TTTCCTGGTCGGTGAATTTC,0,1240228
ftsKp2,0.5,1,1,TTTCCTACTCAAAAGCTAGC,0,1239609
ftsKp2,0.5,1,1,TTTCCCTGGATAGCACGGAT,0,1243691
ftsKp2,0.5,1,1,TTTCAGTGGAGGACATCTCT,0,1270689
ftsKp2,0.5,1,1,TTTCACAGGGTCCAGACTCG,0,1245634
ftsKp2,0.5,1,1,TTTAGTCGTACGGCGAGGTC,0,1246443
ftsKp2,0.5,1,1,TTTAGTCGGCCGTGCTCAGG,0,1249286
ftsKp2,0.5,1,1,TTTAGGCGTAGATTTGAGGT,0,1241516
ftsKp2,0.5,1,1,TTTAAGCATCGACTGACGGG,0,1265938
ftsKp2,0.5,1,1,TTTAAAACAATTTAGCATAT,0,1248912
ftsKp2,0.5,1,1,TTGTTACCGGAGTCAACCCT,0,1268550
ftsKp2,0.5,1,1,TTGTGGATCAGCTCCTTGGA,0,1269317
ftsKp2,0.5,1,1,TTGTGAGTACACTCAGAATG,0,1265319
ftsKp2,0.5,1,1,TTGTCGCTCGATCGAACTCA,0,1246947
ftsKp2,0.5,1,1,TTGTCATATGTTGTGCATGT,0,1241760
ftsKp2,0.5,1,1,TTGGGGGGAGTAATTGATGC,0,1240849
ftsKp2,0.5,1,1,TTGGGAGCGTTCTGCCATTG,0,1257023
ftsKp2,0.5,1,1,TTGGGAGCGTGGGATTGATC,0,1247665
ftsKp2,0.5,1,1,TTGGCCTGGAGAATCTGTCA,0,1269803
ftsKp2,0.5,1,1,TTGGCCACGCAGCGCAGGTA,0,1268566
ftsKp2,0.5,1,1,TTGGCACTTCAAATCTCCCC,0,1257449
ftsKp2,0.5,1,1,TTGGATAGGGCAATCGACAG,0,1253519
ftsKp2,0.5,1,1,TTGGACTTGTGATATGCTAA,0,1239952
ftsKp2,0.5,1,1,TTGCTTGGGAGAACAGCGCT,0,1264753
ftsKp2,0.5,1,1,TTGCTAGAGGTGACTCGTAA,0,1249321
ftsKp2,0.5,1,1,TTGCGGGATGCGTTATGACT,0,1241178
ftsKp2,0.5,1,1,TTGCGGACGAGGGGCCATCT,0,1251669
ftsKp2,0.5,1,1,TTGCCCTATGGTTATCTGTT,0,1265968
ftsKp2,0.5,1,1,TTGCCCGTGCTTCACTTCAT,0,1242455
ftsKp2,0.5,1,1,TTGCCCAGCAGAGGTTTTAG,0,1265340
ftsKp2,0.5,1,1,TTGCCAGGAAGTGTGCCTGA,0,1264747
ftsKp2,0.5,1,1,TTGATTCCACGTACGGACAC,0,1243564
ftsKp2,0.5,1,1,TTGATGTACGTTCGGAGTCC,0,1245458
ftsKp2,0.5,1,1,TTGATGGCTCGCAAGGAGAA,0,1255121
ftsKp2,0.5,1,1,TTGACACGGCAGGAACTTGT,0,1266412
ftsKp2,0.5,1,1,TTGACACAATGGGTTGCAGC,0,1247299
ftsKp2,0.5,1,1,TTCTTCTGGGCCACGCCTTA,0,1267185
ftsKp2,0.5,1,1,TTCTGTTCACTTGTCTTGAT,0,1267430
ftsKp2,0.5,1,1,TTCTGTTCAAGACGCAACGA,0,1253377
ftsKp2,0.5,1,1,TTCTGTAGATAAAGAGATAC,0,1249245
ftsKp2,0.5,1,1,TTCTGTAAAACGGTGGTAGT,0,1260102
ftsKp2,0.5,1,1,TTCTCCATTCCCGACTAAGT,0,1270165
ftsKp2,0.5,1,1,TTCTAGGAGATGCATTGATT,0,1265823
ftsKp2,0.5,1,1,TTCTAAGAGCCAGTTACGTC,0,1247517
ftsKp2,0.5,1,1,TTCGTTTGAGGGTTGCCGCA,0,1254732
ftsKp2,0.5,1,1,TTCGTTTCTACTCCACGTAA,0,1258116
ftsKp2,0.5,1,1,TTCGTGCGGATGCGAATTTC,0,1268071
ftsKp2,0.5,1,1,TTCGGCTCTACCGCGGCCGT,0,1248717
ftsKp2,0.5,1,1,TTCGAAAACGATTCCACGAC,0,1242969
ftsKp2,0.5,1,1,TTCCTGGTTCCGTTACAGAC,0,1251657
ftsKp2,0.5,1,1,TTCCTATCGGGTAGCATTGC,0,1243880
ftsKp2,0.5,1,1,TTCCTAATCATTTGTTGGCC,0,1266724
ftsKp2,0.5,1,1,TTCCGGGCGTCACCCGGATG,0,1250985
ftsKp2,0.5,1,1,TTCATCCATTCAGTGGCGGG,0,1255893
ftsKp2,0.5,1,1,TTCAGAGCGATACAATTAGG,0,1244516
ftsKp2,0.5,1,1,TTCACAAACCCATGGGATTA,0,1252636
ftsKp2,0.5,1,1,TTCAATGACCCTTGTAATGC,0,1247153
ftsKp2,0.5,1,1,TTCAACCTAAAGTTGCCCAT,0,1258224
ftsKp2,0.5,1,1,TTCAAATATACGTATTTCTC,0,1262522
ftsKp2,0.5,1,1,TTATTGGCTGACAATGGCGG,0,1252411
ftsKp2,0.5,1,1,TTATTAGAGTATTCTGACGC,0,1251990
ftsKp2,0.5,1,1,TTATTAAATGCCGACGCACC,0,1243185
ftsKp2,0.5,1,1,TTATGCAATATGGGGTACAC,0,1243320
ftsKp2,0.5,1,1,TTATCGTGCAAAGTGACTCA,0,1260115
ftsKp2,0.5,1,1,TTATCGGGGTAGTATGGAAA,0,1248913
ftsKp2,0.5,1,1,TTATCCGCCAGAAATTGTGC,0,1253535
ftsKp2,0.5,1,1,TTAGTGGCTTAGTCATATTT,0,1252515
ftsKp2,0.5,1,1,TTAGTACAGTTAACAAACAG,0,1269220
ftsKp2,0.5,1,1,TTAGGTGCGCGCACTTTGCC,0,1251420
ftsKp2,0.5,1,1,TTAGGTGCATAGAGACCCGC,0,1252768
ftsKp2,0.5,1,1,TTAGGGTACTGGTGGTGTCT,0,1250811
ftsKp2,0.5,1,1,TTAGGGACAGCCTCGTGTAT,0,1244528
ftsKp2,0.5,1,1,TTAGCAGCAGGAACTTCGCA,0,1240866
ftsKp2,0.5,1,1,TTAGATTGCTTATCGAGTGC,0,1264925
ftsKp2,0.5,1,1,TTAGACGTCACCCGATCCCG,0,1257964
ftsKp2,0.5,1,1,TTAGACCCAATACAAGATGT,0,1250600
ftsKp2,0.5,1,1,TTACTGACGGCGTTTCTGAT,0,1263680
ftsKp2,0.5,1,1,TTACAGGGGAGCGCCACTGA,0,1247940
ftsKp2,0.5,1,1,TTACACGCCGCGGACGATTA,0,1260329
ftsKp2,0.5,1,1,TTAAGCTTGAGACGATGAAC,0,1244482
ftsKp2,0.5,1,1,TTAACTGGATCGTAGAAGGT,0,1264115
ftsKp2,0.5,1,1,TTAACGAAGTGCTTTTTTAA,0,1241465
ftsKp2,0.5,1,1,TTAACAGGGTCGCTCGAAAA,0,1265298
ftsKp2,0.5,1,1,TTAAATGCTCTGATTAGGCG,0,1266130
ftsKp2,0.5,1,1,TTAAACGTGCACGTGACAGA,0,1270667
ftsKp2,0.5,1,1,TTAAACGATCCGAGAACAGC,0,1262872
ftsKp2,0.5,1,1,TGTTTCCACAGCAGTCGCAT,0,1269017
ftsKp2,0.5,1,1,TGTTGTGAGAGCGCAAACCA,0,1264806
ftsKp2,0.5,1,1,TGTTGGGAAGATTTAATGAC,0,1243974
ftsKp2,0.5,1,1,TGTTGCCATATATGGTACAG,0,1246572
ftsKp2,0.5,1,1,TGTTCTGAGCTTGACCTGGC,0,1253497
ftsKp2,0.5,1,1,TGTTCTCTTTGTCATGTATG,0,1270832
ftsKp2,0.5,1,1,TGTTCGCGCTCGTCTTGGGA,0,1265795
ftsKp2,0.5,1,1,TGTTCATCTATCTTTCTTTT,0,1261474
ftsKp2,0.5,1,1,TGTGTCTATGTCCAACATGT,0,1267427
ftsKp2,0.5,1,1,TGTGGTTCATGGGGTACGCT,0,1253614
ftsKp2,0.5,1,1,TGTGGAGGTTCCTGTGTTGT,0,1253732
ftsKp2,0.5,1,1,TGTGCATCGCTAGGCCGAAC,0,1263228
ftsKp2,0.5,1,1,TGTGATGTGTCCTGTGGTCG,0,1246296
ftsKp2,0.5,1,1,TGTGATCACCTAGATGGGTT,0,1270430
ftsKp2,0.5,1,1,TGTGACCATCATAGACTAAA,0,1241539
ftsKp2,0.5,1,1,TGTGACACCTTCGTCCCTGA,0,1266601
ftsKp2,0.5,1,1,TGTCTCTGTTACGTGCTAAG,0,1247309
ftsKp2,0.5,1,1,TGTCTAAGAGAAACTAATAG,0,1259122
ftsKp2,0.5,1,1,TGTCATTTCAGGAGCTCAGA,0,1266940
ftsKp2,0.5,1,1,TGTCAGTACCCACATTCAAA,0,1242880
ftsKp2,0.5,1,1,TGTCAACATCCAATGGCTAA,0,1258254
ftsKp2,0.5,1,1,TGTATGTTGGTGTGTTCAGG,0,1246354
ftsKp2,0.5,1,1,TGTATAGGGAGGGTGTGCGT,0,1239607
ftsKp2,0.5,1,1,TGTAGGAATGTATGCTAGGG,0,1265650
ftsKp2,0.5,1,1,TGTACGAACGTTCGCGTACA,0,1266658
ftsKp2,0.5,1,1,TGTACAGATGAGAGTACGGT,0,1265013
ftsKp2,0.5,1,1,TGTAATAGTTTAGGCCCAAC,0,1259540
ftsKp2,0.5,1,1,TGTAAGCGCGACATGGGGCA,0,1266635
ftsKp2,0.5,1,1,TGTAAGATCGGTTCGACGCT,0,1252533
ftsKp2,0.5,1,1,TGTAACCCCCTTTCTCGATC,0,1245063
ftsKp2,0.5,1,1,TGGTTGTGTTAATTATCGTG,0,1254196
ftsKp2,0.5,1,1,TGGTTGGCATAGAAACAACT,0,1270818
ftsKp2,0.5,1,1,TGGTTCGCTGCCGGAATAAT,0,1257713
ftsKp2,0.5,1,1,TGGTGGCCTTGCAGGGATAT,0,1257734
ftsKp2,0.5,1,1,TGGTGGCAATACGTGATTTT,0,1263010
ftsKp2,0.5,1,1,TGGTGCTGAATAACATCACT,0,1246504
ftsKp2,0.5,1,1,TGGTCATCGCCACTTCGCAT,0,1254476
ftsKp2,0.5,1,1,TGGTATGACTTAGAAATTGG,0,1257605
ftsKp2,0.5,1,1,TGGTAGACCCCGCGCGGCTC,0,1255223
ftsKp2,0.5,1,1,TGGTAATTCTGGAGTAGAGC,0,1255037
ftsKp2,0.5,1,1,TGGTAAATCCAGGGACAGCC,0,1260934
ftsKp2,0.5,1,1,TGGGTTCGGCTTCATTTTAA,0,1259109
ftsKp2,0.5,1,1,TGGGGGTAACGCAGATCTCA,0,1257969
ftsKp2,0.5,1,1,TGGGGCCAGGGTGCCGTGCG,0,1262689
ftsKp2,0.5,1,1,TGGGCGTCCCGAGCGGCCAA,0,1239743
ftsKp2,0.5,1,1,TGGGCGAGGTTAGGCAGAAC,0,1267007
ftsKp2,0.5,1,1,TGGGCCGCGTTTTTGCTTAA,0,1254622
ftsKp2,0.5,1,1,TGGGAACTAAGTATTGAGCG,0,1253533
ftsKp2,0.5,1,1,TGGCTGTCCCGTCACCGTCA,0,1265836
ftsKp2,0.5,1,1,TGGCTGCCTGGATGAGCCTG,0,1241414
ftsKp2,0.5,1,1,TGGCGTGGCATTTCCGGAGA,0,1265928
ftsKp2,0.5,1,1,TGGCGCCAAACCACGGATTC,0,1240043
ftsKp2,0.5,1,1,TGGCCGCAATTTGCTACCTT,0,1269096
ftsKp2,0.5,1,1,TGGCCAGTTCGAGTTTCTAA,0,1254355
ftsKp2,0.5,1,1,TGGCATAGGTGGCGTATCAC,0,1258718
ftsKp2,0.5,1,1,TGGCAATAGGGCGCCCGAAT,0,1246306
ftsKp2,0.5,1,1,TGGATCTGTTTCTCTAAATC,0,1248695
ftsKp2,0.5,1,1,TGGAGAAGTGTGGTACGGCC,0,1265057
ftsKp2,0.5,1,1,TGGAGAACGAGTGCAGTTTA,0,1241007
ftsKp2,0.5,1,1,TGGACCCGCGTATTGCACCT,0,1269392
ftsKp2,0.5,1,1,TGGACACTGCCAGTATGATC,0,1267020
ftsKp2,0.5,1,1,TGGAATTGCCCGGAGCAAAA,0,1241873
ftsKp2,0.5,1,1,TGGAATATCAACTTTATATA,0,1244980
ftsKp2,0.5,1,1,TGGAAGGTTCGGCCAACATT,0,1243749
ftsKp2,0.5,1,1,TGGAAGAGTTAAATATTTGT,0,1244448
ftsKp2,0.5,1,1,TGGAACGCCCGTATCTCGTA,0,1248671
ftsKp2,0.5,1,1,TGCTTCTGTTCACGAAGTAG,0,1267337
ftsKp2,0.5,1,1,TGCTTCGTGACCCAGCCACC,0,1242725
ftsKp2,0.5,1,1,TGCTCAAAGGTCCGGCAACA,0,1253175
ftsKp2,0.5,1,1,TGCGTACATACTTTTAGGCC,0,1256831
ftsKp2,0.5,1,1,TGCGTAACCTACCTATACCT,0,1256088
ftsKp2,0.5,1,1,TGCGGTGTGTTACAGGCTCC,0,1248386
ftsKp2,0.5,1,1,TGCGGCTGTCGCCCGTAGGG,0,1271040
ftsKp2,0.5,1,1,TGCGCGGTGGTTCAAGATCC,0,1252965
ftsKp2,0.5,1,1,TGCGACATACTTTCTGGTCT,0,1256897
ftsKp2,0.5,1,1,TGCGAATTAAGGCCGGTACA,0,1258775
ftsKp2,0.5,1,1,TGCCTCCGACTGATAAGCTG,0,1252498
ftsKp2,0.5,1,1,TGCCTCCATCTAACGACTGA,0,1247677
ftsKp2,0.5,1,1,TGCCGCGGGCTCTGCAATTA,0,1246104
ftsKp2,0.5,1,1,TGCCCTAACCCTCCATCCCT,0,1242529
ftsKp2,0.5,1,1,TGCCCGCGAGACATTTGTCT,0,1256548
ftsKp2,0.5,1,1,TGCATGGTCAAACCTAAGAC,0,1248587
ftsKp2,0.5,1,1,TGCATAAGAGTCAAACCTGT,0,1263086
ftsKp2,0.5,1,1,TGCAGGTTATTTCTCAGGTT,0,1255222
ftsKp2,0.5,1,1,TGCACCGTATTAAAGTTTTA,0,1255793
ftsKp2,0.5,1,1,TGCAATATGGAACAGACAGC,0,1269582
ftsKp2,0.5,1,1,TGCAAGCGCGTCCATCTCGA,0,1239330
ftsKp2,0.5,1,1,TGATGGAGCGTTCGCGAACG,0,1240361
ftsKp2,0.5,1,1,TGATATAAGGCTACAAATCG,0,1242260
ftsKp2,0.5,1,1,TGAGTGGCCGTAGAGTCGAA,0,1257982
ftsKp2,0.5,1,1,TGAGTAAGCGCACTGCATTA,0,1245141
ftsKp2,0.5,1,1,TGAGGTCCCAGTCACATTTG,0,1269238
ftsKp2,0.5,1,1,TGAGGGTAGAAAATGTGTCC,0,1250622
ftsKp2,0.5,1,1,TGAGATCTGATTCATGTACA,0,1259710
ftsKp2,0.5,1,1,TGAGACATGGCTGTTGGTAA,0,1246107
ftsKp2,0.5,1,1,TGACTTTGGGGCGATCCCGA,0,1264424
ftsKp2,0.5,1,1,TGACTTCAGCGGCGCGGTCA,0,1262435
ftsKp2,0.5,1,1,TGACGCGGTGGGCGGGCGGT,0,1262449
ftsKp2,0.5,1,1,TGACCACCTGGAATCGGGAC,0,1258631
ftsKp2,0.5,1,1,TGACATGTGTACAGCTGCAA,0,1256776
ftsKp2,0.5,1,1,TGACACGTTCTTGAACGTTG,0,1267416
ftsKp2,0.5,1,1,TGAATGTGTCCGTTTTTAAC,0,1256517
ftsKp2,0.5,1,1,TGAATCGGGAATTAATTCTC,0,1254563
ftsKp2,0.5,1,1,TGAATCATGACCAGCCGGTG,0,1246804
ftsKp2,0.5,1,1,TGAAGGGATATCGGATAGGA,0,1259723
ftsKp2,0.5,1,1,TGAAGGCGTGTCGGCACACT,0,1264575
ftsKp2,0.5,1,1,TGAACTCGGTGTAGCATGCC,0,1271156
ftsKp2,0.5,1,1,TCTTTGATGTGTGGAACACA,0,1262383
ftsKp2,0.5,1,1,TCTTTCATAGTTATCCATCA,0,1264049
ftsKp2,0.5,1,1,TCTTATACTCGTCGTAGTGA,0,1269512
ftsKp2,0.5,1,1,TCTTAAGCTGGTACACAACC,0,1247491
ftsKp2,0.5,1,1,TCTGGGAAGAAACCATTCCG,0,1250710
ftsKp2,0.5,1,1,TCTGGCGGCGTCAATGATCA,0,1249503
ftsKp2,0.5,1,1,TCTGCTATAGCGGAGCCTGA,0,1263498
ftsKp2,0.5,1,1,TCTGCACCTCCATGGTCGGG,0,1253531
ftsKp2,0.5,1,1,TCTGAGGGCCGTGTTGACCC,0,1259918
ftsKp2,0.5,1,1,TCTCTTTATCTACTGGGGTT,0,1267044
ftsKp2,0.5,1,1,TCTCTTGCAGCCATCGACGT,0,1254868
ftsKp2,0.5,1,1,TCTCTCCTAACCCGCGCCAC,0,1255539
ftsKp2,0.5,1,1,TCTCTAATATAATGGGCAGG,0,1248743
ftsKp2,0.5,1,1,TCTATAAGGAAGTCATCGCG,0,1254941
ftsKp2,0.5,1,1,TCTAGTGGATCTGTGGGTTA,0,1252856
ftsKp2,0.5,1,1,TCTACGGAACCAAGCCCCGA,0,1266524
ftsKp2,0.5,1,1,TCGTGTTGAGGGACTCAGCA,0,1267153
ftsKp2,0.5,1,1,TCGTGGGATAGTACCATAGG,0,1270684
ftsKp2,0.5,1,1,TCGGTGTTCACCGTACGCTT,0,1246886
ftsKp2,0.5,1,1,TCGGGCCTGCGAGGCATTTA,0,1255702
ftsKp2,0.5,1,1,TCGGGAGGATACATAATTCA,0,1249679
ftsKp2,0.5,1,1,TCGGCGGCCAGTAATGCTAC,0,1253682
ftsKp2,0.5,1,1,TCGGCCGGTTAGGTCGTTAT,0,1267814
ftsKp2,0.5,1,1,TCGGAGAGGTTTCCGTCATC,0,1266435
ftsKp2,0.5,1,1,TCGCTTCGCCTCGGTTAGGC,0,1239634
ftsKp2,0.5,1,1,TCGCTGCACATTGCGATGTA,0,1256305
ftsKp2,0.5,1,1,TCGCTCTGGTCGGCCAAGTC,0,1252942
ftsKp2,0.5,1,1,TCGCGTGGTAGACCAGGCTA,0,1248813
ftsKp2,0.5,1,1,TCGCGTGCCATCAACGATAA,0,1265679
ftsKp2,0.5,1,1,TCGCGCCTAGTTGTGCGCTG,0,1241690
ftsKp2,0.5,1,1,TCGCCTTCAGCAAGGACAAG,0,1245329
ftsKp2,0.5,1,1,TCGCCTAGGTGCGACAACTA,0,1241144
ftsKp2,0.5,1,1,TCGCCGGGGGCTCATGATCT,0,1253518
ftsKp2,0.5,1,1,TCGCCCCGTACAGTAGCAAC,0,1251975
ftsKp2,0.5,1,1,TCGCATTTTATCTACTGGGT,0,1259686
ftsKp2,0.5,1,1,TCGATTAGCTTGCCAAGGAG,0,1263660
ftsKp2,0.5,1,1,TCGATCTCATCTGGAATAAT,0,1263517
ftsKp2,0.5,1,1,TCGATACGTGTCACAGTGGT,0,1244714
ftsKp2,0.5,1,1,TCGACGTTATCAATAGCCTC,0,1264252
ftsKp2,0.5,1,1,TCGACACTATTTTATCTAGT,0,1254823
ftsKp2,0.5,1,1,TCGAAGAGCATGAGCTTACT,0,1257624
ftsKp2,0.5,1,1,TCGAAACAGCCCGACTGGTT,0,1241123
ftsKp2,0.5,1,1,TCCTGTTCACGAAGTCAGGT,0,1253695
ftsKp2,0.5,1,1,TCCTGGTCGGCGGTGGGTCA,0,1267626
ftsKp2,0.5,1,1,TCCTGATCGCTCGTACTGCG,0,1251281
ftsKp2,0.5,1,1,TCCTGATACGAGATGCGAAA,0,1254646
ftsKp2,0.5,1,1,TCCTCTGTGCCGCTCGCAAG,0,1263458
ftsKp2,0.5,1,1,TCCTCTCTTGAGTCCAGGCC,0,1247541
ftsKp2,0.5,1,1,TCCTCGGAGACGTCGTATAG,0,1255063
ftsKp2,0.5,1,1,TCCTCCCTGCAGTGGTCGGC,0,1255578
ftsKp2,0.5,1,1,TCCTATGATGATTAGAGCCT,0,1271114
ftsKp2,0.5,1,1,TCCTATCGGGTTTCGCAGTG,0,1263788
ftsKp2,0.5,1,1,TCCTACAGTCTATTCGTACT,0,1257809
ftsKp2,0.5,1,1,TCCGTCGGCTTAACAAGGCC,0,1267482
ftsKp2,0.5,1,1,TCCGTATGCGGACGCCATCT,0,1248261
ftsKp2,0.5,1,1,TCCGTAAGGACGCAACCGCG,0,1251973
ftsKp2,0.5,1,1,TCCGCTTGTTCGTTTAAAGA,0,1262370
ftsKp2,0.5,1,1,TCCGAACCCGGTAACTCGGC,0,1247275
ftsKp2,0.5,1,1,TCCCTTGGGCCACTGATCGG,0,1253247
ftsKp2,0.5,1,1,TCCCTGTTATCCTTTTGTCT,0,1268491
ftsKp2,0.5,1,1,TCCCGGATATTGGGTCCCTC,0,1240969
ftsKp2,0.5,1,1,TCCCGGACAAGAGTAAAGTA,0,1253909
ftsKp2,0.5,1,1,TCCCCGTGGAACCATTGTTT,0,1251579
ftsKp2,0.5,1,1,TCCCCAGCCGTCTTGCATAA,0,1269902
ftsKp2,0.5,1,1,TCCCAGAGGCATACACGCTC,0,1256623
ftsKp2,0.5,1,1,TCCATATCGCGCTTTCACGA,0,1245199
ftsKp2,0.5,1,1,TCCAGTTGCACCGTTATGCT,0,1256245
ftsKp2,0.5,1,1,TCCAATCTGACGTGGTGACA,0,1245240
ftsKp2,0.5,1,1,TCCAACGTATCGTAGGCCAA,0,1267381
ftsKp2,0.5,1,1,TCATTGGTAGGGCCAGTCTT,0,1242472
ftsKp2,0.5,1,1,TCATTGCATGTAGAATCTAC,0,1269503
ftsKp2,0.5,1,1,TCATGACCACAACCAGGATA,0,1253960
ftsKp2,0.5,1,1,TCATCGGCTATGGATATTGT,0,1240169
ftsKp2,0.5,1,1,TCATCGAACGGCTGAGACAA,0,1265676
ftsKp2,0.5,1,1,TCATAGATTGCTGGGGGCAT,0,1256542
ftsKp2,0.5,1,1,TCATACATTTACTGGGAAGA,0,1241657
ftsKp2,0.5,1,1,TCAGTAGTAAGCGTACTCCT,0,1249061
ftsKp2,0.5,1,1,TCAGGTAATCCTCCAACAAA,0,1259349
ftsKp2,0.5,1,1,TCAGGCGTGGGTTCTAACAC,0,1269822
ftsKp2,0.5,1,1,TCAGCTGAGAGTGGCGATTG,0,1265788
ftsKp2,0.5,1,1,TCAGATGTTAAGTGATGTAC,0,1251268
ftsKp2,0.5,1,1,TCAGAAAAGGGCCGACCGTA,0,1258622
ftsKp2,0.5,1,1,TCACTACTGCGCTTTCGTCC,0,1251638
ftsKp2,0.5,1,1,TCACTAATTGTCACATGCTC,0,1254242
ftsKp2,0.5,1,1,TCACGCTGTTGAAGATATCA,0,1253171
ftsKp2,0.5,1,1,TCACCATGGAGTCAGCCAGG,0,1247251
ftsKp2,0.5,1,1,TCACCACGGAAAACTAGATC,0,1255620
ftsKp2,0.5,1,1,TCACAGGCAATGGCGTCTAT,0,1252794
ftsKp2,0.5,1,1,TCAATATAAGACGAGCGGAA,0,1263904
ftsKp2,0.5,1,1,TCAATAGGTGCTTCTGTGAG,0,1270906
ftsKp2,0.5,1,1,TCAATAAAATCGGAATGAAT,0,1266455
ftsKp2,0.5,1,1,TCAAGTTCACTGTCATAAAC,0,1246124
ftsKp2,0.5,1,1,TCAAGTGTAATGTCCCCTTC,0,1243376
ftsKp2,0.5,1,1,TCAAGTCTATGAATACGGAC,0,1263214
ftsKp2,0.5,1,1,TCAAGGTACTAACAGCTGAG,0,1254081
ftsKp2,0.5,1,1,TCAAGGAACGTTGGTATAGT,0,1249029
ftsKp2,0.5,1,1,TCAAGCTGGGAGCAAGGCAT,0,1246706
ftsKp2,0.5,1,1,TCAACTGAAGCAACTACGTT,0,1262633
ftsKp2,0.5,1,1,TCAACGCCAGGTACCGCCCC,0,1255996
ftsKp2,0.5,1,1,TCAACCCTACCACACTGTCG,0,1257379
ftsKp2,0.5,1,1,TCAACATGGCAGTTCAATCA,0,1266311
ftsKp2,0.5,1,1,TCAACACAAAATACTACGCC,0,1257606
ftsKp2,0.5,1,1,TATTGAGTATCAGATAATTT,0,1271158
ftsKp2,0.5,1,1,TATTCGTCCGTCGCGAACCT,0,1268729
ftsKp2,0.5,1,1,TATTCAGGCGGGCGCTCAAG,0,1260142
ftsKp2,0.5,1,1,TATTATCCCTAACGTTCTAA,0,1260609
ftsKp2,0.5,1,1,TATGTTCTCCGCCGGACAGA,0,1252114
ftsKp2,0.5,1,1,TATGTAAGGTTCCGTTAATT,0,1263521
ftsKp2,0.5,1,1,TATGTAAATCGCGCTAACCC,0,1265784
ftsKp2,0.5,1,1,TATGGAGGCGGATGAGGCGT,0,1269314
ftsKp2,0.5,1,1,TATGGAGGATGGTGGAACTG,0,1261574
ftsKp2,0.5,1,1,TATGCGGTGTGAGTGGGAAA,0,1258673
ftsKp2,0.5,1,1,TATGCCGTTGCAGAGGAGCT,0,1245923
ftsKp2,0.5,1,1,TATGCCAATTTGACACGGCC,0,1240604
ftsKp2,0.5,1,1,TATGATCACGTTGGGATTCA,0,1256952
ftsKp2,0.5,1,1,TATCTATCAAAACACAAGGT,0,1251550
ftsKp2,0.5,1,1,TATCGTGGTTACAGTTTCGG,0,1254565
ftsKp2,0.5,1,1,TATCGGGTCCACGCGCTGGG,0,1258248
ftsKp2,0.5,1,1,TATCGGACTCGCGGCCGCCA,0,1251832
ftsKp2,0.5,1,1,TATCGATTAGCCCGTTGTAA,0,1256707
ftsKp2,0.5,1,1,TATCGAGAGATATTGGCGCA,0,1245738
ftsKp2,0.5,1,1,TATCGAAGAGGAGGTACCGG,0,1260475
ftsKp2,0.5,1,1,TATCATAACCCGCTCTAAAG,0,1249354
ftsKp2,0.5,1,1,TATCAGCCGGCTTGAGGTGC,0,1242497
ftsKp2,0.5,1,1,TATATCATCTTTCTCGTGTT,0,1269889
ftsKp2,0.5,1,1,TATAGCGGCGGGTCTCCGGA,0,1263450
ftsKp2,0.5,1,1,TATACCGTATTACCCGCCAG,0,1251608
ftsKp2,0.5,1,1,TAGTGCAGACCATCCACTCC,0,1257522
ftsKp2,0.5,1,1,TAGTCCTAATTTCTGGCGGA,0,1248312
ftsKp2,0.5,1,1,TAGGTTTTGCTCATTATAGG,0,1256468
ftsKp2,0.5,1,1,TAGGTCAGATTGTATACCAT,0,1243019
ftsKp2,0.5,1,1,TAGGTAAATATCCATGTAGA,0,1242053
ftsKp2,0.5,1,1,TAGGGTGTATCGAAAAAGAA,0,1264584
ftsKp2,0.5,1,1,TAGGGACTACCGGACAACCA,0,1268439
ftsKp2,0.5,1,1,TAGGCGGATGGTGTGGAAGT,0,1241222
ftsKp2,0.5,1,1,TAGGCGGAGCGAGACGGTAC,0,1240863
ftsKp2,0.5,1,1,TAGGCGAGGCCCGAGCACAT,0,1249707
ftsKp2,0.5,1,1,TAGGATTCCCAGGTTACACC,0,1250876
ftsKp2,0.5,1,1,TAGCTTACGCGGTCACAGTA,0,1262691
ftsKp2,0.5,1,1,TAGCTGCGACTGTTTAGCAG,0,1249727
ftsKp2,0.5,1,1,TAGCTGAAAAACACAAACGG,0,1250070
ftsKp2,0.5,1,1,TAGCGTTGATCAGGCGTTCC,0,1253506
ftsKp2,0.5,1,1,TAGCGGTCAATTCAGCTCCG,0,1264151
ftsKp2,0.5,1,1,TAGCGCGATTTCGCGCCGCT,0,1258730
ftsKp2,0.5,1,1,TAGCCTCTTTTAACTTAGGT,0,1265153
ftsKp2,0.5,1,1,TAGCCCCTTAAAGATTCATT,0,1248799
ftsKp2,0.5,1,1,TAGCCCCCGCGGCATACAAC,0,1253969
ftsKp2,0.5,1,1,TAGCCAGGGTCCCAGACTAC,0,1251809
ftsKp2,0.5,1,1,TAGCATCCTTCTTAGAAGTC,0,1248735
ftsKp2,0.5,1,1,TAGCATCCCCCCGAAGACTG,0,1242898
ftsKp2,0.5,1,1,TAGCAGACTACTTCTATTCG,0,1261488
ftsKp2,0.5,1,1,TAGCAGACGTGCTTCTCACG,0,1254452
ftsKp2,0.5,1,1,TAGCACTCGAGTGTTGTATA,0,1258272
ftsKp2,0.5,1,1,TAGCACGCGTAGACCTGACC,0,1257907
ftsKp2,0.5,1,1,TAGATTTTGGCCTGATTGAG,0,1267210
ftsKp2,0.5,1,1,TAGATTTTCCTTCTCCAGCG,0,1262189
ftsKp2,0.5,1,1,TAGATGGTAGCACAAAACAA,0,1243864
ftsKp2,0.5,1,1,TAGAGGTACCATTCACTGTC,0,1256473
ftsKp2,0.5,1,1,TAGAGACCGAGCATTATTCA,0,1239517
ftsKp2,0.5,1,1,TAGAAGGACGCTAGGGGTTT,0,1247876
ftsKp2,0.5,1,1,TAGAACAACGAAGGATACAG,0,1245667
ftsKp2,0.5,1,1,TAGAACAAAGGTCTGCCCTT,0,1243470
ftsKp2,0.5,1,1,TACTGTGAGCTCGGCTTAAC,0,1268511
ftsKp2,0.5,1,1,TACTGTCGCTTCACTGGTTA,0,1258824
ftsKp2,0.5,1,1,TACTGGTTTTGCAGACCGAG,0,1254031
ftsKp2,0.5,1,1,TACTCTCTAAGTCGGCGGTG,0,1264551
ftsKp2,0.5,1,1,TACTCGAGTGAATGCAAACG,0,1253040
ftsKp2,0.5,1,1,TACTCCAGGTGACAGTAGTC,0,1249425
ftsKp2,0.5,1,1,TACTCATTGGCATCCGATGT,0,1267047
ftsKp2,0.5,1,1,TACGGTGTTTGTGTAACGTG,0,1267619
ftsKp2,0.5,1,1,TACGGGTTTACCTCCTAATT,0,1257290
ftsKp2,0.5,1,1,TACGCCGCTCGCCCTTTCCC,0,1259032
ftsKp2,0.5,1,1,TACGCCGCCTTACCAAAGGC,0,1252082
ftsKp2,0.5,1,1,TACGAAGAGCTGCATTCCGG,0,1252259
ftsKp2,0.5,1,1,TACCTGCGCGTATAGAGGGA,0,1256611
ftsKp2,0.5,1,1,TACCTCACCCGTACCCTAGT,0,1256729
ftsKp2,0.5,1,1,TACCCGTTGCTGCTCTTAGA,0,1269287
ftsKp2,0.5,1,1,TACCAGGGGCTTGCGTAATT,0,1249148
ftsKp2,0.5,1,1,TACAGGTCTAAGTTGAGAAA,0,1260802
ftsKp2,0.5,1,1,TACAGGAATCATCATTGGGT,0,1265174
ftsKp2,0.5,1,1,TACACTTCTATATCGCCGCG,0,1263109
ftsKp2,0.5,1,1,TACAATTCGGGGCACTCCTG,0,1252035
ftsKp2,0.5,1,1,TACAATCTAGCAAAGCTCTG,0,1264766
ftsKp2,0.5,1,1,TAATTCGGGGTACTACACAA,0,1257130
ftsKp2,0.5,1,1,TAATGGTGGAACGGTTTTGT,0,1247291
ftsKp2,0.5,1,1,TAATGCTAGAGCGCTCCTGT,0,1257340
ftsKp2,0.5,1,1,TAATAGTGTTGAGCATGCCC,0,1241660
ftsKp2,0.5,1,1,TAAGTGCCTAGAAATCATAG,0,1247298
ftsKp2,0.5,1,1,TAAGTGACAGGCGGCCTCGG,0,1264577
ftsKp2,0.5,1,1,TAAGTCGTACTTCCTTAGTG,0,1255944
ftsKp2,0.5,1,1,TAAGGTGTCCTAGTCCTCTC,0,1250442
ftsKp2,0.5,1,1,TAAGGTCCCCCCAGCGTACG,0,1269918
ftsKp2,0.5,1,1,TAAGGGCGTGATGCCTGCGC,0,1241398
ftsKp2,0.5,1,1,TAAGGCCGTGCCTCGTGGGG,0,1254133
ftsKp2,0.5,1,1,TAAGGCAACTGTACGACGCT,0,1253148
ftsKp2,0.5,1,1,TAAGCTGGGCTAGGCCCGTA,0,1255994
ftsKp2,0.5,1,1,TAAGATTACCAAGGCTCTGG,0,1271108
ftsKp2,0.5,1,1,TAACTTACAACACCATTCCA,0,1244618
ftsKp2,0.5,1,1,TAACGTAGATGTGGTACAGA,0,1250642
ftsKp2,0.5,1,1,TAACGAACTTCTGAATTGTC,0,1268870
ftsKp2,0.5,1,1,TAACCTCGGCCGTATATTAT,0,1245953
ftsKp2,0.5,1,1,TAACCCACCTGCCAAGGGGA,0,1245597
ftsKp2,0.5,1,1,TAACACGCACTAAGTTCTTG,0,1245799
ftsKp2,0.5,1,1,TAACAATGTCGTGTAAGCAT,0,1257650
ftsKp2,0.5,1,1,TAAATATCCGAGGCGCTGAC,0,1266199
ftsKp2,0.5,1,1,TAAAGGCTCGTGAAGCCTAG,0,1243566
ftsKp2,0.5,1,1,TAAACCACACCTATTGCTTG,0,1249140
ftsKp2,0.5,1,1,TAAACAAATAACGGCGGCTC,0,1260724
ftsKp2,0.5,1,1,TAAAAGCGATATGCGCTGTT,0,1267801
ftsKp2,0.5,1,1,TAAAACAACCGCTCCGAAAG,0,1268638
ftsKp2,0.5,1,1,GTTTTGTTAGTCTGTCCAGA,0,1259332
ftsKp2,0.5,1,1,GTTTTCATACTGCAAACCGG,0,1249935
ftsKp2,0.5,1,1,GTTTGGGGTCAGGATATTGT,0,1259033
ftsKp2,0.5,1,1,GTTTGGGAATGTACGCACCG,0,1260030
ftsKp2,0.5,1,1,GTTTCGCCTGTTGCGTCCGG,0,1261501
ftsKp2,0.5,1,1,GTTTCCGCACAAAGGCTCAG,0,1257845
ftsKp2,0.5,1,1,GTTTCAGGCTTTGTCTCTTC,0,1243606
ftsKp2,0.5,1,1,GTTTAGTAATGCCGAGTAGA,0,1249312
ftsKp2,0.5,1,1,GTTTAGGGACCTCCCCGGAC,0,1266941
ftsKp2,0.5,1,1,GTTTAGGCTTTTTTTCGACA,0,1239585
ftsKp2,0.5,1,1,GTTTAAGGTAGTATCACTAG,0,1253892
ftsKp2,0.5,1,1,GTTGTTTGAATGTCACTGCC,0,1247043
ftsKp2,0.5,1,1,GTTGCGCTTCCCGGTCTTGA,0,1259649
ftsKp2,0.5,1,1,GTTGCCGGAATATTATTTTA,0,1251092
ftsKp2,0.5,1,1,GTTGAGGCTCCCGCACTATA,0,1244418
ftsKp2,0.5,1,1,GTTCTATTTTTGTCTTACGC,0,1263893
ftsKp2,0.5,1,1,GTTCTACTCGAGTAGAACAT,0,1259993
ftsKp2,0.5,1,1,GTTCGCCCCGTTTGTTCGGG,0,1242243
ftsKp2,0.5,1,1,GTTCCGTAACGTGCCGTGGT,0,1239608
ftsKp2,0.5,1,1,GTTCCGCCCGAAGTCAACCT,0,1254606
ftsKp2,0.5,1,1,GTTCACTGCAATAGTGAGAT,0,1270770
ftsKp2,0.5,1,1,GTTCAAAGTAGATCGCGGTT,0,1255657
ftsKp2,0.5,1,1,GTTATTACCGCAACTATGAG,0,1247311
ftsKp2,0.5,1,1,GTTATGGCATCCTGGATGCT,0,1247700
ftsKp2,0.5,1,1,GTTATGCGGTTCGGTAGCAC,0,1257021
ftsKp2,0.5,1,1,GTTATGCGGTATCGGGGATA,0,1250702
ftsKp2,0.5,1,1,GTTAGCGCCGTATTTTGGCA,0,1259785
ftsKp2,0.5,1,1,GTTACTTGCATAGGTTCCTT,0,1255691
ftsKp2,0.5,1,1,GTTACCTAACTTTCATTTTA,0,1260751
ftsKp2,0.5,1,1,GTTAATACGAGATTCTGAAC,0,1240401
ftsKp2,0.5,1,1,GTTAACCTCGTTGGGTGGAG,0,1263667
ftsKp2,0.5,1,1,GTTAAAAGCTTGGGAAGAGG,0,1265866
ftsKp2,0.5,1,1,GTTAAAAACAGTACGTCCGC,0,1266261
ftsKp2,0.5,1,1,GTGTTAGTGCGGTGGATGTC,0,1243298
ftsKp2,0.5,1,1,GTGTGTCTGGTGGTACCACC,0,1268025
ftsKp2,0.5,1,1,GTGTCTGGCTGCATAGCCAC,0,1242630
ftsKp2,0.5,1,1,GTGTCTGAGCAAGACCCGCC,0,1246441
ftsKp2,0.5,1,1,GTGTCATGGTTTACGGTACA,0,1240004
ftsKp2,0.5,1,1,GTGTATAGCAAAAAATACTA,0,1268007
ftsKp2,0.5,1,1,GTGTATACATGAATCGGCCC,0,1256045
ftsKp2,0.5,1,1,GTGTAGTTAGGCAGGGTCGA,0,1258171
ftsKp2,0.5,1,1,GTGTAAAACAATTAGATTGT,0,1260435
ftsKp2,0.5,1,1,GTGGTAATGGTTGGCACGGT,0,1258727
ftsKp2,0.5,1,1,GTGGTAAGCACAGTAAGGAA,0,1265164
ftsKp2,0.5,1,1,GTGGGGGCAAGATGGGCCTA,0,1246167
ftsKp2,0.5,1,1,GTGGGCTGACAGACGGTCCA,0,1248337
ftsKp2,0.5,1,1,GTGGCGGCTTGAGTTATAAA,0,1263962
ftsKp2,0.5,1,1,GTGGATACCGGGGGGGTCTA,0,1240957
ftsKp2,0.5,1,1,GTGCTCCTACCATTCCCACT,0,1251449
ftsKp2,0.5,1,1,GTGCTCACCCCGTCACTGTT,0,1243589
ftsKp2,0.5,1,1,GTGCGGCGAGTATAATAAGT,0,1258785
ftsKp2,0.5,1,1,GTGCCCTCTAGCCGCGTCTG,0,1249755
ftsKp2,0.5,1,1,GTGCCAGTAGGGATAGGGCC,0,1247608
ftsKp2,0.5,1,1,GTGCAAAGATCGATCGGTGA,0,1270805
ftsKp2,0.5,1,1,GTGATTGGCGCCGGTTCAGG,0,1262646
ftsKp2,0.5,1,1,GTGATTGCTTTCACCCGCGC,0,1247504
ftsKp2,0.5,1,1,GTGATTCAACTGGTTCGATG,0,1243419
ftsKp2,0.5,1,1,GTGAGGTTTGTCTGGCAAAC,0,1252729
ftsKp2,0.5,1,1,GTGACGCTGTAATGTGTAAT,0,1249664
ftsKp2,0.5,1,1,GTGACGCCCAGTAGCAGGCT,0,1259305
ftsKp2,0.5,1,1,GTGAACCAATTTGATCATAC,0,1269009
ftsKp2,0.5,1,1,GTGAACATGTGGTCCTTGAA,0,1260617
ftsKp2,0.5,1,1,GTCTGGTCGTCGATCCAATT,0,1264214
ftsKp2,0.5,1,1,GTCTCCCAGTCTCACATCCT,0,1247678
ftsKp2,0.5,1,1,GTCTCCAACCAGTACGCTGA,0,1270209
ftsKp2,0.5,1,1,GTCTCAACCTCTGCAGAGCA,0,1265738
ftsKp2,0.5,1,1,GTCTACGCACTCGGTCTGCA,0,1252830
ftsKp2,0.5,1,1,GTCTAAGACAATGCTACCGA,0,1247643
ftsKp2,0.5,1,1,GTCGTTTGCCCTCCCAACCA,0,1246736
ftsKp2,0.5,1,1,GTCGTTGTTATGATCAGAAC,0,1252923
ftsKp2,0.5,1,1,GTCGGAGCACTGGAATGCCA,0,1240643
ftsKp2,0.5,1,1,GTCGCGTAAAGAATCCAGTT,0,1255627
ftsKp2,0.5,1,1,GTCGAACAAAACTGGAAAAT,0,1241782
ftsKp2,0.5,1,1,GTCCCGTTAGTGTTAGACTG,0,1255828
ftsKp2,0.5,1,1,GTCCCGAGTTTAGCGGGTTA,0,1243618
ftsKp2,0.5,1,1,GTCCCCGCTCCTGTTTAACA,0,1248161
ftsKp2,0.5,1,1,GTCCAACACTGACGCCAGAC,0,1264196
ftsKp2,0.5,1,1,GTCAGTCCGTGGGTGCGGCT,0,1240432
ftsKp2,0.5,1,1,GTCAGCGGCCTCGGGATGAA,0,1254337
ftsKp2,0.5,1,1,GTCACGGAGCCAGGCGGGTG,0,1265287
ftsKp2,0.5,1,1,GTCACGAGTGAAAGGCAGAT,0,1248295
ftsKp2,0.5,1,1,GTCAACGGGGATTAGGCACA,0,1260086
ftsKp2,0.5,1,1,GTCAAATTCCAGGTCCACGA,0,1270170
ftsKp2,0.5,1,1,GTATTTTTTCACAGCTACGA,0,1252663
ftsKp2,0.5,1,1,GTATTGTTATTGCCAGCGAA,0,1255768
ftsKp2,0.5,1,1,GTATGCCCCCCACACAGGAG,0,1265439
ftsKp2,0.5,1,1,GTATGCACAAAGATGCGTCG,0,1246231
ftsKp2,0.5,1,1,GTATCAACAATGCGCCGCGA,0,1256306
ftsKp2,0.5,1,1,GTATATAAGGGTCGATGCAT,0,1242378
ftsKp2,0.5,1,1,GTATAGGCAATACGTTACGG,0,1267163
ftsKp2,0.5,1,1,GTATAGCCCAGGGTAAGTGA,0,1240525
ftsKp2,0.5,1,1,GTATAATACACTCCCTCCTC,0,1239310
ftsKp2,0.5,1,1,GTAGGTATATCTAGGCCAGA,0,1260625
ftsKp2,0.5,1,1,GTAGCGAACAGGGGTTGGTT,0,1269887
ftsKp2,0.5,1,1,GTAGAGTACAATTAGGGGAA,0,1245817
ftsKp2,0.5,1,1,GTAGAATGCGTACGATTGTC,0,1269063
ftsKp2,0.5,1,1,GTACGTACGTAAACAGGTTA,0,1258936
ftsKp2,0.5,1,1,GTACCTAATCTGCGGACGGT,0,1242555
ftsKp2,0.5,1,1,GTACACCTTACATTCCAGAT,0,1247196
ftsKp2,0.5,1,1,GTACACACACCCTAACTGTT,0,1254567
ftsKp2,0.5,1,1,GTAAGTGAACCTAAGAACCG,0,1246579
ftsKp2,0.5,1,1,GTAAGCGAAGTTTCAATTAT,0,1243652
ftsKp2,0.5,1,1,GTAACTAAGTACATGATGGA,0,1244005
ftsKp2,0.5,1,1,GTAACCCCCGAGGTGTTCAT,0,1258542
ftsKp2,0.5,1,1,GTAACCCCAACTATAGCGGT,0,1256510
ftsKp2,0.5,1,1,GTAAACCTCCCACGAGAGCT,0,1240439
ftsKp2,0.5,1,1,GGTTTGCTATTATTTTGGTA,0,1262385
ftsKp2,0.5,1,1,GGTTTGAAAAGCCCGTGCTT,0,1262725
ftsKp2,0.5,1,1,GGTTGTCGAGCCAACGCCAC,0,1268805
ftsKp2,0.5,1,1,GGTTGGCTCAACGATCGGCT,0,1258288
ftsKp2,0.5,1,1,GGTTCGGTCCAGGGGAGTGT,0,1257056
ftsKp2,0.5,1,1,GGTTCCGGAGCCATCATCGA,0,1253548
ftsKp2,0.5,1,1,GGTTCCGCCATCAGTCGCTG,0,1248691
ftsKp2,0.5,1,1,GGTTCATGCTCAAAAGGGAA,0,1248160
ftsKp2,0.5,1,1,GGTTCAGTGGACATAATGAT,0,1248941
ftsKp2,0.5,1,1,GGTTCAATACAGACATACGA,0,1266682
ftsKp2,0.5,1,1,GGTTACCTAGATAACGGCGC,0,1251511
ftsKp2,0.5,1,1,GGTTAACTGAAGCGCTTGTG,0,1255528
ftsKp2,0.5,1,1,GGTTAAAACGCCGACATCTA,0,1258012
ftsKp2,0.5,1,1,GGTGTCGCCTATTATACCGA,0,1250628
ftsKp2,0.5,1,1,GGTGTCGAGCGAGCAGTTGT,0,1245804
ftsKp2,0.5,1,1,GGTGTCCGAATCATGTTGTG,0,1243605
ftsKp2,0.5,1,1,GGTGTATTGTACAGAACTTT,0,1241779
ftsKp2,0.5,1,1,GGTGGGCGGTCTCCACGAGA,0,1264314
ftsKp2,0.5,1,1,GGTGGATTGCACGCCGCCAA,0,1240505
ftsKp2,0.5,1,1,GGTGCGAGCACATGCCGCTT,0,1253928
ftsKp2,0.5,1,1,GGTGCCCTTGCGTAGAGTTC,0,1252241
ftsKp2,0.5,1,1,GGTGCAGGTAGTTCAGATCC,0,1241645
ftsKp2,0.5,1,1,GGTGCAGGGACCGTCCGAGG,0,1244659
ftsKp2,0.5,1,1,GGTGAAATCCTCTTAAGGAA,0,1267094
ftsKp2,0.5,1,1,GGTCTTCTATCTTGGGAAAT,0,1248062
ftsKp2,0.5,1,1,GGTCTAAGCGTTGTGCAACT,0,1243703
ftsKp2,0.5,1,1,GGTCGGCACTCGACCTCCGA,0,1258974
ftsKp2,0.5,1,1,GGTCCGGGACCAAAGTATTG,0,1244874
ftsKp2,0.5,1,1,GGTCAGCTTTTCAGTTTTTC,0,1250162
ftsKp2,0.5,1,1,GGTATTGAAAGGTTTACGCG,0,1260796
ftsKp2,0.5,1,1,GGTATTACCGGTTACCCGCT,0,1270282
ftsKp2,0.5,1,1,GGTATGCTTGGCCAGTGGTC,0,1244746
ftsKp2,0.5,1,1,GGTATCCGGGATATCGTAAA,0,1262812
ftsKp2,0.5,1,1,GGTAGTGGCGGGCATCCCAG,0,1256188
ftsKp2,0.5,1,1,GGTAGTGCTCTTAGCATCAT,0,1239417
ftsKp2,0.5,1,1,GGTAGGCGCCGCGTACCATA,0,1263898
ftsKp2,0.5,1,1,GGTAGAATAGAAGACCCGGC,0,1256004
ftsKp2,0.5,1,1,GGTACTTTTCCTAGAGTCGT,0,1241748
ftsKp2,0.5,1,1,GGTACTAATCTGCGGATGGG,0,1254985
ftsKp2,0.5,1,1,GGTACGTTAAGGCGTACGAC,0,1256839
ftsKp2,0.5,1,1,GGTACCTGGGACTAAGTGGT,0,1246632
ftsKp2,0.5,1,1,GGTACCTGCGTTGAAACGCT,0,1257297
ftsKp2,0.5,1,1,GGTACCACGCAACAAGTTGT,0,1246998
ftsKp2,0.5,1,1,GGTACAGAATATGTATTCAT,0,1253723
ftsKp2,0.5,1,1,GGTAATCAAAGCAAATTGGT,0,1259751
ftsKp2,0.5,1,1,GGGTTTCGCTTACGCGTAAA,0,1250002
ftsKp2,0.5,1,1,GGGTTGTCCCTAAAAGAACA,0,1262191
ftsKp2,0.5,1,1,GGGTTGATAGCGTCTCTCTG,0,1251734
ftsKp2,0.5,1,1,GGGTGGATTAGTGTTCGTCT,0,1240452
ftsKp2,0.5,1,1,GGGTGGATCCTTAGGACAAA,0,1245084
ftsKp2,0.5,1,1,GGGTCGATACGAACGAAGAT,0,1248767
ftsKp2,0.5,1,1,GGGTCCTTAAGCGCGTTCGA,0,1269400
ftsKp2,0.5,1,1,GGGTAGTGTATTTACTGCGG,0,1241274
ftsKp2,0.5,1,1,GGGTACCTTACAATTGCTTC,0,1263809
ftsKp2,0.5,1,1,GGGGTTAGTGTCTTTCAAAC,0,1248684
ftsKp2,0.5,1,1,GGGGTCACACGATAGTAAGA,0,1250744
ftsKp2,0.5,1,1,GGGGGTGGGCGGTAAACCAC,0,1254266
ftsKp2,0.5,1,1,GGGGGTCGGCTTTCACGTCA,0,1259286
ftsKp2,0.5,1,1,GGGGGGTGCAAATTTGAGTA,0,1245942
ftsKp2,0.5,1,1,GGGGGCAACTATCCCCTGTA,0,1242579
ftsKp2,0.5,1,1,GGGGGATCGATCGGTACTGA,0,1255533
ftsKp2,0.5,1,1,GGGGGACGACGTCGTGAATA,0,1267147
ftsKp2,0.5,1,1,GGGGCAGTTGGACAACAAGC,0,1240527
ftsKp2,0.5,1,1,GGGGATGTACGTGGGAAAAT,0,1251708
ftsKp2,0.5,1,1,GGGGAGTGCAAACTGAACGC,0,1243655
ftsKp2,0.5,1,1,GGGGACATTTCACGACGCAG,0,1257732
ftsKp2,0.5,1,1,GGGGAAACGGTAAGCGATTT,0,1260064
ftsKp2,0.5,1,1,GGGCTGCCAAATATCAATGT,0,1254140
ftsKp2,0.5,1,1,GGGCTAGTCAAGCCGCTCGG,0,1265436
ftsKp2,0.5,1,1,GGGCGGCCTGTCAGGGTCGT,0,1249217
ftsKp2,0.5,1,1,GGGCCTCCCGAATAAGCGAC,0,1242914
ftsKp2,0.5,1,1,GGGCCGTGTGGATTGTGCTT,0,1242840
ftsKp2,0.5,1,1,GGGCCGGAACTAAACTAAAA,0,1261628
ftsKp2,0.5,1,1,GGGCATACAGTTACGTATCT,0,1266848
ftsKp2,0.5,1,1,GGGCAGACCCCGGCTGATTC,0,1266395
ftsKp2,0.5,1,1,GGGCAATCGGGGAACCAGGC,0,1268349
ftsKp2,0.5,1,1,GGGATTCTAAATAATTTCAG,0,1268306
ftsKp2,0.5,1,1,GGGATGGACGGGCCGTCCGG,0,1258614
ftsKp2,0.5,1,1,GGGATGCTGGCGAGTCCGTC,0,1255997
ftsKp2,0.5,1,1,GGGATCGGACGAGGCTTTAA,0,1253154
ftsKp2,0.5,1,1,GGGAGTACAACCTGCTAAGT,0,1242478
ftsKp2,0.5,1,1,GGGAGGCAAATGTACGGGTA,0,1258388
ftsKp2,0.5,1,1,GGGAGACTGATTACGAGTGC,0,1255462
ftsKp2,0.5,1,1,GGGACGCATTAGACTTCTGG,0,1265765
ftsKp2,0.5,1,1,GGGACCGACGATACTTCTAT,0,1254620
ftsKp2,0.5,1,1,GGGAAGGTGCGGGTTCAACA,0,1257610
ftsKp2,0.5,1,1,GGCTGGGCATCGCGTGACCT,0,1259215
ftsKp2,0.5,1,1,GGCTGGCTTACCTGGCTTTT,0,1254401
ftsKp2,0.5,1,1,GGCTCTTTGGCAGGTCAGCA,0,1270821
ftsKp2,0.5,1,1,GGCTCTGCGGACGCCCTGGC,0,1270341
ftsKp2,0.5,1,1,GGCTCTGCATAGTGTCGCAT,0,1245445
ftsKp2,0.5,1,1,GGCTCTACGTGGCATCGCCA,0,1269946
ftsKp2,0.5,1,1,GGCTATGTGATCATCTGACT,0,1253923
ftsKp2,0.5,1,1,GGCTACTGTCACCCTTGCGT,0,1267670
ftsKp2,0.5,1,1,GGCTACGTAAAAGTGGACCA,0,1244974
ftsKp2,0.5,1,1,GGCTACATTGTCTAGTAAAG,0,1243257
ftsKp2,0.5,1,1,GGCGTTTAGGTTTTGGGCTA,0,1259163
ftsKp2,0.5,1,1,GGCGTGTTATCGATCATAAG,0,1247639
ftsKp2,0.5,1,1,GGCGTCCAACGGAGGCGGAG,0,1263676
ftsKp2,0.5,1,1,GGCGGTACTTGAGAGATTTA,0,1242520
ftsKp2,0.5,1,1,GGCGGGAAGATAGTACGGTA,0,1253223
ftsKp2,0.5,1,1,GGCGAGCTAGCCCTGGGCCG,0,1252500
ftsKp2,0.5,1,1,GGCCTCTTCATTGACCTTCC,0,1261534
ftsKp2,0.5,1,1,GGCCCGGAACCCAAGGGATG,0,1254494
ftsKp2,0.5,1,1,GGCCCGATTACTCGGGACCT,0,1256585
ftsKp2,0.5,1,1,GGCCATAGCTCCAGGAACAA,0,1267174
ftsKp2,0.5,1,1,GGCCAGTGTGCCGCATTGGG,0,1260394
ftsKp2,0.5,1,1,GGCCAGAAGTCGCAGTGAAC,0,1240719
ftsKp2,0.5,1,1,GGCATTATAGCCGTGAGGAC,0,1266398
ftsKp2,0.5,1,1,GGCATCGGAAACAGAACATA,0,1239513
ftsKp2,0.5,1,1,GGCAGCTTTTAGCCGACGAT,0,1262457
ftsKp2,0.5,1,1,GGCAGACGGCAATAGGGTCT,0,1252268
ftsKp2,0.5,1,1,GGCACTTTGAAGGTTCAGGA,0,1258797
ftsKp2,0.5,1,1,GGCACTGTTAACATGTTAGT,0,1249921
ftsKp2,0.5,1,1,GGCACGGAGTAATAGTACTG,0,1268842
ftsKp2,0.5,1,1,GGCACACCAAGTCGTCCATA,0,1245818
ftsKp2,0.5,1,1,GGCAATTATTTCAGTAAAAC,0,1254459
ftsKp2,0.5,1,1,GGCAATATCTCATAAATTAC,0,1261358
ftsKp2,0.5,1,1,GGCAATACTTTTATGTCATC,0,1261622
ftsKp2,0.5,1,1,GGCAATACATCCAATAATGA,0,1251055
ftsKp2,0.5,1,1,GGATTGTACTTGATGGTGAG,0,1248205
ftsKp2,0.5,1,1,GGATTCTGAAAGATTAATTC,0,1255721
ftsKp2,0.5,1,1,GGATTCCTTGGGCGCTTGTT,0,1241827
ftsKp2,0.5,1,1,GGATTCCCATATAAGGGTTG,0,1242083
ftsKp2,0.5,1,1,GGATTAAGTTATTAAATAGT,0,1240640
ftsKp2,0.5,1,1,GGATGGGGAAACCGTACGAA,0,1267166
ftsKp2,0.5,1,1,GGATGATTGGATCTAGATAG,0,1259653
ftsKp2,0.5,1,1,GGATCTGCATCGACAATAGA,0,1243191
ftsKp2,0.5,1,1,GGATCCCGTCTTCTTGCCTT,0,1261347
ftsKp2,0.5,1,1,GGATAGACAGAGGCCAGCGG,0,1247822
ftsKp2,0.5,1,1,GGATACTATTTTAATGGTAA,0,1255448
ftsKp2,0.5,1,1,GGATACATCGGTAGTGTCCA,0,1240523
ftsKp2,0.5,1,1,GGAGTTACAATCCACTTCGT,0,1269319
ftsKp2,0.5,1,1,GGAGTCCTCCGGCGAACACC,0,1262122
ftsKp2,0.5,1,1,GGAGGGTAGGTAAGATTTCC,0,1252375
ftsKp2,0.5,1,1,GGAGGCACGTACTCTGATAC,0,1270216
ftsKp2,0.5,1,1,GGAGGAGAGGTAAGGGGCAG,0,1259947
ftsKp2,0.5,1,1,GGAGCCCCAATGCGGTACGA,0,1268405
ftsKp2,0.5,1,1,GGAGAGAGTGCCCTCAGATT,0,1242226
ftsKp2,0.5,1,1,GGAGAACGCTTCCAGTGACT,0,1266647
ftsKp2,0.5,1,1,GGACTTTAGATGTTGTTCTA,0,1261620
ftsKp2,0.5,1,1,GGACTCGCTTCATGGGCTAA,0,1252088
ftsKp2,0.5,1,1,GGACTCACCCCGAGATCCTC,0,1266498
ftsKp2,0.5,1,1,GGACGAGCCGGCAGTTCATA,0,1253105
ftsKp2,0.5,1,1,GGACCTATCCTGGAGTTTAT,0,1253342
ftsKp2,0.5,1,1,GGACCGTCGCGAGAGAATGA,0,1244927
ftsKp2,0.5,1,1,GGACCACAACGAGCTATATT,0,1252356
ftsKp2,0.5,1,1,GGACACCTGGAGGTTTTGTA,0,1257282
ftsKp2,0.5,1,1,GGAATATGTCGTTTTCGGGT,0,1250219
ftsKp2,0.5,1,1,GGAATATGCATCGATCAGCG,0,1258743
ftsKp2,0.5,1,1,GGAAGAAACGTTTTTAAGCA,0,1264246
ftsKp2,0.5,1,1,GGAACTACTTTAGCCAGAAC,0,1263672
ftsKp2,0.5,1,1,GGAAAGAATACGAGATTACC,0,1256308
ftsKp2,0.5,1,1,GCTTTTCTAGGCCGATCCCG,0,1239732
ftsKp2,0.5,1,1,GCTTTAACCTAACTATTATA,0,1262171
ftsKp2,0.5,1,1,GCTTGCGGCTGGATAGATGT,0,1271035
ftsKp2,0.5,1,1,GCTTCATAAAAGGGAGCCCT,0,1250359
ftsKp2,0.5,1,1,GCTTACTGCGGGAGGGCCGC,0,1254425
ftsKp2,0.5,1,1,GCTGTGACAGCGAGAGGGGA,0,1264181
ftsKp2,0.5,1,1,GCTGTAGAAGCTGAATCAGA,0,1251303
ftsKp2,0.5,1,1,GCTGGCGCTAGCTGCCGAAT,0,1269509
ftsKp2,0.5,1,1,GCTGGACGGTGGTCTACAGA,0,1256983
ftsKp2,0.5,1,1,GCTGCATTGGGGGTCTTAGT,0,1259729
ftsKp2,0.5,1,1,GCTGCATTCACTAGGTCGAG,0,1257376
ftsKp2,0.5,1,1,GCTCTTTAGTTCAGTCGCAC,0,1255218
ftsKp2,0.5,1,1,GCTCTTCACATCCATCGATT,0,1268539
ftsKp2,0.5,1,1,GCTCTAGACTCTCGGTACGG,0,1255641
ftsKp2,0.5,1,1,GCTCTACTTCTTCGAGCAGT,0,1263668
ftsKp2,0.5,1,1,GCTCCTTCCACTTGTGGTTG,0,1262320
ftsKp2,0.5,1,1,GCTCCTCAGGTCTCGGCTAA,0,1253900
ftsKp2,0.5,1,1,GCTCCGCTAGTATGTGTCTT,0,1261411
ftsKp2,0.5,1,1,GCTCATTTAGTTATCAGGAC,0,1244257
ftsKp2,0.5,1,1,GCTCATTACAGTCCTCAGGG,0,1242773
ftsKp2,0.5,1,1,GCTCAGCAGATGACACCGAG,0,1258467
ftsKp2,0.5,1,1,GCTCACCTGTATCAGGTAAG,0,1264597
ftsKp2,0.5,1,1,GCTCACAATCCAAACATACA,0,1255660
ftsKp2,0.5,1,1,GCTATAGTAGACTCGCGAAT,0,1269824
ftsKp2,0.5,1,1,GCTATAATCAGCACTGTTGC,0,1255537
ftsKp2,0.5,1,1,GCTAGCGTGACTCTACTCAA,0,1266669
ftsKp2,0.5,1,1,GCTAATTTGGAATCGGTCGT,0,1259812
ftsKp2,0.5,1,1,GCGTTGTTCCCTCTACACTT,0,1259053
ftsKp2,0.5,1,1,GCGTTGTGCCGCAGTCAGGA,0,1249299
ftsKp2,0.5,1,1,GCGTCTTTCCTTCTTTGCCA,0,1256438
ftsKp2,0.5,1,1,GCGTCTTGAAAGCGCCCAGG,0,1258191
ftsKp2,0.5,1,1,GCGTCACCGCTCCGGGGAGT,0,1262563
ftsKp2,0.5,1,1,GCGTAAATCAATTACAGGCT,0,1252844
ftsKp2,0.5,1,1,GCGGTATAGTAACCAAATGC,0,1265331
ftsKp2,0.5,1,1,GCGGGGTCTCCCGTTACAGG,0,1257353
ftsKp2,0.5,1,1,GCGGGGCCAGCGTGAATCAC,0,1253817
ftsKp2,0.5,1,1,GCGGCTCGGCGGGCCTTGAT,0,1267064
ftsKp2,0.5,1,1,GCGGCCGCTGCGCTGCTAAG,0,1256084
ftsKp2,0.5,1,1,GCGGATCTTCCCATATACGA,0,1242873
ftsKp2,0.5,1,1,GCGGAAATCATGTTCCTTAC,0,1249134
ftsKp2,0.5,1,1,GCGCTCGCATCCCTCTGTAC,0,1265577
ftsKp2,0.5,1,1,GCGCGCTACCGGTGCGACTC,0,1270997
ftsKp2,0.5,1,1,GCGCGACGCACCATCCCGAA,0,1249016
ftsKp2,0.5,1,1,GCGCCCTGCGGCGTAGAAAT,0,1256536
ftsKp2,0.5,1,1,GCGCATGTGGAAGATTAAGA,0,1259951
ftsKp2,0.5,1,1,GCGCATAGATCCTAAGACCC,0,1244578
ftsKp2,0.5,1,1,GCGCAGTGGGTATCGTTGGT,0,1252976
ftsKp2,0.5,1,1,GCGCAGAGACAGCGTCTTCA,0,1255378
ftsKp2,0.5,1,1,GCGCACGATTAACCCCATAG,0,1250397
ftsKp2,0.5,1,1,GCGATCGATCTCAGTGTAAC,0,1248745
ftsKp2,0.5,1,1,GCGATATCTCGATACCGGGA,0,1243453
ftsKp2,0.5,1,1,GCGAGTGCCAAGGCCGAGCC,0,1258047
ftsKp2,0.5,1,1,GCGAGCCGTCACGGGTACTT,0,1254149
ftsKp2,0.5,1,1,GCGAGAGAGCATAAACTTGG,0,1242524
ftsKp2,0.5,1,1,GCGAGAGAGATCCTATAGGG,0,1252968
ftsKp2,0.5,1,1,GCGACCAGGCTGAAAAATGG,0,1265427
ftsKp2,0.5,1,1,GCGAAGTTATTTTATTGATT,0,1270117
ftsKp2,0.5,1,1,GCGAACTTATTCATCACGTT,0,1257593
ftsKp2,0.5,1,1,GCGAACGCGGCAGCTGTTTA,0,1255969
ftsKp2,0.5,1,1,GCGAAACTGAAAGACGTCCA,0,1239761
ftsKp2,0.5,1,1,GCCTTCTAATCACCACATTT,0,1262706
ftsKp2,0.5,1,1,GCCTTAACAAATGGTTGTCC,0,1268419
ftsKp2,0.5,1,1,GCCTGGTTAAATTCCAGCGT,0,1261480
ftsKp2,0.5,1,1,GCCTGACTGTGGCGGGTTGT,0,1260261
ftsKp2,0.5,1,1,GCCTGAAAGCACGGTACGCC,0,1257991
ftsKp2,0.5,1,1,GCCTCAGCACTATTGCAATG,0,1266938
ftsKp2,0.5,1,1,GCCTATCACCATCTGGGTAC,0,1250456
ftsKp2,0.5,1,1,GCCGGTAAAGCCGCTACGGA,0,1240125
ftsKp2,0.5,1,1,GCCGGCGTAGTCATGTTGCA,0,1248585
ftsKp2,0.5,1,1,GCCGGCCACTAATTCGTCGG,0,1269510
ftsKp2,0.5,1,1,GCCGAGTCATAGCATTTATC,0,1257077
ftsKp2,0.5,1,1,GCCGAGGAAGCCTAAGATAC,0,1242550
ftsKp2,0.5,1,1,GCCGAATCAGCTGACACGGA,0,1267603
ftsKp2,0.5,1,1,GCCCTATAGGCACGATCTAT,0,1268899
ftsKp2,0.5,1,1,GCCCTAGGGCTTAGGTTTTT,0,1252673
ftsKp2,0.5,1,1,GCCCCTTTAAACGTCGAGGA,0,1243725
ftsKp2,0.5,1,1,GCCCCGATAATACGCAATTT,0,1252730
ftsKp2,0.5,1,1,GCCCCATTGGGTTATCGTCA,0,1253721
ftsKp2,0.5,1,1,GCCCACCGTAACTATGCAAA,0,1264397
ftsKp2,0.5,1,1,GCCATGTTCCCCATATAGGG,0,1263023
ftsKp2,0.5,1,1,GCCATATTTGGTATAAGGGG,0,1268859
ftsKp2,0.5,1,1,GCCAGTCGGGAAAATGCCCC,0,1244747
ftsKp2,0.5,1,1,GCCACCACGAAGAGTCTGGC,0,1247226
ftsKp2,0.5,1,1,GCCACACTAAAATATTACAT,0,1267966
ftsKp2,0.5,1,1,GCCACAAACGGCTCGGGCCG,0,1259256
ftsKp2,0.5,1,1,GCATTTCGCCTGGTGTGTAT,0,1241448
ftsKp2,0.5,1,1,GCATGATTCATCGGAGCGTG,0,1260241
ftsKp2,0.5,1,1,GCATCTTTTATTGAGAATTG,0,1242760
ftsKp2,0.5,1,1,GCATCTGAAATATAGCGGTA,0,1249489
ftsKp2,0.5,1,1,GCATCCGTGCGAATAACATG,0,1240624
ftsKp2,0.5,1,1,GCATCAAGAAACAAGTTATG,0,1260887
ftsKp2,0.5,1,1,GCAGTTTCGTCGGTTAATCT,0,1253587
ftsKp2,0.5,1,1,GCAGTGTTTTACCTGGAATT,0,1261905
ftsKp2,0.5,1,1,GCAGCTAAGCGGCATTCAAG,0,1265055
ftsKp2,0.5,1,1,GCAGAGGTGTCCGCGTCCTA,0,1267657
ftsKp2,0.5,1,1,GCAGACTCCCTATAAAGAGG,0,1247642
ftsKp2,0.5,1,1,GCACTACATTTCTTTAAACA,0,1245542
ftsKp2,0.5,1,1,GCACGGGTTGTTAATTTTAT,0,1247405
ftsKp2,0.5,1,1,GCACCTTCCCAGTGTACGTC,0,1254596
ftsKp2,0.5,1,1,GCACCTGGGAGGAGTGATCC,0,1251929
ftsKp2,0.5,1,1,GCACCGTAAAACCCCGTCAC,0,1249435
ftsKp2,0.5,1,1,GCACCCGCCGAGCATTGTTG,0,1268217
ftsKp2,0.5,1,1,GCACCACAGTCCTATTATCT,0,1257344
ftsKp2,0.5,1,1,GCACATCACAAGGGTGATAG,0,1250101
ftsKp2,0.5,1,1,GCACACATGATTAAAGTTAT,0,1241994
ftsKp2,0.5,1,1,GCACAACAGGATATGAAACT,0,1247602
ftsKp2,0.5,1,1,GCAATGTTAAGATCGGAAAT,0,1265473
ftsKp2,0.5,1,1,GCAATCCGAGTGGACGGGAC,0,1244006
ftsKp2,0.5,1,1,GCAATCCAGCGTAGGGCTAG,0,1247326
ftsKp2,0.5,1,1,GCAATAATCCCGGTCCGAAG,0,1258403
ftsKp2,0.5,1,1,GCAAGTTGAGCTTTAGTCGG,0,1261282
ftsKp2,0.5,1,1,GCAACTCACGCGTGAAAAAT,0,1242197
ftsKp2,0.5,1,1,GCAACTCAATGACGGGCATA,0,1248115
ftsKp2,0.5,1,1,GCAAACGAACGAAATCTGGG,0,1239478
ftsKp2,0.5,1,1,GATTTTTCATTAGCACTAGC,0,1258779
ftsKp2,0.5,1,1,GATTTACCCCATCATATGTA,0,1252996
ftsKp2,0.5,1,1,GATTGTGAGAAACTGATATT,0,1261008
ftsKp2,0.5,1,1,GATTGTCGTAGGTCTCCGAA,0,1240575
ftsKp2,0.5,1,1,GATTGGCGCATGGATTCAGC,0,1264044
ftsKp2,0.5,1,1,GATTCTGCAAAGAAAATCAC,0,1247099
ftsKp2,0.5,1,1,GATTCCCGTACACCAAGTTT,0,1253608
ftsKp2,0.5,1,1,GATTCAACGCCAAGCCAGCG,0,1246803
ftsKp2,0.5,1,1,GATGTTAGTGACAACGGTCT,0,1265196
ftsKp2,0.5,1,1,GATGGTAGGCACCTTTCCGT,0,1266098
ftsKp2,0.5,1,1,GATGGGTAGCTCAAGTTCTC,0,1244238
ftsKp2,0.5,1,1,GATGGCAAGGAGTATAAGGG,0,1262060
ftsKp2,0.5,1,1,GATGCTCGTGACGACCGGTC,0,1266997
ftsKp2,0.5,1,1,GATGCGTGCGGCCAGTCCGT,0,1244232
ftsKp2,0.5,1,1,GATGCGCCGGTGGGCCGCAG,0,1266063
ftsKp2,0.5,1,1,GATCTTTCCTTCTTACCACA,0,1245624
ftsKp2,0.5,1,1,GATCTCTCTATTCTCCCCGG,0,1248446
ftsKp2,0.5,1,1,GATCTACCTTGGCGGGTTCT,0,1247434
ftsKp2,0.5,1,1,GATCGGCAGGAGACATCGAT,0,1252480
ftsKp2,0.5,1,1,GATATTTTCGAGAACAACGG,0,1243930
ftsKp2,0.5,1,1,GATAGGTTCTCACCGCTGCC,0,1241589
ftsKp2,0.5,1,1,GATAGGGACCAATGTGATAG,0,1266507
ftsKp2,0.5,1,1,GATAGACGCGACCGGGCAGG,0,1242850
ftsKp2,0.5,1,1,GATACTGGCCACGTCGTCAA,0,1267903
ftsKp2,0.5,1,1,GATACAGGCGGGAGTCTTTC,0,1255181
ftsKp2,0.5,1,1,GATAATGTTGAGTCCTCCTG,0,1258406
ftsKp2,0.5,1,1,GATAAATACATGGGGAGGGT,0,1268860
ftsKp2,0.5,1,1,GATAAAGAAAGTGCTCTTTC,0,1239345
ftsKp2,0.5,1,1,GATAAAAACGCAAAAAGTCA,0,1260255
ftsKp2,0.5,1,1,GAGTTTGTTTCATGCTCTTC,0,1251602
ftsKp2,0.5,1,1,GAGTTTGCGCGAACGAGACT,0,1255766
ftsKp2,0.5,1,1,GAGTTGTATATGGGCTTAGT,0,1246214
ftsKp2,0.5,1,1,GAGTTAGTTAGCACACGGCA,0,1241478
ftsKp2,0.5,1,1,GAGTGGATCGTGAACCCGTG,0,1269765
ftsKp2,0.5,1,1,GAGTGCGGTAGCTACTCGAG,0,1241643
ftsKp2,0.5,1,1,GAGTGATACACCTGTCCGCT,0,1242246
ftsKp2,0.5,1,1,GAGTCGTCGTGAAGCGTGCT,0,1260318
ftsKp2,0.5,1,1,GAGTAGGATGCACTTTTGAC,0,1261001
ftsKp2,0.5,1,1,GAGTACTAGCGTAAGACTCA,0,1260819
ftsKp2,0.5,1,1,GAGGGTGGCAGTCAGGGGTC,0,1256248
ftsKp2,0.5,1,1,GAGGGTCCCGACCTCCCGTC,0,1256379
ftsKp2,0.5,1,1,GAGGGGTGTGACTAGATGGC,0,1268421
ftsKp2,0.5,1,1,GAGGGGTCAGAGGGTGATTC,0,1255506
ftsKp2,0.5,1,1,GAGGGCGAGGAATTTATCCA,0,1256663
ftsKp2,0.5,1,1,GAGGGCACTATTCCCTCATT,0,1245152
ftsKp2,0.5,1,1,GAGGCACTGGGCAAACCAAC,0,1239586
ftsKp2,0.5,1,1,GAGGAGATCGGCTTACTTAC,0,1239612
ftsKp2,0.5,1,1,GAGGACTGTAACGTGGCGAT,0,1253609
ftsKp2,0.5,1,1,GAGCGGTCAATAGACTTTCA,0,1263194
ftsKp2,0.5,1,1,GAGCGGATTCGTTCCCCAGC,0,1268828
ftsKp2,0.5,1,1,GAGCGGATTACGGATATTAC,0,1265388
ftsKp2,0.5,1,1,GAGCGCTCTCGAGTGACGAA,0,1261878
ftsKp2,0.5,1,1,GAGCGCACCGATTGAGGGGG,0,1255319
ftsKp2,0.5,1,1,GAGCATAATTGCCATTGGGG,0,1259587
ftsKp2,0.5,1,1,GAGCAGCTACGGCGGATCGT,0,1245798
ftsKp2,0.5,1,1,GAGCACTACGGGCCGTACCG,0,1258021
ftsKp2,0.5,1,1,GAGCAAAAAGTTACAAGCTC,0,1242277
ftsKp2,0.5,1,1,GAGATCAATAGGGCTCGTGC,0,1267902
ftsKp2,0.5,1,1,GAGATAAAGGAAGCCGGCGT,0,1256872
ftsKp2,0.5,1,1,GAGAGTATACGGCCCACTGC,0,1257611
ftsKp2,0.5,1,1,GAGACCAGATGACCACGACG,0,1265696
ftsKp2,0.5,1,1,GACTTCACGGCGACAGCCAT,0,1244124
ftsKp2,0.5,1,1,GACTGCTACTACGTTAGTTT,0,1267605
ftsKp2,0.5,1,1,GACTCGGTTAAAGCCCGTCA,0,1253508
ftsKp2,0.5,1,1,GACTCGGCCCTGGGGTCAAA,0,1266639
ftsKp2,0.5,1,1,GACTCGACCGATCATGCACT,0,1248562
ftsKp2,0.5,1,1,GACTAGCCGCTAATCTCGAC,0,1249949
ftsKp2,0.5,1,1,GACTACGCGTCCCGGCATGT,0,1252915
ftsKp2,0.5,1,1,GACTAAACAGGAAACGCACC,0,1269584
ftsKp2,0.5,1,1,GACGTATCACAGACGGGGTC,0,1252399
ftsKp2,0.5,1,1,GACGGTTTTGCGAGACAACA,0,1245644
ftsKp2,0.5,1,1,GACGGTCTTGTTATGACTCT,0,1268745
ftsKp2,0.5,1,1,GACGCAGTTGGTAGTGCTAA,0,1247684
ftsKp2,0.5,1,1,GACCTGTTCGGCGTCTGAGT,0,1256362
ftsKp2,0.5,1,1,GACCGTGGGGCTAATCCCGT,0,1246774
ftsKp2,0.5,1,1,GACCGCACTCGGTCATGGGC,0,1263858
ftsKp2,0.5,1,1,GACCACTTACTCTGCGCAAC,0,1240530
ftsKp2,0.5,1,1,GACAGTGCTCTACTTCAAAC,0,1259137
ftsKp2,0.5,1,1,GACAGCTGCCTAACGAGTGA,0,1241918
ftsKp2,0.5,1,1,GACACTGGGTCACTACGCAA,0,1243478
ftsKp2,0.5,1,1,GACAAATTCAAGAGTGGCCG,0,1255593
ftsKp2,0.5,1,1,GACAAAGAGGTACTGATATA,0,1265932
ftsKp2,0.5,1,1,GAATCGCTTCAAACTAGATG,0,1241333
ftsKp2,0.5,1,1,GAATCCTCGTCACTCATGTA,0,1262862
ftsKp2,0.5,1,1,GAATCATTCCCGCTAGGCGG,0,1241486
ftsKp2,0.5,1,1,GAATAGTAGGCCTACCGCTC,0,1257506
ftsKp2,0.5,1,1,GAATACCTACTCAGTACAAA,0,1260804
ftsKp2,0.5,1,1,GAAGTTAGAATAGTAGTTAT,0,1249493
ftsKp2,0.5,1,1,GAAGCATAGTCACCAGTCCG,0,1257044
ftsKp2,0.5,1,1,GAAGAAAGCCACTAAAAGGT,0,1251504
ftsKp2,0.5,1,1,GAACTTTCCCGAGCTATTTA,0,1244633
ftsKp2,0.5,1,1,GAACTGAACTGAAGCAGTTT,0,1252243
ftsKp2,0.5,1,1,GAACGTGGCAAATATGCCCA,0,1267513
ftsKp2,0.5,1,1,GAACGGTATTACGCCGCAGT,0,1254739
ftsKp2,0.5,1,1,GAACGCACGCCTGGCAAGAA,0,1261166
ftsKp2,0.5,1,1,GAACGAAGGGTGATGCTATT,0,1264160
ftsKp2,0.5,1,1,GAACAGGGGTTCTCTAGCTA,0,1259069
ftsKp2,0.5,1,1,GAAATCTTGTGTACGTCTCT,0,1242028
ftsKp2,0.5,1,1,GAAAAGTTTACCAACCTGCA,0,1256151
ftsKp2,0.5,1,1,GAAAACCAGTGTCCTCGCTA,0,1267191
ftsKp2,0.5,1,1,GAAAAACTAGGGAGCTTTAA,0,1245078
ftsKp2,0.5,1,1,CTTTGGCATGGCAAGAACTA,0,1245416
ftsKp2,0.5,1,1,CTTTGATGGACAGACGTGCA,0,1240462
ftsKp2,0.5,1,1,CTTTCCTCTATATGCGGCTC,0,1247575
ftsKp2,0.5,1,1,CTTTCCACCAAGGCTAACAA,0,1241270
ftsKp2,0.5,1,1,CTTTATCAGCACTTTACTCG,0,1264662
ftsKp2,0.5,1,1,CTTTACAAAGAAACTCCAAA,0,1240597
ftsKp2,0.5,1,1,CTTGTTGTTCCACGCACTGT,0,1241501
ftsKp2,0.5,1,1,CTTGTGACAACGGTTGGTTC,0,1265781
ftsKp2,0.5,1,1,CTTGGTGCGACCCTAGCCGA,0,1258282
ftsKp2,0.5,1,1,CTTGGGAAACGACTCGCGCG,0,1258660
ftsKp2,0.5,1,1,CTTGGCAGGGATCCCGATCG,0,1266984
ftsKp2,0.5,1,1,CTTGAAATCGGTCTGGTCCA,0,1268669
ftsKp2,0.5,1,1,CTTCTTGTCGCAGCACGGAC,0,1259285
ftsKp2,0.5,1,1,CTTCTGTGTGTTTAACTCGC,0,1249779
ftsKp2,0.5,1,1,CTTCTGATTGTTTAAACATC,0,1260579
ftsKp2,0.5,1,1,CTTCTCATGCGACCCTTAAA,0,1265453
ftsKp2,0.5,1,1,CTTCGTTCCGATGGAAGTAA,0,1262740
ftsKp2,0.5,1,1,CTTCGGGCTACCCGGATAGG,0,1246659
ftsKp2,0.5,1,1,CTTCAGGCCGCGCGGCCACG,0,1245189
ftsKp2,0.5,1,1,CTTCAGAGACTCACGTTAAG,0,1256699
ftsKp2,0.5,1,1,CTTATGCCTACCTAGTGCCC,0,1257670
ftsKp2,0.5,1,1,CTTAGGTTCTCGAACCGGTA,0,1253432
ftsKp2,0.5,1,1,CTTACGGACGCAGGGTAAAT,0,1243046
ftsKp2,0.5,1,1,CTTACCACTCCAATAATCGC,0,1255308
ftsKp2,0.5,1,1,CTTAAACGTGTCCGTGCTCG,0,1244520
ftsKp2,0.5,1,1,CTTAAAAGGCCATCGATTTT,0,1270855
ftsKp2,0.5,1,1,CTGTTTGGTGCAAGTAGGAG,0,1250768
ftsKp2,0.5,1,1,CTGTTTGGAGTAGTGGACAT,0,1267434
ftsKp2,0.5,1,1,CTGTTTCGCTTCTTGGAAGT,0,1255126
ftsKp2,0.5,1,1,CTGTTACGAGCGTAATAAGT,0,1258365
ftsKp2,0.5,1,1,CTGTCTGACCAGGCGCCGGT,0,1259251
ftsKp2,0.5,1,1,CTGTCGCGTGCATTTAAGGT,0,1252374
ftsKp2,0.5,1,1,CTGTCAGGATCTAAGGGTCC,0,1257471
ftsKp2,0.5,1,1,CTGTATGGCACGCTCCGTTA,0,1267996
ftsKp2,0.5,1,1,CTGGTGGTGTCTGGTTCCGG,0,1248070
ftsKp2,0.5,1,1,CTGGTGCCACAGAAATTTTA,0,1251416
ftsKp2,0.5,1,1,CTGGTGAGCGAGGACCTGGC,0,1248089
ftsKp2,0.5,1,1,CTGGTGACACCACGACTTCG,0,1261110
ftsKp2,0.5,1,1,CTGGTCCCTTCCAGGTCCGG,0,1244953
ftsKp2,0.5,1,1,CTGGTACCCGCTTCTTCATT,0,1266645
ftsKp2,0.5,1,1,CTGGGTTATTCAACATCAAA,0,1240481
ftsKp2,0.5,1,1,CTGGGTAATTCATGAAACTC,0,1250782
ftsKp2,0.5,1,1,CTGGGGAAGATGGAGGAGGT,0,1248920
ftsKp2,0.5,1,1,CTGGCTGAGCAGCGTCGATA,0,1260413
ftsKp2,0.5,1,1,CTGGATATTCTAACTAGCCA,0,1247232
ftsKp2,0.5,1,1,CTGCTGTGAATCGATAAAGT,0,1249165
ftsKp2,0.5,1,1,CTGCGGGTCATTCGACATCA,0,1256879
ftsKp2,0.5,1,1,CTGCGCATGTTCAACGTGAC,0,1244039
ftsKp2,0.5,1,1,CTGCCGAGAGGAACCGAATG,0,1264827
ftsKp2,0.5,1,1,CTGCCACCAACAGGGACGCC,0,1260666
ftsKp2,0.5,1,1,CTGCAGCAAATCCACATAGC,0,1268153
ftsKp2,0.5,1,1,CTGCAGAACCTGCCCAGGAG,0,1258252
ftsKp2,0.5,1,1,CTGCACATGGCGCAATGCCG,0,1249420
ftsKp2,0.5,1,1,CTGCAACTAGCATAGTTGTC,0,1254932
ftsKp2,0.5,1,1,CTGATGACAACCTTGCGCTG,0,1260421
ftsKp2,0.5,1,1,CTGATATTATGTTGCTATCA,0,1268001
ftsKp2,0.5,1,1,CTGAGGTTCGGGTTAGCGGT,0,1253986
ftsKp2,0.5,1,1,CTGAGGGATCGGAGGTCCAC,0,1261624
ftsKp2,0.5,1,1,CTGAGCCTGGAGCCCGCGAA,0,1256686
ftsKp2,0.5,1,1,CTGACCGGACATCGGGGGTA,0,1249013
ftsKp2,0.5,1,1,CTGACCGCAGTGCTAGAGTT,0,1262074
ftsKp2,0.5,1,1,CTGAATGGTTTGTCGTGCTA,0,1249645
ftsKp2,0.5,1,1,CTCTTGCGGAAGGTCATCGT,0,1265603
ftsKp2,0.5,1,1,CTCTTGAGGTGAATAACCTA,0,1252649
ftsKp2,0.5,1,1,CTCTGTGACCGCGCAGGCTG,0,1245965
ftsKp2,0.5,1,1,CTCTGGAGATTATGCGTTTG,0,1270767
ftsKp2,0.5,1,1,CTCTGAGGGATCTTCAGCGA,0,1264113
ftsKp2,0.5,1,1,CTCTCAACTATTATGGTGGA,0,1260645
ftsKp2,0.5,1,1,CTCTAGGGTATAGCGTTCTT,0,1246682
ftsKp2,0.5,1,1,CTCTAGCGGTGAGCGATGTA,0,1248248
ftsKp2,0.5,1,1,CTCTAACTTAAAGCTTGTGC,0,1249876
ftsKp2,0.5,1,1,CTCGTAAAGCCACATCTGGT,0,1241561
ftsKp2,0.5,1,1,CTCGGTATTAGGAGCGAACC,0,1271005
ftsKp2,0.5,1,1,CTCGGGTAGGTGTTCCGTCC,0,1262412
ftsKp2,0.5,1,1,CTCGGGCTGGTGTTATGTTT,0,1246720
ftsKp2,0.5,1,1,CTCGGCTCTCAACTCTGGAA,0,1255164
ftsKp2,0.5,1,1,CTCGGCCGTCGTGCTGTAAA,0,1267330
ftsKp2,0.5,1,1,CTCGGCATTGCCTTACAAAC,0,1240399
ftsKp2,0.5,1,1,CTCGCCGCCCCCAGTACCAA,0,1266703
ftsKp2,0.5,1,1,CTCGCACCCCAGGAGGCTTT,0,1261302
ftsKp2,0.5,1,1,CTCGAGACACCCAGACGCAT,0,1263465
ftsKp2,0.5,1,1,CTCGACTTTAAGGAAGCGCA,0,1269208
ftsKp2,0.5,1,1,CTCCTTTCTGAGGAAAATGG,0,1261329
ftsKp2,0.5,1,1,CTCCTGTAGTGATGCCAAGC,0,1262809
ftsKp2,0.5,1,1,CTCCCTTTGTGCTTTTTACC,0,1263400
ftsKp2,0.5,1,1,CTCCCTGTATCGACTTTCCT,0,1249991
ftsKp2,0.5,1,1,CTCCCGTTCTGACCTCGCCG,0,1256416
ftsKp2,0.5,1,1,CTCCCCTACTTTGTTCTACT,0,1246368
ftsKp2,0.5,1,1,CTCATGGCTCAAAGTGTCTA,0,1246764
ftsKp2,0.5,1,1,CTCAGCGGCGATTAACCGGG,0,1247714
ftsKp2,0.5,1,1,CTCACTCGTTCCTCCTGCCC,0,1268200
ftsKp2,0.5,1,1,CTCACTACGGCGGTCATGAA,0,1254523
ftsKp2,0.5,1,1,CTCACCTCACCACCCAGTCC,0,1240128
ftsKp2,0.5,1,1,CTCAAATACAACCAAGTAAC,0,1239319
ftsKp2,0.5,1,1,CTCAAATAACATGGGCACGA,0,1267361
ftsKp2,0.5,1,1,CTCAAAGTTTTTTGGTCTTT,0,1266352
ftsKp2,0.5,1,1,CTATTTACATCTCCCGGGGA,0,1246608
ftsKp2,0.5,1,1,CTATGGGCAGGTTGCGGTTG,0,1244384
ftsKp2,0.5,1,1,CTATCTGCCTCTAATGTCTG,0,1262011
ftsKp2,0.5,1,1,CTATCCTGATGGTTGAGTCT,0,1257862
ftsKp2,0.5,1,1,CTATCCCGGGCCGCCTAGCT,0,1252601
ftsKp2,0.5,1,1,CTATACGGGCCGATTGATCT,0,1255087
ftsKp2,0.5,1,1,CTAGTGCTCACCCGTGCTAG,0,1257895
ftsKp2,0.5,1,1,CTAGTATAGGATGAAATTTG,0,1263635
ftsKp2,0.5,1,1,CTAGGTTTCCTAAGTTTTCA,0,1255636
ftsKp2,0.5,1,1,CTAGGGGATGGCTCCAGGCT,0,1252852
ftsKp2,0.5,1,1,CTAGGCTCTCGTGAAGTTTA,0,1246729
ftsKp2,0.5,1,1,CTAGCACGAGCCGCTTACCC,0,1254426
ftsKp2,0.5,1,1,CTAGACGGGCCTTCGGCCGA,0,1263859
ftsKp2,0.5,1,1,CTACTCTTCTCGTTCCGTGG,0,1260629
ftsKp2,0.5,1,1,CTACTATTGATCTCCGGTGT,0,1245192
ftsKp2,0.5,1,1,CTACGTCTTAGATACGCCCG,0,1245411
ftsKp2,0.5,1,1,CTACGTCATCGCTCGCTCCT,0,1265669
ftsKp2,0.5,1,1,CTACGTATCGACAATTATTA,0,1245815
ftsKp2,0.5,1,1,CTACGCTGATACAGGCCAAT,0,1252266
ftsKp2,0.5,1,1,CTACGAGTAGTCTATTAGCT,0,1245899
ftsKp2,0.5,1,1,CTACCTTCATTCCGTAGCGT,0,1258512
ftsKp2,0.5,1,1,CTACCTGTATGCATCATAAG,0,1258593
ftsKp2,0.5,1,1,CTACCCGGGATTCTTCGGCA,0,1266149
ftsKp2,0.5,1,1,CTACATTTATTTCGAGCATT,0,1265773
ftsKp2,0.5,1,1,CTACATGAGTTGCGGTCATA,0,1264810
ftsKp2,0.5,1,1,CTACACTGCGCTCTGACATA,0,1256982
ftsKp2,0.5,1,1,CTAATTAATGGTGACCTCTA,0,1262443
ftsKp2,0.5,1,1,CTAACTGATGGTTCTAGTAC,0,1247394
ftsKp2,0.5,1,1,CTAACCCCGGAGTTCAACTG,0,1244794
ftsKp2,0.5,1,1,CTAAAGGGGTAGGCAATTTT,0,1246346
ftsKp2,0.5,1,1,CGTTTTCGAGTATAGCACGA,0,1260567
ftsKp2,0.5,1,1,CGTTTGACAGGTTGATATCC,0,1242284
ftsKp2,0.5,1,1,CGTTTCAGGGGCGGACAGAG,0,1268731
ftsKp2,0.5,1,1,CGTTTATGATAGTGGCCCCT,0,1270267
ftsKp2,0.5,1,1,CGTTTAAACACCCGCCGCGT,0,1265509
ftsKp2,0.5,1,1,CGTTCCATCGATGGACCCGG,0,1242810
ftsKp2,0.5,1,1,CGTTCAGCCAATCGCTACGC,0,1254787
ftsKp2,0.5,1,1,CGTTAGCGTTTTGAATAAGG,0,1249911
ftsKp2,0.5,1,1,CGTTAATGAACTAGCAAATG,0,1253467
ftsKp2,0.5,1,1,CGTGTGCTGTTATCTTATCA,0,1245079
ftsKp2,0.5,1,1,CGTGGCGGTGCCACGCCTTC,0,1251460
ftsKp2,0.5,1,1,CGTGCTGAAGAGGAGATAAT,0,1253252
ftsKp2,0.5,1,1,CGTGCCGCTTGCCGTGTCGA,0,1244460
ftsKp2,0.5,1,1,CGTGCAGTGAAGAGGCCGGA,0,1263645
ftsKp2,0.5,1,1,CGTGCAGAGCTAAGGACCAG,0,1265150
ftsKp2,0.5,1,1,CGTCGGGTATGTGCCGCTGA,0,1258203
ftsKp2,0.5,1,1,CGTCGGGACTTGAGACGGTC,0,1242098
ftsKp2,0.5,1,1,CGTCCCAGGGGCTGCTGCAT,0,1249035
ftsKp2,0.5,1,1,CGTCCAGGCGTCAGGTGCTC,0,1243303
ftsKp2,0.5,1,1,CGTCATGGGCGCGTCGTTCC,0,1259712
ftsKp2,0.5,1,1,CGTCAGACATGTGGGGTTCA,0,1270905
ftsKp2,0.5,1,1,CGTATGGTATTCGCGATTGG,0,1267563
ftsKp2,0.5,1,1,CGTAGTTTCACCGGAGTGGA,0,1270761
ftsKp2,0.5,1,1,CGTAGGCGGCCACGCCGTCG,0,1254151
ftsKp2,0.5,1,1,CGTACGATGAGCGTCAACAT,0,1270408
ftsKp2,0.5,1,1,CGTACCAATTGGCCACCCAT,0,1260410
ftsKp2,0.5,1,1,CGTAACGACCGTCAACTCTA,0,1268822
ftsKp2,0.5,1,1,CGGTTTATTCAGTCAGTTCT,0,1254153
ftsKp2,0.5,1,1,CGGTTTAACATGTTGGACCA,0,1240266
ftsKp2,0.5,1,1,CGGTTGTCCTACATATTTTG,0,1258757
ftsKp2,0.5,1,1,CGGTTCGTCCGTTACGCTCA,0,1269320
ftsKp2,0.5,1,1,CGGTTCGTCCCCTATCTACT,0,1246477
ftsKp2,0.5,1,1,CGGTTCAGATGTCCCAGCAA,0,1258377
ftsKp2,0.5,1,1,CGGTGGAAGTCGCCTTTGCA,0,1264302
ftsKp2,0.5,1,1,CGGTGCTAGTTCTCAATAGA,0,1267060
ftsKp2,0.5,1,1,CGGTGCCTCGGCGTGCGTAC,0,1258721
ftsKp2,0.5,1,1,CGGTGAGATAAGTTTAGCGA,0,1262209
ftsKp2,0.5,1,1,CGGTCACATGGTGAAAGATA,0,1254658
ftsKp2,0.5,1,1,CGGTCAAGGGGGTAGATCAA,0,1262331
ftsKp2,0.5,1,1,CGGTATCGGAGGCAGCCGGT,0,1266468
ftsKp2,0.5,1,1,CGGTAGCTCGTCGGATGACG,0,1248723
ftsKp2,0.5,1,1,CGGTACTTGTAATAGCCCAT,0,1261023
ftsKp2,0.5,1,1,CGGGTTAGGGGAGTGTGTCC,0,1241299
ftsKp2,0.5,1,1,CGGGTACGTCACCATTGGTG,0,1245617
ftsKp2,0.5,1,1,CGGGGTACTACGTCTGAGGT,0,1270649
ftsKp2,0.5,1,1,CGGGGGTAACAAGGCTAAAG,0,1243160
ftsKp2,0.5,1,1,CGGGGGACACATTCACAACC,0,1250657
ftsKp2,0.5,1,1,CGGGGATCGGTAAGGCTTCA,0,1260027
ftsKp2,0.5,1,1,CGGGGAGAAGGGCGGCAGCA,0,1254341
ftsKp2,0.5,1,1,CGGGGACAGAGTGCGCTCTT,0,1247851
ftsKp2,0.5,1,1,CGGGCGGGATCAACATGGGA,0,1255439
ftsKp2,0.5,1,1,CGGGATCGTATACTGTAGTA,0,1259016
ftsKp2,0.5,1,1,CGGCTTCTGGTGATACTTGC,0,1244609
ftsKp2,0.5,1,1,CGGCTCGGGATGTGTGCATG,0,1239953
ftsKp2,0.5,1,1,CGGCGTAAGAGGCTCTGTCC,0,1246568
ftsKp2,0.5,1,1,CGGCGCTTGGCAGCTGCTAA,0,1258710
ftsKp2,0.5,1,1,CGGCCTTTAGCTAGGACGTG,0,1269014
ftsKp2,0.5,1,1,CGGCCTCGCTTCATTCTACT,0,1248038
ftsKp2,0.5,1,1,CGGCCCACTTGCTTGTTCGG,0,1269864
ftsKp2,0.5,1,1,CGGCCAGGGGATGCAGAGCC,0,1267889
ftsKp2,0.5,1,1,CGGCACTCGTGGGTGCCAAC,0,1257657
ftsKp2,0.5,1,1,CGGAGTTGGGGACATGACGT,0,1242871
ftsKp2,0.5,1,1,CGGAGGTTGCTGCCTAGTAT,0,1253636
ftsKp2,0.5,1,1,CGGAGCACTAGGTTACCAAC,0,1270471
ftsKp2,0.5,1,1,CGCTTTTTATCGAAGGTACC,0,1267592
ftsKp2,0.5,1,1,CGCTTGTCGCCGAGAATCCT,0,1258828
ftsKp2,0.5,1,1,CGCTCTGGGTTGTCGCCTCC,0,1245728
ftsKp2,0.5,1,1,CGCTAACTGCACAGTTATGC,0,1256846
ftsKp2,0.5,1,1,CGCGTCTGGGAGCAGTATTA,0,1243281
ftsKp2,0.5,1,1,CGCGTATCACCCCGGGGCGT,0,1256250
ftsKp2,0.5,1,1,CGCGCGGGGATAATAATGGT,0,1241801
ftsKp2,0.5,1,1,CGCGATAGGTTCACACTCGG,0,1242492
ftsKp2,0.5,1,1,CGCCTGTCCAAAAATGTATG,0,1264911
ftsKp2,0.5,1,1,CGCCGGCGCGGCAAGATGAT,0,1265503
ftsKp2,0.5,1,1,CGCCATTGGGTCCGGGCGCG,0,1247971
ftsKp2,0.5,1,1,CGCCATTAGTTATAGGTCCT,0,1250745
ftsKp2,0.5,1,1,CGCATTTAACCTCTGTCGCA,0,1254984
ftsKp2,0.5,1,1,CGCATGCTTGGATGAGGATA,0,1252739
ftsKp2,0.5,1,1,CGCAGATAACTTGAGTTTGT,0,1250839
ftsKp2,0.5,1,1,CGCACGGGGCCTAACATTGT,0,1266017
ftsKp2,0.5,1,1,CGCACGGGCTCGTCACAGCC,0,1243348
ftsKp2,0.5,1,1,CGCACATCGTGCGTACGGGA,0,1258104
ftsKp2,0.5,1,1,CGCACAAGGAATACCGAAAC,0,1269089
ftsKp2,0.5,1,1,CGCAAGCACTGCCCCAGAAG,0,1267429
ftsKp2,0.5,1,1,CGATTTTGCTTACGGGCCGT,0,1259720
ftsKp2,0.5,1,1,CGATGAGATCAAGGGAAGTG,0,1253727
ftsKp2,0.5,1,1,CGATCGACTTAGGCGGGTAG,0,1246487
ftsKp2,0.5,1,1,CGATCAATCCCGTGAAGTCC,0,1255549
ftsKp2,0.5,1,1,CGATAGGAGCTGTCGAGGGT,0,1247521
ftsKp2,0.5,1,1,CGATACCTACCGAAAACAGG,0,1260622
ftsKp2,0.5,1,1,CGATAATATCACTATATGGT,0,1270911
ftsKp2,0.5,1,1,CGAGTTAGCCCGAACAGCAT,0,1245419
ftsKp2,0.5,1,1,CGAGTATCCTTGTCGGGCGC,0,1252912
ftsKp2,0.5,1,1,CGAGTATACATATTTCGTTA,0,1264554
ftsKp2,0.5,1,1,CGAGGTCTCCATCGAGTGTA,0,1261133
ftsKp2,0.5,1,1,CGAGGTCACTTAGGAGCCGT,0,1253751
ftsKp2,0.5,1,1,CGAGGGCAACGAGAGGTAGT,0,1263399
ftsKp2,0.5,1,1,CGAGGAGATGGCAAGCAGCC,0,1247641
ftsKp2,0.5,1,1,CGAGCTGGTAGCCTGTCTCT,0,1251135
ftsKp2,0.5,1,1,CGAGCGACGGCCCGGGAAGC,0,1267716
ftsKp2,0.5,1,1,CGAGCCCGTTACTACTCAGC,0,1266863
ftsKp2,0.5,1,1,CGAGATAGCTCAAGAGTCAA,0,1250135
ftsKp2,0.5,1,1,CGAGACACGTATCGAGAGTT,0,1260690
ftsKp2,0.5,1,1,CGACGTGGATGTTATGTGTA,0,1250497
ftsKp2,0.5,1,1,CGACGTCTTTCCTCATCATT,0,1258526
ftsKp2,0.5,1,1,CGACGCTTGTCCGAAAATGA,0,1262332
ftsKp2,0.5,1,1,CGACCTGGCAGCTCTTCGTG,0,1245043
ftsKp2,0.5,1,1,CGACCAGCACGGGGCCACCA,0,1258915
ftsKp2,0.5,1,1,CGACAGTCACGCAAAATTGT,0,1245219
ftsKp2,0.5,1,1,CGACACAAGTCAACATCTGG,0,1270654
ftsKp2,0.5,1,1,CGAATTACAAGTATGAACGA,0,1249950
ftsKp2,0.5,1,1,CGAAGCGGCCGCTTGGACCT,0,1256783
ftsKp2,0.5,1,1,CCTTTTCAAAAGACTCGTCG,0,1255418
ftsKp2,0.5,1,1,CCTTGGTCGGCCAAGATGGC,0,1267091
ftsKp2,0.5,1,1,CCTTGGGTACAGGATGAAAA,0,1249855
ftsKp2,0.5,1,1,CCTTGGATGGACTTCTACTT,0,1248453
ftsKp2,0.5,1,1,CCTTGCCATTGCACCATCGA,0,1267508
ftsKp2,0.5,1,1,CCTTCGTTAAGCCGTAACGG,0,1245532
ftsKp2,0.5,1,1,CCTTAAATGGCACTGATGCA,0,1267139
ftsKp2,0.5,1,1,CCTGGTAAGTCGGTCGCTAA,0,1261542
ftsKp2,0.5,1,1,CCTGACTCCGGGCTTTCCCT,0,1247197
ftsKp2,0.5,1,1,CCTCGCTAGCAATGAACGCT,0,1260208
ftsKp2,0.5,1,1,CCTCGAGGTCCGTCTGGTTA,0,1255639
ftsKp2,0.5,1,1,CCTCCGGCGTGCAATTCTCC,0,1260769
ftsKp2,0.5,1,1,CCTCCCACGCACCATAGTGA,0,1246203
ftsKp2,0.5,1,1,CCTACGGTGATGGGCACTCC,0,1243333
ftsKp2,0.5,1,1,CCTACGAGATGTTGTCGATC,0,1243256
ftsKp2,0.5,1,1,CCTACCACGAGAGCTGACGC,0,1268266
ftsKp2,0.5,1,1,CCTACACTTGGGTGGCGCGA,0,1249033
ftsKp2,0.5,1,1,CCTAATTTGCTAGGCTTGAG,0,1246994
ftsKp2,0.5,1,1,CCTAAGGAATCCTCGCAGGT,0,1246639
ftsKp2,0.5,1,1,CCTAAGCTGTGTTTGATTTG,0,1267926
ftsKp2,0.5,1,1,CCTAACTCCATATTACAGCA,0,1264320
ftsKp2,0.5,1,1,CCGTGGGAAGCATACATGGA,0,1253141
ftsKp2,0.5,1,1,CCGTCCCGGCCGTGCCTGCA,0,1241231
ftsKp2,0.5,1,1,CCGTCCCCGTGCTAGTGAGA,0,1247847
ftsKp2,0.5,1,1,CCGTAAATACTACGGATCAC,0,1257688
ftsKp2,0.5,1,1,CCGGTCGGGAGCGGTAAACG,0,1242142
ftsKp2,0.5,1,1,CCGGTACTACAGGTCGTTAT,0,1267584
ftsKp2,0.5,1,1,CCGGTAACCCCACACCGCCA,0,1252337
ftsKp2,0.5,1,1,CCGGGTAGGGGCTTACCACA,0,1256338
ftsKp2,0.5,1,1,CCGGGGGGAGTTAGGTCCCC,0,1247704
ftsKp2,0.5,1,1,CCGGGCCTAACTAAACAGGT,0,1265303
ftsKp2,0.5,1,1,CCGGGACTGGAGAAGGAACA,0,1259750
ftsKp2,0.5,1,1,CCGGCTTTCCTCGCGCCTAT,0,1258850
ftsKp2,0.5,1,1,CCGGCGTGAATCTCCCTAAA,0,1259284
ftsKp2,0.5,1,1,CCGGCGATGGCGGTACTATC,0,1268387
ftsKp2,0.5,1,1,CCGCTGCACGCAGGGTTTTC,0,1262535
ftsKp2,0.5,1,1,CCGCTCGTTTTCGTGGCAAC,0,1246805
ftsKp2,0.5,1,1,CCGCCTTAAGGATATATGTA,0,1257448
ftsKp2,0.5,1,1,CCGCCTAACTGGCAGAGCGC,0,1243755
ftsKp2,0.5,1,1,CCGCCGTTGTTTCCCTGACG,0,1242194
ftsKp2,0.5,1,1,CCGCCGGATTCGGTCACGGG,0,1254877
ftsKp2,0.5,1,1,CCGCCGACGAGAAATTACGC,0,1269004
ftsKp2,0.5,1,1,CCGAGCACCACACTGAGGTG,0,1256384
ftsKp2,0.5,1,1,CCGACGTATAACCGGCTGGT,0,1257962
ftsKp2,0.5,1,1,CCGACGTAGGAACATGCCGG,0,1241570
ftsKp2,0.5,1,1,CCGAACGCATGATTCGCAAA,0,1251087
ftsKp2,0.5,1,1,CCGAACACACAGTTAGTCGG,0,1255543
ftsKp2,0.5,1,1,CCGAAACGAAATCTTCCTGC,0,1252279
ftsKp2,0.5,1,1,CCCTGGGCATATTAAATATC,0,1267422
ftsKp2,0.5,1,1,CCCTGCAATTCTTTGAGTCG,0,1247956
ftsKp2,0.5,1,1,CCCTCAATGCGTTTCAGCAA,0,1246327
ftsKp2,0.5,1,1,CCCTAAGTGCCCGAGATTAC,0,1248439
ftsKp2,0.5,1,1,CCCGGGTCGTCCCTTGCTGG,0,1260317
ftsKp2,0.5,1,1,CCCGGCCGGATTGCTCCGGA,0,1264403
ftsKp2,0.5,1,1,CCCGGATAGCACGTTAGGTT,0,1268159
ftsKp2,0.5,1,1,CCCGGACACGCCACCAACTT,0,1242495
ftsKp2,0.5,1,1,CCCGCTGTCAAGCTCTTGAG,0,1253567
ftsKp2,0.5,1,1,CCCGCGCCTGGCAACTGAAG,0,1249243
ftsKp2,0.5,1,1,CCCGCCTAGGGCCTGAAGAG,0,1249570
ftsKp2,0.5,1,1,CCCGATATGCACTACATCTT,0,1257748
ftsKp2,0.5,1,1,CCCGAAATGATGGTCAGTGC,0,1268255
ftsKp2,0.5,1,1,CCCCTTTCGATCTGTCTGAT,0,1250834
ftsKp2,0.5,1,1,CCCCTACTTACGATGAGGGT,0,1270634
ftsKp2,0.5,1,1,CCCCGTTCAGTGCAGCCACT,0,1266259
ftsKp2,0.5,1,1,CCCCGACGGGCTTCCTGCGA,0,1262381
ftsKp2,0.5,1,1,CCCCCAAATCTTCATAGTAA,0,1251600
ftsKp2,0.5,1,1,CCCCATATATTACACATGGA,0,1243602
ftsKp2,0.5,1,1,CCCCAGTGTACTATCAACCA,0,1256579
ftsKp2,0.5,1,1,CCCATGGGGATTTTGGGACA,0,1270007
ftsKp2,0.5,1,1,CCCAGTCCGAGGTTCATAAC,0,1246893
ftsKp2,0.5,1,1,CCCAGGAATTGCCGGGATTG,0,1257742
ftsKp2,0.5,1,1,CCCAGAGGTTAACCAGGGTC,0,1256195
ftsKp2,0.5,1,1,CCCAATGTGGCCTGAGCAAA,0,1256841
ftsKp2,0.5,1,1,CCCAATATATGACTGATATG,0,1254249
ftsKp2,0.5,1,1,CCCAAGCACGCCCGTCGGGT,0,1239432
ftsKp2,0.5,1,1,CCCAACCTGGTGGGATACGA,0,1257941
ftsKp2,0.5,1,1,CCATTTGCAAATTCTCAACT,0,1263707
ftsKp2,0.5,1,1,CCATTGTTATGAGAGCCGTT,0,1247867
ftsKp2,0.5,1,1,CCATTATTGTATGAATATCC,0,1266399
ftsKp2,0.5,1,1,CCATGTAAGGGTATAACAAA,0,1256493
ftsKp2,0.5,1,1,CCATGGGCCCACTCCCTTGA,0,1246126
ftsKp2,0.5,1,1,CCATGGATGCCTAATTAGTA,0,1257928
ftsKp2,0.5,1,1,CCATGCTTGCTTTTATGAAG,0,1247982
ftsKp2,0.5,1,1,CCATCTTGTCGATGAAGTTG,0,1269326
ftsKp2,0.5,1,1,CCATCGACCTCTTACAACAT,0,1270171
ftsKp2,0.5,1,1,CCATATCGCTGCACCGAGAA,0,1257104
ftsKp2,0.5,1,1,CCATACGAGCGCATCAAAGG,0,1252132
ftsKp2,0.5,1,1,CCAGTGATACCCGTACTGCA,0,1250190
ftsKp2,0.5,1,1,CCAGTCTTGCCGGTATAGTA,0,1249604
ftsKp2,0.5,1,1,CCAGATAGGGCAAAACGGAT,0,1266064
ftsKp2,0.5,1,1,CCAGAGGAGGCTCCGCTAAA,0,1251738
ftsKp2,0.5,1,1,CCAGAGACTAATCTGGCGTT,0,1257514
ftsKp2,0.5,1,1,CCACTCCTCATTTCCTAATA,0,1268275
ftsKp2,0.5,1,1,CCACTCACTGGCCGACGTGA,0,1241938
ftsKp2,0.5,1,1,CCACTCAATCGAACCACTTT,0,1254572
ftsKp2,0.5,1,1,CCACGGTATATATAGACAGT,0,1267870
ftsKp2,0.5,1,1,CCACCCCACACACGAACTGA,0,1249212
ftsKp2,0.5,1,1,CCACCCAAACCTTCCGGGTA,0,1241469
ftsKp2,0.5,1,1,CCACCAGACGTGCGCTGTGC,0,1240359
ftsKp2,0.5,1,1,CCACCACTCCGCCTGAGAAT,0,1253380
ftsKp2,0.5,1,1,CCAATTAAGCCCGGATTCAA,0,1258972
ftsKp2,0.5,1,1,CCAATCGACGTGTATTGGCA,0,1256592
ftsKp2,0.5,1,1,CCAATAGTCACAGCTCTCCT,0,1252007
ftsKp2,0.5,1,1,CCAAGTCACTGGAACTGGCG,0,1264193
ftsKp2,0.5,1,1,CCAAGGGGATAAGCCGGTTG,0,1247021
ftsKp2,0.5,1,1,CCAACCGTAAGGCACAGCGT,0,1241971
ftsKp2,0.5,1,1,CCAACCAGCCCCCCCCCTGC,0,1240195
ftsKp2,0.5,1,1,CCAACAGTTTCCGCGCAATC,0,1257914
ftsKp2,0.5,1,1,CCAAACACGAGGTCATAGTT,0,1265832
ftsKp2,0.5,1,1,CATTTTAATTGCTTGATTCT,0,1261301
ftsKp2,0.5,1,1,CATTGGCACCCGTGTTTCAG,0,1256654
ftsKp2,0.5,1,1,CATTGCTACGATGTTGCTTA,0,1259922
ftsKp2,0.5,1,1,CATTGCGACTTTTGCGGTGC,0,1248887
ftsKp2,0.5,1,1,CATTCGGATGTCCACTTCCT,0,1264670
ftsKp2,0.5,1,1,CATTCATGTTGGGGGTCTGA,0,1240665
ftsKp2,0.5,1,1,CATTAATGTATATCTGCTTG,0,1240032
ftsKp2,0.5,1,1,CATGTTTCTGTTCACGGATA,0,1246505
ftsKp2,0.5,1,1,CATGTGAGGGGGCACACAGT,0,1263966
ftsKp2,0.5,1,1,CATGTAGGCGGGTTAAATTC,0,1245463
ftsKp2,0.5,1,1,CATGGTGAGGAAATCACGTG,0,1256254
ftsKp2,0.5,1,1,CATGGGGAAGTTTTCCGAGT,0,1242352
ftsKp2,0.5,1,1,CATGCCCAGCCATTGTAGTT,0,1268578
ftsKp2,0.5,1,1,CATGCAACGTTCCGTTGAAG,0,1269734
ftsKp2,0.5,1,1,CATGATCAGTAAGCCGAATT,0,1243135
ftsKp2,0.5,1,1,CATCTGGCGATCGTTCATAG,0,1267302
ftsKp2,0.5,1,1,CATCTCAGTTGAGTGCAATA,0,1250620
ftsKp2,0.5,1,1,CATCTACGCCTGTTAGTAAT,0,1262713
ftsKp2,0.5,1,1,CATCGGCATGGGTGCAAACC,0,1257994
ftsKp2,0.5,1,1,CATCGAGCGGCCCTCTCTTG,0,1254970
ftsKp2,0.5,1,1,CATCCAGGCAGCCAGCTCTG,0,1241037
ftsKp2,0.5,1,1,CATCATCATTAACGTGAGTG,0,1257511
ftsKp2,0.5,1,1,CATCAGGGCCTAAGGTAAAG,0,1250438
ftsKp2,0.5,1,1,CATCACACGGGGCTACCTGG,0,1249196
ftsKp2,0.5,1,1,CATCAACTGGTTTGCCTGTC,0,1241597
ftsKp2,0.5,1,1,CATATTACCAAGCAGCTCGA,0,1264879
ftsKp2,0.5,1,1,CATATAAAATATGTCTGAGT,0,1264330
ftsKp2,0.5,1,1,CATAGTGATTTCGAAAGTAT,0,1258253
ftsKp2,0.5,1,1,CATAGCAAGTAGTGATTTCC,0,1265455
ftsKp2,0.5,1,1,CATAGAGCGATCGAATATCA,0,1268654
ftsKp2,0.5,1,1,CATACTCAGAGGGACACATT,0,1240730
ftsKp2,0.5,1,1,CATACGGCAATGCCATTTTT,0,1247512
ftsKp2,0.5,1,1,CATACATTGGAACATGCTCT,0,1246544
ftsKp2,0.5,1,1,CATAATTTGTAGTAGATTTT,0,1269550
ftsKp2,0.5,1,1,CATAAGTCCTAAGGTTTTCC,0,1269940
ftsKp2,0.5,1,1,CAGTTTGGTCAAAGGGTCCG,0,1271083
ftsKp2,0.5,1,1,CAGTTTCCTACTATTTCTCC,0,1251983
ftsKp2,0.5,1,1,CAGTGTCTGCACCCCGCGAT,0,1258314
ftsKp2,0.5,1,1,CAGTGAAGAAGGAGGGGTGT,0,1252488
ftsKp2,0.5,1,1,CAGTCTCGGCATTACGTGGA,0,1241141
ftsKp2,0.5,1,1,CAGTCGTATCGATGTTCGGT,0,1270795
ftsKp2,0.5,1,1,CAGTCCTATCAGCGTCTACA,0,1266499
ftsKp2,0.5,1,1,CAGTCAATTAGGTACACTCC,0,1262220
ftsKp2,0.5,1,1,CAGTAGGGGTCTTAACTCCT,0,1266146
ftsKp2,0.5,1,1,CAGGTTAGCGGCTCGCTAGG,0,1239931
ftsKp2,0.5,1,1,CAGGTGTTGTGGTCGGTCGC,0,1256409
ftsKp2,0.5,1,1,CAGGTATGTGGAGTTAATCC,0,1265701
ftsKp2,0.5,1,1,CAGGCGGGTTGAGAGGCCTG,0,1251733
ftsKp2,0.5,1,1,CAGGCGAGCTGCCAGTACGG,0,1255962
ftsKp2,0.5,1,1,CAGGCAGACCCCTTGGTCAT,0,1242143
ftsKp2,0.5,1,1,CAGGAGGGGTAGCGCTTGGT,0,1254704
ftsKp2,0.5,1,1,CAGCGATCGTCCTCATGGAT,0,1250843
ftsKp2,0.5,1,1,CAGCCATAAATGCCATTGGG,0,1255896
ftsKp2,0.5,1,1,CAGATCCAACCGATATAGGT,0,1259569
ftsKp2,0.5,1,1,CAGAGCTTCACGAAGGCAAA,0,1260246
ftsKp2,0.5,1,1,CAGACATTTCCTGTGCTAGG,0,1258703
ftsKp2,0.5,1,1,CAGACATGGCCGTGCGTAAG,0,1257517
ftsKp2,0.5,1,1,CAGAACCTCGTACCGAGGGG,0,1249525
ftsKp2,0.5,1,1,CACTTACCTTAATTGTTGAA,0,1244854
ftsKp2,0.5,1,1,CACTGTTTAATTTACCTTCC,0,1240790
ftsKp2,0.5,1,1,CACTGGGAGCTACTTGATCA,0,1258624
ftsKp2,0.5,1,1,CACTCTTGTGTTATCTCGCT,0,1260068
ftsKp2,0.5,1,1,CACTCAGTGAAAGAACAACT,0,1254690
ftsKp2,0.5,1,1,CACTACCCCCAGGCTGCACA,0,1265469
ftsKp2,0.5,1,1,CACGTTTAGCTAAAGCTTAA,0,1240238
ftsKp2,0.5,1,1,CACGTGGCAAGCATCTTCAG,0,1248662
ftsKp2,0.5,1,1,CACGTAGATGACAATTTCGA,0,1244212
ftsKp2,0.5,1,1,CACGTAATTTTTGGGATATG,0,1262914
ftsKp2,0.5,1,1,CACGGCAACACCGGCGTAGG,0,1270228
ftsKp2,0.5,1,1,CACGCGCACGACAGCAGACT,0,1249686
ftsKp2,0.5,1,1,CACGACGTAAAGATATACCG,0,1251106
ftsKp2,0.5,1,1,CACCTTTCGGTTGCGCAACA,0,1258796
ftsKp2,0.5,1,1,CACCTTGTTGTTTATCTTGA,0,1251148
ftsKp2,0.5,1,1,CACCTTCCTTTTGTTGCCTC,0,1243644
ftsKp2,0.5,1,1,CACCTACTGCGGGAATGTCA,0,1270907
ftsKp2,0.5,1,1,CACCGGGGCCAACCGGCGTA,0,1259012
ftsKp2,0.5,1,1,CACCCACTTTTAATGTAGGA,0,1242118
ftsKp2,0.5,1,1,CACCAAAATACTGGAGTCAG,0,1245273
ftsKp2,0.5,1,1,CACATGTGCCTTTGAGAATC,0,1244700
ftsKp2,0.5,1,1,CACATGCAGAACAGGCTGAA,0,1267017
ftsKp2,0.5,1,1,CACATATCTAAGTGTTTTTT,0,1254000
ftsKp2,0.5,1,1,CACATAGTACGATATTGAGA,0,1264782
ftsKp2,0.5,1,1,CACAGTCGTGGGGACCTTAC,0,1253899
ftsKp2,0.5,1,1,CACAGGAGCACCAGGATTAT,0,1268098
ftsKp2,0.5,1,1,CACAGCTGATAGCAAATAGC,0,1250069
ftsKp2,0.5,1,1,CACACTGATCGCACTCGGAC,0,1255564
ftsKp2,0.5,1,1,CACAATTCATGAACCCGGCT,0,1239961
ftsKp2,0.5,1,1,CAATTGAGATAATCTTTTGC,0,1266235
ftsKp2,0.5,1,1,CAATGTTGTAGGGCCGTCAG,0,1243193
ftsKp2,0.5,1,1,CAATGTAACCATCGAATAAA,0,1267669
ftsKp2,0.5,1,1,CAATGCGGCGGGGGAGACGC,0,1263617
ftsKp2,0.5,1,1,CAATGCAATAGTTGCATTCT,0,1254202
ftsKp2,0.5,1,1,CAATGACACACACCCACAAG,0,1239782
ftsKp2,0.5,1,1,CAATACGGGCCTCTATACGT,0,1248203
ftsKp2,0.5,1,1,CAAGTCTCACCCGGGACCAA,0,1250751
ftsKp2,0.5,1,1,CAAGTATAGCGTATTCCCCT,0,1270094
ftsKp2,0.5,1,1,CAAGTACTCGGCGCTTTGAC,0,1254342
ftsKp2,0.5,1,1,CAAGGACACATGACACTTCA,0,1269786
ftsKp2,0.5,1,1,CAAGGAACGGGTCGCAGGTA,0,1242087
ftsKp2,0.5,1,1,CAAGCTCCCTCGGCCGCGGA,0,1263922
ftsKp2,0.5,1,1,CAAGCGGTCCCCCTGTCAAT,0,1269896
ftsKp2,0.5,1,1,CAAGCGAAGGACAAACGATA,0,1263964
ftsKp2,0.5,1,1,CAAGACTAACTGCGAAACAT,0,1267096
ftsKp2,0.5,1,1,CAACGCCTCTACAAGGCCTC,0,1266330
ftsKp2,0.5,1,1,CAACCTTCGTCGTAACATCT,0,1265750
ftsKp2,0.5,1,1,CAACCGATTGTAATGGTGAG,0,1266331
ftsKp2,0.5,1,1,CAACATGACCCCGCGGCAAT,0,1249281
ftsKp2,0.5,1,1,CAACAGTTAAGAGGCATGCA,0,1250496
ftsKp2,0.5,1,1,CAACACGAGAAGCGCTGAAA,0,1253496
ftsKp2,0.5,1,1,CAAATGGACCCACAGATTAC,0,1266258
ftsKp2,0.5,1,1,CAAATGCCCACTCAATAGCA,0,1241983
ftsKp2,0.5,1,1,CAAATAAAGTGACAAGCCGA,0,1264158
ftsKp2,0.5,1,1,CAAAGGATTGGTTCTACCCT,0,1244832
ftsKp2,0.5,1,1,CAAAGGATGGGACTTCCTCC,0,1248087
ftsKp2,0.5,1,1,CAAAGCCTGGCTCGTGCCGA,0,1262696
ftsKp2,0.5,1,1,ATTTTTTTGTCTTTGGCTAT,0,1253090
ftsKp2,0.5,1,1,ATTTAAAGCGCAAAGATTCA,0,1270686
ftsKp2,0.5,1,1,ATTGGGGTGTGGCTAAGTCT,0,1254112
ftsKp2,0.5,1,1,ATTGGCTGATAACGTGCTGC,0,1254469
ftsKp2,0.5,1,1,ATTGCGTAGGGTTAGTTAAC,0,1259339
ftsKp2,0.5,1,1,ATTGCCTACTATAGACCGAT,0,1251205
ftsKp2,0.5,1,1,ATTGCCGATATAAAGGTTTT,0,1255225
ftsKp2,0.5,1,1,ATTGAGACGTCAAAACACGG,0,1254394
ftsKp2,0.5,1,1,ATTCGCATTCTGATTGATAT,0,1250174
ftsKp2,0.5,1,1,ATTCCTGGGGCCTCGCTCGA,0,1247658
ftsKp2,0.5,1,1,ATTATTGATAGTGCGCTTCT,0,1270857
ftsKp2,0.5,1,1,ATTATTAGAGCAGAACGGTT,0,1242822
ftsKp2,0.5,1,1,ATTATCTTCCGTAGGACCCG,0,1251645
ftsKp2,0.5,1,1,ATTAGTTGAAACGTCTAGTC,0,1249895
ftsKp2,0.5,1,1,ATTAGTGTTAATAAGCAGAT,0,1267149
ftsKp2,0.5,1,1,ATTAGGTGTCAGGACCTTCT,0,1244382
ftsKp2,0.5,1,1,ATTACTTGCCAGGGCCGTCC,0,1258615
ftsKp2,0.5,1,1,ATTACCTCTCGCGTCTCTAC,0,1268598
ftsKp2,0.5,1,1,ATTAATGTGACCATAAAGTA,0,1268691
ftsKp2,0.5,1,1,ATTAACGCTTCCAGTCGAAA,0,1266320
ftsKp2,0.5,1,1,ATGTTTTGAGGCCCTTACGG,0,1262066
ftsKp2,0.5,1,1,ATGTTGTTAGAACCTGGGAA,0,1258652
ftsKp2,0.5,1,1,ATGTTCTTACCACGACTGAA,0,1249614
ftsKp2,0.5,1,1,ATGTTATGAACGTCAGGCAG,0,1263866
ftsKp2,0.5,1,1,ATGTGTACCCCGTCTCGGCA,0,1249126
ftsKp2,0.5,1,1,ATGTGGACGAGTCGCCACAT,0,1248949
ftsKp2,0.5,1,1,ATGTGAGTCGTACGAGGCTG,0,1248842
ftsKp2,0.5,1,1,ATGTCTATCGTAACGGGAGA,0,1270840
ftsKp2,0.5,1,1,ATGTCCGTTGTGAGCCGGTA,0,1258129
ftsKp2,0.5,1,1,ATGTCCGGCAAAGCGAGGCA,0,1246650
ftsKp2,0.5,1,1,ATGTATCAGACTTGGACCTC,0,1270607
ftsKp2,0.5,1,1,ATGGTTCACTAATGCTCTTA,0,1261575
ftsKp2,0.5,1,1,ATGGTACAGGTCGCGTAGTT,0,1240743
ftsKp2,0.5,1,1,ATGGGTCTATAAAGCCGGTA,0,1260975
ftsKp2,0.5,1,1,ATGGGTATATCCTTCAAGTG,0,1242847
ftsKp2,0.5,1,1,ATGGGATGGGCGCATATCCT,0,1266895
ftsKp2,0.5,1,1,ATGGCTGGTGCCGGAAGTTG,0,1263624
ftsKp2,0.5,1,1,ATGGCTCAAGCGAGCAAGAT,0,1242317
ftsKp2,0.5,1,1,ATGGCAGCGCCTATGTAGGC,0,1266420
ftsKp2,0.5,1,1,ATGGACAGCGTGCCCGCATC,0,1266180
ftsKp2,0.5,1,1,ATGCGCGGCACTCGGGATTT,0,1268624
ftsKp2,0.5,1,1,ATGCATTATGGGCTGAGCGA,0,1258598
ftsKp2,0.5,1,1,ATGCAGGGTACCTGTTGACG,0,1270760
ftsKp2,0.5,1,1,ATGCAAAGAAACCGGGCACA,0,1241741
ftsKp2,0.5,1,1,ATGATTCACGAGACCTTAAC,0,1247286
ftsKp2,0.5,1,1,ATGATCGATACGAGTTCTGG,0,1253740
ftsKp2,0.5,1,1,ATGATAGATCAAATATACGC,0,1247441
ftsKp2,0.5,1,1,ATGAGGCTGTAGGGACTTGA,0,1262390
ftsKp2,0.5,1,1,ATGAGATAAACTACTCTATT,0,1263952
ftsKp2,0.5,1,1,ATGAACCGGAAAATGTGATT,0,1265405
ftsKp2,0.5,1,1,ATGAAATTCGCCCCTGGCGC,0,1265822
ftsKp2,0.5,1,1,ATCTGTAATCAGTATGGGTA,0,1245560
ftsKp2,0.5,1,1,ATCTGATCAAGTTGGAAAGA,0,1249602
ftsKp2,0.5,1,1,ATCTGACTATTGCTCTTTGT,0,1248586
ftsKp2,0.5,1,1,ATCTCGTAAACGCCGAAAAG,0,1249239
ftsKp2,0.5,1,1,ATCTCCCCAATCTAGTCGCT,0,1244388
ftsKp2,0.5,1,1,ATCTATTATCAGTTGTAGGA,0,1263397
ftsKp2,0.5,1,1,ATCTATGGTGGTAGGTCCAT,0,1271127
ftsKp2,0.5,1,1,ATCTATGCCACAGCGAAATC,0,1257256
ftsKp2,0.5,1,1,ATCTAGCCTTGTGCATTTAT,0,1254759
ftsKp2,0.5,1,1,ATCTACCGGATTTAAATTGA,0,1264291
ftsKp2,0.5,1,1,ATCGTACGGCGGGGACATAT,0,1255831
ftsKp2,0.5,1,1,ATCGGTAGTCCGCTACGACA,0,1269470
ftsKp2,0.5,1,1,ATCGGTAACTTCCGCGTTAC,0,1263943
ftsKp2,0.5,1,1,ATCGGCGTTTAGGAGATCAC,0,1259014
ftsKp2,0.5,1,1,ATCGCATAGTTTTAGTGCTT,0,1240660
ftsKp2,0.5,1,1,ATCGAGGAGAGCGTTAGTCC,0,1246517
ftsKp2,0.5,1,1,ATCGACAATCTCAGACTGAC,0,1243342
ftsKp2,0.5,1,1,ATCGAATCAGACTATATCTG,0,1243494
ftsKp2,0.5,1,1,ATCCGTACCTTCCCACTCCA,0,1243865
ftsKp2,0.5,1,1,ATCCGCGCGCGCCTCGCTCC,0,1246097
ftsKp2,0.5,1,1,ATCCGATCTTTGCCCATGTG,0,1263225
ftsKp2,0.5,1,1,ATCCACCTGGGCATACGGAG,0,1247030
ftsKp2,0.5,1,1,ATCATTTCTGCCTTGTCACC,0,1254028
ftsKp2,0.5,1,1,ATCATTGGTGATCCAAGTGC,0,1246958
ftsKp2,0.5,1,1,ATCATGTTACTCTCGTGCAT,0,1254429
ftsKp2,0.5,1,1,ATCATCGAGTGATCCGAATA,0,1254669
ftsKp2,0.5,1,1,ATCATAGGTCTCAAAGTGGA,0,1249475
ftsKp2,0.5,1,1,ATCATACGTTTACTATTATG,0,1269919
ftsKp2,0.5,1,1,ATCAGTGGAGCTCCTTTATT,0,1257185
ftsKp2,0.5,1,1,ATCAGCGGCATGCGTGGTCG,0,1247018
ftsKp2,0.5,1,1,ATCAGACATGTTCTCTCCCT,0,1246976
ftsKp2,0.5,1,1,ATCACTCGGCGCGCTGTTGT,0,1251695
ftsKp2,0.5,1,1,ATCACAGCATGCCCGTTTAG,0,1265774
ftsKp2,0.5,1,1,ATCAAAGCAAACCTTTTTCC,0,1263944
ftsKp2,0.5,1,1,ATATTTGAGATGCGCCTTCA,0,1239801
ftsKp2,0.5,1,1,ATATTTCCTCAGGAAGTACT,0,1241466
ftsKp2,0.5,1,1,ATATTATATCCCTTGCCGCA,0,1249333
ftsKp2,0.5,1,1,ATATTAGTCGCTAAGCGTTA,0,1267562
ftsKp2,0.5,1,1,ATATTAAAGTTACTGGGGCT,0,1239410
ftsKp2,0.5,1,1,ATATGGGCGCTCGGCCAAAC,0,1260501
ftsKp2,0.5,1,1,ATATGCAGCCTGTGGCCTCT,0,1262015
ftsKp2,0.5,1,1,ATATATGTGTCGTTTTGTAT,0,1254024
ftsKp2,0.5,1,1,ATATACAATCGTATTCAGCA,0,1249465
ftsKp2,0.5,1,1,ATAGTTTGAGCTGTACGGTC,0,1248561
ftsKp2,0.5,1,1,ATAGTTATGCGTCGGTCGTA,0,1245090
ftsKp2,0.5,1,1,ATAGTGATCTGCAGGTGCCA,0,1255279
ftsKp2,0.5,1,1,ATAGTAATTAGTCCCCGACC,0,1255615
ftsKp2,0.5,1,1,ATAGGTGTAGCCGTTTTCCA,0,1239511
ftsKp2,0.5,1,1,ATAGGTCTGAATCGCTTTGT,0,1247809
ftsKp2,0.5,1,1,ATAGGTAGACTCCCCCGGAA,0,1267819
ftsKp2,0.5,1,1,ATAGCCCTAATGTTCCAACA,0,1246075
ftsKp2,0.5,1,1,ATAGCAGGGGTCTTATCTTG,0,1256497
ftsKp2,0.5,1,1,ATAGCAGCTACTGGACATTA,0,1256291
ftsKp2,0.5,1,1,ATAGAATACCACGGCCACTA,0,1271073
ftsKp2,0.5,1,1,ATACTCCCCCGCGCCAGGAT,0,1242876
ftsKp2,0.5,1,1,ATACGTCGTCGCTTGGCATT,0,1256960
ftsKp2,0.5,1,1,ATACCATCTAAGCTACGCGC,0,1264961
ftsKp2,0.5,1,1,ATACAGAGGGGTTAGGTACT,0,1252961
ftsKp2,0.5,1,1,ATACAAGTCAGATACTATCG,0,1244322
ftsKp2,0.5,1,1,ATAATTTAAAGATTATAGTA,0,1246089
ftsKp2,0.5,1,1,ATAATTGTAACTGGAACTGG,0,1242169
ftsKp2,0.5,1,1,ATAATGCAGTAGTGGTACGA,0,1259393
ftsKp2,0.5,1,1,ATAATAGGTTTGAACGCGCC,0,1265670
ftsKp2,0.5,1,1,ATAAGCATGTGTTGGAGCCA,0,1255535
ftsKp2,0.5,1,1,ATAAGATGATCATCGGGCGA,0,1239344
ftsKp2,0.5,1,1,ATAAGACACTGCCAGTGGTG,0,1247920
ftsKp2,0.5,1,1,ATAACTTTTAAGGTTATGAT,0,1244126
ftsKp2,0.5,1,1,ATAACGGCCTGTAAGGATGG,0,1245735
ftsKp2,0.5,1,1,ATAACCCTTTTTCGCAAAAC,0,1256821
ftsKp2,0.5,1,1,ATAACAGAATTGGGGTTGAC,0,1239901
ftsKp2,0.5,1,1,ATAAATTCTATGTATCGAGA,0,1241522
ftsKp2,0.5,1,1,ATAAAGTCAGCAGCTTTTTG,0,1243514
ftsKp2,0.5,1,1,ATAAAGACGTTTTATAAGGG,0,1242362
ftsKp2,0.5,1,1,ATAAACGAGAAGGTAGACGA,0,1252917
ftsKp2,0.5,1,1,ATAAAATTAGACCGTACGTA,0,1260294
ftsKp2,0.5,1,1,AGTTTTTTAAACTGGCCCCC,0,1246375
ftsKp2,0.5,1,1,AGTTTGCCAGGTTCTCGGAT,0,1263445
ftsKp2,0.5,1,1,AGTTTACCGCGCGGATGATT,0,1259103
ftsKp2,0.5,1,1,AGTTGTGCGTCGGCTTTGGG,0,1242351
ftsKp2,0.5,1,1,AGTTCGGATAGGAGGCAATT,0,1260908
ftsKp2,0.5,1,1,AGTTCCCTTTCTACTGTAGG,0,1250108
ftsKp2,0.5,1,1,AGTTCATGGTCCGCCTTTCA,0,1241745
ftsKp2,0.5,1,1,AGTTCATCCGACAGCAAGAA,0,1264161
ftsKp2,0.5,1,1,AGTTCACGGCGCGTACCGCA,0,1241531
ftsKp2,0.5,1,1,AGTTAGGCCGTCCATAACCT,0,1256574
ftsKp2,0.5,1,1,AGTGTTGCACTGAACAAACC,0,1266411
ftsKp2,0.5,1,1,AGTGTGTATCTCAAGAGGTA,0,1243400
ftsKp2,0.5,1,1,AGTGTCTTAGACCTCCCCTA,0,1248657
ftsKp2,0.5,1,1,AGTGGCGTATGAGATCATGG,0,1256995
ftsKp2,0.5,1,1,AGTGGCGCCGAGCGGCGCCA,0,1240520
ftsKp2,0.5,1,1,AGTGCGCATATCCTTTGTAA,0,1265904
ftsKp2,0.5,1,1,AGTGCAATCAGACTCAATCA,0,1263340
ftsKp2,0.5,1,1,AGTGATGATCCTGGCCTCAG,0,1244363
ftsKp2,0.5,1,1,AGTGATCTGCGGTCTGCCTG,0,1239688
ftsKp2,0.5,1,1,AGTGAGTAGGGGATCTGCCT,0,1263747
ftsKp2,0.5,1,1,AGTGAAGTAAAACATGTTTT,0,1260286
ftsKp2,0.5,1,1,AGTCGGTGCTTGTAATTCCA,0,1267332
ftsKp2,0.5,1,1,AGTCGGGTCAAGTCGAGGAT,0,1247055
ftsKp2,0.5,1,1,AGTCGCGCGCCAGCCGCTCA,0,1268898
ftsKp2,0.5,1,1,AGTCATCAAACCAGCATAGT,0,1239982
ftsKp2,0.5,1,1,AGTAGTATTAAACTACTCGC,0,1253769
ftsKp2,0.5,1,1,AGTACGGACTGTTTCGAGTG,0,1250569
ftsKp2,0.5,1,1,AGTAATACCATCACTACGAA,0,1269239
ftsKp2,0.5,1,1,AGTAAAACTAAATTTTCTGC,0,1255775
ftsKp2,0.5,1,1,AGGTTCGAAGCAATCGGACC,0,1269964
ftsKp2,0.5,1,1,AGGTTAAAGGCACTCCGCAG,0,1259066
ftsKp2,0.5,1,1,AGGTGTACCCCATTTGGACA,0,1252754
ftsKp2,0.5,1,1,AGGTGCTGCAAGAAAGCTGG,0,1247644
ftsKp2,0.5,1,1,AGGTGAGGTCACCGGTGCTA,0,1266702
ftsKp2,0.5,1,1,AGGTCTCCTGGTGTAGGAGA,0,1256064
ftsKp2,0.5,1,1,AGGTCGGTCCACTCGAGGTC,0,1245343
ftsKp2,0.5,1,1,AGGTCGCCTAGTGCACCCTT,0,1261983
ftsKp2,0.5,1,1,AGGTCCAGTGAACGAGTTAG,0,1255406
ftsKp2,0.5,1,1,AGGTAGGGTAGCTTAAAGGG,0,1264204
ftsKp2,0.5,1,1,AGGTAAGCGGTGGGGAAGAA,0,1255400
ftsKp2,0.5,1,1,AGGTAAATGGTACAGTGGAA,0,1243108
ftsKp2,0.5,1,1,AGGGTGCGAGCTTCCTCGCT,0,1245964
ftsKp2,0.5,1,1,AGGGTCAGCATCGCGTACTC,0,1271008
ftsKp2,0.5,1,1,AGGGGACACGGTTAGGATAC,0,1252477
ftsKp2,0.5,1,1,AGGGCGGGCAATCCGGCGTG,0,1253132
ftsKp2,0.5,1,1,AGGGCGAGCTTGCGCCGGCG,0,1266842
ftsKp2,0.5,1,1,AGGGACAGAACTTGGGCCGG,0,1252447
ftsKp2,0.5,1,1,AGGGAATTTGCCTCAGTGGC,0,1270960
ftsKp2,0.5,1,1,AGGCTCCAGGCGGGTGACGT,0,1264505
ftsKp2,0.5,1,1,AGGCGATTTGTGTTGCGAAT,0,1242218
ftsKp2,0.5,1,1,AGGCGAGCCTGCATCGAGTA,0,1264861
ftsKp2,0.5,1,1,AGGCGAAGGCACGCAGTCTC,0,1251930
ftsKp2,0.5,1,1,AGGCAACTAACCCCCGAGAT,0,1265030
ftsKp2,0.5,1,1,AGGATGATTCTTTCTTCAAA,0,1251154
ftsKp2,0.5,1,1,AGGATCATCACTTACCTACA,0,1261953
ftsKp2,0.5,1,1,AGGATACCCGTTGGTACTCA,0,1246297
ftsKp2,0.5,1,1,AGGAGATTTATACTCTCTCA,0,1240214
ftsKp2,0.5,1,1,AGGACATTGGGAACCTAGAT,0,1241674
ftsKp2,0.5,1,1,AGCTTGAAATTCTCTCAAAT,0,1257020
ftsKp2,0.5,1,1,AGCTGGTGTCTACCCCTTGC,0,1263960
ftsKp2,0.5,1,1,AGCTGGGGGTGGAGCAGTAC,0,1265290
ftsKp2,0.5,1,1,AGCTCTTAGCAGGCCCAGTT,0,1250881
ftsKp2,0.5,1,1,AGCTCTCGCCAGATTTAGTT,0,1268299
ftsKp2,0.5,1,1,AGCTCTATTCTCAGGACCTA,0,1245639
ftsKp2,0.5,1,1,AGCTCGAACTGCACTTGTGG,0,1246137
ftsKp2,0.5,1,1,AGCTATTCACTGCAACTCGC,0,1256772
ftsKp2,0.5,1,1,AGCTAGATCCCTACGGGCCA,0,1254217
ftsKp2,0.5,1,1,AGCTAAATCTCAAAATTTAG,0,1246968
ftsKp2,0.5,1,1,AGCGTTGCCCCTGTCGTACT,0,1255485
ftsKp2,0.5,1,1,AGCGTGCTTGCGGAGTCTGA,0,1259281
ftsKp2,0.5,1,1,AGCGCGCCGGAGTACAATTT,0,1267129
ftsKp2,0.5,1,1,AGCGCGCATTGAAAGAAATT,0,1248027
ftsKp2,0.5,1,1,AGCCTGTACCTATGGCGAGC,0,1249407
ftsKp2,0.5,1,1,AGCCTCCGTGGGAGTAAGTT,0,1264350
ftsKp2,0.5,1,1,AGCCTCACATACCGTTCGGT,0,1246996
ftsKp2,0.5,1,1,AGCCGGGTTTTATAAGTAGT,0,1255897
ftsKp2,0.5,1,1,AGCCGCTCCCCTTGTAGCGA,0,1249869
ftsKp2,0.5,1,1,AGCCCATACAGGGCGTGTTA,0,1243753
ftsKp2,0.5,1,1,AGCATCGCTGAGAGCGACAA,0,1261047
ftsKp2,0.5,1,1,AGCAGGAGGGGGGACTGTTC,0,1258276
ftsKp2,0.5,1,1,AGCAGCCGTGTTAGGGTTAC,0,1267188
ftsKp2,0.5,1,1,AGCACTTGGTGAGCGCCCCG,0,1254286
ftsKp2,0.5,1,1,AGCACAGCGGCAACATCTAC,0,1249153
ftsKp2,0.5,1,1,AGCACAAGCACAACATTGAC,0,1260966
ftsKp2,0.5,1,1,AGCAATATGGTCTAACTGAG,0,1252013
ftsKp2,0.5,1,1,AGCAATAGCAGAACTTAGAA,0,1263975
ftsKp2,0.5,1,1,AGCAAAATTGCCCAGAGTGG,0,1245623
ftsKp2,0.5,1,1,AGATGTGCCGCCTTAGTGTG,0,1262643
ftsKp2,0.5,1,1,AGATGAGGGGGGACCCTCAC,0,1243030
ftsKp2,0.5,1,1,AGATCTCTCAGCTTGAGCCT,0,1263242
ftsKp2,0.5,1,1,AGATCCGTGGGTGCCTCGCC,0,1247995
ftsKp2,0.5,1,1,AGATCCGACCGTCAGTTGAT,0,1248543
ftsKp2,0.5,1,1,AGATCACGAACTTTAGTAGT,0,1248874
ftsKp2,0.5,1,1,AGATAGTCGTATACATCGCG,0,1267045
ftsKp2,0.5,1,1,AGATACTCGACGGTGGAAGC,0,1259681
ftsKp2,0.5,1,1,AGATACAGGGACCTTTTTGA,0,1253670
ftsKp2,0.5,1,1,AGATAAGGGAATGGATCTCT,0,1266506
ftsKp2,0.5,1,1,AGAGGCACACGGCTTGGGCT,0,1245780
ftsKp2,0.5,1,1,AGAGAGTCATTCAGGAGACC,0,1242487
ftsKp2,0.5,1,1,AGAGAACGAGGGAGTCACCC,0,1254048
ftsKp2,0.5,1,1,AGAGAACCTATCATTCAATG,0,1251853
ftsKp2,0.5,1,1,AGACGGAATGTCATTTCCCA,0,1255381
ftsKp2,0.5,1,1,AGACGACTAAATGATGGCAG,0,1247119
ftsKp2,0.5,1,1,AGACCAGTTCTGACTACCTG,0,1264156
ftsKp2,0.5,1,1,AGAAGTTTACCGTTTTGTTT,0,1252090
ftsKp2,0.5,1,1,AGAACACATTTTGTGCAGTT,0,1268617
ftsKp2,0.5,1,1,AGAAAGGCGTACTTTGTTAA,0,1262533
ftsKp2,0.5,1,1,AGAAAGCGCAAGCTTGTCCT,0,1260756
ftsKp2,0.5,1,1,AGAAAGATGTATTCCACGTC,0,1263704
ftsKp2,0.5,1,1,AGAAAATAAGCGCAGAAGAG,0,1239515
ftsKp2,0.5,1,1,ACTTTTAAAATTATACGCTA,0,1263959
ftsKp2,0.5,1,1,ACTTGTGTCGAACAGTGTGG,0,1269963
ftsKp2,0.5,1,1,ACTTGGCGCCGGATCCGAAT,0,1256207
ftsKp2,0.5,1,1,ACTTGACTATTACATAACGC,0,1239881
ftsKp2,0.5,1,1,ACTTCGCAACGCGTCTTTAT,0,1258343
ftsKp2,0.5,1,1,ACTTATCCCAGTTTGCTTTA,0,1240109
ftsKp2,0.5,1,1,ACTGTGGTTTTATCCGCGAT,0,1262238
ftsKp2,0.5,1,1,ACTGTACTAAATATGGGATC,0,1248509
ftsKp2,0.5,1,1,ACTGCTGGCCCCCTTTGCCA,0,1243023
ftsKp2,0.5,1,1,ACTGATTTGCCATCCTTGCC,0,1254672
ftsKp2,0.5,1,1,ACTGAGACTTCAGCCCAGGG,0,1268323
ftsKp2,0.5,1,1,ACTCTTTCCCCCCCTGTCCT,0,1246070
ftsKp2,0.5,1,1,ACTCTGGTCGCAAGCGCTCT,0,1269520
ftsKp2,0.5,1,1,ACTCGTTATGACGAACCCAA,0,1255163
ftsKp2,0.5,1,1,ACTCGTCCCGGGGTGACAGT,0,1250279
ftsKp2,0.5,1,1,ACTCGGTTCGTCACGCGCAT,0,1242343
ftsKp2,0.5,1,1,ACTCCGGGGTCCCAACTGGT,0,1269994
ftsKp2,0.5,1,1,ACTCCCAGCTTGGGTCGAAG,0,1266385
ftsKp2,0.5,1,1,ACTCATATCCTATCAGACCC,0,1269856
ftsKp2,0.5,1,1,ACTCAGTTATTGGAAATGCT,0,1268738
ftsKp2,0.5,1,1,ACTCAGCGCCGGACTCCTTC,0,1268993
ftsKp2,0.5,1,1,ACTATCCCCAGGATCTGGAT,0,1242766
ftsKp2,0.5,1,1,ACTACTCTAACGTGCGGCCT,0,1250305
ftsKp2,0.5,1,1,ACTACGGGTCCATTCGAGAC,0,1254464
ftsKp2,0.5,1,1,ACTAACTTCAGCATGCAATA,0,1252940
ftsKp2,0.5,1,1,ACGTGTTTTTTGTAATGCCA,0,1258350
ftsKp2,0.5,1,1,ACGTGGCAGGAATAGCACAA,0,1263942
ftsKp2,0.5,1,1,ACGTGCTGGGGTCACCTCCG,0,1260773
ftsKp2,0.5,1,1,ACGTCACAAAAGTTACTTCA,0,1266401
ftsKp2,0.5,1,1,ACGTATATATAGGATCGGAC,0,1263043
ftsKp2,0.5,1,1,ACGTACAACGTAATTTGTCC,0,1247432
ftsKp2,0.5,1,1,ACGGTTCGGTGCAATCAATC,0,1247249
ftsKp2,0.5,1,1,ACGGTTAATAACCATCCTTA,0,1260387
ftsKp2,0.5,1,1,ACGGTGGTCTCGTGTGAAGT,0,1241312
ftsKp2,0.5,1,1,ACGGGTAGTCAGCTGGACAT,0,1254418
ftsKp2,0.5,1,1,ACGGGGTAAATTGGCCCGGT,0,1262242
ftsKp2,0.5,1,1,ACGGGGGGCATCCAGGTTGG,0,1254763
ftsKp2,0.5,1,1,ACGGCATTAACATCAGCTAT,0,1244326
ftsKp2,0.5,1,1,ACGGATTTGTAGGCTAGTTC,0,1244637
ftsKp2,0.5,1,1,ACGCTGGTGGTTAAAGTGAA,0,1249592
ftsKp2,0.5,1,1,ACGCGTATCTATATCGTAGG,0,1243984
ftsKp2,0.5,1,1,ACGCGCTTGGGACGGGAGTT,0,1261145
ftsKp2,0.5,1,1,ACGCCGTAATCTTGAGTCCG,0,1260810
ftsKp2,0.5,1,1,ACGCCGCACCGTAGTGGGTG,0,1263554
ftsKp2,0.5,1,1,ACGCCCGGTCCCTAACATTA,0,1254255
ftsKp2,0.5,1,1,ACGCAGCAGTAGCCGTGTCT,0,1243495
ftsKp2,0.5,1,1,ACGATAGGGACCTCGATATC,0,1240836
ftsKp2,0.5,1,1,ACGAGGTAGTATACCCCGGG,0,1261514
ftsKp2,0.5,1,1,ACGAGCCATTATCTCTTGAC,0,1259777
ftsKp2,0.5,1,1,ACGACCGAGAAATCCCAACA,0,1245001
ftsKp2,0.5,1,1,ACGACCACATTTTGGACTCC,0,1258142
ftsKp2,0.5,1,1,ACGAATCTTGTCCCCCTTAC,0,1247422
ftsKp2,0.5,1,1,ACGAAATTTACGGTGAGGTT,0,1248747
ftsKp2,0.5,1,1,ACGAAAGCATTTCCGCGAAC,0,1257847
ftsKp2,0.5,1,1,ACCTTTGCGGGACTGTCACA,0,1245950
ftsKp2,0.5,1,1,ACCTTGAAGTGTCGAACGTG,0,1264152
ftsKp2,0.5,1,1,ACCTTCCTCTCACCTATGGA,0,1270873
ftsKp2,0.5,1,1,ACCTGTCCCCATTTAGAGGT,0,1260384
ftsKp2,0.5,1,1,ACCTCATGATCGTTTCTAAT,0,1265435
ftsKp2,0.5,1,1,ACCTATCTGGTTGCGAAACG,0,1261444
ftsKp2,0.5,1,1,ACCTATCGAGTGTAATTACG,0,1251924
ftsKp2,0.5,1,1,ACCGTTTCCATCTCTCCGTC,0,1241002
ftsKp2,0.5,1,1,ACCGTTAAGTGCCCGCCGAC,0,1243308
ftsKp2,0.5,1,1,ACCGGCCGAACTACGTCCAC,0,1262388
ftsKp2,0.5,1,1,ACCGGAGATTGAGAACGCAG,0,1269180
ftsKp2,0.5,1,1,ACCGCGGACCATGAGACGTA,0,1267383
ftsKp2,0.5,1,1,ACCGATGCCCTAGAGCTCGC,0,1261149
ftsKp2,0.5,1,1,ACCGATAGCCAATTGTTGCT,0,1254064
ftsKp2,0.5,1,1,ACCCTTAAGGTGTGAATTTT,0,1270155
ftsKp2,0.5,1,1,ACCCTGGATTATACGTTGGG,0,1248792
ftsKp2,0.5,1,1,ACCCTATTGAGACGGCGTTT,0,1266041
ftsKp2,0.5,1,1,ACCCCAACACGGCGCCGCGA,0,1240816
ftsKp2,0.5,1,1,ACCCATCCCTCCCCAACATG,0,1261799
ftsKp2,0.5,1,1,ACCCAGGTGACACTATGTCA,0,1244631
ftsKp2,0.5,1,1,ACCCAGGATACGGGGAGGCC,0,1259065
ftsKp2,0.5,1,1,ACCCAAGCCACTGAGATAAC,0,1258046
ftsKp2,0.5,1,1,ACCATGGATGTCACATCCGT,0,1248212
ftsKp2,0.5,1,1,ACCAGTGGCATTAGTTGTGT,0,1244850
ftsKp2,0.5,1,1,ACCAAGGTCCCTAATCGACT,0,1268486
ftsKp2,0.5,1,1,ACCAAGCAAATGGGGCGTCG,0,1248907
ftsKp2,0.5,1,1,ACATTTAACTGCGTCCGAAC,0,1256130
ftsKp2,0.5,1,1,ACATTGGAGATTTTTACAAC,0,1265406
ftsKp2,0.5,1,1,ACATTAGAGATCGTCTCTAG,0,1247114
ftsKp2,0.5,1,1,ACATTAATGGGGAGTGGGAG,0,1240559
ftsKp2,0.5,1,1,ACATCGTCGAAGGGATGTGG,0,1262879
ftsKp2,0.5,1,1,ACATCCTCCATGGACATTTA,0,1246006
ftsKp2,0.5,1,1,ACATCATCTTAGGGAGCTCT,0,1264691
ftsKp2,0.5,1,1,ACAGTGATAATGCAACGCTG,0,1256545
ftsKp2,0.5,1,1,ACAGGGCGACACCAATACTT,0,1253114
ftsKp2,0.5,1,1,ACAGCTACTTTAACCACGTG,0,1265964
ftsKp2,0.5,1,1,ACAGCCATATAATGTCGTAT,0,1261153
ftsKp2,0.5,1,1,ACAGATGGCAACTGGTGGAT,0,1248924
ftsKp2,0.5,1,1,ACAGAACCCCCGGTTGATAC,0,1269299
ftsKp2,0.5,1,1,ACACTCTGCCGCTAAGAATC,0,1262140
ftsKp2,0.5,1,1,ACACGGACAAACTTTTCGGT,0,1270162
ftsKp2,0.5,1,1,ACACCCTCTTCCTTGGTCGG,0,1240707
ftsKp2,0.5,1,1,ACACCCCTAACTCGTGACGC,0,1259346
ftsKp2,0.5,1,1,ACACCAGGCGTCCGATGTTT,0,1240152
ftsKp2,0.5,1,1,ACACAGGCAAGAAATTGGGG,0,1265268
ftsKp2,0.5,1,1,ACAATCCTAACAATGGTGCT,0,1256640
ftsKp2,0.5,1,1,ACAAGTTCCAACTAGAGCAT,0,1261031
ftsKp2,0.5,1,1,ACAAACTTGCTTTTGTTGAC,0,1255494
ftsKp2,0.5,1,1,ACAAACTGACTGTGATCACC,0,1248057
ftsKp2,0.5,1,1,AATTTCTGACCGAAGCTACC,0,1270124
ftsKp2,0.5,1,1,AATTTACGTTGTTGAGCAGG,0,1259324
ftsKp2,0.5,1,1,AATTGTAGATGCGGTCACGG,0,1257600
ftsKp2,0.5,1,1,AATTGCGGCTCTGTGCACCG,0,1240708
ftsKp2,0.5,1,1,AATGTAGTTTGACAAATTAT,0,1269980
ftsKp2,0.5,1,1,AATGTACAATAAAACACACG,0,1260797
ftsKp2,0.5,1,1,AATGGTGGACAATGCAACCT,0,1246457
ftsKp2,0.5,1,1,AATGCTTTGGCGCGAACAGA,0,1253191
ftsKp2,0.5,1,1,AATGCTCGATTGACTTCTTT,0,1265923
ftsKp2,0.5,1,1,AATGCAGTGACTGGGAGCAT,0,1266744
ftsKp2,0.5,1,1,AATGCAGGGAATGATGGTAC,0,1247206
ftsKp2,0.5,1,1,AATGATCCGTTAAATGTCAA,0,1256698
ftsKp2,0.5,1,1,AATGAGTTCATGTGGTAGTC,0,1254361
ftsKp2,0.5,1,1,AATGACCAGCAGGAACGGGG,0,1243745
ftsKp2,0.5,1,1,AATGACACCATAGGGTAGGG,0,1252819
ftsKp2,0.5,1,1,AATCTTGCATTCGGTTGCAG,0,1264712
ftsKp2,0.5,1,1,AATCGGGAGGTATAAAGGAG,0,1246246
ftsKp2,0.5,1,1,AATCCTTTGGAAAGGCTTGT,0,1251393
ftsKp2,0.5,1,1,AATCCCGATGATTAGCTCAA,0,1267026
ftsKp2,0.5,1,1,AATCCCATCAAACAAGTTTT,0,1240824
ftsKp2,0.5,1,1,AATCAGCTCCGGGATTGACC,0,1260538
ftsKp2,0.5,1,1,AATCAACGCTGGAACACACA,0,1243128
ftsKp2,0.5,1,1,AATCAAATTGTGAACCGGGT,0,1269166
ftsKp2,0.5,1,1,AATATCATTCATCGGTAAGT,0,1248166
ftsKp2,0.5,1,1,AATAGGGCGTTGCGTGGTAT,0,1265091
ftsKp2,0.5,1,1,AATAGCTTCGCATAGCCTAC,0,1247423
ftsKp2,0.5,1,1,AATACTGGGTTATATGACGC,0,1261603
ftsKp2,0.5,1,1,AATACCCAATATGATATCGT,0,1257739
ftsKp2,0.5,1,1,AATACCATGACCACCGCAAT,0,1251814
ftsKp2,0.5,1,1,AATACAAGACTGATTGTGAA,0,1256954
ftsKp2,0.5,1,1,AATAACAATTACCCCGGGAA,0,1259565
ftsKp2,0.5,1,1,AATAAAGCAGCAAGTTGCGT,0,1242723
ftsKp2,0.5,1,1,AAGTTTAGAAGTTGCTTTTT,0,1269637
ftsKp2,0.5,1,1,AAGTTCTTGTCAATTAAGGG,0,1256272
ftsKp2,0.5,1,1,AAGTTCACACGTGTCTCTCC,0,1266990
ftsKp2,0.5,1,1,AAGTTATTGTTTAATCCCTG,0,1261267
ftsKp2,0.5,1,1,AAGTTATGGGTTCCGTGCGT,0,1260830
ftsKp2,0.5,1,1,AAGTTACCCAAACTATGGGA,0,1258596
ftsKp2,0.5,1,1,AAGTGGTATGGACTTTGCCA,0,1256411
ftsKp2,0.5,1,1,AAGTCGCACTGAGAAGAACC,0,1244146
ftsKp2,0.5,1,1,AAGTCCTCTGTTGCGTCATA,0,1253449
ftsKp2,0.5,1,1,AAGTAAGTGCTCTACCCGGC,0,1251191
ftsKp2,0.5,1,1,AAGGTGGGGATCGGACGTAC,0,1267593
ftsKp2,0.5,1,1,AAGGGGAAAGATCCTACGAT,0,1267959
ftsKp2,0.5,1,1,AAGGCGGTTCGGAAGTGCTT,0,1251489
ftsKp2,0.5,1,1,AAGGATCTGGCCCAGACCTA,0,1255941
ftsKp2,0.5,1,1,AAGGAATACACCGCGAGTTT,0,1258088
ftsKp2,0.5,1,1,AAGGAAACCAACCGAGGAGT,0,1247624
ftsKp2,0.5,1,1,AAGCTTTACAGTAAAAACCT,0,1261856
ftsKp2,0.5,1,1,AAGCTTCTTTCCGGGTGATA,0,1255548
ftsKp2,0.5,1,1,AAGCTCCTGGGCCTTAAATG,0,1239806
ftsKp2,0.5,1,1,AAGCTAGTTCAGCTGCCTAT,0,1250345
ftsKp2,0.5,1,1,AAGCGGCGGTAGTCATTAGG,0,1253825
ftsKp2,0.5,1,1,AAGCGCGCGTCATCCTAGAG,0,1256432
ftsKp2,0.5,1,1,AAGCGCCTGGACCAGGAGCC,0,1259533
ftsKp2,0.5,1,1,AAGCATTGACTGAATGTCAC,0,1267874
ftsKp2,0.5,1,1,AAGATTCGAACACCTGTTTC,0,1262355
ftsKp2,0.5,1,1,AAGATGTCACGTCAGGAGAC,0,1246669
ftsKp2,0.5,1,1,AAGATCGTGTGTGCTCATCA,0,1248628
ftsKp2,0.5,1,1,AAGAGTTGCATCCAGTCCCA,0,1249789
ftsKp2,0.5,1,1,AAGAGCATGAGTTCGAACCA,0,1260063
ftsKp2,0.5,1,1,AAGACACCTATGAAGAATAA,0,1251076
ftsKp2,0.5,1,1,AAGACAACTATACTTGGCGG,0,1253945
ftsKp2,0.5,1,1,AAGAATCACTGTGGTCGCAT,0,1264260
ftsKp2,0.5,1,1,AAGAACTGTCAGCGAAAGAA,0,1243029
ftsKp2,0.5,1,1,AACTTAGTTGGGGTAGGTAT,0,1248552
ftsKp2,0.5,1,1,AACTGCCAAGGGGCTTCCAT,0,1240767
ftsKp2,0.5,1,1,AACTCGTCTCTGCGATCAGC,0,1260234
ftsKp2,0.5,1,1,AACTCCCTCTAAGCTGCTTT,0,1260897
ftsKp2,0.5,1,1,AACTCCCTAGGGAACAGTAA,0,1257294
ftsKp2,0.5,1,1,AACTCAAGGAAAGTGACGGT,0,1271070
ftsKp2,0.5,1,1,AACTACGAACTCTGGTAATG,0,1260931
ftsKp2,0.5,1,1,AACGTGGCTCTGCCCGCCAG,0,1240360
ftsKp2,0.5,1,1,AACGTCTATGGCATGCGTAA,0,1260627
ftsKp2,0.5,1,1,AACGGTGTTTGGTCCTCGGC,0,1267321
ftsKp2,0.5,1,1,AACGGCGGTCTGGGTAATCC,0,1261948
ftsKp2,0.5,1,1,AACGGAGTCGTCATTCAAAG,0,1270023
ftsKp2,0.5,1,1,AACGCGGGAGTTAAGGAGTA,0,1267723
ftsKp2,0.5,1,1,AACGCGGCTACTCAGTAAGA,0,1247435
ftsKp2,0.5,1,1,AACGCGACGCCTGTTCCGTG,0,1257933
ftsKp2,0.5,1,1,AACGCAGTCTGCGGAACAAA,0,1257078
ftsKp2,0.5,1,1,AACGACGACACAGATTGTAA,0,1254002
ftsKp2,0.5,1,1,AACGAAAAGTCGTTAGACGC,0,1268232
ftsKp2,0.5,1,1,AACCTGGCATATCCTTCCAT,0,1245082
ftsKp2,0.5,1,1,AACCTCTCGAAGGCTAACTG,0,1252420
ftsKp2,0.5,1,1,AACCTAATACCTATATCATC,0,1250092
ftsKp2,0.5,1,1,AACCCGAGGCTGGAGAACGG,0,1256465
ftsKp2,0.5,1,1,AACCCCTGTCGGACCGACGT,0,1253281
ftsKp2,0.5,1,1,AACCCCGGGCTCTGACTTGG,0,1254552
ftsKp2,0.5,1,1,AACCACTAGATCCACGCGGG,0,1267791
ftsKp2,0.5,1,1,AACCAAACGGCTCACCAAGC,0,1244122
ftsKp2,0.5,1,1,AACAGCGTCCCGTTGCCAGA,0,1254695
ftsKp2,0.5,1,1,AACAGATCGTATCTGGTCTC,0,1271130
ftsKp2,0.5,1,1,AACAGAAAGTGTCAGCCCTA,0,1249468
ftsKp2,0.5,1,1,AACACTTACATGATCTTGTA,0,1259638
ftsKp2,0.5,1,1,AACACTCCGCCGGTTCCGAG,0,1246046
ftsKp2,0.5,1,1,AACAATAACGTTGTCTAGCA,0,1252393
ftsKp2,0.5,1,1,AAATTATTACAGAATCCGGG,0,1254593
ftsKp2,0.5,1,1,AAATTAAAACTACTGGTTGG,0,1259235
ftsKp2,0.5,1,1,AAATGTTATTCTTCGCAATT,0,1258360
ftsKp2,0.5,1,1,AAATGTGTAGCTCGAAACTG,0,1253710
ftsKp2,0.5,1,1,AAATGGACAAGTAAGGCCCC,0,1250697
ftsKp2,0.5,1,1,AAATCGGGCAATTGACACCG,0,1258483
ftsKp2,0.5,1,1,AAATCGATTTGTCTGTTAAC,0,1263141
ftsKp2,0.5,1,1,AAATCCTAGGCCGAACAGGA,0,1255985
ftsKp2,0.5,1,1,AAATATCGTTTTCGATGGTC,0,1241718
ftsKp2,0.5,1,1,AAATAGGGTGCGAGACCTCA,0,1247011
ftsKp2,0.5,1,1,AAATAATGCTCGATTTGTAT,0,1243435
ftsKp2,0.5,1,1,AAATAAAGGCCAAGGTCTCT,0,1246500
ftsKp2,0.5,1,1,AAAGTTGCCGAGGATGCGAT,0,1257300
ftsKp2,0.5,1,1,AAAGTTACGATTACGCGGCC,0,1253540
ftsKp2,0.5,1,1,AAAGTACGTGCTGACTTAGT,0,1241874
ftsKp2,0.5,1,1,AAAGGTGGGTCCTTGCTTTC,0,1252182
ftsKp2,0.5,1,1,AAAGGTGAAGAGCATGTCTC,0,1239394
ftsKp2,0.5,1,1,AAAGGGCAAGTTAAATTTGA,0,1247031
ftsKp2,0.5,1,1,AAAGGCCTTAACCCGCGATG,0,1258495
ftsKp2,0.5,1,1,AAAGCTGACTAGAGGGCAGA,0,1239375
ftsKp2,0.5,1,1,AAAGCGATTGTTGCAAATAG,0,1239404
ftsKp2,0.5,1,1,AAAGCCAACCGTCAGAATGA,0,1269597
ftsKp2,0.5,1,1,AAAGAAACCCCTTTGCGTGA,0,1240204
ftsKp2,0.5,1,1,AAACGGGTCCGCGTCCGGTG,0,1249630
ftsKp2,0.5,1,1,AAACAGGATGTATCACGGTT,0,1269667
ftsKp2,0.5,1,1,AAACACCCGGTGAGCTCAGA,0,1255060
ftsKp2,0.5,1,1,AAAATGTGCTTATCTTCAAA,0,1270620
ftsKp2,0.5,1,1,AAAATGATAGAATCGGTTCT,0,1239897
ftsKp2,0.5,1,1,AAAATACCTCACAAGAGAGT,0,1249494
ftsKp2,0.5,1,1,AAAAGCTGTCATCACTCTTA,0,1250731
ftsKp2,0.5,1,1,AAAACTGTCACATGGCCGGG,0,1267844
ftsKp2,0.5,1,1,AAAAAAGGCTACGATGTTAA,0,1243613
ftsKp2,0.5,1,1,AAAAAACTTTGAATCGCATT,0,1252451
ftsKp2,127.0,126,0,AGCTTTCTGCCTATTTAACT,126,1267898
ftsKp2,114.0,113,0,ATCGCAGGGTCGCGAGCTGC,113,1256097
ftsKp2,111.0,110,0,GTGGACAACTGTACACAGAA,110,1240463
ftsKp2,106.0,105,0,ATCACTGGCGTCTTCCACCA,105,1253144
ftsKp2,104.0,103,0,CAGTTGGTTTGACAATTTAG,103,1247455
ftsKp2,100.0,99,0,TTATGGGACCCCGGGTTAAG,99,1253177
ftsKp2,99.0,98,0,TGTCTGCATATCATGTCCGC,98,1250979
ftsKp2,99.0,98,0,GTCGCTAGAACGCAGCGTCT,98,1258166
ftsKp2,91.0,90,0,TATGACGAATACGAACTCGT,90,1265772
ftsKp2,87.0,86,0,CTGATCCCTTTTATATAATG,86,1266315
ftsKp2,80.0,79,0,AGGTATGAGTATTCAGTTCT,79,1265551
ftsKp2,79.0,78,0,GAGACTGGGGTATCGATTGC,78,1263180
ftsKp2,65.0,64,0,ACGGTCACTTGACGGTACCA,64,1262922
ftsKp2,64.0,63,0,CCGCTGAAGAGTTCGAACTT,63,1242890
ftsKp2,59.0,58,0,GTGGGCTTCGCTTCTAATAT,58,1247917
ftsKp2,59.0,58,0,CTCTATTTGTTTAGAGGTTA,58,1240277
ftsKp2,53.0,52,0,CTTAGATAATTTCGCTAGTC,52,1247355
ftsKp2,38.0,37,0,ATCTGATTACGTACATCCCT,37,1258502
ftsKp2,21.0,20,0,CCGGGTGCGCCCCCTCTCTT,20,1245989
ftsKp2,5.0,4,0,TGCTTTACAGTTCGCTGTGC,4,1252170
ftsKp2,2.0,1,0,GTTAACACCCCTGAATTCGT,1,1245753
ftsKp2,2.0,1,0,GCTTCCGGGAGGGCGTCGGT,1,1250462
ftsKp2,2.0,1,0,GATTAAGGTGGCGCCCGGAA,1,1255618
ftsKp2,2.0,1,0,CGTTGTCATGGCCTTTAAAT,1,1267804
ftsKp2,2.0,1,0,CGGCCCAGCTCTGTTCTGAG,1,1258449
ftsKp2,2.0,1,0,CCTAGTACACCCCTACGTCA,1,1246254
ftsKp2,2.0,1,0,CCAATTGATCTCGCTACATT,1,1253770
ftsKp2,2.0,1,0,CATCATGATACGACGCCGCC,1,1268350
ftsKp2,2.0,1,0,ATCTACCAGGTTCATTTTTA,1,1264849
ftsKp2,2.0,1,0,ACTCTACTCGTGTGAGGAAC,1,1269705
ftsKp2,2.0,1,0,AATTTGTATATATCCTGGAT,1,1253779
