name,relative_counts,ct,ct_0,barcode,ct_1,barcode_ind
tolCp1,0.6131386861313869,219,136,CCGTAGAGGGGAGTGTGCAA,83,3708087
tolCp1,0.4796747967479675,180,122,ACATGAGTGGTAGAGTTTTA,58,3663529
tolCp1,1.5675675675675675,283,110,TTCTTTGGTGGCGTCGGAGG,173,3681620
tolCp1,0.8411214953271028,195,106,TCCTGGGGGAATTCATAATC,89,3666086
tolCp1,1.3529411764705883,238,101,GTTACGCACGACCTACTTAT,137,3694828
tolCp1,1.1568627450980393,218,101,CAAGGTCTCACCTAGGCGAT,117,3664444
tolCp1,0.693069306930693,169,100,AGGTTGCTTTATCGAGCAAA,69,3661328
tolCp1,1.7010309278350515,260,96,CAGGCTGCCGTTTAAACATA,164,3663364
tolCp1,1.3333333333333333,222,95,CTAAACTTTCCCAGTTGGGG,127,3680705
tolCp1,0.5473684210526316,145,94,ACCCACCATGCATAGGACTA,51,3672664
tolCp1,3.3058823529411763,364,84,CGGTTTTTTGTTAGAACGTT,280,3679143
tolCp1,0.21428571428571427,100,83,TTCGACTAATAGACGGATAA,17,3683127
tolCp1,0.9259259259259259,154,80,AGTAGTTTTGCGGGCTCAGC,74,3672396
tolCp1,0.475,116,79,ATCGGGATTCCCGCATTCCA,37,3671772
tolCp1,2.2658227848101267,256,78,ACTAACCGATCGACATTGAA,178,3678787
tolCp1,1.5466666666666666,189,74,ATGTTCGGACCTGCATCGCA,115,3661180
tolCp1,1.6756756756756757,196,73,TGGCCAATCGCATGGCTGGT,123,3697546
tolCp1,5.027777777777778,432,71,TATCAATTTGAGTCTTGAAG,361,3665368
tolCp1,6.125,511,71,GATTGGGTTAGGTTTTGAAG,440,3663449
tolCp1,14.661971830985916,1110,70,GTTCTGGAACTTCTGCGGTA,1040,3694002
tolCp1,0.2112676056338028,84,70,GCGGGGCGAGACGTTCAATT,14,3664397
tolCp1,3.4788732394366195,316,70,AGTAGCTTTTCCTCATAATA,246,3713067
tolCp1,2.073529411764706,207,67,TTTCCGGGCGAATTTGCTGT,140,3668282
tolCp1,0.7205882352941176,115,67,TCGGGGATAACGACCTTAAT,48,3662783
tolCp1,1.0597014925373134,136,66,TGCCCTAGAGAACATCGGCG,70,3674900
tolCp1,1.6666666666666667,174,65,CGGTGACGGTGTTGGAGCCA,109,3680036
tolCp1,0.8769230769230769,120,64,ACGAACCTATAAAGCTCCGA,56,3665816
tolCp1,0.6,102,64,AAGCGTTTCGCTCCTCTGCG,38,3707064
tolCp1,1.171875,137,63,TTACTGCCACCGGGCCTGGT,74,3712449
tolCp1,0.1875,74,63,GTACAGCCCATAGGTTTTCG,11,3670455
tolCp1,3.890625,311,63,ACTCCGAATAGGGAACGTTA,248,3682602
tolCp1,14.968253968253968,1004,62,TCAGTGGTTCTTGCTGGTGA,942,3693998
tolCp1,0.45161290322580644,88,61,CAATCCCGGATTGTCTCTCA,27,3666577
tolCp1,0.8870967741935484,115,61,AGTAAGAGGTTGGTATTATT,54,3662073
tolCp1,0.5806451612903226,96,61,ACCCTATGAGTAGCTTTGGA,35,3661370
tolCp1,0.4262295081967213,85,60,GTGCTTGAATGATGACTAAT,25,3712914
tolCp1,0.47540983606557374,88,60,ACTATTTCCTGGGGCTCCTG,28,3707779
tolCp1,0.8,106,59,GTCGCTCTCCATCTGCCAAG,47,3661217
tolCp1,1.85,169,59,GACTCGTTTAGACCAAAGCC,110,3683609
tolCp1,0.7,100,59,CACTGTTCTAAGTGCACGCA,41,3709964
tolCp1,0.3728813559322034,79,58,GAGGTATATGGGGTCGTGGA,21,3675394
tolCp1,5.745762711864407,396,58,CCCAGCACCAAAGGTCTGTT,338,3684617
tolCp1,0.8305084745762712,106,58,AGACTCAGCTGACCTGTGCG,48,3663873
tolCp1,1.2241379310344827,127,57,TTTTCACCCTTCAAATTTTT,70,3664130
tolCp1,0.27586206896551724,72,57,TACCGAATGGAGAACCATTA,15,3689251
tolCp1,0.6724137931034483,95,57,GTTGAGACATCTTCAGTATC,38,3662521
tolCp1,0.1206896551724138,63,57,GGAACACCAGTGGGAGCTAT,6,3662605
tolCp1,0.20689655172413793,68,57,GCCTTTCCAGTTTTCGACAA,11,3681402
tolCp1,1.2586206896551724,129,57,GACAAGTCATTGATTGTCAT,72,3664277
tolCp1,1.4655172413793103,141,57,CATAGGGAGGGTGTTGGAGT,84,3665928
tolCp1,0.4827586206896552,84,57,CACCATCATGGGGCACCGTG,27,3697600
tolCp1,1.5,143,57,ATTACATTATCAACGGAGCA,86,3665411
tolCp1,0.5,85,57,AATGTACAGGAATTTGTGCA,28,3678821
tolCp1,0.543859649122807,86,56,TAGCGCGTTGAGTGGGTGTT,30,3677622
tolCp1,1.0526315789473684,115,56,GTGGGCCTACACGATAATGA,59,3695681
tolCp1,3.56140350877193,258,56,CTCACCAGGCCAAGTGTCCC,202,3669088
tolCp1,0.2807017543859649,71,56,CGTCAGAGGCTGGCCTCATG,15,3672033
tolCp1,7.614035087719298,489,56,CGATGGGCGACTGATATCAT,433,3666189
tolCp1,0.15789473684210525,64,56,CCTTGTCGGTCCTCTAAGCA,8,3683826
tolCp1,0.5964912280701754,89,56,ATGTCACGCGGGTAATTATC,33,3712512
tolCp1,0.9649122807017544,110,56,ATGTAAGGCTTACGCCTTAT,54,3704286
tolCp1,0.3392857142857143,73,55,TCAACGACCGGATAAGACTC,18,3697176
tolCp1,1.375,131,55,ACGGCCGTGTCAACCTGTCA,76,3675875
tolCp1,0.7818181818181819,96,54,GACCTTGTATTTGCAAGTTT,42,3702775
tolCp1,0.6666666666666666,88,53,GTCATCAGTAAATGGTTTCT,35,3676584
tolCp1,0.46296296296296297,77,53,GGGCTTTAGCAGCAGGTTAC,24,3709146
tolCp1,2.074074074074074,164,53,GGCGACCCCTTCGGAAGTCT,111,3662881
tolCp1,0.46296296296296297,77,53,GAGGGGTGCGACGCGCCATA,24,3695255
tolCp1,1.6851851851851851,143,53,CGCCAAGTCATGGCCGCAGA,90,3677754
tolCp1,0.8703703703703703,99,53,CCTGTCGCGCCGACTCGTTT,46,3677750
tolCp1,0.3148148148148148,69,53,CCCCAGAGGCTTTGCGAAGA,16,3704257
tolCp1,3.4814814814814814,240,53,ATACGGCTGTAGGGTAAACA,187,3695157
tolCp1,10.222222222222221,604,53,ACACTTTAACCATGTTAGGA,551,3677503
tolCp1,3.7037037037037037,252,53,AAGGCCGCTTGACATGATAC,199,3667285
tolCp1,0.4339622641509434,74,52,TTCCGAAAAACTTGCAGTGT,22,3678108
tolCp1,1.6981132075471699,141,52,TAGTCGCTAGGTAGAACTTA,89,3689488
tolCp1,0.7692307692307693,90,51,TCCATACACTTTCCGTCGTA,39,3671924
tolCp1,2.1346153846153846,161,51,GTTTGTCTTGCACGATGTAA,110,3668497
tolCp1,0.4423076923076923,73,51,GTTCAAGCAAGAAGCGCTTT,22,3675566
tolCp1,0.5769230769230769,80,51,GTGTGTGGATCGACCATTTA,29,3663182
tolCp1,0.75,89,51,GGCGGTTGTCCAACTGATTA,38,3667420
tolCp1,2.769230769230769,194,51,GGCAGTGTGAGGTTCAGAAT,143,3686710
tolCp1,0.23076923076923078,62,51,GCTGTCTCGTCTATGCAGTT,11,3673920
tolCp1,0.11538461538461539,56,51,CCACCGCTGGGACTAATACT,5,3681117
tolCp1,0.15384615384615385,58,51,CATGGAAGACTGTTGGTGTG,7,3681377
tolCp1,10.461538461538462,594,51,ACTAGGAATTTAGACGCGCA,543,3710049
tolCp1,0.37254901960784315,68,50,TGGGCGTCTAACAAGTCCAC,18,3673068
tolCp1,0.3137254901960784,65,50,GACGTTGGCATGGTGACAGT,15,3689158
tolCp1,2.0588235294117645,154,50,CGGTCGCCAGCTACCGGCGT,104,3711146
tolCp1,4.137254901960785,260,50,CAATTTACCAGAGTGATTAA,210,3678208
tolCp1,1.0196078431372548,101,50,AGTACGGCGGACTGTGTGGT,51,3662695
tolCp1,0.17647058823529413,58,50,ACTGGACTAGCCGGAAACGC,8,3692857
tolCp1,3.02,199,49,TCCCGTCGCTACGTCCCTAG,150,3676205
tolCp1,1.06,101,49,TATGGGTTGGGACCATAAAA,52,3682371
tolCp1,1.0,98,49,GATCGCCTACTCGGGCAAGG,49,3672183
tolCp1,0.46,71,49,GACGAACAATCACCAAGGCT,22,3684515
tolCp1,1.86,141,49,GAAAAGGCCGATTCTATTAG,92,3680096
tolCp1,0.22,59,49,AGGCTGGCATGATGTACAGT,10,3662452
tolCp1,3.1,203,49,AGCGACAAGGTTCTAGAGTT,154,3679230
tolCp1,3.7,233,49,AGAATCCATGATTAGTCCGA,184,3664176
tolCp1,0.64,80,49,AAACCGTTTGAACAAGGAAT,31,3695086
tolCp1,1.163265306122449,104,48,TCTCTGGTCCCCGACGGAAG,56,3673941
tolCp1,0.8775510204081632,90,48,TCGACCGCAAAATGGTTTGT,42,3662190
tolCp1,0.6122448979591837,77,48,GTCTACATTCAACCAAGGTT,29,3669438
tolCp1,1.2244897959183674,107,48,GGTAGCGGAGAAAAGGCAAT,59,3703795
tolCp1,0.20408163265306123,57,48,CTGACGATCATGCCTCTAAA,9,3677751
tolCp1,7.836734693877551,431,48,CTCGCTAGGCACACCTGAAG,383,3671857
tolCp1,0.46938775510204084,70,48,CCCATACCGTAAATGTGTAT,22,3662263
tolCp1,1.183673469387755,105,48,CACCGGTTACCCACACCTAA,57,3693346
tolCp1,0.5714285714285714,75,48,AATAGGTACCACTATAAGAC,27,3691756
tolCp1,0.2708333333333333,59,47,TTCCACTAGCTAAGTAATTG,12,3662905
tolCp1,0.25,58,47,TGGGAGGTGGCACGGATGAA,11,3679741
tolCp1,0.7708333333333334,83,47,TGCTAAAGCCATGGAATAAT,36,3695014
tolCp1,2.0416666666666665,144,47,GCTGAATCTTGATCTGGTAG,97,3688334
tolCp1,0.3125,61,47,GACTGGATACCGTAACAGAC,14,3678414
tolCp1,0.20833333333333334,56,47,CTCGCTACGTCTGTCGTCCT,9,3681950
tolCp1,5.0,286,47,CCCCTTATGCCCGAGACGGC,239,3694597
tolCp1,1.1875,103,47,CAATCGCTCCGGTAGTCCCA,56,3698383
tolCp1,0.3958333333333333,65,47,AGCTGTTCACGTCCGCGACA,18,3712834
tolCp1,0.3541666666666667,63,47,AGCATCACGACGCCTCTGAT,16,3693720
tolCp1,1.1875,103,47,AGATTCGTGGATAGTAGCTA,56,3696062
tolCp1,0.10638297872340426,50,46,TCGAGGGAGGTACAGGCGTA,4,3712894
tolCp1,0.3617021276595745,62,46,GCGCTTCGAACGTTGGCTGA,16,3685931
tolCp1,0.2765957446808511,58,46,GAGTCGTAATGGTTTAGTCT,12,3664060
tolCp1,2.8297872340425534,178,46,GAAAGAGCATTCAATTGCTG,132,3678786
tolCp1,0.3404255319148936,61,46,CTGACCGAATATATACGCTT,15,3711198
tolCp1,0.1702127659574468,53,46,ATGGGTCCATTCGTTCTTGC,7,3695804
tolCp1,0.6521739130434783,74,45,TTGCACTCTTGCTTAGCGTA,29,3682794
tolCp1,0.9782608695652174,89,45,TGTTCACTTTAGGCGCTTGT,44,3668129
tolCp1,2.0,136,45,TCGCCATCATATGGGGTCAC,91,3692368
tolCp1,1.0217391304347827,91,45,GGGACTCCCCAATGTGGGTT,46,3673643
tolCp1,0.30434782608695654,58,45,GCTAAGTGATGCCTCTTGAA,13,3695971
tolCp1,0.6521739130434783,74,45,GACACTACTGTACGATCGAT,29,3674697
tolCp1,0.8260869565217391,82,45,CTGTCACGTCAGACTCGAAC,37,3688531
tolCp1,3.239130434782609,193,45,AATTCATCCTTCAACTCGCA,148,3672536
tolCp1,0.6444444444444445,72,44,TTACCACTCATCGGGGTCGG,28,3663640
tolCp1,3.6222222222222222,206,44,TAGACTCAAGGCCTTGACGT,162,3669332
tolCp1,0.5555555555555556,68,44,GTCGTGTCCTCGTCCAACGG,24,3693154
tolCp1,1.3555555555555556,104,44,GCATTGCCTCCGAATTTATG,60,3693622
tolCp1,2.7333333333333334,166,44,GAAAGGCCATTTGTTTGGCT,122,3697094
tolCp1,1.1777777777777778,96,44,AGACATTTTCCAGGTTTTCC,52,3669204
tolCp1,2.533333333333333,157,44,AAATTTAATTACTCGTAATA,113,3666794
tolCp1,1.5681818181818181,111,43,TATGCCTCCTCATGCACGAA,68,3672202
tolCp1,0.8409090909090909,79,43,GTTTTGTCTTTGTTAGCCCA,36,3674949
tolCp1,1.7954545454545454,121,43,GGGTCCCCGCTTGGTAATCT,78,3677691
tolCp1,2.2045454545454546,139,43,GCCGCCGCCGTCCCAAGGCT,96,3671333
tolCp1,3.727272727272727,206,43,CTGCGCGGTGCTGCGGGAAG,163,3668221
tolCp1,4.636363636363637,246,43,CTCCCAGGGCCATGCATACA,203,3691407
tolCp1,0.13636363636363635,48,43,CAGTCTTAGTATCCAGCCGT,5,3689408
tolCp1,0.8181818181818182,78,43,CAGTCTCAGACCAGCATGCA,35,3712448
tolCp1,7.363636363636363,366,43,CAGGCGCCCTGGAGTGCCTT,323,3666681
tolCp1,17.204545454545453,799,43,CACCGGCGTCTAGTTCAGAC,756,3666130
tolCp1,5.045454545454546,264,43,ACTGTCCCATTCGCGTTCTT,221,3687021
tolCp1,3.1136363636363638,179,43,ACCCTTCGGCCACGTTGGTT,136,3696836
tolCp1,0.5454545454545454,66,43,AAGCGTACCCGACTCACACG,23,3667588
tolCp1,2.7674418604651163,160,42,TTTTCGCGGTGGTACCCGTA,118,3684489
tolCp1,0.6744186046511628,70,42,TGCTGGTAAACGGGTGTAAA,28,3674698
tolCp1,1.2790697674418605,96,42,TCGGGCCAAGTTATAAAAGG,54,3712232
tolCp1,0.46511627906976744,61,42,TCGCTAAGCGGGAATCCCGA,19,3666956
tolCp1,0.4186046511627907,59,42,TATCGGTAATGGAAGCGTAT,17,3713661
tolCp1,0.4186046511627907,59,42,GGTTGCCAAACGGATCGCGA,17,3667857
tolCp1,0.9534883720930233,82,42,GACGGATATGCCTGATAGGA,40,3664325
tolCp1,7.1395348837209305,348,42,CTGTGGCACACCATGAGAAA,306,3682468
tolCp1,0.3953488372093023,58,42,CTACCCGATAGTTAGCTCCA,16,3670457
tolCp1,0.6046511627906976,67,42,CCCAATTCATACACTCATGT,25,3675677
tolCp1,1.186046511627907,92,42,ACTCTCCAGCATCGCCCAAA,50,3672634
tolCp1,0.9523809523809523,80,41,TGACAGTTTGCGGTGTTGTA,39,3677756
tolCp1,2.5952380952380953,149,41,TACAGGGGGTATGCTATCCA,108,3686709
tolCp1,1.3571428571428572,97,41,GGGTACTTGTTTATATGGGT,56,3690571
tolCp1,0.5476190476190477,63,41,GGGGTATGATTTACGAAGTT,22,3687993
tolCp1,3.3333333333333335,180,41,GGCCGACATGTTTAGGCAGA,139,3683031
tolCp1,0.47619047619047616,60,41,GACCAGACTGCATTAACTGA,19,3692860
tolCp1,0.7619047619047619,72,41,CTAGCGTGCATCGATACCTG,31,3669891
tolCp1,1.380952380952381,98,41,CTAATGATGTTGAAGCCGTG,57,3673524
tolCp1,1.119047619047619,87,41,CGGTTACTATGTTAGGCGAA,46,3669648
tolCp1,1.0952380952380953,86,41,CCATTTCGTATTGACAATCA,45,3680732
tolCp1,0.2619047619047619,51,41,CATACCGGTACGGCGTTCAC,10,3701350
tolCp1,1.0,82,41,CAAGGATCTTGCGATTGGCA,41,3672221
tolCp1,0.8095238095238095,74,41,ATCAGCAAGAGCCCGACGCG,33,3697052
tolCp1,1.0952380952380953,86,41,AGGGGTTCATTACATGTCAG,45,3664276
tolCp1,1.7380952380952381,113,41,AGCACGGGTAGTAAACAGTT,72,3669263
tolCp1,2.0476190476190474,126,41,AAGGTCGCGATTCAGATAGA,85,3662020
tolCp1,0.7804878048780488,71,40,TTCTGTAATTGCGATTATTT,31,3681954
tolCp1,0.975609756097561,79,40,TGGGTCGCGCCTAATCGAAC,39,3663974
tolCp1,1.3658536585365855,95,40,GTCCCCCCATCCATATCCTG,55,3661820
tolCp1,1.3658536585365855,95,40,GGCTCGCACGGCGCCGGTCT,55,3693628
tolCp1,1.951219512195122,119,40,GCCAAAAGTAATAGCCGGGT,79,3702293
tolCp1,4.170731707317073,210,40,CGTAAACTTGCATCACTCGA,170,3702089
tolCp1,0.3170731707317073,52,40,CGATTTCCGCGTGAGTCGAA,12,3693681
tolCp1,1.853658536585366,115,40,CAAGCTATGACTTTGCAAAG,75,3662146
tolCp1,1.55,100,39,TTACTGCCAAGTGTCCTAGA,61,3684354
tolCp1,0.5,58,39,TCTTGGTAGGTGAAAGAGTT,19,3662743
tolCp1,1.75,108,39,TCTCTACCTAGTACTTCGAG,69,3680698
tolCp1,0.7,66,39,TCGTAAAGATCACCGATTCT,27,3665728
tolCp1,0.375,53,39,TAGCGTCTATGGTGCTATGA,14,3671177
tolCp1,0.95,76,39,GTCGGTAACCAGCCGTTAGA,37,3679202
tolCp1,2.375,133,39,GTCAAGGGCACGGGCTCTGC,94,3669608
tolCp1,1.4,94,39,GTAACTTTCAGTGGGAAGGA,55,3698910
tolCp1,0.65,64,39,GGTGTAGCTTGAGGGTCGGA,25,3684052
tolCp1,1.575,101,39,GCGTTGATTAATTGGACTAA,62,3713697
tolCp1,0.4,54,39,GACAGATTTAGAGTATTGGT,15,3694382
tolCp1,1.075,81,39,CTTGGGTTGAATGACCATTA,42,3669242
tolCp1,0.65,64,39,CCTAGAGTAAGACAAATGGG,25,3682375
tolCp1,0.475,57,39,CCGGATGATTTGTTATGTTG,18,3666358
tolCp1,2.25,128,39,CCGCTTTTTAGTATGTTACT,89,3671725
tolCp1,0.525,59,39,CCACCAGCATTGCAAAGGGA,20,3662077
tolCp1,1.25,88,39,ATACGTTGTTGTGTATTCTA,49,3669810
tolCp1,6.9,314,39,ATACCCGTGGATCGCCGCTA,275,3704370
tolCp1,0.25,48,39,AGGGTATATCACGACGTGTT,9,3670214
tolCp1,0.675,65,39,ACTGGGCGATATTAACTCCA,26,3684905
tolCp1,9.7,426,39,ACCCACTAGGCAGGGTTCAG,387,3674202
tolCp1,2.125,123,39,AAGCCAGACATGTTACGAGT,84,3706565
tolCp1,1.35,92,39,AACGTGCGACACCCGTAGTT,53,3705144
tolCp1,0.23076923076923078,46,38,TGCGAGCTGTCGGCTAGCTT,8,3692942
tolCp1,0.28205128205128205,48,38,TCCGAAGCTATTCGACTAAA,10,3702652
tolCp1,0.41025641025641024,53,38,TACAGGTGACCAGACTTTTG,15,3690904
tolCp1,0.358974358974359,51,38,GGGTAACCACAGGCTTAGTA,13,3707943
tolCp1,1.5897435897435896,99,38,GGGGCCGGACAGATATCCAT,61,3671334
tolCp1,5.666666666666667,258,38,GGGCATGTACGGGATTACAC,220,3684100
tolCp1,0.23076923076923078,46,38,GGGCACCCCAATGTATATTA,8,3663055
tolCp1,1.0,76,38,CTAGCGATTTCCCACTTCCG,38,3678001
tolCp1,2.4871794871794872,134,38,CGAATATCGTTGGGAGGTCG,96,3694653
tolCp1,2.282051282051282,126,38,CGAACGGCTCGTCGGTAGGC,88,3664972
tolCp1,1.1538461538461537,82,38,CGAACAACATCCAACTTTTT,44,3666886
tolCp1,0.9487179487179487,74,38,ATCTTTGGAGGGTATATCGA,36,3682982
tolCp1,0.1282051282051282,42,38,ACGCAAGCACGCAACTGTAA,4,3684677
tolCp1,0.6923076923076923,64,38,AATTCTAATATCGTAACTTG,26,3677614
tolCp1,1.1282051282051282,81,38,AATTCCCCTCCCGATTAGCT,43,3672772
tolCp1,1.4871794871794872,95,38,AACGGTCTTTCAAGATAATT,57,3661437
tolCp1,0.4473684210526316,53,37,TGTGAAGAAGGTCGTCATAG,16,3687228
tolCp1,0.42105263157894735,52,37,TGGTATCCAGCACAGGATGG,15,3663864
tolCp1,3.6052631578947367,173,37,TCCGGCAACAGCGATGGAAG,136,3690086
tolCp1,0.4473684210526316,53,37,TATTCCACTAACACCGCGCA,16,3671923
tolCp1,1.3421052631578947,87,37,GTACTCAGTTGGCCCAGAAT,50,3694928
tolCp1,0.7105263157894737,63,37,GCCATGGGGCGAGGTGATAT,26,3664601
tolCp1,1.0789473684210527,77,37,GAGGGGCATCTGGTGTCCTG,40,3687633
tolCp1,0.42105263157894735,52,37,GACCGTACGGACCGCCGGAT,15,3683201
tolCp1,1.4736842105263157,92,37,CTTTTGTCAGACCGTTGGAC,55,3686253
tolCp1,0.5789473684210527,58,37,CTTTAAGATCGGTCAAGTGA,21,3680539
tolCp1,3.473684210526316,168,37,CTTCGCGTTCCCCTTCATCA,131,3699567
tolCp1,2.8157894736842106,143,37,CTGAGGCTCCCTCGCAGTGT,106,3679628
tolCp1,0.5789473684210527,58,37,CCAGGGCATGTGCAACTCTC,21,3706065
tolCp1,5.605263157894737,249,37,AGGATAAGGGTATCGGCACC,212,3704626
tolCp1,0.7631578947368421,65,37,ACCGAATTGTAACAAATGCT,28,3675925
tolCp1,3.6052631578947367,173,37,AATGTCAATATGTCATGGCG,136,3690080
tolCp1,1.4210526315789473,90,37,AACGAGTTAGACTGACTCAT,53,3664983
tolCp1,1.027027027027027,73,36,TTTGGCCCGGAATTGATAAC,37,3703983
tolCp1,0.6216216216216216,58,36,TTCCCGCCGTAAAGCCTCTT,22,3687227
tolCp1,1.3243243243243243,84,36,TGGCAATGGTAACAAGGCAA,48,3675583
tolCp1,0.16216216216216217,41,36,TGAGCGCAAAAGGGACTGGT,5,3694921
tolCp1,0.32432432432432434,47,36,TCTTTTAAAACGTCTCGCTT,11,3670898
tolCp1,9.054054054054054,370,36,TCACAACACGAAAAGTTGAA,334,3674159
tolCp1,1.945945945945946,107,36,GTGTCCGGTTCGTCCCCAAA,71,3663013
tolCp1,4.72972972972973,210,36,GGTACATGATGTAAGACTCA,174,3673986
tolCp1,0.2702702702702703,45,36,GCTCGGCGACCCAGGTGGAT,9,3669156
tolCp1,1.4594594594594594,89,36,GCCTGCATCAAGACCATGGA,53,3668453
tolCp1,2.5135135135135136,128,36,GCATGTTGTTCCCTGCGAAT,92,3684130
tolCp1,0.43243243243243246,51,36,GCAGTAATACGCCTGTCTGA,15,3674762
tolCp1,2.054054054054054,111,36,GAAGATATAGATCGGACTAA,75,3680060
tolCp1,0.8108108108108109,65,36,CTGGCGAGGGGGGCCTGCAA,29,3677834
tolCp1,1.5945945945945945,94,36,ATGCGAGTACTCACTCAGCT,58,3684001
tolCp1,0.43243243243243246,51,36,ATAGAGTCGCTCTGCACGCA,15,3694101
tolCp1,0.21621621621621623,43,36,AGTGGCGCTGCTCTGTGCAG,7,3712857
tolCp1,0.9459459459459459,70,36,AGGATAGGCCTGTGGCTAAA,34,3687260
tolCp1,0.2972972972972973,46,36,AGGAGCGAGACACGCTTCAT,10,3702151
tolCp1,1.1891891891891893,79,36,AGAGTACCTCTGCGTGCATA,43,3666632
tolCp1,1.4594594594594594,89,36,AGAAACACTCATCCCATGTG,53,3668794
tolCp1,1.2972972972972974,83,36,AATGACAATTGTCTAACTCG,47,3663964
tolCp1,0.2777777777777778,44,35,TTTTTGTATATCCCGAGGCA,9,3665234
tolCp1,0.3888888888888889,48,35,TTTTTCAACCTACATGCTAT,13,3670459
tolCp1,0.5,52,35,TTGACCTGTGTCGCTACGGT,17,3669158
tolCp1,0.9722222222222222,69,35,TGAATATTGGCGCCCTAGAG,34,3678037
tolCp1,2.5,124,35,TCCGCGATGCACAATGGTAA,89,3691921
tolCp1,1.8333333333333333,100,35,TCATCTCTCGCCATCAGGAC,65,3663824
tolCp1,0.7777777777777778,62,35,TAGCAGGCTCCCTCAGAATA,27,3662183
tolCp1,0.5833333333333334,55,35,TACTAGCGAGCTGTCAATGT,20,3704203
tolCp1,0.1388888888888889,39,35,TAATATCGCAGCATGCGCCT,4,3665493
tolCp1,4.888888888888889,210,35,GTGACATACGACTGGCCAGG,175,3682233
tolCp1,0.8611111111111112,65,35,GGCATGAGGGTACCCTGAGA,30,3683995
tolCp1,4.388888888888889,192,35,GCGATCTGGTATACTCCGGT,157,3691554
tolCp1,1.8611111111111112,101,35,CTTTCGCGGCGGCACGCGCG,66,3708865
tolCp1,0.6666666666666666,58,35,CTGTGCAGGGATGAAAACAG,23,3682079
tolCp1,0.8055555555555556,63,35,CGTCCCGGCACGCCCGGAAG,28,3674289
tolCp1,0.7222222222222222,60,35,CGGTGGTTGCTGACAGTGGC,25,3674554
tolCp1,0.4444444444444444,50,35,CGCAAGGTCTAGGTTCTAGT,15,3673878
tolCp1,4.416666666666667,193,35,CCGTGGTTTTACTCTCAGAT,158,3679231
tolCp1,0.4166666666666667,49,35,CCCTGATGTGATACGCGTAA,14,3667589
tolCp1,0.9166666666666666,67,35,CCACATCCCAACTCGTAGGT,32,3710742
tolCp1,0.1388888888888889,39,35,CATCAGACGTATCAATCTTT,4,3679891
tolCp1,0.16666666666666666,40,35,CAGCCAGGCCTTGAATTGCT,5,3693721
tolCp1,0.6111111111111112,56,35,CACCTATTACCCTGGAGTAA,21,3673029
tolCp1,2.0833333333333335,109,35,ATTATATCCCTTCGAGTTAC,74,3705506
tolCp1,0.08333333333333333,37,35,AGGAGCCGGTTCATACCAAG,2,3682864
tolCp1,1.8611111111111112,101,35,AGCCCGTCTGGCCTTGCGTA,66,3662097
tolCp1,0.5555555555555556,54,35,ACTGTGTGTCGTGGGCCTTA,19,3706839
tolCp1,0.25,43,35,ACCATCAAACTTTGTTCGAG,8,3674946
tolCp1,2.857142857142857,133,34,TGCAGCGGCGTGTTCTAGTG,99,3664222
tolCp1,1.2285714285714286,76,34,TGAGTAGTTCCCCCGGCGGT,42,3700124
tolCp1,9.0,348,34,TGACAGTAAACATCGAAGCG,314,3661786
tolCp1,1.6,89,34,TAACTCTGTAGAGCTATAGA,55,3699761
tolCp1,0.6857142857142857,57,34,GAGGCTACCGTAACACCAGG,23,3678741
tolCp1,0.6571428571428571,56,34,GAAGAGGGCCCCGGCGAGTA,22,3689888
tolCp1,2.8285714285714287,132,34,CTCCAGGTTAAGGGGTCACT,98,3705553
tolCp1,11.028571428571428,419,34,CGTTATAAATAGTTACAGAT,385,3676566
tolCp1,0.42857142857142855,48,34,CGGGATGCCAGTCGTAGGGT,14,3679162
tolCp1,6.4,257,34,CCAAGTAAGCCCTGTTGGGG,223,3684099
tolCp1,2.1714285714285713,109,34,CAGGCTTCGATTGACTTCTT,75,3672222
tolCp1,1.6571428571428573,91,34,CAAGCCACTCAGAGATCTAT,57,3678785
tolCp1,0.2571428571428571,42,34,ATGGGCGTCAACGTTATCAG,8,3674768
tolCp1,0.5142857142857142,51,34,ATCGACTACGGACGTCGCGC,17,3707062
tolCp1,7.9714285714285715,312,34,AGTGGCCACAGCATGACGGT,278,3686020
tolCp1,0.2,40,34,AGCTCGTTGGATTACAGTAA,6,3661677
tolCp1,1.6571428571428573,91,34,AGCCGAGTCCTCGGAAACGC,57,3690124
tolCp1,1.9428571428571428,101,34,ACGGGACCACACTATGCGAC,67,3664280
tolCp1,2.5714285714285716,123,34,ACGCCACGGGTGTTCCTCTC,89,3697580
tolCp1,0.17647058823529413,38,33,TTAAGTCTAAGGTTTCCGAC,5,3673351
tolCp1,1.411764705882353,80,33,TGCTACGATCACGTCACATT,47,3680135
tolCp1,0.9705882352941176,65,33,TGCACAGCGTTGTGCACGCA,32,3669167
tolCp1,1.588235294117647,86,33,TGAGAGTGGCTGTGTGTAGC,53,3680296
tolCp1,0.35294117647058826,44,33,TGACGATATCAAGTGGTGGT,11,3678713
tolCp1,0.5588235294117647,51,33,TACTTGTCCGGGTGGATCAA,18,3715086
tolCp1,0.6470588235294118,54,33,TACGCCCTCACACACTGTCC,21,3662109
tolCp1,0.6176470588235294,53,33,GTCTCTGCTAAGGTGGCGAA,20,3700455
tolCp1,2.676470588235294,123,33,GTCGCGCCCCCATGTTTAAC,90,3712737
tolCp1,1.411764705882353,80,33,GGGCGATTCTCCCAGAGCAA,47,3695460
tolCp1,0.47058823529411764,48,33,GCGATTCTCCCTACGCCGGC,15,3666957
tolCp1,0.35294117647058826,44,33,GCGATGAAGCCGCGGGGGCT,11,3710648
tolCp1,0.47058823529411764,48,33,GCCGTCTGGCGGATAAGAGC,15,3682299
tolCp1,0.20588235294117646,39,33,GACGATTCGGTCATAAGAGT,6,3706783
tolCp1,0.7058823529411765,56,33,CTATTGAGGGTCCATATCCA,23,3669026
tolCp1,0.20588235294117646,39,33,CTATTCATCGGGAATGCTAG,6,3696640
tolCp1,0.7352941176470589,57,33,CGTCTTCTGAGACATAGGGT,24,3687832
tolCp1,0.8235294117647058,60,33,CGTCCATCGGGGTAGAGTCC,27,3681365
tolCp1,1.1764705882352942,72,33,CCTTCTCAGAATCGTATGTT,39,3713669
tolCp1,0.7352941176470589,57,33,CCACAATTCTCTCTCCCGTC,24,3668645
tolCp1,1.8529411764705883,95,33,CAGAAACGAGTCCGTAGGCA,62,3662697
tolCp1,1.088235294117647,69,33,ATGCCTTTTGACGGGGGTAT,36,3677592
tolCp1,0.6470588235294118,54,33,ATAACTACAAAATATGAGGA,21,3673716
tolCp1,0.6764705882352942,55,33,AGTACACAAATCTATGGCTG,22,3687433
tolCp1,0.23529411764705882,40,33,AGGGCATAGGTGGACTCAAG,7,3662816
tolCp1,1.3823529411764706,79,33,AAGGGTACATATATCAGACA,46,3696925
tolCp1,2.088235294117647,103,33,AAGGACAAGAGTTGGTATAA,70,3684510
tolCp1,0.24242424242424243,39,32,TTTCACAGACCTGTAAATAA,7,3673640
tolCp1,5.242424242424242,204,32,TTTAGACATCTGTTTGCTAA,172,3681436
tolCp1,2.393939393939394,110,32,TTCTGAGGTCACACTCTCAC,78,3705634
tolCp1,0.5151515151515151,48,32,TTAGCCGATTAATTGTCGAT,16,3688060
tolCp1,0.5757575757575758,50,32,TGTTACAAAGCGGCAGATTA,18,3683758
tolCp1,3.8484848484848486,158,32,TCTAATTCACTAACGAAGTC,126,3666792
tolCp1,1.121212121212121,68,32,TCGTGTGGCCCAGGGTACCT,36,3678311
tolCp1,1.9090909090909092,94,32,TCCCAGATCCACTGTGATGA,62,3712236
tolCp1,0.9090909090909091,61,32,TATGTCAGCCACTTAGTTCA,29,3677832
tolCp1,0.3939393939393939,44,32,TAGCGAACTATCTTTGGAGT,12,3669811
tolCp1,1.8484848484848484,92,32,TAACTCGTGACCCCTTTGGG,60,3701286
tolCp1,0.42424242424242425,45,32,GGGTAGGAAGATTCCGACCC,13,3669569
tolCp1,0.18181818181818182,37,32,GAACAGAGGTGCACTTACCT,5,3663219
tolCp1,0.48484848484848486,47,32,CTTGTGAATGGACGGTTGCG,15,3664187
tolCp1,1.1818181818181819,70,32,CGTTCGTCGAAACCTAGAGA,38,3663595
tolCp1,0.06060606060606061,33,32,CGTATCTTGTCCGGCTGGGG,1,3680755
tolCp1,0.18181818181818182,37,32,CGCTTGAATGACCCAACATG,5,3689645
tolCp1,1.5151515151515151,81,32,CCGAACAGTTAGATCGTAAG,49,3679161
tolCp1,1.4242424242424243,78,32,CCCTTTACTACTGTCCAAAT,46,3665876
tolCp1,1.2121212121212122,71,32,CAAGTCGTACGACATTTCCT,39,3668311
tolCp1,0.48484848484848486,47,32,CAAATACTAACCGACGTTGT,15,3692906
tolCp1,0.2727272727272727,40,32,ATTTGCGCTTCCAATTGAAA,8,3691193
tolCp1,0.06060606060606061,33,32,ATTCGCACCGCATCGAAGTA,1,3710456
tolCp1,1.4848484848484849,80,32,ATGCCGGGTCCAATGTTAAT,48,3663400
tolCp1,1.5757575757575757,83,32,ATCTCCCGTCAATATCTGGG,51,3693059
tolCp1,0.36363636363636365,43,32,ATCGGCCGGTTGCCTCCCTA,11,3682047
tolCp1,2.9393939393939394,128,32,AGGCTTGACCGTGTCGCGAG,96,3671726
tolCp1,1.303030303030303,74,32,AGCACCAACGATTTCTCTTA,42,3703028
tolCp1,0.696969696969697,54,32,AGATTCTCACGTATGGCACA,22,3700120
tolCp1,0.30303030303030304,41,32,AGAGGTCTCCGTTCCCCGAT,9,3702801
tolCp1,5.212121212121212,203,32,ACCCGCACGCCATTGATCCT,171,3708866
tolCp1,0.5454545454545454,49,32,ACAATAGGGTCTAGCGCTAA,17,3674403
tolCp1,0.0625,32,31,TTGTTGCGGGACCTCTGGCA,1,3661809
tolCp1,1.375,74,31,TGCTATAATATCAGGATACG,43,3693545
tolCp1,2.90625,123,31,TATGGGACGAGCACAACTCT,92,3673741
tolCp1,0.5,46,31,TAATGCGCGGGTTGGTAAGC,15,3693906
tolCp1,1.34375,73,31,GTGCTTGACGATACGGTTAT,42,3704036
tolCp1,0.28125,39,31,GTGAAGAAATTTATTCGACT,8,3661380
tolCp1,1.5,78,31,GGGCTTTGGAACTCGCGAAT,47,3663179
tolCp1,0.625,50,31,GGAATCTGGGCTAACCACAA,19,3667999
tolCp1,2.0,94,31,GCTTCTGCTGCTTGATGCGA,63,3671331
tolCp1,4.8125,184,31,GCTCGTTTACCCCTGGGCCA,153,3682238
tolCp1,0.875,58,31,GCCTTATGGTCCGAGGTTAT,27,3661420
tolCp1,1.84375,89,31,GAGCTGGGGCAATTGTCTAG,58,3670629
tolCp1,1.0625,64,31,CTTGCGGTAGCGGGACTATA,33,3699209
tolCp1,0.71875,53,31,CTCCGATACGTCTAATGGGA,22,3665414
tolCp1,0.625,50,31,CTATACTGAAAACATAGGGA,19,3672444
tolCp1,4.0625,160,31,CGGGACCTAGGCGTCCTTGA,129,3661727
tolCp1,11.78125,407,31,CGGCTGGCACGCCATCAGTG,376,3706090
tolCp1,0.1875,36,31,CCAGGTCCCGTCGTCTCTTA,5,3685946
tolCp1,0.09375,33,31,CAACAAATATTGGTCAATTA,2,3665818
tolCp1,0.46875,45,31,ATTACGAACTCTTGCGCCAA,14,3699911
tolCp1,0.375,42,31,ATGCCCCAAAGCGGAGTCTG,11,3664327
tolCp1,0.90625,59,31,ATCGTGGCATCTAACACGGT,28,3699130
tolCp1,0.125,34,31,ATATATACATGGAATCGCAA,3,3699908
tolCp1,0.15625,35,31,AGTTATGGCACCACATCCTA,4,3669434
tolCp1,1.65625,83,31,AGATTATTAACAGTTGCATA,52,3672031
tolCp1,4.15625,163,31,ACCTATGGACGGATACACTT,132,3676688
tolCp1,2.1875,100,31,AATATGTTTACGCTGGTACT,69,3663947
tolCp1,1.09375,65,31,AAAGTGGCGCGGCTTGCAGG,34,3697002
tolCp1,13.580645161290322,450,30,TTTGCTGGACCCAATCATCA,420,3678156
tolCp1,1.3870967741935485,72,30,TTGCATTTACCCCGAGGAAG,42,3668097
tolCp1,0.7096774193548387,51,30,TTGAAGGCATGTTTATCGGA,21,3703576
tolCp1,4.193548387096774,159,30,TTCTCTATGGACTCCATCCC,129,3682746
tolCp1,8.451612903225806,291,30,TGTTCAGCATTTAGCATTAG,261,3666546
tolCp1,0.7419354838709677,52,30,TGTGAGCAGTGCGGGAATAG,22,3693659
tolCp1,0.967741935483871,59,30,TGTCTTAAGTGAGAGACAAT,29,3706887
tolCp1,0.3870967741935484,41,30,TGGGACATTTGCGCCACACG,11,3715111
tolCp1,0.4838709677419355,44,30,TGGATGTGGCGGTCGGCCTG,14,3681575
tolCp1,0.9354838709677419,58,30,TGCGGTTCATCGTGCGTTTT,28,3675014
tolCp1,0.22580645161290322,36,30,TGCATGCATGATATTTAATC,6,3675832
tolCp1,0.41935483870967744,42,30,TGATTCAGTAGCCTGTCGGT,12,3663863
tolCp1,3.6774193548387095,143,30,TCCCTTCATCAGTGACGTGT,113,3704400
tolCp1,0.06451612903225806,31,30,TCCATTCCTCTAGGCGGCGC,1,3684976
tolCp1,2.5483870967741935,108,30,TCAGTCATTAGGCAATAAGG,78,3712706
tolCp1,2.193548387096774,97,30,TAGACAGCTGTCTGACTTTA,67,3661431
tolCp1,8.096774193548388,280,30,GTTGCATATGTAAGTGGGAT,250,3688811
tolCp1,1.935483870967742,89,30,GTTCGTTTGCGAAAAAGGCT,59,3673098
tolCp1,0.9354838709677419,58,30,GTCGCGGGGGACGTGAGTTT,28,3698275
tolCp1,1.3225806451612903,70,30,GTAGATAGTATGAGCACTGT,40,3681036
tolCp1,1.7419354838709677,83,30,GGGGATGCTTATGGTCCCGA,53,3664089
tolCp1,0.3548387096774194,40,30,GGGACCCGTGATTCAGTATA,10,3679913
tolCp1,3.6774193548387095,143,30,GGCACATACGTAATAGAGCA,113,3667231
tolCp1,0.5806451612903226,47,30,GGAAGCGTGTCATGCCACAT,17,3710705
tolCp1,3.838709677419355,148,30,GCGTCTCGACCCCGAGTGTG,118,3661937
tolCp1,1.1290322580645162,64,30,GCAGGTGGCGACTTCGACAT,34,3664019
tolCp1,4.451612903225806,167,30,GCAGATTGCGCGTCAGCAGT,137,3681334
tolCp1,0.4838709677419355,44,30,CTGTTTTGAGAATGCCTCGC,14,3712123
tolCp1,0.06451612903225806,31,30,CGGGTTACAAGGGAATGCGT,1,3710708
tolCp1,0.4838709677419355,44,30,CGCGATACTACGACATAGCA,14,3661129
tolCp1,1.064516129032258,62,30,CGAGAGCAAGTGCCCGGAGT,32,3694678
tolCp1,0.6451612903225806,49,30,CCTTCTACAACAGACTTTGC,19,3662906
tolCp1,2.0,91,30,CCATCTTCTGGGGAGTACAG,61,3672716
tolCp1,1.5483870967741935,77,30,CCAGGCGTGCCACAGTGAAA,47,3676307
tolCp1,1.6451612903225807,80,30,CATGTGCCTTTGGATCAACA,50,3675850
tolCp1,0.06451612903225806,31,30,CATGCTTGAACCGCTATAAT,1,3686458
tolCp1,1.6129032258064515,79,30,CATCACTTGCATCATAGGTG,49,3689917
tolCp1,1.8709677419354838,87,30,CAGAGGACCCTAATCGGGGT,57,3700952
tolCp1,0.41935483870967744,42,30,CAAATCTGGTTACCTTCGCA,12,3713480
tolCp1,16.419354838709676,538,30,ATTTTGGTTTCTGCGACGAA,508,3667783
tolCp1,0.5806451612903226,47,30,ATGTGAAAGTTCTGCTTCTA,17,3671381
tolCp1,4.870967741935484,180,30,AGTCAACTTTGAGTGTGAAT,150,3674363
tolCp1,5.483870967741935,199,30,AGTAGATCCCGGTGTCACAA,169,3691793
tolCp1,0.41935483870967744,42,30,AGTACCGGGGGTACAACAGG,12,3676057
tolCp1,1.4838709677419355,75,30,AGGAGGTAGTTACGCGTGGC,45,3664308
tolCp1,1.096774193548387,63,30,AGCCTCTATCTATGACGTTA,33,3690982
tolCp1,0.2903225806451613,38,30,AGCAAACTAGCTCTGTAAGA,8,3671674
tolCp1,0.06451612903225806,31,30,ACATGAGGTGCGCTCATTAA,1,3677285
tolCp1,0.967741935483871,59,30,ACACATCAGGGTGTGAGCGC,29,3665273
tolCp1,1.3870967741935485,72,30,AAGTGTAATTTCGCCGACCA,42,3683572
tolCp1,0.4838709677419355,44,30,AAGGTTGCCTAGCCTGCTGT,14,3710106
tolCp1,1.1290322580645162,64,30,AAGGATTTTCGATGCGGCTA,34,3662277
tolCp1,0.5666666666666667,45,29,TTTTCTTTGTCGTTGTATTT,16,3689252
tolCp1,7.533333333333333,254,29,TTGCCAACGTTACGCCTGAG,225,3674258
tolCp1,2.3666666666666667,99,29,TTGCAGACACCGCGTTTACT,70,3687868
tolCp1,1.2333333333333334,65,29,TTCCACAGTGAGAGACCTGC,36,3695064
tolCp1,8.033333333333333,269,29,TTCCAACCATACGTCCAAGT,240,3709312
tolCp1,3.8,142,29,TGTGTCACCGTACGGGCGGA,113,3677043
tolCp1,0.43333333333333335,41,29,TACGGCGTCGATACTGACAG,12,3675836
tolCp1,17.633333333333333,557,29,TACCAATCAACTGCCTCTAT,528,3688982
tolCp1,0.4,40,29,TACATCATAACAGCGGCGCA,11,3692301
tolCp1,1.8333333333333333,83,29,TAACACTAAGAAATTCTAGT,54,3673529
tolCp1,0.2,34,29,GTTCCGTCCGTCCACAAATG,5,3702464
tolCp1,0.7333333333333333,50,29,GTACGGCATGTTTCATGTGT,21,3685932
tolCp1,1.1,61,29,GGTCGTATCACAAGATCGCA,32,3686295
tolCp1,1.0,58,29,GGCCCGTCTCTAATTTAAGT,29,3680654
tolCp1,1.5,73,29,GCGACTTATTGGGACTGTAG,44,3688562
tolCp1,1.5666666666666667,75,29,GCCTAGGTCTAGTGCGCATA,46,3704538
tolCp1,0.5333333333333333,44,29,GCATGGGCCGGCACACCCAG,15,3661329
tolCp1,1.4333333333333333,71,29,GCATGAACAAAGGTAATAGC,42,3675136
tolCp1,1.0,58,29,GCAGAAGTCCTCGTCAGCCA,29,3677990
tolCp1,2.2666666666666666,96,29,GCACTCGTCTCCAGCTGATA,67,3712738
tolCp1,2.5,103,29,CTGTAAGGCCTGTGACCATA,74,3685446
tolCp1,0.3333333333333333,38,29,CGGTGAAGGTATGAGCCCAA,9,3671424
tolCp1,0.06666666666666667,30,29,CGCGCCTACTCGGTGGTAGC,1,3699359
tolCp1,3.6666666666666665,138,29,CAGGAGGTGCCCCATATTAT,109,3661759
tolCp1,0.13333333333333333,32,29,CAGCTTGAGTGTAAAGATTA,3,3701893
tolCp1,0.6333333333333333,47,29,CAGCTTCGCTTATTGTTTGT,18,3669710
tolCp1,0.5333333333333333,44,29,CAGCCGCGGTATAGTTGTTA,15,3699286
tolCp1,0.4666666666666667,42,29,CACACTAGCACAGCCGAACA,13,3704424
tolCp1,0.4666666666666667,42,29,ATCGAGATGGGATTGAACGG,13,3676815
tolCp1,1.8666666666666667,84,29,ATCGAAAAGATCCACTGAAG,55,3702510
tolCp1,0.7666666666666667,51,29,ATCAGAGTTCAGAACGAGAC,22,3674694
tolCp1,1.6333333333333333,77,29,ATCAACAAGAGGGCGATCCT,48,3669430
tolCp1,1.0666666666666667,60,29,ATACGGACTTGCCACTCCAA,31,3675182
tolCp1,4.766666666666667,171,29,AGTGGAGGCGAGGCCGAGAA,142,3709188
tolCp1,1.4666666666666666,72,29,AGAGCATTGTAATGAGCAAG,43,3712778
tolCp1,0.43333333333333335,41,29,ACGACAGGCGAGTAAAGTCA,12,3685772
tolCp1,0.4666666666666667,42,29,ACCGACCGTGGGGCTCGCTA,13,3700208
tolCp1,1.5,73,29,AAGTAGGTCGCGCTAGTAGA,44,3692400
tolCp1,2.7333333333333334,110,29,AACCCGTCCAATCAACCTGT,81,3665961
tolCp1,2.433333333333333,101,29,AAATCATTGTTAGCCTGGAA,72,3670628
tolCp1,3.2413793103448274,121,28,TTGTCACATATCACATTCGT,93,3665378
tolCp1,8.10344827586207,262,28,TTGCGGAGACCTCGCCCACC,234,3671011
tolCp1,0.5862068965517241,44,28,TTGATCTGGCGCATCTCGTT,16,3695411
tolCp1,2.206896551724138,91,28,TTCAGCTAAAGGTCTGTCAA,63,3702516
tolCp1,2.689655172413793,105,28,TGTCTTGGAGGCATCCAGCA,77,3664181
tolCp1,0.9310344827586207,54,28,TGGGTGGCGTCTTGGATCCT,26,3680255
tolCp1,0.20689655172413793,33,28,TGATAACCACCTACAGGGGT,5,3675233
tolCp1,0.3448275862068966,37,28,TGACCGGCCCGTGAGACTAG,9,3684044
tolCp1,2.689655172413793,105,28,TCTCACAATGAGAATTGGAT,77,3663213
tolCp1,0.1724137931034483,32,28,TCGTCGTAGCTTGAGCCCAC,4,3665194
tolCp1,0.4482758620689655,40,28,TCATAAATATCCGCCATACA,12,3674380
tolCp1,0.2413793103448276,34,28,TATGCCATAGACATATACTT,6,3707946
tolCp1,0.7931034482758621,50,28,TACTGCTATGCAGCAAGCAG,22,3703627
tolCp1,1.896551724137931,82,28,GTTTATTTGACATCTAATAG,54,3705481
tolCp1,3.310344827586207,123,28,GTTGGACTCCCAGTGGCATA,95,3691059
tolCp1,0.7586206896551724,49,28,GTGAGTGCTTAATGTCGGGT,21,3674502
tolCp1,1.7586206896551724,78,28,GTCAGGCGGGTCAGGGTAGA,50,3713184
tolCp1,1.5172413793103448,71,28,GTCAGACACAGTTACCTCTA,43,3676095
tolCp1,0.896551724137931,53,28,GTCAAATTCGGAGTGCGATT,25,3692936
tolCp1,2.689655172413793,105,28,GGTGATTTTTTACGTTCTTG,77,3698829
tolCp1,3.793103448275862,137,28,GGCGGATAGACAATTTCAAT,109,3695160
tolCp1,1.3448275862068966,66,28,GCGAGTTCTCTTTCACTTTT,38,3666505
tolCp1,3.8620689655172415,139,28,GCAGTTATCCCTTTCGGTCG,111,3664491
tolCp1,0.1724137931034483,32,28,GCACGCCGAGGAGCGTCGCC,4,3714594
tolCp1,1.103448275862069,59,28,GATACCGTTTTTTGAAGCAT,31,3664154
tolCp1,1.6206896551724137,74,28,GACTAGTAGGTACACGCACT,46,3678858
tolCp1,3.2413793103448274,121,28,CTATATGGCAGAACGTGATA,93,3697423
tolCp1,1.2758620689655173,64,28,CTACGGCGTTAGTGGCGAGA,36,3663453
tolCp1,0.06896551724137931,29,28,CTACACGCCGCATGGGCCAT,1,3682084
tolCp1,2.3793103448275863,96,28,CTAAGTTCTTCCCCGGAGAA,68,3677652
tolCp1,0.3793103448275862,38,28,CGTCATGGGCAGATTCAGTA,10,3689513
tolCp1,0.7586206896551724,49,28,CGCCTATCCTACGACTATGT,21,3669292
tolCp1,0.5862068965517241,44,28,CGAGTACCGGAGAAAATATT,16,3681953
tolCp1,0.8275862068965517,51,28,CCTACGCATGTTTTATCTGC,23,3665489
tolCp1,1.1379310344827587,60,28,CCCTTGGTACGTAACACAGG,32,3679677
tolCp1,0.5862068965517241,44,28,CCAAGGTGCTATCCCGATTG,16,3676429
tolCp1,0.7241379310344828,48,28,CCAAGCATACGCGTTCTCTA,20,3698609
tolCp1,0.6896551724137931,47,28,CAGAGGCTCTGCAGTGGAAC,19,3675921
tolCp1,3.793103448275862,137,28,ATGGCTGATTGACTGGTCGT,109,3678666
tolCp1,0.13793103448275862,31,28,ATAGGACTCTTCAGACGGTG,3,3689934
tolCp1,0.7586206896551724,49,28,AGTGGTTCGCATCCCGGGAA,21,3699170
tolCp1,2.7586206896551726,107,28,AGAGCGGGAAAACCAACTAA,79,3679576
tolCp1,0.5172413793103449,42,28,ACTGACTACCCCGCTTGGTT,14,3685451
tolCp1,0.1724137931034483,32,28,ACTATGGAATTATTGCAGAT,4,3662181
tolCp1,5.0,172,28,ACGTGTCTAAGTCATGTAAC,144,3665097
tolCp1,0.4482758620689655,40,28,ACCAAATTGCAAAACAGTAG,12,3671930
tolCp1,0.06896551724137931,29,28,AATGTAATTGACGCTGGCCC,1,3694232
tolCp1,0.9655172413793104,55,28,AAATAGGAAATTAACCTCAA,27,3707792
tolCp1,0.21428571428571427,32,27,TTTTATACGCATAATTGGTT,5,3665992
tolCp1,1.4642857142857142,67,27,TTTGTCTTATAAAAACCAGT,40,3668222
tolCp1,0.35714285714285715,36,27,TTCATTATTTGTGCTTTCGT,9,3701934
tolCp1,0.14285714285714285,30,27,TTATCCAGGTTTTCGTGAAT,3,3667051
tolCp1,4.392857142857143,149,27,TGGGTAGTCGTAACACTAAG,122,3688341
tolCp1,0.42857142857142855,38,27,TGCGCTGGATCAACTAGCTA,11,3690049
tolCp1,0.6785714285714286,45,27,TCGGACAGAGGTGGCCCCGA,18,3693731
tolCp1,7.964285714285714,249,27,TCGCTCCTTTTTCGATTTTT,222,3664665
tolCp1,2.892857142857143,107,27,TCGAGAAGACCGCACTACTA,80,3673525
tolCp1,6.857142857142857,218,27,TATGTTTACCTGTATAGACA,191,3708959
tolCp1,11.607142857142858,351,27,GTAACAGGGTTGTCGGCCCT,324,3681437
tolCp1,0.8214285714285714,49,27,GGTCTCCGGCTAAGATGGAT,22,3680134
tolCp1,2.642857142857143,100,27,GGTCCAAGCGGTGCCACGGG,73,3693578
tolCp1,0.5357142857142857,41,27,GGTATTCAGTTCGATTCATG,14,3690206
tolCp1,0.4642857142857143,39,27,GGGGTATTGCTACTAACATA,12,3689151
tolCp1,2.7142857142857144,102,27,GGATAAGCCGGTGTGAACGA,75,3669333
tolCp1,0.9642857142857143,53,27,GCTTACATCTGCATGTATGT,26,3677850
tolCp1,0.6785714285714286,45,27,GCGCGGTAAACGCTATGTAG,18,3667987
tolCp1,1.3571428571428572,64,27,GCATGAATTATTGTCGCCCT,37,3680653
tolCp1,0.21428571428571427,32,27,GATTTTTTCAAATGGTTAAC,5,3668655
tolCp1,1.75,75,27,GATGTGTTTCGTCTCCATTT,48,3705880
tolCp1,0.6428571428571429,44,27,GATCTGGTCGCGCAGCTAGA,17,3708796
tolCp1,0.6785714285714286,45,27,GATAATCTGTAGCTTATCCA,18,3693153
tolCp1,1.2857142857142858,62,27,GAGTCAGCATGACGCGAGTG,35,3685674
tolCp1,1.1428571428571428,58,27,GAGAGGGGATTGCGCGTCTC,31,3672138
tolCp1,0.7857142857142857,48,27,GAGACATTATATCAATATTA,21,3695541
tolCp1,0.8214285714285714,49,27,GACGCTGATTACTTGTCTTT,22,3668719
tolCp1,2.8214285714285716,105,27,GAAGCGCTCGTCTCAATCCA,78,3685300
tolCp1,0.25,33,27,CTTACTAAGAAGCTCGAAGC,6,3694207
tolCp1,2.0357142857142856,83,27,CTGAGCTGGATAACCGGTGT,56,3663950
tolCp1,3.607142857142857,127,27,CTGAATTGTGCTTAATTTTT,100,3703796
tolCp1,0.2857142857142857,34,27,CTAAAACCATCGAGAAATGT,7,3674745
tolCp1,1.2142857142857142,60,27,CGGCACCTCAGGATAGGAAG,33,3699160
tolCp1,3.607142857142857,127,27,CGGACGTCTGAACAGCAGCA,100,3662861
tolCp1,0.32142857142857145,35,27,CGAGTTAGTGAAGTCTACCA,8,3704837
tolCp1,0.7142857142857143,46,27,CCCAGCGCATGTCCGCTCGA,19,3675296
tolCp1,0.35714285714285715,36,27,CCAGTGCTAGCTCCCTCGCA,9,3668927
tolCp1,0.6785714285714286,45,27,CCACACTCACTGCCGTCCAT,18,3713149
tolCp1,1.2857142857142858,62,27,CATAAACAGTGGTACGAGCA,35,3683359
tolCp1,1.0714285714285714,56,27,CACCAGTATTGTACATGAAG,29,3693448
tolCp1,1.5714285714285714,70,27,CAATTCATGCCGTAAGCATA,43,3679889
tolCp1,1.1071428571428572,57,27,CAACGTTAATCAATTTGCCA,30,3661134
tolCp1,4.75,159,27,CAAAAACCATCCGACGGCAT,132,3674124
tolCp1,1.7857142857142858,76,27,ATTGGAAATCATAGTTCTGT,49,3680792
tolCp1,0.42857142857142855,38,27,ATTCGGAGGATAAATAGGCG,11,3668235
tolCp1,2.0357142857142856,83,27,ATCGAATCAGGTAGTTAGCA,56,3664621
tolCp1,3.9285714285714284,136,27,ATATGAACGCGGGCACGTAT,109,3684187
tolCp1,1.5714285714285714,70,27,AGCCATCTTTCGTTCACTCA,43,3663955
tolCp1,2.2142857142857144,88,27,ACGGAACCAGGTTCAGTACT,61,3690406
tolCp1,2.25,89,27,ACGCCCTCAAAGCGTGAGTT,62,3668758
tolCp1,1.3214285714285714,63,27,ACGCAGCGTCGAGGGCTTTG,36,3665965
tolCp1,0.5714285714285714,42,27,ACCGATGGCCATCGCCTATC,15,3661558
tolCp1,1.5714285714285714,70,27,ACAGGGGCTAGGGCTGCAGT,43,3671257
tolCp1,0.2857142857142857,34,27,ACAGGCCACCCGTGTAACAC,7,3696542
tolCp1,1.0,54,27,ACACCTGCATGTTAAATGCG,27,3697704
tolCp1,0.39285714285714285,37,27,AATGGCGAGCTAGCCGTCTC,10,3668877
tolCp1,1.8928571428571428,79,27,AAGCTTCCTCTTGTTAAGCC,52,3700745
tolCp1,0.5714285714285714,42,27,AAGCAGGGCACTTCTGTAGG,15,3711723
tolCp1,1.6071428571428572,71,27,AAACTTCTCGTGAAGTTCAG,44,3713416
tolCp1,0.7777777777777778,46,26,TTCGGGTGAAAGGTATGGAA,20,3676431
tolCp1,5.62962962962963,177,26,TTCGCTCATGAAGCAATGTA,151,3662416
tolCp1,6.444444444444445,199,26,TGTGTTCAGATGCCTACTGA,173,3686722
tolCp1,5.62962962962963,177,26,TGCCTAATACTACAAACTCA,151,3691788
tolCp1,0.4444444444444444,37,26,TCTCGGCGGATCTCGCAGCA,11,3695314
tolCp1,0.2222222222222222,31,26,TCGGCACTCACAGATTTGTA,5,3693080
tolCp1,1.1481481481481481,56,26,TCCGCCGGGCGGATTGTGTG,30,3663322
tolCp1,1.4814814814814814,65,26,TCAGGGGTACATGCAGACAA,39,3699057
tolCp1,1.2592592592592593,59,26,TAGGTTGCACTGCGCGTTCA,33,3705783
tolCp1,2.6296296296296298,96,26,GTGCTTAAGGCAGAGTTAAG,70,3709330
tolCp1,1.2222222222222223,58,26,GTGCCAGAACGTAAAGTTTA,32,3677629
tolCp1,2.5555555555555554,94,26,GTCAACCAGCTGACAGCAGA,68,3706888
tolCp1,0.3333333333333333,34,26,GTATGGGAGTGCAAAATCGT,8,3672137
tolCp1,1.5925925925925926,68,26,GGGGCGCCATGCATGACTCC,42,3691311
tolCp1,1.2962962962962963,60,26,GGGCAAATCAAAGCAAACCT,34,3709865
tolCp1,4.925925925925926,158,26,GGAGTGATAATAGCGTGTTA,132,3667205
tolCp1,0.37037037037037035,35,26,GGAGAAGGCTCCGACTCAAT,9,3669244
tolCp1,15.11111111111111,433,26,GCTTCCCAGCAACCACAAAT,407,3669771
tolCp1,7.925925925925926,239,26,GCTACCCGACTTCTTAGGCA,213,3688806
tolCp1,0.6666666666666666,43,26,GCATTGGCGGGTATCCTCAA,17,3694715
tolCp1,0.7777777777777778,46,26,GAGACTACAGGGTCGCCCTA,20,3674992
tolCp1,0.7407407407407407,45,26,GACTGGCCACGTAGAATCGT,19,3693717
tolCp1,0.5925925925925926,41,26,GACTGAGTATACGGACGCAC,15,3668718
tolCp1,2.074074074074074,81,26,CTTGATGGTCTGAACCTCTG,55,3663298
tolCp1,1.7777777777777777,73,26,CTGCTGGGGCTCTACGAGAT,47,3683755
tolCp1,6.222222222222222,193,26,CTCAGTCGATTAGTTACCGT,167,3679523
tolCp1,0.7407407407407407,45,26,CGTTTTCCGACTTCTCAGGC,19,3704253
tolCp1,2.074074074074074,81,26,CGGAAATAGGTAAGATTTTC,55,3706863
tolCp1,0.5925925925925926,41,26,CCTTTTAAATTACGTTCACC,15,3708089
tolCp1,6.814814814814815,209,26,CCTCTATGTCGGGCGGACAT,183,3669744
tolCp1,7.185185185185185,219,26,CCGCTGAAAAGGTCATCATA,193,3702688
tolCp1,7.37037037037037,224,26,CATGAGAGGTGGCCTATATA,198,3664955
tolCp1,3.2962962962962963,114,26,CATAGCGCTAACGTCGTGAT,88,3670844
tolCp1,3.259259259259259,113,26,CAGGGGCGCTTGAGAACGCG,87,3693230
tolCp1,1.3333333333333333,61,26,CACGTTCAAAGCCCACAGAT,35,3668328
tolCp1,0.7037037037037037,44,26,CACCTAGAACTACCTTATTT,18,3707149
tolCp1,1.2592592592592593,59,26,CACCACTCGACTCATCTGCT,33,3692526
tolCp1,1.962962962962963,78,26,ATTTGTAGGAGTGATAGCTG,52,3670567
tolCp1,1.1851851851851851,57,26,ATTGGACCATTGTCGAGAAG,31,3694922
tolCp1,0.14814814814814814,29,26,ATTGCACTATTCCGCAGGGA,3,3680099
tolCp1,2.2222222222222223,85,26,ATGGTACGGGCATCAGGAAA,59,3668373
tolCp1,1.2962962962962963,60,26,ATGCCCCACAGACGAGTTTC,34,3688693
tolCp1,1.3333333333333333,61,26,ATGAGCATCAACGTTGCCCA,35,3661220
tolCp1,1.1481481481481481,56,26,ATCGCAGCATAGCGTGCATA,30,3672630
tolCp1,1.5925925925925926,68,26,ATCCAACAGGACTCGGCCAC,42,3663713
tolCp1,0.07407407407407407,27,26,ATATTAGCACAACCTTATGT,1,3662182
tolCp1,1.4074074074074074,63,26,ATACCACGTCTACGACTGAA,37,3681246
tolCp1,10.74074074074074,315,26,AGTCTGTATTATGGCCCAAT,289,3706086
tolCp1,0.2962962962962963,33,26,AGGAGTGCGCAGTGGGTTCG,7,3665661
tolCp1,1.1481481481481481,56,26,AGGAATAAGGACAACGGCAT,30,3676437
tolCp1,0.7037037037037037,44,26,AGGAAAGCGTTTTCATCGTA,18,3713500
tolCp1,3.259259259259259,113,26,AGCAGAAGAGTACGGATGCA,87,3683033
tolCp1,3.5185185185185186,120,26,ACTTCATTTATCTGGTCAAT,94,3711273
tolCp1,0.48148148148148145,38,26,ACCTGAACGCTCGTTGAGCT,12,3672783
tolCp1,2.740740740740741,99,26,ACCGAATTCTGCATTGTAAA,73,3712741
tolCp1,1.7407407407407407,72,26,ACACCGTTCGGAGCTGTGAT,46,3697452
tolCp1,0.07407407407407407,27,26,AATTTTGTATAAAAGAACGA,1,3710372
tolCp1,0.7407407407407407,45,26,AATTCGTGTTGGATAGAGCG,19,3667860
tolCp1,1.037037037037037,53,26,AATACTGCTACCTGTTAATA,27,3662019
tolCp1,2.5925925925925926,95,26,AACTACAAAGAGTCACTGCG,69,3668878
tolCp1,0.2222222222222222,31,26,AACCGGGTTCGTTTAATTGT,5,3680958
tolCp1,0.34615384615384615,33,25,TTTTCGGAGCGCTCTGGAGG,8,3683815
tolCp1,0.07692307692307693,26,25,TTTTAAGCTTCAAGGCTTAA,1,3699036
tolCp1,1.3461538461538463,59,25,TTTGCGGTGACAAATAAGTT,34,3700732
tolCp1,0.23076923076923078,30,25,TTTATGCAGCCACAATTCAT,5,3707269
tolCp1,0.5,37,25,TTGTAGTTCATCAAAACCAT,12,3697369
tolCp1,2.423076923076923,87,25,TTGAGGGTCGTAGGGAACTA,62,3710482
tolCp1,0.5384615384615384,38,25,TTCTGAAGGTTACTCGTGTG,13,3675236
tolCp1,0.9230769230769231,48,25,TTACCGGGTTTATAGTTGAT,23,3693715
tolCp1,0.8076923076923077,45,25,TGTTTCAGGGATAGGGATGG,20,3693623
tolCp1,0.34615384615384615,33,25,TGGTTTGCTCCCCGAGTGGC,8,3709043
tolCp1,9.538461538461538,272,25,TGGGGTATCTACTTTGGTCC,247,3672839
tolCp1,0.5769230769230769,39,25,TGCTGGTCTAGCATGTTACA,14,3677993
tolCp1,0.34615384615384615,33,25,TGCCTCTGAGCCATTATATG,8,3689192
tolCp1,0.07692307692307693,26,25,TCTGTCGTACTCAGATGCTT,1,3662580
tolCp1,0.19230769230769232,29,25,TCTATTTGTGTCCAATATAG,4,3663091
tolCp1,0.9615384615384616,49,25,TCGGGGACAATATCGCGACT,24,3677667
tolCp1,1.3076923076923077,58,25,TATTTGTTATTTGGGCAATT,33,3667737
tolCp1,1.9615384615384615,75,25,TATATAGCTGTTGCTCTTTG,50,3707703
tolCp1,0.7692307692307693,44,25,TACGGACTCCCTGGTGCAAA,19,3709841
tolCp1,0.38461538461538464,34,25,TAATAGTGCGTTCCCCGGGC,9,3685499
tolCp1,1.3846153846153846,60,25,TAACTATGGTTGAGTCAGGT,35,3695474
tolCp1,0.6923076923076923,42,25,GTTCCCAATCCGGGCCTGAT,17,3683978
tolCp1,0.3076923076923077,32,25,GTGCTTGTTAATCTGGAAGT,7,3700358
tolCp1,0.07692307692307693,26,25,GTCGCCTCTGACATACCGAG,1,3699357
tolCp1,2.9615384615384617,101,25,GTCACACTAGGTACCGTAAA,76,3664221
tolCp1,2.769230769230769,96,25,GGTAGACTCTCGCTACTTCA,71,3664501
tolCp1,1.6153846153846154,66,25,GGGGTAATTCGACTCTAGAT,41,3683349
tolCp1,1.0769230769230769,52,25,GGGCCAGATCGACCGTAAAA,27,3673396
tolCp1,0.5769230769230769,39,25,GGGACATGCCTCCGCGAATG,14,3678387
tolCp1,2.6538461538461537,93,25,GGCCGTGTAACCATTACGAT,68,3669545
tolCp1,0.6538461538461539,41,25,GGCATGTTCACGATGTGATT,16,3667811
tolCp1,1.4230769230769231,61,25,GGCACGGCGATGAGCAGTCC,36,3691075
tolCp1,0.8846153846153846,47,25,GGAGCTCGTCTGAGGACTTA,22,3661958
tolCp1,1.6538461538461537,67,25,GGACTACTTAGATCTAAGAT,42,3680725
tolCp1,0.5,37,25,GCTTGGCGGTATATTCGGAT,12,3674539
tolCp1,1.0,50,25,GCTTACTTTTCGGTTACGTA,25,3687678
tolCp1,0.3076923076923077,32,25,GCCGGGCTCCTGTGGACGCT,7,3701091
tolCp1,0.6538461538461539,41,25,GCCGAATGGTGTATCAGGGC,16,3711949
tolCp1,2.6923076923076925,94,25,GATTGGTTCCGCGAAGAATC,69,3683833
tolCp1,0.6153846153846154,40,25,GATAAAGGGGTTATGCGTGA,15,3673925
tolCp1,1.4230769230769231,61,25,GAGGTGAAGTGGCCCAACAA,36,3683090
tolCp1,0.34615384615384615,33,25,GAGACCAATAGCAAACATCA,8,3676395
tolCp1,0.9230769230769231,48,25,CTTGCCTGATGGATCTGTGT,23,3707693
tolCp1,0.23076923076923078,30,25,CTGGGCGGCCGTCAATGAAG,5,3695542
tolCp1,0.8076923076923077,45,25,CTGAAATGGGTTTTATATCA,20,3663592
tolCp1,1.0,50,25,CTACTTCAAGCAAAACTGTG,25,3684404
tolCp1,1.9615384615384615,75,25,CGTAGGGGGAGGTTCACGGA,50,3710458
tolCp1,0.2692307692307692,31,25,CGGGTCGAATAGGCTGTTTA,6,3674543
tolCp1,2.269230769230769,83,25,CGATAGGGGTGGGCAGTCCA,58,3696375
tolCp1,1.4230769230769231,61,25,CGAATTGGAAAACACTTATA,36,3687540
tolCp1,0.4230769230769231,35,25,CGAAACGGTGACATCGGTGT,10,3687834
tolCp1,0.5769230769230769,39,25,CCGAAGGGAGGACAACTTCA,14,3694082
tolCp1,0.34615384615384615,33,25,CCATCCCACACACTCGGGTA,8,3662266
tolCp1,0.7692307692307693,44,25,CATACTCGAGTCGGTCTTAC,19,3664443
tolCp1,0.6538461538461539,41,25,CAGGACAAAGGAAACTGTAG,16,3673146
tolCp1,1.5384615384615385,64,25,CAGCATCAGTAAGTCGTATG,39,3661888
tolCp1,5.923076923076923,178,25,CAGAGTGCAGTACTTCGATA,153,3698819
tolCp1,1.1153846153846154,53,25,CACCGGGGGTCCGCGAGCCC,28,3693682
tolCp1,10.076923076923077,286,25,CACCATCAAAAAACGATGCA,261,3681454
tolCp1,0.7692307692307693,44,25,ATTTCCTTATCGGACTTCAC,19,3692188
tolCp1,1.3461538461538463,59,25,ATTGCTAGCGCTGCAGCCTA,34,3681034
tolCp1,23.96153846153846,647,25,ATTAGGAGCTTGGGAAATTA,622,3691891
tolCp1,1.4230769230769231,61,25,ATGAGATCGTACGCTATTTT,36,3684680
tolCp1,1.0,50,25,ATCGTTCAGGCGTTACGTTC,25,3678043
tolCp1,0.8461538461538461,46,25,ATCCCGCGGGCTCGTAGGGT,21,3697768
tolCp1,1.6923076923076923,68,25,ATATTAGTACTACACCATGT,43,3707290
tolCp1,2.0,76,25,AGTTATATCGACTGAGGCCG,51,3693245
tolCp1,0.23076923076923078,30,25,AGTACCATCTATACGTGTAG,5,3692017
tolCp1,0.38461538461538464,34,25,AGGTAAGGATAAAAGGGCCG,9,3662611
tolCp1,19.153846153846153,522,25,AGCCAATAAGCGACCCATGT,497,3704630
tolCp1,10.038461538461538,285,25,AGATGACCGATCGACCTCTC,260,3666134
tolCp1,0.4230769230769231,35,25,AGAACTATTCGAAAATTGCA,10,3702611
tolCp1,3.0,102,25,ACTTTTAGTCTCAGCGCGAG,77,3699466
tolCp1,6.076923076923077,182,25,ACGTTGCAAATTAGTGACTC,157,3677198
tolCp1,2.1538461538461537,80,25,AATGTTCAACTCGCGAGACC,55,3671335
tolCp1,0.6538461538461539,41,25,AATAAGATGAGCGTGGAGTC,16,3674911
tolCp1,1.3076923076923077,58,25,AAGATACTGCGCTTTATGTG,33,3677549
tolCp1,1.9230769230769231,74,25,AACTCTGATGCAACCTTCCG,49,3709195
tolCp1,0.08,25,24,TTTTGTGGTATCAGGCTTAA,1,3663797
tolCp1,0.8,43,24,TTTAGAGGGGTTTTGAACGT,19,3663320
tolCp1,2.92,96,24,TTGAGTGGTAGTGAAACAAT,72,3673498
tolCp1,2.24,79,24,TTCTATGCCGGTGGGGTATA,55,3668826
tolCp1,1.44,59,24,TGTTTTGAAGGTTCACCATT,35,3688149
tolCp1,4.36,132,24,TGGTACACGGGTATTCATAC,108,3693225
tolCp1,0.08,25,24,TGGGTATCGGCCACTAACGA,1,3687065
tolCp1,0.4,33,24,TGGGGGAGATAAATAAAATG,9,3694666
tolCp1,1.16,52,24,TGGACCATAGGATTTGCGAT,28,3671978
tolCp1,2.4,83,24,TGGAATACAAAGTGTGTTCT,59,3673493
tolCp1,1.48,60,24,TGCAGCGTAAGCAAAACCTT,36,3696708
tolCp1,0.76,42,24,TGACTAGGAACCTCCATTCT,18,3673206
tolCp1,0.72,41,24,TCGTATGCGTTATATTGCCA,17,3675348
tolCp1,7.96,222,24,TCGCCAGCGGAATGTTTTGT,198,3687119
tolCp1,0.84,44,24,TCCCCGCACATGTCGCTCAG,20,3664183
tolCp1,0.88,45,24,TCCACGGTCAGACCCATGTA,21,3704039
tolCp1,1.28,55,24,TCATGTCGATCCGGTCAGTG,31,3682698
tolCp1,1.2,53,24,TCATCACATCGACCGTACAG,29,3712229
tolCp1,1.88,70,24,TAGCTGGTTCTGCCTCATAT,46,3662551
tolCp1,4.44,134,24,TACTCGGTACCAATTGCTCG,110,3665086
tolCp1,0.36,32,24,TACACTTCTCCTCCTGGGTA,8,3702589
tolCp1,1.36,57,24,GTGCAACCTGTGGCCCCAAT,33,3675312
tolCp1,0.32,31,24,GTGACCGCCAGGGCTGGAGG,7,3694093
tolCp1,0.8,43,24,GTCGCACTACCACTAAAAGG,19,3667011
tolCp1,3.36,107,24,GTAATGCTACGCCCCGCTGA,83,3664675
tolCp1,0.56,37,24,GGTCGAAGCCAGCACAGAAC,13,3687637
tolCp1,0.84,44,24,GGGGATAACGGGGCCGGGGC,20,3690824
tolCp1,1.64,64,24,GGGCGTTCGAGGATGACGGT,40,3666887
tolCp1,0.6,38,24,GGGCACTTCGGTGGTCCGGT,14,3662818
tolCp1,0.2,28,24,GGCTTCTGATGTCCGCTTAG,4,3690853
tolCp1,0.92,46,24,GGCTCAGGGCACAGGCGCCT,22,3676060
tolCp1,0.6,38,24,GGCCACGAGGAAACCGAGAA,14,3685766
tolCp1,0.08,25,24,GGCCACCATTGAGCCGGCAG,1,3678822
tolCp1,1.2,53,24,GGCATGTCTTTTTAAAACGT,29,3666045
tolCp1,3.28,105,24,GGAGCACGAACTATCGAAAG,81,3671535
tolCp1,1.68,65,24,GGAGATGCGTAATCTTCTTT,41,3696258
tolCp1,4.04,124,24,GGACCCCCAAACCTAGCTAT,100,3667635
tolCp1,4.32,131,24,GCGCGGGCTAGCAAGACTCA,107,3684494
tolCp1,1.12,51,24,GCCTGTAGACGAAAAAGTAG,27,3666213
tolCp1,0.44,34,24,GAGTTTTTTGTCATTCTCAT,10,3681161
tolCp1,2.52,86,24,CTGAAACTAAAGGCGATATA,62,3692244
tolCp1,0.24,29,24,CTCTATTGCTGAGTTCGTTA,5,3688941
tolCp1,0.56,37,24,CTCGTGTACTAACGGTGTAC,13,3676000
tolCp1,5.92,171,24,CGCCCAATGCATCTGAGAAT,147,3713762
tolCp1,2.44,84,24,CGAACCAGGGACGGGTCGAA,60,3680594
tolCp1,0.08,25,24,CCTAAACATTCAAAAGACTC,1,3675932
tolCp1,0.4,33,24,CCGTTACCCCAAGTATCATT,9,3680406
tolCp1,0.16,27,24,CCGCTCATTGAGGCCTTTAC,3,3673388
tolCp1,3.44,109,24,CCGCCTTGGAAAGCGATTGT,85,3672590
tolCp1,0.52,36,24,CCAACAGGCAGGGTGCAAGA,12,3678522
tolCp1,0.72,41,24,CAGTGAGCCAGGATCGATAC,17,3690979
tolCp1,1.72,66,24,CAGGAGCGGCTAGCGTTTGT,42,3667460
tolCp1,2.96,97,24,CAGCTAGCAAGGAGCCTCGT,73,3705268
tolCp1,0.44,34,24,CAGATGGATTGGGAAAAGAT,10,3686196
tolCp1,0.72,41,24,CAGATGATACATCACACAAA,17,3683166
tolCp1,0.4,33,24,CACACTTTGTTAGGGTTCAT,9,3673838
tolCp1,1.52,61,24,CAACCTCGCCCTCGTGACGT,37,3698795
tolCp1,0.64,39,24,CAAATGTATGTGGGCCTTAA,15,3703359
tolCp1,7.12,201,24,CAAATAATTCCGTTTTCGCT,177,3686715
tolCp1,1.4,58,24,CAAACACTGGAAAACTAAGT,34,3696998
tolCp1,9.04,249,24,ATTCTGGCACATCCGGTAAA,225,3666132
tolCp1,5.68,165,24,ATTCCGACACGGTGTTGGTT,141,3667203
tolCp1,0.36,32,24,ATGTTTACAAACGGTCCCAG,8,3682924
tolCp1,0.84,44,24,ATGTGATTTACGCTCTTCCA,20,3670644
tolCp1,2.96,97,24,ATCCCGGTTGGATTTCACCC,73,3707486
tolCp1,1.76,67,24,ATCCACTTGGCGGATGGGAC,43,3679840
tolCp1,0.48,35,24,ATACTTAGTACCTAGCGATT,11,3710946
tolCp1,0.64,39,24,AGTTCCGGGCTGCATCCCTG,15,3677016
tolCp1,2.24,79,24,AGTGTCCGGGATGAGGGACT,55,3676342
tolCp1,0.72,41,24,AGGTCGCAGTCTACAAACTA,17,3663773
tolCp1,0.08,25,24,AGGCTCCCCTGACTGCGAGT,1,3711886
tolCp1,2.68,90,24,AGGACCAGCCACTACCCCGA,66,3689474
tolCp1,0.96,47,24,AGCGTCTTAGACCATTACGG,23,3662302
tolCp1,0.36,32,24,AGCAGGTTGACCCGCAATCT,8,3694486
tolCp1,1.6,63,24,AGCAGCGTCAGGCATCCTGA,39,3662329
tolCp1,4.88,145,24,AGAGACAGGTAATAGCTCGG,121,3686812
tolCp1,1.32,56,24,AGACCAGGGCAGACACACTA,32,3677046
tolCp1,0.32,31,24,AGACAAATCGTCTGGTTGTG,7,3685408
tolCp1,5.24,154,24,ACGCTCCTCTGCAATTCTAA,130,3671982
tolCp1,5.52,161,24,ACGCTAGGCAATTATCATTA,137,3708343
tolCp1,4.12,126,24,ACGATGGGAGTATGGCACTA,102,3708545
tolCp1,2.12,76,24,ACGATCAACGGCCCTCCTAG,52,3680695
tolCp1,1.16,52,24,ACGAGTAGATTACAGACTTC,28,3675828
tolCp1,0.4,33,24,ACCTAAAGTGTAGAGGGCTA,9,3661183
tolCp1,0.84,44,24,ACATGTTTTTCCGCGCTAAC,20,3714973
tolCp1,0.96,47,24,ACAGACACTTGGCTAATCTT,23,3681046
tolCp1,0.56,37,24,AAGTTGTCAATCTGTTGTCA,13,3671822
tolCp1,1.0,48,24,AACTTCAACTATGCGAACTA,24,3695979
tolCp1,1.48,60,24,AAAACAATCGAGGCGGACGA,36,3668184
tolCp1,5.5,154,23,TTTACTGCGTATCAAGGAAA,131,3678292
tolCp1,3.125,97,23,TGTCTACCGAGGTCTGTACA,74,3684491
tolCp1,0.9166666666666666,44,23,TGGTTGCCGGGACCCTGAAT,21,3668011
tolCp1,0.5416666666666666,35,23,TGGGCAGATCCGGTGAAAGT,12,3664449
tolCp1,1.1666666666666667,50,23,TGCGCGGAGAGCTGGGATCT,27,3684356
tolCp1,8.333333333333334,222,23,TGCATCGGTCGCCTCGCCTT,199,3676465
tolCp1,0.9166666666666666,44,23,TCGTGGAATGCCATACGAGA,21,3697473
tolCp1,1.2916666666666667,53,23,TCGCAAGCCATTCCACATGA,30,3685400
tolCp1,2.0416666666666665,71,23,TCACTATTACCAAGCCACTG,48,3682330
tolCp1,0.20833333333333334,27,23,TATGTCACAAGATGAACTTA,4,3698703
tolCp1,1.8333333333333333,66,23,TAGTTTTTCGGTTGATGGTT,43,3667998
tolCp1,0.6666666666666666,38,23,TAGAACGGTCTCGATGAAGA,15,3696540
tolCp1,0.625,37,23,TACCCCAGGATTTCGGTTGC,14,3662267
tolCp1,1.625,61,23,TAATGTTGGGATAATAGGTG,38,3663019
tolCp1,1.5833333333333333,60,23,TAAAACTCAACTCCTGGCGG,37,3687794
tolCp1,0.2916666666666667,29,23,GTGATAACACTAACTGCTAA,6,3668343
tolCp1,1.2916666666666667,53,23,GTCTGCCCTCATTACTCTGA,30,3686961
tolCp1,8.375,223,23,GTCATCTCAAGTTTGGATGC,200,3712647
tolCp1,0.8333333333333334,42,23,GTCACGCGCCACTTGTATTA,19,3664611
tolCp1,0.5416666666666666,35,23,GTCAAAGTGTCCAGGCCAGC,12,3682334
tolCp1,1.0833333333333333,48,23,GTATGTCGTGGGTGAAGAAG,25,3680628
tolCp1,1.0416666666666667,47,23,GTAGGTTATTGTCAACATGA,24,3702386
tolCp1,0.08333333333333333,24,23,GGTGTTTTATGAGCTGCGCT,1,3675678
tolCp1,0.7916666666666666,41,23,GGTCTCGGGACATCAGACGT,18,3689980
tolCp1,0.5833333333333334,36,23,GGGTAGGAGACCTCTTTTTT,13,3681310
tolCp1,3.25,100,23,GGGATGTCGCGCACCCGGTG,77,3678665
tolCp1,1.0833333333333333,48,23,GGGAATGTCGGGTAGTCCCA,25,3668930
tolCp1,3.5,106,23,GGCGCATTAGTTGGGGCAAA,83,3666390
tolCp1,0.5,34,23,GGAGTCTTTCGTAGACGGGA,11,3704163
tolCp1,0.6666666666666666,38,23,GGAACTTGGCATTAACGAGT,15,3668068
tolCp1,1.9583333333333333,69,23,GGAAAGAGAGGAAACGGCGT,46,3675440
tolCp1,0.20833333333333334,27,23,GCTTACCAACTGCGTTTTAG,4,3684866
tolCp1,0.08333333333333333,24,23,GCTGAGTTCGTGCCTAGAGA,1,3675299
tolCp1,1.8333333333333333,66,23,GCTACCGATCGGAGCTCAGT,43,3680047
tolCp1,3.1666666666666665,98,23,GCGACCCGCCGCTGGCGTGT,75,3671332
tolCp1,1.9166666666666667,68,23,GCGACAAACTTATGGGTACC,45,3689090
tolCp1,3.125,97,23,GATTGTGGCGGCATGAACGT,74,3662723
tolCp1,3.75,112,23,GATCCTAAAATCTTGATCAT,89,3682140
tolCp1,0.625,37,23,GATAAAGTTGGTGGAATCAT,14,3691959
tolCp1,1.0,46,23,GAGCGGCCTAATGTGCTAAA,23,3681907
tolCp1,0.4583333333333333,33,23,GAACTCCTTAAGTAGGTCAT,10,3706283
tolCp1,1.0,46,23,GAACGAAACATAAATTTTAC,23,3669471
tolCp1,0.7916666666666666,41,23,GAACACGCGTTTGAGCACAC,18,3684353
tolCp1,2.9583333333333335,93,23,CTTGGACGTCTGTTCGCCCG,70,3665688
tolCp1,0.9583333333333334,45,23,CTGTATCGCTATGTACTAGG,22,3666263
tolCp1,1.625,61,23,CTGGATTGAACATGCTCAAA,38,3696840
tolCp1,10.833333333333334,282,23,CTGCGTGGAATTAAGAAACA,259,3661615
tolCp1,0.16666666666666666,26,23,CTGAGGCTCACAGTCGGGGG,3,3695950
tolCp1,10.166666666666666,266,23,CTCGATCACCCATTGTGGCT,243,3674244
tolCp1,0.625,37,23,CTCCGTCACTATTGACAGTC,14,3707289
tolCp1,0.5416666666666666,35,23,CTATTATGAGGCCCAAGATG,12,3684259
tolCp1,1.6666666666666667,62,23,CGGGTCAAGTACGCCTATTA,39,3686463
tolCp1,1.8333333333333333,66,23,CGGGGTCCAATTCGTAGATA,43,3684512
tolCp1,0.875,43,23,CGGAACCGAGGTAGCTCAAA,20,3674778
tolCp1,0.875,43,23,CGCCCCCAAAACTGAACATA,20,3665274
tolCp1,2.0416666666666665,71,23,CCTTTGGGACGACGAGACGA,48,3681785
tolCp1,0.375,31,23,CCGTCCTAACCCCTGAAAGA,8,3679835
tolCp1,0.125,25,23,CCAGGCGTATGGGAGCGGGG,2,3669524
tolCp1,0.5,34,23,CATGTCGCTCGCTGGAACAG,11,3663063
tolCp1,0.2916666666666667,29,23,CAGCAATGATTCAGCCCGGA,6,3687466
tolCp1,2.375,79,23,CACTGAAGAGAAACACTCGG,56,3683350
tolCp1,1.2916666666666667,53,23,CACCGCTTAAGGTATCGGAA,30,3701560
tolCp1,6.666666666666667,182,23,CAAGTGTAAAGCGGCTGGCC,159,3704631
tolCp1,55.166666666666664,1346,23,CAACCACGCATATGGTTTAT,1323,3675705
tolCp1,1.2916666666666667,53,23,CAAAGTGGACCCACCGTTAA,30,3673030
tolCp1,0.2916666666666667,29,23,ATTTAGATATTCGAAATCTG,6,3689647
tolCp1,0.16666666666666666,26,23,ATTCGAGTTAGTCCACCCGA,3,3670813
tolCp1,6.75,184,23,ATGGTTTCTTTGGTCTGAGT,161,3686147
tolCp1,0.5416666666666666,35,23,ATGGAAGTAGCTTTACGGAG,12,3676350
tolCp1,14.625,373,23,ATGCCTCACCTGGCTGTACG,350,3702676
tolCp1,2.625,85,23,ATCTCGCATCAACCTGCTCT,62,3672544
tolCp1,0.375,31,23,ATCAGCTACGATAGGTTCAC,8,3662784
tolCp1,2.7083333333333335,87,23,ATAACCTACTGACATTCTTT,64,3683860
tolCp1,0.125,25,23,AGTCAAATAGGGCGCCGCCT,2,3694822
tolCp1,0.7083333333333334,39,23,AGTAGGTCTAGGGTTAGCTT,16,3695682
tolCp1,0.20833333333333334,27,23,AGTAGGAGGGCCTTTTGATA,4,3674371
tolCp1,7.833333333333333,210,23,AGCTGATCGGCCTCTCATTG,187,3702294
tolCp1,0.3333333333333333,30,23,AGATTTATAGGGGTGCTCCT,7,3665420
tolCp1,1.4583333333333333,57,23,AGATTTAGGATAGGTGAGTA,34,3674629
tolCp1,0.9166666666666666,44,23,AGATTATGAAGATGTGTGAT,21,3676430
tolCp1,4.875,139,23,AGACTCATCGAATGGACTAG,116,3713763
tolCp1,1.125,49,23,AGACGAGGGGCGCGAACGGC,26,3707007
tolCp1,1.0833333333333333,48,23,ACGTAGGCTTCATGGGATAA,25,3681409
tolCp1,3.125,97,23,ACGGACCAGGAACGAGCCTG,74,3681041
tolCp1,1.2916666666666667,53,23,ACGGAAGGCGGGCGGCCTTT,30,3699661
tolCp1,0.5833333333333334,36,23,ACCTCTCTCATACGCTAATG,13,3681043
tolCp1,0.16666666666666666,26,23,ACCGTTTCTTGGAGTGTTGT,3,3692369
tolCp1,1.5416666666666667,59,23,ACCGCGACCACTGCAGGCTA,36,3701940
tolCp1,0.6666666666666666,38,23,ACCCTGATCCGAACCAAAAT,15,3684561
tolCp1,2.375,79,23,ACCCAAGTTTCGAACTAAGA,56,3713059
tolCp1,4.875,139,23,ACCACAGGCCAGAGGCGTAC,116,3706379
tolCp1,1.125,49,23,ACATCGGAGTTCCGTAATTT,26,3673602
tolCp1,11.708333333333334,303,23,AAGGGTTCGAGCTCCGTTGT,280,3670851
tolCp1,0.30434782608695654,28,22,TTGATATTGGCTTTACAGTT,6,3675956
tolCp1,0.13043478260869565,24,22,TTCAAGATTCTTGAAGGTAG,2,3682872
tolCp1,1.3478260869565217,52,22,TTCAACTTAATGAAATACAA,30,3671135
tolCp1,0.08695652173913043,23,22,TTAGTAGTGCCTCTTCGAGC,1,3679372
tolCp1,1.2173913043478262,49,22,TTACCCAGACAGATACCAGT,27,3711403
tolCp1,0.5652173913043478,34,22,TTAAGACACGCGCTTCGAAT,12,3681155
tolCp1,2.0,67,22,TGTAGTCTTCCAGCAGAAAG,45,3692798
tolCp1,0.2608695652173913,27,22,TGTAAAAGCGTGAGCAATAG,5,3683996
tolCp1,0.34782608695652173,29,22,TGGACCACCAACGCGGCAGT,7,3683202
tolCp1,0.6086956521739131,35,22,TGCTGCTCGAGCCTTTTTAT,13,3664779
tolCp1,0.6956521739130435,37,22,TGCTCGAATCTGGCGAACCG,15,3695890
tolCp1,0.34782608695652173,29,22,TGCCGATTGTGACCTACTGT,7,3705571
tolCp1,0.4782608695652174,32,22,TGCAGGGGCCGGCGATAGTA,10,3668133
tolCp1,1.0869565217391304,46,22,TGACGGCGGCCGGTGACAGA,24,3670936
tolCp1,1.2608695652173914,50,22,TCGGTACTATCTTGAGGACT,28,3699000
tolCp1,2.4782608695652173,78,22,TCCTGCTTTCGCCGAGTATT,56,3663948
tolCp1,2.4347826086956523,77,22,TCCGTGATATTGTTCGGAGA,55,3662554
tolCp1,1.9565217391304348,66,22,TATCATACACTCCGCTAGCT,44,3676588
tolCp1,0.5652173913043478,34,22,TAGGCACGAGGGACCTCAAG,12,3673040
tolCp1,20.08695652173913,483,22,TAATTGTTCAGAAGGGTGCT,461,3688876
tolCp1,1.0,44,22,TAACATGACATTTCCGTGCA,22,3691970
tolCp1,3.260869565217391,96,22,GTGTCGCAATAGTCCTTCAC,74,3688371
tolCp1,0.34782608695652173,29,22,GTGGAGCATACCACGATCGG,7,3678340
tolCp1,1.9130434782608696,65,22,GTGCGTGCCGACAAAGGCCT,43,3671676
tolCp1,2.8260869565217392,86,22,GTGCGGCCCATTCATGATGT,64,3665166
tolCp1,0.5652173913043478,34,22,GTCGTTTAGGATCGAGCGAA,12,3709380
tolCp1,4.173913043478261,117,22,GTCATCCGACCGCCCGTTCA,95,3710307
tolCp1,1.2608695652173914,50,22,GTATCTATGGACCTGACTAA,28,3670071
tolCp1,0.43478260869565216,31,22,GGTACTAGCGTACTTCCGGC,9,3713023
tolCp1,15.652173913043478,381,22,GGGCTACTTACATCACGAGT,359,3666149
tolCp1,1.173913043478261,48,22,GGGCGCGTACACGGCTATAC,26,3686569
tolCp1,1.826086956521739,63,22,GGCCGGTAGGTTAGTACTTA,41,3712803
tolCp1,0.08695652173913043,23,22,GGCATTCGGTGCTTTGTAAC,1,3676072
tolCp1,0.391304347826087,30,22,GGATTGGATAATGAATGCGT,8,3702727
tolCp1,3.0434782608695654,91,22,GGACGAAGGCATTGAGCTAC,69,3678678
tolCp1,0.6086956521739131,35,22,GGACACCTTAGGTCGCCGCA,13,3699473
tolCp1,3.739130434782609,107,22,GCGTCCAGCACGGCATCCGC,85,3680038
tolCp1,2.869565217391304,87,22,GCCTAAGTAGATGGTTACTT,65,3689762
tolCp1,0.8695652173913043,41,22,GCCAAGCGAAGATCTTGCGA,19,3676298
tolCp1,0.391304347826087,30,22,GCAACGTCTCGAATGAAAAA,8,3708463
tolCp1,1.826086956521739,63,22,GAGCTAAAGGAGCGCGTCTT,41,3677045
tolCp1,0.8695652173913043,41,22,GAAGTCGCAGAGATGAGCGA,19,3682639
tolCp1,0.43478260869565216,31,22,GAAGTAGACCGTCACAAGAA,9,3710747
tolCp1,0.17391304347826086,25,22,CTGGCTACGTAAGTTCGATG,3,3661162
tolCp1,4.391304347826087,122,22,CTGGCCAGCAGGCAGGGTCA,100,3686714
tolCp1,2.391304347826087,76,22,CTGCCCGTGCGAAGGGACGA,54,3671987
tolCp1,1.5217391304347827,56,22,CTGAATACTCCAAGACGTTA,34,3689437
tolCp1,1.6956521739130435,60,22,CTCTTCTTAGCGCCACGTCA,38,3663323
tolCp1,1.5217391304347827,56,22,CTAAGCAACCAAGCACGGCC,34,3663180
tolCp1,2.8260869565217392,86,22,CGTTGGGCGACTCTTTTTCA,64,3711054
tolCp1,13.652173913043478,335,22,CGTTACCTCATAGGCAGATT,313,3686165
tolCp1,0.6086956521739131,35,22,CGTCCATGTTTCTAACGCGA,13,3667863
tolCp1,3.652173913043478,105,22,CGTATTCCTTTACTTTCAGA,83,3696117
tolCp1,1.6956521739130435,60,22,CGCGCACATATCACATTATC,38,3672569
tolCp1,1.608695652173913,58,22,CGATTTCCTAACAGTGCTTA,36,3668379
tolCp1,0.08695652173913043,23,22,CCCTGGGTGGGGAATTTAAG,1,3698338
tolCp1,0.2608695652173913,27,22,CCAGAGAGCGCTACGTGTGC,5,3665655
tolCp1,0.782608695652174,39,22,CATTTCAAGGCACAGACGAT,17,3668660
tolCp1,0.8260869565217391,40,22,CATTCGCCGGGTGGACCATG,18,3687629
tolCp1,1.7826086956521738,62,22,CATGGCCGAGCTCTGGAGGT,40,3678836
tolCp1,1.173913043478261,48,22,CAGTCGTGCCTTTCGTATGC,26,3697016
tolCp1,0.9565217391304348,43,22,CACCCAATTTGGGACGGTTG,21,3666341
tolCp1,1.0869565217391304,46,22,CACATCAGGGATTACGTTTC,24,3684243
tolCp1,0.43478260869565216,31,22,CAACAGAATTCGTGCAAGTT,9,3690403
tolCp1,5.956521739130435,158,22,CAAACGTAGTCCTGCCGAAT,136,3699497
tolCp1,0.391304347826087,30,22,CAAACGAACCGCGTCTGAGT,8,3688454
tolCp1,1.3043478260869565,51,22,ATTGGGTTCTACGCAGTTCT,29,3663374
tolCp1,1.5217391304347827,56,22,ATTGGGTCTGTCGTGCTTGG,34,3688250
tolCp1,0.43478260869565216,31,22,ATGTATCAACCTCGCGTTGG,9,3675391
tolCp1,1.3478260869565217,52,22,ATCCACACCTTTGGCCCGCG,30,3710562
tolCp1,0.6521739130434783,36,22,AGTGCAACTACCCGCGCCTT,14,3697226
tolCp1,0.8260869565217391,40,22,AGGTGTTAATCAGGTGACAT,18,3681118
tolCp1,0.9130434782608695,42,22,AGGCCGGCCCTGACTCATAT,20,3689644
tolCp1,1.7391304347826086,61,22,AGCCTTGTCCTGTGCCTTTG,39,3688069
tolCp1,1.5217391304347827,56,22,AGATTTCTTTCCTCGGCAGT,34,3689377
tolCp1,1.0869565217391304,46,22,AGAATTCTTCGGCATTACGA,24,3710250
tolCp1,0.8260869565217391,40,22,ACTCTGATCGTGTAGTACTT,18,3692685
tolCp1,0.4782608695652174,32,22,ACGTGAGCGTAGTTACCGAC,10,3694537
tolCp1,1.0434782608695652,45,22,ACCCTGGCTTAGCAGGGAAT,23,3707832
tolCp1,10.73913043478261,268,22,AAGTTTTAGCTGGAGAGAAC,246,3710020
tolCp1,9.434782608695652,238,22,AAGGACTTTCGCCTTAGCCT,216,3702684
tolCp1,2.3043478260869565,74,22,AAGACTCCCGCAGTGGAGTG,52,3667463
tolCp1,3.8260869565217392,109,22,AACAAATGTAAAGGCTACAG,87,3672836
tolCp1,1.6363636363636365,56,21,TTTGGCTCACTGGGTACCTT,35,3691159
tolCp1,1.5454545454545454,54,21,TTGCTCTTTAACTTTAGTGA,33,3681374
tolCp1,12.318181818181818,291,21,TTGCTCGTCGTGAGTCCGGT,270,3701462
tolCp1,0.6363636363636364,34,21,TTGAATACGCCTAGGCCATT,13,3689548
tolCp1,0.9090909090909091,40,21,TTCTTATCATATACCCACAA,19,3675960
tolCp1,0.09090909090909091,22,21,TTCTCGCAGGCCTTCTGTCG,1,3709826
tolCp1,0.5909090909090909,33,21,TTCTAAGGTTGGTGGGCGCC,12,3662747
tolCp1,0.9545454545454546,41,21,TGTTACTGGGTCCAAGCAAG,20,3662128
tolCp1,2.090909090909091,66,21,TGTGTCTTCTCGGATCTACA,45,3686291
tolCp1,0.6363636363636364,34,21,TGTAGAATGGTTCAGTCTTA,13,3693550
tolCp1,2.0454545454545454,65,21,TGGCTCACGGCTCCAGTAAT,44,3686422
tolCp1,1.5454545454545454,54,21,TGGCAAAACAACTTCGCGCG,33,3690673
tolCp1,36.09090909090909,814,21,TGGAAATCACATTTCTAGTG,793,3674458
tolCp1,0.18181818181818182,24,21,TGCGTGAGCATTTACTTGGC,3,3704671
tolCp1,0.36363636363636365,28,21,TGCACTGTGGCAGACTTTAA,7,3670796
tolCp1,1.5909090909090908,55,21,TGATAAATACTACGAAGCCC,34,3674906
tolCp1,9.363636363636363,226,21,TGAAGGAGCGCATGCAGTTC,205,3705105
tolCp1,51.77272727272727,1159,21,TCTTTGGTTGTATCCAGCTT,1138,3712513
tolCp1,1.1363636363636365,45,21,TCTTCTGGGTGTATGAGTAT,24,3668535
tolCp1,1.6363636363636365,56,21,TCTGTGAACCGAAGACGTAT,35,3699179
tolCp1,1.3636363636363635,50,21,TCGTGCCGATTGTCCGGTTA,29,3688749
tolCp1,2.409090909090909,73,21,TCGGCTGCGACGCCTTTGAG,52,3689046
tolCp1,1.7727272727272727,59,21,TCGCCATTAAGAGCTAGGTA,38,3705379
tolCp1,2.9545454545454546,85,21,TCAGTCGGCTTTAAAACGGG,64,3681290
tolCp1,13.045454545454545,307,21,TATTGCTTTTTCAGACAATG,286,3666461
tolCp1,0.36363636363636365,28,21,TATGATTGAAAGAGCGTGAA,7,3702487
tolCp1,1.2272727272727273,47,21,TATATACTGGATGGGCTCAA,26,3672416
tolCp1,0.5,31,21,TATAGTTAAGGGCTGCAGTC,10,3684234
tolCp1,3.772727272727273,103,21,TAAATAACTTCTAGGCGACT,82,3682537
tolCp1,8.818181818181818,214,21,TAAAGCATTTGGCATATCTA,193,3680844
tolCp1,2.227272727272727,69,21,TAAAAGCAAAAGTAACAGAG,48,3685697
tolCp1,1.5,53,21,GTGGAAAAGATACTAGAAAA,32,3708147
tolCp1,4.636363636363637,122,21,GGCCTCGGAGGAACGCAATG,101,3695164
tolCp1,1.1818181818181819,46,21,GGAGGTTACTATAGTCAATA,25,3708713
tolCp1,2.5454545454545454,76,21,GCTTTCTGCACATTTTACCT,55,3690188
tolCp1,1.4545454545454546,52,21,GCTGGCGCAATATCACGGAT,31,3661430
tolCp1,1.3181818181818181,49,21,GCTCTCCACTAAGAACCTGT,28,3712456
tolCp1,0.8636363636363636,39,21,GCTATATTGCCGTGCTGAGG,18,3700586
tolCp1,1.0,42,21,GCGTTCAATCCAAATGTGTG,21,3692396
tolCp1,1.1363636363636365,45,21,GCGGGTTGTAATTTCTAGAC,24,3699094
tolCp1,2.590909090909091,77,21,GCGGGCACTGCCACGCAGCA,56,3680136
tolCp1,1.2272727272727273,47,21,GCGATACTAGTCTATAGGGT,26,3671988
tolCp1,2.5454545454545454,76,21,GCCGCTGAAAAATGGCATTT,55,3687314
tolCp1,0.8181818181818182,38,21,GCATGACGCTCAATTGTCTA,17,3708828
tolCp1,5.2272727272727275,135,21,GATCTTACATATACAGCTGT,114,3680842
tolCp1,1.3181818181818181,49,21,GAGCTAAAGCAAAACTTGGC,28,3662179
tolCp1,1.9545454545454546,63,21,GACGCGTTTCGTTGACCTTT,42,3683416
tolCp1,0.7727272727272727,37,21,GACCTGTTTTCTCTAGAAGT,16,3702866
tolCp1,0.22727272727272727,25,21,GACCCTACGCACGATTCTCT,4,3715644
tolCp1,2.1363636363636362,67,21,GACAGTAACTGCACTCACTA,46,3700630
tolCp1,2.6363636363636362,78,21,GAATGACGATCTGAGCCAGT,57,3705755
tolCp1,1.2272727272727273,47,21,GAAGACGCGTCTGCAAGTGA,26,3702790
tolCp1,1.5454545454545454,54,21,GAACGTGGGCTATTGAAAGG,33,3674261
tolCp1,0.5454545454545454,32,21,GAACATACTTTGGAGGGCCA,11,3701667
tolCp1,0.9545454545454546,41,21,CTTGAACGATTCATGTTTAT,20,3709069
tolCp1,2.3181818181818183,71,21,CTTAAATCCACCGTAGTTAG,50,3679200
tolCp1,0.8636363636363636,39,21,CTGGCAAGATGAACTGTCAT,18,3663247
tolCp1,3.909090909090909,106,21,CTCTAAAGAGCCCTCCTAAA,85,3665193
tolCp1,5.909090909090909,150,21,CTCGGAGTGTCCCGCACCGG,129,3702440
tolCp1,1.0,42,21,CTCGCACTGATGTTCAGAGG,21,3704581
tolCp1,0.6363636363636364,34,21,CGGGCTTTAACCTAGTGGTT,13,3662334
tolCp1,1.3181818181818181,49,21,CGCATATTGACGCGAGGATC,28,3664278
tolCp1,0.2727272727272727,26,21,CGACCTTCGGGGGTTGCATA,5,3702473
tolCp1,0.5909090909090909,33,21,CCTGGCGGTGGCAGGCGGAC,12,3699366
tolCp1,0.36363636363636365,28,21,CCTCGCTGGGGCCTCAACCA,7,3698520
tolCp1,0.7727272727272727,37,21,CCTCCGTTTGCTATTCTCGA,16,3671775
tolCp1,0.6818181818181818,35,21,CCGGATAGGCAACTCTGCTT,14,3663645
tolCp1,0.6818181818181818,35,21,CCGCTCCTGGTACCTTACCT,14,3662454
tolCp1,1.0909090909090908,44,21,CCCTTCTTTTTGCAGAAGCA,23,3682080
tolCp1,0.45454545454545453,30,21,CCCTAGATTATATTTGTCGT,9,3705915
tolCp1,4.7272727272727275,124,21,CCCGTTCATTCTTAATTATA,103,3694693
tolCp1,1.5,53,21,CCCGCTTCTCCTTACATGCT,32,3707306
tolCp1,3.590909090909091,99,21,CCCGCTTATCGGTCGCCATC,78,3662420
tolCp1,2.227272727272727,69,21,CCCGCAATGCGGTTCATCAT,48,3676914
tolCp1,3.4545454545454546,96,21,CCCCGAGCCTCACGTCACTG,75,3703620
tolCp1,0.3181818181818182,27,21,CCAGAATATGCTCGACTGTA,6,3694829
tolCp1,1.5,53,21,CATTCATCTGGGACAATTGT,32,3670017
tolCp1,0.8181818181818182,38,21,CATGGGAACTTCCGCACGGA,17,3679378
tolCp1,0.4090909090909091,29,21,CATAATTAGAGTCCGCGATT,8,3690653
tolCp1,2.9545454545454546,85,21,CACCGCTCACCGGATGACGT,64,3696766
tolCp1,2.9545454545454546,85,21,CACACATTGTTTCCGCGATG,64,3686587
tolCp1,0.8181818181818182,38,21,CAATTTCACATGGGGAAGAA,17,3700171
tolCp1,0.8636363636363636,39,21,CAACGGGAGTTCTAAAGACA,18,3661500
tolCp1,1.1818181818181819,46,21,ATGCAAAATGATTGCGCGGT,25,3700126
tolCp1,4.636363636363637,122,21,ATCTACCTAGGTTGCCAAGT,101,3678002
tolCp1,1.3181818181818181,49,21,ATCCATTAACTTCTTCCGCT,28,3674639
tolCp1,0.8181818181818182,38,21,AGGCATTTACAATATGATTT,17,3702025
tolCp1,0.8636363636363636,39,21,AGGAAGATCAGATCACTCGT,18,3662907
tolCp1,0.09090909090909091,22,21,AGCGCCCAATTCTTTCAGCA,1,3681148
tolCp1,4.318181818181818,115,21,AGACCGGCTTCGAGCTTGAA,94,3698444
tolCp1,0.5454545454545454,32,21,AGACCGCGGCAGGGCGGATA,11,3675887
tolCp1,0.7272727272727273,36,21,AGACCAACGGGGAAGGAAAG,15,3698901
tolCp1,3.772727272727273,103,21,ACTTTCCGTCAACACCATGT,82,3703622
tolCp1,0.9545454545454546,41,21,ACTTCGTATATATTGCCATT,20,3668195
tolCp1,0.3181818181818182,27,21,ACCGGGCCTTGTTAGCAACC,6,3710406
tolCp1,0.3181818181818182,27,21,ACATTCGGTGGCCATTACTT,6,3665632
tolCp1,5.681818181818182,145,21,ACATAACCGTTCCGATAAAG,124,3690425
tolCp1,1.8636363636363635,61,21,ACAGGAGGGTCATCCGACTT,40,3669647
tolCp1,0.2727272727272727,26,21,AATGCTTGTCCGTCCTAGTG,5,3713613
tolCp1,1.3636363636363635,50,21,AATCTGACGTTGTAACGTAT,29,3691063
tolCp1,1.5909090909090908,55,21,AATAGCCACTTGATTCAGGA,34,3676402
tolCp1,0.09090909090909091,22,21,AAGACGCCGCTTTACTGTCT,1,3669334
tolCp1,2.090909090909091,66,21,AACTGAGGCAGTTTTACCTA,45,3665694
tolCp1,3.8636363636363638,105,21,AACCCCGCTCAGCTCGGTTT,84,3680843
tolCp1,0.4090909090909091,29,21,AAATTGAAATTCGGAAACTA,8,3701664
tolCp1,0.09090909090909091,22,21,AAACATTCAACTGTAGGCGA,1,3669475
tolCp1,5.636363636363637,144,21,AAAATGAGGGTGTCGCCCTT,123,3681831
tolCp1,5.142857142857143,127,20,TTTTGGCAAGCCAGTACCGA,107,3709492
tolCp1,5.809523809523809,141,20,TTTGGTATGGCATAATCGGA,121,3702678
tolCp1,0.42857142857142855,28,20,TTTCAGTTCTCGGACAAATT,8,3699037
tolCp1,21.666666666666668,474,20,TTTAAGAACCCGATTCGTCC,454,3676512
tolCp1,0.38095238095238093,27,20,TTGGGTCTGAGGTTCGCCGT,7,3712553
tolCp1,1.9047619047619047,59,20,TGTACCGGGTGGTTGATTAA,39,3697576
tolCp1,0.7619047619047619,35,20,TGTAATCCATGGTAGCCAAT,15,3662820
tolCp1,0.42857142857142855,28,20,TGGCGGCTCAAGAGTTCTGA,8,3690372
tolCp1,0.47619047619047616,29,20,TGCTTATTATGCACTACCAC,9,3690947
tolCp1,3.5238095238095237,93,20,TGCCTGTCCCTTGCGCACGG,73,3702570
tolCp1,0.09523809523809523,21,20,TGCATACTTGCTGGAATTGC,1,3690333
tolCp1,1.4285714285714286,49,20,TGATGCATAAATTGACCATA,29,3685240
tolCp1,0.7619047619047619,35,20,TGATAGTAATTTTTCGGATA,15,3675166
tolCp1,0.47619047619047616,29,20,TGAGTCCCAATGGGACCGGC,9,3685143
tolCp1,1.8571428571428572,58,20,TGAGGTCACTAGGGATTCAG,38,3690548
tolCp1,2.5714285714285716,73,20,TCTCCCGTGGGGAAGTCTAA,53,3664493
tolCp1,0.9047619047619048,38,20,TCGTGACTCATCTGAGCAAC,18,3671634
tolCp1,1.4285714285714286,49,20,TCGCGCCCTTCCTCGTGCTG,29,3695256
tolCp1,0.47619047619047616,29,20,TCGCCAATAAAATAGAACGT,9,3706211
tolCp1,9.333333333333334,215,20,TCGAACAGAAAGCCGTGAAT,195,3680845
tolCp1,1.4285714285714286,49,20,TCATCCGCCCTAAGGCCCTT,29,3713525
tolCp1,0.7142857142857143,34,20,TCAGATCCATCCGGAACCCG,14,3692862
tolCp1,1.9523809523809523,60,20,TCACTTGGGCATATCAAGTA,40,3680699
tolCp1,1.7619047619047619,56,20,TCAAGCGGCCTTAAAACAAC,36,3699134
tolCp1,3.7142857142857144,97,20,TATGGTGGTGACTCGGTGAG,77,3678288
tolCp1,0.19047619047619047,23,20,TATAGTGTATGTAGTTCACA,3,3681649
tolCp1,31.428571428571427,679,20,TAGGGGAGGTTTACAATATA,659,3671047
tolCp1,1.0,40,20,TACCAATTCGGTTGTCACTA,20,3712337
tolCp1,4.190476190476191,107,20,TAATTGGCTAACTCTCCAAA,87,3669689
tolCp1,1.9047619047619047,59,20,TAAGACCGTGTTTCTTTGGA,39,3689572
tolCp1,1.3333333333333333,47,20,TAAATCATAAAAGTTATTAT,27,3694718
tolCp1,0.47619047619047616,29,20,TAAAGGGGCTTGCTCCATCA,9,3671459
tolCp1,3.0,82,20,GTGCGACCCATCCGCCAAGA,62,3665687
tolCp1,1.9047619047619047,59,20,GTCCAACGTTTAATGTAGCC,39,3694322
tolCp1,4.0476190476190474,104,20,GTAGGGAGACAGATCTCTGA,84,3664599
tolCp1,0.7142857142857143,34,20,GTAGCTTGGCATCGAACATG,14,3695683
tolCp1,1.0476190476190477,41,20,GGGTTATCCTAAACTGTTGC,21,3704693
tolCp1,0.42857142857142855,28,20,GGGTCTCCTCCCTGAGGCGT,8,3674488
tolCp1,4.857142857142857,121,20,GGGGGAGCTGCCCGAGCGAA,101,3699495
tolCp1,1.2380952380952381,45,20,GGGGCATCCATAGTGTGTGA,25,3710162
tolCp1,2.0,61,20,GGGCCGGACGTGCTTTTGAA,41,3681690
tolCp1,1.8571428571428572,58,20,GGCTGGGCTATCGTTAGGTA,38,3666004
tolCp1,2.1904761904761907,65,20,GGCCCCCACTGCCTAAGAAT,45,3686198
tolCp1,3.1904761904761907,86,20,GGATCCCGGGTCCAGGGGTG,66,3678587
tolCp1,3.4285714285714284,91,20,GCTTCCCCAGAAATAGCGGT,71,3673402
tolCp1,0.09523809523809523,21,20,GCTAACCAGGGGTTGGTCAA,1,3708717
tolCp1,1.3333333333333333,47,20,GCGCAGTCTGGTACCAGCAG,27,3705143
tolCp1,0.3333333333333333,26,20,GCCTGTTGCGGCGGGCTAAA,6,3694315
tolCp1,0.6666666666666666,33,20,GCCTGTACATACTGAGAGTG,13,3694083
tolCp1,2.1904761904761907,65,20,GCCGGTTTCCCGGGGCTCTT,45,3681267
tolCp1,1.9047619047619047,59,20,GCCGGAGTGACGAATCGGAA,39,3702381
tolCp1,0.6190476190476191,32,20,GCCATGAGAGCAGGGTTATT,12,3706771
tolCp1,0.6666666666666666,33,20,GCCAGGCCTGAACGTGCTCA,13,3677897
tolCp1,2.619047619047619,74,20,GCCAAGACACTTGGCTGTCA,54,3663024
tolCp1,1.9047619047619047,59,20,GCATTCGTCTAAGCGTGCCG,39,3687214
tolCp1,1.2380952380952381,45,20,GCACCGTGTCAAGCGTAATG,25,3678388
tolCp1,2.142857142857143,64,20,GACTCAATGGCGGATGATAT,44,3699254
tolCp1,0.5238095238095238,30,20,GAAAATTATCAAACGGTCTC,10,3672642
tolCp1,0.09523809523809523,21,20,CTGTGCCATCTGGTAAAGCT,1,3672096
tolCp1,0.38095238095238093,27,20,CTCCCAGGTTGGTTGGGTGG,7,3675834
tolCp1,3.0476190476190474,83,20,CTCCAGTCGCCTGCAACACT,63,3673979
tolCp1,2.1904761904761907,65,20,CTATTAGCCCATGGCCGCGG,45,3677466
tolCp1,0.7142857142857143,34,20,CTAGGCCGTTAGGACGGAGG,14,3666741
tolCp1,0.6190476190476191,32,20,CTAGCCTTCTAGGGCGAGAA,12,3693064
tolCp1,0.6190476190476191,32,20,CTACAGGATCATCGACGCTA,12,3715233
tolCp1,1.5238095238095237,51,20,CTAATTGTATCCTGAACCTT,31,3669175
tolCp1,4.476190476190476,113,20,CGTTTCTCCACACCGACCGA,93,3671537
tolCp1,1.1904761904761905,44,20,CGTTGGCAATACTCGTTTAG,24,3695572
tolCp1,1.380952380952381,48,20,CGTTCTACGGGGGTAATTCT,28,3663649
tolCp1,0.3333333333333333,26,20,CGGTCCTAGGCGGACTTGGT,6,3684861
tolCp1,0.2857142857142857,25,20,CGGGCGTCAGCGGGCGAGAT,5,3687840
tolCp1,1.1904761904761905,44,20,CGCACAGGACCGAATGCTGT,24,3691965
tolCp1,0.6666666666666666,33,20,CGACATCCGCTAACGGGAGG,13,3662567
tolCp1,6.666666666666667,159,20,CGAATTCTAACTTGCGACAT,139,3684160
tolCp1,1.4285714285714286,49,20,CCTTCTCGGGGAGTAGTCAG,29,3677044
tolCp1,4.714285714285714,118,20,CCTCCCAAGCGACTGCACGA,98,3680868
tolCp1,1.380952380952381,48,20,CCGGTGCTATTACGTACTCG,28,3698539
tolCp1,4.238095238095238,108,20,CCGGGTTTCCTGTATAACTT,88,3694817
tolCp1,0.7619047619047619,35,20,CCCGTGGCCACCATCAGACC,15,3694479
tolCp1,1.5714285714285714,52,20,CAGCTCCATGTGCGCTTTTT,32,3691511
tolCp1,5.0,124,20,CAGCGTTGAGTATCGGACGT,104,3678214
tolCp1,2.3333333333333335,68,20,CAGCCAGCCGCTTAGAATCT,48,3681867
tolCp1,2.4285714285714284,70,20,CACGCTAAGACGAGATCGAG,50,3695594
tolCp1,1.1904761904761905,44,20,CAAATTGCGTGGCATACACT,24,3710297
tolCp1,1.0476190476190477,41,20,ATTGCACTAATGTTTCGTTG,21,3686076
tolCp1,2.619047619047619,74,20,ATTATTAGGTGTAACTGCTA,54,3667286
tolCp1,0.9523809523809523,39,20,ATTATGATGGTACGGGTCGG,19,3694691
tolCp1,1.2380952380952381,45,20,ATGGGGGGCTCTGTAAACAT,25,3677846
tolCp1,1.2857142857142858,46,20,ATGGATCTTCTGAAACCGGA,26,3698518
tolCp1,0.2857142857142857,25,20,ATGCATACAACCTTGTTGCT,5,3710913
tolCp1,2.9523809523809526,81,20,ATCCTCTGGCAAGCCCGTGA,61,3700963
tolCp1,2.0,61,20,ATCCCATTCGCTCGGGATTA,41,3697444
tolCp1,0.47619047619047616,29,20,ATATTGCCAGCGAAAGTAGA,9,3709550
tolCp1,0.09523809523809523,21,20,ATAGTTTTACAAGTGTCATT,1,3662648
tolCp1,0.23809523809523808,24,20,AGACAGACTGGTATCGTCCG,4,3703183
tolCp1,1.0476190476190477,41,20,ACGTCGCGAGTTCAGGGATA,21,3663016
tolCp1,1.8571428571428572,58,20,ACCCGATAACCGCGCCTTTG,38,3685338
tolCp1,0.14285714285714285,22,20,ACAATGAGGAATTCCGATCA,2,3680668
tolCp1,15.380952380952381,342,20,AATTGGGACGGGCCGTAACC,322,3678163
tolCp1,0.19047619047619047,23,20,AATAAGCGTAACAGGCCTAA,3,3708904
tolCp1,0.7142857142857143,34,20,AAGTTTATCCAACTTTAGGT,14,3682187
tolCp1,1.1428571428571428,43,20,AAGCTGATGCAGGCACGGCT,23,3692711
tolCp1,1.380952380952381,48,20,AAATGCGAGGACCATCTTAG,28,3667027
tolCp1,4.0,103,20,AAAGAACCGCGCATGGGTTG,83,3701234
tolCp1,1.380952380952381,48,20,AAACGGTACGCGGAAATGCG,28,3667625
tolCp1,0.42857142857142855,28,20,AAAAGGTTCGTCCGCAGAGT,8,3701008
tolCp1,1.5238095238095237,51,20,AAAAATAGCGTGGGAGTTGC,31,3673240
tolCp1,0.8,34,19,TTTTCGAGTGTAATTTACAT,15,3665686
tolCp1,15.55,329,19,TTTCAGTCTCGGCAGGGTCA,310,3697308
tolCp1,0.6,30,19,TTGTATACGCGGTCGGTGTA,11,3689970
tolCp1,2.2,62,19,TTCTCACGACCATCTTATGA,43,3685200
tolCp1,9.8,214,19,TTCCTTTGCCAGTGCGTATT,195,3698465
tolCp1,1.15,41,19,TTCAATTACAGAGATTACGG,22,3663591
tolCp1,0.7,32,19,TTATGGATAAGTTATTACGC,13,3664078
tolCp1,2.85,75,19,TGTTTCTTCAATGATGCGAA,56,3693576
tolCp1,2.05,59,19,TGTTGGGCAGTTGTCTAGTG,40,3668960
tolCp1,2.35,65,19,TGTGTTATCCCCGTCATAGA,46,3698080
tolCp1,1.05,39,19,TGCTGGGGTCGTTTAGTCAT,20,3699137
tolCp1,1.05,39,19,TGCGTTCGTCTCCTTTTAAG,20,3674584
tolCp1,1.65,51,19,TGCCGAGACGCGCTGAACCT,32,3684797
tolCp1,0.8,34,19,TGCAATCCAAAACGTCCCGC,15,3670772
tolCp1,1.0,38,19,TGAAGGCAAGGAACACGGAT,19,3685738
tolCp1,1.3,44,19,TGAACGTATTACCTTGGTGG,25,3708120
tolCp1,4.3,104,19,TCGAGGTTAACCCGTGGTGT,85,3688332
tolCp1,0.5,28,19,TCCTTCGCGCGTCAAACTTC,9,3710330
tolCp1,3.7,92,19,TCCTCTAGGAATTTCACTTT,73,3708856
tolCp1,0.2,22,19,TCCGGTTCACTTCTTCCTGT,3,3662606
tolCp1,1.35,45,19,TCCGGCTATATTTAAAGAGC,26,3674379
tolCp1,0.75,33,19,TCAGCATCCGGGTGTAACTA,14,3673615
tolCp1,10.25,223,19,TCACGACGCCCTCCAGAATC,204,3695651
tolCp1,2.15,61,19,TCACAATTCGTTAGGGAGTG,42,3709548
tolCp1,1.95,57,19,TCAATAGGTTCTCCTCATCA,38,3688210
tolCp1,0.65,31,19,TATGTTTGTTATACAATCAG,12,3663999
tolCp1,0.15,21,19,TAGGCGCCTGTAGTTGAGCA,2,3668579
tolCp1,21.95,457,19,TACAACTGAGCCTCGCGTGA,438,3688978
tolCp1,0.55,29,19,GTGAGCTTTCGGCAGTGTGG,10,3691124
tolCp1,1.4,46,19,GTGAGCTGAAAGTCCATACA,27,3702843
tolCp1,2.95,77,19,GTCTCATTAAAGGTTTTTCG,58,3704932
tolCp1,0.95,37,19,GTCGGCGCACGAGGCGGCGC,18,3701569
tolCp1,2.2,62,19,GTCGATACTCCTGGGTCGTG,43,3698655
tolCp1,0.4,26,19,GTAGGCAATGGTCCTACCAG,7,3673779
tolCp1,0.4,26,19,GGTTGAGTCCTGGAGTGGCA,7,3707184
tolCp1,0.3,24,19,GGTGTTAGGGCTAATTAGTA,5,3694949
tolCp1,4.5,108,19,GGTGATTCGGCGTTGATGCA,89,3680881
tolCp1,0.55,29,19,GGTGAGCGGGAAGATTTGTG,10,3684286
tolCp1,0.65,31,19,GGTCATTACTAATTCAGTTG,12,3684562
tolCp1,0.85,35,19,GGGTATAAAAAGCAGCCGGT,16,3673245
tolCp1,1.25,43,19,GGGCCAGGAAAAAATCTTTG,24,3683651
tolCp1,0.75,33,19,GGCTCGTCACGGCGGCTGGG,14,3706769
tolCp1,1.1,40,19,GGCGTGTCTTACCCCGTTCT,21,3672801
tolCp1,3.75,93,19,GGCGGCGCTCGTGACGTGAA,74,3676132
tolCp1,1.5,48,19,GGCCATGGGGAGCCTCGCTG,29,3669951
tolCp1,1.7,52,19,GGAGGATGCTCCCATTCGTA,33,3676786
tolCp1,0.95,37,19,GGACGTATTCCGCGCAGGCC,18,3696829
tolCp1,1.25,43,19,GCTTTAGGTCATCGGTTCTG,24,3693924
tolCp1,0.2,22,19,GCGTTTACTCGGGCGACTCA,3,3693180
tolCp1,0.75,33,19,GCCTTCGATAATCATTGCCT,14,3680111
tolCp1,11.0,238,19,GCATGAGTTAGACCGGGAAG,219,3661261
tolCp1,1.05,39,19,GATCTAGAGGATGACATTAA,20,3682685
tolCp1,0.1,20,19,GAGGACCCCATCGGGTCTTC,1,3683263
tolCp1,1.7,52,19,GAGCATGACATCGGCTGCCG,33,3683605
tolCp1,1.9,56,19,GAGCAGAGCATATGCTTTTA,37,3670267
tolCp1,1.0,38,19,GAGAAGGGCGCTGTATAAAG,19,3672954
tolCp1,3.6,90,19,GACTACGGAACTCTGCCTAA,71,3691105
tolCp1,0.65,31,19,GACCCGGCCACGCTTGACAT,12,3678985
tolCp1,1.25,43,19,GACCATTATGGAGAATCCCG,24,3679403
tolCp1,3.55,89,19,GAATAGCTCTAACTCCTTTG,70,3700976
tolCp1,1.15,41,19,GAAGCCACGGGGGTCCGTGG,22,3680041
tolCp1,0.6,30,19,GAACTAAAGTAGACACCCTG,11,3673033
tolCp1,0.6,30,19,GAACCACTACCGTAGCAACG,11,3666726
tolCp1,1.0,38,19,CTTGACGGCATTCCACCGAT,19,3687461
tolCp1,8.3,184,19,CTTCATTAGTAGCTCCGATA,165,3674172
tolCp1,3.7,92,19,CTGGCGATATGCTGGATGGA,73,3686706
tolCp1,3.8,94,19,CTCCGTTGGTGTTAGCGCGG,75,3670605
tolCp1,6.65,151,19,CTATTGTTGGGGATCTCCAT,132,3711919
tolCp1,2.3,64,19,CTATGCGAATCACGGCGGTT,45,3681646
tolCp1,0.9,36,19,CTAGTCACGCAGAGAAGAAC,17,3676583
tolCp1,0.65,31,19,CGTTAGCGTGTTCTCTTTAC,12,3714236
tolCp1,0.4,26,19,CGTGAGTAAGGGATGAAGTG,7,3703295
tolCp1,9.15,201,19,CGGTGCATGGGGGGACGAAG,182,3678155
tolCp1,0.8,34,19,CGGGTTTGGGTAAAGTGAAA,15,3685418
tolCp1,1.6,50,19,CGGACAAGTCCCACTTCGTC,31,3665419
tolCp1,0.1,20,19,CGCTAGCTCGACGCATGACT,1,3680925
tolCp1,2.85,75,19,CGCTAGAGACATGCACGAGC,56,3686563
tolCp1,0.1,20,19,CGCACTACAGAAGGCCAGCT,1,3706016
tolCp1,1.85,55,19,CGAAGGTGTGATAGAATATA,36,3684493
tolCp1,1.4,46,19,CCTCGCCCGTCCACCAGAGA,27,3698234
tolCp1,3.9,96,19,CCTACCTTGTACAAATCAGA,77,3669607
tolCp1,1.35,45,19,CCGTTCATAAGTAGATAGGC,26,3679562
tolCp1,1.05,39,19,CCGGCGAATTATAGTGTGCA,20,3674074
tolCp1,0.7,32,19,CCGGCCACCTAGTGCTCCGA,13,3670185
tolCp1,2.0,58,19,CCGCGAATACGTTGCTCCAG,39,3704691
tolCp1,6.6,150,19,CCCCTGCTAACTAATCAGAT,131,3689800
tolCp1,1.5,48,19,CCATGTGACCCTTTTGCAAG,29,3712985
tolCp1,1.7,52,19,CCATGGGCAGGACAACGGGT,33,3666640
tolCp1,0.5,28,19,CCACACTATGTACGTCAATT,9,3709243
tolCp1,1.6,50,19,CATGTAATTTGGGTCCTGGG,31,3687012
tolCp1,1.6,50,19,CATCTTACGGCATAGAAGCA,31,3669542
tolCp1,1.3,44,19,CAGGAGGATTAGCTGGTAGA,25,3707831
tolCp1,0.45,27,19,CAGGAAAGGGTTCTGACGCA,8,3667065
tolCp1,1.75,53,19,CAGCAGGATGCAAAGAGCCA,34,3668617
tolCp1,0.3,24,19,CACCCCGGGGCAACTAAACA,5,3712231
tolCp1,0.25,23,19,CAATTTGGGCGACGAACACA,4,3673530
tolCp1,0.7,32,19,CAAGGCTCCGACATCCAGAA,13,3692306
tolCp1,1.65,51,19,CAAGCAAATCATGGTTAGGA,32,3700550
tolCp1,0.85,35,19,CAAACCCAAGCTATGGACGA,16,3695271
tolCp1,0.4,26,19,ATGTGGACAGTCCAAATCCC,7,3678823
tolCp1,2.9,76,19,ATGTGACTTCCTAAGCACAC,57,3682239
tolCp1,1.4,46,19,ATGGTAAAGCAAGTTCAGAG,27,3713340
tolCp1,2.2,62,19,AGTCTACTGGGCACCAGATT,43,3665503
tolCp1,0.85,35,19,AGTATCTCCACAAAAGTTCA,16,3697385
tolCp1,1.5,48,19,AGTACTCTATGTTGCTGGAG,29,3681005
tolCp1,4.5,108,19,AGGGGCCGGTTATTCGATAA,89,3671858
tolCp1,3.75,93,19,AGGCTTATATAAGGCCTCAT,74,3711897
tolCp1,0.7,32,19,AGGCAGCTGGAACACAACGC,13,3667119
tolCp1,1.95,57,19,AGCGGTTGCTGAGCACTCAG,38,3679893
tolCp1,1.9,56,19,AGCACGCCTCTGTGCCGCAG,37,3702946
tolCp1,0.4,26,19,AGAATGGTATGACCAATGAG,7,3679311
tolCp1,0.35,25,19,AGAAGCGCCATGTCAACACT,6,3691699
tolCp1,0.65,31,19,ACTTCAGTAATTACGAAACT,12,3679738
tolCp1,1.0,38,19,ACTGCACATACTCGCCTATC,19,3675785
tolCp1,1.0,38,19,ACTCTCGCATTGCGTCTCAA,19,3672887
tolCp1,1.55,49,19,ACTCAATTTGCCAAGTTTAA,30,3709315
tolCp1,0.25,23,19,ACTAATGCATGGGAATAGGA,4,3663662
tolCp1,2.75,73,19,ACGGAAGGACTTGCCCCGAT,54,3675897
tolCp1,1.25,43,19,ACGAGGGAGTCTTCTCTCAA,24,3683045
tolCp1,2.4,66,19,ACCTCTTTCGGGTCTCATTG,47,3661764
tolCp1,1.15,41,19,AATTAGAGCCGCCACCGGAA,22,3711577
tolCp1,2.8,74,19,AAGCGTTCCGCATTACACGT,55,3667288
tolCp1,0.2,22,19,AACTTTAATCGTAAAGTCGT,3,3683757
tolCp1,1.0,38,19,AACTCGAGTTAGGACGATGA,19,3662475
tolCp1,0.35,25,19,AACGCACCTTGATATCTCTG,6,3679670
tolCp1,1.45,47,19,AACGATGTAGTTTAACTCCT,28,3665621
tolCp1,0.25,23,19,AACACTACGAAGTGACGCTA,4,3704832
tolCp1,0.95,37,19,AACACGGATTGAGCATTGAG,18,3709570
tolCp1,0.45,27,19,AACACAACGTCGTGATGATG,8,3670011
tolCp1,0.65,31,19,AAATCGCAATTGGACGCACC,12,3661559
tolCp1,9.55,209,19,AAATCCCACCGGCCAATCTT,190,3661612
tolCp1,12.05,259,19,AAATAGCGATCCATCTGTCA,240,3701382
tolCp1,0.7,32,19,AAAGGTGGAACGGACAGGGT,13,3712188
tolCp1,0.3,24,19,AAAGGGTGCCTCGGCAAAGG,5,3667508
tolCp1,0.21052631578947367,21,18,TTTTCGCAGGATGATGCAGT,3,3681012
tolCp1,11.052631578947368,227,18,TTTGTGCACCATCCGTCGGA,209,3676553
tolCp1,0.8947368421052632,34,18,TTTGCACGGGGTTCTCCCCA,16,3694465
tolCp1,0.10526315789473684,19,18,TTGTTCGGGGGTGAAAACAA,1,3699915
tolCp1,0.6842105263157895,30,18,TTGCCCTTGCAGAGTACACT,12,3662813
tolCp1,0.7894736842105263,32,18,TTGATGCGCTCACAAAGTCA,14,3681591
tolCp1,1.105263157894737,38,18,TTACTCAGCCAGGCAAGTCC,20,3671625
tolCp1,9.157894736842104,191,18,TTACGTCCGAGGCAATCCGA,173,3712651
tolCp1,1.368421052631579,43,18,TTAAGTCAACTAATCTAGAG,25,3684864
tolCp1,3.210526315789474,78,18,TGTTAGCCCCTCCGATCGTG,60,3701805
tolCp1,0.8947368421052632,34,18,TGTACCTCTCTTGCAAATTG,16,3662185
tolCp1,6.894736842105263,148,18,TGGGTTTATTCTAGGTTACA,130,3712646
tolCp1,0.21052631578947367,21,18,TGGGCGTTGGGGCAAGAACA,3,3690998
tolCp1,0.7368421052631579,31,18,TGGCATTCTCGGAGATCTAA,13,3662027
tolCp1,0.9473684210526315,35,18,TGGAGATCGAGAAAGTCGCA,17,3693244
tolCp1,0.8947368421052632,34,18,TGGAACGTGATATGTGAATA,16,3703575
tolCp1,1.1578947368421053,39,18,TGGAACGCCGCGACCAATTG,21,3693833
tolCp1,0.3157894736842105,23,18,TGCTAGATATGATCTGGTTA,5,3672676
tolCp1,7.0,150,18,TGACCAAAAGTCTGATCCCT,132,3672315
tolCp1,6.947368421052632,149,18,TCTTCAGACGAACACTCAGA,131,3673492
tolCp1,1.263157894736842,41,18,TCTGTTATTACTGGATGTGA,23,3681156
tolCp1,2.8947368421052633,72,18,TCTGTAATGCAGGATCAAGT,54,3682026
tolCp1,0.7368421052631579,31,18,TCTGATGGTAGATGAGCGCG,13,3665902
tolCp1,1.6842105263157894,49,18,TCTGACGTAACCTCAGACCT,31,3709459
tolCp1,1.736842105263158,50,18,TCTGAACCTGGAACCTTGTG,32,3706859
tolCp1,0.9473684210526315,35,18,TCTCGACACTCCGGATACCA,17,3678873
tolCp1,0.15789473684210525,20,18,TCGTACTTTTTGGAACGTGT,2,3709104
tolCp1,1.4736842105263157,45,18,TCGATCCCCTGGAACTGGTA,27,3664291
tolCp1,0.5789473684210527,28,18,TCCCTAGAAAGTTCAAATGT,10,3685515
tolCp1,0.10526315789473684,19,18,TCATTATTATTCACAGGCTA,1,3674699
tolCp1,6.315789473684211,137,18,TCAGCAATTCACAACAGAGG,119,3702107
tolCp1,1.368421052631579,43,18,TATGGGCTCTCGTAATAGAA,25,3663300
tolCp1,1.4210526315789473,44,18,TATCGTGAAACGTCTGTAGA,26,3681000
tolCp1,2.1052631578947367,57,18,TAGCGATCCCTTAATCGCAT,39,3700701
tolCp1,1.368421052631579,43,18,TAGAGCGCAATACGCGGTCC,25,3708472
tolCp1,4.684210526315789,106,18,TAGACCGTGTTAAACGTAGA,88,3700805
tolCp1,0.3684210526315789,24,18,TACGTGAGGTACCTGATATA,6,3707699
tolCp1,0.631578947368421,29,18,TACCTGGACTAAAGACCTGT,11,3707153
tolCp1,1.4210526315789473,44,18,TACCTCCATAGTGCATGTCG,26,3702784
tolCp1,0.3684210526315789,24,18,TACATATTTGGGCAGACATA,6,3688075
tolCp1,1.631578947368421,48,18,TAATCCTTAAACATCGGCTC,30,3695427
tolCp1,0.7368421052631579,31,18,TAAGATACTTTAATCAGCTG,13,3704980
tolCp1,0.2631578947368421,22,18,TAACTTTTGCATTGTATGAA,4,3704208
tolCp1,2.0,55,18,TAACCGGCAGTTCTAGTTAC,37,3704532
tolCp1,0.7894736842105263,32,18,GTTTGATAACTAACAATTAC,14,3681487
tolCp1,7.684210526315789,163,18,GTTTGACTGCTGTCCGACCT,145,3710220
tolCp1,5.052631578947368,113,18,GTGCCTATCAAAGTATGTCG,95,3713758
tolCp1,0.5789473684210527,28,18,GTGCAGACTAGATGGTAATG,10,3674602
tolCp1,1.7894736842105263,51,18,GTCCTAGAGGACACCCAGGT,33,3682139
tolCp1,1.8421052631578947,52,18,GTCAGCCTAGTTCGTAAAAC,34,3661302
tolCp1,0.631578947368421,29,18,GTAGTGGCGGACCGTTGGAG,11,3674739
tolCp1,0.3684210526315789,24,18,GTACTCCGCGGCTGCGTCGC,6,3674578
tolCp1,1.2105263157894737,40,18,GTACATGGCGAACGGGGGCA,22,3687758
tolCp1,1.5263157894736843,46,18,GGTTAAAGCTGGAGTCCTTC,28,3694963
tolCp1,1.736842105263158,50,18,GGTGGGAGTGTTTCGGACTA,32,3663829
tolCp1,0.3157894736842105,23,18,GGTCCACATCCCTGCACCTT,5,3693282
tolCp1,0.5789473684210527,28,18,GGGGGTGCGAATGGATTAAA,10,3698012
tolCp1,1.6842105263157894,49,18,GGCTGGGTATCCAGAGCCTA,31,3676194
tolCp1,0.21052631578947367,21,18,GGCTGAATCCTTGCGGATTA,3,3675954
tolCp1,3.5789473684210527,85,18,GGCTCAGGCCTAGACAGTCA,67,3698040
tolCp1,4.105263157894737,95,18,GGAAGCTACCAGCAGTGGTC,77,3680002
tolCp1,0.10526315789473684,19,18,GGAACTGGTTAAAGCGGCTA,1,3663826
tolCp1,1.0526315789473684,37,18,GCTTTGCGTGTAACTTAGCG,19,3698662
tolCp1,3.3684210526315788,81,18,GCTGTACGGCTATTTAACAC,63,3684620
tolCp1,1.3157894736842106,42,18,GCGTGGATCAGGCCGCGATA,24,3678390
tolCp1,1.368421052631579,43,18,GCGCAGTTTGCGTTCCTTAT,25,3699214
tolCp1,0.3157894736842105,23,18,GCGACTACAAATCATTCCTT,5,3697742
tolCp1,1.5789473684210527,47,18,GCCGTGTTTCGCTCCACCGT,29,3685248
tolCp1,0.5263157894736842,27,18,GCCGGTGTCAAACATACATG,9,3683535
tolCp1,1.105263157894737,38,18,GCCATACTACGCCCATGGGA,20,3675653
tolCp1,0.10526315789473684,19,18,GCAGTGGTTCTCAGTTCCCA,1,3668572
tolCp1,1.8421052631578947,52,18,GCACTATATTCGACGTCGAT,34,3684401
tolCp1,1.105263157894737,38,18,GCACACACACACAGGTAGGA,20,3672198
tolCp1,0.631578947368421,29,18,GATATTAATACTTATTCTGG,11,3709971
tolCp1,2.736842105263158,69,18,GAGTGCGGTTCACTCCTGGT,51,3707151
tolCp1,0.10526315789473684,19,18,GAGCTCGGGACATCTAAGGA,1,3703986
tolCp1,1.0526315789473684,37,18,GACTTGATCGAAGCATGTAT,19,3676010
tolCp1,1.1578947368421053,39,18,GACTCAAGTGATAACATCAC,21,3662910
tolCp1,0.21052631578947367,21,18,GACCCGGCTGCGGAGCAGCA,3,3675568
tolCp1,0.3684210526315789,24,18,GAATTTCATGCCTCGGAGGG,6,3693152
tolCp1,1.0,36,18,GAAGACCTCGTTTTGGGTTG,18,3672275
tolCp1,0.8421052631578947,33,18,GAACGCCGGACAGCAGTCAG,15,3696702
tolCp1,0.3157894736842105,23,18,GAAAAAAGGCAGGTGGGAGC,5,3668031
tolCp1,17.473684210526315,349,18,CTTGCCCACGGTACCCTCGA,331,3675700
tolCp1,0.10526315789473684,19,18,CTGTGTTAGGCAAAAATCGG,1,3680395
tolCp1,0.3684210526315789,24,18,CTCTGACGATTCGACATTTG,6,3680112
tolCp1,1.736842105263158,50,18,CTCGACAGCCCCACTCGTAC,32,3668378
tolCp1,1.0,36,18,CGTGATGGCAGTGACCACAC,18,3672148
tolCp1,1.368421052631579,43,18,CGGCAACACGGTCGAGTGGT,25,3699213
tolCp1,0.8947368421052632,34,18,CGCGGTGTAAGATACCTCGC,16,3662194
tolCp1,2.8947368421052633,72,18,CGCGCGACCCGGTGGTCTCT,54,3696306
tolCp1,0.3684210526315789,24,18,CGATCGAGTCTAACCATCTT,6,3714356
tolCp1,1.5789473684210527,47,18,CGATCCGGCAGAACGATTTG,29,3685238
tolCp1,1.1578947368421053,39,18,CGACGTTTCGCCACCCGGAG,21,3707300
tolCp1,2.3157894736842106,61,18,CGAAATAGTGGTTAGGGAAT,43,3703221
tolCp1,3.4210526315789473,82,18,CCTCGCGCATGCACTGGGTT,64,3696707
tolCp1,1.0,36,18,CCTATGTAGGTATAGTCCCA,18,3680238
tolCp1,0.8947368421052632,34,18,CCCTTTGAGAGGCAGGTCGT,16,3681270
tolCp1,1.4736842105263157,45,18,CCCCGAGCGAACCATAATAT,27,3671682
tolCp1,2.263157894736842,60,18,CCCCCAGCCGTGGTAGAGAA,42,3685405
tolCp1,4.578947368421052,104,18,CCCCATCTCTAGAACCCGTA,86,3667683
tolCp1,0.8947368421052632,34,18,CCCAATCAACGTTGTGTAAT,16,3693135
tolCp1,0.47368421052631576,26,18,CCATCGGCTAGATAATGGGT,8,3680540
tolCp1,0.7894736842105263,32,18,CCAGCTCAATCCCCTGGTTA,14,3661565
tolCp1,0.42105263157894735,25,18,CATTATATCTATCGGGACTC,7,3683256
tolCp1,2.0526315789473686,56,18,CATGGTATCTTGTATGGCAA,38,3685927
tolCp1,0.21052631578947367,21,18,CATGGCAAGCTTTCTCGGAG,3,3692753
tolCp1,1.631578947368421,48,18,CAGTCACCCCAATAGGAGGA,30,3693203
tolCp1,5.315789473684211,118,18,CAGCCTTCATCATGTAAGCA,100,3681268
tolCp1,0.8947368421052632,34,18,CAGAGCCCTGGTACAAGGTT,16,3666395
tolCp1,1.4736842105263157,45,18,CAGAAGTGCCACAGATCCAG,27,3688752
tolCp1,2.3157894736842106,61,18,CACGCTGTTCAGAACCGGAC,43,3706550
tolCp1,0.3157894736842105,23,18,CACAAGGCTGGTTTCTTGAG,5,3687791
tolCp1,1.7894736842105263,51,18,CAATGTCACAGGACAATAGA,33,3677324
tolCp1,3.263157894736842,79,18,CAAGTGCGCCCCGATCATAG,61,3672027
tolCp1,1.1578947368421053,39,18,CAACTGACGGATGTTTTTCT,21,3710204
tolCp1,7.421052631578948,158,18,CAACGTTAATAAGCCGTATA,140,3661275
tolCp1,0.42105263157894735,25,18,ATTTAACGCCCCTTGTGGCA,7,3676796
tolCp1,1.7894736842105263,51,18,ATTACCAATATAGCAGAACC,33,3687631
tolCp1,0.6842105263157895,30,18,ATTAAGATGATTTAAGAGGT,12,3665251
tolCp1,1.8421052631578947,52,18,ATGTGTGAGCTAGAGTAAAA,34,3668374
tolCp1,2.210526315789474,59,18,ATGGGCAGTCTTGCGCCCCC,41,3678012
tolCp1,1.0,36,18,ATCGTCAAATATCGTTTCAC,18,3695399
tolCp1,0.3684210526315789,24,18,ATCAGCCCGTCGCGGTAAGG,6,3676766
tolCp1,0.5789473684210527,28,18,ATCAATCGTGGGACAGATAT,10,3708990
tolCp1,1.4736842105263157,45,18,ATATTATGGCAATGGCGATA,27,3669573
tolCp1,3.8947368421052633,91,18,ATATAAGCCCGGAGACGGTT,73,3682236
tolCp1,0.5789473684210527,28,18,AGTTGTACCTGCGAGGGCGA,10,3666056
tolCp1,2.4210526315789473,63,18,AGTTCAAAGAAATCGGCTTA,45,3684808
tolCp1,0.5789473684210527,28,18,AGTGTATGCCCCCAAGGTGA,10,3673178
tolCp1,0.42105263157894735,25,18,AGTGGCATTCTGAGTTGGGA,7,3713350
tolCp1,0.10526315789473684,19,18,AGGTAGTCATTCGCCAACTA,1,3693902
tolCp1,1.0526315789473684,37,18,AGGCATGTGCCGTTCGCCGT,19,3671428
tolCp1,0.7368421052631579,31,18,AGACGTCGGAGACTGTATGT,13,3665415
tolCp1,1.1578947368421053,39,18,AGACCAATATGTTAATTTCT,21,3669905
tolCp1,0.15789473684210525,20,18,ACTTGGCATCCAGGGGCCGA,2,3664399
tolCp1,0.47368421052631576,26,18,ACGTAGATTGTCTTACAGGC,8,3663532
tolCp1,0.15789473684210525,20,18,ACGGCACAGAAAATCGAATA,2,3685777
tolCp1,1.1578947368421053,39,18,ACGGATATATACAGATGGAG,21,3670410
tolCp1,0.10526315789473684,19,18,ACGCGTGCTCCGGTGTTCGC,1,3672771
tolCp1,0.47368421052631576,26,18,ACCCTGCTAGATACAGGCTC,8,3703347
tolCp1,0.3157894736842105,23,18,ACCAGGTTCCCTCGCCTGAG,5,3707292
tolCp1,1.631578947368421,48,18,ACAGTGTGCGGGGGACACAG,30,3709460
tolCp1,1.0526315789473684,37,18,AATGATTCAGTTAGGCGATC,19,3714883
tolCp1,3.0526315789473686,75,18,AATCGTTATTCAGCCATATA,57,3706556
tolCp1,1.894736842105263,53,18,AATAGCCGAGGCATAATTAA,35,3685310
tolCp1,2.3684210526315788,62,18,AAGGTTCCGTCTTAAGTGTG,44,3703411
tolCp1,0.21052631578947367,21,18,AAGGCTCAACACCCTCAAAG,3,3664186
tolCp1,1.0,36,18,AAGAGTAATATATTTGGTAG,18,3665179
tolCp1,0.8947368421052632,34,18,AACTGCACCGCTTGAGCTTC,16,3669482
tolCp1,0.2631578947368421,22,18,AACGAAGAACGACGTTCTAC,4,3703492
tolCp1,1.263157894736842,41,18,AAAGAACTTGCCGGTCTATA,23,3702782
tolCp1,0.7368421052631579,31,18,AAACAGGCGAAGGATACAGA,13,3693957
tolCp1,1.4444444444444444,42,17,TTTCTTAACGACTAGATGAA,25,3673079
tolCp1,1.4444444444444444,42,17,TTTACGTCAAGCCTCGTTCA,25,3682241
tolCp1,0.6111111111111112,27,17,TTGTAATTACTAAATTGCGG,10,3683943
tolCp1,0.2777777777777778,21,17,TTGGGTGCTATGTAGCTTTA,4,3672238
tolCp1,0.7222222222222222,29,17,TTGCCGGCTCGTGGACGTTC,12,3689939
tolCp1,4.333333333333333,94,17,TTGCCCCTTAGCAGGATGTT,77,3695839
tolCp1,1.7222222222222223,47,17,TTGCATCGGTCAACACCATT,30,3690573
tolCp1,1.0555555555555556,35,17,TTGCAGCAATGTCGCTGAAT,18,3699747
tolCp1,0.1111111111111111,18,17,TTGAGTCGCGGGAGACATCG,1,3697293
tolCp1,1.5,43,17,TTGAGAGAGTCCATTCGTGG,26,3666728
tolCp1,0.3888888888888889,23,17,TTGAACTAGATCATGGGGGT,6,3704920
tolCp1,0.6111111111111112,27,17,TTCGCTTGTGGGGCGTGCTA,10,3708210
tolCp1,0.9444444444444444,33,17,TTAGTAAAATTGGATCCAAT,16,3689929
tolCp1,0.7222222222222222,29,17,TTAGGGTCATATCCTCCGAT,12,3705170
tolCp1,3.8333333333333335,85,17,TTAATTTGGCCGGTTACCTG,68,3691802
tolCp1,1.3333333333333333,40,17,TGTTAGACGTCAACGTACAC,23,3686081
tolCp1,1.5555555555555556,44,17,TGGGCGGCCAGGATCACCTC,27,3706509
tolCp1,2.3333333333333335,58,17,TGCTCCTATATCGATGGGTG,41,3666918
tolCp1,5.611111111111111,117,17,TGCCCAAGGCAACTCTATCA,100,3683424
tolCp1,7.777777777777778,156,17,TCTGCGATTTAGTGAGCTGA,139,3699499
tolCp1,0.6111111111111112,27,17,TCTCTTCGCAGAATACTTTA,10,3693904
tolCp1,1.7222222222222223,47,17,TCTATTGATAGCGGGATTGT,30,3711471
tolCp1,1.9444444444444444,51,17,TCTATGCGAGCCACTTGCAA,34,3671375
tolCp1,2.2222222222222223,56,17,TCTACCACGTACGACCGTGA,39,3713759
tolCp1,0.1111111111111111,18,17,TCGGCATTGCACTCCCCGGC,1,3707268
tolCp1,0.2222222222222222,20,17,TCGGACGCTCCGGCGTGTCC,3,3679669
tolCp1,1.3333333333333333,40,17,TCGCTACAATTCCTGGACTA,23,3696541
tolCp1,0.3888888888888889,23,17,TCGAACAAGGTCAAGCACAT,6,3662163
tolCp1,3.7222222222222223,83,17,TCCTTCTCAGGCCAAGGCGA,66,3713142
tolCp1,1.6666666666666667,46,17,TCCGTCAAGAAACTCAGGAA,29,3671185
tolCp1,0.7777777777777778,30,17,TCCGAAAAGTAGGACCCATT,13,3674207
tolCp1,0.7777777777777778,30,17,TCCCTTTATGACCAATTTGT,13,3687842
tolCp1,0.6666666666666666,28,17,TCATGATGTGAGCACTCTCA,11,3666732
tolCp1,1.2777777777777777,39,17,TCACGCATTCCGTGTCATCC,22,3696915
tolCp1,2.0555555555555554,53,17,TCACGCACGTTCGGAGGAAG,36,3712544
tolCp1,1.5,43,17,TATCATCACAATCTAAATAC,26,3701602
tolCp1,0.6666666666666666,28,17,TATAAATAGGCACAGGGCAA,11,3671458
tolCp1,0.2222222222222222,20,17,TAGGTACCGGGAGATATTCT,3,3671938
tolCp1,1.0555555555555556,35,17,TAGCCTCAGCCTGACCAGGA,18,3688926
tolCp1,30.555555555555557,566,17,TACTGAGGGTAACGGGCTCA,549,3671022
tolCp1,0.2222222222222222,20,17,TACTGACATACAGGCCAAGG,3,3699996
tolCp1,3.4444444444444446,78,17,TACATAAACGCAGCGCGCAG,61,3666506
tolCp1,7.555555555555555,152,17,TACAGCAAATACGTGGTGTA,135,3670848
tolCp1,12.5,241,17,TAACAGCGGGCGGCGTCCAC,224,3666145
tolCp1,0.8888888888888888,32,17,TAAAGATATTTGTTCAGAAC,15,3681555
tolCp1,1.2222222222222223,38,17,TAAAATGTGGACTGATGATA,21,3686384
tolCp1,0.16666666666666666,19,17,GTTTGGACGAATGCGCCGGA,2,3682873
tolCp1,0.6111111111111112,27,17,GTTCGCCGTTTGTATGTAAT,10,3689148
tolCp1,0.8888888888888888,32,17,GTTCATTATACCAGCGAGTT,15,3690758
tolCp1,1.1111111111111112,36,17,GTGGGGCACTCGTGTTAGCC,19,3713430
tolCp1,1.0555555555555556,35,17,GTCGAAGCATCGAACGCCCA,18,3687255
tolCp1,3.0,70,17,GTAGTGCAACCGGATGAGAA,53,3663186
tolCp1,0.7777777777777778,30,17,GTAATACCCGCATCAGAACC,13,3664331
tolCp1,5.444444444444445,114,17,GGTGGGCTGGCAGGTTTTCC,97,3666696
tolCp1,0.6111111111111112,27,17,GGTGACCGGAATAGGTGAGA,10,3671178
tolCp1,0.7222222222222222,29,17,GGTGAATCCGGTGCTGAGCG,12,3698543
tolCp1,1.3333333333333333,40,17,GGGGGCTTACTAAGCTCTCA,23,3689921
tolCp1,0.2222222222222222,20,17,GGGCCTCTTATACCGTTCGT,3,3661799
tolCp1,0.7222222222222222,29,17,GGCTGCTTTCCTTGGGGGGA,12,3685830
tolCp1,2.7777777777777777,66,17,GGCCATTCGTATCGAAAGGG,49,3665656
tolCp1,4.555555555555555,98,17,GGCATCCAATAGCTGTGGTC,81,3704529
tolCp1,0.7777777777777778,30,17,GGCAGATTTTATAGTAATAT,13,3675132
tolCp1,4.388888888888889,95,17,GGAAGTGTCGGGGTAACACT,78,3709754
tolCp1,0.7222222222222222,29,17,GGAACTACCTCCGAAGGGCT,12,3663776
tolCp1,1.1666666666666667,37,17,GCTTCGCCAGCCCCGTGAAT,20,3714069
tolCp1,0.4444444444444444,24,17,GCGCAGGAAATCCATGATGG,7,3666651
tolCp1,1.7777777777777777,48,17,GCGAAACATACATATGTAGT,31,3664796
tolCp1,2.388888888888889,59,17,GCCTAGCCCCTAGGTTCACG,42,3711401
tolCp1,0.5555555555555556,26,17,GCCGGAGTCACAATGACGGT,9,3712990
tolCp1,0.7777777777777778,30,17,GCCCTTAATGTAAACAGAAC,13,3677835
tolCp1,0.3888888888888889,23,17,GCATGAAGGACATGAAGGAG,6,3674633
tolCp1,0.5,25,17,GCACTGGTACTTTGGTACTG,8,3713532
tolCp1,0.6666666666666666,28,17,GCACCACACTGTCGCTCAGC,11,3676754
tolCp1,1.7777777777777777,48,17,GATGCGCGCAAATATTCGAG,31,3695317
tolCp1,0.7222222222222222,29,17,GATGCACAATCGTCACGCAA,12,3672889
tolCp1,1.3888888888888888,41,17,GATAACTTGATAACGTAGAA,24,3664163
tolCp1,0.5,25,17,GAGTAAGGAACCGCGCGGTA,8,3695280
tolCp1,0.7777777777777778,30,17,GAGGACTGGGGATGACGGAA,13,3697388
tolCp1,0.9444444444444444,33,17,GAGCTGCGGTCTTGGAAGGT,16,3714614
tolCp1,0.6666666666666666,28,17,GAGCGTTAATGGGTCCGTAA,11,3702153
tolCp1,0.5555555555555556,26,17,GACTCCCGGGGTGCTCTTGA,9,3680582
tolCp1,1.2222222222222223,38,17,GACGTTCCCACAACAAGCCG,21,3704148
tolCp1,1.0,34,17,GACGCAGTACAGTTTTTATA,17,3693702
tolCp1,3.7222222222222223,83,17,GAACATGTGAAGTACTGTGT,66,3706067
tolCp1,1.5555555555555556,44,17,GAAATAGGGCTATCATGAAG,27,3713769
tolCp1,2.888888888888889,68,17,GAAAGTGCGGTCATACTTAA,51,3667996
tolCp1,0.6111111111111112,27,17,GAAACGCGGGCAGGCCGCAT,10,3671680
tolCp1,1.7222222222222223,47,17,CTTTGCGTTGAACCCGGAAA,30,3699700
tolCp1,1.1111111111111112,36,17,CTTTAACAAGAAATAGACCG,19,3711486
tolCp1,3.388888888888889,77,17,CTTCCATTACACATTCTGCT,60,3698736
tolCp1,2.9444444444444446,69,17,CTGTTCTTACCCCATGGTTT,52,3696484
tolCp1,0.6111111111111112,27,17,CTGTATGGCGGATTCTGGGG,10,3703283
tolCp1,2.388888888888889,59,17,CTGGACAGGCAAGTCAGTTC,42,3664598
tolCp1,0.6111111111111112,27,17,CTGGAACACTAAAATTATAA,10,3687387
tolCp1,4.277777777777778,93,17,CTGCTGCGGTGGCACAGGAC,76,3704616
tolCp1,0.3333333333333333,22,17,CTGAGGCTAAGCCTTTCGTA,5,3708308
tolCp1,1.2777777777777777,39,17,CTCTGTCAGTAGACGCATAT,22,3683661
tolCp1,1.0555555555555556,35,17,CTCTCGGATTGTTGCGTTCA,18,3670308
tolCp1,0.5,25,17,CTCGTGCCAATAAACCACAG,8,3710987
tolCp1,0.5555555555555556,26,17,CTCGCGACGGCTCCAAGAAT,9,3715188
tolCp1,0.3333333333333333,22,17,CTACAGATGCACTGTTAATG,5,3666211
tolCp1,1.4444444444444444,42,17,CGTCAATGGGTGCAATCTGT,25,3687308
tolCp1,9.666666666666666,190,17,CGGTATGCGCCGTAGTCTGA,173,3684154
tolCp1,2.2777777777777777,57,17,CGGGTGACTTTTGCGCCTAC,40,3673642
tolCp1,0.7777777777777778,30,17,CGGATCCGATCTATAGTCAT,13,3662034
tolCp1,3.5,79,17,CGGAAGTATTCACGATGGAA,62,3696862
tolCp1,2.611111111111111,63,17,CGCTCTCACAATGGCGGGTC,46,3695569
tolCp1,0.6111111111111112,27,17,CGCGTGCGATTCTTCGTGGC,10,3682085
tolCp1,1.9444444444444444,51,17,CGCACGTCGTGCCGCGCCCT,34,3665457
tolCp1,2.5555555555555554,62,17,CGCAATGCGTGACGGCCCAT,45,3678671
tolCp1,1.6666666666666667,46,17,CGATGGGAGATCGCCAAATC,29,3678038
tolCp1,0.2222222222222222,20,17,CGAGTATCGATGACGCGTGT,3,3673214
tolCp1,1.4444444444444444,42,17,CGAGGAGTGTGATGTTAGGT,25,3688154
tolCp1,0.4444444444444444,24,17,CGACAAATGCACATCACCAA,7,3690948
tolCp1,2.388888888888889,59,17,CCTGGAACATAGTCTCTAAT,42,3689150
tolCp1,5.222222222222222,110,17,CCGTAAGTCAATCAGAACGT,93,3695163
tolCp1,2.2222222222222223,56,17,CCGGTGAATGCAGCACCTGG,39,3706886
tolCp1,0.16666666666666666,19,17,CCGCTGGCTATTCGAGCCAT,2,3674496
tolCp1,11.0,214,17,CCGCTAGGCCACTCTGCATT,197,3689004
tolCp1,0.16666666666666666,19,17,CCCTGTAACGCTTCTGATTT,2,3678748
tolCp1,1.5,43,17,CCCCTTGGAATTCACAAACT,26,3665296
tolCp1,1.6111111111111112,45,17,CCCCATGGTGGCGAATACAA,28,3669215
tolCp1,2.4444444444444446,60,17,CCAGGTAAATCGTGAGGTGA,43,3701858
tolCp1,2.1666666666666665,55,17,CCAGGAAGGCAGACGTAATG,38,3687872
tolCp1,2.5,61,17,CCAGCATGAGCGGTGGAGTT,44,3712309
tolCp1,0.5,25,17,CCACTATCGGGTAGCGCATA,8,3712413
tolCp1,0.7222222222222222,29,17,CATTTATGCCGTCTCAGCCG,12,3715332
tolCp1,5.611111111111111,117,17,CATTCTAACAAAGGCCCATA,100,3663450
tolCp1,0.9444444444444444,33,17,CATTAGCTCGGTACAGGATG,16,3674810
tolCp1,0.9444444444444444,33,17,CAGTCTGGAAGTCCGGCAAC,16,3680819
tolCp1,0.7222222222222222,29,17,CACGGACTTGCAGGAAGAAA,12,3673846
tolCp1,0.8888888888888888,32,17,CACCTGTTTTACTCCCAAGG,15,3695254
tolCp1,0.6666666666666666,28,17,CACAGGTTTGTATCAGATGT,11,3663416
tolCp1,4.722222222222222,101,17,CAAGTCGCGAGAGGGTCGGG,84,3698192
tolCp1,1.6666666666666667,46,17,CAAGCCGGAGACAAACGGTT,29,3676898
tolCp1,3.888888888888889,86,17,ATTCGCCCCGGTGTTAACGA,69,3711460
tolCp1,5.333333333333333,112,17,ATTACATTATTGAATCGTGG,95,3688998
tolCp1,1.0555555555555556,35,17,ATTAAACAAGATTCACCACA,18,3675776
tolCp1,0.7777777777777778,30,17,ATGCAGCGCGGATCGAACGT,13,3690018
tolCp1,7.555555555555555,152,17,ATCTCTCTCCGCTAAAAGGT,135,3693229
tolCp1,8.055555555555555,161,17,ATCCAACTAACGAGTGTCCT,144,3673980
tolCp1,0.3333333333333333,22,17,ATATTCACCTGCGCAGCGTC,5,3709566
tolCp1,0.1111111111111111,18,17,AGTTATGCGCATCATAAACC,1,3702846
tolCp1,0.7777777777777778,30,17,AGTCATGAAATGCACCCGGA,13,3670370
tolCp1,0.7222222222222222,29,17,AGGTCGCTCGCGGGTTTCAT,12,3670509
tolCp1,0.9444444444444444,33,17,AGGGGTTACACGTGTCCTAC,16,3681170
tolCp1,0.4444444444444444,24,17,AGGGGACGCAGCGAAGGAAA,7,3682182
tolCp1,3.888888888888889,86,17,AGGGATACTCCTTAATCCAA,69,3702114
tolCp1,0.7222222222222222,29,17,AGGCGTCTCGTGGGTGAATC,12,3693718
tolCp1,7.0,142,17,AGGCGACTGACCACAAGGGG,125,3688833
tolCp1,0.7222222222222222,29,17,AGGATGATGCGGGGAAATAG,12,3705239
tolCp1,2.611111111111111,63,17,AGCGCCCTCCACCATATCGG,46,3710024
tolCp1,1.1111111111111112,36,17,AGCGATGAAACTAATCGTAA,19,3699218
tolCp1,2.5555555555555554,62,17,AGCGACGTTTCTGTACAATC,45,3702193
tolCp1,0.6666666666666666,28,17,AGCAGTAAATGCGTGATACG,11,3693846
tolCp1,3.5,79,17,AGAAATACGGACGATGCCAG,62,3714675
tolCp1,0.3888888888888889,23,17,AGAAAGCTGATTAATGGGCT,6,3689919
tolCp1,1.5555555555555556,44,17,ACTTGATCACGTAGACATCG,27,3707838
tolCp1,0.8333333333333334,31,17,ACTGAATGCATTTCTTCACG,14,3663806
tolCp1,1.1666666666666667,37,17,ACTATCACTCACGAGCTTAC,20,3679740
tolCp1,4.333333333333333,94,17,ACTATAGTACATAGTATCGT,77,3686819
tolCp1,0.4444444444444444,24,17,ACGTTGAATTCGATCAAGGT,7,3707003
tolCp1,1.6111111111111112,45,17,ACCGTAATATACGAGGCGAT,28,3683427
tolCp1,0.8888888888888888,32,17,ACCGCGCTGATCGGATGGCG,15,3674075
tolCp1,1.9444444444444444,51,17,ACCGACGCAAATAGTATTTC,34,3665881
tolCp1,1.2222222222222223,38,17,ACCCTCTCTTTACCTCTAGT,21,3676338
tolCp1,2.2222222222222223,56,17,ACCCGAATTCAGCTGCGAAG,39,3698436
tolCp1,3.0,70,17,ACATACAGTGCGGCGATTCA,53,3709456
tolCp1,3.5,79,17,ACAGGGACATCGCTCGCCCG,62,3674122
tolCp1,0.1111111111111111,18,17,AATTTGGGGTCTAGGAGACT,1,3674309
tolCp1,2.4444444444444446,60,17,AATTGATCGGTCTTTCAACT,43,3686934
tolCp1,0.3333333333333333,22,17,AATGTTCGAAGGCGGCCCCT,5,3663375
tolCp1,0.8333333333333334,31,17,AATAAATTCCCGCTCTGGAC,14,3685861
tolCp1,4.166666666666667,91,17,AAGTAGTCCCCACGCCCGAC,74,3704382
tolCp1,1.8888888888888888,50,17,AAGGTCCCAGGTACTTTCAA,33,3685239
tolCp1,1.1111111111111112,36,17,AAGGCCAGGTATTTCACAGA,19,3709965
tolCp1,0.5,25,17,AAGATCGTGCGTGCCGGGGG,8,3677937
tolCp1,1.6111111111111112,45,17,AACCTAATAAGACGTATGTT,28,3693106
tolCp1,0.8333333333333334,31,17,AACATTTGCAATCAGCTGTA,14,3696122
tolCp1,0.5555555555555556,26,17,AACACATAAGCATATGTAGG,9,3696169
tolCp1,0.6666666666666666,28,17,AAAGTATTTTCATTACGTGG,11,3698344
tolCp1,0.1111111111111111,18,17,AAAGGTTGCGTTAACTCGAG,1,3671297
tolCp1,1.3333333333333333,40,17,AAAGCTGGGGCGTAAAGCTG,23,3672776
tolCp1,1.7777777777777777,48,17,AAAAAAGGTGCCAAAGGATT,31,3696790
tolCp1,0.6470588235294118,26,16,TTTTGGCCAGAGTAATCATC,10,3713477
tolCp1,2.235294117647059,53,16,TTTGTCCTAGCGGTATCACT,37,3671504
tolCp1,4.352941176470588,89,16,TTTATCGCAAGGGATATAGA,73,3691069
tolCp1,1.411764705882353,39,16,TTGCTCCGGAATCTGTGCCA,23,3691919
tolCp1,1.2352941176470589,36,16,TTCTACCAACTCTGTCTTGT,20,3676892
tolCp1,7.0,134,16,TTCCTGGTGGCCTGTAGCTC,118,3696942
tolCp1,4.588235294117647,93,16,TTCCATCCATGAGGACCTAT,77,3687306
tolCp1,0.8823529411764706,30,16,TTAGCCTAGACGTTTCACTT,14,3674994
tolCp1,0.29411764705882354,20,16,TTAGAATCGTGTGTCCTACG,4,3708470
tolCp1,1.0,32,16,TTACGAATAAATTGCTTGGG,16,3676771
tolCp1,0.7058823529411765,27,16,TTAAGCCAATCCAGCGACCT,11,3663744
tolCp1,0.8823529411764706,30,16,TTAAGACGGGCAGAAGCTGG,14,3678228
tolCp1,0.7058823529411765,27,16,TGTGCCATCCTGCAGATAAA,11,3676940
tolCp1,1.0588235294117647,33,16,TGTGCAGTGGACCTGGCGAA,17,3684408
tolCp1,0.5882352941176471,25,16,TGTATTGTCAACAAGGGCGA,9,3689784
tolCp1,1.1764705882352942,35,16,TGTATAATAAACTGAGATTT,19,3713827
tolCp1,1.0588235294117647,33,16,TGTAAGTGATGCACTGGTCT,17,3678574
tolCp1,1.5294117647058822,41,16,TGGGGCAATACACTCTTAGC,25,3705869
tolCp1,1.411764705882353,39,16,TGGGAGCGGAATATATTGTA,23,3672765
tolCp1,0.11764705882352941,17,16,TGGGAAGCAACGGTCCCGGA,1,3677020
tolCp1,1.3529411764705883,38,16,TGGCAACGCCCGGGGAATCG,22,3700275
tolCp1,1.1764705882352942,35,16,TGGATTGCTTAAGAGGTTGA,19,3679635
tolCp1,0.9411764705882353,31,16,TGCGTGTGATCTTCTGGCTC,15,3706840
tolCp1,0.4117647058823529,22,16,TGCCGCAACATAACTTTCGA,6,3688571
tolCp1,1.1176470588235294,34,16,TGACAGAGCCGCAGTGTGGT,18,3696558
tolCp1,0.4117647058823529,22,16,TCTTGCTGGGATACACGATT,6,3672035
tolCp1,12.529411764705882,228,16,TCTCTGGGCCAGACCCGCCT,212,3712531
tolCp1,2.5294117647058822,58,16,TCTCTCCATAAGGTTTACCT,42,3683467
tolCp1,2.1176470588235294,51,16,TCTATGGGTTCTGAGCGGAG,35,3674218
tolCp1,2.0588235294117645,50,16,TCTAACGAGTGCCTACAAGA,34,3688337
tolCp1,0.6470588235294118,26,16,TCGGCCGTCCTGCGCGATAG,10,3675923
tolCp1,3.7058823529411766,78,16,TCATATAGGCACGGTTGGTT,62,3669546
tolCp1,0.23529411764705882,19,16,TCAGTACATTGTGGGGATCG,3,3713441
tolCp1,1.0,32,16,TCAGCCTCGCTCCAGCAACA,16,3668949
tolCp1,8.529411764705882,160,16,TCAGACTGAAGATAACCCCA,144,3692350
tolCp1,2.823529411764706,63,16,TCAAGGGACGTACCGCAAGA,47,3664129
tolCp1,3.6470588235294117,77,16,TATTGTGCATGCTGCAGTTG,61,3701976
tolCp1,1.0588235294117647,33,16,TATGTCACTCTCTTATTAGG,17,3680236
tolCp1,0.5294117647058824,24,16,TATACTTGTTGAGACCCTGG,8,3693759
tolCp1,8.352941176470589,157,16,TAGTATCAGCGGCTGGCAGG,141,3675762
tolCp1,1.588235294117647,42,16,TACGACGGGCTCTATGATCG,26,3662745
tolCp1,1.7058823529411764,44,16,TACCTGATCCTAGACAATCC,28,3707060
tolCp1,1.7647058823529411,45,16,TACCGGTGGGTTGATGTAGG,29,3703574
tolCp1,0.17647058823529413,18,16,TACCCGCAAACCTGCTACTC,2,3692293
tolCp1,1.588235294117647,42,16,TACATCCGGGAATACTCATG,26,3668426
tolCp1,0.35294117647058826,21,16,TAATATAAAGGTATGCCGCC,5,3668763
tolCp1,0.17647058823529413,18,16,TAAACCAAGTTTCGGTCACA,2,3694832
tolCp1,6.764705882352941,130,16,TAAAAACAGCCTTACCGCTG,114,3711063
tolCp1,0.35294117647058826,21,16,GTTAGCGACGATCGTAGTGG,5,3682983
tolCp1,6.176470588235294,120,16,GTTAACAGGAGTTACATATA,104,3684638
tolCp1,1.5294117647058822,41,16,GTCTCGAAATTTCTGAGGGC,25,3667549
tolCp1,1.8823529411764706,47,16,GTCAGAGCAAGCATTCAGGG,31,3675026
tolCp1,0.7058823529411765,27,16,GTCACCTGGCTCGGTCGTGC,11,3667960
tolCp1,3.9411764705882355,82,16,GTATCACCCTCAATTACTCC,66,3682234
tolCp1,0.5294117647058824,24,16,GTAGGTCGTATGAACACCTA,8,3687002
tolCp1,0.4117647058823529,22,16,GTACTGGTAGCTCCTAAAAC,6,3687768
tolCp1,1.8823529411764706,47,16,GTAAAGGGTTGCATGCGCTA,31,3704448
tolCp1,3.0588235294117645,67,16,GGTATCATTGGTCCCTATTT,51,3664668
tolCp1,0.29411764705882354,20,16,GGGCAGATCCACCTCTCGTC,4,3684865
tolCp1,1.2941176470588236,37,16,GGCGCGGTCAGACCATTTAC,21,3681233
tolCp1,2.0588235294117645,50,16,GGCGCCTTTCGGCTCACCTC,34,3690677
tolCp1,0.35294117647058826,21,16,GGCCTTGGGCACCGTCGAGT,5,3701565
tolCp1,0.8235294117647058,29,16,GGCCTGACGGGCTGTAGTTA,13,3685142
tolCp1,0.7058823529411765,27,16,GGCACGAAGTTCGGGGCTAC,11,3710155
tolCp1,4.705882352941177,95,16,GGATTCGCCTAGCTGCGATC,79,3694641
tolCp1,0.7058823529411765,27,16,GGATATCGCCCGTCTGTCAT,11,3693897
tolCp1,0.8235294117647058,29,16,GGACGGTTAGAGGGGCATGT,13,3692633
tolCp1,37.23529411764706,648,16,GCTTGACGCTCATTCCTGGT,632,3714469
tolCp1,1.411764705882353,39,16,GCTTCACGATCGACGGTGCG,23,3703484
tolCp1,2.2941176470588234,54,16,GCTTAATGGATTGGACTGTA,38,3698993
tolCp1,0.35294117647058826,21,16,GCTACCGCTCGTGTCCGAAC,5,3666388
tolCp1,1.0588235294117647,33,16,GCGTTGTTTCCCAAGCCACC,17,3664604
tolCp1,1.7058823529411764,44,16,GCGTGTGCGGCTAAAAGTGC,28,3701656
tolCp1,0.9411764705882353,31,16,GCGGTCTCACAAGTTAATGA,15,3675937
tolCp1,2.2941176470588234,54,16,GCGGACGGTGAACTTTAGGC,38,3692669
tolCp1,0.7058823529411765,27,16,GCGACCTAGTCCAGAGCGAA,11,3695088
tolCp1,0.5294117647058824,24,16,GCCTACATCCGAACCAACAA,8,3666058
tolCp1,0.29411764705882354,20,16,GCCGATTCTGTTAAGTGTAA,4,3679591
tolCp1,0.7058823529411765,27,16,GCCGATACGGGGAGTCCGGA,11,3677230
tolCp1,0.8235294117647058,29,16,GCATCCCCCTGATTCGAATT,13,3689683
tolCp1,0.8235294117647058,29,16,GCACTCGTCCAACACGTGCT,13,3677049
tolCp1,1.0588235294117647,33,16,GATTTTACGTCAGAGACGCA,17,3690336
tolCp1,4.705882352941177,95,16,GATTAACAGTGATAGGGAAT,79,3694374
tolCp1,2.235294117647059,53,16,GATCCGGCAGTCTAGCGAGG,37,3694372
tolCp1,4.0588235294117645,84,16,GATCAATTCTATGCGTACGA,68,3663015
tolCp1,1.6470588235294117,43,16,GATCAAAGCTCGGAATCAAT,27,3714277
tolCp1,1.1764705882352942,35,16,GATAACGCCAGAACAGAGGC,19,3667677
tolCp1,2.4705882352941178,57,16,GAGTCAACCATAACCAACGT,41,3693030
tolCp1,0.35294117647058826,21,16,GAGCGAAACGGGTAGCTGGA,5,3672207
tolCp1,4.705882352941177,95,16,GAGCACTGACGCCTCGGGGT,79,3709761
tolCp1,10.470588235294118,193,16,GACCTATATGTATCCTACGT,177,3679265
tolCp1,1.2352941176470589,36,16,GACATTGCTTTTCTAAGGGA,20,3685780
tolCp1,0.8823529411764706,30,16,CTTGTCTTCTGGCTAGGTAG,14,3703486
tolCp1,3.4705882352941178,74,16,CTGCGTAGTGGTACATAAAC,58,3666206
tolCp1,0.6470588235294118,26,16,CTGCATCCCGCGCTGGATAG,10,3712772
tolCp1,2.4705882352941178,57,16,CTCCAGGAGTGTATGCGCTT,41,3686380
tolCp1,0.7058823529411765,27,16,CTCACAGCGCTGGGATTGCT,11,3689716
tolCp1,0.4117647058823529,22,16,CTATCCACTTTATCGGCATT,6,3711842
tolCp1,1.588235294117647,42,16,CTACGGGGCACCCACGAAGT,26,3677119
tolCp1,2.8823529411764706,64,16,CTAAATAGCAGGACATCCAA,48,3707905
tolCp1,2.0588235294117645,50,16,CGTCCATACAGCCTCTAAGC,34,3665591
tolCp1,1.0588235294117647,33,16,CGTACCCTCAACTCAACGAC,17,3698020
tolCp1,0.47058823529411764,23,16,CGGGTACAAGGGGAGATGAA,7,3679573
tolCp1,0.5294117647058824,24,16,CGGCTCGAAAGACTATGTGG,8,3690724
tolCp1,0.6470588235294118,26,16,CGGAGCATTCGCAAGCGATG,10,3713449
tolCp1,0.5294117647058824,24,16,CGGAAATTATCACCAACCGT,8,3667118
tolCp1,2.176470588235294,52,16,CGCTTCGTAGCAGGGTCCTT,36,3666820
tolCp1,1.7058823529411764,44,16,CGCTCTAAAGGTTGCTACTG,28,3693317
tolCp1,0.23529411764705882,19,16,CGCGCACTATGATGCTCGGT,3,3687744
tolCp1,1.5294117647058822,41,16,CGCACGGGGGGGACAGCATG,25,3685909
tolCp1,2.1176470588235294,51,16,CGCACACGTTAATGCTTCCC,35,3666638
tolCp1,0.7647058823529411,28,16,CGATGCCGTGGTGTGACCAC,12,3704530
tolCp1,0.7058823529411765,27,16,CGAGTCAACGATGGCTTTGA,11,3676627
tolCp1,4.176470588235294,86,16,CGACTGAGCGCGGTTGCATC,70,3678210
tolCp1,3.5294117647058822,75,16,CGAAATCATCCTCGCAGCCT,59,3696770
tolCp1,0.7058823529411765,27,16,CCTTCTGTCGCTTGGTTGAG,11,3672995
tolCp1,3.1176470588235294,68,16,CCTTAATTTGTCTTCTACGT,52,3664666
tolCp1,0.7647058823529411,28,16,CCTAGCTGCGTATCCTCTTA,12,3685574
tolCp1,0.29411764705882354,20,16,CCTACGTGAGAGCATCGGCT,4,3663580
tolCp1,22.352941176470587,395,16,CCTAAACTTGGACGCCAACA,379,3666135
tolCp1,13.058823529411764,237,16,CCGTGGGGTATTGATTTTGT,221,3685066
tolCp1,0.4117647058823529,22,16,CCGATGATTGTGGCAATTAA,6,3703940
tolCp1,1.7647058823529411,45,16,CCCTTCTTAATCCATTTGTA,29,3671628
tolCp1,0.5882352941176471,25,16,CCCGTGGCGTCCTCGACAGA,9,3676282
tolCp1,0.35294117647058826,21,16,CCCGGCGTGCGTAATATAGG,5,3685144
tolCp1,0.8823529411764706,30,16,CCCATTAGAAATACACCTCA,14,3700649
tolCp1,2.0588235294117645,50,16,CCAGGTAAAATGTCGTTTGT,34,3712721
tolCp1,0.35294117647058826,21,16,CCAGCTTGGTATTGGTGTCT,5,3687829
tolCp1,0.4117647058823529,22,16,CCACAAAGTTGTAATGTTCT,6,3706240
tolCp1,2.764705882352941,62,16,CATTACCAAACCTATAGCGG,46,3671876
tolCp1,5.764705882352941,113,16,CATGAACCCCTAAAGGCCTT,97,3688497
tolCp1,8.058823529411764,152,16,CAGGGTAAACCAAGGCATGC,136,3665087
tolCp1,9.235294117647058,172,16,CAGGACTGCTCAATGGGTCA,156,3684625
tolCp1,0.9411764705882353,31,16,CACCGGTTTGCGTTCCCTGG,15,3703410
tolCp1,0.6470588235294118,26,16,CACATTTTATTGCGTACTGC,10,3705108
tolCp1,0.7058823529411765,27,16,CACATTAGATTTACCGAGAC,11,3687616
tolCp1,0.47058823529411764,23,16,CACAGAAATCCTCCCATTAA,7,3702404
tolCp1,3.0588235294117645,67,16,CACACTTCACGGGTAGTTGT,51,3664495
tolCp1,11.411764705882353,209,16,CACACTAGAGATTAAGAGTG,193,3677715
tolCp1,4.823529411764706,97,16,CACACATTGGCAGCGGCTGA,81,3679404
tolCp1,0.7647058823529411,28,16,CAAGGCCTCCATAGCGTCGT,12,3708688
tolCp1,1.4705882352941178,40,16,CAAACCTTCCTTTTGGAAGT,24,3704862
tolCp1,1.7647058823529411,45,16,ATTTAAATTTTCCCATATGC,29,3693548
tolCp1,0.8823529411764706,30,16,ATTGCTCGGGTACGGTAGGT,14,3703914
tolCp1,0.5294117647058824,24,16,ATTCTTGCAATATGTATTAT,8,3701658
tolCp1,1.3529411764705883,38,16,ATTCCCGGTGGGAGCTTTTT,22,3679216
tolCp1,2.0,49,16,ATTAGCACAATCGGCTTTGA,33,3715048
tolCp1,0.5882352941176471,25,16,ATTACTACGTAACCCCTCTA,9,3675305
tolCp1,0.17647058823529413,18,16,ATTACGCGATGAGCTAACGG,2,3668433
tolCp1,1.2352941176470589,36,16,ATGGCAGATGTCTTGGCGTA,20,3684437
tolCp1,2.3529411764705883,55,16,ATGCGCGTCCGCACGCGGTG,39,3709350
tolCp1,1.0,32,16,ATCTGAGGATCGTGCTACGG,16,3701300
tolCp1,1.0,32,16,ATCCGCTCCATCTAGTCGGA,16,3692123
tolCp1,0.4117647058823529,22,16,ATCATTACGTCTCACGGCAA,6,3673697
tolCp1,1.0588235294117647,33,16,ATACGGTAGCGTGGTACCTA,17,3680484
tolCp1,0.47058823529411764,23,16,ATAATTTAGGCCAACCACTG,7,3694622
tolCp1,1.588235294117647,42,16,AGTGTGCAATCTGAGAGAGT,26,3670819
tolCp1,1.1176470588235294,34,16,AGTAGAACTTTGAATATCTG,18,3684367
tolCp1,3.411764705882353,73,16,AGTAAAGTCCCTCTCGTCCT,57,3699540
tolCp1,1.0588235294117647,33,16,AGCTAAGGTGATGACTGGCA,17,3673083
tolCp1,0.17647058823529413,18,16,AGCGTATGACTTCTGCGACA,2,3714396
tolCp1,0.9411764705882353,31,16,AGCCGTGAATGATCTTTGAG,15,3688925
tolCp1,2.235294117647059,53,16,AGCACATCGGCTTGCCCTCA,37,3672073
tolCp1,1.1764705882352942,35,16,AGCAAGTCGCCTGAATTATC,19,3666074
tolCp1,0.29411764705882354,20,16,AGCAACGGTCGTCTATTTCG,4,3681401
tolCp1,0.5294117647058824,24,16,AGAGGTCAGGGTTCTTCGTT,8,3712422
tolCp1,0.35294117647058826,21,16,AGAGATCTCCACCATCTAGA,5,3699039
tolCp1,1.3529411764705883,38,16,ACTCGATGCAGGAGGGTGGC,22,3702623
tolCp1,0.11764705882352941,17,16,ACTATGTGTCATGGTAGAAA,1,3704804
tolCp1,4.294117647058823,88,16,ACGGGCTGGAGAAGGGTATT,72,3706059
tolCp1,3.0,66,16,ACGCGTTGATTAGCCTAATG,50,3712145
tolCp1,1.0,32,16,ACGATACTAGCATGAGGGTG,16,3700174
tolCp1,0.8823529411764706,30,16,ACCGAAGTGGTACGTCTACA,14,3676435
tolCp1,8.705882352941176,163,16,ACCCCGGAGGTACATGCTCT,147,3696961
tolCp1,0.8823529411764706,30,16,ACAATTGTCGGGTGCCAGCT,14,3673859
tolCp1,1.0588235294117647,33,16,AACGCTTTTCCCAGTGATTA,17,3675171
tolCp1,2.1176470588235294,51,16,AACCAGACATTTGCAGTTTC,35,3698822
tolCp1,0.35294117647058826,21,16,AAAGCCCTCACCGCAGTTGT,5,3699328
tolCp1,2.588235294117647,59,16,AAACATGCGCTGCATAGAAA,43,3709934
tolCp1,0.8823529411764706,30,16,AAAAGTGTAAGAAAGTTACG,14,3675361
tolCp1,0.8235294117647058,29,16,AAAACTAGGATACAAACTTA,13,3664197
tolCp1,4.5,86,15,TTTGTGGGATTTTTCCTCTA,71,3694644
tolCp1,1.4375,37,15,TTTGTGGCTATCAGCAGGGT,22,3681980
tolCp1,0.125,16,15,TTTGCGTGACCAAGGAGGCG,1,3683079
tolCp1,0.25,18,15,TTTATTTGTCATGGGTAAAG,3,3675311
tolCp1,3.75,74,15,TTTATGCGAGATCCGCTAAT,59,3714610
tolCp1,0.625,24,15,TTGTTGTGGTCAAGATAGAG,9,3690626
tolCp1,0.9375,29,15,TTGTGCGTTCTCTGTCGATG,14,3685731
tolCp1,2.0625,47,15,TTCCCAGGGGGTCTGTGTAG,32,3691918
tolCp1,2.0625,47,15,TTAACTGCTCGAGCTTCCTT,32,3713860
tolCp1,1.1875,33,15,TGTTTAACTGCGAAAACCAA,18,3675896
tolCp1,0.5,22,15,TGTGAGGACACTTCTGCCTC,7,3687586
tolCp1,0.75,26,15,TGGTGAACAGACTTTTGCGA,11,3705382
tolCp1,2.125,48,15,TGGTAGACCCCCAAACCTCA,33,3676980
tolCp1,0.4375,21,15,TGGGGATTACCCAGGCGTTA,6,3706667
tolCp1,1.9375,45,15,TGGACAAGACTACGTCCAAT,30,3699334
tolCp1,0.9375,29,15,TGCGAAGGCGTATTGACGCT,14,3691738
tolCp1,1.5,38,15,TGATAGTAGGAAAGGGAATC,23,3673978
tolCp1,0.125,16,15,TGACTTGTCCGGATAAGTCT,1,3696552
tolCp1,2.0,46,15,TCTTCTTCAATCCCCGGGAG,31,3687526
tolCp1,0.875,28,15,TCTGTCCTTGTATCATAGAC,13,3674636
tolCp1,2.0,46,15,TCGTTTTGTTCCTTTAACAT,31,3662074
tolCp1,2.3125,51,15,TCGTGAACAACAAGAAGCAT,36,3673392
tolCp1,3.5,70,15,TCGGTGGCTAGACTTGACCT,55,3668823
tolCp1,2.625,56,15,TCGGTGCCGCGAGTGGCGAT,41,3694522
tolCp1,0.125,16,15,TCGATCTGTGTTGGTACTAT,1,3698152
tolCp1,1.5,38,15,TCGACCGGAGCAAGCCATCT,23,3675931
tolCp1,2.0625,47,15,TCGAATACCAAGAGTTTTTG,32,3668538
tolCp1,1.1875,33,15,TCCTAATTCCGTTAGTGTCC,18,3665195
tolCp1,1.625,40,15,TCCCCGATTACATTACTCCC,25,3672392
tolCp1,1.625,40,15,TCCATCAACGCCAGCTTAGT,25,3679747
tolCp1,0.75,26,15,TCAGTATTCGTTTAGGTGTT,11,3698324
tolCp1,16.125,272,15,TCAGCATCAAACCTGGTAAA,257,3692840
tolCp1,2.1875,49,15,TCAAGCTCGACCGAATTTTA,34,3683458
tolCp1,1.0625,31,15,TCAAGCAGGCGGGACGGTCG,16,3707121
tolCp1,1.1875,33,15,TCAAGATCCAGGACGCATCT,18,3705930
tolCp1,0.625,24,15,TCAAAGGATTGCAGTGCTCC,9,3708900
tolCp1,0.6875,25,15,TATGTGCAGATGAACGTCAC,10,3674637
tolCp1,2.5625,55,15,TATGGTATCTCAACGTGCTT,40,3680857
tolCp1,1.5,38,15,TATCTCTCTTTTCTACGCCG,23,3706303
tolCp1,1.0,30,15,TATCCTATGCTTTCATGGAT,15,3685621
tolCp1,2.5625,55,15,TATAGTCTTGGTTCGATACT,40,3684233
tolCp1,4.25,82,15,TAGCGCTTGCCTCGAGAAAC,67,3697104
tolCp1,2.375,52,15,TACGTACAAAGCTTTGCGGA,37,3696556
tolCp1,1.25,34,15,TACGCCTAGATTGCATCGTA,19,3667021
tolCp1,0.75,26,15,TACCCTATGACAATCCTGCT,11,3662101
tolCp1,1.4375,37,15,TAAGCCTGAAGCAATTTGCC,22,3685733
tolCp1,0.9375,29,15,TAAAGGTTCGGGTTCCTCTT,14,3695310
tolCp1,1.1875,33,15,GTTCGATACTGCGTGTCTAT,18,3715035
tolCp1,0.75,26,15,GTTCCGGTGTCGCCAAGAGT,11,3664467
tolCp1,0.6875,25,15,GTGGGTTGCGCTCGATCGGG,10,3670463
tolCp1,0.4375,21,15,GTGGGGACCATGCCTTGGTT,6,3663184
tolCp1,4.4375,85,15,GTCTAATATTAATTCAGAGC,70,3671266
tolCp1,4.0,78,15,GTCGTCCCTACCGCATAGGA,63,3709200
tolCp1,1.5,38,15,GTCGGACCCGGGAACCCCGT,23,3673792
tolCp1,1.75,42,15,GTCGATCTGGGTCCGAGAAC,27,3708855
tolCp1,1.6875,41,15,GTACCCGTCCACTTATTCAA,26,3677627
tolCp1,0.25,18,15,GTAACACCCGATTTGTTATA,3,3665522
tolCp1,1.8125,43,15,GGTTGCACCTCTAGAAATGC,28,3692610
tolCp1,0.9375,29,15,GGTCCATTAACAGTGATGCG,14,3677798
tolCp1,1.0625,31,15,GGTCAAATAGCTGCGGTGAT,16,3667009
tolCp1,1.8125,43,15,GGTACGATAGTTACGACCGT,28,3714340
tolCp1,0.4375,21,15,GGGTCGAGGACTCGGTTCAC,6,3698567
tolCp1,4.0,78,15,GGGATACCGTTACGGGAGCT,63,3662715
tolCp1,0.75,26,15,GGCTGATTGCCAGCTTCTGT,11,3683736
tolCp1,0.125,16,15,GGCGCTCCACGAGGATATAT,1,3684490
tolCp1,3.875,76,15,GGCCGACAATCTTCAGCTTA,61,3690187
tolCp1,1.1875,33,15,GGCCGAAAGAGCTTTAGCAA,18,3690299
tolCp1,1.9375,45,15,GGCCCGTATTCAATACATTT,30,3687185
tolCp1,0.1875,17,15,GGCCAAATCGAAATAGGCGA,2,3698516
tolCp1,0.625,24,15,GGCATATATATCGCTGGTGC,9,3690119
tolCp1,1.5,38,15,GGCATAAAGGACACCGAGTA,23,3685337
tolCp1,3.125,64,15,GGATGGTGGTGAGTCCATCT,49,3678994
tolCp1,0.875,28,15,GGATAAGTTAGCACAGCTGT,13,3698771
tolCp1,4.375,84,15,GGAGCGGTGGCAGTATCCTG,69,3677505
tolCp1,0.125,16,15,GGAGATGTGCGGTTGCGGCC,1,3694233
tolCp1,0.5,22,15,GGACGCATGCGGCTATTAAT,7,3699607
tolCp1,1.5625,39,15,GGAATGTCTCTCCGTTAGGA,24,3700624
tolCp1,0.625,24,15,GGAAGCAGTAATGCAATGGG,9,3673266
tolCp1,1.875,44,15,GCTATTGGGGGAGCTTAGAT,29,3699974
tolCp1,2.0625,47,15,GCGTTGTTTAGAGTATGTTA,32,3670582
tolCp1,1.0625,31,15,GCGTTGAAATGATTTAACCA,16,3687004
tolCp1,2.0625,47,15,GCGTTCGATCCTAAACGGCC,32,3704250
tolCp1,1.25,34,15,GCGTTCATAATTACACCAGA,19,3680239
tolCp1,3.9375,77,15,GCGTATTGACCTCCTGGATT,62,3667734
tolCp1,0.1875,17,15,GCGGGCCTATTCACGGGATA,2,3704297
tolCp1,2.1875,49,15,GCGGCCCCGTGCGTGCCAGA,34,3680203
tolCp1,0.6875,25,15,GCGGCCACTGATGTTAGAGA,10,3688972
tolCp1,3.375,68,15,GCGCACCTTTAAAAGAAGAA,53,3674251
tolCp1,0.375,20,15,GCGATCTGGACGCTAGCTAT,5,3673393
tolCp1,0.75,26,15,GCGATAGTCTAGTGCAATAG,11,3670022
tolCp1,4.3125,83,15,GCGAGTTCCTTAGGTACACA,68,3702343
tolCp1,1.0625,31,15,GCCTAGTTGGCGTCTTCTTC,16,3663865
tolCp1,2.3125,51,15,GCCGGTTCGCACACTGCACT,36,3672281
tolCp1,1.0625,31,15,GCCAGTGAGATGCGCATCCA,16,3685141
tolCp1,1.375,36,15,GCCACCACCCTCTTTAAGTC,21,3702835
tolCp1,2.8125,59,15,GCAGTTCGGCTGACCTCTCG,44,3702965
tolCp1,1.0625,31,15,GCACTTGCTCCGACTGTCTA,16,3699775
tolCp1,1.0,30,15,GCACGACCTGTAGTACAAGA,15,3679594
tolCp1,0.6875,25,15,GCAATTGCTTGCAGGCAAGT,10,3666389
tolCp1,5.0,94,15,GATTGTTTGGATGAATCGTC,79,3671861
tolCp1,0.9375,29,15,GATTATAATAACGGTATCAT,14,3668498
tolCp1,1.0,30,15,GATCACGGTTCCCTAGGCCC,15,3699038
tolCp1,0.6875,25,15,GAGTGATATCAAACCAAGTA,10,3661572
tolCp1,3.125,64,15,GAGGATACGATTCATGTTCA,49,3698206
tolCp1,0.125,16,15,GAGCTTGATTTTTGCCGCAA,1,3678544
tolCp1,0.5,22,15,GACGTTTTCAATCGCCTCAG,7,3689605
tolCp1,1.125,32,15,GAATTAGGAGTGGTATCTTG,17,3704071
tolCp1,2.875,60,15,GAAGCGCTGGGTATTAGATG,45,3672533
tolCp1,7.0,126,15,GAACAGATAGTCTATTTTGT,111,3670566
tolCp1,1.5625,39,15,CTTTTCCAAAATTATCGTTC,24,3686254
tolCp1,0.4375,21,15,CTTTGTCGTTCCGAGTGCCA,6,3708894
tolCp1,1.125,32,15,CTTTAGTTGGGCAGGGCCAT,17,3680247
tolCp1,3.3125,67,15,CTTGACATTCCGAAGCACGT,52,3662418
tolCp1,1.0625,31,15,CTTATAACACTACAGATGCA,16,3697642
tolCp1,1.375,36,15,CTGTCTCTCTCGAGTACGCT,21,3706899
tolCp1,0.625,24,15,CTGTCCTATCTGTTAATCCC,9,3699949
tolCp1,0.375,20,15,CTGTCACACCATATTGGATG,5,3697506
tolCp1,1.5625,39,15,CTGTAATACCAGTTATTACT,24,3662098
tolCp1,2.125,48,15,CTGCGATCCCCAGGGCACCT,33,3692676
tolCp1,0.6875,25,15,CTGCGACTGGCCGGTTCCTT,10,3685944
tolCp1,0.4375,21,15,CTGCATACTCCAGACTTAGG,6,3681490
tolCp1,6.0,110,15,CTCTATATTCTGGTCCTTGG,95,3686078
tolCp1,0.9375,29,15,CTATGCTACGCTGTGGTTCT,14,3692057
tolCp1,0.875,28,15,CTATCTATCATCGAGTTTCG,13,3680586
tolCp1,22.1875,369,15,CTAGCAACTGCCTAAGAGGC,354,3700911
tolCp1,0.5625,23,15,CTACTGTTTCACAAAAATCA,8,3695551
tolCp1,1.875,44,15,CTAAGTGTAGATAACAGGAA,29,3673882
tolCp1,1.4375,37,15,CTAACAAAATACGCTTTTAC,22,3696621
tolCp1,0.6875,25,15,CGTGTATGGATCACGTTTTC,10,3704434
tolCp1,16.1875,273,15,CGTGGAGGTGCAGGTTACGC,258,3671006
tolCp1,1.25,34,15,CGTGGAAAGGTACCTACTTT,19,3667895
tolCp1,0.375,20,15,CGTCCCGTCGTCGATTTCAA,5,3677858
tolCp1,1.3125,35,15,CGGGTTCCCGTAGCTATATG,20,3684191
tolCp1,0.6875,25,15,CGGGCGATTCGACTTGGACC,10,3690411
tolCp1,1.375,36,15,CGGAAGAGGGCACATTGAGA,21,3662285
tolCp1,0.8125,27,15,CGCGGAGAGGGAGATCCGAG,12,3709071
tolCp1,1.0,30,15,CGCCTGGTACTGGCAAGGGA,15,3665850
tolCp1,0.5625,23,15,CGCCTCCACGATTCAACATG,8,3683078
tolCp1,1.25,34,15,CGCCGCGGCGGATCTGGCTA,19,3683260
tolCp1,0.5,22,15,CGCAGGCGAACGTTCACCCA,7,3689681
tolCp1,1.6875,41,15,CGATGGCAAGCCCAGGATTT,26,3671155
tolCp1,0.125,16,15,CGATCACCTCCCAAGAATAG,1,3685585
tolCp1,2.25,50,15,CGACTGGGCGTCATGTCACT,35,3670272
tolCp1,0.375,20,15,CCTTGTGTGTTTCGACATAG,5,3699875
tolCp1,3.9375,77,15,CCTTGGGCCACACTGTAGAT,62,3710318
tolCp1,0.875,28,15,CCTTATCCTGGGCATCAGTA,13,3696939
tolCp1,2.5625,55,15,CCTGAGAAGCAAGCTATTTG,40,3670324
tolCp1,0.6875,25,15,CCTCGGCGAATAGCTACATT,10,3685247
tolCp1,1.0,30,15,CCTACCACGACTTGAGTTCA,15,3680502
tolCp1,9.5,166,15,CCGCTGGGGCTCCGAGTCAA,151,3671255
tolCp1,4.625,88,15,CCGATGCCTCAGCGCACAAT,73,3696477
tolCp1,0.625,24,15,CCCTTTCAACCGTGGGAAAA,9,3702961
tolCp1,1.5625,39,15,CCCAGTGGGTTCGCGCGCAT,24,3700801
tolCp1,0.25,18,15,CCATTCTTGCGCCAGCACCC,3,3713927
tolCp1,4.125,80,15,CCAGTAGCATTACATGCAGC,65,3698194
tolCp1,0.5,22,15,CCAGAAAACATCTCGGTGTC,7,3695194
tolCp1,1.0625,31,15,CCACTGCGAGAGGTGCACGG,16,3673241
tolCp1,2.25,50,15,CCACCGGCTCATGTGCCTTC,35,3690147
tolCp1,0.9375,29,15,CCAAAAAGTTTAAGTTACGT,14,3682514
tolCp1,0.125,16,15,CATGGGTTGGGGTTAGTGAT,1,3673408
tolCp1,1.0625,31,15,CATCCGAATCTTAGACACTC,16,3668883
tolCp1,0.4375,21,15,CATAGTTCTTTGATAGTGGG,6,3673354
tolCp1,0.6875,25,15,CATACGTACCAGGTGCCCTG,10,3687186
tolCp1,1.0625,31,15,CAGGTGCTACGCGTACAACT,16,3704690
tolCp1,5.25,98,15,CAGCGCGCGACACCATGGGT,83,3695162
tolCp1,1.125,32,15,CAGCCCGGGGCGCTGAATAC,17,3693909
tolCp1,36.75,602,15,CAGCAAGTGCCTATGAGAAG,587,3675703
tolCp1,1.125,32,15,CAGACTCTATGAACCTCGCA,17,3703483
tolCp1,4.4375,85,15,CACCACTTGATAATGCCGAT,70,3708016
tolCp1,10.375,180,15,CACACGGAAAAACCCTGGAG,165,3661266
tolCp1,0.5625,23,15,CAATTAGGGGCAACAGTATT,8,3668614
tolCp1,0.6875,25,15,CAATCCTCTCTTATCACAGT,10,3689461
tolCp1,0.8125,27,15,CAAGTCAATCAGGAGTATGT,12,3687055
tolCp1,0.4375,21,15,ATGGGCGTATGTCTGGCCTG,6,3715104
tolCp1,1.125,32,15,ATGGCCGAGTCGTAGGTAGT,17,3681911
tolCp1,2.5,54,15,ATGAGCACCCATCAGGACCA,39,3701809
tolCp1,0.4375,21,15,ATGAAATTTCGGATTCAATA,6,3684004
tolCp1,2.1875,49,15,ATCGCCTTCGAGGCCACGGT,34,3711458
tolCp1,3.3125,67,15,ATCGCATAGTATTATGGCAA,52,3679147
tolCp1,0.3125,19,15,ATCATTTCTTTGGTGAATTA,4,3684791
tolCp1,3.8125,75,15,ATATTGTGATTCTCCTACGT,60,3695169
tolCp1,0.4375,21,15,ATATGCTTGTCTAAAAGTTA,6,3693838
tolCp1,0.625,24,15,ATATCGCTATTGTCACGCCT,9,3678126
tolCp1,0.75,26,15,ATAGTGCGTTTTTATAACGG,11,3695564
tolCp1,0.8125,27,15,ATAGCTCGGGTGTCTAGTGA,12,3697555
tolCp1,1.5,38,15,ATAGAGGTTTACGATTTTGG,23,3673943
tolCp1,0.125,16,15,AGTTGCGTAGCAGTCCTACC,1,3713855
tolCp1,1.0625,31,15,AGTCGCGGGATACCTCCTAA,16,3704935
tolCp1,1.25,34,15,AGTCATTGCGCCATCACGGA,19,3667812
tolCp1,0.5625,23,15,AGTCACATAGGGAGAGGTAG,8,3705832
tolCp1,2.0625,47,15,AGTACACTCAGTGCGGGCAA,32,3707454
tolCp1,1.0625,31,15,AGGTTAAACATGCCGAGGCT,16,3686101
tolCp1,1.0625,31,15,AGGTACATGGGACGGGTGGA,16,3687339
tolCp1,2.0,46,15,AGGGCTAGGTTCATCATCGA,31,3695693
tolCp1,3.25,66,15,AGGATAGCCATCGGCCCCAC,51,3677206
tolCp1,0.8125,27,15,AGGAAAATGGTGGACGCGTT,12,3698667
tolCp1,0.875,28,15,AGCACGGATACATTCGGTTC,13,3676442
tolCp1,3.0,62,15,AGATCCGTTGGTAGTGCATC,47,3691062
tolCp1,1.0625,31,15,AGAGAGGAGTATCCGTAGCA,16,3662272
tolCp1,1.25,34,15,AGACTTGCGCTACGGAAGTG,19,3702522
tolCp1,3.1875,65,15,AGACTTCGTCACCAGCCGCT,50,3703525
tolCp1,8.8125,155,15,AGACGATGTTAGTCCTAGCT,140,3709494
tolCp1,0.5625,23,15,AGAATTCTTAGTTCTAGCGT,8,3701910
tolCp1,0.9375,29,15,ACTTCGATCGAGCATGAGAA,14,3676013
tolCp1,10.8125,187,15,ACTTACACAGTGAAGGCAGA,172,3704366
tolCp1,0.875,28,15,ACTCGCAACGATTGTAACTC,13,3703316
tolCp1,0.3125,19,15,ACTCATACCCCCGCGGAATA,4,3682646
tolCp1,3.8125,75,15,ACTCACGTGGTGTTCACACT,60,3683044
tolCp1,2.0,46,15,ACGGAGCATACTGGAGCTGT,31,3710341
tolCp1,0.75,26,15,ACGCCATGTGGTTGATGGAA,11,3685549
tolCp1,0.75,26,15,ACCTGCGGAAATTAGACCAT,11,3667160
tolCp1,1.3125,35,15,ACCGGAAAATGGGCTCTGAG,20,3667861
tolCp1,1.5625,39,15,ACCGACTGAGAGCTAGGGCA,24,3662563
tolCp1,0.4375,21,15,ACCACGAGCCGGGAGGGCGG,6,3668531
tolCp1,6.4375,117,15,ACCACACACGCTGACTCAAG,102,3699496
tolCp1,1.5625,39,15,ACATGTGGGTGTCAACAGTT,24,3691350
tolCp1,1.4375,37,15,ACACCTACGCCCGTGGTCAG,22,3668768
tolCp1,1.125,32,15,ACACACCTATGTATGAGGTG,17,3675658
tolCp1,0.9375,29,15,AATTGATCGGGTACTAGGAT,14,3713025
tolCp1,1.25,34,15,AATGTCCCCTACAACTGGGG,19,3696872
tolCp1,16.375,276,15,AATCATGGGACTCACTTCAC,261,3683435
tolCp1,4.5625,87,15,AATAGGCAATTAACGGACTC,72,3661922
tolCp1,58.0625,943,15,AAGACAATCACTATTACAAT,928,3687901
tolCp1,5.625,104,15,AACTGGTGACGGAATCAGTT,89,3691820
tolCp1,1.375,36,15,AACTGGCGTGTCGTGGGCCA,21,3664234
tolCp1,2.3125,51,15,AACTCGTGGCGAAAACTTAG,36,3697974
tolCp1,0.375,20,15,AACGTGATGTCTAGTGCCAG,5,3671550
tolCp1,0.5,22,15,AACGATCTCCGAACCTGGTA,7,3688267
tolCp1,1.125,32,15,AAATGTTACGATGGCTGATA,17,3667599
tolCp1,0.375,20,15,AAATAGTCGTGAATAAGGTA,5,3668259
tolCp1,0.5,22,15,AAACTTGATTTACAAGAAGT,7,3667741
tolCp1,0.9375,29,15,AAACGGGGCCGAGCCAGAAA,14,3709155
tolCp1,0.125,16,15,AAAAGCGGTGCGAATTCCCA,1,3706270
tolCp1,1.4375,37,15,AAAAGAGGTAACCCAGAACG,22,3681949
tolCp1,0.8,25,14,TTTGTACGATAAACGCTTAC,11,3683940
tolCp1,1.6666666666666667,38,14,TTTCTAAGGTTTAGAAGCCA,24,3672454
tolCp1,0.13333333333333333,15,14,TTTACAGTGCGACAGGATAC,1,3682836
tolCp1,1.9333333333333333,42,14,TTGCGGACCTAAGCGCGCTA,28,3706062
tolCp1,1.2,31,14,TTGCGGAACACTTATGAATA,17,3668635
tolCp1,0.8,25,14,TTGAGACATCCCACGGTAAC,11,3714826
tolCp1,1.4,34,14,TTCTGTCCCGATCTTTATAT,20,3706844
tolCp1,9.866666666666667,161,14,TTCTAAGCCTTTACGACAAA,147,3664926
tolCp1,5.2,91,14,TTCGTACTGTTGCGACTGTC,77,3693544
tolCp1,26.466666666666665,410,14,TTCACGTTACACATGAAATG,396,3693997
tolCp1,2.2,46,14,TTATTCATCCGGAAAATAGT,32,3670378
tolCp1,4.333333333333333,78,14,TTACGGTGAAGTGTGGGGCA,64,3698850
tolCp1,1.2666666666666666,32,14,TTAAAAACTATAGAAAATTC,18,3692801
tolCp1,1.1333333333333333,30,14,TGTTTTGATCCTCGACCGTC,16,3667719
tolCp1,0.6,22,14,TGGATGGCGCTGGGCATAAT,8,3700784
tolCp1,0.7333333333333333,24,14,TGGATGGCATCGGGCGACAT,10,3665017
tolCp1,2.1333333333333333,45,14,TGGAGCTTTTCAGATCACCA,31,3682046
tolCp1,0.8666666666666667,26,14,TGGACTGCTTCGGTGTGTTC,12,3665692
tolCp1,0.4666666666666667,20,14,TGCGTATGTCTTGCTGCGGT,6,3666109
tolCp1,0.26666666666666666,17,14,TGATCATCCCTGGCATACGA,3,3691200
tolCp1,0.7333333333333333,24,14,TGAGCGGAACGGTACCTGTA,10,3673260
tolCp1,2.3333333333333335,48,14,TGAGAAGCGGTATGAGACGG,34,3680708
tolCp1,0.5333333333333333,21,14,TGACTCGCACACTCTCATTA,7,3694223
tolCp1,9.6,157,14,TGACGCCTCCTCCCCATCGA,143,3690675
tolCp1,0.6666666666666666,23,14,TCTTATCTGACCGTATCCAC,9,3704426
tolCp1,0.8,25,14,TCTGCCCAGCAGGGCTAACC,11,3668135
tolCp1,2.7333333333333334,54,14,TCTGATCTATACACTGTTAC,40,3671499
tolCp1,2.0,43,14,TCTGACGAATTGGTCGAGAA,29,3697651
tolCp1,1.1333333333333333,30,14,TCTCCCCTACAAGTGCAGGT,16,3686436
tolCp1,0.3333333333333333,18,14,TCTAACTTAGGTACTTTTGG,4,3703579
tolCp1,2.933333333333333,57,14,TCGCTCCGCTCCAATAGTAG,43,3700948
tolCp1,0.3333333333333333,18,14,TCCGTTCGTTGAAAAGTGGT,4,3691451
tolCp1,1.1333333333333333,30,14,TCCGAAGACGCCTACCTCGT,16,3711121
tolCp1,3.7333333333333334,69,14,TCCAGCACTAGCCGAATATA,55,3702020
tolCp1,13.2,211,14,TCCACGTGGAAGAAAAGACG,197,3700076
tolCp1,3.2666666666666666,62,14,TCCAAAAGAGTCAGGATTCG,48,3690470
tolCp1,0.8666666666666667,26,14,TCATCGGGCATACTGCCCCT,12,3664063
tolCp1,1.2666666666666666,32,14,TCACCGCAATGCATCCAGCC,18,3670956
tolCp1,0.2,16,14,TCACCCAGGCCGGGCACAAT,2,3693340
tolCp1,2.7333333333333334,54,14,TCAATCAGACCCGTCCAAAC,40,3687213
tolCp1,1.0,28,14,TCAAAGTAAATCGGTCTTGG,14,3689467
tolCp1,0.8,25,14,TATGGGTCATTGTCGTTCGG,11,3705284
tolCp1,0.7333333333333333,24,14,TATCTCCTTTTAGCGTGATA,10,3703180
tolCp1,0.6,22,14,TAGTCTAGACCGGGAAAGAT,8,3698235
tolCp1,0.3333333333333333,18,14,TAGTCGGAGACTTTGCGTGG,4,3668507
tolCp1,4.0,73,14,TAGGCAAGAGAACGTCCGTA,59,3684758
tolCp1,4.2,76,14,TAGCCCTCCTTGTTCGATCG,62,3682291
tolCp1,1.2666666666666666,32,14,TAGAGGCGGCCGGGACGGTA,18,3688866
tolCp1,0.13333333333333333,15,14,TAGACATTAGGTTGGAACCC,1,3692863
tolCp1,1.0666666666666667,29,14,TACTTGAGCCGTCGATTCTA,15,3666332
tolCp1,4.933333333333334,87,14,TACGTTCCCCGAACGTCTGT,73,3687579
tolCp1,0.6,22,14,TACAGTCTATGTACGTCCAT,8,3709674
tolCp1,1.0,28,14,TACACGAGTCACGACCATTG,14,3697184
tolCp1,0.4666666666666667,20,14,TAATACTGAGGTCAGCAACA,6,3683962
tolCp1,0.8666666666666667,26,14,TAAGGGTTCTATACAGAAGA,12,3691835
tolCp1,1.4,34,14,TAACCACGTCAAAAGTTCGA,20,3712933
tolCp1,0.13333333333333333,15,14,GTTGTGAACTGCGAGCGTAA,1,3693987
tolCp1,0.8,25,14,GTTGGGGAAATATTAGCGCG,11,3685860
tolCp1,0.8,25,14,GTTCTCTCCATCCAGAGTTA,11,3667674
tolCp1,0.13333333333333333,15,14,GTTCGATTGCCCATTCTCTT,1,3688569
tolCp1,0.3333333333333333,18,14,GTTCCGGTTACATGTGGCAG,4,3702806
tolCp1,2.6666666666666665,53,14,GTTATGTGGAGACGTACCTT,39,3696498
tolCp1,2.0,43,14,GTTATGGCCAATGGAACTGA,29,3704380
tolCp1,0.5333333333333333,21,14,GTGTTGGACCCATGACTGGG,7,3698764
tolCp1,0.4666666666666667,20,14,GTGGATTAGCTGGGGAGATA,6,3700170
tolCp1,1.2,31,14,GTCTGTTGCTTTCCGACGGA,17,3694696
tolCp1,0.6,22,14,GTCTATCTGCGAGTCTCGGC,8,3693719
tolCp1,3.6666666666666665,68,14,GTCGGGTCGCTTTGGTAGTT,54,3676707
tolCp1,1.3333333333333333,33,14,GTCAGGAATTACGCAGAAGA,19,3674755
tolCp1,16.533333333333335,261,14,GTACTTGGAGCTAGGATTGT,247,3661611
tolCp1,2.3333333333333335,48,14,GTAAGGGAGACATTATTAGT,34,3691559
tolCp1,3.7333333333333334,69,14,GGTTGCTCCCATAGTCAGTG,55,3681460
tolCp1,1.4666666666666666,35,14,GGTCTTATCCGATTGCGTCT,21,3702752
tolCp1,1.5333333333333334,36,14,GGTACGCTCGTGGGGCAGCT,22,3710312
tolCp1,1.3333333333333333,33,14,GGTACGCGTCTGCATCTTGA,19,3707827
tolCp1,3.466666666666667,65,14,GGGTACGGGTCTCTGACCTT,51,3708383
tolCp1,0.13333333333333333,15,14,GGGGTGCTTGAAATTCTCGG,1,3699220
tolCp1,1.1333333333333333,30,14,GGGGGTGCCTGCGCTTCCGG,16,3664407
tolCp1,4.666666666666667,83,14,GGGGAATAAAAGAGTAGTAA,69,3674325
tolCp1,0.3333333333333333,18,14,GGGATAACGGGTTAGAAAGT,4,3675297
tolCp1,5.133333333333334,90,14,GGGAGTCACTACCTTTACTG,76,3697578
tolCp1,1.4666666666666666,35,14,GGGACTCAGTCGAAATAACG,21,3674216
tolCp1,3.6,67,14,GGCGTTGGCACAAGCGCCAG,53,3709491
tolCp1,3.2,61,14,GGCGAATTTCACCACTCAAC,47,3684753
tolCp1,0.6666666666666666,23,14,GGCCCAGGCGAGTAGCCGTC,9,3693157
tolCp1,1.6666666666666667,38,14,GGATTCTGGATGTGTTACTA,24,3692116
tolCp1,2.4,49,14,GGAGGACGAGTTCCAGTGGG,35,3698659
tolCp1,0.6666666666666666,23,14,GGACGTGAACTTTTCGAAAA,9,3665595
tolCp1,5.933333333333334,102,14,GGACGAAGGTACTATGAACA,88,3676214
tolCp1,0.7333333333333333,24,14,GGAAGGCCACTTATTAAACT,10,3698776
tolCp1,0.6,22,14,GCTTTAGATGACTTTCCGCA,8,3663972
tolCp1,1.9333333333333333,42,14,GCTTCCTGAGGGCCGCGCTA,28,3676349
tolCp1,1.4,34,14,GCTCGTAGCGCACAAGTGCA,20,3704172
tolCp1,2.2,46,14,GCGTGTTGGGCATGGTTCAA,32,3679640
tolCp1,0.6,22,14,GCGTGACTATTTGGATTTAT,8,3690862
tolCp1,1.3333333333333333,33,14,GCGCCGTAAAGCCCCGGTAG,19,3667693
tolCp1,4.8,85,14,GCGATGGTGATACTGCAACA,71,3679988
tolCp1,0.8666666666666667,26,14,GCGATATTGAGGGAGTTATT,12,3684152
tolCp1,1.4,34,14,GCGACGCACATCGTCAGAGC,20,3688753
tolCp1,2.1333333333333333,45,14,GCCTCAATGGGTTCGGGACA,31,3677665
tolCp1,12.666666666666666,203,14,GCCTACTCGGCCAGGCCCTA,189,3666140
tolCp1,3.2666666666666666,62,14,GCCTACGATGTTAATGCTTC,48,3664120
tolCp1,2.8666666666666667,56,14,GCCTACCGCACAAGTAAAAT,42,3684496
tolCp1,0.6,22,14,GCCAGGGGGGCTAAATTCGT,8,3709331
tolCp1,0.6666666666666666,23,14,GCCACACGTGTACTGGTGGG,9,3704696
tolCp1,3.066666666666667,59,14,GCATCCTTCAGGGATTCACT,45,3686913
tolCp1,2.6,52,14,GCACCCATGGGGTGGATCAA,38,3713998
tolCp1,0.8,25,14,GCACATAGGAGATATCAAAC,11,3690210
tolCp1,0.5333333333333333,21,14,GATAAAAACTGTGGTGGTAC,7,3697922
tolCp1,1.2,31,14,GAGTTCGCTCATGCACTCGC,17,3676063
tolCp1,6.6,112,14,GAGATGTTGTGTTCGCGCAA,98,3689773
tolCp1,1.2,31,14,GACTTCACCGGGCTGCGATT,17,3675317
tolCp1,3.066666666666667,59,14,GACCTTTTAGCTCGAGTAAG,45,3662655
tolCp1,2.0,43,14,GACAATGAATCCCAAATCGT,29,3700837
tolCp1,1.2666666666666666,32,14,GAAGTTGGTTTGTTTGGAAT,18,3696043
tolCp1,2.4,49,14,GAAGGGGTTCTGAAGATTGA,35,3710493
tolCp1,1.6,37,14,GAACTGGCGTCCACAGTAGT,23,3691223
tolCp1,0.3333333333333333,18,14,GAAATATGTTTAGTTTCGGT,4,3699916
tolCp1,2.8,55,14,GAAACAACGGACGCCCGGAA,41,3682850
tolCp1,16.066666666666666,254,14,CTTTGTTTTACCTGGGGCAA,240,3702893
tolCp1,2.8666666666666667,56,14,CTTTGTAAACGGTAACATTT,42,3687554
tolCp1,1.2666666666666666,32,14,CTTTGCGCTCGAAATAGGAT,18,3695308
tolCp1,0.3333333333333333,18,14,CTTTCTTCCTTGGGGTGAAA,4,3669899
tolCp1,3.6,67,14,CTTTCAGTCTGCTGGCGCAT,53,3670843
tolCp1,2.0,43,14,CTTAGTCCTTAAGGTCACAA,29,3680589
tolCp1,2.1333333333333333,45,14,CTGTTGGCTAACGAAACCCA,31,3706532
tolCp1,2.6666666666666665,53,14,CTGTCTATTCATGGGATGGA,39,3712482
tolCp1,0.13333333333333333,15,14,CTGATTCGTTATATGGTGTC,1,3678835
tolCp1,1.0666666666666667,29,14,CTGATCCCACAGTGGCTTTC,15,3706992
tolCp1,1.8,40,14,CTCTGACTAGCCCTCAGCTT,26,3674902
tolCp1,1.3333333333333333,33,14,CTCGGGCGACCCCTTACTCA,19,3705753
tolCp1,1.0,28,14,CTCGCTTTTCCAGCGACATG,14,3688026
tolCp1,0.4666666666666667,20,14,CTCCTCCAACTCCGAACTCT,6,3683581
tolCp1,1.6,37,14,CTCATGCTACCGGGGTTGGG,23,3686996
tolCp1,1.2,31,14,CTACTGTGGGGCGCTTTCAG,17,3691999
tolCp1,2.1333333333333333,45,14,CTAAGACACTTCATGGAAGG,31,3665417
tolCp1,0.5333333333333333,21,14,CGTGCTTATCGGCCTCTACT,7,3672802
tolCp1,0.4,19,14,CGGTCTGCACTATCAGTGAA,5,3663100
tolCp1,0.13333333333333333,15,14,CGGTCCAACTTAAGCCAGGA,1,3701152
tolCp1,1.6666666666666667,38,14,CGGGATATGCAGTCGGGTAG,24,3708189
tolCp1,1.4,34,14,CGGGATACCATTTATATTCG,20,3688214
tolCp1,1.6,37,14,CGGGAACCAAGAGAAGTAAA,23,3666967
tolCp1,0.8666666666666667,26,14,CGGCTGTGAGGGGCGAACAA,12,3696523
tolCp1,2.1333333333333333,45,14,CGGCCGATCGGGGTCGCTTA,31,3675140
tolCp1,1.0666666666666667,29,14,CGCCGGAACTAGCCCGGGTA,15,3673740
tolCp1,0.13333333333333333,15,14,CGCCCGCGCAATGGGGCCTC,1,3669027
tolCp1,15.133333333333333,240,14,CGCAAGCGGTTAGGCCGCGA,226,3674056
tolCp1,0.9333333333333333,27,14,CGCAAGAGACGGGCGTCGGT,13,3674876
tolCp1,0.8,25,14,CGATGCACGATCCCTAGGGA,11,3705851
tolCp1,2.2666666666666666,47,14,CGAGGGTATGGTGAGGCCTC,33,3661825
tolCp1,2.2666666666666666,47,14,CGACTCTCATATAGAAGCCG,33,3704394
tolCp1,1.0666666666666667,29,14,CGACGGATGGGCTTAAGGTG,15,3667064
tolCp1,13.066666666666666,209,14,CGACAGGGATGATCTATGAA,195,3669794
tolCp1,0.9333333333333333,27,14,CGAAGCGGCGTCGCTATGAA,13,3691269
tolCp1,0.8666666666666667,26,14,CGAAGAGCACGCTACAGGCT,12,3663739
tolCp1,0.26666666666666666,17,14,CCGTGATGGGCAGTATTTCC,3,3695913
tolCp1,3.2666666666666666,62,14,CCGCCGATCGGCATCACGCT,48,3683665
tolCp1,4.533333333333333,81,14,CCGATATACTATTCTGCGAC,67,3710013
tolCp1,1.8,40,14,CCGAGTGCTCTAATATTACG,26,3692992
tolCp1,4.733333333333333,84,14,CCGAGCTATGCGCTTTCGGC,70,3680849
tolCp1,2.1333333333333333,45,14,CCCTCTGGAGTTCATCTAAA,31,3687594
tolCp1,2.3333333333333335,48,14,CCCGGACGACTGTGATAGAG,34,3682816
tolCp1,1.2,31,14,CCAGTGCTAACAAACCGCGG,17,3688927
tolCp1,1.4666666666666666,35,14,CCACTCTGGCTTCGCAGCCT,21,3700950
tolCp1,2.1333333333333333,45,14,CCAATTGAACAGGGTCTCCA,31,3704978
tolCp1,0.13333333333333333,15,14,CCAAGAGACGAAGGCTGAAT,1,3685911
tolCp1,0.4,19,14,CATGAACAGGAAGGCGCTAG,5,3681366
tolCp1,1.4666666666666666,35,14,CATCTGAAACGTGGTGTGGT,21,3709269
tolCp1,3.6666666666666665,68,14,CATCCTACGCCAGCCGGTAC,54,3704934
tolCp1,1.2,31,14,CATCACAGAGCTAAGGCCTG,17,3704195
tolCp1,0.6,22,14,CATATGCAGACTCCAGCATT,8,3679182
tolCp1,1.9333333333333333,42,14,CATAACGAAGTCCCATGGAT,28,3706329
tolCp1,2.066666666666667,44,14,CAGTATCCAACTACATAGGT,30,3698739
tolCp1,1.8666666666666667,41,14,CAGTAATGGCTTGCCCGACC,27,3698916
tolCp1,9.0,148,14,CAGGGACTTTATCGCGGATG,134,3711034
tolCp1,5.266666666666667,92,14,CAGCCGATGGAAGGTGGAAT,78,3691927
tolCp1,0.6666666666666666,23,14,CAGATACATTGCCCAAGTTA,9,3674499
tolCp1,0.6666666666666666,23,14,CAGAACACTGACAGAAAGCA,9,3693898
tolCp1,1.4666666666666666,35,14,CACTGGCCAGACTTCTGTAG,21,3691415
tolCp1,2.1333333333333333,45,14,CACGGGACTCAACGCATCCA,31,3678750
tolCp1,2.7333333333333334,54,14,CACCAATGCAGTGTTTCGAT,40,3683969
tolCp1,0.8666666666666667,26,14,CAATGCTCTAACTTCCGTGT,12,3680194
tolCp1,1.2,31,14,CAATCTTGGTAGGAGGGGTT,17,3668944
tolCp1,2.466666666666667,50,14,CAAGTACACCCGGTCTGTGT,36,3693587
tolCp1,0.6,22,14,CAAGGGACTCGCGGCTAAAG,8,3669971
tolCp1,1.7333333333333334,39,14,CAAGCTTGACCGCGGCGAAA,25,3679742
tolCp1,0.7333333333333333,24,14,CAAGCTACGCGGGCGGCATG,10,3673207
tolCp1,0.6,22,14,CAACGCCAGTTTTGAGATAC,8,3692701
tolCp1,0.4666666666666667,20,14,CAACCTCGGTGATTTAATTC,6,3672943
tolCp1,0.5333333333333333,21,14,ATTCGGTTGTCGGAACCTAT,7,3684056
tolCp1,1.6,37,14,ATTCATTAGTCCCGTTCAGA,23,3677152
tolCp1,0.7333333333333333,24,14,ATGTCCTCCATACAGAACGT,10,3677468
tolCp1,0.2,16,14,ATGCGGGTCAGTTCCAACAA,2,3678452
tolCp1,4.133333333333334,75,14,ATGCACGGCTTGGGAATGAT,61,3695619
tolCp1,1.9333333333333333,42,14,ATCGTGAATGGCGCACATCT,28,3694842
tolCp1,3.2,61,14,ATCGGCTATAAAATTCCTTG,47,3674328
tolCp1,0.8666666666666667,26,14,ATCCTCCTAGGGGCGGGCCA,12,3663534
tolCp1,0.8666666666666667,26,14,ATCACCTTTAACCCAAACAA,12,3708103
tolCp1,0.5333333333333333,21,14,ATCACCCAGGCAGGAAAGGC,7,3675255
tolCp1,0.8666666666666667,26,14,ATCAAACCCCTGAATATGTT,12,3693712
tolCp1,4.533333333333333,81,14,ATATGACGTGTGGTTTTAGA,67,3662078
tolCp1,5.266666666666667,92,14,ATACGGCTTGTTTAGGTTAT,78,3674279
tolCp1,1.8666666666666667,41,14,ATACAGGGCTTTTACGCCGA,27,3683134
tolCp1,1.7333333333333334,39,14,ATAATCCGCCGTAGGAGATA,25,3700737
tolCp1,2.533333333333333,51,14,ATAACGAGTCCACGTTTCGG,37,3669243
tolCp1,1.4666666666666666,35,14,ATAACATAGGACTTACTTTT,21,3681494
tolCp1,1.4,34,14,ATAAAAACGTGGTTACTATG,20,3691758
tolCp1,1.6666666666666667,38,14,AGTGTGCGGGGAATGAAAGT,24,3675679
tolCp1,3.8666666666666667,71,14,AGTGCGTGCCGGGTTTAAGC,57,3684763
tolCp1,0.8,25,14,AGTCTTTGGGTATCAGGGCT,11,3697512
tolCp1,0.13333333333333333,15,14,AGTCAGGGGGCATTACGTGG,1,3693450
tolCp1,2.466666666666667,50,14,AGTAGTAGTTGTAGTTAGAA,36,3694992
tolCp1,1.4666666666666666,35,14,AGGTACGTCGCAATACATAA,21,3674304
tolCp1,2.466666666666667,50,14,AGGGCCACAGCCGCGGCTCC,36,3662456
tolCp1,8.266666666666667,137,14,AGGGATCTCGAGTCCTGAAT,123,3694052
tolCp1,5.266666666666667,92,14,AGCTAGTTCTGCTTATGGCC,78,3664918
tolCp1,0.13333333333333333,15,14,AGCGGGCTAATCGTCCAAAG,1,3704330
tolCp1,0.8,25,14,AGACAACTACTAGAGAAATG,11,3703394
tolCp1,5.733333333333333,99,14,AGAATCATATTGAACAGTCT,85,3666190
tolCp1,0.13333333333333333,15,14,ACTTGGGATAGGGGGGGATA,1,3687688
tolCp1,5.666666666666667,98,14,ACTGCGCGGTCCGGGAGCTC,84,3679290
tolCp1,0.9333333333333333,27,14,ACTCGGTGGTGTGAAGCTAG,13,3661682
tolCp1,0.4,19,14,ACTCCACAAGTCCGTTCCGT,5,3681999
tolCp1,1.2666666666666666,32,14,ACTATGTATAATCTTATCTG,18,3702224
tolCp1,10.133333333333333,165,14,ACTATGGGGCCTTTTTTACT,151,3681445
tolCp1,0.5333333333333333,21,14,ACGGGTATCTGGCTCTTATA,7,3662149
tolCp1,2.8666666666666667,56,14,ACGGCTCTTCACGTAGCATA,42,3669402
tolCp1,2.466666666666667,50,14,ACCTGCGTACTACCAGAGGC,36,3705764
tolCp1,4.2,76,14,ACCTCCTGTGAGCATTCTAA,62,3686759
tolCp1,1.6,37,14,ACCAGTAAATTCTCAGCGAC,23,3679645
tolCp1,0.2,16,14,ACCACTTAATAACTTGAGAT,2,3705031
tolCp1,1.5333333333333334,36,14,ACCACGCCAGCAGTGAAGAT,22,3697904
tolCp1,0.4,19,14,ACACAGATTCCTTGCCTTAT,5,3702040
tolCp1,0.4,19,14,ACAACTGGCGAAGAGCTCAC,5,3664588
tolCp1,0.26666666666666666,17,14,AATTGTGGGTACGAAGGCCG,3,3669476
tolCp1,2.8666666666666667,56,14,AATTGTGAACGATTGGCGGG,42,3685915
tolCp1,0.6666666666666666,23,14,AATGTGTGTCCTGTCCCCAT,9,3661509
tolCp1,15.133333333333333,240,14,AATCTGATATAACCACTGAT,226,3682484
tolCp1,3.2666666666666666,62,14,AATCTCTAAAGCCTGACATG,48,3692658
tolCp1,5.2,91,14,AAGTACCCTGCCGGAGGGCT,77,3685302
tolCp1,1.9333333333333333,42,14,AAGGTAGACTGTCTTGTTGT,28,3667915
tolCp1,1.0,28,14,AAGGCGGCGTATATGATAGA,14,3666885
tolCp1,1.0,28,14,AAGCCCCGTAGCTTCTTCTT,14,3667220
tolCp1,2.7333333333333334,54,14,AAGAGACTAATCGTGCCGAG,40,3708136
tolCp1,1.4,34,14,AAGAAGGAAAAACCCTGGTA,20,3700638
tolCp1,0.8,25,14,AACCGTGCGACGGCCGAGCT,11,3692815
tolCp1,1.0666666666666667,29,14,AACAGATGGCTTGTACCGAT,15,3696378
tolCp1,2.3333333333333335,48,14,AAATTAGTACCCTACAAACC,34,3684908
tolCp1,1.6666666666666667,38,14,AAATATTGTCACCCAATGCT,24,3700352
tolCp1,0.4,19,14,AAAGGCCGATTCCACACTCA,5,3663805
tolCp1,2.533333333333333,51,14,AAACAGGACCGTGGCTGAAT,37,3667468
tolCp1,0.4666666666666667,20,14,AAAACCTGGGCGGGCGTTGC,6,3695521
tolCp1,3.357142857142857,59,13,TTTTCTTGGGTGTGCGGATT,46,3706841
tolCp1,0.14285714285714285,14,13,TTTGGTTAGGGGTATCGGCT,1,3679312
tolCp1,1.5714285714285714,34,13,TTTGGCGGGCGCGATTTATT,21,3682235
tolCp1,3.142857142857143,56,13,TTTGATCTTGGGATTGCGCG,43,3679753
tolCp1,0.5714285714285714,20,13,TTTGACTACTGCCCCAGCCA,7,3675343
tolCp1,1.5,33,13,TTTATTTACTCTGCATGTCT,20,3669712
tolCp1,1.1428571428571428,28,13,TTTATACTACCGTACTTAGA,15,3677912
tolCp1,0.6428571428571429,21,13,TTTAGGCTCTGCGTATCAAC,8,3704584
tolCp1,1.4285714285714286,32,13,TTGTACGGGAATGAATTGTC,19,3701932
tolCp1,6.0,96,13,TTGTAAAAGCGAGCGTATTA,83,3691110
tolCp1,0.5,19,13,TTGGAGGCCCCTTGAGTGTG,6,3710494
tolCp1,1.4285714285714286,32,13,TTGCTTTAAAAGTAAGTGTA,19,3678481
tolCp1,0.7857142857142857,23,13,TTGATAGGCTCATCGGTAGC,10,3682683
tolCp1,2.7857142857142856,51,13,TTGAGATACTGCGTCGCCAA,38,3711370
tolCp1,1.0714285714285714,27,13,TTGAAATCTACTCTAGGGGG,14,3693813
tolCp1,1.1428571428571428,28,13,TTCGTACACGTTCCCAGCAG,15,3696769
tolCp1,2.857142857142857,52,13,TTCGACACGACAAAAAAATA,39,3667343
tolCp1,1.2142857142857142,29,13,TTCCGGCCTGAAGGCCGAAA,16,3679989
tolCp1,4.142857142857143,70,13,TTCATGCCTTTGATCTCCGA,57,3704591
tolCp1,1.7142857142857142,36,13,TTAAGCATCTAGTACGGCTG,23,3690725
tolCp1,2.0714285714285716,41,13,TTAAATTATACTCAATCAGT,28,3678837
tolCp1,4.071428571428571,69,13,TGTTTTTAGGATTCAGCTGC,56,3671519
tolCp1,1.2142857142857142,29,13,TGTCGTGACACTGCGGAGTG,16,3680629
tolCp1,2.2857142857142856,44,13,TGTATGTTGGTCAACCGGGG,31,3674660
tolCp1,0.5714285714285714,20,13,TGTAGGCAAATTAAGCGGCC,7,3685303
tolCp1,0.7142857142857143,22,13,TGTAGCTGGCGGAAAGCTGT,9,3661378
tolCp1,1.3571428571428572,31,13,TGGTCACGATTTTAGATCCC,18,3661438
tolCp1,1.5714285714285714,34,13,TGGTCAACGAATTCAGTTGG,21,3701106
tolCp1,7.285714285714286,114,13,TGGGTATCGTAAGGACTCGG,101,3700782
tolCp1,1.2142857142857142,29,13,TGGATGAGTGTGCCTTTTCT,16,3678121
tolCp1,3.2142857142857144,57,13,TGCTTCAGTAAGGTGTTTAT,44,3686585
tolCp1,7.571428571428571,118,13,TGCTCGCGAGTCAAAACGTA,105,3695665
tolCp1,1.2857142857142858,30,13,TGCGGTAAGCCAGAACTCTT,17,3687313
tolCp1,1.6428571428571428,35,13,TGCGATTCTGTTAGCGACTT,22,3667330
tolCp1,1.6428571428571428,35,13,TGCCACACAACTGGCCGAAA,22,3705431
tolCp1,0.6428571428571429,21,13,TGCACGAGTAACCCATCCCC,8,3689164
tolCp1,6.142857142857143,98,13,TGATGGACTGAGTGGCTTAC,85,3671495
tolCp1,0.6428571428571429,21,13,TGATGATTGACGCTCCATAG,8,3696374
tolCp1,1.0714285714285714,27,13,TGAGTATTTCAGTTACACTT,14,3688150
tolCp1,1.4285714285714286,32,13,TGAGCTCATGTGTAACCAGC,19,3696834
tolCp1,2.0,40,13,TGACTCTTTTAGAGTAGTTC,27,3680108
tolCp1,1.4285714285714286,32,13,TGACCGGTAAAGGAAGTGGA,19,3691452
tolCp1,0.5714285714285714,20,13,TCTGAACACAATGTTACCCA,7,3685536
tolCp1,1.1428571428571428,28,13,TCGCGGCCGCGACAGAAAAC,15,3681578
tolCp1,16.5,243,13,TCCGGCGCTCCGCTGTCTGA,230,3688805
tolCp1,2.2857142857142856,44,13,TCCGCCGTTATAGAGCCTCC,31,3703990
tolCp1,5.857142857142857,94,13,TCCGAATAACTACGGAAGCA,81,3690691
tolCp1,1.7857142857142858,37,13,TCCGAACACTACTACGCGTA,24,3704051
tolCp1,0.6428571428571429,21,13,TCCCTACGGGCACGGCCTAC,8,3681163
tolCp1,3.2857142857142856,58,13,TCAGCCCGCGGGTGACGTAT,45,3673298
tolCp1,6.928571428571429,109,13,TATCTTGAGCCAGTTGAAGT,96,3703216
tolCp1,2.642857142857143,49,13,TATCCTCCCTGAGGAAAGGT,36,3705913
tolCp1,3.142857142857143,56,13,TATAGTCCCGAGTCACTTTG,43,3708615
tolCp1,2.4285714285714284,46,13,TAGGTTATGAGCAAGTGGCT,33,3664524
tolCp1,0.9285714285714286,25,13,TAGGTTATCAACGCCTGAAA,12,3705563
tolCp1,0.2857142857142857,16,13,TAGGAACTGAGTGAGCAAAG,3,3678258
tolCp1,2.5714285714285716,48,13,TAGCTATCGGCGTGTAATAA,35,3661651
tolCp1,2.0,40,13,TAGACGGCCCGGCCCAGCAG,27,3666274
tolCp1,25.214285714285715,365,13,TACGCTTTCAACACGATACA,352,3672834
tolCp1,0.6428571428571429,21,13,TACGATACCTTGTGAATACA,8,3674591
tolCp1,1.5,33,13,TACCTAGAAACCCCCCCAAA,20,3681621
tolCp1,0.9285714285714286,25,13,TACAAGGCCAACCGCGATCT,12,3714756
tolCp1,1.2142857142857142,29,13,TAATTTGATCCTGGCAGGGT,16,3688307
tolCp1,1.0,26,13,TAAGCCCGGACACAAATTAG,13,3708687
tolCp1,1.9285714285714286,39,13,TAACCTTGGATTAAGCAGAC,26,3705033
tolCp1,2.2857142857142856,44,13,TAAAGTAGGTGCGGGTATTA,31,3665450
tolCp1,6.214285714285714,99,13,TAAAGCTGAATCTATCATCC,86,3705879
tolCp1,0.8571428571428571,24,13,GTTTGAAAGAAATCACGCAT,11,3695016
tolCp1,2.357142857142857,45,13,GTTGGGGTGGGACATCATGC,32,3671259
tolCp1,3.4285714285714284,60,13,GTTGCACAGCGAGGACCTTT,47,3712497
tolCp1,1.0,26,13,GTGTTCATAATCAAGCCTCT,13,3692084
tolCp1,9.785714285714286,149,13,GTGGTGGGGATCTCGCGTTC,136,3700907
tolCp1,1.2142857142857142,29,13,GTGCTGATTCCTGGAAAGGC,16,3668183
tolCp1,9.0,138,13,GTGATTAAGGGGAACGAGCA,125,3712095
tolCp1,3.5714285714285716,62,13,GTCTGACTGTGTCGTCTGTT,49,3677630
tolCp1,1.3571428571428572,31,13,GTCGCCCGGAAAGCCACGTG,18,3693956
tolCp1,0.2857142857142857,16,13,GTCCTTCAATTTCTACGTGA,3,3706275
tolCp1,2.4285714285714284,46,13,GTCCTCCTAAACGGGACACT,33,3665964
tolCp1,0.9285714285714286,25,13,GTCCTAACTTGGCATAACCT,12,3687478
tolCp1,6.0,96,13,GTCAACCAAGGTATGCCAGA,83,3684910
tolCp1,0.8571428571428571,24,13,GTACGTCGCAATGATTACCC,11,3713668
tolCp1,2.4285714285714284,46,13,GTACCTCCGAATACTCAGAG,33,3676368
tolCp1,0.42857142857142855,18,13,GGGTCTTGGCAATGCGACGT,5,3713243
tolCp1,0.5,19,13,GGGTCACTTCGTGATTTGGA,6,3681004
tolCp1,1.1428571428571428,28,13,GGGTAGCACACCACTTTGTT,15,3675395
tolCp1,0.7142857142857143,22,13,GGGTACGACGGGTCGTCAAC,9,3662311
tolCp1,1.6428571428571428,35,13,GGGGGGACCGCAGCTCTGAT,22,3677624
tolCp1,5.285714285714286,86,13,GGCGCCGTCTAGGTTATGCT,73,3686168
tolCp1,1.5,33,13,GGCCGTTTGAGGATTCTCAT,20,3694713
tolCp1,5.357142857142857,87,13,GGCCGCCCACAGGCTCGCGC,74,3663910
tolCp1,2.2142857142857144,43,13,GGCCATTCTAGACGTACGTG,30,3695260
tolCp1,0.8571428571428571,24,13,GGCAGGGGTAATTCGTGTAA,11,3695705
tolCp1,1.7857142857142858,37,13,GGCACGTTTAGAATTCTACT,24,3689577
tolCp1,1.1428571428571428,28,13,GGATGTGGAATAGAGGAGCC,15,3700800
tolCp1,0.21428571428571427,15,13,GGATGAGGCGTGTATGTTTT,2,3712541
tolCp1,1.7857142857142858,37,13,GCTTCTATCTTGTCTGGGGT,24,3698443
tolCp1,2.9285714285714284,53,13,GCTGGGCACATTCATTCGGA,40,3692661
tolCp1,1.0714285714285714,27,13,GCTGAGCCTGGGAAATAGGC,14,3672288
tolCp1,0.7142857142857143,22,13,GCTCTCGGTTATGGGGGAAC,9,3694488
tolCp1,1.7142857142857142,36,13,GCGTTGACAGAGCCTTCGAT,23,3689051
tolCp1,2.5,47,13,GCGGTTCGCAGCGATTGTCT,34,3691410
tolCp1,0.9285714285714286,25,13,GCGCTCTTAACGAGAGCTTG,12,3702338
tolCp1,1.7857142857142858,37,13,GCGCGAGTTGCGGAGACCTG,24,3697409
tolCp1,4.714285714285714,78,13,GCCTATGGACTATAGCGGGG,65,3671860
tolCp1,0.14285714285714285,14,13,GCCGGCTTTAGAAACGTTCA,1,3708425
tolCp1,2.7142857142857144,50,13,GCCATGAGCATTGATCACTG,37,3711169
tolCp1,1.7142857142857142,36,13,GCCAACAAGGGAAGATATGG,23,3710123
tolCp1,16.785714285714285,247,13,GCATTCCGTGGCTGGTATTT,234,3666463
tolCp1,2.5,47,13,GCACGAGGGTTTCTGAGATA,34,3694720
tolCp1,0.7857142857142857,23,13,GCAAGGGTTTCGTTGACTTC,10,3687833
tolCp1,2.5,47,13,GATTCTCCAGAACGGGATGT,34,3661429
tolCp1,4.214285714285714,71,13,GATCAGGAAACGTGCTCGAC,58,3684767
tolCp1,2.7142857142857144,50,13,GATAATAGGGTTGATTAAGG,37,3662913
tolCp1,0.21428571428571427,15,13,GAGGTTAGGGATTGCCTTGT,2,3680180
tolCp1,1.3571428571428572,31,13,GAGGTGTGCCGTCAAAAAAC,18,3678345
tolCp1,1.0714285714285714,27,13,GAGGGATTCCTCTCCCGCTG,14,3710113
tolCp1,6.642857142857143,105,13,GAGGCAGACCGAACTGGTGT,92,3691577
tolCp1,1.5,33,13,GAGACCACCGTGGGTTATTA,20,3667311
tolCp1,1.8571428571428572,38,13,GACGATCTTCCTCGGAGTAT,25,3686411
tolCp1,2.4285714285714284,46,13,GACGACGGAAACCACTCCCA,33,3673526
tolCp1,3.4285714285714284,60,13,GACAACACACTGATGGCAGA,47,3709413
tolCp1,2.7857142857142856,51,13,GAATAAGCACTTGGGGGACG,38,3666796
tolCp1,0.8571428571428571,24,13,GAACGGTTGGCCGGATGAAC,11,3695388
tolCp1,1.7857142857142858,37,13,GAACATGGAATTCGAGGTTC,24,3664159
tolCp1,2.0714285714285716,41,13,GAAATCTGGTGACCGAATCA,28,3694460
tolCp1,17.785714285714285,261,13,CTTGGTTATCGCTTACTCGG,248,3688107
tolCp1,0.7857142857142857,23,13,CTTCAAGAAACCAAGTCTTG,10,3675244
tolCp1,0.5714285714285714,20,13,CTGGCTTGGCTGATTCACAC,7,3705904
tolCp1,0.14285714285714285,14,13,CTGGACAATGGAATCAACTT,1,3708324
tolCp1,2.0,40,13,CTGCGGACAATTAGCGACAG,27,3683357
tolCp1,1.2857142857142858,30,13,CTGAGTTCTTTTTCGTTGTT,17,3668134
tolCp1,1.2857142857142858,30,13,CTCTAGAGACCCTTCGGTAT,17,3695968
tolCp1,2.2857142857142856,44,13,CTCGGTCAGGTCAAGCAACC,31,3684244
tolCp1,1.2142857142857142,29,13,CTCGAAGGGAGAGCATGTTG,16,3711921
tolCp1,5.357142857142857,87,13,CTCCTCGATAGCGACAGTTA,74,3663299
tolCp1,1.2142857142857142,29,13,CTCCCGTGTTGTAAACGACA,16,3701363
tolCp1,1.4285714285714286,32,13,CTATTGGCCAGATTACAACG,19,3665689
tolCp1,1.0,26,13,CTACGGGTCGTCCTAATCAT,13,3664747
tolCp1,1.7142857142857142,36,13,CTACCGTTTGAACGCGGTTG,23,3693403
tolCp1,0.6428571428571429,21,13,CTAACCCGGCGGTATATCTT,8,3711085
tolCp1,2.0,40,13,CTAAACTCACATCAATTCGG,27,3664786
tolCp1,0.7142857142857143,22,13,CGTTAACAGGAGTCGGGCCT,9,3687408
tolCp1,3.2857142857142856,58,13,CGTCTCGGAGAGAGCGTATC,45,3678695
tolCp1,2.0714285714285716,41,13,CGTAGTCGTAATGCAAAACA,28,3669961
tolCp1,1.2142857142857142,29,13,CGTAGCCCATCTAAGATCCA,16,3696851
tolCp1,4.5,75,13,CGTACCCAACCAGCAGCGCG,62,3666060
tolCp1,1.7857142857142858,37,13,CGTACACTAACCACGGGGAA,24,3688348
tolCp1,5.785714285714286,93,13,CGGGCTCTATGTGCACGGCG,80,3665096
tolCp1,0.7857142857142857,23,13,CGGGCAGGTGGCACAGTTTT,10,3695148
tolCp1,0.9285714285714286,25,13,CGGGAGTAAAGAAGAAACAC,12,3681214
tolCp1,0.6428571428571429,21,13,CGGCAGGCACCCGATTAACG,8,3667856
tolCp1,2.5,47,13,CGCTCTGGTAGCAGACGTCT,34,3687679
tolCp1,0.5714285714285714,20,13,CGCGTAAAATACACAGGATC,7,3670751
tolCp1,1.2857142857142858,30,13,CGCCCTACTGGAGCGTCTTG,17,3673993
tolCp1,1.4285714285714286,32,13,CGCATCGGGCCAAGCCGCCG,19,3685507
tolCp1,1.0,26,13,CGCAAAACGAGAATGGCGAT,13,3681241
tolCp1,5.142857142857143,84,13,CGATCTAATTTAGGCATGGA,71,3693575
tolCp1,0.35714285714285715,17,13,CGATCCCAATGTTATCGGAA,4,3681397
tolCp1,1.9285714285714286,39,13,CGAGGATCAGGATCCTCATT,26,3686334
tolCp1,1.7142857142857142,36,13,CGAGAGAAAACCGGGACAAT,23,3678051
tolCp1,0.2857142857142857,16,13,CCTCTGTGTATTTCAATCCA,3,3684086
tolCp1,0.8571428571428571,24,13,CCGTCACTGTCCGGGTACGG,11,3683005
tolCp1,1.1428571428571428,28,13,CCGGGACTGAAACAGGTCAA,15,3663517
tolCp1,1.2857142857142858,30,13,CCCGTGGGCTATTGAGGGAA,17,3672535
tolCp1,1.5,33,13,CCCGTCTGAACCCTGGCGAA,20,3667303
tolCp1,1.0714285714285714,27,13,CCATTCTAATAGTGTTGAAA,14,3669652
tolCp1,0.14285714285714285,14,13,CCATTAAACGCGAGGACACG,1,3676076
tolCp1,1.0714285714285714,27,13,CCATTAAAAGCTGGGTAGCT,14,3683565
tolCp1,23.857142857142858,346,13,CCACAGACTGGCCTCTATAA,333,3675512
tolCp1,0.42857142857142855,18,13,CCAATAGTCAGTTCAATCGC,5,3671348
tolCp1,1.3571428571428572,31,13,CCAAGTAACCTGATACTGAT,18,3690705
tolCp1,0.21428571428571427,15,13,CATTCTCTGCTCGGCAATAA,2,3694823
tolCp1,1.1428571428571428,28,13,CATCTTCACTCTTACCACGG,15,3666659
tolCp1,0.9285714285714286,25,13,CATCGTAGTAATGATGGACA,12,3694600
tolCp1,1.4285714285714286,32,13,CATATGTCTGTGCAATCGCA,19,3663399
tolCp1,3.2142857142857144,57,13,CATAAGAGATTGTTCTCCAA,44,3675250
tolCp1,0.42857142857142855,18,13,CAGGGTGATAGAAGCGCCGA,5,3681317
tolCp1,3.2857142857142856,58,13,CAGGATTTGTTTCGTACGCA,45,3672152
tolCp1,5.785714285714286,93,13,CAGATGCTCAAGAAGTTCAA,80,3676208
tolCp1,1.5714285714285714,34,13,CAGACGACCACATCGTCGCT,21,3677854
tolCp1,13.428571428571429,200,13,CAGACACTGGCCCCCTGTCA,187,3661258
tolCp1,3.0714285714285716,55,13,CACTAAATTCCGAAATATAC,42,3713065
tolCp1,4.142857142857143,70,13,CACGGCTCATAAGTAGGGTT,57,3707870
tolCp1,0.6428571428571429,21,13,CACGGCAAGTATGAGTTCGT,8,3707756
tolCp1,0.7857142857142857,23,13,CACCGGGGACCCTCCTGTCA,10,3710751
tolCp1,10.0,152,13,CACCCGGCTTTTAGCTCAGT,139,3711065
tolCp1,0.42857142857142855,18,13,CAATCGACCACCCGGGCGCA,5,3701004
tolCp1,0.9285714285714286,25,13,CAAGCTCGACAGGATGATAG,12,3703979
tolCp1,0.5714285714285714,20,13,CAAGCTCAGGCGACTTTTAA,7,3715454
tolCp1,0.5714285714285714,20,13,CAAGCTCAGCATCGGGTCGG,7,3684440
tolCp1,2.0,40,13,CAACTCTCCTGTCTGTCAAC,27,3686847
tolCp1,11.928571428571429,179,13,CAACCATACCCGTCAGACGT,166,3679270
tolCp1,1.8571428571428572,38,13,CAACATGGTGTGTTCAGGAG,25,3681499
tolCp1,1.1428571428571428,28,13,CAACAGCCAGGACTGTTCAG,15,3672504
tolCp1,3.142857142857143,56,13,ATTTTCAGTCGGGACGCGGT,43,3689033
tolCp1,7.285714285714286,114,13,ATTCTGGTCTAGAAACGGCT,101,3695843
tolCp1,6.428571428571429,102,13,ATTCCGGCATTAAGGTCAAG,89,3698704
tolCp1,2.4285714285714284,46,13,ATTCAGTACTCATCTATAAT,33,3685534
tolCp1,1.7142857142857142,36,13,ATTAGCGGGCCAGAGAGCTG,23,3662313
tolCp1,0.42857142857142855,18,13,ATGTATGCGTTGGCTCAGGA,5,3707624
tolCp1,2.142857142857143,42,13,ATGGTGAATCTTGCCAGTGT,29,3683186
tolCp1,0.6428571428571429,21,13,ATGCTTACGTAAAGGTGTGT,8,3700838
tolCp1,2.4285714285714284,46,13,ATGCCTACACTAAATCCTTT,33,3661821
tolCp1,0.6428571428571429,21,13,ATGCCGGTCGGGTAGACGGG,8,3696674
tolCp1,3.2142857142857144,57,13,ATGCCCCCTGAACTAGCTTA,44,3679355
tolCp1,0.7142857142857143,22,13,ATCTTGCCCGCGCGTACCGT,9,3669212
tolCp1,0.9285714285714286,25,13,ATCTTCATCTAATATGCTTG,12,3673318
tolCp1,0.5714285714285714,20,13,ATCGCCTACCTTCCCTCTGA,7,3689842
tolCp1,0.9285714285714286,25,13,ATCAGCTACGCGACAGGTGC,12,3706843
tolCp1,0.21428571428571427,15,13,ATCACGGATCGACTAGGCAG,2,3679696
tolCp1,3.2857142857142856,58,13,ATCAATTTGTGCGTTATGGA,45,3665447
tolCp1,1.6428571428571428,35,13,AGTGTGCCAAACGTAAGGTT,22,3695482
tolCp1,0.2857142857142857,16,13,AGTGAAAACCAATTCCTGGA,3,3700475
tolCp1,13.428571428571429,200,13,AGTCCGTGCAATATGTGGCG,187,3701740
tolCp1,2.142857142857143,42,13,AGGTCTATCTTCTCTAACAT,29,3668663
tolCp1,2.0,40,13,AGGCGGATAGAACTTACGTA,27,3686822
tolCp1,3.2142857142857144,57,13,AGCGTGTTACATACTTTAAC,44,3693392
tolCp1,0.7857142857142857,23,13,AGCCTATAGATTGCGATGCA,10,3703150
tolCp1,0.14285714285714285,14,13,AGATCAACATCGGCTGTGGC,1,3707901
tolCp1,7.857142857142857,122,13,AGATATACAGGGTCTTGTTT,109,3674475
tolCp1,1.0,26,13,AGACCTCTGTATCTAAATCC,13,3670273
tolCp1,53.0,754,13,ACTTTCAGTAGTCACTGGTA,741,3699800
tolCp1,0.6428571428571429,21,13,ACTTCTAGGTGTCATTATAA,8,3691836
tolCp1,4.357142857142857,73,13,ACTGTCAGCAACATCGATAT,60,3678153
tolCp1,0.6428571428571429,21,13,ACTCTCTGAGGCTGGGCACC,8,3698900
tolCp1,1.2142857142857142,29,13,ACTAGGGATATAACTCTTCC,16,3663565
tolCp1,2.2857142857142856,44,13,ACTAGGCAAAGAGATTACAT,31,3668356
tolCp1,2.0714285714285716,41,13,ACGTCTCACGCAGTGGGTCC,28,3678909
tolCp1,2.7142857142857144,50,13,ACGGTAACCCTGGGTTCCTG,37,3683617
tolCp1,0.8571428571428571,24,13,ACGGACTGTAGGCCGCCGTC,11,3700301
tolCp1,1.8571428571428572,38,13,ACGATCGGTAGCGCAAGTGT,25,3712538
tolCp1,0.7857142857142857,23,13,ACCTGTGCCACATCCAGGCG,10,3683765
tolCp1,2.0,40,13,ACCGGGGGCACATCTGCTTG,27,3661135
tolCp1,2.5,47,13,ACCACCGGGGTAGTACGATG,34,3662713
tolCp1,0.42857142857142855,18,13,ACATTAATAAGGCGTGTGAT,5,3689682
tolCp1,3.5714285714285716,62,13,ACACGGCTGACCGAGTTCTT,49,3673528
tolCp1,3.2857142857142856,58,13,AATGCTCTACAAGCTCGCCG,45,3668980
tolCp1,3.142857142857143,56,13,AATCCTGTTGATCATGCTGG,43,3688221
tolCp1,5.714285714285714,92,13,AATATGCGGGCAGCCGCGAT,79,3679267
tolCp1,4.642857142857143,77,13,AATACTTCGCCCGCTCCCTT,64,3689777
tolCp1,1.2857142857142858,30,13,AAGCAATGATTATTGGTTTG,17,3705785
tolCp1,16.571428571428573,244,13,AAGAGGGTGCAGACATCCCA,231,3683436
tolCp1,0.6428571428571429,21,13,AACGGGTTTGCCGGCACCTT,8,3698767
tolCp1,0.5714285714285714,20,13,AACATTTAGATCCTCCGCCC,7,3662471
tolCp1,20.357142857142858,297,13,AACAATGAATCTATATAGAT,284,3669775
tolCp1,0.35714285714285715,17,13,AAAGGTTTAATGCGTAGTGT,4,3715237
tolCp1,0.42857142857142855,18,13,AAAGGGTTTCGTGAGTCCAA,5,3706264
tolCp1,0.14285714285714285,14,13,AAACCGACTTTACTCAGGCA,1,3706257
tolCp1,1.5714285714285714,34,13,AAAACAATTATTAGGAGCTC,21,3706130
tolCp1,2.0,37,12,TTTTACTATGCTTAACGACT,25,3709412
tolCp1,1.1538461538461537,26,12,TTTGTGAACTTACTGGAATT,14,3702167
tolCp1,2.769230769230769,47,12,TTTCCTAACTAAATGCGCCT,35,3697194
tolCp1,0.38461538461538464,16,12,TTTATGTACGACAGGGTGGA,4,3663147
tolCp1,2.4615384615384617,43,12,TTGTTTATGAGGGAAGCTCG,31,3666680
tolCp1,1.6153846153846154,32,12,TTGTGCTAGCACTGGTACAA,20,3666921
tolCp1,0.5384615384615384,18,12,TTGTGATAGAACTGGAAGGC,6,3685211
tolCp1,0.15384615384615385,13,12,TTGGTTAGCCGACAATAGGG,1,3677816
tolCp1,2.3076923076923075,41,12,TTGCGCTTGCCTAGTCCGAT,29,3680142
tolCp1,0.15384615384615385,13,12,TTGCGCATACCTCCATTTTC,1,3696533
tolCp1,2.6923076923076925,46,12,TTGCGCAAGTTAGCCTGAAC,34,3705757
tolCp1,1.2307692307692308,27,12,TTGAGCCGCTACTGAATTGT,15,3678011
tolCp1,1.2307692307692308,27,12,TTGAATGCAGTTGTCAATGA,15,3711097
tolCp1,0.38461538461538464,16,12,TTGAAGTTGATGTGAGTTAA,4,3673099
tolCp1,3.3076923076923075,54,12,TTCTTTGGAAGCTAGAGTAA,42,3663988
tolCp1,1.6923076923076923,33,12,TTCGCTTTCGATCTAGCGCA,21,3677288
tolCp1,6.846153846153846,100,12,TTCGCATTCGAGTGTCACCC,88,3709496
tolCp1,2.1538461538461537,39,12,TTCACGGCAATATCAGTCAT,27,3684255
tolCp1,0.15384615384615385,13,12,TTCACGCATTGAGTTCCTAT,1,3708475
tolCp1,1.0769230769230769,25,12,TTATTGATACTACGGCCAAG,13,3702396
tolCp1,1.2307692307692308,27,12,TTAAGTATGGCAGAGCGATT,15,3666889
tolCp1,0.5384615384615384,18,12,TGTTGCACTAGAGTTGAAAT,6,3673003
tolCp1,2.6153846153846154,45,12,TGTGGCTCAGGGACTTCTTA,33,3696832
tolCp1,2.230769230769231,40,12,TGTAGGATGGAGATCTTCCT,28,3687190
tolCp1,0.8461538461538461,22,12,TGTAGCGGTTGTTAGCATGC,10,3689815
tolCp1,0.6923076923076923,20,12,TGTACTCAGCGAAGTGTTGG,8,3680419
tolCp1,1.7692307692307692,34,12,TGGTCATGATTTTGGGGGAG,22,3708464
tolCp1,7.3076923076923075,106,12,TGGGGTGAAAATTAACTGAT,94,3708573
tolCp1,3.3076923076923075,54,12,TGCTTGACGCATATTCTAGT,42,3704397
tolCp1,0.8461538461538461,22,12,TGCGTTGTGTTGTCGCACAC,10,3694911
tolCp1,0.8461538461538461,22,12,TGCATTAATAAAAAAATGGT,10,3672579
tolCp1,1.8461538461538463,35,12,TGCAGGCTTATAGCCGAAGG,23,3690973
tolCp1,2.230769230769231,40,12,TCTTGCAAAGTCCAGCCTCT,28,3675359
tolCp1,3.3076923076923075,54,12,TCTCAACCTAAGACAGTTTG,42,3705768
tolCp1,0.15384615384615385,13,12,TCGTCGTGTTACAAGTGCCG,1,3676978
tolCp1,0.5384615384615384,18,12,TCGTATTTACGGATTGCTAT,6,3714903
tolCp1,0.15384615384615385,13,12,TCGGAAAGACAGTCTCACAG,1,3669550
tolCp1,0.6923076923076923,20,12,TCGCGTTAATACATTGATCA,8,3688265
tolCp1,0.7692307692307693,21,12,TCGACCGGCCCTTGTCAGTG,9,3664324
tolCp1,3.4615384615384617,56,12,TCCTGTACGTCTGTGCTCGA,44,3682921
tolCp1,0.9230769230769231,23,12,TCCTGGGATACTGCTCTATG,11,3674079
tolCp1,0.9230769230769231,23,12,TCCGTTAGGGGCAACAGGCC,11,3677112
tolCp1,1.3846153846153846,29,12,TCCCCCGATCGGCCCTTTCA,17,3687994
tolCp1,9.461538461538462,134,12,TCATGCTGAACCACCACGCA,122,3700085
tolCp1,1.6153846153846154,32,12,TCATCACACAATTGGCAGAA,20,3671838
tolCp1,1.6153846153846154,32,12,TCAGGCCTTGTAAAATATGG,20,3691141
tolCp1,0.6153846153846154,19,12,TCACGTTCGGAAAGAGCGTG,7,3676086
tolCp1,0.23076923076923078,14,12,TATTTCAAAGCGCCTGCTTG,2,3691969
tolCp1,0.9230769230769231,23,12,TATGGGGCGGTGATACATGC,11,3695305
tolCp1,1.6153846153846154,32,12,TATGGGGCGGATCAAATTGG,20,3666502
tolCp1,0.9230769230769231,23,12,TAGGTTCTTACGGGCTCTTA,11,3695784
tolCp1,1.3076923076923077,28,12,TAGGCCGTGACGAATGCACA,16,3703417
tolCp1,0.46153846153846156,17,12,TAGGCCCGCGTAGTAGGATT,5,3663057
tolCp1,1.7692307692307692,34,12,TAGCTAGCGAACCTTTTGAT,22,3690474
tolCp1,2.0,37,12,TAGCACATTTTATCGCTGGC,25,3664989
tolCp1,2.769230769230769,47,12,TAGACCCGGGTACAGCCTGT,35,3709921
tolCp1,9.076923076923077,129,12,TACTTATGAAACTACATCCA,117,3698457
tolCp1,9.461538461538462,134,12,TACTCGCCTGGGTGTCTCGC,122,3686123
tolCp1,0.15384615384615385,13,12,TACGTTTGACTAGGATCCAG,1,3683172
tolCp1,2.5384615384615383,44,12,TACCTCAATTTTGGGTAGCA,32,3666266
tolCp1,0.6153846153846154,19,12,TACCAATATAAGTAGAAACG,7,3703992
tolCp1,1.6153846153846154,32,12,TACATACCCGAAGTGTGAAT,20,3693841
tolCp1,4.769230769230769,73,12,TACAAAGCTGGTCTCGCGCA,61,3708766
tolCp1,0.8461538461538461,22,12,TAATTGTCGTGGATGCGACC,10,3671638
tolCp1,3.5384615384615383,57,12,TAATTGGGACAGCACCTAAG,45,3663464
tolCp1,1.4615384615384615,30,12,TAATTGCACAGGCGGCCTAT,18,3679125
tolCp1,1.3076923076923077,28,12,TAATAAGCGTGTCTTCGTAT,16,3687799
tolCp1,0.8461538461538461,22,12,TAAGGCGATCTGTCACAAAG,10,3707625
tolCp1,0.3076923076923077,15,12,TAAGAGGCTGTCCTACGTCA,3,3693078
tolCp1,2.6153846153846154,45,12,GTTTGGCGTGCAATAGCTTA,33,3714338
tolCp1,0.6153846153846154,19,12,GTTTAAACTGGAAAGTAACC,7,3673586
tolCp1,0.5384615384615384,18,12,GTTCGCCCACACCTTAGACC,6,3699957
tolCp1,1.4615384615384615,30,12,GTTCCTTAATTTCTATCTGT,18,3684043
tolCp1,3.3076923076923075,54,12,GTTACAGCCGACAAACTCAT,42,3711274
tolCp1,0.8461538461538461,22,12,GTGTTCCACCTGAAATTGTA,10,3675023
tolCp1,4.615384615384615,71,12,GTGTCCACGCGTTCCTCCTT,59,3665998
tolCp1,0.46153846153846156,17,12,GTGTCACCCAACGCTGCCAA,5,3678826
tolCp1,0.3076923076923077,15,12,GTGTCAACGGCTCTTTGATT,3,3712915
tolCp1,1.8461538461538463,35,12,GTGGCTTTTCGGTGCACGAA,23,3708406
tolCp1,2.6923076923076925,46,12,GTGCTAGGGAGCCTGGATCG,34,3689464
tolCp1,8.307692307692308,119,12,GTCGGCCCAGTTACACTGTA,107,3700765
tolCp1,1.9230769230769231,36,12,GTCCCTGATCACCCGGAAAG,24,3663189
tolCp1,0.15384615384615385,13,12,GTCCATGGCTTTTTATGCGG,1,3691764
tolCp1,1.2307692307692308,27,12,GTATGACACTTCGTAAAGAA,15,3673652
tolCp1,0.23076923076923078,14,12,GTAGTGTGGCGATATTCCAA,2,3674402
tolCp1,1.7692307692307692,34,12,GTACTCCACTGTCACATTCT,22,3697637
tolCp1,0.9230769230769231,23,12,GTACGAAGCTTACCGTTACG,11,3681960
tolCp1,2.769230769230769,47,12,GTACCTCCTGGTATCCCGAG,35,3664497
tolCp1,0.8461538461538461,22,12,GTACACTCAAGACGCCGGGG,10,3713649
tolCp1,8.153846153846153,117,12,GTAATTCGGGCAGCATAATC,105,3684781
tolCp1,2.076923076923077,38,12,GTAATGTTTGTGGGCAACCC,26,3698834
tolCp1,0.6923076923076923,20,12,GGTTGGGTAAACATTTACAT,8,3664909
tolCp1,0.3076923076923077,15,12,GGTGAGGTAACAGCAACAGT,3,3665882
tolCp1,0.8461538461538461,22,12,GGTCTTAGTTTCACTCAGGA,10,3662082
tolCp1,4.153846153846154,65,12,GGTCGAGGACGCCTATCCCC,53,3667487
tolCp1,3.230769230769231,53,12,GGTCCTGAAAAACATGGCAG,41,3679412
tolCp1,9.692307692307692,137,12,GGTCCGTACCAGCGCGTTTA,125,3688977
tolCp1,0.15384615384615385,13,12,GGTCCACGGGCCGACCCTAA,1,3680267
tolCp1,1.3076923076923077,28,12,GGTCACGGAAGCCGGAGTAC,16,3679421
tolCp1,23.307692307692307,314,12,GGTATACGCTTATCCCATTG,302,3685068
tolCp1,1.0,24,12,GGTATAAACCGCACAGGCTA,12,3694274
tolCp1,1.5384615384615385,31,12,GGTAGCCCCGAAAATGCAGT,19,3711523
tolCp1,4.0,63,12,GGTACGTGTCGCTTATCACT,51,3708993
tolCp1,1.8461538461538463,35,12,GGGGCATCTCACGACAGGTG,23,3677302
tolCp1,2.4615384615384617,43,12,GGGGAGCCTAACAGACAGTT,31,3686910
tolCp1,1.8461538461538463,35,12,GGGCTTACACACTGACCTTT,23,3678602
tolCp1,1.3076923076923077,28,12,GGGAGAAAGCATCCCAGGTG,16,3684237
tolCp1,1.2307692307692308,27,12,GGGAAGCGCTCCACCGTCAT,15,3701316
tolCp1,1.6923076923076923,33,12,GGCTTGAATCACGGAAATTG,21,3668979
tolCp1,1.3846153846153846,29,12,GGCTAAACCATGATTCTTGG,17,3706055
tolCp1,0.15384615384615385,13,12,GGCGGCTAAACCTTTCGAAA,1,3691831
tolCp1,0.8461538461538461,22,12,GGCCGTACTCATCAAAACCC,10,3686827
tolCp1,0.23076923076923078,14,12,GGCCCTTAAAATGCATGTGG,2,3693843
tolCp1,0.8461538461538461,22,12,GGCCAATGAGGCTCGGGCTC,10,3672145
tolCp1,0.9230769230769231,23,12,GGAATAGGAAAAGAGCATCC,11,3675843
tolCp1,3.8461538461538463,61,12,GGAATACAATGTCACCGTGG,49,3664093
tolCp1,0.7692307692307693,21,12,GCTTCGACCTAATGGACGGG,9,3670802
tolCp1,0.46153846153846156,17,12,GCTCGGGTCTGTCGGCTAAC,5,3695428
tolCp1,1.1538461538461537,26,12,GCTCCGCGGCCCCTGTCTGT,14,3695012
tolCp1,6.230769230769231,92,12,GCTATGCTCATTAGCTGTGA,80,3691791
tolCp1,0.5384615384615384,18,12,GCGTGTGCGTGGGGTAATAC,6,3689477
tolCp1,1.1538461538461537,26,12,GCGGCACACTGCATCGCTGG,14,3693366
tolCp1,0.6923076923076923,20,12,GCGGAGTGAGGAGAAGTCAC,8,3682902
tolCp1,1.3846153846153846,29,12,GCGCAGAACCCCCTATGCCT,17,3680386
tolCp1,0.15384615384615385,13,12,GCGATTATGCCTACGAGAAC,1,3663774
tolCp1,1.4615384615384615,30,12,GCCGATAGGTCCTCAAGGCA,18,3681702
tolCp1,1.1538461538461537,26,12,GCCCTTATTCCAACGACCAG,14,3668991
tolCp1,6.076923076923077,90,12,GCCCGTACCGACCCGCTTAA,78,3697440
tolCp1,4.076923076923077,64,12,GCCATACGGGACCACCGACC,52,3670268
tolCp1,2.230769230769231,40,12,GCCAGTTCTGGACCTGACTC,28,3686915
tolCp1,0.38461538461538464,16,12,GCAGGCGCTCCCGCCCACCA,4,3664545
tolCp1,1.1538461538461537,26,12,GCACATCAGGGAGCTTCAGT,14,3709152
tolCp1,1.1538461538461537,26,12,GCAAGACTGAGGATAAGAAG,14,3680094
tolCp1,0.6923076923076923,20,12,GATTTACGCCCTTTGTCAAT,8,3687950
tolCp1,1.7692307692307692,34,12,GATTTAATGAACCGCGCAGT,22,3693207
tolCp1,1.2307692307692308,27,12,GATGGGTAGCAGTATCAAAA,15,3692911
tolCp1,7.846153846153846,113,12,GATGGACGGAGACTTGAAAA,101,3682533
tolCp1,1.9230769230769231,36,12,GAGTAGTCCCGGCGACACCG,24,3673032
tolCp1,2.6153846153846154,45,12,GAGGGGACTCTGTCAGGGAT,33,3680260
tolCp1,0.5384615384615384,18,12,GAGGCAGAAATTCCTAACTA,6,3696379
tolCp1,1.0769230769230769,25,12,GAGCTGAATCTGACTCGATG,13,3680237
tolCp1,0.15384615384615385,13,12,GAGACATTATATACAGGACG,1,3680818
tolCp1,0.9230769230769231,23,12,GACGCCTCTTTAAACTAAGA,11,3661703
tolCp1,0.5384615384615384,18,12,GACCAGTTAAGATCCCGTCT,6,3679108
tolCp1,0.23076923076923078,14,12,GACATTCGAAGCGGCTACGC,2,3673195
tolCp1,1.6153846153846154,32,12,GAAGCCAGACGTACCCTCTC,20,3687743
tolCp1,1.0,24,12,GAAGCCAATTATCACGTGAG,12,3678740
tolCp1,22.384615384615383,302,12,GAAGCAGGGGCTTCGTGTCG,290,3666141
tolCp1,4.153846153846154,65,12,GAAAAGCCTTCATTATGGAG,53,3709500
tolCp1,0.15384615384615385,13,12,CTTGGGGTCACCGGCCGTGA,1,3690986
tolCp1,3.1538461538461537,52,12,CTTACTGGTTGTCTTCGAAA,40,3689732
tolCp1,0.3076923076923077,15,12,CTGTGCAGTATCAACCAACT,3,3689463
tolCp1,1.8461538461538463,35,12,CTGGCTCGCGGTCAATGCAT,23,3712931
tolCp1,0.8461538461538461,22,12,CTGGACTAACCTGGGCAGCG,10,3684295
tolCp1,2.230769230769231,40,12,CTCTCATATGTAACCTATTC,28,3670454
tolCp1,1.4615384615384615,30,12,CTCGATGCTAAGAATTCGAT,18,3695013
tolCp1,1.7692307692307692,34,12,CTCACAAGCATATACGGTCA,22,3688615
tolCp1,3.1538461538461537,52,12,CTCAATTACTTGGGCGTTGA,40,3695488
tolCp1,3.0,50,12,CTATCAGGAGTGGGACATAA,38,3697448
tolCp1,1.9230769230769231,36,12,CTATACTAGTAGAAGTTGGC,24,3673713
tolCp1,9.0,128,12,CTAATGTTGTGGTCGTTGAG,116,3669371
tolCp1,1.6923076923076923,33,12,CTAAATCACATTCCACGCGT,21,3702005
tolCp1,0.7692307692307693,21,12,CGTTGCGGCATGAGTAGAGG,9,3712490
tolCp1,0.5384615384615384,18,12,CGTTCCGTAGAATCTATACG,6,3685929
tolCp1,0.6923076923076923,20,12,CGTTAGTACAGGTGTAAGTT,8,3669491
tolCp1,0.3076923076923077,15,12,CGTACCAGGTACCAAGCTGA,3,3681916
tolCp1,2.1538461538461537,39,12,CGGTCTCTACAACTTGTCCA,27,3663642
tolCp1,0.46153846153846156,17,12,CGGTACCCGAATGTTTACAC,5,3709510
tolCp1,2.076923076923077,38,12,CGGGCGCCCCACAACCCTTT,26,3678719
tolCp1,0.6923076923076923,20,12,CGGGATACCTACTAATGTAA,8,3709377
tolCp1,5.461538461538462,82,12,CGGCTATGTTTACCAGGGTT,70,3697441
tolCp1,1.7692307692307692,34,12,CGGCGCGGCTCTACGTTCTT,22,3668256
tolCp1,3.923076923076923,62,12,CGGCCTGTGCGTAGAATAAC,50,3706311
tolCp1,0.38461538461538464,16,12,CGGATCATGGGCTTAACTAG,4,3666088
tolCp1,29.615384615384617,396,12,CGGACATGGGAACGCATCAC,384,3703458
tolCp1,1.9230769230769231,36,12,CGCGGTGTTACCGCCCGCAA,24,3704398
tolCp1,0.6153846153846154,19,12,CGCGGAGCACCAGCAGGACC,7,3668889
tolCp1,0.9230769230769231,23,12,CGCCTATTACTATCTCCATA,11,3678483
tolCp1,0.8461538461538461,22,12,CGCCGGATCCGATGGCTGCT,10,3690542
tolCp1,0.3076923076923077,15,12,CGCCGACAACTCCACACCAA,3,3706711
tolCp1,4.153846153846154,65,12,CGCCCGGAGACGCGGTGGGG,53,3696131
tolCp1,0.38461538461538464,16,12,CGCCCCCGTCCGGACATTTT,4,3713736
tolCp1,0.46153846153846156,17,12,CGCATGGTGAGACACGGGAG,5,3701310
tolCp1,6.153846153846154,91,12,CGCAGAACGTCACTGCCATG,79,3674168
tolCp1,0.7692307692307693,21,12,CGATAACACAGTGTCAGTGC,9,3674991
tolCp1,6.153846153846154,91,12,CGACCCGCCTTGCAAAGCGG,79,3702348
tolCp1,2.4615384615384617,43,12,CCTTACAATCAATTTACACA,31,3666245
tolCp1,2.4615384615384617,43,12,CCTTAACGCATGCCGTATAT,31,3667682
tolCp1,2.076923076923077,38,12,CCTGGACCCGCGTGCTCTTC,26,3699089
tolCp1,0.9230769230769231,23,12,CCTAATCCGGGCAATGTGTT,11,3688231
tolCp1,0.9230769230769231,23,12,CCGTGTTGCCGTTCCTTACT,11,3710416
tolCp1,1.0,24,12,CCGTGTTAAGCTATACTTCA,12,3667104
tolCp1,2.0,37,12,CCGTGGCCAAGGCGCAGAAA,25,3698842
tolCp1,0.6153846153846154,19,12,CCGTGCACATGGTAGGTGAT,7,3689579
tolCp1,2.5384615384615383,44,12,CCGGGGCCAGTCCCTGCGCG,32,3697083
tolCp1,0.9230769230769231,23,12,CCGGAGGCGGTTTTGGTCTG,11,3689873
tolCp1,2.076923076923077,38,12,CCCTTAGAAGAGGTCTGTAA,26,3712799
tolCp1,1.5384615384615385,31,12,CCCGGCCAAGGCCGATGTAC,19,3696370
tolCp1,1.6923076923076923,33,12,CCCCCAGTAGAGCTCAAGCT,21,3690004
tolCp1,0.7692307692307693,21,12,CCATTTATAGAAAGAGGTCA,9,3687337
tolCp1,5.538461538461538,83,12,CCACACGGCCGGACAGTATA,71,3691104
tolCp1,1.9230769230769231,36,12,CATTTCTCGTTGCCGGTGGT,24,3664648
tolCp1,1.3076923076923077,28,12,CATGCCACCCACGTCTTCAC,16,3689539
tolCp1,0.9230769230769231,23,12,CATGACTCCCACACTCTTCC,11,3686765
tolCp1,1.5384615384615385,31,12,CATCTGTACGCAAGGGTGGG,19,3703117
tolCp1,1.6153846153846154,32,12,CATCGAGAGATGTAATACCT,20,3711168
tolCp1,0.15384615384615385,13,12,CATCGAAAAGTGAGCAAACT,1,3676974
tolCp1,3.8461538461538463,61,12,CATCCGATCCCGCGGCCTTA,49,3706251
tolCp1,0.8461538461538461,22,12,CATATAGGCCAGGTTGTCGT,10,3692856
tolCp1,1.0769230769230769,25,12,CATACCGCCGTTCTGACAGG,13,3714275
tolCp1,0.7692307692307693,21,12,CATAAGTTGGCCATATTCGC,9,3692868
tolCp1,3.6153846153846154,58,12,CAGTTGACTGAGGAGATCCA,46,3712143
tolCp1,2.6153846153846154,45,12,CAGTAGAGCATCCATATACA,33,3693579
tolCp1,1.3076923076923077,28,12,CAGTAAACCGATGGTATTCA,16,3699087
tolCp1,0.38461538461538464,16,12,CAGGCCCGAGGTAGTGCAGA,4,3676808
tolCp1,0.8461538461538461,22,12,CACTGCTATTCACCTGGAAA,10,3673707
tolCp1,2.0,37,12,CACGATTTGAGCCATTGGCC,25,3704568
tolCp1,2.8461538461538463,48,12,CACCTAGCCGACGGAGGATA,36,3684980
tolCp1,0.6923076923076923,20,12,CACCGTACAGAACCCGTTGC,8,3675681
tolCp1,1.3846153846153846,29,12,CACACGACCAGAAGGGCTTG,17,3679614
tolCp1,3.6153846153846154,58,12,CAAGTTCTGGAACGATTCTA,46,3692485
tolCp1,0.8461538461538461,22,12,CAAGCTACAACCTTGAATAT,10,3699248
tolCp1,2.4615384615384617,43,12,CAAGCCATGGCGGATCAAAT,31,3685825
tolCp1,1.4615384615384615,30,12,ATTATTCAGCGAAGCTAGGT,18,3698617
tolCp1,1.6923076923076923,33,12,ATGTGGAATTCCCGAACTCG,21,3703715
tolCp1,1.3846153846153846,29,12,ATGGGTTGAATCGTCAATGT,17,3689993
tolCp1,0.9230769230769231,23,12,ATGGGACCACAAAGATGCCA,11,3664100
tolCp1,5.846153846153846,87,12,ATGCACGTGCGGCCCTGGAG,75,3698064
tolCp1,1.3076923076923077,28,12,ATGACCGCCGTTAAATGAAA,16,3711860
tolCp1,0.6153846153846154,19,12,ATGAAGGGACCTCGTCTGGT,7,3683720
tolCp1,0.8461538461538461,22,12,ATCGGATGTCGTGTTCTAAT,10,3670510
tolCp1,1.4615384615384615,30,12,ATCGGACTAAGCCACGGAGA,18,3661128
tolCp1,7.153846153846154,104,12,ATCGAATGCATCCATAGTAA,92,3702165
tolCp1,1.0,24,12,ATCATGCATTAGCCAATCAG,12,3709241
tolCp1,1.7692307692307692,34,12,ATATGACTAGAAAAGTGGAG,22,3714390
tolCp1,2.6923076923076925,46,12,ATATCGCCGAAGATTGGCGT,34,3667748
tolCp1,1.0769230769230769,25,12,ATAGCATTTTGGATCGTTAT,13,3691924
tolCp1,13.461538461538462,186,12,ATAGATTTGTAATTACCATA,174,3712657
tolCp1,0.6923076923076923,20,12,ATACTTTCTAAGAGAGGTTA,8,3668128
tolCp1,1.3076923076923077,28,12,ATACAAAGCAGGACGCAGCC,16,3664424
tolCp1,3.230769230769231,53,12,ATAAGCCATGCCATACACTG,41,3662434
tolCp1,2.923076923076923,49,12,ATAAGAAGGATATACGGTCT,37,3715363
tolCp1,1.2307692307692308,27,12,AGTTTGCAGCGGGCAACGTA,15,3675007
tolCp1,1.1538461538461537,26,12,AGTTCGGTCATGTTTTCGCG,14,3697914
tolCp1,0.15384615384615385,13,12,AGTGGTATTGAATTTATTAG,1,3700361
tolCp1,2.230769230769231,40,12,AGTGATATCAGAGATACTAT,28,3709520
tolCp1,0.6923076923076923,20,12,AGTACATCCTTTTTGCGTCT,8,3672778
tolCp1,4.230769230769231,66,12,AGTAATCTGTGTTTGAGTTA,54,3705398
tolCp1,1.0,24,12,AGGTGGACAGTCTGGCACGA,12,3661691
tolCp1,0.7692307692307693,21,12,AGGTGAGAATATTGTAGCCA,9,3675415
tolCp1,1.1538461538461537,26,12,AGGGTGTATCGTAACCCGTA,14,3662658
tolCp1,3.0,50,12,AGGGGCGCCACCCAGAGTAA,38,3698799
tolCp1,1.6923076923076923,33,12,AGGGCGCTCCTGGGTGCGGC,21,3697601
tolCp1,2.1538461538461537,39,12,AGGCGGGCAATGCCTGGAAC,27,3705145
tolCp1,1.2307692307692308,27,12,AGGAGGCTAAAGCATCTTAA,15,3674635
tolCp1,1.2307692307692308,27,12,AGGAACGAGGTCGTCAACCA,15,3678857
tolCp1,0.8461538461538461,22,12,AGGAACATATCACTTCGATT,10,3697599
tolCp1,1.0769230769230769,25,12,AGCTTCTTCTAGAAGGCGAT,13,3705923
tolCp1,0.46153846153846156,17,12,AGCCGTTAAGAACTCAGGAA,5,3703941
tolCp1,1.2307692307692308,27,12,AGCCCGTAAATGGATCCAAT,15,3709980
tolCp1,1.6923076923076923,33,12,AGCCACGCGTCTTATGTAGG,21,3706709
tolCp1,0.8461538461538461,22,12,AGCCAAGTGTGAGCCTTGGC,10,3684997
tolCp1,0.6153846153846154,19,12,AGATTCCCGGAGCAATATTA,7,3706804
tolCp1,1.6923076923076923,33,12,AGATAGAGACGCCTAAAGAT,21,3685241
tolCp1,13.23076923076923,183,12,AGATAACCATGTCGCTTCAT,171,3695178
tolCp1,2.6153846153846154,45,12,AGAGGTTCGCAGATGTGTCG,33,3669962
tolCp1,3.076923076923077,51,12,AGAGAACCGGCTCAGGCGCT,39,3679899
tolCp1,0.23076923076923078,14,12,AGACTGGATGTTTGGGTTTC,2,3693516
tolCp1,0.5384615384615384,18,12,ACTTCTCGAACCGACTTACA,6,3675294
tolCp1,2.230769230769231,40,12,ACTTATAAGACGGTTGTCAT,28,3672329
tolCp1,1.4615384615384615,30,12,ACTGGGTGCCCAATGGCACT,18,3668626
tolCp1,3.6923076923076925,59,12,ACTGGAGGATCAGGGCTAAT,47,3681783
tolCp1,3.230769230769231,53,12,ACTCATCGCAGTGTTTCCTC,41,3688147
tolCp1,0.7692307692307693,21,12,ACTATGTCGGAAGCTTTACT,9,3704502
tolCp1,0.5384615384615384,18,12,ACTATAGAGTGATTACTCGG,6,3696752
tolCp1,4.076923076923077,64,12,ACTAGAAATGGACATTGATG,52,3677459
tolCp1,0.3076923076923077,15,12,ACTACATGCTTCGTTCGCAG,3,3701897
tolCp1,3.6923076923076925,59,12,ACGTTGCTGAGCCAAAAGTT,47,3705106
tolCp1,0.3076923076923077,15,12,ACGGGGTAGGCTCGCACCAC,3,3697612
tolCp1,0.5384615384615384,18,12,ACGGACCATGGTGCGTAATT,6,3694869
tolCp1,1.5384615384615385,31,12,ACGCGGGGTGCTCGGAGTGA,19,3686705
tolCp1,0.9230769230769231,23,12,ACGCGCTAAGACTGAAGTAC,11,3695534
tolCp1,6.615384615384615,97,12,ACGATGTGGTTCTATGGTTT,85,3708575
tolCp1,1.3076923076923077,28,12,ACGAGGGTGCCTTTAAAAGG,16,3682795
tolCp1,3.0,50,12,ACCTCTAGCAGGCAGCGGTA,38,3677228
tolCp1,6.846153846153846,100,12,ACCGTCTCTGCGGTGCGGCC,88,3680856
tolCp1,5.076923076923077,77,12,ACCCAAGATTCAAGAGTCAT,65,3683459
tolCp1,2.0,37,12,ACCAGTCATACTAGGCGCCG,25,3713235
tolCp1,2.4615384615384617,43,12,ACATTCTCTCGCATGGAAAT,31,3709306
tolCp1,3.3846153846153846,55,12,ACATAGGGAGGTGTTAGCGA,43,3711292
tolCp1,1.0769230769230769,25,12,ACAGAGTTCCGGTTATGCTC,13,3697564
tolCp1,0.9230769230769231,23,12,ACACTGATCCACAGGGCCAC,11,3664223
tolCp1,1.0,24,12,ACACATTCGGTGGTCACAGG,12,3661421
tolCp1,1.6153846153846154,32,12,ACAATCTTCTGTATTGTTGT,20,3661238
tolCp1,5.3076923076923075,80,12,AATGGGACACTGAGCAGAAG,68,3680859
tolCp1,3.5384615384615383,57,12,AATGCTTACGACCTGAAACG,45,3666327
tolCp1,3.4615384615384617,56,12,AATGACTCTTAGCCCTCACA,44,3696376
tolCp1,3.0,50,12,AATGAATTTCAAAAGAATAG,38,3677199
tolCp1,11.307692307692308,158,12,AATCATTATGGGGGCGGTCC,146,3684614
tolCp1,0.23076923076923078,14,12,AATAGTCCTTCGGTACACTG,2,3662662
tolCp1,5.846153846153846,87,12,AAGTTGGGGAAGGTTAATGT,75,3682543
tolCp1,0.8461538461538461,22,12,AAGGGAGTTTCAGAGCATGA,10,3678064
tolCp1,0.15384615384615385,13,12,AAGGCAAGACAGATTCTGCT,1,3698318
tolCp1,1.4615384615384615,30,12,AAGCCAGTCAGGAAACAGCT,18,3693246
tolCp1,15.153846153846153,208,12,AACTTTTGTGGGTGAATTTG,196,3695659
tolCp1,0.8461538461538461,22,12,AACTGACCACGCACGTCATA,10,3700439
tolCp1,0.38461538461538464,16,12,AACAGCACCGTCACTAAAAG,4,3665416
tolCp1,1.6923076923076923,33,12,AAATTTTGCATTCTGGCATC,21,3670633
tolCp1,5.230769230769231,79,12,AAATCGCTGCAGATGGGACA,67,3712054
tolCp1,1.7692307692307692,34,12,AAAGGAGTAAGAATACGGGG,22,3680717
tolCp1,0.9230769230769231,23,12,AAACGTTAATTCGTTGCACC,11,3663061
tolCp1,2.1538461538461537,39,12,AAACGGCGGCCGAGAGGAGC,27,3696167
tolCp1,0.8461538461538461,22,12,AAACACGTAGAATCTGGGTA,10,3692443
tolCp1,5.5,76,11,TTTTTCAAACAGTGAAGCTA,65,3690081
tolCp1,3.0833333333333335,47,11,TTTGGCGGCTCACTGGACTC,36,3713900
tolCp1,1.1666666666666667,24,11,TTTGAGTCTGGAAGTGAATG,13,3694094
tolCp1,3.25,49,11,TTGGCTCAGAGAGCTCCCAT,38,3709357
tolCp1,1.25,25,11,TTGCTGGAACGAATTCGCTC,14,3681030
tolCp1,5.666666666666667,78,11,TTGCGACGTCCTATTTTCGG,67,3688896
tolCp1,0.8333333333333334,20,11,TTGACAAGGGTTCGGGACTT,9,3698270
tolCp1,1.9166666666666667,33,11,TTCTGTCCATTTCGGGCCAT,22,3678343
tolCp1,1.25,25,11,TTCTCTTCGGGCTTTACTCC,14,3683473
tolCp1,0.75,19,11,TTCGTCACGTTAGCGGCCAT,8,3677693
tolCp1,1.0,22,11,TTCGCCCACTTGAACGGACA,11,3669085
tolCp1,2.75,43,11,TTCCTCCCTGGCTTCCCGGT,32,3670761
tolCp1,0.4166666666666667,15,11,TTCAGTGGTGGTTCTTAGCA,4,3699467
tolCp1,1.0,22,11,TTCAAAAAGACACAAGTACA,11,3707035
tolCp1,1.0833333333333333,23,11,TTATCTAGGCGATCGCCTTT,12,3689606
tolCp1,3.4166666666666665,51,11,TTAGAACCGCGGCCCGCTGG,40,3697123
tolCp1,6.75,91,11,TTACTCATAGTAAGTCGTCG,80,3666682
tolCp1,0.5,16,11,TTAAATATACTAGACGTAGG,5,3664536
tolCp1,2.0,34,11,TGTTGGTGCTACTTGGAGTC,23,3666856
tolCp1,0.75,19,11,TGTTGGGGGGGGTTTTCGAC,8,3691388
tolCp1,1.25,25,11,TGTTGCTTGCCTACTTATGC,14,3694366
tolCp1,6.916666666666667,93,11,TGTGGTATTCTTGTCGTATA,82,3672717
tolCp1,6.75,91,11,TGTGCGTAGCCAGGTACCCA,80,3703789
tolCp1,1.0833333333333333,23,11,TGTCCACCATGCTGCCCAGC,12,3694396
tolCp1,0.3333333333333333,14,11,TGTAGGGATTTAGTCTGCGA,3,3703282
tolCp1,2.4166666666666665,39,11,TGTACGGCGTCTATTACGCA,28,3707115
tolCp1,0.5833333333333334,17,11,TGGTATTGTCCCAACCGCGG,6,3672773
tolCp1,1.5,28,11,TGGGTCTCTCGCCTCGGATC,17,3708347
tolCp1,1.0,22,11,TGGGGGATTGCAGCTGTTTA,11,3706507
tolCp1,0.6666666666666666,18,11,TGGCGTAGAATTGGAAAGAG,7,3663457
tolCp1,2.8333333333333335,44,11,TGGCAACGCTGATGGTGGAA,33,3661766
tolCp1,1.1666666666666667,24,11,TGGACTTCCGGTATACGCCA,13,3666900
tolCp1,2.0833333333333335,35,11,TGCTTCTACTTAAACGATGC,24,3676355
tolCp1,1.4166666666666667,27,11,TGCACTAAATGCCTATCTAG,16,3695614
tolCp1,1.0,22,11,TGAGTAAGCGGTCTGGTGAA,11,3700037
tolCp1,8.333333333333334,110,11,TGAGGTGCGTGATGGGTCCA,99,3713793
tolCp1,1.75,31,11,TGAGCCGGGTGCGATATGAA,20,3673690
tolCp1,0.9166666666666666,21,11,TCTTGCGCGGCCAGAGTGCA,10,3661373
tolCp1,1.0,22,11,TCTTCTCCGTCAAGGTAAAT,11,3708602
tolCp1,0.16666666666666666,12,11,TCTTAACACTGGTCTTGTCT,1,3712590
tolCp1,9.666666666666666,126,11,TCTCGTTAACCGATTTTATG,115,3684459
tolCp1,2.0833333333333335,35,11,TCTCCACTGATAGGTTCAAA,24,3696067
tolCp1,7.0,94,11,TCTACGGTACTGTTTGCCCC,83,3679990
tolCp1,1.0833333333333333,23,11,TCGTTGGGATGCTTGGGTGA,12,3661694
tolCp1,3.75,55,11,TCGGTAGGAAGTTCACTGTA,44,3673479
tolCp1,1.4166666666666667,27,11,TCGGGGTAAGTGGGTAAAGT,16,3672201
tolCp1,1.0833333333333333,23,11,TCGCGATCCAAGTTGCGTTT,12,3667079
tolCp1,1.8333333333333333,32,11,TCGCACCATCGAATAAAAGG,21,3674965
tolCp1,3.4166666666666665,51,11,TCGAGGCACTTGTTGGACAA,40,3680015
tolCp1,1.5833333333333333,29,11,TCGAACGGTTATCTCTCGGA,18,3714550
tolCp1,0.5833333333333334,17,11,TCGAACCGACATCATTCCCA,6,3682791
tolCp1,2.6666666666666665,42,11,TCCGGCCAGATCCTAAATTT,31,3677537
tolCp1,2.5,40,11,TCCCAAGGCAGGCGCCTCTT,29,3688621
tolCp1,3.3333333333333335,50,11,TCCATGAGCGGGGAAGCGGA,39,3702555
tolCp1,0.3333333333333333,14,11,TCCAGTCCCAAATGCCACTC,3,3680630
tolCp1,1.0833333333333333,23,11,TCAGGTCGAAGCACGTAATC,12,3670172
tolCp1,16.333333333333332,206,11,TCAATTTTTGGGAAGATGCT,195,3675517
tolCp1,0.5,16,11,TCAATTGACTACCCGGGGAC,5,3704688
tolCp1,0.25,13,11,TCAAGTCTCGGTGAAGTCTC,2,3708459
tolCp1,3.5,52,11,TCAAAATCTTGTTTGCTATC,41,3691117
tolCp1,3.1666666666666665,48,11,TATTGCAGAAGACTGCTCTC,37,3681679
tolCp1,4.416666666666667,63,11,TATTCGCTTTCTCCCGTCAA,52,3665167
tolCp1,0.3333333333333333,14,11,TATTCCGGACCGTTAGTGTT,3,3715524
tolCp1,1.6666666666666667,30,11,TATTAAGCGGGTGGAGAATG,19,3676628
tolCp1,6.25,85,11,TATGGTGAAAAAACATTGCT,74,3661790
tolCp1,8.333333333333334,110,11,TATCGGTCCGCACTGGATCA,99,3698102
tolCp1,2.9166666666666665,45,11,TATCACATCTGACGACGAAA,34,3704586
tolCp1,2.0833333333333335,35,11,TATATGGGGCCGGGCTTAGG,24,3699568
tolCp1,0.3333333333333333,14,11,TATATAGTAGCCTGAAGGGG,3,3683610
tolCp1,5.583333333333333,77,11,TAGTTAGGATACACGGCACT,66,3689217
tolCp1,0.16666666666666666,12,11,TAGCGTTTGCCAGTCTTACC,1,3681373
tolCp1,1.0833333333333333,23,11,TAGCATCACATTAAAGCCTC,12,3667962
tolCp1,3.25,49,11,TACTGTTCGAGCGTTCGTCT,38,3708144
tolCp1,1.8333333333333333,32,11,TACGTTCCTGGGCGTCCCGA,21,3686373
tolCp1,2.75,43,11,TACGTTCCGCAGACTAGGAG,32,3698154
tolCp1,7.083333333333333,95,11,TACGGGCGCAGAATAATAAC,84,3686816
tolCp1,0.8333333333333334,20,11,TACGGCTGAGGCCCTCAACA,9,3705853
tolCp1,0.8333333333333334,20,11,TACGCCCGACTGTCTGGAAA,9,3697606
tolCp1,1.75,31,11,TACCCAGGAAACATTCACAT,20,3708682
tolCp1,2.5,40,11,TACAGTCATGGTACATAATT,29,3690770
tolCp1,10.666666666666666,138,11,TACACACAATACGGTTCCCT,127,3675024
tolCp1,5.0,70,11,TAAGGTGGGCTCAGCCGTTG,59,3689288
tolCp1,5.0,70,11,TAAGCCTTCGACGATGGTTT,59,3674871
tolCp1,1.8333333333333333,32,11,TAACATTTGTACGTACTGCT,21,3709693
tolCp1,0.3333333333333333,14,11,TAAATTGTAGGGAAGAACAT,3,3671678
tolCp1,2.0833333333333335,35,11,TAAAGATTATCATCTTTCTA,24,3702063
tolCp1,0.75,19,11,TAAACCGTTTAGAGTCCTAC,8,3677752
tolCp1,1.5833333333333333,29,11,TAAACAGTATAGGGTCTTGA,18,3698598
tolCp1,2.4166666666666665,39,11,GTTTTTTTGGTTATGGACCT,28,3683433
tolCp1,5.5,76,11,GTTTCGAACCGCGTTTAGTA,65,3672610
tolCp1,3.8333333333333335,56,11,GTTGTGTGCCTGTCACAGCT,45,3696952
tolCp1,3.1666666666666665,48,11,GTGTTAATTCTCCTGCTAAC,37,3673481
tolCp1,2.0,34,11,GTGCTTTTATGACACCGAGT,23,3702933
tolCp1,0.9166666666666666,21,11,GTGACTTCTTTACGGCTTTA,10,3675686
tolCp1,2.0,34,11,GTCGTTGCTCCGGTGTAATG,23,3715531
tolCp1,1.1666666666666667,24,11,GTCGTGACATCTCCTCAATA,13,3668957
tolCp1,2.0833333333333335,35,11,GTCGTAGATTTATTAGGTAT,24,3690667
tolCp1,9.833333333333334,128,11,GTCGGCGGACGGTAAAATTA,117,3696415
tolCp1,2.75,43,11,GTCGCTACATTGAGTACTTT,32,3697828
tolCp1,16.25,205,11,GTCGCGACGAAACAGTACTT,194,3694060
tolCp1,2.5833333333333335,41,11,GTCCCGTATTGCCTGAAGAC,30,3677467
tolCp1,1.25,25,11,GTCATCTTAAACCGTTAGAT,14,3671176
tolCp1,1.8333333333333333,32,11,GTCAGCGCTACCGGACTCTC,21,3704004
tolCp1,2.0833333333333335,35,11,GTCACACCCGCCCTTGCATA,24,3689897
tolCp1,2.8333333333333335,44,11,GTATGTAGGGTGAATCTCTC,33,3705560
tolCp1,0.5833333333333334,17,11,GTAGTTCAGACATCCGACGA,6,3672146
tolCp1,5.416666666666667,75,11,GTACCGGCAGGACCTCTTAA,64,3676713
tolCp1,1.5,28,11,GTAAGTATCGTTCAGTCGGC,17,3693000
tolCp1,0.16666666666666666,12,11,GTAAAACAATATTGATTCAC,1,3700707
tolCp1,1.75,31,11,GGTTTGCCCTTCAGATGGGT,20,3691759
tolCp1,1.9166666666666667,33,11,GGTGTTGAGCAACGCTACTT,22,3707723
tolCp1,0.6666666666666666,18,11,GGTGGCGCTCAGTATCCGGA,7,3696251
tolCp1,2.8333333333333335,44,11,GGTCGCGCTTCGGAAAGGAT,33,3687271
tolCp1,1.3333333333333333,26,11,GGTACAGTACAATGCTCAAA,15,3674561
tolCp1,3.25,49,11,GGGTAATTCGGGAGGAAAGC,38,3665446
tolCp1,2.75,43,11,GGGGACAGCGGGTTGTACAA,32,3706129
tolCp1,4.75,67,11,GGGCTTCCATAGGTCTGCGC,56,3675513
tolCp1,5.416666666666667,75,11,GGGCAGGGTATGTACTAAAT,64,3700781
tolCp1,1.1666666666666667,24,11,GGGACTCCCATAGCACACGT,13,3678257
tolCp1,6.666666666666667,90,11,GGGACCAATCGGAGCTATTC,79,3684461
tolCp1,0.4166666666666667,15,11,GGCTAGGCCGCGAGTGCACA,4,3696159
tolCp1,1.5833333333333333,29,11,GGCCGGGTTACTGGCCGAAA,18,3669911
tolCp1,1.25,25,11,GGCCCATGTGATGATTAATT,14,3681685
tolCp1,1.5,28,11,GGCCACCGCCCTCAGAAATG,17,3678032
tolCp1,1.0833333333333333,23,11,GGCACGATCAAAGTCTGTGA,12,3697178
tolCp1,4.083333333333333,59,11,GGATTAGGGCTCGGTTCGAG,48,3664097
tolCp1,6.833333333333333,92,11,GGATGATGTGGTGGTAAATT,81,3686128
tolCp1,0.75,19,11,GGATACGCCCTCATTCTATG,8,3690610
tolCp1,1.1666666666666667,24,11,GGAGACGTTATTCAGCTTAC,13,3669614
tolCp1,6.916666666666667,93,11,GGAAGGGCGGATGAGTTAAT,82,3667204
tolCp1,0.5833333333333334,17,11,GGAAGGGCAATTGGCAATTT,6,3707801
tolCp1,1.3333333333333333,26,11,GCTGCTGTTCAGATATTGGT,15,3710738
tolCp1,0.75,19,11,GCGTGGTCCTTTCCCTCATC,8,3676099
tolCp1,0.5833333333333334,17,11,GCGTCTGGTCTGGGTTTAAG,6,3674516
tolCp1,10.833333333333334,140,11,GCGGAAACGTCGGACCAGTA,129,3682482
tolCp1,2.0833333333333335,35,11,GCGCGCATAGATGATCCTAC,24,3700122
tolCp1,2.0,34,11,GCGCAGCTCAGGGCGGTTGC,23,3682684
tolCp1,0.9166666666666666,21,11,GCGCAGCAATTGGCTATAAA,10,3679991
tolCp1,3.6666666666666665,54,11,GCGATTGTGTGGCGCCATAG,43,3674771
tolCp1,1.3333333333333333,26,11,GCCTAATGTCTTCCCAGGTC,15,3692482
tolCp1,0.75,19,11,GCCGGCCTACCTGCTTTTTC,8,3684019
tolCp1,2.3333333333333335,38,11,GCCGATGTGAATGACTCGTA,27,3713738
tolCp1,3.3333333333333335,50,11,GCCGAAGGTACGGCCTCCCG,39,3667253
tolCp1,0.9166666666666666,21,11,GCCATTACATGAATCCAGGG,10,3683884
tolCp1,1.3333333333333333,26,11,GCATGGGGGGGTGATATGTA,15,3667864
tolCp1,0.25,13,11,GCAGTGTCTAATTAATTTAC,2,3687078
tolCp1,1.0,22,11,GCAGCCTAACCGTAGACAGT,11,3709631
tolCp1,0.8333333333333334,20,11,GCAGCCGGTAATTGAACGTC,9,3696615
tolCp1,5.083333333333333,71,11,GCAGACGCCTTAGGCGCCTC,60,3697513
tolCp1,1.0,22,11,GCACTTGGATGGGGCGTAAG,11,3698385
tolCp1,0.5833333333333334,17,11,GCACAAGGCAGGCATTCTAG,6,3675827
tolCp1,0.9166666666666666,21,11,GATTGCTTAATGCGATTTAG,10,3715204
tolCp1,1.75,31,11,GATTGAGGCGCTTCTCTCCA,20,3693224
tolCp1,2.25,37,11,GATTAAGCGAATAGACGGGG,26,3684285
tolCp1,2.5833333333333335,41,11,GATCACACAGTTCTGGGGTA,30,3682179
tolCp1,0.16666666666666666,12,11,GATAGTGGTCACCGATACAC,1,3687086
tolCp1,0.75,19,11,GAGTTACTACATAGAGAAGC,8,3663977
tolCp1,2.0,34,11,GAGTAGCGACGCACGCAACG,23,3669687
tolCp1,0.9166666666666666,21,11,GAGGTAGTGGTACCGGCCCG,10,3701114
tolCp1,10.75,139,11,GAGGAACCGGGGCTGTTGTG,128,3677520
tolCp1,0.9166666666666666,21,11,GAGCTGCCTAACTCGTAATC,10,3668376
tolCp1,1.75,31,11,GAGCGGTTGAGACTTAAGAC,20,3709172
tolCp1,0.25,13,11,GAGCAGTAGGGGTGGTTTGC,2,3696049
tolCp1,0.8333333333333334,20,11,GAGAGAGAGTGCTAGTGGTA,9,3685027
tolCp1,1.5833333333333333,29,11,GAGACTTAGTGTCTTTGACT,18,3673041
tolCp1,3.5833333333333335,53,11,GAGACTAACGGAATAACGAT,42,3666581
tolCp1,0.16666666666666666,12,11,GACTGGTGGTAATCGATCCT,1,3698587
tolCp1,0.25,13,11,GACGTGGAGTTTAGTGGATA,2,3664450
tolCp1,0.16666666666666666,12,11,GACGGTCCTAGCAAGCCTTT,1,3688748
tolCp1,3.5833333333333335,53,11,GACCTCCAAGAGCGATTGGT,42,3698390
tolCp1,0.8333333333333334,20,11,GACAGCTATCCACGTGTACT,9,3662854
tolCp1,2.4166666666666665,39,11,GACACGAGGGGAATGGTTCA,28,3674036
tolCp1,1.1666666666666667,24,11,GAATCGGCAGGAAAACGGGT,13,3684876
tolCp1,5.166666666666667,72,11,GAATCGCAGTGTGTTATCTA,61,3682531
tolCp1,0.9166666666666666,21,11,GAAGTCGTGAAATCAGGGTT,10,3683366
tolCp1,0.16666666666666666,12,11,GAAGGGCAGTTGTATTCCCC,1,3678521
tolCp1,1.4166666666666667,27,11,GAAGGGACTGTCTGGTTCAT,16,3702421
tolCp1,1.0833333333333333,23,11,GAAGACTGTAAAGTGGAGCA,12,3694781
tolCp1,1.6666666666666667,30,11,GAAATGATGTATCTGGAAAC,19,3668270
tolCp1,1.0833333333333333,23,11,GAAAGATCCTCACATTGCCC,12,3676400
tolCp1,3.3333333333333335,50,11,GAAAATAATGGAGCCCAATA,39,3666585
tolCp1,1.8333333333333333,32,11,GAAAAGACGCCGTGCGTATA,21,3691986
tolCp1,1.1666666666666667,24,11,CTTGATAGAACCCGCTCCAT,13,3661837
tolCp1,3.75,55,11,CTGGGTGTCCCCTTTTTAAC,44,3674134
tolCp1,7.083333333333333,95,11,CTGGGTGCCCCCACAAAGCA,84,3674245
tolCp1,0.4166666666666667,15,11,CTGGATCCCGGACACTTTCT,4,3691925
tolCp1,1.5833333333333333,29,11,CTGCTCTGGTAACCTCTCAG,18,3688212
tolCp1,0.6666666666666666,18,11,CTGCCTTGCACCAGTGGGAG,7,3661832
tolCp1,7.0,94,11,CTGCCGGAAGGGGTTCTCAC,83,3676722
tolCp1,0.9166666666666666,21,11,CTGCCATTGGCTGCATCGGG,10,3671939
tolCp1,1.6666666666666667,30,11,CTGAGCTTATGGCCATGCCT,19,3685374
tolCp1,1.25,25,11,CTCGGGCCGGATAAACTGCA,14,3685882
tolCp1,3.25,49,11,CTCCTTACACATTCATGTTT,38,3667986
tolCp1,2.25,37,11,CTATGAGCCCGGGTACCATT,26,3661894
tolCp1,1.25,25,11,CTATCATGCTTCTGGGCGCT,14,3679666
tolCp1,2.75,43,11,CTAGGAGGGGCGAAGTTAAT,32,3681804
tolCp1,0.75,19,11,CTAGGAATCGCGCGCATTAT,8,3668514
tolCp1,0.3333333333333333,14,11,CTAGAGTGCCCGCTTTTGAT,3,3706186
tolCp1,0.5833333333333334,17,11,CTACTATGTACTGTTCCCAA,6,3689087
tolCp1,0.9166666666666666,21,11,CTACGGCTTACTCAATATTA,10,3695692
tolCp1,3.6666666666666665,54,11,CTACCTTGGCTCTGTAGGCT,43,3696009
tolCp1,0.6666666666666666,18,11,CTACATCCCGACGAATATCA,7,3673389
tolCp1,1.25,25,11,CTACAGCCCAGTGCAACCTT,14,3700954
tolCp1,6.666666666666667,90,11,CTAATCTCTTCAACCCGTTA,79,3704405
tolCp1,2.25,37,11,CTAAGCCGGCCTCAACAACC,26,3706131
tolCp1,1.25,25,11,CTAAAATCCGACCTCCAACC,14,3706249
tolCp1,1.0,22,11,CGTTTGTTGCATCCACTAAT,11,3692554
tolCp1,1.3333333333333333,26,11,CGTTACTGCTTGTCCTATAG,15,3692266
tolCp1,1.3333333333333333,26,11,CGTGTCTAAGCGCCGTGTCG,15,3677047
tolCp1,2.5,40,11,CGTGGACAGATCAATATTTG,29,3681717
tolCp1,1.8333333333333333,32,11,CGTCTTGATGTAAAAACGCT,21,3669301
tolCp1,1.25,25,11,CGGTGTCTCCTCTACCGGCG,14,3697902
tolCp1,1.3333333333333333,26,11,CGGTCGAACGTACTGCAAGG,15,3681347
tolCp1,1.6666666666666667,30,11,CGGCGCCCACCTGTTGGACT,19,3708430
tolCp1,2.9166666666666665,45,11,CGGCGCAATCGCGGCTGAGA,34,3680956
tolCp1,3.5,52,11,CGGCCGAATGTGCAAACAGA,41,3710152
tolCp1,1.0,22,11,CGGCCCGATTGTCAAAGCGT,11,3683462
tolCp1,2.3333333333333335,38,11,CGGCATCAAGTAGGTTATCA,27,3690579
tolCp1,1.6666666666666667,30,11,CGGATCGACGACCCCCCAGA,19,3711231
tolCp1,5.916666666666667,81,11,CGGAATGGGGCGCAGTCAGA,70,3670847
tolCp1,1.5833333333333333,29,11,CGCGTTGAGTTTATATTCAC,18,3683057
tolCp1,5.75,79,11,CGCGAAGAGTGTGTATCTCG,68,3664667
tolCp1,0.5,16,11,CGCCGCGCGTAGAGACCGAT,5,3695599
tolCp1,34.833333333333336,428,11,CGCCGCAAAGCCTGCCGTTA,417,3696441
tolCp1,2.0833333333333335,35,11,CGCCAGAACATGTAATTTGA,24,3692303
tolCp1,0.16666666666666666,12,11,CGCATCAGCTCACAGGATTA,1,3666095
tolCp1,1.5833333333333333,29,11,CGCACCCGGCTTTAATCTAA,18,3706999
tolCp1,2.25,37,11,CGATGGCTTTTCATCCCGGG,26,3688747
tolCp1,11.25,145,11,CGAGGAGAGAGAGAACGGTC,134,3666474
tolCp1,1.0,22,11,CGAGCCTTGCTTGGGGCGCA,11,3683348
tolCp1,2.0,34,11,CGAGCATTTTGTCTAGGAGA,23,3701905
tolCp1,2.0,34,11,CGAACGGGCATGTAATTGGA,23,3702993
tolCp1,2.1666666666666665,36,11,CCTTAGGCGGCCTCCGGCGA,25,3703527
tolCp1,0.75,19,11,CCTGTGGTCGGCGTCGGGGG,8,3673027
tolCp1,0.4166666666666667,15,11,CCTGACCCTCACCCCTTTTA,4,3677621
tolCp1,1.4166666666666667,27,11,CCTCGCAGGGTCTCCGGAAT,16,3663648
tolCp1,4.25,61,11,CCTCCAGGTGAACCTATTCC,50,3668588
tolCp1,0.5,16,11,CCTATTAATCAGGTTAGAAT,5,3692034
tolCp1,2.0833333333333335,35,11,CCTACCCATTGGTGGGCGTA,24,3690424
tolCp1,8.25,109,11,CCTAACCCGCCACGATTCGC,98,3677504
tolCp1,3.6666666666666665,54,11,CCGGACCGCAGCAACGGACT,43,3695849
tolCp1,1.6666666666666667,30,11,CCGCGCCTGGGAAAGGAGAT,19,3662573
tolCp1,0.5,16,11,CCGCGATGTATTCCGCCTTG,5,3668534
tolCp1,15.833333333333334,200,11,CCGCAGACATGAATCCCGTG,189,3688810
tolCp1,0.75,19,11,CCCGGCAAGTTAAACAAACG,8,3688644
tolCp1,0.9166666666666666,21,11,CCCCGAGTGTTACCCGTAAA,10,3669898
tolCp1,1.6666666666666667,30,11,CCCCACGGGGAGCGCGGGTA,19,3670759
tolCp1,0.8333333333333334,20,11,CCCACAATTGCGAGCTAGTA,9,3683942
tolCp1,0.75,19,11,CCCAAGGCCGATAACTCTAG,8,3698144
tolCp1,1.3333333333333333,26,11,CCATCGTCCAATGTGGTGTT,15,3670530
tolCp1,0.9166666666666666,21,11,CCAGCAATTCGAGGCCGAAT,10,3667025
tolCp1,9.833333333333334,128,11,CCACGGAGTGGTTGGAATGT,117,3681835
tolCp1,0.6666666666666666,18,11,CCACCCACTCTTTTGGTAAG,7,3669267
tolCp1,1.1666666666666667,24,11,CCAATTACCGCTACCCTTGG,13,3671213
tolCp1,1.4166666666666667,27,11,CATTATTCCCGTTCACTTAG,16,3708431
tolCp1,12.916666666666666,165,11,CATGGTGGATTCCGTATCGA,154,3685305
tolCp1,2.9166666666666665,45,11,CATGATGTCGTTAGAAGAAA,34,3663392
tolCp1,1.6666666666666667,30,11,CATGAAACAACAGACAACTA,19,3707386
tolCp1,0.75,19,11,CATCATGCGTTAGAATTGCT,8,3666313
tolCp1,0.4166666666666667,15,11,CATAAGGCGAGCCGTCAGAA,4,3692624
tolCp1,1.1666666666666667,24,11,CAGTATGTATATTGTCGCTT,13,3675129
tolCp1,1.0,22,11,CAGGTGGATAGTTTAGTATC,11,3664670
tolCp1,1.9166666666666667,33,11,CAGGTCAGCCTACACGACGA,22,3703935
tolCp1,0.16666666666666666,12,11,CAGCAGACCGAGAACCCGAC,1,3687723
tolCp1,0.75,19,11,CAGCAACATGTTATTCGGTA,8,3710522
tolCp1,1.5833333333333333,29,11,CAGATAACGCTGTCGTCTGT,18,3698025
tolCp1,3.1666666666666665,48,11,CAGAGGGGCCGATGTGTAAC,37,3677690
tolCp1,0.5833333333333334,17,11,CAGAGCGTGGTATCCAACTT,6,3676259
tolCp1,3.75,55,11,CAGAATTGGGACGGATCGTC,44,3711062
tolCp1,2.3333333333333335,38,11,CACTTCCTACGTGTTTCGGA,27,3693231
tolCp1,0.16666666666666666,12,11,CACTGAACTCTAAACTCGGG,1,3677334
tolCp1,0.6666666666666666,18,11,CACGATCCGCAAATGTATCC,7,3673387
tolCp1,22.916666666666668,285,11,CACGATAATCTACTTTCTCC,274,3708570
tolCp1,5.166666666666667,72,11,CAAGCTGAGGATTACCATAG,61,3686590
tolCp1,4.666666666666667,66,11,CAACGAATGGATCGAAATGG,55,3664184
tolCp1,0.8333333333333334,20,11,CAACAAATTGAGAAGGGACT,9,3674997
tolCp1,2.0833333333333335,35,11,CAAAGTAAGCCATCACTCAC,24,3661508
tolCp1,5.833333333333333,80,11,CAAACTGCGGATAAGAGGGT,69,3700957
tolCp1,0.9166666666666666,21,11,CAAACGCGAGACAGTCTCTG,10,3713043
tolCp1,3.6666666666666665,54,11,ATTTAGGGTTAGCCGTGGAA,43,3670569
tolCp1,2.5833333333333335,41,11,ATTGCGTTGAGCGAATGAGC,30,3675922
tolCp1,1.0833333333333333,23,11,ATTGAGAACACTATCGTTAA,12,3707938
tolCp1,2.0833333333333335,35,11,ATTCGGTATTGGTTTCGGTT,24,3676949
tolCp1,2.0833333333333335,35,11,ATTCAACAAGGTACCTACAA,24,3695516
tolCp1,1.4166666666666667,27,11,ATTATGCTCAAGTCTGTTTC,16,3695715
tolCp1,3.0833333333333335,47,11,ATGTTTATAGGCAGCTATGG,36,3680846
tolCp1,1.8333333333333333,32,11,ATGGTAAAATCTCACACATA,21,3683926
tolCp1,1.0,22,11,ATGGGTGTGTCGATTATCCT,11,3690850
tolCp1,0.8333333333333334,20,11,ATGGAATAAAAATTTCTACA,9,3681051
tolCp1,0.4166666666666667,15,11,ATGAGCTTTATCGTATAAAC,4,3681529
tolCp1,0.9166666666666666,21,11,ATCTTATGTATACAGGATCA,10,3671179
tolCp1,4.833333333333333,68,11,ATCTACGGTTAACCTAACCT,57,3690030
tolCp1,0.6666666666666666,18,11,ATCTACGAACTTCCTCAAAA,7,3675298
tolCp1,3.25,49,11,ATCTAACCAAACACAAGCAG,38,3667225
tolCp1,4.25,61,11,ATCGGGGCTGCTCGTGCACA,50,3664777
tolCp1,0.3333333333333333,14,11,ATCGGCCCCAACCCGTGTGG,3,3695067
tolCp1,3.0833333333333335,47,11,ATCGCTGTGTGAAAATCAGT,36,3661271
tolCp1,11.416666666666666,147,11,ATCGAGCCCTTGGGTGAGGG,136,3666471
tolCp1,0.6666666666666666,18,11,ATCCACTCGCCCCATTCTCG,7,3686959
tolCp1,0.75,19,11,ATCATCGAGAAAAAGCTCCG,8,3672560
tolCp1,4.666666666666667,66,11,ATCACAGTCACGTTCGGCCT,55,3670958
tolCp1,0.16666666666666666,12,11,ATCACACGGGGGACTGGGAT,1,3687435
tolCp1,8.75,115,11,ATATCATCTACAATTGGACA,104,3700092
tolCp1,1.9166666666666667,33,11,ATAGGCCTACAGTTCTGATT,22,3690600
tolCp1,1.1666666666666667,24,11,ATACCGATACTCATCTAAGC,13,3668986
tolCp1,2.9166666666666665,45,11,AGTTTGTACTGGAAGTATTT,34,3683653
tolCp1,0.5,16,11,AGTTTAGTACAGGTATAGGA,5,3689617
tolCp1,1.6666666666666667,30,11,AGTTGCAGCGTGTCTAGTTT,19,3666214
tolCp1,1.0833333333333333,23,11,AGTTACCAAGGGCAATCCAA,12,3713575
tolCp1,11.166666666666666,144,11,AGTATTTATGAGCTGGTCTA,133,3676203
tolCp1,1.25,25,11,AGTATGAAGAGTTGGCAAAA,14,3680480
tolCp1,3.3333333333333335,50,11,AGTAGAGAACAGCTCGATCG,39,3665089
tolCp1,0.16666666666666666,12,11,AGTACAGTTTCCAGCGATCC,1,3668946
tolCp1,1.0833333333333333,23,11,AGTAATTCATAAATCGTGGA,12,3672249
tolCp1,1.1666666666666667,24,11,AGGTGTATGGCATGTGCAGA,13,3706824
tolCp1,9.0,118,11,AGGTCCAACCCCTGCGCTAC,107,3689291
tolCp1,2.0,34,11,AGGGCTAATCGGGTTAGACT,23,3664238
tolCp1,1.8333333333333333,32,11,AGGCCTATGCTCGTCTACAT,21,3673535
tolCp1,0.16666666666666666,12,11,AGGAGCATAGTGTATGTACG,1,3699281
tolCp1,0.9166666666666666,21,11,AGGACTGTGAAACCTACTTC,10,3673252
tolCp1,0.5,16,11,AGGACCTGAAGTAAACCACA,5,3674758
tolCp1,0.9166666666666666,21,11,AGGAACCAACTAAGATTACA,10,3695535
tolCp1,0.9166666666666666,21,11,AGCTTGGTAGCCTTCAATAG,10,3685955
tolCp1,2.1666666666666665,36,11,AGCGCTGCTGCAATCGCGTG,25,3668124
tolCp1,0.16666666666666666,12,11,AGCCACTCAGCATTTATTTT,1,3698566
tolCp1,1.5833333333333333,29,11,AGCATTCGAGAGATCGACAC,18,3678763
tolCp1,1.0,22,11,AGCAATCGTTTGTGACATAA,11,3663954
tolCp1,6.666666666666667,90,11,AGAGCTCTCCTAGTCCAACT,79,3699691
tolCp1,6.666666666666667,90,11,AGACGAGTGGTTGGATCCGT,79,3686410
tolCp1,8.166666666666666,108,11,AGACAACGTGGCCCCTAACT,97,3672721
tolCp1,0.5,16,11,ACTTGTGAGTTTGCCGAGTC,5,3677837
tolCp1,20.583333333333332,257,11,ACTTACGGTCCCGATCAGCA,246,3702437
tolCp1,3.0,46,11,ACTGACGTCAATACAGTACG,35,3686080
tolCp1,0.5833333333333334,17,11,ACTACGATAACTGTGTTCCG,6,3688252
tolCp1,1.1666666666666667,24,11,ACTACAGATCCAGATGCTAT,13,3695090
tolCp1,20.25,253,11,ACTACAAGGGAATTCTGGAG,242,3688105
tolCp1,0.5,16,11,ACGTAGAAAGCACACACTTG,5,3674909
tolCp1,2.3333333333333335,38,11,ACGTAATTGAAAGGTCAATC,27,3666037
tolCp1,1.6666666666666667,30,11,ACGGTATTGTCCGTGCCGGA,19,3710757
tolCp1,11.666666666666666,150,11,ACGATCAACCTCGGGACCAC,139,3688508
tolCp1,0.3333333333333333,14,11,ACGAGCGTTGCTGTACAGCT,3,3699961
tolCp1,6.583333333333333,89,11,ACGACCGTTTTTATAGTGTA,78,3678626
tolCp1,0.8333333333333334,20,11,ACCTCCAAGCAGTCAGGGTC,9,3674948
tolCp1,1.25,25,11,ACCGCATAAGAATCATATTA,14,3673070
tolCp1,4.666666666666667,66,11,ACCCAACGTCTTTTTTGCAA,55,3665451
tolCp1,0.4166666666666667,15,11,ACCATATTACCCACGGAACT,4,3687568
tolCp1,1.5833333333333333,29,11,ACCAGATGTCAGTTCCGAAT,18,3712146
tolCp1,0.16666666666666666,12,11,ACATTCCTGGGCTCCCACGT,1,3689922
tolCp1,1.4166666666666667,27,11,ACATTAAAGGTACCTTGTCT,16,3668436
tolCp1,1.5833333333333333,29,11,ACATGAGGCCATGTCACTCA,18,3693372
tolCp1,3.1666666666666665,48,11,ACAGCACAAGCCCTCGCCAC,37,3673542
tolCp1,0.9166666666666666,21,11,ACACTAATGGTACGCTAGAG,10,3701533
tolCp1,0.8333333333333334,20,11,ACACCAGGGGCAGGTGGTTC,9,3670189
tolCp1,4.666666666666667,66,11,ACAAAGGATATAGGGAAGCT,55,3714679
tolCp1,1.75,31,11,AATACTGTCCGGGAACGGCC,20,3667135
tolCp1,0.6666666666666666,18,11,AATAACTCTGGCCAAATTTG,7,3706554
tolCp1,0.75,19,11,AAGTTGGCGTGTCCTCAAGT,8,3695827
tolCp1,2.5,40,11,AAGTGTCCCAAATGCGATCG,29,3674203
tolCp1,6.416666666666667,87,11,AAGCGGGTGTGAAAGAATTA,76,3677203
tolCp1,0.4166666666666667,15,11,AACTAGGCCCCAGCGGTTGC,4,3663254
tolCp1,0.6666666666666666,18,11,AACATTGGTGGTAACTGCGA,7,3697727
tolCp1,0.75,19,11,AACATTAAATCGCCTCGTGA,8,3684287
tolCp1,0.9166666666666666,21,11,AACATCTTGGTACCGCGACT,10,3699882
tolCp1,1.0833333333333333,23,11,AACACACGGCCGTTGGCCAG,12,3668003
tolCp1,1.1666666666666667,24,11,AAAGAGTAGCCCTTTTCGAA,13,3668108
tolCp1,1.4166666666666667,27,11,AAACGTGGTGGAGGGCTTCT,16,3690407
tolCp1,2.0833333333333335,35,11,AAAATTCCGAACGACTGAGT,24,3664090
tolCp1,1.4545454545454546,25,10,TTTTTGTTCGAGTGCACCTT,15,3708355
tolCp1,4.363636363636363,57,10,TTTTGTAGTGGAGCGGAATT,47,3686713
tolCp1,0.6363636363636364,16,10,TTTTCGAAAATCAAAAACGA,6,3687712
tolCp1,3.4545454545454546,47,10,TTTTAGTTATTACCGATGTA,37,3680055
tolCp1,2.1818181818181817,33,10,TTTCTCCAAACCTGTATGGT,23,3687388
tolCp1,3.8181818181818183,51,10,TTTCGCTAGATGTATGTGTT,41,3698100
tolCp1,0.18181818181818182,11,10,TTTCATCGCGAACGTAAGTG,1,3673285
tolCp1,5.818181818181818,73,10,TTTCAACCTCGCCCTTGGGA,63,3688449
tolCp1,2.272727272727273,34,10,TTTAGTGCCCAGCCAACCGG,24,3674752
tolCp1,0.6363636363636364,16,10,TTTAGGGAGATTGGACATTA,6,3707985
tolCp1,1.2727272727272727,23,10,TTTAATCATTCTCACGTCGG,13,3703924
tolCp1,4.181818181818182,55,10,TTGTTTAGAAGAGCTATGGT,45,3711035
tolCp1,6.0,75,10,TTGTATTAACTCAATGATAT,65,3664177
tolCp1,0.5454545454545454,15,10,TTGTACAAAGCTGGGGGTAA,5,3676216
tolCp1,27.181818181818183,308,10,TTGTAACGCGGTTACCGATT,298,3694011
tolCp1,0.36363636363636365,13,10,TTGGCGCTGTCCCCGGCTGG,3,3664157
tolCp1,1.0909090909090908,21,10,TTGCAAGCCCTTTACCACGA,11,3709943
tolCp1,1.3636363636363635,24,10,TTGATGAATGATACTCACGT,14,3707623
tolCp1,1.7272727272727273,28,10,TTGAATATGCATGGGAGACG,18,3705989
tolCp1,39.18181818181818,440,10,TTGAAGTAACGCGCAGTCTC,430,3687911
tolCp1,1.0909090909090908,21,10,TTGAAGACCCCTGCACGGCT,11,3705776
tolCp1,0.7272727272727273,17,10,TTGAACAAAAACAAGGACAC,7,3661528
tolCp1,1.0,20,10,TTCTATCCTTGAAGGCTTAA,10,3709250
tolCp1,0.6363636363636364,16,10,TTCCAGATACGTGCACCGTT,6,3711739
tolCp1,3.090909090909091,43,10,TTCACCGGCCCTGACGGCTA,33,3703792
tolCp1,2.0,31,10,TTAGTCACGCTCGGTGGAAT,21,3681815
tolCp1,0.5454545454545454,15,10,TTAGTAGAGTGCGAGGTCCG,5,3665046
tolCp1,3.3636363636363638,46,10,TTAGCGGGGGACTGGGCTAT,36,3682483
tolCp1,3.0,42,10,TTACTCGTCAGCTTGAAATA,32,3697003
tolCp1,0.5454545454545454,15,10,TTACTAGGTACCCTTGTAAT,5,3672632
tolCp1,1.6363636363636365,27,10,TTAAATAAAGGACAGCATCA,17,3714979
tolCp1,9.636363636363637,115,10,TGTTAGGATACCCTCTCATA,105,3691107
tolCp1,1.0909090909090908,21,10,TGTGTAAACTCGTGCTCGTC,11,3702260
tolCp1,0.8181818181818182,18,10,TGTGGTAGAGGAGGATAAGT,8,3714136
tolCp1,2.1818181818181817,33,10,TGTCTCCTCTTTGCTCCAAC,23,3706681
tolCp1,0.8181818181818182,18,10,TGTCCTATGGTTATCACGCG,8,3671378
tolCp1,2.8181818181818183,40,10,TGTCCAACAATTCCGAAGGT,30,3715264
tolCp1,20.0,229,10,TGTATGCCACGAGGCATGTG,219,3674462
tolCp1,0.18181818181818182,11,10,TGTAACTTATGGGATCCACG,1,3667477
tolCp1,0.36363636363636365,13,10,TGGGTATCACAAGTCTCCTT,3,3689254
tolCp1,6.454545454545454,80,10,TGGCAATTAGAGGCAGAACG,70,3670640
tolCp1,2.272727272727273,34,10,TGGATTGGTCTGCACCTTGG,24,3676360
tolCp1,1.4545454545454546,25,10,TGCTAGAATCTCATGAAATC,15,3664690
tolCp1,0.18181818181818182,11,10,TGCGGGAAGGTTTTCACGGC,1,3710584
tolCp1,1.2727272727272727,23,10,TGCGAGCCATGAGCATCCAC,13,3715311
tolCp1,0.7272727272727273,17,10,TGCCTTACAGGCATCAATAC,7,3697841
tolCp1,3.272727272727273,45,10,TGATCGGGCGCTCACAAGGG,35,3700127
tolCp1,2.272727272727273,34,10,TGAGGACGTTTGAGGAATTA,24,3677287
tolCp1,9.454545454545455,113,10,TGAAGTCGGTCTAGCTCTCA,103,3688902
tolCp1,1.8181818181818181,29,10,TCTTTCGAGCGCCGGCCCGG,19,3661912
tolCp1,1.4545454545454546,25,10,TCTGTGGCATTGCCTAGTTC,15,3697532
tolCp1,0.9090909090909091,19,10,TCTGCCTAGGGTACCGCCGA,9,3691173
tolCp1,1.1818181818181819,22,10,TCTGATCATCCGAGAAGTCT,12,3695126
tolCp1,0.6363636363636364,16,10,TCTGACTAAATACAGAACCC,6,3696788
tolCp1,0.18181818181818182,11,10,TCTCTGACTACCACCTACGA,1,3699271
tolCp1,2.909090909090909,41,10,TCTAGATTCCAACGAGATCA,31,3715294
tolCp1,3.090909090909091,43,10,TCGTGGGAGTAAAGTTGTGT,33,3679849
tolCp1,3.727272727272727,50,10,TCGGGAGTCCCCCTCCACAC,40,3677515
tolCp1,0.36363636363636365,13,10,TCGGCCGATAGAGAGCATCT,3,3699425
tolCp1,14.0,163,10,TCGAGTTGACTCGGTCCCAC,153,3695652
tolCp1,0.2727272727272727,12,10,TCGACCATACTCAGAGTCAT,2,3679359
tolCp1,2.090909090909091,32,10,TCCTCCCCGCTAAGGGGACG,22,3670961
tolCp1,0.45454545454545453,14,10,TCCTACGTCGCTGGTATCAT,4,3687587
tolCp1,2.8181818181818183,40,10,TCCGTCTTCATTACACGTTG,30,3710154
tolCp1,0.6363636363636364,16,10,TCCGTCCTAACACGTGCCTA,6,3668688
tolCp1,0.18181818181818182,11,10,TCCAAGACAACATGCCATCA,1,3714789
tolCp1,2.5454545454545454,37,10,TCATTGAAGAACTTGCTACA,27,3663268
tolCp1,3.1818181818181817,44,10,TCATCCGACATGTGCGGGGG,34,3661678
tolCp1,0.7272727272727273,17,10,TCATCAGTAGCGTTGGTTGA,7,3668136
tolCp1,1.4545454545454546,25,10,TCAGCTCCGTTATTCCTCAT,15,3698908
tolCp1,0.18181818181818182,11,10,TCAGCGTTACGGCTGCGGTG,1,3707576
tolCp1,6.909090909090909,85,10,TCAAAGTCCTGAAAAGCTCG,75,3702344
tolCp1,11.181818181818182,132,10,TATTTAGACTGAATATATCT,122,3697307
tolCp1,1.8181818181818181,29,10,TATATAAGTTGTTTTGATCA,19,3696594
tolCp1,16.545454545454547,191,10,TATAACTCCCAGTAGATAGG,181,3665292
tolCp1,0.9090909090909091,19,10,TAGGCTAAGCAGCGAACCCT,9,3674373
tolCp1,0.6363636363636364,16,10,TAGCCTCTGTTTACCGCCAG,6,3675144
tolCp1,2.272727272727273,34,10,TAGCACATGCGATGATTTCA,24,3693591
tolCp1,4.090909090909091,54,10,TAGACCGCCAGTAGTCCGCT,44,3666695
tolCp1,3.0,42,10,TACTGCTACGGTCTACAGTT,32,3697446
tolCp1,1.0909090909090908,21,10,TACGACAACATATTGTGAGC,11,3714976
tolCp1,2.272727272727273,34,10,TACCGAGGAGTGTTCACTCA,24,3688384
tolCp1,1.0,20,10,TACATTGGAAGAGATCCGAT,10,3666752
tolCp1,0.18181818181818182,11,10,TACAGCCCGACCTCTGTAGG,1,3671945
tolCp1,1.0909090909090908,21,10,TACAAGGTGAGTCTCTTGGG,11,3677313
tolCp1,1.6363636363636365,27,10,TAATCTATATGCCATGGGCG,17,3713400
tolCp1,9.909090909090908,118,10,TAACTATTTTTTCCGTTCAA,108,3702441
tolCp1,11.181818181818182,132,10,TAAACAAGTCGCTTGGGTGA,122,3701749
tolCp1,3.909090909090909,52,10,GTTCGGCTAAGGGATCGTGG,42,3666555
tolCp1,5.454545454545454,69,10,GTTAACCGGGTGCCTAGGCT,59,3698450
tolCp1,0.6363636363636364,16,10,GTGTGTAACACACGGTACCC,6,3675295
tolCp1,0.9090909090909091,19,10,GTGTGGAGCACGTTAATTAC,9,3681997
tolCp1,0.2727272727272727,12,10,GTGTGACGCCGTCAACGAGA,2,3709590
tolCp1,3.1818181818181817,44,10,GTGTACCCAGTTCCCACTGT,34,3706133
tolCp1,1.1818181818181819,22,10,GTGGTTAAAGCGGTCTGGAA,12,3672592
tolCp1,10.727272727272727,127,10,GTGGTCCGCTTCGCGCCTTC,117,3677717
tolCp1,0.8181818181818182,18,10,GTGGGTAGAATGTATATTTT,8,3679122
tolCp1,2.909090909090909,41,10,GTGGGGCGTACAGCTGAAGT,31,3675302
tolCp1,0.18181818181818182,11,10,GTGGAATAGCCGGAGTCCTT,1,3703036
tolCp1,3.4545454545454546,47,10,GTGCCATGTCGAAATATGGC,37,3715290
tolCp1,1.6363636363636365,27,10,GTGATACCTACACATAGCTG,17,3667626
tolCp1,2.1818181818181817,33,10,GTCTAAAAGGCGCGTACGGC,23,3705921
tolCp1,1.6363636363636365,27,10,GTCCTAATAGTCGTATTGCG,17,3713147
tolCp1,3.8181818181818183,51,10,GTCCCGTAAGATGCCGTCAT,41,3697614
tolCp1,1.3636363636363635,24,10,GTCACCGAGAGTAAACTGCT,14,3662525
tolCp1,0.2727272727272727,12,10,GTATTCTTCACACCTCTCCT,2,3700433
tolCp1,0.9090909090909091,19,10,GTATGCGCCCGGGCACAAGA,9,3698126
tolCp1,9.636363636363637,115,10,GTATACGGCATAGCAGTAGT,105,3695649
tolCp1,5.2727272727272725,67,10,GTAGGCGTGTTGAGACCAAC,57,3688510
tolCp1,3.090909090909091,43,10,GTACGCAGTTACACTAGCTG,33,3669615
tolCp1,12.363636363636363,145,10,GTACAGCATATCGAGATCTC,135,3671501
tolCp1,1.9090909090909092,30,10,GGTTGCTGATAGTGACCAAC,20,3675187
tolCp1,1.8181818181818181,29,10,GGTTATCTGAACATTGGTGT,19,3704459
tolCp1,0.2727272727272727,12,10,GGTAGTAACACATAAATGAG,2,3703573
tolCp1,1.0909090909090908,21,10,GGGTAGGAGCGTCCGTCCGT,11,3711637
tolCp1,1.0,20,10,GGGTAAGGGTGCAACCCCAT,10,3699760
tolCp1,7.454545454545454,91,10,GGGGTGTCATTTGGAGTATA,81,3686824
tolCp1,4.636363636363637,60,10,GGGGCACGGTTTGTAAGAAA,50,3687352
tolCp1,0.36363636363636365,13,10,GGGGATTACGCAGGTAATAT,3,3682296
tolCp1,0.5454545454545454,15,10,GGGCTACCTCGAGCAAACCT,5,3690546
tolCp1,1.0909090909090908,21,10,GGGAGCGCAATACCAGGCTT,11,3668130
tolCp1,14.090909090909092,164,10,GGGAGAACAGGGATGTCATA,154,3689007
tolCp1,1.3636363636363635,24,10,GGGAATATTCAGGGGGTGAG,14,3664148
tolCp1,5.181818181818182,66,10,GGGAAGAGTCGCCTGATTTA,56,3698479
tolCp1,0.36363636363636365,13,10,GGGAAACTTCACACTCGCTA,3,3663756
tolCp1,2.0,31,10,GGCTGCCCCCCCGACCATTT,21,3669346
tolCp1,1.1818181818181819,22,10,GGCGTGTGAGGGCTAATGAT,12,3693343
tolCp1,3.0,42,10,GGATTTGGCCTCTAGATTCG,32,3684149
tolCp1,3.727272727272727,50,10,GGATTACCTCCATATCATCA,40,3673036
tolCp1,0.8181818181818182,18,10,GGATTACACAACCGTGAATG,8,3680354
tolCp1,0.45454545454545453,14,10,GGATGCCTGCTTCTCCCAGA,4,3672036
tolCp1,1.3636363636363635,24,10,GGATGCACGTTTATTGACCT,14,3667112
tolCp1,0.45454545454545453,14,10,GGAGCCATGCAAGCTTCGTG,4,3676073
tolCp1,5.363636363636363,68,10,GGACGGCTTACCTAAGCCAA,58,3684615
tolCp1,0.18181818181818182,11,10,GGAACGGTGCCCCAGAATAC,1,3702640
tolCp1,1.3636363636363635,24,10,GCTTTCCATTGACATCTTGA,14,3672818
tolCp1,1.4545454545454546,25,10,GCTTGCCCGGTGACTGGTGG,15,3690751
tolCp1,2.727272727272727,39,10,GCTCATGCTTTAAGCGGTGC,29,3706058
tolCp1,2.1818181818181817,33,10,GCGGTGGACAACTGAACCGC,23,3694968
tolCp1,1.1818181818181819,22,10,GCGGTAGCCCAAACAGGAAG,12,3707291
tolCp1,0.8181818181818182,18,10,GCGGATTGTTTGGTTGTTTA,8,3665622
tolCp1,0.18181818181818182,11,10,GCCTTTTGTTAGGTCCTCCC,1,3665877
tolCp1,1.9090909090909092,30,10,GCCTGATTATGGCTAGCAGA,20,3706808
tolCp1,3.5454545454545454,48,10,GCCGGTTCGCTAGCAGGAAA,38,3672233
tolCp1,4.181818181818182,55,10,GCCGGCCCGGGTTGTCCGTT,45,3701471
tolCp1,1.5454545454545454,26,10,GCCAGTCCACTCTCAGGGAA,16,3701432
tolCp1,6.7272727272727275,83,10,GCATTGGTCGCTCAGATTGT,73,3678211
tolCp1,41.18181818181818,462,10,GCATGCGCAACTCTGCAATA,452,3712521
tolCp1,0.18181818181818182,11,10,GCAATCACTTGCGTAGTCGG,1,3679764
tolCp1,1.0909090909090908,21,10,GATTGTCGTCACTCGGCCCT,11,3690709
tolCp1,3.090909090909091,43,10,GATTCGTCGGGGGAGGAGCT,33,3662891
tolCp1,14.818181818181818,172,10,GATTATCAATTTGCCCAGAA,162,3672847
tolCp1,1.4545454545454546,25,10,GATGCCGGTTGGGGCTGAAG,15,3664033
tolCp1,2.4545454545454546,36,10,GATAACCCCTGCATGGGGGT,26,3684103
tolCp1,0.2727272727272727,12,10,GAGTTTGACGTCGCTTGCGA,2,3680137
tolCp1,4.636363636363637,60,10,GAGTTCGCTTACAGTCAAAC,50,3677200
tolCp1,5.454545454545454,69,10,GAGTCGTACCATCGCTGTCT,59,3675459
tolCp1,1.1818181818181819,22,10,GAGGTGAAGTATGTAGATAT,12,3681943
tolCp1,0.18181818181818182,11,10,GAGCGGTAGGTTTGATGAAT,1,3673505
tolCp1,9.454545454545455,113,10,GAGATACAGGGTGGAGCCAA,103,3688818
tolCp1,1.6363636363636365,27,10,GAGAGCGCTGACCAAAGGAG,17,3692132
tolCp1,1.5454545454545454,26,10,GACGAAGACTCCTTTATAAA,16,3699260
tolCp1,8.181818181818182,99,10,GACCAAGAGCGCTTCGACTA,89,3691911
tolCp1,1.5454545454545454,26,10,GACATGGACGCAAGACCTCA,16,3684211
tolCp1,1.1818181818181819,22,10,GAACTCAATGTCTTGAAGAA,12,3678920
tolCp1,3.6363636363636362,49,10,GAACTAGAATAGTTGGTCAG,39,3702680
tolCp1,0.5454545454545454,15,10,GAACGGCCTCTCTGGCGGTA,5,3673863
tolCp1,1.0909090909090908,21,10,GAAATCGCAAGAACGGAGCG,11,3702009
tolCp1,2.1818181818181817,33,10,GAAACTGTTGAGGTGATCTT,23,3669161
tolCp1,1.0,20,10,GAAAATCACTTATTACTCTC,10,3673795
tolCp1,4.545454545454546,59,10,CTTTCCGGTCATCTCTCGAG,49,3696486
tolCp1,0.8181818181818182,18,10,CTTTCATGCCTCGAGACTAT,8,3662502
tolCp1,8.454545454545455,102,10,CTTCCTTTGTTTGTTGCATG,92,3681269
tolCp1,1.1818181818181819,22,10,CTTATAATTCTCTCCAAACT,12,3667587
tolCp1,7.545454545454546,92,10,CTTAGACTGAGCTCTCGGGA,82,3712001
tolCp1,3.4545454545454546,47,10,CTTACTTTCCTCGCCTAATA,37,3664612
tolCp1,2.0,31,10,CTGTCAGTTGCTGTGAGGAA,21,3701314
tolCp1,0.6363636363636364,16,10,CTGTAGTCGGGTCACCTTCG,6,3668186
tolCp1,1.0,20,10,CTGGGTCCCTCGGCAGTTCT,10,3685659
tolCp1,1.5454545454545454,26,10,CTGGGATCAACCCATAAGGG,16,3662959
tolCp1,0.6363636363636364,16,10,CTGACTCGTTTTGCGAGGGC,6,3675360
tolCp1,0.8181818181818182,18,10,CTCTAAGGGGGCCATCATTT,8,3694935
tolCp1,28.454545454545453,322,10,CTCTAAGACTTCGTTCGATT,312,3706089
tolCp1,3.8181818181818183,51,10,CTCTAACACTGCTGGAAAAG,41,3696885
tolCp1,1.3636363636363635,24,10,CTCGCTCTTGCGCAGATCCT,14,3678300
tolCp1,0.8181818181818182,18,10,CTCGACGAGACGTGCAAGTA,8,3714844
tolCp1,63.54545454545455,708,10,CTCCTCCTGTTTTATGGGAT,698,3671040
tolCp1,3.0,42,10,CTCCAAACGATGTACGTCGC,32,3680939
tolCp1,3.4545454545454546,47,10,CTCACGATCTGGGAACCTTG,37,3666222
tolCp1,0.2727272727272727,12,10,CTAGCCAGGGATTTAGTAGT,2,3667758
tolCp1,1.1818181818181819,22,10,CTACGCCACTTGATCTGGCA,12,3683729
tolCp1,0.8181818181818182,18,10,CTACCCGCTGCTAGGCCAGC,8,3678529
tolCp1,12.454545454545455,146,10,CTAAGGCCTTGTACTGTCAA,136,3696980
tolCp1,4.090909090909091,54,10,CTAACAGAGTTATCGTTACA,44,3702074
tolCp1,7.545454545454546,92,10,CGTTTTGAGAAAACTGTCTA,82,3678643
tolCp1,0.9090909090909091,19,10,CGTTGGAGCTATTGGCAGCG,9,3663211
tolCp1,5.090909090909091,65,10,CGTTCTGCCGCTCCAGACCA,55,3704615
tolCp1,1.4545454545454546,25,10,CGTAGCGAGAAGAGACGGCT,15,3710879
tolCp1,0.2727272727272727,12,10,CGTACGGCCTTACTCTATCT,2,3683483
tolCp1,0.2727272727272727,12,10,CGTACGGAGACTTGTCTCCA,2,3677628
tolCp1,0.6363636363636364,16,10,CGGTGTGAACTTACAAGTGA,6,3680764
tolCp1,1.2727272727272727,23,10,CGGTGACAAGGGGCCGCAGT,13,3672140
tolCp1,0.7272727272727273,17,10,CGGTATACGCGTGGGGATAA,7,3664205
tolCp1,0.36363636363636365,13,10,CGGGTGATAACGGTTGCCTC,3,3672534
tolCp1,3.6363636363636362,49,10,CGGCTGCGGTCAGAGGATCG,39,3680400
tolCp1,1.0909090909090908,21,10,CGGCGAACAATTCCTACGTA,11,3695091
tolCp1,1.2727272727272727,23,10,CGGCCAGCAATAGAGCGAAA,13,3667367
tolCp1,10.0,119,10,CGGACTAAGTGAACTTTCTA,109,3677202
tolCp1,1.5454545454545454,26,10,CGGACCCGCGCCACACACGT,16,3662460
tolCp1,1.5454545454545454,26,10,CGGAAACCACACGCGATGTC,16,3688662
tolCp1,1.0909090909090908,21,10,CGCTAAACTGCGCACTTGAC,11,3679464
tolCp1,2.5454545454545454,37,10,CGCCGGTAGTCTTACAGTGA,27,3714787
tolCp1,1.4545454545454546,25,10,CGCCCCCTCATACGTAGCGG,15,3672558
tolCp1,1.6363636363636365,27,10,CGCAGGCATCCAATAGTTCT,17,3669725
tolCp1,2.8181818181818183,40,10,CGCAATACTCCGATTGAATT,30,3695548
tolCp1,3.909090909090909,52,10,CGATGGATAGGTCGAGAACA,42,3704596
tolCp1,2.3636363636363638,35,10,CGAGGCTCTCACATAACTAA,25,3661762
tolCp1,0.45454545454545453,14,10,CGAGCCCAGACCCGAGGTTA,4,3715620
tolCp1,1.7272727272727273,28,10,CGACTTGATCAGGGTTAGTG,18,3712907
tolCp1,1.2727272727272727,23,10,CGACGGGGCGTCCGGCACTT,13,3664558
tolCp1,1.5454545454545454,26,10,CGACGCCCAAGGAGTGCAAA,16,3712735
tolCp1,0.7272727272727273,17,10,CGACATCCTGTGAGTGTAAA,7,3708500
tolCp1,0.6363636363636364,16,10,CGAAGAATCTACTTAATCCC,6,3679842
tolCp1,17.818181818181817,205,10,CCTGGTGGATATGACAGGGA,195,3701746
tolCp1,0.36363636363636365,13,10,CCTGGGCTGTACCGTTAACC,3,3662649
tolCp1,3.8181818181818183,51,10,CCTGGGAAGAACACCCCAAA,41,3698097
tolCp1,0.45454545454545453,14,10,CCTCTACCCACGGAGGGCAC,4,3701902
tolCp1,3.272727272727273,45,10,CCTCCATACATACAGTAATA,35,3668850
tolCp1,2.272727272727273,34,10,CCTCACACGAATAGTCGTAA,24,3687163
tolCp1,0.5454545454545454,15,10,CCTATGGGAGGTGTGTAAAC,5,3694970
tolCp1,20.545454545454547,235,10,CCTATGAAGTTGCCCCACAC,225,3687895
tolCp1,1.0909090909090908,21,10,CCTAGTCATTGTGTTTGTTG,11,3662008
tolCp1,0.2727272727272727,12,10,CCTAGCACCCTGCATGCCAA,2,3666834
tolCp1,0.5454545454545454,15,10,CCTAAGACTAACACAAAGTA,5,3677023
tolCp1,1.0909090909090908,21,10,CCGTAAGGTTCAACGCTTAC,11,3689439
tolCp1,4.0,53,10,CCGCACAAAAGTCTTATGGT,43,3670010
tolCp1,2.8181818181818183,40,10,CCGAGTATTACCTCGAAAAC,30,3664685
tolCp1,0.18181818181818182,11,10,CCGACGGCTGGGGATCCAGT,1,3705363
tolCp1,1.3636363636363635,24,10,CCGAACAAGCTAGGCAGTCA,14,3703709
tolCp1,5.363636363636363,68,10,CCCTATGTCACCCCTGCCGA,58,3669379
tolCp1,1.2727272727272727,23,10,CCCCAATTAATCGATCGCTT,13,3670041
tolCp1,1.0,20,10,CCCACTTCTGATTATACGAA,10,3703735
tolCp1,1.2727272727272727,23,10,CCCACCGAGTCACGTCCCGG,13,3697467
tolCp1,1.7272727272727273,28,10,CCATACCTCCTTAATCTACG,18,3707749
tolCp1,3.5454545454545454,48,10,CCAGACTATTTAATCGGAGT,38,3710809
tolCp1,17.545454545454547,202,10,CCAAGATGGAGTTGTAACTG,192,3710970
tolCp1,19.363636363636363,222,10,CATTCACCCGTAAGATGACA,212,3678179
tolCp1,1.0,20,10,CATGTGGACTGGGAAACCGA,10,3684018
tolCp1,1.6363636363636365,27,10,CATAGCCGATCCTTCATGGT,17,3669245
tolCp1,2.0,31,10,CAGTTGTAGCTGGGCCGTGC,21,3709889
tolCp1,1.9090909090909092,30,10,CAGTGGATACTTGCCCTACT,20,3703217
tolCp1,0.6363636363636364,16,10,CAGGTAGCAGCACTCAGTTA,6,3695973
tolCp1,5.909090909090909,74,10,CAGGCACTGACGCAACCGGT,64,3711896
tolCp1,0.18181818181818182,11,10,CAGAGGCTCCCTTGTAAGTT,1,3684313
tolCp1,1.2727272727272727,23,10,CACTGGCAGGCACCATTATT,13,3702971
tolCp1,1.8181818181818181,29,10,CACGGGTCCGACCGATCTTT,19,3686258
tolCp1,1.2727272727272727,23,10,CACCGCACGTTTGGCTTCAT,13,3706248
tolCp1,0.8181818181818182,18,10,CAATTTCTACAAGGTAGCGA,8,3703685
tolCp1,0.2727272727272727,12,10,CAAGTTGACGGCTCGTAAGT,2,3714291
tolCp1,2.727272727272727,39,10,CAAGTGCTCACGCACCCATC,29,3686846
tolCp1,4.909090909090909,63,10,CAAGGCCGATCTCATGCACT,53,3711907
tolCp1,0.8181818181818182,18,10,CAACTGTACTGGAAGCATTT,8,3706515
tolCp1,6.545454545454546,81,10,CAACCGTCATTTACTTTCAA,71,3709765
tolCp1,1.0909090909090908,21,10,CAACATAAGGGTCCCAAGTG,11,3704458
tolCp1,17.454545454545453,201,10,ATTTGGGCCATCGAGAGCCT,191,3665330
tolCp1,1.5454545454545454,26,10,ATTTCGTATGGAACGTGCGC,16,3699287
tolCp1,1.9090909090909092,30,10,ATTTAATGAGTTCTCGTCAC,20,3687215
tolCp1,3.1818181818181817,44,10,ATTGTTGATTGTCAATGCAA,34,3669216
tolCp1,1.9090909090909092,30,10,ATTGCTTTGTTTATTCCGAA,20,3691550
tolCp1,5.090909090909091,65,10,ATTGAGCACTGAATGGTATA,55,3706385
tolCp1,2.1818181818181817,33,10,ATTAGCCCGGTATAGGGGTT,23,3706847
tolCp1,14.454545454545455,168,10,ATGTCTGTGCAAAGTACAGT,158,3686070
tolCp1,0.9090909090909091,19,10,ATGGGGTAGTCGGAGCGCGA,9,3704537
tolCp1,2.3636363636363638,35,10,ATGGGGAGACAGTCTAAGCG,25,3672284
tolCp1,2.3636363636363638,35,10,ATGCGGGAAAAAGCACCAGT,25,3707000
tolCp1,5.363636363636363,68,10,ATGAGCTGCGGAAACCGTAC,58,3697089
tolCp1,3.5454545454545454,48,10,ATGACTGTCACTACACCCTG,38,3684987
tolCp1,0.18181818181818182,11,10,ATCTGATGATACTTCCAGAT,1,3669494
tolCp1,0.6363636363636364,16,10,ATCGGCTGGCTTGTTATCGA,6,3681003
tolCp1,8.727272727272727,105,10,ATCGCGTGATGCATCCATGC,95,3694363
tolCp1,3.727272727272727,50,10,ATCGCGGTACGACCGCGTGA,40,3699505
tolCp1,1.6363636363636365,27,10,ATCGAGCTCCTATTACATGT,17,3713627
tolCp1,2.0,31,10,ATCCCGCCATCGCTTAACGA,21,3710490
tolCp1,0.18181818181818182,11,10,ATCCAGTTTTACCGAGCTCG,1,3688220
tolCp1,2.272727272727273,34,10,ATCAGACGTAAGAGCATTTA,24,3663602
tolCp1,4.636363636363637,60,10,ATCAACATCCGCGTCTCATT,50,3696747
tolCp1,2.6363636363636362,38,10,ATCAAACTGATTTCTTTAGT,28,3675407
tolCp1,1.8181818181818181,29,10,ATAGTGGCGGGGTCCACGAA,19,3684267
tolCp1,1.5454545454545454,26,10,ATAGCCTGGCAGAAGCGGAA,16,3671295
tolCp1,1.3636363636363635,24,10,ATAGCCGTCCATGGACCAAT,14,3687090
tolCp1,0.7272727272727273,17,10,ATAATGGCCGTTTCAAAAGT,7,3707254
tolCp1,3.5454545454545454,48,10,ATAATACTTGACTCCCATTT,38,3665376
tolCp1,2.272727272727273,34,10,ATAAGATACGTAAGCCTAAA,24,3697377
tolCp1,1.1818181818181819,22,10,AGTTGTAAACAAGTCGTGAG,12,3690129
tolCp1,1.3636363636363635,24,10,AGTGTTGAATATTTTTCTAA,14,3674740
tolCp1,0.8181818181818182,18,10,AGTGTGCCGAACGCGGCCGC,8,3686766
tolCp1,2.0,31,10,AGTGGACATGATTAAATCAG,21,3680583
tolCp1,1.0,20,10,AGTGCGAACACCAGGTATTT,10,3677164
tolCp1,2.272727272727273,34,10,AGTCGCTGAACAAAAGCATG,24,3679935
tolCp1,2.727272727272727,39,10,AGTCCATGTTAGCGAGGGTG,29,3668014
tolCp1,7.181818181818182,88,10,AGTAGAGCTGCAAGCGTTGA,78,3671300
tolCp1,1.2727272727272727,23,10,AGTACCCCATGACTTAATAT,13,3664402
tolCp1,10.272727272727273,122,10,AGGTCAATGGCGTCTGGAAC,112,3684618
tolCp1,0.36363636363636365,13,10,AGGGCACCATTTAATTTAAC,3,3682078
tolCp1,1.0,20,10,AGGGCAAGTACAGTGCTATG,10,3671546
tolCp1,24.09090909090909,274,10,AGGCTTAGTCATTCAACATT,264,3671086
tolCp1,0.36363636363636365,13,10,AGGCCTTACCCATCTTATAG,3,3688270
tolCp1,0.9090909090909091,19,10,AGGAGCCTGGTTTAGATCGT,9,3700812
tolCp1,1.0909090909090908,21,10,AGGACAAATTATCTAGAGAT,11,3706559
tolCp1,5.090909090909091,65,10,AGCTAGGAGCCAAAGGGCGT,55,3667344
tolCp1,1.7272727272727273,28,10,AGCGAGGTAGCGGTCATCCT,18,3677393
tolCp1,3.909090909090909,52,10,AGCGAGGCTAGATTTAGGGG,42,3686067
tolCp1,3.6363636363636362,49,10,AGCAACCGTATGAGTGGCAG,39,3708968
tolCp1,0.8181818181818182,18,10,AGACAGTGGGCACCCGCCTT,8,3675366
tolCp1,3.5454545454545454,48,10,ACTGTGCTCCCGATGTCTTA,38,3669133
tolCp1,0.9090909090909091,19,10,ACTGGGAGAAAAGTGAACGC,9,3679369
tolCp1,2.4545454545454546,36,10,ACTACACATAACTTTTGTAA,26,3692981
tolCp1,5.818181818181818,73,10,ACGTCCAACTCCCCTGCCGG,63,3706862
tolCp1,2.1818181818181817,33,10,ACGTAGATAACAACGCATGC,23,3691307
tolCp1,1.8181818181818181,29,10,ACGGTAAGGAGGCTCCGGAG,19,3709679
tolCp1,0.45454545454545453,14,10,ACGGAGATCTGCGCCTTAGC,4,3674750
tolCp1,0.8181818181818182,18,10,ACGCGTAGGTAATCCGTCCA,8,3687722
tolCp1,1.7272727272727273,28,10,ACGCGGCCCGTCGAGGCCAA,18,3680163
tolCp1,1.3636363636363635,24,10,ACGATTAATCGCTGATTCAA,14,3707034
tolCp1,5.636363636363637,71,10,ACGAGTGTTGCCAAGTCATC,61,3677531
tolCp1,0.6363636363636364,16,10,ACGAACTAAGAAGTTTCCAT,6,3681583
tolCp1,0.7272727272727273,17,10,ACCGATTAATATCCCGTCTA,7,3703287
tolCp1,1.0909090909090908,21,10,ACATCTGCGCTAGACATGAT,11,3701530
tolCp1,1.0909090909090908,21,10,ACAGCTAACATGGTGTCCTT,11,3706212
tolCp1,0.7272727272727273,17,10,ACACGTGACATAGCGGGGTG,7,3680957
tolCp1,0.2727272727272727,12,10,ACACACTGGAACCTCAGTAC,2,3673325
tolCp1,1.8181818181818181,29,10,AATTCCTGTGGAAGTTCGTA,19,3671393
tolCp1,1.0909090909090908,21,10,AATTAGGCCCCCGCACAATG,11,3714913
tolCp1,1.0,20,10,AATGTCAGTTTATTTTAGTT,10,3711469
tolCp1,1.0909090909090908,21,10,AATCAGGTTGACTCCGGAGG,11,3714830
tolCp1,1.0909090909090908,21,10,AATAGAGGGTCTTGACGTTG,11,3704107
tolCp1,1.9090909090909092,30,10,AATAGAAGCACGATCTACAC,20,3686459
tolCp1,1.2727272727272727,23,10,AAGTCCGAAAGGGAGCACCC,13,3688950
tolCp1,0.2727272727272727,12,10,AAGGTGACGTCCGGAGAAGA,2,3699253
tolCp1,2.3636363636363638,35,10,AAGCGTGTTCCGTGCAAATG,25,3683205
tolCp1,0.7272727272727273,17,10,AAGCACTTCGGTTATGTCGG,7,3687473
tolCp1,2.909090909090909,41,10,AAGATGGTACTTGCCACTCT,31,3678418
tolCp1,10.363636363636363,123,10,AACTAGGTGCAATTTAGTGT,113,3703790
tolCp1,0.8181818181818182,18,10,AACGCGTGGACCTTGACCCC,8,3680129
tolCp1,0.45454545454545453,14,10,AACCTTGGGCTTTCTTGAGT,4,3698229
tolCp1,0.2727272727272727,12,10,AACCTCTCTGGCAAGTCGGA,2,3703687
tolCp1,14.727272727272727,171,10,AACAACAACAGACATTCAGA,161,3689285
tolCp1,0.6363636363636364,16,10,AAATGCTCTCAACCGAGAGT,6,3667465
tolCp1,0.45454545454545453,14,10,AAATCTGGAGTCACTCAAAG,4,3700050
tolCp1,0.36363636363636365,13,10,AAAGCAGTGCCAGTGGGGAC,3,3686179
tolCp1,1.9090909090909092,30,10,AAAGACAAGGGCACCCGGAA,20,3662162
tolCp1,24.09090909090909,274,10,AAACAATCACGACATCGTAT,264,3665332
tolCp1,2.8181818181818183,40,10,AAAATTGGACTCGAGAGTAC,30,3709154
tolCp1,1.4545454545454546,25,10,AAAACTCGTTAATGAACTGA,15,3672571
tolCp1,7.090909090909091,87,10,AAAAATACAATTGTGTGACA,77,3703073
tolCp1,21.0,218,9,TTTTCCGGGGCGGATAGTGT,209,3666462
tolCp1,0.9,17,9,TTTGCCGTCTGCAGCGGCTT,8,3693323
tolCp1,0.6,14,9,TTTCCCAGTCTCGTCGGGGA,5,3680660
tolCp1,0.7,15,9,TTTATTAGCCGAGCGGCAGA,6,3673566
tolCp1,0.3,11,9,TTTACAATTGAAGACATACC,2,3696329
tolCp1,1.2,20,9,TTTAAGTGTAGCCGGAATGA,11,3708146
tolCp1,1.3,21,9,TTTAAGCCGGAAGTAAGGGA,12,3668019
tolCp1,2.8,36,9,TTGTTAGTACGACGCACTCC,27,3674821
tolCp1,3.7,45,9,TTGTGCTTACATAACGTAAA,36,3699975
tolCp1,0.7,15,9,TTGGTGGTGTAGATTATGTC,6,3700232
tolCp1,1.8,26,9,TTGGGGATCGACAGGGCCAT,17,3710255
tolCp1,0.3,11,9,TTGGCCTATGACCCAAGTAC,2,3662137
tolCp1,2.5,33,9,TTGCGTTAAACCTTTTCCCA,24,3683717
tolCp1,5.3,61,9,TTGAGTTCGAAAATTACCCC,52,3675018
tolCp1,5.7,65,9,TTGACGGGTATACGAGCGTG,56,3693243
tolCp1,1.1,19,9,TTGAAACGGTCGGTTTTGCC,10,3695080
tolCp1,20.6,214,9,TTCTCAGTCCACATGTCGTA,205,3714483
tolCp1,1.8,26,9,TTCGCTATACCTGGCGTTAA,17,3684284
tolCp1,1.5,23,9,TTCCTATGTCTAATCCCCAG,14,3681904
tolCp1,1.4,22,9,TTCCCGCCGCAAGGCCAACA,13,3682754
tolCp1,0.2,10,9,TTCCCCCTCACGAGAGCCGC,1,3708176
tolCp1,1.2,20,9,TTCACCTCCGGGGAAAACTT,11,3665893
tolCp1,6.1,69,9,TTATATCCTACCAGGGCGTG,60,3664678
tolCp1,0.8,16,9,TTAGCGGATGAGTAGGTCTG,7,3708181
tolCp1,2.3,31,9,TTACTAGCCCACGAAGGCAT,22,3704207
tolCp1,1.6,24,9,TTACGACTTCCGAGTAGCTG,15,3698568
tolCp1,0.7,15,9,TTACCAGAAATATCTGGTCC,6,3697280
tolCp1,0.9,17,9,TTAACGCGTGAACCAAAGTG,8,3689747
tolCp1,1.4,22,9,TGTTTCCAGCGTCTTGATAG,13,3697858
tolCp1,0.5,13,9,TGTTGCCGCGCCGTAGGAAA,4,3695972
tolCp1,6.1,69,9,TGTGGCCGACTTGCGGTACT,60,3688992
tolCp1,2.5,33,9,TGTCGCTGGAGTGCCAGGAC,24,3683567
tolCp1,1.4,22,9,TGTAAGATGCATTCCAGGAA,13,3673028
tolCp1,4.5,53,9,TGGTCTAGGGATGGATTCGC,44,3686579
tolCp1,1.5,23,9,TGGGTGGGTCACGAGGGTCT,14,3685117
tolCp1,0.6,14,9,TGGGACCCACGGAATCATGC,5,3680317
tolCp1,5.3,61,9,TGGCCACCTGAGTGTTAGAG,52,3668223
tolCp1,1.2,20,9,TGCTCCGGCGCCGCATCATC,11,3675597
tolCp1,1.3,21,9,TGCGGGGCTGCCCCTCAATG,12,3676340
tolCp1,3.5,43,9,TGCGGACTTCTAAGAGTGGA,34,3710000
tolCp1,1.5,23,9,TGCGGAATAAGCTCGTGAAC,14,3670752
tolCp1,2.4,32,9,TGCCTTCTTAGTGATAGCCT,23,3687159
tolCp1,3.0,38,9,TGCATTCAGGATGCCTCGCG,29,3682842
tolCp1,1.2,20,9,TGCAGCGTTTTTCCAACACT,11,3676062
tolCp1,0.2,10,9,TGCACGGGTACAAGTAGCCT,1,3689206
tolCp1,0.6,14,9,TGCACCCATGCATAAACTCG,5,3693283
tolCp1,1.4,22,9,TGCAAGCCTTCGCGGGAGCT,13,3683352
tolCp1,6.6,74,9,TGATGTCCGCTTTTTCTAGG,65,3691408
tolCp1,4.8,56,9,TGATGCATCACGGGTCAAGT,47,3711030
tolCp1,6.4,72,9,TGATCCGGGGGTGCTGCGGA,63,3668232
tolCp1,0.9,17,9,TGATAGGCGGAGGGAGAGAT,8,3679987
tolCp1,0.6,14,9,TGATAACACGAACCGATGCA,5,3697442
tolCp1,3.2,40,9,TGAGTGATCTGGCCGATGGT,31,3701781
tolCp1,1.6,24,9,TGACTAAGTAAACCTTTGAC,15,3698610
tolCp1,10.2,110,9,TGACGAGTCTAAATCGGGTA,101,3700787
tolCp1,13.2,140,9,TGACCGGCGCCGCGGGGGAG,131,3675530
tolCp1,1.2,20,9,TGACCCCAACCGTGTTGGAG,11,3689649
tolCp1,1.3,21,9,TGACCCAGGGTAGACCGCTG,12,3690334
tolCp1,3.6,44,9,TGACATGCCCCTCTAGGTGT,35,3687553
tolCp1,1.2,20,9,TCTGGTAGATCGGTTTCATC,11,3693321
tolCp1,7.1,79,9,TCTGGGGCACTGGGTCAGCG,70,3684631
tolCp1,1.7,25,9,TCTGGCGCCTAACCCATTAT,16,3665879
tolCp1,2.7,35,9,TCTGAGATTCTAAGCACAGA,26,3678979
tolCp1,2.5,33,9,TCTCCAGGGGGGGAGGCCAT,24,3680588
tolCp1,2.8,36,9,TCTATGTATCGGACCTTTAT,27,3673157
tolCp1,1.6,24,9,TCTAGGCTCGTGACCGGGAG,15,3694773
tolCp1,19.2,200,9,TCTAGCCAGGATTCTTACTC,191,3661619
tolCp1,6.2,70,9,TCTAATAACGAACATTTGAG,61,3706894
tolCp1,0.9,17,9,TCGTCTGGGGGCCGGACGAT,8,3693503
tolCp1,16.0,168,9,TCGTAGTTCCACGGTAGCCT,159,3669772
tolCp1,2.9,37,9,TCGGCCCAGTCTCGTGCGCA,28,3707423
tolCp1,1.6,24,9,TCGATAAGTCCTGTTAGAAT,15,3672557
tolCp1,1.7,25,9,TCGACTACACCTCAGAGCGC,16,3662908
tolCp1,0.6,14,9,TCCTCGGGGCTGCTGCTGAC,5,3704822
tolCp1,1.2,20,9,TCCGCTAGGCACACGGGTCT,11,3671464
tolCp1,1.0,18,9,TCCCATTGAATTGGCAGGAG,9,3664236
tolCp1,1.0,18,9,TCCAAAGCCTTCACCGTTCT,9,3692134
tolCp1,3.2,40,9,TCATAAGATAACAGGATTCG,31,3670420
tolCp1,14.9,157,9,TCAGTTTTAATTCTCCGTTT,148,3676478
tolCp1,0.6,14,9,TCAGGGAGCAGGTAATGTGC,5,3699652
tolCp1,0.5,13,9,TCACGACAGTTGGTCGAAAA,4,3684537
tolCp1,1.9,27,9,TATGTCAGGCTCTGGTTGTA,18,3681039
tolCp1,1.3,21,9,TATGTACTGGTTAGACGGTT,12,3664453
tolCp1,0.2,10,9,TATGAATCTATATTCTGTTT,1,3678545
tolCp1,1.7,25,9,TATATGCAGGCGCTCAGATG,16,3703537
tolCp1,0.5,13,9,TATACTTATGAAATTCATTG,4,3666048
tolCp1,2.4,32,9,TAGGGACCGGGACTACCACT,23,3698913
tolCp1,4.3,51,9,TAGCACGAACGTTCTGGGGG,42,3671192
tolCp1,2.7,35,9,TAGATCAGAACAAAAACCTG,26,3678594
tolCp1,2.6,34,9,TAGAGGTCCCCCAGCTACCT,25,3704255
tolCp1,3.0,38,9,TACTGGGGTTGGAGGCTCCT,29,3706555
tolCp1,0.3,11,9,TACTCGATCTCGGCGCTGAA,2,3689767
tolCp1,3.1,39,9,TACTAGGGTCCGAATAAGGA,30,3681277
tolCp1,2.5,33,9,TACGTTTGATAAACAGAATT,24,3672406
tolCp1,1.2,20,9,TACGAAGTTGCTGTACGCAA,11,3697238
tolCp1,3.1,39,9,TACCTAAAATGGTCTTGGGA,30,3688626
tolCp1,0.2,10,9,TACACAATGTACAACCGATG,1,3676005
tolCp1,0.2,10,9,TAATTCTATAATCGGTTTTT,1,3689423
tolCp1,5.4,62,9,TAACTGGATATGAGTAATAG,53,3712708
tolCp1,0.7,15,9,TAACCTTTAAAGTACAGTGT,6,3677891
tolCp1,2.1,29,9,TAACATGCGCATAGCATAGA,20,3698847
tolCp1,1.1,19,9,TAAAACCTGAGGCGGCCTGA,10,3685307
tolCp1,0.7,15,9,GTTTTGGCGCAGGTGAAAAC,6,3707835
tolCp1,2.5,33,9,GTTTCAGGCGAGCACAACAT,24,3677048
tolCp1,0.3,11,9,GTTCTGCAGATTCATGCGTT,2,3701520
tolCp1,3.7,45,9,GTTCAAAATGATAAAAAGCA,36,3709682
tolCp1,1.1,19,9,GTTACTCGCCAAACTGACGC,10,3711895
tolCp1,7.5,83,9,GTTAATCTGATTGTGCGGCT,74,3665370
tolCp1,3.9,47,9,GTTAAAGTACGTATTCACAT,38,3663471
tolCp1,8.7,95,9,GTGGCCCGCTCTCTTAGGCT,86,3669372
tolCp1,3.6,44,9,GTGCGAGTCGTCCCTCACAC,35,3674123
tolCp1,6.9,77,9,GTGACGGATCCGTTACGGAT,68,3689286
tolCp1,2.8,36,9,GTGACATAAGGTTCCTTCTG,27,3667989
tolCp1,2.1,29,9,GTCTCAAATGCAATTCCAGC,20,3705038
tolCp1,2.6,34,9,GTCGTTACAGCGAGGGGTAC,25,3697021
tolCp1,1.5,23,9,GTCGGTACACGTCTTACTCT,14,3661829
tolCp1,1.8,26,9,GTCCCCAGAATTGGCTTCGT,17,3677458
tolCp1,3.0,38,9,GTCAATTCTAGCGGCAGCGA,29,3708624
tolCp1,2.0,28,9,GTCAAAATGCGCGGAAAGGT,19,3707331
tolCp1,1.4,22,9,GTAGGGCACTCATATATGTA,13,3692106
tolCp1,1.0,18,9,GTACTTGGAGGGATGCTGGA,9,3661681
tolCp1,4.3,51,9,GTAATCTACTTACACTTTAC,42,3678664
tolCp1,0.2,10,9,GTAACGTAGGGTTAGACTGT,1,3687733
tolCp1,0.2,10,9,GTAACATAGCGGTTCGGGTA,1,3670367
tolCp1,5.0,58,9,GGTTGCTGCTTTATAACCAT,49,3671985
tolCp1,1.7,25,9,GGTTGACGCCACTGCACCTA,16,3682649
tolCp1,1.0,18,9,GGTGTCATGAAGTCACGCCA,9,3710672
tolCp1,6.6,74,9,GGTGGCACAGCACCGGATTC,65,3682532
tolCp1,7.8,86,9,GGTATAGGTACTGCCAAAAT,77,3661789
tolCp1,1.3,21,9,GGGTTTCTAAAGAGGTTCAA,12,3694805
tolCp1,0.4,12,9,GGGTTGGTTATTCCGTTGCT,3,3703138
tolCp1,1.9,27,9,GGGTGATCCCTCTTCCCAAC,18,3698046
tolCp1,4.5,53,9,GGGTATTATAATTGGACCTG,44,3680097
tolCp1,1.0,18,9,GGGGGGTCGGGATTAATGCT,9,3667816
tolCp1,1.5,23,9,GGGGCCTCCCGGTATCAGCT,14,3694775
tolCp1,3.1,39,9,GGGGCCTAAAGATACTTTTA,30,3683732
tolCp1,0.9,17,9,GGGGATCGTATGTGCTGCGT,8,3689211
tolCp1,0.3,11,9,GGGACGATCGACTAGGTAGA,2,3669820
tolCp1,0.2,10,9,GGCTTTGTCACTCCAGGGTT,1,3705650
tolCp1,3.0,38,9,GGCTGTCCACGTACGCTCTT,29,3690443
tolCp1,3.9,47,9,GGCTGCCATTTGCGTATAAA,38,3683652
tolCp1,4.1,49,9,GGCTCGCTCTAGAACACGGC,40,3672011
tolCp1,3.3,41,9,GGCGTTCACACGCCAGTCCA,32,3698741
tolCp1,1.2,20,9,GGCCTTCAAGTGAGTCCACA,11,3680684
tolCp1,3.4,42,9,GGCCGGGCCATACCGTGCTG,33,3701381
tolCp1,2.7,35,9,GGCAGTTGGAGGACATTAAT,26,3705138
tolCp1,1.3,21,9,GGATCTCGTGGTGGCAACCA,12,3679768
tolCp1,1.7,25,9,GGAGTTGGTCATATGCATCT,16,3678424
tolCp1,0.7,15,9,GGAGAGGGTACGCATATCTG,6,3697909
tolCp1,1.3,21,9,GGAATGCCACTCACTTCATT,12,3686332
tolCp1,0.8,16,9,GGAAGCTATAACAAATAGGC,7,3699694
tolCp1,1.3,21,9,GCTTTGAGTCCGGCTCAGAA,12,3676212
tolCp1,1.6,24,9,GCTTGAGGCAAGGGTCTGTA,15,3667743
tolCp1,0.8,16,9,GCTTAGCTTCAGTCTCTTGT,7,3702728
tolCp1,1.7,25,9,GCTGCCCCTGACCGATCGTC,16,3670270
tolCp1,1.1,19,9,GCTCTGGTTATAACGATCAG,10,3670333
tolCp1,0.2,10,9,GCTCGACCGCCGCGACACCA,1,3708989
tolCp1,2.1,29,9,GCTCCATATCACCTCACGTA,20,3670125
tolCp1,1.3,21,9,GCGTGGTTCTCCATCCTCAC,12,3667723
tolCp1,1.6,24,9,GCGCAGAGACCGTACGCGTT,15,3694371
tolCp1,4.0,48,9,GCCTCCACGAAGCCTTGAAT,39,3678290
tolCp1,3.6,44,9,GCCCTTCGTTGGGGCGACAG,35,3690811
tolCp1,0.5,13,9,GCCCGAGCGCACAAGGGTTT,4,3669958
tolCp1,1.5,23,9,GCCACAAGCGCGTCGGGCCC,14,3662749
tolCp1,0.9,17,9,GCATTTGGATGGTACTCACA,8,3705837
tolCp1,3.4,42,9,GCATGAACAAGATGCAGTGT,33,3682986
tolCp1,4.1,49,9,GCAGCGAGTTACAAGGTCGG,40,3699594
tolCp1,13.1,139,9,GCAGAAAAGATATGCAAAGA,130,3665369
tolCp1,15.1,159,9,GCACGTATTGTCGGTGTGAA,150,3678157
tolCp1,0.6,14,9,GCAATAACATAAATTAGATC,5,3661580
tolCp1,2.8,36,9,GATTTCTCCCCACATCCGGT,27,3702254
tolCp1,0.9,17,9,GATTACGGTCACCTTCAATC,8,3690467
tolCp1,0.4,12,9,GATGCCGTAGCCCACGAAAG,3,3670470
tolCp1,0.5,13,9,GATCAAGGTCGAATATAAAA,4,3664053
tolCp1,0.8,16,9,GATAACCTCTCTCGAACACA,7,3690189
tolCp1,0.9,17,9,GAGTGAACTCTATTGCCTTT,8,3708648
tolCp1,1.0,18,9,GAGTAACGTACTAGGCATAC,9,3711426
tolCp1,5.4,62,9,GAGGGATATCTCTCAATCAT,53,3689726
tolCp1,1.0,18,9,GAGGCCTCTGGGGGTGCACC,9,3689084
tolCp1,9.4,102,9,GAGCTCGCCGCGGTTTAGTG,93,3686447
tolCp1,2.4,32,9,GACTTGGCCGTAGCCGTTTT,23,3664229
tolCp1,1.3,21,9,GACTTCCCACGGCTAATCTT,12,3699556
tolCp1,1.2,20,9,GACTGCCTGATTTTCTGGAT,11,3682976
tolCp1,2.1,29,9,GACTCACACTAGGGTTCAGC,20,3681678
tolCp1,25.6,264,9,GACGGTTAGTGTAACTCGGC,255,3676527
tolCp1,3.0,38,9,GAATGATGACTGGGAACAGC,29,3678004
tolCp1,1.1,19,9,GAAGTCTGCCCATGCTCAGC,10,3711019
tolCp1,8.0,88,9,GAACTTATTGAACGTAACCC,79,3668104
tolCp1,0.7,15,9,GAAACTGCACGGTTCTCATA,6,3702953
tolCp1,1.6,24,9,GAAACCCCTACGTCGATTTA,15,3675238
tolCp1,2.8,36,9,CTTTGCGAAGTCGCCGTACC,27,3672461
tolCp1,2.4,32,9,CTTGGTTTGAGCTATTCATG,23,3675015
tolCp1,0.6,14,9,CTTGGTTGAAGCCGCGTCTA,5,3699477
tolCp1,2.9,37,9,CTTGCATTTACATAATTTCA,28,3665191
tolCp1,0.3,11,9,CTTCTTCGTGGGCACGACGT,2,3707251
tolCp1,1.4,22,9,CTTATTATATGAACCCGGCC,13,3677366
tolCp1,1.3,21,9,CTTATACGCGGGGCCAACTT,12,3697583
tolCp1,2.3,31,9,CTTACCCACACTATCACAAC,22,3714520
tolCp1,6.6,74,9,CTTAAGTAAATCTTGCTTGC,65,3661462
tolCp1,1.1,19,9,CTGTGTGATCGGGGGGTAGC,10,3704178
tolCp1,3.2,40,9,CTGTGGAAACGAACGTCAGA,31,3681543
tolCp1,0.9,17,9,CTGCTCATTCAGGTTCGTAT,8,3695066
tolCp1,2.2,30,9,CTGCGACCCCTTCCATCTGT,21,3674435
tolCp1,1.4,22,9,CTGCGAAGTGTGAAGGTTTT,13,3684844
tolCp1,0.2,10,9,CTGCCTGTCTTGAAGCCTGT,1,3692113
tolCp1,2.9,37,9,CTGCAATGACTCTAATGATA,28,3677565
tolCp1,8.2,90,9,CTCTTAATACTAGACCACCC,81,3672540
tolCp1,0.6,14,9,CTCTGATCCTACACGATGGG,5,3664079
tolCp1,0.2,10,9,CTCGTACGATGCCCCATTGA,1,3698384
tolCp1,0.4,12,9,CTCCTGGACAACGGATGGCT,3,3684251
tolCp1,1.0,18,9,CTCCCAGCTGCGCACATTTT,9,3661564
tolCp1,1.8,26,9,CTCCACAAAAATCCATTACC,17,3673789
tolCp1,0.9,17,9,CTCACCGCCTTCGGAGCCCC,8,3693940
tolCp1,1.2,20,9,CTCAACGCCGAACTTGTCGT,11,3689608
tolCp1,0.9,17,9,CTATCATGAGCGTGACACAT,8,3715240
tolCp1,1.2,20,9,CTATCAATAATGATCTGGCA,11,3702613
tolCp1,1.7,25,9,CTACTCCGTTGTTCGACCTC,16,3677880
tolCp1,0.2,10,9,CTACTCATTCCAGATTCCGG,1,3703703
tolCp1,1.2,20,9,CTAATCTAGCCCAGAACCCT,11,3679572
tolCp1,1.2,20,9,CTAAGGGTTACTTAAGATTC,11,3711862
tolCp1,2.4,32,9,CTAAGCCCTAGACCGATGAA,23,3683756
tolCp1,0.7,15,9,CGTTACGGTTCTAGCCAGCT,6,3678314
tolCp1,1.5,23,9,CGTGTGTCTCGGTGATAAAA,14,3662698
tolCp1,1.6,24,9,CGTGGATTTGGGTGTTTCGT,15,3682796
tolCp1,1.5,23,9,CGTGCATTTGGAGCCTTTAA,14,3681559
tolCp1,0.2,10,9,CGTCATCCCCTGGAGAGCGG,1,3699169
tolCp1,2.6,34,9,CGTCAACCGACGCAGGGATC,25,3687748
tolCp1,1.3,21,9,CGTAAGAGACAAAGCCTGAT,12,3663431
tolCp1,0.6,14,9,CGGTTCTCTTCATCGGGATC,5,3676019
tolCp1,4.8,56,9,CGGGGACTGCTACCTGCAGT,47,3708973
tolCp1,1.0,18,9,CGGGCTAGGGGCGCGCCACA,9,3678348
tolCp1,2.2,30,9,CGGGCTAGCTATCGTAATGA,21,3695227
tolCp1,11.8,126,9,CGGGAAAACTTCATAACATG,117,3686040
tolCp1,1.9,27,9,CGGCGTCTAGATTTCTTCCT,18,3684055
tolCp1,1.0,18,9,CGGCCTCACAGTTGCTCCTC,9,3672115
tolCp1,15.1,159,9,CGCTAGTAATAATTGTACAG,150,3676531
tolCp1,2.5,33,9,CGCGTAGGACACTTAACTCA,24,3685941
tolCp1,0.8,16,9,CGCCTAGGCTTTATCATATC,7,3712667
tolCp1,64.3,651,9,CGCCGGCATCCAGGGATTCG,642,3700908
tolCp1,7.0,78,9,CGCATTCTTGTGGCCGTACT,69,3685913
tolCp1,1.7,25,9,CGCATGTGGAAGTGAATCAG,16,3698634
tolCp1,1.3,21,9,CGCACTCCCTGTAATTGCAG,12,3661143
tolCp1,1.6,24,9,CGACACAAGCGCATTTGATT,15,3685997
tolCp1,2.5,33,9,CGAACTCCCCGGGAATATTT,24,3677878
tolCp1,1.7,25,9,CCTGTGGGGGCAGGGGCGTT,16,3710560
tolCp1,1.3,21,9,CCTGGAGGCGCTAGCTTGTA,12,3670954
tolCp1,1.3,21,9,CCTCTGGGATTATGGTAGTC,12,3676938
tolCp1,7.3,81,9,CCTCCTTTTCATCTCTCTGC,72,3664650
tolCp1,2.7,35,9,CCTAGTCGGGATTCCGCCTT,26,3710319
tolCp1,1.5,23,9,CCGTGAGCAGTGAACCACGT,14,3686333
tolCp1,1.1,19,9,CCGTAAACTTACTCACATTA,10,3696792
tolCp1,0.8,16,9,CCGGAGAGGACTGCCAGACC,7,3673644
tolCp1,0.5,13,9,CCGCGGTGGACCACCATATT,4,3668023
tolCp1,2.1,29,9,CCGCGAGTGGTGTTTGGACG,20,3686345
tolCp1,0.9,17,9,CCGATTTGCGACGCTCGTCA,8,3672480
tolCp1,6.2,70,9,CCGAATTCGTCCCTGCTGAC,61,3710012
tolCp1,2.9,37,9,CCCTGTGAAAGTCTGTGGGA,28,3672278
tolCp1,0.2,10,9,CCCTGTCAGGGAAGTAAGAT,1,3674208
tolCp1,1.0,18,9,CCCTCTGGGTCGCAGTTCGT,9,3694525
tolCp1,4.0,48,9,CCCGTTATCTGAGATAAGCT,39,3683716
tolCp1,3.4,42,9,CCCGTAATGGTACAGTAGTC,33,3686719
tolCp1,2.8,36,9,CCCGGGAAGATAGGTCACAG,27,3701854
tolCp1,1.2,20,9,CCCGAACTGCACCTTTGCAA,11,3712682
tolCp1,0.8,16,9,CCCCTCCCGGCTAAAGTGAT,7,3695747
tolCp1,1.0,18,9,CCCCGTCCTTCGAGGATATT,9,3667466
tolCp1,6.0,68,9,CCCCGGCTTTTTACAAGGCA,59,3668394
tolCp1,0.9,17,9,CCCCCGACCCGTTACGCTAG,8,3674411
tolCp1,1.2,20,9,CCCATAAAGTATGGTCCGAC,11,3673910
tolCp1,9.2,100,9,CCCACGGCATCCCGGGCTTA,91,3710048
tolCp1,3.4,42,9,CCATAATGCGTAGCACAAGC,33,3661452
tolCp1,0.2,10,9,CCAGGAGCCCTAATGAAGAT,1,3701601
tolCp1,3.9,47,9,CCAGATGCAGGGGGGGACAT,38,3687342
tolCp1,5.7,65,9,CCACGAACACCAGGCAGGCA,56,3680356
tolCp1,11.1,119,9,CCACAATGAATAACAGCAGT,110,3676849
tolCp1,1.7,25,9,CCAAGGCATGTTTCTGTCTG,16,3680197
tolCp1,2.9,37,9,CATTATTACTTTTTAAAGCT,28,3679209
tolCp1,5.9,67,9,CATGGTGCCCAATTCCACCT,58,3674326
tolCp1,1.4,22,9,CATCTGATCAACACCAGGGT,13,3676939
tolCp1,2.0,28,9,CATCTATTATCTCCGCCAAA,19,3690131
tolCp1,2.5,33,9,CATAACGGATGTTCCAGGAC,24,3694825
tolCp1,1.5,23,9,CAGTCTCCGTACCGGGCCGC,14,3675164
tolCp1,3.4,42,9,CAGGTTTCGCTTAAACTCAG,33,3696924
tolCp1,2.4,32,9,CAGGGGGCGTAAGCTAGGAA,23,3710203
tolCp1,3.8,46,9,CAGGCTGTCGTTAATGCAAG,37,3708128
tolCp1,3.9,47,9,CAGGCAATAGTACCCAGACA,38,3711233
tolCp1,1.1,19,9,CAGCTTTATCGACGGAATGA,10,3705659
tolCp1,1.0,18,9,CAGCGTCAAGGCGCGCTTAC,9,3686260
tolCp1,2.9,37,9,CAGAGTATCTTTTGTGGGCG,28,3671193
tolCp1,12.1,129,9,CAGACGCGGTCCAGGCGGTA,120,3702889
tolCp1,0.3,11,9,CAGAACTACATTAACCAACG,2,3672952
tolCp1,3.1,39,9,CACTGAAATGTCTCTCAATG,30,3675231
tolCp1,1.4,22,9,CACTCGATCAATCTTGCGCC,13,3683764
tolCp1,4.1,49,9,CACGGTCGTAGTCCTGATGG,40,3699340
tolCp1,0.9,17,9,CACGGGAGCCATGAGCTTTG,8,3679444
tolCp1,1.5,23,9,CACGCTACAAGGGTGCCTGA,14,3681546
tolCp1,4.2,50,9,CACGCACCGCAGCTCTGTTG,41,3662552
tolCp1,1.9,27,9,CACCGCGGCCGTCCGAAGTT,18,3690436
tolCp1,5.9,67,9,CAATTTTTCAGTGGGAGGAA,58,3672572
tolCp1,1.3,21,9,CAATTTACGCGGGTAGTCGG,12,3666730
tolCp1,0.7,15,9,CAATGGGTATATTTGTTTAT,6,3694919
tolCp1,0.5,13,9,CAATCCCAGACTGCAACATG,4,3678014
tolCp1,1.3,21,9,CAATATTTTGTTTAATCAGT,12,3706301
tolCp1,2.4,32,9,CAAGTAAAGTCTTGTTAACT,23,3677276
tolCp1,3.2,40,9,CAAGGTTTGCATGAGTCTGT,31,3680039
tolCp1,1.6,24,9,CAAGGTATCTCTTGCAGCTG,15,3691961
tolCp1,2.3,31,9,CAAGACCCGAAGTAACCGTT,22,3688377
tolCp1,3.3,41,9,CAACGTATCTACGTTTGTAA,32,3664602
tolCp1,0.5,13,9,CAACAGAGCCACAGGGAACC,4,3666513
tolCp1,1.5,23,9,CAAAGGCATACGTAGTTCTA,14,3696527
tolCp1,1.2,20,9,CAAAGGAGGTTCGGGGCAGA,11,3696847
tolCp1,3.1,39,9,CAAAGAGGCCAGGTTTGGAC,30,3706686
tolCp1,1.4,22,9,CAAACGCCGGAAATTTCATG,13,3692871
tolCp1,1.3,21,9,CAAACATACTCTCATGCGGC,12,3678313
tolCp1,1.0,18,9,ATTGCATTTTACGGTTTATA,9,3698365
tolCp1,18.4,192,9,ATTCCCTGCATTAGTATCCG,183,3661259
tolCp1,38.3,391,9,ATTAGAACGCGCCGCCATTC,382,3669781
tolCp1,1.3,21,9,ATTAATGGTGGTCTTCAGAA,12,3711090
tolCp1,1.3,21,9,ATGTTATCTTCAAAATCAGT,12,3681254
tolCp1,12.1,129,9,ATGTTAATGAGCCCTTGTGG,120,3669783
tolCp1,0.8,16,9,ATGGGGGTCTTGGGGTATGT,7,3687574
tolCp1,0.9,17,9,ATGGAGGAACTCTCTTTGAT,8,3707118
tolCp1,2.1,29,9,ATGACGTGGGGATGCGACGT,20,3704698
tolCp1,7.8,86,9,ATCGATGGAACGTCAGTAAT,77,3688987
tolCp1,1.8,26,9,ATCCGGCCATACGGCTAATC,17,3701449
tolCp1,1.0,18,9,ATCCGAAGGATCGCTTATAC,9,3712416
tolCp1,1.2,20,9,ATATTTCTGTAGAAGGTTCC,11,3662005
tolCp1,2.9,37,9,ATATTGACGCTGCCACGACA,28,3673605
tolCp1,0.3,11,9,ATATCAGCCGTCCGATTGCT,2,3714814
tolCp1,1.0,18,9,ATAGGGGTCAACGACAATTG,9,3679680
tolCp1,0.4,12,9,ATAGGAAGGAAAATTACCTG,3,3709735
tolCp1,0.2,10,9,ATAGAGTGGCTTGACTGGGT,1,3667298
tolCp1,1.8,26,9,ATAGAAAGGGTCTATAAGGA,17,3707105
tolCp1,3.5,43,9,ATACTGAGATCCTAGGGAGA,34,3712335
tolCp1,5.2,60,9,ATACAAAGGGTCCCACGTAA,51,3670689
tolCp1,1.2,20,9,ATAATTCAGTACGAAAAGTC,11,3693725
tolCp1,0.4,12,9,ATAAGTAGTTAACCGTCCAC,3,3662103
tolCp1,57.7,585,9,ATAAGGACAAGGCACCGAGA,576,3700923
tolCp1,1.4,22,9,ATAACTCGGCTACAGCTGCT,13,3681045
tolCp1,0.7,15,9,AGTTTTTTGATAGATATTCG,6,3673188
tolCp1,2.1,29,9,AGTGCTGTTCAGGGTAGCCC,20,3678006
tolCp1,0.4,12,9,AGTGCCCGCGAGTGGCACGT,3,3677881
tolCp1,0.5,13,9,AGTCCCACTTGGTCCTCAGG,4,3695464
tolCp1,0.3,11,9,AGTCAGTACCATTTGCTTGT,2,3664525
tolCp1,5.3,61,9,AGGTGGCGCTGGGGATTGCT,52,3677718
tolCp1,0.8,16,9,AGGTGAATGGTACTGGCCTT,7,3688648
tolCp1,1.2,20,9,AGGGGAAGGGACAGGTTCAT,11,3681719
tolCp1,1.1,19,9,AGGGCGGACGGCAAACGATG,10,3711473
tolCp1,1.8,26,9,AGGCTTTAACGGGATTCATA,17,3684590
tolCp1,3.6,44,9,AGGCCTTTCGATTGATGTAA,35,3700855
tolCp1,3.8,46,9,AGGCCTGCACATTTATCCCC,37,3693899
tolCp1,1.8,26,9,AGGACGGGTAGGCAATTGTA,17,3711468
tolCp1,1.4,22,9,AGCCGATGCGGAGAAATCGG,13,3705667
tolCp1,5.3,61,9,AGCATACTGGTTTGTTTTCC,52,3676204
tolCp1,3.1,39,9,AGCACTGGGTAGCTCTAGTA,30,3669704
tolCp1,33.1,339,9,AGAGCGAACGCGTTGGGGAC,330,3711992
tolCp1,13.7,145,9,AGACGAAAGTCCCCACATTG,136,3676467
tolCp1,5.7,65,9,AGACCACCGCAGTAGAATGG,56,3675031
tolCp1,0.5,13,9,AGACACGGCCAAAAGAGACC,4,3663654
tolCp1,1.1,19,9,AGAATTCTAAAGAGAATAAC,10,3667997
tolCp1,1.6,24,9,AGAACGTCACGCTGCTTTAT,15,3711716
tolCp1,1.6,24,9,ACTTTAGTCTAGTTACATAA,15,3698182
tolCp1,3.0,38,9,ACTCTCATTAAACTGTATCC,29,3675351
tolCp1,2.3,31,9,ACTCCTTTGTGGGTATAGAG,22,3681274
tolCp1,5.4,62,9,ACGTTCCTCTCTATCCTATC,53,3661976
tolCp1,0.5,13,9,ACGTGTGAAGGCTTAATTCT,4,3683538
tolCp1,1.0,18,9,ACGTCGCGAGGTGAGAGTAA,9,3698281
tolCp1,2.8,36,9,ACGCGTTTGGACGCCTTCAT,27,3690409
tolCp1,1.1,19,9,ACGCGCGCAAAGAGGCTTCC,10,3715214
tolCp1,2.0,28,9,ACGCGAAAGAAGAGGTAATT,19,3697639
tolCp1,4.3,51,9,ACGAGTCCCCCGTCGTGCGA,42,3684457
tolCp1,5.6,64,9,ACGAAGTTTGATAGGAGTCA,55,3693423
tolCp1,0.6,14,9,ACGAACATTCATTTGGAAGG,5,3693581
tolCp1,3.2,40,9,ACCTCAGAACCGTGTACGGA,31,3665973
tolCp1,1.5,23,9,ACCTACATATATCTCTGCTA,14,3679746
tolCp1,1.0,18,9,ACCGGTAATCCTCGCGGGTA,9,3713872
tolCp1,1.5,23,9,ACATGTGACTTGGATCTAAT,14,3662929
tolCp1,1.4,22,9,ACACTATACCTGGACCAGCA,13,3694459
tolCp1,25.4,262,9,ACAAGCGTTCACGGGAGCGC,253,3691888
tolCp1,0.6,14,9,ACAAATCGTCCAATGAGAAT,5,3702258
tolCp1,6.9,77,9,AATGAACTAAATATCTACAA,68,3689323
tolCp1,3.2,40,9,AATCGTGGACCCCGCCTCGG,31,3674757
tolCp1,3.3,41,9,AATCGGTAAGTGTCCATGCT,32,3679577
tolCp1,1.8,26,9,AATCCGGATACTTGGCCGGT,17,3679749
tolCp1,0.3,11,9,AATACACTACTGCTTGTCCC,2,3671940
tolCp1,1.5,23,9,AAGTGCTTGATATTAAAAAA,14,3701275
tolCp1,1.2,20,9,AAGTGCGAATAATGGTTTTT,11,3685265
tolCp1,0.7,15,9,AAGGGGTCATGTCGGGTTTT,6,3673577
tolCp1,0.7,15,9,AAGGCTGTCCTCCATCGTAC,6,3676414
tolCp1,20.0,208,9,AAGGCCCAGCTTATAGGCGT,199,3700068
tolCp1,1.5,23,9,AAGGAACAAGATAGGTTCAC,14,3685644
tolCp1,0.4,12,9,AACTGTTCTGTCGCAATTTT,3,3713869
tolCp1,1.3,21,9,AACGATGTTGTGTTGGAAAC,12,3663550
tolCp1,2.1,29,9,AACGAAGTAAAGTGTGATGG,20,3662359
tolCp1,5.6,64,9,AACCCAAATCTGACAGAACG,55,3707448
tolCp1,3.4,42,9,AAATTTCCGCTTACCAGTGC,33,3693594
tolCp1,3.5,43,9,AAATAAGCGTTTGTTACGAA,34,3694270
tolCp1,2.4,32,9,AAATAAACCTTTAGTTCTCA,23,3679919
tolCp1,1.3,21,9,AAAGTGGTTACAGCTCAGGA,12,3700129
tolCp1,3.4,42,9,AAACCGCTCTGGTCTCGAAT,33,3670013
tolCp1,0.3,11,9,AAAAGCTAAGCACTGGTGGA,2,3706909
tolCp1,0.7777777777777778,14,8,TTTTCGCGTAATGACAAATA,6,3713651
tolCp1,0.8888888888888888,15,8,TTTGATCTGGCGGGCATGAA,7,3664113
tolCp1,1.4444444444444444,20,8,TTTCTCTCGGTCAGGCCATT,12,3688021
tolCp1,1.4444444444444444,20,8,TTGTCCTTGTGAGGTCGTTG,12,3712796
tolCp1,1.2222222222222223,18,8,TTGGTTCGCGCTGATCTGGT,10,3674290
tolCp1,1.6666666666666667,22,8,TTGGTGATGATTAGCGTCTT,14,3690793
tolCp1,7.888888888888889,78,8,TTGGTGAAGGTACTTCAAAC,70,3686570
tolCp1,1.5555555555555556,21,8,TTGGGGAGCTGTAAGAAGAA,13,3684557
tolCp1,2.4444444444444446,29,8,TTGGCGTCCCATGTTCCTGA,21,3677115
tolCp1,0.8888888888888888,15,8,TTGCGTTAGGCGACATGCGC,7,3679414
tolCp1,0.8888888888888888,15,8,TTGCGGATAAGTTTTATTGA,7,3700132
tolCp1,1.3333333333333333,19,8,TTGAGCGCGCACTTGCAGAC,11,3665623
tolCp1,2.0,25,8,TTGACTAGCAGAGGTCTTCT,17,3669571
tolCp1,2.0,25,8,TTGAAGTACGCCGCATACTC,17,3687870
tolCp1,3.6666666666666665,40,8,TTCTTGAAGGATGATTCTCT,32,3688509
tolCp1,3.4444444444444446,38,8,TTCTGCCTGTATGGGGTTCC,30,3702257
tolCp1,3.3333333333333335,37,8,TTCTATGAAGCTGAGCCGGG,29,3711904
tolCp1,1.8888888888888888,24,8,TTCTACGGGAATAGGAAGGG,16,3671194
tolCp1,0.6666666666666666,13,8,TTCGGCTCCGCGGGTTAGTA,5,3666584
tolCp1,1.3333333333333333,19,8,TTCGATGTAATCACAAATCT,11,3693328
tolCp1,2.888888888888889,33,8,TTCCGGAGAGGCCATCCTAT,25,3682378
tolCp1,1.6666666666666667,22,8,TTCCGCCCTTGTAGAGTCTA,14,3714086
tolCp1,0.4444444444444444,11,8,TTCCGATAGCGATTTCGTCC,3,3687482
tolCp1,1.5555555555555556,21,8,TTCCATTTTCGCCCTTGAAT,13,3669066
tolCp1,0.3333333333333333,10,8,TTCAGGGGGTGAGCTTCTCC,2,3677908
tolCp1,5.111111111111111,53,8,TTATTACGTATGCCCTTAAC,45,3670307
tolCp1,0.6666666666666666,13,8,TTAGTCGTTCAGTCTGCCGG,5,3696011
tolCp1,3.3333333333333335,37,8,TTACTAGAGCGGCCATACGG,29,3699525
tolCp1,0.7777777777777778,14,8,TTACCGCAATAGTAAATGCA,6,3707096
tolCp1,3.888888888888889,42,8,TTACACGACTGGAGACACCT,34,3684932
tolCp1,1.3333333333333333,19,8,TGTTCAATGTTCTTACCAGT,11,3705245
tolCp1,0.3333333333333333,10,8,TGTGTGATTTGAAAGCGCCA,2,3665723
tolCp1,1.3333333333333333,19,8,TGTGTCACGCATATAGCTTA,11,3688000
tolCp1,4.0,43,8,TGTGGACTAGACGCCCTCGG,35,3701931
tolCp1,2.3333333333333335,28,8,TGTGCGGCAAGCCAAACATA,20,3693828
tolCp1,4.222222222222222,45,8,TGTGAGGCGATGAGTGCACA,37,3696134
tolCp1,0.5555555555555556,12,8,TGTGACATTGAGGTGTGCGT,4,3700468
tolCp1,0.7777777777777778,14,8,TGTCCAAATAAACGTATTCA,6,3709799
tolCp1,1.1111111111111112,17,8,TGTCAGGTTCCGACGCTGAC,9,3685269
tolCp1,4.111111111111111,44,8,TGTAAGGTTTCGCCAAAATT,36,3674747
tolCp1,12.666666666666666,121,8,TGGTTTTTGGTCTGCTAAGA,113,3669751
tolCp1,18.666666666666668,175,8,TGGTTGACTGTCACAGTCAG,167,3672855
tolCp1,0.2222222222222222,9,8,TGGGTTGTTCCTAACCGTAA,1,3691312
tolCp1,0.6666666666666666,13,8,TGGGTGCCCCTAACTATTCA,5,3673117
tolCp1,7.777777777777778,77,8,TGGGCCATCACTGTGGAGAA,69,3670730
tolCp1,1.7777777777777777,23,8,TGGGATAAAGGTAGGGTCAT,15,3707176
tolCp1,2.111111111111111,26,8,TGGGACTACCTATTTCTAGA,18,3705670
tolCp1,0.7777777777777778,14,8,TGGCCATGCAAGTATCTAAG,6,3708251
tolCp1,2.3333333333333335,28,8,TGGAACGACTACGGTAAACA,20,3674580
tolCp1,0.2222222222222222,9,8,TGCTGCTGGCAAATCTACTC,1,3667510
tolCp1,2.111111111111111,26,8,TGCTCCTGATAATATGAGGG,18,3690390
tolCp1,2.5555555555555554,30,8,TGCTCAGGAATCGAACCAAA,22,3704008
tolCp1,1.2222222222222223,18,8,TGCTATTATATACCGGATGT,10,3661516
tolCp1,4.888888888888889,51,8,TGCTATCAACGATCCTACTC,43,3693923
tolCp1,2.111111111111111,26,8,TGCCTCTAACCTGACTCCCC,18,3674579
tolCp1,3.4444444444444446,38,8,TGATTATGAGGCCAGTCTAG,30,3676343
tolCp1,1.2222222222222223,18,8,TGATGTTTCCCACCGGTACC,10,3702791
tolCp1,1.1111111111111112,17,8,TGAGGATGGCAGTAACGTAC,9,3696224
tolCp1,5.0,52,8,TGACGTCTCTTTTACTTAGA,44,3663911
tolCp1,2.0,25,8,TGACCGACACGGAGTCAATC,17,3711093
tolCp1,2.3333333333333335,28,8,TGACATGGTTAGGACATCTA,20,3714584
tolCp1,1.2222222222222223,18,8,TGAACCGCTTACGTAAGGAA,10,3664674
tolCp1,2.6666666666666665,31,8,TCTTGAGTCCTGGCTCATAT,23,3713667
tolCp1,4.555555555555555,48,8,TCTTATAATCGACAGTATAA,40,3706997
tolCp1,2.111111111111111,26,8,TCTGGGAGACGTGTGCGAAC,18,3706132
tolCp1,1.4444444444444444,20,8,TCTCAATGTGGGCAGGACCT,12,3661956
tolCp1,1.2222222222222223,18,8,TCTATGACCCCGGTTCGTAG,10,3682954
tolCp1,9.0,88,8,TCGTGTTGATTACTAAGTAC,80,3668377
tolCp1,2.5555555555555554,30,8,TCGTATCATCGGTTAAAGGC,22,3676266
tolCp1,7.0,70,8,TCGGGATAGAACTGCGGCGA,62,3674255
tolCp1,2.4444444444444446,29,8,TCGGATTCAGTAGTACTTCT,21,3687386
tolCp1,2.7777777777777777,32,8,TCGAGTGACTCGTTAGTAAT,24,3691806
tolCp1,0.5555555555555556,12,8,TCGAGCCACGCCCCGGAATA,4,3693464
tolCp1,1.1111111111111112,17,8,TCGACTAGCGTCGTAGCGTA,9,3696617
tolCp1,0.6666666666666666,13,8,TCGACATGTTTCATAGGTTA,5,3691546
tolCp1,1.7777777777777777,23,8,TCGAATATGCACAAGCAGAA,15,3698521
tolCp1,1.4444444444444444,20,8,TCGAATAGGGATGAGGACTA,12,3682377
tolCp1,17.333333333333332,163,8,TCCGTGGCAGGTGGCGGGGG,155,3679279
tolCp1,1.1111111111111112,17,8,TCCGGTCCCGCGATATCGAT,9,3698616
tolCp1,0.5555555555555556,12,8,TCCCGGGCAGAATGCGGAAC,4,3684720
tolCp1,3.5555555555555554,39,8,TCCCGCCTGGCGTTTCTGCC,31,3711910
tolCp1,4.666666666666667,49,8,TCCCATGCTGGTTTACTTTA,41,3668101
tolCp1,2.2222222222222223,27,8,TCCAGGATTAAGCCATAGTA,19,3662653
tolCp1,4.222222222222222,45,8,TCATGTGTTCTCCTGGGAAA,37,3666801
tolCp1,2.4444444444444446,29,8,TCACGCACTCCCCGAAACGG,21,3680723
tolCp1,4.111111111111111,44,8,TCAATTCGGTCCTACGGCAA,36,3709497
tolCp1,6.333333333333333,64,8,TCAACGAGACGCGGGCACCG,56,3670887
tolCp1,4.222222222222222,45,8,TATTTTAACGTCTCACTATA,37,3699489
tolCp1,2.2222222222222223,27,8,TATTTACAAGTCAATCACTG,19,3664722
tolCp1,6.333333333333333,64,8,TATGTTACCAACTAGGCTGT,56,3708956
tolCp1,2.2222222222222223,27,8,TATGGATCCGGCGGACATGA,19,3707009
tolCp1,0.8888888888888888,15,8,TATGCATGGCTCCCCATAAG,7,3679922
tolCp1,2.0,25,8,TATAGGTTGTGGGGCGCGAA,17,3692367
tolCp1,1.4444444444444444,20,8,TAGTGTTAGTGGAACTTGGT,12,3669486
tolCp1,1.3333333333333333,19,8,TAGGCATGTGACCGGATATT,11,3695568
tolCp1,2.2222222222222223,27,8,TAGCGTCGGCATAATTACAT,19,3696245
tolCp1,1.3333333333333333,19,8,TAGCCAGCCCTAGATGTGGG,11,3713702
tolCp1,0.2222222222222222,9,8,TAGCATTGATGAGGTTTGTT,1,3708718
tolCp1,1.0,16,8,TAGCACACAATAGACGGTGC,8,3703318
tolCp1,2.7777777777777777,32,8,TAGATCGGGGTACCAGTACA,24,3694702
tolCp1,6.111111111111111,62,8,TAGAGTGCGCGAATCGCATT,54,3686580
tolCp1,1.7777777777777777,23,8,TACTTAATCGCAATGAGGAT,15,3696928
tolCp1,4.333333333333333,46,8,TACTGTAAGAAATCCCACAA,38,3664433
tolCp1,2.111111111111111,26,8,TACTGGACGTGCCATCTTCT,18,3678373
tolCp1,1.5555555555555556,21,8,TACTCTCTTTAGCAAAGTCT,13,3680670
tolCp1,0.8888888888888888,15,8,TACTCGCCAACGCGGGGGTA,7,3665929
tolCp1,0.6666666666666666,13,8,TACTAAGCGAGATCACACGA,5,3706517
tolCp1,1.0,16,8,TACGTTTCGGGTTCACCTGT,8,3664879
tolCp1,3.7777777777777777,41,8,TACGGCATGGGCACACCGGC,33,3707578
tolCp1,3.111111111111111,35,8,TACGCCAATGCATAGGTCGT,27,3664921
tolCp1,1.4444444444444444,20,8,TACCAATGAAGGGACCAGCT,12,3710690
tolCp1,0.7777777777777778,14,8,TACATTCTTTATCAGTGTCT,6,3704285
tolCp1,0.5555555555555556,12,8,TACACGCACGGATGCCCCAC,4,3706437
tolCp1,5.444444444444445,56,8,TAATAATTCCCTAACTCCTT,48,3668824
tolCp1,3.5555555555555554,39,8,TAAGTCGCCGCTCCCAGCCT,31,3684592
tolCp1,1.1111111111111112,17,8,TAAGCGAATGCGCCATTACA,9,3699476
tolCp1,2.3333333333333335,28,8,TAAGAAGTATCAGATCGGTG,20,3664922
tolCp1,1.7777777777777777,23,8,TAACGAATCTACAACTATAC,15,3691805
tolCp1,1.5555555555555556,21,8,TAACAAAGATTATGTTTTCC,13,3706567
tolCp1,2.5555555555555554,30,8,GTTTTAGTGTTGTAATGTAG,22,3662022
tolCp1,2.3333333333333335,28,8,GTTTGAGATCGCTCGCCAGA,20,3667537
tolCp1,1.0,16,8,GTTTACAAACTCACCGAGTG,8,3685824
tolCp1,2.0,25,8,GTTGTCCAATGACTGAACAA,17,3703794
tolCp1,3.7777777777777777,41,8,GTTGGTTGTAAGATATTCTT,33,3713767
tolCp1,1.4444444444444444,20,8,GTTCTCGTGGCATTCCCGGC,12,3683965
tolCp1,2.3333333333333335,28,8,GTTCAGACATTTTCCCGTAA,20,3711497
tolCp1,4.444444444444445,47,8,GTTCACGCAATCTAACGATA,39,3709941
tolCp1,0.2222222222222222,9,8,GTTCACCAGCCACTAAACGT,1,3692687
tolCp1,9.555555555555555,93,8,GTTAGAGCTAGTGGTTACAA,85,3712658
tolCp1,2.2222222222222223,27,8,GTTAACTCATTTACCCGTGC,19,3664235
tolCp1,6.666666666666667,67,8,GTGTCCTAATGGTGAGCAGA,59,3684120
tolCp1,1.4444444444444444,20,8,GTGTAGCCAAATATCTGCGG,12,3686102
tolCp1,3.2222222222222223,36,8,GTGGGTGGTAGAGGTTAAAT,28,3664091
tolCp1,0.5555555555555556,12,8,GTGGGATACGGGGTTCCGAA,4,3684693
tolCp1,4.888888888888889,51,8,GTGGCCCAGGAAAGCTCTAA,43,3691036
tolCp1,4.111111111111111,44,8,GTGGACTGCTCCTTACATCA,36,3675572
tolCp1,1.7777777777777777,23,8,GTGCGGCAATCTGTCTTTTG,15,3669510
tolCp1,1.7777777777777777,23,8,GTGCGCTCATCAGTCGCGCG,15,3693634
tolCp1,5.444444444444445,56,8,GTGATGACTTTGAAGGTCTA,48,3665100
tolCp1,1.7777777777777777,23,8,GTGAACCCTGGACTGTGCGC,15,3706154
tolCp1,3.2222222222222223,36,8,GTCTTGACGAAGGTTCCTTG,28,3681451
tolCp1,0.5555555555555556,12,8,GTCTTCGCGCTTGAAGATCA,4,3684842
tolCp1,4.666666666666667,49,8,GTCTTCAAATAATATTTCCT,41,3703858
tolCp1,0.5555555555555556,12,8,GTCTTAGAGGCTAGCCATAT,4,3687007
tolCp1,3.111111111111111,35,8,GTCTGTTTGATATGGAGAGG,27,3696581
tolCp1,3.111111111111111,35,8,GTCTCTGGGCTCGTCGCAGT,27,3684282
tolCp1,1.2222222222222223,18,8,GTCTATTCGACCAGTCGCTA,10,3667813
tolCp1,2.3333333333333335,28,8,GTCTAACTAAAAATTGAGTC,20,3689050
tolCp1,2.2222222222222223,27,8,GTCGTTGCATAACTTGCAAA,19,3693582
tolCp1,6.777777777777778,68,8,GTCCGCTGTAAAGTGGAGAA,60,3694657
tolCp1,1.7777777777777777,23,8,GTCCACGTTGGCTTGGGTCC,15,3683799
tolCp1,2.0,25,8,GTCATGTGATGCTGCGTACA,17,3674874
tolCp1,2.0,25,8,GTCATACTCCCGTTGCAGAC,17,3695600
tolCp1,6.111111111111111,62,8,GTATTTACTTGCAAGTGCAG,54,3678856
tolCp1,1.7777777777777777,23,8,GTATCGGAGTGAGCTGAAGT,15,3695595
tolCp1,1.5555555555555556,21,8,GTATCCTGCCCTTGCTAGGC,13,3707582
tolCp1,1.0,16,8,GTATACGATACGCGTTGTTG,8,3688936
tolCp1,0.2222222222222222,9,8,GTATAACCCCCTAACATTAT,1,3703745
tolCp1,2.3333333333333335,28,8,GTAGTCATCATCGGAGAAAA,20,3673692
tolCp1,0.8888888888888888,15,8,GTAGGTTGCGGCTCATTTCA,7,3672321
tolCp1,7.666666666666667,76,8,GTAGGTAAGGCCATCCGTGG,68,3698576
tolCp1,1.0,16,8,GTAGAGTCCTGACGCACCAT,8,3672670
tolCp1,5.222222222222222,54,8,GTACAATCAGCGAAGGGCCA,46,3694276
tolCp1,2.111111111111111,26,8,GTAATCTTACGGCACCCGCT,18,3690130
tolCp1,1.4444444444444444,20,8,GTAACCCCATTAAGTGCAAG,12,3668073
tolCp1,3.2222222222222223,36,8,GTAAAACGGTGTGGGTATTT,28,3693556
tolCp1,0.4444444444444444,11,8,GGTTCGGCGCGCAAGATCAA,3,3711656
tolCp1,15.555555555555555,147,8,GGTGCCTGGACTATATGACA,139,3686022
tolCp1,2.888888888888889,33,8,GGTCCGTGTGCATTAGCTTA,25,3712736
tolCp1,1.7777777777777777,23,8,GGTCCCTTCTTGAATTCCTT,15,3672545
tolCp1,26.333333333333332,244,8,GGTCCCGGCAGTAACGGCCA,236,3674474
tolCp1,3.2222222222222223,36,8,GGTCACCCATTTCCTGCGGG,28,3696500
tolCp1,3.111111111111111,35,8,GGTCACATGAAGGTAGAAAG,27,3682614
tolCp1,5.0,52,8,GGTAGCTCACATGAAACCGT,44,3685301
tolCp1,1.4444444444444444,20,8,GGTACGCCAAGTTGGTTAAT,12,3673159
tolCp1,4.444444444444445,47,8,GGTAACACTCTAAGATGTCA,39,3714426
tolCp1,2.111111111111111,26,8,GGGTTTGGTGGCACCTCACG,18,3709190
tolCp1,0.8888888888888888,15,8,GGGTTGCCAGGAGCACCCAG,7,3689213
tolCp1,0.2222222222222222,9,8,GGGTATCCTCGACTTCTCAA,1,3703401
tolCp1,8.0,79,8,GGGGTGAACGCGTAACGCAG,71,3666484
tolCp1,8.444444444444445,83,8,GGGGGCGCATTTCTCCCATA,75,3682477
tolCp1,1.0,16,8,GGGGCGTCAACAGAAAGCTA,8,3669628
tolCp1,6.777777777777778,68,8,GGGGAGAGTCGAATCCTCAC,60,3700103
tolCp1,0.2222222222222222,9,8,GGGCTAGAGCTGCCTGCTTT,1,3694321
tolCp1,3.2222222222222223,36,8,GGGCGTGTAGTTTTCCCTAC,28,3693481
tolCp1,8.11111111111111,80,8,GGGCGTACCCTCAGTTTTCT,72,3684632
tolCp1,1.3333333333333333,19,8,GGGCGCTCGAGGTAACTTAA,11,3671958
tolCp1,14.555555555555555,138,8,GGGATGTCTGGACAGAACAC,130,3676555
tolCp1,3.888888888888889,42,8,GGGATGAATGCATGTGCTAA,34,3674132
tolCp1,4.444444444444445,47,8,GGGAGAATCGGCTTGGTTCA,39,3687312
tolCp1,3.888888888888889,42,8,GGCTCGCATCGCAGGAGTCT,34,3690602
tolCp1,4.444444444444445,47,8,GGCTACCTCTGCTCCCCGGT,39,3663461
tolCp1,39.888888888888886,366,8,GGCTAACACTGAACACGGAA,358,3696422
tolCp1,0.5555555555555556,12,8,GGCGTTAGCGGGCTACACCA,4,3686845
tolCp1,4.444444444444445,47,8,GGCGGCTCGAGGCCACTCTA,39,3689031
tolCp1,1.4444444444444444,20,8,GGCGCTCAATGCCGATGTTT,12,3667675
tolCp1,2.5555555555555554,30,8,GGCGCGTAGTCAGAGACCCA,22,3676660
tolCp1,0.7777777777777778,14,8,GGCCGGTCTAACTTAAATGC,6,3703360
tolCp1,0.2222222222222222,9,8,GGCCCTGACGATTTGATGAA,1,3685767
tolCp1,1.1111111111111112,17,8,GGCCCCCTCAGCACAATCGT,9,3703122
tolCp1,0.6666666666666666,13,8,GGCATCAGAAACGTTTTGTG,5,3664074
tolCp1,0.7777777777777778,14,8,GGAGGATTTCCAGCGTTGTA,6,3673484
tolCp1,1.0,16,8,GGAGCCGGGGTTCTCAAAAA,8,3684185
tolCp1,7.222222222222222,72,8,GGACTGTAGTTAATGAATCC,64,3667329
tolCp1,2.4444444444444446,29,8,GGACAATTTAGGCATTCGGC,21,3676008
tolCp1,1.5555555555555556,21,8,GGAAGTTCCATACTGGCAGA,13,3669960
tolCp1,4.444444444444445,47,8,GGAAGGTATGATCCTCACCG,39,3705140
tolCp1,0.4444444444444444,11,8,GGAAGCTCTGATTCAGACCT,3,3670749
tolCp1,40.333333333333336,370,8,GGAACCGTCAGCTTCATTGT,362,3675701
tolCp1,5.777777777777778,59,8,GGAACAATATAGAATGCCAT,51,3661774
tolCp1,1.2222222222222223,18,8,GGAAAAGTTGCAAGCCATCG,10,3682662
tolCp1,12.555555555555555,120,8,GCTTCAGTACACTCATTCTC,112,3679264
tolCp1,2.0,25,8,GCTGTACATCTGAAACACCT,17,3670436
tolCp1,3.888888888888889,42,8,GCTCTTGACCCTAGAATCGA,34,3668501
tolCp1,0.2222222222222222,9,8,GCTCCCTTAGAGTGGCGTCG,1,3665691
tolCp1,2.5555555555555554,30,8,GCTCCCGAGATTTTAGCTAT,22,3701481
tolCp1,1.7777777777777777,23,8,GCTCATTGCTCGAGTAAGCA,15,3714859
tolCp1,2.5555555555555554,30,8,GCTCAAAGGATGGCTTGCGT,22,3681905
tolCp1,11.0,106,8,GCTATTACTAGGGGCAGATA,98,3666466
tolCp1,0.4444444444444444,11,8,GCTATACCCAGACGCTCGGG,3,3673035
tolCp1,6.111111111111111,62,8,GCTAACAGCTAGCGCCATAG,54,3688976
tolCp1,9.11111111111111,89,8,GCGATTGTCTCATATCGACC,81,3671727
tolCp1,0.2222222222222222,9,8,GCGAGCAACCGCTCTACTAA,1,3684309
tolCp1,4.444444444444445,47,8,GCGACCGTGTCACTTTAGGA,39,3713938
tolCp1,0.2222222222222222,9,8,GCGAAAGTGTGAAGCTCACG,1,3713932
tolCp1,1.8888888888888888,24,8,GCGAAACAATGAAGGTAGTG,16,3686457
tolCp1,7.444444444444445,74,8,GCCTTGTCATAAACTCTTTA,66,3708403
tolCp1,2.4444444444444446,29,8,GCCTCCCATGGCCCTGTGTA,21,3674652
tolCp1,0.6666666666666666,13,8,GCCTCAGGCATCAAAGGGAA,5,3661992
tolCp1,3.5555555555555554,39,8,GCCGTCCCATCGGATGTGTA,31,3677838
tolCp1,3.5555555555555554,39,8,GCCCTTCCTCGTGTACATAC,31,3691419
tolCp1,1.1111111111111112,17,8,GCCCCGGGATGGCGTACTTT,9,3698031
tolCp1,3.111111111111111,35,8,GCCCACGTGCCTCCAAGGGA,27,3703642
tolCp1,19.77777777777778,185,8,GCATGTTGTGGTCATCCGGT,177,3672856
tolCp1,4.333333333333333,46,8,GCATGAAAATCGCTGAAAAT,38,3706714
tolCp1,6.555555555555555,66,8,GCATCGTAGTCCTCGTGTAA,58,3710299
tolCp1,4.777777777777778,50,8,GCATATGGTACTACGCACGA,42,3678461
tolCp1,1.2222222222222223,18,8,GCATACTCAAACAGTGGTAT,10,3691356
tolCp1,1.1111111111111112,17,8,GCAGACTACTAACGCTGGGA,9,3696271
tolCp1,1.7777777777777777,23,8,GCACATCTCTCTAGGGGCCA,15,3678476
tolCp1,1.6666666666666667,22,8,GATTCTACTCCCCGGTTTCA,14,3675033
tolCp1,1.8888888888888888,24,8,GATTAGTGGTAAGTACCCGT,16,3693627
tolCp1,2.0,25,8,GATGGGACGGATTAATCTTC,17,3662565
tolCp1,2.0,25,8,GATCGCCTCGGACAGTGAAT,17,3706021
tolCp1,2.5555555555555554,30,8,GATCAGGGAAGTAGTAACAC,22,3702380
tolCp1,0.8888888888888888,15,8,GATCACCCAAGAGCATTGGG,7,3695790
tolCp1,0.2222222222222222,9,8,GATAATTATCAAGCTCCCTA,1,3668985
tolCp1,6.444444444444445,65,8,GAGTTACATGCCAGTCTTAG,57,3661613
tolCp1,0.8888888888888888,15,8,GAGTGAGTTAGTTCTAATGA,7,3679349
tolCp1,3.111111111111111,35,8,GAGTCAGGGGTTACGTGAGA,27,3699113
tolCp1,1.6666666666666667,22,8,GAGGTGCATTAAGAGGACGT,14,3679894
tolCp1,1.3333333333333333,19,8,GAGGGTTTAGCCGGCATTCG,11,3683614
tolCp1,3.0,34,8,GAGGCTCTGGCCGATTATGG,26,3682687
tolCp1,2.3333333333333335,28,8,GAGCTTACTAGGCTTGAAGC,20,3684462
tolCp1,1.4444444444444444,20,8,GACTCCTTAATGAAAGGTTA,12,3695501
tolCp1,0.6666666666666666,13,8,GACGCGGGCGCCTATACACG,5,3664156
tolCp1,1.4444444444444444,20,8,GACGACCAGCAATTCGGGAA,12,3690752
tolCp1,3.2222222222222223,36,8,GACGAATTTCATAAAACACG,28,3697942
tolCp1,5.0,52,8,GACCCCCATCAATTGCATCA,44,3691027
tolCp1,1.8888888888888888,24,8,GACCCATTAGTATCCAGAGT,16,3675878
tolCp1,0.2222222222222222,9,8,GACCAACCTTGGCAGAGATT,1,3669561
tolCp1,1.6666666666666667,22,8,GACATTTATAGCGTGCTCAG,14,3681385
tolCp1,8.444444444444445,83,8,GACATGTGTGAGCCAGAATG,75,3704375
tolCp1,4.333333333333333,46,8,GACAGGGGTCGCCGATCCAG,38,3680854
tolCp1,2.888888888888889,33,8,GAATTCTACTCTCGCTCGGG,25,3699042
tolCp1,5.777777777777778,59,8,GAATAGGATGGTATAAGATG,51,3692340
tolCp1,0.8888888888888888,15,8,GAAGTGAGTATCGTTTGGAA,7,3661698
tolCp1,2.2222222222222223,27,8,GAAGCCTCATTACCATTATT,19,3713800
tolCp1,0.2222222222222222,9,8,GAAGCAGACAGCCCGATAGC,1,3689825
tolCp1,2.2222222222222223,27,8,GAACTACAAATTTATTAAAC,19,3691652
tolCp1,0.7777777777777778,14,8,GAACGGGCGAGGTTCGTCAC,6,3691225
tolCp1,5.666666666666667,58,8,GAAATGTTGTAACAGCCGTG,50,3666270
tolCp1,2.111111111111111,26,8,GAAAGAAGCGCTTCATGCAT,18,3690577
tolCp1,1.0,16,8,GAAAATCGGGCTCAAGTCGG,8,3672631
tolCp1,1.6666666666666667,22,8,CTTGCCGCGAGGTATCCGAC,14,3715049
tolCp1,3.3333333333333335,37,8,CTTCTGGTAAGGGGTAGGCA,29,3678003
tolCp1,0.5555555555555556,12,8,CTTCTATTGGACGTCTATCT,4,3674211
tolCp1,0.7777777777777778,14,8,CTTCGGTCTGACGAGAGGTT,6,3675999
tolCp1,0.6666666666666666,13,8,CTTCGGAGTAAAGTGTTCAG,5,3705273
tolCp1,0.6666666666666666,13,8,CTTCCTCTTGCGGAAAGATT,5,3709019
tolCp1,3.2222222222222223,36,8,CTTAGAACGGCTCTAGTCTG,28,3698820
tolCp1,7.0,70,8,CTGTTAGGTCCGGAGCGTGG,62,3663454
tolCp1,0.4444444444444444,11,8,CTGTAAAATTGGGGTCTACC,3,3663978
tolCp1,1.6666666666666667,22,8,CTGCCTTCTAACATAAGAGC,14,3662043
tolCp1,1.8888888888888888,24,8,CTGCCCTTTGAAGCAGATAA,16,3701048
tolCp1,0.3333333333333333,10,8,CTCTACCTTCGATATCCCTT,2,3670507
tolCp1,2.2222222222222223,27,8,CTCGGAAGTCGGCTGCATAC,19,3702012
tolCp1,1.6666666666666667,22,8,CTCCCGCCTGGAACGGATTT,14,3707164
tolCp1,3.7777777777777777,41,8,CTCCACTGCTTAAAAGACAT,33,3667687
tolCp1,1.5555555555555556,21,8,CTCAGGAGGATATAAGGCTT,13,3709681
tolCp1,1.8888888888888888,24,8,CTCAGACGGGTCTAGGGGGG,16,3703750
tolCp1,1.8888888888888888,24,8,CTATTACTTCAATTCTGTCG,16,3696051
tolCp1,2.888888888888889,33,8,CTAGCCGATACGCACGTTTT,25,3680298
tolCp1,1.6666666666666667,22,8,CTAATTCGCGCAGCTTGGTT,14,3669656
tolCp1,7.444444444444445,74,8,CTAAGTCGGTCGAAACGGTA,66,3688878
tolCp1,2.2222222222222223,27,8,CGTTTATGACTTTAACCGTG,19,3689008
tolCp1,1.1111111111111112,17,8,CGTTCTTCCCTGTACGGGTA,9,3689156
tolCp1,1.6666666666666667,22,8,CGTGTGTGCCGACAAACTTG,14,3684513
tolCp1,3.4444444444444446,38,8,CGTGTAGTGACTTTTCCGGA,30,3695176
tolCp1,2.111111111111111,26,8,CGTCTTTTTGCAGGCGTCCC,18,3703864
tolCp1,1.1111111111111112,17,8,CGTCCGAAAGCCTTGGTCCG,9,3681572
tolCp1,2.0,25,8,CGTATTTTACCGGAGTGATA,17,3695065
tolCp1,0.6666666666666666,13,8,CGTAGTTCATGCTGATCAAC,5,3669335
tolCp1,3.111111111111111,35,8,CGTAGTCGGTGTAAAGCTCA,27,3664986
tolCp1,6.222222222222222,63,8,CGGGTCCGGGAGGCTACGGG,55,3676552
tolCp1,2.3333333333333335,28,8,CGGGGGTAAGATTCTCCGCT,20,3661126
tolCp1,1.2222222222222223,18,8,CGGGCTTATGTTGGTAATCG,10,3678289
tolCp1,1.3333333333333333,19,8,CGGGATACAATACCACGGTT,11,3714980
tolCp1,1.1111111111111112,17,8,CGGCTATACGATCGAGCCGA,9,3675461
tolCp1,5.333333333333333,55,8,CGGCTAAGTAGATGTTGTTA,47,3668793
tolCp1,40.55555555555556,372,8,CGGCATTCCTTAGGGCTTGG,364,3685061
tolCp1,1.4444444444444444,20,8,CGGCATCAGGTCGAGTAAGC,12,3679944
tolCp1,0.2222222222222222,9,8,CGGATGCTTACAAGTCGTCA,1,3690749
tolCp1,3.3333333333333335,37,8,CGCGCGGTCATGGGGGTATA,29,3679571
tolCp1,7.666666666666667,76,8,CGCCTCCATGGCATGTTAAT,68,3697109
tolCp1,1.7777777777777777,23,8,CGCATTGACTCAGCTCATAT,15,3682665
tolCp1,0.2222222222222222,9,8,CGCACCTTGAACAATTCGGA,1,3680261
tolCp1,53.77777777777778,491,8,CGATGACCCTTTATGCGAAT,483,3711976
tolCp1,2.888888888888889,33,8,CGATATCTGGACTAGGGACT,25,3667750
tolCp1,0.5555555555555556,12,8,CGAGTGCGTACGCACAGTAC,4,3665574
tolCp1,1.0,16,8,CGAGCTGATCGACAGGGTTG,8,3689329
tolCp1,1.8888888888888888,24,8,CGACCGATCAGTGCTAGCTA,16,3661436
tolCp1,4.333333333333333,46,8,CGAATCTATACTTTAGTAAA,38,3670855
tolCp1,1.0,16,8,CGAACGTTGAGCACGGCTTC,8,3699311
tolCp1,1.2222222222222223,18,8,CCTTTTAGCGTCGGAAGGGG,10,3666767
tolCp1,1.8888888888888888,24,8,CCTTATCGGAAGAAGGATAT,16,3703756
tolCp1,0.5555555555555556,12,8,CCTTAGTAACGTCATGCAGA,4,3679632
tolCp1,0.5555555555555556,12,8,CCTCGTTTGAACTGGAAGAA,4,3714258
tolCp1,5.444444444444445,56,8,CCTCCGTTCTCGGCACATGT,48,3684587
tolCp1,0.6666666666666666,13,8,CCGGTTCGTGGAGGATATGG,5,3682381
tolCp1,0.2222222222222222,9,8,CCGGTGATAAAGCGAGACCT,1,3680770
tolCp1,2.2222222222222223,27,8,CCGGGAGTCCAAAGAAACTA,19,3690527
tolCp1,4.333333333333333,46,8,CCGGCTCATCTGTTTCCAAG,38,3671878
tolCp1,2.4444444444444446,29,8,CCGAATACCACGTCTGTATG,21,3698401
tolCp1,0.8888888888888888,15,8,CCCGCACTGGTCACGCGTTG,7,3700807
tolCp1,13.777777777777779,131,8,CCCCCAGGTGCAGCATTTAG,123,3669407
tolCp1,0.7777777777777778,14,8,CCCCAGTTCAGGGCCATACT,6,3679333
tolCp1,0.2222222222222222,9,8,CCCACATCGGTTTCCAACTA,1,3689926
tolCp1,2.0,25,8,CCCAATCACAACAGTGCGTC,17,3710820
tolCp1,2.888888888888889,33,8,CCAGTCGATGGAAGGGGAAT,25,3685105
tolCp1,1.8888888888888888,24,8,CCAGTAGGCCTTCCGTACCG,16,3671744
tolCp1,1.3333333333333333,19,8,CCAGCCATGTACGCATAGGT,11,3688924
tolCp1,0.3333333333333333,10,8,CCACAGAGCAGCATTAGCCT,2,3693599
tolCp1,6.444444444444445,65,8,CCAATTTCAAAACTTCTAGT,57,3700877
tolCp1,4.555555555555555,48,8,CCAAGTCATCCTCCGGGCGA,40,3694719
tolCp1,1.3333333333333333,19,8,CATTGCCTATTCGTGCTATT,11,3694714
tolCp1,9.0,88,8,CATTAGCAGCGGGCTAGTCT,80,3661288
tolCp1,5.777777777777778,59,8,CATGTTTACCCTTGGTCAAA,51,3702354
tolCp1,1.5555555555555556,21,8,CATGGCTCAGTAGGTGGAGC,13,3696174
tolCp1,2.3333333333333335,28,8,CATCGGGTATTCAATTGGAA,20,3700341
tolCp1,2.888888888888889,33,8,CATCGCCGGGCTTAAGACTC,25,3709247
tolCp1,0.2222222222222222,9,8,CATCCCAAAGATTCCTGTCG,1,3686172
tolCp1,3.111111111111111,35,8,CATAGAATCCTAGGTCTCAT,27,3683421
tolCp1,1.3333333333333333,19,8,CAGTGTAGGGGGTATCGCGC,11,3699968
tolCp1,1.5555555555555556,21,8,CAGTCCAGCATAAGCTGTAA,13,3707298
tolCp1,2.888888888888889,33,8,CAGTCAACTTAGTGTCTCAC,25,3681680
tolCp1,5.555555555555555,57,8,CACTTGGTCGAAAGACCAAT,49,3704082
tolCp1,0.7777777777777778,14,8,CACTTCCTCCACTTTTTTTT,6,3713501
tolCp1,0.2222222222222222,9,8,CACCTTAATGTTTGCATTTG,1,3712920
tolCp1,8.222222222222221,81,8,CACAAGGCAAGTGACCGAGG,73,3664700
tolCp1,0.6666666666666666,13,8,CAATAATCCTTTCGCGGGGT,5,3662478
tolCp1,8.11111111111111,80,8,CAACGACACAATCCGGAACA,72,3697805
tolCp1,1.7777777777777777,23,8,CAACATCATGCGATTATTAT,15,3684008
tolCp1,2.7777777777777777,32,8,CAAAGCAAAATTAAGGATGT,24,3668984
tolCp1,2.5555555555555554,30,8,ATTTGCTGAATTATATAGAT,22,3683607
tolCp1,0.3333333333333333,10,8,ATTTGCGCGGTATGACCACT,2,3690377
tolCp1,2.888888888888889,33,8,ATTCCAGCTGTCAGGCTGCG,25,3695524
tolCp1,0.2222222222222222,9,8,ATTACTCCTAACAGACGCAG,1,3702959
tolCp1,0.3333333333333333,10,8,ATTACCCGATCGTAGGACAT,2,3675598
tolCp1,20.11111111111111,188,8,ATGTCTCGAATCCTCGGATA,180,3700071
tolCp1,0.4444444444444444,11,8,ATGGGCTCTGGGCGCGACCC,3,3710907
tolCp1,1.7777777777777777,23,8,ATGCTCAAAGTTGATGCAAT,15,3705977
tolCp1,1.0,16,8,ATGCATCTCCAGAATGCCTA,8,3701662
tolCp1,3.5555555555555554,39,8,ATCTCGAGGTACTAGAAATT,31,3714440
tolCp1,1.1111111111111112,17,8,ATCTAGGGTGTTATCGGACT,9,3696835
tolCp1,0.8888888888888888,15,8,ATCTACCGAACCTCACTATG,7,3661714
tolCp1,1.7777777777777777,23,8,ATCGTCTCCAGCGTGATGAT,15,3684380
tolCp1,0.5555555555555556,12,8,ATCGGAGTTCAGTAAATCAT,4,3704196
tolCp1,14.444444444444445,137,8,ATCCGCTCCCTACGTCCACG,129,3709506
tolCp1,0.3333333333333333,10,8,ATCATCAGGAGCGATAATTC,2,3700955
tolCp1,1.3333333333333333,19,8,ATATGTCCAGGCGTCTCCGG,11,3710374
tolCp1,4.555555555555555,48,8,ATAGGGGCAACGAACCGCAT,40,3687028
tolCp1,1.3333333333333333,19,8,ATAGGATTTCGGCGGGCTTT,11,3715599
tolCp1,4.222222222222222,45,8,ATAGCGTTTCAAAATCTAAA,37,3697320
tolCp1,0.3333333333333333,10,8,ATAGCGTAGACCCAGTTTAG,2,3710853
tolCp1,1.7777777777777777,23,8,ATACTGACATGCGGGTACGC,15,3674628
tolCp1,1.3333333333333333,19,8,ATAAGTTGACCTCGGACGCT,11,3689466
tolCp1,2.111111111111111,26,8,ATAAGGCCAATCATCGGCAG,18,3691029
tolCp1,4.0,43,8,AGTCAGGAATGGGGCCAGCA,35,3700625
tolCp1,6.555555555555555,66,8,AGTATACAGTTACTTATCGA,58,3670862
tolCp1,3.3333333333333335,37,8,AGTAATCCCGGGCTTAGGGA,29,3677064
tolCp1,1.8888888888888888,24,8,AGGTGGTTTCCAACATGTCT,16,3667905
tolCp1,10.11111111111111,98,8,AGGTCAATTGCACTTTACTC,90,3676483
tolCp1,0.4444444444444444,11,8,AGGGTGTACGACTAAATCTG,3,3673478
tolCp1,0.3333333333333333,10,8,AGGGTGCTTAAGGTCATCCG,2,3703041
tolCp1,1.8888888888888888,24,8,AGGGTATCAGGTCGTCAACG,16,3677485
tolCp1,4.0,43,8,AGGAGGGATGCATTAGGCTT,35,3668760
tolCp1,1.2222222222222223,18,8,AGGACGAGAGGTGCACAAGC,10,3708789
tolCp1,2.7777777777777777,32,8,AGGAAGAGCGATCGTGGGGT,24,3695517
tolCp1,4.333333333333333,46,8,AGGAAACGGTTGGCGCCTTA,38,3685045
tolCp1,5.555555555555555,57,8,AGCTCGGAATCAAACCTTGG,49,3704126
tolCp1,2.3333333333333335,28,8,AGCGACAATATTCAGTTCCA,20,3678789
tolCp1,1.6666666666666667,22,8,AGCGAATGCACACAACTGAT,14,3669318
tolCp1,4.0,43,8,AGCCAGGTTTATTGCAGCGC,35,3702615
tolCp1,1.5555555555555556,21,8,AGCCAAGCTATGGCTCTGGG,13,3666645
tolCp1,13.88888888888889,132,8,AGCCAAATATGAAGAAGTCA,124,3684621
tolCp1,0.4444444444444444,11,8,AGCAAAAAGGGAGAAATCTC,3,3696636
tolCp1,1.1111111111111112,17,8,AGATTGTCGAGGAGAGCGTT,9,3700415
tolCp1,3.7777777777777777,41,8,AGAGTATTAACCGCAATACA,33,3684500
tolCp1,5.444444444444445,56,8,AGAGTATAGGTGTCTGTTCT,48,3713061
tolCp1,19.77777777777778,185,8,AGAGATGGTATGCTGGGCGA,177,3672845
tolCp1,4.555555555555555,48,8,AGAGACGATCAGCGGGACAG,40,3670008
tolCp1,2.7777777777777777,32,8,AGAATGCTCGGACCTCGCCG,24,3697855
tolCp1,3.888888888888889,42,8,AGAAGTCGGCAACAAAAAGC,34,3682788
tolCp1,3.7777777777777777,41,8,AGAAGAAGGGGTATCGCAAA,33,3666539
tolCp1,11.666666666666666,112,8,AGAAAGACCGATGAAATCAT,104,3708576
tolCp1,2.7777777777777777,32,8,ACTTTCACGCACTCGATGAT,24,3681299
tolCp1,5.0,52,8,ACTTTATCGATTACACCTAG,44,3688862
tolCp1,2.7777777777777777,32,8,ACTTTAGATGTCAGTCCTAA,24,3696123
tolCp1,0.8888888888888888,15,8,ACTGTTAGGGAGCGGTATGG,7,3672374
tolCp1,9.444444444444445,92,8,ACTGCGCTTATCTATAGTCT,84,3697979
tolCp1,1.1111111111111112,17,8,ACTGAGTCGAGAGAACCACA,9,3699330
tolCp1,0.8888888888888888,15,8,ACTAGACTTATCATTAATCC,7,3698163
tolCp1,2.4444444444444446,29,8,ACTACTACGATCTTATTGGA,21,3700661
tolCp1,2.0,25,8,ACTACGGTACTAAGTCATCT,17,3691165
tolCp1,0.3333333333333333,10,8,ACGTAGCATCTGATGCCGGA,2,3705547
tolCp1,2.0,25,8,ACGGTTGTAGGTCAGGAGGG,17,3677625
tolCp1,6.666666666666667,67,8,ACGGTTGGCAACCGGTTTCC,59,3674247
tolCp1,2.0,25,8,ACGCCTTACTGAACGTAGTC,17,3666267
tolCp1,0.7777777777777778,14,8,ACGCCTAACTCTACCTTAGA,6,3698351
tolCp1,7.111111111111111,71,8,ACGCAGCAGACTCCCCACAT,63,3676855
tolCp1,5.222222222222222,54,8,ACGATAGCGTCGAATAGCGT,46,3698041
tolCp1,5.0,52,8,ACGAGATACCACCTTTACAA,44,3684169
tolCp1,2.3333333333333335,28,8,ACGACGTGAGACAAGGGGAA,20,3704512
tolCp1,0.7777777777777778,14,8,ACCTTTATCGTTTGAGTACG,6,3696767
tolCp1,0.7777777777777778,14,8,ACCTGAGCTTATTCAGCTGA,6,3680156
tolCp1,6.222222222222222,63,8,ACCCGGGTCGTCCAGGACTT,55,3691558
tolCp1,1.2222222222222223,18,8,ACCAAGGGGTGTTTAGAGCT,10,3694962
tolCp1,3.111111111111111,35,8,ACCAACGTGTATCTTAGAAC,27,3662958
tolCp1,0.2222222222222222,9,8,ACACCCCTGGGAACGTTGGC,1,3701895
tolCp1,2.0,25,8,ACAAGCTGGGCGTCCTACCT,17,3699099
tolCp1,2.111111111111111,26,8,ACAAGAGGATAGGTAGGAAA,18,3687879
tolCp1,1.2222222222222223,18,8,ACAACTAGAACCATCGTGGA,10,3683912
tolCp1,1.1111111111111112,17,8,ACAAACCGCTGGGGGAGATT,9,3680584
tolCp1,4.222222222222222,45,8,AATTGGTTGTTCGCCTGGGA,37,3703130
tolCp1,4.555555555555555,48,8,AATTCGTTCTCACAGGCAAC,40,3690897
tolCp1,2.7777777777777777,32,8,AATGAGGCAGTCAAGACAAC,24,3678807
tolCp1,0.7777777777777778,14,8,AATCAAATTTACATGGGGTA,6,3712379
tolCp1,0.6666666666666666,13,8,AAGTGAGTGTTGTAAATGCT,5,3663825
tolCp1,2.2222222222222223,27,8,AAGTCAGGGAGATGTCGGCT,19,3687016
tolCp1,2.4444444444444446,29,8,AAGGTGCGTCTCAGAGAAGT,21,3663546
tolCp1,3.7777777777777777,41,8,AAGGTAAGTCCTAGACCTAC,33,3677425
tolCp1,6.333333333333333,64,8,AAGGGCGAACCTGCTTTAGG,56,3661442
tolCp1,19.22222222222222,180,8,AAGGGCAGGACTTGGATAGA,172,3714487
tolCp1,1.0,16,8,AAGGCGCGGTGCTTAGTACG,8,3672678
tolCp1,0.6666666666666666,13,8,AAGCTTTGCGTCTGACCTCA,5,3700547
tolCp1,0.8888888888888888,15,8,AAGCTATTGCGTGCATGACC,7,3674206
tolCp1,1.7777777777777777,23,8,AAGCGTGTGAGCCCAGAGTC,15,3705808
tolCp1,1.8888888888888888,24,8,AAGCGCAACGAAACGGCGTT,16,3685250
tolCp1,2.888888888888889,33,8,AAGCCTGTCAAAGCCCCAAT,25,3676056
tolCp1,1.6666666666666667,22,8,AAGCCACCCCGGACGCGCGT,14,3682237
tolCp1,4.333333333333333,46,8,AACTCGGTGCCAAAAAGTCC,38,3684147
tolCp1,1.4444444444444444,20,8,AACTCACGTATAAACGTGCT,12,3664561
tolCp1,0.6666666666666666,13,8,AACGCCAACAATGAACGGTT,5,3685482
tolCp1,0.2222222222222222,9,8,AACGCAGTGTGTTCTACCAC,1,3693352
tolCp1,0.8888888888888888,15,8,AACGCAGGCAAGCGATTTTA,7,3664998
tolCp1,2.3333333333333335,28,8,AACCACTTGCAAGATGGTTC,20,3703018
tolCp1,1.4444444444444444,20,8,AAATGTACCGTGACACCACG,12,3686868
tolCp1,0.7777777777777778,14,8,AAAGTTTTGACCTAGTAATT,6,3690356
tolCp1,1.6666666666666667,22,8,AAAGCAGCGAGGTTTGAGTT,14,3713417
tolCp1,1.1111111111111112,17,8,AAACGGGTGGGTGTGTATAG,9,3686417
tolCp1,0.8888888888888888,15,8,AAACCTAGATGTTAAAGCTC,7,3666751
tolCp1,7.555555555555555,75,8,AAAAATGACCAGTCTCACGT,67,3686383
tolCp1,3.625,35,7,TTTTCAGATGTCGTCTATGC,28,3699502
tolCp1,4.875,45,7,TTTGGAGCGCCTGGAGGGAT,38,3694785
tolCp1,3.125,31,7,TTTCGCCAATTGGGCGACAG,24,3669360
tolCp1,10.375,89,7,TTTCCGTCCACAGACCAACA,82,3698478
tolCp1,1.75,20,7,TTTCAGTTTGCATGCCAGGA,13,3682188
tolCp1,4.0,38,7,TTTATCACCAAGCAATTCGG,31,3676861
tolCp1,0.375,9,7,TTTATAGATTCGTTCAACCA,2,3674527
tolCp1,0.875,13,7,TTTAGGATTCGGTAAGCGTA,6,3713236
tolCp1,3.0,30,7,TTTACAATGCTGAAAATTTG,23,3714697
tolCp1,4.875,45,7,TTGTCCCATCGCCGTTGGCA,38,3663912
tolCp1,3.125,31,7,TTGTCATCCTGGTGGAGCAG,24,3697090
tolCp1,1.625,19,7,TTGTAAATCTGGTAAGGGCG,12,3687346
tolCp1,1.625,19,7,TTGGCGAAAGAGGGTGATCT,12,3708502
tolCp1,2.625,27,7,TTGACAGCGCCGTTTTGTCT,20,3668456
tolCp1,4.125,39,7,TTCTGCGGTATGCGGCCGCC,32,3703233
tolCp1,0.375,9,7,TTCGGGTTTATGGTATCGGC,2,3667736
tolCp1,1.25,16,7,TTCGGGGTCACAGGGGTTTT,9,3691232
tolCp1,2.125,23,7,TTCGGCACCACCACCACTTG,16,3699329
tolCp1,1.5,18,7,TTCGGAGTTCAGTAGAGGCG,11,3711067
tolCp1,0.25,8,7,TTCCTATGGGGAACTCTCAA,1,3708992
tolCp1,1.125,15,7,TTCAGGAGCGGTTGATTTTG,8,3662532
tolCp1,0.75,12,7,TTAGCTAAGGGTACCGGTAC,5,3692246
tolCp1,1.625,19,7,TTAGCAGTTGTAAGCAGTGT,12,3692231
tolCp1,8.5,74,7,TTACTTAACGGCCCGCGAAG,67,3711272
tolCp1,2.125,23,7,TTACGTCTGATAATTCTAGT,16,3690514
tolCp1,3.125,31,7,TTACCCGATGAGACGGATCA,24,3701236
tolCp1,5.0,46,7,TTACATGCTCTATAATACGA,39,3675770
tolCp1,0.5,10,7,TTACAGATTTGGGTGAGAGC,3,3690126
tolCp1,3.0,30,7,TTAACGCCAATGTATGCCTG,23,3675718
tolCp1,2.375,25,7,TGTTGTTGGATTCCTTTGAC,18,3695457
tolCp1,4.875,45,7,TGTTAAGCATTTGCGAAAAA,38,3709072
tolCp1,3.875,37,7,TGTGTTGGTTTGTTGTGCGA,30,3664133
tolCp1,0.875,13,7,TGTGACAGCGTGCAGAATAG,6,3697240
tolCp1,2.375,25,7,TGTCTTGCGCATGATCATCT,18,3677286
tolCp1,2.375,25,7,TGTCGCACTGAGCGGAAGAG,18,3701861
tolCp1,0.75,12,7,TGTCAGACAGACGACGTCCG,5,3688177
tolCp1,3.125,31,7,TGTAGAAATGCGCTTTTCCG,24,3683620
tolCp1,1.25,16,7,TGGTGGGAGGGACGGTTTCC,9,3670157
tolCp1,3.5,34,7,TGGTGGCGATCGTATGGATT,27,3685775
tolCp1,1.0,14,7,TGGTGACGTATGGTGCGCGA,7,3676884
tolCp1,17.875,149,7,TGGTCTTCATTACCATCCAT,142,3710951
tolCp1,1.625,19,7,TGGTAACAACATAGGACGTC,12,3698115
tolCp1,5.625,51,7,TGGGTGCCCCGGCACGCGAC,44,3698735
tolCp1,3.5,34,7,TGGGCACGCGTCTGCATATA,27,3669381
tolCp1,1.0,14,7,TGGCCAGGGTTTTTCGGCAA,7,3686330
tolCp1,1.125,15,7,TGGATCGTTTGTTCCGATCG,8,3693416
tolCp1,0.75,12,7,TGGACATGTCCTGCCCATTG,5,3683571
tolCp1,3.25,32,7,TGGAAGGTTTCTGGCTCTAC,25,3664701
tolCp1,2.625,27,7,TGCTTAAGCCCCAAAACTCA,20,3689724
tolCp1,1.625,19,7,TGCCGCAGTCCGGCCAATAA,12,3700529
tolCp1,0.875,13,7,TGCCCTTTAGATCGGTCGTT,6,3691461
tolCp1,1.5,18,7,TGCATGCGCTTGTAAGTCAC,11,3699692
tolCp1,1.75,20,7,TGCAGTGTCGCATGCGTTCT,13,3684029
tolCp1,6.75,60,7,TGCAGCGTTGGGTAGAACCG,53,3686072
tolCp1,1.5,18,7,TGATCTGAGCGAGTGCTGGT,11,3707427
tolCp1,4.375,41,7,TGATCCGCTGACGATCTATC,34,3665831
tolCp1,0.25,8,7,TGATCAATTGTTTGCTCGAA,1,3699697
tolCp1,1.0,14,7,TGAGTTAGGCCATCTGAGAA,7,3679839
tolCp1,1.75,20,7,TGAGTGGGCGCGGGCGTTCG,13,3714274
tolCp1,3.375,33,7,TGAGGCGCGTAGCCACCCAG,26,3705112
tolCp1,1.0,14,7,TGAGGCCCACAGTATACCTG,7,3709796
tolCp1,42.75,348,7,TGACTGACTCATCCGCTACA,341,3685059
tolCp1,1.75,20,7,TGACGGTAGGGCTGTTTGGG,13,3714729
tolCp1,5.125,47,7,TGACCCACTGTAATTGCTGG,40,3672276
tolCp1,12.25,104,7,TCTTGCTTACTATGGCTACA,97,3697351
tolCp1,3.125,31,7,TCTGGTACTGCGCCAGCTCG,24,3693830
tolCp1,0.5,10,7,TCTCGACACGCCACGTTGAA,3,3709382
tolCp1,0.625,11,7,TCTCCGAAAGTGCAGGCCTA,4,3693284
tolCp1,1.125,15,7,TCTCAGATAACTGGTTCAAT,8,3681050
tolCp1,0.75,12,7,TCTAGTCCTGTCGTAGCACA,5,3668454
tolCp1,0.875,13,7,TCTAAAGACGTTCGTTCAAC,6,3675371
tolCp1,5.125,47,7,TCGTTTACACGTAGACTCCC,40,3680528
tolCp1,4.375,41,7,TCGGTTCAGATTAAATAGAA,34,3675763
tolCp1,7.625,67,7,TCGCCGGATGTTACTTTAGT,60,3701512
tolCp1,2.0,22,7,TCGATCCCGACGGGAGGGAA,15,3671140
tolCp1,23.875,197,7,TCGATAGAACTGGCTTAATG,190,3688108
tolCp1,5.125,47,7,TCGAACGTGCATGCACAATA,40,3697095
tolCp1,2.125,23,7,TCCTCCGTAGGAAGGTCGTG,16,3676348
tolCp1,7.75,68,7,TCCGCGCAGATGAACCCTCT,61,3680359
tolCp1,0.75,12,7,TCCGCACGGGATGATAGTAT,5,3685538
tolCp1,2.0,22,7,TCCCTCCCGTTATAAATGTG,15,3696837
tolCp1,4.75,44,7,TCCCATCGTTGACGCAGGGA,37,3711464
tolCp1,6.25,56,7,TCCCAACCGGCTTCTCGGTT,49,3683446
tolCp1,10.0,86,7,TCCACGAGGATTCACCAGTA,79,3696971
tolCp1,0.75,12,7,TCCACATAACCCTCTAGTAG,5,3671182
tolCp1,1.875,21,7,TCCAAGAAAATTTGTAAAGC,14,3671567
tolCp1,18.5,154,7,TCATGTGATATAGTCATTCC,147,3701733
tolCp1,0.375,9,7,TCATGCAATACGGCTGCAGT,2,3671162
tolCp1,1.75,20,7,TCATAACCGGGATCCTGGTC,13,3697598
tolCp1,3.75,36,7,TCAGGTGGAACGCTATGCTG,29,3691066
tolCp1,1.0,14,7,TCACCATGTCATCTTTGAAT,7,3699419
tolCp1,2.875,29,7,TCAAAGTCAGTCTTCGCTTA,22,3696926
tolCp1,3.5,34,7,TCAAACTTAATTAGCTATGC,27,3667287
tolCp1,1.75,20,7,TATTTCATCTACCTCCACAT,13,3663647
tolCp1,3.5,34,7,TATTTCAAACTCACCCCCTT,27,3662957
tolCp1,1.75,20,7,TATGTCAGGTCACCACCTGA,13,3697852
tolCp1,1.375,17,7,TATGGCCGCTCTGACAAACA,10,3686219
tolCp1,15.625,131,7,TATGGCAGTCATTGAGGCAT,124,3711020
tolCp1,0.75,12,7,TATGACGCATAACCGAGCGT,5,3690594
tolCp1,0.75,12,7,TATCCGGACAAGCTGAGTGT,5,3693077
tolCp1,1.5,18,7,TATATGCATAAAAAGCTAGA,11,3670960
tolCp1,0.75,12,7,TATATCTTGTAAGATTGTGA,5,3682597
tolCp1,3.875,37,7,TATAAAAGAATCAGGTGTGT,30,3703154
tolCp1,3.0,30,7,TAGGACTGCAACGCACCATA,23,3683046
tolCp1,1.75,20,7,TAGCCCACCGGGTTGACTTT,13,3675930
tolCp1,0.5,10,7,TAGATCGCCGTCTTCAAGCC,3,3663218
tolCp1,1.375,17,7,TACGCCTCCAGTAACTAATT,10,3702160
tolCp1,1.25,16,7,TACGAGGCTAGGCTTGTTTT,9,3700384
tolCp1,6.875,61,7,TAATTCTTATCCAACAGGTA,54,3663451
tolCp1,2.75,28,7,TAATGTTCTGGCATAAAGCC,21,3667647
tolCp1,1.75,20,7,TAAGACTGATTTGACTGCCT,13,3663246
tolCp1,4.375,41,7,TAACCTATGGAGGCGGTGCT,34,3699509
tolCp1,0.25,8,7,TAAATGGCTCATTATCCGCA,1,3702022
tolCp1,3.25,32,7,GTTTTAGTAATATGACCTCC,25,3694241
tolCp1,1.5,18,7,GTTTCTATAACCTCATGGGT,11,3665775
tolCp1,1.0,14,7,GTTTACGAGAAGTAATAGAA,7,3705756
tolCp1,0.25,8,7,GTTGCGTGGGTGGTGTTGTA,1,3685242
tolCp1,1.5,18,7,GTTGATAGCCTGGTTGGTAA,11,3692529
tolCp1,3.25,32,7,GTTGAGTACATCCAACACGA,25,3676059
tolCp1,1.875,21,7,GTTGAGACCTAGCAATACGC,14,3686911
tolCp1,1.125,15,7,GTTGAATCGGGATAGTCGGA,8,3691649
tolCp1,3.125,31,7,GTTCTATGTACGGACATGGA,24,3683006
tolCp1,2.875,29,7,GTTCGGGTTCATTTGTCTTG,22,3685448
tolCp1,8.25,72,7,GTTCAGTACGCGGGACTAGC,65,3671264
tolCp1,3.75,36,7,GTTCAACAGCTGTACTGCGA,29,3666562
tolCp1,1.625,19,7,GTTATGCCCACGTAGCAGCG,12,3665053
tolCp1,1.375,17,7,GTTACTTTTACGTTCAGGGA,10,3694487
tolCp1,3.625,35,7,GTGTCCGCCCATATTTGTCG,28,3690200
tolCp1,0.25,8,7,GTGGTATAGTTCGGCTCTAA,1,3665994
tolCp1,1.5,18,7,GTGGGGAAGCAATCCTCGCA,11,3711946
tolCp1,3.375,33,7,GTGGCAAGTTAGAAAGAGGC,26,3684106
tolCp1,1.375,17,7,GTGCGTCATCCGCTACCGCT,10,3708907
tolCp1,0.25,8,7,GTGCCTTGGACACAGATCTT,1,3666962
tolCp1,2.0,22,7,GTCTATCATTCAACCCTACT,15,3662481
tolCp1,9.0,78,7,GTCGTCAGTTGTACCTTCGT,71,3684148
tolCp1,1.625,19,7,GTCCTTGCAATCGGACTGTG,12,3662123
tolCp1,1.5,18,7,GTCACTGCGGAGGCACGTGA,11,3712784
tolCp1,5.25,48,7,GTAGTGGTAAAAGCTCGCAG,41,3688875
tolCp1,1.0,14,7,GTAGGGCTATAATTTGTTAC,7,3710109
tolCp1,4.75,44,7,GTAGGACAAATATTGGGGTC,37,3680007
tolCp1,0.75,12,7,GTACGCGAATTCTGGTCCGA,5,3676351
tolCp1,4.5,42,7,GTACGCACGTGACGACAAAT,35,3669118
tolCp1,2.125,23,7,GTACGATACCCAATTGCGCG,16,3703034
tolCp1,3.75,36,7,GTACATCCGGCGACACGCTC,29,3669822
tolCp1,0.75,12,7,GTAATGCCCTTACGTGCTTA,5,3701245
tolCp1,9.25,80,7,GTAACTCTGTACAGAAGGGT,73,3698447
tolCp1,2.75,28,7,GTAACAATCACTCCTAGGAC,21,3686711
tolCp1,2.25,24,7,GTAAATTACGTGCTGAAATG,17,3676065
tolCp1,2.0,22,7,GGTTTCGCCGGACAGTATGA,15,3696145
tolCp1,0.625,11,7,GGTTCGAAGGGTAGTACAGT,4,3700485
tolCp1,0.5,10,7,GGTTACATCATTCATATCAT,3,3679918
tolCp1,2.625,27,7,GGTGTGCAACTTTAATTTTG,20,3693061
tolCp1,1.125,15,7,GGTCTGACCGCCTATATACG,8,3677456
tolCp1,0.25,8,7,GGTCGGATGAGTAACTATGG,1,3669272
tolCp1,0.25,8,7,GGTCAGAACGTTGCTTCCGC,1,3686930
tolCp1,2.375,25,7,GGTATTTCGCGGAAATGAAA,18,3706857
tolCp1,1.375,17,7,GGTAGCCTGAATAGGGTCAT,10,3672000
tolCp1,0.5,10,7,GGTAAGTCTATTCCATGATA,3,3701935
tolCp1,4.75,44,7,GGTAACCGCCACTGACAGAT,37,3666560
tolCp1,1.25,16,7,GGGTTGGCCTCTTGGATCTT,9,3691402
tolCp1,26.375,217,7,GGGTTCGTCAGCAGCACAGT,210,3696404
tolCp1,2.5,26,7,GGGTCATCCGTATGATTGAG,19,3700753
tolCp1,26.375,217,7,GGGGGTCGGGATTGACAATA,210,3685079
tolCp1,7.875,69,7,GGGGCGCGGCCGGGGTGCCA,62,3706376
tolCp1,1.375,17,7,GGGGCAGGATGTCGGCTACC,10,3666528
tolCp1,2.25,24,7,GGGCTCTACGGGATCAGTCC,17,3689595
tolCp1,2.375,25,7,GGGCGGGCTTATTATACCAT,18,3678016
tolCp1,2.375,25,7,GGGCACCTCCCCTGCGGCCG,18,3671180
tolCp1,3.25,32,7,GGGAGTAATCAGCTTGACTT,25,3697249
tolCp1,0.75,12,7,GGGACCACCAGGAGGTGCAT,5,3678667
tolCp1,4.25,40,7,GGGACACTTTCGGCCAGCTC,33,3709931
tolCp1,0.625,11,7,GGCTTGGTACTCCGCATGAT,4,3683960
tolCp1,1.125,15,7,GGCTCTGAATAATTGTAGCC,8,3705502
tolCp1,1.5,18,7,GGCTCCTGATCTGCCGTTCC,11,3710741
tolCp1,1.25,16,7,GGCGTTTTACTATAGCTCAA,9,3687661
tolCp1,2.75,28,7,GGCGCCGGTCGTCGAGGAGC,21,3698951
tolCp1,1.625,19,7,GGCCTCGGTTTTTGGAATCC,12,3701708
tolCp1,0.25,8,7,GGCAAAGGAGTCAGTGTTTC,1,3668662
tolCp1,2.0,22,7,GGATAGGCGGTTTTCTCCCG,15,3704425
tolCp1,4.125,39,7,GGATACCAGTCATCAACGAT,32,3667970
tolCp1,2.75,28,7,GGAGCACGGAAAGCCGTGAC,21,3684586
tolCp1,7.0,62,7,GGAGAGACAGTAGTTTTTGG,55,3684653
tolCp1,0.25,8,7,GGACGCGAGTAGACACAGCC,1,3685979
tolCp1,2.0,22,7,GGACGACCTACTCGGAAATT,15,3675969
tolCp1,4.125,39,7,GGAAATACGAGAATGCCGTA,32,3667296
tolCp1,2.625,27,7,GGAAACAGAAGAAGGGGCGT,20,3713410
tolCp1,0.875,13,7,GCTTGTTATCATAGGATCAT,6,3678745
tolCp1,3.875,37,7,GCTTACTATTTCCCAATTCA,30,3696526
tolCp1,1.625,19,7,GCTGGGATAGCTGGATATCC,12,3672459
tolCp1,1.875,21,7,GCTGATCCCCAGTAGGCGTA,14,3691811
tolCp1,1.0,14,7,GCTCCCTTCCTCGAGAGTGT,7,3708198
tolCp1,2.0,22,7,GCTCCCACTGACGGAAATAC,15,3674603
tolCp1,1.625,19,7,GCTATTGCACTTCGAGACGC,12,3689379
tolCp1,2.625,27,7,GCTAGACAAATGCCTTACCG,20,3671773
tolCp1,1.125,15,7,GCGGTTTAACGGCGGCATGT,8,3704735
tolCp1,1.625,19,7,GCGATGGGAGGGTGTTTTCA,12,3708023
tolCp1,1.25,16,7,GCGAAAATGTTGGATTTTGT,9,3701200
tolCp1,1.75,20,7,GCCTTAAGGGTACCGGAACA,13,3691837
tolCp1,3.625,35,7,GCCTAAATCGGTATCTTGTA,28,3699604
tolCp1,1.75,20,7,GCCCGGAACGCCGAAGATAT,13,3692377
tolCp1,1.625,19,7,GCCCGCTAGTTACTGGTCAT,12,3666649
tolCp1,1.75,20,7,GCCCGCCAGTATGCCTGGGG,13,3696521
tolCp1,1.5,18,7,GCCCGAGTTTGCTTGGGACA,11,3689256
tolCp1,0.25,8,7,GCCCCACGGTGGGTCATATT,1,3688676
tolCp1,1.25,16,7,GCCACGAGAGGTTCTTCACT,9,3661818
tolCp1,2.25,24,7,GCCAATGATGGAGTGCCGAC,17,3672994
tolCp1,1.5,18,7,GCCAAGCAACAGCGGTATTG,11,3685838
tolCp1,3.125,31,7,GCAGGGAAGGGGCAATGTGG,24,3703324
tolCp1,2.375,25,7,GCAGGAGCAGAGCACGTAGG,18,3670805
tolCp1,0.25,8,7,GCACAGTCGGGTAGCAGCGC,1,3696522
tolCp1,1.0,14,7,GCAAGCAATTCATTTGGGGA,7,3707069
tolCp1,1.625,19,7,GATTTGCCAAGAAAATTCTT,12,3678749
tolCp1,0.625,11,7,GATTGGTTGCGGTTTTGCTC,4,3665412
tolCp1,2.625,27,7,GATTGGGCAAGGTACGGGAA,20,3709955
tolCp1,2.5,26,7,GATTCGGGTGTGAAGCAGCA,19,3710793
tolCp1,4.25,40,7,GATGGACAGGAGCTGGACGC,33,3691549
tolCp1,2.75,28,7,GATGAGAATTAATGAAGTCA,21,3670020
tolCp1,1.5,18,7,GATGAATATGCGTATCAGTG,11,3682987
tolCp1,0.875,13,7,GATCCCACGCGAGGGGGGAC,6,3710410
tolCp1,1.625,19,7,GATCATAAACTCTCGACCCT,12,3683750
tolCp1,0.875,13,7,GATACTTCATGTTTTTACTT,6,3708552
tolCp1,1.75,20,7,GAGTGAACAGATTGGCCTTT,13,3699267
tolCp1,23.875,197,7,GAGTAAAGCTATTACTAGAT,190,3702710
tolCp1,4.625,43,7,GAGGCCAGTCACATAGATGT,36,3669092
tolCp1,1.75,20,7,GAGGAGCATAGGGGCGCTGT,13,3715342
tolCp1,3.75,36,7,GAGCTTTAAGACCGATTTAT,29,3663133
tolCp1,0.25,8,7,GAGCCTCCCAGCTTAAGGTT,1,3708668
tolCp1,2.25,24,7,GAGCAGGAGGGGAGGGGATA,17,3668825
tolCp1,2.125,23,7,GAGCACGTCTGAACCGTGTA,16,3697975
tolCp1,6.5,58,7,GACGGATTTGCGCTGCGAAC,51,3715391
tolCp1,1.375,17,7,GACGATGGCATAGAGCGATG,10,3681010
tolCp1,3.5,34,7,GACCTAGTCGAGCGAACGCG,27,3671439
tolCp1,1.25,16,7,GACCGCACGAGTCGTTTCGT,9,3685266
tolCp1,1.125,15,7,GACATAATCCGTAACCAGTA,8,3696886
tolCp1,0.75,12,7,GACACTTTGGCTCAGTGCTT,5,3699022
tolCp1,1.375,17,7,GAAGTGTTACCAGAGAAAAC,10,3690504
tolCp1,0.5,10,7,GAAGGTCGCCACTATCAAAT,3,3713485
tolCp1,0.625,11,7,CTTTTGTTTCAGACAGGATT,4,3672355
tolCp1,8.625,75,7,CTTTTGTGTCAGTTGGCCGT,68,3677075
tolCp1,0.625,11,7,CTTTAGACGTGTTGCGGCCC,4,3705464
tolCp1,12.375,105,7,CTTGCTGGTAGGACCTAACC,98,3710019
tolCp1,2.25,24,7,CTTGCGTTAGTGGCTTGCAT,17,3665702
tolCp1,15.375,129,7,CTTCGCGCTGAGGTCCTTAT,122,3696955
tolCp1,2.375,25,7,CTTCGCCGGGATAGATGAGT,18,3672810
tolCp1,3.125,31,7,CTTAGAATTTGATTTGTGGT,24,3691048
tolCp1,2.25,24,7,CTGTTCTTGACAGGCCACAG,17,3709073
tolCp1,1.25,16,7,CTGTGGCAACCTCAGGCGGC,9,3682652
tolCp1,3.125,31,7,CTGTCCAAAGGACTGAACGT,24,3713290
tolCp1,1.0,14,7,CTGTCAGCTTCATGTCGTTA,7,3692373
tolCp1,1.875,21,7,CTGGTCCAATACGTCTGTCT,14,3695105
tolCp1,1.75,20,7,CTGGGCTGCCGATGCCGCTG,13,3694626
tolCp1,0.625,11,7,CTGGGACCATACCAAGCCCC,4,3666212
tolCp1,1.125,15,7,CTGGGAAGGGAGTACGATGG,8,3670143
tolCp1,1.875,21,7,CTGCTGCCTTTCAATGGACA,14,3668691
tolCp1,3.875,37,7,CTGCTCAGTTACTTATGAAG,30,3683052
tolCp1,1.875,21,7,CTGCGGCCTTGTTGCGTATT,14,3678882
tolCp1,2.875,29,7,CTGCGAGACCGGGTTCAAAA,22,3662613
tolCp1,1.875,21,7,CTGCCGCGTAACACTTCAAG,14,3704908
tolCp1,1.625,19,7,CTGACTTGGAGTGGATCGCG,12,3677157
tolCp1,1.75,20,7,CTCTTCGTTAGCACGGTGAG,13,3668430
tolCp1,1.5,18,7,CTCTCAGAAACTATCAAGCC,11,3694991
tolCp1,1.5,18,7,CTCGATTAAACATTCCTCAA,11,3713704
tolCp1,4.375,41,7,CTCGATGACTGGTAGCTACA,34,3675019
tolCp1,5.25,48,7,CTCGAATAGATGACCGTGGC,41,3710015
tolCp1,2.25,24,7,CTCGAAGTTCAGTTGCGGAC,17,3674773
tolCp1,4.375,41,7,CTCCGTGAGGCAATGCAACT,34,3699981
tolCp1,1.25,16,7,CTCCGCGACGAGAAGCGATA,9,3669512
tolCp1,1.125,15,7,CTCCGACTGCTGAAGGATTA,8,3693872
tolCp1,0.875,13,7,CTCAGAGATGATCAGTTTGA,6,3698231
tolCp1,0.625,11,7,CTCACACGGTAACCTGGGAG,4,3689106
tolCp1,1.5,18,7,CTATTTGTGCTCACCAGCCC,11,3676396
tolCp1,28.375,233,7,CTATGGAATAGTACACCAAT,226,3700921
tolCp1,1.125,15,7,CTAGTAGTTGGCCACAAGAC,8,3697294
tolCp1,3.5,34,7,CTAGGGGGCCTTATCGTTCG,27,3665940
tolCp1,3.875,37,7,CTACACGAGGGCATTGCTCT,30,3665455
tolCp1,3.125,31,7,CTAAGTGGGATCACGAGTTC,24,3678085
tolCp1,1.875,21,7,CTAAGAGCGCCGGATATCTT,14,3686564
tolCp1,1.5,18,7,CTAAAGCTTGCGAGGACGGA,11,3691834
tolCp1,0.375,9,7,CGTTTAATCTTTACCGGCGA,2,3682846
tolCp1,1.125,15,7,CGTTTAACATCCTCACGGTC,8,3670368
tolCp1,7.125,63,7,CGTTAACGCGACCCGAGTGA,56,3686074
tolCp1,1.0,14,7,CGTGGAAACCGATAGGCCTA,7,3704542
tolCp1,1.75,20,7,CGTGCATTTTCACCATGATC,13,3664978
tolCp1,1.375,17,7,CGTGAGGGTACGTGGTTTCT,10,3685985
tolCp1,0.625,11,7,CGTGAGCATCTTGACCCGAA,4,3707174
tolCp1,0.5,10,7,CGTCTAAGCTCTACCGTCGC,3,3679559
tolCp1,6.375,57,7,CGTCAGTTAGGCACCCGTCA,50,3689471
tolCp1,2.625,27,7,CGGTTTAGGCAAAAGCCTGT,20,3696700
tolCp1,1.625,19,7,CGGTGCAACCGCTCAACGGC,12,3677225
tolCp1,5.125,47,7,CGGTCGCAGAGGATTGTACA,40,3670334
tolCp1,29.0,238,7,CGGGGAAATGGAGGAATAGA,231,3674460
tolCp1,1.375,17,7,CGGCTGTTGCACGGGTCTCG,10,3661844
tolCp1,2.375,25,7,CGGCCCATTTAGTTAAGTGC,18,3671337
tolCp1,11.5,98,7,CGCTTATAAATCCGAGATAC,91,3702091
tolCp1,2.0,22,7,CGCTCTTCCATTCCTGATCC,15,3662696
tolCp1,2.125,23,7,CGCTACTCCTTCTCCCATGG,16,3665757
tolCp1,2.25,24,7,CGCGTCGTATATCTATTTCG,17,3699569
tolCp1,15.5,130,7,CGCCTAGTAGTCCTAGCGAC,123,3684626
tolCp1,7.25,64,7,CGCCGCCTCCCAGGGGTAAA,57,3689764
tolCp1,1.25,16,7,CGCAATTCCCCTGCCGTTGT,9,3667304
tolCp1,1.875,21,7,CGCAAAGGTACGGTATAATG,14,3710488
tolCp1,0.5,10,7,CGATGTTGGGGGCGTAGCGA,3,3682050
tolCp1,1.25,16,7,CGATCGGGACAGGATGGAGG,9,3662154
tolCp1,4.5,42,7,CGAGTTCACTTTTTGGCCAT,35,3710156
tolCp1,1.25,16,7,CGAGTAGGCCGTCGGCCTGC,9,3682459
tolCp1,3.25,32,7,CGAATTCTCGACGGGATTTC,25,3683496
tolCp1,1.25,16,7,CGAACCATCAAGCATCTGCT,9,3685683
tolCp1,0.875,13,7,CGAAATCAACACTGCAAGCA,6,3670224
tolCp1,2.5,26,7,CGAAAAGTCGATCAAGGTCT,19,3699469
tolCp1,5.5,50,7,CCTTAGGTACCGTGGCCGCT,43,3665175
tolCp1,3.5,34,7,CCTGACAGTGTTGAAGATAG,27,3706896
tolCp1,1.625,19,7,CCTCTGGAACCTTTTGCAGG,12,3673330
tolCp1,6.0,54,7,CCTCGAGGACGTGATGCAAG,47,3694273
tolCp1,2.5,26,7,CCTCACAACCTGCGATTTTG,19,3691161
tolCp1,1.25,16,7,CCTATCGCCTTGACTCTTCT,9,3710483
tolCp1,3.875,37,7,CCGTTTGGGACTTTGGGGAG,30,3669623
tolCp1,1.25,16,7,CCGTATTTAAGCCTGGGCGG,9,3671429
tolCp1,3.75,36,7,CCGGCGCGCTCGTTCTATCT,29,3692993
tolCp1,1.625,19,7,CCGCTCTCTATAAGTGAGGT,12,3693896
tolCp1,5.75,52,7,CCGCAAGCCAGTACCCTTAT,45,3701738
tolCp1,2.0,22,7,CCGATTCGTGGCGATAGGTA,15,3711799
tolCp1,1.125,15,7,CCGATGGGGCAAATCTGCAA,8,3699471
tolCp1,1.875,21,7,CCGAGGATCTTCGCGCGTCA,14,3663181
tolCp1,0.875,13,7,CCCTTAGGTGGTTTATGTAC,6,3688692
tolCp1,4.625,43,7,CCCTGCTGACAGTTGAACTA,36,3676691
tolCp1,3.0,30,7,CCCTCTATCGACCTCGGGAT,23,3700949
tolCp1,8.75,76,7,CCCTACACCTACGGACTTCG,69,3689011
tolCp1,3.75,36,7,CCCGCGCGGGAGAGAATCCC,29,3672317
tolCp1,2.375,25,7,CCCCTGATGCATAGGGCCTC,18,3706683
tolCp1,3.375,33,7,CCCCCTCGTGTAAGTTTCTC,26,3686764
tolCp1,17.5,146,7,CCCCACATTGCGCACGCATA,139,3675527
tolCp1,1.625,19,7,CCCAATATCAAATCTCGACT,12,3683131
tolCp1,28.25,232,7,CCATTCGGAGACGAATTAAT,225,3682488
tolCp1,2.625,27,7,CCATTACCCCGATGGAGCAA,20,3678863
tolCp1,4.375,41,7,CCATGCCATCACGAGCTAAG,34,3701433
tolCp1,5.125,47,7,CCACTAGATGCTCTTCAGCA,40,3709618
tolCp1,1.625,19,7,CCACGAGGTTCAACTCGTTC,12,3707256
tolCp1,0.875,13,7,CCACAGCTACCTAGACCTCT,6,3703189
tolCp1,3.5,34,7,CCAATCCGTGCTTAGCCTCA,27,3701521
tolCp1,0.625,11,7,CCAAGTGGCTTCGTAACGGA,4,3661816
tolCp1,0.5,10,7,CCAAGGCGTACGGGCTAGTC,3,3700135
tolCp1,0.625,11,7,CCAAGCTGAGTATCACCCTG,4,3677884
tolCp1,1.625,19,7,CATTTCACGAGACAATATGA,12,3669251
tolCp1,4.75,44,7,CATTATTTGACTGTGGTAGT,37,3684906
tolCp1,1.25,16,7,CATTATGAGGGTTGCTTGCC,9,3695198
tolCp1,0.625,11,7,CATGGTTACTATTGGGACAC,4,3697697
tolCp1,0.75,12,7,CATGGCGTCATTCGTAATGA,5,3664185
tolCp1,7.375,65,7,CATGATGATACTGGAATTTT,58,3707466
tolCp1,4.75,44,7,CATCGGACAGCGCCCGATGT,37,3669433
tolCp1,2.5,26,7,CATATCGAGGCTCCAAGTGT,19,3711467
tolCp1,2.375,25,7,CATAGGAAGATCGAACATTG,18,3665523
tolCp1,1.125,15,7,CAGTCTCGAAGGCAATCGGT,8,3687299
tolCp1,2.625,27,7,CAGTATGCATATATTGTTAT,20,3670784
tolCp1,0.75,12,7,CAGGTCAGGGTATTGGCTGT,5,3712460
tolCp1,1.75,20,7,CAGGAATGGAAATTCGCCTT,13,3711175
tolCp1,0.75,12,7,CAGCTGTTTCGGGTTCTGGT,5,3691448
tolCp1,1.625,19,7,CAGCACCCTCCTGCAAGACG,12,3699681
tolCp1,16.875,141,7,CAGAGGACCATTCCGGATAT,134,3703448
tolCp1,6.875,61,7,CACTGAAACTTACAGGATCC,54,3696917
tolCp1,24.125,199,7,CACGAGAATGTGGAATGTCC,192,3700912
tolCp1,4.75,44,7,CACGAACATGGTCTACAGCT,37,3666290
tolCp1,1.875,21,7,CACCTCTTCTCACGACTTGC,14,3698404
tolCp1,0.25,8,7,CACCGATAAGGTAACAGCGC,1,3677420
tolCp1,1.375,17,7,CACCACGAGGATTATTGCGT,10,3692086
tolCp1,2.0,22,7,CACATGCTCTCTAGCAGTCT,15,3679579
tolCp1,0.25,8,7,CACAAGGGTACTTGGGCGTT,1,3687513
tolCp1,0.25,8,7,CAAGGTCTGATCATTGAAGA,1,3696709
tolCp1,1.75,20,7,CAACCAATCAGCATCTCGAA,13,3680074
tolCp1,4.875,45,7,CAAATTGCTGATCGAGGGGT,38,3687017
tolCp1,1.5,18,7,CAAAACTCAGTCGGAGAAGA,11,3687603
tolCp1,0.5,10,7,ATTTTTTCAGTCAAATTTCT,3,3693364
tolCp1,2.5,26,7,ATTTGGCCGTCGCTCCGAAT,19,3689162
tolCp1,10.25,88,7,ATTGCCCTCCTTGCCAGGGG,81,3693431
tolCp1,5.875,53,7,ATTGATAATGACGTTACGAT,46,3686369
tolCp1,1.125,15,7,ATTCTGTTAGCTATCCGAAC,8,3694783
tolCp1,5.5,50,7,ATTCTCCCATTAGATCCTAT,43,3682752
tolCp1,0.625,11,7,ATTCTACCAGACGTGGCCAC,4,3669396
tolCp1,4.875,45,7,ATTCCAGTGCTAATAGTAAG,38,3679233
tolCp1,2.5,26,7,ATTCATGCTTGGAATGGATA,19,3674370
tolCp1,0.875,13,7,ATGTTTGCGCTTTGAGACCC,6,3668764
tolCp1,2.25,24,7,ATGGCTATGGGCCAACACCC,17,3663272
tolCp1,6.25,56,7,ATGGCGACGTCCCATTTGAT,49,3694772
tolCp1,8.25,72,7,ATGCGTCTAAGGTAATGCAA,65,3694283
tolCp1,1.625,19,7,ATGCGGACCTTATACACTCC,12,3691948
tolCp1,3.0,30,7,ATGCCGACGCGCAGCGGATC,23,3713072
tolCp1,14.625,123,7,ATGATTAACCTATCGGTGAA,116,3669790
tolCp1,2.0,22,7,ATGAGGAATGATTTAGACGC,15,3681654
tolCp1,0.625,11,7,ATGAGAATTTCTGGATTGGC,4,3690953
tolCp1,0.625,11,7,ATCTACTACTTTTGAATCGT,4,3667111
tolCp1,4.625,43,7,ATCGTTTTATCCCAATCGTC,36,3680345
tolCp1,5.375,49,7,ATCGGATAAAAACGGATGAC,42,3664931
tolCp1,2.0,22,7,ATCGCGGCATTCGATAGATT,15,3672282
tolCp1,6.5,58,7,ATCGACAGGGGCAGCGAACT,51,3709211
tolCp1,2.125,23,7,ATCCTGCCACTGCGGTTTTG,16,3702158
tolCp1,3.25,32,7,ATCACGAGCCATAATCGGCG,25,3702409
tolCp1,0.5,10,7,ATATTTGTTATGGTCCGTGC,3,3702952
tolCp1,12.75,108,7,ATATTGTTATGCTTGGAAGG,101,3701460
tolCp1,0.875,13,7,ATATTATATAGTGCCCGGGC,6,3696611
tolCp1,3.375,33,7,ATATGTGCAAAGTGTCATGT,26,3671679
tolCp1,0.5,10,7,ATAGTCCCTTACAACGCAGT,3,3705393
tolCp1,8.625,75,7,ATAGTAATGGTGTAGCGTTC,68,3685339
tolCp1,3.75,36,7,ATAGCGGTTAAAGCGTTATA,29,3662550
tolCp1,1.5,18,7,ATAGCCATCATAAGAGTTTG,11,3701051
tolCp1,3.125,31,7,ATAAGCTTCCGCTTTTGGAC,24,3713905
tolCp1,5.125,47,7,ATAAATACAGGCGGACTTTC,40,3669508
tolCp1,12.25,104,7,AGTGTGCTCTTCTCGCTATA,97,3666167
tolCp1,0.25,8,7,AGTGGGATTCGGGGTCGGAG,1,3694887
tolCp1,2.375,25,7,AGTGCCCGCTCGTCACTTAC,18,3701028
tolCp1,5.0,46,7,AGTGATTCGTATCTATACAA,39,3671544
tolCp1,1.625,19,7,AGTCTTCATTTATTGTGGTA,12,3671984
tolCp1,11.0,94,7,AGTCTTATGGCTGTTAGAAG,87,3671008
tolCp1,0.625,11,7,AGTCGATATCGCAGTTATGC,4,3671774
tolCp1,3.0,30,7,AGTCACGCTCAGCGGGTATG,23,3688151
tolCp1,3.0,30,7,AGGTAGCGTTCCTGTTCCTA,23,3694362
tolCp1,2.625,27,7,AGGTACGTGGTGCTCCGTAG,20,3670754
tolCp1,5.75,52,7,AGGTAAGAGTGATAAGCGAA,45,3678685
tolCp1,1.25,16,7,AGGGAAGGCCGGGTATTAAT,9,3683457
tolCp1,2.875,29,7,AGGACTGTGCAAATCTCTTG,22,3707865
tolCp1,1.75,20,7,AGGACTCACTGGGTGCCGGA,13,3709384
tolCp1,13.375,113,7,AGGACCACCCACGAATGCAG,106,3701463
tolCp1,1.75,20,7,AGCTGGCTAGGGGAATCCGT,13,3663183
tolCp1,4.625,43,7,AGCTCGTTACTTGCTAGAGG,36,3701856
tolCp1,1.25,16,7,AGCTCCTCTTATAGGTGATA,9,3678127
tolCp1,3.75,36,7,AGCGCATGGGGAGTCCCCGG,29,3697206
tolCp1,7.125,63,7,AGCCTTCTCGTCGCGTGATG,56,3667246
tolCp1,1.125,15,7,AGCCTGAAATAGGTCCAATG,8,3664104
tolCp1,0.875,13,7,AGCCCACTGCTAAATGTGAA,6,3695483
tolCp1,2.625,27,7,AGCCAAACAGTGCAGTATTC,20,3663309
tolCp1,0.875,13,7,AGCAAGCCAGACTCAGGGGA,6,3685196
tolCp1,1.5,18,7,AGATGGCTCAGCATTGTAGT,11,3663302
tolCp1,3.25,32,7,AGATGAGCTGCAAATCTGCT,25,3694201
tolCp1,1.75,20,7,AGATATCGCGCTATCAAGCT,13,3705818
tolCp1,4.625,43,7,AGAGTCCAATCTTTGGGAGA,36,3686575
tolCp1,4.25,40,7,AGAGCGGGGAAATTAGAAGT,33,3672729
tolCp1,2.375,25,7,AGAGCGGAGTGAGGCCTATT,18,3708860
tolCp1,4.875,45,7,AGAGCAGACCTTTTATTCAG,38,3691150
tolCp1,2.375,25,7,AGAGAACAATGCCACACGGC,18,3667206
tolCp1,5.25,48,7,AGACTTCACGTCGGAATTGA,41,3678458
tolCp1,25.125,207,7,AGACTTATTGCATAGCACTA,200,3671094
tolCp1,2.0,22,7,AGACACGCGGATATCACGAT,15,3696041
tolCp1,1.625,19,7,AGAATCTTGGAGGTTCGGTA,12,3667971
tolCp1,2.0,22,7,AGAAGGTCCAATCCTCCGGG,15,3685745
tolCp1,2.875,29,7,AGAAGCCCTCACGAACATAC,22,3707414
tolCp1,2.375,25,7,ACTTCACGCATGAGCCCAGA,18,3694933
tolCp1,9.25,80,7,ACTGTCTATGCCAAAGGAAG,73,3675076
tolCp1,1.375,17,7,ACTGTCTAGAGGTCACAGTC,10,3711048
tolCp1,3.125,31,7,ACTGCTTGCTGCTCAGGTTA,24,3665298
tolCp1,2.25,24,7,ACTGATTTTTCAAATTACGC,17,3667293
tolCp1,0.25,8,7,ACTGACGGTCGCTAATCGCA,1,3687766
tolCp1,7.125,63,7,ACTCCACAGACCTGCTATTG,56,3686371
tolCp1,9.625,83,7,ACTCAGGTACCTGGTGGAGT,76,3694169
tolCp1,0.375,9,7,ACTATGATTCAGCCGGTGCG,2,3694879
tolCp1,0.75,12,7,ACTACGAAAATCTAAAGTGA,5,3704992
tolCp1,1.125,15,7,ACTACATCATATAGGTGCGT,8,3702177
tolCp1,2.375,25,7,ACGTAGACAGCGGGAAGTCC,18,3707159
tolCp1,1.25,16,7,ACGGGCGTAGATTGGTAAAT,9,3703766
tolCp1,2.25,24,7,ACGGCTCGACTCACTGTAAT,17,3701621
tolCp1,0.75,12,7,ACGCTCTTGACATAAGGCTG,5,3714391
tolCp1,3.0,30,7,ACGCCTCGGATTAAGGCTCT,23,3703533
tolCp1,1.625,19,7,ACCTTTTCGACAAATCTAAT,12,3672008
tolCp1,5.75,52,7,ACCTGAGGCTAGCGATACAG,45,3680848
tolCp1,3.375,33,7,ACCTCTAGGCTAGTTAAATA,26,3702121
tolCp1,1.5,18,7,ACCGTGTAGGTTTATAACCT,11,3680802
tolCp1,6.25,56,7,ACCGTAACTAGGTTCACCCA,49,3688808
tolCp1,3.0,30,7,ACCCTTCAAGTGTTACCAAA,23,3709440
tolCp1,1.25,16,7,ACCCGCCCTGGCTCTTATTC,9,3701321
tolCp1,2.5,26,7,ACCACACAGCAACAGACTCT,19,3683829
tolCp1,1.0,14,7,ACCAAAATATTCTTCATTGT,7,3678742
tolCp1,8.25,72,7,ACATGGTTAAGGTTTTGCCC,65,3691416
tolCp1,3.0,30,7,ACATGGGTCGAGCATGGCCT,23,3707886
tolCp1,5.375,49,7,ACATGGAATCAATGCGCAAT,42,3703226
tolCp1,3.75,36,7,ACAGATTGTGAATCAGCATA,29,3712492
tolCp1,2.0,22,7,ACACTGGTCGGCCCCTGAAC,15,3682184
tolCp1,3.0,30,7,ACACTGCAGAGATCCGCGGT,23,3690735
tolCp1,4.875,45,7,ACACCACGAAATCGCATCAT,38,3697655
tolCp1,0.75,12,7,ACACATCGCAGTTGTCTATA,5,3708256
tolCp1,2.375,25,7,ACACATCACCACCCGGACCA,18,3678073
tolCp1,3.5,34,7,ACAATCAGCCGATAGAACTA,27,3697063
tolCp1,0.875,13,7,ACAAAATCCTGCGTGGTACC,6,3685372
tolCp1,0.875,13,7,AATGTCTTCGGCTAGCTGAC,6,3689526
tolCp1,1.5,18,7,AATGTCCGATGTCTTGACTG,11,3715425
tolCp1,4.625,43,7,AATGACGACCTCCTCCGCCT,36,3703844
tolCp1,13.25,112,7,AATGAAACTTCGTCTGGATG,105,3681891
tolCp1,2.75,28,7,AATCGTAGATGATTTTTAGC,21,3669646
tolCp1,0.625,11,7,AATATTAACTTTTGGACGAT,4,3691795
tolCp1,2.5,26,7,AATATCCGGCACGGACAGGA,19,3706467
tolCp1,4.25,40,7,AATATAAGAGATGTCAGTTA,33,3706581
tolCp1,11.875,101,7,AAGTGGGGGAGCACTACGAG,94,3712648
tolCp1,5.625,51,7,AAGTCGCTAGTCCCCAACTG,44,3704125
tolCp1,10.625,91,7,AAGTCCATTTACTACGGTGT,84,3662981
tolCp1,1.875,21,7,AAGGGGGCTTCAATGTTATT,14,3672246
tolCp1,2.375,25,7,AAGGCTCGGTTAGGGACCAA,18,3708086
tolCp1,2.5,26,7,AAGGCGATGTGCACGTCATA,19,3674439
tolCp1,2.375,25,7,AAGCATGTTCCCTGTGTCCA,18,3690088
tolCp1,3.25,32,7,AAGCAATTGGAGGTGCCCAA,25,3707420
tolCp1,3.5,34,7,AAGACATTCGCCCTGCGAAG,27,3676077
tolCp1,3.5,34,7,AACTGCTAAAATCGCTCTTG,27,3714431
tolCp1,2.75,28,7,AACTCGCAAATGCACAGAGG,21,3683108
tolCp1,1.875,21,7,AACCGTCGATTAAGGGAGTA,14,3697412
tolCp1,1.25,16,7,AACCAGCGATCTCGTCACGT,9,3707299
tolCp1,2.125,23,7,AACATGTGATGTCGAAACCA,16,3698232
tolCp1,1.0,14,7,AAATGAGTTGTGGGCTTGGT,7,3714521
tolCp1,1.5,18,7,AAATCGAAGGCAACTGGGCA,11,3707044
tolCp1,4.375,41,7,AAAGTGTGTGCAGAAGGACT,34,3673301
tolCp1,10.125,87,7,AAAGGACCGATGCGTCAGGC,80,3666686
tolCp1,0.375,9,7,AAAGCTGGCACAATGATGTA,2,3675304
tolCp1,0.625,11,7,AAACGATTGTTGTCAACTCA,4,3710659
tolCp1,0.625,11,7,AAAAGGGGTCCGCCCACTCC,4,3691657
tolCp1,0.5714285714285714,9,6,TTTTTAACGTAGGAACAATC,3,3682305
tolCp1,1.7142857142857142,17,6,TTTTGTTGGAGGTCAACGAT,11,3661526
tolCp1,1.4285714285714286,15,6,TTTGTTGGTAGAATGTGGAT,9,3702280
tolCp1,5.285714285714286,42,6,TTTGTCTAAGGCATCGCTCT,36,3688162
tolCp1,2.142857142857143,20,6,TTTGTATTACTTAAAGACTG,14,3702269
tolCp1,1.4285714285714286,15,6,TTTGCATGCCAGGGTCCCAA,9,3697029
tolCp1,1.2857142857142858,14,6,TTTGACATTCAGTGCACCCC,8,3684245
tolCp1,4.142857142857143,34,6,TTTCGTACGGGATAGAACAA,28,3674333
tolCp1,2.4285714285714284,22,6,TTTCGCTTGGGCACCGGAAT,16,3698197
tolCp1,74.28571428571429,525,6,TTTCGCACGGCAATTGGAGT,519,3676513
tolCp1,0.7142857142857143,10,6,TTTCCCCTGCCTTCACTTCA,4,3674916
tolCp1,3.0,26,6,TTTATTCCGCTTAAAAGAGT,20,3701181
tolCp1,1.8571428571428572,18,6,TTTATGTGCCCATGACGAAT,12,3707078
tolCp1,0.7142857142857143,10,6,TTTAGTAGCTTGACCCGAAC,4,3700031
tolCp1,1.1428571428571428,13,6,TTTAGGTAAAACCGACCGTT,7,3662112
tolCp1,3.857142857142857,32,6,TTGTTGGTCTTTATCGCCAA,26,3702703
tolCp1,5.571428571428571,44,6,TTGTTGGATTAATGACACGT,38,3666194
tolCp1,5.714285714285714,45,6,TTGTCTATCACGGAAACCGT,39,3672316
tolCp1,5.571428571428571,44,6,TTGTATTTTTCGCGTAAAAG,38,3671551
tolCp1,0.8571428571428571,11,6,TTGGGTAGGACGTCTAGTTC,5,3695546
tolCp1,1.5714285714285714,16,6,TTGCCTCTCATGGTGTACGG,10,3703958
tolCp1,1.7142857142857142,17,6,TTGCAAACACTGGTGACCCC,11,3669817
tolCp1,1.7142857142857142,17,6,TTCTGCACAAGACATGTTGA,11,3692276
tolCp1,2.7142857142857144,24,6,TTCTATATCAGATTAGATAT,18,3711365
tolCp1,1.2857142857142858,14,6,TTCGTATTGGAAGGCCAAAC,8,3708598
tolCp1,6.714285714285714,52,6,TTCGATTAGAAGTCGTGACT,46,3688809
tolCp1,5.285714285714286,42,6,TTCCGTACATGTCGGGTGCC,36,3681691
tolCp1,1.0,12,6,TTCCGCGTAGTTGCTGGGTT,6,3688382
tolCp1,1.2857142857142858,14,6,TTCCCCTTCGAGGCGTGGAA,8,3698963
tolCp1,4.857142857142857,39,6,TTCCACATGGGGGAACGAAA,33,3688155
tolCp1,1.8571428571428572,18,6,TTCAGATCTGGCACCAACTG,12,3687217
tolCp1,0.2857142857142857,7,6,TTCAAGATTAAGCATAAAGG,1,3677982
tolCp1,5.285714285714286,42,6,TTATTAATTGGTAACATATC,36,3687160
tolCp1,1.4285714285714286,15,6,TTATGTAGAATCACGGAGCC,9,3701280
tolCp1,2.4285714285714284,22,6,TTATAGTGGCAGAAGCGACT,16,3668190
tolCp1,0.42857142857142855,8,6,TTAGACGTTTAATAGCGCGA,2,3667666
tolCp1,1.2857142857142858,14,6,TTACTCTAGGGATGGGGACC,8,3692052
tolCp1,4.714285714285714,38,6,TTACGTCGAACCAGTAGGAC,32,3706108
tolCp1,1.2857142857142858,14,6,TTACATGTCTGGGATAGAGA,8,3701102
tolCp1,4.857142857142857,39,6,TGTTTCGATCGGTTTTGCTA,33,3664160
tolCp1,5.857142857142857,46,6,TGTTGCTGCAAGTGGTCTCA,40,3677551
tolCp1,1.8571428571428572,18,6,TGTTGAGGGGTGATTCGTGT,12,3693210
tolCp1,4.714285714285714,38,6,TGTTGACGTTTCCCATAGGA,32,3673123
tolCp1,3.0,26,6,TGTTCGGTTCGCTTGGAACC,20,3684374
tolCp1,1.7142857142857142,17,6,TGTTCCCGAACAACGGGCCA,11,3667522
tolCp1,3.5714285714285716,30,6,TGTGCCAATATTTATGCACG,24,3663670
tolCp1,36.0,257,6,TGTGCACTATATGATTAGGT,251,3675723
tolCp1,4.428571428571429,36,6,TGTCGTGGCTCGGCAAACGG,30,3690526
tolCp1,6.285714285714286,49,6,TGTATGAAAGCTGGAATCAC,43,3703235
tolCp1,2.857142857142857,25,6,TGTATCGTTTAACAGAACAC,19,3679427
tolCp1,2.0,19,6,TGTAATAGTCACATGGCCAT,13,3711939
tolCp1,2.4285714285714284,22,6,TGTAAACAGGAGACATGCGA,16,3672662
tolCp1,3.0,26,6,TGGTTATCACACATAACATT,20,3666047
tolCp1,1.7142857142857142,17,6,TGGGGGAAGGAGCAGGAAAA,11,3689592
tolCp1,0.8571428571428571,11,6,TGGCTAGAGGAAAAGGCATA,5,3689880
tolCp1,10.857142857142858,81,6,TGGCCGTTTGACGTGTAAGA,75,3663914
tolCp1,3.5714285714285716,30,6,TGGATATGGTTGCTGCCTGG,24,3680402
tolCp1,1.8571428571428572,18,6,TGGAGGGTGTATCATTTGAC,12,3683701
tolCp1,3.7142857142857144,31,6,TGGAGATGAAACCCCACGCA,25,3705276
tolCp1,5.0,40,6,TGCTTTGCGGCGCTCAGCTA,34,3665336
tolCp1,2.142857142857143,20,6,TGCTTGCCCTGTGCGGACGT,14,3700768
tolCp1,8.285714285714286,63,6,TGCGCACAAAATTAGCGCTC,57,3702356
tolCp1,1.4285714285714286,15,6,TGCGAGAGGTCAACTAGCTG,9,3700330
tolCp1,1.4285714285714286,15,6,TGCCTAGGGGTTCCGCAGGT,9,3691392
tolCp1,1.8571428571428572,18,6,TGCAATTGCGCTCCCAGGGG,12,3708018
tolCp1,2.7142857142857144,24,6,TGATTATCCGTGGGAGCTAA,18,3662032
tolCp1,1.5714285714285714,16,6,TGATCGAAACTGTTTTAATG,10,3680719
tolCp1,2.5714285714285716,23,6,TGAGTACCATTCCCATCAAC,17,3668732
tolCp1,1.8571428571428572,18,6,TGACTGTAGAGACCATATAA,12,3676798
tolCp1,3.2857142857142856,28,6,TGACGTTCTGGCTACAACAC,22,3699494
tolCp1,1.4285714285714286,15,6,TGACCTCGTCAGATCCAATG,9,3673523
tolCp1,1.2857142857142858,14,6,TGAATGCGCGGCAAGGCAAC,8,3711315
tolCp1,2.4285714285714284,22,6,TGAAGCAATGTGACGCAATT,16,3715345
tolCp1,0.42857142857142855,8,6,TGAAGACGTAGGCGGACTGG,2,3704329
tolCp1,9.0,68,6,TGAAATCCGGTAGGCGCATT,62,3677723
tolCp1,1.0,12,6,TCTTCGTGGTTCGTGCATCA,6,3703761
tolCp1,1.7142857142857142,17,6,TCTTCAGGGCTGATGGCTAC,11,3699086
tolCp1,0.8571428571428571,11,6,TCTGTCGCGGGTAAAGGTTC,5,3714235
tolCp1,2.0,19,6,TCTGTCCTCAAAGAACAACT,13,3669871
tolCp1,17.0,124,6,TCTATGGTAGTACAATGAAA,118,3688981
tolCp1,1.2857142857142858,14,6,TCTAGATTACGCATAAACCT,8,3691314
tolCp1,1.7142857142857142,17,6,TCGTGGAATGACAGCTCAAT,11,3698570
tolCp1,0.7142857142857143,10,6,TCGTCTGGCGTGCTTAGCTC,4,3683032
tolCp1,1.7142857142857142,17,6,TCGTCCTGTTAGAACTACTC,11,3676946
tolCp1,3.5714285714285716,30,6,TCGGGGTAGAGGTTACTCAT,24,3678160
tolCp1,2.0,19,6,TCGCTAAAACCGCTGTATCT,13,3676260
tolCp1,1.5714285714285714,16,6,TCGCGTTCTGTGGCTCGCTA,10,3670177
tolCp1,1.7142857142857142,17,6,TCGCACGTCGCAACCGGATA,11,3703957
tolCp1,5.571428571428571,44,6,TCGAGTTCTCATCCCGGATA,38,3662892
tolCp1,2.142857142857143,20,6,TCGACACCTGTATGGGGCTC,14,3676964
tolCp1,5.142857142857143,41,6,TCGAACTTCACGCTAATCAC,35,3706717
tolCp1,6.857142857142857,53,6,TCCTTTAAGTAGGCCAACCT,47,3670992
tolCp1,4.571428571428571,37,6,TCCTTCAGCCTTTGCAGATA,31,3700346
tolCp1,1.7142857142857142,17,6,TCCGTGGGGTACCTATATGG,11,3666227
tolCp1,11.142857142857142,83,6,TCCGAAAGATTTGTCCATGT,77,3688335
tolCp1,9.142857142857142,69,6,TCCCTGGTTATCTCGGGTCT,63,3712757
tolCp1,1.0,12,6,TCCCGTTAGTTTACCCGGAT,6,3663871
tolCp1,0.7142857142857143,10,6,TCCCCCTACGGGGTTAGTTC,4,3682777
tolCp1,2.7142857142857144,24,6,TCCCCCAGTATTTTCCCATC,18,3676403
tolCp1,3.142857142857143,27,6,TCATTAACTGGCAAAGCCGG,21,3706525
tolCp1,2.2857142857142856,21,6,TCATGGGACGGTCTTATTGC,15,3671242
tolCp1,3.5714285714285716,30,6,TCATGGACCAAATTGTTCGC,24,3685106
tolCp1,1.4285714285714286,15,6,TCACCGCGTAATGCTGATGA,9,3711151
tolCp1,0.2857142857142857,7,6,TCAACGGGGGGTGTTTTGGC,1,3675379
tolCp1,1.1428571428571428,13,6,TCAAATACCACGACAGAGAC,7,3697470
tolCp1,1.2857142857142858,14,6,TCAAAGGTCACGATCGTTGA,8,3661656
tolCp1,2.0,19,6,TCAAACGCTGTCTCGACCCT,13,3706198
tolCp1,2.857142857142857,25,6,TATTTAGACCGCGTCGCGAT,19,3691579
tolCp1,1.1428571428571428,13,6,TATTCACCTAGTAGAAGCTC,7,3714135
tolCp1,2.5714285714285716,23,6,TATGGACGCCCGCCGAACGC,17,3709112
tolCp1,4.714285714285714,38,6,TATGCGATATAGAGATCTTA,32,3695905
tolCp1,8.428571428571429,64,6,TATGACACGTCGTCCCGTAA,58,3703791
tolCp1,2.2857142857142856,21,6,TATAGTGTGATTGGGGCATA,15,3686442
tolCp1,8.142857142857142,62,6,TATAGCAGGGACAAGTCTAT,56,3677733
tolCp1,0.8571428571428571,11,6,TATAGAGGACTCGTGTAGGG,5,3675017
tolCp1,2.4285714285714284,22,6,TAGGTCAGTGGCTGAATGAT,16,3695113
tolCp1,1.5714285714285714,16,6,TAGGCCTGGCCTAACAGCGT,10,3692614
tolCp1,1.4285714285714286,15,6,TAGGAGTTGCCAAGCTCGAC,9,3687682
tolCp1,0.5714285714285714,9,6,TAGCGGTCAATAGGGTGGTT,3,3666634
tolCp1,2.142857142857143,20,6,TAGAGTTGACAAGATATGGT,14,3714738
tolCp1,0.5714285714285714,9,6,TAGAGGAGCAGGGGGGCGGA,3,3676975
tolCp1,0.42857142857142855,8,6,TACTTCGATGCGTGAGAATT,2,3712328
tolCp1,1.2857142857142858,14,6,TACTGCGTCCTCCGTGTGTC,8,3688164
tolCp1,31.0,222,6,TACTGCGGAAGCGAGCCCTA,216,3706087
tolCp1,1.2857142857142858,14,6,TACGGCGCCGTGTATAAGCA,8,3671749
tolCp1,0.2857142857142857,7,6,TACGCCCGCCATGCATAGTT,1,3670221
tolCp1,1.4285714285714286,15,6,TACCGGCATCGAGAATGCGT,9,3712423
tolCp1,2.4285714285714284,22,6,TACAGTGAAGTGGGGTGCTA,16,3681381
tolCp1,1.8571428571428572,18,6,TAATTATGTACCTGTGCTGA,12,3661592
tolCp1,1.7142857142857142,17,6,TAATGCCGGGCTGCCGGTCC,11,3666797
tolCp1,6.571428571428571,51,6,TAATAACTCCTTCATAGCGT,45,3712311
tolCp1,3.0,26,6,TAAGTGAGTTTGTTAAGCTC,20,3674596
tolCp1,2.2857142857142856,21,6,TAAGTCAGTCTGAATATTTA,15,3685864
tolCp1,3.2857142857142856,28,6,TAAGGTTATTATGAATTAAC,22,3710704
tolCp1,0.8571428571428571,11,6,TAAGGCCGGTCTTTGGTCAA,5,3703736
tolCp1,1.5714285714285714,16,6,TAAGGAAAGGGCGGCGGTCC,10,3663832
tolCp1,7.285714285714286,56,6,TAACTTGCGACTCCAATGAA,50,3694280
tolCp1,1.5714285714285714,16,6,TAACTTACTTCCGATTGATT,10,3702634
tolCp1,0.2857142857142857,7,6,TAACGCTGTATTCCTGACAT,1,3710792
tolCp1,0.5714285714285714,9,6,TAACAGACCCAAGTATCTCG,3,3701617
tolCp1,13.571428571428571,100,6,TAAAGTCTGGACTGCCCAAA,94,3671271
tolCp1,1.4285714285714286,15,6,TAAAAGGCCAATGGTATCTT,9,3661930
tolCp1,2.5714285714285716,23,6,TAAAAGCAAGTGAGGTCGTA,17,3691673
tolCp1,2.5714285714285716,23,6,GTTTTTGTTAATCTATCTGA,17,3676850
tolCp1,1.4285714285714286,15,6,GTTTTTGGATGGTGATGTCC,9,3682800
tolCp1,4.142857142857143,34,6,GTTTGTAAAGCAAGCAATGG,28,3703223
tolCp1,1.0,12,6,GTTTATCACATGTACTACGT,6,3697242
tolCp1,1.5714285714285714,16,6,GTTTACGTTCATGTCGGACG,10,3693294
tolCp1,17.0,124,6,GTTGGGTTTAGATGGCTCTG,118,3694053
tolCp1,4.428571428571429,36,6,GTTCGACTCCCGCGGGGAAA,30,3710007
tolCp1,9.142857142857142,69,6,GTTCGAAAGGTTGGCTGTGA,63,3686989
tolCp1,2.4285714285714284,22,6,GTGTGGATGGCTTATCGAGC,16,3702002
tolCp1,2.7142857142857144,24,6,GTGTAGGAGCCACGTAGTGA,18,3692278
tolCp1,1.2857142857142858,14,6,GTGGCTTGCTAAGGGCCAAG,8,3675243
tolCp1,7.714285714285714,59,6,GTGCTCAACTGGACGTATAG,53,3699529
tolCp1,4.0,33,6,GTGCCTGCAGTGCTATTACA,27,3678629
tolCp1,3.0,26,6,GTCTTCGTTAATCCGCAAAT,20,3675050
tolCp1,2.5714285714285716,23,6,GTCTCTTCCTACTATTCCTG,17,3699398
tolCp1,5.0,40,6,GTCGTCCCAACAAAATCCTG,34,3688990
tolCp1,0.8571428571428571,11,6,GTCGGTCTCATTTTTCATTA,5,3671572
tolCp1,5.714285714285714,45,6,GTCGCTAGGATATGTTTTAT,39,3700803
tolCp1,1.5714285714285714,16,6,GTCGCATCCTTCATTATGAG,10,3676440
tolCp1,1.2857142857142858,14,6,GTCCATTTCGATTAGTGCGC,8,3706870
tolCp1,1.4285714285714286,15,6,GTCACTGCATTGAGCTTCCG,9,3671116
tolCp1,1.1428571428571428,13,6,GTATTCTCAAACACCTCCCA,7,3669280
tolCp1,18.142857142857142,132,6,GTATATGGCTATCAATGAAG,126,3666469
tolCp1,6.142857142857143,48,6,GTAGGGTCTAGTCTGAGAAA,42,3700811
tolCp1,1.5714285714285714,16,6,GTAGGCACATTAACGGCAAA,10,3707842
tolCp1,1.1428571428571428,13,6,GTACCAGTCTGTTCGTGATG,7,3691848
tolCp1,1.2857142857142858,14,6,GTAATGGTATACAGTAAACT,8,3706343
tolCp1,6.857142857142857,53,6,GTAAGCGTGCGTTTTGTTCC,47,3702444
tolCp1,1.8571428571428572,18,6,GTAAGCGCCCCCGAACAATA,12,3681728
tolCp1,1.0,12,6,GTAACCAGATTTATAACCCA,6,3681511
tolCp1,0.2857142857142857,7,6,GGTTTTTTCCCACGAACTGA,1,3707539
tolCp1,6.285714285714286,49,6,GGTTGCACCAATTAATTATG,43,3670576
tolCp1,2.142857142857143,20,6,GGTTACAGCGTTCAAGCCGT,14,3690707
tolCp1,2.7142857142857144,24,6,GGTGGGAATCGATTCCCGCA,18,3669380
tolCp1,0.8571428571428571,11,6,GGTGCACAACTTTGAAACTG,5,3699110
tolCp1,0.5714285714285714,9,6,GGTGATGTTCGCATAAGACA,3,3714319
tolCp1,3.0,26,6,GGTGAAACCCGGCCCGCTCT,20,3714986
tolCp1,2.857142857142857,25,6,GGTCTTCGTAAGAAACCAAT,19,3690354
tolCp1,1.7142857142857142,17,6,GGTCCAGGAACAACTTTTGC,11,3682927
tolCp1,4.142857142857143,34,6,GGTAAGTCAGGTCCGCAGTA,28,3676217
tolCp1,5.285714285714286,42,6,GGGTTTGAACGCAAACACGG,36,3698196
tolCp1,7.0,54,6,GGGTTCGTGATCCATCAGAA,48,3671186
tolCp1,2.0,19,6,GGGTAAGTCCAGTGTTTAGA,13,3664326
tolCp1,0.2857142857142857,7,6,GGGGTCCTTTGCATACAAGA,1,3690650
tolCp1,2.0,19,6,GGGGCATGTCACGCGACCAC,13,3673147
tolCp1,1.1428571428571428,13,6,GGGGCAAGATAAATCCGGTT,7,3666317
tolCp1,2.4285714285714284,22,6,GGGCTTCAAAAGCAAAGGTC,16,3705610
tolCp1,1.0,12,6,GGGCCTTAAATTCTTGCCGA,6,3664749
tolCp1,5.285714285714286,42,6,GGGCCTGCTTATCCGGCGCC,36,3668424
tolCp1,81.28571428571429,574,6,GGGCCATGCCATAGGCGGTG,568,3685070
tolCp1,1.5714285714285714,16,6,GGGCACTTACATTCATAAGC,10,3679752
tolCp1,0.8571428571428571,11,6,GGCGCGTCGATAAAATGGTG,5,3706892
tolCp1,3.0,26,6,GGCGCCGGCGCGAGGGTCCA,20,3674248
tolCp1,5.857142857142857,46,6,GGCGCAGAAAACAGATCCAT,40,3672272
tolCp1,8.857142857142858,67,6,GGCGATGTACGGTTCCTATG,61,3678188
tolCp1,1.1428571428571428,13,6,GGCCTGTTGCCCAGCAATAT,7,3664002
tolCp1,8.285714285714286,63,6,GGCCTGGTCTTCTCGTTTCC,57,3677252
tolCp1,2.2857142857142856,21,6,GGCCTGCATTACTCACATGA,15,3702353
tolCp1,1.2857142857142858,14,6,GGCCACCGCGGAATAGCCCG,8,3662558
tolCp1,1.7142857142857142,17,6,GGCCAAGGTGCCCCCGGACA,11,3662752
tolCp1,2.5714285714285716,23,6,GGCAGTTCGAGATTGTTGCT,17,3706721
tolCp1,10.714285714285714,80,6,GGCACCCTGTTGATCGCCCC,74,3706354
tolCp1,1.5714285714285714,16,6,GGCACCCTGGCGCGGATCCT,10,3661909
tolCp1,3.4285714285714284,29,6,GGATCGCACCCGCATACCAC,23,3709310
tolCp1,5.285714285714286,42,6,GGATAACAGGCCAACACAGT,36,3663928
tolCp1,0.2857142857142857,7,6,GGAGTTTCAAACCTTCGTCT,1,3702163
tolCp1,1.4285714285714286,15,6,GGAGCTGCGAAAATTCCGGT,9,3672922
tolCp1,1.4285714285714286,15,6,GGAGACGTGGCAGATTGAGT,9,3670584
tolCp1,1.7142857142857142,17,6,GGACTTACCACATGGGTAAT,11,3709102
tolCp1,0.7142857142857143,10,6,GGACGCCTTGGCATTGGCGA,4,3680349
tolCp1,0.2857142857142857,7,6,GGACATTTTTGCCAACGAGG,1,3687765
tolCp1,3.5714285714285716,30,6,GGAATGATTGAAAGGGGTAA,24,3664061
tolCp1,1.0,12,6,GGAACCGTCTCGCGGTTTGA,6,3681504
tolCp1,11.857142857142858,88,6,GCTTTACTGCTTGACCAGCA,82,3669385
tolCp1,2.7142857142857144,24,6,GCTTAGATTGAACTGTTAAA,18,3681194
tolCp1,2.4285714285714284,22,6,GCTGGTCGAGCACGTTTAGA,16,3693025
tolCp1,1.7142857142857142,17,6,GCTCATTACTTAAAGGCGTA,11,3683977
tolCp1,16.0,117,6,GCTACGAACCGGGCGTGGCC,111,3697311
tolCp1,0.5714285714285714,9,6,GCGTGCGGGTCCTCAGCACA,3,3676755
tolCp1,1.4285714285714286,15,6,GCGGTGCAGTCGCAAGATAA,9,3714626
tolCp1,4.142857142857143,34,6,GCGGTATAAGGCACTCGATG,28,3707089
tolCp1,2.5714285714285716,23,6,GCGCCAATCTCTCATAAGAC,17,3673996
tolCp1,1.4285714285714286,15,6,GCGCATCAGAATGATGGCAT,9,3684868
tolCp1,2.142857142857143,20,6,GCGCACGCATCCATCAGCAA,14,3714289
tolCp1,1.1428571428571428,13,6,GCGATTTCAAGGTGGTTTAT,7,3661521
tolCp1,0.8571428571428571,11,6,GCGATCGGGACATAAATGGT,5,3711411
tolCp1,0.8571428571428571,11,6,GCGAGTAGGAGTGATCAGTC,5,3690208
tolCp1,9.285714285714286,70,6,GCGAGGAGGCTCCAACGAGC,64,3678185
tolCp1,2.5714285714285716,23,6,GCGAGCGATTTGTTAAGGAA,17,3705414
tolCp1,0.8571428571428571,11,6,GCGAGCAGCAGACCTGTACT,5,3687689
tolCp1,3.4285714285714284,29,6,GCCTTTCCATTCGATGTAAC,23,3666836
tolCp1,3.7142857142857144,31,6,GCCGGATGCGTAACATATCC,25,3693083
tolCp1,1.8571428571428572,18,6,GCCGATCACCAATTGTTGGA,12,3684422
tolCp1,1.5714285714285714,16,6,GCCGAGACGACAGCAAAAAA,10,3671262
tolCp1,1.7142857142857142,17,6,GCCCAGCAAGCGGTTGGGGT,11,3680273
tolCp1,2.0,19,6,GCCCACTTACCTGCGAAGAC,13,3682865
tolCp1,6.428571428571429,50,6,GCCAGTATAGGTCCATCGGT,44,3670595
tolCp1,0.42857142857142855,8,6,GCATGTAGCCACTCCGTTAG,2,3664031
tolCp1,1.2857142857142858,14,6,GCAGATATTATCCAAGGTCT,8,3674204
tolCp1,6.714285714285714,52,6,GCACGTCGGGAGCGCGACTT,46,3666549
tolCp1,0.5714285714285714,9,6,GCACGATGAACACGTGCCCT,3,3670631
tolCp1,1.4285714285714286,15,6,GCAAGAGATCGTTCCACCAT,9,3682798
tolCp1,0.8571428571428571,11,6,GATTAAAGACCTTAAATAAA,5,3696893
tolCp1,1.1428571428571428,13,6,GATGGGGTTATTTTTTGGTA,7,3714185
tolCp1,4.0,33,6,GATGGCTATACCGGAACGTT,27,3695678
tolCp1,3.2857142857142856,28,6,GATGCACCCATGTAAAGGCA,22,3706645
tolCp1,2.2857142857142856,21,6,GATGATCCCCATCGAATCTT,15,3672645
tolCp1,1.1428571428571428,13,6,GATCCGTTCCGCGTGCTCGA,7,3685020
tolCp1,1.4285714285714286,15,6,GATATGTGGGGTGAATGTGT,9,3684741
tolCp1,0.2857142857142857,7,6,GATATCAGGCCATGTGGACA,1,3682082
tolCp1,4.428571428571429,36,6,GATATAGATTTGAACCCTAA,30,3670607
tolCp1,1.1428571428571428,13,6,GAGTTAGGGCAGAACATCTT,7,3692885
tolCp1,1.2857142857142858,14,6,GAGTTAAGCCAGGATTCGAT,8,3682136
tolCp1,0.2857142857142857,7,6,GAGTGTTTCGGATTCTTCTT,1,3661330
tolCp1,3.5714285714285716,30,6,GAGTCATGAATCCGTCCTGG,24,3687000
tolCp1,0.7142857142857143,10,6,GAGTAGACTGTCAAACATAT,4,3679215
tolCp1,2.2857142857142856,21,6,GAGGTGGCAAGATGCTTGAG,15,3705677
tolCp1,1.1428571428571428,13,6,GAGGGGAAACATCAGGAATT,7,3663966
tolCp1,1.0,12,6,GAGCGTGTATATAGCCGCGG,6,3663404
tolCp1,9.285714285714286,70,6,GAGCAAACCTTCAGACACAT,64,3665453
tolCp1,1.0,12,6,GAGAGTAGAGAGATGACTAC,6,3679236
tolCp1,6.285714285714286,49,6,GAGACCGCGCCCCTTAAACT,43,3680851
tolCp1,6.428571428571429,50,6,GACTTCACGCCCGTTCTTTT,44,3701430
tolCp1,2.0,19,6,GACTTATCAGCGTGCCACAT,13,3678107
tolCp1,4.571428571428571,37,6,GACTGCCTTACTGCGTCTCG,31,3698821
tolCp1,3.4285714285714284,29,6,GACTCGGTAGGTGGAGTCGG,23,3680346
tolCp1,2.857142857142857,25,6,GACTCAACAGGCCGCTTCCG,19,3704045
tolCp1,1.2857142857142858,14,6,GACTATGACCTGTATTACAA,8,3704668
tolCp1,1.2857142857142858,14,6,GACGTTGGTATGCGGCGGAC,8,3692067
tolCp1,0.7142857142857143,10,6,GACGTCAGAGAAGTACTCTA,4,3668926
tolCp1,1.2857142857142858,14,6,GACGCGTACGACTGCGACGT,8,3701782
tolCp1,1.8571428571428572,18,6,GACCGAGACCGCGGTAACCC,12,3695857
tolCp1,2.142857142857143,20,6,GACAATGGAGTCCTGGTAGC,14,3692122
tolCp1,5.571428571428571,44,6,GACAATCTTGGTCTATGTTG,38,3692232
tolCp1,1.0,12,6,GAATTCCCACATCCGATCAG,6,3676826
tolCp1,1.0,12,6,GAATGTAACACTTGTATCGA,6,3665310
tolCp1,7.857142857142857,60,6,GAATGGCGGTACTTGAGGCG,54,3686389
tolCp1,2.5714285714285716,23,6,GAATACTTTTGTTTTTCTTA,17,3699215
tolCp1,4.857142857142857,39,6,GAAGTTGAGTGGTTGGACCA,33,3690203
tolCp1,1.1428571428571428,13,6,GAACCCAGTTTCGTAAAGCA,7,3712742
tolCp1,2.5714285714285716,23,6,GAAAGTTGTAGAGCCCCCGA,17,3704944
tolCp1,0.7142857142857143,10,6,CTTTTTGTGGTCATTCGGTT,4,3686131
tolCp1,8.142857142857142,62,6,CTTTTATGATAAGTTTAGGG,56,3684624
tolCp1,5.0,40,6,CTTTCTTGTACTCGATCCAT,34,3700603
tolCp1,1.4285714285714286,15,6,CTTCGAAAGAGTCAGCATCA,9,3702182
tolCp1,7.142857142857143,55,6,CTTACTCGTGTCCTCTTTGC,49,3681832
tolCp1,2.7142857142857144,24,6,CTTACAATGGGGGCGGTTCT,18,3676232
tolCp1,1.4285714285714286,15,6,CTTAAGCGCTCACAGCTTAA,9,3687877
tolCp1,2.4285714285714284,22,6,CTTAAAAATTCATGGTCGGC,16,3714047
tolCp1,4.285714285714286,35,6,CTGTGTAGGCACGCACCAAG,29,3667475
tolCp1,1.7142857142857142,17,6,CTGTGACATCTCTTTTATGT,11,3693240
tolCp1,2.142857142857143,20,6,CTGTGAATGGAACCTTTGAG,14,3684196
tolCp1,24.857142857142858,179,6,CTGTACCTTTCCATTCGTGC,173,3693995
tolCp1,0.8571428571428571,11,6,CTGGGTAGTGTTTGGTGCTG,5,3709580
tolCp1,0.7142857142857143,10,6,CTGGAATCTAAACTCAGACG,4,3662211
tolCp1,71.42857142857143,505,6,CTGCTCTGCTTAGCCGGCCA,499,3699825
tolCp1,1.0,12,6,CTGCGATTGTCCGGTGCTCT,6,3713475
tolCp1,1.5714285714285714,16,6,CTGCAGTGAGGGTGACTCGA,10,3665826
tolCp1,0.8571428571428571,11,6,CTGACCAATCTGGAGACGTA,5,3682598
tolCp1,3.857142857142857,32,6,CTGAACTCGTGCTGCAGATC,26,3697527
tolCp1,2.2857142857142856,21,6,CTCTGAACAGCCGCGTGGTG,15,3687471
tolCp1,1.5714285714285714,16,6,CTCCGTTGAATGCACCGGTT,10,3694085
tolCp1,8.714285714285714,66,6,CTCCGCGTACAATGTTACGT,60,3678298
tolCp1,4.285714285714286,35,6,CTCATGCGTTCCGGGAATGG,29,3697014
tolCp1,5.0,40,6,CTCAGTTGAGGGCGACCTCG,34,3683355
tolCp1,4.142857142857143,34,6,CTCACGAACTAACGCTTGGC,28,3685453
tolCp1,1.5714285714285714,16,6,CTATTTAGAAGCTATACCGG,10,3689417
tolCp1,1.2857142857142858,14,6,CTATGCTGCGCACTATTATA,8,3699289
tolCp1,12.428571428571429,92,6,CTATGCTAGAAACCGCAAAT,86,3682470
tolCp1,1.5714285714285714,16,6,CTATCCCTGAGTACGATCTT,10,3695922
tolCp1,1.2857142857142858,14,6,CTACGGCGATCCCCGGCGCC,8,3701269
tolCp1,22.714285714285715,164,6,CTACCGTATATGGCAATGAT,158,3714479
tolCp1,2.0,19,6,CTAAATCTTCGTCAGCAACA,13,3685788
tolCp1,1.5714285714285714,16,6,CGTTGGGGTGCCAACTGTCG,10,3673075
tolCp1,1.0,12,6,CGTTATGTACCCCAAACTTT,6,3678524
tolCp1,5.0,40,6,CGTGCATGAATTCTTACTGA,34,3692234
tolCp1,7.142857142857143,55,6,CGTCAATAATAACCGTGTCT,49,3704613
tolCp1,2.2857142857142856,21,6,CGTCAAGTATCTCGTGTTGG,15,3703375
tolCp1,1.1428571428571428,13,6,CGGTTCATAGGAATGCTCCA,7,3714793
tolCp1,2.0,19,6,CGGTCCCGACTTACTACGGG,13,3681078
tolCp1,0.2857142857142857,7,6,CGGTACGTCGCACGGTTGGT,1,3663496
tolCp1,0.42857142857142855,8,6,CGGGCGACATTATACCGGTG,2,3677664
tolCp1,3.2857142857142856,28,6,CGGGAACATGTGTGTATAGT,22,3699441
tolCp1,1.5714285714285714,16,6,CGGCTGGGGGTTTGAGCTCC,10,3681324
tolCp1,2.5714285714285716,23,6,CGGCGTTACTCAATGCTTCT,17,3686760
tolCp1,3.142857142857143,27,6,CGCGTAATCGGGACATGGAA,21,3689017
tolCp1,1.7142857142857142,17,6,CGCGGATGCGGCTCTATAAG,11,3705168
tolCp1,6.857142857142857,53,6,CGCGCGTGGGATAACTAAGT,47,3703810
tolCp1,2.142857142857143,20,6,CGCGCACGCACCACGAAGGA,14,3685984
tolCp1,0.2857142857142857,7,6,CGCGATGGTATGTAATGACA,1,3663117
tolCp1,1.4285714285714286,15,6,CGCCTGCTACTTGAGTTCCC,9,3676100
tolCp1,2.0,19,6,CGCCGGCAAGTAGCCGAGTG,13,3682773
tolCp1,2.0,19,6,CGCATTATTTCCTTCTCGGA,13,3663245
tolCp1,8.428571428571429,64,6,CGCAGGAGGTAACACCACGG,58,3689294
tolCp1,19.285714285714285,140,6,CGATGTACTTGAAGGTCTTC,134,3694065
tolCp1,31.857142857142858,228,6,CGAGTAAGTGGCCCACAAGG,222,3715133
tolCp1,3.0,26,6,CGAGGGGTATCACTGGAGGG,20,3684907
tolCp1,2.2857142857142856,21,6,CGAGGACCGAACGGCTTTAA,15,3688185
tolCp1,38.714285714285715,276,6,CGAGGACAGCCCCGCAGTTG,270,3675717
tolCp1,15.428571428571429,113,6,CGAGAATACTCTTTCATCCG,107,3695673
tolCp1,3.7142857142857144,31,6,CGACTGCGGTAGCCAATGCG,25,3678415
tolCp1,0.42857142857142855,8,6,CGACATCTTTAAAACCTTAT,2,3710554
tolCp1,2.5714285714285716,23,6,CGAAGAGCTAGTCAAACTTG,17,3669555
tolCp1,1.2857142857142858,14,6,CGAACGACTTATATGGTGGT,8,3691222
tolCp1,3.0,26,6,CGAACATCATTTATAGGGGC,20,3661943
tolCp1,0.5714285714285714,9,6,CCTTCTAACGTTCCGACGTT,3,3708077
tolCp1,10.857142857142858,81,6,CCTTAGGCACCTGTCGGCTT,75,3679630
tolCp1,4.142857142857143,34,6,CCTGGGTCCTTCCTAGACAT,28,3712289
tolCp1,1.1428571428571428,13,6,CCTGAAAGACCACGTTTCGC,7,3663541
tolCp1,15.142857142857142,111,6,CCTCGAGGGTCTACTTGACC,105,3712652
tolCp1,2.857142857142857,25,6,CCTAGTTATGTCACATATGT,19,3685019
tolCp1,0.7142857142857143,10,6,CCTACTCGGTGAACAAAATC,4,3682951
tolCp1,4.142857142857143,34,6,CCTACATTAAGGGAATCACT,28,3664529
tolCp1,15.857142857142858,116,6,CCGTTGCCTTCTTACTATTA,110,3671023
tolCp1,3.0,26,6,CCGGGCGATCGGCCACGACT,20,3711948
tolCp1,0.5714285714285714,9,6,CCGGCCACATGGTAATAAAA,3,3704011
tolCp1,3.0,26,6,CCGCTCCCAACCATACGTGT,20,3706073
tolCp1,4.285714285714286,35,6,CCGCCTTTGGGTCCCGACGA,29,3709370
tolCp1,1.0,12,6,CCGATTCTTGTGAACGTTCG,6,3715219
tolCp1,2.2857142857142856,21,6,CCGATCCATGAGGGTAATAT,15,3661227
tolCp1,0.7142857142857143,10,6,CCGAGTTCGGCAAAAATCTC,4,3695771
tolCp1,2.142857142857143,20,6,CCCTTGCGATGCACTTGCTA,14,3699332
tolCp1,0.8571428571428571,11,6,CCCTGGATTTCCCATGCTAC,5,3663495
tolCp1,4.285714285714286,35,6,CCCTCAGGCGAGGGGTACGA,29,3666693
tolCp1,1.2857142857142858,14,6,CCCTACGAGTATGTGATCGC,8,3703441
tolCp1,2.4285714285714284,22,6,CCCGGGCGGTGTAATCTTGG,16,3676358
tolCp1,0.42857142857142855,8,6,CCCGCTACTAGCCGAAGACT,2,3712642
tolCp1,1.8571428571428572,18,6,CCCCTGAGCAGGGTGGGCCT,12,3667943
tolCp1,1.8571428571428572,18,6,CCCCGTGCATCGTTGACTCT,12,3700040
tolCp1,3.4285714285714284,29,6,CCCCATCAAACAAGACATCG,23,3702466
tolCp1,0.2857142857142857,7,6,CCCATGCGCGATATGATTTC,1,3692489
tolCp1,5.142857142857143,41,6,CCCATCACGGTTTTGGCGTC,35,3676878
tolCp1,0.5714285714285714,9,6,CCCAGGTCACTTCGTTAAAT,3,3677335
tolCp1,1.1428571428571428,13,6,CCCACGCAAGCCGAGTGCCC,7,3684460
tolCp1,15.285714285714286,112,6,CCATTAGGTTGACTTTGTTG,106,3661276
tolCp1,3.0,26,6,CCATCACGTCCCCTTTGTAA,20,3688266
tolCp1,5.0,40,6,CCAGTCTTGGGGTGCGAGAG,34,3700631
tolCp1,2.5714285714285716,23,6,CCAGGCTGTTCGGCGGATAC,17,3705274
tolCp1,7.857142857142857,60,6,CCACGCGTGGTGACTGGGTC,54,3681449
tolCp1,6.714285714285714,52,6,CCACGAGGGCCGATTTGTCC,46,3709189
tolCp1,4.0,33,6,CCACACACGCACTAACTGCT,27,3705861
tolCp1,2.0,19,6,CCAATTTAAAAGCGTGCAGG,13,3704924
tolCp1,2.4285714285714284,22,6,CATTGGGGACCGGCAGTTTA,16,3712380
tolCp1,2.857142857142857,25,6,CATGGCTCGTGTTTTGAGCG,19,3683824
tolCp1,1.8571428571428572,18,6,CATGGCGTCGATTATCGATT,12,3673358
tolCp1,0.7142857142857143,10,6,CATGCATACACAAAAATACT,4,3675764
tolCp1,1.8571428571428572,18,6,CATCCCGTTTTGGTGACCCT,12,3695030
tolCp1,28.285714285714285,203,6,CATCAAGACCTTTATGCCTT,197,3710956
tolCp1,0.2857142857142857,7,6,CATATCGCATCTACCTTGGG,1,3694722
tolCp1,3.0,26,6,CAGTTTCGCTCGACAAGCTA,20,3707711
tolCp1,3.2857142857142856,28,6,CAGTGGATGTAGAAATGTAT,22,3696703
tolCp1,7.571428571428571,58,6,CAGTGCGGGATCGACCTTCC,52,3672325
tolCp1,0.2857142857142857,7,6,CAGTCGCCCGTTCCGTCTGG,1,3667535
tolCp1,0.5714285714285714,9,6,CAGGAACTGGCTTCTGAACG,3,3703343
tolCp1,1.2857142857142858,14,6,CAGCTGCCCGCCCCCATAAA,8,3713810
tolCp1,1.5714285714285714,16,6,CAGCTATCGGAGGGTCGGAC,10,3665449
tolCp1,1.0,12,6,CAGCCGCATTCAGATGAAAC,6,3701906
tolCp1,40.857142857142854,291,6,CAGCCAAGCAGAGAGTGTTC,285,3684627
tolCp1,3.142857142857143,27,6,CACTCGCCTATCCACCGTCG,21,3672626
tolCp1,1.7142857142857142,17,6,CACGATATCGGATGAGGACT,11,3677017
tolCp1,5.285714285714286,42,6,CACCGCATTGGGGTCAATGC,36,3682950
tolCp1,0.5714285714285714,9,6,CACACTGGGAGACTGCGAAA,3,3674217
tolCp1,2.2857142857142856,21,6,CAATTGCTGAGATATATTTG,15,3699611
tolCp1,8.571428571428571,65,6,CAATGGGCGGGGGCCTTGAT,59,3681880
tolCp1,0.7142857142857143,10,6,CAATGATGTTTTAATCGAAG,4,3699145
tolCp1,4.571428571428571,37,6,CAATCAGAAGGAGGACTCCA,31,3679411
tolCp1,2.0,19,6,CAAGGTTGTGGAGTCTAAAC,13,3711465
tolCp1,4.571428571428571,37,6,CAAGCTACCAACTGCCCGGA,31,3664662
tolCp1,0.7142857142857143,10,6,CAACAAGTCAGGCAGAACGT,4,3668002
tolCp1,0.42857142857142855,8,6,CAAATCATAGCTAGCTCGCA,2,3676094
tolCp1,2.0,19,6,CAAACCAGAATAATTGACTC,13,3714931
tolCp1,2.857142857142857,25,6,ATTTCTGAAGTATAGTATGT,19,3675571
tolCp1,2.7142857142857144,24,6,ATTCTCAGAAGTTTACAAAC,18,3685986
tolCp1,1.5714285714285714,16,6,ATTCCCGGGCACTTTGGTGA,10,3683937
tolCp1,1.7142857142857142,17,6,ATTATACCCTTATTCTATTA,11,3704867
tolCp1,1.5714285714285714,16,6,ATTAGGCAACCGGTCGAAAA,10,3667536
tolCp1,1.4285714285714286,15,6,ATTACTGGGCGAGCATAGAG,9,3661573
tolCp1,7.142857142857143,55,6,ATTACAGAATCGTTACAACA,49,3681684
tolCp1,0.8571428571428571,11,6,ATTAATATGTCCGCAGGGGT,5,3698044
tolCp1,3.142857142857143,27,6,ATGTTTTGTGTAACCAGTGC,21,3679266
tolCp1,16.142857142857142,118,6,ATGTGAAGATATATTGGCCC,112,3708588
tolCp1,7.142857142857143,55,6,ATGTATAGGCTGGCGATTAA,49,3706600
tolCp1,2.0,19,6,ATGGTGTCATATATCTAAGA,13,3707005
tolCp1,1.7142857142857142,17,6,ATGGTACGCGTTACCAGAAT,11,3705232
tolCp1,2.142857142857143,20,6,ATGGGTAAGCAATACCGATA,14,3678875
tolCp1,5.0,40,6,ATGGATTACAAATAACGTGC,34,3714237
tolCp1,4.714285714285714,38,6,ATGCCCGGGGTAGCGATCAA,32,3671548
tolCp1,1.4285714285714286,15,6,ATGCCAGGTCATAATACCAT,9,3688848
tolCp1,1.1428571428571428,13,6,ATGCCAAATTGCGTATTAAA,7,3687258
tolCp1,8.285714285714286,63,6,ATGAAGTGGCAGATGGTACG,57,3702104
tolCp1,4.0,33,6,ATCTAACGTCCGCTTGTAGT,27,3672020
tolCp1,2.142857142857143,20,6,ATCGGTAGATCGATGTAAAC,14,3700210
tolCp1,1.2857142857142858,14,6,ATCGGACATACCGTGGAATA,8,3665392
tolCp1,2.4285714285714284,22,6,ATCCTCGTGCCTGTTTCGAA,16,3702226
tolCp1,2.142857142857143,20,6,ATCCTAAGTGAAAGTAGCTG,14,3712694
tolCp1,4.857142857142857,39,6,ATCCGGTTTTGGGTTGTTCC,33,3662439
tolCp1,2.7142857142857144,24,6,ATCCCGTTGCTGTACACAAC,18,3703614
tolCp1,1.5714285714285714,16,6,ATCCACGGGCGGGGAGCTAT,10,3696381
tolCp1,3.4285714285714284,29,6,ATCATTGTCGTACGCTCCTA,23,3668548
tolCp1,7.571428571428571,58,6,ATCATCGCAGACGAATTGCG,52,3705131
tolCp1,2.0,19,6,ATATGGTGCCACAACCGCTT,13,3684219
tolCp1,29.571428571428573,212,6,ATATCTAGGGCCGAATTGTG,206,3688114
tolCp1,1.4285714285714286,15,6,ATATCGGCCCCGAAGGGACC,9,3682176
tolCp1,5.142857142857143,41,6,ATAGTGGCATATCTCTTTGA,35,3691796
tolCp1,1.2857142857142858,14,6,ATAGCGTACGTAGGTAACCG,8,3710343
tolCp1,2.2857142857142856,21,6,ATAGCATCAGGTTATTGGAC,15,3666817
tolCp1,0.5714285714285714,9,6,ATACTCATTCCCATCTCCAC,3,3707540
tolCp1,0.8571428571428571,11,6,ATACGCCTCCGGGGGCTGCT,5,3710114
tolCp1,6.285714285714286,49,6,ATACCTAAAGCGATCCCATT,43,3682333
tolCp1,0.2857142857142857,7,6,ATACACAAGCCCGTCCGACT,1,3676416
tolCp1,1.7142857142857142,17,6,ATAACTCAGCGCTATCCGTG,11,3712008
tolCp1,1.0,12,6,ATAAATTGGCGGTTTCCATT,6,3702389
tolCp1,2.0,19,6,AGTTTGTAATCCGGCCAGTG,13,3684605
tolCp1,2.2857142857142856,21,6,AGTTGTGGTGCCTTTCGCAT,15,3693680
tolCp1,0.7142857142857143,10,6,AGTTCTTAACGACTTCGATC,4,3698660
tolCp1,3.2857142857142856,28,6,AGTTCAGGGTTGCAAGATCT,22,3684765
tolCp1,2.0,19,6,AGTGCACTTCACGTGAAAAA,13,3665856
tolCp1,2.7142857142857144,24,6,AGTCATGTAGGTGCGGGGTT,18,3698456
tolCp1,3.142857142857143,27,6,AGTATATAAGTCGTGGCACT,21,3690958
tolCp1,2.142857142857143,20,6,AGTAGGGGAGTGCATCCACT,14,3673886
tolCp1,2.4285714285714284,22,6,AGTAGCATTAACAGCAGGGG,16,3692184
tolCp1,3.857142857142857,32,6,AGTACTAAAGCGGATTCGGA,26,3700030
tolCp1,1.4285714285714286,15,6,AGGTTGTCCGAGTGGTTTGT,9,3706838
tolCp1,1.0,12,6,AGGTGAGATCTCCGTCAGTG,6,3688985
tolCp1,1.2857142857142858,14,6,AGGTACTTACGCTTTAGTCC,8,3667156
tolCp1,2.2857142857142856,21,6,AGGGTGATATGCTCAGGAAA,15,3715023
tolCp1,1.1428571428571428,13,6,AGGGGCGCCATTGGCAAGAG,7,3708899
tolCp1,3.0,26,6,AGGCTAATCATGATGTGACT,20,3702319
tolCp1,4.571428571428571,37,6,AGGCGTAAAAATTTAGGTAA,31,3682851
tolCp1,5.857142857142857,46,6,AGGATATTGTCCGGAGAACT,40,3700775
tolCp1,24.857142857142858,179,6,AGGAACGCGGATAGCATGTA,173,3715138
tolCp1,3.857142857142857,32,6,AGCTTATTCCTCCATCTAAT,26,3685770
tolCp1,3.142857142857143,27,6,AGCTCGACATACGTAGCGAG,21,3694803
tolCp1,2.142857142857143,20,6,AGCGGGTTGGCCACTAACAG,14,3664881
tolCp1,2.142857142857143,20,6,AGCGCATTTCACAAGCGGGT,14,3663224
tolCp1,2.2857142857142856,21,6,AGCGACGCCTGTGAGTCTAG,15,3678637
tolCp1,1.4285714285714286,15,6,AGCCGATCGCTCAAATTCAT,9,3700640
tolCp1,0.8571428571428571,11,6,AGCCCATAGCATACAATGAC,5,3705594
tolCp1,8.571428571428571,65,6,AGCCATTGCTGACAGATGCC,59,3678624
tolCp1,4.142857142857143,34,6,AGCCACGTCCGAAGGTAACT,28,3677709
tolCp1,2.142857142857143,20,6,AGCATGATGCTAGATTCGAT,14,3661187
tolCp1,1.7142857142857142,17,6,AGATGGAATTCTCACCGTCA,11,3713942
tolCp1,1.4285714285714286,15,6,AGATCTGCAAAGTGCGACCA,9,3711745
tolCp1,4.0,33,6,AGATAAATTCGAATATGACC,27,3687183
tolCp1,1.7142857142857142,17,6,AGAGGGGTATGAATCGGTTT,11,3685573
tolCp1,1.8571428571428572,18,6,AGAGCGAATCCTAAGTCTGA,12,3689852
tolCp1,2.0,19,6,AGAGCCTGGTGTGTGGGTAT,13,3714954
tolCp1,3.0,26,6,AGAGAGGTACGCGCGCTTTC,20,3681887
tolCp1,6.285714285714286,49,6,AGACGCAGGTATTGTTCCGA,43,3683511
tolCp1,3.5714285714285716,30,6,AGAACAATATGGATATACGT,24,3695263
tolCp1,1.4285714285714286,15,6,AGAAACAGTGGTTACACGTT,9,3714085
tolCp1,1.2857142857142858,14,6,ACTTGTAGCTTAACCTACAA,8,3678714
tolCp1,2.142857142857143,20,6,ACTTCTGCTCACGAATGCAT,14,3664606
tolCp1,2.7142857142857144,24,6,ACTTCGTTTTTATCTTCCCA,18,3693206
tolCp1,9.0,68,6,ACTGATTTATTTCGTACGAT,62,3689257
tolCp1,2.7142857142857144,24,6,ACTCTTTACCGGAGCTTGTC,18,3661181
tolCp1,6.857142857142857,53,6,ACTCTGGCGCGCGGTGTGGG,47,3685914
tolCp1,0.2857142857142857,7,6,ACTCTGCATCAGTAGCTGTT,1,3701195
tolCp1,2.2857142857142856,21,6,ACTCGCTCACAGGAGTTGGG,15,3680493
tolCp1,1.0,12,6,ACGTCATGAACGTCATCGTC,6,3668903
tolCp1,1.5714285714285714,16,6,ACGGAGAGATGATTACTTAG,10,3690651
tolCp1,7.714285714285714,59,6,ACGGACCACGTTGCGCTTCG,53,3684104
tolCp1,4.714285714285714,38,6,ACGGAATTAGGTGAGTCAGA,32,3685533
tolCp1,1.5714285714285714,16,6,ACGGAAGGGATCCGTTAACT,10,3677619
tolCp1,1.7142857142857142,17,6,ACGATAACGTTCATACCAAC,11,3675061
tolCp1,3.4285714285714284,29,6,ACCTGTTGATATTAGCCTTC,23,3677526
tolCp1,1.8571428571428572,18,6,ACCTGCCGGATTCAATTACT,12,3706710
tolCp1,3.857142857142857,32,6,ACCTCAATCAAACTAGGGAA,26,3661524
tolCp1,2.7142857142857144,24,6,ACCGTAATAGGTCGTCGTCT,18,3693155
tolCp1,0.8571428571428571,11,6,ACCCTCAAACAGGGGGAGAA,5,3686778
tolCp1,2.857142857142857,25,6,ACCAAGTCGCTTGCCTTGTA,19,3680735
tolCp1,1.8571428571428572,18,6,ACCAAATAAAACTTATAAAC,12,3665204
tolCp1,1.7142857142857142,17,6,ACAGTGAAATCGTCCTGTTT,11,3713044
tolCp1,2.0,19,6,ACAGGATATCGGCAATCCCG,13,3698800
tolCp1,7.428571428571429,57,6,ACAGGACATCTTAAGCTTAT,51,3689052
tolCp1,2.7142857142857144,24,6,ACAGCCGTACGTGACCCTAT,18,3667431
tolCp1,5.142857142857143,41,6,ACACAACTACGGCTCCCGAA,35,3686712
tolCp1,20.428571428571427,148,6,ACACAAATTGATGGGGATGA,142,3688099
tolCp1,30.285714285714285,217,6,ACAATTATCACTATGTAATT,211,3702888
tolCp1,3.4285714285714284,29,6,AATTTTGTGCATAGCAAACG,23,3666705
tolCp1,2.857142857142857,25,6,AATGTTCCAGCAGTTGGATG,19,3673477
tolCp1,0.7142857142857143,10,6,AATGTCGAGTCTGTTGCATC,4,3685376
tolCp1,1.1428571428571428,13,6,AATGGGGGGAAGAACGACTC,7,3682049
tolCp1,9.285714285714286,70,6,AATGGCTAAACTTTCGGTTG,64,3686418
tolCp1,12.714285714285714,94,6,AATGCTGCCTAAAATTATAA,88,3686834
tolCp1,2.4285714285714284,22,6,AATCTAGTATTAGGTAAAGA,16,3662700
tolCp1,1.4285714285714286,15,6,AATCAGCGCAAACAAGATCA,9,3711585
tolCp1,1.2857142857142858,14,6,AATAGTGACAGAGGATCAAG,8,3673881
tolCp1,5.571428571428571,44,6,AATAGACGCGTCGATACTAA,38,3708830
tolCp1,3.5714285714285716,30,6,AATACTATCTGTCGGGTGTC,24,3682767
tolCp1,3.5714285714285716,30,6,AAGTTCGTCAGCCTTCACCG,24,3693829
tolCp1,3.4285714285714284,29,6,AAGTCACGTGAAAGTGGCTG,23,3675654
tolCp1,0.42857142857142855,8,6,AAGTACAATAACACCGCTCC,2,3686068
tolCp1,0.2857142857142857,7,6,AAGGTCGCAAAAAATAAGCG,1,3689427
tolCp1,4.571428571428571,37,6,AAGGCGGGCGATAGGGGTCC,31,3695687
tolCp1,7.0,54,6,AAGGCCGGGTGGCCCCAAGC,48,3705107
tolCp1,1.4285714285714286,15,6,AAGCACGAATACACCAGTCC,9,3693348
tolCp1,1.4285714285714286,15,6,AAGATACCACCGGTTAACGA,9,3700182
tolCp1,11.0,82,6,AAGACTTTCGAACAGGGGGT,76,3682255
tolCp1,1.2857142857142858,14,6,AACTGACGCCCACGATTTAT,8,3684690
tolCp1,3.857142857142857,32,6,AACTCCTTCTACGGCAGGCT,26,3677686
tolCp1,2.142857142857143,20,6,AACGGCGCCCCGAGTTATGT,14,3699910
tolCp1,2.5714285714285716,23,6,AACGGAAAAGTAGGTTCTAA,17,3702568
tolCp1,2.0,19,6,AACCCGATGCCCCAATGCCC,13,3681493
tolCp1,9.0,68,6,AACCCATTGACCGAGCCGTG,62,3689003
tolCp1,1.2857142857142858,14,6,AACACTTATCTGCATTGAGT,8,3715307
tolCp1,3.5714285714285716,30,6,AACAATTCTTAACTATAATA,24,3686566
tolCp1,1.8571428571428572,18,6,AAAGTTCAAGCTGCCACAAA,12,3711806
tolCp1,3.142857142857143,27,6,AAAGTGGGTGTCGTCTAAAG,21,3673540
tolCp1,2.7142857142857144,24,6,AAAGTGGATGTCAACATCAG,18,3679786
tolCp1,9.285714285714286,70,6,AAAGTGAGCTTGTTGGTGCT,64,3661263
tolCp1,1.2857142857142858,14,6,AAAGCCCCAGGTCGGTAACG,8,3685734
tolCp1,2.7142857142857144,24,6,AAACGAACGTTGTGTTATGG,18,3704579
tolCp1,0.2857142857142857,7,6,AAAATCGATTAGACGATATA,1,3711018
tolCp1,1.1428571428571428,13,6,AAAACACAATAGAAGAAAGA,7,3683522
tolCp1,5.333333333333333,36,5,TTTGGTCCGTCGTCCGCCCA,31,3715343
tolCp1,3.6666666666666665,26,5,TTTATGGTCCTTCTCAAGTA,21,3682686
tolCp1,1.3333333333333333,12,5,TTGTTTTCATTAACGACGTA,7,3703656
tolCp1,3.0,22,5,TTGTCGAGCGCTCTGTTCAA,17,3667597
tolCp1,2.6666666666666665,20,5,TTGTATCCGACGAGCAGTTT,15,3663194
tolCp1,0.6666666666666666,8,5,TTGTACCGAGATGCATCCGT,3,3689381
tolCp1,25.5,157,5,TTGTAAGATAGTGGTCTTCC,152,3710958
tolCp1,8.5,55,5,TTGGCTAGGGTCATGGGTAC,50,3683061
tolCp1,3.5,25,5,TTGGAAGCAGCTCCGCAAGT,20,3667327
tolCp1,1.8333333333333333,15,5,TTGGAAAAGTGTCGAAGCGT,10,3693795
tolCp1,1.3333333333333333,12,5,TTGCATGGATCTAGTTGTTC,7,3687020
tolCp1,4.666666666666667,32,5,TTGCATGCTCCTGGAATGGC,27,3702085
tolCp1,0.6666666666666666,8,5,TTGATAACTGAAAGGATCGT,3,3683088
tolCp1,12.166666666666666,77,5,TTGACGAGCGCCGGCGCGCC,72,3677051
tolCp1,2.6666666666666665,20,5,TTGAAGCAGGCCGACTACGT,15,3683420
tolCp1,5.0,34,5,TTCTCTGGTTTCTGGGCGGA,29,3688880
tolCp1,2.0,16,5,TTCTCCGGAGTGTCAACGCA,11,3683518
tolCp1,5.833333333333333,39,5,TTCCGGGTACTGTCAGGGGT,34,3680841
tolCp1,2.8333333333333335,21,5,TTCCGATCTTAGGTCTGGGG,16,3706854
tolCp1,3.3333333333333335,24,5,TTCCATCGAGTTAGGAGTTT,19,3665718
tolCp1,3.1666666666666665,23,5,TTCCATCCGATCGCAGTTAG,18,3698149
tolCp1,0.5,7,5,TTCCAACTTCAGACAATTTA,2,3661892
tolCp1,2.0,16,5,TTCATAGAACGTTTCCGCGG,11,3712247
tolCp1,6.666666666666667,44,5,TTCAGTTCCACATGAGAGTT,39,3697428
tolCp1,2.6666666666666665,20,5,TTCACATCTAAGTCTACACG,15,3673774
tolCp1,3.6666666666666665,26,5,TTCAAGGCGTCGGGACAATG,21,3712581
tolCp1,2.8333333333333335,21,5,TTATAAAAGTCTTGAGGCTC,16,3668077
tolCp1,0.6666666666666666,8,5,TTAGGTGACATGGTCAGGTC,3,3704500
tolCp1,0.8333333333333334,9,5,TTAGCACCCATGTCGCAAAT,4,3664445
tolCp1,1.5,13,5,TTACCTGACTGAGCGCCATT,8,3676407
tolCp1,7.166666666666667,47,5,TTAACATCGGGGTAGATTTC,42,3703065
tolCp1,4.166666666666667,29,5,TTAAAGAACCTCGAGCGGGA,24,3696833
tolCp1,6.666666666666667,44,5,TGTTTTCATGGTTGCGAAAA,39,3700920
tolCp1,7.5,49,5,TGTTCTTCAACGTTTGTTAC,44,3704463
tolCp1,5.666666666666667,38,5,TGTTCTGCTTTCTCTTGATT,33,3713402
tolCp1,4.0,28,5,TGTTCCGCGCCCAGGAGGAA,23,3680697
tolCp1,7.666666666666667,50,5,TGTCATACCTACCCGTGGAG,45,3713058
tolCp1,2.1666666666666665,17,5,TGTATGTAACCAGGAGCCTT,12,3682617
tolCp1,18.0,112,5,TGTAGTTCTGGCGGACCTTA,107,3688895
tolCp1,2.1666666666666665,17,5,TGGTTTATGCTTAGACAAAA,12,3693916
tolCp1,2.1666666666666665,17,5,TGGGTGTGGATCTTCGAGAC,12,3690812
tolCp1,5.5,37,5,TGGGGGTCCTGGCTTCGTTA,32,3701039
tolCp1,1.1666666666666667,11,5,TGGGGAGTCGGACCACTCCT,6,3699879
tolCp1,6.0,40,5,TGGGCACTATAGAAATCAGG,35,3712503
tolCp1,2.8333333333333335,21,5,TGGCTGCGGCTGGCCAAGTA,16,3689165
tolCp1,1.8333333333333333,15,5,TGGCCGGGGCCGTAGTCACC,10,3666799
tolCp1,10.833333333333334,69,5,TGGCCCCATAGTCGCAGAAG,64,3666550
tolCp1,0.8333333333333334,9,5,TGGATTGGTTTGCCCAAGTG,4,3676785
tolCp1,1.1666666666666667,11,5,TGCTTGGGCTACTTATTGCG,6,3684382
tolCp1,2.0,16,5,TGCTCAGACACCCGTGACGA,11,3697517
tolCp1,1.1666666666666667,11,5,TGCGGGCACAACAGTGAAGT,6,3673080
tolCp1,3.1666666666666665,23,5,TGCGCTGTGCTCTTGATGCA,18,3685427
tolCp1,2.1666666666666665,17,5,TGCCTGTGGTCACGACATGC,12,3670652
tolCp1,2.1666666666666665,17,5,TGCCAGGTTTACGGAGTACG,12,3679085
tolCp1,57.0,346,5,TGCATCCTCGCTAATCAGCG,341,3685084
tolCp1,2.8333333333333335,21,5,TGCAGCCCCTGACCAGTTTT,16,3686551
tolCp1,1.6666666666666667,14,5,TGATGGACTGACCCAATAAA,9,3699610
tolCp1,0.8333333333333334,9,5,TGATGCTTGTTTGCGGAATT,4,3677644
tolCp1,2.1666666666666665,17,5,TGATCAAACTGCGTTCAGAT,12,3697181
tolCp1,1.5,13,5,TGAGTCAACCACAATGAAGC,8,3661486
tolCp1,2.5,19,5,TGAGGGTGCATGAACTCGCC,14,3709418
tolCp1,1.8333333333333333,15,5,TGAGAATGATTCGGAACCGC,10,3711325
tolCp1,2.5,19,5,TGACGTTTTCCTGCTGCCTC,14,3681266
tolCp1,44.833333333333336,273,5,TGACGGTAACCTTGGAGTAC,268,3676544
tolCp1,2.1666666666666665,17,5,TGAATAGAGTCTTAATACCA,12,3690473
tolCp1,1.1666666666666667,11,5,TGAAGAAACGTCAGAGTACG,6,3710499
tolCp1,1.8333333333333333,15,5,TCTTTAGACTGGGAATAGCG,10,3674661
tolCp1,4.0,28,5,TCTTCGCCGGCTGTAGCACC,23,3698823
tolCp1,2.3333333333333335,18,5,TCTGGAGATACCTAGAATGT,13,3697804
tolCp1,0.6666666666666666,8,5,TCTCTGGTGCGGGTGAACTA,3,3680164
tolCp1,1.6666666666666667,14,5,TCTCTCAGAACTGCACCTCT,9,3680709
tolCp1,9.333333333333334,60,5,TCTAGCGGTGTTAGCGTACT,55,3686023
tolCp1,8.833333333333334,57,5,TCGTTTCGTCCCAGTCGGGC,52,3689005
tolCp1,3.6666666666666665,26,5,TCGTGGACGAGACTAGAGCT,21,3712286
tolCp1,0.8333333333333334,9,5,TCGTGCTGGCCAAGAGAGGT,4,3664737
tolCp1,3.1666666666666665,23,5,TCGCTCCTCGACCCACATGC,18,3670126
tolCp1,1.1666666666666667,11,5,TCGCGTACGAATAAACTTGG,6,3691917
tolCp1,2.6666666666666665,20,5,TCGAGTTTCACGGAGGCGAC,15,3678817
tolCp1,4.666666666666667,32,5,TCCGGGAGCCAAACATGGAC,27,3688822
tolCp1,0.3333333333333333,6,5,TCCGCAATACTAAGCAGGAT,1,3695062
tolCp1,1.6666666666666667,14,5,TCCCAGATGGCGCTTGGACT,9,3709864
tolCp1,2.0,16,5,TCCATTATTGACTCATGTCG,11,3702093
tolCp1,1.8333333333333333,15,5,TCCACATTAAGGCGCACCTT,10,3697815
tolCp1,2.1666666666666665,17,5,TCATTGTCAATCGACTAGAG,12,3715099
tolCp1,1.6666666666666667,14,5,TCATTAAGTTGCATGGGGAT,9,3672285
tolCp1,2.3333333333333335,18,5,TCATGTTATTAAAAGTAAGG,13,3684689
tolCp1,2.6666666666666665,20,5,TCATCCCTACGCGGTAAGTG,15,3695878
tolCp1,3.0,22,5,TCATAGTGGTGTTAGAGAGA,17,3708062
tolCp1,2.8333333333333335,21,5,TCATACATAAGTATCTTGTC,16,3709689
tolCp1,6.333333333333333,42,5,TCAGCCTCCGTAGATACCTT,37,3671732
tolCp1,1.8333333333333333,15,5,TCACTATATCGTTACTATGC,10,3708555
tolCp1,2.8333333333333335,21,5,TCACCTCGCTAATCCACCAG,16,3662153
tolCp1,2.3333333333333335,18,5,TCAACCTTTGGGAGCTGAGA,13,3676654
tolCp1,2.0,16,5,TATTGGTGTACCTATAGGAT,11,3679447
tolCp1,3.3333333333333335,24,5,TATTGATCACTGATGCTGAG,19,3697899
tolCp1,1.3333333333333333,12,5,TATGTAGAATGTAATGAGCC,7,3667695
tolCp1,0.3333333333333333,6,5,TATGGGACGAGACGGTCGCG,1,3686127
tolCp1,1.6666666666666667,14,5,TATGCGGCGGTTGCAATTGC,9,3697102
tolCp1,2.1666666666666665,17,5,TATCTGCTACTTTTTATGCG,12,3683210
tolCp1,5.166666666666667,35,5,TATCGTTGATCGCTGAACCA,30,3681682
tolCp1,17.166666666666668,107,5,TATCAGCGTCGGCAAGCTCA,102,3676472
tolCp1,2.6666666666666665,20,5,TATATCGTCTAAATGGCTGA,15,3676962
tolCp1,2.0,16,5,TATAGTTCGCACAACCAGAT,11,3666639
tolCp1,2.0,16,5,TATACCCTCACGTCCCCGAC,11,3669253
tolCp1,0.6666666666666666,8,5,TATAAGAATCTCTTCCTCCA,3,3696246
tolCp1,2.0,16,5,TAGGTTTGTTCACAACACGA,11,3699584
tolCp1,1.5,13,5,TAGGGTGGGGGAAACTCCCA,8,3665217
tolCp1,9.0,58,5,TAGGAGGAAAACCATGCAGA,53,3679206
tolCp1,1.6666666666666667,14,5,TAGCGCTTAATCCGAAAGGT,9,3706182
tolCp1,0.5,7,5,TAGCAACTAGGGTTATGAGG,2,3711810
tolCp1,5.666666666666667,38,5,TAGATGGCGTACCTTCAGCT,33,3707451
tolCp1,3.0,22,5,TAGAAAAACCCACCGTTTAT,17,3696336
tolCp1,2.8333333333333335,21,5,TACTGTTACAATTAGTGCAA,16,3708477
tolCp1,6.5,43,5,TACTCACACTCCTAACTTGT,38,3682750
tolCp1,2.8333333333333335,21,5,TACGGTAAGGAACCGTGGTC,16,3691979
tolCp1,2.1666666666666665,17,5,TACCGGTCCACGCAAGGAAG,12,3704952
tolCp1,2.0,16,5,TACCATTCACGCACTGGACT,11,3698868
tolCp1,3.8333333333333335,27,5,TACCATGTTCGTGACTAAAG,22,3712356
tolCp1,2.5,19,5,TACAGCTGTTTACGTCCAAT,14,3699384
tolCp1,13.333333333333334,84,5,TACAATAACTAATGACACAA,79,3684619
tolCp1,3.5,25,5,TACAAAAAGGAGGTTGCCTC,20,3691199
tolCp1,4.833333333333333,33,5,TAATTACTTTTTAAACAACC,28,3661296
tolCp1,2.3333333333333335,18,5,TAATGCGCTGAGGGTGTCAC,13,3694966
tolCp1,2.6666666666666665,20,5,TAAGAACTAGGAGATGACCA,15,3693127
tolCp1,2.1666666666666665,17,5,TAACATTAACGCGCACTTGT,12,3715336
tolCp1,2.5,19,5,TAACAGCGCAACGACGATAT,14,3673631
tolCp1,1.6666666666666667,14,5,TAAATTTGGATTGGTACGCT,9,3672496
tolCp1,33.5,205,5,TAAAACCATCCGTATGGTTC,200,3711986
tolCp1,0.3333333333333333,6,5,GTTTTCGTGTCATCTCATCG,1,3678945
tolCp1,2.3333333333333335,18,5,GTTTGGGCTTAAAAAAGCCA,13,3680891
tolCp1,2.0,16,5,GTTTGCAAGCCAAGATTAAC,11,3676215
tolCp1,9.0,58,5,GTTTCTCTATCAACTTTGCT,53,3702435
tolCp1,1.3333333333333333,12,5,GTTTCGAGTGGGCATATTAC,7,3694975
tolCp1,1.6666666666666667,14,5,GTTGCTCCCTCCCATTTTCG,9,3689184
tolCp1,0.5,7,5,GTTCTCAGAATTCGTGCCAA,2,3667093
tolCp1,2.8333333333333335,21,5,GTTCACAATTTGAATCCCTT,16,3706650
tolCp1,2.5,19,5,GTTATTTTGTACGCATCGCC,14,3704590
tolCp1,5.333333333333333,36,5,GTTAGTGCTGACATCAGCTA,31,3701238
tolCp1,7.666666666666667,50,5,GTGTGCATGTAACAAGGATA,45,3690819
tolCp1,18.166666666666668,113,5,GTGTAGAGTCGGACCGACGC,108,3688885
tolCp1,0.3333333333333333,6,5,GTGGGACTACCGGTGAAGGA,1,3697733
tolCp1,1.1666666666666667,11,5,GTGGCCGCGGAAAGTCGTGT,6,3679313
tolCp1,11.833333333333334,75,5,GTGCTGAGGCACTCCCTGTG,70,3674179
tolCp1,3.6666666666666665,26,5,GTGCTCACGAAAATGTTCTT,21,3700704
tolCp1,3.8333333333333335,27,5,GTGCATTGTGTTATTTTATA,22,3674064
tolCp1,2.8333333333333335,21,5,GTGACTAGCACCGTTACCAA,16,3676586
tolCp1,1.8333333333333333,15,5,GTGAACATTTTCATAGTCTG,10,3675625
tolCp1,40.333333333333336,246,5,GTCTCTGTGGCGGACAGGTA,241,3706929
tolCp1,1.6666666666666667,14,5,GTCTCGCTGTTGCAGTTCTG,9,3662722
tolCp1,0.5,7,5,GTCTCACTTCAAACGCTTCT,2,3667292
tolCp1,2.0,16,5,GTCGTCTTTGTTACCTGGTA,11,3712306
tolCp1,0.6666666666666666,8,5,GTCGTCGTCTGAGTATTGGA,3,3689204
tolCp1,3.5,25,5,GTCGGGCATTGGAGTTTCAC,20,3697253
tolCp1,1.5,13,5,GTCGAGAGTGGATATTTTAC,8,3699544
tolCp1,2.1666666666666665,17,5,GTCCTTACCTTGGATATTAA,12,3668056
tolCp1,7.166666666666667,47,5,GTCCTCAGTCTTCTGAGCTG,42,3677512
tolCp1,4.666666666666667,32,5,GTCCGGGCTTGCGAAGGTGC,27,3708967
tolCp1,4.333333333333333,30,5,GTCCACTCTTCAACCTTATA,25,3703930
tolCp1,5.333333333333333,36,5,GTCATTGTACCTATGCACCA,31,3676074
tolCp1,2.0,16,5,GTCAGCCGAAATACCCATAG,11,3690883
tolCp1,1.1666666666666667,11,5,GTCACTGACTCACGAGGCTC,6,3702949
tolCp1,19.833333333333332,123,5,GTCACGTAAAAAGGCCAAGC,118,3676469
tolCp1,2.5,19,5,GTATCTGAGCATAACCTCTA,14,3699613
tolCp1,1.1666666666666667,11,5,GTATACCTTGATACAACCAT,6,3673575
tolCp1,3.0,22,5,GTAGCACTTCGGTACCCAGC,17,3665108
tolCp1,2.3333333333333335,18,5,GTACTCAGTGTTGGGGGGGG,13,3663022
tolCp1,2.3333333333333335,18,5,GTACGGAAGTAGTTAATCCT,13,3667968
tolCp1,0.5,7,5,GTAATTACGTAAACAGACAG,2,3705527
tolCp1,1.5,13,5,GTAAACTTTGATTGTTTGAG,8,3682688
tolCp1,3.1666666666666665,23,5,GGTTTTCTTTAGCGGCTTGC,18,3691962
tolCp1,1.6666666666666667,14,5,GGTTTAGTAATTTCCGGATC,9,3685403
tolCp1,1.6666666666666667,14,5,GGTTGTTGAGATAGCGTTTA,9,3713457
tolCp1,1.6666666666666667,14,5,GGTTCATCATTTGTATAACA,9,3669446
tolCp1,15.833333333333334,99,5,GGTTATTGTAGTGGGCTGCA,94,3674040
tolCp1,3.8333333333333335,27,5,GGTCTGGATGTATATTGTCG,22,3668427
tolCp1,1.1666666666666667,11,5,GGTCGCATCGGCCGAACGCG,6,3670275
tolCp1,2.6666666666666665,20,5,GGTCAGAGATGTGCAATATA,15,3683049
tolCp1,2.3333333333333335,18,5,GGTAGGACTGTCTGTAGTTA,13,3671460
tolCp1,0.5,7,5,GGTACTTTTCAGACCACGTA,2,3705411
tolCp1,2.8333333333333335,21,5,GGTACACGTTGGCACCAGTT,16,3693456
tolCp1,2.1666666666666665,17,5,GGTAATGGGCTATCATGTGA,12,3693694
tolCp1,2.0,16,5,GGGTTATTTGCGCTTCGCCT,11,3665898
tolCp1,2.3333333333333335,18,5,GGGTGTTCACGCGGGAAAGT,13,3672975
tolCp1,3.1666666666666665,23,5,GGGTGACGTACACCAAAATC,18,3692534
tolCp1,0.5,7,5,GGGTCCAATACCCTGGGCAA,2,3681977
tolCp1,0.8333333333333334,9,5,GGGGATCACTCCCTCTGTTG,4,3709427
tolCp1,1.3333333333333333,12,5,GGGGAGTAAAAAGTGGCCGG,7,3668841
tolCp1,5.5,37,5,GGGGAACACCCTCTGGATCA,32,3681333
tolCp1,2.6666666666666665,20,5,GGGCTGTGTACCAGTTAGTC,15,3672274
tolCp1,38.833333333333336,237,5,GGGCTCCCAGCACGTTCCCA,232,3674461
tolCp1,8.0,52,5,GGGCGTAAGGAATGTGAGAA,47,3693629
tolCp1,1.3333333333333333,12,5,GGGCCTTCCGGCTTGTTTAA,7,3693668
tolCp1,30.5,187,5,GGGCCCTGGCTCCCACGTGA,182,3677725
tolCp1,1.3333333333333333,12,5,GGGAGAGTGCTTGAGACCAC,7,3672904
tolCp1,3.6666666666666665,26,5,GGCTCTCATCTACCGCGGAT,21,3670039
tolCp1,4.166666666666667,29,5,GGCTCGCCGCCTTTAGCGCA,24,3661186
tolCp1,0.6666666666666666,8,5,GGCTCAATCCGTGCAGCGTA,3,3667082
tolCp1,1.0,10,5,GGCTAAGCTTTTCGGTGGCT,5,3700786
tolCp1,1.6666666666666667,14,5,GGCCTAATATCATGAGCATG,9,3708297
tolCp1,1.6666666666666667,14,5,GGCCTAAGCGCCAATGACAC,9,3703054
tolCp1,2.0,16,5,GGCCCAAACTGAATGCGAAG,11,3698098
tolCp1,2.0,16,5,GGCATGAACTCCTAACCAAT,11,3705073
tolCp1,1.0,10,5,GGCATATACGGCGCTTTCGT,5,3682749
tolCp1,1.3333333333333333,12,5,GGCAGGGCTGTGTAACTAAC,7,3693388
tolCp1,2.1666666666666665,17,5,GGCACAGGTTCATTTATACG,12,3697548
tolCp1,7.333333333333333,48,5,GGATTGCGGTCACGAGTGCA,43,3663097
tolCp1,2.5,19,5,GGACGGTTTCCGAACTTCTT,14,3663324
tolCp1,5.5,37,5,GGACGCGACCTTTAAGGGGG,32,3705278
tolCp1,2.6666666666666665,20,5,GGACGACATCCCGCGCCAGT,15,3677647
tolCp1,4.166666666666667,29,5,GGAAGTCCTTTGAGTCATAG,24,3696859
tolCp1,5.833333333333333,39,5,GGAAGTCAAACAACATTAAT,34,3695172
tolCp1,1.8333333333333333,15,5,GGAAGATTGAGCCGCGGGAC,10,3700231
tolCp1,5.5,37,5,GGAACGGCGCCTTAAGTACA,32,3686089
tolCp1,1.3333333333333333,12,5,GGAACGAACGCCACATTTTT,7,3678860
tolCp1,0.3333333333333333,6,5,GCTGTTTTCCTACTATTCTC,1,3696162
tolCp1,1.8333333333333333,15,5,GCTGTAAAAAGTTGCTCCTT,10,3682874
tolCp1,3.5,25,5,GCTCTTGTCAGCCGTGCGGA,20,3667228
tolCp1,4.833333333333333,33,5,GCGTGTATAACAATTCGGCA,28,3696784
tolCp1,3.5,25,5,GCGTGAGTGTCACGTCCATT,20,3702773
tolCp1,1.3333333333333333,12,5,GCGTCGTGGCTAAAAGCGGT,7,3698323
tolCp1,2.8333333333333335,21,5,GCGTATCCGATTGCATCTCG,16,3674742
tolCp1,1.3333333333333333,12,5,GCGGGAAGGCAGGAGTAATT,7,3713020
tolCp1,11.0,70,5,GCGGCCCGGAGCGGACTGCA,65,3700896
tolCp1,1.5,13,5,GCGGCCACAGGGGCGCTATA,8,3680763
tolCp1,7.166666666666667,47,5,GCGCGTCTTGCAACCGATTT,42,3684759
tolCp1,9.166666666666666,59,5,GCGCGAGTTGCGGAGACGTA,54,3697407
tolCp1,0.3333333333333333,6,5,GCCGTGTCTATTGGGCAGAC,1,3697054
tolCp1,2.6666666666666665,20,5,GCCGTAGATTCCTGAAGCCT,15,3699051
tolCp1,2.1666666666666665,17,5,GCCCTTACAAGTGGACTAGC,12,3713961
tolCp1,5.833333333333333,39,5,GCCCCCAAAAGTCTTCTGTG,34,3683957
tolCp1,6.333333333333333,42,5,GCCAGGCCTTCGTCCATACT,37,3698668
tolCp1,1.8333333333333333,15,5,GCCACTGGTGGTTTAGGGAG,10,3715594
tolCp1,5.5,37,5,GCCACGAGGAACGCGAGCTT,32,3678636
tolCp1,1.5,13,5,GCCAATCCGAATATATTATA,8,3665481
tolCp1,9.0,58,5,GCCAACCGGATTCTGTCGGT,53,3674182
tolCp1,1.6666666666666667,14,5,GCCAAAACGCCGCCCCGGGA,9,3691840
tolCp1,1.0,10,5,GCATTCTTGTCGCTATGGGG,5,3697239
tolCp1,4.833333333333333,33,5,GCACGACCGGCGGCGATTGC,28,3694014
tolCp1,2.1666666666666665,17,5,GCACCGAGGAGACTAGGTAG,12,3661899
tolCp1,2.0,16,5,GCACACGGTCAATTACGTGG,11,3682141
tolCp1,4.166666666666667,29,5,GCAATTATAGGAGAGTGACT,24,3671200
tolCp1,3.1666666666666665,23,5,GCAAGTAATCCCATAGGCTA,18,3683639
tolCp1,9.0,58,5,GCAACGTCCGGGCCGATAAT,53,3683442
tolCp1,1.1666666666666667,11,5,GCAACCATCCGGACAGGCGG,6,3702006
tolCp1,5.166666666666667,35,5,GATGTGGCCTAATATTTGCT,30,3683065
tolCp1,0.6666666666666666,8,5,GATGGTGCACCACGCAGGAC,3,3709204
tolCp1,1.3333333333333333,12,5,GATGGCCGTAATAGAATTAC,7,3661603
tolCp1,9.0,58,5,GATGAGGGCTACAGTCCAAA,53,3683034
tolCp1,2.1666666666666665,17,5,GATCCTACAATGTACCGATT,12,3698263
tolCp1,1.1666666666666667,11,5,GATCATGGCCCGGCCGAGGT,6,3699712
tolCp1,2.8333333333333335,21,5,GATCAGTTCGCACAGACTCA,16,3684762
tolCp1,5.833333333333333,39,5,GATCACTCAAGGCGCTGCGG,34,3694651
tolCp1,2.3333333333333335,18,5,GATAACGACGTTCGCCGACG,13,3709877
tolCp1,1.8333333333333333,15,5,GAGTTCTGAACGCGCGAGGC,10,3674130
tolCp1,1.5,13,5,GAGTCCCCGCTGTGGGGTCC,8,3696865
tolCp1,2.1666666666666665,17,5,GAGGCGGCATCTGTCGCGTT,12,3705192
tolCp1,1.5,13,5,GAGGCCGAACCGTCTAAACA,8,3702523
tolCp1,18.666666666666668,116,5,GAGGACATGCCACCCGGTTG,111,3663452
tolCp1,0.3333333333333333,6,5,GAGCACACGCATGTCGATTC,1,3680597
tolCp1,1.8333333333333333,15,5,GAGATGTGACACCAGAACTA,10,3690898
tolCp1,3.5,25,5,GAGATCAGGATGCGTGCGGA,20,3688807
tolCp1,5.0,34,5,GAGATAACTAATTCCGCTGA,29,3688988
tolCp1,2.1666666666666665,17,5,GACTATTAATCTTGGAACCA,12,3682252
tolCp1,2.6666666666666665,20,5,GACGTCCCGGAACTATTACA,15,3673917
tolCp1,3.5,25,5,GACGGCATCAATAAGGGGCT,20,3692517
tolCp1,1.0,10,5,GACGCGTAGTACCTTAACTG,5,3670764
tolCp1,1.3333333333333333,12,5,GACCGTTGGGAGGCCAATAT,7,3685554
tolCp1,37.333333333333336,228,5,GACCATGCTATCCATCAGCC,223,3712515
tolCp1,1.8333333333333333,15,5,GACCACATCTATCGCCTTGC,10,3677470
tolCp1,1.3333333333333333,12,5,GACATTTACGCTTGTGGCCT,7,3668354
tolCp1,2.3333333333333335,18,5,GACACAGCTAATGAGACTAA,13,3699410
tolCp1,3.0,22,5,GAAGAACCAGCTCTATCTAA,17,3667317
tolCp1,2.0,16,5,GAACTAGGCCTTCGCGCAAT,11,3694161
tolCp1,5.666666666666667,38,5,GAACCTCAGTCTCTCCGGAT,33,3700528
tolCp1,2.0,16,5,GAAATTCAGTCGGGCTGTCC,11,3714358
tolCp1,2.1666666666666665,17,5,GAAAGTGTTGGTCAGATCCT,12,3669813
tolCp1,1.8333333333333333,15,5,CTTTTGTAAATCTCGATCCA,10,3702159
tolCp1,2.8333333333333335,21,5,CTTTTCGGAACTGGACCCTG,16,3683372
tolCp1,5.0,34,5,CTTTGTTAATTTAGTAGGTG,29,3711496
tolCp1,9.166666666666666,59,5,CTTGAGTGGCTTTTGTCGCA,54,3661637
tolCp1,2.3333333333333335,18,5,CTTCTGTCCCCGTTGTGTCA,13,3698565
tolCp1,8.166666666666666,53,5,CTTCCTATGTTCAGAACTGC,48,3709308
tolCp1,6.0,40,5,CTTCACAGACTAGGGCGTGC,35,3668452
tolCp1,1.6666666666666667,14,5,CTTATTTCTTCAACGGGAAT,9,3697011
tolCp1,2.6666666666666665,20,5,CTTAGCCCTTCAACCAGTGG,15,3707071
tolCp1,2.6666666666666665,20,5,CTTACTGGCCCTACATATGT,15,3709535
tolCp1,8.166666666666666,53,5,CTGGCCTCGCGCCCTGCAAG,48,3712260
tolCp1,5.166666666666667,35,5,CTGGATGGGAATGCTAACTA,30,3669574
tolCp1,20.166666666666668,125,5,CTGCACGAAGCCTTATGGTT,120,3661260
tolCp1,1.8333333333333333,15,5,CTGATTACCTCGCGGTAGCT,10,3692702
tolCp1,1.0,10,5,CTGATATGGTCTGAATAAGT,5,3705810
tolCp1,1.8333333333333333,15,5,CTGAGTTGGCCCGAGACTCA,10,3678460
tolCp1,5.5,37,5,CTCTTATCGTCCAGGTATTT,32,3680352
tolCp1,3.3333333333333335,24,5,CTCTTAGGCCTTCGTGCATC,19,3690692
tolCp1,1.6666666666666667,14,5,CTCTGGTCGTCACACGGGTT,9,3696320
tolCp1,9.833333333333334,63,5,CTCTGCCGCGGAATTTGGCT,58,3675043
tolCp1,0.6666666666666666,8,5,CTCGCATGTTTCTAACAGGG,3,3689395
tolCp1,14.166666666666666,89,5,CTCCTTATGGTTCCCTATGT,84,3708765
tolCp1,11.5,73,5,CTCCGCCGACTCAGAGACCA,68,3673992
tolCp1,3.1666666666666665,23,5,CTCCCGAATACTGCGGGCGG,18,3679277
tolCp1,0.3333333333333333,6,5,CTCAGACTTGCAGTTTGGAA,1,3693086
tolCp1,2.1666666666666665,17,5,CTCAAAGGTGTGGCATCCGG,12,3684413
tolCp1,4.333333333333333,30,5,CTAGAGATGGGTAAAAAATC,25,3666687
tolCp1,2.3333333333333335,18,5,CTACTTTTATTGGCTGATCG,13,3679784
tolCp1,1.5,13,5,CTACAAAGTTTACATGTTGA,8,3674870
tolCp1,1.8333333333333333,15,5,CTAAACCTTTATAGATCCCT,10,3694675
tolCp1,4.333333333333333,30,5,CGTTCGCCTTTAGTAGAGTG,25,3675353
tolCp1,5.166666666666667,35,5,CGTTAGACTCTAAAGGGAAT,30,3666133
tolCp1,3.5,25,5,CGTCTCGTACCCCTTAGGGG,20,3666226
tolCp1,2.5,19,5,CGTCCAGGATCATAAGTGCC,14,3705605
tolCp1,4.166666666666667,29,5,CGTATTTGATAAGGATGGAC,24,3676023
tolCp1,0.6666666666666666,8,5,CGTAGAGGGGTATTGGATGA,3,3702526
tolCp1,2.8333333333333335,21,5,CGTACAGGAGGTAGGGTTTT,16,3702152
tolCp1,1.8333333333333333,15,5,CGGTCAGGGAAGCATTCAGA,10,3680140
tolCp1,2.3333333333333335,18,5,CGGTATGCTGCATGTATAGA,13,3700395
tolCp1,4.0,28,5,CGGGTCGGGGCCACTAGTGA,23,3712103
tolCp1,1.3333333333333333,12,5,CGGGGAAGGCCTCGTATCCT,7,3699178
tolCp1,2.8333333333333335,21,5,CGGGATACGGTTTAACATGA,16,3693507
tolCp1,1.1666666666666667,11,5,CGGCTTCACCAGATGCACAC,6,3690136
tolCp1,1.3333333333333333,12,5,CGGCTGACCGGACTGTATTA,7,3698947
tolCp1,4.0,28,5,CGGCGTATGGCTGTTGTTGA,23,3703741
tolCp1,1.8333333333333333,15,5,CGGCGGGTCGCACAAGTCCT,10,3670866
tolCp1,1.5,13,5,CGGCCCATGGCTCCAATTCG,8,3698641
tolCp1,1.0,10,5,CGGCCAACATAAAGGCAAAT,5,3695220
tolCp1,3.3333333333333335,24,5,CGGACTCGAGGCCTTCGTAA,19,3695167
tolCp1,1.1666666666666667,11,5,CGGACCAGTTTAAGACTTAT,6,3679113
tolCp1,5.833333333333333,39,5,CGGACACGGAAGAAATCATG,34,3690144
tolCp1,1.5,13,5,CGCTCAAGAGTGGCACGTAT,8,3704497
tolCp1,2.8333333333333335,21,5,CGCGGGGCCTAGCGGCAGTT,16,3675642
tolCp1,0.3333333333333333,6,5,CGCGCTTTTCTGTAAAACGT,1,3677239
tolCp1,1.6666666666666667,14,5,CGCGCCTTCCTTTATCGTAT,9,3677072
tolCp1,1.5,13,5,CGCGAATTGGACAGTCTTGT,8,3714933
tolCp1,1.0,10,5,CGCCATGGCGCAGTGTGGGT,5,3709571
tolCp1,2.5,19,5,CGCATTAAGGAACTCTTCAA,14,3701921
tolCp1,2.6666666666666665,20,5,CGCATGTCTAATAAATCGTG,15,3702061
tolCp1,4.333333333333333,30,5,CGCATGCACTTCAATACTGT,25,3663197
tolCp1,3.3333333333333335,24,5,CGATTGTTCCGATAGTATGA,19,3667859
tolCp1,13.5,85,5,CGATCATCACTATCGTAAGT,80,3712266
tolCp1,6.0,40,5,CGATACCGACTACCGATAAT,35,3710150
tolCp1,2.1666666666666665,17,5,CGAGTCGGTCGGCATAGAAC,12,3671975
tolCp1,2.0,16,5,CGAGCAATCTGTCGTGGAAA,11,3679566
tolCp1,0.8333333333333334,9,5,CGACGGGGTAGTGAATACGT,4,3683096
tolCp1,4.0,28,5,CGACGCCTCGTTCTAAATCG,23,3684630
tolCp1,1.0,10,5,CGACCACCACGCGATCATTA,5,3709014
tolCp1,0.3333333333333333,6,5,CCTTGGGGAAGCGTGCCAGG,1,3668795
tolCp1,0.3333333333333333,6,5,CCTTGCAGGGAAGATAGGCA,1,3692055
tolCp1,9.833333333333334,63,5,CCTTATGTATAGGCAACGCT,58,3704614
tolCp1,2.0,16,5,CCTTACATACACGCGACTGG,11,3688327
tolCp1,3.8333333333333335,27,5,CCTGTGGTAGGCATCGTCCA,22,3688566
tolCp1,1.8333333333333333,15,5,CCTGTCTGGCTGCTTAAATT,10,3686627
tolCp1,1.1666666666666667,11,5,CCTGTATTGTGTTAAGTTCT,6,3674901
tolCp1,8.333333333333334,54,5,CCTGGGGGGCCGACAGCGGA,49,3706558
tolCp1,2.6666666666666665,20,5,CCTGGAATAATGATCTGTGT,15,3690525
tolCp1,3.0,22,5,CCTGCCCAGTATCTAGGTGA,17,3711591
tolCp1,2.3333333333333335,18,5,CCTCTGGTGCGTTGAGTTTA,13,3708583
tolCp1,2.0,16,5,CCTCGTTCTCCTGAGATCCG,11,3707944
tolCp1,1.5,13,5,CCTCCGTGGGTCCACACGAA,8,3664034
tolCp1,1.1666666666666667,11,5,CCTCACTGGAAAAGTGTGAA,6,3714577
tolCp1,1.6666666666666667,14,5,CCTATGCGCCCCCGGTCATG,9,3662195
tolCp1,6.0,40,5,CCTAACGACCTGTGAGTAGG,35,3689720
tolCp1,4.0,28,5,CCGTCATAACGGCACAGCGT,23,3664658
tolCp1,2.5,19,5,CCGGATGAGTGGCAAGTTTT,14,3709677
tolCp1,9.166666666666666,59,5,CCGATCACAGGTATGATGAC,54,3696084
tolCp1,2.8333333333333335,21,5,CCGAACGCTAGCTTAATCCT,16,3697484
tolCp1,1.0,10,5,CCGAAAATATCATCAACTTT,5,3678668
tolCp1,4.666666666666667,32,5,CCCTGAAATACGGAAATCTA,27,3682157
tolCp1,8.166666666666666,53,5,CCCTATTCCGCGTAATTAGT,48,3682547
tolCp1,4.5,31,5,CCCGATATTTAGTTCCTCTA,26,3681512
tolCp1,17.333333333333332,108,5,CCCCATTCAAGCGGTTATAT,103,3671261
tolCp1,1.5,13,5,CCCCAATAAGCCCGGGGTTA,8,3677293
tolCp1,1.5,13,5,CCAGGTCTCAGAAGAGTTGT,8,3672407
tolCp1,3.1666666666666665,23,5,CCAGATTCGGCGAGCGCGGT,18,3667312
tolCp1,3.3333333333333335,24,5,CCAGATTACCGCTCTTAGCT,19,3673782
tolCp1,0.8333333333333334,9,5,CCAGAATATCATCCAACCAT,4,3708427
tolCp1,1.0,10,5,CCACTCACTGAGGGGGTGTG,5,3689693
tolCp1,5.5,37,5,CCAACTCTGGCCCGTGTTCG,32,3671156
tolCp1,1.1666666666666667,11,5,CCAACGTGTCTCGTACAAGG,6,3696534
tolCp1,2.1666666666666665,17,5,CCAAACCCAGATACACATGA,12,3710815
tolCp1,10.5,67,5,CATTTTCACGTATTATAACT,62,3708767
tolCp1,4.0,28,5,CATTTAAATGTGCGAGGTAT,23,3711083
tolCp1,2.5,19,5,CATGTTCCCCCGAAATTGGT,14,3669344
tolCp1,0.6666666666666666,8,5,CATCCGTTTGTGTTGCGGGT,3,3701584
tolCp1,3.1666666666666665,23,5,CATATCCCCTGTTCTCGTCC,18,3680536
tolCp1,4.0,28,5,CATACGCCCATCTTATAAGT,23,3661736
tolCp1,1.5,13,5,CATAATATCCTAAGCCCGGT,8,3676366
tolCp1,6.666666666666667,44,5,CATAACAAAAATCTGTCATT,39,3662196
tolCp1,1.0,10,5,CAGTTCGCCTCTTTTTTTCT,5,3674913
tolCp1,2.6666666666666665,20,5,CAGGGGGTCTCGCTCCGCTC,15,3712265
tolCp1,8.166666666666666,53,5,CAGGCTAGGCGTCATTGTAC,48,3704618
tolCp1,8.166666666666666,53,5,CAGGCAGTTAAGAAACTGAT,48,3661466
tolCp1,3.6666666666666665,26,5,CAGGAGCAGGCCCATTGATC,21,3694659
tolCp1,1.1666666666666667,11,5,CAGCTGTCGGATCGTCCCCA,6,3693742
tolCp1,4.166666666666667,29,5,CAGCCAGAGAGGGATCACCG,24,3670614
tolCp1,2.1666666666666665,17,5,CAGATGACAGGCAGGTGTGT,12,3676118
tolCp1,3.0,22,5,CAGAGTCTCTGCGGACACGT,17,3683859
tolCp1,3.5,25,5,CAGAGGTAATGCGTAGCTCC,20,3704369
tolCp1,32.666666666666664,200,5,CAGAGGTAATCGATCAGAAT,195,3694148
tolCp1,1.1666666666666667,11,5,CACTGGGGTTCATACAGAGG,6,3707316
tolCp1,31.333333333333332,192,5,CACTCACATATTTGCCCCTA,187,3699818
tolCp1,3.1666666666666665,23,5,CACTATGAGGAGGGATACTA,18,3687351
tolCp1,2.6666666666666665,20,5,CACGTGTATTCTCACTTCCG,15,3670311
tolCp1,1.5,13,5,CACGGATCGAGAAGTACGAC,8,3715218
tolCp1,1.8333333333333333,15,5,CACGATTACATGTAGAATGA,10,3673300
tolCp1,5.166666666666667,35,5,CACCTCCCCAGTTGGGCTGT,30,3694102
tolCp1,1.0,10,5,CACCCTAACATTGGCGATAG,5,3695128
tolCp1,6.333333333333333,42,5,CACCCACGCAGCACCTGCCC,37,3693238
tolCp1,3.6666666666666665,26,5,CACCATATTAGACCCGCCGA,21,3662206
tolCp1,35.5,217,5,CACAGAGAAGTCCGAAGTGA,212,3714500
tolCp1,5.833333333333333,39,5,CACAACAGGGCCTCCCAGGA,34,3678682
tolCp1,2.1666666666666665,17,5,CAATGTATCGCGTGGCCGTA,12,3670217
tolCp1,0.3333333333333333,6,5,CAATGGCCCGAACAGACATA,1,3663508
tolCp1,3.5,25,5,CAATCTACCGTCGCACAAAA,20,3704053
tolCp1,0.6666666666666666,8,5,CAATCCAATCCTCCCGCGCA,3,3695603
tolCp1,3.5,25,5,CAAGCTGAGTGGCCCTCTGT,20,3686731
tolCp1,1.6666666666666667,14,5,CAAGCCCCAGTGGATTAGGT,9,3683934
tolCp1,1.3333333333333333,12,5,CAAGCCAATCAAGCTTTTCG,7,3705726
tolCp1,1.6666666666666667,14,5,CAAGACTTTGCAGAAAAGAC,9,3691916
tolCp1,0.3333333333333333,6,5,CAACTGCGGGCTGCCCGGTT,1,3666218
tolCp1,4.833333333333333,33,5,CAACCATTCCGTAACGTTCG,28,3678162
tolCp1,1.6666666666666667,14,5,CAAATTGGTTCCTTAGTGGA,9,3670096
tolCp1,2.3333333333333335,18,5,CAAATCTGCTCAAGCACCGA,13,3676645
tolCp1,3.5,25,5,CAAATACACTGTCCGTACAT,20,3693250
tolCp1,1.0,10,5,CAAAGGAACTCACTCTACTA,5,3671994
tolCp1,6.666666666666667,44,5,CAAAACTAAGACTCCTCTTA,39,3693638
tolCp1,2.6666666666666665,20,5,ATTGTTTATACGAGTACAAG,15,3679358
tolCp1,1.6666666666666667,14,5,ATTGTATTGTAGGTTAACTT,9,3710480
tolCp1,2.1666666666666665,17,5,ATTCTGGTAGTTCTCACCGG,12,3678215
tolCp1,2.0,16,5,ATTCGGTAGCGTCCAATTTT,11,3682517
tolCp1,4.166666666666667,29,5,ATTCCGTGGCAGATGAGTCC,24,3708953
tolCp1,1.1666666666666667,11,5,ATTCCGTCTCCAACATCTAA,6,3685375
tolCp1,5.666666666666667,38,5,ATTCCATCGGCGGTGGATCC,33,3688053
tolCp1,0.5,7,5,ATTAAGCCTCGGAATACCGC,2,3697117
tolCp1,5.0,34,5,ATGTCGGGGGGGCCTGTAAT,29,3688494
tolCp1,2.6666666666666665,20,5,ATGTCCAGTTTGAGGCGGCT,15,3704078
tolCp1,1.5,13,5,ATGTAACTACTCTGCCACGG,8,3703893
tolCp1,4.666666666666667,32,5,ATGGGACAACACGTGAAATT,27,3667244
tolCp1,1.8333333333333333,15,5,ATGGCTCTTGGAACGCTCAG,10,3692110
tolCp1,8.5,55,5,ATGGACGTTTTTATCTGGCT,50,3667552
tolCp1,8.166666666666666,53,5,ATGCTTTACCCGGTTGCAGT,48,3702094
tolCp1,0.3333333333333333,6,5,ATGCTTACTCGCCGGTTCTC,1,3674507
tolCp1,0.6666666666666666,8,5,ATGCGCGCCGGCATATGATA,3,3707811
tolCp1,0.3333333333333333,6,5,ATGCCGGTCGAGTATAAAAC,1,3692430
tolCp1,2.5,19,5,ATCTTTAGCTTGTGTTGTAT,14,3695765
tolCp1,3.1666666666666665,23,5,ATCTTGTTGGTTGGCCACAA,18,3700321
tolCp1,2.6666666666666665,20,5,ATCTTACACATAACGTGGAG,15,3667644
tolCp1,2.0,16,5,ATCGTTGAAAAGTGCTAATC,11,3702772
tolCp1,4.666666666666667,32,5,ATCGGAGTTTAATACTCGGC,27,3711571
tolCp1,1.6666666666666667,14,5,ATCGCGTGGTTATCCTAAGA,9,3691569
tolCp1,2.1666666666666665,17,5,ATCCGCGGCATCATATTAGA,12,3679560
tolCp1,1.8333333333333333,15,5,ATCCCCGTATAATCTGTGAA,10,3697603
tolCp1,4.5,31,5,ATCAGTGTGGGGAGACTGAG,26,3686724
tolCp1,1.5,13,5,ATCAGGCGCCAGTAAATATT,8,3706707
tolCp1,4.166666666666667,29,5,ATCACTCCTGTTGCTCTGTA,24,3684239
tolCp1,5.333333333333333,36,5,ATCAAATAATCTGTGATTCT,31,3664281
tolCp1,2.8333333333333335,21,5,ATATCATCATGCAGGTGACA,16,3668601
tolCp1,9.333333333333334,60,5,ATATCATACAATCCAGCATG,55,3684756
tolCp1,4.666666666666667,32,5,ATATAAAGCTTTTCTGTCCT,27,3677060
tolCp1,6.166666666666667,41,5,ATAGGCGGAGTCCTGACCTA,36,3712645
tolCp1,1.0,10,5,ATAGCCTAGTGTGACCGATC,5,3704933
tolCp1,1.5,13,5,ATAGATAGGTGATGTAAGTA,8,3703927
tolCp1,0.3333333333333333,6,5,ATAGACGACACCCCAACGGG,1,3714337
tolCp1,4.166666666666667,29,5,ATACATCGCTTGGCATGGGA,24,3694275
tolCp1,1.1666666666666667,11,5,ATAATGGGGCCGGATAGTGT,6,3663432
tolCp1,0.5,7,5,AGTTTACAGCGATGCTGACA,2,3669552
tolCp1,22.333333333333332,138,5,AGTTATCTTCATGCCAGTTA,133,3669799
tolCp1,3.6666666666666665,26,5,AGTTACGGCAGGGTAAGCAG,21,3665789
tolCp1,2.8333333333333335,21,5,AGTGGGACCCGCAGGCTGAA,16,3679500
tolCp1,6.833333333333333,45,5,AGTGCTTACAAGGGAGTTTC,40,3665962
tolCp1,3.1666666666666665,23,5,AGTCTGCAAGATAGGGCTTC,18,3666722
tolCp1,5.166666666666667,35,5,AGTCCATATCATATGACACA,30,3687022
tolCp1,2.5,19,5,AGTCAGGATGAAATCAACCT,14,3682289
tolCp1,2.3333333333333335,18,5,AGTATTCGCAAGGCAGGGCT,13,3707738
tolCp1,4.0,28,5,AGTACTCCGCCCGCTTGTCG,23,3693058
tolCp1,4.333333333333333,30,5,AGTAAGGGTAACTCGAACAG,25,3664724
tolCp1,17.833333333333332,111,5,AGTAAGGCCCACGCCAACCT,106,3667209
tolCp1,1.0,10,5,AGGTTGTCGTACCGCTCCCC,5,3671640
tolCp1,7.0,46,5,AGGTTCGGACCACCATCCCT,41,3700069
tolCp1,2.5,19,5,AGGTCGGGGTATTACGCAGT,14,3673574
tolCp1,7.166666666666667,47,5,AGGCGGCTGTACTTAAGAGA,42,3704619
tolCp1,4.666666666666667,32,5,AGGCAAGTGAGTGTTCATAG,27,3685535
tolCp1,3.3333333333333335,24,5,AGGATTTGTCTGTCAAACCT,19,3702401
tolCp1,3.1666666666666665,23,5,AGGAGGGGAATTCCCTGCTA,18,3679836
tolCp1,1.3333333333333333,12,5,AGGACGTTCCTGTTCGTTGG,7,3679352
tolCp1,2.6666666666666665,20,5,AGCTTTAAAGATGTACGCCA,15,3699608
tolCp1,1.5,13,5,AGCTGGTCAGGACTGGCCCT,8,3692743
tolCp1,4.333333333333333,30,5,AGCTAACCGGTTCCCAGCCA,25,3690574
tolCp1,3.6666666666666665,26,5,AGCGTGATTTCGTCCTTCGA,21,3697411
tolCp1,0.3333333333333333,6,5,AGCGTGAAACCAAGCCACGC,1,3710730
tolCp1,1.8333333333333333,15,5,AGCGGCAACACGGGGTTAGC,10,3688167
tolCp1,8.0,52,5,AGCCTATCCTACGTAGGTGA,47,3696211
tolCp1,1.6666666666666667,14,5,AGCCCGTTGATACGGAAGAT,9,3683836
tolCp1,5.666666666666667,38,5,AGCCCCACATCTTAGAGTCA,33,3706155
tolCp1,1.5,13,5,AGCATTGCCCTCCTCCAAGA,8,3672770
tolCp1,1.5,13,5,AGCAGAACGGTACCGTTTTT,8,3693596
tolCp1,3.1666666666666665,23,5,AGCACGTGTTACTGAAACTA,18,3661510
tolCp1,5.833333333333333,39,5,AGCAAGTTTAATGGCATGAT,34,3669544
tolCp1,2.5,19,5,AGATGCCACAGATGCCGCCT,14,3694881
tolCp1,0.6666666666666666,8,5,AGATCAGCTGGAAACTGCAT,3,3681788
tolCp1,2.1666666666666665,17,5,AGATATCTACTTGTTACATT,12,3702363
tolCp1,7.666666666666667,50,5,AGAGCGCTAGGTAGCAGACT,45,3681471
tolCp1,0.3333333333333333,6,5,AGACGTTCGGTCTCGGTTAC,1,3668000
tolCp1,33.666666666666664,206,5,AGACCTCCCGTAGAGACCAG,201,3710953
tolCp1,1.6666666666666667,14,5,AGACAGTGGGCACCACAGTT,9,3684189
tolCp1,1.0,10,5,AGACACCAGTGTCACGTGAA,5,3670003
tolCp1,9.0,58,5,AGAACGAGGTGTCTAGAGTG,53,3666138
tolCp1,2.0,16,5,AGAAAAGCACGCAACCTACT,11,3687497
tolCp1,2.1666666666666665,17,5,ACTTTTAGGAGGTATAACTT,12,3706148
tolCp1,3.1666666666666665,23,5,ACTTTATCGTGTCCTAAGGG,18,3711275
tolCp1,9.333333333333334,60,5,ACTTCGGTTCGCACCCTGTC,55,3665380
tolCp1,8.0,52,5,ACTTAGTTCTTTTCTAAGTG,47,3683688
tolCp1,1.3333333333333333,12,5,ACTGTATCAGAATAAAGTAC,7,3713401
tolCp1,1.6666666666666667,14,5,ACTCTGCCGGGCTGACTCAG,9,3710702
tolCp1,9.833333333333334,63,5,ACTCGGTTTTGAGTTGTCTT,58,3692660
tolCp1,3.8333333333333335,27,5,ACTCGGGCCTGACTTGGTGA,22,3700632
tolCp1,8.333333333333334,54,5,ACTCGAGTTGCTATAGCCTT,49,3689306
tolCp1,3.5,25,5,ACTCCATGTGAAGCGCGACG,20,3697370
tolCp1,1.1666666666666667,11,5,ACGTGTGGAATCTCGAACCA,6,3686908
tolCp1,0.5,7,5,ACGTGTATCTAGGTCGAGGG,2,3675416
tolCp1,12.333333333333334,78,5,ACGTGATTAGCAGTCCACCA,73,3704750
tolCp1,2.5,19,5,ACGTCCACCGCGGAGGTCCA,14,3711040
tolCp1,8.666666666666666,56,5,ACGTCACATTTGATCCGAAG,51,3679275
tolCp1,2.1666666666666665,17,5,ACGGGTGAATGGTGGGCTTT,12,3670930
tolCp1,2.8333333333333335,21,5,ACGGCGGGCGGACAATGGAC,16,3711824
tolCp1,1.1666666666666667,11,5,ACGGCAATTCCTATCGGCGT,6,3670148
tolCp1,1.5,13,5,ACGATAGCTGGGCCAGGTCT,8,3713753
tolCp1,2.3333333333333335,18,5,ACGAGCAAACCACTGTGCGC,13,3714223
tolCp1,33.5,205,5,ACCTCTTAGATAACGACGAG,200,3694005
tolCp1,1.8333333333333333,15,5,ACCTATCTTGATAGACCTCG,10,3686615
tolCp1,4.166666666666667,29,5,ACCTATCTGCCCGCACTTAA,24,3687391
tolCp1,3.5,25,5,ACCGGCTGCTATTCCCGAGG,20,3673610
tolCp1,1.3333333333333333,12,5,ACCGCTTCAGCCGCACTTGC,7,3674540
tolCp1,4.333333333333333,30,5,ACCCGGGCTGCTTATCGTAT,25,3694392
tolCp1,0.8333333333333334,9,5,ACCCCCCTGAACTCAGCAAG,4,3707745
tolCp1,0.6666666666666666,8,5,ACCCACCATATTACGATTAG,3,3711342
tolCp1,0.6666666666666666,8,5,ACCATTGGTGCACAAGCCAA,3,3674825
tolCp1,4.833333333333333,33,5,ACCATCGGCCACGGGGATAT,28,3683971
tolCp1,1.3333333333333333,12,5,ACCACTCACCCTCCGTGTCC,7,3708618
tolCp1,1.8333333333333333,15,5,ACATTGCCATTGGTCGGTGT,10,3699504
tolCp1,3.1666666666666665,23,5,ACATACCGACGTTAGAGATT,18,3684913
tolCp1,8.5,55,5,ACAGTAATCCGGTTTACGTA,50,3679568
tolCp1,8.833333333333334,57,5,ACAGGTTGGCGATGAACATG,52,3709501
tolCp1,2.5,19,5,ACAGCCGTCGGCGTAGTTCT,14,3671935
tolCp1,0.3333333333333333,6,5,ACAGAAAATTCTATAAGGGG,1,3702639
tolCp1,2.8333333333333335,21,5,ACACCCGCGTACCCAATTTA,16,3692047
tolCp1,9.0,58,5,ACACAATATGAGGTGGTACT,53,3666685
tolCp1,2.3333333333333335,18,5,ACAATATCCATGGTGATTAT,13,3678039
tolCp1,2.6666666666666665,20,5,ACAAGTGTTGAGCTGCGAGT,15,3673066
tolCp1,54.5,331,5,ACAAGCTCGAGCGCGTAATG,326,3696408
tolCp1,14.333333333333334,90,5,ACAAGAATTGGTGAGCATTG,85,3687156
tolCp1,1.6666666666666667,14,5,AATTGCGCGGTCTTAGCAAG,9,3677061
tolCp1,6.0,40,5,AATGTTCCATTATCTACCTG,35,3698625
tolCp1,2.1666666666666665,17,5,AATGGCGGGGAAACCTTGCG,12,3681035
tolCp1,1.1666666666666667,11,5,AATGCGAAGGAGGGGACAAG,6,3672467
tolCp1,3.6666666666666665,26,5,AATGCAGGTCTAGTCGGAAT,21,3690923
tolCp1,1.8333333333333333,15,5,AATCGTCGAGGATACGGTGG,10,3669575
tolCp1,0.3333333333333333,6,5,AATCGGTGAAAGCGTGACGA,1,3683184
tolCp1,16.0,100,5,AATCCTTCCTCAGCCTAACA,95,3669770
tolCp1,2.0,16,5,AATCCCCATACCACTTTAAT,11,3708695
tolCp1,4.666666666666667,32,5,AATCCATGACACATCCACGG,27,3691359
tolCp1,1.6666666666666667,14,5,AATAGTTCGTTTGAATTTTG,9,3679416
tolCp1,2.6666666666666665,20,5,AATAAGTGTACTGCGGTTTT,15,3666676
tolCp1,8.666666666666666,56,5,AAGTGTGGGTAGTCCACGGG,51,3694059
tolCp1,2.5,19,5,AAGTGGACAAGTCCTCTACG,14,3664784
tolCp1,1.8333333333333333,15,5,AAGTCCTACCCAACGGGGAA,10,3704290
tolCp1,3.1666666666666665,23,5,AAGTAGTGGCTGCAGTAATT,18,3702482
tolCp1,1.3333333333333333,12,5,AAGGTAGTGCTCAGGCTCTA,7,3676887
tolCp1,2.0,16,5,AAGGGCAAATAGTTTAGACC,11,3691964
tolCp1,1.6666666666666667,14,5,AAGGCAGTGCGCGAGTACGA,9,3668153
tolCp1,1.6666666666666667,14,5,AAGGATAGTCTGCAGTCGAT,9,3688378
tolCp1,2.1666666666666665,17,5,AACTTCTTCGTTAATAGGAA,12,3711600
tolCp1,2.5,19,5,AACTGGGATGTTCAACTCCC,14,3690215
tolCp1,2.0,16,5,AACGACTAGGTGGCGAATTG,11,3710087
tolCp1,0.6666666666666666,8,5,AACCGACTAGAGGAAATAAT,3,3699190
tolCp1,1.3333333333333333,12,5,AACCAGTTCCACTTGGGGCA,7,3675094
tolCp1,0.5,7,5,AACCAAAATCGGAATTTTGA,2,3664354
tolCp1,11.666666666666666,74,5,AAATTGCGCGTTTACTTCAG,69,3694158
tolCp1,2.8333333333333335,21,5,AAATGCCACGGCGCCAGGAC,16,3711124
tolCp1,0.8333333333333334,9,5,AAATCGCGGTATCGTGAAAC,4,3706806
tolCp1,1.0,10,5,AAATATGTTGCCCTCCTTTA,5,3701202
tolCp1,2.8333333333333335,21,5,AAATATCTCTCAAGGTCGCG,16,3696945
tolCp1,2.1666666666666665,17,5,AAAGACTCATGTCTTCCCTT,12,3686327
tolCp1,5.333333333333333,36,5,AAACTCATCACTCTCACACT,31,3689059
tolCp1,4.166666666666667,29,5,AAACGTTCCGTGTTATAGTT,24,3703797
tolCp1,3.6666666666666665,26,5,AAAATTAGATTGGCTTGTCA,21,3671761
tolCp1,2.4,15,4,TTTTTTTGATCGGAAGTCTC,11,3676353
tolCp1,1.0,8,4,TTTTGTGTAACAAACTGAAT,4,3705642
tolCp1,2.0,13,4,TTTTATTGAATGTCCTTCAG,9,3685605
tolCp1,0.4,5,4,TTTGTGGCTCAGGTGGAGAT,1,3682908
tolCp1,2.0,13,4,TTTGGTCTGTGACGTGGCAT,9,3708857
tolCp1,4.0,23,4,TTTGACATTTAGTCTCTCCG,19,3702614
tolCp1,3.2,19,4,TTTCTAACAAGAGCCGTTTA,15,3700038
tolCp1,1.8,12,4,TTTCGATTGGTATGACCAAT,8,3691547
tolCp1,2.8,17,4,TTTATTATCGCGATAATTGA,13,3668670
tolCp1,0.8,7,4,TTTAATAAATTTTGGGTTTA,3,3665772
tolCp1,5.8,32,4,TTGTTCCCCGGGCTTGCAAT,28,3682162
tolCp1,3.2,19,4,TTGTTCATATCGATAGGCTG,15,3710147
tolCp1,2.2,14,4,TTGTGTTCAGAGTCGCTCTA,10,3697300
tolCp1,0.8,7,4,TTGTCGCTCGAGCGAATCTG,3,3681635
tolCp1,13.2,69,4,TTGGGTTCTTTATACCGCTA,65,3711282
tolCp1,1.8,12,4,TTGGGGGAATATTGTTTGTA,8,3693734
tolCp1,7.4,40,4,TTGGCTAGGCAGGAGCCGGC,36,3683740
tolCp1,1.4,10,4,TTGGCACGCACAGCTTAATT,6,3674354
tolCp1,8.8,47,4,TTGCTCTTTTCGGGATCCAG,43,3679289
tolCp1,2.4,15,4,TTGCGGTTATGCACGTTCGG,11,3662541
tolCp1,0.6,6,4,TTGCGAGACAGCGCACCGCT,2,3708875
tolCp1,4.2,24,4,TTGCCTTTGAATGGATTAGC,20,3661891
tolCp1,1.6,11,4,TTGAAGCCGAAGGTCGAGTT,7,3681993
tolCp1,19.6,101,4,TTGAAGATTGTGTGTTTAAG,97,3688887
tolCp1,1.6,11,4,TTCTTAGAGTGTCCGTCATT,7,3666282
tolCp1,2.6,16,4,TTCTTACCAAACTTCTAAAG,12,3712451
tolCp1,2.2,14,4,TTCTGTTAGCCAGATGGTCA,10,3673046
tolCp1,20.8,107,4,TTCTCTTTTAGATAACGTTT,103,3702887
tolCp1,9.8,52,4,TTCTCACTCAATTCATAGGA,48,3672728
tolCp1,2.0,13,4,TTCGGTGCTCAATGATTCAT,9,3681505
tolCp1,5.0,28,4,TTCGAGTGACGTACTTCCCT,24,3667979
tolCp1,0.4,5,4,TTCGACTCTAGAGCGCAGGA,1,3695394
tolCp1,3.0,18,4,TTCGAACACTTTTGAGTTAT,14,3700315
tolCp1,2.6,16,4,TTCCTGGTGGGATTGATGTT,12,3680290
tolCp1,6.4,35,4,TTCCGCGCTAGGGCCTCATC,31,3676865
tolCp1,1.0,8,4,TTCCCGATGGCTTCGTACTG,4,3679580
tolCp1,2.6,16,4,TTATCAGCGGGCTATAGACA,12,3682345
tolCp1,33.0,168,4,TTAGTTCTTGATCTGAATCC,164,3671280
tolCp1,5.8,32,4,TTACTAAATGAGGGATGCCA,28,3683149
tolCp1,5.6,31,4,TTACCGCGATTTCATGTTGT,27,3692056
tolCp1,2.2,14,4,TTACACATGGCAAGGTCATC,10,3668705
tolCp1,3.8,22,4,TTAACCTGCTTTGCCATCAG,18,3708962
tolCp1,6.4,35,4,TTAAATTCGCCAAGTCCTCC,31,3676859
tolCp1,6.4,35,4,TTAAAGTAACTCGTAAGCGG,31,3690810
tolCp1,4.4,25,4,TGTTGACAGGGCTGCCTGGG,21,3668098
tolCp1,1.6,11,4,TGTTCTCCGGCAGACGATTT,7,3690245
tolCp1,7.6,41,4,TGTTCGGCCATAATACGGGT,37,3710303
tolCp1,0.4,5,4,TGTGTGATGCGACTGAATGC,1,3672890
tolCp1,8.0,43,4,TGTGCCTGAATGCTGAACGC,39,3696249
tolCp1,4.8,27,4,TGTGATTGGGGGTCACTTAT,23,3675044
tolCp1,3.4,20,4,TGTGAGCCGCGCAATCCTGT,16,3706713
tolCp1,1.8,12,4,TGTCTAGCCGTGGTTTCCCT,8,3708882
tolCp1,16.0,83,4,TGTCCACATTATCTTCCAAG,79,3675541
tolCp1,0.6,6,4,TGGTGTGGAGTCCCCGACCT,2,3677471
tolCp1,2.0,13,4,TGGTGAGATAAGACTAGCGT,9,3670670
tolCp1,3.0,18,4,TGGTACCTCCAATCCTCAAA,14,3683537
tolCp1,2.4,15,4,TGGGTTTAGACCCTATGGGG,11,3674340
tolCp1,2.8,17,4,TGGGCGTTTACAGGCTATCT,13,3712904
tolCp1,2.4,15,4,TGGGCCTCACGTAATCGCCA,11,3711305
tolCp1,10.6,56,4,TGGCATCGATCTGGTGGTGG,52,3672835
tolCp1,4.6,26,4,TGCTCGATGGTACGGCTCGT,22,3683938
tolCp1,7.2,39,4,TGCGTCGAGCTTTCGGTCAC,35,3700628
tolCp1,3.0,18,4,TGCGCTTATTCGCTCGCACA,14,3668953
tolCp1,1.0,8,4,TGCCGAGCGTCCAGCTTTGG,4,3667144
tolCp1,2.8,17,4,TGCCAGTTTATATTTCGTTC,13,3697844
tolCp1,2.6,16,4,TGCCAGTTCACGAACCATGC,12,3692659
tolCp1,2.8,17,4,TGCCAGGACATGCAGCATAT,13,3698476
tolCp1,3.0,18,4,TGCAGGTGGCCCCTCTTACA,14,3714273
tolCp1,3.0,18,4,TGCACTTCGGCCTGAATGCG,14,3666966
tolCp1,3.8,22,4,TGCAAGCTACCCTAATTAAT,18,3690834
tolCp1,1.4,10,4,TGCAAACGCCCATAATCTGC,6,3669171
tolCp1,3.8,22,4,TGATCTCCTTTGATACATAT,18,3662378
tolCp1,2.6,16,4,TGATAGGCATGGGCAAAGCT,12,3693452
tolCp1,4.2,24,4,TGAGTCCATGTTTGTAAGCT,20,3661374
tolCp1,10.6,56,4,TGACTGGTATGAATTAACAA,52,3706928
tolCp1,5.6,31,4,TGACGGATGCATGCTTATGT,27,3712855
tolCp1,0.4,5,4,TGACAGAAGGTGGGCAGCAT,1,3676098
tolCp1,8.0,43,4,TGACACGGTTGGGCACAGGT,39,3670870
tolCp1,2.2,14,4,TGACACATATGGCGCTTCGT,10,3694096
tolCp1,0.8,7,4,TGACAATCCGGTTTTCGACG,3,3667464
tolCp1,31.8,162,4,TGAATCGGTCATTCAGATAT,158,3671015
tolCp1,5.4,30,4,TGAAGACCTCAGACATCATT,26,3697905
tolCp1,5.4,30,4,TGAACCATAAGAATTCGTAT,26,3673761
tolCp1,6.6,36,4,TGAAATCGTGGGTTCTCGGT,32,3676818
tolCp1,1.4,10,4,TCTTTCCCTCTTTCCGACTG,6,3682573
tolCp1,2.0,13,4,TCTTTAGATGGTAGACGGTG,9,3711051
tolCp1,0.8,7,4,TCTTACGGACTCCCCTCACT,3,3690999
tolCp1,3.4,20,4,TCTGGCCGCACGGACCGCGA,16,3689516
tolCp1,7.2,39,4,TCTCTGTCAAATGGCCCGGC,35,3661280
tolCp1,4.4,25,4,TCTCTACCGATCCGATTGTC,21,3693950
tolCp1,5.2,29,4,TCTCATCAAAAAGTCCGAAT,25,3694097
tolCp1,5.2,29,4,TCTAAGGTTTAAGGTGTCGT,25,3710030
tolCp1,2.0,13,4,TCGTTGAAACGCATTGGCAA,9,3690341
tolCp1,2.6,16,4,TCGTGATTGCTCCAGGTTAG,12,3701784
tolCp1,0.8,7,4,TCGTCCAACGAGAATTTGTC,3,3663786
tolCp1,3.6,21,4,TCGGTGTCTTAACATGCATC,17,3668191
tolCp1,2.8,17,4,TCGGTAACAGTCCTCTACGA,13,3713232
tolCp1,1.2,9,4,TCGGGTGCTTGCTCTCGTGA,5,3695866
tolCp1,1.8,12,4,TCGCCATTGACTCCCCACTA,8,3706817
tolCp1,1.8,12,4,TCGAATCACCCCGCATGCGA,8,3697558
tolCp1,1.2,9,4,TCGAAAAACTATCATAGGAC,5,3686921
tolCp1,5.8,32,4,TCCTTATTAGCTAGAAGGAC,28,3673562
tolCp1,1.8,12,4,TCCTCTGATCATTGTCTAAC,8,3700041
tolCp1,3.2,19,4,TCCTAGGAAGTACGTAATAA,15,3700845
tolCp1,10.6,56,4,TCCTACCTTTGCGTCCCTAG,52,3681784
tolCp1,3.8,22,4,TCCGGTTTATATTAATTGAC,18,3683035
tolCp1,11.2,59,4,TCCGCGGGGTCACTGTGAAA,55,3688888
tolCp1,5.4,30,4,TCCGAGTATCCGAAAAGCAT,26,3669610
tolCp1,1.2,9,4,TCCCGTGTCATGCAGCCCTT,5,3705328
tolCp1,9.0,48,4,TCCCCAAATATGTCCCTCCG,44,3668331
tolCp1,2.2,14,4,TCCCAAGTTAGATTATGCGC,10,3686844
tolCp1,7.0,38,4,TCCATCGGCCCCTTTAAGCT,34,3685447
tolCp1,4.2,24,4,TCCAGTGTGGGAATTGTTGT,20,3686517
tolCp1,4.0,23,4,TCCACACTTCCCTCGCCGCG,19,3711528
tolCp1,7.0,38,4,TCCAAGTTCAAGCCAGCCAA,34,3678059
tolCp1,2.6,16,4,TCCAAGAAAGACTTTACGAA,12,3667966
tolCp1,2.6,16,4,TCATTTGGACGATTGGATAG,12,3674492
tolCp1,4.6,26,4,TCAGTAACTTTACCGCTCTT,22,3683604
tolCp1,0.4,5,4,TCAGGCCTGACTAGAGAGCT,1,3683093
tolCp1,1.2,9,4,TCAGAGAGGTGTACCAGCGC,5,3661760
tolCp1,1.6,11,4,TCACTTACTCCTGCGAAGCA,7,3693675
tolCp1,3.2,19,4,TCACGCGATGGCCAGCTTTT,15,3684475
tolCp1,3.6,21,4,TCACATTGTAGTAGGACCTA,17,3714681
tolCp1,2.0,13,4,TCACATGGCGCTCATACGGG,9,3695970
tolCp1,10.8,57,4,TATTTCCTCAGACAGTTGGA,53,3709199
tolCp1,36.6,186,4,TATGTGCATAGAGTCAGAAC,182,3671012
tolCp1,0.4,5,4,TATGGCTTGTCTAGGCGCTG,1,3670188
tolCp1,5.6,31,4,TATCGGAGTTTCCCATGAAT,27,3681869
tolCp1,2.2,14,4,TATATCTTTCCGAAGCGTTG,10,3676807
tolCp1,6.4,35,4,TATATAGTATTGACAGTGGT,31,3713188
tolCp1,17.0,88,4,TATAGGGGTAAGGGTTGTTA,84,3686029
tolCp1,2.6,16,4,TATAAGGAATTGATTTGGTT,12,3667926
tolCp1,3.6,21,4,TATAAAGAGTTAGTCAACAA,17,3713241
tolCp1,1.6,11,4,TAGTGCGTTACTATCTACGA,7,3705267
tolCp1,1.2,9,4,TAGCATAAAGCGCGCGATTT,5,3681588
tolCp1,3.0,18,4,TAGATTGTACATAACTTCCA,14,3684981
tolCp1,1.2,9,4,TAGATAACTCGGCGCACCGT,5,3678546
tolCp1,2.8,17,4,TAGACGCATAACATCCATGT,13,3699297
tolCp1,6.8,37,4,TAGACAGACCTCAGTATCGG,33,3702683
tolCp1,0.4,5,4,TAGAACCCAGGAAAGACGAA,1,3668406
tolCp1,12.6,66,4,TACTCTTCGTCCAAATGTTC,62,3678299
tolCp1,6.4,35,4,TACTCAGCTTTGCCCCGATA,31,3705399
tolCp1,2.4,15,4,TACTAAGAACCGACTATCAG,11,3682560
tolCp1,5.4,30,4,TACGTAGTGACCTTGACTGG,26,3668872
tolCp1,4.2,24,4,TACGCGGTGTTCAGAAGGGA,20,3663482
tolCp1,2.4,15,4,TACGCAAATCTTGATCCGAT,11,3714036
tolCp1,6.6,36,4,TACCTCACTGTACGGCTACC,32,3665348
tolCp1,9.4,50,4,TACAGTCTCGTAAAGACGAA,46,3686021
tolCp1,1.4,10,4,TACAGGCTTCCGTCGCGCAT,6,3663158
tolCp1,2.8,17,4,TAATAGGATCTGGGATGGAC,13,3683001
tolCp1,1.4,10,4,TAACCCTATCCTATTAACGG,6,3702837
tolCp1,1.0,8,4,TAACAATCTGATAGGTGTTA,4,3682894
tolCp1,2.2,14,4,GTTGGTTTGGCCTGAGGGAT,10,3694950
tolCp1,0.8,7,4,GTTGCGCTCTCAACAAGATT,3,3678212
tolCp1,0.8,7,4,GTTGCCATGCAGGTCGGCCA,3,3703926
tolCp1,1.4,10,4,GTTCCGGTTAGAGGCGGACA,6,3704703
tolCp1,1.2,9,4,GTTCATTGTAGCGCCACACA,5,3693834
tolCp1,3.0,18,4,GTTAGCAGCAAACTAAGAAA,14,3680016
tolCp1,10.4,55,4,GTGTGTCAGACGCGCACTGT,51,3696960
tolCp1,2.8,17,4,GTGTCCCATAAGTACACGGC,13,3672156
tolCp1,2.6,16,4,GTGTCAATGGTAGATGGTCA,12,3662524
tolCp1,39.8,202,4,GTGTAGCTGTTTGATGTTGT,198,3702899
tolCp1,0.8,7,4,GTGGTTTGATCGTCGGTCTT,3,3697469
tolCp1,1.6,11,4,GTGGGCATAGAATTAGGGGT,7,3698011
tolCp1,1.8,12,4,GTGGCTGTAGTCCCTTTGAA,8,3681008
tolCp1,5.2,29,4,GTGCGGAAGCTTGCGGAAAA,25,3678177
tolCp1,2.2,14,4,GTGCCACTCTAGCGGGCTTG,10,3710256
tolCp1,4.6,26,4,GTGAGTAAACGAGATGATGA,22,3703319
tolCp1,24.8,127,4,GTGAATGGTTCTGTGGGTAT,123,3666131
tolCp1,5.4,30,4,GTCTGTAAACATAAAGAGTG,26,3679665
tolCp1,8.0,43,4,GTCTCGTCGTACGAACGTGA,39,3685990
tolCp1,1.4,10,4,GTCTCGTCACTGAAAATATT,6,3665253
tolCp1,4.2,24,4,GTCTCGTCAAAACATCTTCA,20,3681315
tolCp1,11.0,58,4,GTCGGAGCGCTATCTGTCGG,54,3671500
tolCp1,1.6,11,4,GTCGAATGGGGCTAAAAACT,7,3669124
tolCp1,1.4,10,4,GTCCTACAGTCTGTCACAAT,6,3700270
tolCp1,1.4,10,4,GTCCCTAGCTCTTTATATGA,6,3714355
tolCp1,6.6,36,4,GTCCACGCAATTTCCAATCC,32,3661237
tolCp1,6.0,33,4,GTCAGTCCTATTCCAACCGG,29,3687512
tolCp1,1.6,11,4,GTATGGACCTTCGTATCACG,7,3698797
tolCp1,1.8,12,4,GTATGAGCGAGCGGGAGCCC,8,3701090
tolCp1,6.6,36,4,GTATGACTGGGTGTTGCGTA,32,3706952
tolCp1,3.2,19,4,GTATGACAGACAATAGATGA,15,3683587
tolCp1,4.0,23,4,GTATAGGAGGGAATCGCGTT,19,3667084
tolCp1,3.0,18,4,GTAGTGCTGCATCCCGCTGT,14,3696170
tolCp1,1.6,11,4,GTAGCGAAAGTGTATAAATT,7,3697406
tolCp1,0.8,7,4,GTAGATGGCGCTAGTTAGGG,3,3663646
tolCp1,2.8,17,4,GTACATAATCTTGTAAGCTA,13,3679138
tolCp1,4.8,27,4,GTACAGGGAAGGACGGTTGT,23,3703908
tolCp1,2.6,16,4,GTACACCCGCCAAGAAACCT,12,3692812
tolCp1,4.4,25,4,GTAAAATCGCGTCGCTTTTG,21,3699754
tolCp1,0.4,5,4,GGTTCTAGAATTATTCCCTT,1,3675609
tolCp1,1.6,11,4,GGTTAACTGCGAAAATTCAG,7,3697518
tolCp1,6.4,35,4,GGTGTTACCTCTTGGCCCTC,31,3672546
tolCp1,5.0,28,4,GGTGCCCTTTCAATATTTAT,24,3687797
tolCp1,4.2,24,4,GGTGCACAGAGGCTGCATTA,20,3686476
tolCp1,6.4,35,4,GGTGATTCCCACTACGGTCT,31,3676670
tolCp1,0.4,5,4,GGTGACGTATTACCATCATA,1,3696805
tolCp1,4.2,24,4,GGTCGTCGCACGGGGCCACC,20,3666976
tolCp1,1.2,9,4,GGTCCAAGCTTTTCGGTCTC,5,3705792
tolCp1,0.8,7,4,GGTATTTCGCCTGATTTTCG,3,3684197
tolCp1,5.0,28,4,GGTAAACGCCAGTAGAGCTC,24,3676066
tolCp1,2.2,14,4,GGGTTCTTAATTTATTGATG,10,3682142
tolCp1,2.4,15,4,GGGTGGCACCTTCGCAATAT,11,3668075
tolCp1,3.2,19,4,GGGGTCCTCTTTAACACCAC,15,3714581
tolCp1,1.2,9,4,GGGGTAGAGAGTTGTTTTGA,5,3699235
tolCp1,1.6,11,4,GGGGCTCATCTACCCTCGCT,7,3707973
tolCp1,2.2,14,4,GGGGAGGAGGGGGAACAATT,10,3672999
tolCp1,2.0,13,4,GGGGACGGTCGCAGGGAGGA,9,3713951
tolCp1,1.0,8,4,GGGCTCAGACATCCGGGTCT,4,3701869
tolCp1,1.8,12,4,GGGCGAATCAGGCTGAAAGT,8,3670110
tolCp1,1.2,9,4,GGGCATATGTGGTACAAAGC,5,3700119
tolCp1,4.0,23,4,GGGCACATGGACAGAATACC,19,3696578
tolCp1,6.6,36,4,GGGATTCATAACCAGGGCTA,32,3697823
tolCp1,2.8,17,4,GGGAGTGGCGATTCGGCGTT,13,3693636
tolCp1,3.0,18,4,GGCTTGGCGTTTGACCCCCG,14,3683231
tolCp1,1.0,8,4,GGCTCGCGTCGAGCACGTAC,4,3669336
tolCp1,3.0,18,4,GGCGAGAAGCATGGCTTTAG,14,3664520
tolCp1,10.6,56,4,GGCCGCAGTCCGCGTTGTAA,52,3710295
tolCp1,3.0,18,4,GGCATTCACGTTGCGAGTCA,14,3681735
tolCp1,6.4,35,4,GGCATACGCTCCTAGAGACT,31,3662553
tolCp1,0.4,5,4,GGCATAAGACCGCGAGTCGG,1,3673933
tolCp1,1.8,12,4,GGATAGTTTAATTGCATTCA,8,3682599
tolCp1,1.8,12,4,GGAGTTTATCTGGTGTGACA,8,3661695
tolCp1,2.0,13,4,GGAGGTGTTCGATGGTATGT,9,3664676
tolCp1,0.4,5,4,GGACCTTGTAGGGAGGTGAC,1,3673038
tolCp1,4.6,26,4,GGACCGCCTTTACCTTTCAT,22,3698399
tolCp1,2.6,16,4,GGACAGGCCTTCCTTGGGGC,12,3679569
tolCp1,1.0,8,4,GGACACGGTAGAGTAGTTTC,4,3688372
tolCp1,10.2,54,4,GGAAGTTGGACGGACATATA,50,3703629
tolCp1,8.8,47,4,GGAACTCCTCTGTTGTTACC,43,3709092
tolCp1,1.8,12,4,GCTTTTTATATCCGCACGAG,8,3663389
tolCp1,2.4,15,4,GCTTGACTCTATCTTAGTGC,11,3675603
tolCp1,3.4,20,4,GCTTATCGCTCATGAGGCCA,16,3694692
tolCp1,1.2,9,4,GCTTAATAAGGGATTTACCA,5,3680415
tolCp1,6.6,36,4,GCTGTCTCCAAAGGGCGTGG,32,3694645
tolCp1,3.2,19,4,GCTCTTCTGACGTTCTCTAA,15,3691681
tolCp1,2.4,15,4,GCTCGGGCCTTATGAAGCAT,11,3663152
tolCp1,1.8,12,4,GCTCGCAAAGTTGTACCGCG,8,3687645
tolCp1,1.6,11,4,GCTAGAAGTGACGTAAATGG,7,3707258
tolCp1,3.2,19,4,GCTACTAAGCGGAACGATAA,15,3678459
tolCp1,6.4,35,4,GCTACCGACTGTTACACCGT,31,3698018
tolCp1,5.6,31,4,GCGTTGCATTCCCGCTCGCG,27,3706367
tolCp1,4.6,26,4,GCGTTCAGTAACGTGTTGTA,22,3691932
tolCp1,0.4,5,4,GCGTATCATGGAGTCATGGC,1,3685497
tolCp1,4.8,27,4,GCGGGGTGTACTAGCAACCT,23,3684115
tolCp1,0.4,5,4,GCGGACGTCCTAGTCGGGAA,1,3702265
tolCp1,2.4,15,4,GCGCTTCTTTCGTCGGCGCA,11,3705285
tolCp1,3.0,18,4,GCGCGACCTTAGGTCTGGGA,14,3671884
tolCp1,5.4,30,4,GCGCCCATAAGATCGTTGTG,26,3702092
tolCp1,1.2,9,4,GCGACTCATCATTCCAGATA,5,3715441
tolCp1,1.4,10,4,GCGACGGCGCTCGACCACTC,6,3696777
tolCp1,5.4,30,4,GCCTGATCGATCGACTATAT,26,3687167
tolCp1,28.4,145,4,GCCTCTGTTGACCTATTGCT,141,3694178
tolCp1,1.8,12,4,GCCTATTGGGATCAGTCCTC,8,3706019
tolCp1,0.4,5,4,GCCTAGTGGGCTTGGCCGCC,1,3689779
tolCp1,7.2,39,4,GCCGTTCGCCGCACTTCGAG,35,3699288
tolCp1,4.6,26,4,GCCGTGAATGGGGCCGCATT,22,3714970
tolCp1,1.6,11,4,GCCGAATCGTCTGGTTACGA,7,3694044
tolCp1,1.6,11,4,GCCCGTAAGGGAGCATGGAC,7,3671937
tolCp1,2.4,15,4,GCCCGGTGCTATGGTATAGT,11,3699041
tolCp1,1.2,9,4,GCCCGATCGTGGACCAAAAG,5,3714558
tolCp1,1.4,10,4,GCCCCTGAGTTGCGCGTAGA,6,3700835
tolCp1,3.0,18,4,GCCATACCTTACCATCGTTC,14,3697449
tolCp1,4.0,23,4,GCATCCGCGTGGCGGTCTTA,19,3710316
tolCp1,19.4,100,4,GCATAGGCTAGCTCCTAACG,96,3698440
tolCp1,0.4,5,4,GCAGTATTTATACGGACGCG,1,3675964
tolCp1,0.4,5,4,GCACTTGATGGTGAACGCAA,1,3667153
tolCp1,0.8,7,4,GCACGAAGATCGGTTAAAGT,3,3683362
tolCp1,36.4,185,4,GCAATCCACTCGTACATAGA,181,3688813
tolCp1,3.4,20,4,GCAACTGTGTAATCCTCGCG,16,3697107
tolCp1,3.0,18,4,GCAACAGTGCGCCCGGTCAA,14,3695700
tolCp1,2.4,15,4,GCAAACATGCGCAACTCCAC,11,3700708
tolCp1,2.0,13,4,GATTCCTTGGAACGAAATAA,9,3668336
tolCp1,6.4,35,4,GATTCAGATTAATCATAAAG,31,3673576
tolCp1,2.0,13,4,GATGTTCCTCTGTCAGTAGG,9,3692672
tolCp1,2.8,17,4,GATGATCCGAAGTGCCCGTG,13,3676352
tolCp1,4.8,27,4,GATCCGCAGTGGCAAATGCA,23,3695212
tolCp1,1.6,11,4,GATCCAAAAGAACTTCCTCA,7,3699621
tolCp1,0.6,6,4,GATCAGATATAACATGCCAC,2,3707296
tolCp1,3.0,18,4,GATCAATGGGCGGGCACTGT,14,3706893
tolCp1,1.2,9,4,GAGTTTCATTAGGTGGACCT,5,3695917
tolCp1,0.8,7,4,GAGTGTGCACGGCCAGTACT,3,3702281
tolCp1,3.6,21,4,GAGTACCGGTTGCACGAGCA,17,3678296
tolCp1,6.8,37,4,GAGGGGAGATCGCAAAAAAG,33,3688815
tolCp1,0.4,5,4,GAGCTAGTTGAATAAGCACT,1,3664035
tolCp1,5.4,30,4,GAGATCCGTCTCCAAACCGC,26,3668890
tolCp1,5.4,30,4,GAGACCACCTAAGCACTCGC,26,3689034
tolCp1,1.4,10,4,GACTTTGTATCCGGTTTATA,6,3686288
tolCp1,3.4,20,4,GACTGCACCGTGTAGAGCCT,16,3662582
tolCp1,3.2,19,4,GACGCGGAAAGTGCAGATGC,15,3705104
tolCp1,1.4,10,4,GACGCCTAATACAACTCATA,6,3713240
tolCp1,1.4,10,4,GACGCATAGTGCTCCGCTAA,6,3710995
tolCp1,1.0,8,4,GACGACGTGGAAGCGCTGAT,4,3705698
tolCp1,6.6,36,4,GACCTCTCAGCGTTCCAGAC,32,3710207
tolCp1,5.0,28,4,GACCCCAACACTGCCCCCTA,24,3685566
tolCp1,0.8,7,4,GACATTCTACGGAACTCAGC,3,3661950
tolCp1,6.8,37,4,GACAGTCAGGTGCCTACGCA,33,3693026
tolCp1,2.8,17,4,GACAGTATTCAAGGCCTTTA,13,3679204
tolCp1,4.0,23,4,GACAAAGAGATGCGGGACGA,19,3661957
tolCp1,4.2,24,4,GAATGTTGACAAAAGCGGAG,20,3688400
tolCp1,3.4,20,4,GAAGTATATGATCCTTCCTG,16,3688943
tolCp1,4.4,25,4,GAACGGGATCCACGTCGCCT,21,3685204
tolCp1,4.2,24,4,GAACGAACGTAATGACTCCT,20,3680056
tolCp1,3.6,21,4,GAAAGTTCCAATGCGCCCTT,17,3677803
tolCp1,2.0,13,4,CTTTTCACCAGTTCTGTCAA,9,3687954
tolCp1,1.6,11,4,CTTTGCTCTCGCCACAGCAT,7,3708021
tolCp1,3.2,19,4,CTTTCTGGCCTTACCTGAAA,15,3684979
tolCp1,6.6,36,4,CTTGTTGAGAGGACGCAGCA,32,3689669
tolCp1,3.2,19,4,CTTGGTCTCATGGACCGGTC,15,3695754
tolCp1,3.0,18,4,CTTGAACCCAGAGTCGAGGC,14,3676206
tolCp1,7.4,40,4,CTTCAGTAAACTTGGCATCC,36,3674344
tolCp1,10.0,53,4,CTTATCACCCTGCGCTTAGT,49,3684616
tolCp1,2.4,15,4,CTTAGGTCAGCCCGCCGTTT,11,3677120
tolCp1,3.0,18,4,CTTAAGTAGCCTATACGAAT,14,3687343
tolCp1,3.4,20,4,CTGTGTCGAACATGAGAATC,16,3668560
tolCp1,4.6,26,4,CTGTCCAGCAGGAGATTCCG,22,3689728
tolCp1,3.2,19,4,CTGTCATTAGGTATAATTAC,15,3715399
tolCp1,0.4,5,4,CTGGTTAACTAGATGCCTTT,1,3688475
tolCp1,2.0,13,4,CTGGTAACTCAGCGCAGAGA,9,3692532
tolCp1,2.6,16,4,CTGGGGGGATTTTAGAGGAC,12,3696437
tolCp1,8.2,44,4,CTGGGACCCACATTTGAGCC,40,3680847
tolCp1,12.6,66,4,CTGCGCGTCGTGCTTAATCT,62,3676719
tolCp1,0.6,6,4,CTGACGACCGTCCGGTTGAG,2,3699296
tolCp1,2.8,17,4,CTCTCGGGGCGCGCTGGATG,13,3688903
tolCp1,1.2,9,4,CTCTACTTTATAGCGCAACG,5,3697845
tolCp1,18.0,93,4,CTCTAATGCTCCGCGCAGGT,89,3678647
tolCp1,3.0,18,4,CTCGTTAGGATGTGGCAGTG,14,3695776
tolCp1,1.0,8,4,CTCGCTTAGGGCCAGGAATT,4,3672745
tolCp1,14.6,76,4,CTCCGTTGCCCCAGCATGCA,72,3684761
tolCp1,2.8,17,4,CTCCGCAAGCCACCAGTGAA,13,3679480
tolCp1,5.8,32,4,CTCCACTCAGTGGCTGTTAG,28,3676625
tolCp1,1.2,9,4,CTCCACCAATCTTGCGTATT,5,3699014
tolCp1,3.6,21,4,CTCACACCAGCAGCTCGCCC,17,3691459
tolCp1,0.8,7,4,CTATAGCTTGTGGCATTCAT,3,3698065
tolCp1,2.6,16,4,CTAGTGTCCGGGGAGCAAGC,12,3664106
tolCp1,1.8,12,4,CTAGTGGTCAAGGGCTGCAA,8,3692913
tolCp1,3.0,18,4,CTAGGTGGAGGGCTGTCTTA,14,3699698
tolCp1,1.8,12,4,CTAGGCTACTTTGAAGCGCG,8,3695896
tolCp1,4.6,26,4,CTAGAATATTCGCCATCTCC,22,3681834
tolCp1,1.8,12,4,CTACGGAACTGGCGTGTTTG,8,3712002
tolCp1,7.0,38,4,CTACCTCTGAGTAATCGAAG,34,3678595
tolCp1,1.6,11,4,CTACATATACCCGACTATAG,7,3663336
tolCp1,7.2,39,4,CTACAAGGAGGTTCTTGAGG,35,3711286
tolCp1,2.4,15,4,CTAATATGATCATCGTTACA,11,3675767
tolCp1,2.2,14,4,CTAAGGCTAGCTAACGTCTG,10,3682793
tolCp1,7.2,39,4,CGTTATTAACAAGGTAGCGC,35,3682844
tolCp1,0.4,5,4,CGTCGTGATCTGACGTTAGT,1,3685588
tolCp1,7.8,42,4,CGTCGCAACGGGGTAAGGCC,38,3685618
tolCp1,1.0,8,4,CGTATTCTCGTGTAATAAAC,4,3669688
tolCp1,5.0,28,4,CGTAGCCTCATCTACCCGAT,24,3715327
tolCp1,1.4,10,4,CGTAATTCGCTCCGGTAGAC,6,3680037
tolCp1,9.8,52,4,CGGTGACCGGGGCGTTTACA,48,3700175
tolCp1,0.8,7,4,CGGTCCGACTCGCTCTCTGT,3,3669383
tolCp1,0.4,5,4,CGGGGCGACTGAAGGGTCGC,1,3712917
tolCp1,2.0,13,4,CGGGCCAACGGTTAATTTGT,9,3693233
tolCp1,1.4,10,4,CGGCGCTCAAGATGGTGAGG,6,3703663
tolCp1,3.8,22,4,CGGCGCCCAAGTCGTGGTAC,18,3702695
tolCp1,5.2,29,4,CGGCGCCACTCACAAGGCTA,25,3672564
tolCp1,2.6,16,4,CGGCGCAGTGAAGGTCCGTA,12,3676337
tolCp1,3.0,18,4,CGGCCGCTGGAGCATTGCCT,14,3707415
tolCp1,21.0,108,4,CGGAGTTATTAATCATTATC,104,3697326
tolCp1,4.0,23,4,CGGAATTGACCCGCACACAA,19,3683509
tolCp1,0.8,7,4,CGCTTACCAACTTCATCCTT,3,3663593
tolCp1,1.8,12,4,CGCTGCCATGTCTCGTGGAA,8,3710170
tolCp1,2.2,14,4,CGCGATGGGACGGAGTAAGA,10,3708997
tolCp1,4.2,24,4,CGCCGCCCTCGTCTTACGTA,20,3711029
tolCp1,1.8,12,4,CGCCACGAGAACGAAGTCAA,8,3712825
tolCp1,7.0,38,4,CGCATTGCTTACGTGTACCC,34,3687871
tolCp1,3.6,21,4,CGCAACACGTTTTAGATCAA,17,3683132
tolCp1,2.4,15,4,CGATTTTTAGACATATTACC,11,3692600
tolCp1,5.6,31,4,CGATGGGAGCTTGTTATTTG,27,3700626
tolCp1,3.6,21,4,CGATCGTAGAAGCTAATGAG,17,3712719
tolCp1,1.2,9,4,CGAGTGGGTTTAGTATCCCT,5,3685847
tolCp1,2.2,14,4,CGAGCAAATAAGCGGTTAGG,10,3679115
tolCp1,5.0,28,4,CGAGAATGGTCCCTTGAAGA,24,3663475
tolCp1,6.2,34,4,CGAACAGGGCTGTGTCGTGG,30,3686415
tolCp1,20.2,104,4,CGAAATAACTGGCTAATTCG,100,3712660
tolCp1,5.4,30,4,CGAAAAGGGGGTTGTGTCGC,26,3708592
tolCp1,10.8,57,4,CCTTGGGGGGTTCGCTGCTT,53,3688979
tolCp1,6.6,36,4,CCTTGCGCAGACGTGTGAAA,32,3694189
tolCp1,5.0,28,4,CCTTCCCTACCGCTTGCGCA,24,3679271
tolCp1,3.4,20,4,CCTTCATATAAGCTTCTTTA,16,3683401
tolCp1,1.4,10,4,CCTGTTTTTTTCAGGGTTTT,6,3687573
tolCp1,5.8,32,4,CCTCCTGCGGCATATCTGGC,28,3703980
tolCp1,3.6,21,4,CCTACGTCCCAGCGCGCGTC,17,3679634
tolCp1,4.0,23,4,CCGTTAAATATCTTGTGTCT,19,3662476
tolCp1,20.2,104,4,CCGTGCGACATTGGCAGGCA,100,3701485
tolCp1,12.0,63,4,CCGTATGGGGTGTTGAGCAG,59,3712650
tolCp1,2.0,13,4,CCGGTCTAAGCATTCCGCGT,9,3713405
tolCp1,3.4,20,4,CCGGCTACTCAAAAACAATA,16,3708681
tolCp1,0.6,6,4,CCGGAGCCACACGTGCCGCA,2,3680043
tolCp1,6.2,34,4,CCGCTGGCATGTATACCCGT,30,3711022
tolCp1,3.4,20,4,CCGCGCGAGCCACATTCGCT,16,3689876
tolCp1,10.4,55,4,CCGCCTACTGCAAAAGCACT,51,3701477
tolCp1,2.2,14,4,CCGATCGGGTTTTATATTCT,10,3690727
tolCp1,2.6,16,4,CCGAAACTTCCCAGCCACCC,12,3695480
tolCp1,7.8,42,4,CCCTTAGAAGTGTCACGATA,38,3689619
tolCp1,1.4,10,4,CCCTGCTCACGATAAAAATT,6,3705074
tolCp1,1.8,12,4,CCCTGAGAATAGAACCTCGG,8,3709766
tolCp1,1.6,11,4,CCCTCCAGTAGATCCGAAGA,7,3684915
tolCp1,9.6,51,4,CCCGGCGTCGCGGGTTGAAG,47,3702340
tolCp1,0.8,7,4,CCCGCTAAGCAGGAGCGGGT,3,3690748
tolCp1,3.2,19,4,CCCCGCCCCCATCATGAGTC,15,3706297
tolCp1,2.4,15,4,CCCCCCAGGTGCTGTGCGCA,11,3682089
tolCp1,2.4,15,4,CCCATGCTCTGGCTTGCGGC,11,3705199
tolCp1,2.6,16,4,CCCATAAGGCCATTAGCAGC,12,3710901
tolCp1,3.8,22,4,CCCAGGCAGTGTATGCAGGA,18,3673400
tolCp1,4.0,23,4,CCCACCCCCCAAGGCACGGG,19,3680049
tolCp1,7.6,41,4,CCATGGTCCCTCCGCTGCCC,37,3661317
tolCp1,8.0,43,4,CCAGTGGTAATGTTCCCGAC,39,3704645
tolCp1,0.6,6,4,CCAGTACAACACGTGAGAAT,2,3709293
tolCp1,0.4,5,4,CCAGGGCGACGTCTGGCGAG,1,3671142
tolCp1,11.0,58,4,CCAGCGCCTCCTAGAAACCA,54,3697314
tolCp1,2.4,15,4,CCAGCCTTGAATTCTTTTGC,11,3708820
tolCp1,1.2,9,4,CCACTGGGTTTTGGTGTACT,5,3711126
tolCp1,16.2,84,4,CCACAATTACTCTTGATCTT,80,3679638
tolCp1,0.8,7,4,CCAATCACAAGGGGCGCTGC,3,3666633
tolCp1,2.8,17,4,CCAAGGCCGTCATGAGATTA,13,3675091
tolCp1,4.2,24,4,CCAACAGTAGGGGCCTGTAT,20,3714822
tolCp1,1.6,11,4,CATTTCCTGCTGGGGCATGT,7,3697609
tolCp1,3.0,18,4,CATGTTTCGAGTTTTCATCC,14,3698058
tolCp1,2.2,14,4,CATGTCAATTTGACCTCTCT,10,3680869
tolCp1,11.2,59,4,CATCGAATTTCTAATCCCCA,55,3663929
tolCp1,2.0,13,4,CATCCTGACACTTCATGGAG,9,3691923
tolCp1,26.0,133,4,CATCCGTGAATAATCACGGT,129,3667793
tolCp1,22.0,113,4,CATCATCATTCCTTGGACAC,109,3679272
tolCp1,0.8,7,4,CATCAAATTAAATAGCAGTT,3,3666209
tolCp1,1.2,9,4,CATATGGAAACTAGCCGACA,5,3709576
tolCp1,1.8,12,4,CATAGAGTCGAGTGTAAACA,8,3690352
tolCp1,1.2,9,4,CATACTTGGCAAATTTGGTC,5,3690981
tolCp1,3.0,18,4,CATAAGCTCTAAATTCCCGA,14,3714885
tolCp1,2.4,15,4,CAGTTATCTAGTACGGTAAA,11,3685645
tolCp1,1.2,9,4,CAGTCGATATACCGCTTAGG,5,3661800
tolCp1,1.0,8,4,CAGTAGACAAATGCGGTTCT,4,3671786
tolCp1,6.6,36,4,CAGTAGAAACTTTCCTTAAA,32,3713073
tolCp1,2.6,16,4,CAGTAACCAGCCAAATGGTA,12,3664398
tolCp1,0.8,7,4,CAGGATGGTCCAAACCGTTG,3,3683422
tolCp1,8.8,47,4,CAGGAAGCTCTAAAAAAGCT,43,3693397
tolCp1,6.2,34,4,CAGCTAGCCTCCCAACCCAC,30,3709416
tolCp1,5.0,28,4,CAGCATTAGAGGTTTATGTA,24,3686396
tolCp1,2.2,14,4,CAGAGCGTGGCCAGTCCACC,10,3697248
tolCp1,4.6,26,4,CAGACTCCCACATAGTTCAG,22,3700463
tolCp1,6.8,37,4,CACTGATTACTGGTCCATGG,33,3695838
tolCp1,1.4,10,4,CACGCTACAAAGCCGCTATG,6,3692105
tolCp1,1.4,10,4,CACGAACGCTCATTGGAGTG,6,3689460
tolCp1,1.4,10,4,CACCCGGGCTTTCCTTGCTA,6,3673039
tolCp1,6.8,37,4,CACCCCAGGGCTAAGCGAAG,33,3667636
tolCp1,1.8,12,4,CACCATATAGGTTATGGGAG,8,3672704
tolCp1,2.4,15,4,CAATGTTCACGGCTCCCCTT,11,3683952
tolCp1,4.0,23,4,CAATGCAGCCTATAGCCATC,19,3675855
tolCp1,1.0,8,4,CAAGTGCGGCACTGCTTATA,4,3709698
tolCp1,0.8,7,4,CAAGTCCCTGCGGGTCAGAA,3,3684386
tolCp1,1.6,11,4,CAAGCCCCTTTTAAGGGAGG,7,3664064
tolCp1,3.6,21,4,CAAGAGAAGACGAGACTGGA,17,3686823
tolCp1,2.0,13,4,CAAGAAACCGTACAGCCGAA,9,3667069
tolCp1,12.2,64,4,CAACCGGCCCGCGGGAAGGT,60,3678596
tolCp1,1.4,10,4,CAACAGTTGAGAATGAGGCA,6,3671525
tolCp1,2.2,14,4,CAACACTATCAGGCGGGTGT,10,3704439
tolCp1,1.4,10,4,CAAATGGCGACTATACGGGG,6,3698658
tolCp1,2.8,17,4,CAAAACCGATTTACCGATTC,13,3686108
tolCp1,6.0,33,4,ATTTGCTAGGCTAACTATCT,29,3668885
tolCp1,4.2,24,4,ATTTAAATGCTAATGCTGTA,20,3673031
tolCp1,0.4,5,4,ATTGTCAGCTGCTGCTAACC,1,3710418
tolCp1,5.4,30,4,ATTGGTTCATCATCATCTTC,26,3677606
tolCp1,3.0,18,4,ATTGGTTATAACCGGTGTCC,14,3681379
tolCp1,3.4,20,4,ATTGCCGGTGCGGGATATGG,16,3662664
tolCp1,0.4,5,4,ATTCTTCGTTTTCGATCGGC,1,3709564
tolCp1,1.0,8,4,ATTCTAAGTGCAGGGGGCTG,4,3671202
tolCp1,7.2,39,4,ATTCGCGACCTAAAGTTAGA,35,3713897
tolCp1,3.6,21,4,ATTCGAGTACTGCCACAGTT,17,3662559
tolCp1,2.2,14,4,ATTCGAAAGCCACGATACGA,10,3661471
tolCp1,5.6,31,4,ATTCCAACCGGTACGGTTAC,27,3674962
tolCp1,0.8,7,4,ATTATCTCGGGCTGATCATC,3,3694957
tolCp1,3.4,20,4,ATTACTATATATTACCCGGG,16,3696268
tolCp1,6.2,34,4,ATTACCCGGGCCGGTTCTGA,30,3679073
tolCp1,4.4,25,4,ATGTTTGGGATGCAGCTCGC,21,3715310
tolCp1,1.8,12,4,ATGTGACACCTGCATCAGGC,8,3686957
tolCp1,25.6,131,4,ATGTCTGTTGCTGGATGACA,127,3691903
tolCp1,4.0,23,4,ATGGCGGGGAAAGCGGGGTT,19,3699069
tolCp1,8.4,45,4,ATGGCGATGAAGAATGCGAC,41,3710233
tolCp1,2.4,15,4,ATGGCCCATGCAACATATTA,11,3666793
tolCp1,6.0,33,4,ATGGAAAGGATGTTGTTCTT,29,3672348
tolCp1,1.2,9,4,ATGCTTCAGCTGGCTTTGCA,5,3689092
tolCp1,1.8,12,4,ATGCGGCACAAGGGAAGTTG,8,3664224
tolCp1,1.0,8,4,ATGCCACCCGGGGGAAAGGG,4,3693437
tolCp1,2.0,13,4,ATGATTTCTTTGCGTTAGGA,9,3669229
tolCp1,0.6,6,4,ATGAGTTTTCCCGGATAGTA,2,3679553
tolCp1,3.2,19,4,ATGAGTTTCGGGAGGCAGCA,15,3678925
tolCp1,3.6,21,4,ATGAGAAAATATAGACCGCT,17,3695597
tolCp1,8.4,45,4,ATGAAGACGGAGATTTGCTT,41,3691030
tolCp1,1.2,9,4,ATCTGGCGTTTGGAGTTTCG,5,3685736
tolCp1,6.4,35,4,ATCTCTGCGTTAACATCACA,31,3696257
tolCp1,10.0,53,4,ATCTCTCAGCCGTGTGAGAC,49,3667638
tolCp1,1.8,12,4,ATCTCCCTTGTCCACAACAA,8,3701351
tolCp1,2.4,15,4,ATCGGCGGAGGCCACAGAAG,11,3698283
tolCp1,4.6,26,4,ATCCGCCCTGAGAGTTCGTG,22,3665778
tolCp1,2.8,17,4,ATCCCTGACCAGTCTGTTGT,13,3713349
tolCp1,0.4,5,4,ATCCATACGGCGCCGGCACG,1,3700994
tolCp1,4.2,24,4,ATCCACACGGCACTTGAAAT,20,3708345
tolCp1,4.2,24,4,ATCATGCTGTGAATCCATCT,20,3690511
tolCp1,2.2,14,4,ATCATCGTCGAGAAGAATGG,10,3700237
tolCp1,1.2,9,4,ATCAAGAAAGAGGAACGGTT,5,3674545
tolCp1,0.6,6,4,ATCAACAGAGCTCGATCGTT,2,3685424
tolCp1,3.2,19,4,ATATTATGTAGAATGATCCT,15,3690450
tolCp1,14.0,73,4,ATATGGCAGTTGACTCGCAG,69,3669749
tolCp1,46.4,235,4,ATATCTCAGTCTCGCTACCC,231,3714476
tolCp1,13.2,69,4,ATATAGGTTTGGCGTTGAAG,65,3701731
tolCp1,3.0,18,4,ATAGTAAGGCAGCCATTTAA,14,3667034
tolCp1,5.0,28,4,ATACATTCAAGGGGATCCCC,24,3699576
tolCp1,9.6,51,4,ATACATCATCGTTAGTAAGG,47,3669089
tolCp1,2.8,17,4,ATAAGAATCTTCGGCTTTAA,13,3685797
tolCp1,0.8,7,4,ATAACACTGGAACTCAGTCC,3,3678618
tolCp1,4.0,23,4,ATAACACACCTTAGAATGAT,19,3670856
tolCp1,1.4,10,4,AGTTGCCGTACTGTCTCTCT,6,3688172
tolCp1,8.2,44,4,AGTTGACTCTCTGGCGAAAA,40,3698442
tolCp1,0.6,6,4,AGTTCTAACAGTGCGGCTTA,2,3667170
tolCp1,4.8,27,4,AGTTAAAGGAGTTTGCGAGG,23,3698460
tolCp1,2.2,14,4,AGTGGTCTTCGAACAGTTGT,10,3667649
tolCp1,7.2,39,4,AGTCCGAGCACTCTTGTCTA,35,3688282
tolCp1,1.8,12,4,AGTCACATATGAACCGTAAC,8,3702088
tolCp1,0.4,5,4,AGTATCTCCAAGTCGGTACA,1,3663060
tolCp1,3.6,21,4,AGTAGTACAATTGGGCATAA,17,3665562
tolCp1,3.8,22,4,AGTACGGCCCTCTCAGCGAA,18,3697152
tolCp1,6.8,37,4,AGGTGACGGAGTGCGCCCAC,33,3701859
tolCp1,0.8,7,4,AGGTCGGGTTTTGGGATTCA,3,3701592
tolCp1,2.6,16,4,AGGTCCTTACACCTGCATGG,12,3667469
tolCp1,5.6,31,4,AGGGGGTATCATGTGTTTTA,27,3708296
tolCp1,1.6,11,4,AGGGGACCCAGTGCAAGGCA,7,3715202
tolCp1,4.2,24,4,AGGCTGGTAGGCCCCAGCGT,20,3672541
tolCp1,1.8,12,4,AGGCTCCGTTGGGCATTAAT,8,3661204
tolCp1,19.0,98,4,AGGCCGAGTACCAGCCGGGT,94,3679283
tolCp1,41.6,211,4,AGGCAGACTCAGGGGTACTT,207,3685060
tolCp1,2.2,14,4,AGGATTGGTCGCAATGCCTT,10,3682879
tolCp1,0.4,5,4,AGGATGTATGTCCGGTGTAT,1,3705214
tolCp1,2.0,13,4,AGGATGACATTTTAAACCAC,9,3688020
tolCp1,15.8,82,4,AGGATACACCCCGTAACGTA,78,3671024
tolCp1,1.8,12,4,AGCTTAACTGCATAGATGAT,8,3687005
tolCp1,1.2,9,4,AGCTCAAAACGATCGCGTAT,5,3696988
tolCp1,12.6,66,4,AGCTACGTCACCCTACACCG,62,3693996
tolCp1,2.2,14,4,AGCCGACTAGGCGTGTCTAT,10,3695322
tolCp1,4.4,25,4,AGCCGAATAATAGGTATGTG,21,3679245
tolCp1,12.8,67,4,AGCCACGGGACCATACATTC,63,3682545
tolCp1,11.2,59,4,AGCAGGCCTACGCTTGTACA,55,3661647
tolCp1,3.6,21,4,AGCAGATGCGTACTAATATT,17,3714757
tolCp1,5.2,29,4,AGCAGAGCGTTAAGCTTCTC,25,3690828
tolCp1,1.0,8,4,AGCACGGAAAGTAAAGACTG,4,3662117
tolCp1,3.4,20,4,AGAGGATAGACTGGCATCGT,16,3698833
tolCp1,5.0,28,4,AGAGGAATGCGGTGAAACTC,24,3694361
tolCp1,3.6,21,4,AGAGCTAATTCATCATTTGT,17,3664783
tolCp1,3.8,22,4,AGAGCCAACACGTACAGTGT,18,3667300
tolCp1,0.4,5,4,ACTTTGATATTCATTAGCTG,1,3701287
tolCp1,0.4,5,4,ACTTTCTAATAGTTCATTTA,1,3693395
tolCp1,7.4,40,4,ACTTTAAGATGCGAAGGGTG,36,3676832
tolCp1,5.6,31,4,ACTTGACACCAGGCTTCGAG,27,3697638
tolCp1,4.6,26,4,ACTTAGCCCCACGAGGCTAC,22,3688070
tolCp1,6.0,33,4,ACTCTTGATCATTGTGCAGT,29,3710563
tolCp1,2.4,15,4,ACTCTCCAATATCGGCTCAC,11,3667315
tolCp1,2.4,15,4,ACTCAGTTCACCGGCCTTGG,11,3693558
tolCp1,5.0,28,4,ACTCAGGCCATTTTTGTGCG,24,3678586
tolCp1,8.0,43,4,ACTAGATGGCTACGGATACA,39,3696515
tolCp1,2.6,16,4,ACGTTACGCCCAGGAAGGCA,12,3685357
tolCp1,1.8,12,4,ACGGCAGTGCTCGCTTAACG,8,3678272
tolCp1,3.8,22,4,ACGGCAATGGTCGTGACGGT,18,3666899
tolCp1,1.6,11,4,ACGCTATCGCGGGAACTACC,7,3663212
tolCp1,7.2,39,4,ACGCCAAAGGAGCCCCTCGA,35,3664927
tolCp1,5.2,29,4,ACGAGCCGTGTATGTTCCCT,25,3694923
tolCp1,2.0,13,4,ACGAAAGATTTTGACGATAA,9,3686682
tolCp1,9.6,51,4,ACCTGTGTAGTAGGTCCTAT,47,3687560
tolCp1,2.4,15,4,ACCTGAAGCCGTAGGTAAAC,11,3684240
tolCp1,5.2,29,4,ACCCGGGGGAGAGATACGTG,25,3686980
tolCp1,4.6,26,4,ACCCACTAGCTACGAACAGC,22,3709106
tolCp1,0.8,7,4,ACCCAATTTCGATAGCATTT,3,3705602
tolCp1,2.0,13,4,ACCATAGTGATCAGCGTTGC,9,3705458
tolCp1,14.4,75,4,ACCACGCGTTCTCCTTACGG,71,3713805
tolCp1,4.6,26,4,ACCACCGTTGAGAGATAGAA,22,3696841
tolCp1,0.8,7,4,ACATTACAAAGCCGCTTCGT,3,3682553
tolCp1,1.4,10,4,ACATTAACGGTACCCCGTTA,6,3703660
tolCp1,3.8,22,4,ACATGCGTATACAGCCGGAT,18,3684506
tolCp1,5.2,29,4,ACATCTCCCCTTTTTATTCA,25,3696333
tolCp1,10.6,56,4,ACATCACTCGTAGGCATGTC,52,3688804
tolCp1,3.2,19,4,ACAGTATTATCACTTTCCAA,15,3687681
tolCp1,1.2,9,4,ACAGGCTCAGGCCTATTCCG,5,3663368
tolCp1,1.8,12,4,ACAGGAAGTTGTTCGGCCCG,8,3697935
tolCp1,3.8,22,4,ACAGCAGGCAACCAGGTCGG,18,3711329
tolCp1,12.4,65,4,ACAGATTCTCGCCTCCGTAT,61,3674260
tolCp1,6.6,36,4,ACACACCGGTATCCGCGTAA,32,3668151
tolCp1,2.0,13,4,ACACAAACCACCGCGCCGGT,9,3663643
tolCp1,5.6,31,4,ACAAAGGGATCAAGATTTTA,27,3700325
tolCp1,7.0,38,4,ACAAAGGCGCCGGGTACGGC,34,3677620
tolCp1,1.6,11,4,AATTTGGTCAGAAGTCTTTA,7,3671426
tolCp1,6.8,37,4,AATTATCTGTGCACGAACCT,33,3703798
tolCp1,6.6,36,4,AATTAAGAGCCGACCGGAGC,32,3684155
tolCp1,21.2,109,4,AATGCATCATTCCTACGCTT,105,3692843
tolCp1,1.8,12,4,AATGACTACTTTTTCAAGAT,8,3689801
tolCp1,3.2,19,4,AATCTCGGTCGTTCTACATG,15,3664696
tolCp1,6.2,34,4,AATCCAATTTATGGCCCCTT,30,3676734
tolCp1,106.8,537,4,AATCACATGTTCCGCACTAA,533,3696406
tolCp1,11.8,62,4,AATAAATGTTGCGTTACAGG,58,3696116
tolCp1,0.6,6,4,AAGTTATGGCTGTGATGGCT,2,3707067
tolCp1,3.0,18,4,AAGTCCTTCCTGAGTCCATC,14,3673495
tolCp1,2.6,16,4,AAGTCCCTGCAGCAGCCCGA,12,3698831
tolCp1,1.8,12,4,AAGTATATCCGCTCCCCTAT,8,3684946
tolCp1,8.2,44,4,AAGGCATGTGTATGGCGATG,40,3699600
tolCp1,0.6,6,4,AAGGAATTAGCGCTTTCATA,2,3691578
tolCp1,19.8,102,4,AAGCTGTTCTAGGATTTTAT,98,3665093
tolCp1,5.0,28,4,AAGCTCAGGCATTTCAAACG,24,3668666
tolCp1,5.2,29,4,AAGCTACCGAAAGTGGAAGT,25,3687600
tolCp1,4.8,27,4,AAGCCGCTCAGATTCCGCCT,23,3681280
tolCp1,3.0,18,4,AACTTATGGAGGCAGTCCCT,14,3711270
tolCp1,5.2,29,4,AACTGAGATACGATTTTTGG,25,3676220
tolCp1,2.4,15,4,AACTCTCCGTGTCGGGCAGC,11,3707774
tolCp1,2.6,16,4,AACTATAGCCCCAGTCGGCC,12,3690832
tolCp1,5.6,31,4,AACTAGGGGCAGGCGATGCC,27,3689654
tolCp1,0.8,7,4,AACTACGCCGGTGACAATGA,3,3687216
tolCp1,6.4,35,4,AACTAAGCAGAATATAGGGT,31,3704120
tolCp1,3.8,22,4,AACTAACTCTAACCAAGAAG,18,3664241
tolCp1,2.8,17,4,AACGGTGTATATTCTATTGC,13,3707070
tolCp1,0.4,5,4,AACGGCGGGATACACCGTAC,1,3667014
tolCp1,3.4,20,4,AACGGAGACGTTCGCTCCAA,16,3679976
tolCp1,2.8,17,4,AACCTCAAGAGAAAGGAGGT,13,3665941
tolCp1,2.2,14,4,AACCGTCTATACAGCACATG,10,3708096
tolCp1,0.4,5,4,AACCGGACACGATTTAGCAG,1,3705438
tolCp1,2.2,14,4,AACCCGGCTGCATCTCATGC,10,3706641
tolCp1,8.4,45,4,AACACTACTGATACGCAGTA,41,3706359
tolCp1,10.0,53,4,AACACAGGCCTATCCACAAA,49,3671753
tolCp1,6.0,33,4,AACACACACTCAGGTCAGTG,29,3666548
tolCp1,2.8,17,4,AAATTCCGTCCGCACGTTCC,13,3664977
tolCp1,9.4,50,4,AAATGTCGAGAAAACGGAAT,46,3686032
tolCp1,4.2,24,4,AAATAAGGTCGTAGTCAAGG,20,3687614
tolCp1,6.0,33,4,AAAGGGATTCCACCTCTTAG,29,3671897
tolCp1,2.2,14,4,AAAGCCCCGGGCCGAAGATA,10,3664785
tolCp1,4.2,24,4,AAACATGGTGTCATTTTACC,20,3686853
tolCp1,4.25,19,3,TTTTGTGTCCTAGGCTGATT,16,3684175
tolCp1,16.5,68,3,TTTTCTGAGGAAGATGCCTC,65,3667961
tolCp1,2.5,12,3,TTTTAAAGTTGTGTGACAAG,9,3663429
tolCp1,9.75,41,3,TTTGGGTCGCATTTTGATAG,38,3686716
tolCp1,15.5,64,3,TTTGCTTCGAGAGAACGATC,61,3683443
tolCp1,10.25,43,3,TTTCGCAATCTGCTGGGCTG,40,3708979
tolCp1,3.75,17,3,TTTCGATAGCATCAATACGA,14,3680931
tolCp1,2.0,10,3,TTTCAGTGCGTGCTAGTCAA,7,3667717
tolCp1,2.25,11,3,TTTCAGAGATTATGGGTGAC,8,3693585
tolCp1,21.0,86,3,TTTATCGACACTAGGTTCAA,83,3700077
tolCp1,8.25,35,3,TTTAGCGTTTCTACCCGGTC,32,3674459
tolCp1,3.25,15,3,TTTACCCTTGGACACCGCGT,12,3682319
tolCp1,4.75,21,3,TTGTTTATGCATGCAGTTAT,18,3672167
tolCp1,2.75,13,3,TTGTACCCAGGACTGAGTTG,10,3679968
tolCp1,1.5,8,3,TTGGTTTTCCACATATCTGG,5,3697869
tolCp1,4.75,21,3,TTGGTATCCAATAGTGACCT,18,3682264
tolCp1,21.0,86,3,TTGGCGGCATGAGAGCCAAT,83,3676517
tolCp1,2.75,13,3,TTGGCATTGCTTCATTGCGC,10,3663261
tolCp1,1.25,7,3,TTGCTCATATCATAAATTGG,4,3693571
tolCp1,11.75,49,3,TTGCGCGTGCAGTCGCCAAA,46,3670868
tolCp1,12.0,50,3,TTGCATAAGGGACGAAGTGT,47,3707931
tolCp1,3.5,16,3,TTGATAGTCCATCGGACGGT,13,3699885
tolCp1,3.5,16,3,TTGAGCTAACGGTTAAGCCA,13,3678730
tolCp1,2.0,10,3,TTGAGCCCGACTCCGTTTAA,7,3695607
tolCp1,36.75,149,3,TTGACGGTCACAAGCTCCGT,146,3701741
tolCp1,3.0,14,3,TTGACAAAGGCCAAACGGAG,11,3672993
tolCp1,4.75,21,3,TTCGCATCGCAACCGACGTA,18,3686440
tolCp1,3.75,17,3,TTCGACGCTAGGGCGAAATG,14,3707001
tolCp1,9.25,39,3,TTCATATCCGTTCACATCGT,36,3674054
tolCp1,11.0,46,3,TTCACCTTCGCGTAAATCGG,43,3706989
tolCp1,3.25,15,3,TTATGCAAATGGCTCCCTGT,12,3689886
tolCp1,2.75,13,3,TTATGAGAGTGATCTAGTTA,10,3670357
tolCp1,1.25,7,3,TTATAGGGGCATTGGCCGAA,4,3665181
tolCp1,3.25,15,3,TTATACCCCAAACTCAGTTA,12,3690120
tolCp1,0.5,4,3,TTATAAAGCTGCTACGGTCT,1,3671425
tolCp1,1.75,9,3,TTACCTTCCGCCTACCGTGG,6,3709115
tolCp1,2.5,12,3,TTACCCTTTACGTAGGACTT,9,3697133
tolCp1,7.25,31,3,TTACCAATCGGTGGAATCAG,28,3682248
tolCp1,2.0,10,3,TTACAAGCGGCCCACAAGTT,7,3670572
tolCp1,5.75,25,3,TTAATTTTCGTTTCCGTCGC,22,3710001
tolCp1,7.75,33,3,TTAATCATGTGTGTCCCTGT,30,3696717
tolCp1,2.75,13,3,TTAACGTCGGGCTTTTGCGT,10,3707294
tolCp1,2.75,13,3,TGTTGTCAGAATAATGTCCT,10,3667831
tolCp1,2.75,13,3,TGTTCTTCCAACTCTCGCGA,10,3670484
tolCp1,1.25,7,3,TGTGTAAAGCCAGCACGTAC,4,3664103
tolCp1,8.0,34,3,TGTCCGACCCTCCTTGGCTT,31,3671881
tolCp1,6.25,27,3,TGTAGCACTATGCAGGCTAC,24,3696954
tolCp1,2.75,13,3,TGTACATCAAGCCCGTACTC,10,3714619
tolCp1,30.5,124,3,TGTACAATCTCTGCAAAATA,121,3669773
tolCp1,3.0,14,3,TGTAACAAATGATGATCGCC,11,3675162
tolCp1,7.5,32,3,TGGTTCTGCGTACCGGTAAA,29,3683553
tolCp1,0.75,5,3,TGGTTAGCGGCTACAATCTC,2,3710428
tolCp1,11.0,46,3,TGGTGGTGAGAAAGTCCCCG,43,3698827
tolCp1,1.5,8,3,TGGTGCCAATGGCGTTACAA,5,3714155
tolCp1,3.0,14,3,TGGTAACGCTCTGACCTCCA,11,3687010
tolCp1,0.5,4,3,TGGGTTGTATTAGTATAATA,1,3675903
tolCp1,15.0,62,3,TGGGCAAATGGCGACGCCCC,59,3681837
tolCp1,11.0,46,3,TGGGATTGCGGAGTCTTAAT,43,3664286
tolCp1,4.25,19,3,TGGCGGAGGGAAGCTTAAAC,16,3699108
tolCp1,11.25,47,3,TGGCGAGTCTTCTACCCCCG,44,3664095
tolCp1,3.25,15,3,TGGCAGAGCTTATTCGGACA,12,3678005
tolCp1,3.75,17,3,TGGACGCTAGGCCGGGCAAT,14,3682143
tolCp1,0.5,4,3,TGGAAAATGTCACTTGCAGT,1,3705040
tolCp1,3.25,15,3,TGCTGGGGTTATTACCCGAT,12,3711041
tolCp1,13.0,54,3,TGCTCGGCTGGCCGGCATGT,51,3666147
tolCp1,1.0,6,3,TGCTCCACTAGGGTTTAGCG,3,3685907
tolCp1,2.5,12,3,TGCTCATCGTATTCCACGGT,9,3681275
tolCp1,2.0,10,3,TGCGGGTTGGTGAGCCGGCA,7,3666579
tolCp1,4.75,21,3,TGCGCTTGAGACCAACGAGA,18,3689354
tolCp1,4.75,21,3,TGCGCCCGTTAGCCTACACA,18,3686542
tolCp1,4.25,19,3,TGCCAGCTGTTGTCGGGCCA,16,3696485
tolCp1,2.75,13,3,TGCCACATGTGGTGGGGCTG,10,3662736
tolCp1,2.25,11,3,TGATGCTGGGTGCGAATCAT,8,3682641
tolCp1,5.5,24,3,TGAGTGCCGTGATATCGGCT,21,3703799
tolCp1,7.25,31,3,TGAGTATTCGAGCCCGGAGC,28,3671274
tolCp1,7.0,30,3,TGACTCACGTTATACAGGTG,27,3668109
tolCp1,3.5,16,3,TGAATTCGGGCACATGTTGC,13,3711459
tolCp1,3.25,15,3,TGAATAGAACCACGCGGCCG,12,3701572
tolCp1,16.75,69,3,TGAACAGGCATGAAAGTGCT,66,3671019
tolCp1,4.0,18,3,TCTTATTTCGAGCGTTATTT,15,3700180
tolCp1,5.0,22,3,TCTGATATGTTGCGAAACAT,19,3693888
tolCp1,4.0,18,3,TCTGAAAAACAAGGTTGTCC,15,3682418
tolCp1,1.0,6,3,TCTCCGAGCCATCCAAAAAT,3,3713768
tolCp1,1.5,8,3,TCTCAGATATCATGCGGTTA,5,3699440
tolCp1,2.25,11,3,TCTAAGCTCATGTGATCACA,8,3705208
tolCp1,2.25,11,3,TCGTGTCACTCAGCGCTCAC,8,3698274
tolCp1,2.0,10,3,TCGTCGATTGGTGGCTGACT,7,3694646
tolCp1,7.25,31,3,TCGGGTGCGTGGTCATCCGA,28,3675079
tolCp1,4.5,20,3,TCGGGCACTAGGGAAATGAA,17,3666814
tolCp1,2.0,10,3,TCGGCTTCTGTCCGAGTAGT,7,3706805
tolCp1,1.5,8,3,TCGGCTAGCTCCCCGCGGCG,5,3708063
tolCp1,15.75,65,3,TCGGCCGAGTCGCAACGGAC,62,3704389
tolCp1,8.5,36,3,TCGGCCAAAGCTCGGTAGAC,33,3668306
tolCp1,2.5,12,3,TCGGATTGCAGTGCAGACGT,9,3700970
tolCp1,3.0,14,3,TCGCTGTAAAAGACTGGACA,11,3690410
tolCp1,0.5,4,3,TCGCGGTTCGATTAGAGGGA,1,3707836
tolCp1,0.5,4,3,TCGCGCTAACGGGTAGTTCT,1,3714592
tolCp1,5.25,23,3,TCGCGAGGAGGTGGGCCGAC,20,3689791
tolCp1,6.5,28,3,TCGCACAAGCTTTGTTTAAT,25,3710487
tolCp1,8.0,34,3,TCGATTAAAGGGTTCATTTG,31,3670067
tolCp1,11.5,48,3,TCGACTAAGTTTGAGTGTCC,45,3682473
tolCp1,1.5,8,3,TCGACCCCGATTTCACATTA,5,3697549
tolCp1,1.0,6,3,TCCTTCTAGAACAGCTGAAA,3,3683365
tolCp1,2.5,12,3,TCCTCGTTTCTTCCACAAAA,9,3705169
tolCp1,1.25,7,3,TCCTCGAAACCCGACCGGCG,4,3709355
tolCp1,3.75,17,3,TCCGCTATTTGCAAACGATG,14,3664242
tolCp1,13.75,57,3,TCCGAACTGGGCATCAAGGA,54,3708733
tolCp1,3.0,14,3,TCCCCGGCCGTGCGAGTCCA,11,3688495
tolCp1,1.75,9,3,TCCCAATTTGAGGAAAGATA,6,3710694
tolCp1,2.5,12,3,TCCAGTTAAGCGGGCGTCTC,9,3691659
tolCp1,1.25,7,3,TCATATTGCAAGGCTCCCAA,4,3700243
tolCp1,9.75,41,3,TCATACTGTCACCGGTACTG,38,3667211
tolCp1,2.0,10,3,TCATAATACCGGCCGTCCCG,7,3699251
tolCp1,2.75,13,3,TCAGGTTATCTTGTGGCTTC,10,3691799
tolCp1,3.25,15,3,TCACCTTTAAGCTTACAGAA,12,3699641
tolCp1,3.0,14,3,TCACAAAAACTTGAAGTTCA,11,3695969
tolCp1,20.0,82,3,TCAAGCCTTCTAGGTGCTTC,79,3688812
tolCp1,12.0,50,3,TCAACGCTATGTTATGTTCG,47,3695664
tolCp1,5.25,23,3,TATTTGGGAGAGTGTCTAAT,20,3678295
tolCp1,94.25,379,3,TATTAACAAAGTGGTTACAT,376,3685072
tolCp1,0.5,4,3,TATGGATGGGTAAATCCCTG,1,3704399
tolCp1,3.0,14,3,TATCGCGTAAATTTAGACGT,11,3674960
tolCp1,1.75,9,3,TATCCTGTTTGTATAGGAAA,6,3664980
tolCp1,3.75,17,3,TATAGAGATTTCCGCATAGC,14,3697147
tolCp1,10.0,42,3,TAGTTGTGGGTGGGTCAGTG,39,3695072
tolCp1,5.25,23,3,TAGGACCATTGGGTATCATG,20,3704781
tolCp1,10.0,42,3,TAGCTCTCATCAATAGTTCA,39,3707457
tolCp1,1.5,8,3,TAGCTCGCCTGACTGACTCC,5,3703540
tolCp1,3.0,14,3,TAGCCCTGCCTATAGACCAT,11,3702130
tolCp1,1.0,6,3,TAGCCACGTGAGAGACCTTC,3,3687995
tolCp1,8.75,37,3,TAGATCGACCATTACCGACA,34,3689740
tolCp1,3.5,16,3,TAGAGCAGTTGCCCGGAATA,13,3697372
tolCp1,2.0,10,3,TACTTGGGCATGAATGCATA,7,3708898
tolCp1,1.75,9,3,TACTCTGGAAGTCCTGATGT,6,3678389
tolCp1,9.25,39,3,TACGTTAGACCCCTATTCAG,36,3712404
tolCp1,1.25,7,3,TACCTGTAGTTGAGCTCAGC,4,3707579
tolCp1,5.0,22,3,TACCGGAAAACTTTTTCGAT,19,3678840
tolCp1,0.5,4,3,TACCGCAAAAATTGTGAACG,1,3690889
tolCp1,3.0,14,3,TACCCCTAACCGGGAAAGCG,11,3671543
tolCp1,2.5,12,3,TACCCCCCCTTTATTACGTA,9,3692487
tolCp1,2.75,13,3,TACATTTAACACGACCCGCG,10,3693223
tolCp1,2.0,10,3,TACATCTTCCCGCTGATCCA,7,3688027
tolCp1,2.0,10,3,TAAGTAATACACTTGCGGCA,7,3709524
tolCp1,1.75,9,3,TAAGAGGAACAGAAGGCTAA,6,3684242
tolCp1,9.75,41,3,TAAGAACCGCAGAAATGGAG,38,3684754
tolCp1,4.0,18,3,TAACTCAATTACCCACGGTC,15,3679022
tolCp1,2.5,12,3,TAACGATTACACCACTAGCA,9,3671183
tolCp1,4.25,19,3,TAAATTACGCATGTTGCTTT,16,3667516
tolCp1,13.25,55,3,GTTTTAGAAGCCATTAACGC,52,3700928
tolCp1,6.0,26,3,GTTTGTTAAGAACCGGCGGC,23,3707455
tolCp1,38.25,155,3,GTTTGTGAAGATGCTACTGC,152,3696414
tolCp1,4.25,19,3,GTTTCACCATTGCGGTGTTC,16,3713201
tolCp1,109.0,438,3,GTTTACCTAACTGTGTCAGC,435,3685067
tolCp1,13.75,57,3,GTTGGTGTATATATTCGGCA,54,3678456
tolCp1,0.75,5,3,GTTGGTATAAAAGACGCGGC,2,3715075
tolCp1,9.5,40,3,GTTGGCCGGACAGGTGCGCG,37,3681276
tolCp1,9.25,39,3,GTTGCCCACTTAGGCGTATT,36,3665339
tolCp1,2.75,13,3,GTTGACTAAGCCATAAGCGT,10,3689816
tolCp1,19.5,80,3,GTTCTCACGTAACCCAATAC,77,3702897
tolCp1,3.0,14,3,GTTCTCAAATTCCATGTTCC,11,3677961
tolCp1,3.25,15,3,GTTACATGGGCAGAGACGTC,12,3679379
tolCp1,9.0,38,3,GTTACATGCTCCCCCCCGTT,35,3684486
tolCp1,3.5,16,3,GTTAAACCCAGCACTAACTC,13,3698878
tolCp1,7.25,31,3,GTGTCAGATGGACTGCCACC,28,3697336
tolCp1,33.25,135,3,GTGGTACGGCGTACGACAGA,132,3694009
tolCp1,1.5,8,3,GTGGATTCCGTTAAAGCTAT,5,3703592
tolCp1,3.25,15,3,GTGCGTGTTGACAGCCCGAC,12,3663456
tolCp1,49.75,201,3,GTGCGTCAGCACTGGTTGGA,198,3712524
tolCp1,11.0,46,3,GTGCCGTCATTTCGTTCCTA,43,3677511
tolCp1,2.0,10,3,GTGCCCATACAGTAGTAGTT,7,3669836
tolCp1,1.5,8,3,GTGATTAGTGTTGACTTTTG,5,3667252
tolCp1,2.75,13,3,GTCTGGGGAATAACTCTTCA,10,3662042
tolCp1,2.75,13,3,GTCTGCCCTCATATAATATT,10,3678341
tolCp1,2.75,13,3,GTCCTTCAACCAAGATCTGC,10,3679532
tolCp1,2.25,11,3,GTCCGCGAAGAGTGGTGGTA,8,3701981
tolCp1,2.0,10,3,GTCCGCATCACGTATCAACC,7,3681158
tolCp1,3.75,17,3,GTCACATGTGACGCCCAAGC,14,3664172
tolCp1,2.25,11,3,GTCAACATCTGGACATTTTT,8,3688170
tolCp1,0.5,4,3,GTATACAGTTTGCGGCCTCG,1,3663327
tolCp1,2.25,11,3,GTATAAGTCTTCATCTGGCG,8,3668624
tolCp1,7.75,33,3,GTACTGGCGATTCCACTCGT,30,3684768
tolCp1,8.5,36,3,GTACTGCTTTACAGTTTATT,33,3671314
tolCp1,6.25,27,3,GTACGGGAACGAGGCAGAGT,24,3700364
tolCp1,27.0,110,3,GTACGCCGGAGACCCCAAAT,107,3704734
tolCp1,1.25,7,3,GTACATGTTTGCCTATCATT,4,3693458
tolCp1,3.0,14,3,GTAATATTCACGATATAGTT,11,3675826
tolCp1,11.0,46,3,GTAAAGTTTTATTACTTTAG,43,3677052
tolCp1,1.5,8,3,GGTTTGTTGAGTACGGTAAT,5,3663489
tolCp1,4.0,18,3,GGTTTATTATTCATAGCAGT,15,3687001
tolCp1,3.25,15,3,GGTTATGGGTATGATGCTCA,12,3691692
tolCp1,10.25,43,3,GGTGGGGTTATACCGAGTAG,40,3665356
tolCp1,35.75,145,3,GGTGCACAGTTCTCGGCATT,142,3665331
tolCp1,1.0,6,3,GGTGACTGGTCCATGATTAT,3,3693419
tolCp1,0.5,4,3,GGTCAGATAAAGAAGTAGGC,1,3686307
tolCp1,41.5,168,3,GGTCAAGCTGGGTCTTTGCA,165,3667796
tolCp1,9.0,38,3,GGTAGCTCCACGCTAGCGTG,35,3704771
tolCp1,0.5,4,3,GGGTAGCCTCAACGAATGCC,1,3666231
tolCp1,3.75,17,3,GGGGCCTCGATGCACCGGGA,14,3673361
tolCp1,3.75,17,3,GGGCTGCATTTCGGAATCAT,14,3691172
tolCp1,4.25,19,3,GGGCATCTGTTAGAGATGAG,16,3662928
tolCp1,2.25,11,3,GGGATGCCTAATAGGTTAAT,8,3712903
tolCp1,2.0,10,3,GGGAGGTTGGTATATTAAGC,7,3681486
tolCp1,18.25,75,3,GGGAACGTACACTTCCCCCG,72,3688991
tolCp1,5.0,22,3,GGGAAATGGGAAGTCAAACA,19,3669782
tolCp1,6.25,27,3,GGGAAAAGATGATATACAGG,24,3666061
tolCp1,2.75,13,3,GGCTTCTTAACGCATTGCTT,10,3677000
tolCp1,3.5,16,3,GGCTGGCGATCGTTTCCGAG,13,3700809
tolCp1,3.75,17,3,GGCTGGATAAGCGGATTCGG,14,3679994
tolCp1,6.0,26,3,GGCTCTATCGAACTTTTGGT,23,3686377
tolCp1,3.0,14,3,GGCTACCGCCATTCAAGACG,11,3714259
tolCp1,2.75,13,3,GGCGTGCAAATCATGTGCAA,10,3688106
tolCp1,1.75,9,3,GGCGGTGTGGCTAAAACATG,6,3677663
tolCp1,5.0,22,3,GGCGGCGTAAGAAATCTGAT,19,3668905
tolCp1,1.25,7,3,GGCGATTCGGTCATGGATCG,4,3699959
tolCp1,3.5,16,3,GGCGAAGTAGGGGTCATCTA,13,3678306
tolCp1,1.75,9,3,GGCCATCCATACGGGGGAAT,6,3709276
tolCp1,1.5,8,3,GGCCACATGAACGGATTTCG,5,3685938
tolCp1,4.0,18,3,GGCACTCAATTCAGTAGTTA,15,3711023
tolCp1,3.5,16,3,GGATGTTAAAACTTTACTAC,13,3669104
tolCp1,3.75,17,3,GGATGCGCAGCTAAGGATCT,14,3690815
tolCp1,1.75,9,3,GGATATTAGCAGTCGATGAC,6,3713895
tolCp1,14.25,59,3,GGATAAGAAGACGCCTATAG,56,3684107
tolCp1,16.0,66,3,GGAGTATACACGACTCGGTA,63,3688123
tolCp1,7.25,31,3,GGACTAGATCAGTGCCCTTG,28,3713943
tolCp1,4.75,21,3,GGACACAGTTCGTAGGAGCA,18,3672636
tolCp1,6.0,26,3,GCTTTACATTCGGGTGGGCG,23,3671874
tolCp1,4.0,18,3,GCTTAATCTCGAACGTCAAA,15,3710609
tolCp1,1.75,9,3,GCTCTAGGGGACGGGGGGCT,6,3698680
tolCp1,38.5,156,3,GCTCGTGGTACCCGAGGTTG,153,3696421
tolCp1,32.25,131,3,GCTCAACGGTCCGGGAGCTT,128,3688142
tolCp1,11.5,48,3,GCTAGAAGCCGCTAGCCCTG,45,3666071
tolCp1,2.75,13,3,GCGTTCCGGTCGTAGGACCC,10,3674529
tolCp1,5.0,22,3,GCGTAATCCGGATTTACTAA,19,3670613
tolCp1,3.25,15,3,GCGTAACAAGGGCGAAAAAA,12,3673323
tolCp1,0.5,4,3,GCGGTTTTATCAATTTTCTT,1,3673111
tolCp1,3.75,17,3,GCGCTTTGTAATCGACACGT,14,3704963
tolCp1,5.75,25,3,GCGCTTATAAAGTGAGCACC,22,3709194
tolCp1,2.75,13,3,GCGCTCACTCTCTTCGGCAT,10,3714987
tolCp1,1.0,6,3,GCGCCTGAATTAACAATATA,3,3668030
tolCp1,0.5,4,3,GCGATCCATCACAGGTTACT,1,3664032
tolCp1,1.75,9,3,GCGATATTACTGTGAACAAG,6,3680595
tolCp1,0.5,4,3,GCCTTGACGGCTAAGCATAC,1,3699960
tolCp1,2.75,13,3,GCCTCAAGCGTCGGCCCCGT,10,3693794
tolCp1,3.0,14,3,GCCGTCATGCCGGAGGAGAC,11,3690101
tolCp1,23.25,95,3,GCCGTAATGGCACTTCAGGT,92,3666496
tolCp1,3.5,16,3,GCCGGCCGAGCGTACAGCCC,13,3670413
tolCp1,6.25,27,3,GCCGAAACATTTCGGCCCCC,24,3709360
tolCp1,11.5,48,3,GCCCCACTAGGAAAACGCGA,45,3700073
tolCp1,2.0,10,3,GCCCCAATAAGCGGGTTTGG,7,3667694
tolCp1,2.0,10,3,GCCCACGGGATCAGCGAGGT,7,3661920
tolCp1,2.25,11,3,GCCATGTGAGAAACGCTCTA,8,3695422
tolCp1,51.75,209,3,GCCATGGCGAGTACTCAAAC,206,3685074
tolCp1,7.5,32,3,GCCAGGGAACGTCCGCTGGT,29,3676726
tolCp1,2.5,12,3,GCATGTTCATCACTAATTTC,9,3678669
tolCp1,3.25,15,3,GCATCCCTTCCGTGGTCAAT,12,3706383
tolCp1,4.5,20,3,GCATAGCGCCCGTACTGATG,17,3670592
tolCp1,8.0,34,3,GCATAACTAGGCGCTGTCCA,31,3711145
tolCp1,1.5,8,3,GCAGGTATGTGATACTTCAT,5,3703994
tolCp1,3.0,14,3,GCAGGATCCTTATATGCTCG,11,3682918
tolCp1,3.75,17,3,GCAGCTCGCCCTGAGTGCTG,14,3714677
tolCp1,8.25,35,3,GCAGCGTCCCCCTTACCGTC,32,3708579
tolCp1,6.75,29,3,GCACTGGCTTATTTAGGTAG,26,3704752
tolCp1,3.25,15,3,GCACTGAGATTGTATTAGCA,12,3672251
tolCp1,3.25,15,3,GCACGTCATGGTCCCATGAC,12,3668837
tolCp1,1.75,9,3,GCACAATGTGAGACTCTTCG,6,3705448
tolCp1,0.75,5,3,GCAATTTGTAACAGGAATAT,2,3707195
tolCp1,2.5,12,3,GCAATTTGCCGACGCCCGAG,9,3674308
tolCp1,3.0,14,3,GCAATAGATGCCGTGCGTCA,11,3678209
tolCp1,1.75,9,3,GCAAGCTATCGCGGGAAGTG,6,3676061
tolCp1,3.5,16,3,GCAACCAGGATTGTTACTTT,13,3699298
tolCp1,5.75,25,3,GCAAAATAAGTCTCGATGTG,22,3665375
tolCp1,0.5,4,3,GCAAAAAAATCAGGACTGCA,1,3715030
tolCp1,3.75,17,3,GATTAACATCCGTTACGGAC,14,3692842
tolCp1,4.25,19,3,GATGTCTAGCTCTGACGATC,16,3687357
tolCp1,3.75,17,3,GATGCCAGGTGCGCAGTGCC,14,3686708
tolCp1,0.75,5,3,GATCTCGATGATTCTGAAGT,2,3679838
tolCp1,6.0,26,3,GATCGTGTGCTTTACAGTTT,23,3697794
tolCp1,2.5,12,3,GATCAACGTAACGAGTAGCA,9,3669833
tolCp1,4.25,19,3,GATATATCTGCTACTTGCCC,16,3668987
tolCp1,1.75,9,3,GATAGATGTAACCGGCTCGT,6,3687841
tolCp1,98.25,395,3,GATAATGAAGGGCACGAGTC,392,3714465
tolCp1,4.75,21,3,GAGTTCCCTTAGACGTTGCT,18,3695579
tolCp1,26.25,107,3,GAGTCCCGCGGTGGGTCAAA,104,3671107
tolCp1,1.25,7,3,GAGTCAATCTATACCGAGAA,4,3680387
tolCp1,5.5,24,3,GAGGTCCGCAAATGGTAAGG,21,3687885
tolCp1,20.25,83,3,GAGGATTGAGTCTTACCTCC,80,3677740
tolCp1,0.5,4,3,GAGGATAGGTGAGGCTCTCA,1,3713373
tolCp1,1.5,8,3,GAGCTTGCGCGGTAAGACAC,5,3700327
tolCp1,0.5,4,3,GAGCGAGTCCTCGTTCCGGG,1,3670876
tolCp1,9.0,38,3,GAGCATTGAGCAATCAAGGT,35,3677059
tolCp1,3.75,17,3,GAGCATCATTGGCCCAATCT,14,3709444
tolCp1,3.0,14,3,GAGATCTCATCCCTCTCGCC,11,3702463
tolCp1,62.0,250,3,GACTTAAGGAAGGCGGCTGA,247,3714470
tolCp1,2.0,10,3,GACTGTCTCCGGACTCTCGA,7,3698815
tolCp1,4.0,18,3,GACTGATAACCAGCTCTCTA,15,3670187
tolCp1,2.75,13,3,GACTAGGTGGCTGACGTTGC,10,3683128
tolCp1,1.0,6,3,GACGTTAAGGCGGTGGCGTT,3,3700136
tolCp1,2.25,11,3,GACGGGTGGAAGAACCATTT,8,3661715
tolCp1,2.5,12,3,GACGGAGCTCCATGTCTTCA,9,3668164
tolCp1,1.0,6,3,GACGCGGTCTCTGTACAAAA,3,3709923
tolCp1,3.5,16,3,GACGCGAACTGGACCGTGGA,13,3687592
tolCp1,3.25,15,3,GACCTTGGAATTATACACTT,12,3696266
tolCp1,4.5,20,3,GACAATAAGAGATCGGTAAA,17,3714218
tolCp1,1.75,9,3,GACAAGTGGCGACACGCGCT,6,3705509
tolCp1,2.75,13,3,GAATTCACTTATAAAGGTAA,10,3692077
tolCp1,3.5,16,3,GAATGCGTTAGGTAACCGAT,13,3697809
tolCp1,4.5,20,3,GAATCTTAAAGGCCATTCCA,17,3689928
tolCp1,4.0,18,3,GAATCGAGTCGAAGCAGAGA,15,3706053
tolCp1,1.5,8,3,GAATACGACCTCCGTCCTAG,5,3674813
tolCp1,3.0,14,3,GAAGTAGGCAGATCAGTAAC,11,3712181
tolCp1,6.25,27,3,GAAGCGCAATTGCATGAGTA,24,3702309
tolCp1,2.5,12,3,GAACCGTAGACTATGTCATA,9,3675452
tolCp1,32.25,131,3,CTTTTCATGGATGTTACATC,128,3688116
tolCp1,6.0,26,3,CTTTGGTTCCAAAAGGTTTG,23,3677426
tolCp1,18.5,76,3,CTTTCGAAGAGAAGGAAACA,73,3708745
tolCp1,2.0,10,3,CTTTATACAATGATAATATT,7,3700598
tolCp1,1.25,7,3,CTTCTGCACGGCGCTTGGAA,4,3698746
tolCp1,2.25,11,3,CTTCGGCCGCTATCCACTCT,8,3677758
tolCp1,2.5,12,3,CTTCCTCCTCCAGGGCCGAA,9,3697201
tolCp1,2.75,13,3,CTTATTGCATTTGACGATTC,10,3686645
tolCp1,8.0,34,3,CTTACATACGGCAAGCTGAG,31,3707704
tolCp1,2.75,13,3,CTGTTGTTCATGTTTGACAC,10,3668533
tolCp1,8.5,36,3,CTGTGGCTGCTCCTCACATT,33,3700080
tolCp1,3.25,15,3,CTGTACGAGGAATCAGTAAC,12,3686925
tolCp1,8.0,34,3,CTGGGTTTGGCTACTGGGTT,31,3704427
tolCp1,3.0,14,3,CTGGCTGCATCGCAACCCGT,11,3665759
tolCp1,9.25,39,3,CTGGAGTCGTTGGGATGGTA,36,3694045
tolCp1,4.0,18,3,CTGGAATTCGTTGGCTACGT,15,3694778
tolCp1,4.0,18,3,CTGCTATCGGGGAATTCTGC,15,3692939
tolCp1,14.5,60,3,CTGCGTAGCTGGAAGGAAAA,57,3695186
tolCp1,8.0,34,3,CTGCCTACCAGGTCATAAAA,31,3687593
tolCp1,3.75,17,3,CTGCCCGTAGTTTCTCCCGC,14,3682166
tolCp1,2.5,12,3,CTGCAGATGATGAACAGTCA,9,3663545
tolCp1,0.5,4,3,CTGACTGCAGACATGGTAAG,1,3670121
tolCp1,2.0,10,3,CTCTTCTTATTAGTTAAACC,7,3689207
tolCp1,3.0,14,3,CTCTGACCGCTATTCAAATG,11,3674674
tolCp1,0.5,4,3,CTCGGGTCGAAAAAGATTCA,1,3699131
tolCp1,2.5,12,3,CTCCGATAGGACGGGCTCCT,9,3663780
tolCp1,16.5,68,3,CTCCAGGATCATCCAGAGTG,65,3681440
tolCp1,3.25,15,3,CTCACCCGAGACTCAGGAGT,12,3666039
tolCp1,2.25,11,3,CTATTCATTCGCCATGAAAA,8,3712144
tolCp1,2.0,10,3,CTATTATTTCTTATTATGGC,7,3684573
tolCp1,2.0,10,3,CTATTACGCTTTAAACTAAC,7,3694364
tolCp1,5.0,22,3,CTATCTTAAGTAGGTCTTCT,19,3705392
tolCp1,4.5,20,3,CTATACTTAGCGCTGATGGT,17,3664987
tolCp1,1.0,6,3,CTAGTAATCTGGGGTCTCGA,3,3704475
tolCp1,1.5,8,3,CTAGGTTTCGGCTATCACCA,5,3664283
tolCp1,10.25,43,3,CTACCTCCTTAGCCTCAAAC,40,3662647
tolCp1,7.0,30,3,CTACCGGACCATTTTATATC,27,3688493
tolCp1,3.0,14,3,CTACCGACCACGGGGCGACC,11,3664225
tolCp1,9.0,38,3,CTACAATGTGCTCTTAACTC,35,3709473
tolCp1,4.75,21,3,CTAAGACGGTTAAGGGTTCA,18,3711462
tolCp1,64.75,261,3,CTAAAGTAAAGAGGCATCGT,258,3714478
tolCp1,10.25,43,3,CGTTCTAGCGGATATGTGAC,40,3698438
tolCp1,3.0,14,3,CGTTCCCCCCGCGGTAATAT,11,3690635
tolCp1,8.25,35,3,CGTTACACCGCCAGTTGATC,32,3684666
tolCp1,0.75,5,3,CGTCTCGCTTTCTTAGCGGG,2,3712342
tolCp1,4.25,19,3,CGTCGTTCATCGATGGCACG,16,3690047
tolCp1,2.75,13,3,CGTCGCCGGCCGCGTCACGT,10,3694867
tolCp1,3.25,15,3,CGTCCTGAGTCACATACTAT,12,3681726
tolCp1,1.0,6,3,CGTCCTAATGTAAAGATAGG,3,3684291
tolCp1,6.0,26,3,CGTCAGGAATAAGACGTTGG,23,3695876
tolCp1,4.75,21,3,CGTAGCAGGCTGAGCGGTTT,18,3679199
tolCp1,2.75,13,3,CGTACAAGAAGTTATTTGAC,10,3662323
tolCp1,7.0,30,3,CGGTGCCTAGAGGATCGGCG,27,3688859
tolCp1,4.0,18,3,CGGTCATACCATTGAGACCT,15,3710620
tolCp1,2.75,13,3,CGGGTTTGTAGAGTTAGATC,10,3707432
tolCp1,0.5,4,3,CGGGTTTCCTTTCGTTGGTA,1,3682382
tolCp1,9.0,38,3,CGGGTTCTATCCACGTGTTC,35,3674003
tolCp1,0.5,4,3,CGGCTCAAGACGCACGTGTA,1,3662568
tolCp1,2.25,11,3,CGGCAGCTAAATCGCTGCTG,8,3687402
tolCp1,2.5,12,3,CGGCACGATTGACCTCAGTG,9,3665709
tolCp1,2.0,10,3,CGGCAAGGTAAACTCCGGCG,7,3672303
tolCp1,1.75,9,3,CGCTTTTTGGTAGTGATCAG,6,3689032
tolCp1,1.25,7,3,CGCTGGAATTCGTTTTCTTA,4,3668650
tolCp1,3.75,17,3,CGCTGACCAAACTCAATCTT,14,3696809
tolCp1,3.5,16,3,CGCTCTAACGGCTTTCTTGT,13,3703320
tolCp1,3.5,16,3,CGCGTAAGTGTTGTACACTG,13,3669776
tolCp1,3.0,14,3,CGCGGGTGCGGAGCAGCACC,11,3673480
tolCp1,5.5,24,3,CGCGCAGCCTTGCACGTCCC,21,3709521
tolCp1,2.5,12,3,CGCCTGAAGGTCATCCAGCG,9,3686432
tolCp1,3.5,16,3,CGCCTACGCACGGACGCTCA,13,3666779
tolCp1,1.75,9,3,CGCATTGTAATATACAGTGC,6,3675161
tolCp1,2.0,10,3,CGCAGTGTCGTCTGGCGATA,7,3673923
tolCp1,3.25,15,3,CGATCAGAAGGTAACTCCTT,12,3663023
tolCp1,22.75,93,3,CGAGTCCTTGCCTAAGCAAG,90,3696417
tolCp1,1.25,7,3,CGACTACATTACGATTTTGA,4,3692345
tolCp1,1.5,8,3,CGACGGGGCTTAGGATCTAC,5,3661731
tolCp1,3.5,16,3,CGACGCGTAGCGGCGATTTT,13,3712003
tolCp1,2.75,13,3,CGACACTAACCTGCAAAACT,10,3715534
tolCp1,10.25,43,3,CGAAACCGCTATTCATCATT,40,3669748
tolCp1,5.5,24,3,CGAAAATCAATTGTTGCGAG,21,3707144
tolCp1,2.0,10,3,CCTTTGTTGCTTCGATATGT,7,3676179
tolCp1,6.5,28,3,CCTGTGGTAGAGGCGGAAGG,25,3684113
tolCp1,2.0,10,3,CCTGTGCTCCGTACTTCTAT,7,3667268
tolCp1,1.0,6,3,CCTGACGTGCTGGGATGAGC,3,3710523
tolCp1,10.0,42,3,CCTGAACCTCCTACTAAGAG,39,3665394
tolCp1,5.75,25,3,CCTCCAAACTAGGACATCGG,22,3705190
tolCp1,1.25,7,3,CCTCAGGAGGGGAGTATTAA,4,3668455
tolCp1,3.25,15,3,CCTCAATCTCCGTGAGTTAT,12,3676330
tolCp1,10.5,44,3,CCTAGTTGATTGGGGCCGGG,41,3702037
tolCp1,10.75,45,3,CCTAGTAGGGTAGAAGATAT,42,3696120
tolCp1,4.75,21,3,CCTAAAATGGCAGGTCGCGT,18,3702345
tolCp1,3.75,17,3,CCGTTTTGTATAGTATAATG,14,3661272
tolCp1,0.5,4,3,CCGTTTACGGTAGCCGAACA,1,3711436
tolCp1,1.75,9,3,CCGTTGAGTCTTGTGTGATA,6,3700532
tolCp1,13.75,57,3,CCGTGGAGATCCTATGACGC,54,3678166
tolCp1,0.5,4,3,CCGGTATATTCGCTCGCGTG,1,3661787
tolCp1,1.25,7,3,CCGCGTATGCTTTCGCCAAA,4,3668006
tolCp1,3.0,14,3,CCGCGACTGGTTAAGTCAAA,11,3712720
tolCp1,1.75,9,3,CCGACCAGAGCGTGTCAGTG,6,3702339
tolCp1,12.25,51,3,CCGAATGCACGTATAATTAC,48,3676477
tolCp1,2.5,12,3,CCCTTTAAGGTCCATCGCGT,9,3700397
tolCp1,2.25,11,3,CCCTGGTTTCCAAATAAAAT,8,3710125
tolCp1,6.25,27,3,CCCTCTATGCGCAGTAAACT,24,3670529
tolCp1,0.5,4,3,CCCGGGTGGTACAATATGCA,1,3687223
tolCp1,1.25,7,3,CCCGGGGGGGTGCTAATGCT,4,3679106
tolCp1,4.0,18,3,CCCGGGGCGTTAGTTAGGGA,15,3677249
tolCp1,2.75,13,3,CCCGAGCCGGATATTCGGTG,10,3682246
tolCp1,3.0,14,3,CCCCTAGTGTTATCAGGAGT,11,3690304
tolCp1,0.5,4,3,CCCCGTGGAGGAGTATCGCA,1,3678951
tolCp1,1.25,7,3,CCCCGGGATTCCACATGTGT,4,3689923
tolCp1,2.75,13,3,CCCCAAGGTCGAGGTACTTT,10,3674257
tolCp1,11.0,46,3,CCCAGGGCAAAGCTCCTCCT,43,3708390
tolCp1,12.0,50,3,CCCAGAGCGACTTCGTGTCT,47,3709304
tolCp1,3.5,16,3,CCCAATCTCCGTACGTATGC,13,3701997
tolCp1,3.0,14,3,CCCAAGGGGATGCCTAGGGT,11,3667639
tolCp1,14.75,61,3,CCCAAGGGACAAAATTCGCA,58,3670588
tolCp1,3.25,15,3,CCATTTCCCCACGAAGACAT,12,3707655
tolCp1,2.5,12,3,CCATTAAGGGGCGCGGTTTG,9,3684357
tolCp1,3.25,15,3,CCATCTACCTTTCAATAGTG,12,3677882
tolCp1,26.0,106,3,CCATCCTCATTACGCCAACC,103,3704391
tolCp1,2.75,13,3,CCATATGCGGGGATGTTGTT,10,3704392
tolCp1,0.5,4,3,CCATAGTTTCGGGGTGACAC,1,3681764
tolCp1,21.75,89,3,CCATAGTCACAGGTGAACTG,86,3692841
tolCp1,3.0,14,3,CCAGGTACGTAAATTAGCAT,11,3700537
tolCp1,1.0,6,3,CCAGGGACATAGGAAGCGAT,3,3672547
tolCp1,0.5,4,3,CCAGCCTACCGGAGCAAGGG,1,3707511
tolCp1,6.75,29,3,CCACCTTCTCCGGAACGTGT,26,3680365
tolCp1,1.25,7,3,CCACCGACTCTACTCAGTTT,4,3678069
tolCp1,3.5,16,3,CCAATAATTCATTTGGAAAC,13,3679410
tolCp1,9.25,39,3,CCAAGTTGGATGCGAGCGTG,36,3684647
tolCp1,3.25,15,3,CCAAGCTTTGATCAGAGTGT,12,3664201
tolCp1,3.25,15,3,CCAAATCGCATGAGCATATC,12,3676346
tolCp1,1.75,9,3,CCAAACCTTGCTGCCCGCCG,6,3666683
tolCp1,3.5,16,3,CCAAACCCCGATATGCCACA,13,3710371
tolCp1,4.5,20,3,CATTTAGATGAGACGCGAAC,17,3700609
tolCp1,3.5,16,3,CATTAACTGGAACAAACTGG,13,3714798
tolCp1,4.0,18,3,CATGTTTTTCGACCTAGTCT,15,3682996
tolCp1,2.0,10,3,CATGTGTTACTTCGTTTGCA,7,3682376
tolCp1,8.25,35,3,CATGTGGTGTAGGCGATGTA,32,3675519
tolCp1,13.25,55,3,CATGACACTACGAATAGCTT,52,3707695
tolCp1,1.0,6,3,CATCGGTCCCTTAGCTATAC,3,3699050
tolCp1,10.0,42,3,CATCACTTCACTAGGGCAAT,39,3703661
tolCp1,1.5,8,3,CATATAGACCAGTTGGACGG,5,3669611
tolCp1,9.75,41,3,CATAGTGAGGTCTACGGGCT,38,3681660
tolCp1,9.25,39,3,CATAGGCTCATGGGAGTTTT,36,3702886
tolCp1,1.25,7,3,CATAATACGTCTCCGCTTCC,4,3678747
tolCp1,1.5,8,3,CATAAGAGCCCGAACGAGAT,5,3663553
tolCp1,4.25,19,3,CATAAAAGGACGTTTTTGCT,16,3670654
tolCp1,4.75,21,3,CAGTTTCAAATCTAGAGTAA,18,3676221
tolCp1,0.5,4,3,CAGGTTGCGTCTGAATCTCT,1,3713744
tolCp1,24.5,100,3,CAGCGGTCCCGGTCGAGCAT,97,3694016
tolCp1,10.0,42,3,CAGCGCTGGGCGTCCCACAA,39,3694003
tolCp1,5.5,24,3,CAGCCTGGGCTGGAGGCCGC,21,3714803
tolCp1,5.5,24,3,CAGCATTGTCATGTAGCGAT,21,3707833
tolCp1,1.75,9,3,CAGAGACCGGTGATGCTTGG,6,3663064
tolCp1,2.75,13,3,CAGAACCACAAAACGCTTCG,10,3669592
tolCp1,4.25,19,3,CACGGGACATGCATCTCCGC,16,3707145
tolCp1,5.0,22,3,CACGCTTATGGCCGGAGAGG,19,3665171
tolCp1,4.25,19,3,CACGCACCGGCGCCGTGGTT,16,3714609
tolCp1,37.0,150,3,CACCTTCAGAGCAGGTTTAA,147,3706930
tolCp1,1.25,7,3,CACCCACGGCGTATGACCTC,4,3678838
tolCp1,2.5,12,3,CACATGGCAACGGCACATGG,9,3693369
tolCp1,14.0,58,3,CACATGCATGGGCATTAATA,55,3695054
tolCp1,1.25,7,3,CAATGGTCGGAGTACCTGTA,4,3697663
tolCp1,1.25,7,3,CAATCCTCAAAAACTCTAAC,4,3692459
tolCp1,36.0,146,3,CAATCCAGACTGGTCTACGG,143,3696452
tolCp1,16.75,69,3,CAATATATATGAGTATTCGA,66,3666165
tolCp1,4.0,18,3,CAATACAGACCGCGAGTCCA,15,3691708
tolCp1,1.75,9,3,CAAGTGTAAAGTACATTAAG,6,3700810
tolCp1,5.5,24,3,CAAGGTAACGTGATTTTTAG,21,3679068
tolCp1,1.75,9,3,CAAGCTACCAGACAAAGGAC,6,3693016
tolCp1,2.0,10,3,CAAGAGTAAGCCTCAGCAGT,7,3691411
tolCp1,3.25,15,3,CAACCTTCTGTGTCCAGCAA,12,3672675
tolCp1,7.75,33,3,CAACCAAGCTGAGAGCGAGT,30,3672306
tolCp1,4.25,19,3,CAAATCGCTTCTAACCCAGT,16,3672234
tolCp1,1.75,9,3,CAAACAAATAATGACCGTAA,6,3714240
tolCp1,1.75,9,3,CAAACAAAATTATAGTGATA,6,3705282
tolCp1,7.0,30,3,ATTTTCTTCCAGAAACGGAG,27,3700078
tolCp1,1.5,8,3,ATTTATTTTGGTAAGGCTTC,5,3661562
tolCp1,4.0,18,3,ATTTAATGGGTCGGGCTGCT,15,3674078
tolCp1,2.75,13,3,ATTGGTATAGTACGAAGCGC,10,3703854
tolCp1,2.0,10,3,ATTGGAGCTCCAACTTTACA,7,3661433
tolCp1,11.5,48,3,ATTGGAAAAGGATTGAACCG,45,3692404
tolCp1,2.75,13,3,ATTGAACAGGCCTGTTTAGG,10,3668224
tolCp1,0.5,4,3,ATTCCAATAGGCGCAATCCC,1,3668961
tolCp1,11.75,49,3,ATTCATGCTCGTGGGCACTG,46,3677728
tolCp1,4.75,21,3,ATTATAAGCGCCGATACAAC,18,3663367
tolCp1,0.75,5,3,ATTAGTTACGTATGATGCAT,2,3679921
tolCp1,11.5,48,3,ATGTAGTGTAGCGCGTTGAA,45,3678687
tolCp1,5.25,23,3,ATGGAGGGCTAATTATAAGC,20,3689014
tolCp1,2.5,12,3,ATGCGGAGGTCGCAATTGGC,9,3671181
tolCp1,4.0,18,3,ATGCCGGTTCCGTGCTTTTA,15,3703944
tolCp1,3.0,14,3,ATGCAAAGCTCCGCGACCAC,11,3683234
tolCp1,3.75,17,3,ATGATGTGTTACTGGTGATG,14,3703294
tolCp1,1.75,9,3,ATGAGTCAGGAGTTTGTCTA,6,3704545
tolCp1,3.5,16,3,ATCTCAAGCCGCGCCATTCG,13,3687315
tolCp1,2.25,11,3,ATCTAATCGGGTGAAGTGGC,8,3690731
tolCp1,3.0,14,3,ATCGGGAATAAAAGCCACAC,11,3687014
tolCp1,4.0,18,3,ATCCGGATCGACGGTCGGTC,15,3691230
tolCp1,4.75,21,3,ATCCGACGGCCTTGGAGGAC,18,3672609
tolCp1,1.75,9,3,ATCCCTCGTTTGATCTAGCC,6,3683806
tolCp1,4.0,18,3,ATCCCTCACATCGCCAGTAG,15,3673754
tolCp1,5.75,25,3,ATCATGTGATACCCTTGAAT,22,3663202
tolCp1,60.0,242,3,ATCAACGGTCCTGAGTGTCG,239,3708763
tolCp1,7.75,33,3,ATCAACCCTTCGACTGTCAC,30,3674163
tolCp1,13.0,54,3,ATATGGTTTCGTGACTCGTT,51,3701469
tolCp1,3.75,17,3,ATATGCGGGTGTTAGCGTCA,14,3671508
tolCp1,4.0,18,3,ATATGAGACCACAGGGGTAT,15,3709680
tolCp1,2.0,10,3,ATATCTAACATGAGTGTAGT,7,3677538
tolCp1,19.75,81,3,ATATCTAACACCAGAAAGTA,78,3708955
tolCp1,3.75,17,3,ATATCGCACCTCGGCATCCT,14,3682481
tolCp1,3.5,16,3,ATATATGACTTGAGTTAACG,13,3694924
tolCp1,4.0,18,3,ATAGATTAAGCCGCTCCGAT,15,3685423
tolCp1,2.75,13,3,ATAGACTTTTTGTGGCGACC,10,3700283
tolCp1,0.5,4,3,ATAGAAGGAGGTGAACCGCT,1,3693666
tolCp1,4.0,18,3,ATACTACCATCTGTTTGCCC,15,3669090
tolCp1,0.5,4,3,ATACGCTGGGGATTCCCTGC,1,3692274
tolCp1,1.0,6,3,ATACCTCTGATGCTCCCCGA,3,3700843
tolCp1,4.5,20,3,ATAATATTGCTGGACACATT,17,3714866
tolCp1,2.75,13,3,ATAACTTTTTTGTTGACTTA,10,3671829
tolCp1,4.5,20,3,ATAAAAAAGTCATGAGAGGG,17,3668100
tolCp1,3.25,15,3,AGTTTAATCACGAATGGTGC,12,3683541
tolCp1,4.75,21,3,AGTTGCGCTGAGCCAGAAAG,18,3684118
tolCp1,5.5,24,3,AGTTCTCGTTGTTCTGCGCA,21,3674253
tolCp1,11.25,47,3,AGTTATGATTCATCAGACCT,44,3692518
tolCp1,1.75,9,3,AGTGTTCGATAGTAAGGGTC,6,3707866
tolCp1,1.5,8,3,AGTGTGGGCGGTTTAACTTT,5,3688166
tolCp1,7.75,33,3,AGTGTCAAGAACAATTAATC,30,3699376
tolCp1,3.5,16,3,AGTGACCCTAGACGTCGATG,13,3699868
tolCp1,4.25,19,3,AGTCGGAGAGAATGCATATC,16,3677802
tolCp1,3.75,17,3,AGTCGCGAATCCGTTGCTGT,14,3691794
tolCp1,6.5,28,3,AGTCAACTGGAGCGGACTGC,25,3703158
tolCp1,6.0,26,3,AGTATCAAGTCACAGAGCTT,23,3707177
tolCp1,3.25,15,3,AGTACGACATTGGCGCATAT,12,3685404
tolCp1,0.75,5,3,AGTACCCAAAGGGATTCTTG,2,3695805
tolCp1,4.5,20,3,AGGTTCTTCCTGTGCTGTAG,17,3701208
tolCp1,1.25,7,3,AGGTGTCAGGGAAAATACGA,4,3708700
tolCp1,1.0,6,3,AGGTCTTATATAATCAGTTG,3,3688930
tolCp1,40.0,162,3,AGGTCGTCTTCCAGTTCTAA,159,3692341
tolCp1,1.25,7,3,AGGTCCTCTACTTAGTGCCG,4,3667242
tolCp1,22.0,90,3,AGGGGGAGTAATGACATCGA,87,3715380
tolCp1,2.75,13,3,AGGGACGAGCAAGTCCCCGG,10,3690339
tolCp1,2.5,12,3,AGGGAATCGGTAGTCAGGTT,9,3668797
tolCp1,7.75,33,3,AGGCCGAATGACGCTAAGAC,30,3672280
tolCp1,3.5,16,3,AGGCCCGATGATCTAACTGA,13,3683050
tolCp1,5.25,23,3,AGGCACCACTCGATAAATTT,20,3704531
tolCp1,5.5,24,3,AGGAATTAGCTTACTAATAG,21,3665823
tolCp1,2.75,13,3,AGCTGTCGGACCGGCAACAA,10,3675664
tolCp1,16.0,66,3,AGCGGTAAGTGGCATCCGTA,63,3691125
tolCp1,14.5,60,3,AGCGGAAGGTGAGACTTGCA,57,3688886
tolCp1,2.25,11,3,AGCCCCGCACTGCTATGGAT,8,3672191
tolCp1,1.5,8,3,AGCCAGTTAACCCTCGACCC,5,3698373
tolCp1,2.0,10,3,AGCAGGGATTCGTAACGCGG,7,3695865
tolCp1,6.75,29,3,AGCACGGGAACCCTCGCATC,26,3686412
tolCp1,0.5,4,3,AGCAACAGGAGGCAGAGATC,1,3678371
tolCp1,4.25,19,3,AGATTATTGGCACGGACAAG,16,3666534
tolCp1,6.0,26,3,AGATTAGCAATCGGAACGGT,23,3665413
tolCp1,5.25,23,3,AGATGTGTTTGGCGCCCACA,20,3661456
tolCp1,9.5,40,3,AGAGTACCGCCCAGTCAGCA,37,3679631
tolCp1,0.75,5,3,AGAGTAATAGGCGTCCTACT,2,3713420
tolCp1,7.25,31,3,AGAGCCCGCCAGCCAACAAG,28,3680010
tolCp1,4.25,19,3,AGAGCCAGCGCACTGATTTC,16,3684050
tolCp1,25.5,104,3,AGACCCGGGATCTAGTATCC,101,3676521
tolCp1,3.0,14,3,AGACAGCAGCTGGAGCGGGG,11,3699356
tolCp1,0.5,4,3,AGAACGCCCGATATCAATAA,1,3695307
tolCp1,2.0,10,3,ACTTTTTGTTTCTCATCTCT,7,3670471
tolCp1,5.75,25,3,ACTTGGCACTGTGTTAACAC,22,3700767
tolCp1,10.25,43,3,ACTCTTCGAACCCCCTGGCG,40,3705805
tolCp1,3.5,16,3,ACTCGTTCTTTCAGCTGGTG,13,3670019
tolCp1,2.25,11,3,ACTCCATTAGGAATGCGCAG,8,3704204
tolCp1,4.75,21,3,ACTATCTTGGACGAACTCTG,18,3711734
tolCp1,0.5,4,3,ACGGTCGTTTGAATGACGCT,1,3714988
tolCp1,0.5,4,3,ACGGTAGGTTTCGCCCGACA,1,3672147
tolCp1,5.25,23,3,ACGGGGATCGGCCTGAATTT,20,3696482
tolCp1,4.75,21,3,ACGGCGGATCGCTGTGCAAG,18,3664200
tolCp1,13.0,54,3,ACGGATGCTCCAGAGCTCGA,51,3695058
tolCp1,1.0,6,3,ACGGAGGTCGTTTATTAGAA,3,3689625
tolCp1,1.75,9,3,ACGCTCCACGTCATTTAAAA,6,3697648
tolCp1,2.0,10,3,ACGAATTTCGGTGGACATGC,7,3696214
tolCp1,5.0,22,3,ACGAAATTCCTGTCACGTGG,19,3709078
tolCp1,1.0,6,3,ACCTTGCATTCATTAATATT,3,3681797
tolCp1,6.5,28,3,ACCTGTGCGATCTTGATAGA,25,3676207
tolCp1,3.25,15,3,ACCTGGTTTCTCTTCCCTGG,12,3681042
tolCp1,3.25,15,3,ACCTGATTGTTTTGCGGTAA,12,3687051
tolCp1,3.5,16,3,ACCTACAGGGCGTCAAAACT,13,3665967
tolCp1,5.5,24,3,ACCCTTCCTTTTATCATTCG,21,3704620
tolCp1,3.0,14,3,ACCCTGAGGCGCTCCATTTT,11,3675301
tolCp1,3.25,15,3,ACCCGCGGCTGCGTAGTGAA,12,3669719
tolCp1,17.5,72,3,ACCCGCCTCTCAGGGGAAAC,69,3688816
tolCp1,1.0,6,3,ACCCACCGTTCACACACTCA,3,3666279
tolCp1,2.25,11,3,ACCACGCGTCAAGTGCGGTC,8,3703556
tolCp1,2.0,10,3,ACATAACTGTGAAGCAGCGA,7,3668380
tolCp1,2.0,10,3,ACAGTCTCCCAGCGTGGACT,7,3695680
tolCp1,5.0,22,3,ACAGCGGTTGGACGAATTCG,19,3686829
tolCp1,2.25,11,3,ACAGAATAGGGACGGCTGTC,8,3701437
tolCp1,2.75,13,3,ACACTGCCCCGGCCGTGAGC,10,3698632
tolCp1,3.0,14,3,ACACTACCATTGACTCTGGT,11,3665659
tolCp1,3.5,16,3,ACACAGACGCGGTCACTAAT,13,3686293
tolCp1,3.5,16,3,ACAATGGCCTCATCGCATGG,13,3701367
tolCp1,0.5,4,3,ACAACAGCTAATATGGTCGG,1,3711437
tolCp1,3.5,16,3,AATTTCGCCGCAACGCTTTG,13,3696371
tolCp1,17.5,72,3,AATTATTATTGTAGACGCTA,69,3701727
tolCp1,19.75,81,3,AATTAGTGCTACATTGTTGT,78,3701459
tolCp1,6.0,26,3,AATGCCAGGTCCCGTGTGGG,23,3677724
tolCp1,23.25,95,3,AATGATCACCCTATATTAGT,92,3684101
tolCp1,6.75,29,3,AATCTGTGACCGCTGTATCC,26,3684254
tolCp1,4.0,18,3,AATCCGTGACCCCAAGCAGC,15,3701780
tolCp1,2.75,13,3,AATATTGTCCTCCAACATAA,10,3682626
tolCp1,65.75,265,3,AATAAGACATCCATACATCA,262,3715137
tolCp1,0.5,4,3,AAGTTGTGCGAACGAAGACG,1,3703985
tolCp1,1.25,7,3,AAGTGTCCGAATATAGAGCG,4,3663321
tolCp1,3.5,16,3,AAGTGGTGCTATGATCAATG,13,3700595
tolCp1,7.75,33,3,AAGTGGTACGGAGCTCGAAT,30,3679240
tolCp1,8.75,37,3,AAGGGGGTCTTGGGTGAGCG,34,3662885
tolCp1,4.75,21,3,AAGGATGGCCGTAATACGCG,18,3668437
tolCp1,6.75,29,3,AAGCTGAGTAAGTGTGAGTC,26,3711917
tolCp1,16.25,67,3,AAGCGTTGGCGTACTGCTAC,64,3691898
tolCp1,5.5,24,3,AAGCGTCTCGTAATTTCTTG,21,3667258
tolCp1,0.5,4,3,AAGCCTCAGTTAGGAACCAC,1,3707333
tolCp1,16.25,67,3,AAGCATGGAATCTTATAAAA,64,3708738
tolCp1,5.5,24,3,AAGATACCTTTCGCTTCGGC,21,3662661
tolCp1,6.0,26,3,AACTCATCTCATTAGACAGT,23,3686203
tolCp1,18.25,75,3,AACGTCTAGCTTCCCGCTGT,72,3688103
tolCp1,4.0,18,3,AACGGTAAGTAGAGCGGGAT,15,3683448
tolCp1,2.0,10,3,AACGCACAGAAGCTGAAAAT,7,3684127
tolCp1,6.0,26,3,AACGATCACAAAGCGAGCTA,23,3678230
tolCp1,3.25,15,3,AACGACCAGAGCTACATATT,12,3712031
tolCp1,3.0,14,3,AACATGGGATTCCCCGCAGG,11,3687307
tolCp1,3.5,16,3,AACATGCGTGTGTTCACATG,13,3713977
tolCp1,3.0,14,3,AACATGAGCGTCACAATGCT,11,3664494
tolCp1,3.75,17,3,AACATCGACAAACCGGGAAC,14,3697020
tolCp1,18.5,76,3,AACATAATACGCCAATCGTA,73,3666477
tolCp1,4.75,21,3,AACAGGGGGATCTAACTTGG,18,3700980
tolCp1,0.75,5,3,AAATGTAAGAAGAATACAGC,2,3702306
tolCp1,3.0,14,3,AAATGCGCACCGAGTCATCT,11,3672837
tolCp1,1.75,9,3,AAAGAAATGAATATACCTAT,6,3677082
tolCp1,2.0,10,3,AAACTGCTATCTCAGGAGGT,7,3709786
tolCp1,1.75,9,3,AAACGCCTATGCCGCGGGTA,6,3664613
tolCp1,1.25,7,3,AAACAGGAGTTTCCAACTGA,4,3709624
tolCp1,4.0,18,3,AAAAGGAACCCGAACTACGG,15,3693222
tolCp1,0.75,5,3,AAAACTCGAGGTCCAACAGG,2,3669980
tolCp1,1.0,6,3,AAAAACGCCCCAGATCTTCT,3,3673603
tolCp1,6.333333333333333,20,2,TTTTGGCAACAGACAGCGAA,18,3683067
tolCp1,2.3333333333333335,8,2,TTTTCTCAGCTGGCAAACGG,6,3682759
tolCp1,11.333333333333334,35,2,TTTTAAGGCGATTTTTGCGG,33,3712527
tolCp1,3.6666666666666665,12,2,TTTGTTGGAGGTTATCCTGC,10,3698246
tolCp1,2.0,7,2,TTTGTGCTTTTCCATTGGCT,5,3694494
tolCp1,1.6666666666666667,6,2,TTTGGCAAATGGAATGACAA,4,3669619
tolCp1,9.333333333333334,29,2,TTTGACCTAACCCGTTATCT,27,3661385
tolCp1,15.333333333333334,47,2,TTTCTACGGCCGCACGTTTG,45,3665092
tolCp1,0.6666666666666666,3,2,TTTCCAGCAGAGAACGGTTT,1,3666903
tolCp1,16.0,49,2,TTTCCAGAAACAGCACATCC,47,3688907
tolCp1,8.666666666666666,27,2,TTTAAGGCTTATAGGCCAAA,25,3697106
tolCp1,9.333333333333334,29,2,TTGTGAGAGCCTATCAGGTG,27,3678861
tolCp1,7.333333333333333,23,2,TTGGTGGTCAGGTGTTCTCA,21,3701567
tolCp1,12.666666666666666,39,2,TTGGTAATCCGAAGACCACA,37,3710965
tolCp1,5.333333333333333,17,2,TTGATCGGGGTCATATTATA,15,3707907
tolCp1,3.3333333333333335,11,2,TTGACAACCCGCTGCCACGC,9,3675400
tolCp1,19.666666666666668,60,2,TTCTCGGCCCTCGTCCACTA,58,3702087
tolCp1,4.0,13,2,TTCTATTTAACCTGGAGACA,11,3672733
tolCp1,8.333333333333334,26,2,TTCTAGCCCGTCAAACGAAA,24,3663032
tolCp1,1.6666666666666667,6,2,TTCGGCGTTGTTATACGAAA,4,3690337
tolCp1,2.6666666666666665,9,2,TTCGGACTGATGTCCATATC,7,3668988
tolCp1,6.666666666666667,21,2,TTCCTGGTCCTCACTTAGGG,19,3697896
tolCp1,1.6666666666666667,6,2,TTCCGTTTCACCTTGGTCGG,4,3673543
tolCp1,3.3333333333333335,11,2,TTCCGCCCAGGTCCAGTCTT,9,3708551
tolCp1,14.0,43,2,TTCCCTAGGTGTAAGTCTGT,41,3715141
tolCp1,1.3333333333333333,5,2,TTCAGTATAATTAGGACGTC,3,3688755
tolCp1,2.6666666666666665,9,2,TTCACACGTGATATATGGCT,7,3712898
tolCp1,3.6666666666666665,12,2,TTCACACGATATTGACTCCT,10,3667747
tolCp1,7.333333333333333,23,2,TTATCGTACAAGTCATGAGT,21,3665458
tolCp1,7.666666666666667,24,2,TTATAGGCTAAGCGGGGTAC,22,3710770
tolCp1,17.0,52,2,TTATAGCTTTGAGGATGGTA,50,3708419
tolCp1,2.3333333333333335,8,2,TTATAATCAGGAATATATCA,6,3698193
tolCp1,2.0,7,2,TTACGTTTACCGCGTGAGCA,5,3668115
tolCp1,1.3333333333333333,5,2,TTACACGGCCATTGCATGGT,3,3662549
tolCp1,8.333333333333334,26,2,TTAATATTACAGGCTATGAT,24,3702691
tolCp1,2.6666666666666665,9,2,TTAAGTACTTGGCTCTGCAT,7,3714019
tolCp1,24.0,73,2,TTAACTTCCTACTTCGCGAA,71,3663915
tolCp1,1.3333333333333333,5,2,TGTGCGAGGCCAAAGTGTTC,3,3681018
tolCp1,12.666666666666666,39,2,TGTGATGTTGGGCCAACGGG,37,3685317
tolCp1,7.666666666666667,24,2,TGTGACCGATTCATCTACAT,22,3676675
tolCp1,5.0,16,2,TGTCGCACACTCCGATAGCT,14,3704732
tolCp1,4.666666666666667,15,2,TGTCACACGGCATCTACCCC,13,3695005
tolCp1,165.0,496,2,TGTAACAGCCGGGCCACAAT,494,3696403
tolCp1,1.6666666666666667,6,2,TGGTTTCCGCAAGAAGCCAG,4,3689422
tolCp1,26.666666666666668,81,2,TGGTTCCAGGCCAGTGAATC,79,3704730
tolCp1,11.666666666666666,36,2,TGGGTTGATGTTTAACGAGG,34,3666467
tolCp1,1.6666666666666667,6,2,TGGGTCTACGTTGAGGTCAG,4,3713189
tolCp1,18.666666666666668,57,2,TGGGTCGTCGTCGGACGAAT,55,3666795
tolCp1,10.333333333333334,32,2,TGGGACGGCTATAGGATGTC,30,3687398
tolCp1,4.333333333333333,14,2,TGGGACATCAATTCCACGAT,12,3702777
tolCp1,3.6666666666666665,12,2,TGGCGGTTTGAGGATTTTCG,10,3692178
tolCp1,11.333333333333334,35,2,TGGCGCCTATCACGGTTCCC,33,3669747
tolCp1,10.333333333333334,32,2,TGGCACCACTACCATCCATC,30,3664758
tolCp1,6.333333333333333,20,2,TGGCACAAGGTAGCGAGAAA,18,3705699
tolCp1,3.3333333333333335,11,2,TGGATCGCTCACTTACCAAA,9,3706360
tolCp1,4.0,13,2,TGGATCCGACAACAAGTCAA,11,3676943
tolCp1,4.666666666666667,15,2,TGGACTTGGAGCCTGTAGCC,13,3704835
tolCp1,4.666666666666667,15,2,TGGAAGCTTAAATAGTGTGT,13,3689655
tolCp1,6.333333333333333,20,2,TGGAACCATCCGGAAAATGA,18,3692630
tolCp1,2.3333333333333335,8,2,TGCTTAAGAATGAATGCGTG,6,3701313
tolCp1,15.333333333333334,47,2,TGCTCTTGCAGATTCATTTT,45,3682761
tolCp1,1.3333333333333333,5,2,TGCTCCTTGTCTATATACTG,3,3711152
tolCp1,0.6666666666666666,3,2,TGCTACACTAAACAGAACGT,1,3704212
tolCp1,12.666666666666666,39,2,TGCGGGTTGAAACCGTCTAT,37,3702699
tolCp1,4.333333333333333,14,2,TGCGCGCATCCGCTCGGTCC,12,3701142
tolCp1,10.0,31,2,TGCGCACAGACTAGGAGGTC,29,3710131
tolCp1,3.3333333333333335,11,2,TGCGATCGCCGCCTTTCTTT,9,3673483
tolCp1,0.6666666666666666,3,2,TGCCGCCAACATTTGTCTGA,1,3684469
tolCp1,1.6666666666666667,6,2,TGCATGCAAGGCAGTCAATT,4,3679491
tolCp1,6.666666666666667,21,2,TGATCCAAAGTAAACTCCCG,19,3688496
tolCp1,6.333333333333333,20,2,TGATATACGTCGTGCAATCA,18,3703385
tolCp1,4.333333333333333,14,2,TGAGTAGCGCGCGGGCACCT,12,3675797
tolCp1,4.333333333333333,14,2,TGAGGCCCTCCAATGGCTGA,12,3713115
tolCp1,10.333333333333334,32,2,TGACTCCGGCTGTTGTACTT,30,3694151
tolCp1,2.0,7,2,TGACGGCCTGTTGCGTATCA,5,3707245
tolCp1,4.0,13,2,TGAATTCTAGATAATTCCCT,11,3667218
tolCp1,13.0,40,2,TGAAGGCCTCGACGCGCGAA,38,3702722
tolCp1,1.3333333333333333,5,2,TGAACGCGAGGTCGAGCGCA,3,3694567
tolCp1,8.666666666666666,27,2,TGAAAGGTTACTTTGAGTCG,25,3698464
tolCp1,6.666666666666667,21,2,TGAAAGCGCAACTGTCTATC,19,3670222
tolCp1,0.6666666666666666,3,2,TGAAAAACGCACCTTAAGCC,1,3665914
tolCp1,7.0,22,2,TCTTTTTTTGGGTGGATGGA,20,3698896
tolCp1,187.66666666666666,564,2,TCTTTACGGAGTATTACGCA,562,3714467
tolCp1,4.666666666666667,15,2,TCTGTTTTATAAGATGAAAT,13,3696984
tolCp1,11.666666666666666,36,2,TCTGTTCTGACGGGTATCGG,34,3670321
tolCp1,4.0,13,2,TCTGGGTATGCATAAGTACC,11,3666811
tolCp1,5.0,16,2,TCTGACCCTGCCCTGTGGGG,14,3669303
tolCp1,6.0,19,2,TCTCTTGTTCGAATGCCATG,17,3699522
tolCp1,6.0,19,2,TCTCGTTTTAATCGGTTAGA,17,3689828
tolCp1,8.333333333333334,26,2,TCTATGGCGTTCTGGATGGG,24,3680768
tolCp1,2.3333333333333335,8,2,TCTATAGACACCCCCCTATT,6,3702571
tolCp1,3.3333333333333335,11,2,TCTACGGTCAAAACCGGGCA,9,3663270
tolCp1,5.0,16,2,TCTACGCTGTTAGTAACTAT,14,3669145
tolCp1,2.6666666666666665,9,2,TCTACATTCCTTACAATGCG,7,3708175
tolCp1,3.6666666666666665,12,2,TCTAAGATTAGATGCGTCCA,10,3703257
tolCp1,12.666666666666666,39,2,TCGTACCACTGTATCTGAAA,37,3710505
tolCp1,3.0,10,2,TCGGTTTTTAGAATGGTACT,8,3682048
tolCp1,5.666666666666667,18,2,TCGCCTTCTTGTGGTAAGAG,16,3697901
tolCp1,0.6666666666666666,3,2,TCGCCCGAGCATTACGGATG,1,3709728
tolCp1,2.0,7,2,TCGAGGTTGTCGCGTGTGCA,5,3690764
tolCp1,2.0,7,2,TCGAATTTGCGTCGGCCGTC,5,3709673
tolCp1,3.3333333333333335,11,2,TCGAAGAAACACTATTCCGC,9,3684266
tolCp1,4.333333333333333,14,2,TCGAAAACCGCAGCGTGAGT,12,3682644
tolCp1,11.0,34,2,TCCTTGAGTAGCCCTCGTTT,32,3698446
tolCp1,7.333333333333333,23,2,TCCTTCCTTGAAAAATCCCT,21,3674335
tolCp1,2.3333333333333335,8,2,TCCTCTGGCCGACTCGACTA,6,3672398
tolCp1,13.0,40,2,TCCTCCTACGGCTGTAATTG,38,3665088
tolCp1,6.333333333333333,20,2,TCCGTGCTAGTAAGCGTTAA,18,3700312
tolCp1,30.0,91,2,TCCGTCGTAGTAGTAGTGAC,89,3685071
tolCp1,0.6666666666666666,3,2,TCCGCAATAGCATGCAACGT,1,3675649
tolCp1,5.666666666666667,18,2,TCCCTTGCTACGCTGATTCG,16,3700212
tolCp1,30.666666666666668,93,2,TCCCGAGTCGGAAGCTGTGT,91,3714481
tolCp1,4.333333333333333,14,2,TCCATGTTCACGTAGGTCTG,12,3705702
tolCp1,0.6666666666666666,3,2,TCCATCGGGGGCAAACCCAA,1,3673997
tolCp1,2.6666666666666665,9,2,TCCACACAAGCTTCCATTGG,7,3673128
tolCp1,12.0,37,2,TCCACAATCATTCGCAGAAC,35,3687814
tolCp1,3.3333333333333335,11,2,TCATGTGCCTTCTGAGCACC,9,3685563
tolCp1,3.0,10,2,TCATGATTGTCTTAGCCTGT,8,3662610
tolCp1,9.333333333333334,29,2,TCAGCTGCGCTGTAAGGCCT,27,3707309
tolCp1,6.333333333333333,20,2,TCAGCTCCAGCAGGTTGGAG,18,3709757
tolCp1,5.333333333333333,17,2,TCACTTTGGTAGTTATAATG,15,3669620
tolCp1,83.66666666666667,252,2,TCACGTTTACGGGGGAAGTA,250,3685078
tolCp1,3.3333333333333335,11,2,TCACCCAAATTGCAGCCTTT,9,3676341
tolCp1,5.0,16,2,TCACAGTTATGTCATACTGA,14,3708108
tolCp1,3.6666666666666665,12,2,TCAATTGAGAGCAAAAGATA,10,3678801
tolCp1,1.6666666666666667,6,2,TCAAGTGAATTTACACGTGC,4,3686370
tolCp1,3.3333333333333335,11,2,TCAACTTTCAACCACGGAAC,9,3667738
tolCp1,15.333333333333334,47,2,TCAAATCTGTTTCCCTGCGC,45,3684658
tolCp1,16.666666666666668,51,2,TCAAACGAACCGCCCGAGAC,49,3696050
tolCp1,7.0,22,2,TCAAACAGGACTATTTTGGT,20,3691525
tolCp1,5.333333333333333,17,2,TATTCAAGTTGTGACGCAGC,15,3677585
tolCp1,6.0,19,2,TATTAGGGTTAACTGTGCGA,17,3674506
tolCp1,3.6666666666666665,12,2,TATTAGAAGGCCAGGTAATA,10,3700407
tolCp1,0.6666666666666666,3,2,TATGGGTTCTTCCCCGTTAA,1,3673655
tolCp1,4.333333333333333,14,2,TATGGGGCGTATCTGCCAGC,12,3691168
tolCp1,4.333333333333333,14,2,TATGGGCTACGTCTCCAGCC,12,3664669
tolCp1,7.0,22,2,TATGATATAGATTTCGCGAG,20,3691709
tolCp1,4.666666666666667,15,2,TATCTGGAGAGGTTAATACG,13,3677407
tolCp1,1.3333333333333333,5,2,TATATTTCGACTCAGGACGG,3,3693930
tolCp1,8.666666666666666,27,2,TATATGCTGTACTATTTTAC,25,3689988
tolCp1,2.0,7,2,TATATATTAGTTTGGGGGAA,5,3701519
tolCp1,0.6666666666666666,3,2,TATAATCCTTGGATCAATCT,1,3695926
tolCp1,5.333333333333333,17,2,TAGGCGCCCAACTGACCGTG,15,3686994
tolCp1,1.0,4,2,TAGCTGATTAGGACGGGGAG,2,3710217
tolCp1,2.3333333333333335,8,2,TAGCCTGTATCCATCGCCGA,6,3665496
tolCp1,5.666666666666667,18,2,TAGCCCGTTTGGGAACCAAT,16,3691810
tolCp1,2.6666666666666665,9,2,TAGCACTGGTTTCTTTCCCG,7,3692024
tolCp1,1.3333333333333333,5,2,TAGCAAAGCGCGAGAGCCAA,3,3713821
tolCp1,2.0,7,2,TAGAGGTCGTCGGAAAAGGA,5,3693067
tolCp1,5.666666666666667,18,2,TAGACTTACGTAGATGTTTC,16,3673433
tolCp1,2.0,7,2,TAGACGTAGGCTCAAGCACC,5,3690121
tolCp1,3.0,10,2,TACGGATTCATAGTCACTCT,8,3664994
tolCp1,3.6666666666666665,12,2,TACGAGAATGGGGGGTGTCT,10,3692924
tolCp1,3.6666666666666665,12,2,TACCACATTATAGAGTCCTG,10,3702618
tolCp1,8.0,25,2,TACAGGCGTGCTTATATGTG,23,3712261
tolCp1,8.0,25,2,TACACTCACTAACGAGGCTG,23,3699090
tolCp1,6.666666666666667,21,2,TACAAGGGACTACGAAACAC,19,3666514
tolCp1,4.666666666666667,15,2,TAATTGAATGTGTCTAGAGC,13,3685136
tolCp1,5.333333333333333,17,2,TAATATGTAAAGTGCTGCAT,15,3700740
tolCp1,3.3333333333333335,11,2,TAATACCGTTCCCACACGAA,9,3697430
tolCp1,9.666666666666666,30,2,TAAGTTAAGTGTGAAACGGT,28,3681435
tolCp1,4.0,13,2,TAAGGGTGTCCACGGGTGCC,11,3678831
tolCp1,0.6666666666666666,3,2,TAAGCTCGACCTGCGTGTAA,1,3662292
tolCp1,4.333333333333333,14,2,TAACTCTATTCCCCCCGTGT,12,3710895
tolCp1,16.0,49,2,TAACTCGTTTGTCACCAGCG,47,3701479
tolCp1,8.0,25,2,TAACGTTCCATCGGGTTGAG,23,3709421
tolCp1,2.0,7,2,TAACCGGGTTCATCACCGTG,5,3672900
tolCp1,1.6666666666666667,6,2,TAACCAGCGCGAATCGCGAG,4,3668881
tolCp1,6.666666666666667,21,2,TAACAAACCTCATGAGGTTG,19,3686820
tolCp1,0.6666666666666666,3,2,TAAATGATGGTTTAGTAGAC,1,3669460
tolCp1,4.0,13,2,TAAAGATCCACCGGTAGAGC,11,3708829
tolCp1,1.6666666666666667,6,2,TAAACGTCCCTCCCTGTATC,4,3668928
tolCp1,1.3333333333333333,5,2,GTTTTCGATCTAGCTGTTAG,3,3690019
tolCp1,4.0,13,2,GTTTCAGTCGCTGCCCCCTT,11,3693915
tolCp1,3.3333333333333335,11,2,GTTTACATGGCATACGAGTG,9,3669965
tolCp1,1.3333333333333333,5,2,GTTGTTAATTCAAGTAGGTA,3,3697321
tolCp1,2.6666666666666665,9,2,GTTGGCCCCTTAGGATCCCT,7,3708837
tolCp1,4.666666666666667,15,2,GTTGGCAACAGCTACTCGAC,13,3702337
tolCp1,3.3333333333333335,11,2,GTTGGATCCCTCGGTTTATA,9,3705937
tolCp1,4.666666666666667,15,2,GTTGAGTGATTGAGGCAATT,13,3671571
tolCp1,2.3333333333333335,8,2,GTTCGCGACATCCGTCAAAA,6,3678041
tolCp1,4.0,13,2,GTTCATGGCAGGGCCTGTCC,11,3678805
tolCp1,11.333333333333334,35,2,GTTATTTTCGCGCAGACGGT,33,3689765
tolCp1,15.333333333333334,47,2,GTTAGTCCGGTCTGAAACCC,45,3677721
tolCp1,5.0,16,2,GTTACGTCGGCGACGGGTGT,14,3675035
tolCp1,38.0,115,2,GTTACATTTTTCCAGGCCCC,113,3704728
tolCp1,16.0,49,2,GTTAAAACCATCGGCGCCGG,47,3681446
tolCp1,4.333333333333333,14,2,GTGTTTTATTCGGTATATAG,12,3678294
tolCp1,6.666666666666667,21,2,GTGTGGGATGTTCAGAAGAT,19,3691556
tolCp1,1.6666666666666667,6,2,GTGTGCTCAGACGTACGTGC,4,3709153
tolCp1,20.666666666666668,63,2,GTGTCTTTCATTTTTCGAGT,61,3687929
tolCp1,5.333333333333333,17,2,GTGTAGACCTCTATGGAAGC,15,3665438
tolCp1,12.333333333333334,38,2,GTGTAATGCGAACAAATATT,36,3665452
tolCp1,3.3333333333333335,11,2,GTGGACGATCTACGTCACAA,9,3688199
tolCp1,0.6666666666666666,3,2,GTGCCAAGGCCAGTTGGGTA,1,3671752
tolCp1,24.0,73,2,GTGCAGGATGGCTTTGCGCC,71,3701465
tolCp1,4.0,13,2,GTGCAGACTCACGCTCAGGA,11,3679069
tolCp1,6.333333333333333,20,2,GTGATCACGCAACGGCTGGC,18,3666636
tolCp1,8.666666666666666,27,2,GTGACTCCGACAACAAGTGA,25,3688505
tolCp1,5.666666666666667,18,2,GTGAATCAGCTACAACTAGA,16,3709885
tolCp1,0.6666666666666666,3,2,GTCTGGGGTCATATAATATT,1,3678366
tolCp1,1.0,4,2,GTCTGACAACTGGTGGCTGT,2,3689121
tolCp1,4.666666666666667,15,2,GTCTCCTACTTTTAAGTCGG,13,3677896
tolCp1,5.333333333333333,17,2,GTCGTTAGTGGCGGGCACAG,15,3691460
tolCp1,35.666666666666664,108,2,GTCGGTGAACTTTTATTTTT,106,3685076
tolCp1,8.333333333333334,26,2,GTCGGGCTCGTCACACCGTA,24,3661264
tolCp1,1.6666666666666667,6,2,GTCGGCATAACCTTTACATA,4,3679078
tolCp1,16.0,49,2,GTCGGCAGAGTTAGCGGGAA,47,3685082
tolCp1,5.0,16,2,GTCGCCGTCCCCGCGGTCGT,14,3686337
tolCp1,21.0,64,2,GTCCGGTGTGGTGACTCAGA,62,3689041
tolCp1,7.333333333333333,23,2,GTCCGGCCGCGAGGTACTCC,21,3670857
tolCp1,8.666666666666666,27,2,GTCATCACTAGGCTCCGCCA,25,3698016
tolCp1,1.3333333333333333,5,2,GTCAGCAATCTATCTCCGTC,3,3701669
tolCp1,7.666666666666667,24,2,GTATGGGGGACTCTTGCTAA,22,3667561
tolCp1,4.0,13,2,GTATGGGATGCAGCGTGGTA,11,3707458
tolCp1,6.666666666666667,21,2,GTATAGGGCGCAATCGTTAA,19,3692597
tolCp1,47.666666666666664,144,2,GTATAGCAACTCGGCCCTAC,142,3715139
tolCp1,10.0,31,2,GTACATCCGATCAAGTAGCC,29,3706064
tolCp1,23.666666666666668,72,2,GTAACCGACATTTATCCGTT,70,3666157
tolCp1,32.333333333333336,98,2,GTAAATATTCATCTAACCTA,96,3675712
tolCp1,14.333333333333334,44,2,GGTTGGTGAGGTGACCTAGC,42,3694054
tolCp1,10.666666666666666,33,2,GGTTCGTCACTTCGGGACAA,31,3703239
tolCp1,4.333333333333333,14,2,GGTGCACCATTATATCCTCG,12,3711285
tolCp1,1.6666666666666667,6,2,GGTCAAAAGCAATGTTCCTG,4,3705644
tolCp1,5.0,16,2,GGTAGCAGATCCGTTGCAGT,14,3703561
tolCp1,3.3333333333333335,11,2,GGTACTCTATTCCATTTCCC,9,3694164
tolCp1,4.666666666666667,15,2,GGGTTCGGGGATTTGTAGCG,13,3686721
tolCp1,21.0,64,2,GGGTTCGCAGCCATGGTGAA,62,3669375
tolCp1,2.3333333333333335,8,2,GGGTTCCAGCATGGGCACTC,6,3684412
tolCp1,2.6666666666666665,9,2,GGGTTAAAGAGTTCATGTTA,7,3696908
tolCp1,2.0,7,2,GGGTCTGAGAGAATACATGA,5,3705294
tolCp1,6.666666666666667,21,2,GGGTCCGCACGTAGGGGCCT,19,3669779
tolCp1,5.0,16,2,GGGTATCGCGGATTGTTCTC,14,3690412
tolCp1,4.0,13,2,GGGCGCATGTTTGGTCAGCT,11,3677474
tolCp1,23.666666666666668,72,2,GGGAGTAGAGTAGCATGATG,70,3663916
tolCp1,2.6666666666666665,9,2,GGGAATAGTTCGGCACCGAA,7,3710502
tolCp1,16.333333333333332,50,2,GGGAACTATGGGGTGTACGT,48,3672838
tolCp1,12.666666666666666,39,2,GGCTTGTTTGGTTCTTTTTG,37,3701483
tolCp1,14.666666666666666,45,2,GGCTGTGACCAGATTCGATC,43,3690084
tolCp1,8.333333333333334,26,2,GGCGAATGACTCTGCAGTCG,24,3700875
tolCp1,31.333333333333332,95,2,GGCCTTCGTGGTGGATTGGC,93,3702895
tolCp1,5.333333333333333,17,2,GGCCGGTTGAGAGGAGCGAG,15,3674872
tolCp1,0.6666666666666666,3,2,GGCAGTGGACGTCTTAAAGC,1,3711223
tolCp1,3.3333333333333335,11,2,GGCAGAGAGAGCGGGAATTG,9,3670596
tolCp1,4.0,13,2,GGCACGTGTGAATTCGCCCT,11,3707157
tolCp1,1.0,4,2,GGCACGAACTACCGCTACTC,2,3714620
tolCp1,7.0,22,2,GGATGCGTGGCTCCGGCATT,20,3680858
tolCp1,3.3333333333333335,11,2,GGATACATAATTCATCTTGC,9,3681019
tolCp1,5.0,16,2,GGAGCGACTCCACATCCAAG,14,3695764
tolCp1,2.3333333333333335,8,2,GGAGAAATCGCGCTAGAAGC,6,3700373
tolCp1,9.0,28,2,GGACTTGTCTATCTTGGCAT,26,3689469
tolCp1,4.333333333333333,14,2,GGACCCCGGTCACAGTCAGT,12,3669451
tolCp1,11.0,34,2,GGACATGGCGTCGCCTACAA,32,3694792
tolCp1,3.0,10,2,GGAATACTATTATAGTGGCA,8,3694669
tolCp1,3.0,10,2,GGAAGGGGTCTCAGAATCGA,8,3667128
tolCp1,4.333333333333333,14,2,GGAACTAGGATCCTACGTTC,12,3672777
tolCp1,2.3333333333333335,8,2,GCTTGGCGTGTATAGGTAGA,6,3685602
tolCp1,2.6666666666666665,9,2,GCTTACTGGCGGCTGGCATC,7,3694298
tolCp1,2.3333333333333335,8,2,GCTGTCCACGTCAGCGTCCT,6,3677154
tolCp1,1.3333333333333333,5,2,GCTGGGATAGGTCCGTTTCA,3,3712710
tolCp1,9.0,28,2,GCTCCGGGACCGTAGGACAG,26,3675101
tolCp1,11.333333333333334,35,2,GCTCATAGTCTCATGGATTC,33,3693409
tolCp1,3.6666666666666665,12,2,GCTATTGCAAAACAGAGACT,10,3694926
tolCp1,4.333333333333333,14,2,GCTATGCGTTCTAACAATGA,12,3704672
tolCp1,0.6666666666666666,3,2,GCTATCAGCCCTTAATGTAA,1,3707155
tolCp1,5.0,16,2,GCTAGCTGGATTTCTAGCTC,14,3674156
tolCp1,1.0,4,2,GCGTAAGGGATAAGCTAGAA,2,3698316
tolCp1,5.666666666666667,18,2,GCGGTGTCCTATCCACATAC,16,3705528
tolCp1,5.0,16,2,GCGGTACCTTAGACCGGCCA,14,3661331
tolCp1,11.333333333333334,35,2,GCGGGCGAGTAGATTTCTGA,33,3712011
tolCp1,16.0,49,2,GCGCTACTCCGATATCGAGC,47,3702713
tolCp1,4.333333333333333,14,2,GCGCAGGTGTGTGTGATCTT,12,3685257
tolCp1,5.666666666666667,18,2,GCGAGGGATAACTTAGGCGA,16,3686251
tolCp1,8.666666666666666,27,2,GCGAGATTACTGTAGCTCTA,25,3677214
tolCp1,5.0,16,2,GCCTTTTGGTAAACGGTATT,14,3708022
tolCp1,8.0,25,2,GCCTAATAGAGATTCCTCGG,23,3665090
tolCp1,3.0,10,2,GCCGTAAACTCATACTCCGT,8,3666020
tolCp1,16.333333333333332,50,2,GCCGACCAGTTTGCCCCTGC,48,3708736
tolCp1,6.0,19,2,GCCCGCGGTCAATACCATCA,17,3706974
tolCp1,3.3333333333333335,11,2,GCCCGCGCACCTTTTTCTCC,9,3705536
tolCp1,33.0,100,2,GCCCACTATAGGGTGGTGTA,98,3687896
tolCp1,61.333333333333336,185,2,GCCCACGGAGTGAGTCGTCG,183,3671010
tolCp1,3.0,10,2,GCCCACCACCGCTTGGGTCC,8,3688357
tolCp1,9.0,28,2,GCATTGGTTCGCTACAGACC,26,3701866
tolCp1,6.333333333333333,20,2,GCATTCACGATCCCTTATTA,18,3712709
tolCp1,2.0,7,2,GCATCAATCACGTTATTATG,5,3685415
tolCp1,11.0,34,2,GCAGTGGGTGACCCTAGATA,32,3678174
tolCp1,0.6666666666666666,3,2,GCAGCAGTCAAGCGCTATTT,1,3692747
tolCp1,7.666666666666667,24,2,GCAGACCTCATTCTTCCTGA,22,3668933
tolCp1,3.3333333333333335,11,2,GCACGCACTTTGTATTTATT,9,3703322
tolCp1,5.333333333333333,17,2,GCAAGTGTCTGCGTCTGTCG,15,3702682
tolCp1,6.0,19,2,GCAAGGATGTATCGGATTCA,17,3670081
tolCp1,0.6666666666666666,3,2,GCAAAGAGAAAGACTTAGCG,1,3709087
tolCp1,0.6666666666666666,3,2,GATTATAGTGCAGACTAAAT,1,3691116
tolCp1,2.6666666666666665,9,2,GATTAGCGAATAGCTATGCG,7,3663781
tolCp1,8.666666666666666,27,2,GATGCATAAATAAAGTTGTC,25,3698125
tolCp1,6.0,19,2,GATGCAAGTTTTCTTGGTCC,17,3683390
tolCp1,4.0,13,2,GATCTCTCACCGGGCTTCGC,11,3670009
tolCp1,3.6666666666666665,12,2,GATCTCCTTATCTGAGCTCA,10,3692115
tolCp1,7.333333333333333,23,2,GATCGTGACCTAAGGGTTCG,21,3681846
tolCp1,22.0,67,2,GATCGAGCGACTGTGCCCTA,65,3671276
tolCp1,6.0,19,2,GATCGAAACGACTTTGCCGT,17,3681844
tolCp1,4.666666666666667,15,2,GATCCTTACGTATGCACCAT,13,3667208
tolCp1,16.666666666666668,51,2,GATACATCAAATATTTGGAT,49,3666689
tolCp1,6.666666666666667,21,2,GATAAAGAGATGCTACTCCC,19,3667066
tolCp1,24.666666666666668,75,2,GAGTTCGGTGGCCGGCCCAG,73,3686025
tolCp1,5.333333333333333,17,2,GAGTGCACCAGTCTCGGCCA,15,3694559
tolCp1,1.6666666666666667,6,2,GAGTGATGGGAGGGTTTCAG,4,3678910
tolCp1,4.0,13,2,GAGTAGTCTCAAATATATGT,11,3680432
tolCp1,9.0,28,2,GAGCGCCTACGTTAAAATAT,26,3676084
tolCp1,3.0,10,2,GAGCCATTCAGCCAACGAGG,8,3671533
tolCp1,7.333333333333333,23,2,GAGCAGGAACCATCGGCCGG,21,3692344
tolCp1,44.333333333333336,134,2,GAGCAATATGGGATGGGTTC,132,3661310
tolCp1,8.666666666666666,27,2,GAGATCGCAGCGGGTTCCAA,25,3700878
tolCp1,7.333333333333333,23,2,GAGAATGCTTACGCACCAAC,21,3703241
tolCp1,6.0,19,2,GACTGTCCCCTACACGGGTT,17,3679174
tolCp1,32.333333333333336,98,2,GACTACATCCATGTAACTGC,96,3700081
tolCp1,2.6666666666666665,9,2,GACGGGCATTGCTGGACTGC,7,3687880
tolCp1,15.0,46,2,GACCGTCTAGCACGCCCAGT,44,3713190
tolCp1,2.0,7,2,GACCCTGTCACATGAAGAAC,5,3671152
tolCp1,10.0,31,2,GACCACTGGTTCTAAGCGAC,29,3708543
tolCp1,4.0,13,2,GACAACTAGGCAGTGTCTCG,11,3681037
tolCp1,2.0,7,2,GAATTCTCACATTGTAAGAC,5,3691267
tolCp1,7.333333333333333,23,2,GAATCGCTGTAGACATGTAT,21,3706392
tolCp1,1.0,4,2,GAATACGCAAAAGGTGAGAA,2,3681637
tolCp1,53.0,160,2,GAAGTGGCCATATTCCATAT,158,3714494
tolCp1,4.333333333333333,14,2,GAAGCGTCAGGGCGGTGTAG,12,3710433
tolCp1,0.6666666666666666,3,2,GAACTACTTTACGGCAGATA,1,3692966
tolCp1,2.6666666666666665,9,2,GAACGGGTAAACATTACTAT,7,3666519
tolCp1,8.666666666666666,27,2,GAACGCCGGAGCGTCGGGAT,25,3686409
tolCp1,8.333333333333334,26,2,GAACAACCGTTCGGAACCAT,24,3699746
tolCp1,3.3333333333333335,11,2,CTTTCGTCGTCGCCCAGATA,9,3689946
tolCp1,5.666666666666667,18,2,CTTTATCTACCTCAGCTAGG,16,3697309
tolCp1,2.6666666666666665,9,2,CTTGTCGAATATCAGGCAGC,7,3693748
tolCp1,1.6666666666666667,6,2,CTTCCATTGGGTTGATGGTG,4,3708141
tolCp1,4.333333333333333,14,2,CTTCACGAACGGTCAGGCCT,12,3712832
tolCp1,3.3333333333333335,11,2,CTTCAAGTTTTGATCTGCAG,9,3673145
tolCp1,7.333333333333333,23,2,CTTAATAGCGGAAAAGCTTT,21,3672588
tolCp1,3.0,10,2,CTGTGCAGAAATCGGCAATT,8,3704167
tolCp1,6.0,19,2,CTGGTTCGCGACCCTGAGAT,17,3694272
tolCp1,11.0,34,2,CTGGTGCCATTTGGTCGCGG,32,3694070
tolCp1,2.6666666666666665,9,2,CTGGCCGACATATAGGAGCA,7,3706653
tolCp1,8.333333333333334,26,2,CTGGCCCCATATAGCAGTAT,24,3691035
tolCp1,1.6666666666666667,6,2,CTGCACTTTTCTGGATGTCG,4,3698279
tolCp1,5.333333333333333,17,2,CTGAGGGCTGCGTCGGGGGG,15,3696259
tolCp1,2.0,7,2,CTGAATAAGCAGGTAAAAGA,5,3703692
tolCp1,3.3333333333333335,11,2,CTGAATAACGTCGGTCATTT,9,3669513
tolCp1,4.0,13,2,CTCTTAGGTCGCAGCCTTAT,11,3670128
tolCp1,9.666666666666666,30,2,CTCTGCGGATTGATGGTAGG,28,3715590
tolCp1,3.3333333333333335,11,2,CTCGATTATGATGCTGGATT,9,3690379
tolCp1,10.666666666666666,33,2,CTCCTACAACATATTTGGCA,31,3664919
tolCp1,3.3333333333333335,11,2,CTCCCAGCTCCGTATAGGAA,9,3684957
tolCp1,8.0,25,2,CTCCCACTAGCACGGAGGTC,23,3661470
tolCp1,73.66666666666667,222,2,CTCAAAACGATTTTTGGTTC,220,3675725
tolCp1,5.333333333333333,17,2,CTATGACCCCAAGCTAAACT,15,3676218
tolCp1,18.0,55,2,CTATCGAGGGACCAAATGAC,53,3695851
tolCp1,5.333333333333333,17,2,CTATATTTTGATTGGAAGCA,15,3678047
tolCp1,3.3333333333333335,11,2,CTAGGTTCGCGGTCGGTGGA,9,3680700
tolCp1,59.333333333333336,179,2,CTACCGCGTCAACCGTGAGT,177,3685075
tolCp1,3.6666666666666665,12,2,CTAAGGCGAATCAGGGTATT,10,3708019
tolCp1,7.333333333333333,23,2,CGTTGATAACTGGTCCGTTG,21,3690991
tolCp1,5.333333333333333,17,2,CGTGGCGTTCGAGTCCCGAA,15,3700319
tolCp1,2.6666666666666665,9,2,CGTGAACGAACCTTGTTAAG,7,3678042
tolCp1,4.666666666666667,15,2,CGTCTGGGTTCAATGCGTGA,13,3693555
tolCp1,3.3333333333333335,11,2,CGTCGTAGAGCCGAGCAAAG,9,3687415
tolCp1,3.6666666666666665,12,2,CGTCGGCCTGGGGAACGATG,10,3677169
tolCp1,3.6666666666666665,12,2,CGTCCAAAATAAGCAGTGCC,10,3705300
tolCp1,2.0,7,2,CGTCAGCCTTCACAAGCGGG,5,3686425
tolCp1,7.0,22,2,CGTCACAGCGAGGCTGATGG,20,3709466
tolCp1,2.6666666666666665,9,2,CGTATCCCTCCTACGGCAGA,7,3694528
tolCp1,3.0,10,2,CGTAAGTTTTTCTTGCAGTT,8,3700157
tolCp1,2.0,7,2,CGTAAAGGGTGTCAGGATGG,5,3676398
tolCp1,29.0,88,2,CGTAAAGCGCCCAGGTACCT,86,3662978
tolCp1,2.6666666666666665,9,2,CGTAAAGAGTATTTGTCAGC,7,3662864
tolCp1,3.0,10,2,CGGTTCCCTCTTTCACACGT,8,3661798
tolCp1,18.666666666666668,57,2,CGGTGCGCGTGTAGACGGAT,55,3665345
tolCp1,61.333333333333336,185,2,CGGTCTCAGTAGCCTTCGAT,183,3679967
tolCp1,7.666666666666667,24,2,CGGTCCACATAGCCGAGGCC,22,3676706
tolCp1,5.333333333333333,17,2,CGGGTGTTCGGGCACCCCCT,15,3682398
tolCp1,5.666666666666667,18,2,CGGGTGTATGCCATAGAAAC,16,3687709
tolCp1,8.0,25,2,CGGGCAAGCAAGACGTTTTC,23,3666512
tolCp1,12.333333333333334,38,2,CGGCTACAACTATGAGTGTA,36,3706083
tolCp1,0.6666666666666666,3,2,CGGCGGTCATCACCATCCTG,1,3715083
tolCp1,1.6666666666666667,6,2,CGGACACCCGTGGGGGTCTA,4,3697646
tolCp1,4.0,13,2,CGGAACTGCTCCTTGGAGTA,11,3705265
tolCp1,10.333333333333334,32,2,CGGAAATCCCGCTGTCAAAC,30,3712100
tolCp1,3.3333333333333335,11,2,CGCTGTAGGTAGGATAACAT,9,3709951
tolCp1,3.0,10,2,CGCTCGCTTCGGCTTGGTAT,8,3695461
tolCp1,1.3333333333333333,5,2,CGCTCCTGTGATGAAAAGGT,3,3662421
tolCp1,4.0,13,2,CGCTATCAACGTTGTTCGGA,11,3672243
tolCp1,0.6666666666666666,3,2,CGCGTCTGTTCACAGGGTTT,1,3691914
tolCp1,0.6666666666666666,3,2,CGCGTCCCTCGGTACTTTCT,1,3664486
tolCp1,4.666666666666667,15,2,CGCGCTATCCGCTGCCCCAG,13,3682180
tolCp1,16.666666666666668,51,2,CGCCCTCTAATCCTCCGTCT,49,3701241
tolCp1,5.333333333333333,17,2,CGCATGTGGATCGATGTCTA,15,3689382
tolCp1,0.6666666666666666,3,2,CGCATAGGGCAAGAATTCGA,1,3674754
tolCp1,2.6666666666666665,9,2,CGCAATTAAATTGGGCGGCG,7,3681533
tolCp1,1.0,4,2,CGCAAATTGAGTCTCACAAG,2,3703497
tolCp1,4.333333333333333,14,2,CGATTGGTGGGCTCCACGCG,12,3661996
tolCp1,4.0,13,2,CGATTGGGTAGATTATCGTC,11,3707589
tolCp1,4.0,13,2,CGATCTTGGGAGCCAACTGC,11,3695463
tolCp1,9.333333333333334,29,2,CGATAGTAGGGTTATCACGC,27,3675022
tolCp1,3.6666666666666665,12,2,CGAGGTGTCTGAGAGATGCA,10,3670635
tolCp1,2.0,7,2,CGAGGTAGCCTCTTGTAGAC,5,3691055
tolCp1,17.0,52,2,CGACATACTGCGGACGTTTG,50,3695650
tolCp1,3.0,10,2,CGAATACCGACAGATCCTCA,8,3667289
tolCp1,4.0,13,2,CGAACATCTTACAACGAGTG,11,3696740
tolCp1,0.6666666666666666,3,2,CGAAAATGGGCTCTCAGGAA,1,3682062
tolCp1,2.6666666666666665,9,2,CGAAAAGGCTCTGTAGCCCC,7,3662863
tolCp1,3.3333333333333335,11,2,CGAAAAGCCTCGCACTGGAC,9,3666871
tolCp1,5.333333333333333,17,2,CCTTGTGCTAGAACTGCAGA,15,3679330
tolCp1,41.0,124,2,CCTGTCTTACAGGGTAATGT,122,3691895
tolCp1,3.0,10,2,CCTGATCTAGTCGGACTTCA,8,3685707
tolCp1,5.666666666666667,18,2,CCTCTCCTCATCAGGTCCAA,16,3671338
tolCp1,2.0,7,2,CCTCGGTCAAAATTTAAATG,5,3687041
tolCp1,51.666666666666664,156,2,CCTCGCGAGCAAGTTCCAAC,154,3691889
tolCp1,27.666666666666668,84,2,CCTCCGTCTGCCGTGAACCA,82,3661270
tolCp1,9.333333333333334,29,2,CCTCCGGGAAAAGGGAATGA,27,3708015
tolCp1,2.0,7,2,CCTCATTAATCTTATTTTTT,5,3710803
tolCp1,1.6666666666666667,6,2,CCTCAAGTTTGTGCAAGGCC,4,3710737
tolCp1,2.0,7,2,CCTATTGAAGAATGAATCCC,5,3667078
tolCp1,1.6666666666666667,6,2,CCTACGGGGGACGGGAGGGA,4,3674090
tolCp1,5.0,16,2,CCGTATCGAGGCTGACGAAG,14,3665113
tolCp1,3.0,10,2,CCGGTTCATTCTTTGATCAT,8,3662960
tolCp1,3.3333333333333335,11,2,CCGGCTCACTTCTATCCGGA,9,3681022
tolCp1,3.3333333333333335,11,2,CCGGCGCGAATGTAATTGCT,9,3662424
tolCp1,15.666666666666666,48,2,CCGGAACTTGTCCGATGATT,46,3661435
tolCp1,3.3333333333333335,11,2,CCGCTTGGAGGGACTGGAGT,9,3664228
tolCp1,6.0,19,2,CCGCGCAAGCGATCAGTGAA,17,3684151
tolCp1,4.0,13,2,CCGCAATTGAGGGCTCACGT,11,3677893
tolCp1,10.333333333333334,32,2,CCGATATCACACGCGGGTAC,30,3688326
tolCp1,5.666666666666667,18,2,CCGAGTGGAATCAGGTAATG,16,3713781
tolCp1,7.333333333333333,23,2,CCGAGCCATTGTACACGCAA,21,3667749
tolCp1,8.0,25,2,CCGACCCATATCCCCCGGGG,23,3661621
tolCp1,2.3333333333333335,8,2,CCCTCCGGTTAACAAGGTTA,6,3696750
tolCp1,36.666666666666664,111,2,CCCGTTTTGTGAGACACACA,109,3694010
tolCp1,1.3333333333333333,5,2,CCCGGTAATCCTCGACGAAC,3,3694051
tolCp1,5.666666666666667,18,2,CCCGAAGTCTTCTACTAAAA,16,3680715
tolCp1,16.666666666666668,51,2,CCCCGAGCCGGATCGTTCGG,49,3694167
tolCp1,0.6666666666666666,3,2,CCCATGCCGTTGCGTAGTCA,1,3666615
tolCp1,1.3333333333333333,5,2,CCCAGTAGCGTGAACTCCCA,3,3690907
tolCp1,3.0,10,2,CCATCGATGCGGTATCAATC,8,3696756
tolCp1,6.666666666666667,21,2,CCATACCGTGTCGCTCAAGG,19,3696056
tolCp1,3.6666666666666665,12,2,CCAGGGCGATTGGCGTCCGC,10,3701812
tolCp1,7.666666666666667,24,2,CCAGGATACGGCACGGACGA,22,3689287
tolCp1,6.333333333333333,20,2,CCACTCTCGTGCGACCTGAA,18,3690482
tolCp1,20.333333333333332,62,2,CCACGGGATCCCCATCAGCT,60,3700070
tolCp1,1.6666666666666667,6,2,CATTTAGGACACCCCGGGTC,4,3684760
tolCp1,2.6666666666666665,9,2,CATTCAAAATTGAACTCGAG,7,3698198
tolCp1,0.6666666666666666,3,2,CATTAGTATGGCATGCTGTC,1,3665309
tolCp1,22.666666666666668,69,2,CATGTTGGGGGCGGCAACCC,67,3708585
tolCp1,2.3333333333333335,8,2,CATGCGTTGAGATTTCACCT,6,3678270
tolCp1,3.3333333333333335,11,2,CATCGGCGCATGCTAGCACG,9,3664634
tolCp1,4.333333333333333,14,2,CATCGATATCACCCGAAGTC,12,3664496
tolCp1,4.333333333333333,14,2,CATCAGATCTATCCTTATCT,12,3714068
tolCp1,7.333333333333333,23,2,CATCACATCACGTCCGAGGC,21,3711749
tolCp1,39.666666666666664,120,2,CATATACGGCATTCGGTGCG,118,3667791
tolCp1,3.0,10,2,CATAGCACTGTGTGGGGCCA,8,3701901
tolCp1,4.333333333333333,14,2,CATAAATAAGAGTATGGTAA,12,3664941
tolCp1,3.6666666666666665,12,2,CAGTGCTCTGTAGGGCCTGA,10,3686613
tolCp1,38.333333333333336,116,2,CAGTGCACGATTCGAGTTCG,114,3696411
tolCp1,2.6666666666666665,9,2,CAGGGTCATCGGCTTTGAGT,7,3673842
tolCp1,1.0,4,2,CAGGGCACGCCAACGACATC,2,3703323
tolCp1,4.333333333333333,14,2,CAGGAGATCACGACAATATC,12,3704048
tolCp1,6.666666666666667,21,2,CAGCTCCAGAGCTTGACCTG,19,3665764
tolCp1,8.0,25,2,CAGCAACTAGGTAATCGTCT,23,3666810
tolCp1,4.0,13,2,CACTTGTGCAAACTTCGATT,11,3698343
tolCp1,60.666666666666664,183,2,CACTCACCCGTAGTCCAGGC,181,3688100
tolCp1,7.0,22,2,CACTAGGACCAGGGGGCGGA,20,3692031
tolCp1,16.666666666666668,51,2,CACGATCCGGACACGGACAA,49,3688839
tolCp1,2.6666666666666665,9,2,CACGACCAGCGAATGTTTAA,7,3686403
tolCp1,5.0,16,2,CACCGCTAGCTTTCAAATTT,14,3693411
tolCp1,3.6666666666666665,12,2,CACCCTCGAGAAGGTGGGTC,10,3689212
tolCp1,4.0,13,2,CACATGAAGCACGTAATGAA,11,3712359
tolCp1,0.6666666666666666,3,2,CACAGGCACCTACACGACAC,1,3685779
tolCp1,7.0,22,2,CACACCAAAATGAAGAACTG,20,3701441
tolCp1,14.0,43,2,CAATTGAGTGTGACCCCACG,41,3696744
tolCp1,37.666666666666664,114,2,CAATAGAGTTCTTCATCTTG,112,3688989
tolCp1,11.666666666666666,36,2,CAAGTTAGACCTCTCTCTCA,34,3715081
tolCp1,7.333333333333333,23,2,CAAGGGGCTTGACGCAATAT,21,3664132
tolCp1,4.0,13,2,CAAGGATGCACACTGTGCGA,11,3696947
tolCp1,3.6666666666666665,12,2,CAAGCGTCGAGATGACTGTT,10,3665045
tolCp1,3.0,10,2,CAAGCGGCCTACGAGGTGCG,8,3666265
tolCp1,0.6666666666666666,3,2,CAAGCCAACAGTGGAAGTGG,1,3714946
tolCp1,1.3333333333333333,5,2,CAAAGGGGCAGCAGCTAAAT,3,3674165
tolCp1,2.6666666666666665,9,2,CAAACCCAACGCTCGAGTTA,7,3676995
tolCp1,3.3333333333333335,11,2,CAAAATCCTGTACGCTGTTC,9,3661777
tolCp1,3.6666666666666665,12,2,CAAAAGGAAGAGTCTAATCA,10,3684150
tolCp1,0.6666666666666666,3,2,CAAAACTTGAGATATTTGTG,1,3686777
tolCp1,2.6666666666666665,9,2,ATTTTTTCATCTAAGTCGTT,7,3701899
tolCp1,41.333333333333336,125,2,ATTTTAGTCACATGGGTGAC,123,3661283
tolCp1,3.6666666666666665,12,2,ATTTGTGGTTAGCAGCAAGC,10,3680412
tolCp1,7.0,22,2,ATTTGCCTTTATTTACCGGC,20,3706814
tolCp1,4.0,13,2,ATTTGAACGGCATACTATCT,11,3663465
tolCp1,8.333333333333334,26,2,ATTTCGGGGCAAGGTGTTGA,24,3689327
tolCp1,16.666666666666668,51,2,ATTTCAGATAGTGGATAGGC,49,3704743
tolCp1,3.0,10,2,ATTTACTTTGAGGGGTAGCA,8,3681017
tolCp1,6.333333333333333,20,2,ATTGGTACTGCTTCCATCCA,18,3705270
tolCp1,17.333333333333332,53,2,ATTGGTACGCATATATCGAC,51,3671061
tolCp1,14.333333333333334,44,2,ATTGGGTCGGGCATGATGCT,42,3684789
tolCp1,5.333333333333333,17,2,ATTGGGGCCGGAAAATTACT,15,3682055
tolCp1,18.0,55,2,ATTGCATAAGTGTATGTGTG,53,3689342
tolCp1,1.6666666666666667,6,2,ATTCTGCGGATCGGAGAGAT,4,3679678
tolCp1,6.666666666666667,21,2,ATTCAGATTGTGTGTAACAG,19,3681759
tolCp1,1.0,4,2,ATTCACCATCGGGGCCGAGA,2,3676168
tolCp1,12.666666666666666,39,2,ATTCAATCACTTCGGAAATA,37,3679992
tolCp1,19.0,58,2,ATGTTTTGATTTTCCTGGGC,56,3710952
tolCp1,16.666666666666668,51,2,ATGTTACAGCTGGGACGACT,49,3708148
tolCp1,5.0,16,2,ATGTACTCTTCTATTGATCG,14,3705712
tolCp1,2.6666666666666665,9,2,ATGTAAATCGATAACTTAGA,7,3686156
tolCp1,6.666666666666667,21,2,ATGGTGCTACAATTAGGTCT,19,3680934
tolCp1,25.0,76,2,ATGGGCAGCTTGCGTGGCGA,74,3697325
tolCp1,4.333333333333333,14,2,ATGGCAATATACTCTCACTT,12,3688273
tolCp1,0.6666666666666666,3,2,ATGGATGGGGTCGTTGTCAC,1,3687566
tolCp1,1.3333333333333333,5,2,ATGCTCACAGCCCTTGAAAC,3,3700137
tolCp1,2.6666666666666665,9,2,ATGCGTAGGCACCCAACCCA,7,3699997
tolCp1,0.6666666666666666,3,2,ATCGGGCAGCCAGGTTCTTT,1,3685614
tolCp1,2.6666666666666665,9,2,ATCGGATTAGGCGCTCCCGA,7,3674666
tolCp1,4.333333333333333,14,2,ATCGCTTCGGTACCGCACAA,12,3693699
tolCp1,5.0,16,2,ATCGCCTCCTTACGCATTGC,14,3665847
tolCp1,5.666666666666667,18,2,ATCGACTCGGAGTGCGGAAG,16,3665400
tolCp1,9.666666666666666,30,2,ATCCGCTACAACATTGGCTT,28,3697787
tolCp1,4.333333333333333,14,2,ATATAGCCCGGCGTTGATTG,12,3686378
tolCp1,6.666666666666667,21,2,ATAGGTCGTTATCAGAACAC,19,3667427
tolCp1,2.3333333333333335,8,2,ATACGCTTCACATGATCCTA,6,3682823
tolCp1,4.333333333333333,14,2,ATACCGTACCTTGTGTAGGG,12,3670258
tolCp1,7.0,22,2,ATACAATAAGTAAGTTGATC,20,3704123
tolCp1,1.3333333333333333,5,2,ATAATTCTATTTTGTACATC,3,3673839
tolCp1,6.666666666666667,21,2,ATAATCTATGTTACCTTTAT,19,3705264
tolCp1,11.333333333333334,35,2,ATAATCCGGGTGAAAAGCAC,33,3697329
tolCp1,1.0,4,2,ATAAATGCCCCTTCGGTTTG,2,3671651
tolCp1,1.3333333333333333,5,2,AGTTAACTCAAATCTAGTAC,3,3712875
tolCp1,0.6666666666666666,3,2,AGTTAAAAAGCAGCCCAGTC,1,3695763
tolCp1,2.6666666666666665,9,2,AGTGCGAGAAATGGGGAGAA,7,3699906
tolCp1,0.6666666666666666,3,2,AGTCTCTTCAAGTTGTTGAC,1,3713696
tolCp1,1.3333333333333333,5,2,AGTCGAAATAGTTTATGATG,3,3666552
tolCp1,18.0,55,2,AGTCCGTAGTGAGCGTCCAC,53,3704170
tolCp1,3.6666666666666665,12,2,AGTCCGCACCCCCGATTGCA,10,3677508
tolCp1,8.0,25,2,AGTATCGGCTGGATAAGGTT,23,3690134
tolCp1,3.6666666666666665,12,2,AGTAGTTCTTAGTTCTTTTC,10,3693835
tolCp1,1.0,4,2,AGTAATACTTCTTTATCTTA,2,3693963
tolCp1,1.3333333333333333,5,2,AGTAAGTTGCAATCTAGAAG,3,3700446
tolCp1,10.0,31,2,AGTAACCAGTTGCGCGGACG,29,3678186
tolCp1,1.3333333333333333,5,2,AGGTTTTCGCTCTCAGGGCT,3,3678648
tolCp1,19.666666666666668,60,2,AGGTGTCAGCGAACGGTTCT,58,3689037
tolCp1,3.0,10,2,AGGTCTGTGCGGATTTGTAG,8,3708392
tolCp1,5.0,16,2,AGGTCTAGCGGTAACATCTC,14,3697797
tolCp1,7.333333333333333,23,2,AGGTATCTTTTTCGAAATAC,21,3686048
tolCp1,5.0,16,2,AGGGCTTGACAAAGAAAATT,14,3696058
tolCp1,6.666666666666667,21,2,AGGGCACGCCGAGGAGGCGG,19,3669500
tolCp1,4.0,13,2,AGGGAGTCGTCTATACTGTG,11,3661961
tolCp1,29.666666666666668,90,2,AGGAGTACTAGATTTCGCGA,88,3685065
tolCp1,3.6666666666666665,12,2,AGGAGGACAAATTATATTCT,10,3713028
tolCp1,30.333333333333332,92,2,AGCTGGCGAGAGAAGCCCAT,90,3699822
tolCp1,3.3333333333333335,11,2,AGCTGAACGATTTTAGTAAG,9,3682608
tolCp1,5.333333333333333,17,2,AGCTCTGTTACGGTAGGGTA,15,3711461
tolCp1,2.3333333333333335,8,2,AGCGTGGCTAGAATGATGTC,6,3705641
tolCp1,7.333333333333333,23,2,AGCGCTAGCTACGTGTACCG,21,3681839
tolCp1,6.333333333333333,20,2,AGCCTCTTTGGGATGAAGTA,18,3683536
tolCp1,2.0,7,2,AGCATTATAAGAGGGTTGCT,5,3672850
tolCp1,11.666666666666666,36,2,AGCAGTGGCATCAAATGTGA,34,3705812
tolCp1,3.6666666666666665,12,2,AGCAGGTTGCCGTTTAGTCC,10,3714154
tolCp1,2.3333333333333335,8,2,AGCACCGTATGAGTTTCCGC,6,3709424
tolCp1,14.333333333333334,44,2,AGCAAGAGGCCACGTATATA,42,3661267
tolCp1,2.6666666666666665,9,2,AGATTCGCAGCGGAGAATCA,7,3712430
tolCp1,7.0,22,2,AGATAATCTTTATTCTTACG,20,3674767
tolCp1,81.0,244,2,AGAGTGTTGCGACGTGAACA,242,3671092
tolCp1,4.666666666666667,15,2,AGAGTACCTCACTACGCCTC,13,3701591
tolCp1,7.666666666666667,24,2,AGACAAAACGGGAGATTCTT,22,3663372
tolCp1,3.3333333333333335,11,2,AGAAGGTACTGGAGCATGAA,9,3665872
tolCp1,2.3333333333333335,8,2,AGAACTATACTTTGTTCTGA,6,3681727
tolCp1,4.333333333333333,14,2,AGAAATCCGATCAGCCCGAT,12,3697658
tolCp1,2.0,7,2,AGAAACCAATAATAATGGCG,5,3680178
tolCp1,2.6666666666666665,9,2,ACTTTTATGGGACCACTGCA,7,3688909
tolCp1,16.0,49,2,ACTGATTCGTTACAAGGATG,47,3708958
tolCp1,18.333333333333332,56,2,ACTGACTTACGTCAGCAGGC,54,3712654
tolCp1,6.666666666666667,21,2,ACTCTAACACTCTCGCGAAT,19,3669103
tolCp1,2.3333333333333335,8,2,ACTCATGGCGTTTCGTGCTA,6,3681760
tolCp1,12.0,37,2,ACTACTATAGGTACCAACAA,35,3703255
tolCp1,2.6666666666666665,9,2,ACTAAGCTATGGTATGCAAC,7,3682994
tolCp1,8.666666666666666,27,2,ACGTTCTAAGACAAACAGGT,25,3701464
tolCp1,3.0,10,2,ACGTCTCCGTTGGGGCTATA,8,3692343
tolCp1,15.666666666666666,48,2,ACGTACGGACGATGGAGTGG,46,3686035
tolCp1,1.3333333333333333,5,2,ACGGTCTTAAGGGTGTATGG,3,3712317
tolCp1,5.666666666666667,18,2,ACGGGACTGCATCCAAGTCT,16,3672363
tolCp1,2.6666666666666665,9,2,ACGGACCTGCGGACACTAGC,7,3697193
tolCp1,7.333333333333333,23,2,ACGCTGTGGGTTGTCATCGG,21,3676347
tolCp1,7.333333333333333,23,2,ACGCGCAGTCGAAACAGGTT,21,3667678
tolCp1,5.0,16,2,ACGCCCCGAGTCCGGGTTAG,14,3687091
tolCp1,5.333333333333333,17,2,ACGCCCAGGCTAGCGCGATA,15,3685182
tolCp1,4.333333333333333,14,2,ACGCACGCACGGAAGTCTAT,12,3664975
tolCp1,1.6666666666666667,6,2,ACGAGCCTTCAGCTTTTTTC,4,3689813
tolCp1,2.3333333333333335,8,2,ACGAGCCGTACGAACTAATG,6,3674338
tolCp1,0.6666666666666666,3,2,ACCTGTATTGCAAACTTTAA,1,3662709
tolCp1,10.0,31,2,ACCTAACCGAATAGCCGGAA,29,3692970
tolCp1,5.666666666666667,18,2,ACCGTATTCCACTCATAAAG,16,3715461
tolCp1,37.666666666666664,114,2,ACCGAAGTTTGGGCGGGCAA,112,3687931
tolCp1,7.0,22,2,ACCCGTACCGGTAACCAGTG,20,3672287
tolCp1,6.666666666666667,21,2,ACCCGCTGCGGCCGGAACGT,19,3686928
tolCp1,3.6666666666666665,12,2,ACCATGGTCATACATGGGGC,10,3690468
tolCp1,10.0,31,2,ACATTAATCGCATCGGCCAT,29,3698013
tolCp1,4.333333333333333,14,2,ACATGTGCAAGGCTATCGCT,12,3665840
tolCp1,2.6666666666666665,9,2,ACAGTCCTCTTACACGATAA,7,3715269
tolCp1,1.3333333333333333,5,2,ACACTTGGTAAGTACTGCTA,3,3707238
tolCp1,2.6666666666666665,9,2,ACACTCGCGGGGAGGACCCG,7,3684304
tolCp1,6.666666666666667,21,2,ACACTCAATCTAATTAGAGA,19,3675483
tolCp1,4.0,13,2,ACACCTTGCGGGGGCATCAA,11,3679997
tolCp1,4.333333333333333,14,2,ACACCGGGCATAGACGCAGG,12,3699615
tolCp1,2.0,7,2,ACACCGCCAGTAACACAACT,5,3709005
tolCp1,4.0,13,2,ACAAATTCCCCATATCTGGT,11,3696491
tolCp1,7.333333333333333,23,2,ACAAAGTACCGAGTCGCCTT,21,3670082
tolCp1,2.3333333333333335,8,2,AATTTGTAGTTCTTGGGGAC,6,3703017
tolCp1,53.666666666666664,162,2,AATTAAGCAGGCCGCGGGAG,160,3696416
tolCp1,5.666666666666667,18,2,AATGTGTATCCCTTAAGTGC,16,3670952
tolCp1,14.666666666666666,45,2,AATGCTTCTGTACCAAGCCT,43,3712098
tolCp1,5.333333333333333,17,2,AATGCGGGCAGGACGGTGTG,15,3703188
tolCp1,5.0,16,2,AATGCGCACACTTAGATGAG,14,3696765
tolCp1,0.6666666666666666,3,2,AATGATGCGGCGTAAGACCT,1,3712338
tolCp1,13.0,40,2,AATGATACTCTTCGCCTTCT,38,3698388
tolCp1,8.0,25,2,AATCTTCCTGACGCCACGTT,23,3677104
tolCp1,13.666666666666666,42,2,AATCTCAGTATCGTTCATAT,40,3679280
tolCp1,2.3333333333333335,8,2,AATCGTTAAGGCGCGGTGTC,6,3699164
tolCp1,1.6666666666666667,6,2,AATCGGCAACGCGTATCGAA,4,3713055
tolCp1,3.3333333333333335,11,2,AATCGCAATTGGTCTATGGA,9,3682548
tolCp1,5.0,16,2,AATCGAAAAATATCTAATAG,14,3678267
tolCp1,6.0,19,2,AATCCCACCGATTATCGGTC,17,3685035
tolCp1,3.3333333333333335,11,2,AATCAGTCGCGATGGAGGAT,9,3711283
tolCp1,16.333333333333332,50,2,AATCAGCAACTTTGGCTGGT,48,3693430
tolCp1,1.6666666666666667,6,2,AATATGAGGACTACTCCCAC,4,3673546
tolCp1,10.333333333333334,32,2,AATATCGATTTAATTTAAAT,30,3664936
tolCp1,1.6666666666666667,6,2,AATAATGCTTCCCAGGCCGC,4,3680409
tolCp1,5.0,16,2,AAGTGTTTAGATAAGTCCTT,14,3705080
tolCp1,0.6666666666666666,3,2,AAGGGGGCCGGCTACGATTT,1,3690255
tolCp1,3.3333333333333335,11,2,AAGGACTATAAAATGCGCCA,9,3668009
tolCp1,8.333333333333334,26,2,AAGCTGTCAGTGGATGCAAA,24,3670957
tolCp1,6.0,19,2,AAGCTAAGAGTTGGTGCCTG,17,3710245
tolCp1,7.333333333333333,23,2,AAGCTAACGCAGTCGGCCGC,21,3675025
tolCp1,10.0,31,2,AAGCAGTAGCACCTCTACAA,29,3669473
tolCp1,11.666666666666666,36,2,AAGAAGGATTGGTCGTTGCG,34,3667207
tolCp1,9.0,28,2,AAGAACATGTCATGCAATGC,26,3685341
tolCp1,1.6666666666666667,6,2,AACTATTTTATGGAAATTCC,4,3692481
tolCp1,5.666666666666667,18,2,AACTAGAGAGAGTTTCCTCT,16,3699707
tolCp1,0.6666666666666666,3,2,AACGGTCATTTTGGTACCAA,1,3699876
tolCp1,9.666666666666666,30,2,AACGAAATATTCCACCGCGT,28,3706161
tolCp1,5.0,16,2,AACCTTCGTGTTTTTTTTGC,14,3703405
tolCp1,5.0,16,2,AACCTGTTACCTTAAGAAGA,14,3666688
tolCp1,4.0,13,2,AACCTGTGAGCAAAGATTCA,11,3670482
tolCp1,2.0,7,2,AACCGCCCCCCTCCCCGACT,5,3714115
tolCp1,6.0,19,2,AACCGCAGAGCGGGGAGCCG,17,3671563
tolCp1,1.3333333333333333,5,2,AACCCTAAATGATACCTCCA,3,3699670
tolCp1,7.0,22,2,AACCATTGCGAGTTGGGGAT,20,3662614
tolCp1,3.3333333333333335,11,2,AACATCGGCCGATGAGAGCA,9,3704798
tolCp1,1.3333333333333333,5,2,AAATTATAAAGATAGTAAGA,3,3679407
tolCp1,9.333333333333334,29,2,AAATACTTAAGCGGTATACA,27,3687590
tolCp1,13.666666666666666,42,2,AAATACTGCGTTCTGTTAAT,40,3714499
tolCp1,43.666666666666664,132,2,AAATAACGATTACTTGCGAA,130,3704119
tolCp1,7.666666666666667,24,2,AAAGTGTCATGGATGCTAAA,22,3701272
tolCp1,3.0,10,2,AAAGGTGTCTTCGCTTGGCG,8,3683925
tolCp1,6.0,19,2,AAAGGGATTCTGAACATCTA,17,3665431
tolCp1,3.6666666666666665,12,2,AAAGCGTTGGGGGCCTCTAC,10,3678794
tolCp1,1.3333333333333333,5,2,AAAGCAAATCGGAACGTTAC,3,3675540
tolCp1,6.0,19,2,AAACGGGAGAGCGCACCATC,17,3696516
tolCp1,3.3333333333333335,11,2,AAACACAGTGGCTGGTCCAT,9,3684593
tolCp1,0.6666666666666666,3,2,AAAACGAATCACAATTCACA,1,3674437
tolCp1,3.6666666666666665,12,2,AAAAACAATAGGGTAATAGG,10,3686753
tolCp1,1.6666666666666667,6,2,AAAAAAAAGGGCTGGCAGGT,4,3712936
tolCp1,2.5,5,1,TTTTTGTGAGTCAAGGGACA,4,3663777
tolCp1,4.0,8,1,TTTTGTAATAAGGTAACCAA,7,3674812
tolCp1,1.5,3,1,TTTTGGCGAGATTGCGGCGA,2,3664227
tolCp1,5.5,11,1,TTTTATAACGCGGTCTAACA,10,3663665
tolCp1,38.0,76,1,TTTTAATCCGGTATATGACT,75,3694007
tolCp1,15.0,30,1,TTTGTTATCCGTATTATCTC,29,3695508
tolCp1,12.0,24,1,TTTGAGGGCGTTTCTGCGCC,23,3688503
tolCp1,1.0,2,1,TTTCGAACAGTTTTAGAGAA,1,3688579
tolCp1,52.5,105,1,TTTCCAACCTGAGCTGCCCG,104,3665333
tolCp1,2.5,5,1,TTTCAGGGACTGTTTGTCTT,4,3671224
tolCp1,5.0,10,1,TTTAGAGGGGTCAAACTCAA,9,3689851
tolCp1,7.5,15,1,TTTAATGGGTGAATGCCAAG,14,3695871
tolCp1,3.0,6,1,TTTAAGCCTTGGGGAAAAGG,5,3680044
tolCp1,8.5,17,1,TTTAACTGCTTTAGTTGCGT,16,3669119
tolCp1,12.5,25,1,TTGTTGATATGCCCTGAGCA,24,3703456
tolCp1,3.5,7,1,TTGTGCTCGCTCAGCGGAAT,6,3665042
tolCp1,3.0,6,1,TTGTGCATTCCCACAAACCG,5,3667754
tolCp1,10.5,21,1,TTGTAATACGCACGGAAAAA,20,3674292
tolCp1,4.0,8,1,TTGGGACCGTTGCATGCGAT,7,3705356
tolCp1,8.0,16,1,TTGGCGGCCACAAGGATTAG,15,3686399
tolCp1,13.0,26,1,TTGGAAGTGGACAATGTCCA,25,3709079
tolCp1,1.0,2,1,TTGCTTGTCTTACGAAACAT,1,3682797
tolCp1,4.0,8,1,TTGCCTGACTTAGCGTGTTT,7,3710206
tolCp1,7.0,14,1,TTGCCGAAATGAAGGAAGGG,13,3662651
tolCp1,13.0,26,1,TTGCCCAGCAATCTGACGCG,25,3674161
tolCp1,20.5,41,1,TTGCCATGGCCGCGGTAGCG,40,3707419
tolCp1,29.0,58,1,TTGATGTGGTGTCAATTACT,57,3704621
tolCp1,38.5,77,1,TTGAACACGGTATCGTCTTA,76,3703340
tolCp1,9.5,19,1,TTGAAATCTAAGTGGCCTGG,18,3662431
tolCp1,4.0,8,1,TTCTTCGACCGTTCTTCCCG,7,3669655
tolCp1,27.5,55,1,TTCTGTAAACCGGCATCTGC,54,3694000
tolCp1,3.5,7,1,TTCTCTTGCAAGGTCGATCG,6,3689802
tolCp1,14.5,29,1,TTCTATACGCCGCATATTGC,28,3714615
tolCp1,5.0,10,1,TTCGGTCTAACGACGTATAA,9,3715017
tolCp1,3.5,7,1,TTCGGATAACTATAATCCGA,6,3686304
tolCp1,3.5,7,1,TTCCCTTCGCGGTCTGATGA,6,3692419
tolCp1,27.0,54,1,TTCCCCAGCGAGGCCTGTTT,53,3674327
tolCp1,4.0,8,1,TTCATATGGCGCACCACAGG,7,3687845
tolCp1,3.5,7,1,TTCACGTACAAAGTCCCTGA,6,3668390
tolCp1,7.5,15,1,TTATGTTACACGGTACATGC,14,3662814
tolCp1,7.5,15,1,TTATATAGAACGATAGACCT,14,3701894
tolCp1,12.0,24,1,TTAGTAATTCCGTGCGAGTT,23,3667685
tolCp1,7.0,14,1,TTACGGGTACAAGGACCGGA,13,3706079
tolCp1,3.5,7,1,TTAATAGCGGTCACTGTCAT,6,3712908
tolCp1,11.0,22,1,TTAAGTACATAGGGGGTGCG,21,3675536
tolCp1,13.5,27,1,TTAAAGCCTCCTTCTGGCTC,26,3671754
tolCp1,4.0,8,1,TGTTGTTAGGATCTCATCCT,7,3662922
tolCp1,4.5,9,1,TGTTCGGCCGGAGTTGTATC,8,3676470
tolCp1,9.0,18,1,TGTTATTAGTGTATTGGTTT,17,3710315
tolCp1,30.5,61,1,TGTCCTAGACTCCCGCGCCT,60,3684643
tolCp1,9.0,18,1,TGTCAGTTGCGGGACGGAGT,17,3666532
tolCp1,5.0,10,1,TGTCAAACTCATTTGTATTA,9,3685958
tolCp1,65.0,130,1,TGTAACGGTCGTCCAATACT,129,3714477
tolCp1,19.5,39,1,TGGTCTTTTCGAGTCCTGCA,38,3696487
tolCp1,1.0,2,1,TGGGTGCTTCACTTATCTCA,1,3703801
tolCp1,9.5,19,1,TGGGTACAGTATAACCCGGC,18,3705557
tolCp1,13.5,27,1,TGGCTAACGGACACACCTTC,26,3678589
tolCp1,28.5,57,1,TGGATCCACACAGTTATCAA,56,3714473
tolCp1,5.5,11,1,TGGATCATCACACTCCGACC,10,3699533
tolCp1,18.0,36,1,TGGACGTGCGACAATATTTC,35,3671111
tolCp1,7.0,14,1,TGGAAACGGGTCAGTCATGG,13,3673172
tolCp1,11.0,22,1,TGCGGATACTAATGAGGTGT,21,3666809
tolCp1,12.0,24,1,TGCGCCACATCTGATCAATT,23,3697866
tolCp1,4.5,9,1,TGCCGTATCACCATAGGTGG,8,3693523
tolCp1,1.5,3,1,TGCCGGCTTGCTGAATACCA,2,3674264
tolCp1,6.5,13,1,TGCCCGTCACTCTGGGAGTT,12,3666433
tolCp1,8.0,16,1,TGCCCGCATCAATGCTCTTG,15,3703114
tolCp1,3.5,7,1,TGCAGGTGCTTTGAGTTGGA,6,3707304
tolCp1,5.0,10,1,TGCAACGACAGGTCTAGGCC,9,3681989
tolCp1,11.0,22,1,TGATGACCTAGAAGACCCTC,21,3673034
tolCp1,9.5,19,1,TGATATGCCTCGGGGACTCA,18,3676852
tolCp1,5.0,10,1,TGACTAACACTGGGGCCTCA,9,3700967
tolCp1,6.5,13,1,TGAAGGGTGTAGGCCGGTCA,12,3713761
tolCp1,5.0,10,1,TGAAGCGTGCGTCTCTAACC,9,3706809
tolCp1,1.0,2,1,TGAACTCTGGACACGCGCCT,1,3667227
tolCp1,9.5,19,1,TGAACGGCTTCTGAGCGTCC,18,3678232
tolCp1,5.0,10,1,TGAAATAGGCGTGACGGATC,9,3700913
tolCp1,17.5,35,1,TCTTTGTCCAAGCTACGGGA,34,3666530
tolCp1,1.0,2,1,TCTTCCAGTTTATCATATGT,1,3665203
tolCp1,4.5,9,1,TCTTAATCGCTACGCGTGGA,8,3705271
tolCp1,8.0,16,1,TCTGGTCATTGACATATCCC,15,3686568
tolCp1,46.0,92,1,TCTGACTTGCCCTAATCTTT,91,3714488
tolCp1,1.0,2,1,TCTGACAGCGCAGGATATGG,1,3662623
tolCp1,17.5,35,1,TCTCCCCTCCAGGATGCAGG,34,3681438
tolCp1,7.0,14,1,TCTATGTAGAGCCCTGAATA,13,3688538
tolCp1,21.0,42,1,TCTAGTTGGAGCACGTGATG,41,3678360
tolCp1,25.0,50,1,TCTAGTATTACGTCGAGGTA,49,3708735
tolCp1,33.0,66,1,TCTAGATCATTTTCAGACCT,65,3667790
tolCp1,2.0,4,1,TCGTTCCCGCTTTACAATGC,3,3688419
tolCp1,7.0,14,1,TCGTCTACGAAGCCATCAAC,13,3682287
tolCp1,64.5,129,1,TCGGTCTACGATAATCTGAC,128,3708759
tolCp1,3.5,7,1,TCGGGCTGCGTGCAGTCCAT,6,3683425
tolCp1,3.0,6,1,TCGGGCTAAACCATCGATTC,5,3677879
tolCp1,8.0,16,1,TCGGGCCACATGCGTGGCGA,15,3680545
tolCp1,8.0,16,1,TCGGGAGGACGCACTCGCCC,15,3663722
tolCp1,3.5,7,1,TCGCTTTATCTATTAGGGTG,6,3684543
tolCp1,4.0,8,1,TCGCGGGGACATCAATACGT,7,3692118
tolCp1,11.5,23,1,TCGCGGAGCGTGTGATATGC,22,3661432
tolCp1,4.0,8,1,TCGATCGAGGTCCGAGACTG,7,3705704
tolCp1,6.0,12,1,TCGACCTCAACGCAGTTAGA,11,3682380
tolCp1,15.5,31,1,TCGACAGGTGTACAATTTGC,30,3663925
tolCp1,4.0,8,1,TCGAAAGGTTCCGTACCAAC,7,3704401
tolCp1,3.0,6,1,TCCTTAGCAATCTAGGCTCC,5,3709305
tolCp1,5.0,10,1,TCCTTACGGTCACATCAGCA,9,3709457
tolCp1,2.5,5,1,TCCGTCAGTAACTATTCAAG,4,3671436
tolCp1,2.5,5,1,TCCGGCTATATGCGCCCTTG,4,3702513
tolCp1,8.0,16,1,TCCCGTCTATGCCCACGGAC,15,3709411
tolCp1,1.0,2,1,TCCCGGACATTTGGAGAGTG,1,3713555
tolCp1,24.0,48,1,TCCCAACCCACGTATGGAAC,47,3666694
tolCp1,2.0,4,1,TCCATTAACATTGGCGAAGG,3,3676242
tolCp1,8.5,17,1,TCCACTCCGCCCTGCATAGC,16,3699513
tolCp1,1.0,2,1,TCCAATACTCTGGTCTTACC,1,3670269
tolCp1,3.0,6,1,TCATTGTATACACTGTCGCG,5,3689874
tolCp1,25.0,50,1,TCATGTTTCCGAAAGTAGGG,49,3671260
tolCp1,7.0,14,1,TCATGTCATGGAGAAGTAAA,13,3665978
tolCp1,6.0,12,1,TCAGTTCGTCTAAGCTTGAA,11,3686376
tolCp1,6.5,13,1,TCAGTCACCCCTTAAGCGGA,12,3675829
tolCp1,16.5,33,1,TCAGTAAACGGCGGTCAGCT,32,3707312
tolCp1,4.0,8,1,TCAGCCGTGCTGCGTAGCAA,7,3702517
tolCp1,2.0,4,1,TCAGACAATGTATTTAATTA,3,3679633
tolCp1,7.5,15,1,TCAGAAAACCGATTCTACAT,14,3694038
tolCp1,15.0,30,1,TCACGCTGACTTCCGCATGT,29,3712755
tolCp1,1.0,2,1,TCACGCCGGGTGTGAGTAAC,1,3693849
tolCp1,2.5,5,1,TCACGACAGGGGAATTTTTT,4,3670281
tolCp1,3.5,7,1,TCAACGGCGCCGTAATTTTT,6,3698397
tolCp1,7.5,15,1,TATTTGGGAAGCGCAGACCG,14,3679653
tolCp1,5.5,11,1,TATTTCTGTTAGACTCGGGC,10,3664179
tolCp1,5.5,11,1,TATTGCCACTATGTCGAGCC,10,3686817
tolCp1,10.0,20,1,TATTCTCTTAGCCCGACGCC,19,3700269
tolCp1,5.5,11,1,TATGGGGGTTAAAGAGAACA,10,3678717
tolCp1,15.0,30,1,TATGGATATCGGTAGTAAGC,29,3697523
tolCp1,3.5,7,1,TATGAAGAATGGACTTTGAG,6,3695750
tolCp1,3.0,6,1,TATCTAATTCCCGACAAGCC,5,3664406
tolCp1,25.5,51,1,TATCGAAGTGTGCACGACTT,50,3696405
tolCp1,6.5,13,1,TATATCCCAGTCCCATGCTC,12,3681668
tolCp1,9.5,19,1,TATAGCAGCTTAAGCAATTT,18,3702438
tolCp1,2.5,5,1,TATACTCTCCGTGGGTATTG,4,3685776
tolCp1,3.5,7,1,TATACAGGGACTTGGTTATA,6,3666271
tolCp1,7.5,15,1,TATAACGTGCCCCGAAGTAA,14,3676500
tolCp1,1.0,2,1,TAGGGAGCTTAACATTGAGT,1,3661850
tolCp1,10.5,21,1,TAGGCGCGACACGAAGGATG,20,3706813
tolCp1,1.0,2,1,TAGGATGCTTAGCTCGGTCC,1,3687236
tolCp1,19.5,39,1,TAGCGCTGACATTCCAAGGG,38,3690469
tolCp1,9.0,18,1,TAGCAATATGACATTCTACG,17,3707719
tolCp1,6.5,13,1,TAGAGCCGTGCACTTGCCTT,12,3681495
tolCp1,7.5,15,1,TACGTTTCGCGGTTCTCTAC,14,3661729
tolCp1,2.5,5,1,TACGTCCGGAACGCCGGCTG,4,3708065
tolCp1,7.5,15,1,TACGGAAATTCCAGGGGAAT,14,3683721
tolCp1,9.0,18,1,TACCTCAAAGTATTTGTGCT,17,3711086
tolCp1,3.5,7,1,TACCGTTGTTAATGGCTTGC,6,3688192
tolCp1,5.5,11,1,TACCCAAGTTTTTTTTAATA,10,3697177
tolCp1,44.0,88,1,TACAGAGAAGACCTAAAGAC,87,3676529
tolCp1,8.0,16,1,TACAAGCTATTAAACGCGGT,15,3665347
tolCp1,12.5,25,1,TAATTACAGCTTTGGCTATA,24,3675510
tolCp1,4.5,9,1,TAATGGATTTTAACACTAAC,8,3712807
tolCp1,3.5,7,1,TAATGATCTAGGGGAAGTTC,6,3687498
tolCp1,3.5,7,1,TAATCGCATTGGCCCGTGAA,6,3687517
tolCp1,8.0,16,1,TAATACGTATCAGGTTATTT,15,3685836
tolCp1,4.5,9,1,TAAGTTCGGTCCCTCATTAC,8,3693505
tolCp1,2.0,4,1,TAAGGAAACTGGCTGCATGA,3,3700039
tolCp1,4.5,9,1,TAACTGGTTGGGGTGCAGAA,8,3696225
tolCp1,30.5,61,1,TAACGTGCTCCATTAGGAGG,60,3713764
tolCp1,14.5,29,1,TAACGATCGCCATGTACCAT,28,3682518
tolCp1,2.5,5,1,TAAACTTGAATGCTTAAGAG,4,3699079
tolCp1,12.5,25,1,TAAACAACGTCTTATGTTCC,24,3688111
tolCp1,2.5,5,1,TAAAACGTATTCTCCACACC,4,3666556
tolCp1,5.0,10,1,GTTTTGTAATCGCAGCCGTC,9,3689137
tolCp1,2.0,4,1,GTTTGAACAAGATGGGACCG,3,3684409
tolCp1,3.0,6,1,GTTTCGGTTATATTGCGATC,5,3704367
tolCp1,5.5,11,1,GTTTCCCAGTTCTGTCAAGG,10,3712333
tolCp1,8.5,17,1,GTTTAGCATGTGCTTCAAAC,16,3667210
tolCp1,7.0,14,1,GTTTACTCAGCTCACGGTAC,13,3686472
tolCp1,8.0,16,1,GTTGACCTTCTGCAAACTTG,15,3688333
tolCp1,10.0,20,1,GTTGAACTTGTACCGCTGTC,19,3676474
tolCp1,4.5,9,1,GTTCGTGGGACAGGGACCCG,8,3686249
tolCp1,1.0,2,1,GTTCGGAAAGTCTGCGGTCT,1,3661219
tolCp1,6.0,12,1,GTTCAAACGTAACATAAAGC,11,3697956
tolCp1,7.5,15,1,GTTAGGATGCTAGCCAAGTT,14,3690848
tolCp1,4.5,9,1,GTTACGCGGGACATCTGTAC,8,3695444
tolCp1,2.5,5,1,GTTAAAGCGGGCGCATTGTC,4,3671713
tolCp1,3.5,7,1,GTGTTTGAACTTTGGTATAG,6,3696950
tolCp1,4.5,9,1,GTGTTCCTCAAACCGTACCT,8,3693103
tolCp1,1.5,3,1,GTGGAGTCCACAACAGAACG,2,3662372
tolCp1,5.5,11,1,GTGGAACGGCAGGGCACCTT,10,3678654
tolCp1,9.0,18,1,GTGCATTGCGCAGTCGGTCA,17,3710252
tolCp1,3.5,7,1,GTGACTGTTGGCACTTCCCT,6,3701046
tolCp1,37.5,75,1,GTGAACCCTGCACTCAATCC,74,3666486
tolCp1,4.5,9,1,GTCTTCACGTGAACAGACTA,8,3698262
tolCp1,13.5,27,1,GTCTCCGGATTATGTGTTCC,26,3694463
tolCp1,6.5,13,1,GTCGTTGGAGCTCCCCAAAG,12,3710969
tolCp1,59.0,118,1,GTCGCGTAGCGCAAGAGCAA,117,3696207
tolCp1,5.0,10,1,GTCCTTAATGTGAACGCGTG,9,3702402
tolCp1,12.0,24,1,GTCCGTTCTCTACAGGTGAA,23,3689725
tolCp1,11.5,23,1,GTCCCTTTCGGCAAGGAAAC,22,3671065
tolCp1,1.5,3,1,GTCATTCGGGTATGTATCTA,2,3699490
tolCp1,25.5,51,1,GTCAGGTACGGTCAAAGGAC,50,3714471
tolCp1,5.0,10,1,GTCAATATGCCGTTCAGTAA,9,3693850
tolCp1,4.5,9,1,GTATTCCTTTGGTTTGGGAC,8,3701176
tolCp1,4.5,9,1,GTATACGCTCCTATTTGCAA,8,3683358
tolCp1,9.5,19,1,GTACTGTGTGCTCTCGGGTT,18,3713342
tolCp1,17.0,34,1,GTACCGCCTCGTGCTCCTTA,33,3671215
tolCp1,4.0,8,1,GTACCGACCATATATGAGAC,7,3710063
tolCp1,3.0,6,1,GTACCCGTCTTTTATACTAT,5,3680935
tolCp1,4.5,9,1,GTACACGCCCGGAGGCAATT,8,3670965
tolCp1,1.0,2,1,GTAATTTCGCTTCCGTTTAA,1,3686036
tolCp1,9.5,19,1,GTAACTTAAAAAGCACGCAG,18,3708035
tolCp1,3.0,6,1,GTAAATGGTACCGCGACAAG,5,3672034
tolCp1,10.0,20,1,GGTTTGAAAGCGCACTAGAG,19,3702901
tolCp1,5.5,11,1,GGTTCTCCGAACAGATTTTA,10,3679241
tolCp1,30.0,60,1,GGTTACATAAGAATAAGGTA,59,3699807
tolCp1,7.5,15,1,GGTTAAGTGCATACGGATTC,14,3697142
tolCp1,1.0,2,1,GGTGGGTAACAAAGCTCGGG,1,3695844
tolCp1,1.0,2,1,GGTGGGGTGTCAAAGTGTAA,1,3669222
tolCp1,16.0,32,1,GGTGCAATGTAGTGGTCGCC,31,3713583
tolCp1,5.0,10,1,GGTGCAATCAAACGAATGGG,9,3669713
tolCp1,3.0,6,1,GGTGATATGCCGACAATATA,5,3688375
tolCp1,32.0,64,1,GGTCCTGGCCCAACGTTAAG,63,3666148
tolCp1,30.5,61,1,GGTCACCTGTCCCCAGAGTA,60,3700917
tolCp1,8.0,16,1,GGTATGGTTTGCATTCAGAG,15,3690846
tolCp1,9.5,19,1,GGTATCACGGGCCTCACCGC,18,3703547
tolCp1,6.5,13,1,GGTACTCGAGGATGATTATT,12,3697836
tolCp1,8.5,17,1,GGTAATAATCCAGGACAGGG,16,3664940
tolCp1,5.0,10,1,GGTAACCTTCCGAGTCTTAG,9,3684705
tolCp1,3.5,7,1,GGGTTAGTGGAATCGCACAG,6,3672019
tolCp1,1.0,2,1,GGGGTAACCGAACTATTAGT,1,3709214
tolCp1,2.5,5,1,GGGGGGAAAGGCTGCCCCCC,4,3709770
tolCp1,5.5,11,1,GGGGCAGCAAAGAGGTGTCA,10,3687347
tolCp1,11.0,22,1,GGGCCAGGCGGATAGCATAT,21,3683858
tolCp1,5.5,11,1,GGGAGCGACGAGTGCCTAGT,10,3699662
tolCp1,3.5,7,1,GGGAATCCGGTTAATACTTA,6,3698930
tolCp1,26.5,53,1,GGGAAGATCTGTTTGGATCC,52,3710023
tolCp1,20.0,40,1,GGGAAACCGCAGGCCCAGAG,39,3703079
tolCp1,9.0,18,1,GGCTTCTAGTGAGGCAGCAA,17,3703228
tolCp1,4.0,8,1,GGCTAGACCTCAGGCCTAGG,7,3713533
tolCp1,3.0,6,1,GGCGTGCCGACGTGGCTGAT,5,3667165
tolCp1,3.0,6,1,GGCGGACTACGCGGTTTCGG,5,3707544
tolCp1,3.0,6,1,GGCCATAAAATGCAAGGATT,5,3713648
tolCp1,25.0,50,1,GGCCAGCCTATAACAGAGAG,49,3676466
tolCp1,5.0,10,1,GGCCAGCCGGGCGACGCATT,9,3684498
tolCp1,6.0,12,1,GGCAGGTATGTCTGCCACCT,11,3683862
tolCp1,15.0,30,1,GGCACTCGATTACACCACCA,29,3676864
tolCp1,5.0,10,1,GGCACGGTTCGCTGAAGTGT,9,3670794
tolCp1,16.5,33,1,GGATGAAGTGGATATTGTTA,32,3679278
tolCp1,5.0,10,1,GGATAAACGGCTCTCCCTAG,9,3678638
tolCp1,59.5,119,1,GGAGGTCAATAACTATTGGC,118,3666151
tolCp1,3.5,7,1,GGAGGCGGTTCTTTGCTGTC,6,3681335
tolCp1,39.5,79,1,GGAGGATAGGACGTGTGTCA,78,3676514
tolCp1,6.5,13,1,GCTTTGGTGTTAAAGGGGGC,12,3679453
tolCp1,1.0,2,1,GCTTCGGTCAACTTGTTATA,1,3700887
tolCp1,2.0,4,1,GCTTACGTCCCGTGACACGT,3,3663312
tolCp1,7.0,14,1,GCTGGTTTTCTACGGGCAGT,13,3689814
tolCp1,4.0,8,1,GCTCTTCCCTTGCACCCGGC,7,3672237
tolCp1,4.5,9,1,GCTCTCCCCGGATGACACAC,8,3705142
tolCp1,5.0,10,1,GCTCAGAGTTCGATGGGTTA,9,3666232
tolCp1,9.0,18,1,GCTATCAACAAACCCAATCT,17,3661453
tolCp1,4.0,8,1,GCTACTCATCCCCGTTACTC,7,3686995
tolCp1,3.0,6,1,GCTACGAAGCAACTAAGGTG,5,3706302
tolCp1,1.0,2,1,GCTAACAATGGCGGTTCCGG,1,3684049
tolCp1,53.5,107,1,GCGGGGTTTCCGTTACCAGG,106,3706935
tolCp1,21.5,43,1,GCGGCCAAGGTGATATAGTA,42,3686629
tolCp1,3.5,7,1,GCGCTGTAATTTGGCCCCCT,6,3675397
tolCp1,13.5,27,1,GCGCCGGTCAGAAAAGTGCC,26,3671837
tolCp1,11.5,23,1,GCGAACTTGTTCTCCGATAA,22,3704713
tolCp1,1.5,3,1,GCCGTGCTTGTATGGCGTGC,2,3663068
tolCp1,8.5,17,1,GCCGTCCTTCGCATCATACG,16,3700314
tolCp1,1.0,2,1,GCCGCTTGCGGGTTTTGTCG,1,3701791
tolCp1,6.5,13,1,GCCGATTGCCCTGAACCAGG,12,3694716
tolCp1,3.5,7,1,GCCGAGGATTCGCGTCACCA,6,3667215
tolCp1,3.0,6,1,GCCCTTAACGCTATTCCCAA,5,3705052
tolCp1,6.0,12,1,GCCCTGGAATACGCTTCTCC,11,3693394
tolCp1,3.0,6,1,GCCCGTGACCCGTCACCCGT,5,3706939
tolCp1,15.0,30,1,GCCCCGAATTAGGGGCGGGC,29,3689022
tolCp1,5.0,10,1,GCCATCTCCTGATACATCAC,9,3668435
tolCp1,2.5,5,1,GCCACCATGAGCTATAACAG,4,3708135
tolCp1,18.0,36,1,GCATGTATAGCTTTTTCGGG,35,3693399
tolCp1,5.5,11,1,GCATGGTGTGACTAGAAGAG,10,3701938
tolCp1,3.5,7,1,GCATGCGACGTAGACCACCC,6,3669547
tolCp1,4.0,8,1,GCAGTGCGATGGATTACGAC,7,3677670
tolCp1,66.5,133,1,GCAGTACAAGAGTGCGATAC,132,3666159
tolCp1,5.0,10,1,GCAGCGTGCAATGCAATCGA,9,3668506
tolCp1,5.5,11,1,GCAGACGCCGACGATGTAAG,10,3688526
tolCp1,26.0,52,1,GCACTACCCAAGAACGTATT,51,3682164
tolCp1,2.5,5,1,GCACCCTCAGAACAGACTAA,4,3702793
tolCp1,7.5,15,1,GCACCCGAGGCGTAGAGGAT,14,3709314
tolCp1,2.5,5,1,GCACATTCATCAGTGCAAAC,4,3661568
tolCp1,5.0,10,1,GCAAATGACAGGATGAAGGA,9,3693990
tolCp1,20.0,40,1,GATTCTACACAAGGTCATTC,39,3701728
tolCp1,3.0,6,1,GATGCTTCAGTCAATTAAGG,5,3697159
tolCp1,1.0,2,1,GATGCCCCAGTTAAAGACCA,1,3688295
tolCp1,6.5,13,1,GATGACAGTGTGTGTACACA,12,3682536
tolCp1,1.0,2,1,GATCGCAATCTAAGTCAGTT,1,3707385
tolCp1,4.5,9,1,GATCGATTACCCATCGCCAC,8,3686244
tolCp1,9.0,18,1,GATCAAAATGCCCGACAACC,17,3686077
tolCp1,25.0,50,1,GATATGGCATACACGAAGTA,49,3686033
tolCp1,3.0,6,1,GATATATGTGTGTCGCCTAT,5,3691720
tolCp1,6.0,12,1,GATAGTGTGCATACCAGGGA,11,3663046
tolCp1,4.5,9,1,GATAAGTCTCTGAGAGATGA,8,3664166
tolCp1,6.0,12,1,GAGTGCGCGAAAACTAAGAG,11,3701029
tolCp1,4.5,9,1,GAGGGCGTTGCGCTGCATCA,8,3684622
tolCp1,1.5,3,1,GAGGGATTTCTCTCAATCAT,2,3689758
tolCp1,14.5,29,1,GAGGGAGTCCAGTAAGTTTC,28,3671344
tolCp1,12.0,24,1,GAGGGAGAGTCGCGCAGGCA,23,3699752
tolCp1,8.5,17,1,GAGGATGGCGCACTATTACG,16,3679274
tolCp1,2.0,4,1,GAGCGTCCTGTGCTATCCAA,3,3664028
tolCp1,6.0,12,1,GAGCGGGTCTTAATAGGCGA,11,3680495
tolCp1,2.5,5,1,GAGCCTTGGCTGAAAGGCGC,4,3697313
tolCp1,5.0,10,1,GAGAAGCATATAGGAAAGTC,9,3676345
tolCp1,8.0,16,1,GACTGCGGCGTAGCAGTTGA,15,3672955
tolCp1,5.0,10,1,GACGCACACAAGCGGTAGCT,9,3681767
tolCp1,23.0,46,1,GACGAAGGTAATCCGACAAA,45,3687806
tolCp1,5.5,11,1,GACCCCAGGCAGTCATCCAC,10,3706864
tolCp1,1.0,2,1,GACACGTTTTGAACGGCAAA,1,3697243
tolCp1,6.0,12,1,GACACCGGTACAACGTTAGT,11,3662125
tolCp1,7.5,15,1,GACACCCGCCCGTGCATAAG,14,3689599
tolCp1,4.0,8,1,GACAAGAACCTCATGTCCAA,7,3664340
tolCp1,6.5,13,1,GACAAACTGTGTCCTAGTGG,12,3712176
tolCp1,7.0,14,1,GAAGGCCCTTGAATCGTGGT,13,3714945
tolCp1,12.0,24,1,GAAGAGATTGTAAGAATTGA,23,3708734
tolCp1,1.0,2,1,GAACTCGGTAATTCCGAAGC,1,3667642
tolCp1,3.5,7,1,GAACGACTTGGCAGCCCCAG,6,3673210
tolCp1,5.0,10,1,GAACCATGAGCGGAACGTGG,9,3710151
tolCp1,1.5,3,1,GAAACGCGCGTATCTGTCGA,2,3661570
tolCp1,3.5,7,1,CTTTGTTGTCTTCCATATCA,6,3691085
tolCp1,6.0,12,1,CTTTGTTGTCTGGCGTGGCC,11,3713760
tolCp1,6.0,12,1,CTTTGACAACGGCAAGGACT,11,3673263
tolCp1,26.5,53,1,CTTTCTGTATCATGAGTACA,52,3674183
tolCp1,1.0,2,1,CTTTCCATGTAAGTCTGCGC,1,3689263
tolCp1,6.0,12,1,CTTGGACGAAAGACTCTGGA,11,3693815
tolCp1,7.0,14,1,CTTGAAATTGAATTGTCTCT,13,3692948
tolCp1,21.5,43,1,CTGTTATGAAATTATGACGA,42,3703234
tolCp1,10.0,20,1,CTGTGGTAGTACCGCAGTGG,19,3673243
tolCp1,4.5,9,1,CTGTGAGTGTCAATATAAAC,8,3695221
tolCp1,6.0,12,1,CTGTCTCCACGGGGCTGCTT,11,3703489
tolCp1,28.0,56,1,CTGTACCTTTTCTGTGAACA,55,3677069
tolCp1,2.0,4,1,CTGGTCCACGGTATCGCCTC,3,3687624
tolCp1,3.0,6,1,CTGGTCAAGCCGCATAGGTA,5,3703553
tolCp1,4.0,8,1,CTGCGTGATGGCTCAGTCAC,7,3674854
tolCp1,4.5,9,1,CTGCCTTGAATACATATGCT,8,3675580
tolCp1,4.0,8,1,CTGCCGGACTTAGGATCTGC,7,3677783
tolCp1,4.5,9,1,CTGCCGATAACCTTAGATGT,8,3712505
tolCp1,5.5,11,1,CTGACGGCCTATCGGCGCGC,10,3701985
tolCp1,12.0,24,1,CTCTGCCGACTTTGGGCGCG,23,3681329
tolCp1,8.0,16,1,CTCGATAACTGGTAGCTACA,15,3675020
tolCp1,5.5,11,1,CTCGAATCAACCTCGGGACC,10,3683927
tolCp1,19.0,38,1,CTCCTATATACTTGAATGGA,37,3689289
tolCp1,5.5,11,1,CTCCGATACCTGAGCAATGA,10,3699703
tolCp1,135.0,270,1,CTCCGAATGACGGCGTGGAT,269,3685064
tolCp1,18.0,36,1,CTCCCATTAATACTCGTTAA,35,3680270
tolCp1,5.0,10,1,CTCACTTCCGAGAGCTCTCG,9,3699812
tolCp1,12.5,25,1,CTATTTGCAGAATCTAGTAT,24,3666281
tolCp1,2.5,5,1,CTATTTCCTCACAATAGTAA,4,3696918
tolCp1,10.0,20,1,CTATTGTCTAATATAAATCT,19,3673533
tolCp1,81.5,163,1,CTATGTCTAATAAGAAAGTT,162,3671020
tolCp1,5.5,11,1,CTATGATCGGATTGGGTGGC,10,3687816
tolCp1,8.0,16,1,CTATCAAAGGGCGGGCACTC,15,3694015
tolCp1,4.0,8,1,CTAGTTTGTAAAGAACATGA,7,3670854
tolCp1,1.0,2,1,CTAGTCTAGATCTGAGTTCT,1,3663699
tolCp1,5.0,10,1,CTAGATCCTTGTAGTACAGG,9,3682549
tolCp1,8.5,17,1,CTACTTTTCTTAAGCTGTCT,16,3713472
tolCp1,1.0,2,1,CTAATGGGCTAGTATTTAAC,1,3665502
tolCp1,7.5,15,1,CTAAGTTAGTTAATCAGTCG,14,3709899
tolCp1,14.0,28,1,CTAAGGCAGATGTTCTAACT,27,3694209
tolCp1,14.5,29,1,CGTTTCTTGTCGGAGATTTG,28,3665358
tolCp1,1.5,3,1,CGTTATAACAGGCGTCTAGA,2,3674551
tolCp1,7.5,15,1,CGTTACCTCGTCGGACCAGC,14,3676235
tolCp1,6.0,12,1,CGTGTGGCGTAACGTCTCCC,11,3712040
tolCp1,2.0,4,1,CGTGCGGCACTGTCCCCGAT,3,3666192
tolCp1,7.0,14,1,CGTCTTTGTGCTAGATACCG,13,3700962
tolCp1,3.5,7,1,CGTCGCCAGGTGGCCCACTG,6,3668807
tolCp1,2.5,5,1,CGTCATTATCAGTGCAGGCA,4,3669384
tolCp1,6.0,12,1,CGTCACGGATTTACCTTCCT,11,3689969
tolCp1,11.0,22,1,CGTATCAGGATTCATATGAA,21,3688682
tolCp1,4.0,8,1,CGTACACGATGGTCAACGAT,7,3702283
tolCp1,7.5,15,1,CGGTTGGAGGAGTAAGTCCC,14,3704128
tolCp1,17.0,34,1,CGGTATGAATCATTCCGCTC,33,3677201
tolCp1,12.5,25,1,CGGTACTGCCGCAGTGTCAC,24,3676520
tolCp1,5.0,10,1,CGGTACCACGCACAGGGGTC,9,3695870
tolCp1,19.5,39,1,CGGGTCCGCTTTTGATACGC,38,3682240
tolCp1,16.0,32,1,CGGGTAGTCAGGTCACCAAT,31,3678700
tolCp1,3.5,7,1,CGGGCATGCTATTTGTCGGT,6,3678416
tolCp1,15.5,31,1,CGGGACTGAGGCCACTCTAA,30,3698445
tolCp1,14.0,28,1,CGGCTATAAACTAATGACCC,27,3689012
tolCp1,12.0,24,1,CGGCCGCTTCATCCCTCGTA,23,3689785
tolCp1,5.5,11,1,CGGCCGCAGAATAGCTGTTC,10,3713912
tolCp1,3.5,7,1,CGGAGTATAATCGCTGCGGA,6,3707297
tolCp1,3.5,7,1,CGGAATCATTTCGGCGCCAT,6,3671188
tolCp1,11.5,23,1,CGGAATATGGCAATGAGTAT,22,3704589
tolCp1,26.0,52,1,CGCTTCGAAGTAAACACGGA,51,3696215
tolCp1,23.0,46,1,CGCTCATGTCCGAAGCGTGG,45,3671096
tolCp1,6.5,13,1,CGCTACAACCCATCGCACAG,12,3685278
tolCp1,8.5,17,1,CGCTAACGCCTAAAGTATAA,16,3665399
tolCp1,10.0,20,1,CGCGTGGACCCACCCTGGCA,19,3672568
tolCp1,25.0,50,1,CGCGTATGGAGCTTTCCTAC,49,3663934
tolCp1,13.0,26,1,CGCGTAGTCAACTCTAATGT,25,3674250
tolCp1,2.5,5,1,CGCGCGCCATTATTCATCAT,4,3692283
tolCp1,6.5,13,1,CGCGCCGCTGCGAAAATGTC,12,3668880
tolCp1,20.5,41,1,CGCATTTCTGAATTGATCCA,40,3686368
tolCp1,6.5,13,1,CGCAGAGTAAATAGGCTGGG,12,3671549
tolCp1,9.0,18,1,CGCAGACCAATGCTCCTGAT,17,3699878
tolCp1,6.5,13,1,CGCACACGGCCATGAGGTTG,12,3701670
tolCp1,2.5,5,1,CGATGTTAACGTATGCCTAC,4,3661447
tolCp1,5.0,10,1,CGATGCAGGGTACCATAATG,9,3686374
tolCp1,11.0,22,1,CGATATTTTCCATACTCATA,21,3661355
tolCp1,5.5,11,1,CGATATAGTAACAGCTGTTT,10,3690972
tolCp1,4.5,9,1,CGATACGGCATCGGGCGACA,8,3670136
tolCp1,8.0,16,1,CGAGTCGCCCAGTACTCTTG,15,3715530
tolCp1,4.0,8,1,CGACCTGGGCTCTGTCCCTA,7,3705918
tolCp1,8.5,17,1,CGACAAGACAACATAGATTT,16,3682245
tolCp1,5.0,10,1,CGACAAACCGAGTCTAATGC,9,3666482
tolCp1,5.5,11,1,CGAAGAAGCCAATCAATAAT,10,3704205
tolCp1,15.5,31,1,CGAACAAGTAACGGCTGGCA,30,3669065
tolCp1,8.0,16,1,CCTTGCAATCACAAATCAAA,15,3714248
tolCp1,10.5,21,1,CCTTCTATCGCTATGGGCTC,20,3697906
tolCp1,2.0,4,1,CCTTCGCATTATGCTTGGAG,3,3691901
tolCp1,4.0,8,1,CCTTAAAGCGGGCTTCTCAC,7,3698796
tolCp1,15.5,31,1,CCTCCTGAATATTCGGGGAG,30,3667787
tolCp1,1.0,2,1,CCTATGCTCCGGCCCCGAGA,1,3682384
tolCp1,4.5,9,1,CCTATCGGGAATTAACGACC,8,3684125
tolCp1,3.5,7,1,CCTAGGGCTCAAGGATGGCG,6,3700822
tolCp1,3.5,7,1,CCTAGGACATCCGGCAGACC,6,3663779
tolCp1,71.5,143,1,CCTACCTCATAAAAATGTCG,142,3687928
tolCp1,5.0,10,1,CCTAATTGGAAAAGGGCAGA,9,3693271
tolCp1,4.5,9,1,CCTAAGCAGTCCTGGCAGCC,8,3686698
tolCp1,20.5,41,1,CCTAAGAATGGTCAGCTCAC,40,3671052
tolCp1,4.5,9,1,CCGTGCCCCGTGGGTACAGT,8,3688824
tolCp1,5.0,10,1,CCGTATTCTGACCGAGAGAT,9,3677799
tolCp1,9.5,19,1,CCGTAGAGCATCAAGGGCAA,18,3715299
tolCp1,5.5,11,1,CCGGTCGCGCTAATCTGTCT,10,3678995
tolCp1,6.0,12,1,CCGGTACAGTACGTCTAGCA,11,3693865
tolCp1,1.0,2,1,CCGGGTCACTTCTATCCGGA,1,3681033
tolCp1,5.5,11,1,CCGGAAGCATCTCGCAATTA,10,3707730
tolCp1,1.5,3,1,CCGCAATAGTTGGGTCAACT,2,3683450
tolCp1,1.0,2,1,CCGATTCGCCGTGCACCATT,1,3678980
tolCp1,22.5,45,1,CCGAGTAGCGTTCGAATGTC,44,3702705
tolCp1,7.0,14,1,CCGACATCAATTTCGACGTT,13,3695732
tolCp1,8.0,16,1,CCCTTCCTACTAGATGTTGA,15,3694827
tolCp1,1.5,3,1,CCCTGAAACGTCACCCGGTG,2,3708469
tolCp1,27.0,54,1,CCCGCTGACGGGCTACTGCA,53,3676572
tolCp1,2.5,5,1,CCCCTATCCCAACTTCAGTT,4,3708787
tolCp1,17.0,34,1,CCCCCGATCCTACATAATAA,33,3680333
tolCp1,18.5,37,1,CCCAGTGACACATGCCGTGG,36,3664923
tolCp1,8.0,16,1,CCCAAGTTTTCCTCCGATTG,15,3695658
tolCp1,7.5,15,1,CCCAACAGAGACTAGACTTT,14,3700882
tolCp1,2.5,5,1,CCATGTCTCGGATCCAAGCA,4,3682744
tolCp1,5.5,11,1,CCATGGAACTGAGTTCGTTC,10,3682805
tolCp1,8.0,16,1,CCATCCGCCAGGGTGAATGC,15,3674644
tolCp1,1.5,3,1,CCATATTACAGATCAGGCAA,2,3706014
tolCp1,5.0,10,1,CCAGTTAGGCGGTATTGGTT,9,3684636
tolCp1,4.0,8,1,CCAGTCTCATCTCACCGGAG,7,3668274
tolCp1,11.5,23,1,CCAGCTCTAATAATGTAAAA,22,3699701
tolCp1,15.0,30,1,CCAGCTCGTCGTTACACTTC,29,3683524
tolCp1,9.0,18,1,CCAGCGGGCATGGATGAAGA,17,3697179
tolCp1,6.0,12,1,CCACGATACTACGATAACCT,11,3690418
tolCp1,8.5,17,1,CCAAGGAACCATGAGACTCA,16,3695346
tolCp1,103.5,207,1,CCAACCATTTGGCCCACTAT,206,3685073
tolCp1,22.5,45,1,CCAAAGTGAGGAGTTCAGTT,44,3702452
tolCp1,8.0,16,1,CCAAAGCATATGATTGGCAT,15,3683582
tolCp1,7.0,14,1,CATTCTTAATTTCAGCAAAG,13,3699375
tolCp1,4.5,9,1,CATTAGTGCGAAATTTCTAA,8,3683514
tolCp1,3.5,7,1,CATGCACTGACGTGCACAGG,6,3688157
tolCp1,27.0,54,1,CATCACTTTAAGTCAAATCT,53,3709434
tolCp1,7.5,15,1,CATCACAGGCAAATGATCAA,14,3707191
tolCp1,6.0,12,1,CATACGCCTATCCGATCTCA,11,3664333
tolCp1,2.5,5,1,CATACCTAGCATTATCACGG,4,3701937
tolCp1,69.5,139,1,CATACATGGTAGGTACTGTC,138,3667785
tolCp1,5.5,11,1,CATAATTTTGACAGTCTGAC,10,3683356
tolCp1,1.5,3,1,CATAATGGGAAAAATACCAT,2,3703752
tolCp1,25.0,50,1,CAGTTACATTCTCATACCAG,49,3671234
tolCp1,1.5,3,1,CAGTGTTCAGCGGCTCTAAA,2,3669572
tolCp1,6.5,13,1,CAGTAGCACCGCTGTTGTAC,12,3712043
tolCp1,6.5,13,1,CAGGTGCCCCTCACGCAATT,12,3661738
tolCp1,7.5,15,1,CAGGCGATCATTAGAACCGT,14,3671219
tolCp1,3.5,7,1,CAGGATTATACGACAAGTGA,6,3668808
tolCp1,5.0,10,1,CAGCTGGACCGACCTATCCT,9,3663462
tolCp1,5.5,11,1,CAGCTATCTTGGCCCGGGTT,10,3688001
tolCp1,13.0,26,1,CAGCCAAGATGGGGGTGAGA,25,3684790
tolCp1,7.5,15,1,CAGCAGCGCGCCATGGTGGA,14,3695841
tolCp1,5.5,11,1,CAGAGTCACTCATCGGCCTA,10,3701490
tolCp1,1.0,2,1,CAGAGGTTAGCTCAGTGGTA,1,3699040
tolCp1,6.0,12,1,CAGAGAATGTAAACGCGGAA,11,3702351
tolCp1,3.0,6,1,CAGACTCTTCTACTTGCTGC,5,3706134
tolCp1,6.5,13,1,CAGACAGCACGGGAGCAGCT,12,3684117
tolCp1,9.5,19,1,CAGAACCCCTTTGCCCTGGA,18,3702908
tolCp1,4.0,8,1,CAGAAAGTACCTAGGTAGGT,7,3713674
tolCp1,5.0,10,1,CACTTTAAGCTTATCCCGCC,9,3714678
tolCp1,4.5,9,1,CACTTGCTTTTACTATAACC,8,3694480
tolCp1,6.0,12,1,CACTCCGGGAGCATCGAAGA,11,3708418
tolCp1,2.5,5,1,CACGTGAATGCCGTTATTAC,4,3695180
tolCp1,4.0,8,1,CACGTATCGTTCACAGGAAT,7,3681787
tolCp1,1.0,2,1,CACCTACAGCGAGCTGAAGC,1,3696014
tolCp1,29.0,58,1,CACCATGTCTAGGACTCGGT,57,3688881
tolCp1,2.5,5,1,CACATGCAGACTGGTTCTTT,4,3712307
tolCp1,4.0,8,1,CACAGAAAGGCTCAATTCAT,7,3675413
tolCp1,3.0,6,1,CACACATGCGACCGACGTCA,5,3708771
tolCp1,2.5,5,1,CAATATTGGAATAGGCGGCA,4,3663301
tolCp1,1.0,2,1,CAAGTACTCCTCCTAATGGC,1,3663782
tolCp1,1.0,2,1,CAAGTACAGCGTAGCTATGG,1,3690556
tolCp1,3.5,7,1,CAACTTTTAAGTCAGTCAAG,6,3688879
tolCp1,18.5,37,1,CAACGTGGTGCTGGAGACCA,36,3670874
tolCp1,1.5,3,1,CAACCCGTTGCGGCAGGCCA,2,3666136
tolCp1,2.5,5,1,CAAATAGAAGTTGTAGAAGA,4,3669893
tolCp1,9.0,18,1,ATTTAAAAACATCTTCTAGG,17,3661487
tolCp1,2.5,5,1,ATTCTATGTTTGCCCAGCCC,4,3668233
tolCp1,18.0,36,1,ATTCGCAACCAATCGGCCGA,35,3674259
tolCp1,13.0,26,1,ATTCCCACGGTTCTGGGGCT,25,3711366
tolCp1,4.5,9,1,ATTCACGAATCACTTGTGCC,8,3674581
tolCp1,2.0,4,1,ATTATTGTGCATCAGCTCCC,3,3669584
tolCp1,1.0,2,1,ATTATCTTTGGAACCGTAGC,1,3706214
tolCp1,6.0,12,1,ATTACCCGGGAGTCCCCTTT,11,3693608
tolCp1,5.0,10,1,ATTAACACCGTGCCTTGAAT,9,3698654
tolCp1,3.5,7,1,ATGTGCGGGCGACACATCCT,6,3690413
tolCp1,5.5,11,1,ATGTCCTTACGTTGTCTGAC,10,3672831
tolCp1,11.0,22,1,ATGTACGGGGTTCAAGCTGA,21,3695272
tolCp1,14.5,29,1,ATGGGCTTAAACCCAACTGA,28,3669111
tolCp1,7.0,14,1,ATGGCCTATTCGTTACGTTC,13,3713529
tolCp1,3.0,6,1,ATGCGGCCCATATTAATTAG,5,3662848
tolCp1,19.5,39,1,ATGCCCAATCAGGCGAATAC,38,3687302
tolCp1,5.5,11,1,ATGCATTCTCAGTCCACGAT,10,3671859
tolCp1,2.5,5,1,ATGCAGGCCTGTTTATGTCG,4,3711297
tolCp1,5.5,11,1,ATGAGCTCGACAGATCTAAG,10,3696022
tolCp1,1.5,3,1,ATGACCCTTATTGATCGCAT,2,3712122
tolCp1,15.0,30,1,ATCTTGGGGATGTCGTGACA,29,3674144
tolCp1,5.0,10,1,ATCGTCGTCGCGTTCTGGCC,9,3670615
tolCp1,10.5,21,1,ATCGCTCCCCCGCATCATAA,20,3664503
tolCp1,7.5,15,1,ATCCTTAAGTCCGTTGGTCA,14,3673988
tolCp1,5.0,10,1,ATCCCTGTCCTGGGTTCATA,9,3664021
tolCp1,3.0,6,1,ATCCCCCCTACCAGTACTTT,5,3714760
tolCp1,3.0,6,1,ATCCACGCCTTATGGAGCAA,5,3686581
tolCp1,6.5,13,1,ATCATGTATTTGCATTCCGT,12,3704654
tolCp1,5.5,11,1,ATCATGGTATCTCGATAGCT,10,3676213
tolCp1,5.5,11,1,ATCATATCGATCAATCTTAT,10,3713151
tolCp1,9.5,19,1,ATCAGTTGTTTGGCTTACTT,18,3705685
tolCp1,6.5,13,1,ATCACATTGTAGGTAGTCCC,12,3678830
tolCp1,9.0,18,1,ATATTAGCAACAGAACTAAA,17,3702512
tolCp1,4.0,8,1,ATATGACTGCAATCGCAACG,7,3696631
tolCp1,3.5,7,1,ATATATTAGTGCAGAACCAT,6,3693625
tolCp1,5.5,11,1,ATAGTTTCTGTCAGGAACGG,10,3681763
tolCp1,46.5,93,1,ATAGGCGGCAGACTCAGATG,92,3702462
tolCp1,5.0,10,1,ATACTCGGGGGCTGCTTCTT,9,3672332
tolCp1,15.5,31,1,ATACACGCGGGGACAACGAG,30,3701302
tolCp1,7.0,14,1,ATAATTTCCGCTCAGCTCGT,13,3665683
tolCp1,11.0,22,1,ATAAGTATTCTAGTCCGCCT,21,3685327
tolCp1,7.0,14,1,ATAAGGGTACTTACATTAAG,13,3706706
tolCp1,3.0,6,1,AGTTCTTTGTTTTTGGTTTT,5,3674569
tolCp1,3.0,6,1,AGTGCACCTGCCTGAATTCT,5,3690587
tolCp1,13.5,27,1,AGTGACGTGGAAGGTCATAC,26,3696489
tolCp1,6.5,13,1,AGTCTGCTCAAGCTGGGGGA,12,3709227
tolCp1,4.5,9,1,AGTCCCTCTAGCCTGGCGGC,8,3687226
tolCp1,13.5,27,1,AGTCATTACTTAAGACGCAA,26,3701431
tolCp1,4.0,8,1,AGTCACAGTGAAATTGGGAG,7,3699054
tolCp1,4.0,8,1,AGTAACCTAGCAAATTCCGC,7,3708386
tolCp1,6.5,13,1,AGGTGGTAAGCCGGACTTTG,12,3690674
tolCp1,1.0,2,1,AGGTATGTCGGTCGGCCGAC,1,3685982
tolCp1,4.5,9,1,AGGTATCGGCTGTCCCTACA,8,3703083
tolCp1,4.0,8,1,AGGGTTGGAGGGTGGTATTG,7,3697413
tolCp1,6.5,13,1,AGGGGTACGAGCCTGTGGAG,12,3678609
tolCp1,4.5,9,1,AGGGCGTCCGCTTGGCAGGC,8,3702917
tolCp1,10.5,21,1,AGGCATAGGCCTGGTGCTAT,20,3669501
tolCp1,1.5,3,1,AGGCACCTCTCCTACTCATA,2,3686339
tolCp1,9.0,18,1,AGGCACAGATCTAGAACAAC,17,3707469
tolCp1,9.0,18,1,AGGATTCGTCTTTTTGCCCT,17,3666567
tolCp1,3.5,7,1,AGGAGCACAGCTATGAATAA,6,3686783
tolCp1,2.0,4,1,AGGAATTTTAGGAGCCAAAG,3,3690123
tolCp1,9.0,18,1,AGCTGTGTGTGGACGGCTGG,17,3687569
tolCp1,9.5,19,1,AGCTGTATACCCAGACTAGG,18,3666038
tolCp1,6.0,12,1,AGCTCCTGATCGTCAGTTGG,11,3669093
tolCp1,8.5,17,1,AGCTATCGGCACGGGTCCCA,16,3707449
tolCp1,6.5,13,1,AGCGGACGGGATCTGACAGA,12,3663274
tolCp1,4.5,9,1,AGCGCACAGTGGGTATCTGT,8,3697023
tolCp1,5.5,11,1,AGCCCGTCGCCGATAGCGCT,10,3679373
tolCp1,4.0,8,1,AGCCACAGCAGTTGACTGTG,7,3697057
tolCp1,5.0,10,1,AGCATTGTCTTACATGTCCG,9,3708017
tolCp1,7.5,15,1,AGCATATGCGCAGTCACAAC,14,3665767
tolCp1,47.5,95,1,AGATCACGCGTAACTATATC,94,3671026
tolCp1,5.0,10,1,AGAGATTCCGAAATTCGGTG,9,3693435
tolCp1,5.5,11,1,AGACGCGCGTCAAGTAAATA,10,3703127
tolCp1,14.0,28,1,AGACGACTCCACGTCTTTGA,27,3701863
tolCp1,44.0,88,1,AGACATGTCACCCAAAGAGG,87,3671127
tolCp1,14.5,29,1,AGAAGTCGTAGCGGCAAGCA,28,3704043
tolCp1,8.5,17,1,AGAAGAGTATGGATCCGTCG,16,3669609
tolCp1,37.5,75,1,ACTGACGAACCGGGGTGTTA,74,3696444
tolCp1,9.5,19,1,ACTGAAAACGTGAACGGTCT,18,3663470
tolCp1,2.0,4,1,ACTCTTGGTCGTGCCGTCAT,3,3704909
tolCp1,4.5,9,1,ACTCGTATTTTCACTTCATA,8,3689039
tolCp1,2.0,4,1,ACTATACAAGTCTTCGTTAA,3,3678052
tolCp1,3.0,6,1,ACGTGCGCCATAGGGTTTTA,5,3673257
tolCp1,5.0,10,1,ACGTCATGCTTCAAAGGGCA,9,3673514
tolCp1,40.5,81,1,ACGTATTGGAAATCATACGA,80,3710016
tolCp1,8.5,17,1,ACGTAACATTCCTACATACC,16,3697331
tolCp1,18.5,37,1,ACGGTCTTACACGCTGAGAT,36,3709390
tolCp1,3.5,7,1,ACGGGTCCACAGTGAATCGT,6,3705758
tolCp1,41.5,83,1,ACGCTGCTCATGCAGTCCCA,82,3667217
tolCp1,8.5,17,1,ACGCGCCATCTCGGCAATTT,16,3669308
tolCp1,1.0,2,1,ACGCATATATATATCTGTAC,1,3705387
tolCp1,9.5,19,1,ACGCAGACCGGTGAACTCAC,18,3665830
tolCp1,3.5,7,1,ACGCACTGAGATTTATCAGA,6,3712906
tolCp1,8.5,17,1,ACGACCCGTTCGAGTAGGGT,16,3676672
tolCp1,72.0,144,1,ACGAAGAGCGGTCGTTACCT,143,3702891
tolCp1,3.0,6,1,ACCTGGTTGTCGTGAGGTAG,5,3713063
tolCp1,8.5,17,1,ACCTGATGCGAACATGTTGG,16,3686953
tolCp1,10.0,20,1,ACCTGACCATGTGACACAAA,19,3688884
tolCp1,8.5,17,1,ACCTCGAGGTAAACGACAAA,16,3671339
tolCp1,3.0,6,1,ACCGTGTGAAGAGTGCATTG,5,3708574
tolCp1,8.0,16,1,ACCCAGTTACCCAATTCATG,15,3669094
tolCp1,7.5,15,1,ACCCAAACCCGCGGCTCATG,14,3715255
tolCp1,10.5,21,1,ACCATCCTTCTCGTAGACTC,20,3662419
tolCp1,10.0,20,1,ACCATAACGTGGCCTAAGCT,19,3694695
tolCp1,4.5,9,1,ACCACGCCGCGGTCCGGCCG,8,3680040
tolCp1,5.5,11,1,ACATATTCTATCGTCATCGT,10,3662159
tolCp1,2.0,4,1,ACAGGAGTCTCAGTCTTGAG,3,3711750
tolCp1,2.0,4,1,ACAGCGGGACAGCATCCATA,3,3703289
tolCp1,40.5,81,1,ACAGCGCAACCTGTCGTAGT,80,3671057
tolCp1,19.0,38,1,ACACTGATACATGTAATAAT,37,3666465
tolCp1,8.0,16,1,ACACTCAGGCCAGAGTTCTG,15,3701793
tolCp1,7.0,14,1,ACACGCAACAAGGTGTCGGA,13,3714579
tolCp1,9.0,18,1,ACAATCCAATCTCGCGGTGG,17,3670084
tolCp1,11.5,23,1,ACAATACTAGGTCGCGTATG,22,3708554
tolCp1,4.5,9,1,ACAAGACGTACGCGGCATCC,8,3698706
tolCp1,1.0,2,1,ACAACTAGACGGGACGGGCG,1,3698673
tolCp1,8.0,16,1,AATTCAAGTATACCGTGCTC,15,3668229
tolCp1,3.0,6,1,AATTAGGTATACTCTTCTCC,5,3671740
tolCp1,4.0,8,1,AATGGTCAGTTGTCCTTGGA,7,3688336
tolCp1,4.0,8,1,AATGAGCATAGGCGTTTCTT,7,3707659
tolCp1,4.0,8,1,AATCCTCCCGCGACCCGGAC,7,3708794
tolCp1,6.0,12,1,AATCCCACAGAATGGGTCCC,11,3679816
tolCp1,24.5,49,1,AATCAACGACATAGACAGTG,48,3688163
tolCp1,13.0,26,1,AATAGCCTATGTCTAACAAA,25,3677403
tolCp1,2.5,5,1,AATAAGACAGCCCTCAGGAA,4,3687801
tolCp1,3.0,6,1,AAGTTGTAGGCGGTGGGGTG,5,3700307
tolCp1,15.0,30,1,AAGGGTGTCACTGCGGTAAT,29,3706347
tolCp1,3.0,6,1,AAGGGTCTTCCAAGCAATGA,5,3695571
tolCp1,2.5,5,1,AAGGGGCACTAACCATGATT,4,3661735
tolCp1,8.5,17,1,AAGGGACTACATCTTTCAAT,16,3680403
tolCp1,20.0,40,1,AAGGGAAAACCTAAGTCACA,39,3679287
tolCp1,7.5,15,1,AAGGCCTTTAGGCGAATGAA,14,3690513
tolCp1,5.5,11,1,AAGCACAGGTTACCCTGCTA,10,3695884
tolCp1,6.5,13,1,AAGATTCGTTACGTCTCCCA,12,3670578
tolCp1,2.0,4,1,AAGACGCTAGGATCATTAAA,3,3687449
tolCp1,22.0,44,1,AAGAACGAGGGGATCGTGAT,43,3666155
tolCp1,10.0,20,1,AACTTAGTGATCAGTAAATG,19,3709389
tolCp1,7.0,14,1,AACTCACGTGTCAGCACCAC,13,3705817
tolCp1,1.0,2,1,AACGTTGATCCCGTAAAAAT,1,3673879
tolCp1,13.0,26,1,AACGGTTTCGTACTTATCAG,25,3677965
tolCp1,4.5,9,1,AACGCGGTAGGCCACTCTAT,8,3701534
tolCp1,3.5,7,1,AACCTTGTGATCATTTTTAA,6,3686446
tolCp1,4.5,9,1,AACCTAGGGTAAAAAACATC,8,3678642
tolCp1,1.5,3,1,AACCGGTATACCCTTCACCT,2,3674213
tolCp1,26.5,53,1,AACCGGGCATATGGTGGGGT,52,3671013
tolCp1,26.5,53,1,AACCGCAGTTCCGCTATCGA,52,3688827
tolCp1,4.5,9,1,AACCCGCAATCGCCGCGATC,8,3673209
tolCp1,7.0,14,1,AACAGTAGGTTTCTTTGCAA,13,3663919
tolCp1,1.0,2,1,AACAAACGGACGTTCCAGAG,1,3706643
tolCp1,2.5,5,1,AACAAAACTTAGCCTTTTAT,4,3663799
tolCp1,7.0,14,1,AAATTAGGACGCTACGTATA,13,3688130
tolCp1,4.5,9,1,AAATTAACGTAAGCCTCCGG,8,3693052
tolCp1,3.5,7,1,AAATCTGCAAACTGCCCTGG,6,3709273
tolCp1,11.0,22,1,AAATCGCGACGAAAACGACT,21,3705148
tolCp1,3.5,7,1,AAAGGCTCGCTTTCTCGTGG,6,3678050
tolCp1,9.0,18,1,AAAGGATTCGAGGTGAGATT,17,3697111
tolCp1,10.5,21,1,AAAGAGAGCAGGGAACACTT,20,3679101
tolCp1,4.0,8,1,AAAGACCTGGTCAGTGGGAT,7,3671503
tolCp1,31.5,63,1,AAACGTTTATGGCCTTCGCC,62,3677712
tolCp1,27.5,55,1,AAACGGTGGCGCGACTGGGG,54,3697164
tolCp1,7.5,15,1,AAACCTTAGTAGTAACTGTC,14,3705872
tolCp1,26.0,52,1,AAACAATTGCCTGTCTAGAT,51,3666144
tolCp1,0.02,49,49,CATCGAAGATGCGGTTGTGA,0,3684045
tolCp1,0.023255813953488372,42,42,TCCTGCAGAACCCAATGGCA,0,3693954
tolCp1,0.023255813953488372,42,42,GCCAGAGGCCTCGGGCAAGG,0,3661484
tolCp1,0.025,39,39,CTGACGTATTTGGCGGTCTC,0,3691445
tolCp1,0.02564102564102564,38,38,GCCGGTGCGCGATTTGGCTA,0,3695567
tolCp1,0.02564102564102564,38,38,GAGTCGGGTTTAATGACACT,0,3674567
tolCp1,0.02631578947368421,37,37,TCAATTTGCCTTAATCTGGT,0,3709151
tolCp1,0.02631578947368421,37,37,GTAGGGTTGCTCCCGCTTAC,0,3695085
tolCp1,0.027777777777777776,35,35,CTCTGCGGCAGAGCACTAGG,0,3696811
tolCp1,0.027777777777777776,35,35,CAGAACTATCACCGCCGTCA,0,3689971
tolCp1,0.02857142857142857,34,34,CAAACTCCGCTTGAAGCAAT,0,3674738
tolCp1,0.029411764705882353,33,33,TAAATTCTTAAAGCCTTAAA,0,3685208
tolCp1,0.030303030303030304,32,32,GTAGCGACGCCTGGTGTGAA,0,3684047
tolCp1,0.030303030303030304,32,32,CCTACTTTCGGACGTGACGA,0,3684704
tolCp1,0.03125,31,31,TGGGGAGCTCGTTAACGCTC,0,3714255
tolCp1,0.03125,31,31,GTCTTGAGCCTTAGTCACAT,0,3664403
tolCp1,0.03125,31,31,CTTCATAGAAGCTCGCTCAT,0,3683968
tolCp1,0.03125,31,31,ACGGGAATCAAAATTTGCTT,0,3691309
tolCp1,0.03225806451612903,30,30,TTGCGGACTGTTTTGTATCG,0,3676794
tolCp1,0.03225806451612903,30,30,TAGCTGCGGAGTGCTACAAA,0,3715166
tolCp1,0.03225806451612903,30,30,GGATTGTCGGGTAGCTGTGT,0,3685500
tolCp1,0.03225806451612903,30,30,GCCAAGGGTAAAACGAACAT,0,3700706
tolCp1,0.03225806451612903,30,30,ACCGAAAGTTCACGTATCTT,0,3692405
tolCp1,0.03333333333333333,29,29,TGTTCCGCATATAGTACTTC,0,3704997
tolCp1,0.03333333333333333,29,29,TCGCCATACAAAACTCACAC,0,3690238
tolCp1,0.03333333333333333,29,29,AATCTTTATTGGGTAGCAAG,0,3676002
tolCp1,0.03333333333333333,29,29,AACCATACTCAGGTAAACCA,0,3668069
tolCp1,0.034482758620689655,28,28,CTTAGGTACGTAGTGTCAGC,0,3693953
tolCp1,0.034482758620689655,28,28,CGGGACCATGGCACGAACGT,0,3693447
tolCp1,0.034482758620689655,28,28,CCCACAATGTATGTTATCTG,0,3663695
tolCp1,0.03571428571428571,27,27,TATTTCCGGGGGGACTCTCC,0,3672175
tolCp1,0.03571428571428571,27,27,TAGCGGAAATTTCGGCGACA,0,3687935
tolCp1,0.03571428571428571,27,27,ACCCTGGGGGTTTTCCGCGA,0,3699660
tolCp1,0.037037037037037035,26,26,GTGTACCGGGGTTCCTGAAT,0,3693316
tolCp1,0.037037037037037035,26,26,GGGTTGGTTCATTTTTACAG,0,3685450
tolCp1,0.037037037037037035,26,26,GATCATCAATGACTGGGATA,0,3685147
tolCp1,0.037037037037037035,26,26,GAATGGGATCGAGACGCTCA,0,3670460
tolCp1,0.037037037037037035,26,26,CGAAAAGGTCGCGAGATGGA,0,3674495
tolCp1,0.037037037037037035,26,26,CACTAAAACAATGTGCAGGT,0,3708704
tolCp1,0.037037037037037035,26,26,AATTTTCCGTTGTGCAGGAT,0,3684359
tolCp1,0.038461538461538464,25,25,TCAGTTCGGCGGCATCCAGT,0,3697910
tolCp1,0.038461538461538464,25,25,GTCCGGTTAGTGCCCTTGGG,0,3680809
tolCp1,0.038461538461538464,25,25,GCCCACAAGTCCCGAGATTA,0,3691355
tolCp1,0.038461538461538464,25,25,CGAGTTAAAAGTCCCCGTTC,0,3661372
tolCp1,0.038461538461538464,25,25,CGACCGCGTTCGTACGCATG,0,3681154
tolCp1,0.038461538461538464,25,25,AGATACGCTCGATTCGCGCA,0,3672445
tolCp1,0.038461538461538464,25,25,AATACTGGCGATGCGCCTGT,0,3707541
tolCp1,0.04,24,24,TTTGACTTGTGTGGTGACTG,0,3694317
tolCp1,0.04,24,24,TTAACAATCCATTTCACGAG,0,3676931
tolCp1,0.04,24,24,TCATGGTAAGTGCCCGTTAA,0,3704283
tolCp1,0.04,24,24,TAAGGGGTTCAGTAAACGTA,0,3686763
tolCp1,0.04,24,24,GGTTTTAATTCACCGGCTCG,0,3672141
tolCp1,0.04,24,24,GCCCATTTGGTTGATTGACA,0,3680101
tolCp1,0.04,24,24,GATGCACACCAGGGGCCAAG,0,3700467
tolCp1,0.04,24,24,CTGGGGACTCTTCGCCAGGA,0,3715018
tolCp1,0.04,24,24,CCAAGGAAAACCAGGTAAAG,0,3714805
tolCp1,0.04,24,24,AACTGGCACTGTTCCTACTG,0,3713274
tolCp1,0.041666666666666664,23,23,TTACAGGTTCTGTCTCATAA,0,3705608
tolCp1,0.041666666666666664,23,23,TGGCTCAGTTCGTCAAGATA,0,3687052
tolCp1,0.041666666666666664,23,23,TCCTAGGGGAGATAAATGTG,0,3685858
tolCp1,0.041666666666666664,23,23,TAGACAAGTGTAATCCTGCA,0,3702980
tolCp1,0.041666666666666664,23,23,GTGGAGAGCGCATTTGGCCA,0,3671376
tolCp1,0.041666666666666664,23,23,GTAGAGGTGCCCTATTGGTT,0,3684363
tolCp1,0.041666666666666664,23,23,GGTCGCTTGGAAATGTGGAA,0,3674489
tolCp1,0.041666666666666664,23,23,GCGAGAACCGAGGAACTGGC,0,3678880
tolCp1,0.041666666666666664,23,23,GCACCGAGTTGTCCATATGA,0,3699187
tolCp1,0.041666666666666664,23,23,CTTACGGGTAGTCGGTTTGT,0,3663983
tolCp1,0.041666666666666664,23,23,CGTCGCATAAAACTTAGCAT,0,3672394
tolCp1,0.041666666666666664,23,23,AGTGAATACGCTGGTACGCA,0,3712961
tolCp1,0.043478260869565216,22,22,TGTGTGTTCATGAGGCGCCA,0,3670905
tolCp1,0.043478260869565216,22,22,TGGTGCGTCACCCTGTAAAT,0,3711945
tolCp1,0.043478260869565216,22,22,GGATTCTTCGCATATACACA,0,3681528
tolCp1,0.043478260869565216,22,22,GCCCGGTAGATCCTTGCCAA,0,3673258
tolCp1,0.043478260869565216,22,22,GCAGGCTTGATGGCAGGTAA,0,3699912
tolCp1,0.043478260869565216,22,22,GAGTTCGTGGTCTAATAGGT,0,3709981
tolCp1,0.043478260869565216,22,22,CTACGAAGTGTTGTGAGCGT,0,3670135
tolCp1,0.043478260869565216,22,22,CGTATGATAATAATGTGGTC,0,3673302
tolCp1,0.043478260869565216,22,22,CGGGCGAAGGTCTTGTAGGA,0,3663221
tolCp1,0.043478260869565216,22,22,CGCAATAGTGTGTTGCAGAG,0,3671629
tolCp1,0.043478260869565216,22,22,CGATTGTATCTGCCAGGGTC,0,3677941
tolCp1,0.043478260869565216,22,22,CCAAGCGGAACGTCCACCAC,0,3700413
tolCp1,0.043478260869565216,22,22,CATCCCGATCTGATCGGCGG,0,3694358
tolCp1,0.043478260869565216,22,22,CAGAGGGTTGCTCACCGATC,0,3707837
tolCp1,0.043478260869565216,22,22,CACCGCTCGCCCCTGATGTA,0,3683084
tolCp1,0.043478260869565216,22,22,AGCTCCATCTAGCCTACAGT,0,3670174
tolCp1,0.043478260869565216,22,22,AGAGTATAATAAGGTAAACA,0,3711719
tolCp1,0.045454545454545456,21,21,TTTACCTCAAGGAGCTAGTG,0,3693354
tolCp1,0.045454545454545456,21,21,TTCGCGCGCTTCGTGATTGT,0,3698580
tolCp1,0.045454545454545456,21,21,TGGTGATGTGGTACGATTCT,0,3694579
tolCp1,0.045454545454545456,21,21,TGCAATCAGAGAAATCTCCA,0,3664047
tolCp1,0.045454545454545456,21,21,TCTTAACAAGTGCGGTCGCA,0,3705884
tolCp1,0.045454545454545456,21,21,TCCGGGGCACTCTCCGCCTA,0,3699439
tolCp1,0.045454545454545456,21,21,TCAAACTTTACGTGAGGCTA,0,3682512
tolCp1,0.045454545454545456,21,21,GTTAGGTTACTTGGAGCGGA,0,3674741
tolCp1,0.045454545454545456,21,21,GTGTTTTCCAAGATATTCAA,0,3704474
tolCp1,0.045454545454545456,21,21,GTAAGGCTACCTGTGAGGTA,0,3707533
tolCp1,0.045454545454545456,21,21,GGTTATCTATTTGGGCAGTT,0,3688406
tolCp1,0.045454545454545456,21,21,GGTACAGGAAACCATTCAAT,0,3690629
tolCp1,0.045454545454545456,21,21,GGGCAAAGCCAAACTACGAT,0,3700432
tolCp1,0.045454545454545456,21,21,GGGAAAAGCATCCTTGCGGT,0,3693126
tolCp1,0.045454545454545456,21,21,GGCCGAACGTGTGGTGATTA,0,3684375
tolCp1,0.045454545454545456,21,21,GCTGGAATAAGGGACACGAC,0,3696785
tolCp1,0.045454545454545456,21,21,GCGTATACGTCCGATATCTA,0,3694368
tolCp1,0.045454545454545456,21,21,GCACACAATGTAAGAGCTCA,0,3714397
tolCp1,0.045454545454545456,21,21,GACGTATAAAATTTCATCTG,0,3698589
tolCp1,0.045454545454545456,21,21,CTGGTTGAGCTAGTATCAAT,0,3691310
tolCp1,0.045454545454545456,21,21,CGGGGACCACAGGGCACCTC,0,3663062
tolCp1,0.045454545454545456,21,21,CGACAAGGTTAGGCCATGAC,0,3671780
tolCp1,0.045454545454545456,21,21,CCTCGCTGGACCACGCCTCA,0,3670409
tolCp1,0.045454545454545456,21,21,AATCCGCTATCGATGTGGCA,0,3715412
tolCp1,0.045454545454545456,21,21,AAAGGTACTCGGACGCGTAT,0,3701579
tolCp1,0.047619047619047616,20,20,TTTGGAACCGGTCGCATTGG,0,3715034
tolCp1,0.047619047619047616,20,20,TTTACCTTAAAGTCTAAGGA,0,3699693
tolCp1,0.047619047619047616,20,20,TGTGCCAAACCGGATAGTCC,0,3676895
tolCp1,0.047619047619047616,20,20,TGAGTAACCAGGCATTCAGG,0,3675608
tolCp1,0.047619047619047616,20,20,TGAGGATTCCAATTGTGTCT,0,3707065
tolCp1,0.047619047619047616,20,20,TCGCGAAGAGCGGCTCAGTA,0,3665995
tolCp1,0.047619047619047616,20,20,TCAACAACGGCAACGCTAAG,0,3683892
tolCp1,0.047619047619047616,20,20,TATTTGTCGCCCGGCTTCAT,0,3689459
tolCp1,0.047619047619047616,20,20,TATCTGGATGGCATCGAGGT,0,3661137
tolCp1,0.047619047619047616,20,20,GTCGCAGCAGGTTAGCCTTG,0,3664256
tolCp1,0.047619047619047616,20,20,GTACAGTCGGTGCCCTCAGA,0,3663589
tolCp1,0.047619047619047616,20,20,GGCGCCTTCTTTCGCACGTG,0,3703149
tolCp1,0.047619047619047616,20,20,GGCGAAGACGTTAGAACCAG,0,3697605
tolCp1,0.047619047619047616,20,20,GCGTGGAAGGACCTAGTCCG,0,3663428
tolCp1,0.047619047619047616,20,20,GCAACGCCCATTTAAAACCA,0,3684327
tolCp1,0.047619047619047616,20,20,GATTGTTGACATGGGGCTTA,0,3673614
tolCp1,0.047619047619047616,20,20,GAGAGATGCACAGCGTACAG,0,3663599
tolCp1,0.047619047619047616,20,20,CGGGTAGCTGCCGTTTGTTC,0,3670469
tolCp1,0.047619047619047616,20,20,CGGCGTATTCAGGCCCTAGT,0,3714451
tolCp1,0.047619047619047616,20,20,CGGCGGAGTGGCGGCCACAC,0,3690654
tolCp1,0.047619047619047616,20,20,CGCGTGGGCCGGAATCCTGC,0,3715221
tolCp1,0.047619047619047616,20,20,CGCACATCACATCAACCCAA,0,3678710
tolCp1,0.047619047619047616,20,20,CCGAATACTTATAGTCACGT,0,3707766
tolCp1,0.047619047619047616,20,20,CCCTTAGCGCGAGCAGCCAA,0,3666835
tolCp1,0.047619047619047616,20,20,CAAGAGGGTGGCTTTTCCGC,0,3685755
tolCp1,0.047619047619047616,20,20,AGCTCCTTTTGATGCAAAAG,0,3671686
tolCp1,0.047619047619047616,20,20,ACCGTGTTGTGGTCTTGCCA,0,3680243
tolCp1,0.047619047619047616,20,20,ACCGACGCGAGGGGGGATTC,0,3703881
tolCp1,0.047619047619047616,20,20,ACCAGTTGAGTAGTCACAAT,0,3682559
tolCp1,0.047619047619047616,20,20,ACATGGGAAGGGTGACTGCA,0,3699909
tolCp1,0.047619047619047616,20,20,ACATAGATTTCAGACCACAT,0,3687711
tolCp1,0.047619047619047616,20,20,AACCGAAGCATCAATAATGG,0,3669846
tolCp1,0.05,19,19,TTTTTGTGCATATAGGCGAA,0,3688269
tolCp1,0.05,19,19,TTGTTCAGCAGCGCTACGAG,0,3663089
tolCp1,0.05,19,19,TTGATGCTGGATTTGAAAGA,0,3663981
tolCp1,0.05,19,19,TGTCGTAATGTTGCCGTGTG,0,3663590
tolCp1,0.05,19,19,TCTTCCCTATGGGCACCTGT,0,3663637
tolCp1,0.05,19,19,TCGTTCCAGTGGTATGAGGT,0,3669143
tolCp1,0.05,19,19,TCGTTAAGTCCGACCTTGTC,0,3707403
tolCp1,0.05,19,19,TCGTGTTGACTTGTAGTAGA,0,3664400
tolCp1,0.05,19,19,GTTCGGACAGAGTTTAAGGC,0,3666591
tolCp1,0.05,19,19,GGGGAGACGGTAAAAATAGC,0,3684289
tolCp1,0.05,19,19,GGCTGGGTTTATATACGATA,0,3713507
tolCp1,0.05,19,19,GCGGACGGAGATGCTATGCA,0,3666719
tolCp1,0.05,19,19,GCGCATGCAAGCTGGGCATT,0,3661512
tolCp1,0.05,19,19,GCACGTGAAAAAATGTCAAG,0,3711690
tolCp1,0.05,19,19,GATCTCTCAAGTACGCTGCA,0,3699434
tolCp1,0.05,19,19,GAGTGGTCATGCGCGGTTGA,0,3681542
tolCp1,0.05,19,19,CTTGGCCGTCAGGTCGTATT,0,3681044
tolCp1,0.05,19,19,CTGGATTACTCAAACCATAT,0,3702984
tolCp1,0.05,19,19,CTGCACACCCTCGCAGGTTA,0,3674378
tolCp1,0.05,19,19,CTACGCGCAGAGGTTCAAAT,0,3673005
tolCp1,0.05,19,19,CTACCACGGTTGATTCCGTC,0,3711788
tolCp1,0.05,19,19,CGCTTGTGCTGGTTACTTTA,0,3683776
tolCp1,0.05,19,19,CGAGACCAATGAAACCATAG,0,3685202
tolCp1,0.05,19,19,CCGGGGTATCCCGCCACAGG,0,3666578
tolCp1,0.05,19,19,CCGCTCGCAATAAGTCAAAC,0,3681527
tolCp1,0.05,19,19,CCGCCATATGACATGGTTTA,0,3710270
tolCp1,0.05,19,19,CAAGATCCTGCCATCACTCT,0,3669046
tolCp1,0.05,19,19,CAAACCGCGTAGAATCGGCG,0,3668001
tolCp1,0.05,19,19,ATGCGCGACGCGAATAAAAC,0,3703989
tolCp1,0.05,19,19,ATCTGGATCGCAAGCATAAG,0,3693140
tolCp1,0.05,19,19,ATCGTGCGGGTCGCATAAGA,0,3672891
tolCp1,0.05,19,19,ATCACTTATTTCCCAGGGAC,0,3679831
tolCp1,0.05,19,19,AGGCAGTTCCTGTGAGACAG,0,3700018
tolCp1,0.05,19,19,AGGAAAGGGATAGTTAATCG,0,3705833
tolCp1,0.05,19,19,ACGGGGGGCAGGACCGAGTG,0,3674430
tolCp1,0.05,19,19,ACGACCGGGAGGAACCCCTA,0,3662374
tolCp1,0.05,19,19,AACGGCTCTCCGTACGAAAA,0,3694667
tolCp1,0.05,19,19,AACCGGATGAAGATACAGAT,0,3666580
tolCp1,0.05263157894736842,18,18,TTATTAGTATTGAACCTGTT,0,3708424
tolCp1,0.05263157894736842,18,18,TGTCGGGCTGATGAACACGA,0,3669604
tolCp1,0.05263157894736842,18,18,TGGGAAAGGGCATGATTGTT,0,3695912
tolCp1,0.05263157894736842,18,18,TGGCCGTGTTGACGCTCATA,0,3668027
tolCp1,0.05263157894736842,18,18,TGGAAGGCATATAGAACAAA,0,3705421
tolCp1,0.05263157894736842,18,18,TCTACAGTCCTGGAAAGACA,0,3700465
tolCp1,0.05263157894736842,18,18,TCAGATCCTTGTGTACTGGT,0,3713362
tolCp1,0.05263157894736842,18,18,TATACGCACCCGTCGCGTCC,0,3707139
tolCp1,0.05263157894736842,18,18,TAGCCCTTCTGTAGTGAGGT,0,3688217
tolCp1,0.05263157894736842,18,18,TACGCTGACCAGTTAACATT,0,3697288
tolCp1,0.05263157894736842,18,18,GTGCTTGCCGTACGCTTAAA,0,3676263
tolCp1,0.05263157894736842,18,18,GTCGGCCGGAGGCGGGCAGG,0,3680483
tolCp1,0.05263157894736842,18,18,GTCCCCCCTGAGACCTCATA,0,3677797
tolCp1,0.05263157894736842,18,18,GGGGTGTCCTGGAATTCTAG,0,3676594
tolCp1,0.05263157894736842,18,18,GCGGTACTTATATGGGATGT,0,3705066
tolCp1,0.05263157894736842,18,18,GAGCTTGCCAAGGACGGGAT,0,3705520
tolCp1,0.05263157894736842,18,18,GACTGTTAGGGCCGACAACG,0,3663959
tolCp1,0.05263157894736842,18,18,GAATTCTAGATAAAAGTTAT,0,3687076
tolCp1,0.05263157894736842,18,18,CTCGGGGAGATATGCGTACG,0,3671627
tolCp1,0.05263157894736842,18,18,CTATGTCTCGTGCGCCCCAG,0,3699373
tolCp1,0.05263157894736842,18,18,CTAGAATTGCATCTTAAAGT,0,3705248
tolCp1,0.05263157894736842,18,18,CGTGGTTACGTTTACTGCTG,0,3695473
tolCp1,0.05263157894736842,18,18,CGTCGATGGTCACTGCCTCA,0,3703156
tolCp1,0.05263157894736842,18,18,CGTACAGCAGATCGATAGCA,0,3663258
tolCp1,0.05263157894736842,18,18,CGCCTGAAAGTACTGTCTCC,0,3675441
tolCp1,0.05263157894736842,18,18,CGCATCCTTACGTGTATCGC,0,3672720
tolCp1,0.05263157894736842,18,18,CCTTGGCCCGAGCCATACTC,0,3705477
tolCp1,0.05263157894736842,18,18,CCTTCTCAACCCCACATACA,0,3672935
tolCp1,0.05263157894736842,18,18,CATTGGGGATCACAAATCGA,0,3678428
tolCp1,0.05263157894736842,18,18,CATGCGTGTCAAAGAGCGGA,0,3682094
tolCp1,0.05263157894736842,18,18,ATTGATGATCCAACTACTTG,0,3684333
tolCp1,0.05263157894736842,18,18,AGGTAATCGTAGTGTGTACA,0,3690847
tolCp1,0.05263157894736842,18,18,AGGGGTCAGACTCTGGTGAA,0,3677570
tolCp1,0.05263157894736842,18,18,AGCCCCGATCTATGCCGACG,0,3661813
tolCp1,0.05263157894736842,18,18,AGACTGGTATCGGCCCGCAT,0,3689601
tolCp1,0.05263157894736842,18,18,ACGCGCTCAAGATTTTTCCT,0,3663559
tolCp1,0.05263157894736842,18,18,AAAGAAGCGGTATATCGTAA,0,3685180
tolCp1,0.05555555555555555,17,17,TTGGGCGTCTACCCCGGGCT,0,3697739
tolCp1,0.05555555555555555,17,17,TGCGTCCTAACTGGACTTCA,0,3676453
tolCp1,0.05555555555555555,17,17,TGACTATATGCCACTAATCA,0,3696821
tolCp1,0.05555555555555555,17,17,TGAAAGTGAAAGAGTAGTGA,0,3662787
tolCp1,0.05555555555555555,17,17,TCTTATATCGAGATAGCTCA,0,3686520
tolCp1,0.05555555555555555,17,17,TCTTATAGGCGAATTCCCGT,0,3712918
tolCp1,0.05555555555555555,17,17,TCTATGGTAATCGGGATGAC,0,3680117
tolCp1,0.05555555555555555,17,17,TCGGAGCGGATAGGTAACAT,0,3711181
tolCp1,0.05555555555555555,17,17,TCAGTGTCATTTCTTGAGTT,0,3705636
tolCp1,0.05555555555555555,17,17,TCACACCCACTTCTGATCTG,0,3661811
tolCp1,0.05555555555555555,17,17,TAGAACCCCGCTTTGTAGAT,0,3674669
tolCp1,0.05555555555555555,17,17,TACCGCTTTGTTGGGCCTAG,0,3687714
tolCp1,0.05555555555555555,17,17,GTGCCTTTCCCGAGCTTCAA,0,3710756
tolCp1,0.05555555555555555,17,17,GGGTAGGTATAACATTAGAA,0,3687463
tolCp1,0.05555555555555555,17,17,GCTGGCAGTGTTTTTGGGTA,0,3677333
tolCp1,0.05555555555555555,17,17,GCGTCACGTACCACTGACGG,0,3713483
tolCp1,0.05555555555555555,17,17,GCGTATCTTATACGCTAGAA,0,3663775
tolCp1,0.05555555555555555,17,17,GCGCTCTGTATCCAGGGGTT,0,3671790
tolCp1,0.05555555555555555,17,17,GCCATTGCGTGGTTGGATAC,0,3708468
tolCp1,0.05555555555555555,17,17,GCATCCAGCGGCAGAGTGTC,0,3695413
tolCp1,0.05555555555555555,17,17,GATTCAACCGATTCAGACAG,0,3673304
tolCp1,0.05555555555555555,17,17,GACCGATTTAAGGCGTGACA,0,3661519
tolCp1,0.05555555555555555,17,17,CTGGTATGCCGAGGCAATCT,0,3707936
tolCp1,0.05555555555555555,17,17,CTCGGTACTTAGGGCCGTCA,0,3708246
tolCp1,0.05555555555555555,17,17,CTCAGCCCCCACGCCCGTGT,0,3683629
tolCp1,0.05555555555555555,17,17,CTACTTCGTCAAGGTACGTC,0,3662105
tolCp1,0.05555555555555555,17,17,CGCAATTATTCCTCAGGTTC,0,3673154
tolCp1,0.05555555555555555,17,17,CGACCCACATAGAGCAGGGA,0,3661402
tolCp1,0.05555555555555555,17,17,CCTTAGATGAGCCAGTGAAA,0,3712208
tolCp1,0.05555555555555555,17,17,CAGTACGCCGCCAAAGGCGG,0,3698905
tolCp1,0.05555555555555555,17,17,ATCTGCCGGCATGGGATAAT,0,3670444
tolCp1,0.05555555555555555,17,17,ATCTAAGTGTTAAAGTAATC,0,3706478
tolCp1,0.05555555555555555,17,17,ATCAGGTACCTGGGTGCGGG,0,3669329
tolCp1,0.05555555555555555,17,17,AGTAAACCGCACAGAATGAG,0,3666720
tolCp1,0.05555555555555555,17,17,ACGATAAAAGTTCTGGAGGA,0,3698120
tolCp1,0.05555555555555555,17,17,AACTGAACGCCTTTCTGAGG,0,3706519
tolCp1,0.05555555555555555,17,17,AACTATCGCTGAACGTGTGT,0,3672787
tolCp1,0.058823529411764705,16,16,TTTATTTCTGCGCATCGATC,0,3671817
tolCp1,0.058823529411764705,16,16,TTGTACGTCACGCTAGCTGT,0,3682887
tolCp1,0.058823529411764705,16,16,TGATGCTTCACGGTGTCGCA,0,3677910
tolCp1,0.058823529411764705,16,16,TGAACCGATGCTAGCCGTCA,0,3668072
tolCp1,0.058823529411764705,16,16,TATGTCCCTTCTATGCAAGA,0,3676595
tolCp1,0.058823529411764705,16,16,TATGGACCTGACAACTCAGA,0,3695923
tolCp1,0.058823529411764705,16,16,TATGCCTTTGCTGAGCTTAT,0,3674827
tolCp1,0.058823529411764705,16,16,GTGGTGACAGGCTTTCAATG,0,3700703
tolCp1,0.058823529411764705,16,16,GTGGACCGATCACCCTATGC,0,3668429
tolCp1,0.058823529411764705,16,16,GTCAATCCGTGGCAGACCTA,0,3707733
tolCp1,0.058823529411764705,16,16,GTAGTAGCGGCCCTGGATTA,0,3661153
tolCp1,0.058823529411764705,16,16,GGGGTTAAGATGACCCGAGG,0,3675131
tolCp1,0.058823529411764705,16,16,GGGGGGCTCCGTTTTGACAG,0,3663740
tolCp1,0.058823529411764705,16,16,GGGCTGAATCGGGGTCAAAT,0,3705914
tolCp1,0.058823529411764705,16,16,GGCCAGTGGGTCAATGGCAG,0,3663612
tolCp1,0.058823529411764705,16,16,GGAGAGGTCTAGAGGGGCCA,0,3669182
tolCp1,0.058823529411764705,16,16,GCAGAGGGTAGCAGTGGCAA,0,3705047
tolCp1,0.058823529411764705,16,16,GCACGACTTGTGTACGGAAG,0,3692308
tolCp1,0.058823529411764705,16,16,GATCTGTAATTCTTGGCTAA,0,3715598
tolCp1,0.058823529411764705,16,16,GAGCGGGTAGTTTGGCCATT,0,3685047
tolCp1,0.058823529411764705,16,16,GACGGACTATCAGTGCAGGC,0,3664746
tolCp1,0.058823529411764705,16,16,GAAGTAATAGACGGTGGTTA,0,3681123
tolCp1,0.058823529411764705,16,16,CTGGACATGGACCAACTTTT,0,3679743
tolCp1,0.058823529411764705,16,16,CTCAGGGGATGTCAACTAAT,0,3691220
tolCp1,0.058823529411764705,16,16,CTAGTGTCTTACCCTAGGCT,0,3678265
tolCp1,0.058823529411764705,16,16,CGTGTCAGTTCCAGGTACAC,0,3662318
tolCp1,0.058823529411764705,16,16,CGGAGGACCTTGAACTGCGT,0,3688575
tolCp1,0.058823529411764705,16,16,CGCTCTTCGTCCGCTCAGGC,0,3681581
tolCp1,0.058823529411764705,16,16,CGCGCCAAGCGGTGAAGGTG,0,3695234
tolCp1,0.058823529411764705,16,16,CCTCAGATAACTGGGGTATA,0,3664226
tolCp1,0.058823529411764705,16,16,CCTACACAGCTTAGTAAGAC,0,3699308
tolCp1,0.058823529411764705,16,16,CCGCTAACGTTGTACGATGG,0,3674903
tolCp1,0.058823529411764705,16,16,CCATGGTACGCTTCCCTAGT,0,3676753
tolCp1,0.058823529411764705,16,16,CCATCCTCGCGTGCTTCACT,0,3702509
tolCp1,0.058823529411764705,16,16,CATGGGTCAAGTCTGGCACC,0,3707117
tolCp1,0.058823529411764705,16,16,CAGGCAATTTCACCCTATCA,0,3666888
tolCp1,0.058823529411764705,16,16,CACCAACAGGCAAATGGAAG,0,3672143
tolCp1,0.058823529411764705,16,16,CAACAAGTCAATCGCCTAAT,0,3715033
tolCp1,0.058823529411764705,16,16,ATTCTCGTTCCGCATTTTTG,0,3699055
tolCp1,0.058823529411764705,16,16,ATGTCCCCGACGGTCCTGGA,0,3690002
tolCp1,0.058823529411764705,16,16,ATGGTCTTCTCCGCGTACGG,0,3694198
tolCp1,0.058823529411764705,16,16,ATGCAGTATGATGTATAAGT,0,3710865
tolCp1,0.058823529411764705,16,16,ATCAAAGCGATTTCTTACAT,0,3680426
tolCp1,0.058823529411764705,16,16,AGTCACATCCCGGAACAAGG,0,3681483
tolCp1,0.058823529411764705,16,16,AGTAGTGACCCTTTCAGATT,0,3674431
tolCp1,0.058823529411764705,16,16,AGGGAGGCGCGCGCTGTTAT,0,3689600
tolCp1,0.058823529411764705,16,16,AGGCTCACACTATTGGCAGT,0,3704906
tolCp1,0.058823529411764705,16,16,AGCATGGAGCCAGACTCTAT,0,3689543
tolCp1,0.058823529411764705,16,16,AGAAGCGTGGCCTTTTATTG,0,3714856
tolCp1,0.058823529411764705,16,16,ACTTCTTTTATAGAGTAGTG,0,3677778
tolCp1,0.058823529411764705,16,16,ACGGTGATCGGCCGATCTAA,0,3690860
tolCp1,0.058823529411764705,16,16,ACGGGCGCGATTAAGGCTAC,0,3689415
tolCp1,0.058823529411764705,16,16,ACCTTAATGATCGACGAACA,0,3675780
tolCp1,0.058823529411764705,16,16,ACCTCTGCCGTCTTCCGCTT,0,3703301
tolCp1,0.058823529411764705,16,16,ACCACGCATGGCCTGTTCGT,0,3685145
tolCp1,0.058823529411764705,16,16,ACACTACTTGGCGGCTTTAA,0,3673074
tolCp1,0.058823529411764705,16,16,AATATAGGTAACAAAACCGC,0,3667152
tolCp1,0.058823529411764705,16,16,AACACTCGTACAAGCTCATG,0,3687640
tolCp1,0.058823529411764705,16,16,AAATTCGGCTCATGAGACGC,0,3689573
tolCp1,0.058823529411764705,16,16,AAAATTGGGTGAAATTGCGA,0,3663652
tolCp1,0.0625,15,15,TTATAGTGCAACATGTGGTC,0,3692471
tolCp1,0.0625,15,15,TGTGCTTGTCGGGAGGGGTA,0,3683204
tolCp1,0.0625,15,15,TGTACGTCACAATTACGAGC,0,3694625
tolCp1,0.0625,15,15,TGGCGCAGATTTACAGGTAA,0,3708586
tolCp1,0.0625,15,15,TGAGGCGGGGTACGCCTTGT,0,3711694
tolCp1,0.0625,15,15,TCCCTAGTTGTAGTGATTCT,0,3682693
tolCp1,0.0625,15,15,TCAGTATTGTTTCTCTTTTT,0,3665424
tolCp1,0.0625,15,15,TAGAAGAGTGTTGCTTGTCT,0,3705526
tolCp1,0.0625,15,15,GTTGGAGGCGTTACGGGTAT,0,3676264
tolCp1,0.0625,15,15,GTCTACGTGAAAGCCCTTCC,0,3663747
tolCp1,0.0625,15,15,GTCCGTAAGCGCCGTGAAGT,0,3701820
tolCp1,0.0625,15,15,GTATCGCTAAGTTATAGGAA,0,3666315
tolCp1,0.0625,15,15,GTAGAGTGCCCCTGGTGATT,0,3679564
tolCp1,0.0625,15,15,GGTTGTCGGTATGTAGCAAA,0,3688564
tolCp1,0.0625,15,15,GGTTAGCTTTTTCTGCCGGG,0,3663188
tolCp1,0.0625,15,15,GGGTGAAGTACGCATCGCCT,0,3673401
tolCp1,0.0625,15,15,GGCTTTGGTTGTTTCTTTAC,0,3712128
tolCp1,0.0625,15,15,GGCACGCGCGGGCAATTATA,0,3685026
tolCp1,0.0625,15,15,GGAGCGGTAAGCGTCATGTT,0,3695967
tolCp1,0.0625,15,15,GGAGAGACGGGCCTTCATTG,0,3711681
tolCp1,0.0625,15,15,GCTTAGTATGGCATCTAGTA,0,3662368
tolCp1,0.0625,15,15,GCGCTTTATGCTTGTACCAC,0,3706668
tolCp1,0.0625,15,15,GCGCATTCTAGTAACCCCTG,0,3690312
tolCp1,0.0625,15,15,GCAGAGATAGATAGGTACCG,0,3701794
tolCp1,0.0625,15,15,GCACCGATGTTTGAAGCGTC,0,3694225
tolCp1,0.0625,15,15,GCACAACTTGTCCCCTAGAA,0,3672763
tolCp1,0.0625,15,15,GCAACTTAGTGTGCTTGTGA,0,3694572
tolCp1,0.0625,15,15,GATATCCAAAGATGTAGATC,0,3667959
tolCp1,0.0625,15,15,GACCTCAATGCCGAAATCAG,0,3681587
tolCp1,0.0625,15,15,GAAGGATCGGACCACAAAAC,0,3688466
tolCp1,0.0625,15,15,CTACGCTGTGTTACCGCGTT,0,3711240
tolCp1,0.0625,15,15,CGTTTGCTCTGGACGGTATT,0,3694224
tolCp1,0.0625,15,15,CGGGTGGCATTACGGGTCCG,0,3703144
tolCp1,0.0625,15,15,CGGCAGACGGTACGTATGGA,0,3670332
tolCp1,0.0625,15,15,CGCTATCAGAACGCTTGCCA,0,3714808
tolCp1,0.0625,15,15,CGACACGATAAATACGGGAT,0,3710682
tolCp1,0.0625,15,15,CCTGCGCAGAAACAGTCCCA,0,3663710
tolCp1,0.0625,15,15,CCCGGTCCCCTCCAAGCGGG,0,3680100
tolCp1,0.0625,15,15,CATATCAGGCGAATGCGTTC,0,3700355
tolCp1,0.0625,15,15,CAGAGCTTTGCCCCCAAGCC,0,3681574
tolCp1,0.0625,15,15,ATTGGTTGAGAAGGGTCATG,0,3661569
tolCp1,0.0625,15,15,ATTAAACATTGTGACCGTGC,0,3678988
tolCp1,0.0625,15,15,ATCGAGGTTCTAAACTGTCG,0,3663778
tolCp1,0.0625,15,15,AGTCAGAGTGGTTGCCATAG,0,3689186
tolCp1,0.0625,15,15,AGGTTTTCGCGCAAGGCACT,0,3687741
tolCp1,0.0625,15,15,AGGCTGCCATGGGTAAATTC,0,3691108
tolCp1,0.0625,15,15,ACTATGTGTTACCGTAGTTA,0,3713479
tolCp1,0.0625,15,15,ACGTTGGGCGGCTAGTGGAT,0,3661836
tolCp1,0.0625,15,15,ACGCTAACTGGGTATTCAGC,0,3683255
tolCp1,0.0625,15,15,ACGCATGCAATGGGAACTTG,0,3669174
tolCp1,0.0625,15,15,ACATTTCAGCCCGTTCTCTC,0,3697693
tolCp1,0.0625,15,15,ACACCGCAATCTATGAGCTT,0,3672391
tolCp1,0.0625,15,15,ACAAGAACTAGCAATGAGGT,0,3697862
tolCp1,0.0625,15,15,AATGGCGGTTCTGTTGGTCG,0,3705287
tolCp1,0.0625,15,15,AATGGACTCTATATGTCCTA,0,3677639
tolCp1,0.0625,15,15,AAGGTCTCTCAGTGTAATTT,0,3690946
tolCp1,0.0625,15,15,AAGGCGGACAGTAGCGTAGT,0,3684629
tolCp1,0.06666666666666667,14,14,TTTGTTTTTGAAGGCCCATG,0,3672711
tolCp1,0.06666666666666667,14,14,TTTAGTGTCATCTTTATACG,0,3672643
tolCp1,0.06666666666666667,14,14,TTTAGCAACAACTATGAAAT,0,3690899
tolCp1,0.06666666666666667,14,14,TTTACGGTGCCGTCTTTTGG,0,3690132
tolCp1,0.06666666666666667,14,14,TTGAACGAGCACACTCTCGC,0,3683139
tolCp1,0.06666666666666667,14,14,TTCAGGATTGTGTCTAACCT,0,3662919
tolCp1,0.06666666666666667,14,14,TCTATGCAACATAAGTAGGA,0,3665038
tolCp1,0.06666666666666667,14,14,TAGCAATTCCTTCCAGCGAT,0,3701900
tolCp1,0.06666666666666667,14,14,TACTAACGGTACCCTGAGGC,0,3663018
tolCp1,0.06666666666666667,14,14,GTTCACAATCAATCTTTAAT,0,3689940
tolCp1,0.06666666666666667,14,14,GTGTTTTGATTAATTTACGT,0,3687844
tolCp1,0.06666666666666667,14,14,GTGTTTCAGGATCGTTTTGG,0,3707649
tolCp1,0.06666666666666667,14,14,GTCCGGAGTGACTGCACCAG,0,3714084
tolCp1,0.06666666666666667,14,14,GTCAGACCTTAGGATCACGA,0,3675579
tolCp1,0.06666666666666667,14,14,GTATGAATCACCACTATCTA,0,3700276
tolCp1,0.06666666666666667,14,14,GGTATGTTGCGACCTTACGG,0,3664776
tolCp1,0.06666666666666667,14,14,GGCTCCACACTCAATACTCA,0,3671683
tolCp1,0.06666666666666667,14,14,GGCCTGGTTGGTATACACAA,0,3663784
tolCp1,0.06666666666666667,14,14,GCTTTCGAGCAGTTCGACAC,0,3684792
tolCp1,0.06666666666666667,14,14,GCTATTGTATCCCGGGGCCA,0,3694271
tolCp1,0.06666666666666667,14,14,GCCCGGGCTCGCGTAAGTTT,0,3692740
tolCp1,0.06666666666666667,14,14,GCAAGAAATCGCCAAGGGGC,0,3677755
tolCp1,0.06666666666666667,14,14,GATGCTCTTCGCGCGACAAC,0,3689325
tolCp1,0.06666666666666667,14,14,GATCCGGTCATCTGGCGACC,0,3708944
tolCp1,0.06666666666666667,14,14,GACTCCCGGCGAACCTATTA,0,3670938
tolCp1,0.06666666666666667,14,14,GAAGTGACGCGTTCGAGTCT,0,3682564
tolCp1,0.06666666666666667,14,14,GAAATCATTTGAAACGAACG,0,3702743
tolCp1,0.06666666666666667,14,14,CTGTAGCGAATGCGAGACGG,0,3676270
tolCp1,0.06666666666666667,14,14,CTGCGTTCGGGTTTCTTAGG,0,3702511
tolCp1,0.06666666666666667,14,14,CTGACGAGACGAATTTCGAG,0,3663366
tolCp1,0.06666666666666667,14,14,CTCTCGCAGTCGTACACTGG,0,3699739
tolCp1,0.06666666666666667,14,14,CTAGTGAAAACCCGTCAAAA,0,3675367
tolCp1,0.06666666666666667,14,14,CGTGAATAGTCGCGTGAAAC,0,3704496
tolCp1,0.06666666666666667,14,14,CGGTCACAGATACAGGATCC,0,3687233
tolCp1,0.06666666666666667,14,14,CGCCACTGATGTCCTTACGC,0,3687863
tolCp1,0.06666666666666667,14,14,CGATGAGATCCACGCAGGTA,0,3675778
tolCp1,0.06666666666666667,14,14,CCTTCAAAGTTTTGAAGACG,0,3683828
tolCp1,0.06666666666666667,14,14,CCGGAATAGTACCTTTCATC,0,3699250
tolCp1,0.06666666666666667,14,14,CCGAGCCATATTGGACGTGG,0,3712373
tolCp1,0.06666666666666667,14,14,CCCGTAGACACTTACGACTG,0,3700388
tolCp1,0.06666666666666667,14,14,CATAGGGTGAAGCTTCCGTG,0,3662126
tolCp1,0.06666666666666667,14,14,CAGTACCAGGGCATCAGGAC,0,3688671
tolCp1,0.06666666666666667,14,14,CAAGGTGACGCTGTTGTCCT,0,3685654
tolCp1,0.06666666666666667,14,14,CAACCTCACTCTGTGTATTT,0,3697051
tolCp1,0.06666666666666667,14,14,ATTAGTTCGTGGTGCACTGG,0,3674947
tolCp1,0.06666666666666667,14,14,ATGGTACCTAATGTGTCATG,0,3680375
tolCp1,0.06666666666666667,14,14,ATGCTCCCTGATAAAACCTA,0,3661847
tolCp1,0.06666666666666667,14,14,ATCTGATTACAACCTTGGGC,0,3680694
tolCp1,0.06666666666666667,14,14,ATACCGGTATCCGGTGAATA,0,3679884
tolCp1,0.06666666666666667,14,14,ATAAAGCCTCCCAACAACGG,0,3675309
tolCp1,0.06666666666666667,14,14,AGTTAAGGCCCAGGTGCATG,0,3666312
tolCp1,0.06666666666666667,14,14,AGTCCGCATGTTTCGCAAGC,0,3691379
tolCp1,0.06666666666666667,14,14,AGTATTCGAAGGGATGCCAA,0,3690867
tolCp1,0.06666666666666667,14,14,AGGCAGCCCAATGGAAGTTC,0,3688032
tolCp1,0.06666666666666667,14,14,AGCTTTCTAGCGAGCGGTCT,0,3693788
tolCp1,0.06666666666666667,14,14,AGCAGCCCTTTGGCGTTGTG,0,3693345
tolCp1,0.06666666666666667,14,14,AGATACGAATAATCTCGGCT,0,3698347
tolCp1,0.06666666666666667,14,14,AGAGAGAAAGTACACTAAGA,0,3695208
tolCp1,0.06666666666666667,14,14,ACACATCATCTCCCTATCCA,0,3685739
tolCp1,0.06666666666666667,14,14,AATGTATTCTGAACGGCCCC,0,3665657
tolCp1,0.06666666666666667,14,14,AAGTACCTCGGAAAGTTTAA,0,3662451
tolCp1,0.06666666666666667,14,14,AACGGCTCCTCCGCACTACC,0,3675876
tolCp1,0.06666666666666667,14,14,AAAACGAGTCCCTTATAGAT,0,3675926
tolCp1,0.07142857142857142,13,13,TTGGTATCCCACCCGATCGT,0,3700568
tolCp1,0.07142857142857142,13,13,TTGCATCTCATGCCGCGATA,0,3674438
tolCp1,0.07142857142857142,13,13,TTATGGTCTCTGCGGAAATA,0,3712336
tolCp1,0.07142857142857142,13,13,TTATCTGTACATATTCTCGA,0,3691327
tolCp1,0.07142857142857142,13,13,TTAGCTCGTTATACTGAAGG,0,3664778
tolCp1,0.07142857142857142,13,13,TTAAAGTCTTTCAGTCCGCT,0,3710861
tolCp1,0.07142857142857142,13,13,TGTCCATCCGCAACTGGCTA,0,3678316
tolCp1,0.07142857142857142,13,13,TGTAGATTGAAGAAGCACTA,0,3701701
tolCp1,0.07142857142857142,13,13,TGAGGCTATTCATGAATGCC,0,3704687
tolCp1,0.07142857142857142,13,13,TGAAAGGACCGGTCTCTAGA,0,3694229
tolCp1,0.07142857142857142,13,13,TCGTGTTATAATAGGTCCAT,0,3681909
tolCp1,0.07142857142857142,13,13,TCGTGGTTAATCCGGCAAGT,0,3714058
tolCp1,0.07142857142857142,13,13,TCGGTCCCACAGTGATGAAC,0,3677796
tolCp1,0.07142857142857142,13,13,TCCTAGTGAGGCAGCCACTT,0,3683928
tolCp1,0.07142857142857142,13,13,TCCATGTTCCTGAGGAGAAA,0,3665634
tolCp1,0.07142857142857142,13,13,TCCACGTCTAAGAGCAGCAG,0,3712308
tolCp1,0.07142857142857142,13,13,TCATGGGTAGCGGTGCATTG,0,3686997
tolCp1,0.07142857142857142,13,13,TCATATGAGCGGCGCCAGGG,0,3666309
tolCp1,0.07142857142857142,13,13,TACACTCTGGAGGCGAACTA,0,3713848
tolCp1,0.07142857142857142,13,13,TAAAGTTGGGCAATTATTGG,0,3710899
tolCp1,0.07142857142857142,13,13,GTGTTTTTATCGTGTGCTAT,0,3667914
tolCp1,0.07142857142857142,13,13,GTGCGTGTGGTATGATACTC,0,3714547
tolCp1,0.07142857142857142,13,13,GTGATATGTGGCGTTTGCGT,0,3696026
tolCp1,0.07142857142857142,13,13,GTCTCCGAAAGCAATAATTA,0,3662788
tolCp1,0.07142857142857142,13,13,GTCGGGGCCAGAAGATAAAA,0,3702970
tolCp1,0.07142857142857142,13,13,GTCAAGATCCGAACGGGAGC,0,3666723
tolCp1,0.07142857142857142,13,13,GTCAAATAATGTTCTCACTG,0,3695231
tolCp1,0.07142857142857142,13,13,GTATGGTAATGACTGGCGAG,0,3692197
tolCp1,0.07142857142857142,13,13,GGTGGCCGGTCATTAGCAGC,0,3671783
tolCp1,0.07142857142857142,13,13,GGTATACCAATTATTTTACC,0,3689458
tolCp1,0.07142857142857142,13,13,GGGCGGAACATGCGTTGTGG,0,3680374
tolCp1,0.07142857142857142,13,13,GGCTGTGAGAATGTCTGAAT,0,3701541
tolCp1,0.07142857142857142,13,13,GGCTACGTACTTGCCGAACG,0,3702024
tolCp1,0.07142857142857142,13,13,GGCCTAAGTATTTGTCCAGT,0,3673007
tolCp1,0.07142857142857142,13,13,GGCCCGGTGTTCGGGATCAT,0,3692602
tolCp1,0.07142857142857142,13,13,GGACCCTACCCTTTGGTTGA,0,3665210
tolCp1,0.07142857142857142,13,13,GCTGGCGCACTGGAGAAAGT,0,3661490
tolCp1,0.07142857142857142,13,13,GCTAACAGCTCTTTCGTCGT,0,3669714
tolCp1,0.07142857142857142,13,13,GCGTTGAAGCAGATTAATGG,0,3663884
tolCp1,0.07142857142857142,13,13,GCGTCTGCGCAGTAGATCTT,0,3689877
tolCp1,0.07142857142857142,13,13,GCGGGATATGAGCAACTGAA,0,3703618
tolCp1,0.07142857142857142,13,13,GCCGGTTCTTTTAGCATTTT,0,3704046
tolCp1,0.07142857142857142,13,13,GCCGCTGGCACTTGATACCA,0,3670817
tolCp1,0.07142857142857142,13,13,GCCGCGACTCGAACCAGTCG,0,3698320
tolCp1,0.07142857142857142,13,13,GCCAGGCGAGGTCGGGAGGG,0,3698759
tolCp1,0.07142857142857142,13,13,GCACTGGATTTGCTCCAGGG,0,3667195
tolCp1,0.07142857142857142,13,13,GACAGCTGTTAGGTTTTTAC,0,3704701
tolCp1,0.07142857142857142,13,13,GAATGCCATGGACCGTCTAT,0,3675880
tolCp1,0.07142857142857142,13,13,GAAAGTCAGTGCATCTTACA,0,3670565
tolCp1,0.07142857142857142,13,13,CTTTCCGCTTTTTGATATAT,0,3699765
tolCp1,0.07142857142857142,13,13,CTGATCCGCTACGGGAGAAG,0,3688279
tolCp1,0.07142857142857142,13,13,CTGACAAGGTAGTTAGTGCG,0,3711679
tolCp1,0.07142857142857142,13,13,CTCTACGCCGTCCTACAACC,0,3696675
tolCp1,0.07142857142857142,13,13,CTCGTTGTTATTGCTGTATC,0,3670570
tolCp1,0.07142857142857142,13,13,CTACAATGCAGGCGTCCCCC,0,3675647
tolCp1,0.07142857142857142,13,13,CTAAACTTCGCGCACGCAAT,0,3669717
tolCp1,0.07142857142857142,13,13,CGTTCAGACAAAGTTATCTC,0,3677591
tolCp1,0.07142857142857142,13,13,CGTTACTCTAGGTGAGACTA,0,3677289
tolCp1,0.07142857142857142,13,13,CGGTATCGCGGAGGCTGATT,0,3677021
tolCp1,0.07142857142857142,13,13,CGCGGAAGGTGCGAGCTCCC,0,3700268
tolCp1,0.07142857142857142,13,13,CGCCCGAAATTTTATAGAAC,0,3663402
tolCp1,0.07142857142857142,13,13,CGAGGGTTCCTGGGGAATTT,0,3673496
tolCp1,0.07142857142857142,13,13,CGAGGACCGAGGTCTGCGCC,0,3695323
tolCp1,0.07142857142857142,13,13,CGAACGGGTGAAGCCTCATG,0,3696849
tolCp1,0.07142857142857142,13,13,CCTTTACGTGGTTTATGCGA,0,3706991
tolCp1,0.07142857142857142,13,13,CCTCTGCGCGCGATGCGAGG,0,3668982
tolCp1,0.07142857142857142,13,13,CCTCGGTAGATGCCTACCCA,0,3703419
tolCp1,0.07142857142857142,13,13,CCCTCGGTCCGGACGTTTAT,0,3672046
tolCp1,0.07142857142857142,13,13,CCCGAGTTGCGCACAGGAAC,0,3689818
tolCp1,0.07142857142857142,13,13,CCCCTGTTGGACTGTCACAC,0,3692022
tolCp1,0.07142857142857142,13,13,CATTATGTTATGCGTGCTCC,0,3703115
tolCp1,0.07142857142857142,13,13,CATATCGCAGAGTTCTGTGC,0,3678534
tolCp1,0.07142857142857142,13,13,CAGCGGCACGCCTGTAAGAG,0,3671953
tolCp1,0.07142857142857142,13,13,CAGCATGACGGGGCGTAACA,0,3692956
tolCp1,0.07142857142857142,13,13,CACGCAAATCGCGTCCTCAA,0,3668950
tolCp1,0.07142857142857142,13,13,CACCAAGGGTCGAAGTTTAA,0,3687434
tolCp1,0.07142857142857142,13,13,CACAGTACGGTCTTAAGCAT,0,3707650
tolCp1,0.07142857142857142,13,13,CAACGCAGATATACTCACAT,0,3689703
tolCp1,0.07142857142857142,13,13,ATTTATGATGACACCAGGAT,0,3665897
tolCp1,0.07142857142857142,13,13,ATTGATCAAAACAGAGATGT,0,3665663
tolCp1,0.07142857142857142,13,13,ATTCTGTGTCCGGTAGCATT,0,3699705
tolCp1,0.07142857142857142,13,13,ATTCGGCGATTATGTCAATG,0,3672813
tolCp1,0.07142857142857142,13,13,ATTAACGTCACTGTTCATCT,0,3687382
tolCp1,0.07142857142857142,13,13,ATGCGTTTGCCTTTGAATTT,0,3713367
tolCp1,0.07142857142857142,13,13,ATGCGGCCGTGGCAGTACTC,0,3690157
tolCp1,0.07142857142857142,13,13,ATGAGAGGATAGATGGAGTG,0,3670755
tolCp1,0.07142857142857142,13,13,ATGAACGCGACCAAGGCGAT,0,3688274
tolCp1,0.07142857142857142,13,13,AGTGCTGAAGGGGCTTACCC,0,3676258
tolCp1,0.07142857142857142,13,13,AGTCGGCGCTTACGGAGTCA,0,3662490
tolCp1,0.07142857142857142,13,13,AGTATTATCAGGACATGAGC,0,3682297
tolCp1,0.07142857142857142,13,13,AGGTGGCTAAATGTCGCTTT,0,3685504
tolCp1,0.07142857142857142,13,13,AGGAACGAAGTTTGCTGAAA,0,3671139
tolCp1,0.07142857142857142,13,13,AGCACTTTAACGATAAATGG,0,3676760
tolCp1,0.07142857142857142,13,13,ACTTAGTGACTGATAGGACC,0,3676587
tolCp1,0.07142857142857142,13,13,ACGTTCTGGAGTTTGGTTAA,0,3675823
tolCp1,0.07142857142857142,13,13,ACGTCCCGCGCGCACAGTGA,0,3694888
tolCp1,0.07142857142857142,13,13,ACCCAACGGCAAGAGCCCTC,0,3676590
tolCp1,0.07142857142857142,13,13,AATAGTACTACCGCTCTAAT,0,3709044
tolCp1,0.07142857142857142,13,13,AAGACAGTGTGGGCACGTAA,0,3708194
tolCp1,0.07142857142857142,13,13,AACTTCCGCGGCATCTGACT,0,3700000
tolCp1,0.07142857142857142,13,13,AAAGCACCGATACCTACATG,0,3702057
tolCp1,0.07692307692307693,12,12,TTTGGACAACCCTGTGCAAC,0,3676944
tolCp1,0.07692307692307693,12,12,TTTGATTGTGCAACTCTGCC,0,3695018
tolCp1,0.07692307692307693,12,12,TTTCACAGTACTCAAGGGGG,0,3697379
tolCp1,0.07692307692307693,12,12,TTGGTAGACTACGGAAACCA,0,3701604
tolCp1,0.07692307692307693,12,12,TTCCCCCCAGGCTTCAAAGA,0,3674095
tolCp1,0.07692307692307693,12,12,TTAATCAGCGTGTTTGATAT,0,3676805
tolCp1,0.07692307692307693,12,12,TTAACGCATGATCGGGGGGT,0,3667070
tolCp1,0.07692307692307693,12,12,TGTGCCCTCCGTATACGATC,0,3713828
tolCp1,0.07692307692307693,12,12,TGTACCCAGTGTCTGGATAA,0,3698707
tolCp1,0.07692307692307693,12,12,TGCTATAGACTGATTTGGCA,0,3672064
tolCp1,0.07692307692307693,12,12,TGACTCACCGACCATGTGTA,0,3687060
tolCp1,0.07692307692307693,12,12,TGAAATGCCAACCCGCCATG,0,3685184
tolCp1,0.07692307692307693,12,12,TCTTTGTTATGGGTGTTGTC,0,3710258
tolCp1,0.07692307692307693,12,12,TCTTGTATAAGCGCTCCCCA,0,3661970
tolCp1,0.07692307692307693,12,12,TCGGAAGGATCCAGTCTAAC,0,3688039
tolCp1,0.07692307692307693,12,12,TCGCTACCTCAAATGAGGAC,0,3680110
tolCp1,0.07692307692307693,12,12,TCGATTTTCTGCTCCACCCG,0,3705263
tolCp1,0.07692307692307693,12,12,TCCTTAGAGCGTCGCAACCA,0,3675963
tolCp1,0.07692307692307693,12,12,TCCGTCATTTAAGAGCAGGC,0,3692872
tolCp1,0.07692307692307693,12,12,TCCAGACCAGTGGCCCGATA,0,3663530
tolCp1,0.07692307692307693,12,12,TCATGGGATCTGGTGGCATA,0,3701644
tolCp1,0.07692307692307693,12,12,TCAGCTCAAAGGACGTTTTT,0,3672047
tolCp1,0.07692307692307693,12,12,TATTATGACGTATGTCGAAA,0,3672764
tolCp1,0.07692307692307693,12,12,TATAGCATAACGTTGGGCCG,0,3690173
tolCp1,0.07692307692307693,12,12,TATAATAAGACAGGCCCAAA,0,3713633
tolCp1,0.07692307692307693,12,12,TAAATACCGATGTCGCAGAC,0,3675352
tolCp1,0.07692307692307693,12,12,GTGTAGATGGGGACCACCAT,0,3711724
tolCp1,0.07692307692307693,12,12,GTCAGGAATTACGCCACATA,0,3704841
tolCp1,0.07692307692307693,12,12,GTCAGACGGGTTTTCGTACG,0,3711262
tolCp1,0.07692307692307693,12,12,GTACTCCTACAACGCTCATA,0,3672399
tolCp1,0.07692307692307693,12,12,GGGTGGTGAGAACAGCAGGT,0,3715156
tolCp1,0.07692307692307693,12,12,GGGGTTGTTGGAAACTTTCG,0,3687837
tolCp1,0.07692307692307693,12,12,GGGGGCCTCACAGTCTAGTT,0,3662841
tolCp1,0.07692307692307693,12,12,GGCTCCTATGGGGACACAGG,0,3675840
tolCp1,0.07692307692307693,12,12,GGCGTCAGTCTAACGGATGG,0,3692873
tolCp1,0.07692307692307693,12,12,GGATTAAAGGGTCGCTCCAA,0,3687959
tolCp1,0.07692307692307693,12,12,GGAGTGGGGGATGCCAAGAA,0,3676891
tolCp1,0.07692307692307693,12,12,GGAGCTCAATAAACCCACCA,0,3676436
tolCp1,0.07692307692307693,12,12,GGAATCAGCCCCCGTAGCTC,0,3682442
tolCp1,0.07692307692307693,12,12,GCTACAAATCGAAAGGATGT,0,3687467
tolCp1,0.07692307692307693,12,12,GCGCCGCAGCGTTCTAATTG,0,3669261
tolCp1,0.07692307692307693,12,12,GCGCCCAACCGACAGGGGCT,0,3703182
tolCp1,0.07692307692307693,12,12,GCGACGTATTGGCACAATGG,0,3695328
tolCp1,0.07692307692307693,12,12,GCCCGGTTTGGGTCCGGTGC,0,3710838
tolCp1,0.07692307692307693,12,12,GCAGGCGCATGCTGCTTGTA,0,3688227
tolCp1,0.07692307692307693,12,12,GCACTTTTACACACAGTTAA,0,3680557
tolCp1,0.07692307692307693,12,12,GATATCATTAGCCGCGCCCT,0,3704188
tolCp1,0.07692307692307693,12,12,GAGTCAGGGCGCCACTTTAC,0,3676178
tolCp1,0.07692307692307693,12,12,GAGTACCCACGCTAGGTTTG,0,3676267
tolCp1,0.07692307692307693,12,12,GAATCAGAGATGAAACTGTT,0,3687470
tolCp1,0.07692307692307693,12,12,GAACTGTTCCGCTGGTCGCG,0,3672423
tolCp1,0.07692307692307693,12,12,CTTTTATTGCGTAAGCATGT,0,3668746
tolCp1,0.07692307692307693,12,12,CTTTCACTGGCTCGTACGAC,0,3684860
tolCp1,0.07692307692307693,12,12,CTTCGGGAAAGTAAGGCCCG,0,3685577
tolCp1,0.07692307692307693,12,12,CTTACCAAGTGGATGGTATT,0,3683761
tolCp1,0.07692307692307693,12,12,CTTAATCACAATCGTCTAAA,0,3669906
tolCp1,0.07692307692307693,12,12,CTGTGGCCAGTGTAGGCCGG,0,3676176
tolCp1,0.07692307692307693,12,12,CTGTGACAGGCCCTTACCCA,0,3685798
tolCp1,0.07692307692307693,12,12,CTGGTGAGTCCACCCCGGTC,0,3679700
tolCp1,0.07692307692307693,12,12,CTGGCCGTTCTTCAGACCTA,0,3692062
tolCp1,0.07692307692307693,12,12,CTGCGGTTACTGTGCAGGCA,0,3708473
tolCp1,0.07692307692307693,12,12,CTATAAACATCGTGTAAGGA,0,3663137
tolCp1,0.07692307692307693,12,12,CTAGGCATCTCTGGCTTCTG,0,3693062
tolCp1,0.07692307692307693,12,12,CGTGACAACGACGGCCTGCA,0,3707933
tolCp1,0.07692307692307693,12,12,CGTCACTGCTCACCGGTGCG,0,3714000
tolCp1,0.07692307692307693,12,12,CGGGCGGTATTTTCGAGCCA,0,3698153
tolCp1,0.07692307692307693,12,12,CGCTTCTGTGAACAGCGGGA,0,3692397
tolCp1,0.07692307692307693,12,12,CGCCCCAGCGAATTTCGAGA,0,3701945
tolCp1,0.07692307692307693,12,12,CGCATCCGTATCCAATACTA,0,3711857
tolCp1,0.07692307692307693,12,12,CGCACCGCTCTCAAGCGCGC,0,3692156
tolCp1,0.07692307692307693,12,12,CGATGCAAAAGACCACAAAA,0,3704189
tolCp1,0.07692307692307693,12,12,CGATCTCCTGCGTGGAACTC,0,3712182
tolCp1,0.07692307692307693,12,12,CGAATGGGCGTTGTAGCGAG,0,3666963
tolCp1,0.07692307692307693,12,12,CGAACGTCAGTGAATAAAAT,0,3684212
tolCp1,0.07692307692307693,12,12,CCTTGAAAGTATTGGGATGT,0,3691450
tolCp1,0.07692307692307693,12,12,CCTCACGCATTGTCACCAGT,0,3694195
tolCp1,0.07692307692307693,12,12,CCGAACTGCCGCTCCAGGCT,0,3671848
tolCp1,0.07692307692307693,12,12,CCCACTAAGCGTTAAGACAA,0,3682565
tolCp1,0.07692307692307693,12,12,CCCAAGCTGGGTCGCATACA,0,3678062
tolCp1,0.07692307692307693,12,12,CATCTGCAGGGAGCCGCATC,0,3697846
tolCp1,0.07692307692307693,12,12,CAGGTTGAATCTGAGCGTGT,0,3693907
tolCp1,0.07692307692307693,12,12,CAGCAGAAACTGATACAAAG,0,3690244
tolCp1,0.07692307692307693,12,12,CAGACTCGTCTTTCCAGCAT,0,3709556
tolCp1,0.07692307692307693,12,12,CACCATATTAATTGCTGGTT,0,3706183
tolCp1,0.07692307692307693,12,12,CAATAGCGCTAATAGCCCGT,0,3713550
tolCp1,0.07692307692307693,12,12,ATTTAAATCTTACTGTTAGG,0,3679315
tolCp1,0.07692307692307693,12,12,ATTAAGTTTCTCAACGACGA,0,3694984
tolCp1,0.07692307692307693,12,12,ATGGGAGCCGGGGGTCCTTG,0,3695094
tolCp1,0.07692307692307693,12,12,ATGCTCAGAGGGGTAGTGTT,0,3677915
tolCp1,0.07692307692307693,12,12,ATCTGTCTAATGCTCCGGTC,0,3675928
tolCp1,0.07692307692307693,12,12,ATCAGTGTGGAAGAAAATGT,0,3669207
tolCp1,0.07692307692307693,12,12,ATCACTCGTAGTAAAATGGT,0,3679805
tolCp1,0.07692307692307693,12,12,ATATGGGGCAGATTACACGG,0,3687937
tolCp1,0.07692307692307693,12,12,ATAGGTGTATTGCATACTGT,0,3664461
tolCp1,0.07692307692307693,12,12,ATAGGTCTCTGACTGTCCTC,0,3676678
tolCp1,0.07692307692307693,12,12,AGTTGCACCAACGATGGTGG,0,3679813
tolCp1,0.07692307692307693,12,12,AGGGCGCGCTGTGGTCAGAG,0,3711867
tolCp1,0.07692307692307693,12,12,AGGATCGAGTCTGCATCGGA,0,3695069
tolCp1,0.07692307692307693,12,12,AGCGGTTGGTTGCGTACCTC,0,3691843
tolCp1,0.07692307692307693,12,12,AGCCAGAAAACAAAGTCAGT,0,3680428
tolCp1,0.07692307692307693,12,12,AGATACAATGCTTGGGGGGA,0,3668556
tolCp1,0.07692307692307693,12,12,ACTGTGGTGCCCCGAGTCGG,0,3668500
tolCp1,0.07692307692307693,12,12,ACTAGAGGCTGAGACTGAAA,0,3668733
tolCp1,0.07692307692307693,12,12,ACGCTAGCGTAGCCTACGTA,0,3686331
tolCp1,0.07692307692307693,12,12,ACCACCCTCTGGTAATCAGT,0,3673915
tolCp1,0.07692307692307693,12,12,ACAGGAGTTTGGGCCTAGTC,0,3694904
tolCp1,0.07692307692307693,12,12,ACAGCGAGGCAAGGATTTAC,0,3715239
tolCp1,0.07692307692307693,12,12,AATCCAGACATGTCCGCATG,0,3681665
tolCp1,0.07692307692307693,12,12,AAGTGGGCCGTGAATAACGC,0,3669472
tolCp1,0.07692307692307693,12,12,AAGTAAATTTGCGACGATCT,0,3702379
tolCp1,0.07692307692307693,12,12,AAGGCAAATAGCTTTACACG,0,3666094
tolCp1,0.07692307692307693,12,12,AAGAGTGAGGTGTGGCATGA,0,3699866
tolCp1,0.07692307692307693,12,12,AAGAGGTAACCGAATAGTAC,0,3686478
tolCp1,0.07692307692307693,12,12,AAGAGGCTGTTGTCGTTCAG,0,3692302
tolCp1,0.07692307692307693,12,12,AAAGCCGTGTGAGGTTCCGG,0,3697777
tolCp1,0.07692307692307693,12,12,AAAAACGTAAACCAGAGAAA,0,3688300
tolCp1,0.08333333333333333,11,11,TTTTGGTGTTCAGCTCCTTA,0,3704050
tolCp1,0.08333333333333333,11,11,TTTACGTCTAGACATTTCAT,0,3702609
tolCp1,0.08333333333333333,11,11,TTGTATGATCAGGGTAACGG,0,3678947
tolCp1,0.08333333333333333,11,11,TTGGGTCGGAAGGATATCGG,0,3671687
tolCp1,0.08333333333333333,11,11,TTGGAGATAGGCCTTTGTCC,0,3675398
tolCp1,0.08333333333333333,11,11,TTGCAACCTGACTTCGCATG,0,3709793
tolCp1,0.08333333333333333,11,11,TTATTCGTGGGGGATACAGA,0,3712537
tolCp1,0.08333333333333333,11,11,TTATGGAAGCGATACTGTGT,0,3680192
tolCp1,0.08333333333333333,11,11,TTAGGACGGTTGCGAGCAAC,0,3696547
tolCp1,0.08333333333333333,11,11,TTACAACTTACTTCAGAAAC,0,3689913
tolCp1,0.08333333333333333,11,11,TGGTTCTTCCGTGTATGAAT,0,3663215
tolCp1,0.08333333333333333,11,11,TGGGATAGGAATCGGGCTCA,0,3702572
tolCp1,0.08333333333333333,11,11,TGGGAAGGATTCCAGTATCT,0,3695219
tolCp1,0.08333333333333333,11,11,TGGCCGGATCAGGATTGCGA,0,3710289
tolCp1,0.08333333333333333,11,11,TGCCATTAGTAATGAGGAAT,0,3682091
tolCp1,0.08333333333333333,11,11,TGCCAAGTGAGCGGCTCGGT,0,3701703
tolCp1,0.08333333333333333,11,11,TGATTTATTGCGGATGAACA,0,3661944
tolCp1,0.08333333333333333,11,11,TCTAGAGAAAAGATCTAGGA,0,3700116
tolCp1,0.08333333333333333,11,11,TCGTCCGGTTTCTGCCTTCC,0,3686638
tolCp1,0.08333333333333333,11,11,TCGGAGATCGACTAGACTAA,0,3714651
tolCp1,0.08333333333333333,11,11,TCGACCACAACACAGCTGGC,0,3713700
tolCp1,0.08333333333333333,11,11,TCATCGAGCGTAATTGAGCT,0,3692454
tolCp1,0.08333333333333333,11,11,TCATCACCACTAATACCGTT,0,3662084
tolCp1,0.08333333333333333,11,11,TCAAGGCTTTGTCCGATTCA,0,3704190
tolCp1,0.08333333333333333,11,11,TATTTACGGCCTACCAGAGA,0,3689941
tolCp1,0.08333333333333333,11,11,TACTTGACGGTTCAGCCTAA,0,3697640
tolCp1,0.08333333333333333,11,11,TAATATGAATACTTGTAGGC,0,3681207
tolCp1,0.08333333333333333,11,11,TAAGCCTCTTGCGCCGGGAA,0,3697040
tolCp1,0.08333333333333333,11,11,TAAAGGCGCTTCATACTGCT,0,3710706
tolCp1,0.08333333333333333,11,11,GTTCCTAACCGTAGGACGCC,0,3690773
tolCp1,0.08333333333333333,11,11,GTGTGGAGCCTAATGATGCA,0,3700291
tolCp1,0.08333333333333333,11,11,GTGCGTTGTCTAAGATAGTA,0,3710654
tolCp1,0.08333333333333333,11,11,GTGAATGAGAACTCCCTGAT,0,3680310
tolCp1,0.08333333333333333,11,11,GTCTGGTCGGCCTTCGAGTA,0,3692996
tolCp1,0.08333333333333333,11,11,GTCGGTCTTTGCATGACTGT,0,3678949
tolCp1,0.08333333333333333,11,11,GTACTAGCGATCAGACTATG,0,3698063
tolCp1,0.08333333333333333,11,11,GTACGTTGGATGACACGCCG,0,3685737
tolCp1,0.08333333333333333,11,11,GTACACGGGTCAAAACTCCG,0,3666535
tolCp1,0.08333333333333333,11,11,GGTGCTGATTCTGTTATAAT,0,3697376
tolCp1,0.08333333333333333,11,11,GGGTTAAGCACCTTATTGAT,0,3692694
tolCp1,0.08333333333333333,11,11,GGGTGCGACTATTTTAGAGT,0,3698307
tolCp1,0.08333333333333333,11,11,GGGTCTCTAATTTGGCAACT,0,3680655
tolCp1,0.08333333333333333,11,11,GGGTACGCCGAAGATGTTCT,0,3682391
tolCp1,0.08333333333333333,11,11,GGGCTTCAAGGCAGAGAGCA,0,3709040
tolCp1,0.08333333333333333,11,11,GGGATCGTAGTTAGTTAACA,0,3710852
tolCp1,0.08333333333333333,11,11,GGCTTTGCCGAAGCAGCTTG,0,3700507
tolCp1,0.08333333333333333,11,11,GGCTTAGCCACCGCGTATGA,0,3669711
tolCp1,0.08333333333333333,11,11,GGCCGATTGTGGAATAGATA,0,3686346
tolCp1,0.08333333333333333,11,11,GGCCGATAATCGCAATTTAT,0,3682653
tolCp1,0.08333333333333333,11,11,GGCCGACTCAATACGGACAT,0,3714926
tolCp1,0.08333333333333333,11,11,GGCAGCATGTTTCACGCGCG,0,3669214
tolCp1,0.08333333333333333,11,11,GGCAAACGGTCCCCGCATAA,0,3681130
tolCp1,0.08333333333333333,11,11,GGAGCGACAAGTATCCGAGA,0,3701808
tolCp1,0.08333333333333333,11,11,GGAGATTCTTGAGGGGTAGG,0,3714759
tolCp1,0.08333333333333333,11,11,GGAATGCTATTATCCCCTTA,0,3661492
tolCp1,0.08333333333333333,11,11,GCTCATCGTGCTGTTCAGAA,0,3672923
tolCp1,0.08333333333333333,11,11,GCTACTTCTCAAACGCTGTA,0,3715426
tolCp1,0.08333333333333333,11,11,GCTACTAATTAACTATCCAA,0,3691152
tolCp1,0.08333333333333333,11,11,GCCCAACTGGGTGCAGGAGG,0,3678978
tolCp1,0.08333333333333333,11,11,GATGACGACCACGCACTGAC,0,3663544
tolCp1,0.08333333333333333,11,11,GAGTAAGGAAAGGTCTATTC,0,3685874
tolCp1,0.08333333333333333,11,11,GAGCAAACCCTACGATAAGT,0,3684415
tolCp1,0.08333333333333333,11,11,GACTTAGCCAGCCTTTTCGC,0,3678308
tolCp1,0.08333333333333333,11,11,GACGGCGCAAGCAAGGCGAA,0,3679683
tolCp1,0.08333333333333333,11,11,GACACGAGGGATTCAAGCAG,0,3691014
tolCp1,0.08333333333333333,11,11,GAAACTGGGACACTGCATTC,0,3707255
tolCp1,0.08333333333333333,11,11,CTTGGGCTAGAGGCTCACCA,0,3694092
tolCp1,0.08333333333333333,11,11,CTGCCATGCTACTCACGGGA,0,3715586
tolCp1,0.08333333333333333,11,11,CTCTCAATCCAGTGCGGGTG,0,3705672
tolCp1,0.08333333333333333,11,11,CTCGTCAACTCTTGCGCATG,0,3697660
tolCp1,0.08333333333333333,11,11,CTAGAAGGGTTTGATGTTTA,0,3708245
tolCp1,0.08333333333333333,11,11,CTACTTTGCGATTAGGGTAC,0,3691227
tolCp1,0.08333333333333333,11,11,CTAAAAAGTTGATTGCCGGC,0,3682878
tolCp1,0.08333333333333333,11,11,CGTGTGGGGGAATAACAGAT,0,3695419
tolCp1,0.08333333333333333,11,11,CGTGGTCTTGCAAACGGATG,0,3674546
tolCp1,0.08333333333333333,11,11,CGGTCTCAAGGGGGGCAAAT,0,3661947
tolCp1,0.08333333333333333,11,11,CGGGCACCAAGGAGGGGGAT,0,3689208
tolCp1,0.08333333333333333,11,11,CGGCGTCAAGCGAGATTCGC,0,3707456
tolCp1,0.08333333333333333,11,11,CGAGACTGCTCCTTTGCAAA,0,3708650
tolCp1,0.08333333333333333,11,11,CGACCGTGAAGACTGATACA,0,3693424
tolCp1,0.08333333333333333,11,11,CCTACTAACTTATCGGTTGT,0,3668621
tolCp1,0.08333333333333333,11,11,CCGTGTGAGTTCCTTGGTAA,0,3700560
tolCp1,0.08333333333333333,11,11,CCGGTCGATCTGCAGCGAGG,0,3687998
tolCp1,0.08333333333333333,11,11,CCGCTGTTGCCTAGCGGAGA,0,3684821
tolCp1,0.08333333333333333,11,11,CCGCTGACAGGGCCGTCCGT,0,3680195
tolCp1,0.08333333333333333,11,11,CCGCCGCCAAGAACAGGATT,0,3684810
tolCp1,0.08333333333333333,11,11,CCGAGAGGGGCCAACCGATG,0,3684061
tolCp1,0.08333333333333333,11,11,CCCGGAACATCTGATCTTGT,0,3685642
tolCp1,0.08333333333333333,11,11,CCCAGATTTCGACCGCTTAT,0,3671928
tolCp1,0.08333333333333333,11,11,CCATACTGATACGAACTCTT,0,3711242
tolCp1,0.08333333333333333,11,11,CCACCAGGTCAGCCTTGCGT,0,3702419
tolCp1,0.08333333333333333,11,11,CATTGACTGAAACTGAACGC,0,3665762
tolCp1,0.08333333333333333,11,11,CATGGTCAGATTTCGCCTAG,0,3675830
tolCp1,0.08333333333333333,11,11,CATCGGTGCTGGGCGGCGGA,0,3703659
tolCp1,0.08333333333333333,11,11,CATCGGCGTCGGGGCTCTTT,0,3699913
tolCp1,0.08333333333333333,11,11,CAGGGCGTGTAAAATATGAA,0,3682339
tolCp1,0.08333333333333333,11,11,CACTGGTAAATCGTCTTCCA,0,3691263
tolCp1,0.08333333333333333,11,11,CACATCCGCTGCCGCGCAGG,0,3705856
tolCp1,0.08333333333333333,11,11,CAAGGCATTTCATATAACTA,0,3684874
tolCp1,0.08333333333333333,11,11,CAAGACATAACACGGGCCTT,0,3688940
tolCp1,0.08333333333333333,11,11,CAACCACCTTCAGCCCACGA,0,3680212
tolCp1,0.08333333333333333,11,11,CAAATGCGGTCACATGTTAC,0,3675643
tolCp1,0.08333333333333333,11,11,ATTTCTAGCACAGCCCTCAG,0,3687050
tolCp1,0.08333333333333333,11,11,ATTGTAACCTGTGTGAGAGT,0,3694723
tolCp1,0.08333333333333333,11,11,ATTGGAATAAACGACCGTAC,0,3677886
tolCp1,0.08333333333333333,11,11,ATGATCTGTGATGGTCACGC,0,3677176
tolCp1,0.08333333333333333,11,11,ATCTATCGATTAAATATTGC,0,3663401
tolCp1,0.08333333333333333,11,11,ATCTACCTCACTCCTATGAC,0,3699784
tolCp1,0.08333333333333333,11,11,ATCGGGCGTAGATGGTCCAA,0,3713024
tolCp1,0.08333333333333333,11,11,ATCAATCTCTGACACCAGGT,0,3691882
tolCp1,0.08333333333333333,11,11,ATAGGTCCCCGATGCCCACA,0,3676328
tolCp1,0.08333333333333333,11,11,ATACTGGGGCGTCGCTGTCT,0,3703690
tolCp1,0.08333333333333333,11,11,ATAACTCTTTGCACCTATAT,0,3674297
tolCp1,0.08333333333333333,11,11,AGTATGGCTCTGACGGACAA,0,3698268
tolCp1,0.08333333333333333,11,11,AGTAAAAATTCCCGGCTAAT,0,3686515
tolCp1,0.08333333333333333,11,11,AGGTGGGTGATTACCATAGC,0,3706801
tolCp1,0.08333333333333333,11,11,AGGGCGTCTCCGTAAGTAAC,0,3714183
tolCp1,0.08333333333333333,11,11,AGGGCACGCGTAGCCCAGGT,0,3666323
tolCp1,0.08333333333333333,11,11,AGGACCGGACGGCTGCCTTG,0,3676624
tolCp1,0.08333333333333333,11,11,AGCTGAACTGGGTCCTGTAA,0,3693031
tolCp1,0.08333333333333333,11,11,AGCCCCACGTTACATTCATG,0,3684065
tolCp1,0.08333333333333333,11,11,AGAGGTTCGAGCATTGCGAT,0,3674727
tolCp1,0.08333333333333333,11,11,AGACAATAATCACTTTGGAG,0,3708678
tolCp1,0.08333333333333333,11,11,AGAAACATTCAGCGTTAACT,0,3676313
tolCp1,0.08333333333333333,11,11,ACTTCAGCCTCAGCCGTTCG,0,3661951
tolCp1,0.08333333333333333,11,11,ACTCAAGGGCAACTCGTCTA,0,3710010
tolCp1,0.08333333333333333,11,11,ACTATGGCTCCGGTGCCTTG,0,3662666
tolCp1,0.08333333333333333,11,11,ACTATAGTACGTTTGGTGGT,0,3675599
tolCp1,0.08333333333333333,11,11,ACTAATCATACGCACTTCGA,0,3684053
tolCp1,0.08333333333333333,11,11,ACGTCACACAAGGGTAAGAA,0,3672185
tolCp1,0.08333333333333333,11,11,ACGCCGGATAGCTCCTGATG,0,3670132
tolCp1,0.08333333333333333,11,11,ACGATATGACTATACGGGCG,0,3666968
tolCp1,0.08333333333333333,11,11,ACACGGAGCGGGTATTGTAA,0,3677913
tolCp1,0.08333333333333333,11,11,AATTCGCACATTGGGGAATC,0,3693660
tolCp1,0.08333333333333333,11,11,AAGTATGGGTGAAGTTCGCA,0,3661399
tolCp1,0.08333333333333333,11,11,AAGGTAGTTTAATCCGCAGT,0,3680219
tolCp1,0.08333333333333333,11,11,AAGGATGTTGGTTTGAAGTG,0,3683855
tolCp1,0.08333333333333333,11,11,AAGATCTCTGACTGGTAGGA,0,3677172
tolCp1,0.08333333333333333,11,11,AACTTGATATCGTGTTGTAA,0,3682947
tolCp1,0.08333333333333333,11,11,AACGTTAATGGCATCCCTCA,0,3668333
tolCp1,0.08333333333333333,11,11,AACAAAGGGGCGATCATGGA,0,3711194
tolCp1,0.09090909090909091,10,10,TTTTTGGGTAGCAGGATTGC,0,3680228
tolCp1,0.09090909090909091,10,10,TTGAGTAGGTTTTGATACGT,0,3707041
tolCp1,0.09090909090909091,10,10,TTCTGCGAGAACTCCAGCCA,0,3671692
tolCp1,0.09090909090909091,10,10,TTCTCCCACCCCTCAGGGTT,0,3677602
tolCp1,0.09090909090909091,10,10,TTCCTTCCGCAAGCGAGTAT,0,3693066
tolCp1,0.09090909090909091,10,10,TTATGGTTAGGCCGCACATG,0,3662353
tolCp1,0.09090909090909091,10,10,TTATCCAGTAGCAGTAATAA,0,3681969
tolCp1,0.09090909090909091,10,10,TTAGTCATCGGGCAACACGT,0,3697205
tolCp1,0.09090909090909091,10,10,TTAAAACCGGAGGCAGAACG,0,3662467
tolCp1,0.09090909090909091,10,10,TGTCGCGAACAGCATTACAG,0,3675248
tolCp1,0.09090909090909091,10,10,TGTCAATCGTGCAAAACGAA,0,3698205
tolCp1,0.09090909090909091,10,10,TGTAGATGGAACTTCATAAA,0,3697842
tolCp1,0.09090909090909091,10,10,TGTACACAAGGCTCATATAG,0,3680380
tolCp1,0.09090909090909091,10,10,TGGTTCGGTTCTGGTCTCTG,0,3673733
tolCp1,0.09090909090909091,10,10,TGGGGTTGGATTCACTTTTC,0,3713643
tolCp1,0.09090909090909091,10,10,TGGGGCATTTCGGCTAATAG,0,3690896
tolCp1,0.09090909090909091,10,10,TGGCATGCAGGACGATCACA,0,3707574
tolCp1,0.09090909090909091,10,10,TGGCACTAAGGTGGAAAAAA,0,3685463
tolCp1,0.09090909090909091,10,10,TGGCACCTGAAATGGACGTT,0,3705640
tolCp1,0.09090909090909091,10,10,TGCTCTTGTGCTCGAGCATT,0,3697244
tolCp1,0.09090909090909091,10,10,TGCTCTATAATCTAGGAAAC,0,3670907
tolCp1,0.09090909090909091,10,10,TGCGCAAGGAGTATTAGGCT,0,3669715
tolCp1,0.09090909090909091,10,10,TGCCCACGGACTTGTGCAGG,0,3677853
tolCp1,0.09090909090909091,10,10,TGAGTGTATGCAGACGGACA,0,3701182
tolCp1,0.09090909090909091,10,10,TGACCGTTCCAGTGATATTG,0,3692000
tolCp1,0.09090909090909091,10,10,TGAATGTACGAAGTTCAACA,0,3672661
tolCp1,0.09090909090909091,10,10,TCTGGCCGAGTATCTGCTCA,0,3677032
tolCp1,0.09090909090909091,10,10,TCTGGAGACACAATGGGCTC,0,3662367
tolCp1,0.09090909090909091,10,10,TCTACGCGTGCAGGCATTGC,0,3699545
tolCp1,0.09090909090909091,10,10,TCTAAACATCCTGGGACGTG,0,3700211
tolCp1,0.09090909090909091,10,10,TCGGCACGAGGTGTAACATA,0,3663405
tolCp1,0.09090909090909091,10,10,TCGCGGATGGGCGAAGAGTG,0,3713239
tolCp1,0.09090909090909091,10,10,TCCCTAACTCCGGAGGCTCT,0,3681372
tolCp1,0.09090909090909091,10,10,TCCAAGGGGGACGCCGTTAA,0,3713124
tolCp1,0.09090909090909091,10,10,TCATATTGAGTATCACGTGA,0,3709041
tolCp1,0.09090909090909091,10,10,TCACGCCTCGTATTTGGATG,0,3712083
tolCp1,0.09090909090909091,10,10,TATTTTGAGACAGAGCCGGT,0,3706901
tolCp1,0.09090909090909091,10,10,TATCCGAGTTATATTCTATC,0,3681599
tolCp1,0.09090909090909091,10,10,TAGGTCCAGGAGTTTGTAAA,0,3707381
tolCp1,0.09090909090909091,10,10,TAGCCGCAACTGACAGTTAT,0,3706284
tolCp1,0.09090909090909091,10,10,TACTGGCACGGTCTGGATCT,0,3662147
tolCp1,0.09090909090909091,10,10,TACTCTTAGTAGCCGTTGGC,0,3691195
tolCp1,0.09090909090909091,10,10,TACTATGGCGATTCATAGCT,0,3676562
tolCp1,0.09090909090909091,10,10,TACAGTGCAGGCGTGCCGGA,0,3695481
tolCp1,0.09090909090909091,10,10,TAAGCTGCGGCTACAATGCT,0,3682876
tolCp1,0.09090909090909091,10,10,TAAGATACAAGGAAGCAGCT,0,3676920
tolCp1,0.09090909090909091,10,10,TAACTTACAAGCGCGCATTG,0,3712826
tolCp1,0.09090909090909091,10,10,GTTTCGCCTTAGTGAAGAGG,0,3662265
tolCp1,0.09090909090909091,10,10,GTTCAATTATTCGGATTGTA,0,3715177
tolCp1,0.09090909090909091,10,10,GTGCCTCCTACGTGATTGCA,0,3667086
tolCp1,0.09090909090909091,10,10,GTGAGATGTCTCCAACAGGT,0,3701185
tolCp1,0.09090909090909091,10,10,GTGAATGCCGTATGGCTGGA,0,3678887
tolCp1,0.09090909090909091,10,10,GTCGCATAGTCAACAAGCAA,0,3704492
tolCp1,0.09090909090909091,10,10,GTATGCCCCCGGGTCAAGTG,0,3686195
tolCp1,0.09090909090909091,10,10,GTATAAGACGGATGCGTGTT,0,3666725
tolCp1,0.09090909090909091,10,10,GGTGGAGTGTATGCCATCAT,0,3671377
tolCp1,0.09090909090909091,10,10,GGTATGAAGCAGGGCCATGG,0,3705834
tolCp1,0.09090909090909091,10,10,GGCCTGCGAACCTGCGAGAT,0,3683169
tolCp1,0.09090909090909091,10,10,GGCATGGTATAACTCCCTAT,0,3698267
tolCp1,0.09090909090909091,10,10,GGCATCAAATCAGGCGGGAC,0,3704954
tolCp1,0.09090909090909091,10,10,GGCACTGCGATGGTGTTTGG,0,3692941
tolCp1,0.09090909090909091,10,10,GGAGATTAATACTGGCTGCA,0,3712913
tolCp1,0.09090909090909091,10,10,GGACTCTGGTAGCAGAGATA,0,3679787
tolCp1,0.09090909090909091,10,10,GGACAGTAAGCGCAGATTCC,0,3695526
tolCp1,0.09090909090909091,10,10,GCTGAATAACGGAGTAATGA,0,3662530
tolCp1,0.09090909090909091,10,10,GCGGACTACTTCTTCCTATT,0,3682097
tolCp1,0.09090909090909091,10,10,GCGACCCGAGGCACGCTTAG,0,3704887
tolCp1,0.09090909090909091,10,10,GCCTCAAGTCCACACCCATG,0,3684432
tolCp1,0.09090909090909091,10,10,GCCGATAATAACCGGGGGCG,0,3704983
tolCp1,0.09090909090909091,10,10,GCCCTGCGCTATTAAATGCC,0,3661414
tolCp1,0.09090909090909091,10,10,GCCCATGTGGCCACCCTCTG,0,3696582
tolCp1,0.09090909090909091,10,10,GCAGAGGAGGTCCGCAAGCG,0,3676397
tolCp1,0.09090909090909091,10,10,GCACTCTAACGGTCAGTCCT,0,3677806
tolCp1,0.09090909090909091,10,10,GCACCGTCCCATAGCAGCCA,0,3705766
tolCp1,0.09090909090909091,10,10,GCACCCGAGGAGGGCAAAAC,0,3662911
tolCp1,0.09090909090909091,10,10,GCACATGTGTACCCGCCGAG,0,3676182
tolCp1,0.09090909090909091,10,10,GATCCGAAAACCGATCTCAA,0,3671782
tolCp1,0.09090909090909091,10,10,GATAATGCGTGGTGCCTTCG,0,3669613
tolCp1,0.09090909090909091,10,10,GAGTGTACCAAGGTATAGGA,0,3686583
tolCp1,0.09090909090909091,10,10,GAGCGTCTAGTTATTACGTA,0,3714429
tolCp1,0.09090909090909091,10,10,GAGCCAGTTGCCCCTTCAAT,0,3677107
tolCp1,0.09090909090909091,10,10,GAGATCGGATTTTCGGGGGT,0,3684589
tolCp1,0.09090909090909091,10,10,GACGCACTATGATGGCGGGG,0,3670243
tolCp1,0.09090909090909091,10,10,GACCATTGATCTAGTAATAT,0,3667586
tolCp1,0.09090909090909091,10,10,GACCAGATAATTGCTAGAAT,0,3680590
tolCp1,0.09090909090909091,10,10,GAAGTAAGGGCGTGCGCATG,0,3670627
tolCp1,0.09090909090909091,10,10,CTTTGTCTTAAATATTTCTT,0,3703842
tolCp1,0.09090909090909091,10,10,CTTTAGCAGTCCGATGGGAT,0,3674956
tolCp1,0.09090909090909091,10,10,CTTCACGTATTCAGGTGCTT,0,3671479
tolCp1,0.09090909090909091,10,10,CTGTACACAACCTCCTCAGA,0,3704976
tolCp1,0.09090909090909091,10,10,CTGGGCGAGGTGACACCCAT,0,3685149
tolCp1,0.09090909090909091,10,10,CTGCTAAAAGCAGCGCCTTC,0,3670537
tolCp1,0.09090909090909091,10,10,CTGATAATTGTACGGATAGA,0,3665052
tolCp1,0.09090909090909091,10,10,CTCGGTGGAATGTTATAGTG,0,3668770
tolCp1,0.09090909090909091,10,10,CTACCTACCGTCGTGTCCTT,0,3667821
tolCp1,0.09090909090909091,10,10,CGTTTTGAGAATGTCGAGGC,0,3715592
tolCp1,0.09090909090909091,10,10,CGTGCATAACTGTGGCTCGT,0,3694601
tolCp1,0.09090909090909091,10,10,CGTAGGCATTACTCAGTGTT,0,3682802
tolCp1,0.09090909090909091,10,10,CGGTCGTAAGTTTAGCCCCC,0,3700141
tolCp1,0.09090909090909091,10,10,CGGCTCGGGGGGCTTGCGTT,0,3686210
tolCp1,0.09090909090909091,10,10,CGCTGAGAAACACGCTACTT,0,3671461
tolCp1,0.09090909090909091,10,10,CGCGGACTTTCGAGGCACAC,0,3691068
tolCp1,0.09090909090909091,10,10,CGCGAGATGGCCAGACAATC,0,3704460
tolCp1,0.09090909090909091,10,10,CGCCCCGTATTAGAGTGGTT,0,3663142
tolCp1,0.09090909090909091,10,10,CGCACGTCCTGGAGCGGGGT,0,3685880
tolCp1,0.09090909090909091,10,10,CGACACGGTGGATGGTTTTG,0,3696848
tolCp1,0.09090909090909091,10,10,CGAATGGAATCCCGTGACCA,0,3715031
tolCp1,0.09090909090909091,10,10,CCTTCAGGCCACGAACACAC,0,3668820
tolCp1,0.09090909090909091,10,10,CCTCTATGAGAATACCAGGG,0,3714158
tolCp1,0.09090909090909091,10,10,CCGGGGTGTTTCACTGCTGA,0,3692053
tolCp1,0.09090909090909091,10,10,CCATCATGATTAAGGCCTAT,0,3676294
tolCp1,0.09090909090909091,10,10,CCAAGACAGTGGAGACTGTA,0,3676629
tolCp1,0.09090909090909091,10,10,CATATTCAACGCCCGGAGTG,0,3674998
tolCp1,0.09090909090909091,10,10,CAGGGCATCGAAAAGCGGAC,0,3686247
tolCp1,0.09090909090909091,10,10,CAGGAGTGGAGTCAGGACTT,0,3678385
tolCp1,0.09090909090909091,10,10,CAGCTCGTAAGACTATTATG,0,3703657
tolCp1,0.09090909090909091,10,10,CACTTACCACAATACGTGTG,0,3710829
tolCp1,0.09090909090909091,10,10,CACGAAATGGGTAAATGTAT,0,3669897
tolCp1,0.09090909090909091,10,10,CACCGGTAGCCATATACCGT,0,3689224
tolCp1,0.09090909090909091,10,10,CACAGTCAGTTCGGCTATGA,0,3707501
tolCp1,0.09090909090909091,10,10,CACACAGATATCCCTATTGG,0,3678825
tolCp1,0.09090909090909091,10,10,CAAGAGTTCATCGTCGCTTA,0,3680730
tolCp1,0.09090909090909091,10,10,ATTTGGATAATTACGAGTTA,0,3674092
tolCp1,0.09090909090909091,10,10,ATTTCTTCAGCGGAACACTG,0,3680757
tolCp1,0.09090909090909091,10,10,ATTGGTGCTGTGCTGGTTTT,0,3685420
tolCp1,0.09090909090909091,10,10,ATTGCATACAGGTGTCACTT,0,3661517
tolCp1,0.09090909090909091,10,10,ATGGAACAGCTACCTGTTTA,0,3703619
tolCp1,0.09090909090909091,10,10,ATCGACGATGAATCTTCAAA,0,3691202
tolCp1,0.09090909090909091,10,10,ATCCTAATCGTCGTTGGTCA,0,3700633
tolCp1,0.09090909090909091,10,10,ATATTTCCGGGAACCGAGGC,0,3695225
tolCp1,0.09090909090909091,10,10,ATATTTATTTAATGACAGCG,0,3695416
tolCp1,0.09090909090909091,10,10,ATAAGAGGACTTTGTGACTT,0,3669007
tolCp1,0.09090909090909091,10,10,AGTTATCGTGCAGGTACTGT,0,3708811
tolCp1,0.09090909090909091,10,10,AGTATGTTTGAAACGTCTGG,0,3681990
tolCp1,0.09090909090909091,10,10,AGTATCCTAGCAAGCGATCT,0,3681160
tolCp1,0.09090909090909091,10,10,AGGTTACTTATCAGAGAGGT,0,3671801
tolCp1,0.09090909090909091,10,10,AGGTCATACGGCCCGGCTGC,0,3706235
tolCp1,0.09090909090909091,10,10,AGGGTCCAACGAATGGATGA,0,3697770
tolCp1,0.09090909090909091,10,10,AGGGAGCGACGAACTAGGGG,0,3688576
tolCp1,0.09090909090909091,10,10,AGGATAGAGGCGAGACGCTA,0,3696086
tolCp1,0.09090909090909091,10,10,AGGAGATTGACGGTTTACCA,0,3665758
tolCp1,0.09090909090909091,10,10,AGCACATCGCGTGTATCATG,0,3685199
tolCp1,0.09090909090909091,10,10,AGACTGGTGCGGGACGGTTT,0,3684281
tolCp1,0.09090909090909091,10,10,AGAATTATTAAATGTTTTGC,0,3666878
tolCp1,0.09090909090909091,10,10,AGAAGAAGCTAGCCCGGTTG,0,3694671
tolCp1,0.09090909090909091,10,10,ACTTTGTATAAACCTTGTCA,0,3665035
tolCp1,0.09090909090909091,10,10,ACTGCCTGGGGCTACAAGAT,0,3697257
tolCp1,0.09090909090909091,10,10,ACTCACTTCTAAGATACCGT,0,3709458
tolCp1,0.09090909090909091,10,10,ACGTTACCTGGCTCTGGACT,0,3704670
tolCp1,0.09090909090909091,10,10,ACGGTTCCTAAACGTCGCGA,0,3674720
tolCp1,0.09090909090909091,10,10,ACGGCGCATCTTATTTGTTG,0,3663092
tolCp1,0.09090909090909091,10,10,ACGCCACTCGCCTCTTTCAA,0,3672603
tolCp1,0.09090909090909091,10,10,ACGAAGGTGGCTTTGGGGTG,0,3664814
tolCp1,0.09090909090909091,10,10,ACCAGCTGTATATCAGGCTG,0,3670075
tolCp1,0.09090909090909091,10,10,ACAGGTCTTAGAGACTTTCT,0,3712369
tolCp1,0.09090909090909091,10,10,ACAGCTGAAGTTGGAGCCTG,0,3667024
tolCp1,0.09090909090909091,10,10,ACACTACAGTAACCCGACTC,0,3665892
tolCp1,0.09090909090909091,10,10,ACACATAGCTTGTGAACAGC,0,3697898
tolCp1,0.09090909090909091,10,10,ACAACGCTGTCGTATGACGT,0,3674406
tolCp1,0.09090909090909091,10,10,AATTCAAGTTATTCCGACGC,0,3693761
tolCp1,0.09090909090909091,10,10,AATTACGGCCCACGCAGGCA,0,3703847
tolCp1,0.09090909090909091,10,10,AATTAAACTAGAAACAGAGT,0,3687290
tolCp1,0.09090909090909091,10,10,AATCATACGTCCTCAGTTAA,0,3692710
tolCp1,0.09090909090909091,10,10,AATCAGTTTCACCGCGGGCA,0,3704422
tolCp1,0.09090909090909091,10,10,AATCAACCGCGATGGATCGT,0,3668005
tolCp1,0.09090909090909091,10,10,AAGTCGAAGGGAGTACGGAA,0,3673641
tolCp1,0.09090909090909091,10,10,AAGCCCCCCTATTTAGCTAA,0,3680098
tolCp1,0.09090909090909091,10,10,AACGTGGGCTCAAGAACCGT,0,3670387
tolCp1,0.09090909090909091,10,10,AACGACCATGGGCGGGTTGG,0,3663346
tolCp1,0.09090909090909091,10,10,AACATAGTCGTAATGCCGAA,0,3681162
tolCp1,0.09090909090909091,10,10,AAAAGATCCGAGAGACTCGA,0,3691279
tolCp1,0.1,9,9,TTTTAACAATGTTTAAGTCT,0,3678408
tolCp1,0.1,9,9,TTTAGGACCACCAGGAGAAC,0,3691446
tolCp1,0.1,9,9,TTGTCTCGATTATCTGCGAT,0,3663759
tolCp1,0.1,9,9,TTGTAGTTCCGGCGTGCATA,0,3702072
tolCp1,0.1,9,9,TTGGCTTCGAGACCGTGCCT,0,3694863
tolCp1,0.1,9,9,TTCGAGGGTGACGGGACCGA,0,3707350
tolCp1,0.1,9,9,TTAGGGGTTGCACGGGGTAC,0,3713118
tolCp1,0.1,9,9,TTAATACATGGGACAAGGGA,0,3703412
tolCp1,0.1,9,9,TGTGGGGGGGGTGGCAATGT,0,3686004
tolCp1,0.1,9,9,TGCTCCAATTGGAGTTCTTC,0,3675444
tolCp1,0.1,9,9,TGCGGTGGCTGTGTGTGATT,0,3668994
tolCp1,0.1,9,9,TGCCTCCGGATATGTGTTTC,0,3682705
tolCp1,0.1,9,9,TGCCGGGGCAGGAGGCTCGT,0,3705789
tolCp1,0.1,9,9,TGAGGCCGCAACACATGTGT,0,3675885
tolCp1,0.1,9,9,TGAGATCAAAGGCCAATAGA,0,3670014
tolCp1,0.1,9,9,TGACTTCAGCTCTAATACGA,0,3682923
tolCp1,0.1,9,9,TGACGACGCGAGTCTGTCCT,0,3700851
tolCp1,0.1,9,9,TGACCAACCAACAAGTTTCA,0,3703038
tolCp1,0.1,9,9,TCTGTGTCACGTGCCCACGT,0,3677369
tolCp1,0.1,9,9,TCTCTGTACAAGGGATTCCA,0,3704511
tolCp1,0.1,9,9,TCTCTCCACTGCACGAATTC,0,3677909
tolCp1,0.1,9,9,TCTACCTTCAGACCACCCGA,0,3666742
tolCp1,0.1,9,9,TCGTTCATCTTTTCACAATA,0,3697247
tolCp1,0.1,9,9,TCGTCCAGGTCGCAGCAATT,0,3705612
tolCp1,0.1,9,9,TCGACCAGTCGCAGGACCCA,0,3672804
tolCp1,0.1,9,9,TCCGGACTACATGCCTTCCG,0,3700476
tolCp1,0.1,9,9,TCCGCCAGATGTATCACTAC,0,3678430
tolCp1,0.1,9,9,TCATTGATAATATTGAGGCC,0,3685342
tolCp1,0.1,9,9,TCATGGGGCGGATAATAATT,0,3701188
tolCp1,0.1,9,9,TCATAAGGCAGGAATATTTC,0,3693292
tolCp1,0.1,9,9,TCAGGTATCATGCTGCGAAA,0,3691106
tolCp1,0.1,9,9,TCACTGTACCATATCAGAAG,0,3696857
tolCp1,0.1,9,9,TATTTTTTAACGCGCTGCCG,0,3710417
tolCp1,0.1,9,9,TATGCGGGGTTGTGCTGCTT,0,3666762
tolCp1,0.1,9,9,TATAGACGGCTCTCCAGTAG,0,3675127
tolCp1,0.1,9,9,TAGGGAATAGTAGGACAAGA,0,3676177
tolCp1,0.1,9,9,TAGGCCCCACATTGGGCCTT,0,3695710
tolCp1,0.1,9,9,TAGATTGCAGGGCCTTAGTT,0,3699427
tolCp1,0.1,9,9,TACCATGTGAAAACATCCTC,0,3693379
tolCp1,0.1,9,9,TACACTTAACAGTATCTAGT,0,3663134
tolCp1,0.1,9,9,TAAGTAGGCGTCTACAGTGT,0,3670127
tolCp1,0.1,9,9,TAAGGAAGCTCTGTTTCTAT,0,3666310
tolCp1,0.1,9,9,TAAGATGGTTAAGCCCGCAA,0,3695983
tolCp1,0.1,9,9,TAACGAGGCGTTGTTTGACA,0,3693740
tolCp1,0.1,9,9,GTTTTTGTCCATAGAGAACA,0,3712310
tolCp1,0.1,9,9,GTTGGGAGCTCATCTATGTA,0,3709831
tolCp1,0.1,9,9,GTTCATGCATTCTATGACCC,0,3666229
tolCp1,0.1,9,9,GTTCACTTGGGTGCCAGTAG,0,3709107
tolCp1,0.1,9,9,GTGGTGTTGAGCGGTGCACA,0,3694948
tolCp1,0.1,9,9,GTGCAGGAGACAGCACACTG,0,3691830
tolCp1,0.1,9,9,GTGACACGGAGAAGACTATA,0,3664992
tolCp1,0.1,9,9,GTCTGTTTCATGTGACGGAC,0,3665488
tolCp1,0.1,9,9,GTCGAACCTTGATTGCTCCA,0,3699358
tolCp1,0.1,9,9,GTCCTTTCGCATATGCTGGA,0,3673616
tolCp1,0.1,9,9,GTCCCGCGTATTAGATAGCT,0,3662669
tolCp1,0.1,9,9,GTACGAAGCGTTGCTGCGAC,0,3695372
tolCp1,0.1,9,9,GTACCGCTTGCCCTGTAGGG,0,3673106
tolCp1,0.1,9,9,GTAATAAGGACATTTGAGAT,0,3682998
tolCp1,0.1,9,9,GTAAAACATCGGAGAGGTAC,0,3688065
tolCp1,0.1,9,9,GGTTTCATAGTTTTAGACGG,0,3708301
tolCp1,0.1,9,9,GGTTGGTCTCCACGCTTGTA,0,3675426
tolCp1,0.1,9,9,GGTGTAGCGGCGTATTGCGG,0,3690786
tolCp1,0.1,9,9,GGTACAACGTTCAACCTCGC,0,3698348
tolCp1,0.1,9,9,GGTAACCGCGCCGTCCCTTT,0,3685735
tolCp1,0.1,9,9,GGGTGGGGTAAGGCATCAAC,0,3689727
tolCp1,0.1,9,9,GGGGTTATAACTAAGAAAAT,0,3661396
tolCp1,0.1,9,9,GGGATGCCACACCATAACCA,0,3671616
tolCp1,0.1,9,9,GGGATATAGATGATTGCTCT,0,3697694
tolCp1,0.1,9,9,GGGAACATGCAAGCCAAACG,0,3694670
tolCp1,0.1,9,9,GGCTTCCACATTCGCCCCAC,0,3707950
tolCp1,0.1,9,9,GGCGCGTACCGCCGGTTAGA,0,3669339
tolCp1,0.1,9,9,GGCGCGGACTCGTCGTTCTC,0,3715212
tolCp1,0.1,9,9,GGCCTCGCAGACAAGTTGTT,0,3710840
tolCp1,0.1,9,9,GGCCATAGGGAGTGTAATAG,0,3677062
tolCp1,0.1,9,9,GGCCACTATTGCCCGGGGAA,0,3662180
tolCp1,0.1,9,9,GGCACAAGGTCACAGCGGTG,0,3687869
tolCp1,0.1,9,9,GGATTTCGAAAATCCCTAAG,0,3683608
tolCp1,0.1,9,9,GGATTCGGTTCTCCAGCGCG,0,3662492
tolCp1,0.1,9,9,GGATGGGGATACATCTAGGG,0,3675228
tolCp1,0.1,9,9,GGATATCACAATTACGGATA,0,3679327
tolCp1,0.1,9,9,GCTTGGTCCGAAGCGCTTCG,0,3691192
tolCp1,0.1,9,9,GCGTCAGCCGAAGGTCGGTA,0,3704177
tolCp1,0.1,9,9,GCGCAATCGACACTTCTTGT,0,3697258
tolCp1,0.1,9,9,GCCTGGATATTTAATTCGGT,0,3669892
tolCp1,0.1,9,9,GCCTGCGACAGCCGCAAACC,0,3675955
tolCp1,0.1,9,9,GCCGGTCGATAGTTACGCCA,0,3701590
tolCp1,0.1,9,9,GCCGAGTTCTCTTCTTATAC,0,3702377
tolCp1,0.1,9,9,GCCCTCGTTAGCCTCGTTAT,0,3667428
tolCp1,0.1,9,9,GCCCTCCTAGCTCCCCAGTC,0,3708864
tolCp1,0.1,9,9,GCCCCGGTCGCTAATGGAAC,0,3664144
tolCp1,0.1,9,9,GCCCCGAACTGGCGGGAAGC,0,3691351
tolCp1,0.1,9,9,GCCATATGGGTAAGTCCAGG,0,3699073
tolCp1,0.1,9,9,GCCAGTATCGACGTCCTAAT,0,3702200
tolCp1,0.1,9,9,GCATAAACTGAACGGCGTTG,0,3709567
tolCp1,0.1,9,9,GCAGTACGGTAGCCGTAGAC,0,3674848
tolCp1,0.1,9,9,GCACCCATAATGAGTTATAT,0,3705663
tolCp1,0.1,9,9,GCAAAAGATCACAATTCGAT,0,3709467
tolCp1,0.1,9,9,GATTTCGCACCAGACCTTCT,0,3708209
tolCp1,0.1,9,9,GATTTCACTGCGCTTGAAGG,0,3711174
tolCp1,0.1,9,9,GATTCGCAATAGGCGAGCTA,0,3673744
tolCp1,0.1,9,9,GATGGCGAGGCGGCTGCACG,0,3710135
tolCp1,0.1,9,9,GATGGAGATTCAGTCCGGAT,0,3662327
tolCp1,0.1,9,9,GATGCGGCGATTCATACGGC,0,3713742
tolCp1,0.1,9,9,GATCAATGGTGTTAAAAGCG,0,3670798
tolCp1,0.1,9,9,GATAGAGGTAGATGATCCAG,0,3666017
tolCp1,0.1,9,9,GAGGCTTCCATTGCTGGGGT,0,3667531
tolCp1,0.1,9,9,GAGGAGCCGCTATACACGGC,0,3662469
tolCp1,0.1,9,9,GACTTGTTCGCTACGACGGA,0,3668163
tolCp1,0.1,9,9,GACTCCACAGGTACGGACGT,0,3676883
tolCp1,0.1,9,9,GACGGCTGTGATCGGCCTAC,0,3686528
tolCp1,0.1,9,9,GACCTTTCACCGCCGTAGTG,0,3708303
tolCp1,0.1,9,9,GACCTCAGTCGGAGCGATTT,0,3701192
tolCp1,0.1,9,9,GACCGAACAGAGCATACAAT,0,3686460
tolCp1,0.1,9,9,GAATGGTATCCTAGTTTTCG,0,3691235
tolCp1,0.1,9,9,GAAGTTCTACACTGGTGACA,0,3701515
tolCp1,0.1,9,9,GAAGAGCGATGCAATGGCCC,0,3694554
tolCp1,0.1,9,9,GAACGAGTCCCTACTGCAGG,0,3705504
tolCp1,0.1,9,9,CTTGCATCTAGAGTTTGTCT,0,3697953
tolCp1,0.1,9,9,CTGGGGCTAAGTTAACGCAG,0,3711542
tolCp1,0.1,9,9,CTGAGGTCACATCGCTTCGA,0,3673521
tolCp1,0.1,9,9,CTGACCAAACCAACAAGGCA,0,3662129
tolCp1,0.1,9,9,CTGAAACTGATTGCTCGGGC,0,3682385
tolCp1,0.1,9,9,CTCTCAGGCCGTACAACGGA,0,3699266
tolCp1,0.1,9,9,CTCCACGTATATACAAGAAC,0,3673784
tolCp1,0.1,9,9,CTATAGGCACTATCCGGGGT,0,3674298
tolCp1,0.1,9,9,CTAGTGGTTCCGCTTCAGGA,0,3692154
tolCp1,0.1,9,9,CTAGAGCGACCGCGCTGAAC,0,3693137
tolCp1,0.1,9,9,CGTTGATCACCTTGGTTTCC,0,3715108
tolCp1,0.1,9,9,CGTGGTTTCGCGTTTCCACA,0,3701120
tolCp1,0.1,9,9,CGTAGGAAGCATGTGCTGGT,0,3700733
tolCp1,0.1,9,9,CGGGGGACTTGTCAAACCAC,0,3705389
tolCp1,0.1,9,9,CGGCTGTCAATTCTACTGAG,0,3686578
tolCp1,0.1,9,9,CGGCGGAGATAGCAGGATCA,0,3687462
tolCp1,0.1,9,9,CGGAGATAGGATCTCCGGAG,0,3667907
tolCp1,0.1,9,9,CGCTTATATTAACTAACGTG,0,3713996
tolCp1,0.1,9,9,CGCGTCACCCGCGACGTGGC,0,3702274
tolCp1,0.1,9,9,CGCGACTTTTGTTGCGCGAT,0,3697773
tolCp1,0.1,9,9,CGCCGGAGCAAAACTGCATA,0,3675186
tolCp1,0.1,9,9,CGCACGCCATTCACTTTGTT,0,3679368
tolCp1,0.1,9,9,CGAATCCAGTAGGTTGGAGA,0,3687934
tolCp1,0.1,9,9,CCTTCATGCGGGTGCGGTTT,0,3667096
tolCp1,0.1,9,9,CCTGCCATCTGAGTCGTTGG,0,3691545
tolCp1,0.1,9,9,CCTCATAGAAGCATACTCGG,0,3708616
tolCp1,0.1,9,9,CCTAAATTAGCCCACAAGGA,0,3696520
tolCp1,0.1,9,9,CCGTATCGCAGGAAAGTGAA,0,3674511
tolCp1,0.1,9,9,CCGTAGGCTATGGTTCATGC,0,3700216
tolCp1,0.1,9,9,CCGCTATGTCACCGTTGGAC,0,3688534
tolCp1,0.1,9,9,CCGCGTATGCGTCTGCAGAG,0,3707846
tolCp1,0.1,9,9,CCCTGCGTACGAGCTGGCTC,0,3689678
tolCp1,0.1,9,9,CCCTCCATCGGCGAGGAGGC,0,3671494
tolCp1,0.1,9,9,CCCCTGCAGTACCATCATAG,0,3696920
tolCp1,0.1,9,9,CCAGAAGCCCGGTTAACTTG,0,3696899
tolCp1,0.1,9,9,CCAAACCAGGGCTAAGTTTT,0,3691632
tolCp1,0.1,9,9,CATGCTTATGTACATTGGAG,0,3703851
tolCp1,0.1,9,9,CATGCACGGAATATTCGGTT,0,3673868
tolCp1,0.1,9,9,CATCCTACGGTGTATGAGTA,0,3687262
tolCp1,0.1,9,9,CATATCGCCCTAACCATGTG,0,3678411
tolCp1,0.1,9,9,CATAGCCGTAATGTTCGGGT,0,3713345
tolCp1,0.1,9,9,CAGCGCGATATGAGGTTTGC,0,3681520
tolCp1,0.1,9,9,CAGATGTTGTATTCAACCAC,0,3687777
tolCp1,0.1,9,9,CAGACTCCTATTAGCAAGGA,0,3691321
tolCp1,0.1,9,9,CACTCCGGTCGCCTGGAGCT,0,3687188
tolCp1,0.1,9,9,CACGATGAGCTCACAGAAGA,0,3682294
tolCp1,0.1,9,9,CACCAGCAGGCGAGAGTTAG,0,3711778
tolCp1,0.1,9,9,CACAAGTAGGGGGGTGCATG,0,3700168
tolCp1,0.1,9,9,CAATTGAATGTTGGGGTTCC,0,3681998
tolCp1,0.1,9,9,CAAGGTTCATTGATAGGCTG,0,3692085
tolCp1,0.1,9,9,CAACCATTACCGCGAGCTAT,0,3691740
tolCp1,0.1,9,9,CAACACCGTGGACGACACGG,0,3705609
tolCp1,0.1,9,9,ATTACTGCCGAGTCTCTGAC,0,3669831
tolCp1,0.1,9,9,ATTACACTCTCGTACTCGCA,0,3707110
tolCp1,0.1,9,9,ATGTCCGTGGAGGACCGAAC,0,3707075
tolCp1,0.1,9,9,ATGCCTTTCGTCTAGGTGTG,0,3675569
tolCp1,0.1,9,9,ATGACATGGAGTATTTTGTC,0,3672907
tolCp1,0.1,9,9,ATCCTTATGCCGAAACCAGC,0,3665094
tolCp1,0.1,9,9,ATAGCCTGTTCCGGGTGACT,0,3666933
tolCp1,0.1,9,9,ATAGATAAGACCGGACCTGA,0,3709717
tolCp1,0.1,9,9,ATAATAACCGATCTGTCTCT,0,3706451
tolCp1,0.1,9,9,AGTGAGATCGATCGCGTGTT,0,3663961
tolCp1,0.1,9,9,AGTCTCGGCAGCGTGACGAA,0,3707893
tolCp1,0.1,9,9,AGTCGAAAAGCATAACAGTT,0,3687683
tolCp1,0.1,9,9,AGTCCAGCATGGTGCATGGT,0,3709101
tolCp1,0.1,9,9,AGGGGATTCAGCTAGCTCGT,0,3701095
tolCp1,0.1,9,9,AGGAGCTAAATAGAATCGCC,0,3678266
tolCp1,0.1,9,9,AGCGGGCTACAACTAGGCTT,0,3706293
tolCp1,0.1,9,9,AGCCTACTAAATCTCGTTAT,0,3682563
tolCp1,0.1,9,9,AGAGTGTGCGCTAGGTAAGT,0,3691647
tolCp1,0.1,9,9,AGAGGTCACAACTACTGCTT,0,3666747
tolCp1,0.1,9,9,AGACCACTGAAACTCCTGAG,0,3690607
tolCp1,0.1,9,9,AGAAGAGTTGGAGGCAATGG,0,3712212
tolCp1,0.1,9,9,ACTTATGCCCGAATCACGGA,0,3710844
tolCp1,0.1,9,9,ACTGTTATCCGTATGTCGTG,0,3674077
tolCp1,0.1,9,9,ACTGGAGATGATTGGTTCGG,0,3683822
tolCp1,0.1,9,9,ACTGCATAGGGGTGGGGGTA,0,3661131
tolCp1,0.1,9,9,ACTCAACAGGCATATTGATA,0,3704499
tolCp1,0.1,9,9,ACTATAGGTATGCTGGTCTC,0,3694814
tolCp1,0.1,9,9,ACGTGAGATCGCGTATCACA,0,3667972
tolCp1,0.1,9,9,ACGCTGGAATTGAATGTCAT,0,3682389
tolCp1,0.1,9,9,ACGCAAACGCCAGGAATGGC,0,3707844
tolCp1,0.1,9,9,ACCGGTAGGTATATTGAAGA,0,3681994
tolCp1,0.1,9,9,ACAGTCGAGTATTGTAAAAC,0,3692937
tolCp1,0.1,9,9,ACAGGTCGCTGCCGAAATGG,0,3682061
tolCp1,0.1,9,9,ACACAAAGTCTCTGGCTCGA,0,3679703
tolCp1,0.1,9,9,ACAAGTGTCTCGATCATCAC,0,3675159
tolCp1,0.1,9,9,ACAACCTTGATCCCTTGGTT,0,3682658
tolCp1,0.1,9,9,AATTTAGGTATGAATGCCCA,0,3681687
tolCp1,0.1,9,9,AATTGGGTAGCCTGCATTCT,0,3694740
tolCp1,0.1,9,9,AATATACGCAGACGAATCAG,0,3680657
tolCp1,0.1,9,9,AATAATTCGACTGTCATGAG,0,3692940
tolCp1,0.1,9,9,AAGTTTCGCTAAGCAATGTA,0,3672509
tolCp1,0.1,9,9,AAGTCCCGATATCTACTATC,0,3695919
tolCp1,0.1,9,9,AAGTAGAACTCAGCGGGCCT,0,3705804
tolCp1,0.1,9,9,AAGGTTTCAAATGTCGATGT,0,3712683
tolCp1,0.1,9,9,AAGGACCATGCTACTCCGAA,0,3703431
tolCp1,0.1,9,9,AAGCTACTCTCATCCTAGTC,0,3693098
tolCp1,0.1,9,9,AAGACATGCTCGCAGAGCCC,0,3705447
tolCp1,0.1,9,9,AAGACAGCCTGATATGCTCT,0,3697894
tolCp1,0.1,9,9,AAGAACCTCCAGCTTCACCA,0,3675194
tolCp1,0.1,9,9,AAGAAAATAGAAATAGCGCG,0,3706990
tolCp1,0.1,9,9,AACGGGGCAGTTGCGTTTCA,0,3679117
tolCp1,0.1,9,9,AACGGGCGCCGTGCAGGTTT,0,3691239
tolCp1,0.1,9,9,AACATTCGCGTAGTCGCGTA,0,3690048
tolCp1,0.1,9,9,AACACAGACCGTGTGCGTCC,0,3696895
tolCp1,0.1,9,9,AAATGCATGTCAAAGGGGGG,0,3662744
tolCp1,0.1,9,9,AAATAGGGACAGTCAAACGG,0,3704871
tolCp1,0.1,9,9,AAAGGAGCAAGTTACTTTCA,0,3702797
tolCp1,0.1,9,9,AAACCTGGCCTTACGGCTGT,0,3707226
tolCp1,0.1111111111111111,8,8,TTTTGTTTGCAACACGGTAC,0,3693758
tolCp1,0.1111111111111111,8,8,TTTGCTAGTAGTCAAACGGG,0,3687664
tolCp1,0.1111111111111111,8,8,TTTGCCTGGGATCTCTCGGA,0,3690294
tolCp1,0.1111111111111111,8,8,TTTCATCATCACAAAGGTAA,0,3662026
tolCp1,0.1111111111111111,8,8,TTTATCACGGGCCGTACAAC,0,3668762
tolCp1,0.1111111111111111,8,8,TTGTCCGTCCGCAGGACGTT,0,3711123
tolCp1,0.1111111111111111,8,8,TTGTAAGTTATAACGGGGTA,0,3692003
tolCp1,0.1111111111111111,8,8,TTGTAAGTAAATCCATATAT,0,3700057
tolCp1,0.1111111111111111,8,8,TTGGGCGCCAGGTGTTCGTT,0,3707018
tolCp1,0.1111111111111111,8,8,TTGGGCAAATTCATTATAGT,0,3708095
tolCp1,0.1111111111111111,8,8,TTGGATGGATTAGGGGTAGA,0,3694927
tolCp1,0.1111111111111111,8,8,TTGCTGAACCGGATATTCAT,0,3707104
tolCp1,0.1111111111111111,8,8,TTGCGCTACACGGTTACATA,0,3702472
tolCp1,0.1111111111111111,8,8,TTGCGATCCTCGATTATTAC,0,3689927
tolCp1,0.1111111111111111,8,8,TTGCGAATGTGTTCAGGGTC,0,3706217
tolCp1,0.1111111111111111,8,8,TTGAGCCCCATGCGGATAAG,0,3691386
tolCp1,0.1111111111111111,8,8,TTGACGATCCCGCGCCGCAG,0,3668070
tolCp1,0.1111111111111111,8,8,TTCTTCTACGTGAGTCACTC,0,3672184
tolCp1,0.1111111111111111,8,8,TTCGGGACGTGATCAACGTT,0,3694303
tolCp1,0.1111111111111111,8,8,TTCCCTTCCTCAGGAGGTGG,0,3703181
tolCp1,0.1111111111111111,8,8,TTCCACCTTATGGACAATGA,0,3699180
tolCp1,0.1111111111111111,8,8,TTCACTCCCGCTCTGTAAGG,0,3682651
tolCp1,0.1111111111111111,8,8,TTAAGAGTAAACCTGCCTAA,0,3694490
tolCp1,0.1111111111111111,8,8,TGGGGTTGAGGTTAAAAGGT,0,3685863
tolCp1,0.1111111111111111,8,8,TGGCTCCAATGGCGGAATTA,0,3709578
tolCp1,0.1111111111111111,8,8,TGGCCGACACGACAGAAAGC,0,3690980
tolCp1,0.1111111111111111,8,8,TGGCATTATGTTACTAGGGT,0,3663607
tolCp1,0.1111111111111111,8,8,TGGAGCAGGTCAGTGTACTA,0,3712370
tolCp1,0.1111111111111111,8,8,TGCCGTTGGGAGTTCTCTTC,0,3689416
tolCp1,0.1111111111111111,8,8,TGCATCCACAGTTAACTAAT,0,3692013
tolCp1,0.1111111111111111,8,8,TGCAGTTACGGAAGACCGTC,0,3674769
tolCp1,0.1111111111111111,8,8,TGCAGGAGTACTTGATCCGG,0,3667881
tolCp1,0.1111111111111111,8,8,TGCACTTTCCGCAAATGACT,0,3707272
tolCp1,0.1111111111111111,8,8,TGCACTTCGGAATAAGGACC,0,3707225
tolCp1,0.1111111111111111,8,8,TGCACAACAGTATCTCAGAT,0,3684369
tolCp1,0.1111111111111111,8,8,TGATGCGACACTGAGCGTCA,0,3666415
tolCp1,0.1111111111111111,8,8,TCTTGTTGTTGTGGTCCGTG,0,3683719
tolCp1,0.1111111111111111,8,8,TCTTGAACCACCTCGTTCGA,0,3688783
tolCp1,0.1111111111111111,8,8,TCTCGGGCTAGGAGAATTGT,0,3687558
tolCp1,0.1111111111111111,8,8,TCTCCTGTTCGTACGCTTTC,0,3711237
tolCp1,0.1111111111111111,8,8,TCTCCGCGGCGACCTTTGGG,0,3663827
tolCp1,0.1111111111111111,8,8,TCTACTACGGGGGCCGCTAC,0,3669181
tolCp1,0.1111111111111111,8,8,TCGTTACGTCGGCTACCCTG,0,3690159
tolCp1,0.1111111111111111,8,8,TCGCTGTTCTGGGTTTGCCA,0,3694750
tolCp1,0.1111111111111111,8,8,TCGCATCCCAACATATATCG,0,3675227
tolCp1,0.1111111111111111,8,8,TCGCAGCGTGTGGAAAAGGT,0,3664636
tolCp1,0.1111111111111111,8,8,TCGATGGGAGTCGCGATATG,0,3713856
tolCp1,0.1111111111111111,8,8,TCGAAGACGTGATGTAACAG,0,3692714
tolCp1,0.1111111111111111,8,8,TCCTACATTCGCAGCTGAAA,0,3706848
tolCp1,0.1111111111111111,8,8,TCCGGGGCTTTATGTAGACG,0,3671542
tolCp1,0.1111111111111111,8,8,TCCGAGACCACGGGCGTCGT,0,3701348
tolCp1,0.1111111111111111,8,8,TCCCAGTCAGCGAGACTCGC,0,3663131
tolCp1,0.1111111111111111,8,8,TCCAAGCTGGGTGTACCGTT,0,3699764
tolCp1,0.1111111111111111,8,8,TCATTTCTATACATCAACGA,0,3707112
tolCp1,0.1111111111111111,8,8,TCATGGGTACAGAACACGAA,0,3708534
tolCp1,0.1111111111111111,8,8,TCAGCACTTGTTACGTATTC,0,3675442
tolCp1,0.1111111111111111,8,8,TCAAAGGGGCAGAACATGTA,0,3711573
tolCp1,0.1111111111111111,8,8,TATTCAGGTCAGATAGATTT,0,3680441
tolCp1,0.1111111111111111,8,8,TATCCTCCTGATGCCTCCAA,0,3685502
tolCp1,0.1111111111111111,8,8,TATAGAGGACGAATAATCAG,0,3702646
tolCp1,0.1111111111111111,8,8,TATACCACCAACACATTGCC,0,3709779
tolCp1,0.1111111111111111,8,8,TAGCGACTCTTTTATCAAGC,0,3709462
tolCp1,0.1111111111111111,8,8,TAGAGCCGTTGAGTCCCTTC,0,3668836
tolCp1,0.1111111111111111,8,8,TACTGCAGTAACTGGGTGGC,0,3674528
tolCp1,0.1111111111111111,8,8,TACGCGACATGGCGGCATGT,0,3690243
tolCp1,0.1111111111111111,8,8,TAATATATTCACGAGATGCA,0,3695565
tolCp1,0.1111111111111111,8,8,TAAGTTGCAATAAGTTAAGC,0,3680376
tolCp1,0.1111111111111111,8,8,TAAGATGCTGTGTAATACTG,0,3695336
tolCp1,0.1111111111111111,8,8,GTTGGCGACGTTCGAATTTT,0,3694920
tolCp1,0.1111111111111111,8,8,GTGTGTTAGCCATAGCTGGG,0,3670914
tolCp1,0.1111111111111111,8,8,GTGTGATTGACTCGGGGGCT,0,3700363
tolCp1,0.1111111111111111,8,8,GTGTCAAAATACCATTGAAT,0,3692374
tolCp1,0.1111111111111111,8,8,GTGGAGCGGGGAAGACGCAT,0,3662925
tolCp1,0.1111111111111111,8,8,GTGCCACAGTCTGGCTGCAT,0,3702498
tolCp1,0.1111111111111111,8,8,GTGACTCTTCCAGTAAGCTG,0,3695466
tolCp1,0.1111111111111111,8,8,GTCTATTGGGTCATATCACG,0,3708004
tolCp1,0.1111111111111111,8,8,GTCGTGCACTGTGATTAATG,0,3684809
tolCp1,0.1111111111111111,8,8,GTCGCGGTACCTGCGAAGGG,0,3672555
tolCp1,0.1111111111111111,8,8,GTCCTTTTGGAAGATAGGCA,0,3684977
tolCp1,0.1111111111111111,8,8,GTCCGTGCTTCGCTATCCGC,0,3670371
tolCp1,0.1111111111111111,8,8,GTCCATGCCCTTGCCCTGGC,0,3695911
tolCp1,0.1111111111111111,8,8,GTCACAAATACTTGGCCCTA,0,3714813
tolCp1,0.1111111111111111,8,8,GTCAAAATGATCAGCCCGTT,0,3708484
tolCp1,0.1111111111111111,8,8,GTATCGCATCTTAATGCATC,0,3689967
tolCp1,0.1111111111111111,8,8,GTAGGGGAAAAATGTTAGGA,0,3714990
tolCp1,0.1111111111111111,8,8,GTAGCTAACTAAAATCTGAA,0,3697854
tolCp1,0.1111111111111111,8,8,GTAGCCCGCATCAAAAGTGA,0,3688391
tolCp1,0.1111111111111111,8,8,GTAAGTGAGGCACTGATGAA,0,3699969
tolCp1,0.1111111111111111,8,8,GTAACACCGTCAACTAAGTG,0,3663666
tolCp1,0.1111111111111111,8,8,GGTTAGGCTCCGTTAAATCA,0,3690241
tolCp1,0.1111111111111111,8,8,GGTGGCGACCAAGGATGTAA,0,3661728
tolCp1,0.1111111111111111,8,8,GGTCGCATTCATTTTGACAA,0,3665238
tolCp1,0.1111111111111111,8,8,GGTCCGGGATTAGCCTAGAA,0,3682522
tolCp1,0.1111111111111111,8,8,GGTATGCTAGGGACGTGAAA,0,3697796
tolCp1,0.1111111111111111,8,8,GGTAGTGGGCTAGCGCTACT,0,3683868
tolCp1,0.1111111111111111,8,8,GGGTTCTCTACATGATCTAA,0,3700715
tolCp1,0.1111111111111111,8,8,GGGTCGGCAAATAAAACGAT,0,3669031
tolCp1,0.1111111111111111,8,8,GGGGTCAGTCTACTAAGCTA,0,3676641
tolCp1,0.1111111111111111,8,8,GGGGGTACTCTACTGTCCGT,0,3683081
tolCp1,0.1111111111111111,8,8,GGGGCCACACAACGTGGACA,0,3678391
tolCp1,0.1111111111111111,8,8,GGGGCATTAGCGTTTGGATT,0,3685547
tolCp1,0.1111111111111111,8,8,GGGGACCGAACATGATTCTC,0,3704988
tolCp1,0.1111111111111111,8,8,GGGAAGAAGATTCATGACCG,0,3705478
tolCp1,0.1111111111111111,8,8,GGCTAGAGCCCGGCGCTGGT,0,3662786
tolCp1,0.1111111111111111,8,8,GGCGTAGAGCCGTTGGTCAG,0,3691683
tolCp1,0.1111111111111111,8,8,GGCCCGGCAAACTGTCGAGT,0,3668199
tolCp1,0.1111111111111111,8,8,GGCATACCATCCGCGATTGC,0,3695099
tolCp1,0.1111111111111111,8,8,GGCACCAAGATGCTGCCAGC,0,3683363
tolCp1,0.1111111111111111,8,8,GGCAATTTATGTAACGGGTT,0,3668671
tolCp1,0.1111111111111111,8,8,GGATGATGCACACGCCCTCT,0,3670524
tolCp1,0.1111111111111111,8,8,GGATGAACAAAACAGTCTGG,0,3697744
tolCp1,0.1111111111111111,8,8,GGAGTGGCCCGGTTTACTAT,0,3711499
tolCp1,0.1111111111111111,8,8,GGAGATTATGTCCACAGAAT,0,3670521
tolCp1,0.1111111111111111,8,8,GGACGCTATAAGTCGCATAG,0,3702383
tolCp1,0.1111111111111111,8,8,GGAACCGTTTGTGTAGAGAT,0,3688296
tolCp1,0.1111111111111111,8,8,GGAAAGGGTAGCAAAAATGA,0,3685506
tolCp1,0.1111111111111111,8,8,GCTGCCATGCCTGAGCTTCA,0,3681393
tolCp1,0.1111111111111111,8,8,GCTCCCATTGGGGAACGAGT,0,3687997
tolCp1,0.1111111111111111,8,8,GCTAGTACATCAAAAAGGCA,0,3691394
tolCp1,0.1111111111111111,8,8,GCTAGCAGGGTGGGCAAGAA,0,3690391
tolCp1,0.1111111111111111,8,8,GCTAGAGGCAAAAACCCGGA,0,3662597
tolCp1,0.1111111111111111,8,8,GCGTCATTCTCCGTAGTACA,0,3686470
tolCp1,0.1111111111111111,8,8,GCGTCATCTTTACAACGCAA,0,3686292
tolCp1,0.1111111111111111,8,8,GCGTATTCCCAGCCTGGCGG,0,3682952
tolCp1,0.1111111111111111,8,8,GCGAGCACCCACAGCATCCC,0,3701930
tolCp1,0.1111111111111111,8,8,GCGACTGCCCTTATCGGTCT,0,3686825
tolCp1,0.1111111111111111,8,8,GCCAGCATGACACTGTAAGC,0,3673884
tolCp1,0.1111111111111111,8,8,GCCAACTCATCTGATATGTC,0,3682081
tolCp1,0.1111111111111111,8,8,GCATTCATTTAGTTCCGAGG,0,3709074
tolCp1,0.1111111111111111,8,8,GCAGTTTTGCAAACCCAAGT,0,3675844
tolCp1,0.1111111111111111,8,8,GCAGCCTGCAAACCAGAGAC,0,3685458
tolCp1,0.1111111111111111,8,8,GCAGACAGTGAGAAGGTAAT,0,3681557
tolCp1,0.1111111111111111,8,8,GCACTAACGGGACTCCTAGG,0,3675163
tolCp1,0.1111111111111111,8,8,GATTTCCAAATGCCGTCTAA,0,3673116
tolCp1,0.1111111111111111,8,8,GATGCATTCGCTATATCATA,0,3682168
tolCp1,0.1111111111111111,8,8,GATCTGCATGGATGCGGAAC,0,3688272
tolCp1,0.1111111111111111,8,8,GATCGTCTAAACTCCAAGTT,0,3709967
tolCp1,0.1111111111111111,8,8,GATACTCAATATCTCCGTAC,0,3690051
tolCp1,0.1111111111111111,8,8,GAGTTTTGTGATCCTGACAT,0,3672450
tolCp1,0.1111111111111111,8,8,GAGTGGCTATGTAAATTTGC,0,3673580
tolCp1,0.1111111111111111,8,8,GAGTAATTTAATCACGAATA,0,3697696
tolCp1,0.1111111111111111,8,8,GAGTAAAAGGTGTATGACAA,0,3705286
tolCp1,0.1111111111111111,8,8,GAGGTACTCGCGGCTAGTTA,0,3675789
tolCp1,0.1111111111111111,8,8,GAGGCCAGTCATCCGATGCT,0,3669860
tolCp1,0.1111111111111111,8,8,GAGCACGTTGCCGTCCAGTC,0,3668063
tolCp1,0.1111111111111111,8,8,GAGATTAGAGTCGCCATATC,0,3708436
tolCp1,0.1111111111111111,8,8,GAGAGGGGTAACTCCGGCCA,0,3711244
tolCp1,0.1111111111111111,8,8,GACTGAATGTCGGCTCGGGT,0,3706287
tolCp1,0.1111111111111111,8,8,GACGTTCAGTTAACAGGGTG,0,3676765
tolCp1,0.1111111111111111,8,8,GAATCGAAGTAATGACCAAG,0,3701362
tolCp1,0.1111111111111111,8,8,GAAGTGGTAATTCTGGCTGT,0,3704079
tolCp1,0.1111111111111111,8,8,GAAGAGTAAGCTAGTTAGGA,0,3674375
tolCp1,0.1111111111111111,8,8,GAACGTGATTTCAACAGAGT,0,3680804
tolCp1,0.1111111111111111,8,8,GAAATGCCAGGCCCCTACAA,0,3672902
tolCp1,0.1111111111111111,8,8,GAAATCATGTGCGCCAATGC,0,3685124
tolCp1,0.1111111111111111,8,8,CTTTTGCTAGCGTCATTAAA,0,3701016
tolCp1,0.1111111111111111,8,8,CTTCTAGGAATAGGCTCCCG,0,3714141
tolCp1,0.1111111111111111,8,8,CTGGCACGGTCTAGTAAATG,0,3706135
tolCp1,0.1111111111111111,8,8,CTCGTTCTCCGCCGGGCACA,0,3662310
tolCp1,0.1111111111111111,8,8,CTCGAATCCGCCTAGGTTAT,0,3664020
tolCp1,0.1111111111111111,8,8,CTCCTATCAGTTCCCATGGA,0,3691242
tolCp1,0.1111111111111111,8,8,CTCCCTACTAAAACGGATAG,0,3676372
tolCp1,0.1111111111111111,8,8,CTCATTCGGGGAGTAGTCTG,0,3702587
tolCp1,0.1111111111111111,8,8,CTCATGTGCTATATGAAGTT,0,3678419
tolCp1,0.1111111111111111,8,8,CTATTGCTGGATTTCGGGGA,0,3684567
tolCp1,0.1111111111111111,8,8,CTACAAAGTCCGACAGGGTA,0,3681020
tolCp1,0.1111111111111111,8,8,CTAAACGATGAGCGGTGTGG,0,3699389
tolCp1,0.1111111111111111,8,8,CGTTCCATAAGGTAGACCTT,0,3705289
tolCp1,0.1111111111111111,8,8,CGTGTACAAACTCGATCACA,0,3669324
tolCp1,0.1111111111111111,8,8,CGTGACGAACTAGGTTCCGG,0,3688410
tolCp1,0.1111111111111111,8,8,CGTAGTGGCACAATGAGTGT,0,3692865
tolCp1,0.1111111111111111,8,8,CGGTGTATTTGGGTTAGCCC,0,3703391
tolCp1,0.1111111111111111,8,8,CGGTCCAGTGTAACGGGGTT,0,3679745
tolCp1,0.1111111111111111,8,8,CGGAGTCCATATTGCGGTCC,0,3675490
tolCp1,0.1111111111111111,8,8,CGGAGAACTGTAACCGAATG,0,3674744
tolCp1,0.1111111111111111,8,8,CGCGGCGGCATGGAGCACTG,0,3679136
tolCp1,0.1111111111111111,8,8,CGCGCCTATACTTGTAAACG,0,3678876
tolCp1,0.1111111111111111,8,8,CGCGCCAGTCCGAGGCACCA,0,3706768
tolCp1,0.1111111111111111,8,8,CGCCACCGTGAGGTATCCGA,0,3682012
tolCp1,0.1111111111111111,8,8,CGATTCGCCCCGTGCCTATC,0,3693204
tolCp1,0.1111111111111111,8,8,CGAGCTGGACTGCCTTCCTG,0,3677242
tolCp1,0.1111111111111111,8,8,CGACTGTAAAAAACTTCAGG,0,3689457
tolCp1,0.1111111111111111,8,8,CCTGTTTCTGGCATTCAGTT,0,3714868
tolCp1,0.1111111111111111,8,8,CCTGACAACTTACTAAGAGC,0,3677337
tolCp1,0.1111111111111111,8,8,CCTCTCTGGTAAATGAGGTG,0,3696648
tolCp1,0.1111111111111111,8,8,CCTAGGCACTGATATTCAAG,0,3672722
tolCp1,0.1111111111111111,8,8,CCGGTGGGAAATCGTATACA,0,3678116
tolCp1,0.1111111111111111,8,8,CCGGCGAAATATGACGGAGT,0,3684317
tolCp1,0.1111111111111111,8,8,CCGCCAACGTTGGGGTTGGC,0,3704335
tolCp1,0.1111111111111111,8,8,CCGACAATGTGGTTTAGGTC,0,3689841
tolCp1,0.1111111111111111,8,8,CCCTGTTGCCCCGGCAGTAC,0,3666964
tolCp1,0.1111111111111111,8,8,CCCGTACAGGCGGCGCTAAG,0,3672767
tolCp1,0.1111111111111111,8,8,CCCGCTCTTTAGCTAAGGTA,0,3684928
tolCp1,0.1111111111111111,8,8,CCCCCACGCGAATGTTCACG,0,3674408
tolCp1,0.1111111111111111,8,8,CCATATACTGTAGTTGATAA,0,3664353
tolCp1,0.1111111111111111,8,8,CCACACTCCGGATTGAGCTC,0,3688003
tolCp1,0.1111111111111111,8,8,CCACAACACACGACAAGTCG,0,3704979
tolCp1,0.1111111111111111,8,8,CCAAAGTCGGAATAGATGTT,0,3701041
tolCp1,0.1111111111111111,8,8,CATTTGGGCGGCATGTCAGA,0,3664198
tolCp1,0.1111111111111111,8,8,CATTGGTGTGTCGCCGAGTA,0,3672646
tolCp1,0.1111111111111111,8,8,CATGAGACAAGGCCCTTGGT,0,3699582
tolCp1,0.1111111111111111,8,8,CATCCGCCTTTCCGGTAATG,0,3692994
tolCp1,0.1111111111111111,8,8,CATACGGTGTATCGCTGCGG,0,3690395
tolCp1,0.1111111111111111,8,8,CAGTTTAGGAAGTATGTAAT,0,3700729
tolCp1,0.1111111111111111,8,8,CAGTAACAGGTACAACTCTT,0,3711781
tolCp1,0.1111111111111111,8,8,CAGGTGCGTAATAATTAACC,0,3670078
tolCp1,0.1111111111111111,8,8,CAGGTGAAGCTTGGCTAGCT,0,3706289
tolCp1,0.1111111111111111,8,8,CACCCCTACTAAATGGTATT,0,3674381
tolCp1,0.1111111111111111,8,8,CACATTACCGTGTCACGCAT,0,3670219
tolCp1,0.1111111111111111,8,8,CACATATCAGAGCATGGGGT,0,3668549
tolCp1,0.1111111111111111,8,8,CAACCCTGTTTAGCTCGTCT,0,3695462
tolCp1,0.1111111111111111,8,8,ATTTTTGAGCGAGAGTGGCT,0,3705045
tolCp1,0.1111111111111111,8,8,ATTTTTAGGTTTCTAAAGGT,0,3709004
tolCp1,0.1111111111111111,8,8,ATTTGATTTTTACAGGGGCT,0,3706213
tolCp1,0.1111111111111111,8,8,ATTTCGGTATCAAGTTGGAT,0,3704806
tolCp1,0.1111111111111111,8,8,ATTGGGAACAACCGGCCAGA,0,3665779
tolCp1,0.1111111111111111,8,8,ATGTGTGTTGAATGTCAACC,0,3679798
tolCp1,0.1111111111111111,8,8,ATGTCTATTTGTGAGCCCTC,0,3678358
tolCp1,0.1111111111111111,8,8,ATGGCCAAACTCATTACTGA,0,3676608
tolCp1,0.1111111111111111,8,8,ATCGGACTCCGGGATATTCA,0,3668267
tolCp1,0.1111111111111111,8,8,ATCAGAGTGATTTTTAGTTC,0,3710848
tolCp1,0.1111111111111111,8,8,ATCACAAGTGGTGTGGTGGA,0,3707894
tolCp1,0.1111111111111111,8,8,ATATCATACGTCTCAAAGCA,0,3675139
tolCp1,0.1111111111111111,8,8,AGTTTGTGTGCCAGTTTGGT,0,3710745
tolCp1,0.1111111111111111,8,8,AGTTTAGCTGTTTGGCGCCC,0,3691194
tolCp1,0.1111111111111111,8,8,AGTGGCCTCTGTATAGTCTC,0,3704506
tolCp1,0.1111111111111111,8,8,AGGGCGTAAGATCGGTACAA,0,3701620
tolCp1,0.1111111111111111,8,8,AGGACGATCCCATTGTTAGT,0,3691275
tolCp1,0.1111111111111111,8,8,AGGAAGATGCCTTGACAACC,0,3693263
tolCp1,0.1111111111111111,8,8,AGGAACGATCATGCCAGATG,0,3686849
tolCp1,0.1111111111111111,8,8,AGGAAATATGCGTCTGTTGT,0,3686687
tolCp1,0.1111111111111111,8,8,AGCTTGCTGATAAACCATGC,0,3698114
tolCp1,0.1111111111111111,8,8,AGCGCCCTAGATCGGGCGAC,0,3674814
tolCp1,0.1111111111111111,8,8,AGCCGGAATCAGTCAGAGCA,0,3685186
tolCp1,0.1111111111111111,8,8,AGCACTTTTGAGTGCTACCT,0,3666011
tolCp1,0.1111111111111111,8,8,AGATGGTTGTAGCCCCGTGC,0,3681369
tolCp1,0.1111111111111111,8,8,AGATGCTATCTCCAGCAGGC,0,3704094
tolCp1,0.1111111111111111,8,8,AGATCAATGCAGACTGCTAA,0,3672466
tolCp1,0.1111111111111111,8,8,AGAGTACGGAATGGGCAGCA,0,3690598
tolCp1,0.1111111111111111,8,8,AGAGGATCTCCAATTGTGAT,0,3670462
tolCp1,0.1111111111111111,8,8,AGAGCATACTATCTGGCTCT,0,3694120
tolCp1,0.1111111111111111,8,8,AGAAGATGGCGCCAGCACGA,0,3710673
tolCp1,0.1111111111111111,8,8,ACTTCAACGCCGTTTGTGAG,0,3694138
tolCp1,0.1111111111111111,8,8,ACTTAATCTAAACGCCTCTG,0,3700844
tolCp1,0.1111111111111111,8,8,ACTGGTTTTCTGAGGTGTCC,0,3669953
tolCp1,0.1111111111111111,8,8,ACTGATAACGGCTCACGCGC,0,3665970
tolCp1,0.1111111111111111,8,8,ACTCTACCGTGGTTCCAGAG,0,3710463
tolCp1,0.1111111111111111,8,8,ACTCCTTGAGCTGGTCTACA,0,3674093
tolCp1,0.1111111111111111,8,8,ACTCCTATGGAGTGGTATTC,0,3699874
tolCp1,0.1111111111111111,8,8,ACTACTCCGCGTGGAATCTG,0,3685039
tolCp1,0.1111111111111111,8,8,ACGGTCAAGATAACCCTAGA,0,3701950
tolCp1,0.1111111111111111,8,8,ACGCGCGTTAAAAAAGAAGT,0,3712235
tolCp1,0.1111111111111111,8,8,ACGCCCCGCTAGCTAATGGC,0,3710553
tolCp1,0.1111111111111111,8,8,ACGCCAAGTTAGTAATTCGA,0,3674811
tolCp1,0.1111111111111111,8,8,ACGCATTCTTATCGGACAGG,0,3703998
tolCp1,0.1111111111111111,8,8,ACGAAACACAGGGCCTCATC,0,3690350
tolCp1,0.1111111111111111,8,8,ACCTCGTTGCATATACTGCA,0,3693606
tolCp1,0.1111111111111111,8,8,ACCTATTTACGATTCTACAT,0,3690604
tolCp1,0.1111111111111111,8,8,ACCGGGCACATTGAGGGTTG,0,3712953
tolCp1,0.1111111111111111,8,8,ACAGCTCAGCGTAACACGCT,0,3661504
tolCp1,0.1111111111111111,8,8,ACACTAGCGAAATGGTATTG,0,3672690
tolCp1,0.1111111111111111,8,8,ACACAAGGTCCTAATAAGAC,0,3677761
tolCp1,0.1111111111111111,8,8,ACAACTGAAGATCTGCGCTG,0,3690601
tolCp1,0.1111111111111111,8,8,AATTGCGGGGGTGAGCGCCA,0,3685576
tolCp1,0.1111111111111111,8,8,AATGACGTATAGAAGGTTCA,0,3684984
tolCp1,0.1111111111111111,8,8,AATAGGTTGGTCTAGGAAAC,0,3707902
tolCp1,0.1111111111111111,8,8,AATAGACCTATTGCCGGGGT,0,3697850
tolCp1,0.1111111111111111,8,8,AAGTCTGTAGGTGTGTGACT,0,3685693
tolCp1,0.1111111111111111,8,8,AAGTCGGAGGCCTTCTGCAT,0,3711865
tolCp1,0.1111111111111111,8,8,AAGGCGGGACTTTGCGGTCA,0,3678466
tolCp1,0.1111111111111111,8,8,AACGCCAGCTTTCTTCTCCA,0,3685385
tolCp1,0.1111111111111111,8,8,AACCGTGAGACTCAGCGGCA,0,3687394
tolCp1,0.1111111111111111,8,8,AACCCGATGTGGTGTCCAGG,0,3691510
tolCp1,0.1111111111111111,8,8,AACCATGGAGCTCCTTATAA,0,3694989
tolCp1,0.1111111111111111,8,8,AACCAGGGGTGGGTCACAAT,0,3706798
tolCp1,0.1111111111111111,8,8,AAAGATTCCTCGCGAAACTT,0,3671309
tolCp1,0.1111111111111111,8,8,AAACGTTTTCGGGCTGCTCT,0,3691725
tolCp1,0.1111111111111111,8,8,AAAACCTTAATATTGGGGTT,0,3706221
tolCp1,0.125,7,7,TTTGTGTTCGCGATATCTTT,0,3664182
tolCp1,0.125,7,7,TTTGTCATATTGACCTACTC,0,3693032
tolCp1,0.125,7,7,TTTCATAAATGCCCTCAATG,0,3695266
tolCp1,0.125,7,7,TTTCAAAAAGTTAGAGCCTC,0,3694982
tolCp1,0.125,7,7,TTTACAGCACGTCAGTACGA,0,3673885
tolCp1,0.125,7,7,TTTAAAAACAGGTACTGTAG,0,3665201
tolCp1,0.125,7,7,TTGGTCTGACACCGCGGAAC,0,3661127
tolCp1,0.125,7,7,TTGGGAAACGGCAGCTATGG,0,3702270
tolCp1,0.125,7,7,TTCTGTGTTTATAGGCGTTT,0,3684563
tolCp1,0.125,7,7,TTCTCGCCAACACCTGTCAA,0,3682899
tolCp1,0.125,7,7,TTCGACATTTAGGATTTTCA,0,3701097
tolCp1,0.125,7,7,TTCCTAATTGCTAATTGCAG,0,3667013
tolCp1,0.125,7,7,TTCATTAAGCCCGATACGCG,0,3680496
tolCp1,0.125,7,7,TTCAGACGTGTGCTAGACCC,0,3714056
tolCp1,0.125,7,7,TTATTTTGGATAGAATCCCT,0,3688478
tolCp1,0.125,7,7,TTATAGGACTTTTGGGCCTT,0,3671478
tolCp1,0.125,7,7,TTAGAACGGAGGAAAAACTC,0,3693684
tolCp1,0.125,7,7,TTACGCTCCAGGGATATGTC,0,3690949
tolCp1,0.125,7,7,TTACCTAACCAGTGTGCGCA,0,3715021
tolCp1,0.125,7,7,TGTTGTGCCTAAAGCGACGT,0,3690169
tolCp1,0.125,7,7,TGTCCAGGGCGTTTCTCATA,0,3690581
tolCp1,0.125,7,7,TGTAGGACGAGTATGAATCC,0,3672565
tolCp1,0.125,7,7,TGTAACGGTAGAGCTGATAG,0,3673305
tolCp1,0.125,7,7,TGGTTCATTAAGTACTCCTA,0,3674955
tolCp1,0.125,7,7,TGGGGATTATCGATCTTCGT,0,3662288
tolCp1,0.125,7,7,TGGGCGACGTACAGAGCCTC,0,3666656
tolCp1,0.125,7,7,TGGGACGGCGATGGGCAGCA,0,3678888
tolCp1,0.125,7,7,TGGCTTGGTCTAACGGGGAT,0,3685981
tolCp1,0.125,7,7,TGGCTGTGGGCGCGTAATGA,0,3710138
tolCp1,0.125,7,7,TGGACTCGTGCGCGCCGGCA,0,3692870
tolCp1,0.125,7,7,TGGACGATAAGCAGATTCCT,0,3698572
tolCp1,0.125,7,7,TGCTCGGGGTTAAGTCACTT,0,3678828
tolCp1,0.125,7,7,TGCTCGAAATTGGGGTGGTT,0,3697976
tolCp1,0.125,7,7,TGCTATGTTCTTGTCAAATT,0,3701140
tolCp1,0.125,7,7,TGCGTCCTTCCTAGAGTGGT,0,3673801
tolCp1,0.125,7,7,TGCGATGCTGGTGAGGTAGT,0,3701959
tolCp1,0.125,7,7,TGCCAATCTAGCTAACCGTA,0,3684005
tolCp1,0.125,7,7,TGAGCGTATGCATATGGTTC,0,3713089
tolCp1,0.125,7,7,TGACCAGGGCTCGTAACTCA,0,3712325
tolCp1,0.125,7,7,TGACATGGGACGGTAGTCGT,0,3711962
tolCp1,0.125,7,7,TGAAGATTGTTGATGATCCT,0,3705708
tolCp1,0.125,7,7,TCTTGCTGGCAATCCTTAAC,0,3684595
tolCp1,0.125,7,7,TCTTCGGGACATCGATCTTC,0,3676976
tolCp1,0.125,7,7,TCTCGGTTTCTTCTTGTCGG,0,3710240
tolCp1,0.125,7,7,TCTCGGGGATGTCGATCCCA,0,3690816
tolCp1,0.125,7,7,TCTACTATGCGAAGGTGTTA,0,3665492
tolCp1,0.125,7,7,TCTACCTACGATTTTAGACG,0,3702479
tolCp1,0.125,7,7,TCGTGGGCGTTCGCGGCTGT,0,3696627
tolCp1,0.125,7,7,TCGTCGCGGAAATTGCGAAT,0,3686024
tolCp1,0.125,7,7,TCGTATTTTTGTCGGCAACA,0,3692136
tolCp1,0.125,7,7,TCGTACGGCAGGTTCTTGAT,0,3685987
tolCp1,0.125,7,7,TCGATACCTGTTTGTGATGA,0,3665822
tolCp1,0.125,7,7,TCGAGAGCCACCCCTCGCCT,0,3688536
tolCp1,0.125,7,7,TCGACTGCCATCTGCAGATC,0,3678054
tolCp1,0.125,7,7,TCCGGCGCGGTCCTAGCCAC,0,3694570
tolCp1,0.125,7,7,TCCGAGGTAAACCGTGTATT,0,3680360
tolCp1,0.125,7,7,TCCCTACACGAAGTAGAAGC,0,3673695
tolCp1,0.125,7,7,TCCATACTTGGTGGGGCTTC,0,3683768
tolCp1,0.125,7,7,TCCAGTCAGTACGTCATGAT,0,3708878
tolCp1,0.125,7,7,TCATGGGCGGGAGAGCCACA,0,3697913
tolCp1,0.125,7,7,TCATGCATCAACACTTTTTC,0,3678986
tolCp1,0.125,7,7,TCATAGGATCGGCTCAGACA,0,3708926
tolCp1,0.125,7,7,TCAGTAGCGGTCCCTTGATT,0,3687080
tolCp1,0.125,7,7,TCAGTAAGCAAAACGGTGGA,0,3701366
tolCp1,0.125,7,7,TCACCGTCATAGCCTCCTGT,0,3675877
tolCp1,0.125,7,7,TCAACCTGAGTTGAAGTGGC,0,3705645
tolCp1,0.125,7,7,TCAAAGTGATGGTGGGATTT,0,3707108
tolCp1,0.125,7,7,TATTTCTGCTGTTAGGTTGT,0,3689651
tolCp1,0.125,7,7,TATTGAATGCATGTTAACCC,0,3697695
tolCp1,0.125,7,7,TATTAGGGAATGGTGTGGGG,0,3713014
tolCp1,0.125,7,7,TATCGAAGTGCACACCTTTT,0,3696166
tolCp1,0.125,7,7,TATATACCGGTAATCAACCA,0,3683212
tolCp1,0.125,7,7,TATAACAAGGAGTTACGACC,0,3692425
tolCp1,0.125,7,7,TAGGGGCGAACCGAGTTCAC,0,3694859
tolCp1,0.125,7,7,TAGGCTTTTACGATCTTCCG,0,3662187
tolCp1,0.125,7,7,TAGGCCTCACTTAGCTTTTA,0,3708901
tolCp1,0.125,7,7,TAGCTTCTACTCACACTGAA,0,3678063
tolCp1,0.125,7,7,TAGACACGGGCTCTTCATAG,0,3709369
tolCp1,0.125,7,7,TACTCATCTAGAAGCTACGA,0,3687187
tolCp1,0.125,7,7,TACGCACGCCGCCTGGTCCT,0,3684862
tolCp1,0.125,7,7,TACACATCAGGTAGAAGCAA,0,3712086
tolCp1,0.125,7,7,TAACTTCTAGGGCGCTAGTG,0,3690371
tolCp1,0.125,7,7,TAACCTTGGCAACATTCGCT,0,3667130
tolCp1,0.125,7,7,TAACACCGATCGCCGCATTG,0,3686505
tolCp1,0.125,7,7,TAAAACCTATCCTCCAGGCC,0,3692120
tolCp1,0.125,7,7,GTTTTTAATTAGGTAATACC,0,3678884
tolCp1,0.125,7,7,GTTTTATCTGGCTCCCGCAG,0,3695892
tolCp1,0.125,7,7,GTTTAGGTCCGGGGTTAGGA,0,3701862
tolCp1,0.125,7,7,GTTCTAAACCTTTGGAGTTC,0,3700248
tolCp1,0.125,7,7,GTTCGTCAGGAGGAAACGGG,0,3698702
tolCp1,0.125,7,7,GTTAACACGATAGGGCTAGT,0,3703982
tolCp1,0.125,7,7,GTTAAACGTTTCAACGCGCT,0,3695916
tolCp1,0.125,7,7,GTGTTGGCGCAAAAGCCTAT,0,3675420
tolCp1,0.125,7,7,GTGTTGAGTACGCGGTGTCC,0,3667547
tolCp1,0.125,7,7,GTGCCCACGCGAATCTCCTT,0,3662862
tolCp1,0.125,7,7,GTCTTTTATTGGTACGGTAA,0,3712810
tolCp1,0.125,7,7,GTCACACGGGATTGCGACAG,0,3688814
tolCp1,0.125,7,7,GTATTATTGAGGTACAATCT,0,3669954
tolCp1,0.125,7,7,GTATCATCCGCCAAAGCCTA,0,3709198
tolCp1,0.125,7,7,GTACCGTCAGTGTAACAGGG,0,3697471
tolCp1,0.125,7,7,GTACAGGGTTTGTACCGTAA,0,3679249
tolCp1,0.125,7,7,GTACACATGCCATGTCGTCA,0,3687053
tolCp1,0.125,7,7,GTAATGTGTTGTACACCTTG,0,3711552
tolCp1,0.125,7,7,GTAACCCGGTATCGCAGCGG,0,3684405
tolCp1,0.125,7,7,GGTCTTGCAAGAACTATAGC,0,3670511
tolCp1,0.125,7,7,GGTCCAGGCGGTCACTACAC,0,3684312
tolCp1,0.125,7,7,GGGTAAAACCATAGAATCGA,0,3664625
tolCp1,0.125,7,7,GGGGTCGAGTAATACAATCG,0,3702859
tolCp1,0.125,7,7,GGGGGTAAAGTATCCGTGAC,0,3670483
tolCp1,0.125,7,7,GGGGGCCACCGACGAAACAA,0,3714088
tolCp1,0.125,7,7,GGGGCCAGGAATATCACAGC,0,3664025
tolCp1,0.125,7,7,GGGCTGGACATGAGGCTGTG,0,3698590
tolCp1,0.125,7,7,GGGCCGCTCAGTTCCGAGGA,0,3674824
tolCp1,0.125,7,7,GGGAAGCTACATTAGAAGAG,0,3685676
tolCp1,0.125,7,7,GGCTAGTCCCCGTGTGCACA,0,3704081
tolCp1,0.125,7,7,GGCCTGATGGCTTCTAAGTT,0,3678276
tolCp1,0.125,7,7,GGCAGGCTAGAATCAATCGG,0,3671647
tolCp1,0.125,7,7,GGCAAACCCCGCGCCCTTTT,0,3671787
tolCp1,0.125,7,7,GGATTGACACCTTCCGAGTA,0,3674376
tolCp1,0.125,7,7,GGAGCCTACATCCACTATTA,0,3682137
tolCp1,0.125,7,7,GGACGTGAATATCCCTTGCA,0,3672821
tolCp1,0.125,7,7,GGACAGTATAGCTGCGTTGT,0,3662523
tolCp1,0.125,7,7,GGAACTCAGCTCGGAACAGG,0,3678901
tolCp1,0.125,7,7,GGAACAATGAACCATCCTTG,0,3703937
tolCp1,0.125,7,7,GCTCTGCGCAAACCGGTTAA,0,3674515
tolCp1,0.125,7,7,GCTCGATTTCACGGCGTAGT,0,3679785
tolCp1,0.125,7,7,GCTCCCATCAGATGGGCGCA,0,3681215
tolCp1,0.125,7,7,GCTAGGCCTTACACGTGAGA,0,3668308
tolCp1,0.125,7,7,GCTACCGCAGCGATAGAATG,0,3712428
tolCp1,0.125,7,7,GCGTGCTGACGTTTAACTAT,0,3709523
tolCp1,0.125,7,7,GCGTACTAAGTCATTTTGAA,0,3661518
tolCp1,0.125,7,7,GCGTACCTTTCGGCCCGCAT,0,3668145
tolCp1,0.125,7,7,GCGGTTGCGATTGCGGATTT,0,3666278
tolCp1,0.125,7,7,GCGCCATCTCGATATGGTAC,0,3715053
tolCp1,0.125,7,7,GCGCACGCTAGACCCACCTG,0,3684016
tolCp1,0.125,7,7,GCGATCAGCGTAGTGGCCTA,0,3685176
tolCp1,0.125,7,7,GCGAGTGGCATAATTGGGGC,0,3680329
tolCp1,0.125,7,7,GCCTCGAATGTTAATCATTG,0,3664455
tolCp1,0.125,7,7,GCCGCAAAGCTTTTTGCGGA,0,3672990
tolCp1,0.125,7,7,GCCCTGCAAGTATTACACGC,0,3674081
tolCp1,0.125,7,7,GCCCGATGCGAACCAGGACC,0,3662458
tolCp1,0.125,7,7,GCCCAGCGCGACACCAAACA,0,3703416
tolCp1,0.125,7,7,GCATGTGACAATGAATTGGT,0,3679797
tolCp1,0.125,7,7,GCAGCATCATTCACTGAGCC,0,3685115
tolCp1,0.125,7,7,GCACGTCATTGCGGTGCGCA,0,3711776
tolCp1,0.125,7,7,GCACAGCAAACAGGACCGAG,0,3699964
tolCp1,0.125,7,7,GCAACAGTCAGGAACCGTTG,0,3683784
tolCp1,0.125,7,7,GATTACTCCTGGTATGGCGT,0,3668286
tolCp1,0.125,7,7,GATGTCGCGAGAAACATCGA,0,3663996
tolCp1,0.125,7,7,GATGCCGAGACCAAGGATAT,0,3665241
tolCp1,0.125,7,7,GATCGAAGCTTTTAAGAACA,0,3692127
tolCp1,0.125,7,7,GATCCGGTCTCATGTTTGTT,0,3672635
tolCp1,0.125,7,7,GATCAGGAAGGCAAACATGC,0,3673152
tolCp1,0.125,7,7,GATATGTATTTTATGACTAT,0,3713926
tolCp1,0.125,7,7,GAGGGTCAATTGACAATATA,0,3710727
tolCp1,0.125,7,7,GAGGCAGCTGGCTGGCTTCT,0,3661817
tolCp1,0.125,7,7,GAGGCACATCAATTAAGGTC,0,3708790
tolCp1,0.125,7,7,GAGCACTTTTCTCTATCCGG,0,3689989
tolCp1,0.125,7,7,GACTCAGAGCAATATCATTC,0,3663135
tolCp1,0.125,7,7,GACGATGAAATGAGGGCAAC,0,3706305
tolCp1,0.125,7,7,GACCCTTTAACCAGTGTGCA,0,3669916
tolCp1,0.125,7,7,GACAGCTTAATGGTTTCCGA,0,3676792
tolCp1,0.125,7,7,GACAGATTTTAACGGCATTT,0,3667291
tolCp1,0.125,7,7,GAAGTAAGGCGTCATGTCGT,0,3682000
tolCp1,0.125,7,7,GAACTTGTCCGCGGTGTGCG,0,3707460
tolCp1,0.125,7,7,GAACCCATAAGGAAGGCTGT,0,3714752
tolCp1,0.125,7,7,CTTTCACAGCTTGAAGTCAA,0,3710989
tolCp1,0.125,7,7,CTTCCCGGCGAATTGAACGT,0,3702838
tolCp1,0.125,7,7,CTGGGAATAGTGGACCGGGA,0,3672188
tolCp1,0.125,7,7,CTGGAACTATAGAGTACTGT,0,3686540
tolCp1,0.125,7,7,CTGATATACGAGCGGCTCCC,0,3705449
tolCp1,0.125,7,7,CTGACCGAATTTGTCGAGTC,0,3684085
tolCp1,0.125,7,7,CTGAAGATTGCACTCGAATT,0,3686197
tolCp1,0.125,7,7,CTCTATACGCGGTGTCCCAT,0,3682015
tolCp1,0.125,7,7,CTCGACCGGTGCGTTTGGCT,0,3692370
tolCp1,0.125,7,7,CTCCCGCCGCTTGACGAGGC,0,3666073
tolCp1,0.125,7,7,CTCCCGCATCGGCAGAACCT,0,3699088
tolCp1,0.125,7,7,CTCATGACAAGTTGCAGGCC,0,3694858
tolCp1,0.125,7,7,CTCACCAGGGCACTCAGTGT,0,3684793
tolCp1,0.125,7,7,CTAGGAACGAGTAATTGAAT,0,3701944
tolCp1,0.125,7,7,CTAAATAGGTCCCTCATCAT,0,3661140
tolCp1,0.125,7,7,CTAAAACCGGTGGTTAAAAG,0,3663513
tolCp1,0.125,7,7,CGTTGTCAAGTTAGAGATCA,0,3671357
tolCp1,0.125,7,7,CGTTCATTCACGCCTTTCTG,0,3703712
tolCp1,0.125,7,7,CGTCTAACGAAAGATCCCGG,0,3671390
tolCp1,0.125,7,7,CGTCCTTGCAAGTACTTGGG,0,3703880
tolCp1,0.125,7,7,CGGTCTAGGCCCCGAATGTT,0,3685183
tolCp1,0.125,7,7,CGGGTTTGGTCAGGAGAGCG,0,3662652
tolCp1,0.125,7,7,CGGGTTTGAATCGACCTAGG,0,3694211
tolCp1,0.125,7,7,CGGGATCTTTAATTTACGAA,0,3699290
tolCp1,0.125,7,7,CGGCTGGATCTAAAAGACTG,0,3670412
tolCp1,0.125,7,7,CGGCGTTGTGGCGATTGCGC,0,3670926
tolCp1,0.125,7,7,CGGCGTTGGCGGTACGAAAC,0,3663960
tolCp1,0.125,7,7,CGGCCGATATTGTCCGGGGT,0,3714702
tolCp1,0.125,7,7,CGGCAAGTTTATTCGCCGAA,0,3704192
tolCp1,0.125,7,7,CGGCAAGCAAAATTTGGATC,0,3669294
tolCp1,0.125,7,7,CGGATGAGTTTTGTTATTCT,0,3667461
tolCp1,0.125,7,7,CGGAGTATAGTACAGATCGT,0,3690544
tolCp1,0.125,7,7,CGGAGGATAAATCATGTATT,0,3687936
tolCp1,0.125,7,7,CGGAGATAATATGTCAGGTC,0,3697662
tolCp1,0.125,7,7,CGCGCCAGGGGTAAGTACAA,0,3711441
tolCp1,0.125,7,7,CGCCTCCCTGTAGCACAAAT,0,3666207
tolCp1,0.125,7,7,CGCATTCGATAGATGTCGCA,0,3681074
tolCp1,0.125,7,7,CGCATCACGCAATATGGGGA,0,3697840
tolCp1,0.125,7,7,CGCAGGGTAGGAACGCCAAG,0,3677801
tolCp1,0.125,7,7,CGATTCAAGACTACCTCCTG,0,3673047
tolCp1,0.125,7,7,CGATCAATGTACGGGGATTT,0,3710241
tolCp1,0.125,7,7,CGAGAGCTTTCAGCTAGACT,0,3688153
tolCp1,0.125,7,7,CGAGACCACTCAATTCCCTT,0,3673797
tolCp1,0.125,7,7,CCTTACCAGGCATTGGCCAG,0,3663260
tolCp1,0.125,7,7,CCTCCCTCGGGTCGTGAGAA,0,3691873
tolCp1,0.125,7,7,CCTCCACATAACCCGTGCTT,0,3709575
tolCp1,0.125,7,7,CCTACTCGTAATTATGAAAG,0,3693040
tolCp1,0.125,7,7,CCGTTTACCAGTTCGACGGG,0,3705332
tolCp1,0.125,7,7,CCGTTCCCACAACATTGATA,0,3672195
tolCp1,0.125,7,7,CCGTCGGCGGAGCGCTAAGA,0,3671463
tolCp1,0.125,7,7,CCGTCACTGCCTCATGATCG,0,3685201
tolCp1,0.125,7,7,CCGTCACACCTGTTTATCAG,0,3668915
tolCp1,0.125,7,7,CCGGGTTAACACGGCCTTTG,0,3693198
tolCp1,0.125,7,7,CCGCGCTATCGAATTCCGGC,0,3711546
tolCp1,0.125,7,7,CCGAAAGCCTCTCGAATTTA,0,3676597
tolCp1,0.125,7,7,CCCTTGACGGGTGAGGTTAG,0,3714357
tolCp1,0.125,7,7,CCCGACGTGGCGCTTTCGAA,0,3699867
tolCp1,0.125,7,7,CCCCTCCACCAGACGGGTCA,0,3695581
tolCp1,0.125,7,7,CCCACGCCCGTAGCAAACGA,0,3709149
tolCp1,0.125,7,7,CCATATGATCCCCAGCGATA,0,3675134
tolCp1,0.125,7,7,CCATAAGTGACAACTCATGT,0,3680978
tolCp1,0.125,7,7,CCAGGCCCGCCTACTTCGTG,0,3669159
tolCp1,0.125,7,7,CCACCTGGATCTGGAGCATT,0,3668288
tolCp1,0.125,7,7,CCACCAAGGCGTAGACATAT,0,3695824
tolCp1,0.125,7,7,CCAATGAGTTAGGTTAGGTT,0,3714120
tolCp1,0.125,7,7,CCAATCAGGACGAGGTCCAT,0,3662640
tolCp1,0.125,7,7,CCAACCAGGGTAAAGGGCAA,0,3710734
tolCp1,0.125,7,7,CATTTTTTAGCTTGACATCC,0,3669716
tolCp1,0.125,7,7,CATTGGACGAGCTCGGTTAA,0,3706988
tolCp1,0.125,7,7,CATTCGGGTCCAGCAAGCTG,0,3666311
tolCp1,0.125,7,7,CATGGGTTAAGTTTAGTACT,0,3701909
tolCp1,0.125,7,7,CATGCAATTCTACGAACTCC,0,3682510
tolCp1,0.125,7,7,CATGCAAGGTCTCAGTCGCC,0,3673102
tolCp1,0.125,7,7,CATCTGGCCGTTGGATTATT,0,3696619
tolCp1,0.125,7,7,CATCGGTGAAGGCCCGTTAT,0,3699063
tolCp1,0.125,7,7,CATCGCTTACGCACTATACC,0,3710239
tolCp1,0.125,7,7,CATCCCGGTTGCTAATTATA,0,3699626
tolCp1,0.125,7,7,CAGGGTCAAACGATGGCAAC,0,3688463
tolCp1,0.125,7,7,CAGCAGCTTACGTGCATGGG,0,3669051
tolCp1,0.125,7,7,CAGAAAAAGGTTTGAAGTCA,0,3666008
tolCp1,0.125,7,7,CACTGCTTAGTGTTCGGGAC,0,3698874
tolCp1,0.125,7,7,CACTCGGTAGAACGTTCCGG,0,3684556
tolCp1,0.125,7,7,CACTACTGTGTGTGTGCGTC,0,3714978
tolCp1,0.125,7,7,CACGTCGCACATCCGTTCAA,0,3663738
tolCp1,0.125,7,7,CACCGTTGCGTCTCGGGCAT,0,3673777
tolCp1,0.125,7,7,CACAGTGGAACCTCGCGATC,0,3707672
tolCp1,0.125,7,7,CAATATGTTCGCCTGACGCT,0,3678921
tolCp1,0.125,7,7,CAACGCGTAGTACAGAACAA,0,3690434
tolCp1,0.125,7,7,ATTGATTCACAAACTCCGCG,0,3694325
tolCp1,0.125,7,7,ATTCACTGGACTATAGCAAA,0,3675851
tolCp1,0.125,7,7,ATGTGAAAAGTCGGTGTGCG,0,3685643
tolCp1,0.125,7,7,ATGGGGACTTATAACCGCGT,0,3705435
tolCp1,0.125,7,7,ATGCGGCTGTTAGCCACTAG,0,3673962
tolCp1,0.125,7,7,ATGCAGTGGAAGTCGCCGTC,0,3712575
tolCp1,0.125,7,7,ATGACATTTGCGGAGAAAGG,0,3673981
tolCp1,0.125,7,7,ATGACAAGGTAAGGATCGTT,0,3667120
tolCp1,0.125,7,7,ATGAAACGGCAGCTTTGATC,0,3694248
tolCp1,0.125,7,7,ATGAAAAGGGGAGACGGTGT,0,3673049
tolCp1,0.125,7,7,ATCTAGCCAGTATTCCCCGA,0,3665061
tolCp1,0.125,7,7,ATCGTCGGGTTTGTAAGAGC,0,3704445
tolCp1,0.125,7,7,ATCGAGATACTAGAATCCGG,0,3685991
tolCp1,0.125,7,7,ATATTGCGAAAGCAGCGCGT,0,3673609
tolCp1,0.125,7,7,ATATGAAGATATCGCATATA,0,3699782
tolCp1,0.125,7,7,ATATCCGGCTTGTTCACGAA,0,3715162
tolCp1,0.125,7,7,ATAGTGACGCGTACAGCCAG,0,3709581
tolCp1,0.125,7,7,ATAGGGTGGAACCCGGGGGT,0,3681249
tolCp1,0.125,7,7,ATAGGATAGTATAAGCTTTT,0,3663507
tolCp1,0.125,7,7,ATAGGAAACCCGTCGGAGGG,0,3678992
tolCp1,0.125,7,7,ATAATGATAGGGTACTTGTC,0,3675306
tolCp1,0.125,7,7,AGTGTGCGGTACGGCCGCCA,0,3710453
tolCp1,0.125,7,7,AGTGCTTGTACACAATACAA,0,3696176
tolCp1,0.125,7,7,AGTAACAGATGCATACCATG,0,3679772
tolCp1,0.125,7,7,AGGTTTCTAACGCAAGATAC,0,3715242
tolCp1,0.125,7,7,AGGTCTTACTGAGTTAATGG,0,3705754
tolCp1,0.125,7,7,AGGTAGTTGAAGTGTGTTAA,0,3681683
tolCp1,0.125,7,7,AGGGTGCGACAGGGGCAATT,0,3698573
tolCp1,0.125,7,7,AGGCCAAGTTTATTTGGTAT,0,3699362
tolCp1,0.125,7,7,AGGAGCTCGACTTCGTGTCT,0,3676599
tolCp1,0.125,7,7,AGCTTAGGCTTTGGCAGCTC,0,3702807
tolCp1,0.125,7,7,AGCTAGGAGTTGAAGTATAT,0,3707812
tolCp1,0.125,7,7,AGCCATAGAGAGCATCGGTT,0,3680548
tolCp1,0.125,7,7,AGCAGGGCTCGGCAATGGCT,0,3680564
tolCp1,0.125,7,7,AGATTTGAAGTTCTTCTCGC,0,3690992
tolCp1,0.125,7,7,AGATGCTCTGGTGTTAGGTA,0,3678053
tolCp1,0.125,7,7,AGATCGGGTTAAAGTGTGGG,0,3699535
tolCp1,0.125,7,7,AGATCGGATTGCACTGAAAA,0,3674815
tolCp1,0.125,7,7,AGATATACCCGTATTAAACG,0,3709619
tolCp1,0.125,7,7,AGATACTCGTATTCTGGCAT,0,3685036
tolCp1,0.125,7,7,AGAGTGATATTCGTCTGGGA,0,3681965
tolCp1,0.125,7,7,AGAGAGTTCGCCACCCAAGA,0,3695547
tolCp1,0.125,7,7,AGACATGGTCAAGGCTTTCG,0,3687378
tolCp1,0.125,7,7,AGAAGTAGATGCGCGTGACT,0,3680703
tolCp1,0.125,7,7,ACTGGGGTCTTTAAAAGCTG,0,3668082
tolCp1,0.125,7,7,ACTGGGCGAGCCCATGCTAG,0,3679164
tolCp1,0.125,7,7,ACTCAGCTACATTTCACTGT,0,3694545
tolCp1,0.125,7,7,ACTATTCACACAACGTACAT,0,3667076
tolCp1,0.125,7,7,ACGTTGGATCTAGCGGCAGA,0,3685457
tolCp1,0.125,7,7,ACGTTGCCTCTTCTATCTGC,0,3666744
tolCp1,0.125,7,7,ACGTATGACTAGGCCCGTCC,0,3674331
tolCp1,0.125,7,7,ACGCCAGCCCCATACAGCAC,0,3683482
tolCp1,0.125,7,7,ACGATGTAAAGAACATGTAG,0,3702127
tolCp1,0.125,7,7,ACCGCTCTACACCTCCAGAG,0,3701613
tolCp1,0.125,7,7,ACCGCTATTTGGGTCTTCCA,0,3682792
tolCp1,0.125,7,7,ACCCATACCTCCATTGGCCA,0,3688695
tolCp1,0.125,7,7,ACCATACAGGGTAATGCCCA,0,3672693
tolCp1,0.125,7,7,ACATTGTAGACATAGAGTAA,0,3684301
tolCp1,0.125,7,7,ACATTAAGGGCTGCAAGTGA,0,3700523
tolCp1,0.125,7,7,ACATGTACAAACAGTAATAT,0,3712585
tolCp1,0.125,7,7,ACATGATCCACCGGATTGCG,0,3673397
tolCp1,0.125,7,7,ACATCTCCCAAATTCCCATC,0,3707499
tolCp1,0.125,7,7,ACAGTCCGCTCACTGTCACA,0,3681312
tolCp1,0.125,7,7,ACAGGAATAATTATTAACGT,0,3708394
tolCp1,0.125,7,7,ACACTACAGCGCCCTTGACT,0,3701570
tolCp1,0.125,7,7,ACACCTTGACTTCGTGTGGG,0,3668154
tolCp1,0.125,7,7,ACACCGAATTTAAATCGATA,0,3663558
tolCp1,0.125,7,7,ACAACATAGATAGCAGTCAG,0,3703582
tolCp1,0.125,7,7,AATTAAAACGTGGCCTGTTA,0,3678339
tolCp1,0.125,7,7,AATGAATGATTGTGACATAA,0,3690638
tolCp1,0.125,7,7,AATGAAGCATGCTCATCATC,0,3672182
tolCp1,0.125,7,7,AATCGTCGAGCAAGTCCAAG,0,3668198
tolCp1,0.125,7,7,AATCGACCTGGTGCGGGACA,0,3710909
tolCp1,0.125,7,7,AAGTACCCGGAGTACTAAGA,0,3665635
tolCp1,0.125,7,7,AAGGTGCATATATCCCAAGT,0,3695196
tolCp1,0.125,7,7,AAGGATTCCTTGGATCCTTG,0,3677764
tolCp1,0.125,7,7,AAGGAGTCTCGCCATCTCTG,0,3679186
tolCp1,0.125,7,7,AAGCGATCCATAACTCCTCG,0,3664446
tolCp1,0.125,7,7,AAGCATACTTCTGAGCTCAT,0,3671340
tolCp1,0.125,7,7,AAGAGCTAAGAACCCAGATT,0,3667395
tolCp1,0.125,7,7,AAGAACTCTAAGCTGTCTTT,0,3671776
tolCp1,0.125,7,7,AACTTTCCGACGAACGGGGT,0,3670486
tolCp1,0.125,7,7,AACTGCCCAGGAACATGTGT,0,3713749
tolCp1,0.125,7,7,AACTCTTTTCCAAGTTCGCG,0,3667740
tolCp1,0.125,7,7,AACTCTGAGACTCACGCCCT,0,3663059
tolCp1,0.125,7,7,AACTAAAGGGCGAAACCCGA,0,3699786
tolCp1,0.125,7,7,AACGGTAGATCGTACACCCC,0,3679834
tolCp1,0.125,7,7,AACGCGCGAGGGGCATGATG,0,3674706
tolCp1,0.125,7,7,AACGCAGTTCCTTACAGATC,0,3687198
tolCp1,0.125,7,7,AACCTAAAGAAGCGTGGCCA,0,3666217
tolCp1,0.125,7,7,AACCGGCCCCGCCAGCAACA,0,3690394
tolCp1,0.125,7,7,AACCCAATAGACAGGCTGTT,0,3699927
tolCp1,0.125,7,7,AACCATAGGCATTCAGGTAG,0,3679459
tolCp1,0.125,7,7,AACATAGACCCTCATGCTGT,0,3701012
tolCp1,0.125,7,7,AAATTGTGTACCTGACGTGC,0,3664072
tolCp1,0.125,7,7,AAATTCCAGATGCTTCGCTA,0,3662844
tolCp1,0.125,7,7,AAAGGACGACTCATGAGCGT,0,3666583
tolCp1,0.125,7,7,AAAGATCTGAGTATATTCCA,0,3664062
tolCp1,0.125,7,7,AAACTGCCGAGCACAGGGTC,0,3693792
tolCp1,0.125,7,7,AAACGTCCCGGCTCAGTTGA,0,3681150
tolCp1,0.125,7,7,AAAACATTGGCGAGTAGGAT,0,3676316
tolCp1,0.125,7,7,AAAACAGACATAGCGAACAT,0,3701009
tolCp1,0.14285714285714285,6,6,TTTTGCTGCATAACATTCCC,0,3702626
tolCp1,0.14285714285714285,6,6,TTTTAATTTGTTACACATAC,0,3687442
tolCp1,0.14285714285714285,6,6,TTTGGTTTTGTAACTCGCCA,0,3685399
tolCp1,0.14285714285714285,6,6,TTTGGTCACAACTGTTGGTT,0,3695900
tolCp1,0.14285714285714285,6,6,TTTGGGGATGTGCTCAACAC,0,3713294
tolCp1,0.14285714285714285,6,6,TTTGCCCGCTGGTGGAATCG,0,3704582
tolCp1,0.14285714285714285,6,6,TTTCTGGTCTCAGACGTGCT,0,3670803
tolCp1,0.14285714285714285,6,6,TTTCGTTCAGGGCGTTGCTC,0,3663216
tolCp1,0.14285714285714285,6,6,TTGGTACGCGCAAGTGGCGA,0,3688565
tolCp1,0.14285714285714285,6,6,TTGATTCTGCAGCTAGTGGC,0,3678879
tolCp1,0.14285714285714285,6,6,TTGACGTTAGCTATGTTAGA,0,3669488
tolCp1,0.14285714285714285,6,6,TTCTGAAATAAAGCACGATA,0,3663547
tolCp1,0.14285714285714285,6,6,TTCGCGCAGACGTGCTTACT,0,3682093
tolCp1,0.14285714285714285,6,6,TTCGAGTTCGAATTCTAGTT,0,3665921
tolCp1,0.14285714285714285,6,6,TTCCGCTTTGGCAAACGTGT,0,3692093
tolCp1,0.14285714285714285,6,6,TTCAGCTTGCATACAACATA,0,3665598
tolCp1,0.14285714285714285,6,6,TTCAATTGCGATAGTCCGGG,0,3690044
tolCp1,0.14285714285714285,6,6,TTATCGTGCTGATAGATTTC,0,3680059
tolCp1,0.14285714285714285,6,6,TTATAGGATAGCGGCTTAGG,0,3695484
tolCp1,0.14285714285714285,6,6,TTATAGAATTTACCGTATTT,0,3688533
tolCp1,0.14285714285714285,6,6,TTAGCTTTATAGGCGTCCTC,0,3690760
tolCp1,0.14285714285714285,6,6,TTACCAAACTGGCTGCATTC,0,3707033
tolCp1,0.14285714285714285,6,6,TTACAAAGGGGCATATGCTT,0,3670415
tolCp1,0.14285714285714285,6,6,TTAACGCGGCGGCCCATATT,0,3662201
tolCp1,0.14285714285714285,6,6,TGTTAACGCGAGGCGCGTGG,0,3684909
tolCp1,0.14285714285714285,6,6,TGTGTGTATCCTTTTAGTCG,0,3663056
tolCp1,0.14285714285714285,6,6,TGTCTTGGAATGGAGCCATA,0,3701647
tolCp1,0.14285714285714285,6,6,TGTCGAACAGGTGAAACTCC,0,3664979
tolCp1,0.14285714285714285,6,6,TGTCCATCAGTTGGGTCGGC,0,3702261
tolCp1,0.14285714285714285,6,6,TGTATCGGGTTGGAAACTAT,0,3686340
tolCp1,0.14285714285714285,6,6,TGTACAGAGAAGTGTTCTAC,0,3704915
tolCp1,0.14285714285714285,6,6,TGGTAGAGTCGCTTAAGTGA,0,3712425
tolCp1,0.14285714285714285,6,6,TGGGATGCTTGTCCTATGCA,0,3667226
tolCp1,0.14285714285714285,6,6,TGGGAGGACATACGATTGCA,0,3697091
tolCp1,0.14285714285714285,6,6,TGGAGGCCAACACGAGTGTC,0,3714423
tolCp1,0.14285714285714285,6,6,TGGACTTCGTCGGCCGGAAA,0,3701857
tolCp1,0.14285714285714285,6,6,TGGACTCGATATCCTGGCTC,0,3666320
tolCp1,0.14285714285714285,6,6,TGCTTATGGGCGGCTTCTTC,0,3704168
tolCp1,0.14285714285714285,6,6,TGCTCGCGCAACAGCGTATT,0,3710935
tolCp1,0.14285714285714285,6,6,TGCGAACAGATCTTGCCCTC,0,3705710
tolCp1,0.14285714285714285,6,6,TGCCCAGAGTTAACTACAAA,0,3676273
tolCp1,0.14285714285714285,6,6,TGATTATCCTCTATGGCTTA,0,3690706
tolCp1,0.14285714285714285,6,6,TGATGTCCAATCGCCGCACC,0,3671839
tolCp1,0.14285714285714285,6,6,TGAGTCCAAGAGCGGGTTAT,0,3668787
tolCp1,0.14285714285714285,6,6,TGACTGGCATTCTAAAATAA,0,3695433
tolCp1,0.14285714285714285,6,6,TGACTAGGCGTCTGCGGTCA,0,3678213
tolCp1,0.14285714285714285,6,6,TGAAAAGCGTTGGGCTTGAG,0,3674634
tolCp1,0.14285714285714285,6,6,TCTTGGCCCTACGGAATAGA,0,3667435
tolCp1,0.14285714285714285,6,6,TCTTCAGCTATCAAGAAATA,0,3680105
tolCp1,0.14285714285714285,6,6,TCTATGGCAGCACAAAGCGC,0,3691661
tolCp1,0.14285714285714285,6,6,TCGTTTAGAGAACACGGACG,0,3661511
tolCp1,0.14285714285714285,6,6,TCGTTATAGTCCGAATCGAC,0,3710700
tolCp1,0.14285714285714285,6,6,TCGGTGATCAAAACCGTCCC,0,3704498
tolCp1,0.14285714285714285,6,6,TCGGTAGAGGCGAAGTGGTA,0,3689723
tolCp1,0.14285714285714285,6,6,TCGGGGTAAGTTTGTCTTTT,0,3710477
tolCp1,0.14285714285714285,6,6,TCGCCCTCTTGGGCAAAAGA,0,3704038
tolCp1,0.14285714285714285,6,6,TCGAAGAATAAAGCTCAGCC,0,3684568
tolCp1,0.14285714285714285,6,6,TCCTTAGGAGCGTATGGGAA,0,3667171
tolCp1,0.14285714285714285,6,6,TCCGTTATAAATGACGCTGA,0,3686314
tolCp1,0.14285714285714285,6,6,TCCGTGAAGTGCCCGTCCAT,0,3702836
tolCp1,0.14285714285714285,6,6,TCCGGGGACAATTGTTGGAC,0,3712611
tolCp1,0.14285714285714285,6,6,TCCAGTATGCATAGAGTTAT,0,3694807
tolCp1,0.14285714285714285,6,6,TCCAGTACTACCTCTATTCG,0,3665170
tolCp1,0.14285714285714285,6,6,TCAGGTCTTCCGTTTGGCCC,0,3706399
tolCp1,0.14285714285714285,6,6,TCAGAGTTGTTCGGCTACTT,0,3700063
tolCp1,0.14285714285714285,6,6,TCACAGCACTGTGATGAACT,0,3708396
tolCp1,0.14285714285714285,6,6,TCAATCGCTGGTCTAAGCAT,0,3701198
tolCp1,0.14285714285714285,6,6,TCAAGCTTCTCTTTAGCGCC,0,3675350
tolCp1,0.14285714285714285,6,6,TCAAGCGAGCGAGAGTGCTC,0,3675128
tolCp1,0.14285714285714285,6,6,TATTCGCCACACGGATGCTG,0,3695333
tolCp1,0.14285714285714285,6,6,TATGCTCTACGACTGGTTCT,0,3685235
tolCp1,0.14285714285714285,6,6,TATGCTATTTATTACACTTT,0,3674588
tolCp1,0.14285714285714285,6,6,TATGACAATAGCCACCACTA,0,3686187
tolCp1,0.14285714285714285,6,6,TATCTCTAGTAGGGAGCGGA,0,3683827
tolCp1,0.14285714285714285,6,6,TATCAAATCCTAGCGCAAGA,0,3713031
tolCp1,0.14285714285714285,6,6,TAGTCACTTCGATAAAATTG,0,3704201
tolCp1,0.14285714285714285,6,6,TAGGCTATGAGGCCACAGCA,0,3700385
tolCp1,0.14285714285714285,6,6,TAGCGGCTGGCTGCATCAAT,0,3714984
tolCp1,0.14285714285714285,6,6,TAGCGGAGGACCTCTGAGGT,0,3675581
tolCp1,0.14285714285714285,6,6,TAGCCGGGGTGTGGGAACGG,0,3672495
tolCp1,0.14285714285714285,6,6,TAGCATACCTTGGAAAGTTC,0,3681933
tolCp1,0.14285714285714285,6,6,TAGATCAGCCACTTTCGACT,0,3680209
tolCp1,0.14285714285714285,6,6,TAGAACGCTTTCTTTACGTA,0,3692159
tolCp1,0.14285714285714285,6,6,TACGGGCCACGGACGCCCAT,0,3696741
tolCp1,0.14285714285714285,6,6,TACCATTGTGGCGCCGCGCG,0,3697951
tolCp1,0.14285714285714285,6,6,TACACTGTCCCAACCTGTTT,0,3666851
tolCp1,0.14285714285714285,6,6,TAATATAATGCGTAAGGACA,0,3705085
tolCp1,0.14285714285714285,6,6,TAATAGCTTGAGACTGATGG,0,3704585
tolCp1,0.14285714285714285,6,6,TAACTTTATTTTAGCCGTTC,0,3691838
tolCp1,0.14285714285714285,6,6,TAACGCGATCTCTCTCGAAA,0,3671419
tolCp1,0.14285714285714285,6,6,TAACCAGGCTCGACCTCGGC,0,3676001
tolCp1,0.14285714285714285,6,6,TAAATAAATTACTCCGCATC,0,3665930
tolCp1,0.14285714285714285,6,6,GTTTTTAGGCAGTTCGTGCC,0,3685038
tolCp1,0.14285714285714285,6,6,GTTTCACAAGAGGGTCGACT,0,3675979
tolCp1,0.14285714285714285,6,6,GTTGTATTATCCGCGTAGGT,0,3671441
tolCp1,0.14285714285714285,6,6,GTTGGGCGTATATGGGGCGA,0,3672197
tolCp1,0.14285714285714285,6,6,GTTCTTCGATAATGGCTAAC,0,3692098
tolCp1,0.14285714285714285,6,6,GTTACCTACAACCGACTGGG,0,3707559
tolCp1,0.14285714285714285,6,6,GTGTGCCTGTGGTGTAAACG,0,3692372
tolCp1,0.14285714285714285,6,6,GTGGGGTCAGGGACTCAGAT,0,3670426
tolCp1,0.14285714285714285,6,6,GTGGGCCGTGGGAGTATGAG,0,3693227
tolCp1,0.14285714285714285,6,6,GTGGATCCACAAATCGCAGC,0,3697472
tolCp1,0.14285714285714285,6,6,GTGGACTAGGCACAATCGTA,0,3704340
tolCp1,0.14285714285714285,6,6,GTGCTAGCTGCCGCGGCGGA,0,3709652
tolCp1,0.14285714285714285,6,6,GTGCTAAGGCGATCTCTGTA,0,3682372
tolCp1,0.14285714285714285,6,6,GTGCATCAACATCTGTCGCT,0,3701643
tolCp1,0.14285714285714285,6,6,GTGAGATTATCGCACGGATA,0,3668615
tolCp1,0.14285714285714285,6,6,GTGAACTTGGTAGTTCCCTG,0,3669293
tolCp1,0.14285714285714285,6,6,GTCTTTTCATCCTAATATAA,0,3698903
tolCp1,0.14285714285714285,6,6,GTCTCGGATACCCGCTACAA,0,3695522
tolCp1,0.14285714285714285,6,6,GTCTCGCCATGCGTTTTCGT,0,3693357
tolCp1,0.14285714285714285,6,6,GTCTAGGGGTTTACCGACGT,0,3679146
tolCp1,0.14285714285714285,6,6,GTCGCCCGGTTCTGTTGCTC,0,3714271
tolCp1,0.14285714285714285,6,6,GTCGAATTACGAAAGGACCG,0,3695909
tolCp1,0.14285714285714285,6,6,GTCGAATCATAAGTTACAAT,0,3696028
tolCp1,0.14285714285714285,6,6,GTCCCCCGGCCCCACCTTAA,0,3693472
tolCp1,0.14285714285714285,6,6,GTCATTCGGAAGCTTCATAT,0,3709018
tolCp1,0.14285714285714285,6,6,GTATTAGGGTCCGTATATAA,0,3680152
tolCp1,0.14285714285714285,6,6,GTATGTATCTTTAGTCTGTG,0,3695576
tolCp1,0.14285714285714285,6,6,GTAGGGTTTCTGGACTGTTA,0,3675230
tolCp1,0.14285714285714285,6,6,GTAGGGAAGTGTTCGTCTGT,0,3701149
tolCp1,0.14285714285714285,6,6,GTACCAGTCAACTACCTAAT,0,3682692
tolCp1,0.14285714285714285,6,6,GTAACACGACTGGTGCAAAG,0,3689575
tolCp1,0.14285714285714285,6,6,GGTTTCATGTGACCCTCATA,0,3698233
tolCp1,0.14285714285714285,6,6,GGTTAAGGAACCAACTCGGG,0,3666735
tolCp1,0.14285714285714285,6,6,GGTGCGTAGTCGAGTTTGAA,0,3680148
tolCp1,0.14285714285714285,6,6,GGTATTTGGGGGCGAGTTAT,0,3676297
tolCp1,0.14285714285714285,6,6,GGTACCTGAGAATGCAGGGG,0,3681501
tolCp1,0.14285714285714285,6,6,GGGTTAACAAGGGATCGGTA,0,3661826
tolCp1,0.14285714285714285,6,6,GGGTCTATCTAGCTGCACTA,0,3696031
tolCp1,0.14285714285714285,6,6,GGGTCCAGTAGAGTTCGTTT,0,3666601
tolCp1,0.14285714285714285,6,6,GGGTACGTCAGATACTAATT,0,3700834
tolCp1,0.14285714285714285,6,6,GGGTAAGCTAAGAAACGCGT,0,3667424
tolCp1,0.14285714285714285,6,6,GGGGTCTTGGTGTACTACAT,0,3701978
tolCp1,0.14285714285714285,6,6,GGGGGTATAAACTTCAAAGC,0,3665701
tolCp1,0.14285714285714285,6,6,GGGGCAGCGGTTAGTAATGG,0,3674953
tolCp1,0.14285714285714285,6,6,GGGCGTAATCTGGGATGTGT,0,3665289
tolCp1,0.14285714285714285,6,6,GGGCGCGTTCGGTAGACAAG,0,3681086
tolCp1,0.14285714285714285,6,6,GGGCCGGTGGCTGTAGCGCA,0,3678305
tolCp1,0.14285714285714285,6,6,GGGCACAAGTTCGAATAGGA,0,3683889
tolCp1,0.14285714285714285,6,6,GGGCAACTCACTCGCGGGGC,0,3672726
tolCp1,0.14285714285714285,6,6,GGGAGGGTTCAGTACCTACT,0,3677121
tolCp1,0.14285714285714285,6,6,GGGAGAGCCCATATGTATGG,0,3693767
tolCp1,0.14285714285714285,6,6,GGGACAGTGCGGTGCCCCAC,0,3670651
tolCp1,0.14285714285714285,6,6,GGCTCGCAAATTTCTATTCT,0,3674549
tolCp1,0.14285714285714285,6,6,GGCGGTAGAGCCATTCCGCA,0,3693232
tolCp1,0.14285714285714285,6,6,GGCGCGCCTTAACCAAGTAG,0,3689990
tolCp1,0.14285714285714285,6,6,GGCACGATCCATAGCGCTAA,0,3684802
tolCp1,0.14285714285714285,6,6,GGCACAGTGAGCACTTTTGG,0,3688574
tolCp1,0.14285714285714285,6,6,GGATAGTACCATTCGCCACG,0,3709621
tolCp1,0.14285714285714285,6,6,GGAGCGGCCTTCCAGTTAAC,0,3691253
tolCp1,0.14285714285714285,6,6,GGAGCCTCGCCTTACTTTTC,0,3685732
tolCp1,0.14285714285714285,6,6,GGACTTTCATGACCGGTGAT,0,3675578
tolCp1,0.14285714285714285,6,6,GGACCTGCCCGTACTCGAGG,0,3692533
tolCp1,0.14285714285714285,6,6,GGACAATGAGGAGGCTAGAA,0,3700690
tolCp1,0.14285714285714285,6,6,GGAATCTCACAGCCGGGGTA,0,3697821
tolCp1,0.14285714285714285,6,6,GGAAATTCCTTCTCGTAAAG,0,3665979
tolCp1,0.14285714285714285,6,6,GCTTCAGAACTAATTTGATC,0,3662821
tolCp1,0.14285714285714285,6,6,GCTCTCACGACCTGTTCAGG,0,3712805
tolCp1,0.14285714285714285,6,6,GCTCGTAAGGTCTGAAAAGC,0,3667067
tolCp1,0.14285714285714285,6,6,GCTAACTAAAACGGTGCCAA,0,3694204
tolCp1,0.14285714285714285,6,6,GCGTGGCTGGAACGGCGCGT,0,3687344
tolCp1,0.14285714285714285,6,6,GCGTCGAAGATATTGCTAAC,0,3675942
tolCp1,0.14285714285714285,6,6,GCGTAGTCACACATCCCAAT,0,3680436
tolCp1,0.14285714285714285,6,6,GCGTAGCGCGCACTTCATAG,0,3694278
tolCp1,0.14285714285714285,6,6,GCGCTCAGGACGAGTCATAC,0,3707555
tolCp1,0.14285714285714285,6,6,GCGCTACTGCAACGTTGTGC,0,3685022
tolCp1,0.14285714285714285,6,6,GCGATAATGTTGGGAGTCCT,0,3688762
tolCp1,0.14285714285714285,6,6,GCGACATTAGTTCTCCCGTC,0,3669260
tolCp1,0.14285714285714285,6,6,GCCTGCAGCTCGGGCACACT,0,3681398
tolCp1,0.14285714285714285,6,6,GCCGCGCGCTCGTCTAGAAA,0,3668242
tolCp1,0.14285714285714285,6,6,GCCGCCCTGCAGCTGGTGCG,0,3705976
tolCp1,0.14285714285714285,6,6,GCCCTTGGATGTCGTCTGAT,0,3674574
tolCp1,0.14285714285714285,6,6,GCATAATCCATTTACTACAT,0,3664723
tolCp1,0.14285714285714285,6,6,GCAGTTCCCGACAGCACAAT,0,3663743
tolCp1,0.14285714285714285,6,6,GCAGGTTGAGTCTAGGGACA,0,3680541
tolCp1,0.14285714285714285,6,6,GCAGGACGGCTGTTTCATGC,0,3697746
tolCp1,0.14285714285714285,6,6,GCACGTGCCCAAGGATGGTA,0,3692895
tolCp1,0.14285714285714285,6,6,GCACGCCGGGCACAACTGAT,0,3665696
tolCp1,0.14285714285714285,6,6,GCACAACGGACGTTTGCCTT,0,3695475
tolCp1,0.14285714285714285,6,6,GCAAAAGACTCTGGTTGACG,0,3674085
tolCp1,0.14285714285714285,6,6,GATTTTTTGGATCAGTTTAT,0,3676030
tolCp1,0.14285714285714285,6,6,GATGCCTGACTCGGTTATGC,0,3687745
tolCp1,0.14285714285714285,6,6,GATCTGCAGTAGTTCAGTTC,0,3663629
tolCp1,0.14285714285714285,6,6,GATAGTGGACATGGTGAGCG,0,3678541
tolCp1,0.14285714285714285,6,6,GATAGGGCGAGGAACTCGAC,0,3677126
tolCp1,0.14285714285714285,6,6,GATAGATGAAGATGTAAGAT,0,3670335
tolCp1,0.14285714285714285,6,6,GAGTTGGACTACGGCGAAGT,0,3699457
tolCp1,0.14285714285714285,6,6,GAGTGTAGCCCGATGCTAAT,0,3672224
tolCp1,0.14285714285714285,6,6,GAGTGGGTGTATCCATCTAC,0,3685181
tolCp1,0.14285714285714285,6,6,GAGTATAAGTTCCTCAGCTA,0,3686303
tolCp1,0.14285714285714285,6,6,GAGGGAGCATGTAAAAAGGC,0,3674076
tolCp1,0.14285714285714285,6,6,GAGACACATGATAATTGGTA,0,3704700
tolCp1,0.14285714285714285,6,6,GACTCTAGACCCTATCCTAA,0,3705161
tolCp1,0.14285714285714285,6,6,GACGCGATGGGGTCTAATAG,0,3673104
tolCp1,0.14285714285714285,6,6,GACGCCAAACAATGCGTCCT,0,3705777
tolCp1,0.14285714285714285,6,6,GACCCGACCGTTTCTACTCT,0,3678548
tolCp1,0.14285714285714285,6,6,GACATCCGAGTCCTCATCGG,0,3701562
tolCp1,0.14285714285714285,6,6,GACATCACGCGATAGGCATA,0,3685675
tolCp1,0.14285714285714285,6,6,GACATACTAAGCACGCCCTT,0,3673924
tolCp1,0.14285714285714285,6,6,GACAGTTATCTGCCTTCCTT,0,3670522
tolCp1,0.14285714285714285,6,6,GAATTACGGGCGTAATGTGG,0,3700047
tolCp1,0.14285714285714285,6,6,GAATGGCGCAGAGACGAAGA,0,3702766
tolCp1,0.14285714285714285,6,6,GAATGAGCAACCTTCGCTGG,0,3686015
tolCp1,0.14285714285714285,6,6,GAAGTGGAGAAACGCGACAG,0,3665905
tolCp1,0.14285714285714285,6,6,CTTGTGCTTGTCGTGGCTCA,0,3699767
tolCp1,0.14285714285714285,6,6,CTTCGAGTGAACTCCAAAAA,0,3673581
tolCp1,0.14285714285714285,6,6,CTTCGAGGCGCGTTACCACT,0,3699133
tolCp1,0.14285714285714285,6,6,CTTCAATACGGCGGATGTGA,0,3696021
tolCp1,0.14285714285714285,6,6,CTTATCTCGGAAATCCGTGC,0,3705162
tolCp1,0.14285714285714285,6,6,CTTACATCAGAAAGGAACTA,0,3676014
tolCp1,0.14285714285714285,6,6,CTTAATCTATCGACATCCCA,0,3711587
tolCp1,0.14285714285714285,6,6,CTTAATCAGGCCCAGTGCTC,0,3679687
tolCp1,0.14285714285714285,6,6,CTGTGTAGCTCAAATAATAA,0,3673250
tolCp1,0.14285714285714285,6,6,CTGGTCACCCCGGTACTATA,0,3683371
tolCp1,0.14285714285714285,6,6,CTGGCGCCTAGAACCATAAA,0,3671743
tolCp1,0.14285714285714285,6,6,CTGGACCGTGTGTTTAAGTC,0,3691317
tolCp1,0.14285714285714285,6,6,CTGCCCGGATAACCCTGTGT,0,3685647
tolCp1,0.14285714285714285,6,6,CTGACACCTAGGAGGGGTCC,0,3677284
tolCp1,0.14285714285714285,6,6,CTCTCACGGGCACTAACGAC,0,3661544
tolCp1,0.14285714285714285,6,6,CTCGGGGGGCTTATGGTACT,0,3662668
tolCp1,0.14285714285714285,6,6,CTATTGGGCTGACAGGTGTC,0,3694474
tolCp1,0.14285714285714285,6,6,CTATTGACTATGAGACTTCT,0,3673696
tolCp1,0.14285714285714285,6,6,CTATTCAGTCACCCCTCCAA,0,3708109
tolCp1,0.14285714285714285,6,6,CTATTACAGGGGGTGGGAGT,0,3700744
tolCp1,0.14285714285714285,6,6,CTATGGGGCCACAGGCGTTA,0,3675858
tolCp1,0.14285714285714285,6,6,CTATGATTACGCAATGATAC,0,3682393
tolCp1,0.14285714285714285,6,6,CTATAGTCCATGGCAATAGG,0,3689411
tolCp1,0.14285714285714285,6,6,CTATACTCCTTGTCTTCAAC,0,3705355
tolCp1,0.14285714285714285,6,6,CTAGCGCGCCGTGGCAAGGG,0,3672932
tolCp1,0.14285714285714285,6,6,CTAGCCCTATACATATAATT,0,3674205
tolCp1,0.14285714285714285,6,6,CTAACTTAGATACCTTACTG,0,3680524
tolCp1,0.14285714285714285,6,6,CGTTAGTTCCCAATTATGTA,0,3674083
tolCp1,0.14285714285714285,6,6,CGTTAAGCTGGTTCGGCCCC,0,3669208
tolCp1,0.14285714285714285,6,6,CGTCTAGAGTACTAGGGTGG,0,3677106
tolCp1,0.14285714285714285,6,6,CGTATGAGTCTCTCCCAATG,0,3695949
tolCp1,0.14285714285714285,6,6,CGTAGTATGGACGTCCGGTG,0,3692166
tolCp1,0.14285714285714285,6,6,CGTACCCCGCACGACGTTCG,0,3706987
tolCp1,0.14285714285714285,6,6,CGTACCAGGTCGAGGCAATA,0,3684597
tolCp1,0.14285714285714285,6,6,CGGTTGGAAAATCCGGCCGT,0,3702757
tolCp1,0.14285714285714285,6,6,CGGGGTACGCGCACTAAAAT,0,3678111
tolCp1,0.14285714285714285,6,6,CGGGGCACATCCGTGGCCTG,0,3662817
tolCp1,0.14285714285714285,6,6,CGGGCCAACTCACTTAGACT,0,3685769
tolCp1,0.14285714285714285,6,6,CGGCTACAGCTGATGCTTAT,0,3664564
tolCp1,0.14285714285714285,6,6,CGGCGTTCGGCATAACTTGA,0,3702629
tolCp1,0.14285714285714285,6,6,CGGCCCAGTGGGAGTGCGAG,0,3673212
tolCp1,0.14285714285714285,6,6,CGGAGCCGGTGAACTCCATC,0,3663882
tolCp1,0.14285714285714285,6,6,CGCGGAACAGGTGGCGAAAG,0,3705700
tolCp1,0.14285714285714285,6,6,CGCGACCAAGAGACCGTGAG,0,3682023
tolCp1,0.14285714285714285,6,6,CGCGAACCGCGTTCGACGCA,0,3711605
tolCp1,0.14285714285714285,6,6,CGCCTGAGAATCGTACTGCA,0,3697830
tolCp1,0.14285714285714285,6,6,CGCCTCAAAGTGCAAAAGAT,0,3707546
tolCp1,0.14285714285714285,6,6,CGCAGGACTTGGAGAGAGCT,0,3701105
tolCp1,0.14285714285714285,6,6,CGCAGGACTAGCGTACAACG,0,3696551
tolCp1,0.14285714285714285,6,6,CGAGCAGGGACTTTCCGAAT,0,3674547
tolCp1,0.14285714285714285,6,6,CGACTATGTTGGTCCTCACG,0,3707718
tolCp1,0.14285714285714285,6,6,CGACGGCATTACCTCTAGAT,0,3692690
tolCp1,0.14285714285714285,6,6,CGAACCTCGTTCGTCCAAGT,0,3705353
tolCp1,0.14285714285714285,6,6,CGAAATGGTTCTCGCGATCA,0,3675072
tolCp1,0.14285714285714285,6,6,CCTTGGATAGAGTGTGCAGC,0,3666052
tolCp1,0.14285714285714285,6,6,CCTTCCTCAAATCGTAACAA,0,3680434
tolCp1,0.14285714285714285,6,6,CCTTATATTTTCCAGTAGCA,0,3712353
tolCp1,0.14285714285714285,6,6,CCTCGTTAGGTGTGACTAAC,0,3707543
tolCp1,0.14285714285714285,6,6,CCTCAACACTTGAGCGCCTC,0,3697765
tolCp1,0.14285714285714285,6,6,CCTAGGCCATAAAGAAGATA,0,3673817
tolCp1,0.14285714285714285,6,6,CCTAGAAGTTTGGGACCGGA,0,3683854
tolCp1,0.14285714285714285,6,6,CCGGATCCTTATGCGAAAGT,0,3711144
tolCp1,0.14285714285714285,6,6,CCGCTTTTTTCACCAGGGTC,0,3703258
tolCp1,0.14285714285714285,6,6,CCGCCTCGTTTTATAGGGCA,0,3685586
tolCp1,0.14285714285714285,6,6,CCGATGGCTTGGCCCCGGGC,0,3679762
tolCp1,0.14285714285714285,6,6,CCGAGAGGCACGATTCTAAT,0,3711393
tolCp1,0.14285714285714285,6,6,CCGACTTCTTGCGGTATAAC,0,3707332
tolCp1,0.14285714285714285,6,6,CCGACACACTCTGTCCCGCT,0,3682869
tolCp1,0.14285714285714285,6,6,CCCGTGTCTCTTTATTGACG,0,3667077
tolCp1,0.14285714285714285,6,6,CCCGTGGAGAGGGCAAGATG,0,3683176
tolCp1,0.14285714285714285,6,6,CCCGGATTGAGTTTCCTATG,0,3683933
tolCp1,0.14285714285714285,6,6,CCCCGTCCTGTTACCGGGTT,0,3709928
tolCp1,0.14285714285714285,6,6,CCCCCAGGTGCATGCCGACT,0,3679606
tolCp1,0.14285714285714285,6,6,CCCAGAAGCTAGCGCTCGTT,0,3703981
tolCp1,0.14285714285714285,6,6,CCATGAGTGAATACTCAGCA,0,3711602
tolCp1,0.14285714285714285,6,6,CCATAGCTAAACCGTCGCTC,0,3679783
tolCp1,0.14285714285714285,6,6,CCAGGTTAAGTGGTCAGTTG,0,3697474
tolCp1,0.14285714285714285,6,6,CCAGACATAGGGCTAAGTTT,0,3665693
tolCp1,0.14285714285714285,6,6,CCACTTGTGGCCTGGCTAAG,0,3664541
tolCp1,0.14285714285714285,6,6,CCACTGGTATTTCTCCTTTG,0,3684146
tolCp1,0.14285714285714285,6,6,CCACGCACAAAATAATGGAC,0,3663029
tolCp1,0.14285714285714285,6,6,CCACCCAAGCCACAGCAAGA,0,3702014
tolCp1,0.14285714285714285,6,6,CCAATTTGAGCACTATATCC,0,3681929
tolCp1,0.14285714285714285,6,6,CCAAAACTATGGGCGCCCTT,0,3714809
tolCp1,0.14285714285714285,6,6,CATTTCAAAGGAAGAAATAT,0,3712074
tolCp1,0.14285714285714285,6,6,CATTCTCGCTAGGCGACCGA,0,3695226
tolCp1,0.14285714285714285,6,6,CATGGTCCCGCAAGGAGGAA,0,3680398
tolCp1,0.14285714285714285,6,6,CATGGGAAATCGCTTTCTTG,0,3689857
tolCp1,0.14285714285714285,6,6,CATGAATAGTTGTCATGAAT,0,3702155
tolCp1,0.14285714285714285,6,6,CATCATGTCGCCTACGAATA,0,3675659
tolCp1,0.14285714285714285,6,6,CATATTATGTTTCGCTATTA,0,3699606
tolCp1,0.14285714285714285,6,6,CAGTATTACTAGCAGCGCCC,0,3712450
tolCp1,0.14285714285714285,6,6,CAGGGACGGAGGGTCGGTCA,0,3664725
tolCp1,0.14285714285714285,6,6,CAGGATAGGAACATGGTTTA,0,3697191
tolCp1,0.14285714285714285,6,6,CAGCGTTATATTTGGCCCAG,0,3696342
tolCp1,0.14285714285714285,6,6,CAGCGACGCCGAGGTTCAAT,0,3678495
tolCp1,0.14285714285714285,6,6,CAGACGATACTTGCCTCAAC,0,3701561
tolCp1,0.14285714285714285,6,6,CACATTATTTATGCAATACG,0,3690374
tolCp1,0.14285714285714285,6,6,CACAAAACTCATTATCAGGA,0,3672242
tolCp1,0.14285714285714285,6,6,CAATCGTAAAGGCCGCGTGT,0,3663650
tolCp1,0.14285714285714285,6,6,CAAGTTAAAGGTCCGACCAA,0,3685998
tolCp1,0.14285714285714285,6,6,CAAGTGTCCTCCAAGAGGTA,0,3665732
tolCp1,0.14285714285714285,6,6,CAAGCGTAGTTCTGTGGTAA,0,3684071
tolCp1,0.14285714285714285,6,6,CAACTACTTTTACATCGGTG,0,3688778
tolCp1,0.14285714285714285,6,6,CAAATCAGCATCCCTCTGTT,0,3690315
tolCp1,0.14285714285714285,6,6,CAAACCAATTTGAGCGAATT,0,3662035
tolCp1,0.14285714285714285,6,6,ATTGAGTATCGCGGATTCCA,0,3708082
tolCp1,0.14285714285714285,6,6,ATTCGTACGACTTCCAGAAT,0,3682808
tolCp1,0.14285714285714285,6,6,ATTAGATGCTCAAGACTAAA,0,3711230
tolCp1,0.14285714285714285,6,6,ATTAGACGACTCGATGAGTT,0,3661915
tolCp1,0.14285714285714285,6,6,ATGTCAAAGTTTCGACGAGT,0,3713547
tolCp1,0.14285714285714285,6,6,ATGTACGAGACCGACAGTGC,0,3686461
tolCp1,0.14285714285714285,6,6,ATGATTTGTCGTCGCGGGTG,0,3673348
tolCp1,0.14285714285714285,6,6,ATGATCTAAGAGGTGGCTAC,0,3686761
tolCp1,0.14285714285714285,6,6,ATGAGTAGGCAAATGTTTTT,0,3687229
tolCp1,0.14285714285714285,6,6,ATCTTGCACTTTGAGCTCAC,0,3690471
tolCp1,0.14285714285714285,6,6,ATCTTAGTTGAGAGTTGTGC,0,3675816
tolCp1,0.14285714285714285,6,6,ATCTCTTGGTCTGTTAAGTG,0,3705583
tolCp1,0.14285714285714285,6,6,ATCTCACGGACAGTGTCAAT,0,3703261
tolCp1,0.14285714285714285,6,6,ATCCTCCAAGCCAGACGACG,0,3684023
tolCp1,0.14285714285714285,6,6,ATCCGAGAGCGGGGATAATA,0,3702619
tolCp1,0.14285714285714285,6,6,ATAGGAAAAGCTGTTTGTCA,0,3704342
tolCp1,0.14285714285714285,6,6,ATAGCCATCCGTGCTGCATC,0,3688430
tolCp1,0.14285714285714285,6,6,ATACGTTCCACGTTTGTCGA,0,3712836
tolCp1,0.14285714285714285,6,6,ATACCCCCGTTGCATACTTT,0,3681544
tolCp1,0.14285714285714285,6,6,ATAAAATGCCAGCAATGATG,0,3707898
tolCp1,0.14285714285714285,6,6,ATAAAAACGTATTCACTTGC,0,3688598
tolCp1,0.14285714285714285,6,6,AGTCTGCCGACACCGGTTGC,0,3713922
tolCp1,0.14285714285714285,6,6,AGTCTGAAGCTCGGTGTGAA,0,3713925
tolCp1,0.14285714285714285,6,6,AGTAAGTAGGATTCGATGGA,0,3664405
tolCp1,0.14285714285714285,6,6,AGGTTCAAAGGCATGGATAA,0,3668886
tolCp1,0.14285714285714285,6,6,AGGTCTTATCCAGTGTGGGG,0,3714886
tolCp1,0.14285714285714285,6,6,AGGGAAGCTACAGTCACCGT,0,3708083
tolCp1,0.14285714285714285,6,6,AGGGAAAACTCTGTCGTTAC,0,3695070
tolCp1,0.14285714285714285,6,6,AGGATAGGTTAATGTACATA,0,3666428
tolCp1,0.14285714285714285,6,6,AGGATAGCCAACATAAAGAG,0,3700350
tolCp1,0.14285714285714285,6,6,AGGAATGCCAGTCTCTAACG,0,3691698
tolCp1,0.14285714285714285,6,6,AGGAATATTAGTCGGGCCAC,0,3705883
tolCp1,0.14285714285714285,6,6,AGCGATTAATGGCTATGCAT,0,3664526
tolCp1,0.14285714285714285,6,6,AGCGAAATATGGTTATTCCA,0,3696509
tolCp1,0.14285714285714285,6,6,AGCATACCTGTCAAGGAGAC,0,3688561
tolCp1,0.14285714285714285,6,6,AGCAATGGCGGGCGCGCTAT,0,3665707
tolCp1,0.14285714285714285,6,6,AGATTTGTACAGAAATCGTT,0,3662287
tolCp1,0.14285714285714285,6,6,AGATTGCCCGTGGCTTTATA,0,3688448
tolCp1,0.14285714285714285,6,6,AGATCACATTAGATCAATAT,0,3670377
tolCp1,0.14285714285714285,6,6,AGAGAAAATAGTTAAATCGG,0,3662335
tolCp1,0.14285714285714285,6,6,AGACCCAGGACTGCGCTATA,0,3703716
tolCp1,0.14285714285714285,6,6,AGAACCAGCCCCACATCGGT,0,3707392
tolCp1,0.14285714285714285,6,6,AGAAACCATATAATGATTGT,0,3692525
tolCp1,0.14285714285714285,6,6,ACTTGGGCCGTGTCGTGATA,0,3684891
tolCp1,0.14285714285714285,6,6,ACTTCGGGGCTTGTGCATAT,0,3679119
tolCp1,0.14285714285714285,6,6,ACTGGACCCAGGGGATGAGG,0,3700017
tolCp1,0.14285714285714285,6,6,ACTACCCTGAACCCATAGAA,0,3670815
tolCp1,0.14285714285714285,6,6,ACTACAACCCAGACACTAGA,0,3691912
tolCp1,0.14285714285714285,6,6,ACTAAGGCCCGGGCATCTCA,0,3685795
tolCp1,0.14285714285714285,6,6,ACGTTGCCTCGGGAATCGGA,0,3679457
tolCp1,0.14285714285714285,6,6,ACGGTGCGAAGGCCGTAGCT,0,3671784
tolCp1,0.14285714285714285,6,6,ACGGGGCCGATCTCATTCAG,0,3663538
tolCp1,0.14285714285714285,6,6,ACGCTAGATACTCTGTTCAC,0,3682314
tolCp1,0.14285714285714285,6,6,ACGACAATGGCGCACACAAG,0,3691960
tolCp1,0.14285714285714285,6,6,ACCTGCGTAGCGAACAATTG,0,3711532
tolCp1,0.14285714285714285,6,6,ACCTCTGGAGTGCCGGGATA,0,3678611
tolCp1,0.14285714285714285,6,6,ACCGTAATCAGATTAAGGCT,0,3677168
tolCp1,0.14285714285714285,6,6,ACCGTAACGGCTAAAGACTA,0,3687855
tolCp1,0.14285714285714285,6,6,ACCGGCGTTGGTGGTATCAC,0,3668465
tolCp1,0.14285714285714285,6,6,ACCGCCGGCCTAGAGCCGTC,0,3710903
tolCp1,0.14285714285714285,6,6,ACCGAGGTAGTTCCGGCGGC,0,3678261
tolCp1,0.14285714285714285,6,6,ACCGAGAACATCCTCAAACT,0,3680246
tolCp1,0.14285714285714285,6,6,ACCCCTAAAATCAGAATAGA,0,3678307
tolCp1,0.14285714285714285,6,6,ACCCAGCCTCGGCTACATTC,0,3693003
tolCp1,0.14285714285714285,6,6,ACCAGATGAATGGATAGGGT,0,3674967
tolCp1,0.14285714285714285,6,6,ACCACTTGTATAACGGACTG,0,3706846
tolCp1,0.14285714285714285,6,6,ACATTGGGCAACTTGGCTAC,0,3661620
tolCp1,0.14285714285714285,6,6,ACAGGGCTACCGCCCTGTCG,0,3665590
tolCp1,0.14285714285714285,6,6,ACACCAGTCCTGTCTTAAAG,0,3697221
tolCp1,0.14285714285714285,6,6,ACAAGGGCATGCTTCTGTGA,0,3710092
tolCp1,0.14285714285714285,6,6,ACAACTTCCATGTGGGTTTC,0,3675924
tolCp1,0.14285714285714285,6,6,ACAAATTCGGCAACCGTCAC,0,3680941
tolCp1,0.14285714285714285,6,6,AATTGTCTCTCCGCCTTGCG,0,3699917
tolCp1,0.14285714285714285,6,6,AATTCAGCGTAAGTATCAGG,0,3692692
tolCp1,0.14285714285714285,6,6,AATTAGCATACGTATTTTGT,0,3694774
tolCp1,0.14285714285714285,6,6,AATCTGGGACATAACCAGTA,0,3691537
tolCp1,0.14285714285714285,6,6,AATCAATGTGGGATTGCAGA,0,3678342
tolCp1,0.14285714285714285,6,6,AATATAACGCCGCTGCATCC,0,3700854
tolCp1,0.14285714285714285,6,6,AAGTAATCGTAAGATCCTCC,0,3678406
tolCp1,0.14285714285714285,6,6,AAGGTAGCCTGTAGAACAGC,0,3681536
tolCp1,0.14285714285714285,6,6,AAGGGAAGTTGGCAGATGCT,0,3684688
tolCp1,0.14285714285714285,6,6,AAGGCGATCCGATCGGGCTT,0,3692758
tolCp1,0.14285714285714285,6,6,AAGCGGAGTGCCAAGTTGTG,0,3690657
tolCp1,0.14285714285714285,6,6,AAGCCTCGTGCAGGGCTCTA,0,3669942
tolCp1,0.14285714285714285,6,6,AAGAGACTCATATGTTATCA,0,3706795
tolCp1,0.14285714285714285,6,6,AAGAGACATTTAAAACATTC,0,3678112
tolCp1,0.14285714285714285,6,6,AAGACGTACTTCGTGTATGG,0,3669176
tolCp1,0.14285714285714285,6,6,AAGAATGATATAAGTATGGC,0,3675966
tolCp1,0.14285714285714285,6,6,AACGGGCCGACCCCAATCCC,0,3687639
tolCp1,0.14285714285714285,6,6,AACGATGAAACAGTATAAAA,0,3683077
tolCp1,0.14285714285714285,6,6,AACCGATCTCGCATGATTCG,0,3708743
tolCp1,0.14285714285714285,6,6,AACCCGAGAAGCCTATTGTC,0,3673166
tolCp1,0.14285714285714285,6,6,AACAGGTATTAGCTTCATTT,0,3697763
tolCp1,0.14285714285714285,6,6,AAACATGAAATTGCGTGTAG,0,3690045
tolCp1,0.14285714285714285,6,6,AAAAATCGGTATCGTTGCTT,0,3714779
tolCp1,0.16666666666666666,5,5,TTTTCAGGACAAGGTACCGT,0,3696874
tolCp1,0.16666666666666666,5,5,TTTTATCTGTTGTGGCATTA,0,3713751
tolCp1,0.16666666666666666,5,5,TTTGGTTTTCATAAAGAGGC,0,3677327
tolCp1,0.16666666666666666,5,5,TTTGGCACGTCTCTGAGGAA,0,3697610
tolCp1,0.16666666666666666,5,5,TTTGCTGCGTGGACGGTATG,0,3704975
tolCp1,0.16666666666666666,5,5,TTTGATCGCAAATCGGCGGA,0,3664806
tolCp1,0.16666666666666666,5,5,TTTATATTCTAACGGTCTTA,0,3697960
tolCp1,0.16666666666666666,5,5,TTGTTTTTTTTCACACCTTC,0,3673487
tolCp1,0.16666666666666666,5,5,TTGTGGATTGCTATGCGTAC,0,3709695
tolCp1,0.16666666666666666,5,5,TTGTGCCTGGCGATGAACTC,0,3663045
tolCp1,0.16666666666666666,5,5,TTGTAGCCGGACAGGCGTTT,0,3669516
tolCp1,0.16666666666666666,5,5,TTGGGGTTAATAAGTTATGA,0,3691943
tolCp1,0.16666666666666666,5,5,TTGGACCGCGGTGTAGGAAG,0,3670375
tolCp1,0.16666666666666666,5,5,TTGGACCCCGTAACCTACGA,0,3690570
tolCp1,0.16666666666666666,5,5,TTGCGAACTTATTGTCGCGC,0,3673490
tolCp1,0.16666666666666666,5,5,TTGAGGGCTGCGTGTAAAGG,0,3712579
tolCp1,0.16666666666666666,5,5,TTGAGCTAAATCGCTCATAG,0,3662948
tolCp1,0.16666666666666666,5,5,TTCTTCGTTTTCTCGGTCTA,0,3712536
tolCp1,0.16666666666666666,5,5,TTCTGAGATTACACTTCTTT,0,3702123
tolCp1,0.16666666666666666,5,5,TTCTCCGGCCAGACGTGCAG,0,3672892
tolCp1,0.16666666666666666,5,5,TTCGTGCGCTTTCAAGCACT,0,3675663
tolCp1,0.16666666666666666,5,5,TTCGGTCTCCCTGACAACGT,0,3693750
tolCp1,0.16666666666666666,5,5,TTCGCTCTGTAGTGGTTTCT,0,3711010
tolCp1,0.16666666666666666,5,5,TTCGAGACCTTTTGTTTAGA,0,3665698
tolCp1,0.16666666666666666,5,5,TTCCCGTTAGATGTTGAGCA,0,3684815
tolCp1,0.16666666666666666,5,5,TTCCCGCCTCATGGGTCTCC,0,3711527
tolCp1,0.16666666666666666,5,5,TTCCATGTTCGACATTGCGT,0,3684870
tolCp1,0.16666666666666666,5,5,TTCATCTGGCCTGGTAGCAT,0,3689613
tolCp1,0.16666666666666666,5,5,TTCAGAAGAGGTGCCCAAAG,0,3695506
tolCp1,0.16666666666666666,5,5,TTCAATCTTCCAGAAACTTC,0,3662489
tolCp1,0.16666666666666666,5,5,TTCAACGGTGAGGAATTACT,0,3666092
tolCp1,0.16666666666666666,5,5,TTATTTAGGTAATGGTTTTA,0,3690854
tolCp1,0.16666666666666666,5,5,TTATTGCCGCAACGGTGCGG,0,3688928
tolCp1,0.16666666666666666,5,5,TTATCAGTTGTTACCTTAAC,0,3663551
tolCp1,0.16666666666666666,5,5,TTACTTCCATGATGATGTTG,0,3676447
tolCp1,0.16666666666666666,5,5,TTACATCAGGCCCCGTAGTA,0,3715270
tolCp1,0.16666666666666666,5,5,TTAAACGGGTTATGCGGCCC,0,3706876
tolCp1,0.16666666666666666,5,5,TGTTGGAGAAGGCAGACTAG,0,3694287
tolCp1,0.16666666666666666,5,5,TGTGTTAGTCAGCTCGCAGA,0,3694729
tolCp1,0.16666666666666666,5,5,TGTGGGGAGGCTGACCTCTT,0,3681874
tolCp1,0.16666666666666666,5,5,TGTGGAGTCGGTGTGACGCG,0,3691721
tolCp1,0.16666666666666666,5,5,TGTCAACCGGCATCAGCCTT,0,3681052
tolCp1,0.16666666666666666,5,5,TGTATTAATGTTGGTAAGCC,0,3707037
tolCp1,0.16666666666666666,5,5,TGGTTTTGCCTCCAAAGCGC,0,3667928
tolCp1,0.16666666666666666,5,5,TGGTTCGTGACTATGGGTCC,0,3705604
tolCp1,0.16666666666666666,5,5,TGGTTAGGTTACGGCAGTAA,0,3703134
tolCp1,0.16666666666666666,5,5,TGGTGGTATTGATTATATTA,0,3707662
tolCp1,0.16666666666666666,5,5,TGGGTCATCCATGTGTCGGT,0,3695958
tolCp1,0.16666666666666666,5,5,TGGGTACGCGAATAGGGATA,0,3694497
tolCp1,0.16666666666666666,5,5,TGGGATCGAGTGATCAATCG,0,3685371
tolCp1,0.16666666666666666,5,5,TGGCTCCTAGCAAAACGAAC,0,3703000
tolCp1,0.16666666666666666,5,5,TGGCGGCCTCCAAAGATGTT,0,3676339
tolCp1,0.16666666666666666,5,5,TGGCACCGGACGTTCCGCGG,0,3701880
tolCp1,0.16666666666666666,5,5,TGGAGTCACGGATTTTACAC,0,3693766
tolCp1,0.16666666666666666,5,5,TGGAGACGCGCGCGAGCCCT,0,3701800
tolCp1,0.16666666666666666,5,5,TGCTCTTTAGCAATCCTTCC,0,3681153
tolCp1,0.16666666666666666,5,5,TGCGGCGCTCCACAGCTTCA,0,3668392
tolCp1,0.16666666666666666,5,5,TGCGAATAATTAAGCACTGA,0,3704877
tolCp1,0.16666666666666666,5,5,TGCATCTCGATCAGATCCAC,0,3674832
tolCp1,0.16666666666666666,5,5,TGCACTCGGAATAAAGTTCT,0,3702117
tolCp1,0.16666666666666666,5,5,TGCAAGAAGGGACCGGTTCC,0,3691241
tolCp1,0.16666666666666666,5,5,TGATGCCTCTCGATAGATAC,0,3712075
tolCp1,0.16666666666666666,5,5,TGATGAGCCGGGACCGATCA,0,3695297
tolCp1,0.16666666666666666,5,5,TGAGTATAGCCCGCGTTGGT,0,3687105
tolCp1,0.16666666666666666,5,5,TGAGAAAAGCGAAGGTAACA,0,3679406
tolCp1,0.16666666666666666,5,5,TGACTTGACCGTCAGAATGG,0,3673259
tolCp1,0.16666666666666666,5,5,TGACGTACGTTTCCCCTCTT,0,3664543
tolCp1,0.16666666666666666,5,5,TGACGAAAGGCAGTGAAACA,0,3662029
tolCp1,0.16666666666666666,5,5,TGACCGGCTCCCAGACAGGT,0,3690358
tolCp1,0.16666666666666666,5,5,TGACCAAGGTGCACCGTGTC,0,3702465
tolCp1,0.16666666666666666,5,5,TGACATCACTGCAGAACCCA,0,3699047
tolCp1,0.16666666666666666,5,5,TGAAATAAGAACTGCTTAGA,0,3677245
tolCp1,0.16666666666666666,5,5,TGAAAGGAAGTTGGAACCAT,0,3675245
tolCp1,0.16666666666666666,5,5,TGAAAAGATGACTGGGTGGA,0,3691221
tolCp1,0.16666666666666666,5,5,TGAAAACTACATAGAGGATT,0,3672886
tolCp1,0.16666666666666666,5,5,TCTTAATTCGCGTAGGATAA,0,3665043
tolCp1,0.16666666666666666,5,5,TCTGCTTCGATCTTGAATGG,0,3665938
tolCp1,0.16666666666666666,5,5,TCTCGGGTTTGGTCCTGGTT,0,3671475
tolCp1,0.16666666666666666,5,5,TCTCACTCGAACCCTCGCAG,0,3675889
tolCp1,0.16666666666666666,5,5,TCTATGCAACAGACCAGGTA,0,3693762
tolCp1,0.16666666666666666,5,5,TCTACGGGTGTACTCGATCT,0,3706384
tolCp1,0.16666666666666666,5,5,TCGTTTTTAGTTGTAGACGT,0,3684847
tolCp1,0.16666666666666666,5,5,TCGTTGTCGCATTGAGCATA,0,3673265
tolCp1,0.16666666666666666,5,5,TCGTAAGGAATGGTGACCAG,0,3677687
tolCp1,0.16666666666666666,5,5,TCGGTTCCCGACCAGTAACT,0,3700536
tolCp1,0.16666666666666666,5,5,TCGGGCCAGGTCTACCAGCC,0,3704902
tolCp1,0.16666666666666666,5,5,TCGGGATATCCCAGAAATGT,0,3697652
tolCp1,0.16666666666666666,5,5,TCGCGAGACGAACGAGGTTC,0,3676824
tolCp1,0.16666666666666666,5,5,TCGAGTTAGCTAAGTCCCCA,0,3714165
tolCp1,0.16666666666666666,5,5,TCGACGCACTACCAGATACG,0,3690603
tolCp1,0.16666666666666666,5,5,TCGACAGTGGCGAGTGCTAA,0,3681367
tolCp1,0.16666666666666666,5,5,TCCTTCCTCAGGACCGCGGC,0,3698282
tolCp1,0.16666666666666666,5,5,TCCTGACGGGCGACTCCGGT,0,3666090
tolCp1,0.16666666666666666,5,5,TCCTAAATGGCACCTACGAT,0,3701050
tolCp1,0.16666666666666666,5,5,TCCCTTTGAACGGTGGTGTC,0,3668202
tolCp1,0.16666666666666666,5,5,TCCCACATATGCAGAAATCG,0,3689472
tolCp1,0.16666666666666666,5,5,TCATTCTCACCGACGCTCGC,0,3677603
tolCp1,0.16666666666666666,5,5,TCATCGGTGGGCGCATCGGG,0,3709089
tolCp1,0.16666666666666666,5,5,TCAGTGCGGGGTATGCTTCA,0,3711533
tolCp1,0.16666666666666666,5,5,TCAGCTCGACGCGAGATTCA,0,3692744
tolCp1,0.16666666666666666,5,5,TCAAGGCGCACATGTAGAAA,0,3705280
tolCp1,0.16666666666666666,5,5,TCAACGTTTGAAGTGCTGCT,0,3694395
tolCp1,0.16666666666666666,5,5,TCAAAGCCTCTCGGTAGACT,0,3685672
tolCp1,0.16666666666666666,5,5,TCAAAGAGTCCCACTTGAGC,0,3665885
tolCp1,0.16666666666666666,5,5,TATTTGTCTTTGCTTTGGAG,0,3714123
tolCp1,0.16666666666666666,5,5,TATTCTAGCTTAGTACGTAA,0,3713444
tolCp1,0.16666666666666666,5,5,TATTAGGCAGAGTCTTGGCA,0,3707590
tolCp1,0.16666666666666666,5,5,TATTAAATAAGCGTATGCGC,0,3694555
tolCp1,0.16666666666666666,5,5,TATGTGAGGGGGCCAGATAT,0,3666944
tolCp1,0.16666666666666666,5,5,TATGGATGCTCTGTTAACGT,0,3713156
tolCp1,0.16666666666666666,5,5,TATGCCGCGTGCCCACACGT,0,3700604
tolCp1,0.16666666666666666,5,5,TATCTGCATCCAAGCACTTA,0,3669732
tolCp1,0.16666666666666666,5,5,TATCCGAAGAAGTCATGCGT,0,3683961
tolCp1,0.16666666666666666,5,5,TATCACGAGTACTGCGTGCC,0,3694777
tolCp1,0.16666666666666666,5,5,TATATGCTTGCAGCTCGTGC,0,3669278
tolCp1,0.16666666666666666,5,5,TATATCGTCAACAGCGTAGA,0,3669033
tolCp1,0.16666666666666666,5,5,TATAAGGGCGTCGGTCGGAA,0,3696794
tolCp1,0.16666666666666666,5,5,TAGGGTATTTTCCGACCAGC,0,3705838
tolCp1,0.16666666666666666,5,5,TAGGCCGTAGCCATCTGTCA,0,3707926
tolCp1,0.16666666666666666,5,5,TAGGCACGTACGACCGCCCG,0,3712871
tolCp1,0.16666666666666666,5,5,TAGGAGCATCCCGCGCCAGA,0,3691366
tolCp1,0.16666666666666666,5,5,TAGAGATTGGCGAGTCATAT,0,3709675
tolCp1,0.16666666666666666,5,5,TAGACTCCCTACCTCGTCAG,0,3698772
tolCp1,0.16666666666666666,5,5,TAGACAGGACGTCACGACCC,0,3690052
tolCp1,0.16666666666666666,5,5,TAGAACTCCCGGCCATCACC,0,3682523
tolCp1,0.16666666666666666,5,5,TACTGGTACCAGAATGGACT,0,3679413
tolCp1,0.16666666666666666,5,5,TACGGCCTATTATGCTGGGG,0,3685383
tolCp1,0.16666666666666666,5,5,TACGGATGAGCATTGGCGTA,0,3709471
tolCp1,0.16666666666666666,5,5,TACGAGACACTTTGTAACGC,0,3713502
tolCp1,0.16666666666666666,5,5,TACCGTGCACCCTAATGAGG,0,3687782
tolCp1,0.16666666666666666,5,5,TACCGGCGATCCCTGTACGT,0,3678528
tolCp1,0.16666666666666666,5,5,TACCCGCACCGGAGGTAAGT,0,3661513
tolCp1,0.16666666666666666,5,5,TAATGGGCCTACTAAGTTAT,0,3692199
tolCp1,0.16666666666666666,5,5,TAATCCCTCGTAAGCGTAAG,0,3695819
tolCp1,0.16666666666666666,5,5,TAAGTGATCTTTAGGCAATT,0,3699118
tolCp1,0.16666666666666666,5,5,TAAGTACTTCACTCTCAGAC,0,3687287
tolCp1,0.16666666666666666,5,5,TAACGCTTTCCCTTACAGCC,0,3680505
tolCp1,0.16666666666666666,5,5,TAACGCGCAGTGGAGGTAGG,0,3692816
tolCp1,0.16666666666666666,5,5,TAACCGGGGTTAGTTCGGAT,0,3672828
tolCp1,0.16666666666666666,5,5,TAACCACAACTCTCGTCACT,0,3670191
tolCp1,0.16666666666666666,5,5,TAACCAAACAAACAGAATAT,0,3702422
tolCp1,0.16666666666666666,5,5,TAACATAAGCGGTGGGAGGG,0,3681963
tolCp1,0.16666666666666666,5,5,TAAAGGGCGCTTTGGGAGAT,0,3688033
tolCp1,0.16666666666666666,5,5,TAAAGCAATACCGTTTGCAT,0,3711547
tolCp1,0.16666666666666666,5,5,GTTTCGAGCGGCCGCCGGCG,0,3662665
tolCp1,0.16666666666666666,5,5,GTTGGGTCGATAAACGTCGA,0,3671302
tolCp1,0.16666666666666666,5,5,GTTGCCACGGGAGGAGTATA,0,3709905
tolCp1,0.16666666666666666,5,5,GTTGAGGTAATACTAGGTTT,0,3691332
tolCp1,0.16666666666666666,5,5,GTTCGGGCGTCAGCTTGTCG,0,3692408
tolCp1,0.16666666666666666,5,5,GTTAAACGGGGGTGCATAGT,0,3690228
tolCp1,0.16666666666666666,5,5,GTGTGAATGTACGGACGTAA,0,3702064
tolCp1,0.16666666666666666,5,5,GTGTCTTAGAAATAATCTAT,0,3705234
tolCp1,0.16666666666666666,5,5,GTGTCATGCGCTATCTTCCC,0,3701563
tolCp1,0.16666666666666666,5,5,GTGGTTCACCGGTACACCAG,0,3712400
tolCp1,0.16666666666666666,5,5,GTGGGGAAAGCTGAGAGGCT,0,3706785
tolCp1,0.16666666666666666,5,5,GTGGAACGCTTCTGTAAGGT,0,3715273
tolCp1,0.16666666666666666,5,5,GTGCCCACAAAGGGTCTTAC,0,3694324
tolCp1,0.16666666666666666,5,5,GTGCATTGCCCGAATCCAAA,0,3667969
tolCp1,0.16666666666666666,5,5,GTGATGCGGAGACGGTACGA,0,3677753
tolCp1,0.16666666666666666,5,5,GTGAGGGCACGCCATACAGA,0,3676230
tolCp1,0.16666666666666666,5,5,GTCTTACACATTAGGAGAAC,0,3704322
tolCp1,0.16666666666666666,5,5,GTCTGGAACTGGCGGTAGAA,0,3693780
tolCp1,0.16666666666666666,5,5,GTCGCACCTGCATGATAGAT,0,3702170
tolCp1,0.16666666666666666,5,5,GTCCGTGACCTAAGAGTGCC,0,3695593
tolCp1,0.16666666666666666,5,5,GTCCCGGGTCACAGGAAGGC,0,3702469
tolCp1,0.16666666666666666,5,5,GTCCACATTGTTTACGTACG,0,3700205
tolCp1,0.16666666666666666,5,5,GTCAGTCCACTTGGTCGTGC,0,3683004
tolCp1,0.16666666666666666,5,5,GTCAGGGGGTGACACTCTTG,0,3703160
tolCp1,0.16666666666666666,5,5,GTATTTTTGTCGCATTATTT,0,3710108
tolCp1,0.16666666666666666,5,5,GTATATCTTGCAAATCTTGT,0,3667616
tolCp1,0.16666666666666666,5,5,GTATAAACAGCGGTCGTCTT,0,3661775
tolCp1,0.16666666666666666,5,5,GTACCCCGCATGCTGGTTAT,0,3666070
tolCp1,0.16666666666666666,5,5,GTACAGTTTCCCCATAGATT,0,3687485
tolCp1,0.16666666666666666,5,5,GTAATGCTGCAGGGCTCCCA,0,3674958
tolCp1,0.16666666666666666,5,5,GTAATCGAGCGCAGGGGATC,0,3715117
tolCp1,0.16666666666666666,5,5,GTAACTTCAGGGTTTCGTAA,0,3713535
tolCp1,0.16666666666666666,5,5,GGTTTTATGTCCGCTTTAAC,0,3694123
tolCp1,0.16666666666666666,5,5,GGTTTATATGGTCATTCGGA,0,3686732
tolCp1,0.16666666666666666,5,5,GGTTGCAGACTTATCTGAAT,0,3707790
tolCp1,0.16666666666666666,5,5,GGTTCAGTTAATTAGCCCAC,0,3674094
tolCp1,0.16666666666666666,5,5,GGTTATAATTTCGGCCTGCA,0,3692300
tolCp1,0.16666666666666666,5,5,GGTCTCCCGGAGCGAGAGAT,0,3663138
tolCp1,0.16666666666666666,5,5,GGTCCGTCGTCCTAAATCTC,0,3699438
tolCp1,0.16666666666666666,5,5,GGTCATGCGAGTAGTAGGAG,0,3681913
tolCp1,0.16666666666666666,5,5,GGTCAATACCAAGTGATCAC,0,3677226
tolCp1,0.16666666666666666,5,5,GGTATTACTCGACCCTTTGG,0,3710890
tolCp1,0.16666666666666666,5,5,GGTAGTCACAACATGCCTCC,0,3688768
tolCp1,0.16666666666666666,5,5,GGTACTAAATCTTGAGGCGA,0,3683852
tolCp1,0.16666666666666666,5,5,GGTAAGATAGCCGATGGTCG,0,3691201
tolCp1,0.16666666666666666,5,5,GGGGGCGGCGGGCACTGAGA,0,3710721
tolCp1,0.16666666666666666,5,5,GGGCGTCCTAAGGCGCTTTA,0,3691065
tolCp1,0.16666666666666666,5,5,GGGATCACAGTCGGCATCGT,0,3673256
tolCp1,0.16666666666666666,5,5,GGGAGTCCAGTATAGGACGT,0,3712842
tolCp1,0.16666666666666666,5,5,GGGACGCCCAGACTCGAGAA,0,3677118
tolCp1,0.16666666666666666,5,5,GGCTTGGTTTGCCCAACTTT,0,3663644
tolCp1,0.16666666666666666,5,5,GGCGTTATGTGACTGTGCCC,0,3662609
tolCp1,0.16666666666666666,5,5,GGCGCTTGATTTCCTCACCC,0,3678633
tolCp1,0.16666666666666666,5,5,GGCCGCGTTCCGACTGTATC,0,3708496
tolCp1,0.16666666666666666,5,5,GGCAGGTCTGGTTGAGAGGG,0,3677669
tolCp1,0.16666666666666666,5,5,GGCAGCCGAAGGGCGTGTCA,0,3670316
tolCp1,0.16666666666666666,5,5,GGCACTCAGGTGCGCACTTC,0,3681181
tolCp1,0.16666666666666666,5,5,GGCACGGTTGGTGGCACTCC,0,3688156
tolCp1,0.16666666666666666,5,5,GGATTCGCCCGGCCCCGGCC,0,3690795
tolCp1,0.16666666666666666,5,5,GGAGGGATAATCCTAAGTTC,0,3684644
tolCp1,0.16666666666666666,5,5,GGAGGGAGCGCGAGCAAGTC,0,3663072
tolCp1,0.16666666666666666,5,5,GGAGCGGATCTCAAGAGTGA,0,3696001
tolCp1,0.16666666666666666,5,5,GGACCTCGAAGGATGTCGTT,0,3693095
tolCp1,0.16666666666666666,5,5,GGACCATGACATGCTGGTCC,0,3692881
tolCp1,0.16666666666666666,5,5,GGACCAAAAGTCTCCCCTTA,0,3696057
tolCp1,0.16666666666666666,5,5,GGACATATGGAAGACACTCC,0,3676630
tolCp1,0.16666666666666666,5,5,GGAATATCCACACTAGAATA,0,3693901
tolCp1,0.16666666666666666,5,5,GGAAGCATGGGTTTTCACAT,0,3684686
tolCp1,0.16666666666666666,5,5,GGAAGCACTGAAAGTATCAT,0,3669210
tolCp1,0.16666666666666666,5,5,GGAAGCAAGCTCTAAGCCTC,0,3701608
tolCp1,0.16666666666666666,5,5,GGAACCGTAAGTTGGTGGAG,0,3661165
tolCp1,0.16666666666666666,5,5,GGAAACGAGTGTCCTACTAC,0,3664023
tolCp1,0.16666666666666666,5,5,GGAAAACATTTGTCATATTG,0,3701789
tolCp1,0.16666666666666666,5,5,GCTTGGAGGCCCCTTGGCGT,0,3714050
tolCp1,0.16666666666666666,5,5,GCTGGCTGACACGTAATGTG,0,3705724
tolCp1,0.16666666666666666,5,5,GCTGCCTTAGGGTTTGCGAG,0,3661730
tolCp1,0.16666666666666666,5,5,GCTGAGTAGGTATGCGGAGG,0,3674234
tolCp1,0.16666666666666666,5,5,GCTCTTAGATGTGCAATAAA,0,3699865
tolCp1,0.16666666666666666,5,5,GCTCGGCGACATTTACTTGG,0,3676222
tolCp1,0.16666666666666666,5,5,GCGTTTATGAGCGCTATAAC,0,3670763
tolCp1,0.16666666666666666,5,5,GCGTCATAACGGCGACCGGC,0,3662909
tolCp1,0.16666666666666666,5,5,GCGTAACGCTAGGCACGGCA,0,3684058
tolCp1,0.16666666666666666,5,5,GCGCCAGGAGTGGAAAGCGG,0,3662531
tolCp1,0.16666666666666666,5,5,GCGCATGCCTTGGGCCGCTG,0,3696396
tolCp1,0.16666666666666666,5,5,GCGACGGGGACGGGTTATAG,0,3691061
tolCp1,0.16666666666666666,5,5,GCGACCTCAGTCAACAACGT,0,3681488
tolCp1,0.16666666666666666,5,5,GCCTAAGGGTACGCTCACAG,0,3680235
tolCp1,0.16666666666666666,5,5,GCCGTGCTGAAAACGGTTAG,0,3665895
tolCp1,0.16666666666666666,5,5,GCCGGGCCAAGGTTGTGCTA,0,3699107
tolCp1,0.16666666666666666,5,5,GCCGGCTCTGGCTCTAACGT,0,3697602
tolCp1,0.16666666666666666,5,5,GCCGCGGCACTAATCATATC,0,3678482
tolCp1,0.16666666666666666,5,5,GCCCAGTAGACTTGGCGCCA,0,3708346
tolCp1,0.16666666666666666,5,5,GCCAAAAACAATATTAAAGG,0,3707514
tolCp1,0.16666666666666666,5,5,GCATGGTAGTCTGCGCGCGA,0,3677826
tolCp1,0.16666666666666666,5,5,GCATCTGCGTCACATGCACA,0,3667425
tolCp1,0.16666666666666666,5,5,GCATCCTATATGCCAATTAC,0,3692039
tolCp1,0.16666666666666666,5,5,GCATCAGTGTTATCGAGAAA,0,3693528
tolCp1,0.16666666666666666,5,5,GCATACTTGGACCACGTGAA,0,3690611
tolCp1,0.16666666666666666,5,5,GCAGTCAGGTCAGCGATCCA,0,3663409
tolCp1,0.16666666666666666,5,5,GCAGGTGCCATACCCCATGT,0,3713670
tolCp1,0.16666666666666666,5,5,GCAGGCCAAACCCACGACAA,0,3690217
tolCp1,0.16666666666666666,5,5,GCACTTGTGGTTTCTAACTA,0,3662270
tolCp1,0.16666666666666666,5,5,GCACTCGTGTGTCCGTTAAT,0,3713085
tolCp1,0.16666666666666666,5,5,GCACGTATGATCTGTTACTT,0,3690053
tolCp1,0.16666666666666666,5,5,GCACGGGTAGTTCCGAGTTG,0,3688506
tolCp1,0.16666666666666666,5,5,GCACCTGCGCTTTAGTTAAC,0,3674418
tolCp1,0.16666666666666666,5,5,GCACACAACAGCAGCGGTAA,0,3690659
tolCp1,0.16666666666666666,5,5,GCAACCTCACCCAACGCACC,0,3684352
tolCp1,0.16666666666666666,5,5,GATGCCTCACCGATCCGAGA,0,3682373
tolCp1,0.16666666666666666,5,5,GATGCAGCAGATCGGACGTA,0,3661419
tolCp1,0.16666666666666666,5,5,GATCACGATACGCCACTACG,0,3707008
tolCp1,0.16666666666666666,5,5,GATCAAAAGGGGTGCTACGG,0,3675683
tolCp1,0.16666666666666666,5,5,GAGTGTTAAGCGCGCAATAC,0,3695106
tolCp1,0.16666666666666666,5,5,GAGTCATATAGGGGAGCCAG,0,3691562
tolCp1,0.16666666666666666,5,5,GAGTCAGGAAGCACTCACTG,0,3692465
tolCp1,0.16666666666666666,5,5,GAGGTTATGTAGACATCGGG,0,3668468
tolCp1,0.16666666666666666,5,5,GAGGGGCAATGTTGACCGGT,0,3694356
tolCp1,0.16666666666666666,5,5,GAGGGATAAACGGTTTTACC,0,3710971
tolCp1,0.16666666666666666,5,5,GAGCGTCTCGAGCGGCGTAA,0,3699962
tolCp1,0.16666666666666666,5,5,GAGCGGTGATGTTTTGCGAC,0,3706224
tolCp1,0.16666666666666666,5,5,GAGCGAGTTGTCTGCGTCGG,0,3707575
tolCp1,0.16666666666666666,5,5,GAGATGGGTCGGGTTATGTC,0,3684002
tolCp1,0.16666666666666666,5,5,GAGATAGGCCAGCCATGGAG,0,3681411
tolCp1,0.16666666666666666,5,5,GAGACGGCTTGATTATCGCT,0,3669959
tolCp1,0.16666666666666666,5,5,GAGACGCCGGTCACCGCTGG,0,3686475
tolCp1,0.16666666666666666,5,5,GAGAATGTTAAACGCGGGAG,0,3678716
tolCp1,0.16666666666666666,5,5,GACTTCTTGTAGCACAGTTT,0,3693123
tolCp1,0.16666666666666666,5,5,GACTCCCTGAAGTACGCAGT,0,3675589
tolCp1,0.16666666666666666,5,5,GACTCAGAGGGCGCAAGTTA,0,3663104
tolCp1,0.16666666666666666,5,5,GACCTGAAGCCCGATCAGTA,0,3670636
tolCp1,0.16666666666666666,5,5,GACCCTGACATTGCTCTTCA,0,3665235
tolCp1,0.16666666666666666,5,5,GACCATCATGAGACACGGGA,0,3669579
tolCp1,0.16666666666666666,5,5,GACCACGATGGGTGCAGATA,0,3696616
tolCp1,0.16666666666666666,5,5,GACAATAAGTATCTATACTG,0,3681399
tolCp1,0.16666666666666666,5,5,GAATTCGAATGGTTTGGTGG,0,3705919
tolCp1,0.16666666666666666,5,5,GAATAAGGTTTCGTTTCAAC,0,3699293
tolCp1,0.16666666666666666,5,5,GAAGTATCTCCGGGATATTA,0,3699217
tolCp1,0.16666666666666666,5,5,GAAGGACGGGGTTCATCTCA,0,3703526
tolCp1,0.16666666666666666,5,5,GAAGCATTACGCATTGGATT,0,3688651
tolCp1,0.16666666666666666,5,5,GAAGAGCCTGCAGCGCGATA,0,3700806
tolCp1,0.16666666666666666,5,5,GAACCCGCTAAGTCTCTTGA,0,3710097
tolCp1,0.16666666666666666,5,5,GAAAGGTAGTGTACACCGGA,0,3666808
tolCp1,0.16666666666666666,5,5,GAAAATGCGTGTCCACTTCA,0,3673135
tolCp1,0.16666666666666666,5,5,CTTTTCTTGCAACCAAGTGA,0,3699926
tolCp1,0.16666666666666666,5,5,CTTTTAGCGTAGCACACATA,0,3674404
tolCp1,0.16666666666666666,5,5,CTTTAACTTATTCATATCCA,0,3674618
tolCp1,0.16666666666666666,5,5,CTTGTTCGCGGCCGCAATAT,0,3692168
tolCp1,0.16666666666666666,5,5,CTTGGCTCATACTACAGTCA,0,3693965
tolCp1,0.16666666666666666,5,5,CTTGAGGCAATGCTTAGCCT,0,3673181
tolCp1,0.16666666666666666,5,5,CTTCGTAAGCTTGGCAATGT,0,3665049
tolCp1,0.16666666666666666,5,5,CTTCGACGCTGTCATGCCCT,0,3703613
tolCp1,0.16666666666666666,5,5,CTTCCACTATCAGGCTACTG,0,3690164
tolCp1,0.16666666666666666,5,5,CTTAGTCCAACAAATTCTAT,0,3697098
tolCp1,0.16666666666666666,5,5,CTTAGCAGGGGTGTTTTAAT,0,3693958
tolCp1,0.16666666666666666,5,5,CTGTTTAGACCGGGTACTAA,0,3708313
tolCp1,0.16666666666666666,5,5,CTGTGTATCGCCAGGCCCTT,0,3695309
tolCp1,0.16666666666666666,5,5,CTGTCCCAAAGACACAACGT,0,3690485
tolCp1,0.16666666666666666,5,5,CTGTCAATTGTCCTTACCTT,0,3693478
tolCp1,0.16666666666666666,5,5,CTGTACGCTCCATATATCGC,0,3695074
tolCp1,0.16666666666666666,5,5,CTGGTAACTGTCAATGGTCA,0,3708714
tolCp1,0.16666666666666666,5,5,CTGGGGAGAGTACGGTCATG,0,3701201
tolCp1,0.16666666666666666,5,5,CTGCATTAGGTAAGGTGAAG,0,3668508
tolCp1,0.16666666666666666,5,5,CTGATGAAAGGCGGTTTTTT,0,3667858
tolCp1,0.16666666666666666,5,5,CTGACAGTCCAGGTGGTAGA,0,3701003
tolCp1,0.16666666666666666,5,5,CTCTCCAAACCAAATTACGC,0,3700818
tolCp1,0.16666666666666666,5,5,CTCTATATGTGTTGTCGTGC,0,3695688
tolCp1,0.16666666666666666,5,5,CTCCTCCCGGATGCCCTCCC,0,3670213
tolCp1,0.16666666666666666,5,5,CTCCGGCCTTTGCAAGAACT,0,3662608
tolCp1,0.16666666666666666,5,5,CTCCACAATCCGTGAATGTG,0,3696613
tolCp1,0.16666666666666666,5,5,CTCAGTGTCTACGGCTTTGC,0,3683997
tolCp1,0.16666666666666666,5,5,CTCACCGACGGAATTTAGGG,0,3662021
tolCp1,0.16666666666666666,5,5,CTATTTTGCGATTGCACTGA,0,3687256
tolCp1,0.16666666666666666,5,5,CTAGTGGACGGGGTCGCTCG,0,3673853
tolCp1,0.16666666666666666,5,5,CTAGGCAGGTTTGGTAAAAC,0,3691112
tolCp1,0.16666666666666666,5,5,CTAGCATTCCCGTCAAGAGG,0,3694703
tolCp1,0.16666666666666666,5,5,CTACCATGACGAGCCGGACG,0,3706820
tolCp1,0.16666666666666666,5,5,CTAATGGAGATCTATGGGAC,0,3693722
tolCp1,0.16666666666666666,5,5,CTAATACGAGCACTTCTCCA,0,3687514
tolCp1,0.16666666666666666,5,5,CTAAGCTCTCAGTATGGGTC,0,3667909
tolCp1,0.16666666666666666,5,5,CTAACGTTTTCTTCACGAAC,0,3679112
tolCp1,0.16666666666666666,5,5,CTAACGTTTACTTGGCAACG,0,3687157
tolCp1,0.16666666666666666,5,5,CGTTTCCTTCAAGATGACCG,0,3663144
tolCp1,0.16666666666666666,5,5,CGTTGCGCTATCTATGTAGC,0,3678536
tolCp1,0.16666666666666666,5,5,CGTTGAAACAGCAGGGAGCG,0,3711472
tolCp1,0.16666666666666666,5,5,CGTTAAGCGCACACGAAATG,0,3697174
tolCp1,0.16666666666666666,5,5,CGTGAGGTCTGGGCGCTTGT,0,3713572
tolCp1,0.16666666666666666,5,5,CGTAGGGGTTGTGGTCAATC,0,3714941
tolCp1,0.16666666666666666,5,5,CGTACAGATCTGGGTCTGGC,0,3709573
tolCp1,0.16666666666666666,5,5,CGGTCTGGAATGCACAAGCC,0,3661224
tolCp1,0.16666666666666666,5,5,CGGTCGGAATTCTTAGCCAC,0,3679489
tolCp1,0.16666666666666666,5,5,CGGGTACTGAGGCAGGAAGG,0,3668978
tolCp1,0.16666666666666666,5,5,CGGGCAGATTACACTCTTTA,0,3689872
tolCp1,0.16666666666666666,5,5,CGGGATAGTGTGCTAAGACA,0,3689937
tolCp1,0.16666666666666666,5,5,CGGCTCTCGAGCGGCATCCC,0,3671147
tolCp1,0.16666666666666666,5,5,CGGCGACACCAAGTGGTTGG,0,3672888
tolCp1,0.16666666666666666,5,5,CGGCCCGGTATAAGGCTCCT,0,3667068
tolCp1,0.16666666666666666,5,5,CGGATTTAGGTAAGACGCAT,0,3696307
tolCp1,0.16666666666666666,5,5,CGGATGTTCATAAGGGCTTT,0,3692462
tolCp1,0.16666666666666666,5,5,CGGAGCAGGATCCGGAGGGT,0,3664037
tolCp1,0.16666666666666666,5,5,CGGACGTACGCTGTATTGAA,0,3715209
tolCp1,0.16666666666666666,5,5,CGGAATGTTGAGATCATATA,0,3682242
tolCp1,0.16666666666666666,5,5,CGCTGATTCATACAGGCTTA,0,3696135
tolCp1,0.16666666666666666,5,5,CGCTACTTTCTATATCGGTA,0,3667509
tolCp1,0.16666666666666666,5,5,CGCTACGATAGGCACTAGGG,0,3694466
tolCp1,0.16666666666666666,5,5,CGCTACCGTGCATTCCTAGA,0,3708003
tolCp1,0.16666666666666666,5,5,CGCTAATACTGCTTGTGCAT,0,3706290
tolCp1,0.16666666666666666,5,5,CGCGTTTATCGCGTAGGATT,0,3714070
tolCp1,0.16666666666666666,5,5,CGCGTGCGGTAAGTTCTGTC,0,3662789
tolCp1,0.16666666666666666,5,5,CGCGGTTTATAGGGTGAACA,0,3705296
tolCp1,0.16666666666666666,5,5,CGCGGGCCTTCGTGAACGCG,0,3680711
tolCp1,0.16666666666666666,5,5,CGCCTCGTCTGATCGCTGTA,0,3666210
tolCp1,0.16666666666666666,5,5,CGCCGCGCCACTCAACTTTA,0,3693194
tolCp1,0.16666666666666666,5,5,CGCCATAATAGTGCTTCACA,0,3707107
tolCp1,0.16666666666666666,5,5,CGCACACTGGCAGTACACCA,0,3681721
tolCp1,0.16666666666666666,5,5,CGATTCCATGTATCCGTAAC,0,3670939
tolCp1,0.16666666666666666,5,5,CGATTCACAGCTAAGGGCAT,0,3706149
tolCp1,0.16666666666666666,5,5,CGATCTAGACCATGCAAGGA,0,3661862
tolCp1,0.16666666666666666,5,5,CGATCTAAGTGAGTGAGGGC,0,3685037
tolCp1,0.16666666666666666,5,5,CGAGTGCATCGTACATACTG,0,3711682
tolCp1,0.16666666666666666,5,5,CGAGCCCGTGGGAACAAGGC,0,3684894
tolCp1,0.16666666666666666,5,5,CGACTGCCGGGACCAAAGCT,0,3675577
tolCp1,0.16666666666666666,5,5,CGACCAACGGTGCGGAAAGG,0,3714018
tolCp1,0.16666666666666666,5,5,CGACAAAGGCGAAGGAAACC,0,3709819
tolCp1,0.16666666666666666,5,5,CGAATCAACGCTCTGTCGGT,0,3695485
tolCp1,0.16666666666666666,5,5,CGAATACGTGTTAGTGTAGT,0,3680542
tolCp1,0.16666666666666666,5,5,CGAAGTCGCCAGTGACTCCT,0,3680498
tolCp1,0.16666666666666666,5,5,CGAACGGGCATCAGAATAAT,0,3670466
tolCp1,0.16666666666666666,5,5,CCTTTAGTGTAGTGTCCTGG,0,3703430
tolCp1,0.16666666666666666,5,5,CCTTGACTTAAGGAGAATCG,0,3670393
tolCp1,0.16666666666666666,5,5,CCTTCGGTGCCCTTTGTGTT,0,3704521
tolCp1,0.16666666666666666,5,5,CCTTCATACCCACAAAACGC,0,3705167
tolCp1,0.16666666666666666,5,5,CCTTATGCCTAGAAGCTGGG,0,3669722
tolCp1,0.16666666666666666,5,5,CCTTACGCTGGGATGTTCTT,0,3676117
tolCp1,0.16666666666666666,5,5,CCTTAAGTTGGCACGTAATA,0,3709039
tolCp1,0.16666666666666666,5,5,CCTGTGCTGCTAGCCGCAAT,0,3709740
tolCp1,0.16666666666666666,5,5,CCTGGCTATGGTCAATTTCA,0,3698023
tolCp1,0.16666666666666666,5,5,CCTCCGTTCAAATTTATCCA,0,3686205
tolCp1,0.16666666666666666,5,5,CCTATGCAACAGGGGGTGTA,0,3665491
tolCp1,0.16666666666666666,5,5,CCTAGGCCAGGTCTTAACTA,0,3709463
tolCp1,0.16666666666666666,5,5,CCGTTGTTGATTCCGGAATG,0,3685178
tolCp1,0.16666666666666666,5,5,CCGTTGCAGGGGGGGCGCCA,0,3665196
tolCp1,0.16666666666666666,5,5,CCGTAATACGGAATTGTTTC,0,3690833
tolCp1,0.16666666666666666,5,5,CCGGGTCCAGGAGACAAATG,0,3692457
tolCp1,0.16666666666666666,5,5,CCGGCGCCGGCTTTACCTCA,0,3714224
tolCp1,0.16666666666666666,5,5,CCGCTGGGCACAAACTTGTA,0,3700366
tolCp1,0.16666666666666666,5,5,CCGCAGTCTCTTGCAGTGAT,0,3663128
tolCp1,0.16666666666666666,5,5,CCGCACTTCAAGGCTCGCAG,0,3704501
tolCp1,0.16666666666666666,5,5,CCGCAACTGCTATCTAGCGG,0,3672092
tolCp1,0.16666666666666666,5,5,CCGATCCGCCGCACCGCCCC,0,3663217
tolCp1,0.16666666666666666,5,5,CCGAGCAAGGAGCGACCGGC,0,3698271
tolCp1,0.16666666666666666,5,5,CCGACGCGCACGGGTGTTCC,0,3710454
tolCp1,0.16666666666666666,5,5,CCCTGCATTACGCGATTATG,0,3714645
tolCp1,0.16666666666666666,5,5,CCCTCGTGTGACGCGGTCTC,0,3712562
tolCp1,0.16666666666666666,5,5,CCCTATATTCCGATTGAGAA,0,3695813
tolCp1,0.16666666666666666,5,5,CCCTACGTGATTCGGGTCTC,0,3671497
tolCp1,0.16666666666666666,5,5,CCCGTGTGGTATGGCGTGGC,0,3699536
tolCp1,0.16666666666666666,5,5,CCCGGCGCCTACGGATAATC,0,3710644
tolCp1,0.16666666666666666,5,5,CCCGGAGGGCACCGTTTCTT,0,3666920
tolCp1,0.16666666666666666,5,5,CCCCAACCTTAGGGTTTAAT,0,3700520
tolCp1,0.16666666666666666,5,5,CCCAAGACAAGGACTGATGA,0,3689861
tolCp1,0.16666666666666666,5,5,CCATGCGAGGATGAGTTTAT,0,3712992
tolCp1,0.16666666666666666,5,5,CCATAGGCTAATAGCGTAAA,0,3696175
tolCp1,0.16666666666666666,5,5,CCAGTCTAGTTTATCTTTTA,0,3666961
tolCp1,0.16666666666666666,5,5,CCACTTGGAGGCGCCGCATT,0,3699768
tolCp1,0.16666666666666666,5,5,CCACGAGGGAAGTACCGTTA,0,3688339
tolCp1,0.16666666666666666,5,5,CCAAACAGGCAGGGCGTCGG,0,3715160
tolCp1,0.16666666666666666,5,5,CCAAAAGAATTTTACTATGC,0,3662840
tolCp1,0.16666666666666666,5,5,CATTTAACTTAATGCGTTGT,0,3691768
tolCp1,0.16666666666666666,5,5,CATTGTGAAGGGCTCCATAC,0,3677969
tolCp1,0.16666666666666666,5,5,CATTCTTGAATCGCATACCA,0,3694724
tolCp1,0.16666666666666666,5,5,CATTCGTTCCCCCTGTCTTT,0,3674723
tolCp1,0.16666666666666666,5,5,CATGTCAAGCATATTGGCTT,0,3681341
tolCp1,0.16666666666666666,5,5,CATGGGGGGGCTTTCTTCGC,0,3691690
tolCp1,0.16666666666666666,5,5,CATGGGGGGCCGTCGGATGT,0,3673775
tolCp1,0.16666666666666666,5,5,CATGCCCTGGGGGCGAAGTA,0,3699762
tolCp1,0.16666666666666666,5,5,CATGATTGGAGCTCCAAGTG,0,3681337
tolCp1,0.16666666666666666,5,5,CATCGGTAACGGGTGACTCA,0,3667129
tolCp1,0.16666666666666666,5,5,CATCGCACACCCCGAAAACG,0,3697245
tolCp1,0.16666666666666666,5,5,CATATATAGCCCTAACGACA,0,3665067
tolCp1,0.16666666666666666,5,5,CAGTTGGATTAATAGCCTAA,0,3713486
tolCp1,0.16666666666666666,5,5,CAGTTAACCCCTCACGAAGT,0,3704320
tolCp1,0.16666666666666666,5,5,CAGTCCTTGAAGCACCGCAG,0,3692066
tolCp1,0.16666666666666666,5,5,CAGTCATGTCCTGCAACCAT,0,3696335
tolCp1,0.16666666666666666,5,5,CAGTACCCTGTGCTTAACGT,0,3711173
tolCp1,0.16666666666666666,5,5,CAGGGTTATCAGTGCAGGCC,0,3667071
tolCp1,0.16666666666666666,5,5,CAGCTCGCGGACTTGACGGC,0,3683206
tolCp1,0.16666666666666666,5,5,CAGCTAGGACTGGTACCCAT,0,3701290
tolCp1,0.16666666666666666,5,5,CAGCGAATTAGCTCCCATGA,0,3703125
tolCp1,0.16666666666666666,5,5,CAGCATAAATGTTGTAACGC,0,3677616
tolCp1,0.16666666666666666,5,5,CAGAGGCCTATTGATGACTC,0,3672679
tolCp1,0.16666666666666666,5,5,CAGAAGTGGCTAGTCCGTAA,0,3709114
tolCp1,0.16666666666666666,5,5,CACTTGACCGTTGTGGCGAT,0,3668618
tolCp1,0.16666666666666666,5,5,CACTGCGCCTGGTTTTAATC,0,3701660
tolCp1,0.16666666666666666,5,5,CACTGAGACGCGTGAAAGTA,0,3677542
tolCp1,0.16666666666666666,5,5,CACGGTCCCGGCGATGAGCA,0,3682919
tolCp1,0.16666666666666666,5,5,CACGGGCTTCTAATGCGGGT,0,3664077
tolCp1,0.16666666666666666,5,5,CACGCTCTATCTTGGAGCGT,0,3661549
tolCp1,0.16666666666666666,5,5,CACGCGGAGTAACTTAGGAC,0,3697122
tolCp1,0.16666666666666666,5,5,CACGCGCTTTCTTATACAAA,0,3673783
tolCp1,0.16666666666666666,5,5,CACCGTGAACCAACTGCGCA,0,3705347
tolCp1,0.16666666666666666,5,5,CACCGGTACCGGCGTTCGCA,0,3706902
tolCp1,0.16666666666666666,5,5,CACCGGGCCCTGGACGGATT,0,3671643
tolCp1,0.16666666666666666,5,5,CACATACGTAGGCCACTATC,0,3662699
tolCp1,0.16666666666666666,5,5,CACAGGTGATGTTACGGGAC,0,3678765
tolCp1,0.16666666666666666,5,5,CAAGAACCTGTCTATTCCAA,0,3714075
tolCp1,0.16666666666666666,5,5,CAAGAAAGCATGCATTAAAC,0,3682515
tolCp1,0.16666666666666666,5,5,CAACGTCAAATCATTTTGGC,0,3714182
tolCp1,0.16666666666666666,5,5,CAAATGTCCTGCGTCCAGTC,0,3690043
tolCp1,0.16666666666666666,5,5,CAAATAGCAGTACGCAGTTA,0,3703378
tolCp1,0.16666666666666666,5,5,ATTTCCGGGGCATCGTCGCC,0,3681532
tolCp1,0.16666666666666666,5,5,ATTGATACTCAAGTTGTTGC,0,3686241
tolCp1,0.16666666666666666,5,5,ATTGAGACAAATCATGTTCC,0,3681235
tolCp1,0.16666666666666666,5,5,ATTCGGTCGGCTCAAGGGGG,0,3698301
tolCp1,0.16666666666666666,5,5,ATTCGGCATCTCGCATGCGA,0,3691264
tolCp1,0.16666666666666666,5,5,ATTCGCCATTATAGACCAAG,0,3704037
tolCp1,0.16666666666666666,5,5,ATTACTGTCTTGTAGATTGA,0,3664161
tolCp1,0.16666666666666666,5,5,ATTACATGCTCACACCGGGG,0,3690251
tolCp1,0.16666666666666666,5,5,ATGTTTTCCTTCGTTAACGC,0,3678457
tolCp1,0.16666666666666666,5,5,ATGTAGTGATGACACTGTTG,0,3696248
tolCp1,0.16666666666666666,5,5,ATGGTGGAAATTGCGCGCTA,0,3674374
tolCp1,0.16666666666666666,5,5,ATGGGGCGCGAGAGATCACT,0,3699056
tolCp1,0.16666666666666666,5,5,ATGGCTAATGCAAGGGCCAA,0,3686488
tolCp1,0.16666666666666666,5,5,ATGGAGTGCGCTCTGACGTA,0,3687778
tolCp1,0.16666666666666666,5,5,ATGGAAGCTGCGAGGCTAGC,0,3710459
tolCp1,0.16666666666666666,5,5,ATGCTCGCCTCCACCTAGGC,0,3694492
tolCp1,0.16666666666666666,5,5,ATGCAGCGCCAAGTGGCTGA,0,3700272
tolCp1,0.16666666666666666,5,5,ATGCAGCACGGAGTCGCTAC,0,3662278
tolCp1,0.16666666666666666,5,5,ATGAGTCGGACAGAGGACTA,0,3681766
tolCp1,0.16666666666666666,5,5,ATCTTACGCGCCCTTTGTAT,0,3691265
tolCp1,0.16666666666666666,5,5,ATCTCTCCGTGTGATAATAA,0,3701377
tolCp1,0.16666666666666666,5,5,ATCTCAATTGAGGGCCTGTA,0,3685243
tolCp1,0.16666666666666666,5,5,ATCGGCTATGTTCACAACCA,0,3699262
tolCp1,0.16666666666666666,5,5,ATCCGCGACCGCGACACACA,0,3709837
tolCp1,0.16666666666666666,5,5,ATCAGCTATAATATGCTCTC,0,3691851
tolCp1,0.16666666666666666,5,5,ATAGGTCGATACCTGGGCAA,0,3700145
tolCp1,0.16666666666666666,5,5,ATACGTGAAGAAGCAGGATC,0,3685768
tolCp1,0.16666666666666666,5,5,ATACCTACATCCCTTTAGTG,0,3700493
tolCp1,0.16666666666666666,5,5,ATACACTCTGCCCAACCGCA,0,3669321
tolCp1,0.16666666666666666,5,5,ATAAGGTCGGGTTCTGTATT,0,3670359
tolCp1,0.16666666666666666,5,5,ATAACTTGTGCCGGGGACGT,0,3697654
tolCp1,0.16666666666666666,5,5,AGTTAAGGCATTAGATTTCG,0,3703696
tolCp1,0.16666666666666666,5,5,AGTGTGCCGTGGTCGGGGTC,0,3685511
tolCp1,0.16666666666666666,5,5,AGTGGGCCAGGAACCCTCGT,0,3713874
tolCp1,0.16666666666666666,5,5,AGTCTATCCACGTGTTCGCC,0,3675349
tolCp1,0.16666666666666666,5,5,AGTCAGAAGAAACTATTCGA,0,3668338
tolCp1,0.16666666666666666,5,5,AGTCAACCTTATCTATAAGG,0,3714845
tolCp1,0.16666666666666666,5,5,AGTATGTAGTTGCCACCGGT,0,3662279
tolCp1,0.16666666666666666,5,5,AGTATCTGCGTGGTGTAAGT,0,3702302
tolCp1,0.16666666666666666,5,5,AGTATAACTGCGTTCTCTCA,0,3700478
tolCp1,0.16666666666666666,5,5,AGGTTTCTAAGCTACGATTC,0,3710498
tolCp1,0.16666666666666666,5,5,AGGTTCCTGATAGACTGGTG,0,3701263
tolCp1,0.16666666666666666,5,5,AGGTTATGTGGGTCCGACTA,0,3674029
tolCp1,0.16666666666666666,5,5,AGGGTGTCTGGATTATGAGG,0,3669587
tolCp1,0.16666666666666666,5,5,AGGGTGAGTCCCCGTAGTAA,0,3707776
tolCp1,0.16666666666666666,5,5,AGGGGTTCATTCGGAGGCGT,0,3669313
tolCp1,0.16666666666666666,5,5,AGGGCCGCCATCGTACGGAA,0,3668778
tolCp1,0.16666666666666666,5,5,AGGGATCACGATTGTCAAAT,0,3692722
tolCp1,0.16666666666666666,5,5,AGGGACCCCAGTTCATTGAT,0,3698269
tolCp1,0.16666666666666666,5,5,AGGCTGGAGTCTCAAGGCAT,0,3713873
tolCp1,0.16666666666666666,5,5,AGGCCTCAATTGTACCAGAA,0,3699172
tolCp1,0.16666666666666666,5,5,AGGCACCACAGAGTCGCTTG,0,3699873
tolCp1,0.16666666666666666,5,5,AGGATATGTGTATCCCCAAA,0,3692101
tolCp1,0.16666666666666666,5,5,AGCGCGAAATCTATGGATGT,0,3684805
tolCp1,0.16666666666666666,5,5,AGCGCCTTGACCAGCCATGA,0,3698932
tolCp1,0.16666666666666666,5,5,AGCCTTATCCGTACTTACGA,0,3695809
tolCp1,0.16666666666666666,5,5,AGCCTCATAGAACCAACTAC,0,3679574
tolCp1,0.16666666666666666,5,5,AGCCTAAAGACTCTGCACCC,0,3686848
tolCp1,0.16666666666666666,5,5,AGCCGGCGCTCGACGGTACA,0,3672896
tolCp1,0.16666666666666666,5,5,AGCATTCCCGCATAAAGTTC,0,3677596
tolCp1,0.16666666666666666,5,5,AGCATGCATGGGGGAAACTG,0,3679370
tolCp1,0.16666666666666666,5,5,AGATTGGCGGGTTAAGTTCA,0,3712782
tolCp1,0.16666666666666666,5,5,AGATCGCGAATTGTGCAGCA,0,3685624
tolCp1,0.16666666666666666,5,5,AGAGTCGCCTGCTCTTATTT,0,3676180
tolCp1,0.16666666666666666,5,5,AGAAGCTTGGTATGACGCCA,0,3694234
tolCp1,0.16666666666666666,5,5,AGAAGCCTCGGGATAGCAGA,0,3683374
tolCp1,0.16666666666666666,5,5,AGAACACCAAACTTGGCGAA,0,3686492
tolCp1,0.16666666666666666,5,5,AGAAATATTAGAAATTAAGT,0,3682737
tolCp1,0.16666666666666666,5,5,AGAAATACCAAGAGAACCTC,0,3702973
tolCp1,0.16666666666666666,5,5,AGAAAGGTGCGTGCGCTATC,0,3682748
tolCp1,0.16666666666666666,5,5,ACTTTTGGGGGCATGTTGTT,0,3677192
tolCp1,0.16666666666666666,5,5,ACTTGAAAGGATATTGGGGA,0,3672262
tolCp1,0.16666666666666666,5,5,ACTTCTTCCCACCGCCTAAA,0,3701139
tolCp1,0.16666666666666666,5,5,ACTTCGCGTGAAGTCTAAAG,0,3699100
tolCp1,0.16666666666666666,5,5,ACTTAGGCCACCAGCGAATC,0,3700643
tolCp1,0.16666666666666666,5,5,ACTCTGCAAAGCACGGCTCG,0,3681405
tolCp1,0.16666666666666666,5,5,ACTCAAAACAGGGCATTACA,0,3703047
tolCp1,0.16666666666666666,5,5,ACTATGCCGCACCGCTGTGT,0,3699560
tolCp1,0.16666666666666666,5,5,ACTACTGGGCTTTCCTGCAA,0,3687754
tolCp1,0.16666666666666666,5,5,ACGTTGACGCATCGCCCCAT,0,3708247
tolCp1,0.16666666666666666,5,5,ACGTCACTTGAGTTGCACTG,0,3690300
tolCp1,0.16666666666666666,5,5,ACGTATGAAGGGGACCCAGA,0,3703928
tolCp1,0.16666666666666666,5,5,ACGGTGCGGCTCGACCTGAA,0,3700193
tolCp1,0.16666666666666666,5,5,ACGGTCCCTCCAGCAACAGC,0,3702474
tolCp1,0.16666666666666666,5,5,ACGCCGAGGTTTAAGCATGT,0,3665630
tolCp1,0.16666666666666666,5,5,ACGCAGATGTGAACGCACAC,0,3680404
tolCp1,0.16666666666666666,5,5,ACGATACTTTTCATAGTATG,0,3691712
tolCp1,0.16666666666666666,5,5,ACGAAGAGGTTAAGAGATTG,0,3707305
tolCp1,0.16666666666666666,5,5,ACCAGCAGTTGGACGGCCCC,0,3708084
tolCp1,0.16666666666666666,5,5,ACCACTGCTCGGTTAGGGCA,0,3668899
tolCp1,0.16666666666666666,5,5,ACCACGCCCTACGGGCGTCT,0,3705852
tolCp1,0.16666666666666666,5,5,ACCACATACCAGCGCAACAC,0,3712549
tolCp1,0.16666666666666666,5,5,ACCAAGTGGCGCGGCGAGAT,0,3687098
tolCp1,0.16666666666666666,5,5,ACATTGGGCGCAACTCTTCC,0,3693173
tolCp1,0.16666666666666666,5,5,ACACTCAAGATTCTTGGGTA,0,3711866
tolCp1,0.16666666666666666,5,5,ACACGGTTAAGGAGGAGCTG,0,3709046
tolCp1,0.16666666666666666,5,5,ACACGATGTCACTCCCGGCC,0,3692739
tolCp1,0.16666666666666666,5,5,ACACGAGCAGCCCGTTAGTG,0,3690988
tolCp1,0.16666666666666666,5,5,ACACCACAGGCGGTTCGTGC,0,3675396
tolCp1,0.16666666666666666,5,5,AATGTTAAGGATGAAGTATT,0,3701523
tolCp1,0.16666666666666666,5,5,AATGGTTATCGTTCCACATG,0,3688370
tolCp1,0.16666666666666666,5,5,AATGGGTATACCTTTTCAGT,0,3709569
tolCp1,0.16666666666666666,5,5,AATCTTAATTTAGGGTAGTA,0,3691707
tolCp1,0.16666666666666666,5,5,AATCTTAATTGGATCAATAT,0,3672220
tolCp1,0.16666666666666666,5,5,AATCATGCATCTACGAGCTT,0,3708538
tolCp1,0.16666666666666666,5,5,AATATCTTTCAGGTACGACT,0,3684297
tolCp1,0.16666666666666666,5,5,AATAGCTTCGCCACGCTGAT,0,3679674
tolCp1,0.16666666666666666,5,5,AATACGTGGTGGCTTGAGGC,0,3692304
tolCp1,0.16666666666666666,5,5,AAGTGTTAAAATTGCTTAAA,0,3702963
tolCp1,0.16666666666666666,5,5,AAGTATCTTCCAGGACTCGG,0,3685146
tolCp1,0.16666666666666666,5,5,AAGTAGCATGGATAAGAAAA,0,3692407
tolCp1,0.16666666666666666,5,5,AAGGTAAGCACTCAGACATG,0,3707450
tolCp1,0.16666666666666666,5,5,AAGGCTTCCGGCATCAGAAC,0,3666509
tolCp1,0.16666666666666666,5,5,AAGGAGGAGCAGAAGTCATT,0,3677923
tolCp1,0.16666666666666666,5,5,AAGATGCATTAGTCTGCAAC,0,3680959
tolCp1,0.16666666666666666,5,5,AACTTCGGGTCGAGTATCGT,0,3711845
tolCp1,0.16666666666666666,5,5,AACTGGACTGGGAATAACGG,0,3705301
tolCp1,0.16666666666666666,5,5,AACGTGCGTGAGCAGCGTCA,0,3676295
tolCp1,0.16666666666666666,5,5,AACGTAACACTGAACTGATT,0,3684795
tolCp1,0.16666666666666666,5,5,AACGGAAAGCGGGCGCGGAC,0,3713397
tolCp1,0.16666666666666666,5,5,AACCCATCGGAGAGTACCAA,0,3715528
tolCp1,0.16666666666666666,5,5,AACATGCGGAGCTAGGCATA,0,3668090
tolCp1,0.16666666666666666,5,5,AACATAAAATGAGGTTTAAC,0,3703535
tolCp1,0.16666666666666666,5,5,AACAAAAATACGGAGCTCTT,0,3687384
tolCp1,0.16666666666666666,5,5,AAATGATCAAAATTACGGGA,0,3705209
tolCp1,0.16666666666666666,5,5,AAATCACACACGCGAATATG,0,3663704
tolCp1,0.16666666666666666,5,5,AAATCAAGACCAAGCAGAAC,0,3689607
tolCp1,0.16666666666666666,5,5,AAAGATTAGTTCCAAGGAAT,0,3692524
tolCp1,0.16666666666666666,5,5,AAACCTGAATCTGGCATATT,0,3712237
tolCp1,0.16666666666666666,5,5,AAAACGTGCCTTGCTGAATT,0,3661493
tolCp1,0.2,4,4,TTTTTTCGGAACCCTGTGCA,0,3701606
tolCp1,0.2,4,4,TTTTATGCTCATCTCTAGGT,0,3710794
tolCp1,0.2,4,4,TTTGGGGGATGTCAAGAAAT,0,3707597
tolCp1,0.2,4,4,TTTGGCGTTCTTGGTCGTAC,0,3681375
tolCp1,0.2,4,4,TTTGCGACCTGGGCTCCTAT,0,3706075
tolCp1,0.2,4,4,TTTGAGGAGATGGATTCGCT,0,3714443
tolCp1,0.2,4,4,TTTCGCTTTACTGCCTCCAG,0,3678961
tolCp1,0.2,4,4,TTTCGCTAGGAAGCAAAGTC,0,3684892
tolCp1,0.2,4,4,TTTCGCCTTATATGTATGAC,0,3670373
tolCp1,0.2,4,4,TTTCGCACTGTACGAGCAAT,0,3709166
tolCp1,0.2,4,4,TTTATTACTCCAGTTGATAA,0,3697189
tolCp1,0.2,4,4,TTTAGTCACGAACACGAGTG,0,3679692
tolCp1,0.2,4,4,TTTAGGCACCGCCAGACTTG,0,3691713
tolCp1,0.2,4,4,TTTAGATCGGGGCCTAAGGC,0,3677236
tolCp1,0.2,4,4,TTTACTGTCGTTGCATTCCT,0,3703058
tolCp1,0.2,4,4,TTTAATGTAACTCTACACTA,0,3705334
tolCp1,0.2,4,4,TTTAACCTGTATCCACAAAA,0,3667028
tolCp1,0.2,4,4,TTGTTTCGGTATTATCTGTC,0,3687311
tolCp1,0.2,4,4,TTGTGCTTGCACAACTGGAT,0,3708868
tolCp1,0.2,4,4,TTGTCGGCTATAGACTCCCG,0,3661849
tolCp1,0.2,4,4,TTGTCGGCGCGGTCCCCAGG,0,3701417
tolCp1,0.2,4,4,TTGTCCTATGAATGTCCGGC,0,3711760
tolCp1,0.2,4,4,TTGGGATGTTTCTCGACCTC,0,3674993
tolCp1,0.2,4,4,TTGGGATCATCGCTGCGTGT,0,3665445
tolCp1,0.2,4,4,TTGGCCTCTCTAAAACGCGA,0,3694200
tolCp1,0.2,4,4,TTGGAATGGTGATTCGGGAG,0,3663992
tolCp1,0.2,4,4,TTGCTTAAACCCTGACTCTG,0,3704435
tolCp1,0.2,4,4,TTGCTAGGGGATGATATGCG,0,3698160
tolCp1,0.2,4,4,TTGCAAATAACTGCTACGAA,0,3694721
tolCp1,0.2,4,4,TTGATTATTAGAAGTGCGTT,0,3663536
tolCp1,0.2,4,4,TTGATTAACGGGCGCGGGAC,0,3714964
tolCp1,0.2,4,4,TTGATGCAACTAATTCGCAT,0,3687259
tolCp1,0.2,4,4,TTGATCGAGAGGGCCAACAT,0,3662114
tolCp1,0.2,4,4,TTGAGGAGTGATGTACGCGG,0,3666067
tolCp1,0.2,4,4,TTGAGACACTGACCGTGAAC,0,3699369
tolCp1,0.2,4,4,TTGAATGACGACACCTTGCC,0,3670274
tolCp1,0.2,4,4,TTCTATGCTACTTGGATTAC,0,3664751
tolCp1,0.2,4,4,TTCTACGACGACACTTGTAA,0,3712191
tolCp1,0.2,4,4,TTCGCGCGCTGCCTCCATGT,0,3692918
tolCp1,0.2,4,4,TTCGACCAACTTCTAGTATA,0,3677290
tolCp1,0.2,4,4,TTCGAATTAGAGACGAGGAG,0,3685811
tolCp1,0.2,4,4,TTCCCTGGACTTAACCACCC,0,3689622
tolCp1,0.2,4,4,TTCCCCTGCACTATGCTAGG,0,3710427
tolCp1,0.2,4,4,TTCCACATACCACCTCCTAG,0,3673887
tolCp1,0.2,4,4,TTCAGGGCCGCTATTTCATG,0,3685456
tolCp1,0.2,4,4,TTATTATTTCTACAATGAGC,0,3666807
tolCp1,0.2,4,4,TTATCATGGAGGTATGGCCA,0,3661987
tolCp1,0.2,4,4,TTAGACACCAATAAGATCAC,0,3704349
tolCp1,0.2,4,4,TTAGAAGGTTGTGACATATC,0,3694557
tolCp1,0.2,4,4,TTACTAGTGCTTGCGCTCTA,0,3691600
tolCp1,0.2,4,4,TTACTAATGTCATCAGAACC,0,3669206
tolCp1,0.2,4,4,TTAAGCCTAACTAATTGTGA,0,3693042
tolCp1,0.2,4,4,TTAACTGTCGCGGCATGGCC,0,3670170
tolCp1,0.2,4,4,TTAAATCGCGTTATACCCAC,0,3664418
tolCp1,0.2,4,4,TGTTCGGTCATGCTGAGCTT,0,3704986
tolCp1,0.2,4,4,TGTTAAATCTTATCCGTTTT,0,3676915
tolCp1,0.2,4,4,TGTGTCGTGTTACCCGATTG,0,3702794
tolCp1,0.2,4,4,TGTGCATGAAGAAAAAGTAC,0,3688537
tolCp1,0.2,4,4,TGTCTCAAATGTTCACCAAT,0,3673841
tolCp1,0.2,4,4,TGTCGGCGGTATGGCTGGCG,0,3683369
tolCp1,0.2,4,4,TGTAGATAGTCGTATTCGTT,0,3669825
tolCp1,0.2,4,4,TGTAGAGTAGGGTCGGTGGC,0,3662102
tolCp1,0.2,4,4,TGTACGTACAATACTATCAA,0,3696546
tolCp1,0.2,4,4,TGTAATTCTCCCTCTTCTGG,0,3712872
tolCp1,0.2,4,4,TGTAACCATGCAGCCACTCA,0,3715513
tolCp1,0.2,4,4,TGGTGCACACCTTGGAATAA,0,3703500
tolCp1,0.2,4,4,TGGTAGTTTACTAAGGACGG,0,3684318
tolCp1,0.2,4,4,TGGGGTCTTGCTCCGTGCTT,0,3713706
tolCp1,0.2,4,4,TGGGGCAGGTAGGAATATGA,0,3697769
tolCp1,0.2,4,4,TGGGAAACCTCTCCAATTGC,0,3665706
tolCp1,0.2,4,4,TGGCCACGCGATTGTCGTGG,0,3665761
tolCp1,0.2,4,4,TGGAGGGAGCGCTTACCAGG,0,3706684
tolCp1,0.2,4,4,TGGAGCGTCTTTTCTGTGAG,0,3709936
tolCp1,0.2,4,4,TGGAATGGACAAGGGATGAC,0,3684070
tolCp1,0.2,4,4,TGGAAAAAAAAAAAAATTAC,0,3682211
tolCp1,0.2,4,4,TGCGTGTACCACGTTACATA,0,3678533
tolCp1,0.2,4,4,TGCGGTTTTTTCAATCTGTA,0,3696312
tolCp1,0.2,4,4,TGCGGTACAAGGCGCATGCT,0,3663962
tolCp1,0.2,4,4,TGCGCGCTCCAAATTAGTAA,0,3699483
tolCp1,0.2,4,4,TGCGATGGATGTCATCACGT,0,3695977
tolCp1,0.2,4,4,TGCCTTCCCTGCCCCCCATT,0,3672805
tolCp1,0.2,4,4,TGCCGGCGCGAAACCCCTTC,0,3698237
tolCp1,0.2,4,4,TGCCGAATGTACAATGCGGT,0,3669269
tolCp1,0.2,4,4,TGCACGTGTAAGGGTACAGG,0,3690920
tolCp1,0.2,4,4,TGCAATCACCCGCGATCGGG,0,3670131
tolCp1,0.2,4,4,TGATTCTTTGTAGCTCTGCT,0,3664302
tolCp1,0.2,4,4,TGAGGTGAATAGTGAACTAA,0,3683508
tolCp1,0.2,4,4,TGAGGGGATGGAACATGGAC,0,3691336
tolCp1,0.2,4,4,TGAGGCAAAGGGGTGCTTAG,0,3664408
tolCp1,0.2,4,4,TGACTGCTAAGCCTGTGGTC,0,3675486
tolCp1,0.2,4,4,TGACCTAAGACTGTCAGGAT,0,3690515
tolCp1,0.2,4,4,TGACATAGGCGTCCACGTCA,0,3688658
tolCp1,0.2,4,4,TGAATCAAACAGACTGGAAA,0,3695820
tolCp1,0.2,4,4,TGAACTCTTAACCACCTGTT,0,3696390
tolCp1,0.2,4,4,TGAACAGTAGCATGAGGACC,0,3701790
tolCp1,0.2,4,4,TGAAACAAACCCCAGTTCTG,0,3708791
tolCp1,0.2,4,4,TCTTGTCCGATGGTCAATGA,0,3690728
tolCp1,0.2,4,4,TCTTCATATATGGGTGAAAT,0,3707868
tolCp1,0.2,4,4,TCTTATACGGTCGTCCCACT,0,3693667
tolCp1,0.2,4,4,TCTGTTCCGTGGTATACGGA,0,3678485
tolCp1,0.2,4,4,TCTCTGGGGGCCGTCCATTT,0,3692032
tolCp1,0.2,4,4,TCGTGTAAGGTTCTTAAGGT,0,3687713
tolCp1,0.2,4,4,TCGTAACGGACTCCCCTTGA,0,3708482
tolCp1,0.2,4,4,TCGGTAAAACATGGAGATGA,0,3665631
tolCp1,0.2,4,4,TCGGCGCTTACAAACGTCGT,0,3671779
tolCp1,0.2,4,4,TCGGCAGGGGCGGGCGCCTA,0,3709720
tolCp1,0.2,4,4,TCGCGTGAGTAATGTATAGA,0,3701383
tolCp1,0.2,4,4,TCGATGCCAGCAAACGAATG,0,3695261
tolCp1,0.2,4,4,TCGAGATTCAACGGGGGTGA,0,3694062
tolCp1,0.2,4,4,TCGAAAACGAAGAGTCCAGC,0,3672992
tolCp1,0.2,4,4,TCCGCCCTTCGGTGCGGTGG,0,3688592
tolCp1,0.2,4,4,TCCGAGCTTCGGGCGACGGC,0,3689218
tolCp1,0.2,4,4,TCCGAGACCGAGTTCACATA,0,3685613
tolCp1,0.2,4,4,TCCAGGCTTGCAGCTGATAC,0,3702976
tolCp1,0.2,4,4,TCATCAGTCCTCAACGTCTA,0,3673415
tolCp1,0.2,4,4,TCATAGATCTGGGCTTGAAC,0,3708994
tolCp1,0.2,4,4,TCATACCTCTAAGTACTGGT,0,3682596
tolCp1,0.2,4,4,TCAGTAGTACTGATTTAACG,0,3667161
tolCp1,0.2,4,4,TCAGGGTACTTTATCGTTAC,0,3667090
tolCp1,0.2,4,4,TCAGCTATGTGTACGCACTA,0,3685749
tolCp1,0.2,4,4,TCAGCCTATGAAATGAAATG,0,3668992
tolCp1,0.2,4,4,TCACGTACGGGATGTGGTGC,0,3705844
tolCp1,0.2,4,4,TCACACTGGTCGGTGTTTGA,0,3693836
tolCp1,0.2,4,4,TCAATGTAATGGTAATCCAA,0,3699617
tolCp1,0.2,4,4,TCAATGCATACGTAGGTATT,0,3687477
tolCp1,0.2,4,4,TCAAATGGGGGAATATTAGC,0,3672519
tolCp1,0.2,4,4,TATTTTCTAGCGCATCTGTA,0,3690179
tolCp1,0.2,4,4,TATTATTACGGGGATGCCGC,0,3676069
tolCp1,0.2,4,4,TATGTTGTGGAGCGACCGAT,0,3714751
tolCp1,0.2,4,4,TATGGGTTCGCATGGGCGTT,0,3715550
tolCp1,0.2,4,4,TATGGGGTTAGGGGTTGATA,0,3691158
tolCp1,0.2,4,4,TATCTCATAATAAGCAGGCC,0,3689114
tolCp1,0.2,4,4,TATCCCGACAGGATCCCCTT,0,3670372
tolCp1,0.2,4,4,TATCAGATAGTCCAAGCCTC,0,3687961
tolCp1,0.2,4,4,TATCAATTGGAGATTCCCAC,0,3690375
tolCp1,0.2,4,4,TATATTAGCTAACGGAATTG,0,3691326
tolCp1,0.2,4,4,TATAGGTACGACGTGTACGT,0,3682657
tolCp1,0.2,4,4,TATAACGCGAATTGCGGCTG,0,3694199
tolCp1,0.2,4,4,TAGTGGGGGCGGTGGACTCA,0,3707087
tolCp1,0.2,4,4,TAGGTCAACATTCCCGGTAT,0,3714434
tolCp1,0.2,4,4,TAGGAGTCGTCCTCATCAAG,0,3709976
tolCp1,0.2,4,4,TAGCTCCTTTAGTATTTACG,0,3703686
tolCp1,0.2,4,4,TAGAGTTTATCCGCGCGTTC,0,3691420
tolCp1,0.2,4,4,TAGACCCACCAGGCGACTAT,0,3679190
tolCp1,0.2,4,4,TACTTCTGTATTACAGCTAT,0,3679904
tolCp1,0.2,4,4,TACTTATACCGCACCAATAC,0,3674407
tolCp1,0.2,4,4,TACTCACTGTGAAGCTGAGA,0,3676428
tolCp1,0.2,4,4,TACGGCCGTTGAGATGAGCT,0,3685694
tolCp1,0.2,4,4,TACGAACCACGAGCGTCGCC,0,3684320
tolCp1,0.2,4,4,TACCGGCATATTCAGGCGCG,0,3688254
tolCp1,0.2,4,4,TACCCGGTCAAGATAACAGT,0,3670750
tolCp1,0.2,4,4,TACCAGCGACTTGGTTTATG,0,3665942
tolCp1,0.2,4,4,TACAACTCATTCGGCTAGAT,0,3670416
tolCp1,0.2,4,4,TAATTCCCGGTCATATTACA,0,3664388
tolCp1,0.2,4,4,TAATGGTAATAACGTTATTC,0,3661653
tolCp1,0.2,4,4,TAAGTACTTGTATGGCGGCT,0,3700299
tolCp1,0.2,4,4,TAACTCTACGGACTGAGACA,0,3668141
tolCp1,0.2,4,4,TAACGCATACGTGGAATTCG,0,3710544
tolCp1,0.2,4,4,TAACAATCGCAACTAGGGTG,0,3668261
tolCp1,0.2,4,4,TAAAGATTTACCACAGCGGC,0,3675957
tolCp1,0.2,4,4,TAAAAACGGGCTTCATCGAA,0,3704085
tolCp1,0.2,4,4,GTTTGCTTTTCCGGTGGAAG,0,3664552
tolCp1,0.2,4,4,GTTGCCTAGGGCTTGCCAGG,0,3680048
tolCp1,0.2,4,4,GTTGAATTCTACTGTATTCC,0,3714951
tolCp1,0.2,4,4,GTTAGTACTTTTTGGTCTGC,0,3706733
tolCp1,0.2,4,4,GTTACGAAACCCTCAACGTA,0,3663214
tolCp1,0.2,4,4,GTTAACGCCACTCGAGTACC,0,3669812
tolCp1,0.2,4,4,GTTAAACGGAGCCCCGTTGC,0,3705071
tolCp1,0.2,4,4,GTGGTTAAGTTACGCCTCTA,0,3715102
tolCp1,0.2,4,4,GTGGTGACTCGTCAGGAAAC,0,3699176
tolCp1,0.2,4,4,GTGGGGCCTCGAGTTCCCGG,0,3699381
tolCp1,0.2,4,4,GTGGGGATGCCCTCGCAACT,0,3696879
tolCp1,0.2,4,4,GTGGCAGGTCTGCTTAAAAT,0,3687730
tolCp1,0.2,4,4,GTGGCAACCACTCAGAAAAA,0,3666316
tolCp1,0.2,4,4,GTGGATTGTTCTGATGTCGC,0,3690216
tolCp1,0.2,4,4,GTGGAAGCTCCAGTATCAAT,0,3673858
tolCp1,0.2,4,4,GTGCTTATATTGTGTAGTTT,0,3678743
tolCp1,0.2,4,4,GTGCGCGGATGTAGACGTGG,0,3704214
tolCp1,0.2,4,4,GTGAGAGACTTATTTAAAAT,0,3701237
tolCp1,0.2,4,4,GTCTCTCCATAGAATCTGAT,0,3670762
tolCp1,0.2,4,4,GTCTCCTTGGAATTTATTAG,0,3698994
tolCp1,0.2,4,4,GTCTAGCCTGAGATTATTCA,0,3702418
tolCp1,0.2,4,4,GTCTAAAAGGTTACTGGTTG,0,3676889
tolCp1,0.2,4,4,GTCGTGGTTCACCAGCTTAC,0,3688780
tolCp1,0.2,4,4,GTCGTGAAGTTAATTTGCCA,0,3698117
tolCp1,0.2,4,4,GTCGTAGGCCGTGGGAGAAA,0,3661383
tolCp1,0.2,4,4,GTCGTAACCATATCCCAGAT,0,3701189
tolCp1,0.2,4,4,GTCGCGTCTAGTCAGGTTCG,0,3674595
tolCp1,0.2,4,4,GTCCTTGTGTATTGCTGGAT,0,3698911
tolCp1,0.2,4,4,GTCCGTGTACTTATCCCCTT,0,3696562
tolCp1,0.2,4,4,GTCATTAACCAGGAACTCCC,0,3706227
tolCp1,0.2,4,4,GTCATGGGGTTTGGGGTTAT,0,3689083
tolCp1,0.2,4,4,GTCACTTCAAAGCAGCTATC,0,3704883
tolCp1,0.2,4,4,GTCAATTCCAATACCGGGGA,0,3703583
tolCp1,0.2,4,4,GTCAATACCTGGCTACTCCC,0,3666225
tolCp1,0.2,4,4,GTCAAAAGATCGCCGCGACT,0,3680531
tolCp1,0.2,4,4,GTCAAAAAGTGTGAGCGAGA,0,3705673
tolCp1,0.2,4,4,GTATATTCCGCTGATGGCCA,0,3701892
tolCp1,0.2,4,4,GTATATGGACGGCCTCTTGG,0,3669509
tolCp1,0.2,4,4,GTAGTACCCACGCAAGATAG,0,3682390
tolCp1,0.2,4,4,GTAGCGCGATCCAGTTATAT,0,3663794
tolCp1,0.2,4,4,GTAGAATTTTGGTCCTAGAC,0,3687476
tolCp1,0.2,4,4,GTACGGTTTCAATCTTCCTT,0,3685611
tolCp1,0.2,4,4,GTAATTTAAGGAGCGAACGC,0,3661954
tolCp1,0.2,4,4,GTAAAGTAGGTAGGAGTAAA,0,3700466
tolCp1,0.2,4,4,GTAAACCTGAGAGGTACACA,0,3708185
tolCp1,0.2,4,4,GGTTCGGAAGCGCAATTATG,0,3674969
tolCp1,0.2,4,4,GGTTCATGCGGTATCACGGT,0,3688657
tolCp1,0.2,4,4,GGTTCATAGTACGGTCAGGA,0,3683197
tolCp1,0.2,4,4,GGTTAATGGTCTTTGCGGTG,0,3681927
tolCp1,0.2,4,4,GGTGGTTTACATTACACAGA,0,3697561
tolCp1,0.2,4,4,GGTGGCGTAGTCAATATTTA,0,3715174
tolCp1,0.2,4,4,GGTGCGTCCGCGGAGCAGAT,0,3713849
tolCp1,0.2,4,4,GGTGCAAGAATTGGAATAGT,0,3678320
tolCp1,0.2,4,4,GGTGAGGTCGCGTGTGAGAA,0,3666589
tolCp1,0.2,4,4,GGTGAAGGCCTTTAATTAGA,0,3687196
tolCp1,0.2,4,4,GGTGAAACGTTTCGGTCCCA,0,3706286
tolCp1,0.2,4,4,GGTCGCTCACCGGTAAGCGC,0,3686250
tolCp1,0.2,4,4,GGTCGAATCGCCCAACTGCG,0,3708614
tolCp1,0.2,4,4,GGTCCATCTGAGATTTCCAT,0,3686955
tolCp1,0.2,4,4,GGTCAATCGTCGTGTCAGTC,0,3694560
tolCp1,0.2,4,4,GGTACTTTACTCAACGATTA,0,3678009
tolCp1,0.2,4,4,GGTACTGTATCCCAAAGATT,0,3688453
tolCp1,0.2,4,4,GGTACCCATCCTCATTTTAT,0,3673404
tolCp1,0.2,4,4,GGGTCCTCAAAGGCCGCGCA,0,3677012
tolCp1,0.2,4,4,GGGTAGTTGGAATCAGAGAG,0,3694541
tolCp1,0.2,4,4,GGGGTTCTTTGCTTGAAGAG,0,3714895
tolCp1,0.2,4,4,GGGGCGAGTTTTTTGGCAAA,0,3681245
tolCp1,0.2,4,4,GGGGAACGAGGTCTTCGTAG,0,3691115
tolCp1,0.2,4,4,GGGGAAATTACGGCTATTTC,0,3708649
tolCp1,0.2,4,4,GGGCTGGTTAAGCCCTAGTA,0,3679522
tolCp1,0.2,4,4,GGGCTGGCGATATCCAGCCT,0,3695793
tolCp1,0.2,4,4,GGGATGATTGCTGTTCGTTC,0,3668945
tolCp1,0.2,4,4,GGGACCCCAAATAAAGCGCG,0,3692693
tolCp1,0.2,4,4,GGGAAGTTGATATACGGTCT,0,3667684
tolCp1,0.2,4,4,GGGAAGAGTTACCGTTTAGG,0,3675857
tolCp1,0.2,4,4,GGGAACGGTCGTAGGCATGT,0,3675908
tolCp1,0.2,4,4,GGCTGGGGTCGAGCTAAAGT,0,3695893
tolCp1,0.2,4,4,GGCTGCTCGGCCAGCCACCT,0,3692413
tolCp1,0.2,4,4,GGCTCGTCCGTGCCACACGT,0,3715205
tolCp1,0.2,4,4,GGCGGTCAGAGGTCATGTCG,0,3705266
tolCp1,0.2,4,4,GGCGGCGATTCGGCAAGTGC,0,3664045
tolCp1,0.2,4,4,GGCGCGGTGGGTACGGAATG,0,3699618
tolCp1,0.2,4,4,GGCGATGATTCGCGGACAGG,0,3713283
tolCp1,0.2,4,4,GGCCTTACGTTATAGCGAAG,0,3692326
tolCp1,0.2,4,4,GGCCTCTCCCCGGTTACCAA,0,3709565
tolCp1,0.2,4,4,GGCCGGGGATAACGTCGAGT,0,3662046
tolCp1,0.2,4,4,GGCCGCTCGTCGATTAGGCT,0,3686296
tolCp1,0.2,4,4,GGCCGCAAATTTGACAACAA,0,3674816
tolCp1,0.2,4,4,GGCCCTGCGCCGCATCAGTT,0,3701975
tolCp1,0.2,4,4,GGCCCCAGATGAATAGGGAC,0,3691372
tolCp1,0.2,4,4,GGCCACTACCGCCAGTAAGG,0,3688455
tolCp1,0.2,4,4,GGCATCGGCTAGTGGTCTAA,0,3691277
tolCp1,0.2,4,4,GGCAGGTCTTGCGTAAGTCA,0,3693635
tolCp1,0.2,4,4,GGCAAACGTGCCAGAACTCG,0,3715328
tolCp1,0.2,4,4,GGATTGGCCGGGATAGGCGT,0,3697495
tolCp1,0.2,4,4,GGAGTGTTATGTTTAAGGTG,0,3690855
tolCp1,0.2,4,4,GGAGCTATCCGTAGGAAATA,0,3672691
tolCp1,0.2,4,4,GGACTTTCCGAATTCCCTCA,0,3695304
tolCp1,0.2,4,4,GGACGAGCGGCTGACTTACT,0,3707508
tolCp1,0.2,4,4,GGACCCAGACAGTCACCCTA,0,3690486
tolCp1,0.2,4,4,GGAAGTAGCACACCGTAGAA,0,3706457
tolCp1,0.2,4,4,GGAACGCAGTCAAGTTAAAT,0,3666898
tolCp1,0.2,4,4,GGAAATGTCAACGCTGAAGA,0,3700666
tolCp1,0.2,4,4,GGAAATCATACCTTCTAAGA,0,3666504
tolCp1,0.2,4,4,GGAAAGGATTACGCTATTGG,0,3710902
tolCp1,0.2,4,4,GCTTGTGTCACCCCCCATAC,0,3694609
tolCp1,0.2,4,4,GCTGCTAAATGGGAGTTGCT,0,3662326
tolCp1,0.2,4,4,GCTCCTTGTTATAATTACGT,0,3662921
tolCp1,0.2,4,4,GCTCAGATATTGGGTCATGG,0,3681991
tolCp1,0.2,4,4,GCTAGAAGTTTTGGGGCGGC,0,3707930
tolCp1,0.2,4,4,GCGTTGGTGGAACGCTCCTG,0,3671903
tolCp1,0.2,4,4,GCGTTCTGTCTCCTGTCCAC,0,3672229
tolCp1,0.2,4,4,GCGTTACCTATGACGAGTCA,0,3678420
tolCp1,0.2,4,4,GCGTGGGTCCGAAGGAAGGT,0,3678379
tolCp1,0.2,4,4,GCGTGCTTGCTTAAACGGAT,0,3678421
tolCp1,0.2,4,4,GCGTGATGCATGCTGGTGAA,0,3661345
tolCp1,0.2,4,4,GCGTCGGAATAATTAGGTCA,0,3672948
tolCp1,0.2,4,4,GCGTCCGACTTTAGACGCAG,0,3714969
tolCp1,0.2,4,4,GCGTAAATTCCCTAAAAAAT,0,3674761
tolCp1,0.2,4,4,GCGGTAGCCCGAGACGCTCA,0,3711570
tolCp1,0.2,4,4,GCGGACCGTTCGTCAGGGCT,0,3689489
tolCp1,0.2,4,4,GCGCTACTGAATGATACTTC,0,3696864
tolCp1,0.2,4,4,GCGCGCGACTCGGAAGCTCG,0,3680772
tolCp1,0.2,4,4,GCGCCCGATAATATTTGCTC,0,3689187
tolCp1,0.2,4,4,GCGCACGCTGCTCCAAAGCA,0,3705745
tolCp1,0.2,4,4,GCGAGGGTACGTCTCTCTGA,0,3689380
tolCp1,0.2,4,4,GCGAAATAACAATGTCGTCA,0,3702950
tolCp1,0.2,4,4,GCCTTAACGGTCGCATCGGC,0,3681147
tolCp1,0.2,4,4,GCCTGATGGTTGATTGGTTT,0,3692947
tolCp1,0.2,4,4,GCCTCGCCTTCATTCTGATA,0,3712558
tolCp1,0.2,4,4,GCCTAGGGCTTTGTCCGGGG,0,3693862
tolCp1,0.2,4,4,GCCTAGAACATTGAGCGATT,0,3675256
tolCp1,0.2,4,4,GCCTAACTCACGCGGTACAC,0,3707113
tolCp1,0.2,4,4,GCCGGGAAGGTGACTGCTTG,0,3682706
tolCp1,0.2,4,4,GCCCGTGATCCTAGTGCTGT,0,3691308
tolCp1,0.2,4,4,GCCCGCACAGCAGATTATAC,0,3707932
tolCp1,0.2,4,4,GCCCCCCTAGGACATCAGGT,0,3697879
tolCp1,0.2,4,4,GCCCAGATTATAGAAGTTAT,0,3678357
tolCp1,0.2,4,4,GCCCACGGGGCCGATGAACT,0,3714904
tolCp1,0.2,4,4,GCCCACAGATGCGTTTTGCA,0,3682867
tolCp1,0.2,4,4,GCCACCAACTAGATGTCGGT,0,3711128
tolCp1,0.2,4,4,GCCAAGGAACAAGAGATCTT,0,3704222
tolCp1,0.2,4,4,GCATAGGCCGGGCGAATTTC,0,3713374
tolCp1,0.2,4,4,GCAGTTGCTAGTCTCATTGG,0,3681220
tolCp1,0.2,4,4,GCAGTCCGGTTCTCTTGAAT,0,3675168
tolCp1,0.2,4,4,GCAGGTGCTCAGGAAAGCCA,0,3679729
tolCp1,0.2,4,4,GCAGGACGGAATTGCATTCT,0,3706285
tolCp1,0.2,4,4,GCACCTGCGATAGAATGGAG,0,3678824
tolCp1,0.2,4,4,GCACCACTCGGAGTATTGTT,0,3662823
tolCp1,0.2,4,4,GCACAGAAACAGCTTTGCGC,0,3695995
tolCp1,0.2,4,4,GCACAACTTTTCAAGGATAG,0,3688376
tolCp1,0.2,4,4,GCAACACCACGGGAGCATTT,0,3673121
tolCp1,0.2,4,4,GATTTGCCAACGGGAGCATC,0,3705326
tolCp1,0.2,4,4,GATTCGCATGGACCACAAGG,0,3666010
tolCp1,0.2,4,4,GATTCCTTTAGTAAGCTGGA,0,3689353
tolCp1,0.2,4,4,GATTCATGTAGGGCACCTGC,0,3680752
tolCp1,0.2,4,4,GATGTGTCGTATGAGCTTTG,0,3669634
tolCp1,0.2,4,4,GATGGACGCATAGACCCCCA,0,3680525
tolCp1,0.2,4,4,GATGATATTATGCTAAATGT,0,3683547
tolCp1,0.2,4,4,GATCTTACGATTGGGGTTCA,0,3661952
tolCp1,0.2,4,4,GATCCAGTCGCGACAACCTT,0,3689882
tolCp1,0.2,4,4,GATCAGAGACCCGGGCGACC,0,3692058
tolCp1,0.2,4,4,GATATATCCCGGATACAACT,0,3675464
tolCp1,0.2,4,4,GATATAGGTTTGTGCAGGCA,0,3673303
tolCp1,0.2,4,4,GATAGCGATTCTAATTGGAG,0,3699668
tolCp1,0.2,4,4,GATAACTTCACGCTACGGAG,0,3672782
tolCp1,0.2,4,4,GATAACTGGTCGAAACGCGC,0,3715319
tolCp1,0.2,4,4,GAGTTCGTGTCGCGTGGAAG,0,3698755
tolCp1,0.2,4,4,GAGTTATTCCTTGGAGCCTC,0,3692126
tolCp1,0.2,4,4,GAGTCTGTATAGTCTTCGAT,0,3693683
tolCp1,0.2,4,4,GAGTCACCCTAGAAGATTCG,0,3691715
tolCp1,0.2,4,4,GAGGTAGTGATCCCCGTGAT,0,3701178
tolCp1,0.2,4,4,GAGGGTTAGCCGACGCCTCT,0,3691007
tolCp1,0.2,4,4,GAGGGCCTTTTTCCATGATC,0,3699252
tolCp1,0.2,4,4,GAGGAAATCCTGAAAACTTA,0,3662158
tolCp1,0.2,4,4,GAGCCCGGTGCTTGCTATCT,0,3668802
tolCp1,0.2,4,4,GAGCCACCATGGGGCACACG,0,3696782
tolCp1,0.2,4,4,GAGCAGGCGGCAGGACGGAT,0,3711557
tolCp1,0.2,4,4,GAGAGAACATAGTAGGTTAG,0,3714708
tolCp1,0.2,4,4,GACTGTTCGGAGTGACGTTC,0,3669096
tolCp1,0.2,4,4,GACGTAGAACGCCAAATCAG,0,3706815
tolCp1,0.2,4,4,GACGGGCAAACGGGGGTCTA,0,3703946
tolCp1,0.2,4,4,GACGCGGTATCCTGAGAATG,0,3709272
tolCp1,0.2,4,4,GACGCCGGAGACCTAAAAGT,0,3699411
tolCp1,0.2,4,4,GACCGAACAGGGGTACTGCT,0,3706004
tolCp1,0.2,4,4,GACCCCACGCTAGCGTATGG,0,3714815
tolCp1,0.2,4,4,GACCACGGATGGGACGTGCC,0,3664920
tolCp1,0.2,4,4,GACCAAGAGAGCATCGGTCT,0,3678744
tolCp1,0.2,4,4,GACATTGCAAGAGTCCGGGG,0,3700404
tolCp1,0.2,4,4,GACATAAATCCACCACTTGC,0,3692938
tolCp1,0.2,4,4,GACAGGCAGGTAAGGATGGG,0,3685177
tolCp1,0.2,4,4,GACAGATGAGGCATGGGCGT,0,3666731
tolCp1,0.2,4,4,GAATGTCTTGGGTATGGGCA,0,3688132
tolCp1,0.2,4,4,GAATGGATGCGCTATACACA,0,3703143
tolCp1,0.2,4,4,GAATCACCAGTCGCATTCGC,0,3678712
tolCp1,0.2,4,4,GAATAATAACGTTCTGTCTA,0,3689722
tolCp1,0.2,4,4,GAAGGCGCTGAAGGGATATC,0,3693664
tolCp1,0.2,4,4,GAACTGTGGGTATATTTAAG,0,3673253
tolCp1,0.2,4,4,GAAAGGCTGTAACGCTCTCT,0,3695465
tolCp1,0.2,4,4,GAAAGATGATGTCTCCGAGT,0,3670215
tolCp1,0.2,4,4,GAAAACTCCGAGGCTTACCC,0,3694316
tolCp1,0.2,4,4,CTTTGTGGTTATGTACTAGA,0,3695663
tolCp1,0.2,4,4,CTTTGTACTTTAGTTATGTA,0,3703836
tolCp1,0.2,4,4,CTTTGGGCTTCCCAACGTAC,0,3671354
tolCp1,0.2,4,4,CTTTGGGAGGGTTGAAATCT,0,3681412
tolCp1,0.2,4,4,CTTTAATCGCAGTTCATTTG,0,3696808
tolCp1,0.2,4,4,CTTGCTGGCCAGCTTATTGG,0,3695910
tolCp1,0.2,4,4,CTTGACATGTAGTCGCGGGC,0,3700606
tolCp1,0.2,4,4,CTTCTGTGTCAACACCTAGT,0,3684553
tolCp1,0.2,4,4,CTTCTGATTATACCTCTGGA,0,3686341
tolCp1,0.2,4,4,CTTCGAGCTCGACTCCAATC,0,3692415
tolCp1,0.2,4,4,CTTCAAGGGGGCCAGTCTAT,0,3675845
tolCp1,0.2,4,4,CTTACTCGCGTACGGAATAC,0,3674291
tolCp1,0.2,4,4,CTTAAGAGGACATAGGTCTT,0,3689203
tolCp1,0.2,4,4,CTGTTGGGTCCTCTCTTCGC,0,3681538
tolCp1,0.2,4,4,CTGTTCAAGCTTGAAGACGA,0,3667551
tolCp1,0.2,4,4,CTGTTAGATTATCTTGTGCT,0,3666511
tolCp1,0.2,4,4,CTGTTAAAATCTCGGATGGA,0,3666958
tolCp1,0.2,4,4,CTGTGGCGTAACGATCGCCT,0,3677078
tolCp1,0.2,4,4,CTGTGGACTAAGCTTACACA,0,3700023
tolCp1,0.2,4,4,CTGTCATGAGAAGGGTCCCA,0,3708289
tolCp1,0.2,4,4,CTGTACGTACGCAAGAGAGT,0,3695848
tolCp1,0.2,4,4,CTGGGGGATGGTTGTTCCAA,0,3693492
tolCp1,0.2,4,4,CTGGGAACATAAGACTTATC,0,3698339
tolCp1,0.2,4,4,CTGCCTCGCACTCTGAAGCA,0,3678489
tolCp1,0.2,4,4,CTGAGTGATTTCACAGAACC,0,3685829
tolCp1,0.2,4,4,CTGAGTCTCTCTGGGCTTCA,0,3689610
tolCp1,0.2,4,4,CTGACCGACTGTTGTAAGTC,0,3708565
tolCp1,0.2,4,4,CTGACCACCTCGGCCACAGT,0,3711654
tolCp1,0.2,4,4,CTCGGTGACTCTATCTGCAG,0,3695745
tolCp1,0.2,4,4,CTCCTGAGAAAAAGGCCAGG,0,3700016
tolCp1,0.2,4,4,CTCCGTTAGGCATGTAGAGA,0,3693278
tolCp1,0.2,4,4,CTCACATTCATTTATAGGTT,0,3682006
tolCp1,0.2,4,4,CTCAAACATATAGTTTTTAT,0,3673726
tolCp1,0.2,4,4,CTCAAAATAGGAAACGGAAA,0,3682406
tolCp1,0.2,4,4,CTATACCGGCGGACCGTCAA,0,3667731
tolCp1,0.2,4,4,CTATAACTTTGGTTTAAAGC,0,3683504
tolCp1,0.2,4,4,CTAGTGCTTTTGCCCAATCG,0,3663742
tolCp1,0.2,4,4,CTAGTAAGCTTTGCATCTAA,0,3703580
tolCp1,0.2,4,4,CTACGTACAGCCTGGTTTTA,0,3690023
tolCp1,0.2,4,4,CTACGGGTAATGCAAGAGCA,0,3670018
tolCp1,0.2,4,4,CTACGCTAGTAGATTGTTCG,0,3668530
tolCp1,0.2,4,4,CTACCGGCGCGGTCCTTATA,0,3709020
tolCp1,0.2,4,4,CTAAGGGTGTTAGACACCTT,0,3675586
tolCp1,0.2,4,4,CTAAGCGTATGTACGATCTC,0,3670684
tolCp1,0.2,4,4,CTAAATTTGCGGAAGTCTCA,0,3687940
tolCp1,0.2,4,4,CTAAAGTGCGTCGGGAACTC,0,3697767
tolCp1,0.2,4,4,CTAAAGTGCCCTTTGTGTGG,0,3694565
tolCp1,0.2,4,4,CGTTTTTTTTTTTCTAAGGG,0,3701094
tolCp1,0.2,4,4,CGTTTTGGGAATTAATCATC,0,3670770
tolCp1,0.2,4,4,CGTTTCTTGACAAGGATATA,0,3691323
tolCp1,0.2,4,4,CGTGTCAAGATATGACGCAG,0,3700815
tolCp1,0.2,4,4,CGTGGACAAGTTCTCGTCAA,0,3663878
tolCp1,0.2,4,4,CGTGGAAAGCGCAACGAGAT,0,3691171
tolCp1,0.2,4,4,CGTGATAGGACATGGAGAAT,0,3703259
tolCp1,0.2,4,4,CGTGAAGGCTGTGGACGCAG,0,3665834
tolCp1,0.2,4,4,CGTCTAGGTCGATACCCAGC,0,3703019
tolCp1,0.2,4,4,CGTCCCCTTAGCTGGAGCTA,0,3700842
tolCp1,0.2,4,4,CGTCAGATACTCCTACTGGC,0,3684302
tolCp1,0.2,4,4,CGTATAGAATCACCCGGCCT,0,3678356
tolCp1,0.2,4,4,CGTAGGGAGTACAGACAATA,0,3695087
tolCp1,0.2,4,4,CGTAGAAAAGCATGGATTAC,0,3669258
tolCp1,0.2,4,4,CGTACCCATCGTACGTCTTG,0,3703164
tolCp1,0.2,4,4,CGTAACCAGTAGGGCCGCTC,0,3670079
tolCp1,0.2,4,4,CGGTGTAGAGGATAGATTTT,0,3688864
tolCp1,0.2,4,4,CGGTGCAAATAAGGTGTCTG,0,3666604
tolCp1,0.2,4,4,CGGGCTAATTCCTATGTGGA,0,3693817
tolCp1,0.2,4,4,CGGGCGCCCGCGAGATCCCT,0,3711613
tolCp1,0.2,4,4,CGGCTATAGACGCGTAAGCG,0,3675575
tolCp1,0.2,4,4,CGGCTAAGAAAAGAAGGGTG,0,3673646
tolCp1,0.2,4,4,CGGCGGGCGGACACATTTCG,0,3700574
tolCp1,0.2,4,4,CGGCACGTAGGCATGAAGCT,0,3698529
tolCp1,0.2,4,4,CGGATGAGTGACGATTCTGT,0,3670171
tolCp1,0.2,4,4,CGGACTATTCATGCGGGTGC,0,3702492
tolCp1,0.2,4,4,CGGACGTCACAAAAATCGAG,0,3668459
tolCp1,0.2,4,4,CGGAAGGTAGCGGCAGCGAA,0,3705831
tolCp1,0.2,4,4,CGGAACGGAGTAGCTACTGT,0,3668309
tolCp1,0.2,4,4,CGCTTGAGGAACCGCAAGTA,0,3674007
tolCp1,0.2,4,4,CGCTGGGTGGAACCCCTCAC,0,3692688
tolCp1,0.2,4,4,CGCTGCTGTCTGCCCGCGGC,0,3695166
tolCp1,0.2,4,4,CGCTCTACCCCCCACATTTT,0,3684917
tolCp1,0.2,4,4,CGCTAAAAATGTTTGCGATC,0,3675184
tolCp1,0.2,4,4,CGCGTCACCTTCTCCCGTGG,0,3705359
tolCp1,0.2,4,4,CGCGGTAGGATTCTGCCAGG,0,3671741
tolCp1,0.2,4,4,CGCGGGGGGGTTAACGAAAT,0,3692909
tolCp1,0.2,4,4,CGCGGCCGAGCGGATGGCAT,0,3677175
tolCp1,0.2,4,4,CGCGAGGCATTGCTTATATG,0,3691145
tolCp1,0.2,4,4,CGCGAGATCAGTGCATCGGA,0,3706607
tolCp1,0.2,4,4,CGCCTTCGCTAGACCGCCAT,0,3696846
tolCp1,0.2,4,4,CGCCTGTCGTCCTGAGGGTG,0,3700580
tolCp1,0.2,4,4,CGCCCGCCCATATTGGCGTT,0,3662023
tolCp1,0.2,4,4,CGCCCAACTGTGGCTTAAGG,0,3702378
tolCp1,0.2,4,4,CGCCACGGATCGGGATCGAA,0,3705978
tolCp1,0.2,4,4,CGCATTTCAGGCTTAATCGG,0,3663329
tolCp1,0.2,4,4,CGCATACCGCAAAGCACAGT,0,3685837
tolCp1,0.2,4,4,CGCAGGAACAAAGAACACCA,0,3685253
tolCp1,0.2,4,4,CGCACCCCAATGTGTGTTCA,0,3686603
tolCp1,0.2,4,4,CGCAAGCGAGCCTGCCAGGG,0,3693089
tolCp1,0.2,4,4,CGATGGTGTGTCACCGTTAT,0,3668644
tolCp1,0.2,4,4,CGATCCGTCGGAAGCTCGAC,0,3682449
tolCp1,0.2,4,4,CGATACGAAAGTCCCTGAAA,0,3693687
tolCp1,0.2,4,4,CGAGCACGTCACGTAAGCCT,0,3680294
tolCp1,0.2,4,4,CGAGAATAACCTTACTGCTA,0,3673176
tolCp1,0.2,4,4,CGACTATTCTTTCCTTCCGT,0,3675939
tolCp1,0.2,4,4,CGACGGTCAACCGACTGCTT,0,3676364
tolCp1,0.2,4,4,CGACCTTATACCTGCCTATA,0,3713371
tolCp1,0.2,4,4,CGAATGGGCCTTTGTTTTAA,0,3677125
tolCp1,0.2,4,4,CCTTTGTCAAGTCGCTCGCA,0,3714168
tolCp1,0.2,4,4,CCTTTCGTCTGGTCAGGGAG,0,3678259
tolCp1,0.2,4,4,CCTTCTATCTATGAAAGGGG,0,3686294
tolCp1,0.2,4,4,CCTTATACCCCGTCGTTAGA,0,3695698
tolCp1,0.2,4,4,CCTCTCGATCTGGGAGGCGA,0,3662106
tolCp1,0.2,4,4,CCTCCGACTCAGGTTACCGT,0,3696478
tolCp1,0.2,4,4,CCTCAGACAAGAATACGGAG,0,3701933
tolCp1,0.2,4,4,CCTATTGAAGCACCAGTTGG,0,3680475
tolCp1,0.2,4,4,CCTAGCAGTAGGAATGCGGC,0,3698517
tolCp1,0.2,4,4,CCTACATATGCTGCCGTTTC,0,3667023
tolCp1,0.2,4,4,CCTAAGTCACGGGGGCTGGG,0,3668605
tolCp1,0.2,4,4,CCGTGGACCTGATTATTAAG,0,3685125
tolCp1,0.2,4,4,CCGTCTCATGCAGGGTCACC,0,3687445
tolCp1,0.2,4,4,CCGGTGGTGCCCAGACCGTA,0,3674709
tolCp1,0.2,4,4,CCGGGTGATAGAATAGGATT,0,3706422
tolCp1,0.2,4,4,CCGGGATTGGGACCGAAAGC,0,3702524
tolCp1,0.2,4,4,CCGCATCAATACGGTGAGGT,0,3668812
tolCp1,0.2,4,4,CCGCAAAACTAACGCAATCC,0,3710337
tolCp1,0.2,4,4,CCCTTAGCGTTCGCTCGTCC,0,3703510
tolCp1,0.2,4,4,CCCTCATAAGATATCATTGT,0,3668275
tolCp1,0.2,4,4,CCCTAGAGCTAACCTGCCAT,0,3674996
tolCp1,0.2,4,4,CCCGTGATCAACAGCTTAGA,0,3676942
tolCp1,0.2,4,4,CCCGGTAGCTCATTCACGAT,0,3673177
tolCp1,0.2,4,4,CCCGGCCGGGCTGCAGATTT,0,3681847
tolCp1,0.2,4,4,CCCGCCGCAAACTCGGCGAG,0,3668484
tolCp1,0.2,4,4,CCCCTTTCGGCCTCTGTCAT,0,3690954
tolCp1,0.2,4,4,CCCCTGATTAGACGTGGGGA,0,3704846
tolCp1,0.2,4,4,CCCCTCAGTGTATCCATTGG,0,3688176
tolCp1,0.2,4,4,CCCCTACATGGGCCAAGTAA,0,3693506
tolCp1,0.2,4,4,CCCCGGTCATACGACATTTC,0,3686935
tolCp1,0.2,4,4,CCCCGGGTTGCGCGCTGAGT,0,3711692
tolCp1,0.2,4,4,CCCCGCCAGCAAGAGGATGC,0,3685129
tolCp1,0.2,4,4,CCCCACTCTGCAGTTGGTAC,0,3667906
tolCp1,0.2,4,4,CCCATAAAGGAGATATACAC,0,3687563
tolCp1,0.2,4,4,CCCACCTCAGCAGCTCAGAC,0,3705034
tolCp1,0.2,4,4,CCCAAAATTAAGCTCTTCCA,0,3678397
tolCp1,0.2,4,4,CCCAAAAATTGATCCCCGCA,0,3705137
tolCp1,0.2,4,4,CCATGGGGACTTTTCAATGT,0,3681064
tolCp1,0.2,4,4,CCAGTATAGGGCCGATAGTG,0,3671134
tolCp1,0.2,4,4,CCAGGGCCGTGTACACACTC,0,3668099
tolCp1,0.2,4,4,CCAGGGAGATTCGTGTCGCT,0,3691318
tolCp1,0.2,4,4,CCACTATGCGTCGTTCGGAC,0,3678558
tolCp1,0.2,4,4,CCACGGAAGGGTAGTGTGAC,0,3683589
tolCp1,0.2,4,4,CCACCCTACTTGAGGGGAGC,0,3663539
tolCp1,0.2,4,4,CCACCCGCACTTAATAGCCC,0,3713121
tolCp1,0.2,4,4,CCACAGGAACTGCAATGATA,0,3711651
tolCp1,0.2,4,4,CCAACTTCACTCAACATAGA,0,3701819
tolCp1,0.2,4,4,CCAACGGACGTTTGAAGCAA,0,3671141
tolCp1,0.2,4,4,CCAACCGTCTGGTGAGGCGT,0,3686290
tolCp1,0.2,4,4,CCAAATGAAGGGTTCCGATT,0,3677600
tolCp1,0.2,4,4,CATTCGGGTGCTGGAAGACT,0,3668936
tolCp1,0.2,4,4,CATGTGTCCATCCAGTTAGG,0,3715037
tolCp1,0.2,4,4,CATGTGGCATTTTTTATTAA,0,3682035
tolCp1,0.2,4,4,CATGTATTATTGAGGTGGTT,0,3670660
tolCp1,0.2,4,4,CATGCGAGCGGATGGTACAG,0,3665765
tolCp1,0.2,4,4,CATGCCCTGGCAGGAGAAAC,0,3662268
tolCp1,0.2,4,4,CATGCCCGGTGGAGCGATCA,0,3677643
tolCp1,0.2,4,4,CATGCAGAATTACAAAAAGG,0,3691455
tolCp1,0.2,4,4,CATCGAGTACACGCGAAATC,0,3710260
tolCp1,0.2,4,4,CATAGTTTGCATATTGAATA,0,3698948
tolCp1,0.2,4,4,CATAGGGCTAACGGCTGCCA,0,3690476
tolCp1,0.2,4,4,CATAGATACAGCGTTTAATA,0,3710699
tolCp1,0.2,4,4,CAGTTAGGTGAAAAAACGGG,0,3674133
tolCp1,0.2,4,4,CAGTTACCATACTCGCGGAG,0,3697701
tolCp1,0.2,4,4,CAGTGTATAGGTTACAATGC,0,3673164
tolCp1,0.2,4,4,CAGTGAATGGCTTTGGGTTG,0,3705637
tolCp1,0.2,4,4,CAGTCATTTATGTGTGTATC,0,3672957
tolCp1,0.2,4,4,CAGGTTTCACTAAAACCTGG,0,3706051
tolCp1,0.2,4,4,CAGGGGTTACACTGTATCTT,0,3693848
tolCp1,0.2,4,4,CAGGACTGCTTTCGATTTAA,0,3707424
tolCp1,0.2,4,4,CAGCGAAGAACTAGGAGATA,0,3712744
tolCp1,0.2,4,4,CAGCCCGCCAATTAGAGACA,0,3699769
tolCp1,0.2,4,4,CAGCATCCTTGGTGGTACGC,0,3676990
tolCp1,0.2,4,4,CAGCACGTATCACGTCTCTT,0,3672465
tolCp1,0.2,4,4,CAGATAAGGGAACCGGCTTG,0,3713940
tolCp1,0.2,4,4,CACGTGCAGGACCACGGAAG,0,3714525
tolCp1,0.2,4,4,CACGGTTCCGGGGTAACCTT,0,3688345
tolCp1,0.2,4,4,CACGGATCTGTGCTCTGAGA,0,3700399
tolCp1,0.2,4,4,CACGACTACGTGGTGTATTC,0,3710253
tolCp1,0.2,4,4,CACGACACGCTCATGCGCGA,0,3704872
tolCp1,0.2,4,4,CACGAAGACCTCCGCCTGTG,0,3668782
tolCp1,0.2,4,4,CACCTTCACCTAGAGGGACA,0,3711520
tolCp1,0.2,4,4,CACCGTGCGAAGGAGCGCGG,0,3713699
tolCp1,0.2,4,4,CACCGGAGCTGAGGAACTAA,0,3692745
tolCp1,0.2,4,4,CACCGCTCATCCTTAGGCCG,0,3712411
tolCp1,0.2,4,4,CACCCAAATACATCCACGAT,0,3674843
tolCp1,0.2,4,4,CACAGAACTTTTGATGGGCT,0,3688645
tolCp1,0.2,4,4,CACACTTTGGTGAAGGGTGC,0,3694319
tolCp1,0.2,4,4,CAATTCACAATGACCATGCA,0,3676275
tolCp1,0.2,4,4,CAATTAGAGAGACTGGTAAA,0,3670544
tolCp1,0.2,4,4,CAATCTTCCCAGCTGGCATG,0,3677548
tolCp1,0.2,4,4,CAAGCCCCCTAGTACTGCGG,0,3661839
tolCp1,0.2,4,4,CAACGGATGGGATACATGAA,0,3667237
tolCp1,0.2,4,4,CAAAAAGTATGCCAACGTAG,0,3690272
tolCp1,0.2,4,4,ATTTTGAACATAGTTTTTCA,0,3689116
tolCp1,0.2,4,4,ATTTCTGGAGCTGGCCCCAG,0,3664329
tolCp1,0.2,4,4,ATTTCTATTAGTAGGGTTAT,0,3683566
tolCp1,0.2,4,4,ATTTATTGGCAGTAACGACA,0,3711698
tolCp1,0.2,4,4,ATTGTACGGACGTGCATTTT,0,3666839
tolCp1,0.2,4,4,ATTGCCCATAATAGTTCTGC,0,3708705
tolCp1,0.2,4,4,ATTGAAGCGATTGAAGCTAT,0,3667550
tolCp1,0.2,4,4,ATTCCCAGATAATCGCTTAA,0,3669032
tolCp1,0.2,4,4,ATTCAGCTTAAGCGCAAACT,0,3712944
tolCp1,0.2,4,4,ATTAGTTTGTGCGTGCCGTA,0,3669485
tolCp1,0.2,4,4,ATTAGCAATGGCTCAAGCTG,0,3698873
tolCp1,0.2,4,4,ATTAATGAGTGCATTTGGGT,0,3712076
tolCp1,0.2,4,4,ATGTTTCGTGAAGAATTTGT,0,3696244
tolCp1,0.2,4,4,ATGTTTATCGGATTACATAT,0,3673137
tolCp1,0.2,4,4,ATGTTAGAAGACAGACGTGT,0,3678929
tolCp1,0.2,4,4,ATGTTAATCGTTGGTCCACT,0,3705384
tolCp1,0.2,4,4,ATGTGCTGAATCACGTTAAC,0,3663426
tolCp1,0.2,4,4,ATGTAATCCTAGAGTATAGG,0,3697607
tolCp1,0.2,4,4,ATGGTTCGGCTCTCTCCGCA,0,3689904
tolCp1,0.2,4,4,ATGGTGCCATTACAGAGCCC,0,3702506
tolCp1,0.2,4,4,ATGGCCATTCTCAGGAGATC,0,3674782
tolCp1,0.2,4,4,ATGGATACAAACCTCGGCTG,0,3704344
tolCp1,0.2,4,4,ATGGACCTCAATAACCGCGC,0,3703837
tolCp1,0.2,4,4,ATGCTCTTATCTTCAGTTTC,0,3682997
tolCp1,0.2,4,4,ATGCTCTGTAGTTCGGAAGT,0,3663355
tolCp1,0.2,4,4,ATGATGTGTTCGTGCATACT,0,3689414
tolCp1,0.2,4,4,ATGAGGCAAGCAGCAAGATA,0,3675225
tolCp1,0.2,4,4,ATGACTGTACCCGATGGTTG,0,3677927
tolCp1,0.2,4,4,ATCTGTCATAGGCTTGCGTC,0,3663836
tolCp1,0.2,4,4,ATCTATGGACTCAAAATCGA,0,3678729
tolCp1,0.2,4,4,ATCGTCAGTTCGGTAATGGC,0,3698425
tolCp1,0.2,4,4,ATCGCCGGCGGCGTTTTTGA,0,3712943
tolCp1,0.2,4,4,ATCGCCGCTCCAGGGCGTAT,0,3667872
tolCp1,0.2,4,4,ATCGAGCCCTGATTGGGGAT,0,3714755
tolCp1,0.2,4,4,ATCCTATGGTCTTCGTCCTA,0,3691846
tolCp1,0.2,4,4,ATCCGTGTTATCTGCCCAGA,0,3683011
tolCp1,0.2,4,4,ATCCCAAAAGTCAAAATCAT,0,3699871
tolCp1,0.2,4,4,ATCACCGGTGGTCGACTCGT,0,3712375
tolCp1,0.2,4,4,ATCACACTGGGCAAAGCTCT,0,3697762
tolCp1,0.2,4,4,ATCAAGCAGAACGCCTTGGC,0,3677762
tolCp1,0.2,4,4,ATCAAATGACTGTACTCGTT,0,3666587
tolCp1,0.2,4,4,ATATCGACCTCCGGACGGAA,0,3710614
tolCp1,0.2,4,4,ATATCAATCTCGGACGCGCT,0,3689168
tolCp1,0.2,4,4,ATAGTTACGTAATCAATCTG,0,3714804
tolCp1,0.2,4,4,ATAGCTTTACACGCGGCTGA,0,3668834
tolCp1,0.2,4,4,ATAGCCCTAATATGAACAGG,0,3685598
tolCp1,0.2,4,4,ATAGACATGAAGAGTTCAGG,0,3691147
tolCp1,0.2,4,4,ATAGAAGGCCCTAACGGCGT,0,3663252
tolCp1,0.2,4,4,ATACTTATCGATCGTACGGT,0,3699706
tolCp1,0.2,4,4,ATACTCGTTGCCGGATGCAG,0,3680633
tolCp1,0.2,4,4,ATACGAGAGTGTATCATTTA,0,3705652
tolCp1,0.2,4,4,ATACAAACGGGGATCGTTAC,0,3688291
tolCp1,0.2,4,4,ATAATGGATATATGTGCACC,0,3663058
tolCp1,0.2,4,4,ATAATATGACATACGTAGAT,0,3713737
tolCp1,0.2,4,4,ATAACACTTCATCAGAGCGA,0,3705430
tolCp1,0.2,4,4,ATAAAAAGAGGTCTGACTCA,0,3709966
tolCp1,0.2,4,4,AGTTTTCTCGGCTGAGTGAG,0,3673067
tolCp1,0.2,4,4,AGTTTGTATTTAGACCCGGT,0,3699005
tolCp1,0.2,4,4,AGTTTGAAATAGCTACACTG,0,3705290
tolCp1,0.2,4,4,AGTTCGTGTATATCACGACG,0,3661896
tolCp1,0.2,4,4,AGTTAGCTTCGTTACCCATG,0,3699952
tolCp1,0.2,4,4,AGTGTCGAAGTCTTCTCACT,0,3693318
tolCp1,0.2,4,4,AGTGGTCACGTTAAGCGGCC,0,3681957
tolCp1,0.2,4,4,AGTGCAGGCCCCACCCGGTC,0,3710377
tolCp1,0.2,4,4,AGTCGGTTACGTGCTAAGGG,0,3670374
tolCp1,0.2,4,4,AGTCATGCTCATCCCCTGTC,0,3695340
tolCp1,0.2,4,4,AGTAGCATTTGGTTTATTGG,0,3703925
tolCp1,0.2,4,4,AGTACGGAGTCAAAGGTCTT,0,3685198
tolCp1,0.2,4,4,AGTAAGGTATAATTTGACCG,0,3698010
tolCp1,0.2,4,4,AGTAACCCGTTAATGAACGA,0,3672443
tolCp1,0.2,4,4,AGGTTCCCACGTTAGAAGTA,0,3705250
tolCp1,0.2,4,4,AGGTCAGGACTCCTACTGTT,0,3710577
tolCp1,0.2,4,4,AGGGTACGTCGTGTCGTTCT,0,3708786
tolCp1,0.2,4,4,AGGGCTACGCAACATAATAC,0,3689704
tolCp1,0.2,4,4,AGGGATAGCTAATGCCAACT,0,3712912
tolCp1,0.2,4,4,AGGCTGTAGACCATGTCAGG,0,3672667
tolCp1,0.2,4,4,AGGCCTTCGGATCGACCGTC,0,3699647
tolCp1,0.2,4,4,AGGCCCAATTCCCCCACTGC,0,3714187
tolCp1,0.2,4,4,AGGCCAGAGTTCGTATAAGG,0,3699897
tolCp1,0.2,4,4,AGGATAGGTCGGTTAGTAAG,0,3668017
tolCp1,0.2,4,4,AGCTGTGAGAGTACATCTCT,0,3664514
tolCp1,0.2,4,4,AGCTGGGACACAAGTCGGTC,0,3670231
tolCp1,0.2,4,4,AGCGGGTGTTGGCCGGTAAA,0,3673565
tolCp1,0.2,4,4,AGCGCACATCATGATTAAAT,0,3685348
tolCp1,0.2,4,4,AGCGCAACGCGGGACCCTTC,0,3708201
tolCp1,0.2,4,4,AGCCCAACTGAAGAGTGGAC,0,3667873
tolCp1,0.2,4,4,AGCATTAATGCACCTTACTC,0,3674126
tolCp1,0.2,4,4,AGCAGGTTCTCGGGGTCAGA,0,3674526
tolCp1,0.2,4,4,AGATTCCCGTGGCCCCCGTT,0,3663701
tolCp1,0.2,4,4,AGAGTGTTCAAAAGGCCGCA,0,3683782
tolCp1,0.2,4,4,AGAGGGTGATTTTTGGAGGG,0,3683972
tolCp1,0.2,4,4,AGAGAGGCGTGTTGTCCGGA,0,3679790
tolCp1,0.2,4,4,AGACTTTTTTACTCAGAGCG,0,3684246
tolCp1,0.2,4,4,AGACTGGAAGATTGCGGCGT,0,3672793
tolCp1,0.2,4,4,AGACTATGCAGTTGATTTAA,0,3691560
tolCp1,0.2,4,4,AGACTAAGTACAGGTCGGAA,0,3689210
tolCp1,0.2,4,4,AGACGGCTTGGTATTCCTGA,0,3678118
tolCp1,0.2,4,4,AGACCTGGATTACAGCTGTT,0,3698999
tolCp1,0.2,4,4,AGACCCTTCTCGCGCGAGAA,0,3695549
tolCp1,0.2,4,4,AGACCCGAAAGATAGGTTCA,0,3670117
tolCp1,0.2,4,4,AGACCCAGTGGATTGGTGGT,0,3682359
tolCp1,0.2,4,4,AGACATGGTAACGGCCAGAC,0,3667817
tolCp1,0.2,4,4,AGACATACGAGCTGAGTGTG,0,3711150
tolCp1,0.2,4,4,AGAAAATGTCAGGGGGCCAA,0,3696816
tolCp1,0.2,4,4,ACTTCTAAACCTCTCGATGT,0,3666925
tolCp1,0.2,4,4,ACTTCCTAGACGCGGGTCTC,0,3661946
tolCp1,0.2,4,4,ACTGTTTTTGAAGAAATGTC,0,3672724
tolCp1,0.2,4,4,ACTCTGGCTCAGTCCGGCAA,0,3704265
tolCp1,0.2,4,4,ACTCGGGTCGTGCCCACGAG,0,3681058
tolCp1,0.2,4,4,ACTCCTCTGTGCAAGCACGT,0,3699550
tolCp1,0.2,4,4,ACTCCCGGGTCCCGTGTGTG,0,3690343
tolCp1,0.2,4,4,ACTCCATACGGACGGTGGCT,0,3688081
tolCp1,0.2,4,4,ACGTTGGACGCTGCACCTAA,0,3672309
tolCp1,0.2,4,4,ACGTTCCCCCTTGTGTCGAC,0,3680638
tolCp1,0.2,4,4,ACGTGGTAGTTCTCTGCAAA,0,3680292
tolCp1,0.2,4,4,ACGGTATGGCAGGTAATCTA,0,3709311
tolCp1,0.2,4,4,ACGGTAACTTTTGAACTTTT,0,3705647
tolCp1,0.2,4,4,ACGGGAAAAACGACGGACGT,0,3682571
tolCp1,0.2,4,4,ACGCTGTTCACCTCCGATGA,0,3685606
tolCp1,0.2,4,4,ACGCCCGGACAAGATATCAG,0,3687191
tolCp1,0.2,4,4,ACGATCGGGTAGGGAGGGCA,0,3703740
tolCp1,0.2,4,4,ACGAGACTAGGGATCATTGG,0,3702968
tolCp1,0.2,4,4,ACGAGACTAATAAATGCCAC,0,3675822
tolCp1,0.2,4,4,ACGACGCACGTCAGTTTATT,0,3664043
tolCp1,0.2,4,4,ACCTTTGACCTAACTAGCGG,0,3707189
tolCp1,0.2,4,4,ACCTGCGATTATTGCTGCAG,0,3679021
tolCp1,0.2,4,4,ACCTGCCGGTTTCCTCTCGT,0,3684884
tolCp1,0.2,4,4,ACCTAATAGAGTGGGAAGCC,0,3683417
tolCp1,0.2,4,4,ACCGCGTGGGTGCGGCAGTC,0,3662111
tolCp1,0.2,4,4,ACCGCCGAGATCTGAAGGGG,0,3700390
tolCp1,0.2,4,4,ACCGAGCTAACCGTATTAAA,0,3693163
tolCp1,0.2,4,4,ACCGAATGGATGTGGATGAG,0,3667713
tolCp1,0.2,4,4,ACCGAACCTGCTACAGAATT,0,3681331
tolCp1,0.2,4,4,ACCCTTGTGCTAAGCCCGGG,0,3688066
tolCp1,0.2,4,4,ACCCTCTTCAGGAGCCACCC,0,3683187
tolCp1,0.2,4,4,ACCCTAAGAGGCGCTCTTAG,0,3704076
tolCp1,0.2,4,4,ACCCGCTCAGGACACGCACT,0,3681730
tolCp1,0.2,4,4,ACCCACGAACATTCCCGGTC,0,3663680
tolCp1,0.2,4,4,ACCAGTCGCTGGGTATCTTC,0,3661191
tolCp1,0.2,4,4,ACCAGTCAAACGGTCCGAGG,0,3675463
tolCp1,0.2,4,4,ACCAGCATCAGGTTGGACTG,0,3676293
tolCp1,0.2,4,4,ACATTTCAGCTGGTCAGGCT,0,3690817
tolCp1,0.2,4,4,ACATCGAAATATTGGTGATA,0,3699953
tolCp1,0.2,4,4,ACATAAAACTCACACCCTGA,0,3701915
tolCp1,0.2,4,4,ACAGGGGGGCGATGAATCAA,0,3710677
tolCp1,0.2,4,4,ACACTGAGTGGATCGAACGC,0,3689580
tolCp1,0.2,4,4,ACACGTAACTCCAGTTGGCT,0,3662356
tolCp1,0.2,4,4,ACAATCGAGGGCAGAAGGGG,0,3668142
tolCp1,0.2,4,4,ACAAGCTTAAGAAACCTCCG,0,3712412
tolCp1,0.2,4,4,ACAAAAGTGTATATGGTAAA,0,3706978
tolCp1,0.2,4,4,AATTTTACGTCTGCCGCCTT,0,3696793
tolCp1,0.2,4,4,AATTGGGGAGTGCACGCCAC,0,3692006
tolCp1,0.2,4,4,AATGTCAGCTAGGCGTTCGT,0,3676725
tolCp1,0.2,4,4,AATGATAGGAACAGACCGCG,0,3675158
tolCp1,0.2,4,4,AATCTCCGAGTTTCACCCTA,0,3709037
tolCp1,0.2,4,4,AATCTAATTGGGTTGCTGGA,0,3704563
tolCp1,0.2,4,4,AATCTAAGCGATTTCGTTGA,0,3683354
tolCp1,0.2,4,4,AATCCTTTCTCAACCGAGAA,0,3697686
tolCp1,0.2,4,4,AATATCTAAAAGCCTGAGAT,0,3708006
tolCp1,0.2,4,4,AATAGCACATTTAGGTCGGA,0,3709629
tolCp1,0.2,4,4,AAGTCCGTCGAGAGGTAATC,0,3684995
tolCp1,0.2,4,4,AAGTCCCGGCTGTCTCCGTG,0,3676434
tolCp1,0.2,4,4,AAGTAGTCCTGGAAATGCGG,0,3708203
tolCp1,0.2,4,4,AAGTAGGGGCGGCGTGCGCT,0,3697198
tolCp1,0.2,4,4,AAGCGTAGACTGGTGTATGT,0,3669049
tolCp1,0.2,4,4,AAGCCCGGGTGCTTAAGTTG,0,3680760
tolCp1,0.2,4,4,AAGCCACCGAGGTAATGCCA,0,3704462
tolCp1,0.2,4,4,AAGATGATACTGTTTTGCCT,0,3662280
tolCp1,0.2,4,4,AAGATCACAAACCGTGCAAT,0,3688772
tolCp1,0.2,4,4,AAGAGGTCTGGATACTCACT,0,3700133
tolCp1,0.2,4,4,AAGAGCTCGCCATGGGTGTC,0,3687648
tolCp1,0.2,4,4,AAGACCCACACCCACATTAG,0,3712069
tolCp1,0.2,4,4,AACTATGCCTCCTGTTCGAC,0,3662322
tolCp1,0.2,4,4,AACGTGCGCTGAGGCGTCAG,0,3688782
tolCp1,0.2,4,4,AACGGACAAGTGTATTGGTA,0,3670643
tolCp1,0.2,4,4,AACGCTCCGGGCTACACCCA,0,3664480
tolCp1,0.2,4,4,AACGCGTCTTTTAAGGCTTC,0,3707279
tolCp1,0.2,4,4,AACCTTGGAAGTATGCCAAA,0,3693350
tolCp1,0.2,4,4,AACCGTGGTCTTACCCGTGT,0,3699183
tolCp1,0.2,4,4,AACCCGTCTGCTCGACTCAC,0,3700313
tolCp1,0.2,4,4,AACCCGGGACACTCACCACG,0,3691757
tolCp1,0.2,4,4,AACACTGCTAATTGGCAGAT,0,3665780
tolCp1,0.2,4,4,AACACAGGATCCTTTGTGTG,0,3682185
tolCp1,0.2,4,4,AACAAGTACTGCTTTTTATG,0,3683831
tolCp1,0.2,4,4,AACAAGGTCATGTGACTTTG,0,3672160
tolCp1,0.2,4,4,AACAACCCATTCACAGGATG,0,3680636
tolCp1,0.2,4,4,AAATTGATCATTCTCATCTG,0,3673151
tolCp1,0.2,4,4,AAATTGAGGGGTGCTTTCGA,0,3690914
tolCp1,0.2,4,4,AAATGCACATCTTAGGTGTT,0,3689149
tolCp1,0.2,4,4,AAATAGGTTGATTGTGAGTC,0,3674630
tolCp1,0.2,4,4,AAAGTCAGAGGATGACAACA,0,3689475
tolCp1,0.2,4,4,AAAGGGTACCAAGGCCGAGA,0,3697920
tolCp1,0.2,4,4,AAAGGACGTCCGCAAACGAC,0,3707630
tolCp1,0.2,4,4,AAAGGAAGGGGTGTGGTGAG,0,3688259
tolCp1,0.2,4,4,AAAGAAGGTGTCTTCCCAAC,0,3702483
tolCp1,0.2,4,4,AAACCATGTGCTGAGCAGCG,0,3710328
tolCp1,0.2,4,4,AAAAGTTATTGCGCGGATGA,0,3664546
tolCp1,0.2,4,4,AAAACGGGGTTTTTCGGTAT,0,3679788
tolCp1,0.2,4,4,AAAAACCGTGACTTCAACAA,0,3679246
tolCp1,0.25,3,3,TTTTTTCACCATACGCGTAA,0,3692152
tolCp1,0.25,3,3,TTTTTAACTTATCGAGTACA,0,3689167
tolCp1,0.25,3,3,TTTTGCAACAATTTGCGTTA,0,3683179
tolCp1,0.25,3,3,TTTTACTTCCTGTTGTTCGG,0,3663746
tolCp1,0.25,3,3,TTTGCTAGTAACGCTTCAGT,0,3712837
tolCp1,0.25,3,3,TTTGACTGAAAGCGGTTAGC,0,3676952
tolCp1,0.25,3,3,TTTCTGCGTCAATGGGCCAG,0,3684558
tolCp1,0.25,3,3,TTTCGTTCTGACTCAAGATT,0,3692486
tolCp1,0.25,3,3,TTTCGATGATTCTAATCGGT,0,3702664
tolCp1,0.25,3,3,TTTCATTTTCCGTCCAGTGT,0,3670149
tolCp1,0.25,3,3,TTTCAAACAGAGGCTGGCCA,0,3705523
tolCp1,0.25,3,3,TTTAGAGGTCGTCTGTGAAG,0,3663819
tolCp1,0.25,3,3,TTGTTCGACCATTGGGACAG,0,3688937
tolCp1,0.25,3,3,TTGTGTTCGTGGAACTTGCT,0,3666394
tolCp1,0.25,3,3,TTGTGCATCCACTCGGAGAA,0,3683203
tolCp1,0.25,3,3,TTGTAAGGGAATGAATGTTG,0,3670981
tolCp1,0.25,3,3,TTGGTAATAAGAGTTCTTAT,0,3704508
tolCp1,0.25,3,3,TTGGGTGTTTTTCCGATTGG,0,3680242
tolCp1,0.25,3,3,TTGCTTCCGGGCAAGCGAGT,0,3709891
tolCp1,0.25,3,3,TTGCGCAAATTGCATACGGG,0,3681131
tolCp1,0.25,3,3,TTGATTCAGGTCCATGTAAA,0,3664563
tolCp1,0.25,3,3,TTGATGGGGGACGCACGAGA,0,3703288
tolCp1,0.25,3,3,TTGAGACCGTCCAGCCAAAA,0,3681084
tolCp1,0.25,3,3,TTGACCGTTATAATATCCCA,0,3693341
tolCp1,0.25,3,3,TTGAATCCGGACCAATTGGA,0,3685216
tolCp1,0.25,3,3,TTCTGGCATCGCGATGAATC,0,3697857
tolCp1,0.25,3,3,TTCTGGATAACCACTATACG,0,3670535
tolCp1,0.25,3,3,TTCTCGCGGTGGTTCGGGCT,0,3713576
tolCp1,0.25,3,3,TTCTCCAGCTTGCCGGAAAA,0,3706688
tolCp1,0.25,3,3,TTCTACGTGCTAGCTCCCGA,0,3678734
tolCp1,0.25,3,3,TTCGTGGGATACCAGGTTCC,0,3684829
tolCp1,0.25,3,3,TTCGTGCCTTATCACTACTA,0,3664395
tolCp1,0.25,3,3,TTCGGACTACCCAGAGTAAA,0,3690022
tolCp1,0.25,3,3,TTCGCGAATTTCGATAATGC,0,3673805
tolCp1,0.25,3,3,TTCGACGGGAGTTACCCCAC,0,3662375
tolCp1,0.25,3,3,TTCGACCGCGGAGTAGGAAA,0,3697097
tolCp1,0.25,3,3,TTCCTGTCCGTGTTACTCTC,0,3675487
tolCp1,0.25,3,3,TTCCTAACCATCTCCGGATC,0,3707914
tolCp1,0.25,3,3,TTCCGTGATAAACGCTCAGA,0,3689324
tolCp1,0.25,3,3,TTCCCGCGAACTGTACCAGC,0,3690876
tolCp1,0.25,3,3,TTCCCCGGTTATTCGCCTAT,0,3662426
tolCp1,0.25,3,3,TTCCCCGACGGTGTTCCGGC,0,3671630
tolCp1,0.25,3,3,TTCCAGTGGCCATGTGGGAT,0,3703175
tolCp1,0.25,3,3,TTCATTGCAATAGTACAGAT,0,3704280
tolCp1,0.25,3,3,TTCACTCATGCATCCTGCAG,0,3678335
tolCp1,0.25,3,3,TTATTTTCGTCTGGCTCTCA,0,3696163
tolCp1,0.25,3,3,TTATGTACCTCGGAAAAGCG,0,3666971
tolCp1,0.25,3,3,TTATGCAGTCCTACTCATTC,0,3683724
tolCp1,0.25,3,3,TTATCGTATGCGCTATTTGG,0,3695321
tolCp1,0.25,3,3,TTATATATTGATTATGTTAC,0,3662785
tolCp1,0.25,3,3,TTAGGTCCACAGTTCACTGA,0,3679455
tolCp1,0.25,3,3,TTAGAGTGTGCTAAAAAGCA,0,3685380
tolCp1,0.25,3,3,TTACATAACCCTGGGATAGC,0,3699622
tolCp1,0.25,3,3,TTAATAATTGTTTCCCAGTC,0,3676003
tolCp1,0.25,3,3,TTAAGTGTGACGCCCGGGGT,0,3692163
tolCp1,0.25,3,3,TTAAGTCAGTTGCCGTAAGT,0,3666337
tolCp1,0.25,3,3,TTAAGACGGCTCAAAAATGA,0,3702867
tolCp1,0.25,3,3,TTAACCCTACAGCGCGGCGA,0,3693839
tolCp1,0.25,3,3,TTAACATCTTTTGGAATAAG,0,3708471
tolCp1,0.25,3,3,TGTTGGTTTCGTAACCATTC,0,3691360
tolCp1,0.25,3,3,TGTTCCCTGACGCGTCTAAG,0,3682424
tolCp1,0.25,3,3,TGTGGGCAAGTGCGGCCAGG,0,3707725
tolCp1,0.25,3,3,TGTCGATTAGCGCCGAGTGT,0,3697026
tolCp1,0.25,3,3,TGTCCTTCAAATCATTCGCT,0,3673119
tolCp1,0.25,3,3,TGTCCGTGCATCTACTTGCG,0,3675890
tolCp1,0.25,3,3,TGTCACCTGTAGACGACGGA,0,3686634
tolCp1,0.25,3,3,TGTCAATCCAGCTTCTTGGA,0,3668143
tolCp1,0.25,3,3,TGTAGTTGCGTCTCCTATAC,0,3696807
tolCp1,0.25,3,3,TGTACTCCACATTCCACAGT,0,3670685
tolCp1,0.25,3,3,TGTACCAGCGGGCTCAGGCC,0,3713970
tolCp1,0.25,3,3,TGTACCAGCACGTGTGGATG,0,3701839
tolCp1,0.25,3,3,TGTAATAACATTGACGTGGC,0,3672037
tolCp1,0.25,3,3,TGGTTCGCGTAATATGCACG,0,3703841
tolCp1,0.25,3,3,TGGTGTTATAAGACGTGGAG,0,3710764
tolCp1,0.25,3,3,TGGTGGATACTTTGATCGAC,0,3696018
tolCp1,0.25,3,3,TGGTGGAATTGCGCCCATAA,0,3694602
tolCp1,0.25,3,3,TGGTGCGTGGCCCCGGGCTC,0,3713474
tolCp1,0.25,3,3,TGGGCGTTACCTCTAGCTGC,0,3678908
tolCp1,0.25,3,3,TGGGCGGCACAGGTCGGATG,0,3665752
tolCp1,0.25,3,3,TGGCTACTTCGGAGTCGGCC,0,3693768
tolCp1,0.25,3,3,TGGCGTTCAAGCACGGCGTC,0,3675914
tolCp1,0.25,3,3,TGGCCGTCACTCTTTGTGGA,0,3684883
tolCp1,0.25,3,3,TGGATTTGTGCTGGCCTGTT,0,3691313
tolCp1,0.25,3,3,TGGAGCCCGGCGGTATCAGT,0,3712496
tolCp1,0.25,3,3,TGCTCGCCCCACGTAGACTC,0,3701380
tolCp1,0.25,3,3,TGCTAGTCGTCGGGTACAGT,0,3702007
tolCp1,0.25,3,3,TGCGTCTCCCCTATATCGGT,0,3709676
tolCp1,0.25,3,3,TGCGCCGTCATCAGGGACAT,0,3669300
tolCp1,0.25,3,3,TGCGATCTAATGGCGTGCCA,0,3667364
tolCp1,0.25,3,3,TGCGATCCATAAACTTCCGT,0,3665037
tolCp1,0.25,3,3,TGCCTTACGTCACTGTTGGT,0,3687663
tolCp1,0.25,3,3,TGCCTGTAACAATTGCGGAG,0,3665299
tolCp1,0.25,3,3,TGCCGACATCTTCAGAATAA,0,3673583
tolCp1,0.25,3,3,TGCCCGACCAGAGAACTTGT,0,3704571
tolCp1,0.25,3,3,TGCCCCTAATCTGGTCAACC,0,3700402
tolCp1,0.25,3,3,TGCATGCGATCATTCGAGGG,0,3712316
tolCp1,0.25,3,3,TGCATCGCTTCACACAGATT,0,3688079
tolCp1,0.25,3,3,TGCAGTACAGGCCGGCAATA,0,3707627
tolCp1,0.25,3,3,TGCACCGGGGTGTTTCTTTG,0,3698195
tolCp1,0.25,3,3,TGCACCGCGAGTGACAGCAA,0,3667929
tolCp1,0.25,3,3,TGATAGTTCCCGGTATGAGG,0,3707373
tolCp1,0.25,3,3,TGAGCCATTCGGTACAGATG,0,3704001
tolCp1,0.25,3,3,TGAGACATGGAGATCGGTTA,0,3709309
tolCp1,0.25,3,3,TGAGACACACTTCCGCTAAT,0,3714858
tolCp1,0.25,3,3,TGACTAAGAAAATAAAGCCA,0,3699880
tolCp1,0.25,3,3,TGACGTAGTGAATAAAGTGT,0,3683463
tolCp1,0.25,3,3,TGACCAATCCTCTTCCAGCA,0,3704503
tolCp1,0.25,3,3,TGAAGTTGTCCATAAGAGCA,0,3677271
tolCp1,0.25,3,3,TGAACCGGCTTCGCTGAGCG,0,3709084
tolCp1,0.25,3,3,TCTTTTATGCACTTGAAATA,0,3689612
tolCp1,0.25,3,3,TCTTTATTCCCCATGTATGG,0,3707903
tolCp1,0.25,3,3,TCTTCTCACTTAGTTATTAT,0,3706730
tolCp1,0.25,3,3,TCTTCTAGTCTCCATTACAT,0,3695380
tolCp1,0.25,3,3,TCTTAACATGGATCATTCTC,0,3708902
tolCp1,0.25,3,3,TCTCTGCCAGTACTTATGGT,0,3687153
tolCp1,0.25,3,3,TCTCCGGTTATGCTGCAGGG,0,3691833
tolCp1,0.25,3,3,TCTCAGGGGGCCGCCTTCAA,0,3713186
tolCp1,0.25,3,3,TCTCAGCTGCCTGCTGGTTC,0,3669442
tolCp1,0.25,3,3,TCTCAAAAACCGAATCGGGG,0,3666960
tolCp1,0.25,3,3,TCTATTGAGCACGATAGACG,0,3683767
tolCp1,0.25,3,3,TCTAGTTGTTCCTTCTGTAC,0,3689259
tolCp1,0.25,3,3,TCTAAGGTAATGTCAACGGT,0,3665705
tolCp1,0.25,3,3,TCGTTGCGTATGGTAACGCG,0,3712831
tolCp1,0.25,3,3,TCGTCTTCTACCCGACTAGA,0,3702105
tolCp1,0.25,3,3,TCGTCTGCAGGGCTAGATAC,0,3700642
tolCp1,0.25,3,3,TCGTCAGTTTTGCGAGCGGA,0,3707682
tolCp1,0.25,3,3,TCGTAGTCCCAACGCCTTAC,0,3708360
tolCp1,0.25,3,3,TCGGTTCCAAGTTTCATGCT,0,3669657
tolCp1,0.25,3,3,TCGGTAGGTGGGGGCTTCGG,0,3709047
tolCp1,0.25,3,3,TCGGGTCCGGCTAGCCGTGG,0,3684814
tolCp1,0.25,3,3,TCGGACAAGTGTCCATTGTA,0,3714585
tolCp1,0.25,3,3,TCGGAATCAAACCTTACCAG,0,3709050
tolCp1,0.25,3,3,TCGCGGTCCTAAGCTCACCA,0,3690067
tolCp1,0.25,3,3,TCGCGATGAGTGGTGCTCAT,0,3674433
tolCp1,0.25,3,3,TCGCCAGAACTCAGCCACTG,0,3663337
tolCp1,0.25,3,3,TCGCACTGACTTCAGTCATA,0,3703075
tolCp1,0.25,3,3,TCGATTCTACGTGACCTGGA,0,3712487
tolCp1,0.25,3,3,TCCTTTATTGATTTCTATTA,0,3669654
tolCp1,0.25,3,3,TCCTATCTTTACCAATCTGG,0,3697707
tolCp1,0.25,3,3,TCCTAATGGATGCGCAGCAT,0,3707545
tolCp1,0.25,3,3,TCCGGTACATCGGATAGTTT,0,3709267
tolCp1,0.25,3,3,TCCGGAATTTCGGTGAGGCT,0,3702612
tolCp1,0.25,3,3,TCCGATCAGGGTTACGCTTC,0,3685744
tolCp1,0.25,3,3,TCCGAGCACCGTGGAAAAAG,0,3663249
tolCp1,0.25,3,3,TCCCTCGGGCATCCGGGTCT,0,3680353
tolCp1,0.25,3,3,TCCCGTCTGATCGAGTCGAA,0,3700034
tolCp1,0.25,3,3,TCCCGAAGCACGAACCAGGA,0,3687095
tolCp1,0.25,3,3,TCCCAGAGCCTTGTGCCTGA,0,3680798
tolCp1,0.25,3,3,TCCAAGCTTGATAAAGAGAA,0,3669063
tolCp1,0.25,3,3,TCCAAACGTTTCAAGAAATT,0,3691387
tolCp1,0.25,3,3,TCATTTTAAGTGTCCAAGCC,0,3677695
tolCp1,0.25,3,3,TCATATTCATCACCTGCATT,0,3672663
tolCp1,0.25,3,3,TCAGGTGTGTAGCAACTTTT,0,3702032
tolCp1,0.25,3,3,TCAGGGGGTAATCTACAGGC,0,3665454
tolCp1,0.25,3,3,TCAGCACGTCCGTGGGCATC,0,3704431
tolCp1,0.25,3,3,TCAGACAGCGCTTCAGTATA,0,3680095
tolCp1,0.25,3,3,TCAGAAATTCTTTGACGCCG,0,3666832
tolCp1,0.25,3,3,TCAGAAAGTTCAATGCTTCT,0,3691859
tolCp1,0.25,3,3,TCACTTCCCGCCGTCAACGT,0,3706770
tolCp1,0.25,3,3,TCACGAAACTGATACGAATT,0,3676268
tolCp1,0.25,3,3,TCACCTAAGAATGGAACGTG,0,3668385
tolCp1,0.25,3,3,TCAATTTTATATACCGTAGA,0,3675646
tolCp1,0.25,3,3,TCAATTGTGTCCTCTGAAAA,0,3692750
tolCp1,0.25,3,3,TCAAGTGGGCTTCGAGTGTT,0,3705383
tolCp1,0.25,3,3,TCAACCTAGGCTCCCCGAGG,0,3711551
tolCp1,0.25,3,3,TCAAAGGCTAATGCACATAC,0,3671931
tolCp1,0.25,3,3,TCAAAGAATTTTGCTAAGAC,0,3679793
tolCp1,0.25,3,3,TATTTAATGTGTTTCTAGGA,0,3713893
tolCp1,0.25,3,3,TATTCGTCACCCGCGTAATA,0,3711640
tolCp1,0.25,3,3,TATGTGTAAGCTGTAAGGAT,0,3689772
tolCp1,0.25,3,3,TATGCAACAGGGCCTGGACC,0,3693983
tolCp1,0.25,3,3,TATGATGGTTAATGCAAGTG,0,3694135
tolCp1,0.25,3,3,TATCTCGTTATAAAATCAGT,0,3673192
tolCp1,0.25,3,3,TATCGGACACTTAGCAGTCA,0,3689521
tolCp1,0.25,3,3,TATCGCATACGTTTGCACAC,0,3670903
tolCp1,0.25,3,3,TATCATCGCTACGGGAACTC,0,3709736
tolCp1,0.25,3,3,TATCACTTGATTATCAAATC,0,3701603
tolCp1,0.25,3,3,TATCAAGGACGCTCTTCTAC,0,3674957
tolCp1,0.25,3,3,TATATGTTCGGGGGTGGAAA,0,3701325
tolCp1,0.25,3,3,TATAATACGGTACCGGAGTG,0,3702297
tolCp1,0.25,3,3,TAGGTGCTAAACAGTCGGGT,0,3670518
tolCp1,0.25,3,3,TAGGGGCTTCGCCTAGAAGT,0,3687783
tolCp1,0.25,3,3,TAGGCCAGACAAGATACGCA,0,3685989
tolCp1,0.25,3,3,TAGGAGGCTTAGCATTTCAT,0,3668357
tolCp1,0.25,3,3,TAGGAGCTTTAGATTGCAAA,0,3709918
tolCp1,0.25,3,3,TAGCGTACGTTACCAGTTTA,0,3686573
tolCp1,0.25,3,3,TAGCGAGGTGTCCGAGTGGT,0,3694563
tolCp1,0.25,3,3,TAGATGGCTCGTTGTTACCA,0,3665944
tolCp1,0.25,3,3,TAGACCTGCCAGCCGTGGTG,0,3705649
tolCp1,0.25,3,3,TAGACATACGGTGAAGGATT,0,3662798
tolCp1,0.25,3,3,TAGAAAACATCGAAAGGGTG,0,3689938
tolCp1,0.25,3,3,TACTTTTGGTATAGAGTACC,0,3691354
tolCp1,0.25,3,3,TACTCCTCCCTCCAGTACTG,0,3693559
tolCp1,0.25,3,3,TACGGCGTCAAAATCCGTTC,0,3690668
tolCp1,0.25,3,3,TACGGAATAGGCGAGATGTT,0,3685168
tolCp1,0.25,3,3,TACGCGGGGAATTCTCCGCA,0,3662965
tolCp1,0.25,3,3,TACGCAAACGGCTCTGTAAG,0,3702989
tolCp1,0.25,3,3,TACGATAGGGGGTGATGAGT,0,3710988
tolCp1,0.25,3,3,TACCGTGGATGGTCCAGTAC,0,3662453
tolCp1,0.25,3,3,TACCGAAGCGCGAGACTCGC,0,3669440
tolCp1,0.25,3,3,TACCCCTTATCTCCCCCACA,0,3713207
tolCp1,0.25,3,3,TACCAGCTTGAACTTGGATA,0,3675588
tolCp1,0.25,3,3,TACCAGCGGCAAGCTTTCTA,0,3678570
tolCp1,0.25,3,3,TACCAAGTTGAAAAGAGTCA,0,3666402
tolCp1,0.25,3,3,TACATTGGCCAGTACTCTGC,0,3678878
tolCp1,0.25,3,3,TACACCGCAGGGAGACCGTA,0,3695378
tolCp1,0.25,3,3,TACACCCGGCGTCGAACAGC,0,3672633
tolCp1,0.25,3,3,TACAAAGCACCCGTAGTTGT,0,3684755
tolCp1,0.25,3,3,TAATTGCCCATCGTTCGCGA,0,3675169
tolCp1,0.25,3,3,TAATGACCACAAGTTGGATC,0,3668310
tolCp1,0.25,3,3,TAATAGGTCCCCATATTACG,0,3664530
tolCp1,0.25,3,3,TAAGTACGAATTCGGGGCAT,0,3688423
tolCp1,0.25,3,3,TAAGGTGCCAGCGCTTGGCA,0,3713833
tolCp1,0.25,3,3,TAAGGCGCACAAGCTGGTGA,0,3700459
tolCp1,0.25,3,3,TAAGCTCTATAAGAGGATCG,0,3713615
tolCp1,0.25,3,3,TAACGCTCCGCCAGGACACT,0,3690965
tolCp1,0.25,3,3,TAACGAGGTGTATTCTCGTT,0,3668461
tolCp1,0.25,3,3,TAAATCTCCAAATGTCTATG,0,3685622
tolCp1,0.25,3,3,TAAAGGCTTGTAGGGTTGTC,0,3685355
tolCp1,0.25,3,3,TAAAATGGTAACAATAGGCT,0,3667739
tolCp1,0.25,3,3,TAAAACAATGTTCCCCGGTA,0,3694576
tolCp1,0.25,3,3,TAAAAAACGGTATTTAGAGC,0,3662916
tolCp1,0.25,3,3,GTTTTTGCCAATCGGGGGGC,0,3697795
tolCp1,0.25,3,3,GTTTTGGCTAGTCGCGGTAA,0,3696671
tolCp1,0.25,3,3,GTTTTCTACTTTAAGATACC,0,3670899
tolCp1,0.25,3,3,GTTTTCACGCTCGGCTATTT,0,3698597
tolCp1,0.25,3,3,GTTTGTTTGGCACGAATCGG,0,3702834
tolCp1,0.25,3,3,GTTTGGAAACGTCACCACTG,0,3672106
tolCp1,0.25,3,3,GTTTGCGCCGCGAGACGTTG,0,3683393
tolCp1,0.25,3,3,GTTTGAGTTGATACCCAGCT,0,3691198
tolCp1,0.25,3,3,GTTTCTAAAATATGAGCCCC,0,3704041
tolCp1,0.25,3,3,GTTTCGTTAGACAGCGGACG,0,3692786
tolCp1,0.25,3,3,GTTTCATTTTCACAGGGTCA,0,3700356
tolCp1,0.25,3,3,GTTTCACTATCAGGCGTGTC,0,3675167
tolCp1,0.25,3,3,GTTTACTCGGATCTGTTAAG,0,3661384
tolCp1,0.25,3,3,GTTGTGCGGAAGCCCTGGTA,0,3707374
tolCp1,0.25,3,3,GTTGAGTTGGCCAGGGTACG,0,3685546
tolCp1,0.25,3,3,GTTCGTGATGTAGTTTGCCA,0,3703668
tolCp1,0.25,3,3,GTTAGTGGGGTTCAACGGAT,0,3683419
tolCp1,0.25,3,3,GTTAGATGTTTATACTATTG,0,3684073
tolCp1,0.25,3,3,GTTACTAGAGTGCTCGCGTA,0,3668720
tolCp1,0.25,3,3,GTTACCTAATTGGCGACATG,0,3708785
tolCp1,0.25,3,3,GTTAACGTTTGATAAGGTTT,0,3669904
tolCp1,0.25,3,3,GTGTTTAGTTGCGCCACGAA,0,3662581
tolCp1,0.25,3,3,GTGTTGCTGCGTATACGGTT,0,3682925
tolCp1,0.25,3,3,GTGTGGACGGTCGCGCGGAG,0,3687878
tolCp1,0.25,3,3,GTGTGAGGCAGCGTTTGGTC,0,3699407
tolCp1,0.25,3,3,GTGTCCTTGGTGCGCAGTGA,0,3674038
tolCp1,0.25,3,3,GTGGTTCATTTACACACGGT,0,3695032
tolCp1,0.25,3,3,GTGGTCAGTTGTTGGGAAGA,0,3691292
tolCp1,0.25,3,3,GTGGTACACTTTATGTATTC,0,3663556
tolCp1,0.25,3,3,GTGGGCTATTTGATTTTGGT,0,3667762
tolCp1,0.25,3,3,GTGCCCAACTATTAAAATAT,0,3701033
tolCp1,0.25,3,3,GTGCAGAGGGTTCTGCACAG,0,3663554
tolCp1,0.25,3,3,GTGCAATAAGGATATACTTC,0,3672319
tolCp1,0.25,3,3,GTGATGGGAGGCTAGCTCTG,0,3706356
tolCp1,0.25,3,3,GTGACCTTCTCCCGCCGTAT,0,3669972
tolCp1,0.25,3,3,GTGAACTTGAATACGACGTA,0,3694953
tolCp1,0.25,3,3,GTGAACTCCTGGATAAAAAG,0,3701112
tolCp1,0.25,3,3,GTGAACCCGTGCCACCACAT,0,3715507
tolCp1,0.25,3,3,GTCTGTGACTAGATGATCAG,0,3661679
tolCp1,0.25,3,3,GTCTCGTATCCTAGCCTAGA,0,3685831
tolCp1,0.25,3,3,GTCGGAAAGCCTTGCAACGT,0,3679013
tolCp1,0.25,3,3,GTCGCTGCTTCTTTGGGGTC,0,3674770
tolCp1,0.25,3,3,GTCGCGGTAGTGTGGCAACA,0,3675130
tolCp1,0.25,3,3,GTCGCAATCATCCCGCAAGT,0,3678526
tolCp1,0.25,3,3,GTCGAGTAAGATCGAAGTAA,0,3668589
tolCp1,0.25,3,3,GTCCCGCACGCGGGAGCAAC,0,3685526
tolCp1,0.25,3,3,GTCCACACGAAACCATCGGA,0,3662720
tolCp1,0.25,3,3,GTCCAAGCGAGTCAGAACCT,0,3692202
tolCp1,0.25,3,3,GTCACGTGCAATTGCGGGTG,0,3664527
tolCp1,0.25,3,3,GTCACGGGTTGTTCGGGGTC,0,3669978
tolCp1,0.25,3,3,GTCACGCCGCCGAGACCGTT,0,3706618
tolCp1,0.25,3,3,GTCACCAATCTGTCACGGGC,0,3679450
tolCp1,0.25,3,3,GTCAACTTTTACAGTCGTCA,0,3704337
tolCp1,0.25,3,3,GTATGTGGATTGATTAGTAC,0,3689261
tolCp1,0.25,3,3,GTATGGGCAATTTAATCATC,0,3693827
tolCp1,0.25,3,3,GTATGCGGCCCGGTTTTATT,0,3690139
tolCp1,0.25,3,3,GTATGCCGTTATCTAATATA,0,3703389
tolCp1,0.25,3,3,GTATGAAAACCGAGCTACTT,0,3690729
tolCp1,0.25,3,3,GTATCAAACCGAAGCTTTCA,0,3706298
tolCp1,0.25,3,3,GTAGTGGCCCCTTCTCTCCC,0,3692950
tolCp1,0.25,3,3,GTAGGGCTCGTCTTTCTGGA,0,3676064
tolCp1,0.25,3,3,GTAGCCCTACAGTCTTTTCG,0,3708635
tolCp1,0.25,3,3,GTAGATTAGGGATCACGCTT,0,3690355
tolCp1,0.25,3,3,GTAGACTCTGTATGTAGTAA,0,3703496
tolCp1,0.25,3,3,GTACGTACTTGGGAAAACAG,0,3681508
tolCp1,0.25,3,3,GTACAGGAAAATTTAGATAG,0,3695150
tolCp1,0.25,3,3,GTAACTCACATTGGTGTTTA,0,3679325
tolCp1,0.25,3,3,GGTTTCAGAATAGGCCATCG,0,3680535
tolCp1,0.25,3,3,GGTTGTTACAGTTGCTCTAG,0,3662631
tolCp1,0.25,3,3,GGTTCTCCGGGTTGCAAATT,0,3701807
tolCp1,0.25,3,3,GGTTCGGAAACTCTATGGTT,0,3687488
tolCp1,0.25,3,3,GGTTAATCACTAAGGCATTT,0,3700032
tolCp1,0.25,3,3,GGTGTGTCCGCGTAGTATCC,0,3665971
tolCp1,0.25,3,3,GGTGTAATAGGATCAGGAGT,0,3700761
tolCp1,0.25,3,3,GGTGGGTTCGTCAAATTCAT,0,3667850
tolCp1,0.25,3,3,GGTGATTATAGATCTGTCAG,0,3702653
tolCp1,0.25,3,3,GGTCTCCGGACGAAGATACC,0,3693451
tolCp1,0.25,3,3,GGTCTAGACCCTGGGCTAAT,0,3708462
tolCp1,0.25,3,3,GGTCGTGGATAACAGCGTTA,0,3699138
tolCp1,0.25,3,3,GGTCGGGGTTCGAAGAAATA,0,3691149
tolCp1,0.25,3,3,GGTCGGAGTCATGCTTAAGC,0,3675666
tolCp1,0.25,3,3,GGTCAGTCCGCGTCTCGTAG,0,3671384
tolCp1,0.25,3,3,GGTCAGCCAGATGGCCTGCA,0,3687094
tolCp1,0.25,3,3,GGTACACGGGCGATGCTTTT,0,3683351
tolCp1,0.25,3,3,GGTACAACTTGAATAATGCG,0,3705340
tolCp1,0.25,3,3,GGTAAGAACGTACTCGACGG,0,3668189
tolCp1,0.25,3,3,GGGTTTGCACGGACATAGGT,0,3712588
tolCp1,0.25,3,3,GGGTTGGGTTGTAAGTACCA,0,3687831
tolCp1,0.25,3,3,GGGTTCGTTATCGCGGAGCT,0,3683726
tolCp1,0.25,3,3,GGGTTAATCCAATATTCACT,0,3685868
tolCp1,0.25,3,3,GGGTCTTTGAGGTAAGCTAC,0,3695327
tolCp1,0.25,3,3,GGGTCTGCAGTCGCTGCAGC,0,3694108
tolCp1,0.25,3,3,GGGTCATGTGGGTAAGGGAC,0,3680064
tolCp1,0.25,3,3,GGGTATCTGTGATCATCTTT,0,3715095
tolCp1,0.25,3,3,GGGTAACCCTGGTCCAACTG,0,3700668
tolCp1,0.25,3,3,GGGGTGGGAGGCTATTAATC,0,3674518
tolCp1,0.25,3,3,GGGGGTCAGGCAATAGGACC,0,3712183
tolCp1,0.25,3,3,GGGGGTACGACGCAGAGTTT,0,3668428
tolCp1,0.25,3,3,GGGGGGTCTACTTTATCGTA,0,3689515
tolCp1,0.25,3,3,GGGGGCGCATTCTAGCTGGT,0,3677227
tolCp1,0.25,3,3,GGGGCAGTCGGCTCACATGC,0,3695925
tolCp1,0.25,3,3,GGGGATCATTGAGTCTCAGC,0,3676261
tolCp1,0.25,3,3,GGGCCTTAGCCGTCCTACTC,0,3683258
tolCp1,0.25,3,3,GGGCCGGCAAGGTGCACCAT,0,3713288
tolCp1,0.25,3,3,GGGATATCGGTGTAGCGGCC,0,3670130
tolCp1,0.25,3,3,GGGAGGGTTCTGAATGGAAG,0,3714783
tolCp1,0.25,3,3,GGGAATCTAAAACTTGGTCA,0,3661972
tolCp1,0.25,3,3,GGCTTTATCAAACCGTTGGT,0,3668804
tolCp1,0.25,3,3,GGCTCGCGCCGACCGAGCGT,0,3662632
tolCp1,0.25,3,3,GGCTATTCGTTGCGTACCTT,0,3676759
tolCp1,0.25,3,3,GGCTAGTGCGTGGGCGCTGC,0,3689684
tolCp1,0.25,3,3,GGCTAGGATTCTCACGATTG,0,3688303
tolCp1,0.25,3,3,GGCGTACTTTTTGTGATCAC,0,3701103
tolCp1,0.25,3,3,GGCGCAGTATACAATAAGAT,0,3675229
tolCp1,0.25,3,3,GGCGCAGACAAATACGGCGA,0,3677153
tolCp1,0.25,3,3,GGCGATGGTCAACTGACTAA,0,3672582
tolCp1,0.25,3,3,GGCGAATAAACTAGAACGGC,0,3685189
tolCp1,0.25,3,3,GGCCGCGGTTTGCATCTTTA,0,3663982
tolCp1,0.25,3,3,GGCCCGTGCTGTTGACATGT,0,3697790
tolCp1,0.25,3,3,GGCCATTAATGCGAAGAACA,0,3697687
tolCp1,0.25,3,3,GGCATTCCACGCGCCGGGGT,0,3674383
tolCp1,0.25,3,3,GGCATGACGATGTCAGCTCG,0,3698132
tolCp1,0.25,3,3,GGCATCTGTACCTGGTGCCA,0,3699157
tolCp1,0.25,3,3,GGCACCCACCGGGAACAACA,0,3697893
tolCp1,0.25,3,3,GGATGAAGCACTGGAGGAAG,0,3661663
tolCp1,0.25,3,3,GGATATCAGAATTCAGCGCC,0,3686075
tolCp1,0.25,3,3,GGAGCGTTTGTTTGGTTGAC,0,3670458
tolCp1,0.25,3,3,GGAGCGGGTCCACGTCGCAA,0,3687632
tolCp1,0.25,3,3,GGAGAGCGGCTCGGTCGCGG,0,3669663
tolCp1,0.25,3,3,GGACCTTAACTGATCGTCAA,0,3712881
tolCp1,0.25,3,3,GGACCGTGTGGAATGTGCTC,0,3664973
tolCp1,0.25,3,3,GGACCCGTGCATGATTTGCG,0,3682401
tolCp1,0.25,3,3,GGAATGTCGTACGCGGGAAT,0,3676665
tolCp1,0.25,3,3,GGAACTCAATTGGCACTAAT,0,3677808
tolCp1,0.25,3,3,GGAACTATGCAATTTGCTGC,0,3678827
tolCp1,0.25,3,3,GGAACGGGGGTCTCTAGAGA,0,3679750
tolCp1,0.25,3,3,GCTTTCTGTTCTGGTAATTT,0,3695588
tolCp1,0.25,3,3,GCTTGTCATTAGATCGCTGA,0,3692131
tolCp1,0.25,3,3,GCTTCCCCGCGCCCGGTGAA,0,3688472
tolCp1,0.25,3,3,GCTTCATTCCACCTCGGGCT,0,3680666
tolCp1,0.25,3,3,GCTTACGATTGTGGGCGGTC,0,3661827
tolCp1,0.25,3,3,GCTTAAGGACTGGAATCTGA,0,3672420
tolCp1,0.25,3,3,GCTTAACGTACCGAAGTAAG,0,3672598
tolCp1,0.25,3,3,GCTGTTTCCCAGAGTTTCAA,0,3663957
tolCp1,0.25,3,3,GCTGTAGTTTCGACATGTGT,0,3710412
tolCp1,0.25,3,3,GCTGGCCCCCATGAGTCCCT,0,3699486
tolCp1,0.25,3,3,GCTCTGTGGCTCGTTCGTGT,0,3703121
tolCp1,0.25,3,3,GCTCTGCTAGAAAGGTGTAC,0,3696034
tolCp1,0.25,3,3,GCTCTAGCTCCAGAGAACGA,0,3675319
tolCp1,0.25,3,3,GCTCCATGGGAGTGCACGTC,0,3693449
tolCp1,0.25,3,3,GCTCAGGTACGCGAGTTACC,0,3704339
tolCp1,0.25,3,3,GCTCACGGCCCCCATCTCCT,0,3677836
tolCp1,0.25,3,3,GCTCAAGAAGTACGAAAGAC,0,3695986
tolCp1,0.25,3,3,GCTAGATAGCTCGCGCTCCA,0,3711200
tolCp1,0.25,3,3,GCTACGCAGATCGTGCGTCC,0,3665039
tolCp1,0.25,3,3,GCGTTTGGAAATGTAATAAA,0,3682190
tolCp1,0.25,3,3,GCGTTCGCGGCAACGTCGCG,0,3670977
tolCp1,0.25,3,3,GCGTGGTAAAACGCGGCTGT,0,3670776
tolCp1,0.25,3,3,GCGTGAATACGAGGCATTAC,0,3672142
tolCp1,0.25,3,3,GCGTCAACTATTCTGGGACA,0,3667036
tolCp1,0.25,3,3,GCGTAATTCGCCATCTTTAT,0,3682115
tolCp1,0.25,3,3,GCGGTCAAGCTAACTATCGA,0,3708132
tolCp1,0.25,3,3,GCGGCCCCCAACCATTTACT,0,3676799
tolCp1,0.25,3,3,GCGGATCAGTAGAGATTAGT,0,3686268
tolCp1,0.25,3,3,GCGCGCCTGGTACTTCGCGA,0,3666087
tolCp1,0.25,3,3,GCGCGAAGGGGGAGACTTTA,0,3663841
tolCp1,0.25,3,3,GCGCATTTGAGGGACAGGTC,0,3667594
tolCp1,0.25,3,3,GCGACCGTTAAGTTCCTGTG,0,3705964
tolCp1,0.25,3,3,GCCTATAGCGCATTTTGGAG,0,3681211
tolCp1,0.25,3,3,GCCTACGCTTATGCCGTAAT,0,3664457
tolCp1,0.25,3,3,GCCGTTTTAGGGAGGGTATC,0,3704898
tolCp1,0.25,3,3,GCCGGCTGAACCGTCGATCT,0,3709563
tolCp1,0.25,3,3,GCCGGATAGACATACACGGT,0,3705240
tolCp1,0.25,3,3,GCCGCTGGGCCTACCCGGCC,0,3714354
tolCp1,0.25,3,3,GCCGCGGGGTTATAACGATC,0,3681011
tolCp1,0.25,3,3,GCCGAACAGGCTTTCTAAGA,0,3698661
tolCp1,0.25,3,3,GCCCTGCCCATTTGAGACCA,0,3699721
tolCp1,0.25,3,3,GCCATGGTGGTACAAAAGGT,0,3715296
tolCp1,0.25,3,3,GCCATCGTACTTTACTGATC,0,3676357
tolCp1,0.25,3,3,GCCAGCGGCAACCCACGACA,0,3706796
tolCp1,0.25,3,3,GCCAAGATTCTGAGCGGGAT,0,3676087
tolCp1,0.25,3,3,GCCAAGACGGAACTTCGGTC,0,3693831
tolCp1,0.25,3,3,GCCAACTGCGTACTGTAGAG,0,3695185
tolCp1,0.25,3,3,GCATGCGAACTCTGTGAACC,0,3680585
tolCp1,0.25,3,3,GCAGTAACGAGCATTGCAGC,0,3704060
tolCp1,0.25,3,3,GCAGGGACAGTTTTCTACTT,0,3694577
tolCp1,0.25,3,3,GCAGAGAGGGTGGACGAATC,0,3687718
tolCp1,0.25,3,3,GCAGACACTTGCATATGTAC,0,3677128
tolCp1,0.25,3,3,GCACGTGGGCAACCCGAGTA,0,3698676
tolCp1,0.25,3,3,GCACCGAGAGGCGCGAAAAT,0,3677633
tolCp1,0.25,3,3,GCACCACTGGGGGCCGGTCG,0,3679340
tolCp1,0.25,3,3,GCACATGTTGAGAGCCGCTG,0,3714251
tolCp1,0.25,3,3,GCAATTTTGCTGAGTCATCG,0,3686503
tolCp1,0.25,3,3,GCAATGCTTAAACTTTCTGG,0,3692423
tolCp1,0.25,3,3,GCAACGCGCGTAGTCACAAT,0,3674184
tolCp1,0.25,3,3,GCAACAGTTGCCAGAGGGAA,0,3664891
tolCp1,0.25,3,3,GCAAACGAGTCGCTAGTTCG,0,3665743
tolCp1,0.25,3,3,GATTTCTCTCTAAAGCCGAT,0,3704336
tolCp1,0.25,3,3,GATGTTCGGTCAGTAGTTTA,0,3674548
tolCp1,0.25,3,3,GATGGAGCCATATATGTCGG,0,3681234
tolCp1,0.25,3,3,GATGACAGACCGTCTAACAT,0,3683759
tolCp1,0.25,3,3,GATATAGATTCCCCCCAAAG,0,3680558
tolCp1,0.25,3,3,GATACACTACAATCGGACCT,0,3681912
tolCp1,0.25,3,3,GATAATTGACCCAGGACTAA,0,3675324
tolCp1,0.25,3,3,GAGTTGTTTTTAAGGGACGA,0,3684700
tolCp1,0.25,3,3,GAGGTTTGTGCGAACCACCC,0,3661945
tolCp1,0.25,3,3,GAGGTAGTTGGACGGGATCT,0,3699263
tolCp1,0.25,3,3,GAGCTGTCAATCCTGCTCCC,0,3677404
tolCp1,0.25,3,3,GAGCATGCCGCGCCTCTCAG,0,3662138
tolCp1,0.25,3,3,GAGAATGGATGTAGTCCTGA,0,3683743
tolCp1,0.25,3,3,GAGAATCAACCGCTAAACGT,0,3685206
tolCp1,0.25,3,3,GAGAACCGGATTCGTAACTA,0,3712424
tolCp1,0.25,3,3,GACTTTAAACCAATGACGTA,0,3697292
tolCp1,0.25,3,3,GACTGGCCCCGTTTCTAACG,0,3711485
tolCp1,0.25,3,3,GACTCGGTGATATTGGTCTG,0,3691694
tolCp1,0.25,3,3,GACTAATGTCGTTGGCCCTA,0,3683299
tolCp1,0.25,3,3,GACGCCTTTTAGCTCGGACA,0,3665669
tolCp1,0.25,3,3,GACCGAATCGTTAGCACATT,0,3679005
tolCp1,0.25,3,3,GACCCGCGGTGTTTCGCGCC,0,3664155
tolCp1,0.25,3,3,GACCCCGAACTAGCTAGGGA,0,3690624
tolCp1,0.25,3,3,GACACGCCCCTACGTAAAGA,0,3699371
tolCp1,0.25,3,3,GACACACACAGGCATCGTTA,0,3668402
tolCp1,0.25,3,3,GACAATGAGTCCTCGACGAT,0,3693131
tolCp1,0.25,3,3,GAATTTGTGTTCCGGGTGTA,0,3676091
tolCp1,0.25,3,3,GAATTTGCATTGTCAAGGGG,0,3693960
tolCp1,0.25,3,3,GAATTATAATCTTAACATAA,0,3676922
tolCp1,0.25,3,3,GAATCTAGTCCTCCACTCAC,0,3686242
tolCp1,0.25,3,3,GAATATCTCGGCACGACTGG,0,3712192
tolCp1,0.25,3,3,GAAGTCTTTAGGTCATTCCT,0,3704157
tolCp1,0.25,3,3,GAAGGCCACCCTCCGTTGAA,0,3688190
tolCp1,0.25,3,3,GAAGCCCATAGTTGGGAATT,0,3681992
tolCp1,0.25,3,3,GAACCTGCACTGTACAATCT,0,3689597
tolCp1,0.25,3,3,GAACCCGTCGAGGACACTAG,0,3674954
tolCp1,0.25,3,3,GAACATGCGGTGGCAGAAAC,0,3701586
tolCp1,0.25,3,3,GAACAACTCTTCCACCAGCG,0,3680439
tolCp1,0.25,3,3,GAAATGTGTTCGCTCCCATC,0,3706137
tolCp1,0.25,3,3,GAAATCGTGCCGCGGACTGA,0,3705089
tolCp1,0.25,3,3,GAAACCTCTGCATCTTGTTT,0,3705912
tolCp1,0.25,3,3,GAAACCCAGACCGTGCCCAC,0,3715253
tolCp1,0.25,3,3,CTTTGGGACAGGTTCAAGTG,0,3687437
tolCp1,0.25,3,3,CTTTAGACGGAGGGTACAGA,0,3701447
tolCp1,0.25,3,3,CTTTACAGGCCAGGGGACCT,0,3689045
tolCp1,0.25,3,3,CTTGTTTGCGCGAACTACCA,0,3669114
tolCp1,0.25,3,3,CTTGTAATCTTGAATCTCTT,0,3664680
tolCp1,0.25,3,3,CTTGGGAAATAAACAATGGC,0,3680632
tolCp1,0.25,3,3,CTTGCATCCTGCTGACGATG,0,3703950
tolCp1,0.25,3,3,CTTGCACACGGATTTGATCT,0,3676296
tolCp1,0.25,3,3,CTTGATGCTTACGTTAGATC,0,3705675
tolCp1,0.25,3,3,CTTGACAAATTTAGATATCT,0,3693496
tolCp1,0.25,3,3,CTTGAACGTGTTAATAGGTC,0,3679071
tolCp1,0.25,3,3,CTTCTGGCTACCGCGACCAA,0,3712213
tolCp1,0.25,3,3,CTTCCATCGAAATGAGAGCG,0,3663683
tolCp1,0.25,3,3,CTTCCATCAGCAGGACCTTA,0,3695999
tolCp1,0.25,3,3,CTTAGTTCGACCGATCAACA,0,3679497
tolCp1,0.25,3,3,CTTAGTATTGCAACCCGTCC,0,3701281
tolCp1,0.25,3,3,CTTAGTAAGCGGGCAACACA,0,3711572
tolCp1,0.25,3,3,CTTAGGGATATAATTAATGC,0,3711738
tolCp1,0.25,3,3,CTTAGCCATCTGTGTCATCA,0,3675078
tolCp1,0.25,3,3,CTTACGTGGAATAAACATGC,0,3695125
tolCp1,0.25,3,3,CTTAATCTAACCTGGGAGCT,0,3678346
tolCp1,0.25,3,3,CTTAATCAGGCAACGTTTAC,0,3679567
tolCp1,0.25,3,3,CTTAACTCCATATACTCGGG,0,3701349
tolCp1,0.25,3,3,CTGTTCAGGAGCTCACGGCC,0,3693955
tolCp1,0.25,3,3,CTGTGTTCGCGTTGGTAACG,0,3695192
tolCp1,0.25,3,3,CTGTGGACCTGACCAGGTGA,0,3685963
tolCp1,0.25,3,3,CTGTGATTATGCTGCGTAGT,0,3668976
tolCp1,0.25,3,3,CTGTCTTGATACGAGTGCAT,0,3683513
tolCp1,0.25,3,3,CTGTCTCCTAAGACCCCCTC,0,3683190
tolCp1,0.25,3,3,CTGGTTCGCCCGCGCATGCA,0,3698897
tolCp1,0.25,3,3,CTGGTGGAGTAGGCTGTCGT,0,3705522
tolCp1,0.25,3,3,CTGGGTTGGTGGATTTGTCA,0,3683718
tolCp1,0.25,3,3,CTGGACACAAATTCCTATTT,0,3667515
tolCp1,0.25,3,3,CTGGAAGCAACGGGTCCGAC,0,3673705
tolCp1,0.25,3,3,CTGCTCCGCCCCGGTGGAGT,0,3713987
tolCp1,0.25,3,3,CTGCTATGAGAAAAGGATAC,0,3662148
tolCp1,0.25,3,3,CTGCGGTTTAAAGAAGTAAG,0,3710331
tolCp1,0.25,3,3,CTGCCATTCTTCTTACACAG,0,3714091
tolCp1,0.25,3,3,CTGCAATTGAACTCGCGCGG,0,3700880
tolCp1,0.25,3,3,CTGATCCACTGGAGGGTTCC,0,3694862
tolCp1,0.25,3,3,CTGAATTCCCTCAAGCATGT,0,3693069
tolCp1,0.25,3,3,CTCTGTATGGGGTCCGTCAA,0,3665934
tolCp1,0.25,3,3,CTCTAGCAGGCGCTGTCTTA,0,3682841
tolCp1,0.25,3,3,CTCTACTGGCTGCTTAAAGA,0,3687836
tolCp1,0.25,3,3,CTCGTCTCGGTGAGTCAATG,0,3666044
tolCp1,0.25,3,3,CTCGGTAGACAAGCCACTCC,0,3677410
tolCp1,0.25,3,3,CTCGGGATTGGTATCGAAAA,0,3667827
tolCp1,0.25,3,3,CTCGGCCGTCGGTACGGCTT,0,3693085
tolCp1,0.25,3,3,CTCCTATTGCGAGTCCACAC,0,3685254
tolCp1,0.25,3,3,CTCCGCGGTTTACGGCACAA,0,3696898
tolCp1,0.25,3,3,CTCCAGGGCTTCTCCACGCC,0,3700583
tolCp1,0.25,3,3,CTCCACGTATAGATTAGTCA,0,3681612
tolCp1,0.25,3,3,CTCAGCCATGGCTCACTCGA,0,3692194
tolCp1,0.25,3,3,CTCAGCAGAGCAGCATTCCG,0,3706136
tolCp1,0.25,3,3,CTATTTGTCATGACCGATAA,0,3708276
tolCp1,0.25,3,3,CTATTATAGAAGTAATCCGA,0,3687069
tolCp1,0.25,3,3,CTATGTTCGTGGCGGTTTCT,0,3667010
tolCp1,0.25,3,3,CTATCGACGGACCTACAGGG,0,3673604
tolCp1,0.25,3,3,CTAGATAATCCTGGGCCAGA,0,3684804
tolCp1,0.25,3,3,CTAGAGTAAAACACGATCCT,0,3704436
tolCp1,0.25,3,3,CTAGACCGGGGAGAAGGGAA,0,3707577
tolCp1,0.25,3,3,CTACTGTTAGTTTAGATCAG,0,3690254
tolCp1,0.25,3,3,CTAAGTACAGGCGACGCGGG,0,3674615
tolCp1,0.25,3,3,CTAACGGCGATCTAGCGCTG,0,3681936
tolCp1,0.25,3,3,CTAACCTATGCTAACGAGGT,0,3696121
tolCp1,0.25,3,3,CTAACCATTGTAGGAAACGC,0,3671974
tolCp1,0.25,3,3,CGTTGATGGAAATGTTCCCA,0,3664134
tolCp1,0.25,3,3,CGTTGAGTAATGTCAGCAGC,0,3684007
tolCp1,0.25,3,3,CGTTCAGGGCGTTCGTAGTA,0,3673844
tolCp1,0.25,3,3,CGTTACCCTGATCTAAACTA,0,3689885
tolCp1,0.25,3,3,CGTGTTTTTTTTATCGAGAG,0,3714030
tolCp1,0.25,3,3,CGTGTCCGGGTCGCGAATTG,0,3676934
tolCp1,0.25,3,3,CGTGGTCCAAACACGAGGAA,0,3693355
tolCp1,0.25,3,3,CGTGCGAGAGCCACCTAATA,0,3679152
tolCp1,0.25,3,3,CGTGACGCAGATATAGTTTG,0,3663571
tolCp1,0.25,3,3,CGTCGTAATTTAGATTCAGA,0,3668632
tolCp1,0.25,3,3,CGTCGGAAGACAAACCAGTA,0,3664412
tolCp1,0.25,3,3,CGTCCTGGGTTTTATCAACA,0,3700665
tolCp1,0.25,3,3,CGTACCGCATACGATGCGGC,0,3703027
tolCp1,0.25,3,3,CGTAATCTCATATGACACGG,0,3664413
tolCp1,0.25,3,3,CGTAAACGTCGCTCCACAGC,0,3698902
tolCp1,0.25,3,3,CGGTCTTAAAATAATAGGCA,0,3698321
tolCp1,0.25,3,3,CGGTCATTGGTTAAGAGGAA,0,3687947
tolCp1,0.25,3,3,CGGTATGGTCACGATCGACA,0,3704855
tolCp1,0.25,3,3,CGGGTCTAGACTAGCGCAGG,0,3712042
tolCp1,0.25,3,3,CGGGTCCATTAAAGGGCTCG,0,3669248
tolCp1,0.25,3,3,CGGGGTGTATCGCGGCTTGT,0,3705974
tolCp1,0.25,3,3,CGGGCTCAAGATATAATCCC,0,3698173
tolCp1,0.25,3,3,CGGGCAGCCTAAGCGTAGTT,0,3715386
tolCp1,0.25,3,3,CGGCGACACACGCCCTAGAG,0,3670123
tolCp1,0.25,3,3,CGGAGAAGCAACTTCTCAGT,0,3698414
tolCp1,0.25,3,3,CGGACTTGGTACAAAGAGAG,0,3696804
tolCp1,0.25,3,3,CGGACCCGATTTACAATTAG,0,3670423
tolCp1,0.25,3,3,CGGAATGCTACGGCCCTTCC,0,3661882
tolCp1,0.25,3,3,CGGAACTCACTGGGCAAAAA,0,3688045
tolCp1,0.25,3,3,CGCTGTCTCCCGGAATGACA,0,3680460
tolCp1,0.25,3,3,CGCTGTACGGGATGGTATTT,0,3686000
tolCp1,0.25,3,3,CGCTGAGTAATCCGCTGAGG,0,3677668
tolCp1,0.25,3,3,CGCTACCCTACCCAGCTTCA,0,3668952
tolCp1,0.25,3,3,CGCGTGTCTGTCTTAGCGAG,0,3700477
tolCp1,0.25,3,3,CGCGTCGGCTGCGCAAGTAG,0,3685552
tolCp1,0.25,3,3,CGCGGCACGGACGTACGTAT,0,3666330
tolCp1,0.25,3,3,CGCGCTCTTGGATCGACACT,0,3683042
tolCp1,0.25,3,3,CGCGCCATCCCAAAGGAGGA,0,3681498
tolCp1,0.25,3,3,CGCCCTTTCTCTCCGGGTGC,0,3664252
tolCp1,0.25,3,3,CGCCCTTCACCTAATCGCTT,0,3704936
tolCp1,0.25,3,3,CGCCCATCGTGTCCAGGAGG,0,3700022
tolCp1,0.25,3,3,CGCCAGTGTGTATCGTAGAC,0,3705719
tolCp1,0.25,3,3,CGCCAGGGAACTTGTTAAAT,0,3680348
tolCp1,0.25,3,3,CGCAGGGCTGCAGCGGTAGT,0,3681584
tolCp1,0.25,3,3,CGATGTTGTCTTAGGTGAGT,0,3700376
tolCp1,0.25,3,3,CGATGGACGCGTCAAAGAGG,0,3688516
tolCp1,0.25,3,3,CGATAGGGAGCATAGACCTC,0,3674951
tolCp1,0.25,3,3,CGATACTGGGGCCTATTGCT,0,3707475
tolCp1,0.25,3,3,CGATACTCGTTGGTTAGGCA,0,3666727
tolCp1,0.25,3,3,CGAGTTGGGCCTTCGACCTA,0,3672493
tolCp1,0.25,3,3,CGAGTTCATACTGATCATGT,0,3710148
tolCp1,0.25,3,3,CGAGTTATCATCGAAGGACG,0,3690903
tolCp1,0.25,3,3,CGAGTGGGCATTATGCTGAC,0,3675831
tolCp1,0.25,3,3,CGAGTCCATATTCACTAACA,0,3667946
tolCp1,0.25,3,3,CGAGTAGGCAAGATGTCACG,0,3679001
tolCp1,0.25,3,3,CGAGTAGAAAAGAACACCGT,0,3707453
tolCp1,0.25,3,3,CGAGGATCATTATGCATGGG,0,3684642
tolCp1,0.25,3,3,CGAGCATCCAAATTGATCTA,0,3671472
tolCp1,0.25,3,3,CGACTTGTCTCATGATCTCA,0,3702069
tolCp1,0.25,3,3,CGACTTATCGTTGCAACCAT,0,3672846
tolCp1,0.25,3,3,CGACTCATCCAGATGTTCTC,0,3663703
tolCp1,0.25,3,3,CGACATGCATTGATGTTCAA,0,3680201
tolCp1,0.25,3,3,CGACACTAAGTCGCCGGTAC,0,3686690
tolCp1,0.25,3,3,CGACACGACACAATGTGAGG,0,3700746
tolCp1,0.25,3,3,CGAATTAGGGCGTAAGAGGG,0,3693863
tolCp1,0.25,3,3,CGAAGAAGGATCTATACAAC,0,3684681
tolCp1,0.25,3,3,CGAAAAGATGGTTAGCGGTC,0,3693504
tolCp1,0.25,3,3,CCTTCTGAATTGGTACCATA,0,3691002
tolCp1,0.25,3,3,CCTTCCCAATCGCAGTCAGG,0,3707504
tolCp1,0.25,3,3,CCTTCATAAGGCGATCCGCT,0,3667233
tolCp1,0.25,3,3,CCTGGTTAGCATTTCATTGA,0,3670414
tolCp1,0.25,3,3,CCTGGTGCTACGTGTCAAAC,0,3666007
tolCp1,0.25,3,3,CCTGGCATATATCCTACACT,0,3674301
tolCp1,0.25,3,3,CCTGCTTCACGAGTTAAGTG,0,3686567
tolCp1,0.25,3,3,CCTGCTCATCTCTGGGCTAA,0,3665763
tolCp1,0.25,3,3,CCTCTTATACAAGGAAGTAG,0,3685827
tolCp1,0.25,3,3,CCTCGATAGTGGTTCACATT,0,3705189
tolCp1,0.25,3,3,CCTCCGGTAGGGTTGCGCTG,0,3705059
tolCp1,0.25,3,3,CCTCCCAGACTTTTAAAACT,0,3714944
tolCp1,0.25,3,3,CCTCACCAGTGACCACCTGT,0,3675978
tolCp1,0.25,3,3,CCTCACAGGGAGTGACCCAG,0,3702307
tolCp1,0.25,3,3,CCTATCGAGTACTGTTTTTG,0,3705350
tolCp1,0.25,3,3,CCTAACACGCGCACCGCTAC,0,3663620
tolCp1,0.25,3,3,CCGTGACGCCACTGCATCGG,0,3677864
tolCp1,0.25,3,3,CCGTCCCCTTCCTCTTCGCA,0,3701328
tolCp1,0.25,3,3,CCGTAGGGGGGATGTCGATG,0,3684186
tolCp1,0.25,3,3,CCGGGCTTAGACATTAATGT,0,3661527
tolCp1,0.25,3,3,CCGGGCTAATGATCGATAGT,0,3706670
tolCp1,0.25,3,3,CCGGCGCCTAGTGAGACGAG,0,3666894
tolCp1,0.25,3,3,CCGGAAGTATGATTCCCACG,0,3669037
tolCp1,0.25,3,3,CCGCTGCATGTCTGCTTCTG,0,3677398
tolCp1,0.25,3,3,CCGCGACGGAATACCGTGAT,0,3687728
tolCp1,0.25,3,3,CCGCGACGACGGCACGTCTC,0,3715149
tolCp1,0.25,3,3,CCGCAACCGACAGTCTAGTG,0,3714083
tolCp1,0.25,3,3,CCGCAAAGCAGTCATTTCGG,0,3704307
tolCp1,0.25,3,3,CCGCAAACACATCAAAGAAG,0,3693076
tolCp1,0.25,3,3,CCGAGTTCTGGGACAATGAT,0,3681592
tolCp1,0.25,3,3,CCGAGTATTTCCGTATGTTT,0,3695783
tolCp1,0.25,3,3,CCCTTTTTGCGTCATCGAAC,0,3692186
tolCp1,0.25,3,3,CCCTTGCAGGCTACGGCAGT,0,3683994
tolCp1,0.25,3,3,CCCTCTACTTATGGGATCTG,0,3664691
tolCp1,0.25,3,3,CCCGTCCCGTCAGTGCCTTC,0,3715206
tolCp1,0.25,3,3,CCCGTATGAGTACAGGTTCC,0,3693139
tolCp1,0.25,3,3,CCCGGCGAGTAGAGACTTGA,0,3673916
tolCp1,0.25,3,3,CCCGGAACGAGGGTATGGGA,0,3698101
tolCp1,0.25,3,3,CCCGACTAGGCTCATAGCAG,0,3698870
tolCp1,0.25,3,3,CCCCTTATGGCTGTCTACCT,0,3678896
tolCp1,0.25,3,3,CCCCTGTGGACGTTCGCTCG,0,3679472
tolCp1,0.25,3,3,CCCCTGCTGCTGCAGAAACA,0,3715480
tolCp1,0.25,3,3,CCCCCCGATAGTACGTCTGA,0,3711089
tolCp1,0.25,3,3,CCCCATCGACGGCACCTGCA,0,3684305
tolCp1,0.25,3,3,CCCCAAATCAACAACAGCAG,0,3692519
tolCp1,0.25,3,3,CCATCACCTGTTCGAGTGTG,0,3697958
tolCp1,0.25,3,3,CCATATAGCTACTTGTCTGA,0,3673517
tolCp1,0.25,3,3,CCATACATAAGACCAGCTGT,0,3675479
tolCp1,0.25,3,3,CCATAATCTGCGTGGTCCGG,0,3666503
tolCp1,0.25,3,3,CCAGTAGCCGCGGCGCTAAT,0,3702036
tolCp1,0.25,3,3,CCAGTACTTTATCCGCAATA,0,3669295
tolCp1,0.25,3,3,CCAGGTCTCCTCAATTTGAC,0,3698158
tolCp1,0.25,3,3,CCAGCTCTCGACTCCGTTTC,0,3705943
tolCp1,0.25,3,3,CCAGCTAACGTGAACAATGG,0,3663702
tolCp1,0.25,3,3,CCACCCCACAGTCTGCACGC,0,3706160
tolCp1,0.25,3,3,CCAAGGTGTAAATATTCTAG,0,3661503
tolCp1,0.25,3,3,CCAAGCGCGGTGCTCTAATA,0,3675570
tolCp1,0.25,3,3,CCAAGAGCTCATTCTGCATG,0,3680963
tolCp1,0.25,3,3,CCAACCATTTGTACTAGGTT,0,3678254
tolCp1,0.25,3,3,CCAACAATTTCGGCACCGTT,0,3702058
tolCp1,0.25,3,3,CCAAATTATCGAGCCGCTCA,0,3708000
tolCp1,0.25,3,3,CATTTTTCAATACCATCGCT,0,3685461
tolCp1,0.25,3,3,CATTGTCAGCCCTAGTCCAC,0,3690679
tolCp1,0.25,3,3,CATTGTATTCCTAGTCCAGT,0,3666508
tolCp1,0.25,3,3,CATTGGTGGGCAGGGCCATT,0,3701528
tolCp1,0.25,3,3,CATTGAGAAATGGAAAGTTA,0,3685428
tolCp1,0.25,3,3,CATGTGGTCCTTCGTTACGT,0,3683546
tolCp1,0.25,3,3,CATGTGAGTATTGTCAATAG,0,3682174
tolCp1,0.25,3,3,CATCACGGGCCTCTTGCTGA,0,3672997
tolCp1,0.25,3,3,CATATGGCGGAGCCCGCAAT,0,3686129
tolCp1,0.25,3,3,CATATCGTTATATAGTAACC,0,3694328
tolCp1,0.25,3,3,CATATACGGAAAACACTAGG,0,3674835
tolCp1,0.25,3,3,CATAGTGAGGCACTCATGGG,0,3662088
tolCp1,0.25,3,3,CAGTTCATGCCTTTTCGTTC,0,3668257
tolCp1,0.25,3,3,CAGTGTCTTCCCCCCCTGCA,0,3668938
tolCp1,0.25,3,3,CAGTGGGCTTTCACACAGCA,0,3678952
tolCp1,0.25,3,3,CAGTCATAACGTTGGGAAAA,0,3687218
tolCp1,0.25,3,3,CAGTACTGCCCATGTCGAGG,0,3715424
tolCp1,0.25,3,3,CAGGTCCCTTCGGAAGCCGG,0,3680158
tolCp1,0.25,3,3,CAGGGTAAGTGTCTTCACCC,0,3677253
tolCp1,0.25,3,3,CAGGATGCACGAAGACTGAG,0,3679466
tolCp1,0.25,3,3,CAGCTGGTTTAAGAGTTAGC,0,3669912
tolCp1,0.25,3,3,CAGCAGCTACTCGCGTAGGA,0,3664300
tolCp1,0.25,3,3,CAGCACTTTAACTGAAAAAG,0,3693962
tolCp1,0.25,3,3,CAGATTGCGGCCCATCGGAC,0,3691273
tolCp1,0.25,3,3,CACTTCGTGAGCAGCGTCCA,0,3662024
tolCp1,0.25,3,3,CACGTTTAAATTACGGATAA,0,3672601
tolCp1,0.25,3,3,CACGGGAGATTAACCCGTAA,0,3692542
tolCp1,0.25,3,3,CACGGAACCGTCTACCAGTT,0,3665997
tolCp1,0.25,3,3,CACGCTGAAGTAGGTGCAAC,0,3678437
tolCp1,0.25,3,3,CACGCGGAATCGTAGCCTGA,0,3715527
tolCp1,0.25,3,3,CACCCCATGACAGTGGATTT,0,3666690
tolCp1,0.25,3,3,CACCAGAAAACGAGTTAATA,0,3697012
tolCp1,0.25,3,3,CACATTAGCCCTTACTCTAC,0,3705348
tolCp1,0.25,3,3,CACACTGAATTCTTCATCCG,0,3709762
tolCp1,0.25,3,3,CACAAAAAGTCACCGGAGAA,0,3664253
tolCp1,0.25,3,3,CAATTTCAGTGCGAGAAGTC,0,3681164
tolCp1,0.25,3,3,CAATTAAGTTTGCAATTTAC,0,3703595
tolCp1,0.25,3,3,CAATACGGGTGCGATCCATA,0,3668074
tolCp1,0.25,3,3,CAAGTTAGTAGATCTGTCGT,0,3675687
tolCp1,0.25,3,3,CAAGTGCTATGCACGGGTTG,0,3704564
tolCp1,0.25,3,3,CAAGTCTAAGGTACAGCCCT,0,3667053
tolCp1,0.25,3,3,CAAGCAGCGTAGTTAGGGCT,0,3678556
tolCp1,0.25,3,3,CAAGCAACGTTGAAGTTTAT,0,3669296
tolCp1,0.25,3,3,CAACTTAGGATGTCTCCGGT,0,3662060
tolCp1,0.25,3,3,CAAATTATCAGGCAACGGGG,0,3696764
tolCp1,0.25,3,3,CAAAAGAAACATGAGCATTG,0,3668521
tolCp1,0.25,3,3,ATTTTTTAGGCAGTTAATCA,0,3706842
tolCp1,0.25,3,3,ATTTGGGGCGATTCCAACCG,0,3703202
tolCp1,0.25,3,3,ATTGTTGTTATTCTCCCTCA,0,3705787
tolCp1,0.25,3,3,ATTGCAGATGGGTGATACTA,0,3676070
tolCp1,0.25,3,3,ATTGAAGGAAGGCAGTGATA,0,3714126
tolCp1,0.25,3,3,ATTCGTCCTGTTGTAACCTT,0,3669907
tolCp1,0.25,3,3,ATTAATGGAATAAAGTCGCG,0,3680602
tolCp1,0.25,3,3,ATTAAAACGACAGTTGAGGA,0,3679748
tolCp1,0.25,3,3,ATGTTTGTTGCCCTGGCTCC,0,3670962
tolCp1,0.25,3,3,ATGTTCCGACTACACGCACA,0,3710431
tolCp1,0.25,3,3,ATGTTAGCCAGGTCTCGGGA,0,3704810
tolCp1,0.25,3,3,ATGGCCACGCTGGTTTGCGG,0,3700591
tolCp1,0.25,3,3,ATGCTTATTTAATACAGGTC,0,3682989
tolCp1,0.25,3,3,ATGCTGAGAGATCGAACGCC,0,3687742
tolCp1,0.25,3,3,ATGCGACGCGTAGCTAGGTC,0,3710617
tolCp1,0.25,3,3,ATGCACATGAGGTCTGAAAA,0,3688456
tolCp1,0.25,3,3,ATGACAGAAGTAGATACTTA,0,3691852
tolCp1,0.25,3,3,ATCTTGCCTTGTTGCGGGAG,0,3675001
tolCp1,0.25,3,3,ATCTTAACCTAAAACTCCAT,0,3707126
tolCp1,0.25,3,3,ATCTGCTAATATAAAACGGG,0,3688502
tolCp1,0.25,3,3,ATCTGCACCTTGGGCACGGA,0,3711389
tolCp1,0.25,3,3,ATCTCGGGACCGTCGTGGAC,0,3713129
tolCp1,0.25,3,3,ATCTACTTCGACGGGTCTAT,0,3696778
tolCp1,0.25,3,3,ATCGTCGTTAGAGCGGAATG,0,3713396
tolCp1,0.25,3,3,ATCGTCCTGTTCCCCAGCAA,0,3671688
tolCp1,0.25,3,3,ATCGGTGCGGCAGGATTCGC,0,3674002
tolCp1,0.25,3,3,ATCGGTCCGATATTCGGCAT,0,3667513
tolCp1,0.25,3,3,ATCGGATCTATCGGACTCCG,0,3693663
tolCp1,0.25,3,3,ATCGATTAATACGGTCTACG,0,3689108
tolCp1,0.25,3,3,ATCATGTGTAAGGGTGTCTG,0,3686466
tolCp1,0.25,3,3,ATCAGCAATAGTGTGGCTAT,0,3703865
tolCp1,0.25,3,3,ATCAATAATTCCAACGGGAC,0,3663876
tolCp1,0.25,3,3,ATCAAGGTCAATTCGGGGGG,0,3692151
tolCp1,0.25,3,3,ATATTCATCATTTAGAAGCG,0,3699980
tolCp1,0.25,3,3,ATATTACGTCAGGCAGAATA,0,3700749
tolCp1,0.25,3,3,ATATGGACTAAACGATTAAC,0,3667866
tolCp1,0.25,3,3,ATATATTAATATCTTTGGGT,0,3669917
tolCp1,0.25,3,3,ATATAGAGGGTCCGAGCCCG,0,3666733
tolCp1,0.25,3,3,ATATACTGTTAGCTTTGTGA,0,3676823
tolCp1,0.25,3,3,ATAGTTTCCGGGAGCTACTA,0,3667898
tolCp1,0.25,3,3,ATAGTTGCGTTCAAGTTCAA,0,3699704
tolCp1,0.25,3,3,ATAGTGTCCTAGGACCATAT,0,3698845
tolCp1,0.25,3,3,ATACAGACCCCGCACTTCAA,0,3699177
tolCp1,0.25,3,3,ATACAATTCGACGAAAAAGT,0,3663706
tolCp1,0.25,3,3,ATAAGGTGCGGCAGGTACCG,0,3669305
tolCp1,0.25,3,3,ATAAGAAGAGTTTATCTTCC,0,3669479
tolCp1,0.25,3,3,ATAACTTGTGTCAGCGCCTA,0,3680054
tolCp1,0.25,3,3,ATAAAGATGCGACTCCCCGG,0,3662846
tolCp1,0.25,3,3,AGTTTGAGTTACAGGGGCGC,0,3688215
tolCp1,0.25,3,3,AGTTTACCGGTTCTGCTTGC,0,3665242
tolCp1,0.25,3,3,AGTTGATGGTTGGGAATGTG,0,3686674
tolCp1,0.25,3,3,AGTTGACGAAATCTAATATC,0,3675045
tolCp1,0.25,3,3,AGTTAACCATCGGGGCCTCA,0,3695468
tolCp1,0.25,3,3,AGTGCTGACCGCGGCTAACT,0,3709393
tolCp1,0.25,3,3,AGTGATCTACGATATCGGGC,0,3707622
tolCp1,0.25,3,3,AGTGACGTAGCAAAGGTCGC,0,3706020
tolCp1,0.25,3,3,AGTGAAGGACGCGACAAAGC,0,3678110
tolCp1,0.25,3,3,AGTCGTGTCTAGCCCTTAAT,0,3681930
tolCp1,0.25,3,3,AGTCAATTGAAAATGGCGCT,0,3684376
tolCp1,0.25,3,3,AGTATTTACTTGCTTATCGA,0,3664948
tolCp1,0.25,3,3,AGTAGTCTTTCTAAGGCACG,0,3668544
tolCp1,0.25,3,3,AGTACTTTCTCGTATTCAGC,0,3675300
tolCp1,0.25,3,3,AGTACCGCCGTCTGGCGACT,0,3683618
tolCp1,0.25,3,3,AGGTTCCGCGTGGTGATCGT,0,3715458
tolCp1,0.25,3,3,AGGTTAAGCAGTCAACTCCA,0,3666996
tolCp1,0.25,3,3,AGGGTGGATCCACGCGGGGG,0,3692347
tolCp1,0.25,3,3,AGGGCGTACTATCAAGGGTA,0,3694912
tolCp1,0.25,3,3,AGGGCGCTAAGGATACTGTT,0,3674104
tolCp1,0.25,3,3,AGGCTGGCGGTGAACGTACG,0,3711835
tolCp1,0.25,3,3,AGGCCGAGACGGCCCCATGC,0,3713440
tolCp1,0.25,3,3,AGGCCCATCTCCTAGAAGAT,0,3671818
tolCp1,0.25,3,3,AGGCAGTTCACTCGCGGCGA,0,3700635
tolCp1,0.25,3,3,AGGCACATGAGGCTCGGATA,0,3668939
tolCp1,0.25,3,3,AGGCAACGTGCAGGCCAAAC,0,3664195
tolCp1,0.25,3,3,AGGAGCTAAACTTTCTTACA,0,3674249
tolCp1,0.25,3,3,AGCTTAGTGCGGTTAAGCCC,0,3706351
tolCp1,0.25,3,3,AGCTGAGTGGGATGAAGGTT,0,3683568
tolCp1,0.25,3,3,AGCGTTTTCCTGAATCACGA,0,3671983
tolCp1,0.25,3,3,AGCGTACCTACACCATGACG,0,3689983
tolCp1,0.25,3,3,AGCGCTGTCTAGTTTTGAGG,0,3688331
tolCp1,0.25,3,3,AGCGCATCACTTTGCGCTAA,0,3676439
tolCp1,0.25,3,3,AGCGACCTTCAAGCGCGCTT,0,3674651
tolCp1,0.25,3,3,AGCCGCGCTTGGGCGATCGC,0,3696544
tolCp1,0.25,3,3,AGCCGCCGGATGGCCACTGT,0,3668004
tolCp1,0.25,3,3,AGCCCTCCAAAAGGGTCGTT,0,3663255
tolCp1,0.25,3,3,AGCATTTGACAGTCTTCTTT,0,3695907
tolCp1,0.25,3,3,AGCACCATACGCAGTCTATT,0,3697594
tolCp1,0.25,3,3,AGCAACGAAGTATTACAGAT,0,3690878
tolCp1,0.25,3,3,AGATTAGGATCCAAAACCGG,0,3684241
tolCp1,0.25,3,3,AGATGGTATGTCGCATAGCC,0,3709281
tolCp1,0.25,3,3,AGATCCCTCGTTTTAGAAAC,0,3697864
tolCp1,0.25,3,3,AGAGTTCCGACCGAATAGAC,0,3676593
tolCp1,0.25,3,3,AGAGGGGTACACAAATTCAT,0,3677300
tolCp1,0.25,3,3,AGAGAGGATCTGCGCCCTCA,0,3668562
tolCp1,0.25,3,3,AGACTGTTGTATCCATGCGG,0,3688148
tolCp1,0.25,3,3,AGACTATTAACGGCCGCGCA,0,3690866
tolCp1,0.25,3,3,AGACCTAATGTACCCGACAA,0,3688582
tolCp1,0.25,3,3,AGAATGCCGCGTGGCAGCGA,0,3690502
tolCp1,0.25,3,3,AGAAGCTTTAACCGCAAAAT,0,3706023
tolCp1,0.25,3,3,AGAAGCTTCGGTGAGGTCTT,0,3674343
tolCp1,0.25,3,3,AGAAGACGCGTCTGGCCGGA,0,3669814
tolCp1,0.25,3,3,AGAACACCCGCATCAATTCA,0,3695697
tolCp1,0.25,3,3,AGAAAGAAGCTGATAATATC,0,3693068
tolCp1,0.25,3,3,ACTTTGCGTTAAGGTTCCAT,0,3665495
tolCp1,0.25,3,3,ACTTGCATGCATGTCTCTTA,0,3696801
tolCp1,0.25,3,3,ACTTCCTGTCCATGTCTGGC,0,3663531
tolCp1,0.25,3,3,ACTTCAAGCAGTCCTGAGCA,0,3677590
tolCp1,0.25,3,3,ACTTATGGTGCCCGTTACGA,0,3690073
tolCp1,0.25,3,3,ACTTACGCACCTTAAAGGGC,0,3682259
tolCp1,0.25,3,3,ACTTACCACTCGGTGAGACC,0,3665817
tolCp1,0.25,3,3,ACTTAACAGTCGTTCACGGT,0,3685947
tolCp1,0.25,3,3,ACTGTTCTCCTAACCAGAGG,0,3694323
tolCp1,0.25,3,3,ACTGCAGCACCTGTCAAATT,0,3662472
tolCp1,0.25,3,3,ACTGATACCGATGTACGGAA,0,3674520
tolCp1,0.25,3,3,ACTCTGGAGACTTTTCGGAA,0,3677292
tolCp1,0.25,3,3,ACTCGAAAAGTCCGGGGGTA,0,3702954
tolCp1,0.25,3,3,ACTCCCCAACGGCTCTATAC,0,3672597
tolCp1,0.25,3,3,ACTCACCTGGGTGGCAGTTC,0,3699935
tolCp1,0.25,3,3,ACTCAACACTCAGTCTGAGA,0,3677763
tolCp1,0.25,3,3,ACTATTAAAAACTAGGTGGT,0,3695959
tolCp1,0.25,3,3,ACTATCAGTCCACCATTTGT,0,3704338
tolCp1,0.25,3,3,ACTAGGCTATGTGGGGCTCT,0,3668993
tolCp1,0.25,3,3,ACTAGGATATTTGGTATACT,0,3678086
tolCp1,0.25,3,3,ACTAGCCGGATTAAGTAACA,0,3695716
tolCp1,0.25,3,3,ACTACCTACGAGCCCGGGGT,0,3709419
tolCp1,0.25,3,3,ACGTTGACCGCCCGTCAAAA,0,3662473
tolCp1,0.25,3,3,ACGTCCAATTGTCTTCACGG,0,3697702
tolCp1,0.25,3,3,ACGTATAAGCCCACAGCGTG,0,3701955
tolCp1,0.25,3,3,ACGTAGTCAGCGATAGATCG,0,3680166
tolCp1,0.25,3,3,ACGGTGATACGGTGTCCTAT,0,3663785
tolCp1,0.25,3,3,ACGGTCAATTGTTGATATGG,0,3711374
tolCp1,0.25,3,3,ACGGGTCTCGCCTAGGCTCG,0,3691588
tolCp1,0.25,3,3,ACGGGGGTGATAGAATCAGG,0,3713551
tolCp1,0.25,3,3,ACGGCCCTGCTGGTGATCCG,0,3711725
tolCp1,0.25,3,3,ACGCGTTTGCGAGTGTGAGT,0,3667815
tolCp1,0.25,3,3,ACGCCCCTTGCTGAAACAAC,0,3688696
tolCp1,0.25,3,3,ACGCAAGTCCCGGTCTAGGA,0,3707283
tolCp1,0.25,3,3,ACGAGGCTCGGTGATCCAGG,0,3714288
tolCp1,0.25,3,3,ACGACACGTAAAGGCACTAG,0,3710101
tolCp1,0.25,3,3,ACGAAGTGTCATTTTAAGAG,0,3691783
tolCp1,0.25,3,3,ACCTTTTCGCCTGAGCCGTG,0,3667623
tolCp1,0.25,3,3,ACCTGGGCTCGGTCATCTAT,0,3685512
tolCp1,0.25,3,3,ACCTCGCGCTGCTACGGTGG,0,3694464
tolCp1,0.25,3,3,ACCTATCGGATCGGGGTTGG,0,3698089
tolCp1,0.25,3,3,ACCTAGGGGTGCTATGATCC,0,3690509
tolCp1,0.25,3,3,ACCTACATAGTGGGCCATTC,0,3688022
tolCp1,0.25,3,3,ACCTAATCTGCCAAGAGGCT,0,3670406
tolCp1,0.25,3,3,ACCGTGGCCGCTTTATGACA,0,3674384
tolCp1,0.25,3,3,ACCGTCGAGTGACCGCTTTT,0,3708686
tolCp1,0.25,3,3,ACCGTAACAGGCTATAACTA,0,3686328
tolCp1,0.25,3,3,ACCGGTTTTTGAGCAGCTAC,0,3684249
tolCp1,0.25,3,3,ACCGGCAAGACGCTGGGTAT,0,3698099
tolCp1,0.25,3,3,ACCCTTGCCGGATGCTGCAT,0,3683945
tolCp1,0.25,3,3,ACCCGGGTCAGCAAAAATAT,0,3678141
tolCp1,0.25,3,3,ACCCGGCGATCATTTACCCC,0,3701659
tolCp1,0.25,3,3,ACCAGGTAAGTACCCCCAAA,0,3679145
tolCp1,0.25,3,3,ACCACTTGTGAAGCCTAGCA,0,3678122
tolCp1,0.25,3,3,ACCACTTATGTAGAATTTAC,0,3676299
tolCp1,0.25,3,3,ACATTCACCGCCTTTTTTTC,0,3688072
tolCp1,0.25,3,3,ACATGGACGGTAGGTAACCA,0,3679449
tolCp1,0.25,3,3,ACATCTAAACAACGTTATAC,0,3688710
tolCp1,0.25,3,3,ACATCATCTCGCGGACACTA,0,3671410
tolCp1,0.25,3,3,ACAGTTCCTAACAGCGAAAC,0,3666610
tolCp1,0.25,3,3,ACAGTGATAATGGGCATAAT,0,3714363
tolCp1,0.25,3,3,ACACATATTGGTCTGTATCG,0,3677692
tolCp1,0.25,3,3,ACAATGCCGGGAAATCGCTT,0,3686818
tolCp1,0.25,3,3,ACAAGTTTCAACCATCTGCA,0,3667753
tolCp1,0.25,3,3,ACAACTGAGTATCAATTCAA,0,3708836
tolCp1,0.25,3,3,AATTTTCTGGCATTCGACTC,0,3666543
tolCp1,0.25,3,3,AATTACGAACCACGACAGAC,0,3674818
tolCp1,0.25,3,3,AATGGGGCCTTATAGATTCA,0,3711913
tolCp1,0.25,3,3,AATGCCAGGCAACATAAGGG,0,3674582
tolCp1,0.25,3,3,AATGCCAAAGTAATGTCCGT,0,3710390
tolCp1,0.25,3,3,AATGAGTATTGGGAATAGGA,0,3682920
tolCp1,0.25,3,3,AATCTGCACAACTTACTGGG,0,3710914
tolCp1,0.25,3,3,AATCATAACTTTACTAACCC,0,3668664
tolCp1,0.25,3,3,AATCAACATTATGCGGAGCA,0,3670087
tolCp1,0.25,3,3,AATAGTGGCTTGTAGCAGCA,0,3664237
tolCp1,0.25,3,3,AATAGTGCGCTAGTCATGGT,0,3681151
tolCp1,0.25,3,3,AATACTGCGCGTCCCCCCGG,0,3673759
tolCp1,0.25,3,3,AATAAGCAGTTCCCTCGGCG,0,3703929
tolCp1,0.25,3,3,AAGTACCCGGGTCCTTCGGT,0,3674387
tolCp1,0.25,3,3,AAGGGTCGGGAGAAAATTAG,0,3662607
tolCp1,0.25,3,3,AAGGGGTGACTGGCCTCACA,0,3708523
tolCp1,0.25,3,3,AAGGCGCATCGTGATAAACA,0,3692742
tolCp1,0.25,3,3,AAGGACGTGAGTTATTTCGG,0,3700117
tolCp1,0.25,3,3,AAGCTCTTAGTCTCCCTTCG,0,3667548
tolCp1,0.25,3,3,AAGCCGTTAGTTCCCCCTTT,0,3668620
tolCp1,0.25,3,3,AAGATTTCGGACCATCGCAG,0,3670538
tolCp1,0.25,3,3,AACTTGCCCTTATCGGCGCA,0,3692520
tolCp1,0.25,3,3,AACTACCCGGACCGAAATCA,0,3670953
tolCp1,0.25,3,3,AACTAACTGACTGCGCGCTC,0,3711801
tolCp1,0.25,3,3,AACGTCGAACGGCAAGAGAA,0,3677986
tolCp1,0.25,3,3,AACGGTGTGTCTTCCCTCAC,0,3680803
tolCp1,0.25,3,3,AACGGAATTCGGGACGATAT,0,3679360
tolCp1,0.25,3,3,AACGAAGGTTATGCAAGCTC,0,3694106
tolCp1,0.25,3,3,AACCGTGCGACAGGAGAACC,0,3699046
tolCp1,0.25,3,3,AACCGTCATTAGTGTGGCGC,0,3708489
tolCp1,0.25,3,3,AACCGGTGGCCAACGACGTC,0,3703664
tolCp1,0.25,3,3,AACCAGTAGATCGTATTACA,0,3715602
tolCp1,0.25,3,3,AACCAGCGTCAGAAGAAATT,0,3712070
tolCp1,0.25,3,3,AACCAACCTTAAAGTCTCTC,0,3696714
tolCp1,0.25,3,3,AACATTATCGACGCTGGGAT,0,3678128
tolCp1,0.25,3,3,AACAGTCTGACTCTGCTCAC,0,3710675
tolCp1,0.25,3,3,AACAGCATAAGGTAGGAGGG,0,3671777
tolCp1,0.25,3,3,AACACTAATGCCTCTCAACT,0,3672438
tolCp1,0.25,3,3,AACACCGATTCTAGACCGGT,0,3686465
tolCp1,0.25,3,3,AACACCACGAGGGGTATACT,0,3662144
tolCp1,0.25,3,3,AACACAGCGCTATCGTTGCA,0,3689214
tolCp1,0.25,3,3,AACACACAGCGACGTCTGTT,0,3706272
tolCp1,0.25,3,3,AAATTTCTTGCCGACGCCAG,0,3698879
tolCp1,0.25,3,3,AAATTTAACCACCGAGAGGT,0,3680644
tolCp1,0.25,3,3,AAATTACCGTGTAAGGGAAT,0,3676025
tolCp1,0.25,3,3,AAATGCTAGTCATCCAGCTG,0,3708690
tolCp1,0.25,3,3,AAATGCCCTATCAGTTTTGC,0,3691160
tolCp1,0.25,3,3,AAAGTAGCTTTCAACGGCGT,0,3713100
tolCp1,0.25,3,3,AAAGTAACCGCCTGTCCTGA,0,3691373
tolCp1,0.25,3,3,AAAGGAGTTTCGATTTCAGA,0,3674386
tolCp1,0.25,3,3,AAAGGAGCCCGGGGGAGCAT,0,3698954
tolCp1,0.25,3,3,AAAGAACCACGGTTGACCTC,0,3666363
tolCp1,0.25,3,3,AAACGGAGAAAACCGTGGTT,0,3691784
tolCp1,0.25,3,3,AAACCCTAACAGATCCGGCT,0,3710996
tolCp1,0.25,3,3,AAACCCGGAGTCTTTACTCA,0,3709919
tolCp1,0.25,3,3,AAACCACCAGTTCCCGTACT,0,3687088
tolCp1,0.25,3,3,AAACATCATAGCAGCTCCAA,0,3682995
tolCp1,0.25,3,3,AAACACATAAAGTTAGCCCA,0,3673794
tolCp1,0.25,3,3,AAAAGAAACCAGCTCTTTTA,0,3664492
tolCp1,0.25,3,3,AAAACTGTGGATTAGGTAGG,0,3682083
tolCp1,0.25,3,3,AAAACCATTGCAAGCTGGTC,0,3667467
tolCp1,0.3333333333333333,2,2,TTTTTGTGTTGGCCTTGGGC,0,3665884
tolCp1,0.3333333333333333,2,2,TTTTTACGTCCGGTGACAAG,0,3707849
tolCp1,0.3333333333333333,2,2,TTTTCTAACCATCCGCCGTT,0,3706724
tolCp1,0.3333333333333333,2,2,TTTTATGGACAGCCACGACT,0,3702796
tolCp1,0.3333333333333333,2,2,TTTTAGGCACGATGATTATC,0,3665808
tolCp1,0.3333333333333333,2,2,TTTGTTTTCTTAGTGCTCGA,0,3689048
tolCp1,0.3333333333333333,2,2,TTTGTTTGGGCTGTTTCACA,0,3679239
tolCp1,0.3333333333333333,2,2,TTTGTCTATATTCTCAAATG,0,3690503
tolCp1,0.3333333333333333,2,2,TTTGTCGAATGGAAACAATG,0,3679901
tolCp1,0.3333333333333333,2,2,TTTGGGTGCGGCCGGATTCT,0,3699403
tolCp1,0.3333333333333333,2,2,TTTGGAGTGTTACCTCACAC,0,3711529
tolCp1,0.3333333333333333,2,2,TTTGAGCCGATCTGGCTCTA,0,3708119
tolCp1,0.3333333333333333,2,2,TTTGAACGAATTTGTATCGT,0,3695566
tolCp1,0.3333333333333333,2,2,TTTCTCTAGAAATGGGAGGT,0,3661417
tolCp1,0.3333333333333333,2,2,TTTCTACTAGCACGGTTAAT,0,3676018
tolCp1,0.3333333333333333,2,2,TTTCGTTGGGAGAGCTAAAG,0,3692005
tolCp1,0.3333333333333333,2,2,TTTCCTGAGGGAGCGTGCTC,0,3687220
tolCp1,0.3333333333333333,2,2,TTTCCCATATTTGTGTGGGT,0,3701265
tolCp1,0.3333333333333333,2,2,TTTCATCTTCACGCCTGTCC,0,3667620
tolCp1,0.3333333333333333,2,2,TTTCATATCGCCACACGTGC,0,3688461
tolCp1,0.3333333333333333,2,2,TTTCACACCGATGCTAAGTT,0,3715234
tolCp1,0.3333333333333333,2,2,TTTATTCGATTCTCCGAGAA,0,3676803
tolCp1,0.3333333333333333,2,2,TTTATCACCAACTTCGAATC,0,3695904
tolCp1,0.3333333333333333,2,2,TTTACTCTTACACTGTCTCA,0,3687903
tolCp1,0.3333333333333333,2,2,TTTAACTAATCTTTATGGAC,0,3694937
tolCp1,0.3333333333333333,2,2,TTGTCTTGATAAGGAACGTT,0,3661686
tolCp1,0.3333333333333333,2,2,TTGTCTCTACACGGGGCGGA,0,3691109
tolCp1,0.3333333333333333,2,2,TTGTCACATCGACCTCGTTC,0,3713448
tolCp1,0.3333333333333333,2,2,TTGGCGACCGTACTTTATGG,0,3673809
tolCp1,0.3333333333333333,2,2,TTGGCCTGGACCCCTTTCTA,0,3714897
tolCp1,0.3333333333333333,2,2,TTGGCCAGTTCTCTTGCAAC,0,3713792
tolCp1,0.3333333333333333,2,2,TTGGATTCCTGGATTTGTCA,0,3668819
tolCp1,0.3333333333333333,2,2,TTGGAAAGGGACTGGGCATG,0,3671933
tolCp1,0.3333333333333333,2,2,TTGCTGAGGGCAGCCACGTG,0,3712340
tolCp1,0.3333333333333333,2,2,TTGCTCGTTGAGTTTAGGCA,0,3680810
tolCp1,0.3333333333333333,2,2,TTGCGTGGCATGCATTCACA,0,3688617
tolCp1,0.3333333333333333,2,2,TTGCAAGCCTTCCACCCGGT,0,3677916
tolCp1,0.3333333333333333,2,2,TTGATGATTTTTGCGTTTAT,0,3680378
tolCp1,0.3333333333333333,2,2,TTGATCTCGTATTCTTATCT,0,3693706
tolCp1,0.3333333333333333,2,2,TTGAGTTGCGGCCTGCTGTA,0,3696577
tolCp1,0.3333333333333333,2,2,TTGAGGTACACCTAGTTGGC,0,3706644
tolCp1,0.3333333333333333,2,2,TTGAGACATAAAGATGCGTC,0,3705030
tolCp1,0.3333333333333333,2,2,TTGACTGGTACTTGACTCAT,0,3682125
tolCp1,0.3333333333333333,2,2,TTGAATTTAGACAGATCGGC,0,3694717
tolCp1,0.3333333333333333,2,2,TTCTTTTGGCCCAAATACCT,0,3693854
tolCp1,0.3333333333333333,2,2,TTCTTCCAGGCTTAGGGTCG,0,3694603
tolCp1,0.3333333333333333,2,2,TTCTTACAGCTTAGTACACC,0,3680701
tolCp1,0.3333333333333333,2,2,TTCTGGAACGTAAAGTGGAG,0,3675482
tolCp1,0.3333333333333333,2,2,TTCTCGTTAGATAGCCTGAA,0,3713957
tolCp1,0.3333333333333333,2,2,TTCTAGCAATTTTCCAGTCA,0,3665697
tolCp1,0.3333333333333333,2,2,TTCGGTGTACCTGCCAGTCG,0,3697416
tolCp1,0.3333333333333333,2,2,TTCGGTGCTCCGAGATGATG,0,3712077
tolCp1,0.3333333333333333,2,2,TTCGGTCAGTGTGGGTTTCA,0,3671212
tolCp1,0.3333333333333333,2,2,TTCGGGGAATTTAAATAGAA,0,3711840
tolCp1,0.3333333333333333,2,2,TTCGGGCTAACTGTGATGGA,0,3696337
tolCp1,0.3333333333333333,2,2,TTCGGGATGTGACGACGCAG,0,3676184
tolCp1,0.3333333333333333,2,2,TTCGGGAGGTGCCGGGGTGT,0,3698909
tolCp1,0.3333333333333333,2,2,TTCGGAGTCGGACGGTAGAT,0,3698034
tolCp1,0.3333333333333333,2,2,TTCGCTCTCTCAGGCACACG,0,3663651
tolCp1,0.3333333333333333,2,2,TTCGCATGTTGGTCAGGGTA,0,3676993
tolCp1,0.3333333333333333,2,2,TTCGAGGAGGCCTTCAATAT,0,3686005
tolCp1,0.3333333333333333,2,2,TTCGAGATAACAAACGGACT,0,3669168
tolCp1,0.3333333333333333,2,2,TTCCGGCGATTGCCGTTCGC,0,3666875
tolCp1,0.3333333333333333,2,2,TTCCAGTTTTGGGGGTCAGC,0,3668653
tolCp1,0.3333333333333333,2,2,TTCATCCAGTACTCCCCTTA,0,3683576
tolCp1,0.3333333333333333,2,2,TTCAGCCCCGCTTAAGAAAA,0,3681072
tolCp1,0.3333333333333333,2,2,TTCACGCGAGTCTAGCGCAT,0,3697999
tolCp1,0.3333333333333333,2,2,TTCACCAAAGCCCACGCGAT,0,3665016
tolCp1,0.3333333333333333,2,2,TTCAAGAGCACCGCGACTGG,0,3710839
tolCp1,0.3333333333333333,2,2,TTATTTGGTTAGTACATTTT,0,3689169
tolCp1,0.3333333333333333,2,2,TTAGGTTTCGGACTGCCAAT,0,3693763
tolCp1,0.3333333333333333,2,2,TTAGGGCCACATTACTTCAT,0,3704230
tolCp1,0.3333333333333333,2,2,TTAGGCGCTGAGGCTTCGCG,0,3692719
tolCp1,0.3333333333333333,2,2,TTAGGAAATCTAGTCTAGTA,0,3683055
tolCp1,0.3333333333333333,2,2,TTAGCTCCGCCCACCCGTTT,0,3682423
tolCp1,0.3333333333333333,2,2,TTAGCGAGCACAACAACAGG,0,3702414
tolCp1,0.3333333333333333,2,2,TTAGAAAATGTCTTGACGCT,0,3662127
tolCp1,0.3333333333333333,2,2,TTACGATTTTGCCTCAGATA,0,3674708
tolCp1,0.3333333333333333,2,2,TTACCCGTCGTGGGTGTGCG,0,3672139
tolCp1,0.3333333333333333,2,2,TTACCATGCCGAGTACTCCT,0,3710728
tolCp1,0.3333333333333333,2,2,TTAATATGGCATTGCTGTAA,0,3661132
tolCp1,0.3333333333333333,2,2,TTAATAGATTCTGGCATGTG,0,3668510
tolCp1,0.3333333333333333,2,2,TTAAGTTTGGGGGAATGTAG,0,3682715
tolCp1,0.3333333333333333,2,2,TTAACGCGGAGGTGTCAACA,0,3685432
tolCp1,0.3333333333333333,2,2,TTAACACGTTTTCTCTAGGA,0,3674793
tolCp1,0.3333333333333333,2,2,TGTTTGGGACCATAGGGCGA,0,3665422
tolCp1,0.3333333333333333,2,2,TGTGCTCGTTCGTCGAAAAT,0,3670971
tolCp1,0.3333333333333333,2,2,TGTGCCAGTCTGCCCCGAGC,0,3662025
tolCp1,0.3333333333333333,2,2,TGTGATACACCCCCGAGGCC,0,3664883
tolCp1,0.3333333333333333,2,2,TGTGAGACGCCCTCTATAAC,0,3667871
tolCp1,0.3333333333333333,2,2,TGTGACGGGAGTCCCGGCCT,0,3692210
tolCp1,0.3333333333333333,2,2,TGTCTGCTGCGAGAGACCTT,0,3682827
tolCp1,0.3333333333333333,2,2,TGTCTACTGTGAGGAGCGAT,0,3667520
tolCp1,0.3333333333333333,2,2,TGTCGTAGACAAGTTAGCAA,0,3676498
tolCp1,0.3333333333333333,2,2,TGTCCAGGTAATGCAGGTCA,0,3668264
tolCp1,0.3333333333333333,2,2,TGTATCGCTGTAGCAATAAG,0,3708350
tolCp1,0.3333333333333333,2,2,TGTAACGGTTTTCTCGGCCA,0,3690295
tolCp1,0.3333333333333333,2,2,TGGTGTATCGCGGAACACTG,0,3673110
tolCp1,0.3333333333333333,2,2,TGGTGGCTGGAATGGTGAGT,0,3707908
tolCp1,0.3333333333333333,2,2,TGGTGATCCATGGACAAGAT,0,3704284
tolCp1,0.3333333333333333,2,2,TGGTCGATGACTCTCGGGGC,0,3693910
tolCp1,0.3333333333333333,2,2,TGGTCGATAGGCGTAGTGTT,0,3682655
tolCp1,0.3333333333333333,2,2,TGGGTTTGGCAAGGGCACAA,0,3690332
tolCp1,0.3333333333333333,2,2,TGGGTCATGTAGTGCGTGGC,0,3669576
tolCp1,0.3333333333333333,2,2,TGGGTAGCCATCAGGGCCGC,0,3682219
tolCp1,0.3333333333333333,2,2,TGGGGGATCTGACCGAAGTG,0,3707380
tolCp1,0.3333333333333333,2,2,TGGGGCTATCAATATGCATA,0,3710489
tolCp1,0.3333333333333333,2,2,TGGGGATAGTAGGAGTGCGC,0,3688278
tolCp1,0.3333333333333333,2,2,TGGGATAAGGGGTGATAAAG,0,3670575
tolCp1,0.3333333333333333,2,2,TGGGAGTGGTGCTTAGGCTG,0,3672672
tolCp1,0.3333333333333333,2,2,TGGGAGAATCCATCTCTGCT,0,3679165
tolCp1,0.3333333333333333,2,2,TGGGACGGTTAGGTTTCATA,0,3672452
tolCp1,0.3333333333333333,2,2,TGGGACCTGATAATTTGGCA,0,3714282
tolCp1,0.3333333333333333,2,2,TGGCTGGATGTGTACTTGGT,0,3666360
tolCp1,0.3333333333333333,2,2,TGGCTATTTGGCCCAGCAAT,0,3674210
tolCp1,0.3333333333333333,2,2,TGGCCTTTGCGTTTGAAAAG,0,3679320
tolCp1,0.3333333333333333,2,2,TGGCCCCAGTATAAATGTGT,0,3673928
tolCp1,0.3333333333333333,2,2,TGGCCATTTCTTAGATTAAC,0,3681407
tolCp1,0.3333333333333333,2,2,TGGATTGGACTTTGGTGCGT,0,3662931
tolCp1,0.3333333333333333,2,2,TGGATGGGTAGCGACCATGA,0,3711202
tolCp1,0.3333333333333333,2,2,TGGAGTTCGCCTATTTCTGG,0,3712986
tolCp1,0.3333333333333333,2,2,TGGAGGTTAACTTGGTATCA,0,3703610
tolCp1,0.3333333333333333,2,2,TGGAAAAAAAAAAAAAATTA,0,3682183
tolCp1,0.3333333333333333,2,2,TGCGGACGTGTGCTTGCAAT,0,3689453
tolCp1,0.3333333333333333,2,2,TGCGCCCGCATGCGAGTGAG,0,3714784
tolCp1,0.3333333333333333,2,2,TGCGAGGTCTTGCACAAGGA,0,3711383
tolCp1,0.3333333333333333,2,2,TGCCCTTACTCATTGATGGG,0,3705917
tolCp1,0.3333333333333333,2,2,TGATTTGAAGTAACCCCCAT,0,3666314
tolCp1,0.3333333333333333,2,2,TGATGGTGTGGAATGAAATG,0,3687443
tolCp1,0.3333333333333333,2,2,TGATCGTTCCCAAAGACATC,0,3668661
tolCp1,0.3333333333333333,2,2,TGAGTCGTAATTCTGTAGAG,0,3711888
tolCp1,0.3333333333333333,2,2,TGAGGAGCTTGAGTGGCACG,0,3714947
tolCp1,0.3333333333333333,2,2,TGAGCAATAGATAGCCGGGT,0,3699415
tolCp1,0.3333333333333333,2,2,TGACGCTTATGCTGCATAGA,0,3662075
tolCp1,0.3333333333333333,2,2,TGACAGTTTAAAAGAGGAGA,0,3694896
tolCp1,0.3333333333333333,2,2,TGACAGCTATCTCACAAGCA,0,3697334
tolCp1,0.3333333333333333,2,2,TGAAGCAATTGCCACGCGGC,0,3682399
tolCp1,0.3333333333333333,2,2,TGAACAATCAGTTGTGCCGA,0,3687059
tolCp1,0.3333333333333333,2,2,TGAAAATATCGACCCGACGA,0,3681645
tolCp1,0.3333333333333333,2,2,TGAAAAAGAAGTTTACTAGC,0,3668800
tolCp1,0.3333333333333333,2,2,TCTTGGGGGACGTAACATGC,0,3684235
tolCp1,0.3333333333333333,2,2,TCTTGGCTACTTAAAGACGA,0,3703720
tolCp1,0.3333333333333333,2,2,TCTTCCATATTAAGGTAAGC,0,3689972
tolCp1,0.3333333333333333,2,2,TCTTAACTGCGTCCTGCACG,0,3714406
tolCp1,0.3333333333333333,2,2,TCTGTACGGACATGCTAGGA,0,3709024
tolCp1,0.3333333333333333,2,2,TCTGGCTGTTCGCCCTCTCA,0,3667543
tolCp1,0.3333333333333333,2,2,TCTGGCTCTATATGACGAGT,0,3667301
tolCp1,0.3333333333333333,2,2,TCTGACTCTCATTGTACACT,0,3661810
tolCp1,0.3333333333333333,2,2,TCTGACGGCTCCGCGACGAC,0,3697597
tolCp1,0.3333333333333333,2,2,TCTCTATAATGTACTCTGCT,0,3704817
tolCp1,0.3333333333333333,2,2,TCTCGTTTAAAAGCGCCCAT,0,3672933
tolCp1,0.3333333333333333,2,2,TCTCCTGTGGGACCCGGTCC,0,3674594
tolCp1,0.3333333333333333,2,2,TCTCCTAAGGACGACCCCGC,0,3690917
tolCp1,0.3333333333333333,2,2,TCTCCTAACAAGAAGTCGGT,0,3690814
tolCp1,0.3333333333333333,2,2,TCTCAATAGGACTCTTGAGG,0,3697843
tolCp1,0.3333333333333333,2,2,TCTATTTATTCTACGGTGTC,0,3696796
tolCp1,0.3333333333333333,2,2,TCTATCCATCAGTCGATGGG,0,3683879
tolCp1,0.3333333333333333,2,2,TCTAGAAAATTAACGAGCAA,0,3665745
tolCp1,0.3333333333333333,2,2,TCTACTGGTTAAGTTAAGGC,0,3700869
tolCp1,0.3333333333333333,2,2,TCTACGTTTCAGGCGCGGAA,0,3663879
tolCp1,0.3333333333333333,2,2,TCTACGGTACAGTAAGGAGC,0,3690625
tolCp1,0.3333333333333333,2,2,TCTAAATACTCCATAAAAAC,0,3685579
tolCp1,0.3333333333333333,2,2,TCGTTGGTACAGAATAGTTG,0,3700247
tolCp1,0.3333333333333333,2,2,TCGTTCAAGCATTCGCCATC,0,3661761
tolCp1,0.3333333333333333,2,2,TCGTCCTTGCTGACTCATGT,0,3680679
tolCp1,0.3333333333333333,2,2,TCGTCCGAGGCATTGTGCGA,0,3681640
tolCp1,0.3333333333333333,2,2,TCGGGCGTTACCGTGACACC,0,3670951
tolCp1,0.3333333333333333,2,2,TCGGCCGCTGGCGGCTGAAT,0,3677314
tolCp1,0.3333333333333333,2,2,TCGGCCCTGGAATGATTGCC,0,3708991
tolCp1,0.3333333333333333,2,2,TCGGCACGGTAGTGTATCCC,0,3679686
tolCp1,0.3333333333333333,2,2,TCGGCACAGATTCGTAGACA,0,3669913
tolCp1,0.3333333333333333,2,2,TCGGATAAGTGTATAAAAGT,0,3678852
tolCp1,0.3333333333333333,2,2,TCGCGGCTACGGGCATTTGA,0,3664962
tolCp1,0.3333333333333333,2,2,TCGCCGTGGAGCACACGTGT,0,3701125
tolCp1,0.3333333333333333,2,2,TCGATGTCTGCGGGGGACTT,0,3678394
tolCp1,0.3333333333333333,2,2,TCGATCAACGCTACCTATAC,0,3662150
tolCp1,0.3333333333333333,2,2,TCGAGGTTCGTAGGTGCCGT,0,3695467
tolCp1,0.3333333333333333,2,2,TCGAGGTCCGACTCATTCAG,0,3688770
tolCp1,0.3333333333333333,2,2,TCGAGGAAGGTGAGGTAGAC,0,3709574
tolCp1,0.3333333333333333,2,2,TCGAGCTTAGTCCAGCGGTT,0,3672414
tolCp1,0.3333333333333333,2,2,TCCTTGTGCCTAGGTTCTAG,0,3690505
tolCp1,0.3333333333333333,2,2,TCCTTACGCTTGATGCGTGA,0,3692065
tolCp1,0.3333333333333333,2,2,TCCGGGTTCGGCATTGTGCC,0,3700538
tolCp1,0.3333333333333333,2,2,TCCGGAATCTCTACAAATTA,0,3665605
tolCp1,0.3333333333333333,2,2,TCCGAGGAGGCGTTTATTAC,0,3703769
tolCp1,0.3333333333333333,2,2,TCCCGTTGCACGGTATTTGT,0,3692634
tolCp1,0.3333333333333333,2,2,TCCCCGTATTGGGCGAGAGT,0,3692491
tolCp1,0.3333333333333333,2,2,TCCATGGATGATAGCCGCGG,0,3692014
tolCp1,0.3333333333333333,2,2,TCCAGCCTCCGGCTCAGTAA,0,3686252
tolCp1,0.3333333333333333,2,2,TCCAGAGGCGGTGTTCGGCT,0,3672550
tolCp1,0.3333333333333333,2,2,TCCACTCGGCAAACTGAAAA,0,3680139
tolCp1,0.3333333333333333,2,2,TCCACGACAGCATACTCTTT,0,3682984
tolCp1,0.3333333333333333,2,2,TCCACGAACCAAGAGTGACT,0,3700434
tolCp1,0.3333333333333333,2,2,TCCACAGGATGTAGTAGGTC,0,3676668
tolCp1,0.3333333333333333,2,2,TCCAAGGTATTGTTTGTGTC,0,3684827
tolCp1,0.3333333333333333,2,2,TCATTTGCTGGTCCAAGTCT,0,3697219
tolCp1,0.3333333333333333,2,2,TCATTCCGTTGCGATGTCCT,0,3681322
tolCp1,0.3333333333333333,2,2,TCATTATAGGTTTAGGTCTA,0,3709626
tolCp1,0.3333333333333333,2,2,TCATCGAGCCAATTGCCGTG,0,3663594
tolCp1,0.3333333333333333,2,2,TCAGGTAACCAATCCCTGTA,0,3715014
tolCp1,0.3333333333333333,2,2,TCAGCACCTTGAGGTGGATC,0,3714314
tolCp1,0.3333333333333333,2,2,TCAGCAATCCGTATGAAAAA,0,3699291
tolCp1,0.3333333333333333,2,2,TCAGACACTCTTGTCATTAA,0,3691458
tolCp1,0.3333333333333333,2,2,TCACTTGTTATCTGGGGGTG,0,3664603
tolCp1,0.3333333333333333,2,2,TCACGTACACTTGACACGAT,0,3703549
tolCp1,0.3333333333333333,2,2,TCACGCTATGGACGAACCTT,0,3707700
tolCp1,0.3333333333333333,2,2,TCACGAGGGGCGTAGCTGTG,0,3693509
tolCp1,0.3333333333333333,2,2,TCACCTGCTCTGTGGGTTAC,0,3710610
tolCp1,0.3333333333333333,2,2,TCACCTCGAGTCCCTTTTAT,0,3713625
tolCp1,0.3333333333333333,2,2,TCACCCATTTGTTGCCAAAT,0,3684252
tolCp1,0.3333333333333333,2,2,TCACCAAAAGTGAAGCCCAT,0,3701705
tolCp1,0.3333333333333333,2,2,TCAATTATTAAAGGCTCGAA,0,3699723
tolCp1,0.3333333333333333,2,2,TCAATGGTAAGCTGCGTTCG,0,3676789
tolCp1,0.3333333333333333,2,2,TCAAGTCTGATCCGTATTAG,0,3677552
tolCp1,0.3333333333333333,2,2,TCAAGGGTTCGTGCACCAGG,0,3714929
tolCp1,0.3333333333333333,2,2,TCAAGGATTGCTCTTTCCAT,0,3688223
tolCp1,0.3333333333333333,2,2,TCAACAACTCCGGAATGTGT,0,3673189
tolCp1,0.3333333333333333,2,2,TATTCTTAGCCCCCGGTGTG,0,3705243
tolCp1,0.3333333333333333,2,2,TATTATATCAAAACTAATGA,0,3678588
tolCp1,0.3333333333333333,2,2,TATTATAGCAGCTAGTCTCA,0,3701354
tolCp1,0.3333333333333333,2,2,TATTACGTTAGGGGGGAGGA,0,3693049
tolCp1,0.3333333333333333,2,2,TATGGTTTCAAGCTGCACTC,0,3669275
tolCp1,0.3333333333333333,2,2,TATGGTATGTCACGTGCGTT,0,3705380
tolCp1,0.3333333333333333,2,2,TATGCACTATCGGAGTAGAG,0,3674324
tolCp1,0.3333333333333333,2,2,TATCTTTGGTGTGTAAAGTT,0,3671825
tolCp1,0.3333333333333333,2,2,TATCTTTGCGGGATGCCCCC,0,3684468
tolCp1,0.3333333333333333,2,2,TATCTACTAAGTGGAGACTC,0,3691456
tolCp1,0.3333333333333333,2,2,TATCGTTGACCAATTAGAAT,0,3684066
tolCp1,0.3333333333333333,2,2,TATCGTGCTCTTGCCCTATT,0,3698975
tolCp1,0.3333333333333333,2,2,TATCACTACAGGTTTATCCC,0,3707039
tolCp1,0.3333333333333333,2,2,TATCAAAGATTTTGGGGATA,0,3702071
tolCp1,0.3333333333333333,2,2,TATATTGTGTTACAAAACCA,0,3706300
tolCp1,0.3333333333333333,2,2,TATAGTTCGTCTTAGGATAT,0,3681206
tolCp1,0.3333333333333333,2,2,TATAGGGTTACTTGTTTTAT,0,3669532
tolCp1,0.3333333333333333,2,2,TATACTAGGTCGTTAGAGTC,0,3676640
tolCp1,0.3333333333333333,2,2,TAGCGTGCCATTGGTCGGGG,0,3671469
tolCp1,0.3333333333333333,2,2,TAGCGTCGTGAGTGAGAGGA,0,3705269
tolCp1,0.3333333333333333,2,2,TAGCCTGAACTCGAAGTATA,0,3686173
tolCp1,0.3333333333333333,2,2,TAGCATTTCAGTCAAGAATT,0,3695412
tolCp1,0.3333333333333333,2,2,TAGCAGGGCATCCCGTGATA,0,3697778
tolCp1,0.3333333333333333,2,2,TAGATGTCCCGGCGCGTCAT,0,3710651
tolCp1,0.3333333333333333,2,2,TAGATAGTTGGCTTTGGCCC,0,3700414
tolCp1,0.3333333333333333,2,2,TAGAGTTGACTGATGAGTTT,0,3700443
tolCp1,0.3333333333333333,2,2,TAGAGGAAACCGCCTTCGCG,0,3682613
tolCp1,0.3333333333333333,2,2,TAGAGAATAGGGTTTATGAC,0,3661376
tolCp1,0.3333333333333333,2,2,TAGACGTTTCTAGGTCTCTA,0,3661424
tolCp1,0.3333333333333333,2,2,TAGACACAAGAATCCCGGCC,0,3696749
tolCp1,0.3333333333333333,2,2,TACTTATTATGGCACTTATA,0,3672494
tolCp1,0.3333333333333333,2,2,TACTCAGAATCGCGTTTAGC,0,3677117
tolCp1,0.3333333333333333,2,2,TACTAATGAGTGCCCATGTT,0,3689274
tolCp1,0.3333333333333333,2,2,TACGTAAGGTTGCGGGCCTT,0,3669228
tolCp1,0.3333333333333333,2,2,TACGGATACGTCACTCGTTG,0,3688746
tolCp1,0.3333333333333333,2,2,TACGCAGCGAAGGGGGGGAC,0,3669903
tolCp1,0.3333333333333333,2,2,TACGATTGTCTTCATCGAGG,0,3680613
tolCp1,0.3333333333333333,2,2,TACCGGATATCAGCGGTATT,0,3694203
tolCp1,0.3333333333333333,2,2,TACCCTAGTAACATGATCGT,0,3704314
tolCp1,0.3333333333333333,2,2,TACCCCCTGGGGAGGACTGC,0,3705935
tolCp1,0.3333333333333333,2,2,TACATTTCCTCAATGGCGGT,0,3686206
tolCp1,0.3333333333333333,2,2,TACAGGCATGAGAGCTTGTT,0,3684262
tolCp1,0.3333333333333333,2,2,TACAGCAATCTTTCTAAGTC,0,3667421
tolCp1,0.3333333333333333,2,2,TAATTCTGGTACGAAGCGAA,0,3678639
tolCp1,0.3333333333333333,2,2,TAATGTTGGACGACTTCTGA,0,3704129
tolCp1,0.3333333333333333,2,2,TAATGACAAGTCAAGCGCTC,0,3710908
tolCp1,0.3333333333333333,2,2,TAATCGACTGCGCCCACCAC,0,3675258
tolCp1,0.3333333333333333,2,2,TAATATAGCAACGGTGTGTG,0,3666879
tolCp1,0.3333333333333333,2,2,TAAGTGGATGATAGACTTAG,0,3702410
tolCp1,0.3333333333333333,2,2,TAAGCATATTTGCGCGGCTG,0,3712895
tolCp1,0.3333333333333333,2,2,TAAGACGGGATGCCTTCGGA,0,3705339
tolCp1,0.3333333333333333,2,2,TAAGAAACGCGGGTGCATAG,0,3671719
tolCp1,0.3333333333333333,2,2,TAACTGAAGGTATAAGCGTT,0,3687595
tolCp1,0.3333333333333333,2,2,TAACTCGGCACTACTTAGCA,0,3668956
tolCp1,0.3333333333333333,2,2,TAACTAGGAAACTATGCGGC,0,3675987
tolCp1,0.3333333333333333,2,2,TAACGAAAATTCCTGTAATT,0,3673043
tolCp1,0.3333333333333333,2,2,TAACCTCTCCGAGTAGCCAG,0,3665386
tolCp1,0.3333333333333333,2,2,TAACCTACTCAGCATTTCTA,0,3683220
tolCp1,0.3333333333333333,2,2,TAACAATACAAAGCCCCCTG,0,3711641
tolCp1,0.3333333333333333,2,2,TAAAATACGAGCACAGTTTG,0,3670320
tolCp1,0.3333333333333333,2,2,GTTTTAGCGAAGTTTAAGCT,0,3667022
tolCp1,0.3333333333333333,2,2,GTTTGTGGCTCCACGTCTGT,0,3680927
tolCp1,0.3333333333333333,2,2,GTTTGTGAACTCACCACTCA,0,3661830
tolCp1,0.3333333333333333,2,2,GTTTGAATTTTCAACCACGG,0,3698027
tolCp1,0.3333333333333333,2,2,GTTTCTTGGTCCATTCGATT,0,3664068
tolCp1,0.3333333333333333,2,2,GTTGGTCCGTTATGTCTCAG,0,3674836
tolCp1,0.3333333333333333,2,2,GTTGGGGAGATACATATGGT,0,3685965
tolCp1,0.3333333333333333,2,2,GTTGGCCACCGCTAGGCTCA,0,3708435
tolCp1,0.3333333333333333,2,2,GTTGGCCAATCGAACATTTA,0,3672506
tolCp1,0.3333333333333333,2,2,GTTGCATATTGCGTAACGGT,0,3678792
tolCp1,0.3333333333333333,2,2,GTTCGCTAAACCCCCGTTTC,0,3711652
tolCp1,0.3333333333333333,2,2,GTTCGCGAAAATATGGTTAA,0,3693797
tolCp1,0.3333333333333333,2,2,GTTCAAGCAAGTAGCGCTTT,0,3675630
tolCp1,0.3333333333333333,2,2,GTTATCCTTCTATCGGTTCA,0,3692100
tolCp1,0.3333333333333333,2,2,GTTAATAATCACATATGCGC,0,3697528
tolCp1,0.3333333333333333,2,2,GTGTATGCGGGGTGTCGTGC,0,3688704
tolCp1,0.3333333333333333,2,2,GTGTACATGCTTTGATCCGC,0,3707281
tolCp1,0.3333333333333333,2,2,GTGGGGTTGTAGCAGATCAA,0,3709788
tolCp1,0.3333333333333333,2,2,GTGGGCATGCGACCAGGGTA,0,3690431
tolCp1,0.3333333333333333,2,2,GTGGCGGGTAATAGGGACAG,0,3712681
tolCp1,0.3333333333333333,2,2,GTGGCCATAGACTGCATCCT,0,3690036
tolCp1,0.3333333333333333,2,2,GTGGCATTACTAACAGATAT,0,3691809
tolCp1,0.3333333333333333,2,2,GTGCTCAGCGGCTGTTGGTG,0,3712808
tolCp1,0.3333333333333333,2,2,GTGCTAGCGTGTTCCATTCT,0,3693073
tolCp1,0.3333333333333333,2,2,GTGCACATAAATCTTTCCAG,0,3689953
tolCp1,0.3333333333333333,2,2,GTGATGTGGCTTGGCTCAGT,0,3688655
tolCp1,0.3333333333333333,2,2,GTGATAGTCGTAGGTATAGT,0,3665604
tolCp1,0.3333333333333333,2,2,GTGAGTAGCATAGCAATAAG,0,3702812
tolCp1,0.3333333333333333,2,2,GTGAGCTAACATTGTCTGAA,0,3691513
tolCp1,0.3333333333333333,2,2,GTGACGTGGTGCACACAACC,0,3668010
tolCp1,0.3333333333333333,2,2,GTGAATTACATTGCTAAATG,0,3671517
tolCp1,0.3333333333333333,2,2,GTCTGATGTATCAGAACGTC,0,3707593
tolCp1,0.3333333333333333,2,2,GTCTGACGTACGTACGTGCA,0,3689399
tolCp1,0.3333333333333333,2,2,GTCTCGTTAGTTCCTTGTAT,0,3661763
tolCp1,0.3333333333333333,2,2,GTCTCGTGTGAGGCTGGGTC,0,3707775
tolCp1,0.3333333333333333,2,2,GTCTCCCCGTTTTTTATGAC,0,3677308
tolCp1,0.3333333333333333,2,2,GTCTCCCCATCTTAATTTTT,0,3671148
tolCp1,0.3333333333333333,2,2,GTCTCCAATCCGTTTTGCGG,0,3699591
tolCp1,0.3333333333333333,2,2,GTCTCACCTGCACATAACAT,0,3673403
tolCp1,0.3333333333333333,2,2,GTCGTTGGTTTCTTGGTCTC,0,3692861
tolCp1,0.3333333333333333,2,2,GTCGGGACACTTGTGTACAA,0,3698287
tolCp1,0.3333333333333333,2,2,GTCGCGTGAAAGGCATGTGG,0,3680381
tolCp1,0.3333333333333333,2,2,GTCGAGTTCGTCCTGAGACG,0,3709221
tolCp1,0.3333333333333333,2,2,GTCCTCTGCGTGAAAAGGAG,0,3667448
tolCp1,0.3333333333333333,2,2,GTCCTCGTCCAGGTATGTCA,0,3711837
tolCp1,0.3333333333333333,2,2,GTCCCAAGTCTACGGCTCAG,0,3663126
tolCp1,0.3333333333333333,2,2,GTCCATTAGACCGTTGCCGG,0,3662264
tolCp1,0.3333333333333333,2,2,GTCCATCTACGTTGTTCGGT,0,3678347
tolCp1,0.3333333333333333,2,2,GTCCACGTACGTCGGGACGT,0,3699236
tolCp1,0.3333333333333333,2,2,GTCAGTTTTTGCTGATCGGG,0,3697312
tolCp1,0.3333333333333333,2,2,GTCACTGCTTAACGTCGGAC,0,3686949
tolCp1,0.3333333333333333,2,2,GTCACACCCATCACGGACAA,0,3661822
tolCp1,0.3333333333333333,2,2,GTCAAAAAGAAGCACACAGC,0,3700718
tolCp1,0.3333333333333333,2,2,GTATTCATGTTCCCTCCCAA,0,3714936
tolCp1,0.3333333333333333,2,2,GTATGAGCTATGGGAAAGGG,0,3678597
tolCp1,0.3333333333333333,2,2,GTATGAGAATCGCCATTGCA,0,3669487
tolCp1,0.3333333333333333,2,2,GTATGACGCGCACCTCTATA,0,3698392
tolCp1,0.3333333333333333,2,2,GTATCTCGGGTGTTTATATT,0,3715551
tolCp1,0.3333333333333333,2,2,GTATCGGTACATTTTGTTGC,0,3665690
tolCp1,0.3333333333333333,2,2,GTATCACGTGCATGTTGCCA,0,3699922
tolCp1,0.3333333333333333,2,2,GTATACTTATATTCCCATTC,0,3710134
tolCp1,0.3333333333333333,2,2,GTATACAGTCTTGATATTGC,0,3681971
tolCp1,0.3333333333333333,2,2,GTATAAGTACGGCGGACCAA,0,3689846
tolCp1,0.3333333333333333,2,2,GTAGTGCGTCCTGGCGGCGC,0,3686757
tolCp1,0.3333333333333333,2,2,GTACTGTAGGCTGTTCTAAG,0,3667593
tolCp1,0.3333333333333333,2,2,GTACCTCCAGGGAGTGATAC,0,3708218
tolCp1,0.3333333333333333,2,2,GTACAACTGCGTCAATCGAC,0,3666119
tolCp1,0.3333333333333333,2,2,GTAATGCATTTAGACATCCT,0,3680587
tolCp1,0.3333333333333333,2,2,GTAAGTCAGAGGAGTTACGC,0,3691060
tolCp1,0.3333333333333333,2,2,GTAAGGGCGGTCCCAACGTG,0,3672397
tolCp1,0.3333333333333333,2,2,GTAAGGAATCGGCCTTTCGC,0,3671785
tolCp1,0.3333333333333333,2,2,GTAAGCGCATCCCGGGAGGA,0,3662344
tolCp1,0.3333333333333333,2,2,GTAAGCGATCCCCGCTCGAC,0,3688262
tolCp1,0.3333333333333333,2,2,GTAAGAACCAACAAGGTGCA,0,3688013
tolCp1,0.3333333333333333,2,2,GTAAATATGTTGTCAGGCGC,0,3705728
tolCp1,0.3333333333333333,2,2,GTAAACTCTCCGTTTATTGA,0,3674710
tolCp1,0.3333333333333333,2,2,GGTTTCTATGGTCCGTAGAT,0,3666396
tolCp1,0.3333333333333333,2,2,GGTTTAATCTTGTGCAAATT,0,3690652
tolCp1,0.3333333333333333,2,2,GGTTGATCTTAGTAGTAGGA,0,3668265
tolCp1,0.3333333333333333,2,2,GGTTACTCCCAAGAGGCGTA,0,3697698
tolCp1,0.3333333333333333,2,2,GGTGGTGCGCTCAGAGAGAT,0,3694231
tolCp1,0.3333333333333333,2,2,GGTGGGACCTTGCCCAACGA,0,3695432
tolCp1,0.3333333333333333,2,2,GGTGCGAACTATACGAGGTC,0,3692310
tolCp1,0.3333333333333333,2,2,GGTGATCGTTAATCGATCCG,0,3672945
tolCp1,0.3333333333333333,2,2,GGTGATCCTACAAAGGGCTG,0,3680936
tolCp1,0.3333333333333333,2,2,GGTGACGCGACAGCGTTGGG,0,3714316
tolCp1,0.3333333333333333,2,2,GGTCGGTTACATCGGGTTAG,0,3683999
tolCp1,0.3333333333333333,2,2,GGTCGCGCAGGTCGCGTACT,0,3680367
tolCp1,0.3333333333333333,2,2,GGTCGCACCCTAGTTCCGAC,0,3682956
tolCp1,0.3333333333333333,2,2,GGTCGATACGACTCTTAGCC,0,3690171
tolCp1,0.3333333333333333,2,2,GGTATCGAGAGGGGTGCTAA,0,3706098
tolCp1,0.3333333333333333,2,2,GGTATAGGATTTTTGAGGAG,0,3715557
tolCp1,0.3333333333333333,2,2,GGTAGAGGATTCCCTCCCGA,0,3697625
tolCp1,0.3333333333333333,2,2,GGTACACCCTCGGGAAGGTC,0,3691377
tolCp1,0.3333333333333333,2,2,GGTAACTATGAGAGTAGGCA,0,3683089
tolCp1,0.3333333333333333,2,2,GGTAAACAGGCCTGTGAGAT,0,3707079
tolCp1,0.3333333333333333,2,2,GGGTTGGATGGTGTCCCCCT,0,3692983
tolCp1,0.3333333333333333,2,2,GGGTTCCCTGTCCGTCGGCG,0,3694327
tolCp1,0.3333333333333333,2,2,GGGTTAGTGCACGAAGTGCG,0,3671778
tolCp1,0.3333333333333333,2,2,GGGTTAGAAGCTGTCATCAT,0,3661150
tolCp1,0.3333333333333333,2,2,GGGTGTAACGTCAAAAATTC,0,3685894
tolCp1,0.3333333333333333,2,2,GGGTGGTTATAAGCAAGCAA,0,3712827
tolCp1,0.3333333333333333,2,2,GGGTGCGCAAGGGCTGGGAT,0,3714366
tolCp1,0.3333333333333333,2,2,GGGTCGTCCTGCTGTCAAGA,0,3702195
tolCp1,0.3333333333333333,2,2,GGGTCCCGCTAATTAAAGTA,0,3685492
tolCp1,0.3333333333333333,2,2,GGGTCACTTAAGGTTCCTAC,0,3694643
tolCp1,0.3333333333333333,2,2,GGGTATTCTGCCATGACATA,0,3662290
tolCp1,0.3333333333333333,2,2,GGGTAGAGGTATTCGCCGCG,0,3675049
tolCp1,0.3333333333333333,2,2,GGGGTTTCGGTCGCATTAGT,0,3686785
tolCp1,0.3333333333333333,2,2,GGGGTCCGGTTTTAAGATCG,0,3700441
tolCp1,0.3333333333333333,2,2,GGGGGGTTTAACTTCTGCCT,0,3669565
tolCp1,0.3333333333333333,2,2,GGGGGACTCAGTAGGCGCAT,0,3685484
tolCp1,0.3333333333333333,2,2,GGGGGACGATTTTTGTTGAG,0,3705614
tolCp1,0.3333333333333333,2,2,GGGCTAGAAGACCCGGGGAC,0,3689739
tolCp1,0.3333333333333333,2,2,GGGCGGAGTGGGCAAGAACA,0,3713830
tolCp1,0.3333333333333333,2,2,GGGCGCTATGCCCTGGGTGA,0,3673069
tolCp1,0.3333333333333333,2,2,GGGATCAAAAGATGAGATGG,0,3696712
tolCp1,0.3333333333333333,2,2,GGGATAGCCCCATGTCCTTT,0,3714276
tolCp1,0.3333333333333333,2,2,GGGAGTCGGTCACCAAGCGG,0,3713097
tolCp1,0.3333333333333333,2,2,GGGAGGTATAGTCAAGAGGC,0,3707411
tolCp1,0.3333333333333333,2,2,GGGAGCACACGAGCGAGCCA,0,3689662
tolCp1,0.3333333333333333,2,2,GGGACCCAAACGAAAGAATT,0,3715215
tolCp1,0.3333333333333333,2,2,GGGAAGTGATTAGGTGTCAT,0,3669894
tolCp1,0.3333333333333333,2,2,GGCTTTCTCTGTAGATGTTC,0,3685509
tolCp1,0.3333333333333333,2,2,GGCTTGGCTTGGACACCAAT,0,3691070
tolCp1,0.3333333333333333,2,2,GGCTTGAAACGAGCCGCGCC,0,3708066
tolCp1,0.3333333333333333,2,2,GGCTTAGCCTTCCCCTTGCT,0,3709932
tolCp1,0.3333333333333333,2,2,GGCTGGATACGAACAATTGC,0,3662750
tolCp1,0.3333333333333333,2,2,GGCTCCTTCTATGGCGAGCG,0,3698039
tolCp1,0.3333333333333333,2,2,GGCTCATGTCCGGGTTATTA,0,3694532
tolCp1,0.3333333333333333,2,2,GGCTCACTATGAGGGCCGTG,0,3704566
tolCp1,0.3333333333333333,2,2,GGCGTCGGGAGTGTGGGATG,0,3696667
tolCp1,0.3333333333333333,2,2,GGCGCCATAAAAGAGAGTAA,0,3674470
tolCp1,0.3333333333333333,2,2,GGCGACTTCTATGAAGCATA,0,3661756
tolCp1,0.3333333333333333,2,2,GGCCTCCATATCATCTGCGG,0,3674823
tolCp1,0.3333333333333333,2,2,GGCCTACGGATTCACGACGT,0,3673957
tolCp1,0.3333333333333333,2,2,GGCCGAATCGGAATGTATCA,0,3705338
tolCp1,0.3333333333333333,2,2,GGCCAGATATGTTCTTGGAA,0,3661590
tolCp1,0.3333333333333333,2,2,GGCCACCCGCTACTCCCGCA,0,3680591
tolCp1,0.3333333333333333,2,2,GGCCACCAGTACAATAAACA,0,3674416
tolCp1,0.3333333333333333,2,2,GGCAGGTCACGCAGGCTCAC,0,3696053
tolCp1,0.3333333333333333,2,2,GGCAGACACGACTAGGAGTG,0,3701588
tolCp1,0.3333333333333333,2,2,GGATTTTCTAGCATCAGAAT,0,3707359
tolCp1,0.3333333333333333,2,2,GGATTTGAAAGTGTAGGTCG,0,3689385
tolCp1,0.3333333333333333,2,2,GGATTAGCATATCGCTCCAA,0,3681622
tolCp1,0.3333333333333333,2,2,GGATGTACAGCAAGTTTTCG,0,3663846
tolCp1,0.3333333333333333,2,2,GGATGTAAGGGCCAGCCATC,0,3701358
tolCp1,0.3333333333333333,2,2,GGATGGGGGGTGCCTCTCTC,0,3694279
tolCp1,0.3333333333333333,2,2,GGATGCGTCATTGCCGGTAC,0,3678344
tolCp1,0.3333333333333333,2,2,GGATCGTTCCTACCTTCTAC,0,3708441
tolCp1,0.3333333333333333,2,2,GGAGTCTCGTGAAAGACTAT,0,3670310
tolCp1,0.3333333333333333,2,2,GGAGTCTCAGAGTCCCTACC,0,3688249
tolCp1,0.3333333333333333,2,2,GGAGTACGACACTGTACCAG,0,3678855
tolCp1,0.3333333333333333,2,2,GGAGCAGTTTAATTTGGCAA,0,3712409
tolCp1,0.3333333333333333,2,2,GGAGAATTTAGTACAATCTA,0,3706832
tolCp1,0.3333333333333333,2,2,GGACGGGGGGAGACTATCTA,0,3711214
tolCp1,0.3333333333333333,2,2,GGACGGCACTTTTGGGCATC,0,3710254
tolCp1,0.3333333333333333,2,2,GGACGGATTACATTCGCTGG,0,3664026
tolCp1,0.3333333333333333,2,2,GGACGATAGAATACTCCAGC,0,3714196
tolCp1,0.3333333333333333,2,2,GGAATCTAGCGCGGCTCATG,0,3696033
tolCp1,0.3333333333333333,2,2,GGAATCGGAGTCTTCCCTCC,0,3702964
tolCp1,0.3333333333333333,2,2,GGAATAGTTTTCCTAGAGGC,0,3669057
tolCp1,0.3333333333333333,2,2,GGAAGCACTTTTTACCCCAC,0,3677339
tolCp1,0.3333333333333333,2,2,GGAACGTTATGTCTGGAGCA,0,3672436
tolCp1,0.3333333333333333,2,2,GGAAAGTGGTGCGTCACAGA,0,3691832
tolCp1,0.3333333333333333,2,2,GGAAAATGCATGGTTATCCA,0,3674273
tolCp1,0.3333333333333333,2,2,GGAAAACTTGATAGGGCAGG,0,3686966
tolCp1,0.3333333333333333,2,2,GCTTTGGAACGCTCCCAAGG,0,3667564
tolCp1,0.3333333333333333,2,2,GCTTGATCGTCTTCGATATA,0,3687334
tolCp1,0.3333333333333333,2,2,GCTTCTCAAATGCCTTACTC,0,3692953
tolCp1,0.3333333333333333,2,2,GCTTCGCACTCTCCTTTCCG,0,3703443
tolCp1,0.3333333333333333,2,2,GCTTCCTTCGACTACCAGTT,0,3665177
tolCp1,0.3333333333333333,2,2,GCTGTTGACGTACCGGCTAA,0,3690569
tolCp1,0.3333333333333333,2,2,GCTGTCACTAGAGGCCGATG,0,3676890
tolCp1,0.3333333333333333,2,2,GCTGTCACCACAGCTAAAAC,0,3671310
tolCp1,0.3333333333333333,2,2,GCTGGTGACCCTAGAGTACG,0,3663993
tolCp1,0.3333333333333333,2,2,GCTGGTAAAGTACCATTCAT,0,3662936
tolCp1,0.3333333333333333,2,2,GCTGGATTATCTCTCGATTT,0,3697144
tolCp1,0.3333333333333333,2,2,GCTGCGGTCAACATTGTCAG,0,3684578
tolCp1,0.3333333333333333,2,2,GCTGATTACTCGGCTTCTGT,0,3676138
tolCp1,0.3333333333333333,2,2,GCTGAAGTTCGGTGGGTTTC,0,3674700
tolCp1,0.3333333333333333,2,2,GCTGAAAGGAATGGATGTTC,0,3691656
tolCp1,0.3333333333333333,2,2,GCTCTTCAAAGAACCTGGTA,0,3672940
tolCp1,0.3333333333333333,2,2,GCTCTCTCCACGGTATAATG,0,3707635
tolCp1,0.3333333333333333,2,2,GCTCTATTAGCATGGCCGGT,0,3712285
tolCp1,0.3333333333333333,2,2,GCTCTACCGTATACACTGAT,0,3685462
tolCp1,0.3333333333333333,2,2,GCTCGCGAGTTATTAAGGCT,0,3695570
tolCp1,0.3333333333333333,2,2,GCTCGCCAAGCGCATCCTTG,0,3680414
tolCp1,0.3333333333333333,2,2,GCTATGACTGTTGAAACGAA,0,3664383
tolCp1,0.3333333333333333,2,2,GCTAGGGACCATTGTAGATC,0,3665396
tolCp1,0.3333333333333333,2,2,GCTAGCTCCTATGCTCAACT,0,3702732
tolCp1,0.3333333333333333,2,2,GCTAATAGGGCGAGCAACCG,0,3680968
tolCp1,0.3333333333333333,2,2,GCTAAGTTCCGACATAGAGC,0,3677671
tolCp1,0.3333333333333333,2,2,GCTAACGTACTTCTCCGTAA,0,3715430
tolCp1,0.3333333333333333,2,2,GCGTTCTACACCCGGCGCTG,0,3676079
tolCp1,0.3333333333333333,2,2,GCGTCCACAAAGATACCCAA,0,3680664
tolCp1,0.3333333333333333,2,2,GCGTAACACCATCCTTCTCG,0,3702581
tolCp1,0.3333333333333333,2,2,GCGGTAAGAATCAATGTGTA,0,3670963
tolCp1,0.3333333333333333,2,2,GCGGCAACCTACGACAGCGG,0,3701322
tolCp1,0.3333333333333333,2,2,GCGGACTTGCTCTGTTCAAG,0,3692406
tolCp1,0.3333333333333333,2,2,GCGGACCTAGTCTAAATTAA,0,3675252
tolCp1,0.3333333333333333,2,2,GCGCTAACTAAGGGCACTCG,0,3689147
tolCp1,0.3333333333333333,2,2,GCGCGTTCCTGGACACTGAC,0,3665559
tolCp1,0.3333333333333333,2,2,GCGCGAGCAATCATGTATGA,0,3661747
tolCp1,0.3333333333333333,2,2,GCGCACCTGGACGGGTCTTC,0,3701547
tolCp1,0.3333333333333333,2,2,GCGCACCCCGTAAGACGGGG,0,3708202
tolCp1,0.3333333333333333,2,2,GCGCAAGGTGAAATCTCGTT,0,3709420
tolCp1,0.3333333333333333,2,2,GCGATACCGTGCGGAGCGCC,0,3673693
tolCp1,0.3333333333333333,2,2,GCGACTTGCAAAAAGCCGCA,0,3664178
tolCp1,0.3333333333333333,2,2,GCGACGATGTTTAATCATGT,0,3687392
tolCp1,0.3333333333333333,2,2,GCGACCAACGATGGCTAGAT,0,3680379
tolCp1,0.3333333333333333,2,2,GCGAAACCAGCTCTATACGA,0,3689407
tolCp1,0.3333333333333333,2,2,GCCTTAAGCGCAGTTCATGC,0,3678396
tolCp1,0.3333333333333333,2,2,GCCTGGTGTACAGCCACACC,0,3668230
tolCp1,0.3333333333333333,2,2,GCCTGGTGAAATCACGCCCT,0,3692160
tolCp1,0.3333333333333333,2,2,GCCTCCTGCGAGCCCCAGCA,0,3710918
tolCp1,0.3333333333333333,2,2,GCCGTACCAGTCCCGAAAAG,0,3667904
tolCp1,0.3333333333333333,2,2,GCCGGTCGCGACACAGTAAT,0,3681871
tolCp1,0.3333333333333333,2,2,GCCGGTCACTGCACTCCTGA,0,3683545
tolCp1,0.3333333333333333,2,2,GCCGAGGATCGAACCTCGGT,0,3684598
tolCp1,0.3333333333333333,2,2,GCCGACACCTTAGTGTATTC,0,3692746
tolCp1,0.3333333333333333,2,2,GCCCTCTATGATGTCCAGAA,0,3695131
tolCp1,0.3333333333333333,2,2,GCCCGGTTTCACCGCTCTTG,0,3677698
tolCp1,0.3333333333333333,2,2,GCCCCTTTCCGGGAAATGTG,0,3711744
tolCp1,0.3333333333333333,2,2,GCCCCTATAAGGTTCAGAGT,0,3710707
tolCp1,0.3333333333333333,2,2,GCCCCTAGACAATCGATAAT,0,3670753
tolCp1,0.3333333333333333,2,2,GCCCCCCACTAAGAAGGGTC,0,3666736
tolCp1,0.3333333333333333,2,2,GCCAGGATACTCTCTAACAT,0,3700403
tolCp1,0.3333333333333333,2,2,GCCAGACTTATCTTGCGCAT,0,3712775
tolCp1,0.3333333333333333,2,2,GCCACAGTGCCGGGTTGAAG,0,3670811
tolCp1,0.3333333333333333,2,2,GCCACAAGCCCGGACATTCA,0,3693603
tolCp1,0.3333333333333333,2,2,GCCAACCGCCAGTAGGGACT,0,3699985
tolCp1,0.3333333333333333,2,2,GCATTCAGTGGATTGATCCT,0,3682511
tolCp1,0.3333333333333333,2,2,GCATGTCAACGTAGTGCGCT,0,3695425
tolCp1,0.3333333333333333,2,2,GCATCCCGGTGCAATGGGCT,0,3665461
tolCp1,0.3333333333333333,2,2,GCATACAACGATATGTGTGT,0,3662569
tolCp1,0.3333333333333333,2,2,GCAGTGCAGTTCTGTAGTGA,0,3695262
tolCp1,0.3333333333333333,2,2,GCAGGCCGGTACGCAGCTCG,0,3707708
tolCp1,0.3333333333333333,2,2,GCAGCTTGTCGGTGATCTTT,0,3698272
tolCp1,0.3333333333333333,2,2,GCAGCGGTGCGTTTAAAATG,0,3692402
tolCp1,0.3333333333333333,2,2,GCAGCCTTGACTAACGGAAG,0,3680476
tolCp1,0.3333333333333333,2,2,GCACTTAACCGCTGTACGTT,0,3706658
tolCp1,0.3333333333333333,2,2,GCACTCTTCTCAGGCCAAGA,0,3662659
tolCp1,0.3333333333333333,2,2,GCACTAGCGTGGATGTTGAC,0,3705437
tolCp1,0.3333333333333333,2,2,GCACGACCCTTATTAAACGG,0,3668139
tolCp1,0.3333333333333333,2,2,GCACGAATTAACGTGCGCGC,0,3670227
tolCp1,0.3333333333333333,2,2,GCACATAGTGGCGGTCGAAA,0,3683830
tolCp1,0.3333333333333333,2,2,GCAACACTACGGGTAGTCTG,0,3691282
tolCp1,0.3333333333333333,2,2,GCAAATTACAGACAAGTAGA,0,3672053
tolCp1,0.3333333333333333,2,2,GATTTTGCACTACACACTGT,0,3691512
tolCp1,0.3333333333333333,2,2,GATTGACACGCGTCCAACCC,0,3673656
tolCp1,0.3333333333333333,2,2,GATTCATGTCCTAATCCTAT,0,3706577
tolCp1,0.3333333333333333,2,2,GATTAGCCGCTACGCGGGCA,0,3702059
tolCp1,0.3333333333333333,2,2,GATTAAATGACTGTGACTGT,0,3710069
tolCp1,0.3333333333333333,2,2,GATGTTTTACGGGGGGCACC,0,3688563
tolCp1,0.3333333333333333,2,2,GATGTTGGAGGGGAGCCTCT,0,3668269
tolCp1,0.3333333333333333,2,2,GATGCTCGAAGTCATTGGTA,0,3689780
tolCp1,0.3333333333333333,2,2,GATGCCAGTTCGGAAATGGA,0,3678839
tolCp1,0.3333333333333333,2,2,GATGAAGAGTAAGAGACTGG,0,3678874
tolCp1,0.3333333333333333,2,2,GATCGAGTTCAAAGGCCCTT,0,3696663
tolCp1,0.3333333333333333,2,2,GATCCGGTTGCCCGCATGCA,0,3710805
tolCp1,0.3333333333333333,2,2,GATCAGCACCGTTCGAAAAC,0,3710466
tolCp1,0.3333333333333333,2,2,GATCAAGTCAGCTCTGAACT,0,3712543
tolCp1,0.3333333333333333,2,2,GATATTTTGTCACGGGTGGA,0,3679177
tolCp1,0.3333333333333333,2,2,GATAGTAGTCTTCACAGAGG,0,3710559
tolCp1,0.3333333333333333,2,2,GATAGTAATGCGTGGGGTGG,0,3675271
tolCp1,0.3333333333333333,2,2,GATAGGGTACACAGCCCAGT,0,3684265
tolCp1,0.3333333333333333,2,2,GATACTGGAGAAGACACGAG,0,3662642
tolCp1,0.3333333333333333,2,2,GATAATGGAGGGACGACACA,0,3679781
tolCp1,0.3333333333333333,2,2,GATAAGGCTAGGGGGTGGTT,0,3692557
tolCp1,0.3333333333333333,2,2,GATAACGAGTAAGTAAATGC,0,3715544
tolCp1,0.3333333333333333,2,2,GATAAACAATCGACTCTAAG,0,3679335
tolCp1,0.3333333333333333,2,2,GAGTTGGTAAGGCGAACAGC,0,3688589
tolCp1,0.3333333333333333,2,2,GAGTTATGGGGAAAATTGGT,0,3698582
tolCp1,0.3333333333333333,2,2,GAGTGCTATCGATCAGCTAC,0,3668081
tolCp1,0.3333333333333333,2,2,GAGTCTCGAACAACGGTCAA,0,3705005
tolCp1,0.3333333333333333,2,2,GAGTCTAAAGTCAATGGGCG,0,3694733
tolCp1,0.3333333333333333,2,2,GAGTCGTCGTACACGGGATG,0,3667446
tolCp1,0.3333333333333333,2,2,GAGTCACCATCTGCATGGAG,0,3708920
tolCp1,0.3333333333333333,2,2,GAGGTCCGCGATTATTTCCT,0,3683615
tolCp1,0.3333333333333333,2,2,GAGGTATATGTAACTTTTAA,0,3711000
tolCp1,0.3333333333333333,2,2,GAGGCGGTCCCAAAAAAGTT,0,3705984
tolCp1,0.3333333333333333,2,2,GAGGCGGACTAGCGAGGACC,0,3699331
tolCp1,0.3333333333333333,2,2,GAGGCGAGAGATTCTACAGC,0,3685219
tolCp1,0.3333333333333333,2,2,GAGGCAGACGTGCAGTTGCC,0,3676959
tolCp1,0.3333333333333333,2,2,GAGGATCCTTGCTTGTGGAC,0,3696592
tolCp1,0.3333333333333333,2,2,GAGCTTAGCATACTGTGCGT,0,3667631
tolCp1,0.3333333333333333,2,2,GAGCGCTATGTCGATTCAAG,0,3699139
tolCp1,0.3333333333333333,2,2,GAGCGCGCAGGAGCGGCACA,0,3711650
tolCp1,0.3333333333333333,2,2,GAGCGCACAGTTTGTTCGTA,0,3668317
tolCp1,0.3333333333333333,2,2,GAGCAGTGCATATGCTTTTA,0,3670302
tolCp1,0.3333333333333333,2,2,GAGATGTATCCTGTGCTTCC,0,3665406
tolCp1,0.3333333333333333,2,2,GAGATAGCCCTTCTAAGTGC,0,3710843
tolCp1,0.3333333333333333,2,2,GAGATAAAATTCTGGCCTGT,0,3694174
tolCp1,0.3333333333333333,2,2,GAGAGGACTTTACGAACCCT,0,3673254
tolCp1,0.3333333333333333,2,2,GAGAAAAGGGGGACTCCGTC,0,3693461
tolCp1,0.3333333333333333,2,2,GACTTTTTTCGGGAGAGCCC,0,3663120
tolCp1,0.3333333333333333,2,2,GACTGATATAGGTAGTGCAG,0,3704446
tolCp1,0.3333333333333333,2,2,GACTCTTACTGACCATCGTG,0,3680302
tolCp1,0.3333333333333333,2,2,GACGTCACATGATTTGCGGA,0,3692709
tolCp1,0.3333333333333333,2,2,GACGTATCCCTACTTCCCTG,0,3688702
tolCp1,0.3333333333333333,2,2,GACGGGTCCACCTACATTGT,0,3675480
tolCp1,0.3333333333333333,2,2,GACGCCGGTCAGTCTTGACG,0,3693324
tolCp1,0.3333333333333333,2,2,GACGCATCTTACACGTGGTT,0,3676708
tolCp1,0.3333333333333333,2,2,GACCTTTTTTGTTGGTCTTT,0,3683847
tolCp1,0.3333333333333333,2,2,GACCGTCGTATTTCGGGATC,0,3700186
tolCp1,0.3333333333333333,2,2,GACCCGCAGTAGCCTACTAC,0,3680808
tolCp1,0.3333333333333333,2,2,GACCAGGTGGTTTAGGAGGG,0,3697220
tolCp1,0.3333333333333333,2,2,GACATGGACTCGTCCCCTCG,0,3663634
tolCp1,0.3333333333333333,2,2,GACAGGCCCCAGTAAATATT,0,3681647
tolCp1,0.3333333333333333,2,2,GACAGGATCAGCGTATGCCG,0,3691011
tolCp1,0.3333333333333333,2,2,GACAGGACGATCAGTGCTCG,0,3691153
tolCp1,0.3333333333333333,2,2,GACACTGGTATAGGCGTGGG,0,3678997
tolCp1,0.3333333333333333,2,2,GACACAAGTATCCCCAAAAT,0,3687399
tolCp1,0.3333333333333333,2,2,GACAAACAATCAGACCACTA,0,3695580
tolCp1,0.3333333333333333,2,2,GACAAAAATAAGTTTTGCGA,0,3662324
tolCp1,0.3333333333333333,2,2,GAATTGTTTGCAGACCACGA,0,3668906
tolCp1,0.3333333333333333,2,2,GAATGCCGTATAGCTGACCA,0,3670396
tolCp1,0.3333333333333333,2,2,GAATGATCACGGGTAACGAT,0,3699689
tolCp1,0.3333333333333333,2,2,GAAGTAGGGAAAGGTCATTC,0,3681368
tolCp1,0.3333333333333333,2,2,GAAGGTCCTTCTGAGTATGT,0,3669914
tolCp1,0.3333333333333333,2,2,GAAGGCAACCTGACATTGCC,0,3670228
tolCp1,0.3333333333333333,2,2,GAAGCCACGCAATCTTCACT,0,3704875
tolCp1,0.3333333333333333,2,2,GAACTGGATAAAGCCTTCGG,0,3669459
tolCp1,0.3333333333333333,2,2,GAACCGGTACAACAACCAGG,0,3707900
tolCp1,0.3333333333333333,2,2,GAACATGATCGGGATAACGA,0,3697734
tolCp1,0.3333333333333333,2,2,GAACATACGGGCACGGTACA,0,3706054
tolCp1,0.3333333333333333,2,2,GAAATCAGGAAAGAAAGAAA,0,3670331
tolCp1,0.3333333333333333,2,2,GAAATAATACTATCCTCAGT,0,3700552
tolCp1,0.3333333333333333,2,2,GAAAGGGCCAAGTCCAGTTG,0,3702977
tolCp1,0.3333333333333333,2,2,GAAACTCATAGGACTGCCCC,0,3707379
tolCp1,0.3333333333333333,2,2,CTTTTTATGTCGGATGATGA,0,3702994
tolCp1,0.3333333333333333,2,2,CTTTTGCGTGCCTTCCGGAC,0,3682509
tolCp1,0.3333333333333333,2,2,CTTTTAACACGGTATTCTCT,0,3700506
tolCp1,0.3333333333333333,2,2,CTTTGTAAGTCAATTACCTC,0,3673413
tolCp1,0.3333333333333333,2,2,CTTTGCTATGGGTAGAAGGC,0,3665519
tolCp1,0.3333333333333333,2,2,CTTTGCACGAAGATTCAAAC,0,3695456
tolCp1,0.3333333333333333,2,2,CTTTATTATGACTTGATGAC,0,3707053
tolCp1,0.3333333333333333,2,2,CTTTAGCGTGCGCGGAAAGG,0,3704505
tolCp1,0.3333333333333333,2,2,CTTGTACAGCCTCTGAAGAT,0,3677424
tolCp1,0.3333333333333333,2,2,CTTGGTACAAATCAACTGTA,0,3695981
tolCp1,0.3333333333333333,2,2,CTTGGGATGACGTCCACCCC,0,3663365
tolCp1,0.3333333333333333,2,2,CTTGCACCCTCGGTACAGCT,0,3688751
tolCp1,0.3333333333333333,2,2,CTTGATGGCTCCAATAATCA,0,3676068
tolCp1,0.3333333333333333,2,2,CTTGAGAAAATTGGGGACCA,0,3702471
tolCp1,0.3333333333333333,2,2,CTTCGGCCTTTTATCAGGGA,0,3670480
tolCp1,0.3333333333333333,2,2,CTTCGACCGATGCCGCTCGT,0,3669895
tolCp1,0.3333333333333333,2,2,CTTCCCTACTCACAAACGGG,0,3668403
tolCp1,0.3333333333333333,2,2,CTTCATTCATAAGTTCACGG,0,3701038
tolCp1,0.3333333333333333,2,2,CTTATGTCAGATATTATTAG,0,3709385
tolCp1,0.3333333333333333,2,2,CTTAGTCGTACTTTCACTTT,0,3661706
tolCp1,0.3333333333333333,2,2,CTTACTCATAGTACTTCGCC,0,3671789
tolCp1,0.3333333333333333,2,2,CTGTTCTTCGACATAGTTGT,0,3685232
tolCp1,0.3333333333333333,2,2,CTGTTAGAGCCATGTCCATG,0,3714247
tolCp1,0.3333333333333333,2,2,CTGTGGACCCACGAGAACAT,0,3709945
tolCp1,0.3333333333333333,2,2,CTGTGATTTCATGCACGCGG,0,3674369
tolCp1,0.3333333333333333,2,2,CTGTCATTTCTCAGGTAGTC,0,3713116
tolCp1,0.3333333333333333,2,2,CTGTCAATGACAATAGGCGT,0,3705082
tolCp1,0.3333333333333333,2,2,CTGTAGTTGAAACGAAAGTG,0,3703152
tolCp1,0.3333333333333333,2,2,CTGTACAATAAGGTATTCCA,0,3708231
tolCp1,0.3333333333333333,2,2,CTGGTTCTGATCGGTGTTGT,0,3680866
tolCp1,0.3333333333333333,2,2,CTGGGGACAACGGCTGGTTT,0,3708286
tolCp1,0.3333333333333333,2,2,CTGGGACGATATAACTCTTA,0,3707594
tolCp1,0.3333333333333333,2,2,CTGGAGACACTAACGCCACG,0,3666015
tolCp1,0.3333333333333333,2,2,CTGCGGCATGATTTGTTTCT,0,3693735
tolCp1,0.3333333333333333,2,2,CTGCCTTACATTCGACTCGA,0,3682341
tolCp1,0.3333333333333333,2,2,CTGCCCGATGTGAAGGGCTA,0,3703744
tolCp1,0.3333333333333333,2,2,CTGCCCAAGGTACACTGGCC,0,3703845
tolCp1,0.3333333333333333,2,2,CTGCAGTACGACGACTTTTA,0,3663250
tolCp1,0.3333333333333333,2,2,CTGATGCTTACTCGTTCGGT,0,3673702
tolCp1,0.3333333333333333,2,2,CTGATCAATCAAGAAGAAAG,0,3703581
tolCp1,0.3333333333333333,2,2,CTGATATGAACTACACTTCC,0,3665572
tolCp1,0.3333333333333333,2,2,CTGACGTCGTTATCTTGCAA,0,3687282
tolCp1,0.3333333333333333,2,2,CTGAATTCTTCGGGGCTGCT,0,3692926
tolCp1,0.3333333333333333,2,2,CTGAAGCCCGCTGTGCCTTA,0,3665257
tolCp1,0.3333333333333333,2,2,CTCTTTGGTCCGAGCCCCAC,0,3673694
tolCp1,0.3333333333333333,2,2,CTCTGTTACGAAACTTCCCA,0,3668633
tolCp1,0.3333333333333333,2,2,CTCTCGTAGAGCGTAGTCAA,0,3694330
tolCp1,0.3333333333333333,2,2,CTCTCGTAAATTGATGATTC,0,3693039
tolCp1,0.3333333333333333,2,2,CTCTCGAACGTGACAGAGAT,0,3666018
tolCp1,0.3333333333333333,2,2,CTCTCCCATATATTTGCGGT,0,3686655
tolCp1,0.3333333333333333,2,2,CTCTCCAACCGGTCCGAGAT,0,3671960
tolCp1,0.3333333333333333,2,2,CTCTAGTGCGGCACAGGGAA,0,3671842
tolCp1,0.3333333333333333,2,2,CTCTACGACTCACGTACGGC,0,3688668
tolCp1,0.3333333333333333,2,2,CTCTACCACTGGGCACGTCA,0,3708255
tolCp1,0.3333333333333333,2,2,CTCTACATAACTACCCCGCG,0,3669279
tolCp1,0.3333333333333333,2,2,CTCGTGTGGTGCGAGCCCAC,0,3679103
tolCp1,0.3333333333333333,2,2,CTCGGGCAAGACTCTGTTCT,0,3696223
tolCp1,0.3333333333333333,2,2,CTCGGCAGAATTCCACCGCC,0,3712030
tolCp1,0.3333333333333333,2,2,CTCGGAACCGCCTTAGAATC,0,3684694
tolCp1,0.3333333333333333,2,2,CTCCTAGTGTTCTGCCGGTT,0,3690531
tolCp1,0.3333333333333333,2,2,CTCATGTTGGGCATTGTGTT,0,3707883
tolCp1,0.3333333333333333,2,2,CTCATGAATAGTCACAATGA,0,3664337
tolCp1,0.3333333333333333,2,2,CTCATCGATAATCCCTCCAT,0,3665695
tolCp1,0.3333333333333333,2,2,CTCATCAAGTATTCAGTAAA,0,3683266
tolCp1,0.3333333333333333,2,2,CTCAGCGAGGGTATCTAGAC,0,3702162
tolCp1,0.3333333333333333,2,2,CTCACCTCTAAAGAGCGGCT,0,3676894
tolCp1,0.3333333333333333,2,2,CTCAAGTGGAGACGTCTTGC,0,3704864
tolCp1,0.3333333333333333,2,2,CTATTGTGGGAAGGAATCGG,0,3668187
tolCp1,0.3333333333333333,2,2,CTATTCTGCTCTTGGATGCG,0,3662319
tolCp1,0.3333333333333333,2,2,CTATGGGACACGTGGCGGTT,0,3697812
tolCp1,0.3333333333333333,2,2,CTATCAGTCGGCACGATATA,0,3682430
tolCp1,0.3333333333333333,2,2,CTAGTGCCCTGGAACCGGGT,0,3678117
tolCp1,0.3333333333333333,2,2,CTAGTAGCGAGCCACTATCT,0,3703730
tolCp1,0.3333333333333333,2,2,CTAGGCCGTTTAGCACGAAA,0,3684028
tolCp1,0.3333333333333333,2,2,CTACGTGCGTGTTGAATACT,0,3676828
tolCp1,0.3333333333333333,2,2,CTACGGCGGGTATCTCGGAT,0,3704673
tolCp1,0.3333333333333333,2,2,CTACCGTTTATAGTGGTTTG,0,3667708
tolCp1,0.3333333333333333,2,2,CTACCAGCTCGGTCGGGTCT,0,3707295
tolCp1,0.3333333333333333,2,2,CTAATCGCTTTTCACGGCAT,0,3697296
tolCp1,0.3333333333333333,2,2,CGTTCTATGTGCCTAACCTG,0,3678067
tolCp1,0.3333333333333333,2,2,CGTTATATTTGAATCCGAAC,0,3670959
tolCp1,0.3333333333333333,2,2,CGTTAGAGATGGGCCATCCT,0,3679175
tolCp1,0.3333333333333333,2,2,CGTGTTCTCTTATAAACGTG,0,3677092
tolCp1,0.3333333333333333,2,2,CGTGGTTTGTGCGTCGTCCC,0,3708906
tolCp1,0.3333333333333333,2,2,CGTGGGAAATTGAACGTGAC,0,3674696
tolCp1,0.3333333333333333,2,2,CGTGGATGCCCGCGGGACAA,0,3712478
tolCp1,0.3333333333333333,2,2,CGTGGACAGGTTTTCCCGGG,0,3715203
tolCp1,0.3333333333333333,2,2,CGTGCTGTAGTAGACCCCCA,0,3700177
tolCp1,0.3333333333333333,2,2,CGTGATATGGTCTTACCAGC,0,3676382
tolCp1,0.3333333333333333,2,2,CGTGAGCTACAGCGGTCCCA,0,3703291
tolCp1,0.3333333333333333,2,2,CGTCTGAGTAGCCCCCGGGC,0,3711746
tolCp1,0.3333333333333333,2,2,CGTCGCAGCGTAGTCTTACT,0,3682397
tolCp1,0.3333333333333333,2,2,CGTCGATAAAGCAAGCGCAG,0,3714313
tolCp1,0.3333333333333333,2,2,CGTCCCGTGAATCTGGGTAG,0,3710094
tolCp1,0.3333333333333333,2,2,CGTCATAGTGTATGCTAGCC,0,3711096
tolCp1,0.3333333333333333,2,2,CGTCACGAGGGTTGTGGTGG,0,3687261
tolCp1,0.3333333333333333,2,2,CGTCACAGTTCATTTTTACG,0,3664169
tolCp1,0.3333333333333333,2,2,CGTATTGGAACTTCTAACAG,0,3696118
tolCp1,0.3333333333333333,2,2,CGTATAGGTAATGCAGCGAA,0,3671941
tolCp1,0.3333333333333333,2,2,CGTAGGTGTATTGCATTCGT,0,3674372
tolCp1,0.3333333333333333,2,2,CGTAGGTACTGGTACCCTGC,0,3696586
tolCp1,0.3333333333333333,2,2,CGTAGAGCTCGGACCATAGA,0,3675825
tolCp1,0.3333333333333333,2,2,CGTACGGGAGATGTTTCACA,0,3696253
tolCp1,0.3333333333333333,2,2,CGTACGCTCATAGCATGCGG,0,3690868
tolCp1,0.3333333333333333,2,2,CGTAAGCCCGATCATGGTTA,0,3683007
tolCp1,0.3333333333333333,2,2,CGGTTAGACAACCCCTGCCA,0,3680145
tolCp1,0.3333333333333333,2,2,CGGTGCTCGTTTTGAAGCCC,0,3711195
tolCp1,0.3333333333333333,2,2,CGGTCATTTCGAGGTTCAAC,0,3701706
tolCp1,0.3333333333333333,2,2,CGGTCAATTCCGGTAACCGT,0,3671583
tolCp1,0.3333333333333333,2,2,CGGTCAACATTTGTGAAGGG,0,3715312
tolCp1,0.3333333333333333,2,2,CGGGTTTATTGCAACTATTA,0,3705836
tolCp1,0.3333333333333333,2,2,CGGGAGAAGTTGTTCTGGAA,0,3698334
tolCp1,0.3333333333333333,2,2,CGGCGTGTGTCTCGCTTTTT,0,3694607
tolCp1,0.3333333333333333,2,2,CGGCGGATATTTGCGATGGA,0,3709962
tolCp1,0.3333333333333333,2,2,CGGCGAGCCCCTAGCATGGC,0,3682144
tolCp1,0.3333333333333333,2,2,CGGCATTTTCCTGAGCATGA,0,3663101
tolCp1,0.3333333333333333,2,2,CGGCAATTATTCAATGGGAT,0,3699671
tolCp1,0.3333333333333333,2,2,CGGATTCAAACTATCTAAAT,0,3690732
tolCp1,0.3333333333333333,2,2,CGGAATCATGTCATCGGCTA,0,3697554
tolCp1,0.3333333333333333,2,2,CGGAACGCAGGGATGACGGA,0,3695540
tolCp1,0.3333333333333333,2,2,CGGAACCGGTCGGAAATTTG,0,3662338
tolCp1,0.3333333333333333,2,2,CGCTTGCTGAAGGACGCACT,0,3661903
tolCp1,0.3333333333333333,2,2,CGCTTCGTGTGAGAGCCTTA,0,3712818
tolCp1,0.3333333333333333,2,2,CGCTGAAGGGTTCTTCTGCA,0,3696819
tolCp1,0.3333333333333333,2,2,CGCTAGCCCGTGCGCCCTGT,0,3699002
tolCp1,0.3333333333333333,2,2,CGCTAACGCGGTTTATCGGG,0,3713672
tolCp1,0.3333333333333333,2,2,CGCGTCGTGTGTACAATTTA,0,3677666
tolCp1,0.3333333333333333,2,2,CGCGTAGTGGTAGTAGTAAC,0,3686434
tolCp1,0.3333333333333333,2,2,CGCGCCCTTCAAGTAGCACG,0,3696701
tolCp1,0.3333333333333333,2,2,CGCGCATTCGACCATGATCG,0,3670808
tolCp1,0.3333333333333333,2,2,CGCGCAAATACCTTTACAGA,0,3700462
tolCp1,0.3333333333333333,2,2,CGCGAGTGCATACTCACCCA,0,3713917
tolCp1,0.3333333333333333,2,2,CGCCCAATCCAGCGCTGGGC,0,3713152
tolCp1,0.3333333333333333,2,2,CGCCACACTATCTATGTGCC,0,3689603
tolCp1,0.3333333333333333,2,2,CGCATGGTCACCCTACATGT,0,3709830
tolCp1,0.3333333333333333,2,2,CGCATCGGTTGTGTGGTTCC,0,3684978
tolCp1,0.3333333333333333,2,2,CGCAGGTAGATGTAATGTGA,0,3687773
tolCp1,0.3333333333333333,2,2,CGCAGGAGCTGGCTCGATGG,0,3664409
tolCp1,0.3333333333333333,2,2,CGCACTCGATGGGTGGCATG,0,3681124
tolCp1,0.3333333333333333,2,2,CGCACTAGCACCGCCCCGGG,0,3672232
tolCp1,0.3333333333333333,2,2,CGCACGACGGAGCTTTTGTC,0,3670648
tolCp1,0.3333333333333333,2,2,CGCACCAGAGTAGCGGGGAA,0,3695707
tolCp1,0.3333333333333333,2,2,CGCAATCGTAAGTAAATAAG,0,3678417
tolCp1,0.3333333333333333,2,2,CGCAAGTCCAGGCACTCGTT,0,3662760
tolCp1,0.3333333333333333,2,2,CGCAACTTATTTTAAGGCTT,0,3681973
tolCp1,0.3333333333333333,2,2,CGATTAGGATCCCGTTGAAA,0,3686215
tolCp1,0.3333333333333333,2,2,CGATTACGCCAGATGTCCGT,0,3690543
tolCp1,0.3333333333333333,2,2,CGATATGCTTGCTCGCTCTG,0,3708913
tolCp1,0.3333333333333333,2,2,CGATAGGAGCTCAGGACAAC,0,3690813
tolCp1,0.3333333333333333,2,2,CGATAGCCAGCAGAGTGCTT,0,3688714
tolCp1,0.3333333333333333,2,2,CGATACCACATCCTTTCTAA,0,3712418
tolCp1,0.3333333333333333,2,2,CGAGGTACAGACGATTCATG,0,3715220
tolCp1,0.3333333333333333,2,2,CGAGCTGGACTCTCTCAAAT,0,3681534
tolCp1,0.3333333333333333,2,2,CGACTTCTACCTCCGCCGTG,0,3705603
tolCp1,0.3333333333333333,2,2,CGACCTTGGTCGCCTGCAGA,0,3694939
tolCp1,0.3333333333333333,2,2,CGACCTAACGTGAGCATCGG,0,3679578
tolCp1,0.3333333333333333,2,2,CGAATCGGAGTCGTATGAGG,0,3683980
tolCp1,0.3333333333333333,2,2,CGAATACGGGGGAGGTGCAT,0,3709986
tolCp1,0.3333333333333333,2,2,CGAAGCGAACTTCAATAAGA,0,3692190
tolCp1,0.3333333333333333,2,2,CGAACTACAACCAAGAATAT,0,3713745
tolCp1,0.3333333333333333,2,2,CGAACACGTAGTAGCGGATT,0,3676979
tolCp1,0.3333333333333333,2,2,CCTTCCGCCCAGCAAGCACG,0,3705531
tolCp1,0.3333333333333333,2,2,CCTTCCAAAGTCTAGCGACT,0,3685470
tolCp1,0.3333333333333333,2,2,CCTGTACTAACATCGTACAG,0,3700274
tolCp1,0.3333333333333333,2,2,CCTGCCATTAAGATCAGCTA,0,3697585
tolCp1,0.3333333333333333,2,2,CCTGAACGGTTAGTTCGCGG,0,3705530
tolCp1,0.3333333333333333,2,2,CCTCTTCGGTAGGTACTAAG,0,3682893
tolCp1,0.3333333333333333,2,2,CCTCTGTTTGAGTTTAGAGT,0,3673763
tolCp1,0.3333333333333333,2,2,CCTCTGTAGCCAACCACCTA,0,3712774
tolCp1,0.3333333333333333,2,2,CCTCTCTGAACAGAATGTTG,0,3692089
tolCp1,0.3333333333333333,2,2,CCTCTCGACTGGGTCGTAAT,0,3696831
tolCp1,0.3333333333333333,2,2,CCTCGGTTATGTGTCTATAA,0,3711742
tolCp1,0.3333333333333333,2,2,CCTCGATAACAGAAGCCCAA,0,3714611
tolCp1,0.3333333333333333,2,2,CCTCGAGACGTCCACTTTTC,0,3710455
tolCp1,0.3333333333333333,2,2,CCTCACTTATAGGTGTTTGT,0,3681408
tolCp1,0.3333333333333333,2,2,CCTATTCTTACTATAGGTTA,0,3700380
tolCp1,0.3333333333333333,2,2,CCTATCTGGAATCCCCCGTC,0,3689918
tolCp1,0.3333333333333333,2,2,CCTATCTATACCGCTGACTT,0,3682948
tolCp1,0.3333333333333333,2,2,CCTAGCCTCTGGTGGTACAG,0,3686419
tolCp1,0.3333333333333333,2,2,CCTAGCCGGAAGCGCGCAGT,0,3677241
tolCp1,0.3333333333333333,2,2,CCTAGACCCATTTTGCGGGT,0,3705554
tolCp1,0.3333333333333333,2,2,CCTACAGTGATGGGCGTCGG,0,3675279
tolCp1,0.3333333333333333,2,2,CCTACAGTCCAGGCGGGAAA,0,3685437
tolCp1,0.3333333333333333,2,2,CCTAACTTATACCGTCAAGT,0,3696549
tolCp1,0.3333333333333333,2,2,CCGTTGGAGACTGTCAAGGC,0,3704395
tolCp1,0.3333333333333333,2,2,CCGTCTTTTTCCGGTCCGTC,0,3689875
tolCp1,0.3333333333333333,2,2,CCGTAGGATTGAAAAGCATC,0,3661189
tolCp1,0.3333333333333333,2,2,CCGGGTACATATACTTTCAT,0,3693081
tolCp1,0.3333333333333333,2,2,CCGGAGCTGCAGTAATGAGT,0,3689157
tolCp1,0.3333333333333333,2,2,CCGCTTGACCGTTCAGAAAA,0,3687283
tolCp1,0.3333333333333333,2,2,CCGCTCCCATAAATACCTCT,0,3661916
tolCp1,0.3333333333333333,2,2,CCGCGTCCGCGACCTAATGC,0,3679471
tolCp1,0.3333333333333333,2,2,CCGCGACTTGCGGAGTGCCC,0,3680211
tolCp1,0.3333333333333333,2,2,CCGCCCCCGAGGGCTCGCAG,0,3661689
tolCp1,0.3333333333333333,2,2,CCGCATTCATCCAGCGAGGT,0,3671657
tolCp1,0.3333333333333333,2,2,CCGATTGAACAGCTCTGCTT,0,3680529
tolCp1,0.3333333333333333,2,2,CCGATCGTTAGGCGTCAGGT,0,3666426
tolCp1,0.3333333333333333,2,2,CCGAGGGAATATCAGCAACA,0,3671963
tolCp1,0.3333333333333333,2,2,CCGAGCACAGGACGGATCTG,0,3664350
tolCp1,0.3333333333333333,2,2,CCGACGCGTACAATTCACCA,0,3689710
tolCp1,0.3333333333333333,2,2,CCGACACCCAATCCAAACGT,0,3708075
tolCp1,0.3333333333333333,2,2,CCGAACGCATAGCCACGTAT,0,3715278
tolCp1,0.3333333333333333,2,2,CCGAAATTTCCAGCCTGGAG,0,3683223
tolCp1,0.3333333333333333,2,2,CCGAAAGTTGAATGAACGGA,0,3675000
tolCp1,0.3333333333333333,2,2,CCCTCGAAACGCCGCCGTGA,0,3680250
tolCp1,0.3333333333333333,2,2,CCCTAACTTCCCGGCCTTGG,0,3689930
tolCp1,0.3333333333333333,2,2,CCCGTCATATAGCGGGCGAG,0,3706469
tolCp1,0.3333333333333333,2,2,CCCGATCCGTGACCCTAAGC,0,3669727
tolCp1,0.3333333333333333,2,2,CCCCGTCTCGGCTTTATTCG,0,3699603
tolCp1,0.3333333333333333,2,2,CCCCCGTATTTACGGATTAG,0,3668625
tolCp1,0.3333333333333333,2,2,CCCCCACGCTATGGAGGGAA,0,3708873
tolCp1,0.3333333333333333,2,2,CCCCCACCCCTCTAGCGAAT,0,3676577
tolCp1,0.3333333333333333,2,2,CCCAGCGTGGGTCTTCGGAC,0,3705795
tolCp1,0.3333333333333333,2,2,CCCAGCGAACGTCATGCTGT,0,3686209
tolCp1,0.3333333333333333,2,2,CCCAATTGCTTAAACGTCCG,0,3663707
tolCp1,0.3333333333333333,2,2,CCCAAGAGAGTTCTGCGCGG,0,3670476
tolCp1,0.3333333333333333,2,2,CCCAAAACACCTCGGGTTGC,0,3681577
tolCp1,0.3333333333333333,2,2,CCATGCGGCTTCCATATCAA,0,3678269
tolCp1,0.3333333333333333,2,2,CCATGACGGTTTGTTTCTGT,0,3692442
tolCp1,0.3333333333333333,2,2,CCAGTCCCCTGCTTCAAATT,0,3691731
tolCp1,0.3333333333333333,2,2,CCAGCAAGTGTTTGACAGCC,0,3686514
tolCp1,0.3333333333333333,2,2,CCAGAATACGAGTAGGCGGT,0,3674751
tolCp1,0.3333333333333333,2,2,CCACTGCATGGTACGTTAAT,0,3683781
tolCp1,0.3333333333333333,2,2,CCACTCGAACGGCAACAGTG,0,3661149
tolCp1,0.3333333333333333,2,2,CCACCTGGGGTAGTGACGGA,0,3677170
tolCp1,0.3333333333333333,2,2,CCACCGCACACACTCTGCAT,0,3688160
tolCp1,0.3333333333333333,2,2,CCACATCGGCCGAACGAACG,0,3687580
tolCp1,0.3333333333333333,2,2,CCAATGGTAAGGTTCCGCTT,0,3692596
tolCp1,0.3333333333333333,2,2,CCAATAGGAAGTTGGGTAAG,0,3666269
tolCp1,0.3333333333333333,2,2,CCAAGATCAAGTAAATCCGA,0,3689653
tolCp1,0.3333333333333333,2,2,CCAAATGTTGGAGTTCTCGC,0,3705055
tolCp1,0.3333333333333333,2,2,CCAAACCACCCTAGCACGTT,0,3674766
tolCp1,0.3333333333333333,2,2,CATTTCGGAACATCGTATTT,0,3685612
tolCp1,0.3333333333333333,2,2,CATTGGGTAACTCGCTGTAT,0,3701840
tolCp1,0.3333333333333333,2,2,CATTGCTCCGTGTGAGGAAG,0,3664949
tolCp1,0.3333333333333333,2,2,CATTGAAGAGCAGTACGGAG,0,3684034
tolCp1,0.3333333333333333,2,2,CATTCTTCAGCATAACCTAC,0,3678350
tolCp1,0.3333333333333333,2,2,CATTAGGCTCGGCACTAGGA,0,3668214
tolCp1,0.3333333333333333,2,2,CATTAGCTCTTGACGATCGC,0,3669319
tolCp1,0.3333333333333333,2,2,CATTACGGAGCGTTTACCAG,0,3693514
tolCp1,0.3333333333333333,2,2,CATTACAGATCGGCAGCCCA,0,3664571
tolCp1,0.3333333333333333,2,2,CATGTGCATACCCTAGCGGA,0,3692157
tolCp1,0.3333333333333333,2,2,CATGTACCTTCACTTGCTCA,0,3663499
tolCp1,0.3333333333333333,2,2,CATGGGGGGTGGCATTTAGG,0,3704099
tolCp1,0.3333333333333333,2,2,CATGGGACCAACTAGCCCAG,0,3685152
tolCp1,0.3333333333333333,2,2,CATGGCCACGTTATGCTCGA,0,3707116
tolCp1,0.3333333333333333,2,2,CATGGATACGATGCCTGGTT,0,3664110
tolCp1,0.3333333333333333,2,2,CATGCATACACCTGAGGCGA,0,3661902
tolCp1,0.3333333333333333,2,2,CATCGTGTAGAGGTACGAAG,0,3696579
tolCp1,0.3333333333333333,2,2,CATCGGGGTACGCCGTGGTA,0,3682065
tolCp1,0.3333333333333333,2,2,CATCGGACACAGACCGAAAT,0,3670317
tolCp1,0.3333333333333333,2,2,CATCCAATAGTGTCAAGTTC,0,3710845
tolCp1,0.3333333333333333,2,2,CATCAGTGCACTGTCATTGG,0,3705941
tolCp1,0.3333333333333333,2,2,CATCAGCCCCAGGTTTACTA,0,3685449
tolCp1,0.3333333333333333,2,2,CATATCATTCTACAGGTACA,0,3685352
tolCp1,0.3333333333333333,2,2,CATAGGTCTGTCCTTAGGTC,0,3672058
tolCp1,0.3333333333333333,2,2,CATAGGACATGGTGTTGCAT,0,3693756
tolCp1,0.3333333333333333,2,2,CATAGCTGTTGAGTCACCCG,0,3707920
tolCp1,0.3333333333333333,2,2,CATAGCCTACCAGCCTAAGA,0,3701135
tolCp1,0.3333333333333333,2,2,CATAGAGCAATTAGTATTCA,0,3661142
tolCp1,0.3333333333333333,2,2,CATACCGTGCGTGAGCGATA,0,3668546
tolCp1,0.3333333333333333,2,2,CATAAGGAGGCTTCACTGAT,0,3709378
tolCp1,0.3333333333333333,2,2,CAGTTGTCGGTACGCCTAGA,0,3665057
tolCp1,0.3333333333333333,2,2,CAGTGCTCTTCGGTCGCTAG,0,3709397
tolCp1,0.3333333333333333,2,2,CAGTGAAGATGCGGCGATCA,0,3687410
tolCp1,0.3333333333333333,2,2,CAGTCTCAAATTTATGAAAC,0,3673658
tolCp1,0.3333333333333333,2,2,CAGTCGAAGGAGAGGGAATG,0,3664974
tolCp1,0.3333333333333333,2,2,CAGGGTGAAATAAGTGCAAC,0,3664560
tolCp1,0.3333333333333333,2,2,CAGGGGGTTCATCTAAGTAT,0,3683175
tolCp1,0.3333333333333333,2,2,CAGGGCCGGGATCAGCGCCT,0,3710811
tolCp1,0.3333333333333333,2,2,CAGGGAGCAAGTCTTTTCGG,0,3662751
tolCp1,0.3333333333333333,2,2,CAGGCATAGGTAACTCAGTC,0,3708783
tolCp1,0.3333333333333333,2,2,CAGGATTTACCAAATAAGCC,0,3687390
tolCp1,0.3333333333333333,2,2,CAGGACTTAGTAGTCGTCTC,0,3663437
tolCp1,0.3333333333333333,2,2,CAGGACTCGTCAGCGGAAGC,0,3673482
tolCp1,0.3333333333333333,2,2,CAGGAAAGCAATAGCTTACT,0,3687528
tolCp1,0.3333333333333333,2,2,CAGCGTCCGATATAGCTCAT,0,3691520
tolCp1,0.3333333333333333,2,2,CAGCGAATACAGAAGCAGAA,0,3686073
tolCp1,0.3333333333333333,2,2,CAGCCATGTGTCCTTTTACC,0,3677956
tolCp1,0.3333333333333333,2,2,CAGCAGATACGGCTCGACGT,0,3666628
tolCp1,0.3333333333333333,2,2,CAGATGAGCAAAAACGTCCA,0,3707565
tolCp1,0.3333333333333333,2,2,CAGAGGCTCACTTGGTGGTT,0,3689561
tolCp1,0.3333333333333333,2,2,CAGAGAAGGTTTAACGCCTT,0,3695782
tolCp1,0.3333333333333333,2,2,CAGACTATGTCAGTAATCCA,0,3699184
tolCp1,0.3333333333333333,2,2,CACTTCGAGCGATATATGGT,0,3680556
tolCp1,0.3333333333333333,2,2,CACTTAGCCATTCCTTTACT,0,3670519
tolCp1,0.3333333333333333,2,2,CACTGTGAGCCAGTGTTCTT,0,3684339
tolCp1,0.3333333333333333,2,2,CACGTGTTGAGATGCCTCAT,0,3710762
tolCp1,0.3333333333333333,2,2,CACGGTGCATCGCGGGAGCG,0,3672501
tolCp1,0.3333333333333333,2,2,CACGCTAAGTTGGAGTTCGG,0,3669660
tolCp1,0.3333333333333333,2,2,CACGATTCAAGCTGCTCTCC,0,3673309
tolCp1,0.3333333333333333,2,2,CACGAGCACGCCCTTCATGA,0,3666592
tolCp1,0.3333333333333333,2,2,CACGAAGCCGGCACGCCTGC,0,3675968
tolCp1,0.3333333333333333,2,2,CACCGTGGGCATAGTTATAG,0,3681061
tolCp1,0.3333333333333333,2,2,CACCGGCAGCACACATACTA,0,3698133
tolCp1,0.3333333333333333,2,2,CACAGTAAGAGGCAATATCT,0,3690005
tolCp1,0.3333333333333333,2,2,CACAGCGAACGGTGCCCATA,0,3714873
tolCp1,0.3333333333333333,2,2,CACACGTTCCGGCAATCAGT,0,3667810
tolCp1,0.3333333333333333,2,2,CACACGGCGCCGCTGACACT,0,3711176
tolCp1,0.3333333333333333,2,2,CACACACACACCCGTGGTTC,0,3709461
tolCp1,0.3333333333333333,2,2,CAATTGCGCGGAACAACCGA,0,3713423
tolCp1,0.3333333333333333,2,2,CAATTCAGTGACTCGCGAAC,0,3706671
tolCp1,0.3333333333333333,2,2,CAATTATAGGAAGCAGGCCA,0,3662937
tolCp1,0.3333333333333333,2,2,CAATGGGGCTTTTACGATGT,0,3682890
tolCp1,0.3333333333333333,2,2,CAATGCTGGTTTAGGTCTTC,0,3708474
tolCp1,0.3333333333333333,2,2,CAATAGATTAGGTGGTATAT,0,3680274
tolCp1,0.3333333333333333,2,2,CAAGTACCAGGACATGACAG,0,3704683
tolCp1,0.3333333333333333,2,2,CAAGGTGGAGTGGGGACACG,0,3670216
tolCp1,0.3333333333333333,2,2,CAAGGGTGCAAGGTTGTATG,0,3686477
tolCp1,0.3333333333333333,2,2,CAAGGGGGCCGAAGATAGAT,0,3696883
tolCp1,0.3333333333333333,2,2,CAAGCGCGGCGACGTATCGG,0,3690207
tolCp1,0.3333333333333333,2,2,CAAGCATATCGGGGCTGCAC,0,3684803
tolCp1,0.3333333333333333,2,2,CAACTGCGTGTCTTTCCTCG,0,3694804
tolCp1,0.3333333333333333,2,2,CAACGTTGTCATTTGTCATA,0,3713735
tolCp1,0.3333333333333333,2,2,CAACGCTGAAGACGACGAAG,0,3668033
tolCp1,0.3333333333333333,2,2,CAACGCCTCTAGTGTAACTT,0,3708544
tolCp1,0.3333333333333333,2,2,CAACCGGGTAGTATTCCTCA,0,3702802
tolCp1,0.3333333333333333,2,2,CAACCCACCCCAGGGCTCGA,0,3695527
tolCp1,0.3333333333333333,2,2,CAAAGTTCCGGCGTTAGAAA,0,3710851
tolCp1,0.3333333333333333,2,2,CAAAGGTTCACGTCTGTAGG,0,3703325
tolCp1,0.3333333333333333,2,2,CAAAGAGCGGGGACGTGTAT,0,3691966
tolCp1,0.3333333333333333,2,2,CAAAACGACAGTGTCACGGG,0,3714770
tolCp1,0.3333333333333333,2,2,ATTTTTCCTTGGTACGGTAG,0,3671513
tolCp1,0.3333333333333333,2,2,ATTTTGTTGTCACGTCTACG,0,3712106
tolCp1,0.3333333333333333,2,2,ATTTGTGCGGGTTGGCGGAT,0,3671976
tolCp1,0.3333333333333333,2,2,ATTTGTATGACTCATTATGC,0,3711818
tolCp1,0.3333333333333333,2,2,ATTTCGGCTGATGCCGTAGC,0,3708922
tolCp1,0.3333333333333333,2,2,ATTTCAGTTAGACGAGTATT,0,3667560
tolCp1,0.3333333333333333,2,2,ATTTACGTATCAACCCAGTA,0,3703414
tolCp1,0.3333333333333333,2,2,ATTTACCCAGAGGTTCGGAA,0,3665887
tolCp1,0.3333333333333333,2,2,ATTGGTATGGGCGCGACCGA,0,3709648
tolCp1,0.3333333333333333,2,2,ATTGGAAACTCTGGTCGGGG,0,3695337
tolCp1,0.3333333333333333,2,2,ATTGCAAGGGAATCTTCCGT,0,3663838
tolCp1,0.3333333333333333,2,2,ATTCTCACGTCCAGGGGGTG,0,3706406
tolCp1,0.3333333333333333,2,2,ATTCGGTTAGAACGAGGTCG,0,3670042
tolCp1,0.3333333333333333,2,2,ATTCGGCGGAATGTTGGGTC,0,3708910
tolCp1,0.3333333333333333,2,2,ATTCCGGATGTTTTATGTTT,0,3668193
tolCp1,0.3333333333333333,2,2,ATTATTTGCAAGAAATACGC,0,3710761
tolCp1,0.3333333333333333,2,2,ATTATGGGGTACGAAGGAAG,0,3698218
tolCp1,0.3333333333333333,2,2,ATTATCGCAAGGTTGCATGA,0,3670012
tolCp1,0.3333333333333333,2,2,ATTATAGAGTGAGGGGTGCA,0,3706407
tolCp1,0.3333333333333333,2,2,ATTAGAAAGACTCTTCGGCA,0,3693007
tolCp1,0.3333333333333333,2,2,ATTACTCGGCGAAGGGATTC,0,3686526
tolCp1,0.3333333333333333,2,2,ATTACGAGCACCCGTTGCCA,0,3692945
tolCp1,0.3333333333333333,2,2,ATTACATTAAACCCATTCAT,0,3696964
tolCp1,0.3333333333333333,2,2,ATTAAAACAGTCTTAAGCAT,0,3697499
tolCp1,0.3333333333333333,2,2,ATGTGTGGCGTTTTAGCTCA,0,3704361
tolCp1,0.3333333333333333,2,2,ATGTGCGGGGTATTCGAATT,0,3661662
tolCp1,0.3333333333333333,2,2,ATGTCGATCACAAACTCTCC,0,3669205
tolCp1,0.3333333333333333,2,2,ATGTACTAGGACGCGATTGA,0,3715087
tolCp1,0.3333333333333333,2,2,ATGGTGTGCTTCACCGATTT,0,3710339
tolCp1,0.3333333333333333,2,2,ATGGTCACGCGATTATGGGT,0,3697267
tolCp1,0.3333333333333333,2,2,ATGGTAAATGACTTGAAGCA,0,3671450
tolCp1,0.3333333333333333,2,2,ATGGGATCAGTAGAGCGACG,0,3695744
tolCp1,0.3333333333333333,2,2,ATGGACCTTAGCTATAAAGT,0,3682582
tolCp1,0.3333333333333333,2,2,ATGCCCGATAAAGTATCAAG,0,3708512
tolCp1,0.3333333333333333,2,2,ATGCCAATATGGTGATAGTG,0,3682992
tolCp1,0.3333333333333333,2,2,ATGCACAGAGACGCTATTCA,0,3674222
tolCp1,0.3333333333333333,2,2,ATGAGCCTAGCCTGGATGCT,0,3701713
tolCp1,0.3333333333333333,2,2,ATGAGAAAATTCGATTACCA,0,3712740
tolCp1,0.3333333333333333,2,2,ATGACCGAACCTAAGTGCGA,0,3715543
tolCp1,0.3333333333333333,2,2,ATGACAGGGGGTGTCTTATC,0,3713372
tolCp1,0.3333333333333333,2,2,ATGAACCGTCTTAAGTTTTA,0,3692205
tolCp1,0.3333333333333333,2,2,ATCTGGGGAACAGTCAAGGT,0,3680722
tolCp1,0.3333333333333333,2,2,ATCTCGCGCCGACGTTAGGT,0,3665609
tolCp1,0.3333333333333333,2,2,ATCTATGTCTCTCCGATCAA,0,3698991
tolCp1,0.3333333333333333,2,2,ATCTAGGGCTCGGTACGGTC,0,3684898
tolCp1,0.3333333333333333,2,2,ATCTACACAGCCTTCTTGAC,0,3709525
tolCp1,0.3333333333333333,2,2,ATCGTTATAGGAAGAGAGGT,0,3703754
tolCp1,0.3333333333333333,2,2,ATCGTCGTTCGTCTTCTGCA,0,3686144
tolCp1,0.3333333333333333,2,2,ATCGGGGAAAAGTAGTGTCC,0,3664287
tolCp1,0.3333333333333333,2,2,ATCGGACTTTACTGATTGGT,0,3662048
tolCp1,0.3333333333333333,2,2,ATCGCAGGGGAACCTCTGAG,0,3705957
tolCp1,0.3333333333333333,2,2,ATCGAATGATCGGACCTAAC,0,3668460
tolCp1,0.3333333333333333,2,2,ATCCGGACTGCCTTCTGTCC,0,3698744
tolCp1,0.3333333333333333,2,2,ATCCCGGCGGATTTCTCGCG,0,3685781
tolCp1,0.3333333333333333,2,2,ATCCCCCTTGATGAACGTGT,0,3670517
tolCp1,0.3333333333333333,2,2,ATCCCAGGCCTCTACCCATG,0,3679357
tolCp1,0.3333333333333333,2,2,ATCATGTATGCCACGATATC,0,3696854
tolCp1,0.3333333333333333,2,2,ATCATGGCAGGCGACCCATC,0,3679810
tolCp1,0.3333333333333333,2,2,ATCAGAGTGCACCAAAGGTA,0,3697925
tolCp1,0.3333333333333333,2,2,ATATTCTCCTTACGGGCGGT,0,3695437
tolCp1,0.3333333333333333,2,2,ATATTCCTTCGGTCACCTCT,0,3696798
tolCp1,0.3333333333333333,2,2,ATATGGCTATACTACTCCTG,0,3679487
tolCp1,0.3333333333333333,2,2,ATATGCTGGACACATAGTGC,0,3715268
tolCp1,0.3333333333333333,2,2,ATATGAGTCGCACGGGCGGT,0,3688006
tolCp1,0.3333333333333333,2,2,ATAGTCACCGGATTATTAGG,0,3684774
tolCp1,0.3333333333333333,2,2,ATAGGTGATGAGGTGTTGCA,0,3675986
tolCp1,0.3333333333333333,2,2,ATAGGATGGAACGTCTATCA,0,3703184
tolCp1,0.3333333333333333,2,2,ATAGATCACCTTAATGTTTC,0,3667919
tolCp1,0.3333333333333333,2,2,ATAGAGCCTGCGTAACGTCT,0,3708305
tolCp1,0.3333333333333333,2,2,ATAGACGGGTTATTCAACAA,0,3686265
tolCp1,0.3333333333333333,2,2,ATACGTAGTCCATGCGGTAC,0,3663601
tolCp1,0.3333333333333333,2,2,ATACGACGCCCCGACACTTA,0,3664627
tolCp1,0.3333333333333333,2,2,ATAATATTACTATTACTCCC,0,3671256
tolCp1,0.3333333333333333,2,2,ATAACCCCAAGATGGTATCC,0,3696768
tolCp1,0.3333333333333333,2,2,ATAACAGCTATAAGTTATGA,0,3665047
tolCp1,0.3333333333333333,2,2,ATAAACGAGCCTCACGGGGG,0,3672899
tolCp1,0.3333333333333333,2,2,AGTTTACATCGCCGGCGGTA,0,3675813
tolCp1,0.3333333333333333,2,2,AGTTCTCAGCCACTGCGAGA,0,3673937
tolCp1,0.3333333333333333,2,2,AGTTCTCAGATATGTATCCT,0,3672419
tolCp1,0.3333333333333333,2,2,AGTTCGGACTTCTCTGTCTA,0,3677058
tolCp1,0.3333333333333333,2,2,AGTTCCTATCTAATGATCTG,0,3695583
tolCp1,0.3333333333333333,2,2,AGTTAGTACCCGGGTTTATA,0,3671149
tolCp1,0.3333333333333333,2,2,AGTGTCTTCCTTCGACGCCT,0,3684082
tolCp1,0.3333333333333333,2,2,AGTGCCGAGTATCCGCATAT,0,3715039
tolCp1,0.3333333333333333,2,2,AGTGAGTCTTCAGGATTGTG,0,3671932
tolCp1,0.3333333333333333,2,2,AGTGAGCTTGGCTAATGGCC,0,3664165
tolCp1,0.3333333333333333,2,2,AGTGACTCCGTATATCAAGC,0,3698774
tolCp1,0.3333333333333333,2,2,AGTCCGAAAACTTGAATGTG,0,3697185
tolCp1,0.3333333333333333,2,2,AGTCCCTATATATCCAATAG,0,3693695
tolCp1,0.3333333333333333,2,2,AGTCCCGACACAGGCCCTTC,0,3661426
tolCp1,0.3333333333333333,2,2,AGTCACAGTAAATGTTTTAG,0,3698912
tolCp1,0.3333333333333333,2,2,AGTATGACTAGATGGCATGG,0,3693502
tolCp1,0.3333333333333333,2,2,AGTAGGTCGGGCGTACGGGA,0,3691864
tolCp1,0.3333333333333333,2,2,AGTAGGACCCGGAACGTTTT,0,3707512
tolCp1,0.3333333333333333,2,2,AGTACAGTGGGGGATAGATA,0,3693867
tolCp1,0.3333333333333333,2,2,AGGTGTCCCTTACTGCCTAA,0,3712785
tolCp1,0.3333333333333333,2,2,AGGTACGGTCTTGGGTCAAC,0,3678984
tolCp1,0.3333333333333333,2,2,AGGTACCTGCCCCACCGGCT,0,3680559
tolCp1,0.3333333333333333,2,2,AGGGTTTTACGCCCGAAGAG,0,3673108
tolCp1,0.3333333333333333,2,2,AGGGTCTATCAGATGGACTG,0,3663720
tolCp1,0.3333333333333333,2,2,AGGGGCACGGGCGGTAAGGG,0,3695042
tolCp1,0.3333333333333333,2,2,AGGGGACTTACGCCTAGAAA,0,3711707
tolCp1,0.3333333333333333,2,2,AGGGAAAAACTCAGTCTTCG,0,3713947
tolCp1,0.3333333333333333,2,2,AGGCTTCATGAGTTGGTGCA,0,3691364
tolCp1,0.3333333333333333,2,2,AGGCTAACGTTCTCTGTTCT,0,3700743
tolCp1,0.3333333333333333,2,2,AGGCGCGCTCTGCTATTGCA,0,3674498
tolCp1,0.3333333333333333,2,2,AGGCAGGGATGCCAACTATA,0,3671137
tolCp1,0.3333333333333333,2,2,AGGCAAGCCGTCTTACAGAC,0,3662522
tolCp1,0.3333333333333333,2,2,AGGATTTTAGTCTGGCACCA,0,3661948
tolCp1,0.3333333333333333,2,2,AGGACCGCAATATTTCCTGG,0,3666760
tolCp1,0.3333333333333333,2,2,AGCTGCGACATCTACAATAT,0,3713092
tolCp1,0.3333333333333333,2,2,AGCTGCGACACCCCTTGCCC,0,3707464
tolCp1,0.3333333333333333,2,2,AGCTATGAGCTTTGACTGGT,0,3673312
tolCp1,0.3333333333333333,2,2,AGCTAAGGTGTCTTTATTTA,0,3667925
tolCp1,0.3333333333333333,2,2,AGCGGTCCTTCAGAGTAGCT,0,3708623
tolCp1,0.3333333333333333,2,2,AGCGCACGTCTTATGCAGCT,0,3699605
tolCp1,0.3333333333333333,2,2,AGCCTTAAGCCGTCACCGTG,0,3696772
tolCp1,0.3333333333333333,2,2,AGCCCTCCTGGCGTACACGA,0,3703042
tolCp1,0.3333333333333333,2,2,AGCCAGATGTGTTAATCGTG,0,3677553
tolCp1,0.3333333333333333,2,2,AGCACCTCTCTGCAGTTGGT,0,3706254
tolCp1,0.3333333333333333,2,2,AGCAACCTGACCAGGTTTAC,0,3690158
tolCp1,0.3333333333333333,2,2,AGATTTTTTCGGGGTGGAGC,0,3703923
tolCp1,0.3333333333333333,2,2,AGATTTTGGGGAAAAAGAAG,0,3680326
tolCp1,0.3333333333333333,2,2,AGATTGTGATGAGTTATCCC,0,3698278
tolCp1,0.3333333333333333,2,2,AGATGTAAGAGATAACGTAT,0,3708024
tolCp1,0.3333333333333333,2,2,AGATGCTCCGAAGACGGCGT,0,3688373
tolCp1,0.3333333333333333,2,2,AGATCCTTCTATATGCTCGA,0,3706241
tolCp1,0.3333333333333333,2,2,AGATCCTTCGCCACCGGTTG,0,3706452
tolCp1,0.3333333333333333,2,2,AGAGTTGAGTACAACCACTG,0,3710376
tolCp1,0.3333333333333333,2,2,AGAGTAGGTACCAAGTTTGA,0,3694916
tolCp1,0.3333333333333333,2,2,AGAGGTTCAAGTCAGTGGAA,0,3685801
tolCp1,0.3333333333333333,2,2,AGAGGCTACACAGTCTTTAC,0,3698522
tolCp1,0.3333333333333333,2,2,AGACTATGTTCGGCGGAATC,0,3688578
tolCp1,0.3333333333333333,2,2,AGACATGCCTATGCTCGCTA,0,3664765
tolCp1,0.3333333333333333,2,2,AGACACCGTATGTCGCTATT,0,3668287
tolCp1,0.3333333333333333,2,2,AGACACAACGGTTTGCGAAT,0,3700793
tolCp1,0.3333333333333333,2,2,AGACAATCTAGCCACTAATC,0,3714296
tolCp1,0.3333333333333333,2,2,AGAATCGATTGAGCAGGTCA,0,3664889
tolCp1,0.3333333333333333,2,2,AGAAGTCCTCAAAGTGATGT,0,3680552
tolCp1,0.3333333333333333,2,2,AGAAGGACAACACTCGTTAC,0,3673793
tolCp1,0.3333333333333333,2,2,AGAAGATTATCAGTTTGTAA,0,3698918
tolCp1,0.3333333333333333,2,2,ACTTCTTCGGATGACCTGAT,0,3672043
tolCp1,0.3333333333333333,2,2,ACTTCGACGCATCAGCCCTC,0,3693075
tolCp1,0.3333333333333333,2,2,ACTTAGCACGTGAGCAGAGT,0,3693931
tolCp1,0.3333333333333333,2,2,ACTTAATTCTCAGGAATACG,0,3709734
tolCp1,0.3333333333333333,2,2,ACTGTGGACACGTACTTGCA,0,3666874
tolCp1,0.3333333333333333,2,2,ACTGGACTTGGGTCCTAGGA,0,3713159
tolCp1,0.3333333333333333,2,2,ACTCTTTAAGGTCTAACTGT,0,3714156
tolCp1,0.3333333333333333,2,2,ACTCTTAGCAGCTTGATCAG,0,3698052
tolCp1,0.3333333333333333,2,2,ACTCCTATCTGTGATAGATG,0,3691850
tolCp1,0.3333333333333333,2,2,ACTCCTATCGAAGAGGAGCC,0,3664030
tolCp1,0.3333333333333333,2,2,ACTATGTTGCGGTATTTACA,0,3667746
tolCp1,0.3333333333333333,2,2,ACGTTACAGACGTTCCGAGC,0,3684145
tolCp1,0.3333333333333333,2,2,ACGTGTGATACAAAAGCGAT,0,3704095
tolCp1,0.3333333333333333,2,2,ACGTGTCTGTTTAGGCAGGA,0,3671697
tolCp1,0.3333333333333333,2,2,ACGTGAAGACCTGGACTGTG,0,3711346
tolCp1,0.3333333333333333,2,2,ACGTCGGCGCAATCCGTTAG,0,3680447
tolCp1,0.3333333333333333,2,2,ACGTCACGTATATGTATCGA,0,3699161
tolCp1,0.3333333333333333,2,2,ACGGTGAGGATGCGACGGTC,0,3695694
tolCp1,0.3333333333333333,2,2,ACGGACCGGTCCATATTCTA,0,3675355
tolCp1,0.3333333333333333,2,2,ACGGAACGATGCAGGGCGAT,0,3667512
tolCp1,0.3333333333333333,2,2,ACGCGAGAGTTTCGTCGCCA,0,3689391
tolCp1,0.3333333333333333,2,2,ACGCCGCGGGTGGGGAAGGA,0,3699135
tolCp1,0.3333333333333333,2,2,ACGCCCACCTGTTTCTTTGC,0,3665658
tolCp1,0.3333333333333333,2,2,ACGCACGACCCCCCCCAGAT,0,3684192
tolCp1,0.3333333333333333,2,2,ACGAGTGTAGTGCTCACAAA,0,3676020
tolCp1,0.3333333333333333,2,2,ACGAGAGTATGCTACGTACC,0,3705878
tolCp1,0.3333333333333333,2,2,ACGACCGATCCACCGCGGTT,0,3708805
tolCp1,0.3333333333333333,2,2,ACGAAAGCAGTCGAGCTGAT,0,3714524
tolCp1,0.3333333333333333,2,2,ACCTTACTAATTTGCTTCGA,0,3710073
tolCp1,0.3333333333333333,2,2,ACCTCATCGTCCCCAAGACG,0,3696323
tolCp1,0.3333333333333333,2,2,ACCTCAAATATAGGACCCGC,0,3664481
tolCp1,0.3333333333333333,2,2,ACCGTCTACAAAATCTGCTA,0,3715486
tolCp1,0.3333333333333333,2,2,ACCGGTGCTGCGCGAGTACA,0,3691858
tolCp1,0.3333333333333333,2,2,ACCGGAACGCTGTTGGAAAG,0,3672447
tolCp1,0.3333333333333333,2,2,ACCGCGGTGGACGCCTTATG,0,3664981
tolCp1,0.3333333333333333,2,2,ACCGCGCTCTAGGGACTCGC,0,3705486
tolCp1,0.3333333333333333,2,2,ACCGATCCAGATCCTTCTAG,0,3697728
tolCp1,0.3333333333333333,2,2,ACCGACTCGTCATACAGCAA,0,3697732
tolCp1,0.3333333333333333,2,2,ACCCTAATCCTAGACTATGT,0,3690227
tolCp1,0.3333333333333333,2,2,ACCCGTCCGAATGCGGGTCG,0,3665769
tolCp1,0.3333333333333333,2,2,ACCCCTCTCAAATTGCATTG,0,3690646
tolCp1,0.3333333333333333,2,2,ACCATGGCTCATTGACCGGG,0,3695257
tolCp1,0.3333333333333333,2,2,ACCATGCGGAATACGTCCGT,0,3704684
tolCp1,0.3333333333333333,2,2,ACCATGAGGGGGCACTGTTA,0,3662494
tolCp1,0.3333333333333333,2,2,ACCAATACGACGGGTTTCGA,0,3711137
tolCp1,0.3333333333333333,2,2,ACCAAGGGGAAGACCTGCCA,0,3675883
tolCp1,0.3333333333333333,2,2,ACCAACCTTGAGGACGGAAC,0,3685021
tolCp1,0.3333333333333333,2,2,ACATTCAGTATCTATGCTCC,0,3667121
tolCp1,0.3333333333333333,2,2,ACATCTGAAACTACGTGTCG,0,3707341
tolCp1,0.3333333333333333,2,2,ACATCTCGAGCATTGTTTAT,0,3665041
tolCp1,0.3333333333333333,2,2,ACATAATTGGCGGGAACCAT,0,3681200
tolCp1,0.3333333333333333,2,2,ACAGTATTCCCGTCACGCCA,0,3669929
tolCp1,0.3333333333333333,2,2,ACAGTACCAGTCTGCAGAAG,0,3714184
tolCp1,0.3333333333333333,2,2,ACAGGAAGTAAAGGACTGGA,0,3690608
tolCp1,0.3333333333333333,2,2,ACAGCCGTCGGCGTAGTTCA,0,3671929
tolCp1,0.3333333333333333,2,2,ACAGCCCATATTACCAAAAC,0,3688029
tolCp1,0.3333333333333333,2,2,ACAGAAATAGTGAGATCGAC,0,3712301
tolCp1,0.3333333333333333,2,2,ACACTACGGTAACCGCTGGA,0,3695982
tolCp1,0.3333333333333333,2,2,ACACCCCTGGGAACTTCGTT,0,3701898
tolCp1,0.3333333333333333,2,2,ACACCAAGTTTATGGGGAGG,0,3664856
tolCp1,0.3333333333333333,2,2,ACACATTTCAGTGCTCGGGG,0,3664996
tolCp1,0.3333333333333333,2,2,ACAATCAACCGTTAACACAA,0,3672949
tolCp1,0.3333333333333333,2,2,ACAAGTGTCTCATGCCCATA,0,3664934
tolCp1,0.3333333333333333,2,2,ACAAGGACATGATGAGGCGG,0,3711858
tolCp1,0.3333333333333333,2,2,AATTTATGTCTAATTCCTTA,0,3701671
tolCp1,0.3333333333333333,2,2,AATTTAACTTTTCGAAAAGA,0,3690769
tolCp1,0.3333333333333333,2,2,AATTGCTCGGTTGCGCTATT,0,3686471
tolCp1,0.3333333333333333,2,2,AATTGCGAATGTGTAATATT,0,3698627
tolCp1,0.3333333333333333,2,2,AATTGCAACGGTGCGGGGAG,0,3695924
tolCp1,0.3333333333333333,2,2,AATTCGTTGAGAATCCCAGG,0,3686392
tolCp1,0.3333333333333333,2,2,AATTCGCAACTTAAACAGGA,0,3701580
tolCp1,0.3333333333333333,2,2,AATTAAGCCCTAGTGCCGCT,0,3692705
tolCp1,0.3333333333333333,2,2,AATGTTTAAACTCTAGTCAG,0,3714403
tolCp1,0.3333333333333333,2,2,AATGTGGTGGACGTGTCGGT,0,3693512
tolCp1,0.3333333333333333,2,2,AATGTCTAATGGATGGTGGA,0,3702426
tolCp1,0.3333333333333333,2,2,AATGGTATCATGCCGTGTGG,0,3681720
tolCp1,0.3333333333333333,2,2,AATGGGAAGTTACAACTCCA,0,3705407
tolCp1,0.3333333333333333,2,2,AATGGCGCCCCACGCAAAGG,0,3669830
tolCp1,0.3333333333333333,2,2,AATGGATCAGGAATAACGCT,0,3696597
tolCp1,0.3333333333333333,2,2,AATGCTACCGCTTACGCCAG,0,3691774
tolCp1,0.3333333333333333,2,2,AATGCGAAGGGTTAGAGGAT,0,3667619
tolCp1,0.3333333333333333,2,2,AATGCCTCAATCGAGATATT,0,3705525
tolCp1,0.3333333333333333,2,2,AATGCACCGCTCGGAGTAAA,0,3684871
tolCp1,0.3333333333333333,2,2,AATGACATGCTAAGACTTCT,0,3676948
tolCp1,0.3333333333333333,2,2,AATCTGGCTGTCTGCCATGG,0,3684294
tolCp1,0.3333333333333333,2,2,AATCGATGCTCGACCATTGT,0,3670506
tolCp1,0.3333333333333333,2,2,AATCCGGACTCTTCTCTGTA,0,3687938
tolCp1,0.3333333333333333,2,2,AATCAGGTGATGTTAGTTTT,0,3713534
tolCp1,0.3333333333333333,2,2,AATAGTATTTAGTTCGGACT,0,3707834
tolCp1,0.3333333333333333,2,2,AATAGCCCGATCCTCACTTG,0,3709840
tolCp1,0.3333333333333333,2,2,AATAACCGGTTTTTTTCTAC,0,3711444
tolCp1,0.3333333333333333,2,2,AAGTGTATAAGGAGAGAGGC,0,3710090
tolCp1,0.3333333333333333,2,2,AAGTGCATCCCCACTCTCGT,0,3712071
tolCp1,0.3333333333333333,2,2,AAGTGATGTCAGGATCTCAG,0,3695755
tolCp1,0.3333333333333333,2,2,AAGTCACACGGCGCCTTGCA,0,3689679
tolCp1,0.3333333333333333,2,2,AAGTCAAAGCGTAATTGGAC,0,3662186
tolCp1,0.3333333333333333,2,2,AAGGTTGATTACGTATAGTC,0,3702284
tolCp1,0.3333333333333333,2,2,AAGGGGTGACCTGCGTCACT,0,3706069
tolCp1,0.3333333333333333,2,2,AAGGCCTTAAGTTATGCGAT,0,3693905
tolCp1,0.3333333333333333,2,2,AAGGCCATCTGGGACACGAC,0,3707336
tolCp1,0.3333333333333333,2,2,AAGGAGTGTACCTCGGTTGC,0,3715207
tolCp1,0.3333333333333333,2,2,AAGGACCAAAATAAGGCCGA,0,3683165
tolCp1,0.3333333333333333,2,2,AAGCTATGTTCTTCACGGCA,0,3713103
tolCp1,0.3333333333333333,2,2,AAGCTAGCAGAAATCGCACT,0,3672455
tolCp1,0.3333333333333333,2,2,AAGCGATCCAATGGCACCCA,0,3679792
tolCp1,0.3333333333333333,2,2,AAGAGATCCTGCGTTGCACT,0,3673785
tolCp1,0.3333333333333333,2,2,AAGACTCGTAAGGAAACACA,0,3684418
tolCp1,0.3333333333333333,2,2,AAGACGGTTTTATCGCTTAG,0,3675307
tolCp1,0.3333333333333333,2,2,AAGACAACAAGACGAACTAC,0,3694628
tolCp1,0.3333333333333333,2,2,AACTGACTAGGGCAAGTCTG,0,3690689
tolCp1,0.3333333333333333,2,2,AACTCTTGTATGGCGTGCCT,0,3714717
tolCp1,0.3333333333333333,2,2,AACTCGAGTTTTCATCGTTG,0,3677408
tolCp1,0.3333333333333333,2,2,AACTATCACCTTGATTCAAC,0,3695543
tolCp1,0.3333333333333333,2,2,AACGGACGTACCGCAGAAAT,0,3706746
tolCp1,0.3333333333333333,2,2,AACGCCCCAGGTGAGCCACC,0,3673457
tolCp1,0.3333333333333333,2,2,AACGCAGAGCACAGAAGTAT,0,3683019
tolCp1,0.3333333333333333,2,2,AACCGATTCTGAAGTTCGAT,0,3694109
tolCp1,0.3333333333333333,2,2,AACCCTTTCCTGAACGCGGT,0,3700644
tolCp1,0.3333333333333333,2,2,AACATCCGATCTGTACTCAG,0,3662028
tolCp1,0.3333333333333333,2,2,AACATACTGGATCTTCCGTT,0,3706377
tolCp1,0.3333333333333333,2,2,AACAGGTACGCGAAAGACGA,0,3676761
tolCp1,0.3333333333333333,2,2,AACACGGCAGGGTGGTCAAA,0,3670467
tolCp1,0.3333333333333333,2,2,AACACGCTGCGCACAGGGCG,0,3670016
tolCp1,0.3333333333333333,2,2,AAATGGACGACCCGGACTGA,0,3679184
tolCp1,0.3333333333333333,2,2,AAAGTTTCAGTCTTCAGTGA,0,3703187
tolCp1,0.3333333333333333,2,2,AAAGTGCAAAAATGTCTATC,0,3699557
tolCp1,0.3333333333333333,2,2,AAAGTGACACTTCCACTTAC,0,3689627
tolCp1,0.3333333333333333,2,2,AAAGTACCATCTGGCTATCT,0,3701645
tolCp1,0.3333333333333333,2,2,AAAGGCACGGCGGCTAACAC,0,3707694
tolCp1,0.3333333333333333,2,2,AAAGCGTCGTCTACATGCGA,0,3703390
tolCp1,0.3333333333333333,2,2,AAAGATGTTCGAAATGGAAA,0,3668740
tolCp1,0.3333333333333333,2,2,AAAGACATCATTCCGAGGGT,0,3685582
tolCp1,0.3333333333333333,2,2,AAACTAGAGTATAAACCAGT,0,3676323
tolCp1,0.3333333333333333,2,2,AAACGTAGCCCGGGATAGAA,0,3708156
tolCp1,0.3333333333333333,2,2,AAACGAACAAGGCTACAATG,0,3671745
tolCp1,0.3333333333333333,2,2,AAACCTTATTGTTTTCCATC,0,3677237
tolCp1,0.3333333333333333,2,2,AAACCCGCACTTTCGGCCTC,0,3690162
tolCp1,0.3333333333333333,2,2,AAACCATTCAAACTACGGAC,0,3683156
tolCp1,0.3333333333333333,2,2,AAACATCACTGAATTGCCTT,0,3667163
tolCp1,0.3333333333333333,2,2,AAACACCAGTCGTCTTCAGT,0,3692595
tolCp1,0.3333333333333333,2,2,AAAATGCCGCCCCAGCGTAT,0,3673204
tolCp1,0.3333333333333333,2,2,AAAAGTCGTTCCGCAACTAT,0,3696681
tolCp1,0.3333333333333333,2,2,AAAAGGCGTATCCTATCAAA,0,3692421
tolCp1,0.3333333333333333,2,2,AAAAGCCATGACCTGCACTA,0,3712314
tolCp1,0.3333333333333333,2,2,AAAAGCATTTCATCGCCGAA,0,3689153
tolCp1,0.3333333333333333,2,2,AAAAAATGGCGTATCCGTCT,0,3689985
tolCp1,0.3333333333333333,2,2,AAAAAAAGTTCAAGTTTGAA,0,3662151
tolCp1,0.5,1,1,TTTTTTGTATAACTCCGTAC,0,3676333
tolCp1,0.5,1,1,TTTTTGGAGTACAGGGTTAG,0,3713903
tolCp1,0.5,1,1,TTTTTAGGTAGGGGTTGCGG,0,3708229
tolCp1,0.5,1,1,TTTTTAAAAGGATAATGCGC,0,3711615
tolCp1,0.5,1,1,TTTTGGTAGATATGCTATTA,0,3672070
tolCp1,0.5,1,1,TTTTGGGGATCTAGTGCTGA,0,3685648
tolCp1,0.5,1,1,TTTTGCAGATCGGTTCTATG,0,3708966
tolCp1,0.5,1,1,TTTTCTGTCAAATGTGGGAC,0,3701648
tolCp1,0.5,1,1,TTTTCACAATCCGGGTCTTA,0,3702259
tolCp1,0.5,1,1,TTTGGCGATTGTTGCACTCA,0,3673368
tolCp1,0.5,1,1,TTTGCTTGCACTACCGTTAA,0,3681806
tolCp1,0.5,1,1,TTTGCTTACGTTCCAAACGA,0,3687400
tolCp1,0.5,1,1,TTTGCCCCAAACCTTGCGAA,0,3689586
tolCp1,0.5,1,1,TTTCGGACATGGATGGGTAC,0,3695243
tolCp1,0.5,1,1,TTTCCTGGGATGAGACGACC,0,3682225
tolCp1,0.5,1,1,TTTCAGCTATGCAAGGAGTA,0,3695141
tolCp1,0.5,1,1,TTTCACTGGGTTCGCGCATG,0,3669166
tolCp1,0.5,1,1,TTTCAAGGTGGACAACAGAG,0,3708183
tolCp1,0.5,1,1,TTTATTGGGCTACGTACACG,0,3689040
tolCp1,0.5,1,1,TTTAGCTGGCCTCCGCCGAT,0,3701587
tolCp1,0.5,1,1,TTTAGCGGTGCCAGCATCAT,0,3679886
tolCp1,0.5,1,1,TTTACGCCACTGTGAGCTGA,0,3673008
tolCp1,0.5,1,1,TTTACCTTCGGTCATCCCAG,0,3697034
tolCp1,0.5,1,1,TTTAATTACCAACGACAAAT,0,3706516
tolCp1,0.5,1,1,TTTAAGTACAACATGAATGC,0,3704844
tolCp1,0.5,1,1,TTGTTTGGGCTGTGGGTTGA,0,3709839
tolCp1,0.5,1,1,TTGTTGAGTATCCGACTAAA,0,3684300
tolCp1,0.5,1,1,TTGTTACGAAGTCACGACAG,0,3689401
tolCp1,0.5,1,1,TTGTGCTGAGTGGGTACCTA,0,3700469
tolCp1,0.5,1,1,TTGTGCCACTAAAATGACGT,0,3674263
tolCp1,0.5,1,1,TTGTATTAGAGAAGTGGACA,0,3691845
tolCp1,0.5,1,1,TTGGTTTTAGCAGATGCATC,0,3674976
tolCp1,0.5,1,1,TTGGTTGCATCATATTGGCG,0,3696557
tolCp1,0.5,1,1,TTGGTGTGGAGTGTAGTGCG,0,3664682
tolCp1,0.5,1,1,TTGGGCAGCCCTAAGGAACC,0,3679208
tolCp1,0.5,1,1,TTGGGAAGCACAGGATGGTA,0,3686483
tolCp1,0.5,1,1,TTGGCACGGAGATGTAACGG,0,3714889
tolCp1,0.5,1,1,TTGGATAGTGCGCATCTTGT,0,3710555
tolCp1,0.5,1,1,TTGCTGGCCTTAAAGTCTTT,0,3711478
tolCp1,0.5,1,1,TTGCTGCTTGAGGGGCGCTT,0,3664284
tolCp1,0.5,1,1,TTGCGGTGCACTACCTACAC,0,3682150
tolCp1,0.5,1,1,TTGCGGATTGGCACATTTTG,0,3680799
tolCp1,0.5,1,1,TTGCAGTGTTAGTAGGCTTT,0,3677278
tolCp1,0.5,1,1,TTGCAATCGAGGTAACAAGA,0,3672723
tolCp1,0.5,1,1,TTGCAAAGATTTTGGGATGC,0,3678733
tolCp1,0.5,1,1,TTGATTTGGGGCCATACGTC,0,3668799
tolCp1,0.5,1,1,TTGATCTCCATAATGGAAGA,0,3666430
tolCp1,0.5,1,1,TTGATATTGGATTCCATCAC,0,3688698
tolCp1,0.5,1,1,TTGAATTGCAGAGTAAAGAA,0,3697414
tolCp1,0.5,1,1,TTGAATAGGACCTCGAGGTA,0,3695366
tolCp1,0.5,1,1,TTCTTTTCGTCACTCATGTG,0,3675799
tolCp1,0.5,1,1,TTCTTCTTTCGGGGGTTGTG,0,3684336
tolCp1,0.5,1,1,TTCTTAATATTTCTTAGGTC,0,3686069
tolCp1,0.5,1,1,TTCTGGTACCGTAAAATACC,0,3690214
tolCp1,0.5,1,1,TTCTGAGAAGCATAAGCGGC,0,3680773
tolCp1,0.5,1,1,TTCTAGAGCGACCCGGCGGT,0,3679782
tolCp1,0.5,1,1,TTCGGCGCATTAGTTAGCTC,0,3705886
tolCp1,0.5,1,1,TTCGGAAGAAGCAACAAGCT,0,3709644
tolCp1,0.5,1,1,TTCGAATGAGGACACAGTCC,0,3704429
tolCp1,0.5,1,1,TTCCTGATGAGGCAGTCCTT,0,3696255
tolCp1,0.5,1,1,TTCCGGGTCACTAGCGGTGA,0,3681082
tolCp1,0.5,1,1,TTCCGGCTTCAATCCATCTC,0,3701474
tolCp1,0.5,1,1,TTCCCTCAGCTGGGAAGGTA,0,3698928
tolCp1,0.5,1,1,TTCCCGTTATGTGATTTCGG,0,3679166
tolCp1,0.5,1,1,TTCCCCCATGGACACTTTGT,0,3683723
tolCp1,0.5,1,1,TTCCATGATTACTAGAAATA,0,3698304
tolCp1,0.5,1,1,TTCCACCGCTGTGATGTAGC,0,3713796
tolCp1,0.5,1,1,TTCATCTTGGCAGCTCATAT,0,3700448
tolCp1,0.5,1,1,TTCAGTCAAAACCACACTGT,0,3671846
tolCp1,0.5,1,1,TTCAGAGGGAGGCTCCGAGC,0,3690303
tolCp1,0.5,1,1,TTCACCTCAGAATGACATAC,0,3704151
tolCp1,0.5,1,1,TTCAATTGTAGACATCCTTC,0,3672500
tolCp1,0.5,1,1,TTCAATTGTAACGCGTTATA,0,3709716
tolCp1,0.5,1,1,TTCAAGAGGGAATGGAAACA,0,3682741
tolCp1,0.5,1,1,TTCAACTACGCGCTGTGTGT,0,3699644
tolCp1,0.5,1,1,TTATTATTTACAGCTTATCA,0,3698618
tolCp1,0.5,1,1,TTATGTTCGGTGCCAGGCGG,0,3685651
tolCp1,0.5,1,1,TTATCTTAGGGTGACCGACC,0,3688023
tolCp1,0.5,1,1,TTATCGTGTATGAATGGGGT,0,3712839
tolCp1,0.5,1,1,TTATAGGAATACTACCATAA,0,3715358
tolCp1,0.5,1,1,TTAGCTCGGATTAGGACGCA,0,3665418
tolCp1,0.5,1,1,TTAGCCGTCTAGCATTGTAA,0,3662071
tolCp1,0.5,1,1,TTAGCACGAACAGTAACTAC,0,3662914
tolCp1,0.5,1,1,TTAGCAAGCACTTTGGGAGC,0,3714201
tolCp1,0.5,1,1,TTAGAAGCAACCGATAGTTT,0,3684933
tolCp1,0.5,1,1,TTACTTTTTTTTCCGCCCAT,0,3661589
tolCp1,0.5,1,1,TTACTCCTTGCGATTGGCAT,0,3676034
tolCp1,0.5,1,1,TTACGTAGTGATTACATGTC,0,3675189
tolCp1,0.5,1,1,TTACGGACATGTTGTGTAGA,0,3681186
tolCp1,0.5,1,1,TTACCTAACGGTTCACTGGG,0,3713233
tolCp1,0.5,1,1,TTAATTTGTTGACATTCTTG,0,3702975
tolCp1,0.5,1,1,TTAATGTCACGGGCGGCCGA,0,3684867
tolCp1,0.5,1,1,TTAATCTATCGGCCGCCCTA,0,3669366
tolCp1,0.5,1,1,TTAATCGAATTTCACAACTA,0,3680598
tolCp1,0.5,1,1,TTAATAACAACAGGCAAATT,0,3682306
tolCp1,0.5,1,1,TTAACGCGCTCTTCGGCTAT,0,3666740
tolCp1,0.5,1,1,TTAACCACGCTCTTTTCGTG,0,3668457
tolCp1,0.5,1,1,TTAAAGAGAAAGAAGAAATC,0,3704536
tolCp1,0.5,1,1,TTAAACACGCATAATTTTCA,0,3685401
tolCp1,0.5,1,1,TGTTTATGATAGTAAAAAGA,0,3680240
tolCp1,0.5,1,1,TGTTTACAATAGGGCAGCTC,0,3673012
tolCp1,0.5,1,1,TGTTGGCGGCAGGTTCCGGC,0,3699424
tolCp1,0.5,1,1,TGTTGCAAAGAAGTCGAATG,0,3678076
tolCp1,0.5,1,1,TGTTAAAGCTCTTAAACCGC,0,3697515
tolCp1,0.5,1,1,TGTTAAAGCCGCACTTTCGT,0,3687265
tolCp1,0.5,1,1,TGTTAAAGACCATGGCACTA,0,3685163
tolCp1,0.5,1,1,TGTGTTATGCATGGGCTGAC,0,3699299
tolCp1,0.5,1,1,TGTGTCAGGGGCAATGCGCT,0,3661574
tolCp1,0.5,1,1,TGTGTATACTAAATGAGCTC,0,3670260
tolCp1,0.5,1,1,TGTGGATTGGCCCCTGGCCC,0,3671386
tolCp1,0.5,1,1,TGTGCGTACGAGGTCCGTTC,0,3673851
tolCp1,0.5,1,1,TGTGATTCATAGTTTACAGA,0,3703644
tolCp1,0.5,1,1,TGTGAATTGGGTATAGAGTT,0,3691933
tolCp1,0.5,1,1,TGTGAATCCACGACGACGGG,0,3714122
tolCp1,0.5,1,1,TGTCGCATCCGTACATAGTG,0,3684384
tolCp1,0.5,1,1,TGTCCCTTGGGTACACATGG,0,3673168
tolCp1,0.5,1,1,TGTCATTCACGGTTAGGCCG,0,3664447
tolCp1,0.5,1,1,TGTCAACAGTTGATGAATAG,0,3665172
tolCp1,0.5,1,1,TGTCAAAGACATGTTCCGCC,0,3676144
tolCp1,0.5,1,1,TGTATGTAGTGTTTATCAGA,0,3663596
tolCp1,0.5,1,1,TGTAGCCTGGGGGTGTGCGC,0,3708716
tolCp1,0.5,1,1,TGTAGAAGAATTCGCGTGTT,0,3711276
tolCp1,0.5,1,1,TGTAATGTTTCTGGATAGTG,0,3710462
tolCp1,0.5,1,1,TGTAATAATGTCGTACGGAT,0,3714747
tolCp1,0.5,1,1,TGTAACATTGACATTGAGCA,0,3701540
tolCp1,0.5,1,1,TGTAAATTAAGGCCTCTTCG,0,3681734
tolCp1,0.5,1,1,TGGTTTGGTCCACAATCCCT,0,3702624
tolCp1,0.5,1,1,TGGTTGACGCGGGTGACTTT,0,3701543
tolCp1,0.5,1,1,TGGTGATGGGGTAAGCTGGT,0,3693877
tolCp1,0.5,1,1,TGGTGAAAAGCCAGAAGCCA,0,3700742
tolCp1,0.5,1,1,TGGTCCGGGCACGATCTGCC,0,3687054
tolCp1,0.5,1,1,TGGTCATGCGTTGTTCAAAT,0,3662495
tolCp1,0.5,1,1,TGGTCAGGGGACATCATCAG,0,3710329
tolCp1,0.5,1,1,TGGTATGTCTGCCGACCTTA,0,3698738
tolCp1,0.5,1,1,TGGTATGGACCATTGACGGC,0,3664094
tolCp1,0.5,1,1,TGGTAGGTACGGGCTCTGAC,0,3674080
tolCp1,0.5,1,1,TGGTAGAGTCGCTTAAGTGT,0,3712435
tolCp1,0.5,1,1,TGGTACTCTAGTGTTATGCT,0,3707772
tolCp1,0.5,1,1,TGGTAACCGTAGGTTTCCAT,0,3705967
tolCp1,0.5,1,1,TGGGTCTTGCTCAGATTAAA,0,3672158
tolCp1,0.5,1,1,TGGGCTTGTATCGGAATTAA,0,3693082
tolCp1,0.5,1,1,TGGGCGGTACAAAGAGAGGT,0,3698357
tolCp1,0.5,1,1,TGGGCATGTGTACAGCCGGA,0,3705839
tolCp1,0.5,1,1,TGGGATCGGGCCTTGCGATC,0,3667334
tolCp1,0.5,1,1,TGGGAGGACTGTGTGCTCTT,0,3705032
tolCp1,0.5,1,1,TGGGAGCCTCCATATTAATC,0,3712215
tolCp1,0.5,1,1,TGGGACCCGGTATATGGGCA,0,3693811
tolCp1,0.5,1,1,TGGCGCAGTATGCCCAGCTC,0,3711883
tolCp1,0.5,1,1,TGGCCTCTCTGCGCTTCCTG,0,3665216
tolCp1,0.5,1,1,TGGATTATACATGCCTTTCC,0,3672798
tolCp1,0.5,1,1,TGGATGTTCAGATGTGACGA,0,3713506
tolCp1,0.5,1,1,TGGATGTCAGAATACGAAGA,0,3710411
tolCp1,0.5,1,1,TGGATAGTCTAACACCCTTG,0,3705503
tolCp1,0.5,1,1,TGGATAGAAAATCATGCACC,0,3689185
tolCp1,0.5,1,1,TGGAGTTATTGCCGCTCCCA,0,3708205
tolCp1,0.5,1,1,TGGACGGACGCGTCCAACTA,0,3698368
tolCp1,0.5,1,1,TGGACGACGTTGGTACGACC,0,3707013
tolCp1,0.5,1,1,TGGACCAACGTTCGAAATAG,0,3699091
tolCp1,0.5,1,1,TGGAATGTATGAATGTAATA,0,3703634
tolCp1,0.5,1,1,TGGAAACGCGACGCCCAAGA,0,3702412
tolCp1,0.5,1,1,TGGAAAAAAAAAAAAAAATT,0,3682222
tolCp1,0.5,1,1,TGCTTTTTCAGGGTGCACTC,0,3701214
tolCp1,0.5,1,1,TGCTTAGGGATACACGTTCG,0,3710991
tolCp1,0.5,1,1,TGCTGCCAGTTGCGCACCCT,0,3703445
tolCp1,0.5,1,1,TGCTCTTCTCTAGGGTACAG,0,3714242
tolCp1,0.5,1,1,TGCTCTGGGCGGAGAGAGGT,0,3668182
tolCp1,0.5,1,1,TGCTCGCGATGGCCAAGACA,0,3688321
tolCp1,0.5,1,1,TGCTCCGCCTATGGATCCCA,0,3707726
tolCp1,0.5,1,1,TGCTCAACTGTGTGGCACGG,0,3705542
tolCp1,0.5,1,1,TGCTAGATGAGTGACCCTTA,0,3669669
tolCp1,0.5,1,1,TGCTACCACGTATGAAGTAT,0,3671799
tolCp1,0.5,1,1,TGCGTGCACGTTACATTATC,0,3699444
tolCp1,0.5,1,1,TGCGTCAAAAGTGGGTTATT,0,3683577
tolCp1,0.5,1,1,TGCGTAACATCACCAGTTCA,0,3673749
tolCp1,0.5,1,1,TGCGGGTTCGTTGGGTCATA,0,3662271
tolCp1,0.5,1,1,TGCGGGTGGTATGAGCACAA,0,3671411
tolCp1,0.5,1,1,TGCCGTATAAGTGTTAGTTC,0,3678493
tolCp1,0.5,1,1,TGCCCCTGGCTTGTTGTCTC,0,3694529
tolCp1,0.5,1,1,TGCCCCTGACATTCGTCTGA,0,3694030
tolCp1,0.5,1,1,TGCCAAACTATAATGTTTCA,0,3700051
tolCp1,0.5,1,1,TGCATAACCAACTACCTTCA,0,3707737
tolCp1,0.5,1,1,TGATTATGAGCCCCCAGTAT,0,3694407
tolCp1,0.5,1,1,TGATTAGGGTCCCAGACATA,0,3684247
tolCp1,0.5,1,1,TGATATTAGCAAGGCCTCCT,0,3713573
tolCp1,0.5,1,1,TGATAATCCGCACGTACAAA,0,3674598
tolCp1,0.5,1,1,TGATAACCCGTCCGGCGTAG,0,3690757
tolCp1,0.5,1,1,TGATAACACGACCCGATGCA,0,3697465
tolCp1,0.5,1,1,TGAGTTGATTCGGCGCCGCC,0,3678318
tolCp1,0.5,1,1,TGAGGCACACAAGACCAACA,0,3685148
tolCp1,0.5,1,1,TGAGCTTTTACGAAGGTCCT,0,3692892
tolCp1,0.5,1,1,TGAGCCGAGAGGTTTAGGAG,0,3669827
tolCp1,0.5,1,1,TGAGAATCCTGGACCATTCG,0,3693858
tolCp1,0.5,1,1,TGACGTCATTTCCAATATTC,0,3708426
tolCp1,0.5,1,1,TGACGCTAACTCCTTGTCAA,0,3712787
tolCp1,0.5,1,1,TGACGCCGCAGCGAGACGGT,0,3684609
tolCp1,0.5,1,1,TGACCAGCTCCGGGTTAACT,0,3667154
tolCp1,0.5,1,1,TGACATCTGCATCGTATCTT,0,3667732
tolCp1,0.5,1,1,TGACAGAGGCAGAGATTGCA,0,3671690
tolCp1,0.5,1,1,TGAATAATCAGGGTTTCATT,0,3711705
tolCp1,0.5,1,1,TGAAGCGGCCAGATGGAAGC,0,3695341
tolCp1,0.5,1,1,TGAAGAGTTAGGTTGCGGAT,0,3661802
tolCp1,0.5,1,1,TGAAGAGTGATCTCTATTGG,0,3697525
tolCp1,0.5,1,1,TGAAGAGATACATCATCGAT,0,3674490
tolCp1,0.5,1,1,TGAAGAAAATCCGGGCAACA,0,3689850
tolCp1,0.5,1,1,TGAACCGGACAATCAGGTTG,0,3697077
tolCp1,0.5,1,1,TCTTGGCTGCCAAGCCGAAC,0,3673405
tolCp1,0.5,1,1,TCTTGACCGGGGAGAGGGGT,0,3669632
tolCp1,0.5,1,1,TCTTGAATTGACACTGCGTT,0,3667602
tolCp1,0.5,1,1,TCTTCCGTTGGTTCCAGGTT,0,3680631
tolCp1,0.5,1,1,TCTTAAAGCTCGCGCAACGA,0,3666089
tolCp1,0.5,1,1,TCTGTGTACTGATGCGTTAG,0,3667099
tolCp1,0.5,1,1,TCTGGTGACCTTCTGTCCAC,0,3677943
tolCp1,0.5,1,1,TCTGGGTATGCATAAGTACA,0,3666818
tolCp1,0.5,1,1,TCTGGGGTAATGGTGCAAGG,0,3664950
tolCp1,0.5,1,1,TCTGGCAAACTGTCGATTCT,0,3685742
tolCp1,0.5,1,1,TCTGCTCCCAACTGTAGGGT,0,3713684
tolCp1,0.5,1,1,TCTGCTCAGGTAATCGCCGC,0,3676604
tolCp1,0.5,1,1,TCTGCGTCCCACAGAACGGT,0,3663834
tolCp1,0.5,1,1,TCTGCATACTAGGCCTCAGC,0,3685112
tolCp1,0.5,1,1,TCTGACTAAGGGTCTGCGTA,0,3699872
tolCp1,0.5,1,1,TCTCTCTTGGATCTAATGCC,0,3677974
tolCp1,0.5,1,1,TCTCGCCACTCAAGCATTTG,0,3704035
tolCp1,0.5,1,1,TCTCCTGGCAACATCCTGAT,0,3698629
tolCp1,0.5,1,1,TCTCACAATTCTGGTTAGTA,0,3696669
tolCp1,0.5,1,1,TCTATCGACGCTCAAATTCG,0,3675484
tolCp1,0.5,1,1,TCTAGCCGATTGGCCGCTCA,0,3675179
tolCp1,0.5,1,1,TCTACAGCCAACACGTTTCG,0,3681768
tolCp1,0.5,1,1,TCTAATTTAAGACTGGGATT,0,3690858
tolCp1,0.5,1,1,TCTAAATGAGGTCTAGGATA,0,3678008
tolCp1,0.5,1,1,TCGTTTTGCGAGTTCGGCTT,0,3689255
tolCp1,0.5,1,1,TCGTTGTTCTAGTCTATGAC,0,3661904
tolCp1,0.5,1,1,TCGTTGATAGGTTCGTTCTT,0,3688152
tolCp1,0.5,1,1,TCGTTATGGTTAGCTATTAT,0,3702877
tolCp1,0.5,1,1,TCGTGGTTCGTCTAAGAGAC,0,3706245
tolCp1,0.5,1,1,TCGTGGTCGAGTCCGACCGG,0,3692092
tolCp1,0.5,1,1,TCGTGCCGAACGCACAAGGG,0,3668727
tolCp1,0.5,1,1,TCGTCCCATTATGCTCACCA,0,3704254
tolCp1,0.5,1,1,TCGTCACTTCTTCCCCGTTC,0,3710126
tolCp1,0.5,1,1,TCGTATGCCCAAGTCTCCCT,0,3696869
tolCp1,0.5,1,1,TCGTAGCGCTCCTGCCTAAT,0,3681873
tolCp1,0.5,1,1,TCGTAAGGTCAAACCTGCAG,0,3676634
tolCp1,0.5,1,1,TCGTAAACCGTCGTCGGTAT,0,3700589
tolCp1,0.5,1,1,TCGGTTGTGGCGCGCCTAGC,0,3711807
tolCp1,0.5,1,1,TCGGGTCCATGGTTTCGGAC,0,3696025
tolCp1,0.5,1,1,TCGGCTTTTGCGTCGGTATA,0,3711531
tolCp1,0.5,1,1,TCGGAGAACCCGGGAGAATC,0,3706897
tolCp1,0.5,1,1,TCGGACTCAGCTGATCTTAG,0,3676632
tolCp1,0.5,1,1,TCGGACCTTCGCAATAAAAA,0,3691714
tolCp1,0.5,1,1,TCGGAATCAGGACTCGTGCC,0,3674611
tolCp1,0.5,1,1,TCGCTTGAACGGTGGAGTTG,0,3714208
tolCp1,0.5,1,1,TCGCTCGTTGTTGGGAGTCC,0,3702520
tolCp1,0.5,1,1,TCGCGGTGTGCCTGCCATGC,0,3685771
tolCp1,0.5,1,1,TCGCGCGTTGCGCCGCACGT,0,3663985
tolCp1,0.5,1,1,TCGCGATGAAACGTACTGAG,0,3681708
tolCp1,0.5,1,1,TCGCCCCGTTGCTTACCCTT,0,3706812
tolCp1,0.5,1,1,TCGCCATATTTACTGGGCGG,0,3715079
tolCp1,0.5,1,1,TCGCAGTCGGGTGGGTCACC,0,3674959
tolCp1,0.5,1,1,TCGCAGAGACCTCCGACCTT,0,3710633
tolCp1,0.5,1,1,TCGCAATATGCGTACAAGTA,0,3687912
tolCp1,0.5,1,1,TCGATGGGGGTTAATCGATT,0,3709253
tolCp1,0.5,1,1,TCGATCTTGAAAGGATGGGT,0,3665329
tolCp1,0.5,1,1,TCGATCGCGACGCATATACT,0,3704561
tolCp1,0.5,1,1,TCGATAGCACTACTCTATCC,0,3683984
tolCp1,0.5,1,1,TCGACTTAGTGAGTGAAAAC,0,3713511
tolCp1,0.5,1,1,TCGACGTTCACGATAGCAAG,0,3707716
tolCp1,0.5,1,1,TCGACGGGGGCACAGTCGGG,0,3690622
tolCp1,0.5,1,1,TCGACAGATCAAAGTTCGAC,0,3702408
tolCp1,0.5,1,1,TCGAAGTCACCTAGGAGCGC,0,3696260
tolCp1,0.5,1,1,TCGAACACCATGCAAGATAG,0,3700534
tolCp1,0.5,1,1,TCGAAATCGCAGCAGTGATT,0,3667102
tolCp1,0.5,1,1,TCCTCGCTCCCACGAGCTAA,0,3711881
tolCp1,0.5,1,1,TCCTCAGTCACGTCGGTTTG,0,3698684
tolCp1,0.5,1,1,TCCTCACTATAAGCTTTGAA,0,3679490
tolCp1,0.5,1,1,TCCTACACAGTTTACGCCTC,0,3662373
tolCp1,0.5,1,1,TCCGTATCGGAGTTAAGAAA,0,3678889
tolCp1,0.5,1,1,TCCGTAGTTAGGGTGCGTCG,0,3692641
tolCp1,0.5,1,1,TCCGGAGGTCGATAGCGGAA,0,3699781
tolCp1,0.5,1,1,TCCGAAATGTGCGGACTTTG,0,3680923
tolCp1,0.5,1,1,TCCCTTTCGTTCGTTCCACG,0,3667159
tolCp1,0.5,1,1,TCCCTGCTAGCAATTTTTTT,0,3685646
tolCp1,0.5,1,1,TCCCTACATTCACAGGGCAT,0,3697140
tolCp1,0.5,1,1,TCCCATTAGCTTTCTCGAAT,0,3707077
tolCp1,0.5,1,1,TCCATATGAGCTCTGCGTTG,0,3690708
tolCp1,0.5,1,1,TCCATAAGACGCCCTACCGA,0,3689887
tolCp1,0.5,1,1,TCCAGGCTATGTTAACAAAC,0,3673955
tolCp1,0.5,1,1,TCCACAGAGTAGGGGATTTC,0,3675837
tolCp1,0.5,1,1,TCCAAGGGCCTACACGAGAA,0,3680663
tolCp1,0.5,1,1,TCCAAAGGAGGTATATCCTG,0,3683167
tolCp1,0.5,1,1,TCATTTAGGTTTTCATCCTT,0,3667573
tolCp1,0.5,1,1,TCATCTATTGGTAGAGCTAA,0,3668157
tolCp1,0.5,1,1,TCATAGTTCGGACCGTTGTG,0,3686548
tolCp1,0.5,1,1,TCAGTTTGTCGAACTGGTGA,0,3715359
tolCp1,0.5,1,1,TCAGTTTAACAGTGCATCCA,0,3701235
tolCp1,0.5,1,1,TCAGTGAAAAGGCGAAACCT,0,3663668
tolCp1,0.5,1,1,TCAGGCACTGCAACCCTAAA,0,3681067
tolCp1,0.5,1,1,TCAGGCAATCAAATTCCCTG,0,3701370
tolCp1,0.5,1,1,TCACTTAATATCGCATTCCT,0,3711094
tolCp1,0.5,1,1,TCACTGAACGTAACGCCTTC,0,3690246
tolCp1,0.5,1,1,TCACTCCGGAGTCACTGTAG,0,3675056
tolCp1,0.5,1,1,TCACTCCAAGATACTCGCCT,0,3701254
tolCp1,0.5,1,1,TCACGGAGCGTTCTTCGGAC,0,3680746
tolCp1,0.5,1,1,TCACGATATTTTTACCTAAA,0,3662325
tolCp1,0.5,1,1,TCACCGTTAGCGCCACTTTC,0,3663989
tolCp1,0.5,1,1,TCACACCCACGGTTACCGTG,0,3677460
tolCp1,0.5,1,1,TCAACTTCATTCCTCACGGT,0,3708480
tolCp1,0.5,1,1,TCAACTAAAAGATTTCATGG,0,3670475
tolCp1,0.5,1,1,TCAACATCAATGAGACAGGC,0,3682088
tolCp1,0.5,1,1,TCAAAACAGATTTGTATTAA,0,3702215
tolCp1,0.5,1,1,TCAAAAACTGGAAACTCCTG,0,3673000
tolCp1,0.5,1,1,TATTTTTCGGGAACTAATCT,0,3708684
tolCp1,0.5,1,1,TATTTTGTTTCCGCTGGTGA,0,3684411
tolCp1,0.5,1,1,TATTTGAGTAACTAGGTGAG,0,3682057
tolCp1,0.5,1,1,TATTCCGAGGCGTTGAGGCC,0,3691174
tolCp1,0.5,1,1,TATTACGGTTGTTGATTTTA,0,3663600
tolCp1,0.5,1,1,TATTAAACCCTATCAGTTGT,0,3672212
tolCp1,0.5,1,1,TATGTGGCTTTTATGTGCGG,0,3705281
tolCp1,0.5,1,1,TATGTCCAATGCCGGGCGAT,0,3661194
tolCp1,0.5,1,1,TATGTCACGCACCGCCACCT,0,3685544
tolCp1,0.5,1,1,TATGTATAGCGACACTGTGG,0,3687087
tolCp1,0.5,1,1,TATGGCATTCGAACTAGATT,0,3703333
tolCp1,0.5,1,1,TATGCATTCATCACCGTGCA,0,3700531
tolCp1,0.5,1,1,TATGCACATGATTATACTAT,0,3679927
tolCp1,0.5,1,1,TATGAGCAATACGTACCCTG,0,3670073
tolCp1,0.5,1,1,TATCTAAACGGGCAAGAAAA,0,3675170
tolCp1,0.5,1,1,TATCGTTGATTTACCGTCAA,0,3667222
tolCp1,0.5,1,1,TATCGCGGTTACCGTGGGGC,0,3683170
tolCp1,0.5,1,1,TATCCTACCTAAAAGGGCTC,0,3695816
tolCp1,0.5,1,1,TATCCGCTGTTGCAAGTTGT,0,3688498
tolCp1,0.5,1,1,TATATTTAAATAGTGGTGTT,0,3667045
tolCp1,0.5,1,1,TATATTCGTGTACCATTAGT,0,3680372
tolCp1,0.5,1,1,TATATGTGGTACAGCTACCA,0,3682113
tolCp1,0.5,1,1,TATAGCTGGTCTTGGGGCAG,0,3686943
tolCp1,0.5,1,1,TATACACATTTAATTTCGAG,0,3673279
tolCp1,0.5,1,1,TATAATTCGCCAGGCCGCCA,0,3688421
tolCp1,0.5,1,1,TAGGTCGGGGGTAACGGGAA,0,3682414
tolCp1,0.5,1,1,TAGGGTCACTCTCAAGAATG,0,3698728
tolCp1,0.5,1,1,TAGGGAGGTGGGGACTCCAC,0,3663540
tolCp1,0.5,1,1,TAGGCGGCCACGTGCTATCC,0,3664654
tolCp1,0.5,1,1,TAGGATTCTGAGTAAAAATG,0,3669310
tolCp1,0.5,1,1,TAGCTCGGTTATCCCAGTCC,0,3674973
tolCp1,0.5,1,1,TAGCTAGATGTTTAAGGGCG,0,3685617
tolCp1,0.5,1,1,TAGCTACAATGGAATAAACA,0,3664384
tolCp1,0.5,1,1,TAGCGAGCGAACCGTCGTAC,0,3707015
tolCp1,0.5,1,1,TAGATGTCATTCTTAAACCC,0,3682804
tolCp1,0.5,1,1,TAGATCATCGAGAGTTTCGA,0,3685205
tolCp1,0.5,1,1,TAGAGGGGTCTGGGGGCCAC,0,3701054
tolCp1,0.5,1,1,TAGAGCAGAGGGTTCCTGCA,0,3665665
tolCp1,0.5,1,1,TAGACTCAGCTGAGTAGCGC,0,3675183
tolCp1,0.5,1,1,TAGACCCCTTCTGCTCGGAG,0,3701694
tolCp1,0.5,1,1,TACTTTCTGGGAGCTACTGA,0,3669298
tolCp1,0.5,1,1,TACTTCCATGTTACCCTGTA,0,3683787
tolCp1,0.5,1,1,TACTTATTACTTCAGGTTTA,0,3701184
tolCp1,0.5,1,1,TACTGCATCAGATAGTTGAC,0,3686208
tolCp1,0.5,1,1,TACTCGTTATCATGAACCTT,0,3708923
tolCp1,0.5,1,1,TACTAGGGTACATAATTCTG,0,3692275
tolCp1,0.5,1,1,TACGGGGCCGCATACTAATC,0,3700354
tolCp1,0.5,1,1,TACGGCGTTGCTACGTGGAT,0,3704441
tolCp1,0.5,1,1,TACGCGGGTAATCCTGTTGT,0,3692782
tolCp1,0.5,1,1,TACGCCAAAGCGGGGTTAGT,0,3677233
tolCp1,0.5,1,1,TACGATAAGCTCTCGGCCAA,0,3672950
tolCp1,0.5,1,1,TACGAGATCAATTTCCTCGG,0,3677749
tolCp1,0.5,1,1,TACGAATCTTTGTTACCGGC,0,3678532
tolCp1,0.5,1,1,TACCTCAACTATTTAGCTGT,0,3674169
tolCp1,0.5,1,1,TACCCGAGATGGCGGTGTAA,0,3700555
tolCp1,0.5,1,1,TACCCCTTCACATAGACCCC,0,3696612
tolCp1,0.5,1,1,TACATGCATAATGCCACAGG,0,3678494
tolCp1,0.5,1,1,TACATAACCCCAATTTCCGC,0,3668772
tolCp1,0.5,1,1,TACAGGCGTGAGAACGTCGT,0,3690987
tolCp1,0.5,1,1,TACAGCTAGGGCCGCCCAAT,0,3686605
tolCp1,0.5,1,1,TACAGCCCAGGGAATATGGC,0,3669386
tolCp1,0.5,1,1,TACACTGGTGGAATCGTATA,0,3664168
tolCp1,0.5,1,1,TACACTGAATGTTCATTTGG,0,3670417
tolCp1,0.5,1,1,TACACGACGCACATCCAGTC,0,3676991
tolCp1,0.5,1,1,TACACATTAGGAGTCTATAT,0,3667628
tolCp1,0.5,1,1,TAATTTTTTCGGGAAGACAG,0,3673112
tolCp1,0.5,1,1,TAATTTCATGTTGTAGGAGC,0,3685498
tolCp1,0.5,1,1,TAATTCGTCTGCCGTGCGGT,0,3687750
tolCp1,0.5,1,1,TAATTATGATGCGCGCCTGC,0,3677902
tolCp1,0.5,1,1,TAATGGTCTTTATTCGTCTG,0,3692975
tolCp1,0.5,1,1,TAATGGCCCTAGTGTCGAGC,0,3689215
tolCp1,0.5,1,1,TAATCCCCCCGAGCTTTTGA,0,3684869
tolCp1,0.5,1,1,TAATCATGTGGCGTTGCCTT,0,3713959
tolCp1,0.5,1,1,TAATAGTCTCAATTCTACTA,0,3681914
tolCp1,0.5,1,1,TAATAGCATTGTTTAGGAGA,0,3676136
tolCp1,0.5,1,1,TAATACTTCCTAATGGCCGC,0,3713631
tolCp1,0.5,1,1,TAATACATGGTGGTTTGACC,0,3694527
tolCp1,0.5,1,1,TAATAAGTGGTGAGCTGACG,0,3675488
tolCp1,0.5,1,1,TAAGTCTGACGCAATCTGCA,0,3704423
tolCp1,0.5,1,1,TAAGGTTCGTACTCCTAGAG,0,3683552
tolCp1,0.5,1,1,TAAGGACAGGGGCTGATGAG,0,3695170
tolCp1,0.5,1,1,TAAGCGTCACTCGCAGGTCT,0,3672038
tolCp1,0.5,1,1,TAACTTGTTTGAAATGCAAA,0,3681658
tolCp1,0.5,1,1,TAACGGCCGCGAAGGACATC,0,3707697
tolCp1,0.5,1,1,TAACACTTACCTGGAGGGCT,0,3662923
tolCp1,0.5,1,1,TAACAACTTCGTGAAGCGTA,0,3693034
tolCp1,0.5,1,1,TAAATTGTGTGAATATGGGC,0,3662076
tolCp1,0.5,1,1,TAAATGTCCTTCACTTGCCG,0,3692912
tolCp1,0.5,1,1,TAAATAACGAGCTCGCATGC,0,3694877
tolCp1,0.5,1,1,TAAAGTATCCATTCTGTTGC,0,3682871
tolCp1,0.5,1,1,TAAAGGCGGCCGCGCAGTTG,0,3686571
tolCp1,0.5,1,1,TAAAGGCATGAACACCCCCT,0,3714555
tolCp1,0.5,1,1,TAAAGCAGTATTCACCGCTC,0,3693248
tolCp1,0.5,1,1,TAAACGGCACTACTCAGTGA,0,3704818
tolCp1,0.5,1,1,TAAACCATTCTGTCGGACAA,0,3666063
tolCp1,0.5,1,1,TAAACAGGGATGGGTTCTCA,0,3706035
tolCp1,0.5,1,1,TAAAATAAACGCGCAACTGG,0,3688276
tolCp1,0.5,1,1,TAAAAGGCCGCCAAATAGTA,0,3701331
tolCp1,0.5,1,1,GTTTGTTGGGCTCCCTCGGG,0,3687628
tolCp1,0.5,1,1,GTTTCGAATCTACCGGCGGG,0,3702295
tolCp1,0.5,1,1,GTTTCCAATATCAGTTAGTC,0,3714761
tolCp1,0.5,1,1,GTTTCATCCATTAAGAGAAC,0,3709922
tolCp1,0.5,1,1,GTTTATCCGGGACAGTCATA,0,3704797
tolCp1,0.5,1,1,GTTTAGACAGGAGAATTGGT,0,3683771
tolCp1,0.5,1,1,GTTGTTTGCGATAGGACCTT,0,3692091
tolCp1,0.5,1,1,GTTGTGAACGCTCAGCTCTC,0,3684003
tolCp1,0.5,1,1,GTTGTCACAATAGAGCCCGA,0,3674921
tolCp1,0.5,1,1,GTTGGGGAGCGGCATTGCCG,0,3669155
tolCp1,0.5,1,1,GTTGGCGGGTGATAGGTCAG,0,3684577
tolCp1,0.5,1,1,GTTGCTGTGAAAGGGTGCGG,0,3695222
tolCp1,0.5,1,1,GTTGAGAGGCAAGTGCTTAA,0,3699468
tolCp1,0.5,1,1,GTTGAAGATGAATCCTGGTG,0,3688654
tolCp1,0.5,1,1,GTTCTTTTCGCAAGTAGTAA,0,3685107
tolCp1,0.5,1,1,GTTCTTTAAAGCTAGTGTTA,0,3688750
tolCp1,0.5,1,1,GTTCTGGGGTGAAAAGGACG,0,3703330
tolCp1,0.5,1,1,GTTCTCCGCGGGGACGGTGT,0,3699374
tolCp1,0.5,1,1,GTTCTATCCTGACGAACTTA,0,3699127
tolCp1,0.5,1,1,GTTCGAGGTAAGTTCCCTCG,0,3713673
tolCp1,0.5,1,1,GTTCCACCCGGTTTAAAACC,0,3691797
tolCp1,0.5,1,1,GTTATTCCAATACTGGCGGT,0,3672567
tolCp1,0.5,1,1,GTTATCTATAGTGTGACAAT,0,3710452
tolCp1,0.5,1,1,GTTAGGTTTGGTGTAATACC,0,3672236
tolCp1,0.5,1,1,GTTAGATGGCCTATGAGCAT,0,3677676
tolCp1,0.5,1,1,GTTAATCGGCGATGGCACTA,0,3668024
tolCp1,0.5,1,1,GTTAAGACAGGTACAGATCC,0,3697199
tolCp1,0.5,1,1,GTTAAATTGAGTTCCCTGCG,0,3677405
tolCp1,0.5,1,1,GTGTTCTGGGACAATCGTTG,0,3670508
tolCp1,0.5,1,1,GTGTTAAGCCCCTATGTCGG,0,3704258
tolCp1,0.5,1,1,GTGTGGGCGTCCTTCGTACG,0,3694197
tolCp1,0.5,1,1,GTGTGCAGATTAAGCAAAAC,0,3709352
tolCp1,0.5,1,1,GTGTGACCGAGAATGACAGT,0,3678134
tolCp1,0.5,1,1,GTGTCATTTGCACACCCCGA,0,3707748
tolCp1,0.5,1,1,GTGTCAGCCTGTCTCGCGAC,0,3708104
tolCp1,0.5,1,1,GTGTAGATCGCTCCTGCGTA,0,3667094
tolCp1,0.5,1,1,GTGGTTTCGCATTGCTATGC,0,3711284
tolCp1,0.5,1,1,GTGGTCTTACGTAAGAAAAG,0,3675985
tolCp1,0.5,1,1,GTGGTAAGATGTTGGTTACG,0,3714640
tolCp1,0.5,1,1,GTGGGTTTAACCCTGTGTTA,0,3686181
tolCp1,0.5,1,1,GTGGCTTATCGTAAATCATA,0,3674981
tolCp1,0.5,1,1,GTGGCTGAGACTGTCACAGG,0,3678982
tolCp1,0.5,1,1,GTGCTTAGTCATTGGCAAAT,0,3687219
tolCp1,0.5,1,1,GTGCTCTTTAGCCGATACAC,0,3677469
tolCp1,0.5,1,1,GTGCGCTGTAAATGGCATGT,0,3663975
tolCp1,0.5,1,1,GTGCGATTGGTGGGCGTGGT,0,3693970
tolCp1,0.5,1,1,GTGCAGGGAATAAGGTCTTG,0,3693574
tolCp1,0.5,1,1,GTGCACCGAAGCTCTGGCTG,0,3692877
tolCp1,0.5,1,1,GTGATTTAACTACGTGTATA,0,3679316
tolCp1,0.5,1,1,GTGAGTCCGGCCGCCCCTAA,0,3709930
tolCp1,0.5,1,1,GTGAGAATGTAATTCTTGAG,0,3701168
tolCp1,0.5,1,1,GTGACTCACGCGTCTGGGCT,0,3706579
tolCp1,0.5,1,1,GTGAATTGCCTAACTTTATG,0,3661340
tolCp1,0.5,1,1,GTGAAGAGCATACTCGTGGA,0,3664191
tolCp1,0.5,1,1,GTCTTTTGAATGACAATGAG,0,3681394
tolCp1,0.5,1,1,GTCTTAAGGAGCTGCACCAC,0,3707038
tolCp1,0.5,1,1,GTCTGGGCTCATATAATATT,0,3678378
tolCp1,0.5,1,1,GTCTGGGAACAGGCGGACTC,0,3695703
tolCp1,0.5,1,1,GTCTGCGCGAGAATCAGTCA,0,3662899
tolCp1,0.5,1,1,GTCTGATGGAGTCGCTGGAC,0,3670094
tolCp1,0.5,1,1,GTCTGAATTATGTCTTCACA,0,3713740
tolCp1,0.5,1,1,GTCTCAGGGTGTGATGGGAT,0,3693771
tolCp1,0.5,1,1,GTCTATTACCAGCCATGATC,0,3705036
tolCp1,0.5,1,1,GTCTAGGTCCTCACTTATTC,0,3683102
tolCp1,0.5,1,1,GTCTAAGTTTGCAATAGAGA,0,3672074
tolCp1,0.5,1,1,GTCGTAACGATGTCATGCAA,0,3697921
tolCp1,0.5,1,1,GTCGGTCGGCTGTGTGTATA,0,3692848
tolCp1,0.5,1,1,GTCGGGTTCAGACAATAGCG,0,3698138
tolCp1,0.5,1,1,GTCGGGGACCGCGACTTACG,0,3662663
tolCp1,0.5,1,1,GTCGGACCTGGTATCTCTCT,0,3705308
tolCp1,0.5,1,1,GTCGGAAGTTCTGCTTGGGC,0,3661749
tolCp1,0.5,1,1,GTCGATTGAGGGTCCTGTCA,0,3682659
tolCp1,0.5,1,1,GTCGAACTCTGTCAATCACG,0,3675824
tolCp1,0.5,1,1,GTCCTGGAGGTTGTTATACT,0,3661697
tolCp1,0.5,1,1,GTCCTGCGCGCTGAGAAAGG,0,3690056
tolCp1,0.5,1,1,GTCCGATTTAGTGTTGACAA,0,3692025
tolCp1,0.5,1,1,GTCCGATCCTCAAGCCAAAA,0,3680599
tolCp1,0.5,1,1,GTCCCGAAACGTGAATTTTG,0,3683963
tolCp1,0.5,1,1,GTCCACGCCCCGCGACATTT,0,3670574
tolCp1,0.5,1,1,GTCCAATTCACGAAGGTGAA,0,3674712
tolCp1,0.5,1,1,GTCATTGAATTGCTTCAAAA,0,3662115
tolCp1,0.5,1,1,GTCATATTACGTACTGAGTA,0,3661225
tolCp1,0.5,1,1,GTCATATCTTATTTTGGTCC,0,3691365
tolCp1,0.5,1,1,GTCATACATACGGCTCTCGA,0,3671934
tolCp1,0.5,1,1,GTCAGTGCAACCGGGTAAAA,0,3676399
tolCp1,0.5,1,1,GTCACACTAGGTACCGTAAC,0,3664273
tolCp1,0.5,1,1,GTCACAAGACGTGAGGCCAT,0,3679627
tolCp1,0.5,1,1,GTCACAACGGAAGGACGTCG,0,3674923
tolCp1,0.5,1,1,GTATGCTTCGAGAGGAAACC,0,3682151
tolCp1,0.5,1,1,GTATCGGGCCGGCCGCCACA,0,3703848
tolCp1,0.5,1,1,GTATATTGGACGGTCCGCCA,0,3674223
tolCp1,0.5,1,1,GTATAACGCTCACAGCGACT,0,3689833
tolCp1,0.5,1,1,GTATAACCATTGGCAGAGGG,0,3679851
tolCp1,0.5,1,1,GTAGTTTTCACAGACGAACG,0,3715179
tolCp1,0.5,1,1,GTAGTTCGTCTCCGTCTTGT,0,3682011
tolCp1,0.5,1,1,GTAGGGTTCCTTCGCAAGCT,0,3680937
tolCp1,0.5,1,1,GTAGGAAGAGGAGGTATTTA,0,3692438
tolCp1,0.5,1,1,GTAGCGCCTGCAATCCGGTG,0,3709949
tolCp1,0.5,1,1,GTAGCGAGAGTAGGCTCAAC,0,3710649
tolCp1,0.5,1,1,GTAGCCTCAGGCGTTTTGCT,0,3709388
tolCp1,0.5,1,1,GTAGAGAGTGGAATGTCAGA,0,3668622
tolCp1,0.5,1,1,GTAGACATACCCTCGCATAA,0,3673011
tolCp1,0.5,1,1,GTACTGTGTGGCGAGGGTAT,0,3705565
tolCp1,0.5,1,1,GTACGGTACCTTTGCGCAAT,0,3704702
tolCp1,0.5,1,1,GTACCACTTTTTTCAGTAGA,0,3681602
tolCp1,0.5,1,1,GTACAAGACAGGACAGGGTT,0,3675772
tolCp1,0.5,1,1,GTAATATCAGCGATCGAAAG,0,3661333
tolCp1,0.5,1,1,GTAAGTTGATCTCCTATCTG,0,3714435
tolCp1,0.5,1,1,GTAACCTTAGTGCCGATTAA,0,3713211
tolCp1,0.5,1,1,GTAACCTACAGGTAGCCCGA,0,3698151
tolCp1,0.5,1,1,GTAACAGATGACGTTCGTAT,0,3697584
tolCp1,0.5,1,1,GTAAAGAGGCCTACACAGTC,0,3668532
tolCp1,0.5,1,1,GTAAACGTCGGATCGTTACT,0,3662915
tolCp1,0.5,1,1,GTAAACCCGTTGTCCCCTGT,0,3681840
tolCp1,0.5,1,1,GGTTTACGATGGATAATACC,0,3712555
tolCp1,0.5,1,1,GGTTGCACCTCGTGTATATT,0,3687003
tolCp1,0.5,1,1,GGTTGATCTCTGTGCGGCTC,0,3678255
tolCp1,0.5,1,1,GGTTCGCGCTATCTTGGAGG,0,3662315
tolCp1,0.5,1,1,GGTTCGCCTCAGAGAGTTAA,0,3684811
tolCp1,0.5,1,1,GGTTCGAATAACGCCGGCTT,0,3687635
tolCp1,0.5,1,1,GGTTATTCTCCAAATATTAC,0,3666850
tolCp1,0.5,1,1,GGTTAGGTAAACGTAAGCGG,0,3698398
tolCp1,0.5,1,1,GGTGGGCTACTGGACCCGGC,0,3689246
tolCp1,0.5,1,1,GGTGGCTCACAATTTTGTTC,0,3713875
tolCp1,0.5,1,1,GGTGCGGGTCTCGGGGCTTA,0,3690430
tolCp1,0.5,1,1,GGTGCCAGACTTTCAAAGCA,0,3680069
tolCp1,0.5,1,1,GGTGCAAGGAGATAAACAAC,0,3689152
tolCp1,0.5,1,1,GGTGACGGTGCGCGCACTTA,0,3664146
tolCp1,0.5,1,1,GGTCTGTTCTCGTCGTTCGA,0,3667722
tolCp1,0.5,1,1,GGTCTCCTTACCACGTGGCC,0,3663103
tolCp1,0.5,1,1,GGTCTACTTTTCCTGGCCCC,0,3666754
tolCp1,0.5,1,1,GGTCGTTACTCCCGGCCCCG,0,3684280
tolCp1,0.5,1,1,GGTCGGTTGGTCAGTAACGG,0,3690993
tolCp1,0.5,1,1,GGTCCTCTTGACTGCATAAT,0,3707656
tolCp1,0.5,1,1,GGTCCGGGCTTTCGATAGTG,0,3689844
tolCp1,0.5,1,1,GGTCCGGCAGCAAATGTTCT,0,3681120
tolCp1,0.5,1,1,GGTATACTCTTTTAGCGAGC,0,3679100
tolCp1,0.5,1,1,GGTAGTGCAGGCGGAACCGG,0,3700503
tolCp1,0.5,1,1,GGTAGATTGGGCAATATATC,0,3693359
tolCp1,0.5,1,1,GGTACCCCTCGTGTCCACAT,0,3684635
tolCp1,0.5,1,1,GGGTTATTAGAAGACGTATT,0,3693130
tolCp1,0.5,1,1,GGGTTAATCACACGAATGTA,0,3669973
tolCp1,0.5,1,1,GGGTGGTAAACCTCCCAGAC,0,3705945
tolCp1,0.5,1,1,GGGTCATGTCCGGGTTATTA,0,3694550
tolCp1,0.5,1,1,GGGTCACGTATAATGACCAG,0,3667185
tolCp1,0.5,1,1,GGGTAGGTTCGAAATGCAAA,0,3661198
tolCp1,0.5,1,1,GGGTACGTCCTTCAGGTTTG,0,3709400
tolCp1,0.5,1,1,GGGTAAATAAACGTCTCAAT,0,3711376
tolCp1,0.5,1,1,GGGGTTGTACACTACTGGCT,0,3690314
tolCp1,0.5,1,1,GGGGTGAACGAGGCTTAGCT,0,3685483
tolCp1,0.5,1,1,GGGGTACACATAGCTGGCAG,0,3673710
tolCp1,0.5,1,1,GGGGGGCATTACGAACCTCT,0,3674734
tolCp1,0.5,1,1,GGGGGCGCCACGTGGTATCG,0,3713832
tolCp1,0.5,1,1,GGGGGCCTGGAAACTACAAG,0,3667938
tolCp1,0.5,1,1,GGGGGCATGTATATTGTTAT,0,3709148
tolCp1,0.5,1,1,GGGGGCAACATTAGCCATGG,0,3688669
tolCp1,0.5,1,1,GGGGCACTATGTCCGGGACA,0,3699903
tolCp1,0.5,1,1,GGGGAGGACGACCGGGGGCA,0,3684271
tolCp1,0.5,1,1,GGGGACGTTGAACTGGTCGA,0,3695349
tolCp1,0.5,1,1,GGGCTAGGCAATTGGAACTC,0,3709995
tolCp1,0.5,1,1,GGGCGTTTGTGCAGGCATAG,0,3677193
tolCp1,0.5,1,1,GGGCGTTGTCGCGCCTGGTG,0,3696092
tolCp1,0.5,1,1,GGGCGGGGGCGAGTGCCACC,0,3668977
tolCp1,0.5,1,1,GGGCGGGACTGGGGGTCTTA,0,3712126
tolCp1,0.5,1,1,GGGCCAAACTCTTGATGTCA,0,3669974
tolCp1,0.5,1,1,GGGATTATATTTAATTGGCG,0,3672001
tolCp1,0.5,1,1,GGGATGCCCCACCATGCGGT,0,3677056
tolCp1,0.5,1,1,GGGAGGCTAAACAGTTCCTT,0,3697183
tolCp1,0.5,1,1,GGGACATGCCGCATTGTGGC,0,3666922
tolCp1,0.5,1,1,GGGACAACTGGTGACCCACC,0,3699573
tolCp1,0.5,1,1,GGGAATATTCGGGGTATCTA,0,3708917
tolCp1,0.5,1,1,GGGAAAAGGACGAACTCTTT,0,3675688
tolCp1,0.5,1,1,GGCTGGCTTCGCGACTCTTG,0,3681068
tolCp1,0.5,1,1,GGCTGAGAGATCTGGTGGAC,0,3670822
tolCp1,0.5,1,1,GGCTCATCAAGTCCTTTAGG,0,3684341
tolCp1,0.5,1,1,GGCTCACTTTAAACTGCGGA,0,3709528
tolCp1,0.5,1,1,GGCGTCTCCAAAGATACCCG,0,3668340
tolCp1,0.5,1,1,GGCGGGTCTGGTATCATGGG,0,3706918
tolCp1,0.5,1,1,GGCGGCCATGAATAGGTCGC,0,3708149
tolCp1,0.5,1,1,GGCGCGGTGATATTTCAAGT,0,3688040
tolCp1,0.5,1,1,GGCGCCATGAGTCGTCAAGA,0,3691234
tolCp1,0.5,1,1,GGCGCATTGCTAGTCTAAAG,0,3663234
tolCp1,0.5,1,1,GGCGCAACATAGCATCGGTT,0,3692835
tolCp1,0.5,1,1,GGCGCAACAAATACGCGTAC,0,3674131
tolCp1,0.5,1,1,GGCGATCAAGTTGTCAACTT,0,3699534
tolCp1,0.5,1,1,GGCGAGTATTTCGCACAGCT,0,3676901
tolCp1,0.5,1,1,GGCGACGTTTCCCTTACGTT,0,3689438
tolCp1,0.5,1,1,GGCGACGAACGTGTTGATAA,0,3705617
tolCp1,0.5,1,1,GGCGAAGGTAACTATCGAAT,0,3691092
tolCp1,0.5,1,1,GGCCTTGGCGCGCTGCTCTT,0,3710027
tolCp1,0.5,1,1,GGCCGTAGACTGTCCTACGG,0,3679912
tolCp1,0.5,1,1,GGCCCTGGGCGCAAGTCGTA,0,3698697
tolCp1,0.5,1,1,GGCCCTACTTTGCGGGCTGT,0,3681165
tolCp1,0.5,1,1,GGCCCAGTATACAGGCCGAA,0,3703839
tolCp1,0.5,1,1,GGCCACAGTTCCAAGCTTAA,0,3715159
tolCp1,0.5,1,1,GGCATGGCCCCGTCGGAAAT,0,3699745
tolCp1,0.5,1,1,GGCATGACTATCTAGTTTGG,0,3671639
tolCp1,0.5,1,1,GGCATATCTCCATCGTGGTT,0,3663263
tolCp1,0.5,1,1,GGCACGGTGTGTCCGATTAC,0,3685763
tolCp1,0.5,1,1,GGCACGCCGGGGTGACTCCA,0,3695980
tolCp1,0.5,1,1,GGCACGATGGTGGTGGTCTG,0,3673984
tolCp1,0.5,1,1,GGATTTGCCAGAGGACTCAC,0,3666392
tolCp1,0.5,1,1,GGATTTCCGGGCAGCACAGT,0,3690996
tolCp1,0.5,1,1,GGATTTCATGAGGTTGCAGA,0,3701126
tolCp1,0.5,1,1,GGATTGGTTGGCATGACGAG,0,3700484
tolCp1,0.5,1,1,GGATGGCAAGTTAGAGTTTC,0,3687720
tolCp1,0.5,1,1,GGATGAGAATGAGGGTGATC,0,3708279
tolCp1,0.5,1,1,GGATCCTCGGAACAGTTATA,0,3711785
tolCp1,0.5,1,1,GGATCAAGATAAAACGATGG,0,3715492
tolCp1,0.5,1,1,GGATATAGCGATACCGACGT,0,3673010
tolCp1,0.5,1,1,GGATAGTTTTGACATTTTCC,0,3676801
tolCp1,0.5,1,1,GGATACTCTCAGAGTAGGAC,0,3711484
tolCp1,0.5,1,1,GGATACATATATCTGACCAT,0,3683368
tolCp1,0.5,1,1,GGATACACCAATGCAGCCGC,0,3677212
tolCp1,0.5,1,1,GGATAAACGTGGTTGGCCCG,0,3705960
tolCp1,0.5,1,1,GGAGGATATTCCAAGCATTA,0,3662964
tolCp1,0.5,1,1,GGAGCTGTAATTTAAGTTGA,0,3689730
tolCp1,0.5,1,1,GGACTCCATAGTTCCGTAAG,0,3681013
tolCp1,0.5,1,1,GGACGGGCTTTACAAGGTTG,0,3711836
tolCp1,0.5,1,1,GGACGCACCCTTGTGCCTTG,0,3709533
tolCp1,0.5,1,1,GGACGAGGGCCGGCTGTCAT,0,3663901
tolCp1,0.5,1,1,GGACGAAGTTGCCATGTTTG,0,3682216
tolCp1,0.5,1,1,GGACCTGTGCCGCACGAGCA,0,3681579
tolCp1,0.5,1,1,GGACCGCTTTACGAAATGTG,0,3667041
tolCp1,0.5,1,1,GGAATTCTTCCCCATAGCGC,0,3685917
tolCp1,0.5,1,1,GGAATTCCGATACAGGCCCC,0,3664935
tolCp1,0.5,1,1,GGAATGGAGCGCAGTGTCTC,0,3700535
tolCp1,0.5,1,1,GGAATAACATCAGCTCGAAG,0,3682690
tolCp1,0.5,1,1,GGAAGTTAAACGAAACATCA,0,3714205
tolCp1,0.5,1,1,GGAAGGTCGACAAGAGCGTG,0,3692272
tolCp1,0.5,1,1,GGAAGGGGCACTTGCGTTGT,0,3710855
tolCp1,0.5,1,1,GGAAGATGATCATGATGTTA,0,3709596
tolCp1,0.5,1,1,GGAAACCTAAATCAGACCAG,0,3668201
tolCp1,0.5,1,1,GCTTTCTGGCCCAGAGAGGT,0,3706319
tolCp1,0.5,1,1,GCTTGTCCTCTTCGAAATCC,0,3703670
tolCp1,0.5,1,1,GCTTGGTCAAATGGACGTTC,0,3703737
tolCp1,0.5,1,1,GCTTGGAGTTTTGAATCTGT,0,3667596
tolCp1,0.5,1,1,GCTTGCGCGGCGATGCCTAA,0,3670782
tolCp1,0.5,1,1,GCTTCGATGTGTCAGCCTCC,0,3697006
tolCp1,0.5,1,1,GCTTCACACATTGCGTCGAG,0,3661337
tolCp1,0.5,1,1,GCTTAGCCGGCCATCCGGGG,0,3705064
tolCp1,0.5,1,1,GCTGTCGCGACGACTCCTGT,0,3709913
tolCp1,0.5,1,1,GCTGGCCACTGTTGAATAAA,0,3692686
tolCp1,0.5,1,1,GCTGCTTTCTGGGTCGTGAG,0,3701096
tolCp1,0.5,1,1,GCTGACTGTCGTGGATGCTA,0,3664158
tolCp1,0.5,1,1,GCTGAAGGGCCGCGAACCCG,0,3672320
tolCp1,0.5,1,1,GCTCTTGGAGATGGCCCGCT,0,3688213
tolCp1,0.5,1,1,GCTCTGCATGTTTTTGAAAT,0,3703227
tolCp1,0.5,1,1,GCTCTCCGGGCGCTCTCTCA,0,3678527
tolCp1,0.5,1,1,GCTCTCATCCTGAGGAACCC,0,3661485
tolCp1,0.5,1,1,GCTCGTGGGCACTCACGGCT,0,3665844
tolCp1,0.5,1,1,GCTCGCGGGAATTAGTTCTC,0,3690983
tolCp1,0.5,1,1,GCTCCTGCCCGCGCCTTATT,0,3703162
tolCp1,0.5,1,1,GCTCCTCCGCATGCCTTAAT,0,3670411
tolCp1,0.5,1,1,GCTCCGTAGCGCTTTAGCGC,0,3669665
tolCp1,0.5,1,1,GCTCCGCGTAATATCAATTA,0,3715607
tolCp1,0.5,1,1,GCTCCAGGAGACGGCTAAGC,0,3670330
tolCp1,0.5,1,1,GCTCATATTGCGGCTGAGAG,0,3673896
tolCp1,0.5,1,1,GCTATGATTGCTACGCGAAT,0,3685156
tolCp1,0.5,1,1,GCTATCTAACCCCATGGTCT,0,3661397
tolCp1,0.5,1,1,GCTACGGCAGTAACGACTCC,0,3711427
tolCp1,0.5,1,1,GCTAATGGGAAAAGCAATAC,0,3679431
tolCp1,0.5,1,1,GCTAATAGGTACGGGGGCCA,0,3679744
tolCp1,0.5,1,1,GCGTGTGGTTGGCTAACTTT,0,3698090
tolCp1,0.5,1,1,GCGTGTCAGTTCTTTGACGT,0,3713715
tolCp1,0.5,1,1,GCGTGCCTAAGTGGTGTGAA,0,3691301
tolCp1,0.5,1,1,GCGTGCAGCCCTGCGGAAGC,0,3711639
tolCp1,0.5,1,1,GCGTGATACAATTGCGCACC,0,3695431
tolCp1,0.5,1,1,GCGTCTTCCCGGGGAGGTGT,0,3714644
tolCp1,0.5,1,1,GCGTCTGATATAGCCCCATT,0,3691522
tolCp1,0.5,1,1,GCGTCTCTACAGCGTGGTTA,0,3670968
tolCp1,0.5,1,1,GCGGTATCGAGTACTATGGT,0,3688570
tolCp1,0.5,1,1,GCGGGTCTACGGTGTCTACA,0,3694654
tolCp1,0.5,1,1,GCGGGGGTTGCCACAGAGGT,0,3671198
tolCp1,0.5,1,1,GCGGGCCTACAATTTCCATG,0,3687942
tolCp1,0.5,1,1,GCGGCATGCCATTTTTAAAC,0,3705453
tolCp1,0.5,1,1,GCGGATCTGTTAGAGGAGTA,0,3696265
tolCp1,0.5,1,1,GCGGAATGTGATCGAATTCT,0,3692023
tolCp1,0.5,1,1,GCGGAACGAGGGGGTCCACT,0,3698875
tolCp1,0.5,1,1,GCGCTAGACATATTCCAGAC,0,3689908
tolCp1,0.5,1,1,GCGCGAGGTAACCGACATCT,0,3706996
tolCp1,0.5,1,1,GCGCACGAGCCAGGGTTAAT,0,3695519
tolCp1,0.5,1,1,GCGCACCCCGCCCAATGAAT,0,3673289
tolCp1,0.5,1,1,GCGATTGTCGGGAAATAGTG,0,3699548
tolCp1,0.5,1,1,GCGATACTTAATCAGCTCTG,0,3713628
tolCp1,0.5,1,1,GCGAGTGACATGCCCCTCAA,0,3695477
tolCp1,0.5,1,1,GCCTTCTGTATCTATTATTT,0,3703341
tolCp1,0.5,1,1,GCCTTAGCAGGTGTTACCAT,0,3682702
tolCp1,0.5,1,1,GCCTGTTAGAACTGTATATG,0,3663758
tolCp1,0.5,1,1,GCCTGCAGCGAATCTTATAC,0,3714323
tolCp1,0.5,1,1,GCCTGCAATCGACCGCAGGA,0,3667698
tolCp1,0.5,1,1,GCCTCTCCGTCCTTGTCTCA,0,3661824
tolCp1,0.5,1,1,GCCGTTCCCGTTAGTTGACT,0,3684524
tolCp1,0.5,1,1,GCCGTGACCCGCTTTGCCAG,0,3697699
tolCp1,0.5,1,1,GCCGTCTACCGCGGACTCGG,0,3673142
tolCp1,0.5,1,1,GCCGTCGGTCCGGTGGGTCA,0,3663586
tolCp1,0.5,1,1,GCCGGTATGCTCAAGATAAC,0,3713277
tolCp1,0.5,1,1,GCCGCGCACTACGGCACAAT,0,3694428
tolCp1,0.5,1,1,GCCGATACAATGTTGTCATT,0,3662030
tolCp1,0.5,1,1,GCCCTGCGGATCACTTCGTG,0,3693937
tolCp1,0.5,1,1,GCCCTAGGGGCCGTACGAAG,0,3689346
tolCp1,0.5,1,1,GCCCGTTCCGAGATTCAGAC,0,3663671
tolCp1,0.5,1,1,GCCCAGAATGGGGACCAGTC,0,3705141
tolCp1,0.5,1,1,GCCACGAGTCAACGGTCACG,0,3688401
tolCp1,0.5,1,1,GCATTCACAACAAGTGGGGT,0,3679804
tolCp1,0.5,1,1,GCATGATTGTGGTGAGTTAA,0,3685828
tolCp1,0.5,1,1,GCATGAAGGAGGACAGGTCC,0,3680532
tolCp1,0.5,1,1,GCATCGCACACTTCATTGAC,0,3701702
tolCp1,0.5,1,1,GCATCAAGTTAGGTTCGGGA,0,3682206
tolCp1,0.5,1,1,GCAGTTGTAAGAACCGCAAA,0,3677131
tolCp1,0.5,1,1,GCAGTTACGTGGACTTGGAC,0,3681024
tolCp1,0.5,1,1,GCAGTAATGGACGTGGCCGA,0,3684799
tolCp1,0.5,1,1,GCAGGGCCTAAACTGGTTTC,0,3673778
tolCp1,0.5,1,1,GCAGGCTACGTCAGCATTGT,0,3663500
tolCp1,0.5,1,1,GCAGAGGGAGTGCTCGTTAA,0,3669061
tolCp1,0.5,1,1,GCAGAGAATTAAGTTAAAGT,0,3672296
tolCp1,0.5,1,1,GCAGAAGTCAATTAGGCCTG,0,3673199
tolCp1,0.5,1,1,GCAGAAGCTTAGCACAATGG,0,3688258
tolCp1,0.5,1,1,GCACCGTCATGGATCGGCGG,0,3667955
tolCp1,0.5,1,1,GCACCGACGGAGCATATAGC,0,3703658
tolCp1,0.5,1,1,GCACCGAAACCGAAAATAGA,0,3671575
tolCp1,0.5,1,1,GCACACACGCTATCCGAACA,0,3676088
tolCp1,0.5,1,1,GCACAAGAACAAGTTGACAC,0,3681348
tolCp1,0.5,1,1,GCAATCTCATGGATTTAAAT,0,3681209
tolCp1,0.5,1,1,GCAAGTAAATATCTCACGCG,0,3715265
tolCp1,0.5,1,1,GCAAGATTAGGAGTCTTCCA,0,3669840
tolCp1,0.5,1,1,GCAACCCTGCTGCTCATTGC,0,3683792
tolCp1,0.5,1,1,GCAACCAACTGTCTCAACCA,0,3685784
tolCp1,0.5,1,1,GCAAACGGTTTTACCGACTT,0,3677594
tolCp1,0.5,1,1,GCAAAAGCCGATTTTATTGT,0,3665838
tolCp1,0.5,1,1,GATTTTATTGTGACTGATTC,0,3675165
tolCp1,0.5,1,1,GATTGCTAACTTCCACTTGC,0,3689843
tolCp1,0.5,1,1,GATTGCATCCCTATGTTGCA,0,3671894
tolCp1,0.5,1,1,GATTCTTGAACGAATCTTGA,0,3673883
tolCp1,0.5,1,1,GATTCTACTGAACGTGCTGC,0,3672446
tolCp1,0.5,1,1,GATTCGGTTGCAAATTGTTA,0,3681168
tolCp1,0.5,1,1,GATTCCTCTTCTCTGTCAGT,0,3671432
tolCp1,0.5,1,1,GATTCCTCTCCATAGGGCAC,0,3714938
tolCp1,0.5,1,1,GATTCAAGCTTAGCAAACTA,0,3705596
tolCp1,0.5,1,1,GATTACTAGGTGCACTAAAG,0,3708644
tolCp1,0.5,1,1,GATTACCCAAGTCGTAGCTG,0,3699132
tolCp1,0.5,1,1,GATGTTTACTTGCGGTTAAT,0,3663831
tolCp1,0.5,1,1,GATGTTAATTGTATTGCATA,0,3684532
tolCp1,0.5,1,1,GATGGGTAAATTTTCTCTCT,0,3696746
tolCp1,0.5,1,1,GATGGCTAGGATTTCAAACC,0,3668350
tolCp1,0.5,1,1,GATGCTCGCACCAGTGGAGT,0,3710177
tolCp1,0.5,1,1,GATGCGTGGTTGGCAAACCT,0,3677232
tolCp1,0.5,1,1,GATGCCTGCGGATGTTCCGA,0,3710132
tolCp1,0.5,1,1,GATGCCACCCGTGTATTATG,0,3684709
tolCp1,0.5,1,1,GATCTGAAATGTGCGGGTAT,0,3701544
tolCp1,0.5,1,1,GATCGGGCGACAGTACCTGG,0,3662926
tolCp1,0.5,1,1,GATCGAGTTGTAGGAGACGA,0,3674399
tolCp1,0.5,1,1,GATCATCTTTTGTGGCTTGA,0,3662635
tolCp1,0.5,1,1,GATCAAGCCGGATTATGCAA,0,3714735
tolCp1,0.5,1,1,GATATTTTTTTGGGATCGAT,0,3668045
tolCp1,0.5,1,1,GATAGAGTGACAAGCATCTT,0,3705823
tolCp1,0.5,1,1,GATAAATTTGCTCAAGATTA,0,3674419
tolCp1,0.5,1,1,GATAAAGGTTATCTTACAGT,0,3712313
tolCp1,0.5,1,1,GAGTTTAGTTGGGTCACGAA,0,3682756
tolCp1,0.5,1,1,GAGTGTATGGGCGTGCTTCA,0,3701183
tolCp1,0.5,1,1,GAGTGATTTGCTTGTGAGAT,0,3673076
tolCp1,0.5,1,1,GAGTGAGCGGGAAGGGTATA,0,3706879
tolCp1,0.5,1,1,GAGTCCGGTATGAGCGCGAT,0,3693703
tolCp1,0.5,1,1,GAGTCCCGCGTAACAGGTCT,0,3682839
tolCp1,0.5,1,1,GAGTATTATGTAGTTGTCTA,0,3661588
tolCp1,0.5,1,1,GAGTAGACGTAGTCACGATC,0,3686113
tolCp1,0.5,1,1,GAGTAATACCACTGTCAGTC,0,3675884
tolCp1,0.5,1,1,GAGGTTTATCGCGCACGTCA,0,3663155
tolCp1,0.5,1,1,GAGGTCGCAATTGTCAACGA,0,3700349
tolCp1,0.5,1,1,GAGGTCGAATGGTCGCCCAG,0,3701187
tolCp1,0.5,1,1,GAGGGTTATGTGCGCATCGA,0,3704161
tolCp1,0.5,1,1,GAGGGGCGGTAAAGTAGACG,0,3687952
tolCp1,0.5,1,1,GAGGGCCGTTCTGGGGCGAA,0,3688195
tolCp1,0.5,1,1,GAGGGACGTGGAAAGATATA,0,3678133
tolCp1,0.5,1,1,GAGGCAAGGTGCGTGTAAAC,0,3668155
tolCp1,0.5,1,1,GAGGATTAACAGAATCGTAA,0,3712809
tolCp1,0.5,1,1,GAGGATATGCAGTATGGAGC,0,3697972
tolCp1,0.5,1,1,GAGGAACCAGGAAGCACTCT,0,3710891
tolCp1,0.5,1,1,GAGCTCCCTCAAACGATTTG,0,3679110
tolCp1,0.5,1,1,GAGCGTTACTACGGTCAACC,0,3668940
tolCp1,0.5,1,1,GAGCGTCCTTAAAGAGATAT,0,3681459
tolCp1,0.5,1,1,GAGCGAACTAGGGTTGAGAA,0,3704813
tolCp1,0.5,1,1,GAGCCTATCGACACGACCAC,0,3673153
tolCp1,0.5,1,1,GAGCCATGAGAAGTTGGCCA,0,3661685
tolCp1,0.5,1,1,GAGATTCTAAAACCGAAGCG,0,3689590
tolCp1,0.5,1,1,GAGATTCCCGTGCTTAAGAC,0,3698769
tolCp1,0.5,1,1,GAGACTCGCTCCCCCGGCGC,0,3700879
tolCp1,0.5,1,1,GACTTTTAGACGGAGTAGAT,0,3711477
tolCp1,0.5,1,1,GACTTACGTGAGGTATAGCC,0,3671701
tolCp1,0.5,1,1,GACTGTAGATCGGGCGTGCT,0,3692004
tolCp1,0.5,1,1,GACTGGCTGATTAGCCTCCA,0,3670034
tolCp1,0.5,1,1,GACGTTTCTTGAGTCTGGAT,0,3666983
tolCp1,0.5,1,1,GACGCGTGACTGCCTAAGTA,0,3671969
tolCp1,0.5,1,1,GACGCACAGTTCGCCTAGCA,0,3711680
tolCp1,0.5,1,1,GACCTTATTTTTTTAAAGTT,0,3712464
tolCp1,0.5,1,1,GACCGCCTCTAGCACCGACT,0,3683510
tolCp1,0.5,1,1,GACCCCCTAGTTAAGGGCCT,0,3697887
tolCp1,0.5,1,1,GACCACTGATATGACTAGAA,0,3667637
tolCp1,0.5,1,1,GACCAAGGTGGAAAACCCGG,0,3675208
tolCp1,0.5,1,1,GACATGCTGCTCAGGGCAAC,0,3691164
tolCp1,0.5,1,1,GACATGATATACGAAAAGGT,0,3697615
tolCp1,0.5,1,1,GACATCGCCACGATGAATTC,0,3695786
tolCp1,0.5,1,1,GACAGGCCTTTAGATAGTTC,0,3706057
tolCp1,0.5,1,1,GACAGCACTCGACCGGCATC,0,3714935
tolCp1,0.5,1,1,GACACTGTGGTAGTCAAACG,0,3704149
tolCp1,0.5,1,1,GACACATTTGGAGATCCCAG,0,3666924
tolCp1,0.5,1,1,GACAACCGCAATTGCAGTTG,0,3674503
tolCp1,0.5,1,1,GAATTGGGTACAAAGCTGTT,0,3685132
tolCp1,0.5,1,1,GAATGTCAGTCTTAACATAG,0,3698716
tolCp1,0.5,1,1,GAATGGTCCGAGCGGTCTCA,0,3688329
tolCp1,0.5,1,1,GAATGGGTTCGACCGGTTCA,0,3714153
tolCp1,0.5,1,1,GAATGGCCGGCAAGCGATCA,0,3672944
tolCp1,0.5,1,1,GAATGCCGTATTACTGCTAA,0,3701646
tolCp1,0.5,1,1,GAATCGGAAAACCCCGGCCG,0,3662889
tolCp1,0.5,1,1,GAATAATCAAAGACGTTCAA,0,3702576
tolCp1,0.5,1,1,GAAGGATAAAGTTTGGTCCA,0,3676406
tolCp1,0.5,1,1,GAAGCTCGCAGCGCCTTGTT,0,3707050
tolCp1,0.5,1,1,GAAGCCAAAGTTTAGAAGCT,0,3707628
tolCp1,0.5,1,1,GAAGATGGCGGACTCCGGCA,0,3689788
tolCp1,0.5,1,1,GAAGAAGGCGCGCATTAATC,0,3694811
tolCp1,0.5,1,1,GAAGAAACATATGACGTCTA,0,3686683
tolCp1,0.5,1,1,GAACGTTTCACACAAGTACC,0,3680291
tolCp1,0.5,1,1,GAACGTGGCCGTGTCCGTTA,0,3665790
tolCp1,0.5,1,1,GAACGGATACGGGGGGGTTA,0,3700974
tolCp1,0.5,1,1,GAACGCCCCTTTTCTTCGTT,0,3701173
tolCp1,0.5,1,1,GAACGACTGACGCGGGACTC,0,3683760
tolCp1,0.5,1,1,GAACGACTCGTGCGCGACTA,0,3702578
tolCp1,0.5,1,1,GAACCGCGGCCACGAGCCTT,0,3700267
tolCp1,0.5,1,1,GAACCGCCGACTTGTGACAA,0,3677050
tolCp1,0.5,1,1,GAACAGTGACAGCAGAGGAC,0,3680561
tolCp1,0.5,1,1,GAACAGGCGCTGTGGATAAG,0,3697024
tolCp1,0.5,1,1,GAAAGTCCCAAAGACGGACC,0,3712866
tolCp1,0.5,1,1,GAAAACGGCGCAAAAGCCCT,0,3682200
tolCp1,0.5,1,1,CTTTTTTTTGATTGTTCCAT,0,3699956
tolCp1,0.5,1,1,CTTTTCGGAGTTTATATTAC,0,3680765
tolCp1,0.5,1,1,CTTTGGTGCCAGAAATATGA,0,3683068
tolCp1,0.5,1,1,CTTTGAGTTATTGCTGCTCG,0,3678271
tolCp1,0.5,1,1,CTTTGAGCTGAAGCCGCTGT,0,3710674
tolCp1,0.5,1,1,CTTTGAACCTGCACGAGACT,0,3691972
tolCp1,0.5,1,1,CTTTCGTCTTATCAGGAGCT,0,3694360
tolCp1,0.5,1,1,CTTTATCTGGTGAGAGAATT,0,3670456
tolCp1,0.5,1,1,CTTTAGTCGCCGTCGAAAAT,0,3710218
tolCp1,0.5,1,1,CTTTACGCTAACTGAATAAG,0,3687966
tolCp1,0.5,1,1,CTTTAATTGAGGCCTATGAA,0,3714613
tolCp1,0.5,1,1,CTTTAACTCGTACTGGCCAA,0,3712762
tolCp1,0.5,1,1,CTTGTGTTGTCGTGCATGGG,0,3668558
tolCp1,0.5,1,1,CTTGTCACCGCCGGAACATA,0,3715113
tolCp1,0.5,1,1,CTTGGTGCAGCTGTTAACAT,0,3704259
tolCp1,0.5,1,1,CTTGGAGTGACCCCGCGCAA,0,3684812
tolCp1,0.5,1,1,CTTGGACCAAGCACTCCGGG,0,3714703
tolCp1,0.5,1,1,CTTGGAATTTATGTTCTAGA,0,3695441
tolCp1,0.5,1,1,CTTGCGTACAAATGTGGCGT,0,3707446
tolCp1,0.5,1,1,CTTGACGATTACAGCAGAGT,0,3681908
tolCp1,0.5,1,1,CTTCTGCGCAGTGAAAATTA,0,3690316
tolCp1,0.5,1,1,CTTCTGAGTGGGATAGTGAC,0,3705680
tolCp1,0.5,1,1,CTTCGGGGTAGTCGTGAAGA,0,3690681
tolCp1,0.5,1,1,CTTCCAAACGTGTGCACTTT,0,3669199
tolCp1,0.5,1,1,CTTCATCTGAATAGGACAGG,0,3692910
tolCp1,0.5,1,1,CTTCACTCGAGAGTGCGGTG,0,3670767
tolCp1,0.5,1,1,CTTCAAACATCATTCATCGT,0,3690213
tolCp1,0.5,1,1,CTTATTGCAATGGGAGGGGT,0,3670758
tolCp1,0.5,1,1,CTTATGCATCGATACTTGCA,0,3666852
tolCp1,0.5,1,1,CTTATCCTATTTGGCGCGGC,0,3694694
tolCp1,0.5,1,1,CTTATAGCTGAACACACGCA,0,3662107
tolCp1,0.5,1,1,CTTAGTGCGACCTTCTCAGG,0,3707324
tolCp1,0.5,1,1,CTTACGGTTGTATCTGTCGG,0,3706185
tolCp1,0.5,1,1,CTGTTTCTAGGTGGTGGATT,0,3671558
tolCp1,0.5,1,1,CTGTTTCCAAGATGCGCGTT,0,3701052
tolCp1,0.5,1,1,CTGTTTAGTTCCACTCTTGA,0,3710243
tolCp1,0.5,1,1,CTGTTAGCTTACAGACGGGA,0,3687439
tolCp1,0.5,1,1,CTGTTACCCAAGAGAGAGCT,0,3686723
tolCp1,0.5,1,1,CTGTGGATGAGTAACTGACA,0,3704209
tolCp1,0.5,1,1,CTGTGATTCTTAAACGCGTG,0,3688277
tolCp1,0.5,1,1,CTGTCTTGGCTTGCCCATCC,0,3665466
tolCp1,0.5,1,1,CTGTATAAAGCAATATTAGT,0,3709048
tolCp1,0.5,1,1,CTGGTACGCTTACGATTAGA,0,3700143
tolCp1,0.5,1,1,CTGGGATTAAGTTTTTTTAT,0,3667911
tolCp1,0.5,1,1,CTGGCCAGGAACTGGCATCC,0,3670461
tolCp1,0.5,1,1,CTGGAGTACGCCTACAATCA,0,3691958
tolCp1,0.5,1,1,CTGGACCGGTATTCACGGTT,0,3702617
tolCp1,0.5,1,1,CTGCTGGTGGGTTATATGTT,0,3692314
tolCp1,0.5,1,1,CTGCGTTTCCAACCGCGCCG,0,3701505
tolCp1,0.5,1,1,CTGCACTCCTACTCACTTTA,0,3705238
tolCp1,0.5,1,1,CTGCACGTGGGTACAGCAAG,0,3709691
tolCp1,0.5,1,1,CTGCAAGAATATACTTTTAT,0,3713877
tolCp1,0.5,1,1,CTGAGTGAGGTTGAACCTTG,0,3710791
tolCp1,0.5,1,1,CTGAGGGTCGCACAAAAGGG,0,3676075
tolCp1,0.5,1,1,CTGAGAGGCTGTGTGTACGA,0,3665602
tolCp1,0.5,1,1,CTGAGAATGTGAGATTGAGG,0,3693309
tolCp1,0.5,1,1,CTGACTGGTATTCTGTGTTA,0,3673220
tolCp1,0.5,1,1,CTGACTACCGACTTAAAGGT,0,3712299
tolCp1,0.5,1,1,CTGACCAAAGACGCACACAC,0,3706024
tolCp1,0.5,1,1,CTGACAGGTCTATCAGGCGG,0,3674950
tolCp1,0.5,1,1,CTGAATCTTAATTCGAAATA,0,3684225
tolCp1,0.5,1,1,CTGAATCTATGATCGCAGTT,0,3683360
tolCp1,0.5,1,1,CTGAACAGCTTGCAAGAATT,0,3675936
tolCp1,0.5,1,1,CTCTTTTTCGTGTATCGAAC,0,3679381
tolCp1,0.5,1,1,CTCTTCCCGGGGTCCGTCCA,0,3687978
tolCp1,0.5,1,1,CTCTCGGGGTATGACCCATA,0,3670226
tolCp1,0.5,1,1,CTCTAGATAGATTAGCAACT,0,3677926
tolCp1,0.5,1,1,CTCGTTCTGGTACTTCCTAG,0,3687888
tolCp1,0.5,1,1,CTCGTCCTATTGTAGTGCTG,0,3685723
tolCp1,0.5,1,1,CTCGTCCGCACAGATGTCAC,0,3706345
tolCp1,0.5,1,1,CTCGTATAGCTGATACTTCT,0,3678315
tolCp1,0.5,1,1,CTCGGTCTAGTTCAGGTCGG,0,3682181
tolCp1,0.5,1,1,CTCGGTCGATTTGACTCGTT,0,3713952
tolCp1,0.5,1,1,CTCGGTCAGAGCATGATTGG,0,3665504
tolCp1,0.5,1,1,CTCGGGGACGTTTAAAAGTA,0,3682203
tolCp1,0.5,1,1,CTCGACAAGGAAGGTACTTT,0,3672405
tolCp1,0.5,1,1,CTCGACAACGTTTGTGGCGG,0,3710071
tolCp1,0.5,1,1,CTCCGGCATACCCCGATGCA,0,3686598
tolCp1,0.5,1,1,CTCCGGAGTAGCTAAAAAAT,0,3669034
tolCp1,0.5,1,1,CTCCGCTCGAGAGTCGAGAT,0,3685466
tolCp1,0.5,1,1,CTCATCCCATCCCCGCGCAT,0,3661499
tolCp1,0.5,1,1,CTCACATGCCCCGATCCAGC,0,3676671
tolCp1,0.5,1,1,CTCACATACAAAAGCCTTCA,0,3696282
tolCp1,0.5,1,1,CTCAAACAACTGCCAACATT,0,3701816
tolCp1,0.5,1,1,CTATTCCGGAGAGGTGTTCG,0,3661543
tolCp1,0.5,1,1,CTATTCAGAATAGGATGGTA,0,3671150
tolCp1,0.5,1,1,CTATTAAATCACTGTCCCCC,0,3708546
tolCp1,0.5,1,1,CTATGATATTGATTGCCATG,0,3701684
tolCp1,0.5,1,1,CTATCGTTCAGAGTCTAGCT,0,3676219
tolCp1,0.5,1,1,CTATCCGTCTAACTAACTTG,0,3695609
tolCp1,0.5,1,1,CTATCATTCGGCGCCATGGT,0,3663026
tolCp1,0.5,1,1,CTATATCGCTGGGATCTACT,0,3706807
tolCp1,0.5,1,1,CTAGTGATTTAACGCGTCAT,0,3701734
tolCp1,0.5,1,1,CTAGTGACTCAGGACACTTA,0,3664232
tolCp1,0.5,1,1,CTAGTCAGCAGCACTCTATG,0,3685935
tolCp1,0.5,1,1,CTAGATTAATGGTCTACGGG,0,3675257
tolCp1,0.5,1,1,CTAGAGGGTTTATGGCCGGT,0,3668647
tolCp1,0.5,1,1,CTAGACGCTTTAAAGTCGTG,0,3684544
tolCp1,0.5,1,1,CTAGAATGTCCAGAGACTCC,0,3680141
tolCp1,0.5,1,1,CTACTTATCTACGTGGACCG,0,3681518
tolCp1,0.5,1,1,CTACTGTTGCTACTTAGCCA,0,3696308
tolCp1,0.5,1,1,CTACTGTTATTGCTGATCGG,0,3680596
tolCp1,0.5,1,1,CTACTGGACATAGCGTCTTG,0,3670513
tolCp1,0.5,1,1,CTACGGTGCGTGTTCAAAAT,0,3679504
tolCp1,0.5,1,1,CTACCAGCGGTAAGTTAGGC,0,3667224
tolCp1,0.5,1,1,CTACAAAGGCTCCGGGTTGT,0,3715271
tolCp1,0.5,1,1,CTAAGCCTTGCGAGAATACT,0,3687636
tolCp1,0.5,1,1,CGTTTTTTTTTTTTCTAAGG,0,3701124
tolCp1,0.5,1,1,CGTTTTTTTTTTCTAAGGGC,0,3701127
tolCp1,0.5,1,1,CGTTTAATGGCCCTCCCTTT,0,3686773
tolCp1,0.5,1,1,CGTTGTCCCTGTTCACCCGT,0,3680138
tolCp1,0.5,1,1,CGTTGACCTTATGTTGTTTT,0,3682270
tolCp1,0.5,1,1,CGTTCGGATCAGTCCACTGG,0,3688064
tolCp1,0.5,1,1,CGTTCCTTTGGGGTGAAGGC,0,3668574
tolCp1,0.5,1,1,CGTTCCACATCAGCTGCGTC,0,3677129
tolCp1,0.5,1,1,CGTTCAGCACTGTCTCGCTC,0,3710497
tolCp1,0.5,1,1,CGTGTTAGGGAAATTCCTAC,0,3706949
tolCp1,0.5,1,1,CGTGTGTGAGATCTTCAATA,0,3661659
tolCp1,0.5,1,1,CGTGGTTTCAGATTTAAGGA,0,3669921
tolCp1,0.5,1,1,CGTGCTGTACATTCCGGGGT,0,3678983
tolCp1,0.5,1,1,CGTGCTCTGTCCGTCAGGTA,0,3689631
tolCp1,0.5,1,1,CGTGCGAGGAAACCATCTAT,0,3686643
tolCp1,0.5,1,1,CGTGCACTGTCGCAAGTTTG,0,3703153
tolCp1,0.5,1,1,CGTGCAAAGATTTAGTTAAT,0,3684470
tolCp1,0.5,1,1,CGTGAGGGACATACCTGGCT,0,3708494
tolCp1,0.5,1,1,CGTGAAGTGCGCCCAGAGAG,0,3707661
tolCp1,0.5,1,1,CGTCTGAGTTGAATGTGGAC,0,3676712
tolCp1,0.5,1,1,CGTCTAAAGTAAGATATTTG,0,3704544
tolCp1,0.5,1,1,CGTCGGCGGAAGAGCACATG,0,3693837
tolCp1,0.5,1,1,CGTCCGTTGCGGGGATTCTC,0,3707873
tolCp1,0.5,1,1,CGTCCACAGTCGTCACTCGT,0,3714872
tolCp1,0.5,1,1,CGTCACAGCGCTCTGTCAGG,0,3700471
tolCp1,0.5,1,1,CGTCAATGCATCCAGCTCTT,0,3666108
tolCp1,0.5,1,1,CGTATTGGTTTAGCCTCTGG,0,3688219
tolCp1,0.5,1,1,CGTAGTTTAGGTCAATTTAT,0,3679882
tolCp1,0.5,1,1,CGTAGGTGGTGATCTGGCAT,0,3694462
tolCp1,0.5,1,1,CGTAGAAGTAATTATCTCGT,0,3674679
tolCp1,0.5,1,1,CGTACTTGGAGAAACAGATT,0,3689544
tolCp1,0.5,1,1,CGTACGGGCCGATCTCGGAG,0,3673174
tolCp1,0.5,1,1,CGTACGACCCGTGGAGACTA,0,3694125
tolCp1,0.5,1,1,CGTACCGCGGGGTCCTAGAA,0,3689155
tolCp1,0.5,1,1,CGTACCCGTCGCCACGCGGA,0,3692311
tolCp1,0.5,1,1,CGTACAAGCAATATCATGGC,0,3705139
tolCp1,0.5,1,1,CGTAATCGACGTAATGGTCG,0,3685627
tolCp1,0.5,1,1,CGTAAGCGATACACATTTAC,0,3708009
tolCp1,0.5,1,1,CGGTTCCGAATCGCGGGAGG,0,3703381
tolCp1,0.5,1,1,CGGTCTTGGGATGCCCCGTA,0,3682727
tolCp1,0.5,1,1,CGGTCCAAAAGGCGTGCGAT,0,3703802
tolCp1,0.5,1,1,CGGGTCAACGCTTTCGTTTT,0,3664605
tolCp1,0.5,1,1,CGGGGTTAGGCCACCGTGCG,0,3708329
tolCp1,0.5,1,1,CGGGCGGACACCGCGCAGTA,0,3696716
tolCp1,0.5,1,1,CGGGATGTCTTTAGCAGAAC,0,3706729
tolCp1,0.5,1,1,CGGGAGACGGTATAAGGCAA,0,3709387
tolCp1,0.5,1,1,CGGGAAAACGCAATATCGTT,0,3672417
tolCp1,0.5,1,1,CGGCTGAGATTGGCGACGAT,0,3694468
tolCp1,0.5,1,1,CGGCTAGATAGTTAGTAATG,0,3700769
tolCp1,0.5,1,1,CGGCTAATGTAAATCATGAC,0,3701047
tolCp1,0.5,1,1,CGGCGGTCAACTGGAATAAG,0,3701021
tolCp1,0.5,1,1,CGGCGAGACGGATATGTGGG,0,3695247
tolCp1,0.5,1,1,CGGCCTTGGGGCGTCAGGGT,0,3676262
tolCp1,0.5,1,1,CGGCCCAAGCGCCATGAAAA,0,3682387
tolCp1,0.5,1,1,CGGCCAGGCCGATATTGAAG,0,3679353
tolCp1,0.5,1,1,CGGCCACTTGGGTAAGTTTA,0,3698907
tolCp1,0.5,1,1,CGGCATTCATCTTTTGCTCG,0,3663745
tolCp1,0.5,1,1,CGGCAAGCCACCTCTCCGGT,0,3709560
tolCp1,0.5,1,1,CGGATGGAACACTAGAGGAA,0,3676234
tolCp1,0.5,1,1,CGGAGTGAGAACGTAGTGAA,0,3711319
tolCp1,0.5,1,1,CGGAGTATGCGTCATGGGCC,0,3665832
tolCp1,0.5,1,1,CGGAGTAGGTTATCGGAGAT,0,3672247
tolCp1,0.5,1,1,CGGAGTAGGGTTCCATGGTG,0,3707147
tolCp1,0.5,1,1,CGGACCCTAAGGAACGGTGT,0,3701628
tolCp1,0.5,1,1,CGGAATGCCTGAGTTTGACT,0,3685993
tolCp1,0.5,1,1,CGGAATAGTTACCCCACGTT,0,3704217
tolCp1,0.5,1,1,CGGAAGATCTCAACATATGC,0,3706508
tolCp1,0.5,1,1,CGCTTTTGGGTCTCATGAAT,0,3700570
tolCp1,0.5,1,1,CGCTTCTTTCCCTTCGCACA,0,3686525
tolCp1,0.5,1,1,CGCTTCCAGCCCTCACCATT,0,3703665
tolCp1,0.5,1,1,CGCTGGTGGGCCCTTGCGAA,0,3689974
tolCp1,0.5,1,1,CGCTGCATTCTTGATTTGTG,0,3666000
tolCp1,0.5,1,1,CGCTGAGCCTAGCTAGATTC,0,3703846
tolCp1,0.5,1,1,CGCTGAGAGCTTAAGACCCG,0,3667216
tolCp1,0.5,1,1,CGCTCCTCATTTCGATAAGA,0,3663196
tolCp1,0.5,1,1,CGCTAGGTGCATCAGTAGCC,0,3693713
tolCp1,0.5,1,1,CGCGTATTACCCTGTATCAG,0,3673360
tolCp1,0.5,1,1,CGCGGTTCTTTAGTGAGTTT,0,3691940
tolCp1,0.5,1,1,CGCGGTTAAGAATTTTAATA,0,3680369
tolCp1,0.5,1,1,CGCGGACCACGGCACGCAAT,0,3665198
tolCp1,0.5,1,1,CGCGCTGAACAGAGAGTGGC,0,3676344
tolCp1,0.5,1,1,CGCGCGCGTGCCATTGAGCC,0,3705428
tolCp1,0.5,1,1,CGCGCCGCAGGATGGCGGGG,0,3663543
tolCp1,0.5,1,1,CGCGCCCTCTCTCTAAGATC,0,3699539
tolCp1,0.5,1,1,CGCGAATAGGCCCGACCGAT,0,3686256
tolCp1,0.5,1,1,CGCCTTCTTAGCTTCAGTCT,0,3690713
tolCp1,0.5,1,1,CGCCTGAAGCACAACTAATG,0,3705149
tolCp1,0.5,1,1,CGCCTCGGGCTTCGTTTGCA,0,3685505
tolCp1,0.5,1,1,CGCCTCGATAGGCCGAGATT,0,3661670
tolCp1,0.5,1,1,CGCCGCTTCTTCGAGGCACT,0,3675462
tolCp1,0.5,1,1,CGCCGAGAGTGTAATTCTCT,0,3711254
tolCp1,0.5,1,1,CGCCGAACGCAATCCTTGAA,0,3677540
tolCp1,0.5,1,1,CGCCACCTTACCCCGCTCTT,0,3703588
tolCp1,0.5,1,1,CGCCAATAGCAATGGTCGCA,0,3661375
tolCp1,0.5,1,1,CGCATCTTATCGCATATCAG,0,3685018
tolCp1,0.5,1,1,CGCATCCTTTGGCCCAAGTA,0,3685454
tolCp1,0.5,1,1,CGCAGGGCGTGAAGGACCGT,0,3711474
tolCp1,0.5,1,1,CGCAGGAGACTGACCCATTA,0,3690327
tolCp1,0.5,1,1,CGCAGACACTGCAACAGATC,0,3713999
tolCp1,0.5,1,1,CGCACTGTATAATAGAACGG,0,3676764
tolCp1,0.5,1,1,CGCACCCGGCCAGTGGATTG,0,3661700
tolCp1,0.5,1,1,CGATTTGGGCGCGCTAAAAG,0,3714527
tolCp1,0.5,1,1,CGATTGCAAATTCTGGCATT,0,3684816
tolCp1,0.5,1,1,CGATTAAAGGAACCGGGGGC,0,3675320
tolCp1,0.5,1,1,CGATGCATACCTTAGATGCG,0,3664233
tolCp1,0.5,1,1,CGATAAGAGTCCGTTGCTGT,0,3711665
tolCp1,0.5,1,1,CGAGTGCCCCGTTGGCCCTA,0,3705985
tolCp1,0.5,1,1,CGAGGGGTTGTATTGTGCTG,0,3698899
tolCp1,0.5,1,1,CGAGCGTATCCGGGTTAAGA,0,3704220
tolCp1,0.5,1,1,CGAGCGCAGAACTTCAACCG,0,3692954
tolCp1,0.5,1,1,CGAGCATCGACGGGCCTAGG,0,3693468
tolCp1,0.5,1,1,CGAGCAATCGGTCGGGGTAA,0,3699596
tolCp1,0.5,1,1,CGAGAGTCAATCATAGGCCA,0,3688255
tolCp1,0.5,1,1,CGACCGGGGGTAGAAAATAC,0,3686174
tolCp1,0.5,1,1,CGACCGGAGTAAGGGAGACT,0,3714864
tolCp1,0.5,1,1,CGACCCGTTACAAGCGAGGC,0,3674500
tolCp1,0.5,1,1,CGAATTTTCGTTACTTCGCA,0,3686213
tolCp1,0.5,1,1,CGAAGTCTAGTTGATTAATT,0,3666084
tolCp1,0.5,1,1,CGAAGGCGAGTTATGCTGCA,0,3691214
tolCp1,0.5,1,1,CGAAGCTCTAAATAAATCTA,0,3701179
tolCp1,0.5,1,1,CGAACGCTCGTAGACTGTGA,0,3688492
tolCp1,0.5,1,1,CGAACCGGTGGGGGGTCCTT,0,3670048
tolCp1,0.5,1,1,CCTTTCTTTTCGCTCCTCCC,0,3713857
tolCp1,0.5,1,1,CCTTTCGGATAAGTGCAGTA,0,3692158
tolCp1,0.5,1,1,CCTTTATGTCACCATCTCAT,0,3715415
tolCp1,0.5,1,1,CCTTTAAAGCTAGATCGGTG,0,3672914
tolCp1,0.5,1,1,CCTTGTCACCGCAGTCGGGT,0,3714074
tolCp1,0.5,1,1,CCTTGAGTTATCAGGTCAGT,0,3693732
tolCp1,0.5,1,1,CCTTGAGTCGCACTCGGCAT,0,3675641
tolCp1,0.5,1,1,CCTTCTGAAAACTCGACTGG,0,3670451
tolCp1,0.5,1,1,CCTTCGGTCAAGGCTCAGGA,0,3693014
tolCp1,0.5,1,1,CCTTCCCCTCATGTTGTGCG,0,3666759
tolCp1,0.5,1,1,CCTTCACGTCCACCCCAAGA,0,3681872
tolCp1,0.5,1,1,CCTTAAGCCATAATTTTCTT,0,3706522
tolCp1,0.5,1,1,CCTGTTAGTCGAGGGAGGTA,0,3690366
tolCp1,0.5,1,1,CCTGTGTGTCACCTCTCACA,0,3662902
tolCp1,0.5,1,1,CCTGTGGGCTTTGTAGAATT,0,3698137
tolCp1,0.5,1,1,CCTGTCGGTACTCTAGTAAG,0,3691421
tolCp1,0.5,1,1,CCTGTAACTGAAAAATTACT,0,3697493
tolCp1,0.5,1,1,CCTGGGACAAAACGCGGTAG,0,3674037
tolCp1,0.5,1,1,CCTGCAAGTCAATTCATACT,0,3700922
tolCp1,0.5,1,1,CCTGCAACGCTCGGGCCAAC,0,3671190
tolCp1,0.5,1,1,CCTCTGGACAACTAGAAGTG,0,3688412
tolCp1,0.5,1,1,CCTCTGACTTTCGACAAGTA,0,3693524
tolCp1,0.5,1,1,CCTCTCCGTCTGCAGCTCGA,0,3715452
tolCp1,0.5,1,1,CCTCGGGTCCGCAGAGGGAA,0,3687230
tolCp1,0.5,1,1,CCTCGCACCTGGCTCCGCTC,0,3714925
tolCp1,0.5,1,1,CCTCAACGCAAAGCATACAC,0,3704840
tolCp1,0.5,1,1,CCTATTCTACTCACTTCACG,0,3686642
tolCp1,0.5,1,1,CCTATCTCATTCGTGTCGTT,0,3690849
tolCp1,0.5,1,1,CCTATCGGATGGTGGGTGTA,0,3700374
tolCp1,0.5,1,1,CCTATAAGAGCTCGCGTTAG,0,3686523
tolCp1,0.5,1,1,CCTAGCAAACCGGCCACTGC,0,3664608
tolCp1,0.5,1,1,CCTACGCAGTTACATTCACC,0,3697396
tolCp1,0.5,1,1,CCTAATGCAGGGGTCCATAG,0,3683207
tolCp1,0.5,1,1,CCTAAACATAACCATGTCCA,0,3706085
tolCp1,0.5,1,1,CCGTTCTGGGGGAGAGGTAA,0,3701093
tolCp1,0.5,1,1,CCGTTCGGGAGACCCTGAGG,0,3683043
tolCp1,0.5,1,1,CCGTTCACGATATGCCAATG,0,3685684
tolCp1,0.5,1,1,CCGTGTAGTGTCGCCCGTAA,0,3688766
tolCp1,0.5,1,1,CCGGTTGTATACTAGACTTA,0,3665268
tolCp1,0.5,1,1,CCGGTGTCATGCTAATACGG,0,3705039
tolCp1,0.5,1,1,CCGGTGCTGCCATAATGGCA,0,3664303
tolCp1,0.5,1,1,CCGGTCTGAGTTGATTTTGA,0,3691447
tolCp1,0.5,1,1,CCGGTCGCGTTCAAGGGGTG,0,3688791
tolCp1,0.5,1,1,CCGGTATCCTTGACTCGAGT,0,3698317
tolCp1,0.5,1,1,CCGGGTTTAAGATTGGTGAT,0,3669179
tolCp1,0.5,1,1,CCGGGTTCTTCTTCTGACGT,0,3662369
tolCp1,0.5,1,1,CCGGCGCCGCTTCCTAAATA,0,3711432
tolCp1,0.5,1,1,CCGGCCGATATGACCTACCG,0,3682308
tolCp1,0.5,1,1,CCGGATTAACATGAAGTATG,0,3697771
tolCp1,0.5,1,1,CCGGACTGATGCGCAAGGGT,0,3670512
tolCp1,0.5,1,1,CCGGACTACCACATTGCAGG,0,3677966
tolCp1,0.5,1,1,CCGCTTTCCCAAGATAAATA,0,3695817
tolCp1,0.5,1,1,CCGCTGTCGAGAGTAGTCGA,0,3665592
tolCp1,0.5,1,1,CCGCTGCCGGTGGTTATGAA,0,3665517
tolCp1,0.5,1,1,CCGCGTATTGCGTTGAGAAT,0,3709455
tolCp1,0.5,1,1,CCGCGGCCTCGTGCGTTGGC,0,3711475
tolCp1,0.5,1,1,CCGCAGACACACAGTATGAT,0,3699462
tolCp1,0.5,1,1,CCGAGAGACTGAATTGGATC,0,3683254
tolCp1,0.5,1,1,CCGACGTGTTCACCATAGTC,0,3664750
tolCp1,0.5,1,1,CCGAAACTCCCCAATGTCTT,0,3701821
tolCp1,0.5,1,1,CCCTTGGCACCTCGATTACT,0,3685919
tolCp1,0.5,1,1,CCCTCATCACGTGTTATGTA,0,3687975
tolCp1,0.5,1,1,CCCTAAAAACTTATCGGCGG,0,3706869
tolCp1,0.5,1,1,CCCGGGTGTTTTTAACTAAA,0,3681722
tolCp1,0.5,1,1,CCCGGCTGCAGTCTACAGGG,0,3669123
tolCp1,0.5,1,1,CCCGCGCTATCTCGTATGCT,0,3667538
tolCp1,0.5,1,1,CCCGACTGACCCCGCAGGTC,0,3697103
tolCp1,0.5,1,1,CCCGAATACAGGGGTCAGCA,0,3689360
tolCp1,0.5,1,1,CCCCGCCGATTCATGAGAAG,0,3692054
tolCp1,0.5,1,1,CCCCCTCTAAATAGTTGTGT,0,3696278
tolCp1,0.5,1,1,CCCCCATGGGAAAAGAATGC,0,3689492
tolCp1,0.5,1,1,CCCCCAGACAACGGGTACTT,0,3685740
tolCp1,0.5,1,1,CCCCAGTAGTTCAAAGCCGT,0,3691183
tolCp1,0.5,1,1,CCCATTTAAGTAATGCGCAG,0,3692858
tolCp1,0.5,1,1,CCCATGGCCTGGCGTGCGAG,0,3681380
tolCp1,0.5,1,1,CCCATACCGTAACTGTGTAT,0,3662296
tolCp1,0.5,1,1,CCCAGTTTTGTGGTAGCGTC,0,3712511
tolCp1,0.5,1,1,CCCAGTTCATATTATCATCT,0,3663727
tolCp1,0.5,1,1,CCCAGGTGAGTGGGGGTTCT,0,3696720
tolCp1,0.5,1,1,CCCACTGGGCTATCTGCCAA,0,3664848
tolCp1,0.5,1,1,CCCACTGAGGGACATTCGGT,0,3701014
tolCp1,0.5,1,1,CCCACGCGTGGACACTTCCT,0,3674929
tolCp1,0.5,1,1,CCCACCGCTCCGGGCAGCGT,0,3682186
tolCp1,0.5,1,1,CCCACCCTGTTTGGAAGCCT,0,3693900
tolCp1,0.5,1,1,CCCACATTGCCAGCAAAACG,0,3711802
tolCp1,0.5,1,1,CCCACATAATGTCCGGAGTA,0,3690910
tolCp1,0.5,1,1,CCCAATCACGTATATCCGCT,0,3702515
tolCp1,0.5,1,1,CCATTTTGGCTAGCCACCAC,0,3674135
tolCp1,0.5,1,1,CCATTTGTTAAGTTCCGTTT,0,3693326
tolCp1,0.5,1,1,CCATTCCATTTTACAACGTA,0,3681694
tolCp1,0.5,1,1,CCATTACAGTAGTTGTTCTA,0,3702537
tolCp1,0.5,1,1,CCATTAAGACTGCCTTTGAA,0,3666770
tolCp1,0.5,1,1,CCATGTGCTTAGTCCTGGAC,0,3699316
tolCp1,0.5,1,1,CCATGTGAACCGAAATTCGA,0,3677301
tolCp1,0.5,1,1,CCATGGCCGCAGTTGGGCAC,0,3683377
tolCp1,0.5,1,1,CCATGCGTGTTTTCGCCCAT,0,3697058
tolCp1,0.5,1,1,CCATCGTAGGTTAATGCTCA,0,3714335
tolCp1,0.5,1,1,CCATACCTTCAAAAGCATCA,0,3684256
tolCp1,0.5,1,1,CCATAATAGGGTGTCCCTTA,0,3694974
tolCp1,0.5,1,1,CCAGGGCTTATCGTCCAACC,0,3685032
tolCp1,0.5,1,1,CCAGCCCGAAGCGCTTACAA,0,3708832
tolCp1,0.5,1,1,CCAGCCACAAATCAATATTC,0,3682769
tolCp1,0.5,1,1,CCAGATGGGAAAGTCCACTA,0,3676226
tolCp1,0.5,1,1,CCAGATAACATTTTAAGAGA,0,3664538
tolCp1,0.5,1,1,CCACAGGTTCTGGTACTCCG,0,3672012
tolCp1,0.5,1,1,CCACAGCAGCGGACGACACC,0,3700353
tolCp1,0.5,1,1,CCAAGGGTATACGTAATAGG,0,3693919
tolCp1,0.5,1,1,CCAACTGGTTACTAACTCCA,0,3667558
tolCp1,0.5,1,1,CCAACGATCCGGTGCAAGCT,0,3686584
tolCp1,0.5,1,1,CCAACATATAAGTAGGTAGA,0,3688048
tolCp1,0.5,1,1,CCAAATGTAGTGGAACGTGC,0,3675402
tolCp1,0.5,1,1,CCAAACATCGTACGAATGCC,0,3691067
tolCp1,0.5,1,1,CATTTTCCGTCGTCGGGACG,0,3679217
tolCp1,0.5,1,1,CATTTGAGACAATACTGATC,0,3715369
tolCp1,0.5,1,1,CATTTCGAAATAACACCCCA,0,3703987
tolCp1,0.5,1,1,CATTGGGAGCTCGATAATTT,0,3697611
tolCp1,0.5,1,1,CATTGCCCTGTGTCAGGCGA,0,3668932
tolCp1,0.5,1,1,CATTCTCCTCAGCTCTGGGA,0,3697566
tolCp1,0.5,1,1,CATTCACAGCGTGTCGCATG,0,3688082
tolCp1,0.5,1,1,CATTACATTCAGTTTTAGAG,0,3674971
tolCp1,0.5,1,1,CATGTTCTTAATGGCTTGAG,0,3686248
tolCp1,0.5,1,1,CATGTTATGGGTTCTCCGAA,0,3700820
tolCp1,0.5,1,1,CATGGGTGAGGTATGGACAC,0,3674005
tolCp1,0.5,1,1,CATGCTACGTGTGTAACACG,0,3690669
tolCp1,0.5,1,1,CATGCTAATTATAATCGTAC,0,3666907
tolCp1,0.5,1,1,CATGAGGTACGCATAGAGTA,0,3695197
tolCp1,0.5,1,1,CATGACCGAGCGCACAATGC,0,3681626
tolCp1,0.5,1,1,CATCTGTCATCTTCTACCGG,0,3666750
tolCp1,0.5,1,1,CATCTCCTAGCTGATTGATA,0,3682603
tolCp1,0.5,1,1,CATCCTGCTCAACTTAGCAG,0,3697246
tolCp1,0.5,1,1,CATCCGCCTACAATGATATA,0,3677395
tolCp1,0.5,1,1,CATATTTGAGTCATTTTGCA,0,3663034
tolCp1,0.5,1,1,CATATTATAGGTACGCCGTG,0,3698019
tolCp1,0.5,1,1,CATATTAGTGCGCGCTAGCA,0,3668159
tolCp1,0.5,1,1,CATATGGCGAGGGTATGTCT,0,3684877
tolCp1,0.5,1,1,CATAGTTCACTTGCTACTAG,0,3696845
tolCp1,0.5,1,1,CATAGGCATCAAAGTGGGAG,0,3701400
tolCp1,0.5,1,1,CATAGCGGATAACTGACTGT,0,3708134
tolCp1,0.5,1,1,CATAGAGCCATTGTTTTGCT,0,3685928
tolCp1,0.5,1,1,CAGTCTGAGAATATATACCC,0,3677171
tolCp1,0.5,1,1,CAGTCCGCTTACTCGAAGCA,0,3711132
tolCp1,0.5,1,1,CAGTACGCGATACGGGACAT,0,3668896
tolCp1,0.5,1,1,CAGGTTTGCTGCCACTTTTC,0,3671645
tolCp1,0.5,1,1,CAGGTGCGGAGGGGTGCCGG,0,3692604
tolCp1,0.5,1,1,CAGGTATCCACGGCTGCAAC,0,3674446
tolCp1,0.5,1,1,CAGGTAGGGGGTTGCGCTAT,0,3670253
tolCp1,0.5,1,1,CAGGGTCTCATGGCATTGGG,0,3708113
tolCp1,0.5,1,1,CAGGGCCATGACGTTTCTTG,0,3690902
tolCp1,0.5,1,1,CAGGCTTTGTCCGTTCACAG,0,3704897
tolCp1,0.5,1,1,CAGGCATGTGGATACCCCGA,0,3710409
tolCp1,0.5,1,1,CAGGACGCCCGCGGTGGAGA,0,3686243
tolCp1,0.5,1,1,CAGCTTTGACTAAGCGTATT,0,3685555
tolCp1,0.5,1,1,CAGCGTTATAACGATTAGGT,0,3664528
tolCp1,0.5,1,1,CAGCGTATATGGAGAATCGG,0,3700719
tolCp1,0.5,1,1,CAGCGGACTATTCTAACGTA,0,3713148
tolCp1,0.5,1,1,CAGCCTTGCTCTATTATCAA,0,3690481
tolCp1,0.5,1,1,CAGCCCGTTGCGTAATGCAA,0,3687511
tolCp1,0.5,1,1,CAGCCATGCAGCGCTAAAGT,0,3693249
tolCp1,0.5,1,1,CAGCATGGGACTCTAGTTGA,0,3703063
tolCp1,0.5,1,1,CAGATCTATGGTAGTGATGG,0,3670218
tolCp1,0.5,1,1,CAGAGGTCAGGATGGCTCTT,0,3714129
tolCp1,0.5,1,1,CAGAGACCGCGGGTCTAATA,0,3672016
tolCp1,0.5,1,1,CAGACTTTCATGTTTTACCT,0,3708133
tolCp1,0.5,1,1,CAGACCATCTGAATACTATC,0,3699958
tolCp1,0.5,1,1,CACTTGTCCAGGAAACTTTC,0,3705784
tolCp1,0.5,1,1,CACTTGGTGGCGAAAGAGCC,0,3664423
tolCp1,0.5,1,1,CACTTGCATTCCTAAGCGAT,0,3690453
tolCp1,0.5,1,1,CACTTGCAATTGTAGTAATC,0,3689694
tolCp1,0.5,1,1,CACTGTTTGCGTGGCAGAAA,0,3676083
tolCp1,0.5,1,1,CACTGTACGAGTCCACTCGA,0,3709240
tolCp1,0.5,1,1,CACTATCCTGATGCCAAAAA,0,3693661
tolCp1,0.5,1,1,CACGGGCCACTGTCCATGTG,0,3669029
tolCp1,0.5,1,1,CACGGCCTGGGGGTCCCCAA,0,3694865
tolCp1,0.5,1,1,CACGCATCACTAGAATGCGC,0,3695318
tolCp1,0.5,1,1,CACGCAATCTAGGCGAGACT,0,3697671
tolCp1,0.5,1,1,CACCTTTCGTCGGCGGACAC,0,3682604
tolCp1,0.5,1,1,CACCTGACAAACTGCAGGTA,0,3710244
tolCp1,0.5,1,1,CACCTACCGGGTACGAAACG,0,3714342
tolCp1,0.5,1,1,CACCGAACGGCTTCCAAGTC,0,3706314
tolCp1,0.5,1,1,CACCGAAAGCATTGGGATAT,0,3713150
tolCp1,0.5,1,1,CACCCTGTGCGGGCGTAAGT,0,3704164
tolCp1,0.5,1,1,CACCCCTGCTACCATTTCAC,0,3715485
tolCp1,0.5,1,1,CACCAGTATTCTTATCGGAT,0,3687268
tolCp1,0.5,1,1,CACATTGCTAGCGGAAACCA,0,3708363
tolCp1,0.5,1,1,CACATCCTAGTCGTCTGGTG,0,3686443
tolCp1,0.5,1,1,CACATAGTCTCCAATTCTGG,0,3705507
tolCp1,0.5,1,1,CACAGATGTCGAGCTAACAC,0,3693501
tolCp1,0.5,1,1,CACACCTTTCAGATTCAGGC,0,3678953
tolCp1,0.5,1,1,CACAAGCGATATGGTAGGTA,0,3712800
tolCp1,0.5,1,1,CAATTTGGTGAACGGAGACG,0,3696550
tolCp1,0.5,1,1,CAATTGGCAGGTCCTCCCGA,0,3675495
tolCp1,0.5,1,1,CAATCGTCGCTTCTCAACGA,0,3677597
tolCp1,0.5,1,1,CAATCGGATGGCCTTGATTA,0,3680789
tolCp1,0.5,1,1,CAATCGATCTGGGAGTAAGG,0,3697577
tolCp1,0.5,1,1,CAATCCTATGGTTATGTACA,0,3713217
tolCp1,0.5,1,1,CAAGTTACGTTTCCACACTA,0,3691140
tolCp1,0.5,1,1,CAAGTAAAGTGCTTGTAGAA,0,3662794
tolCp1,0.5,1,1,CAAGCTATCAATTATCAAGT,0,3693038
tolCp1,0.5,1,1,CAAGCGTTGAACTCGGATGA,0,3685001
tolCp1,0.5,1,1,CAAGATGGCGTAGAGGATAT,0,3663990
tolCp1,0.5,1,1,CAACTCTTATGCATTAGGAT,0,3707278
tolCp1,0.5,1,1,CAACGGATGTAGGCAAGCTA,0,3689960
tolCp1,0.5,1,1,CAACCCGAAAAGATTGCTAT,0,3702600
tolCp1,0.5,1,1,CAACCAGGTTCGAGCACCAC,0,3710044
tolCp1,0.5,1,1,CAACAGTGGTTCAGCTGATT,0,3709163
tolCp1,0.5,1,1,CAACACGGGAGAATAGAGCA,0,3680492
tolCp1,0.5,1,1,CAAATATCGTCGGGGACTCC,0,3700556
tolCp1,0.5,1,1,CAAAGTACCGCAGGTCAAGC,0,3661995
tolCp1,0.5,1,1,CAAAGGGACGGAATCGGATT,0,3680297
tolCp1,0.5,1,1,CAAAGGATTAATGTGGCTAC,0,3674252
tolCp1,0.5,1,1,CAAACCCATAGGATACTATT,0,3698277
tolCp1,0.5,1,1,CAAAAGGGTACGGCGGCTGG,0,3698519
tolCp1,0.5,1,1,CAAAAAATGGCGGCATCAGA,0,3704287
tolCp1,0.5,1,1,CAAAAAATCAGTGGCTAAGC,0,3663991
tolCp1,0.5,1,1,ATTTTAGATCGACTATCATT,0,3663869
tolCp1,0.5,1,1,ATTTGGCAGCACTCAGTCTT,0,3675485
tolCp1,0.5,1,1,ATTTCGGGTTGCGCGACCAA,0,3684846
tolCp1,0.5,1,1,ATTTCGATTCCCAAACTCTC,0,3696231
tolCp1,0.5,1,1,ATTTCCGGGGGAGCCCCTCG,0,3701078
tolCp1,0.5,1,1,ATTTCAGGGGTGTGTCGGTT,0,3694616
tolCp1,0.5,1,1,ATTTACGTTACTAATGGAGG,0,3664059
tolCp1,0.5,1,1,ATTGTGCCTGCGTTACATTG,0,3698409
tolCp1,0.5,1,1,ATTGTCTCCAGTGTATTGCA,0,3686431
tolCp1,0.5,1,1,ATTGTCAACGTTATTATACA,0,3713360
tolCp1,0.5,1,1,ATTGGGGAGTGGACTGCACC,0,3671823
tolCp1,0.5,1,1,ATTGGACCGGTGTCGGGTAA,0,3709973
tolCp1,0.5,1,1,ATTCGGAATAGTTACGGGTA,0,3690721
tolCp1,0.5,1,1,ATTCCACACTGACCGCGGGG,0,3701011
tolCp1,0.5,1,1,ATTCACTTTCCGTAGCTAAC,0,3672969
tolCp1,0.5,1,1,ATTATAACCCTTTGCACGAA,0,3673781
tolCp1,0.5,1,1,ATTACGTGGTTCCGCCTACG,0,3684088
tolCp1,0.5,1,1,ATTACCTTATATGCTGTCAT,0,3667430
tolCp1,0.5,1,1,ATTACCGCGTTTAGGCTAAT,0,3698026
tolCp1,0.5,1,1,ATGTTTGGTTACATAAAAGT,0,3675288
tolCp1,0.5,1,1,ATGTGTTTAGGCTTAAGGCT,0,3708154
tolCp1,0.5,1,1,ATGTGGTCCCTGAGGGCCAT,0,3695908
tolCp1,0.5,1,1,ATGTGGCTAGCTCCTGGGTC,0,3702734
tolCp1,0.5,1,1,ATGTGCGATTCTGTTAGGGC,0,3715398
tolCp1,0.5,1,1,ATGTCTCAAGCTTGAACGAG,0,3677173
tolCp1,0.5,1,1,ATGTCGCCCTATATGATGTG,0,3661769
tolCp1,0.5,1,1,ATGGTTTCCAGCTATAGTTT,0,3712556
tolCp1,0.5,1,1,ATGGTTATGGTGTCGGGGGT,0,3686532
tolCp1,0.5,1,1,ATGGGAGCTTGGTAACTGAT,0,3711813
tolCp1,0.5,1,1,ATGGCGGTTGTGGTCAGGAT,0,3699450
tolCp1,0.5,1,1,ATGGAAACTATATGCCATGG,0,3689742
tolCp1,0.5,1,1,ATGCTCCATCCCCCTTAAAG,0,3683218
tolCp1,0.5,1,1,ATGCTCCAGCCACCCGTTAC,0,3667015
tolCp1,0.5,1,1,ATGCGTCACCTGGGGTTGCT,0,3702845
tolCp1,0.5,1,1,ATGCGCTCACAAGTTGGTGC,0,3684426
tolCp1,0.5,1,1,ATGCCGAGAATCCATTCTTT,0,3686491
tolCp1,0.5,1,1,ATGCACACCCGCGCTTTATT,0,3669581
tolCp1,0.5,1,1,ATGATGCAGTAGCGGCACTG,0,3669818
tolCp1,0.5,1,1,ATGAGGCGTCTCAACCCCGG,0,3667008
tolCp1,0.5,1,1,ATGAGCTTCAAAACACATAT,0,3707199
tolCp1,0.5,1,1,ATGAGAGCAGACACTCTAAT,0,3708516
tolCp1,0.5,1,1,ATGACGCTCGTCATCAGGGT,0,3714695
tolCp1,0.5,1,1,ATCTTGAACAAACTTTATTG,0,3709255
tolCp1,0.5,1,1,ATCTGTCTGTTGGCTCCCTC,0,3681421
tolCp1,0.5,1,1,ATCTGTATGGTGAGTTAGTT,0,3667080
tolCp1,0.5,1,1,ATCTGATTGTGTTTGGTGTT,0,3701788
tolCp1,0.5,1,1,ATCTCTAAGTCGATCGGGCT,0,3692943
tolCp1,0.5,1,1,ATCTCCCGTGCCATGTCGAC,0,3670498
tolCp1,0.5,1,1,ATCTACTCCGGGCCAACGCA,0,3682818
tolCp1,0.5,1,1,ATCGGCTTTGTCACGTAGCC,0,3682191
tolCp1,0.5,1,1,ATCGGAAATAGAACAGGACC,0,3701513
tolCp1,0.5,1,1,ATCGCGACTGTCGTGACTCG,0,3695089
tolCp1,0.5,1,1,ATCGCACGGAGGCGATATTG,0,3681484
tolCp1,0.5,1,1,ATCGCAAACGACAAATCAGG,0,3676486
tolCp1,0.5,1,1,ATCGATTATGTAGAGATGCC,0,3701104
tolCp1,0.5,1,1,ATCCTCCTCGATCTCGCAAC,0,3683494
tolCp1,0.5,1,1,ATCCTACGTAGTCGCTATGA,0,3696242
tolCp1,0.5,1,1,ATCCTAATATTGTGCCAAAA,0,3673148
tolCp1,0.5,1,1,ATCCCAGCTTGTCGGCTTAG,0,3707200
tolCp1,0.5,1,1,ATCCACTGCTGCCACTCGGT,0,3667951
tolCp1,0.5,1,1,ATCACTTGGTTAGCCCCGGA,0,3690984
tolCp1,0.5,1,1,ATCACCTATACTGGTTCTAG,0,3713570
tolCp1,0.5,1,1,ATCAAGTTCATAGCATACAC,0,3681222
tolCp1,0.5,1,1,ATCAACCTCTTCGTCACGGT,0,3704929
tolCp1,0.5,1,1,ATCAACAGCGATATCAATAG,0,3676228
tolCp1,0.5,1,1,ATCAAATGTCATAAAGGAAT,0,3708845
tolCp1,0.5,1,1,ATATTGGCAAAGAGTCACGA,0,3661529
tolCp1,0.5,1,1,ATATTGCAATAATTACAAAT,0,3665213
tolCp1,0.5,1,1,ATATGAATCCTAGTAGGTTG,0,3691710
tolCp1,0.5,1,1,ATATCTGACCCGACTGCCAA,0,3694624
tolCp1,0.5,1,1,ATATCGATGTTATTCTGCTT,0,3693375
tolCp1,0.5,1,1,ATATCCAGTCCCGTATACAT,0,3672619
tolCp1,0.5,1,1,ATATATACGCCAGAATAAGG,0,3663697
tolCp1,0.5,1,1,ATAGTGTTATTTTAGGGCGG,0,3713997
tolCp1,0.5,1,1,ATAGTCAATTAGCGAATGTA,0,3662621
tolCp1,0.5,1,1,ATAGGATGTGTGATTGGGGA,0,3675882
tolCp1,0.5,1,1,ATAGGACGCTCCCATGCTCG,0,3690075
tolCp1,0.5,1,1,ATAGCTTTCGGGATGTAATA,0,3662753
tolCp1,0.5,1,1,ATAGCAATGCCGGAGAATGT,0,3704708
tolCp1,0.5,1,1,ATACCTGTAAGGGCCGGGAC,0,3661416
tolCp1,0.5,1,1,ATACAAGACAGAACTATGTT,0,3674707
tolCp1,0.5,1,1,ATAATTTTGGCGGGGTACCC,0,3679074
tolCp1,0.5,1,1,ATAATAATCTTGACAGGCGT,0,3679386
tolCp1,0.5,1,1,ATAAGTTGCTCCTGCGGAGG,0,3697229
tolCp1,0.5,1,1,ATAAGTGTCTAGTAACCTTA,0,3676919
tolCp1,0.5,1,1,ATAAGCGTAAAACTAATTGA,0,3661222
tolCp1,0.5,1,1,ATAAGCGGCCACTTGAGGCA,0,3700029
tolCp1,0.5,1,1,ATAAGCCGTAAAATTACGCA,0,3681396
tolCp1,0.5,1,1,ATAACATGAGCGGCTCACAG,0,3686744
tolCp1,0.5,1,1,AGTTTTGAGGTCCGCTTCTA,0,3682300
tolCp1,0.5,1,1,AGTTTGCGGTCAGGCGACTG,0,3713192
tolCp1,0.5,1,1,AGTTTGCGCACCAATTTTGG,0,3686572
tolCp1,0.5,1,1,AGTTGACTGACAGCATCAAG,0,3670179
tolCp1,0.5,1,1,AGTTATATTCCGTTATTCCG,0,3696897
tolCp1,0.5,1,1,AGTTAGTAGAAGGCTTTGGA,0,3692321
tolCp1,0.5,1,1,AGTTAGCTATGAATTTCACA,0,3698663
tolCp1,0.5,1,1,AGTTAAGAGACAAATGTCGC,0,3705925
tolCp1,0.5,1,1,AGTGTGCGACCCATATTCAA,0,3713995
tolCp1,0.5,1,1,AGTGTCTAAGGAGATAGAAG,0,3707227
tolCp1,0.5,1,1,AGTGTACCGCTAGTGGGCTC,0,3710665
tolCp1,0.5,1,1,AGTGGCGTTATAGGCCATGT,0,3684168
tolCp1,0.5,1,1,AGTGCTTAGCGTCCATCTAG,0,3673045
tolCp1,0.5,1,1,AGTGCTCTGCCGGGAACTCC,0,3692707
tolCp1,0.5,1,1,AGTGCAGTGCGCGTTCGCTA,0,3689343
tolCp1,0.5,1,1,AGTGAGTGTATAAGACTAGG,0,3675645
tolCp1,0.5,1,1,AGTGAGATAGGTGGCCCAAT,0,3692064
tolCp1,0.5,1,1,AGTGACTCCGCACTTTGCAG,0,3700839
tolCp1,0.5,1,1,AGTCTTGTGGAAGAGTACGA,0,3715016
tolCp1,0.5,1,1,AGTCTGGACAATGCCGCCAG,0,3692002
tolCp1,0.5,1,1,AGTCTGCTCGTAGCTGTCTA,0,3668667
tolCp1,0.5,1,1,AGTCTCCCCTATATGTGACG,0,3697915
tolCp1,0.5,1,1,AGTCTCAACCACTATTATCA,0,3701610
tolCp1,0.5,1,1,AGTCCGTCCCAGTCGGATAC,0,3698694
tolCp1,0.5,1,1,AGTCACTGAATAAGCTTCAA,0,3674924
tolCp1,0.5,1,1,AGTCACCACGAGGGCGCGGT,0,3706416
tolCp1,0.5,1,1,AGTATAGAAAAGAGTCAAGT,0,3672920
tolCp1,0.5,1,1,AGTAGAGCGTTTTGCGGTAC,0,3672409
tolCp1,0.5,1,1,AGTAAGGTTATGTTTTCGTA,0,3697980
tolCp1,0.5,1,1,AGTAAAGGGTAACCGGACGT,0,3701566
tolCp1,0.5,1,1,AGGTTTTCTAGAGGAAGACT,0,3671824
tolCp1,0.5,1,1,AGGTGCAAACTCATTTGGAA,0,3703590
tolCp1,0.5,1,1,AGGTCGCAATCAATGCGTGA,0,3671734
tolCp1,0.5,1,1,AGGTCACGGTCGTGCTTTCG,0,3668827
tolCp1,0.5,1,1,AGGTATAATTTTTTGCCCAT,0,3709859
tolCp1,0.5,1,1,AGGTAGGCGGAGACGAGGTT,0,3703773
tolCp1,0.5,1,1,AGGGTTCTACCATTTGTATT,0,3663259
tolCp1,0.5,1,1,AGGGTGCGATAGACGCACTG,0,3671901
tolCp1,0.5,1,1,AGGGTCAAGGGTCATGAAGT,0,3690175
tolCp1,0.5,1,1,AGGGTATTAACATGGACCTA,0,3685682
tolCp1,0.5,1,1,AGGGTAACGGTTCGCCCGGC,0,3686480
tolCp1,0.5,1,1,AGGGGCTAAGTTCTCACGAG,0,3684800
tolCp1,0.5,1,1,AGGGCGTCAGTCAAGGCTCG,0,3665036
tolCp1,0.5,1,1,AGGGCCTAGCTTGTTGAGTG,0,3711197
tolCp1,0.5,1,1,AGGGCCGTACCAGACCAAGT,0,3664795
tolCp1,0.5,1,1,AGGGCATAAGGTCGGGCTTT,0,3677928
tolCp1,0.5,1,1,AGGGAGAAGCGCATCCCTAG,0,3692611
tolCp1,0.5,1,1,AGGGACATTTCTCTCACATC,0,3714549
tolCp1,0.5,1,1,AGGGAACTGTAATAGGAATT,0,3707899
tolCp1,0.5,1,1,AGGCGTTTCTGGAGGCTCGT,0,3662080
tolCp1,0.5,1,1,AGGCGGAGCGGCCACATTGG,0,3684424
tolCp1,0.5,1,1,AGGCGCCAATTCCGTGATTC,0,3661347
tolCp1,0.5,1,1,AGGCGACCGTTACTTAATAG,0,3679081
tolCp1,0.5,1,1,AGGCCAAGGAGGCTAAGCCA,0,3702376
tolCp1,0.5,1,1,AGGCATTGCCTGAGGACGCT,0,3681311
tolCp1,0.5,1,1,AGGCATATATAGGAGAGCAT,0,3687359
tolCp1,0.5,1,1,AGGCAGTAACTATACCCAAT,0,3689687
tolCp1,0.5,1,1,AGGCAAACCCAGTGGCGATA,0,3697213
tolCp1,0.5,1,1,AGGATCTGTCACACAAACTT,0,3705858
tolCp1,0.5,1,1,AGGATAAATGCATATAGGGT,0,3686726
tolCp1,0.5,1,1,AGGAGTCAGTCTAGCACCAC,0,3714771
tolCp1,0.5,1,1,AGGAGGTTGGTCTTGACCAC,0,3701623
tolCp1,0.5,1,1,AGGAGCGGTTGCTAAGGCCT,0,3676081
tolCp1,0.5,1,1,AGGACTTCAGTGAGGGCTAT,0,3669857
tolCp1,0.5,1,1,AGGACGCATGCGAGCTTCAC,0,3685871
tolCp1,0.5,1,1,AGGACCCTCTATGCAAGTGA,0,3673424
tolCp1,0.5,1,1,AGGAAATGTCATGGCAATTT,0,3713600
tolCp1,0.5,1,1,AGCTTGACTATCGGGTCTCT,0,3670380
tolCp1,0.5,1,1,AGCTTCGGTTACTAAATTCC,0,3701175
tolCp1,0.5,1,1,AGCTTCAAACGCGAGGGCCA,0,3703396
tolCp1,0.5,1,1,AGCTGTACTTTCGTGGTTCT,0,3713021
tolCp1,0.5,1,1,AGCTGTAAAGTGAAATCTAC,0,3690384
tolCp1,0.5,1,1,AGCTCCCCCACTACCAAATT,0,3698322
tolCp1,0.5,1,1,AGCTCCCATTTTCTCCGGTT,0,3663233
tolCp1,0.5,1,1,AGCTATATGTTTATAGAGTG,0,3665821
tolCp1,0.5,1,1,AGCTACGCGTAATAGCAACG,0,3686379
tolCp1,0.5,1,1,AGCGTGTTGCCTATTCTAGC,0,3670896
tolCp1,0.5,1,1,AGCGTGCCCGGACCTGAGTT,0,3710732
tolCp1,0.5,1,1,AGCGTATGAAAAAAGTCACT,0,3711375
tolCp1,0.5,1,1,AGCGGGGTACTGGAGAGCCT,0,3676277
tolCp1,0.5,1,1,AGCGGCTCACCTTTGGGCGG,0,3680405
tolCp1,0.5,1,1,AGCGCTATGGCGTGCATAAA,0,3670760
tolCp1,0.5,1,1,AGCGCAGCACTCCGCATCGG,0,3683825
tolCp1,0.5,1,1,AGCGAACATAGATAGAATCG,0,3692907
tolCp1,0.5,1,1,AGCCTCTCATTGAATGTTAC,0,3673948
tolCp1,0.5,1,1,AGCCTCCATAGACATGCGCT,0,3710067
tolCp1,0.5,1,1,AGCCTAAGCGCCCGATCGAT,0,3711334
tolCp1,0.5,1,1,AGCCGTTTATTAAGCCACCC,0,3715431
tolCp1,0.5,1,1,AGCCAGGCTAGGGGCGTGTT,0,3703542
tolCp1,0.5,1,1,AGCCACGATTCCCAGCCTAC,0,3667920
tolCp1,0.5,1,1,AGCCACAACGCGCCTTCAGT,0,3706246
tolCp1,0.5,1,1,AGCATCCCGTTGTATTCGCC,0,3686963
tolCp1,0.5,1,1,AGCAGTTAATCCTTCGTTTC,0,3676681
tolCp1,0.5,1,1,AGCAGCTCTTTGAGTCTGGC,0,3692606
tolCp1,0.5,1,1,AGCAGACAAGTATTTACATC,0,3664535
tolCp1,0.5,1,1,AGCACCCTAACGGCCTGTGG,0,3667075
tolCp1,0.5,1,1,AGATTTTCCGTCGTAAACAA,0,3684371
tolCp1,0.5,1,1,AGATTTAAACGTAACCAGGC,0,3682100
tolCp1,0.5,1,1,AGATTCATGGGCAGCTCTCT,0,3661448
tolCp1,0.5,1,1,AGATTAACAAGGAATTAGTG,0,3682720
tolCp1,0.5,1,1,AGAGTTACCCGATGAATTCC,0,3690329
tolCp1,0.5,1,1,AGAGTGTGTACTCCCGATAT,0,3680975
tolCp1,0.5,1,1,AGAGTGATCCAGTGGGGAGT,0,3705044
tolCp1,0.5,1,1,AGAGTCCTTTGATAAATGTT,0,3708153
tolCp1,0.5,1,1,AGAGGGTCTACGGACGGAGG,0,3706871
tolCp1,0.5,1,1,AGAGGCTCAGCAAGGTGTAT,0,3671462
tolCp1,0.5,1,1,AGAGCAGAGACTCTCTTGCG,0,3711335
tolCp1,0.5,1,1,AGAGATGGTGTCAGCGGGAC,0,3701312
tolCp1,0.5,1,1,AGACTTTGTACAATTGCAGA,0,3674638
tolCp1,0.5,1,1,AGACTGTCCGCTCTGGGCTA,0,3712140
tolCp1,0.5,1,1,AGACGGTTACTGAATGGCAA,0,3661398
tolCp1,0.5,1,1,AGACCAACGATACCTTCATT,0,3667143
tolCp1,0.5,1,1,AGACAGCTCGTTCTGGTCGG,0,3693208
tolCp1,0.5,1,1,AGACAGCCCAAAAGCCCGCG,0,3675106
tolCp1,0.5,1,1,AGAATTCCATATTCGAACTG,0,3679192
tolCp1,0.5,1,1,AGAATGGTCCGCGCAGAATA,0,3712186
tolCp1,0.5,1,1,AGAAGATTCTGGCCAGGGAA,0,3678392
tolCp1,0.5,1,1,AGAAGAGCTATGCTGGCTAG,0,3686538
tolCp1,0.5,1,1,AGAACTGAACATGAGAGGAC,0,3663403
tolCp1,0.5,1,1,AGAACGGAGCCGTGCTGATA,0,3707114
tolCp1,0.5,1,1,AGAAAGGTCCGTGGGCGCAT,0,3683208
tolCp1,0.5,1,1,AGAAAAACTTTCGCGGTACT,0,3702156
tolCp1,0.5,1,1,ACTTTTATGGAGGGGGTCCT,0,3674519
tolCp1,0.5,1,1,ACTTTCGGGGACTTATCGTG,0,3692531
tolCp1,0.5,1,1,ACTTTATGGAACGCAACATG,0,3681744
tolCp1,0.5,1,1,ACTTTAATCACGGCTTATTT,0,3664697
tolCp1,0.5,1,1,ACTTGTTTTAGCTTCGTACG,0,3667178
tolCp1,0.5,1,1,ACTTATGACATTGGAAGACT,0,3685397
tolCp1,0.5,1,1,ACTTACATGCGAAAAATCAA,0,3703995
tolCp1,0.5,1,1,ACTTAAGTCATAAAACTAAC,0,3697961
tolCp1,0.5,1,1,ACTGTGTCGGTATTTCGACG,0,3690507
tolCp1,0.5,1,1,ACTGTCGGCTATAGGCTCAA,0,3687944
tolCp1,0.5,1,1,ACTGTAACGATCTGGAGTAG,0,3715275
tolCp1,0.5,1,1,ACTGGCGGATGAAGAAAGGC,0,3675652
tolCp1,0.5,1,1,ACTGATGTCTGCTACACGTT,0,3682001
tolCp1,0.5,1,1,ACTGATGTATCTCGCGACAG,0,3661960
tolCp1,0.5,1,1,ACTGAACTGAGTCAAGCCCA,0,3687630
tolCp1,0.5,1,1,ACTCTTGGCACTCTGCTTTT,0,3713032
tolCp1,0.5,1,1,ACTCTGATACCCCGGTCTCA,0,3706751
tolCp1,0.5,1,1,ACTCTCTTACGCATTTAAAC,0,3690995
tolCp1,0.5,1,1,ACTCGGGATGGTTCGCTGCA,0,3698867
tolCp1,0.5,1,1,ACTCGGACATTCTTTCCGCA,0,3715429
tolCp1,0.5,1,1,ACTCGCAGTATTACACCGTA,0,3664673
tolCp1,0.5,1,1,ACTCGAAATAGGTGGACCGA,0,3667896
tolCp1,0.5,1,1,ACTCCGGCTTTTGCTTAAAC,0,3704122
tolCp1,0.5,1,1,ACTCCGCTTAGAGCCCATCA,0,3661139
tolCp1,0.5,1,1,ACTCCGACATACGAGAGCGG,0,3664794
tolCp1,0.5,1,1,ACTCATCGAATCGACCCTCC,0,3709116
tolCp1,0.5,1,1,ACTATATCCGGATGTCGTGT,0,3673958
tolCp1,0.5,1,1,ACTAGCTGCGGTTTACTTAC,0,3705394
tolCp1,0.5,1,1,ACTACTGAGCTGAGCGACGT,0,3694507
tolCp1,0.5,1,1,ACTACTCAAAGTTCTGGCCT,0,3663516
tolCp1,0.5,1,1,ACTACGATCTCCTCCATGAG,0,3710744
tolCp1,0.5,1,1,ACTAACGTGACCTAATTAGA,0,3674650
tolCp1,0.5,1,1,ACGTTAATAAAATCACTCTT,0,3687266
tolCp1,0.5,1,1,ACGTGCTAACGGAGGAGTGG,0,3714683
tolCp1,0.5,1,1,ACGTGCCATCCGTTGCGGCA,0,3686691
tolCp1,0.5,1,1,ACGTGAGTTTGCTCATACGG,0,3682813
tolCp1,0.5,1,1,ACGTCAGAATATAGGCGACG,0,3666347
tolCp1,0.5,1,1,ACGTCACGTTCACACGTACA,0,3710543
tolCp1,0.5,1,1,ACGTATGGGGCTACGTAGCC,0,3680377
tolCp1,0.5,1,1,ACGTAGGACACGCAGTTTCA,0,3662352
tolCp1,0.5,1,1,ACGTACACGTCCTCGTATGG,0,3670780
tolCp1,0.5,1,1,ACGGTTAGGCCTTAAGTCTT,0,3677856
tolCp1,0.5,1,1,ACGGGTGGCTCGAAAGGCCA,0,3672204
tolCp1,0.5,1,1,ACGGGCTGTACGTCAAATTT,0,3685407
tolCp1,0.5,1,1,ACGGCGGACTTTGACAGCCA,0,3709867
tolCp1,0.5,1,1,ACGGCCGCGACAGTCATTTA,0,3688268
tolCp1,0.5,1,1,ACGGCAGGTAACAGTTCGTA,0,3693302
tolCp1,0.5,1,1,ACGGAGCTCGTCACTGGCGC,0,3685859
tolCp1,0.5,1,1,ACGGAGCACCAGATGTCCAA,0,3665254
tolCp1,0.5,1,1,ACGGAGAGGGGTACGGGGGT,0,3713509
tolCp1,0.5,1,1,ACGGACAGTCGGTTTTGGTA,0,3693615
tolCp1,0.5,1,1,ACGGAATCTTGCACTGACGA,0,3691345
tolCp1,0.5,1,1,ACGGAAGCTAAGCAGTCCGG,0,3675477
tolCp1,0.5,1,1,ACGCTGGGTAACAGGAACGT,0,3670129
tolCp1,0.5,1,1,ACGCCTAAAGCAACCGCACT,0,3674855
tolCp1,0.5,1,1,ACGCAAGAGTGAGAGTAGGA,0,3672539
tolCp1,0.5,1,1,ACGATAAGCCCGTGAAGTGT,0,3698588
tolCp1,0.5,1,1,ACGAGTTCACAAACGTCGGA,0,3702222
tolCp1,0.5,1,1,ACGAGTATCTCTAATTACTC,0,3661585
tolCp1,0.5,1,1,ACGAGCCATGTTTTCGTTAC,0,3687668
tolCp1,0.5,1,1,ACGACATAACCGGAGGAAAG,0,3669041
tolCp1,0.5,1,1,ACGAAGTTCAGCCAGGAACA,0,3693770
tolCp1,0.5,1,1,ACGAACGATAACGGAATGCT,0,3698554
tolCp1,0.5,1,1,ACGAACCTTGTAACCGCTGG,0,3693765
tolCp1,0.5,1,1,ACGAAACAATTTGAGCTGAT,0,3695127
tolCp1,0.5,1,1,ACCTTACCTTCAAGTGCATG,0,3679163
tolCp1,0.5,1,1,ACCTGTTACTCGCAGTCACT,0,3694929
tolCp1,0.5,1,1,ACCTGTATGTGCATGTGGTC,0,3663139
tolCp1,0.5,1,1,ACCTAAGGATCGGCGCCATC,0,3704049
tolCp1,0.5,1,1,ACCGTGACATGTAATAGTGG,0,3696023
tolCp1,0.5,1,1,ACCGTCCGCTCAGTACTATA,0,3705291
tolCp1,0.5,1,1,ACCGGAATGGGTTGGAAATA,0,3679833
tolCp1,0.5,1,1,ACCGCGAACCCATCTTAAAG,0,3704941
tolCp1,0.5,1,1,ACCGCACACCGTTTCCGCAT,0,3697856
tolCp1,0.5,1,1,ACCGAGTTGTTTGAGATTCG,0,3666838
tolCp1,0.5,1,1,ACCCTTGGGAATGATATTGG,0,3685678
tolCp1,0.5,1,1,ACCCTTGATGGATGGTCGAA,0,3697282
tolCp1,0.5,1,1,ACCCGTCTGCTGCAGTATAA,0,3698734
tolCp1,0.5,1,1,ACCCCTTGCATGTCATGAGG,0,3668674
tolCp1,0.5,1,1,ACCCAGGTTTCTTAATCCTA,0,3713852
tolCp1,0.5,1,1,ACCCAGGTCGAGACCCAACG,0,3684857
tolCp1,0.5,1,1,ACCATGAGGTCAATAATCGG,0,3679807
tolCp1,0.5,1,1,ACCATATATCTCCCAATGGG,0,3707976
tolCp1,0.5,1,1,ACCAGGTTACAATGCGAGTC,0,3679608
tolCp1,0.5,1,1,ACCAGAGGACCTCGTGCGGG,0,3695316
tolCp1,0.5,1,1,ACCACGTCGGCTCGGGCTTG,0,3669075
tolCp1,0.5,1,1,ACCAATGTCATCAGCTCGGG,0,3675777
tolCp1,0.5,1,1,ACCAATCTTCCGGCCCTTTT,0,3698949
tolCp1,0.5,1,1,ACCAACAGAGCAAGCGAAGG,0,3709983
tolCp1,0.5,1,1,ACCAAAGAATCACACGGCAA,0,3670240
tolCp1,0.5,1,1,ACATTTGGGAAGAGTGTCCA,0,3704465
tolCp1,0.5,1,1,ACATTGATGTGGGGGGTTAC,0,3670408
tolCp1,0.5,1,1,ACATGGGGCAAGTCATGGCG,0,3668981
tolCp1,0.5,1,1,ACATCATTGGCTGAGCGCGC,0,3676683
tolCp1,0.5,1,1,ACATCACCACAAAGTGTCGC,0,3671733
tolCp1,0.5,1,1,ACATATCTGGCGTGGGAAAT,0,3707754
tolCp1,0.5,1,1,ACATAGCAATAATCCAACGT,0,3702475
tolCp1,0.5,1,1,ACAGGTTGAACGATTCTACT,0,3702315
tolCp1,0.5,1,1,ACAGGTACATGGGGGTACCG,0,3691127
tolCp1,0.5,1,1,ACAGGATAGGGTAACCGAAG,0,3675848
tolCp1,0.5,1,1,ACAGGAGCAACTTTTATGCT,0,3684006
tolCp1,0.5,1,1,ACAGCTCAAGACCCCAGACC,0,3661221
tolCp1,0.5,1,1,ACAGAGCAGATTAGACTTGA,0,3707484
tolCp1,0.5,1,1,ACAGAAGTGAGTTGGGATCC,0,3709279
tolCp1,0.5,1,1,ACACTGTAAGCGACTGAAAT,0,3691290
tolCp1,0.5,1,1,ACACTGGAATCACGCCGAAG,0,3709246
tolCp1,0.5,1,1,ACACGTAGTCCACCATCTCA,0,3685110
tolCp1,0.5,1,1,ACACGGCCATAGTATACAAG,0,3672400
tolCp1,0.5,1,1,ACACCGAGGGGAGCGGGCGG,0,3669578
tolCp1,0.5,1,1,ACACCATTGTATAGGACGTC,0,3682152
tolCp1,0.5,1,1,ACACAGTCGTCTCCATTTGT,0,3685260
tolCp1,0.5,1,1,ACACAGGTTTCGTACCCTTA,0,3672685
tolCp1,0.5,1,1,ACACACACGAAAGGGACTAT,0,3687456
tolCp1,0.5,1,1,ACACAATCTAGGCAAAGCTT,0,3685261
tolCp1,0.5,1,1,ACACAACCCACCGCGCCGGT,0,3663694
tolCp1,0.5,1,1,ACAATAGGTTGTGAGTCTAA,0,3685513
tolCp1,0.5,1,1,ACAATAATTTTTTATGCGAC,0,3701186
tolCp1,0.5,1,1,ACAAGAGTCATTCCAGGCGA,0,3667824
tolCp1,0.5,1,1,ACAAGACCGTGTTTGCGTTA,0,3686188
tolCp1,0.5,1,1,ACAACGCATATCGCTTCAAA,0,3681571
tolCp1,0.5,1,1,ACAAATGTCTTTTACATTTG,0,3672165
tolCp1,0.5,1,1,ACAAAAGTTGGTTGCTATCC,0,3687757
tolCp1,0.5,1,1,ACAAAAACACGACTTTTCGC,0,3671363
tolCp1,0.5,1,1,AATTTAATAGGGCGCGCAGA,0,3686246
tolCp1,0.5,1,1,AATTGGCAAGTCATTGCATG,0,3673426
tolCp1,0.5,1,1,AATTGCCTCCCTGTCCTGGT,0,3684394
tolCp1,0.5,1,1,AATTATCGATACTGGGAGTA,0,3686779
tolCp1,0.5,1,1,AATTATCCGTGAGCACCTCG,0,3674838
tolCp1,0.5,1,1,AATTAACGACTCTCACTCCT,0,3710464
tolCp1,0.5,1,1,AATGTGTGGCCCCTACATCT,0,3663111
tolCp1,0.5,1,1,AATGTGAAATAGAGCGATCC,0,3705524
tolCp1,0.5,1,1,AATGTATGATGTTTAAACTA,0,3697851
tolCp1,0.5,1,1,AATGTATCATATTGGTTGTC,0,3663624
tolCp1,0.5,1,1,AATGGTAGTCGGCTCCGGTG,0,3701954
tolCp1,0.5,1,1,AATGGCGCTCGAGCACTCAA,0,3702789
tolCp1,0.5,1,1,AATGGATGACAAATGAAGTA,0,3709546
tolCp1,0.5,1,1,AATGAGCGATGCACTTGAAG,0,3695897
tolCp1,0.5,1,1,AATGAGACATCAAGTCAAGA,0,3694751
tolCp1,0.5,1,1,AATCTGGGAAACACATTCAT,0,3701049
tolCp1,0.5,1,1,AATCTCTGTTCACGGGTGTC,0,3661812
tolCp1,0.5,1,1,AATCTACGACCACACTTAAG,0,3704086
tolCp1,0.5,1,1,AATCGTACAGAAGGACGCAA,0,3712951
tolCp1,0.5,1,1,AATCGGCAAGGAAGGCGCGA,0,3663987
tolCp1,0.5,1,1,AATCGCAAAAGCTTACTAAT,0,3682018
tolCp1,0.5,1,1,AATCCGGCATGCTGTAGCGC,0,3687240
tolCp1,0.5,1,1,AATCCCAGAAATGACCGCTG,0,3704090
tolCp1,0.5,1,1,AATACGTTCCTTCGCCGATC,0,3666055
tolCp1,0.5,1,1,AATACGAATTCGTGGTAGAG,0,3676925
tolCp1,0.5,1,1,AATACCACGATAGATCTACA,0,3667985
tolCp1,0.5,1,1,AATACAGTCAGTGGTGCAGA,0,3667733
tolCp1,0.5,1,1,AATAATGAGATATCCCGCAT,0,3703230
tolCp1,0.5,1,1,AATAACAGGCACCGTCGGTA,0,3705893
tolCp1,0.5,1,1,AAGTTTTACCTCAGCTGTGT,0,3697743
tolCp1,0.5,1,1,AAGTTTGCCAACGCTTTTAA,0,3674910
tolCp1,0.5,1,1,AAGTTGGCGTATCATGAGTG,0,3696384
tolCp1,0.5,1,1,AAGTTCGTAGTTGCCACTAG,0,3683748
tolCp1,0.5,1,1,AAGTTAAAAGCGCGACGCCA,0,3684830
tolCp1,0.5,1,1,AAGTGGATGTGCACAATTTA,0,3673084
tolCp1,0.5,1,1,AAGTGCGGTGTGCCGGGGAT,0,3682165
tolCp1,0.5,1,1,AAGTGCCCCCGACTGGCAGT,0,3705775
tolCp1,0.5,1,1,AAGTCTGGTTTGTATATCAT,0,3699713
tolCp1,0.5,1,1,AAGTCGTGTACATATAGGTC,0,3661815
tolCp1,0.5,1,1,AAGTATTGGCTCATCAAAGA,0,3705341
tolCp1,0.5,1,1,AAGTACGTGCAAGAGATACA,0,3683630
tolCp1,0.5,1,1,AAGTACGCGAATCTTGTGTC,0,3700447
tolCp1,0.5,1,1,AAGTAATCTCGCTGTCTCCT,0,3699991
tolCp1,0.5,1,1,AAGGTCATCCAGGGTATTAA,0,3698532
tolCp1,0.5,1,1,AAGGGTTGCGATGGCCGGTC,0,3666338
tolCp1,0.5,1,1,AAGGGTCGAATACGCCGAGT,0,3677922
tolCp1,0.5,1,1,AAGGCTTGAAAACTTTGAAC,0,3700209
tolCp1,0.5,1,1,AAGGCTGGAGTAAGGATCTC,0,3706215
tolCp1,0.5,1,1,AAGGCAGAAGCGGGTGTCGC,0,3670935
tolCp1,0.5,1,1,AAGCTCTGGTGGCCCGCAAC,0,3686516
tolCp1,0.5,1,1,AAGCGATACGTGGCGCTATT,0,3666984
tolCp1,0.5,1,1,AAGCCCCCACATGAAGTATT,0,3662349
tolCp1,0.5,1,1,AAGAGTCAGGAGCCTCTCGT,0,3686972
tolCp1,0.5,1,1,AAGAGGTAAAGTTGCATGTT,0,3689336
tolCp1,0.5,1,1,AAGACGACTATGAGTCCTAC,0,3674086
tolCp1,0.5,1,1,AAGACATACCGTATCCATGC,0,3663497
tolCp1,0.5,1,1,AAGAAAGAAAGTACCATAGT,0,3694111
tolCp1,0.5,1,1,AAGAAAATCCCCCGCAACGA,0,3703508
tolCp1,0.5,1,1,AAGAAAACGGGCACAGTAGA,0,3702451
tolCp1,0.5,1,1,AACTTTTTTAATTGCGGACA,0,3713125
tolCp1,0.5,1,1,AACTGTCTCTATATATACAT,0,3672358
tolCp1,0.5,1,1,AACTGGGCATTGATCTGGTA,0,3695863
tolCp1,0.5,1,1,AACGTTCGGACGCTAGGACG,0,3662833
tolCp1,0.5,1,1,AACGGTCCTCTCTAGTAAAC,0,3708259
tolCp1,0.5,1,1,AACGCTGACAACCGAGGGGA,0,3712692
tolCp1,0.5,1,1,AACGCGAACATGTCTAAGGA,0,3700401
tolCp1,0.5,1,1,AACGCCACACGCGGCCAGGA,0,3688983
tolCp1,0.5,1,1,AACGCATGTACCCTAACAGT,0,3709622
tolCp1,0.5,1,1,AACGAGGATTGGATCAAAGG,0,3713946
tolCp1,0.5,1,1,AACCTGACAAGCTTTCATGG,0,3695319
tolCp1,0.5,1,1,AACCGATAAAGATGGGTCAC,0,3712351
tolCp1,0.5,1,1,AACCAAGTCGTGACACGAAA,0,3675460
tolCp1,0.5,1,1,AACAGTTCCAGATAAAGAAA,0,3686662
tolCp1,0.5,1,1,AACAGAGCTGACCGACTTCT,0,3665127
tolCp1,0.5,1,1,AACACCCTATAAAGCGTGGG,0,3701611
tolCp1,0.5,1,1,AAATCGTTGCATGTATATCC,0,3698904
tolCp1,0.5,1,1,AAATCGACAGTACTCGCATA,0,3662370
tolCp1,0.5,1,1,AAATCGAATGAAGCCGGGCT,0,3696866
tolCp1,0.5,1,1,AAATCCCAATATTGAGGGAT,0,3678758
tolCp1,0.5,1,1,AAAGTTATTAGTTGGCCTAG,0,3709435
tolCp1,0.5,1,1,AAAGGTTAGCACGTTGCATA,0,3693001
tolCp1,0.5,1,1,AAAGGGTTGTCTTTTGTCTT,0,3682944
tolCp1,0.5,1,1,AAAGGGTTCATAGCGGAAGC,0,3685023
tolCp1,0.5,1,1,AAAGGGGCGCTTCCCCGCTT,0,3670832
tolCp1,0.5,1,1,AAAGGGAGGTCGTTCGCTAT,0,3694819
tolCp1,0.5,1,1,AAAGGGAGATTGGCTGGCCT,0,3668619
tolCp1,0.5,1,1,AAAGGAAAGCACATGCTTAG,0,3683195
tolCp1,0.5,1,1,AAAGCATCTGGGCACGCAAA,0,3709381
tolCp1,0.5,1,1,AAAGCAAGCTCGTATACGGG,0,3673288
tolCp1,0.5,1,1,AAAGATCATTATGCGCAATA,0,3677605
tolCp1,0.5,1,1,AAAGAGTTGACGCGCATTCA,0,3676601
tolCp1,0.5,1,1,AAAGAGTGCCAACTGCTGTA,0,3663676
tolCp1,0.5,1,1,AAAGACGGATCTGGCGAACA,0,3676301
tolCp1,0.5,1,1,AAACTTCATCTGTACTATTT,0,3680713
tolCp1,0.5,1,1,AAACTATTGACATAGACTCA,0,3702375
tolCp1,0.5,1,1,AAACGTATGGCAGCAATCTC,0,3668382
tolCp1,0.5,1,1,AAACGGTCATCCCAGCATAC,0,3685379
tolCp1,0.5,1,1,AAACCGAGGCTCAGATCTCC,0,3664791
tolCp1,0.5,1,1,AAACCATTCAGGGGGAACTT,0,3702527
tolCp1,0.5,1,1,AAAATTTTGCATTGTGTCCG,0,3689729
tolCp1,0.5,1,1,AAAATTGACCTTGTGAAGCA,0,3681629
tolCp1,0.5,1,1,AAAATCTAGCGTTCTACGTT,0,3713300
tolCp1,0.5,1,1,AAAATCGCGTTGGAATACGT,0,3693917
tolCp1,0.5,1,1,AAAAGGATCTTTACTAAATC,0,3680334
tolCp1,0.5,1,1,AAAAGCCTTCTTACACCGAT,0,3675655
tolCp1,0.5,1,1,AAAACCCTCTGCAGTCAGTG,0,3683120
tolCp1,0.5,1,1,AAAAAGTGATGAGAGTGATA,0,3713530
tolCp1,202.0,201,0,TTCCTTACCTGTGAGGTAGA,201,3700926
tolCp1,155.0,154,0,TCCAGTTCTGTCACAGACCT,154,3688850
tolCp1,125.0,124,0,ACACACATTTCTGCATCCTT,124,3696402
tolCp1,105.0,104,0,AAATGCGCAGCGAGTCATCT,104,3672878
tolCp1,94.0,93,0,GGTTCGTCCGGGCATCGCAG,93,3676532
tolCp1,94.0,93,0,CATATAGCAAATGCTTCAAA,93,3676516
tolCp1,84.0,83,0,CATGTATCGGACTGGACGGA,83,3685100
tolCp1,82.0,81,0,ATCCTTTGGAAACTAAAGAT,81,3706103
tolCp1,81.0,80,0,CCCCCTTCCGGAGGCTTTCA,80,3696409
tolCp1,79.0,78,0,GAAAGGTCCCCGATTCCCAT,78,3680853
tolCp1,79.0,78,0,ACCACGAACATATCTCCACT,78,3686031
tolCp1,78.0,77,0,GGTTCGGGCTTAGCCGATAA,77,3715134
tolCp1,75.0,74,0,TTTCAGCACAAGAGCGACGC,74,3712655
tolCp1,75.0,74,0,TGTACTCTCAACTTAATCAA,74,3689763
tolCp1,69.0,68,0,TCCCTAGGCAAACTATACTG,68,3699803
tolCp1,69.0,68,0,GAACTTCGTGAACATTCGCT,68,3710955
tolCp1,66.0,65,0,AAATGAGCTGGCCGGCCTGA,65,3693999
tolCp1,64.0,63,0,CGTTGTTTTGAGACCGAGTA,63,3679966
tolCp1,62.0,61,0,TTGAATGAACTCAGCGTAAC,61,3677716
tolCp1,62.0,61,0,TCTACGCACATGTACCTGTG,61,3702914
tolCp1,61.0,60,0,CGTTGTTTGCGTTACAGACG,60,3686038
tolCp1,60.0,59,0,TTTCTCTTCCCTATGCTCTC,59,3712674
tolCp1,59.0,58,0,GTTTTTGAGTTCACGGCATT,58,3715142
tolCp1,58.0,57,0,TTTATCATTGCGACCTAATA,57,3708582
tolCp1,55.0,54,0,ATTAGTCCAAGTTCGCTCAT,54,3661300
tolCp1,55.0,54,0,ACCACGTCGCAGAGTTGGGG,54,3664713
tolCp1,54.0,53,0,GGACTCATTTACGATGGTAG,53,3702934
tolCp1,54.0,53,0,AGACAGACAAAGATCGCCCC,53,3692662
tolCp1,53.0,52,0,GGTAAGTCAACCTCTGCGTC,52,3669745
tolCp1,53.0,52,0,CTATCCGATTCACATGCTGT,52,3674160
tolCp1,53.0,52,0,CCCAAGAGCGAGGGACCTGC,52,3714485
tolCp1,53.0,52,0,CACCCCGTCAGAGTTAACAT,52,3680411
tolCp1,53.0,52,0,ATCGTGAGTTGCGTTCGCCT,52,3689028
tolCp1,51.0,50,0,TCTATTGCATTAGCTTTGTC,50,3710959
tolCp1,48.0,47,0,GAAAAGTCATATGCGATATA,47,3671049
tolCp1,47.0,46,0,ATGCGGAAGGTTTGTACTTA,46,3689018
tolCp1,47.0,46,0,ACAGGAGCATGCGACCTGTG,46,3699813
tolCp1,47.0,46,0,AACTGGGAACGCGTACAAAT,46,3679971
tolCp1,46.0,45,0,TGTGCCGCCTATGAAGAGGA,45,3672849
tolCp1,46.0,45,0,CTCGCTATTAACTGTGGGGG,45,3691907
tolCp1,45.0,44,0,TGGGTCTGGTACGAAGTCCC,44,3702675
tolCp1,45.0,44,0,TCCAACCCGTGTCTGGTGAG,44,3686152
tolCp1,45.0,44,0,GGCTATCTTAAGTTTACGAC,44,3686044
tolCp1,45.0,44,0,CTTTTACGGTGAAGTCTATA,44,3704642
tolCp1,44.0,43,0,GGCCTTACGAGACTTGGGAC,43,3701488
tolCp1,44.0,43,0,ATCGTAGGGTACGCAATTAT,43,3688138
tolCp1,44.0,43,0,ATCACTATCCCCCAGATGCG,43,3675029
tolCp1,44.0,43,0,ACTGCTAGCTCGGAATCCAC,43,3661268
tolCp1,43.0,42,0,GTCCATTCATCCAGGGTTAT,42,3703219
tolCp1,43.0,42,0,CAGGGTGTTAGCGAACCGCC,42,3701385
tolCp1,42.0,41,0,GGTGCGCCGACGACCCGCTT,41,3701475
tolCp1,42.0,41,0,CCCTATTACCGTCATGCAGG,41,3701247
tolCp1,42.0,41,0,CATAGACCGGTAAAGTACGA,41,3694077
tolCp1,42.0,41,0,AGCAAGAGGTGAGGGAGTAT,41,3687289
tolCp1,40.0,39,0,AAAGGTGATAGGGGGGTCCC,39,3705110
tolCp1,39.0,38,0,AGGATTCTCAACACCGTAGT,38,3706945
tolCp1,38.0,37,0,ATACTGCCTAGTAAGTGTTT,37,3662507
tolCp1,38.0,37,0,AGAACTGCTAAACAGACGAA,37,3707436
tolCp1,37.0,36,0,GGGCCAGGTGGACGTCACGT,36,3708757
tolCp1,37.0,36,0,GCTTGCGAGGCGGACCGTGA,36,3671056
tolCp1,37.0,36,0,GCGCGCCTCTCATCTTGTCA,36,3687127
tolCp1,37.0,36,0,CTGTAGAATTTCACAGCATA,36,3683439
tolCp1,37.0,36,0,CTGAATTAGCATCCGTCTGT,36,3678673
tolCp1,37.0,36,0,CGTGAAGGTAAACTTTAGGA,36,3710221
tolCp1,36.0,35,0,TTGCCGCTACTCCGTATAAT,35,3694012
tolCp1,36.0,35,0,TCCTACAAAGCGATCGCACA,35,3692664
tolCp1,36.0,35,0,GCGTCTCTTTACCTCTCAGC,35,3679629
tolCp1,36.0,35,0,GACCTATCATGTCCTCGTCA,35,3678804
tolCp1,35.0,34,0,GTCGATCGACTAGGCAAACA,34,3689006
tolCp1,35.0,34,0,CGTACTGCACGTGATACAGC,34,3676490
tolCp1,35.0,34,0,CCGTGAGAAACTTGGCCGGA,34,3712164
tolCp1,34.0,33,0,ACCTCCAGAGTGCCGTGGTA,33,3676515
tolCp1,33.0,32,0,GGTAGCATCTAGCGTTTAGA,32,3675704
tolCp1,33.0,32,0,CCGGTAAGCACGTACTTCGA,32,3702311
tolCp1,33.0,32,0,CAGAAGCAGCTACGGGCCGT,32,3671516
tolCp1,32.0,31,0,TGTGCATCGCACCACGAGCA,31,3664119
tolCp1,32.0,31,0,TCTTGTTTCAGGAGTTAACG,31,3701461
tolCp1,32.0,31,0,GTAGTCAGGACTTAGTGAAG,31,3701757
tolCp1,32.0,31,0,GAGTGGTGCTAATGAATGCA,31,3661655
tolCp1,32.0,31,0,CTAGTATGTGCAACCCCCTA,31,3671737
tolCp1,32.0,31,0,CACTAGGTCTCACCCTTTCA,31,3661614
tolCp1,31.0,30,0,TTGATGGTCCTAGAAAAGGA,30,3693171
tolCp1,31.0,30,0,TCCCAAGCCACATGACCAAT,30,3675730
tolCp1,31.0,30,0,GCTCGTGAGTTAAGTACCTC,30,3661935
tolCp1,31.0,30,0,CTCACATGGCCTAGGGGACT,30,3666470
tolCp1,31.0,30,0,CATTCACGGTCGAGAATAGA,30,3682258
tolCp1,31.0,30,0,ACAGGTGAATCACTTTCTGT,30,3710308
tolCp1,30.0,29,0,TGCTGCCAAAGAAGGATTCA,29,3669521
tolCp1,30.0,29,0,TCTCGTTCGTTTGCCATGCT,29,3687578
tolCp1,30.0,29,0,TCCCGTCCACAGTTCCCCTA,29,3712016
tolCp1,30.0,29,0,TAATGGTCCATCACACCGTC,29,3697093
tolCp1,30.0,29,0,GCGTCCACAGAACATCCGCG,29,3686026
tolCp1,30.0,29,0,CTATCCACTTTCCTGCTCTA,29,3686037
tolCp1,30.0,29,0,ATTCAATACCTTTCTTTCGT,29,3685089
tolCp1,29.0,28,0,TGAGTGACGATCTTTTCCTT,28,3680024
tolCp1,29.0,28,0,TCGCTCACTTATACGTTAAT,28,3666551
tolCp1,28.0,27,0,TTACGGGATCGGGCATGTAA,27,3697099
tolCp1,28.0,27,0,GGACCACGCCACGTAGGAAG,27,3711678
tolCp1,28.0,27,0,CGATGCCTCTAGAATTGGCT,27,3665334
tolCp1,28.0,27,0,CAGCAGAGGTGTCCGATTAC,27,3669377
tolCp1,27.0,26,0,TATGGTAAGTCCCGCTTCTC,26,3688504
tolCp1,27.0,26,0,GTCTACCGGCGTTGGAATAA,26,3686815
tolCp1,27.0,26,0,GGCACTTATCACTATACGTA,26,3712644
tolCp1,27.0,26,0,CTCAAAAACGTTACCGGATG,26,3679154
tolCp1,27.0,26,0,CGGAGTGGTTCTCCGACGAG,26,3698737
tolCp1,26.0,25,0,GTATCCCGTAGCGAGACAGC,25,3670545
tolCp1,26.0,25,0,GCCTACCCACTGGCCAGGGG,25,3696438
tolCp1,26.0,25,0,GCAATGTTCGGTACTATGCC,25,3701472
tolCp1,26.0,25,0,CTCGCCAGTGGACAAATGTA,25,3712722
tolCp1,26.0,25,0,CGTAGTTCCACCAATAGGGC,25,3691111
tolCp1,26.0,25,0,AGTCAGCAATAAAAACCTTG,25,3680009
tolCp1,26.0,25,0,ACTAGGAGGATGCGGTCATT,25,3676493
tolCp1,26.0,25,0,ACGGTATCGTTCTGCCCAAC,25,3683437
tolCp1,25.0,24,0,TTGTTGGAATAACATTCCGT,24,3708591
tolCp1,25.0,24,0,TTCTTTATTCCCTAGTTGGT,24,3679303
tolCp1,25.0,24,0,TTAACGATGGGCTTCCCCTG,24,3710856
tolCp1,25.0,24,0,TGTTGGGGGAAAGTAGTAGG,24,3674220
tolCp1,25.0,24,0,GTCTTCCCATGCAAGGTCAT,24,3702318
tolCp1,25.0,24,0,CCTACCTTGTGCAAGATGTT,24,3689616
tolCp1,25.0,24,0,CATTTGGCTATGGCCGACTT,24,3708568
tolCp1,25.0,24,0,CAGAACCCCGCTGCGCCGAC,24,3699669
tolCp1,25.0,24,0,ATTGTCAACTACTGTCTCAG,24,3672840
tolCp1,25.0,24,0,AGTTGCGTGGGCTCCAGCAG,24,3677220
tolCp1,25.0,24,0,AGTCTTCGGGGGACCCAGGC,24,3672844
tolCp1,24.0,23,0,TGATTGTATACGGTGACTGT,23,3668412
tolCp1,24.0,23,0,TCCTCAACGAGCTCAGTAGA,23,3706323
tolCp1,24.0,23,0,TAAGTGTTACATTATTCGGT,23,3688620
tolCp1,24.0,23,0,GGTTATCAACCACGAAGCGG,23,3671017
tolCp1,24.0,23,0,CATCCATGTGCAGGATTTGG,23,3712707
tolCp1,24.0,23,0,CAACGATTACACGGCAGTCG,23,3714676
tolCp1,24.0,23,0,ATCTCCGAGGCGCAATCAAA,23,3704519
tolCp1,24.0,23,0,AGACATCTTGACGTAGACCT,23,3661292
tolCp1,23.0,22,0,TGCAGAGCTGTAACTGGTTA,22,3681457
tolCp1,23.0,22,0,TAATCCGTTCTTATGGTGAC,22,3673352
tolCp1,23.0,22,0,CTGATGCCTCTCAGGAGCAA,22,3686423
tolCp1,23.0,22,0,CGAGAAGAGATAGGCGCAAG,22,3689295
tolCp1,23.0,22,0,CACGCGGGGGCAGGATGTGA,22,3671915
tolCp1,23.0,22,0,CACACTTCTCTCCGATGGGG,22,3671069
tolCp1,23.0,22,0,ATCTGGAGTGACGTGTTGCG,22,3675734
tolCp1,23.0,22,0,AGTAGATTCCGGTAGACGGG,22,3671729
tolCp1,23.0,22,0,AATGAGATCGGAGCAATTTG,22,3671739
tolCp1,23.0,22,0,AAGTTACACCCGATCCACTA,22,3695056
tolCp1,23.0,22,0,AAGGTCTGCCAGTAGTCAGA,22,3705405
tolCp1,23.0,22,0,AAGAGCGTTTGGTTTATTCT,22,3672318
tolCp1,23.0,22,0,AACACGGACATACATGTCAG,22,3705409
tolCp1,22.0,21,0,TTTAGGGGAGTGTAACTTTT,21,3682288
tolCp1,22.0,21,0,TCTCTGCTATCCTCCTACGA,21,3665980
tolCp1,22.0,21,0,TACCATTAACCGCTAGCAAG,21,3698828
tolCp1,22.0,21,0,TACACTAGACGTTTCCCCGC,21,3684121
tolCp1,22.0,21,0,GCTGGATAAGCAAATATATT,21,3687897
tolCp1,22.0,21,0,CTACTGCAGTCAAGGTACCA,21,3714706
tolCp1,22.0,21,0,CGTGCAACGGGCAATTCCAT,21,3666684
tolCp1,22.0,21,0,CCTAAGGGCCACCGGCGCCT,21,3672848
tolCp1,22.0,21,0,CAGCACTTGACTCAAGCTGG,21,3715136
tolCp1,22.0,21,0,CAATGTCAACGGGATCGCTT,21,3705658
tolCp1,22.0,21,0,AGCGGATATATGTGCTTCAC,21,3704010
tolCp1,21.0,20,0,TTCCATCTAACATTATGGTC,20,3691412
tolCp1,21.0,20,0,TCATATTATCAATCAATGCG,20,3687519
tolCp1,21.0,20,0,TATTCTGAAGAGCCGTTAGC,20,3679294
tolCp1,21.0,20,0,GTTGTCTGTCTTTTATCGCT,20,3669726
tolCp1,21.0,20,0,GTCTGCGCTATCCCAAATCT,20,3679258
tolCp1,21.0,20,0,CGAGGAATTTACGGCCAATA,20,3710003
tolCp1,21.0,20,0,CCGACTGAGTTACTGACGGG,20,3683036
tolCp1,21.0,20,0,CAACGGGAATACTACGGCTA,20,3692671
tolCp1,21.0,20,0,AGTGATCCTCGGTTCCATGC,20,3679273
tolCp1,21.0,20,0,ACGAAAAGTTGCGCCCGGTA,20,3684691
tolCp1,21.0,20,0,AATGCTAATGGCGATGCTGG,20,3711911
tolCp1,20.0,19,0,TTGATTTCTTGTCCGGTAGC,19,3687117
tolCp1,20.0,19,0,TGCATGGAAAGTTAAGTAAC,19,3688109
tolCp1,20.0,19,0,TCAAACCGGCTGCTATGGAC,19,3671735
tolCp1,20.0,19,0,GTTAGCAACAACCGTCGCGC,19,3683643
tolCp1,20.0,19,0,GTGGCGATTGTCGTACTGCA,19,3711321
tolCp1,20.0,19,0,GGTTTGTCTTAATGTCTATA,19,3690483
tolCp1,20.0,19,0,GGGTACAAACCCGTATACCA,19,3671106
tolCp1,20.0,19,0,GGCATAATTGCTGGTTGAAC,19,3696377
tolCp1,20.0,19,0,GGACTGCTAGATACGTGTTG,19,3694025
tolCp1,20.0,19,0,GCCTACATACCCATCATTTA,19,3700075
tolCp1,20.0,19,0,GCAGATAATATGGTCAGGTC,19,3698092
tolCp1,20.0,19,0,CTTGAAAGTTATAAACGGCC,19,3681898
tolCp1,20.0,19,0,CGTCTGCCTCACTATCACGA,19,3680892
tolCp1,20.0,19,0,CCAGACCCCGGGACTTGAGT,19,3681613
tolCp1,20.0,19,0,ATTCGCTCGACTGGCGGACA,19,3683455
tolCp1,20.0,19,0,ACGTCCTACATATACAGAAC,19,3671037
tolCp1,20.0,19,0,ACGACCGGACTAGGCCCGGA,19,3684770
tolCp1,20.0,19,0,AATCCAATGTATATAAGTTC,19,3671282
tolCp1,20.0,19,0,AAAGTTTCAGCATTGTGCGA,19,3701751
tolCp1,20.0,19,0,AAAGTACGCCAAATGCGGCT,19,3665349
tolCp1,20.0,19,0,AAACCAAGTCCATTGGGGTC,19,3691157
tolCp1,19.0,18,0,TCGTCACAGTCGGCGTCGCC,18,3704646
tolCp1,19.0,18,0,TAAGGCCTACCCGTAGCTTA,18,3697531
tolCp1,19.0,18,0,GTATCTTTCCCATTGCCCCT,18,3697995
tolCp1,19.0,18,0,GCACCTTTGATCGAGCTATT,18,3715088
tolCp1,19.0,18,0,CTGTTGATTTAGATCTGAAG,18,3694838
tolCp1,19.0,18,0,CTGGAAGTAGATAGAAGGAC,18,3694155
tolCp1,19.0,18,0,CGACACCATCGCAGGCTCCC,18,3674170
tolCp1,19.0,18,0,CGAAATGCGATGTGCGATAC,18,3695604
tolCp1,19.0,18,0,CCCGGTAACAGTTACGCAAT,18,3670074
tolCp1,19.0,18,0,CACGGAACTTCACACTCGGT,18,3676676
tolCp1,19.0,18,0,ATAATAGGGTGCAGAGCGAC,18,3700859
tolCp1,19.0,18,0,AGTCTATCTTTAAGGTGCCT,18,3685442
tolCp1,19.0,18,0,AGCCAAGCGCGACCTCAAAG,18,3697644
tolCp1,19.0,18,0,ACTAGCTAGGGATAGATTGT,18,3696480
tolCp1,19.0,18,0,ACGGAGCAGAGGGTCGAATA,18,3694886
tolCp1,19.0,18,0,AAGGAAGTGTGCTCACGGAT,18,3682016
tolCp1,18.0,17,0,TTCCGGCGGGATCAAAGACT,17,3682243
tolCp1,18.0,17,0,TCCTCCAGTTGTCCCGTCGT,17,3676522
tolCp1,18.0,17,0,TCATGAAATAGGCGCATTTC,17,3681633
tolCp1,18.0,17,0,TAGCACTTTAGTTGTGTAAA,17,3692536
tolCp1,18.0,17,0,GTTCCCGCTTTTAAGCCCCT,17,3703528
tolCp1,18.0,17,0,GTCGGAAAATGTAGGGCCAT,17,3712022
tolCp1,18.0,17,0,GGCGGAACGCCCTGTAAAGT,17,3689749
tolCp1,18.0,17,0,GCTCTTCCCTGTACTGCTTC,17,3661196
tolCp1,18.0,17,0,GCAGTGTGCGGGGGTCATTC,17,3712272
tolCp1,18.0,17,0,GATGACGTATCACTCACTCA,17,3712153
tolCp1,18.0,17,0,GAACTCCGGCCTGAATAGAG,17,3713775
tolCp1,18.0,17,0,CTCCGCGTACCCTTGCCCCA,17,3707260
tolCp1,18.0,17,0,CTACCGTGGCGACAATTAAA,17,3696972
tolCp1,18.0,17,0,CGTCTTCGGTTTTGTGCCAA,17,3672629
tolCp1,18.0,17,0,CCGGCCCAAACGCTACAGCA,17,3665335
tolCp1,18.0,17,0,CACCGGCAGTACGGCACTTT,17,3707548
tolCp1,18.0,17,0,ATTACGACCACAAATTGAAC,17,3703467
tolCp1,18.0,17,0,ATCAGTTTGGGCGCATTTTT,17,3693469
tolCp1,18.0,17,0,ATATCGACGTATGGCTAAGT,17,3700741
tolCp1,18.0,17,0,ACGTCCTGGTACCAGGTGAG,17,3682835
tolCp1,18.0,17,0,ACGGTTCCCAGTCCCCTGGA,17,3687588
tolCp1,18.0,17,0,ACCGTGCGAACTTACTTTAT,17,3687361
tolCp1,18.0,17,0,ACATTCGAATGTTAGTCCGG,17,3705534
tolCp1,18.0,17,0,ACAAGACACGTTCGGTCGGT,17,3673645
tolCp1,17.0,16,0,TTTGTTTGGTATTTTAAAGA,16,3679306
tolCp1,17.0,16,0,TTGGCTAGGTTAGCCAGTCA,16,3669780
tolCp1,17.0,16,0,TGCCTCCATAGGATGTGGAT,16,3668840
tolCp1,17.0,16,0,TCTTTTACGGCGGCTTTAGA,16,3676476
tolCp1,17.0,16,0,TCTTGACCCAGATCGCCTTT,16,3697475
tolCp1,17.0,16,0,TCTCCCCACGAATGCCGCTC,16,3686125
tolCp1,17.0,16,0,TCGCGACGCCTGAGGGCTAA,16,3685711
tolCp1,17.0,16,0,TAGGGTTCCAGTATAGCGGT,16,3700934
tolCp1,17.0,16,0,TAGGGAAAAATTATATCCAA,16,3704912
tolCp1,17.0,16,0,TACCGCGAGGAAGGCATCTA,16,3687854
tolCp1,17.0,16,0,TACCCTACCAGAAGGGTAAA,16,3677947
tolCp1,17.0,16,0,TAAGGAGGGGCGGGGACAAG,16,3674839
tolCp1,17.0,16,0,GGTAATGGAGCTATATACGC,16,3695525
tolCp1,17.0,16,0,GGCTTGCCTTACCCTGGGTT,16,3714915
tolCp1,17.0,16,0,GCAGGTCAGGGATCGTAAGG,16,3671730
tolCp1,17.0,16,0,GCACCGCCGCGGCAACGTCT,16,3668669
tolCp1,17.0,16,0,GAAGTACGTCACCCGCCTAT,16,3708839
tolCp1,17.0,16,0,CTAGCTTCAACCGAACTCAG,16,3700771
tolCp1,17.0,16,0,CGGGTAGCCACGTCCCTTGT,16,3673527
tolCp1,17.0,16,0,CCGTCAACGACCTTTCAACC,16,3692117
tolCp1,17.0,16,0,CAGGCCGTATGGTCAAATTG,16,3691856
tolCp1,17.0,16,0,CAAACCAGCCATGGTCATCA,16,3711074
tolCp1,17.0,16,0,ATTCTGCCTCCGCACAGTAA,16,3685474
tolCp1,17.0,16,0,ATTAGTGCGATTATGATCCA,16,3691801
tolCp1,17.0,16,0,ATCCCGGGTAAGCGCTAGAA,16,3672543
tolCp1,17.0,16,0,AGTAGTATAACAGCCAAGGC,16,3692657
tolCp1,17.0,16,0,ACTTCGCTGCTTAAGCATGT,16,3707459
tolCp1,17.0,16,0,ACGAGGTTAGTCTGCATATA,16,3694816
tolCp1,17.0,16,0,AATGCATAGCTTGCCAGTTC,16,3695672
tolCp1,17.0,16,0,AAGTTTAATGCTTGCGCTTA,16,3672144
tolCp1,16.0,15,0,TTCACCTCGAGTGTCTTGCT,15,3700472
tolCp1,16.0,15,0,TTAATACCGCCTACATTCGT,15,3678936
tolCp1,16.0,15,0,TGGCAATTCCGCCACTTAGA,15,3671476
tolCp1,16.0,15,0,TCGTTCTGTAACGTGATAGG,15,3704623
tolCp1,16.0,15,0,TCGTTACAGCGGGTCTTCAA,15,3706082
tolCp1,16.0,15,0,TCGAGTATCACGGATCAACT,15,3684112
tolCp1,16.0,15,0,TAACGATTACGACTCAAAGC,15,3696721
tolCp1,16.0,15,0,GTTAACGTTAGCTTCCGAGG,15,3708859
tolCp1,16.0,15,0,GTCGATATCGGGTTATATAC,15,3711839
tolCp1,16.0,15,0,GGACTGCGTTGAACGATGTA,15,3696852
tolCp1,16.0,15,0,GGAAAGCGTCAACTCGGTCC,15,3703524
tolCp1,16.0,15,0,GCAGCTAGGGCGGCAAGGAA,15,3702399
tolCp1,16.0,15,0,GACATTCCCGGTCCGGATGC,15,3661984
tolCp1,16.0,15,0,CTCCTCTTGTATCACACTTC,15,3686954
tolCp1,16.0,15,0,CTAAAGGGATCACGGTAGTG,15,3696565
tolCp1,16.0,15,0,CGGTTTGTTCCTACTTTTCA,15,3698051
tolCp1,16.0,15,0,CGGTCTAGGCACGCGACCAC,15,3702197
tolCp1,16.0,15,0,CGGGCCAGGTCCGATTAATA,15,3671236
tolCp1,16.0,15,0,CGATGTCTCGTAGTTTTCAG,15,3706943
tolCp1,16.0,15,0,CCTACCCACAGCTGACCCCG,15,3683802
tolCp1,16.0,15,0,CCGTTTTTGGACGAATTGGC,15,3697641
tolCp1,16.0,15,0,CCCGGACCCTTGAAAGGTAA,15,3701294
tolCp1,16.0,15,0,CAGGCGTGCCCGAAGCCGTC,15,3682250
tolCp1,16.0,15,0,ATGCTAGGTTAACGCACCGT,15,3678297
tolCp1,16.0,15,0,ATACGTGGATACGGAAGAAC,15,3710676
tolCp1,16.0,15,0,AGTATTAGTGGCCCATGCTC,15,3701384
tolCp1,16.0,15,0,AGGCATTGGTTTCTATATCT,15,3708111
tolCp1,16.0,15,0,AGACCTAGAAGGGCCATGAT,15,3707051
tolCp1,16.0,15,0,ACTTCGCTCCGTAAGGATAG,15,3693938
tolCp1,16.0,15,0,AAATACATGCCTCCAGAGGT,15,3671407
tolCp1,16.0,15,0,AAAATCACGTCCACTCTATC,15,3687531
tolCp1,15.0,14,0,TTTGAATTACGACAATGCAG,14,3669796
tolCp1,15.0,14,0,TTTCTGATTCTCTCCAATTC,14,3692233
tolCp1,15.0,14,0,TGTTGGCGTCCGGATTCCCT,14,3676078
tolCp1,15.0,14,0,TGGTAGGTATGTCTCTAGAA,14,3697055
tolCp1,15.0,14,0,TGGGGACATGCAACGATAAG,14,3670093
tolCp1,15.0,14,0,TGGCGGGGAACGTGTTAGGT,14,3710338
tolCp1,15.0,14,0,TCGAAGTGTAGGGGGGCTAT,14,3678652
tolCp1,15.0,14,0,TCCCTTGCCACAGAGACGGT,14,3681223
tolCp1,15.0,14,0,TCCAGCAAACGGAACAGCCT,14,3710795
tolCp1,15.0,14,0,TAATCCTGGTTCTTTGTGTT,14,3663014
tolCp1,15.0,14,0,GTCTTATCAACAGCGCTGCT,14,3671736
tolCp1,15.0,14,0,GGTCCTACCCGTCTTGCCCT,14,3710545
tolCp1,15.0,14,0,GGTAATTCACCACTGGCGGG,14,3680202
tolCp1,15.0,14,0,GGAAAACTTGGCATCTTAAG,14,3700776
tolCp1,15.0,14,0,GCCTGAGCTATTTGATCGAT,14,3663935
tolCp1,15.0,14,0,GAATCGGACCGCTCCTCCGA,14,3662136
tolCp1,15.0,14,0,CGTTAACCCTACCTAATGTG,14,3671145
tolCp1,15.0,14,0,CGGAAGACTATGTGACAGTC,14,3710985
tolCp1,15.0,14,0,CGCTCGTTTTAGCTATCGTT,14,3710430
tolCp1,15.0,14,0,CGCGCCAACAGCGAGACCCT,14,3676774
tolCp1,15.0,14,0,CAGCTATCGAACTGCTCCTG,14,3674180
tolCp1,15.0,14,0,ATGATTAATGGCTTGTAGGT,14,3684040
tolCp1,15.0,14,0,ATACAGAAACCTATTGTCAT,14,3701825
tolCp1,15.0,14,0,AGGTTGTGTCATTTCGATTC,14,3682550
tolCp1,15.0,14,0,AGGAAGCAACTGCCCAACGG,14,3681370
tolCp1,15.0,14,0,AGACTCTGTAACACACACTT,14,3705868
tolCp1,15.0,14,0,ACCCATCTGGCGGGAGGATT,14,3677238
tolCp1,15.0,14,0,ACACTGCCAGCTAACTTCAA,14,3665766
tolCp1,15.0,14,0,AATTTAGGGTTGCACGAATT,14,3680001
tolCp1,15.0,14,0,AAGAATCATATCGCGTCAAC,14,3701180
tolCp1,15.0,14,0,AACGTCCGAGAAACGTCGAT,14,3661742
tolCp1,14.0,13,0,TGATAGGATTTCTGTTTTGG,13,3687926
tolCp1,14.0,13,0,TGAAGCAGTCCAATGTAATT,13,3663678
tolCp1,14.0,13,0,TCTGATTCCGGATTTGTCTC,13,3712193
tolCp1,14.0,13,0,TAGCAACTTCTTCCATACAA,13,3691424
tolCp1,14.0,13,0,GTTTCGTGTGATTCAGCGGC,13,3695684
tolCp1,14.0,13,0,GTGCGAATCGCGGCACGATT,13,3670382
tolCp1,14.0,13,0,GTCTCACCAGCTGGAAAGTC,13,3715533
tolCp1,14.0,13,0,GTCAATGATGATAGGTCTGT,13,3708603
tolCp1,14.0,13,0,GGGCGATCAAATCACTCATG,13,3712501
tolCp1,14.0,13,0,GGGCATCTGAACCCGAAGGA,13,3680008
tolCp1,14.0,13,0,GCGCTCTATGCATGTCGCAT,13,3683087
tolCp1,14.0,13,0,GCCCCTGACTGCATTGCAAG,13,3669774
tolCp1,14.0,13,0,GACAGGGAGGTTTACGGCCA,13,3678591
tolCp1,14.0,13,0,CTTTCACACAGGCAACGATT,13,3684452
tolCp1,14.0,13,0,CTGTCCATCAGGCATGCCCA,13,3685251
tolCp1,14.0,13,0,CTCTTTCGGTGCAAGATGAT,13,3669144
tolCp1,14.0,13,0,CGTCCACTACAGAGTAGCGG,13,3664899
tolCp1,14.0,13,0,CGGCCAAGGCGAAAATTCAC,13,3696290
tolCp1,14.0,13,0,CGCGCGCTCCATGCACGAGT,13,3669432
tolCp1,14.0,13,0,CACACTCTTCCCTGCCAGCC,13,3669341
tolCp1,14.0,13,0,CAATCGAGGACGGGCCTAAT,13,3714696
tolCp1,14.0,13,0,CAATCCCGGCAATTGGGCCT,13,3686245
tolCp1,14.0,13,0,CAAACATTTGATAAGCAAGC,13,3698201
tolCp1,14.0,13,0,AGCGCCATATCCGATATAGA,13,3691622
tolCp1,14.0,13,0,AGCCGCGTTTATGAACGGTA,13,3687365
tolCp1,14.0,13,0,AGAACAACGACCAGTCTCTA,13,3709174
tolCp1,14.0,13,0,AGAAAACGGCGAACCTACAG,13,3701401
tolCp1,14.0,13,0,ACACAGGGTCTATAGTTAAC,13,3667646
tolCp1,14.0,13,0,AATCTGCCGGTTGATAAATT,13,3676481
tolCp1,14.0,13,0,AAGGTGTCTTCAAGTGCCGG,13,3671445
tolCp1,14.0,13,0,AACTGTTTCTGGCAGGGAAC,13,3693237
tolCp1,14.0,13,0,AACTAGGTACTGATCACCCC,13,3668307
tolCp1,13.0,12,0,TTAAAGCAGCCCGACCTGTC,12,3683725
tolCp1,13.0,12,0,TGCCGAATTGGGTGAGCCTC,12,3673742
tolCp1,13.0,12,0,TCTTGCATCTTCTAAAACAA,12,3677918
tolCp1,13.0,12,0,TCTGGCAAAATCGTTTCCAA,12,3668185
tolCp1,13.0,12,0,TCTATGGTCAGCTACCAGAA,12,3699869
tolCp1,13.0,12,0,TCCAAGATCGGGTGCCGATA,12,3704738
tolCp1,13.0,12,0,TCATTCTACAGTCACGAAAA,12,3687275
tolCp1,13.0,12,0,TCAACTTGTAGGGGTTGAGA,12,3673661
tolCp1,13.0,12,0,GTCGTTACTTGGAGATCAGT,12,3671507
tolCp1,13.0,12,0,GGTTTGGTTAGCCGTTGGTA,12,3711674
tolCp1,13.0,12,0,GGTAATCCCCGCTGGAGAAA,12,3703615
tolCp1,13.0,12,0,GGCTGTTCTGAGGCGGTTTT,12,3687469
tolCp1,13.0,12,0,GGCCTCCAGTGGGCTCGTAA,12,3682955
tolCp1,13.0,12,0,GGCAGGGGCAGATGGCACCT,12,3661616
tolCp1,13.0,12,0,GCTCAAGTGGGGTCTGTTTA,12,3683144
tolCp1,13.0,12,0,GCTACCATAGTTGTCCCTCA,12,3687946
tolCp1,13.0,12,0,GCCTCATTCGCATACTCTTA,12,3711871
tolCp1,13.0,12,0,GCCGGCGATACCATTTGACA,12,3701729
tolCp1,13.0,12,0,GCACTAGACGAACGCAGAGT,12,3661889
tolCp1,13.0,12,0,GACCAATGGTCGAGCCACGC,12,3708587
tolCp1,13.0,12,0,CTTTAACGTTGATAGATTGT,12,3682348
tolCp1,13.0,12,0,CTGTCATTTATATTTGACGC,12,3679445
tolCp1,13.0,12,0,CTAGGCTTAGAGACGCTGGA,12,3693929
tolCp1,13.0,12,0,CCTATCGTTCTCACGGGCGA,12,3677312
tolCp1,13.0,12,0,CCGCGGTTTACCCTGTGTAC,12,3668180
tolCp1,13.0,12,0,CCAGGTTGTCAGCCAGGTGC,12,3663455
tolCp1,13.0,12,0,CAGCTCTCGGTTCTCGCAAG,12,3714648
tolCp1,13.0,12,0,CAGCGAACGGGCAACCAAAA,12,3712688
tolCp1,13.0,12,0,CACCGGGGTAATGGCACCCA,12,3681709
tolCp1,13.0,12,0,CAATACACACCGTTGATCCC,12,3692456
tolCp1,13.0,12,0,ATTTTAGCTGGCAGAGACGT,12,3696729
tolCp1,13.0,12,0,ATTGATCCTTGACCCTTCTA,12,3700072
tolCp1,13.0,12,0,ATTCTGCAACTCCGGTAGAT,12,3666284
tolCp1,13.0,12,0,ATCAGTGGGTGTACTGCGTG,12,3695598
tolCp1,13.0,12,0,AGCCAGACAGACAGTGAGAT,12,3673139
tolCp1,13.0,12,0,AGAGGTCCCGTCACTTGCTT,12,3711032
tolCp1,13.0,12,0,AGAGAGCGCTGCTGTTTGAA,12,3664951
tolCp1,13.0,12,0,AGACTAGAACCCAAAGCTTG,12,3674096
tolCp1,13.0,12,0,ACCCTCATATCGCTTTGTTA,12,3704803
tolCp1,13.0,12,0,AAGATTTGGGGATATGACAA,12,3693714
tolCp1,13.0,12,0,AACGGTAGGATCCCCTAAGA,12,3678115
tolCp1,13.0,12,0,AACGCCGGCTGCCGCCGGCT,12,3711033
tolCp1,13.0,12,0,AAACAGGAAGGTTCGTGTCT,12,3711575
tolCp1,12.0,11,0,TTTCCCAGCACGCACCGGGA,11,3710043
tolCp1,12.0,11,0,TTGAATAATAGAAGTCTCAA,11,3703817
tolCp1,12.0,11,0,TGTATATAAACAGGGACCCT,11,3688389
tolCp1,12.0,11,0,TGCTCGCATAGGGCTCCTCT,11,3709481
tolCp1,12.0,11,0,TGCAATCAGAGCAGCCGGTC,11,3684238
tolCp1,12.0,11,0,TCGAATCCAGTCCAGGCGGC,11,3693655
tolCp1,12.0,11,0,TCATCTATCACAAGAAACTA,11,3678715
tolCp1,12.0,11,0,GTCCTACGACATTTAGGGTA,11,3679232
tolCp1,12.0,11,0,GTCCAGATATATCCTTGGAA,11,3696185
tolCp1,12.0,11,0,GGTGCCCATGGCCCGGCATC,11,3663874
tolCp1,12.0,11,0,GGGTTGTAAACCCAGGCCGG,11,3707106
tolCp1,12.0,11,0,GATCTTTAGTGTTACAGGGT,11,3671154
tolCp1,12.0,11,0,GATCCGTTAAGTTTGGAGAT,11,3665255
tolCp1,12.0,11,0,GACGAAGGGACTACTAGGGA,11,3683115
tolCp1,12.0,11,0,GACCGCATCCATGACGCCAT,11,3707702
tolCp1,12.0,11,0,CTTTAACGAGAGGCGAGTTA,11,3698001
tolCp1,12.0,11,0,CTTCGTCGCCCGCGGACGGA,11,3668602
tolCp1,12.0,11,0,CTGGTCCGATTTAGACAGCG,11,3701092
tolCp1,12.0,11,0,CTATTGCGTCCTATAAAGCA,11,3684479
tolCp1,12.0,11,0,CGAGCGTGATTGTTTTACTC,11,3709337
tolCp1,12.0,11,0,CCGGTGCTTAGCACTAACGT,11,3666798
tolCp1,12.0,11,0,CATCTGCCACACTGCGTGTG,11,3684123
tolCp1,12.0,11,0,CAGTCATCGGTACATCCTGT,11,3664211
tolCp1,12.0,11,0,ATTAATGTACGCGGCAGACT,11,3710088
tolCp1,12.0,11,0,ATCCCCAGGATAGCCCCCTG,11,3694523
tolCp1,12.0,11,0,AGTCTCCGGGTAGTGCGGCG,11,3674749
tolCp1,12.0,11,0,AGTCAAGCCTTACATGAACG,11,3713321
tolCp1,12.0,11,0,AGGTCGGCACTCCAACCGGA,11,3687267
tolCp1,12.0,11,0,AGGTCCCATGTCGCCGCGGG,11,3695788
tolCp1,12.0,11,0,AGATTGACTGGATACTGTTC,11,3691120
tolCp1,12.0,11,0,ACGTCACCGAACCACTGGTA,11,3684640
tolCp1,12.0,11,0,ACGGTTGCGGCGTAGCTCAA,11,3697918
tolCp1,12.0,11,0,AACAATAGATCGATTGAATC,11,3670552
tolCp1,12.0,11,0,AAAGCCAGTAAGCGTTCTGC,11,3661307
tolCp1,12.0,11,0,AAAAACTAACACAGCCAATT,11,3667039
tolCp1,11.0,10,0,TTATAATTTCGTGAATGCAT,10,3666142
tolCp1,11.0,10,0,TTACGCTCGAGGGTGAATTA,10,3700766
tolCp1,11.0,10,0,TTAACATCCGGTGTTGGGGG,10,3697310
tolCp1,11.0,10,0,TGCTCCCATGACTGCTGTGC,10,3678503
tolCp1,11.0,10,0,TCTAATGTATGTTTTGATCC,10,3711925
tolCp1,11.0,10,0,TCGGGCTATTACAGGGACAA,10,3712230
tolCp1,11.0,10,0,TCCTGCTAGCTAAGTGTGCA,10,3663162
tolCp1,11.0,10,0,TCCAACTTAATTCAGCATGA,10,3697328
tolCp1,11.0,10,0,TATTAGCCCTGGGACTATAA,10,3693764
tolCp1,11.0,10,0,GTTCTCGCCAAAAGACGTGG,10,3676928
tolCp1,11.0,10,0,GTAATACTACGCGCACATGA,10,3699888
tolCp1,11.0,10,0,GGTACCAGGAGCGTTTTCTT,10,3700648
tolCp1,11.0,10,0,GGGCTGTAAGCATGAAGATG,10,3689226
tolCp1,11.0,10,0,GATCTCAGTTACTACTCAAA,10,3680921
tolCp1,11.0,10,0,GACCGTTGAGCTCCGAAGGC,10,3698091
tolCp1,11.0,10,0,CTCCCCTTGCGCGTTATAAA,10,3686718
tolCp1,11.0,10,0,CTATAGAAGGCCCCGAATAC,10,3707513
tolCp1,11.0,10,0,CCCTTGGAGGGTGGTCACGA,10,3672766
tolCp1,11.0,10,0,CCCTCTCGGAGAGATTTCAC,10,3690444
tolCp1,11.0,10,0,CCCCCGGCAATTTAGAAGAA,10,3668488
tolCp1,11.0,10,0,CATGTCGGAAACAACCGGCC,10,3692010
tolCp1,11.0,10,0,CATGGGCACAGGAATCTCCT,10,3675592
tolCp1,11.0,10,0,CAACAGTGCGGCCGTTTTCG,10,3680816
tolCp1,11.0,10,0,AGGCCATCGGTGACGCCAAA,10,3670609
tolCp1,11.0,10,0,AGAGGGGACAACTTCTTACC,10,3702518
tolCp1,11.0,10,0,ACTGATTCTTCAAAATAGCG,10,3677411
tolCp1,11.0,10,0,ACGGGCGGAGTTTTACAGCT,10,3708467
tolCp1,11.0,10,0,AAAACCGGGATTAAGAGAGG,10,3664626
tolCp1,10.0,9,0,TTGCATACTCATAATCCTCT,9,3678197
tolCp1,10.0,9,0,TGCCTAATACTACAACCTCA,9,3691826
tolCp1,10.0,9,0,TGACAGGCATTACCAACCAG,9,3670623
tolCp1,10.0,9,0,TCTGGAGGGTTTCTAAGACC,9,3661709
tolCp1,10.0,9,0,TCCTAGCTATGTGCGCGATG,9,3712166
tolCp1,10.0,9,0,TCCCGATATGTTTATCTGCT,9,3700304
tolCp1,10.0,9,0,TAAAGCTGCCACTAGAAAGG,9,3669338
tolCp1,10.0,9,0,GTTGGTCCGCTAACCTACTA,9,3672956
tolCp1,10.0,9,0,GTTACTATTAAAACGAAGAT,9,3688829
tolCp1,10.0,9,0,GTTACGGAACTCAACATTAT,9,3702922
tolCp1,10.0,9,0,GTGTCATAAATCGCAAAGCC,9,3696330
tolCp1,10.0,9,0,GGGTAGGGTGTGTGAAAAGT,9,3697643
tolCp1,10.0,9,0,GGCGTACCGCTCGACGGGAC,9,3676237
tolCp1,10.0,9,0,GCTCTAGACGAATGTCGAAT,9,3706094
tolCp1,10.0,9,0,GCGCCATTTCAAGAGCTCCT,9,3706228
tolCp1,10.0,9,0,GCAATGGTCATTCGGAGATG,9,3695102
tolCp1,10.0,9,0,GATAAAGTGGAGTAGAACAT,9,3669060
tolCp1,10.0,9,0,GACTTTAGTTGGCTCCTTAG,9,3702090
tolCp1,10.0,9,0,CTTTGCTCTAGCATACGTAA,9,3662037
tolCp1,10.0,9,0,CTAACGTCCCCTATTGAGAT,9,3678991
tolCp1,10.0,9,0,CGGCCAGTATGACAGAACTG,9,3687224
tolCp1,10.0,9,0,CGCTATTGACCTAAAGTTCG,9,3672718
tolCp1,10.0,9,0,CGCGATCGTCCGATTAAGTC,9,3681091
tolCp1,10.0,9,0,CGCCCGATATGGTGTGCTGA,9,3691687
tolCp1,10.0,9,0,CGCATCTACGTGCCCCAACT,9,3677759
tolCp1,10.0,9,0,CGCATATTTCAGCTGTGCGT,9,3667680
tolCp1,10.0,9,0,CGATATCCTGATTTCTGGCT,9,3675074
tolCp1,10.0,9,0,CCTGGTGTCGAGAATAGAAG,9,3669413
tolCp1,10.0,9,0,CCGTGGGCACGTTCAACTAT,9,3704774
tolCp1,10.0,9,0,CCCGCGTACCAAAACTTGCG,9,3684161
tolCp1,10.0,9,0,CCCGACAACGTAGTTATTGT,9,3677890
tolCp1,10.0,9,0,CCCCCGGGCGTATATTTCCC,9,3712269
tolCp1,10.0,9,0,CCATAATCATAACCTATCGA,9,3674004
tolCp1,10.0,9,0,CCAAAGTTGTCCTTATGGGC,9,3684735
tolCp1,10.0,9,0,CAGTTAGCACTTACCTCAAA,9,3700849
tolCp1,10.0,9,0,CAGAGTCCGCGTCGGGCTCT,9,3688347
tolCp1,10.0,9,0,CACTCTACCACACAGCGTAC,9,3694581
tolCp1,10.0,9,0,CACACATTGACGAATGGGCT,9,3678220
tolCp1,10.0,9,0,CAAATCATCACTGAGGTACT,9,3681169
tolCp1,10.0,9,0,AGACTGGCGAAAAAAAGATA,9,3672808
tolCp1,10.0,9,0,AGACCTCGCGGGGCGGGAGG,9,3696373
tolCp1,10.0,9,0,ACTGGCTGCTTGTCAAACGA,9,3701470
tolCp1,10.0,9,0,ACGTACTCGCATTCGGCTTG,9,3695528
tolCp1,9.0,8,0,TTTTGCGCGTGTACGGGAAC,8,3686727
tolCp1,9.0,8,0,TCGTCTTGTTGCAGGACCTG,8,3704643
tolCp1,9.0,8,0,TCGTCAGAATTCGATCGGAC,8,3705611
tolCp1,9.0,8,0,TCGTACTGTCTCCTTTAGCA,8,3707912
tolCp1,9.0,8,0,TCAGTATCCTGATGATTTAG,8,3664610
tolCp1,9.0,8,0,TCAGGCAGTCCACGAGCTAA,8,3680762
tolCp1,9.0,8,0,TACACAGCTGAGTGGCGCAT,8,3680113
tolCp1,9.0,8,0,TAAGGGACCGGAGTTTAAAG,8,3676534
tolCp1,9.0,8,0,TAACGAGGCCGATTAATTGT,8,3712747
tolCp1,9.0,8,0,GTTTAATCGTCATGCTAGCC,8,3695877
tolCp1,9.0,8,0,GTGGTAGATGCAACTTGAGG,8,3682096
tolCp1,9.0,8,0,GTGCGTGAATGAAGGCGTAG,8,3695704
tolCp1,9.0,8,0,GGTTAAGCGGACTAAATGTC,8,3689819
tolCp1,9.0,8,0,GGTCACCGGCCAAAGACCTC,8,3672210
tolCp1,9.0,8,0,GGTACCATATATGCGAATAT,8,3664932
tolCp1,9.0,8,0,GCTCCAAATTCGCGGCGAAA,8,3688897
tolCp1,9.0,8,0,GCCGGCTAGCGCATGTTTAG,8,3673985
tolCp1,9.0,8,0,GCACTTCGAACATATTTGCT,8,3698461
tolCp1,9.0,8,0,GCACGATAGGAAAGGCGAAT,8,3669802
tolCp1,9.0,8,0,GATACGAGCATCGGTAGGTC,8,3688627
tolCp1,9.0,8,0,GAGATTTTAACCGGGCTTAG,8,3708187
tolCp1,9.0,8,0,GAATCCGTAAAGGCCCGGGA,8,3676985
tolCp1,9.0,8,0,CTGTTGGGGCTTGGTGGTAC,8,3678061
tolCp1,9.0,8,0,CTCAGAATACATATACTCAC,8,3677329
tolCp1,9.0,8,0,CTATTCACCTCGCGAGGTTA,8,3694947
tolCp1,9.0,8,0,CTAGGCACCCAAGCGATAGT,8,3679247
tolCp1,9.0,8,0,CGGACATCAACACGGCATGT,8,3676900
tolCp1,9.0,8,0,CGCTATCATTGGGCCGACTG,8,3710957
tolCp1,9.0,8,0,CGCGCGTTAAACGTTGTCTG,8,3704413
tolCp1,9.0,8,0,CGAGGGTTACGCCCAGGTGC,8,3688532
tolCp1,9.0,8,0,CGAGCCGAGGGCTCTGTCTT,8,3689409
tolCp1,9.0,8,0,CGACATGGGAAGAATGACAT,8,3710285
tolCp1,9.0,8,0,CCGCATGGGTATATGACTTT,8,3702945
tolCp1,9.0,8,0,CCCCACCGTTCCAAAGACAG,8,3700396
tolCp1,9.0,8,0,CCCAAGCTTCAATGTCCTGT,8,3691432
tolCp1,9.0,8,0,CATGTCATCACAGGTATTGC,8,3675716
tolCp1,9.0,8,0,CAGTGTGCAGAATCCCGAGT,8,3668916
tolCp1,9.0,8,0,CAGTCCGTCTTCTAATCGGA,8,3692541
tolCp1,9.0,8,0,CAAGCGACCGTCTCAGTCAC,8,3692655
tolCp1,9.0,8,0,ATTTGACATGGCGTTCCAGG,8,3702541
tolCp1,9.0,8,0,ATTGCTTATGAGGGTTTGAG,8,3666143
tolCp1,9.0,8,0,AGTGTACTGGCATCACCGTC,8,3686707
tolCp1,9.0,8,0,AGGTGTGAGGTCGTTAACTT,8,3662851
tolCp1,9.0,8,0,AGCTTTCCCACGCGAATATA,8,3697141
tolCp1,9.0,8,0,AGCACTCATGTCTGATAGGT,8,3693383
tolCp1,9.0,8,0,AGAGGCAGAAGATTTCGGAA,8,3692358
tolCp1,8.0,7,0,TTGAAGTATTAAGACGACAT,7,3712039
tolCp1,8.0,7,0,TTACGATTGGTTGGGATCCA,7,3695055
tolCp1,8.0,7,0,TATCCCTCCGCTACTTAATA,7,3683486
tolCp1,8.0,7,0,TACCTACCCTGTTTGCGCCT,7,3668801
tolCp1,8.0,7,0,GTTGTGACAATAGGCGGAGT,7,3698477
tolCp1,8.0,7,0,GTTCAGCCCCGTAAGGACCA,7,3708040
tolCp1,8.0,7,0,GTGCCGACGTCGTTTACCAA,7,3706868
tolCp1,8.0,7,0,GTCTCCGTGGGACGAGGGGT,7,3710602
tolCp1,8.0,7,0,GTCCATTAAGCCTTTGGGCT,7,3703192
tolCp1,8.0,7,0,GTCATGACCACGTTCGGGAA,7,3695953
tolCp1,8.0,7,0,GGGTGTGGGCCGCATTATAC,7,3688134
tolCp1,8.0,7,0,GGGTAACCGTAGTGTCTAGA,7,3713404
tolCp1,8.0,7,0,GGGGAAGGCCGTTAAAGTCA,7,3699058
tolCp1,8.0,7,0,GGAGTGATAAATCGTGGTTT,7,3711974
tolCp1,8.0,7,0,GGACCCTAATGAAAGAGGTA,7,3699498
tolCp1,8.0,7,0,GCTCTCCGATGACGCCTCCT,7,3704689
tolCp1,8.0,7,0,GCGCAAATACGCTGAATTGG,7,3664282
tolCp1,8.0,7,0,GCCGGCCAGTGCGCGAGTCC,7,3700320
tolCp1,8.0,7,0,GACGACCTAATGGAAGAACT,7,3693221
tolCp1,8.0,7,0,CTTTCGTTCGAGCAACGCCT,7,3711092
tolCp1,8.0,7,0,CTTTCGGGGCGTTTGTCCCC,7,3664677
tolCp1,8.0,7,0,CGGCGCTAGCGACCTATATA,7,3712465
tolCp1,8.0,7,0,CCGTTTCGCTTTCGTACACC,7,3668503
tolCp1,8.0,7,0,CCCCCGAGCACACCGGCAAA,7,3688499
tolCp1,8.0,7,0,CATATGGAGTTCATTCTAAG,7,3673998
tolCp1,8.0,7,0,ATGGTAAACGAGTGTCATGA,7,3677368
tolCp1,8.0,7,0,ATGCTCGGTTCCATATGCCC,7,3662392
tolCp1,8.0,7,0,ATAGCCCCGTCCAGCCAGGG,7,3686240
tolCp1,8.0,7,0,AGTGTGGTCCCGGTACCGGC,7,3666208
tolCp1,8.0,7,0,AGGCTAGCTTGGGCCTAGTT,7,3669109
tolCp1,8.0,7,0,ACGTGAACCTTAACACTCTT,7,3701666
tolCp1,8.0,7,0,AACGTTGGACGTTATAGAAA,7,3694055
tolCp1,8.0,7,0,AACGGACATTCCCTCTTGAA,7,3680423
tolCp1,7.0,6,0,TTTTTGTCCCGAGGTGGTGG,6,3693036
tolCp1,7.0,6,0,TTTCCTATCTGATCAACGAC,6,3671491
tolCp1,7.0,6,0,TTTCCGTGATTGTGCCATCA,6,3709650
tolCp1,7.0,6,0,TTGACCAAAGATAGTTCCAT,6,3711870
tolCp1,7.0,6,0,TTCATGTCTGCCATAAGAAC,6,3667603
tolCp1,7.0,6,0,TGTTGTGAACCTATGCGCGT,6,3667542
tolCp1,7.0,6,0,TGCGTCCCAGGTGGCCAATT,6,3712500
tolCp1,7.0,6,0,TCTATGACGATTACATCCGG,6,3667290
tolCp1,7.0,6,0,TCACCCCTTAAGAATGACAG,6,3693022
tolCp1,7.0,6,0,TCAACCCTTCATTCGATTTT,6,3702154
tolCp1,7.0,6,0,TAATTTCTGGCCTAAACTGT,6,3669824
tolCp1,7.0,6,0,TAACGGAATCTGATTGTCAA,6,3697265
tolCp1,7.0,6,0,GTGGAAAGATAGCGAACGCA,6,3689057
tolCp1,7.0,6,0,GGATACATTTGATGAAAAAT,6,3689527
tolCp1,7.0,6,0,GCGTGTCAGAGACGCATTAT,6,3683461
tolCp1,7.0,6,0,GCCAATAGCAACCTTGGCTC,6,3705722
tolCp1,7.0,6,0,GAACATTTTTGACTATCGGT,6,3682503
tolCp1,7.0,6,0,CTTCAAAGGGTAGGGATCAT,6,3687532
tolCp1,7.0,6,0,CTGTACATGGCGACAAGACT,6,3688844
tolCp1,7.0,6,0,CTCAGACTTAGATGGGTATC,6,3679995
tolCp1,7.0,6,0,CAGGCCAGGTATGACTGTGG,6,3663656
tolCp1,7.0,6,0,CAAGCGTCCACGAAAAGAAA,6,3675467
tolCp1,7.0,6,0,ATTTCGACGCATAATCAGCG,6,3676896
tolCp1,7.0,6,0,ATGTTAACGTCTCTCATCTT,6,3705635
tolCp1,7.0,6,0,ATGGTATCAATCGTTATAAC,6,3676569
tolCp1,7.0,6,0,ATGGTAACTGAGCATGCCCC,6,3704977
tolCp1,7.0,6,0,ATGCAGCGGCCATTGTCGGA,6,3700804
tolCp1,7.0,6,0,AGATTAAGACGACCTGAAGT,6,3704428
tolCp1,7.0,6,0,ACGTTCTCGATAGAGCTCAT,6,3691610
tolCp1,7.0,6,0,AAGCGGAACCACCTGTCCAT,6,3680258
tolCp1,6.0,5,0,TTTCGATCGTACAGGCGAGG,5,3695024
tolCp1,6.0,5,0,TTTATTGATATCAAAGTTTT,5,3680862
tolCp1,6.0,5,0,TTCAACTTGGTTGCAAGACG,5,3690768
tolCp1,6.0,5,0,TGTATAGCTGCATAAGTCGC,5,3663491
tolCp1,6.0,5,0,TGGTTTTAAATGCGGGAGAA,5,3664115
tolCp1,6.0,5,0,TCTGGTGCACTATCGGCGGG,5,3688181
tolCp1,6.0,5,0,TCCGCACGTTTCCGTTTAGA,5,3700019
tolCp1,6.0,5,0,TCCCAAGGTTTTTGTGCTCG,5,3662729
tolCp1,6.0,5,0,TCAGGTAACGGAATGTGCTT,5,3693234
tolCp1,6.0,5,0,TCAGCTAAATCCTGCTACGC,5,3674934
tolCp1,6.0,5,0,GTCTGGCCTCATATAATATT,5,3678364
tolCp1,6.0,5,0,GGGGCGTCATCATCAGCGGC,5,3715540
tolCp1,6.0,5,0,GCCAGAATCATTTACCTCTG,5,3707109
tolCp1,6.0,5,0,GCATTTGATACGGGTTTCCA,5,3696419
tolCp1,6.0,5,0,GCATAGCGTACGAAAGTGAT,5,3683460
tolCp1,6.0,5,0,GCAAAGATCCAGCTGGGGCG,5,3714003
tolCp1,6.0,5,0,CGGGCGGATAACAACTCCTA,5,3676071
tolCp1,6.0,5,0,CGATTAGACGGCCGCGATTG,5,3671206
tolCp1,6.0,5,0,CAGCACTTTTATCACTGACT,5,3706849
tolCp1,6.0,5,0,AGTTTCAAGTGTATTAACCA,5,3677412
tolCp1,6.0,5,0,ACTTAGCAGTGTTCTGAGGT,5,3679223
tolCp1,6.0,5,0,AAGCAGGTCGCCCATTGGCT,5,3685062
tolCp1,6.0,5,0,AAAAGCACTCTCCCTAGTCA,5,3677179
tolCp1,5.0,4,0,TCTAACTGGGAATCGTGGCG,4,3675069
tolCp1,5.0,4,0,TCCTTCAGATGTGGCAGAGC,4,3680504
tolCp1,5.0,4,0,TATATCGCTCGAACAGGTCT,4,3686298
tolCp1,5.0,4,0,TAAGGGCGTCGCGGAGGCCC,4,3668239
tolCp1,5.0,4,0,TAACATATTGCACACTCGTG,4,3681414
tolCp1,5.0,4,0,GTGTGCACTCGTAAACCAGA,4,3664655
tolCp1,5.0,4,0,GTGAGTTGTCCGGGGTTGTT,4,3679970
tolCp1,5.0,4,0,GTCAGTCACTGCCGGCACGT,4,3680930
tolCp1,5.0,4,0,GGTGAACATTGACGGAGCAA,4,3683594
tolCp1,5.0,4,0,GGTAAAGCGATTTGGTGTTA,4,3702839
tolCp1,5.0,4,0,GGCGGCGAGTCATAGTGCGG,4,3706948
tolCp1,5.0,4,0,GCTGAAGACCCCAGTCATTT,4,3712092
tolCp1,5.0,4,0,GCTCGGTTTTAAAACCGTAG,4,3698056
tolCp1,5.0,4,0,GCGGAACGTGAGTGAGATAT,4,3674358
tolCp1,5.0,4,0,GAGGCCGAGGTTATCCGGAG,4,3666379
tolCp1,5.0,4,0,GACATCGCCATCAACTCGCT,4,3685258
tolCp1,5.0,4,0,GAATCGCTCCTCTTGGATCG,4,3668796
tolCp1,5.0,4,0,CTTTCCTCGTGGCAGTTACT,4,3681100
tolCp1,5.0,4,0,CTGAGTGATATGCCTGAATC,4,3693572
tolCp1,5.0,4,0,CTCCGCTTATAGAGAGTTAT,4,3711476
tolCp1,5.0,4,0,CTCCATCCAAGCCTTTACTC,4,3705165
tolCp1,5.0,4,0,CGATACGCCGTATCCAAAAA,4,3664410
tolCp1,5.0,4,0,CCATGTCGTGGGTGGTAGTA,4,3693832
tolCp1,5.0,4,0,CAGTAGGTCATCGATTCTTA,4,3685957
tolCp1,5.0,4,0,ATTTTCGGTGCCCTGAGCCA,4,3692376
tolCp1,5.0,4,0,AGAACATGGTTGACGTGGGG,4,3714749
tolCp1,5.0,4,0,ACACTCCTCCGCGAATAATC,4,3687875
tolCp1,5.0,4,0,AACTACCGCATCCATATTGT,4,3667875
tolCp1,5.0,4,0,AAATTTTCAAAACATCTGCG,4,3702122
tolCp1,4.0,3,0,TTACCAGGCAGGTGGCACGG,3,3688310
tolCp1,4.0,3,0,TCCACCTACCTAATTCATGA,3,3665409
tolCp1,4.0,3,0,TATTGACTCTAGCAGGTCTC,3,3681406
tolCp1,4.0,3,0,TATTCGTCGAGGATAAACGT,3,3664631
tolCp1,4.0,3,0,TATCGGCTGCACGTATTGGA,3,3697008
tolCp1,4.0,3,0,TATATGTAGATCAGGCAGCC,3,3678924
tolCp1,4.0,3,0,TACGGGCGGCCTTGTTTGGT,3,3682364
tolCp1,4.0,3,0,GGTTTCGGGTATTACATACA,3,3672719
tolCp1,4.0,3,0,GGCGATTAGGTCATATGGTT,3,3690046
tolCp1,4.0,3,0,GGACACCCACCCCCCTAACC,3,3688168
tolCp1,4.0,3,0,GCGTCTTGTGGGAACGGTAG,3,3679651
tolCp1,4.0,3,0,GCGAATTTGTCACCTATTAC,3,3704166
tolCp1,4.0,3,0,GCAGGCGAGTGAGGTCGAAC,3,3680028
tolCp1,4.0,3,0,CATATGTACCTCTTTTAAAT,3,3683353
tolCp1,4.0,3,0,ATCCCCCCAAGAGATCCGGG,3,3697993
tolCp1,4.0,3,0,ATATATTAGCGCCGCACCAA,3,3686204
tolCp1,4.0,3,0,AGCTAAATCTGATGATCCAA,3,3694149
tolCp1,4.0,3,0,ACGAGAATCTTAAATAACCT,3,3712262
tolCp1,4.0,3,0,ACCTTATCGGTGTCTTCGAC,3,3678310
tolCp1,4.0,3,0,AATCAGGTGAAGTTAGCTAC,3,3699815
tolCp1,4.0,3,0,AAGAGTGCTCCAGCCTGGGT,3,3713421
tolCp1,3.0,2,0,TTATGACGATTTATTTAATG,2,3703256
tolCp1,3.0,2,0,TCTTCATGGCTATCGTTTAT,2,3686536
tolCp1,3.0,2,0,TCACTATCACATGCTGAACC,2,3711232
tolCp1,3.0,2,0,TAGGGCACATCTTGTCTGAA,2,3664671
tolCp1,3.0,2,0,GTGGTAATCACCTGCGCCAG,2,3708747
tolCp1,3.0,2,0,GTCCTAGGGGATTCAGTCCC,2,3702439
tolCp1,3.0,2,0,GTAAATATCGGTCCTTTTGA,2,3688911
tolCp1,3.0,2,0,GGTCCCGTTCCTCGACCGGT,2,3667295
tolCp1,3.0,2,0,GATTCGCTTCGGGTGCACCT,2,3689775
tolCp1,3.0,2,0,GACAACAAATAAGTGCCTTA,2,3676737
tolCp1,3.0,2,0,CCTACTCCGACCTCATATCT,2,3683105
tolCp1,3.0,2,0,CCGCACGGTCAAATCCTGGC,2,3672334
tolCp1,3.0,2,0,CCAACTTAGAGTTCGTGTTC,2,3715379
tolCp1,3.0,2,0,CAGGGTAACCCAAGGCATGC,2,3665122
tolCp1,3.0,2,0,CAATGTCGAGGCCTTATTGA,2,3664882
tolCp1,3.0,2,0,CAATCCGATCGGCACGAAGT,2,3702142
tolCp1,3.0,2,0,ATCACAGGCAATAGGGGTCA,2,3699344
tolCp1,3.0,2,0,AGCTGAGTGCGTAGCGGCAG,2,3674347
tolCp1,3.0,2,0,ACTCCTCGTACTGGCGGTAA,2,3681439
tolCp1,3.0,2,0,ACATCTGGCATAGGATTTGT,2,3709425
tolCp1,3.0,2,0,AATGCTCGGGCGCCCGTGTA,2,3678446
tolCp1,3.0,2,0,AAACTTCGGCCGAGGAGTGG,2,3686821
tolCp1,3.0,2,0,AAACAGTATCACTCCCTGCC,2,3676685
tolCp1,2.0,1,0,TTGCCCGTTGACAATCATAG,1,3685687
tolCp1,2.0,1,0,TTGAGGCAAACCGTTTACTG,1,3705933
tolCp1,2.0,1,0,TTAATTCATCCTCAATAAGG,1,3671538
tolCp1,2.0,1,0,TGGTACAATCATCGTGGCCC,1,3699484
tolCp1,2.0,1,0,TGGAAATCACATTTATAGTG,1,3674486
tolCp1,2.0,1,0,TCGTAGACTTCATATTAAAA,1,3663349
tolCp1,2.0,1,0,TCGAGCCTTGTTACCACCCT,1,3703328
tolCp1,2.0,1,0,TCCTTCTCCGACTGCGTGAG,1,3670602
tolCp1,2.0,1,0,TCACAACACGACAAGTTGAA,1,3674199
tolCp1,2.0,1,0,TACTCGTCTCGGTTTAACGT,1,3715440
tolCp1,2.0,1,0,TACCACACCTTCTCTCCCCT,1,3684911
tolCp1,2.0,1,0,TACAATTGGCTATGTAAGTT,1,3698586
tolCp1,2.0,1,0,GTTCCACACGCTCAGGAATT,1,3669388
tolCp1,2.0,1,0,GTGGTTGGTCGCTATAAAAG,1,3691084
tolCp1,2.0,1,0,GTCTGCGGTCATATAATATT,1,3678376
tolCp1,2.0,1,0,GTCATCTTTCGTATTAGGGA,1,3676730
tolCp1,2.0,1,0,GTATGACTACAACCAACCCT,1,3665570
tolCp1,2.0,1,0,GCGGCTATTCGGAACGCTCC,1,3701904
tolCp1,2.0,1,0,GCGACTTCAAGAGAGTACCT,1,3687690
tolCp1,2.0,1,0,GCCTAGACCCAAGAACGCCA,1,3666264
tolCp1,2.0,1,0,GCCCGTAGCGTTCATGAGGT,1,3677842
tolCp1,2.0,1,0,GAGGTACCTAACGTGGTAGG,1,3684499
tolCp1,2.0,1,0,GAGGAATCGTCAGCTAACTC,1,3687164
tolCp1,2.0,1,0,GACAGGGACGGTGTATGACC,1,3684663
tolCp1,2.0,1,0,CTGCTTGATAAGGAGCAACA,1,3711669
tolCp1,2.0,1,0,CTATGCTAGAAACCGCAACT,1,3682507
tolCp1,2.0,1,0,CCGCTATAGTTAGACTGGGC,1,3708569
tolCp1,2.0,1,0,CAGTGGGCAATTTAGATGGG,1,3667681
tolCp1,2.0,1,0,CAACGGCCCCCTTTCAGGGT,1,3693676
tolCp1,2.0,1,0,ATGGTAATATGACGCTGGAC,1,3666445
tolCp1,2.0,1,0,ATGGCACCTCTGCCACAATC,1,3690744
tolCp1,2.0,1,0,ATGGAACCGCCTTCGTCCAT,1,3674046
tolCp1,2.0,1,0,AGTTGACCCGAAATCCATGC,1,3681054
tolCp1,2.0,1,0,AGGTGAAATATGCGAACAAT,1,3678670
tolCp1,2.0,1,0,AGCAGAGCAGCCGGAACATC,1,3675046
tolCp1,2.0,1,0,ACGGTGTATTTCGTTATTGT,1,3676292
tolCp1,2.0,1,0,ACGCGTGAACAAATCGTTAG,1,3690239
tolCp1,2.0,1,0,ACATGCCAATAGCACGGGAA,1,3700362
tolCp1,2.0,1,0,ACATAGAAAGAATCGATAAT,1,3663708
tolCp1,2.0,1,0,ACAAACAAACCGGGTAGCGT,1,3713390
tolCp1,2.0,1,0,AATGTATGACTCCATTGGAC,1,3713002
tolCp1,2.0,1,0,AATGAGGGAAGGCCAGTGGT,1,3665626
tolCp1,2.0,1,0,AATATTGTGCCATAGGTAAC,1,3681790
tolCp1,2.0,1,0,AACAGTTGTAGGCGAAACCT,1,3663112
