name,relative_counts,ct,ct_0,barcode,ct_1,barcode_ind
xdhAp1,1.6344203293707056,24153,9168,AGGGGCAGCGGCTCATCTAA,14985,3934780
xdhAp1,0.5665914221218962,692,442,AGAGCCGGAAGGATCATCAC,250,3980897
xdhAp1,0.6084905660377359,339,211,CCATTGCAGAGAGGCGGAAC,128,3929139
xdhAp1,1.1871345029239766,372,170,AACCGGATAAACCGTCAAAA,202,3947597
xdhAp1,0.25,128,103,GCGTTCGCCGGCCATCGGCA,25,3960984
xdhAp1,0.49038461538461536,153,103,CACGCTGGGGGTGAAGTAAA,50,3957198
xdhAp1,0.02040816326530612,98,97,CTGACACGTGGATCAGAATT,1,3940051
xdhAp1,0.7241379310344828,148,86,TACGGTTCGCTGAGGCGCCA,62,3933739
xdhAp1,1.1954022988505748,189,86,ATCCATCGACTGGTGTCCGC,103,3929104
xdhAp1,0.573170731707317,127,81,AGCCTACCTTTATTAGCGCA,46,3941654
xdhAp1,1.225,176,79,CGCTGTGTCTATATCGGGAA,97,3941533
xdhAp1,0.189873417721519,92,78,TCAGTAGAGTCTAAGTAAGA,14,3944859
xdhAp1,1.0649350649350648,157,76,CTCGGGGTTCTCCCTTGCAA,81,3930560
xdhAp1,0.3684210526315789,102,75,GTAGCGGAGGACAATAGGAT,27,3929947
xdhAp1,0.6052631578947368,120,75,ATCTCGCACGACCCGTAGAA,45,3975078
xdhAp1,0.25675675675675674,91,73,GGTAGCAAGTCCCGGCGGAT,18,3929435
xdhAp1,0.028169014084507043,71,70,GTTTCGCTGACTCGATGGCT,1,3972952
xdhAp1,0.4927536231884058,101,68,TTGTTTAGTTGCGCATCTTA,33,3934303
xdhAp1,0.8235294117647058,122,67,AGGGGCACTAGAAAGGGGTA,55,3961964
xdhAp1,0.3230769230769231,84,64,CATACTACTGCACATACCAT,20,3954175
xdhAp1,0.2923076923076923,82,64,ATCGCGACAATACGCGCAGT,18,3949655
xdhAp1,1.234375,141,63,CCGCACAGCTTTCGTCCCCC,78,3941521
xdhAp1,0.1875,74,63,CACGAACGCGGCACTTCTAT,11,3965868
xdhAp1,0.20634920634920634,74,62,TTACATATAAGATATCCCTA,12,3929635
xdhAp1,0.20967741935483872,73,61,GTTCATCGGGTGTTCGTCCC,12,3945350
xdhAp1,0.3387096774193548,81,61,GCGGAAATGAATGCGTGACT,20,3946945
xdhAp1,1.5166666666666666,149,59,TAGATGAGGTTCAACGACTG,90,3929012
xdhAp1,0.5833333333333334,93,59,CCTTGGGTCGCCCCATGTAT,34,3937619
xdhAp1,1.0172413793103448,115,57,GGCCCATCAATTGGGAAATC,58,3947787
xdhAp1,2.413793103448276,196,57,CGCTGCTATGCCCGGGTACG,139,3930225
xdhAp1,1.3157894736842106,130,56,ACGACCCACGACAACATTAA,74,3940621
xdhAp1,0.14285714285714285,62,55,GGCCTGTATTTGTTACCAGG,7,3933116
xdhAp1,0.2,64,54,TGACTCTACACAAGTTGATA,10,3948848
xdhAp1,0.4727272727272727,79,54,ATCCGCTGTAGGCGGAAGGT,25,3956301
xdhAp1,0.4074074074074074,74,53,TTACGATTCTACACTGAGCA,21,3932870
xdhAp1,0.5370370370370371,81,53,TTACAATATCTCCGACGAAT,28,3956452
xdhAp1,1.1666666666666667,115,53,TGTCCATGCACATCGCAAAA,62,3929218
xdhAp1,1.2037037037037037,117,53,GTGGTCGATTATCATACGGT,64,3961098
xdhAp1,0.7407407407407407,92,53,CAGACGATTCAAAGGATTTG,39,3936229
xdhAp1,0.3584905660377358,70,52,GCATTACCGTTGACGATCGG,18,3957939
xdhAp1,0.39622641509433965,72,52,CGGCTCGTCAATACTCGTAA,20,3951680
xdhAp1,0.07547169811320754,55,52,CCTACCATACCATGCAACGT,3,3932641
xdhAp1,0.3018867924528302,67,52,CCCAGGGGGAGGAAGCTTAA,15,3964068
xdhAp1,1.3018867924528301,120,52,CATCTTTCCCCCAAAAATCA,68,3935179
xdhAp1,0.5,76,51,TATGCCTTCTGCAATGTATA,25,3962848
xdhAp1,0.5576923076923077,79,51,CCTCCAACTTCTACATGAGC,28,3965799
xdhAp1,0.5384615384615384,78,51,ACAGAGGGAGCCTGTAGAGA,27,3969327
xdhAp1,1.5686274509803921,129,50,TCTGCTTCAAAACGCTGGCA,79,3975264
xdhAp1,0.7254901960784313,86,50,GTTTGCCCGGGATGGAGTAA,36,3946955
xdhAp1,0.058823529411764705,52,50,GTCGTAGTCAAGAGTTTGAC,2,3960911
xdhAp1,1.2156862745098038,111,50,GCATATGGTGGCATCTTCGC,61,3941350
xdhAp1,0.0392156862745098,51,50,GACCGCTTGTTGCTTGTCGT,1,3953051
xdhAp1,0.46,71,49,TGTCGGCCTATATAAGTCAG,22,3961732
xdhAp1,0.48,72,49,TACTAGATTTTATCAGTTGG,23,3940183
xdhAp1,0.32,64,49,CGCAACGGACAGTCATTCAT,15,3933216
xdhAp1,0.5918367346938775,76,48,GGCGGGGACGGCTCGGAGAG,28,3941440
xdhAp1,0.5306122448979592,73,48,GCCCGACCATTTACCACCGT,25,3932000
xdhAp1,0.20408163265306123,57,48,CATGGCCACCTGCATGGAAT,9,3941448
xdhAp1,1.530612244897959,122,48,ATTAACGCACTACACAAGAT,74,3968740
xdhAp1,0.5102040816326531,72,48,ACGTTGTAGTTGGCCCCGAA,24,3973145
xdhAp1,0.22916666666666666,57,47,TTTCCTTAGGATAAACCATT,10,3971879
xdhAp1,0.041666666666666664,48,47,GGAATTCGTACTTTTAGGCG,1,3950700
xdhAp1,0.041666666666666664,48,47,CAGGGTCAAGAGGGTAGGAA,1,3930467
xdhAp1,0.425531914893617,65,46,GGACAGCTCGTAATTATTCG,19,3944022
xdhAp1,0.851063829787234,85,46,CACAATGCGAAGCCTCGGAA,39,3980377
xdhAp1,0.43478260869565216,64,45,TTGATTGACATACGAGGACG,19,3977840
xdhAp1,0.8695652173913043,84,45,TGGTGTAACCCTGTGCGGGT,39,3931152
xdhAp1,0.6521739130434783,74,45,TGCATGTCAAAGCCTGGTTT,29,3940178
xdhAp1,0.6739130434782609,75,45,GTACCATTCGCCTCTAATCA,30,3957615
xdhAp1,1.7826086956521738,126,45,GTAATATCATGTGAAGTCCC,81,3928942
xdhAp1,0.6739130434782609,75,45,CAGGGCGTAGTTCAGATGAA,30,3955543
xdhAp1,0.043478260869565216,46,45,ATCCCATTCTGACACCTGCA,1,3965898
xdhAp1,1.9555555555555555,131,44,TGATCTCATTCTGAGGAGCT,87,3971465
xdhAp1,1.2444444444444445,99,44,TCCCTGTGCTCGGCCCTGGG,55,3937364
xdhAp1,0.35555555555555557,59,44,CGGGCAGGGTCAATGCTTAT,15,3939035
xdhAp1,1.0666666666666667,91,44,ATGTCCTACCATCTGTCTCA,47,3968798
xdhAp1,0.06666666666666667,46,44,ACACTCACACCTTGGGAACA,2,3938176
xdhAp1,0.6363636363636364,70,43,GGCGCCCATGTGGGCATCGA,27,3936093
xdhAp1,0.20454545454545456,51,43,CTCCAAGCAAGTCTTAGATA,8,3929636
xdhAp1,0.6818181818181818,72,43,CGAAGCTATAATTAGGCTCT,29,3939533
xdhAp1,0.5454545454545454,66,43,CACTCTAGGGCGAATCTGAT,23,3932695
xdhAp1,0.5454545454545454,66,43,ATAGGGATACAACGCACGAG,23,3957022
xdhAp1,0.5813953488372093,66,42,TTGTCAGGCTGGATAAGGAA,24,3956490
xdhAp1,1.6744186046511629,113,42,TGTAGTGCATGGCCGGAATT,71,3970325
xdhAp1,2.441860465116279,146,42,TGAGCCTTCGGGGCCATCAT,104,3931098
xdhAp1,1.5348837209302326,107,42,TCGAACGGTCTGATTTATAT,65,3956161
xdhAp1,0.06976744186046512,44,42,GGGTCAGTGTATGAGTGAGC,2,3936223
xdhAp1,0.5813953488372093,66,42,GAGTGATAAGCCGGATCATA,24,3937436
xdhAp1,0.06976744186046512,44,42,CGGTGTTCACAGATGATTCA,2,3960488
xdhAp1,1.5813953488372092,109,42,CCCCACCTAATTGCCGCGGA,67,3980478
xdhAp1,0.6744186046511628,70,42,ACACCGACACCCTGGGATAT,28,3965264
xdhAp1,0.5116279069767442,63,42,AAAGACTTTTCGCCCTGCTC,21,3952661
xdhAp1,0.6190476190476191,66,41,TCGGGACCCGGTAGTGCTAT,25,3970206
xdhAp1,0.38095238095238093,56,41,GGTCGGATAAATGCGACGCA,15,3931320
xdhAp1,0.5476190476190477,63,41,CTTTGGCTAACCCCGTACTC,22,3931339
xdhAp1,0.5952380952380952,65,41,CAATGGTACAATTGGTCGCT,24,3943751
xdhAp1,0.5853658536585366,63,40,TTTCGGGGCAGCGCTGAAAT,23,3949090
xdhAp1,1.1951219512195121,88,40,TGATAGGATTACACTGTCCA,48,3981497
xdhAp1,0.04878048780487805,41,40,GGTTGTGGCCACCGCCCTAC,1,3936761
xdhAp1,1.3414634146341464,94,40,GGCCAGAGCTCATGACTGTC,54,3943954
xdhAp1,0.5609756097560976,62,40,AAGGTCGAGGGTACTCATAT,22,3954491
xdhAp1,0.425,55,39,TTTTTGGGGATGAATGAGGT,16,3967359
xdhAp1,0.675,65,39,GGTGCCGTAACGCCAGCGCA,26,3978335
xdhAp1,0.575,61,39,GGCCGCAGTTCGGGTCACCT,22,3929478
xdhAp1,1.775,109,39,GATTCTAGGATAGCAAACTC,70,3937429
xdhAp1,0.05,40,39,GAGGTTGCTTGAGGCTCCAA,1,3938077
xdhAp1,0.05,40,39,CTCCCGACAATTGGAGGCCT,1,3934108
xdhAp1,0.525,59,39,CCTCCCGCATCTGACCGGGA,20,3960648
xdhAp1,0.85,72,39,CATTGTACCGCGGCTGTCCA,33,3933035
xdhAp1,0.05,40,39,ATGATTAAAAACAGGGCTAA,1,3939357
xdhAp1,0.05,40,39,AGAGTAATACGCATTCCGCT,1,3977886
xdhAp1,0.575,61,39,ACGTAGGCAAAAACGAGTGA,22,3932689
xdhAp1,2.375,133,39,ACAGGCCCCCGAACATTACA,94,3961539
xdhAp1,1.2,86,39,AAGGGAGGGTTCCGGGGTCT,47,3944620
xdhAp1,0.3076923076923077,49,38,TTTTTATAGGGCTAAAAGAG,11,3942450
xdhAp1,0.46153846153846156,55,38,TACGGTGCTCGGAATTCGGC,17,3950587
xdhAp1,0.20512820512820512,45,38,GTTAACGCTCTTCTGACTGA,7,3952411
xdhAp1,0.5641025641025641,59,38,GTGGTTTCTATCCTCATTTA,21,3940163
xdhAp1,0.07692307692307693,40,38,GGCCCTATGCCGACTCGAAG,2,3938129
xdhAp1,0.48717948717948717,56,38,CATACAAACGTAGATGTAAT,18,3948841
xdhAp1,0.4473684210526316,53,37,TCAGGTGCAAGTGGTTAGCA,16,3970491
xdhAp1,0.5263157894736842,56,37,GGAGCTCTCTGTGCACCAGC,19,3947893
xdhAp1,0.05263157894736842,38,37,GGAAGGCTTGCAGGCTGCAT,1,3933763
xdhAp1,0.868421052631579,69,37,CTTGAACGTTCCCGCGACTT,32,3930218
xdhAp1,0.05263157894736842,38,37,CGATTACAGTGTCGAACTAT,1,3943098
xdhAp1,1.2894736842105263,85,37,CCGGCGGTTATGCAACAACA,48,3955881
xdhAp1,0.6578947368421053,61,37,CAATTGTTCGAGAGACCCAT,24,3974365
xdhAp1,0.3684210526315789,50,37,AGTCTTTAGGGTTTTGCGCA,13,3943541
xdhAp1,0.5789473684210527,58,37,AATCCCGTGGCCACACCAAT,21,3971447
xdhAp1,0.2702702702702703,45,36,TATAGTGTTTTCTAATCTTT,9,3953418
xdhAp1,1.3783783783783783,86,36,GGTCACGTACCAAATAGCAA,50,3944919
xdhAp1,1.162162162162162,78,36,GAACCTGAGTATATGTGATT,42,3942977
xdhAp1,0.6756756756756757,60,36,AGTAGTTCACAATGTGGAGC,24,3952080
xdhAp1,3.027027027027027,147,36,AGCTACTCGCTCATAGCATA,111,3930208
xdhAp1,1.135135135135135,77,36,ACTCTGGCAGTGAAAATCCT,41,3979066
xdhAp1,0.6388888888888888,57,35,TTGCCATATATGATTCTCAT,22,3951090
xdhAp1,1.0,70,35,TTCCATACAAGCTATCGCTC,35,3940200
xdhAp1,1.4722222222222223,87,35,TATGTCTGGGGATGCATATT,52,3933894
xdhAp1,0.6944444444444444,59,35,TACAGGACGACGGCCATGCT,24,3935789
xdhAp1,0.3055555555555556,45,35,GTTATCTGGTCGAAGCCTTC,10,3936594
xdhAp1,0.5833333333333334,55,35,GTAGTTCACTAATACGGCAG,20,3946479
xdhAp1,0.5555555555555556,54,35,GCGATCATATCAAGATTTAG,19,3946596
xdhAp1,0.7222222222222222,60,35,GCCCCAGGGTTCTGGCAAGG,25,3973609
xdhAp1,0.5833333333333334,55,35,GCATAAAATGATACCGGGAC,20,3934875
xdhAp1,1.3333333333333333,82,35,GCAGGGTGCAGTAGGAGCGT,47,3930061
xdhAp1,0.5277777777777778,53,35,GATAAATGCGACATTGACGC,18,3974566
xdhAp1,0.3333333333333333,46,35,CGTGGGGATAATAATTATTA,11,3931155
xdhAp1,0.1388888888888889,39,35,CGCACCATCTGTGATATAGG,4,3953107
xdhAp1,0.5277777777777778,53,35,CAGCCTAATGGAGGGTGCAT,18,3953656
xdhAp1,0.7777777777777778,62,35,AGGGCACTCAGCTCCTAACT,27,3953108
xdhAp1,0.4444444444444444,50,35,AACATGTTCGGTCGGGACTA,15,3979089
xdhAp1,3.914285714285714,170,34,TGTCCGATACCTCCCAACCA,136,3968558
xdhAp1,0.7142857142857143,58,34,TCTATCGTCTGGTGGCTTAT,24,3970291
xdhAp1,0.6,54,34,TCCGCGGACAGTGCGCATCT,20,3959409
xdhAp1,1.2,75,34,GTTATGATCGACACCCCCGA,41,3943464
xdhAp1,0.8285714285714286,62,34,GGCACGTCGCATGGGTGCGC,28,3937991
xdhAp1,0.05714285714285714,35,34,GGACAAGCGGAGTCTCAGTG,1,3940296
xdhAp1,0.5428571428571428,52,34,GCCTGGACGGTTGCCTAATG,18,3938580
xdhAp1,1.0285714285714285,69,34,CTTAAAAAGCGTAAAATCCT,35,3957815
xdhAp1,0.8571428571428571,63,34,CGAATATGAGTTACCCGGGT,29,3937622
xdhAp1,0.2571428571428571,42,34,CCTATGACCTTTAGGATCGG,8,3935307
xdhAp1,0.9428571428571428,66,34,CCATTCCATAGGGCTGCGCA,32,3934638
xdhAp1,1.0857142857142856,71,34,ATCGAAGGTGACCGTAGTGA,37,3940518
xdhAp1,0.11428571428571428,37,34,ACCTGGGAGCGAACGCCCGT,3,3937941
xdhAp1,1.3428571428571427,80,34,AAAGAAAGTCCTCTATATTA,46,3953412
xdhAp1,2.176470588235294,106,33,TTGGACATGTTGATAGTCAC,73,3937937
xdhAp1,1.3529411764705883,78,33,TTGGAAAGTGCTACCAATTT,45,3941000
xdhAp1,1.411764705882353,80,33,TTATTTTCGAGATACCGACG,47,3945346
xdhAp1,1.0294117647058822,67,33,TTAGTCAGTACGGTCATATG,34,3946206
xdhAp1,0.7941176470588235,59,33,TCTCAATCAAGCGCCCGGCA,26,3948366
xdhAp1,0.5882352941176471,52,33,TCCGCTATTTTTTTATGCGT,19,3939749
xdhAp1,0.058823529411764705,34,33,GTGGGACTCTTGCTCAAGAA,1,3937895
xdhAp1,0.14705882352941177,37,33,GTACCGGTCGTTGGACGTTA,4,3979734
xdhAp1,3.5,151,33,GGCTGATCCGCTCAATGGTG,118,3951794
xdhAp1,2.3823529411764706,113,33,CGTTGAATGTGACAGGCCCT,80,3936078
xdhAp1,1.088235294117647,69,33,CGGCAGTTGAGTCCGCATGT,36,3943185
xdhAp1,0.38235294117647056,45,33,CGCATTACCTCTGTTGCCGT,12,3942802
xdhAp1,0.47058823529411764,48,33,AGGGAACCATAGGGATTCTA,15,3931469
xdhAp1,1.0,66,33,AGATGAACCAGACCGACATC,33,3968998
xdhAp1,0.058823529411764705,34,33,AAGGCGCCGTAAAATACGCA,1,3936446
xdhAp1,0.8823529411764706,62,33,AAATGCATACACAGACAAAA,29,3929896
xdhAp1,1.3235294117647058,77,33,AAAGACCTCAAATCTCCCCA,44,3944866
xdhAp1,0.30303030303030304,41,32,TGAGGGCAAAATCGTGGCAT,9,3957342
xdhAp1,2.696969696969697,120,32,GTCGGCGTCGCTGTAACCCT,88,3935110
xdhAp1,0.5454545454545454,49,32,GTCGGCGCGCCTACAGCTTT,17,3952711
xdhAp1,0.06060606060606061,33,32,GTATAGGTCAAGGCTTAACA,1,3967814
xdhAp1,0.5151515151515151,48,32,GCGTAAGGATGTACCGGCTC,16,3948202
xdhAp1,0.7575757575757576,56,32,GCAGCCTGGCTTTGGCTAAG,24,3937397
xdhAp1,0.8787878787878788,60,32,GATTGCAGCTATATATTGAT,28,3931324
xdhAp1,0.7575757575757576,56,32,AGCGCCTATCGAAGCGACGT,24,3948263
xdhAp1,0.5151515151515151,48,32,ACCGACATACACGATTTACT,16,3930666
xdhAp1,2.53125,111,31,TGTTGTGCGAGCACGTAACC,80,3929722
xdhAp1,0.6875,52,31,TGTAGAGGTTAAACCTGTGA,21,3936646
xdhAp1,0.59375,49,31,TGCTGCCGATTGGTGCGGTA,18,3928956
xdhAp1,0.46875,45,31,TCTCTTGCTCCCCTTTGGCA,14,3937555
xdhAp1,0.78125,55,31,TCCCGAAGGCTCAGAATTCA,24,3968850
xdhAp1,1.4375,76,31,GTGAGCCCGGCAGGCTCGTA,45,3961585
xdhAp1,1.0625,64,31,GGGGGGTAGGGCCTTGCTAA,33,3962456
xdhAp1,1.03125,63,31,GGCAGTGAACATTAATTCTT,32,3956289
xdhAp1,0.1875,36,31,GCGGGAGCCCAGTGAACCCT,5,3964678
xdhAp1,1.46875,77,31,GAGCGTTACCCTCAACAGGG,46,3933183
xdhAp1,0.28125,39,31,CGGCCTTTGGTGTCAACGAC,8,3946592
xdhAp1,0.625,50,31,CGAGCTGGGCGTTGTGCTGG,19,3976249
xdhAp1,1.46875,77,31,CCCATGCAAACCTATGTCCT,46,3961322
xdhAp1,0.6875,52,31,CATTAATTGAGGGCAACAGT,21,3961779
xdhAp1,0.65625,51,31,CATGGTTACTCGTACGGGTC,20,3970203
xdhAp1,1.84375,89,31,CACTCTGCAAACCACCATAA,58,3976172
xdhAp1,0.625,50,31,CAATTGAGGAGTCAATTTAC,19,3946058
xdhAp1,1.53125,79,31,ATGATCCCTTAAGTTTGGTT,48,3941311
xdhAp1,0.25,38,31,AGCGGAGTCGCCGTATGGCT,7,3962145
xdhAp1,0.5625,48,31,AGCACACCGTCGAAGTACAT,17,3973427
xdhAp1,0.0625,32,31,ACCGGTTATCGCCCATTCCT,1,3932966
xdhAp1,0.6129032258064516,48,30,TTATTGAAGGAGCATATCGA,18,3955545
xdhAp1,0.06451612903225806,31,30,TTATGCCTTGGCAGCCCGGT,1,3952038
xdhAp1,1.3870967741935485,72,30,TCCTCCAATATAGTGATACG,42,3942223
xdhAp1,0.8064516129032258,54,30,TCACAAGCTTCGAATTGATC,24,3956837
xdhAp1,0.8387096774193549,55,30,GCTATGCGACTTTCTTGATA,25,3950318
xdhAp1,0.5483870967741935,46,30,GAAAATTTTCTGTACCGTGT,16,3968994
xdhAp1,0.06451612903225806,31,30,CTACGAAGGAGCTCCCAGCC,1,3979035
xdhAp1,0.9354838709677419,58,30,CCTTAACAGTCGCTAGAATC,28,3975656
xdhAp1,1.903225806451613,88,30,CCTCCTAGCGGGGAGGGCCA,58,3929684
xdhAp1,1.7096774193548387,82,30,ATCTTCTCCGTGAACTAGGC,52,3943465
xdhAp1,0.5483870967741935,46,30,AGTTTTTGCACACCTGTTTG,16,3957935
xdhAp1,0.3870967741935484,41,30,AGTAGGCCCACACTGGCTGC,11,3946383
xdhAp1,0.9032258064516129,57,30,ACCAGCCCGAGTCAGTGGCA,27,3980902
xdhAp1,0.7666666666666667,51,29,TCGGCGAAAACATAACTTCG,22,3928941
xdhAp1,0.36666666666666664,39,29,TCGCCGGCCAATCTCAGTGC,10,3971973
xdhAp1,0.23333333333333334,35,29,TCCACCCTTCCCATGTAATG,6,3962675
xdhAp1,1.4666666666666666,72,29,TATTCAGCCTGCGCTGCTGA,43,3945115
xdhAp1,0.43333333333333335,41,29,TATACCCGAGGTCTACGACT,12,3980107
xdhAp1,0.7333333333333333,50,29,TAATCGTATGGACACAGACT,21,3972993
xdhAp1,0.16666666666666666,33,29,GCTTCACAAGCTTCTCACCC,4,3932035
xdhAp1,1.5333333333333334,74,29,GCTTACGACAGTAAAGTTAG,45,3981444
xdhAp1,0.06666666666666667,30,29,CGATTGGCCTTCGGGAGGGT,1,3935460
xdhAp1,1.3666666666666667,69,29,CCACTCTAAAGTCGAATAAT,40,3938400
xdhAp1,1.1666666666666667,63,29,CAACTCTGCAATAGATCCAA,34,3948236
xdhAp1,1.4333333333333333,71,29,CAACAGTCAGGTGACGCGCA,42,3930317
xdhAp1,0.7333333333333333,50,29,ATGCCATTGGGTACGAGAAC,21,3942000
xdhAp1,0.06666666666666667,30,29,AGTCAGCAGATTTCCGTTGC,1,3976451
xdhAp1,0.6333333333333333,47,29,ACTCGTGAAAACTGTAATGA,18,3948860
xdhAp1,0.5333333333333333,44,29,ACCCACATGGTTAAGTTGAT,15,3964536
xdhAp1,1.0333333333333334,59,29,AAACGGGTACAGAAGCTATG,30,3977651
xdhAp1,0.06896551724137931,29,28,TGCGTCTTGCGGCTGCGGGA,1,3957619
xdhAp1,0.4827586206896552,41,28,TCGGTCGTTCTTTCTAATTT,13,3943327
xdhAp1,0.5862068965517241,44,28,TCGGAGTGAACCTGGAAAGA,16,3942736
xdhAp1,3.206896551724138,120,28,TCAGTCCAAAGTACGATGAG,92,3953948
xdhAp1,0.7931034482758621,50,28,TCAGCTGGGATGGTATCCCC,22,3958328
xdhAp1,1.2758620689655173,64,28,TCAACTAGCATGATTGGGTA,36,3947085
xdhAp1,0.7931034482758621,50,28,TAAACAGATATGACCCAGTA,22,3946143
xdhAp1,1.3793103448275863,67,28,GGTCAGGTTTCCAGAGTTTA,39,3932532
xdhAp1,0.7586206896551724,49,28,GGGCTCTAAGCGAGTGCCAG,21,3930220
xdhAp1,0.10344827586206896,30,28,GGCGTTCTAAGCATTACAAA,2,3935683
xdhAp1,2.2413793103448274,92,28,GCCTGACATGAGTTCTTCTG,64,3981266
xdhAp1,0.5517241379310345,43,28,GCATTGTTACGTATAATCGG,15,3948264
xdhAp1,0.06896551724137931,29,28,GATCGACGGGGTCCACAGAC,1,3971073
xdhAp1,1.2413793103448276,63,28,CGTCGGAGGTGAAAACGATA,35,3944223
xdhAp1,0.06896551724137931,29,28,CGGTGATGGCTTACCTGGTT,1,3945390
xdhAp1,1.103448275862069,59,28,CGAGTCCCTGGACAGTCTAA,31,3944525
xdhAp1,1.2413793103448276,63,28,CACCTTAAGCGCCCTGGTAC,35,3946265
xdhAp1,0.896551724137931,53,28,ATGGCCACCGGTCGGTGATT,25,3970826
xdhAp1,0.4827586206896552,41,28,ATAACAGGCCATCTGTAGGC,13,3980943
xdhAp1,1.5862068965517242,73,28,ACAGCCTCCTCGCGTTAGAC,45,3945751
xdhAp1,1.6206896551724137,74,28,ACACATCGCGTACGGTAAGA,46,3935168
xdhAp1,0.06896551724137931,29,28,AAGGAGCAAGCTAAGGTTTT,1,3956402
xdhAp1,1.9642857142857142,81,27,TTGCCTGACCCGAGTGGCAG,54,3967105
xdhAp1,0.8214285714285714,49,27,TTCCAGAAGGGCTCCGCCGT,22,3981256
xdhAp1,0.17857142857142858,31,27,TGAGCCCTTCCGGGAAGCGT,4,3942811
xdhAp1,0.07142857142857142,28,27,TCGGCTGCGACGATGACATA,1,3967360
xdhAp1,0.5,40,27,GTTGAAAGACCGTCCATGTT,13,3946544
xdhAp1,1.1428571428571428,58,27,GGGCAGCAGGCCGAAGTAAT,31,3934652
xdhAp1,1.3928571428571428,65,27,GATTGCGGGTGGCAGTCACA,38,3954449
xdhAp1,1.25,61,27,GAGGCGGTAAGAGGTGCGAG,34,3974931
xdhAp1,1.8928571428571428,79,27,CTCTCTGTGTCTTGCTACCT,52,3951518
xdhAp1,0.8928571428571429,51,27,CTAGATCGCCGGACGAAAGA,24,3946312
xdhAp1,0.07142857142857142,28,27,CGGTAGCAATTTCCGGACGA,1,3961198
xdhAp1,2.0714285714285716,84,27,CGAAGTCAGGTAAACGTCGT,57,3969008
xdhAp1,0.07142857142857142,28,27,CCCCGGGCTCGATCAAACCT,1,3931921
xdhAp1,1.5,68,27,CCACAAATACCGACGGACCT,41,3931095
xdhAp1,1.3571428571428572,64,27,CAGGTTCGTGGCCCATTCCC,37,3933828
xdhAp1,1.0,54,27,CAATGGTTCGGCGTCCGACA,27,3929850
xdhAp1,0.07142857142857142,28,27,ATTGGCACTCATATCCAGCT,1,3932003
xdhAp1,0.39285714285714285,37,27,ATTACCCTGGTTGACGTGGG,10,3937790
xdhAp1,2.0,82,27,AGTCGCTGAACATTTCTATC,55,3943258
xdhAp1,1.8214285714285714,77,27,ACACCCGGTTGTTCCTCGTA,50,3931906
xdhAp1,1.1785714285714286,59,27,AAGGTATGATTCCTGAAGAT,32,3946609
xdhAp1,0.8571428571428571,50,27,AAGAAACTAATCACAGCTAG,23,3948443
xdhAp1,2.107142857142857,85,27,AAAGGAATTCATCCTCGGGG,58,3947541
xdhAp1,1.3928571428571428,65,27,AAACCGAATTAATTTGGGCT,38,3945403
xdhAp1,0.8148148148148148,47,26,TGTGATCCATCGTATGCGTC,21,3975440
xdhAp1,0.7037037037037037,44,26,TGGGTGGTGGCCCTTAATAA,18,3937810
xdhAp1,21.037037037037038,593,26,TGCCATGATCTTTGACGGCC,567,3962821
xdhAp1,0.7777777777777778,46,26,TGCATACACATCGCTAGGTC,20,3952240
xdhAp1,0.4444444444444444,37,26,TCCCTGTGTGTACAACCCCA,11,3935374
xdhAp1,0.7777777777777778,46,26,TATATTTTGCATAATAGGGT,20,3950122
xdhAp1,1.1111111111111112,55,26,GTCGATTTACCCATAGTGTT,29,3955888
xdhAp1,0.9629629629629629,51,26,GCGGGCCGATCGCTCTCCGT,25,3954963
xdhAp1,0.8888888888888888,49,26,GCGCACGCTTAAATACGCGA,23,3980102
xdhAp1,0.7037037037037037,44,26,GCCATGCTGTGTGTATAACT,18,3958365
xdhAp1,0.8148148148148148,47,26,GAATGTGGTCCCCCGTACTC,21,3953210
xdhAp1,5.407407407407407,171,26,CTAGTTCAAGCGTGTCGGTA,145,3939519
xdhAp1,0.6666666666666666,43,26,CGTCAAACAAACCGACGTTT,17,3976174
xdhAp1,0.37037037037037035,35,26,CGGGGTTCATACATTTCGTC,9,3948365
xdhAp1,1.8888888888888888,76,26,CGCTTTCTTATTCCGACTTT,50,3945438
xdhAp1,1.0740740740740742,54,26,CGCCTAGAGTGCTCCACTGT,28,3946666
xdhAp1,1.2592592592592593,59,26,CCTCACTTGAGGTCTCATCA,33,3950479
xdhAp1,1.1111111111111112,55,26,CAGCACCGGGTGACGACAGT,29,3973320
xdhAp1,0.48148148148148145,38,26,CACATCTGAGAACTGGAAGA,12,3940349
xdhAp1,0.07407407407407407,27,26,CAACTGGTTTAAGTGAACCT,1,3957555
xdhAp1,0.8148148148148148,47,26,ATGGTGTTTAACCGTTAGGG,21,3951997
xdhAp1,0.25925925925925924,32,26,ATGCATTTTAGCCGCTTGCT,6,3950979
xdhAp1,0.7037037037037037,44,26,ATGAGCTTCTCGTACCGATA,18,3952117
xdhAp1,0.5925925925925926,41,26,ACTGACGTTTAGGTCACAAA,15,3942665
xdhAp1,0.14814814814814814,29,26,ACTCTGGAATGGAGCGGTCA,3,3972169
xdhAp1,0.1111111111111111,28,26,ACGTCCTGAGCCACTCGTGA,2,3962579
xdhAp1,1.2222222222222223,58,26,ACACCTCTCAATATAGGAGT,32,3952651
xdhAp1,0.07692307692307693,26,25,TGTCCGAGCATAGCGTCATG,1,3981482
xdhAp1,1.3076923076923077,58,25,TGCCGGAGAGAGCGCCGTCA,33,3961801
xdhAp1,0.9230769230769231,48,25,TCTGCCGGATTTTTCGTGTG,23,3954014
xdhAp1,1.1153846153846154,53,25,TCCGTGTCGGGTGTCGTAAG,28,3930257
xdhAp1,0.5384615384615384,38,25,TATTCACCTTTTGTTAGGGT,13,3979637
xdhAp1,1.1153846153846154,53,25,TATAGTACAATTAGACGTCT,28,3934339
xdhAp1,0.6538461538461539,41,25,GTGGGATTGTCAATCTGCGG,16,3954063
xdhAp1,1.2307692307692308,56,25,GTCTCCTTGGACCGAATATG,31,3932188
xdhAp1,1.0,50,25,GTCACACCGTCTCACACTTT,25,3937707
xdhAp1,3.0384615384615383,103,25,GGGTACCGTTGCTTGATTCA,78,3966215
xdhAp1,0.07692307692307693,26,25,GGGCTGAACGGTGTATTGCA,1,3971578
xdhAp1,1.9615384615384615,75,25,GCTGTGCCCGTCTCGAGCCG,50,3948759
xdhAp1,1.0,50,25,GAGTCCGTCGGTCAAACGAC,25,3935634
xdhAp1,1.3846153846153846,60,25,GACGATATGACAACCTCAGT,35,3956706
xdhAp1,0.11538461538461539,27,25,GAACCCGGTCTCTGGTCCTT,2,3953148
xdhAp1,1.0,50,25,CTGTACTCGCTAACTATTGC,25,3933817
xdhAp1,2.1538461538461537,80,25,CTATGTCTGCATCTTGTATG,55,3939379
xdhAp1,0.6153846153846154,40,25,CCGTATCCTGACCGCTCCTT,15,3929062
xdhAp1,0.8461538461538461,46,25,CAGCAAGGTCTCCGTCAAAT,21,3963825
xdhAp1,2.230769230769231,82,25,CAAAATCTGCATCGCAGAAT,57,3975838
xdhAp1,1.7692307692307692,70,25,ATATGTCGAGCGATACCTAT,45,3942258
xdhAp1,1.0,50,25,AGCGAATGTTATCGATGGAG,25,3932328
xdhAp1,0.8846153846153846,47,25,AGCAGATGCACGTGGTCCGT,22,3946944
xdhAp1,1.8846153846153846,73,25,ACGGGGGATACATTTATGGA,48,3933736
xdhAp1,0.8076923076923077,45,25,ACCGTTATATTTCACTAGAT,20,3948446
xdhAp1,0.08,25,24,TTTGCTAGGTTTGTCTTGCG,1,3963482
xdhAp1,1.2,53,24,TTGTGCGTAGCGATGGCAAG,29,3933906
xdhAp1,0.28,30,24,TGTCATTTAGACTTATCTTC,6,3935346
xdhAp1,0.08,25,24,TGGTATATCCTCCAGGAGAT,1,3939108
xdhAp1,1.28,55,24,TCCACTTGAACTGAAGCAGC,31,3951740
xdhAp1,1.04,49,24,TCACATAAATATATATGCCG,25,3960969
xdhAp1,1.48,60,24,TCAACCGTGGCAGCTTATGA,36,3947361
xdhAp1,1.92,71,24,TAGGTCCCGATGGATACCGA,47,3936292
xdhAp1,0.08,25,24,GTGTATTGATCAGCTGTCTT,1,3938802
xdhAp1,1.52,61,24,GTCGGCGCGAAATGGCGGGG,37,3962325
xdhAp1,0.96,47,24,GTCCATTGCAATGTCTTCTG,23,3979131
xdhAp1,0.76,42,24,GTACGGCCTCTAGATCAACC,18,3953938
xdhAp1,1.68,65,24,GGGCTGCATTTACATTTCGA,41,3939481
xdhAp1,1.6,63,24,GCTGTGGGAGATCCACTGAA,39,3981508
xdhAp1,1.2,53,24,GCGATTAAACTGCCAGAATT,29,3941680
xdhAp1,3.28,105,24,GCCATGCTCGTCATGGTGGT,81,3950032
xdhAp1,2.64,89,24,GATTGGGTGTGCGCCGTGCA,65,3950443
xdhAp1,0.56,37,24,GAGGGGCTCCGAGGTTCCCA,13,3936926
xdhAp1,1.16,52,24,CTTGAGACAGAGTCGTCGAT,28,3959079
xdhAp1,0.44,34,24,CTCCTCCCTCAGAGCCGCCG,10,3976280
xdhAp1,0.92,46,24,CTAGCCCCAGGCGCAGATAC,22,3946723
xdhAp1,0.84,44,24,CTACGTTCGCCTAGGACAAG,20,3940732
xdhAp1,0.96,47,24,CGGGGCAGTTAGGCGATTAC,23,3952202
xdhAp1,1.2,53,24,CGCGTCCTTCAAGGTCTCGA,29,3935926
xdhAp1,0.32,31,24,CGCACCGGGTGGGAATCGTA,7,3950513
xdhAp1,2.32,81,24,CGACCACGGGCATCTCGGAT,57,3980619
xdhAp1,3.24,104,24,CATTACCTAACATTAATTCC,80,3937758
xdhAp1,0.68,40,24,CACGGTTTAGAAACACTGAT,16,3957870
xdhAp1,0.8,43,24,CAACGGTGCGCGGGGGTGCT,19,3963208
xdhAp1,0.12,26,24,ATTAGGGAAAAACTAAATAT,2,3956819
xdhAp1,0.08,25,24,ATACGATGATAGACTGATAT,1,3929147
xdhAp1,1.2,53,24,ACGTATACAATGGTTTTGTT,29,3973480
xdhAp1,0.28,30,24,AATTGATTACACACCACTTC,6,3972283
xdhAp1,0.08,25,24,AATGCTGGACTGCTGGCAGA,1,3946832
xdhAp1,0.6,38,24,AAGGCCAGCTCCTCTAACGT,14,3940450
xdhAp1,0.92,46,24,AAAACGCGGATGTCAGAGGT,22,3938119
xdhAp1,0.875,43,23,TTACAACGGAAATGTTCTGA,20,3928952
xdhAp1,0.625,37,23,TGTACCGAAATAGTCCAGGA,14,3981257
xdhAp1,0.8333333333333334,42,23,TGGATTCGCCTGTACCGGAT,19,3975905
xdhAp1,1.9583333333333333,69,23,TCGCCGCTATTCACGTTGTT,46,3949697
xdhAp1,0.625,37,23,TCCGGCGTCCCCAAGGGGTA,14,3976481
xdhAp1,0.08333333333333333,24,23,TCCGACGAATTGTGTACCCA,1,3969918
xdhAp1,1.0416666666666667,47,23,GTTCTGTACATCTTCAGGCG,24,3970262
xdhAp1,0.75,40,23,GGCTATGAACAACATGGAAT,17,3955196
xdhAp1,0.7916666666666666,41,23,GGCACGCCCGGTGGGCAAAT,18,3948538
xdhAp1,2.0416666666666665,71,23,GCTCCCGGCTTCCCCCCTGT,48,3964823
xdhAp1,1.6666666666666667,62,23,GCCGTAACAACGCCCATCAG,39,3947684
xdhAp1,1.0833333333333333,48,23,GATAGTAACCCGTCTCCTAT,25,3969566
xdhAp1,1.4166666666666667,56,23,GAGCCAGTGAGACGCCACAT,33,3950309
xdhAp1,0.6666666666666666,38,23,GACCGGAATCTTAGCGGAAC,15,3976384
xdhAp1,1.0,46,23,GACAAATTCACTATGTGTTA,23,3970867
xdhAp1,1.0416666666666667,47,23,GAAGCCATCCGCATCGGGTG,24,3958115
xdhAp1,0.08333333333333333,24,23,CTCGGTATGGTCGGTCGCTA,1,3962087
xdhAp1,1.375,55,23,CTACCGGCGAGGCAACAAAA,32,3930036
xdhAp1,3.375,103,23,CTAACCCGTGTTATCCTACT,80,3941317
xdhAp1,0.8333333333333334,42,23,CGAGACCACGTATTGGTCTC,19,3955039
xdhAp1,0.8333333333333334,42,23,CCTATTTACCGAGAGAGTGT,19,3966640
xdhAp1,0.375,31,23,CATATATGGAACTCAAACAT,8,3981242
xdhAp1,1.1666666666666667,50,23,CAATGGTAAGTGAATTGTGT,27,3954842
xdhAp1,0.75,40,23,ATTTGCGGGCGTTCCTTCAA,17,3948024
xdhAp1,0.9166666666666666,44,23,ATGTCTCTGGTCCTGGTAGT,21,3950570
xdhAp1,0.75,40,23,AGGGGATGTCGCCAACATAG,17,3956368
xdhAp1,1.9166666666666667,68,23,AGCCTTCATCTGGGTTCTGT,45,3946665
xdhAp1,0.20833333333333334,27,23,AGATCGGCCGACCCAAGTCA,4,3945287
xdhAp1,0.08333333333333333,24,23,AGAGCGATTCACTAAATTCA,1,3936538
xdhAp1,1.0,46,23,ACTGGTGTCAACAAGGCTCT,23,3968597
xdhAp1,3.0833333333333335,96,23,ACCCCGAGAAAAACTCCCGT,73,3955847
xdhAp1,0.08333333333333333,24,23,AACCAGCATAGCTTAGCCTA,1,3936299
xdhAp1,0.3333333333333333,30,23,AACACAAGCGATCTATCAGG,7,3966346
xdhAp1,1.2173913043478262,49,22,TTTCAGGAAGTGCTTGAGTT,27,3933368
xdhAp1,1.0,44,22,TTCTGGGGTCTGTAGCCAAA,22,3972503
xdhAp1,3.782608695652174,108,22,TTAACGCGGGACGTAGAGTT,86,3930192
xdhAp1,0.08695652173913043,23,22,TCTTTTCAATGTCTAGACGT,1,3945129
xdhAp1,0.8695652173913043,41,22,TCTTACCTCCGCGTGGGAGC,19,3932290
xdhAp1,0.6521739130434783,36,22,TCGAACGAAATTAGCCTCAG,14,3942269
xdhAp1,2.0434782608695654,68,22,TATTGGAAGTTAAAAGTACA,46,3941186
xdhAp1,0.17391304347826086,25,22,TATGGTTTCACGACTGCCCC,3,3933567
xdhAp1,2.5217391304347827,79,22,TAATTAGATGGTAGCGTACA,57,3950233
xdhAp1,1.7391304347826086,61,22,GTTAGGGACTGCGGGTAGTA,39,3930839
xdhAp1,2.652173913043478,82,22,GTGCGTGCAACGTTCCCTGA,60,3976695
xdhAp1,1.0,44,22,GTGAGTGACATCATCAACTG,22,3935696
xdhAp1,0.17391304347826086,25,22,GGCAGGATAGGTTCCATACC,3,3981061
xdhAp1,1.5217391304347827,56,22,GGATCTAGGGTTTTTCAGGG,34,3945615
xdhAp1,0.34782608695652173,29,22,GCATTTGTTGTAGCCGACCT,7,3972072
xdhAp1,0.08695652173913043,23,22,GCACTTGTCGTACTCTGTCC,1,3936950
xdhAp1,0.8695652173913043,41,22,GCACCCGTGAATGTCGCGCT,19,3962366
xdhAp1,1.391304347826087,53,22,GACGTCGCTGCATGGCAGTT,31,3952413
xdhAp1,1.2173913043478262,49,22,GACCCAGGGGCTACCTCTGT,27,3956032
xdhAp1,0.8695652173913043,41,22,CTGCGGGACCATGACCTCGA,19,3962210
xdhAp1,0.391304347826087,30,22,CGCGCGTGATATGTTTCCTA,8,3954851
xdhAp1,1.6956521739130435,60,22,CGAGCCGAGCCCAGGTGAAC,38,3956825
xdhAp1,1.9130434782608696,65,22,CCTGCTACGGGGCGATGCCT,43,3930751
xdhAp1,3.608695652173913,104,22,CCTCCAAATCGCGTACTCTT,82,3949289
xdhAp1,1.391304347826087,53,22,CCGGAGGGCCGACCCGTCCA,31,3933265
xdhAp1,1.5217391304347827,56,22,CCCCCTCAATTGGATTTAAG,34,3952799
xdhAp1,0.08695652173913043,23,22,CCACGGTATATGAGAGGAGA,1,3974877
xdhAp1,1.5217391304347827,56,22,CATCGGCATCAGCTACTCAG,34,3954893
xdhAp1,0.8695652173913043,41,22,CAACAAGTATTGACGTACTC,19,3963606
xdhAp1,0.08695652173913043,23,22,ATTCGATTGCTACGTGTGTT,1,3970253
xdhAp1,1.0434782608695652,45,22,ATCGCATGTACTCCTCTGTA,23,3946057
xdhAp1,1.391304347826087,53,22,AGATGCAATCGTGCAATCTA,31,3969133
xdhAp1,1.1304347826086956,47,22,AGACAACTGTGGTACTCGTC,25,3977968
xdhAp1,0.9130434782608695,42,22,ACGTTAGTCCGGCAAAAGGT,20,3959848
xdhAp1,0.9565217391304348,43,22,ACGTTACGGACAATTCGAAT,21,3976980
xdhAp1,1.173913043478261,48,22,ACATCCGAGACCGGGTGAAT,26,3946667
xdhAp1,1.5217391304347827,56,22,ACACGTAGGGCTCCGTTGAC,34,3963284
xdhAp1,1.2173913043478262,49,22,ACACAACGATAGTCTCGAAC,27,3975691
xdhAp1,0.17391304347826086,25,22,AAGTGTCTTGTGTGATCAAC,3,3981514
xdhAp1,0.8695652173913043,41,22,AACGTTCCTGGGGCGGCGAG,19,3953241
xdhAp1,0.5909090909090909,33,21,TTTGGTCCCGCATGTCCAGG,12,3934304
xdhAp1,2.3181818181818183,71,21,TTTGAAGTTTTCTGTCAATA,50,3956369
xdhAp1,0.6363636363636364,34,21,TTTCTACGGCACGCCGCACG,13,3958252
xdhAp1,0.8181818181818182,38,21,TTGTGGCTCAACTAGAGAAC,17,3929285
xdhAp1,1.6363636363636365,56,21,TTGTATTCCCATGGCATTGA,35,3964218
xdhAp1,0.13636363636363635,23,21,TGGCACCCCGGCATTACACG,2,3951939
xdhAp1,0.09090909090909091,22,21,TGCTAGTACCAATATCTTTT,1,3973462
xdhAp1,0.8181818181818182,38,21,TGAAATAATGCGGCGTATAA,17,3962328
xdhAp1,0.18181818181818182,24,21,TCTATTAGCTATGTAGTCAA,3,3981463
xdhAp1,1.4090909090909092,51,21,TCCGCGTCCTTGTTCCGTTT,30,3970415
xdhAp1,1.5454545454545454,54,21,TATTTCGCGGTTGCGTTTCT,33,3968555
xdhAp1,2.5454545454545454,76,21,TAGGGGATCAACGATCCGGC,55,3974563
xdhAp1,0.2727272727272727,26,21,TAGGAATTGGGCTGGTGTGG,5,3931334
xdhAp1,0.45454545454545453,30,21,TAAAATGGGCATTGGGTAGC,9,3946438
xdhAp1,1.0454545454545454,43,21,GTGATGTCGCATTAGCTTTA,22,3931698
xdhAp1,0.09090909090909091,22,21,GGTTTCTCCTGACGCTATTT,1,3963702
xdhAp1,0.18181818181818182,24,21,GGTCGTTTTGCTTCTGATCG,3,3963544
xdhAp1,1.2727272727272727,48,21,GGCCCCTGCCGGTAAGCAGG,27,3981304
xdhAp1,0.9090909090909091,40,21,GGACAAAATAGCCTTGGATG,19,3970202
xdhAp1,0.5,31,21,GCCCCGTGAAAGAAAGCTGA,10,3951236
xdhAp1,1.9090909090909092,62,21,GCCCCCCGCTCACTTTTGTT,41,3942600
xdhAp1,0.9090909090909091,40,21,GCAATGTAAAGTTCACCTCG,19,3962714
xdhAp1,0.5,31,21,GATGTAACCGTCGCCTTCGG,10,3931169
xdhAp1,2.6818181818181817,79,21,GAGTTCGGACCTCCTCGATC,58,3961327
xdhAp1,2.272727272727273,70,21,GACCAGTTACGTCATGCTCT,49,3956700
xdhAp1,2.772727272727273,81,21,CTGTCGGACGACGGAGCTTT,60,3975505
xdhAp1,0.09090909090909091,22,21,CTACAACTTTCAAGATAAAA,1,3936632
xdhAp1,2.227272727272727,69,21,CGGTTTTGCTCCATGTGTTT,48,3958958
xdhAp1,3.3181818181818183,93,21,CGAGTTGAGGACCGGTAAAT,72,3933569
xdhAp1,0.36363636363636365,28,21,CGAAACACGTCCGTTGTTCT,7,3955087
xdhAp1,0.8181818181818182,38,21,CCTGCCAACAAGTCCCCGGA,17,3950258
xdhAp1,0.09090909090909091,22,21,CCTCCAAGGGTTTCTGGGCA,1,3976388
xdhAp1,1.1818181818181819,46,21,CCGAAGATACCTAGTCATGC,25,3963575
xdhAp1,0.6818181818181818,35,21,CCATTGCCCACCTACGTTTC,14,3938225
xdhAp1,1.6363636363636365,56,21,CCAGACAGTCCATGCGCAGA,35,3978258
xdhAp1,1.5909090909090908,55,21,CACGAGGGTACAGAAGGGCT,34,3944454
xdhAp1,0.22727272727272727,25,21,ATTTACCGACGTATTGACTA,4,3973401
xdhAp1,0.7272727272727273,36,21,ATTCGCGGCATCACGGATTT,15,3936112
xdhAp1,0.09090909090909091,22,21,ATTCCAGCGTTACGGGGAGA,1,3950990
xdhAp1,1.1818181818181819,46,21,ATGAGTTCGATGCACGTGAA,25,3971609
xdhAp1,3.4545454545454546,96,21,ATCTCACCCGGCAAGGTGCT,75,3975890
xdhAp1,0.8181818181818182,38,21,AGTGTGTTTAGGAGCTACAG,17,3958107
xdhAp1,0.8181818181818182,38,21,AGCGAGGAACGTAACCACCG,17,3945644
xdhAp1,1.0454545454545454,43,21,ACCGACCCCAGCATCGATTT,22,3933836
xdhAp1,1.4090909090909092,51,21,AACGAGTCCCATTAAGATAA,30,3960400
xdhAp1,0.9545454545454546,41,21,AACACTCAAATGCGGGCGGA,20,3975326
xdhAp1,0.42857142857142855,28,20,TTTTAGGATACGAACTGTGA,8,3935035
xdhAp1,1.0,40,20,TTTGTGCTAGTCACTCACAA,20,3967564
xdhAp1,2.238095238095238,66,20,TTTAGATCATCTCTCCACGG,46,3933476
xdhAp1,0.09523809523809523,21,20,TTAGTATTAGGGTTTTTTGG,1,3971208
xdhAp1,1.2380952380952381,45,20,TTACGGGTGTGGACCCTCGC,25,3930662
xdhAp1,1.7142857142857142,55,20,TGTAGCTCCAATACCAAGGT,35,3941404
xdhAp1,0.5238095238095238,30,20,TGTAACGGCGGTTTTATAGT,10,3954332
xdhAp1,1.2380952380952381,45,20,TGGGTCAGGGACTGTTTTAT,25,3945749
xdhAp1,1.0,40,20,TGCTCGTTTAACTAAAGTGC,20,3934861
xdhAp1,0.9047619047619048,38,20,TGAGTCCTCTCGACATCGAA,18,3953248
xdhAp1,1.5714285714285714,52,20,TCTACGTAAATAAGGATGGA,32,3933130
xdhAp1,1.2857142857142858,46,20,TCGGGAATAGTCATCAAGTA,26,3941788
xdhAp1,0.09523809523809523,21,20,TCGCGGCATAGTTGGATCCA,1,3942742
xdhAp1,0.09523809523809523,21,20,TCCCACGTGGCTCGCGACCA,1,3975377
xdhAp1,0.8571428571428571,37,20,TCATTTAGCCTAACAACTTG,17,3949486
xdhAp1,1.5238095238095237,51,20,TAACGGGCTATAACTAGGGT,31,3959317
xdhAp1,0.3333333333333333,26,20,GTTCAGTGCGTTGTGTCGGT,6,3949134
xdhAp1,0.7142857142857143,34,20,GTGTGGTCTCACGGTCACAA,14,3950053
xdhAp1,0.5714285714285714,31,20,GTCTCACTACCTTCGACGTA,11,3956265
xdhAp1,0.38095238095238093,27,20,GTCCCAGTCGCGGTGGAATG,7,3933748
xdhAp1,1.0,40,20,GGACCGTCCTGTTAGTAGAC,20,3966136
xdhAp1,0.09523809523809523,21,20,GGACAGAACCAGTGACTCTC,1,3935964
xdhAp1,0.47619047619047616,29,20,GGAAGAAATAGATCCTTGCC,9,3934338
xdhAp1,0.09523809523809523,21,20,GCGACTAATGGGAAGCACAG,1,3978184
xdhAp1,0.7619047619047619,35,20,GCGAAACAACGATGCCGATA,15,3970630
xdhAp1,0.09523809523809523,21,20,GCAGTTCGCATATGCGTATT,1,3975606
xdhAp1,1.5714285714285714,52,20,GCAGACAATCCGCAGCGGGT,32,3933213
xdhAp1,1.7619047619047619,56,20,CTGGAAGCGCGAGCTGGAAC,36,3966602
xdhAp1,0.09523809523809523,21,20,CTAAACGGGATTTATAGTTG,1,3967424
xdhAp1,0.09523809523809523,21,20,CGCACGCGCGCGCGGCAAGT,1,3948077
xdhAp1,1.380952380952381,48,20,CGAGTGATTCGCCAAGACGT,28,3964837
xdhAp1,1.5714285714285714,52,20,CCTGGGCAGCAACGAAGGAA,32,3961166
xdhAp1,1.619047619047619,53,20,CCACGTTACCCTTTAGGGCA,33,3929290
xdhAp1,2.619047619047619,74,20,CACGTTCTCAAGAGTCGTAA,54,3930672
xdhAp1,0.5238095238095238,30,20,CACCTGAACCATAGGTAAGT,10,3979296
xdhAp1,0.14285714285714285,22,20,ATGATGTATAACATTGTACA,2,3947669
xdhAp1,0.5714285714285714,31,20,ATCAGGGGAGGCTTGCCATA,11,3949029
xdhAp1,2.4285714285714284,70,20,ATCAGGCGTTAATCGTTGTC,50,3947690
xdhAp1,1.619047619047619,53,20,ATAGCCGGGGATGTAAGGAT,33,3971700
xdhAp1,1.0,40,20,ATAAGTTGATATTATTCGTG,20,3981435
xdhAp1,1.2857142857142858,46,20,AGGTTTTCGAGAACTGCCCC,26,3969449
xdhAp1,0.7142857142857143,34,20,AGGTCGTGCTCGATACGCAT,14,3958396
xdhAp1,0.42857142857142855,28,20,AGAATCGGAAGAGTTAAGTG,8,3980428
xdhAp1,0.14285714285714285,22,20,AATGCGAAGGAAATTAGGCA,2,3951027
xdhAp1,0.6666666666666666,33,20,AAAGACACACATGTTCCAAC,13,3975233
xdhAp1,1.8,54,19,TTTCCTAATCATGTGTAATA,35,3970563
xdhAp1,0.85,35,19,TTTACTTCCTCAGGACGAGT,16,3944918
xdhAp1,0.15,21,19,TTGGGTTTTTCGGGACTCTC,2,3952012
xdhAp1,1.2,42,19,TGGGATTTTATCCCGCGACA,23,3964233
xdhAp1,4.45,107,19,TGCATTAGTAGAACCGTAGA,88,3976068
xdhAp1,1.0,38,19,TGCATCTTCATAAGGATTGC,19,3972893
xdhAp1,0.45,27,19,TGCATAATTTGGCGGGTTAT,8,3942620
xdhAp1,0.1,20,19,TCTTGGATGGGCGATAGTTA,1,3969132
xdhAp1,1.0,38,19,TCTCATCTCATTGGATCTTA,19,3968383
xdhAp1,0.1,20,19,TCCTGACGACAAAGGTTCAG,1,3964463
xdhAp1,0.45,27,19,TATGCCTCAGGCTGGACATA,8,3956308
xdhAp1,0.1,20,19,TACTTGTTTTAACCTCGACC,1,3934518
xdhAp1,0.85,35,19,GTTGAAGTCTTCTCTTTTGA,16,3980199
xdhAp1,0.35,25,19,GTGTACAAGTATTACTCTTG,6,3969577
xdhAp1,1.7,52,19,GTCCCTATTATTGATACTGA,33,3955331
xdhAp1,1.45,47,19,GGATAACTTTCCCTCTGGAT,28,3963582
xdhAp1,2.5,68,19,GCGTCTATCAAAAGCATCGA,49,3936248
xdhAp1,0.15,21,19,GCGCGTGGATACAGCGGCAA,2,3981135
xdhAp1,1.4,46,19,GCACACAGAAGTGCCCGAAA,27,3959129
xdhAp1,0.1,20,19,GCAATAGTCGTTCGGCACTT,1,3955226
xdhAp1,1.05,39,19,GATTTCGCAGGAAGTTATTA,20,3933560
xdhAp1,1.85,55,19,GATGAGCGGTATGTGTGGGT,36,3948184
xdhAp1,0.15,21,19,GATCATCCCAGCAGTGCTTG,2,3966248
xdhAp1,1.0,38,19,GATAAAATCGTACAAAATTT,19,3941577
xdhAp1,0.15,21,19,GAATGTTCGATATTATACAA,2,3961797
xdhAp1,3.2,82,19,GAAACGGTCCAGTGGTAGCG,63,3972576
xdhAp1,1.35,45,19,CTTCTGATCAGATAGAGGCG,26,3957782
xdhAp1,0.75,33,19,CTAAAATTTTTGTCGTCACT,14,3940439
xdhAp1,3.35,85,19,CGTCCCACTTATCGACGTGT,66,3974351
xdhAp1,0.1,20,19,CGTAGGACTGGGTACCAAGA,1,3941997
xdhAp1,0.1,20,19,CGTAAGCCAATGGGTATTCT,1,3938753
xdhAp1,4.6,110,19,CGGGTTCGAGGTTGGCTCGA,91,3944656
xdhAp1,0.1,20,19,CGGGGACCGCGCGGCGACAA,1,3933886
xdhAp1,1.15,41,19,CGGAGAGGTGACCGGAAACC,22,3947812
xdhAp1,0.1,20,19,CGACATGGACGGAGTAAACT,1,3977193
xdhAp1,0.6,30,19,CCTCCGGAGATGGTCAAAAA,11,3947754
xdhAp1,1.15,41,19,CCCGTGGAATTTCAACAAGT,22,3978055
xdhAp1,1.0,38,19,CCAGAGAGGCTTGCGTTTAG,19,3965996
xdhAp1,0.25,23,19,CCAACTCGAATCTTCATCCG,4,3938781
xdhAp1,0.1,20,19,CATCCGTGTGTAAAACGGAT,1,3958927
xdhAp1,2.3,64,19,CAGCCTCTGCCTAAAATCCT,45,3966807
xdhAp1,1.05,39,19,CACCCCATTCTAACTTCCCG,20,3944700
xdhAp1,1.05,39,19,CACCACCTAGCTAGTCAATT,20,3971286
xdhAp1,0.1,20,19,CAATGTCATCCTGGCACCTT,1,3944128
xdhAp1,0.75,33,19,CAAACGATCCATACAGGCTA,14,3969297
xdhAp1,1.4,46,19,ATTTATACGCCTCCGAAAGA,27,3935625
xdhAp1,1.65,51,19,ATGAAAGCCTCCCTCTCTGC,32,3958725
xdhAp1,1.15,41,19,ATAGATGGGATGTAGCCGCT,22,3968232
xdhAp1,2.3,64,19,ATACCGGATCTATCGCTACA,45,3970314
xdhAp1,1.35,45,19,AGTTTAGGCGTCCGCAACTC,26,3954308
xdhAp1,2.6,70,19,AGGCGGACGGGATCGGGTTC,51,3962555
xdhAp1,1.1,40,19,AGGCAACAAAGGTGAAGGCT,21,3943912
xdhAp1,1.15,41,19,ACTATCTATCGACAATAATC,22,3955993
xdhAp1,1.95,57,19,ACGCAAACGAGGGAGCGATT,38,3958327
xdhAp1,1.5,48,19,ACCAACATTGTGCTGGGGGG,29,3954365
xdhAp1,0.65,31,19,AATCTAACCGCCGTAGCTTT,12,3975155
xdhAp1,1.2,42,19,AATCAGCCGACTAGGCAAGA,23,3929013
xdhAp1,0.15,21,19,AAGGGTCCCATTTTTGAGCA,2,3933369
xdhAp1,1.25,43,19,AACGTATATAAGATGAAACC,24,3965021
xdhAp1,0.1,20,19,AAAGTTAGTATACCTGACTG,1,3931277
xdhAp1,0.1,20,19,AAAGTCCTGGGGGGCCAAAA,1,3955919
xdhAp1,0.1,20,19,AAAGCTCCACGTTGCGATCA,1,3937430
xdhAp1,1.5789473684210527,47,18,TTGCCGTGAAGAATGGTAAG,29,3929652
xdhAp1,0.10526315789473684,19,18,TTAATGACGGGTGTTGGCAA,1,3932219
xdhAp1,0.42105263157894735,25,18,TGTTATAACCGGTATACCGG,7,3943750
xdhAp1,1.5789473684210527,47,18,TGGCTCTGATTCATGTAAAT,29,3939178
xdhAp1,1.3157894736842106,42,18,TGCCAACACTAGACCGATAT,24,3933399
xdhAp1,1.105263157894737,38,18,TGACTGTAAGGAAGGCCCAG,20,3946541
xdhAp1,3.1052631578947367,76,18,TGAAACATCTGAGCCCTCGT,58,3956038
xdhAp1,1.3157894736842106,42,18,TCTGCTATGACTGACCTGGC,24,3937663
xdhAp1,2.1578947368421053,58,18,TCGCTATGCCTTTCATAACT,40,3959459
xdhAp1,0.10526315789473684,19,18,TCCTGCATAAGGGATCCAAA,1,3950272
xdhAp1,1.4736842105263157,45,18,TCCGGCCTAGAGTACCGCGA,27,3972760
xdhAp1,0.10526315789473684,19,18,TCCCACGTCCACTCAGGCCA,1,3951283
xdhAp1,1.2105263157894737,40,18,TATGAACTTTGAAACTGCGA,22,3959894
xdhAp1,0.15789473684210525,20,18,TACCGGAGGAATCTAGGGGT,2,3950232
xdhAp1,1.105263157894737,38,18,TACATCAAGGTAAATTACAT,20,3937211
xdhAp1,0.10526315789473684,19,18,GTAGGTCTGGGCTTTGTCAA,1,3968430
xdhAp1,1.4736842105263157,45,18,GTAAAGTGTGTGAGCCGTAC,27,3929332
xdhAp1,3.8947368421052633,91,18,GGCGAGGAAGTTTTGGCTAT,73,3969115
xdhAp1,0.631578947368421,29,18,GGACGTGTTACGCTCGGGAA,11,3934271
xdhAp1,0.10526315789473684,19,18,GCTGAATATAGAATGCATGT,1,3948178
xdhAp1,1.8421052631578947,52,18,GCGTCGAAACTCGTTCATAT,34,3965441
xdhAp1,1.1578947368421053,39,18,GCGGGCCGTAGACGTCAATG,21,3957591
xdhAp1,2.1578947368421053,58,18,GCCGTGTGTCGGTCTCACAG,40,3935934
xdhAp1,0.10526315789473684,19,18,GCCCTCGGCTGGAGGGTCAA,1,3937247
xdhAp1,1.5789473684210527,47,18,GCCCCCCGTACCATGGCCAC,29,3965273
xdhAp1,0.10526315789473684,19,18,GCATTGTCGTAGGTGTACGA,1,3955035
xdhAp1,0.8947368421052632,34,18,GATTCTTGTGAGCTACCATA,16,3967101
xdhAp1,0.9473684210526315,35,18,GAGGACCAGGCCGTCACTAG,17,3939924
xdhAp1,1.8421052631578947,52,18,GAGCTTGGTGTTCACTCGAA,34,3957787
xdhAp1,0.9473684210526315,35,18,GACCTCAATACCACTTCTGA,17,3943075
xdhAp1,1.4210526315789473,44,18,CGTTTGTCAAAGGTATGCTA,26,3964527
xdhAp1,1.5789473684210527,47,18,CGTACATGGGGCCAGCGCCT,29,3980609
xdhAp1,0.10526315789473684,19,18,CGGGCGCAGTAGGTAACAAA,1,3930234
xdhAp1,0.7894736842105263,32,18,CGGCTTCCACGTCCTTTCCT,14,3960677
xdhAp1,1.368421052631579,43,18,CGAGCTAGTCACTTACCCCC,25,3979742
xdhAp1,0.3684210526315789,24,18,CCTGACACTGTGGGAGTAGC,6,3965753
xdhAp1,1.368421052631579,43,18,CCGTGTTTCAACCTGAGAAC,25,3942806
xdhAp1,0.42105263157894735,25,18,CCGTAGCCTCCGACAGCATC,7,3931240
xdhAp1,2.210526315789474,59,18,CCCGGTTGTTTAACGCTAAA,41,3941640
xdhAp1,1.263157894736842,41,18,CCCGCATTAGGGGCCGCATT,23,3949971
xdhAp1,0.7368421052631579,31,18,CCCGAGATATCCAAAGGTTT,13,3958961
xdhAp1,1.2105263157894737,40,18,CCAATCAGGAAAGTGTAAGA,22,3948242
xdhAp1,1.0526315789473684,37,18,CATTGCTCTCCGGGACAGGA,19,3944917
xdhAp1,1.0,36,18,CAGTTTTGGACAACTCCGCG,18,3946118
xdhAp1,1.0,36,18,CAGGTGCTTCCACATGGCGC,18,3939952
xdhAp1,2.263157894736842,60,18,CACCTTATTTACTAACAGTA,42,3929470
xdhAp1,12.052631578947368,246,18,CAATTCCAATAGTCGCTCTT,228,3962825
xdhAp1,4.157894736842105,96,18,CAAGAATGACCCACTTGAAA,78,3949488
xdhAp1,1.3157894736842106,42,18,ATATGTTGTCACATTTGGGT,24,3973357
xdhAp1,1.4210526315789473,44,18,AGGTCCGGCGGGAAGCCCGC,26,3962875
xdhAp1,0.10526315789473684,19,18,ACTATTGCAGAAGTTACTAT,1,3930832
xdhAp1,0.10526315789473684,19,18,AAGCACGTGAAGTTCAGAGT,1,3935177
xdhAp1,1.263157894736842,41,18,AAGCAACCAATGTGAGCCAT,23,3957156
xdhAp1,0.10526315789473684,19,18,AACTTAAGCCTAGGGACTAC,1,3977627
xdhAp1,1.8333333333333333,49,17,TTTCCGTAGTTAAGGCGCAT,32,3939996
xdhAp1,0.3333333333333333,22,17,TTGTCACGCGGTCACTGGGT,5,3935285
xdhAp1,0.1111111111111111,18,17,TTGGCGTCGGCAGGAACCGA,1,3930861
xdhAp1,0.7222222222222222,29,17,TTGCGGAAATCCATTCGTTA,12,3961044
xdhAp1,0.7777777777777778,30,17,TTCGTTACTGGCTTCACCAT,13,3974929
xdhAp1,1.9444444444444444,51,17,TTCGGAAAAGGCATAGATCG,34,3950290
xdhAp1,1.1111111111111112,36,17,TTCATGAATCTCTACGATCA,19,3947784
xdhAp1,0.5555555555555556,26,17,TGGGTGATTATAAATGTGAT,9,3964373
xdhAp1,0.9444444444444444,33,17,TGCACAGAAGCCACTCGCCT,16,3971676
xdhAp1,1.1666666666666667,37,17,TCTTACTTAGGGGGGCTTCT,20,3944577
xdhAp1,2.611111111111111,63,17,TCTGTCTCCGCGGTCGCGTA,46,3949742
xdhAp1,2.3333333333333335,58,17,TCGGATCTTTTAACTTTAGT,41,3954986
xdhAp1,2.888888888888889,68,17,TCAACTGACAGAACGGCAAT,51,3934447
xdhAp1,3.0555555555555554,71,17,TATTACCTGGGGCTATGGGT,54,3970570
xdhAp1,0.7222222222222222,29,17,TATGGGGCGTAAGGAAAATG,12,3941993
xdhAp1,1.2777777777777777,39,17,TATGCGGGCCGGCAGTCGTC,22,3938185
xdhAp1,0.8888888888888888,32,17,TATGCGATCCCACTATGTGT,15,3935993
xdhAp1,0.1111111111111111,18,17,TATCCTTTTAAGGTTCAGCC,1,3955676
xdhAp1,2.0,52,17,TATACGCCTATCGATGTCGT,35,3977721
xdhAp1,1.2222222222222223,38,17,TAGGTGGAGCGCCAATAGGA,21,3959172
xdhAp1,2.5,61,17,TAGCCTTTTTAAATTGATAT,44,3955810
xdhAp1,1.7222222222222223,47,17,TACTTTATCGTGTTCCCTTA,30,3968629
xdhAp1,1.4444444444444444,42,17,TACGGGACGAAAGTAGTTTA,25,3961247
xdhAp1,0.1111111111111111,18,17,GTTTCGATGTCAGTGCAATC,1,3932744
xdhAp1,0.8888888888888888,32,17,GTGAACGGTGGCACCGATGT,15,3960572
xdhAp1,1.7222222222222223,47,17,GTCCCATGGAGTCCATTGTG,30,3943475
xdhAp1,2.4444444444444446,60,17,GTACTCCATGCTTTCAATAT,43,3931423
xdhAp1,0.1111111111111111,18,17,GTAACCTCAGACGCTGGCTA,1,3972082
xdhAp1,1.9444444444444444,51,17,GGTGCTTCTGCCATACCTTT,34,3941149
xdhAp1,0.9444444444444444,33,17,GGTAAGCGACTTCCATACTC,16,3967654
xdhAp1,0.1111111111111111,18,17,GGGCTACGCGGCCTTATCGT,1,3941079
xdhAp1,1.7222222222222223,47,17,GGAGCCACTTCTAACTCTGC,30,3962996
xdhAp1,1.8333333333333333,49,17,GCTCCACACTCATACTCTAC,32,3941153
xdhAp1,1.6666666666666667,46,17,GCCAGTCTGACCTGACGATA,29,3975263
xdhAp1,1.2222222222222223,38,17,GCATTCCGCTATCTTGTATA,21,3980025
xdhAp1,1.0555555555555556,35,17,GATTGCAACTTGCATAAAGA,18,3937019
xdhAp1,0.1111111111111111,18,17,GATCATCAGCTCGATATAGC,1,3974604
xdhAp1,1.6666666666666667,46,17,GATAACGAAAGTGATGCGGC,29,3931379
xdhAp1,1.5,43,17,CTCGTTAGAGGATAAGATTG,26,3960183
xdhAp1,0.1111111111111111,18,17,CTCATTCAGGTATTGGAGAC,1,3974845
xdhAp1,1.1111111111111112,36,17,CTACGCTCCCGCGCTACCAG,19,3939856
xdhAp1,0.1111111111111111,18,17,CGTACCGCGCGCCTGCCGGA,1,3938295
xdhAp1,2.2777777777777777,57,17,CGGCGTAAAGTGGCCGGGTT,40,3969416
xdhAp1,5.444444444444445,114,17,CGCATCCGGATGACCGTCAC,97,3980256
xdhAp1,2.0555555555555554,53,17,CCTTAAGTACGGTGTCCCTT,36,3976103
xdhAp1,0.6111111111111112,27,17,CCATTACACAGAGCTACCTA,10,3931570
xdhAp1,0.1111111111111111,18,17,CCAGAGTCAAGGTTACACAG,1,3952480
xdhAp1,3.0555555555555554,71,17,CCACACGTGTTCAACGTTTT,54,3935499
xdhAp1,4.055555555555555,89,17,CATAATCGGGCGACTCGCGG,72,3938117
xdhAp1,0.5555555555555556,26,17,CACTCTAGTGGGAGTCCGAT,9,3971934
xdhAp1,0.2222222222222222,20,17,CACGTGACTAGCGGTCCATT,3,3946164
xdhAp1,0.8888888888888888,32,17,CAAGGTATGGGGTTCAATAC,15,3970785
xdhAp1,2.0,52,17,ATGTGCACTCCTACTGTTTC,35,3940807
xdhAp1,1.6111111111111112,45,17,ATACTCAATCTTTTCCCTAG,28,3943963
xdhAp1,0.8888888888888888,32,17,ATAAGCATTATTAACCTGAC,15,3938578
xdhAp1,1.1666666666666667,37,17,AGTCTACGCAGATCTTGATT,20,3942503
xdhAp1,0.16666666666666666,19,17,AGTACCGTATATTTTACGCT,2,3936023
xdhAp1,0.3333333333333333,22,17,AGGTCGGAACAGAGACCCGT,5,3931934
xdhAp1,1.2222222222222223,38,17,AGGGGACGCCGAGCTTAGTT,21,3970207
xdhAp1,1.1111111111111112,36,17,AGCCCTCTGGTGGGTACGAA,19,3971525
xdhAp1,0.6111111111111112,27,17,AGCATTACGGATAAGTGCCC,10,3957823
xdhAp1,0.1111111111111111,18,17,AGCATGATTTTGAGCCCCAC,1,3942250
xdhAp1,1.5,43,17,ACGTCGTCAAGAGAGGTAGC,26,3953482
xdhAp1,0.6111111111111112,27,17,ACGGGGATCGCACATTTATG,10,3933889
xdhAp1,1.3333333333333333,40,17,AATAAGCGGGCGCTAATTCA,23,3977012
xdhAp1,1.3333333333333333,40,17,AAGGATCCCGCGAAGCATAA,23,3957164
xdhAp1,2.0,52,17,AAGACTAACGCCATGTATGA,35,3952382
xdhAp1,1.411764705882353,39,16,TTTCCTCTACGCCCACCCGG,23,3957123
xdhAp1,2.0588235294117645,50,16,TTGGGGCAAAAAGCACCCAC,34,3936456
xdhAp1,2.0,49,16,TTGCTGCTCCATGAGGATCA,33,3969331
xdhAp1,0.11764705882352941,17,16,TTCACCCAGGGCAAGGCACA,1,3942644
xdhAp1,0.7647058823529411,28,16,TGGTAATGAGTAGGATCTCG,12,3956478
xdhAp1,1.8235294117647058,46,16,TGGGTGTGTAACATCAGCTC,30,3954619
xdhAp1,1.1764705882352942,35,16,TGGCACCTAAAATTAATCGT,19,3948393
xdhAp1,2.0,49,16,TGAGCTACAAAATGGCGCCA,33,3946795
xdhAp1,1.4705882352941178,40,16,TCTTGGGTTTATGTTCTTTT,24,3974154
xdhAp1,0.8823529411764706,30,16,TCGAGAGACATCCCCAAGGG,14,3938741
xdhAp1,1.3529411764705883,38,16,TCATCGAAAAGTCTCGTCGT,22,3929723
xdhAp1,0.11764705882352941,17,16,TCAATGCCTGAGCACCTTAT,1,3964549
xdhAp1,3.4705882352941178,74,16,TATTCCAGCGTCTTTCGCTA,58,3947649
xdhAp1,3.0,66,16,TATTAAACACAGCAGGTCGT,50,3948074
xdhAp1,1.1176470588235294,34,16,TATGCATCACAAGAAAACTA,18,3931153
xdhAp1,1.8235294117647058,46,16,TATCCGCATTCCTTAGACCT,30,3981476
xdhAp1,0.7647058823529411,28,16,TAGGAGGTTCCATATCTCCA,12,3973782
xdhAp1,2.764705882352941,62,16,TAGCAGGCGTATGCCGCGGT,46,3950502
xdhAp1,2.2941176470588234,54,16,TAATTACACCACAGTCCCAG,38,3930210
xdhAp1,0.29411764705882354,20,16,TAACAGGGTAAGTAGTCATC,4,3942073
xdhAp1,0.11764705882352941,17,16,GTTTGGTCACATTTTGACTG,1,3973693
xdhAp1,0.11764705882352941,17,16,GTTTGAAACAGTTCTGGAGT,1,3940845
xdhAp1,0.8235294117647058,29,16,GTTACTCACGATCTCGTGAA,13,3951737
xdhAp1,1.6470588235294117,43,16,GTGTAGGAGCCTCGCCGTAT,27,3949023
xdhAp1,2.176470588235294,52,16,GTGCTATCCAACTTGAATAC,36,3969583
xdhAp1,0.11764705882352941,17,16,GTGCCATTAAACCCTACGAG,1,3938368
xdhAp1,3.764705882352941,79,16,GTCAGCATTTGTAGCACTTT,63,3978905
xdhAp1,4.823529411764706,97,16,GTCAAGGAGACACTGTAAGG,81,3962640
xdhAp1,2.235294117647059,53,16,GTACTGATCAGCGCAACACG,37,3978370
xdhAp1,0.11764705882352941,17,16,GGTCTTTTACCTAACGAACG,1,3974031
xdhAp1,0.11764705882352941,17,16,GGTATTCCGCCGGAGATTCT,1,3956193
xdhAp1,1.0588235294117647,33,16,GGGCGCACGTCACACAGGAT,17,3965173
xdhAp1,1.6470588235294117,43,16,GGCCACCTTACTGCTGCACG,27,3958737
xdhAp1,0.11764705882352941,17,16,GCTAGGTACACGGTCTCTTA,1,3958237
xdhAp1,0.11764705882352941,17,16,GCTAGATTCGGCCGAGCTCC,1,3956266
xdhAp1,1.0588235294117647,33,16,GCGGCTTGTGAGGGCATGAG,17,3942699
xdhAp1,1.8235294117647058,46,16,GCATTGACAGTCAATATCCA,30,3938226
xdhAp1,0.11764705882352941,17,16,GCAACGACGCCGCTGGCAAC,1,3977152
xdhAp1,2.1176470588235294,51,16,GAGTCCGCATTTGTATATCA,35,3936438
xdhAp1,2.235294117647059,53,16,GACTGCCCACAGTTTCTTGA,37,3948896
xdhAp1,0.5882352941176471,25,16,GACAATAAAAAGAATAGGTC,9,3962462
xdhAp1,0.9411764705882353,31,16,CTACTTACCGTTGCTGGAGA,15,3936592
xdhAp1,3.411764705882353,73,16,CTAAGGATTAGACGCCCACG,57,3936114
xdhAp1,0.11764705882352941,17,16,CGTTTTTAGCAATCCATTTA,1,3931439
xdhAp1,3.0588235294117645,67,16,CGTTTTAGGCATCGCTCGTA,51,3946697
xdhAp1,0.8235294117647058,29,16,CGTTAGTGACTCGGTCTAAT,13,3974033
xdhAp1,0.29411764705882354,20,16,CGTCTCCGCAAGAGTCCGTA,4,3934034
xdhAp1,2.0588235294117645,50,16,CGTCCTAAACCGGGTCTTCC,34,3976145
xdhAp1,0.11764705882352941,17,16,CGTCCATAAGGGCAATGAGC,1,3963281
xdhAp1,1.1764705882352942,35,16,CGTCAAACTCGGAGCGTGGA,19,3950138
xdhAp1,1.2352941176470589,36,16,CGGTATGGATCTTGGCATTT,20,3952653
xdhAp1,1.411764705882353,39,16,CGGCAAGTGGCAGATCACGT,23,3947873
xdhAp1,1.3529411764705883,38,16,CGGAGAACTGCCTGTTAGAA,22,3957078
xdhAp1,0.11764705882352941,17,16,CGATAACTGCGTGAATAAGA,1,3950099
xdhAp1,2.1176470588235294,51,16,CCTCGCTCGGGATGGCCACA,35,3978549
xdhAp1,0.9411764705882353,31,16,CCGTATTTACTTTTAGTCCT,15,3943092
xdhAp1,0.7647058823529411,28,16,CCCCATAAACTGGGCTAGTT,12,3966283
xdhAp1,1.3529411764705883,38,16,CAGGGTCGCTCCCCATTTTA,22,3948986
xdhAp1,1.6470588235294117,43,16,CAGGCGCGTTAGCGTGTGGA,27,3934400
xdhAp1,0.11764705882352941,17,16,CAGCGTAATCACCAACTGTT,1,3935465
xdhAp1,1.6470588235294117,43,16,CAAGCCTTGGGCTCAACATT,27,3932985
xdhAp1,1.6470588235294117,43,16,CAAGAAAACACCTATGTGAA,27,3955239
xdhAp1,3.176470588235294,69,16,ATTTGCAATCCAATTTATCA,53,3963341
xdhAp1,1.8235294117647058,46,16,ATTGCGTCTCGAATGGTTTG,30,3954922
xdhAp1,2.0588235294117645,50,16,ATGGCCGACCCGGGGGGGCA,34,3934717
xdhAp1,1.7058823529411764,44,16,ATCAAATGGTCTAACGACGT,28,3933104
xdhAp1,0.11764705882352941,17,16,ATATGTTGCCCGAGTGTCGT,1,3940053
xdhAp1,0.7647058823529411,28,16,ATAGTGGTTTGTGTCTTCCA,12,3977482
xdhAp1,0.29411764705882354,20,16,AGTCCAGACATCAGGACTGA,4,3954062
xdhAp1,1.8235294117647058,46,16,AGGCTCTCAAGCGTTGTGTC,30,3951323
xdhAp1,1.0588235294117647,33,16,AGGCTAGTTGCTTAAAGACG,17,3951537
xdhAp1,0.11764705882352941,17,16,AGCTACAGTAGTTAAAACGA,1,3955496
xdhAp1,1.8823529411764706,47,16,AGCAAAGTGACACTACATGT,31,3962048
xdhAp1,4.0588235294117645,84,16,ACTAACACCCTAGCGGTATT,68,3940812
xdhAp1,0.8823529411764706,30,16,ACGGTAATTGACGCCTGGTA,14,3971584
xdhAp1,0.11764705882352941,17,16,ACCGAGCATGCGCGGTTTGA,1,3974048
xdhAp1,3.2941176470588234,71,16,ACATTGACTGCCCATCTCGT,55,3955635
xdhAp1,0.5882352941176471,25,16,ACATGCTTACTAAACATAAA,9,3956122
xdhAp1,0.29411764705882354,20,16,ACATAAGCGTGATGTCTTAA,4,3950286
xdhAp1,1.7058823529411764,44,16,AACAATGGTTCCGAAGCATG,28,3948703
xdhAp1,2.4375,53,15,TTAATCCAGAGCATATGATA,38,3948081
xdhAp1,1.1875,33,15,TGTGCCGCCCGACGTAGTTG,18,3935496
xdhAp1,1.5,38,15,TGTCCCTGCCGTCCAGAGTA,23,3934694
xdhAp1,2.3125,51,15,TGGTTAGGATGCACAAGCGC,36,3981415
xdhAp1,0.125,16,15,TGGGCCATTAAGCGGCTGGG,1,3934697
xdhAp1,4.125,80,15,TGGGAGTGGCGAGTACTACA,65,3965266
xdhAp1,2.375,52,15,TGGCTAGAAGATGCAGCGGC,37,3942389
xdhAp1,1.0,30,15,TGCTAGTGAGGATCCTCTTC,15,3955064
xdhAp1,1.5625,39,15,TGCGTCGAAATCACGCTGTA,24,3956041
xdhAp1,1.1875,33,15,TGATTGGATCCCAAGGGGCA,18,3935949
xdhAp1,1.9375,45,15,TCGCTAATCTTGAGCTCAAC,30,3931245
xdhAp1,1.9375,45,15,TCGCGCGGCCAAATGTATAG,30,3935034
xdhAp1,1.6875,41,15,TCCTTGGACAGTCAATCGGG,26,3955494
xdhAp1,1.875,44,15,TCCCCATGACATCTCCATGA,29,3956698
xdhAp1,1.6875,41,15,TCATTTACCCGTGAAAGATT,26,3966556
xdhAp1,2.75,58,15,TCATGCAGTAAGCGGAGTTT,43,3973443
xdhAp1,1.5625,39,15,TCATCCTGCCGAAGGTCTGT,24,3978279
xdhAp1,2.25,50,15,TACGGTGAGCCATGTGTCAA,35,3933317
xdhAp1,1.3125,35,15,TAAGAACGATCGGCGTAGAA,20,3951247
xdhAp1,1.9375,45,15,TAACTGCCCCCGAAGGCGAT,30,3966306
xdhAp1,1.5,38,15,GTGCCCTTAAATTTGTGCAT,23,3950925
xdhAp1,1.875,44,15,GTCTTGGGTATCAGACCTAT,29,3944224
xdhAp1,1.375,36,15,GTCAGGTAAGGGCCTCGTGG,21,3939868
xdhAp1,0.125,16,15,GTAGGTGGATCGGGTCCATC,1,3938746
xdhAp1,1.25,34,15,GTAACCATAACCACGACCCT,19,3942231
xdhAp1,1.375,36,15,GGGACCGCTGCCATTCGTTA,21,3976296
xdhAp1,1.0625,31,15,GGCTGATACGTTTATATCTG,16,3937664
xdhAp1,0.5,22,15,GGCGAGATGATGGCTGCAAG,7,3956352
xdhAp1,0.875,28,15,GGCGACCACTTGCCCGCCTA,13,3929894
xdhAp1,0.9375,29,15,GGCCTCTTAAAACTCGGAAG,14,3943689
xdhAp1,2.1875,49,15,GGATGCCCTCGAGGCACAGA,34,3966159
xdhAp1,2.1875,49,15,GGAGGGTGCGCGTAATGGCT,34,3967137
xdhAp1,2.3125,51,15,GCTTCCCCGGCTAGGCACAG,36,3935508
xdhAp1,0.75,26,15,GCTGCCACAAAACCACCGCA,11,3974592
xdhAp1,1.5,38,15,GCTAACAATGCATCGGAGCA,23,3956361
xdhAp1,1.5,38,15,GCGCACACCTGTGACCCCAT,23,3978495
xdhAp1,5.125,96,15,GCCTTGTGTTTCGGACTAAT,81,3945748
xdhAp1,0.125,16,15,GCCAGGCGCAAATCCCTTCA,1,3960802
xdhAp1,1.375,36,15,GCAATGTCATAGGCAGACCT,21,3940674
xdhAp1,0.125,16,15,GATGTTGGGGATAATCCGTC,1,3936294
xdhAp1,0.125,16,15,GATCTGTGTATGCATGAATA,1,3951871
xdhAp1,1.5625,39,15,GAGTTGCATTTTAGCCTGGA,24,3946736
xdhAp1,2.5625,55,15,GAGGAGGGTCGCCAATTGTA,40,3930116
xdhAp1,0.125,16,15,GAGCGGGTTAGTGGTGGAGC,1,3956749
xdhAp1,1.4375,37,15,GAGATTCAGAATGTCAACCT,22,3942259
xdhAp1,0.75,26,15,GAGAGGGGGGTCGATCGAGC,11,3964860
xdhAp1,0.5625,23,15,GAACTTCAATTCGCTTGTGT,8,3939270
xdhAp1,0.125,16,15,CTTTATTCGGTATCCCAGTT,1,3935919
xdhAp1,0.875,28,15,CTGTGAAACGATTTAAAGGA,13,3957242
xdhAp1,0.6875,25,15,CTGTATCTTACAGCTAGGTA,10,3947678
xdhAp1,0.125,16,15,CTGGCGCGGAAGAAGTGCGG,1,3931060
xdhAp1,0.125,16,15,CTGCTTCTATGACGAGGCGC,1,3967815
xdhAp1,0.125,16,15,CTCTGGAGAGGTACCGGCTG,1,3936915
xdhAp1,1.6875,41,15,CGTCGTAGGGTAGCGACAAA,26,3930511
xdhAp1,3.6875,73,15,CGGTTTGAATTTTGGTCCAA,58,3978995
xdhAp1,0.125,16,15,CGGGGTACGGATTAACGGGT,1,3952481
xdhAp1,0.8125,27,15,CGGGCCACCTCGGGTTAAGG,12,3952801
xdhAp1,0.125,16,15,CGGCCTATACACTCACCCAT,1,3981222
xdhAp1,1.375,36,15,CGGCAACGGGTAGCGCAAAA,21,3935353
xdhAp1,1.875,44,15,CGCTTACGCACGAGGTTGCG,29,3931903
xdhAp1,2.0,46,15,CGCGGGAGGTCCGGTTGCAT,31,3941354
xdhAp1,2.875,60,15,CGCAAGCACGGCAGGGCCTA,45,3929438
xdhAp1,1.625,40,15,CGATGGCCGGGGTGTCGCAA,25,3941834
xdhAp1,1.9375,45,15,CGACTCCTCAGTAGTTGATG,30,3975726
xdhAp1,1.1875,33,15,CGACAGATGCGCATTATGCA,18,3930426
xdhAp1,1.0,30,15,CCTTCAAGGCGCCGGCAGTT,15,3941984
xdhAp1,0.8125,27,15,CCTGTGTTCCATACAAGAAG,12,3977760
xdhAp1,1.3125,35,15,CCTGTAATAAACCACAACAC,20,3971403
xdhAp1,0.5,22,15,CCGGAAACCACAGCCGGCTT,7,3976037
xdhAp1,0.125,16,15,CCGACCACCTACGGCGAGAT,1,3978741
xdhAp1,0.6875,25,15,CCCGACAATCTGTTACATAA,10,3951690
xdhAp1,1.75,42,15,CCCCACGAAGGGCTTCGGTA,27,3949654
xdhAp1,0.125,16,15,CCACTGTACAAATATACAAA,1,3963581
xdhAp1,2.75,58,15,CCACATCAGCCACCATTCCT,43,3966809
xdhAp1,1.5625,39,15,CACGGGCCTAACAGGGAGTT,24,3956110
xdhAp1,1.5,38,15,CAATCGTAAGTATATCCCAG,23,3938657
xdhAp1,0.125,16,15,CAACATGCGAGTTGCCGCAG,1,3943666
xdhAp1,1.6875,41,15,CAAACGTAGCACACTCGCAT,26,3947348
xdhAp1,1.875,44,15,ATTGTATCGGTACAAACTGT,29,3970256
xdhAp1,0.625,24,15,ATTGTAGAATATCTGCCTTT,9,3975187
xdhAp1,2.5625,55,15,ATGTAGGGGTTGTGCCGCTA,40,3958174
xdhAp1,0.5,22,15,ATGCCTTGACTATACGTGGT,7,3932792
xdhAp1,2.375,52,15,ATCCGTGACCGTTCGGCTCG,37,3948444
xdhAp1,2.3125,51,15,AGTCCTGTCATACAGCCTCA,36,3949951
xdhAp1,0.875,28,15,AGCCTCAGGTATAGCTTTTC,13,3950323
xdhAp1,7.375,132,15,AGACTGGGTGCCCCGCAAGT,117,3953682
xdhAp1,1.75,42,15,ACGGTTGCGTTACCTGATGC,27,3958674
xdhAp1,1.125,32,15,ACACACCGTTGTAACACGGT,17,3972973
xdhAp1,1.5,38,15,AATAGTCGTCCGTCGTGTTG,23,3952030
xdhAp1,4.0625,79,15,AAGTACTGCCCCATTTCTAT,64,3954021
xdhAp1,2.1875,49,15,AAACGAGCATTCAGCGGCAA,34,3976824
xdhAp1,1.4666666666666666,35,14,TTTAGCAAGGATTCCCCCGA,21,3958842
xdhAp1,2.2666666666666666,47,14,TTGTTACGTTGCTGAAAATA,33,3942260
xdhAp1,1.7333333333333334,39,14,TTGTGAGTCAGCTTACAAAG,25,3946971
xdhAp1,3.933333333333333,72,14,TTGTATATAGATTAGCGCAT,58,3962819
xdhAp1,3.0,58,14,TTGGAAATTTTCGCTATTCG,44,3961583
xdhAp1,2.6666666666666665,53,14,TTCTTTGGTCGATAAGCAAT,39,3953681
xdhAp1,1.8,40,14,TTAATAGCAGGAGTCATAAT,26,3964729
xdhAp1,1.6,37,14,TTAAGTGCATAGAGAAGGCA,23,3944340
xdhAp1,1.6666666666666667,38,14,TGTCCGTGCCGACAGATACA,24,3969322
xdhAp1,2.066666666666667,44,14,TGGTCTACAGCTGAGTATAC,30,3944048
xdhAp1,0.8666666666666667,26,14,TGAGACGTACGGGACTGCGG,12,3979733
xdhAp1,2.533333333333333,51,14,TCTTATCGATCAACTACAAC,37,3962896
xdhAp1,2.2,46,14,TCTTAATTAGGTGTGGCTCG,32,3964808
xdhAp1,1.8666666666666667,41,14,TCTAAGCGAGATATCTAGTG,27,3978073
xdhAp1,1.0666666666666667,29,14,TCGAATTAAGCTATCTAAAT,15,3947878
xdhAp1,2.0,43,14,TCCTTTGAAGATTCATTTTA,29,3980832
xdhAp1,1.8666666666666667,41,14,TCAGGTAGCTATCGGCGCTG,27,3957517
xdhAp1,2.2,46,14,TCAGCCCATTATTGTTTATA,32,3958774
xdhAp1,1.4666666666666666,35,14,TATGAATTCTTTAGCATTAG,21,3938370
xdhAp1,1.6,37,14,TAGGACGCGAGCAAGCCTTA,23,3961784
xdhAp1,0.2,16,14,TAGCCATTCTTGACGTCTGA,2,3971534
xdhAp1,1.1333333333333333,30,14,TAAGATGCAGATTTGTCCAC,16,3973139
xdhAp1,1.4666666666666666,35,14,TAAACTACAAGTGCATTAAG,21,3968467
xdhAp1,1.8666666666666667,41,14,GTTTTAAAAAGCTACTTATC,27,3978709
xdhAp1,0.8666666666666667,26,14,GTTCCGGAGAAAAGTCGCGG,12,3930877
xdhAp1,3.8666666666666667,71,14,GTGGCATGGATTCATAATCA,57,3962850
xdhAp1,2.533333333333333,51,14,GTAAGCATGTTATTTGGTGT,37,3948708
xdhAp1,0.13333333333333333,15,14,GGTGAATGCAAGAGATTATC,1,3956917
xdhAp1,0.6666666666666666,23,14,GGCTGCCCGTGAACTCTCGA,9,3961570
xdhAp1,0.13333333333333333,15,14,GGCCTAACACCTGCTGCTAT,1,3958507
xdhAp1,0.13333333333333333,15,14,GGCCATGGGAGGTAAAGATA,1,3978096
xdhAp1,1.0,28,14,GGCATAAAATGGCGAATACA,14,3934228
xdhAp1,0.13333333333333333,15,14,GGACTCGAAGGGTATCGGTA,1,3950706
xdhAp1,0.7333333333333333,24,14,GCTCAACCGGTTCCCCTTCA,10,3949999
xdhAp1,1.6666666666666667,38,14,GCGAGAGCCTGGATAATCTC,24,3981076
xdhAp1,0.4,19,14,GATACTTAACCTGAACGCGT,5,3947180
xdhAp1,0.9333333333333333,27,14,GAGCGGGAAGCCTATGACAT,13,3975660
xdhAp1,0.13333333333333333,15,14,GACGTCAGACTAGGATTTCC,1,3938121
xdhAp1,2.933333333333333,57,14,GACGGCGCACGGCAGAAGAC,43,3975529
xdhAp1,0.13333333333333333,15,14,GAAACCTTGGCAGACGCACA,1,3941914
xdhAp1,0.4,19,14,CTTCTGGCGCGAATCGATAC,5,3953364
xdhAp1,1.2666666666666666,32,14,CTTCCGGCATGATGTGCTGT,18,3937569
xdhAp1,2.533333333333333,51,14,CTTATCGCGCTACCGAAAGT,37,3971585
xdhAp1,0.9333333333333333,27,14,CTGGTAGACGTGGCATATAT,13,3936517
xdhAp1,0.6666666666666666,23,14,CTCATCGTTGACCCTACAAT,9,3957757
xdhAp1,1.2666666666666666,32,14,CTAGTTAGGGTAGATTCCTA,18,3937565
xdhAp1,1.0666666666666667,29,14,CGTTGATACGCGGCAACCCA,15,3929910
xdhAp1,0.8,25,14,CGGTTATCGATTAAACAAAA,11,3957455
xdhAp1,1.5333333333333334,36,14,CGCAGATAGAACTATTGGGT,22,3958708
xdhAp1,0.2,16,14,CGATGATAGAAGACAACGTT,2,3980627
xdhAp1,0.5333333333333333,21,14,CGAGGAGAGAAGTTCAAAGA,7,3963184
xdhAp1,1.0666666666666667,29,14,CGACGATCTCGGGCAGCCTT,15,3956085
xdhAp1,2.066666666666667,44,14,CCTTGCGTAGAATTTGCTCA,30,3943578
xdhAp1,1.9333333333333333,42,14,CCGCTATTCGCACACTTTAA,28,3971020
xdhAp1,7.066666666666666,119,14,CCCTCCTTTGTTGACTGCCG,105,3936026
xdhAp1,0.13333333333333333,15,14,CATTCAACGCGGCGCTCCGG,1,3954685
xdhAp1,1.9333333333333333,42,14,CATCGATGGGGGCAACAACA,28,3943196
xdhAp1,1.2,31,14,CAAGCCAGGGCTCTCGAACC,17,3980139
xdhAp1,2.2,46,14,CAACGGATGGCCTCCAGTAG,32,3955812
xdhAp1,0.8,25,14,CAACCTCTGATGGAGGCCAG,11,3968189
xdhAp1,1.5333333333333334,36,14,CAACACAAGTTTAGTGCAAC,22,3948889
xdhAp1,1.2,31,14,CAAATTGGAATGAGGGTCCC,17,3956097
xdhAp1,3.7333333333333334,69,14,ATTTATTCAGTATGCCAACA,55,3963720
xdhAp1,1.2666666666666666,32,14,ATTCACATTGTGTTTCACCT,18,3954678
xdhAp1,0.9333333333333333,27,14,ATTAGGCGAGGGATGCATGC,13,3949120
xdhAp1,1.9333333333333333,42,14,ATCCATTTACCTCGCTTCCT,28,3951921
xdhAp1,1.0,28,14,ATAGCGGTTTGGAAAAACGG,14,3973062
xdhAp1,1.8,40,14,AGTTACTCTTGCTTTAAAAT,26,3948100
xdhAp1,0.13333333333333333,15,14,AGTCCTGCCGGTAACACCCT,1,3949700
xdhAp1,2.2,46,14,AGTACAGGGTGAGTGTGCGA,32,3957690
xdhAp1,2.2,46,14,AGGGGTATCCAAAGGGACTA,32,3962064
xdhAp1,2.1333333333333333,45,14,AGGGGGGCCGGGAGCCAGGG,31,3945054
xdhAp1,1.6,37,14,AGCCAGCGGCTAGGTACTGT,23,3951870
xdhAp1,0.13333333333333333,15,14,ACTGGTGTCGGTTCTCGCAA,1,3965241
xdhAp1,0.8,25,14,ACTGACTGGTGTGACAATTC,11,3968892
xdhAp1,0.9333333333333333,27,14,ACTGACCCAATGGACTGTCA,13,3980007
xdhAp1,0.3333333333333333,18,14,ACGTTTCAATGTCCAATGAT,4,3955941
xdhAp1,0.13333333333333333,15,14,ACGGAGAGACGCGGTTTTTG,1,3963987
xdhAp1,2.933333333333333,57,14,ACGACCCAGCAGATGGTATA,43,3956828
xdhAp1,2.7333333333333334,54,14,ACGAAGAAGGCGGTTGACAT,40,3972437
xdhAp1,0.13333333333333333,15,14,ACCTACTTTACATATTGGAG,1,3971304
xdhAp1,1.3333333333333333,33,14,ACCCTAGTTGCCCATTGTCG,19,3963711
xdhAp1,3.6,67,14,ACATATCATGGAGTTGCATT,53,3972633
xdhAp1,0.13333333333333333,15,14,AATGTACCACGCCGAGTCAA,1,3963909
xdhAp1,1.1333333333333333,30,14,AATCTCATTTAAAACGCCTC,16,3931922
xdhAp1,0.8,25,14,AATAAAGGCTTGCTTATTGA,11,3966416
xdhAp1,1.3333333333333333,33,14,AAGTTAGTATCGACGGGTGT,19,3937069
xdhAp1,2.066666666666667,44,14,AAGACTAACCTGCTTGGATC,30,3971712
xdhAp1,2.066666666666667,44,14,AACCTTAGGGTTGAATTACC,30,3950664
xdhAp1,1.4,34,14,AAAGAGTGAATCGGCCTTCA,20,3933883
xdhAp1,7.466666666666667,125,14,AAAATACGATCGTTAATAAG,111,3977190
xdhAp1,0.6428571428571429,21,13,TTTGCCTGTAGTTAACCCCC,8,3977944
xdhAp1,1.2142857142857142,29,13,TTGTAGATGTGGGACCAAGA,16,3973433
xdhAp1,0.14285714285714285,14,13,TTGGTACCTTCTTCACCATA,1,3930752
xdhAp1,1.2857142857142858,30,13,TTCTTCAAGCGTTACTCCGA,17,3933046
xdhAp1,1.2857142857142858,30,13,TTCAGCTGGATACTGTCTGT,17,3973260
xdhAp1,1.0,26,13,TTATGTCTGTCGGGGGTGAT,13,3963829
xdhAp1,2.7857142857142856,51,13,TTATGCTTCGAATCTTGGTG,38,3936052
xdhAp1,6.714285714285714,106,13,TTATATACGTGGCATAAGTA,93,3966052
xdhAp1,0.8571428571428571,24,13,TTAGAACTCCTCCTATACAA,11,3951039
xdhAp1,1.1428571428571428,28,13,TTAACGACCTTGGACGGCCG,15,3973015
xdhAp1,0.14285714285714285,14,13,TTAACATAAGGCCAGGAGAT,1,3963422
xdhAp1,1.1428571428571428,28,13,TGTTGGAACCAATTCGAGGT,15,3981380
xdhAp1,3.0714285714285716,55,13,TGGGTAAGCCAAGGGAGGGC,42,3942278
xdhAp1,3.5714285714285716,62,13,TGGCTGCTATTTAATCACAA,49,3958405
xdhAp1,0.5,19,13,TGGACGGTCCGAGAACTCAA,6,3936736
xdhAp1,2.9285714285714284,53,13,TGCGTGAAATGGTTTTCCGA,40,3941633
xdhAp1,1.8571428571428572,38,13,TGCATTGACCATATTGATGT,25,3981041
xdhAp1,0.14285714285714285,14,13,TGATCAGAGCGTAGTCGCTA,1,3972408
xdhAp1,5.214285714285714,85,13,TGATCACACCCCACCGTCGT,72,3969929
xdhAp1,0.14285714285714285,14,13,TCTAGACATAAGGCCTCATC,1,3950382
xdhAp1,0.14285714285714285,14,13,TCGTCGCGCACGCGATTTCT,1,3936933
xdhAp1,3.5,61,13,TCGATGTACGTCGTTCAAGA,48,3937485
xdhAp1,1.0714285714285714,27,13,TCGAAATTCTCATAGGATGT,14,3934444
xdhAp1,2.142857142857143,42,13,TCATTGACTTCGAAGAATGT,29,3968230
xdhAp1,0.9285714285714286,25,13,TCATGAAGCATTTGCGAGAA,12,3964820
xdhAp1,2.857142857142857,52,13,TCAATAAAGTGGGTTTGTTG,39,3955280
xdhAp1,3.142857142857143,56,13,TATCCTATTTGAGGTGATAT,43,3966637
xdhAp1,5.142857142857143,84,13,TAAGATTAAGAATAATCCTG,71,3929451
xdhAp1,1.2857142857142858,30,13,GTTGGAGGCGAATGAGACTG,17,3940633
xdhAp1,0.14285714285714285,14,13,GTTACTTGAACACGGGGCCG,1,3945451
xdhAp1,1.4285714285714286,32,13,GTGAGAACAAGGTCGCCACG,19,3930346
xdhAp1,1.3571428571428572,31,13,GGTGCACACTGCTAGTTATT,18,3956841
xdhAp1,1.7857142857142858,37,13,GGTCCCTGCCGGCCTAGAGC,24,3968382
xdhAp1,1.8571428571428572,38,13,GGTAGCGAGTAGCTGCGCCC,25,3980118
xdhAp1,1.4285714285714286,32,13,GGTAAGAAACATACAGTTCC,19,3937789
xdhAp1,1.5714285714285714,34,13,GGGGGAATTCTGCTGGTGGC,21,3963357
xdhAp1,1.2857142857142858,30,13,GGGGCCTGGTCCTCTGGCCT,17,3959969
xdhAp1,0.14285714285714285,14,13,GGCTGGCGAAGCGTTAGTCC,1,3955948
xdhAp1,2.4285714285714284,46,13,GGATTTAACTGTACATTCCT,33,3934383
xdhAp1,5.428571428571429,88,13,GCTTTTCAACTACTGGTGTA,75,3958026
xdhAp1,2.5714285714285716,48,13,GCTGTAAGTGTCAGGGCAAA,35,3934079
xdhAp1,1.2857142857142858,30,13,GCTGCTAAGTGAGGGTCGGT,17,3949926
xdhAp1,0.14285714285714285,14,13,GCTCGAAGACAAAGTGTGTT,1,3979217
xdhAp1,2.5,47,13,GCGGCCAGAGGTCTGGGACT,34,3929145
xdhAp1,1.8571428571428572,38,13,GCGGCAAGCGAAGGGCGGAG,25,3937588
xdhAp1,0.14285714285714285,14,13,GCGGAAGCTAGAGTTTCGCG,1,3964728
xdhAp1,0.14285714285714285,14,13,GCGCCCCGGGTCCCGTTATA,1,3929076
xdhAp1,1.6428571428571428,35,13,GCGATTTCGGTAGAGATATG,22,3949656
xdhAp1,0.14285714285714285,14,13,GCCGACGCTTCCACGACTGT,1,3959085
xdhAp1,3.0,54,13,GCAATGGGTTTTACCTCGAG,41,3937131
xdhAp1,4.357142857142857,73,13,GAGTATCATACGCATGTCTT,60,3951960
xdhAp1,2.0,40,13,GAGGGTGGGAACAAGAATCA,27,3977047
xdhAp1,2.2857142857142856,44,13,GAAGATCCAGTAAGAACACT,31,3979808
xdhAp1,0.14285714285714285,14,13,GAAAGCTGTTGAAACTTAAG,1,3957697
xdhAp1,2.0714285714285716,41,13,CTTGCGGGGGTTAGTAATGA,28,3955916
xdhAp1,1.9285714285714286,39,13,CTTGAAAGCTTCTCGATTCT,26,3944127
xdhAp1,2.857142857142857,52,13,CTTCCACAGAAGTGTCGCGT,39,3941935
xdhAp1,2.0,40,13,CTGCGCTATTCCGTGGGGGT,27,3944349
xdhAp1,1.5714285714285714,34,13,CTCACTGACCGGTTCGTAGA,21,3943316
xdhAp1,0.6428571428571429,21,13,CTCACAAAGGCGTTTAGTTC,8,3963494
xdhAp1,2.2857142857142856,44,13,CTAACATTCTACAGCGGAGC,31,3937680
xdhAp1,2.0,40,13,CGTGGTTGAGGGGTCGTTAA,27,3962867
xdhAp1,1.9285714285714286,39,13,CGGTTGTTTCGTGAGTGGCT,26,3931053
xdhAp1,2.142857142857143,42,13,CGGCTATTTCGTGCGCGCTT,29,3960691
xdhAp1,0.14285714285714285,14,13,CGGAGAGAACAACGTGGATC,1,3939534
xdhAp1,1.4285714285714286,32,13,CGCCGTCAATGACGCCGGAT,19,3969236
xdhAp1,0.14285714285714285,14,13,CGCCGTATTTTGTTCTTATT,1,3944299
xdhAp1,2.4285714285714284,46,13,CGACTACCTGTATCGAACGC,33,3930874
xdhAp1,0.7142857142857143,22,13,CCTTCCGTGCCGCTGCTTGC,9,3957597
xdhAp1,3.2857142857142856,58,13,CCGAATCTATCACTCCTTTG,45,3973791
xdhAp1,1.7142857142857142,36,13,CCCTACATTGACGTTCATAT,23,3970926
xdhAp1,0.14285714285714285,14,13,CCCAGAAGCCAGCTGATCAT,1,3931084
xdhAp1,1.4285714285714286,32,13,CCATGATTACCCCCTCCTAT,19,3966876
xdhAp1,2.2142857142857144,43,13,CCAGGCCCTCTTTAAATGTG,30,3934895
xdhAp1,0.14285714285714285,14,13,CATTGTATTTCGTCTATTGA,1,3933740
xdhAp1,2.2142857142857144,43,13,CACTACCGCAAGAAGGTTTA,30,3966124
xdhAp1,1.5714285714285714,34,13,CAATGTGCCCAGTTTTCCCA,21,3971258
xdhAp1,3.857142857142857,66,13,CAATGAGAGGGCGCCTCAAT,53,3935033
xdhAp1,1.0714285714285714,27,13,CAAGTACGCGGCCTGGGGCG,14,3969445
xdhAp1,0.14285714285714285,14,13,ATTTGGGGCCTCGCGTCTAG,1,3950768
xdhAp1,0.14285714285714285,14,13,ATGTGGCTGCACTCAGCGTC,1,3931161
xdhAp1,1.8571428571428572,38,13,ATGCGCACACTGCCCTGTAG,25,3933815
xdhAp1,2.0,40,13,ATGAGGTCGGGACTATGGAG,27,3964816
xdhAp1,1.7142857142857142,36,13,ATCCCGGTCCTCCGTAGAGT,23,3959745
xdhAp1,2.7857142857142856,51,13,ATACTTTATAGAATTGTTCT,38,3939122
xdhAp1,0.8571428571428571,24,13,ATACCTGCAGAAGTGGCAGG,11,3935111
xdhAp1,1.5,33,13,ATAATTATTTCGCATGTCTC,20,3968807
xdhAp1,1.5714285714285714,34,13,AGTTCTTGCGAAATTTCAAC,21,3966403
xdhAp1,1.1428571428571428,28,13,AGGTTAATGAAGAGTGCTTA,15,3971397
xdhAp1,1.3571428571428572,31,13,AGGTATTTTTTGACATTGAC,18,3973644
xdhAp1,1.8571428571428572,38,13,AGCTGAATCAGATACGAGAC,25,3953690
xdhAp1,0.14285714285714285,14,13,AGCGCCTGAGTTTAAGTGGA,1,3966539
xdhAp1,1.5,33,13,AGAGGCGGCTAAAGCACACC,20,3947082
xdhAp1,0.14285714285714285,14,13,ACTTGGCATTCATGCCGTGG,1,3931908
xdhAp1,3.2142857142857144,57,13,ACTCTGCCAAGAGTTAGTGA,44,3958759
xdhAp1,0.14285714285714285,14,13,ACGATTCCTTTTCCTTTCGT,1,3929806
xdhAp1,0.21428571428571427,15,13,ACCGCTGACCGCAGAAGTAG,2,3962961
xdhAp1,11.714285714285714,176,13,ACATGCGGGCTGACAACAAT,163,3966036
xdhAp1,3.4285714285714284,60,13,ACAGAGGCGAGTCCGTTATC,47,3943371
xdhAp1,0.9285714285714286,25,13,AAGTCCGTTTCTTTTTCTCT,12,3948451
xdhAp1,0.14285714285714285,14,13,AAGGTAATCGGGAAACTGCA,1,3946834
xdhAp1,1.1428571428571428,28,13,AAGGCCTTCTAGGGAGATTC,15,3976502
xdhAp1,1.9285714285714286,39,13,AAGGACTCCTTTTTCTTATA,26,3939112
xdhAp1,0.5714285714285714,20,13,AAGCGACCACTCGCGGGAGC,7,3941407
xdhAp1,0.14285714285714285,14,13,AAATATAGACCCGACGTGGC,1,3939817
xdhAp1,1.9285714285714286,39,13,AAAGCTAGCGGTGATCTCCT,26,3946797
xdhAp1,1.0,24,12,TTTCTGAAGTCCATCGGAAC,12,3946056
xdhAp1,1.5384615384615385,31,12,TTTCATATTTTCCCGTTACC,19,3969870
xdhAp1,3.3076923076923075,54,12,TTTAAATGTGTGACATAAAG,42,3961626
xdhAp1,2.230769230769231,40,12,TTGGTAATACCGGCTCCTGA,28,3962676
xdhAp1,2.076923076923077,38,12,TTGGCCTATGTGGTCCACCT,26,3933716
xdhAp1,0.15384615384615385,13,12,TTGCGCCGGTATCCTATGTT,1,3933105
xdhAp1,0.8461538461538461,22,12,TTCGTGGAGAGAGTGCGTAA,10,3978374
xdhAp1,3.4615384615384617,56,12,TTCGACAGAAGAGGGTTGAC,44,3949879
xdhAp1,1.5384615384615385,31,12,TTCCGAAAATTCGCGTTTTA,19,3938253
xdhAp1,1.3846153846153846,29,12,TTCAGCTCGGACCGCCCGCT,17,3944925
xdhAp1,2.0,37,12,TTACTTCTCTCTGCTCAAAG,25,3938680
xdhAp1,0.15384615384615385,13,12,TTAACCTGACCTATACGTAC,1,3952387
xdhAp1,0.23076923076923078,14,12,TTAACAGGACGTTCAACGTG,2,3940097
xdhAp1,0.15384615384615385,13,12,TGTTTGTGGTGGCCTTAAAG,1,3956303
xdhAp1,1.4615384615384615,30,12,TGTTTGAGGCCGATTTGTGA,18,3936127
xdhAp1,2.1538461538461537,39,12,TGTGGGCAGCGCGTAACCCT,27,3947362
xdhAp1,0.9230769230769231,23,12,TGGGTCAGGGCTAGATATCA,11,3962009
xdhAp1,2.076923076923077,38,12,TGCGGGTCATAGTCACCTAT,26,3954039
xdhAp1,4.6923076923076925,72,12,TGAGGCTGACTTCCGTATGA,60,3952207
xdhAp1,2.230769230769231,40,12,TGAGGCAAAAGCTAGTGCGT,28,3930398
xdhAp1,4.538461538461538,70,12,TGAGCATGACTGCTGCTTAT,58,3932430
xdhAp1,0.8461538461538461,22,12,TCGTGAGATACTCCACATAC,10,3957839
xdhAp1,2.230769230769231,40,12,TCGTCAGAACTCGGTCAAGA,28,3930215
xdhAp1,2.1538461538461537,39,12,TCGCAACACACGTTTGTTTT,27,3981507
xdhAp1,4.769230769230769,73,12,TCGACATCTCGGGCACTTTT,61,3953416
xdhAp1,1.3076923076923077,28,12,TCGAACACACGCCGGTCAAC,16,3962032
xdhAp1,0.15384615384615385,13,12,TCCGTCTGAAATAAGGCTCT,1,3965384
xdhAp1,2.769230769230769,47,12,TCCGCGTCACAATGTGCCAT,35,3962472
xdhAp1,1.2307692307692308,27,12,TCATCGAGGGCTATGGTCGT,15,3935001
xdhAp1,2.4615384615384617,43,12,TCACCGGTGTTTGAGTGCTT,31,3972465
xdhAp1,2.0,37,12,TATTTCTCCGTTAAGTGTGG,25,3972880
xdhAp1,3.4615384615384617,56,12,TATCAGCTGCCCGCCAACTA,44,3942616
xdhAp1,7.076923076923077,103,12,TATCAGACTGGCGCTTGAGA,91,3973275
xdhAp1,0.15384615384615385,13,12,TATATAATAACCGCTGAGTC,1,3971513
xdhAp1,1.6923076923076923,33,12,TAGAAATATGAAGTGCACGG,21,3948093
xdhAp1,1.7692307692307692,34,12,TACTCTTGGCCCGGAAGCGT,22,3933564
xdhAp1,2.769230769230769,47,12,TACGTCTGTTCGCGTATTGT,35,3959660
xdhAp1,1.4615384615384615,30,12,TACCGGTAAGCCGGATCATC,18,3970180
xdhAp1,2.3076923076923075,41,12,TAACGACTGCTAGTTGTGCC,29,3967354
xdhAp1,1.6923076923076923,33,12,GTTTGCTCATAAAGGTAATC,21,3977330
xdhAp1,4.615384615384615,71,12,GTTGGATTCGACCCGCTGAT,59,3939167
xdhAp1,4.153846153846154,65,12,GTGGAGCGGCGACCTAGCAA,53,3938916
xdhAp1,1.2307692307692308,27,12,GTCAACGTGTTGCCATATCC,15,3950262
xdhAp1,1.0,24,12,GGGGCTACGCCATTATGGGA,12,3966628
xdhAp1,2.4615384615384617,43,12,GGCTCTCTGCGTTAGAATAT,31,3929898
xdhAp1,2.076923076923077,38,12,GGCATGTTTCGTTCGTATGA,26,3966538
xdhAp1,0.15384615384615385,13,12,GCTTTTGATTTCTCTCTTAT,1,3955518
xdhAp1,1.6153846153846154,32,12,GCTCATGCAGTCAGTCCGAG,20,3959886
xdhAp1,0.15384615384615385,13,12,GCTAAGATATGATTACGTAT,1,3932349
xdhAp1,1.8461538461538463,35,12,GCGCGCAACCCATCACGGCC,23,3929912
xdhAp1,1.8461538461538463,35,12,GCCCGGGTTATGATTTCATG,23,3952885
xdhAp1,0.6923076923076923,20,12,GATTCGTTGCGTACATTACG,8,3935990
xdhAp1,5.076923076923077,77,12,GATGGCTCTGATGGGGCAGA,65,3954033
xdhAp1,1.8461538461538463,35,12,GATGACTGAGATGAGTACAT,23,3950777
xdhAp1,1.0769230769230769,25,12,GATCCGGCGCTTTCAGTTGC,13,3961592
xdhAp1,1.3076923076923077,28,12,GATATACCGGGGTACCAGCA,16,3937301
xdhAp1,3.6153846153846154,58,12,GAGCAATCGTAACCGGCTTT,46,3948829
xdhAp1,0.38461538461538464,16,12,GACCCGCTGTTCAGACAGAA,4,3938581
xdhAp1,2.3076923076923075,41,12,GAAAAGCGGAAGCCTCCGTT,29,3930213
xdhAp1,2.4615384615384617,43,12,CTTTCTGGGATACCACAAGT,31,3931322
xdhAp1,1.9230769230769231,36,12,CTTGGTTGACCCATCTATAT,24,3945572
xdhAp1,2.769230769230769,47,12,CTTCTGCTAATTGGCGCCCC,35,3937010
xdhAp1,1.7692307692307692,34,12,CTTCCCCGCTCTGTGACATA,22,3941365
xdhAp1,0.15384615384615385,13,12,CTGTGTCTGCCTATCGACGA,1,3933816
xdhAp1,1.6153846153846154,32,12,CTGGGCGGTCGTGCATAGGT,20,3975017
xdhAp1,1.6923076923076923,33,12,CTCTTGTTACGATATGTTTT,21,3935165
xdhAp1,1.8461538461538463,35,12,CTCTATCCATCGCACTGTGG,23,3951617
xdhAp1,1.7692307692307692,34,12,CTCGGGAATCAAGGCTGAGA,22,3974413
xdhAp1,0.15384615384615385,13,12,CTCCGTCCATTTAGTCTCAC,1,3935068
xdhAp1,0.5384615384615384,18,12,CTCATACACAAGTGCGGTGG,6,3940315
xdhAp1,1.4615384615384615,30,12,CTAAAAGGGCGCGGGGCAAT,18,3945420
xdhAp1,1.6923076923076923,33,12,CGCACTCTCTTTTGAGGCAG,21,3949334
xdhAp1,1.3846153846153846,29,12,CGATTAGTTATCAACTTCAA,17,3929618
xdhAp1,1.0769230769230769,25,12,CGAGCGGCGCGCTGTAGGGC,13,3934559
xdhAp1,2.4615384615384617,43,12,CGAGAGGGCAATCTGCCAAA,31,3945683
xdhAp1,0.15384615384615385,13,12,CGACCTTCGGATAGGTCCAT,1,3936476
xdhAp1,2.4615384615384617,43,12,CCTATGAATGGTTCGCCGCA,31,3961536
xdhAp1,3.076923076923077,51,12,CCGTTTTAAAATTTGAATCT,39,3980287
xdhAp1,0.15384615384615385,13,12,CCGGGAGCCGGTCGATCGCT,1,3944741
xdhAp1,1.0769230769230769,25,12,CCACAAACCGGTGAGTTTGA,13,3968579
xdhAp1,1.6153846153846154,32,12,CATCATTCTAGCATGACTGG,20,3930389
xdhAp1,3.6923076923076925,59,12,CATAAGCTTACAAGGCAAAA,47,3941446
xdhAp1,2.1538461538461537,39,12,CAGCGGCCTTCCATTCAAAG,27,3964259
xdhAp1,4.153846153846154,65,12,CACCTATTACGCGGTCTGGA,53,3936296
xdhAp1,0.15384615384615385,13,12,CAAGTGTCAACCGGCCTCGC,1,3977493
xdhAp1,2.076923076923077,38,12,CAAGCTAGGATACTTCTCAC,26,3978205
xdhAp1,1.3846153846153846,29,12,ATGCAGCTCGGACATTGTGG,17,3933770
xdhAp1,2.6153846153846154,45,12,ATCTCTGCAGCTTATCTCAC,33,3960446
xdhAp1,2.5384615384615383,44,12,ATCTCGCACTCAACTTCTGT,32,3954621
xdhAp1,3.1538461538461537,52,12,ATCTAACCAGTGTAACCTTG,40,3935348
xdhAp1,1.6923076923076923,33,12,ATCGACGATTTGCAAGCGTG,21,3967465
xdhAp1,1.5384615384615385,31,12,ATATGCGCACAGACGCGGAA,19,3955231
xdhAp1,1.8461538461538463,35,12,ATACGATAGGACCTGTATTA,23,3962536
xdhAp1,0.15384615384615385,13,12,ATAATATCCGGATATTTTGT,1,3947469
xdhAp1,1.6923076923076923,33,12,ATAACCCACGACTTCCTACC,21,3948489
xdhAp1,1.8461538461538463,35,12,AGTTTGTTCGGTGAAATTTA,23,3970823
xdhAp1,1.9230769230769231,36,12,AGGTTGGTGAAACTGCAAGT,24,3952649
xdhAp1,2.0,37,12,AGGAAAGGCCTGGTCAATCG,25,3956034
xdhAp1,0.15384615384615385,13,12,AGATTATCGGACCTCACACA,1,3972474
xdhAp1,2.769230769230769,47,12,ACTCTTAATTCCCGCTGCCC,35,3976221
xdhAp1,5.846153846153846,87,12,ACGGGCTCAAACGGTGCATC,75,3971789
xdhAp1,1.4615384615384615,30,12,ACAGAGGGCGTACGTGTCCT,18,3935701
xdhAp1,0.15384615384615385,13,12,AATGTAGGGGTATACAGACT,1,3981427
xdhAp1,1.3846153846153846,29,12,AATACGATCTCCCTGACTAC,17,3957960
xdhAp1,3.076923076923077,51,12,AAGCCCAAGGAGTGGCCGGG,39,3952687
xdhAp1,2.1538461538461537,39,12,AAGATCATTGGTGTGTTGCT,27,3947688
xdhAp1,0.15384615384615385,13,12,AACTATGTCAATGCTCAGTC,1,3941442
xdhAp1,3.0,50,12,AAAGTAGGGGGGTTTCACGT,38,3972119
xdhAp1,4.5,64,11,TTTGTGGCATGCTCCTTTAA,53,3964958
xdhAp1,1.5,28,11,TTGTTTACATAAAGCGTAGA,17,3967849
xdhAp1,2.6666666666666665,42,11,TTGTTGTTCGAAGGAGGCAG,31,3934742
xdhAp1,3.3333333333333335,50,11,TTGACACGTACCCCCGGTGC,39,3953102
xdhAp1,0.75,19,11,TTCAGTGGACCCGCTTTAAC,8,3963577
xdhAp1,2.6666666666666665,42,11,TGTTGTAAGCTTTACTACCA,31,3956605
xdhAp1,0.3333333333333333,14,11,TGTTGCGACCAACACGGTAT,3,3955478
xdhAp1,2.25,37,11,TGTAAGGTTACCGGGTAAGA,26,3939820
xdhAp1,1.3333333333333333,26,11,TGGCGGACATTGAAACGGTG,15,3943867
xdhAp1,2.0,34,11,TGCTGAGGCTCAATACTAGA,23,3931507
xdhAp1,1.75,31,11,TGCCTCCCTAAGACGTCTTG,20,3943825
xdhAp1,0.3333333333333333,14,11,TGATCTGAGTATCAGAACGG,3,3948404
xdhAp1,0.16666666666666666,12,11,TGATATGAAATCGGGTTACG,1,3945265
xdhAp1,3.75,55,11,TGATATCGTTGGGGCCATTT,44,3976004
xdhAp1,1.4166666666666667,27,11,TGAGGTGCGTCAATCATGAT,16,3972083
xdhAp1,1.3333333333333333,26,11,TGAATCTTTCGATATGTATG,15,3977883
xdhAp1,0.16666666666666666,12,11,TCTTGGGACATTACACGGCA,1,3948266
xdhAp1,1.0,22,11,TCTGTGTGGCCACTGATGGT,11,3936796
xdhAp1,2.75,43,11,TCTGACCGGGGAAGGAACCC,32,3946145
xdhAp1,0.4166666666666667,15,11,TCGTTAACCACCGCAGACAT,4,3974750
xdhAp1,0.5,16,11,TCGTACCAAGAGCTCACGAT,5,3953424
xdhAp1,0.9166666666666666,21,11,TCGCCTGAGGGTCCCATTAG,10,3944338
xdhAp1,6.166666666666667,84,11,TCGCCTCAATCCACATACAA,73,3952894
xdhAp1,2.4166666666666665,39,11,TCGCCCACATAAGTTCGGTT,28,3929847
xdhAp1,2.3333333333333335,38,11,TCATCCGTCCACCGCATCAA,27,3946389
xdhAp1,1.75,31,11,TCAGGGCATTCTGAGCAAAC,20,3947550
xdhAp1,1.9166666666666667,33,11,TATCAAGACAATCTCCCATT,22,3971293
xdhAp1,1.4166666666666667,27,11,TAACGACCCCCGTTATCCGA,16,3945845
xdhAp1,2.4166666666666665,39,11,GTTTCTATCGTCCCGGGCAT,28,3940871
xdhAp1,2.25,37,11,GTTCGACGCTTCAATCGATG,26,3948336
xdhAp1,1.4166666666666667,27,11,GTCGCCCAGCTTCGAAAATG,16,3945576
xdhAp1,2.4166666666666665,39,11,GTCAGCTCCAGTGAAGAGGA,28,3972330
xdhAp1,2.4166666666666665,39,11,GTAGTCTGGAGTTACGACAT,28,3957656
xdhAp1,1.3333333333333333,26,11,GTAAGCGTTGTTGGGGGCTG,15,3960177
xdhAp1,1.75,31,11,GGGCTGGTGTCGTTAATATG,20,3955763
xdhAp1,1.4166666666666667,27,11,GGGCGAGGACGTTGCCGCGA,16,3933986
xdhAp1,3.1666666666666665,48,11,GGGATAGGTACGGCATGTAG,37,3972192
xdhAp1,1.3333333333333333,26,11,GGCTAAAGTAACAATTTAGT,15,3930916
xdhAp1,2.9166666666666665,45,11,GGAACAGTCCTTCGGACACA,34,3949840
xdhAp1,3.5,52,11,GCTTTGCACAGGCCGGTCAC,41,3959844
xdhAp1,0.16666666666666666,12,11,GCTCTCTGATTCATCAAAGT,1,3929986
xdhAp1,2.1666666666666665,36,11,GCGCAATCCGACTCCGGGAT,25,3940707
xdhAp1,0.16666666666666666,12,11,GCCACAATGGAAAGCTACGT,1,3932604
xdhAp1,0.5,16,11,GCATGCTGAGGACGGCAGAA,5,3969499
xdhAp1,1.4166666666666667,27,11,GCAGTAGAGCTAGGCGCCGT,16,3930322
xdhAp1,2.0,34,11,GATGTGCCTTCTCCGTCAAC,23,3966037
xdhAp1,2.5,40,11,GACCTAAACGCCCTATCTCC,29,3952658
xdhAp1,0.16666666666666666,12,11,GACCCGATGCGTGGTTAACA,1,3944477
xdhAp1,1.8333333333333333,32,11,GAAGGCCCGGAATCCACATA,21,3957895
xdhAp1,1.5,28,11,CTGTGCTTCCTAAATAGCAA,17,3967685
xdhAp1,4.166666666666667,60,11,CTGAGGGACCGCCATTTAAT,49,3940175
xdhAp1,3.3333333333333335,50,11,CTCTCTCCTTTTTAGCTGTT,39,3959970
xdhAp1,1.0833333333333333,23,11,CTCAAGTGCACCGGTCTGTA,12,3947005
xdhAp1,2.5,40,11,CGGGTTCACGAGGACCCGAT,29,3943379
xdhAp1,2.5,40,11,CGGCCTCCCGGCAAGCAATA,29,3950758
xdhAp1,2.0833333333333335,35,11,CGGCAGGATTTGCGGTTACT,24,3963602
xdhAp1,2.6666666666666665,42,11,CCGGAGGTAGTGGGAACGTC,31,3929648
xdhAp1,0.16666666666666666,12,11,CCGCCCCCTGACTAAGAATC,1,3953290
xdhAp1,1.5833333333333333,29,11,CCCCGAGATCCTAGACCTGT,18,3960941
xdhAp1,0.16666666666666666,12,11,CCATTGGCAACGCGACCAGG,1,3956374
xdhAp1,1.75,31,11,CATAATACAAAGGGTCCCAT,20,3944166
xdhAp1,1.6666666666666667,30,11,CAGGCTGAGGTATCATTCCG,19,3952171
xdhAp1,2.5,40,11,CAGCATTCTACCGCCGGGGA,29,3958043
xdhAp1,0.75,19,11,CACGTTATGGCAGGTTTAAA,8,3979985
xdhAp1,4.833333333333333,68,11,CAACGGCCCCGTATCCCCAT,57,3962466
xdhAp1,1.8333333333333333,32,11,CAAACAGTCTCGCGGGATGT,21,3968888
xdhAp1,1.6666666666666667,30,11,ATTTTTAGTCTTTTATGATT,19,3954675
xdhAp1,2.25,37,11,ATTGTGATCGGGAAGGGATA,26,3981472
xdhAp1,1.75,31,11,ATTGCGTTTTTAAAACAGTT,20,3964374
xdhAp1,2.3333333333333335,38,11,ATTGCCGTGTCGGAGCGTCA,27,3971363
xdhAp1,3.0833333333333335,47,11,ATTACGTAGCAGAGCTGTAG,36,3953360
xdhAp1,6.25,85,11,ATCTTAATCTCTCCTGACTA,74,3934782
xdhAp1,2.0833333333333335,35,11,ATCGGTAACAATTAAGGGCA,24,3978540
xdhAp1,2.0,34,11,ATCCCGCTCACCAGCGCTTA,23,3977131
xdhAp1,1.6666666666666667,30,11,ATATACAGACCTCCAGATAT,19,3934995
xdhAp1,1.8333333333333333,32,11,AGTTCGCGGAAAGAGGTACG,21,3965305
xdhAp1,2.5,40,11,AGTGCCGTAGTCTGGACACA,29,3976521
xdhAp1,2.6666666666666665,42,11,AGTAGGGGTTGTAGGCGGGG,31,3941745
xdhAp1,5.5,76,11,AGGGCGGCAACATGGGCGAC,65,3955402
xdhAp1,1.1666666666666667,24,11,AGGCGGAATGCCGGTTTGGG,13,3977255
xdhAp1,0.8333333333333334,20,11,AGCCCGTATTCTTATTGTCG,9,3930211
xdhAp1,1.0833333333333333,23,11,AGAACGGAATACCCAATCCA,12,3942558
xdhAp1,1.6666666666666667,30,11,ACTTGGTCCCTATGTATTTG,19,3975041
xdhAp1,1.75,31,11,ACTGACCGCGTTGGAGTCCG,20,3934190
xdhAp1,2.1666666666666665,36,11,ACGTGCAATGGTTACTATTG,25,3969922
xdhAp1,2.6666666666666665,42,11,ACGCGGAGCTTACATCATAA,31,3943142
xdhAp1,0.16666666666666666,12,11,ACGAGGCAGGAATGAGATAC,1,3932320
xdhAp1,3.1666666666666665,48,11,ACAGAAGTGTTATATTAACA,37,3936234
xdhAp1,0.16666666666666666,12,11,ACACAGTGTCACCAGTGCTT,1,3930385
xdhAp1,1.8333333333333333,32,11,ACAACTAGGGCGGAATTTGC,21,3951633
xdhAp1,1.25,25,11,AAGTTCCTTTATAGCCTCCT,14,3937424
xdhAp1,2.9166666666666665,45,11,AAGCGAGCAATTACGCCATT,34,3948726
xdhAp1,0.16666666666666666,12,11,AAGAGGGGCCTATGACAAAC,1,3956027
xdhAp1,1.1666666666666667,24,11,AACGGCAATGATATGTGTGG,13,3966474
xdhAp1,1.3333333333333333,26,11,AACGGAGCGGCCATGCATGG,15,3979694
xdhAp1,1.9166666666666667,33,11,AACAACTAGCACGCTGGGAT,22,3935215
xdhAp1,2.0833333333333335,35,11,AAATGCTAGTGGGAGATGGT,24,3971932
xdhAp1,2.1818181818181817,33,10,TTTTGTTACGACAACATTGT,23,3980918
xdhAp1,1.0909090909090908,21,10,TTTCCTTAAGTAACCGTACA,11,3962213
xdhAp1,3.272727272727273,45,10,TTGGTATTCCGCACGGTTGT,35,3947681
xdhAp1,2.0,31,10,TTGCGGGAGGTTTAGGGATC,21,3945339
xdhAp1,6.636363636363637,82,10,TTCGGCTGCGGGTTGTCTAT,72,3950793
xdhAp1,2.727272727272727,39,10,TTATCTTAGACCGTGCCCAG,29,3965640
xdhAp1,0.18181818181818182,11,10,TTAGATTAACGTGTGGACAC,1,3929724
xdhAp1,0.18181818181818182,11,10,TGTTCGTATGACCGTCAGGT,1,3971527
xdhAp1,3.090909090909091,43,10,TGTACGTGGGTTCTTAATGC,33,3967812
xdhAp1,0.2727272727272727,12,10,TGGTCAGCAGGCGGACAGGA,2,3964821
xdhAp1,1.4545454545454546,25,10,TGGGTTAAGGCGTCCGACCT,15,3943759
xdhAp1,1.9090909090909092,30,10,TGGCCAAGATAACCCAGGAA,20,3952561
xdhAp1,0.18181818181818182,11,10,TGAGCCAATCCGTACCGGCA,1,3967667
xdhAp1,0.18181818181818182,11,10,TGAGCATTTAGTTAATGCTT,1,3934894
xdhAp1,12.636363636363637,148,10,TCTAATATACGGGGGTTGGC,138,3934302
xdhAp1,0.18181818181818182,11,10,TCGTGGCCGTGATATGGTTT,1,3943499
xdhAp1,3.1818181818181817,44,10,TCGTCATGCGAGGGTCCGAT,34,3950962
xdhAp1,0.36363636363636365,13,10,TCGGGCGGTGTTCTCGGTAG,3,3935688
xdhAp1,0.18181818181818182,11,10,TCGCCCGACTTTTGATGAAC,1,3972112
xdhAp1,2.909090909090909,41,10,TCGCATAATACAGACTATAC,31,3938126
xdhAp1,2.4545454545454546,36,10,TCCGTTTCGATTGAAACAGT,26,3955851
xdhAp1,0.5454545454545454,15,10,TCCGTGTAGTGCTGGGACAC,5,3938805
xdhAp1,4.545454545454546,59,10,TCATCAATGTGAACGATTGT,49,3936821
xdhAp1,2.4545454545454546,36,10,TCAGTAAGTTAAAGAAGACC,26,3951810
xdhAp1,2.3636363636363638,35,10,TCAGGTTGTACTGGTATTTT,25,3957703
xdhAp1,2.909090909090909,41,10,TCACGGGTTGGATCGATTCG,31,3935939
xdhAp1,0.18181818181818182,11,10,TATTGCAACATAGTGCCCTT,1,3958975
xdhAp1,2.8181818181818183,40,10,TATACCAACGTCTTGCCTCC,30,3930156
xdhAp1,2.1818181818181817,33,10,TATAATTGCCAAGGAAGTCA,23,3960013
xdhAp1,0.18181818181818182,11,10,TATAACAGGAACCAGGGATT,1,3978974
xdhAp1,2.1818181818181817,33,10,TAGGGTGCTTCTCGGGGCTC,23,3970955
xdhAp1,0.8181818181818182,18,10,TAGGGAGAGAGCGGTTCGAA,8,3953431
xdhAp1,1.4545454545454546,25,10,TAGGCTGAAGCAAAAAAGCC,15,3980141
xdhAp1,4.363636363636363,57,10,TAGAGTGGACATACGGGTTA,47,3932876
xdhAp1,3.0,42,10,TACAGATAAAGATTAGGTGA,32,3981238
xdhAp1,0.18181818181818182,11,10,TAATCGCCCAGATAGCACAT,1,3959694
xdhAp1,1.8181818181818181,29,10,GTTTCACATCGGAGCATCAC,19,3929090
xdhAp1,0.18181818181818182,11,10,GTTATGGGATTCCCTACTAA,1,3937629
xdhAp1,0.18181818181818182,11,10,GTGTTGCACTCGGTAACTTC,1,3944277
xdhAp1,1.9090909090909092,30,10,GTCTCAATGGTATGTCCAAG,20,3956048
xdhAp1,3.0,42,10,GTCACTGTTCTGCGAAGTCA,32,3949833
xdhAp1,2.272727272727273,34,10,GTATGCGAGGCTCCTACTTA,24,3938502
xdhAp1,1.0,20,10,GTATCGGTGAAAGGGGTGAT,10,3946147
xdhAp1,1.9090909090909092,30,10,GTATAAAAGGCATAATATAA,20,3935863
xdhAp1,1.5454545454545454,26,10,GTAGTCATTAGGGGATGTTT,16,3968958
xdhAp1,3.727272727272727,50,10,GGGTCACCAGGAGCGCTAAT,40,3961689
xdhAp1,1.6363636363636365,27,10,GGGGTGTGTGTACTCTCAAC,17,3956683
xdhAp1,0.18181818181818182,11,10,GGGGCACCCCATACACGCAG,1,3978263
xdhAp1,0.18181818181818182,11,10,GGCTTAAAGCCTTACTACTA,1,3964303
xdhAp1,1.2727272727272727,23,10,GGCTGCAAGCAAGCCCATTC,13,3957353
xdhAp1,1.9090909090909092,30,10,GGCTCAGGCTGGCTCACACC,20,3953783
xdhAp1,2.0,31,10,GGCGCTCCCTATGGTCGTTG,21,3929126
xdhAp1,0.18181818181818182,11,10,GGCCATCAGATAAATAGAAA,1,3929169
xdhAp1,0.18181818181818182,11,10,GGCATTACATTATGTCGGAA,1,3981446
xdhAp1,2.727272727272727,39,10,GGACATCGGGGCCTCGAATT,29,3962810
xdhAp1,2.0,31,10,GCTTTGGGTGCGCCACTTCA,21,3933019
xdhAp1,0.18181818181818182,11,10,GCGCACTGGTCCTGTCCCTA,1,3942075
xdhAp1,3.090909090909091,43,10,GCCGGTGGGCTATGAGCAGA,33,3952501
xdhAp1,1.1818181818181819,22,10,GCCCGAGAGATGCGGGAGGA,12,3974395
xdhAp1,0.18181818181818182,11,10,GCACTTTAATGCTGGAAATA,1,3969470
xdhAp1,0.18181818181818182,11,10,GCACGGTCAATCATGATTGA,1,3945564
xdhAp1,0.18181818181818182,11,10,GATCGACCTGAGATACGGGT,1,3935760
xdhAp1,1.1818181818181819,22,10,GAGTCACTTCGTCAATTTAT,12,3970619
xdhAp1,2.090909090909091,32,10,GAGCCCAAAAGGGAGTTATG,22,3981289
xdhAp1,3.8181818181818183,51,10,GAGATGCAAGGAGCAAGCGT,41,3974496
xdhAp1,1.3636363636363635,24,10,GACGGCATGCGGAATCCAGT,14,3948277
xdhAp1,2.909090909090909,41,10,GACGCAACCATGTTCGCCAA,31,3951432
xdhAp1,1.5454545454545454,26,10,GACAGATTAGCTACCTAAGT,16,3948898
xdhAp1,1.8181818181818181,29,10,GAACGGGATGCGTAAGGGAC,19,3968207
xdhAp1,2.8181818181818183,40,10,CTTTTGGTCATCGGCTAAAT,30,3953259
xdhAp1,5.0,64,10,CTTGACTTTTGAGGTTAGAC,54,3935534
xdhAp1,1.0,20,10,CTTATGTCCCCCTGTCAGAT,10,3954511
xdhAp1,2.090909090909091,32,10,CTCTCGCCAAAACTGCAGGA,22,3969775
xdhAp1,2.727272727272727,39,10,CTCACCCGGAGTATGCGTTT,29,3973908
xdhAp1,0.5454545454545454,15,10,CTACATTTGGCCGATTTAAC,5,3929821
xdhAp1,3.6363636363636362,49,10,CTAAGGTCAGGAGGTGCCGG,39,3944455
xdhAp1,4.818181818181818,62,10,CTAACTGTTAGAGATAAATC,52,3937393
xdhAp1,1.2727272727272727,23,10,CTAAACGAAGAATTAATCCA,13,3955102
xdhAp1,0.18181818181818182,11,10,CGGTGATGGCCATTAGACAC,1,3975824
xdhAp1,3.6363636363636362,49,10,CGGTCCCTGCATAGGCCGGA,39,3951474
xdhAp1,1.3636363636363635,24,10,CGGGACGCACAAGGCACGGT,14,3967633
xdhAp1,2.909090909090909,41,10,CGCTGGCATAAAATTGGGAC,31,3962563
xdhAp1,0.18181818181818182,11,10,CGCGCTCGTTCTACAACCTT,1,3972541
xdhAp1,0.8181818181818182,18,10,CGCCAACTTAATGTCAGGTG,8,3961884
xdhAp1,0.8181818181818182,18,10,CGAGGTTTCTCCCCAGCAGC,8,3940580
xdhAp1,1.1818181818181819,22,10,CCTGACTCCTCAGCATCGAG,12,3947661
xdhAp1,1.3636363636363635,24,10,CCTCAAGATGCCTCGCGTCT,14,3974916
xdhAp1,2.272727272727273,34,10,CCGTAAATCATCAAGCGCAG,24,3941724
xdhAp1,2.8181818181818183,40,10,CCGCAGTGATCGGGTGCGGA,30,3957075
xdhAp1,1.2727272727272727,23,10,CCGAATACGGGTGACGCAGT,13,3968561
xdhAp1,2.272727272727273,34,10,CCCTCGTAAAGAGTGTGTAT,24,3958019
xdhAp1,2.090909090909091,32,10,CCCGAGACACAATGAGGGTA,22,3930898
xdhAp1,2.272727272727273,34,10,CCCCTCTCACTATCGGTTGT,24,3961813
xdhAp1,1.5454545454545454,26,10,CCATAGGAAAAGTTACAGCG,16,3975949
xdhAp1,2.727272727272727,39,10,CCAGTGAATTACACAGCGGT,29,3977392
xdhAp1,0.18181818181818182,11,10,CCACCCGCGGAGAGGAATTA,1,3934227
xdhAp1,0.7272727272727273,17,10,CCACAAGCGCGCTACCGAAG,7,3978160
xdhAp1,1.0909090909090908,21,10,CATGCTAGTGGTCCTAAGAA,11,3981393
xdhAp1,3.3636363636363638,46,10,CATGAGTGAAGCGTAACCAG,36,3981216
xdhAp1,0.36363636363636365,13,10,CATCGGCAGCGGGTTCCATC,3,3930293
xdhAp1,1.4545454545454546,25,10,CATCAGCTGAGGACCGCAAC,15,3946548
xdhAp1,2.4545454545454546,36,10,CATAACCGGTCAGACTGGTC,26,3930209
xdhAp1,1.5454545454545454,26,10,CAGCGGGATTATTGGGTTTT,16,3929294
xdhAp1,2.727272727272727,39,10,CAGCGGGATATCAGCCTGTT,29,3971238
xdhAp1,0.18181818181818182,11,10,CACTAGCCAATGGATCGACT,1,3954837
xdhAp1,0.9090909090909091,19,10,CAATGTCCTTTTGTGTAACC,9,3966706
xdhAp1,2.909090909090909,41,10,CAAATTACGATACGAGGACA,31,3942740
xdhAp1,1.6363636363636365,27,10,CAAATGTATGTAATACCGGT,17,3937974
xdhAp1,2.1818181818181817,33,10,ATTGAAATGATCCCGGTGAC,23,3935752
xdhAp1,2.3636363636363638,35,10,ATGGTTTAGTTTATGGCAGG,25,3951873
xdhAp1,0.9090909090909091,19,10,ATGCCTGCACGGTCGAATAC,9,3967896
xdhAp1,2.272727272727273,34,10,ATGCCTGCAAAGCGTTTCCT,24,3966217
xdhAp1,3.4545454545454546,47,10,ATCGGTGATTATACACTCTA,37,3946942
xdhAp1,3.272727272727273,45,10,ATCATCTAGGAAGTGGCTGA,35,3948462
xdhAp1,2.6363636363636362,38,10,ATATTGCTTAGTACGAGGTA,28,3930884
xdhAp1,3.1818181818181817,44,10,ATAGACAAACTTAAGCGTAT,34,3960739
xdhAp1,0.18181818181818182,11,10,ATACGACGTAGGGACTGCTA,1,3935112
xdhAp1,2.727272727272727,39,10,AGTCCTAGATCTCATGTAAC,29,3935187
xdhAp1,2.3636363636363638,35,10,AGGGTCGTCGGCCTCCCGGT,25,3976179
xdhAp1,3.727272727272727,50,10,AGCTCACGAACCACGATAAC,40,3977861
xdhAp1,2.4545454545454546,36,10,AGCTATTGGTGCTATGAGAA,26,3948369
xdhAp1,0.18181818181818182,11,10,AGATCATGTTATGGGCCTGG,1,3974879
xdhAp1,0.18181818181818182,11,10,ACTTATACTCCCCAGAATTG,1,3944028
xdhAp1,5.545454545454546,70,10,ACTGCACTGAATAGTGGCAA,60,3968857
xdhAp1,2.090909090909091,32,10,ACCGTATACTACGGGGACCC,22,3946843
xdhAp1,1.6363636363636365,27,10,AATGGCAAAATTGTTACCAT,17,3948394
xdhAp1,1.4545454545454546,25,10,AATCTGGGAGTTCCGATCCA,15,3954976
xdhAp1,3.0,42,10,AATATGCGAATAACAACATG,32,3956521
xdhAp1,3.6363636363636362,49,10,AAGTCGTGTTAGTCATGACT,39,3934092
xdhAp1,0.18181818181818182,11,10,AAGGGAGCCACGCCCATCAG,1,3945437
xdhAp1,0.7272727272727273,17,10,AAGCAATACTGTAGCCTCAA,7,3975122
xdhAp1,1.0,20,10,AACTTTTTGTGGTCTGTTAG,10,3955406
xdhAp1,1.7272727272727273,28,10,AACGAAGTTCGTGACTACAC,18,3972943
xdhAp1,1.0,20,10,AACCCCGAGAACTAGGCTGT,10,3931926
xdhAp1,2.727272727272727,39,10,AAAATTCAGAGTAACTGGCT,29,3941810
xdhAp1,2.1818181818181817,33,10,AAAAGGTCATGTCAAGCCCA,23,3946605
xdhAp1,2.1818181818181817,33,10,AAAAAGATCGCTACCTGACC,23,3944192
xdhAp1,1.9,27,9,TTTTGCTAGTTTCGGCTCAT,18,3943516
xdhAp1,1.0,18,9,TTTATTTACTAAAATCGACT,9,3936339
xdhAp1,2.1,29,9,TTGGGTGTCCGCTCGCGGCA,20,3940820
xdhAp1,0.8,16,9,TTGCGTCGCAGCGGCCACTT,7,3940825
xdhAp1,2.6,34,9,TTCTAGTTAGACCGGCTACC,25,3975829
xdhAp1,2.1,29,9,TTCTAGAGATGTCCCGATAG,20,3943619
xdhAp1,1.1,19,9,TTCAAAAGTTCGAGTTTCGT,10,3932596
xdhAp1,1.7,25,9,TTAGGTACACCTCTGAAATG,16,3932796
xdhAp1,1.5,23,9,TTACCCGTCATTAGCTAATA,14,3964204
xdhAp1,3.0,38,9,TGTCTATCTTACAACGCCGC,29,3964446
xdhAp1,2.2,30,9,TGTACCCATAGACGAAGGTA,21,3973121
xdhAp1,0.2,10,9,TGGTCCAATCGGCCTGGTCA,1,3947959
xdhAp1,0.2,10,9,TGGGTGGACTATACCCAGTT,1,3951604
xdhAp1,0.9,17,9,TGCTGTTAGGGCGTCCATAT,8,3934274
xdhAp1,0.2,10,9,TGCTCAAATTGCTGTGGTCA,1,3930783
xdhAp1,2.5,33,9,TGATCCCTGGGCTCTGCTCA,24,3952862
xdhAp1,2.8,36,9,TGATACCTAACGCCTCAATA,27,3934311
xdhAp1,2.8,36,9,TGACTGCCCGCCCTTGCCTC,27,3970167
xdhAp1,2.7,35,9,TGACGAGGGTAATGAAACGC,26,3939638
xdhAp1,3.3,41,9,TCTGCCCAGCACCGGTCAAT,32,3951038
xdhAp1,3.2,40,9,TCTCTAGATCTTGCCCACCT,31,3946500
xdhAp1,10.2,110,9,TCTATGGCACCGCCTCACGG,101,3970380
xdhAp1,2.1,29,9,TCGGGACTAGCGTGTCCCTT,20,3966517
xdhAp1,0.2,10,9,TCGCGGCGTTCTTCGGGAAT,1,3936061
xdhAp1,3.2,40,9,TCGATATTCTTCTGAACGCA,31,3960727
xdhAp1,1.1,19,9,TCGACATGTGTGTGCAGTTA,10,3950744
xdhAp1,1.9,27,9,TCCCTGTGTAAGAGTCTCTT,18,3959543
xdhAp1,1.7,25,9,TCCCGAGCTCCTGACATTCA,16,3950806
xdhAp1,1.9,27,9,TCCAAGGAGAGCGTTGCGTA,18,3979130
xdhAp1,1.4,22,9,TCATGAATGGTGAGCCATCG,13,3932295
xdhAp1,0.9,17,9,TCATCTCAAGAGGGGCGGTT,8,3965867
xdhAp1,0.2,10,9,TCATATTGCCACCGCTGGAC,1,3935682
xdhAp1,0.3,11,9,TCAGCCCGCTAACATGTTGA,2,3944720
xdhAp1,2.3,31,9,TACGTATTCACCTGCGGTGC,22,3963312
xdhAp1,2.7,35,9,TACCCCCCGTTGGGCGCACA,26,3967155
xdhAp1,2.6,34,9,TACAACGGGTGTCTACTTTG,25,3967888
xdhAp1,1.9,27,9,TAACCTCCACCCAACCTCTT,18,3962457
xdhAp1,1.3,21,9,GTTGGATCTGGGTGCACGGG,12,3964874
xdhAp1,4.2,50,9,GTTGCCAAAGAGTATGTGGT,41,3980455
xdhAp1,1.4,22,9,GTTCCCTGGGCAGAAAATTC,13,3943413
xdhAp1,5.2,60,9,GTGAGTTATCGACATGGGTT,51,3962895
xdhAp1,2.5,33,9,GTCTAAGACTGTGTTGGTCC,24,3962969
xdhAp1,0.2,10,9,GTCGTTGATTTTCTGAGATG,1,3960899
xdhAp1,2.6,34,9,GTAGTGAGCTGAGGCGCCCT,25,3948743
xdhAp1,0.5,13,9,GTAGATGTTGGGAATAGTTC,4,3966460
xdhAp1,4.7,55,9,GTACGCACGGGCTCGAAGTT,46,3951677
xdhAp1,3.2,40,9,GGTGTACGACAGGAAGTAGG,31,3950035
xdhAp1,1.6,24,9,GGTCCGCGGAGGTTATTGTA,15,3940838
xdhAp1,1.3,21,9,GGGGCCGGGATGTTTTATTC,12,3974737
xdhAp1,1.1,19,9,GGCCGAACATCCGTTTTACA,10,3932076
xdhAp1,3.2,40,9,GGATTAGGACGGACAGACTC,31,3980994
xdhAp1,1.4,22,9,GCTTTAGGTACTCGCACTAC,13,3952132
xdhAp1,2.9,37,9,GCTTAGGTAAGTCACCGATG,28,3943924
xdhAp1,3.5,43,9,GCTCGGTGAACGTGCGATTC,34,3958300
xdhAp1,2.6,34,9,GCGGAACGTGTATGGTCACG,25,3949603
xdhAp1,2.1,29,9,GCGCAGGACGCACTATAGAC,20,3957966
xdhAp1,2.2,30,9,GCGCACTAATTATGTATCGA,21,3959624
xdhAp1,2.8,36,9,GCCCTCCCGTCGCCGGGATC,27,3958680
xdhAp1,3.5,43,9,GCCCATGCATGGTGCCCAGA,34,3964986
xdhAp1,1.6,24,9,GCCATTTTGTGCCCATTTTC,15,3954892
xdhAp1,1.2,20,9,GCATTGCGTGCATAAAGCGT,11,3957486
xdhAp1,0.2,10,9,GCAGGTGAATCGCAAGTTGA,1,3929726
xdhAp1,1.6,24,9,GATTATGTCATGACTTTGAT,15,3932783
xdhAp1,2.3,31,9,GATTAAGGCCTACCTTTAAA,22,3948616
xdhAp1,0.2,10,9,GATTAAGCTACTACGTTTAG,1,3966646
xdhAp1,1.9,27,9,GAGTACAGAGAACGTACCGA,18,3971722
xdhAp1,3.7,45,9,GAGTAAACGAGCTCAGTGTT,36,3961791
xdhAp1,0.2,10,9,GAGGCTTAGAGCGACTTCGA,1,3961060
xdhAp1,3.0,38,9,GAGCTTCCTGTTTCTGTATG,29,3958290
xdhAp1,1.7,25,9,GAGCTCTGACACCCGGAGAT,16,3959883
xdhAp1,1.1,19,9,GAGCCCGCTTAAGGCGGTAT,10,3956300
xdhAp1,0.6,14,9,GAAGCGTTGTAACTGTAACT,5,3975730
xdhAp1,4.2,50,9,GAACCGTGCTTGAGCTTCAA,41,3930881
xdhAp1,0.2,10,9,CTTTTCTACGTTAGCGTGCG,1,3962523
xdhAp1,2.5,33,9,CTTTCGATGTGGTTTTCACT,24,3974487
xdhAp1,3.4,42,9,CTTGGAGCGTCACGCGCGAT,33,3962589
xdhAp1,7.8,86,9,CTTCGCCGGTTCCATACAAC,77,3959457
xdhAp1,1.7,25,9,CTTCCGAAGTCCAACGGACG,16,3947702
xdhAp1,2.0,28,9,CTGTATCATTCACCTTGTCC,19,3946555
xdhAp1,3.4,42,9,CTCCACCGCACTCGGGGGAA,33,3949612
xdhAp1,0.2,10,9,CTCACTGGACCGCGGACCAT,1,3934974
xdhAp1,0.7,15,9,CTAAAGAACCCTCCAGGGAG,6,3961984
xdhAp1,2.6,34,9,CGTCTAACGGGCCAACCGTT,25,3932770
xdhAp1,2.7,35,9,CGTCACGATGTTCCCGGAAT,26,3964581
xdhAp1,2.1,29,9,CGTCACCGACTTAGCTGGCC,20,3947827
xdhAp1,2.2,30,9,CGTATCATAGTGTCGGCTAC,21,3942585
xdhAp1,2.9,37,9,CGGTCACGTAATGTCAGCTA,28,3943937
xdhAp1,2.3,31,9,CGGAGGATTCGGCCTTCTGT,22,3952323
xdhAp1,1.5,23,9,CGCGCAAATTACAACGCCCC,14,3947134
xdhAp1,0.2,10,9,CCTTGGCACTGACAGGTCGT,1,3956259
xdhAp1,0.2,10,9,CCTCACCACTGACCCTACGA,1,3962058
xdhAp1,1.8,26,9,CCGGGTGGCTTGGATGGAAC,17,3944693
xdhAp1,2.1,29,9,CCGGGCAGCTCGCGCTTAGA,20,3946806
xdhAp1,10.5,113,9,CCGGACTTGTGATCGTCTAT,104,3976760
xdhAp1,1.2,20,9,CCCTTGTGGCGATCTACTAT,11,3948013
xdhAp1,2.5,33,9,CCCAGTTCCTTAAAGAGCTC,24,3938193
xdhAp1,3.8,46,9,CCCAGGAATCGGGGACCCGT,37,3959605
xdhAp1,3.4,42,9,CCATTCGATGGGATCGTCAA,33,3964215
xdhAp1,0.2,10,9,CCATATATGATTCGCCTCGA,1,3974360
xdhAp1,1.8,26,9,CCAATACATAGCGGGGCGCT,17,3955959
xdhAp1,0.2,10,9,CAGGCCAGTGTGTGAGGGTA,1,3930935
xdhAp1,1.1,19,9,CAGCGCAAAGCCATCATGTT,10,3959943
xdhAp1,0.2,10,9,CACGCATACGTCACCGAGAT,1,3945757
xdhAp1,2.2,30,9,CACCCTTATTAATAAACAGC,21,3968689
xdhAp1,1.0,18,9,CAAGAGTTAGCGGCTGGATA,9,3932798
xdhAp1,1.5,23,9,ATTTGGTACCATCCGCTCGG,14,3974015
xdhAp1,1.6,24,9,ATTTGGGTATTCAATAGCTG,15,3930161
xdhAp1,2.9,37,9,ATTCGGTATCTATAAACTTG,28,3969488
xdhAp1,2.3,31,9,ATTAATGACTCCACAGTGGA,22,3964159
xdhAp1,3.0,38,9,ATGGTGTGGTAGGATGCTTT,29,3939183
xdhAp1,0.2,10,9,ATCGTGGATCATAGAAAGGA,1,3949836
xdhAp1,2.9,37,9,ATCCCCGCTTCCGCCATCAC,28,3977286
xdhAp1,5.9,67,9,ATAGGCGGCAAGCCTTGAGC,58,3931931
xdhAp1,3.3,41,9,ATAGACTCTAGGGTACAGTC,32,3935144
xdhAp1,0.6,14,9,ATACTCCTCGATAGGTTGGA,5,3964545
xdhAp1,0.6,14,9,AGGGGGAAGTCTTTTTGCTA,5,3947187
xdhAp1,2.3,31,9,AGGGGCTCTGAGCAGTGGAT,22,3972704
xdhAp1,1.6,24,9,AGGGGCATGTAATGGGCTCA,15,3970319
xdhAp1,4.3,51,9,AGGCGCTCTACAATAAACGA,42,3929808
xdhAp1,2.2,30,9,AGGCCGGTTGCGCACGTATG,21,3957882
xdhAp1,1.3,21,9,AGGCCACGATTCTGATCCAC,12,3931648
xdhAp1,0.2,10,9,AGCACTCAGAAGAGTTGACC,1,3939857
xdhAp1,1.2,20,9,AGACCTAAGGCCATACAACG,11,3935910
xdhAp1,3.8,46,9,AGAAAAACGTAAGAGCACGA,37,3979331
xdhAp1,3.9,47,9,ACTGATGTGTCCCAGCGATA,38,3978812
xdhAp1,0.7,15,9,ACTCACCTTTGGGTAATAAA,6,3971862
xdhAp1,0.4,12,9,ACTCACCGTCCACACAACAC,3,3955001
xdhAp1,4.4,52,9,ACCTGGAATAGAATGAAGTT,43,3970099
xdhAp1,3.9,47,9,ACCGCCTAGCTCCTGAGTAT,38,3940166
xdhAp1,0.2,10,9,ACCCGCTGCTTCAAAGGCCT,1,3959375
xdhAp1,3.4,42,9,ACCAGACGTTACCCGCTGAG,33,3979850
xdhAp1,0.2,10,9,ACATAGTGTATTGAAGGGCG,1,3972953
xdhAp1,1.3,21,9,ACAAGCAGGTGGGGTCTGTC,12,3933913
xdhAp1,0.6,14,9,AATTGGTACGGCACACTGGC,5,3947983
xdhAp1,0.2,10,9,AATAGCACCCGTAGGTCGGT,1,3935178
xdhAp1,1.4,22,9,AACAGGGAGCTCCCTGACGC,13,3972836
xdhAp1,3.4,42,9,AAAACTTTAGAATACCGGGG,33,3940768
xdhAp1,3.4444444444444446,38,8,TTTCATGTCGGTCGTGCAAT,30,3938975
xdhAp1,2.3333333333333335,28,8,TTGCGGATAAGGCCTTGGTT,20,3975727
xdhAp1,2.0,25,8,TTGCAACTGTGTGTCACTAA,17,3964956
xdhAp1,9.11111111111111,89,8,TTCTTCGTTCGTAGTCCCTT,81,3947508
xdhAp1,1.2222222222222223,18,8,TTATTATCTGCGCACTGGTG,10,3964770
xdhAp1,2.4444444444444446,29,8,TTATAAAGAGCAGATTCACT,21,3929598
xdhAp1,0.3333333333333333,10,8,TGTACCTGTTCGGCCATCCT,2,3932782
xdhAp1,5.888888888888889,60,8,TGGTGAAGACAGGACACGAG,52,3971698
xdhAp1,10.555555555555555,102,8,TGGGCTTCGAAGCCACGAAA,94,3964954
xdhAp1,0.2222222222222222,9,8,TGGAACAGGATATGCTATAA,1,3958353
xdhAp1,1.2222222222222223,18,8,TGCCCCCGACTTGGCGCCAT,10,3966550
xdhAp1,2.6666666666666665,31,8,TGCACGTCCTTTTCTAGGCT,23,3936501
xdhAp1,7.222222222222222,72,8,TGACGCCTCGTATAGGGCGC,64,3980460
xdhAp1,0.2222222222222222,9,8,TGAAGACCAGGTTTAAGGAG,1,3929948
xdhAp1,0.2222222222222222,9,8,TCTTAAAATCTGGGACAACT,1,3939268
xdhAp1,2.5555555555555554,30,8,TCTCGGGCAAGTCTTCTTGG,22,3980094
xdhAp1,2.0,25,8,TCGGTCGGATAGGCTTTCCC,17,3952846
xdhAp1,2.0,25,8,TCGCGTGTAAACAAGCCAAC,17,3941450
xdhAp1,1.4444444444444444,20,8,TCCTTCGGGCTTTAATAACA,12,3936335
xdhAp1,0.2222222222222222,9,8,TCCTATACCATGTGTCGATA,1,3968198
xdhAp1,1.6666666666666667,22,8,TATGAAGATTAATTAAATCC,14,3937410
xdhAp1,2.6666666666666665,31,8,TATCTAATCATACCTTACGT,23,3977173
xdhAp1,0.2222222222222222,9,8,TATCATGGGTTCAGATGAGA,1,3950487
xdhAp1,3.111111111111111,35,8,TAGTTTTGACACTTGGTGTT,27,3980504
xdhAp1,1.7777777777777777,23,8,TAGGTTACACACCCCTAGGG,15,3976222
xdhAp1,4.444444444444445,47,8,TAGGTATTAATGCATTTGCC,39,3977941
xdhAp1,0.2222222222222222,9,8,TAGGATGGATGAGCGCGAAT,1,3940267
xdhAp1,2.7777777777777777,32,8,TACGTTTTAACTGCCCTCGA,24,3980105
xdhAp1,2.5555555555555554,30,8,TACCGGAAGAGAATTCTGCA,22,3974683
xdhAp1,0.2222222222222222,9,8,TACAACGACGAAAAGATGGG,1,3950709
xdhAp1,0.2222222222222222,9,8,GTTTCTGCGGTGTATAGAGC,1,3943533
xdhAp1,2.0,25,8,GTTCGGAGTCCCGGTAACAT,17,3959445
xdhAp1,1.8888888888888888,24,8,GTGCTTTTCAGCTTCGAGTC,16,3941749
xdhAp1,1.0,16,8,GTGCTTCATCCGTCTGTGCG,8,3960042
xdhAp1,0.2222222222222222,9,8,GTCTGAGGCCCAGTTCACCT,1,3939208
xdhAp1,0.2222222222222222,9,8,GTCACATGTCCTTCTCACGT,1,3942604
xdhAp1,0.2222222222222222,9,8,GTATAGTGGCCGTTCCTAGT,1,3934597
xdhAp1,2.0,25,8,GTACGGGGTGTTGCCCAGTG,17,3940681
xdhAp1,2.888888888888889,33,8,GGTGTTATGGCTACTCCCAT,25,3945078
xdhAp1,3.0,34,8,GGTGTGCAAATATGTTCCTT,26,3974472
xdhAp1,3.5555555555555554,39,8,GGTGGCATACGAGTAAGGGA,31,3951295
xdhAp1,0.5555555555555556,12,8,GGTATCTGGAGCTTCTTCTC,4,3975910
xdhAp1,3.4444444444444446,38,8,GGTAGGACCGAAGTCCCCTA,30,3969290
xdhAp1,2.6666666666666665,31,8,GGGGGGTATGAGTTACGTAC,23,3951966
xdhAp1,0.2222222222222222,9,8,GGGCAGGCTCACTATTATCA,1,3959947
xdhAp1,0.2222222222222222,9,8,GGGAGGCGCTCGACTCGTTA,1,3963399
xdhAp1,2.5555555555555554,30,8,GGCTAAGGTGTTTATGATAT,22,3954071
xdhAp1,8.0,79,8,GGCGCAGTCCTCAACTGCTC,71,3968825
xdhAp1,2.3333333333333335,28,8,GGCGAAAGACAATCTTCGGA,20,3960476
xdhAp1,2.111111111111111,26,8,GGCCACTTAAGGCACGGAGT,18,3953746
xdhAp1,3.6666666666666665,40,8,GGAGCAGCATTTACAGAAAT,32,3956042
xdhAp1,2.5555555555555554,30,8,GGACTGGCATCAGGGTAGGT,22,3936391
xdhAp1,2.888888888888889,33,8,GGACTGAATGTTACAGTCCT,25,3935308
xdhAp1,1.0,16,8,GGACAAATATGCGAGCAATA,8,3952332
xdhAp1,4.111111111111111,44,8,GGAAATGGGGCAGTCACGAA,36,3950927
xdhAp1,2.888888888888889,33,8,GCTTTTTTGATAACCGAGCG,25,3943511
xdhAp1,0.7777777777777778,14,8,GCTCCCGTCGTTTGGTCTCT,6,3976051
xdhAp1,1.2222222222222223,18,8,GCGTATTAGGAAAAACGAAG,10,3957459
xdhAp1,2.0,25,8,GCCGTAATTCATATCAATAT,17,3938189
xdhAp1,2.4444444444444446,29,8,GCAGGTGAGTAGCACACCGT,21,3951552
xdhAp1,0.2222222222222222,9,8,GCACCCTATGACCATACTCA,1,3946551
xdhAp1,0.2222222222222222,9,8,GATCGGTAAGACACTGGCTT,1,3958745
xdhAp1,3.6666666666666665,40,8,GATCGCTGGTAGTCGAACAC,32,3934845
xdhAp1,4.888888888888889,51,8,GAGTCAGGGCAACATGCGCC,43,3954181
xdhAp1,2.4444444444444446,29,8,GAGCGTGTCTTCGTGTATTT,21,3945309
xdhAp1,2.888888888888889,33,8,GAGAAGGGTGAATCTGGTCT,25,3940172
xdhAp1,3.888888888888889,42,8,GACGGGTATGCTTCAGTGAA,34,3951024
xdhAp1,4.0,43,8,GAAGGCTTACACAGCCTCGT,35,3970591
xdhAp1,3.7777777777777777,41,8,GAAGGATGATAGACAGCTTT,33,3939166
xdhAp1,1.8888888888888888,24,8,GAAGAATCCCACTCTTCCAT,16,3938762
xdhAp1,0.2222222222222222,9,8,GAACGAAGATTGGTTTCGGC,1,3932473
xdhAp1,0.2222222222222222,9,8,GAACCACCCCTATCACAGGG,1,3956959
xdhAp1,3.5555555555555554,39,8,CTGTGTCTCGTGCATGGGTA,31,3950349
xdhAp1,0.2222222222222222,9,8,CTGGTAATAGCTTTGCGGAT,1,3937994
xdhAp1,2.888888888888889,33,8,CTGGAGGTACGTTAAAACAA,25,3971290
xdhAp1,3.4444444444444446,38,8,CTCTTATGGCAGCATGTTAG,30,3945140
xdhAp1,5.666666666666667,58,8,CTCTCTTACAAGCCCTGGAG,50,3945563
xdhAp1,0.3333333333333333,10,8,CTCGTAGCCCTGTGGTGGCC,2,3935912
xdhAp1,1.7777777777777777,23,8,CTCCTGTCTGCGCGTTGCCA,15,3931048
xdhAp1,1.8888888888888888,24,8,CTATGATCGAATTGTTATTT,16,3930882
xdhAp1,2.5555555555555554,30,8,CTAGTGCATATTGACTGCAG,22,3978063
xdhAp1,1.5555555555555556,21,8,CTAGTCTCGAAGCGACAGGG,13,3930753
xdhAp1,0.2222222222222222,9,8,CTAGTCAGCGAAATCAGTAG,1,3934834
xdhAp1,2.7777777777777777,32,8,CGTGTCGGATTTAAGAGACT,24,3973112
xdhAp1,2.4444444444444446,29,8,CGTGAGACGGAGTAACATGT,21,3942980
xdhAp1,3.888888888888889,42,8,CGTCCATAGTCAGTTAATTA,34,3952013
xdhAp1,3.888888888888889,42,8,CGGTTAGTATTCATATGACA,34,3934083
xdhAp1,3.111111111111111,35,8,CGGGTCGTGGGAAGAAATCG,27,3979328
xdhAp1,1.8888888888888888,24,8,CGGCCTGAACGCTTTAGTCT,16,3956575
xdhAp1,0.2222222222222222,9,8,CGGCCAAGGAACGGACAATG,1,3931691
xdhAp1,0.6666666666666666,13,8,CGCTACCAATGTTATGCCCG,5,3980595
xdhAp1,2.4444444444444446,29,8,CGCCTGAGCACTGTGGCGTC,21,3973904
xdhAp1,0.3333333333333333,10,8,CGCAAGCTCTACTAAATCTC,2,3948420
xdhAp1,1.3333333333333333,19,8,CGATTGTCGCTGCTGAGCGG,11,3935311
xdhAp1,2.6666666666666665,31,8,CGATTGAGGAGGCCCTCCTG,23,3937855
xdhAp1,2.111111111111111,26,8,CGAGAGCCTTACTGTACTTG,18,3966164
xdhAp1,2.111111111111111,26,8,CCTGGCACCACGCCTACGAA,18,3972961
xdhAp1,0.2222222222222222,9,8,CCTCGTGCTTTCGGCATCCA,1,3944975
xdhAp1,3.5555555555555554,39,8,CCGCCGTACATTGCGCCACT,31,3968897
xdhAp1,1.8888888888888888,24,8,CCCAGGATCGAACGTGGCCT,16,3936329
xdhAp1,1.3333333333333333,19,8,CCCAAGTGTGTGATATGAGA,11,3940875
xdhAp1,0.2222222222222222,9,8,CCATTGTGACCACGGCACAC,1,3975157
xdhAp1,5.222222222222222,54,8,CCAGTTCTGGCCTCTGGCTT,46,3969610
xdhAp1,2.4444444444444446,29,8,CCACAACCGTCTGGTCTAAG,21,3952701
xdhAp1,2.2222222222222223,27,8,CATGTCGGTCCCTATGTAGC,19,3929065
xdhAp1,1.8888888888888888,24,8,CATGGGTTAAAAGAATATGG,16,3945929
xdhAp1,2.3333333333333335,28,8,CATAGGAGGCTTATGGCTTT,20,3952292
xdhAp1,3.3333333333333335,37,8,CAGTTCACGCGCTGCAGACA,29,3943955
xdhAp1,0.6666666666666666,13,8,CAGTGGGGCACTAAAGCCTT,5,3953202
xdhAp1,0.2222222222222222,9,8,CAGAGACATAATAGAATGCT,1,3930177
xdhAp1,0.8888888888888888,15,8,CACTCAAGGTTATATGCGAT,7,3950091
xdhAp1,3.111111111111111,35,8,CACGACCTTTCGCGACGGGA,27,3973890
xdhAp1,4.0,43,8,CACATCCATAACCTTCGCGA,35,3934689
xdhAp1,2.5555555555555554,30,8,CAATCAACGGTAGCGTATTA,22,3945183
xdhAp1,0.3333333333333333,10,8,CAAATTTAGTCGGGTATGCG,2,3936181
xdhAp1,1.4444444444444444,20,8,CAAAGGAAGATGTTCTACAT,12,3970921
xdhAp1,0.2222222222222222,9,8,ATGTAGTATCACTCCGTCGT,1,3973194
xdhAp1,1.3333333333333333,19,8,ATGGTTTTGCTGGTGCCAAT,11,3946149
xdhAp1,3.3333333333333335,37,8,ATGGTCTGTAATCCATCCGT,29,3944113
xdhAp1,3.4444444444444446,38,8,ATGCGTGGTAAGCCAGTTGT,30,3973641
xdhAp1,2.6666666666666665,31,8,ATGACGAGATCTCCGACAAT,23,3935544
xdhAp1,0.2222222222222222,9,8,ATCGGGCAGAACAGGGATGT,1,3935692
xdhAp1,1.8888888888888888,24,8,ATCCGTCACGCTTTAGATAA,16,3942909
xdhAp1,4.111111111111111,44,8,ATAGGTAGTGGGTCCCGTCC,36,3977788
xdhAp1,2.0,25,8,ATACCTTCCATGCATCTGAT,17,3940677
xdhAp1,2.7777777777777777,32,8,AGTTTACTTAGGATCAGGTA,24,3940442
xdhAp1,3.5555555555555554,39,8,AGTGTGTTCTCTGTACACCT,31,3939950
xdhAp1,1.6666666666666667,22,8,AGGTGACCTCGCTCATTTTC,14,3953563
xdhAp1,2.111111111111111,26,8,AGGAACGGGCTTGGCACGGT,18,3936854
xdhAp1,0.2222222222222222,9,8,AGCTTAAGCTGGGCTTTGTG,1,3950165
xdhAp1,0.2222222222222222,9,8,AGCACAGTCAAGACACGCCA,1,3953371
xdhAp1,2.888888888888889,33,8,ACTTACCTACATTTTCCTGC,25,3954239
xdhAp1,3.3333333333333335,37,8,ACTTAATACCATTGGCACGT,29,3951940
xdhAp1,4.444444444444445,47,8,ACGGTCTGTTTAATCCATAA,39,3963839
xdhAp1,3.888888888888889,42,8,ACGCAGTCGGTTTGCATAGG,34,3973455
xdhAp1,0.2222222222222222,9,8,ACGAGGTCCCCTGGATACCC,1,3929846
xdhAp1,2.7777777777777777,32,8,ACCTTGTGCAACCGCGGGGG,24,3958108
xdhAp1,3.0,34,8,ACAAAGTTGCTGTAGCACGC,26,3978049
xdhAp1,6.555555555555555,66,8,AATTACACGACTCCGCCCGA,58,3935173
xdhAp1,3.111111111111111,35,8,AATGTTAGTGTCTGTGAGAG,27,3950824
xdhAp1,1.6666666666666667,22,8,AATCCAGATCTTATGGCACA,14,3977515
xdhAp1,2.0,25,8,AAGTTTATGAGCATGAATGG,17,3933897
xdhAp1,1.8888888888888888,24,8,AAGGCGGCATAGTAGTGACT,16,3956436
xdhAp1,1.7777777777777777,23,8,AACTAGCGCCATGCCATCAG,15,3968703
xdhAp1,0.3333333333333333,10,8,AACCCGGATTCCAGATGGCA,2,3964565
xdhAp1,0.2222222222222222,9,8,AACACAGAAAGGACACTGAT,1,3939629
xdhAp1,0.2222222222222222,9,8,AAATTTACTGACGTTGAGTA,1,3939222
xdhAp1,1.6666666666666667,22,8,AAATGGGCCGAGGCACCCGG,14,3972546
xdhAp1,1.8888888888888888,24,8,AAAGACCGTTTATGTTATAT,16,3942661
xdhAp1,4.222222222222222,45,8,AAACTGCGACCACTCCGTTG,37,3965197
xdhAp1,3.375,33,7,TTTCCGAAGAGATTTGTACA,26,3975091
xdhAp1,0.25,8,7,TTTCAACGTTTTTCAGTCAT,1,3940429
xdhAp1,4.0,38,7,TTTAGCCCTGATAACCGCCC,31,3939573
xdhAp1,2.5,26,7,TTTAGCCATCAACTGGGGTA,19,3939860
xdhAp1,3.0,30,7,TTGATCGGATCCTGTAGTGC,23,3976635
xdhAp1,2.0,22,7,TTGATAGTGGATCAGTGATG,15,3948318
xdhAp1,0.625,11,7,TTGACCGGCTGTGGCTGCAT,4,3929052
xdhAp1,0.25,8,7,TTACGCTGCGAGTATCGATG,1,3958318
xdhAp1,0.25,8,7,TTAAGGGTCGGTTACATATT,1,3937248
xdhAp1,9.5,82,7,TTAAATACGACTTTTCCAGT,75,3949880
xdhAp1,1.875,21,7,TGTGGCACCCGTCTAGGGCA,14,3951242
xdhAp1,5.5,50,7,TGGAGGCGATCTGTTCATCT,43,3931837
xdhAp1,0.25,8,7,TGCGTCGGTCGGCCAACCGT,1,3950877
xdhAp1,1.75,20,7,TGCAATTGGACCGAAAGCAT,13,3978722
xdhAp1,5.0,46,7,TGATAGACCCGGACGACAGT,39,3967055
xdhAp1,4.875,45,7,TGACGCAACGCCGGCCGAGT,38,3932133
xdhAp1,0.25,8,7,TGAATATGACGCAGCAAGTG,1,3944578
xdhAp1,4.5,42,7,TGAAGTGACTTCAGCATTGA,35,3957187
xdhAp1,2.75,28,7,TCTTGTTAAGGGCGTTGCGG,21,3941359
xdhAp1,6.625,59,7,TCTGAGGCTCTACAGATCGA,52,3947432
xdhAp1,4.375,41,7,TCCGTTCCTTCACCACGTCC,34,3961734
xdhAp1,3.875,37,7,TCCGGGTGCACTTTCCAGTA,30,3942745
xdhAp1,3.25,32,7,TCCGCTTCAAAAAACGATAG,25,3931447
xdhAp1,0.25,8,7,TCCCCGGCAATCAGTTGCTC,1,3977463
xdhAp1,2.0,22,7,TCCATTTCTGGCAGAACTCA,15,3975371
xdhAp1,2.625,27,7,TCACCTTAGTCACGTCTATT,20,3972176
xdhAp1,2.125,23,7,TATTACACGATCCATGTCAA,16,3942133
xdhAp1,3.625,35,7,TATGACTTCTATTAAGTAGA,28,3942124
xdhAp1,1.5,18,7,TATCAGCTGATAAGATACGA,11,3979138
xdhAp1,3.125,31,7,TATATACATCCACTTTTCAA,24,3952871
xdhAp1,5.375,49,7,TACTTTGTACGTTTTCTCCC,42,3953517
xdhAp1,3.875,37,7,TACTATTGTCTGTTGCCAAT,30,3976888
xdhAp1,2.875,29,7,TACGGCAGGGCAGCGTCCAG,22,3952984
xdhAp1,0.25,8,7,GTTTCCGATCAATATAGGTA,1,3978293
xdhAp1,2.125,23,7,GTTCCGATTCCAAAGTGAAC,16,3965310
xdhAp1,1.0,14,7,GTTAACATTCAGACTGCACC,7,3966046
xdhAp1,2.125,23,7,GTGGTCAGGGCTCCTACAAA,16,3938703
xdhAp1,0.25,8,7,GTGCCGGATACGCTCCACCA,1,3952998
xdhAp1,2.875,29,7,GTGACCCTCCCACTGCACTG,22,3945447
xdhAp1,3.125,31,7,GTCAGCCTTGGAGACCACGA,24,3932861
xdhAp1,2.5,26,7,GTCAAATGAGCATGCTCGCC,19,3953513
xdhAp1,4.25,40,7,GTACCACCCTCGAAGATCGG,33,3946086
xdhAp1,1.75,20,7,GGTTTGCCCGTGTTCATGGT,13,3939687
xdhAp1,0.25,8,7,GGTCACATTTCACTATAATC,1,3931514
xdhAp1,0.25,8,7,GGGTGAGTCGCCTACGGCTG,1,3939364
xdhAp1,1.125,15,7,GGGTGAAGTCCGGACGAGTA,8,3978615
xdhAp1,2.375,25,7,GGGTCCTCGCGAGTCACATC,18,3952521
xdhAp1,6.125,55,7,GGGGGGATACACCTTACACC,48,3941184
xdhAp1,7.75,68,7,GGGGACGTGGCTCGTAGTGC,61,3966063
xdhAp1,1.875,21,7,GGGAGCATTCAAACAGGACA,14,3962799
xdhAp1,0.25,8,7,GGCGTCCGGCAGAATGGCTG,1,3965876
xdhAp1,2.375,25,7,GGAGTCACCCGAGTAGCACC,18,3977771
xdhAp1,0.25,8,7,GCTTTTATGATGTCTCCGGT,1,3935649
xdhAp1,0.25,8,7,GCTTATTCGGAGCTGTGCGA,1,3960058
xdhAp1,4.5,42,7,GCTGGAACTTCTAGGTTAAA,35,3929557
xdhAp1,1.125,15,7,GCGGGCGAGCCTCCCAGCCA,8,3948897
xdhAp1,1.5,18,7,GCGCGGGTGATTCTCTATAG,11,3929106
xdhAp1,3.875,37,7,GCCTATCGGACGCCGGGTTC,30,3962446
xdhAp1,0.25,8,7,GCCCTACTAACCTTTGACAG,1,3949066
xdhAp1,3.75,36,7,GCAGCAAATTACTGATTAAA,29,3979196
xdhAp1,0.25,8,7,GCACGTTTCCGATTCTTGAA,1,3958681
xdhAp1,1.0,14,7,GCAACTTGTAATTTCATTCT,7,3964445
xdhAp1,0.25,8,7,GATTTGGTCGCACACGACAA,1,3959890
xdhAp1,4.375,41,7,GATGCATGGGCTGGTAAACA,34,3977982
xdhAp1,1.25,16,7,GATAGATGGCCATACTGAAC,9,3974394
xdhAp1,1.5,18,7,GAGCAGGTCAAAAGTCTTTG,11,3977209
xdhAp1,3.0,30,7,GAGAGGTTCTCATAGCACGA,23,3943976
xdhAp1,12.25,104,7,GACCGATAACGGCAGGACGA,97,3980395
xdhAp1,0.25,8,7,GAATAAAGGCATCACCTGTG,1,3976374
xdhAp1,0.75,12,7,GAAATACTTCGGGCAATGAA,5,3962578
xdhAp1,2.75,28,7,CTTTGCGTTAACGCTTCAAG,21,3979987
xdhAp1,0.25,8,7,CTTTCTTGGAGTGAAAACGC,1,3968037
xdhAp1,3.625,35,7,CTTAATATTCCATCAAGTGA,28,3951249
xdhAp1,1.875,21,7,CTGAATGAAGCCGGTCGTCT,14,3943470
xdhAp1,1.625,19,7,CTCGTTCTCGCAAGAGACTC,12,3952826
xdhAp1,4.0,38,7,CTCCGCGATCTGATTCCAGT,31,3944689
xdhAp1,7.0,62,7,CTAATTACGATCACCCCCCA,55,3960647
xdhAp1,2.25,24,7,CGTGCGAGTACTTTTCACCT,17,3954596
xdhAp1,5.0,46,7,CGTCGCGGTATGGTACTATA,39,3940955
xdhAp1,1.25,16,7,CGTAGTCCCTGACTGTAAAT,9,3970614
xdhAp1,0.875,13,7,CGCTTCTTTAAGACCACTCC,6,3981381
xdhAp1,3.625,35,7,CGATCCTTGTATAGACCAAC,28,3972886
xdhAp1,2.0,22,7,CGAGGCGTCGCTCGTTAAGT,15,3968329
xdhAp1,5.5,50,7,CGACTTAGCTCTCAAGGCAG,43,3954519
xdhAp1,0.25,8,7,CCTGTCAACTAGACAGACCC,1,3969993
xdhAp1,2.5,26,7,CCGGGATGTGCGGTCCTGCA,19,3943755
xdhAp1,1.25,16,7,CCCGCAGCTCGGATCCGAGC,9,3960022
xdhAp1,0.25,8,7,CCAGAATGAGACCCCGCATG,1,3944574
xdhAp1,0.375,9,7,CCAATAGGTTCTCGTAGTGC,2,3971543
xdhAp1,1.875,21,7,CAGTATCTCGTATCGCTGTT,14,3969459
xdhAp1,4.375,41,7,CAGGACGTGACGCAGAAGCA,34,3933042
xdhAp1,3.125,31,7,CAGCATAGTCTATTACGTGT,24,3975548
xdhAp1,0.25,8,7,CACCGTCGCACACGACGAAC,1,3948323
xdhAp1,0.25,8,7,ATTTCAGGGATCCGAGACGC,1,3956362
xdhAp1,2.0,22,7,ATTTATGAACATTGCAACTC,15,3933720
xdhAp1,2.125,23,7,ATGTGGGGGCTTAATCTTCT,16,3934377
xdhAp1,5.25,48,7,ATGTGGAATATGGGTTGCAG,41,3969131
xdhAp1,2.125,23,7,ATGAGGCCTTCTGCCATTGT,16,3967141
xdhAp1,0.25,8,7,ATCCGCGGCATGGGTTGTCA,1,3967471
xdhAp1,1.875,21,7,ATCCGCCGCTCGCTACTATC,14,3980445
xdhAp1,2.75,28,7,ATCCCACATCCCATGCTAGC,21,3978531
xdhAp1,4.375,41,7,ATCATGCCTGGCGAAATGCT,34,3981465
xdhAp1,4.0,38,7,ATCAAAATAACTACTTGACC,31,3963065
xdhAp1,2.125,23,7,ATATTCGAATCTACCAGCGA,16,3939163
xdhAp1,3.0,30,7,ATACAACGAAATTTAGAATT,23,3948796
xdhAp1,1.5,18,7,AGTATGCCAGCCTCCTCTGG,11,3961130
xdhAp1,5.0,46,7,AGGCATATATATTCGTATAA,39,3962820
xdhAp1,1.0,14,7,AGCTAGCGACTGTATTAGTG,7,3967103
xdhAp1,0.25,8,7,AGCCCCTCTTCCAGGGTGTC,1,3976454
xdhAp1,0.625,11,7,AGCCCATGGCGTGCAGTATT,4,3975050
xdhAp1,5.125,47,7,AGAGGGTAAAGAGCACGCTG,40,3979879
xdhAp1,5.75,52,7,AGAGCGGTTGAACAGCTCCT,45,3952375
xdhAp1,1.25,16,7,AGAAATATACGACCTAATGT,9,3972364
xdhAp1,2.0,22,7,ACTTGCCGGGGGCTTATACA,15,3954304
xdhAp1,0.375,9,7,ACGTGATGGACCAAGTTCTC,2,3932860
xdhAp1,1.875,21,7,ACGCGGAGTGCGACCGGTAA,14,3934990
xdhAp1,3.75,36,7,ACGCGCGCTAATATCCGTCT,29,3952876
xdhAp1,2.25,24,7,ACGCCTGCGTTGCGGCACAG,17,3957659
xdhAp1,1.875,21,7,ACCTCCAGTTGCAATGCTTA,14,3947255
xdhAp1,4.25,40,7,ACCCTCGTATGTAGAGGTTG,33,3958494
xdhAp1,3.375,33,7,ACCATTTAACGTGATGGCCT,26,3939295
xdhAp1,1.875,21,7,ACATGTTGTGACATATACCA,14,3979141
xdhAp1,1.625,19,7,ACATCCTTGAGCGACGGAGA,12,3937558
xdhAp1,0.25,8,7,AATTAAACCTGAGTTAATGG,1,3957606
xdhAp1,4.625,43,7,AATGATACGCTGAATGTAAA,36,3955729
xdhAp1,3.875,37,7,AATGAGTAACCATACGATTA,30,3953450
xdhAp1,2.25,24,7,AATAAGTTTGTCATATACGA,17,3971331
xdhAp1,1.25,16,7,AAGTCCTCATAAACGGAGTA,9,3956777
xdhAp1,4.875,45,7,AAGGGTCCGGGAGCTGCTAA,38,3958860
xdhAp1,0.625,11,7,AACCTGGTTAACTGTCGATA,4,3964192
xdhAp1,4.125,39,7,AACAGAAGGGCGCCACGTGA,32,3943116
xdhAp1,4.0,38,7,AAATTAGTGCATTGCCGTGT,31,3932722
xdhAp1,0.25,8,7,AAACTCCGTATCTAGTGCAT,1,3930245
xdhAp1,3.0,26,6,TTTGTAAACTTCCATGCTTT,20,3946470
xdhAp1,3.0,26,6,TTTGACCTGACAGACCGAAT,20,3953131
xdhAp1,0.2857142857142857,7,6,TTGGTGACGGACCGTTCATT,1,3973011
xdhAp1,4.0,33,6,TTCTTAATGTTCCTCGTGGT,27,3977759
xdhAp1,1.8571428571428572,18,6,TTCACAGTAGAGCCTCCCGT,12,3932427
xdhAp1,0.2857142857142857,7,6,TTACAGGTGAGAATAGTCCT,1,3938804
xdhAp1,5.0,40,6,TTAACCGGAGCCCGTCGGCG,34,3951861
xdhAp1,2.5714285714285716,23,6,TGTTAGTTGTCTGTATTCTC,17,3966992
xdhAp1,8.428571428571429,64,6,TGTAACAGTCGAGTCATCAC,58,3971703
xdhAp1,0.42857142857142855,8,6,TGGTTAATAGTCTAGCAGAG,2,3952373
xdhAp1,3.2857142857142856,28,6,TGGTCAGCTAGAGCACGATA,22,3956028
xdhAp1,4.142857142857143,34,6,TGGGTCCGAAATGGCAATCG,28,3965134
xdhAp1,3.2857142857142856,28,6,TGGGGTATAAAGCACTAACC,22,3934857
xdhAp1,6.428571428571429,50,6,TGATAACTTCCGAATGTGGT,44,3938246
xdhAp1,0.2857142857142857,7,6,TCTTCCCAAAGCCCCAAGAT,1,3953889
xdhAp1,3.857142857142857,32,6,TCTTCAAATAGACAAGCCCC,26,3948086
xdhAp1,4.285714285714286,35,6,TCTGTTCCGTAGGCCCAGAA,29,3955293
xdhAp1,4.142857142857143,34,6,TCTGTTATAGACCCGAGTTG,28,3951679
xdhAp1,0.2857142857142857,7,6,TCTAGCACCTGACGTGTCTG,1,3958763
xdhAp1,4.142857142857143,34,6,TCGGTGCGATGGACTCGCGT,28,3940446
xdhAp1,0.42857142857142855,8,6,TCGGTCCCAGTATCGCAATT,2,3981184
xdhAp1,0.2857142857142857,7,6,TCGGCGGCCTGAAAATGGTA,1,3978104
xdhAp1,5.285714285714286,42,6,TCGGATGAACAACGAAGCCC,36,3955994
xdhAp1,5.285714285714286,42,6,TCGACCTTTCGATACCCTGT,36,3962501
xdhAp1,0.2857142857142857,7,6,TCCTATCGGCGCTAGCACAT,1,3958306
xdhAp1,2.5714285714285716,23,6,TCCGATGAACGCGACGCTGG,17,3938308
xdhAp1,4.0,33,6,TCCACTACAACGAGCAACCG,27,3965819
xdhAp1,8.0,61,6,TCATACCAGTTGGTTGTTCA,55,3955988
xdhAp1,3.4285714285714284,29,6,TCAGATCAAACGGTTGCCGG,23,3961361
xdhAp1,3.0,26,6,TATTGCTAACTCTCGGTCCG,20,3937451
xdhAp1,0.7142857142857143,10,6,TATGTCAGCTACTAAGTCGG,4,3933566
xdhAp1,2.5714285714285716,23,6,TATCCAGATCAAGCCTTATA,17,3943000
xdhAp1,0.2857142857142857,7,6,TATCAAATTTCACTGCTTTA,1,3954045
xdhAp1,3.7142857142857144,31,6,TATAGAGGTCAAAGTTTCGA,25,3963505
xdhAp1,10.857142857142858,81,6,TAGTGATCACTGGCCTGCAG,75,3929019
xdhAp1,4.714285714285714,38,6,TAGGTTGCGTTCGTTTGGGA,32,3952745
xdhAp1,6.142857142857143,48,6,TAGGCCGTATACAAGCCTCA,42,3933221
xdhAp1,0.8571428571428571,11,6,TAGGACACAGCCCAGGGGGA,5,3973817
xdhAp1,4.857142857142857,39,6,TAGACCATGCTTCTCTCGCA,33,3930265
xdhAp1,0.2857142857142857,7,6,TAATCAGGATTATACCGTTA,1,3958456
xdhAp1,4.571428571428571,37,6,TAAGGATCGGGATCTTTTCT,31,3948547
xdhAp1,0.2857142857142857,7,6,TAAGAAGGCGGACCCCCTGT,1,3978468
xdhAp1,3.7142857142857144,31,6,GTTGTTTATCATCTTTGGTG,25,3951287
xdhAp1,4.571428571428571,37,6,GTTGCCTGTTGAGGTGGTCA,31,3955883
xdhAp1,0.2857142857142857,7,6,GTTATCGAAGTCTGCTCGAG,1,3940828
xdhAp1,7.142857142857143,55,6,GTTAGGTAGGGTCCGAGGAT,49,3978232
xdhAp1,4.0,33,6,GTGGCCGTCATAGGGCCAAT,27,3964791
xdhAp1,2.857142857142857,25,6,GTGGCATATTACACGCATTC,19,3940358
xdhAp1,0.2857142857142857,7,6,GTCTGCAGTGTAGACGTTAA,1,3941240
xdhAp1,0.2857142857142857,7,6,GTCTGAAAGGGAACCCTATT,1,3963218
xdhAp1,0.2857142857142857,7,6,GTCCGGCGCACGGAACCGCT,1,3969512
xdhAp1,0.2857142857142857,7,6,GTCCCTCTAGGTGGCGGGGC,1,3946421
xdhAp1,2.4285714285714284,22,6,GTCCCGATGGGGGGGCTGCA,16,3939526
xdhAp1,2.5714285714285716,23,6,GTCATCAGAATGTGCGTAGT,17,3940176
xdhAp1,3.857142857142857,32,6,GTATTCATTAGGGTGCAAAG,26,3974440
xdhAp1,4.428571428571429,36,6,GTATATCATAAACTCTCGGT,30,3936621
xdhAp1,0.2857142857142857,7,6,GTAGGTACTATTTATCGCCG,1,3956600
xdhAp1,0.8571428571428571,11,6,GTAGACATTGTCCCGGTACC,5,3932281
xdhAp1,1.0,12,6,GGTGGTGCATAACCCAAGTT,6,3942809
xdhAp1,4.571428571428571,37,6,GGTGACCGAGAGGGACAGAA,31,3961925
xdhAp1,0.2857142857142857,7,6,GGTAAAGCGTTGTTCACGGC,1,3932830
xdhAp1,6.428571428571429,50,6,GGGGTTAGATAAGATTCCGT,44,3964895
xdhAp1,2.4285714285714284,22,6,GGGCTTGCGCTTCTGCGGTC,16,3967884
xdhAp1,0.2857142857142857,7,6,GGCTTCAGTAGATGGTGCCC,1,3948545
xdhAp1,4.571428571428571,37,6,GGCTAGCGCCGTCTAAATGT,31,3947671
xdhAp1,4.428571428571429,36,6,GGCACGCTTTCACCTGCGAC,30,3974392
xdhAp1,3.0,26,6,GGCAATCCCTACGGGTCCTG,20,3956425
xdhAp1,3.2857142857142856,28,6,GGAATTTATCGGGTTCGGAA,22,3942981
xdhAp1,1.8571428571428572,18,6,GGAAACAAGTTCATTTTGAT,12,3939322
xdhAp1,2.4285714285714284,22,6,GCTAAAGGCTTGGTTCGCTA,16,3974670
xdhAp1,0.2857142857142857,7,6,GCCTTATCGAAAAACACCGA,1,3933056
xdhAp1,4.142857142857143,34,6,GCCTGGATGGCCCCTTTCGC,28,3958459
xdhAp1,2.0,19,6,GCCGCGACAGAACAATCAGA,13,3956332
xdhAp1,0.2857142857142857,7,6,GCCATAAAATACCCCTACTT,1,3980917
xdhAp1,1.7142857142857142,17,6,GCCAACAGGCCCCGACCTAT,11,3939182
xdhAp1,0.2857142857142857,7,6,GCATAAATCAACGCAAAGAC,1,3929645
xdhAp1,4.285714285714286,35,6,GCATAAATAGATAAGGACGT,29,3977647
xdhAp1,0.2857142857142857,7,6,GCACCGCGGCGGAACGGGCT,1,3956059
xdhAp1,3.0,26,6,GATACAAAGCAACGCGCGAC,20,3935075
xdhAp1,0.2857142857142857,7,6,GAGGGTTGGCCGCTTACAGC,1,3935862
xdhAp1,5.0,40,6,GACTCGAACTTCATGCTTTC,34,3943977
xdhAp1,0.2857142857142857,7,6,CTTTCCGCATACTCCTTTTT,1,3943514
xdhAp1,0.2857142857142857,7,6,CTGGGTTTTCAAGCATAGAT,1,3944107
xdhAp1,0.2857142857142857,7,6,CTGGGACCCTCCGAGTGTAG,1,3940710
xdhAp1,4.0,33,6,CTGCGTCGAGGTAATTTACT,27,3950330
xdhAp1,4.857142857142857,39,6,CTCGTGTCAATGACTCATTT,33,3962882
xdhAp1,1.7142857142857142,17,6,CTCCAGCCCGTCCTTTTAAA,11,3970371
xdhAp1,0.2857142857142857,7,6,CTCAACAGTCCGTACGGCGA,1,3975435
xdhAp1,2.2857142857142856,21,6,CTAGTGTAGGTCCACCAGCC,15,3967887
xdhAp1,0.2857142857142857,7,6,CTACGTGTTCTATTCTATTC,1,3940734
xdhAp1,2.7142857142857144,24,6,CGGGGTCGTTTGATTTAGTA,18,3935309
xdhAp1,3.7142857142857144,31,6,CGGAGGAGCGGTTTCAGTTA,25,3964702
xdhAp1,2.2857142857142856,21,6,CGCTTTCGACAACGAGCTGG,15,3930567
xdhAp1,3.857142857142857,32,6,CGCTTTCAACCGGGACCCAA,26,3970493
xdhAp1,3.7142857142857144,31,6,CGCTTGGAAGCGAAAAACAA,25,3969238
xdhAp1,2.857142857142857,25,6,CGCTTACCATCAGAGACTCC,19,3976064
xdhAp1,1.5714285714285714,16,6,CGAGCACCGTCATAGATGTC,10,3962965
xdhAp1,2.7142857142857144,24,6,CGACGGAATAATGGCCGATT,18,3943989
xdhAp1,0.2857142857142857,7,6,CCTTCAGGTCCTCCCGCATA,1,3968634
xdhAp1,1.1428571428571428,13,6,CCTCGGGAAATTGTCCGGTC,7,3980143
xdhAp1,0.2857142857142857,7,6,CCTAAAATGCGTCATTTAAG,1,3940686
xdhAp1,4.285714285714286,35,6,CCCGAGTACGGTGTAGACAT,29,3975159
xdhAp1,3.2857142857142856,28,6,CCCGAAAGAAGCCCGTACCT,22,3945513
xdhAp1,1.8571428571428572,18,6,CCCCTACAGCTGTATATGTT,12,3964155
xdhAp1,3.5714285714285716,30,6,CCCAGCCGGCGGGTATGAAG,24,3934141
xdhAp1,0.42857142857142855,8,6,CCATGGTCTCGTATTACTCA,2,3937627
xdhAp1,2.857142857142857,25,6,CCATAGACATACAGGCGGCG,19,3929105
xdhAp1,2.142857142857143,20,6,CCAGTCATGGAGTTAGCCCT,14,3973037
xdhAp1,0.2857142857142857,7,6,CCACATCATAAACGGCCTAC,1,3971120
xdhAp1,3.857142857142857,32,6,CATTTGCCTGGTAGTACGTT,26,3958676
xdhAp1,4.428571428571429,36,6,CATTTCGACCTAGGCTCATG,30,3977803
xdhAp1,0.2857142857142857,7,6,CATACTTTGGCCGTCCAGTG,1,3946445
xdhAp1,2.7142857142857144,24,6,CATAACCTCTTCAGGACCTC,18,3973173
xdhAp1,2.7142857142857144,24,6,CAGACCCCCTTTGAGCCGCG,18,3958709
xdhAp1,0.2857142857142857,7,6,CAGAACTTACATGAACTCGT,1,3970118
xdhAp1,4.857142857142857,39,6,CACTACTTGCTAGTACATGA,33,3933212
xdhAp1,2.7142857142857144,24,6,CACCTTCATCTGAAAGCCGA,18,3946511
xdhAp1,2.5714285714285716,23,6,CAACTGTTGAGTGGGTTAAT,17,3964680
xdhAp1,2.142857142857143,20,6,CAAATGCTAGAATCAGTCAG,14,3934111
xdhAp1,3.142857142857143,27,6,CAAATCAGGCATACATATTG,21,3936654
xdhAp1,2.4285714285714284,22,6,ATTATCCGGTGAAGTAAAGT,16,3947546
xdhAp1,3.7142857142857144,31,6,ATTACTTGACTCGCATATAA,25,3978514
xdhAp1,7.285714285714286,56,6,ATGGTGCCAATATGCGCATA,50,3956721
xdhAp1,3.4285714285714284,29,6,ATGGGACAATTGTTCTCACA,23,3929253
xdhAp1,0.2857142857142857,7,6,ATGACAGATTACAGTCGTGG,1,3970062
xdhAp1,3.5714285714285716,30,6,ATGAAACGCGCTATCGGAAC,24,3934641
xdhAp1,7.142857142857143,55,6,ATCTCATAAGGTTAGTGCAG,49,3980156
xdhAp1,6.857142857142857,53,6,ATCATCCTGTTTCGCCGACC,47,3947589
xdhAp1,0.2857142857142857,7,6,ATATTTCGTGCAATCTCGAT,1,3937570
xdhAp1,1.5714285714285714,16,6,ATATGGATGCTAGTGCACCT,10,3956267
xdhAp1,1.8571428571428572,18,6,ATATGGACATCAATACTCGT,12,3931266
xdhAp1,0.2857142857142857,7,6,ATATCCTCTATACTCGCACC,1,3940426
xdhAp1,3.7142857142857144,31,6,ATACTGTCCTAGACTGACAA,25,3946515
xdhAp1,3.4285714285714284,29,6,AGTTATGTCGGAAGGTAGTA,23,3977103
xdhAp1,1.0,12,6,AGTTAACGAAATTCCAAATG,6,3956641
xdhAp1,0.2857142857142857,7,6,AGTCTTCCTCTTGCTGAATT,1,3954115
xdhAp1,3.142857142857143,27,6,AGTCGATCGCCAGTTTGACC,21,3948673
xdhAp1,4.714285714285714,38,6,AGTATTTTGCAAAGTGCATT,32,3957457
xdhAp1,3.0,26,6,AGGTAATGGTTAACCTGATA,20,3970714
xdhAp1,2.5714285714285716,23,6,AGGGGTCAGGAGATCCACGA,17,3963069
xdhAp1,2.4285714285714284,22,6,AGGGGGGGTGAGAGGCAATA,16,3950617
xdhAp1,3.142857142857143,27,6,AGGCCAGGCTCACCGAGCGT,21,3944130
xdhAp1,4.428571428571429,36,6,AGCGTTTGATCTTTGAACGG,30,3971440
xdhAp1,5.0,40,6,AGATGACGATCCTCGCGGAA,34,3939727
xdhAp1,1.4285714285714286,15,6,AGAGGCAACTGATCTGCCAG,9,3932951
xdhAp1,1.5714285714285714,16,6,AGACATCTCAACATCAGTCT,10,3939091
xdhAp1,2.2857142857142856,21,6,AGAAGACATCACGATCATGT,15,3952666
xdhAp1,0.2857142857142857,7,6,AGAAACAAGCACGGAGGCAG,1,3973199
xdhAp1,3.0,26,6,ACTGGGGCGCAGGTGGCTTC,20,3948980
xdhAp1,4.285714285714286,35,6,ACTATGCGTTCGCTCGTTGG,29,3948078
xdhAp1,16.714285714285715,122,6,ACGCGTGGCTGCGTAGTTTA,116,3930552
xdhAp1,6.571428571428571,51,6,ACATGATGAATTTATAGCTC,45,3957080
xdhAp1,4.428571428571429,36,6,ACACGGTGACTTCAATATAG,30,3965451
xdhAp1,0.2857142857142857,7,6,AATTTGGTTTTGGAGCCACA,1,3937568
xdhAp1,3.4285714285714284,29,6,AATTTGCGCGGGCATACTCT,23,3976855
xdhAp1,0.2857142857142857,7,6,AATGTTTCTTTCCATTTTAT,1,3931486
xdhAp1,2.5714285714285716,23,6,AATCCCGATCTAATTCATAT,17,3931775
xdhAp1,0.5714285714285714,9,6,AATATAGGAACGCGAACAAG,3,3962588
xdhAp1,0.42857142857142855,8,6,AAGCTACTATTGATGGTAGC,2,3945592
xdhAp1,1.8571428571428572,18,6,AAGCCCATTACTAATATAGT,12,3931783
xdhAp1,0.2857142857142857,7,6,AAGCAGCACAAGCGCACTGC,1,3943120
xdhAp1,0.8571428571428571,11,6,AACGCTAGCGTCTCGCACCC,5,3944170
xdhAp1,2.7142857142857144,24,6,AACCTTGACTCGTTTTCGTA,18,3937623
xdhAp1,0.42857142857142855,8,6,AACCGCCTGCGCGGTTTCAG,2,3960157
xdhAp1,2.5714285714285716,23,6,AACAGCGGGAGTGTCAGTCA,17,3944598
xdhAp1,0.2857142857142857,7,6,AAATCGACTCTACTAATTGG,1,3942328
xdhAp1,0.3333333333333333,6,5,TTTTTAGAGCCCGATCGAGT,1,3952316
xdhAp1,1.0,10,5,TTTGTTAAGGTTACAACAAG,5,3969699
xdhAp1,3.6666666666666665,26,5,TTTGCGTCGCATGGGACCTA,21,3977549
xdhAp1,5.833333333333333,39,5,TTTCGGGTTTGCCAGCAGAT,34,3944073
xdhAp1,0.3333333333333333,6,5,TTTAGTTTGGCCTAGCGGTT,1,3977210
xdhAp1,7.333333333333333,48,5,TTGTCCATATGCGTGGACCC,43,3974268
xdhAp1,5.166666666666667,35,5,TTGCAGGCTAGGGACTCGGA,30,3959410
xdhAp1,1.6666666666666667,14,5,TTGCACTACTTAATGAGGCG,9,3958146
xdhAp1,2.3333333333333335,18,5,TTCTGGAATGCGTTTCCAAC,13,3945446
xdhAp1,2.5,19,5,TTCGCCCGAATGGTGAGTGG,14,3980070
xdhAp1,0.8333333333333334,9,5,TTAGGGTTAATTTCCTTGTG,4,3974429
xdhAp1,4.333333333333333,30,5,TTACCTAAAGAATGGTCGAT,25,3947258
xdhAp1,5.166666666666667,35,5,TGTTTCTGCAAGCGCGCAAT,30,3936416
xdhAp1,2.5,19,5,TGTGTTGTATGAGCCACCTA,14,3958710
xdhAp1,0.3333333333333333,6,5,TGGTGTGCCCTCCCATTATT,1,3948460
xdhAp1,2.3333333333333335,18,5,TGGGGCACTAGCGTTCCTTC,13,3970029
xdhAp1,4.0,28,5,TGCTCGCCGGTCCTCCAATG,23,3963057
xdhAp1,1.8333333333333333,15,5,TGCGGCGTCATTCGGAGATC,10,3957701
xdhAp1,8.5,55,5,TGCCTCACCTAACAATATCA,50,3950183
xdhAp1,4.333333333333333,30,5,TGCATTTGTCCCCGGTTTGT,25,3962412
xdhAp1,2.3333333333333335,18,5,TGCATAAGTGACTCCACGTC,13,3945046
xdhAp1,0.3333333333333333,6,5,TGAGAAAGAACTGCGACGGT,1,3954666
xdhAp1,0.3333333333333333,6,5,TGAACCCAGGCATATCGGGG,1,3947549
xdhAp1,1.8333333333333333,15,5,TCTGGTGATTTGATGTTCTG,10,3944405
xdhAp1,3.3333333333333335,24,5,TCGTACCAGAAACATCGAGT,19,3951749
xdhAp1,3.5,25,5,TCGGGGGGGTAGAGTGTGAA,20,3974411
xdhAp1,3.0,22,5,TCCTGATTTTTGGCTTAGAC,17,3932738
xdhAp1,4.166666666666667,29,5,TCCGTTAACGCTGTGCGAAA,24,3969259
xdhAp1,2.5,19,5,TCACCTCCCGAAGTAAGAGT,14,3952086
xdhAp1,5.5,37,5,TCAACAGGATGCCGTAATGC,32,3934998
xdhAp1,3.3333333333333335,24,5,TATTCGTTTGCTCTGGTGTC,19,3941511
xdhAp1,0.3333333333333333,6,5,TATTCGGAAGAACCACACAT,1,3953569
xdhAp1,3.1666666666666665,23,5,TATGTCTGTCGCGCGGCGGC,18,3976858
xdhAp1,0.3333333333333333,6,5,TATGGACCAGCTTTTACCGA,1,3961554
xdhAp1,8.833333333333334,57,5,TAGCCACAAAATATTACTGT,52,3947345
xdhAp1,0.8333333333333334,9,5,TAGCATGTACGTCTCATTCT,4,3960292
xdhAp1,5.333333333333333,36,5,TAGAATACAGAGCAGTGACG,31,3959968
xdhAp1,0.3333333333333333,6,5,TACCGATGGACCTGTGACCA,1,3975750
xdhAp1,8.5,55,5,TAATGTAACGTTCGCATAAA,50,3941190
xdhAp1,4.166666666666667,29,5,TAATGACGATCCCTTGCGGA,24,3953709
xdhAp1,6.0,40,5,TAATAAAATGCCCTACGTTC,35,3941759
xdhAp1,4.666666666666667,32,5,TAAGCCAGCAGGAACTACAT,27,3961162
xdhAp1,0.3333333333333333,6,5,TAAACGAACAACAGGTAGCC,1,3956320
xdhAp1,4.166666666666667,29,5,GTTTGTACTAGCACGCCATG,24,3943406
xdhAp1,0.5,7,5,GTTTGAGGTCAAGCATCGTT,2,3946547
xdhAp1,0.3333333333333333,6,5,GTTTCTCTCTAAACCAAAAC,1,3954707
xdhAp1,0.5,7,5,GTTGTGGCAGCGGCTTGGGT,2,3973997
xdhAp1,5.333333333333333,36,5,GTTACAGATATTTAGAGATT,31,3934142
xdhAp1,4.0,28,5,GTGGACGCAGTTTAAAGAAC,23,3977643
xdhAp1,2.3333333333333335,18,5,GTGCTACGATGGCTTCGGCC,13,3954303
xdhAp1,3.5,25,5,GTCTTTCGATTCGGAACCCG,20,3966026
xdhAp1,0.3333333333333333,6,5,GTCCCATCTGCTCTTTTTGC,1,3976871
xdhAp1,1.0,10,5,GTCACGTTGGCGGACCCGGC,5,3951698
xdhAp1,0.3333333333333333,6,5,GTCAATGTTACCGGGCTAAG,1,3936502
xdhAp1,0.3333333333333333,6,5,GTATGCACTCCGCGAGTGGG,1,3964120
xdhAp1,2.5,19,5,GTATGACCGCGGGTCCGTAC,14,3936769
xdhAp1,0.3333333333333333,6,5,GTATCCATACCTTCGGCGCC,1,3969347
xdhAp1,3.6666666666666665,26,5,GTATAGTTACCCATTGCGGG,21,3974426
xdhAp1,4.0,28,5,GTAGCTGAAGTTCCTAAGTA,23,3974749
xdhAp1,6.833333333333333,45,5,GTAAAGCGTTGTCTAAGATA,40,3932216
xdhAp1,2.0,16,5,GGTGTTAGCCAGGGCCTACA,11,3932774
xdhAp1,0.3333333333333333,6,5,GGGTTTAGACCATTCCCGTT,1,3940125
xdhAp1,3.1666666666666665,23,5,GGGGTATAAATACCTTGATG,18,3935334
xdhAp1,7.5,49,5,GGGGCCGTAGTTTCAAGTTG,44,3944621
xdhAp1,0.3333333333333333,6,5,GGGCGTAGCAGATTGGCGAA,1,3977266
xdhAp1,0.3333333333333333,6,5,GGGCCAAGTCCGAGTTATCG,1,3962986
xdhAp1,4.333333333333333,30,5,GGCTTAAAGTATGCTTTTGG,25,3979719
xdhAp1,4.666666666666667,32,5,GGCCGGCCACAATTTTGTTG,27,3958492
xdhAp1,0.3333333333333333,6,5,GGCCCACCACTTAACTTCTG,1,3954451
xdhAp1,1.6666666666666667,14,5,GGCCAAAGACTTCGGCCGCA,9,3975894
xdhAp1,3.6666666666666665,26,5,GGCAATAGGGATGCGGGCAA,21,3971776
xdhAp1,4.166666666666667,29,5,GGCAAGGTCAGGGGCTGAAT,24,3976032
xdhAp1,3.0,22,5,GGATTAGGGCCTGGTATTAC,17,3940394
xdhAp1,3.6666666666666665,26,5,GGACATAAGTAGGTAGTTTG,21,3978347
xdhAp1,1.6666666666666667,14,5,GGACACGAAAACTTCGACCC,9,3972252
xdhAp1,5.5,37,5,GCTACCATGTGTTGGTCTTA,32,3949487
xdhAp1,2.3333333333333335,18,5,GCTAAAATTTAGCCCGCCTC,13,3958398
xdhAp1,6.5,43,5,GCGCATTGTCCTTAAGGGGG,38,3974190
xdhAp1,10.0,64,5,GCCTAATCACAGAAATAAAC,59,3959053
xdhAp1,2.0,16,5,GCCGTATGACCTATAAACGT,11,3963052
xdhAp1,3.1666666666666665,23,5,GCCACTGTGCACTATTAAAG,18,3953244
xdhAp1,3.1666666666666665,23,5,GCATACTTGTATTAGTTTAC,18,3965349
xdhAp1,1.3333333333333333,12,5,GCAGCATGGAGTGTCAGCCA,7,3974896
xdhAp1,5.666666666666667,38,5,GAGACGTTGCTTCGCCGACA,33,3968178
xdhAp1,4.0,28,5,GAGAAGTAGATTTGTGCCTT,23,3981414
xdhAp1,10.0,64,5,GACGAACGTCACACCAAGGA,59,3952650
xdhAp1,0.3333333333333333,6,5,GACCTAACAGTTTACACCAC,1,3931658
xdhAp1,7.666666666666667,50,5,GACCGGTAACGTAAGCCCCT,45,3951243
xdhAp1,2.1666666666666665,17,5,GACAACGGGTAAAGCGAGAG,12,3944863
xdhAp1,2.0,16,5,GAATCGCCCACGGAGACGAG,11,3965137
xdhAp1,3.6666666666666665,26,5,GAAGAAAGCCTATGCATAGA,21,3975222
xdhAp1,3.1666666666666665,23,5,GAACGGAACCGATCGGCACG,18,3947047
xdhAp1,1.0,10,5,GAAAAAAAGTCATTGGCAGC,5,3974464
xdhAp1,4.166666666666667,29,5,CTTTGAACGTGTTCTCTAGG,24,3961612
xdhAp1,6.0,40,5,CTTGAATTTCTCCATTCTTG,35,3931118
xdhAp1,0.3333333333333333,6,5,CTTAGCGACCTTAAGAATAC,1,3968648
xdhAp1,4.0,28,5,CTCCTTCATTGCAGGACTTC,23,3948928
xdhAp1,6.333333333333333,42,5,CTCCGAGTGCAAGGAGTTAA,37,3939358
xdhAp1,4.5,31,5,CTCAGTGCCCACCACTGTAG,26,3970751
xdhAp1,1.8333333333333333,15,5,CTACAGGTCGCGAGGGTACG,10,3966596
xdhAp1,5.0,34,5,CGTCCGTTACCGCAGTACCA,29,3946075
xdhAp1,2.5,19,5,CGTCCCTTGGGGGCTTCACC,14,3980411
xdhAp1,7.0,46,5,CGGGAAAATGGGGCTCAATA,41,3962708
xdhAp1,2.3333333333333335,18,5,CGCTTAAACCCCTTTAATTT,13,3955047
xdhAp1,4.5,31,5,CGCGGGAGCACCGGGGGCTA,26,3929506
xdhAp1,4.333333333333333,30,5,CGCCGGTCTTCTACTCATAA,25,3934235
xdhAp1,0.3333333333333333,6,5,CGAGTGATTCCTCCTAAATA,1,3970212
xdhAp1,3.3333333333333335,24,5,CGAGAGTGTGTGATAGTTGC,19,3974589
xdhAp1,2.3333333333333335,18,5,CGAGACGGTCGAAGCGGTGT,13,3963206
xdhAp1,2.1666666666666665,17,5,CGAAGAAACCGGATAGAATG,12,3932286
xdhAp1,3.5,25,5,CCTTAGCCCGGCAGAGTAAT,20,3962931
xdhAp1,3.3333333333333335,24,5,CCTGACAGTTCGCTTTTCTC,19,3929355
xdhAp1,4.5,31,5,CCTATCAGACTTCATCCGTA,26,3955296
xdhAp1,2.6666666666666665,20,5,CCCTTGTGTTCCATGTATCC,15,3935935
xdhAp1,2.5,19,5,CCCGACGGCATGGCTCATCA,14,3936914
xdhAp1,3.0,22,5,CCCCGGTGCTAGATATGACG,17,3930119
xdhAp1,5.833333333333333,39,5,CCAACATGCTCTAGCGGCGA,34,3955457
xdhAp1,1.5,13,5,CCAACACATGCCTTTTGGGT,8,3936986
xdhAp1,3.0,22,5,CATTCGCTGTCATCTCTGGT,17,3963906
xdhAp1,6.166666666666667,41,5,CATATAGAATGGGTACAACG,36,3934930
xdhAp1,3.1666666666666665,23,5,CAGTGTACGGACCCGGGCTC,18,3971457
xdhAp1,2.5,19,5,CAGCATTTTTTGGGCTGGAT,14,3937992
xdhAp1,0.3333333333333333,6,5,CACGCCGGAGAGCAGTTCCA,1,3971583
xdhAp1,5.166666666666667,35,5,CACACAAATGGACTGAAAGG,30,3947565
xdhAp1,0.3333333333333333,6,5,CACAAAACTGTCGTACATTT,1,3950291
xdhAp1,0.3333333333333333,6,5,CAATGTAAGCGTCCGGTGAG,1,3944695
xdhAp1,3.3333333333333335,24,5,ATCCATACCTCGGGTGGACA,19,3969742
xdhAp1,0.3333333333333333,6,5,ATCCAAAAAGCACCTCAAGT,1,3929244
xdhAp1,9.666666666666666,62,5,ATCACTCATACGCGGATGTT,57,3941990
xdhAp1,2.6666666666666665,20,5,ATCACAGCACCTCTCTAGTG,15,3966123
xdhAp1,2.5,19,5,ATATTCGAGGTAGTCTCCTA,14,3948466
xdhAp1,4.5,31,5,ATAGAACTCTGGGATGTGCC,26,3965958
xdhAp1,3.3333333333333335,24,5,ATACCAGAACCAGTCCATCT,19,3942150
xdhAp1,3.0,22,5,AGTGTGTAAAAAACTAATCA,17,3931448
xdhAp1,3.3333333333333335,24,5,AGGTGGTGATCTGCCTGCTT,19,3938659
xdhAp1,4.0,28,5,AGGGGTATGGACTTATCGCT,23,3968868
xdhAp1,0.5,7,5,AGGGGCAGCGGCTCATCTAC,2,3934821
xdhAp1,3.6666666666666665,26,5,AGGGGATCCGGGCGAAAAAA,21,3952244
xdhAp1,1.3333333333333333,12,5,AGGAAGCATGAGTTCGGACT,7,3956830
xdhAp1,0.3333333333333333,6,5,AGCTGCATCACATTATGCTA,1,3944885
xdhAp1,2.8333333333333335,21,5,AGCGCGGAATGAAAACAGTT,16,3953421
xdhAp1,1.5,13,5,AGCGACCCGATAACAGGTGG,8,3976865
xdhAp1,4.833333333333333,33,5,AGCAGCGGTGTAGGCATGCC,28,3939271
xdhAp1,3.5,25,5,AGATCTCTCGCCAGGGCGCC,20,3969326
xdhAp1,4.333333333333333,30,5,AGACTTGGGGAACATATTAG,25,3931200
xdhAp1,4.166666666666667,29,5,ACATCGCATTGGACCAGATA,24,3959512
xdhAp1,0.3333333333333333,6,5,ACAGCCATCATTCACCCGGT,1,3961694
xdhAp1,0.3333333333333333,6,5,ACAGACTATACCAGAAGTCA,1,3953532
xdhAp1,0.3333333333333333,6,5,AATGTGGCTCTCCCTACACA,1,3981364
xdhAp1,0.3333333333333333,6,5,AAGGGATGCCCGAGCAATAT,1,3950817
xdhAp1,19.166666666666668,119,5,AACATATTTCAACCTCGTCA,114,3968206
xdhAp1,0.3333333333333333,6,5,AAACGAAAACTGGACCCTGC,1,3955188
xdhAp1,0.3333333333333333,6,5,AAACATTCTGTCCAACCCGA,1,3933992
xdhAp1,2.5,19,5,AAACACCACTGGCGTTTTTA,14,3963388
xdhAp1,3.5,25,5,AAAACTGATTACATGCCTCC,20,3981370
xdhAp1,0.6,6,4,TTTTGCGTTGGACACACGCA,2,3949939
xdhAp1,5.4,30,4,TTTTGCATCAGCCGTTGAAG,26,3980034
xdhAp1,5.8,32,4,TTTGTTTGCGGATTCAGTAG,28,3953367
xdhAp1,3.6,21,4,TTGTCAATAGGCTTGTGCAT,17,3939251
xdhAp1,2.0,13,4,TTGTAATCTTAGCTCACGGG,9,3959691
xdhAp1,0.4,5,4,TTGGTCACCAACTATTAAGG,1,3947344
xdhAp1,4.2,24,4,TTGGCTCCCGTCATTGTTAT,20,3948368
xdhAp1,8.8,47,4,TTGCTGGGCATACGGTCCAG,43,3948990
xdhAp1,4.8,27,4,TTCGTTACCTTTGAACGTAC,23,3966933
xdhAp1,7.4,40,4,TTCGGGTAGACAGTGGGCTC,36,3951439
xdhAp1,4.8,27,4,TTCGAATGCGTCTGTAAATG,23,3951442
xdhAp1,4.2,24,4,TTCATTTGGTACTTTGGCGT,20,3971444
xdhAp1,0.4,5,4,TTCAAACGCAAGCTACGTTA,1,3977587
xdhAp1,5.0,28,4,TTATGACTGGGCAATGTTTT,24,3949712
xdhAp1,3.0,18,4,TTAATTATGACACAGGCCCA,14,3961097
xdhAp1,2.0,13,4,TTAAGTTATTGATTTTCCTT,9,3943557
xdhAp1,6.0,33,4,TTAAATCTAATTTGCCGAAG,29,3973421
xdhAp1,0.4,5,4,TGTGAAGATACTGTCCTTAC,1,3953754
xdhAp1,0.4,5,4,TGTCTGCGATTCACGAAAAG,1,3975663
xdhAp1,4.2,24,4,TGTCGTATCCAGTCCGTTTA,20,3938265
xdhAp1,0.4,5,4,TGGCAGCCAGTAGCGGACTG,1,3972711
xdhAp1,3.4,20,4,TGCTTGAGCCCGCTAATATC,16,3963820
xdhAp1,6.2,34,4,TGCTGGCCCGCCTCACACCA,30,3950697
xdhAp1,0.6,6,4,TGATTGCATCTTCCTCCTGA,2,3950883
xdhAp1,5.2,29,4,TCTGACGCAAAGATTGTATG,25,3962804
xdhAp1,3.6,21,4,TCTAAGTTCGTACGTACGGA,17,3937708
xdhAp1,5.2,29,4,TCGTTTGTTAATATGACACT,25,3963365
xdhAp1,3.0,18,4,TCGTGAGCCAGGTCCCCAGG,14,3940763
xdhAp1,0.4,5,4,TCGTATGACTTGGCCCGTCT,1,3934417
xdhAp1,2.4,15,4,TCGATAGTCTTAGTGAACCA,11,3932085
xdhAp1,4.4,25,4,TCGACCTGTGGCTGGCACGA,21,3948016
xdhAp1,0.4,5,4,TCGACACCGAAAGGGGTGTG,1,3980381
xdhAp1,5.0,28,4,TCCTCAGTTAGGAAAGTGAT,24,3964654
xdhAp1,5.0,28,4,TCCGTGCGAAACCTTAATCA,24,3945296
xdhAp1,4.0,23,4,TCCGGGACTAGCGATCGTAA,19,3951990
xdhAp1,4.8,27,4,TCCACGTTTAGTTTGCCTGC,23,3959539
xdhAp1,4.0,23,4,TCAGGTATCCGGATCCTCCT,19,3941194
xdhAp1,3.8,22,4,TCAGCTGAAGCTTGTGCGAC,18,3980427
xdhAp1,0.4,5,4,TATGGATCTCCAGCTTAGCG,1,3971562
xdhAp1,2.4,15,4,TATCCGATAGCGGAGGCGTG,11,3935133
xdhAp1,2.6,16,4,TACTTAAAGCACTACGGCAT,12,3950406
xdhAp1,4.6,26,4,TACTGGGGCGCGTGTATATA,22,3949871
xdhAp1,5.2,29,4,TAAGTTCTCGCGACTTTCAA,25,3963310
xdhAp1,3.2,19,4,TAAAGCAAGCGCCTTGTTGC,15,3956404
xdhAp1,0.4,5,4,GTGTCCCACTTATGAGGTAA,1,3946332
xdhAp1,0.4,5,4,GTGCCACGCCGGTCGCAAGC,1,3940931
xdhAp1,7.8,42,4,GTCATTCGGACTATCCGGTG,38,3934562
xdhAp1,5.8,32,4,GTATTTTCATTTGCCACGAT,28,3981206
xdhAp1,2.6,16,4,GTATCGCTCATACGTGGACG,12,3939372
xdhAp1,6.2,34,4,GTATCGCGCTTCTTATTAGT,30,3930400
xdhAp1,0.4,5,4,GTACTGACTACAATACTCTG,1,3941140
xdhAp1,0.4,5,4,GTACGGTTGACTCAGATGCC,1,3958996
xdhAp1,0.4,5,4,GTACCATCTACGGATTAGCA,1,3929936
xdhAp1,0.8,7,4,GTAATAGTAGCTCCTCCCTA,3,3976721
xdhAp1,8.4,45,4,GGTTCTAAGCTTTTCATGGA,41,3979541
xdhAp1,6.4,35,4,GGTGGGCGTAGAGTGCTATT,31,3980211
xdhAp1,5.0,28,4,GGTGGACCATTCCGGGGTGG,24,3966881
xdhAp1,7.4,40,4,GGTAGGTGGGAGCGGTTGGA,36,3955067
xdhAp1,0.8,7,4,GGGTTCTCATAGACAATCGT,3,3963569
xdhAp1,4.2,24,4,GGGGACAGGCTCTGACGCCT,20,3948915
xdhAp1,5.2,29,4,GGACTTATTATCTTTAAAGT,25,3969694
xdhAp1,4.0,23,4,GGACGTTATTCATGATGATA,19,3953058
xdhAp1,3.2,19,4,GGACAAGATTATGTCTAATA,15,3981125
xdhAp1,3.0,18,4,GCTTGGTGAGCACAGTCTCT,14,3933018
xdhAp1,0.4,5,4,GCTATCCAGAGGTTAGGACT,1,3940930
xdhAp1,4.6,26,4,GCTAGTGGGAGGAGAGGTGG,22,3930541
xdhAp1,2.2,14,4,GCGTACAGAGTTGTCACAAT,10,3964716
xdhAp1,3.2,19,4,GCGGACCATAGAAAGTTTTG,15,3967023
xdhAp1,5.6,31,4,GCGGAATGACAAAGTAGAGC,27,3941286
xdhAp1,2.4,15,4,GCCTCCCTATCCGCTGATAG,11,3955288
xdhAp1,3.8,22,4,GCCCGGACCGGAAGTGGAGC,18,3935911
xdhAp1,3.6,21,4,GCCACAATTTGTCCGCACGT,17,3936388
xdhAp1,3.2,19,4,GATGGTTAACAATCGTCAAT,15,3972325
xdhAp1,4.0,23,4,GATGCTGCGGAAAGTTTAGG,19,3937929
xdhAp1,3.8,22,4,GACGGCTGCCCATGAACAAT,18,3945547
xdhAp1,0.4,5,4,GACGATCGAAGTTCGTGGCA,1,3975197
xdhAp1,3.4,20,4,GACCTGATTGCCGGAGGATT,16,3981000
xdhAp1,7.4,40,4,GACCCACGATAGAGCTGGTA,36,3960043
xdhAp1,4.2,24,4,GACATAGCCGGTGCAGGGGA,20,3934387
xdhAp1,0.4,5,4,GAAGTATGGGAGACTGCGGA,1,3943401
xdhAp1,5.4,30,4,GAACACATCTAAGATAAACT,26,3961254
xdhAp1,6.0,33,4,CTTGCCCGCGGTGTTGGGGG,29,3978647
xdhAp1,3.8,22,4,CTTCTACTGATTGCCATGGG,18,3979008
xdhAp1,8.4,45,4,CTGTAACCAGACTATTCCTC,41,3967583
xdhAp1,6.0,33,4,CTGGTTCTGGGGCGGCGTTC,29,3945849
xdhAp1,5.0,28,4,CTGGATAGAAGTCAACTCTC,24,3980719
xdhAp1,6.4,35,4,CTGCAGCGAGTTTACCCCCA,31,3957817
xdhAp1,4.4,25,4,CTGATTTTCCGCCTATGTAC,21,3973004
xdhAp1,0.4,5,4,CTGAGACTGTAGCGGCAGGT,1,3948983
xdhAp1,4.2,24,4,CTGACTATCAAAGTCAATCT,20,3931381
xdhAp1,4.2,24,4,CTCCAATTCGAGATTGATGC,20,3944139
xdhAp1,0.4,5,4,CTCAAGACGCGACGGGACAA,1,3931852
xdhAp1,10.2,54,4,CTATGAGTTACGTATTTGGT,50,3948567
xdhAp1,6.0,33,4,CTAGATAGTACTGGAAACAA,29,3946471
xdhAp1,9.4,50,4,CTACGTCATTCGAACCGGAG,46,3951384
xdhAp1,3.0,18,4,CGTTTGCTGGAGAGGAGAGA,14,3970067
xdhAp1,0.4,5,4,CGTTAGGCAACATTGAGAGG,1,3938875
xdhAp1,3.6,21,4,CGTGAGATCACTCCCAGTGA,17,3938658
xdhAp1,0.4,5,4,CGTCACCCACATGTGGGTAA,1,3956838
xdhAp1,4.0,23,4,CGGTCGAGCCTCCAACTAAA,19,3975946
xdhAp1,0.4,5,4,CGGCCATCCAGGTACACGAC,1,3934828
xdhAp1,1.6,11,4,CGATCTTCATGTTAAGCACT,7,3950002
xdhAp1,1.4,10,4,CGAGCTGTTGAACTTGTCAA,6,3980225
xdhAp1,0.4,5,4,CGACTCATACCACTTTCGCA,1,3956519
xdhAp1,0.4,5,4,CCTGTGTCTGTTTGCTGAAC,1,3977539
xdhAp1,4.2,24,4,CCTGGATCCGGGAATCTCTA,20,3946728
xdhAp1,4.0,23,4,CCTCTCGGGGAACAGAGTCC,19,3942886
xdhAp1,0.4,5,4,CCGGGGTTATATGTATGAAT,1,3963649
xdhAp1,4.6,26,4,CCGGGAAGAGCGTTCTGTCA,22,3938256
xdhAp1,8.0,43,4,CCGCTTGAAGATTCTTATTG,39,3933026
xdhAp1,0.4,5,4,CCGCCGCGGTCACTATGCGG,1,3965635
xdhAp1,0.6,6,4,CCGATCACCGATCGCTGACA,2,3976456
xdhAp1,5.6,31,4,CCGACTCATGGTCATATCTC,27,3956750
xdhAp1,6.2,34,4,CCCATTTAGCCTTAACCCAG,30,3961853
xdhAp1,7.0,38,4,CCATTAACTCTGTACACGAT,34,3952015
xdhAp1,0.4,5,4,CCATCATCAGCCTATTCGGG,1,3957467
xdhAp1,5.4,30,4,CATTGATAAAGACTTAACTC,26,3977450
xdhAp1,1.2,9,4,CATGGTCGAAAACACGAAAC,5,3971204
xdhAp1,6.4,35,4,CATCCCCGTCTGGGCCAACT,31,3930011
xdhAp1,4.6,26,4,CATAAGGCGGTTTGAGAGAT,22,3946076
xdhAp1,3.8,22,4,CAGCCCCTTCATAAATTAGA,18,3967498
xdhAp1,2.0,13,4,CAGACCATTTCCTTCACGAT,9,3980463
xdhAp1,2.8,17,4,CACTTATTCGGGTAGGGGTA,13,3968217
xdhAp1,0.4,5,4,CACGTCATCCGATGGCAGGT,1,3953118
xdhAp1,11.8,62,4,CACGTATGCTCTTGGTGACC,58,3950701
xdhAp1,3.2,19,4,CACGAATACTGTCCCTATTT,15,3943932
xdhAp1,0.6,6,4,CACCGTAGACTGAGCAGATT,2,3936079
xdhAp1,2.6,16,4,ATTGCCCGCGATCATGCATG,12,3980277
xdhAp1,4.6,26,4,ATTAATGGCGTATAGGGGGA,22,3933994
xdhAp1,4.8,27,4,ATGTGCCCAGGCCAGTGACA,23,3963598
xdhAp1,2.8,17,4,ATGGTCGTCGCGCACCGGGT,13,3965631
xdhAp1,12.4,65,4,ATGGAGGACTCTACAACCGT,61,3929755
xdhAp1,0.4,5,4,ATGCGCCCGCGAATGAAACG,1,3973543
xdhAp1,5.0,28,4,ATCTTTGACATGTTGAAATC,24,3965566
xdhAp1,0.4,5,4,ATCTTGGCGTCCTTCTAGAC,1,3942494
xdhAp1,0.6,6,4,ATCTGGCAAGCGTGTTTCCT,2,3972507
xdhAp1,0.4,5,4,ATCCTGGGGAAGGGTGCGTT,1,3952963
xdhAp1,3.4,20,4,ATCCGACAAGCATGTATTAT,16,3929892
xdhAp1,6.2,34,4,ATCATAGGTTTCTGCACTAT,30,3965350
xdhAp1,4.2,24,4,ATATACTAGCCCGCTGGGGT,20,3942777
xdhAp1,4.4,25,4,ATAGATCGCTAGCCAATCAT,21,3958471
xdhAp1,4.2,24,4,ATACATACAGTTTTCGGAGA,20,3972237
xdhAp1,5.0,28,4,ATAAGGTAAGTAAGCCATCT,24,3946478
xdhAp1,4.6,26,4,AGTTAGCCTATGTAACAGGC,22,3929649
xdhAp1,0.6,6,4,AGTTACCCACCGCTGCTCTT,2,3939054
xdhAp1,0.4,5,4,AGTGGCGGTCAGAAACTCCG,1,3933223
xdhAp1,6.8,37,4,AGTAATATTCACTAATTGAT,33,3937829
xdhAp1,2.8,17,4,AGGAAACTTCGAAAGAGAAG,13,3940982
xdhAp1,5.2,29,4,AGATACCGGGGTCGGGCCTG,25,3931165
xdhAp1,4.6,26,4,AGAGCTCTGGCGCACAACAT,22,3957760
xdhAp1,5.2,29,4,AGACTACGACCCCTCTGTGA,25,3958227
xdhAp1,10.4,55,4,AGAACGATGATTGGCGTCGA,51,3975364
xdhAp1,0.4,5,4,ACTTTGTCTGCCACTTCTAG,1,3960571
xdhAp1,4.4,25,4,ACTTCTGTCCTGGCACGCGA,21,3939277
xdhAp1,0.4,5,4,ACTCTTTGTATCCCTCGAGA,1,3936445
xdhAp1,5.4,30,4,ACTACTATGATTGAAGGTTT,26,3971389
xdhAp1,3.2,19,4,ACGAATTCCGCTGCCATTAC,15,3949212
xdhAp1,4.2,24,4,ACCTTCGGGCGTTCATTGTC,20,3962886
xdhAp1,8.8,47,4,ACCGCATATCAACCAGACTA,43,3944191
xdhAp1,6.4,35,4,ACCCTTCGAGGCCATTACGA,31,3952414
xdhAp1,2.6,16,4,ACCCACTTCGTATCTGGCGA,12,3943317
xdhAp1,14.2,74,4,AATGCATATAGTACAAGCGT,70,3957475
xdhAp1,5.0,28,4,AATCTATGGCGCTTGAGGCC,24,3966879
xdhAp1,0.4,5,4,AATCGAGAATAAGCCACCTT,1,3944309
xdhAp1,3.4,20,4,AATATCGAATTGGGGCCTCC,16,3944692
xdhAp1,4.0,23,4,AATAGATCCGATTTCCTCTC,19,3968426
xdhAp1,0.4,5,4,AATAACGTCCATTTTGTTAC,1,3970829
xdhAp1,2.8,17,4,AAGTTGCCCTCCATTGTAGT,13,3959248
xdhAp1,4.2,24,4,AAGCGTGCGGCCGAGGTGCC,20,3953152
xdhAp1,0.6,6,4,AAGAATGCCTCTAAGATCTT,2,3957480
xdhAp1,1.8,12,4,AAGAAGCGTAGTTCACATGA,8,3973211
xdhAp1,3.4,20,4,AACCGCTGCCGGCAAAAGTT,16,3952690
xdhAp1,6.8,37,4,AACCACTAAAATAAGCAGAT,33,3949214
xdhAp1,3.2,19,4,AACAGTAAGTACTTGCGCTA,15,3936523
xdhAp1,0.4,5,4,AAATTCCCGCAGAATCTCCA,1,3953960
xdhAp1,1.0,8,4,AAATACGTGTAATAGAACGG,4,3952295
xdhAp1,4.4,25,4,AAACTTGGACGCAGCGAGCC,21,3937604
xdhAp1,2.6,16,4,AAAAGCGCGCCCATCGCTAC,12,3938988
xdhAp1,7.25,31,3,TTTTTATTAGGCACACGGCC,28,3951048
xdhAp1,0.75,5,3,TTTTTAGCCAACCCAAAACA,2,3962391
xdhAp1,5.25,23,3,TTTGCGCAGTTTGTCGTTTT,20,3946801
xdhAp1,4.75,21,3,TTGCCCAGGGGGTTAGCCTC,18,3929725
xdhAp1,6.0,26,3,TTCTTATCGTGTGCGTGTGG,23,3931079
xdhAp1,10.25,43,3,TTACCGTTAATAATTCACCC,40,3941930
xdhAp1,4.25,19,3,TGTTTGTGGCTATTGACTAT,16,3955059
xdhAp1,0.5,4,3,TGTTTGCAACGACGATGAAG,1,3975298
xdhAp1,1.75,9,3,TGTTTAATGCTTTAAGTGAA,6,3945595
xdhAp1,7.5,32,3,TGTGCGGAATTCGTGGTGAA,29,3956601
xdhAp1,7.25,31,3,TGTCTCCCAATGTACGTACA,28,3931972
xdhAp1,7.25,31,3,TGTCAGTCGGGCGGTTTGAA,28,3946423
xdhAp1,2.75,13,3,TGGTGTAGCAGGGAGACGTA,10,3960637
xdhAp1,0.5,4,3,TGGGGTTCGGCACATGGCTA,1,3943453
xdhAp1,0.5,4,3,TGGGATATATCAGCTGACAA,1,3930537
xdhAp1,9.25,39,3,TGGCTATGTATTGGTTTCCT,36,3942982
xdhAp1,6.25,27,3,TGGAGGCACTTGCAGCTTTA,24,3969503
xdhAp1,5.0,22,3,TGGACCGCATAGCAACGAAA,19,3950381
xdhAp1,4.0,18,3,TGCTAACTTAAATTTAAACA,15,3979894
xdhAp1,13.0,54,3,TGCGATGTTGTAAGTTAATC,51,3935049
xdhAp1,0.5,4,3,TGCCTCCGAATCCAGATAGT,1,3965787
xdhAp1,5.75,25,3,TGCACTGTCCAGATCTAAGT,22,3953171
xdhAp1,0.5,4,3,TGATTAAGGGGGTTAGTTGT,1,3967255
xdhAp1,2.75,13,3,TCTGGGTGCACTGATTAATG,10,3980281
xdhAp1,4.75,21,3,TCTATCTATGTGAAGCAGTC,18,3951736
xdhAp1,4.0,18,3,TCTATCACACCACTTACAGT,15,3933851
xdhAp1,0.75,5,3,TCGTCGTAGGTTAAAACCAG,2,3929862
xdhAp1,6.75,29,3,TCGGGATATCATATTGTCAT,26,3963773
xdhAp1,5.25,23,3,TCGCTCTTTAAGGATCGGTT,20,3943725
xdhAp1,15.5,64,3,TCGCGGACACTTATCAAGAG,61,3954204
xdhAp1,8.25,35,3,TCGCCGCAGAAGCGTGCAAA,32,3931907
xdhAp1,3.5,16,3,TCCCGGCTTGCAATTTTATA,13,3975947
xdhAp1,8.25,35,3,TCCCATTCGTTTAGGGCCCA,32,3949139
xdhAp1,3.5,16,3,TCCAGGACATGCGACGCAGT,13,3958112
xdhAp1,13.0,54,3,TCAGGCATGGTATAAGGGGT,51,3950826
xdhAp1,4.25,19,3,TCACAACATACGCATGAGTC,16,3933530
xdhAp1,15.0,62,3,TATTACTTCGTCATTCTAGT,59,3962200
xdhAp1,5.25,23,3,TAGATGTCAGCGAAACTCAG,20,3951455
xdhAp1,5.75,25,3,TACTTGGGTCTTTAGTTAGA,22,3946005
xdhAp1,5.0,22,3,TACCTTCAGCTTGCAGGTCT,19,3936615
xdhAp1,5.25,23,3,TACCACACCTAAGTTACGAG,20,3970247
xdhAp1,0.5,4,3,TAATTTAAATGGGTCAAAAG,1,3966125
xdhAp1,0.5,4,3,TAATATTAGTATGAACAATC,1,3977016
xdhAp1,10.75,45,3,TAATATCTCCTGTCCAGTCC,42,3962830
xdhAp1,11.0,46,3,TAACCCGTGTCCACTATCTG,43,3943864
xdhAp1,4.25,19,3,TAAACTGCAGACATGTGATT,16,3950042
xdhAp1,5.75,25,3,GTTTTCTTGATATAGGAATA,22,3970517
xdhAp1,2.75,13,3,GTGTAGTAAGTGCGTCAAAG,10,3931377
xdhAp1,0.5,4,3,GTGGGCAGTTTTTTAGGTTG,1,3973005
xdhAp1,2.75,13,3,GTCTTGAAGTGAAATAGATT,10,3981031
xdhAp1,8.75,37,3,GTCGCACCAGGCTACAGCCG,34,3971670
xdhAp1,5.25,23,3,GTCGAGCCTTTTGTAAAAGT,20,3967351
xdhAp1,5.0,22,3,GTAGTACAGTGGCATGAAGA,19,3976523
xdhAp1,0.5,4,3,GGTTTGGGACAGGGCACCAA,1,3952276
xdhAp1,8.25,35,3,GGTCGCTGAGAGTTCTTTTT,32,3938002
xdhAp1,2.75,13,3,GGGGACGCGGTGGCGATTGC,10,3979928
xdhAp1,0.75,5,3,GGGCGTTCAGGGCTGTAAAT,2,3966667
xdhAp1,4.75,21,3,GGGCCTTGTTCTAGTATTAG,18,3966478
xdhAp1,0.5,4,3,GGGACTAGCGCATTGCCAAT,1,3970564
xdhAp1,6.5,28,3,GGGAACCGGCGGTACGTGCA,25,3961886
xdhAp1,4.25,19,3,GGCTGTCCAGTCCTTGCACG,16,3947753
xdhAp1,6.75,29,3,GGCTAGGCTTGGTACCAAAC,26,3934639
xdhAp1,2.25,11,3,GGCGTCGGCCGATGCATCCC,8,3933915
xdhAp1,5.5,24,3,GGCCGCTTGCAATATGTTGC,21,3943622
xdhAp1,5.0,22,3,GGCCCTACTCGGCCACCCTA,19,3975296
xdhAp1,3.75,17,3,GGCAGTTTATCTGTATAATC,14,3935956
xdhAp1,12.0,50,3,GGATATCCGGGACTACGCGT,47,3968248
xdhAp1,4.75,21,3,GGATAAAGCCCATGCAATTT,18,3971673
xdhAp1,0.5,4,3,GGAGGATTGACGAATCGAAT,1,3980019
xdhAp1,5.0,22,3,GGAGACGCAAGCGGGTGGCA,19,3950813
xdhAp1,5.0,22,3,GCTTTGGCCTCATTACAGCG,19,3946024
xdhAp1,5.75,25,3,GCTTCATACCTTGGTTACAT,22,3943319
xdhAp1,8.0,34,3,GCTGGTGTGAGAAGTATACT,31,3958311
xdhAp1,1.5,8,3,GCTGCGTCTTGGATCAATAA,5,3948196
xdhAp1,6.0,26,3,GCTCGCAGTGGTAATGTCTG,23,3975235
xdhAp1,12.25,51,3,GCGTTTCAACCAGCTTGTAT,48,3963635
xdhAp1,9.25,39,3,GCGGAGCCGGTACCGCGTAT,36,3960054
xdhAp1,0.5,4,3,GCGCATCAGTCCAGCGCCGC,1,3932498
xdhAp1,8.0,34,3,GCCTTTGGTGGTTCGCATCA,31,3954297
xdhAp1,6.0,26,3,GCCCCAGTTTTTTTGCAGGT,23,3932868
xdhAp1,5.25,23,3,GCCATGGGCCGAAAACAATC,20,3965446
xdhAp1,2.75,13,3,GCCACGAAATCAGGAGGTCG,10,3980370
xdhAp1,7.75,33,3,GATGGTCTTACCCAACATAG,30,3973766
xdhAp1,2.75,13,3,GACGTGTATGATCCCCTGGA,10,3971024
xdhAp1,4.5,20,3,GACAGATAGCGGCAACCCCT,17,3956152
xdhAp1,0.5,4,3,GAAGGGCTGGTACATCCATC,1,3938614
xdhAp1,0.5,4,3,GAAGAGCGGGCATGAGAGAG,1,3958022
xdhAp1,3.75,17,3,GAAGAAGCGTAACTGCTGAG,14,3935355
xdhAp1,0.5,4,3,CTTACCTGGCTGCCGACCAA,1,3965041
xdhAp1,10.5,44,3,CTGGTAGGGCGCCTAAGTTT,41,3932392
xdhAp1,5.5,24,3,CTGCCAGGATTGCCGGTATC,21,3941257
xdhAp1,6.75,29,3,CTCCGCATGCATGACGACGC,26,3964388
xdhAp1,1.0,6,3,CTCATAACGTCGTTGCATTG,3,3937121
xdhAp1,0.5,4,3,CTATTTCGCAGTGTATCAAT,1,3959857
xdhAp1,9.25,39,3,CTAGCACTTCGGATACTAGG,36,3981153
xdhAp1,8.0,34,3,CTAATGACGTCCGGATTCGA,31,3972661
xdhAp1,6.25,27,3,CTAAGTCCAAGGACAACAGC,24,3948174
xdhAp1,4.0,18,3,CGTTGCGCAGTCCCCATTTC,15,3931786
xdhAp1,1.25,7,3,CGTGTTGTGCCTTGGTACAC,4,3973365
xdhAp1,8.5,36,3,CGTGGGAAGCCGAAGCCGAT,33,3942422
xdhAp1,0.5,4,3,CGTCCCCAACCTACAGTTTC,1,3958096
xdhAp1,6.5,28,3,CGTATAAATACAACCTGAAA,25,3944838
xdhAp1,0.5,4,3,CGGAAGGTCGCCACGCCCTC,1,3967260
xdhAp1,3.5,16,3,CGCGTCAGCGTCAGGACGAT,13,3945782
xdhAp1,6.25,27,3,CGCAAATGCCAACCAAGAAG,24,3929360
xdhAp1,3.5,16,3,CGAGGTGCCCACAACTTTGA,13,3938587
xdhAp1,8.0,34,3,CGAGCTTAAATGCCTCTTGT,31,3961903
xdhAp1,4.75,21,3,CGAGACCCCGTTGTTGCCAT,18,3962625
xdhAp1,3.0,14,3,CGACCGGGAAAGGAAGTAGC,11,3946647
xdhAp1,8.75,37,3,CGACCGATGAACTCCGGACT,34,3969015
xdhAp1,2.5,12,3,CCTTGATAGGTCTTAACAGC,9,3949962
xdhAp1,5.25,23,3,CCTGTCCCTTGTGAATAGGC,20,3975570
xdhAp1,2.25,11,3,CCTGGTCGGGAAGCTGGCGG,8,3932343
xdhAp1,9.25,39,3,CCTGAACTCAGTAACATACA,36,3972204
xdhAp1,6.5,28,3,CCTCGGCGTTCAGCATGATT,25,3957845
xdhAp1,1.75,9,3,CCTCCCCCGGGGGGCTACTG,6,3947143
xdhAp1,6.75,29,3,CCGTTAAAGTCGCTGAATTT,26,3955069
xdhAp1,0.5,4,3,CCGTGCGTAAGTTGACTCCT,1,3961245
xdhAp1,7.5,32,3,CCGTACCGCGGGAGTCATAC,29,3941247
xdhAp1,2.0,10,3,CCGGTGCACAATAGCATTCT,7,3960494
xdhAp1,0.5,4,3,CCGGTAAATGGCCTTAGTAA,1,3939111
xdhAp1,7.75,33,3,CCGATGTTGGGGAGCTCGTT,30,3971214
xdhAp1,0.75,5,3,CCCTAAAGGACCGCCAACCA,2,3933818
xdhAp1,5.75,25,3,CCCGAGCCTGGGTTAGCCGA,22,3931646
xdhAp1,0.5,4,3,CCCGACAGTCTATGCCACCC,1,3973468
xdhAp1,4.25,19,3,CCCCTATCGTAATCCTTAGT,16,3959983
xdhAp1,0.5,4,3,CCAGAAGCGGACTCATTTGT,1,3948176
xdhAp1,12.75,53,3,CCACCGAGATGATGGCAGAC,50,3957204
xdhAp1,0.5,4,3,CATGTTCAAGTAACACGCAA,1,3936099
xdhAp1,0.5,4,3,CATGCACCGACGGAATTGGT,1,3947651
xdhAp1,0.75,5,3,CATGATCGTCAGGTTTATAA,2,3977203
xdhAp1,9.75,41,3,CATCAGGATCGTCGCAATGA,38,3933790
xdhAp1,3.75,17,3,CATAATTTATGGACCACCCC,14,3956033
xdhAp1,8.5,36,3,CAGCTCACGCGCAGGCCCCC,33,3973081
xdhAp1,11.25,47,3,CACTGGACATTCGGGGGGTA,44,3969317
xdhAp1,3.75,17,3,CACTAACAGTTGGGATACAG,14,3977997
xdhAp1,3.25,15,3,CACAGGCGTAATTCAGACAT,12,3948706
xdhAp1,2.5,12,3,CACAACCTTGAGACAAGGTC,9,3934403
xdhAp1,5.75,25,3,CAAGGGGGGTGGTAGGTTAT,22,3929545
xdhAp1,5.25,23,3,CAAGATACATGGACTGCGGG,20,3973994
xdhAp1,8.0,34,3,CAAAGCGGGTTATAGCCGAT,31,3972547
xdhAp1,7.25,31,3,ATTTCCGATAAATCTGTCTG,28,3970175
xdhAp1,6.0,26,3,ATTTAGACAAAGCCAGACAA,23,3936233
xdhAp1,4.0,18,3,ATTCCCCCTTGATAGGGAAA,15,3948543
xdhAp1,0.5,4,3,ATCGGCTTTTTTTAGACTAG,1,3970169
xdhAp1,11.75,49,3,ATCGGACAGGGGCTCTCACC,46,3929480
xdhAp1,4.0,18,3,ATCAGGCAATTCTGCATTCA,15,3974344
xdhAp1,1.75,9,3,ATATATCGGGTCGTTCCCCT,6,3953807
xdhAp1,6.75,29,3,ATACCAAGGAAAATAGGATT,26,3958255
xdhAp1,8.5,36,3,ATAATAAACAGGCTCAACGT,33,3955110
xdhAp1,5.0,22,3,AGTTCCACTTGTATGATTAC,19,3929112
xdhAp1,2.5,12,3,AGTTCAGCGCAGCTTCCGGG,9,3932874
xdhAp1,4.5,20,3,AGTTAGTCCCACGAACGAGA,17,3976223
xdhAp1,5.5,24,3,AGTGGTGGCGATATTAGCCG,21,3932120
xdhAp1,0.5,4,3,AGTAGGATATATTTCCTCCT,1,3958413
xdhAp1,7.5,32,3,AGGAGTTCCTTGTTAGGTTG,29,3944169
xdhAp1,0.5,4,3,AGCTTTGCGTGGGACGTTCC,1,3955544
xdhAp1,10.0,42,3,AGCTCGGAAGCAGGCTGAGG,39,3959823
xdhAp1,8.0,34,3,AGCTACGCCTTGGCCATGTG,31,3980972
xdhAp1,7.0,30,3,AGCGGTTACCGTAGTCTCCC,27,3978628
xdhAp1,4.5,20,3,AGCGCGGTTGATGCGATAGG,17,3942988
xdhAp1,6.5,28,3,AGCCATTTGGATTGTCACTT,25,3960063
xdhAp1,10.5,44,3,AGCAGCATATCAAAACTTCG,41,3958920
xdhAp1,0.5,4,3,AGCAGAGATAGAATAAAATC,1,3930388
xdhAp1,2.5,12,3,AGCAGAACAGCGGATCAGTC,9,3939739
xdhAp1,3.75,17,3,AGCAATCCCTGCATGATTGG,14,3929287
xdhAp1,0.5,4,3,AGAGTGTTTGACGCATGCTC,1,3976746
xdhAp1,3.25,15,3,AGAGCAGCACTTGGGGATAG,12,3946151
xdhAp1,8.0,34,3,AGACTCTCTCGATACAGAGA,31,3952037
xdhAp1,5.75,25,3,AGACAGGTCATCTGCACAAA,22,3940738
xdhAp1,1.0,6,3,ACGTTATGACAAAATTCTAG,3,3975685
xdhAp1,4.75,21,3,ACGTCTATTCTGAAAACCTT,18,3967209
xdhAp1,3.75,17,3,ACGAACGTTCCACGCCCTCC,14,3932726
xdhAp1,9.5,40,3,ACCAGCCCTGACATGCCTTG,37,3935514
xdhAp1,0.5,4,3,ACATATCATGGCATAGTACA,1,3971330
xdhAp1,10.5,44,3,ACACTTTCTCTACAAGGATG,41,3953856
xdhAp1,9.25,39,3,ACACGTTCATCAGCGACCGT,36,3937503
xdhAp1,3.25,15,3,ACAACTTCCTCCCGCTGCGC,12,3964548
xdhAp1,6.0,26,3,AAGTAGATTGCACGAGAGGC,23,3944150
xdhAp1,0.5,4,3,AAGCTTTTCAGGGGTTTGCT,1,3957846
xdhAp1,2.75,13,3,AAGCTGCGGTAGTTGAACGA,10,3956063
xdhAp1,5.0,22,3,AAGAGAAAGTCAGCGTAACC,19,3964032
xdhAp1,9.0,38,3,AACTTAGAGGCTTGAATCTA,35,3942185
xdhAp1,5.0,22,3,AACAGGTATCAATAATCGAG,19,3979898
xdhAp1,6.5,28,3,AAATGGGACATAGCACCCTG,25,3953915
xdhAp1,3.75,17,3,AAACATTGGTACTCTTCGTG,14,3957816
xdhAp1,3.3333333333333335,11,2,TTTTAGAGCATCGAGGAGCA,9,3976910
xdhAp1,0.6666666666666666,3,2,TTTGGAATCGATGTGGCCGA,1,3974372
xdhAp1,8.666666666666666,27,2,TTTCCCCGCTACGCGAATTC,25,3974143
xdhAp1,9.666666666666666,30,2,TTTAGGATTTCAAGTTTAGA,28,3941148
xdhAp1,1.0,4,2,TTTACGACGCTACTGCACAC,2,3948089
xdhAp1,2.6666666666666665,9,2,TTGGTTACGTGTGCCCGCGG,7,3932284
xdhAp1,0.6666666666666666,3,2,TTGCGAGGGCACTTTAGGTT,1,3959845
xdhAp1,20.0,61,2,TTCTTGTGGGACAGCCTCAT,59,3953000
xdhAp1,10.333333333333334,32,2,TTCTTCTTGTCCGCCCCTGT,30,3960636
xdhAp1,2.3333333333333335,8,2,TTCGCCGGTTGTCAACCGAT,6,3974992
xdhAp1,3.0,10,2,TTCCTTACAGCCTGCTCTTG,8,3977290
xdhAp1,6.333333333333333,20,2,TTAGCCACGTTTCCAATCTA,18,3950034
xdhAp1,6.0,19,2,TTACTAAACGCGATCTTCCT,17,3973537
xdhAp1,8.333333333333334,26,2,TTAAAAAGGAATATACGCGT,24,3937487
xdhAp1,0.6666666666666666,3,2,TGTTGCAACAGGCGGCACAG,1,3964205
xdhAp1,0.6666666666666666,3,2,TGTAGTGTTTCACAACTCAC,1,3950879
xdhAp1,10.0,31,2,TGGTTAATGCGTAGTGCTTA,29,3945538
xdhAp1,9.666666666666666,30,2,TGGTCCGGTGTCATCACAAT,28,3939480
xdhAp1,10.333333333333334,32,2,TGGGTCAGATCATCTTGCCG,30,3944685
xdhAp1,15.666666666666666,48,2,TGGCTGAACCGGGCAGCGTC,46,3949666
xdhAp1,10.333333333333334,32,2,TGGCGCGGGTTACACCTCGC,30,3938818
xdhAp1,4.0,13,2,TGGCAGTAGCGGGCTTCCAC,11,3961900
xdhAp1,8.0,25,2,TGGATTCAAAGCATTTAAAC,23,3932036
xdhAp1,4.333333333333333,14,2,TGCTGCCACCATAATACCGA,12,3940435
xdhAp1,12.0,37,2,TGCTATGGTCAACGGCGTGC,35,3929340
xdhAp1,0.6666666666666666,3,2,TGCTAGGCCAGGATGACAGG,1,3946510
xdhAp1,0.6666666666666666,3,2,TGCTAAGCTAGAAACGACAC,1,3960468
xdhAp1,9.0,28,2,TGAACGCCTTATGAATCTAA,26,3959384
xdhAp1,6.333333333333333,20,2,TCGCACAACGATAAATCTCG,18,3976684
xdhAp1,5.666666666666667,18,2,TCCTTCGTGATCCATGCCGA,16,3966318
xdhAp1,7.333333333333333,23,2,TCCCGTTCAGCTGGTTTCAT,21,3941712
xdhAp1,0.6666666666666666,3,2,TCAGTCGAGAGTGCTGTGCA,1,3946704
xdhAp1,0.6666666666666666,3,2,TCAGGTCCACAGGGGAAAGT,1,3981430
xdhAp1,7.666666666666667,24,2,TCACCTCATTTAAGGCTCGA,22,3959575
xdhAp1,1.6666666666666667,6,2,TATCTTCAGGGTGAAGCTTC,4,3942079
xdhAp1,11.0,34,2,TATCGAGTTGGAGCTCGCAG,32,3940098
xdhAp1,7.333333333333333,23,2,TATACGGTGGTACCTACCCC,21,3954462
xdhAp1,4.666666666666667,15,2,TAGAGGGTGTCGCAAAATTG,13,3943983
xdhAp1,12.0,37,2,TACAGACAATCTTATTCTGG,35,3947757
xdhAp1,0.6666666666666666,3,2,TACACGCCAGTGAACGGGAA,1,3963578
xdhAp1,18.666666666666668,57,2,TACACCTGGTTGCTAGAAAG,55,3936361
xdhAp1,0.6666666666666666,3,2,TAATTGCGGCCCTCTCTTTT,1,3951611
xdhAp1,7.666666666666667,24,2,TAATCATAGCGCTAAGCTGT,22,3945580
xdhAp1,10.0,31,2,TAAATTACGGTTATAAATCC,29,3933112
xdhAp1,8.333333333333334,26,2,GTTTTATTATCTCCCCGGTA,24,3933902
xdhAp1,6.666666666666667,21,2,GTTCCCCTCCGAGCACAGGA,19,3950725
xdhAp1,13.333333333333334,41,2,GTTAGTATGGGGTCAGAAGC,39,3933780
xdhAp1,0.6666666666666666,3,2,GTTAAACACTGGCATCATCC,1,3931750
xdhAp1,0.6666666666666666,3,2,GTGTTACATACTGAGGATTT,1,3959648
xdhAp1,12.0,37,2,GTCTGTGGTCTTTTCCAGTG,35,3946475
xdhAp1,4.333333333333333,14,2,GTCTCGCCCCGCCTTGTTCG,12,3950721
xdhAp1,9.0,28,2,GTCGGTACACCGGTCTAGAT,26,3980397
xdhAp1,3.0,10,2,GTCCGTCGTCCTCACCGTCA,8,3976850
xdhAp1,7.333333333333333,23,2,GTCCCAGACTTCGCAGTCCG,21,3929439
xdhAp1,6.333333333333333,20,2,GTATGATGACGGATAGATAT,18,3961708
xdhAp1,8.0,25,2,GTATCGGGTCGCCTGACTTC,23,3943992
xdhAp1,2.0,7,2,GTAGATAGGGGTTTATATAA,5,3933583
xdhAp1,17.333333333333332,53,2,GTACTCTCGCCGACCCGTTT,51,3978452
xdhAp1,13.0,40,2,GTACAGTTCGATCTGGGTTC,38,3967186
xdhAp1,7.666666666666667,24,2,GGTTTCTTACAATAACTGGT,22,3929292
xdhAp1,18.666666666666668,57,2,GGTTTCAAAGGTCGAAGTGC,55,3932081
xdhAp1,10.666666666666666,33,2,GGTGATACCTCCCGATTATC,31,3935501
xdhAp1,3.0,10,2,GGTAGTCGGGCATTTTTATT,8,3931675
xdhAp1,6.0,19,2,GGGTTATCCGAGATATTATC,17,3972469
xdhAp1,5.0,16,2,GGGTGGAGGGCAATGTAATG,14,3955725
xdhAp1,6.333333333333333,20,2,GGGTCCGACTTCAGCTGCAG,18,3951369
xdhAp1,4.666666666666667,15,2,GGCTGTTTTGGCCGCGTCCG,13,3951700
xdhAp1,5.333333333333333,17,2,GGCTAACGCTGATGAGGAAT,15,3968163
xdhAp1,10.333333333333334,32,2,GGCTAACAAGCGGCATGGCT,30,3975302
xdhAp1,7.666666666666667,24,2,GGCCAGTAATAATTGTATGG,22,3971437
xdhAp1,0.6666666666666666,3,2,GGCCACCTGCCCGGAAGTAG,1,3954643
xdhAp1,5.333333333333333,17,2,GGCACTGGCCTACGCCAACT,15,3964788
xdhAp1,8.333333333333334,26,2,GGAGGAGCCGTTAGTAACTC,24,3934200
xdhAp1,0.6666666666666666,3,2,GGACTTAGATCTAGAGCATA,1,3949228
xdhAp1,0.6666666666666666,3,2,GGAACAGCTGCCTTAGACCC,1,3933210
xdhAp1,6.0,19,2,GCTTCCGACAGAATCAATGC,17,3978459
xdhAp1,5.0,16,2,GCTGTCCAGTCAGGCTATGT,14,3975712
xdhAp1,0.6666666666666666,3,2,GCTGGCCTTCATTACCTTCA,1,3940928
xdhAp1,0.6666666666666666,3,2,GCTGAAAGGTCTACTGAAAT,1,3949617
xdhAp1,9.333333333333334,29,2,GCTAAGTGCGGAATTAGATC,27,3930118
xdhAp1,7.333333333333333,23,2,GCGGGTAGCCACCGGCTTTG,21,3971565
xdhAp1,8.666666666666666,27,2,GCGGAAGTCGAAGTAGGAAT,25,3955018
xdhAp1,8.0,25,2,GCGCACGATCAACCGACTAG,23,3974269
xdhAp1,10.666666666666666,33,2,GCGACCGAAGAAAATGTTGT,31,3945678
xdhAp1,6.666666666666667,21,2,GCCTAGGTTGTCGGCAGCTT,19,3942387
xdhAp1,19.0,58,2,GCCGCGCTGAATTCGAGATG,56,3971064
xdhAp1,5.333333333333333,17,2,GCCCCGAAGAGATAAATGAT,15,3976133
xdhAp1,7.0,22,2,GCCCCCCAGTAGGCAAATGC,20,3971957
xdhAp1,4.666666666666667,15,2,GCCACCCGAACGCCGGCATA,13,3954064
xdhAp1,0.6666666666666666,3,2,GCATTGCAGCTGCGATGATG,1,3946088
xdhAp1,5.333333333333333,17,2,GCAAAGCGGGTCATAAATCC,15,3941002
xdhAp1,9.666666666666666,30,2,GATCATAGACAGCTTCAGTG,28,3959041
xdhAp1,4.0,13,2,GAGTTTTTGGTACGCGACTA,11,3952633
xdhAp1,0.6666666666666666,3,2,GAGTCCGCAAGGTACCCAGC,1,3942132
xdhAp1,0.6666666666666666,3,2,GAGGGAGTGCATATCTTAAT,1,3964624
xdhAp1,7.0,22,2,GACGATCAGACTAGCATCAC,20,3938122
xdhAp1,12.0,37,2,CTTCATAGTAAGGTGTGGAA,35,3936511
xdhAp1,7.666666666666667,24,2,CTGTCCTCGGGATAGGGCTA,22,3943517
xdhAp1,9.0,28,2,CTGGCGGTACGTCGATTTTG,26,3969243
xdhAp1,0.6666666666666666,3,2,CTGATAGCTCATCGAATAGA,1,3956190
xdhAp1,6.0,19,2,CTCTTTGCCCAATTTAAGGA,17,3943479
xdhAp1,9.333333333333334,29,2,CTCCTCTCGCGGTTCTACCC,27,3981433
xdhAp1,3.6666666666666665,12,2,CTCCCTGTATGCTCATCTAG,10,3964645
xdhAp1,8.333333333333334,26,2,CTACGGTTATTTTGTGTTAA,24,3974035
xdhAp1,32.0,97,2,CTAAACGGGCGACGAGGGGT,95,3955743
xdhAp1,1.0,4,2,CGCTTTCATCCTGTAACCGG,2,3964439
xdhAp1,5.0,16,2,CGCCTGGGGCATCAAGGTTG,14,3973363
xdhAp1,9.333333333333334,29,2,CGCAACGAAGCCACACGGCT,27,3979415
xdhAp1,2.6666666666666665,9,2,CGAAAGTGGGGTATCTCAGA,7,3969523
xdhAp1,1.3333333333333333,5,2,CCTCTGGTGTACTTAGACCC,3,3945925
xdhAp1,9.0,28,2,CCTAGCAGGGTATCGCAATG,26,3930765
xdhAp1,8.333333333333334,26,2,CCGTTAGGCGCTCCTCGTTA,24,3954028
xdhAp1,0.6666666666666666,3,2,CCGTAGGCTGTGTATGTACA,1,3933835
xdhAp1,16.0,49,2,CCGGAACAAGGGCTCCGGAT,47,3941710
xdhAp1,1.0,4,2,CCCCAGGCGCAATAGCTCTA,2,3940437
xdhAp1,6.666666666666667,21,2,CCCACCGGCACCCGCTTCCG,19,3933752
xdhAp1,17.333333333333332,53,2,CCCAAACGAGGGCATGACCC,51,3932535
xdhAp1,0.6666666666666666,3,2,CCATTCTGCCCTTTCCACTA,1,3966407
xdhAp1,5.0,16,2,CCAGTACAAAATGCTCATAT,14,3954975
xdhAp1,7.0,22,2,CCAATCAAAGGGGGTAGTTC,20,3979578
xdhAp1,0.6666666666666666,3,2,CCAAGGTCCATCTCATTATG,1,3944640
xdhAp1,6.666666666666667,21,2,CATGAAATTACGACGTTTCT,19,3979117
xdhAp1,8.666666666666666,27,2,CATAGCTAACCTGCCTGTTA,25,3968503
xdhAp1,1.0,4,2,CATACGCGTAGGTCGCATCT,2,3978027
xdhAp1,12.0,37,2,CAGGGGCTGGTGGACAACCT,35,3936589
xdhAp1,9.666666666666666,30,2,CACGGGTGATGTTATCAAGG,28,3931545
xdhAp1,0.6666666666666666,3,2,CACCTTAGACTCAGTGCTGT,1,3960704
xdhAp1,8.333333333333334,26,2,CACCATAATCCCGAGAACAG,24,3961013
xdhAp1,3.6666666666666665,12,2,CAAGGCGTGACTGTCCCTGT,10,3955096
xdhAp1,12.0,37,2,CAACCACGACCCGATATGGC,35,3965865
xdhAp1,7.333333333333333,23,2,CAACATATAGCGTTAAGTCA,21,3953551
xdhAp1,6.333333333333333,20,2,ATTTCTAGGGGGCAACCTCT,18,3966614
xdhAp1,6.666666666666667,21,2,ATTCACGGTAGTGGTCTCAT,19,3971865
xdhAp1,10.0,31,2,ATTATCCGTTCCCCATAGAT,29,3929283
xdhAp1,12.0,37,2,ATGTAACTAGCGAGCTTACG,35,3979874
xdhAp1,5.333333333333333,17,2,ATGAATTTGCCTACTATATG,15,3970975
xdhAp1,1.0,4,2,ATGAACAGATCCACCCTTCC,2,3974357
xdhAp1,1.6666666666666667,6,2,ATCATTAAAGCCACCCGGAC,4,3973856
xdhAp1,14.666666666666666,45,2,ATCATAACGCTCACGCTAGA,43,3942820
xdhAp1,11.0,34,2,ATCACCCCTGGTCTTGTTCA,32,3934587
xdhAp1,9.0,28,2,ATATCGTCGGCACGCGCGGA,26,3959134
xdhAp1,0.6666666666666666,3,2,ATAGCGATTTATTTCTCTTG,1,3959978
xdhAp1,8.666666666666666,27,2,ATAGCCTCTAGGTATTTTGA,25,3949216
xdhAp1,5.0,16,2,AGTTTCCTACTTGAAGCGGG,14,3978714
xdhAp1,4.666666666666667,15,2,AGCGGGAGGCAAGCGTATTG,13,3937252
xdhAp1,9.666666666666666,30,2,AGCAAACATTAGCTCAACAT,28,3931836
xdhAp1,9.333333333333334,29,2,AGAGAGTGTTGCCAGTTAGG,27,3949610
xdhAp1,8.333333333333334,26,2,AGACTTTTTGATGCACATGG,24,3978970
xdhAp1,13.333333333333334,41,2,AGACAAGGCCATGATCAGAA,39,3964153
xdhAp1,5.0,16,2,AGAACTCCCTCTGCGGTTAA,14,3964930
xdhAp1,15.0,46,2,AGAACGTACTATACGGATCA,44,3942599
xdhAp1,1.0,4,2,AGAAACTTTGGGGCGAGCTA,2,3932817
xdhAp1,12.0,37,2,ACTCGCATGCCAATAACCAC,35,3961238
xdhAp1,2.6666666666666665,9,2,ACTATCTGCTCGCTTTGCCT,7,3952355
xdhAp1,6.0,19,2,ACTATCCAGCTCATTCCACT,17,3937532
xdhAp1,8.333333333333334,26,2,ACTAATGGATACTAGCGCAG,24,3935315
xdhAp1,0.6666666666666666,3,2,ACGGTCAAGTCGATATGACC,1,3963823
xdhAp1,3.6666666666666665,12,2,ACGGAAGTGTGAGAGTTTGA,10,3969782
xdhAp1,9.333333333333334,29,2,ACGGAAACAAGGTTTCGCCT,27,3948306
xdhAp1,4.0,13,2,ACGAAGAGTTCACTCGGAAT,11,3973035
xdhAp1,9.333333333333334,29,2,ACCTTGCGCTGTTGAGGCTA,27,3977172
xdhAp1,4.666666666666667,15,2,ACCTGGTCTCACGTTTCGAA,13,3966056
xdhAp1,0.6666666666666666,3,2,ACCATGGACGCTTCTCTAAA,1,3937260
xdhAp1,13.0,40,2,ACATCGTGAATTGATTCTCC,38,3946209
xdhAp1,6.666666666666667,21,2,ACATCCGGGCTGGATAATAC,19,3930249
xdhAp1,6.0,19,2,ACAGACTTGGCCCCCCCGAA,17,3964522
xdhAp1,5.666666666666667,18,2,AATTTTAAGCGTTTCGGAGT,16,3965999
xdhAp1,2.3333333333333335,8,2,AATGAATCTAGGTACGGAAG,6,3948511
xdhAp1,14.0,43,2,AAGTGGTGTCTAATGAATCA,41,3943972
xdhAp1,11.666666666666666,36,2,AAGTGCCCTTGTGGTTTCAC,34,3952570
xdhAp1,5.333333333333333,17,2,AAGGTATGTGCCATCGCGTA,15,3941729
xdhAp1,5.0,16,2,AACAGGAGGAGCTGTACGGC,14,3980529
xdhAp1,10.0,31,2,AACAGCTCGCTAGCGTGCGG,29,3937543
xdhAp1,7.333333333333333,23,2,AACAAGAGATAAATCGGAAA,21,3943326
xdhAp1,0.6666666666666666,3,2,AAATGATGGCAAGTAACTGG,1,3947314
xdhAp1,0.6666666666666666,3,2,AAACCTACTTCAGCCTGATT,1,3965516
xdhAp1,9.666666666666666,30,2,AAACCATCGTTACTTTCCAA,28,3963292
xdhAp1,27.5,55,1,TTTTATAATATCGGAACAAT,54,3966044
xdhAp1,6.0,12,1,TTTCTGTCGCTCATATTAGA,11,3931754
xdhAp1,2.0,4,1,TTGCGCACCGGAGAGCCCAT,3,3937175
xdhAp1,16.0,32,1,TTCTCGCGAGGAACTGCAAT,31,3944415
xdhAp1,4.5,9,1,TTCGTACGAACAGGCGCCGT,8,3947020
xdhAp1,9.5,19,1,TTCCGGGGGACTACGGGTTG,18,3941162
xdhAp1,20.0,40,1,TTCAAGATGTTGGTTAGGTT,39,3962193
xdhAp1,14.5,29,1,TGTTGTGAAGCCGGGATAAA,28,3960331
xdhAp1,7.0,14,1,TGTGTTTGTGCGACATCGCC,13,3978587
xdhAp1,12.5,25,1,TGTGGCCAATGCCGCCCCTA,24,3940510
xdhAp1,15.5,31,1,TGTGCTCCGAATTCTAGATT,30,3940957
xdhAp1,6.5,13,1,TGTCGGCCTCGCTTTAAGAC,12,3976153
xdhAp1,6.0,12,1,TGTCCCCAGCTCTGAAGTGT,11,3941060
xdhAp1,5.5,11,1,TGCTGTCCGGTCATATAATT,10,3946525
xdhAp1,1.0,2,1,TGATGCGAAGCAGTATGCGT,1,3931070
xdhAp1,26.0,52,1,TGACGAACACATGGTAGTCT,51,3962155
xdhAp1,1.0,2,1,TCGAAGAGTTGGTACTCTCC,1,3960978
xdhAp1,1.0,2,1,TCCGTATCATGTATCACATA,1,3957715
xdhAp1,11.0,22,1,TCCCGAGCTCACAGAGTCTG,21,3942761
xdhAp1,13.0,26,1,TCAATTTAAAAGCCCAGGTT,25,3979244
xdhAp1,12.0,24,1,TATCTACTAAGCCTGGATGA,23,3973495
xdhAp1,10.0,20,1,TATAGCGTCAAAATCACCTG,19,3964679
xdhAp1,16.0,32,1,TATACGATGTACAATGACAA,31,3940782
xdhAp1,1.0,2,1,TATAAATCCACGAGCGTGAC,1,3946601
xdhAp1,23.5,47,1,TAGGCCCTGGTATTTTTGCT,46,3937112
xdhAp1,1.0,2,1,TACGTGTCCTATCTTTCGTC,1,3943881
xdhAp1,1.0,2,1,TACAATTGAATCACTAAGGG,1,3979363
xdhAp1,12.5,25,1,TAACAGTTGCCCGATGCATA,24,3981213
xdhAp1,11.0,22,1,GTTTTCTTAGGCATTGCTCG,21,3942125
xdhAp1,12.0,24,1,GTTGTCGGTAGACGAAACGG,23,3976173
xdhAp1,1.0,2,1,GTTCATCTCTCGACGGGTGC,1,3963127
xdhAp1,2.5,5,1,GTGGCGACTATGCGCTAAGT,4,3961921
xdhAp1,3.0,6,1,GTCCCGATCGGTAAAGTCAA,5,3981142
xdhAp1,16.5,33,1,GTCCATCCTCGAACGCCGAA,32,3970219
xdhAp1,1.0,2,1,GTCATGAGTGGCAGATTTGT,1,3981321
xdhAp1,1.0,2,1,GTCAGACTCGCATTTCTGCA,1,3976885
xdhAp1,25.0,50,1,GTCAAGTATGTTTGTCGGAT,49,3973102
xdhAp1,11.0,22,1,GTATTGTGAGGAAGTTGTGA,21,3977644
xdhAp1,13.5,27,1,GTAGTGAAGGTGAGGGGCAG,26,3943450
xdhAp1,7.5,15,1,GTAAGGTCTCCTACATTCTC,14,3963101
xdhAp1,16.5,33,1,GTAAACTATTTGCCGTAATT,32,3931341
xdhAp1,4.0,8,1,GGTTTGCACGGGGATATTTT,7,3950644
xdhAp1,1.0,2,1,GGTTCCCTTCAGCGTCTCGC,1,3951753
xdhAp1,9.5,19,1,GGGGTTCCCATACTAGCCGA,18,3958182
xdhAp1,1.0,2,1,GGGCTAGCATCCAAGGTTGG,1,3939199
xdhAp1,7.5,15,1,GGGACCTTCTCGACGGCGTA,14,3931920
xdhAp1,22.5,45,1,GGGAAGCGACATATGACCCG,44,3935021
xdhAp1,16.0,32,1,GGATTGTCGGCCGACTGCAC,31,3956304
xdhAp1,12.5,25,1,GGAGCATAAACATCTGTCTT,24,3930217
xdhAp1,1.0,2,1,GGACAGTTCGGCCAACGCGG,1,3938596
xdhAp1,1.0,2,1,GGAAGCGTGCGCATGCCTAC,1,3941216
xdhAp1,1.0,2,1,GGAACATATCGCGCCCGGTG,1,3954620
xdhAp1,1.0,2,1,GCTGGACTTCCGTCTACACG,1,3948702
xdhAp1,15.5,31,1,GCTCTCTACCACTACGGGGA,30,3960752
xdhAp1,13.0,26,1,GCTACAGGCGTAAGGGCTGG,25,3936858
xdhAp1,17.5,35,1,GCGTGTATGCTAGTTTCACG,34,3968671
xdhAp1,13.0,26,1,GCGCATGTCTTCAACCCCGT,25,3928953
xdhAp1,22.0,44,1,GCCGCCAGTCGTAGAGCGTG,43,3976872
xdhAp1,1.0,2,1,GCCCCTTCGTGGTCGGACCT,1,3975608
xdhAp1,14.0,28,1,GCCCATATAGGCCGCCGGAG,27,3935286
xdhAp1,8.0,16,1,GCCCAGCTCTGTTGCACGGG,15,3936560
xdhAp1,1.0,2,1,GCAGGACAAACTTTCCCACC,1,3961214
xdhAp1,6.5,13,1,GATGGCGTCAGCACCGCTTT,12,3978372
xdhAp1,1.0,2,1,GATATAAGAGTTTCCCGAGA,1,3936868
xdhAp1,10.0,20,1,GAGCTCCGCCTGACGGGTCA,19,3930972
xdhAp1,14.0,28,1,GACGAAGTTCAGGACTATAT,27,3948103
xdhAp1,3.5,7,1,GACCTGTCATTCAGAGCGCA,6,3955155
xdhAp1,18.5,37,1,GACATCACAAGTCCTGGGCA,36,3930052
xdhAp1,11.0,22,1,GACAAAACAGTAATTGCGAA,21,3973324
xdhAp1,11.0,22,1,GAAGATGGGTCCCGTAAAAA,21,3956764
xdhAp1,6.0,12,1,GAACATGGCCGCAACGAGAC,11,3970496
xdhAp1,10.0,20,1,GAAAAATTTTATGACGCCCC,19,3968131
xdhAp1,8.5,17,1,CTTTTATCCCTGACGTGCAA,16,3939038
xdhAp1,1.0,2,1,CTTGGTGTCAGGACATTGCT,1,3975248
xdhAp1,12.5,25,1,CTTGAATAAGTTAATCGCAT,24,3967307
xdhAp1,1.0,2,1,CTTCCCGCTTGCATAGCTGT,1,3962885
xdhAp1,5.0,10,1,CTTAGATCGCAGAGGAGCGG,9,3937457
xdhAp1,9.5,19,1,CTGTGTGGATCTGCGGGTAC,18,3966932
xdhAp1,24.0,48,1,CTGGAGTTTCTGTTCAAACA,47,3976799
xdhAp1,8.5,17,1,CTGCATAGGGTATGATGGTC,16,3976637
xdhAp1,10.5,21,1,CTGAACTATTAAGGGGATTA,20,3960748
xdhAp1,13.5,27,1,CTCTATATAAGATGAAGCTT,26,3947467
xdhAp1,1.0,2,1,CTCGGCCGGTAGCTCCTCCC,1,3963979
xdhAp1,17.0,34,1,CTAGTGGGACAAGTTCCCTC,33,3933125
xdhAp1,15.5,31,1,CTAGGTTTGTGACTGAGAGT,30,3961533
xdhAp1,8.0,16,1,CTAAGCGGGATGCTTCCTAA,15,3958758
xdhAp1,86.5,173,1,CTAAAGAACAGGAAAGAGAT,172,3966062
xdhAp1,14.0,28,1,CGTCATCGAATCCAGCCCTC,27,3965179
xdhAp1,23.5,47,1,CGGTTTCTTTTCGATATAAC,46,3960825
xdhAp1,1.0,2,1,CGGTATTTGAACCAATACAA,1,3971426
xdhAp1,1.0,2,1,CGGCGCGGACGACTGGGTAT,1,3966092
xdhAp1,1.0,2,1,CGGAAAAGCTTCAGAACCAG,1,3941560
xdhAp1,8.0,16,1,CGCTAATGACGCACCGCAAG,15,3935603
xdhAp1,1.0,2,1,CGCGCAGCCTGCCTCTAAGT,1,3975123
xdhAp1,6.0,12,1,CGATCTCAAGGAACGTCTAG,11,3950319
xdhAp1,5.0,10,1,CGAGTTTGACGAGCATGGTA,9,3980221
xdhAp1,13.0,26,1,CGAGTTCCGGAAACAATCAT,25,3977646
xdhAp1,1.0,2,1,CGAAATGGAGAAATCCAGCG,1,3967715
xdhAp1,8.0,16,1,CCTTTCACGGTGACGGACAT,15,3980008
xdhAp1,1.5,3,1,CCTGTGGTCCCGAGCTGCTC,2,3955546
xdhAp1,7.0,14,1,CCTCTCCGAAAAATAGTTCC,13,3954701
xdhAp1,1.0,2,1,CCTACTCACGGTATTAGATG,1,3945753
xdhAp1,5.0,10,1,CCGTGATTTACCCAAAAGTA,9,3957568
xdhAp1,21.5,43,1,CCGTGATTACGACTTACCAT,42,3946180
xdhAp1,1.0,2,1,CCGTCCACGAGGTGGTCGCA,1,3956919
xdhAp1,12.0,24,1,CCGCGAAATCCACCTAGGGG,23,3975288
xdhAp1,13.0,26,1,CCCTGTTGCTCACGTTTTAC,25,3944806
xdhAp1,12.0,24,1,CCCGGCCGGAATGGGTGAGA,23,3943835
xdhAp1,12.5,25,1,CCCGCCTACAGTAAGCGCAC,24,3966041
xdhAp1,11.5,23,1,CCCCTAGCAATTTCGGCGCC,22,3942460
xdhAp1,16.0,32,1,CCCCCTGCCTCCGTCGGTAT,31,3957293
xdhAp1,1.0,2,1,CCCACCTCAAAGAACCCCTT,1,3955675
xdhAp1,9.0,18,1,CCATTACTAAAAGCAGTACC,17,3960980
xdhAp1,1.0,2,1,CCACTGCAATTCTGACCTTT,1,3934583
xdhAp1,3.0,6,1,CCAAGGCGTCCTAGTAATTC,5,3949079
xdhAp1,8.0,16,1,CCAACTTCATTAACAGAGAT,15,3952505
xdhAp1,12.0,24,1,CATTGCTAAGGCTTAAGGTG,23,3953575
xdhAp1,1.0,2,1,CATGCGCGTTTCCTCTCTCA,1,3958307
xdhAp1,1.0,2,1,CATGATTTCCAGACAGGGAC,1,3954177
xdhAp1,4.5,9,1,CATCTTTTTGGCGCATAATA,8,3963647
xdhAp1,18.5,37,1,CATCAACGCGAGAGCATCGA,36,3946351
xdhAp1,8.0,16,1,CAGCTAAGCTGAATTCTTTC,15,3941977
xdhAp1,15.5,31,1,CAGATAGCGTATTGGTGGTT,30,3953686
xdhAp1,16.0,32,1,CAGAAGAAATCCCGCTGAGT,31,3952215
xdhAp1,8.0,16,1,CACTCTATACATATAGGGAG,15,3979189
xdhAp1,9.5,19,1,CACCATAATCGTGGGACCCT,18,3946980
xdhAp1,10.5,21,1,CACAGCCCGGCTGTGAAAGT,20,3955724
xdhAp1,1.0,2,1,CAATTCTGCCGCGTACTTCA,1,3980587
xdhAp1,16.5,33,1,CAAGATGCGTACATTTACGT,32,3933002
xdhAp1,1.0,2,1,ATTTCTTAAATTACACGTTA,1,3957469
xdhAp1,7.0,14,1,ATTTAGTGAACCCCGAAGGG,13,3971050
xdhAp1,12.5,25,1,ATTGCCACTGTGTACGATTG,24,3942213
xdhAp1,9.0,18,1,ATTCAAAGGGTTTGACTGCT,17,3931327
xdhAp1,14.0,28,1,ATGTTTTGAAAGCCGGAACT,27,3949364
xdhAp1,6.5,13,1,ATGTGTGTGGCGAAGAATAT,12,3963728
xdhAp1,13.0,26,1,ATGGGGTTACTATTGTCCTT,25,3930147
xdhAp1,9.0,18,1,ATGAATATACCCGAAACCAG,17,3943691
xdhAp1,12.5,25,1,ATCTTTCACAACCGGCGCCT,24,3950555
xdhAp1,19.0,38,1,ATCTCCAGGATCCATTCAGC,37,3940380
xdhAp1,1.0,2,1,ATCTAATTTTACAACGTTGT,1,3947060
xdhAp1,1.0,2,1,ATCGTGGAGGTGCCGCCGGT,1,3951228
xdhAp1,13.5,27,1,ATCGCGGGCTTTGCCCCAGT,26,3949568
xdhAp1,20.0,40,1,ATATTTGTCCAATCTTCTAT,39,3975195
xdhAp1,12.5,25,1,ATATGGTCTTCAGGAGCCTG,24,3955202
xdhAp1,14.5,29,1,AGTAAATCAGCGATTATCAA,28,3945847
xdhAp1,8.5,17,1,AGGTATTGCTAATGCCGTCG,16,3971809
xdhAp1,11.0,22,1,AGGGTTGTTGATGCCCGAGG,21,3960133
xdhAp1,1.0,2,1,AGGGACGCAAAATGATCTCT,1,3935469
xdhAp1,12.5,25,1,AGGCCATTGCGGGGTGAGGT,24,3931254
xdhAp1,1.0,2,1,AGCTAAAGAAAACACCGGTG,1,3950041
xdhAp1,17.0,34,1,AGCCGAGAGGTGGTCCAATA,33,3965436
xdhAp1,14.5,29,1,AGCCGACAATGCTCCCATGT,28,3951739
xdhAp1,6.0,12,1,AGAATCATCCGTGAGCGCTA,11,3929559
xdhAp1,10.0,20,1,ACTTATTGTATACCTGGACT,19,3930163
xdhAp1,27.5,55,1,ACTGAGTAACTCGGCCATCT,54,3978161
xdhAp1,13.5,27,1,ACTCGGACAGGTGGTTTAAT,26,3975899
xdhAp1,16.0,32,1,ACTCATTTGTTCGGGCTCGA,31,3957458
xdhAp1,17.5,35,1,ACTATGCCTCTGTCGCACAT,34,3929346
xdhAp1,7.5,15,1,ACTAAGTTCTAATCAACCCT,14,3954291
xdhAp1,7.5,15,1,ACGTCCCTTCATAACACAGC,14,3967554
xdhAp1,3.0,6,1,ACGGTAGTTTACGTTGCATC,5,3974827
xdhAp1,2.0,4,1,ACGCTGGAGCATTACTGAGC,3,3975188
xdhAp1,105.5,211,1,ACGCTGCATGTAAGACGTGA,210,3962827
xdhAp1,2.0,4,1,ACGATATTGGTCCGCTCCCT,3,3973941
xdhAp1,4.5,9,1,ACGAATATTGTGAAGGTGAG,8,3970979
xdhAp1,11.0,22,1,ACGAACACAGCCTAGACGTA,21,3959590
xdhAp1,1.0,2,1,ACCGGGGGGTTACGAGGATG,1,3960684
xdhAp1,5.5,11,1,ACCGCGCGCAGTGCACGGTT,10,3974433
xdhAp1,1.0,2,1,ACCGCACATCAGTGGTCCCT,1,3979761
xdhAp1,13.5,27,1,ACCACGCACCCTTGTCATAT,26,3962645
xdhAp1,12.5,25,1,ACATCGTTAACTGAAAAGTA,24,3935922
xdhAp1,1.0,2,1,ACAAGCTATATTTGCGGTCA,1,3958542
xdhAp1,7.5,15,1,AATTGATTTCTATTGCTGTT,14,3964148
xdhAp1,1.0,2,1,AATCTAGCGGCACAGCAGGT,1,3930600
xdhAp1,24.5,49,1,AATCATCAGCACAGGTTTTA,48,3933810
xdhAp1,19.5,39,1,AATACAGCCATTATGGGTGA,38,3963550
xdhAp1,1.0,2,1,AATAAGCGGTAATCGACACG,1,3971076
xdhAp1,10.0,20,1,AAGGAGTAGGCGTTCTTCAC,19,3933138
xdhAp1,6.0,12,1,AAGCGTGTGTTTGACCATAT,11,3945646
xdhAp1,3.0,6,1,AAGATCGTAAAGGAAGTCTC,5,3975088
xdhAp1,14.5,29,1,AAACGCTACCTCACGCCCGA,28,3966060
xdhAp1,1.0,2,1,AAAACCGGTAGCACTTATGT,1,3941520
xdhAp1,0.013513513513513514,73,73,GCGGGGGTCTCTTCATTCAC,0,3940221
xdhAp1,0.014084507042253521,70,70,CACCCAGATAGGGTTTTTTA,0,3945128
xdhAp1,0.015625,63,63,GTGAAGGTAATATCGGCATG,0,3947782
xdhAp1,0.018867924528301886,52,52,AGGCAGTGACTCATCAAAAG,0,3933337
xdhAp1,0.02,49,49,ATGCGGCAGAGCCGCACGGC,0,3953463
xdhAp1,0.020833333333333332,47,47,CCGTTTGCAACCGACTACAA,0,3978437
xdhAp1,0.02127659574468085,46,46,TAGGACAAAACTATGTAGTC,0,3958894
xdhAp1,0.02127659574468085,46,46,ATTTATTGGGTTGCATGCAT,0,3947476
xdhAp1,0.021739130434782608,45,45,TCGGTGGATTACTATCGGCC,0,3948746
xdhAp1,0.021739130434782608,45,45,CCCGAGTCCCCGGCTCTTAG,0,3968333
xdhAp1,0.021739130434782608,45,45,CAACGACACCTTAAGACTAG,0,3930729
xdhAp1,0.021739130434782608,45,45,AATATTGTCGCCGCGGGATG,0,3947716
xdhAp1,0.022222222222222223,44,44,CATACTGGGAAGGATACAAA,0,3930277
xdhAp1,0.022222222222222223,44,44,CAGGTAAACCGTAGCCTGAC,0,3979151
xdhAp1,0.022222222222222223,44,44,AGGGGACAGGTGGTAAGTTT,0,3946698
xdhAp1,0.022727272727272728,43,43,GGGTTACATTACGGGAATCA,0,3950255
xdhAp1,0.022727272727272728,43,43,ACAGACGTTATTTGGCCCAC,0,3968442
xdhAp1,0.023255813953488372,42,42,TGTGCGTGGTCCGCCTAATA,0,3956030
xdhAp1,0.023255813953488372,42,42,TGCAGGTCAGGCAGCCTTGT,0,3966289
xdhAp1,0.023255813953488372,42,42,CACCGTTTCCTGAGTCCATT,0,3979453
xdhAp1,0.023809523809523808,41,41,TCTCGGATGGCGCGAGTAAT,0,3932217
xdhAp1,0.024390243902439025,40,40,TTGCCGGGCCAAGCTACGTA,0,3941515
xdhAp1,0.024390243902439025,40,40,TCCCGACATTGTACAACTTA,0,3970878
xdhAp1,0.024390243902439025,40,40,GCGCTATAGAACTTCGCTGT,0,3934893
xdhAp1,0.024390243902439025,40,40,CTCAATTAGTCACGTACCAA,0,3930934
xdhAp1,0.024390243902439025,40,40,CACGACTCCAGTAGTTTGTT,0,3951678
xdhAp1,0.024390243902439025,40,40,AGTCGGACCTAAATATCTGC,0,3948763
xdhAp1,0.025,39,39,TCCCAGAACACATGTAGAGT,0,3954523
xdhAp1,0.025,39,39,ATTGAAGGCCCGTCAAGCTC,0,3932780
xdhAp1,0.025,39,39,ACTGCTCAACACGACAGTAT,0,3938568
xdhAp1,0.025,39,39,ACGGGGGGATCTTTGAAAAG,0,3928943
xdhAp1,0.02564102564102564,38,38,GGTTCCCACCTGAGCCAGCC,0,3967448
xdhAp1,0.02564102564102564,38,38,CGCAATGGGGACGTAGCGGC,0,3967656
xdhAp1,0.02564102564102564,38,38,CAGGGCTTCCCACAATTAAA,0,3935502
xdhAp1,0.02631578947368421,37,37,CCACTGCGTATAACAAGCCT,0,3944175
xdhAp1,0.02631578947368421,37,37,ATGCTCACAATATCGTACAT,0,3953327
xdhAp1,0.02631578947368421,37,37,AGCATGTTCACCTGAAGTTG,0,3956543
xdhAp1,0.02631578947368421,37,37,AAGCGTTCTTCTCCTCCAAA,0,3951023
xdhAp1,0.02631578947368421,37,37,AAAGGCAAACAGTGAATATC,0,3935176
xdhAp1,0.02702702702702703,36,36,GTAGGCCCGCCGCTCCCGAG,0,3947006
xdhAp1,0.02702702702702703,36,36,AGTGTACGCTGCCTAGGAGA,0,3973593
xdhAp1,0.02702702702702703,36,36,ACCTTCGTTCAGACTTGATT,0,3978725
xdhAp1,0.027777777777777776,35,35,TGTTAGAAACGCTTCGGCCA,0,3938180
xdhAp1,0.027777777777777776,35,35,TGGAACCCACCGCAGGTACT,0,3951284
xdhAp1,0.027777777777777776,35,35,GGTCAACACCGGCGAAAATA,0,3958870
xdhAp1,0.027777777777777776,35,35,GGGCTTACCCCGGTACCGTA,0,3959416
xdhAp1,0.027777777777777776,35,35,GGCCGCGGAAACTGTTTTAA,0,3966085
xdhAp1,0.027777777777777776,35,35,AAGAATCAATCAACAAAGCG,0,3938931
xdhAp1,0.027777777777777776,35,35,AACGCTGGTGTCAGAAGTAT,0,3980760
xdhAp1,0.02857142857142857,34,34,TATCTGGATTGACTGGCCGA,0,3935938
xdhAp1,0.02857142857142857,34,34,GGTTATACAATCCTCAGCAT,0,3930754
xdhAp1,0.02857142857142857,34,34,GCACGCAGCGTGGAAAGTAC,0,3950335
xdhAp1,0.02857142857142857,34,34,CAGAAAAAGGGCTAATCGTA,0,3961507
xdhAp1,0.029411764705882353,33,33,TCCGTTTACGCAATCGCACT,0,3968215
xdhAp1,0.029411764705882353,33,33,TAATGCACCGGTCGTGTCTA,0,3957410
xdhAp1,0.029411764705882353,33,33,GTTCCCTTTTCGGTGGCGGT,0,3932107
xdhAp1,0.029411764705882353,33,33,GCGCTCACCGTCCAGTAGGC,0,3975678
xdhAp1,0.029411764705882353,33,33,CGCCCTGACAGGATTTTTTA,0,3958678
xdhAp1,0.029411764705882353,33,33,CATGCATCACCTCAACGTCG,0,3973205
xdhAp1,0.029411764705882353,33,33,AACTCGATCCATGGGTGAGT,0,3965882
xdhAp1,0.029411764705882353,33,33,AACGAGTTGACAAACCAAAA,0,3946950
xdhAp1,0.030303030303030304,32,32,TGGCGGAGCAAGGTGCAGTA,0,3938926
xdhAp1,0.030303030303030304,32,32,TGACGAACGCTATGTGGGTA,0,3940672
xdhAp1,0.030303030303030304,32,32,GTAGTTAGGGCTTCGGCCGT,0,3949535
xdhAp1,0.030303030303030304,32,32,GATCGCATGACCCCTTTCGT,0,3976284
xdhAp1,0.030303030303030304,32,32,CTTGGTGGGCAGCTGTGAGG,0,3965257
xdhAp1,0.030303030303030304,32,32,CGTGCGACCGCCCTTCGGAG,0,3944707
xdhAp1,0.030303030303030304,32,32,CGAGTTAGTCGGATTAAATG,0,3965443
xdhAp1,0.030303030303030304,32,32,CCAACATGCCGAGGTCCAAG,0,3973206
xdhAp1,0.030303030303030304,32,32,AGTTTCTCTTCGCGCTTGTT,0,3967999
xdhAp1,0.030303030303030304,32,32,ACTGGACATAATTGAATAGT,0,3950287
xdhAp1,0.030303030303030304,32,32,AACGTGCATAAGAGCTATGT,0,3934644
xdhAp1,0.03125,31,31,TGCGGAACAACTTTAATCTT,0,3966891
xdhAp1,0.03125,31,31,GTCATCCGATATTGGCGCGA,0,3950056
xdhAp1,0.03125,31,31,GGGGCTTACCCAAGTAGATG,0,3957562
xdhAp1,0.03125,31,31,GGCTATTAGCACCACGAGAC,0,3941399
xdhAp1,0.03125,31,31,CGTGATTCAGCTTCCTGGAC,0,3932562
xdhAp1,0.03125,31,31,CGGCCAGAGAGTCGGCCCGT,0,3941150
xdhAp1,0.03125,31,31,CAAATGCTGCACGTTACAGT,0,3945449
xdhAp1,0.03125,31,31,AGATGGGCTTGAATGCACGG,0,3933823
xdhAp1,0.03125,31,31,AATCGCGACCACGGAAGTGT,0,3950992
xdhAp1,0.03125,31,31,AAAGACTGGCGTATCCGAGG,0,3963564
xdhAp1,0.03225806451612903,30,30,TAAGGGCAACATATCGTCCA,0,3949288
xdhAp1,0.03225806451612903,30,30,GTTGGCGGTTCGCAGATAGA,0,3972103
xdhAp1,0.03225806451612903,30,30,GTGGCTGTCTGAAATGAAGA,0,3958963
xdhAp1,0.03225806451612903,30,30,GTCACAGCGGAATTTACCCC,0,3931886
xdhAp1,0.03225806451612903,30,30,GTAAAGGTCAGGCCTGCGGT,0,3969282
xdhAp1,0.03225806451612903,30,30,GGGCGCTGAATACACCTTTG,0,3966689
xdhAp1,0.03225806451612903,30,30,GGCCAGGTGTGAATGGACAT,0,3971569
xdhAp1,0.03225806451612903,30,30,GAGCCCTTAATTGGAGCGCT,0,3962212
xdhAp1,0.03225806451612903,30,30,CGTGGCGCCACGTTAGAGGG,0,3935389
xdhAp1,0.03225806451612903,30,30,CATGTGGCCCCCTCGAGGGT,0,3934035
xdhAp1,0.03225806451612903,30,30,ATGCTCTAGCGCGGAACCTA,0,3930676
xdhAp1,0.03225806451612903,30,30,ATCAAAAGCAGCCTAAACTA,0,3964656
xdhAp1,0.03225806451612903,30,30,AGGGCTACGGCCCCGTCGAT,0,3977761
xdhAp1,0.03225806451612903,30,30,AGCCGTCGGCACTGGTAGCA,0,3945385
xdhAp1,0.03225806451612903,30,30,AGAACCAAGATACCCCGAGT,0,3953328
xdhAp1,0.03333333333333333,29,29,TTGAGATGGACGATAGGTAA,0,3938178
xdhAp1,0.03333333333333333,29,29,TATACTGAGATCCACAGATG,0,3943694
xdhAp1,0.03333333333333333,29,29,GCGAGCTCGTACATCGCAGG,0,3974945
xdhAp1,0.03333333333333333,29,29,CGTAAGCACAAACTTGGATG,0,3969994
xdhAp1,0.03333333333333333,29,29,CAGCGACGCCGAAGGTCACA,0,3950254
xdhAp1,0.03333333333333333,29,29,CAGACGGCCATATGTCCCCA,0,3975494
xdhAp1,0.03333333333333333,29,29,CAGAAATCGAATGTTCTGAA,0,3934908
xdhAp1,0.03333333333333333,29,29,CACCTTAAGTACGTTAGTAC,0,3969674
xdhAp1,0.03333333333333333,29,29,ATCCTGGGTTTAACTTGCGA,0,3968169
xdhAp1,0.03333333333333333,29,29,AGTCAGTACAATACAATCAA,0,3956464
xdhAp1,0.03333333333333333,29,29,AGGTAATTCTGGACCCGCAG,0,3955241
xdhAp1,0.03333333333333333,29,29,ACCGTTTAGCTAGGTCTAGG,0,3940168
xdhAp1,0.03333333333333333,29,29,AACGCGTGTAAGTGCAATGC,0,3956981
xdhAp1,0.034482758620689655,28,28,TTTGGTACTCCCACAAGGTC,0,3935633
xdhAp1,0.034482758620689655,28,28,TTGTTAAACAGATGCGTTAG,0,3968712
xdhAp1,0.034482758620689655,28,28,TTCCGGTCCCTGACCGTATG,0,3973404
xdhAp1,0.034482758620689655,28,28,TGACGTACCGTCAAATAGGC,0,3970732
xdhAp1,0.034482758620689655,28,28,TCTGGGTCTGAAGGTTATAT,0,3953740
xdhAp1,0.034482758620689655,28,28,TATTGGCAAGGAGCGCGACA,0,3952929
xdhAp1,0.034482758620689655,28,28,TAGGCAAGATTAATAGCGGC,0,3961487
xdhAp1,0.034482758620689655,28,28,GTAGGAGAGATATATCAGTA,0,3967015
xdhAp1,0.034482758620689655,28,28,GTACGATTATTCATAGCCCC,0,3935782
xdhAp1,0.034482758620689655,28,28,GGACCCACAGGATAAACGTC,0,3976104
xdhAp1,0.034482758620689655,28,28,GCTTTGCTGGGCGAGAGACT,0,3962624
xdhAp1,0.034482758620689655,28,28,GAGGACTGACGGTTTTCATA,0,3934261
xdhAp1,0.034482758620689655,28,28,GACGGCCTTCACCCATTCAG,0,3950699
xdhAp1,0.034482758620689655,28,28,CTCGTACGAAGGCGGGGGCA,0,3948499
xdhAp1,0.034482758620689655,28,28,CTCAGGCCCACCCGCCCCTT,0,3938803
xdhAp1,0.034482758620689655,28,28,CTAGACACTACGTCTTTAGA,0,3943468
xdhAp1,0.034482758620689655,28,28,CGTTGACGTTGATCCCAGGC,0,3951865
xdhAp1,0.034482758620689655,28,28,AGCTTCAAAAGGATGAAACA,0,3940759
xdhAp1,0.034482758620689655,28,28,ACTATGTCTCTGCCTCTCAT,0,3929146
xdhAp1,0.034482758620689655,28,28,ACACATAGAACGGTCACCAG,0,3942597
xdhAp1,0.034482758620689655,28,28,AAGGCCACCGGTCCATTCAT,0,3944365
xdhAp1,0.034482758620689655,28,28,AACGCGCAGGTTGGGAAATC,0,3957569
xdhAp1,0.03571428571428571,27,27,TTGAAATGGGGTTCGCTCAC,0,3963217
xdhAp1,0.03571428571428571,27,27,TGGCTGTATCCGACCAGAGT,0,3947354
xdhAp1,0.03571428571428571,27,27,TGGAACGCCACACAGTTATT,0,3974609
xdhAp1,0.03571428571428571,27,27,TGCTAGGGCAGCACCAGTAG,0,3948890
xdhAp1,0.03571428571428571,27,27,TCTCGTCGAGGGATCCTATA,0,3967165
xdhAp1,0.03571428571428571,27,27,TCCGAAACAGGCATTCGGCC,0,3959245
xdhAp1,0.03571428571428571,27,27,TAGGGTGATACGAGACTTTG,0,3937705
xdhAp1,0.03571428571428571,27,27,GCGAGCGATATAATCTCAGG,0,3952280
xdhAp1,0.03571428571428571,27,27,GCACTCGATGAAAAGTATGT,0,3937520
xdhAp1,0.03571428571428571,27,27,GCACAGTTCATGATGCAACG,0,3950037
xdhAp1,0.03571428571428571,27,27,GAGCCCCAGTGAACCCCTAA,0,3967468
xdhAp1,0.03571428571428571,27,27,GAGCCACATAACCGATAGAA,0,3938049
xdhAp1,0.03571428571428571,27,27,CCTGGCTGGTCTTCGTAAGG,0,3933568
xdhAp1,0.03571428571428571,27,27,CCTCAGTTCCGCTACGAGGG,0,3961344
xdhAp1,0.03571428571428571,27,27,CAACTTGCCCACGCGAGACT,0,3958069
xdhAp1,0.03571428571428571,27,27,AGATGGGTATCGGGCAGCAA,0,3958768
xdhAp1,0.037037037037037035,26,26,TTCTCCTCAGTATCAATATG,0,3970873
xdhAp1,0.037037037037037035,26,26,TTCACGGTTAGGAGTTCATC,0,3966491
xdhAp1,0.037037037037037035,26,26,TTAACCCGTGTCTGCGTGGA,0,3967365
xdhAp1,0.037037037037037035,26,26,TGCTACAGAGGGACTTTCGG,0,3947781
xdhAp1,0.037037037037037035,26,26,TGCCATATGGTTTTACGCGT,0,3948938
xdhAp1,0.037037037037037035,26,26,TGACCTCAGCTGTCTCCGAT,0,3937796
xdhAp1,0.037037037037037035,26,26,TGACAGTAGCAGGTCGGATT,0,3958762
xdhAp1,0.037037037037037035,26,26,TACGGTGACCAGAGATTTAT,0,3929813
xdhAp1,0.037037037037037035,26,26,TACATCAGGGTCTTGTCGCA,0,3944867
xdhAp1,0.037037037037037035,26,26,GTTCCAGGTCCCTGTGAATG,0,3942979
xdhAp1,0.037037037037037035,26,26,GGGACAACCTAGAAGTGTCG,0,3937561
xdhAp1,0.037037037037037035,26,26,GCGCCACGGTTTACCATGGG,0,3956065
xdhAp1,0.037037037037037035,26,26,GCAGACGTAACTTCATCTGT,0,3948611
xdhAp1,0.037037037037037035,26,26,CTCCGAGGCCATCACCGCGA,0,3952942
xdhAp1,0.037037037037037035,26,26,CTCATGACCAAAGGTAGCTC,0,3939654
xdhAp1,0.037037037037037035,26,26,CGTCTGATTAACGCTCGCAA,0,3954131
xdhAp1,0.037037037037037035,26,26,CGAGCGAGTACGAACTTAAA,0,3964449
xdhAp1,0.037037037037037035,26,26,CCTGTAGGGATTACCTAAAG,0,3955200
xdhAp1,0.037037037037037035,26,26,CCGGCGTTAAAGCGGATTAT,0,3952011
xdhAp1,0.037037037037037035,26,26,CATGGCTTTGCGCCCGCCTT,0,3968585
xdhAp1,0.037037037037037035,26,26,CAAGAGCTGCCGATCATGAA,0,3939482
xdhAp1,0.037037037037037035,26,26,ATTTTGGTGTCACCTTTAAA,0,3967099
xdhAp1,0.037037037037037035,26,26,ATTGTCTCGGGCGGGTCAAA,0,3958342
xdhAp1,0.037037037037037035,26,26,ATCCCGTACCCAGGGAGGCC,0,3963368
xdhAp1,0.037037037037037035,26,26,ATAGCGGTGTCTGGGCCTAT,0,3954353
xdhAp1,0.037037037037037035,26,26,AGGTAGAGAGGGGGGCCGTG,0,3948765
xdhAp1,0.037037037037037035,26,26,ACATAAGAGATTAGACGCAA,0,3955641
xdhAp1,0.037037037037037035,26,26,AACGCTTGTGTATGTACACC,0,3929446
xdhAp1,0.037037037037037035,26,26,AAATTTGGGGGGATTCCCTG,0,3930920
xdhAp1,0.038461538461538464,25,25,TTACTTATGGAGCTTTCGGA,0,3936555
xdhAp1,0.038461538461538464,25,25,TGGCGCAGGTTGCTGTCTAT,0,3930221
xdhAp1,0.038461538461538464,25,25,TATTTGTACACGCTGGGGTT,0,3953049
xdhAp1,0.038461538461538464,25,25,GGTGGTGATATAAAAATGGT,0,3962894
xdhAp1,0.038461538461538464,25,25,GGGTATCCCATCATCGGGAG,0,3977191
xdhAp1,0.038461538461538464,25,25,GCACCAAAGTCTACTGCTCA,0,3951550
xdhAp1,0.038461538461538464,25,25,CTTCAAGATTCAGGCCCAGT,0,3954719
xdhAp1,0.038461538461538464,25,25,CTCTAGGCCGGCAGAAGGCT,0,3955856
xdhAp1,0.038461538461538464,25,25,CCATGCATACACAACCAACA,0,3971959
xdhAp1,0.038461538461538464,25,25,CACATTCGAGCCGCGTGGAG,0,3947131
xdhAp1,0.038461538461538464,25,25,ATACAAAAATGGGTCCTGGT,0,3966926
xdhAp1,0.038461538461538464,25,25,AGGAGGGCCGCAATGATTGG,0,3955674
xdhAp1,0.038461538461538464,25,25,AATTGTTCAAGCGGGCCATT,0,3948508
xdhAp1,0.04,24,24,TTTTAGTGCACCACCTAAAC,0,3935630
xdhAp1,0.04,24,24,TTTTAATCTCAACGTCTGAG,0,3938310
xdhAp1,0.04,24,24,TTGTTAAGGGAGCTCACCAG,0,3967974
xdhAp1,0.04,24,24,TTATGTACTGGCTTCCCGTT,0,3967167
xdhAp1,0.04,24,24,TGACCTGGTCAGCACGGTTA,0,3944650
xdhAp1,0.04,24,24,TCATCCCGGGAGGACCAAGA,0,3931064
xdhAp1,0.04,24,24,TAAAACCGTGGGCTCATTAC,0,3963051
xdhAp1,0.04,24,24,GTCGTCTTGTTCAGATTAGA,0,3972290
xdhAp1,0.04,24,24,GTCATGTCTGTCCCAAGATT,0,3946569
xdhAp1,0.04,24,24,GTCACACTTGATTTAGGTGA,0,3931160
xdhAp1,0.04,24,24,GGGGCAAAATAAAACATGTC,0,3959630
xdhAp1,0.04,24,24,GGGCCATGGGCGGGATAACT,0,3935395
xdhAp1,0.04,24,24,GCTGATCTTGTCATACGCTA,0,3946794
xdhAp1,0.04,24,24,GCCGTTTTATTCAGTTAAGT,0,3970668
xdhAp1,0.04,24,24,GCCGTGTGATAAGGAATTGA,0,3943469
xdhAp1,0.04,24,24,GCCCTGTGTTTAAGCTCGAT,0,3958978
xdhAp1,0.04,24,24,GCATCCACTAGATCGGGTAA,0,3947254
xdhAp1,0.04,24,24,GATTTGCACACTTTTGCGTT,0,3942148
xdhAp1,0.04,24,24,GAGCCCAGACGAGCACGGTC,0,3937677
xdhAp1,0.04,24,24,GAATTGCTCCAATAATGGTC,0,3937775
xdhAp1,0.04,24,24,CTTATCGAATACGGAAGGAA,0,3930038
xdhAp1,0.04,24,24,CTGGGAGATGCTGATTGTGC,0,3949851
xdhAp1,0.04,24,24,CTACTGATCCTAAGTGACGA,0,3953864
xdhAp1,0.04,24,24,CGTAAAGCTTGTTGGGAGTG,0,3941188
xdhAp1,0.04,24,24,CGGCAGCTTAGTAAATGCGC,0,3974205
xdhAp1,0.04,24,24,CGGAGCGTAAAGAGTTATGA,0,3928950
xdhAp1,0.04,24,24,CGCCCAGTGAATTCGTTATT,0,3936028
xdhAp1,0.04,24,24,CCGTCCGGGGCCTCATGCGT,0,3933220
xdhAp1,0.04,24,24,CCAGCGTTTTGAGGTGGGCA,0,3963230
xdhAp1,0.04,24,24,CATACTACTAACTCCAGCCT,0,3965998
xdhAp1,0.04,24,24,ATGATTATCCGAACATTGTC,0,3945780
xdhAp1,0.04,24,24,ATCTATTTGGGTGAATCCTT,0,3940288
xdhAp1,0.04,24,24,AGTGTGCTCTGTAAGGTTTC,0,3931419
xdhAp1,0.04,24,24,AGTAACAGTTGCGCCGAAGT,0,3958014
xdhAp1,0.04,24,24,ACTTGTGAACACTCGTTAAC,0,3975322
xdhAp1,0.04,24,24,ACCTTCGAAACGACTCTCAG,0,3930461
xdhAp1,0.04,24,24,ACATTATCCTGTTCGAATGA,0,3977850
xdhAp1,0.04,24,24,ACAGGAATCGGACTAGCGTT,0,3977490
xdhAp1,0.04,24,24,ACACGCGGTTCCTTGGTTCG,0,3981477
xdhAp1,0.04,24,24,AATGGAGAATATTTCGGTGC,0,3973700
xdhAp1,0.04,24,24,AACTGGTGGGGGCATCCGGG,0,3943961
xdhAp1,0.04,24,24,AACGGTACTTTTATAGCCGT,0,3937729
xdhAp1,0.041666666666666664,23,23,TTGAGTATAGGACCTATAGA,0,3962500
xdhAp1,0.041666666666666664,23,23,TTACGCTGCAAATATACACA,0,3944576
xdhAp1,0.041666666666666664,23,23,TGCTTTGTTAGCGCAGCACT,0,3937556
xdhAp1,0.041666666666666664,23,23,TGATCTTGAATGCATGAAAA,0,3952515
xdhAp1,0.041666666666666664,23,23,TCTTTGATCAGCGATGGCAT,0,3937015
xdhAp1,0.041666666666666664,23,23,TCCAGTTTAATCGAGAGCCA,0,3942087
xdhAp1,0.041666666666666664,23,23,TAGACCCTATTCCATTCTCA,0,3979190
xdhAp1,0.041666666666666664,23,23,TACTTTCACTAGGGACAAGC,0,3958291
xdhAp1,0.041666666666666664,23,23,TACTCTACTTCCTTACCAGC,0,3949398
xdhAp1,0.041666666666666664,23,23,TACAGACCTCGTAGGAGCCC,0,3939184
xdhAp1,0.041666666666666664,23,23,GTGTGTTATTGGCGCAAAGC,0,3981004
xdhAp1,0.041666666666666664,23,23,GGTTTCAGCGAGTCGTCGAA,0,3968554
xdhAp1,0.041666666666666664,23,23,GGCGCTAGTGGGCAATCTTG,0,3947839
xdhAp1,0.041666666666666664,23,23,GCGGAATTCCGCACACAGTC,0,3934033
xdhAp1,0.041666666666666664,23,23,GATGAAGAACCGAGCCATTT,0,3968447
xdhAp1,0.041666666666666664,23,23,GATATGCAGTCAAGGCATCA,0,3969054
xdhAp1,0.041666666666666664,23,23,GATAAACACATTCAAATGGT,0,3941632
xdhAp1,0.041666666666666664,23,23,CGTACCCCGATTCTATTTTG,0,3949450
xdhAp1,0.041666666666666664,23,23,CGGGCCAACGTCTATAAGAT,0,3960854
xdhAp1,0.041666666666666664,23,23,CGGGAGCACAATTTGTGCAT,0,3951093
xdhAp1,0.041666666666666664,23,23,CGCCTAGAGGAAGGCGAGAA,0,3929217
xdhAp1,0.041666666666666664,23,23,CGCCGCGGCCCATATCGGTC,0,3940508
xdhAp1,0.041666666666666664,23,23,CGATACCCATTCGGCACTGT,0,3971538
xdhAp1,0.041666666666666664,23,23,CGAGAACGAACTAACGATGA,0,3931321
xdhAp1,0.041666666666666664,23,23,CCTCGGCGGTAAATCGCGTT,0,3957409
xdhAp1,0.041666666666666664,23,23,CCCCTACTATGTGATGCTAA,0,3946102
xdhAp1,0.041666666666666664,23,23,CCATGGTCTCGACAACATTG,0,3936300
xdhAp1,0.041666666666666664,23,23,CCAGCGAACTGAGACCCATA,0,3961940
xdhAp1,0.041666666666666664,23,23,CCACTAAAGCGGCGCGAGTT,0,3943260
xdhAp1,0.041666666666666664,23,23,CATATCTGGAAATGCCAGGA,0,3977831
xdhAp1,0.041666666666666664,23,23,CACATGCCATTGGGTCATAC,0,3941441
xdhAp1,0.041666666666666664,23,23,CAAATGCCCATCTAAAAACG,0,3936599
xdhAp1,0.041666666666666664,23,23,ATCACGCCGCGCGTCTGGCT,0,3949353
xdhAp1,0.041666666666666664,23,23,ATCAATCACAAAAGAAAAGG,0,3965249
xdhAp1,0.041666666666666664,23,23,ATAGAAGTTTTGTATCAGTG,0,3972187
xdhAp1,0.041666666666666664,23,23,AGCCCGGTCATATCATGCTA,0,3957352
xdhAp1,0.041666666666666664,23,23,AGCATGTTCGATAAAAGTTG,0,3932700
xdhAp1,0.041666666666666664,23,23,AGCACCCGGTAAGTACAAGC,0,3970870
xdhAp1,0.041666666666666664,23,23,ACGGGTCGGCTCTATGAAAA,0,3981494
xdhAp1,0.041666666666666664,23,23,ACGCTTCAACTCCGGGCTTT,0,3965309
xdhAp1,0.041666666666666664,23,23,ACAATGTCCCCACATCAGGT,0,3975365
xdhAp1,0.041666666666666664,23,23,AAGTAGGCCCCAGGTTTCCT,0,3977665
xdhAp1,0.041666666666666664,23,23,AACTTTATCGTTCCACAAAC,0,3943870
xdhAp1,0.041666666666666664,23,23,AAAACACCAGGTCATGCGGT,0,3980192
xdhAp1,0.043478260869565216,22,22,TTATAAACCAAAATTTTCAG,0,3952517
xdhAp1,0.043478260869565216,22,22,TCTGCTTTGCCTGACACATA,0,3972942
xdhAp1,0.043478260869565216,22,22,TCTCTTAATTGGGAATTTCG,0,3934126
xdhAp1,0.043478260869565216,22,22,TCGTTGTGTAAAGGATTCAT,0,3933014
xdhAp1,0.043478260869565216,22,22,TCGCCTTATGTATTGAATAA,0,3967271
xdhAp1,0.043478260869565216,22,22,TCGACGCGGATTTGGGCGCT,0,3946566
xdhAp1,0.043478260869565216,22,22,TCCTGGAGGCGCACGAGGGT,0,3957811
xdhAp1,0.043478260869565216,22,22,TAGGTGGACTAACGTTGGCG,0,3960575
xdhAp1,0.043478260869565216,22,22,TAGCTAAACTGGGTCTGGTA,0,3980865
xdhAp1,0.043478260869565216,22,22,GTTACTTCAGAGTCGCGTAT,0,3953464
xdhAp1,0.043478260869565216,22,22,GTACATAGGAAACGCGTCTT,0,3950289
xdhAp1,0.043478260869565216,22,22,GGTGGATCTCGTTGCTGGGG,0,3929953
xdhAp1,0.043478260869565216,22,22,GGATGGCTGGAACACAGGCA,0,3943089
xdhAp1,0.043478260869565216,22,22,GCTGTTCATCATGGGAAATG,0,3937338
xdhAp1,0.043478260869565216,22,22,GCTGCGCGACGATCTGATGC,0,3962080
xdhAp1,0.043478260869565216,22,22,GCTCGGATTGGTCTGACGAT,0,3938120
xdhAp1,0.043478260869565216,22,22,GAGACAGTTGAGAAGGTAGG,0,3961001
xdhAp1,0.043478260869565216,22,22,GAGAATGAGCTCCCTACTCC,0,3949661
xdhAp1,0.043478260869565216,22,22,GAATGGAATGCTGGTTGGAC,0,3956132
xdhAp1,0.043478260869565216,22,22,CTTTCGACACTGGATTTCGT,0,3935578
xdhAp1,0.043478260869565216,22,22,CTTTATAATTGATGTGTATG,0,3970667
xdhAp1,0.043478260869565216,22,22,CTCTTTGAAAGATCACTTCA,0,3976916
xdhAp1,0.043478260869565216,22,22,CTATAGCGCCATTATGATTA,0,3930586
xdhAp1,0.043478260869565216,22,22,CTAAATGAGACTTACAAAAG,0,3957819
xdhAp1,0.043478260869565216,22,22,CGGTGCATACTGTTGTCCTT,0,3965042
xdhAp1,0.043478260869565216,22,22,CGCGCATAGGCTGCGAACTT,0,3950767
xdhAp1,0.043478260869565216,22,22,CCTACTGGGGCCGCAAGATT,0,3932867
xdhAp1,0.043478260869565216,22,22,CCGCTGAGCCCAGTAGACGA,0,3962564
xdhAp1,0.043478260869565216,22,22,CCGCTCCGAGCTAAGGGGAT,0,3957756
xdhAp1,0.043478260869565216,22,22,CCACATTTACTCGATTGTGA,0,3949404
xdhAp1,0.043478260869565216,22,22,CATCTCGCCCCCGACCGAGG,0,3936657
xdhAp1,0.043478260869565216,22,22,CACGGATATCCAGTCGCAAA,0,3929949
xdhAp1,0.043478260869565216,22,22,ATTTAACTGGCCCCTCATGT,0,3937602
xdhAp1,0.043478260869565216,22,22,ATATTTATAGCAACGCGGGT,0,3974362
xdhAp1,0.043478260869565216,22,22,AGGTTGGCGGTACTCGATTG,0,3944280
xdhAp1,0.043478260869565216,22,22,AGGAGCCTGTGCAAATTCTG,0,3938576
xdhAp1,0.043478260869565216,22,22,AGCGTATTAGACGAAAAGTA,0,3956469
xdhAp1,0.043478260869565216,22,22,AGCACCGGCCTTTGGTTCAC,0,3969973
xdhAp1,0.043478260869565216,22,22,ACGCGGGGCGTCTTACCGAT,0,3970748
xdhAp1,0.043478260869565216,22,22,ACACCTGAGTGCCTTAGTGC,0,3967466
xdhAp1,0.043478260869565216,22,22,AATTCTACAGGGACATGACG,0,3940440
xdhAp1,0.043478260869565216,22,22,AATCGGCTAGGGCTATCTGC,0,3968385
xdhAp1,0.043478260869565216,22,22,AAGTTTGATCGGATGACTAT,0,3957763
xdhAp1,0.043478260869565216,22,22,AAAAACGAGGTAGTCGGTAC,0,3968312
xdhAp1,0.045454545454545456,21,21,TTTGCGGAGCGCCAGTATCC,0,3958389
xdhAp1,0.045454545454545456,21,21,TTGCGCGTCCGACGCGACAG,0,3944653
xdhAp1,0.045454545454545456,21,21,TTCAATGCGTGCCTGGGCTT,0,3942873
xdhAp1,0.045454545454545456,21,21,TGAGTGACGTAAATCTGTAT,0,3958589
xdhAp1,0.045454545454545456,21,21,TCTTTGCAAGCACGGCCTGA,0,3933341
xdhAp1,0.045454545454545456,21,21,TCTTAAGATGAGCCGGCTTC,0,3944131
xdhAp1,0.045454545454545456,21,21,TCGGAGCATCTGTGAATCAC,0,3934448
xdhAp1,0.045454545454545456,21,21,TCCGTACCTATTTGCCCAGT,0,3948321
xdhAp1,0.045454545454545456,21,21,TCCCGACGGCGGTAAATCGT,0,3960147
xdhAp1,0.045454545454545456,21,21,TCACCGGTACAAGAGATGGG,0,3978605
xdhAp1,0.045454545454545456,21,21,TACTGTACGGGCATTAACTA,0,3966669
xdhAp1,0.045454545454545456,21,21,TAATGCGTCGGGTTACACAT,0,3937671
xdhAp1,0.045454545454545456,21,21,GTTTCCTACCACTGAGTCCA,0,3970201
xdhAp1,0.045454545454545456,21,21,GTGCCCTTACGGATAGGACC,0,3968781
xdhAp1,0.045454545454545456,21,21,GTGAATTCGACATTGTTGGG,0,3963798
xdhAp1,0.045454545454545456,21,21,GGTGGGTACTACTGCGTCAC,0,3938816
xdhAp1,0.045454545454545456,21,21,GGACAGATCCATAGGTTGGT,0,3981403
xdhAp1,0.045454545454545456,21,21,GCGGAAACAATTTGTGGCGA,0,3930836
xdhAp1,0.045454545454545456,21,21,GCCGTATCTTGCGCAGTAGG,0,3931096
xdhAp1,0.045454545454545456,21,21,GCATGCCGGTATCTAAACTA,0,3968322
xdhAp1,0.045454545454545456,21,21,GCAAATCGACCAACTCCCTA,0,3949027
xdhAp1,0.045454545454545456,21,21,GATTTCTGCACGCTAAGAGT,0,3973453
xdhAp1,0.045454545454545456,21,21,GAGGTATACTCGATGCCGGG,0,3951447
xdhAp1,0.045454545454545456,21,21,GAGAGTAGACCAACGAGGTA,0,3941535
xdhAp1,0.045454545454545456,21,21,GAGAAGGCCTTCGGTGCATC,0,3943166
xdhAp1,0.045454545454545456,21,21,CTGCACCAGATCTCGCAAAT,0,3961726
xdhAp1,0.045454545454545456,21,21,CGGGCATTTTCAGTCTAAGA,0,3949732
xdhAp1,0.045454545454545456,21,21,CGGGAGCGGAAGGTCGTCCT,0,3946430
xdhAp1,0.045454545454545456,21,21,CGCAAAGAGTAGGTCGGTTT,0,3968929
xdhAp1,0.045454545454545456,21,21,CGATATTGGGTCCACCGTTA,0,3944164
xdhAp1,0.045454545454545456,21,21,CGAAGTGACACGTATGGATG,0,3930407
xdhAp1,0.045454545454545456,21,21,CCAGTGGGACCGAAGCGGTC,0,3941537
xdhAp1,0.045454545454545456,21,21,CCACTGCTTTTCCACCCAGG,0,3970864
xdhAp1,0.045454545454545456,21,21,CCACATCATCAGAATGGTTG,0,3936541
xdhAp1,0.045454545454545456,21,21,CCAACCGATGGCATCACGTT,0,3973962
xdhAp1,0.045454545454545456,21,21,CAAGTGTCGCCGAGGGTACA,0,3929417
xdhAp1,0.045454545454545456,21,21,ATCGCCTTTTGCGAGCAAAG,0,3945721
xdhAp1,0.045454545454545456,21,21,AGTAGAACAGCGTCATCGTC,0,3944416
xdhAp1,0.045454545454545456,21,21,AGGAAGTGGTGGACCTTCCA,0,3945130
xdhAp1,0.045454545454545456,21,21,ACTGGAGCTTATGTGGCAGT,0,3929807
xdhAp1,0.045454545454545456,21,21,ACCGACCCGCTTAGTGAATT,0,3940683
xdhAp1,0.045454545454545456,21,21,ACCAGCGCCCCAGTGCTTAA,0,3942217
xdhAp1,0.045454545454545456,21,21,ACACTCTGTTTTTCGGACCC,0,3973339
xdhAp1,0.045454545454545456,21,21,AACCATTAGCTGCCAGAGAA,0,3948617
xdhAp1,0.047619047619047616,20,20,TTTCAAGACAAGTTGATTGA,0,3947099
xdhAp1,0.047619047619047616,20,20,TTGGCGAAGGAAGAACGATA,0,3962031
xdhAp1,0.047619047619047616,20,20,TTGCTACGTGGGCTCAACTC,0,3952163
xdhAp1,0.047619047619047616,20,20,TTCCGATTGGAAGTTTGTGC,0,3948256
xdhAp1,0.047619047619047616,20,20,TTAACCGATCCACGGACAAT,0,3951743
xdhAp1,0.047619047619047616,20,20,TGAAGCAATTTCATAGTCAG,0,3937755
xdhAp1,0.047619047619047616,20,20,TCGGGGAGATATTTTCCTGC,0,3947648
xdhAp1,0.047619047619047616,20,20,TCGACACTGTCCGTGGGCCA,0,3948701
xdhAp1,0.047619047619047616,20,20,TATTGCGGAATACGTCAATT,0,3972048
xdhAp1,0.047619047619047616,20,20,TAAGGATTGCCGGGGCTATT,0,3941332
xdhAp1,0.047619047619047616,20,20,TAACTTCGGAATTCATGACA,0,3942621
xdhAp1,0.047619047619047616,20,20,TAAAGTTTTATACGCCCAAG,0,3934477
xdhAp1,0.047619047619047616,20,20,GTTGGGTGGGGCTAATGTAG,0,3943191
xdhAp1,0.047619047619047616,20,20,GTAATCCACAAGATCGGATC,0,3969563
xdhAp1,0.047619047619047616,20,20,GTAACTTTCCCATGAGAAAC,0,3943861
xdhAp1,0.047619047619047616,20,20,GGTGCACTATCGGGTGCTGA,0,3940055
xdhAp1,0.047619047619047616,20,20,GGTACGTACATCACCAACTA,0,3952377
xdhAp1,0.047619047619047616,20,20,GGGGGAGACCCTTTCCGCAT,0,3931371
xdhAp1,0.047619047619047616,20,20,GGGCGGTCTCTCTTCCAACT,0,3952957
xdhAp1,0.047619047619047616,20,20,GGCCAATTTCTCATGGGTGT,0,3948674
xdhAp1,0.047619047619047616,20,20,GGATGAACATAGAAGCGATT,0,3943344
xdhAp1,0.047619047619047616,20,20,GCGTAGTCGGTATGAGATCG,0,3953212
xdhAp1,0.047619047619047616,20,20,GCGGTTCTAGTCGTATCGAC,0,3952010
xdhAp1,0.047619047619047616,20,20,GCGGGTGGGCGGTAAATAAT,0,3959162
xdhAp1,0.047619047619047616,20,20,GCACGAATCAATATCAGTGA,0,3949679
xdhAp1,0.047619047619047616,20,20,GCAAGGGTGGCATTCTAGTG,0,3946311
xdhAp1,0.047619047619047616,20,20,GATCAGGTTAATACGTGGAT,0,3954408
xdhAp1,0.047619047619047616,20,20,GAGTTGGCTCGACTCGTTTG,0,3948072
xdhAp1,0.047619047619047616,20,20,GACTCCCTTTAATACTGCCC,0,3963356
xdhAp1,0.047619047619047616,20,20,CTGGATGCGGTTTTATCTGA,0,3946262
xdhAp1,0.047619047619047616,20,20,CTCACTGTATCTACCAGTTC,0,3943810
xdhAp1,0.047619047619047616,20,20,CTACTAGACGGCCGTTTGAG,0,3949760
xdhAp1,0.047619047619047616,20,20,CGTTATGTGCCAGGCATTAG,0,3965098
xdhAp1,0.047619047619047616,20,20,CGTTAGGGTGCATCTTAATG,0,3959740
xdhAp1,0.047619047619047616,20,20,CGTCTGGCTGGCCAAGTAAT,0,3977658
xdhAp1,0.047619047619047616,20,20,CGGTAAGACTTGAGTGTACG,0,3952415
xdhAp1,0.047619047619047616,20,20,CGGGGTCACGGCAGCCAATA,0,3939939
xdhAp1,0.047619047619047616,20,20,CGGGGGGTCTAAAGGTTAAC,0,3966731
xdhAp1,0.047619047619047616,20,20,CGAGGCTCCATGGAGTCCCA,0,3958067
xdhAp1,0.047619047619047616,20,20,CCTATCTGTTGCCATAAAGG,0,3955809
xdhAp1,0.047619047619047616,20,20,CCGACGGGTTCCGTCAGACC,0,3932977
xdhAp1,0.047619047619047616,20,20,CCCTGTGATGCTCACACCGT,0,3972142
xdhAp1,0.047619047619047616,20,20,CCCTCCCGGGTGGGAACTTA,0,3972642
xdhAp1,0.047619047619047616,20,20,CCCCGAACGAATTGTTTTGC,0,3970318
xdhAp1,0.047619047619047616,20,20,CCCACTCCTTTGTTGGCCAA,0,3974152
xdhAp1,0.047619047619047616,20,20,CCAGCAATCTATCTAGGCGT,0,3956339
xdhAp1,0.047619047619047616,20,20,CCACTCTGTCCCAGCCGCTA,0,3955147
xdhAp1,0.047619047619047616,20,20,CAGTAGTGTCTGTGCGACCT,0,3943134
xdhAp1,0.047619047619047616,20,20,CAGGTCGGTTTCTTCACATG,0,3975610
xdhAp1,0.047619047619047616,20,20,CACGAAATAGTACGAGGTAG,0,3930539
xdhAp1,0.047619047619047616,20,20,CACCCCTCCCGGACTCCTAG,0,3942255
xdhAp1,0.047619047619047616,20,20,CACACTGACAGATGGGCGCA,0,3933057
xdhAp1,0.047619047619047616,20,20,CACAATAGAAAGAGGAGGTA,0,3965833
xdhAp1,0.047619047619047616,20,20,ATTGCCGTTACGACGGAGCA,0,3937414
xdhAp1,0.047619047619047616,20,20,ATGTTTGACAAACATGACAG,0,3962294
xdhAp1,0.047619047619047616,20,20,ATGCTAGCGTTCTAGCAACG,0,3980015
xdhAp1,0.047619047619047616,20,20,ATCAGTTAATCCACTAAGGC,0,3931369
xdhAp1,0.047619047619047616,20,20,ATCAGTCCGCGTGAGGTAGG,0,3929767
xdhAp1,0.047619047619047616,20,20,ATAGTTAATCGATACCCGTC,0,3975064
xdhAp1,0.047619047619047616,20,20,ATAACACTCTCGCTCGCGTT,0,3951801
xdhAp1,0.047619047619047616,20,20,AGTGCCCTGAATAAACCTGA,0,3943957
xdhAp1,0.047619047619047616,20,20,AGGCACCGCTGTCCTGAGTC,0,3931896
xdhAp1,0.047619047619047616,20,20,AGATAGCCACACTGGTACTA,0,3952814
xdhAp1,0.047619047619047616,20,20,AAATATCTGAGAGAGTAGGT,0,3933475
xdhAp1,0.05,19,19,TTTGGGCTCAAAAATTGTTT,0,3968147
xdhAp1,0.05,19,19,TTTGAGAAGTGGAATATGAC,0,3974099
xdhAp1,0.05,19,19,TTTCGCCGAGCACCGTGCGA,0,3931154
xdhAp1,0.05,19,19,TTGTAGAATCCCACGTAGAC,0,3944276
xdhAp1,0.05,19,19,TTCCGTTGACAGCTCAATTA,0,3929212
xdhAp1,0.05,19,19,TTCCGGCGCATTAGGGCCAC,0,3955095
xdhAp1,0.05,19,19,TTCACACCTTTTGGGGATGC,0,3972362
xdhAp1,0.05,19,19,TTACTATGTTGGGCCGGCTA,0,3954067
xdhAp1,0.05,19,19,TTACAGTGACTAAGAAAACT,0,3968181
xdhAp1,0.05,19,19,TGTTTGCATTTACACGCTGC,0,3948840
xdhAp1,0.05,19,19,TGGGGATCGCTATCCTGCAG,0,3976294
xdhAp1,0.05,19,19,TGGCTAAAACGGTCCTACTT,0,3970196
xdhAp1,0.05,19,19,TGCGACACTCGGGTGACAAT,0,3962855
xdhAp1,0.05,19,19,TGAGCTTGCGGGTCTTCTTA,0,3958569
xdhAp1,0.05,19,19,TCTGAGGCCCTAACGTGGCA,0,3934523
xdhAp1,0.05,19,19,TCTACCTCGACAACCAGGAT,0,3971655
xdhAp1,0.05,19,19,TCGTTGCTTGGTAAATGAAG,0,3979068
xdhAp1,0.05,19,19,TCGGACAGGGTTTCATTCTA,0,3934264
xdhAp1,0.05,19,19,TCCTGGCATTCCTGCTGGCA,0,3943225
xdhAp1,0.05,19,19,TCCGTACATAGGTACGGCCT,0,3932338
xdhAp1,0.05,19,19,TCATGGGCTGGATATAAACT,0,3947465
xdhAp1,0.05,19,19,TCAAGTATGTGTCTTAGGGT,0,3970567
xdhAp1,0.05,19,19,TCAACCAAGACGCCTCGCAG,0,3978461
xdhAp1,0.05,19,19,TAGATATTCGAGAAATGAGA,0,3953650
xdhAp1,0.05,19,19,TAAGGCACTCAGAGAATGGA,0,3942598
xdhAp1,0.05,19,19,GTTCGCGACGACAGCCAAAG,0,3935123
xdhAp1,0.05,19,19,GTTCCAAGTGACCTGTCTCA,0,3943626
xdhAp1,0.05,19,19,GTGCTTGCGTAGTTGTGGTT,0,3970613
xdhAp1,0.05,19,19,GTCTATTGGTGCTCACGAGT,0,3958875
xdhAp1,0.05,19,19,GTCCAGCCTCCTTATCTGGA,0,3941358
xdhAp1,0.05,19,19,GTATGTCCGGATTGCCCGCC,0,3954669
xdhAp1,0.05,19,19,GTAATTTTTTATGAGGCGTG,0,3952641
xdhAp1,0.05,19,19,GGGGTTGCTCAGATTAAAAC,0,3934399
xdhAp1,0.05,19,19,GGGCCATACAGGCGTCCTAG,0,3929787
xdhAp1,0.05,19,19,GGCCCACGGAAAGGCCCTAT,0,3954077
xdhAp1,0.05,19,19,GCTGATGGTCGGGTGTCCAT,0,3949273
xdhAp1,0.05,19,19,GCTCTCACATTCCAGTACTT,0,3963545
xdhAp1,0.05,19,19,GCTCGACCGCTTGTGCAAAA,0,3957019
xdhAp1,0.05,19,19,GCTCCGGTATGCAACACATA,0,3971381
xdhAp1,0.05,19,19,GCGCAACAGACCAGTAGCAG,0,3930771
xdhAp1,0.05,19,19,GCGAAAGCTCTCTAATGCTT,0,3973827
xdhAp1,0.05,19,19,GCAACATGTTACAGCCAAGC,0,3960596
xdhAp1,0.05,19,19,GATGTAGTCTGGTTCAAGCC,0,3973008
xdhAp1,0.05,19,19,GAATGTCTGGAGGGCTGCAA,0,3969190
xdhAp1,0.05,19,19,CTTAATGATTTAGGATTGCA,0,3980853
xdhAp1,0.05,19,19,CTGGTAGTTAACCGTACCTG,0,3973095
xdhAp1,0.05,19,19,CTGGGGTCCATCTCAGAGAG,0,3971970
xdhAp1,0.05,19,19,CTGATGGCACGGGACATTTA,0,3948748
xdhAp1,0.05,19,19,CTGAGGCAGGAAGTTTCTTG,0,3957959
xdhAp1,0.05,19,19,CTAACTCGTTGCAGTTGAAC,0,3948447
xdhAp1,0.05,19,19,CGGAACGAGCTATGACCATG,0,3955275
xdhAp1,0.05,19,19,CGCGTAAGGAACGTTATCCT,0,3935642
xdhAp1,0.05,19,19,CCAGTCCATCGGCATCAGGC,0,3963597
xdhAp1,0.05,19,19,CCACTGTGGCTGTTCTCGTA,0,3944824
xdhAp1,0.05,19,19,CCACACGGTTACGGGTTGAA,0,3981116
xdhAp1,0.05,19,19,CAATGACTCAGGGGCCTACC,0,3978611
xdhAp1,0.05,19,19,ATGTGGCTTGAGGATTCGCT,0,3962947
xdhAp1,0.05,19,19,ATCTTTAGTTAAAGGCCTGT,0,3932692
xdhAp1,0.05,19,19,ATCGGAAGAATCAGGACGCA,0,3949668
xdhAp1,0.05,19,19,ATCGCTAGTTGTTTAGATAG,0,3966383
xdhAp1,0.05,19,19,ATATTCGTGGCTTAGGAATA,0,3942228
xdhAp1,0.05,19,19,ATAGCTTCTTACTTTATAGA,0,3950652
xdhAp1,0.05,19,19,ATAAGGTTCAGCTAGTCGTT,0,3945844
xdhAp1,0.05,19,19,AGTTGGGTGAGATGAGTCGG,0,3954176
xdhAp1,0.05,19,19,AGTTCGCCCGAAGTTGGCTA,0,3937300
xdhAp1,0.05,19,19,AGTGGCCGCACGGGGAGCAT,0,3971714
xdhAp1,0.05,19,19,AGATTTGTCTATGAACCGGA,0,3973263
xdhAp1,0.05,19,19,AGAAGTGTCGATTGTGATTA,0,3947466
xdhAp1,0.05,19,19,ACTCGAACAACCAGTGCCTT,0,3938442
xdhAp1,0.05,19,19,ACGGGCTTAGAGGACGTTGG,0,3946113
xdhAp1,0.05,19,19,ACGGCCTTTGGGATGGGGTT,0,3971185
xdhAp1,0.05,19,19,ACGAGCCAAGACCTGGGACA,0,3943186
xdhAp1,0.05,19,19,ACGACGATCGAAGCGCGGCG,0,3944216
xdhAp1,0.05,19,19,ACCAGTCCGGCGACCTTGTG,0,3932183
xdhAp1,0.05,19,19,ACAGTACACTGGCCGGGCAT,0,3952719
xdhAp1,0.05,19,19,ACAAGCCCCTCTCCGGAGTG,0,3949746
xdhAp1,0.05,19,19,AATTAAGACTGTACACCGGA,0,3955596
xdhAp1,0.05,19,19,AAGAGTAAGTAGCTGTGTCA,0,3955068
xdhAp1,0.05,19,19,AACACCCAATGGAAAGAGAA,0,3973666
xdhAp1,0.05,19,19,AAATTTTCGGCTGAGCATAC,0,3946476
xdhAp1,0.05,19,19,AAATACCTATATCATTTTAC,0,3953151
xdhAp1,0.05,19,19,AAAGCGCATAAGTAGAGGGT,0,3936508
xdhAp1,0.05263157894736842,18,18,TTTTGAGTGCTCCATAACTG,0,3929974
xdhAp1,0.05263157894736842,18,18,TTGGTAACCCATGGATGGAG,0,3976230
xdhAp1,0.05263157894736842,18,18,TTGACCGGGCACTCAAGGAG,0,3931180
xdhAp1,0.05263157894736842,18,18,TTCGGAGAACTTTCGGCCGG,0,3952214
xdhAp1,0.05263157894736842,18,18,TTCCGGCGAAAGCAGATCAT,0,3980812
xdhAp1,0.05263157894736842,18,18,TTACCAGCAATATCTCCAGA,0,3935461
xdhAp1,0.05263157894736842,18,18,TTAAACGAGTTTCTCAAGAT,0,3935219
xdhAp1,0.05263157894736842,18,18,TGTTTCGGACTCGTCCCGAT,0,3929955
xdhAp1,0.05263157894736842,18,18,TGGCGCGGTTGACTCAGGCC,0,3972336
xdhAp1,0.05263157894736842,18,18,TGGACAGGTCACTTCTGGAC,0,3929404
xdhAp1,0.05263157894736842,18,18,TGCAACTGAGCTTGACGAGA,0,3955290
xdhAp1,0.05263157894736842,18,18,TCTTAATAAGTCTGCAGTAG,0,3960932
xdhAp1,0.05263157894736842,18,18,TCTGCCGCGTTGGATCCTGT,0,3963429
xdhAp1,0.05263157894736842,18,18,TCCCTTCTACGACTGTCGGT,0,3967396
xdhAp1,0.05263157894736842,18,18,TCACAGTCAAAACTGGTTTT,0,3972545
xdhAp1,0.05263157894736842,18,18,TATAAACGGGCGTACTCTCA,0,3952203
xdhAp1,0.05263157894736842,18,18,TAGCGCTTGGAGTCTGGTTG,0,3947274
xdhAp1,0.05263157894736842,18,18,TAACGGACACGACGAGCTTG,0,3942043
xdhAp1,0.05263157894736842,18,18,TAAATGGCAAGGTATACACT,0,3972471
xdhAp1,0.05263157894736842,18,18,GTTGGCAACTTACAAGATGC,0,3950317
xdhAp1,0.05263157894736842,18,18,GTGTTCCTGTGGCTGCCCAG,0,3946921
xdhAp1,0.05263157894736842,18,18,GTGAGGCGACTTCACTCGAC,0,3936472
xdhAp1,0.05263157894736842,18,18,GTCAGGTTCGATGCATGCGT,0,3981479
xdhAp1,0.05263157894736842,18,18,GTATGGCCTGTCGGTATCTC,0,3934262
xdhAp1,0.05263157894736842,18,18,GGTGTACAGAGAGTATAGGT,0,3957414
xdhAp1,0.05263157894736842,18,18,GGTGGTGTGGCGGGTTTATC,0,3979104
xdhAp1,0.05263157894736842,18,18,GGGGGGTAGGCGGCCGGCCA,0,3929350
xdhAp1,0.05263157894736842,18,18,GGGGATCGCTAGACGGTTTG,0,3961858
xdhAp1,0.05263157894736842,18,18,GGGGAGTTCCCTATTGGACA,0,3975825
xdhAp1,0.05263157894736842,18,18,GGGCTCTCGCGTAATGCTCA,0,3973061
xdhAp1,0.05263157894736842,18,18,GGATCTTCCTTGAGACTTAA,0,3931749
xdhAp1,0.05263157894736842,18,18,GGACCGGAGCGTCATCCCTG,0,3948912
xdhAp1,0.05263157894736842,18,18,GCTTGGAAATCACTTCCACA,0,3960426
xdhAp1,0.05263157894736842,18,18,GCGGTCCCAGCGTGGGGGAA,0,3942924
xdhAp1,0.05263157894736842,18,18,GCCTAACAAGGACGTGAGCA,0,3937427
xdhAp1,0.05263157894736842,18,18,GCCCGGAGTTCTGTCACTAG,0,3938585
xdhAp1,0.05263157894736842,18,18,GATAGGTACAATGGGACCTA,0,3948593
xdhAp1,0.05263157894736842,18,18,GAGGGGTAGCAATTTCGACA,0,3938074
xdhAp1,0.05263157894736842,18,18,GAGCCAGCCAGGCAGGTATT,0,3943123
xdhAp1,0.05263157894736842,18,18,GACTTCTCTAGAATTCCGCT,0,3980203
xdhAp1,0.05263157894736842,18,18,GAATGCCGGTACCATCTGCA,0,3947358
xdhAp1,0.05263157894736842,18,18,CTTGGGTCCTTTAGAGTCCA,0,3958574
xdhAp1,0.05263157894736842,18,18,CTTAGACGGAGATAAAGCAT,0,3968709
xdhAp1,0.05263157894736842,18,18,CTTAAAGTAGCGTGGCCTTA,0,3941349
xdhAp1,0.05263157894736842,18,18,CTGGGACGCCTGACCGACGT,0,3944784
xdhAp1,0.05263157894736842,18,18,CTGCCTCGTCTGATCACTGA,0,3951888
xdhAp1,0.05263157894736842,18,18,CTAGGCTCCGCATGACTTGT,0,3976101
xdhAp1,0.05263157894736842,18,18,CGCAGGACGATGAGTGAGAG,0,3972944
xdhAp1,0.05263157894736842,18,18,CGCAAGTACAGAGAGTATCC,0,3931846
xdhAp1,0.05263157894736842,18,18,CGATTCCAAGCCACGTTACA,0,3955558
xdhAp1,0.05263157894736842,18,18,CGAGACCATCAGACTGTAAC,0,3940095
xdhAp1,0.05263157894736842,18,18,CGACCTTATCGTAGGGCTGT,0,3965556
xdhAp1,0.05263157894736842,18,18,CCTTAAAGTCTCCGATTGAT,0,3949432
xdhAp1,0.05263157894736842,18,18,CCCGGACGGTTGTCCTCTGT,0,3959306
xdhAp1,0.05263157894736842,18,18,CCAATTCAGCGGGCGTCAAT,0,3937249
xdhAp1,0.05263157894736842,18,18,CACAAAAATTTCCGTCCCTG,0,3930212
xdhAp1,0.05263157894736842,18,18,ATGTCCATGTCTGGCCAGGT,0,3960957
xdhAp1,0.05263157894736842,18,18,ATCGTTTCGCCGGTTCTTTC,0,3958928
xdhAp1,0.05263157894736842,18,18,ATCAAATGTCAGAGGCACCC,0,3934195
xdhAp1,0.05263157894736842,18,18,AGTTATTTAAGGGATTTCTT,0,3929735
xdhAp1,0.05263157894736842,18,18,AGTGGAAATTGGTGTTGGAA,0,3958856
xdhAp1,0.05263157894736842,18,18,AGTCTGTTTTGGGGGGGCGC,0,3975162
xdhAp1,0.05263157894736842,18,18,AGTACGTCTAGGCGGCTACA,0,3966169
xdhAp1,0.05263157894736842,18,18,AGGTGTTTGGAGAGACCTTA,0,3940034
xdhAp1,0.05263157894736842,18,18,AGGCTTAGGTGAGGTATTTT,0,3970321
xdhAp1,0.05263157894736842,18,18,AGGCCAGGACACCCCACTGG,0,3931744
xdhAp1,0.05263157894736842,18,18,AGGATACGTTGAATTTTAGG,0,3929453
xdhAp1,0.05263157894736842,18,18,AGGACCGATGACGGGGGCGA,0,3929021
xdhAp1,0.05263157894736842,18,18,AGCTTTGTTATAGTATGTTG,0,3977198
xdhAp1,0.05263157894736842,18,18,AGAAGGTCATCAATGTGTGC,0,3968627
xdhAp1,0.05263157894736842,18,18,ACTCCGTGTTGAAGCCAGGA,0,3953415
xdhAp1,0.05263157894736842,18,18,ACTACATCTTATGCACGTAT,0,3941141
xdhAp1,0.05263157894736842,18,18,ACGTCGATCTTTTCAGTGAC,0,3930921
xdhAp1,0.05263157894736842,18,18,ACGGTTAGTCGTGATTCTTA,0,3968628
xdhAp1,0.05263157894736842,18,18,ACGCACCCCAAGTCTGATTG,0,3968468
xdhAp1,0.05263157894736842,18,18,ACGATCCTAACTCGCCCACA,0,3934049
xdhAp1,0.05263157894736842,18,18,ACGAGGAGTCTTAAGGTTCA,0,3938337
xdhAp1,0.05263157894736842,18,18,ACCGGACGAAGTAATCCCGA,0,3976042
xdhAp1,0.05263157894736842,18,18,ACCCTTCGCATATTTTACGA,0,3966763
xdhAp1,0.05263157894736842,18,18,AAGGAGTTAAGCTCTAAGGA,0,3934369
xdhAp1,0.05263157894736842,18,18,AACCGATACTCCGTCGCTCA,0,3973356
xdhAp1,0.05263157894736842,18,18,AACATATCCGACCTCCGACA,0,3959304
xdhAp1,0.05555555555555555,17,17,TTTTTGGCCACAAAATCCAT,0,3929579
xdhAp1,0.05555555555555555,17,17,TTTCACATGACAGACCTCGT,0,3948940
xdhAp1,0.05555555555555555,17,17,TTTATAGAGCATATCGAAAA,0,3964957
xdhAp1,0.05555555555555555,17,17,TTGAGCACTGTCGTGGCAGA,0,3938807
xdhAp1,0.05555555555555555,17,17,TTCTGATGGACGGCACTAGG,0,3935616
xdhAp1,0.05555555555555555,17,17,TTCCACCACTTGCGCTAGAC,0,3974059
xdhAp1,0.05555555555555555,17,17,TGCAGTGAGTTACGCGCATG,0,3976636
xdhAp1,0.05555555555555555,17,17,TCTCGAAAGTCGATTGGACT,0,3954532
xdhAp1,0.05555555555555555,17,17,TCTACGGATCCGAGTAGTGT,0,3976056
xdhAp1,0.05555555555555555,17,17,TCGGGGGTACATGGGAGCTA,0,3955848
xdhAp1,0.05555555555555555,17,17,TCGATTTTTGACAACGTCTA,0,3947342
xdhAp1,0.05555555555555555,17,17,TCCTAGTACCGGTTCTCACT,0,3931046
xdhAp1,0.05555555555555555,17,17,TCCCGTTTTTCTAAAGAATC,0,3933010
xdhAp1,0.05555555555555555,17,17,TCAGAGTGTGTAAGCAGTCA,0,3970612
xdhAp1,0.05555555555555555,17,17,TCACCCGGAACTGAATTATA,0,3955151
xdhAp1,0.05555555555555555,17,17,TATCTCCGCTATATAGCCGT,0,3937665
xdhAp1,0.05555555555555555,17,17,TAGGTTTCGGTAACCACCGG,0,3937906
xdhAp1,0.05555555555555555,17,17,TAGCTGTGCTATCACCAGCC,0,3938435
xdhAp1,0.05555555555555555,17,17,TACTAAAAAACCTACCCGAC,0,3939147
xdhAp1,0.05555555555555555,17,17,TACATATTTCGGGATAGGTT,0,3933990
xdhAp1,0.05555555555555555,17,17,TAATAGCTCCTACGGGTGGT,0,3945047
xdhAp1,0.05555555555555555,17,17,TAAAAGAAGATCGGGCACAT,0,3950445
xdhAp1,0.05555555555555555,17,17,GTTTAGGTCCAATTACGGAG,0,3958437
xdhAp1,0.05555555555555555,17,17,GTTCGGGTTGGCATGAATAC,0,3929895
xdhAp1,0.05555555555555555,17,17,GTTAATGACCTAATTCGATT,0,3964420
xdhAp1,0.05555555555555555,17,17,GTATTGTGTAGGCTTCAAAA,0,3937516
xdhAp1,0.05555555555555555,17,17,GGGTATGACGGGCTCTGCTA,0,3964706
xdhAp1,0.05555555555555555,17,17,GGGGATTACCTTATAAATTG,0,3961267
xdhAp1,0.05555555555555555,17,17,GGGCAGAGCTCGCTGAAAAG,0,3972536
xdhAp1,0.05555555555555555,17,17,GGCCAACGCATCAGTTAGCT,0,3929989
xdhAp1,0.05555555555555555,17,17,GGAGTGCATGACTAGCCGCA,0,3961783
xdhAp1,0.05555555555555555,17,17,GCTTGGAAATTCTATGGCAT,0,3950480
xdhAp1,0.05555555555555555,17,17,GCTGCTTCTTCATGTCGGGT,0,3966487
xdhAp1,0.05555555555555555,17,17,GCGTCTCATGTGGACGCAAT,0,3936834
xdhAp1,0.05555555555555555,17,17,GCGATTGCCTTACGTCTGCG,0,3967356
xdhAp1,0.05555555555555555,17,17,GCGACGATACTACAAATTTT,0,3960229
xdhAp1,0.05555555555555555,17,17,GCAGAGTGAGCTTCGAGACT,0,3954179
xdhAp1,0.05555555555555555,17,17,GCACCGTGCCAGTAGTACCA,0,3975661
xdhAp1,0.05555555555555555,17,17,GATTTCCCAGTAAGTGGACA,0,3981344
xdhAp1,0.05555555555555555,17,17,GAATAAAGTACATGCCGCTC,0,3951392
xdhAp1,0.05555555555555555,17,17,GAAGGCGGGGTTGGTATTCA,0,3941412
xdhAp1,0.05555555555555555,17,17,GAACGGAGAATCGTAAGAAA,0,3940626
xdhAp1,0.05555555555555555,17,17,GAACAACAAAACGAAGCTAT,0,3972014
xdhAp1,0.05555555555555555,17,17,CTTGGGCCAGCGCCGACGGT,0,3963869
xdhAp1,0.05555555555555555,17,17,CTTAGGTTCTATATGCCCGC,0,3935619
xdhAp1,0.05555555555555555,17,17,CTGGTTCGTACAGAGCATGA,0,3971449
xdhAp1,0.05555555555555555,17,17,CTGGGTAATTCTGTACATTC,0,3940582
xdhAp1,0.05555555555555555,17,17,CTCTGTGGAGACCGATACCA,0,3973572
xdhAp1,0.05555555555555555,17,17,CTCGGAGCTCTAATCGCGCA,0,3956547
xdhAp1,0.05555555555555555,17,17,CTACAACGCCTACCTGTGAC,0,3965821
xdhAp1,0.05555555555555555,17,17,CGTGGTGTTTGGGATCTGTG,0,3981348
xdhAp1,0.05555555555555555,17,17,CGGGCTCGTTGATCCTTTGA,0,3965452
xdhAp1,0.05555555555555555,17,17,CGGGCCTACCTAGCACGGAA,0,3933526
xdhAp1,0.05555555555555555,17,17,CGGCGTAAGAGGCTAGCCTT,0,3972113
xdhAp1,0.05555555555555555,17,17,CGGCATGAGCTGAGCCCTAT,0,3973750
xdhAp1,0.05555555555555555,17,17,CGGCAAACTCCGGTTCTCAC,0,3965140
xdhAp1,0.05555555555555555,17,17,CGGACGGGGCTGATATTTGG,0,3953895
xdhAp1,0.05555555555555555,17,17,CGCGCCGACAGTGTAAGGCA,0,3972782
xdhAp1,0.05555555555555555,17,17,CGCACCATTCTCACTGCGTT,0,3956955
xdhAp1,0.05555555555555555,17,17,CGAGCTCAAAGGTAGGCTCG,0,3962957
xdhAp1,0.05555555555555555,17,17,CGAGACATCCCAGCCGTATC,0,3935533
xdhAp1,0.05555555555555555,17,17,CCTTTACCGCATCTGCTCTA,0,3953852
xdhAp1,0.05555555555555555,17,17,CCGTAATCGCCCCCCAAATG,0,3980674
xdhAp1,0.05555555555555555,17,17,CCGGTTATAGCGACACGGTG,0,3965519
xdhAp1,0.05555555555555555,17,17,CCGACAGTTACTCACTGTGT,0,3942257
xdhAp1,0.05555555555555555,17,17,CCCTAGGGATGAGGGCAGCT,0,3975412
xdhAp1,0.05555555555555555,17,17,CCATTCGGCATACGTTGTAT,0,3951431
xdhAp1,0.05555555555555555,17,17,CCACAGTAAAAACTCGTGAG,0,3977583
xdhAp1,0.05555555555555555,17,17,CAGCAAGACCCTGAAAGCGG,0,3965687
xdhAp1,0.05555555555555555,17,17,CAGATACCCGCCCGCGATAG,0,3941423
xdhAp1,0.05555555555555555,17,17,CAGACAGATCTAGCTCAAAC,0,3958408
xdhAp1,0.05555555555555555,17,17,CAGAACTCACAGGATGCGGA,0,3933670
xdhAp1,0.05555555555555555,17,17,CAACATCATATTAGACCAGT,0,3946447
xdhAp1,0.05555555555555555,17,17,ATTGCCAGACTGCACTCTCG,0,3948747
xdhAp1,0.05555555555555555,17,17,ATTCTCTGTGACCTTGGCAT,0,3948622
xdhAp1,0.05555555555555555,17,17,ATGAATCTAAGCCCGTGTTT,0,3953374
xdhAp1,0.05555555555555555,17,17,ATGAAATAATTCCTGTGTTT,0,3936833
xdhAp1,0.05555555555555555,17,17,ATCGATGTCTAATCCATGGG,0,3932765
xdhAp1,0.05555555555555555,17,17,ATCCTGCCACAATGATCGGA,0,3962598
xdhAp1,0.05555555555555555,17,17,ATCCGAGGACAGCCGGGCTC,0,3949786
xdhAp1,0.05555555555555555,17,17,AGGCTCCGTAATCTTACAAC,0,3937251
xdhAp1,0.05555555555555555,17,17,AGGATTCCACAGTCACATCT,0,3958761
xdhAp1,0.05555555555555555,17,17,AGGATCCACAGTTTTTTATG,0,3947468
xdhAp1,0.05555555555555555,17,17,AGCTGGCCGAAGGGAATGTG,0,3933209
xdhAp1,0.05555555555555555,17,17,AGCACGACGGTTTATATTCT,0,3956406
xdhAp1,0.05555555555555555,17,17,ACTTGTTGTGGCAGGGTTTG,0,3932723
xdhAp1,0.05555555555555555,17,17,ACTGGCTCCTTGTTCCACGC,0,3948491
xdhAp1,0.05555555555555555,17,17,ACTATGGCCCAGAAAGCCCT,0,3950643
xdhAp1,0.05555555555555555,17,17,ACGCATACGTAGAAGGAGCC,0,3943495
xdhAp1,0.05555555555555555,17,17,ACGAGGTTCCGGGCAGTTCC,0,3960310
xdhAp1,0.05555555555555555,17,17,ACCTATTCTCATCCTCCTCG,0,3945924
xdhAp1,0.05555555555555555,17,17,ACCCGCGCGGCAAGGTCGAG,0,3966513
xdhAp1,0.05555555555555555,17,17,ACCAGTTGGAATTATGCTTC,0,3946016
xdhAp1,0.05555555555555555,17,17,ACATTCATGTAGGGACGGCA,0,3946335
xdhAp1,0.05555555555555555,17,17,ACATTAACGTATGGGGCAGT,0,3948989
xdhAp1,0.05555555555555555,17,17,AAGTCATGATTACTCGGGCA,0,3975675
xdhAp1,0.05555555555555555,17,17,AACTTTGGACAAGCGTTTGC,0,3966514
xdhAp1,0.05555555555555555,17,17,AACAGACGGGCTCATACTGT,0,3935913
xdhAp1,0.05555555555555555,17,17,AAAGCTAGCTATTCGACGTT,0,3969232
xdhAp1,0.05555555555555555,17,17,AAACTTCGCTCCCGTAAATG,0,3932237
xdhAp1,0.058823529411764705,16,16,TTTCAGTTTGGGAGGCACGA,0,3978876
xdhAp1,0.058823529411764705,16,16,TTGGGGCCGTCGAGTTATAT,0,3971438
xdhAp1,0.058823529411764705,16,16,TTGACTGGGTTGTCACGCAA,0,3939398
xdhAp1,0.058823529411764705,16,16,TTATGGGGTCTCGGAGCACA,0,3952265
xdhAp1,0.058823529411764705,16,16,TGTAGCTTCACAGTATTCAA,0,3970518
xdhAp1,0.058823529411764705,16,16,TGGTCCGTGTCGTTCGTATT,0,3943129
xdhAp1,0.058823529411764705,16,16,TGCTAGTCGGCCCGGAGAGG,0,3975526
xdhAp1,0.058823529411764705,16,16,TGCCCTTCCGAAGCATACGT,0,3950064
xdhAp1,0.058823529411764705,16,16,TGCAGACCATAACAGGGAAA,0,3958394
xdhAp1,0.058823529411764705,16,16,TGACCCACGTTGCATTTTAA,0,3949753
xdhAp1,0.058823529411764705,16,16,TCTAGCATAGCGTAATGCTA,0,3955772
xdhAp1,0.058823529411764705,16,16,TCCTGATCGATCATACGGGA,0,3961293
xdhAp1,0.058823529411764705,16,16,TCCCGGAGCTTCTCAATAGT,0,3956703
xdhAp1,0.058823529411764705,16,16,TCCAGAATCATAGAGTAATA,0,3975441
xdhAp1,0.058823529411764705,16,16,TCACGGCGTATGATTGCATG,0,3961409
xdhAp1,0.058823529411764705,16,16,TATGTATTTGTGAAGTAATC,0,3933168
xdhAp1,0.058823529411764705,16,16,TATCCTCTTGGGAAGGACTG,0,3950729
xdhAp1,0.058823529411764705,16,16,TACAGTTTATAGGTTCGGCA,0,3936764
xdhAp1,0.058823529411764705,16,16,GTTGTTAGAGATCCGGGCCG,0,3937675
xdhAp1,0.058823529411764705,16,16,GTTGTGGTAGTGTTCGCGTT,0,3929482
xdhAp1,0.058823529411764705,16,16,GTTCATAAGTTAAGCTATGC,0,3944283
xdhAp1,0.058823529411764705,16,16,GTTAGTCTTTGCGGGTTATC,0,3933437
xdhAp1,0.058823529411764705,16,16,GTTAAACCACAATTTGTTGG,0,3943074
xdhAp1,0.058823529411764705,16,16,GTGTATTGCCTTCCGCTTAC,0,3941631
xdhAp1,0.058823529411764705,16,16,GTGGGGGTTTGCCCCCCTTG,0,3949737
xdhAp1,0.058823529411764705,16,16,GTGGGGATTTAAGGTGAGAC,0,3976461
xdhAp1,0.058823529411764705,16,16,GTCATCATGGCCAAGCCCTA,0,3933561
xdhAp1,0.058823529411764705,16,16,GTCATAAGAACGCTATATTA,0,3968389
xdhAp1,0.058823529411764705,16,16,GTACGATCCTAATTCCGCCT,0,3931913
xdhAp1,0.058823529411764705,16,16,GTAACAGGCATAAGGCGCGT,0,3966704
xdhAp1,0.058823529411764705,16,16,GGGGCTAGCTCCGCCCCGTG,0,3932791
xdhAp1,0.058823529411764705,16,16,GGGATACGCACACTGTTCAT,0,3975789
xdhAp1,0.058823529411764705,16,16,GGGAGTGGCAGTGCGATTAC,0,3939484
xdhAp1,0.058823529411764705,16,16,GGCTAAAACCCCGGCGGGTA,0,3977335
xdhAp1,0.058823529411764705,16,16,GGCGCGTCGTAGGACTCGTC,0,3937572
xdhAp1,0.058823529411764705,16,16,GGCCGTAGTTAGGGAGCGCA,0,3965806
xdhAp1,0.058823529411764705,16,16,GGATTAGTTCGATCGTAGTG,0,3959003
xdhAp1,0.058823529411764705,16,16,GGATGACAGTCGAGAGTTAG,0,3973592
xdhAp1,0.058823529411764705,16,16,GGAAACGTCTCCACGGTAAT,0,3931644
xdhAp1,0.058823529411764705,16,16,GCTGGCCATATCAGTGTGTG,0,3930814
xdhAp1,0.058823529411764705,16,16,GCTGCATAATGCTAGCAGAA,0,3959594
xdhAp1,0.058823529411764705,16,16,GCGCTCGAGACCGCGACAGT,0,3958044
xdhAp1,0.058823529411764705,16,16,GCGCCACCAGAGTGAGGCAT,0,3933495
xdhAp1,0.058823529411764705,16,16,GCCGGCTGCACCCCTAAATC,0,3967170
xdhAp1,0.058823529411764705,16,16,GCCGAGTTATGTGATCGGAT,0,3938127
xdhAp1,0.058823529411764705,16,16,GCCCTCATCTTGGGTACCAA,0,3966828
xdhAp1,0.058823529411764705,16,16,GAGATAATTGTAAAGGAAGT,0,3941853
xdhAp1,0.058823529411764705,16,16,GAAAACGTCTCCCCCGGGGA,0,3950044
xdhAp1,0.058823529411764705,16,16,CTTCTGCGAGTGCTGACTGG,0,3962628
xdhAp1,0.058823529411764705,16,16,CTTCTCCAGATGCCATCCAT,0,3981329
xdhAp1,0.058823529411764705,16,16,CTTCCTACGTGGTCGCGGTC,0,3980100
xdhAp1,0.058823529411764705,16,16,CTTACTTGTGACTATATTCA,0,3956632
xdhAp1,0.058823529411764705,16,16,CTGCCGAGCAAATCAGCAGG,0,3957157
xdhAp1,0.058823529411764705,16,16,CTCGTCCCTGTCGTACATCC,0,3941911
xdhAp1,0.058823529411764705,16,16,CTCGGAGCAGTCCGGGCACT,0,3934702
xdhAp1,0.058823529411764705,16,16,CTATGGGATTTCATTAGAGG,0,3968212
xdhAp1,0.058823529411764705,16,16,CGTTCAATAGGTTGCGGGCG,0,3966009
xdhAp1,0.058823529411764705,16,16,CGTTAGGACCGTTCCACTGG,0,3930273
xdhAp1,0.058823529411764705,16,16,CGGTCTGGACGCTCACTTGC,0,3965790
xdhAp1,0.058823529411764705,16,16,CGGACAAGAACGATCGAAAC,0,3954346
xdhAp1,0.058823529411764705,16,16,CGACGCCGGTCAGTTCATTT,0,3930299
xdhAp1,0.058823529411764705,16,16,CGAATGATGACCGTTCTGAA,0,3940811
xdhAp1,0.058823529411764705,16,16,CCTTTATATTGAACCTCGAC,0,3947094
xdhAp1,0.058823529411764705,16,16,CCGTTTATTTCCACTCACAG,0,3980679
xdhAp1,0.058823529411764705,16,16,CCGGGAATAGGCCCCCACGC,0,3958639
xdhAp1,0.058823529411764705,16,16,CCGGAATACATGGGGACGAA,0,3968179
xdhAp1,0.058823529411764705,16,16,CCGCTTCCTAACGTGGGTCA,0,3959601
xdhAp1,0.058823529411764705,16,16,CCGCTCACGTATAAAACTAG,0,3974876
xdhAp1,0.058823529411764705,16,16,CCGATGCAGCAGAAAAGATC,0,3948340
xdhAp1,0.058823529411764705,16,16,CCCAGCTCGGCCTATTAATC,0,3931574
xdhAp1,0.058823529411764705,16,16,CATTGAACGAAGGCCAGGCA,0,3945619
xdhAp1,0.058823529411764705,16,16,CATTAGAAGTCAGATAGTAG,0,3946033
xdhAp1,0.058823529411764705,16,16,CATTAATGAAGCTTGAGTGT,0,3965878
xdhAp1,0.058823529411764705,16,16,CAGTTCTCTGTTTGACATGT,0,3962030
xdhAp1,0.058823529411764705,16,16,CAGGGACTGCACATAGCGGT,0,3975823
xdhAp1,0.058823529411764705,16,16,CAGGCGCCTTATCCGGCCAA,0,3973506
xdhAp1,0.058823529411764705,16,16,CAGCGCTTCGGTTCACGCGA,0,3968074
xdhAp1,0.058823529411764705,16,16,CAGCCCTTCTCATAAGGGGA,0,3935921
xdhAp1,0.058823529411764705,16,16,CACAGTCAGCAGGCGACTGC,0,3967222
xdhAp1,0.058823529411764705,16,16,CAAGCCGGGGCGGAGGTGAT,0,3954132
xdhAp1,0.058823529411764705,16,16,ATTTATGTATCAATCCTTGG,0,3950859
xdhAp1,0.058823529411764705,16,16,ATCGTCGTGCAGTTTGTCAA,0,3959382
xdhAp1,0.058823529411764705,16,16,ATCCTCGGCCGCGATATTTA,0,3960931
xdhAp1,0.058823529411764705,16,16,ATCCTCCTGCGATCCATCGA,0,3944134
xdhAp1,0.058823529411764705,16,16,AGTAGGCAGTTCCACTAAGT,0,3943538
xdhAp1,0.058823529411764705,16,16,AGGAGCTTCCGAGTCTAGCA,0,3938139
xdhAp1,0.058823529411764705,16,16,AGCGTGCGAAATGCCAATGG,0,3957146
xdhAp1,0.058823529411764705,16,16,ACTGGTGCAACAGCCCCATA,0,3950994
xdhAp1,0.058823529411764705,16,16,ACTGGCTTGATGGAGTCGGT,0,3972456
xdhAp1,0.058823529411764705,16,16,ACTCGCAACCGTAAAGTTAT,0,3929561
xdhAp1,0.058823529411764705,16,16,ACGGGGTGTGGTAATCGATG,0,3937710
xdhAp1,0.058823529411764705,16,16,ACGATGTAACAGAGAGACCA,0,3963819
xdhAp1,0.058823529411764705,16,16,ACCCCTCCCTGTGTCACATT,0,3968191
xdhAp1,0.058823529411764705,16,16,ACCATGGAATCTCGTAATCT,0,3943823
xdhAp1,0.058823529411764705,16,16,ACATGAGGATTGGAAGCCTT,0,3960239
xdhAp1,0.058823529411764705,16,16,ACATAGGTCCCTTTGGAAGC,0,3967726
xdhAp1,0.058823529411764705,16,16,ACACGGCTATTCGGTCACTG,0,3981436
xdhAp1,0.058823529411764705,16,16,ACAAGGAGTTCTAGTTGCTC,0,3952462
xdhAp1,0.058823529411764705,16,16,AAGGGGTGTTATGGCCCTCA,0,3945127
xdhAp1,0.058823529411764705,16,16,AAGATGTATGCACCGCTTAG,0,3942513
xdhAp1,0.058823529411764705,16,16,AACGCTGGTGTACGAATAGG,0,3951852
xdhAp1,0.0625,15,15,TTTTGCAACGTGCTCCCTGC,0,3931465
xdhAp1,0.0625,15,15,TTTGGTTCGTATAAGACTGG,0,3938184
xdhAp1,0.0625,15,15,TTTGAGCTGGGATAACTCCC,0,3979878
xdhAp1,0.0625,15,15,TTTCGACGAAGGAGTTGGGT,0,3954960
xdhAp1,0.0625,15,15,TTTATATGGTTTTAGCCAAG,0,3935780
xdhAp1,0.0625,15,15,TTGGGTACGGCGGACCTGAT,0,3941355
xdhAp1,0.0625,15,15,TTCGGGCGCGAGGGATCAGT,0,3947498
xdhAp1,0.0625,15,15,TTCGAAGTGTATTGTTTCAT,0,3942913
xdhAp1,0.0625,15,15,TTCAGCCCTTTTAGGCTCAG,0,3981506
xdhAp1,0.0625,15,15,TTCAAGTTCCGTTGTTGATA,0,3973283
xdhAp1,0.0625,15,15,TTATGGATGATGCCGGACCG,0,3969940
xdhAp1,0.0625,15,15,TTATGAATGGGCACTTGCTT,0,3937434
xdhAp1,0.0625,15,15,TGTGGGCAAGCTTCTGAGCT,0,3945418
xdhAp1,0.0625,15,15,TGGGGGGCTTCAACCGTGCA,0,3944750
xdhAp1,0.0625,15,15,TGGCAACTTGGCAGACGGGT,0,3966768
xdhAp1,0.0625,15,15,TGGAGCATGGAATTGAGGAC,0,3953545
xdhAp1,0.0625,15,15,TGGACCTTAGTTTCCTTGCT,0,3929334
xdhAp1,0.0625,15,15,TGCTGTTCAGAGTGTTGCGA,0,3937711
xdhAp1,0.0625,15,15,TGCCTATTTCGCTGCAGGAG,0,3946813
xdhAp1,0.0625,15,15,TGATGTCTTAACATTAAGGC,0,3931747
xdhAp1,0.0625,15,15,TGATATAAGCGGATTGCAAT,0,3944498
xdhAp1,0.0625,15,15,TGAGTGATTGTCCCGAGATC,0,3963911
xdhAp1,0.0625,15,15,TCTGGAGTCGCCTGACTTGA,0,3935941
xdhAp1,0.0625,15,15,TCGGGCGCGGGGTCCGTGAC,0,3945299
xdhAp1,0.0625,15,15,TCGGCTTTACTCTCGAGGAT,0,3936489
xdhAp1,0.0625,15,15,TCGGAATTCGTAACCGGAAC,0,3947797
xdhAp1,0.0625,15,15,TCGCCAGCCAGGACTTGTAT,0,3955553
xdhAp1,0.0625,15,15,TCGCACTGTGCGATTAATGT,0,3967364
xdhAp1,0.0625,15,15,TCCTCGGGGACCACTTAAAT,0,3951682
xdhAp1,0.0625,15,15,TCCATATTGCGAGTAGTGAT,0,3970631
xdhAp1,0.0625,15,15,TCCAGGGCCGGTAATACATC,0,3967031
xdhAp1,0.0625,15,15,TCCAAAGAAGGGTTTGCGCC,0,3974288
xdhAp1,0.0625,15,15,TCACAACCTGATGGCCTATT,0,3960258
xdhAp1,0.0625,15,15,TATTGTCGGACAGTAGGTGA,0,3978561
xdhAp1,0.0625,15,15,TATGTCATGGAATGGTCCGA,0,3949936
xdhAp1,0.0625,15,15,TATCAGGGAGTTGCAGCTTT,0,3956453
xdhAp1,0.0625,15,15,TATATGCCGGACTGACAAAT,0,3974363
xdhAp1,0.0625,15,15,TAGCCGCCGAGCGCCCCAAG,0,3947689
xdhAp1,0.0625,15,15,TACTCTTGGACGCGCGGGCA,0,3975861
xdhAp1,0.0625,15,15,TACGTTCGATATAAGCAACA,0,3963321
xdhAp1,0.0625,15,15,TACGCGAGAGGGGTCCAACA,0,3932642
xdhAp1,0.0625,15,15,TACATAAGAATTTCCTTATG,0,3973325
xdhAp1,0.0625,15,15,TAATCATTACGAGTCCAGAC,0,3979037
xdhAp1,0.0625,15,15,TAATAGAATTCGCAGCACGG,0,3955562
xdhAp1,0.0625,15,15,TAAGTAGTAACATATTTCAA,0,3945642
xdhAp1,0.0625,15,15,TAACGTAATCGGATCATCGG,0,3964751
xdhAp1,0.0625,15,15,TAACCTTCGCAAGGCACCCA,0,3954035
xdhAp1,0.0625,15,15,TAAATGGTTGGCTCCTCAAC,0,3929281
xdhAp1,0.0625,15,15,TAAAAGCGCAAGATGCCCTC,0,3951032
xdhAp1,0.0625,15,15,GTTTCACTCACCCTCCTTGA,0,3940761
xdhAp1,0.0625,15,15,GTTCACAGGGGATTAAGAAG,0,3981113
xdhAp1,0.0625,15,15,GTTATGCGTCGCGGCTGGGT,0,3943948
xdhAp1,0.0625,15,15,GTTATGAGTATCGCAGGCAG,0,3941118
xdhAp1,0.0625,15,15,GTTAGGCCATGAAATAGAGG,0,3941126
xdhAp1,0.0625,15,15,GTTACCCTGCGTAATGACGG,0,3954896
xdhAp1,0.0625,15,15,GTGGTTGGTTGAAGTGTCTT,0,3957946
xdhAp1,0.0625,15,15,GTCTGGGGGACGCGCCTAAA,0,3940691
xdhAp1,0.0625,15,15,GTCGTATATGCGTTTTACAG,0,3943259
xdhAp1,0.0625,15,15,GTCGAAGCCATATACGTTTT,0,3956296
xdhAp1,0.0625,15,15,GTCCATAGGAGCGTCAGTCA,0,3939657
xdhAp1,0.0625,15,15,GTCACGGGTTTTCCAACATA,0,3940052
xdhAp1,0.0625,15,15,GTCACATGTGCCCTATGGGT,0,3958251
xdhAp1,0.0625,15,15,GTATTATCTTCGCATTTAAA,0,3952484
xdhAp1,0.0625,15,15,GTATCGACCAGCTGGGTTGT,0,3951026
xdhAp1,0.0625,15,15,GTATATCCATTTTCATGGCA,0,3969680
xdhAp1,0.0625,15,15,GTAGTATATAAGGGTCATCA,0,3929207
xdhAp1,0.0625,15,15,GTAGTATACTGGCTGATCGA,0,3976058
xdhAp1,0.0625,15,15,GTAATCTCCCTAGCGTCAGG,0,3950039
xdhAp1,0.0625,15,15,GGGGCCGAGTGAACTCGTAG,0,3951564
xdhAp1,0.0625,15,15,GGGCTGATGAAGACGAAGGT,0,3973402
xdhAp1,0.0625,15,15,GGGACCTAGTTCCGCATTCA,0,3968625
xdhAp1,0.0625,15,15,GGCCGAGGTCAGCAACCTTA,0,3951651
xdhAp1,0.0625,15,15,GGAGCACTCAACGACGTTCA,0,3934823
xdhAp1,0.0625,15,15,GCTGATCGACGGTATAGGCA,0,3930625
xdhAp1,0.0625,15,15,GCGTTCTCCTATACCTGGTC,0,3972799
xdhAp1,0.0625,15,15,GCGTGTAAGGGGTTTTTTTA,0,3934842
xdhAp1,0.0625,15,15,GCGCGAATGGTCGCGATTAT,0,3955230
xdhAp1,0.0625,15,15,GCCGCGTTCTTGGTCCAGAA,0,3948599
xdhAp1,0.0625,15,15,GCCCTCCTGGGGAGCAGTTC,0,3979500
xdhAp1,0.0625,15,15,GCATTGACTTATGTGGTCCA,0,3960670
xdhAp1,0.0625,15,15,GCATAACAGACGTATCAGGC,0,3950038
xdhAp1,0.0625,15,15,GCACTGGACTACAGTCCGGG,0,3971070
xdhAp1,0.0625,15,15,GCACGACTGTCTTGTGCAGA,0,3950805
xdhAp1,0.0625,15,15,GCAAGCATTACACAGAACAT,0,3977642
xdhAp1,0.0625,15,15,GATGACTATCACTTTTCGTC,0,3943593
xdhAp1,0.0625,15,15,GATCCTAACATTAGTGGAAG,0,3972177
xdhAp1,0.0625,15,15,GAGGATCATGAAAAAGTCCT,0,3950997
xdhAp1,0.0625,15,15,GACGGGTAGAGGGCATGCCT,0,3960287
xdhAp1,0.0625,15,15,GACGACCGATTTCTCTTAAG,0,3962527
xdhAp1,0.0625,15,15,GACCTCACCGGCCATATTGA,0,3961229
xdhAp1,0.0625,15,15,GAAGCGGACCCAGCGCGGGT,0,3929683
xdhAp1,0.0625,15,15,GAAAGGGCGGTTAAAATTTA,0,3958388
xdhAp1,0.0625,15,15,GAAAGAAACCTCCAGTACAC,0,3939226
xdhAp1,0.0625,15,15,CTTTCCATAAGCGGCAGTAT,0,3938662
xdhAp1,0.0625,15,15,CTTGCGCTGTTACGCATAGA,0,3946314
xdhAp1,0.0625,15,15,CTTCGGTCTGCTTCCGCACA,0,3957903
xdhAp1,0.0625,15,15,CTCGAACCAGACAAGACAAA,0,3960171
xdhAp1,0.0625,15,15,CTATCAATTACCTATATGGG,0,3969205
xdhAp1,0.0625,15,15,CTAGTTCCAGGGATCATTTA,0,3951636
xdhAp1,0.0625,15,15,CTACGTTATTACCAGCCGGT,0,3938878
xdhAp1,0.0625,15,15,CGTACTTGTATCGCCGTCTT,0,3972801
xdhAp1,0.0625,15,15,CGGCTCAGTTCCTACCCGGC,0,3969732
xdhAp1,0.0625,15,15,CGCGTTTTTGCGCAGTTCCG,0,3938569
xdhAp1,0.0625,15,15,CGCCCTGGGAAACAAGTATC,0,3965702
xdhAp1,0.0625,15,15,CGCCCTGATTGTGTCTTCGT,0,3934420
xdhAp1,0.0625,15,15,CGCACAAGGGGAGTACTTAA,0,3964149
xdhAp1,0.0625,15,15,CGAATTTTGACGCAATCTCA,0,3969218
xdhAp1,0.0625,15,15,CGAAACTGGAGAATTCCTCA,0,3953274
xdhAp1,0.0625,15,15,CCTTGGGACCTAAGACCCCT,0,3932262
xdhAp1,0.0625,15,15,CCTCGGCCTTGCGTATAATG,0,3956694
xdhAp1,0.0625,15,15,CCTCATAACGTTAAGGCTTG,0,3969024
xdhAp1,0.0625,15,15,CCGTGCCATACCTCTCACGT,0,3972959
xdhAp1,0.0625,15,15,CCCATACTGGACACTCTAGA,0,3939884
xdhAp1,0.0625,15,15,CCAGTAGCTATGGCGTACAA,0,3944996
xdhAp1,0.0625,15,15,CATGCGGCCAGGCTAATCTG,0,3943695
xdhAp1,0.0625,15,15,CAGTGTCCACTTTGGCTCCG,0,3946872
xdhAp1,0.0625,15,15,CAGGTTCCTTGACGCGTATA,0,3960265
xdhAp1,0.0625,15,15,CAGGCGACAGTCCGACTCCA,0,3968696
xdhAp1,0.0625,15,15,CAGCGCAAGTGTAGCAATCT,0,3934735
xdhAp1,0.0625,15,15,CACTTATGTAACTACTCCAT,0,3971711
xdhAp1,0.0625,15,15,CAATTCACCGGACCCACTAA,0,3972537
xdhAp1,0.0625,15,15,CAACTGTCGGCCGGGCCGAT,0,3932331
xdhAp1,0.0625,15,15,CAAATTGCGCCAGGACAACG,0,3941630
xdhAp1,0.0625,15,15,ATTGGATCAGGGAACGGCCG,0,3953204
xdhAp1,0.0625,15,15,ATTCTACATCTTACGGTTAT,0,3971825
xdhAp1,0.0625,15,15,ATTCCGGCGCACATGGCTAT,0,3936949
xdhAp1,0.0625,15,15,ATGTATATGCAGGAATTAAG,0,3943473
xdhAp1,0.0625,15,15,ATGGGTGCAACAGATGGAAC,0,3980346
xdhAp1,0.0625,15,15,ATGGGCTTCTAAGGAGCATG,0,3933420
xdhAp1,0.0625,15,15,ATGAGTACCAAACGGTCGCA,0,3943372
xdhAp1,0.0625,15,15,ATCTTGTGCGACACGTACTC,0,3971626
xdhAp1,0.0625,15,15,ATCGGTAAAGAATCCGCTTA,0,3953063
xdhAp1,0.0625,15,15,ATCGGACACTACGGCAGATT,0,3979009
xdhAp1,0.0625,15,15,ATAGATACAATGGGCGATAC,0,3961534
xdhAp1,0.0625,15,15,ATAATTCTCGTGTACTGGTG,0,3943712
xdhAp1,0.0625,15,15,AGTTGCTTAAAGGAAATAGG,0,3955685
xdhAp1,0.0625,15,15,AGTGGATGCCCCGCGACTCA,0,3954286
xdhAp1,0.0625,15,15,AGTAGTATCCGAATGGGGAA,0,3974562
xdhAp1,0.0625,15,15,AGGCATTGGGAACTCGACGA,0,3958544
xdhAp1,0.0625,15,15,AGGAGACGGCCTAAGAGCCT,0,3960977
xdhAp1,0.0625,15,15,AGCTTCTGTTGTTTGACAAA,0,3955637
xdhAp1,0.0625,15,15,AGCGGTTTGCGCTTGTAGAG,0,3935781
xdhAp1,0.0625,15,15,AGCGATCCGAAAAGCATGCT,0,3953876
xdhAp1,0.0625,15,15,AGCAAGATATGGAATGGTAA,0,3959527
xdhAp1,0.0625,15,15,AGATTTTTCTTGTTGCTGGT,0,3973853
xdhAp1,0.0625,15,15,AGATTATGCTTGGCTAGGCA,0,3967350
xdhAp1,0.0625,15,15,AGATAGGCAGAGCGGCGCGT,0,3934698
xdhAp1,0.0625,15,15,AGAGACAAATAGGCACTGAG,0,3966986
xdhAp1,0.0625,15,15,AGACGCTTTAACGAGCAGGC,0,3948770
xdhAp1,0.0625,15,15,ACTTAACTCACGGCGTATTA,0,3977041
xdhAp1,0.0625,15,15,ACGGGAGTGGCGTACTCCAC,0,3958401
xdhAp1,0.0625,15,15,AACGATTCTCGGTCATGATT,0,3938929
xdhAp1,0.0625,15,15,AACAGTACCTCACCCCATCG,0,3949191
xdhAp1,0.0625,15,15,AAATTAACCGTTGGGACCTA,0,3939107
xdhAp1,0.0625,15,15,AAATGCGCGGCCCGATTTGT,0,3974238
xdhAp1,0.0625,15,15,AAAAGCCTGCCTGCGCATTA,0,3935581
xdhAp1,0.06666666666666667,14,14,TTTTGACCAGCGTCGCAGTA,0,3943994
xdhAp1,0.06666666666666667,14,14,TTTGGAACAGGTGACAAAGA,0,3981258
xdhAp1,0.06666666666666667,14,14,TTTGCATCTATTAGGTTGGC,0,3976833
xdhAp1,0.06666666666666667,14,14,TTTCGGAGAGGAAGTCAGAT,0,3938523
xdhAp1,0.06666666666666667,14,14,TTTATGCCGTCCGGTAAGAC,0,3964797
xdhAp1,0.06666666666666667,14,14,TTGGCCCACCGTGAATGGAG,0,3933029
xdhAp1,0.06666666666666667,14,14,TTGAGAAGTGTCGCACATGG,0,3945940
xdhAp1,0.06666666666666667,14,14,TTAGTTACGGTCCCTGCTTA,0,3941003
xdhAp1,0.06666666666666667,14,14,TTAAGTCATGCTGTTGTCAT,0,3981324
xdhAp1,0.06666666666666667,14,14,TGTTACCACTCATACATAAT,0,3969231
xdhAp1,0.06666666666666667,14,14,TGTCGCCTGGTAGGTTCGTT,0,3947470
xdhAp1,0.06666666666666667,14,14,TGGTGTCTTCTCCGAGCCTG,0,3958293
xdhAp1,0.06666666666666667,14,14,TGGGTTGGGATCTGTTACGT,0,3960974
xdhAp1,0.06666666666666667,14,14,TGGGTAGTCTCTCCCGCTTG,0,3941447
xdhAp1,0.06666666666666667,14,14,TGGGGAGACCAAGGCAGTTG,0,3947590
xdhAp1,0.06666666666666667,14,14,TGGCGTTGTTACACAATCAC,0,3941004
xdhAp1,0.06666666666666667,14,14,TGCGTGAGTCGGTATGTTAC,0,3935032
xdhAp1,0.06666666666666667,14,14,TGAGCATGCCACTCGGCTTA,0,3964976
xdhAp1,0.06666666666666667,14,14,TCTCCGCAATTTACACGGAA,0,3962259
xdhAp1,0.06666666666666667,14,14,TCTCAGACTGGAATAGGCGC,0,3934486
xdhAp1,0.06666666666666667,14,14,TCCCTTGCCAACGCTCACGT,0,3943466
xdhAp1,0.06666666666666667,14,14,TCCACTACCTGATGATGACC,0,3946890
xdhAp1,0.06666666666666667,14,14,TATTCTATTCATTCAGGTAG,0,3974319
xdhAp1,0.06666666666666667,14,14,TATGCCATATTAATCATTCG,0,3974695
xdhAp1,0.06666666666666667,14,14,TACTGGGCATGTTAGCTTTA,0,3980763
xdhAp1,0.06666666666666667,14,14,TAACGATGACCCAGGAGAGA,0,3981134
xdhAp1,0.06666666666666667,14,14,TAAAGCTCACATTATTTTTT,0,3952768
xdhAp1,0.06666666666666667,14,14,GTTAGGTAAAGCATGTAAGG,0,3972751
xdhAp1,0.06666666666666667,14,14,GTGTCTCGGCAGCCGCAGCC,0,3947369
xdhAp1,0.06666666666666667,14,14,GTGGCAGCACAGATAGATGG,0,3944860
xdhAp1,0.06666666666666667,14,14,GTGATCACAGCGTCACGTCA,0,3953330
xdhAp1,0.06666666666666667,14,14,GTCGGGAGTGCCGTGACCCC,0,3933106
xdhAp1,0.06666666666666667,14,14,GTCCCGTTCTGAGAATTGGC,0,3932677
xdhAp1,0.06666666666666667,14,14,GTATGTGGTCGGGACACCCC,0,3956415
xdhAp1,0.06666666666666667,14,14,GTAGGGAATACCCTAGCGTA,0,3947477
xdhAp1,0.06666666666666667,14,14,GTACATCGCGTATGGGTCCA,0,3981483
xdhAp1,0.06666666666666667,14,14,GTAAATGTATTTGAGGACCA,0,3941839
xdhAp1,0.06666666666666667,14,14,GTAAAGGTGCTGCCAGACTG,0,3932696
xdhAp1,0.06666666666666667,14,14,GGTGTCCTTGTACGGTGCTT,0,3936738
xdhAp1,0.06666666666666667,14,14,GGTGTCAGACGCACAAGGGT,0,3937753
xdhAp1,0.06666666666666667,14,14,GGTGAGCGGTTAGCATTCAC,0,3939773
xdhAp1,0.06666666666666667,14,14,GGTACACGTATTAAGTGTAG,0,3971717
xdhAp1,0.06666666666666667,14,14,GGGTGCGCGCAGCCGTTTTG,0,3980970
xdhAp1,0.06666666666666667,14,14,GGGGACAAGGGATAACATGT,0,3935463
xdhAp1,0.06666666666666667,14,14,GGGCAATCGGAGTCACGTCA,0,3930124
xdhAp1,0.06666666666666667,14,14,GGCTAGGTCTAGCCAATAGG,0,3944770
xdhAp1,0.06666666666666667,14,14,GGCATACAAGAGCAACTACA,0,3938297
xdhAp1,0.06666666666666667,14,14,GCTGGTTTGCCTATTTTGAA,0,3938018
xdhAp1,0.06666666666666667,14,14,GCTCTGGTAAAAAGCGCTAG,0,3966227
xdhAp1,0.06666666666666667,14,14,GCGAATTTCAGGTCGCCATA,0,3963551
xdhAp1,0.06666666666666667,14,14,GCCCGAAAATGCTTCATTGT,0,3966158
xdhAp1,0.06666666666666667,14,14,GCATGAATGGATTTCCCATC,0,3940569
xdhAp1,0.06666666666666667,14,14,GCACAGGTCTGGAGAGCTTA,0,3970863
xdhAp1,0.06666666666666667,14,14,GATGGCGTTAGGTTGCCCAA,0,3933436
xdhAp1,0.06666666666666667,14,14,GACTGTTGCCGAACCAGAGG,0,3936843
xdhAp1,0.06666666666666667,14,14,GACTGGGCTGGAGAATATAA,0,3929966
xdhAp1,0.06666666666666667,14,14,GACTCCTAGTAAGTGAAGTG,0,3972793
xdhAp1,0.06666666666666667,14,14,GACATTATTAGTCTAATGTA,0,3940056
xdhAp1,0.06666666666666667,14,14,CTGTTGCAGCTATTGTAACA,0,3940066
xdhAp1,0.06666666666666667,14,14,CTGGGACGTTGCATATCACG,0,3965186
xdhAp1,0.06666666666666667,14,14,CTCGACACGTCTCTGTCGGT,0,3960939
xdhAp1,0.06666666666666667,14,14,CTCCTGGTGCAGAGAATAAG,0,3980067
xdhAp1,0.06666666666666667,14,14,CTACCCGTGGAGTTACACGT,0,3973695
xdhAp1,0.06666666666666667,14,14,CTACAAGAGGGATACCGAAA,0,3963372
xdhAp1,0.06666666666666667,14,14,CGTTCGTAGACACGCAGAAG,0,3962534
xdhAp1,0.06666666666666667,14,14,CGGCCAGCACATGGTAACTA,0,3937432
xdhAp1,0.06666666666666667,14,14,CGCGCTGCTTAGAGTATAGG,0,3944624
xdhAp1,0.06666666666666667,14,14,CGATTGTCCTAAGGGCATCA,0,3948012
xdhAp1,0.06666666666666667,14,14,CGACTTTTAAATTAGTATGC,0,3930791
xdhAp1,0.06666666666666667,14,14,CCTATACCCCACGGGTACAA,0,3946607
xdhAp1,0.06666666666666667,14,14,CCCTGTGATCTATGGTCCTG,0,3965781
xdhAp1,0.06666666666666667,14,14,CCCTGGAATGCTGCAAGTCG,0,3970754
xdhAp1,0.06666666666666667,14,14,CCCAGTTGATACTTCTACTC,0,3959131
xdhAp1,0.06666666666666667,14,14,CCCAGTAGAGGGGTTCTTTG,0,3934306
xdhAp1,0.06666666666666667,14,14,CCATGGCCGGCAAGTCCCAC,0,3951535
xdhAp1,0.06666666666666667,14,14,CCAGTCGCCCTGGCGAGTTG,0,3951869
xdhAp1,0.06666666666666667,14,14,CCAGGGCAAGCTCATGTATG,0,3960401
xdhAp1,0.06666666666666667,14,14,CCACACACTGGAGTACCCAG,0,3971288
xdhAp1,0.06666666666666667,14,14,CATGAAAGGATGTAGCTACT,0,3929639
xdhAp1,0.06666666666666667,14,14,CAGTAAACAAGCCTCCTTTT,0,3962566
xdhAp1,0.06666666666666667,14,14,CAACGCGAGATATAAGTCAG,0,3943307
xdhAp1,0.06666666666666667,14,14,ATGCGCCTCTGGAATCTTTT,0,3967526
xdhAp1,0.06666666666666667,14,14,ATGCAATTTAGCTGACAGGG,0,3932576
xdhAp1,0.06666666666666667,14,14,ATCGGAACACAGCTAGAGGC,0,3961436
xdhAp1,0.06666666666666667,14,14,ATCGCTCATATCAACAACCA,0,3953879
xdhAp1,0.06666666666666667,14,14,ATAGCGGATGTTCCTACCAC,0,3929339
xdhAp1,0.06666666666666667,14,14,ATACAGGCCCGCAAATAGAT,0,3937399
xdhAp1,0.06666666666666667,14,14,ATACAAGCCTTTTAAAATAC,0,3973746
xdhAp1,0.06666666666666667,14,14,AGGTGGGGGTCGCAAGCAGG,0,3929015
xdhAp1,0.06666666666666667,14,14,AGGGATTTGTATTCCTAATC,0,3948040
xdhAp1,0.06666666666666667,14,14,AGGCTAACTTCCACCTCGAG,0,3942128
xdhAp1,0.06666666666666667,14,14,AGGCGCGGTGCAAAGCCCGC,0,3937291
xdhAp1,0.06666666666666667,14,14,AGCTTCTTAGCCCCACTCGT,0,3945444
xdhAp1,0.06666666666666667,14,14,AGCTGGTTTGCGTAATACTG,0,3978420
xdhAp1,0.06666666666666667,14,14,AGCGCTTCTTATGAGCATGG,0,3958126
xdhAp1,0.06666666666666667,14,14,AGCCGTGTATGATTCAACCA,0,3932342
xdhAp1,0.06666666666666667,14,14,AGCATAGCGTAAGTGCCTGG,0,3937440
xdhAp1,0.06666666666666667,14,14,AGATAAAATCGCCGTCCAAT,0,3941747
xdhAp1,0.06666666666666667,14,14,AGAGTAGTCCATAAATTACA,0,3936945
xdhAp1,0.06666666666666667,14,14,AGAGGGCCTTGTTGCCCGAC,0,3966038
xdhAp1,0.06666666666666667,14,14,AGAAAGTACAATAGCTGATT,0,3969076
xdhAp1,0.06666666666666667,14,14,AGAAAGTAAACTCAACACCT,0,3962147
xdhAp1,0.06666666666666667,14,14,ACTTTGTGCGTTTAGTTACA,0,3965632
xdhAp1,0.06666666666666667,14,14,ACTATGAACATGAGTCGAGT,0,3978684
xdhAp1,0.06666666666666667,14,14,ACCCTGGAATTTTCCACCGG,0,3935360
xdhAp1,0.06666666666666667,14,14,ACACAGTAATGAGTGAATCA,0,3932603
xdhAp1,0.06666666666666667,14,14,AATAGACATCTGTTGAATGT,0,3981481
xdhAp1,0.06666666666666667,14,14,AAGCTTTAGGCAACGTTCTC,0,3930919
xdhAp1,0.06666666666666667,14,14,AACAGGTATTCTTGAAATTG,0,3966760
xdhAp1,0.06666666666666667,14,14,AAAATGTAGAGCCCCCGTAC,0,3955850
xdhAp1,0.07142857142857142,13,13,TTTTGACCCTTCAGATGCGT,0,3934911
xdhAp1,0.07142857142857142,13,13,TTTGTCTTTAGTACTAATGG,0,3939955
xdhAp1,0.07142857142857142,13,13,TTTATATACATCGTTATCCA,0,3975686
xdhAp1,0.07142857142857142,13,13,TTGGTGCCCAGCGGCTTTAA,0,3973610
xdhAp1,0.07142857142857142,13,13,TTGGTCGTTTGCTGAGGGCA,0,3948804
xdhAp1,0.07142857142857142,13,13,TTGGAGTGCAGTGAAAGGTA,0,3968632
xdhAp1,0.07142857142857142,13,13,TTCTGCTTGTTCACCCCAAC,0,3970957
xdhAp1,0.07142857142857142,13,13,TTCCGCCAAGGCCCGCCGTA,0,3932649
xdhAp1,0.07142857142857142,13,13,TTCCAGGCCACATGTTCCTT,0,3946674
xdhAp1,0.07142857142857142,13,13,TTATGGTATGGTGCAATAAA,0,3973100
xdhAp1,0.07142857142857142,13,13,TTAGACACCCTGGAGTTTAC,0,3952926
xdhAp1,0.07142857142857142,13,13,TTACGCGTTGTATAACTCGA,0,3979790
xdhAp1,0.07142857142857142,13,13,TGTGAGCTCACACTTCGTAA,0,3934243
xdhAp1,0.07142857142857142,13,13,TGTCTGAGATTGCTAAAATC,0,3938811
xdhAp1,0.07142857142857142,13,13,TGTCCCCTATCTTAGACAAA,0,3970221
xdhAp1,0.07142857142857142,13,13,TGGGCTCCAGGGTTCATTTC,0,3939070
xdhAp1,0.07142857142857142,13,13,TGCACTCGACTCGCGGATTT,0,3936851
xdhAp1,0.07142857142857142,13,13,TGCACGCTGGGCGGACCATT,0,3971202
xdhAp1,0.07142857142857142,13,13,TGAGTTACGAGTGTGCCATT,0,3942187
xdhAp1,0.07142857142857142,13,13,TGACTCTGGTGACCGAGTTT,0,3973501
xdhAp1,0.07142857142857142,13,13,TGAATACCTATACGTATCGA,0,3968196
xdhAp1,0.07142857142857142,13,13,TGAAACTTCACTAACTTCTT,0,3955207
xdhAp1,0.07142857142857142,13,13,TCTTGCCTACTCAGGATCTT,0,3955791
xdhAp1,0.07142857142857142,13,13,TCTTGAAAGTAAATTATGAG,0,3959720
xdhAp1,0.07142857142857142,13,13,TCTCATTGGCACGACGCCGG,0,3932691
xdhAp1,0.07142857142857142,13,13,TCTCATGAAGTTTCTGGAAG,0,3939275
xdhAp1,0.07142857142857142,13,13,TCTCAGGACTGCGCTGAGCT,0,3952488
xdhAp1,0.07142857142857142,13,13,TCTAAGCGGAAACATCGGGG,0,3945861
xdhAp1,0.07142857142857142,13,13,TCTAAGCGATAAATTCCTCT,0,3981516
xdhAp1,0.07142857142857142,13,13,TCGTCTAAGCGGATCATTGG,0,3953557
xdhAp1,0.07142857142857142,13,13,TCGGCTGCTAACCGAAGGAG,0,3935834
xdhAp1,0.07142857142857142,13,13,TCCTTTAAAAGACACTCCGA,0,3957755
xdhAp1,0.07142857142857142,13,13,TCCAAACAAGATTGGCAGTT,0,3944163
xdhAp1,0.07142857142857142,13,13,TCATACGGGAGTATGCGTTA,0,3956871
xdhAp1,0.07142857142857142,13,13,TATTGGCTGCATGTCCACTA,0,3935444
xdhAp1,0.07142857142857142,13,13,TACTATTACACTTTATTGGG,0,3980844
xdhAp1,0.07142857142857142,13,13,TACGTGCCCACTCTCAACAA,0,3974595
xdhAp1,0.07142857142857142,13,13,TACGCATTAACGTCAGCGCT,0,3947915
xdhAp1,0.07142857142857142,13,13,TAATGGAGGAACAATGCTGA,0,3955852
xdhAp1,0.07142857142857142,13,13,TAATCATAGGTCGAGACGCT,0,3959885
xdhAp1,0.07142857142857142,13,13,TAAATCATACTCTCCTGATA,0,3968180
xdhAp1,0.07142857142857142,13,13,GTTTACAGCTAACCAAGTCC,0,3968942
xdhAp1,0.07142857142857142,13,13,GTTGGTGGTAAACGTCGTTA,0,3948414
xdhAp1,0.07142857142857142,13,13,GTTCGTTCGGAGCTGTCAGG,0,3956234
xdhAp1,0.07142857142857142,13,13,GTTCATAAATTTGTAAGTGT,0,3940915
xdhAp1,0.07142857142857142,13,13,GTTACTGCCTAACTCTGTGC,0,3954083
xdhAp1,0.07142857142857142,13,13,GTGGGTACTCATCGCTGCGA,0,3944589
xdhAp1,0.07142857142857142,13,13,GTATGCAGTGTTATCCTGGA,0,3942688
xdhAp1,0.07142857142857142,13,13,GTATGAAGCAGTACGGTGGA,0,3950288
xdhAp1,0.07142857142857142,13,13,GTACGAAGTCCCGTAATCAG,0,3974130
xdhAp1,0.07142857142857142,13,13,GTACAGTGCGCTAGTGCAAT,0,3956815
xdhAp1,0.07142857142857142,13,13,GTAACGTGGACCCCCATATA,0,3943757
xdhAp1,0.07142857142857142,13,13,GGTGCAATAAGGCAAAACAT,0,3962407
xdhAp1,0.07142857142857142,13,13,GGTCGCTCTCTCCTTATGCT,0,3946842
xdhAp1,0.07142857142857142,13,13,GGTAAGTAGGGGTTGCGGCA,0,3931472
xdhAp1,0.07142857142857142,13,13,GGGGTAGCAGTGCGTCACGA,0,3973364
xdhAp1,0.07142857142857142,13,13,GGGGCGCTGTCGCATACTTT,0,3957173
xdhAp1,0.07142857142857142,13,13,GGGCTCATGGAGAGAAGGGT,0,3955799
xdhAp1,0.07142857142857142,13,13,GGGATCCGAACGGACTGAGT,0,3931796
xdhAp1,0.07142857142857142,13,13,GGGACCTAAGGGAGCGGTAC,0,3978012
xdhAp1,0.07142857142857142,13,13,GGCCACTTGTTCGATATAGA,0,3931201
xdhAp1,0.07142857142857142,13,13,GGCATGGTCAAGAGATGTTC,0,3950009
xdhAp1,0.07142857142857142,13,13,GGATTAATGATAATGACAGC,0,3940011
xdhAp1,0.07142857142857142,13,13,GGACCAGGCAATTCCGATTG,0,3954022
xdhAp1,0.07142857142857142,13,13,GGACCACCCGGACGTAGGGA,0,3938571
xdhAp1,0.07142857142857142,13,13,GGACAGGAAGCGCGCATCTA,0,3980553
xdhAp1,0.07142857142857142,13,13,GGAAATCCGTCCTCTCTAAC,0,3930737
xdhAp1,0.07142857142857142,13,13,GCTGCCTGCCTTAAGAAAAA,0,3954487
xdhAp1,0.07142857142857142,13,13,GCTACCTGTAAGTTATCTAA,0,3960724
xdhAp1,0.07142857142857142,13,13,GCGTGTTAGCACAAGCACAG,0,3936591
xdhAp1,0.07142857142857142,13,13,GCGTAGGTGCTTGTCATGTC,0,3966473
xdhAp1,0.07142857142857142,13,13,GCGGAACTCTATTGGCATCT,0,3968328
xdhAp1,0.07142857142857142,13,13,GCCTCGCGTGTTCCCAAGCT,0,3981159
xdhAp1,0.07142857142857142,13,13,GCCTATCGCGGAGCTTAACC,0,3966693
xdhAp1,0.07142857142857142,13,13,GCCGTATTCCGTAGGCTCTA,0,3942602
xdhAp1,0.07142857142857142,13,13,GCACTGTTCGCCGTATACTT,0,3964109
xdhAp1,0.07142857142857142,13,13,GATTGTGGCTGAGTTGATCA,0,3929048
xdhAp1,0.07142857142857142,13,13,GATTACTCCGCAAACGCCAA,0,3967973
xdhAp1,0.07142857142857142,13,13,GATGGTACGGATCTACAATT,0,3956462
xdhAp1,0.07142857142857142,13,13,GATGCGATAATTGCTACCCT,0,3975724
xdhAp1,0.07142857142857142,13,13,GAGTCCGAGTCTCTAAGCCT,0,3950020
xdhAp1,0.07142857142857142,13,13,GAGCTATCACTTGCACCTTA,0,3960450
xdhAp1,0.07142857142857142,13,13,GAGCGACGCCAATGGGGTGG,0,3970980
xdhAp1,0.07142857142857142,13,13,GAGCATTGGGTATTCCGAAA,0,3964981
xdhAp1,0.07142857142857142,13,13,GACCAGTTCCAGCTCTTTGA,0,3973744
xdhAp1,0.07142857142857142,13,13,GACCAACGGCTCCTCGCTAC,0,3935122
xdhAp1,0.07142857142857142,13,13,GAAGCTATCCCAGGAAACGC,0,3977649
xdhAp1,0.07142857142857142,13,13,GAACACTTTTTGGGTGACCT,0,3956046
xdhAp1,0.07142857142857142,13,13,GAAAGGAACCCTAGAACTGC,0,3929590
xdhAp1,0.07142857142857142,13,13,CTTTTTTCAACTACGTGTAT,0,3934790
xdhAp1,0.07142857142857142,13,13,CTTTATTTGCAACGGGTCGG,0,3958070
xdhAp1,0.07142857142857142,13,13,CTTTATGGGTACTCCCCCCA,0,3931156
xdhAp1,0.07142857142857142,13,13,CTTTACAAAGGTTGGCCAAC,0,3962465
xdhAp1,0.07142857142857142,13,13,CTTGCGGAGATTCCTAAACT,0,3951963
xdhAp1,0.07142857142857142,13,13,CTGTATCCCCCGCACGGTAA,0,3980285
xdhAp1,0.07142857142857142,13,13,CTGGTACAGAATCGGTTAGC,0,3961096
xdhAp1,0.07142857142857142,13,13,CTCGTACAGTTTTCGAGATA,0,3971991
xdhAp1,0.07142857142857142,13,13,CTCAACCAACATATGAATAA,0,3937272
xdhAp1,0.07142857142857142,13,13,CTATATACGTTCCGCCCTCC,0,3967813
xdhAp1,0.07142857142857142,13,13,CTAGGAAGCCACGCTCCAAT,0,3952241
xdhAp1,0.07142857142857142,13,13,CTACAAGTCCCGTGTCGTTC,0,3936355
xdhAp1,0.07142857142857142,13,13,CTAAGGTGGCTACGAGCTGT,0,3933030
xdhAp1,0.07142857142857142,13,13,CTAACCGCTCTTTCGTAACT,0,3938946
xdhAp1,0.07142857142857142,13,13,CGTTCGGGTCCCCGACATAA,0,3958765
xdhAp1,0.07142857142857142,13,13,CGTTCAATCCGATATAGGGC,0,3951390
xdhAp1,0.07142857142857142,13,13,CGTGGCAAATCTACAAATAC,0,3955080
xdhAp1,0.07142857142857142,13,13,CGTGGAATCACATATGCTTA,0,3967549
xdhAp1,0.07142857142857142,13,13,CGTGAGTCATGTGTGTATCA,0,3929437
xdhAp1,0.07142857142857142,13,13,CGTACCACGGTCAATCGTGC,0,3958399
xdhAp1,0.07142857142857142,13,13,CGGTTTCGGGCAGTTTGTTA,0,3975728
xdhAp1,0.07142857142857142,13,13,CGGGTCACCGCCGCACTTTA,0,3948598
xdhAp1,0.07142857142857142,13,13,CGGCTGGTGTTGACTGCCTG,0,3953642
xdhAp1,0.07142857142857142,13,13,CGGAGATGTACAGAATCCAT,0,3935807
xdhAp1,0.07142857142857142,13,13,CGCACCTTAGTGCACGCTAG,0,3959320
xdhAp1,0.07142857142857142,13,13,CGATTTTTACGTACGCGCGG,0,3962497
xdhAp1,0.07142857142857142,13,13,CGATTTTACGCAGCAGACTG,0,3943669
xdhAp1,0.07142857142857142,13,13,CGACAGTGAAGTGCCCTCAA,0,3967352
xdhAp1,0.07142857142857142,13,13,CCTCTCAAGATCGAGCAGAT,0,3974446
xdhAp1,0.07142857142857142,13,13,CCGTTTGAGCTACGTTAAAT,0,3936835
xdhAp1,0.07142857142857142,13,13,CCGGGTCTAACAAGGTCCCC,0,3947793
xdhAp1,0.07142857142857142,13,13,CCGATCACACCGAGAGATCC,0,3936151
xdhAp1,0.07142857142857142,13,13,CCGAGTTCATAAGGATTGAT,0,3971556
xdhAp1,0.07142857142857142,13,13,CCGAACAACTCGGAAAACGC,0,3971731
xdhAp1,0.07142857142857142,13,13,CCCTTCGGCTTGCCACCCAA,0,3973255
xdhAp1,0.07142857142857142,13,13,CCCTGGGGCTTTAGACCGAC,0,3976459
xdhAp1,0.07142857142857142,13,13,CCCTGAGGGGCGCATGTCGT,0,3943126
xdhAp1,0.07142857142857142,13,13,CCCTCGGGCGTGTGGGACGT,0,3967443
xdhAp1,0.07142857142857142,13,13,CCCACTTCAGGGTTCTATAT,0,3966122
xdhAp1,0.07142857142857142,13,13,CCCAACCTTCTGGACGTGAT,0,3968997
xdhAp1,0.07142857142857142,13,13,CCATGGATATACAAGTCAGA,0,3975986
xdhAp1,0.07142857142857142,13,13,CCAATCGGCGATTATTTATA,0,3939453
xdhAp1,0.07142857142857142,13,13,CCAACGAAAGGTTTGTCACA,0,3951201
xdhAp1,0.07142857142857142,13,13,CCAAAATTCGTTTCATCAGT,0,3978946
xdhAp1,0.07142857142857142,13,13,CATGCGGTACCAACAGCTCA,0,3959161
xdhAp1,0.07142857142857142,13,13,CATATCCGTGCAGATAACAG,0,3945926
xdhAp1,0.07142857142857142,13,13,CATAGCTCGCATGTAGGTAT,0,3943001
xdhAp1,0.07142857142857142,13,13,CAGGTATAACCCAGGTCATG,0,3968013
xdhAp1,0.07142857142857142,13,13,CAGCTGTCATCTAATACAAT,0,3954258
xdhAp1,0.07142857142857142,13,13,CAGCTAATCTTGCATAGCCG,0,3980916
xdhAp1,0.07142857142857142,13,13,CACTTCTCGACGCGGTCGTA,0,3932302
xdhAp1,0.07142857142857142,13,13,CACGGAGAACAATGTTAGTT,0,3965633
xdhAp1,0.07142857142857142,13,13,CAAGGGGTATGTCTCTCGAA,0,3975249
xdhAp1,0.07142857142857142,13,13,CAAAGATGCCATGAATCATA,0,3930159
xdhAp1,0.07142857142857142,13,13,ATTTCGCGTGTTTACCCGGC,0,3953353
xdhAp1,0.07142857142857142,13,13,ATTCGGCCACGGTAGGGTTA,0,3980574
xdhAp1,0.07142857142857142,13,13,ATTCGACGATCTGACTGGTT,0,3961011
xdhAp1,0.07142857142857142,13,13,ATTATCTGTGGTGAACTCAC,0,3958959
xdhAp1,0.07142857142857142,13,13,ATTAGTCTAATCCGACCAGG,0,3953257
xdhAp1,0.07142857142857142,13,13,ATTAACTAACGCTAGTCGTT,0,3937669
xdhAp1,0.07142857142857142,13,13,ATGGTTCGTTGGGAGCCCTA,0,3976693
xdhAp1,0.07142857142857142,13,13,ATGCCTAGATGTTCTAGCGT,0,3935651
xdhAp1,0.07142857142857142,13,13,ATGACGACGCGTCCCGTCTT,0,3957603
xdhAp1,0.07142857142857142,13,13,AGTTTAACGACAGTTTGAGG,0,3955228
xdhAp1,0.07142857142857142,13,13,AGTGGGTGATAAGTAAGATA,0,3978400
xdhAp1,0.07142857142857142,13,13,AGTGCAAGCTATGCTGGGAT,0,3968143
xdhAp1,0.07142857142857142,13,13,AGTCATGAGGAGTTCCCTTG,0,3965583
xdhAp1,0.07142857142857142,13,13,AGTAAGGACTGTATCAGGTC,0,3943913
xdhAp1,0.07142857142857142,13,13,AGGTCAGTGATCGTCTATGT,0,3977459
xdhAp1,0.07142857142857142,13,13,AGGCGCTCTCATGATTAGTG,0,3965869
xdhAp1,0.07142857142857142,13,13,AGGAAGGAGTCATTGCGACT,0,3951519
xdhAp1,0.07142857142857142,13,13,AGCTATGATGCTCATTCGAT,0,3975234
xdhAp1,0.07142857142857142,13,13,AGCGTGTGGGAAGCCATTTG,0,3950878
xdhAp1,0.07142857142857142,13,13,AGCGTAGAGCTTTGTCGGGT,0,3975832
xdhAp1,0.07142857142857142,13,13,AGCGGTAGAATACATCACAG,0,3940291
xdhAp1,0.07142857142857142,13,13,AGCCCACGGTTGTCGTCATC,0,3968769
xdhAp1,0.07142857142857142,13,13,AGCAAGTCCTCTACCGAGGC,0,3950448
xdhAp1,0.07142857142857142,13,13,AGATTTGCCGGGGACTGAGT,0,3967995
xdhAp1,0.07142857142857142,13,13,AGAGACGCTGACGCCTTCAG,0,3938347
xdhAp1,0.07142857142857142,13,13,AGAATAATGTAGACCCTAGG,0,3933838
xdhAp1,0.07142857142857142,13,13,ACTTCACTTGTTCGCTTGGG,0,3981240
xdhAp1,0.07142857142857142,13,13,ACTTACTCGGAAGCAAAAGC,0,3943345
xdhAp1,0.07142857142857142,13,13,ACTCGCTGAGTTTGCCGAAC,0,3950358
xdhAp1,0.07142857142857142,13,13,ACGATGCGGTGAGCAAAGTG,0,3945053
xdhAp1,0.07142857142857142,13,13,ACGAGTACTAAAGTAGGAAT,0,3965751
xdhAp1,0.07142857142857142,13,13,ACGAACAAGGCAAACCCGTG,0,3943526
xdhAp1,0.07142857142857142,13,13,ACCGGATCCTCACTATTTCC,0,3981357
xdhAp1,0.07142857142857142,13,13,ACCGCGAGCAGCCCTAAAGA,0,3967640
xdhAp1,0.07142857142857142,13,13,ACCGCCTAGACTAAGCACGA,0,3947854
xdhAp1,0.07142857142857142,13,13,ACAGTATGTAGACGGTCCGA,0,3961310
xdhAp1,0.07142857142857142,13,13,AATGTCGGATCGACCTATGT,0,3974618
xdhAp1,0.07142857142857142,13,13,AATCCCATACCCCGTCCTTT,0,3939106
xdhAp1,0.07142857142857142,13,13,AATCCATTTTTGGTAGCCAT,0,3959296
xdhAp1,0.07142857142857142,13,13,AATATTCGATCCCTTTGATG,0,3965115
xdhAp1,0.07142857142857142,13,13,AATACATGGAAATCGCGTCA,0,3970763
xdhAp1,0.07142857142857142,13,13,AAGTCCTCATAGCCAAAGCA,0,3930879
xdhAp1,0.07142857142857142,13,13,AAGGTCAAGGCGACATATTC,0,3940104
xdhAp1,0.07142857142857142,13,13,AAGCTCGTCATTGCTTCCTA,0,3940292
xdhAp1,0.07142857142857142,13,13,AACTGGGTATTTATTAATTC,0,3946391
xdhAp1,0.07142857142857142,13,13,AACACGTTGGGCGTCTGTAA,0,3960750
xdhAp1,0.07142857142857142,13,13,AACAATTGAGACCCGTTTCG,0,3932873
xdhAp1,0.07142857142857142,13,13,AACAAAGGTCTTGCGGACGA,0,3957753
xdhAp1,0.07142857142857142,13,13,AAAATTACCGTACCGTTCGA,0,3953646
xdhAp1,0.07692307692307693,12,12,TTTTCATTTAACGGTTCCTA,0,3971526
xdhAp1,0.07692307692307693,12,12,TTTGCGTTGGCGGCATTCGT,0,3966218
xdhAp1,0.07692307692307693,12,12,TTTGAAGGTTGGTTTTTTGT,0,3962796
xdhAp1,0.07692307692307693,12,12,TTTCGCGCGCGCGAGTGTAG,0,3936301
xdhAp1,0.07692307692307693,12,12,TTTACTGTGGTGCGACGGGT,0,3942224
xdhAp1,0.07692307692307693,12,12,TTGAATACGAAGTTCCACAT,0,3933819
xdhAp1,0.07692307692307693,12,12,TTGAACGAAGAGGTGAAGAA,0,3929440
xdhAp1,0.07692307692307693,12,12,TTCTTTTCGCTATGCGCGTA,0,3963624
xdhAp1,0.07692307692307693,12,12,TTCCTTACTCGACCAAAAGG,0,3931916
xdhAp1,0.07692307692307693,12,12,TTCCCGTACCAATGTTCCCA,0,3946123
xdhAp1,0.07692307692307693,12,12,TTCACGTGCCAAAGAACGCT,0,3943872
xdhAp1,0.07692307692307693,12,12,TTCACCAAGGCAACCGATAT,0,3965683
xdhAp1,0.07692307692307693,12,12,TTATGTCGTCCGTTTAACTA,0,3946399
xdhAp1,0.07692307692307693,12,12,TTAAAACATGGATTGGCATT,0,3949541
xdhAp1,0.07692307692307693,12,12,TGTGTAGTAAAAAACAGAAG,0,3971763
xdhAp1,0.07692307692307693,12,12,TGTGTAGGGAATTAGTACGT,0,3948931
xdhAp1,0.07692307692307693,12,12,TGTAGGGCGAGTTAGGGGGG,0,3974902
xdhAp1,0.07692307692307693,12,12,TGGTTCGAATTCCACTTCGT,0,3962209
xdhAp1,0.07692307692307693,12,12,TGGTCTGTACCCTAAGCCCC,0,3931372
xdhAp1,0.07692307692307693,12,12,TGGGTTAATTGTCCGCTGAT,0,3941470
xdhAp1,0.07692307692307693,12,12,TGGGGCATGTAAGAGTCCGC,0,3963779
xdhAp1,0.07692307692307693,12,12,TGGCAAAGTTTAGACAGTTT,0,3937525
xdhAp1,0.07692307692307693,12,12,TGCGCAAACAGTTCACGGCC,0,3974906
xdhAp1,0.07692307692307693,12,12,TGCCAGCTGAGTAAGAACGT,0,3939931
xdhAp1,0.07692307692307693,12,12,TGCCACGGGTTGCAGCAACA,0,3940257
xdhAp1,0.07692307692307693,12,12,TGCAGGTCGCAAGATGCGGA,0,3936104
xdhAp1,0.07692307692307693,12,12,TGCAATTCTATTTCAGGGCG,0,3935367
xdhAp1,0.07692307692307693,12,12,TGACGAGTGAAGTTTGGGGG,0,3945211
xdhAp1,0.07692307692307693,12,12,TGAAACGGATATGAACCGGT,0,3932805
xdhAp1,0.07692307692307693,12,12,TCTTCGGATGCGATGAGCGT,0,3954047
xdhAp1,0.07692307692307693,12,12,TCGATAGTTCTTACCAAGTG,0,3965354
xdhAp1,0.07692307692307693,12,12,TCCTGGTAACTTAATTTCTA,0,3957392
xdhAp1,0.07692307692307693,12,12,TCCTGCATAGGACCGCGTGC,0,3940352
xdhAp1,0.07692307692307693,12,12,TCCCTTAAGAGGTCTTCCAT,0,3945841
xdhAp1,0.07692307692307693,12,12,TCCAGGAACCGCAGGTTTTA,0,3949688
xdhAp1,0.07692307692307693,12,12,TCAGGTTCTCTCGAGTTCGT,0,3939128
xdhAp1,0.07692307692307693,12,12,TCACCCACGGTTCCTGATAG,0,3946791
xdhAp1,0.07692307692307693,12,12,TCAAACTCGCATCAGTACAA,0,3976477
xdhAp1,0.07692307692307693,12,12,TATTCCCATTGTCATGGAAC,0,3959546
xdhAp1,0.07692307692307693,12,12,TAGGTGACAACCAAGGGATC,0,3949632
xdhAp1,0.07692307692307693,12,12,TAGGCACAAAGGCTGGAAGG,0,3947139
xdhAp1,0.07692307692307693,12,12,TAGCTATCGAGCAATCGTCA,0,3963315
xdhAp1,0.07692307692307693,12,12,TAGCGCCCGGGGAAGTGTGA,0,3964112
xdhAp1,0.07692307692307693,12,12,TAGCCCAGGTATGAACGTAC,0,3929842
xdhAp1,0.07692307692307693,12,12,TAGAGTGGGGAATTTGATTT,0,3931323
xdhAp1,0.07692307692307693,12,12,TACGTGATTCGCCGGAGTCT,0,3944690
xdhAp1,0.07692307692307693,12,12,TACGCCACCTCAGGGCCGGG,0,3941582
xdhAp1,0.07692307692307693,12,12,TACGCAACCAATATCTGCCC,0,3941573
xdhAp1,0.07692307692307693,12,12,TACGATCTTGTGGACCCTGT,0,3964937
xdhAp1,0.07692307692307693,12,12,TACAACGTTTCTGCGCGATC,0,3942735
xdhAp1,0.07692307692307693,12,12,TAATATGATGCAATAGGTGG,0,3956466
xdhAp1,0.07692307692307693,12,12,TAACGGAACGAGTTCGTTAA,0,3943909
xdhAp1,0.07692307692307693,12,12,GTTTCCGAGCATGCTCCCGG,0,3965099
xdhAp1,0.07692307692307693,12,12,GTTGGTCAGCTAGTCGAGCG,0,3936734
xdhAp1,0.07692307692307693,12,12,GTTCATTTGGTACCGCCGAA,0,3931243
xdhAp1,0.07692307692307693,12,12,GTTCATTATATTCCACGACT,0,3979158
xdhAp1,0.07692307692307693,12,12,GTTATAAGTGCTAGGCTTCC,0,3971590
xdhAp1,0.07692307692307693,12,12,GTGTTTGCGGCGGGCCTAAT,0,3932506
xdhAp1,0.07692307692307693,12,12,GTGGGACCTATCGCTTCATC,0,3973935
xdhAp1,0.07692307692307693,12,12,GTGGACAGTGTCCGCATCCT,0,3932497
xdhAp1,0.07692307692307693,12,12,GTCGTATCCGTGAAACGCCG,0,3945544
xdhAp1,0.07692307692307693,12,12,GTCCAGTGATGCTAGATATC,0,3929256
xdhAp1,0.07692307692307693,12,12,GTCATCATAGGATTCGTTAC,0,3946429
xdhAp1,0.07692307692307693,12,12,GTATTATGAGTCTCGCGACT,0,3940164
xdhAp1,0.07692307692307693,12,12,GTATAGTTCACGTGGGCTAA,0,3933565
xdhAp1,0.07692307692307693,12,12,GTAGGAGGTGAGGAAGGATA,0,3979288
xdhAp1,0.07692307692307693,12,12,GTACTCGGGATGCGCTCACA,0,3958123
xdhAp1,0.07692307692307693,12,12,GTAAACAATTGATTGGATGA,0,3976815
xdhAp1,0.07692307692307693,12,12,GGTTTCTAGCATTATTCGTC,0,3974369
xdhAp1,0.07692307692307693,12,12,GGTGAGTTGTCTTCTTCAAT,0,3969207
xdhAp1,0.07692307692307693,12,12,GGTCTCCTTTTTGGACAAGT,0,3969527
xdhAp1,0.07692307692307693,12,12,GGGGCTGACCGGTCGGTCCT,0,3944336
xdhAp1,0.07692307692307693,12,12,GGGAATGTTCTTCGAGTAAA,0,3951714
xdhAp1,0.07692307692307693,12,12,GGCTGCACCGCGGATACCAC,0,3978927
xdhAp1,0.07692307692307693,12,12,GGCGGCGCCCGTATGCCAGG,0,3962042
xdhAp1,0.07692307692307693,12,12,GGACGTAGCGCGAAAGCCAT,0,3940084
xdhAp1,0.07692307692307693,12,12,GGACCAATATACCATTAGCT,0,3963268
xdhAp1,0.07692307692307693,12,12,GCTTTTATTCGCCGTTGTCG,0,3965282
xdhAp1,0.07692307692307693,12,12,GCTCGTGAGCCAACACGTAC,0,3944112
xdhAp1,0.07692307692307693,12,12,GCTATTGGCTGTAAACAACT,0,3963319
xdhAp1,0.07692307692307693,12,12,GCTATGGATGAGGTCATATT,0,3945643
xdhAp1,0.07692307692307693,12,12,GCTACGGCTCCCCTTAAACA,0,3963415
xdhAp1,0.07692307692307693,12,12,GCGTAGGTATCGAGTCCCCC,0,3934301
xdhAp1,0.07692307692307693,12,12,GCGGAGCTAGAAGCCACTAA,0,3948370
xdhAp1,0.07692307692307693,12,12,GCGCTACGGCACTACATCAT,0,3956011
xdhAp1,0.07692307692307693,12,12,GCGCCGCGAATTAGTCTGAT,0,3931798
xdhAp1,0.07692307692307693,12,12,GCGATGTATCGCGGCCCTTA,0,3975611
xdhAp1,0.07692307692307693,12,12,GCGATCGTAGAACCAATAAG,0,3945947
xdhAp1,0.07692307692307693,12,12,GCGAGGGTCTGATCAATCCA,0,3935256
xdhAp1,0.07692307692307693,12,12,GCGACATGCGAATCCGAGGC,0,3957702
xdhAp1,0.07692307692307693,12,12,GCGAAAACGACAAACGGTGA,0,3935313
xdhAp1,0.07692307692307693,12,12,GCATGATCTCAGGCCGAGCG,0,3931435
xdhAp1,0.07692307692307693,12,12,GCAGGCTTCCATGCACTCAC,0,3946100
xdhAp1,0.07692307692307693,12,12,GCACTGCTCCCCACCTCCTG,0,3929214
xdhAp1,0.07692307692307693,12,12,GCACCAATCCACACGGGACC,0,3961989
xdhAp1,0.07692307692307693,12,12,GCAATTAGCACGCACTGTGA,0,3950905
xdhAp1,0.07692307692307693,12,12,GATGGCCACCATTCTAGGAG,0,3958018
xdhAp1,0.07692307692307693,12,12,GATGAGTCGTACCCTTCCAA,0,3973642
xdhAp1,0.07692307692307693,12,12,GATCAAGCTAGTAACATGCC,0,3939278
xdhAp1,0.07692307692307693,12,12,GAGAGAGTTAACTGGAAGCT,0,3957248
xdhAp1,0.07692307692307693,12,12,GAGAGAGATATCGTTACAGT,0,3938440
xdhAp1,0.07692307692307693,12,12,GAGAATCCCGGTCGCTTTTT,0,3976576
xdhAp1,0.07692307692307693,12,12,GACGCATCTATCCGGACTGA,0,3938478
xdhAp1,0.07692307692307693,12,12,GACATTTTCCATTTAACTAG,0,3970064
xdhAp1,0.07692307692307693,12,12,GAATGGTCAAATATCGTGGA,0,3944072
xdhAp1,0.07692307692307693,12,12,GAAACCCACGGATAGTTGTT,0,3933392
xdhAp1,0.07692307692307693,12,12,CTTTTAGCCACGCCAAGTAT,0,3948329
xdhAp1,0.07692307692307693,12,12,CTTTCTTATAGGCCGGCGGT,0,3973566
xdhAp1,0.07692307692307693,12,12,CTTTCGCCTCCTTCGCTCCA,0,3956697
xdhAp1,0.07692307692307693,12,12,CTGGGTGTCGTGGACGGGAA,0,3961980
xdhAp1,0.07692307692307693,12,12,CTGGGGTCTGTATATATGCA,0,3967535
xdhAp1,0.07692307692307693,12,12,CTGGGCCTTTATGTACGCGG,0,3959206
xdhAp1,0.07692307692307693,12,12,CTGGGATTATGGCCGTTATT,0,3938989
xdhAp1,0.07692307692307693,12,12,CTGGACAGACCAACCTAGTT,0,3967140
xdhAp1,0.07692307692307693,12,12,CTCTAGATAAAACTGGAAAA,0,3969208
xdhAp1,0.07692307692307693,12,12,CTCCGAGTCTTTGGTTTCCG,0,3938893
xdhAp1,0.07692307692307693,12,12,CTATAGCTTAAGGTCCTAGC,0,3940891
xdhAp1,0.07692307692307693,12,12,CGTTATTAGCGTCTATTGTA,0,3978942
xdhAp1,0.07692307692307693,12,12,CGTGTCTATCTCTTTTCATG,0,3939069
xdhAp1,0.07692307692307693,12,12,CGTGGTCATAGGGTCACAGG,0,3965801
xdhAp1,0.07692307692307693,12,12,CGTCAGAAACGCATGAGTTG,0,3974568
xdhAp1,0.07692307692307693,12,12,CGTAAGTCTGGTCATTTCCA,0,3943807
xdhAp1,0.07692307692307693,12,12,CGGGGGTATCAAACTTCTGT,0,3964513
xdhAp1,0.07692307692307693,12,12,CGGCGGGTAGCTTTCACACT,0,3935543
xdhAp1,0.07692307692307693,12,12,CGGAAAAGGCTAAGGAATAT,0,3946449
xdhAp1,0.07692307692307693,12,12,CGCCTTCCGGTTTAGGTTTT,0,3929271
xdhAp1,0.07692307692307693,12,12,CGCAGAATGCGCTGTCGTCA,0,3956577
xdhAp1,0.07692307692307693,12,12,CGATTCAACGTGGAGTACTC,0,3952647
xdhAp1,0.07692307692307693,12,12,CGAGGCAGAAGCCGCTCGGA,0,3952425
xdhAp1,0.07692307692307693,12,12,CGAGCCCTTGTTGAACAGCC,0,3931497
xdhAp1,0.07692307692307693,12,12,CGACTCCGTGTAGGACCGAC,0,3958464
xdhAp1,0.07692307692307693,12,12,CGACCTGACAGTAGGTGGAA,0,3943968
xdhAp1,0.07692307692307693,12,12,CCTTGCCCGGCCCTTCATAT,0,3976248
xdhAp1,0.07692307692307693,12,12,CCTGGTGAACAACTTTTTCC,0,3975677
xdhAp1,0.07692307692307693,12,12,CCTCGCGTCGCGGATCTCTG,0,3963432
xdhAp1,0.07692307692307693,12,12,CCTAGTCGTAGGCATATCAG,0,3966021
xdhAp1,0.07692307692307693,12,12,CCGTTCAGGGACTTTGCGGA,0,3968879
xdhAp1,0.07692307692307693,12,12,CCGTCGGTGTCGTGCGAAAA,0,3932214
xdhAp1,0.07692307692307693,12,12,CCGGTAGCGGCTGCTGTCGG,0,3937903
xdhAp1,0.07692307692307693,12,12,CCCTGTGGAACTTGTTAATG,0,3964143
xdhAp1,0.07692307692307693,12,12,CCCTCACCATTACAGAGGAT,0,3950209
xdhAp1,0.07692307692307693,12,12,CCCGCCCGCGCTTTAAGTAA,0,3940938
xdhAp1,0.07692307692307693,12,12,CCCGCAGGTCGCGGCTACCA,0,3934196
xdhAp1,0.07692307692307693,12,12,CCCCGGTCTACAGTGCTATT,0,3938032
xdhAp1,0.07692307692307693,12,12,CCCATTGTGGCTCGTTACCA,0,3947660
xdhAp1,0.07692307692307693,12,12,CCCATATGCACGGGCTCCAA,0,3928959
xdhAp1,0.07692307692307693,12,12,CCAGTTTGACCCTGCAAAAG,0,3973463
xdhAp1,0.07692307692307693,12,12,CCAGGCTGTCACATGGTGAC,0,3960316
xdhAp1,0.07692307692307693,12,12,CCACACTATACGCTCATGCG,0,3956624
xdhAp1,0.07692307692307693,12,12,CCAACCACCGGATTCAGGAG,0,3964011
xdhAp1,0.07692307692307693,12,12,CCAAAAACGCGTTTCTTCAT,0,3947398
xdhAp1,0.07692307692307693,12,12,CATTTTTGCATGCCGAGGGT,0,3964793
xdhAp1,0.07692307692307693,12,12,CATGTGGTTGTGACGCGGTA,0,3971103
xdhAp1,0.07692307692307693,12,12,CATGATAGATGCAAGCTCGT,0,3946117
xdhAp1,0.07692307692307693,12,12,CATCTATTATTCTATGCGAT,0,3935117
xdhAp1,0.07692307692307693,12,12,CATCCGTCAACATATGAAGA,0,3936470
xdhAp1,0.07692307692307693,12,12,CATAAGTGGTCTACCCTAAT,0,3969194
xdhAp1,0.07692307692307693,12,12,CAGGGCAAAAGCCCTCTTAG,0,3956010
xdhAp1,0.07692307692307693,12,12,CAGACAGGGAGCGCAATGTC,0,3955098
xdhAp1,0.07692307692307693,12,12,CACTACTGTTCGGGCCGAGC,0,3960835
xdhAp1,0.07692307692307693,12,12,CACATGGAGTACGCCTACGA,0,3934150
xdhAp1,0.07692307692307693,12,12,CAATACAGAGTGGACAGCGG,0,3952291
xdhAp1,0.07692307692307693,12,12,ATTTCAGGGGCTGGCACGCT,0,3941982
xdhAp1,0.07692307692307693,12,12,ATTTATGGCTATGAGTTTGT,0,3950621
xdhAp1,0.07692307692307693,12,12,ATTGGGCAAGGTGCAAGTCT,0,3964985
xdhAp1,0.07692307692307693,12,12,ATTGACATCCGAGACTAAAC,0,3962189
xdhAp1,0.07692307692307693,12,12,ATTATAGGCTCCGGTCGCGT,0,3942235
xdhAp1,0.07692307692307693,12,12,ATGGAGGTTCCTAACCCGAA,0,3958899
xdhAp1,0.07692307692307693,12,12,ATGCGATCCCGCTCGTGAAG,0,3937575
xdhAp1,0.07692307692307693,12,12,ATGCCGGTACCGCCCACGCC,0,3966366
xdhAp1,0.07692307692307693,12,12,ATGATTAGATTCAGCGTTGA,0,3951832
xdhAp1,0.07692307692307693,12,12,ATCTGACTAATCTATGATAG,0,3953267
xdhAp1,0.07692307692307693,12,12,ATCGCCAATCCACATAAGCT,0,3954493
xdhAp1,0.07692307692307693,12,12,ATCCACGGGGGATGTGATTC,0,3939523
xdhAp1,0.07692307692307693,12,12,ATCAGGCTTATACGCCGACT,0,3957598
xdhAp1,0.07692307692307693,12,12,ATCACCGTCCTCTACATCCG,0,3948186
xdhAp1,0.07692307692307693,12,12,ATATGAAGCAATTCGGGCGT,0,3963775
xdhAp1,0.07692307692307693,12,12,ATATACACTATCCAGGTGCC,0,3954448
xdhAp1,0.07692307692307693,12,12,ATAGCGGGCTTCGTAGTTAA,0,3936129
xdhAp1,0.07692307692307693,12,12,ATAAGTGTAGGCGACATCAT,0,3940684
xdhAp1,0.07692307692307693,12,12,AGTTTCTTTATTTGGCGTCG,0,3949067
xdhAp1,0.07692307692307693,12,12,AGTAGGAGGCCCTCATGTTT,0,3941398
xdhAp1,0.07692307692307693,12,12,AGGGGCAACTGGTCTCGGGT,0,3949572
xdhAp1,0.07692307692307693,12,12,AGGCGCGACTAAACGGGTAC,0,3935359
xdhAp1,0.07692307692307693,12,12,AGGCCCACCGTTGGCTCAAG,0,3955491
xdhAp1,0.07692307692307693,12,12,AGGCAGTAGCTAGCTCAGAT,0,3952412
xdhAp1,0.07692307692307693,12,12,AGGAGCCTGCGGACACGCCC,0,3966467
xdhAp1,0.07692307692307693,12,12,AGGAACACAGGGAGTTGAAT,0,3959252
xdhAp1,0.07692307692307693,12,12,AGCTCAACTACGATGGGCCG,0,3961143
xdhAp1,0.07692307692307693,12,12,AGCGCATTAAGTTCTAAACC,0,3962051
xdhAp1,0.07692307692307693,12,12,AGCCTTTAATAATGTGTAAC,0,3930953
xdhAp1,0.07692307692307693,12,12,AGCCTCGAGCTGGATCCAAT,0,3961881
xdhAp1,0.07692307692307693,12,12,AGCCCTAGCCAGAGTATGCT,0,3954162
xdhAp1,0.07692307692307693,12,12,AGCCCATGACCGCAGTATTG,0,3963119
xdhAp1,0.07692307692307693,12,12,AGCCCAACCATAGCAACGTA,0,3945436
xdhAp1,0.07692307692307693,12,12,AGATTACGAGTGAGCACATA,0,3933095
xdhAp1,0.07692307692307693,12,12,AGAGACCCCCGCCTTCCTAA,0,3929977
xdhAp1,0.07692307692307693,12,12,ACGTCGATTAAGAGCTAATA,0,3970699
xdhAp1,0.07692307692307693,12,12,ACGACCTATGTTTGGAGGTA,0,3954549
xdhAp1,0.07692307692307693,12,12,ACCTGTCGGGATGGGTCAAA,0,3971867
xdhAp1,0.07692307692307693,12,12,ACCGAACAGTACGACATTCA,0,3966710
xdhAp1,0.07692307692307693,12,12,ACCAGTCAGCCTCTACGCTT,0,3931748
xdhAp1,0.07692307692307693,12,12,ACATTCGGAAATGATCCGTT,0,3947346
xdhAp1,0.07692307692307693,12,12,ACAAGCAGAGCTTCACTGAC,0,3978068
xdhAp1,0.07692307692307693,12,12,AATGCGGGGCGTAGTCAATT,0,3942710
xdhAp1,0.07692307692307693,12,12,AAGTATCCTTGTTTGTAATA,0,3936363
xdhAp1,0.07692307692307693,12,12,AACTTCCGCGCGTCAACTGA,0,3938504
xdhAp1,0.07692307692307693,12,12,AACCGGTAGCAACATGGCCT,0,3961031
xdhAp1,0.07692307692307693,12,12,AACCGCATCGGATGCGAAAC,0,3962503
xdhAp1,0.07692307692307693,12,12,AAAGTAAACGTCAGTAGTGG,0,3971104
xdhAp1,0.07692307692307693,12,12,AAACGGTAGTGGAGGGTTTA,0,3934258
xdhAp1,0.08333333333333333,11,11,TTTGTCCGGTAGAATTCAAA,0,3968043
xdhAp1,0.08333333333333333,11,11,TTTGAGGAGGCCTTGGGCAG,0,3951310
xdhAp1,0.08333333333333333,11,11,TTTCGCTGACCTAAAGAGAA,0,3956298
xdhAp1,0.08333333333333333,11,11,TTTCATTGTTCGACTCCAGA,0,3944732
xdhAp1,0.08333333333333333,11,11,TTTAATCGAGTGCGCCTGGA,0,3981416
xdhAp1,0.08333333333333333,11,11,TTTAACCACTCTGATTCTGT,0,3953597
xdhAp1,0.08333333333333333,11,11,TTGCTGAGTGCATAGCAGTT,0,3953803
xdhAp1,0.08333333333333333,11,11,TTGCTAATATATGTTCCTAT,0,3942800
xdhAp1,0.08333333333333333,11,11,TTGCCCGGTAACTATGTTTA,0,3930866
xdhAp1,0.08333333333333333,11,11,TTGAGGTATAATTGTGCGAA,0,3965307
xdhAp1,0.08333333333333333,11,11,TTGAAGGCGAACGTGACACA,0,3965049
xdhAp1,0.08333333333333333,11,11,TTCTGGTGGGGGTTTTGTAA,0,3952324
xdhAp1,0.08333333333333333,11,11,TTCGCGGGTCGCTCGTTCTA,0,3955489
xdhAp1,0.08333333333333333,11,11,TTCGATAATGAAATCAGTGA,0,3955815
xdhAp1,0.08333333333333333,11,11,TTCATTTCCTCGGAGGACCA,0,3979686
xdhAp1,0.08333333333333333,11,11,TTCATCCGCGCCATCGAAGC,0,3938118
xdhAp1,0.08333333333333333,11,11,TTCAATACCTAGTGAATTAA,0,3966083
xdhAp1,0.08333333333333333,11,11,TTCAATAAGGTGATATAAGG,0,3951797
xdhAp1,0.08333333333333333,11,11,TTATCTGACCTGGGCCAATC,0,3943314
xdhAp1,0.08333333333333333,11,11,TTATATGCCGTGGATGGCGG,0,3956881
xdhAp1,0.08333333333333333,11,11,TTATAGATGCGCGGTCCAAT,0,3935190
xdhAp1,0.08333333333333333,11,11,TTAGTGAGAAAGAATTGTCT,0,3951059
xdhAp1,0.08333333333333333,11,11,TTAGTCGTTGGGGATCCTAT,0,3966392
xdhAp1,0.08333333333333333,11,11,TTAACCGTCAGGATATCGAA,0,3963555
xdhAp1,0.08333333333333333,11,11,TTAAATGTGGATGCATCGAG,0,3965233
xdhAp1,0.08333333333333333,11,11,TGTCCTTCGGCGAAGTCTTT,0,3940815
xdhAp1,0.08333333333333333,11,11,TGGTTAAGCACAGTACAAGT,0,3939762
xdhAp1,0.08333333333333333,11,11,TGGTGTTCAGTTTTATAGAC,0,3961052
xdhAp1,0.08333333333333333,11,11,TGGGTCAATGAGACATTTAA,0,3931491
xdhAp1,0.08333333333333333,11,11,TGGGAACTGCCTCCAGTGTT,0,3961598
xdhAp1,0.08333333333333333,11,11,TGGAAAATTCGTCGCACGAG,0,3971311
xdhAp1,0.08333333333333333,11,11,TGCTTGTACGAAATCGACCG,0,3974588
xdhAp1,0.08333333333333333,11,11,TGCGTCTATTACCGTCCAGG,0,3941201
xdhAp1,0.08333333333333333,11,11,TGCGGCCGATAGAGCGGTTG,0,3949747
xdhAp1,0.08333333333333333,11,11,TGAGTTCTGGAATATCAGGT,0,3966633
xdhAp1,0.08333333333333333,11,11,TGAGGGTAGTTAAAAGTCAA,0,3955511
xdhAp1,0.08333333333333333,11,11,TGAGACTACTGGGAAACGAT,0,3933033
xdhAp1,0.08333333333333333,11,11,TGACAATGCAAGTGGCCGTC,0,3931813
xdhAp1,0.08333333333333333,11,11,TCTGGTGGAGAGGTTCAGCG,0,3939194
xdhAp1,0.08333333333333333,11,11,TCTGCTAGGGGAGGTAGGGA,0,3969620
xdhAp1,0.08333333333333333,11,11,TCTCAGAATGTCCCTGGACT,0,3955917
xdhAp1,0.08333333333333333,11,11,TCTAGGGTGTTCGTATCGGG,0,3929284
xdhAp1,0.08333333333333333,11,11,TCGGGGATGCCACGTCTCCG,0,3964364
xdhAp1,0.08333333333333333,11,11,TCGCTTTACCTGAACTCCTG,0,3975389
xdhAp1,0.08333333333333333,11,11,TCGCACGTGCGACTGAGCGA,0,3979484
xdhAp1,0.08333333333333333,11,11,TCGCAAGACTCCATCGCTTC,0,3947003
xdhAp1,0.08333333333333333,11,11,TCGAGGACCCATCATGTACG,0,3951297
xdhAp1,0.08333333333333333,11,11,TCCGTTAATGGTTCTATTGG,0,3965684
xdhAp1,0.08333333333333333,11,11,TCCGGGCAGTGTCCTCAATC,0,3957464
xdhAp1,0.08333333333333333,11,11,TCCGCAAGTGTGAGGTCAAC,0,3951091
xdhAp1,0.08333333333333333,11,11,TCCCGTAAAGAGTCTGCACT,0,3929393
xdhAp1,0.08333333333333333,11,11,TCCATAGTTTAGCAAAGGAT,0,3962623
xdhAp1,0.08333333333333333,11,11,TCCAGGAACGCTATCGCGGA,0,3934916
xdhAp1,0.08333333333333333,11,11,TCCAACGAATGGCATTCGAG,0,3949011
xdhAp1,0.08333333333333333,11,11,TCCAAAGCGCCTCCTATTGT,0,3940509
xdhAp1,0.08333333333333333,11,11,TCATCGGGTGATTTTCCTCG,0,3951541
xdhAp1,0.08333333333333333,11,11,TCACTGTCTTTTACCAGTAT,0,3929601
xdhAp1,0.08333333333333333,11,11,TCACCCTTTGGTATATAATG,0,3954908
xdhAp1,0.08333333333333333,11,11,TATGGGGCGTACTCCGATGG,0,3950428
xdhAp1,0.08333333333333333,11,11,TATGGCTAAGTCTATAGTGC,0,3958225
xdhAp1,0.08333333333333333,11,11,TAGGCAAGGCCTGACTGCGG,0,3972254
xdhAp1,0.08333333333333333,11,11,TAGCCTTTGCTCGCAACTAG,0,3968035
xdhAp1,0.08333333333333333,11,11,TAGCAAGGGGGCAAATACAG,0,3955225
xdhAp1,0.08333333333333333,11,11,TAGAAACCCGGTGCACGGTA,0,3972721
xdhAp1,0.08333333333333333,11,11,TACTCCCCTATCCTTTCGGA,0,3971188
xdhAp1,0.08333333333333333,11,11,TACGCGGTTCCACTTTCTCA,0,3948076
xdhAp1,0.08333333333333333,11,11,TACATTCGGGTTCAGCAGAT,0,3946526
xdhAp1,0.08333333333333333,11,11,TAATTTTGTGAGAAGGAGAC,0,3966199
xdhAp1,0.08333333333333333,11,11,TAATGTGGTGCGCCAAGAAC,0,3947856
xdhAp1,0.08333333333333333,11,11,TAATACAAGAGGGGCAAGTG,0,3941686
xdhAp1,0.08333333333333333,11,11,GTTGTACGGCGGAGCAAGAT,0,3957422
xdhAp1,0.08333333333333333,11,11,GTTGCTAAGAGCTGTATTCA,0,3948629
xdhAp1,0.08333333333333333,11,11,GTTGCCGGTATTTGTCTCAC,0,3943719
xdhAp1,0.08333333333333333,11,11,GTTGAGCAAGAAAACTCTAG,0,3967924
xdhAp1,0.08333333333333333,11,11,GTTCGGGAACAGGGTAACGC,0,3957713
xdhAp1,0.08333333333333333,11,11,GTTACCAGCTACTCTAATCG,0,3978117
xdhAp1,0.08333333333333333,11,11,GTGGCGAATGTCCCGCGTTA,0,3971807
xdhAp1,0.08333333333333333,11,11,GTCTAAAGGTACTATAGTCA,0,3945026
xdhAp1,0.08333333333333333,11,11,GTCCTCATACGGATCACTAC,0,3981080
xdhAp1,0.08333333333333333,11,11,GTCCCACTCCGCAGAATGGT,0,3974330
xdhAp1,0.08333333333333333,11,11,GTACCTGGGTATAATCGTAA,0,3960275
xdhAp1,0.08333333333333333,11,11,GTACAAATATACATTGGGTG,0,3953448
xdhAp1,0.08333333333333333,11,11,GTAATCCAGGCCATGAATTA,0,3950136
xdhAp1,0.08333333333333333,11,11,GTAACGCTTTCCTTTCCCAA,0,3945439
xdhAp1,0.08333333333333333,11,11,GGTTTCTATGGCCAGACGCT,0,3943888
xdhAp1,0.08333333333333333,11,11,GGTGGGCGAATCGTTATGTA,0,3958046
xdhAp1,0.08333333333333333,11,11,GGTGCTCGGCAAGTTCGGGT,0,3953085
xdhAp1,0.08333333333333333,11,11,GGTCTAACGAAAGACAAACA,0,3931335
xdhAp1,0.08333333333333333,11,11,GGTCGCAGTTGATCGAAGCT,0,3947861
xdhAp1,0.08333333333333333,11,11,GGTCCATAGGTTACCCATTG,0,3939460
xdhAp1,0.08333333333333333,11,11,GGTAGTCCGGACAAATTCGC,0,3967845
xdhAp1,0.08333333333333333,11,11,GGGTTACGTGCGAATACCAT,0,3940413
xdhAp1,0.08333333333333333,11,11,GGGTGGCCGTTCAGGCTGCA,0,3948322
xdhAp1,0.08333333333333333,11,11,GGGGCTCTGCTACGCTGTTA,0,3943444
xdhAp1,0.08333333333333333,11,11,GGGGAACCGCGTCCACGGCA,0,3951760
xdhAp1,0.08333333333333333,11,11,GGGATACGGGCCTGGCTCTC,0,3949030
xdhAp1,0.08333333333333333,11,11,GGCTTACGGACTATCAGCCA,0,3956295
xdhAp1,0.08333333333333333,11,11,GGCTCGGCTTCTGAGCTCCT,0,3975324
xdhAp1,0.08333333333333333,11,11,GGCGTTTATCTCGGTGAATC,0,3970168
xdhAp1,0.08333333333333333,11,11,GGCAACATCAAATCCGAGTG,0,3952511
xdhAp1,0.08333333333333333,11,11,GGAGAAACGTGAAATATGAC,0,3945814
xdhAp1,0.08333333333333333,11,11,GGACTACATGACCCCAGCCG,0,3977331
xdhAp1,0.08333333333333333,11,11,GGACGGCCGTAACGGGTCAC,0,3959395
xdhAp1,0.08333333333333333,11,11,GGACAGAAAATATAGATTAA,0,3965824
xdhAp1,0.08333333333333333,11,11,GGAACGTAGAGTATATGCCA,0,3954403
xdhAp1,0.08333333333333333,11,11,GCTGGGATGTTTCTCTCGTA,0,3938483
xdhAp1,0.08333333333333333,11,11,GCTCGAGCTCGGCCTCGTCG,0,3936729
xdhAp1,0.08333333333333333,11,11,GCTAGCCCGCGTGATAATTA,0,3940642
xdhAp1,0.08333333333333333,11,11,GCGTTTATTGTGTACGCCCA,0,3956608
xdhAp1,0.08333333333333333,11,11,GCGGGGCGGTGTCAATATTA,0,3976399
xdhAp1,0.08333333333333333,11,11,GCGCTATTCGAACGCCGCGG,0,3945973
xdhAp1,0.08333333333333333,11,11,GCATGTACCTACGTGTCTTA,0,3943348
xdhAp1,0.08333333333333333,11,11,GCATAGACATATGGCAGAAA,0,3940346
xdhAp1,0.08333333333333333,11,11,GCAAGTGTTCGTGGGGCAGT,0,3947591
xdhAp1,0.08333333333333333,11,11,GAGTGGGTTGGAGTTAAGTG,0,3946953
xdhAp1,0.08333333333333333,11,11,GAGTAGGCCTATTAAGACGT,0,3952578
xdhAp1,0.08333333333333333,11,11,GAGGAGCCTGAACGTCCGAT,0,3933227
xdhAp1,0.08333333333333333,11,11,GAGCTTCAGGCGCTCTTTAA,0,3940367
xdhAp1,0.08333333333333333,11,11,GAGCGAGTTAACCCGATCAT,0,3944393
xdhAp1,0.08333333333333333,11,11,GAGCCGACATGTAGAGGATG,0,3935536
xdhAp1,0.08333333333333333,11,11,GAGAGCCCGAATAGCGAGAT,0,3933427
xdhAp1,0.08333333333333333,11,11,GACTTTCTCGTGGTACTGAG,0,3968137
xdhAp1,0.08333333333333333,11,11,GACACGTCAATGCCAAAATA,0,3935775
xdhAp1,0.08333333333333333,11,11,GACAAAGCTTTATAGCCGAA,0,3980206
xdhAp1,0.08333333333333333,11,11,GAATTATATCATAAGTTTCT,0,3948203
xdhAp1,0.08333333333333333,11,11,GAAGACAATGCCCGGGAGAA,0,3943973
xdhAp1,0.08333333333333333,11,11,GAACGTCTCATCGCGTTCTT,0,3939362
xdhAp1,0.08333333333333333,11,11,GAAAACGCTGGTCTTTTCAC,0,3942239
xdhAp1,0.08333333333333333,11,11,CTTTCCTGTAGCAAAGCGTT,0,3979619
xdhAp1,0.08333333333333333,11,11,CTTTAGTTCTGGTTCAGTCA,0,3941108
xdhAp1,0.08333333333333333,11,11,CTTTACCGTTCTTATTCTAG,0,3976513
xdhAp1,0.08333333333333333,11,11,CTTGTGATCCTTATACTTAG,0,3968697
xdhAp1,0.08333333333333333,11,11,CTTCGCCATTGGCCCTACCA,0,3980905
xdhAp1,0.08333333333333333,11,11,CTTCCTGCGGCATCAACTAG,0,3971101
xdhAp1,0.08333333333333333,11,11,CTGGTAAAACTCTTTCGAGC,0,3951435
xdhAp1,0.08333333333333333,11,11,CTGGCTCACTTTCATCCGCA,0,3981229
xdhAp1,0.08333333333333333,11,11,CTGGCATTTAGGTGGCATAA,0,3944182
xdhAp1,0.08333333333333333,11,11,CTGGACGGTACATGCCCTAA,0,3957947
xdhAp1,0.08333333333333333,11,11,CTGCAGTCAATGAGGCCTGG,0,3954600
xdhAp1,0.08333333333333333,11,11,CTGAGTACGGCGTTTCCGAT,0,3959210
xdhAp1,0.08333333333333333,11,11,CTATGATATGGGCTCATCAG,0,3955811
xdhAp1,0.08333333333333333,11,11,CTAGATTACAACACAGCAAG,0,3935694
xdhAp1,0.08333333333333333,11,11,CTACGATTCTCCCCGAACAA,0,3961978
xdhAp1,0.08333333333333333,11,11,CTAATTCACAGGGTGCGCAA,0,3948561
xdhAp1,0.08333333333333333,11,11,CGTTCCCGAGTCGAGAAGAA,0,3937689
xdhAp1,0.08333333333333333,11,11,CGTTAATACGTCCCGGGATC,0,3929592
xdhAp1,0.08333333333333333,11,11,CGTGGCACCACCGTACAAAT,0,3970595
xdhAp1,0.08333333333333333,11,11,CGTCGCAAAGGACCCTAGCT,0,3947262
xdhAp1,0.08333333333333333,11,11,CGTATGCCCGCATGGCACTA,0,3956718
xdhAp1,0.08333333333333333,11,11,CGTAACGATGAACAGAGAGG,0,3976848
xdhAp1,0.08333333333333333,11,11,CGGTTTCTGCTAGTAAACGC,0,3967011
xdhAp1,0.08333333333333333,11,11,CGGTTACAATCTTAAGGGAC,0,3961128
xdhAp1,0.08333333333333333,11,11,CGGTCCACGAAACGATGAAT,0,3934203
xdhAp1,0.08333333333333333,11,11,CGGCCGTTGATGGGTTCACA,0,3956095
xdhAp1,0.08333333333333333,11,11,CGGATCGTCAAAGGGAGCGG,0,3951285
xdhAp1,0.08333333333333333,11,11,CGGAGGTAGGCCTTCTAGCA,0,3956007
xdhAp1,0.08333333333333333,11,11,CGCTTCTGCACCAAAATCAT,0,3951830
xdhAp1,0.08333333333333333,11,11,CGCGATTACGTTGAATGATA,0,3963976
xdhAp1,0.08333333333333333,11,11,CGCCAGTGCCATCCGTTTCT,0,3964789
xdhAp1,0.08333333333333333,11,11,CGAAGGTAGCCGGCCGCTGA,0,3941116
xdhAp1,0.08333333333333333,11,11,CCTTTACAAGTAGGCCTGTA,0,3950088
xdhAp1,0.08333333333333333,11,11,CCGTCCCAGTATTAGGTTTC,0,3962327
xdhAp1,0.08333333333333333,11,11,CCGGGTCTCCAATCTACCTT,0,3963098
xdhAp1,0.08333333333333333,11,11,CCGGACTTACGGTCGTTAGA,0,3936477
xdhAp1,0.08333333333333333,11,11,CCCTATGCATAAACAAGCAT,0,3968139
xdhAp1,0.08333333333333333,11,11,CCCTAGCACATCGAGGTATA,0,3964219
xdhAp1,0.08333333333333333,11,11,CCCCTGGCCGTGAGTCCCAT,0,3970521
xdhAp1,0.08333333333333333,11,11,CCATAGGTGATCTTGGGTAT,0,3951445
xdhAp1,0.08333333333333333,11,11,CCAGAGGCACATATGTGTGC,0,3970214
xdhAp1,0.08333333333333333,11,11,CCAGAACGAAGTGGGTGGTT,0,3947703
xdhAp1,0.08333333333333333,11,11,CCACCAGTCTGTAACTTCAC,0,3943775
xdhAp1,0.08333333333333333,11,11,CCAACCGAGAGGCGGTTATG,0,3942323
xdhAp1,0.08333333333333333,11,11,CATGTCAGTGCTACTAACTA,0,3965008
xdhAp1,0.08333333333333333,11,11,CATGCAACGCCCGTGTAGGG,0,3971201
xdhAp1,0.08333333333333333,11,11,CATCAGATCATACTTATTCT,0,3947347
xdhAp1,0.08333333333333333,11,11,CAGGAGCGAATGAGGCGACT,0,3932930
xdhAp1,0.08333333333333333,11,11,CAGCGGAGTGGCATCGCTCT,0,3965260
xdhAp1,0.08333333333333333,11,11,CAGATTTGAGTACTGCTCAT,0,3931275
xdhAp1,0.08333333333333333,11,11,CAGACTTCATGGATTGATAG,0,3951717
xdhAp1,0.08333333333333333,11,11,CACGGAGTATGGGGATTGTA,0,3953812
xdhAp1,0.08333333333333333,11,11,CACCCACGCGTAGCTATACG,0,3934840
xdhAp1,0.08333333333333333,11,11,CACCAAGTAACGTAGACAGT,0,3929570
xdhAp1,0.08333333333333333,11,11,CACATGCGATAGAGCAGCGT,0,3948595
xdhAp1,0.08333333333333333,11,11,CAATAGATCTCCATGCGCCA,0,3938413
xdhAp1,0.08333333333333333,11,11,CAAGTGTCCGATGATCTACA,0,3950815
xdhAp1,0.08333333333333333,11,11,CAAGCTTACAATCTTAGCCG,0,3968581
xdhAp1,0.08333333333333333,11,11,CAAGCCTCGCACGCTTAGAC,0,3972230
xdhAp1,0.08333333333333333,11,11,CAAGAATCGAGTTTCGTTCA,0,3952378
xdhAp1,0.08333333333333333,11,11,CAACTCAAGAACACGACTTT,0,3962343
xdhAp1,0.08333333333333333,11,11,CAACATCCCCATCTACATAG,0,3947472
xdhAp1,0.08333333333333333,11,11,CAACACAGTATCATGTAGGA,0,3954887
xdhAp1,0.08333333333333333,11,11,ATTGCGTTGAATGTTACGTA,0,3968992
xdhAp1,0.08333333333333333,11,11,ATTGAGGGCCAACATGACAT,0,3976527
xdhAp1,0.08333333333333333,11,11,ATTCCGAAATGAGTATCGCC,0,3933073
xdhAp1,0.08333333333333333,11,11,ATGTCTCATAGATCTTTGAT,0,3955574
xdhAp1,0.08333333333333333,11,11,ATGTACCGAAATGAAAGATA,0,3976458
xdhAp1,0.08333333333333333,11,11,ATGGGTCTATAGGTTTCTAG,0,3962565
xdhAp1,0.08333333333333333,11,11,ATGGCTGGATAGCGCTGAGA,0,3942563
xdhAp1,0.08333333333333333,11,11,ATGGAAGGACGTAGTTGCGT,0,3931057
xdhAp1,0.08333333333333333,11,11,ATGCGCATCACTTAGGGTAG,0,3960274
xdhAp1,0.08333333333333333,11,11,ATGAGCTGAAAAGCGTATAA,0,3967051
xdhAp1,0.08333333333333333,11,11,ATCTCTAAGGCCACGCCCTC,0,3957937
xdhAp1,0.08333333333333333,11,11,ATCGTTCAGGCGTGGGTAGA,0,3947070
xdhAp1,0.08333333333333333,11,11,ATCGTCACAACTTGGAGCAT,0,3950320
xdhAp1,0.08333333333333333,11,11,ATCGGATTGCGCGCACCAAT,0,3947422
xdhAp1,0.08333333333333333,11,11,ATCCGTGGTTGACTCTTGCT,0,3939282
xdhAp1,0.08333333333333333,11,11,ATCCCCATTGGGTCTCCTTT,0,3968111
xdhAp1,0.08333333333333333,11,11,ATCATCAACGTTTTGGGCGG,0,3938497
xdhAp1,0.08333333333333333,11,11,ATCAGAGGGTCGCCGGCGTC,0,3940281
xdhAp1,0.08333333333333333,11,11,ATATGTTAGTACCTTGAGTC,0,3932008
xdhAp1,0.08333333333333333,11,11,ATAGTCCATTTCTTGCTCGT,0,3961190
xdhAp1,0.08333333333333333,11,11,ATAAGTTAGAGCGGATTAGC,0,3977975
xdhAp1,0.08333333333333333,11,11,AGTTTTTGTAGAATTGTCTT,0,3968138
xdhAp1,0.08333333333333333,11,11,AGTGTGTGATAAAAGACTGC,0,3977001
xdhAp1,0.08333333333333333,11,11,AGTAGGTACACATCTCTGTC,0,3956945
xdhAp1,0.08333333333333333,11,11,AGTAAACAGTATAGTAGTTC,0,3952569
xdhAp1,0.08333333333333333,11,11,AGGTTATAGAGGCTGCGAGT,0,3981314
xdhAp1,0.08333333333333333,11,11,AGGTAGCAGGCAAGAATGGG,0,3931554
xdhAp1,0.08333333333333333,11,11,AGGGGGACATTATCCAGCGA,0,3954770
xdhAp1,0.08333333333333333,11,11,AGGGCAACTAAGAAGGTGTG,0,3962298
xdhAp1,0.08333333333333333,11,11,AGGCGCTCACCCAAAGGGGT,0,3955929
xdhAp1,0.08333333333333333,11,11,AGGAGGTGTGACACAATTTA,0,3938450
xdhAp1,0.08333333333333333,11,11,AGCAGTTACACCACTTCCGG,0,3972141
xdhAp1,0.08333333333333333,11,11,AGCAAGAGAGATCCTTATCT,0,3961684
xdhAp1,0.08333333333333333,11,11,AGATTCCGATTAACAATTGA,0,3963370
xdhAp1,0.08333333333333333,11,11,AGATGTACGTCTTCAGCGGT,0,3943220
xdhAp1,0.08333333333333333,11,11,AGAGGGTACATCTAATCAGG,0,3965604
xdhAp1,0.08333333333333333,11,11,ACTTAGCCAAAAACCGCCGA,0,3954538
xdhAp1,0.08333333333333333,11,11,ACTGCTCTATTATAAACGGG,0,3952874
xdhAp1,0.08333333333333333,11,11,ACTGCTATTGCCGGGCCGGT,0,3953060
xdhAp1,0.08333333333333333,11,11,ACTCTCGCACTTGGGTTTGT,0,3973526
xdhAp1,0.08333333333333333,11,11,ACTCCGGGTTCATGGGGGGA,0,3935627
xdhAp1,0.08333333333333333,11,11,ACGTGCCATCCCGTCTTTCC,0,3935020
xdhAp1,0.08333333333333333,11,11,ACGGTCGTAGATAGGGTGGA,0,3957629
xdhAp1,0.08333333333333333,11,11,ACGGGATCGATGGTTTCGCA,0,3952636
xdhAp1,0.08333333333333333,11,11,ACGCGGGGTACCTCCATAGG,0,3957419
xdhAp1,0.08333333333333333,11,11,ACCTCCCAGTACTTTTAGAT,0,3934692
xdhAp1,0.08333333333333333,11,11,ACCTAGGTGTCCCGCCCATT,0,3955814
xdhAp1,0.08333333333333333,11,11,ACCGTGGGCAGCTGATGGAC,0,3929653
xdhAp1,0.08333333333333333,11,11,ACCAGGCATCTCCCAGTCCA,0,3943966
xdhAp1,0.08333333333333333,11,11,ACATTCTGAAGAAGTGTGAG,0,3970497
xdhAp1,0.08333333333333333,11,11,ACATCAGAGTAGCTGAAACA,0,3944444
xdhAp1,0.08333333333333333,11,11,ACAGTCTGTTTAGTTTCCCG,0,3931503
xdhAp1,0.08333333333333333,11,11,ACAGTATCTCGCTAGGCCGG,0,3930402
xdhAp1,0.08333333333333333,11,11,ACAACCCAATCGAGTAGAGT,0,3961782
xdhAp1,0.08333333333333333,11,11,AATGCCCTAACCTCGTGGAT,0,3946965
xdhAp1,0.08333333333333333,11,11,AAGCTGCGGCTTACTCTAAC,0,3959322
xdhAp1,0.08333333333333333,11,11,AAGCTATGTAGCAGACATAT,0,3947191
xdhAp1,0.08333333333333333,11,11,AACGTTGTTCGATGCAGAGG,0,3935071
xdhAp1,0.08333333333333333,11,11,AACGGCTCTGTTCTGTGGCT,0,3979351
xdhAp1,0.08333333333333333,11,11,AACGGATACCGACACGATGG,0,3957226
xdhAp1,0.08333333333333333,11,11,AACCTAGCTCGTACCGGACA,0,3976726
xdhAp1,0.08333333333333333,11,11,AACCGCTTATGACATGTGCT,0,3957888
xdhAp1,0.08333333333333333,11,11,AACAGACTTACAAAGTCCTG,0,3949052
xdhAp1,0.08333333333333333,11,11,AAATCGCCGGCTTAGCCGCC,0,3930561
xdhAp1,0.08333333333333333,11,11,AAATCAGTCTTGAACTATGA,0,3981170
xdhAp1,0.08333333333333333,11,11,AAACTCTAAGGTGACCAAAA,0,3929956
xdhAp1,0.08333333333333333,11,11,AAACCCATTGCCATTTAACT,0,3973669
xdhAp1,0.08333333333333333,11,11,AAAACAGTAGCATAGTATCG,0,3980615
xdhAp1,0.09090909090909091,10,10,TTTGTATATGGCAACCGCAA,0,3930757
xdhAp1,0.09090909090909091,10,10,TTTGCGACTCGCAAGGGGTC,0,3950716
xdhAp1,0.09090909090909091,10,10,TTTCGAGTATCACACGCGCA,0,3934584
xdhAp1,0.09090909090909091,10,10,TTGCTTCTAAATAGGCGACG,0,3946412
xdhAp1,0.09090909090909091,10,10,TTGCGCTCGCCCAAAGACCA,0,3945961
xdhAp1,0.09090909090909091,10,10,TTCTACGCGTCCCCGGAAAG,0,3973631
xdhAp1,0.09090909090909091,10,10,TTCGATTTCGGTAGCGTTCA,0,3958655
xdhAp1,0.09090909090909091,10,10,TTCCTAATTGACGACGGTAT,0,3971939
xdhAp1,0.09090909090909091,10,10,TTCCGTCCTTGCCAAGGCGC,0,3954759
xdhAp1,0.09090909090909091,10,10,TTCCAAAAAGGAATAGGACA,0,3972752
xdhAp1,0.09090909090909091,10,10,TTCAGTAGGGAACTAGATCA,0,3937428
xdhAp1,0.09090909090909091,10,10,TTCAAAAATATCGCAATGGC,0,3931784
xdhAp1,0.09090909090909091,10,10,TTATGTGGGCTGTTTGTCAT,0,3930585
xdhAp1,0.09090909090909091,10,10,TTATGCGGGCTGCTTGGAGG,0,3948210
xdhAp1,0.09090909090909091,10,10,TTAGGCTTCCCGGACCAGCA,0,3945685
xdhAp1,0.09090909090909091,10,10,TGTCGTCGGTTTGGGGGTTT,0,3964198
xdhAp1,0.09090909090909091,10,10,TGTATGAGTCTGTTCCGCTA,0,3931753
xdhAp1,0.09090909090909091,10,10,TGGTGTGAAACTACAAGGCA,0,3969511
xdhAp1,0.09090909090909091,10,10,TGGGGGTGAATCGAATCGTT,0,3942130
xdhAp1,0.09090909090909091,10,10,TGGGCGGTCTAGTGTAAGCA,0,3963865
xdhAp1,0.09090909090909091,10,10,TGGGAGGCGTCGTCATGTAG,0,3971511
xdhAp1,0.09090909090909091,10,10,TGGCCTCGTTGATGTCAAGA,0,3956668
xdhAp1,0.09090909090909091,10,10,TGATCGGAACTGAGGAGGTC,0,3940852
xdhAp1,0.09090909090909091,10,10,TGAGGTAGACACCTAAGCCA,0,3949542
xdhAp1,0.09090909090909091,10,10,TGAGCACGCGAACTATGACC,0,3955633
xdhAp1,0.09090909090909091,10,10,TGAACTGGCCAAAAATATGT,0,3964291
xdhAp1,0.09090909090909091,10,10,TCTGGTTGCACATTCGGATT,0,3946477
xdhAp1,0.09090909090909091,10,10,TCTCATGGCACGGTAGCCTA,0,3941258
xdhAp1,0.09090909090909091,10,10,TCTCAGCGCGAAGGATAGGC,0,3940706
xdhAp1,0.09090909090909091,10,10,TCTAGGTGGGGTACACTGGG,0,3964276
xdhAp1,0.09090909090909091,10,10,TCGGCGTGCAGACGCCCGTG,0,3933262
xdhAp1,0.09090909090909091,10,10,TCGGCCCCAAGCCAACAGAC,0,3977402
xdhAp1,0.09090909090909091,10,10,TCGATAGACCATAGTCCGAT,0,3955404
xdhAp1,0.09090909090909091,10,10,TCCTGCGGCCCGCTTAAAGA,0,3960492
xdhAp1,0.09090909090909091,10,10,TCCGTTCCCTACTGTCATTC,0,3973902
xdhAp1,0.09090909090909091,10,10,TCCGGTGTCCCGCGCCCGCG,0,3954867
xdhAp1,0.09090909090909091,10,10,TCCCTCTTCCCCAGTGAGCG,0,3938899
xdhAp1,0.09090909090909091,10,10,TCATGAAGTTCGGAACAAGA,0,3947270
xdhAp1,0.09090909090909091,10,10,TCATAGTGGGTTACTGTACA,0,3944165
xdhAp1,0.09090909090909091,10,10,TCAGTTTTGAGTTGTAATTT,0,3940927
xdhAp1,0.09090909090909091,10,10,TCAGGGCGCGCAGCGACCGA,0,3938258
xdhAp1,0.09090909090909091,10,10,TCAGGACTAAGGCTCCGGTA,0,3952496
xdhAp1,0.09090909090909091,10,10,TCACTATACCTCACTACGAA,0,3945458
xdhAp1,0.09090909090909091,10,10,TCACCAGTCCTCTAGGCAGT,0,3980882
xdhAp1,0.09090909090909091,10,10,TCAACGAAGCAAAGAGACAT,0,3934082
xdhAp1,0.09090909090909091,10,10,TATTAGCATACACGTCAAAT,0,3943076
xdhAp1,0.09090909090909091,10,10,TATGCAAGATGACATTATCT,0,3935413
xdhAp1,0.09090909090909091,10,10,TATATCGGTTGGACCACTGA,0,3947687
xdhAp1,0.09090909090909091,10,10,TAGTGTTGTCGATGTAGGTG,0,3978186
xdhAp1,0.09090909090909091,10,10,TAGGCGGACATAGTCCACCC,0,3974754
xdhAp1,0.09090909090909091,10,10,TAGCGTTCATAAAGGACCCA,0,3943513
xdhAp1,0.09090909090909091,10,10,TAGCACCCTGTATCAGTAAC,0,3936698
xdhAp1,0.09090909090909091,10,10,TACTTGTCCAGCTCTGGGGT,0,3973927
xdhAp1,0.09090909090909091,10,10,TACTGGATACCCCTCGCGGG,0,3974498
xdhAp1,0.09090909090909091,10,10,TACTCGGGGAACATGTGTGC,0,3934187
xdhAp1,0.09090909090909091,10,10,TACGCGGCCCATAGTGTCTC,0,3963360
xdhAp1,0.09090909090909091,10,10,TACGCAAGGAGACGCCTGCT,0,3967525
xdhAp1,0.09090909090909091,10,10,TACAGGATTAACCTCTGAGT,0,3964272
xdhAp1,0.09090909090909091,10,10,TAATCCGACGGGAAAACCGA,0,3963596
xdhAp1,0.09090909090909091,10,10,TAAGGGGTGCCTGAGTGTAC,0,3973280
xdhAp1,0.09090909090909091,10,10,TAAACGGTATGCACTCCAAC,0,3972505
xdhAp1,0.09090909090909091,10,10,GTTTTCCCGGTTATAGCTTG,0,3938937
xdhAp1,0.09090909090909091,10,10,GTTTCTCGTCTATGTTTCTA,0,3931942
xdhAp1,0.09090909090909091,10,10,GTTTAACCGGCGTCCCTGGT,0,3941755
xdhAp1,0.09090909090909091,10,10,GTGTTTTAGGCTCCACACGA,0,3972234
xdhAp1,0.09090909090909091,10,10,GTGTCAGGGTGTCCGCGGGT,0,3973836
xdhAp1,0.09090909090909091,10,10,GTGGTCAGTCTAGCGATGCC,0,3972998
xdhAp1,0.09090909090909091,10,10,GTGGTACACTCCCTTGGCTT,0,3975092
xdhAp1,0.09090909090909091,10,10,GTGGACATTTTTGTGTAACG,0,3973597
xdhAp1,0.09090909090909091,10,10,GTGGAATACAGCTCATCTGT,0,3944287
xdhAp1,0.09090909090909091,10,10,GTGCTTAATGATTTTTTAAT,0,3951741
xdhAp1,0.09090909090909091,10,10,GTGCGTCTCATACTTGGGAA,0,3946700
xdhAp1,0.09090909090909091,10,10,GTGCGGAAGCGAGGTATCTA,0,3935837
xdhAp1,0.09090909090909091,10,10,GTGCATCCGGACTCATGGCT,0,3977697
xdhAp1,0.09090909090909091,10,10,GTCGGGTGTGCGGGAAGAAA,0,3938621
xdhAp1,0.09090909090909091,10,10,GTCCATAATAAAATTTTCAG,0,3933580
xdhAp1,0.09090909090909091,10,10,GTAGTTCGTGGCCCATGATT,0,3953147
xdhAp1,0.09090909090909091,10,10,GTAGGCGTTACGGGCAATCA,0,3958541
xdhAp1,0.09090909090909091,10,10,GTAGCTCCTAAGGTTGTGGT,0,3961418
xdhAp1,0.09090909090909091,10,10,GTACGTCGATCAGTGCGATA,0,3976331
xdhAp1,0.09090909090909091,10,10,GTACCGTACTTTTGCGCACT,0,3974177
xdhAp1,0.09090909090909091,10,10,GTAAATCTCCAACAACATCT,0,3976312
xdhAp1,0.09090909090909091,10,10,GTAAATACCGCTGTTTTGGC,0,3976789
xdhAp1,0.09090909090909091,10,10,GGTTCCACCATAGTTATATA,0,3950605
xdhAp1,0.09090909090909091,10,10,GGTCTACATGTTAACCCATC,0,3963549
xdhAp1,0.09090909090909091,10,10,GGTCGCACACGTAGAACACT,0,3968046
xdhAp1,0.09090909090909091,10,10,GGTATGTTAACCGGGTGGAG,0,3974051
xdhAp1,0.09090909090909091,10,10,GGTAGGACATTACGGGCGTT,0,3941013
xdhAp1,0.09090909090909091,10,10,GGGGTTTAGATCACAGGACA,0,3971206
xdhAp1,0.09090909090909091,10,10,GGGGGTGTGCATAGACACTG,0,3940432
xdhAp1,0.09090909090909091,10,10,GGGCGGGGCTGGGAAACGGT,0,3956913
xdhAp1,0.09090909090909091,10,10,GGGAGTTAGGGACAATTGAT,0,3971694
xdhAp1,0.09090909090909091,10,10,GGCTTTTTGGTATGCCAGTG,0,3952765
xdhAp1,0.09090909090909091,10,10,GGCTTCCTCGACCTGCGTCA,0,3954398
xdhAp1,0.09090909090909091,10,10,GGCTTAGAGAGGTAGCAATA,0,3939723
xdhAp1,0.09090909090909091,10,10,GGCTCACGGTAGTGCTAATA,0,3963835
xdhAp1,0.09090909090909091,10,10,GGCCAACTTATGTTTGAGTG,0,3954703
xdhAp1,0.09090909090909091,10,10,GGCAGTGATACGTGCCCTGG,0,3935776
xdhAp1,0.09090909090909091,10,10,GGCAGTGAGTGTGGGTGGAA,0,3953281
xdhAp1,0.09090909090909091,10,10,GGCACGGCGTGGCGCGGGCG,0,3942872
xdhAp1,0.09090909090909091,10,10,GGCAAATTCTTTGGGCTCAG,0,3965138
xdhAp1,0.09090909090909091,10,10,GGATGAGGACACGCGATACG,0,3931350
xdhAp1,0.09090909090909091,10,10,GGAGTGCCATGTCGGGGTTA,0,3953425
xdhAp1,0.09090909090909091,10,10,GGACCGGCATATCAATGTTG,0,3946359
xdhAp1,0.09090909090909091,10,10,GGAATTAAGTTGGTTTACCT,0,3941189
xdhAp1,0.09090909090909091,10,10,GCTTAACAGGTTGAGCGAAT,0,3969779
xdhAp1,0.09090909090909091,10,10,GCTGGGCTTCAACCGGCACA,0,3939361
xdhAp1,0.09090909090909091,10,10,GCTCACCGAGTAGTGGATAT,0,3952911
xdhAp1,0.09090909090909091,10,10,GCTACAAGAGTATCAACCGG,0,3955486
xdhAp1,0.09090909090909091,10,10,GCGTTCAATACCGGCCGAGA,0,3959241
xdhAp1,0.09090909090909091,10,10,GCGCGTGCCGGATTGATTTT,0,3951248
xdhAp1,0.09090909090909091,10,10,GCGCAAGCATAAACTTGGTA,0,3952374
xdhAp1,0.09090909090909091,10,10,GCCTGCGGCGAAGCTGCTTA,0,3981005
xdhAp1,0.09090909090909091,10,10,GCCTATGGGATTCCCGAGTC,0,3944438
xdhAp1,0.09090909090909091,10,10,GCCGACGGTCTTTTTTACAA,0,3939142
xdhAp1,0.09090909090909091,10,10,GCCATGGGTCGTCTTGTAAA,0,3936479
xdhAp1,0.09090909090909091,10,10,GCCACTGGCTCCAATATCGA,0,3971277
xdhAp1,0.09090909090909091,10,10,GCCACCCAAGGGATGTTCAC,0,3948730
xdhAp1,0.09090909090909091,10,10,GCATGTCTTTATGCAACATT,0,3981228
xdhAp1,0.09090909090909091,10,10,GCAGTGGAAAAAGATGTATG,0,3956760
xdhAp1,0.09090909090909091,10,10,GCAGGCCCGCGCCCGTCAGC,0,3973469
xdhAp1,0.09090909090909091,10,10,GCACTGTTTATATCGCAGAG,0,3958764
xdhAp1,0.09090909090909091,10,10,GCACGTAAATTCAAGGCGGA,0,3956215
xdhAp1,0.09090909090909091,10,10,GATTGAAACCAATTTCTGAC,0,3961949
xdhAp1,0.09090909090909091,10,10,GATGTCGCCTAAGCCCGGCT,0,3971398
xdhAp1,0.09090909090909091,10,10,GATGTATATATTTGCCCAAT,0,3930709
xdhAp1,0.09090909090909091,10,10,GATGCTCACAGTACTAAGAT,0,3937893
xdhAp1,0.09090909090909091,10,10,GATGCATGCCCTCCCACGTG,0,3974846
xdhAp1,0.09090909090909091,10,10,GATCGTAACTCGTTCTCAAC,0,3973359
xdhAp1,0.09090909090909091,10,10,GATACTGCCCCTGCGACTTA,0,3929596
xdhAp1,0.09090909090909091,10,10,GAGTCAAGGCTTGACAAATT,0,3933689
xdhAp1,0.09090909090909091,10,10,GAGGCAGCACCCTCGTATAT,0,3965948
xdhAp1,0.09090909090909091,10,10,GAGCTCGGCCAAATTCGTGA,0,3966245
xdhAp1,0.09090909090909091,10,10,GACTCGCGTCAACGTCATGA,0,3946730
xdhAp1,0.09090909090909091,10,10,GACGCTGTTGATGTGTTTCT,0,3952864
xdhAp1,0.09090909090909091,10,10,GACGAGGACACCGGAGACCT,0,3946191
xdhAp1,0.09090909090909091,10,10,GAATCACGCTAATATTACTA,0,3953156
xdhAp1,0.09090909090909091,10,10,GAAGGGTACGTTAGCATCCA,0,3969094
xdhAp1,0.09090909090909091,10,10,GAAGCGGCTTTAGTCTGTCA,0,3974780
xdhAp1,0.09090909090909091,10,10,GAACGCGACGCATTAAGAAC,0,3965256
xdhAp1,0.09090909090909091,10,10,GAACGATAGCACTAATAAGT,0,3939937
xdhAp1,0.09090909090909091,10,10,GAACAGTACCAACTGGTTTT,0,3973686
xdhAp1,0.09090909090909091,10,10,CTTTATAAGAGTGCGGCACA,0,3958393
xdhAp1,0.09090909090909091,10,10,CTTGTGTTCTTGTATAAGTC,0,3950802
xdhAp1,0.09090909090909091,10,10,CTTGGATGTGATTAGTGTGT,0,3937444
xdhAp1,0.09090909090909091,10,10,CTTGCGTCAGCTTCTCCCGC,0,3944865
xdhAp1,0.09090909090909091,10,10,CTTGATCGGGCTAACTCCTT,0,3977591
xdhAp1,0.09090909090909091,10,10,CTTAGCCGACGGAGTGCAAT,0,3934421
xdhAp1,0.09090909090909091,10,10,CTTAGCCAGCCGCTAACACC,0,3953914
xdhAp1,0.09090909090909091,10,10,CTTAAGTTGGTAGAGCTCCT,0,3939135
xdhAp1,0.09090909090909091,10,10,CTGGAGCCAGAATTCAATTT,0,3952022
xdhAp1,0.09090909090909091,10,10,CTCTCGAGTCTGAACGTCGC,0,3929395
xdhAp1,0.09090909090909091,10,10,CTCCAAATGATTGGCGGAGT,0,3972175
xdhAp1,0.09090909090909091,10,10,CTAGTGCGAGCGAGTAGAAC,0,3937640
xdhAp1,0.09090909090909091,10,10,CTAGCTGCGGCCAAGCCCGG,0,3965837
xdhAp1,0.09090909090909091,10,10,CTACTCAGGTTGGTCGAACT,0,3967588
xdhAp1,0.09090909090909091,10,10,CTACGCAGCAAGCGGAAGAT,0,3977050
xdhAp1,0.09090909090909091,10,10,CGTTGATACAAATTAATGGG,0,3974740
xdhAp1,0.09090909090909091,10,10,CGTTAGCTGTCGTGCAATTT,0,3955639
xdhAp1,0.09090909090909091,10,10,CGTCTGCGGCTTGATGTAAT,0,3968317
xdhAp1,0.09090909090909091,10,10,CGTATCGCATTGATAATCCA,0,3930894
xdhAp1,0.09090909090909091,10,10,CGTACGCAAATCAACATAGA,0,3973664
xdhAp1,0.09090909090909091,10,10,CGTAACACCTTCCTCAGGCC,0,3929564
xdhAp1,0.09090909090909091,10,10,CGTAAAGGTACGCTGCGACA,0,3973705
xdhAp1,0.09090909090909091,10,10,CGGTGATCCTGAGGCATAAT,0,3951389
xdhAp1,0.09090909090909091,10,10,CGGTATGCTTGTCAGCGGAC,0,3930157
xdhAp1,0.09090909090909091,10,10,CGGCCTACTTTTTGTTTGAA,0,3959404
xdhAp1,0.09090909090909091,10,10,CGGATTCAACCGTGGCTCTG,0,3971742
xdhAp1,0.09090909090909091,10,10,CGGACGGCAGGACAGTCTTT,0,3946604
xdhAp1,0.09090909090909091,10,10,CGCTTAGCGGGATCTAGCAT,0,3980906
xdhAp1,0.09090909090909091,10,10,CGCTCTTGATATGTAATGAA,0,3965263
xdhAp1,0.09090909090909091,10,10,CGCTCACAACAGGGAGCATG,0,3966776
xdhAp1,0.09090909090909091,10,10,CGCGGACAACGTCTTCGTCC,0,3935039
xdhAp1,0.09090909090909091,10,10,CGCCGTTATCATATCAGAGT,0,3949739
xdhAp1,0.09090909090909091,10,10,CGCCAGACAACACTCTATTG,0,3962910
xdhAp1,0.09090909090909091,10,10,CGAGAATCCTTTATTACAAA,0,3930428
xdhAp1,0.09090909090909091,10,10,CGAATGATTTAACGCGCAGC,0,3954030
xdhAp1,0.09090909090909091,10,10,CCTTAAGGGACGCAGGCCAA,0,3951628
xdhAp1,0.09090909090909091,10,10,CCTCGACACCATCAAGAACG,0,3933721
xdhAp1,0.09090909090909091,10,10,CCTAGATTTTGGGCTCCCCG,0,3964939
xdhAp1,0.09090909090909091,10,10,CCGGATGGTTATCCATCCGG,0,3942738
xdhAp1,0.09090909090909091,10,10,CCGCCGGCATGAGCTGGTTT,0,3973176
xdhAp1,0.09090909090909091,10,10,CCGCATCGGCTGTCTAGCAG,0,3975074
xdhAp1,0.09090909090909091,10,10,CCCTGGACGAGGTCTAAGTT,0,3971864
xdhAp1,0.09090909090909091,10,10,CCCTCGATCACGCCTTAGTA,0,3975001
xdhAp1,0.09090909090909091,10,10,CCCCCTTCATTCCTCAAGAT,0,3960844
xdhAp1,0.09090909090909091,10,10,CCATAGCGCAGGGGTTACGG,0,3946322
xdhAp1,0.09090909090909091,10,10,CCAGTACGACCGCCATTTAA,0,3950180
xdhAp1,0.09090909090909091,10,10,CCAGGGCGATACAGATAAAA,0,3966253
xdhAp1,0.09090909090909091,10,10,CCACTTAAGGTGCTTTCTGG,0,3978509
xdhAp1,0.09090909090909091,10,10,CATGTAATACTGCTACCGCA,0,3960466
xdhAp1,0.09090909090909091,10,10,CATGCTGCAAAGCGAGGTTT,0,3946546
xdhAp1,0.09090909090909091,10,10,CATCGGAGACATACAGTCTT,0,3968908
xdhAp1,0.09090909090909091,10,10,CATACAGTTGCGGTTTTGGG,0,3947540
xdhAp1,0.09090909090909091,10,10,CAGTTCGTTCAGAGAGGGGT,0,3973903
xdhAp1,0.09090909090909091,10,10,CAGTGATTCTCGGCTCCTGG,0,3956980
xdhAp1,0.09090909090909091,10,10,CAGTATTTTCCACTGCGCTC,0,3931390
xdhAp1,0.09090909090909091,10,10,CAGGCCCAAAAGGTTACCGA,0,3930760
xdhAp1,0.09090909090909091,10,10,CACGTTCTGTCATAGCAAGC,0,3959433
xdhAp1,0.09090909090909091,10,10,CACGAAATGTGGATTGGCCA,0,3936094
xdhAp1,0.09090909090909091,10,10,CACCTCACACTTGTCTTGTA,0,3939726
xdhAp1,0.09090909090909091,10,10,CACAGCGGCGCGATACCCTC,0,3973507
xdhAp1,0.09090909090909091,10,10,CACACTCGTGCTCAGTGGAG,0,3938939
xdhAp1,0.09090909090909091,10,10,CACACATGTAAAATGGGAGG,0,3953789
xdhAp1,0.09090909090909091,10,10,CAATTCTTTAAAGGAATCAG,0,3959538
xdhAp1,0.09090909090909091,10,10,CAATGTTTACACTCAGATAT,0,3964502
xdhAp1,0.09090909090909091,10,10,CAATCGGGTCGGCCCGCGAT,0,3931374
xdhAp1,0.09090909090909091,10,10,CAATCGCGGACAAGCTGATG,0,3961373
xdhAp1,0.09090909090909091,10,10,CAAGCGTTGGTTCGACAATT,0,3943404
xdhAp1,0.09090909090909091,10,10,CAAGATAGCTCGCCGTTAAG,0,3971478
xdhAp1,0.09090909090909091,10,10,CAACTCCGGGGCCGAGCTAT,0,3956758
xdhAp1,0.09090909090909091,10,10,CAACCATGGGCGAACCACAC,0,3974087
xdhAp1,0.09090909090909091,10,10,ATTTTGGAGGCCAATACGCT,0,3929378
xdhAp1,0.09090909090909091,10,10,ATTTGCGCAGGACCAACTCA,0,3944367
xdhAp1,0.09090909090909091,10,10,ATTGGTTCAGCCTGGCCACC,0,3957995
xdhAp1,0.09090909090909091,10,10,ATTCTAAGGGTCCACGGTAG,0,3976860
xdhAp1,0.09090909090909091,10,10,ATTCGTTCCGTAAGTGTCTT,0,3958966
xdhAp1,0.09090909090909091,10,10,ATTCGTCACCGAAGCAGGAC,0,3981280
xdhAp1,0.09090909090909091,10,10,ATGTCAGACGTGAGACCTAG,0,3943437
xdhAp1,0.09090909090909091,10,10,ATGGTCTAATACTAGGTGCG,0,3944219
xdhAp1,0.09090909090909091,10,10,ATGGACACTTGTACATGGTC,0,3955788
xdhAp1,0.09090909090909091,10,10,ATGGAATATTGCCCTAAATA,0,3940091
xdhAp1,0.09090909090909091,10,10,ATCTCTTCGTAATACAATCA,0,3950414
xdhAp1,0.09090909090909091,10,10,ATCGATTAAACAGGTCCAAG,0,3938204
xdhAp1,0.09090909090909091,10,10,ATCAGACGTTTGCGTCAAAT,0,3943754
xdhAp1,0.09090909090909091,10,10,ATCACGGGATCCGGACACAC,0,3974514
xdhAp1,0.09090909090909091,10,10,ATCACGACGTTTTGCCTTGA,0,3954392
xdhAp1,0.09090909090909091,10,10,ATACGTTCTTCGTTGCTATA,0,3929860
xdhAp1,0.09090909090909091,10,10,ATACACAATCCAAGCTAGAT,0,3932864
xdhAp1,0.09090909090909091,10,10,ATAAGTTTGTACGCGTCATG,0,3930616
xdhAp1,0.09090909090909091,10,10,ATAAGGCCGGAACTTGACAA,0,3946156
xdhAp1,0.09090909090909091,10,10,ATAACGGCAGTCACTACCGT,0,3953635
xdhAp1,0.09090909090909091,10,10,AGTTTTGTGGAACCGAATGA,0,3937769
xdhAp1,0.09090909090909091,10,10,AGTTTCTTGACATGATTCAC,0,3976963
xdhAp1,0.09090909090909091,10,10,AGTTCGCCTTCGTTCCGGGA,0,3953308
xdhAp1,0.09090909090909091,10,10,AGTGGCGCACATGCGCGGGT,0,3974447
xdhAp1,0.09090909090909091,10,10,AGTGAACTAATGCTCCTGGG,0,3941254
xdhAp1,0.09090909090909091,10,10,AGTCCCCTCTGGGAATGTGT,0,3978537
xdhAp1,0.09090909090909091,10,10,AGTCATAGGTATTCAGAAAT,0,3976825
xdhAp1,0.09090909090909091,10,10,AGTATCTCTAGCATCTCTTG,0,3964377
xdhAp1,0.09090909090909091,10,10,AGTATATTGGGAGATCCTGT,0,3976317
xdhAp1,0.09090909090909091,10,10,AGGTGCCCATTGGACAGGTC,0,3941245
xdhAp1,0.09090909090909091,10,10,AGGTCAGATTTCTGTAATGT,0,3933013
xdhAp1,0.09090909090909091,10,10,AGGCTTGAGGCTTTTAAGGC,0,3967250
xdhAp1,0.09090909090909091,10,10,AGGCTTCATTTGAATAGCAA,0,3950926
xdhAp1,0.09090909090909091,10,10,AGGCGCGGCGGTACGGCTTG,0,3966020
xdhAp1,0.09090909090909091,10,10,AGATTATATATGGGAGTGCC,0,3970675
xdhAp1,0.09090909090909091,10,10,AGAGCGTATACGGTCCTCAC,0,3951738
xdhAp1,0.09090909090909091,10,10,AGAGATAATCATATTAACAT,0,3958020
xdhAp1,0.09090909090909091,10,10,AGACTATGGCCACATGGTGG,0,3971129
xdhAp1,0.09090909090909091,10,10,AGACAGTCCACGGAATACCA,0,3933015
xdhAp1,0.09090909090909091,10,10,AGAAGCGGACTGATTAACTT,0,3960973
xdhAp1,0.09090909090909091,10,10,AGAAGCAGGCTGCTCGACAG,0,3972939
xdhAp1,0.09090909090909091,10,10,ACTTTGAAAGCCGGGCTACA,0,3966520
xdhAp1,0.09090909090909091,10,10,ACGTAGGTCTGTCAGGCGAA,0,3952602
xdhAp1,0.09090909090909091,10,10,ACGCTGGACGATGTGAGGCC,0,3972293
xdhAp1,0.09090909090909091,10,10,ACGAATAAGAAATAACTGCT,0,3962345
xdhAp1,0.09090909090909091,10,10,ACCAGTGATGTCCTCTAGGA,0,3961905
xdhAp1,0.09090909090909091,10,10,ACCACCATCCCGAAACGATT,0,3933224
xdhAp1,0.09090909090909091,10,10,ACAGGCGGACCTTAGGCAAA,0,3952870
xdhAp1,0.09090909090909091,10,10,ACAGCCGCAGGCGCGTAAGT,0,3943127
xdhAp1,0.09090909090909091,10,10,ACAATACCTGTCTTACCTGG,0,3959314
xdhAp1,0.09090909090909091,10,10,AATTGACGGGACAATTAGTG,0,3962143
xdhAp1,0.09090909090909091,10,10,AATTCGAACGGTTATAAAGC,0,3964450
xdhAp1,0.09090909090909091,10,10,AATGGCCCGGGTGGCCGGCT,0,3935497
xdhAp1,0.09090909090909091,10,10,AATGAGCATGGCCATACCGT,0,3979168
xdhAp1,0.09090909090909091,10,10,AATCTTGATATTTAGGTGAT,0,3958295
xdhAp1,0.09090909090909091,10,10,AATCTCGGCTGCAGCTGATC,0,3941199
xdhAp1,0.09090909090909091,10,10,AATCATGAGAGATCAGCACG,0,3971170
xdhAp1,0.09090909090909091,10,10,AAGGCGAGCGGGATAAACCC,0,3949660
xdhAp1,0.09090909090909091,10,10,AAGATTTCTAGTAAGTCGTA,0,3970681
xdhAp1,0.09090909090909091,10,10,AAGACACTTGGGTGACCCCT,0,3936302
xdhAp1,0.09090909090909091,10,10,AACGAACATGTATCATGGCT,0,3951405
xdhAp1,0.09090909090909091,10,10,AACCTTCCCAACCGGTAGTA,0,3936045
xdhAp1,0.09090909090909091,10,10,AACCTTCACACATTGATTAA,0,3967847
xdhAp1,0.09090909090909091,10,10,AAAGAATTACGGTCATTACA,0,3935507
xdhAp1,0.1,9,9,TTTGGTCACGGTAGCGGTCC,0,3972659
xdhAp1,0.1,9,9,TTTCCCTGTGATTACACTAG,0,3950580
xdhAp1,0.1,9,9,TTTCACGCAATTCGGACTCG,0,3935825
xdhAp1,0.1,9,9,TTGTGCAAATAGTGAAGTTA,0,3957287
xdhAp1,0.1,9,9,TTGTCCAACTCCTGTTGCTT,0,3952716
xdhAp1,0.1,9,9,TTGGGTAAGTGGGCCACCAA,0,3936179
xdhAp1,0.1,9,9,TTGGATCTGGTGGACAACCT,0,3945500
xdhAp1,0.1,9,9,TTGCGTTTATGGGGACTGTT,0,3965630
xdhAp1,0.1,9,9,TTGCACAGGCCCATGATGAC,0,3979805
xdhAp1,0.1,9,9,TTCGCAAGGTCCATGGGACT,0,3956270
xdhAp1,0.1,9,9,TTCCGCCCAACGTGCAGCTA,0,3972945
xdhAp1,0.1,9,9,TTCCCGCCGAATTTAGTATG,0,3974619
xdhAp1,0.1,9,9,TTCCAGTTACTATTCTGGGA,0,3976531
xdhAp1,0.1,9,9,TTCAGCCGATGGGTTGTAAA,0,3962289
xdhAp1,0.1,9,9,TTCAAAGCGATGCGATACAG,0,3962654
xdhAp1,0.1,9,9,TTATAGAAGAAGCCAGTCCT,0,3975450
xdhAp1,0.1,9,9,TTAGACCGCTTTCAGTTCCC,0,3972374
xdhAp1,0.1,9,9,TTACGTAGGTGGGGGCGAAA,0,3960306
xdhAp1,0.1,9,9,TTACCCTTTCTCCAGATCAG,0,3941922
xdhAp1,0.1,9,9,TTAAAATGACAACGACTAAC,0,3969968
xdhAp1,0.1,9,9,TGTTCTAATAGCGATAAATT,0,3941619
xdhAp1,0.1,9,9,TGTTAAAACCGGAAGAGCTT,0,3950838
xdhAp1,0.1,9,9,TGTCCCGGATGTTGGCTACT,0,3972153
xdhAp1,0.1,9,9,TGTCCAAACGGTTGCGGTTA,0,3934394
xdhAp1,0.1,9,9,TGTATGTTGTATTAGGGGTA,0,3946387
xdhAp1,0.1,9,9,TGTAGCATTTTCTCAGGCCT,0,3963867
xdhAp1,0.1,9,9,TGTACCGAGGTACACGAACT,0,3975280
xdhAp1,0.1,9,9,TGTACATAAAGGCCCTGTTT,0,3930641
xdhAp1,0.1,9,9,TGGTATGCACGCGAGGGGTT,0,3976457
xdhAp1,0.1,9,9,TGGGCATTCCGGTGACTTGG,0,3967168
xdhAp1,0.1,9,9,TGGCCCTGTGAGCAGTCTAC,0,3937658
xdhAp1,0.1,9,9,TGGATAACCCCTGCAAGGGC,0,3949829
xdhAp1,0.1,9,9,TGGAGATCGCCAGTACCTTA,0,3955630
xdhAp1,0.1,9,9,TGGAAACAGAACGTAAAGAC,0,3935579
xdhAp1,0.1,9,9,TGCCTTGTCTTGAAAGCTAT,0,3937661
xdhAp1,0.1,9,9,TGCAGCACAGCACAATTTAT,0,3954597
xdhAp1,0.1,9,9,TGCACGGTCACAATTGAAGT,0,3934396
xdhAp1,0.1,9,9,TGATGTGTTAAGCGGAGCAA,0,3981089
xdhAp1,0.1,9,9,TGATGGAATGACTGACAAAC,0,3935186
xdhAp1,0.1,9,9,TGATACGAAGCTCGGGTCAG,0,3972050
xdhAp1,0.1,9,9,TCTGCAAAGGGAAGGGAATT,0,3945131
xdhAp1,0.1,9,9,TCTCGTTAACAAGTGTGCAA,0,3954399
xdhAp1,0.1,9,9,TCTCATCCTGACCGGGACCC,0,3977846
xdhAp1,0.1,9,9,TCTATAAGCGATGAAGGTGT,0,3973481
xdhAp1,0.1,9,9,TCTAGTACTCAGAAGGCTCT,0,3950822
xdhAp1,0.1,9,9,TCGTTCGACCAAGGAGTCAA,0,3947101
xdhAp1,0.1,9,9,TCGTGTCACCAAGGGCTCGA,0,3970239
xdhAp1,0.1,9,9,TCGTGAGTTCGGAAACGGTA,0,3975431
xdhAp1,0.1,9,9,TCGCATATAGATGTAATGAA,0,3955906
xdhAp1,0.1,9,9,TCGAGATTGGCTCGTTGGCC,0,3981315
xdhAp1,0.1,9,9,TCGAAGATTAAGTCTACTTT,0,3971253
xdhAp1,0.1,9,9,TCCTATCTTGGCTTCTGGTC,0,3979305
xdhAp1,0.1,9,9,TCCTAGGCGGCTTTGCTGTA,0,3946025
xdhAp1,0.1,9,9,TCCGCCTTCGGCAGGCTCCC,0,3950800
xdhAp1,0.1,9,9,TCCAAATAACACACGATCTG,0,3948255
xdhAp1,0.1,9,9,TCAGTCCGTCATATGTCTCA,0,3935196
xdhAp1,0.1,9,9,TCAGATGTGCCTAAATTCGA,0,3939400
xdhAp1,0.1,9,9,TCACCGGATGCCGGAGTTAC,0,3933190
xdhAp1,0.1,9,9,TCACCGCAGCCACTTGGTCC,0,3976821
xdhAp1,0.1,9,9,TATTCGCGTTCAGGAAAGTA,0,3955565
xdhAp1,0.1,9,9,TATTCCCAGACTCCACTAAA,0,3946105
xdhAp1,0.1,9,9,TATTATGGTCTCCGACTAAC,0,3933867
xdhAp1,0.1,9,9,TATCCATTCAAGCCACGCTG,0,3933017
xdhAp1,0.1,9,9,TATCCAGCCGCTGATGGCGT,0,3953877
xdhAp1,0.1,9,9,TATAGAGAATGGCCAGTATC,0,3959531
xdhAp1,0.1,9,9,TAGGCACGATCCCTAGCGGG,0,3961756
xdhAp1,0.1,9,9,TAGGAGTTTACCATATTCCC,0,3938190
xdhAp1,0.1,9,9,TAGGACACTCAGGAGTCATA,0,3945139
xdhAp1,0.1,9,9,TAGCTCCCAGGGGGTAAAGT,0,3974674
xdhAp1,0.1,9,9,TAGCTAGTGCACATAATAAG,0,3958962
xdhAp1,0.1,9,9,TAGCTACCCATGGTTGCTAA,0,3959592
xdhAp1,0.1,9,9,TAGATACACCGCGCGGCCGT,0,3958430
xdhAp1,0.1,9,9,TACTATGAAGTCGGGCGGAG,0,3979495
xdhAp1,0.1,9,9,TACGGCAACCGTAGATCTGC,0,3978515
xdhAp1,0.1,9,9,TACGAGTTGTTATAGGGTTG,0,3951692
xdhAp1,0.1,9,9,TACCTGGACGGAAGCCGATT,0,3946824
xdhAp1,0.1,9,9,TACACGCGCCGACTTCCTAG,0,3953128
xdhAp1,0.1,9,9,TACAAAGAGAGCGGTGGGTT,0,3961509
xdhAp1,0.1,9,9,TAATTATTTCAGGTTCGGAT,0,3944335
xdhAp1,0.1,9,9,TAATGAATAGTTCCTTGGTG,0,3968186
xdhAp1,0.1,9,9,TAATCATACTTATGTATATA,0,3965255
xdhAp1,0.1,9,9,TAATCAATTATTACTAGGCG,0,3949197
xdhAp1,0.1,9,9,TAATACCTTAAAGCATGGCA,0,3945383
xdhAp1,0.1,9,9,TAAGGGGATCACTAATAGCA,0,3968996
xdhAp1,0.1,9,9,TAAGCACCGGCTACTGGGTA,0,3960309
xdhAp1,0.1,9,9,TAACTCAAAGATCCAAAGCG,0,3953201
xdhAp1,0.1,9,9,TAACCTTGTAGTAGCGAAAG,0,3964124
xdhAp1,0.1,9,9,TAAAGCACTCGTATGATATT,0,3981424
xdhAp1,0.1,9,9,GTTTCAAGGCACGCCTCATT,0,3940827
xdhAp1,0.1,9,9,GTTTATAGTTTTGTCGGGTA,0,3979930
xdhAp1,0.1,9,9,GTTCATTAGGGCAAACGCAA,0,3947679
xdhAp1,0.1,9,9,GTGGGGGCAATCCCTAGCAT,0,3976983
xdhAp1,0.1,9,9,GTGGCTGCGGGCTAAGCTGC,0,3934050
xdhAp1,0.1,9,9,GTGCGGTAACTGGGTCTGAA,0,3934268
xdhAp1,0.1,9,9,GTGCAGTGCATACACAGTCG,0,3935091
xdhAp1,0.1,9,9,GTGAGTTCGGATCACTCTCT,0,3981243
xdhAp1,0.1,9,9,GTGAGTCAAGTGATCGACAC,0,3976959
xdhAp1,0.1,9,9,GTGAGGGGAATAGTCACTTC,0,3934398
xdhAp1,0.1,9,9,GTCTTACCCTAATCCCGGTG,0,3970643
xdhAp1,0.1,9,9,GTCGCGACGGCGCCCCCATG,0,3955487
xdhAp1,0.1,9,9,GTCCTACAAGCTCGGATCTT,0,3941609
xdhAp1,0.1,9,9,GTCCGGCATTTTGAGTGGTA,0,3960433
xdhAp1,0.1,9,9,GTCCCGTCTTATCGGGTGTG,0,3960376
xdhAp1,0.1,9,9,GTCCCGTCCAAGCCAATTGT,0,3932108
xdhAp1,0.1,9,9,GTCCATACGTTTTGCTAGAT,0,3934036
xdhAp1,0.1,9,9,GTCATAAACTCAATCGTGGG,0,3929219
xdhAp1,0.1,9,9,GTCAGAACGAAAGTGTCTTG,0,3932346
xdhAp1,0.1,9,9,GTACGACAGAGAGCACAAGT,0,3963916
xdhAp1,0.1,9,9,GTAATCTGTTGGTGATTTCG,0,3936004
xdhAp1,0.1,9,9,GTAAGCTATAAGTCCACAAC,0,3963258
xdhAp1,0.1,9,9,GTAAAGCTCTATAGCTTCTT,0,3968042
xdhAp1,0.1,9,9,GGTGGTGTGACACCGACTGT,0,3973878
xdhAp1,0.1,9,9,GGTGGAAACCAACTATATAA,0,3980584
xdhAp1,0.1,9,9,GGTGCGAGGCATAACACAAG,0,3947785
xdhAp1,0.1,9,9,GGTCTCGAGACGACCACTTG,0,3959086
xdhAp1,0.1,9,9,GGTAGGCAGGGCTATGGCAT,0,3949446
xdhAp1,0.1,9,9,GGGTTGCCCGGAAATGAGGT,0,3977948
xdhAp1,0.1,9,9,GGGGCTCCGACGCCCGCCAG,0,3941396
xdhAp1,0.1,9,9,GGGGAGGCCGCAGGAGGGTT,0,3939832
xdhAp1,0.1,9,9,GGGCTGAGGTCAAAGCGGTG,0,3936410
xdhAp1,0.1,9,9,GGGCCAGGGGCGCTTGTCAG,0,3951862
xdhAp1,0.1,9,9,GGGCAAATTCGAAGCGGGCA,0,3957466
xdhAp1,0.1,9,9,GGCTATAGATCTTCTTCAAT,0,3947696
xdhAp1,0.1,9,9,GGCTAGTGACCAAGAATCGC,0,3958624
xdhAp1,0.1,9,9,GGCGGGCATCTCATGCCGAT,0,3930358
xdhAp1,0.1,9,9,GGCGGCGAGGCCAAGAAGGG,0,3956142
xdhAp1,0.1,9,9,GGCGACAGCAATGGAGAAAG,0,3934898
xdhAp1,0.1,9,9,GGCCTGGGTCGTTCAGAATC,0,3944221
xdhAp1,0.1,9,9,GGCCGTGAGTAAGTCTTAGG,0,3976246
xdhAp1,0.1,9,9,GGCAGATCGACTTACGTGTT,0,3953956
xdhAp1,0.1,9,9,GGCAACTATTTGGCCTTAGC,0,3931280
xdhAp1,0.1,9,9,GGCAAATTGGCATCATAAAT,0,3967218
xdhAp1,0.1,9,9,GGATGGTTTTTGAGACCATA,0,3952999
xdhAp1,0.1,9,9,GGATCTAGCCAATTCCAGTT,0,3978955
xdhAp1,0.1,9,9,GGATCACGTAGACCTTGGGT,0,3939388
xdhAp1,0.1,9,9,GGAGTGTGCCTGTAATATTG,0,3962557
xdhAp1,0.1,9,9,GGAGCGGTACCGCGCTCTAA,0,3964600
xdhAp1,0.1,9,9,GGAGCGGGGACTTCCCTTAC,0,3947484
xdhAp1,0.1,9,9,GGACTTTAGACCTGACTAAC,0,3970679
xdhAp1,0.1,9,9,GCTTCACTACGGCAGGCGGA,0,3955370
xdhAp1,0.1,9,9,GCTTATCGGAATGCTGGCTG,0,3947538
xdhAp1,0.1,9,9,GCTCGTGCAAATGCCCCAAG,0,3954894
xdhAp1,0.1,9,9,GCTCGTCTACCATACCGTGG,0,3941743
xdhAp1,0.1,9,9,GCTCGATGATAATTCACGAA,0,3959432
xdhAp1,0.1,9,9,GCTATATGGTTTTCAATATA,0,3952662
xdhAp1,0.1,9,9,GCTACCGGGGTATCGCACAC,0,3978502
xdhAp1,0.1,9,9,GCGTCGTATCGCGCTGTTTT,0,3929177
xdhAp1,0.1,9,9,GCGTCATCACATGGAAGACG,0,3943638
xdhAp1,0.1,9,9,GCGGTCTCTGTGGGTCCTGT,0,3939922
xdhAp1,0.1,9,9,GCGGTACAATGCACATTCAT,0,3946630
xdhAp1,0.1,9,9,GCGGGTCTGCTGTCCCATAA,0,3941510
xdhAp1,0.1,9,9,GCGGGGATTTTCAAATTCAC,0,3956515
xdhAp1,0.1,9,9,GCGGCCAGGTGCCTCCACTC,0,3949931
xdhAp1,0.1,9,9,GCGCATTAAGTCCGAACCAG,0,3965686
xdhAp1,0.1,9,9,GCGCATGAGGCTATGGCCAT,0,3979803
xdhAp1,0.1,9,9,GCGACGAGATGACTCAGAAA,0,3973525
xdhAp1,0.1,9,9,GCCGCACGTCCAAGCGCACT,0,3939407
xdhAp1,0.1,9,9,GCCATTACTGGAGGCCAGGG,0,3974927
xdhAp1,0.1,9,9,GCCAGCACTTAATGACATCA,0,3957963
xdhAp1,0.1,9,9,GCCACATCAACAGTAGACTC,0,3959739
xdhAp1,0.1,9,9,GCCAACCAGTGATCACTACG,0,3953250
xdhAp1,0.1,9,9,GCAGGCCACAGAGCGCTCCC,0,3938668
xdhAp1,0.1,9,9,GCAGCACTGAGGCTCCAATG,0,3944457
xdhAp1,0.1,9,9,GCAGAGGTAATATGCATAAC,0,3977595
xdhAp1,0.1,9,9,GCACTACCCGTCTCACATAA,0,3948868
xdhAp1,0.1,9,9,GCACGGGACGGCCCCGGGTA,0,3971570
xdhAp1,0.1,9,9,GATGTATCATCTATATGAAT,0,3968337
xdhAp1,0.1,9,9,GATCTTTTACAATTCATTAT,0,3975960
xdhAp1,0.1,9,9,GATCTTGGGTACGGACGAAG,0,3933753
xdhAp1,0.1,9,9,GATCTCCGTGCCTAAGATCA,0,3938390
xdhAp1,0.1,9,9,GATATTGTGAAGTGCTACTC,0,3969230
xdhAp1,0.1,9,9,GATAATGTAGACACTGGGTC,0,3939819
xdhAp1,0.1,9,9,GAGTTGGAAAGGACGTCACC,0,3933882
xdhAp1,0.1,9,9,GAGTGCCCGAGGCTTAACTA,0,3936799
xdhAp1,0.1,9,9,GAGCCGTGTAAGAGGTAGAG,0,3930674
xdhAp1,0.1,9,9,GAGCATCTACACACAGTCGG,0,3966472
xdhAp1,0.1,9,9,GAGCACGGTTTGGCAAAACC,0,3933041
xdhAp1,0.1,9,9,GAGAAAAAAATAGAGGGTGG,0,3967979
xdhAp1,0.1,9,9,GACTAAGCTTCGAGAGACAC,0,3955839
xdhAp1,0.1,9,9,GACCCGGCGGTCAGGACCGG,0,3949604
xdhAp1,0.1,9,9,GAATATCATCATTGGATGGC,0,3974376
xdhAp1,0.1,9,9,GAATAGCGCCTGTTAAATTA,0,3967714
xdhAp1,0.1,9,9,GAAGTTAAGCCGCAACGCCG,0,3954026
xdhAp1,0.1,9,9,GAACTTATGTAATCATATGA,0,3967713
xdhAp1,0.1,9,9,GAACTGCTCCTCTCGAGCGC,0,3976186
xdhAp1,0.1,9,9,GAACACATAGGGATGCAGAA,0,3975540
xdhAp1,0.1,9,9,GAAATATATACTGGGGTTTA,0,3956488
xdhAp1,0.1,9,9,GAAAACCACTTGTTTCGAGG,0,3941006
xdhAp1,0.1,9,9,CTTTCTCGACCCACATCAAC,0,3971863
xdhAp1,0.1,9,9,CTTGGTTGTGGCATCTGAGA,0,3938836
xdhAp1,0.1,9,9,CTTCCAGAGATAACCATCGT,0,3974995
xdhAp1,0.1,9,9,CTTAAGCATCCCATATCACG,0,3932393
xdhAp1,0.1,9,9,CTTAAATCGACGCCAAGCAA,0,3932169
xdhAp1,0.1,9,9,CTGTGGCGACGGAGTAGAGC,0,3970023
xdhAp1,0.1,9,9,CTGTACCAACGAGGGTACCT,0,3954140
xdhAp1,0.1,9,9,CTGTAAGGACGTAGGCCATA,0,3977256
xdhAp1,0.1,9,9,CTGCGAAGAAATTAGGGTCG,0,3980438
xdhAp1,0.1,9,9,CTGATGGGAAACTATGTGAT,0,3968208
xdhAp1,0.1,9,9,CTGAATGGGAACAGTAAATT,0,3968800
xdhAp1,0.1,9,9,CTCTGCGGCGGCCAGGCAAA,0,3932863
xdhAp1,0.1,9,9,CTCCTGGCTAAATCGTCAAA,0,3934511
xdhAp1,0.1,9,9,CTCCGGGATTGTTCGATACG,0,3969328
xdhAp1,0.1,9,9,CTATGGAGCCCGGATATATA,0,3960021
xdhAp1,0.1,9,9,CTATGCCTTCTAGACAGGAT,0,3932570
xdhAp1,0.1,9,9,CTATGCACTGATCGCTACTT,0,3932558
xdhAp1,0.1,9,9,CTATATCCGGTACGGCTCAA,0,3967386
xdhAp1,0.1,9,9,CTAATGCTGTAACGCGCGCA,0,3955918
xdhAp1,0.1,9,9,CGTTGCGGAATTTTAGTAGC,0,3958517
xdhAp1,0.1,9,9,CGTTCGGGGAGTGCCACTGT,0,3936242
xdhAp1,0.1,9,9,CGTGTATCCTCTCCTGATGT,0,3958501
xdhAp1,0.1,9,9,CGTGGTTAATTCATCCTTCG,0,3979142
xdhAp1,0.1,9,9,CGTGCCCCGCCGAGGGGTGC,0,3932223
xdhAp1,0.1,9,9,CGTCTCTCGGAATGCGCTAC,0,3957223
xdhAp1,0.1,9,9,CGTCCTCAAAGGCAAAAGTG,0,3960131
xdhAp1,0.1,9,9,CGTCCCCTGCTCCCCGGTTT,0,3977796
xdhAp1,0.1,9,9,CGTAATTGGCTCCAGGCTAC,0,3967156
xdhAp1,0.1,9,9,CGTAACTCTTTCCACTGCTC,0,3951386
xdhAp1,0.1,9,9,CGGTATTTAAGGACGAAGAG,0,3964351
xdhAp1,0.1,9,9,CGGTAGCGAAGCTTAGTAGA,0,3946059
xdhAp1,0.1,9,9,CGGTAGATGACACCGTGACC,0,3970575
xdhAp1,0.1,9,9,CGGGTCGCCGGCTATGAAAC,0,3963805
xdhAp1,0.1,9,9,CGGGGTACCAGCAGTGAATG,0,3954253
xdhAp1,0.1,9,9,CGGGCGGGGTTTTATCGCCT,0,3938677
xdhAp1,0.1,9,9,CGGGATTTAGACCGTGTGCT,0,3954031
xdhAp1,0.1,9,9,CGGGAGGGAAACTATTGGGA,0,3953805
xdhAp1,0.1,9,9,CGGCTGCGAACATATTGCGT,0,3936587
xdhAp1,0.1,9,9,CGGCGCTCCGTCCCAGTTAT,0,3942960
xdhAp1,0.1,9,9,CGGCCAGGCCCGCATTCGTT,0,3957351
xdhAp1,0.1,9,9,CGGCATCATCGGGCATATGT,0,3953854
xdhAp1,0.1,9,9,CGGATACACGCTCTAAGCCT,0,3969844
xdhAp1,0.1,9,9,CGGAGCTCTTCAAGCAGCTA,0,3978772
xdhAp1,0.1,9,9,CGCTCCAGACCCGCTATAGC,0,3949455
xdhAp1,0.1,9,9,CGCGTTATGGCAAGTTTCGT,0,3931923
xdhAp1,0.1,9,9,CGCCTGCCGCAGTCAACTGA,0,3973540
xdhAp1,0.1,9,9,CGCCAGTTAAGATACAGTGT,0,3952770
xdhAp1,0.1,9,9,CGCAAGTGGTAAAGTCATGT,0,3962045
xdhAp1,0.1,9,9,CGATGCAAACCCGAGCAGGT,0,3934058
xdhAp1,0.1,9,9,CGAGTGTGAATGATAGGTTG,0,3960893
xdhAp1,0.1,9,9,CGAGTATACGGGATTCCACT,0,3970028
xdhAp1,0.1,9,9,CGAGCTCTTCCAAGTTGAGA,0,3937178
xdhAp1,0.1,9,9,CGAGCTAGCGGGGACAGGCA,0,3968771
xdhAp1,0.1,9,9,CGAGCGGCTAGCAACGAGTG,0,3946853
xdhAp1,0.1,9,9,CGAGCCGTTGCTTGGAGGTA,0,3981088
xdhAp1,0.1,9,9,CGAGAATGTCATTGATGGAG,0,3944659
xdhAp1,0.1,9,9,CGACGTGGCGAGATGTCGAT,0,3965884
xdhAp1,0.1,9,9,CGACGCCGTGGTCTAATCCA,0,3973271
xdhAp1,0.1,9,9,CGACGACAAAATGTAGGATT,0,3930876
xdhAp1,0.1,9,9,CGACAGAGGACGTAATGGGA,0,3977245
xdhAp1,0.1,9,9,CGAACCTCCGATTTAGGTTA,0,3934506
xdhAp1,0.1,9,9,CGAAAGTTGTTGCACAGAAA,0,3933435
xdhAp1,0.1,9,9,CCTTTAGATGAATCTAGCGA,0,3960947
xdhAp1,0.1,9,9,CCTATTAACGTGACAGTACC,0,3972324
xdhAp1,0.1,9,9,CCTACGAAATACACGGCTAA,0,3981182
xdhAp1,0.1,9,9,CCTAACCTCATCTATTCATA,0,3930300
xdhAp1,0.1,9,9,CCGTGTACACGTGGCCATAT,0,3977010
xdhAp1,0.1,9,9,CCGGTTTTTACATTGGGCTG,0,3970819
xdhAp1,0.1,9,9,CCGGCAAGACGAAAGAGAGT,0,3950937
xdhAp1,0.1,9,9,CCGCTCGACCCTACTGGGCG,0,3973527
xdhAp1,0.1,9,9,CCGCACCATCAAGATTATTC,0,3939469
xdhAp1,0.1,9,9,CCGAAATTACGGCAAACCTG,0,3948278
xdhAp1,0.1,9,9,CCCGGCTCCATACGAATTGA,0,3944752
xdhAp1,0.1,9,9,CCCGCCGTACGTTGGGTACT,0,3929658
xdhAp1,0.1,9,9,CCCATTGAAGATGGGTTAGA,0,3968515
xdhAp1,0.1,9,9,CCCATACGTAGGACACGGAC,0,3937103
xdhAp1,0.1,9,9,CCATCGAGGAGGGGTCATGT,0,3976892
xdhAp1,0.1,9,9,CCAGTAACCCTGTCGGTGCT,0,3973414
xdhAp1,0.1,9,9,CCAGGTGGTACCCCGACATA,0,3949856
xdhAp1,0.1,9,9,CCAGGGAGAGGCCTTCAATC,0,3981319
xdhAp1,0.1,9,9,CCAATGGCGAACTGGTGTGT,0,3955823
xdhAp1,0.1,9,9,CCAATCCCACTATAAGGGTA,0,3930080
xdhAp1,0.1,9,9,CCAAACTGGCTAAAAACACA,0,3965938
xdhAp1,0.1,9,9,CATCGTAACCAGTTGGGCAG,0,3948999
xdhAp1,0.1,9,9,CATCAGCTACCGCCGAATCT,0,3966211
xdhAp1,0.1,9,9,CATCACGTTTCATCCAATCA,0,3967353
xdhAp1,0.1,9,9,CATACGTCTCCGAACATCTG,0,3930617
xdhAp1,0.1,9,9,CAGTTTAGAGTTCATAGAAT,0,3962576
xdhAp1,0.1,9,9,CAGGTCCAAGTCACGAAAGA,0,3934645
xdhAp1,0.1,9,9,CAGGTAGCATTCCGACTGTG,0,3933316
xdhAp1,0.1,9,9,CAGGCGATGCACCGATGAAG,0,3972646
xdhAp1,0.1,9,9,CAGCGCCGCCAAGAAGCTTT,0,3943121
xdhAp1,0.1,9,9,CACGCACGTCGATCTACCAT,0,3944974
xdhAp1,0.1,9,9,CACCGCATGACCAGCTATAG,0,3972948
xdhAp1,0.1,9,9,CACCACCATCACCTGCGGGG,0,3943798
xdhAp1,0.1,9,9,CACAGGAGTAGTAACCGACG,0,3946699
xdhAp1,0.1,9,9,CAAGCTAAATTCGACCTTTG,0,3933638
xdhAp1,0.1,9,9,CAACGGGACGCTTTGACCGT,0,3953632
xdhAp1,0.1,9,9,CAACGATCTTAATGAAATAC,0,3971810
xdhAp1,0.1,9,9,CAACACCTAGTGGGGTATGC,0,3946112
xdhAp1,0.1,9,9,CAACAAGGCATCCCTATACT,0,3953519
xdhAp1,0.1,9,9,CAAATGCTAGCGCGCCCCGG,0,3966827
xdhAp1,0.1,9,9,ATTTGCGTCAACTAAATCAA,0,3933406
xdhAp1,0.1,9,9,ATTCTTTTGTCATCGCTTAG,0,3938222
xdhAp1,0.1,9,9,ATTCTAGCATTTCGGGCCGG,0,3965526
xdhAp1,0.1,9,9,ATTCCGGCTATGTCCAGGTA,0,3969229
xdhAp1,0.1,9,9,ATGTTTGCTTGCCGCGTCGG,0,3930711
xdhAp1,0.1,9,9,ATGTTGACCGAGGTCGATGG,0,3955133
xdhAp1,0.1,9,9,ATGTCTCGGTAAGGTAGATC,0,3945177
xdhAp1,0.1,9,9,ATGTCCTAGTACTCGATTTT,0,3945794
xdhAp1,0.1,9,9,ATGTCCGGTTTACCAGCCTT,0,3937108
xdhAp1,0.1,9,9,ATGCCTCGATAGCTGAGGAA,0,3960896
xdhAp1,0.1,9,9,ATGCATCAGGTACGTTTCCG,0,3964126
xdhAp1,0.1,9,9,ATGAGTCTCACGCCTCGTTC,0,3943378
xdhAp1,0.1,9,9,ATGAGGTTTGTTGTCCTTTG,0,3934080
xdhAp1,0.1,9,9,ATGAGATGGGATCATGACCA,0,3977127
xdhAp1,0.1,9,9,ATCTTCGTGGTGGGACCCTA,0,3976790
xdhAp1,0.1,9,9,ATCTTATACACTGTGAGCTA,0,3941536
xdhAp1,0.1,9,9,ATCTGTAGTCTCAACATGTT,0,3958559
xdhAp1,0.1,9,9,ATCTCCGCAGTAATCGTAAT,0,3949878
xdhAp1,0.1,9,9,ATCGGAACGTTACGAGGGAA,0,3951025
xdhAp1,0.1,9,9,ATCGCGCACTTGTTCGGACT,0,3966393
xdhAp1,0.1,9,9,ATCGAGGTCCAGCCGCGGTC,0,3970044
xdhAp1,0.1,9,9,ATCCACGCAAGGACCCTCCC,0,3980233
xdhAp1,0.1,9,9,ATCATGTGGATCGTTTCCAA,0,3942394
xdhAp1,0.1,9,9,ATCAGTGGTGCAGTTTTTTT,0,3937402
xdhAp1,0.1,9,9,ATCAGGCTCGGACAATTCTT,0,3952624
xdhAp1,0.1,9,9,ATATTCACGAAGAGTCAAAA,0,3949530
xdhAp1,0.1,9,9,ATATGGCGTGCTACGGATCC,0,3944733
xdhAp1,0.1,9,9,ATACCAAAAGTCAGTGCAAA,0,3931696
xdhAp1,0.1,9,9,ATAAGTGAAATTTCTTTCCT,0,3932975
xdhAp1,0.1,9,9,AGTTTACATTATCTCCTGCC,0,3934512
xdhAp1,0.1,9,9,AGTTGGATGGGTTAAGTCCG,0,3935343
xdhAp1,0.1,9,9,AGTTACGGAACCCTTATGAT,0,3930604
xdhAp1,0.1,9,9,AGTCTCAGTATGTACGCCCT,0,3946481
xdhAp1,0.1,9,9,AGTCATTACATCACTTAAAC,0,3959519
xdhAp1,0.1,9,9,AGTCATATACGATGAAGATG,0,3958603
xdhAp1,0.1,9,9,AGTCAGTTGTTCCTATACAT,0,3949007
xdhAp1,0.1,9,9,AGTCAAGAGTGAATGGATTT,0,3943958
xdhAp1,0.1,9,9,AGTATCTTACAGCTGGCGGG,0,3975374
xdhAp1,0.1,9,9,AGGTAGCGCCCAATCGTACT,0,3943262
xdhAp1,0.1,9,9,AGGGTTGATGGAATAGTCCT,0,3959462
xdhAp1,0.1,9,9,AGGGGGCACTACGTACTAAT,0,3965555
xdhAp1,0.1,9,9,AGGCGGCCCCGCAGTCCCTG,0,3966301
xdhAp1,0.1,9,9,AGGCAGGGTGAACCCTCCGT,0,3950446
xdhAp1,0.1,9,9,AGGAGCCGTAATGGTACGGA,0,3980596
xdhAp1,0.1,9,9,AGCTTGACGGGCTCGGTAAG,0,3944339
xdhAp1,0.1,9,9,AGCGTAAATCCGCTCCCTGA,0,3954843
xdhAp1,0.1,9,9,AGCGGAAGGCTGCATCAGAT,0,3958732
xdhAp1,0.1,9,9,AGCCTTCCCACAGATAAATA,0,3935551
xdhAp1,0.1,9,9,AGCCTAAGACATTAACTAGA,0,3937754
xdhAp1,0.1,9,9,AGCATAAAGGCTATCATCCT,0,3961935
xdhAp1,0.1,9,9,AGCAAGCCTAGGAATGCTAG,0,3946710
xdhAp1,0.1,9,9,AGCAACCATAAACAGGCGAT,0,3943083
xdhAp1,0.1,9,9,AGATATTGGTCTAGATCGTT,0,3937567
xdhAp1,0.1,9,9,AGAGCCTGTGCGGGTTTATG,0,3943467
xdhAp1,0.1,9,9,AGACAAATGACATGCGATGT,0,3979015
xdhAp1,0.1,9,9,ACTTCACGAATGTTCGTACT,0,3942265
xdhAp1,0.1,9,9,ACTGCAGGATGCGCACAGGA,0,3933509
xdhAp1,0.1,9,9,ACTGAGATTTTGTTCTGAAC,0,3944135
xdhAp1,0.1,9,9,ACGTCAGTCGGTATAACGCA,0,3972390
xdhAp1,0.1,9,9,ACGGCGTCCTTTGGAGTGCG,0,3970280
xdhAp1,0.1,9,9,ACGGCATGTACGAAATCGCT,0,3941012
xdhAp1,0.1,9,9,ACGGACGGCGGTACTGCGAA,0,3932834
xdhAp1,0.1,9,9,ACGCGTTTAGCACTGCATGT,0,3940687
xdhAp1,0.1,9,9,ACGATTATTCACGCGCCTAA,0,3972027
xdhAp1,0.1,9,9,ACGAGTATCGAGAGACCGCT,0,3955181
xdhAp1,0.1,9,9,ACGACGTCGGACGTGCGAGC,0,3976478
xdhAp1,0.1,9,9,ACGAATGCACATGGTGCATG,0,3949225
xdhAp1,0.1,9,9,ACCTGCGATTTCGGGCCGCC,0,3963788
xdhAp1,0.1,9,9,ACCGGCTTCTCTTCGTAGGG,0,3934592
xdhAp1,0.1,9,9,ACCCATGACGCTGCGACAGA,0,3944217
xdhAp1,0.1,9,9,ACCATGGACGCCACGTGGAT,0,3940913
xdhAp1,0.1,9,9,ACCAGCCTGAAACCAGTGTT,0,3950128
xdhAp1,0.1,9,9,ACATCGGCTACCCTCGTAAT,0,3976421
xdhAp1,0.1,9,9,ACAGGCTGTATTACCGCATC,0,3931643
xdhAp1,0.1,9,9,ACAGCTGAAGTACATGGCCA,0,3952204
xdhAp1,0.1,9,9,ACACCCTAAGTACGAGCGGC,0,3964195
xdhAp1,0.1,9,9,ACACAGATGACGCACCCAAC,0,3976279
xdhAp1,0.1,9,9,ACACAATTGTTAGAAATTTT,0,3939637
xdhAp1,0.1,9,9,ACAAGCACGGGGGAAACCAC,0,3969107
xdhAp1,0.1,9,9,AATTACGGGTCCATCTTTCA,0,3949662
xdhAp1,0.1,9,9,AATGGTACCGTGTGTAACTA,0,3969976
xdhAp1,0.1,9,9,AATGGATGCTTCCGGGAACC,0,3972459
xdhAp1,0.1,9,9,AATCGACTCCAGGAGCCGCG,0,3947018
xdhAp1,0.1,9,9,AATACCCTCAGTACAGATCT,0,3950978
xdhAp1,0.1,9,9,AAGGGAGCTGCCGTTGTATG,0,3953965
xdhAp1,0.1,9,9,AAGGATCGATAAGTGGCTCG,0,3929149
xdhAp1,0.1,9,9,AAGATGTGGGCATCCTTAAC,0,3950536
xdhAp1,0.1,9,9,AACTTTTCGAGAGGCGGGGA,0,3935462
xdhAp1,0.1,9,9,AACTGTGGGCATGCGACCCT,0,3969016
xdhAp1,0.1,9,9,AACCGCATGTTACCCAGAAC,0,3943762
xdhAp1,0.1,9,9,AACAGTCCTAACATGAGCCA,0,3950060
xdhAp1,0.1,9,9,AACAGAGAATCGGCAGAAGG,0,3972285
xdhAp1,0.1,9,9,AACACATTTCCGCCATTAAT,0,3964539
xdhAp1,0.1,9,9,AACAACGTAAATGCGGCCCA,0,3948022
xdhAp1,0.1,9,9,AAATGGAACTAGGCTAATGA,0,3947264
xdhAp1,0.1,9,9,AAATGAATGATAAACTCTCA,0,3943724
xdhAp1,0.1,9,9,AAAGTGCTCCGCTGTGCGAC,0,3978414
xdhAp1,0.1,9,9,AAAGCAAATCGCCGCACCCC,0,3965414
xdhAp1,0.1,9,9,AAACCGTCGGTATGGAGGCA,0,3968441
xdhAp1,0.1,9,9,AAACCATGCCAAGTGCCAAG,0,3935856
xdhAp1,0.1,9,9,AAAAGCTGACACTACTGGTT,0,3970933
xdhAp1,0.1,9,9,AAAACAATGGCTTCGCGATT,0,3930929
xdhAp1,0.1111111111111111,8,8,TTTTGAAGATCGAAATTTAA,0,3980013
xdhAp1,0.1111111111111111,8,8,TTTTCTTCAGTGGCCGGGGC,0,3946506
xdhAp1,0.1111111111111111,8,8,TTTTATGCTCAAACCTACCG,0,3929075
xdhAp1,0.1111111111111111,8,8,TTTGCCTCGGGGGTGAGAAT,0,3971112
xdhAp1,0.1111111111111111,8,8,TTTCTTTGGCTGGGCCGACT,0,3949454
xdhAp1,0.1111111111111111,8,8,TTTCAGCCCAAAAAGACAAA,0,3974032
xdhAp1,0.1111111111111111,8,8,TTTAGACCAATATGAGGTGG,0,3970788
xdhAp1,0.1111111111111111,8,8,TTTAAAACGCTTCTCAAGTC,0,3972286
xdhAp1,0.1111111111111111,8,8,TTGTGTGGCAAAATCGCTGC,0,3935871
xdhAp1,0.1111111111111111,8,8,TTGTGCAAAAGGAGGCGTCA,0,3947141
xdhAp1,0.1111111111111111,8,8,TTGTCTATTCAATCAGACGC,0,3961992
xdhAp1,0.1111111111111111,8,8,TTGGTTCCCATAGTGCTCAT,0,3946217
xdhAp1,0.1111111111111111,8,8,TTGGCCGACAGGGCTCAGAG,0,3966342
xdhAp1,0.1111111111111111,8,8,TTGAATACGGGGATCTAAGT,0,3961140
xdhAp1,0.1111111111111111,8,8,TTGAACTATGCTCGGCGTAC,0,3951490
xdhAp1,0.1111111111111111,8,8,TTCTTGTATCAGGGCGGTGA,0,3931489
xdhAp1,0.1111111111111111,8,8,TTCTGTAATCGTTGAACGAT,0,3946579
xdhAp1,0.1111111111111111,8,8,TTCTGGCGATCTGGGGCGTG,0,3940987
xdhAp1,0.1111111111111111,8,8,TTCTAATCAGGGGATTGTCA,0,3958418
xdhAp1,0.1111111111111111,8,8,TTCGCTAGTAAGCATTTAGC,0,3960909
xdhAp1,0.1111111111111111,8,8,TTCCAGCCTTCCTTAAGCTA,0,3975900
xdhAp1,0.1111111111111111,8,8,TTCAAGCGGCAAATTGGGGC,0,3979563
xdhAp1,0.1111111111111111,8,8,TTCAAGAACGGTGATGGAAT,0,3967860
xdhAp1,0.1111111111111111,8,8,TTATCTCATACAGATGATGG,0,3974506
xdhAp1,0.1111111111111111,8,8,TTAGTTTTACCACCGCATGG,0,3954250
xdhAp1,0.1111111111111111,8,8,TTACGGCCGTCCACGTTCAC,0,3943261
xdhAp1,0.1111111111111111,8,8,TTACATGTAGCATAGGAGGC,0,3932802
xdhAp1,0.1111111111111111,8,8,TTAAGAAATATCGAAGTTCC,0,3973331
xdhAp1,0.1111111111111111,8,8,TTAACCGTGCCGGAAATACG,0,3969820
xdhAp1,0.1111111111111111,8,8,TTAAATTCTTGAAGCCTAGT,0,3944793
xdhAp1,0.1111111111111111,8,8,TGTTGTCTTGGACGGGTTGA,0,3935937
xdhAp1,0.1111111111111111,8,8,TGTTGGGCGGGATCTGAGGG,0,3975419
xdhAp1,0.1111111111111111,8,8,TGTTGCGGCTACTTACTCTA,0,3936581
xdhAp1,0.1111111111111111,8,8,TGTCTGCTTTTCAGCGCCAC,0,3944962
xdhAp1,0.1111111111111111,8,8,TGTCGTCCTGATGAATGACT,0,3980891
xdhAp1,0.1111111111111111,8,8,TGTAGGGCCGGCTTCACGTG,0,3980415
xdhAp1,0.1111111111111111,8,8,TGTAACATACGTAAAAAGAG,0,3966470
xdhAp1,0.1111111111111111,8,8,TGGGCTTAGCGCGGTCGATT,0,3978231
xdhAp1,0.1111111111111111,8,8,TGGCCCGGGACTACAATATT,0,3937339
xdhAp1,0.1111111111111111,8,8,TGGATTATCTGTCTGTTGAT,0,3940184
xdhAp1,0.1111111111111111,8,8,TGGATGGTATGACTCTTGGC,0,3945569
xdhAp1,0.1111111111111111,8,8,TGGACGTACCTTGGTCTAAC,0,3961023
xdhAp1,0.1111111111111111,8,8,TGCTGCACTTCAACCGTCGT,0,3939174
xdhAp1,0.1111111111111111,8,8,TGCTAGCTAAGTCATCCGAC,0,3972715
xdhAp1,0.1111111111111111,8,8,TGCGTATCTCTTCCTTGGCT,0,3970336
xdhAp1,0.1111111111111111,8,8,TGCGGTTACTGGCCCATCAG,0,3958196
xdhAp1,0.1111111111111111,8,8,TGCGGGCGCCAAACCCCAGA,0,3948517
xdhAp1,0.1111111111111111,8,8,TGCCGATAAAGCCCTCTCTC,0,3946240
xdhAp1,0.1111111111111111,8,8,TGCCGACGATTGAATCGTGA,0,3928957
xdhAp1,0.1111111111111111,8,8,TGCCCTCTTCTTTTGATATA,0,3945184
xdhAp1,0.1111111111111111,8,8,TGCCAGAGCGAACATTAAGG,0,3946706
xdhAp1,0.1111111111111111,8,8,TGCCACACCCGGACGGCTTC,0,3930756
xdhAp1,0.1111111111111111,8,8,TGATTTACGCCGACTAACGA,0,3939672
xdhAp1,0.1111111111111111,8,8,TGATGGTCCCGTGACTTTGT,0,3946682
xdhAp1,0.1111111111111111,8,8,TGATGGGAGGTCTAAGTCCA,0,3951961
xdhAp1,0.1111111111111111,8,8,TGAGTTTAAAAATTGTTGTC,0,3937217
xdhAp1,0.1111111111111111,8,8,TGACTCCTTCCTGGCGCTGT,0,3961347
xdhAp1,0.1111111111111111,8,8,TGACCATAGGCAGGGTGTCG,0,3941951
xdhAp1,0.1111111111111111,8,8,TGAAGTACCTTAGGGTTGAT,0,3971909
xdhAp1,0.1111111111111111,8,8,TGAACTCCGAGCCAAGCGAC,0,3943448
xdhAp1,0.1111111111111111,8,8,TGAACCCCGAGTGCCCGTCA,0,3950118
xdhAp1,0.1111111111111111,8,8,TGAACCATGTTTTAATACTT,0,3969611
xdhAp1,0.1111111111111111,8,8,TCTTAAATTTTACCCCATTG,0,3964383
xdhAp1,0.1111111111111111,8,8,TCTCTGACTCACTCACTATC,0,3929567
xdhAp1,0.1111111111111111,8,8,TCTCATTAAAAGAAGAGCTG,0,3951691
xdhAp1,0.1111111111111111,8,8,TCTATGCCAGTGGTCTGGAT,0,3933827
xdhAp1,0.1111111111111111,8,8,TCGGCGTGTCTCATGCCTCG,0,3937621
xdhAp1,0.1111111111111111,8,8,TCGGCCGCGTACTATCAGAG,0,3956585
xdhAp1,0.1111111111111111,8,8,TCGGAAGCGCGATAGTGTGT,0,3950950
xdhAp1,0.1111111111111111,8,8,TCGCCGATGTTGTCATATTT,0,3929307
xdhAp1,0.1111111111111111,8,8,TCGCCATGGGACAGAAGTAT,0,3938806
xdhAp1,0.1111111111111111,8,8,TCGCATTCGGGATAGTTATA,0,3957370
xdhAp1,0.1111111111111111,8,8,TCGATTCTCGCCCCCACATT,0,3945840
xdhAp1,0.1111111111111111,8,8,TCGACCCGGAGAATTCCCGC,0,3976053
xdhAp1,0.1111111111111111,8,8,TCCGTCCTTCTCAACCGATT,0,3971650
xdhAp1,0.1111111111111111,8,8,TCCGGGGGGATCTATCAAAT,0,3933917
xdhAp1,0.1111111111111111,8,8,TCCGCTGACTTCGACAACAC,0,3935537
xdhAp1,0.1111111111111111,8,8,TCCGATGGCTCACGTCTTTA,0,3971589
xdhAp1,0.1111111111111111,8,8,TCCCATAGGACTGCAAATCC,0,3958782
xdhAp1,0.1111111111111111,8,8,TCCAGGCTTATCCGGCTTTA,0,3937183
xdhAp1,0.1111111111111111,8,8,TCATGCGCGGTACGCTTTCA,0,3981302
xdhAp1,0.1111111111111111,8,8,TCATCGGAGTAGAACTGACC,0,3936086
xdhAp1,0.1111111111111111,8,8,TCAGTTACCAACGCGGAGTT,0,3980292
xdhAp1,0.1111111111111111,8,8,TCAGCGGATCTGGCCTAGCT,0,3939139
xdhAp1,0.1111111111111111,8,8,TCAGAACATGCCCCATGATT,0,3949065
xdhAp1,0.1111111111111111,8,8,TATGATTATCCCTGATGCTG,0,3968325
xdhAp1,0.1111111111111111,8,8,TATCCTGCCACCGTCTCGAC,0,3970909
xdhAp1,0.1111111111111111,8,8,TATCCCACTGATCTTCTTGA,0,3981325
xdhAp1,0.1111111111111111,8,8,TATATATGACGGAGAGGAGG,0,3974167
xdhAp1,0.1111111111111111,8,8,TATAAGCTCAAGAGTTGTCC,0,3944355
xdhAp1,0.1111111111111111,8,8,TAGGTTCGTCGAGTATTGAT,0,3964206
xdhAp1,0.1111111111111111,8,8,TAGGGTTAGACGATTTTCCA,0,3967058
xdhAp1,0.1111111111111111,8,8,TAGGGTATCCAGAGTCGATA,0,3953717
xdhAp1,0.1111111111111111,8,8,TAGGCAACCCCAGAGTAGAA,0,3954418
xdhAp1,0.1111111111111111,8,8,TAGGATGGGGCGGTCCAACA,0,3949475
xdhAp1,0.1111111111111111,8,8,TAGGAGCTTATACCGGGACA,0,3958156
xdhAp1,0.1111111111111111,8,8,TAGCTTGCTCACGGATCAGA,0,3953825
xdhAp1,0.1111111111111111,8,8,TAGCTCACGATGTTCGGTAG,0,3950353
xdhAp1,0.1111111111111111,8,8,TAGCCTTAAGCCCCCACTAT,0,3972188
xdhAp1,0.1111111111111111,8,8,TAGCAATGCACCTGGCTCTT,0,3978463
xdhAp1,0.1111111111111111,8,8,TACTTCAGGTTACCATAAAT,0,3948888
xdhAp1,0.1111111111111111,8,8,TACTCGTCGTCCAGATTGGC,0,3954526
xdhAp1,0.1111111111111111,8,8,TACGTAGCGTAGATTGTCTC,0,3966880
xdhAp1,0.1111111111111111,8,8,TACCTGTGGGATCGTTCAAG,0,3973399
xdhAp1,0.1111111111111111,8,8,TAATTTCTATATATTGCAGT,0,3981156
xdhAp1,0.1111111111111111,8,8,TAATGCTAGCCTCCGTGTAT,0,3965164
xdhAp1,0.1111111111111111,8,8,TAATCTGGAGGCGGGGCCGA,0,3932565
xdhAp1,0.1111111111111111,8,8,TAATCACTATCGCGGGAGGG,0,3953047
xdhAp1,0.1111111111111111,8,8,TAAGGGAGACAGAACGGTGC,0,3955369
xdhAp1,0.1111111111111111,8,8,TAAGGAGTAGGCTAAGCGGG,0,3950412
xdhAp1,0.1111111111111111,8,8,TAACTCTACAATTCGATTAT,0,3948450
xdhAp1,0.1111111111111111,8,8,TAACAAGGGTTATAGGTTCA,0,3964825
xdhAp1,0.1111111111111111,8,8,TAACAAAACGGGGTCTCGGC,0,3954251
xdhAp1,0.1111111111111111,8,8,TAAATAGGGACAATAACCAT,0,3956465
xdhAp1,0.1111111111111111,8,8,GTTTATCCAATTGGTGCGAA,0,3939822
xdhAp1,0.1111111111111111,8,8,GTTGTGGGGTGCGCCTCAAA,0,3933995
xdhAp1,0.1111111111111111,8,8,GTTGGCCCGGACAGGTACTT,0,3966961
xdhAp1,0.1111111111111111,8,8,GTTGAACGTTATGGATTAAT,0,3946413
xdhAp1,0.1111111111111111,8,8,GTTGAAACCGGTATGGAACA,0,3940883
xdhAp1,0.1111111111111111,8,8,GTTCGGGCGTTGGAGTGATC,0,3981498
xdhAp1,0.1111111111111111,8,8,GTTATGATATACTAGGGTCC,0,3957868
xdhAp1,0.1111111111111111,8,8,GTGTTTGCACCATAGATGTA,0,3943930
xdhAp1,0.1111111111111111,8,8,GTGTACGTTCAGCCCGAGTA,0,3968846
xdhAp1,0.1111111111111111,8,8,GTGGTTATGTTGAAAAGGTA,0,3936918
xdhAp1,0.1111111111111111,8,8,GTGGGGTCCATGCTTAATGC,0,3942401
xdhAp1,0.1111111111111111,8,8,GTGGATGCCGGAGGATGGGA,0,3962304
xdhAp1,0.1111111111111111,8,8,GTGACCGGGGGCCAAGCCCT,0,3978943
xdhAp1,0.1111111111111111,8,8,GTCTTCGATGGACAGTGTGG,0,3957611
xdhAp1,0.1111111111111111,8,8,GTCTGGTCTGACTCGCACGT,0,3954110
xdhAp1,0.1111111111111111,8,8,GTCTACGTTACCATACGAGC,0,3967591
xdhAp1,0.1111111111111111,8,8,GTCCCCTTCAATCTTCGCTA,0,3957349
xdhAp1,0.1111111111111111,8,8,GTCCATGAAAAACAAACAGA,0,3959492
xdhAp1,0.1111111111111111,8,8,GTCCAAACTCAGCGCATGCC,0,3944461
xdhAp1,0.1111111111111111,8,8,GTATTAGTAGCAATCGAAGT,0,3945573
xdhAp1,0.1111111111111111,8,8,GTAGTGTTAAGCCCCCGTCT,0,3942086
xdhAp1,0.1111111111111111,8,8,GTAGTGCTTCAGAATTAGTA,0,3978662
xdhAp1,0.1111111111111111,8,8,GTAGGCGGAGCTGAGAAGCT,0,3942281
xdhAp1,0.1111111111111111,8,8,GTAGGCCAGAAACCGCCATG,0,3936947
xdhAp1,0.1111111111111111,8,8,GTACATCACTTATGGAAACT,0,3953329
xdhAp1,0.1111111111111111,8,8,GTACAGAGCACAAGGCCCGC,0,3948490
xdhAp1,0.1111111111111111,8,8,GTAATTTACCCCACATGAGT,0,3972753
xdhAp1,0.1111111111111111,8,8,GTAAGTGGCAAAAGCCGACA,0,3964531
xdhAp1,0.1111111111111111,8,8,GTAAGGGCTTTTTGCAGCCG,0,3975582
xdhAp1,0.1111111111111111,8,8,GTAAATAATGACTTTATCGT,0,3945645
xdhAp1,0.1111111111111111,8,8,GGTTTTGTGAAAATAACACG,0,3945966
xdhAp1,0.1111111111111111,8,8,GGTTCGGAGTCATTGGGCTT,0,3954547
xdhAp1,0.1111111111111111,8,8,GGTTAACTGCTGTTGGCAGG,0,3969210
xdhAp1,0.1111111111111111,8,8,GGTGCAAGGACTGCGCGAGT,0,3952017
xdhAp1,0.1111111111111111,8,8,GGTGAGGTAGCACCTCACGA,0,3939185
xdhAp1,0.1111111111111111,8,8,GGTCGGTGTCACCATCTTGG,0,3977805
xdhAp1,0.1111111111111111,8,8,GGGTCCGGTGACTACTATCT,0,3964274
xdhAp1,0.1111111111111111,8,8,GGGTAGAGCAAAAGGAGTAG,0,3947030
xdhAp1,0.1111111111111111,8,8,GGGCACATCAGGGAGCTCTC,0,3948542
xdhAp1,0.1111111111111111,8,8,GGGATGTACACCGTATCTGG,0,3943634
xdhAp1,0.1111111111111111,8,8,GGGATCTAATAGGGTGTGAA,0,3971189
xdhAp1,0.1111111111111111,8,8,GGGAGCATATGCTCCCGCCC,0,3966518
xdhAp1,0.1111111111111111,8,8,GGGACTCGTCCTGCTTGTCA,0,3965741
xdhAp1,0.1111111111111111,8,8,GGGACCCGGGGGTAGGTTTC,0,3954767
xdhAp1,0.1111111111111111,8,8,GGCTATCACCCTTGCCGACC,0,3969743
xdhAp1,0.1111111111111111,8,8,GGCGGCAACTATATCGGCTT,0,3951756
xdhAp1,0.1111111111111111,8,8,GGCATCAGTGGAAACCAGCC,0,3937768
xdhAp1,0.1111111111111111,8,8,GGCACCTTTTTAGGAAATAC,0,3964199
xdhAp1,0.1111111111111111,8,8,GGCAAACGCCGCTTAGAACT,0,3935069
xdhAp1,0.1111111111111111,8,8,GGATTGACTTAAACCCCAAT,0,3970268
xdhAp1,0.1111111111111111,8,8,GGATGGGTTTCCCAATTAAC,0,3933706
xdhAp1,0.1111111111111111,8,8,GGATAGGTTGGTTAATCTGT,0,3950242
xdhAp1,0.1111111111111111,8,8,GGAGTCTCCTTGCGTCTCAA,0,3965734
xdhAp1,0.1111111111111111,8,8,GGAGTATTGAATGGGTCCAT,0,3944691
xdhAp1,0.1111111111111111,8,8,GGAGGCCCCCCTTTTTGACC,0,3970874
xdhAp1,0.1111111111111111,8,8,GGAGCATCGACACAGTGTGC,0,3929595
xdhAp1,0.1111111111111111,8,8,GGACGTTCGCTTTAGTGTGG,0,3954969
xdhAp1,0.1111111111111111,8,8,GGACGTGCACATTGCATCAA,0,3981452
xdhAp1,0.1111111111111111,8,8,GGAAAAGCGTTATACATATT,0,3976176
xdhAp1,0.1111111111111111,8,8,GCTTTAACATGGTCAACCTT,0,3955857
xdhAp1,0.1111111111111111,8,8,GCTTCTGATTTGGGGCAAAA,0,3978085
xdhAp1,0.1111111111111111,8,8,GCTGTATTGCAGGCCAGTCT,0,3941585
xdhAp1,0.1111111111111111,8,8,GCTGCATTTCCTGGTTAAGT,0,3962502
xdhAp1,0.1111111111111111,8,8,GCTGAGGACAACACAACTGA,0,3971016
xdhAp1,0.1111111111111111,8,8,GCTCGTATGAACCCACTATG,0,3954662
xdhAp1,0.1111111111111111,8,8,GCTATTCGGAAATACGCCCA,0,3966170
xdhAp1,0.1111111111111111,8,8,GCGTTCGTCAACATATTTGC,0,3931501
xdhAp1,0.1111111111111111,8,8,GCGTCTGGTCCTAAGAAAAC,0,3930675
xdhAp1,0.1111111111111111,8,8,GCGTCGAATAACAACGCTTG,0,3979650
xdhAp1,0.1111111111111111,8,8,GCGGTAGGTCTTTGTTGTGT,0,3944297
xdhAp1,0.1111111111111111,8,8,GCGGGTTAACTTAATAAGGG,0,3950868
xdhAp1,0.1111111111111111,8,8,GCGGGGTTACGTGTAACTGT,0,3968167
xdhAp1,0.1111111111111111,8,8,GCGGGGACTATGTTTACGCT,0,3937943
xdhAp1,0.1111111111111111,8,8,GCGGCGATACGGGAACTCTC,0,3954598
xdhAp1,0.1111111111111111,8,8,GCGCTATTTCTGTTCAGCCG,0,3971458
xdhAp1,0.1111111111111111,8,8,GCGCGGAAGCAAGGTTCGTC,0,3944747
xdhAp1,0.1111111111111111,8,8,GCGCCGCTGGAATTCGGGTA,0,3947935
xdhAp1,0.1111111111111111,8,8,GCGCACTTCATCGATATCGC,0,3966461
xdhAp1,0.1111111111111111,8,8,GCGAATGCACTTTGTTGCAT,0,3963289
xdhAp1,0.1111111111111111,8,8,GCCTCTTTGTCACCGAAGAG,0,3959350
xdhAp1,0.1111111111111111,8,8,GCCGGTCGCGCGCTAGAGAG,0,3948755
xdhAp1,0.1111111111111111,8,8,GCCGGCACAGAAACCTCTTC,0,3975820
xdhAp1,0.1111111111111111,8,8,GCCGCCCCATCAAGGTTCTC,0,3935200
xdhAp1,0.1111111111111111,8,8,GCCCATTACTTTCACACTCC,0,3948273
xdhAp1,0.1111111111111111,8,8,GCCCATCAAACATTAATATA,0,3937916
xdhAp1,0.1111111111111111,8,8,GCCCATATCCGTGGAACGTC,0,3946946
xdhAp1,0.1111111111111111,8,8,GCCAAACCCGGCTTATGTGT,0,3979017
xdhAp1,0.1111111111111111,8,8,GCATTCACCGGTGGTCATAC,0,3971152
xdhAp1,0.1111111111111111,8,8,GCATGGTGCCGGTCTGAAAG,0,3954017
xdhAp1,0.1111111111111111,8,8,GCATGACGTGGGCCAACTCA,0,3967867
xdhAp1,0.1111111111111111,8,8,GCATCAGTATGTATTTTATT,0,3948503
xdhAp1,0.1111111111111111,8,8,GCATAAGGGTTGACGTCACA,0,3971390
xdhAp1,0.1111111111111111,8,8,GCAGTCACCGACTCGGGGGT,0,3935724
xdhAp1,0.1111111111111111,8,8,GCAAGAATTCGAAGTCTTGT,0,3968921
xdhAp1,0.1111111111111111,8,8,GATTGTGAATCAGTGCATAA,0,3978941
xdhAp1,0.1111111111111111,8,8,GATTCGGTCTATCCTAAACC,0,3940347
xdhAp1,0.1111111111111111,8,8,GATGTTATGTGCATATCTCA,0,3963589
xdhAp1,0.1111111111111111,8,8,GATGCTTCGATGCCAAGTTG,0,3974855
xdhAp1,0.1111111111111111,8,8,GATCGTGCGTGCATAATTCT,0,3938153
xdhAp1,0.1111111111111111,8,8,GATCAGTGGGCCTGCCCCCT,0,3944423
xdhAp1,0.1111111111111111,8,8,GAGGTACCGTTGCGACTGTC,0,3952346
xdhAp1,0.1111111111111111,8,8,GAGGGCAATAACTGTCTGAT,0,3963975
xdhAp1,0.1111111111111111,8,8,GAGGCAATGCGTTGAACCAA,0,3972513
xdhAp1,0.1111111111111111,8,8,GAGGACTGGAAGCTGGTAAA,0,3939942
xdhAp1,0.1111111111111111,8,8,GAGCGCCTTACCGTTCGGCA,0,3969771
xdhAp1,0.1111111111111111,8,8,GAGCCAGTACCTAATAAACT,0,3937791
xdhAp1,0.1111111111111111,8,8,GAGATCATGTGGGCGCCTCT,0,3962521
xdhAp1,0.1111111111111111,8,8,GACTGATGAATAAGGAAAGG,0,3950803
xdhAp1,0.1111111111111111,8,8,GACGGGTAACTCAATATACG,0,3938874
xdhAp1,0.1111111111111111,8,8,GACGAAAAGTACTGCTTTGT,0,3938573
xdhAp1,0.1111111111111111,8,8,GACCTCAGGTAAACATACAG,0,3937560
xdhAp1,0.1111111111111111,8,8,GACCGCACTGGGTATTGCTT,0,3972940
xdhAp1,0.1111111111111111,8,8,GACCCTTCGTTCTGGACATA,0,3937512
xdhAp1,0.1111111111111111,8,8,GACCAAGGGAAAATTTCATG,0,3942238
xdhAp1,0.1111111111111111,8,8,GAATTTCCCCTGAGCCGTAT,0,3942378
xdhAp1,0.1111111111111111,8,8,GAATGCTCGCGCGGACAGCT,0,3939007
xdhAp1,0.1111111111111111,8,8,GAATGAGAAACATGCGAAGG,0,3959311
xdhAp1,0.1111111111111111,8,8,GAACTTCGTGGCCTATTAGC,0,3954524
xdhAp1,0.1111111111111111,8,8,GAACCCAAGGGTATCGTCTC,0,3973158
xdhAp1,0.1111111111111111,8,8,CTTGTTTTTTTTGCCATCAT,0,3953181
xdhAp1,0.1111111111111111,8,8,CTTCACGTCAAGCTGATCTT,0,3949095
xdhAp1,0.1111111111111111,8,8,CTTCACAAAAGCCATGTTCT,0,3936653
xdhAp1,0.1111111111111111,8,8,CTTAGGAGTACAGCTAGAAC,0,3935325
xdhAp1,0.1111111111111111,8,8,CTGTTCTTCTGAACGGTAGG,0,3935742
xdhAp1,0.1111111111111111,8,8,CTGTGAATGTATTCAGGAAC,0,3936596
xdhAp1,0.1111111111111111,8,8,CTGGCCTCGATTGGTAAGAC,0,3966526
xdhAp1,0.1111111111111111,8,8,CTGCTTCTTAGCGGAGGAAA,0,3956457
xdhAp1,0.1111111111111111,8,8,CTGCTTAGTCCACCAGGTCC,0,3957200
xdhAp1,0.1111111111111111,8,8,CTGCTGATGATAGCCCCTAC,0,3968294
xdhAp1,0.1111111111111111,8,8,CTGCGTGGTGAGTTTGAACA,0,3941265
xdhAp1,0.1111111111111111,8,8,CTGCAGTTAATGTGAGTTTA,0,3966772
xdhAp1,0.1111111111111111,8,8,CTCTGGGGGGAGAAGTTATG,0,3953942
xdhAp1,0.1111111111111111,8,8,CTCTGACGGAATTCGACCAT,0,3945490
xdhAp1,0.1111111111111111,8,8,CTCGCTTATTCAGGCTGATG,0,3962403
xdhAp1,0.1111111111111111,8,8,CTCGCTCGATCTCGAGGTTC,0,3966485
xdhAp1,0.1111111111111111,8,8,CTCGAGCTGGTCCCTCCCCC,0,3970733
xdhAp1,0.1111111111111111,8,8,CTCGAGCCATGAGCTCTGCG,0,3942009
xdhAp1,0.1111111111111111,8,8,CTCATCACGCCCACGCGATG,0,3979406
xdhAp1,0.1111111111111111,8,8,CTCACTCGATCCCGGGGCCC,0,3976600
xdhAp1,0.1111111111111111,8,8,CTCACCGCTGAAACTCCTCA,0,3957812
xdhAp1,0.1111111111111111,8,8,CTAGGGCGCATACAACCGCG,0,3952601
xdhAp1,0.1111111111111111,8,8,CTAAACATTGAATGCCTAAC,0,3980692
xdhAp1,0.1111111111111111,8,8,CGTGTCAAACTAGGGTATTC,0,3967632
xdhAp1,0.1111111111111111,8,8,CGTGTATCGCACGTAAAACG,0,3945453
xdhAp1,0.1111111111111111,8,8,CGTGTAATGCAAACCTGAGA,0,3962043
xdhAp1,0.1111111111111111,8,8,CGTGGTTTCTCCCCAAGGCT,0,3972627
xdhAp1,0.1111111111111111,8,8,CGTGAGTGTTCTCTTCAGCG,0,3947130
xdhAp1,0.1111111111111111,8,8,CGTATCGTGGTATTAAGAGA,0,3967109
xdhAp1,0.1111111111111111,8,8,CGGTTCCCGGGCAAGGCAAA,0,3936652
xdhAp1,0.1111111111111111,8,8,CGGTGGCCACGTGATCACGG,0,3935621
xdhAp1,0.1111111111111111,8,8,CGGTGACTTGAACGTCCGAA,0,3950440
xdhAp1,0.1111111111111111,8,8,CGGTCGGACATTACATGTGA,0,3930875
xdhAp1,0.1111111111111111,8,8,CGGGCAAGCCAACCGTCATA,0,3945254
xdhAp1,0.1111111111111111,8,8,CGGGACTGACGTAAGTCCTG,0,3964553
xdhAp1,0.1111111111111111,8,8,CGGCTTCAGGAGAATGTTCA,0,3950510
xdhAp1,0.1111111111111111,8,8,CGGCTATGAATACCGGCATT,0,3942967
xdhAp1,0.1111111111111111,8,8,CGGCGTTACCGAATCGGGCC,0,3971829
xdhAp1,0.1111111111111111,8,8,CGGATTCTTAGTATTCTTCG,0,3937227
xdhAp1,0.1111111111111111,8,8,CGGATTCCTTGATCGCCAGG,0,3932563
xdhAp1,0.1111111111111111,8,8,CGGAGTCCAGGGGCAATGGA,0,3974770
xdhAp1,0.1111111111111111,8,8,CGCTTTTGGACGTGATCAGT,0,3931719
xdhAp1,0.1111111111111111,8,8,CGCTTTCCCCGAAGAGGGCA,0,3952251
xdhAp1,0.1111111111111111,8,8,CGCTAACGGCTACATAACTT,0,3929730
xdhAp1,0.1111111111111111,8,8,CGCGTTGTCAATGTGGCGAT,0,3974941
xdhAp1,0.1111111111111111,8,8,CGCGGGGGCAAGGCACTATA,0,3967363
xdhAp1,0.1111111111111111,8,8,CGATGCTGCAATCCTGATTA,0,3932944
xdhAp1,0.1111111111111111,8,8,CGATAGAGGTGTCTTAAGGG,0,3936432
xdhAp1,0.1111111111111111,8,8,CGACTTGGCGCTGCGGTTTC,0,3969134
xdhAp1,0.1111111111111111,8,8,CGACTCGTGCGAGGACGGAC,0,3941185
xdhAp1,0.1111111111111111,8,8,CGACGCCTCTCCCGCGTTAT,0,3978337
xdhAp1,0.1111111111111111,8,8,CGAAAGGGGACAGCCTACTC,0,3929536
xdhAp1,0.1111111111111111,8,8,CCTTTCTTTGAATTCGGCCG,0,3962884
xdhAp1,0.1111111111111111,8,8,CCTTATCTCTGCGCACTCTA,0,3980888
xdhAp1,0.1111111111111111,8,8,CCTGGTTTATGGAGACACTC,0,3932178
xdhAp1,0.1111111111111111,8,8,CCTGGAAGCACGTTACTATG,0,3947638
xdhAp1,0.1111111111111111,8,8,CCTCACGCCGAGCAGTGGAT,0,3972692
xdhAp1,0.1111111111111111,8,8,CCTATAATCGAGTTAATATT,0,3957490
xdhAp1,0.1111111111111111,8,8,CCTAGTGTATATCAGCTCCA,0,3961596
xdhAp1,0.1111111111111111,8,8,CCGTTTGGGCTTCAGAACCA,0,3941304
xdhAp1,0.1111111111111111,8,8,CCGTTGGCTAGGTCTTGTTC,0,3975323
xdhAp1,0.1111111111111111,8,8,CCGGTTGGGCATCCAGGATA,0,3965104
xdhAp1,0.1111111111111111,8,8,CCGGACGGAGAATTCGGCGA,0,3937562
xdhAp1,0.1111111111111111,8,8,CCGCTTCTAGTCTTGACGGA,0,3979161
xdhAp1,0.1111111111111111,8,8,CCGCGTTACTCGTGACCTGT,0,3971392
xdhAp1,0.1111111111111111,8,8,CCCGCAAGCCATGTTTTACT,0,3930789
xdhAp1,0.1111111111111111,8,8,CCCATAGGAAGCATGCTGGC,0,3943432
xdhAp1,0.1111111111111111,8,8,CCCAGCTGTGGGGAACGGTA,0,3937064
xdhAp1,0.1111111111111111,8,8,CCCAAGTGCTCAATAAATGG,0,3976764
xdhAp1,0.1111111111111111,8,8,CCATTTCTAGGTCTGATCCT,0,3963247
xdhAp1,0.1111111111111111,8,8,CCATGCTAAGTGGGCCTGGA,0,3929657
xdhAp1,0.1111111111111111,8,8,CCATAAACCTCACCCGGCCC,0,3939547
xdhAp1,0.1111111111111111,8,8,CCACATTCTGCGCGATGCGC,0,3939622
xdhAp1,0.1111111111111111,8,8,CCAAATCAAGCTACCCGCGT,0,3980311
xdhAp1,0.1111111111111111,8,8,CCAAAATCCCTGTACTGAAC,0,3932212
xdhAp1,0.1111111111111111,8,8,CATCTAACTTACGTCAATGG,0,3949402
xdhAp1,0.1111111111111111,8,8,CATCGTTAACCCGGCTTCGA,0,3933159
xdhAp1,0.1111111111111111,8,8,CATCCAATTAAACCTCAAAC,0,3937394
xdhAp1,0.1111111111111111,8,8,CATATGGCCGACTATTACTC,0,3929640
xdhAp1,0.1111111111111111,8,8,CATATATGGCATCGTATACA,0,3981310
xdhAp1,0.1111111111111111,8,8,CATATACCACCAGATCCATT,0,3947167
xdhAp1,0.1111111111111111,8,8,CATAATTCCCACAGGCCAGG,0,3948767
xdhAp1,0.1111111111111111,8,8,CATAAAAACGCCTTGTAAGT,0,3936041
xdhAp1,0.1111111111111111,8,8,CAGTTTCACGTTGTGGGTGC,0,3941816
xdhAp1,0.1111111111111111,8,8,CAGTTAGGGCGATCTTGTCT,0,3947104
xdhAp1,0.1111111111111111,8,8,CAGTCGGCCTTTGCAGCGGC,0,3944539
xdhAp1,0.1111111111111111,8,8,CAGTAACTCCATTACACATG,0,3965036
xdhAp1,0.1111111111111111,8,8,CAGCGGCGTCCCCCAAGAAA,0,3969202
xdhAp1,0.1111111111111111,8,8,CAGCAGGGCACTATAAACCT,0,3961835
xdhAp1,0.1111111111111111,8,8,CAGCACGGCATGATATAGAT,0,3946550
xdhAp1,0.1111111111111111,8,8,CAGCACCAAGTACGATTTTG,0,3937215
xdhAp1,0.1111111111111111,8,8,CAGCAAAGGCCACGAGCATC,0,3945293
xdhAp1,0.1111111111111111,8,8,CAGAGCATTGTTAGACTCGA,0,3944997
xdhAp1,0.1111111111111111,8,8,CACTAAGTAGTAAGGGGGAT,0,3949073
xdhAp1,0.1111111111111111,8,8,CACGGTGGTGTTGTTCGATG,0,3954019
xdhAp1,0.1111111111111111,8,8,CACCGATGCTGGACGTTGCG,0,3941998
xdhAp1,0.1111111111111111,8,8,CACCGAGATCCAACCATTTA,0,3946876
xdhAp1,0.1111111111111111,8,8,CACACCACAGACCGGCCACT,0,3950804
xdhAp1,0.1111111111111111,8,8,CAATCCGTTTTAAAGGCTAA,0,3942003
xdhAp1,0.1111111111111111,8,8,CAATCCCAATTATTCCACCG,0,3959830
xdhAp1,0.1111111111111111,8,8,CAAGAAGCGATATAACTGAT,0,3956458
xdhAp1,0.1111111111111111,8,8,CAACGGTCAGGGGGCAATTG,0,3965886
xdhAp1,0.1111111111111111,8,8,CAAACGGTCCAGCCGGCAGG,0,3953433
xdhAp1,0.1111111111111111,8,8,ATTGCATACAACCGAAAAGG,0,3971580
xdhAp1,0.1111111111111111,8,8,ATTCAACGAAGGTTAATGGG,0,3935459
xdhAp1,0.1111111111111111,8,8,ATTATGAGCAATTGCTCGGT,0,3968435
xdhAp1,0.1111111111111111,8,8,ATTAGGCGAGGACGGAAATT,0,3936356
xdhAp1,0.1111111111111111,8,8,ATGTCTGGTTGCTCCCATAT,0,3961170
xdhAp1,0.1111111111111111,8,8,ATGGGTAGCATTCTGATACA,0,3935942
xdhAp1,0.1111111111111111,8,8,ATGCTAAAGGGAAGCTCTGA,0,3940534
xdhAp1,0.1111111111111111,8,8,ATGCAGTGCGTGACTCGCTT,0,3952559
xdhAp1,0.1111111111111111,8,8,ATGAGCTAGACTGCTGCAAG,0,3944805
xdhAp1,0.1111111111111111,8,8,ATCTCCCTCACAGAGGTAAC,0,3946013
xdhAp1,0.1111111111111111,8,8,ATCCGGTCCTCCGACGTTCT,0,3973272
xdhAp1,0.1111111111111111,8,8,ATCATAAACTATTAGATCTC,0,3959593
xdhAp1,0.1111111111111111,8,8,ATCAGCTTAACTTCTCGGTA,0,3943085
xdhAp1,0.1111111111111111,8,8,ATCACAGTGCACTCACGAAC,0,3957050
xdhAp1,0.1111111111111111,8,8,ATATTTCTACAACTATATTT,0,3948463
xdhAp1,0.1111111111111111,8,8,ATATTAAAGACGAGGTTCGC,0,3958179
xdhAp1,0.1111111111111111,8,8,ATAGGGTTCGGTTGCGATAC,0,3976965
xdhAp1,0.1111111111111111,8,8,ATACCGGCTGAGGAGTGCTT,0,3950528
xdhAp1,0.1111111111111111,8,8,ATAATAACAATTGCTTACCC,0,3938898
xdhAp1,0.1111111111111111,8,8,AGTTGGATCGAGTGTCTAGA,0,3941455
xdhAp1,0.1111111111111111,8,8,AGTTCGGAGATCGTCCAGCA,0,3933226
xdhAp1,0.1111111111111111,8,8,AGTGCTTGTACTGGGGAGAC,0,3945616
xdhAp1,0.1111111111111111,8,8,AGTCCTTTGGGCAGTTTGCG,0,3980672
xdhAp1,0.1111111111111111,8,8,AGGTACGCTCTTCGGAGCTC,0,3975755
xdhAp1,0.1111111111111111,8,8,AGGGCGGTCAGTGACCTCCC,0,3967371
xdhAp1,0.1111111111111111,8,8,AGGGCCGGATCTTGTTCTAG,0,3974693
xdhAp1,0.1111111111111111,8,8,AGGCTGATAGTGGTCACTGT,0,3962136
xdhAp1,0.1111111111111111,8,8,AGGATTCCGTCTTGGATTAA,0,3973607
xdhAp1,0.1111111111111111,8,8,AGGAGTTTTACGAAGTCAGG,0,3971798
xdhAp1,0.1111111111111111,8,8,AGCTTTAATGTACAAGATCC,0,3934932
xdhAp1,0.1111111111111111,8,8,AGCTGGTATAGATAAATCAG,0,3949336
xdhAp1,0.1111111111111111,8,8,AGCTAGTACCTATTGCCCTC,0,3974671
xdhAp1,0.1111111111111111,8,8,AGCTAAATTTAGCCATAGGC,0,3976911
xdhAp1,0.1111111111111111,8,8,AGCGTCCGGCGGGCTCAGCC,0,3932964
xdhAp1,0.1111111111111111,8,8,AGCGCGAGATACCCGACGCT,0,3962237
xdhAp1,0.1111111111111111,8,8,AGCCTGTACCCAAGAGTCCA,0,3967054
xdhAp1,0.1111111111111111,8,8,AGCCTAAATCATTGCTTTAT,0,3929043
xdhAp1,0.1111111111111111,8,8,AGCCCTGGTGCATCACCTTT,0,3965831
xdhAp1,0.1111111111111111,8,8,AGATTTGCCTGTTAGGGTCC,0,3965636
xdhAp1,0.1111111111111111,8,8,AGATCGGCACATAAAAAAAG,0,3971713
xdhAp1,0.1111111111111111,8,8,AGATACTCTTCATCTTGACA,0,3945568
xdhAp1,0.1111111111111111,8,8,AGAGGTGGGAGAGAATGGCA,0,3976426
xdhAp1,0.1111111111111111,8,8,AGAGACCGTGCACAAGGCGG,0,3961808
xdhAp1,0.1111111111111111,8,8,AGACGATAGCGAAAGCGTAT,0,3981510
xdhAp1,0.1111111111111111,8,8,AGACCTGAAACTGTGATAGA,0,3971122
xdhAp1,0.1111111111111111,8,8,ACTTTTAGAAGGCGATAGTG,0,3953388
xdhAp1,0.1111111111111111,8,8,ACTTCCCTCATATGCGTCAG,0,3931170
xdhAp1,0.1111111111111111,8,8,ACTGCGTATAGGGCGGGAAT,0,3955679
xdhAp1,0.1111111111111111,8,8,ACTGCCGCCCGACGCAGACT,0,3937277
xdhAp1,0.1111111111111111,8,8,ACGTGTCGGGTGCATGAGAA,0,3971399
xdhAp1,0.1111111111111111,8,8,ACGTCATTTAAGAACGGATC,0,3936839
xdhAp1,0.1111111111111111,8,8,ACGTACCCGCAAGGTAGACT,0,3945489
xdhAp1,0.1111111111111111,8,8,ACGCTTCTATGTACGCGTAT,0,3977021
xdhAp1,0.1111111111111111,8,8,ACCTTGCTGCACGGAAATGG,0,3929430
xdhAp1,0.1111111111111111,8,8,ACCTGTTAGAACTCAAAGGC,0,3970094
xdhAp1,0.1111111111111111,8,8,ACCTCATCCGATAGTGAGGA,0,3977076
xdhAp1,0.1111111111111111,8,8,ACCTACTCTCATCTCGATGG,0,3930414
xdhAp1,0.1111111111111111,8,8,ACCCGTTGAGTTAATAATGA,0,3941325
xdhAp1,0.1111111111111111,8,8,ACCCATTGGGGGTGCAAAGC,0,3938221
xdhAp1,0.1111111111111111,8,8,ACCCAATAGTAGGGCAGCAT,0,3949357
xdhAp1,0.1111111111111111,8,8,ACCATAGGCCTGGGTTATAT,0,3978807
xdhAp1,0.1111111111111111,8,8,ACATTTCACGGCGGTACCAC,0,3948596
xdhAp1,0.1111111111111111,8,8,ACATAAACTACTCCCGCTGC,0,3929223
xdhAp1,0.1111111111111111,8,8,ACAGCGCCGTGACTTCCGGT,0,3966843
xdhAp1,0.1111111111111111,8,8,ACACAGTGACTGAGCCCAGC,0,3972275
xdhAp1,0.1111111111111111,8,8,AATTGTATATACTGAAGGCA,0,3959023
xdhAp1,0.1111111111111111,8,8,AATGTCTACAAGACGTGCCA,0,3978276
xdhAp1,0.1111111111111111,8,8,AATGTAAGGGATCGGTATCC,0,3937794
xdhAp1,0.1111111111111111,8,8,AATGGCGCGTTACAAAAACC,0,3934643
xdhAp1,0.1111111111111111,8,8,AATCTGGACTTGATCACTGT,0,3951648
xdhAp1,0.1111111111111111,8,8,AATCGTCATGGATTCTTTTC,0,3962190
xdhAp1,0.1111111111111111,8,8,AATCATGATAAACGAACTGT,0,3931437
xdhAp1,0.1111111111111111,8,8,AATCAGCCATGTTTGCCGTC,0,3952033
xdhAp1,0.1111111111111111,8,8,AATATACAAAGAAAGCATCA,0,3949658
xdhAp1,0.1111111111111111,8,8,AAGTGAGCGTCAACGACACT,0,3933214
xdhAp1,0.1111111111111111,8,8,AAGTCACCTATCTAAAGGGT,0,3936961
xdhAp1,0.1111111111111111,8,8,AAGGTGGCGTAGGGGGAGGT,0,3929377
xdhAp1,0.1111111111111111,8,8,AAGGGCACAATGAGGAAGAA,0,3946557
xdhAp1,0.1111111111111111,8,8,AAGGGAGCGACGTATACAGG,0,3935700
xdhAp1,0.1111111111111111,8,8,AAGGCCTTCGGGAAGGGGAT,0,3952565
xdhAp1,0.1111111111111111,8,8,AAGGACACTTGACAGTGCGT,0,3950782
xdhAp1,0.1111111111111111,8,8,AAGCTTCTGACACCGTCAGG,0,3938997
xdhAp1,0.1111111111111111,8,8,AAGCCTGACCATCATACGTC,0,3954489
xdhAp1,0.1111111111111111,8,8,AAGAGTTCCCGTATCGGAAC,0,3944146
xdhAp1,0.1111111111111111,8,8,AAGACGGCGGTAGGACAACC,0,3930347
xdhAp1,0.1111111111111111,8,8,AAGAAAGTTAGATATATCCA,0,3935535
xdhAp1,0.1111111111111111,8,8,AACTCGCCTTTTCAAACGAA,0,3970209
xdhAp1,0.1111111111111111,8,8,AACGGTCCATACAGTTACGA,0,3961420
xdhAp1,0.1111111111111111,8,8,AACCCGTAATATATAGCGGG,0,3934822
xdhAp1,0.1111111111111111,8,8,AACCCCGCTACGCCTGGATA,0,3932327
xdhAp1,0.1111111111111111,8,8,AACAGCTTCAAGATCCAGCG,0,3958187
xdhAp1,0.1111111111111111,8,8,AACAAGTCACTGGAGTCGGG,0,3951354
xdhAp1,0.1111111111111111,8,8,AAATAAGTAGTTTAGCTTTT,0,3973333
xdhAp1,0.1111111111111111,8,8,AAAGACGTTGTCACTTCATA,0,3959626
xdhAp1,0.1111111111111111,8,8,AAAAGCGTTAAGCCGGACTG,0,3970171
xdhAp1,0.125,7,7,TTTTTGGGGAACCGGCTCCC,0,3968906
xdhAp1,0.125,7,7,TTTTGTGGACGCCTTTCACG,0,3965325
xdhAp1,0.125,7,7,TTTTGAAAGCGGTTCCAGTA,0,3937566
xdhAp1,0.125,7,7,TTTTCATGAGCGTGTCGCCA,0,3961146
xdhAp1,0.125,7,7,TTTTATGTACAGCATATAAG,0,3934146
xdhAp1,0.125,7,7,TTTGGAGCGACACCGTAGCA,0,3957872
xdhAp1,0.125,7,7,TTTGCATCGAGCGTAGGGCA,0,3963777
xdhAp1,0.125,7,7,TTTGAGTCCATGAACGGCCA,0,3943257
xdhAp1,0.125,7,7,TTTCGTTTCAGCCTCGTCTT,0,3959175
xdhAp1,0.125,7,7,TTTCACCTGCGGGACGGCTA,0,3935521
xdhAp1,0.125,7,7,TTTAGACGGGATGCGCATCC,0,3972276
xdhAp1,0.125,7,7,TTTAACGGACTATCACGCCA,0,3934041
xdhAp1,0.125,7,7,TTGTACATATAGCAGTGGTA,0,3966841
xdhAp1,0.125,7,7,TTGGGGCATCACAAAATTAT,0,3967965
xdhAp1,0.125,7,7,TTGGGCGGGCTTCTCATGAT,0,3963023
xdhAp1,0.125,7,7,TTGGCGGCAGTGCCAGGGGG,0,3932181
xdhAp1,0.125,7,7,TTGGACCCACTGCCGGAGAA,0,3960068
xdhAp1,0.125,7,7,TTGGAAATCGGATGGTCACT,0,3962047
xdhAp1,0.125,7,7,TTGCGTTTCGGCAAATTGAG,0,3970938
xdhAp1,0.125,7,7,TTGCGACTGCAGTAGTCGGG,0,3954764
xdhAp1,0.125,7,7,TTGACAAAAGCGGGACTAGG,0,3953488
xdhAp1,0.125,7,7,TTGAATGGCCGTGGTAGGTT,0,3929734
xdhAp1,0.125,7,7,TTCTTGTTGACTTGCCCTCT,0,3956614
xdhAp1,0.125,7,7,TTCTTGTAGTGCTGTAGTTA,0,3932356
xdhAp1,0.125,7,7,TTCTTAAGGGGTCCTCCGCA,0,3930668
xdhAp1,0.125,7,7,TTCTGGGCAATCAAATGCGT,0,3958248
xdhAp1,0.125,7,7,TTCTCCACGTAAGCTCGGGA,0,3953411
xdhAp1,0.125,7,7,TTCGTTAATGGTAGGGCTCC,0,3970990
xdhAp1,0.125,7,7,TTCGCATCAGAACTCTGCTA,0,3947791
xdhAp1,0.125,7,7,TTCATGCTACAGTGTGCATT,0,3956068
xdhAp1,0.125,7,7,TTCAGGTCTCTTCACCTAGT,0,3936201
xdhAp1,0.125,7,7,TTCACGATTGCCAGCGTTTC,0,3961796
xdhAp1,0.125,7,7,TTCACAGAGTTTTACGACCC,0,3978254
xdhAp1,0.125,7,7,TTATTAAGACCGCCTCGTTC,0,3957531
xdhAp1,0.125,7,7,TTACCATCACGCATCGCGGA,0,3948398
xdhAp1,0.125,7,7,TTACAAGTCTCCTTCCCGCC,0,3944922
xdhAp1,0.125,7,7,TTAAGGGCATCTTGCCCTTG,0,3971537
xdhAp1,0.125,7,7,TTAACGACAACCGGGCTCTG,0,3981459
xdhAp1,0.125,7,7,TTAACCTGCATTGAAATAAG,0,3932077
xdhAp1,0.125,7,7,TGTGGCCTAGAATCTGTATG,0,3954888
xdhAp1,0.125,7,7,TGTGCTCTAGGTTCCAAATT,0,3932566
xdhAp1,0.125,7,7,TGTGATGAAGCGAGGTAGAT,0,3929398
xdhAp1,0.125,7,7,TGTCTATCCCGGGGTAATAG,0,3930698
xdhAp1,0.125,7,7,TGTCGCAGCATGCTCCAAAT,0,3951299
xdhAp1,0.125,7,7,TGTCCAACTTGATGGATGAT,0,3945430
xdhAp1,0.125,7,7,TGTCAGTATGATAGCAGGCG,0,3978071
xdhAp1,0.125,7,7,TGTACAAGGCGCGGAGCCGC,0,3966593
xdhAp1,0.125,7,7,TGTAACCGAGGCGGCATTTC,0,3933872
xdhAp1,0.125,7,7,TGGTTTTTAACGCAATTCGT,0,3931550
xdhAp1,0.125,7,7,TGGTTAGTCTTTAAAGGAAA,0,3936946
xdhAp1,0.125,7,7,TGGTTAGGAGGCTCTTCGGA,0,3938254
xdhAp1,0.125,7,7,TGGTGTAGACAATTATCCAG,0,3934646
xdhAp1,0.125,7,7,TGGGTACCGGGCGGTTAGGA,0,3975191
xdhAp1,0.125,7,7,TGGGGGTTGGTTTTAGAATT,0,3953970
xdhAp1,0.125,7,7,TGGGGAGTTCTGGAGTGTCA,0,3954839
xdhAp1,0.125,7,7,TGGGCTATTCTAGAATAATT,0,3971732
xdhAp1,0.125,7,7,TGGGCGGGATTATATAAGGC,0,3963679
xdhAp1,0.125,7,7,TGGGAGTAATGCACGCGTGG,0,3935591
xdhAp1,0.125,7,7,TGGCGTTAGTTAAATTAGAA,0,3981422
xdhAp1,0.125,7,7,TGGCCTGCGTACTGATGTGT,0,3952645
xdhAp1,0.125,7,7,TGGACTCAGCTGCCGGCATG,0,3940829
xdhAp1,0.125,7,7,TGCTAAGTAATTAGGGCTCA,0,3972166
xdhAp1,0.125,7,7,TGCGCTGCATTGCAAAGGTT,0,3981298
xdhAp1,0.125,7,7,TGCCCCGTTTATGTACCTGG,0,3958957
xdhAp1,0.125,7,7,TGCAGTATAGTTTGCTTGAA,0,3975888
xdhAp1,0.125,7,7,TGCAGCACAGGTCAGGCATA,0,3953565
xdhAp1,0.125,7,7,TGCACGGCTATCGCTAGCAG,0,3954783
xdhAp1,0.125,7,7,TGCACGCAGGCCTCCATGTA,0,3967403
xdhAp1,0.125,7,7,TGATCTGACTAAAAATCTGT,0,3945196
xdhAp1,0.125,7,7,TGATCTATCTGCCACGGCCT,0,3958271
xdhAp1,0.125,7,7,TGATACGCCCGAATTCCGGG,0,3943213
xdhAp1,0.125,7,7,TGACACTACAGATCGCATAC,0,3979932
xdhAp1,0.125,7,7,TGAAGAGACTTTTTCAGACA,0,3957938
xdhAp1,0.125,7,7,TGAACGAGTAACGTGCATGC,0,3965866
xdhAp1,0.125,7,7,TGAAAAGGGCAGCGCAGCGG,0,3948987
xdhAp1,0.125,7,7,TCTTTCATGAATCTATCGAA,0,3942971
xdhAp1,0.125,7,7,TCTTGGTAGCACTCGCTTCA,0,3938436
xdhAp1,0.125,7,7,TCTTCAGGGAATCTGAAGGC,0,3951545
xdhAp1,0.125,7,7,TCTTATTTAATCCACAACTT,0,3973571
xdhAp1,0.125,7,7,TCTGTGTTGCTAAGCGTTCG,0,3943697
xdhAp1,0.125,7,7,TCTGTGGGCATTAGCGGTTC,0,3951487
xdhAp1,0.125,7,7,TCTGTGGCTAGCGCTTGGAC,0,3962853
xdhAp1,0.125,7,7,TCTGGAGCAGGCATAGAAAG,0,3976840
xdhAp1,0.125,7,7,TCTCCCTGCATGTGCAATTG,0,3937387
xdhAp1,0.125,7,7,TCTCATATTCTTACGCCGAT,0,3930805
xdhAp1,0.125,7,7,TCTCAGAGGAATGCACTCAT,0,3954401
xdhAp1,0.125,7,7,TCTCACAGGGCACCCCTACG,0,3962397
xdhAp1,0.125,7,7,TCTCAATACACTACTCGCAG,0,3932167
xdhAp1,0.125,7,7,TCTATAGGAGCTGGGGGGGT,0,3965407
xdhAp1,0.125,7,7,TCTAGTTTAGGGAGAGGGAT,0,3937818
xdhAp1,0.125,7,7,TCTAGATTTCCATTACAGGA,0,3945330
xdhAp1,0.125,7,7,TCTACCTGACTATGTTGCTA,0,3977189
xdhAp1,0.125,7,7,TCGTACTACATTTATTCTCT,0,3973419
xdhAp1,0.125,7,7,TCGGCATAGGGGCAATGTTT,0,3948775
xdhAp1,0.125,7,7,TCGGAGGATTAAAATCGAGA,0,3957658
xdhAp1,0.125,7,7,TCGCTCCCAAGGTGCCTCAA,0,3955979
xdhAp1,0.125,7,7,TCGCGCTAGAGTAGTAAGGT,0,3935710
xdhAp1,0.125,7,7,TCGCCCTGACCTACGATCTA,0,3966385
xdhAp1,0.125,7,7,TCGCATGGCCGTTTCGTAGC,0,3953253
xdhAp1,0.125,7,7,TCGCATGCATGTCTTGGTGT,0,3941461
xdhAp1,0.125,7,7,TCGCAGGTGTCTCAAGCCGT,0,3952754
xdhAp1,0.125,7,7,TCGATTGCACGAGTGGTCCC,0,3941774
xdhAp1,0.125,7,7,TCGATACAATTGAAGAGACA,0,3940447
xdhAp1,0.125,7,7,TCGAGGGTCGGCCGCCGGTA,0,3932785
xdhAp1,0.125,7,7,TCGAGCCACTATTAGGATTT,0,3969975
xdhAp1,0.125,7,7,TCGACATTCGGGTCGTGCCT,0,3975821
xdhAp1,0.125,7,7,TCCTCGCCCCTATTCTGCCA,0,3964375
xdhAp1,0.125,7,7,TCCGGTGTGGCCGGCCTTCA,0,3959914
xdhAp1,0.125,7,7,TCCCGGAAACAGTGCAACGG,0,3940100
xdhAp1,0.125,7,7,TCAGTGTGACGTAAAAATGC,0,3954184
xdhAp1,0.125,7,7,TCAGCCCCACTTACATAGTC,0,3945709
xdhAp1,0.125,7,7,TCAGCAGTAGACCAGACGCA,0,3960378
xdhAp1,0.125,7,7,TCAGCAAGGCATTCTGAGCC,0,3958901
xdhAp1,0.125,7,7,TCACGGCCAGTTACTTTGGC,0,3980697
xdhAp1,0.125,7,7,TCAAGGAAGACACAGGGTAC,0,3938819
xdhAp1,0.125,7,7,TCAAGACTGTATGACCGAGA,0,3938133
xdhAp1,0.125,7,7,TCAACACACACAGGTGATGC,0,3943187
xdhAp1,0.125,7,7,TATTCCCGTAGCCCAGTTGT,0,3934408
xdhAp1,0.125,7,7,TATGTAATTACTTTTCTCGT,0,3940252
xdhAp1,0.125,7,7,TATGACATTTCGTCCCGGGT,0,3969151
xdhAp1,0.125,7,7,TATGAAATGGAATAAAATGT,0,3970846
xdhAp1,0.125,7,7,TATCAGAACGGGGCATCCGA,0,3969239
xdhAp1,0.125,7,7,TATATCGCTTAATTATAAAC,0,3946833
xdhAp1,0.125,7,7,TATACCATCTATTCGGGGAT,0,3946452
xdhAp1,0.125,7,7,TATAACAGTATACGCCCGGA,0,3962859
xdhAp1,0.125,7,7,TAGTTATGTTGGGAGTATGC,0,3972538
xdhAp1,0.125,7,7,TAGGTCTATGGATGGTTCAC,0,3940895
xdhAp1,0.125,7,7,TAGGAGATAGAACGTAATTA,0,3957877
xdhAp1,0.125,7,7,TAGACGTTGTGTCTTAGAAG,0,3947257
xdhAp1,0.125,7,7,TACTTTCAAGCTAGATCCTT,0,3944172
xdhAp1,0.125,7,7,TACTCGACATCTCTCGGGCA,0,3971520
xdhAp1,0.125,7,7,TACGTGTAATTTAAAACAAG,0,3964568
xdhAp1,0.125,7,7,TACGTGCCGTTAGATTTTGT,0,3947062
xdhAp1,0.125,7,7,TACCTGATCATGGTGTTTAA,0,3955206
xdhAp1,0.125,7,7,TACCGGGTCATGCCTTCCGT,0,3929208
xdhAp1,0.125,7,7,TACCCGCAGGACTGTTAATT,0,3939655
xdhAp1,0.125,7,7,TAATTATTACAATAAGAATT,0,3944279
xdhAp1,0.125,7,7,TAATGTAATAGCAGGACATT,0,3959641
xdhAp1,0.125,7,7,TAATGGACTTAATCTTGTGG,0,3929014
xdhAp1,0.125,7,7,TAAGGGACACTGGGTTAAAG,0,3976357
xdhAp1,0.125,7,7,TAAGCCTGAGAAGCCCGTAA,0,3954475
xdhAp1,0.125,7,7,TAACTAAATGAGTTCGGTCA,0,3952960
xdhAp1,0.125,7,7,TAAAGTAGGAGAAGCGGAAA,0,3971121
xdhAp1,0.125,7,7,TAAACTCAGGTGGGTGATAT,0,3954520
xdhAp1,0.125,7,7,GTTTTCTTGCACATTTGCAT,0,3930495
xdhAp1,0.125,7,7,GTTTGCAAAAAAGTTTTGTG,0,3966780
xdhAp1,0.125,7,7,GTTTACCGGACCTACAAAAT,0,3954288
xdhAp1,0.125,7,7,GTTTACAAGCCGCCGTACGC,0,3944190
xdhAp1,0.125,7,7,GTTGGTTTAATGACAGTAAA,0,3973608
xdhAp1,0.125,7,7,GTTCTCCAGTATGTCCTGGC,0,3951653
xdhAp1,0.125,7,7,GTTAGTACGTCCACGGCGTG,0,3948607
xdhAp1,0.125,7,7,GTTAAGAAGCGGTTGATATA,0,3977187
xdhAp1,0.125,7,7,GTGTTTAGAGCCCCAAGTAA,0,3975442
xdhAp1,0.125,7,7,GTGGAGGTTAGTTGAGCTCA,0,3973825
xdhAp1,0.125,7,7,GTGCTCCCAACTCCGACAGT,0,3972472
xdhAp1,0.125,7,7,GTGCGATCCTTATGTCCTTG,0,3936394
xdhAp1,0.125,7,7,GTGCCTGCGTAGATCCTATA,0,3968877
xdhAp1,0.125,7,7,GTGAGATTACTACCCGGGGG,0,3956770
xdhAp1,0.125,7,7,GTGACGCAGCACACTGATAG,0,3947277
xdhAp1,0.125,7,7,GTCTGGGACAATCGCCTTCT,0,3980023
xdhAp1,0.125,7,7,GTCTGGACTCTGATGCCAGG,0,3936543
xdhAp1,0.125,7,7,GTCGATAAGTTACCAACCTT,0,3931930
xdhAp1,0.125,7,7,GTCCGGTGTTCACCTTTTTT,0,3973461
xdhAp1,0.125,7,7,GTCCCACGGCCCTTAAAAGC,0,3930172
xdhAp1,0.125,7,7,GTCCAGCGACCGTTAGGTGG,0,3970820
xdhAp1,0.125,7,7,GTCCAAATAACGGCCCCCTA,0,3936397
xdhAp1,0.125,7,7,GTCAGTAGCCGTGACCGGGT,0,3934067
xdhAp1,0.125,7,7,GTCAGGTAGAACGTATCCAC,0,3942706
xdhAp1,0.125,7,7,GTCAGACACGTCACTATGCA,0,3947289
xdhAp1,0.125,7,7,GTCACGTACATTAAACTAGG,0,3981297
xdhAp1,0.125,7,7,GTCACATCGCGCAGAACACT,0,3964144
xdhAp1,0.125,7,7,GTATATGCAATCGTCAGAAT,0,3978285
xdhAp1,0.125,7,7,GTATAAGGTGCTGACGTCGC,0,3952165
xdhAp1,0.125,7,7,GTAGCGCCTGCTCCGCGCGT,0,3976544
xdhAp1,0.125,7,7,GTAGCCGATCGAATATACAG,0,3964625
xdhAp1,0.125,7,7,GTAGCAGATGCTGCGGGGAT,0,3940628
xdhAp1,0.125,7,7,GTACAGCCTTCGTTTCCACA,0,3929068
xdhAp1,0.125,7,7,GGTTGCTGAGGTTAGTCGAG,0,3970715
xdhAp1,0.125,7,7,GGTTCCATTCTTCGACTGAT,0,3937266
xdhAp1,0.125,7,7,GGTTATGGTCAACTCGGTGA,0,3959468
xdhAp1,0.125,7,7,GGTGTTAACACATCAAAGTT,0,3963992
xdhAp1,0.125,7,7,GGTGGCCAATGATGGTAAAC,0,3973696
xdhAp1,0.125,7,7,GGTGCAATCACTCAAAGGCA,0,3975740
xdhAp1,0.125,7,7,GGTGATGACGTACAATTCAT,0,3963772
xdhAp1,0.125,7,7,GGTGAAAATGCGTACGCATG,0,3950419
xdhAp1,0.125,7,7,GGTCTGACCACACAGCTCCA,0,3932701
xdhAp1,0.125,7,7,GGTCGGCGCGCCAGGTAGTA,0,3933579
xdhAp1,0.125,7,7,GGTCCGCGATCAGTATAGCA,0,3941825
xdhAp1,0.125,7,7,GGTCCATCGCACCAACGCAA,0,3959942
xdhAp1,0.125,7,7,GGTCCACTCGCGTAGCGATT,0,3940279
xdhAp1,0.125,7,7,GGTATTTCCCGGTCACAGAG,0,3970646
xdhAp1,0.125,7,7,GGTACTTTACTCGGAGACGG,0,3935388
xdhAp1,0.125,7,7,GGTAACTGGCGGCGAAGTCC,0,3944039
xdhAp1,0.125,7,7,GGGTTATACGCCGGTCGATC,0,3949078
xdhAp1,0.125,7,7,GGGCGGGAAGTAGGTAAAAA,0,3946841
xdhAp1,0.125,7,7,GGGCAAATTAAAACTGAGAA,0,3959697
xdhAp1,0.125,7,7,GGGATGATCGTTCCGTCCAA,0,3937907
xdhAp1,0.125,7,7,GGGAGGTAAGTGGGCAATTG,0,3937059
xdhAp1,0.125,7,7,GGCTTTGGTGACAGTCTGCG,0,3945044
xdhAp1,0.125,7,7,GGCTTCCAAGATTGGTGCAG,0,3960061
xdhAp1,0.125,7,7,GGCTGGTTATAGGCTGTAAC,0,3955321
xdhAp1,0.125,7,7,GGCTACCGCGCTGGGACTCT,0,3966216
xdhAp1,0.125,7,7,GGCCATAAAGTGAGCTGTAA,0,3945574
xdhAp1,0.125,7,7,GGCATTAGACGGCTTAAAAT,0,3955380
xdhAp1,0.125,7,7,GGCATACGTCTTATCTGGAT,0,3949035
xdhAp1,0.125,7,7,GGCACGGATGCTGGGATCGT,0,3931429
xdhAp1,0.125,7,7,GGATTGCGTGCCGTCTAGCG,0,3958063
xdhAp1,0.125,7,7,GGATATATGGTGGTACACAA,0,3948930
xdhAp1,0.125,7,7,GGATAGAAATGGGACCTGCA,0,3964508
xdhAp1,0.125,7,7,GGAGTTCCGACCGTAGGGTT,0,3966552
xdhAp1,0.125,7,7,GGAGTCGCGAACATGGCCGA,0,3956524
xdhAp1,0.125,7,7,GGAGCAATTCGACACTTGGG,0,3943512
xdhAp1,0.125,7,7,GGACGATGGGTCGGCGCAAT,0,3947500
xdhAp1,0.125,7,7,GGACAAGAGATAATGCCCCA,0,3961307
xdhAp1,0.125,7,7,GGAATAGTCGGGCTCGCACA,0,3939686
xdhAp1,0.125,7,7,GGAAGGGAAAACAAACAGAG,0,3930344
xdhAp1,0.125,7,7,GCTTTCATGCCAGTTCAGTC,0,3976163
xdhAp1,0.125,7,7,GCTTACGCGTCCACGGGTTG,0,3949733
xdhAp1,0.125,7,7,GCTGGTGAGTCACTCAACCC,0,3932926
xdhAp1,0.125,7,7,GCTGAACTTGGCCGCGAAAA,0,3972647
xdhAp1,0.125,7,7,GCTCTCACTTGTGGGAGACG,0,3936097
xdhAp1,0.125,7,7,GCTCCCTGCACCATACGACT,0,3969773
xdhAp1,0.125,7,7,GCTATTCAATCAAGCGGAAA,0,3947525
xdhAp1,0.125,7,7,GCTATGCTTATTCTTTGACA,0,3933380
xdhAp1,0.125,7,7,GCGTTCGGAAGGTCCATGTT,0,3971719
xdhAp1,0.125,7,7,GCGTCCCGGATCATGTGCAT,0,3976574
xdhAp1,0.125,7,7,GCGGTGCTGTATTGCATCGA,0,3973929
xdhAp1,0.125,7,7,GCGGGTGCCAATCGCCGTAG,0,3980313
xdhAp1,0.125,7,7,GCGGCGCGGATGGTAAGGAC,0,3961172
xdhAp1,0.125,7,7,GCGGCCAGGCCGCCCTGTTT,0,3950203
xdhAp1,0.125,7,7,GCGGATAGGCAGAGTATAAT,0,3937714
xdhAp1,0.125,7,7,GCGCCCAAATAAGAATTTCG,0,3942910
xdhAp1,0.125,7,7,GCGACTGGCAACACCAAGAG,0,3953657
xdhAp1,0.125,7,7,GCCTAGCCATCATCCCCGGA,0,3967943
xdhAp1,0.125,7,7,GCCTAAAAAGGAAAAAGTCG,0,3937782
xdhAp1,0.125,7,7,GCCGCGGATGCTTGCTCTGG,0,3947511
xdhAp1,0.125,7,7,GCCGCGATATCGAGGTTGAC,0,3968238
xdhAp1,0.125,7,7,GCCCGGAGTGTTGGTCGGGA,0,3946859
xdhAp1,0.125,7,7,GCCCGACATGGGTGATGTGT,0,3936441
xdhAp1,0.125,7,7,GCCCCAAAGGATCACGCGAT,0,3978926
xdhAp1,0.125,7,7,GCCAGTGCCCTATCTGTGCT,0,3977445
xdhAp1,0.125,7,7,GCATTGGCTCCCCGCGCGTA,0,3942374
xdhAp1,0.125,7,7,GCATTGGATGTATTCGCTAT,0,3959012
xdhAp1,0.125,7,7,GCATTATCCACACCCGAGCA,0,3949437
xdhAp1,0.125,7,7,GCATCCAACGTGTAACAGCT,0,3930437
xdhAp1,0.125,7,7,GCATACACTCGGATGATGAT,0,3931438
xdhAp1,0.125,7,7,GCAGTCGTTTTATTAGGCCT,0,3966354
xdhAp1,0.125,7,7,GCACGCGCGCGGTGGGTCCA,0,3954226
xdhAp1,0.125,7,7,GCACCAGAATGCCAATCCAT,0,3941309
xdhAp1,0.125,7,7,GCAACCCTCCTATGGATTTG,0,3957687
xdhAp1,0.125,7,7,GATTAGATTATTAAGATGGG,0,3974620
xdhAp1,0.125,7,7,GATGCAACGAACGGCTCCAT,0,3944278
xdhAp1,0.125,7,7,GATCGTAGTACAAGAGTTCA,0,3941661
xdhAp1,0.125,7,7,GATCGGCTCAGATGATGGGT,0,3936767
xdhAp1,0.125,7,7,GATAGTCAGTACGCCCGCAA,0,3976025
xdhAp1,0.125,7,7,GATAGATCGCTGCCGCCCGC,0,3951254
xdhAp1,0.125,7,7,GATACACTGGAGGCATGGAC,0,3935745
xdhAp1,0.125,7,7,GAGTTTGGTCCAAATAAAAG,0,3936881
xdhAp1,0.125,7,7,GAGGTCGGTATGGATGGACT,0,3938007
xdhAp1,0.125,7,7,GAGGGACCGCGGATCGTACC,0,3978700
xdhAp1,0.125,7,7,GAGGCACTCAAACCTAGTAA,0,3930647
xdhAp1,0.125,7,7,GAGGACACTAGCCGGAGTAT,0,3928960
xdhAp1,0.125,7,7,GAGCGTAGGAAGTGGTAGAC,0,3951293
xdhAp1,0.125,7,7,GACTCCGTCAACAGTGTAAT,0,3956726
xdhAp1,0.125,7,7,GACTAGGCCGAACAACATAG,0,3954424
xdhAp1,0.125,7,7,GACGATAGTACAGATCTTCA,0,3930412
xdhAp1,0.125,7,7,GACATATGGTTGTTGCCCAC,0,3974124
xdhAp1,0.125,7,7,GACACATGGATGTGTGTGGT,0,3968851
xdhAp1,0.125,7,7,GAAGGGCAGTATCGTGACAA,0,3959039
xdhAp1,0.125,7,7,GAAGGATGCCATGAGGAGAT,0,3949940
xdhAp1,0.125,7,7,GAAGGAATCGAGCCGTATCT,0,3934057
xdhAp1,0.125,7,7,GAAGAAGTAATGCACTATGT,0,3963442
xdhAp1,0.125,7,7,GAACTGATCCGACATTTAAT,0,3942496
xdhAp1,0.125,7,7,GAACGAGTACAATAACAGGG,0,3970170
xdhAp1,0.125,7,7,GAACAGGGTGCAGCACACGT,0,3944408
xdhAp1,0.125,7,7,GAAACTTGTTAGAAGTCTTG,0,3974469
xdhAp1,0.125,7,7,GAAACCCTAGCCCCCAGTCG,0,3955480
xdhAp1,0.125,7,7,CTTTTCTGAGCTTAAAGATT,0,3944957
xdhAp1,0.125,7,7,CTTTATGTCTGGACAGCTAG,0,3964464
xdhAp1,0.125,7,7,CTTTAGGCCTGTGGGGATCG,0,3962230
xdhAp1,0.125,7,7,CTTTAGCGCCCCCAGTTGGC,0,3981418
xdhAp1,0.125,7,7,CTTTACCCATAATCGTTAAC,0,3970208
xdhAp1,0.125,7,7,CTTGTCTCATCAGGCTTGAC,0,3938510
xdhAp1,0.125,7,7,CTTGGGAAGTCTTTGTTGGA,0,3965517
xdhAp1,0.125,7,7,CTTCGGCAAGTCCCGTGTCT,0,3965468
xdhAp1,0.125,7,7,CTTCAGGACTCCCTACATAA,0,3945337
xdhAp1,0.125,7,7,CTTAGGGAAATGACCCACAT,0,3959373
xdhAp1,0.125,7,7,CTTAACGCGCACACACTATG,0,3929845
xdhAp1,0.125,7,7,CTGTACAAGTGACACGTCAA,0,3962784
xdhAp1,0.125,7,7,CTGGGGCAGCCCGGATCCGT,0,3943908
xdhAp1,0.125,7,7,CTGGGAGTCCCTGACAGGTT,0,3940577
xdhAp1,0.125,7,7,CTGGCCCACTATGTTATCCT,0,3951118
xdhAp1,0.125,7,7,CTGCCCAGGGATATAACTAG,0,3933395
xdhAp1,0.125,7,7,CTGAGTTCGGTTCGATAAGA,0,3959107
xdhAp1,0.125,7,7,CTGAGGGGATATAAGCTCTT,0,3970258
xdhAp1,0.125,7,7,CTGAGAAGGTCGAGAAGGCA,0,3947084
xdhAp1,0.125,7,7,CTGACTCCACCGAAGTTTGT,0,3932282
xdhAp1,0.125,7,7,CTCTCGCGGGGTTTCAATTA,0,3958231
xdhAp1,0.125,7,7,CTCTCATTTATGGCGCATTC,0,3970430
xdhAp1,0.125,7,7,CTCGTCGCAGAGGTTGAAAG,0,3942759
xdhAp1,0.125,7,7,CTCGTAGACGCCCACCGCTC,0,3957281
xdhAp1,0.125,7,7,CTCGGCCTCTAGCCAGACGT,0,3964824
xdhAp1,0.125,7,7,CTCGGCCGATGTTAGGCATT,0,3959976
xdhAp1,0.125,7,7,CTCGCCCCTAGTTTATCTTG,0,3943752
xdhAp1,0.125,7,7,CTCAATATTGTGATGTTGCG,0,3959587
xdhAp1,0.125,7,7,CTATGGACAAGCGACCGGTC,0,3967042
xdhAp1,0.125,7,7,CTAGTTGCTCGTATACCCGG,0,3937757
xdhAp1,0.125,7,7,CTAGTTGAACTTTCTGGCTA,0,3964436
xdhAp1,0.125,7,7,CTAGTGCCGGCAGCAAATCA,0,3974221
xdhAp1,0.125,7,7,CTAGTAACGATGATCGGGGG,0,3967269
xdhAp1,0.125,7,7,CTAGATCGGCCTTTTATTGT,0,3954836
xdhAp1,0.125,7,7,CTAGAAGAAAATCCATGGCA,0,3941981
xdhAp1,0.125,7,7,CTACGGGATTTATAAGTCAG,0,3938004
xdhAp1,0.125,7,7,CTACCCTCGAGTTAGCAAAG,0,3979266
xdhAp1,0.125,7,7,CTAATGGAATTTACATCAAC,0,3936650
xdhAp1,0.125,7,7,CTAAGGGGGGAACACGGTCC,0,3948025
xdhAp1,0.125,7,7,CTAAGCTGGACACAGTAGGC,0,3970036
xdhAp1,0.125,7,7,CTAAGATAGTATAGGCGGGT,0,3969519
xdhAp1,0.125,7,7,CTAACTTTGGAAGTTCCCCC,0,3943216
xdhAp1,0.125,7,7,CGTGCTGGTTCTAGTGAGGT,0,3975614
xdhAp1,0.125,7,7,CGTGCTACTAAAAGGCTAAA,0,3961696
xdhAp1,0.125,7,7,CGTGACTGTGGGGGGCGGTC,0,3962525
xdhAp1,0.125,7,7,CGTCGCGCATACCTTTTAAA,0,3975474
xdhAp1,0.125,7,7,CGTATGTATCGCTCCAAGAA,0,3933726
xdhAp1,0.125,7,7,CGTAGGAGATGCTCGAGAGC,0,3978465
xdhAp1,0.125,7,7,CGTAGATCACTCATGGTCCC,0,3962040
xdhAp1,0.125,7,7,CGTAAATTGATAATCGAGGT,0,3930923
xdhAp1,0.125,7,7,CGGTGTACAGTGGGGCAGCA,0,3960504
xdhAp1,0.125,7,7,CGGTGGCAAAGCGTAGTCCA,0,3959362
xdhAp1,0.125,7,7,CGGTATCAAATGGACGGTGT,0,3967438
xdhAp1,0.125,7,7,CGGGTAGAAGTAACAACCTA,0,3944246
xdhAp1,0.125,7,7,CGGGGGGGCATCCGCATGTA,0,3937668
xdhAp1,0.125,7,7,CGGGATGAACCGTGGTTCGG,0,3938838
xdhAp1,0.125,7,7,CGGCTATGGAGATATTACTA,0,3939757
xdhAp1,0.125,7,7,CGGCACCCGGCCTCATACGG,0,3978591
xdhAp1,0.125,7,7,CGGACACGTTAGGAAGACTA,0,3968049
xdhAp1,0.125,7,7,CGGAACATAATTTTGTGGCG,0,3962632
xdhAp1,0.125,7,7,CGCTGCACCGCGCGTACTCC,0,3973538
xdhAp1,0.125,7,7,CGCCGGAGGCTGAAGTAGAT,0,3970998
xdhAp1,0.125,7,7,CGCCCGCCACAACGGCTGCC,0,3940434
xdhAp1,0.125,7,7,CGCATCAACGCGCTGGAGAT,0,3960822
xdhAp1,0.125,7,7,CGCAGTTAAGGCTCGGTTAG,0,3931436
xdhAp1,0.125,7,7,CGCACGGAGAGTACGAACCC,0,3970364
xdhAp1,0.125,7,7,CGATATCGATATGGGTCGAG,0,3960836
xdhAp1,0.125,7,7,CGATAGCATCACGTAAGTAC,0,3942283
xdhAp1,0.125,7,7,CGAGTCAAATGGCGGCAACA,0,3939616
xdhAp1,0.125,7,7,CGAGGTAGTGTTTCCCACCA,0,3956914
xdhAp1,0.125,7,7,CGAGGCTTGCGGCGGTCGCT,0,3943171
xdhAp1,0.125,7,7,CGACTCCTTATAGCGAAAAG,0,3937504
xdhAp1,0.125,7,7,CGACCCAAAGCAAACGTCAG,0,3946855
xdhAp1,0.125,7,7,CGAAATTGGTGCTGCTCCTG,0,3946498
xdhAp1,0.125,7,7,CCTTACCGGCGAGTACGAGG,0,3942720
xdhAp1,0.125,7,7,CCTCTCTGCGGCGGGATTAT,0,3956373
xdhAp1,0.125,7,7,CCTCATGTATCTGAGACAGC,0,3963455
xdhAp1,0.125,7,7,CCTAGCTGGCCTTAAAGTGA,0,3948325
xdhAp1,0.125,7,7,CCGTTTAGCTATGTGGCACC,0,3945871
xdhAp1,0.125,7,7,CCGTTTAGATGTTACGTGCG,0,3951202
xdhAp1,0.125,7,7,CCGTGGTCCTGTCCAATGTA,0,3970573
xdhAp1,0.125,7,7,CCGTCCTCGAGTCAAACCTC,0,3959201
xdhAp1,0.125,7,7,CCGTCACCTGATCCGGCTCA,0,3953947
xdhAp1,0.125,7,7,CCGGGTAGTTCTCTCGCGGA,0,3931655
xdhAp1,0.125,7,7,CCGGGCAGTAGAGAATGGCA,0,3950101
xdhAp1,0.125,7,7,CCGGAATAAAGCCGTCTACT,0,3938218
xdhAp1,0.125,7,7,CCGCTTCTATCACGTGCGGC,0,3951708
xdhAp1,0.125,7,7,CCGCTGTGTCATTGTAGGTT,0,3939710
xdhAp1,0.125,7,7,CCGCGACCCAGAAGATCGAC,0,3931832
xdhAp1,0.125,7,7,CCGCACTGAATGTCAGAGAT,0,3968025
xdhAp1,0.125,7,7,CCGATAGGAAGTGGCGTCAG,0,3966855
xdhAp1,0.125,7,7,CCGAGAGCCACTAAAAAGAA,0,3946509
xdhAp1,0.125,7,7,CCGACCGAGCCCCAGGACTA,0,3956103
xdhAp1,0.125,7,7,CCCTGGGGTAAAGAAGGTGT,0,3969738
xdhAp1,0.125,7,7,CCCTATAGGCTTCCGACGAC,0,3959552
xdhAp1,0.125,7,7,CCCTACCCGGTGATGCAAGA,0,3938689
xdhAp1,0.125,7,7,CCCGTGGGGAGTATGAATAT,0,3970383
xdhAp1,0.125,7,7,CCCCATCCGAACGAGGACTG,0,3966877
xdhAp1,0.125,7,7,CCATTTAGTGGGGCGACTGG,0,3966212
xdhAp1,0.125,7,7,CCATCGTTGCGGTGGAAACA,0,3958017
xdhAp1,0.125,7,7,CCATACCTCCCTGTAAGAGT,0,3975224
xdhAp1,0.125,7,7,CCACTGATGTAGTTAACCCT,0,3949559
xdhAp1,0.125,7,7,CCACGTACTTCTCAGTCAAA,0,3966792
xdhAp1,0.125,7,7,CCAAGACTTGCTCTACCTAC,0,3977614
xdhAp1,0.125,7,7,CCAACGATGGAAAATGGATT,0,3977359
xdhAp1,0.125,7,7,CATTCTACATTATTAATGAT,0,3952500
xdhAp1,0.125,7,7,CATTCAAGGACGGCATTCGC,0,3950260
xdhAp1,0.125,7,7,CATTATTCGAGAAGCGGCGA,0,3941113
xdhAp1,0.125,7,7,CATGTCTAGGTTGCCGCCAC,0,3934363
xdhAp1,0.125,7,7,CATGATCAGGAGGCACATCT,0,3978211
xdhAp1,0.125,7,7,CATCCGGCCCTCGCTAAGGC,0,3931771
xdhAp1,0.125,7,7,CATATAATCAACCTCAGCAA,0,3956920
xdhAp1,0.125,7,7,CAGTTATTATTAGGCCATTA,0,3948520
xdhAp1,0.125,7,7,CAGTAAAGACTTCACCTCGC,0,3977891
xdhAp1,0.125,7,7,CAGCTCCCAAATCTCACGGA,0,3929185
xdhAp1,0.125,7,7,CAGCGTGGATCGCGTGCAGG,0,3932893
xdhAp1,0.125,7,7,CAGCGCTGCGGATGTCGCAA,0,3975739
xdhAp1,0.125,7,7,CAGAACTTGACAGAAAGACG,0,3969938
xdhAp1,0.125,7,7,CAGAACCAGATTTATGTATT,0,3951894
xdhAp1,0.125,7,7,CACTTGAGAATGAAGGGATG,0,3944694
xdhAp1,0.125,7,7,CACTCTGCTCTAGCCATGGG,0,3963521
xdhAp1,0.125,7,7,CACTCCATTAGTCACTCCAC,0,3979036
xdhAp1,0.125,7,7,CACGGATGTGCAGCCCGATC,0,3930155
xdhAp1,0.125,7,7,CACGGAACGACGTGTTCCAT,0,3954223
xdhAp1,0.125,7,7,CACGCATATTTCGGTCTAGG,0,3943387
xdhAp1,0.125,7,7,CACGATATCGGCTTTCCCGG,0,3941098
xdhAp1,0.125,7,7,CACATGGACTTTGCCCGTGC,0,3969324
xdhAp1,0.125,7,7,CAATTGTCGTGCGATGAGTC,0,3958253
xdhAp1,0.125,7,7,CAATTGAATTCGGGCCTCCA,0,3938822
xdhAp1,0.125,7,7,CAATCTCATTTATGAGTCAA,0,3952344
xdhAp1,0.125,7,7,CAATCGTCATGGGTTTTTAT,0,3959554
xdhAp1,0.125,7,7,CAATCGGGGTTTTATCCTGA,0,3963600
xdhAp1,0.125,7,7,CAAGTGAGTCGATTCGGTTA,0,3961464
xdhAp1,0.125,7,7,CAAGCTTGTTCATAAGCCCA,0,3930825
xdhAp1,0.125,7,7,CAAGCCCGTTCGCGATCAAA,0,3948793
xdhAp1,0.125,7,7,CAAGAGAGCATACTTTTCGG,0,3955051
xdhAp1,0.125,7,7,CAAGACCCATGTTCGACGTT,0,3954785
xdhAp1,0.125,7,7,CAACCAGCTCTATGTTACAT,0,3962958
xdhAp1,0.125,7,7,CAACAGACCCCACGGGCCTC,0,3969299
xdhAp1,0.125,7,7,CAACAAAGGAGACCATAACG,0,3929597
xdhAp1,0.125,7,7,CAAATTTTGGAGGCGCTGAT,0,3933901
xdhAp1,0.125,7,7,ATTTTTCTGGGCGATCCCTT,0,3971510
xdhAp1,0.125,7,7,ATTTGAGGGTCGCATTACAG,0,3937997
xdhAp1,0.125,7,7,ATTTCCATTGGTCACACCAG,0,3944760
xdhAp1,0.125,7,7,ATTGTGTGCGCACGACAACA,0,3962900
xdhAp1,0.125,7,7,ATTGTGCCCGAGAGACAGGT,0,3953161
xdhAp1,0.125,7,7,ATTCTAAAGTTCACACACGA,0,3978959
xdhAp1,0.125,7,7,ATTCGGGGGCATACAAAGGA,0,3973500
xdhAp1,0.125,7,7,ATTCCAACGGCACTGTCCTA,0,3966225
xdhAp1,0.125,7,7,ATTCACGCTTGCAACGTCGT,0,3938257
xdhAp1,0.125,7,7,ATTAGCCCGGCCATTAACCC,0,3956229
xdhAp1,0.125,7,7,ATGTTGCTGACGCGCAAGGC,0,3965180
xdhAp1,0.125,7,7,ATGTGGGCGGACACAACCGA,0,3973587
xdhAp1,0.125,7,7,ATGGTCCGGCTGAGAGAATT,0,3929103
xdhAp1,0.125,7,7,ATGGGTGCGCATCTGCAGGT,0,3938991
xdhAp1,0.125,7,7,ATGGCTAGAGCGTCTGCTAG,0,3961943
xdhAp1,0.125,7,7,ATGCGTTAAGGGGCAACATA,0,3932663
xdhAp1,0.125,7,7,ATGCAAGTTACGTATCCTTT,0,3945252
xdhAp1,0.125,7,7,ATGAGGAATAGCGAGTCGCA,0,3969514
xdhAp1,0.125,7,7,ATGAGCAGTGGTATGGCGGC,0,3929353
xdhAp1,0.125,7,7,ATCTCATACATATACCACGG,0,3961655
xdhAp1,0.125,7,7,ATCTATTGGATAATCATCGT,0,3948326
xdhAp1,0.125,7,7,ATCTAATGGCTGGTAGGTTT,0,3942767
xdhAp1,0.125,7,7,ATCGCGGTACGGCTCGATAG,0,3973958
xdhAp1,0.125,7,7,ATCATTTGTTAGGAGACACT,0,3932540
xdhAp1,0.125,7,7,ATCATGTCTACGTGTAATGT,0,3941406
xdhAp1,0.125,7,7,ATCATATGACATGTCACTTG,0,3950825
xdhAp1,0.125,7,7,ATCAACGCAGAAAACCTCCA,0,3965236
xdhAp1,0.125,7,7,ATATTTTTACTACGCTATGA,0,3949868
xdhAp1,0.125,7,7,ATATTGAATTCCCAAATAAG,0,3933423
xdhAp1,0.125,7,7,ATATCACATAATGCGTTATC,0,3956752
xdhAp1,0.125,7,7,ATAGTTAAAGTTCGCAAGTG,0,3950199
xdhAp1,0.125,7,7,ATAGGTATAGGAACTAGAGG,0,3951943
xdhAp1,0.125,7,7,ATAGGGTATATGCTATGCAA,0,3943933
xdhAp1,0.125,7,7,ATAGGGGTAAAACAATCCAT,0,3929091
xdhAp1,0.125,7,7,ATACGCCCACCTAGTGGTGT,0,3969630
xdhAp1,0.125,7,7,ATACCAAACTTGATATTACA,0,3936440
xdhAp1,0.125,7,7,ATAAGCCAGGTCAAGAAAAC,0,3940922
xdhAp1,0.125,7,7,ATAAATGCTATAAGAGACAT,0,3937198
xdhAp1,0.125,7,7,ATAAATCCAGCCAAACGTAT,0,3960855
xdhAp1,0.125,7,7,AGTTTTGCCAGATGCGTGAC,0,3958086
xdhAp1,0.125,7,7,AGTTTGAGGTCGGAGGTCTA,0,3932911
xdhAp1,0.125,7,7,AGTGTGGGTCCAATGAATCG,0,3968001
xdhAp1,0.125,7,7,AGTATATAAAACCGCTAAAT,0,3940181
xdhAp1,0.125,7,7,AGGTGTGACGGTTGTAGCCT,0,3938930
xdhAp1,0.125,7,7,AGGTCTATCGCCAGACGTAA,0,3962524
xdhAp1,0.125,7,7,AGGTATGAACAGAGGTAACA,0,3977557
xdhAp1,0.125,7,7,AGGTATCCCGCCTCAAGACT,0,3960090
xdhAp1,0.125,7,7,AGGCTTACGCGGGTTCCTAT,0,3973985
xdhAp1,0.125,7,7,AGGCGCTGGTGTACAGCATA,0,3966302
xdhAp1,0.125,7,7,AGCTTTAAGGATGGGACGGC,0,3943625
xdhAp1,0.125,7,7,AGCTGGTTACTTATGGTGAA,0,3943633
xdhAp1,0.125,7,7,AGCGTAGAGGGGCTCTTAAA,0,3962459
xdhAp1,0.125,7,7,AGCGGTAGAAAACGAGGCAA,0,3954255
xdhAp1,0.125,7,7,AGCGCGCACATGAGACTCAT,0,3960922
xdhAp1,0.125,7,7,AGCGACATCCGACTCTAATT,0,3953568
xdhAp1,0.125,7,7,AGCCTCGTCCATTGTGCCAC,0,3964977
xdhAp1,0.125,7,7,AGCCTATCGACAGCCCTGGC,0,3933235
xdhAp1,0.125,7,7,AGCCGCGAGAGGGTGCGTAA,0,3958391
xdhAp1,0.125,7,7,AGCCCCCCGTCCCAAGCTGT,0,3936153
xdhAp1,0.125,7,7,AGCAGCGAGCTCTCGCATAC,0,3949527
xdhAp1,0.125,7,7,AGCAACTTCAGCGCATGATG,0,3947553
xdhAp1,0.125,7,7,AGATTTCTCAGGCTCCTCTT,0,3939421
xdhAp1,0.125,7,7,AGATTGCAAACTGAGAACGG,0,3951686
xdhAp1,0.125,7,7,AGATGCTGAAGACTGCGCGC,0,3965933
xdhAp1,0.125,7,7,AGAGTTCCTTGAATGATTCA,0,3947558
xdhAp1,0.125,7,7,AGAGGCCTTGTGCAGGCTAA,0,3946068
xdhAp1,0.125,7,7,AGACGGGATGTATCAGCTCA,0,3937214
xdhAp1,0.125,7,7,AGACCCCTATTGAGTGATGG,0,3958773
xdhAp1,0.125,7,7,ACTTTTCATCGAACCAAGTG,0,3957126
xdhAp1,0.125,7,7,ACTTGCGCGTCGCTAGCAAT,0,3976689
xdhAp1,0.125,7,7,ACTGAAGTTGTACCACATTT,0,3942385
xdhAp1,0.125,7,7,ACTCCCAAGAATGACTGGGA,0,3979180
xdhAp1,0.125,7,7,ACTACAAATGTAAGCACCTG,0,3963464
xdhAp1,0.125,7,7,ACGTTCGGGTTTGGTCATCG,0,3930081
xdhAp1,0.125,7,7,ACGGTCCTGTCTAACCTGGT,0,3934548
xdhAp1,0.125,7,7,ACGGGAGGTCCAAACAGTTC,0,3933240
xdhAp1,0.125,7,7,ACGGGACCCTAAAATACCAG,0,3958254
xdhAp1,0.125,7,7,ACGGAGTTTCCCGAACGCAG,0,3963366
xdhAp1,0.125,7,7,ACGCGGCCGCGCGATGTCAG,0,3977958
xdhAp1,0.125,7,7,ACGCGCGATGTCTGGGGGTT,0,3966462
xdhAp1,0.125,7,7,ACGATTTCGGACATTAGCTC,0,3981462
xdhAp1,0.125,7,7,ACGAAGTCGAGGCTTTAACC,0,3932753
xdhAp1,0.125,7,7,ACCTGCAGTCTGGGGTACAC,0,3971948
xdhAp1,0.125,7,7,ACCGTTCGAACATGCCGACT,0,3962797
xdhAp1,0.125,7,7,ACCGAGTTTCCACCTTCATC,0,3956222
xdhAp1,0.125,7,7,ACCGACCCGTTGGGTGGTTC,0,3947693
xdhAp1,0.125,7,7,ACATTCGCTCAGGTATTTGA,0,3970174
xdhAp1,0.125,7,7,ACATGTGACTCGCCAGGCAG,0,3930279
xdhAp1,0.125,7,7,ACATGCCAGTCACTATATGA,0,3968653
xdhAp1,0.125,7,7,ACATCCATGTAGCCAAAAAG,0,3943117
xdhAp1,0.125,7,7,ACAAATGAATGATTACTATA,0,3955896
xdhAp1,0.125,7,7,ACAAAGTCCGTCGTCTTATA,0,3972916
xdhAp1,0.125,7,7,AATTGCTTTTGCACTGTCAG,0,3954973
xdhAp1,0.125,7,7,AATTGCGGTACGTTTCTATA,0,3969874
xdhAp1,0.125,7,7,AATTCATTAGCGTCGAGGAT,0,3981051
xdhAp1,0.125,7,7,AATGGATATAGTCCCGACAT,0,3947123
xdhAp1,0.125,7,7,AATGAACGTTCGAGTCAACA,0,3940161
xdhAp1,0.125,7,7,AATCGGTTGGGGAAAGGCCC,0,3960509
xdhAp1,0.125,7,7,AATCCGTGAATTCTCCGAGT,0,3952549
xdhAp1,0.125,7,7,AATCAGCTCGCAAATCGCAA,0,3953739
xdhAp1,0.125,7,7,AATATGGATTCATAGATTTA,0,3941408
xdhAp1,0.125,7,7,AATATCGTAACTAGACACCC,0,3963160
xdhAp1,0.125,7,7,AATATACCATTATGGGTTTG,0,3943996
xdhAp1,0.125,7,7,AATAATGGGGTCGTTGAATT,0,3980589
xdhAp1,0.125,7,7,AATAACATTTACTTCACCGT,0,3948635
xdhAp1,0.125,7,7,AAGTGGGACAAATACGCCGT,0,3950339
xdhAp1,0.125,7,7,AAGTACTGGAATCGACTGTC,0,3942154
xdhAp1,0.125,7,7,AAGGTTGCAGCGCAGAAAGA,0,3930758
xdhAp1,0.125,7,7,AAGGTCCTTGGGTCGTCGCT,0,3965697
xdhAp1,0.125,7,7,AAGGAAGACCCCTTCTGGGG,0,3966516
xdhAp1,0.125,7,7,AAGCTGCTATCGTAAAGCTT,0,3939115
xdhAp1,0.125,7,7,AAGCTCTACTCTCCCAGATT,0,3943192
xdhAp1,0.125,7,7,AAGCGAGGCTCGCCTGGCAG,0,3948177
xdhAp1,0.125,7,7,AAGATACGTGATCCGCACCC,0,3950871
xdhAp1,0.125,7,7,AAGACTTCCATGCTCATCGT,0,3946323
xdhAp1,0.125,7,7,AAGACTCAAAGTGTAGGCTG,0,3941751
xdhAp1,0.125,7,7,AAGAAAACGCAAAAAGTTCA,0,3978212
xdhAp1,0.125,7,7,AACTGTTGTAATGAGCCTAA,0,3931257
xdhAp1,0.125,7,7,AACTGAAAATAACTTCATGA,0,3964551
xdhAp1,0.125,7,7,AACTAGGATATCTCCGTTAT,0,3981270
xdhAp1,0.125,7,7,AACTACCCCCCACGGCCTTT,0,3962725
xdhAp1,0.125,7,7,AACGGAACGCGCCCGCATAT,0,3933570
xdhAp1,0.125,7,7,AACCGGCAAAACGAGCGCAG,0,3953150
xdhAp1,0.125,7,7,AACCCGGACCTCAAAATTAA,0,3970445
xdhAp1,0.125,7,7,AACAGGACCCACTTGCCTCA,0,3975471
xdhAp1,0.125,7,7,AACAGAAAGACTCAGGGAGG,0,3969644
xdhAp1,0.125,7,7,AAATTCCGTATAAGTCTAGT,0,3958909
xdhAp1,0.125,7,7,AAATTAGCTCGAAACCAGTT,0,3944501
xdhAp1,0.125,7,7,AAATCGTCGCCCTCGCTTCA,0,3964196
xdhAp1,0.125,7,7,AAAGTTCGCATGCTAGCGTA,0,3934571
xdhAp1,0.125,7,7,AAACTAAGATTAAGAGTGTT,0,3957024
xdhAp1,0.125,7,7,AAACGATGGACAACGCGACT,0,3948091
xdhAp1,0.125,7,7,AAACCCCTTCCAAGCCGTAC,0,3963520
xdhAp1,0.125,7,7,AAAATTGGATACGATTAGGT,0,3958134
xdhAp1,0.125,7,7,AAAAAAGAGATTTTTATGGA,0,3971856
xdhAp1,0.14285714285714285,6,6,TTTTGCAATCTAGTCCAACG,0,3956290
xdhAp1,0.14285714285714285,6,6,TTTTATGCCCGCGGCGGGTC,0,3963079
xdhAp1,0.14285714285714285,6,6,TTTGGTCTCTCGGAAGGTCT,0,3950167
xdhAp1,0.14285714285714285,6,6,TTTGGGCCTCTTAGCTGCTT,0,3941786
xdhAp1,0.14285714285714285,6,6,TTTGGCGTGAGTGCACATCT,0,3947481
xdhAp1,0.14285714285714285,6,6,TTTCGCTTGATCTGGTATTC,0,3931701
xdhAp1,0.14285714285714285,6,6,TTTCCGCATTAATGGCTTTG,0,3940359
xdhAp1,0.14285714285714285,6,6,TTTCCCCGCATCAGGCAGAA,0,3944916
xdhAp1,0.14285714285714285,6,6,TTTATGTCATCAATGAACAC,0,3940343
xdhAp1,0.14285714285714285,6,6,TTTAACGTGACGTCACGCTC,0,3956715
xdhAp1,0.14285714285714285,6,6,TTGGTCTATAAGTGCGTATT,0,3960885
xdhAp1,0.14285714285714285,6,6,TTGGGCTTCGATTGCTACTC,0,3945857
xdhAp1,0.14285714285714285,6,6,TTGGCTTGCTGGCGTCAGAT,0,3952170
xdhAp1,0.14285714285714285,6,6,TTGGCAACCACTCTTGTATC,0,3942601
xdhAp1,0.14285714285714285,6,6,TTGGAGGCGACTCTCTATAT,0,3935933
xdhAp1,0.14285714285714285,6,6,TTGGAGAACGCGTCTCCGGC,0,3963885
xdhAp1,0.14285714285714285,6,6,TTGCGTGTTGATCCAACCCT,0,3950705
xdhAp1,0.14285714285714285,6,6,TTGAGTCGGGAAGTTCTTAA,0,3937294
xdhAp1,0.14285714285714285,6,6,TTGAGGTTCGGGGAGCTGAC,0,3969490
xdhAp1,0.14285714285714285,6,6,TTGACCGCCATCTCGTTGTG,0,3951718
xdhAp1,0.14285714285714285,6,6,TTCTTCGTGCAGATTTAAGC,0,3934734
xdhAp1,0.14285714285714285,6,6,TTCTACCTTGGATAGCTGGA,0,3945843
xdhAp1,0.14285714285714285,6,6,TTCGGGGTACGCAGATGAGG,0,3939488
xdhAp1,0.14285714285714285,6,6,TTCGATAGCAAGGAAACGAT,0,3938541
xdhAp1,0.14285714285714285,6,6,TTCCGCTCAAATACTCAGGG,0,3959253
xdhAp1,0.14285714285714285,6,6,TTCCGCCATAGTCGAAGCCC,0,3933563
xdhAp1,0.14285714285714285,6,6,TTCCCGGATCGGGAGGTCCG,0,3948044
xdhAp1,0.14285714285714285,6,6,TTCAGTCCTTGAGCTGGTAC,0,3943266
xdhAp1,0.14285714285714285,6,6,TTATTTGCTATGTGGCTCGT,0,3939640
xdhAp1,0.14285714285714285,6,6,TTATTCGTCGCCGGGCTGGG,0,3976849
xdhAp1,0.14285714285714285,6,6,TTATGAGTATTAATCAAGTA,0,3932706
xdhAp1,0.14285714285714285,6,6,TTATCGAAGCCACGCGTTGG,0,3946155
xdhAp1,0.14285714285714285,6,6,TTAGTGTGCGACCCATTGCG,0,3972100
xdhAp1,0.14285714285714285,6,6,TTAGGTATTGTATGACTTTG,0,3969406
xdhAp1,0.14285714285714285,6,6,TTAGGAGTACTAGATCTGTA,0,3951868
xdhAp1,0.14285714285714285,6,6,TTAGCTCCTATGGACTCTGA,0,3942753
xdhAp1,0.14285714285714285,6,6,TTAGCTACGGCGGTTGGGTG,0,3940907
xdhAp1,0.14285714285714285,6,6,TTAGCGACTTGGAGGCTATT,0,3981323
xdhAp1,0.14285714285714285,6,6,TTACGGCTTGGCGTAGTTGC,0,3951694
xdhAp1,0.14285714285714285,6,6,TTACGGCCCGGTCCAACTAT,0,3934833
xdhAp1,0.14285714285714285,6,6,TTACAGAAATCATAGAGATC,0,3961033
xdhAp1,0.14285714285714285,6,6,TTAATAGAAAGTAGAGCCAC,0,3961167
xdhAp1,0.14285714285714285,6,6,TTAAGCCCGAGTCGTTTGAT,0,3930137
xdhAp1,0.14285714285714285,6,6,TTAACAGCCCGTCTGTGTTC,0,3969695
xdhAp1,0.14285714285714285,6,6,TTAAAACTCCCCCTATTTCG,0,3944942
xdhAp1,0.14285714285714285,6,6,TGTTGCCCCGGATGGACATA,0,3944998
xdhAp1,0.14285714285714285,6,6,TGTTCTCTGTTGGGAAATCT,0,3978842
xdhAp1,0.14285714285714285,6,6,TGTGGGATTGCTCGACCATC,0,3955479
xdhAp1,0.14285714285714285,6,6,TGTCTCTGTCGAGGGTGTTC,0,3941106
xdhAp1,0.14285714285714285,6,6,TGTAGACCTGCCACTATTAT,0,3953869
xdhAp1,0.14285714285714285,6,6,TGTACCGTGTTCTTGTATCA,0,3948621
xdhAp1,0.14285714285714285,6,6,TGTAAGTGATTGCGATGCCT,0,3962570
xdhAp1,0.14285714285714285,6,6,TGGTAAGGGTGAACGAAGTG,0,3972856
xdhAp1,0.14285714285714285,6,6,TGGGTACACCACGGCTTAAT,0,3939347
xdhAp1,0.14285714285714285,6,6,TGGGGAGAACTAGAGACGAT,0,3945909
xdhAp1,0.14285714285714285,6,6,TGGCTGATTCATCCCTGACC,0,3934240
xdhAp1,0.14285714285714285,6,6,TGGCGCGTCCGTCAGCCCAG,0,3945284
xdhAp1,0.14285714285714285,6,6,TGGCCGCTTGCGGTAAGTCA,0,3939554
xdhAp1,0.14285714285714285,6,6,TGGATTAGATGAGGAGAGCT,0,3957221
xdhAp1,0.14285714285714285,6,6,TGGATGCAGGCCGCGTGGTA,0,3970368
xdhAp1,0.14285714285714285,6,6,TGGACCAGGACTTTAACGAA,0,3941028
xdhAp1,0.14285714285714285,6,6,TGCTTCTCCTCGTTTAATCC,0,3971162
xdhAp1,0.14285714285714285,6,6,TGCTGGATTCGGCAAAAGTA,0,3934897
xdhAp1,0.14285714285714285,6,6,TGCCAGAGTCATCGAATGAT,0,3962418
xdhAp1,0.14285714285714285,6,6,TGCAGTCCGCTGGCTGACAC,0,3967595
xdhAp1,0.14285714285714285,6,6,TGCAGAGAGCGCCGACTTTG,0,3929442
xdhAp1,0.14285714285714285,6,6,TGATTCCATTTCAAGAGGGT,0,3936586
xdhAp1,0.14285714285714285,6,6,TGATTAACTCCTGGCATGAG,0,3974821
xdhAp1,0.14285714285714285,6,6,TGATGGCCTTTGCTTTGAAG,0,3958965
xdhAp1,0.14285714285714285,6,6,TGATGGCCTTTAGCTCATAT,0,3973273
xdhAp1,0.14285714285714285,6,6,TGATCGGGTCAGACGGCTAC,0,3939871
xdhAp1,0.14285714285714285,6,6,TGATCAATGTCAGACAGCCA,0,3933283
xdhAp1,0.14285714285714285,6,6,TGACGTGGTACCTAAGCAGT,0,3966685
xdhAp1,0.14285714285714285,6,6,TGAACGACGAATGTCTCACC,0,3959448
xdhAp1,0.14285714285714285,6,6,TCTTGGCTACCAAGAAACGA,0,3968188
xdhAp1,0.14285714285714285,6,6,TCTTGCCAGTTCATCCGGTA,0,3966219
xdhAp1,0.14285714285714285,6,6,TCTTATCATCCGTACCTTGG,0,3957694
xdhAp1,0.14285714285714285,6,6,TCTGCGTGGAAGTGGATGAG,0,3971716
xdhAp1,0.14285714285714285,6,6,TCTGCAAAACCGGGACGTTA,0,3978831
xdhAp1,0.14285714285714285,6,6,TCTGAGGGGATGGATGTTCA,0,3963364
xdhAp1,0.14285714285714285,6,6,TCTGACTAACTAGAGAAATT,0,3964631
xdhAp1,0.14285714285714285,6,6,TCTGAATTGTGCGTTGAATT,0,3976877
xdhAp1,0.14285714285714285,6,6,TCTCTTGCGAAACTTGCTTA,0,3958084
xdhAp1,0.14285714285714285,6,6,TCTCTATGGAGATGTTATGA,0,3947158
xdhAp1,0.14285714285714285,6,6,TCTCTATACCAAGGGTTGGA,0,3935629
xdhAp1,0.14285714285714285,6,6,TCTCCGCAATCCGGAAGCGC,0,3960574
xdhAp1,0.14285714285714285,6,6,TCTCACGATGTCCAATATTC,0,3970905
xdhAp1,0.14285714285714285,6,6,TCTAGGCCAGTCTGATAAAT,0,3929465
xdhAp1,0.14285714285714285,6,6,TCTACAGAGCCATGGTTAGT,0,3929180
xdhAp1,0.14285714285714285,6,6,TCTAATATGTGCAACTGTCA,0,3958663
xdhAp1,0.14285714285714285,6,6,TCGTCTCCCCGAGCACTAAT,0,3940678
xdhAp1,0.14285714285714285,6,6,TCGTATAGATGTGCTCTCAT,0,3981152
xdhAp1,0.14285714285714285,6,6,TCGTAGTCGGTTGGGGTCTG,0,3959418
xdhAp1,0.14285714285714285,6,6,TCGGTGACAGCGCATTCTAC,0,3936670
xdhAp1,0.14285714285714285,6,6,TCGGTATGCTAAGAGTCACA,0,3940173
xdhAp1,0.14285714285714285,6,6,TCGGAGCGTAAGATGCGGGT,0,3956211
xdhAp1,0.14285714285714285,6,6,TCGCCCAACTTAGCGCTTTT,0,3936916
xdhAp1,0.14285714285714285,6,6,TCGAGCGTAGAATGGGGTAC,0,3929998
xdhAp1,0.14285714285714285,6,6,TCGAATCCCTGGTCATCTGG,0,3934094
xdhAp1,0.14285714285714285,6,6,TCCTAGGTTACGTTGACGGT,0,3952530
xdhAp1,0.14285714285714285,6,6,TCCGAAGCCCTGACTTATAA,0,3972539
xdhAp1,0.14285714285714285,6,6,TCCCTTTATTGCCGCCAATA,0,3957341
xdhAp1,0.14285714285714285,6,6,TCCCGAACGGTTTGACATGA,0,3947824
xdhAp1,0.14285714285714285,6,6,TCCCCACTGTTTAGTACTGT,0,3948522
xdhAp1,0.14285714285714285,6,6,TCCATTTATGGAACGAAAAG,0,3962847
xdhAp1,0.14285714285714285,6,6,TCCAGCCGACGTACGAAACG,0,3956039
xdhAp1,0.14285714285714285,6,6,TCCAAAAAGCTCTGATGTTC,0,3945525
xdhAp1,0.14285714285714285,6,6,TCATTATGGGCTCTTAGCTC,0,3969321
xdhAp1,0.14285714285714285,6,6,TCATGCTCGGTATCCCAGGT,0,3946204
xdhAp1,0.14285714285714285,6,6,TCATGCGGTCCCATCGTGGT,0,3973257
xdhAp1,0.14285714285714285,6,6,TCAGTTCGACGAGGTTCACG,0,3970035
xdhAp1,0.14285714285714285,6,6,TCAGTCCCGAAGCGACAGAT,0,3933393
xdhAp1,0.14285714285714285,6,6,TCAGGGAGTTTCGGTAATCT,0,3930466
xdhAp1,0.14285714285714285,6,6,TCAGGCATTTGTCGGATTTC,0,3952020
xdhAp1,0.14285714285714285,6,6,TCAGATAACCATTCGATCAT,0,3956956
xdhAp1,0.14285714285714285,6,6,TCACTCGTTATTTCTTGGCG,0,3951610
xdhAp1,0.14285714285714285,6,6,TCACTCAAGTAAGATGGCTC,0,3965408
xdhAp1,0.14285714285714285,6,6,TCACGTTGAAAGGGGGACTT,0,3967990
xdhAp1,0.14285714285714285,6,6,TCACCTAGACAAGGGGGGCA,0,3929843
xdhAp1,0.14285714285714285,6,6,TCACCCTCTCTTTCGATGTC,0,3941333
xdhAp1,0.14285714285714285,6,6,TATTCGTTGAGACACGTTAG,0,3933023
xdhAp1,0.14285714285714285,6,6,TATTCGCTTGGATAGCAGGA,0,3959874
xdhAp1,0.14285714285714285,6,6,TATTCCTGTAGCCCAAGAAT,0,3969283
xdhAp1,0.14285714285714285,6,6,TATGGTTACGCTATACCAGA,0,3953489
xdhAp1,0.14285714285714285,6,6,TATGGCCTACAGGAGAGATA,0,3979498
xdhAp1,0.14285714285714285,6,6,TATGAGATCCGGCTGCGTCG,0,3930302
xdhAp1,0.14285714285714285,6,6,TATCTGTTGCGCGGGAACAT,0,3974304
xdhAp1,0.14285714285714285,6,6,TATCTAGGGATGAGCAAGTA,0,3980458
xdhAp1,0.14285714285714285,6,6,TATCGGGACGCTATTGGGCA,0,3939238
xdhAp1,0.14285714285714285,6,6,TATCAGCGATCCACAGCAGC,0,3949597
xdhAp1,0.14285714285714285,6,6,TATACGCAATGCTCGACGTA,0,3962537
xdhAp1,0.14285714285714285,6,6,TATACCCGGGATGTTACTTC,0,3931163
xdhAp1,0.14285714285714285,6,6,TATACAGAAATTCTGGTGTC,0,3975980
xdhAp1,0.14285714285714285,6,6,TATAATCTCAGCTGCCTTGA,0,3929116
xdhAp1,0.14285714285714285,6,6,TATAACCCTTCTCACAGTAT,0,3951020
xdhAp1,0.14285714285714285,6,6,TAGCCCCCCACGTGGGCTCG,0,3980297
xdhAp1,0.14285714285714285,6,6,TAGAATCTCTATAGGAATGT,0,3979666
xdhAp1,0.14285714285714285,6,6,TACGTGTAGGTAATCGTGAT,0,3949250
xdhAp1,0.14285714285714285,6,6,TACCTGATAGGGCCAATGAA,0,3960085
xdhAp1,0.14285714285714285,6,6,TACCGAAGAATATGAATCAT,0,3936857
xdhAp1,0.14285714285714285,6,6,TAATTTGAAAGGCCAAGCGA,0,3956418
xdhAp1,0.14285714285714285,6,6,TAATCTTCGCTATCAGACGT,0,3972047
xdhAp1,0.14285714285714285,6,6,TAATCCTCTCTGTATTATTA,0,3953670
xdhAp1,0.14285714285714285,6,6,TAATCAGGTCAGCCTTCGCT,0,3936696
xdhAp1,0.14285714285714285,6,6,TAAGATCCCTGATACGCCAA,0,3932002
xdhAp1,0.14285714285714285,6,6,TAAGATATTCGGGACACTGG,0,3933422
xdhAp1,0.14285714285714285,6,6,TAACTTGTCTGACTTCCTGC,0,3980193
xdhAp1,0.14285714285714285,6,6,TAACTTAGGTGACCGGGAGC,0,3933679
xdhAp1,0.14285714285714285,6,6,TAACATGGTGGATGCACATT,0,3965065
xdhAp1,0.14285714285714285,6,6,TAACATAGCTATTCTCTCTT,0,3940054
xdhAp1,0.14285714285714285,6,6,TAAAAGGCCGCTTAGGTGTA,0,3978982
xdhAp1,0.14285714285714285,6,6,GTTTCTCTCTTGTCTAAAAC,0,3937011
xdhAp1,0.14285714285714285,6,6,GTTTACGTCTTCTCCCATTG,0,3965576
xdhAp1,0.14285714285714285,6,6,GTTGCTGCTGGGTGCGATCT,0,3951711
xdhAp1,0.14285714285714285,6,6,GTTGCGTGCGGTAAGCAACA,0,3973531
xdhAp1,0.14285714285714285,6,6,GTTGCGTACATGCCATAACC,0,3937973
xdhAp1,0.14285714285714285,6,6,GTTCTCGTTCTCGTCATGTA,0,3965881
xdhAp1,0.14285714285714285,6,6,GTTCGGCGTTAGCGCGCGGA,0,3946318
xdhAp1,0.14285714285714285,6,6,GTTATTGTCGAGCCAGTACA,0,3953882
xdhAp1,0.14285714285714285,6,6,GTTATGTTATCAATGGCCGA,0,3981091
xdhAp1,0.14285714285714285,6,6,GTGTTTTATTCAGAGAAAGT,0,3969171
xdhAp1,0.14285714285714285,6,6,GTGTGGATGCACAGAGGGCC,0,3947184
xdhAp1,0.14285714285714285,6,6,GTGTGCCTCCAAGAAAAGAC,0,3957268
xdhAp1,0.14285714285714285,6,6,GTGTGACAGCCCTATTATAT,0,3970156
xdhAp1,0.14285714285714285,6,6,GTGGGGCATGCCGGCGCGGC,0,3964208
xdhAp1,0.14285714285714285,6,6,GTGCTTCTTTACACAATCAC,0,3973598
xdhAp1,0.14285714285714285,6,6,GTGCGGCACGAACCTATACA,0,3964406
xdhAp1,0.14285714285714285,6,6,GTGCATCCGACTCGTCCTAC,0,3962936
xdhAp1,0.14285714285714285,6,6,GTGCAGTCCGTCCGCACAGG,0,3933280
xdhAp1,0.14285714285714285,6,6,GTGATGCCGGATACTATTAC,0,3936225
xdhAp1,0.14285714285714285,6,6,GTGATCCCCCCTGGAGGTTT,0,3930422
xdhAp1,0.14285714285714285,6,6,GTGAGGGAGCATCTAAGTTG,0,3934830
xdhAp1,0.14285714285714285,6,6,GTGAATCCGTCCAGCTTTGG,0,3958190
xdhAp1,0.14285714285714285,6,6,GTCTTAATTTGGATCCCAAT,0,3969344
xdhAp1,0.14285714285714285,6,6,GTCTGTCTACGATCCTACAA,0,3930575
xdhAp1,0.14285714285714285,6,6,GTCTGTACTGTTTTGTCCAG,0,3972373
xdhAp1,0.14285714285714285,6,6,GTCGTACATTACTAAGTGTT,0,3940398
xdhAp1,0.14285714285714285,6,6,GTCGGAGATAGTGGTAACGT,0,3940974
xdhAp1,0.14285714285714285,6,6,GTCGCCACTTTTACGGTTTC,0,3934873
xdhAp1,0.14285714285714285,6,6,GTCGAGCGCGGTCAAAGCAT,0,3969701
xdhAp1,0.14285714285714285,6,6,GTCGAAACAAGAAGGCCAGT,0,3954854
xdhAp1,0.14285714285714285,6,6,GTCCGAAATCTCTGGGCACA,0,3939164
xdhAp1,0.14285714285714285,6,6,GTCCCTGGTGTCGAAGCTGG,0,3955976
xdhAp1,0.14285714285714285,6,6,GTCCACGGAGTACGTAAGCC,0,3967158
xdhAp1,0.14285714285714285,6,6,GTCCACCCAATGGTTCTTGT,0,3931797
xdhAp1,0.14285714285714285,6,6,GTCAGCGTACGAGAACTGTC,0,3944677
xdhAp1,0.14285714285714285,6,6,GTCACTCATGGGGCTCAGCG,0,3979929
xdhAp1,0.14285714285714285,6,6,GTCACTACACTTATAAAATC,0,3966213
xdhAp1,0.14285714285714285,6,6,GTATTCAGATATTCCGGTAG,0,3951584
xdhAp1,0.14285714285714285,6,6,GTATATGTACGAATGACGAG,0,3937435
xdhAp1,0.14285714285714285,6,6,GTAGTCGGTTTAGTCGGTGT,0,3938888
xdhAp1,0.14285714285714285,6,6,GTAGACCCTAGGCACTAGGC,0,3935879
xdhAp1,0.14285714285714285,6,6,GTAGACACGCGATCATACGG,0,3942908
xdhAp1,0.14285714285714285,6,6,GTACAGGTACGTTGCAAATA,0,3932608
xdhAp1,0.14285714285714285,6,6,GTACACGCGTGGAATATAGT,0,3954397
xdhAp1,0.14285714285714285,6,6,GTAACATGGGTACGTGACTA,0,3965883
xdhAp1,0.14285714285714285,6,6,GTAAATAAAACGGGGTTTCA,0,3968809
xdhAp1,0.14285714285714285,6,6,GTAAAATTGGCGTCCATTGG,0,3954136
xdhAp1,0.14285714285714285,6,6,GGTTTCGCTCGTCGCCTGCA,0,3980713
xdhAp1,0.14285714285714285,6,6,GGTTGAACCTTTCGCACAAT,0,3934582
xdhAp1,0.14285714285714285,6,6,GGTTCAAGCATTGCCCTAAA,0,3954723
xdhAp1,0.14285714285714285,6,6,GGTTAATTACATCATAAAGT,0,3968184
xdhAp1,0.14285714285714285,6,6,GGTGGATACAATTGAAAGAG,0,3945450
xdhAp1,0.14285714285714285,6,6,GGTGAAATGTAAGGCTGGTT,0,3952835
xdhAp1,0.14285714285714285,6,6,GGTCATGAGTATTGTACTGA,0,3966854
xdhAp1,0.14285714285714285,6,6,GGTCATAAGCTTCTTACTCA,0,3940196
xdhAp1,0.14285714285714285,6,6,GGTCACCAGGAGAACTGTGA,0,3949234
xdhAp1,0.14285714285714285,6,6,GGTCACATTAGCCACTGCCC,0,3953556
xdhAp1,0.14285714285714285,6,6,GGTATGGCCGTGCTGAGGAT,0,3960442
xdhAp1,0.14285714285714285,6,6,GGTACGGCGGCATCTATCTG,0,3937944
xdhAp1,0.14285714285714285,6,6,GGTAAGACGACCGGCCTGGA,0,3978860
xdhAp1,0.14285714285714285,6,6,GGGTTTGTCTTTGAGCCGAA,0,3973215
xdhAp1,0.14285714285714285,6,6,GGGTTCCTATTATTCTTCGC,0,3967125
xdhAp1,0.14285714285714285,6,6,GGGTGAGATCACGATATTGT,0,3971105
xdhAp1,0.14285714285714285,6,6,GGGGTTGGTGCGCAGACTGT,0,3951856
xdhAp1,0.14285714285714285,6,6,GGGGCACCCCGTTCGGTTGT,0,3956311
xdhAp1,0.14285714285714285,6,6,GGGCTTTGGGGACTAAAGGT,0,3929087
xdhAp1,0.14285714285714285,6,6,GGGAGCGGGTGCTCAGATCG,0,3967102
xdhAp1,0.14285714285714285,6,6,GGGAGCCTATTAAATCCGCA,0,3961740
xdhAp1,0.14285714285714285,6,6,GGGAGAACTGTCGCTTTTCA,0,3947961
xdhAp1,0.14285714285714285,6,6,GGGAATATGGGGCTCGCCGA,0,3935350
xdhAp1,0.14285714285714285,6,6,GGCTTTTGATTCACGGCACT,0,3980251
xdhAp1,0.14285714285714285,6,6,GGCTTACTCGTCTTGGCCTT,0,3954572
xdhAp1,0.14285714285714285,6,6,GGCTGCTTAAAATGGTGCAG,0,3954218
xdhAp1,0.14285714285714285,6,6,GGCTGCTATCGTCAAATACA,0,3952185
xdhAp1,0.14285714285714285,6,6,GGCTGCCTTTATCCAGCGGT,0,3955953
xdhAp1,0.14285714285714285,6,6,GGCTCGGCGATCCAGAACGA,0,3972074
xdhAp1,0.14285714285714285,6,6,GGCTCAGGTAAATATGTCTC,0,3945045
xdhAp1,0.14285714285714285,6,6,GGCTATGCAGCATGAGGGGA,0,3932789
xdhAp1,0.14285714285714285,6,6,GGCTACCGATGTGTGACGCC,0,3934124
xdhAp1,0.14285714285714285,6,6,GGCGGATCCTACAAGCAAAG,0,3969137
xdhAp1,0.14285714285714285,6,6,GGCGCCGTATCTCATGTGTG,0,3961697
xdhAp1,0.14285714285714285,6,6,GGCCTGGAACAAACATGAAA,0,3971385
xdhAp1,0.14285714285714285,6,6,GGCCCCTCTGGATACACAAC,0,3957155
xdhAp1,0.14285714285714285,6,6,GGCCCACGCCTTAGTTAGGG,0,3952222
xdhAp1,0.14285714285714285,6,6,GGCCAAACTCCGACTGCCGA,0,3929305
xdhAp1,0.14285714285714285,6,6,GGCAGTGTTACGCCACACGG,0,3948519
xdhAp1,0.14285714285714285,6,6,GGCAGGTATGGAGGGTCTGG,0,3949031
xdhAp1,0.14285714285714285,6,6,GGCAGCGGGCCTCTCGTCAG,0,3950509
xdhAp1,0.14285714285714285,6,6,GGCACCCGCAATTTTATCTT,0,3956403
xdhAp1,0.14285714285714285,6,6,GGCAAAGTCCATTCAAAGCA,0,3979550
xdhAp1,0.14285714285714285,6,6,GGATCACCGTGCAAGGAAAA,0,3955194
xdhAp1,0.14285714285714285,6,6,GGAGTTGCCCTATCAGGTAT,0,3945878
xdhAp1,0.14285714285714285,6,6,GGAGTTCGGTCAACGTCAAC,0,3966295
xdhAp1,0.14285714285714285,6,6,GGAGGGTGACGCGGGGAGAT,0,3971858
xdhAp1,0.14285714285714285,6,6,GGAGGGAAGGGGCCAACCCC,0,3974745
xdhAp1,0.14285714285714285,6,6,GGAGGATCAAATGGGTATAG,0,3948846
xdhAp1,0.14285714285714285,6,6,GGAGATGGTGACATCTCAAT,0,3937930
xdhAp1,0.14285714285714285,6,6,GGACGTGTAGCATCCGATAT,0,3951533
xdhAp1,0.14285714285714285,6,6,GGACCCTCTTCGGTGGTTCA,0,3956889
xdhAp1,0.14285714285714285,6,6,GGAATCCCGTGTGGTCTTGT,0,3980642
xdhAp1,0.14285714285714285,6,6,GGAAGATAACGTCGGTAGCC,0,3956029
xdhAp1,0.14285714285714285,6,6,GGAAACTCTGTCCGATGTAT,0,3941323
xdhAp1,0.14285714285714285,6,6,GCTTTGTACTGGTATAACCA,0,3944199
xdhAp1,0.14285714285714285,6,6,GCTTACACGCCTCGATTGAT,0,3967253
xdhAp1,0.14285714285714285,6,6,GCTGTACATGTAGGGGAGTA,0,3948188
xdhAp1,0.14285714285714285,6,6,GCTGGGTCGGGCGCTGGCAG,0,3937136
xdhAp1,0.14285714285714285,6,6,GCTGAACGATTGATAGAAGC,0,3974041
xdhAp1,0.14285714285714285,6,6,GCTCGGATATGCGTGGAGTC,0,3974958
xdhAp1,0.14285714285714285,6,6,GCTATTCGGCACACGTTCGC,0,3968397
xdhAp1,0.14285714285714285,6,6,GCTATGTTGACCCTGTCTAA,0,3935181
xdhAp1,0.14285714285714285,6,6,GCTATAATCCCAGTGCGCTG,0,3958584
xdhAp1,0.14285714285714285,6,6,GCGTTCTTTCTACTCTTTGT,0,3979726
xdhAp1,0.14285714285714285,6,6,GCGTACAGGGGTATCGGCTG,0,3936311
xdhAp1,0.14285714285714285,6,6,GCGGTAGCGTTTCTCCGTCA,0,3955819
xdhAp1,0.14285714285714285,6,6,GCGGTAAATAGCGGGCGGCT,0,3956227
xdhAp1,0.14285714285714285,6,6,GCGGGTTTCCGGGTAACCTT,0,3964969
xdhAp1,0.14285714285714285,6,6,GCGGGACGGGAATGAGTGGA,0,3954881
xdhAp1,0.14285714285714285,6,6,GCGGCGCAGTGGCCGGTATT,0,3980149
xdhAp1,0.14285714285714285,6,6,GCGGACTCAAGGGCTGCTAA,0,3931028
xdhAp1,0.14285714285714285,6,6,GCGCCGTACGTTTATAAGGG,0,3948409
xdhAp1,0.14285714285714285,6,6,GCGCAATGGATGAAATTGCA,0,3930067
xdhAp1,0.14285714285714285,6,6,GCGCAAGAGCTCCATATCCA,0,3974854
xdhAp1,0.14285714285714285,6,6,GCGCAAATGAGGATCCAGGT,0,3959690
xdhAp1,0.14285714285714285,6,6,GCGATGAAAGGTAACTATAA,0,3931204
xdhAp1,0.14285714285714285,6,6,GCGAGCGTGTATGAGGTGGA,0,3946167
xdhAp1,0.14285714285714285,6,6,GCGAGATACTAAGTCGCGAT,0,3968815
xdhAp1,0.14285714285714285,6,6,GCCTTACATTCAACGATTGT,0,3955081
xdhAp1,0.14285714285714285,6,6,GCCTGAGGACTACAAGCTGA,0,3960790
xdhAp1,0.14285714285714285,6,6,GCCTATCCGCCTGATAAACC,0,3948756
xdhAp1,0.14285714285714285,6,6,GCCGCTTTTTTAACCGTACC,0,3959837
xdhAp1,0.14285714285714285,6,6,GCCGCTGGGGCGGGGAACCT,0,3949356
xdhAp1,0.14285714285714285,6,6,GCCGCCCAGTCCGATTCGTT,0,3931746
xdhAp1,0.14285714285714285,6,6,GCCGATCCATTTGCTCAGGA,0,3981187
xdhAp1,0.14285714285714285,6,6,GCCAATCGGACACCGTCCAC,0,3948320
xdhAp1,0.14285714285714285,6,6,GCCAACAGCGGGTTGGAAGG,0,3978026
xdhAp1,0.14285714285714285,6,6,GCATGCACTACGAACAGGTC,0,3962427
xdhAp1,0.14285714285714285,6,6,GCATCACCAGTTTATAAACA,0,3941895
xdhAp1,0.14285714285714285,6,6,GCATAATATAGTCAAGCCGG,0,3929444
xdhAp1,0.14285714285714285,6,6,GCAGGTTACGTGGGACATAA,0,3975367
xdhAp1,0.14285714285714285,6,6,GCAGGGCATCGTTGTTCGGC,0,3981188
xdhAp1,0.14285714285714285,6,6,GCAGGAAGGATCCCACGGCG,0,3951806
xdhAp1,0.14285714285714285,6,6,GCACTTTGGGTGGAGCAACG,0,3937738
xdhAp1,0.14285714285714285,6,6,GCACGTAAGCCCAGCCAATC,0,3949882
xdhAp1,0.14285714285714285,6,6,GCACCTGGAATCGTTGATTT,0,3965082
xdhAp1,0.14285714285714285,6,6,GCACCACTGTTGACTATCCT,0,3979005
xdhAp1,0.14285714285714285,6,6,GCACATAATGATTAATGGAT,0,3932165
xdhAp1,0.14285714285714285,6,6,GCAATAGGGTTAGACGAATA,0,3980138
xdhAp1,0.14285714285714285,6,6,GCAAGTCTTTAGCTTACGGA,0,3939864
xdhAp1,0.14285714285714285,6,6,GCAACTTGTCCTTTAAGACA,0,3966168
xdhAp1,0.14285714285714285,6,6,GCAAAGGACCTCGGCCATAC,0,3967607
xdhAp1,0.14285714285714285,6,6,GATTGGTGGGCGTACGTCAA,0,3955482
xdhAp1,0.14285714285714285,6,6,GATGTCGTCAATAAGTGTTC,0,3930294
xdhAp1,0.14285714285714285,6,6,GATGGCTGCGTTCTCGCCTG,0,3954962
xdhAp1,0.14285714285714285,6,6,GATCGTCATCGACTCCGAAA,0,3971012
xdhAp1,0.14285714285714285,6,6,GATCCCGACATCCGGTCAAA,0,3977132
xdhAp1,0.14285714285714285,6,6,GATATTCGAAACAGCATTTG,0,3950045
xdhAp1,0.14285714285714285,6,6,GAGTCGTCGCTGCATCCTCC,0,3934944
xdhAp1,0.14285714285714285,6,6,GAGTCAGGACTGATCAGTTT,0,3976545
xdhAp1,0.14285714285714285,6,6,GAGGGCTGACGCACTGACGC,0,3940235
xdhAp1,0.14285714285714285,6,6,GAGGGATCGACGTCGGCCAT,0,3952723
xdhAp1,0.14285714285714285,6,6,GAGGCTAAATTCTGGCGCGT,0,3939679
xdhAp1,0.14285714285714285,6,6,GAGGATCGACTAATCTCACG,0,3935433
xdhAp1,0.14285714285714285,6,6,GAGACACGGCGCTATCCGTT,0,3959974
xdhAp1,0.14285714285714285,6,6,GACTGAATGAAAGCAACTGC,0,3941248
xdhAp1,0.14285714285714285,6,6,GACTCACTTTGTCATTGCGT,0,3964030
xdhAp1,0.14285714285714285,6,6,GACTACACGCGAAGCTATCA,0,3964901
xdhAp1,0.14285714285714285,6,6,GACGTACGCGCGGTTATCGC,0,3974396
xdhAp1,0.14285714285714285,6,6,GACGGCGGGTTCTGAACGGT,0,3961523
xdhAp1,0.14285714285714285,6,6,GACGCGGGTAAGGTTGAATC,0,3933027
xdhAp1,0.14285714285714285,6,6,GACCGCATGTTATATACCAG,0,3937177
xdhAp1,0.14285714285714285,6,6,GACCCTCGAGAACTCTGTTT,0,3946241
xdhAp1,0.14285714285714285,6,6,GACCATTCCGCGATGCAAGG,0,3956950
xdhAp1,0.14285714285714285,6,6,GACATGTGACTCTGGGCGGA,0,3949300
xdhAp1,0.14285714285714285,6,6,GACACGATTGCAATTATGTA,0,3962150
xdhAp1,0.14285714285714285,6,6,GACAATGGGACTTCGACAAA,0,3930664
xdhAp1,0.14285714285714285,6,6,GAATCTTTGATACATCACAT,0,3932934
xdhAp1,0.14285714285714285,6,6,GAATCGGAGAAGGCTCGCCG,0,3964275
xdhAp1,0.14285714285714285,6,6,GAATAAAGTTTAAGCGCTGA,0,3938808
xdhAp1,0.14285714285714285,6,6,GAAGTGACGTCTCAGCTAGT,0,3944634
xdhAp1,0.14285714285714285,6,6,GAAGCTCATGGCGCCCCCTG,0,3962562
xdhAp1,0.14285714285714285,6,6,GAAGAGTTATTGTCAATAGT,0,3929445
xdhAp1,0.14285714285714285,6,6,GAAGAGGAAGATCACATTTG,0,3950268
xdhAp1,0.14285714285714285,6,6,GAACTTGGTGAAGTAAGTAA,0,3963503
xdhAp1,0.14285714285714285,6,6,GAACTTAGTGAAGCCCCCTT,0,3978411
xdhAp1,0.14285714285714285,6,6,GAACATGGGCGTTGATGTTG,0,3961897
xdhAp1,0.14285714285714285,6,6,GAACATAGGTCAATCATTTG,0,3974439
xdhAp1,0.14285714285714285,6,6,GAACAGGCACCCCCTACACC,0,3967358
xdhAp1,0.14285714285714285,6,6,GAAATGACTCTCGCGGGTTC,0,3961944
xdhAp1,0.14285714285714285,6,6,GAAAGTTGTCGCGCCTATTA,0,3977953
xdhAp1,0.14285714285714285,6,6,GAAAGTCAATACTCAGGTGA,0,3980079
xdhAp1,0.14285714285714285,6,6,GAAACAGCTATGCGATCTGA,0,3967975
xdhAp1,0.14285714285714285,6,6,GAAAATAAGTGCTCAGCTCG,0,3935516
xdhAp1,0.14285714285714285,6,6,GAAAACAATGGAGACCGCAA,0,3945872
xdhAp1,0.14285714285714285,6,6,GAAAAACGAGCCCTAGGTTA,0,3971903
xdhAp1,0.14285714285714285,6,6,CTTTGGCACTGTCCAGGGGA,0,3940830
xdhAp1,0.14285714285714285,6,6,CTTCTGATGTTGTGGTTCCG,0,3958242
xdhAp1,0.14285714285714285,6,6,CTTCTCGATGAAAGCTAGCC,0,3975502
xdhAp1,0.14285714285714285,6,6,CTTCTAAGCACCACCCATTC,0,3945763
xdhAp1,0.14285714285714285,6,6,CTTCCCCGTCGCTTTACTTC,0,3946670
xdhAp1,0.14285714285714285,6,6,CTTCCAAGGAGACCGCCGAG,0,3933948
xdhAp1,0.14285714285714285,6,6,CTTCAGCCTGTTTATGAAGT,0,3939615
xdhAp1,0.14285714285714285,6,6,CTTCAAGAGCCACCGGTACA,0,3977901
xdhAp1,0.14285714285714285,6,6,CTTAGTCTCAGAGGTGTCCA,0,3938300
xdhAp1,0.14285714285714285,6,6,CTTAACGGAATGGTACCCCA,0,3975226
xdhAp1,0.14285714285714285,6,6,CTGTGCCTTATACAGTAAGA,0,3938823
xdhAp1,0.14285714285714285,6,6,CTGTGCACGTACTCCGATGG,0,3960543
xdhAp1,0.14285714285714285,6,6,CTGTACCTGGATCCGGGCTT,0,3937105
xdhAp1,0.14285714285714285,6,6,CTGGGAGCCTTCAAGCATAA,0,3939690
xdhAp1,0.14285714285714285,6,6,CTGGGAAATATTTATACGGG,0,3936641
xdhAp1,0.14285714285714285,6,6,CTGGCATATGGGTATCCTCA,0,3946857
xdhAp1,0.14285714285714285,6,6,CTGCGCTCACTATAGCCAGT,0,3942167
xdhAp1,0.14285714285714285,6,6,CTCTCCGGTGTTGCCTTTGT,0,3932719
xdhAp1,0.14285714285714285,6,6,CTCGTCGGGTTCTTTGCGCT,0,3960586
xdhAp1,0.14285714285714285,6,6,CTCGCTGTGGGCTCTCAAAA,0,3934336
xdhAp1,0.14285714285714285,6,6,CTCAGGGCCTACTATTAGTC,0,3937756
xdhAp1,0.14285714285714285,6,6,CTCAGGCCATACGGTCGATT,0,3933284
xdhAp1,0.14285714285714285,6,6,CTATCCATGACGTCAGGTCT,0,3949084
xdhAp1,0.14285714285714285,6,6,CTATAGGAATTTTTACGATA,0,3948604
xdhAp1,0.14285714285714285,6,6,CTATAAAGTTCCAACGGGTC,0,3974169
xdhAp1,0.14285714285714285,6,6,CTAGTCGAGGCGGAGTATAG,0,3977122
xdhAp1,0.14285714285714285,6,6,CTAGGTGTTGGATGTTCAGT,0,3930714
xdhAp1,0.14285714285714285,6,6,CTAGGGGATTGTGCGTGGCT,0,3933121
xdhAp1,0.14285714285714285,6,6,CTAGGCTAAGCTAGAAATAT,0,3968336
xdhAp1,0.14285714285714285,6,6,CTAGGATGCGCTAAAGGTGA,0,3963546
xdhAp1,0.14285714285714285,6,6,CTACCGTTGCTTATTCGTGT,0,3971395
xdhAp1,0.14285714285714285,6,6,CTACCGAGGGGCCATGTGAG,0,3968876
xdhAp1,0.14285714285714285,6,6,CTACAGGACCCCGGCTTGGC,0,3946508
xdhAp1,0.14285714285714285,6,6,CTAAGACTGACGGCATAAAA,0,3973096
xdhAp1,0.14285714285714285,6,6,CTAAGACGATTAGAGAGGAG,0,3944174
xdhAp1,0.14285714285714285,6,6,CTAACCCCCCGGGCATCGCA,0,3939780
xdhAp1,0.14285714285714285,6,6,CTAAATAAGTCGCGCATAGG,0,3973986
xdhAp1,0.14285714285714285,6,6,CTAAAGGCGAATTGCAAAGA,0,3978412
xdhAp1,0.14285714285714285,6,6,CGTTCCTGTGCCCCCGAGTA,0,3933270
xdhAp1,0.14285714285714285,6,6,CGTGTCATAGCGCGTTGTCA,0,3976583
xdhAp1,0.14285714285714285,6,6,CGTGCTGGGCGACTCGTGGT,0,3944882
xdhAp1,0.14285714285714285,6,6,CGTCACCGAGGGCGAAACCA,0,3930918
xdhAp1,0.14285714285714285,6,6,CGTAACGAAGCAACTTGTCT,0,3929300
xdhAp1,0.14285714285714285,6,6,CGGTACTAAGTTACCCTATA,0,3974218
xdhAp1,0.14285714285714285,6,6,CGGGTTTGGGAGAAACTCCT,0,3938763
xdhAp1,0.14285714285714285,6,6,CGGGGGGGGTGCGCCAAGAC,0,3951226
xdhAp1,0.14285714285714285,6,6,CGGGCGCTTAGGTTTACGGC,0,3971796
xdhAp1,0.14285714285714285,6,6,CGGGACTTAAGGGAGGGATG,0,3952489
xdhAp1,0.14285714285714285,6,6,CGGCTCGTCATTCTCGTATA,0,3931498
xdhAp1,0.14285714285714285,6,6,CGGCTAGAAGATAAAAGTGA,0,3938547
xdhAp1,0.14285714285714285,6,6,CGCTCTGCGACTAAGCATAG,0,3941652
xdhAp1,0.14285714285714285,6,6,CGCTCCTTGACACGGATAGG,0,3937404
xdhAp1,0.14285714285714285,6,6,CGCTATATTCGGCTAAACAG,0,3949832
xdhAp1,0.14285714285714285,6,6,CGCGTTTGGCTGTAGGAAGA,0,3955880
xdhAp1,0.14285714285714285,6,6,CGCGTAGGGTCCGGATATCG,0,3975200
xdhAp1,0.14285714285714285,6,6,CGCCTCCGGAGGTAATGGTA,0,3942609
xdhAp1,0.14285714285714285,6,6,CGCCGTTAGGAACTTCGGTC,0,3969693
xdhAp1,0.14285714285714285,6,6,CGCCGTACGTCTCTATTGAA,0,3963459
xdhAp1,0.14285714285714285,6,6,CGAGGTGAGGATTCGACCTG,0,3945649
xdhAp1,0.14285714285714285,6,6,CGAGCTTGCTAGTTGCGAAC,0,3974488
xdhAp1,0.14285714285714285,6,6,CGAGATGACCTTCAAGAAAA,0,3938769
xdhAp1,0.14285714285714285,6,6,CGAGATACATAGGCAGTCAG,0,3938868
xdhAp1,0.14285714285714285,6,6,CGAGAATTACATCTTCGCCA,0,3954886
xdhAp1,0.14285714285714285,6,6,CGACGGTCGTATGACAGGGC,0,3958116
xdhAp1,0.14285714285714285,6,6,CGAAGCAGCGAGTCTATCTC,0,3938690
xdhAp1,0.14285714285714285,6,6,CGAACACTACGGCCTCTCTG,0,3960732
xdhAp1,0.14285714285714285,6,6,CGAAATGGGCAGATGTCTGC,0,3957060
xdhAp1,0.14285714285714285,6,6,CCTTGATGATGCCAAAACCA,0,3959537
xdhAp1,0.14285714285714285,6,6,CCTTCGTATCAGCAGAAACA,0,3951561
xdhAp1,0.14285714285714285,6,6,CCTTCACGGCAGCGTGATCG,0,3952813
xdhAp1,0.14285714285714285,6,6,CCTTATGTATCCCGTGTTTA,0,3942116
xdhAp1,0.14285714285714285,6,6,CCTTATGCACGAAAACTTCC,0,3962559
xdhAp1,0.14285714285714285,6,6,CCTTACTGCAGCGCAACTTA,0,3941260
xdhAp1,0.14285714285714285,6,6,CCTCTTTCGACAGCTATGTG,0,3949036
xdhAp1,0.14285714285714285,6,6,CCTCTGTCTGGTATCTGAGA,0,3961230
xdhAp1,0.14285714285714285,6,6,CCTCGGTCGTAAATTATCGA,0,3947008
xdhAp1,0.14285714285714285,6,6,CCTCCATGGCCAGGTGCATG,0,3958208
xdhAp1,0.14285714285714285,6,6,CCTAGGGCAATGCATCCGTA,0,3933618
xdhAp1,0.14285714285714285,6,6,CCTAACAATGCAGGCAACCT,0,3974459
xdhAp1,0.14285714285714285,6,6,CCGTTTCTGCGCAACGCTAC,0,3936203
xdhAp1,0.14285714285714285,6,6,CCGTTCACCCATCCAGCAAA,0,3955106
xdhAp1,0.14285714285714285,6,6,CCGTGGCAATCCCCGGCACG,0,3947502
xdhAp1,0.14285714285714285,6,6,CCGTAACGTTTATAAGCATC,0,3940170
xdhAp1,0.14285714285714285,6,6,CCGGTTCGACACGGCTGCAA,0,3951872
xdhAp1,0.14285714285714285,6,6,CCGGCCAGCCTGTGCTAATT,0,3960364
xdhAp1,0.14285714285714285,6,6,CCGCTGAGGCGGGTTCATAG,0,3969453
xdhAp1,0.14285714285714285,6,6,CCGCCCATTTAATGAGACAT,0,3958045
xdhAp1,0.14285714285714285,6,6,CCCTGCGCGCGTAGATAAAA,0,3931494
xdhAp1,0.14285714285714285,6,6,CCCTCTGCGGAATCTTCCAT,0,3971937
xdhAp1,0.14285714285714285,6,6,CCCGTTGCGGTGCAGAGCTA,0,3953024
xdhAp1,0.14285714285714285,6,6,CCCGGAAGAAAAGACTGAAA,0,3945408
xdhAp1,0.14285714285714285,6,6,CCCGCCGGTACGACCTAGAC,0,3957820
xdhAp1,0.14285714285714285,6,6,CCCGATCACCTCCTGAGCCA,0,3947517
xdhAp1,0.14285714285714285,6,6,CCCGACCTAACCTTCGGCGC,0,3956531
xdhAp1,0.14285714285714285,6,6,CCCCCAGGGTGTAGTACTTA,0,3959287
xdhAp1,0.14285714285714285,6,6,CCCACATGTCGCCAACCTAC,0,3971013
xdhAp1,0.14285714285714285,6,6,CCATTTTGGGATGCATTTTT,0,3950609
xdhAp1,0.14285714285714285,6,6,CCATGTTATATTCGCAGGCT,0,3980680
xdhAp1,0.14285714285714285,6,6,CCATGGGGGCCCCCGGAGGA,0,3960827
xdhAp1,0.14285714285714285,6,6,CCATGCGCCACACCAAAGCA,0,3971607
xdhAp1,0.14285714285714285,6,6,CCAGTGCAGGTGTTTCGCAG,0,3946564
xdhAp1,0.14285714285714285,6,6,CCAGGGGGATATTACTTGGA,0,3979506
xdhAp1,0.14285714285714285,6,6,CCAGGCACACCCCAAACGCA,0,3955613
xdhAp1,0.14285714285714285,6,6,CCACTATTCTACTCAGATGC,0,3947723
xdhAp1,0.14285714285714285,6,6,CCACGTGTCCTTCGGAAGAG,0,3940878
xdhAp1,0.14285714285714285,6,6,CCACGTATCGGGGTTCCGAC,0,3966695
xdhAp1,0.14285714285714285,6,6,CCACCGAAAAGATCGGCAAG,0,3967163
xdhAp1,0.14285714285714285,6,6,CCACACTGTGCGGAGCAAGC,0,3939304
xdhAp1,0.14285714285714285,6,6,CCAAGGGACCCCCTACTACT,0,3938866
xdhAp1,0.14285714285714285,6,6,CATTTTGCGACTATCTGTGT,0,3949533
xdhAp1,0.14285714285714285,6,6,CATTTTAGACTCTTAAAGCC,0,3975601
xdhAp1,0.14285714285714285,6,6,CATTTGGTAAGCGAATATTG,0,3943507
xdhAp1,0.14285714285714285,6,6,CATTTCCTGCATGACACACA,0,3967909
xdhAp1,0.14285714285714285,6,6,CATTGTAGGGAATTGCAGGT,0,3950712
xdhAp1,0.14285714285714285,6,6,CATTGAACACCTCCGCCTGT,0,3937662
xdhAp1,0.14285714285714285,6,6,CATTCCTAAGGCGGCGGGAA,0,3980453
xdhAp1,0.14285714285714285,6,6,CATGGCGGGGAAGACAACTT,0,3949702
xdhAp1,0.14285714285714285,6,6,CATGCTGGTTTACCTATCGT,0,3964630
xdhAp1,0.14285714285714285,6,6,CATGAACTGAGTCCTAAGAA,0,3968678
xdhAp1,0.14285714285714285,6,6,CATCGTACGATCAAGCACGG,0,3954776
xdhAp1,0.14285714285714285,6,6,CATCGACCGGAACGTGGGTC,0,3946459
xdhAp1,0.14285714285714285,6,6,CATCGAAGACGCGCACGAAA,0,3965874
xdhAp1,0.14285714285714285,6,6,CATCAAGCATCTTTCGTCAC,0,3957765
xdhAp1,0.14285714285714285,6,6,CATAGCCCAGAGTAACAGGG,0,3937363
xdhAp1,0.14285714285714285,6,6,CATAATATGACCGCCCCATT,0,3957827
xdhAp1,0.14285714285714285,6,6,CAGTTATCACAATTCTCGGC,0,3934659
xdhAp1,0.14285714285714285,6,6,CAGTGGGGGGCCTATGGGTC,0,3965015
xdhAp1,0.14285714285714285,6,6,CAGTGGCTTTATTTTAAACA,0,3935109
xdhAp1,0.14285714285714285,6,6,CAGGTTTGTCCCTGGGCAGT,0,3957775
xdhAp1,0.14285714285714285,6,6,CAGGGTCGCTCTCTTGGCAG,0,3973892
xdhAp1,0.14285714285714285,6,6,CAGGATCGCGTATCCGGTTT,0,3962162
xdhAp1,0.14285714285714285,6,6,CAGGATAAGAGAGGCGCATC,0,3956833
xdhAp1,0.14285714285714285,6,6,CAGCGGACGAGCTAGCGCTT,0,3977630
xdhAp1,0.14285714285714285,6,6,CAGCCTGTTCATTCGTGCAT,0,3938046
xdhAp1,0.14285714285714285,6,6,CAGCCTAGAGCAAGGCACAT,0,3953217
xdhAp1,0.14285714285714285,6,6,CACTTTGTGTTCTGTGCACT,0,3979945
xdhAp1,0.14285714285714285,6,6,CACGTGAACGAGAGATAGCA,0,3981210
xdhAp1,0.14285714285714285,6,6,CACGCGTCTAATCCGTGTCC,0,3977996
xdhAp1,0.14285714285714285,6,6,CACGATCACTCGTGAGGCAT,0,3932333
xdhAp1,0.14285714285714285,6,6,CACGATATTCGTTTAAGATT,0,3930895
xdhAp1,0.14285714285714285,6,6,CACCTTTGTTACCTTCAATT,0,3946468
xdhAp1,0.14285714285714285,6,6,CACCATCTCGGTTAAAGCTA,0,3929991
xdhAp1,0.14285714285714285,6,6,CAATTTGCAATCAAACCAAA,0,3971785
xdhAp1,0.14285714285714285,6,6,CAAGGTAGACACCGGGCTAC,0,3964193
xdhAp1,0.14285714285714285,6,6,CAAGGCGTGCGTGATGACTA,0,3931760
xdhAp1,0.14285714285714285,6,6,CAAGCTATATGTAGCACATT,0,3960721
xdhAp1,0.14285714285714285,6,6,CAAGATCATGAATCCTTGGG,0,3940786
xdhAp1,0.14285714285714285,6,6,CAACGCTCTACTATGGCGGG,0,3935645
xdhAp1,0.14285714285714285,6,6,CAAACAGTGCCGGCAATCCT,0,3954099
xdhAp1,0.14285714285714285,6,6,ATTTTTTGAATACGAGCTCT,0,3953658
xdhAp1,0.14285714285714285,6,6,ATTTACGTAGGTCAATAACT,0,3933584
xdhAp1,0.14285714285714285,6,6,ATTGGTGTTACATGCTTCAA,0,3945414
xdhAp1,0.14285714285714285,6,6,ATTGGGGACTATTGACTGGA,0,3960838
xdhAp1,0.14285714285714285,6,6,ATTGCAGCGAACTTTGGGCG,0,3945586
xdhAp1,0.14285714285714285,6,6,ATTGAAGGCTACCTTGGGGA,0,3946142
xdhAp1,0.14285714285714285,6,6,ATTGAAGCTGTCGGGGAATA,0,3945230
xdhAp1,0.14285714285714285,6,6,ATTCTTTGTCCCAAAGCATC,0,3978224
xdhAp1,0.14285714285714285,6,6,ATTCGTACAGGTGAGTAAGC,0,3951548
xdhAp1,0.14285714285714285,6,6,ATTAGCCAAGTGCAGCTTAG,0,3951615
xdhAp1,0.14285714285714285,6,6,ATTAAAGACACTTCTGAGAT,0,3943970
xdhAp1,0.14285714285714285,6,6,ATGTGCTCCGCCGAGACTTT,0,3945314
xdhAp1,0.14285714285714285,6,6,ATGGTACGAGGGTCGAGGCA,0,3979194
xdhAp1,0.14285714285714285,6,6,ATGGGTTGAGAAGGAATGAG,0,3960662
xdhAp1,0.14285714285714285,6,6,ATGCTTATTGTCAATCTGCG,0,3938697
xdhAp1,0.14285714285714285,6,6,ATGATTTGCTTCAGACAAAA,0,3967692
xdhAp1,0.14285714285714285,6,6,ATGACAGTGGATCGATATGA,0,3974486
xdhAp1,0.14285714285714285,6,6,ATCTGTCCAGGGTACCACTC,0,3981291
xdhAp1,0.14285714285714285,6,6,ATCTGGCTTACCATTCACGT,0,3932811
xdhAp1,0.14285714285714285,6,6,ATCTCTTAGTTGGCTCGAAA,0,3941342
xdhAp1,0.14285714285714285,6,6,ATCTCCACCAGATGTTGTTA,0,3963787
xdhAp1,0.14285714285714285,6,6,ATCTAGCGAATATTAATCCA,0,3936765
xdhAp1,0.14285714285714285,6,6,ATCTAGCATGCAAGCATAGA,0,3976327
xdhAp1,0.14285714285714285,6,6,ATCGTATTGTCTAGTCAACG,0,3946560
xdhAp1,0.14285714285714285,6,6,ATCGCATGTCCATAGTGAAT,0,3979533
xdhAp1,0.14285714285714285,6,6,ATCCTCTCTGGTGGGCGCAT,0,3941301
xdhAp1,0.14285714285714285,6,6,ATCCTAGGCCCTCTCGAGGG,0,3962422
xdhAp1,0.14285714285714285,6,6,ATCATCGCCTCGGATCTTGG,0,3960742
xdhAp1,0.14285714285714285,6,6,ATCAGCGCTTCCCGGAAGTT,0,3946839
xdhAp1,0.14285714285714285,6,6,ATCACGCTCTAAATCATATT,0,3949332
xdhAp1,0.14285714285714285,6,6,ATATTCTATTGGAGGCCTGG,0,3940923
xdhAp1,0.14285714285714285,6,6,ATATTACAGGATATTGACAC,0,3937917
xdhAp1,0.14285714285714285,6,6,ATATGTCATGCATGTCAGCT,0,3981367
xdhAp1,0.14285714285714285,6,6,ATATCCTGTTGCGAGGTTTT,0,3949740
xdhAp1,0.14285714285714285,6,6,ATAGTTGCCGAGGGGGGGCG,0,3964857
xdhAp1,0.14285714285714285,6,6,ATAGTGATCGTCGGCCCATG,0,3938583
xdhAp1,0.14285714285714285,6,6,ATAGGTAGTGCGTTCGACGG,0,3971327
xdhAp1,0.14285714285714285,6,6,ATAGGAGCCCCCTACCGTGT,0,3977652
xdhAp1,0.14285714285714285,6,6,ATAGCGATATAGCCATCAGT,0,3950204
xdhAp1,0.14285714285714285,6,6,ATAGAGCGCCTCACGTGAAA,0,3965815
xdhAp1,0.14285714285714285,6,6,ATACTCCATCCACCGCGGGG,0,3948624
xdhAp1,0.14285714285714285,6,6,ATACTATATTTCAGGGAGTA,0,3970803
xdhAp1,0.14285714285714285,6,6,ATACGTCATCGCGGCTACAA,0,3962447
xdhAp1,0.14285714285714285,6,6,ATACCCTATGGATATATTTC,0,3957077
xdhAp1,0.14285714285714285,6,6,ATACATGATCAGCCTGGTGT,0,3937218
xdhAp1,0.14285714285714285,6,6,AGTTTCATCTATATTCTAGA,0,3968233
xdhAp1,0.14285714285714285,6,6,AGTTACTAAAGGCCGATCCT,0,3971141
xdhAp1,0.14285714285714285,6,6,AGTGTTTTAAGGAGTCGGAT,0,3977984
xdhAp1,0.14285714285714285,6,6,AGTGTAGCTAGGTATGTTCA,0,3968224
xdhAp1,0.14285714285714285,6,6,AGTCTCAAGTGAGTGATGCT,0,3962539
xdhAp1,0.14285714285714285,6,6,AGTCGTTCCCAACCGCTCGC,0,3941465
xdhAp1,0.14285714285714285,6,6,AGTACACGTCTTCCCACATG,0,3935803
xdhAp1,0.14285714285714285,6,6,AGGTAGGCGCGGACATCTGT,0,3964343
xdhAp1,0.14285714285714285,6,6,AGGGCCGGGCTGGATGGTAA,0,3961671
xdhAp1,0.14285714285714285,6,6,AGGGCAGTATCTGTCCCTCT,0,3945457
xdhAp1,0.14285714285714285,6,6,AGGGCAAATTCTATGGCAGT,0,3945294
xdhAp1,0.14285714285714285,6,6,AGGCTCCGCATAGCCTGGGG,0,3943692
xdhAp1,0.14285714285714285,6,6,AGGCGCCCTCGTTTCCTGGG,0,3963095
xdhAp1,0.14285714285714285,6,6,AGGCCGGGTAAAAATGAATG,0,3957343
xdhAp1,0.14285714285714285,6,6,AGGCAGCCGAAAGCGCCATA,0,3940627
xdhAp1,0.14285714285714285,6,6,AGGCAACCGCGCTGCAAAAG,0,3941373
xdhAp1,0.14285714285714285,6,6,AGGAGGTAGGTGGTGTTAAA,0,3946928
xdhAp1,0.14285714285714285,6,6,AGGACAATCCTACGGGCCAT,0,3929914
xdhAp1,0.14285714285714285,6,6,AGGAAGAGGTTCCACTGAGA,0,3969619
xdhAp1,0.14285714285714285,6,6,AGGAAATGCACGAGGGTGCA,0,3979444
xdhAp1,0.14285714285714285,6,6,AGCTCTCAATGGAAGATGTC,0,3956183
xdhAp1,0.14285714285714285,6,6,AGCCCGCTGATCGCGGCGAG,0,3929297
xdhAp1,0.14285714285714285,6,6,AGCATACAGTACTCATATTA,0,3949770
xdhAp1,0.14285714285714285,6,6,AGCAGGATGGGGGCAGTCAC,0,3970825
xdhAp1,0.14285714285714285,6,6,AGCACCACAGGCTACGATGT,0,3941501
xdhAp1,0.14285714285714285,6,6,AGCAACCAATGGACCAAGGC,0,3947402
xdhAp1,0.14285714285714285,6,6,AGATGCACCGTAGTAGATAA,0,3962888
xdhAp1,0.14285714285714285,6,6,AGAGTCCAGTCCAAATCGAT,0,3967696
xdhAp1,0.14285714285714285,6,6,AGAGAACTATAAAGACCACC,0,3929064
xdhAp1,0.14285714285714285,6,6,AGACGTAGCGTGGTGGACAC,0,3947261
xdhAp1,0.14285714285714285,6,6,AGAATCAGTAACCGACACAA,0,3941752
xdhAp1,0.14285714285714285,6,6,AGAAGGTGCATGGCTTACTC,0,3957632
xdhAp1,0.14285714285714285,6,6,AGAAGGGCTGCGTTAGGCGT,0,3980836
xdhAp1,0.14285714285714285,6,6,AGAAACGGATACGCGTGTGA,0,3944894
xdhAp1,0.14285714285714285,6,6,ACTTTTTTCTCTGCAATGTA,0,3970420
xdhAp1,0.14285714285714285,6,6,ACTTTCTCATCGCTCAAGGG,0,3951864
xdhAp1,0.14285714285714285,6,6,ACTTGGTCCCGGGTCGTGCA,0,3967778
xdhAp1,0.14285714285714285,6,6,ACTTGGAAAGAGCTAACAAG,0,3936866
xdhAp1,0.14285714285714285,6,6,ACTTCCTCGAGGACGACCAA,0,3963162
xdhAp1,0.14285714285714285,6,6,ACTTCACCAGAGCCGTATCC,0,3957809
xdhAp1,0.14285714285714285,6,6,ACTTACGTGAATCCGGTCAC,0,3957996
xdhAp1,0.14285714285714285,6,6,ACTGGGGGATGTCGCAGTCG,0,3969245
xdhAp1,0.14285714285714285,6,6,ACTGATACGTGTGACCGCTT,0,3943866
xdhAp1,0.14285714285714285,6,6,ACTGAACCAATCGCGGCAAT,0,3950922
xdhAp1,0.14285714285714285,6,6,ACTACAGTCACTGGAAAGCA,0,3934756
xdhAp1,0.14285714285714285,6,6,ACTAAGCAAACCCACCGAGG,0,3957495
xdhAp1,0.14285714285714285,6,6,ACGTGACGCCTTGCTATTCA,0,3976272
xdhAp1,0.14285714285714285,6,6,ACGTAGGTTCTCTAAGGCAT,0,3966847
xdhAp1,0.14285714285714285,6,6,ACGCGCGTCCTTAATTTGAT,0,3970588
xdhAp1,0.14285714285714285,6,6,ACGCATTGTAAGATTAATTA,0,3965629
xdhAp1,0.14285714285714285,6,6,ACCTCTGACGATACAATCTG,0,3940225
xdhAp1,0.14285714285714285,6,6,ACCTAATTCTAGCGCCGGCA,0,3955235
xdhAp1,0.14285714285714285,6,6,ACCGTATTCTGTGGTTTTTG,0,3946854
xdhAp1,0.14285714285714285,6,6,ACCGGGCGCAGGAACGTGGG,0,3941016
xdhAp1,0.14285714285714285,6,6,ACCCAAGTCAGCTGTTGCTC,0,3936106
xdhAp1,0.14285714285714285,6,6,ACATCTTTCTACATGAAGTT,0,3947267
xdhAp1,0.14285714285714285,6,6,ACAGCGAGTTAGGCATCCTG,0,3948539
xdhAp1,0.14285714285714285,6,6,ACAGACTATGGCTCCGATGG,0,3964027
xdhAp1,0.14285714285714285,6,6,ACACGAAGTATTTCCTGACT,0,3936756
xdhAp1,0.14285714285714285,6,6,ACACCTAACAGGGCTATAGG,0,3959948
xdhAp1,0.14285714285714285,6,6,ACAATTCGGCTCCCGGTACC,0,3948457
xdhAp1,0.14285714285714285,6,6,ACAATTATTCCTCAGGAGTT,0,3953032
xdhAp1,0.14285714285714285,6,6,ACAAGCCTAGTACGTAAGTG,0,3971032
xdhAp1,0.14285714285714285,6,6,AATTTTCCCACCCAGGTAGA,0,3945454
xdhAp1,0.14285714285714285,6,6,AATTTCCAAGCCGATGGGGG,0,3960019
xdhAp1,0.14285714285714285,6,6,AATTAAGTTTACATCATATT,0,3969537
xdhAp1,0.14285714285714285,6,6,AATTAAGCAAGAGGTCCGTA,0,3961255
xdhAp1,0.14285714285714285,6,6,AATCTGCTGAGGAGGGTCCC,0,3961189
xdhAp1,0.14285714285714285,6,6,AATCGTGCATTTAAGACATG,0,3969990
xdhAp1,0.14285714285714285,6,6,AATATAGATGTAAGGATTGT,0,3953242
xdhAp1,0.14285714285714285,6,6,AATAGGGAGACGATAGGTCC,0,3947662
xdhAp1,0.14285714285714285,6,6,AATAGACTTTGAGATATGAA,0,3971821
xdhAp1,0.14285714285714285,6,6,AATACGCTACTCAAGTCAGA,0,3976049
xdhAp1,0.14285714285714285,6,6,AATAAATTACCCAGCCATGT,0,3942484
xdhAp1,0.14285714285714285,6,6,AAGTTCCGCGTTACACTACA,0,3980626
xdhAp1,0.14285714285714285,6,6,AAGTCCAGGCAAGCAGGCCT,0,3943079
xdhAp1,0.14285714285714285,6,6,AAGGTGTTTTAGTGGACTCA,0,3960262
xdhAp1,0.14285714285714285,6,6,AAGGGGCAAATCCAGCAAGA,0,3932174
xdhAp1,0.14285714285714285,6,6,AAGGGCTTGTATTCTGTTCT,0,3956077
xdhAp1,0.14285714285714285,6,6,AAGGAGCTCCTCATTTATGG,0,3963576
xdhAp1,0.14285714285714285,6,6,AAGGAAGAATGACAACAGGG,0,3971693
xdhAp1,0.14285714285714285,6,6,AAGATTGATGTCATATTCCA,0,3950033
xdhAp1,0.14285714285714285,6,6,AAGATGGGGAGGCATCACCC,0,3950409
xdhAp1,0.14285714285714285,6,6,AAGATAAGCATCACTCAGAG,0,3953434
xdhAp1,0.14285714285714285,6,6,AAGAGGGCAGGCTCATTGAC,0,3954508
xdhAp1,0.14285714285714285,6,6,AACTGACCCTGCAACTCTTT,0,3959009
xdhAp1,0.14285714285714285,6,6,AACGGGTAAAAGCTGTCCCC,0,3937521
xdhAp1,0.14285714285714285,6,6,AACGGGACGATTCATACACT,0,3969783
xdhAp1,0.14285714285714285,6,6,AACGAGCACAGTTCTGACGT,0,3950507
xdhAp1,0.14285714285714285,6,6,AACCTGTTGTGAATTCCGAT,0,3969852
xdhAp1,0.14285714285714285,6,6,AACCTCGACATGAGCCTTGC,0,3934422
xdhAp1,0.14285714285714285,6,6,AACATGGGGCACTAACACTC,0,3978854
xdhAp1,0.14285714285714285,6,6,AACAGCCCATCCTACAGTCC,0,3935826
xdhAp1,0.14285714285714285,6,6,AACAGACCTGTTGTGCGACA,0,3973278
xdhAp1,0.14285714285714285,6,6,AAATTTGTGGGATCAATCAG,0,3952542
xdhAp1,0.14285714285714285,6,6,AAATTGTCAGTGGTCATAGT,0,3943489
xdhAp1,0.14285714285714285,6,6,AAATCACGTCGGGATATGCT,0,3976075
xdhAp1,0.14285714285714285,6,6,AAAGTCTCCGGTTCGGCACT,0,3951788
xdhAp1,0.14285714285714285,6,6,AAAGTAAAGTGGAGCATTGT,0,3933365
xdhAp1,0.14285714285714285,6,6,AAAATGGCCAGTTAACGTGC,0,3945460
xdhAp1,0.14285714285714285,6,6,AAAATACTTGGGCGGATTTC,0,3965052
xdhAp1,0.14285714285714285,6,6,AAAAGGCCACCCATCCTGCA,0,3934996
xdhAp1,0.14285714285714285,6,6,AAAAGACAAACTCACTTTAG,0,3948397
xdhAp1,0.14285714285714285,6,6,AAAAACGGATGCTCTACATC,0,3950649
xdhAp1,0.16666666666666666,5,5,TTTTTTCCTAAAATGCAGCC,0,3966284
xdhAp1,0.16666666666666666,5,5,TTTTGGAATATCACCCGGCG,0,3939027
xdhAp1,0.16666666666666666,5,5,TTTTATTGGTCTCGTTGGGT,0,3948837
xdhAp1,0.16666666666666666,5,5,TTTTAGGCATGATGCGACTC,0,3929672
xdhAp1,0.16666666666666666,5,5,TTTGTCGTGGTAATTGGGGA,0,3946804
xdhAp1,0.16666666666666666,5,5,TTTGTCCATACTGAAAGTAG,0,3957654
xdhAp1,0.16666666666666666,5,5,TTTGTCAGGTCATCGAAATC,0,3931106
xdhAp1,0.16666666666666666,5,5,TTTGTAAGTGACAGTTAACA,0,3936442
xdhAp1,0.16666666666666666,5,5,TTTCTCACGAGGGAGTCTCG,0,3946603
xdhAp1,0.16666666666666666,5,5,TTTCGGCGCTCTGCGTAAAC,0,3931996
xdhAp1,0.16666666666666666,5,5,TTTCGCCGTGCCGTTAATGT,0,3977580
xdhAp1,0.16666666666666666,5,5,TTTCCGGTCTACCCGGATCG,0,3972716
xdhAp1,0.16666666666666666,5,5,TTTCACCCCGGGCCTCCGAG,0,3935040
xdhAp1,0.16666666666666666,5,5,TTTATGCCCTACATCCGCGT,0,3980021
xdhAp1,0.16666666666666666,5,5,TTGTTCAGTTAGGGTTCCAA,0,3977939
xdhAp1,0.16666666666666666,5,5,TTGTAAAATGAAAGCGCGAC,0,3929079
xdhAp1,0.16666666666666666,5,5,TTGGTCAAAGGGGGTGGCAA,0,3971132
xdhAp1,0.16666666666666666,5,5,TTGGTATTACTTAACGACTT,0,3955785
xdhAp1,0.16666666666666666,5,5,TTGGGTTAAAGGCTCACCTA,0,3953222
xdhAp1,0.16666666666666666,5,5,TTGGGCTGCAGACGCGCCAT,0,3968733
xdhAp1,0.16666666666666666,5,5,TTGGCGTTGTCATTGTTCAT,0,3967456
xdhAp1,0.16666666666666666,5,5,TTGCAAAACAGCATCCTCGT,0,3963824
xdhAp1,0.16666666666666666,5,5,TTGAGGAGGAGCTCCGCCTG,0,3970413
xdhAp1,0.16666666666666666,5,5,TTGAAATGCGATCGGGCAGG,0,3929224
xdhAp1,0.16666666666666666,5,5,TTCTCCAGAGAGTGAGGTAG,0,3948331
xdhAp1,0.16666666666666666,5,5,TTCTAGAGGGAAGGCAATTT,0,3958997
xdhAp1,0.16666666666666666,5,5,TTCGTGGAGGAAAGTACTTA,0,3937595
xdhAp1,0.16666666666666666,5,5,TTCGCTGGCGAACCAGGGTA,0,3962049
xdhAp1,0.16666666666666666,5,5,TTCGCGGCGTAGGCGAAAAT,0,3958201
xdhAp1,0.16666666666666666,5,5,TTCCTTTCTACCCGGATGCG,0,3971375
xdhAp1,0.16666666666666666,5,5,TTCCAGAATACATGACTTGG,0,3976653
xdhAp1,0.16666666666666666,5,5,TTCAGGGTAAAATATCGGGG,0,3978169
xdhAp1,0.16666666666666666,5,5,TTCACCACTTATCTCTGAGG,0,3962726
xdhAp1,0.16666666666666666,5,5,TTCACAAATGGCACTATCTG,0,3949102
xdhAp1,0.16666666666666666,5,5,TTCAAATGTCAAAGAACCGA,0,3958113
xdhAp1,0.16666666666666666,5,5,TTAGTGGGCGGTATGGCATA,0,3967395
xdhAp1,0.16666666666666666,5,5,TTAGGAACAAATCACTGGTA,0,3960737
xdhAp1,0.16666666666666666,5,5,TTAGAGCGATCGTGGCTGAA,0,3939288
xdhAp1,0.16666666666666666,5,5,TTACGTAATCTCAAAGCGGT,0,3937718
xdhAp1,0.16666666666666666,5,5,TTACGATGCGTTTTCAAGTA,0,3978193
xdhAp1,0.16666666666666666,5,5,TTACCCTTTCCCCAAGCGTT,0,3967512
xdhAp1,0.16666666666666666,5,5,TTACCAGGCAATGAGGAATG,0,3945049
xdhAp1,0.16666666666666666,5,5,TTACATCGGACGCAGTTTTG,0,3930050
xdhAp1,0.16666666666666666,5,5,TTAAGTCAGTTAGGTACTTA,0,3929814
xdhAp1,0.16666666666666666,5,5,TTAAGACCGGCTGGGCGTAA,0,3977529
xdhAp1,0.16666666666666666,5,5,TTAAATTAGGTTAGATTGAC,0,3973912
xdhAp1,0.16666666666666666,5,5,TTAAAGTCAGCAGGAGAGTC,0,3945927
xdhAp1,0.16666666666666666,5,5,TTAAAAGGTTGCGGAGATGC,0,3939193
xdhAp1,0.16666666666666666,5,5,TGTTTTCACTCAAGAGATTC,0,3939116
xdhAp1,0.16666666666666666,5,5,TGTTTGCAATCCCAGGTAAC,0,3962883
xdhAp1,0.16666666666666666,5,5,TGTTCGACTCTATGCCGGTA,0,3955326
xdhAp1,0.16666666666666666,5,5,TGTGGGGTCTATGGCACTAG,0,3977484
xdhAp1,0.16666666666666666,5,5,TGTGCGCGTGCGGGACTCCG,0,3967910
xdhAp1,0.16666666666666666,5,5,TGTGAATGATTTGGCGGTTG,0,3973523
xdhAp1,0.16666666666666666,5,5,TGTCTAACAGAATCGGTATG,0,3951937
xdhAp1,0.16666666666666666,5,5,TGTCCTGATCCTGAAAATAA,0,3944129
xdhAp1,0.16666666666666666,5,5,TGTCAGGGCCATCCGAACTT,0,3939036
xdhAp1,0.16666666666666666,5,5,TGTATTGCTTATCCCAGGTG,0,3973290
xdhAp1,0.16666666666666666,5,5,TGTAGGTTGTAGGCGCCAAC,0,3946599
xdhAp1,0.16666666666666666,5,5,TGTAATTCCACAGGTTTTGT,0,3947657
xdhAp1,0.16666666666666666,5,5,TGGGTGCGTCTGACGCGTAA,0,3981039
xdhAp1,0.16666666666666666,5,5,TGGGTAGCCAGCCGGTTGAA,0,3928946
xdhAp1,0.16666666666666666,5,5,TGGGGCGGCGCGCGATGAGT,0,3974176
xdhAp1,0.16666666666666666,5,5,TGGCAACAAACATGTCTTCT,0,3977824
xdhAp1,0.16666666666666666,5,5,TGGATAGACACGGCTCATTT,0,3930285
xdhAp1,0.16666666666666666,5,5,TGGAGCGATATTCAGCCGTA,0,3966691
xdhAp1,0.16666666666666666,5,5,TGGAGCATAGGCCACTTCCA,0,3934265
xdhAp1,0.16666666666666666,5,5,TGGAAAAAACAGAAACCAGT,0,3956544
xdhAp1,0.16666666666666666,5,5,TGCTCTAAGCAGGGAGCCTC,0,3977368
xdhAp1,0.16666666666666666,5,5,TGCTACGAAAGGGGGCTGTG,0,3948744
xdhAp1,0.16666666666666666,5,5,TGCGTAGGGAAGCAAAAAAA,0,3978190
xdhAp1,0.16666666666666666,5,5,TGCGGCTGGTAGATCGTATG,0,3939200
xdhAp1,0.16666666666666666,5,5,TGCGAGTTGGGTCGGGAAAG,0,3979237
xdhAp1,0.16666666666666666,5,5,TGCGAATTTAGGGACCAACG,0,3958302
xdhAp1,0.16666666666666666,5,5,TGCGAATGTTTGGGTACTCA,0,3951833
xdhAp1,0.16666666666666666,5,5,TGCCGGAGACATACGCGAGT,0,3939124
xdhAp1,0.16666666666666666,5,5,TGCCCGAGTACAATTGCTAA,0,3970618
xdhAp1,0.16666666666666666,5,5,TGCATCGCTCGTGAATCGGG,0,3949810
xdhAp1,0.16666666666666666,5,5,TGCAGCTGGCTAGAAATCGA,0,3940622
xdhAp1,0.16666666666666666,5,5,TGCAACACGGAATGGCTCTG,0,3967553
xdhAp1,0.16666666666666666,5,5,TGCAAAAGGGTCGAAGCTTT,0,3956470
xdhAp1,0.16666666666666666,5,5,TGATTGAAGGCTCACCGCCA,0,3973083
xdhAp1,0.16666666666666666,5,5,TGATTCGGGATTAATTGTTA,0,3954964
xdhAp1,0.16666666666666666,5,5,TGAGGGTGACCGATTCCCGG,0,3961164
xdhAp1,0.16666666666666666,5,5,TGAGGGAGGCAAGATTCTCT,0,3967653
xdhAp1,0.16666666666666666,5,5,TGAGGATGGAAGTATTCATA,0,3950941
xdhAp1,0.16666666666666666,5,5,TGAGGAAGAATTCTTGAGCG,0,3968199
xdhAp1,0.16666666666666666,5,5,TGAGCGAGAATCTGCAAACC,0,3973292
xdhAp1,0.16666666666666666,5,5,TGAGCCACGTCAAGCCTGAT,0,3959941
xdhAp1,0.16666666666666666,5,5,TGAGATTGCGCGAGGGCATG,0,3958895
xdhAp1,0.16666666666666666,5,5,TGAACGTTGATTGCAACCAC,0,3967628
xdhAp1,0.16666666666666666,5,5,TGAACGCTTGCGCAGATACA,0,3971357
xdhAp1,0.16666666666666666,5,5,TGAACCTGGACAGGGCCGAA,0,3943921
xdhAp1,0.16666666666666666,5,5,TCTTTTGCATTGGTCTACAC,0,3969079
xdhAp1,0.16666666666666666,5,5,TCTTAATGTAGATATGTACA,0,3930620
xdhAp1,0.16666666666666666,5,5,TCTTAAGTCCTTTGCCCCAT,0,3959589
xdhAp1,0.16666666666666666,5,5,TCTGTGCTCGGCGAACCGAC,0,3948406
xdhAp1,0.16666666666666666,5,5,TCTGCAGTAGCTGCTGTACA,0,3931162
xdhAp1,0.16666666666666666,5,5,TCTGAGCAAGTTACGGATGC,0,3954313
xdhAp1,0.16666666666666666,5,5,TCTGAGAGCTTTCATGGATG,0,3958840
xdhAp1,0.16666666666666666,5,5,TCTCCTAGGGGGCCTTCGAG,0,3943914
xdhAp1,0.16666666666666666,5,5,TCTAGGTCATGTCCCACGTG,0,3968858
xdhAp1,0.16666666666666666,5,5,TCTACGGATGCATTATGGCA,0,3944666
xdhAp1,0.16666666666666666,5,5,TCTACGCTAGCGAGTTTGAC,0,3949693
xdhAp1,0.16666666666666666,5,5,TCTACACCGTCACGTTATTC,0,3962035
xdhAp1,0.16666666666666666,5,5,TCGTTCACGCCCAATGTATC,0,3969087
xdhAp1,0.16666666666666666,5,5,TCGTGGACTTGCGTAATGCC,0,3939696
xdhAp1,0.16666666666666666,5,5,TCGTAAGATGGCGGAATTTG,0,3941836
xdhAp1,0.16666666666666666,5,5,TCGGGTCGCAATTCTCGGGT,0,3937455
xdhAp1,0.16666666666666666,5,5,TCGGGATTCACAGGTTCGAA,0,3946803
xdhAp1,0.16666666666666666,5,5,TCGGCTTAAGATATATCGAT,0,3975738
xdhAp1,0.16666666666666666,5,5,TCGCTGACATTCTCCAAGGG,0,3956162
xdhAp1,0.16666666666666666,5,5,TCGCGACTCAGATAGTAATT,0,3980069
xdhAp1,0.16666666666666666,5,5,TCGATTTCCACGTAAATCAT,0,3954995
xdhAp1,0.16666666666666666,5,5,TCGAAGACTGGCATTAGGGA,0,3934191
xdhAp1,0.16666666666666666,5,5,TCCTGTTGGTGCTACACATC,0,3943688
xdhAp1,0.16666666666666666,5,5,TCCTCTACTGTCCCAATGTC,0,3980265
xdhAp1,0.16666666666666666,5,5,TCCGGCCGATAGCTGCTATA,0,3929696
xdhAp1,0.16666666666666666,5,5,TCCGCGTCCTCTTCGATATT,0,3935210
xdhAp1,0.16666666666666666,5,5,TCCGATTGGATTCAAGAATG,0,3931714
xdhAp1,0.16666666666666666,5,5,TCCCGTTTAGGTGTCTTGAT,0,3954645
xdhAp1,0.16666666666666666,5,5,TCATGGCGTCGATGTGTAGA,0,3976450
xdhAp1,0.16666666666666666,5,5,TCATCTACTGCGAACAGGTA,0,3940481
xdhAp1,0.16666666666666666,5,5,TCATAAGGGAGCAAGAGATA,0,3957398
xdhAp1,0.16666666666666666,5,5,TCAGTACCGTTGATCTATAG,0,3937901
xdhAp1,0.16666666666666666,5,5,TCAGCGTTGGTCTGTTCTAG,0,3935994
xdhAp1,0.16666666666666666,5,5,TCAGCGACGACCGACACATT,0,3946802
xdhAp1,0.16666666666666666,5,5,TCAGCAGACCCATGGGTATA,0,3963618
xdhAp1,0.16666666666666666,5,5,TCAGCACGTATTCAACTTGC,0,3960829
xdhAp1,0.16666666666666666,5,5,TCAGAACGGCTATGTCACGC,0,3956553
xdhAp1,0.16666666666666666,5,5,TCACTCCTAGGCGAGCGTTG,0,3959949
xdhAp1,0.16666666666666666,5,5,TCACACTCGCGATAAAGGAC,0,3967005
xdhAp1,0.16666666666666666,5,5,TCACAAGCACATGCTGCCAG,0,3941155
xdhAp1,0.16666666666666666,5,5,TCAATCGACAGTTCTAATGG,0,3932376
xdhAp1,0.16666666666666666,5,5,TCAAGACGGAATAGCGTGCA,0,3953910
xdhAp1,0.16666666666666666,5,5,TCAACGGTGAGCAGACAGCA,0,3934952
xdhAp1,0.16666666666666666,5,5,TCAAAATCGAATTCGTTGCT,0,3944786
xdhAp1,0.16666666666666666,5,5,TCAAAACATTCCAATCATCA,0,3966566
xdhAp1,0.16666666666666666,5,5,TATTTACACGTGCCTGGTTG,0,3972076
xdhAp1,0.16666666666666666,5,5,TATTGGTGCCATTACATAAG,0,3972928
xdhAp1,0.16666666666666666,5,5,TATGTAGCTGTTTGCGCTAC,0,3957104
xdhAp1,0.16666666666666666,5,5,TATGGGTGGAACCAACGCAG,0,3958450
xdhAp1,0.16666666666666666,5,5,TATCTTGACATAGTCGCCGA,0,3970853
xdhAp1,0.16666666666666666,5,5,TATCAGTGCAGACTGATGCT,0,3980053
xdhAp1,0.16666666666666666,5,5,TATATCGAGGGAAAACAAAT,0,3937695
xdhAp1,0.16666666666666666,5,5,TATATCACATTGAGACCTAG,0,3950000
xdhAp1,0.16666666666666666,5,5,TAGTTATCCGAAGTCTGATT,0,3953284
xdhAp1,0.16666666666666666,5,5,TAGGGAACGTGGAGAGACTA,0,3936841
xdhAp1,0.16666666666666666,5,5,TAGGAACAAGGACTCGCTTC,0,3932693
xdhAp1,0.16666666666666666,5,5,TAGCCAGGCGCTATAAAGGC,0,3959833
xdhAp1,0.16666666666666666,5,5,TAGCACTGAACAGGTGGATC,0,3972077
xdhAp1,0.16666666666666666,5,5,TAGATTATAACTTCGCTTAA,0,3976260
xdhAp1,0.16666666666666666,5,5,TAGAATAACGCAAGTAGTGT,0,3941026
xdhAp1,0.16666666666666666,5,5,TAGAAGGGATCTATGATTGT,0,3976926
xdhAp1,0.16666666666666666,5,5,TAGAAGACGGTCAATCCTTT,0,3939033
xdhAp1,0.16666666666666666,5,5,TACGGCCCTTCCGCTATTAA,0,3981456
xdhAp1,0.16666666666666666,5,5,TACGCATACTCGTATTTGCA,0,3935192
xdhAp1,0.16666666666666666,5,5,TACGCAATTGCCAATGTCCC,0,3930348
xdhAp1,0.16666666666666666,5,5,TACGACGGAACTTCCAAATA,0,3978762
xdhAp1,0.16666666666666666,5,5,TACCCAGGGACAGCTTCTAT,0,3953753
xdhAp1,0.16666666666666666,5,5,TACAGCCCAAATCTACTGAA,0,3935670
xdhAp1,0.16666666666666666,5,5,TACACCCATCAATGCTTCGG,0,3974538
xdhAp1,0.16666666666666666,5,5,TACAACCGGATTACCAGGCC,0,3951660
xdhAp1,0.16666666666666666,5,5,TAATTGTTAGGTACCCTAAT,0,3976409
xdhAp1,0.16666666666666666,5,5,TAATGTGAAATGGGGGGACT,0,3967509
xdhAp1,0.16666666666666666,5,5,TAATGATTGGCAGGATTATA,0,3935749
xdhAp1,0.16666666666666666,5,5,TAAGATCCGCCACAACTGCC,0,3963826
xdhAp1,0.16666666666666666,5,5,TAACTAAGACTTGTTGATGC,0,3945043
xdhAp1,0.16666666666666666,5,5,TAACGGTCGTGAGGCGCTAA,0,3964292
xdhAp1,0.16666666666666666,5,5,TAACACCGTGGGAGTCACAC,0,3931904
xdhAp1,0.16666666666666666,5,5,TAAATGGGAATCGCATGTCC,0,3980103
xdhAp1,0.16666666666666666,5,5,TAAAATCCCTTGATGGCGCT,0,3972567
xdhAp1,0.16666666666666666,5,5,GTTTTTGCATTCACATGAAC,0,3930456
xdhAp1,0.16666666666666666,5,5,GTTTCTGCGGCGCGCCTTTT,0,3955084
xdhAp1,0.16666666666666666,5,5,GTTTCTCGTCACGTTGCACT,0,3966466
xdhAp1,0.16666666666666666,5,5,GTTTCAAGAGTTCAAAACAC,0,3975618
xdhAp1,0.16666666666666666,5,5,GTTTAATGCATAACCTATCA,0,3952002
xdhAp1,0.16666666666666666,5,5,GTTGTAAGTGCTCTGGCACG,0,3948933
xdhAp1,0.16666666666666666,5,5,GTTGGTTGACTCAGAGCAAG,0,3966597
xdhAp1,0.16666666666666666,5,5,GTTCAATCAATAACAGCATG,0,3940428
xdhAp1,0.16666666666666666,5,5,GTTCAACTCAGTGCAGGCTT,0,3931517
xdhAp1,0.16666666666666666,5,5,GTTATTCATTGTCAGGCGAA,0,3936507
xdhAp1,0.16666666666666666,5,5,GTTATGCGTGTTAGTGCAGG,0,3953245
xdhAp1,0.16666666666666666,5,5,GTTACAATGGGCGTTCTTGA,0,3932268
xdhAp1,0.16666666666666666,5,5,GTTAAAGGACGCGTATTAAT,0,3963633
xdhAp1,0.16666666666666666,5,5,GTGTTACCCCCTGGCATCTA,0,3968476
xdhAp1,0.16666666666666666,5,5,GTGTGGTACAAGTGCAGAAT,0,3953986
xdhAp1,0.16666666666666666,5,5,GTGTCAAAACCTAACGCGAA,0,3951631
xdhAp1,0.16666666666666666,5,5,GTGGCCGGACCGCCTGGTTG,0,3943594
xdhAp1,0.16666666666666666,5,5,GTGGATTAGATCTCCCTCTC,0,3955038
xdhAp1,0.16666666666666666,5,5,GTGGATCTCGTGGGCGATTG,0,3938380
xdhAp1,0.16666666666666666,5,5,GTGCTGACTCGGAATGCTAA,0,3957318
xdhAp1,0.16666666666666666,5,5,GTGCTCCGCGAATGACCAAG,0,3950809
xdhAp1,0.16666666666666666,5,5,GTGCGTCCAGACACCCGTTC,0,3940222
xdhAp1,0.16666666666666666,5,5,GTGCCTTCTTTTAAATTAGT,0,3959302
xdhAp1,0.16666666666666666,5,5,GTGCACTTCGGGCAAACTCC,0,3944372
xdhAp1,0.16666666666666666,5,5,GTGCAATCCGTCTATATATT,0,3952708
xdhAp1,0.16666666666666666,5,5,GTGATCGTGTGTCGTACTAA,0,3946320
xdhAp1,0.16666666666666666,5,5,GTGAAATACATTGAATCCAT,0,3937511
xdhAp1,0.16666666666666666,5,5,GTCTCGCGGGACAACTAGGC,0,3942622
xdhAp1,0.16666666666666666,5,5,GTCTCCGCTTATGACAAGAG,0,3955677
xdhAp1,0.16666666666666666,5,5,GTCTCCACAAGGTAGTAACG,0,3960059
xdhAp1,0.16666666666666666,5,5,GTCGCGCCAGGCTCGAGTGC,0,3957290
xdhAp1,0.16666666666666666,5,5,GTCCTCCACGGCATAGCTCT,0,3930528
xdhAp1,0.16666666666666666,5,5,GTCCCCTTAGGGCCGCCGTT,0,3955159
xdhAp1,0.16666666666666666,5,5,GTCATCGCGTTCCCTATACT,0,3945389
xdhAp1,0.16666666666666666,5,5,GTCAGCACAATGGGCGAACC,0,3965944
xdhAp1,0.16666666666666666,5,5,GTATTTTGTTGGGCGAACGA,0,3942827
xdhAp1,0.16666666666666666,5,5,GTATTGGCTACCGAGAAAGT,0,3947177
xdhAp1,0.16666666666666666,5,5,GTATGGCGTTAAGCTCCCAG,0,3958736
xdhAp1,0.16666666666666666,5,5,GTAGTTTGGACACGTACAAT,0,3947650
xdhAp1,0.16666666666666666,5,5,GTAGGGCTTTGTAGAAGTAC,0,3928940
xdhAp1,0.16666666666666666,5,5,GTAGGCCGAAACTACAGGCT,0,3931271
xdhAp1,0.16666666666666666,5,5,GTACGGGGGGTCTAGGAAAG,0,3936226
xdhAp1,0.16666666666666666,5,5,GTACATATTGACAAACTTTG,0,3943308
xdhAp1,0.16666666666666666,5,5,GTACACTGGAGCAGTGCGAT,0,3977913
xdhAp1,0.16666666666666666,5,5,GTACACCGCGATCTCGGGAC,0,3962033
xdhAp1,0.16666666666666666,5,5,GTAAGTGTTCATCGCACGGG,0,3934520
xdhAp1,0.16666666666666666,5,5,GTAAGGTTAATACCTAAGAG,0,3956092
xdhAp1,0.16666666666666666,5,5,GTAACTCACTCTCCCAGGCT,0,3969920
xdhAp1,0.16666666666666666,5,5,GTAAAATTCTGCGCCATTCG,0,3966773
xdhAp1,0.16666666666666666,5,5,GTAAAAGAGAGTCACAGCCT,0,3964757
xdhAp1,0.16666666666666666,5,5,GGTTTAGGCGTATCGGATGA,0,3941965
xdhAp1,0.16666666666666666,5,5,GGTTGTCCTGCGCGGGATGT,0,3939080
xdhAp1,0.16666666666666666,5,5,GGTGTAACCGATACGATGTG,0,3980645
xdhAp1,0.16666666666666666,5,5,GGTCGCTATGTGTGCGGCTA,0,3958789
xdhAp1,0.16666666666666666,5,5,GGTCGCAGGTCCCCTGGCTT,0,3974401
xdhAp1,0.16666666666666666,5,5,GGTCCACCCAAAGGATAAAT,0,3939921
xdhAp1,0.16666666666666666,5,5,GGTCACCCCCCCCACAGGCA,0,3941602
xdhAp1,0.16666666666666666,5,5,GGTACAAATAATGAAGTACA,0,3970625
xdhAp1,0.16666666666666666,5,5,GGGTTAGTGCTTTTGTCCTG,0,3970569
xdhAp1,0.16666666666666666,5,5,GGGTTACATGCACTCTACGT,0,3963980
xdhAp1,0.16666666666666666,5,5,GGGTTAAAGTACCGGTGCTG,0,3942120
xdhAp1,0.16666666666666666,5,5,GGGTCTGGATTCTGAACTAA,0,3972016
xdhAp1,0.16666666666666666,5,5,GGGTATTGCCCGCTCGGCCA,0,3942481
xdhAp1,0.16666666666666666,5,5,GGGTATGCAGTACGGAAAGA,0,3954517
xdhAp1,0.16666666666666666,5,5,GGGTACACGGGGAGTAACGA,0,3943391
xdhAp1,0.16666666666666666,5,5,GGGGCTATGTAGCAGCGTCG,0,3961543
xdhAp1,0.16666666666666666,5,5,GGGGACTGCCGACATGTTCG,0,3967604
xdhAp1,0.16666666666666666,5,5,GGGCTTATGGATAAACGGGG,0,3971483
xdhAp1,0.16666666666666666,5,5,GGGCAGGTAGCTCTTGTGAA,0,3978732
xdhAp1,0.16666666666666666,5,5,GGGCACAGTGCAGTGCTCGT,0,3938603
xdhAp1,0.16666666666666666,5,5,GGGCAATATTTGCTATATTT,0,3933577
xdhAp1,0.16666666666666666,5,5,GGGATTCAAAAGCTTTCTGT,0,3933669
xdhAp1,0.16666666666666666,5,5,GGGATATACTCGACCTGCAT,0,3970951
xdhAp1,0.16666666666666666,5,5,GGGAAGTCAAAGTTCTAACA,0,3978659
xdhAp1,0.16666666666666666,5,5,GGGAACATATGGCTACCCGA,0,3952997
xdhAp1,0.16666666666666666,5,5,GGCTCGCGTTTCATATCTAA,0,3960828
xdhAp1,0.16666666666666666,5,5,GGCTACAACCGGAATTTACT,0,3978972
xdhAp1,0.16666666666666666,5,5,GGCGCGGGCTGTATGTTGTC,0,3933877
xdhAp1,0.16666666666666666,5,5,GGCGACAGTCTGCGGAGTAG,0,3960094
xdhAp1,0.16666666666666666,5,5,GGCCTTGCGCTCGTCACAAG,0,3959413
xdhAp1,0.16666666666666666,5,5,GGCCTAAATGCAGTGGACGA,0,3944157
xdhAp1,0.16666666666666666,5,5,GGCCATGGCTGCCACTATGC,0,3966778
xdhAp1,0.16666666666666666,5,5,GGCCAGCGTTGGTACCTTTC,0,3944660
xdhAp1,0.16666666666666666,5,5,GGCAATGCGCTGTACATCGC,0,3950383
xdhAp1,0.16666666666666666,5,5,GGCAAGCGACGAGCTAGGGG,0,3935412
xdhAp1,0.16666666666666666,5,5,GGATGGTTTTGGCCACCCAC,0,3950726
xdhAp1,0.16666666666666666,5,5,GGATGGCTTCTATTTCGTTA,0,3955858
xdhAp1,0.16666666666666666,5,5,GGATGCGATTCACTTTCACA,0,3947555
xdhAp1,0.16666666666666666,5,5,GGATCTAACTGGGCCTGTAT,0,3980647
xdhAp1,0.16666666666666666,5,5,GGATCCAGGAGCATTACATT,0,3948602
xdhAp1,0.16666666666666666,5,5,GGAGTGATAGAGCACGGCCT,0,3973293
xdhAp1,0.16666666666666666,5,5,GGAGGTGTGAGTTGGAAAGA,0,3961975
xdhAp1,0.16666666666666666,5,5,GGAGCTAGGGATTTGAGGGT,0,3932374
xdhAp1,0.16666666666666666,5,5,GGACTATATGGCAAACCTGT,0,3950364
xdhAp1,0.16666666666666666,5,5,GGACCTTCCGGTTTCAGGGG,0,3957046
xdhAp1,0.16666666666666666,5,5,GGACCATAGTGTTGGAAAAA,0,3957608
xdhAp1,0.16666666666666666,5,5,GGACATGATTCGCCCGGTAT,0,3963216
xdhAp1,0.16666666666666666,5,5,GGAAGCTTAGGTGTTGACAT,0,3954805
xdhAp1,0.16666666666666666,5,5,GGAACTGCTTCAGGTGCGCT,0,3941310
xdhAp1,0.16666666666666666,5,5,GCTTTCGAGATGCTCAGGTA,0,3954567
xdhAp1,0.16666666666666666,5,5,GCTTTCCTACCGGGAGAGGT,0,3945471
xdhAp1,0.16666666666666666,5,5,GCTTCATCGACCTTTCCCCA,0,3937942
xdhAp1,0.16666666666666666,5,5,GCTTATCTCGGTATTTATTT,0,3945134
xdhAp1,0.16666666666666666,5,5,GCTGGGTTTTGCGCTAAGGC,0,3968334
xdhAp1,0.16666666666666666,5,5,GCTGGATCGCGCCGGTCTTG,0,3947012
xdhAp1,0.16666666666666666,5,5,GCTCTAACTGATGGCCCCAT,0,3956572
xdhAp1,0.16666666666666666,5,5,GCTATTCAGTTGTTTCATCA,0,3971908
xdhAp1,0.16666666666666666,5,5,GCTACCCCAAAAAGATCTAT,0,3949647
xdhAp1,0.16666666666666666,5,5,GCTAAGTGGGCCCCCGGTCA,0,3944782
xdhAp1,0.16666666666666666,5,5,GCGTTTCCAGCAGTGGTGGA,0,3935838
xdhAp1,0.16666666666666666,5,5,GCGTTGTACAAAGCGCATAA,0,3931683
xdhAp1,0.16666666666666666,5,5,GCGGAAATGGGAACGAGTGT,0,3930487
xdhAp1,0.16666666666666666,5,5,GCGCCATGCTTGGTTCCAAA,0,3955776
xdhAp1,0.16666666666666666,5,5,GCCTTTCGGATAGATATTCG,0,3933588
xdhAp1,0.16666666666666666,5,5,GCCTTGCCCGGGAGTTCAAG,0,3968235
xdhAp1,0.16666666666666666,5,5,GCCTGTGACAATGGGACGAC,0,3980315
xdhAp1,0.16666666666666666,5,5,GCCTCAATCTCTCCACTTAG,0,3960172
xdhAp1,0.16666666666666666,5,5,GCCTACGATAGTCACTTCGG,0,3963362
xdhAp1,0.16666666666666666,5,5,GCCGCTGCTCACGAGACCAA,0,3929111
xdhAp1,0.16666666666666666,5,5,GCCCTCGGCGCTTCCGTCAT,0,3959535
xdhAp1,0.16666666666666666,5,5,GCCCTATCATATTGTAATAA,0,3950393
xdhAp1,0.16666666666666666,5,5,GCCCATACTTTGCGCTTAAA,0,3945565
xdhAp1,0.16666666666666666,5,5,GCCCAGCTTATCTTGCGCCA,0,3976524
xdhAp1,0.16666666666666666,5,5,GCCCAGCCTATCAATCGACC,0,3955549
xdhAp1,0.16666666666666666,5,5,GCCCACAGAGCCCCAATAAC,0,3964250
xdhAp1,0.16666666666666666,5,5,GCCATACTCAACCACAAAAA,0,3956305
xdhAp1,0.16666666666666666,5,5,GCCACAAGACAAGCTTCTGC,0,3935172
xdhAp1,0.16666666666666666,5,5,GCCAATGTTACGCACGAGAC,0,3965144
xdhAp1,0.16666666666666666,5,5,GCCAAGCCGGGCTACCAGCT,0,3970194
xdhAp1,0.16666666666666666,5,5,GCCAACGTCCGCAAAGGTGT,0,3963708
xdhAp1,0.16666666666666666,5,5,GCATTTAAACCAGGGGATTC,0,3943438
xdhAp1,0.16666666666666666,5,5,GCATATACGAACATAATATC,0,3976194
xdhAp1,0.16666666666666666,5,5,GCATAGGGTCCACGATCAGA,0,3956897
xdhAp1,0.16666666666666666,5,5,GCAGGTCGCGGAAACTATTA,0,3955550
xdhAp1,0.16666666666666666,5,5,GCAGCATCCTATGTCTACTC,0,3958233
xdhAp1,0.16666666666666666,5,5,GCAGATATACGCAACGTACA,0,3978984
xdhAp1,0.16666666666666666,5,5,GCACATCCGGCTCATGTGTT,0,3941312
xdhAp1,0.16666666666666666,5,5,GCACATATAGACAACGACGA,0,3975416
xdhAp1,0.16666666666666666,5,5,GCACAATTCAGATATACGGG,0,3934397
xdhAp1,0.16666666666666666,5,5,GCAACTACGTGAGAACACAG,0,3970060
xdhAp1,0.16666666666666666,5,5,GATTAAGAACTCTAGCGTCG,0,3954072
xdhAp1,0.16666666666666666,5,5,GATGTCGTACTCAGGTTAAG,0,3972548
xdhAp1,0.16666666666666666,5,5,GATGGTAAGACAACTATCGA,0,3976651
xdhAp1,0.16666666666666666,5,5,GATGGGATGAAGCTATAGTA,0,3960979
xdhAp1,0.16666666666666666,5,5,GATGCCGAGAGACACTCATC,0,3973679
xdhAp1,0.16666666666666666,5,5,GATCGACAGCACACATATGG,0,3952646
xdhAp1,0.16666666666666666,5,5,GATATGGATGCATATGTTGT,0,3930193
xdhAp1,0.16666666666666666,5,5,GAGTTTAGGGGAAAGTTGAC,0,3951802
xdhAp1,0.16666666666666666,5,5,GAGTGGATTCACCGCATAAA,0,3975874
xdhAp1,0.16666666666666666,5,5,GAGTGATCAACCAGCTGTAG,0,3968761
xdhAp1,0.16666666666666666,5,5,GAGTAAAGTCCGGGCTGTCG,0,3944965
xdhAp1,0.16666666666666666,5,5,GAGGGGACTGCGAGTTTGTT,0,3943462
xdhAp1,0.16666666666666666,5,5,GAGGGCTTTCTACCATACAA,0,3945657
xdhAp1,0.16666666666666666,5,5,GAGGCCTCAAGTCTGAGGGG,0,3934977
xdhAp1,0.16666666666666666,5,5,GAGCTTTAGGCCCCTCATTG,0,3971209
xdhAp1,0.16666666666666666,5,5,GAGCGCCGTGCAAGTCGTGT,0,3955258
xdhAp1,0.16666666666666666,5,5,GAGCAGTGGGGAAAGCGCGT,0,3949841
xdhAp1,0.16666666666666666,5,5,GAGAGTTATGCGTCGCACCA,0,3944744
xdhAp1,0.16666666666666666,5,5,GAGAGCTGACTAGATTATCG,0,3942236
xdhAp1,0.16666666666666666,5,5,GAGACATCGCCTGCACTTAT,0,3932618
xdhAp1,0.16666666666666666,5,5,GAGAAGGCCATTCTACAACC,0,3976961
xdhAp1,0.16666666666666666,5,5,GAGAAGAGAATAACGGTTAC,0,3952076
xdhAp1,0.16666666666666666,5,5,GACTTGCCCAGTGCGTTCGT,0,3941985
xdhAp1,0.16666666666666666,5,5,GACTGGGTCTTGTCGGGAGG,0,3955021
xdhAp1,0.16666666666666666,5,5,GACTCGGAGAATCGTAGGAA,0,3980258
xdhAp1,0.16666666666666666,5,5,GACTCCTGTGATGCTACGAT,0,3955488
xdhAp1,0.16666666666666666,5,5,GACGTAGCGCGAGCATAGTA,0,3949420
xdhAp1,0.16666666666666666,5,5,GACGCCTCTACCTACATATT,0,3963786
xdhAp1,0.16666666666666666,5,5,GACGCATACAACAAGGCTCA,0,3941638
xdhAp1,0.16666666666666666,5,5,GACCGGTTGCTAGCACACGG,0,3943919
xdhAp1,0.16666666666666666,5,5,GACCAGGCATAAGGCCCCCA,0,3937527
xdhAp1,0.16666666666666666,5,5,GACATTATACAGAAGTACAT,0,3978196
xdhAp1,0.16666666666666666,5,5,GACAAGGTACATTTGAACAT,0,3967639
xdhAp1,0.16666666666666666,5,5,GAATGGTAGCCAGGGGGGAC,0,3933311
xdhAp1,0.16666666666666666,5,5,GAATCACGTTAAAATCTTAG,0,3974223
xdhAp1,0.16666666666666666,5,5,GAAGGTGAGTCATGGGTACC,0,3933264
xdhAp1,0.16666666666666666,5,5,GAACTCTCGTGTGGCTACTG,0,3968642
xdhAp1,0.16666666666666666,5,5,GAACGTACGGTCGATCCAAC,0,3979125
xdhAp1,0.16666666666666666,5,5,GAACGAATGGCTTAACTATT,0,3939926
xdhAp1,0.16666666666666666,5,5,CTTTGGAAGTTGTTTGAATA,0,3952168
xdhAp1,0.16666666666666666,5,5,CTTTCTGCACACAGCTGGTC,0,3968353
xdhAp1,0.16666666666666666,5,5,CTTTCTCGGCAACGTCTAAC,0,3953414
xdhAp1,0.16666666666666666,5,5,CTTTCGTCCTGTCGGCATAC,0,3952410
xdhAp1,0.16666666666666666,5,5,CTTTAAGTTCCCGACTGACA,0,3949315
xdhAp1,0.16666666666666666,5,5,CTTGGGTTTGAGCACTTGCT,0,3948614
xdhAp1,0.16666666666666666,5,5,CTTGACACAATGCGGGTAAA,0,3937062
xdhAp1,0.16666666666666666,5,5,CTTCTAGCTGAGCCATCCCA,0,3929642
xdhAp1,0.16666666666666666,5,5,CTTCGTTTATGTAGGGATTT,0,3955982
xdhAp1,0.16666666666666666,5,5,CTTCCTTAACCGCCGCACGC,0,3944927
xdhAp1,0.16666666666666666,5,5,CTTCCTCCAAGGACAACAGT,0,3960129
xdhAp1,0.16666666666666666,5,5,CTTATAGGGAAGAACCCCGT,0,3937656
xdhAp1,0.16666666666666666,5,5,CTTATACCCGCAAGAAAGCG,0,3935576
xdhAp1,0.16666666666666666,5,5,CTTATAATAAAGGGTTCACC,0,3978485
xdhAp1,0.16666666666666666,5,5,CTTAGTAACGAGAGCCTTAG,0,3971063
xdhAp1,0.16666666666666666,5,5,CTTAACTTAGTGGGGGTTCT,0,3964162
xdhAp1,0.16666666666666666,5,5,CTGTGTCCCGAGCTCCCTCA,0,3973098
xdhAp1,0.16666666666666666,5,5,CTGTCTGTACTTATATTGCG,0,3936304
xdhAp1,0.16666666666666666,5,5,CTGTAACGTAATTACCATGA,0,3978338
xdhAp1,0.16666666666666666,5,5,CTGGTCCCAAGTACAGCCAA,0,3947072
xdhAp1,0.16666666666666666,5,5,CTGGTACCGCCCCTTCACTC,0,3956106
xdhAp1,0.16666666666666666,5,5,CTGGGTGTGTTGAGAGTGAG,0,3953791
xdhAp1,0.16666666666666666,5,5,CTGGCACTCCAGCGGTCTTC,0,3932818
xdhAp1,0.16666666666666666,5,5,CTGCGACACATCGTATCCTT,0,3965568
xdhAp1,0.16666666666666666,5,5,CTGATTTTGAAGTGCCAGCG,0,3954299
xdhAp1,0.16666666666666666,5,5,CTGATTATTAGCGGGTACTG,0,3971641
xdhAp1,0.16666666666666666,5,5,CTGACTCGTAAGGCACCGGG,0,3952274
xdhAp1,0.16666666666666666,5,5,CTGAAGAGCCCAATGCCGGG,0,3946594
xdhAp1,0.16666666666666666,5,5,CTCTTGCGGGTGCGAGGTTC,0,3946098
xdhAp1,0.16666666666666666,5,5,CTCTTACTAGGACGCGTCGG,0,3951612
xdhAp1,0.16666666666666666,5,5,CTCTCGAGGGGTACCTGCGG,0,3975822
xdhAp1,0.16666666666666666,5,5,CTCTCCCAACTTAAGACGCT,0,3935732
xdhAp1,0.16666666666666666,5,5,CTCTATAAATTTGGCACCAG,0,3975240
xdhAp1,0.16666666666666666,5,5,CTCGTTGATAGACCCCATGA,0,3962072
xdhAp1,0.16666666666666666,5,5,CTCGGAAGAGGAAATGCGTG,0,3937759
xdhAp1,0.16666666666666666,5,5,CTCGCAAATTCAGCTCGCTA,0,3967652
xdhAp1,0.16666666666666666,5,5,CTCGAGTAGTGGCTCAGGCC,0,3959328
xdhAp1,0.16666666666666666,5,5,CTCCTGTACGTCGTTAGGGG,0,3975295
xdhAp1,0.16666666666666666,5,5,CTCCGGTCGTACACGCAAGA,0,3942141
xdhAp1,0.16666666666666666,5,5,CTCCAGATGTAATGGCACGG,0,3956040
xdhAp1,0.16666666666666666,5,5,CTCCAGACGTCGGGTGCGCC,0,3961635
xdhAp1,0.16666666666666666,5,5,CTCATCGAAGAAAGTGTCCG,0,3950018
xdhAp1,0.16666666666666666,5,5,CTCAGAAGGTGTGGCTTCCT,0,3961650
xdhAp1,0.16666666666666666,5,5,CTCACAACTCAGTATCGTGC,0,3949839
xdhAp1,0.16666666666666666,5,5,CTATGGGGCTCAGCAACGAT,0,3954527
xdhAp1,0.16666666666666666,5,5,CTATCGAAATAGAATAAGCT,0,3947686
xdhAp1,0.16666666666666666,5,5,CTATACGACAAGGCCATCCG,0,3929913
xdhAp1,0.16666666666666666,5,5,CTAGTATGGTCAGTGGTAAT,0,3951626
xdhAp1,0.16666666666666666,5,5,CTACTGCTAATGCCGTGACT,0,3975186
xdhAp1,0.16666666666666666,5,5,CTACCGAATTCAGTTAATCA,0,3959879
xdhAp1,0.16666666666666666,5,5,CTAAGTCCCTTTGGAGCGGG,0,3934531
xdhAp1,0.16666666666666666,5,5,CTAAGGTGCCGTCCTGAGTA,0,3962892
xdhAp1,0.16666666666666666,5,5,CTAAGGGCGCGTTGATCCAT,0,3960205
xdhAp1,0.16666666666666666,5,5,CGTTCAGCGGGTCTCTATAT,0,3952428
xdhAp1,0.16666666666666666,5,5,CGTGTCCAGGAATACGAGGT,0,3972466
xdhAp1,0.16666666666666666,5,5,CGTGTCAGCGGGTGCGCTGG,0,3959705
xdhAp1,0.16666666666666666,5,5,CGTGTATCCTCGAAATCGAG,0,3934665
xdhAp1,0.16666666666666666,5,5,CGTGATGAATCAGCAGCCGG,0,3938532
xdhAp1,0.16666666666666666,5,5,CGTCGTCACTGGTCTAGAAA,0,3958106
xdhAp1,0.16666666666666666,5,5,CGTCGTATAGTTCTTCTGTC,0,3977859
xdhAp1,0.16666666666666666,5,5,CGTCGCTAGAGCCGCCACGG,0,3964202
xdhAp1,0.16666666666666666,5,5,CGTCCCGGCGCGCACCCTGA,0,3981035
xdhAp1,0.16666666666666666,5,5,CGTATTTGGCTCATCCGGTC,0,3949400
xdhAp1,0.16666666666666666,5,5,CGTATGTCAGACTTTGTGAA,0,3958409
xdhAp1,0.16666666666666666,5,5,CGTATGAGTGTTGGGCAGAC,0,3980247
xdhAp1,0.16666666666666666,5,5,CGTACCTACTACTGGGCTGA,0,3965756
xdhAp1,0.16666666666666666,5,5,CGTAAGGGGAGCCATCCGGT,0,3963700
xdhAp1,0.16666666666666666,5,5,CGTAAAACTCACGGAGGCAG,0,3954760
xdhAp1,0.16666666666666666,5,5,CGGTTGACTGTGGTATCATG,0,3979459
xdhAp1,0.16666666666666666,5,5,CGGTGGGAGCGATACATTAT,0,3980400
xdhAp1,0.16666666666666666,5,5,CGGTGCCTTTCGGGCGGAAT,0,3966279
xdhAp1,0.16666666666666666,5,5,CGGTCTTGCGACGCTCTTAC,0,3956534
xdhAp1,0.16666666666666666,5,5,CGGTAGAGATTCGGTTCTCG,0,3969315
xdhAp1,0.16666666666666666,5,5,CGGTACAAACCTTCTCCGTT,0,3934462
xdhAp1,0.16666666666666666,5,5,CGGGTTTCACGTTAATTTAA,0,3929572
xdhAp1,0.16666666666666666,5,5,CGGGTTGTAGGGACGGCGGT,0,3961020
xdhAp1,0.16666666666666666,5,5,CGGGCTAGAGTCCACACTGT,0,3931975
xdhAp1,0.16666666666666666,5,5,CGGATCGATGTCGTTTGCAA,0,3969319
xdhAp1,0.16666666666666666,5,5,CGGATCGACCGGAATGTACC,0,3953256
xdhAp1,0.16666666666666666,5,5,CGGAGTTCTCAGTTAATTGC,0,3944560
xdhAp1,0.16666666666666666,5,5,CGGAGTGGCCGCGCGAATTA,0,3953586
xdhAp1,0.16666666666666666,5,5,CGGAGCTTGAAATTTGTATG,0,3947053
xdhAp1,0.16666666666666666,5,5,CGGAAAACTGTACATCAGGG,0,3971218
xdhAp1,0.16666666666666666,5,5,CGCTGCTATATACTGATTGA,0,3965187
xdhAp1,0.16666666666666666,5,5,CGCTGCCTCAAAGCCGTAAG,0,3949180
xdhAp1,0.16666666666666666,5,5,CGCTACTTCCATTCCTCACG,0,3968000
xdhAp1,0.16666666666666666,5,5,CGCGTAAAAGCGCCTAGGAG,0,3977278
xdhAp1,0.16666666666666666,5,5,CGCGGCGGTGTGCTAATCAG,0,3959839
xdhAp1,0.16666666666666666,5,5,CGCGCATAACTAACGGGTCG,0,3960039
xdhAp1,0.16666666666666666,5,5,CGCGCAGCTCTGGGGAAGCT,0,3973748
xdhAp1,0.16666666666666666,5,5,CGCGATTGTTATCTGTGTGT,0,3955762
xdhAp1,0.16666666666666666,5,5,CGCGACGCAGGGGCCAACGT,0,3970755
xdhAp1,0.16666666666666666,5,5,CGCCTAAAGTTGAACCCTTG,0,3973921
xdhAp1,0.16666666666666666,5,5,CGCCCAACCAGATTTTAGCG,0,3972114
xdhAp1,0.16666666666666666,5,5,CGCCCAACAACCAGAACTTC,0,3960264
xdhAp1,0.16666666666666666,5,5,CGCATCCCCGAGGGCTGTGT,0,3954644
xdhAp1,0.16666666666666666,5,5,CGCATACGGCGATGCAGTAA,0,3958458
xdhAp1,0.16666666666666666,5,5,CGCAGGCGCCAGAAACTTTG,0,3957699
xdhAp1,0.16666666666666666,5,5,CGCAATAACGATACTGCTTG,0,3930127
xdhAp1,0.16666666666666666,5,5,CGCAAGACTCGCTGAGGGAA,0,3974243
xdhAp1,0.16666666666666666,5,5,CGATTGGGTGGCTATTACGT,0,3937970
xdhAp1,0.16666666666666666,5,5,CGATTCATCCCAACCGTGTA,0,3972712
xdhAp1,0.16666666666666666,5,5,CGATCGGTAAGCCGCATACA,0,3936096
xdhAp1,0.16666666666666666,5,5,CGATACCTGTGCCGTCAGCG,0,3950010
xdhAp1,0.16666666666666666,5,5,CGATACAGTAATCAGCCGGT,0,3960758
xdhAp1,0.16666666666666666,5,5,CGAGTGAGACGTATCGGAAG,0,3929140
xdhAp1,0.16666666666666666,5,5,CGAGGTAATAAAAAGGTGTA,0,3940117
xdhAp1,0.16666666666666666,5,5,CGAGGCCCTACGGCCCAATA,0,3961195
xdhAp1,0.16666666666666666,5,5,CGACTGACGGAGATTAGTGT,0,3952734
xdhAp1,0.16666666666666666,5,5,CGAATAAAGAGAGGTTCGCA,0,3945720
xdhAp1,0.16666666666666666,5,5,CGAAATTTTTTTTTGGTGGT,0,3933294
xdhAp1,0.16666666666666666,5,5,CCTTTTCCCCCTCTAACACC,0,3949985
xdhAp1,0.16666666666666666,5,5,CCTTGGCTCGCGAAGCGGAC,0,3967894
xdhAp1,0.16666666666666666,5,5,CCTTCTTTCGAGTCTTTTCG,0,3958406
xdhAp1,0.16666666666666666,5,5,CCTTCGAAAATCCGTATACA,0,3943931
xdhAp1,0.16666666666666666,5,5,CCTACGCGGGCCTTATTACT,0,3934509
xdhAp1,0.16666666666666666,5,5,CCGTTCTGGTTCCGCTGATC,0,3936418
xdhAp1,0.16666666666666666,5,5,CCGTGCCACTGCCTAAGCGT,0,3953357
xdhAp1,0.16666666666666666,5,5,CCGTCCACTGACAAGGGTCA,0,3968951
xdhAp1,0.16666666666666666,5,5,CCGTCAATAACCGATACATG,0,3963163
xdhAp1,0.16666666666666666,5,5,CCGGTTTAGCTTCGGATTTC,0,3955006
xdhAp1,0.16666666666666666,5,5,CCGGTGAACATAGTTCGATG,0,3949783
xdhAp1,0.16666666666666666,5,5,CCGCTATAGACGGCGTATGA,0,3941807
xdhAp1,0.16666666666666666,5,5,CCGCCGTGTTCGTCCATACA,0,3934527
xdhAp1,0.16666666666666666,5,5,CCGCAAGTTGCTTTGGTGCA,0,3930588
xdhAp1,0.16666666666666666,5,5,CCGAGTGGAGGATTAGTAGC,0,3956737
xdhAp1,0.16666666666666666,5,5,CCGAGTAGTTGGACTGATTC,0,3939498
xdhAp1,0.16666666666666666,5,5,CCGAGAGTCAATCTCCGGGA,0,3972714
xdhAp1,0.16666666666666666,5,5,CCCTTGGCCACCTTCGATAA,0,3956943
xdhAp1,0.16666666666666666,5,5,CCCTAGCGATCTCATGTCTT,0,3936295
xdhAp1,0.16666666666666666,5,5,CCCGCTGAGCACAATGTATG,0,3929859
xdhAp1,0.16666666666666666,5,5,CCCGACAATGTCGAGTCATA,0,3929772
xdhAp1,0.16666666666666666,5,5,CCCCGCCAATAAGGCATGTC,0,3980144
xdhAp1,0.16666666666666666,5,5,CCCCAGAAATCTCTTGGTTT,0,3960751
xdhAp1,0.16666666666666666,5,5,CCCATTGGACACGTGGACCA,0,3971855
xdhAp1,0.16666666666666666,5,5,CCCAGATCTAAAGTCTGATG,0,3978961
xdhAp1,0.16666666666666666,5,5,CCATTTTTATATTCAGAAAT,0,3980413
xdhAp1,0.16666666666666666,5,5,CCATTTAACTCGTAATTAGA,0,3974126
xdhAp1,0.16666666666666666,5,5,CCATTCGTCTATTAGTTGCA,0,3934805
xdhAp1,0.16666666666666666,5,5,CCAGGTTCAAGGAGTCCGGT,0,3972123
xdhAp1,0.16666666666666666,5,5,CCAGGAGATGAATTTGGCTT,0,3929150
xdhAp1,0.16666666666666666,5,5,CCAGACTGTAGTGTTGAGAA,0,3939224
xdhAp1,0.16666666666666666,5,5,CCACGGTGGGTTCATATACC,0,3941787
xdhAp1,0.16666666666666666,5,5,CCACCTTGAACAATGTGTGT,0,3941074
xdhAp1,0.16666666666666666,5,5,CCACCATTTCTCTAAAAGGT,0,3931289
xdhAp1,0.16666666666666666,5,5,CCAACGCACTCATCAATTCA,0,3950653
xdhAp1,0.16666666666666666,5,5,CATTCCTTAAACTGCGGAAT,0,3975967
xdhAp1,0.16666666666666666,5,5,CATGATCGCTTCGGGACCGG,0,3952863
xdhAp1,0.16666666666666666,5,5,CATCTTTCCGTTAAGTCGGA,0,3972599
xdhAp1,0.16666666666666666,5,5,CATCTTGGGCGGTTGCCTGG,0,3971644
xdhAp1,0.16666666666666666,5,5,CATCTAGGATCAAACGGATC,0,3952455
xdhAp1,0.16666666666666666,5,5,CATCCATCATGACCGTACGC,0,3952676
xdhAp1,0.16666666666666666,5,5,CATACAGTGTGGATGGTAAA,0,3965971
xdhAp1,0.16666666666666666,5,5,CATAATTTAAGAGGGTGGCA,0,3952702
xdhAp1,0.16666666666666666,5,5,CAGTTCTCTGAGTTACTACC,0,3979827
xdhAp1,0.16666666666666666,5,5,CAGTTACACCGGCTCTGGGT,0,3931483
xdhAp1,0.16666666666666666,5,5,CAGTGTATCACTCTTCGAAC,0,3976386
xdhAp1,0.16666666666666666,5,5,CAGGTTTTAGCGATACAGTT,0,3949075
xdhAp1,0.16666666666666666,5,5,CAGGGATCCCTCGGGGGTGT,0,3961144
xdhAp1,0.16666666666666666,5,5,CAGGGACCTGGCATCAAGCG,0,3937995
xdhAp1,0.16666666666666666,5,5,CAGGCTCGGATCACATTGGC,0,3950872
xdhAp1,0.16666666666666666,5,5,CAGGATTTTGTGAGTATCCA,0,3941705
xdhAp1,0.16666666666666666,5,5,CAGGAAAGAATCTTGTCGGG,0,3962401
xdhAp1,0.16666666666666666,5,5,CAGCTTTACAGAAACTTATT,0,3981079
xdhAp1,0.16666666666666666,5,5,CAGACCATGTTGGACAGTCA,0,3951291
xdhAp1,0.16666666666666666,5,5,CAGAAGCCATCTCTTTCAGC,0,3953634
xdhAp1,0.16666666666666666,5,5,CAGAAAAAAGCTAATCCTAC,0,3949008
xdhAp1,0.16666666666666666,5,5,CACTGTTTTAAGTTTTCTCT,0,3972193
xdhAp1,0.16666666666666666,5,5,CACTAGATGGGCAGCATCCT,0,3951415
xdhAp1,0.16666666666666666,5,5,CACGGCAGCGACAATTCGTA,0,3959171
xdhAp1,0.16666666666666666,5,5,CACCGTCCCGTTAACTACAT,0,3964935
xdhAp1,0.16666666666666666,5,5,CACCGCATTTCTAGCAACCC,0,3972377
xdhAp1,0.16666666666666666,5,5,CACCACTCAAGGGGTCGCTA,0,3972287
xdhAp1,0.16666666666666666,5,5,CACATATTGAAAGGGCCGAT,0,3972075
xdhAp1,0.16666666666666666,5,5,CACACGCCACGCAATTATCT,0,3951128
xdhAp1,0.16666666666666666,5,5,CACACACGTCCCCTTTACGG,0,3950951
xdhAp1,0.16666666666666666,5,5,CAAGGTCAGCCTACGAGACT,0,3945846
xdhAp1,0.16666666666666666,5,5,CAAGGGCCGTATCATGCTAT,0,3971249
xdhAp1,0.16666666666666666,5,5,CAAGCGTTTATCAAGGGTAA,0,3929213
xdhAp1,0.16666666666666666,5,5,CAAGCGTTAGTAGCCGCGCA,0,3969450
xdhAp1,0.16666666666666666,5,5,CAAGCCTACCAGTAGATTGA,0,3974366
xdhAp1,0.16666666666666666,5,5,CAACGCGAGTAACGGGACGG,0,3956008
xdhAp1,0.16666666666666666,5,5,CAACAGAGCGGCATGCACAT,0,3971587
xdhAp1,0.16666666666666666,5,5,CAAATTGTATGGGTGTCATG,0,3980498
xdhAp1,0.16666666666666666,5,5,CAAAGTCGGGCCGTTTCTGC,0,3933176
xdhAp1,0.16666666666666666,5,5,CAAAGGTTCTTAAATTCCTT,0,3953163
xdhAp1,0.16666666666666666,5,5,CAAAGGCGTGGGATAACGGG,0,3957299
xdhAp1,0.16666666666666666,5,5,CAAACGCTTTCTTCTATAGG,0,3934640
xdhAp1,0.16666666666666666,5,5,ATTTTGACTGCACTTCTCAG,0,3932269
xdhAp1,0.16666666666666666,5,5,ATTTTCCATACGCGCTCTAG,0,3937582
xdhAp1,0.16666666666666666,5,5,ATTTTAAATAGGTCCCCCCC,0,3931249
xdhAp1,0.16666666666666666,5,5,ATTTACGGATCGTCGGCGCC,0,3949751
xdhAp1,0.16666666666666666,5,5,ATTGTAGGCTCTTAAGTACG,0,3971912
xdhAp1,0.16666666666666666,5,5,ATTGTACCATAGAAGGGCAG,0,3934650
xdhAp1,0.16666666666666666,5,5,ATTGGGGTCTCAACGAAAAG,0,3939409
xdhAp1,0.16666666666666666,5,5,ATTGCGCGCGTTATGTAAAT,0,3945626
xdhAp1,0.16666666666666666,5,5,ATTCTTGACGGCGCAGGTAG,0,3953055
xdhAp1,0.16666666666666666,5,5,ATTCGGTAAGAGTAGCCATC,0,3975328
xdhAp1,0.16666666666666666,5,5,ATTCCGAGCTTAATCAATCG,0,3966278
xdhAp1,0.16666666666666666,5,5,ATTCACTCCTCGTGTGGAAG,0,3968502
xdhAp1,0.16666666666666666,5,5,ATTATAACCGAAGTGCTAGA,0,3942603
xdhAp1,0.16666666666666666,5,5,ATTAACGTCGCGTCTAGCTG,0,3963553
xdhAp1,0.16666666666666666,5,5,ATGTTTGATGCCGCACCTAA,0,3954497
xdhAp1,0.16666666666666666,5,5,ATGTTCTCAGACTTACAGGC,0,3973612
xdhAp1,0.16666666666666666,5,5,ATGTGGGATCCGTACCATAC,0,3961364
xdhAp1,0.16666666666666666,5,5,ATGTAGCAATAAGAGTCGTC,0,3940226
xdhAp1,0.16666666666666666,5,5,ATGGTCTCCCGTACAGGGTC,0,3953630
xdhAp1,0.16666666666666666,5,5,ATGGCTTATAGCATTGATAT,0,3974652
xdhAp1,0.16666666666666666,5,5,ATGGACGGTTAGCGGCGACG,0,3977686
xdhAp1,0.16666666666666666,5,5,ATGATATTAGGCTCTTGACA,0,3932512
xdhAp1,0.16666666666666666,5,5,ATGAGACTCACCGGCGCCCC,0,3965923
xdhAp1,0.16666666666666666,5,5,ATGAAAGGTATTGGACCTAC,0,3974061
xdhAp1,0.16666666666666666,5,5,ATCTTCGCGACCGCCCGTGT,0,3968192
xdhAp1,0.16666666666666666,5,5,ATCTTCGAAATTCCCCCTGC,0,3932601
xdhAp1,0.16666666666666666,5,5,ATCTTAAACCTCATGCCTGA,0,3975706
xdhAp1,0.16666666666666666,5,5,ATCGCCAATTGCGCTTGAAA,0,3977485
xdhAp1,0.16666666666666666,5,5,ATCGACTCATGGGACCCGTA,0,3950117
xdhAp1,0.16666666666666666,5,5,ATCCGTCTTTGCCAGACACA,0,3969159
xdhAp1,0.16666666666666666,5,5,ATCATCTGCGCTCACCGGTG,0,3937968
xdhAp1,0.16666666666666666,5,5,ATCAGAGAATCTTGCACTGA,0,3959585
xdhAp1,0.16666666666666666,5,5,ATCACGCAGCCGGGCACGAC,0,3979118
xdhAp1,0.16666666666666666,5,5,ATATTGTTCCCCAACTGCGT,0,3945393
xdhAp1,0.16666666666666666,5,5,ATATTCCCAATCCGGTCTCT,0,3943081
xdhAp1,0.16666666666666666,5,5,ATATGTTTCAGTATGATTTT,0,3959426
xdhAp1,0.16666666666666666,5,5,ATATGGGCTCGGTGTTGTCA,0,3946673
xdhAp1,0.16666666666666666,5,5,ATATGATCATGCGGTTAACG,0,3930685
xdhAp1,0.16666666666666666,5,5,ATAGTATTTCACTCATCTTC,0,3941593
xdhAp1,0.16666666666666666,5,5,ATAGACGTCTCTTCTAAGCT,0,3932871
xdhAp1,0.16666666666666666,5,5,ATACTCGAAGGGTGGGCAAT,0,3965784
xdhAp1,0.16666666666666666,5,5,ATACCGCATATTCGCTGGAC,0,3940112
xdhAp1,0.16666666666666666,5,5,ATACAAGTGTCAATGTATTC,0,3959891
xdhAp1,0.16666666666666666,5,5,ATAAGGTCGTAAATCCTCTT,0,3958015
xdhAp1,0.16666666666666666,5,5,ATAAACTTTTTGGAACCAGG,0,3948461
xdhAp1,0.16666666666666666,5,5,AGTTGGTAATACTCAGGATT,0,3965432
xdhAp1,0.16666666666666666,5,5,AGTTCAGTGTGCGGAATCTG,0,3939437
xdhAp1,0.16666666666666666,5,5,AGTTATTACCCTTGGATCGG,0,3954630
xdhAp1,0.16666666666666666,5,5,AGTGTCGCATTCGAGGGATA,0,3964284
xdhAp1,0.16666666666666666,5,5,AGTGTCCTGTGTTGTATTGC,0,3940059
xdhAp1,0.16666666666666666,5,5,AGTGACATTTTCCTGAGCGA,0,3937745
xdhAp1,0.16666666666666666,5,5,AGTCTTCTACGAGCATATGT,0,3938470
xdhAp1,0.16666666666666666,5,5,AGTCCTTTTATGACTTCCTG,0,3937801
xdhAp1,0.16666666666666666,5,5,AGTCATTATAGCGGAGGCCA,0,3930694
xdhAp1,0.16666666666666666,5,5,AGTCAGGGCGCTTGGCGGAG,0,3930696
xdhAp1,0.16666666666666666,5,5,AGTATCTCTATAAGCGGTTA,0,3955229
xdhAp1,0.16666666666666666,5,5,AGTATCTATTGGAGTTTGCG,0,3930128
xdhAp1,0.16666666666666666,5,5,AGTATAATCTGGGATCAAAT,0,3967154
xdhAp1,0.16666666666666666,5,5,AGTACGACCATCAATAAACT,0,3947639
xdhAp1,0.16666666666666666,5,5,AGGTTCGTAGCCCAGGTCAG,0,3931052
xdhAp1,0.16666666666666666,5,5,AGGTGTGGTTTCGCACCCAA,0,3956036
xdhAp1,0.16666666666666666,5,5,AGGTATTAGCAATTCAGTTG,0,3960660
xdhAp1,0.16666666666666666,5,5,AGGCTTGGCTCTCTCTTATA,0,3980668
xdhAp1,0.16666666666666666,5,5,AGGCTGACCGCTCCTTAAAT,0,3949694
xdhAp1,0.16666666666666666,5,5,AGGCTAGCCAATACCCCAGG,0,3959962
xdhAp1,0.16666666666666666,5,5,AGGCGGAGGGACGTTGCGTT,0,3960432
xdhAp1,0.16666666666666666,5,5,AGGCAGTCGTACCTAGGCCT,0,3963583
xdhAp1,0.16666666666666666,5,5,AGGCAGGAATGTTTTGCGCG,0,3933147
xdhAp1,0.16666666666666666,5,5,AGGATTAAGTTCCTATCTCC,0,3956450
xdhAp1,0.16666666666666666,5,5,AGGATCCGGTTAAAAGAATA,0,3981440
xdhAp1,0.16666666666666666,5,5,AGGAGGGGCGTTTCCGCTAT,0,3950295
xdhAp1,0.16666666666666666,5,5,AGGAGGCTATGTTGAGTCCA,0,3930214
xdhAp1,0.16666666666666666,5,5,AGGACTTCGTTGGATGGTAT,0,3935584
xdhAp1,0.16666666666666666,5,5,AGGAATATGGCCTGGGATGC,0,3969318
xdhAp1,0.16666666666666666,5,5,AGCTCGCGGCGGTGTTTGAT,0,3976349
xdhAp1,0.16666666666666666,5,5,AGCTAGCTCGCGTAATCCTA,0,3930713
xdhAp1,0.16666666666666666,5,5,AGCGAGGATTTTTGTGTTAG,0,3934446
xdhAp1,0.16666666666666666,5,5,AGCCTTAACACTACCGGATT,0,3965842
xdhAp1,0.16666666666666666,5,5,AGCCCCGCGCCGAAGGGGCG,0,3977065
xdhAp1,0.16666666666666666,5,5,AGCCAATATGGGTTTCCAGG,0,3941208
xdhAp1,0.16666666666666666,5,5,AGCAGGGCCGAGGTCATTCA,0,3943323
xdhAp1,0.16666666666666666,5,5,AGCAAGGGTCACAGAAAGGA,0,3929820
xdhAp1,0.16666666666666666,5,5,AGAGGTCTATGTTAGGTGTT,0,3963300
xdhAp1,0.16666666666666666,5,5,AGAGGGTTACGCATGTAAGG,0,3967003
xdhAp1,0.16666666666666666,5,5,AGAGGCTCTAAATATGTGGT,0,3952856
xdhAp1,0.16666666666666666,5,5,AGAGCCTCTCGCGCGTGATG,0,3953961
xdhAp1,0.16666666666666666,5,5,AGACTAGCGGGGCTTAAGTT,0,3956474
xdhAp1,0.16666666666666666,5,5,AGACACAGATGGCGCCGCTC,0,3952868
xdhAp1,0.16666666666666666,5,5,AGAAGGACACCTATTCATAG,0,3975697
xdhAp1,0.16666666666666666,5,5,AGAAAGCTGCACAACCAACG,0,3943986
xdhAp1,0.16666666666666666,5,5,AGAAACTGGGACGGTCAATT,0,3968818
xdhAp1,0.16666666666666666,5,5,ACTTTGGTTGTCGATCTATT,0,3946168
xdhAp1,0.16666666666666666,5,5,ACTTTAGAAATTATTTCATA,0,3931255
xdhAp1,0.16666666666666666,5,5,ACTTAGTGCGCAAAGCACTC,0,3953622
xdhAp1,0.16666666666666666,5,5,ACTTAGAATGTGATTCTAAT,0,3977059
xdhAp1,0.16666666666666666,5,5,ACTTAAACTCTTAGTTTTGT,0,3929646
xdhAp1,0.16666666666666666,5,5,ACTGGTGTTGTATATGCACA,0,3961692
xdhAp1,0.16666666666666666,5,5,ACTGGAACGGCTCTTGTTGA,0,3966372
xdhAp1,0.16666666666666666,5,5,ACTGCTACACCGAGTGAAGA,0,3959414
xdhAp1,0.16666666666666666,5,5,ACTGCGGTTGCTCCTCTAGA,0,3936988
xdhAp1,0.16666666666666666,5,5,ACTGCCCGTATCGATCAGGC,0,3959987
xdhAp1,0.16666666666666666,5,5,ACTGAAATTTTCGCCAGAAC,0,3980481
xdhAp1,0.16666666666666666,5,5,ACTCTTGCCACATACTGTAT,0,3963627
xdhAp1,0.16666666666666666,5,5,ACTCTGAGAAGGCAGTTCTC,0,3950478
xdhAp1,0.16666666666666666,5,5,ACTCGTTCCACAACCAAGAC,0,3965612
xdhAp1,0.16666666666666666,5,5,ACTCGCCTTGCCCAGCATAT,0,3933022
xdhAp1,0.16666666666666666,5,5,ACTCGATACGATATTCGAGC,0,3933119
xdhAp1,0.16666666666666666,5,5,ACTCGAGGACCTTAGTGCAT,0,3947578
xdhAp1,0.16666666666666666,5,5,ACTCCGAGCACGGGAAACAT,0,3970928
xdhAp1,0.16666666666666666,5,5,ACTCATGGATAGCACGAGCG,0,3977921
xdhAp1,0.16666666666666666,5,5,ACTATGGACTTGGTCCTGAA,0,3966361
xdhAp1,0.16666666666666666,5,5,ACTATCATATGCATATGCGT,0,3939447
xdhAp1,0.16666666666666666,5,5,ACTAGCTGGAAACATCGGTC,0,3954266
xdhAp1,0.16666666666666666,5,5,ACTACGGGTGAATTTAGTTG,0,3962974
xdhAp1,0.16666666666666666,5,5,ACTACAGTACGAGGCATGCT,0,3955091
xdhAp1,0.16666666666666666,5,5,ACGTTCCCGTTATGATATTT,0,3956363
xdhAp1,0.16666666666666666,5,5,ACGTGTGCTATCAGGCATCT,0,3965176
xdhAp1,0.16666666666666666,5,5,ACGTGACGGAGAGTTAGGTC,0,3969117
xdhAp1,0.16666666666666666,5,5,ACGTCTTCTACAGTGCCATC,0,3940362
xdhAp1,0.16666666666666666,5,5,ACGTCCCCGTCGTAAGACAA,0,3956366
xdhAp1,0.16666666666666666,5,5,ACGTATTCAAATCGTCAAGA,0,3945077
xdhAp1,0.16666666666666666,5,5,ACGGGAGAGGGGGAACTCCC,0,3929647
xdhAp1,0.16666666666666666,5,5,ACGGCGGACCCTGAGTATCA,0,3931833
xdhAp1,0.16666666666666666,5,5,ACGGATGAGGGAGAGCCAGA,0,3973868
xdhAp1,0.16666666666666666,5,5,ACGCTAAGGAGACGCAGTAC,0,3937096
xdhAp1,0.16666666666666666,5,5,ACGCCTAGTGGATGATATAG,0,3949734
xdhAp1,0.16666666666666666,5,5,ACGACTTGCCAAATCGGGAA,0,3933728
xdhAp1,0.16666666666666666,5,5,ACGACCCCAAGCCATTGCTT,0,3971772
xdhAp1,0.16666666666666666,5,5,ACGAAATAGGGCTTCGACGC,0,3975786
xdhAp1,0.16666666666666666,5,5,ACCGTATTCCGCTGGCAGTG,0,3935605
xdhAp1,0.16666666666666666,5,5,ACCGGTGTCGCCGACCCGTG,0,3935622
xdhAp1,0.16666666666666666,5,5,ACCCGCTCCCGCGAACCACC,0,3933546
xdhAp1,0.16666666666666666,5,5,ACCATAAGTCACTGAGAAAC,0,3942407
xdhAp1,0.16666666666666666,5,5,ACCAGGGCGGGAATCTGCGG,0,3941728
xdhAp1,0.16666666666666666,5,5,ACATTACGATAAGGACGGAA,0,3936504
xdhAp1,0.16666666666666666,5,5,ACATGTCTTGCGGTGTTCTC,0,3974272
xdhAp1,0.16666666666666666,5,5,ACATCCCTGGATCATTTGAG,0,3946208
xdhAp1,0.16666666666666666,5,5,ACATCAAAGTTCAATGTTAG,0,3954382
xdhAp1,0.16666666666666666,5,5,ACATAAGGGTGATGGTAAAA,0,3951971
xdhAp1,0.16666666666666666,5,5,ACAGTACTGCACATGGCCGT,0,3938869
xdhAp1,0.16666666666666666,5,5,ACAGGGGACGCGCTGTTAAC,0,3947196
xdhAp1,0.16666666666666666,5,5,ACAGGATCTTTTCGCCACAA,0,3972662
xdhAp1,0.16666666666666666,5,5,ACAGCGGCAATCTTCTCACT,0,3936588
xdhAp1,0.16666666666666666,5,5,ACAGAGGGGAGTTCGAACCC,0,3970824
xdhAp1,0.16666666666666666,5,5,ACACTATTGTCGGCCTGTTA,0,3961907
xdhAp1,0.16666666666666666,5,5,ACACGTCCAAGCCCTCTTCA,0,3931905
xdhAp1,0.16666666666666666,5,5,ACAAACCGGTATGGAGTAAT,0,3972600
xdhAp1,0.16666666666666666,5,5,AATTTCTCATTCAGGATTAC,0,3966808
xdhAp1,0.16666666666666666,5,5,AATTCTTAGAGGGTTGACGT,0,3964238
xdhAp1,0.16666666666666666,5,5,AATTAGTGGGACTTCGAGCT,0,3944344
xdhAp1,0.16666666666666666,5,5,AATGCCGGTTGTGCGAGAAG,0,3966783
xdhAp1,0.16666666666666666,5,5,AATCTTTCGGAGAGGGGCTA,0,3932794
xdhAp1,0.16666666666666666,5,5,AATCGATTATTGTTGATCGA,0,3968780
xdhAp1,0.16666666666666666,5,5,AATACGGCCCCAAGCTAGTA,0,3932694
xdhAp1,0.16666666666666666,5,5,AAGTGTAGGGTCCCTGAATG,0,3965682
xdhAp1,0.16666666666666666,5,5,AAGTGCACTACGCAGCTTTC,0,3943200
xdhAp1,0.16666666666666666,5,5,AAGGCCACGGAACGAAGTTT,0,3950230
xdhAp1,0.16666666666666666,5,5,AAGGCATCTATAAGACTGTC,0,3976852
xdhAp1,0.16666666666666666,5,5,AAGGCAGATCGTAAAAAGAT,0,3959685
xdhAp1,0.16666666666666666,5,5,AAGCTTTTGGTGCGCCGCCA,0,3973203
xdhAp1,0.16666666666666666,5,5,AAGCGCTGTCTGCGATTCTG,0,3952896
xdhAp1,0.16666666666666666,5,5,AAGCCGACATTACCACTTCC,0,3964682
xdhAp1,0.16666666666666666,5,5,AAGCCAAATAGCCACCAGCC,0,3976427
xdhAp1,0.16666666666666666,5,5,AAGATGAGGCACCTCGGCAG,0,3942992
xdhAp1,0.16666666666666666,5,5,AAGAAGGGGTAGGGGATCAG,0,3971133
xdhAp1,0.16666666666666666,5,5,AACTGGTCACATATACCATG,0,3963306
xdhAp1,0.16666666666666666,5,5,AACTCTGAGGACGGCGGTAA,0,3933695
xdhAp1,0.16666666666666666,5,5,AACCTGGGAACATGTCCTGG,0,3935436
xdhAp1,0.16666666666666666,5,5,AACCCGTCGGCGGGTCTGTT,0,3954301
xdhAp1,0.16666666666666666,5,5,AACCAACGGTGCATTTTAGT,0,3938844
xdhAp1,0.16666666666666666,5,5,AACACAACTACTGAATAAAT,0,3941356
xdhAp1,0.16666666666666666,5,5,AAATTTTTCAATTCGCATCG,0,3944369
xdhAp1,0.16666666666666666,5,5,AAATGGTTTCTGGGGGGTTA,0,3949331
xdhAp1,0.16666666666666666,5,5,AAAGTGCGCCGCCTACACAG,0,3974065
xdhAp1,0.16666666666666666,5,5,AAAGTCCGTGTACTGGGTGG,0,3966562
xdhAp1,0.16666666666666666,5,5,AAAGTAGACCCGGAATGACG,0,3966535
xdhAp1,0.16666666666666666,5,5,AAAGGGGGGTTTTTCTTAGA,0,3958900
xdhAp1,0.16666666666666666,5,5,AAACTTTATCCACCCCACAC,0,3945881
xdhAp1,0.16666666666666666,5,5,AAACTGCGGATCAGACATCT,0,3977922
xdhAp1,0.16666666666666666,5,5,AAACTCTCTCGGGACCTAGT,0,3931611
xdhAp1,0.16666666666666666,5,5,AAACAAGCGTGGGGGTTCGA,0,3959141
xdhAp1,0.16666666666666666,5,5,AAAAGTGAACATCAAGGGGA,0,3931347
xdhAp1,0.16666666666666666,5,5,AAAACCGCTACCAGCAATCC,0,3963734
xdhAp1,0.16666666666666666,5,5,AAAAATCAGCTGTCGAGTGG,0,3979916
xdhAp1,0.2,4,4,TTTTTAATGCGATACGCCAT,0,3934259
xdhAp1,0.2,4,4,TTTTGAGCGGGCCTCGTGAC,0,3929257
xdhAp1,0.2,4,4,TTTTCGTACCGGGTCGCTTT,0,3931999
xdhAp1,0.2,4,4,TTTTCCCTCCCATTGAGTTA,0,3979172
xdhAp1,0.2,4,4,TTTTCAAGAAGCATCAGTAT,0,3939587
xdhAp1,0.2,4,4,TTTGGCCACACTATGCTTAT,0,3958998
xdhAp1,0.2,4,4,TTTGGATATTCCTTGACAGA,0,3937190
xdhAp1,0.2,4,4,TTTGCCAGAGTTGCTCCTTC,0,3963470
xdhAp1,0.2,4,4,TTTGCCAAACGAGCCGATAA,0,3980927
xdhAp1,0.2,4,4,TTTGCACACTCTAAGAACAG,0,3936880
xdhAp1,0.2,4,4,TTTGATGCCATCTTGGCAGA,0,3948998
xdhAp1,0.2,4,4,TTTCTCTTCGAAACGATGAA,0,3964738
xdhAp1,0.2,4,4,TTTCTCGCCCCTGTTCTAGC,0,3971853
xdhAp1,0.2,4,4,TTTCCGAGGGGGTAAAAGCA,0,3948035
xdhAp1,0.2,4,4,TTTCACAACACACGTTTACT,0,3933114
xdhAp1,0.2,4,4,TTTATCTCGTGCCGATTGAT,0,3962505
xdhAp1,0.2,4,4,TTTATCACGAAGCGGATCCT,0,3943205
xdhAp1,0.2,4,4,TTTAGTGTATTGAGCCGAGC,0,3967472
xdhAp1,0.2,4,4,TTTAGTCAAGGCTCGGTTAT,0,3968783
xdhAp1,0.2,4,4,TTTACGGTCTCGGCTACTAA,0,3978900
xdhAp1,0.2,4,4,TTTACACGCCATCCGGGAGA,0,3955822
xdhAp1,0.2,4,4,TTTACAAGTATGGGCATCGT,0,3975860
xdhAp1,0.2,4,4,TTTAATAGGATTGTAATTAG,0,3960544
xdhAp1,0.2,4,4,TTGTTCATTCAATCCGAGAT,0,3944897
xdhAp1,0.2,4,4,TTGGTGTATTGACGTACTCT,0,3937650
xdhAp1,0.2,4,4,TTGGCCTCATGTCGCTTAGG,0,3947064
xdhAp1,0.2,4,4,TTGGACAGATGTTCGAAGCA,0,3957296
xdhAp1,0.2,4,4,TTGGAATTCATTTTATATTG,0,3953716
xdhAp1,0.2,4,4,TTGGAATCGCATGGCCTAGG,0,3956965
xdhAp1,0.2,4,4,TTGCTGATGTCAACCCGCAT,0,3981453
xdhAp1,0.2,4,4,TTGCTATCCCTGCGGCGAGT,0,3964243
xdhAp1,0.2,4,4,TTGCGACCCCATTTGATACG,0,3972081
xdhAp1,0.2,4,4,TTGCCTGTCTCTCACAGACG,0,3930162
xdhAp1,0.2,4,4,TTGCACCCGCATGGCGCGTT,0,3977853
xdhAp1,0.2,4,4,TTGCAATATGAAGTCTCCAA,0,3958289
xdhAp1,0.2,4,4,TTGATGGGGCAAAAGCACAT,0,3967536
xdhAp1,0.2,4,4,TTGATAGGTAGAGACTATCA,0,3950310
xdhAp1,0.2,4,4,TTGAGCCTCCTCGGTATTGG,0,3941111
xdhAp1,0.2,4,4,TTGACCTTTTGTTGTTTTTC,0,3981241
xdhAp1,0.2,4,4,TTGACCGGCACCAGTATTTC,0,3969235
xdhAp1,0.2,4,4,TTCTTGTACATTCACATGAT,0,3942624
xdhAp1,0.2,4,4,TTCTGGATCCCGGATGACGG,0,3943318
xdhAp1,0.2,4,4,TTCTCGTGGATGTTCCGGCT,0,3979542
xdhAp1,0.2,4,4,TTCGTAGAGGTTTGGACCCT,0,3933680
xdhAp1,0.2,4,4,TTCGGGTCAAATTTACTTCC,0,3966826
xdhAp1,0.2,4,4,TTCGCCGGCAATGCAATGCT,0,3962870
xdhAp1,0.2,4,4,TTCGATAACGGTAACTATAC,0,3948509
xdhAp1,0.2,4,4,TTCGAGCCTTACGTATCAGA,0,3949615
xdhAp1,0.2,4,4,TTCGACGATTGAGTCAATTA,0,3976861
xdhAp1,0.2,4,4,TTCCTGAAGTTTCTGGTTTT,0,3942372
xdhAp1,0.2,4,4,TTCCGGCAACGGTCTGACCA,0,3980996
xdhAp1,0.2,4,4,TTCCAGAGGTCTCTCCCGAT,0,3941307
xdhAp1,0.2,4,4,TTCATCAGTATCCTCAGAGA,0,3935482
xdhAp1,0.2,4,4,TTCACCGGGATGATAACAAC,0,3967116
xdhAp1,0.2,4,4,TTATTGGGTACTTCAGCGAT,0,3951428
xdhAp1,0.2,4,4,TTATGTCCGCGGATTACATC,0,3970026
xdhAp1,0.2,4,4,TTATAGTCATTAGTACTGGA,0,3972555
xdhAp1,0.2,4,4,TTAGTGCCTCGTCCGCGACA,0,3969632
xdhAp1,0.2,4,4,TTACTGAACGCGACGCAACA,0,3958177
xdhAp1,0.2,4,4,TTACTCTGATTCGCCAGCAG,0,3939858
xdhAp1,0.2,4,4,TTACATCGCTAGCAGACTCA,0,3959419
xdhAp1,0.2,4,4,TTACAGAACACGAAAAGGAC,0,3965270
xdhAp1,0.2,4,4,TTAACATGCGTTGTGAGAGT,0,3937884
xdhAp1,0.2,4,4,TGTTTTTGATCATACATAGG,0,3970865
xdhAp1,0.2,4,4,TGTTTATTGAGTCCTGCCTT,0,3934847
xdhAp1,0.2,4,4,TGTTCTTCATTCGTGTATGA,0,3973369
xdhAp1,0.2,4,4,TGTGGTTGCCTACTGTCAAT,0,3938751
xdhAp1,0.2,4,4,TGTGGGAGGTTGCGGTCGTT,0,3947154
xdhAp1,0.2,4,4,TGTGGAGTCTTGAGCGGCAG,0,3978168
xdhAp1,0.2,4,4,TGTCCGATCGTTGAGGCGAT,0,3972439
xdhAp1,0.2,4,4,TGTCATACTCTGCACCTTGT,0,3955171
xdhAp1,0.2,4,4,TGTATGTGAAGGTCGTCTCT,0,3963445
xdhAp1,0.2,4,4,TGTAGTTATGGTGAAGCCGT,0,3929046
xdhAp1,0.2,4,4,TGTAATCTGTGTTGTTGGGG,0,3937670
xdhAp1,0.2,4,4,TGTAAGGTCATGCAGGGGGT,0,3967890
xdhAp1,0.2,4,4,TGGTTTCGGAATCGACACAC,0,3963522
xdhAp1,0.2,4,4,TGGTGGAAACAATCCGTATC,0,3958390
xdhAp1,0.2,4,4,TGGTCGCCTCCGACAATGGT,0,3964372
xdhAp1,0.2,4,4,TGGGTGTACATCTGCAGGTG,0,3977523
xdhAp1,0.2,4,4,TGGGAGTTACGCAGTTAGAT,0,3936238
xdhAp1,0.2,4,4,TGGCTAACAAAGCACTGGGG,0,3938528
xdhAp1,0.2,4,4,TGGCGGTTATGTGAAAGATA,0,3973390
xdhAp1,0.2,4,4,TGCTTGAGTATGGGAAATAA,0,3977657
xdhAp1,0.2,4,4,TGCTCAAGGAGGGCATTATC,0,3946858
xdhAp1,0.2,4,4,TGCGTTAATATCTAATTTTC,0,3940758
xdhAp1,0.2,4,4,TGCGTGCCCGTTTTAAGGAT,0,3937564
xdhAp1,0.2,4,4,TGCGGGCCTCCGACCAGAAT,0,3974079
xdhAp1,0.2,4,4,TGCGCCTGTGACCAGTACTA,0,3965259
xdhAp1,0.2,4,4,TGCCGCTCCGGCAATCGTGT,0,3967796
xdhAp1,0.2,4,4,TGCCCGTAAGTCTCGGATGG,0,3945338
xdhAp1,0.2,4,4,TGCCAGCGTTGGCCACAACA,0,3960546
xdhAp1,0.2,4,4,TGCCACGTTTAGGGTTTCAA,0,3942666
xdhAp1,0.2,4,4,TGCATTGTTGCAGAGCAGCT,0,3965283
xdhAp1,0.2,4,4,TGCAGGGCCATTCGCCAGTC,0,3960035
xdhAp1,0.2,4,4,TGCAGATGCTCAGAGGTTAA,0,3950074
xdhAp1,0.2,4,4,TGCACAAACAGATCTAGTAT,0,3977083
xdhAp1,0.2,4,4,TGCAACCATATTTTAGCAGG,0,3961438
xdhAp1,0.2,4,4,TGATTGGGTTAGCCACGTTA,0,3942830
xdhAp1,0.2,4,4,TGATGTTCACCCAAGCAGCG,0,3979655
xdhAp1,0.2,4,4,TGAGTCCGGGTTTTAAGACA,0,3935816
xdhAp1,0.2,4,4,TGAGGTCGGCCTAGACGCAT,0,3936000
xdhAp1,0.2,4,4,TGAGGGGTGTGGCTGGGACT,0,3959877
xdhAp1,0.2,4,4,TGAGGGGTACTTTATCACAG,0,3954306
xdhAp1,0.2,4,4,TGAGGGGAAACGCGGGATAT,0,3956276
xdhAp1,0.2,4,4,TGAGGGCTCGGATATCATCA,0,3971620
xdhAp1,0.2,4,4,TGAGCGTACTAAGTTTCAGT,0,3944142
xdhAp1,0.2,4,4,TGAGCACGGTGCGAAACCCG,0,3950097
xdhAp1,0.2,4,4,TGAGAGCCGGTCGCGATGTC,0,3932892
xdhAp1,0.2,4,4,TGACTCTGCTCGCGTGTCCT,0,3936454
xdhAp1,0.2,4,4,TGACGGTGCCTGTCCAAAAA,0,3944709
xdhAp1,0.2,4,4,TGACCGCTGACTAACGTACG,0,3957810
xdhAp1,0.2,4,4,TGAAGATGAGAGGACCGGTA,0,3940900
xdhAp1,0.2,4,4,TCTTTCTGTGCGTGCAACGA,0,3932172
xdhAp1,0.2,4,4,TCTTCGGCCTTACCGACAGG,0,3956751
xdhAp1,0.2,4,4,TCTGGTAGTTATGTCACGGA,0,3975476
xdhAp1,0.2,4,4,TCTGCCTGGATTCGGTTTTA,0,3933696
xdhAp1,0.2,4,4,TCTGATGCCGATATATATGA,0,3951607
xdhAp1,0.2,4,4,TCTGACATCGTTGGCAAAAT,0,3946415
xdhAp1,0.2,4,4,TCTCTTCTTGTCAAAGCAAC,0,3952027
xdhAp1,0.2,4,4,TCTCTGGATTGTAACACCAA,0,3940969
xdhAp1,0.2,4,4,TCTCCTGGTGTAAAGCCAGA,0,3952083
xdhAp1,0.2,4,4,TCTCATGCTAATCGCAAGGT,0,3941080
xdhAp1,0.2,4,4,TCTCATCCTCAAACAATGTT,0,3972468
xdhAp1,0.2,4,4,TCTCATACTCAGTAGCCGTG,0,3940899
xdhAp1,0.2,4,4,TCTCATACTAGGCTTGCCCT,0,3940924
xdhAp1,0.2,4,4,TCTAGCAGCTTCAAAACTCG,0,3946344
xdhAp1,0.2,4,4,TCTACAGTGCATCTTTACAC,0,3935784
xdhAp1,0.2,4,4,TCTAATTATTCGTGTTATGT,0,3950756
xdhAp1,0.2,4,4,TCGTCCGAACAGCGACGTGT,0,3953129
xdhAp1,0.2,4,4,TCGTAACTCAGTACATAGAC,0,3954562
xdhAp1,0.2,4,4,TCGGTTTATGCCAATGCTTA,0,3978573
xdhAp1,0.2,4,4,TCGGTGCCAGCGGTATTGCT,0,3973376
xdhAp1,0.2,4,4,TCGGTGACTCAAACAGGAAA,0,3933391
xdhAp1,0.2,4,4,TCGCTATCAGGTACGGATTC,0,3971250
xdhAp1,0.2,4,4,TCGCCCAGTCGGCGCTTCTC,0,3957094
xdhAp1,0.2,4,4,TCGAGACGGCCACAACTTTG,0,3961653
xdhAp1,0.2,4,4,TCGACTTAATAATGAGTGGA,0,3967799
xdhAp1,0.2,4,4,TCGACGGCGTGGAGAATCCC,0,3931569
xdhAp1,0.2,4,4,TCCTTTCGCCATGGTATGGG,0,3944572
xdhAp1,0.2,4,4,TCCTGCAACATCATATGAAA,0,3943623
xdhAp1,0.2,4,4,TCCTATACCATTGCGGCGAG,0,3967470
xdhAp1,0.2,4,4,TCCGATTCTGACATGTGGTA,0,3968880
xdhAp1,0.2,4,4,TCCGACGAGGGGTAGCCTGG,0,3978904
xdhAp1,0.2,4,4,TCCCGTTGAATCGCGACACT,0,3945143
xdhAp1,0.2,4,4,TCCATATTCAGCTTTCACCA,0,3973544
xdhAp1,0.2,4,4,TCCAGTAAGGAAACAGATGA,0,3937526
xdhAp1,0.2,4,4,TCATTGGGGATCGGCTTGGA,0,3939620
xdhAp1,0.2,4,4,TCATGGCGCGCCCCTACTTA,0,3967481
xdhAp1,0.2,4,4,TCATCGCTCGTACGGCCAAC,0,3960125
xdhAp1,0.2,4,4,TCATCCGCCTCTGATTTCTC,0,3962179
xdhAp1,0.2,4,4,TCATCAGCTCCATAGGTGAT,0,3947268
xdhAp1,0.2,4,4,TCAGTTGGACGTGGCGTCCA,0,3955248
xdhAp1,0.2,4,4,TCAGTTCACGACAAGACGCC,0,3940934
xdhAp1,0.2,4,4,TCAGTACAAGACTGCGTGAT,0,3967493
xdhAp1,0.2,4,4,TCAGGCCGGCGTAGTATTAC,0,3965613
xdhAp1,0.2,4,4,TCAGCCGTATAGCAGGCAAA,0,3952888
xdhAp1,0.2,4,4,TCAGAGGTGCAGATCAAGTT,0,3936899
xdhAp1,0.2,4,4,TCACTAAAGGGTCCTACAGC,0,3929823
xdhAp1,0.2,4,4,TCACGAGATTGTTGCGCCTG,0,3972560
xdhAp1,0.2,4,4,TCACAAACCACCGTTTTAAA,0,3978499
xdhAp1,0.2,4,4,TCAATCGTACATAATGGAGT,0,3978446
xdhAp1,0.2,4,4,TCAACGATTAATAGCCAACC,0,3930058
xdhAp1,0.2,4,4,TCAACCAGTGTTATGCGGTG,0,3942801
xdhAp1,0.2,4,4,TATTTACGCCGTTGGTCTCC,0,3955717
xdhAp1,0.2,4,4,TATTGGGCCTAGAATATTGA,0,3938721
xdhAp1,0.2,4,4,TATTGCTTGTAGCGAGTTTT,0,3979277
xdhAp1,0.2,4,4,TATTCGGGCAGGACAGAGAG,0,3969591
xdhAp1,0.2,4,4,TATGTTACCCCAGCGGAGTC,0,3939694
xdhAp1,0.2,4,4,TATGTAGACTGGGGCGGGCT,0,3936883
xdhAp1,0.2,4,4,TATGGCAATCCCTCTTGTAA,0,3947506
xdhAp1,0.2,4,4,TATGCGTAACGGTTTGATAG,0,3949221
xdhAp1,0.2,4,4,TATGCCCCAGGGTTGCGTTG,0,3964163
xdhAp1,0.2,4,4,TATCGTTAGTGTCGAGGTCA,0,3970515
xdhAp1,0.2,4,4,TATCGGATTCGCGGGATGAC,0,3981249
xdhAp1,0.2,4,4,TATCCATTGAGTCGGCTATA,0,3931428
xdhAp1,0.2,4,4,TATCAGCGGCACAATCATAA,0,3930216
xdhAp1,0.2,4,4,TATACATGTTCAGGTATTCG,0,3971831
xdhAp1,0.2,4,4,TAGGTCGGTTCTGCCTTTGA,0,3961153
xdhAp1,0.2,4,4,TAGGTAGGATTCCGAACGGT,0,3956129
xdhAp1,0.2,4,4,TAGGGCGTTGAGAGGGCTAG,0,3933398
xdhAp1,0.2,4,4,TAGGATACTATATCTGGTTT,0,3970218
xdhAp1,0.2,4,4,TAGGAACGTTTTTAAGTATC,0,3934516
xdhAp1,0.2,4,4,TAGCGGCAGTGCCCGAACTG,0,3955863
xdhAp1,0.2,4,4,TAGCCCACGGATTTTCGCGT,0,3977280
xdhAp1,0.2,4,4,TAGCATTCTGGACCAAATCA,0,3929656
xdhAp1,0.2,4,4,TAGATCTAGCATCATACCAA,0,3930286
xdhAp1,0.2,4,4,TAGATCCGATACGAACGGTA,0,3978054
xdhAp1,0.2,4,4,TAGACTTTAGTTGTCGTTGA,0,3941793
xdhAp1,0.2,4,4,TAGACGCAATTCCCCCACCT,0,3956699
xdhAp1,0.2,4,4,TAGACCCGTTGGAACGGGCT,0,3930026
xdhAp1,0.2,4,4,TAGACCCAGAGTGTTGTAAT,0,3946424
xdhAp1,0.2,4,4,TACTCTTCGCGTCAATGTCT,0,3968631
xdhAp1,0.2,4,4,TACGTCATCGAGGGACTTTA,0,3958023
xdhAp1,0.2,4,4,TACGGTCGCCGAATGATCGA,0,3946838
xdhAp1,0.2,4,4,TACGACCAGGTGACTCACGA,0,3944499
xdhAp1,0.2,4,4,TACACCTAGGCCGTGGTCCT,0,3945144
xdhAp1,0.2,4,4,TACACAGGGCGACCTATAGA,0,3981275
xdhAp1,0.2,4,4,TAATTTGTATCACAGTTTCG,0,3954565
xdhAp1,0.2,4,4,TAATTGGTAGAAGAGGGTAC,0,3929783
xdhAp1,0.2,4,4,TAATTGATAGCGTTAATATG,0,3978355
xdhAp1,0.2,4,4,TAATGGGTGTTGGGCCGCAG,0,3951538
xdhAp1,0.2,4,4,TAATGACTCTCGGATAATTG,0,3948191
xdhAp1,0.2,4,4,TAATGAACTTGTGGGAAGTA,0,3943097
xdhAp1,0.2,4,4,TAATAGTGTGGTTCAGACTG,0,3974414
xdhAp1,0.2,4,4,TAAGTTCCCTTAAAAACCAT,0,3955163
xdhAp1,0.2,4,4,TAAGTTACGTGTCCTCCGAC,0,3933981
xdhAp1,0.2,4,4,TAAGGCCCGGCGGAACGTCG,0,3941761
xdhAp1,0.2,4,4,TAAGGATAAAATCCGGAAAT,0,3934211
xdhAp1,0.2,4,4,TAAGATATGGGTCCTCCAGT,0,3948098
xdhAp1,0.2,4,4,TAACTCAGGGCGTAGCGTAA,0,3941983
xdhAp1,0.2,4,4,TAACGTACCGAATACATATC,0,3930292
xdhAp1,0.2,4,4,TAACCGGATTAGTCAAATAA,0,3954557
xdhAp1,0.2,4,4,TAACCCGGCGATCGGCCGAA,0,3940629
xdhAp1,0.2,4,4,TAAATCTACCTGGCAGTGAC,0,3971291
xdhAp1,0.2,4,4,TAAAGGCGAGGCCCGCATAA,0,3961511
xdhAp1,0.2,4,4,TAAAAAGCGCTATGAAAAGG,0,3974017
xdhAp1,0.2,4,4,GTTTTAACAGTTGGGTTTGC,0,3959092
xdhAp1,0.2,4,4,GTTTGTTTGGCCTGTTCTCC,0,3974267
xdhAp1,0.2,4,4,GTTTGCTAGGGTCTGTACTC,0,3944462
xdhAp1,0.2,4,4,GTTTCTGCGTGCGGAGGACC,0,3958553
xdhAp1,0.2,4,4,GTTTCGCGACTGGTTAAGTA,0,3945244
xdhAp1,0.2,4,4,GTTTCCTTTGAATGATGGCG,0,3931851
xdhAp1,0.2,4,4,GTTTCCATTGGAGTTGATAG,0,3942395
xdhAp1,0.2,4,4,GTTTCCAAAAGGCAGTGACG,0,3981234
xdhAp1,0.2,4,4,GTTTAGGTGCCGGTAGGGGT,0,3961790
xdhAp1,0.2,4,4,GTTGGCATAATCAAATTATT,0,3972278
xdhAp1,0.2,4,4,GTTGAGCTCCCCGTTTATAT,0,3962522
xdhAp1,0.2,4,4,GTTGAACCGGAGCTCATTGC,0,3967427
xdhAp1,0.2,4,4,GTTCTTTGAAAACAGGCTTC,0,3935991
xdhAp1,0.2,4,4,GTTCGACCGATCAGGACTTA,0,3974462
xdhAp1,0.2,4,4,GTTCCGCATTGAAATACGTA,0,3958521
xdhAp1,0.2,4,4,GTTCACCTACTTAACGAGTA,0,3958578
xdhAp1,0.2,4,4,GTTACAAAGAGACTCAGACA,0,3938486
xdhAp1,0.2,4,4,GTTAAAACTCCAAAGCTAAA,0,3976919
xdhAp1,0.2,4,4,GTGTTGATCATCTTGTAACC,0,3963561
xdhAp1,0.2,4,4,GTGTGTCCCCGCAGATCACG,0,3941541
xdhAp1,0.2,4,4,GTGTGCCGGCAACAGCACAG,0,3946406
xdhAp1,0.2,4,4,GTGTCCCAACGGGTCCTATA,0,3958967
xdhAp1,0.2,4,4,GTGTATCGGCAGTGTGTGGT,0,3943711
xdhAp1,0.2,4,4,GTGTATAGAGTGACCGTAAC,0,3975504
xdhAp1,0.2,4,4,GTGTAGATCGGGTGAACTGG,0,3936080
xdhAp1,0.2,4,4,GTGTACAATGTCTGTCCGCA,0,3978076
xdhAp1,0.2,4,4,GTGGTGTAGGAGGACCAGTA,0,3966846
xdhAp1,0.2,4,4,GTGGTCGGAGGCAATGTGAT,0,3969847
xdhAp1,0.2,4,4,GTGGTCAATGGAGGCACATC,0,3940224
xdhAp1,0.2,4,4,GTGCTGGCACGGTTGCTGTG,0,3971787
xdhAp1,0.2,4,4,GTGCCTGAATGTCCTCGTCG,0,3934443
xdhAp1,0.2,4,4,GTGCCTAAGTCTAGTTCTGA,0,3974034
xdhAp1,0.2,4,4,GTGCCAGCTCTAGGTTGAGC,0,3953394
xdhAp1,0.2,4,4,GTGATATTGATACTCGCTTA,0,3957558
xdhAp1,0.2,4,4,GTCTCGACAGTTAGATGGTT,0,3946868
xdhAp1,0.2,4,4,GTCTCACTTAGTGACATAGT,0,3960952
xdhAp1,0.2,4,4,GTCTATCTTAGGGCCGCTCA,0,3950411
xdhAp1,0.2,4,4,GTCGCCAGTCAATCAGGGGG,0,3940062
xdhAp1,0.2,4,4,GTCGCAGCCCGCTCGGAGCA,0,3970211
xdhAp1,0.2,4,4,GTCGATATTACTCTGTGGAT,0,3938678
xdhAp1,0.2,4,4,GTCCTCCTGGTCAAATGAAG,0,3944573
xdhAp1,0.2,4,4,GTCCGCGGGGAAATGTCCCC,0,3955926
xdhAp1,0.2,4,4,GTCCCCGGTCGGCGTCTAGA,0,3950223
xdhAp1,0.2,4,4,GTCATGAGTTTGATGCGTTG,0,3964340
xdhAp1,0.2,4,4,GTCATCTATGAAGTTCTAGT,0,3969815
xdhAp1,0.2,4,4,GTCACGGTGTCGGAAGTCTA,0,3971516
xdhAp1,0.2,4,4,GTCACCTAGACCTAGCGGGT,0,3942959
xdhAp1,0.2,4,4,GTCAAGTGTGTGGTATGTAA,0,3971386
xdhAp1,0.2,4,4,GTCAAGCCCTTCCGCAAGCT,0,3940836
xdhAp1,0.2,4,4,GTATTCTACAATTACGGCGC,0,3971205
xdhAp1,0.2,4,4,GTATGGCGGGACGTCACACG,0,3971124
xdhAp1,0.2,4,4,GTATGCACTGGAATGGACAT,0,3943868
xdhAp1,0.2,4,4,GTATCTTAGGGGTTTTTATG,0,3942249
xdhAp1,0.2,4,4,GTATAGTTATCACTCAGCAG,0,3942934
xdhAp1,0.2,4,4,GTAGATAATTCGGTTTTGCG,0,3929481
xdhAp1,0.2,4,4,GTAGAGCCAACTATCGTGAC,0,3970984
xdhAp1,0.2,4,4,GTACTGTTACGGTGGCGGTA,0,3968730
xdhAp1,0.2,4,4,GTACTATAGCGAACCCACCA,0,3967529
xdhAp1,0.2,4,4,GTACGAAACCGTTGCGGTAT,0,3945135
xdhAp1,0.2,4,4,GTACCTCCCGCGATACTTGA,0,3950166
xdhAp1,0.2,4,4,GTACAGTCTGGTTCACGTTC,0,3952060
xdhAp1,0.2,4,4,GTAAACCATGGCTGATCGAA,0,3974565
xdhAp1,0.2,4,4,GGTTTGATCCTATGAGTGTA,0,3970199
xdhAp1,0.2,4,4,GGTTCCTCGGAGTGCCCAGG,0,3972919
xdhAp1,0.2,4,4,GGTTCCTCATTCGGACCTTC,0,3950651
xdhAp1,0.2,4,4,GGTTACCCTCATTGACACGC,0,3967823
xdhAp1,0.2,4,4,GGTGTACCGGGAAACGCCGA,0,3932849
xdhAp1,0.2,4,4,GGTGCAGAACGGGGCAGGTT,0,3950593
xdhAp1,0.2,4,4,GGTCGGTATCGGTTTCCCGC,0,3967254
xdhAp1,0.2,4,4,GGTCGGAACGGAGCCCCTTT,0,3939210
xdhAp1,0.2,4,4,GGTCCGGGTCTGACATACTA,0,3962369
xdhAp1,0.2,4,4,GGTCCATACTGAGTGTCCTC,0,3965871
xdhAp1,0.2,4,4,GGTCCACTACTACGTCTACT,0,3948376
xdhAp1,0.2,4,4,GGTATGCGAACCAATAAAAT,0,3959621
xdhAp1,0.2,4,4,GGTATCCACCCAGTGCGTTG,0,3971518
xdhAp1,0.2,4,4,GGTAGCTCACTCGGATCGAT,0,3974129
xdhAp1,0.2,4,4,GGTACTTTGGACTAGCGAAT,0,3971068
xdhAp1,0.2,4,4,GGGTTGGTTGCTATACGGGC,0,3970834
xdhAp1,0.2,4,4,GGGTTAGGATGACCCCTGGG,0,3981045
xdhAp1,0.2,4,4,GGGTGCGTTCCGCGGCGCAG,0,3964231
xdhAp1,0.2,4,4,GGGTGAAACGAGTTTACTTT,0,3975620
xdhAp1,0.2,4,4,GGGTCTAATCTCGCGCAGGC,0,3953738
xdhAp1,0.2,4,4,GGGGTTGGTATCTTAAAGGC,0,3969849
xdhAp1,0.2,4,4,GGGGTTATATTACACAATGC,0,3980145
xdhAp1,0.2,4,4,GGGGTGACACTCGATCGTGG,0,3933578
xdhAp1,0.2,4,4,GGGGCCATTCGCTAGTATAA,0,3978250
xdhAp1,0.2,4,4,GGGGACCTAAGGGCCGGACC,0,3949957
xdhAp1,0.2,4,4,GGGCTTTCCGGTGTTAGGAA,0,3946174
xdhAp1,0.2,4,4,GGGCGGTCGATAGTGCCGAC,0,3962567
xdhAp1,0.2,4,4,GGGCATGAGAGTAGCCTATT,0,3976044
xdhAp1,0.2,4,4,GGGAGGTCCACCACTAACGC,0,3965834
xdhAp1,0.2,4,4,GGGAGAGATGGAATGCTTAT,0,3950948
xdhAp1,0.2,4,4,GGGACGTTCCCCGTCTATAA,0,3941011
xdhAp1,0.2,4,4,GGGAAGTGATCGTAATTGGT,0,3940063
xdhAp1,0.2,4,4,GGCTTTACTGTGGTAGGCCC,0,3936443
xdhAp1,0.2,4,4,GGCTTGAACACCCTGGTAAC,0,3933058
xdhAp1,0.2,4,4,GGCTGGGTACGTTTGTAGGT,0,3969161
xdhAp1,0.2,4,4,GGCTGGCTACGGCCACTTAA,0,3974266
xdhAp1,0.2,4,4,GGCTGGCGCAGGGTCCGAAA,0,3945706
xdhAp1,0.2,4,4,GGCTGACTTGGAAGCTATCA,0,3942675
xdhAp1,0.2,4,4,GGCTAAAAGTCTTCTCGGGA,0,3950969
xdhAp1,0.2,4,4,GGCGTGCATGTTTCGGAGGA,0,3940989
xdhAp1,0.2,4,4,GGCGTCAATAAAGATAATCT,0,3968440
xdhAp1,0.2,4,4,GGCGTATTCAAGGCTGGATA,0,3947863
xdhAp1,0.2,4,4,GGCGCAATGGTCCTGTCGTT,0,3948968
xdhAp1,0.2,4,4,GGCGAGGGGGATCTGGTCCA,0,3941300
xdhAp1,0.2,4,4,GGCCTAACGTCATGGCCCAC,0,3935086
xdhAp1,0.2,4,4,GGCCCCTAAGCGCGCCTGAA,0,3949299
xdhAp1,0.2,4,4,GGCCAGGAGGCCTTCCAAGA,0,3973153
xdhAp1,0.2,4,4,GGCCAGGAAGAATACGCTAG,0,3953972
xdhAp1,0.2,4,4,GGCCAAGGTTTTATCGCGTT,0,3960128
xdhAp1,0.2,4,4,GGCATCCGTCACGTGCAGAC,0,3969365
xdhAp1,0.2,4,4,GGCAGGGTGAACACTATCGC,0,3966098
xdhAp1,0.2,4,4,GGCAGCGGAACACTTCTCAG,0,3946966
xdhAp1,0.2,4,4,GGCAGAGATCACCACATAGA,0,3947207
xdhAp1,0.2,4,4,GGCACACCGGGAGTCTAATG,0,3931325
xdhAp1,0.2,4,4,GGCAAACGGAGCAAGTGTAC,0,3958397
xdhAp1,0.2,4,4,GGATTTCTCCCTGCTTGCGT,0,3959714
xdhAp1,0.2,4,4,GGATCGATAAAGGGAACCGT,0,3947683
xdhAp1,0.2,4,4,GGATCACGGCTTCTGACATC,0,3979801
xdhAp1,0.2,4,4,GGATATACGGCCTGGGGTTC,0,3929157
xdhAp1,0.2,4,4,GGAGTGAATCATGCATGGCT,0,3956710
xdhAp1,0.2,4,4,GGAGCAAACGGTATACTAAG,0,3940733
xdhAp1,0.2,4,4,GGACTTGACTACTAGGTAGG,0,3936120
xdhAp1,0.2,4,4,GGACATGATCATGAACGGTA,0,3953918
xdhAp1,0.2,4,4,GGACACGCAGGTGACGTCAT,0,3978969
xdhAp1,0.2,4,4,GGACACCAGACACGTTTTTT,0,3934445
xdhAp1,0.2,4,4,GGAATGTTTTTATCGTCCGC,0,3936314
xdhAp1,0.2,4,4,GGAATAACTGGCCGAACGAA,0,3942325
xdhAp1,0.2,4,4,GCTTGCACGAAAATCTTGGT,0,3949984
xdhAp1,0.2,4,4,GCTTCTTAAGGGTCCCAGAG,0,3951657
xdhAp1,0.2,4,4,GCTTAAACATTAGCGACCCC,0,3971161
xdhAp1,0.2,4,4,GCTGGATCGTTAAGGGAGTT,0,3941975
xdhAp1,0.2,4,4,GCTGCGCGATCACTTCCACG,0,3952073
xdhAp1,0.2,4,4,GCTGCCAAGTTTGGTCTGAA,0,3976606
xdhAp1,0.2,4,4,GCTATGTTTGCCTAGGTAAA,0,3972178
xdhAp1,0.2,4,4,GCTAGCGAAACTTTACTGAC,0,3930027
xdhAp1,0.2,4,4,GCTAAGTGGACTGCATTCCA,0,3930158
xdhAp1,0.2,4,4,GCTAAGTAATTCGCGAGACG,0,3948267
xdhAp1,0.2,4,4,GCTAAGAGGGCTGTTCGATT,0,3970370
xdhAp1,0.2,4,4,GCTAACGTAGACTACTTATA,0,3968278
xdhAp1,0.2,4,4,GCGTGTGTTGGACTGGAATC,0,3970519
xdhAp1,0.2,4,4,GCGTGGCCAAGTTGCCTAGC,0,3973415
xdhAp1,0.2,4,4,GCGTAGGTTTTCTCAATGTA,0,3956988
xdhAp1,0.2,4,4,GCGTACTATTATTGCGAGCG,0,3934610
xdhAp1,0.2,4,4,GCGGTGGACCACACTGTAAA,0,3981132
xdhAp1,0.2,4,4,GCGGTGCCGTCGTTTCGCTA,0,3950098
xdhAp1,0.2,4,4,GCGGCCACGCATGTTTTTCT,0,3963110
xdhAp1,0.2,4,4,GCGGCACTAGACTGGGGGGG,0,3970821
xdhAp1,0.2,4,4,GCGGCACCTCACGTCACCTG,0,3950467
xdhAp1,0.2,4,4,GCGGAGATTCCGGTCTTCGA,0,3936662
xdhAp1,0.2,4,4,GCGGAATACCCGGGAGAACA,0,3980160
xdhAp1,0.2,4,4,GCGCTGAAGCGATAGAGGTG,0,3939083
xdhAp1,0.2,4,4,GCGCCGCCACCAGTGAGTAC,0,3968766
xdhAp1,0.2,4,4,GCGCACTATAGCGCTGGCTT,0,3944547
xdhAp1,0.2,4,4,GCGATTCGTCCATATTGTAA,0,3939187
xdhAp1,0.2,4,4,GCGATGGGGTGTGACACTAT,0,3968881
xdhAp1,0.2,4,4,GCGATGAGGCCGCGTAACAC,0,3933247
xdhAp1,0.2,4,4,GCGAAGTATCAGGTTGGGGG,0,3962288
xdhAp1,0.2,4,4,GCCTATCTCACTACGTCCTA,0,3934327
xdhAp1,0.2,4,4,GCCGGGTGTCCCGAGGCTTT,0,3956776
xdhAp1,0.2,4,4,GCCGGGGTCATTGAGCACTC,0,3966632
xdhAp1,0.2,4,4,GCCGGCGCGACAAAGGGCCA,0,3972792
xdhAp1,0.2,4,4,GCCGCCACCCCGAAGGTAGG,0,3978077
xdhAp1,0.2,4,4,GCCGCACACGTAACCGCTAC,0,3973801
xdhAp1,0.2,4,4,GCCGATCACGCAACTCTCAG,0,3941014
xdhAp1,0.2,4,4,GCCCTAGCTGCGGAAGGCAG,0,3964194
xdhAp1,0.2,4,4,GCCCGTTGATTGTCAAGCTC,0,3977201
xdhAp1,0.2,4,4,GCCATTTCAGAGGGACTAAT,0,3935194
xdhAp1,0.2,4,4,GCCAGACTGTTACCTTGGTA,0,3947050
xdhAp1,0.2,4,4,GCCACGCCACTATGCGGGTG,0,3940165
xdhAp1,0.2,4,4,GCCACCCGTAACTATGGAGC,0,3932059
xdhAp1,0.2,4,4,GCATTTATGGGCGTTAGAAC,0,3933737
xdhAp1,0.2,4,4,GCATGGGGTCTAAGGCACCG,0,3948631
xdhAp1,0.2,4,4,GCATGCACGACAGCTTATGT,0,3956176
xdhAp1,0.2,4,4,GCATATTACATGTATCGAAA,0,3953334
xdhAp1,0.2,4,4,GCATAGAGTCCACAAGGCTT,0,3943944
xdhAp1,0.2,4,4,GCAGGTTGTATTATAAGGCC,0,3946840
xdhAp1,0.2,4,4,GCAGGGAGTTACCGCACCCC,0,3973591
xdhAp1,0.2,4,4,GCAGCGCCGGGTATGAGTTA,0,3975353
xdhAp1,0.2,4,4,GCACGCCTATGGTATCGATT,0,3937852
xdhAp1,0.2,4,4,GCAAGGGGGCCATTAGCTTA,0,3947407
xdhAp1,0.2,4,4,GCAACTTTGCATAAGGCACA,0,3967384
xdhAp1,0.2,4,4,GCAACTAGGTATCATTTCCT,0,3946171
xdhAp1,0.2,4,4,GCAAAGCCCTGACAACGCCA,0,3969495
xdhAp1,0.2,4,4,GATTGTGGGTACTGGCGCGA,0,3977828
xdhAp1,0.2,4,4,GATTGGGACGACGGTAAGTG,0,3939614
xdhAp1,0.2,4,4,GATTCTTGGGTTTGGAAACC,0,3942170
xdhAp1,0.2,4,4,GATTACGTCGAATGAGCGTC,0,3965510
xdhAp1,0.2,4,4,GATTAAATGGCCTCGGGCTT,0,3931776
xdhAp1,0.2,4,4,GATGTTAGCATTACGTCACG,0,3962029
xdhAp1,0.2,4,4,GATGTCCTCGTATCGTCTGG,0,3948988
xdhAp1,0.2,4,4,GATGGGATCCCCGAAAGCCT,0,3952951
xdhAp1,0.2,4,4,GATGCCAAATGGTCGCAAAT,0,3952539
xdhAp1,0.2,4,4,GATGATACGCCGGGACCAAA,0,3956785
xdhAp1,0.2,4,4,GATCCTTTTGTTTCAGTATT,0,3943228
xdhAp1,0.2,4,4,GATCCGATTGGATCTTTGAG,0,3937741
xdhAp1,0.2,4,4,GATCACACATGGTGCAGCGC,0,3934934
xdhAp1,0.2,4,4,GATCAATTTATAGGCAACAT,0,3974640
xdhAp1,0.2,4,4,GATCAAGCGCATGGGGCCAA,0,3947319
xdhAp1,0.2,4,4,GATATAAATTCGCTGGGTAT,0,3977915
xdhAp1,0.2,4,4,GATACGATGACGCGCCTCGT,0,3969853
xdhAp1,0.2,4,4,GATACAAGTTGCATGAATAG,0,3940287
xdhAp1,0.2,4,4,GATAAATCCTCAGGTTTTGG,0,3969241
xdhAp1,0.2,4,4,GAGTTTGTCATTGAGAAGCA,0,3932872
xdhAp1,0.2,4,4,GAGTGTAGGTGCTGACCCAA,0,3962217
xdhAp1,0.2,4,4,GAGGTTGTGAACCCCTGAAA,0,3943543
xdhAp1,0.2,4,4,GAGGTGCGCTCTTATCATCA,0,3945888
xdhAp1,0.2,4,4,GAGCGTATGCGGGTATGAGA,0,3939791
xdhAp1,0.2,4,4,GAGCCTATCCCGAGTATGGA,0,3971680
xdhAp1,0.2,4,4,GAGCCGGGTCCCGGGGGAAC,0,3929344
xdhAp1,0.2,4,4,GAGCCCAAAAAGCTGATATT,0,3944715
xdhAp1,0.2,4,4,GAGCCAGGCAGGGGCGAGGT,0,3941909
xdhAp1,0.2,4,4,GAGATAGGGACGCGATGTTA,0,3971707
xdhAp1,0.2,4,4,GAGACTAGGGATATGTCATT,0,3969696
xdhAp1,0.2,4,4,GAGAATCTCTACTCTCAGTG,0,3951471
xdhAp1,0.2,4,4,GAGAAACGTGCGTTTCACTT,0,3970179
xdhAp1,0.2,4,4,GACTTTTTAAGTTGCGTAAC,0,3941256
xdhAp1,0.2,4,4,GACTTTCCACCTTGCCCAAA,0,3955504
xdhAp1,0.2,4,4,GACTTGGATCGGAGAAAAAC,0,3972803
xdhAp1,0.2,4,4,GACTGGATTCGGGCGCCGTT,0,3951315
xdhAp1,0.2,4,4,GACTCGGGGCTCCCTTTAGC,0,3937143
xdhAp1,0.2,4,4,GACTAAATCGGTCTAACCTG,0,3940234
xdhAp1,0.2,4,4,GACGTTATGCGGGCTAGGGA,0,3978312
xdhAp1,0.2,4,4,GACGGTCTCATCATTTATGA,0,3948859
xdhAp1,0.2,4,4,GACGGGATGAGCTTTATCGT,0,3973078
xdhAp1,0.2,4,4,GACGCGGATAATGCAGGACT,0,3959556
xdhAp1,0.2,4,4,GACCTATGCAACGATAAGTC,0,3941419
xdhAp1,0.2,4,4,GACCCCGGGAGCTCCCGAGA,0,3968667
xdhAp1,0.2,4,4,GACCCCCCGCAGATATGCCC,0,3978432
xdhAp1,0.2,4,4,GACCACCATATGCTGAACCT,0,3934863
xdhAp1,0.2,4,4,GACCAATGACTCTCCAGAAT,0,3929029
xdhAp1,0.2,4,4,GACATCCCGGCCGTAACGTT,0,3964089
xdhAp1,0.2,4,4,GACAGAAACGAGGACACCAA,0,3941906
xdhAp1,0.2,4,4,GACACTTCGCTTTTAGGGCA,0,3972556
xdhAp1,0.2,4,4,GAATACGTCAAATCTATAGC,0,3957348
xdhAp1,0.2,4,4,GAATAACTTTGGTGCGGATT,0,3964579
xdhAp1,0.2,4,4,GAAGTTTCTTACGAGTCCAA,0,3934710
xdhAp1,0.2,4,4,GAAGTATACCAGATTAAGTG,0,3964465
xdhAp1,0.2,4,4,GAAGGGCCAACTGTAAGACG,0,3952933
xdhAp1,0.2,4,4,GAAGCCGGATTATCGCACTA,0,3975193
xdhAp1,0.2,4,4,GAAGCCGATCCCCGTCATAG,0,3967527
xdhAp1,0.2,4,4,GAACGAGTGCAGCACAGAGG,0,3968926
xdhAp1,0.2,4,4,GAACCTGTGCTCGATCTGGT,0,3949773
xdhAp1,0.2,4,4,GAACCGCAACAAACACACGG,0,3953976
xdhAp1,0.2,4,4,GAACATGGGCTCGTGGGTGA,0,3948724
xdhAp1,0.2,4,4,GAACATGCGGATTCAGAGTT,0,3956762
xdhAp1,0.2,4,4,GAAAACGTGTCTAGGTCTAT,0,3934114
xdhAp1,0.2,4,4,CTTTTAGAAGACGCCGGCCG,0,3954118
xdhAp1,0.2,4,4,CTTTGTCGCAATCTTAATTT,0,3953822
xdhAp1,0.2,4,4,CTTTGCATACTTGAGGTTAA,0,3954395
xdhAp1,0.2,4,4,CTTTCGGTATTACCTTTGAC,0,3954114
xdhAp1,0.2,4,4,CTTTCGACACTACTTAGTAA,0,3980923
xdhAp1,0.2,4,4,CTTGTAAGTGATTAAACCCA,0,3947614
xdhAp1,0.2,4,4,CTTAGTTCATTGGTTTAGGT,0,3964732
xdhAp1,0.2,4,4,CTTACCAGTAATCGAATCCC,0,3981078
xdhAp1,0.2,4,4,CTTACACCTTGGGAGATGAA,0,3947504
xdhAp1,0.2,4,4,CTGTAGGAATATAGGAAACG,0,3970683
xdhAp1,0.2,4,4,CTGTACTCGGTCCCGTACTA,0,3934656
xdhAp1,0.2,4,4,CTGTACTAAGCGTAGTCGGA,0,3963605
xdhAp1,0.2,4,4,CTGGGGTTTCCCAGGGCGGG,0,3957652
xdhAp1,0.2,4,4,CTGGGGTGGATAAGGAGCGC,0,3946628
xdhAp1,0.2,4,4,CTGGGCCGAGCATTCATGAC,0,3960140
xdhAp1,0.2,4,4,CTGCTTGCCCATCAATTCCA,0,3973457
xdhAp1,0.2,4,4,CTGCTCTACCAGCGGACACA,0,3979248
xdhAp1,0.2,4,4,CTGCCGGGGTCTAGCTATCT,0,3943331
xdhAp1,0.2,4,4,CTGCAAAATCGTCTGGATCA,0,3966705
xdhAp1,0.2,4,4,CTGAGACGAGCGGTACCGCA,0,3944954
xdhAp1,0.2,4,4,CTGACGTCAAGATGGTGTAA,0,3974663
xdhAp1,0.2,4,4,CTGACGATTAAGTCGGAGCC,0,3946580
xdhAp1,0.2,4,4,CTGACAGGAATCAGATTAGA,0,3965706
xdhAp1,0.2,4,4,CTGAATAGCGCCCGGACGCT,0,3939818
xdhAp1,0.2,4,4,CTGAACTTGTGGTTGGCTGC,0,3967019
xdhAp1,0.2,4,4,CTCTTTGCTCCAAAGCCCTG,0,3943381
xdhAp1,0.2,4,4,CTCTTGTGTGCTAGTCGTTG,0,3971307
xdhAp1,0.2,4,4,CTCTATTGCAACTCTCTAAG,0,3950808
xdhAp1,0.2,4,4,CTCTAATTTCAGGATCGATC,0,3939768
xdhAp1,0.2,4,4,CTCGGTAGGTCTTTTGAGCT,0,3929731
xdhAp1,0.2,4,4,CTCGGGTTGATCATGAAAAA,0,3972747
xdhAp1,0.2,4,4,CTCGGAATGATATCCTCTGT,0,3942573
xdhAp1,0.2,4,4,CTCGCCATTCCCCTGTAATA,0,3970872
xdhAp1,0.2,4,4,CTCGAGTAGGTAAAAACGGG,0,3929733
xdhAp1,0.2,4,4,CTCCACTCGGGCAGAACCCC,0,3947181
xdhAp1,0.2,4,4,CTCCACAAGAGGGGAAATTA,0,3973939
xdhAp1,0.2,4,4,CTCCAACCTATACGTAGAGG,0,3965400
xdhAp1,0.2,4,4,CTCAGGCATATATCTCGGTA,0,3969189
xdhAp1,0.2,4,4,CTCAGGCAACTTATGTCCCA,0,3964869
xdhAp1,0.2,4,4,CTCAATTCTTACGTATTCTT,0,3957617
xdhAp1,0.2,4,4,CTATTTTAACGCATATGTAT,0,3951252
xdhAp1,0.2,4,4,CTATCGAGGAGCGGTGCCGG,0,3960472
xdhAp1,0.2,4,4,CTATACCCCAGTAAAAAATA,0,3979943
xdhAp1,0.2,4,4,CTAGGTTTCAATTCCTGGGC,0,3937490
xdhAp1,0.2,4,4,CTAGGGTATTTTTCTCTGGG,0,3938320
xdhAp1,0.2,4,4,CTAGGGGGGGCGATAGGGGA,0,3947414
xdhAp1,0.2,4,4,CTAGGCCCGACCTCGGTTTT,0,3971203
xdhAp1,0.2,4,4,CTAGATTCCGCGCCAACTAA,0,3953294
xdhAp1,0.2,4,4,CTAGACCAGGTCCCGTGCGT,0,3959900
xdhAp1,0.2,4,4,CTAGAAGTTCCTGGGATATA,0,3977942
xdhAp1,0.2,4,4,CTACTCGCTGGTTACAGTGA,0,3973148
xdhAp1,0.2,4,4,CTACGGGTGGCCTCGTGTTA,0,3975166
xdhAp1,0.2,4,4,CTACGGATACAGGTTATCTT,0,3938434
xdhAp1,0.2,4,4,CTACGGAACGTATACGAACG,0,3941382
xdhAp1,0.2,4,4,CTACATCGCCCGTCACGAAC,0,3958329
xdhAp1,0.2,4,4,CTAAGTCAGTTACCGTATTA,0,3943315
xdhAp1,0.2,4,4,CTAAGCTTCCCCGAATCGTA,0,3973586
xdhAp1,0.2,4,4,CTAACCCGCAACAAAGATTC,0,3953743
xdhAp1,0.2,4,4,CGTTTTACGTCTATGCACGC,0,3959257
xdhAp1,0.2,4,4,CGTTAAGATAGCCCGAACCT,0,3945138
xdhAp1,0.2,4,4,CGTGCGTAACAGTGAAACCA,0,3961410
xdhAp1,0.2,4,4,CGTGCCGTGTCGTATTCATA,0,3950048
xdhAp1,0.2,4,4,CGTCTGAACGTCCGGTCTAC,0,3961541
xdhAp1,0.2,4,4,CGTCTCAAAATGGTGTCTCT,0,3965054
xdhAp1,0.2,4,4,CGTCGTTCGAGGTGTCTTGG,0,3980593
xdhAp1,0.2,4,4,CGTCGCGTGCGGAACATATA,0,3940275
xdhAp1,0.2,4,4,CGTCCGGCTCATTCGCACAA,0,3978882
xdhAp1,0.2,4,4,CGTCCAGTACTCGCGCATCA,0,3960155
xdhAp1,0.2,4,4,CGTCAAAAGGTGCGTATGGC,0,3934505
xdhAp1,0.2,4,4,CGTAGTCCCGCTTGACACTC,0,3969899
xdhAp1,0.2,4,4,CGGTTGCCGATTATGTCTTC,0,3938136
xdhAp1,0.2,4,4,CGGTTAAATATACTGTGATA,0,3953115
xdhAp1,0.2,4,4,CGGTGAAAGTCCACGTGTGC,0,3955640
xdhAp1,0.2,4,4,CGGTCTTTGGCGCAACACGC,0,3963704
xdhAp1,0.2,4,4,CGGTCGAAGTCAATTCGCCG,0,3962519
xdhAp1,0.2,4,4,CGGTAACTCAACCAATATTC,0,3966305
xdhAp1,0.2,4,4,CGGTAACGGAATGTAGCACT,0,3966450
xdhAp1,0.2,4,4,CGGGTTGTAGCCCAACTGGT,0,3932910
xdhAp1,0.2,4,4,CGGGTCCAATTTGCTACAAC,0,3953013
xdhAp1,0.2,4,4,CGGGCGTGAATTCCGTAATG,0,3967532
xdhAp1,0.2,4,4,CGGGCAGCGCGCGTTATCGT,0,3965110
xdhAp1,0.2,4,4,CGGGCACGCGAAACCAGTCA,0,3974284
xdhAp1,0.2,4,4,CGGCTGGGCTAATATTGGGG,0,3957793
xdhAp1,0.2,4,4,CGGCGGAATCTCATAACTAG,0,3976822
xdhAp1,0.2,4,4,CGGCGGAAGGCCCCCCAACT,0,3967426
xdhAp1,0.2,4,4,CGGCCGGCACCATACGCAAC,0,3981451
xdhAp1,0.2,4,4,CGGCAGAGGTTTCCCTGTTG,0,3976803
xdhAp1,0.2,4,4,CGGACCACCGAAATCCTGAG,0,3934997
xdhAp1,0.2,4,4,CGGACAGTCCATGGCAAGAC,0,3948327
xdhAp1,0.2,4,4,CGGAATGTAAAAGAGTAAAC,0,3957692
xdhAp1,0.2,4,4,CGCTGTGGGCGCTGCGGCCT,0,3978106
xdhAp1,0.2,4,4,CGCTGTCCATAGCTCGACAT,0,3942352
xdhAp1,0.2,4,4,CGCTGGCGTCTATCCCTCGG,0,3954846
xdhAp1,0.2,4,4,CGCTCAATCGTCCCGCCCGG,0,3971190
xdhAp1,0.2,4,4,CGCTAGGGTACCAATGTCAT,0,3952183
xdhAp1,0.2,4,4,CGCGTGCAGACAGGTAATCC,0,3941858
xdhAp1,0.2,4,4,CGCGTCCCTATCTCTAGAAC,0,3939173
xdhAp1,0.2,4,4,CGCGTAGTTATAAACTTTTT,0,3964970
xdhAp1,0.2,4,4,CGCGGCAGGTATGGACACAT,0,3939170
xdhAp1,0.2,4,4,CGCGCTCCGCCCCCTTACAT,0,3970330
xdhAp1,0.2,4,4,CGCGACATTGGGTTCGTCTC,0,3934867
xdhAp1,0.2,4,4,CGCCTATGGGCAGGTAATTT,0,3935480
xdhAp1,0.2,4,4,CGCCGTGCTAGATTGACACT,0,3961965
xdhAp1,0.2,4,4,CGCCGGTACCACACCCGTGT,0,3929950
xdhAp1,0.2,4,4,CGCCGGGAATGCTTTATTTT,0,3941001
xdhAp1,0.2,4,4,CGCATCCGTTAACGTCTCTG,0,3936919
xdhAp1,0.2,4,4,CGCACTTGCTAAAATCTCTA,0,3956623
xdhAp1,0.2,4,4,CGCAAACATTATCGACGAGC,0,3967104
xdhAp1,0.2,4,4,CGATTCACATACTGTCTGCG,0,3934905
xdhAp1,0.2,4,4,CGATCCGCCATCCCCCTCCG,0,3942669
xdhAp1,0.2,4,4,CGATCACCTGGAGTTTACAT,0,3971432
xdhAp1,0.2,4,4,CGAGGCTCGCAAAAGTAATC,0,3973204
xdhAp1,0.2,4,4,CGAGCGATTAGCGTCTTTTC,0,3962185
xdhAp1,0.2,4,4,CGAGATATCTTACTGCAGGG,0,3977653
xdhAp1,0.2,4,4,CGAGACTCCCGTCAACGAAC,0,3937888
xdhAp1,0.2,4,4,CGACGACGGGGTAATTGTAT,0,3975802
xdhAp1,0.2,4,4,CGACATGCACTCACACTGGA,0,3979804
xdhAp1,0.2,4,4,CGAAACCGGACATGTACTAA,0,3940529
xdhAp1,0.2,4,4,CGAAAAGTGTAGGTGCAACA,0,3953673
xdhAp1,0.2,4,4,CCTTTGGAAGTTAAGCCGAA,0,3937626
xdhAp1,0.2,4,4,CCTGTAACATTAAGGATAGA,0,3980027
xdhAp1,0.2,4,4,CCTGATGGGCTAAGAGACAT,0,3963225
xdhAp1,0.2,4,4,CCTGAATCTATTTCTTCGAG,0,3949188
xdhAp1,0.2,4,4,CCTCTTTAGACAGGTGCTAC,0,3943550
xdhAp1,0.2,4,4,CCTCTGCATACCTGTGTTTG,0,3969915
xdhAp1,0.2,4,4,CCTCTCGCACAGAAGCAGTT,0,3981027
xdhAp1,0.2,4,4,CCTATGAAACAGCGATCCGG,0,3970088
xdhAp1,0.2,4,4,CCTACCGTTTCACCTCCGGT,0,3958137
xdhAp1,0.2,4,4,CCTAAGAACAATCAACAATT,0,3972396
xdhAp1,0.2,4,4,CCGTTTGCATGGAGATTATG,0,3979732
xdhAp1,0.2,4,4,CCGTGGCTTATATCACATCT,0,3962897
xdhAp1,0.2,4,4,CCGTGGCGGTTTTCAATTAG,0,3936593
xdhAp1,0.2,4,4,CCGTCCCACACCAAGATTTG,0,3935538
xdhAp1,0.2,4,4,CCGTAGTGACTTTTATCACA,0,3936766
xdhAp1,0.2,4,4,CCGTAAAGCGCAAAAACGTA,0,3962067
xdhAp1,0.2,4,4,CCGGTGCTTTTCCACTGGGT,0,3960372
xdhAp1,0.2,4,4,CCGGGTAGAGGAGATAAAAG,0,3962569
xdhAp1,0.2,4,4,CCGGAGAAGAAGGGCTCCGG,0,3979278
xdhAp1,0.2,4,4,CCGCTTCTCGACAGTGCCGT,0,3948005
xdhAp1,0.2,4,4,CCGCTTCGGTAACAGAGCCA,0,3938820
xdhAp1,0.2,4,4,CCGCTCCGCGACATCCTCCG,0,3970000
xdhAp1,0.2,4,4,CCGCATCCGAAATGTAATAA,0,3934297
xdhAp1,0.2,4,4,CCGCACCCTAGGCGTCTAGA,0,3968071
xdhAp1,0.2,4,4,CCGACACTCACAGCAATGTA,0,3966779
xdhAp1,0.2,4,4,CCGAAGCGCCGTGCACGGAT,0,3954800
xdhAp1,0.2,4,4,CCCTTTATGAAAGTATTGGA,0,3968698
xdhAp1,0.2,4,4,CCCTTAGGAAAGTAAACTGA,0,3973168
xdhAp1,0.2,4,4,CCCTCCGATTCATGCATTAT,0,3952532
xdhAp1,0.2,4,4,CCCTCATCATGGAGCCATAT,0,3944253
xdhAp1,0.2,4,4,CCCGTTCAAGGGTGGTAAGT,0,3959985
xdhAp1,0.2,4,4,CCCGGCTCGTCACATTAGTA,0,3941663
xdhAp1,0.2,4,4,CCCGAGCTCGAGGTAAAGTG,0,3943273
xdhAp1,0.2,4,4,CCCCTTACAGCGTGACGAGC,0,3957599
xdhAp1,0.2,4,4,CCCCTACAATGACCTGGGAC,0,3932633
xdhAp1,0.2,4,4,CCCCGCCTTTCGCCACTTCG,0,3934798
xdhAp1,0.2,4,4,CCCCATGGCGTATTCAGGTC,0,3939075
xdhAp1,0.2,4,4,CCCCACGGAGCTTCAGTAAG,0,3981220
xdhAp1,0.2,4,4,CCCATTATGCCATAGTGGCC,0,3981518
xdhAp1,0.2,4,4,CCCATCATGATGCCATTAGT,0,3945152
xdhAp1,0.2,4,4,CCCAGGCTGACGGGTGACAG,0,3940624
xdhAp1,0.2,4,4,CCCAAGCGAGTTTCTCTGTA,0,3941045
xdhAp1,0.2,4,4,CCATTGTCTTTGCACTTTCT,0,3951459
xdhAp1,0.2,4,4,CCATTGTACCTTAGGCTGGG,0,3961043
xdhAp1,0.2,4,4,CCATTGGAGCGTAGGCTTCC,0,3929259
xdhAp1,0.2,4,4,CCATGCTTAATACCGCGTGG,0,3936315
xdhAp1,0.2,4,4,CCATCAGGGTTCACCCTAAT,0,3949001
xdhAp1,0.2,4,4,CCAGTACTGAGCGCCCGCGA,0,3940736
xdhAp1,0.2,4,4,CCAGTAACGAACTGGCCTTT,0,3933910
xdhAp1,0.2,4,4,CCAGGGCCTGAGCTGAGACT,0,3971126
xdhAp1,0.2,4,4,CCAGGATCAGTTCGCTGGCA,0,3949460
xdhAp1,0.2,4,4,CCAGGAAGGTGCCCAGGCTC,0,3978875
xdhAp1,0.2,4,4,CCAGAGGAGGGCTCCCCGGC,0,3949857
xdhAp1,0.2,4,4,CCAGAGAGATATGCCAATGA,0,3969810
xdhAp1,0.2,4,4,CCAGACAATCGCTCGGAAGC,0,3972106
xdhAp1,0.2,4,4,CCACCATGTTATGAGCATTC,0,3952213
xdhAp1,0.2,4,4,CCAATTGTGTCGGCCGGACG,0,3959908
xdhAp1,0.2,4,4,CCAACGGAGGCAGCTCGGAG,0,3943159
xdhAp1,0.2,4,4,CCAACGCTACGATTCCAATC,0,3946247
xdhAp1,0.2,4,4,CCAACAATCCTCGTATGACC,0,3977910
xdhAp1,0.2,4,4,CCAAAATAAGAAAGCAGTGT,0,3947699
xdhAp1,0.2,4,4,CATTGTCTGGTTAGACCTAG,0,3951289
xdhAp1,0.2,4,4,CATTGGCTGGTTTGAAACAG,0,3962338
xdhAp1,0.2,4,4,CATTGGACAGATATGGCAGT,0,3947700
xdhAp1,0.2,4,4,CATTCTGTAACTTACATAGT,0,3979402
xdhAp1,0.2,4,4,CATGTTTGTACACGTGGCTG,0,3974495
xdhAp1,0.2,4,4,CATGTGTGGCGGTCATACTT,0,3942341
xdhAp1,0.2,4,4,CATGTCGCTATGGTCTCGTT,0,3949677
xdhAp1,0.2,4,4,CATGTCCTTCTCTTGCTCTA,0,3953940
xdhAp1,0.2,4,4,CATGACTGGCTAGTTCAGAA,0,3961879
xdhAp1,0.2,4,4,CATCTGGGTATTGGGTTAGC,0,3976129
xdhAp1,0.2,4,4,CATCTGGACGTCTATTATAG,0,3939191
xdhAp1,0.2,4,4,CATCTCGCAGAAGCGTAGTG,0,3976993
xdhAp1,0.2,4,4,CATCATAGGGAACCACGGAC,0,3959463
xdhAp1,0.2,4,4,CATCAGTAGTGTGGCATGAG,0,3943677
xdhAp1,0.2,4,4,CATCACAGTTGGCGTCTAAG,0,3942390
xdhAp1,0.2,4,4,CATACGGGTAGTCTAGTTGT,0,3965943
xdhAp1,0.2,4,4,CAGTCCTCCGATGCGGTATC,0,3931608
xdhAp1,0.2,4,4,CAGTCCGCCACACATGTAGA,0,3964410
xdhAp1,0.2,4,4,CAGGTAATTTCCAAGACGAT,0,3961076
xdhAp1,0.2,4,4,CAGGGGACCGTGCATGCCCA,0,3944034
xdhAp1,0.2,4,4,CAGGAGCCAAGGTGGTGCAG,0,3935528
xdhAp1,0.2,4,4,CAGCGTTCGAACCGGGACAA,0,3963584
xdhAp1,0.2,4,4,CAGCGATTTACACATTTATA,0,3954980
xdhAp1,0.2,4,4,CAGCCTCCCGAACTACTTAC,0,3932605
xdhAp1,0.2,4,4,CAGATTATAGAGCGTAAGGT,0,3959323
xdhAp1,0.2,4,4,CAGATGCATAGACCAGAACC,0,3980198
xdhAp1,0.2,4,4,CAGAGGCTCGCCTACACGAT,0,3940383
xdhAp1,0.2,4,4,CAGAACCCCGTCTAGTGTCG,0,3971378
xdhAp1,0.2,4,4,CAGAAATCTAGTAAGGTTAG,0,3953525
xdhAp1,0.2,4,4,CACTTCCCGAATGAGCGTCA,0,3951454
xdhAp1,0.2,4,4,CACTTAGGACGTTCAATTCG,0,3971200
xdhAp1,0.2,4,4,CACTGTTCACGGCGCTGCGG,0,3934313
xdhAp1,0.2,4,4,CACTCCGGCAAAAGTAAAAC,0,3975290
xdhAp1,0.2,4,4,CACTAATTGTACCGCAGTAT,0,3946081
xdhAp1,0.2,4,4,CACGCGCGTGGTACAAACTT,0,3949301
xdhAp1,0.2,4,4,CACGATCAGTTGGGGCTTCG,0,3947623
xdhAp1,0.2,4,4,CACCTGCGGTCCAGTGGAAT,0,3980896
xdhAp1,0.2,4,4,CACCGAATGGACTGGTCGTT,0,3939983
xdhAp1,0.2,4,4,CACATACCGCGTTGACACCT,0,3941210
xdhAp1,0.2,4,4,CACAATAGGCCGGGTACGAC,0,3968384
xdhAp1,0.2,4,4,CAATCGCTGCAACCAAAAGG,0,3930278
xdhAp1,0.2,4,4,CAATCCCGTGATAATGTTTT,0,3969030
xdhAp1,0.2,4,4,CAAGTGCGACGGTTATCTGC,0,3946669
xdhAp1,0.2,4,4,CAAGGCACGCGCCCGGTCGG,0,3978535
xdhAp1,0.2,4,4,CAAGCGGCAGACCATCCAGT,0,3956966
xdhAp1,0.2,4,4,CAAGCATACTTGTGTACGGC,0,3929361
xdhAp1,0.2,4,4,CAAGAAGGCGATTATATATG,0,3933089
xdhAp1,0.2,4,4,CAACGAGAGTCTGCACCATC,0,3964441
xdhAp1,0.2,4,4,CAACCCTAAGTACCGGAAAC,0,3968296
xdhAp1,0.2,4,4,CAAATGATTCGCCAACCGTG,0,3962480
xdhAp1,0.2,4,4,CAAATCTGCATCGGAAACCT,0,3959677
xdhAp1,0.2,4,4,CAAACGCTTATTCTATAGAT,0,3953885
xdhAp1,0.2,4,4,CAAACCTGGAGCAAGAGGCA,0,3946012
xdhAp1,0.2,4,4,CAAAAACTTCAGCATTTCTG,0,3955052
xdhAp1,0.2,4,4,ATTTGTGCCGAACTAGCTTA,0,3980052
xdhAp1,0.2,4,4,ATTTGCTAATACTAAGAGAT,0,3938936
xdhAp1,0.2,4,4,ATTTAGGGTCAGCCAGGACA,0,3952273
xdhAp1,0.2,4,4,ATTGAACTTAATATTAAGGG,0,3933301
xdhAp1,0.2,4,4,ATTCGCTTGGGGATAGAGGG,0,3976322
xdhAp1,0.2,4,4,ATTCGCCAAGAGGTGGCGCA,0,3979418
xdhAp1,0.2,4,4,ATTCGCAGGAAATTGAGCCA,0,3979214
xdhAp1,0.2,4,4,ATTCCTCCCCCCGACTCTTA,0,3950093
xdhAp1,0.2,4,4,ATTCCGGAATGGAACCGCGG,0,3949292
xdhAp1,0.2,4,4,ATTCCGCATGGGCGCCCCAC,0,3936797
xdhAp1,0.2,4,4,ATTCCCGTGAGCCGCCTTTC,0,3973726
xdhAp1,0.2,4,4,ATTAAACGGAGACACGGATA,0,3964080
xdhAp1,0.2,4,4,ATGTTCTCACTAAGTGTCGG,0,3948445
xdhAp1,0.2,4,4,ATGTCCCTCCTGGCGGCGTG,0,3977765
xdhAp1,0.2,4,4,ATGTACGTCAGCTCTAAAAC,0,3961368
xdhAp1,0.2,4,4,ATGGGGTGAGCCGTGTATCA,0,3979165
xdhAp1,0.2,4,4,ATGCTGCTGGCGCTGGCGAA,0,3965500
xdhAp1,0.2,4,4,ATGCGTATCTCGTGCAATCT,0,3929022
xdhAp1,0.2,4,4,ATGCGCTTACGGGGAAAATG,0,3944243
xdhAp1,0.2,4,4,ATGCAGAGGAGATTGGTTCT,0,3945968
xdhAp1,0.2,4,4,ATGCACACTCGATGTATAGG,0,3949532
xdhAp1,0.2,4,4,ATGCAAATCACTCGGGGTTC,0,3971967
xdhAp1,0.2,4,4,ATGATGCCGTTTGTCGGGCT,0,3931440
xdhAp1,0.2,4,4,ATGAGAATCGAATTGGGGTT,0,3956890
xdhAp1,0.2,4,4,ATGAATTGTAGCGATCAGTT,0,3948275
xdhAp1,0.2,4,4,ATCTTTTTGCCAATTGGAGT,0,3948979
xdhAp1,0.2,4,4,ATCTTTCGGACCTATCTTCA,0,3961030
xdhAp1,0.2,4,4,ATCTTAGTACGGACACAATC,0,3959945
xdhAp1,0.2,4,4,ATCTGTGCTCCCGCCGCGGT,0,3934279
xdhAp1,0.2,4,4,ATCGGCCCAGATTATTGGCT,0,3943403
xdhAp1,0.2,4,4,ATCGGACTTATGGTGCTCTT,0,3946326
xdhAp1,0.2,4,4,ATCGCAGGGCACCGTTCATC,0,3974642
xdhAp1,0.2,4,4,ATCGAAGTCTCTGCCCGCCG,0,3967370
xdhAp1,0.2,4,4,ATCCGATCAATTACTTCCGG,0,3977628
xdhAp1,0.2,4,4,ATCCGAGTGCGGCCAACGCA,0,3977196
xdhAp1,0.2,4,4,ATCCATCGGTGCTGTCTAAC,0,3966928
xdhAp1,0.2,4,4,ATCCACCCCTCTCTCAACAG,0,3953469
xdhAp1,0.2,4,4,ATCATCTTTATAGTTCCATG,0,3935952
xdhAp1,0.2,4,4,ATCAGTCTAAATGCCCGTAA,0,3937722
xdhAp1,0.2,4,4,ATCACTCTATTCGTAAGTCT,0,3938048
xdhAp1,0.2,4,4,ATCAAGTATCTTCGTATTCG,0,3942303
xdhAp1,0.2,4,4,ATATGGAGAGGCCAGCCAGA,0,3964288
xdhAp1,0.2,4,4,ATATATTACATATGTCAGTA,0,3949976
xdhAp1,0.2,4,4,ATATATGTGTTCAAGATGAT,0,3939001
xdhAp1,0.2,4,4,ATAGTTGCCTCCGGAGTATA,0,3969155
xdhAp1,0.2,4,4,ATAGGGCGTAGTTGTGAAAG,0,3955186
xdhAp1,0.2,4,4,ATAGGATACCCCACAACCTA,0,3978985
xdhAp1,0.2,4,4,ATAGCAATGTTCGAGCACTT,0,3943964
xdhAp1,0.2,4,4,ATACTTACACTTCTTCGGTT,0,3959310
xdhAp1,0.2,4,4,ATACCGTTGCTAATATGAAT,0,3957236
xdhAp1,0.2,4,4,ATAAGAAGGTCTAAAACATG,0,3971140
xdhAp1,0.2,4,4,ATAACTGGCATATGTTTGGA,0,3938987
xdhAp1,0.2,4,4,ATAAAGATCCTAAGGAGCAT,0,3947118
xdhAp1,0.2,4,4,ATAAAACTCGCGAGCCATAC,0,3942253
xdhAp1,0.2,4,4,AGTTGATTCAAGTTCCTAGG,0,3968650
xdhAp1,0.2,4,4,AGTTCCACCGAAAACACATC,0,3941251
xdhAp1,0.2,4,4,AGTGTGATCGCGGCAGCCCC,0,3980440
xdhAp1,0.2,4,4,AGTGTGAGTTCCTGCTCAAT,0,3951656
xdhAp1,0.2,4,4,AGTGGTCCCTCAGGCTCCCT,0,3936168
xdhAp1,0.2,4,4,AGTGCGTTCATAGGTCCCAA,0,3952325
xdhAp1,0.2,4,4,AGTCGTATGACACTTGCAGG,0,3979570
xdhAp1,0.2,4,4,AGTCCTAAATACCCTAGAGG,0,3948075
xdhAp1,0.2,4,4,AGTCAGGTCAACTGACCACT,0,3962715
xdhAp1,0.2,4,4,AGTCAGGCATTATCCACCCG,0,3943922
xdhAp1,0.2,4,4,AGTAGGCTGTTATGCCCCTA,0,3943985
xdhAp1,0.2,4,4,AGTACAGTTCGTCGCGAACT,0,3932416
xdhAp1,0.2,4,4,AGTAAAGACCAAAAAAATAT,0,3968725
xdhAp1,0.2,4,4,AGGTTTCGGATCACCATCGA,0,3939568
xdhAp1,0.2,4,4,AGGTGAACTTTCTTGGATTA,0,3940630
xdhAp1,0.2,4,4,AGGTCGGTCGGGTCACCGCG,0,3961727
xdhAp1,0.2,4,4,AGGTCGCCGCTGTCCATTAC,0,3963972
xdhAp1,0.2,4,4,AGGTCGAACAGGCGTAATAA,0,3957366
xdhAp1,0.2,4,4,AGGTCCTTCCAACGTCTTAG,0,3970133
xdhAp1,0.2,4,4,AGGGTGGGGAACAAGTCGTT,0,3979439
xdhAp1,0.2,4,4,AGGGTCTATTGTCACCAGAT,0,3960962
xdhAp1,0.2,4,4,AGGGGTCCAGCCTTGCGTCC,0,3970795
xdhAp1,0.2,4,4,AGGGCGGCGGGAGAAACCAA,0,3948155
xdhAp1,0.2,4,4,AGGCTTTAATTCGTAGTAAT,0,3974309
xdhAp1,0.2,4,4,AGGCTGGAGAATTCGTTTTT,0,3977762
xdhAp1,0.2,4,4,AGGCTACCGCTTGTTGGAGG,0,3981396
xdhAp1,0.2,4,4,AGGCGTCCGGAGCCATGCAT,0,3955787
xdhAp1,0.2,4,4,AGGCAGAGTTGGATAGTGAG,0,3940588
xdhAp1,0.2,4,4,AGGCACAACTACACTTTCCG,0,3971990
xdhAp1,0.2,4,4,AGGATTAACCCGGTGTTCTC,0,3959244
xdhAp1,0.2,4,4,AGGATGTTTAGTGGGGATCG,0,3967711
xdhAp1,0.2,4,4,AGGATACACTTTAAATCGGA,0,3948170
xdhAp1,0.2,4,4,AGGAGACTGATTTTGGAAAT,0,3964497
xdhAp1,0.2,4,4,AGCTGCCGAGGGGTGTAGGA,0,3968166
xdhAp1,0.2,4,4,AGCTCAAGGACGCTGCTGAT,0,3959458
xdhAp1,0.2,4,4,AGCGGGGGTCGCAGACGCTT,0,3931838
xdhAp1,0.2,4,4,AGCGGGGCGGAAAAAAAAAA,0,3966390
xdhAp1,0.2,4,4,AGCGAAGGTCTGGCTTCTAG,0,3955376
xdhAp1,0.2,4,4,AGCCGTGCGCGGCGCGGGTG,0,3966988
xdhAp1,0.2,4,4,AGCCAGGTACAACCTGGGGT,0,3934450
xdhAp1,0.2,4,4,AGCCACACCAAATCGTTAAC,0,3937132
xdhAp1,0.2,4,4,AGCCAACTGGCTGCTTGCCC,0,3964154
xdhAp1,0.2,4,4,AGCACCAACGAACTGGTTAG,0,3930478
xdhAp1,0.2,4,4,AGCAAAAATTAACAGGGGAA,0,3956725
xdhAp1,0.2,4,4,AGATTGGGGATAGGGATTGT,0,3963170
xdhAp1,0.2,4,4,AGATTACGTGAAAGTCGTTA,0,3964438
xdhAp1,0.2,4,4,AGAGTAAGATATGCTTCTTA,0,3954073
xdhAp1,0.2,4,4,AGAGGTTGTGTCTCAGCCGC,0,3944379
xdhAp1,0.2,4,4,AGAGACTGCGCCGCGGTTCC,0,3939059
xdhAp1,0.2,4,4,AGAGACGCTCTCGTCAGTGC,0,3959475
xdhAp1,0.2,4,4,AGACGCATGAGCAAATTAAA,0,3940030
xdhAp1,0.2,4,4,AGACGACCCCCCACGCTAGT,0,3938522
xdhAp1,0.2,4,4,AGAATGGTAGAATGGACACT,0,3960839
xdhAp1,0.2,4,4,ACTTTCTCCCTTAAGGTTTC,0,3944590
xdhAp1,0.2,4,4,ACTTGCACGGGTACATATAT,0,3955956
xdhAp1,0.2,4,4,ACTTCCAGGGATACAGTGTA,0,3966203
xdhAp1,0.2,4,4,ACTTCATAGTAAAAGGGCGA,0,3964866
xdhAp1,0.2,4,4,ACTTATTGGCGTGAATCATT,0,3960313
xdhAp1,0.2,4,4,ACTTATACTGTAAGGCGTGT,0,3948772
xdhAp1,0.2,4,4,ACTTACTCTTGTGTTGAAGG,0,3973767
xdhAp1,0.2,4,4,ACTGTTATCGTGCCCGGCGA,0,3950906
xdhAp1,0.2,4,4,ACTGTCGCATGCACTCGCGA,0,3977870
xdhAp1,0.2,4,4,ACTGGTCTTCCGTGGACCAA,0,3940604
xdhAp1,0.2,4,4,ACTGCGGGGCGTTCTTCCAC,0,3962529
xdhAp1,0.2,4,4,ACTCCTGGCGAACGAGAAGC,0,3932581
xdhAp1,0.2,4,4,ACTCAAGCAAGGGGTGTTGC,0,3939799
xdhAp1,0.2,4,4,ACTAGGCCTTATTATCATGT,0,3961282
xdhAp1,0.2,4,4,ACTAGCGGTTCAGCCTGAGC,0,3930082
xdhAp1,0.2,4,4,ACTAGAGATGCAACGCCGTG,0,3960380
xdhAp1,0.2,4,4,ACTACTTGCTCTGACATCTC,0,3933315
xdhAp1,0.2,4,4,ACTAATTTTCGGCGCCAACA,0,3944645
xdhAp1,0.2,4,4,ACTAACAAAGTCGCCGCTCC,0,3961785
xdhAp1,0.2,4,4,ACGGTGCAGGGTCTTCTGTA,0,3943131
xdhAp1,0.2,4,4,ACGGGTCCATGCGGTTCGGA,0,3940408
xdhAp1,0.2,4,4,ACGGATATGATGGGTCCGAT,0,3946635
xdhAp1,0.2,4,4,ACGCTCGAATTTGTTTCCTA,0,3953857
xdhAp1,0.2,4,4,ACGCTCAGACCAACCGAATG,0,3968486
xdhAp1,0.2,4,4,ACGCTAACCTTCACGCCGTA,0,3958994
xdhAp1,0.2,4,4,ACGCGCCACCCCGACTGAGA,0,3951793
xdhAp1,0.2,4,4,ACGCGAGACTCCTACGAACA,0,3933180
xdhAp1,0.2,4,4,ACGATAGGAGGATAGTTCAT,0,3973172
xdhAp1,0.2,4,4,ACGAGGGCGTGAGTATATCT,0,3929931
xdhAp1,0.2,4,4,ACGAGGCATCGCCGAGAAGG,0,3949539
xdhAp1,0.2,4,4,ACGACGGTGACTCGTCCCCT,0,3933705
xdhAp1,0.2,4,4,ACGACAAAGACTTCCATGAC,0,3943642
xdhAp1,0.2,4,4,ACGAAAAAATTCCAGGAAGC,0,3950389
xdhAp1,0.2,4,4,ACCTTAGGCCTACCTTGAGA,0,3960652
xdhAp1,0.2,4,4,ACCTCTTCGGTTAGCTTACA,0,3935022
xdhAp1,0.2,4,4,ACCTATGGCATTGTCAATCT,0,3964686
xdhAp1,0.2,4,4,ACCTAATAAGTTGTTCTTGT,0,3941117
xdhAp1,0.2,4,4,ACCTAACTGGGGCATGTGCG,0,3970971
xdhAp1,0.2,4,4,ACCGTTATGTCAGAATGAGT,0,3972353
xdhAp1,0.2,4,4,ACCGTAGCAGGTTCATTAAT,0,3946626
xdhAp1,0.2,4,4,ACCGGGATTAATCAGGATGC,0,3959509
xdhAp1,0.2,4,4,ACCGGACTCACGATGATTAT,0,3943760
xdhAp1,0.2,4,4,ACCGGACGCGGGGCCTAGTC,0,3935959
xdhAp1,0.2,4,4,ACCGCGGACCCATTAGATCG,0,3975683
xdhAp1,0.2,4,4,ACCCTTCCGTGGGCCAGGTC,0,3934037
xdhAp1,0.2,4,4,ACCCGTTTCTGCGCCACAGA,0,3971326
xdhAp1,0.2,4,4,ACCCCGTAGGACTGGTTTTG,0,3934907
xdhAp1,0.2,4,4,ACCCATCTCAAGGATCAGTC,0,3976887
xdhAp1,0.2,4,4,ACCAGGGTCACCAAGGCCGG,0,3949812
xdhAp1,0.2,4,4,ACCACGATGCCCTCCGAGCT,0,3973393
xdhAp1,0.2,4,4,ACCAATCGGTCCAATGATAT,0,3930566
xdhAp1,0.2,4,4,ACCAAGGAGATGAAGGGACG,0,3970061
xdhAp1,0.2,4,4,ACCAAATTGGAGCGATTTCA,0,3975991
xdhAp1,0.2,4,4,ACATTTTGGTGCCTGATAAC,0,3961208
xdhAp1,0.2,4,4,ACATTACCTCGTGCCACTCC,0,3969797
xdhAp1,0.2,4,4,ACATCATCCAAGGAGAAAAA,0,3966592
xdhAp1,0.2,4,4,ACATACCAGGGATGTTTCCC,0,3955134
xdhAp1,0.2,4,4,ACAGTTGTACTGGGTATTTT,0,3957297
xdhAp1,0.2,4,4,ACAGTACCATGATCCGGACG,0,3942744
xdhAp1,0.2,4,4,ACAGGCTGTTCAATGGTCTT,0,3952854
xdhAp1,0.2,4,4,ACAGCAGATTTTTTATATTC,0,3964316
xdhAp1,0.2,4,4,ACACTTCCGTCTTTATATGA,0,3973196
xdhAp1,0.2,4,4,ACACATAGATTCTCCTCGTG,0,3929711
xdhAp1,0.2,4,4,ACACAAGCATGATGGAGTGG,0,3964559
xdhAp1,0.2,4,4,ACAATTTAGTACCTATGACT,0,3960268
xdhAp1,0.2,4,4,ACAAGTAATGCGGTGGGTCA,0,3929441
xdhAp1,0.2,4,4,ACAAATCAATATATAAGTTA,0,3951958
xdhAp1,0.2,4,4,AATTTTATTCGGTTCATCTT,0,3952421
xdhAp1,0.2,4,4,AATTTCAGCAATGGGTGTTT,0,3940992
xdhAp1,0.2,4,4,AATTCACAGGTTCTGACACC,0,3967171
xdhAp1,0.2,4,4,AATTCAAATACGGATTATGC,0,3973647
xdhAp1,0.2,4,4,AATGTCAGGAGTATCATTTT,0,3960269
xdhAp1,0.2,4,4,AATGGGCGGCTACCACATAT,0,3967964
xdhAp1,0.2,4,4,AATGCTCCATACTTATATAT,0,3954668
xdhAp1,0.2,4,4,AATGCGACCCGGGTAACATA,0,3940625
xdhAp1,0.2,4,4,AATGACCACTTGTGGCTTCG,0,3959046
xdhAp1,0.2,4,4,AATGAATTCATGGCGCCTCT,0,3931556
xdhAp1,0.2,4,4,AATCTCCTCCAGTATCTTTA,0,3973832
xdhAp1,0.2,4,4,AATCCTAGCGGGCACAGGTG,0,3965227
xdhAp1,0.2,4,4,AATCAGAGTTGCTTAGGGTT,0,3955854
xdhAp1,0.2,4,4,AATACGAGCCACCGTGTTTC,0,3972118
xdhAp1,0.2,4,4,AATAATCTCGCACACGCGTA,0,3930319
xdhAp1,0.2,4,4,AATAACGATATACTTTGCAA,0,3966927
xdhAp1,0.2,4,4,AATAACCGGTCCATAGATCC,0,3975520
xdhAp1,0.2,4,4,AAGTTGGGCCTGAAATGAAC,0,3952762
xdhAp1,0.2,4,4,AAGTAAGTTCGTCTCTGTAT,0,3946708
xdhAp1,0.2,4,4,AAGGTAGAACTTAAAAGGCC,0,3937706
xdhAp1,0.2,4,4,AAGGGTCGTACATCGAGTCC,0,3961460
xdhAp1,0.2,4,4,AAGGCCGGCGTAATGCTCAT,0,3942305
xdhAp1,0.2,4,4,AAGCTATTTGCCTCGATCTT,0,3937953
xdhAp1,0.2,4,4,AAGCGAATCGTCTCCTACCC,0,3929173
xdhAp1,0.2,4,4,AAGCAGGTGTAATGCGCGAA,0,3969390
xdhAp1,0.2,4,4,AAGATGATTTGCTCCACTAA,0,3979872
xdhAp1,0.2,4,4,AAGACCGCATTCTCAGAGCT,0,3943286
xdhAp1,0.2,4,4,AAGACATATCAAGCCGCTAA,0,3960051
xdhAp1,0.2,4,4,AAGAATTCTCGTGGTTTACT,0,3947014
xdhAp1,0.2,4,4,AACTTTACTTTATAGCCGGC,0,3979774
xdhAp1,0.2,4,4,AACTGAAGCCCTAATGGCGT,0,3968762
xdhAp1,0.2,4,4,AACTCGTTGGTCTAGACAGA,0,3946873
xdhAp1,0.2,4,4,AACGTTCGTTAGGATAGTCA,0,3935051
xdhAp1,0.2,4,4,AACGGTCTGGCCAAATGGAT,0,3941115
xdhAp1,0.2,4,4,AACGCATCATGGTCACCTCA,0,3931121
xdhAp1,0.2,4,4,AACCTGGTAACGATATGCGT,0,3937203
xdhAp1,0.2,4,4,AACCGTTTCAGTGAACGACT,0,3950874
xdhAp1,0.2,4,4,AACCGTCAATTCGTCCGCGA,0,3971292
xdhAp1,0.2,4,4,AACATGGGGTCATCCGAATA,0,3980659
xdhAp1,0.2,4,4,AACAGCCACGTGGGAAACGA,0,3932804
xdhAp1,0.2,4,4,AAATCGGTTCGTGGATTAAA,0,3976682
xdhAp1,0.2,4,4,AAAGTCACTAGGGCACCCGT,0,3956137
xdhAp1,0.2,4,4,AAAGCAGATCGCGGAAAAAA,0,3952269
xdhAp1,0.2,4,4,AAACGGGAGGAGCGCGCCGG,0,3942404
xdhAp1,0.2,4,4,AAACGCCCGCCACGCGAATT,0,3972858
xdhAp1,0.2,4,4,AAACGAGCTAAACATTTAAT,0,3968995
xdhAp1,0.2,4,4,AAACCCGTTTCCGTCTGTGG,0,3959097
xdhAp1,0.2,4,4,AAACATGCCTAAGGTCAGGG,0,3942403
xdhAp1,0.2,4,4,AAAAGGGTAGATCTGATCTT,0,3947074
xdhAp1,0.2,4,4,AAAAGATCCTATACATCTCG,0,3947426
xdhAp1,0.2,4,4,AAAACAGAGGTTCTGTCTAA,0,3942454
xdhAp1,0.2,4,4,AAAACACGCATCCCGTAAAT,0,3978237
xdhAp1,0.25,3,3,TTTTTGTACGCCAGTAGGCC,0,3969801
xdhAp1,0.25,3,3,TTTTTGCTAGTCTGTGTTGC,0,3944610
xdhAp1,0.25,3,3,TTTTGGGCACTGTAGCTTGC,0,3947501
xdhAp1,0.25,3,3,TTTTACGGCACCGGTGGTTA,0,3937765
xdhAp1,0.25,3,3,TTTTAACTGTGTGACTATCA,0,3936480
xdhAp1,0.25,3,3,TTTGTAAAGTCAATGACTGT,0,3937192
xdhAp1,0.25,3,3,TTTGCTGAAGGGGCCGGTCG,0,3965807
xdhAp1,0.25,3,3,TTTGACATTATCTATCTGGA,0,3968989
xdhAp1,0.25,3,3,TTTCGTTGAGGGGTTTTCAG,0,3963688
xdhAp1,0.25,3,3,TTTCGGAACGCCCAGAGAGC,0,3934507
xdhAp1,0.25,3,3,TTTCATGTTCTTATGGTTTA,0,3950765
xdhAp1,0.25,3,3,TTTCAAGTGGAGCGTATTCA,0,3935550
xdhAp1,0.25,3,3,TTTCAAAGTACGAGGCGAAC,0,3971169
xdhAp1,0.25,3,3,TTTACGCTAGCAAAAGGTCC,0,3976267
xdhAp1,0.25,3,3,TTTACATAATTCTATATCGT,0,3971242
xdhAp1,0.25,3,3,TTTAACGGTAACTCTCCTCA,0,3955197
xdhAp1,0.25,3,3,TTGTTCACAGTTAGCACTCT,0,3963855
xdhAp1,0.25,3,3,TTGTGGGTTTTCCGAACCAA,0,3949602
xdhAp1,0.25,3,3,TTGTGCGTGATCTAGCTCAA,0,3943209
xdhAp1,0.25,3,3,TTGGTTAAACATGTGGGGAT,0,3948812
xdhAp1,0.25,3,3,TTGGTGTACATTTCGGTACA,0,3962336
xdhAp1,0.25,3,3,TTGGTGCAACTTTAGGACAC,0,3938900
xdhAp1,0.25,3,3,TTGGTCTTAGCCTATTACGT,0,3937517
xdhAp1,0.25,3,3,TTGGGCACTTTTTTAAGGGG,0,3945730
xdhAp1,0.25,3,3,TTGGGATCCGGTACCGGGGT,0,3969788
xdhAp1,0.25,3,3,TTGCTGGTTTGCTTTGCTTC,0,3978576
xdhAp1,0.25,3,3,TTGCTCCACTCGGCTAGCCG,0,3969564
xdhAp1,0.25,3,3,TTGCGAACATCAAGTGTGTA,0,3958605
xdhAp1,0.25,3,3,TTGCCGCTTTCCGGGGCTCT,0,3946159
xdhAp1,0.25,3,3,TTGCCCACAATCCTAGCACA,0,3960060
xdhAp1,0.25,3,3,TTGCCCAAAGTGGCAAAACA,0,3976690
xdhAp1,0.25,3,3,TTGCCATTATGATGGAGGTT,0,3932434
xdhAp1,0.25,3,3,TTGCAGTATGGGGGCTAATA,0,3975287
xdhAp1,0.25,3,3,TTGCAGGGAGGACCCCTGGC,0,3966987
xdhAp1,0.25,3,3,TTGACGTCACTGGTGCCTTC,0,3960055
xdhAp1,0.25,3,3,TTGACGGCAAGTATCGCAGC,0,3978581
xdhAp1,0.25,3,3,TTGACGATACTGCCCTGGGG,0,3975517
xdhAp1,0.25,3,3,TTGAAATTGTAAGCCATCAT,0,3969025
xdhAp1,0.25,3,3,TTCTTGTAGCGTCTAAAGAC,0,3962611
xdhAp1,0.25,3,3,TTCTGTTTGGTCCAGGACTT,0,3928955
xdhAp1,0.25,3,3,TTCTCGGCCCAAGCGGAGTC,0,3935447
xdhAp1,0.25,3,3,TTCTCCTCTCGGGACTCGTC,0,3970077
xdhAp1,0.25,3,3,TTCTCCAGGACTTTAGGCAT,0,3942917
xdhAp1,0.25,3,3,TTCGTAGGCAGTGCGGTAAG,0,3968899
xdhAp1,0.25,3,3,TTCGATCCTTTAAGGTAATC,0,3936403
xdhAp1,0.25,3,3,TTCGAGACGGCAAACACACG,0,3958099
xdhAp1,0.25,3,3,TTCCGGGTATACCCGGAATC,0,3953038
xdhAp1,0.25,3,3,TTCCCCGCGGAGTTTTACCA,0,3956052
xdhAp1,0.25,3,3,TTCCATGGTTTTCGGAAGAA,0,3950569
xdhAp1,0.25,3,3,TTCCACCGTACGTATCAACC,0,3943515
xdhAp1,0.25,3,3,TTCATTCAAAGCGTGCTAGA,0,3970198
xdhAp1,0.25,3,3,TTCATCTGGACTAGGCACAT,0,3955382
xdhAp1,0.25,3,3,TTCAGGTGACGAAGGCGGTA,0,3935587
xdhAp1,0.25,3,3,TTCACATGCCCAACGTTCTT,0,3972709
xdhAp1,0.25,3,3,TTCAATACCCCTTTATGGGT,0,3953583
xdhAp1,0.25,3,3,TTCAAGGTGTAATCCGAGGT,0,3937416
xdhAp1,0.25,3,3,TTATTATTCCATGTTTGACA,0,3973905
xdhAp1,0.25,3,3,TTATGCAGTGGAGTAGACAG,0,3950293
xdhAp1,0.25,3,3,TTATGAAGTGAAGAAATGGT,0,3981502
xdhAp1,0.25,3,3,TTATATGACAGGACACACTA,0,3938042
xdhAp1,0.25,3,3,TTATAGTGGCATTGGATACG,0,3942885
xdhAp1,0.25,3,3,TTAGTGGGGGTCTTCACGAG,0,3929513
xdhAp1,0.25,3,3,TTAGTACATAGTGGGGCATC,0,3942741
xdhAp1,0.25,3,3,TTAGTACAGGGAGCGCAGCT,0,3937652
xdhAp1,0.25,3,3,TTAGGATAATGTCTTTGCTA,0,3956517
xdhAp1,0.25,3,3,TTAGGACTTTTTTACAAAGG,0,3940981
xdhAp1,0.25,3,3,TTACTACTAAGGTGTATGGC,0,3973019
xdhAp1,0.25,3,3,TTACGGTAAGTGGTATACCT,0,3943146
xdhAp1,0.25,3,3,TTACGCTATGCTTGACGCTG,0,3953111
xdhAp1,0.25,3,3,TTACGAGTTACCTCTAGTCT,0,3934454
xdhAp1,0.25,3,3,TTACATTATTCTAATAGACA,0,3966687
xdhAp1,0.25,3,3,TTACAGTACCCCATGTCGGA,0,3941075
xdhAp1,0.25,3,3,TTACAAATATAATTGAAGTC,0,3942376
xdhAp1,0.25,3,3,TTAAGGCATCGACCCAAGTG,0,3956713
xdhAp1,0.25,3,3,TTAAGACAGTGTATGACGTC,0,3946542
xdhAp1,0.25,3,3,TTAAATCCCTACCGAGCATG,0,3941502
xdhAp1,0.25,3,3,TTAAACATACCCTGTAAAGA,0,3957945
xdhAp1,0.25,3,3,TTAAACAGGGTAAATTGGGA,0,3976617
xdhAp1,0.25,3,3,TTAAACAATGACCCCTGGCT,0,3938887
xdhAp1,0.25,3,3,TTAAAATTGTGGATCCACTC,0,3974504
xdhAp1,0.25,3,3,TGTTTCATGATATGTAATTT,0,3980764
xdhAp1,0.25,3,3,TGTTTAATAGTCCAACTATG,0,3962373
xdhAp1,0.25,3,3,TGTTATGAACCTGGGGCTAA,0,3939267
xdhAp1,0.25,3,3,TGTTAGTCGTTGTCGGCAGT,0,3949808
xdhAp1,0.25,3,3,TGTGTAACGCAATTTCGAGC,0,3938589
xdhAp1,0.25,3,3,TGTGGGGAGTGATTTCACGA,0,3960356
xdhAp1,0.25,3,3,TGTGGGCTGCCACACAAAGC,0,3967392
xdhAp1,0.25,3,3,TGTGGCAGTCTAATTGTAGA,0,3934288
xdhAp1,0.25,3,3,TGTGGAAGGCGCCATGTTAG,0,3943388
xdhAp1,0.25,3,3,TGTGCGGAGATTCGGCCCCT,0,3977548
xdhAp1,0.25,3,3,TGTGCACCTCATAGTAGTCA,0,3944754
xdhAp1,0.25,3,3,TGTGATTCGTACAGCTCAGT,0,3974806
xdhAp1,0.25,3,3,TGTCGAGTATCCACATTATA,0,3953385
xdhAp1,0.25,3,3,TGTCCTTGTGTCCTCCGAAT,0,3936697
xdhAp1,0.25,3,3,TGTCCTGTACGTAACTTTTT,0,3942384
xdhAp1,0.25,3,3,TGTCACTTATTACCGCGGGT,0,3943380
xdhAp1,0.25,3,3,TGTATATAGGAGTACTGTAA,0,3968666
xdhAp1,0.25,3,3,TGTAGATCACCCTAAATAGG,0,3974747
xdhAp1,0.25,3,3,TGTACGATGGGTGAGATACG,0,3962684
xdhAp1,0.25,3,3,TGTACCTAGTGAATGATGCC,0,3981511
xdhAp1,0.25,3,3,TGTAATACTAGCGCATGCGG,0,3945231
xdhAp1,0.25,3,3,TGGTTGCGGAATGCTTAAAA,0,3929641
xdhAp1,0.25,3,3,TGGTGGATGAGTTCTGGTTT,0,3981064
xdhAp1,0.25,3,3,TGGTCCGTACTCCGAGCTTA,0,3934064
xdhAp1,0.25,3,3,TGGTCCGTACCTGCGATACT,0,3930336
xdhAp1,0.25,3,3,TGGTAATCTCGCGGGATGTG,0,3941860
xdhAp1,0.25,3,3,TGGGGTCAATAGCAGCTCAT,0,3972010
xdhAp1,0.25,3,3,TGGGGGTCAAAGTTGTGTCT,0,3981520
xdhAp1,0.25,3,3,TGGGGCAGTACCGCGCGAGC,0,3931164
xdhAp1,0.25,3,3,TGGGGAGTGGCAACGCCATG,0,3977608
xdhAp1,0.25,3,3,TGGGGAAAAAGACTTAACCC,0,3968140
xdhAp1,0.25,3,3,TGGGCGCATTGCAATGTAGG,0,3955932
xdhAp1,0.25,3,3,TGGGAGATCCATTATGGGGA,0,3975571
xdhAp1,0.25,3,3,TGGCTTTTTATTGGGCTACA,0,3929069
xdhAp1,0.25,3,3,TGGCTGTGACGGTCATAGCA,0,3964721
xdhAp1,0.25,3,3,TGGCTATCCGATCAATGTGA,0,3931099
xdhAp1,0.25,3,3,TGGCGGGGAATTGTCCCAGA,0,3951650
xdhAp1,0.25,3,3,TGGAGTCATTGAATTCACGT,0,3942986
xdhAp1,0.25,3,3,TGGACGACAATCAATGATTA,0,3931208
xdhAp1,0.25,3,3,TGGACAACATCGCATCTGTC,0,3974502
xdhAp1,0.25,3,3,TGGAATGATGTTCGGGTCGT,0,3969070
xdhAp1,0.25,3,3,TGGAAGTATATAGGCTTATG,0,3957834
xdhAp1,0.25,3,3,TGCTCTTCTGCAGAGGGTGA,0,3977004
xdhAp1,0.25,3,3,TGCTCTACCGAACAAGGCGA,0,3978253
xdhAp1,0.25,3,3,TGCTAACGTTCTAATTTAGA,0,3932230
xdhAp1,0.25,3,3,TGCGGTTGAAGGACCGCGCA,0,3958689
xdhAp1,0.25,3,3,TGCGCGTTATAACCGAGTGT,0,3959368
xdhAp1,0.25,3,3,TGCGCCGGGCCCGTAGAAAG,0,3946831
xdhAp1,0.25,3,3,TGCCGGGAGTTCGTTCTATG,0,3951288
xdhAp1,0.25,3,3,TGCCGACCCATCTGATCAGT,0,3960278
xdhAp1,0.25,3,3,TGCCCTGTCGGTTATCCCCT,0,3939181
xdhAp1,0.25,3,3,TGCCATACTGCCCTTCTTCC,0,3980456
xdhAp1,0.25,3,3,TGCCAGAGCTCTGGGTGTAA,0,3963501
xdhAp1,0.25,3,3,TGCCAATGTCCCCTGACCGA,0,3969293
xdhAp1,0.25,3,3,TGCATTTAATAGGGACTGCA,0,3944972
xdhAp1,0.25,3,3,TGCATGCTCGTCCGCAAAGA,0,3974293
xdhAp1,0.25,3,3,TGCATCTGGCATCACCTGAG,0,3962283
xdhAp1,0.25,3,3,TGCATCGCGCTCTCGCGGCT,0,3954563
xdhAp1,0.25,3,3,TGCATATTGACGACTCTGCA,0,3940682
xdhAp1,0.25,3,3,TGCAGAGTTCGACTACATAA,0,3971640
xdhAp1,0.25,3,3,TGATTCTTCATGGGCGGCGA,0,3966195
xdhAp1,0.25,3,3,TGATTCCGGACAACCGAAAG,0,3935230
xdhAp1,0.25,3,3,TGATGCTCTGAAGATCCCGA,0,3969824
xdhAp1,0.25,3,3,TGATGAAACTGGACCACCTA,0,3973829
xdhAp1,0.25,3,3,TGACTAAAGGTGTAATGTTG,0,3977764
xdhAp1,0.25,3,3,TGACGGGAGGCACCAGGCCG,0,3945126
xdhAp1,0.25,3,3,TGACGGAGCACAGGACTTTC,0,3949814
xdhAp1,0.25,3,3,TGAATCAGTCGTAAATCTAT,0,3978255
xdhAp1,0.25,3,3,TGAAGCTAATGGTTCTTAAA,0,3943332
xdhAp1,0.25,3,3,TGAAGCGGATCATAGATCAC,0,3955437
xdhAp1,0.25,3,3,TGAACCGGAAATTAGGAAAA,0,3956674
xdhAp1,0.25,3,3,TGAACAAATCAAGGCTCCGT,0,3948375
xdhAp1,0.25,3,3,TCTTGATTCGTTCGCGCTCG,0,3973503
xdhAp1,0.25,3,3,TCTTCAGTATGGACCTCAAT,0,3939131
xdhAp1,0.25,3,3,TCTGGGTTGGAGGCTCCGAG,0,3929396
xdhAp1,0.25,3,3,TCTGGGCGCCCGTTTTGCGG,0,3940004
xdhAp1,0.25,3,3,TCTGGCCAAGCCCCTAGCTT,0,3946144
xdhAp1,0.25,3,3,TCTGCTTTGTGTTTGATCAA,0,3970931
xdhAp1,0.25,3,3,TCTGCGGATTACCCCATCGT,0,3945750
xdhAp1,0.25,3,3,TCTGCCAGGCTTAACCGTCG,0,3974692
xdhAp1,0.25,3,3,TCTGATCAGCAATTCCTGTA,0,3934151
xdhAp1,0.25,3,3,TCTCTATGGTAGCTTTGTGA,0,3933025
xdhAp1,0.25,3,3,TCTCGGAGGATATGACAGTG,0,3929215
xdhAp1,0.25,3,3,TCTCCCTCCTATCCGCTACT,0,3941124
xdhAp1,0.25,3,3,TCTACCAGACGCACTATGAA,0,3958638
xdhAp1,0.25,3,3,TCGTTTAGAGCGGTCCGTTA,0,3978604
xdhAp1,0.25,3,3,TCGTTCTAGTTTTACGGCGG,0,3980673
xdhAp1,0.25,3,3,TCGTCGGCCATGGCCGGCCC,0,3949249
xdhAp1,0.25,3,3,TCGTCCGGCCCACCCCATAG,0,3972700
xdhAp1,0.25,3,3,TCGTATAAATTCAGCGTCTT,0,3945852
xdhAp1,0.25,3,3,TCGTAAGAACTCTCACGAGT,0,3960550
xdhAp1,0.25,3,3,TCGGTCCAGCTCGGGCCAAA,0,3958260
xdhAp1,0.25,3,3,TCGGCCTTTACCCCGTGAGT,0,3971876
xdhAp1,0.25,3,3,TCGGAGAGTCTAAGCCGGCC,0,3953472
xdhAp1,0.25,3,3,TCGCTGTCCAATCGTTAGTC,0,3960718
xdhAp1,0.25,3,3,TCGCTCTCCTGGAAAGTCGT,0,3947707
xdhAp1,0.25,3,3,TCGCGAACGCAAGTTTTCTA,0,3948892
xdhAp1,0.25,3,3,TCGCCTCTCGGCTACCTAAT,0,3941299
xdhAp1,0.25,3,3,TCGCCCGGGCGCTAAGTCCA,0,3943073
xdhAp1,0.25,3,3,TCGCATCGTATTTCTTGGGT,0,3958869
xdhAp1,0.25,3,3,TCGCAGACCTCTTATCGTCA,0,3939165
xdhAp1,0.25,3,3,TCGATCATCCGCCTTTTCGT,0,3936828
xdhAp1,0.25,3,3,TCGAGCCACCCCGGTATCCT,0,3970640
xdhAp1,0.25,3,3,TCGAGACGATAGCGATAGGT,0,3971134
xdhAp1,0.25,3,3,TCGACTGGCCCTCGGCGGCG,0,3981371
xdhAp1,0.25,3,3,TCGAACAGTCGCGGGTCTAC,0,3953648
xdhAp1,0.25,3,3,TCGAAAGACAACAGACTGTC,0,3974102
xdhAp1,0.25,3,3,TCCTGAACCGCCTTGGGGCA,0,3954579
xdhAp1,0.25,3,3,TCCGTCGAGTATAGCGGGTT,0,3953122
xdhAp1,0.25,3,3,TCCGGCGGCATGCGTGGGAG,0,3936212
xdhAp1,0.25,3,3,TCCGCGAAAAAGCGCGTAAT,0,3935493
xdhAp1,0.25,3,3,TCCCTGGGAATATTTATGTC,0,3939130
xdhAp1,0.25,3,3,TCCCTACTATGTTATGGATT,0,3973855
xdhAp1,0.25,3,3,TCCCGGACGCTCGCCCATGA,0,3964692
xdhAp1,0.25,3,3,TCCCCTTGGATGGGGTGGTA,0,3960409
xdhAp1,0.25,3,3,TCCACCCACTTGACTTGACA,0,3947868
xdhAp1,0.25,3,3,TCCACATGCCCGCTTTAAGT,0,3968474
xdhAp1,0.25,3,3,TCATTTTCAAATCTCTTAAT,0,3944342
xdhAp1,0.25,3,3,TCATTGGGGTCAACCCGCGA,0,3962251
xdhAp1,0.25,3,3,TCATTGGCTACGATGGCTCA,0,3942276
xdhAp1,0.25,3,3,TCATTAGAAGGAACGCAACC,0,3979319
xdhAp1,0.25,3,3,TCATCACTAGGGATCTATTA,0,3977025
xdhAp1,0.25,3,3,TCATCAAGAGCCCCGCAGCT,0,3968823
xdhAp1,0.25,3,3,TCATATTATCTATTAAGTAA,0,3930755
xdhAp1,0.25,3,3,TCATATCGCTGTCAGCTCAC,0,3961047
xdhAp1,0.25,3,3,TCATAATCCGATCGCAATAC,0,3938743
xdhAp1,0.25,3,3,TCAGTCTGCTAAGATCAAGG,0,3962887
xdhAp1,0.25,3,3,TCAGGGCGATATGAGTTTCC,0,3936924
xdhAp1,0.25,3,3,TCAGGGACTAGTGCGTGTCT,0,3932730
xdhAp1,0.25,3,3,TCAGACCGAAACCGGGGAAT,0,3966228
xdhAp1,0.25,3,3,TCACTCTATTTTGCTGTGAA,0,3977969
xdhAp1,0.25,3,3,TCACGTGTACAACTACGCCT,0,3975208
xdhAp1,0.25,3,3,TCACGTCCGGGCCTAACTAT,0,3953643
xdhAp1,0.25,3,3,TCAATGGAACGGTGTACAGA,0,3957056
xdhAp1,0.25,3,3,TCAATCCCACTAGCTATTGA,0,3933279
xdhAp1,0.25,3,3,TCAAGGGCTCTTTACTCGCA,0,3934241
xdhAp1,0.25,3,3,TCAAGGATCAACTGCTAAGA,0,3965567
xdhAp1,0.25,3,3,TCAAGCCCTCGTTTTCGCCT,0,3965864
xdhAp1,0.25,3,3,TCAAGAATGTCACTCGACCT,0,3972253
xdhAp1,0.25,3,3,TATTGGGTCCATGAGAGGAA,0,3933342
xdhAp1,0.25,3,3,TATTAGGTCGTATCCTGTTA,0,3980335
xdhAp1,0.25,3,3,TATGTTTACGAATGGATTTC,0,3936316
xdhAp1,0.25,3,3,TATGTTGAGGCAACACGCTT,0,3956044
xdhAp1,0.25,3,3,TATGTCAACCGCCTTTATGT,0,3937679
xdhAp1,0.25,3,3,TATGGCCCAGGTTGGGACAT,0,3939235
xdhAp1,0.25,3,3,TATGGAGTAGTACCAATATG,0,3934793
xdhAp1,0.25,3,3,TATGCTGTCACGTTCACAGA,0,3968560
xdhAp1,0.25,3,3,TATGCAGACTCATGAACTAG,0,3967318
xdhAp1,0.25,3,3,TATGATTACTACCTTTCTAT,0,3937580
xdhAp1,0.25,3,3,TATCTTCAGATGCGGAAGGT,0,3953777
xdhAp1,0.25,3,3,TATCGTTCATGAGGCGTAGT,0,3932263
xdhAp1,0.25,3,3,TATCGCTAAGCTCCGGGTTA,0,3972542
xdhAp1,0.25,3,3,TATCGCCGTCGCCAAAATGC,0,3940044
xdhAp1,0.25,3,3,TATCCGCGGGAGACATGCAT,0,3976394
xdhAp1,0.25,3,3,TATCCGCGAACGGGAGGTGT,0,3948973
xdhAp1,0.25,3,3,TATCCACGATCTGATCCAAT,0,3950052
xdhAp1,0.25,3,3,TATCACTATACCGTCAAAGG,0,3930334
xdhAp1,0.25,3,3,TATACGATGTGACAGTCTGC,0,3950011
xdhAp1,0.25,3,3,TATACGAAGTGTTTGGCTTT,0,3966353
xdhAp1,0.25,3,3,TATAACCTTTTCGCATGGGG,0,3959465
xdhAp1,0.25,3,3,TATAAACACGCGCCTCAGTC,0,3938742
xdhAp1,0.25,3,3,TAGGTTACCATGGGCCGGGA,0,3935264
xdhAp1,0.25,3,3,TAGGTCCCGACACGGGCAGA,0,3958599
xdhAp1,0.25,3,3,TAGGTAGGAAGGTTGTGCGA,0,3946696
xdhAp1,0.25,3,3,TAGGCACCCTCGTGACATCG,0,3979052
xdhAp1,0.25,3,3,TAGGAGTTTTTCTACTTCCC,0,3937976
xdhAp1,0.25,3,3,TAGCTGTAATGAGGGCGAAA,0,3937264
xdhAp1,0.25,3,3,TAGCTCGCTTTGGCCCCTCT,0,3946395
xdhAp1,0.25,3,3,TAGCGGATCCGTCGTATGTA,0,3941576
xdhAp1,0.25,3,3,TAGCGCTTTACGACGACTCA,0,3937486
xdhAp1,0.25,3,3,TAGCGATTAGACCAGCTATC,0,3945363
xdhAp1,0.25,3,3,TAGCGAGCGATCCGAGTGAG,0,3949418
xdhAp1,0.25,3,3,TAGCAGTGGATAGCGTTTAA,0,3974742
xdhAp1,0.25,3,3,TAGCAGATACCTAACACATT,0,3960728
xdhAp1,0.25,3,3,TACTTTCGCGTCTCTCGCAG,0,3961375
xdhAp1,0.25,3,3,TACTGGTCGCTACTGTAAGT,0,3959080
xdhAp1,0.25,3,3,TACGTCTCGTCAGATGACCA,0,3931065
xdhAp1,0.25,3,3,TACGGGGCGCCTAGCCGACA,0,3934373
xdhAp1,0.25,3,3,TACGGAGTACTTCTAAGACG,0,3933762
xdhAp1,0.25,3,3,TACGAATGGTTGGCTCGCTT,0,3949652
xdhAp1,0.25,3,3,TACCTCCGACGCCGCGCCTT,0,3943565
xdhAp1,0.25,3,3,TACCTACGATAGCTTTCCCG,0,3978228
xdhAp1,0.25,3,3,TACCAAGGCGCAGATTAGGT,0,3981268
xdhAp1,0.25,3,3,TACAGGCTATTAGGTAGCCC,0,3967330
xdhAp1,0.25,3,3,TACACGCAGAATTGCCAGAG,0,3930878
xdhAp1,0.25,3,3,TACACCATTCTCTCTGAATG,0,3975487
xdhAp1,0.25,3,3,TACAAATTCGCTACCTCTGG,0,3946073
xdhAp1,0.25,3,3,TAATTTTATGGCATGCTAAA,0,3968563
xdhAp1,0.25,3,3,TAATCAGGTGAGGAGCACTC,0,3934087
xdhAp1,0.25,3,3,TAATACAGCCCTCTTCAGGA,0,3941397
xdhAp1,0.25,3,3,TAAGTTGGATACATTGACGA,0,3968933
xdhAp1,0.25,3,3,TAAGTGGCATGAGGACATCT,0,3949907
xdhAp1,0.25,3,3,TAAGGCAGGATCGGTCTACC,0,3936509
xdhAp1,0.25,3,3,TAAGGACCCATCCACCGACC,0,3973398
xdhAp1,0.25,3,3,TAAGAGTCTACACGAATGGT,0,3961595
xdhAp1,0.25,3,3,TAAGAGTAATTGGCTAGTGC,0,3932799
xdhAp1,0.25,3,3,TAAGACCGTCGGAGTGTTAC,0,3964968
xdhAp1,0.25,3,3,TAACTAGACGTTACAAATGT,0,3977199
xdhAp1,0.25,3,3,TAACGCATTATGAGGCCGTC,0,3961412
xdhAp1,0.25,3,3,TAACGAGTTTGATAACAATG,0,3940742
xdhAp1,0.25,3,3,TAAATCAGTCTAAACTCTAG,0,3976631
xdhAp1,0.25,3,3,TAAACGGTTGGGCCGCACGT,0,3968145
xdhAp1,0.25,3,3,TAAACAGAAGTTTGCACGCA,0,3946313
xdhAp1,0.25,3,3,TAAAACGGGGCGGCTGACGG,0,3942812
xdhAp1,0.25,3,3,GTTTTCTTTCATGTCTGACG,0,3957712
xdhAp1,0.25,3,3,GTTTCGCGAGTTGATTGGAC,0,3930778
xdhAp1,0.25,3,3,GTTTACCGTCCGTCTACTCA,0,3948541
xdhAp1,0.25,3,3,GTTTAATAATGGTAATCCAC,0,3960926
xdhAp1,0.25,3,3,GTTGGAAAAGACACCACTGG,0,3932189
xdhAp1,0.25,3,3,GTTGCGCCGGTTTGTACCCA,0,3937120
xdhAp1,0.25,3,3,GTTCTCCTAATGCGCCAGTG,0,3954971
xdhAp1,0.25,3,3,GTTCTAAACACAGACGAAAT,0,3943019
xdhAp1,0.25,3,3,GTTCGTGGGACCCATGTTTT,0,3952483
xdhAp1,0.25,3,3,GTTCATATATTTTACCTGGC,0,3948324
xdhAp1,0.25,3,3,GTTATTGGATCATCCACCCA,0,3956622
xdhAp1,0.25,3,3,GTTAGCTGTCGATCAGTTAT,0,3978626
xdhAp1,0.25,3,3,GTTAGAGTACGCAGGTATCG,0,3974641
xdhAp1,0.25,3,3,GTTACTGTACCATATCCCAC,0,3964070
xdhAp1,0.25,3,3,GTTACCTTCGCGGCCCGGGG,0,3979431
xdhAp1,0.25,3,3,GTTACCGAGGCGTGGGTAGC,0,3941643
xdhAp1,0.25,3,3,GTTACAAAATTTGTCTCGAG,0,3929250
xdhAp1,0.25,3,3,GTGTGGCCACCGGTTAAACA,0,3948513
xdhAp1,0.25,3,3,GTGTCCACGTAACTTACTCG,0,3975445
xdhAp1,0.25,3,3,GTGGTTGGGCAAGGAGACCT,0,3950137
xdhAp1,0.25,3,3,GTGGTCAACGATTATTATAT,0,3981407
xdhAp1,0.25,3,3,GTGGGACGGTCTGTCTAGCC,0,3931176
xdhAp1,0.25,3,3,GTGGCTCCTGTGGGTCGTTT,0,3941306
xdhAp1,0.25,3,3,GTGGATGTTCTGTTGAACAA,0,3934407
xdhAp1,0.25,3,3,GTGGAAAAGAAAGCACCATA,0,3942199
xdhAp1,0.25,3,3,GTGCGCGCGACCCGGTGGTG,0,3930689
xdhAp1,0.25,3,3,GTGCAGCATCATCGTGGCAA,0,3956870
xdhAp1,0.25,3,3,GTGCACCGCCACCCTCCCAA,0,3957521
xdhAp1,0.25,3,3,GTGCACAGCTTCAGATTGGC,0,3946183
xdhAp1,0.25,3,3,GTGCAAATCCGCGAACCACC,0,3960726
xdhAp1,0.25,3,3,GTGAGGAACGGTCGGATTTC,0,3939025
xdhAp1,0.25,3,3,GTGAAAATGAATTATCCACC,0,3958540
xdhAp1,0.25,3,3,GTCTTGTCCACGAGTAGTTT,0,3957604
xdhAp1,0.25,3,3,GTCTAGACCTATATATCTCA,0,3968458
xdhAp1,0.25,3,3,GTCTAAATGGTGTGAAGGCG,0,3933895
xdhAp1,0.25,3,3,GTCGGTTCTCCAGTCTCGAG,0,3966483
xdhAp1,0.25,3,3,GTCGGCGTCTCCATGTTAGC,0,3972525
xdhAp1,0.25,3,3,GTCGCCAACCTGGTGCTGGT,0,3951965
xdhAp1,0.25,3,3,GTCGATCTAGAGTTCGTCAC,0,3938293
xdhAp1,0.25,3,3,GTCGATATTTGATTTGGCGC,0,3938113
xdhAp1,0.25,3,3,GTCCTTTAACAGGGGGAGGG,0,3971158
xdhAp1,0.25,3,3,GTCCTGTTAATTTAGACTGG,0,3957524
xdhAp1,0.25,3,3,GTCCTAGGAAACTATAGTGA,0,3948936
xdhAp1,0.25,3,3,GTCCGGAAATCGCGCTTCCA,0,3971425
xdhAp1,0.25,3,3,GTCCGCAGATGAAGTTAGAG,0,3979574
xdhAp1,0.25,3,3,GTCCCTTATTTTCCCTCAAT,0,3973701
xdhAp1,0.25,3,3,GTCCAGCGCCATGTACGCGA,0,3971721
xdhAp1,0.25,3,3,GTCCAGCAATGGGATTAAAC,0,3943943
xdhAp1,0.25,3,3,GTCCAGATATCGACGGATGA,0,3941469
xdhAp1,0.25,3,3,GTCCACAACTCTTAGATCCG,0,3974621
xdhAp1,0.25,3,3,GTCATTTCTCAGTTCTTTAA,0,3934580
xdhAp1,0.25,3,3,GTCATTACACCTCGACAGAA,0,3968985
xdhAp1,0.25,3,3,GTCATGATCACGGGACAAGC,0,3965712
xdhAp1,0.25,3,3,GTCAGTGCGTGGTTAGATCA,0,3931856
xdhAp1,0.25,3,3,GTCAGAGTGGACTCGTAGTA,0,3943398
xdhAp1,0.25,3,3,GTCACGTCTCTGAGCACTAT,0,3966281
xdhAp1,0.25,3,3,GTCAACAATCAACTGAGGCA,0,3964447
xdhAp1,0.25,3,3,GTCAAAGTAGGTTAGCATCG,0,3963680
xdhAp1,0.25,3,3,GTATTTTCTCAAACTATCTA,0,3950261
xdhAp1,0.25,3,3,GTATGTCCCTCTGAATACGA,0,3961175
xdhAp1,0.25,3,3,GTATGGCCGCGTGATGGGAC,0,3939821
xdhAp1,0.25,3,3,GTATGGCACCCGACCTTCAG,0,3968141
xdhAp1,0.25,3,3,GTATCAGACCACTTGATCGT,0,3974423
xdhAp1,0.25,3,3,GTATACGGAGGTGACCTCAA,0,3947132
xdhAp1,0.25,3,3,GTATAAGCTCCGAACCAGAC,0,3958363
xdhAp1,0.25,3,3,GTATAAAGGTTTTGTATAAG,0,3963395
xdhAp1,0.25,3,3,GTAGAGGCACTACTTTCATG,0,3958422
xdhAp1,0.25,3,3,GTACGCACGAGGCGTCGTTT,0,3946559
xdhAp1,0.25,3,3,GTACCGTGTTATAGTAGCTC,0,3972905
xdhAp1,0.25,3,3,GTACCGTGGATCCGGAACGT,0,3945353
xdhAp1,0.25,3,3,GTACATGGGTAGTACTCGCG,0,3962311
xdhAp1,0.25,3,3,GTACAGATAAAATTACGGGC,0,3939180
xdhAp1,0.25,3,3,GTACAGAACCGAGGTACCTC,0,3979053
xdhAp1,0.25,3,3,GTAATGGTTAACCACGGGAC,0,3937223
xdhAp1,0.25,3,3,GTAAGCCGTCTTAGCTAGAC,0,3939546
xdhAp1,0.25,3,3,GGTTTTGCGTGCCCATGATC,0,3936505
xdhAp1,0.25,3,3,GGTTTGGTAAGATGGAGGTG,0,3973805
xdhAp1,0.25,3,3,GGTTTGGCACAGCTATCTCA,0,3950801
xdhAp1,0.25,3,3,GGTTTCTCAAGGGGTCTTAA,0,3942987
xdhAp1,0.25,3,3,GGTTCTCTGTTATTGCACAG,0,3949966
xdhAp1,0.25,3,3,GGTTAGCCCTACGCCGCTCA,0,3934458
xdhAp1,0.25,3,3,GGTGTGTAAGCCTAATGCAA,0,3968221
xdhAp1,0.25,3,3,GGTGTAAGGACAACGGCGCT,0,3977480
xdhAp1,0.25,3,3,GGTGCCTACCCGCGCAAGTA,0,3953468
xdhAp1,0.25,3,3,GGTGAGATATGAACCAGAGT,0,3972847
xdhAp1,0.25,3,3,GGTGACTGACCGCTGAATTC,0,3972892
xdhAp1,0.25,3,3,GGTCGCCGGATAACAAAGAG,0,3977240
xdhAp1,0.25,3,3,GGTCCCTGTGGAGGCATTAT,0,3965768
xdhAp1,0.25,3,3,GGTCACTTGCAAAGCCAGAA,0,3929548
xdhAp1,0.25,3,3,GGTCACTGTGAGCACGGGCC,0,3942703
xdhAp1,0.25,3,3,GGTATGTATGAGAGTACTCC,0,3955798
xdhAp1,0.25,3,3,GGTATGCAGTACTTTGCAGC,0,3967362
xdhAp1,0.25,3,3,GGTACAAACCTCTCAGACCT,0,3929576
xdhAp1,0.25,3,3,GGTAAGCCGGTGGTTCGCAG,0,3941637
xdhAp1,0.25,3,3,GGGTTGACAAAATTGGTGTG,0,3969434
xdhAp1,0.25,3,3,GGGTGGGCTCACACTTGTAC,0,3948864
xdhAp1,0.25,3,3,GGGTCGGACGTCAAAAGATC,0,3962410
xdhAp1,0.25,3,3,GGGTATGGGAATTGGGTGGT,0,3942446
xdhAp1,0.25,3,3,GGGTAGGGATCACTTCGTAT,0,3960565
xdhAp1,0.25,3,3,GGGTACTCAGACCCGGTCAT,0,3980110
xdhAp1,0.25,3,3,GGGGTCCACGCCATTGATGA,0,3950844
xdhAp1,0.25,3,3,GGGGGCTCATGAGCCGACTC,0,3965558
xdhAp1,0.25,3,3,GGGGGCTACTTTTGGATCCA,0,3949569
xdhAp1,0.25,3,3,GGGGGACTTCATTGCTGTAA,0,3973676
xdhAp1,0.25,3,3,GGGGGACGCTTAAATGAATT,0,3940834
xdhAp1,0.25,3,3,GGGGCTCTGAAGGCATGTTT,0,3978622
xdhAp1,0.25,3,3,GGGGCCATGTCTCATACAAA,0,3972995
xdhAp1,0.25,3,3,GGGCTTACTCACAACACCTC,0,3948609
xdhAp1,0.25,3,3,GGGCTCCCATCGTGATGGTT,0,3965100
xdhAp1,0.25,3,3,GGGCTCCACCTGGCAAAGTC,0,3974943
xdhAp1,0.25,3,3,GGGCGTTTCGTGAATGCCAG,0,3951070
xdhAp1,0.25,3,3,GGGCACCTAATTTGGCGTCC,0,3973281
xdhAp1,0.25,3,3,GGGATTCATGCGGTTCCAGC,0,3943698
xdhAp1,0.25,3,3,GGGAGCCGTACGCCCTCCGG,0,3976241
xdhAp1,0.25,3,3,GGGACAAACAGGCAACCACG,0,3938750
xdhAp1,0.25,3,3,GGCTTCAATAGTGTATTCTA,0,3954015
xdhAp1,0.25,3,3,GGCTTAAGTTGCACTCAACT,0,3968773
xdhAp1,0.25,3,3,GGCTGCGGCTGCCCGAGGCC,0,3960103
xdhAp1,0.25,3,3,GGCTCCCTAGCTCGGTGAAA,0,3959971
xdhAp1,0.25,3,3,GGCTCAGCAGCAATAGCGTT,0,3948291
xdhAp1,0.25,3,3,GGCTATTCCCAGTTCTGCTG,0,3954618
xdhAp1,0.25,3,3,GGCTATAACTACTCTACTCA,0,3932588
xdhAp1,0.25,3,3,GGCTATAACAGTAGCGGTAA,0,3951748
xdhAp1,0.25,3,3,GGCTAGTCAGTTGTTCGATC,0,3936532
xdhAp1,0.25,3,3,GGCTAGATGAATCGAGCCCT,0,3943851
xdhAp1,0.25,3,3,GGCTAATTCGAGCCATGGAT,0,3979476
xdhAp1,0.25,3,3,GGCGTTTGTATCATTCTCGC,0,3970700
xdhAp1,0.25,3,3,GGCGCTCTTGAACTATCGTG,0,3964116
xdhAp1,0.25,3,3,GGCGCTCATCACACTTGCCG,0,3981519
xdhAp1,0.25,3,3,GGCGCGGGTGCACGCCTCAA,0,3962812
xdhAp1,0.25,3,3,GGCGCGATCGTTTCGTCTCA,0,3953430
xdhAp1,0.25,3,3,GGCGCGAGATCAGGACAAGA,0,3938932
xdhAp1,0.25,3,3,GGCGCAGGTGGTTTTGAATT,0,3937114
xdhAp1,0.25,3,3,GGCGCAGCGCTGTCAAGATT,0,3978475
xdhAp1,0.25,3,3,GGCGATGTGCTTGAGGTCTA,0,3949499
xdhAp1,0.25,3,3,GGCGATCCTCTACCGATTCA,0,3963579
xdhAp1,0.25,3,3,GGCGAAACACCAAATCGAAG,0,3957576
xdhAp1,0.25,3,3,GGCCGGGACTGCCCTTTTCT,0,3981083
xdhAp1,0.25,3,3,GGCCCTTAGACAAAATCGAA,0,3970897
xdhAp1,0.25,3,3,GGCCAAATTTCCCGGCCCGC,0,3930370
xdhAp1,0.25,3,3,GGCATTTAAGTGCTCGGAAG,0,3930978
xdhAp1,0.25,3,3,GGCATTGGAACTATCTCATT,0,3946018
xdhAp1,0.25,3,3,GGCATTGATTGTGAGATTCC,0,3943525
xdhAp1,0.25,3,3,GGCAGCTGTACTTTTAGGTC,0,3930381
xdhAp1,0.25,3,3,GGCACTTTTATTTAGGTGGG,0,3934831
xdhAp1,0.25,3,3,GGCACTTATGTAACCGGTTG,0,3946469
xdhAp1,0.25,3,3,GGATTACGTCTGTCCAGCAG,0,3951703
xdhAp1,0.25,3,3,GGAGTTCAAATGGTTCTTAC,0,3933707
xdhAp1,0.25,3,3,GGAGGGTACTCCCTCAACTC,0,3933529
xdhAp1,0.25,3,3,GGAGATCTAACTGTGCCCTC,0,3963658
xdhAp1,0.25,3,3,GGAGAGGATGTGTTATCGAG,0,3953209
xdhAp1,0.25,3,3,GGACTAGGCTAAAGGTTTTC,0,3976575
xdhAp1,0.25,3,3,GGACGGCATCACGCAAACAT,0,3946638
xdhAp1,0.25,3,3,GGACGCTTCCTATGTTGTGT,0,3944138
xdhAp1,0.25,3,3,GGACCGTCTCAGAGTTTCCC,0,3954464
xdhAp1,0.25,3,3,GGACATGCCTGCGTAGCACA,0,3964277
xdhAp1,0.25,3,3,GGACAAATCGTCCGGCTCCA,0,3930282
xdhAp1,0.25,3,3,GGAAGGGCCAAAATGTGAAA,0,3937732
xdhAp1,0.25,3,3,GGAACGTCCGTACTAGGATG,0,3969200
xdhAp1,0.25,3,3,GGAACCCTACCGATCAACGG,0,3961657
xdhAp1,0.25,3,3,GGAAAAAACCGGATCTAAGC,0,3935118
xdhAp1,0.25,3,3,GCTTGCCTTTGGGCACCGCA,0,3966603
xdhAp1,0.25,3,3,GCTTCTACGTCATTGAGTGT,0,3974346
xdhAp1,0.25,3,3,GCTTATCTATGTCCCCTGAG,0,3952508
xdhAp1,0.25,3,3,GCTTACGCACCTTTAGACCC,0,3956451
xdhAp1,0.25,3,3,GCTGTGTCCCAGAATCGAGA,0,3948379
xdhAp1,0.25,3,3,GCTGTATAACGATCGGGCGT,0,3945939
xdhAp1,0.25,3,3,GCTGGCCCCACTGGCCAATC,0,3962679
xdhAp1,0.25,3,3,GCTGAAGTGGTGGCGACCGC,0,3964037
xdhAp1,0.25,3,3,GCTCTGTTCGCTCCAACTGT,0,3964550
xdhAp1,0.25,3,3,GCTCCGCGTGTTCGCTCGTT,0,3979725
xdhAp1,0.25,3,3,GCTCAGGCTGGTATATTCGG,0,3943163
xdhAp1,0.25,3,3,GCTCAAGCTATTACGAGCGG,0,3977024
xdhAp1,0.25,3,3,GCTATCTTATAAAGGTTAGT,0,3957906
xdhAp1,0.25,3,3,GCTAGTACGCGACGTTGCAA,0,3946570
xdhAp1,0.25,3,3,GCTAGCGATGGTCAAAGTCG,0,3953162
xdhAp1,0.25,3,3,GCTACGGAGCTTATCCTCGT,0,3976966
xdhAp1,0.25,3,3,GCTAATCCGCCGTGTCGAGC,0,3976786
xdhAp1,0.25,3,3,GCGTGGCAGTATGCCCGGGA,0,3967434
xdhAp1,0.25,3,3,GCGTGCAGTGGATCAGTAGG,0,3981320
xdhAp1,0.25,3,3,GCGTCTCGCAAAACCAAACA,0,3947456
xdhAp1,0.25,3,3,GCGTCGCTGCACCGGGCGAT,0,3951577
xdhAp1,0.25,3,3,GCGTATATTAACCGTTAAAA,0,3959940
xdhAp1,0.25,3,3,GCGTAGAGAATTAAAGGTTT,0,3954985
xdhAp1,0.25,3,3,GCGTACCTTTCTATTGAGTA,0,3937425
xdhAp1,0.25,3,3,GCGGTTTGCGTGGGTCTATG,0,3942560
xdhAp1,0.25,3,3,GCGGGTGCAGAATCCGGTGA,0,3935296
xdhAp1,0.25,3,3,GCGGGGAATGTTGTAGAGCT,0,3957729
xdhAp1,0.25,3,3,GCGGCATTTAATCATACGAT,0,3949623
xdhAp1,0.25,3,3,GCGGCAATCTGGCTAGAGGT,0,3936081
xdhAp1,0.25,3,3,GCGCTTACTACACCTCATAA,0,3947186
xdhAp1,0.25,3,3,GCGCTGCCGTCCTCGATCTA,0,3944490
xdhAp1,0.25,3,3,GCGCTACCGGTCAGTTCGAT,0,3934862
xdhAp1,0.25,3,3,GCGCCTGTTTCTACCCCAAG,0,3957009
xdhAp1,0.25,3,3,GCGCACCGTACCGTAAGGCC,0,3968967
xdhAp1,0.25,3,3,GCGATGCCGGCGGTTTCGGA,0,3932698
xdhAp1,0.25,3,3,GCGAGTATCCATAGCACTCG,0,3931212
xdhAp1,0.25,3,3,GCGACTATGATCAGTATAGC,0,3937376
xdhAp1,0.25,3,3,GCGACGCATACTACTACCCA,0,3970611
xdhAp1,0.25,3,3,GCGAAGCTGATTTGTACAAA,0,3962727
xdhAp1,0.25,3,3,GCGAAGCCCGGAGCCCGCCG,0,3943586
xdhAp1,0.25,3,3,GCGAAACGGGCTGTTCGCGC,0,3965685
xdhAp1,0.25,3,3,GCCTCCTAATCGCACTAAAT,0,3931202
xdhAp1,0.25,3,3,GCCTATGCTTTGTTCTCGCT,0,3952460
xdhAp1,0.25,3,3,GCCTAGCATATTAATTATGA,0,3952444
xdhAp1,0.25,3,3,GCCTAACAGGTTTTCGAAAT,0,3971402
xdhAp1,0.25,3,3,GCCGCTAGCTTCGATATCTA,0,3978484
xdhAp1,0.25,3,3,GCCGCGTTCGGCGATCGGAG,0,3943873
xdhAp1,0.25,3,3,GCCGCCTGAGATGTGTCTGT,0,3961995
xdhAp1,0.25,3,3,GCCCTCAATATCGGCCTGAG,0,3934572
xdhAp1,0.25,3,3,GCCCCATGCAGGTTCTGGGT,0,3930917
xdhAp1,0.25,3,3,GCCCAGAGCTCGAGCACCAC,0,3958648
xdhAp1,0.25,3,3,GCCCACTAATCTACCCTACG,0,3964592
xdhAp1,0.25,3,3,GCCAGGGACGTGTGTTTTAT,0,3937999
xdhAp1,0.25,3,3,GCCACTCTCGATAAGGGCGA,0,3970353
xdhAp1,0.25,3,3,GCCAACGGCGGAGACCGCGC,0,3939885
xdhAp1,0.25,3,3,GCATGTAGAGAAACGTAGCT,0,3945326
xdhAp1,0.25,3,3,GCATCCTCAACTTCGGTATT,0,3941409
xdhAp1,0.25,3,3,GCAGTCTAATGAGGATAGGT,0,3939216
xdhAp1,0.25,3,3,GCAGTCCTCGGTGGGTGACG,0,3943618
xdhAp1,0.25,3,3,GCAGGCATGCAGTCGCATTT,0,3976578
xdhAp1,0.25,3,3,GCAGAGCCCGGAACACCCCA,0,3935799
xdhAp1,0.25,3,3,GCACTCGTTAAACGTCAACA,0,3979896
xdhAp1,0.25,3,3,GCACCATCCGGCTGATGCGA,0,3962966
xdhAp1,0.25,3,3,GCACCACTGACTAGGGAACT,0,3958454
xdhAp1,0.25,3,3,GCACATGTTGGCCCACTCGT,0,3961882
xdhAp1,0.25,3,3,GCACATACGAGCAGGTATCG,0,3970417
xdhAp1,0.25,3,3,GCACAACGTGTAGCGGTGAT,0,3943648
xdhAp1,0.25,3,3,GCACAAACCCATAAAGACCT,0,3943246
xdhAp1,0.25,3,3,GCAAGATGGAAATCCGCCGT,0,3963421
xdhAp1,0.25,3,3,GCAACCGTGTCTGACGGGCA,0,3969255
xdhAp1,0.25,3,3,GCAAAGGGGTCAGCCAGCTA,0,3940300
xdhAp1,0.25,3,3,GATTTTGCACGGGCGTTCCC,0,3938006
xdhAp1,0.25,3,3,GATTCCGTTGGTACAAGGAT,0,3978894
xdhAp1,0.25,3,3,GATGGCGGTATACGTCCCTA,0,3954410
xdhAp1,0.25,3,3,GATGAGGTTTCTAAGTCTGC,0,3934918
xdhAp1,0.25,3,3,GATCGTACTATACAGCCGAA,0,3932109
xdhAp1,0.25,3,3,GATCGCAACGATGGACAGGA,0,3962642
xdhAp1,0.25,3,3,GATCGACAGTAGGGCGCCTC,0,3973274
xdhAp1,0.25,3,3,GATATGTCCCCTCGTACCGC,0,3943910
xdhAp1,0.25,3,3,GATATCTGGACTGACGTCTT,0,3949479
xdhAp1,0.25,3,3,GATATCACGGGATACAACGT,0,3943384
xdhAp1,0.25,3,3,GATATACCGTGTTGCGCTAC,0,3944375
xdhAp1,0.25,3,3,GATAGGATTCTATCAGAGGA,0,3932381
xdhAp1,0.25,3,3,GATACCAAAGGCTGTGGAAC,0,3972345
xdhAp1,0.25,3,3,GATAATAGTCTATGGGAGAG,0,3955101
xdhAp1,0.25,3,3,GATAACCGTAGACACTGAGA,0,3948412
xdhAp1,0.25,3,3,GAGTTTACGGCTGACACTGA,0,3967839
xdhAp1,0.25,3,3,GAGTGACCGAAAAAAAGGAA,0,3971918
xdhAp1,0.25,3,3,GAGTCCCGGAGAGTGGCGTG,0,3938210
xdhAp1,0.25,3,3,GAGTCCATTTAAAAGTTGAG,0,3955145
xdhAp1,0.25,3,3,GAGTATTTAGTCCCAACTAT,0,3966659
xdhAp1,0.25,3,3,GAGGGCTCGATAGCGTTACA,0,3971704
xdhAp1,0.25,3,3,GAGGCCTTCCCTGACACTTT,0,3968801
xdhAp1,0.25,3,3,GAGGATACCATGAAAGGTGG,0,3935814
xdhAp1,0.25,3,3,GAGCGCATCCTGATGCCGGC,0,3933893
xdhAp1,0.25,3,3,GAGCGATGTAAAGAGGGGCA,0,3959939
xdhAp1,0.25,3,3,GAGCAATTTGTTTCATAATA,0,3968471
xdhAp1,0.25,3,3,GAGATGAAGCGCACCTCGCT,0,3938821
xdhAp1,0.25,3,3,GAGAGACTGGGGAACGAACT,0,3958292
xdhAp1,0.25,3,3,GACTGTACGTATGCATCCAC,0,3978713
xdhAp1,0.25,3,3,GACTCGGGCATCCCAGCTTC,0,3967159
xdhAp1,0.25,3,3,GACTCATACGTGTTTTAAAA,0,3944024
xdhAp1,0.25,3,3,GACTAAATGGAAACATGTTA,0,3967981
xdhAp1,0.25,3,3,GACGGTTGTACATACGGTGA,0,3963192
xdhAp1,0.25,3,3,GACGGCGCGTCCCAATTCAC,0,3939452
xdhAp1,0.25,3,3,GACGGATCTTTAATGTTTAA,0,3929858
xdhAp1,0.25,3,3,GACGCGGACCTCCGGATTGT,0,3946875
xdhAp1,0.25,3,3,GACCTGTTGTCTCAAAGCGT,0,3948823
xdhAp1,0.25,3,3,GACACGCACTGTTATTAGGA,0,3959250
xdhAp1,0.25,3,3,GAATGTTAATCTGTGTCAGT,0,3932976
xdhAp1,0.25,3,3,GAATGATGGCAGGACAGAAT,0,3950327
xdhAp1,0.25,3,3,GAATCGTCCGACTTTAGACT,0,3972281
xdhAp1,0.25,3,3,GAATACGGTCGCCAAGCGAT,0,3977911
xdhAp1,0.25,3,3,GAAGTTCGTCGCTCGACAAC,0,3964437
xdhAp1,0.25,3,3,GAAGATAGTGGATAAACTAT,0,3956194
xdhAp1,0.25,3,3,GAACTGAGGGTCTGTCTCTT,0,3970130
xdhAp1,0.25,3,3,GAACTCAATCTTTTTAGAAG,0,3941462
xdhAp1,0.25,3,3,GAAATCTGACGGGGAGTGGG,0,3968636
xdhAp1,0.25,3,3,GAAATCGAATCAGCGATAGT,0,3931492
xdhAp1,0.25,3,3,GAAATCACATGAAATCATGT,0,3938382
xdhAp1,0.25,3,3,GAAATATATCACAACTACCA,0,3960371
xdhAp1,0.25,3,3,GAAAACAGGATTAATGGGAT,0,3958176
xdhAp1,0.25,3,3,GAAAACACGGGGTCGTCGGT,0,3932264
xdhAp1,0.25,3,3,CTTGTGTATGATAATAGGCT,0,3962039
xdhAp1,0.25,3,3,CTTGTATAGTGGGGCCGTTC,0,3965016
xdhAp1,0.25,3,3,CTTGGGCCAGTCATATAGTA,0,3971394
xdhAp1,0.25,3,3,CTTGCTGTGGGGCTTCTTTT,0,3945699
xdhAp1,0.25,3,3,CTTGCATAGATACCGTGCTT,0,3959564
xdhAp1,0.25,3,3,CTTGCAGATTGAGATCTGAG,0,3950257
xdhAp1,0.25,3,3,CTTCTGGTATGGGCCTCTAG,0,3938574
xdhAp1,0.25,3,3,CTTCTGGAACTGAGCTTGCT,0,3964069
xdhAp1,0.25,3,3,CTTCCCTGAGCTATAGACGA,0,3952545
xdhAp1,0.25,3,3,CTTCCCCCAGGCTATCAAGG,0,3939656
xdhAp1,0.25,3,3,CTTCATAAGACAGAAAAAGT,0,3932580
xdhAp1,0.25,3,3,CTTCAATTTTAAGCACGGTA,0,3974702
xdhAp1,0.25,3,3,CTTATACTAGATGAATTAAC,0,3965894
xdhAp1,0.25,3,3,CTTAGGTGTCCTGTCATGTC,0,3971610
xdhAp1,0.25,3,3,CTTAGCATAATAGGTCTGTG,0,3949544
xdhAp1,0.25,3,3,CTTACTACTTGGTAGACAGC,0,3979157
xdhAp1,0.25,3,3,CTTAAGATTGAATTGGCCAT,0,3939045
xdhAp1,0.25,3,3,CTGTTTCGGTGAGGGGGATG,0,3974300
xdhAp1,0.25,3,3,CTGTTTACAAAATCTGGGGT,0,3937674
xdhAp1,0.25,3,3,CTGTTCCTAGGTCGGGATTG,0,3943965
xdhAp1,0.25,3,3,CTGTCCTTTGTGAGAGAATG,0,3980491
xdhAp1,0.25,3,3,CTGTCCCTACTACACCCAGC,0,3928954
xdhAp1,0.25,3,3,CTGGTTCTTTAGTCTATCCA,0,3973193
xdhAp1,0.25,3,3,CTGGGGTGGTGCGGACAATG,0,3953106
xdhAp1,0.25,3,3,CTGGCATGAACGTCGGCTCG,0,3981126
xdhAp1,0.25,3,3,CTGGACCGTCGGCGACTTAT,0,3975919
xdhAp1,0.25,3,3,CTGCTTCTCAAATACGTCTT,0,3954762
xdhAp1,0.25,3,3,CTGCTGGGTGCATATTGTAG,0,3941035
xdhAp1,0.25,3,3,CTGCTCAGCACGCGATCCGG,0,3949578
xdhAp1,0.25,3,3,CTGCGCCCAAGATACCGGTC,0,3940189
xdhAp1,0.25,3,3,CTGCGAGTAGTATGGTGTCA,0,3958964
xdhAp1,0.25,3,3,CTGCCATGTCTAACTACAGT,0,3938767
xdhAp1,0.25,3,3,CTGCCATCTTGCGTCTGGGC,0,3935925
xdhAp1,0.25,3,3,CTGATTTGCGCTGTATTAAC,0,3951582
xdhAp1,0.25,3,3,CTGAGCGTGCTTTATGGATA,0,3949406
xdhAp1,0.25,3,3,CTGAGCCCTGCATGCGCGGT,0,3956832
xdhAp1,0.25,3,3,CTCTGGATATCGCGTGAGAT,0,3957537
xdhAp1,0.25,3,3,CTCTCTAAATAGTATCCGTT,0,3932875
xdhAp1,0.25,3,3,CTCTCGTTCACGTCCGTCAA,0,3980998
xdhAp1,0.25,3,3,CTCTCAATTGGCTAAAGTCA,0,3964435
xdhAp1,0.25,3,3,CTCGTGATCCCGGTGGCAGT,0,3958628
xdhAp1,0.25,3,3,CTCGGGCCACCCAAGGTATG,0,3980739
xdhAp1,0.25,3,3,CTCGCCGAGCAATGGCGACT,0,3953484
xdhAp1,0.25,3,3,CTCCGTTACCTTAGACTATA,0,3953103
xdhAp1,0.25,3,3,CTCATGACATCGCTCAATGG,0,3973476
xdhAp1,0.25,3,3,CTCATAATAAAAGGCGGGCA,0,3937256
xdhAp1,0.25,3,3,CTCAGGGTAGACGCCTTATG,0,3962698
xdhAp1,0.25,3,3,CTCACTGCTACGGGTTTGTC,0,3950796
xdhAp1,0.25,3,3,CTCACGGCAAGCATTACGAA,0,3947523
xdhAp1,0.25,3,3,CTATTATGCTCGTTGCGACG,0,3961173
xdhAp1,0.25,3,3,CTATTAACACAGTCGCATTT,0,3949496
xdhAp1,0.25,3,3,CTATGGTCGGCGAGTTATTC,0,3958319
xdhAp1,0.25,3,3,CTATGCAAATGGACTAAGTC,0,3941675
xdhAp1,0.25,3,3,CTATATGACACGGCAAAGTG,0,3968721
xdhAp1,0.25,3,3,CTATAATTGTGACGTCCTGT,0,3973063
xdhAp1,0.25,3,3,CTATAATTCGACTACCTAGA,0,3957031
xdhAp1,0.25,3,3,CTAGTGAGTTATCTAGTCAG,0,3973605
xdhAp1,0.25,3,3,CTAGGAAAGGTCGATCGTAT,0,3951111
xdhAp1,0.25,3,3,CTAGCCGCGTCAGCGTAACC,0,3965280
xdhAp1,0.25,3,3,CTAGAATTAAGGTGTTGGAA,0,3936795
xdhAp1,0.25,3,3,CTACCCGGTACAAGCGCCCC,0,3950087
xdhAp1,0.25,3,3,CTACCCGAATCTTCTGCCGA,0,3941490
xdhAp1,0.25,3,3,CTAATTTGTTTCGCTACTAG,0,3933985
xdhAp1,0.25,3,3,CTAATTACTCATTCTTCATA,0,3947172
xdhAp1,0.25,3,3,CTAAGCTGTTTTTTAATCCC,0,3968110
xdhAp1,0.25,3,3,CTAACTTGGATGCACCCTTA,0,3967903
xdhAp1,0.25,3,3,CTAAAGAAACCATGAGAGAT,0,3965101
xdhAp1,0.25,3,3,CTAAAACAAGTATACGCGTC,0,3951920
xdhAp1,0.25,3,3,CGTTTTCATGGTGGATACCT,0,3962077
xdhAp1,0.25,3,3,CGTTTCGGAGCGTGAACCAA,0,3958335
xdhAp1,0.25,3,3,CGTTTATCAAGGCAAGGATC,0,3934586
xdhAp1,0.25,3,3,CGTTGACTCAAAGGGCGCTA,0,3959209
xdhAp1,0.25,3,3,CGTTAGCGCGCGTCAGCTAT,0,3981138
xdhAp1,0.25,3,3,CGTGTGATTTGTGTTGGCCT,0,3975875
xdhAp1,0.25,3,3,CGTGTCGATATTTAAAGCTA,0,3969860
xdhAp1,0.25,3,3,CGTGTATTACTCTTAGCGCT,0,3958193
xdhAp1,0.25,3,3,CGTGTACAGTGTAATTGCCC,0,3950523
xdhAp1,0.25,3,3,CGTGCACAACTGACAGATTA,0,3949476
xdhAp1,0.25,3,3,CGTGATAAACTGTGCATTGA,0,3965704
xdhAp1,0.25,3,3,CGTGACCATTTGACGATGAT,0,3953231
xdhAp1,0.25,3,3,CGTCTGGCCGGGGGTGGCAG,0,3938403
xdhAp1,0.25,3,3,CGTCTGCGCTCTGCCATCTT,0,3970494
xdhAp1,0.25,3,3,CGTCATAGCCCTGTAAGGCG,0,3931267
xdhAp1,0.25,3,3,CGTATGAGCCCTAGGCAGAT,0,3973779
xdhAp1,0.25,3,3,CGTACTCAACTGGTTTAGGT,0,3939641
xdhAp1,0.25,3,3,CGGTTGTCCAACCGGTTACA,0,3939688
xdhAp1,0.25,3,3,CGGTTCGGACGTACGCTTGC,0,3945455
xdhAp1,0.25,3,3,CGGTTCCCCCGGCCAGCGAT,0,3969491
xdhAp1,0.25,3,3,CGGTGGCTCACGATTATCGG,0,3979864
xdhAp1,0.25,3,3,CGGTCCGTACCTGGAATATC,0,3943865
xdhAp1,0.25,3,3,CGGTCCCCCAGCCGGTAACC,0,3948572
xdhAp1,0.25,3,3,CGGTACTCCGCGATTGCCCC,0,3930391
xdhAp1,0.25,3,3,CGGGTTGGACACGGGTACAA,0,3970443
xdhAp1,0.25,3,3,CGGGTGCTAAGGCGACTGCA,0,3966307
xdhAp1,0.25,3,3,CGGGTAGTCCCATCAATCTA,0,3970587
xdhAp1,0.25,3,3,CGGGATGGCGACTGCAAAAA,0,3941505
xdhAp1,0.25,3,3,CGGCGTCGCGGCGTCTCAGA,0,3957231
xdhAp1,0.25,3,3,CGGCGCGATTAGAGGCGCGG,0,3972717
xdhAp1,0.25,3,3,CGGCCTCCGGTTTAAGCTCA,0,3957166
xdhAp1,0.25,3,3,CGGCCGTACGGTTACGCAAA,0,3944061
xdhAp1,0.25,3,3,CGGCCAAGAGCCGCGCTTAC,0,3943828
xdhAp1,0.25,3,3,CGGCACCCTACTGTCATCCA,0,3978386
xdhAp1,0.25,3,3,CGGCAACTATGTAGCAGGCC,0,3961880
xdhAp1,0.25,3,3,CGGATCTACCTCAACCAACA,0,3949967
xdhAp1,0.25,3,3,CGGAGTACATGGGACGACTA,0,3931737
xdhAp1,0.25,3,3,CGGACGGAAGTGCGGTTCAG,0,3952088
xdhAp1,0.25,3,3,CGGACGCTGCCGGTGTGTCA,0,3931104
xdhAp1,0.25,3,3,CGGACATGAATCGTAAATAG,0,3977856
xdhAp1,0.25,3,3,CGGAATGGAGTAGGGCTGCG,0,3961191
xdhAp1,0.25,3,3,CGGAACTTAACGAGTCAAAG,0,3962682
xdhAp1,0.25,3,3,CGGAACCCTACACCTAGCTG,0,3974475
xdhAp1,0.25,3,3,CGCTTTCCGGGCGTTATCGT,0,3930228
xdhAp1,0.25,3,3,CGCTCCATTATGTCTGGGCA,0,3944808
xdhAp1,0.25,3,3,CGCTAAAATGCGGGGCACTG,0,3946127
xdhAp1,0.25,3,3,CGCGTCTGGACCGTCAATGC,0,3975565
xdhAp1,0.25,3,3,CGCGTACGCTTTCATTGTGC,0,3961194
xdhAp1,0.25,3,3,CGCGTAAAGGGTATTTAAGG,0,3963970
xdhAp1,0.25,3,3,CGCGGTGTGGTTGCAGCCAG,0,3970922
xdhAp1,0.25,3,3,CGCGGGTCTCCTTGCAGATT,0,3943472
xdhAp1,0.25,3,3,CGCGCGAGCAGATAACAGGT,0,3968209
xdhAp1,0.25,3,3,CGCCTTTGCACGGGCGCTGT,0,3931288
xdhAp1,0.25,3,3,CGCCTCACAGTCGAGTAAAG,0,3977772
xdhAp1,0.25,3,3,CGCCGGTTGGCGGAAACAAT,0,3932990
xdhAp1,0.25,3,3,CGCCGCACGGGAAGTCGCCT,0,3939037
xdhAp1,0.25,3,3,CGCCCCTCGTCAAGATCGAC,0,3935391
xdhAp1,0.25,3,3,CGCCATAAAGAACCCGTTGA,0,3979012
xdhAp1,0.25,3,3,CGCCAGAGAGTCTCTGAGTG,0,3980098
xdhAp1,0.25,3,3,CGCAGGCTGTATGTCCGGGC,0,3957936
xdhAp1,0.25,3,3,CGCACGTTCAATTGAGTACC,0,3941635
xdhAp1,0.25,3,3,CGATTTATGGTGGGCGTCAA,0,3958395
xdhAp1,0.25,3,3,CGATTCGCCGGCCGAAGTCA,0,3955375
xdhAp1,0.25,3,3,CGATTAATTCGGAGGCAGTA,0,3952176
xdhAp1,0.25,3,3,CGATGCTCTCCCTATGTCTA,0,3947809
xdhAp1,0.25,3,3,CGATGCGAACCAGCCTGGTT,0,3945772
xdhAp1,0.25,3,3,CGATCCCAGGTGGAACTTGC,0,3980095
xdhAp1,0.25,3,3,CGATATAAAGGGTTCTCACA,0,3956806
xdhAp1,0.25,3,3,CGATAGCTTGATTTGCCAGT,0,3964101
xdhAp1,0.25,3,3,CGAGTATGAACATGGTTTCA,0,3954461
xdhAp1,0.25,3,3,CGAGGTCAGCAACGAACCGT,0,3956264
xdhAp1,0.25,3,3,CGAGAGTTATGGGGGCGACT,0,3972492
xdhAp1,0.25,3,3,CGACTGAGCCTTTGTACCTT,0,3965570
xdhAp1,0.25,3,3,CGACACTCCAGTTGACCTCC,0,3951150
xdhAp1,0.25,3,3,CGAATGACTGAGAATCTCCA,0,3973601
xdhAp1,0.25,3,3,CGAATCTTGAACATTAGCGG,0,3980532
xdhAp1,0.25,3,3,CGAAGTATCTTTGAGTCGCC,0,3947464
xdhAp1,0.25,3,3,CGAAGGACGGTATCCATCGA,0,3938313
xdhAp1,0.25,3,3,CGAAATGCCACCGCCCACAA,0,3930468
xdhAp1,0.25,3,3,CGAAAAGAAGGACACGAGAG,0,3956004
xdhAp1,0.25,3,3,CCTTTTTCGTAAGAGTATCC,0,3976856
xdhAp1,0.25,3,3,CCTTGCAGGGAGTAGCATGT,0,3981209
xdhAp1,0.25,3,3,CCTTCTAGTGGTACGCGGGC,0,3939408
xdhAp1,0.25,3,3,CCTTCAGGGGGGTTCGCCCC,0,3974036
xdhAp1,0.25,3,3,CCTTAGTGTGCGCTCCCATT,0,3951684
xdhAp1,0.25,3,3,CCTTAATGTTATCTTACAGA,0,3931159
xdhAp1,0.25,3,3,CCTGGTCACTTAGTGTGGAA,0,3969723
xdhAp1,0.25,3,3,CCTGGGAACGGTCACAAGGC,0,3943441
xdhAp1,0.25,3,3,CCTGGATGTCGGTCGTGAAA,0,3953220
xdhAp1,0.25,3,3,CCTGCTCCATTGATGTGTGC,0,3946384
xdhAp1,0.25,3,3,CCTGACGTGAGCGTTCGAGC,0,3949143
xdhAp1,0.25,3,3,CCTCTGTGGCTGTGAGGGTC,0,3945848
xdhAp1,0.25,3,3,CCTCTCTGGGTGCGGGCAAG,0,3978960
xdhAp1,0.25,3,3,CCTCTCGGGAATACCATGCC,0,3958186
xdhAp1,0.25,3,3,CCTCGGGCTCGGACCTAACC,0,3944662
xdhAp1,0.25,3,3,CCTCGCTGCTGATAGGATGG,0,3940679
xdhAp1,0.25,3,3,CCTCAGGATTTCTAGTGAGG,0,3943431
xdhAp1,0.25,3,3,CCTATGTGTATGTTCCAGTC,0,3959174
xdhAp1,0.25,3,3,CCTATATGAGAACTCTCCAG,0,3938009
xdhAp1,0.25,3,3,CCTACGTTCAACCCCCTACT,0,3970830
xdhAp1,0.25,3,3,CCGTTCCGTAGGGATCAATT,0,3952420
xdhAp1,0.25,3,3,CCGTGCTCCTAATCCCCCGA,0,3934378
xdhAp1,0.25,3,3,CCGTCTACAATCCCTTCCGA,0,3945759
xdhAp1,0.25,3,3,CCGTCGAGATCTTAGGACCC,0,3957030
xdhAp1,0.25,3,3,CCGTAGTAAGGTGGTAACTG,0,3934045
xdhAp1,0.25,3,3,CCGGTGGTGGAAAGTGAAGA,0,3932836
xdhAp1,0.25,3,3,CCGGGTACTTCAGTCGAACA,0,3941145
xdhAp1,0.25,3,3,CCGGGCGTCGATTCGTTTGG,0,3959004
xdhAp1,0.25,3,3,CCGGCACGTTTAGCCCCAGC,0,3969417
xdhAp1,0.25,3,3,CCGGCAAACGCATCTTAGGG,0,3966029
xdhAp1,0.25,3,3,CCGGAATGCGACGGAGCAAA,0,3942673
xdhAp1,0.25,3,3,CCGCGGCCGCACGACGAGAT,0,3964743
xdhAp1,0.25,3,3,CCGCGAGCCGCATTCAATCT,0,3972493
xdhAp1,0.25,3,3,CCGCCGTGGACAACCCATAG,0,3936325
xdhAp1,0.25,3,3,CCGCCAAGTGTGGGTAACAG,0,3953302
xdhAp1,0.25,3,3,CCGCATCAGGAACGTAGCAG,0,3970069
xdhAp1,0.25,3,3,CCGCACTAAGGGAGCGCTAC,0,3972761
xdhAp1,0.25,3,3,CCGCAAACGACACCGTTTAA,0,3961600
xdhAp1,0.25,3,3,CCGAACGTCTGTCGCTTCAA,0,3941797
xdhAp1,0.25,3,3,CCCTTTGGGGGCCGCATAAA,0,3929399
xdhAp1,0.25,3,3,CCCTTTGCCATCCTGAGGTC,0,3948494
xdhAp1,0.25,3,3,CCCTTATGGGATCCTAGGGC,0,3959076
xdhAp1,0.25,3,3,CCCTGGTTAAATTATGATTG,0,3945009
xdhAp1,0.25,3,3,CCCTCGACACGGACCAGGTC,0,3970674
xdhAp1,0.25,3,3,CCCTACTGTGCTCATTTTAT,0,3970752
xdhAp1,0.25,3,3,CCCGTCCCTTCGGGCGTCTG,0,3973885
xdhAp1,0.25,3,3,CCCGCGGGTTTCGGTCACTT,0,3929961
xdhAp1,0.25,3,3,CCCGCGCCTCAAATCTTTGT,0,3966296
xdhAp1,0.25,3,3,CCCCTGAAAGTCGAGCTGCG,0,3966362
xdhAp1,0.25,3,3,CCCCTACGCTATATGTTTGT,0,3953962
xdhAp1,0.25,3,3,CCCCGTAAGGCACCGGACGG,0,3952173
xdhAp1,0.25,3,3,CCCCGATTCACGCCGATGGC,0,3958649
xdhAp1,0.25,3,3,CCCCCGAAGTACTTTAATCA,0,3941748
xdhAp1,0.25,3,3,CCCCCAACCTCCAAGCCGAC,0,3951468
xdhAp1,0.25,3,3,CCCATGCTCCCATATAAGTG,0,3980540
xdhAp1,0.25,3,3,CCCAGATTACCATATTGAAG,0,3947717
xdhAp1,0.25,3,3,CCCAAGAACCGTCTATTTAA,0,3966433
xdhAp1,0.25,3,3,CCATTCGTCAGCGGTTACCA,0,3937176
xdhAp1,0.25,3,3,CCATTACCCAGGCTTGTTAT,0,3942635
xdhAp1,0.25,3,3,CCATGGATGCGGCTGACGGA,0,3960222
xdhAp1,0.25,3,3,CCAGTTTATGGAAAAGATCT,0,3974696
xdhAp1,0.25,3,3,CCAGTTTATGCTGGAAAGGG,0,3936955
xdhAp1,0.25,3,3,CCAGTCCTTCATAGGAACTA,0,3957878
xdhAp1,0.25,3,3,CCAGTCACCGCGCACACTGC,0,3959520
xdhAp1,0.25,3,3,CCAGGTACGGCCATTGGCTT,0,3953382
xdhAp1,0.25,3,3,CCAGGGTGTAAATCTTAGCC,0,3978233
xdhAp1,0.25,3,3,CCAGGCTCCGCGTGGAGTAC,0,3950774
xdhAp1,0.25,3,3,CCAGCGCTGTGACCGTATGG,0,3972915
xdhAp1,0.25,3,3,CCAGACATATATGGTCAGGT,0,3946837
xdhAp1,0.25,3,3,CCACATTTGGTAACACAGAC,0,3980845
xdhAp1,0.25,3,3,CCACATCGTTAAATGGGTGC,0,3970301
xdhAp1,0.25,3,3,CCAATATGGATAGGAAAGTA,0,3963013
xdhAp1,0.25,3,3,CCAAGTTTCTCGTACGGCGC,0,3942035
xdhAp1,0.25,3,3,CCAAGCGCACCAATGCTATT,0,3965692
xdhAp1,0.25,3,3,CCAACTTTGGCGAGGGGTAT,0,3965879
xdhAp1,0.25,3,3,CCAACCCTAACGTAATAAAA,0,3979654
xdhAp1,0.25,3,3,CATTGTCCACTGAAGGAAGT,0,3958684
xdhAp1,0.25,3,3,CATTGATTTGATCCGGCCCA,0,3980224
xdhAp1,0.25,3,3,CATTCTCTGTTATCCGAGGC,0,3954394
xdhAp1,0.25,3,3,CATTCAACTCCGACAGACAC,0,3963636
xdhAp1,0.25,3,3,CATTACCACGATAACGCTAC,0,3972116
xdhAp1,0.25,3,3,CATTAAACTGTAGTAGCCTT,0,3964150
xdhAp1,0.25,3,3,CATGGATAGGAAGATTTTGC,0,3945620
xdhAp1,0.25,3,3,CATGCTCGGTGTGTCGGCAG,0,3944854
xdhAp1,0.25,3,3,CATGCCGGGTTCTTGCCGGG,0,3968391
xdhAp1,0.25,3,3,CATGAAGCCGTAATCGCATA,0,3979391
xdhAp1,0.25,3,3,CATCTAGCGTAGTATATTAC,0,3936024
xdhAp1,0.25,3,3,CATCGGAAAGGGAAAGCTAT,0,3948568
xdhAp1,0.25,3,3,CATCCTGATGGCCACTTATA,0,3958820
xdhAp1,0.25,3,3,CATCACTGATTCCTGGATCA,0,3968952
xdhAp1,0.25,3,3,CATATCAATTACGGCGTGTA,0,3948838
xdhAp1,0.25,3,3,CATAGGGTCAGTGCGGTTCT,0,3971350
xdhAp1,0.25,3,3,CATACGTCCATCCATTTATG,0,3964695
xdhAp1,0.25,3,3,CATACGGGTTATGATCGGAA,0,3961736
xdhAp1,0.25,3,3,CATACCCGGCTTACAGAATA,0,3962265
xdhAp1,0.25,3,3,CATAAATGCTTCCGGTCCGG,0,3978639
xdhAp1,0.25,3,3,CAGTTTTACGCAGTGTTTCG,0,3946148
xdhAp1,0.25,3,3,CAGTTCGGCGACTGTATATC,0,3942896
xdhAp1,0.25,3,3,CAGTCTGAATTGTTTGTCAC,0,3959177
xdhAp1,0.25,3,3,CAGTCGTTAATCTTAGGGTC,0,3965529
xdhAp1,0.25,3,3,CAGTCGGTTTCTAAACATAA,0,3957759
xdhAp1,0.25,3,3,CAGTATGTTAGTCGCCGCCG,0,3941357
xdhAp1,0.25,3,3,CAGTATCGAGGCCGTCTTGA,0,3959147
xdhAp1,0.25,3,3,CAGTAATCCGCACTCTCTCT,0,3948042
xdhAp1,0.25,3,3,CAGGTGCCACGTGGAGCCAA,0,3978245
xdhAp1,0.25,3,3,CAGGCGCCTTAAAGCTTGAC,0,3938229
xdhAp1,0.25,3,3,CAGGAGGGGGGCAAGAGTAA,0,3932132
xdhAp1,0.25,3,3,CAGGAGCACTCGCTTCCATT,0,3975710
xdhAp1,0.25,3,3,CAGCTCACGACGCCAACAGT,0,3966186
xdhAp1,0.25,3,3,CAGCTAGAGGGCTGGACGAT,0,3937725
xdhAp1,0.25,3,3,CAGCGATGCACGGAGTCAAG,0,3957826
xdhAp1,0.25,3,3,CAGCGAGAATCACGCGTACA,0,3955589
xdhAp1,0.25,3,3,CAGCCAGGTGGGATTCGACT,0,3955333
xdhAp1,0.25,3,3,CAGATAAATGGAGCGGGTTT,0,3939465
xdhAp1,0.25,3,3,CAGAGTATAAAGGTTTGTGG,0,3930352
xdhAp1,0.25,3,3,CAGACACCAGTTGAATTGAC,0,3956568
xdhAp1,0.25,3,3,CAGAATGGTCTTGACTGTTG,0,3934988
xdhAp1,0.25,3,3,CACTTCTGCTCATCTCTCCA,0,3953428
xdhAp1,0.25,3,3,CACTGACCGTGATGACGTAG,0,3971026
xdhAp1,0.25,3,3,CACTCTGTACCCGTAACCGC,0,3978050
xdhAp1,0.25,3,3,CACTCGTATCATTATTATCT,0,3978048
xdhAp1,0.25,3,3,CACTCAATCGTCCGTACGAT,0,3974115
xdhAp1,0.25,3,3,CACTACATACTGCATGTAGG,0,3975390
xdhAp1,0.25,3,3,CACGGGCGATAGTTAGTTTC,0,3975370
xdhAp1,0.25,3,3,CACGGACGTATTTGGCCTCT,0,3942891
xdhAp1,0.25,3,3,CACGCTCGTCCGTCTGGGAC,0,3969291
xdhAp1,0.25,3,3,CACCTATGTTGAGTTCTTTT,0,3959632
xdhAp1,0.25,3,3,CACCCTTTGTCGGTCCGCGT,0,3937063
xdhAp1,0.25,3,3,CACCCACACCTTACTCGTGG,0,3951683
xdhAp1,0.25,3,3,CACCACAAGCTCCTACATAA,0,3971196
xdhAp1,0.25,3,3,CACATGATTACTCTATTTGA,0,3930471
xdhAp1,0.25,3,3,CACATAGGACCGTATTCGAA,0,3955426
xdhAp1,0.25,3,3,CACAGGGCAATACCGTATAC,0,3970216
xdhAp1,0.25,3,3,CACAACTGGAAACCAAGAGG,0,3946409
xdhAp1,0.25,3,3,CACAAACGTTGTCTGAGGAG,0,3975173
xdhAp1,0.25,3,3,CAATGACACTGGTGTGCGTC,0,3932113
xdhAp1,0.25,3,3,CAATCAGCTGCGTATGGCTT,0,3962291
xdhAp1,0.25,3,3,CAATAGTGGGTTTGTCATAA,0,3950126
xdhAp1,0.25,3,3,CAAGTGGTCCATCATATAAC,0,3946067
xdhAp1,0.25,3,3,CAAGTACACTGATATTGTCA,0,3968475
xdhAp1,0.25,3,3,CAAGGCCTTTGGTCCGGTAA,0,3975531
xdhAp1,0.25,3,3,CAAGCCATTTGCGAGATATA,0,3972463
xdhAp1,0.25,3,3,CAAGAGTTGCAAACGCAGAA,0,3964232
xdhAp1,0.25,3,3,CAAGAACGAGCCAGGACGTC,0,3981496
xdhAp1,0.25,3,3,CAACTTTTAAGATGGTCAGC,0,3939022
xdhAp1,0.25,3,3,CAACGTGAGGAAGTGCATTA,0,3974953
xdhAp1,0.25,3,3,CAACGCGTACACGAAAGTGC,0,3940572
xdhAp1,0.25,3,3,CAACGCAGCCTTCATTGTTC,0,3952928
xdhAp1,0.25,3,3,CAACCGACTGTTTTTTCGGT,0,3952329
xdhAp1,0.25,3,3,CAACCCCCGTCATGCCGGAG,0,3962951
xdhAp1,0.25,3,3,CAAAGATGTCTACCAAATTA,0,3968202
xdhAp1,0.25,3,3,CAAACGCAACACCCGGTCCC,0,3971220
xdhAp1,0.25,3,3,ATTTTCTCAATGACTACGAC,0,3968229
xdhAp1,0.25,3,3,ATTTGATGGAGGCGAAGGGA,0,3938238
xdhAp1,0.25,3,3,ATTTCTTTATATCAAGCCCT,0,3935541
xdhAp1,0.25,3,3,ATTGTGAGTCAACAACGGGT,0,3981480
xdhAp1,0.25,3,3,ATTGTAGGCAGCTGTTCATT,0,3948284
xdhAp1,0.25,3,3,ATTGGTGTGATGGTGCACTA,0,3977829
xdhAp1,0.25,3,3,ATTGAGTCGGACCTTCCAGG,0,3940356
xdhAp1,0.25,3,3,ATTCTGACGGTTGACCATGT,0,3957610
xdhAp1,0.25,3,3,ATTCTATGACAGGTCGCGAT,0,3947400
xdhAp1,0.25,3,3,ATTCGAGTAACAGAGTGGCA,0,3941578
xdhAp1,0.25,3,3,ATTCGAGCGTGCTTAAAAGA,0,3960862
xdhAp1,0.25,3,3,ATTCATTACCTATTGTTCTC,0,3971144
xdhAp1,0.25,3,3,ATTCAGAAAGATGCGTCGTT,0,3931910
xdhAp1,0.25,3,3,ATTCAATACGGACTATATTT,0,3973875
xdhAp1,0.25,3,3,ATTCAAACGTCCCTTCGTGG,0,3974198
xdhAp1,0.25,3,3,ATTACCTTCGTATCGGCGCA,0,3955515
xdhAp1,0.25,3,3,ATTACATCCTGCTTACAGTA,0,3931228
xdhAp1,0.25,3,3,ATTACAAGAGCCTGAAAGTT,0,3976115
xdhAp1,0.25,3,3,ATGTTGTCTTACAGGTGCGA,0,3949080
xdhAp1,0.25,3,3,ATGTTAGGGTACGCATGGCA,0,3961371
xdhAp1,0.25,3,3,ATGTGTAGAATACACGTTAA,0,3968340
xdhAp1,0.25,3,3,ATGTCAGTAGAAACCTCTAG,0,3954016
xdhAp1,0.25,3,3,ATGTCAGGCTGGCCTGGGGT,0,3932130
xdhAp1,0.25,3,3,ATGGTTTGGAGAACTTTGAT,0,3930928
xdhAp1,0.25,3,3,ATGGTCTCACATCGAACAAG,0,3970535
xdhAp1,0.25,3,3,ATGGTAAAACTGAGGCCCTC,0,3962602
xdhAp1,0.25,3,3,ATGGCAGGGCTGGATATCAA,0,3949669
xdhAp1,0.25,3,3,ATGGAGGGTAATAAGCGAAT,0,3964526
xdhAp1,0.25,3,3,ATGGAGGGGATAAGACTGCT,0,3971002
xdhAp1,0.25,3,3,ATGGACAATTGCAATTGTTG,0,3941597
xdhAp1,0.25,3,3,ATGGAAAGGCTGGGAACTCG,0,3959840
xdhAp1,0.25,3,3,ATGCTCGGCGGCCCAAGGTG,0,3957791
xdhAp1,0.25,3,3,ATGCTCCCGCCCTTACGGCG,0,3951134
xdhAp1,0.25,3,3,ATGCGGCTTTCCGTAAGGCA,0,3946163
xdhAp1,0.25,3,3,ATGATGCAACCACACAAGCG,0,3953445
xdhAp1,0.25,3,3,ATGATAGATGCTATTAACAG,0,3931336
xdhAp1,0.25,3,3,ATGACGGTAACCAAAATAAC,0,3971269
xdhAp1,0.25,3,3,ATGAATGGAAACGCCACAGA,0,3944936
xdhAp1,0.25,3,3,ATGAAAAAGGTATCCAGAGG,0,3973108
xdhAp1,0.25,3,3,ATCTTGTTATGAACGCTTGT,0,3968068
xdhAp1,0.25,3,3,ATCTGACCACTCGCTCACGG,0,3933222
xdhAp1,0.25,3,3,ATCTCTCTTAATATTTTAAA,0,3935185
xdhAp1,0.25,3,3,ATCTCCCCGTACCGATCGGA,0,3972479
xdhAp1,0.25,3,3,ATCTCACTACTTCGGGGGCA,0,3933711
xdhAp1,0.25,3,3,ATCTACAAACTCACGAGTTT,0,3932786
xdhAp1,0.25,3,3,ATCGTAAGTATCATGGCCCG,0,3962968
xdhAp1,0.25,3,3,ATCGGTATCGATAGTGTTCC,0,3974675
xdhAp1,0.25,3,3,ATCGGCTTAAAATTACTATA,0,3930023
xdhAp1,0.25,3,3,ATCGGCTGAGCCTTCGCTTT,0,3940844
xdhAp1,0.25,3,3,ATCGCTTCGGGGAGAACTAA,0,3961842
xdhAp1,0.25,3,3,ATCGACCACCAGAACTTGGT,0,3936305
xdhAp1,0.25,3,3,ATCCGTTTCAATGTGATAGA,0,3966688
xdhAp1,0.25,3,3,ATCCGTGTTCAGGCTGCTTG,0,3930196
xdhAp1,0.25,3,3,ATCCGGGTTACTCTGTTCGG,0,3938533
xdhAp1,0.25,3,3,ATCCCCTACGGGCACATTTA,0,3950816
xdhAp1,0.25,3,3,ATCCCATACGGCTACAAACT,0,3968387
xdhAp1,0.25,3,3,ATCACAACGGTCTCTTCCAA,0,3949121
xdhAp1,0.25,3,3,ATCAAGTCAGTTGAGAAAGT,0,3930174
xdhAp1,0.25,3,3,ATATTGGGACAGGAATGCAT,0,3955232
xdhAp1,0.25,3,3,ATATTCGGTCGTGTAAGGTT,0,3946001
xdhAp1,0.25,3,3,ATATTAGCTGCATTTGAAGG,0,3935242
xdhAp1,0.25,3,3,ATATGTCCAGCCGATGTTGT,0,3955419
xdhAp1,0.25,3,3,ATATGTAATTCTTTTGACAT,0,3934896
xdhAp1,0.25,3,3,ATATGGTCTAGGGGATTCTT,0,3957256
xdhAp1,0.25,3,3,ATATGCTTTTTTAGGGCTCG,0,3962028
xdhAp1,0.25,3,3,ATATCAGTGTGCCTTCGCGC,0,3966102
xdhAp1,0.25,3,3,ATATATAGCCAGGACGTGCT,0,3956407
xdhAp1,0.25,3,3,ATAGTGTCAATACCGCTCCT,0,3961150
xdhAp1,0.25,3,3,ATAGCTTAAGGTTCTACAAC,0,3974460
xdhAp1,0.25,3,3,ATAGCCCCGACATCTGACCA,0,3973545
xdhAp1,0.25,3,3,ATAGAGCACCGTTTGAGGGT,0,3946252
xdhAp1,0.25,3,3,ATAGACTGAGGTTTCATAAA,0,3972502
xdhAp1,0.25,3,3,ATACTTTTAGATAACTCATG,0,3958687
xdhAp1,0.25,3,3,ATACTCGTGCGTTGTAAGGC,0,3932564
xdhAp1,0.25,3,3,ATACGGGTTGTGCATAACAG,0,3942704
xdhAp1,0.25,3,3,ATACCCGATAACCCCGGTAA,0,3959267
xdhAp1,0.25,3,3,ATACACAATGGGCATGACTA,0,3969233
xdhAp1,0.25,3,3,ATAAGTACTTAGAAGCAGAA,0,3966391
xdhAp1,0.25,3,3,AGTTGTGGGGCGGTCCGGTT,0,3967786
xdhAp1,0.25,3,3,AGTTCCGAGGCCTCCACCGG,0,3977797
xdhAp1,0.25,3,3,AGTGTGAGGATTCTCGGGGA,0,3935792
xdhAp1,0.25,3,3,AGTGTCTTCAAAGCGTCAGG,0,3974644
xdhAp1,0.25,3,3,AGTGATTTGTATTCGCTCGG,0,3945204
xdhAp1,0.25,3,3,AGTGAGCAAGCCCTTCCTCA,0,3976546
xdhAp1,0.25,3,3,AGTGAGACTATCGCCCTTGA,0,3948926
xdhAp1,0.25,3,3,AGTCTGTAGGCTTCACTACA,0,3979221
xdhAp1,0.25,3,3,AGTCTGCTAGAATATGCCTA,0,3955099
xdhAp1,0.25,3,3,AGTCGGTGAGTAGAGTCTCC,0,3953061
xdhAp1,0.25,3,3,AGTCCTTGCGTTCAGCGTGT,0,3947752
xdhAp1,0.25,3,3,AGTCCCTGTGCCAGGCGCCT,0,3964242
xdhAp1,0.25,3,3,AGTCCCGGGGCTTTCGCGGA,0,3980101
xdhAp1,0.25,3,3,AGTCATGCCAGTGAGAGATC,0,3961196
xdhAp1,0.25,3,3,AGTCAGAGATAGGCAGACCA,0,3964696
xdhAp1,0.25,3,3,AGTCAACAGCACCACCAACT,0,3970183
xdhAp1,0.25,3,3,AGTAAATGTCCCATAGGTTA,0,3972349
xdhAp1,0.25,3,3,AGTAAACACGTATCACGGTG,0,3933548
xdhAp1,0.25,3,3,AGGTGATCCCGGCTGGTGGT,0,3957358
xdhAp1,0.25,3,3,AGGTCGGCGTAGGTTAAGCT,0,3977877
xdhAp1,0.25,3,3,AGGTCGATCGTGGGACGAGT,0,3935986
xdhAp1,0.25,3,3,AGGTCCAAGCCACGTTCTGT,0,3957418
xdhAp1,0.25,3,3,AGGTCAAGTACCTAGCCGAA,0,3940824
xdhAp1,0.25,3,3,AGGGTTCCATCAGCTTAGAA,0,3956125
xdhAp1,0.25,3,3,AGGGTGCACAACAAGTCGCT,0,3930165
xdhAp1,0.25,3,3,AGGGCGAGACCCCTCTCGAC,0,3948555
xdhAp1,0.25,3,3,AGGGATTCCCGTAAGAAACT,0,3970005
xdhAp1,0.25,3,3,AGGGAGACGCGCACATTATC,0,3953585
xdhAp1,0.25,3,3,AGGATGATCTATCACAGGAC,0,3963253
xdhAp1,0.25,3,3,AGGAGTCCATTTGGCGTGAA,0,3981439
xdhAp1,0.25,3,3,AGGAAATGTTGAGATACTCA,0,3944211
xdhAp1,0.25,3,3,AGCTTTTAAATAAGCAAGGC,0,3940477
xdhAp1,0.25,3,3,AGCTTCTAGCACGTAGAGGA,0,3957079
xdhAp1,0.25,3,3,AGCTGTGCAGGAGCCGGCTT,0,3967546
xdhAp1,0.25,3,3,AGCTGCGTAGAGGTTACGAT,0,3970835
xdhAp1,0.25,3,3,AGCTGCATAAAAAGTGATGG,0,3955998
xdhAp1,0.25,3,3,AGCTCGCACGCATAACAAGC,0,3955684
xdhAp1,0.25,3,3,AGCTCAGGGTGGATTGAATC,0,3953180
xdhAp1,0.25,3,3,AGCGTTATTAATAACATCTA,0,3969163
xdhAp1,0.25,3,3,AGCGCGCGGGCGAATCGGTG,0,3971453
xdhAp1,0.25,3,3,AGCGCGCGCCTGGTAGTGAA,0,3976692
xdhAp1,0.25,3,3,AGCGCGCAAACGCGTATAGT,0,3958897
xdhAp1,0.25,3,3,AGCCGTAAGCCATGCCCTTA,0,3937137
xdhAp1,0.25,3,3,AGCCGGTGTTCTCATCATCA,0,3947537
xdhAp1,0.25,3,3,AGCCGCGAGAGACTTTGCTG,0,3933576
xdhAp1,0.25,3,3,AGCCCGGGAGTCGGTTGCCT,0,3962964
xdhAp1,0.25,3,3,AGCCCGGCGAAACATACAGC,0,3976150
xdhAp1,0.25,3,3,AGCACTTGAGATCCGAAGGA,0,3959736
xdhAp1,0.25,3,3,AGCAAAAGCCACTCATGAGC,0,3966595
xdhAp1,0.25,3,3,AGATTAGTATGGCAGGCATT,0,3933573
xdhAp1,0.25,3,3,AGATGTGTTAAACGTACCTT,0,3960271
xdhAp1,0.25,3,3,AGATAGGGACCATTCTCTAA,0,3954925
xdhAp1,0.25,3,3,AGATACGTCCTGTGTCGGGA,0,3943832
xdhAp1,0.25,3,3,AGAGGGGCTAGACGCTCCGT,0,3959707
xdhAp1,0.25,3,3,AGAGGCTCGTCTGTATAACT,0,3942822
xdhAp1,0.25,3,3,AGAGCGAGATTCTGCAGCGC,0,3968961
xdhAp1,0.25,3,3,AGACGCATGGATAGGAGGGA,0,3948727
xdhAp1,0.25,3,3,AGACCTCTCTAATCAGATTT,0,3969567
xdhAp1,0.25,3,3,AGACCGTCAAAAGGGATTAA,0,3947366
xdhAp1,0.25,3,3,AGACATGCCTCGGAAACCCA,0,3972005
xdhAp1,0.25,3,3,AGAATCCGCTAGGCGTCTTC,0,3954292
xdhAp1,0.25,3,3,AGAAGGCATGGATAAGGTGG,0,3937181
xdhAp1,0.25,3,3,AGAAATCCCGATTAGGAATT,0,3969704
xdhAp1,0.25,3,3,AGAAATAGTTGGAAACTAAC,0,3962046
xdhAp1,0.25,3,3,ACTTTGGTATAGACTTACTA,0,3977666
xdhAp1,0.25,3,3,ACTTGCTGGCGAACATATGT,0,3940833
xdhAp1,0.25,3,3,ACTTCTGAAGCGATGTTCAG,0,3943217
xdhAp1,0.25,3,3,ACTTCAGATCGCAACCTAAG,0,3944302
xdhAp1,0.25,3,3,ACTTAAGCGCACCGTTGGGT,0,3975309
xdhAp1,0.25,3,3,ACTGGGGAACTCCCTGCATA,0,3965000
xdhAp1,0.25,3,3,ACTGCCCGAAGTCAACAGAT,0,3968878
xdhAp1,0.25,3,3,ACTCACTAGGTAGTAGCCAG,0,3966537
xdhAp1,0.25,3,3,ACTCAATTAGATAATATCCG,0,3947908
xdhAp1,0.25,3,3,ACTCAACGTGACTAACGATC,0,3929108
xdhAp1,0.25,3,3,ACTATTTCTTTTGCCTGTGT,0,3947097
xdhAp1,0.25,3,3,ACTACGGTGTGTGACTTATT,0,3929575
xdhAp1,0.25,3,3,ACGTGCTAAGCTAAAAAACA,0,3967361
xdhAp1,0.25,3,3,ACGTGCACATAGAACTAAGG,0,3967630
xdhAp1,0.25,3,3,ACGTGATCAATCCGGTTGTT,0,3945107
xdhAp1,0.25,3,3,ACGGTACTTATTCTGGTAAG,0,3970827
xdhAp1,0.25,3,3,ACGCGGCATAGCCCTTATGG,0,3944305
xdhAp1,0.25,3,3,ACGCGAATAGTTTTCGACCA,0,3947911
xdhAp1,0.25,3,3,ACGCATCAGCATAATGCCCG,0,3946026
xdhAp1,0.25,3,3,ACGCAACCCCTCCCGGCGCT,0,3946738
xdhAp1,0.25,3,3,ACGATAGTCACGGTGACATC,0,3948449
xdhAp1,0.25,3,3,ACGAGAATCAAGTCAGCATG,0,3937585
xdhAp1,0.25,3,3,ACGACGAGGAGGGCATCACT,0,3943138
xdhAp1,0.25,3,3,ACGAAGGCTCTCCATATGCC,0,3943561
xdhAp1,0.25,3,3,ACGAAGCCCGTGGGAGCCCA,0,3933767
xdhAp1,0.25,3,3,ACGAACGCGGATGAGATCGA,0,3967641
xdhAp1,0.25,3,3,ACCTGTAAAGCACGCGGAAG,0,3950400
xdhAp1,0.25,3,3,ACCTAAAGGGATGGGGTGCT,0,3972172
xdhAp1,0.25,3,3,ACCGGGGGGCATCTCAGTAA,0,3956857
xdhAp1,0.25,3,3,ACCGGCCTACTGGCGAGCAA,0,3976792
xdhAp1,0.25,3,3,ACCGATATCCTCAGCATCGC,0,3975031
xdhAp1,0.25,3,3,ACCGAGCGCATACGTTGGGC,0,3942864
xdhAp1,0.25,3,3,ACCGACTTCTACGGTGGGTG,0,3933028
xdhAp1,0.25,3,3,ACCGACTCGTGAGTCAACCA,0,3975580
xdhAp1,0.25,3,3,ACCGACTAGGACGCCGCCTT,0,3934308
xdhAp1,0.25,3,3,ACCGACAGATTTCCTCTTGG,0,3935624
xdhAp1,0.25,3,3,ACCCGGTGCTATCTGCATGC,0,3934105
xdhAp1,0.25,3,3,ACCCGCACTAGGCGTCCGGT,0,3944167
xdhAp1,0.25,3,3,ACCCCCAGGCGAGGCTGTTA,0,3929877
xdhAp1,0.25,3,3,ACCCATGCACGTTATGAGAT,0,3947190
xdhAp1,0.25,3,3,ACCAGGCAAAGCGCCACACG,0,3968580
xdhAp1,0.25,3,3,ACCAGCGGGTGGGACGCCCA,0,3954302
xdhAp1,0.25,3,3,ACCACGGGTGGTAGCCGCTT,0,3958817
xdhAp1,0.25,3,3,ACCACCACGGCTCTTTGATT,0,3975593
xdhAp1,0.25,3,3,ACCAAGCGAGTCCGCGAGGA,0,3935361
xdhAp1,0.25,3,3,ACATGCACTTGGCACAAAGA,0,3941932
xdhAp1,0.25,3,3,ACATAGGAGTGAGGAGTATT,0,3968210
xdhAp1,0.25,3,3,ACATACGAAGATGGCTGGGT,0,3940970
xdhAp1,0.25,3,3,ACAGTTTTTGCATGGGAGCT,0,3930942
xdhAp1,0.25,3,3,ACAGTAAGCAATCATCATTT,0,3961776
xdhAp1,0.25,3,3,ACAGGTAGGGGCGGCACCAT,0,3980016
xdhAp1,0.25,3,3,ACAGGAAACTAGCTATATAA,0,3951562
xdhAp1,0.25,3,3,ACAGCTTTAAGAGCTCGTGA,0,3978721
xdhAp1,0.25,3,3,ACAGCGGTCGGTTCCCACCT,0,3931779
xdhAp1,0.25,3,3,ACAGCACCAGCCGGCTAATT,0,3942373
xdhAp1,0.25,3,3,ACAGAAAGTTGCATGTGTGT,0,3929316
xdhAp1,0.25,3,3,ACACCTTGCACGACAAATAC,0,3954841
xdhAp1,0.25,3,3,ACAATGTAAGCATTATCGGA,0,3937949
xdhAp1,0.25,3,3,ACAATCTAAGTCCTGTCCTG,0,3979337
xdhAp1,0.25,3,3,ACAATCGAGATCCTATGATC,0,3962937
xdhAp1,0.25,3,3,ACAATCATGGAACAATCGAC,0,3953136
xdhAp1,0.25,3,3,ACAAGATTGTCCTACGGCGG,0,3977350
xdhAp1,0.25,3,3,ACAAGATCATTGGGCGATCG,0,3972865
xdhAp1,0.25,3,3,ACAACCGGAATTCTGTTCAG,0,3959547
xdhAp1,0.25,3,3,AATTTTTAGGCTACCACCAT,0,3971003
xdhAp1,0.25,3,3,AATTGTGGGCGGCGGTTCTA,0,3960696
xdhAp1,0.25,3,3,AATTCTTCCCGCAGTTCTAC,0,3955168
xdhAp1,0.25,3,3,AATTATTGGGCGTACCCATA,0,3975281
xdhAp1,0.25,3,3,AATTAGTAGTGTTTCAGATA,0,3961234
xdhAp1,0.25,3,3,AATGTTCTTCTTTAACAAGT,0,3940246
xdhAp1,0.25,3,3,AATGCTGAATACACGCAAAT,0,3963937
xdhAp1,0.25,3,3,AATGAGTACCGTCCCAAGTC,0,3966004
xdhAp1,0.25,3,3,AATCGTGTAAGTCGATTCCA,0,3937692
xdhAp1,0.25,3,3,AATCGCTCTTGGTGGAGGGT,0,3978641
xdhAp1,0.25,3,3,AATCCTATTCGTCGCCAAAG,0,3948853
xdhAp1,0.25,3,3,AATATTCACCGGTCCGTTGA,0,3952301
xdhAp1,0.25,3,3,AATAGAGGTTTGAAACCGGT,0,3977146
xdhAp1,0.25,3,3,AATACCGATTATCTAAGTGT,0,3931663
xdhAp1,0.25,3,3,AATACAATATAGATTATAGG,0,3971323
xdhAp1,0.25,3,3,AAGTTACACTTGGACCTAAG,0,3979954
xdhAp1,0.25,3,3,AAGTGCGGAACTCTCAACCC,0,3953249
xdhAp1,0.25,3,3,AAGTCTGCAATTCACTGGTC,0,3935479
xdhAp1,0.25,3,3,AAGTCCATATCTTATGAATT,0,3938591
xdhAp1,0.25,3,3,AAGTATTTTACTCTCATGCG,0,3964312
xdhAp1,0.25,3,3,AAGTAGTAGTCCCCTAGAGT,0,3937993
xdhAp1,0.25,3,3,AAGTAGTACCTCATGGCGTA,0,3966351
xdhAp1,0.25,3,3,AAGGGGTAAACTTCGAGAAA,0,3975219
xdhAp1,0.25,3,3,AAGGGGGATCGATCACTCCG,0,3932574
xdhAp1,0.25,3,3,AAGCCGTGCGGTTACTCTTG,0,3951818
xdhAp1,0.25,3,3,AAGCAGTCTAAGCTCAGATC,0,3975752
xdhAp1,0.25,3,3,AAGATGAGGGTGGAAGTTTC,0,3936679
xdhAp1,0.25,3,3,AAGATCATCCCGCAATACCC,0,3945864
xdhAp1,0.25,3,3,AAGAGTAGGGTGCATGCGCA,0,3933484
xdhAp1,0.25,3,3,AAGAGGATGGGTGTCTCCCT,0,3937278
xdhAp1,0.25,3,3,AAGAGCTTATGTGAATGGCA,0,3979327
xdhAp1,0.25,3,3,AAGAGAGGACCTTGTCTTCA,0,3957295
xdhAp1,0.25,3,3,AACTTCGTTTCCGTATATAC,0,3959686
xdhAp1,0.25,3,3,AACTGTACGGTCTCATGTTT,0,3954364
xdhAp1,0.25,3,3,AACTGGATACTGAATTCTGG,0,3965141
xdhAp1,0.25,3,3,AACTATCACGTGTTATCATA,0,3934661
xdhAp1,0.25,3,3,AACTAGGCATCCTGACGGGG,0,3939742
xdhAp1,0.25,3,3,AACTAATGTCGGATCACTTG,0,3968841
xdhAp1,0.25,3,3,AACGGTGCTATTTTGAATCC,0,3929333
xdhAp1,0.25,3,3,AACGCGACCCGATGAGCTGG,0,3956160
xdhAp1,0.25,3,3,AACCTGCCCTTTCCTTTCCA,0,3935750
xdhAp1,0.25,3,3,AACCGACTCTACACGTACGT,0,3929620
xdhAp1,0.25,3,3,AACCGAAATGAGGTTATTCA,0,3961125
xdhAp1,0.25,3,3,AACCCGTTGCCGAGATTTAA,0,3980097
xdhAp1,0.25,3,3,AACCCATAGTCCAGGCACTT,0,3979024
xdhAp1,0.25,3,3,AACCATCATTTTTACAGGAG,0,3962922
xdhAp1,0.25,3,3,AACCAGGTATCTGGTCAGAA,0,3971314
xdhAp1,0.25,3,3,AACACAGTCTCCCATCTAAT,0,3964467
xdhAp1,0.25,3,3,AAATTTTTTACAGGGATCTG,0,3973652
xdhAp1,0.25,3,3,AAATGTTGTCCAGGGCGATG,0,3949834
xdhAp1,0.25,3,3,AAATAAATGACACGGGTGTG,0,3971384
xdhAp1,0.25,3,3,AAAGCTGACTTCTCACTTGT,0,3951603
xdhAp1,0.25,3,3,AAAGCCATGTATAGCTCGGG,0,3962034
xdhAp1,0.25,3,3,AAAGAGCCCGTTGTTGCTAA,0,3938035
xdhAp1,0.25,3,3,AAAGAGAGGTTCGCCATCGA,0,3939834
xdhAp1,0.25,3,3,AAACGTTTAGGCGCGCCCGT,0,3945606
xdhAp1,0.25,3,3,AAACGAATAAAACCACCTTT,0,3949412
xdhAp1,0.25,3,3,AAACAGGCCCAGCCCATTCG,0,3944783
xdhAp1,0.25,3,3,AAACACTGCTGCGATATGAC,0,3976325
xdhAp1,0.25,3,3,AAACAAAGAACTCTTGACTC,0,3959464
xdhAp1,0.25,3,3,AAAATTGGAATATATGCTAA,0,3941813
xdhAp1,0.25,3,3,AAAATTCGCCTGTGGGCATT,0,3942810
xdhAp1,0.25,3,3,AAAATCGTGGAAGTGGAAAA,0,3936194
xdhAp1,0.25,3,3,AAAAGGATAAGCACTGACGC,0,3962399
xdhAp1,0.25,3,3,AAAAGGAATAGTATGTTGTT,0,3958505
xdhAp1,0.25,3,3,AAAACGTAACGGGGGGAGGT,0,3973896
xdhAp1,0.25,3,3,AAAAATTGGTCTCACTTGTT,0,3959625
xdhAp1,0.3333333333333333,2,2,TTTTTGCCTCCGTATACCTA,0,3952312
xdhAp1,0.3333333333333333,2,2,TTTTGTGGTTAAAGGCAGTT,0,3939127
xdhAp1,0.3333333333333333,2,2,TTTTGTATGAAGGGGGAGAG,0,3955347
xdhAp1,0.3333333333333333,2,2,TTTTGGGTGTTCGGAACTCG,0,3933109
xdhAp1,0.3333333333333333,2,2,TTTTCTCCAGAGTGGACCCA,0,3931010
xdhAp1,0.3333333333333333,2,2,TTTTCTATTGATAAGGAACA,0,3969580
xdhAp1,0.3333333333333333,2,2,TTTTCCCGCTTAGTTGTTAG,0,3981199
xdhAp1,0.3333333333333333,2,2,TTTTATCTCAGGAATTCCCA,0,3956872
xdhAp1,0.3333333333333333,2,2,TTTTATAGGGACCGAACTTA,0,3956633
xdhAp1,0.3333333333333333,2,2,TTTTACATCTGTGCGCGGGC,0,3966039
xdhAp1,0.3333333333333333,2,2,TTTGTTGCGTGCCAAAGATT,0,3933421
xdhAp1,0.3333333333333333,2,2,TTTGTGGGTTTCAGAGACTG,0,3980181
xdhAp1,0.3333333333333333,2,2,TTTGCGCTCGTTAATACTGA,0,3942184
xdhAp1,0.3333333333333333,2,2,TTTGCGCATGTGCGGGCTGG,0,3974979
xdhAp1,0.3333333333333333,2,2,TTTGACGACGCAAAGGTGTC,0,3978808
xdhAp1,0.3333333333333333,2,2,TTTCTAGGGTTGCCGCGCAG,0,3947368
xdhAp1,0.3333333333333333,2,2,TTTCGTGATCGGTATTACTC,0,3949500
xdhAp1,0.3333333333333333,2,2,TTTCGGCCTTCACACAGCGT,0,3954584
xdhAp1,0.3333333333333333,2,2,TTTCCGTTCGTGAAAACATA,0,3939784
xdhAp1,0.3333333333333333,2,2,TTTCCGTCACATAGGTCGTG,0,3962365
xdhAp1,0.3333333333333333,2,2,TTTCCGAATGGGTGCATTGA,0,3929026
xdhAp1,0.3333333333333333,2,2,TTTCATTGTGGCTGCCTACA,0,3944844
xdhAp1,0.3333333333333333,2,2,TTTCATAGAAAGCTCTGCAA,0,3969142
xdhAp1,0.3333333333333333,2,2,TTTATTCGTTAACATCTAGC,0,3973648
xdhAp1,0.3333333333333333,2,2,TTTATGTGCGGCTTCCCAAT,0,3932222
xdhAp1,0.3333333333333333,2,2,TTTATACAAGGTTCTGCAGC,0,3965059
xdhAp1,0.3333333333333333,2,2,TTTATAAGCGGTACTCTCAC,0,3974601
xdhAp1,0.3333333333333333,2,2,TTTAGTCGTAAGAGTCTCTT,0,3934156
xdhAp1,0.3333333333333333,2,2,TTTAGAGATGTCACAAGCGG,0,3947859
xdhAp1,0.3333333333333333,2,2,TTTAAGTAAAGCTTTATTGA,0,3960481
xdhAp1,0.3333333333333333,2,2,TTGTGTTTTGCGCCCGCGGT,0,3939394
xdhAp1,0.3333333333333333,2,2,TTGTCGTCGAATGTGATGAT,0,3979535
xdhAp1,0.3333333333333333,2,2,TTGTAGACTAATTTTTGAGA,0,3981194
xdhAp1,0.3333333333333333,2,2,TTGGTACTTGTCTATCCCTG,0,3935971
xdhAp1,0.3333333333333333,2,2,TTGGGGCTGCAGTGCCTACG,0,3934473
xdhAp1,0.3333333333333333,2,2,TTGGCCTCGAAGCAACCAGT,0,3944591
xdhAp1,0.3333333333333333,2,2,TTGCTGATTCCCGATAATAA,0,3981060
xdhAp1,0.3333333333333333,2,2,TTGCGTCAAAATGTAACCAG,0,3933821
xdhAp1,0.3333333333333333,2,2,TTGCCTATGAGGCACTACCA,0,3944763
xdhAp1,0.3333333333333333,2,2,TTGCCGACAAGTACACCAAT,0,3978195
xdhAp1,0.3333333333333333,2,2,TTGCCAAATCCCTTCGGTAT,0,3975076
xdhAp1,0.3333333333333333,2,2,TTGCATATCTATTTCGGCAG,0,3976857
xdhAp1,0.3333333333333333,2,2,TTGCAAATCCATTGGGAACG,0,3965097
xdhAp1,0.3333333333333333,2,2,TTGATGCTCCCGATTGAGTC,0,3934704
xdhAp1,0.3333333333333333,2,2,TTGAGTGGAACCTCGGATTC,0,3971685
xdhAp1,0.3333333333333333,2,2,TTGACGTTAATTACACCCAT,0,3948707
xdhAp1,0.3333333333333333,2,2,TTGACCGATTGGATAAAAAC,0,3956787
xdhAp1,0.3333333333333333,2,2,TTCTTTTCAAGTGCGTCCTC,0,3974555
xdhAp1,0.3333333333333333,2,2,TTCTTTCAACCGTATTTTCG,0,3968699
xdhAp1,0.3333333333333333,2,2,TTCTGCCGTATGTCTGCCAT,0,3934540
xdhAp1,0.3333333333333333,2,2,TTCTACGTCACCAGTATTTA,0,3981069
xdhAp1,0.3333333333333333,2,2,TTCTAACGCAAGGGATTTCG,0,3943793
xdhAp1,0.3333333333333333,2,2,TTCGGCGTCTCTACTATTAG,0,3932709
xdhAp1,0.3333333333333333,2,2,TTCGCATCGATACCTTCTAA,0,3959476
xdhAp1,0.3333333333333333,2,2,TTCGATCCCCTGTTTCAGGG,0,3981030
xdhAp1,0.3333333333333333,2,2,TTCGAGTCTCAGTGCACTCG,0,3947867
xdhAp1,0.3333333333333333,2,2,TTCCGCGGCCCGCAACCGAA,0,3953255
xdhAp1,0.3333333333333333,2,2,TTCCCGGCAGGGAGATGGAG,0,3931531
xdhAp1,0.3333333333333333,2,2,TTCCATACTCCGGGCATATA,0,3945937
xdhAp1,0.3333333333333333,2,2,TTCCACAGCACGCTAACAGT,0,3958352
xdhAp1,0.3333333333333333,2,2,TTCATTTATAGCAGCGCAAC,0,3964627
xdhAp1,0.3333333333333333,2,2,TTCATAGTGTGTTGTCCCAG,0,3932335
xdhAp1,0.3333333333333333,2,2,TTCATACCAGTTCCGTGGTA,0,3967251
xdhAp1,0.3333333333333333,2,2,TTCAGTCTCAAAGTATTGCA,0,3967669
xdhAp1,0.3333333333333333,2,2,TTCACTACCGGTGCTGCGTA,0,3940327
xdhAp1,0.3333333333333333,2,2,TTCACAAATAGAGGTGTTTC,0,3979314
xdhAp1,0.3333333333333333,2,2,TTCAAGAAGATAGTTCCGGA,0,3974298
xdhAp1,0.3333333333333333,2,2,TTATTCTGGTTCATTCAACC,0,3954865
xdhAp1,0.3333333333333333,2,2,TTATGTTACGGTGGTATAGG,0,3955338
xdhAp1,0.3333333333333333,2,2,TTATCGTTGGTACGTTCCCC,0,3946431
xdhAp1,0.3333333333333333,2,2,TTATCGTCACCCGTGGTTTA,0,3946422
xdhAp1,0.3333333333333333,2,2,TTATCGTAGGGAATGACAAT,0,3938057
xdhAp1,0.3333333333333333,2,2,TTATCCTTTGTTCTCGGATG,0,3957607
xdhAp1,0.3333333333333333,2,2,TTATCACCAAGGGAAAGGGA,0,3949537
xdhAp1,0.3333333333333333,2,2,TTAGGTCTTAAGAAGCGGAG,0,3938817
xdhAp1,0.3333333333333333,2,2,TTAGGTAGTAACTGATCTTT,0,3953688
xdhAp1,0.3333333333333333,2,2,TTAGGACATACCGCCTATCA,0,3957303
xdhAp1,0.3333333333333333,2,2,TTAGACGACGTATATTATTC,0,3981420
xdhAp1,0.3333333333333333,2,2,TTAGAAAGCGGTGGAACCAC,0,3951918
xdhAp1,0.3333333333333333,2,2,TTACGTTTCGCTGCATTATT,0,3980980
xdhAp1,0.3333333333333333,2,2,TTACCGGTGCCTGGCCATCG,0,3940464
xdhAp1,0.3333333333333333,2,2,TTACACCAATTTTCCTGAGT,0,3934349
xdhAp1,0.3333333333333333,2,2,TTACACATGCGGTGAAGATT,0,3953466
xdhAp1,0.3333333333333333,2,2,TTAATGCTGTACACAATCCA,0,3949333
xdhAp1,0.3333333333333333,2,2,TTAATCACATGGCAGGACCA,0,3945445
xdhAp1,0.3333333333333333,2,2,TTAAGTTCGTTCTCGAATTT,0,3944557
xdhAp1,0.3333333333333333,2,2,TTAAGCTATAGGCCTAAACT,0,3951261
xdhAp1,0.3333333333333333,2,2,TTAAAGTTGGACCACATCTC,0,3933871
xdhAp1,0.3333333333333333,2,2,TGTTTCCTCAAGTGGCGCTA,0,3969991
xdhAp1,0.3333333333333333,2,2,TGTTTATTCAGGAGGAGGGT,0,3932940
xdhAp1,0.3333333333333333,2,2,TGTTTATTCACAGGTCGGTG,0,3930232
xdhAp1,0.3333333333333333,2,2,TGTTTAGCATATGCGACAGA,0,3962316
xdhAp1,0.3333333333333333,2,2,TGTTGTTATCCCTGAGGGTC,0,3972371
xdhAp1,0.3333333333333333,2,2,TGTTGTGGCATCGCATAGGC,0,3973535
xdhAp1,0.3333333333333333,2,2,TGTTGCCTTGTGCTCAAGGG,0,3978051
xdhAp1,0.3333333333333333,2,2,TGTTCAACGACTGAGGAGTC,0,3975954
xdhAp1,0.3333333333333333,2,2,TGTTAGGGTCTGTGCTCAGA,0,3980055
xdhAp1,0.3333333333333333,2,2,TGTGTGTTCCGTCCTTTGAA,0,3931909
xdhAp1,0.3333333333333333,2,2,TGTGTGATCAAATTCTGCGC,0,3967026
xdhAp1,0.3333333333333333,2,2,TGTGGTTCCATGGCCCCTTT,0,3935273
xdhAp1,0.3333333333333333,2,2,TGTGGGATCTTGAGCCGCGA,0,3969803
xdhAp1,0.3333333333333333,2,2,TGTGCATATGTACACTGCAT,0,3964829
xdhAp1,0.3333333333333333,2,2,TGTCGTATACACAAGACTAG,0,3943322
xdhAp1,0.3333333333333333,2,2,TGTCGGTACTCTTACCACCA,0,3933541
xdhAp1,0.3333333333333333,2,2,TGTCCGGCCAGCTCGGCACG,0,3968428
xdhAp1,0.3333333333333333,2,2,TGTCCCTTAAGGAATTTTGT,0,3960317
xdhAp1,0.3333333333333333,2,2,TGTCCATCGTTTTAATGTCG,0,3929025
xdhAp1,0.3333333333333333,2,2,TGTCCAGTCAAACCAAAGCA,0,3976945
xdhAp1,0.3333333333333333,2,2,TGTAGTAATGAATACTGTCC,0,3947017
xdhAp1,0.3333333333333333,2,2,TGTAGCATTCGACGAGTCTC,0,3934700
xdhAp1,0.3333333333333333,2,2,TGTACTTGCCGACCGCGACA,0,3959013
xdhAp1,0.3333333333333333,2,2,TGTACATGCCATTGGAATGT,0,3978144
xdhAp1,0.3333333333333333,2,2,TGTACACAGGGTGTAATCGT,0,3981343
xdhAp1,0.3333333333333333,2,2,TGGTTTTCGTTCGTTAAACT,0,3946864
xdhAp1,0.3333333333333333,2,2,TGGTTTGTAAATCGTTGGTT,0,3968222
xdhAp1,0.3333333333333333,2,2,TGGTTCTATAAGAGGAATAT,0,3976829
xdhAp1,0.3333333333333333,2,2,TGGTTAGACAACGCGCGTTC,0,3942345
xdhAp1,0.3333333333333333,2,2,TGGTGATCGCTTCCTGTTGA,0,3930101
xdhAp1,0.3333333333333333,2,2,TGGTCCGGGGGTTAGCCGGA,0,3954121
xdhAp1,0.3333333333333333,2,2,TGGTAGCTTAGATAAGGGAT,0,3960149
xdhAp1,0.3333333333333333,2,2,TGGGTTTCGCTAAAGACTGC,0,3962685
xdhAp1,0.3333333333333333,2,2,TGGGTTATGCAAACATTGAC,0,3946702
xdhAp1,0.3333333333333333,2,2,TGGGTCTTAGTAGATGACTG,0,3973560
xdhAp1,0.3333333333333333,2,2,TGGGGGTGCCGTAGGTGCTT,0,3962683
xdhAp1,0.3333333333333333,2,2,TGGGATCACCTCCGTGAGGG,0,3951619
xdhAp1,0.3333333333333333,2,2,TGGGAAACGGGACGTTAGTT,0,3930367
xdhAp1,0.3333333333333333,2,2,TGGCCTAGCATCTTAACCGA,0,3955989
xdhAp1,0.3333333333333333,2,2,TGGCCCTGAGATGGTGAACG,0,3958404
xdhAp1,0.3333333333333333,2,2,TGGCCACCTCTATTCTGGCT,0,3963830
xdhAp1,0.3333333333333333,2,2,TGGCATATCAGTGGCGTAAG,0,3955951
xdhAp1,0.3333333333333333,2,2,TGGCAGTTTTCCGCGGCGTC,0,3957914
xdhAp1,0.3333333333333333,2,2,TGGCACTGTCAATTGTACTG,0,3976723
xdhAp1,0.3333333333333333,2,2,TGGATGAGCGTCTCACTCTA,0,3938506
xdhAp1,0.3333333333333333,2,2,TGGATCGTTTGTCGGGTATC,0,3937037
xdhAp1,0.3333333333333333,2,2,TGGAGTTGGAACCTAGGTAC,0,3947594
xdhAp1,0.3333333333333333,2,2,TGGAGGTGTTCGATCCCCTG,0,3945090
xdhAp1,0.3333333333333333,2,2,TGGAATATCACCGTGGCGAG,0,3929952
xdhAp1,0.3333333333333333,2,2,TGGAAGTCATAGGCGACCGA,0,3938996
xdhAp1,0.3333333333333333,2,2,TGCTTTTGTCATCCAACACG,0,3954965
xdhAp1,0.3333333333333333,2,2,TGCTGTCCGTCGGCATTAGC,0,3974219
xdhAp1,0.3333333333333333,2,2,TGCTGTCAGTCGGTGTGGCT,0,3937213
xdhAp1,0.3333333333333333,2,2,TGCTGGACATGCAGTGCGAG,0,3939415
xdhAp1,0.3333333333333333,2,2,TGCTGATCGGCCTGCAAGTA,0,3946254
xdhAp1,0.3333333333333333,2,2,TGCTCAGTCTCTCGGTTCAT,0,3942709
xdhAp1,0.3333333333333333,2,2,TGCTACCCAATCTCTCATTG,0,3929507
xdhAp1,0.3333333333333333,2,2,TGCGTCTAGAGCCAAGTTTT,0,3975657
xdhAp1,0.3333333333333333,2,2,TGCGTAGTTCAGATGCGTAC,0,3948641
xdhAp1,0.3333333333333333,2,2,TGCGTAGCGACATTTCCACC,0,3939032
xdhAp1,0.3333333333333333,2,2,TGCGGTTTCCTCCGCCCGTA,0,3951393
xdhAp1,0.3333333333333333,2,2,TGCGGATCGATGGCACATTT,0,3960357
xdhAp1,0.3333333333333333,2,2,TGCGAGAGTTGTCAGGATTA,0,3953995
xdhAp1,0.3333333333333333,2,2,TGCCTCATAGGTGTGAGAAC,0,3955136
xdhAp1,0.3333333333333333,2,2,TGCAGCCCTCAGCTATCCTT,0,3968076
xdhAp1,0.3333333333333333,2,2,TGCACTATATAGAGTCTGGG,0,3945004
xdhAp1,0.3333333333333333,2,2,TGCACGACTCGCTAATTAGC,0,3931641
xdhAp1,0.3333333333333333,2,2,TGATTACCCCAAATAGCGTT,0,3972163
xdhAp1,0.3333333333333333,2,2,TGATGTCATGGCGCTTGACG,0,3963348
xdhAp1,0.3333333333333333,2,2,TGATGTACTGAAAACCGCCT,0,3950702
xdhAp1,0.3333333333333333,2,2,TGATGGTGATGATTTATTAC,0,3942405
xdhAp1,0.3333333333333333,2,2,TGATCGCGGTAAGTCTCCGG,0,3958862
xdhAp1,0.3333333333333333,2,2,TGATCACACTGTAACTACTG,0,3947724
xdhAp1,0.3333333333333333,2,2,TGAGTGTATTATTAGAGGGA,0,3965331
xdhAp1,0.3333333333333333,2,2,TGAGTGGAGGACAAGTCACT,0,3978476
xdhAp1,0.3333333333333333,2,2,TGAGTAGTGACTGGATATTC,0,3954488
xdhAp1,0.3333333333333333,2,2,TGAGGCGTTGTGGCTCTGAT,0,3954422
xdhAp1,0.3333333333333333,2,2,TGAGATTTGTTAAGAAGTCA,0,3948557
xdhAp1,0.3333333333333333,2,2,TGAGATAAAATCATTATCTG,0,3975674
xdhAp1,0.3333333333333333,2,2,TGAGACGCGCCCCTAAGACC,0,3945570
xdhAp1,0.3333333333333333,2,2,TGACTGATAGCGCCTGACAA,0,3941534
xdhAp1,0.3333333333333333,2,2,TGACCTGTATACGCCGTGTC,0,3941888
xdhAp1,0.3333333333333333,2,2,TGACAGACTTTCAGCGGCAT,0,3939073
xdhAp1,0.3333333333333333,2,2,TGACACGGGAAGCGCGCGAC,0,3962341
xdhAp1,0.3333333333333333,2,2,TGAATACTCTAGGTGCTTCA,0,3969047
xdhAp1,0.3333333333333333,2,2,TGAAGTGGGACCGGTAACAT,0,3955882
xdhAp1,0.3333333333333333,2,2,TGAACCGTAAGAAGCATAGC,0,3976424
xdhAp1,0.3333333333333333,2,2,TGAAATAGGCGCAGTACTAT,0,3934783
xdhAp1,0.3333333333333333,2,2,TGAAAGGGGTTGTCCTAGCT,0,3952383
xdhAp1,0.3333333333333333,2,2,TGAAAACTAAAGAGTCGGAA,0,3931565
xdhAp1,0.3333333333333333,2,2,TCTTGTAACAGAGGGATCTA,0,3949408
xdhAp1,0.3333333333333333,2,2,TCTTGAATTTCTACTCATGC,0,3952264
xdhAp1,0.3333333333333333,2,2,TCTTCACGGTAGGCTTCCTC,0,3972759
xdhAp1,0.3333333333333333,2,2,TCTTATCGGTATGGAATCAC,0,3953370
xdhAp1,0.3333333333333333,2,2,TCTTAGCGCTCTGATTTAAT,0,3957195
xdhAp1,0.3333333333333333,2,2,TCTGTTCGGATACATCACAA,0,3973131
xdhAp1,0.3333333333333333,2,2,TCTGGACGGAGTGGGTCTGG,0,3977233
xdhAp1,0.3333333333333333,2,2,TCTGCTGGATAGAACTGGAC,0,3959318
xdhAp1,0.3333333333333333,2,2,TCTGCGTTCTCCGCCATGAC,0,3953883
xdhAp1,0.3333333333333333,2,2,TCTGACACGCAGCGGTTAGT,0,3966507
xdhAp1,0.3333333333333333,2,2,TCTCTTGAGGCAAGCCACTA,0,3974571
xdhAp1,0.3333333333333333,2,2,TCTCTGTCTAAACAACTTCC,0,3954663
xdhAp1,0.3333333333333333,2,2,TCTCTATAACTCTGGGGCCA,0,3969289
xdhAp1,0.3333333333333333,2,2,TCTCGAGAATGCCGCGACTG,0,3977847
xdhAp1,0.3333333333333333,2,2,TCTCATGTTCGTCCTTTAGG,0,3960516
xdhAp1,0.3333333333333333,2,2,TCTATATGGACAGACGTTCA,0,3966139
xdhAp1,0.3333333333333333,2,2,TCTAGTGGGTAGGACGATGA,0,3948228
xdhAp1,0.3333333333333333,2,2,TCTAGTGCTAACACGGGGCG,0,3956940
xdhAp1,0.3333333333333333,2,2,TCTAGCTGTAGGTCACTCTT,0,3960580
xdhAp1,0.3333333333333333,2,2,TCTAGATCGATTTCACGTTT,0,3980061
xdhAp1,0.3333333333333333,2,2,TCTACACTCTTGTCGAACGA,0,3940910
xdhAp1,0.3333333333333333,2,2,TCTAACCCCAAAGAGGTTGC,0,3932304
xdhAp1,0.3333333333333333,2,2,TCGTGTTTGGGCTATTACAT,0,3972387
xdhAp1,0.3333333333333333,2,2,TCGTAGGTACTATTAGCAAA,0,3966953
xdhAp1,0.3333333333333333,2,2,TCGTAGCTGCGCTTGCTATG,0,3930922
xdhAp1,0.3333333333333333,2,2,TCGTAGATCGGTAACAATAG,0,3929769
xdhAp1,0.3333333333333333,2,2,TCGGTGATGCCTGATCGCGT,0,3977279
xdhAp1,0.3333333333333333,2,2,TCGGTCGTCTCCCAACAAAG,0,3972084
xdhAp1,0.3333333333333333,2,2,TCGGTAGTGTATGGGCCGGG,0,3947194
xdhAp1,0.3333333333333333,2,2,TCGGTACGGCTGACGTTGGG,0,3974450
xdhAp1,0.3333333333333333,2,2,TCGGGCTCGCCGCAAGGGAG,0,3965875
xdhAp1,0.3333333333333333,2,2,TCGGGCGCAATGCCTAACGT,0,3934008
xdhAp1,0.3333333333333333,2,2,TCGGGAACGACGGCATACGA,0,3967907
xdhAp1,0.3333333333333333,2,2,TCGGCTAGGCCCCGAACGCA,0,3947115
xdhAp1,0.3333333333333333,2,2,TCGCTGTACGAGCGCTGCAG,0,3937690
xdhAp1,0.3333333333333333,2,2,TCGCTCGGGTGGAACCTTGT,0,3959321
xdhAp1,0.3333333333333333,2,2,TCGCGTCCCGTTAAACATGT,0,3944873
xdhAp1,0.3333333333333333,2,2,TCGCGGTCGGTACGCTTAGC,0,3977038
xdhAp1,0.3333333333333333,2,2,TCGCCGACCAGGGATGGAAA,0,3969654
xdhAp1,0.3333333333333333,2,2,TCGATTCGAGCCGGGGCATA,0,3941158
xdhAp1,0.3333333333333333,2,2,TCGATCTGGCAATATCTTTC,0,3941682
xdhAp1,0.3333333333333333,2,2,TCGATCCAGGTCTTGAAGTG,0,3947790
xdhAp1,0.3333333333333333,2,2,TCGAAATAGGATTTTCTGAT,0,3936879
xdhAp1,0.3333333333333333,2,2,TCCTCGTATTTACGTATGGA,0,3957227
xdhAp1,0.3333333333333333,2,2,TCCTCATTGCGTGAGCCGAC,0,3956619
xdhAp1,0.3333333333333333,2,2,TCCTACTTGGGTTGCTTAGA,0,3956722
xdhAp1,0.3333333333333333,2,2,TCCGTTCGATGACAGGCAGG,0,3945543
xdhAp1,0.3333333333333333,2,2,TCCGTTAGACTGTGGAGATG,0,3956714
xdhAp1,0.3333333333333333,2,2,TCCGTCAAGACAGATGGACC,0,3955678
xdhAp1,0.3333333333333333,2,2,TCCGTAACGTATGGGTGTTA,0,3956181
xdhAp1,0.3333333333333333,2,2,TCCGCAGCCGGTCAGGGAGG,0,3965745
xdhAp1,0.3333333333333333,2,2,TCCGACGGATTTCGTCCCCA,0,3957602
xdhAp1,0.3333333333333333,2,2,TCCGAATAGGATGTGTCGGC,0,3967004
xdhAp1,0.3333333333333333,2,2,TCCCGCCACAGCGGCCATAA,0,3961169
xdhAp1,0.3333333333333333,2,2,TCCCGAATGGGTGCTGTCAT,0,3950333
xdhAp1,0.3333333333333333,2,2,TCCCCTTTATGACTTGAAAA,0,3936483
xdhAp1,0.3333333333333333,2,2,TCCATGGCTCAGACCTTGGT,0,3948493
xdhAp1,0.3333333333333333,2,2,TCCATAAGTTAAGTCATTAA,0,3972350
xdhAp1,0.3333333333333333,2,2,TCCAGTCGTCTCCACTGGGG,0,3959725
xdhAp1,0.3333333333333333,2,2,TCCAGGCTAAATCCTCCATC,0,3979135
xdhAp1,0.3333333333333333,2,2,TCCAGATATGGCGACGAATG,0,3941507
xdhAp1,0.3333333333333333,2,2,TCCACGATGTTCACTAGGTA,0,3961422
xdhAp1,0.3333333333333333,2,2,TCCAAGCCTATCCCCCGGCG,0,3940123
xdhAp1,0.3333333333333333,2,2,TCATTTTCGGGTCGCGTCCA,0,3961674
xdhAp1,0.3333333333333333,2,2,TCATCGCCGTTTGTGAGCGC,0,3970532
xdhAp1,0.3333333333333333,2,2,TCATCAACGAGCTAGTGACT,0,3956277
xdhAp1,0.3333333333333333,2,2,TCAGTTGTTCTCTAGTACGG,0,3963500
xdhAp1,0.3333333333333333,2,2,TCAGTTGCATACAAGCAACG,0,3948544
xdhAp1,0.3333333333333333,2,2,TCAGGCGGTTGGGGTGCGTC,0,3972277
xdhAp1,0.3333333333333333,2,2,TCAGGAAGATGTGCAACAGT,0,3981090
xdhAp1,0.3333333333333333,2,2,TCAGCTTTTGTAGTTAGTCG,0,3973747
xdhAp1,0.3333333333333333,2,2,TCAGCTTTTAGTGATCAGCG,0,3947185
xdhAp1,0.3333333333333333,2,2,TCAGCTCGGAGTCGGTTAGA,0,3952042
xdhAp1,0.3333333333333333,2,2,TCAGCGACGGCCAGGCGTAG,0,3944696
xdhAp1,0.3333333333333333,2,2,TCAGATGTAGACCTAAATAA,0,3943690
xdhAp1,0.3333333333333333,2,2,TCACGTACACAATTTTGACG,0,3976516
xdhAp1,0.3333333333333333,2,2,TCACGCCGCCGCTGATGTTA,0,3939802
xdhAp1,0.3333333333333333,2,2,TCACCGCAACTGTTTATTAC,0,3967502
xdhAp1,0.3333333333333333,2,2,TCACATAGGCGAATGGCAAT,0,3936033
xdhAp1,0.3333333333333333,2,2,TCAAGTGTACCCCTGTTAAA,0,3966141
xdhAp1,0.3333333333333333,2,2,TCAACTCTCTACGGGATTCG,0,3958263
xdhAp1,0.3333333333333333,2,2,TCAACATTCACCAGCGGTAT,0,3979103
xdhAp1,0.3333333333333333,2,2,TCAAATGATTCCAGGACTTT,0,3959050
xdhAp1,0.3333333333333333,2,2,TCAAATCACCGTTTATTATT,0,3929964
xdhAp1,0.3333333333333333,2,2,TCAAATATGAGAGCGTGAAT,0,3945178
xdhAp1,0.3333333333333333,2,2,TCAAAGCGCCCCGCTCTAGG,0,3957933
xdhAp1,0.3333333333333333,2,2,TCAAAAATCCCCGAAAGTCA,0,3958841
xdhAp1,0.3333333333333333,2,2,TATTGTTATAATGCTCACTC,0,3944294
xdhAp1,0.3333333333333333,2,2,TATTCCATGCAGGCGGACTT,0,3963973
xdhAp1,0.3333333333333333,2,2,TATGGGCGTACAAACTATCG,0,3956159
xdhAp1,0.3333333333333333,2,2,TATGGCTCCAAGGTTATTGC,0,3935785
xdhAp1,0.3333333333333333,2,2,TATGCTACCTCGAGTTTGAG,0,3929709
xdhAp1,0.3333333333333333,2,2,TATGCAGACCAGCTCACAAA,0,3950325
xdhAp1,0.3333333333333333,2,2,TATGAAACTTCAGGCCAAGC,0,3939351
xdhAp1,0.3333333333333333,2,2,TATCTTTTCCCTTACGCAGC,0,3955111
xdhAp1,0.3333333333333333,2,2,TATCTGCTCCGAATCAGGGG,0,3955559
xdhAp1,0.3333333333333333,2,2,TATCGAGATGACTAGATACG,0,3936888
xdhAp1,0.3333333333333333,2,2,TATCGAACAGGGGCTCATGT,0,3942480
xdhAp1,0.3333333333333333,2,2,TATCATAAAGTGAGATTTTC,0,3931974
xdhAp1,0.3333333333333333,2,2,TATCAAGACACTGATGTACA,0,3951470
xdhAp1,0.3333333333333333,2,2,TATATACTGCGGTGTGCTGT,0,3979055
xdhAp1,0.3333333333333333,2,2,TAGTCAAATCCACCGCCGAG,0,3937592
xdhAp1,0.3333333333333333,2,2,TAGGTCGGTGACCGCCACTA,0,3959358
xdhAp1,0.3333333333333333,2,2,TAGGTCCGATGTGAAGAGCT,0,3978344
xdhAp1,0.3333333333333333,2,2,TAGGGGTACGCTGACGGGCA,0,3974197
xdhAp1,0.3333333333333333,2,2,TAGGGGAACCCCGCGGCGAT,0,3977936
xdhAp1,0.3333333333333333,2,2,TAGGCTGAAGCCGGCAACCG,0,3976886
xdhAp1,0.3333333333333333,2,2,TAGGCTCAATTAGGCGCCAG,0,3975806
xdhAp1,0.3333333333333333,2,2,TAGGCCTTTCAGGGGGCGTG,0,3978806
xdhAp1,0.3333333333333333,2,2,TAGGATGCTCACATGCGCCG,0,3946719
xdhAp1,0.3333333333333333,2,2,TAGCTGAGTCTTGAGATATT,0,3979736
xdhAp1,0.3333333333333333,2,2,TAGCCTAGTGGAGGACTAAA,0,3965572
xdhAp1,0.3333333333333333,2,2,TAGCAGGTACCAAGCCAATT,0,3966945
xdhAp1,0.3333333333333333,2,2,TAGCAAGCCTAACCACCTTA,0,3929102
xdhAp1,0.3333333333333333,2,2,TAGATGTATCATTCGGCGAG,0,3967007
xdhAp1,0.3333333333333333,2,2,TAGATGGTATCCCAGCCTGA,0,3959176
xdhAp1,0.3333333333333333,2,2,TAGAGCAAGCGCATGTGTCA,0,3962594
xdhAp1,0.3333333333333333,2,2,TAGAGAAGCGGATCCCCGCT,0,3958688
xdhAp1,0.3333333333333333,2,2,TAGACGCGTGCTCTGATATC,0,3959169
xdhAp1,0.3333333333333333,2,2,TACTGGATGTGGTCAGGGCA,0,3943157
xdhAp1,0.3333333333333333,2,2,TACTGAGCATAAAGGACTCT,0,3971396
xdhAp1,0.3333333333333333,2,2,TACGGGCGTTACGAAATCGA,0,3955433
xdhAp1,0.3333333333333333,2,2,TACGGAAAAAGTCTCACTTG,0,3930463
xdhAp1,0.3333333333333333,2,2,TACGCCGAATTCGGGTTTAG,0,3931568
xdhAp1,0.3333333333333333,2,2,TACGATCGTCATGAGACGAA,0,3953372
xdhAp1,0.3333333333333333,2,2,TACGAGCTCGTCAAACATTG,0,3932859
xdhAp1,0.3333333333333333,2,2,TACCTCGCAACATCTGTTCC,0,3981121
xdhAp1,0.3333333333333333,2,2,TACCGGTGGCCCGAGGATGA,0,3970328
xdhAp1,0.3333333333333333,2,2,TACCCTACCTTTCTACCAGG,0,3977174
xdhAp1,0.3333333333333333,2,2,TACCATAATCATACGCGGGG,0,3945224
xdhAp1,0.3333333333333333,2,2,TACAGCGCACGCATTCTTTA,0,3960942
xdhAp1,0.3333333333333333,2,2,TACACCCACTTACTGGTCTT,0,3977337
xdhAp1,0.3333333333333333,2,2,TACACAATGCCACCGAAGAG,0,3967098
xdhAp1,0.3333333333333333,2,2,TACAATTAGGGTAGGTTGTC,0,3946425
xdhAp1,0.3333333333333333,2,2,TACAATGTAATTCAACTTTC,0,3938896
xdhAp1,0.3333333333333333,2,2,TACAACTAGGCTTCGTATTA,0,3962530
xdhAp1,0.3333333333333333,2,2,TAATTTTTGATCAACCGGGA,0,3935602
xdhAp1,0.3333333333333333,2,2,TAATCGGACTCGCCCTTTGG,0,3952519
xdhAp1,0.3333333333333333,2,2,TAATCCCCAGTCTGTTCATA,0,3976308
xdhAp1,0.3333333333333333,2,2,TAATCCCAAAATGAAGCGTT,0,3930880
xdhAp1,0.3333333333333333,2,2,TAATACCTTACTCGTTCAGT,0,3956446
xdhAp1,0.3333333333333333,2,2,TAAGTTGCAGTCAGGTGTAC,0,3933824
xdhAp1,0.3333333333333333,2,2,TAAGCTGGCTTTGCTATATA,0,3953226
xdhAp1,0.3333333333333333,2,2,TAACTATTGGTCCACTTTTG,0,3951253
xdhAp1,0.3333333333333333,2,2,TAACGGGAGGTGACAGTCCA,0,3952147
xdhAp1,0.3333333333333333,2,2,TAACGAGGGTTAATCTTTTA,0,3975901
xdhAp1,0.3333333333333333,2,2,TAACCTCACCTAACATGGTC,0,3936053
xdhAp1,0.3333333333333333,2,2,TAACCACTCCGGCTATGAGC,0,3961981
xdhAp1,0.3333333333333333,2,2,TAACACCGGCTCCAGCAATA,0,3963309
xdhAp1,0.3333333333333333,2,2,TAACAAAATTCCGAAGTGAT,0,3972476
xdhAp1,0.3333333333333333,2,2,TAAATGCGTGTCCTTTTGGC,0,3981248
xdhAp1,0.3333333333333333,2,2,TAAATAATTCGGTACAACAA,0,3966947
xdhAp1,0.3333333333333333,2,2,TAAAGGGTAGTCCTACCTAA,0,3960052
xdhAp1,0.3333333333333333,2,2,GTTTTCAGAGTTGGGCTCAG,0,3964650
xdhAp1,0.3333333333333333,2,2,GTTTTAATTTGGACAGATAC,0,3930663
xdhAp1,0.3333333333333333,2,2,GTTTTAAGGAGCTAATAAAT,0,3939528
xdhAp1,0.3333333333333333,2,2,GTTTGTTTTTCAAGTTAAAC,0,3969494
xdhAp1,0.3333333333333333,2,2,GTTTGCCGGGTTAAGCCGTC,0,3940553
xdhAp1,0.3333333333333333,2,2,GTTTATGCTGTCAACATCCC,0,3967562
xdhAp1,0.3333333333333333,2,2,GTTGGGCCATTATTCTTCGG,0,3931889
xdhAp1,0.3333333333333333,2,2,GTTGGAAATTAGCTGACGTG,0,3967002
xdhAp1,0.3333333333333333,2,2,GTTGAATACAGCTCGGACAG,0,3970335
xdhAp1,0.3333333333333333,2,2,GTTCTTTTCCGGTCAAGAGT,0,3950146
xdhAp1,0.3333333333333333,2,2,GTTCCAGCATTAGTCGCGGG,0,3936845
xdhAp1,0.3333333333333333,2,2,GTTCACTGGGGCAAACCCTG,0,3980795
xdhAp1,0.3333333333333333,2,2,GTTCAATCGGGTTGCTCGGA,0,3944960
xdhAp1,0.3333333333333333,2,2,GTTATTTTTAATGAAGTCTG,0,3929743
xdhAp1,0.3333333333333333,2,2,GTTATGTAAGCACCCTGGTT,0,3967518
xdhAp1,0.3333333333333333,2,2,GTTATGGGCGGTGCTGGAAA,0,3935900
xdhAp1,0.3333333333333333,2,2,GTTAGTAACACGAGGTCGCG,0,3946099
xdhAp1,0.3333333333333333,2,2,GTTAGGAGCTTTAACATCAA,0,3963397
xdhAp1,0.3333333333333333,2,2,GTGTAGCCACGATTAATGGA,0,3973619
xdhAp1,0.3333333333333333,2,2,GTGTACTAAGCGAAGGCGGG,0,3973848
xdhAp1,0.3333333333333333,2,2,GTGGTTTGGAGAATTGCCGT,0,3947653
xdhAp1,0.3333333333333333,2,2,GTGGTGTGGATGCTTTGCGG,0,3935435
xdhAp1,0.3333333333333333,2,2,GTGGCTGCCTTCCTACAATG,0,3956145
xdhAp1,0.3333333333333333,2,2,GTGGCGCAACGTATCTGAGT,0,3943620
xdhAp1,0.3333333333333333,2,2,GTGGATGCCGTGTCTCACGA,0,3946418
xdhAp1,0.3333333333333333,2,2,GTGGAGCCTGATAGTACAAG,0,3945250
xdhAp1,0.3333333333333333,2,2,GTGGAACTACAATACGGTCA,0,3944284
xdhAp1,0.3333333333333333,2,2,GTGCTCTCGTAGAAACGGAT,0,3957600
xdhAp1,0.3333333333333333,2,2,GTGCGTAATCCAAGAGCGAC,0,3931274
xdhAp1,0.3333333333333333,2,2,GTGCGGTCCACGTAATATAA,0,3959875
xdhAp1,0.3333333333333333,2,2,GTGCAATACGACTTTAGGTA,0,3942677
xdhAp1,0.3333333333333333,2,2,GTGATCAGTGTAGGACCATG,0,3956067
xdhAp1,0.3333333333333333,2,2,GTGAGTCTCTCTTCAAATAG,0,3955971
xdhAp1,0.3333333333333333,2,2,GTGAATTAATACACCGGGGA,0,3980298
xdhAp1,0.3333333333333333,2,2,GTCTGGAGAACAGCGACTTG,0,3958235
xdhAp1,0.3333333333333333,2,2,GTCTGCATTGGAGCAGCAGG,0,3967555
xdhAp1,0.3333333333333333,2,2,GTCTCGTCTTGGTGCAGCGG,0,3946503
xdhAp1,0.3333333333333333,2,2,GTCTCGTCCCGCGGCCAATC,0,3947105
xdhAp1,0.3333333333333333,2,2,GTCTCGATCGAAGGCCTCAC,0,3957788
xdhAp1,0.3333333333333333,2,2,GTCTCCCGATAGATGAGAGC,0,3953800
xdhAp1,0.3333333333333333,2,2,GTCTCAGCCTCTGCCGCCGG,0,3958042
xdhAp1,0.3333333333333333,2,2,GTCTATCTGCGCAATCAACA,0,3935217
xdhAp1,0.3333333333333333,2,2,GTCGCGAAAGGTTGTTCACA,0,3964047
xdhAp1,0.3333333333333333,2,2,GTCGCACTCAAAAATCCTGA,0,3943087
xdhAp1,0.3333333333333333,2,2,GTCGAGTTACCGTCTGAAGA,0,3949520
xdhAp1,0.3333333333333333,2,2,GTCCTTGATTGCGTATTGTG,0,3975693
xdhAp1,0.3333333333333333,2,2,GTCCGGCTAATTGGGGCAGA,0,3970743
xdhAp1,0.3333333333333333,2,2,GTCCGGCCCCGTGGTTGGAC,0,3946251
xdhAp1,0.3333333333333333,2,2,GTCCGCTGCCTTGATAAGGT,0,3964023
xdhAp1,0.3333333333333333,2,2,GTCCAGTCCCCCCTGTCCGA,0,3950904
xdhAp1,0.3333333333333333,2,2,GTCAGGTCCGCGTTGTAGAA,0,3969758
xdhAp1,0.3333333333333333,2,2,GTCAGGGCTCCAGCATACTC,0,3963778
xdhAp1,0.3333333333333333,2,2,GTCACCTTTTTCAAACAGAA,0,3962662
xdhAp1,0.3333333333333333,2,2,GTCACACCCGGTGGATGATC,0,3941156
xdhAp1,0.3333333333333333,2,2,GTCAAGAGGGATAAAATCCA,0,3936219
xdhAp1,0.3333333333333333,2,2,GTATTCGGTCATAAGTAGTC,0,3943227
xdhAp1,0.3333333333333333,2,2,GTATTATCTAATTGACAGTA,0,3963923
xdhAp1,0.3333333333333333,2,2,GTATCTGAATCCATCTCGTT,0,3941110
xdhAp1,0.3333333333333333,2,2,GTATCGTTCAGCGCCGAATT,0,3958135
xdhAp1,0.3333333333333333,2,2,GTATCATCCTAGCACCGCTG,0,3936293
xdhAp1,0.3333333333333333,2,2,GTAGTCTGCCGGACTGGCTT,0,3959649
xdhAp1,0.3333333333333333,2,2,GTAGGGTGCAGTGGTATTTG,0,3950582
xdhAp1,0.3333333333333333,2,2,GTAGCTCGTCGCAGCCTTTC,0,3930683
xdhAp1,0.3333333333333333,2,2,GTAGAGGTCGCGCGTATTCG,0,3981378
xdhAp1,0.3333333333333333,2,2,GTACTGGTTCGAGATGTGTT,0,3937814
xdhAp1,0.3333333333333333,2,2,GTACTAGCACATAAGTCCCT,0,3942489
xdhAp1,0.3333333333333333,2,2,GTACGGGCTTTCTTCGGGTG,0,3948554
xdhAp1,0.3333333333333333,2,2,GTACCCGAGTGAAACCGATG,0,3964076
xdhAp1,0.3333333333333333,2,2,GTACATGCCAACTTGCCTAC,0,3966560
xdhAp1,0.3333333333333333,2,2,GTACAGTCGGCATATGCGGT,0,3947709
xdhAp1,0.3333333333333333,2,2,GTAAGTAGGAGGGCTAGGGA,0,3974282
xdhAp1,0.3333333333333333,2,2,GTAAGAAACGCCTCTGGACA,0,3968211
xdhAp1,0.3333333333333333,2,2,GTAACTTGAACTTTATCGGC,0,3961713
xdhAp1,0.3333333333333333,2,2,GTAAATTTGAATCTGATTGT,0,3940764
xdhAp1,0.3333333333333333,2,2,GGTTTTATACTTCATCAGTC,0,3946678
xdhAp1,0.3333333333333333,2,2,GGTTTGCCAGGAACTGCGCA,0,3944717
xdhAp1,0.3333333333333333,2,2,GGTTTCAATACCGACCTATT,0,3978593
xdhAp1,0.3333333333333333,2,2,GGTTTATAAGTCTTTGCGTC,0,3930796
xdhAp1,0.3333333333333333,2,2,GGTTGTTGCCGTCATAGGAA,0,3964556
xdhAp1,0.3333333333333333,2,2,GGTTCGCTGTGCTCCAGGGG,0,3941187
xdhAp1,0.3333333333333333,2,2,GGTTATAACTTCGTTGGACG,0,3946917
xdhAp1,0.3333333333333333,2,2,GGTTAGTAGGCAGAGCAAAG,0,3945577
xdhAp1,0.3333333333333333,2,2,GGTTAGGTAGGCCAAAATAA,0,3933713
xdhAp1,0.3333333333333333,2,2,GGTTAGCGATAAACTAGGAT,0,3950426
xdhAp1,0.3333333333333333,2,2,GGTTACTCCTCAGCAGGCGA,0,3966617
xdhAp1,0.3333333333333333,2,2,GGTGGTACAAAGCCAGTGTA,0,3957941
xdhAp1,0.3333333333333333,2,2,GGTGGCAATAATCACCGGAT,0,3952597
xdhAp1,0.3333333333333333,2,2,GGTGGATCACGACTGGTTTA,0,3942181
xdhAp1,0.3333333333333333,2,2,GGTGGACCGGCTACTTAGCA,0,3956798
xdhAp1,0.3333333333333333,2,2,GGTGGAAACAGATACAGTAT,0,3935072
xdhAp1,0.3333333333333333,2,2,GGTGCTAGTATGTTCCAAAT,0,3929337
xdhAp1,0.3333333333333333,2,2,GGTCTTGGAAACATTAGAGG,0,3972183
xdhAp1,0.3333333333333333,2,2,GGTCGGCTGACATGGGCAGA,0,3964285
xdhAp1,0.3333333333333333,2,2,GGTCGAGGCATCTTTTCTAC,0,3943816
xdhAp1,0.3333333333333333,2,2,GGTCCACAATGGCGGCAATA,0,3976378
xdhAp1,0.3333333333333333,2,2,GGTCATTACATATTCAATCC,0,3964709
xdhAp1,0.3333333333333333,2,2,GGTCAAGCATAAAACGTCGG,0,3953894
xdhAp1,0.3333333333333333,2,2,GGTATTCAGAGGGACGACAA,0,3963603
xdhAp1,0.3333333333333333,2,2,GGTATAGTTCTTAGAGGCTA,0,3968048
xdhAp1,0.3333333333333333,2,2,GGTAGTGGCGTAGGAATGGC,0,3938958
xdhAp1,0.3333333333333333,2,2,GGTAGGCCTGTTCAGTGCCC,0,3934564
xdhAp1,0.3333333333333333,2,2,GGTAATAGAAAGCTATCAAA,0,3931543
xdhAp1,0.3333333333333333,2,2,GGGTTGTACGAAACAGGGAT,0,3951991
xdhAp1,0.3333333333333333,2,2,GGGTCTCAGTGTCAGATTCG,0,3968944
xdhAp1,0.3333333333333333,2,2,GGGTCACCTAATACAGCCTC,0,3937977
xdhAp1,0.3333333333333333,2,2,GGGTACTGTGTCACCATGAA,0,3935393
xdhAp1,0.3333333333333333,2,2,GGGTAAGAGCTTGTAAGCTT,0,3952802
xdhAp1,0.3333333333333333,2,2,GGGGTCCTAATTTGTTCAAG,0,3968117
xdhAp1,0.3333333333333333,2,2,GGGGGTTCGTCTTGAGAGCG,0,3948271
xdhAp1,0.3333333333333333,2,2,GGGGGGCTCGGCCCGGCAGA,0,3946616
xdhAp1,0.3333333333333333,2,2,GGGGGGCGTCCGAGGATCCT,0,3962139
xdhAp1,0.3333333333333333,2,2,GGGGGGATGCACAGTCAGGA,0,3951001
xdhAp1,0.3333333333333333,2,2,GGGGCTTCCATATTTGCTGA,0,3937340
xdhAp1,0.3333333333333333,2,2,GGGCTTGGCTGACACAGCAC,0,3955234
xdhAp1,0.3333333333333333,2,2,GGGCTGCTAAGTGAACTTAC,0,3966105
xdhAp1,0.3333333333333333,2,2,GGGCTCGTAGTGCAAATTCG,0,3946502
xdhAp1,0.3333333333333333,2,2,GGGCGGGACCATTGATCTGT,0,3960753
xdhAp1,0.3333333333333333,2,2,GGGCCGTGGACTCAGTATAG,0,3933231
xdhAp1,0.3333333333333333,2,2,GGGCCATTGGTATCGGACGT,0,3935038
xdhAp1,0.3333333333333333,2,2,GGGCCACCCACCTCGGACGA,0,3938124
xdhAp1,0.3333333333333333,2,2,GGGATATATCCTATAACGCA,0,3972158
xdhAp1,0.3333333333333333,2,2,GGGAGTTTATACAGATCTTA,0,3971174
xdhAp1,0.3333333333333333,2,2,GGGAGACCGGGTGCCGTGGA,0,3952021
xdhAp1,0.3333333333333333,2,2,GGCTTCAGATCATACGAGTA,0,3959094
xdhAp1,0.3333333333333333,2,2,GGCTCTGGAGGATAAGTACG,0,3965184
xdhAp1,0.3333333333333333,2,2,GGCGTTATTATGGGATCGGA,0,3941503
xdhAp1,0.3333333333333333,2,2,GGCGTGCGAAATGGGAGTTA,0,3970606
xdhAp1,0.3333333333333333,2,2,GGCGTCTGTATGGGCAATAT,0,3931157
xdhAp1,0.3333333333333333,2,2,GGCGGGGTGATGAAACGCTA,0,3958691
xdhAp1,0.3333333333333333,2,2,GGCGGCTGACAATCACGCAT,0,3939759
xdhAp1,0.3333333333333333,2,2,GGCGGAGGAGTGAAAACTAA,0,3963784
xdhAp1,0.3333333333333333,2,2,GGCGCTAAATTCCCGTTGAT,0,3928964
xdhAp1,0.3333333333333333,2,2,GGCGATTATTACGTATCGTA,0,3954020
xdhAp1,0.3333333333333333,2,2,GGCGAGTGTTACATTGTGAT,0,3944528
xdhAp1,0.3333333333333333,2,2,GGCCTGTCGCAATAGTACAA,0,3953959
xdhAp1,0.3333333333333333,2,2,GGCCTCAACTTCTTTGCTCA,0,3957942
xdhAp1,0.3333333333333333,2,2,GGCCCGCGTGCTAAAGTGAT,0,3956775
xdhAp1,0.3333333333333333,2,2,GGCCCAAATATCGTACCGTT,0,3973804
xdhAp1,0.3333333333333333,2,2,GGCCAGTGGGGCACGCCTTG,0,3968586
xdhAp1,0.3333333333333333,2,2,GGCCAGATTGTAAAAGGCCA,0,3976455
xdhAp1,0.3333333333333333,2,2,GGCCACGAGCTAGCCTATCC,0,3975619
xdhAp1,0.3333333333333333,2,2,GGCATGACCGGTCTGTTAAA,0,3969401
xdhAp1,0.3333333333333333,2,2,GGCAGCATGCCGGATAAACA,0,3978378
xdhAp1,0.3333333333333333,2,2,GGCAGATCAGCTCCTACCCG,0,3949365
xdhAp1,0.3333333333333333,2,2,GGATTTCACAACCGTGCGTG,0,3962584
xdhAp1,0.3333333333333333,2,2,GGATTTACAGACGTTTCCAA,0,3978865
xdhAp1,0.3333333333333333,2,2,GGATTCAACTATCAACGCCC,0,3970879
xdhAp1,0.3333333333333333,2,2,GGATTAAACAACTCCTACAT,0,3936019
xdhAp1,0.3333333333333333,2,2,GGATGGCTCGTGCTGGGGAG,0,3968024
xdhAp1,0.3333333333333333,2,2,GGATATTTCATTCTGGGGCG,0,3943706
xdhAp1,0.3333333333333333,2,2,GGATAATCACCAAACCAGTT,0,3945186
xdhAp1,0.3333333333333333,2,2,GGAGTGATACGCATTGATGA,0,3929336
xdhAp1,0.3333333333333333,2,2,GGAGGTGCATTGGAAATTGT,0,3963683
xdhAp1,0.3333333333333333,2,2,GGAGGTGAGAACCTAGTCTC,0,3956963
xdhAp1,0.3333333333333333,2,2,GGAGATGTTTGACCACGTGT,0,3935303
xdhAp1,0.3333333333333333,2,2,GGACTCAGTTAGCTATGGAT,0,3969000
xdhAp1,0.3333333333333333,2,2,GGACAGTACGAATGTAAAGG,0,3959835
xdhAp1,0.3333333333333333,2,2,GGAATGGTTATTCTGCTACT,0,3943077
xdhAp1,0.3333333333333333,2,2,GGAAATGTAACTAACTTTTA,0,3965426
xdhAp1,0.3333333333333333,2,2,GGAAAAGAATATCGGTGTCT,0,3946341
xdhAp1,0.3333333333333333,2,2,GCTTTGATATAAATACCTTC,0,3968327
xdhAp1,0.3333333333333333,2,2,GCTTCAGGACGGAGGACACA,0,3948094
xdhAp1,0.3333333333333333,2,2,GCTGGGTCCGGGAATGGCGG,0,3976866
xdhAp1,0.3333333333333333,2,2,GCTGGGGCAGGTAAAGAGGA,0,3969139
xdhAp1,0.3333333333333333,2,2,GCTGCTTTGATTATTGTTTG,0,3941457
xdhAp1,0.3333333333333333,2,2,GCTGCGGGTTTAATTTATTC,0,3965261
xdhAp1,0.3333333333333333,2,2,GCTGCGAAGCTGACTATCCG,0,3960892
xdhAp1,0.3333333333333333,2,2,GCTGCATGGTTTCTCTCTAA,0,3976247
xdhAp1,0.3333333333333333,2,2,GCTGATGGTCGTCGCGAAAG,0,3930328
xdhAp1,0.3333333333333333,2,2,GCTCTTAGAGACATCCGCTT,0,3973200
xdhAp1,0.3333333333333333,2,2,GCTCTATACGGATCGCAAGA,0,3943926
xdhAp1,0.3333333333333333,2,2,GCTCGTGGGTTGATCCAAGG,0,3979975
xdhAp1,0.3333333333333333,2,2,GCTCGGCCTGCGTTCCCCAG,0,3973464
xdhAp1,0.3333333333333333,2,2,GCTCGACGTCAGTTGCGAAC,0,3930423
xdhAp1,0.3333333333333333,2,2,GCTCCTCACCGCCCCAACAG,0,3941658
xdhAp1,0.3333333333333333,2,2,GCTCCGTTCGACTTCTAGAA,0,3953785
xdhAp1,0.3333333333333333,2,2,GCTATTAAACGTTCTTCTTG,0,3964694
xdhAp1,0.3333333333333333,2,2,GCTAGTAGCACTACTTCTGT,0,3977902
xdhAp1,0.3333333333333333,2,2,GCTACCTGATATAGCGAATC,0,3930195
xdhAp1,0.3333333333333333,2,2,GCTAAATACCCCCGACCCTC,0,3939399
xdhAp1,0.3333333333333333,2,2,GCTAAATAAGGCGATGAGAT,0,3974491
xdhAp1,0.3333333333333333,2,2,GCGTTTGTCACAAGGGTCCC,0,3966220
xdhAp1,0.3333333333333333,2,2,GCGTTGGTCTAAATGGTGAT,0,3947592
xdhAp1,0.3333333333333333,2,2,GCGTTACAACGACAGTAAAG,0,3967737
xdhAp1,0.3333333333333333,2,2,GCGTCGCCGCGACAATAGGT,0,3949047
xdhAp1,0.3333333333333333,2,2,GCGTCCCGGGTGTTAGTGTG,0,3959164
xdhAp1,0.3333333333333333,2,2,GCGTATAGAATGACATCATC,0,3949552
xdhAp1,0.3333333333333333,2,2,GCGGGTAACGACAGCAGGGA,0,3946554
xdhAp1,0.3333333333333333,2,2,GCGGGATAAGCTTCTATACT,0,3970620
xdhAp1,0.3333333333333333,2,2,GCGCTTATGTCGTGCAGGCG,0,3977234
xdhAp1,0.3333333333333333,2,2,GCGCTGATTCGCATTCTATT,0,3932373
xdhAp1,0.3333333333333333,2,2,GCGCTAAAGCCGCGGCTGGT,0,3962275
xdhAp1,0.3333333333333333,2,2,GCGCAAAATGGATCGAAACC,0,3958173
xdhAp1,0.3333333333333333,2,2,GCGATGGTCGCGCAACTGCA,0,3946844
xdhAp1,0.3333333333333333,2,2,GCGATCAGTAGCGGATCTTT,0,3933644
xdhAp1,0.3333333333333333,2,2,GCGAGGTCAGGAGGCGCTGG,0,3946850
xdhAp1,0.3333333333333333,2,2,GCGAACGTGCATACAATGAG,0,3950602
xdhAp1,0.3333333333333333,2,2,GCCTTTGTCTTAGCAACAGG,0,3960098
xdhAp1,0.3333333333333333,2,2,GCCTTTACGGCAGGTTGATA,0,3973723
xdhAp1,0.3333333333333333,2,2,GCCTTGTATGTTCATGACGA,0,3943639
xdhAp1,0.3333333333333333,2,2,GCCTGTCAGTCCAGCCACAC,0,3950615
xdhAp1,0.3333333333333333,2,2,GCCTGATTAGTCATCACGAA,0,3939589
xdhAp1,0.3333333333333333,2,2,GCCTCTACAAGCCCCGCATA,0,3934792
xdhAp1,0.3333333333333333,2,2,GCCTCCATTGTACATCCGTA,0,3972088
xdhAp1,0.3333333333333333,2,2,GCCTCAAGAAAGACGTCACA,0,3972133
xdhAp1,0.3333333333333333,2,2,GCCGTTTAGAGGTGAATGGT,0,3939495
xdhAp1,0.3333333333333333,2,2,GCCGGTCTGACTGCGGTTGC,0,3939489
xdhAp1,0.3333333333333333,2,2,GCCGGGAATACCCCTAACTG,0,3958558
xdhAp1,0.3333333333333333,2,2,GCCGGCCCAGGGTCCCACAA,0,3968183
xdhAp1,0.3333333333333333,2,2,GCCGATAAGACTACATGCAA,0,3972467
xdhAp1,0.3333333333333333,2,2,GCCCTGAAGAACTAAACACA,0,3977436
xdhAp1,0.3333333333333333,2,2,GCCCTCATGCGCGAAAAGGA,0,3943521
xdhAp1,0.3333333333333333,2,2,GCCCGCTACGATCAATTTCG,0,3973362
xdhAp1,0.3333333333333333,2,2,GCCCCGCTTTAACTAATTGT,0,3967528
xdhAp1,0.3333333333333333,2,2,GCCCCACCGACATGGGGGGT,0,3934985
xdhAp1,0.3333333333333333,2,2,GCCCCAACTGAGGCCACGTG,0,3955465
xdhAp1,0.3333333333333333,2,2,GCCCATAAATGCCCGCTAAC,0,3930108
xdhAp1,0.3333333333333333,2,2,GCCATTGACCCACGCTCCGG,0,3948603
xdhAp1,0.3333333333333333,2,2,GCCAGGTGCAAGAGAGGGTC,0,3980525
xdhAp1,0.3333333333333333,2,2,GCCAGGTCAGCTGGGACTCA,0,3949453
xdhAp1,0.3333333333333333,2,2,GCCAGAGAAACAGTGAAGAA,0,3975073
xdhAp1,0.3333333333333333,2,2,GCATTGGATCTGTACTTTTG,0,3980948
xdhAp1,0.3333333333333333,2,2,GCATTCGACGTACATACAGA,0,3965394
xdhAp1,0.3333333333333333,2,2,GCATTCCACCTTTAATGGAT,0,3964998
xdhAp1,0.3333333333333333,2,2,GCATGGAAGGCTTACAGGAC,0,3979843
xdhAp1,0.3333333333333333,2,2,GCATCGTAAACTTGGAAACA,0,3962544
xdhAp1,0.3333333333333333,2,2,GCATAGGGCGCGTGGCACAC,0,3945083
xdhAp1,0.3333333333333333,2,2,GCATAGCTGTGGCTGAATAA,0,3976543
xdhAp1,0.3333333333333333,2,2,GCATAGACCTGTGCAATGAT,0,3972173
xdhAp1,0.3333333333333333,2,2,GCAGTCTTTAAGCTCCACAC,0,3977777
xdhAp1,0.3333333333333333,2,2,GCAGGCCGTGTGAAACATGT,0,3971859
xdhAp1,0.3333333333333333,2,2,GCAGCAATCTGTACGAAATG,0,3959307
xdhAp1,0.3333333333333333,2,2,GCAGATTGTTGATGATACAA,0,3949608
xdhAp1,0.3333333333333333,2,2,GCAGATGTTGGACTAATGCC,0,3931765
xdhAp1,0.3333333333333333,2,2,GCAGATGCGGATGCGCCGTG,0,3948500
xdhAp1,0.3333333333333333,2,2,GCAGAGCCCCGCTCATCCGG,0,3938437
xdhAp1,0.3333333333333333,2,2,GCACCTCCAGTGGCAAAGAT,0,3960062
xdhAp1,0.3333333333333333,2,2,GCACCGTTTATCACGTACCT,0,3964225
xdhAp1,0.3333333333333333,2,2,GCACCGTGGGCTAACAACGG,0,3970347
xdhAp1,0.3333333333333333,2,2,GCACATTCCACGCTCACCAC,0,3933562
xdhAp1,0.3333333333333333,2,2,GCACACTGAATCGCTAAGTA,0,3971989
xdhAp1,0.3333333333333333,2,2,GCACAACTGGAGGAAGAAAA,0,3937221
xdhAp1,0.3333333333333333,2,2,GCAATTAATTCATGGGTAGG,0,3929834
xdhAp1,0.3333333333333333,2,2,GCAAGTCTCGATGCCATCGA,0,3966554
xdhAp1,0.3333333333333333,2,2,GCAACGGGTATGTTTGAAAT,0,3942630
xdhAp1,0.3333333333333333,2,2,GCAACGCTGTCAGGAGGAGA,0,3936003
xdhAp1,0.3333333333333333,2,2,GCAACCCACAACCAGATCTC,0,3961604
xdhAp1,0.3333333333333333,2,2,GATTGTGCTCGAATGTGTGG,0,3957489
xdhAp1,0.3333333333333333,2,2,GATTGGGCCATCATGCTCAT,0,3941039
xdhAp1,0.3333333333333333,2,2,GATTAGTAACGCATGTGCTG,0,3967798
xdhAp1,0.3333333333333333,2,2,GATGTCCTAAGGTAGTTTTA,0,3959349
xdhAp1,0.3333333333333333,2,2,GATGGTGTACAGTATAGTCA,0,3971078
xdhAp1,0.3333333333333333,2,2,GATGGGGTGTACGTCTACAT,0,3930417
xdhAp1,0.3333333333333333,2,2,GATGCTATGGGCCAATAAGA,0,3979072
xdhAp1,0.3333333333333333,2,2,GATGCCGTCCAATAATGGCG,0,3953951
xdhAp1,0.3333333333333333,2,2,GATGAGAAATTTCCTAGTGG,0,3978598
xdhAp1,0.3333333333333333,2,2,GATCTGCTGGGGCCAAAAAC,0,3966720
xdhAp1,0.3333333333333333,2,2,GATCTCCCCACTAACACTTG,0,3936957
xdhAp1,0.3333333333333333,2,2,GATATCGATGACATAATGAC,0,3971034
xdhAp1,0.3333333333333333,2,2,GAGTTCTTTGCGCTTCCAAA,0,3963724
xdhAp1,0.3333333333333333,2,2,GAGTGGTTTGAACTTGTATT,0,3980886
xdhAp1,0.3333333333333333,2,2,GAGTGGGCGATCATAATGGG,0,3975244
xdhAp1,0.3333333333333333,2,2,GAGTCTCATGAGGAGCTTAT,0,3935857
xdhAp1,0.3333333333333333,2,2,GAGTCCTGATTGCCCGTGAT,0,3975621
xdhAp1,0.3333333333333333,2,2,GAGGTTGTCCATGCCGGGCA,0,3953194
xdhAp1,0.3333333333333333,2,2,GAGGTGAAACAGTGATGTGA,0,3934312
xdhAp1,0.3333333333333333,2,2,GAGGTCAATTCATGAAACAA,0,3962208
xdhAp1,0.3333333333333333,2,2,GAGGTACAAACGGAGATTAA,0,3942198
xdhAp1,0.3333333333333333,2,2,GAGGGCTCTCCCGTTCATGC,0,3943701
xdhAp1,0.3333333333333333,2,2,GAGGGCCAGCTCATATCCCT,0,3952025
xdhAp1,0.3333333333333333,2,2,GAGGCAGCGTCGGCAATGCC,0,3957501
xdhAp1,0.3333333333333333,2,2,GAGGAGTATAGGCCCGCAAT,0,3949877
xdhAp1,0.3333333333333333,2,2,GAGCTTAGTGTCGAACTGGA,0,3968626
xdhAp1,0.3333333333333333,2,2,GAGCTGGAATGTTCATTACG,0,3934664
xdhAp1,0.3333333333333333,2,2,GAGCGGGTCAAAGAGGGTCA,0,3977424
xdhAp1,0.3333333333333333,2,2,GAGCGGAGGAAAATCAGAGA,0,3942628
xdhAp1,0.3333333333333333,2,2,GAGCCGGTCAGGAGAATCTA,0,3966860
xdhAp1,0.3333333333333333,2,2,GAGCATAGCGTGCGGTTTCG,0,3981487
xdhAp1,0.3333333333333333,2,2,GAGCAGCCGTCTAGCATCGG,0,3972159
xdhAp1,0.3333333333333333,2,2,GAGCAGAATTAGGGACACCC,0,3966160
xdhAp1,0.3333333333333333,2,2,GAGCACCTTGGCACGAAGAT,0,3945241
xdhAp1,0.3333333333333333,2,2,GAGATTCTGCTAAAAAAATC,0,3931092
xdhAp1,0.3333333333333333,2,2,GAGATCACGGCGACCAGGGG,0,3965835
xdhAp1,0.3333333333333333,2,2,GAGAGACTATCCTGACCAAG,0,3950256
xdhAp1,0.3333333333333333,2,2,GAGAATGCCTTCGGCTGTGC,0,3981326
xdhAp1,0.3333333333333333,2,2,GACTTTAGCTCGGGCTGCAG,0,3952126
xdhAp1,0.3333333333333333,2,2,GACTGGGGGGATATCGTCGT,0,3936853
xdhAp1,0.3333333333333333,2,2,GACTGCGCCCGATGCAAGAT,0,3968182
xdhAp1,0.3333333333333333,2,2,GACTAATGTGTCCGTGACTA,0,3945664
xdhAp1,0.3333333333333333,2,2,GACGTACGCGGTTCACCAAT,0,3972486
xdhAp1,0.3333333333333333,2,2,GACGGTACCAACCTGTACTC,0,3939202
xdhAp1,0.3333333333333333,2,2,GACGGGCATAGCGCTACCCC,0,3973279
xdhAp1,0.3333333333333333,2,2,GACGGAATAGCGCCTGAAGT,0,3974598
xdhAp1,0.3333333333333333,2,2,GACGCGACGCCCGTAGATGT,0,3979781
xdhAp1,0.3333333333333333,2,2,GACGCCCAGTAAACTAAGTT,0,3952738
xdhAp1,0.3333333333333333,2,2,GACGCAGGTCTCGGGACCGT,0,3952562
xdhAp1,0.3333333333333333,2,2,GACCGGTGCCAGGTGGCTAC,0,3930085
xdhAp1,0.3333333333333333,2,2,GACCGACTTGACAACACCCT,0,3948156
xdhAp1,0.3333333333333333,2,2,GACCAAAGAAGGGGCAGATT,0,3947772
xdhAp1,0.3333333333333333,2,2,GACATACTGCCGCAATTCAG,0,3969096
xdhAp1,0.3333333333333333,2,2,GACAGGCGCGTTGTTATGAC,0,3944534
xdhAp1,0.3333333333333333,2,2,GACAGCGGTCAGAACCGATA,0,3971225
xdhAp1,0.3333333333333333,2,2,GACACTGAGGGTGAGTCAGA,0,3964130
xdhAp1,0.3333333333333333,2,2,GAATGTCAGTCAACTCAACT,0,3935373
xdhAp1,0.3333333333333333,2,2,GAATCCCCCAATTCGTGCTG,0,3974625
xdhAp1,0.3333333333333333,2,2,GAATATAATTGAGTAGAATT,0,3978332
xdhAp1,0.3333333333333333,2,2,GAATACTATAGATGTCCATT,0,3931702
xdhAp1,0.3333333333333333,2,2,GAATACCATTTCTTCAAGTC,0,3955477
xdhAp1,0.3333333333333333,2,2,GAATAACACGAGATGGGAGT,0,3964376
xdhAp1,0.3333333333333333,2,2,GAAGTCTTGCAACTGCCACA,0,3953232
xdhAp1,0.3333333333333333,2,2,GAAGGCAATGGGCGAATGGG,0,3950976
xdhAp1,0.3333333333333333,2,2,GAAGCTGCCCGGGTCCTGCG,0,3935108
xdhAp1,0.3333333333333333,2,2,GAAGCATATAATGGGTTGGT,0,3942871
xdhAp1,0.3333333333333333,2,2,GAAGATAGATGTTCTCTTTT,0,3950460
xdhAp1,0.3333333333333333,2,2,GAAGAATGCATCATTATAGG,0,3948162
xdhAp1,0.3333333333333333,2,2,GAACGTTCCGCTTAGCATAC,0,3958506
xdhAp1,0.3333333333333333,2,2,GAACACCGCTTTGGCTCTGT,0,3980200
xdhAp1,0.3333333333333333,2,2,GAACAAGGATATGGCGTTCG,0,3943276
xdhAp1,0.3333333333333333,2,2,GAAATTGATAACCGTGAGCA,0,3930275
xdhAp1,0.3333333333333333,2,2,GAAATGGTTAAGCATTGCTG,0,3950205
xdhAp1,0.3333333333333333,2,2,GAAAGTTTTATATGTCAGCG,0,3953581
xdhAp1,0.3333333333333333,2,2,GAAAGTTTCAAGCGTTCTCC,0,3973001
xdhAp1,0.3333333333333333,2,2,GAAAGAGCCACAATCCGTCA,0,3955242
xdhAp1,0.3333333333333333,2,2,GAAAATCGTCCATCGTGTGG,0,3962331
xdhAp1,0.3333333333333333,2,2,GAAAATATGGGTGAACACGG,0,3930280
xdhAp1,0.3333333333333333,2,2,GAAAACGAGGTCGGGGCGGC,0,3955996
xdhAp1,0.3333333333333333,2,2,GAAAAAGGTATTTTGTGCGC,0,3963076
xdhAp1,0.3333333333333333,2,2,CTTTTCTTGCACATTTTTAT,0,3960027
xdhAp1,0.3333333333333333,2,2,CTTTTCTATATTATACCATA,0,3972397
xdhAp1,0.3333333333333333,2,2,CTTTTCGTGGACCACAATAC,0,3937660
xdhAp1,0.3333333333333333,2,2,CTTTGCACCCAGGGCACTCC,0,3950932
xdhAp1,0.3333333333333333,2,2,CTTGGCCATCTATACGTTTC,0,3971332
xdhAp1,0.3333333333333333,2,2,CTTGCGGGGCACCACTACGG,0,3967339
xdhAp1,0.3333333333333333,2,2,CTTGCCACGTCATCATGCCG,0,3974779
xdhAp1,0.3333333333333333,2,2,CTTGAGAATGGCTCATGGCT,0,3951029
xdhAp1,0.3333333333333333,2,2,CTTGAGAATATGCTGATCAT,0,3953207
xdhAp1,0.3333333333333333,2,2,CTTGAAGCGAATTTAACCTG,0,3973914
xdhAp1,0.3333333333333333,2,2,CTTAGCCCTATATGACTGAC,0,3947265
xdhAp1,0.3333333333333333,2,2,CTTAGATGATGAGCTTCTAC,0,3975549
xdhAp1,0.3333333333333333,2,2,CTTAACCCTCCGCAACTACA,0,3938606
xdhAp1,0.3333333333333333,2,2,CTTAAATAGAAGGACCTACA,0,3971198
xdhAp1,0.3333333333333333,2,2,CTTAAAATGGTTTAAGGCGT,0,3942455
xdhAp1,0.3333333333333333,2,2,CTGTGCATTTCGCTCAATAC,0,3952616
xdhAp1,0.3333333333333333,2,2,CTGTCGCACAGTGTGCGTCC,0,3952136
xdhAp1,0.3333333333333333,2,2,CTGGTCCGCTAGCGTGTCAC,0,3981353
xdhAp1,0.3333333333333333,2,2,CTGGTATGCAGAGCCGGTAC,0,3938085
xdhAp1,0.3333333333333333,2,2,CTGGGTGATAATGACTAGGT,0,3968776
xdhAp1,0.3333333333333333,2,2,CTGGGTAGTAAGGACTCATG,0,3948458
xdhAp1,0.3333333333333333,2,2,CTGGGATTCTGCAAGAAGCC,0,3974278
xdhAp1,0.3333333333333333,2,2,CTGGCGCGCCTGTAAGAGTA,0,3981048
xdhAp1,0.3333333333333333,2,2,CTGGCGAGGGGTACGTTAGA,0,3938482
xdhAp1,0.3333333333333333,2,2,CTGGACGTCACCATACACCG,0,3970680
xdhAp1,0.3333333333333333,2,2,CTGATTACGGATGCTGTCAT,0,3967169
xdhAp1,0.3333333333333333,2,2,CTGATGCGCACGAGAATTCC,0,3935606
xdhAp1,0.3333333333333333,2,2,CTGATCCTGCTGTCAGTTAT,0,3958872
xdhAp1,0.3333333333333333,2,2,CTGAGGTGCCTACGAATTTA,0,3940113
xdhAp1,0.3333333333333333,2,2,CTGAGAATCGCATGGCCGTA,0,3958582
xdhAp1,0.3333333333333333,2,2,CTGAAATGCGAGGGACGCAG,0,3981448
xdhAp1,0.3333333333333333,2,2,CTCTGTCCAGCGTACGATTT,0,3942095
xdhAp1,0.3333333333333333,2,2,CTCTGGGTAAGAACATCGAT,0,3957091
xdhAp1,0.3333333333333333,2,2,CTCTGGCTGCTGAGCAATCC,0,3933834
xdhAp1,0.3333333333333333,2,2,CTCTCTGTCCTGTCCCGGCC,0,3973332
xdhAp1,0.3333333333333333,2,2,CTCTAGGAAGACCTCCAGTA,0,3971997
xdhAp1,0.3333333333333333,2,2,CTCGTCTGAGAGCCACACGG,0,3947107
xdhAp1,0.3333333333333333,2,2,CTCGGGCGCAGATAAGTTGT,0,3967435
xdhAp1,0.3333333333333333,2,2,CTCGCGTATGCGGGCACTAA,0,3934708
xdhAp1,0.3333333333333333,2,2,CTCGCCCTCGTAATGGGGTT,0,3981365
xdhAp1,0.3333333333333333,2,2,CTCGCCACTCCGTTCGCAGT,0,3932096
xdhAp1,0.3333333333333333,2,2,CTCCTTTTTTGGTTGATTTC,0,3966949
xdhAp1,0.3333333333333333,2,2,CTCCGTGAGACACAGGTCCT,0,3942400
xdhAp1,0.3333333333333333,2,2,CTCCGTCGAGAAACGAGTGT,0,3962540
xdhAp1,0.3333333333333333,2,2,CTCCGGTGCGCCACAAGACA,0,3977679
xdhAp1,0.3333333333333333,2,2,CTCCAAGATCATTCCGTTCA,0,3948958
xdhAp1,0.3333333333333333,2,2,CTCATCATGGTCCTCAGTGG,0,3929020
xdhAp1,0.3333333333333333,2,2,CTCATCACCAAGCATAAATA,0,3960298
xdhAp1,0.3333333333333333,2,2,CTCAGCCTAATCGATTTCCA,0,3948540
xdhAp1,0.3333333333333333,2,2,CTCAGATACACGACGTAACG,0,3970006
xdhAp1,0.3333333333333333,2,2,CTCAATGGCGCTTTGGTGGG,0,3945898
xdhAp1,0.3333333333333333,2,2,CTATTTCAAGAGAGGGCAAG,0,3976288
xdhAp1,0.3333333333333333,2,2,CTATTGCAATGTGTTGAATT,0,3931080
xdhAp1,0.3333333333333333,2,2,CTATTCGAATATCACGATCC,0,3933953
xdhAp1,0.3333333333333333,2,2,CTAGTGGTTAATAAAGGAGC,0,3967475
xdhAp1,0.3333333333333333,2,2,CTAGCCAGCGCCACGATGGG,0,3936303
xdhAp1,0.3333333333333333,2,2,CTAGCATCAACTGCGGGGAT,0,3953941
xdhAp1,0.3333333333333333,2,2,CTAGACACTTAGCCTTGAAC,0,3975744
xdhAp1,0.3333333333333333,2,2,CTACTAGACCGGTAAACCAG,0,3932482
xdhAp1,0.3333333333333333,2,2,CTACGTGCCACGCCGCTGAG,0,3937493
xdhAp1,0.3333333333333333,2,2,CTACGCACCATAAAGTAGAC,0,3940823
xdhAp1,0.3333333333333333,2,2,CTACATCTGGCCAATACTAA,0,3947539
xdhAp1,0.3333333333333333,2,2,CTACAACTCCGTCTCCTAAC,0,3942999
xdhAp1,0.3333333333333333,2,2,CTAAACAGTGGTATCGGGTG,0,3955287
xdhAp1,0.3333333333333333,2,2,CGTTGTGCAACGTCCGCTCC,0,3937704
xdhAp1,0.3333333333333333,2,2,CGTTGGAGCTTGGGCATATA,0,3975718
xdhAp1,0.3333333333333333,2,2,CGTTGCAGTTCCGCAAGCTG,0,3965607
xdhAp1,0.3333333333333333,2,2,CGTTCGTCTGGGAAAAGCAA,0,3935171
xdhAp1,0.3333333333333333,2,2,CGTTCCACACACCGTTAACA,0,3956606
xdhAp1,0.3333333333333333,2,2,CGTTAGTATGAATTATGCCA,0,3964158
xdhAp1,0.3333333333333333,2,2,CGTGTCCCGTTGTACAATCT,0,3942251
xdhAp1,0.3333333333333333,2,2,CGTGTAGCGATAGGTCAAGC,0,3945061
xdhAp1,0.3333333333333333,2,2,CGTGGCCTCGTGGAAACGTT,0,3931425
xdhAp1,0.3333333333333333,2,2,CGTGGAAAAGGTTAGGAAGG,0,3943953
xdhAp1,0.3333333333333333,2,2,CGTGCATCAGACATGCTCAG,0,3932353
xdhAp1,0.3333333333333333,2,2,CGTGCACTAGGCAGCAAGGG,0,3937792
xdhAp1,0.3333333333333333,2,2,CGTGAGCGATACGCCGGGCT,0,3929144
xdhAp1,0.3333333333333333,2,2,CGTGAACAAAGGTTCGCAAA,0,3960089
xdhAp1,0.3333333333333333,2,2,CGTCTCCGGGGTCCTTCCAT,0,3962508
xdhAp1,0.3333333333333333,2,2,CGTCGTTGCCCCTCAGGAGA,0,3969140
xdhAp1,0.3333333333333333,2,2,CGTCCGGACATCGTAACGTA,0,3980644
xdhAp1,0.3333333333333333,2,2,CGTAGGAATATCATGTATGT,0,3981246
xdhAp1,0.3333333333333333,2,2,CGTAGCCATCCCACTAAGCA,0,3966555
xdhAp1,0.3333333333333333,2,2,CGTACTTTACGAGCGAAACT,0,3973600
xdhAp1,0.3333333333333333,2,2,CGTACTCGTAATTTACTCGG,0,3952005
xdhAp1,0.3333333333333333,2,2,CGTACCTAGGTTCTCATCTA,0,3966235
xdhAp1,0.3333333333333333,2,2,CGTAAACAGCGGGGCAGAGA,0,3944186
xdhAp1,0.3333333333333333,2,2,CGGTTTGTTTCCATAATTAA,0,3965039
xdhAp1,0.3333333333333333,2,2,CGGTTATGATGTATAAGCGA,0,3937057
xdhAp1,0.3333333333333333,2,2,CGGTTAGCGTCACGATTAAG,0,3981512
xdhAp1,0.3333333333333333,2,2,CGGTCGGTCTCGCCTACCAA,0,3939698
xdhAp1,0.3333333333333333,2,2,CGGTATTAGGCAGGGGCTTA,0,3965202
xdhAp1,0.3333333333333333,2,2,CGGTATCAAGGCTGTTGTGA,0,3954078
xdhAp1,0.3333333333333333,2,2,CGGTACTTGGCTGCTGTCTC,0,3962036
xdhAp1,0.3333333333333333,2,2,CGGTACGCATGAAGCTCAGT,0,3933266
xdhAp1,0.3333333333333333,2,2,CGGTAATCCCGATTATGGAA,0,3932087
xdhAp1,0.3333333333333333,2,2,CGGGTAAGAGAATATAGCGT,0,3935220
xdhAp1,0.3333333333333333,2,2,CGGGCGTTAAAGGCCAACTT,0,3975748
xdhAp1,0.3333333333333333,2,2,CGGGAGGGAAAAGTCGGGCT,0,3937762
xdhAp1,0.3333333333333333,2,2,CGGCTGTACTCCAACGTGTT,0,3981499
xdhAp1,0.3333333333333333,2,2,CGGCTAACCCCAGGCCGATT,0,3948851
xdhAp1,0.3333333333333333,2,2,CGGCGTTTCGTGAGAGCAGT,0,3971854
xdhAp1,0.3333333333333333,2,2,CGGCGGAATTCATGGGTTGT,0,3974597
xdhAp1,0.3333333333333333,2,2,CGGCGACGAATCCTCTGCAA,0,3945885
xdhAp1,0.3333333333333333,2,2,CGGCCAATTTGGGCTCACGA,0,3979648
xdhAp1,0.3333333333333333,2,2,CGGCATTGTGGGCGAAGGTC,0,3964273
xdhAp1,0.3333333333333333,2,2,CGGATGAGGGGAACTTACCC,0,3974476
xdhAp1,0.3333333333333333,2,2,CGGATCAAGCTCGCTCCGGT,0,3956226
xdhAp1,0.3333333333333333,2,2,CGGACAGTGGACAAGAACCA,0,3943906
xdhAp1,0.3333333333333333,2,2,CGGAATGAGAACGGGCCGCG,0,3975026
xdhAp1,0.3333333333333333,2,2,CGGAATCGGCAGTGAATTAA,0,3978506
xdhAp1,0.3333333333333333,2,2,CGCTTGAGAGCGTAAGCAAT,0,3974084
xdhAp1,0.3333333333333333,2,2,CGCTTACGACCCGCACGAAC,0,3951290
xdhAp1,0.3333333333333333,2,2,CGCTGGCATGGGATACACGT,0,3954412
xdhAp1,0.3333333333333333,2,2,CGCTCCCACATACTTATAGA,0,3940169
xdhAp1,0.3333333333333333,2,2,CGCTAACATTTCATGGTGGA,0,3937536
xdhAp1,0.3333333333333333,2,2,CGCGTGTACGGAGGATTAAC,0,3955341
xdhAp1,0.3333333333333333,2,2,CGCGCGCCTTCGTCATGGCT,0,3959412
xdhAp1,0.3333333333333333,2,2,CGCGAGACCTGAATAAACGT,0,3938774
xdhAp1,0.3333333333333333,2,2,CGCCTTGTATTTCGTTATCG,0,3942565
xdhAp1,0.3333333333333333,2,2,CGCCTCAAGTGCGAGTGTGC,0,3954974
xdhAp1,0.3333333333333333,2,2,CGCCCGTGTAATGCAAGTTC,0,3948056
xdhAp1,0.3333333333333333,2,2,CGCCACGGGGAGCACCAAAG,0,3932878
xdhAp1,0.3333333333333333,2,2,CGCAGTGTCGTAAGCACCTC,0,3975221
xdhAp1,0.3333333333333333,2,2,CGCAGGAAAAGCCGTTCCGA,0,3979635
xdhAp1,0.3333333333333333,2,2,CGCAGCGGCTGCTGGCTCTA,0,3962647
xdhAp1,0.3333333333333333,2,2,CGCAAATGCCTAATCATCTG,0,3959831
xdhAp1,0.3333333333333333,2,2,CGATTCGGGGGGGAACCCTG,0,3945812
xdhAp1,0.3333333333333333,2,2,CGATTCATCAAGTAGACAGA,0,3932030
xdhAp1,0.3333333333333333,2,2,CGATGGATCTGCGGTGCACT,0,3945181
xdhAp1,0.3333333333333333,2,2,CGATCTGCGCGTTAAGACTT,0,3962152
xdhAp1,0.3333333333333333,2,2,CGAGTTTTTCCTTGATAGCT,0,3939190
xdhAp1,0.3333333333333333,2,2,CGAGTTGTTAGACTCCAGCA,0,3979995
xdhAp1,0.3333333333333333,2,2,CGAGTTCGTAGGCACCAAAC,0,3973484
xdhAp1,0.3333333333333333,2,2,CGAGTAAAGGAGGCAATTAA,0,3954025
xdhAp1,0.3333333333333333,2,2,CGAGGATTGCACTGACGCAA,0,3937008
xdhAp1,0.3333333333333333,2,2,CGAGGAGAAGGCTAAAATCA,0,3946712
xdhAp1,0.3333333333333333,2,2,CGAGCGGATTACCACCGGCA,0,3976389
xdhAp1,0.3333333333333333,2,2,CGAGCCTGGCTAAGGCCCAT,0,3977229
xdhAp1,0.3333333333333333,2,2,CGAGCCACGATACTATTTCT,0,3967534
xdhAp1,0.3333333333333333,2,2,CGAGATACGACGTTGGGAAA,0,3933321
xdhAp1,0.3333333333333333,2,2,CGAGAGCCAAACTACTTCTG,0,3953593
xdhAp1,0.3333333333333333,2,2,CGAGAAATCTTGCATGCTCA,0,3951484
xdhAp1,0.3333333333333333,2,2,CGACCGGGTAATTTCATTGA,0,3978111
xdhAp1,0.3333333333333333,2,2,CGACAATGCCTGATGCGTAG,0,3979540
xdhAp1,0.3333333333333333,2,2,CGAAGGTTTCTGAAACTCCA,0,3938140
xdhAp1,0.3333333333333333,2,2,CGAACGAATCAGTCTGCCAG,0,3967425
xdhAp1,0.3333333333333333,2,2,CGAAACCAACTAATAAATCA,0,3978815
xdhAp1,0.3333333333333333,2,2,CCTTTGTCGGTGCTGGGGTA,0,3974367
xdhAp1,0.3333333333333333,2,2,CCTTTATTTACCTATGACGA,0,3970228
xdhAp1,0.3333333333333333,2,2,CCTTTAGTAGTACATTTATC,0,3972073
xdhAp1,0.3333333333333333,2,2,CCTTGGGAGTGTATTGGTAC,0,3964387
xdhAp1,0.3333333333333333,2,2,CCTTACCGTATCGCACTAAA,0,3961610
xdhAp1,0.3333333333333333,2,2,CCTGGATGTACGCTCGGCGC,0,3968775
xdhAp1,0.3333333333333333,2,2,CCTGGAGCAAGTTAACAATT,0,3961573
xdhAp1,0.3333333333333333,2,2,CCTGCAATTGGGCTGTAGTG,0,3937462
xdhAp1,0.3333333333333333,2,2,CCTCTCCATGCATGTTCGAC,0,3959638
xdhAp1,0.3333333333333333,2,2,CCTCCCTAAATTTGAGTACT,0,3937766
xdhAp1,0.3333333333333333,2,2,CCTCAGGGCAAGGGCCAAAT,0,3951761
xdhAp1,0.3333333333333333,2,2,CCTATTGGGGCAATTCAGTG,0,3960211
xdhAp1,0.3333333333333333,2,2,CCTATGTAGTTATTCTAGAT,0,3973502
xdhAp1,0.3333333333333333,2,2,CCTAGCGGGGAGGGATGGAG,0,3963953
xdhAp1,0.3333333333333333,2,2,CCTACTTCCCCGAACTTCAC,0,3978910
xdhAp1,0.3333333333333333,2,2,CCTACGGCTCTCGGTGGATC,0,3961683
xdhAp1,0.3333333333333333,2,2,CCTACGCCATGATACTCCGT,0,3938395
xdhAp1,0.3333333333333333,2,2,CCTACCGCTCCATCTTACCT,0,3947548
xdhAp1,0.3333333333333333,2,2,CCGTTCTCTTCCGCCCCTGC,0,3971848
xdhAp1,0.3333333333333333,2,2,CCGTTAAGGTAATCCAAGCG,0,3949875
xdhAp1,0.3333333333333333,2,2,CCGTGCCCTCAGAGCCGCTC,0,3936055
xdhAp1,0.3333333333333333,2,2,CCGTCCGCGATCTTCTGTGA,0,3980174
xdhAp1,0.3333333333333333,2,2,CCGTCATTAAGCGTTGACAA,0,3964577
xdhAp1,0.3333333333333333,2,2,CCGTAATGACTTAGACTACA,0,3937761
xdhAp1,0.3333333333333333,2,2,CCGGTTGCACACAGGCAAAG,0,3951246
xdhAp1,0.3333333333333333,2,2,CCGGTGCAGGATGCACTCGG,0,3973940
xdhAp1,0.3333333333333333,2,2,CCGGTAACTTCCCCACGGGG,0,3945011
xdhAp1,0.3333333333333333,2,2,CCGGGACAATCCAACTTAGT,0,3929070
xdhAp1,0.3333333333333333,2,2,CCGGCGGGTTAGACGCTACA,0,3954294
xdhAp1,0.3333333333333333,2,2,CCGGCCTACGTTACAATCAA,0,3939232
xdhAp1,0.3333333333333333,2,2,CCGGCCCGACGTTAAAATTA,0,3942210
xdhAp1,0.3333333333333333,2,2,CCGCTGCAATTAGTACTCGG,0,3937245
xdhAp1,0.3333333333333333,2,2,CCGCTAATCCACGTACCGTG,0,3953119
xdhAp1,0.3333333333333333,2,2,CCGCGGTCGCTTCCCCCAGG,0,3979407
xdhAp1,0.3333333333333333,2,2,CCGCGGGAAGGCCGGGTCGT,0,3929198
xdhAp1,0.3333333333333333,2,2,CCGCATAGCCTTATTATCTT,0,3949758
xdhAp1,0.3333333333333333,2,2,CCGCAGTGGAACACAACCGT,0,3975530
xdhAp1,0.3333333333333333,2,2,CCGATATGGACTAGGCCTTA,0,3936605
xdhAp1,0.3333333333333333,2,2,CCGAGTAGAAAAGCATAGAA,0,3947359
xdhAp1,0.3333333333333333,2,2,CCGAGACCAGCACTAGGGAC,0,3946245
xdhAp1,0.3333333333333333,2,2,CCGACTCTAAGTATTATGTG,0,3963423
xdhAp1,0.3333333333333333,2,2,CCGACCTCAGCGAAGCCTGC,0,3955615
xdhAp1,0.3333333333333333,2,2,CCGACCTAAGCAATGTACCG,0,3972409
xdhAp1,0.3333333333333333,2,2,CCGACCAGCTATGTGCCTTT,0,3954065
xdhAp1,0.3333333333333333,2,2,CCGAATGTGCGTCACGCCAG,0,3943471
xdhAp1,0.3333333333333333,2,2,CCGAATGCGGGTAGTTATCT,0,3949184
xdhAp1,0.3333333333333333,2,2,CCGAATAAAATAATCACGAC,0,3932954
xdhAp1,0.3333333333333333,2,2,CCCTTGGTAATAAATGCTAT,0,3969628
xdhAp1,0.3333333333333333,2,2,CCCTTACAAAGGAGAGGGAG,0,3941648
xdhAp1,0.3333333333333333,2,2,CCCTCCTCCTGGCGGGTCAC,0,3957700
xdhAp1,0.3333333333333333,2,2,CCCTCACAGCTTTCCGAAGG,0,3955795
xdhAp1,0.3333333333333333,2,2,CCCGCCTCGTGTTACCCACT,0,3932444
xdhAp1,0.3333333333333333,2,2,CCCGATCACATCACTCCGTC,0,3943700
xdhAp1,0.3333333333333333,2,2,CCCCTGGCTACCGTCGCATG,0,3954667
xdhAp1,0.3333333333333333,2,2,CCCCTCGTCCTCGTACTACT,0,3961530
xdhAp1,0.3333333333333333,2,2,CCCCTATCCTGGGTCGGAAA,0,3952397
xdhAp1,0.3333333333333333,2,2,CCCCTAGGTTAGTGGGGACT,0,3939365
xdhAp1,0.3333333333333333,2,2,CCCCGTTGCCACTAGCGTCA,0,3947119
xdhAp1,0.3333333333333333,2,2,CCCCGGTGTTAAGGGGTTGA,0,3975477
xdhAp1,0.3333333333333333,2,2,CCCCCCTACCGCAGCGCCTT,0,3965495
xdhAp1,0.3333333333333333,2,2,CCCCAGTTCCGGAAAGCTGA,0,3956346
xdhAp1,0.3333333333333333,2,2,CCCATTGGTGAAGTACGTCT,0,3970355
xdhAp1,0.3333333333333333,2,2,CCCATTATCTCTGATTGTCT,0,3966012
xdhAp1,0.3333333333333333,2,2,CCCATGTAGAGGGAGGTAAA,0,3976851
xdhAp1,0.3333333333333333,2,2,CCCATGACACAAGCTCGATA,0,3965279
xdhAp1,0.3333333333333333,2,2,CCCAGAGGCCACTTCAGGAT,0,3977527
xdhAp1,0.3333333333333333,2,2,CCCAACTATATTCTGCGGGA,0,3953665
xdhAp1,0.3333333333333333,2,2,CCCAACACAGTGCTGACGAC,0,3966798
xdhAp1,0.3333333333333333,2,2,CCATTACCGTCCCGTCTGCT,0,3938772
xdhAp1,0.3333333333333333,2,2,CCATGAATACGTTTGGACCG,0,3981299
xdhAp1,0.3333333333333333,2,2,CCATCTCATTCTATTATTAG,0,3942686
xdhAp1,0.3333333333333333,2,2,CCATCCGAGATGTAGACAGG,0,3941293
xdhAp1,0.3333333333333333,2,2,CCATAGGAAAATATATAGAC,0,3934267
xdhAp1,0.3333333333333333,2,2,CCAGTTTAACATATCTCCAA,0,3975262
xdhAp1,0.3333333333333333,2,2,CCAGTTGGACGGATGGAGTC,0,3943553
xdhAp1,0.3333333333333333,2,2,CCAGTACATCTCATGTATTA,0,3950021
xdhAp1,0.3333333333333333,2,2,CCAGGTAGGCAAGCGCATCA,0,3933081
xdhAp1,0.3333333333333333,2,2,CCAGGGCCCGGCTGCCCTCT,0,3935236
xdhAp1,0.3333333333333333,2,2,CCAGGAGCATGGGTATTGTC,0,3961338
xdhAp1,0.3333333333333333,2,2,CCAGGACGAACTGTTTCTTA,0,3973920
xdhAp1,0.3333333333333333,2,2,CCAGCCTGAGGAACTACATA,0,3944218
xdhAp1,0.3333333333333333,2,2,CCAGAGGAGCCGCTTAGATG,0,3934310
xdhAp1,0.3333333333333333,2,2,CCAGACGGGAGACCCTTTCG,0,3968962
xdhAp1,0.3333333333333333,2,2,CCACTACATAGTTGGTAGCT,0,3943518
xdhAp1,0.3333333333333333,2,2,CCACCGTGATCTCGCATCGC,0,3947303
xdhAp1,0.3333333333333333,2,2,CCACAGCGTACAGTTGCTCG,0,3949497
xdhAp1,0.3333333333333333,2,2,CCAAGGATACGGCTCGGCGC,0,3974921
xdhAp1,0.3333333333333333,2,2,CCAACTCAGAGTCAGACCGA,0,3961679
xdhAp1,0.3333333333333333,2,2,CCAACCATGTCTTGCACATG,0,3975052
xdhAp1,0.3333333333333333,2,2,CCAAACCCCAATCCGATTTA,0,3952372
xdhAp1,0.3333333333333333,2,2,CCAAACCAGCCACGAACTAC,0,3965514
xdhAp1,0.3333333333333333,2,2,CATTCTCCGGGGTTTGCATA,0,3964031
xdhAp1,0.3333333333333333,2,2,CATTCGCACTAGCGTGAGGA,0,3943834
xdhAp1,0.3333333333333333,2,2,CATTCCTACGGTGACGCGTA,0,3959275
xdhAp1,0.3333333333333333,2,2,CATTAGCTTTGTATCGCTGT,0,3952669
xdhAp1,0.3333333333333333,2,2,CATTAACAGAAGCACAGCGG,0,3942752
xdhAp1,0.3333333333333333,2,2,CATGTTTTGCGGCTGGAACG,0,3970790
xdhAp1,0.3333333333333333,2,2,CATGTTGCGGGAACGCCTAG,0,3941361
xdhAp1,0.3333333333333333,2,2,CATGTTCGTACTTAAATGCA,0,3937804
xdhAp1,0.3333333333333333,2,2,CATGTCGCCTCGGCGCATAG,0,3958930
xdhAp1,0.3333333333333333,2,2,CATGCTACAGGCGTAGCATG,0,3930295
xdhAp1,0.3333333333333333,2,2,CATGCATTAGTTAGATGCAT,0,3960227
xdhAp1,0.3333333333333333,2,2,CATGAGTCAAGGGGAGAAGA,0,3943193
xdhAp1,0.3333333333333333,2,2,CATCCTCGCGTTTACAAGGC,0,3970369
xdhAp1,0.3333333333333333,2,2,CATCCCGATGTTTTGCATGG,0,3976503
xdhAp1,0.3333333333333333,2,2,CATCATGGGCGACGCCACGT,0,3977756
xdhAp1,0.3333333333333333,2,2,CATCAACCATTTAGTACTCA,0,3939535
xdhAp1,0.3333333333333333,2,2,CATATACAGATCGAGTTGGC,0,3950299
xdhAp1,0.3333333333333333,2,2,CATAGAAAGTAGATCCACAA,0,3967681
xdhAp1,0.3333333333333333,2,2,CATACAAGCGCTACGACTGT,0,3937500
xdhAp1,0.3333333333333333,2,2,CATAACATAGACTAGCTGGT,0,3969001
xdhAp1,0.3333333333333333,2,2,CATAACACGGAACTTTAACT,0,3967590
xdhAp1,0.3333333333333333,2,2,CAGTTGCCAGTTCTACCAAA,0,3981313
xdhAp1,0.3333333333333333,2,2,CAGTTAGACCTTAGCGAAAC,0,3950718
xdhAp1,0.3333333333333333,2,2,CAGTGGCGTCGGGCACTTCA,0,3972850
xdhAp1,0.3333333333333333,2,2,CAGTGCCGCAGAAGAGGTAT,0,3967336
xdhAp1,0.3333333333333333,2,2,CAGTGCAGTGGCCTTAATTG,0,3954120
xdhAp1,0.3333333333333333,2,2,CAGTCTAAGAGGTCGCATGT,0,3960240
xdhAp1,0.3333333333333333,2,2,CAGTCGCACCTTATGCGAAT,0,3961855
xdhAp1,0.3333333333333333,2,2,CAGTATACGATGTCCGTCGT,0,3976823
xdhAp1,0.3333333333333333,2,2,CAGGTAACCAATTTTTTCTA,0,3949850
xdhAp1,0.3333333333333333,2,2,CAGGGTCGGGGAAGACCGTC,0,3976154
xdhAp1,0.3333333333333333,2,2,CAGGGTAATATGGGACGTTG,0,3969872
xdhAp1,0.3333333333333333,2,2,CAGGGCTGAAGTAATATATT,0,3967107
xdhAp1,0.3333333333333333,2,2,CAGGGATGAGACGCCCCAGA,0,3955928
xdhAp1,0.3333333333333333,2,2,CAGGCGGCCCCGATCCTCAT,0,3962181
xdhAp1,0.3333333333333333,2,2,CAGGCCGACCCTCTGGATCT,0,3974658
xdhAp1,0.3333333333333333,2,2,CAGGACAGAAGGGAACCGAA,0,3943874
xdhAp1,0.3333333333333333,2,2,CAGGACAACTTGAGTTGCCA,0,3933600
xdhAp1,0.3333333333333333,2,2,CAGGAAGACACAGTCTTCAA,0,3942379
xdhAp1,0.3333333333333333,2,2,CAGCTCCGGATCAACTTCAC,0,3968595
xdhAp1,0.3333333333333333,2,2,CAGCGGGGAAAACTTAAGTT,0,3955180
xdhAp1,0.3333333333333333,2,2,CAGCCTGAGGATAACTCCTC,0,3973711
xdhAp1,0.3333333333333333,2,2,CAGCCTATGTGCCACGTGAG,0,3969432
xdhAp1,0.3333333333333333,2,2,CAGCCATACATCTACCACGT,0,3954818
xdhAp1,0.3333333333333333,2,2,CAGCATTAACGCCTATAGTA,0,3950047
xdhAp1,0.3333333333333333,2,2,CAGCACCGTGTCGAGGAGTT,0,3967862
xdhAp1,0.3333333333333333,2,2,CAGCAAGGGGTTAAAATACT,0,3963656
xdhAp1,0.3333333333333333,2,2,CAGATTGTAGCGCGACTCCG,0,3952989
xdhAp1,0.3333333333333333,2,2,CAGATTCGATTACGCGCTAG,0,3968812
xdhAp1,0.3333333333333333,2,2,CAGATAGATGCGACATGTCA,0,3972878
xdhAp1,0.3333333333333333,2,2,CAGAGTTTTGAGCAACCCGA,0,3929623
xdhAp1,0.3333333333333333,2,2,CAGAGGCACGGGTTTGCCCC,0,3942485
xdhAp1,0.3333333333333333,2,2,CAGACCTGCAGCCACTCCTT,0,3975232
xdhAp1,0.3333333333333333,2,2,CAGACCTAGAATTCACCTAC,0,3981052
xdhAp1,0.3333333333333333,2,2,CAGACACCTGGTCACACGCG,0,3968324
xdhAp1,0.3333333333333333,2,2,CAGAACTCTATGACCTCTTA,0,3969168
xdhAp1,0.3333333333333333,2,2,CACTTTGGAGAGTGCTACGG,0,3962901
xdhAp1,0.3333333333333333,2,2,CACTTGCTTTACGCGGTATA,0,3954677
xdhAp1,0.3333333333333333,2,2,CACTTATAAATCTTGGTGTC,0,3965105
xdhAp1,0.3333333333333333,2,2,CACTCTCAGCCCCCGTTGGT,0,3979216
xdhAp1,0.3333333333333333,2,2,CACTAGGTCTCCGGCTAGCG,0,3950051
xdhAp1,0.3333333333333333,2,2,CACTACACGGGCTCACCCGT,0,3970341
xdhAp1,0.3333333333333333,2,2,CACGTTCACCGCGGCCAGAA,0,3929644
xdhAp1,0.3333333333333333,2,2,CACGGGTAGACCAAGTGCGT,0,3964333
xdhAp1,0.3333333333333333,2,2,CACGGAAGTCGCGACCTAAA,0,3946764
xdhAp1,0.3333333333333333,2,2,CACGCTTTAAACAGGCTCAG,0,3952335
xdhAp1,0.3333333333333333,2,2,CACGATCCTGGCTCTATTAT,0,3973367
xdhAp1,0.3333333333333333,2,2,CACGAAGGGTGGCTTTAAAA,0,3957560
xdhAp1,0.3333333333333333,2,2,CACCTATGGAATCGCCGTAT,0,3955870
xdhAp1,0.3333333333333333,2,2,CACCCCAGTCCTGTATTCAC,0,3930761
xdhAp1,0.3333333333333333,2,2,CACCACCACATGCAGTCTGT,0,3971460
xdhAp1,0.3333333333333333,2,2,CACACAGTGAGTGAGCACGG,0,3957175
xdhAp1,0.3333333333333333,2,2,CACAAAGCTGCCTGCCGCGC,0,3937533
xdhAp1,0.3333333333333333,2,2,CAATGTTGAGATGCTGCTCC,0,3971139
xdhAp1,0.3333333333333333,2,2,CAATGGAGTTGATCCAGCTG,0,3934463
xdhAp1,0.3333333333333333,2,2,CAATCGCTAGCTTTAGTATT,0,3965181
xdhAp1,0.3333333333333333,2,2,CAAGGTGACTATGAATTTGC,0,3933929
xdhAp1,0.3333333333333333,2,2,CAAGGGGGGATGCATCTGCG,0,3939150
xdhAp1,0.3333333333333333,2,2,CAAGGCAAAAAACCTCGCGT,0,3945233
xdhAp1,0.3333333333333333,2,2,CAAGCTCGACGCAATCGTAG,0,3963114
xdhAp1,0.3333333333333333,2,2,CAAGATGAACAGCGCGCTTT,0,3957081
xdhAp1,0.3333333333333333,2,2,CAAGAGTAGAGAGGGTCCTG,0,3960011
xdhAp1,0.3333333333333333,2,2,CAAGACGTAAGAAGGGGGTT,0,3958051
xdhAp1,0.3333333333333333,2,2,CAAGAATCGGAAGGAGAACT,0,3954860
xdhAp1,0.3333333333333333,2,2,CAAGAAGTAATTTGATGGGA,0,3972889
xdhAp1,0.3333333333333333,2,2,CAACTTCGCCTGCGTCCTTA,0,3974380
xdhAp1,0.3333333333333333,2,2,CAACTCGTCCCCCCGGATAA,0,3977933
xdhAp1,0.3333333333333333,2,2,CAACGGACACTATGCAAGTA,0,3973259
xdhAp1,0.3333333333333333,2,2,CAACCGACCATTGGCTCTAG,0,3929364
xdhAp1,0.3333333333333333,2,2,CAACAGTCAAGGGTGGAGGT,0,3959421
xdhAp1,0.3333333333333333,2,2,CAAATGTCCTTTCCCCCGTA,0,3933747
xdhAp1,0.3333333333333333,2,2,CAAATCCTGCAGAGTGCCAG,0,3944980
xdhAp1,0.3333333333333333,2,2,CAAAGGTGCATGACATACCA,0,3971175
xdhAp1,0.3333333333333333,2,2,CAAAGCCCACTACGACTCGG,0,3960611
xdhAp1,0.3333333333333333,2,2,CAAACATGGCGGTCTCACTG,0,3947365
xdhAp1,0.3333333333333333,2,2,ATTTTGTGTCCGTTACTTTT,0,3959759
xdhAp1,0.3333333333333333,2,2,ATTTTACGGTTAGGTGTGAA,0,3963179
xdhAp1,0.3333333333333333,2,2,ATTTGGTCTCGCCACCATGA,0,3945328
xdhAp1,0.3333333333333333,2,2,ATTTGGGGCTGGATCGACCA,0,3958812
xdhAp1,0.3333333333333333,2,2,ATTTGGCCTGACGATTGAGC,0,3970056
xdhAp1,0.3333333333333333,2,2,ATTTGCAGAGGTTATTCACT,0,3935107
xdhAp1,0.3333333333333333,2,2,ATTTCGAAGGGTCTCTAGGA,0,3973034
xdhAp1,0.3333333333333333,2,2,ATTTCAGTCTCAACAGGATC,0,3951978
xdhAp1,0.3333333333333333,2,2,ATTTATTAACTTTAAACCCC,0,3968745
xdhAp1,0.3333333333333333,2,2,ATTTATACAACCGTTTCAGC,0,3942814
xdhAp1,0.3333333333333333,2,2,ATTTAAGCTAACCATTACAC,0,3934824
xdhAp1,0.3333333333333333,2,2,ATTGTTTGGAATAGCATCTT,0,3929523
xdhAp1,0.3333333333333333,2,2,ATTGTCGTGATCCGAAACCA,0,3929817
xdhAp1,0.3333333333333333,2,2,ATTGTCAACCCTCCGCTGCT,0,3943735
xdhAp1,0.3333333333333333,2,2,ATTGTATACATGGGACGTCT,0,3947114
xdhAp1,0.3333333333333333,2,2,ATTGTACTAAATCCGAGTGG,0,3934152
xdhAp1,0.3333333333333333,2,2,ATTGGTCGTCATTGAGTTAG,0,3976496
xdhAp1,0.3333333333333333,2,2,ATTGGAGGTTGCCACCGACC,0,3946956
xdhAp1,0.3333333333333333,2,2,ATTGCTCTTTTGACTAGAGG,0,3966634
xdhAp1,0.3333333333333333,2,2,ATTGCGTGCCGCGTCGAGCT,0,3975757
xdhAp1,0.3333333333333333,2,2,ATTGAGTCGGTCACGGTGCC,0,3967733
xdhAp1,0.3333333333333333,2,2,ATTGAACCCTGCGGCATGCC,0,3959747
xdhAp1,0.3333333333333333,2,2,ATTGAAAGCTGTTCTGCGTC,0,3981040
xdhAp1,0.3333333333333333,2,2,ATTCTTCATGCCCCGTGCCC,0,3952800
xdhAp1,0.3333333333333333,2,2,ATTCCTTGGTCAACCAGATT,0,3949625
xdhAp1,0.3333333333333333,2,2,ATTCCTCCTATGATCATGTA,0,3976193
xdhAp1,0.3333333333333333,2,2,ATTCAGTCGATTATCACCCC,0,3959852
xdhAp1,0.3333333333333333,2,2,ATTATTCCACCTTCTAGGCG,0,3931269
xdhAp1,0.3333333333333333,2,2,ATTAGACGTTTCCACCCTAG,0,3945498
xdhAp1,0.3333333333333333,2,2,ATTAAGGACAGGGAGTGTAT,0,3948333
xdhAp1,0.3333333333333333,2,2,ATTAAAAGATCCCTTATGTC,0,3938912
xdhAp1,0.3333333333333333,2,2,ATGTTGTCTCTCTATCCACC,0,3978764
xdhAp1,0.3333333333333333,2,2,ATGTATAGGATGGGTCTCGC,0,3937179
xdhAp1,0.3333333333333333,2,2,ATGGTCGGGCTGTCCCCAGC,0,3952936
xdhAp1,0.3333333333333333,2,2,ATGGGTAGCACCGAGTCAAG,0,3953014
xdhAp1,0.3333333333333333,2,2,ATGGGCATAGAGCCGCGCCG,0,3932544
xdhAp1,0.3333333333333333,2,2,ATGGCGGGTTAGAACAGTGG,0,3953097
xdhAp1,0.3333333333333333,2,2,ATGCTTCGACGCTGCGTTTG,0,3938445
xdhAp1,0.3333333333333333,2,2,ATGCCATGGTATAGGAGCTT,0,3977200
xdhAp1,0.3333333333333333,2,2,ATGATGTGGCGCCTGCCCAG,0,3960124
xdhAp1,0.3333333333333333,2,2,ATCTTTCATATCTGTTGGGT,0,3975447
xdhAp1,0.3333333333333333,2,2,ATCTGTAAGGTTGACCCAGC,0,3966464
xdhAp1,0.3333333333333333,2,2,ATCTCGGGGTAAGGTCTACC,0,3944664
xdhAp1,0.3333333333333333,2,2,ATCTCCCGAGGGCCTGGTAC,0,3946066
xdhAp1,0.3333333333333333,2,2,ATCTCCAGATCCTGAAATGA,0,3965096
xdhAp1,0.3333333333333333,2,2,ATCTCCAATAGTACTCCGTC,0,3978564
xdhAp1,0.3333333333333333,2,2,ATCTAGTGGTTAGTTAACCC,0,3945340
xdhAp1,0.3333333333333333,2,2,ATCGTACGCAGTGAGGCTTT,0,3960411
xdhAp1,0.3333333333333333,2,2,ATCGTAAGACTGTCCGAACA,0,3929249
xdhAp1,0.3333333333333333,2,2,ATCGCGCCGCATAGACAGAG,0,3933536
xdhAp1,0.3333333333333333,2,2,ATCGCCTTTTCGTGCTCGAC,0,3979242
xdhAp1,0.3333333333333333,2,2,ATCGATCTGAACGTAGGTAT,0,3933831
xdhAp1,0.3333333333333333,2,2,ATCGAGCGAAGCGCGAGAAG,0,3939496
xdhAp1,0.3333333333333333,2,2,ATCGACCACATGCCAGGGTT,0,3968637
xdhAp1,0.3333333333333333,2,2,ATCCGGATTAGTAATAGTAA,0,3932131
xdhAp1,0.3333333333333333,2,2,ATCCGGATGCCAGGGGGCTG,0,3969700
xdhAp1,0.3333333333333333,2,2,ATCCGATTTGGGCATGAGGA,0,3934570
xdhAp1,0.3333333333333333,2,2,ATCCGAGGTTATAGCTTATG,0,3965182
xdhAp1,0.3333333333333333,2,2,ATCCCTGTAATTTGGCACTC,0,3954187
xdhAp1,0.3333333333333333,2,2,ATCCAATACTATCCTTAAAG,0,3972619
xdhAp1,0.3333333333333333,2,2,ATCCAAGAGTTGGGGCGCCG,0,3963842
xdhAp1,0.3333333333333333,2,2,ATCATTGCAAGAATACCGAT,0,3956022
xdhAp1,0.3333333333333333,2,2,ATCATACTCATGAAGGATAT,0,3937542
xdhAp1,0.3333333333333333,2,2,ATCATACTATGGTAAGACGC,0,3963141
xdhAp1,0.3333333333333333,2,2,ATCAGCTGTTGCAAGCGGCA,0,3977267
xdhAp1,0.3333333333333333,2,2,ATCACTCAGTATCCTTCAAA,0,3929023
xdhAp1,0.3333333333333333,2,2,ATCAACGTACGACATACTCG,0,3968927
xdhAp1,0.3333333333333333,2,2,ATCAAAGGTAGCCTTCGTAC,0,3935712
xdhAp1,0.3333333333333333,2,2,ATATGGTTGAGGGCTAGGCA,0,3945804
xdhAp1,0.3333333333333333,2,2,ATATGCGTTTGTGACCCTTA,0,3963580
xdhAp1,0.3333333333333333,2,2,ATATAGCAGCTATAACAGTT,0,3940351
xdhAp1,0.3333333333333333,2,2,ATATAAACTTAGTCAACAGC,0,3934081
xdhAp1,0.3333333333333333,2,2,ATAGTCGCCGAGGTTGGATC,0,3972282
xdhAp1,0.3333333333333333,2,2,ATAGGGTTGATTAGGCTTAC,0,3937189
xdhAp1,0.3333333333333333,2,2,ATAGCGCACCTTTGGATATG,0,3942996
xdhAp1,0.3333333333333333,2,2,ATAGAGTCACCGCTCCCGAT,0,3939211
xdhAp1,0.3333333333333333,2,2,ATAGAAGTTGTTACAGACAG,0,3928976
xdhAp1,0.3333333333333333,2,2,ATAGAAAGTCGTATAGCTAA,0,3970783
xdhAp1,0.3333333333333333,2,2,ATACCTGTCAGACCGCGAAA,0,3981385
xdhAp1,0.3333333333333333,2,2,ATACCAGGCGGGTCACCGTT,0,3947692
xdhAp1,0.3333333333333333,2,2,ATACAGTGTAAAGACATGTA,0,3949735
xdhAp1,0.3333333333333333,2,2,ATACAGGACTAACTCGTCGT,0,3955260
xdhAp1,0.3333333333333333,2,2,ATAATCAGTATGGTAGAGAT,0,3964214
xdhAp1,0.3333333333333333,2,2,ATAACGGGGCAACACTAGAT,0,3932573
xdhAp1,0.3333333333333333,2,2,AGTTGCCCGAGTGGGTTTGA,0,3975704
xdhAp1,0.3333333333333333,2,2,AGTTCTGTCATTTTTAAACA,0,3932495
xdhAp1,0.3333333333333333,2,2,AGTTCCTTTAATGTACCTAT,0,3959377
xdhAp1,0.3333333333333333,2,2,AGTTCCCCCCGGTCGTTTGA,0,3947624
xdhAp1,0.3333333333333333,2,2,AGTTCCAACTGTAAAACTTC,0,3980286
xdhAp1,0.3333333333333333,2,2,AGTTAGTCTCCCCCCGTACG,0,3977512
xdhAp1,0.3333333333333333,2,2,AGTTACTTAGCGAAACAAAA,0,3952337
xdhAp1,0.3333333333333333,2,2,AGTTACTCCTGTCCGGGGTG,0,3959988
xdhAp1,0.3333333333333333,2,2,AGTTACGTTGTATGGGCTTC,0,3935555
xdhAp1,0.3333333333333333,2,2,AGTTAAGGTATAAAGGTCCA,0,3954834
xdhAp1,0.3333333333333333,2,2,AGTGTTAGTACAGGCGAGGT,0,3958580
xdhAp1,0.3333333333333333,2,2,AGTGTGGAGAAGTGAGCTGT,0,3961370
xdhAp1,0.3333333333333333,2,2,AGTGTACAAAGAGAGCTGGA,0,3944083
xdhAp1,0.3333333333333333,2,2,AGTGCTGGGATTACCGACCC,0,3957561
xdhAp1,0.3333333333333333,2,2,AGTGCGTTTTGTAGCATCCG,0,3935418
xdhAp1,0.3333333333333333,2,2,AGTGCCTAAAGCCTCGACTA,0,3959771
xdhAp1,0.3333333333333333,2,2,AGTCGCCCGCAATCGTAGGA,0,3929962
xdhAp1,0.3333333333333333,2,2,AGTCAGCAATAGAATGCATA,0,3944442
xdhAp1,0.3333333333333333,2,2,AGTCACCTAAGGTTCGAGCC,0,3939683
xdhAp1,0.3333333333333333,2,2,AGTAGGGTCAAGGACGGTCA,0,3932348
xdhAp1,0.3333333333333333,2,2,AGTAGATTTCAAGGTAACAG,0,3959652
xdhAp1,0.3333333333333333,2,2,AGTACTTTAAGTGGGTGAGT,0,3970992
xdhAp1,0.3333333333333333,2,2,AGTACTATATCAGGAAGTAA,0,3946178
xdhAp1,0.3333333333333333,2,2,AGTACACTTCGTGGGGGATA,0,3933347
xdhAp1,0.3333333333333333,2,2,AGTACACACCTGCGAGCCGT,0,3961547
xdhAp1,0.3333333333333333,2,2,AGTAACGCGCGGTAGATTTG,0,3977156
xdhAp1,0.3333333333333333,2,2,AGTAACACGGTACATCGTAA,0,3966782
xdhAp1,0.3333333333333333,2,2,AGGTTGGGGTCTCCGTCCAA,0,3929362
xdhAp1,0.3333333333333333,2,2,AGGTTAATACTATTGCTTAG,0,3972407
xdhAp1,0.3333333333333333,2,2,AGGTCATGACACACTTTCGC,0,3955460
xdhAp1,0.3333333333333333,2,2,AGGTCAGGTGACTCGCCATA,0,3944730
xdhAp1,0.3333333333333333,2,2,AGGTATTGCCCTGTGTACTG,0,3973627
xdhAp1,0.3333333333333333,2,2,AGGTACGTCCGTTTTGTACG,0,3966437
xdhAp1,0.3333333333333333,2,2,AGGGTTCGGAACCACTTGAC,0,3940233
xdhAp1,0.3333333333333333,2,2,AGGGCAAGGAGTGTAACTCA,0,3967794
xdhAp1,0.3333333333333333,2,2,AGGCGATTATGATTAGTCAA,0,3970474
xdhAp1,0.3333333333333333,2,2,AGGCGAGGGCGCACCGGAGA,0,3955644
xdhAp1,0.3333333333333333,2,2,AGGCACTGCGCTGGATATAG,0,3943987
xdhAp1,0.3333333333333333,2,2,AGGCACCAGAATACAAACGT,0,3981012
xdhAp1,0.3333333333333333,2,2,AGGATGCTTAATGCTTCATC,0,3934395
xdhAp1,0.3333333333333333,2,2,AGGATGAGTGCGTCCCTGTG,0,3933556
xdhAp1,0.3333333333333333,2,2,AGGATATACCTATACCTACA,0,3940926
xdhAp1,0.3333333333333333,2,2,AGGAGGCCCCACGGATGCTA,0,3931982
xdhAp1,0.3333333333333333,2,2,AGGACCAATATAACCATGGT,0,3930470
xdhAp1,0.3333333333333333,2,2,AGGAATGGGAAGGAGTTTGT,0,3980011
xdhAp1,0.3333333333333333,2,2,AGGAATACGCCAAGGACTTA,0,3932578
xdhAp1,0.3333333333333333,2,2,AGGAAATGGATACGGCATCA,0,3940694
xdhAp1,0.3333333333333333,2,2,AGCTTGAGTTCGTTCAGTTC,0,3943876
xdhAp1,0.3333333333333333,2,2,AGCTGGTACAAAAATATGGA,0,3964966
xdhAp1,0.3333333333333333,2,2,AGCTGACTGCATGATCTGGT,0,3952938
xdhAp1,0.3333333333333333,2,2,AGCTCTTACAGCCTCTGTTA,0,3973753
xdhAp1,0.3333333333333333,2,2,AGCTAGACAGGTCATCCACG,0,3952710
xdhAp1,0.3333333333333333,2,2,AGCTACCCCATTATCTTGAG,0,3959944
xdhAp1,0.3333333333333333,2,2,AGCGTTTAACGATGGGTTCC,0,3935298
xdhAp1,0.3333333333333333,2,2,AGCGTTCGGGGACTATTGAT,0,3944178
xdhAp1,0.3333333333333333,2,2,AGCGTCTTACCAATTGAAGA,0,3936671
xdhAp1,0.3333333333333333,2,2,AGCGTACGAACATCTCCGAT,0,3974155
xdhAp1,0.3333333333333333,2,2,AGCGACGATCAATGCTGCAA,0,3944247
xdhAp1,0.3333333333333333,2,2,AGCCCGCTAACCACCTACGG,0,3949237
xdhAp1,0.3333333333333333,2,2,AGCCCAGAAGTTGCGTTATG,0,3953996
xdhAp1,0.3333333333333333,2,2,AGCCATGAGATACGGCATGA,0,3959195
xdhAp1,0.3333333333333333,2,2,AGCATCACGGAAGTACTGGG,0,3979797
xdhAp1,0.3333333333333333,2,2,AGCAGATGCGGGAACCTGTT,0,3940948
xdhAp1,0.3333333333333333,2,2,AGCACGTAAGTGCGTCGCAT,0,3943042
xdhAp1,0.3333333333333333,2,2,AGCAATGACGAACCAGGCAG,0,3954271
xdhAp1,0.3333333333333333,2,2,AGATGTCTTTATACAGGCTA,0,3948371
xdhAp1,0.3333333333333333,2,2,AGATCCGGACTGTTCTGAAG,0,3960940
xdhAp1,0.3333333333333333,2,2,AGATATGTCATATTTGCTCG,0,3941636
xdhAp1,0.3333333333333333,2,2,AGAGTCTGGGAAAGTTATTA,0,3950734
xdhAp1,0.3333333333333333,2,2,AGAGGTGATCGGTAGCGCTT,0,3935002
xdhAp1,0.3333333333333333,2,2,AGAGGACCTCACCTTATATC,0,3944891
xdhAp1,0.3333333333333333,2,2,AGAGCACGCTATCCTAGTTA,0,3949077
xdhAp1,0.3333333333333333,2,2,AGAGCAACTACTTTGTTCTT,0,3967850
xdhAp1,0.3333333333333333,2,2,AGAGAGTCCAGTGGCTGTCC,0,3957093
xdhAp1,0.3333333333333333,2,2,AGAGACATACTCCTCTGCCT,0,3943756
xdhAp1,0.3333333333333333,2,2,AGACTGACTAACACCTGGTG,0,3945701
xdhAp1,0.3333333333333333,2,2,AGACACGACTCCTTTTGTCC,0,3971495
xdhAp1,0.3333333333333333,2,2,AGAAGTGCAACCATAAGGCG,0,3981029
xdhAp1,0.3333333333333333,2,2,AGAAAGAAAAAACCGCACAT,0,3957623
xdhAp1,0.3333333333333333,2,2,AGAAAAAGTAGGGCAAGCTC,0,3930386
xdhAp1,0.3333333333333333,2,2,ACTTGTATGATTGCAAGGAC,0,3961039
xdhAp1,0.3333333333333333,2,2,ACTTGGAGGAGTGCGGCAAG,0,3979228
xdhAp1,0.3333333333333333,2,2,ACTTCTTCCTTTCCCTAAAG,0,3946221
xdhAp1,0.3333333333333333,2,2,ACTTCCGCATACTTTGCGGG,0,3958640
xdhAp1,0.3333333333333333,2,2,ACTTCAGAATCAGGTGCTTA,0,3935471
xdhAp1,0.3333333333333333,2,2,ACTTAGAGCCCAGGGGCTGG,0,3958348
xdhAp1,0.3333333333333333,2,2,ACTTACAAATAACCGTGTCT,0,3932624
xdhAp1,0.3333333333333333,2,2,ACTGTGGCGAGCCCTGGTTT,0,3953044
xdhAp1,0.3333333333333333,2,2,ACTGCGGATTACAGTTCAAA,0,3951399
xdhAp1,0.3333333333333333,2,2,ACTCGAGGTTGCACTGTAAG,0,3973233
xdhAp1,0.3333333333333333,2,2,ACTCAGTTTTATCAAGATAG,0,3981068
xdhAp1,0.3333333333333333,2,2,ACTCAGCCTTCAATCACTTA,0,3937186
xdhAp1,0.3333333333333333,2,2,ACTCAGCCAAGCACCGTATG,0,3942263
xdhAp1,0.3333333333333333,2,2,ACTATCAAGCCCCAGTGCAG,0,3965382
xdhAp1,0.3333333333333333,2,2,ACTAGGGAAATCGCACAACT,0,3943530
xdhAp1,0.3333333333333333,2,2,ACTAGGACTCGAGTGGTATC,0,3965893
xdhAp1,0.3333333333333333,2,2,ACTAGATAAAGTCCTTTTGA,0,3959555
xdhAp1,0.3333333333333333,2,2,ACTAAGGTGTGACTGGCGAT,0,3953164
xdhAp1,0.3333333333333333,2,2,ACTAACGGGGATTAGGGCTC,0,3929854
xdhAp1,0.3333333333333333,2,2,ACGTTGCGCCCCGACCCTAA,0,3978944
xdhAp1,0.3333333333333333,2,2,ACGTTCCGTGAGTCAAGGTT,0,3949233
xdhAp1,0.3333333333333333,2,2,ACGTCATTTGCCCAGGGATC,0,3956169
xdhAp1,0.3333333333333333,2,2,ACGTCAGGTCACCCCTCTCC,0,3947157
xdhAp1,0.3333333333333333,2,2,ACGTACCCAGAGCAAGAGGC,0,3943198
xdhAp1,0.3333333333333333,2,2,ACGGTTTGTACTGGGCAATT,0,3948192
xdhAp1,0.3333333333333333,2,2,ACGGCTCAATGGGTCTCAAT,0,3957841
xdhAp1,0.3333333333333333,2,2,ACGGCGACGGTTTGTTGATT,0,3953419
xdhAp1,0.3333333333333333,2,2,ACGCTGAGCAGGAGCCATAA,0,3953179
xdhAp1,0.3333333333333333,2,2,ACGCTATCCCGGGGGTACAA,0,3966882
xdhAp1,0.3333333333333333,2,2,ACGCTACAATAGATGATCTT,0,3970833
xdhAp1,0.3333333333333333,2,2,ACGCTAAAGAACTTTCGGGC,0,3973104
xdhAp1,0.3333333333333333,2,2,ACGCCGAATCGCAGGCACCT,0,3935931
xdhAp1,0.3333333333333333,2,2,ACGATTGTGGATTTTCCCAC,0,3944187
xdhAp1,0.3333333333333333,2,2,ACGATCAAGATGCCTAAATA,0,3933177
xdhAp1,0.3333333333333333,2,2,ACGAGTTCCACAACCAAATC,0,3962116
xdhAp1,0.3333333333333333,2,2,ACGAAGCAAATGTAAAGTGG,0,3979423
xdhAp1,0.3333333333333333,2,2,ACGAACTTTTCCGATAGGCC,0,3953046
xdhAp1,0.3333333333333333,2,2,ACGAAACAAGAGCCACGGTG,0,3929248
xdhAp1,0.3333333333333333,2,2,ACCTTACGTCGAAAAAGTTC,0,3965530
xdhAp1,0.3333333333333333,2,2,ACCTGCTATCTACTCAGTTT,0,3938664
xdhAp1,0.3333333333333333,2,2,ACCTGACGTCGCGACCTAGT,0,3945234
xdhAp1,0.3333333333333333,2,2,ACCTACCAATGCTAAGATAT,0,3936921
xdhAp1,0.3333333333333333,2,2,ACCTAATTTGGCAGGCCATG,0,3946108
xdhAp1,0.3333333333333333,2,2,ACCGGTCGTCTTAGAGGGGT,0,3968981
xdhAp1,0.3333333333333333,2,2,ACCGGTCCCAGTGTAAGAGG,0,3969545
xdhAp1,0.3333333333333333,2,2,ACCGGGCGCCAGAATAGGAG,0,3932891
xdhAp1,0.3333333333333333,2,2,ACCGGACCAGATGCACGCGG,0,3947706
xdhAp1,0.3333333333333333,2,2,ACCGATATACGAGAGCAACT,0,3952216
xdhAp1,0.3333333333333333,2,2,ACCCTTTGAGCAGTTGCTGT,0,3944872
xdhAp1,0.3333333333333333,2,2,ACCCGGCACGTCGAGGACAT,0,3959716
xdhAp1,0.3333333333333333,2,2,ACCCATGTTCAGTAAAGGCG,0,3942343
xdhAp1,0.3333333333333333,2,2,ACCCACGATATTATCCAGCA,0,3938935
xdhAp1,0.3333333333333333,2,2,ACCCAAACGAATCACACATA,0,3942887
xdhAp1,0.3333333333333333,2,2,ACCATTAATCGCACCCCGTG,0,3941421
xdhAp1,0.3333333333333333,2,2,ACCATAGTGCGTCGGTGGAT,0,3965694
xdhAp1,0.3333333333333333,2,2,ACCAGGGCGGATGGCTCAGT,0,3932271
xdhAp1,0.3333333333333333,2,2,ACCAGGCTGCGATACTTGAA,0,3959775
xdhAp1,0.3333333333333333,2,2,ACCAGCACAGGGCATGTTGG,0,3932885
xdhAp1,0.3333333333333333,2,2,ACATTTCAATTAATGGCGTT,0,3942137
xdhAp1,0.3333333333333333,2,2,ACATTGGCATTCGGACCCGT,0,3972800
xdhAp1,0.3333333333333333,2,2,ACATGTAAATGGGGTAAGTA,0,3935419
xdhAp1,0.3333333333333333,2,2,ACATCTTACTGAACGACGCA,0,3941714
xdhAp1,0.3333333333333333,2,2,ACATCCGACGAAGTGCGACG,0,3931291
xdhAp1,0.3333333333333333,2,2,ACATATAGATGGACTGCAAC,0,3949142
xdhAp1,0.3333333333333333,2,2,ACATAGGAAAAAAACGCGTA,0,3971165
xdhAp1,0.3333333333333333,2,2,ACATACAGCTTTGTGGAGTA,0,3973946
xdhAp1,0.3333333333333333,2,2,ACAGTCTGAGCAGTGATGTC,0,3958142
xdhAp1,0.3333333333333333,2,2,ACAGTCCAACCGTCCAGTCA,0,3947950
xdhAp1,0.3333333333333333,2,2,ACAGTCACTTGATCATGTTC,0,3930403
xdhAp1,0.3333333333333333,2,2,ACAGTAACTATAGGCGGATA,0,3937528
xdhAp1,0.3333333333333333,2,2,ACAGCGTCTAGAAAACCTGT,0,3945448
xdhAp1,0.3333333333333333,2,2,ACACCGTGGTGGATCATGCA,0,3957734
xdhAp1,0.3333333333333333,2,2,ACAATTGTAGTCAGCAAACA,0,3945136
xdhAp1,0.3333333333333333,2,2,ACAATTACTCATTACTCAGA,0,3966108
xdhAp1,0.3333333333333333,2,2,ACAATTAATGAGTTTGTCTC,0,3945822
xdhAp1,0.3333333333333333,2,2,ACAACTGCAACATATCAGAA,0,3968523
xdhAp1,0.3333333333333333,2,2,ACAACTAAGTGGGCAACATC,0,3963094
xdhAp1,0.3333333333333333,2,2,AATTTTAAGACAATTTCTTC,0,3951780
xdhAp1,0.3333333333333333,2,2,AATTGTAAGGCATTGACTCG,0,3973960
xdhAp1,0.3333333333333333,2,2,AATTGGCATCCCCATGGTGG,0,3980616
xdhAp1,0.3333333333333333,2,2,AATTCGTCTCGTTACTCATT,0,3936421
xdhAp1,0.3333333333333333,2,2,AATTATTCAGTAGAACTAAC,0,3943330
xdhAp1,0.3333333333333333,2,2,AATTAGGCTTACTATTGCTA,0,3955442
xdhAp1,0.3333333333333333,2,2,AATGGATTATTAACTACAGT,0,3966615
xdhAp1,0.3333333333333333,2,2,AATGCGCCGACAAGAGAAAC,0,3967751
xdhAp1,0.3333333333333333,2,2,AATGCAGGGCGGTGAGAATG,0,3936115
xdhAp1,0.3333333333333333,2,2,AATCGGAGACTCCGCTTGTT,0,3953158
xdhAp1,0.3333333333333333,2,2,AATCCACGCCCTTTAAATAT,0,3965547
xdhAp1,0.3333333333333333,2,2,AATCACCAGGGGGGTAGCAT,0,3963530
xdhAp1,0.3333333333333333,2,2,AATAGGTCCTCAATCCTGGC,0,3960233
xdhAp1,0.3333333333333333,2,2,AATACTGACGGTTACTTACG,0,3936025
xdhAp1,0.3333333333333333,2,2,AATACGTCATCATGTCGTTA,0,3947080
xdhAp1,0.3333333333333333,2,2,AATACAAAGTCTGTGGAATC,0,3951436
xdhAp1,0.3333333333333333,2,2,AAGTTAGTTTTTTGGGTTGT,0,3953601
xdhAp1,0.3333333333333333,2,2,AAGTCTAGGGTCCTGGAGCT,0,3959233
xdhAp1,0.3333333333333333,2,2,AAGTCGGGATAGCATTTATT,0,3945488
xdhAp1,0.3333333333333333,2,2,AAGTCAGTTGACTCAAGGAC,0,3936629
xdhAp1,0.3333333333333333,2,2,AAGTAGTTGTCTTCCTTCAT,0,3961063
xdhAp1,0.3333333333333333,2,2,AAGGGTGTCAAAGGTAGCAA,0,3962124
xdhAp1,0.3333333333333333,2,2,AAGGGATGGCAAGGGTGTAT,0,3940461
xdhAp1,0.3333333333333333,2,2,AAGGATGATCTTCTGAGGAC,0,3963666
xdhAp1,0.3333333333333333,2,2,AAGCTTCGGTTAGTCGATTG,0,3965573
xdhAp1,0.3333333333333333,2,2,AAGCTGAGTAGGAGAACTGT,0,3974860
xdhAp1,0.3333333333333333,2,2,AAGCGTACACGTCAGTTCAC,0,3947256
xdhAp1,0.3333333333333333,2,2,AAGCGAGGCTCGTTTTGCGC,0,3974011
xdhAp1,0.3333333333333333,2,2,AAGCCTTGTGTATACAGGTG,0,3947349
xdhAp1,0.3333333333333333,2,2,AAGCCGAGGAACGGCTGTGA,0,3930951
xdhAp1,0.3333333333333333,2,2,AAGAGGCAATAAGCCAGGCT,0,3939411
xdhAp1,0.3333333333333333,2,2,AAGAAACATAGTCAGAGTGG,0,3951532
xdhAp1,0.3333333333333333,2,2,AACTTATCCAGTCTATAGTC,0,3959795
xdhAp1,0.3333333333333333,2,2,AACTGGCCTTCGAATTACAG,0,3937343
xdhAp1,0.3333333333333333,2,2,AACTCGAGGCTGCGGGGGTT,0,3934629
xdhAp1,0.3333333333333333,2,2,AACTAATCAGTGAGTACATA,0,3951112
xdhAp1,0.3333333333333333,2,2,AACGTCACCCCACAGGTGGG,0,3975107
xdhAp1,0.3333333333333333,2,2,AACGGCGTGGGCAAACTTAG,0,3957767
xdhAp1,0.3333333333333333,2,2,AACGGCGGGTAAGCCACGTA,0,3940381
xdhAp1,0.3333333333333333,2,2,AACGCTAATAACGTGGGCTT,0,3962206
xdhAp1,0.3333333333333333,2,2,AACGCAATATATCGGCACAA,0,3953884
xdhAp1,0.3333333333333333,2,2,AACCCGTATGGATTTAGGGG,0,3972156
xdhAp1,0.3333333333333333,2,2,AACCCGGGCTGCACACCACA,0,3957300
xdhAp1,0.3333333333333333,2,2,AACCACATCCTAGAACCACA,0,3941547
xdhAp1,0.3333333333333333,2,2,AACATAGATACCTTCATGTT,0,3929812
xdhAp1,0.3333333333333333,2,2,AACACTGCTTCCCACCGTAT,0,3965161
xdhAp1,0.3333333333333333,2,2,AAATGTTTGTGTACAAAAAG,0,3971851
xdhAp1,0.3333333333333333,2,2,AAATCGACAGCTTGACGCAA,0,3929357
xdhAp1,0.3333333333333333,2,2,AAATACTTGTTTCGATCGGG,0,3950186
xdhAp1,0.3333333333333333,2,2,AAATAATGTTAAAGTTGTCC,0,3973106
xdhAp1,0.3333333333333333,2,2,AAAGCAAATCCTTTAAAACA,0,3960359
xdhAp1,0.3333333333333333,2,2,AAAGATGGGACTAATTTCCT,0,3948281
xdhAp1,0.3333333333333333,2,2,AAACTTGCCCTTGGGTCCAT,0,3937336
xdhAp1,0.3333333333333333,2,2,AAACTGGTGCGAGTGCGCTT,0,3969546
xdhAp1,0.3333333333333333,2,2,AAACTGCCTGCTAACCTGGA,0,3973965
xdhAp1,0.3333333333333333,2,2,AAACTGACTTTAGAGCACCA,0,3960462
xdhAp1,0.3333333333333333,2,2,AAACCGGTAATCGAACGGAT,0,3945088
xdhAp1,0.3333333333333333,2,2,AAACATACCGCTCTGCTTAT,0,3963020
xdhAp1,0.3333333333333333,2,2,AAAATTCCATGAGTCGCAAG,0,3975550
xdhAp1,0.3333333333333333,2,2,AAAATGAAAATTAATCACGC,0,3952763
xdhAp1,0.3333333333333333,2,2,AAAAGTACAATTACGTCACA,0,3943962
xdhAp1,0.3333333333333333,2,2,AAAAGCAGATACGAGACACA,0,3932117
xdhAp1,0.3333333333333333,2,2,AAAAATATACCGTATAATGA,0,3937573
xdhAp1,0.3333333333333333,2,2,AAAAAGCGTCCCGCGCTTTA,0,3953559
xdhAp1,0.5,1,1,TTTTTGGAACGAATACATGG,0,3953027
xdhAp1,0.5,1,1,TTTTTACGGGGCGTACGACT,0,3939665
xdhAp1,0.5,1,1,TTTTGGGCCAACGTATACAC,0,3929413
xdhAp1,0.5,1,1,TTTTGGAGGCTTAAAGAAAG,0,3969240
xdhAp1,0.5,1,1,TTTTGAGGCACAGAACGAAG,0,3965804
xdhAp1,0.5,1,1,TTTTCGATAGCTGGGATCTG,0,3934234
xdhAp1,0.5,1,1,TTTTCACGGGCACATTTCCG,0,3964552
xdhAp1,0.5,1,1,TTTTATGTTGGTTTATTGAG,0,3943813
xdhAp1,0.5,1,1,TTTTATCGTACAATCTACAC,0,3934740
xdhAp1,0.5,1,1,TTTTAATTTCGGTTTGCCAC,0,3953378
xdhAp1,0.5,1,1,TTTTAAACCTCTAGGTTCCC,0,3973715
xdhAp1,0.5,1,1,TTTGTGCGAACGCCGCATGC,0,3942330
xdhAp1,0.5,1,1,TTTGGAATACTCCTCACAGG,0,3954452
xdhAp1,0.5,1,1,TTTGCTGGAGGTGCATTTTC,0,3949852
xdhAp1,0.5,1,1,TTTGCGTAAAGGTAGCATGT,0,3932795
xdhAp1,0.5,1,1,TTTGCCAGGCTATGAGGAAT,0,3938809
xdhAp1,0.5,1,1,TTTGATTCGAAGGCGAAATT,0,3953338
xdhAp1,0.5,1,1,TTTGATGGCGACCTTCAATC,0,3933888
xdhAp1,0.5,1,1,TTTGAGGATTATTCTGGACA,0,3954220
xdhAp1,0.5,1,1,TTTGAGCCCATGAGTATTGT,0,3949276
xdhAp1,0.5,1,1,TTTCTCCTGCCTATGCGAGG,0,3962643
xdhAp1,0.5,1,1,TTTCGGGTCAAGAGAACTCA,0,3953850
xdhAp1,0.5,1,1,TTTCGCACCACCCGTGTTGC,0,3971079
xdhAp1,0.5,1,1,TTTCGATTTATGCTAATAGA,0,3970594
xdhAp1,0.5,1,1,TTTCCTATGGTGATTGTAGC,0,3977015
xdhAp1,0.5,1,1,TTTCAGGGGCTTAACGGAAG,0,3929668
xdhAp1,0.5,1,1,TTTCACGCGCGGGGTGCGGT,0,3949897
xdhAp1,0.5,1,1,TTTCAAAAGTGTACTTCTGT,0,3969192
xdhAp1,0.5,1,1,TTTATTCGCACATCCCAACT,0,3951041
xdhAp1,0.5,1,1,TTTATGGGAAATACGTGTCA,0,3974925
xdhAp1,0.5,1,1,TTTAGGGCGCGACGAATCAT,0,3973217
xdhAp1,0.5,1,1,TTTAGGAGACCCTTGGCGAC,0,3933814
xdhAp1,0.5,1,1,TTTAGCCTCATGGTCGCTTA,0,3936848
xdhAp1,0.5,1,1,TTTACGTTCTCCCTCCTCGT,0,3956117
xdhAp1,0.5,1,1,TTTAATCGCTACTGGTAAAT,0,3947063
xdhAp1,0.5,1,1,TTGTTTACGTTGAACATTGT,0,3956869
xdhAp1,0.5,1,1,TTGTGTTTACGTAGGCTCCC,0,3977391
xdhAp1,0.5,1,1,TTGTGCAAGGCCATCTGGCG,0,3939608
xdhAp1,0.5,1,1,TTGTGACGATGAGTTTGCGC,0,3949039
xdhAp1,0.5,1,1,TTGTCTCGTACATGTAAGGC,0,3950666
xdhAp1,0.5,1,1,TTGTCCCAGCTCAACAGGCA,0,3970723
xdhAp1,0.5,1,1,TTGTCATTCATAGGGCCACA,0,3980884
xdhAp1,0.5,1,1,TTGTAACCGGGCCAAAGTTC,0,3966387
xdhAp1,0.5,1,1,TTGGCGAGGTTAGCGACTTT,0,3969510
xdhAp1,0.5,1,1,TTGGCCTGTGCTCAACACGG,0,3932009
xdhAp1,0.5,1,1,TTGGCCAGGCATTAGTTTCG,0,3950305
xdhAp1,0.5,1,1,TTGGCATTATAGGCACTATT,0,3966909
xdhAp1,0.5,1,1,TTGGAGGCCTGATCCCTGTA,0,3936032
xdhAp1,0.5,1,1,TTGCTGACGGGCAGATTCGA,0,3946901
xdhAp1,0.5,1,1,TTGCTCAGAATTCATCGCGC,0,3952964
xdhAp1,0.5,1,1,TTGCGGTACTGGTCGTCCCC,0,3980207
xdhAp1,0.5,1,1,TTGCGGGGAGTTACCCGTGG,0,3960806
xdhAp1,0.5,1,1,TTGCGCTTCTCGCTCTCTGT,0,3967668
xdhAp1,0.5,1,1,TTGCCCGCGCTGTCAAAGGT,0,3931551
xdhAp1,0.5,1,1,TTGCCCGAATGGTTCTCCCT,0,3948742
xdhAp1,0.5,1,1,TTGCCAACGCCTTCAGAATG,0,3948360
xdhAp1,0.5,1,1,TTGATGCCGGTTAGGGGCAG,0,3975982
xdhAp1,0.5,1,1,TTGACGCCTCGCCGCCTTCG,0,3934185
xdhAp1,0.5,1,1,TTGACAAGCTTGTACGTGAT,0,3938994
xdhAp1,0.5,1,1,TTGAAGACCGGAACACTCTC,0,3933694
xdhAp1,0.5,1,1,TTGAAAACCACACCTTCTGA,0,3964700
xdhAp1,0.5,1,1,TTCTTTCTTGGTCAGAACCT,0,3966630
xdhAp1,0.5,1,1,TTCTCTTTAACAGTGAGTTT,0,3960705
xdhAp1,0.5,1,1,TTCTCTTCCACACTGCGAAA,0,3936059
xdhAp1,0.5,1,1,TTCTCTGTGTCTAATAAGTA,0,3951042
xdhAp1,0.5,1,1,TTCTCTACGCATAGACGGCC,0,3981272
xdhAp1,0.5,1,1,TTCTCGGTGAACCCGATATA,0,3956986
xdhAp1,0.5,1,1,TTCTCCTTCGGTCACAGACA,0,3954122
xdhAp1,0.5,1,1,TTCTATGCGCATGTCCCTGT,0,3929141
xdhAp1,0.5,1,1,TTCTAAAGTAAGGTGTTCGC,0,3934401
xdhAp1,0.5,1,1,TTCGTTCTATCGCTGTTTAA,0,3954453
xdhAp1,0.5,1,1,TTCGCGAGCGTATATTAGGC,0,3934658
xdhAp1,0.5,1,1,TTCGCACCATACGCATTCAG,0,3946179
xdhAp1,0.5,1,1,TTCCTGGTTCGGGGTGGGAT,0,3954252
xdhAp1,0.5,1,1,TTCCTGACACGTCTGCGACC,0,3981295
xdhAp1,0.5,1,1,TTCCGTCGGGAGGTTGATTT,0,3936457
xdhAp1,0.5,1,1,TTCCGTATCACACTCCCCTA,0,3977983
xdhAp1,0.5,1,1,TTCCGCGATTTGGTTCACCT,0,3935468
xdhAp1,0.5,1,1,TTCCCTCACGCTGCAAGACT,0,3934452
xdhAp1,0.5,1,1,TTCCCGGTTTTTAGGTTGAG,0,3964637
xdhAp1,0.5,1,1,TTCCCGAGGTCATCCCTTAT,0,3961586
xdhAp1,0.5,1,1,TTCCCCCTTGATCGATTAAG,0,3963740
xdhAp1,0.5,1,1,TTCCCATAGCGTGGCATCCT,0,3958202
xdhAp1,0.5,1,1,TTCCCAGCCACGCATCTAGG,0,3964456
xdhAp1,0.5,1,1,TTCATTTCGCTACCGTTGGT,0,3964164
xdhAp1,0.5,1,1,TTCATTCTTCGTTCATACAT,0,3945240
xdhAp1,0.5,1,1,TTCATGGTGGTGCGATGTTC,0,3968305
xdhAp1,0.5,1,1,TTCAGTGCGGCATACGTAGG,0,3930697
xdhAp1,0.5,1,1,TTCAGCCTGTCACCATGGGG,0,3935829
xdhAp1,0.5,1,1,TTCAGATTGTCCGAGTTTCG,0,3962137
xdhAp1,0.5,1,1,TTCAACATTGCTCTGATCAC,0,3944697
xdhAp1,0.5,1,1,TTATTTACAGAGGTCCCTAG,0,3978520
xdhAp1,0.5,1,1,TTATGGTACTGCACGACGGA,0,3977397
xdhAp1,0.5,1,1,TTATGCTCGCTTTGCCGCCC,0,3958004
xdhAp1,0.5,1,1,TTATGATTGGAGAGCGCTTC,0,3953741
xdhAp1,0.5,1,1,TTATGACAATGGCCCGGTTT,0,3954257
xdhAp1,0.5,1,1,TTATCTTAAATCAGGTGGGT,0,3979743
xdhAp1,0.5,1,1,TTATACTTTTATAATTATGC,0,3942813
xdhAp1,0.5,1,1,TTATACGGTTACTCTTAAGT,0,3976981
xdhAp1,0.5,1,1,TTAGTTACGAAAGTCTTTCT,0,3951220
xdhAp1,0.5,1,1,TTAGTAGCGGTTAAGTTCGA,0,3981145
xdhAp1,0.5,1,1,TTAGGTAATCTCATTAGGTT,0,3977867
xdhAp1,0.5,1,1,TTAGGCCCACCAGCGCCTTC,0,3968602
xdhAp1,0.5,1,1,TTAGCTAAAGGCTCTACCCA,0,3979332
xdhAp1,0.5,1,1,TTAGAGCCAGACGGAGCACT,0,3971532
xdhAp1,0.5,1,1,TTAGAAGTGTGATATGGAGA,0,3939406
xdhAp1,0.5,1,1,TTACTATTTCGAGATATACA,0,3972677
xdhAp1,0.5,1,1,TTACTATAAATGAGGCACGG,0,3980651
xdhAp1,0.5,1,1,TTACTAGCTCCCGCGAGTTG,0,3959834
xdhAp1,0.5,1,1,TTACTACGCGGAATCATGCA,0,3963138
xdhAp1,0.5,1,1,TTACGCTCGCTTTCAGAGTT,0,3976510
xdhAp1,0.5,1,1,TTACCGGGCCGCATCGCCCT,0,3946707
xdhAp1,0.5,1,1,TTACCCCTGACGCTTCTATG,0,3944861
xdhAp1,0.5,1,1,TTACCCCTAGTTGAGAGGCA,0,3981408
xdhAp1,0.5,1,1,TTACACGAACGATATCATTC,0,3951688
xdhAp1,0.5,1,1,TTAATGTCAAGGAACATCCG,0,3955354
xdhAp1,0.5,1,1,TTAAGTTTCCGCGAGCTCTG,0,3957776
xdhAp1,0.5,1,1,TTAAGGCATGGGGGTACGCC,0,3960506
xdhAp1,0.5,1,1,TTAAGCCAAGTCTAGAGCGT,0,3960260
xdhAp1,0.5,1,1,TTAACGCTTAGTTCCTTATG,0,3965293
xdhAp1,0.5,1,1,TTAACCACGGTGGCCTATCT,0,3964643
xdhAp1,0.5,1,1,TTAAACACAGTGATTATTGA,0,3975430
xdhAp1,0.5,1,1,TTAAAAGGCAAAGCCGAGCA,0,3944009
xdhAp1,0.5,1,1,TGTTTTGCAGTTGCGGCGCC,0,3965803
xdhAp1,0.5,1,1,TGTTTGTTGTCCCCCAAAAT,0,3942920
xdhAp1,0.5,1,1,TGTTTCGCCGCCTGTCACCG,0,3929397
xdhAp1,0.5,1,1,TGTTTACGAGCCAGGCTGTT,0,3933128
xdhAp1,0.5,1,1,TGTTGTTTCGCCCATTATGC,0,3944341
xdhAp1,0.5,1,1,TGTTCCATCTAATCTGGTAC,0,3961046
xdhAp1,0.5,1,1,TGTTCCATAGACCAAAGCGT,0,3949738
xdhAp1,0.5,1,1,TGTTCCAGCAGCTCTTGATA,0,3937851
xdhAp1,0.5,1,1,TGTTCACGAGTCCGTTCCCG,0,3965777
xdhAp1,0.5,1,1,TGTTCACCGGTAGTGGTTTA,0,3968510
xdhAp1,0.5,1,1,TGTGTCTTGATTTGGTCCTA,0,3935628
xdhAp1,0.5,1,1,TGTGGAATTAATGTTGAAAC,0,3969806
xdhAp1,0.5,1,1,TGTGATATGACAATGTCTGG,0,3933885
xdhAp1,0.5,1,1,TGTGAAAGCTAGCGCCATAA,0,3977723
xdhAp1,0.5,1,1,TGTCTCATGTTAACCTACGC,0,3936307
xdhAp1,0.5,1,1,TGTCGTTGGTGCAACGCCAA,0,3929095
xdhAp1,0.5,1,1,TGTCCTTCCTTGTACCGAAT,0,3933047
xdhAp1,0.5,1,1,TGTCCAAGCGCGCCCCACTT,0,3945810
xdhAp1,0.5,1,1,TGTCACCGCCTCTGTGCAGC,0,3936064
xdhAp1,0.5,1,1,TGTAGTAGGCAGCATTAGTG,0,3948612
xdhAp1,0.5,1,1,TGTAGTAAGGTGGCATAGTT,0,3939502
xdhAp1,0.5,1,1,TGTACTACGTGCCCGTGCCA,0,3958029
xdhAp1,0.5,1,1,TGTAACGTTCAGGAAGTCAC,0,3942118
xdhAp1,0.5,1,1,TGGTTCTGGGCGTAAAAGTA,0,3941645
xdhAp1,0.5,1,1,TGGTTCCACAATAAGGTTCT,0,3964093
xdhAp1,0.5,1,1,TGGTGCTTTGCTTCTGTAGT,0,3935037
xdhAp1,0.5,1,1,TGGTCGTCAGACCTGCTAGG,0,3962075
xdhAp1,0.5,1,1,TGGTCGAGCACTGCGCTTTT,0,3962852
xdhAp1,0.5,1,1,TGGTCCTTCTGCCGCTGCGC,0,3933124
xdhAp1,0.5,1,1,TGGTCCCTGGCTGGTGGTTG,0,3973594
xdhAp1,0.5,1,1,TGGTCAGAACCAAAACCGAT,0,3945111
xdhAp1,0.5,1,1,TGGTCAATGTCCCCATGGAA,0,3965369
xdhAp1,0.5,1,1,TGGTATTTGGCCATCCCACA,0,3970779
xdhAp1,0.5,1,1,TGGTACTTATGCAACAAGCG,0,3939071
xdhAp1,0.5,1,1,TGGTAAACTGTGCCATCATC,0,3936964
xdhAp1,0.5,1,1,TGGGTGCGCAGTAGGCGTAA,0,3980653
xdhAp1,0.5,1,1,TGGGGCTAGATACCAATGTT,0,3971588
xdhAp1,0.5,1,1,TGGGGCGCCATTTCACTCGT,0,3947179
xdhAp1,0.5,1,1,TGGGGCAGCTTAGCGCGTGT,0,3959190
xdhAp1,0.5,1,1,TGGGCTTGCGACAACCTATT,0,3955922
xdhAp1,0.5,1,1,TGGGACAAGGCCCCCGGGAC,0,3968302
xdhAp1,0.5,1,1,TGGGAAAGTACGGTCGCCTT,0,3977258
xdhAp1,0.5,1,1,TGGCTGTTCACGAGGAGGGC,0,3940959
xdhAp1,0.5,1,1,TGGCTAAGATGTAGGATTAA,0,3950770
xdhAp1,0.5,1,1,TGGCCGCTTGGATTTTGGGC,0,3941880
xdhAp1,0.5,1,1,TGGCCGCTCGCGGCTTGGGA,0,3960266
xdhAp1,0.5,1,1,TGGCCGAGATCCGGTAGATT,0,3942575
xdhAp1,0.5,1,1,TGGCCATCGAAGGGCGATTA,0,3974299
xdhAp1,0.5,1,1,TGGCCAATCCCTCCAGTGAT,0,3976757
xdhAp1,0.5,1,1,TGGCATAGGTGTATTTAGAT,0,3952849
xdhAp1,0.5,1,1,TGGCAGATGCCGTGTCTATG,0,3950442
xdhAp1,0.5,1,1,TGGATTATTAGTGTGACGAT,0,3956012
xdhAp1,0.5,1,1,TGGATTAGAGTTCTTCGAAC,0,3929167
xdhAp1,0.5,1,1,TGGATGAGATTTTTCAACGC,0,3974412
xdhAp1,0.5,1,1,TGGACTACGAAGTTCATCTT,0,3962817
xdhAp1,0.5,1,1,TGGAATTACTGGCGTTCTTA,0,3960545
xdhAp1,0.5,1,1,TGGAAGTGGGCCAGGCATGA,0,3942256
xdhAp1,0.5,1,1,TGGAACGCGGTTTTAAGTGT,0,3962063
xdhAp1,0.5,1,1,TGCTTGGAGGGTAAGACGAT,0,3953145
xdhAp1,0.5,1,1,TGCTTCCGCATTCTGGCTGT,0,3944160
xdhAp1,0.5,1,1,TGCTTCAAAACGTACATCAG,0,3936706
xdhAp1,0.5,1,1,TGCTTACGGCAAAGTTCTCT,0,3943484
xdhAp1,0.5,1,1,TGCTTACGAGTGGTTGCCCT,0,3973417
xdhAp1,0.5,1,1,TGCTGGCATGGGGGGTGGGC,0,3970527
xdhAp1,0.5,1,1,TGCTGCTATGTGGGGCGGTG,0,3965151
xdhAp1,0.5,1,1,TGCTCGGTACTTGATAAGCC,0,3935204
xdhAp1,0.5,1,1,TGCTCGCCTTTTGGACCCAA,0,3947888
xdhAp1,0.5,1,1,TGCTCCCATTGACTCCTATA,0,3947554
xdhAp1,0.5,1,1,TGCTAGTTGGCGACGTTCTA,0,3969505
xdhAp1,0.5,1,1,TGCTAAATACCGCGTGCAGT,0,3951000
xdhAp1,0.5,1,1,TGCTAAAGCCTCAAACTTGG,0,3967710
xdhAp1,0.5,1,1,TGCGTGCCTATCGCGTCTCT,0,3972996
xdhAp1,0.5,1,1,TGCGTACCGATGTTAGGGTT,0,3947339
xdhAp1,0.5,1,1,TGCGGTCAATACTTTCTTAA,0,3952079
xdhAp1,0.5,1,1,TGCGCGGCAGAACTCAGGTT,0,3953082
xdhAp1,0.5,1,1,TGCGCGACCGCACATCGGAA,0,3981417
xdhAp1,0.5,1,1,TGCGCCTGAACAAACTCTTT,0,3965448
xdhAp1,0.5,1,1,TGCCGGGGCGAATTGGGCCG,0,3946529
xdhAp1,0.5,1,1,TGCCGAACCATTCACGATAA,0,3963652
xdhAp1,0.5,1,1,TGCCCTTCTCCTCCGCACCG,0,3962596
xdhAp1,0.5,1,1,TGCAGTGACCCAAACGCCTG,0,3946770
xdhAp1,0.5,1,1,TGCAGTACATGACAATATGT,0,3962392
xdhAp1,0.5,1,1,TGCAGCCTAGGTCGTCGGGC,0,3951018
xdhAp1,0.5,1,1,TGCACTACTCTACCGTCAAC,0,3965277
xdhAp1,0.5,1,1,TGCACGGAGGGGTCCTGTAG,0,3977081
xdhAp1,0.5,1,1,TGCACCGGCTTTATAGGCCT,0,3954571
xdhAp1,0.5,1,1,TGCACCAGATCACATACGTT,0,3974417
xdhAp1,0.5,1,1,TGCAATCGGTGATGACCGCA,0,3974891
xdhAp1,0.5,1,1,TGCAAGATTGACCGGTCATC,0,3955066
xdhAp1,0.5,1,1,TGCAACTAGGCAGTAGCAGA,0,3966540
xdhAp1,0.5,1,1,TGCAACGTGTATGGTAATAC,0,3975911
xdhAp1,0.5,1,1,TGCAAAGGCGTAGGGAAGAT,0,3954665
xdhAp1,0.5,1,1,TGATGTTAAAGCTCCGATCG,0,3956948
xdhAp1,0.5,1,1,TGATGGGCCGATACCTGCGA,0,3935094
xdhAp1,0.5,1,1,TGATCTCCGGCATCCAGCTC,0,3979298
xdhAp1,0.5,1,1,TGATCGTGGCATTGAACTCG,0,3962526
xdhAp1,0.5,1,1,TGATCGTATGCTGGCGACTA,0,3973115
xdhAp1,0.5,1,1,TGATATTTCAAATGCCAACA,0,3948179
xdhAp1,0.5,1,1,TGATAAAGCAGCGGCTGACG,0,3962146
xdhAp1,0.5,1,1,TGAGTTGTCAGATGTTGGCG,0,3953020
xdhAp1,0.5,1,1,TGAGGCTGTGTAATCCCTAA,0,3955415
xdhAp1,0.5,1,1,TGAGCTGGACAGTCCCGCGG,0,3978059
xdhAp1,0.5,1,1,TGAGCTCGTCCGAGTACGGC,0,3942791
xdhAp1,0.5,1,1,TGAGCTAAGCGATAAAGCGC,0,3938748
xdhAp1,0.5,1,1,TGAGAAGGCTTAAGGTCAGG,0,3942922
xdhAp1,0.5,1,1,TGACGTGTACGGTAATTACG,0,3971684
xdhAp1,0.5,1,1,TGACGGTAGATCTCCCATTA,0,3966655
xdhAp1,0.5,1,1,TGACGGAGTCCGGAACGCAG,0,3941833
xdhAp1,0.5,1,1,TGACCTTACAAGCTAAACAA,0,3946122
xdhAp1,0.5,1,1,TGACCGCGCCTGTGTATGAA,0,3965557
xdhAp1,0.5,1,1,TGACCAGCAGGTCGTTGTAG,0,3960314
xdhAp1,0.5,1,1,TGACCACGAGCCAACGACCT,0,3929749
xdhAp1,0.5,1,1,TGACCACCTGGTCTCGAGTA,0,3935738
xdhAp1,0.5,1,1,TGACAGGTAATCTGGAGACA,0,3958727
xdhAp1,0.5,1,1,TGAATGGATTCCACGCTCAC,0,3949469
xdhAp1,0.5,1,1,TGAAGATTTATTAGGCGACT,0,3971727
xdhAp1,0.5,1,1,TGAAGAGATTCGGTACTCCG,0,3946256
xdhAp1,0.5,1,1,TGAACTGTTTCTAACACCCT,0,3960976
xdhAp1,0.5,1,1,TGAACCCGGGGCGACCCTTT,0,3952516
xdhAp1,0.5,1,1,TGAAATGACGGTCTAACATG,0,3933528
xdhAp1,0.5,1,1,TGAAATAAGGTTCTCCTAGA,0,3977281
xdhAp1,0.5,1,1,TCTTGGCCAGTCATGACTAG,0,3945462
xdhAp1,0.5,1,1,TCTTCGGCACTTCGTCGGGA,0,3974343
xdhAp1,0.5,1,1,TCTTCCGGCGCCACGTGTCA,0,3934795
xdhAp1,0.5,1,1,TCTGTATTTTTGGTGCACAT,0,3947129
xdhAp1,0.5,1,1,TCTGGGCCTCCCGGCGGAGG,0,3945865
xdhAp1,0.5,1,1,TCTGGGATTAAATCAATGCA,0,3960169
xdhAp1,0.5,1,1,TCTGAGAGGACTTGATGTGG,0,3943321
xdhAp1,0.5,1,1,TCTGACGCTTGGTGCCGAAA,0,3948704
xdhAp1,0.5,1,1,TCTCACCAGTACGGGTGTAG,0,3956827
xdhAp1,0.5,1,1,TCTCACAGGGCTCAAAGGTT,0,3961510
xdhAp1,0.5,1,1,TCTCAAATCATGTCGCCTAT,0,3933944
xdhAp1,0.5,1,1,TCTATTCGAACCTTCGCACG,0,3972808
xdhAp1,0.5,1,1,TCTATCTTCGCGAACAGCAG,0,3978610
xdhAp1,0.5,1,1,TCTATACGGACTGCCAATCT,0,3940080
xdhAp1,0.5,1,1,TCTATAAGAGAGCGGCAAAT,0,3940861
xdhAp1,0.5,1,1,TCTAGTGGAAGTTTGGCGAC,0,3981488
xdhAp1,0.5,1,1,TCTAGGTTGAGGTCCTGCTA,0,3930219
xdhAp1,0.5,1,1,TCTAGGCCATGAGAATATGA,0,3959284
xdhAp1,0.5,1,1,TCTAATCACAGGTTTGACGA,0,3939527
xdhAp1,0.5,1,1,TCTAAATGCTAAGATCCCCC,0,3980838
xdhAp1,0.5,1,1,TCGTGGGTGGGCGCGCTTTT,0,3971294
xdhAp1,0.5,1,1,TCGTGGCATACTATCTAGTT,0,3948270
xdhAp1,0.5,1,1,TCGTGGACTGGGTGAAAAGA,0,3971157
xdhAp1,0.5,1,1,TCGTCATCGGTTCCCATTTG,0,3975909
xdhAp1,0.5,1,1,TCGTCACTTCGATAAATTAT,0,3937958
xdhAp1,0.5,1,1,TCGTACCTTATTAAGATTTT,0,3940810
xdhAp1,0.5,1,1,TCGTACCGTTCTTTAATTGG,0,3959510
xdhAp1,0.5,1,1,TCGTAAAGGGTATGTTTGGG,0,3931252
xdhAp1,0.5,1,1,TCGGTTCAGTACGGAGTTAT,0,3956409
xdhAp1,0.5,1,1,TCGGTAATAGACCTTGGCTG,0,3953306
xdhAp1,0.5,1,1,TCGGGGTACCCTGCCGAGGA,0,3978596
xdhAp1,0.5,1,1,TCGGGGGTATCACACAGCCT,0,3940396
xdhAp1,0.5,1,1,TCGGGGAGTCAGTCACGGAC,0,3953263
xdhAp1,0.5,1,1,TCGGGGACTCGTTGATGGAT,0,3969921
xdhAp1,0.5,1,1,TCGGGCTCAAGCGGGTAATA,0,3957944
xdhAp1,0.5,1,1,TCGGGCCTACCGCTACACAA,0,3965571
xdhAp1,0.5,1,1,TCGGCAGCGCATTAACTGGC,0,3957802
xdhAp1,0.5,1,1,TCGCTTTGGGCGTTTATTTT,0,3960251
xdhAp1,0.5,1,1,TCGCTGGGTACCCTGTCGAT,0,3932745
xdhAp1,0.5,1,1,TCGCGAAGCTCATACTACTG,0,3964319
xdhAp1,0.5,1,1,TCGCCGGGTCTCTGTCGCAG,0,3929973
xdhAp1,0.5,1,1,TCGCCGCAACGGTAGGAGGT,0,3966468
xdhAp1,0.5,1,1,TCGCCATGGGCTCCGTCATA,0,3948518
xdhAp1,0.5,1,1,TCGCATGTGGTCGATTGCGA,0,3962287
xdhAp1,0.5,1,1,TCGATAGTGCGTATAATCGT,0,3976588
xdhAp1,0.5,1,1,TCGAATTACAACGGATAATC,0,3935569
xdhAp1,0.5,1,1,TCGAATCGCGGACGTTCTGA,0,3932614
xdhAp1,0.5,1,1,TCGAATAAGGGAATGAGGAA,0,3940236
xdhAp1,0.5,1,1,TCGAAGGACGGGTAGTCATC,0,3961854
xdhAp1,0.5,1,1,TCCTTTTCCGCAACATCTAA,0,3946793
xdhAp1,0.5,1,1,TCCTGTCTACCCAGCAGAGA,0,3968583
xdhAp1,0.5,1,1,TCCTCTTATTAGCTCATGGT,0,3965148
xdhAp1,0.5,1,1,TCCTCAGACAAGCAAAATCC,0,3939722
xdhAp1,0.5,1,1,TCCTATCCTGTTGGACATAA,0,3969384
xdhAp1,0.5,1,1,TCCTAAAAGTCAACATGCCG,0,3943086
xdhAp1,0.5,1,1,TCCGTCAGAGTCATGGATTA,0,3957772
xdhAp1,0.5,1,1,TCCGTAACTGGGACAAATCC,0,3933411
xdhAp1,0.5,1,1,TCCGGTCGCTTCCTAAACGC,0,3944443
xdhAp1,0.5,1,1,TCCGGCAACGCCCCCGGTGC,0,3940269
xdhAp1,0.5,1,1,TCCGCATTTGGCCATGCCAG,0,3933353
xdhAp1,0.5,1,1,TCCGAGCCGGGCTAGGGCCA,0,3954987
xdhAp1,0.5,1,1,TCCCTCGCGAAGCACAACGG,0,3944240
xdhAp1,0.5,1,1,TCCCTCGAAACAGTAGAACA,0,3947659
xdhAp1,0.5,1,1,TCCCGTGCGTGGCCGTCGAT,0,3960761
xdhAp1,0.5,1,1,TCCCGGGGCCTCTTTAATGT,0,3928949
xdhAp1,0.5,1,1,TCCCGGATGGTTAAAGTTCT,0,3967183
xdhAp1,0.5,1,1,TCCCGAGGGCTCAAGAATGA,0,3930021
xdhAp1,0.5,1,1,TCCCCTCGTGGGTAAAAGGT,0,3946428
xdhAp1,0.5,1,1,TCCCATCTCTCACACGGAGT,0,3958203
xdhAp1,0.5,1,1,TCCATTTCATTTGGTACTAA,0,3946597
xdhAp1,0.5,1,1,TCCAGTGGATACTCGTTGGG,0,3970337
xdhAp1,0.5,1,1,TCCACGCCTATTTGTTTCGG,0,3959907
xdhAp1,0.5,1,1,TCCACAGAATATCAATAAAT,0,3956055
xdhAp1,0.5,1,1,TCATTTGGTCACGCAATAGT,0,3957973
xdhAp1,0.5,1,1,TCATTTACCTTTGTCGGAAA,0,3949425
xdhAp1,0.5,1,1,TCATTCAGCCGGCATACGAT,0,3944968
xdhAp1,0.5,1,1,TCATGGTGAGTATAGTCTGC,0,3957028
xdhAp1,0.5,1,1,TCATGCGTGTGGACCCCAAA,0,3956915
xdhAp1,0.5,1,1,TCATCTTAACGCATATTCGG,0,3962188
xdhAp1,0.5,1,1,TCATACTTGAATGAGCAGAC,0,3967852
xdhAp1,0.5,1,1,TCATACATTGACGTCCTTTT,0,3935918
xdhAp1,0.5,1,1,TCAGTGCAAGGTGTTCTCGT,0,3934738
xdhAp1,0.5,1,1,TCAGGGAACACCTCCAAGTA,0,3957026
xdhAp1,0.5,1,1,TCAGCTGTGAGTACCGGTAA,0,3940889
xdhAp1,0.5,1,1,TCAGCATTTAACACTGTCTT,0,3973038
xdhAp1,0.5,1,1,TCAGCAACCCGCGAGAGTGA,0,3932918
xdhAp1,0.5,1,1,TCAGAGTAATCTACGTCGTA,0,3974114
xdhAp1,0.5,1,1,TCAGAGGCCTCATGCTCGAC,0,3963142
xdhAp1,0.5,1,1,TCAGAACGCCCAGGTAGGAC,0,3949410
xdhAp1,0.5,1,1,TCACTCTGATAGTTTGTGAT,0,3938883
xdhAp1,0.5,1,1,TCACGACCCCCCCGGGATTG,0,3956126
xdhAp1,0.5,1,1,TCACCTGAGAGTCTGCAGAC,0,3967985
xdhAp1,0.5,1,1,TCACCCTTTGTGCGTCTGCA,0,3957367
xdhAp1,0.5,1,1,TCACCAGCCTCCATGCTTAT,0,3979364
xdhAp1,0.5,1,1,TCACCAACCGGGAGGGCGAA,0,3952665
xdhAp1,0.5,1,1,TCAATTTGCTTAAATGATGT,0,3948357
xdhAp1,0.5,1,1,TCAATTTGAATACCAGAATT,0,3949118
xdhAp1,0.5,1,1,TCAATGCTATGACCTCCGAA,0,3962473
xdhAp1,0.5,1,1,TCAATCGTATACCGGCCCTA,0,3969802
xdhAp1,0.5,1,1,TCAATATTTAACAGCGGTGT,0,3974947
xdhAp1,0.5,1,1,TCAATATTCAGTGCCCCGGA,0,3971718
xdhAp1,0.5,1,1,TCAACTCGAGACTCCAGTGA,0,3944471
xdhAp1,0.5,1,1,TCAACCAGAGCCACAATTAA,0,3934913
xdhAp1,0.5,1,1,TCAAAGGGTAGACTAGGCGA,0,3964685
xdhAp1,0.5,1,1,TCAAACATGATCAGAGTATC,0,3936313
xdhAp1,0.5,1,1,TATTTGTTATGCACTAAGCC,0,3971461
xdhAp1,0.5,1,1,TATTTCTCGCTCGTTAATCA,0,3934621
xdhAp1,0.5,1,1,TATTTCGCACAGTGCAACGA,0,3940854
xdhAp1,0.5,1,1,TATTGGCAGGGCTTGGCTCT,0,3933951
xdhAp1,0.5,1,1,TATTGCTTTCGTGCTTCCAC,0,3968352
xdhAp1,0.5,1,1,TATTATGGAGGTGGCCTGTT,0,3950107
xdhAp1,0.5,1,1,TATTACCAAAGATCACAGTT,0,3963599
xdhAp1,0.5,1,1,TATTAACGTGTAGCGATTAC,0,3980152
xdhAp1,0.5,1,1,TATGGGAGTAAGAGCTCCTC,0,3959633
xdhAp1,0.5,1,1,TATGGGACGTCGCCTGTTAA,0,3980975
xdhAp1,0.5,1,1,TATGGCATCATGAGAGGCTA,0,3938848
xdhAp1,0.5,1,1,TATGCGCTAGGAAGTGACCG,0,3956569
xdhAp1,0.5,1,1,TATGCGCCATGGTTGGTATT,0,3979501
xdhAp1,0.5,1,1,TATGCATTATCAGCTGTGGG,0,3947730
xdhAp1,0.5,1,1,TATGATAGATTTGAATTCGG,0,3962038
xdhAp1,0.5,1,1,TATGAGGTCTGAGGTTTGGG,0,3978552
xdhAp1,0.5,1,1,TATGAGCCCCGGGATACATC,0,3956314
xdhAp1,0.5,1,1,TATCTTCTCTTCTCCCGTGA,0,3956707
xdhAp1,0.5,1,1,TATCTCTACACAACACCAAT,0,3958124
xdhAp1,0.5,1,1,TATCTATTTCCATCAGGTTA,0,3947135
xdhAp1,0.5,1,1,TATCGTTGGAACGTCCGTGT,0,3959881
xdhAp1,0.5,1,1,TATCGATTCTTACCGTCCGG,0,3950168
xdhAp1,0.5,1,1,TATCCACCCCGAGCGCGGAA,0,3977435
xdhAp1,0.5,1,1,TATCAGTTCGCCCTAAAGGA,0,3968152
xdhAp1,0.5,1,1,TATCACTCCCCTCACTCATT,0,3930462
xdhAp1,0.5,1,1,TATCAATTCATTGTATTCAT,0,3956217
xdhAp1,0.5,1,1,TATATTAGCCAAACACAGAC,0,3938712
xdhAp1,0.5,1,1,TATATCAGCTTACACAGCGC,0,3972765
xdhAp1,0.5,1,1,TATATAATGTCGCAGGCCGA,0,3974473
xdhAp1,0.5,1,1,TATAGTGTTTCTGCCGTATG,0,3955143
xdhAp1,0.5,1,1,TATAGTGAGACTGCGACGTA,0,3966905
xdhAp1,0.5,1,1,TATAGCATAAGGGCAGAGTT,0,3956998
xdhAp1,0.5,1,1,TATAGAGTCGGTCAGTGCGG,0,3969214
xdhAp1,0.5,1,1,TATACCTCCGGTGTGCAGGG,0,3931724
xdhAp1,0.5,1,1,TATACAGGGGCAGTAATAGA,0,3930492
xdhAp1,0.5,1,1,TATAATTTTCTACTGGTGAC,0,3955894
xdhAp1,0.5,1,1,TATAATCCACAGACTATTTC,0,3929637
xdhAp1,0.5,1,1,TATAATAAGACAACGTCCTC,0,3939155
xdhAp1,0.5,1,1,TAGTCTTACACGAGACGTCC,0,3976615
xdhAp1,0.5,1,1,TAGTCCTGGGTGGTATCTGG,0,3931645
xdhAp1,0.5,1,1,TAGGTTCTTAGTTAGCCTTT,0,3965797
xdhAp1,0.5,1,1,TAGGGCACTTACAACCACAT,0,3971156
xdhAp1,0.5,1,1,TAGGGAGGGGTCAAATTCAC,0,3952074
xdhAp1,0.5,1,1,TAGGGACATGTCCCACAGCT,0,3952206
xdhAp1,0.5,1,1,TAGGCCGGGAGTCTCGATGA,0,3934051
xdhAp1,0.5,1,1,TAGGCACTAAGCACCAGCAA,0,3944830
xdhAp1,0.5,1,1,TAGGATTTGCTTGTTATGGT,0,3978146
xdhAp1,0.5,1,1,TAGGAATTAGAAGAAGACCT,0,3949865
xdhAp1,0.5,1,1,TAGGAAAGTCGTACGACAGT,0,3963882
xdhAp1,0.5,1,1,TAGCGCTGCCTTGAGTGTCA,0,3938556
xdhAp1,0.5,1,1,TAGCGCCTCAGATTTGGACC,0,3956058
xdhAp1,0.5,1,1,TAGCCTAGCCACTCCTTTGG,0,3936549
xdhAp1,0.5,1,1,TAGCCGGTTCAGACAGTTTC,0,3958653
xdhAp1,0.5,1,1,TAGCCCGAGGAGTCTTGTCC,0,3968461
xdhAp1,0.5,1,1,TAGCCATAAAATAGGGAGTT,0,3957974
xdhAp1,0.5,1,1,TAGCAAGTTCTAATAAGTAT,0,3976625
xdhAp1,0.5,1,1,TAGATGCGCAGCACTAATAT,0,3964711
xdhAp1,0.5,1,1,TAGATGAACGGGCCGGACTT,0,3932470
xdhAp1,0.5,1,1,TAGAGTCTTCCGACTCTTGC,0,3946104
xdhAp1,0.5,1,1,TAGAATGTCAATTACACGTG,0,3931049
xdhAp1,0.5,1,1,TAGAATCAAGGATCCGCCGT,0,3940401
xdhAp1,0.5,1,1,TAGAACGTCGATGTAGATAT,0,3976939
xdhAp1,0.5,1,1,TAGAACACTGGTTGTCTAGA,0,3935865
xdhAp1,0.5,1,1,TACTTGTCGGGGTCGTGCAA,0,3934433
xdhAp1,0.5,1,1,TACTCTTACAAAGTAGCAAG,0,3948265
xdhAp1,0.5,1,1,TACTCGCAGAGGCCGAGTAA,0,3962962
xdhAp1,0.5,1,1,TACTCAGATGGAGAGGGTCC,0,3967732
xdhAp1,0.5,1,1,TACTATCCACCCGTTAGAGT,0,3952174
xdhAp1,0.5,1,1,TACTAGATGCTATTTAATGG,0,3931968
xdhAp1,0.5,1,1,TACGTGAGATCGAGCTAAAT,0,3977661
xdhAp1,0.5,1,1,TACGTATAAACGCGTCGTAA,0,3965156
xdhAp1,0.5,1,1,TACGGGGGTATCACTACCGC,0,3957377
xdhAp1,0.5,1,1,TACGGATATTCAATTAACAG,0,3950829
xdhAp1,0.5,1,1,TACGCTTTCCGATCCTTAGT,0,3930343
xdhAp1,0.5,1,1,TACGCGTCCGCCCATATCGT,0,3947645
xdhAp1,0.5,1,1,TACGCAGGAGCCCCCGTGGA,0,3980583
xdhAp1,0.5,1,1,TACGATGTTCATGGTCACCC,0,3978060
xdhAp1,0.5,1,1,TACCGGATGGTCATAACCTC,0,3953144
xdhAp1,0.5,1,1,TACCCTGACCGAACTAATGA,0,3972146
xdhAp1,0.5,1,1,TACCCCGGACTGGTTCGATG,0,3966845
xdhAp1,0.5,1,1,TACCCCAGACCCACACCATG,0,3960437
xdhAp1,0.5,1,1,TACCCATGAGACTTACCTCG,0,3955485
xdhAp1,0.5,1,1,TACCAAGAGAACTAGCCGTA,0,3977988
xdhAp1,0.5,1,1,TACAGTTTAGCTCAGTACGG,0,3968433
xdhAp1,0.5,1,1,TACAGAAACCATTCTGGGTC,0,3976862
xdhAp1,0.5,1,1,TACACGCTCCCCTTCCGTTA,0,3974208
xdhAp1,0.5,1,1,TACACGAGGGTATGGACAGA,0,3978171
xdhAp1,0.5,1,1,TACACAGTCCTCTATAGTTG,0,3953745
xdhAp1,0.5,1,1,TACAATTGAATAGATCATAC,0,3961406
xdhAp1,0.5,1,1,TACAAATCGTACGAACCACA,0,3933794
xdhAp1,0.5,1,1,TACAAAAAGGCGGTTAACTC,0,3951462
xdhAp1,0.5,1,1,TAATTATATGGCCGGACCTG,0,3936095
xdhAp1,0.5,1,1,TAATGGGGGCAAAACTCTGA,0,3965424
xdhAp1,0.5,1,1,TAATGCTGCATTCAGGAGTC,0,3936822
xdhAp1,0.5,1,1,TAATGATTTCACCTGATTTT,0,3940385
xdhAp1,0.5,1,1,TAATCGCACGCATATAGAGA,0,3954616
xdhAp1,0.5,1,1,TAAGTTTTCGCACAATAGCT,0,3939579
xdhAp1,0.5,1,1,TAAGTCTTAGTAGAACCTAG,0,3935833
xdhAp1,0.5,1,1,TAAGTCGGCTTATGTTGGAC,0,3973459
xdhAp1,0.5,1,1,TAAGTCCGTACCCTAGAGAC,0,3973261
xdhAp1,0.5,1,1,TAAGGTCGGGACGCAACGAA,0,3974194
xdhAp1,0.5,1,1,TAAGCCAAAGTAGACTCATA,0,3935207
xdhAp1,0.5,1,1,TAACTGGAGATTTACTAGAG,0,3949303
xdhAp1,0.5,1,1,TAACTGAGCGTTGGATGCAA,0,3938379
xdhAp1,0.5,1,1,TAACCTTCAGTTTCATGGGA,0,3938163
xdhAp1,0.5,1,1,TAAAGTTAGGATATTTTTGC,0,3980450
xdhAp1,0.5,1,1,TAAAGTCTGGCCTTGAGCGG,0,3975293
xdhAp1,0.5,1,1,TAAAGGATGAGCCGTATGCT,0,3936836
xdhAp1,0.5,1,1,TAAACGGGCTACAATTGAGT,0,3942227
xdhAp1,0.5,1,1,TAAACGAGTTAAAGATATTA,0,3936396
xdhAp1,0.5,1,1,TAAACAGGGACCTTCGGTAA,0,3935352
xdhAp1,0.5,1,1,GTTTTACTTAAGGATTATTT,0,3956280
xdhAp1,0.5,1,1,GTTTGTCCGGACATCTGCAT,0,3955642
xdhAp1,0.5,1,1,GTTTGAGGTTGACCCGGTGT,0,3929066
xdhAp1,0.5,1,1,GTTTCGATGAAAAGCTCAGG,0,3935201
xdhAp1,0.5,1,1,GTTGTTTTAAGTGAAGAGTG,0,3950981
xdhAp1,0.5,1,1,GTTGTGGCATGTAGTAAACT,0,3965926
xdhAp1,0.5,1,1,GTTGTACACCTATGAGTGTG,0,3977115
xdhAp1,0.5,1,1,GTTGGTATGGGTTCCTCCGT,0,3953562
xdhAp1,0.5,1,1,GTTGCCGAACGGTGACTCGC,0,3954287
xdhAp1,0.5,1,1,GTTGACGGCCTGTTAATCTT,0,3936167
xdhAp1,0.5,1,1,GTTCTGTTTTCCACTTCTAA,0,3943758
xdhAp1,0.5,1,1,GTTCGTTCGGGGATTGGGTG,0,3960105
xdhAp1,0.5,1,1,GTTCGTCAGATGACTTCGGC,0,3949215
xdhAp1,0.5,1,1,GTTCGGCCCTCCGGTCCCAG,0,3970338
xdhAp1,0.5,1,1,GTTCGCCGAAAAGGGGCGTG,0,3949616
xdhAp1,0.5,1,1,GTTCCCCCGTTATCGACGAA,0,3957896
xdhAp1,0.5,1,1,GTTCACTTACCGAGGCGAGT,0,3964050
xdhAp1,0.5,1,1,GTTCACTGCGACTGGGTCTG,0,3950499
xdhAp1,0.5,1,1,GTTATGTACGGGGAAGGAAT,0,3965705
xdhAp1,0.5,1,1,GTTATCGAGTCAAAATCCGG,0,3938894
xdhAp1,0.5,1,1,GTTATAGTTGGCGGGTACTT,0,3963840
xdhAp1,0.5,1,1,GTTAGCTACATTTGTATTGG,0,3933426
xdhAp1,0.5,1,1,GTTAATAGCCCAAAGCTCTT,0,3932610
xdhAp1,0.5,1,1,GTTAAGGGTATCTAGTGACC,0,3945783
xdhAp1,0.5,1,1,GTTAAGAGCATACAATACGT,0,3957329
xdhAp1,0.5,1,1,GTTAAACCCTCTACGCGTTC,0,3956536
xdhAp1,0.5,1,1,GTTAAAACGGGTCATGGACG,0,3960720
xdhAp1,0.5,1,1,GTGTTTGACATTAACTCGCA,0,3934959
xdhAp1,0.5,1,1,GTGTTTCACCTCTCAAGATT,0,3973821
xdhAp1,0.5,1,1,GTGTTAAGCGTCACGGATGA,0,3954456
xdhAp1,0.5,1,1,GTGTGGCTTTAAGATGGCCG,0,3929181
xdhAp1,0.5,1,1,GTGTGAATCACTTCGCGGGG,0,3932375
xdhAp1,0.5,1,1,GTGGTGACCTATGTGCGCAA,0,3975951
xdhAp1,0.5,1,1,GTGGCAAATTACTCCTTGCC,0,3932038
xdhAp1,0.5,1,1,GTGCTGACCCTAATGGCACT,0,3966523
xdhAp1,0.5,1,1,GTGCTCTTTATTAGGTTGAA,0,3961413
xdhAp1,0.5,1,1,GTGCGTCTCGGGATTGTTAC,0,3934904
xdhAp1,0.5,1,1,GTGCCTATACGTACTGAATA,0,3977551
xdhAp1,0.5,1,1,GTGCCGCCATTTGAACACGA,0,3956810
xdhAp1,0.5,1,1,GTGCAGGATGGGCTTTCTTT,0,3970409
xdhAp1,0.5,1,1,GTGCACAGGCAATACCCGTA,0,3938663
xdhAp1,0.5,1,1,GTGATGCGATCGTGGAAGCC,0,3952492
xdhAp1,0.5,1,1,GTGAGTGCCTTCACGGTCAG,0,3966758
xdhAp1,0.5,1,1,GTGAGTCATCTCGACGTAAA,0,3981186
xdhAp1,0.5,1,1,GTGAGTACGTTGACACACAA,0,3954465
xdhAp1,0.5,1,1,GTGACAACCATAGATCATCT,0,3950492
xdhAp1,0.5,1,1,GTGAAGCTGCCCCCCTCTAT,0,3981177
xdhAp1,0.5,1,1,GTCTTGGTCCTAACGCCCAG,0,3970713
xdhAp1,0.5,1,1,GTCTTGCGGCCGAGGGACCG,0,3976362
xdhAp1,0.5,1,1,GTCTTGCGCTTTGCAGGCCT,0,3977321
xdhAp1,0.5,1,1,GTCTGCTAGCTAACGACTCT,0,3943569
xdhAp1,0.5,1,1,GTCTCATTGAGTGTATTATG,0,3966677
xdhAp1,0.5,1,1,GTCTATAACAAGTTATACCT,0,3968845
xdhAp1,0.5,1,1,GTCTAAACGTGCTAGCCAGT,0,3936159
xdhAp1,0.5,1,1,GTCGTCGAAAATCCTCAGTC,0,3937730
xdhAp1,0.5,1,1,GTCGTAACTGATGTACTTGG,0,3974101
xdhAp1,0.5,1,1,GTCGGTTCCCTTCTTCTTAT,0,3947106
xdhAp1,0.5,1,1,GTCGGACGTTGTGACCATTT,0,3954535
xdhAp1,0.5,1,1,GTCGCTGCATCGCCGTCGTG,0,3981211
xdhAp1,0.5,1,1,GTCGAGGCCGCTAATTCCCC,0,3966280
xdhAp1,0.5,1,1,GTCGAGACACGTGACGCTAC,0,3931375
xdhAp1,0.5,1,1,GTCCCAGGTCAGTATCGGGG,0,3970690
xdhAp1,0.5,1,1,GTCCATCGTGAGCGGTAGTA,0,3945545
xdhAp1,0.5,1,1,GTCATTTACTACGGCTGTGA,0,3953518
xdhAp1,0.5,1,1,GTCATGGCTTAATGCTAGGC,0,3951021
xdhAp1,0.5,1,1,GTCATCTTCGTACCCCCGGT,0,3954909
xdhAp1,0.5,1,1,GTCATAGACTGCAGCCTATA,0,3931242
xdhAp1,0.5,1,1,GTCACGCTAGGCGTCGTTTC,0,3939859
xdhAp1,0.5,1,1,GTCAATTTGCCGTGGAACCA,0,3948413
xdhAp1,0.5,1,1,GTCAATTAGGTGACTTTAAT,0,3936139
xdhAp1,0.5,1,1,GTCAATCAGTTTGGACAACA,0,3963115
xdhAp1,0.5,1,1,GTCAACATCTAAGTTTGGAG,0,3965143
xdhAp1,0.5,1,1,GTATTTTAAGAAGGAAAACT,0,3934468
xdhAp1,0.5,1,1,GTATTGCTGGCTGGACTAGC,0,3979432
xdhAp1,0.5,1,1,GTATTCCACAGGAATATGGT,0,3968225
xdhAp1,0.5,1,1,GTATTAGGGTTTTCCCATGA,0,3950380
xdhAp1,0.5,1,1,GTATGGATGATGCGACGAAC,0,3933710
xdhAp1,0.5,1,1,GTATGAATCGCTCCTTTTAA,0,3931110
xdhAp1,0.5,1,1,GTATCTCGGTTTGATTAATT,0,3939565
xdhAp1,0.5,1,1,GTATCAGCTCGTACAAACCT,0,3946978
xdhAp1,0.5,1,1,GTATACGTACGTACAGAAGA,0,3945440
xdhAp1,0.5,1,1,GTATAATTTTATTCCACCTA,0,3939706
xdhAp1,0.5,1,1,GTAGTTGGGGACTGTGCAGA,0,3935564
xdhAp1,0.5,1,1,GTAGCCTCAGAAAGCAACCA,0,3935852
xdhAp1,0.5,1,1,GTACGAAAGCGCAGGACATC,0,3934485
xdhAp1,0.5,1,1,GTACCGAAGGACCCGGAAGC,0,3973210
xdhAp1,0.5,1,1,GTACATTACCCGTTCAAGTG,0,3956037
xdhAp1,0.5,1,1,GTACACCGTAGTCTAGTATA,0,3957222
xdhAp1,0.5,1,1,GTACAATTGGGACTATTGGC,0,3932075
xdhAp1,0.5,1,1,GTACAAACCCTTACGCGACG,0,3957894
xdhAp1,0.5,1,1,GTAATTCCACGTACTAATTC,0,3973370
xdhAp1,0.5,1,1,GTAATTACCGAAGTTCTATC,0,3957582
xdhAp1,0.5,1,1,GTAATATTGATGCGGAGGGG,0,3933708
xdhAp1,0.5,1,1,GTAAGCTTTAGACGACTTTG,0,3956299
xdhAp1,0.5,1,1,GTAACGGACCGAATCGCTTA,0,3941467
xdhAp1,0.5,1,1,GTAAAGGCGCGTTCCCTGAG,0,3976960
xdhAp1,0.5,1,1,GGTTTCTCACGGATACTTGG,0,3961652
xdhAp1,0.5,1,1,GGTTTCGGTCACTCATAGTT,0,3961997
xdhAp1,0.5,1,1,GGTTGTATGGGAAACCGCCC,0,3947695
xdhAp1,0.5,1,1,GGTTGTATCGCATGCGGATC,0,3930063
xdhAp1,0.5,1,1,GGTTGGCTCAGGGTGCGGGG,0,3971194
xdhAp1,0.5,1,1,GGTTGGATCTGGAATTTTCG,0,3958262
xdhAp1,0.5,1,1,GGTTAGTGCGAGTAAGGCCT,0,3945064
xdhAp1,0.5,1,1,GGTTAAGTAAGAGCTTAGAA,0,3977253
xdhAp1,0.5,1,1,GGTGTTGCATGATATCCGCA,0,3950065
xdhAp1,0.5,1,1,GGTGTATACGGCGTGGTGAA,0,3952540
xdhAp1,0.5,1,1,GGTGGTATCCTTGTCGAGGT,0,3945879
xdhAp1,0.5,1,1,GGTGGGAACGTGTCACGTAA,0,3966198
xdhAp1,0.5,1,1,GGTGGCTGCCGCGGCATAAC,0,3979900
xdhAp1,0.5,1,1,GGTGGATTAAGCCGTTGGTT,0,3962003
xdhAp1,0.5,1,1,GGTCTGCAACCGATTGTGTG,0,3965068
xdhAp1,0.5,1,1,GGTCGGAGGAACAGACGGAC,0,3956989
xdhAp1,0.5,1,1,GGTCCTATTCTAGTACAGGC,0,3976805
xdhAp1,0.5,1,1,GGTCCCCACCGGGCCGCCCG,0,3979640
xdhAp1,0.5,1,1,GGTCCATTCATGGCGCGGGG,0,3981180
xdhAp1,0.5,1,1,GGTATTTTGGAGCATAACCT,0,3966234
xdhAp1,0.5,1,1,GGTAGCTTGTCGCCCAATTA,0,3962097
xdhAp1,0.5,1,1,GGTACTTAGCATGTGCTCAT,0,3967908
xdhAp1,0.5,1,1,GGTACTAGCCGGGCACTCTT,0,3944123
xdhAp1,0.5,1,1,GGTACGAGCTTGGATGGAGT,0,3943251
xdhAp1,0.5,1,1,GGTACACGCGTCTTTTTGAT,0,3963844
xdhAp1,0.5,1,1,GGTAAGCAATCAACGCCGTA,0,3957660
xdhAp1,0.5,1,1,GGGTTTCCGTACCTTGGGAG,0,3969741
xdhAp1,0.5,1,1,GGGTTGTGTGTTACTCATAG,0,3966240
xdhAp1,0.5,1,1,GGGTTATTAGCGATCCGCAT,0,3971893
xdhAp1,0.5,1,1,GGGTGGTAGTGGACGGTTTC,0,3978863
xdhAp1,0.5,1,1,GGGTGGGAGTAGGCACCTTG,0,3929574
xdhAp1,0.5,1,1,GGGTGGGAAACGAGTGTGCG,0,3954159
xdhAp1,0.5,1,1,GGGTGCATGCTTCATAAAAG,0,3974746
xdhAp1,0.5,1,1,GGGTGCACGCAAGGCGAAGT,0,3968532
xdhAp1,0.5,1,1,GGGTCATCCGGGATGAAACC,0,3929349
xdhAp1,0.5,1,1,GGGTAAGAACGGGGCAGCGG,0,3967175
xdhAp1,0.5,1,1,GGGGTGATTGCTGAATTATC,0,3981178
xdhAp1,0.5,1,1,GGGGGGTGTGACCTGTTGCT,0,3959959
xdhAp1,0.5,1,1,GGGGGGAAGTAGAACCGATG,0,3959684
xdhAp1,0.5,1,1,GGGGCGGTATTCGACTAGAA,0,3969528
xdhAp1,0.5,1,1,GGGGATGGGGCCTGGATTAC,0,3943584
xdhAp1,0.5,1,1,GGGCTTTGTGGCACTGAACA,0,3973186
xdhAp1,0.5,1,1,GGGCTGTGACTAAGCAGTCA,0,3961040
xdhAp1,0.5,1,1,GGGCTGGGTCTAAGTTGATT,0,3965522
xdhAp1,0.5,1,1,GGGCTATCCGCGCTTACCAC,0,3981208
xdhAp1,0.5,1,1,GGGCTAATCAAGTCGGCAGC,0,3977698
xdhAp1,0.5,1,1,GGGCGGATCATCAGTGGATA,0,3959868
xdhAp1,0.5,1,1,GGGCGCAAACCCCACCGCGT,0,3967431
xdhAp1,0.5,1,1,GGGCGAAATCTAAATTCCAA,0,3947991
xdhAp1,0.5,1,1,GGGCCTGGCTTTTCATCCCG,0,3938582
xdhAp1,0.5,1,1,GGGCCGGTTGTCCCAGTATA,0,3972885
xdhAp1,0.5,1,1,GGGCCACCACTGCGAAAGGG,0,3942080
xdhAp1,0.5,1,1,GGGATGTTGTCGAGCGGCCA,0,3971914
xdhAp1,0.5,1,1,GGGATCGCAGCGGCCAGGGC,0,3948426
xdhAp1,0.5,1,1,GGGACAGAAAGTGTGATAAG,0,3951204
xdhAp1,0.5,1,1,GGGAAAACAATCAAGGAACC,0,3977839
xdhAp1,0.5,1,1,GGCTCCTCGTCGAATCATAT,0,3945058
xdhAp1,0.5,1,1,GGCTCATTTTGATAAAGTGG,0,3944510
xdhAp1,0.5,1,1,GGCTACATAAGTGGTCGGGG,0,3960438
xdhAp1,0.5,1,1,GGCTAAAGCAGTCGGGAAAA,0,3971805
xdhAp1,0.5,1,1,GGCGTCCATCCGGCGTACTG,0,3959486
xdhAp1,0.5,1,1,GGCGGGTCGGCGCAGTCTAC,0,3950451
xdhAp1,0.5,1,1,GGCGACCTATGGGCACTAGG,0,3979904
xdhAp1,0.5,1,1,GGCGACCGCGGTCTCGAAAA,0,3936989
xdhAp1,0.5,1,1,GGCCGCACGGTACCCATTTG,0,3966750
xdhAp1,0.5,1,1,GGCCCTAATTTTTAGAGCTG,0,3969504
xdhAp1,0.5,1,1,GGCCCCCAACCGTGACAAGA,0,3932340
xdhAp1,0.5,1,1,GGCCCCAGGTATGCAAGAGA,0,3951975
xdhAp1,0.5,1,1,GGCCACTTCGTAATATCTAC,0,3954599
xdhAp1,0.5,1,1,GGCATTGCACTAGATCATTA,0,3968070
xdhAp1,0.5,1,1,GGCATGCGCTGTCTCAGCAG,0,3945108
xdhAp1,0.5,1,1,GGCATCGAGCGGGACGCGAA,0,3954414
xdhAp1,0.5,1,1,GGCAGTCCGCGAAGTGCACC,0,3979564
xdhAp1,0.5,1,1,GGCAGGGTCAGACCAATGGC,0,3958583
xdhAp1,0.5,1,1,GGCAGGCGAATATGACCTTC,0,3934602
xdhAp1,0.5,1,1,GGCAGAATGACTCCACGCAT,0,3973254
xdhAp1,0.5,1,1,GGCACTGGCTGGATAGTGGA,0,3943436
xdhAp1,0.5,1,1,GGCAATTGATACAGGGTTTG,0,3934202
xdhAp1,0.5,1,1,GGCAAGATTAGGTTCCAACA,0,3940783
xdhAp1,0.5,1,1,GGATTTGAGGGATACGGTAT,0,3961587
xdhAp1,0.5,1,1,GGATTGCTCCGTCTAGTGTG,0,3975043
xdhAp1,0.5,1,1,GGATTCACGGTGGTGATGTG,0,3980796
xdhAp1,0.5,1,1,GGATTCAATGAGGGTTAGAG,0,3957032
xdhAp1,0.5,1,1,GGATTATAGCCTATGTTGGT,0,3935115
xdhAp1,0.5,1,1,GGATGCATCGTCGAACGGCT,0,3949510
xdhAp1,0.5,1,1,GGATCGGTCCTATGCTTCCG,0,3932048
xdhAp1,0.5,1,1,GGATCGGAATTAATATTGTA,0,3977918
xdhAp1,0.5,1,1,GGATCCCAATCAGTCGATAC,0,3960067
xdhAp1,0.5,1,1,GGATATTATTCGAATTAGCT,0,3972078
xdhAp1,0.5,1,1,GGATAGCGTTAGGTCAATAA,0,3929209
xdhAp1,0.5,1,1,GGAGTTTTCTCAGACCTGTA,0,3949359
xdhAp1,0.5,1,1,GGAGTTTCGCTCAAGGCGTA,0,3944736
xdhAp1,0.5,1,1,GGAGTTGGTGGGCAGCTCAG,0,3976970
xdhAp1,0.5,1,1,GGAGGTTATACTCAGACCGC,0,3965353
xdhAp1,0.5,1,1,GGAGCACAAGGCGGTGCGAA,0,3929051
xdhAp1,0.5,1,1,GGACTTATGTGGTTGGTGTA,0,3936008
xdhAp1,0.5,1,1,GGACTGTGGCAGGCTTCCTA,0,3940817
xdhAp1,0.5,1,1,GGACTCCCCGGTCATGAGCA,0,3950515
xdhAp1,0.5,1,1,GGACGTCACAAATTGATATG,0,3959007
xdhAp1,0.5,1,1,GGACGCCGTATACAGCAGGT,0,3940531
xdhAp1,0.5,1,1,GGACCTAATCAAGGGTGCCC,0,3940232
xdhAp1,0.5,1,1,GGACCCCAGTAAACGAATCT,0,3947884
xdhAp1,0.5,1,1,GGACATGCGGCACCCGCAGC,0,3931488
xdhAp1,0.5,1,1,GGACAAATTAGTTGATAATG,0,3967173
xdhAp1,0.5,1,1,GGAATGTCGATAACGTCGTG,0,3951542
xdhAp1,0.5,1,1,GGAATGTATCACCGCAGGAA,0,3950769
xdhAp1,0.5,1,1,GGAAGTTGAGAAACTAGATT,0,3960613
xdhAp1,0.5,1,1,GGAAGGGTTGCCTATCCTGT,0,3936974
xdhAp1,0.5,1,1,GGAAGAGACTGAATGTTCTG,0,3937250
xdhAp1,0.5,1,1,GGAAGACTCCAATAGACTGT,0,3950636
xdhAp1,0.5,1,1,GGAAGAATGGATTTTGTGGG,0,3957488
xdhAp1,0.5,1,1,GGAACAGTTGAGAGCAAGTA,0,3954680
xdhAp1,0.5,1,1,GGAAATTCCACACATTGGGT,0,3940676
xdhAp1,0.5,1,1,GCTTGGGTAACGGGATCGCT,0,3971877
xdhAp1,0.5,1,1,GCTTGCTCGCTTAATGAATT,0,3934402
xdhAp1,0.5,1,1,GCTTGATAGTGTGCCATCGG,0,3981464
xdhAp1,0.5,1,1,GCTTGAAAGCACCCGTCACA,0,3971730
xdhAp1,0.5,1,1,GCTTCGTCCTCTTTTTCCAA,0,3938694
xdhAp1,0.5,1,1,GCTTCCCCCCCGAGACATCC,0,3951809
xdhAp1,0.5,1,1,GCTTCAACAGAGAAAAAATT,0,3966694
xdhAp1,0.5,1,1,GCTGTGGCGTCCCTGCGGCT,0,3955972
xdhAp1,0.5,1,1,GCTGATGTAATACTTTCGGC,0,3964389
xdhAp1,0.5,1,1,GCTCTACGATCAACGTCGGC,0,3932039
xdhAp1,0.5,1,1,GCTCGCTTGTATGATGCATC,0,3929591
xdhAp1,0.5,1,1,GCTCCTGTGTCAACCGATCT,0,3939172
xdhAp1,0.5,1,1,GCTCCCATGATAAGTGTGTT,0,3968731
xdhAp1,0.5,1,1,GCTCAGCTACTGGTCGGTAA,0,3940107
xdhAp1,0.5,1,1,GCTATTTACTCGGTTAGTAT,0,3931652
xdhAp1,0.5,1,1,GCTATTCTTTTCAACCCCAT,0,3954607
xdhAp1,0.5,1,1,GCTATGGACGAGCAGTCCTT,0,3930007
xdhAp1,0.5,1,1,GCTATCGACAACCCTTGAGT,0,3940755
xdhAp1,0.5,1,1,GCTATATTCGTGCATGCCGC,0,3950920
xdhAp1,0.5,1,1,GCTATAATCAGTGATTAACT,0,3934649
xdhAp1,0.5,1,1,GCTAGATATAGCCGCGATTT,0,3965319
xdhAp1,0.5,1,1,GCTACTAGGACGTAAAACCT,0,3937915
xdhAp1,0.5,1,1,GCTACAGGGTCCAGCTAGAA,0,3981103
xdhAp1,0.5,1,1,GCGTTGCAGTGGTGGGTTTT,0,3980368
xdhAp1,0.5,1,1,GCGTTCCTCCCTGGCTTGGA,0,3932797
xdhAp1,0.5,1,1,GCGTGCCGGAGGTATTTAAA,0,3969888
xdhAp1,0.5,1,1,GCGTGAAGGCTGAGTACACC,0,3963969
xdhAp1,0.5,1,1,GCGTCTTAACAAGGGTGCTT,0,3946433
xdhAp1,0.5,1,1,GCGTCCACAAGATGACGGGT,0,3930730
xdhAp1,0.5,1,1,GCGTAATCGGTCGTTATTCA,0,3943311
xdhAp1,0.5,1,1,GCGTAAGACATCGGCAAACA,0,3930933
xdhAp1,0.5,1,1,GCGGTACGACCCCCTCTCAA,0,3977725
xdhAp1,0.5,1,1,GCGGGACATTGGCCGTGTGA,0,3972340
xdhAp1,0.5,1,1,GCGGCTTATTGGCCATGCAA,0,3935709
xdhAp1,0.5,1,1,GCGGCTGGGGTATCTGGCCT,0,3939448
xdhAp1,0.5,1,1,GCGGCCACGATATCAGCTAT,0,3942229
xdhAp1,0.5,1,1,GCGGATATGCCAGGATCGTA,0,3933219
xdhAp1,0.5,1,1,GCGCTTTGTGAATGCTATTG,0,3978513
xdhAp1,0.5,1,1,GCGCGCTAAGGGTGCCCCGA,0,3952672
xdhAp1,0.5,1,1,GCGCGCCAGATACTGTTGAA,0,3951251
xdhAp1,0.5,1,1,GCGCCTTGCGTGGATGCGGA,0,3975696
xdhAp1,0.5,1,1,GCGCCGACTATACTGGCCGC,0,3971233
xdhAp1,0.5,1,1,GCGCCGACAGTGAAAAAGAT,0,3959869
xdhAp1,0.5,1,1,GCGCATTGTACGGTGCGCGA,0,3938535
xdhAp1,0.5,1,1,GCGATATGTGCGCGCCGCGT,0,3955582
xdhAp1,0.5,1,1,GCGAGGTATCCTCATCTGCA,0,3965909
xdhAp1,0.5,1,1,GCGAGCGCTAAGCCGCCCGA,0,3973326
xdhAp1,0.5,1,1,GCGAGCACTAGGTAGCCAGG,0,3952906
xdhAp1,0.5,1,1,GCGAGACATGAAAGCTTTGA,0,3947818
xdhAp1,0.5,1,1,GCGACTACTAGCCGCCCGAA,0,3946321
xdhAp1,0.5,1,1,GCGACCCACAGCAACGGATC,0,3940745
xdhAp1,0.5,1,1,GCGACATGGGCAGGACCGCA,0,3941650
xdhAp1,0.5,1,1,GCGAAGTATCGTCGCATTCA,0,3949761
xdhAp1,0.5,1,1,GCCTTTCACGGCAATCCATA,0,3961885
xdhAp1,0.5,1,1,GCCTGTCTCACCCCGGGTCA,0,3971191
xdhAp1,0.5,1,1,GCCTGGATCAACCAACCATG,0,3967537
xdhAp1,0.5,1,1,GCCTGCGACTTGGATTACCG,0,3979768
xdhAp1,0.5,1,1,GCCTGCACCACTTGTCTAGG,0,3958114
xdhAp1,0.5,1,1,GCCTGACAGATGAACGGCGT,0,3956755
xdhAp1,0.5,1,1,GCCTCCATTGTCTTGGGATA,0,3949629
xdhAp1,0.5,1,1,GCCTCATTGCTAGAGCCTAC,0,3962846
xdhAp1,0.5,1,1,GCCTAATCAACTGGAAACGG,0,3962400
xdhAp1,0.5,1,1,GCCGGGTCTTACACTTCTAT,0,3978200
xdhAp1,0.5,1,1,GCCGGCGGTTCATGGGATCC,0,3981409
xdhAp1,0.5,1,1,GCCGCGACAGGGCATACTGG,0,3939891
xdhAp1,0.5,1,1,GCCGCCCCCAGAACCTAAAG,0,3948407
xdhAp1,0.5,1,1,GCCGCATGAGGAGGTCCGAC,0,3976191
xdhAp1,0.5,1,1,GCCGAGTAAGTTCGGGTTTA,0,3977566
xdhAp1,0.5,1,1,GCCGAGCAAGCCTGTCGTCA,0,3932321
xdhAp1,0.5,1,1,GCCCGGCTTAATGTGATAAC,0,3972789
xdhAp1,0.5,1,1,GCCCGAGACACAAGGGAGTC,0,3953491
xdhAp1,0.5,1,1,GCCCCAAGCCCGATTGACGG,0,3943640
xdhAp1,0.5,1,1,GCCATTCCTTGCTGCGCACA,0,3957465
xdhAp1,0.5,1,1,GCCAGGGGGAGTGTTTAGAA,0,3962973
xdhAp1,0.5,1,1,GCCAGCATCGGGTCACCGTC,0,3979661
xdhAp1,0.5,1,1,GCCACTTTGCTCAATACACG,0,3950338
xdhAp1,0.5,1,1,GCCACCAACCTGATCCCGAG,0,3935218
xdhAp1,0.5,1,1,GCATTTGAGCTGTTTTCAGG,0,3934315
xdhAp1,0.5,1,1,GCATTGATGGTTCAATTCGG,0,3967857
xdhAp1,0.5,1,1,GCATTCTATTGTGCGTCAGA,0,3981043
xdhAp1,0.5,1,1,GCATTCCGCACTTGACGGAG,0,3946756
xdhAp1,0.5,1,1,GCATGGGTAATGTACGGCCA,0,3953855
xdhAp1,0.5,1,1,GCATCGGCGAGAAAATGGTG,0,3949531
xdhAp1,0.5,1,1,GCATAATCCTATCATCCCGA,0,3975330
xdhAp1,0.5,1,1,GCATAAAAGGATCCCAAAGC,0,3950249
xdhAp1,0.5,1,1,GCAGTGCAGTACGAATCAGG,0,3930169
xdhAp1,0.5,1,1,GCAGATACCTATAGAGGAGC,0,3950405
xdhAp1,0.5,1,1,GCAGACCAGGCTACAAATAA,0,3971741
xdhAp1,0.5,1,1,GCAGAACCGCCGCTTCGCCT,0,3968419
xdhAp1,0.5,1,1,GCAGAAAGCCCTCTAAAACA,0,3942135
xdhAp1,0.5,1,1,GCACTTTAGAACCCAAGTGG,0,3981486
xdhAp1,0.5,1,1,GCACTGATACCGTCATGTTT,0,3941509
xdhAp1,0.5,1,1,GCACTATCATACTTTGGAGG,0,3979770
xdhAp1,0.5,1,1,GCACGGTTGCTTGTAATATG,0,3955954
xdhAp1,0.5,1,1,GCACGCCGCTAGCCATAGGA,0,3949665
xdhAp1,0.5,1,1,GCACGATCCTCACAGGCTTT,0,3979818
xdhAp1,0.5,1,1,GCACCCTAGCTAGTCTTAAG,0,3935175
xdhAp1,0.5,1,1,GCACCCCCCATTCATTTCAC,0,3973097
xdhAp1,0.5,1,1,GCACCAACTCATATATCCTG,0,3935293
xdhAp1,0.5,1,1,GCACAGGTTGGACGTGCAGG,0,3949741
xdhAp1,0.5,1,1,GCAATCGGTCAGGTCCCGCT,0,3948872
xdhAp1,0.5,1,1,GCAAGTATATAGAACGGGAT,0,3929505
xdhAp1,0.5,1,1,GCAAGGGTGGGCGTCTCCTA,0,3946309
xdhAp1,0.5,1,1,GCAACGAGATTCTTAGCGAT,0,3955792
xdhAp1,0.5,1,1,GCAACATAAGGGGTGTGCAA,0,3955667
xdhAp1,0.5,1,1,GCAAATGAGGCAGGATATTC,0,3966231
xdhAp1,0.5,1,1,GCAAAGTTTGGCGGGTACGC,0,3937154
xdhAp1,0.5,1,1,GCAAAAACTGTCTCGCGTTT,0,3967478
xdhAp1,0.5,1,1,GATTTGTAACATCCCGTTTG,0,3948112
xdhAp1,0.5,1,1,GATTTCTTTGAAGCACCGGG,0,3952821
xdhAp1,0.5,1,1,GATTTCGTACGTCCGACACT,0,3973051
xdhAp1,0.5,1,1,GATTCTTAAAGCAGACATAA,0,3956571
xdhAp1,0.5,1,1,GATTCTGAGCCTTACAGTTT,0,3930476
xdhAp1,0.5,1,1,GATTCTAGGAGCCAAGGAAA,0,3944704
xdhAp1,0.5,1,1,GATTAGTGCTGCCAGGAAGA,0,3952945
xdhAp1,0.5,1,1,GATTACATGGTTAGGCCGAT,0,3935886
xdhAp1,0.5,1,1,GATTAAGATTGTGCATGCGA,0,3931174
xdhAp1,0.5,1,1,GATGTCCGAGGTTCTTGACT,0,3931326
xdhAp1,0.5,1,1,GATGGTCAAACCATAATTGA,0,3963716
xdhAp1,0.5,1,1,GATGGGCGTAAGTTAGTACA,0,3943621
xdhAp1,0.5,1,1,GATGCTGGCTTACAATCAAT,0,3972849
xdhAp1,0.5,1,1,GATGCTGCTTACAGGCGGAT,0,3949140
xdhAp1,0.5,1,1,GATGCTCATGGCTATGCAGG,0,3934759
xdhAp1,0.5,1,1,GATGCGGAATCGACCGGAGG,0,3971571
xdhAp1,0.5,1,1,GATGCAGGTCGAGTTGCTGC,0,3968240
xdhAp1,0.5,1,1,GATGAGGGGTACTTAGCGCT,0,3944932
xdhAp1,0.5,1,1,GATGACTGTGGCCATCCAGA,0,3966803
xdhAp1,0.5,1,1,GATGAACTATCTCCCTTATG,0,3957880
xdhAp1,0.5,1,1,GATCTGATTGCTTCCCAGAG,0,3973752
xdhAp1,0.5,1,1,GATCTCCGGGCAGCGAAAAG,0,3931561
xdhAp1,0.5,1,1,GATCGTCTATGAGAGGCTCT,0,3936423
xdhAp1,0.5,1,1,GATCGCACGGCGGCACATGG,0,3963762
xdhAp1,0.5,1,1,GATCCTGCGTCCCTGTCAAG,0,3977455
xdhAp1,0.5,1,1,GATCCGTGGTGAGTTTTCTA,0,3971699
xdhAp1,0.5,1,1,GATATCAAGAGCTGCCGGCC,0,3967375
xdhAp1,0.5,1,1,GATACCATAGGAAGAATTCC,0,3979918
xdhAp1,0.5,1,1,GATACATTTAAAGCATGTTC,0,3972383
xdhAp1,0.5,1,1,GATAACTAAAGCGGCAAGAC,0,3955247
xdhAp1,0.5,1,1,GATAACAATGAAAGGTGAAG,0,3952611
xdhAp1,0.5,1,1,GAGTTCCCGACCTGTTATGT,0,3979477
xdhAp1,0.5,1,1,GAGTTACCGTGTCCAGTGCA,0,3969941
xdhAp1,0.5,1,1,GAGTGGGTATAATCAGTTGA,0,3965258
xdhAp1,0.5,1,1,GAGTCAGCTTAGCTTAGAAG,0,3974883
xdhAp1,0.5,1,1,GAGTCAGAATTCTTGGACCT,0,3950784
xdhAp1,0.5,1,1,GAGTCAAAGTGCTGTCGTAG,0,3938493
xdhAp1,0.5,1,1,GAGTACTCACCCGGAAAAAG,0,3946250
xdhAp1,0.5,1,1,GAGGTGTCATGGATGAATAA,0,3929514
xdhAp1,0.5,1,1,GAGGTATCCTATAAGGTGCA,0,3942902
xdhAp1,0.5,1,1,GAGGGTTCAAGGTTGCGTGT,0,3956522
xdhAp1,0.5,1,1,GAGGCGGCGTGGCCGCGCAA,0,3957797
xdhAp1,0.5,1,1,GAGGAATACGCCTTTCAGCA,0,3965170
xdhAp1,0.5,1,1,GAGGAAGTGACAGCGCCCCG,0,3971108
xdhAp1,0.5,1,1,GAGCCTTTACGGGTTCGCTA,0,3943522
xdhAp1,0.5,1,1,GAGCCTAAATTACGCCGCGC,0,3950013
xdhAp1,0.5,1,1,GAGCCGCCGTGACAATGCCC,0,3966386
xdhAp1,0.5,1,1,GAGAGTACAGGACCTGTGAT,0,3949452
xdhAp1,0.5,1,1,GAGACTCGCTGCGGATCCGG,0,3977960
xdhAp1,0.5,1,1,GAGACCTACTTGGAAGGAGC,0,3957616
xdhAp1,0.5,1,1,GAGACAGCTCTTTAGTAATC,0,3943078
xdhAp1,0.5,1,1,GAGACAAGCACAATCCGAAT,0,3972947
xdhAp1,0.5,1,1,GAGAAAGACTGGCGCAATAC,0,3928945
xdhAp1,0.5,1,1,GAGAAAACACTATAATCGAC,0,3964886
xdhAp1,0.5,1,1,GAGAAAAAGACCGAGCGTGA,0,3933390
xdhAp1,0.5,1,1,GACTTAGATTTGGTTCTCGG,0,3958813
xdhAp1,0.5,1,1,GACTGTACAGAAACCCTTCT,0,3977778
xdhAp1,0.5,1,1,GACTGAGTTTATAGAGGTGT,0,3963905
xdhAp1,0.5,1,1,GACTCGGATCTCACTACCCT,0,3944699
xdhAp1,0.5,1,1,GACTCATGCTCAGGAGAGTC,0,3964258
xdhAp1,0.5,1,1,GACTATTGTTACTATCAGTA,0,3975465
xdhAp1,0.5,1,1,GACGTGCGGGGAGTACGTAA,0,3961990
xdhAp1,0.5,1,1,GACGTCACTTCACAACCGCA,0,3970424
xdhAp1,0.5,1,1,GACGAAGTAAGGGTGCAAGT,0,3934178
xdhAp1,0.5,1,1,GACGAACTCCGTGTTTGTGT,0,3943396
xdhAp1,0.5,1,1,GACCGCGGTCGGAACCCGCT,0,3981328
xdhAp1,0.5,1,1,GACCCCGTTGCCAAGTGCGA,0,3975492
xdhAp1,0.5,1,1,GACCACTATATTCAAGGATC,0,3931650
xdhAp1,0.5,1,1,GACATTTAGTTGATTTCTCC,0,3960324
xdhAp1,0.5,1,1,GACATGGTCTCTCATCCCTC,0,3979303
xdhAp1,0.5,1,1,GACAGCAAGCATTCATTGAC,0,3973234
xdhAp1,0.5,1,1,GACAATGGTCCGAATGGTAT,0,3972783
xdhAp1,0.5,1,1,GACAAAAGCGTGTGATCATC,0,3966210
xdhAp1,0.5,1,1,GAATTGATAAGATTAGGCTG,0,3968429
xdhAp1,0.5,1,1,GAATTCTTGTACGTATGGGT,0,3960547
xdhAp1,0.5,1,1,GAATGTAGGTCACTATCAGT,0,3978805
xdhAp1,0.5,1,1,GAATCACCGTTACTACGACT,0,3931897
xdhAp1,0.5,1,1,GAATATTATGTGACCTACTG,0,3978350
xdhAp1,0.5,1,1,GAATAGATAAAACCATTAGA,0,3933537
xdhAp1,0.5,1,1,GAATAAAGGTATCTGTTTGA,0,3981509
xdhAp1,0.5,1,1,GAAGCGGGCTGTGCAAACTG,0,3939689
xdhAp1,0.5,1,1,GAAGCGAATGGACTGGATCC,0,3951395
xdhAp1,0.5,1,1,GAAGCAATTTTAACTTCTAA,0,3953159
xdhAp1,0.5,1,1,GAAGATTCAAACCAACGGGT,0,3973245
xdhAp1,0.5,1,1,GAAGAAGTTTAACCCCGATG,0,3928961
xdhAp1,0.5,1,1,GAACTCGGGTTTGGGGGACT,0,3980840
xdhAp1,0.5,1,1,GAACGGGATAAAATATGGCA,0,3939938
xdhAp1,0.5,1,1,GAACGACGTCTGTCCACGTA,0,3960083
xdhAp1,0.5,1,1,GAACCGCGCTCTTAAGCTAC,0,3939658
xdhAp1,0.5,1,1,GAACCCTCTTCGGGGGCAAA,0,3970131
xdhAp1,0.5,1,1,GAACCCGACGGCGTGTGGTA,0,3966104
xdhAp1,0.5,1,1,GAACATACGATCGGGAAAAA,0,3935087
xdhAp1,0.5,1,1,GAACAGTTCTTATCCCGCGG,0,3937017
xdhAp1,0.5,1,1,GAAAGTCCCGTTCGATTGAG,0,3941566
xdhAp1,0.5,1,1,GAAACTTTAGCACGCAGTTG,0,3952475
xdhAp1,0.5,1,1,GAAACTTAGCACTGGCCACG,0,3975069
xdhAp1,0.5,1,1,GAAACAACTCATGAAAGCCA,0,3973276
xdhAp1,0.5,1,1,GAAAAGTAACAGCTGGGATG,0,3973179
xdhAp1,0.5,1,1,GAAAAGCTTACCGATTGTTG,0,3976187
xdhAp1,0.5,1,1,CTTTTGTAAAATATGTCACG,0,3935167
xdhAp1,0.5,1,1,CTTTTAGCCACGCTCGCTCT,0,3948343
xdhAp1,0.5,1,1,CTTTTACGCTAGTGCTGGAG,0,3942157
xdhAp1,0.5,1,1,CTTTTAAAAATTAGGTAATG,0,3961340
xdhAp1,0.5,1,1,CTTTGAAATTGAAATTTTGG,0,3973617
xdhAp1,0.5,1,1,CTTTATCTGTGAGGCCCGTC,0,3973850
xdhAp1,0.5,1,1,CTTTACGACCCGGATCGCCG,0,3961878
xdhAp1,0.5,1,1,CTTGTCAGGACTGATGCGCG,0,3949806
xdhAp1,0.5,1,1,CTTGTATATGTTAGGGGTCA,0,3952805
xdhAp1,0.5,1,1,CTTGGGTGTGTCAATAGCAA,0,3939853
xdhAp1,0.5,1,1,CTTGCTTCCTGATGGCGCTT,0,3949630
xdhAp1,0.5,1,1,CTTGCTGTATCTTTAGGTTA,0,3931937
xdhAp1,0.5,1,1,CTTGCGCTCCTCTACCCTAT,0,3945228
xdhAp1,0.5,1,1,CTTGAGATGTTTGGCTGGGT,0,3979256
xdhAp1,0.5,1,1,CTTCTGAAACTAGCGAAGTC,0,3961789
xdhAp1,0.5,1,1,CTTCTCTGTAAGAGTGAATC,0,3972445
xdhAp1,0.5,1,1,CTTCTCGGGGTAGATGTATA,0,3941852
xdhAp1,0.5,1,1,CTTCGTCACCTCCAGATCTC,0,3972247
xdhAp1,0.5,1,1,CTTCGCAGAGCCTCGTCACC,0,3956293
xdhAp1,0.5,1,1,CTTCCGAATGGAGTGTATTT,0,3964547
xdhAp1,0.5,1,1,CTTCCAGAATAGGGAAATAG,0,3941583
xdhAp1,0.5,1,1,CTTCCAAGGAAATGACACCT,0,3950267
xdhAp1,0.5,1,1,CTTCAAAAATTACGGCACCA,0,3949968
xdhAp1,0.5,1,1,CTTATTTTAGAATCTGCCAA,0,3937886
xdhAp1,0.5,1,1,CTTATCGGGGTAGGCCTAGT,0,3967825
xdhAp1,0.5,1,1,CTTATAGCCCTGTGTGTTCA,0,3946595
xdhAp1,0.5,1,1,CTTATACTGGACACTAGGGG,0,3977909
xdhAp1,0.5,1,1,CTTATACGCGAGTGTGCACT,0,3980084
xdhAp1,0.5,1,1,CTTAGTCGCTGGGCTGCCCG,0,3942733
xdhAp1,0.5,1,1,CTTACCAGTTTCTAAAACTG,0,3948411
xdhAp1,0.5,1,1,CTTAAACCTTAGGGTAAAAC,0,3957559
xdhAp1,0.5,1,1,CTGTTCGCAGGAGTACCTTT,0,3942836
xdhAp1,0.5,1,1,CTGTTAAGGGGAGAGATCGA,0,3969116
xdhAp1,0.5,1,1,CTGTGTGGCAAGTTCGTACT,0,3964648
xdhAp1,0.5,1,1,CTGTCAGTTATATGGAAGCG,0,3954876
xdhAp1,0.5,1,1,CTGTATAGGGTTTATGGACT,0,3953574
xdhAp1,0.5,1,1,CTGGTGTGTCGCCGTTACGT,0,3968993
xdhAp1,0.5,1,1,CTGGTCGATAGCCGTCCGGC,0,3958675
xdhAp1,0.5,1,1,CTGGGTAGCTTGGGTGGCGG,0,3957421
xdhAp1,0.5,1,1,CTGGGGAGGGCACCCAGCAA,0,3941580
xdhAp1,0.5,1,1,CTGGCGATTTAGGGTTGGCA,0,3973327
xdhAp1,0.5,1,1,CTGGCCTCTTACGAGCTCGA,0,3937142
xdhAp1,0.5,1,1,CTGGATGTTAGGGGGTGAGG,0,3971400
xdhAp1,0.5,1,1,CTGGATGTGAATGATAGGGG,0,3936125
xdhAp1,0.5,1,1,CTGCTCAGTTTGCACGAAGT,0,3975220
xdhAp1,0.5,1,1,CTGCGTGGGAAGTGGACGTT,0,3954899
xdhAp1,0.5,1,1,CTGCGTGAATCAAGCTGGAC,0,3937726
xdhAp1,0.5,1,1,CTGCGTCCATTTGGTGGTGA,0,3975781
xdhAp1,0.5,1,1,CTGCGCTATTTTGCTGCAAC,0,3936590
xdhAp1,0.5,1,1,CTGCGCTAGCCTGTTCAGGT,0,3930078
xdhAp1,0.5,1,1,CTGCGCGTATCATAAGGTGG,0,3967112
xdhAp1,0.5,1,1,CTGCGCCACCTTTAGAAAGT,0,3956831
xdhAp1,0.5,1,1,CTGCCTCGAAACGGCAAGGC,0,3974894
xdhAp1,0.5,1,1,CTGCCGCAGCAGGAGACCAA,0,3963841
xdhAp1,0.5,1,1,CTGCCGATTCCTCACCCGCC,0,3980288
xdhAp1,0.5,1,1,CTGCCAAGCGCTGCGCAGCA,0,3981383
xdhAp1,0.5,1,1,CTGCATTTTATAGTCTCTAT,0,3958294
xdhAp1,0.5,1,1,CTGCATTAAAGGTACCCACA,0,3940323
xdhAp1,0.5,1,1,CTGCAGCACCGAATCTAGTT,0,3934467
xdhAp1,0.5,1,1,CTGCACGACGTTGAACGATT,0,3972606
xdhAp1,0.5,1,1,CTGATAGCTGCAACCTGTGA,0,3957176
xdhAp1,0.5,1,1,CTGATACTGGATGAGAGAAT,0,3933756
xdhAp1,0.5,1,1,CTGACGATAAAAGTCCAGGG,0,3933786
xdhAp1,0.5,1,1,CTGACCTGGCCGCCTAGCCA,0,3978589
xdhAp1,0.5,1,1,CTGAATGAATCTCTACTGTG,0,3974823
xdhAp1,0.5,1,1,CTGAACCTAATACTCTATGG,0,3951492
xdhAp1,0.5,1,1,CTGAAAGTGTAGTCTTTTGC,0,3957478
xdhAp1,0.5,1,1,CTCTGTTCTAAACTCTCTCA,0,3936802
xdhAp1,0.5,1,1,CTCTAGGTTGATTGTTATGT,0,3930669
xdhAp1,0.5,1,1,CTCTAGAATGGTCCTACATA,0,3931602
xdhAp1,0.5,1,1,CTCTACCGGATCTTTTTCAG,0,3979062
xdhAp1,0.5,1,1,CTCTAAGCACCCCTGAAATA,0,3941376
xdhAp1,0.5,1,1,CTCTAAGAATCCCGAAGTTT,0,3952116
xdhAp1,0.5,1,1,CTCGTGACGGCATTGGCGGA,0,3948108
xdhAp1,0.5,1,1,CTCGTCACTGATTGCCTAAG,0,3949294
xdhAp1,0.5,1,1,CTCGGGCCAAGGATATGGTA,0,3969320
xdhAp1,0.5,1,1,CTCGGCGGAAACACGCATCC,0,3973256
xdhAp1,0.5,1,1,CTCGCTACTCGCGACACTTT,0,3981470
xdhAp1,0.5,1,1,CTCGCATTTGCTGAAGTTTG,0,3977807
xdhAp1,0.5,1,1,CTCGATGTTGGCTGCCATCA,0,3935525
xdhAp1,0.5,1,1,CTCGAAACCGAGAGTAGGAG,0,3976415
xdhAp1,0.5,1,1,CTCCGGTACCGCAGGTCCTT,0,3951567
xdhAp1,0.5,1,1,CTCCGCCCGCTTAATAACAG,0,3961077
xdhAp1,0.5,1,1,CTCCCGAGTTACTTTTGGGT,0,3956165
xdhAp1,0.5,1,1,CTCCATGCAAACCATCCGGC,0,3947860
xdhAp1,0.5,1,1,CTCCATATGGGTGCAGTCAA,0,3968889
xdhAp1,0.5,1,1,CTCCACCAGTGCCCCAATAC,0,3954127
xdhAp1,0.5,1,1,CTCATTCAATTGTGACGCTA,0,3967889
xdhAp1,0.5,1,1,CTCATCGCCCACGATGCGTT,0,3942743
xdhAp1,0.5,1,1,CTCAGGTCTTCAGTGCATTA,0,3950589
xdhAp1,0.5,1,1,CTCAGCTCGGAACAGCGGAA,0,3967969
xdhAp1,0.5,1,1,CTCAGCCTGTGCAGCTGGCA,0,3940317
xdhAp1,0.5,1,1,CTCAGATTGATTCACTCGTC,0,3946388
xdhAp1,0.5,1,1,CTCACCAATACATGTTGACT,0,3945602
xdhAp1,0.5,1,1,CTCAAGGAGTAGGTAGGGAT,0,3971832
xdhAp1,0.5,1,1,CTATGCGCACAACTTCCTGT,0,3950057
xdhAp1,0.5,1,1,CTATGATATAAAGTCACAAG,0,3953427
xdhAp1,0.5,1,1,CTATGAGGTGTCATTACACT,0,3962493
xdhAp1,0.5,1,1,CTATCTTCCCAGCACTGTGG,0,3944258
xdhAp1,0.5,1,1,CTATCGTCAACCCTGCGATA,0,3964394
xdhAp1,0.5,1,1,CTATCCTTCCTAACCCCTGC,0,3948181
xdhAp1,0.5,1,1,CTATCAAGCCATTTCAAGGA,0,3963194
xdhAp1,0.5,1,1,CTATATTCTCGTGTCCTCCC,0,3931328
xdhAp1,0.5,1,1,CTATATGGAGGGCGCTTCGT,0,3930065
xdhAp1,0.5,1,1,CTATAACTTGTAAGCAAACA,0,3960695
xdhAp1,0.5,1,1,CTAGTATAGCTCGGCTGGTC,0,3973957
xdhAp1,0.5,1,1,CTAGGATATTGCTACGTACA,0,3946435
xdhAp1,0.5,1,1,CTAGCTGGCTAGGGCCGTAG,0,3938487
xdhAp1,0.5,1,1,CTAGCAAACCCAGGTGGGGG,0,3929727
xdhAp1,0.5,1,1,CTAGAGGCACATGCTTAGAA,0,3945811
xdhAp1,0.5,1,1,CTACTAAATAGTCTAAGCCA,0,3952205
xdhAp1,0.5,1,1,CTACGTCTTGTTGCATCTTT,0,3981140
xdhAp1,0.5,1,1,CTACGTCCGCGCAAGCTGAG,0,3978221
xdhAp1,0.5,1,1,CTACCTTAGCGCTGGTATCT,0,3938224
xdhAp1,0.5,1,1,CTACCGCGGAGACTTGTTCC,0,3936098
xdhAp1,0.5,1,1,CTACCCGTGTAGGTGAGGCT,0,3955513
xdhAp1,0.5,1,1,CTACATGTTCGCATATGTCA,0,3933677
xdhAp1,0.5,1,1,CTAATGCAAAGGCTGGGCAC,0,3977249
xdhAp1,0.5,1,1,CTAATATGGGATAGGGACAA,0,3969656
xdhAp1,0.5,1,1,CTAAGCGCGCCGTCTGATTT,0,3929681
xdhAp1,0.5,1,1,CTAAGACCGCCTCTTAGGCG,0,3959381
xdhAp1,0.5,1,1,CTAACTGTGATTGCTTAAGA,0,3978097
xdhAp1,0.5,1,1,CTAACACCATCATAAATGAT,0,3933261
xdhAp1,0.5,1,1,CTAAATTCAAGGCATGGCAC,0,3960209
xdhAp1,0.5,1,1,CTAAACTACAAAAGTCGAAT,0,3977348
xdhAp1,0.5,1,1,CGTTTTTGCTCTGTATAAGA,0,3932943
xdhAp1,0.5,1,1,CGTTTTTCCTCTCGAGTGGG,0,3931872
xdhAp1,0.5,1,1,CGTTTAGATGTGTCAACCGG,0,3968115
xdhAp1,0.5,1,1,CGTTCAGGTAAGTTACGTAC,0,3938897
xdhAp1,0.5,1,1,CGTTATGGTGTATGTCTAGG,0,3929107
xdhAp1,0.5,1,1,CGTTATGGTGCACCGGGGGA,0,3953892
xdhAp1,0.5,1,1,CGTTATCAGGTCTTCTTGTT,0,3957266
xdhAp1,0.5,1,1,CGTGTTTCCGATTGTCGCGC,0,3941835
xdhAp1,0.5,1,1,CGTGTTACACGGGTTTATCT,0,3941846
xdhAp1,0.5,1,1,CGTGTAACTTTTCTGGGTGT,0,3978058
xdhAp1,0.5,1,1,CGTGGTCTGCGGCCGCAACT,0,3947610
xdhAp1,0.5,1,1,CGTGGTCGGGGATCGCCAAG,0,3942126
xdhAp1,0.5,1,1,CGTGGGGACTCCGACGGCGT,0,3947420
xdhAp1,0.5,1,1,CGTGGACAGGCTCTGGTGTT,0,3972431
xdhAp1,0.5,1,1,CGTGCTTCAGAATCGGAAAG,0,3962729
xdhAp1,0.5,1,1,CGTGCGTCGGTTAAGAGCAG,0,3932471
xdhAp1,0.5,1,1,CGTGCCTGTGGTCCACGTAG,0,3942626
xdhAp1,0.5,1,1,CGTGCCAACTGATGGTTGAT,0,3964899
xdhAp1,0.5,1,1,CGTGATGTATACGGCTAGTG,0,3960733
xdhAp1,0.5,1,1,CGTGACTCGCATGACACGCG,0,3981300
xdhAp1,0.5,1,1,CGTCTCGGGCATCGAATATA,0,3943108
xdhAp1,0.5,1,1,CGTCTATATTGACAGTCCCG,0,3937954
xdhAp1,0.5,1,1,CGTCCGCGGGAATATCTGAT,0,3947522
xdhAp1,0.5,1,1,CGTCATGACAGCACGTCGCC,0,3949755
xdhAp1,0.5,1,1,CGTCAAGGCGGTGAACCCGG,0,3946671
xdhAp1,0.5,1,1,CGTATTTACGCCCATTCGCA,0,3966084
xdhAp1,0.5,1,1,CGTATCACGGTCTACGAAAG,0,3939750
xdhAp1,0.5,1,1,CGTAGGGTTCGGAATAAAAT,0,3969332
xdhAp1,0.5,1,1,CGTAGAATGAGGATGCTGGT,0,3940390
xdhAp1,0.5,1,1,CGTACGGTTCATTCCTCATT,0,3946817
xdhAp1,0.5,1,1,CGTAATGGAGAGGTACAATT,0,3958226
xdhAp1,0.5,1,1,CGTAAGGATGAGTAGCTGTG,0,3938491
xdhAp1,0.5,1,1,CGTAACACCTTCTACGATAT,0,3968848
xdhAp1,0.5,1,1,CGGTTTTTACACGAGATTCT,0,3952803
xdhAp1,0.5,1,1,CGGTTTTCCAGGGGCCTTTG,0,3962483
xdhAp1,0.5,1,1,CGGTTAGGAATTACAGAAAG,0,3940983
xdhAp1,0.5,1,1,CGGTGTTCGCGGCGAATATT,0,3952358
xdhAp1,0.5,1,1,CGGTGCCACGTCCTGTGTTA,0,3944312
xdhAp1,0.5,1,1,CGGTGAGGAAACGTTAGCTT,0,3954259
xdhAp1,0.5,1,1,CGGTCTTGCATTCCTACAAT,0,3952357
xdhAp1,0.5,1,1,CGGTCGTACTGGCACCTCGT,0,3946401
xdhAp1,0.5,1,1,CGGTATTTGGGACAATATCG,0,3939940
xdhAp1,0.5,1,1,CGGTAGTTATCCCAATTAAG,0,3945731
xdhAp1,0.5,1,1,CGGTACACGTAGACCAGTGG,0,3951600
xdhAp1,0.5,1,1,CGGTAAATTTCTTGAAGTAG,0,3955204
xdhAp1,0.5,1,1,CGGGTGGGTCACCCCCGAGG,0,3949576
xdhAp1,0.5,1,1,CGGGTGATGGATGCGTTGTT,0,3933248
xdhAp1,0.5,1,1,CGGGCTGAAACGTGCTCCTT,0,3945522
xdhAp1,0.5,1,1,CGGGCGCCCGGCTGAGCTGG,0,3976758
xdhAp1,0.5,1,1,CGGGCGCCCATCTGTTGCCT,0,3963435
xdhAp1,0.5,1,1,CGGGCGCACAAGGAGAACAC,0,3981517
xdhAp1,0.5,1,1,CGGGATGGCAAGGGGCCATT,0,3949528
xdhAp1,0.5,1,1,CGGGAATGGAGAGAGTTAAT,0,3966598
xdhAp1,0.5,1,1,CGGCGCAGGGACTCATCTAT,0,3952725
xdhAp1,0.5,1,1,CGGCGATGCAATAGCATGGT,0,3952604
xdhAp1,0.5,1,1,CGGCCTATTCCTGTGTTAGC,0,3972460
xdhAp1,0.5,1,1,CGGCCGGTTTGCGTCGATGA,0,3970730
xdhAp1,0.5,1,1,CGGCCACCGAAACGCCGAAG,0,3931919
xdhAp1,0.5,1,1,CGGCCACCATTTCAGACCTA,0,3970048
xdhAp1,0.5,1,1,CGGCACCAGTTGCCGTTTCC,0,3970276
xdhAp1,0.5,1,1,CGGCACACGAGTAGGTTAAA,0,3975332
xdhAp1,0.5,1,1,CGGCAACGTTTCAGGTCCTG,0,3933876
xdhAp1,0.5,1,1,CGGATGCAGCTAACTATAGA,0,3966771
xdhAp1,0.5,1,1,CGGATGCAAGGTAATGCCAG,0,3963428
xdhAp1,0.5,1,1,CGGATAGCAGTAAGTTTAGG,0,3942429
xdhAp1,0.5,1,1,CGGAGCTCTCAAGCTCGTAC,0,3961938
xdhAp1,0.5,1,1,CGGAGCTATCCTCAATACGA,0,3951028
xdhAp1,0.5,1,1,CGGACTGTCAGTTCCTGGGA,0,3944441
xdhAp1,0.5,1,1,CGGACCCTTTTAGGCTGAAG,0,3948847
xdhAp1,0.5,1,1,CGGACAAGTTGTGTGCTAGT,0,3960281
xdhAp1,0.5,1,1,CGGAATCAACAAAGTAAATT,0,3975687
xdhAp1,0.5,1,1,CGGAACGTCTAACAGGTGGA,0,3977531
xdhAp1,0.5,1,1,CGGAACGTAAACTCTGAGCG,0,3951980
xdhAp1,0.5,1,1,CGGAACCCTAAGCGGTAGAA,0,3977437
xdhAp1,0.5,1,1,CGGAAACCGCTTGTTTTGAG,0,3977916
xdhAp1,0.5,1,1,CGCTGGAGTCTCCTATTTTC,0,3978653
xdhAp1,0.5,1,1,CGCTGAAGTATGACGCTAGT,0,3932806
xdhAp1,0.5,1,1,CGCTCTCTGAAATTTTTCTG,0,3940171
xdhAp1,0.5,1,1,CGCTCGAAGCGATAAAAAAG,0,3950869
xdhAp1,0.5,1,1,CGCTATAATGATAACCTCAT,0,3953048
xdhAp1,0.5,1,1,CGCTAGTGCCGGTCCGATTA,0,3934752
xdhAp1,0.5,1,1,CGCTAGAGCGTTAGGCCTTA,0,3929243
xdhAp1,0.5,1,1,CGCGTGTACGGTGTCATTGC,0,3941105
xdhAp1,0.5,1,1,CGCGTAAAGGTAGGTTGGTT,0,3976909
xdhAp1,0.5,1,1,CGCGGGACAAACCGCCATAG,0,3944751
xdhAp1,0.5,1,1,CGCGCGTTACTCCTCGCAGT,0,3959972
xdhAp1,0.5,1,1,CGCGCGTGAACATAAAGATA,0,3944655
xdhAp1,0.5,1,1,CGCGCGATGGAACTCATATT,0,3946292
xdhAp1,0.5,1,1,CGCGCAGGAATAGGTGATAC,0,3976346
xdhAp1,0.5,1,1,CGCGATTGATGTATGTCGTG,0,3961843
xdhAp1,0.5,1,1,CGCGATTAATCCAACAGGCG,0,3947559
xdhAp1,0.5,1,1,CGCGATACATTTCACGCTCA,0,3968051
xdhAp1,0.5,1,1,CGCGAACACCCAGTTGGTAC,0,3967111
xdhAp1,0.5,1,1,CGCGAAAAAGTGGTAGGGGA,0,3944368
xdhAp1,0.5,1,1,CGCCTTGAAAGATTTCATTG,0,3946215
xdhAp1,0.5,1,1,CGCCTCTCACAGGCGCTACA,0,3976465
xdhAp1,0.5,1,1,CGCCTAGATGTCGTCTGGAA,0,3939366
xdhAp1,0.5,1,1,CGCCGGGGATTAATTTGCAC,0,3935119
xdhAp1,0.5,1,1,CGCCGCCCACTACCTCGGAG,0,3949929
xdhAp1,0.5,1,1,CGCCCTAGTGCCTTAAATCC,0,3958064
xdhAp1,0.5,1,1,CGCCCTAGCCGTTTTGCAAA,0,3942456
xdhAp1,0.5,1,1,CGCCCCTCGAGATTAGTTTG,0,3981460
xdhAp1,0.5,1,1,CGCCATTTGCGGCATGGCGA,0,3946593
xdhAp1,0.5,1,1,CGCATATTCACCATGACACA,0,3962163
xdhAp1,0.5,1,1,CGCACTTTAGAGCACTGTGT,0,3933431
xdhAp1,0.5,1,1,CGCACTGGTGACGAGGAATA,0,3944210
xdhAp1,0.5,1,1,CGCACTCGGCCTTAGGCGAG,0,3971455
xdhAp1,0.5,1,1,CGCACTAGGGACCCAAAGCA,0,3943496
xdhAp1,0.5,1,1,CGCAATTGATTACACTAAAG,0,3972034
xdhAp1,0.5,1,1,CGATTTAAAGAAAAACCAAA,0,3933549
xdhAp1,0.5,1,1,CGATGGAGCGAAGCTTAGAA,0,3977064
xdhAp1,0.5,1,1,CGATAGCGGAGGCAGAGTAC,0,3950369
xdhAp1,0.5,1,1,CGATAGAAAGGAGTGCGATG,0,3934914
xdhAp1,0.5,1,1,CGAGTGTGTACTCAGTCAGG,0,3975803
xdhAp1,0.5,1,1,CGAGTGCGGCTTTCTGTGCC,0,3928958
xdhAp1,0.5,1,1,CGAGTCATCCTAGTGTTGCA,0,3934843
xdhAp1,0.5,1,1,CGAGGGGGAAAATGTGTTAG,0,3946927
xdhAp1,0.5,1,1,CGAGCTTCGGACGATTCGCC,0,3969949
xdhAp1,0.5,1,1,CGAGCAATATTGTTCAATCG,0,3929874
xdhAp1,0.5,1,1,CGACTGTGCCATGTAAAAAT,0,3964523
xdhAp1,0.5,1,1,CGACTCATGCCGCCTTTACA,0,3980330
xdhAp1,0.5,1,1,CGACGTCGCGCCGGCTACGA,0,3961328
xdhAp1,0.5,1,1,CGACATTGTCAGCTACGGAA,0,3953605
xdhAp1,0.5,1,1,CGACATCATGTGTCATATAG,0,3958236
xdhAp1,0.5,1,1,CGACACGCTACTGACAATAG,0,3968427
xdhAp1,0.5,1,1,CGAATGTCACGGCCGAATAT,0,3976250
xdhAp1,0.5,1,1,CGAATGGTTGAGTGGATTTA,0,3935648
xdhAp1,0.5,1,1,CGAATCGGCATGGTGATATC,0,3938376
xdhAp1,0.5,1,1,CGAATATAGAATGGCAGTAC,0,3931333
xdhAp1,0.5,1,1,CGAATAGGTAGATCTAAAAT,0,3943137
xdhAp1,0.5,1,1,CGAAGCAATGCCGGTCGCCT,0,3934989
xdhAp1,0.5,1,1,CGAAGAATGTCGTGCGTTTT,0,3965055
xdhAp1,0.5,1,1,CGAAACGTTAACGGGACAGA,0,3946852
xdhAp1,0.5,1,1,CCTTTTTTTAAATCACTACG,0,3966018
xdhAp1,0.5,1,1,CCTTTTTGTGGGGTTGCGAG,0,3971770
xdhAp1,0.5,1,1,CCTTTTTCATTTATATAAGA,0,3972910
xdhAp1,0.5,1,1,CCTTTGTTGCCGCCCCGCAG,0,3944295
xdhAp1,0.5,1,1,CCTTGCACAACCTCGCTCCA,0,3929810
xdhAp1,0.5,1,1,CCTTGACCTGTTATCGTATT,0,3963816
xdhAp1,0.5,1,1,CCTTCGTTACTGCGAGATCA,0,3963232
xdhAp1,0.5,1,1,CCTTCCGGAGGAGTAGGCCA,0,3981110
xdhAp1,0.5,1,1,CCTTCATTTTCGAGGCAGAG,0,3933020
xdhAp1,0.5,1,1,CCTTCACAAATACCTTTCAA,0,3933215
xdhAp1,0.5,1,1,CCTTATTCGAATTAACTCTG,0,3962329
xdhAp1,0.5,1,1,CCTTATCGGGCGTTGTGTAT,0,3971089
xdhAp1,0.5,1,1,CCTGTGAGGCACGATCAATA,0,3974622
xdhAp1,0.5,1,1,CCTGGCAGCAGGACGGATGG,0,3941575
xdhAp1,0.5,1,1,CCTGGCACTAGGGTAGTAAC,0,3980539
xdhAp1,0.5,1,1,CCTGCTACTATACATGTATG,0,3962561
xdhAp1,0.5,1,1,CCTGCGTCGCTCCACCGAGG,0,3931072
xdhAp1,0.5,1,1,CCTGCAGAGCCAATGTAGCC,0,3979215
xdhAp1,0.5,1,1,CCTGATCCAGAGTCGCAGTA,0,3981330
xdhAp1,0.5,1,1,CCTGAGATGAATTGTCGGGA,0,3951681
xdhAp1,0.5,1,1,CCTCTGAGAAGGTACAAAGG,0,3973183
xdhAp1,0.5,1,1,CCTCCTCTATTTCGCATGTC,0,3979059
xdhAp1,0.5,1,1,CCTCACTCAATATATAACAG,0,3978204
xdhAp1,0.5,1,1,CCTATTTAAATGTTACGAAC,0,3968806
xdhAp1,0.5,1,1,CCTATTGTTCGTTATACTTT,0,3938273
xdhAp1,0.5,1,1,CCTAGTGGAAATCTTAGATG,0,3969681
xdhAp1,0.5,1,1,CCTAGGCTTGCGAACCATAG,0,3953366
xdhAp1,0.5,1,1,CCTAGGCTATCCTATAAAGG,0,3953168
xdhAp1,0.5,1,1,CCTAGCTCGAATGAAAATCA,0,3966839
xdhAp1,0.5,1,1,CCTACGCCACGAGAATAACG,0,3937824
xdhAp1,0.5,1,1,CCTACCTTCGGGAGGTCTTA,0,3971477
xdhAp1,0.5,1,1,CCTACCGACCTATTCGGTAC,0,3950942
xdhAp1,0.5,1,1,CCTACCACGGAGACTGCGTC,0,3957869
xdhAp1,0.5,1,1,CCTAATTCTCTAAACCCCTG,0,3960518
xdhAp1,0.5,1,1,CCTAATGCTCATCACCCACG,0,3964792
xdhAp1,0.5,1,1,CCTAAAGGCTCAGGCCAGCA,0,3960069
xdhAp1,0.5,1,1,CCTAAAGCGTTTAGATGCCG,0,3948553
xdhAp1,0.5,1,1,CCTAAAGAATCAAAGAGAAA,0,3962890
xdhAp1,0.5,1,1,CCTAAACTAACGGTGCAGGC,0,3943519
xdhAp1,0.5,1,1,CCGTTTAGGTCTTTTGCCGG,0,3945056
xdhAp1,0.5,1,1,CCGTTGCTCAATCTGTGTGC,0,3943817
xdhAp1,0.5,1,1,CCGTTGCTATATTTACTGTG,0,3967635
xdhAp1,0.5,1,1,CCGTGTTTGGACCCAATATT,0,3973371
xdhAp1,0.5,1,1,CCGTGCTCGGGTACTAAAGA,0,3937187
xdhAp1,0.5,1,1,CCGTCTAACGAAAATTATCC,0,3981426
xdhAp1,0.5,1,1,CCGTCAGTATGGGGATCGAT,0,3976289
xdhAp1,0.5,1,1,CCGTAGTTCGATATAGCCAC,0,3965523
xdhAp1,0.5,1,1,CCGTAACCGTAAAACTCGGG,0,3944926
xdhAp1,0.5,1,1,CCGGTTTCCCGCCAGCCTGG,0,3965035
xdhAp1,0.5,1,1,CCGGTACTAAAAAGGCGCCC,0,3960422
xdhAp1,0.5,1,1,CCGGGTAAGAGTGCCAGACT,0,3936763
xdhAp1,0.5,1,1,CCGGGGGTTTGTACAACACG,0,3961433
xdhAp1,0.5,1,1,CCGGGCGCTCGTATCGGAGA,0,3972994
xdhAp1,0.5,1,1,CCGGGCAAGAAGGATTCATG,0,3950019
xdhAp1,0.5,1,1,CCGGGATCACCGAGGCAAGA,0,3951606
xdhAp1,0.5,1,1,CCGGCATCCGCCTCGATGAG,0,3932721
xdhAp1,0.5,1,1,CCGGCAGAGTCCAGAGCGTG,0,3977878
xdhAp1,0.5,1,1,CCGGATTCACGGTATGACTG,0,3976512
xdhAp1,0.5,1,1,CCGGACCGATAGGTTTACCC,0,3965190
xdhAp1,0.5,1,1,CCGGAAATACAACTTTAGAG,0,3953541
xdhAp1,0.5,1,1,CCGCTTTTGCAAAAACGCGT,0,3968665
xdhAp1,0.5,1,1,CCGCTTGGCCGTTGAAGCCG,0,3966885
xdhAp1,0.5,1,1,CCGCTCGTAGAGAATCCCGA,0,3933870
xdhAp1,0.5,1,1,CCGCGAATACATAGAGGACT,0,3981419
xdhAp1,0.5,1,1,CCGCCCAGCAAAGCATTGAT,0,3936927
xdhAp1,0.5,1,1,CCGCACTTGTGCACAAAGGT,0,3949447
xdhAp1,0.5,1,1,CCGATTGCAGACCGTTTTGA,0,3971065
xdhAp1,0.5,1,1,CCGATTCGAAGGGTACAACC,0,3941081
xdhAp1,0.5,1,1,CCGATGGAGTGTGTACTACA,0,3974050
xdhAp1,0.5,1,1,CCGAGTTTCTGATAGATTTT,0,3952807
xdhAp1,0.5,1,1,CCGAGGTATCGGGTACCGGG,0,3946949
xdhAp1,0.5,1,1,CCGACGGGAACGTCATTCGT,0,3957271
xdhAp1,0.5,1,1,CCGACAAAGACAGAGTGGCG,0,3932450
xdhAp1,0.5,1,1,CCGAATAAATTCCTTCCTGT,0,3933832
xdhAp1,0.5,1,1,CCGAAGTATTCGGACGAAAC,0,3941034
xdhAp1,0.5,1,1,CCGAAGGGAGCCAGTTCATT,0,3962909
xdhAp1,0.5,1,1,CCCTTTGAGTAAAGGCGAAT,0,3947691
xdhAp1,0.5,1,1,CCCTTGTGCAGGGTGCTACC,0,3942925
xdhAp1,0.5,1,1,CCCTTGTATACGAAGGAAGT,0,3948052
xdhAp1,0.5,1,1,CCCTGAGCCACCGGTATGGT,0,3975816
xdhAp1,0.5,1,1,CCCTCTATCGTCATGTGATC,0,3957964
xdhAp1,0.5,1,1,CCCTCGGCTGCACTGTTGGT,0,3929556
xdhAp1,0.5,1,1,CCCTCCCTACAAGTGGGGTT,0,3978702
xdhAp1,0.5,1,1,CCCTATCAGGGGCGATAGTT,0,3963995
xdhAp1,0.5,1,1,CCCTAAGACGATCTGCCGAG,0,3932195
xdhAp1,0.5,1,1,CCCGGTTTCGGTGTATGTTA,0,3959878
xdhAp1,0.5,1,1,CCCGGTAAGCTTACGAGTGA,0,3976333
xdhAp1,0.5,1,1,CCCGGGGTGCCACGCCTGGA,0,3931270
xdhAp1,0.5,1,1,CCCGACTTTAGGCGTGACCT,0,3960200
xdhAp1,0.5,1,1,CCCGAACGCATGTCCTACGA,0,3959146
xdhAp1,0.5,1,1,CCCCTGACTCACCCTCAGTC,0,3981166
xdhAp1,0.5,1,1,CCCCTCCGTCTCCGGCTATA,0,3972170
xdhAp1,0.5,1,1,CCCCGTTCCCATGAATAAGA,0,3972877
xdhAp1,0.5,1,1,CCCCGGGGGACCCCAGGGTG,0,3935362
xdhAp1,0.5,1,1,CCCCGAAAACGCCAGGGCCA,0,3949902
xdhAp1,0.5,1,1,CCCCACGATTGCTATATGCA,0,3950177
xdhAp1,0.5,1,1,CCCATGGGGTCTGTTACTGC,0,3977795
xdhAp1,0.5,1,1,CCCAGACCCCGATTCGTTCG,0,3941055
xdhAp1,0.5,1,1,CCCACTTTCACCCGCGACTC,0,3956873
xdhAp1,0.5,1,1,CCCACTTACTCCGGGTTGGA,0,3954335
xdhAp1,0.5,1,1,CCCACAGCCCGGTATAGGCG,0,3947666
xdhAp1,0.5,1,1,CCCAATTCCATACCATAGAG,0,3972376
xdhAp1,0.5,1,1,CCATTGGTACTCTGGTATAA,0,3954034
xdhAp1,0.5,1,1,CCATTCTATAAGGGCCTGGT,0,3970861
xdhAp1,0.5,1,1,CCATTAGATGGGAAATCGTA,0,3950773
xdhAp1,0.5,1,1,CCATAGCAAGACAGCCGTTC,0,3948972
xdhAp1,0.5,1,1,CCAGTTAATTCTTATGAAGT,0,3950329
xdhAp1,0.5,1,1,CCAGGGCGTTAGGGGAGTAC,0,3968744
xdhAp1,0.5,1,1,CCAGGGCCACTCCACAGTCC,0,3941978
xdhAp1,0.5,1,1,CCAGGCCTACGAGTAGGACC,0,3961056
xdhAp1,0.5,1,1,CCAGCTCGGCACAGTTGTCT,0,3957411
xdhAp1,0.5,1,1,CCAGCATGCGGCGAGAAAGA,0,3934563
xdhAp1,0.5,1,1,CCAGCAGACTCCGACCTTTA,0,3977263
xdhAp1,0.5,1,1,CCAGATTGCTATTGTGGTGC,0,3929073
xdhAp1,0.5,1,1,CCAGATCAGGGGTCACAACA,0,3979737
xdhAp1,0.5,1,1,CCAGAGGCATTGGCATGCGA,0,3955119
xdhAp1,0.5,1,1,CCAGAGGATTGTGGAAATCC,0,3945345
xdhAp1,0.5,1,1,CCAGAGGATGCGTGAAGTGG,0,3958199
xdhAp1,0.5,1,1,CCACGTGATGGGGGCGCTTT,0,3957950
xdhAp1,0.5,1,1,CCACGGGGGTAGCTCATCCA,0,3950490
xdhAp1,0.5,1,1,CCACGCGGTCAGATACAGGG,0,3958230
xdhAp1,0.5,1,1,CCACCTATGTCCTTAGTGGG,0,3953888
xdhAp1,0.5,1,1,CCACATATGCACACACATGG,0,3932901
xdhAp1,0.5,1,1,CCAATGCTGTCTGCACGGAT,0,3961690
xdhAp1,0.5,1,1,CCAAGGGAGTGATCATTGCA,0,3970706
xdhAp1,0.5,1,1,CCAACGGAAGGAACAATCTC,0,3960861
xdhAp1,0.5,1,1,CCAAAGATTCGGTTGGTGTA,0,3944148
xdhAp1,0.5,1,1,CATTCTATCGACGTTTCCAA,0,3976918
xdhAp1,0.5,1,1,CATTCGTCGTACGTGAGCTA,0,3959695
xdhAp1,0.5,1,1,CATTCCATCGGTGGCATGCC,0,3966673
xdhAp1,0.5,1,1,CATTCATGGCTAACATGTTG,0,3937258
xdhAp1,0.5,1,1,CATTATGGAGAGGGGTGGTT,0,3966059
xdhAp1,0.5,1,1,CATTAGCCCATTGGGCCTTA,0,3971509
xdhAp1,0.5,1,1,CATGTTGATTAAGACGCAGG,0,3930762
xdhAp1,0.5,1,1,CATGTTACCTTTTCGGTACC,0,3950100
xdhAp1,0.5,1,1,CATGTGCGCGTTTTTTCCAT,0,3929766
xdhAp1,0.5,1,1,CATGTCTGTTTACGGCCTCA,0,3950415
xdhAp1,0.5,1,1,CATGTCGGAGAACACTTCGT,0,3935809
xdhAp1,0.5,1,1,CATGGCAGCGCCGGCGGCTT,0,3937167
xdhAp1,0.5,1,1,CATGCGCTCCCTAATTGTAC,0,3932124
xdhAp1,0.5,1,1,CATGCGACGCCTATTCCTCG,0,3970376
xdhAp1,0.5,1,1,CATGCAATTCAAACGATAAT,0,3960620
xdhAp1,0.5,1,1,CATGATCAGTAATGGTAGTC,0,3937505
xdhAp1,0.5,1,1,CATCTTTCATGCCGCTGATA,0,3969362
xdhAp1,0.5,1,1,CATCTCTCTGATTAGAATAT,0,3946715
xdhAp1,0.5,1,1,CATCGCACCGTTTATGGGGT,0,3970197
xdhAp1,0.5,1,1,CATCGAGGACTTCCCTAACG,0,3955631
xdhAp1,0.5,1,1,CATCCGTAATTGACTCGAGG,0,3945806
xdhAp1,0.5,1,1,CATATGATCGTAACAGACTT,0,3963403
xdhAp1,0.5,1,1,CATATGACTTCTACGAGGGA,0,3964187
xdhAp1,0.5,1,1,CATATACCGTTACGCTCCAC,0,3977912
xdhAp1,0.5,1,1,CATAGTGCAAATGAGAGGTC,0,3960629
xdhAp1,0.5,1,1,CATAGTGATAACGCCAACTT,0,3950236
xdhAp1,0.5,1,1,CATAGGATCCCGGGACTTTT,0,3960706
xdhAp1,0.5,1,1,CATAGACTTTTGAAATCGAA,0,3936190
xdhAp1,0.5,1,1,CATACATTTGTGTTGTTTCT,0,3980202
xdhAp1,0.5,1,1,CATAAGAAGTGGAGCGTGGC,0,3947900
xdhAp1,0.5,1,1,CATAAACATATCTAATCTAC,0,3979598
xdhAp1,0.5,1,1,CAGTTCTCGTAATAATGGAT,0,3960228
xdhAp1,0.5,1,1,CAGTTATTGCAAAGAGCTCA,0,3969587
xdhAp1,0.5,1,1,CAGTTAGGGTCCAAGTCAAT,0,3979188
xdhAp1,0.5,1,1,CAGTCTTTATGCAGATTGGC,0,3963496
xdhAp1,0.5,1,1,CAGTAGACAAAACGAGACGC,0,3978277
xdhAp1,0.5,1,1,CAGGTCGGATTACAGACAGT,0,3933822
xdhAp1,0.5,1,1,CAGGTAAGAAATGCGAGCGT,0,3980120
xdhAp1,0.5,1,1,CAGGGGTGCCTCGCTGAAGA,0,3968568
xdhAp1,0.5,1,1,CAGGGGTACAGCCCATTCTC,0,3935279
xdhAp1,0.5,1,1,CAGGCTGTTCAAACACGATC,0,3951388
xdhAp1,0.5,1,1,CAGGCGGACGATTGTATCCG,0,3941850
xdhAp1,0.5,1,1,CAGGCGCTTCTCGAGCAGTA,0,3940860
xdhAp1,0.5,1,1,CAGGCCTTAGGGGGGAGGGT,0,3955062
xdhAp1,0.5,1,1,CAGGCCAGACATGCAACGTC,0,3980014
xdhAp1,0.5,1,1,CAGGCAAAGTAGCTCGCACG,0,3959721
xdhAp1,0.5,1,1,CAGGATACGGAGTGTCCTGC,0,3957270
xdhAp1,0.5,1,1,CAGGAAATTGCAACATTTCA,0,3980883
xdhAp1,0.5,1,1,CAGCGGTACAGCGCGAGGAT,0,3976002
xdhAp1,0.5,1,1,CAGCGGGCAAGCTGTCCTTG,0,3973466
xdhAp1,0.5,1,1,CAGCATCGTTGATGTGGAAC,0,3946798
xdhAp1,0.5,1,1,CAGCAGTTGATGAAGTATGT,0,3965800
xdhAp1,0.5,1,1,CAGCACTTTATGAAATTGCT,0,3969178
xdhAp1,0.5,1,1,CAGATTGTTTGGCGTGTACT,0,3970037
xdhAp1,0.5,1,1,CAGATCAAGCTGGACGTGTC,0,3970408
xdhAp1,0.5,1,1,CAGAGCGGACCGGCGACGGT,0,3972079
xdhAp1,0.5,1,1,CAGAGCAGAAATTTGTCTGT,0,3942618
xdhAp1,0.5,1,1,CAGAGCACCGTACAGAGAAA,0,3930925
xdhAp1,0.5,1,1,CAGAGCACCAGGATTGCCTC,0,3944520
xdhAp1,0.5,1,1,CACTGTCTCGATTTGTACCG,0,3961110
xdhAp1,0.5,1,1,CACTGGGGTAATCGCAGTCA,0,3967203
xdhAp1,0.5,1,1,CACTGAGACGGAATGCGCCC,0,3934575
xdhAp1,0.5,1,1,CACTCGGAACGCTGTCATAA,0,3942539
xdhAp1,0.5,1,1,CACTCACTGGAGCGAGAAAG,0,3948608
xdhAp1,0.5,1,1,CACTCAATAGCTAGAGTTGC,0,3966672
xdhAp1,0.5,1,1,CACTAGCCTAGCGTTTGGTC,0,3930677
xdhAp1,0.5,1,1,CACTACTCCAGGTTAACAGG,0,3936200
xdhAp1,0.5,1,1,CACGTGGTAAACCCGAATCG,0,3932448
xdhAp1,0.5,1,1,CACGTCCGTCCTCAAAGTAT,0,3953522
xdhAp1,0.5,1,1,CACGTCAGTATACGTCGCCC,0,3954000
xdhAp1,0.5,1,1,CACGCCACAACTATCACCTA,0,3952220
xdhAp1,0.5,1,1,CACGCCAAGACACAGGACGG,0,3935748
xdhAp1,0.5,1,1,CACGCAGTGTGGAAGACCAG,0,3975518
xdhAp1,0.5,1,1,CACGCACAAATCACGCGTCT,0,3978828
xdhAp1,0.5,1,1,CACGATGTTTGTTCGGTACG,0,3933490
xdhAp1,0.5,1,1,CACCGCATTTTTGGTTAATT,0,3966221
xdhAp1,0.5,1,1,CACCGAGCAAAACATCTAGT,0,3945057
xdhAp1,0.5,1,1,CACCACGGGTCCCTACACGC,0,3948498
xdhAp1,0.5,1,1,CACCAACGGGGATTTGGCGA,0,3975682
xdhAp1,0.5,1,1,CACAGCTCGGGTTCGGGTAC,0,3963774
xdhAp1,0.5,1,1,CACACTGCTGATGTGACTAT,0,3971339
xdhAp1,0.5,1,1,CACACGAGAGGCCACATTTG,0,3955279
xdhAp1,0.5,1,1,CACACAAGCCTATGACAGGC,0,3960404
xdhAp1,0.5,1,1,CACAATTTACTTACATCGCA,0,3947205
xdhAp1,0.5,1,1,CACAACGTTCAATTGAGGGG,0,3949279
xdhAp1,0.5,1,1,CACAACGTATGCTGATTGCT,0,3979020
xdhAp1,0.5,1,1,CAATTGTATAACAAATAATG,0,3974335
xdhAp1,0.5,1,1,CAATTATCCATAGAGTGATC,0,3959194
xdhAp1,0.5,1,1,CAATGTCAAGCTCTGTATGG,0,3981263
xdhAp1,0.5,1,1,CAATCCTAATAGTACCCAGA,0,3978796
xdhAp1,0.5,1,1,CAATAGCCGCGACACACTTT,0,3960123
xdhAp1,0.5,1,1,CAATAGAGGGTTCTCCTGGG,0,3975062
xdhAp1,0.5,1,1,CAATACGCATATGCAACTAT,0,3965582
xdhAp1,0.5,1,1,CAATACAATCTAATGCCTGT,0,3981038
xdhAp1,0.5,1,1,CAATAAACCACGAGAACACG,0,3936772
xdhAp1,0.5,1,1,CAAGTTTGGTTGCTCACCAA,0,3939240
xdhAp1,0.5,1,1,CAAGTCTCCGCTTCACGTTC,0,3962982
xdhAp1,0.5,1,1,CAAGGTTCTATATCGATCAC,0,3938047
xdhAp1,0.5,1,1,CAAGGTCTGAGCCTGTTATG,0,3973943
xdhAp1,0.5,1,1,CAAGGGGCATACTGTCTGAC,0,3951647
xdhAp1,0.5,1,1,CAAGGCCTGCCTCAGAGGGT,0,3932640
xdhAp1,0.5,1,1,CAAGGCCCATGGAAGTCCGT,0,3942957
xdhAp1,0.5,1,1,CAAGCGGGACGCAGGTACAT,0,3934946
xdhAp1,0.5,1,1,CAAGCCGTTCCGGCATAGAT,0,3970366
xdhAp1,0.5,1,1,CAAGCCCTTGTTTGCCCCAT,0,3975156
xdhAp1,0.5,1,1,CAAGCCCCTCATGAGATACT,0,3940277
xdhAp1,0.5,1,1,CAAGCATTGCAGAGCAGCGA,0,3963130
xdhAp1,0.5,1,1,CAAGATGCTGGTTTCATAGC,0,3962580
xdhAp1,0.5,1,1,CAAGAATCTGTAGAAGTTTA,0,3943647
xdhAp1,0.5,1,1,CAAGAAGCTAATCGCTGGCG,0,3930355
xdhAp1,0.5,1,1,CAAGAACGGCCTCCGAAGTC,0,3948337
xdhAp1,0.5,1,1,CAAGAAATCTATGGCCCATA,0,3959542
xdhAp1,0.5,1,1,CAACTCGGAACCTCTGTGAC,0,3947144
xdhAp1,0.5,1,1,CAACTACGCCGTAGAGCGCC,0,3978174
xdhAp1,0.5,1,1,CAACTAAGCGGCTGTCCGGC,0,3933545
xdhAp1,0.5,1,1,CAACGGCAGGAGCATTCCGG,0,3937797
xdhAp1,0.5,1,1,CAACGAAAGATTTTCTGGAG,0,3967891
xdhAp1,0.5,1,1,CAACCGCCGTCATGGCGTAA,0,3966836
xdhAp1,0.5,1,1,CAACCGACGTTTCATCGTGT,0,3963643
xdhAp1,0.5,1,1,CAACATCGTCCAATGGGCAT,0,3959280
xdhAp1,0.5,1,1,CAACACATGCTAGAGTACAT,0,3949672
xdhAp1,0.5,1,1,CAAATTTAGCTGCCGGCATA,0,3955282
xdhAp1,0.5,1,1,CAAATTACCGACAAGACTAT,0,3931657
xdhAp1,0.5,1,1,CAAATGGTAGGGAGGAGCTC,0,3937219
xdhAp1,0.5,1,1,CAAAGTTCGTCGAATTCGGG,0,3976547
xdhAp1,0.5,1,1,CAAAGGTCTCAAGCAGTCAC,0,3939692
xdhAp1,0.5,1,1,CAAAGGAACGTTCTCGCTCA,0,3946255
xdhAp1,0.5,1,1,CAAAGAGACCGGCCGCACCG,0,3965429
xdhAp1,0.5,1,1,CAAAGAATCTTTTGGCAATC,0,3940086
xdhAp1,0.5,1,1,CAAACTTAAGGATCTTGTCT,0,3973374
xdhAp1,0.5,1,1,CAAACGTTTGACAAGCTAAT,0,3969377
xdhAp1,0.5,1,1,CAAACATCTAACCGTAGTGA,0,3966638
xdhAp1,0.5,1,1,CAAAATGGTAACCCGTACGC,0,3972226
xdhAp1,0.5,1,1,CAAAACCGCGGTTACGACAA,0,3956245
xdhAp1,0.5,1,1,ATTTTTGTTTGTAGGTGATG,0,3969763
xdhAp1,0.5,1,1,ATTTTGTCCTAGAAATAGAA,0,3957915
xdhAp1,0.5,1,1,ATTTTGGCCGAACATGCGTA,0,3977690
xdhAp1,0.5,1,1,ATTTCATCTGTTGAACCGCT,0,3929543
xdhAp1,0.5,1,1,ATTTCAGTGTTTCAACGTTT,0,3946957
xdhAp1,0.5,1,1,ATTTCAAGACACACCAGATT,0,3967021
xdhAp1,0.5,1,1,ATTTATCCTCCTTATGAATG,0,3969498
xdhAp1,0.5,1,1,ATTTAGATCAAGCTCCGGAG,0,3970063
xdhAp1,0.5,1,1,ATTGTGAAGATTGGCGGCAT,0,3929844
xdhAp1,0.5,1,1,ATTGTCAGCATTTTCTAAGC,0,3960419
xdhAp1,0.5,1,1,ATTGTACATCAGCGCAGTCT,0,3945677
xdhAp1,0.5,1,1,ATTGTAAGCCCCGGCCTAGG,0,3949137
xdhAp1,0.5,1,1,ATTGGTGTGGACGCGTTACA,0,3933532
xdhAp1,0.5,1,1,ATTGGGGTATATGTGTTGCA,0,3932684
xdhAp1,0.5,1,1,ATTGGCTCCGGAATTTAATA,0,3963668
xdhAp1,0.5,1,1,ATTGCTCGATCGGACATGTC,0,3958577
xdhAp1,0.5,1,1,ATTGCCTAGACATCATCCTC,0,3980893
xdhAp1,0.5,1,1,ATTGAGCCCGGCCAGGTATA,0,3974164
xdhAp1,0.5,1,1,ATTCTTTAATGTGTTCAGCG,0,3960465
xdhAp1,0.5,1,1,ATTCGGGTGAGTAGCTCTAG,0,3972184
xdhAp1,0.5,1,1,ATTCCCTGTGATCTGGTTAG,0,3963293
xdhAp1,0.5,1,1,ATTCATGGCATAAGCTGCTC,0,3934112
xdhAp1,0.5,1,1,ATTCAGTTTCGTGCCATCGC,0,3933947
xdhAp1,0.5,1,1,ATTCAGATTTGCACCGTAGT,0,3934456
xdhAp1,0.5,1,1,ATTATTTGAGCACCTCGCTA,0,3958906
xdhAp1,0.5,1,1,ATTATGAAAGATGTAGTAGG,0,3968546
xdhAp1,0.5,1,1,ATTATACCTCAGTAGCGCGT,0,3974787
xdhAp1,0.5,1,1,ATTAGAATCTTACCTCTTAA,0,3930565
xdhAp1,0.5,1,1,ATTACTACCCACAGCTAATG,0,3963783
xdhAp1,0.5,1,1,ATTACCCCAACGATGGAAAG,0,3965478
xdhAp1,0.5,1,1,ATTAAGGCTCACTCTGTACG,0,3940781
xdhAp1,0.5,1,1,ATTAAAAATGTTGAAGAATT,0,3941151
xdhAp1,0.5,1,1,ATGTTCGGCGACAGGATGTC,0,3978519
xdhAp1,0.5,1,1,ATGTTCGACAGGGGTGTCTT,0,3930166
xdhAp1,0.5,1,1,ATGTGCCCAGAACAAGGGGT,0,3974607
xdhAp1,0.5,1,1,ATGTCAAAAATGGTATACTC,0,3953258
xdhAp1,0.5,1,1,ATGTATGGAATCGTCGGTGC,0,3975379
xdhAp1,0.5,1,1,ATGTATGCGAGTGGTCAGGA,0,3929119
xdhAp1,0.5,1,1,ATGTATCTTCCCTGGCTCGT,0,3960712
xdhAp1,0.5,1,1,ATGTAATGCCATCACCCGTT,0,3975190
xdhAp1,0.5,1,1,ATGGTTTTTGGGCGCGCATG,0,3941219
xdhAp1,0.5,1,1,ATGGTGCAGTAGGGTTCCAA,0,3942607
xdhAp1,0.5,1,1,ATGGGGCTGCACAAAGATGG,0,3953365
xdhAp1,0.5,1,1,ATGGCTGACTATAAGGCCTA,0,3975835
xdhAp1,0.5,1,1,ATGGCTAAAAGAGTGCTGAC,0,3957794
xdhAp1,0.5,1,1,ATGGCGGAAGTTTGCCCGAG,0,3979374
xdhAp1,0.5,1,1,ATGGATTAAGTCCTACTTTG,0,3931134
xdhAp1,0.5,1,1,ATGGACTAGCTGCTACCGCT,0,3969120
xdhAp1,0.5,1,1,ATGGACATGTAGTTCAATGT,0,3963158
xdhAp1,0.5,1,1,ATGCTTCGAAATCCACTCTT,0,3963283
xdhAp1,0.5,1,1,ATGCTCAGGAGGGCTGTATC,0,3943204
xdhAp1,0.5,1,1,ATGCGGGGTGACATATCACT,0,3967986
xdhAp1,0.5,1,1,ATGCGATCCTTAGTTTGACA,0,3971515
xdhAp1,0.5,1,1,ATGCACCATCCCCCATACCG,0,3944796
xdhAp1,0.5,1,1,ATGATTCGTAATCGCGTCAG,0,3960927
xdhAp1,0.5,1,1,ATGATTCGCAAGCCAGACTT,0,3973163
xdhAp1,0.5,1,1,ATGATAGATCTTGCGATGCT,0,3942755
xdhAp1,0.5,1,1,ATGATAACAATCCAAGCTAT,0,3947273
xdhAp1,0.5,1,1,ATGAGTTATAGACTGCCGGC,0,3967491
xdhAp1,0.5,1,1,ATGAGTCGGATTAACATTGA,0,3981081
xdhAp1,0.5,1,1,ATGACATTACAGAGCTCTAC,0,3929643
xdhAp1,0.5,1,1,ATGAAGCCGTAGGTGATGAG,0,3960532
xdhAp1,0.5,1,1,ATCTTTACCGATATTCCACA,0,3962290
xdhAp1,0.5,1,1,ATCTCGCGTGTTCGTTTAGC,0,3934136
xdhAp1,0.5,1,1,ATCTCGCGATTTAGAGATGG,0,3956220
xdhAp1,0.5,1,1,ATCTATAGTCGAGGTACGCT,0,3938933
xdhAp1,0.5,1,1,ATCTAGAGCTTGCCATAAGG,0,3940808
xdhAp1,0.5,1,1,ATCTACCTATAGTCATATGC,0,3945702
xdhAp1,0.5,1,1,ATCGGAGCGGATAATGCGCC,0,3973751
xdhAp1,0.5,1,1,ATCGGAACTGGGGCGGGTGG,0,3944320
xdhAp1,0.5,1,1,ATCGCTCACCCACTGGGGTG,0,3979274
xdhAp1,0.5,1,1,ATCGCGGCTGAGCGGATACC,0,3976052
xdhAp1,0.5,1,1,ATCGCAAGGGGTCCACTCGG,0,3968706
xdhAp1,0.5,1,1,ATCCTTGGAGCGGACGGCCG,0,3968193
xdhAp1,0.5,1,1,ATCCTGGGATGTCAGTTGAC,0,3953174
xdhAp1,0.5,1,1,ATCCTGGAGACTATGGCGCG,0,3938895
xdhAp1,0.5,1,1,ATCCGTAAGGAGCGTGTAGA,0,3946432
xdhAp1,0.5,1,1,ATCCGGATACTTGTGACGCC,0,3972566
xdhAp1,0.5,1,1,ATCCCGACGCAACATATATC,0,3944337
xdhAp1,0.5,1,1,ATCCCAGGCCACGTAATCCG,0,3943546
xdhAp1,0.5,1,1,ATCATAACGACAGCTCATCA,0,3950481
xdhAp1,0.5,1,1,ATCAGGCCGCCCGGTAGCCA,0,3949227
xdhAp1,0.5,1,1,ATCACGTCAACCAGGGAACA,0,3947294
xdhAp1,0.5,1,1,ATCAATTGGTCGAGGATTAT,0,3972202
xdhAp1,0.5,1,1,ATCAATCGCGCATGACGCAT,0,3938219
xdhAp1,0.5,1,1,ATCAAGGATCCTCGTTGTGG,0,3981003
xdhAp1,0.5,1,1,ATCAAGATCTTAATTTTTAA,0,3935188
xdhAp1,0.5,1,1,ATATGTTCGTTAATGTCCTG,0,3950595
xdhAp1,0.5,1,1,ATATGTTAGGTTGGTGGAAG,0,3949072
xdhAp1,0.5,1,1,ATATGTGCTATGGGGTTGGA,0,3935953
xdhAp1,0.5,1,1,ATATGGAGGAGATGAACGTA,0,3969748
xdhAp1,0.5,1,1,ATATGCGCACTTCATCAAAC,0,3970920
xdhAp1,0.5,1,1,ATATCTTGTGCCGACTTACT,0,3953531
xdhAp1,0.5,1,1,ATATCTGCAGGGGATTGTGT,0,3960192
xdhAp1,0.5,1,1,ATATCTAAGTCTCCCGGCTG,0,3930460
xdhAp1,0.5,1,1,ATATCGACGGGCTGGGTCTT,0,3969881
xdhAp1,0.5,1,1,ATATCAGTGATGCTTGCAAA,0,3929476
xdhAp1,0.5,1,1,ATATAGAGCAGTGTGGATCG,0,3932887
xdhAp1,0.5,1,1,ATAGTGGATCGTGCGAGCCT,0,3951443
xdhAp1,0.5,1,1,ATAGGGCTGACGGACTCACT,0,3954371
xdhAp1,0.5,1,1,ATAGGCTGTCAGGGTAGGAA,0,3946992
xdhAp1,0.5,1,1,ATAGCAACCGCGGTTCCATT,0,3958052
xdhAp1,0.5,1,1,ATAGAATGGGTTAAGCGGAC,0,3953121
xdhAp1,0.5,1,1,ATACCCTGTGGAGTGTTAAA,0,3932431
xdhAp1,0.5,1,1,ATACCCGGCGGAGATGGGGG,0,3970246
xdhAp1,0.5,1,1,ATAAGACTGTTAAGCAACAT,0,3976212
xdhAp1,0.5,1,1,ATAACCGTAAATCTAGGTTA,0,3936733
xdhAp1,0.5,1,1,ATAAATTGTCCACGCCTCCG,0,3952700
xdhAp1,0.5,1,1,ATAAATTGCATTTGAGGACG,0,3958315
xdhAp1,0.5,1,1,ATAAATGTTTATTGGGGGGG,0,3958222
xdhAp1,0.5,1,1,ATAAATAACCGAATAAGTTG,0,3929343
xdhAp1,0.5,1,1,ATAAAGTGCTACCGGACGTT,0,3962678
xdhAp1,0.5,1,1,ATAAAGAGAGGATGCTAGTC,0,3968321
xdhAp1,0.5,1,1,ATAAAGAAGTGGGAAGGAGC,0,3958560
xdhAp1,0.5,1,1,ATAAAAAGATACCTAGCTTA,0,3954143
xdhAp1,0.5,1,1,AGTTTTCTATTCCAGTTCGA,0,3962916
xdhAp1,0.5,1,1,AGTTGGGCATCTAACGAGCG,0,3940418
xdhAp1,0.5,1,1,AGTTCTGGGGATTAATATAT,0,3971232
xdhAp1,0.5,1,1,AGTTCGGGGTGTGGTCATAC,0,3948401
xdhAp1,0.5,1,1,AGTTCCGGTTGTTACCTGTT,0,3945133
xdhAp1,0.5,1,1,AGTTCCAGCAAACCATGCCC,0,3939752
xdhAp1,0.5,1,1,AGTTCCACTCGAAATGGCGC,0,3956124
xdhAp1,0.5,1,1,AGTTAACTAACCGTTGTATC,0,3934162
xdhAp1,0.5,1,1,AGTGTTTTTAGTGTTAGTTA,0,3975670
xdhAp1,0.5,1,1,AGTGTATTCGTTAACATGTT,0,3959300
xdhAp1,0.5,1,1,AGTGTAATATCAACATGCTC,0,3966174
xdhAp1,0.5,1,1,AGTGGGGAATATCCGGGTAG,0,3959770
xdhAp1,0.5,1,1,AGTGCTCTCCATTTGACACA,0,3976914
xdhAp1,0.5,1,1,AGTGCGTGACCTAGGGTCAA,0,3976834
xdhAp1,0.5,1,1,AGTGATTATACCGGTCGTAG,0,3975916
xdhAp1,0.5,1,1,AGTGATGGCAAAACCCTTGC,0,3973707
xdhAp1,0.5,1,1,AGTCGGTGGACTTCGTTGCT,0,3932781
xdhAp1,0.5,1,1,AGTCCGGGATGATGTGCTCC,0,3948791
xdhAp1,0.5,1,1,AGTCACGGGTGACCTAGGCA,0,3964049
xdhAp1,0.5,1,1,AGTATTTCCTGGTCACTAAA,0,3961649
xdhAp1,0.5,1,1,AGTATTTCCTGGGCTTGGGT,0,3963474
xdhAp1,0.5,1,1,AGTATAGGTTCGGTCTAAAT,0,3932142
xdhAp1,0.5,1,1,AGTAGGGCGGAACGAAGTAA,0,3944781
xdhAp1,0.5,1,1,AGTACTAAATCCAGCGGCGT,0,3968033
xdhAp1,0.5,1,1,AGTACCTGCCAGAGACCCAG,0,3959367
xdhAp1,0.5,1,1,AGTACCCTAGATATTGTGGG,0,3967446
xdhAp1,0.5,1,1,AGGTTGGAATTTATACTCTA,0,3960798
xdhAp1,0.5,1,1,AGGTGTGGCAACCGATACGA,0,3937583
xdhAp1,0.5,1,1,AGGTGAATATTAGCGACGTT,0,3933880
xdhAp1,0.5,1,1,AGGTGAATAGTTTAGAATAA,0,3959187
xdhAp1,0.5,1,1,AGGTCCTAGTGAGCATTCTA,0,3972415
xdhAp1,0.5,1,1,AGGTAGACTTTCGTAACTAA,0,3943275
xdhAp1,0.5,1,1,AGGGTGCTGAGCAATCAGAA,0,3963327
xdhAp1,0.5,1,1,AGGGTGCGTTTGTGCAGTCA,0,3957718
xdhAp1,0.5,1,1,AGGGTAGCGTGCATTAAGGT,0,3936584
xdhAp1,0.5,1,1,AGGGGGTCTAGAACTACTTA,0,3943374
xdhAp1,0.5,1,1,AGGGGCGGAAACATAGTGCA,0,3933340
xdhAp1,0.5,1,1,AGGGGCCTTTTGTATTACCT,0,3947973
xdhAp1,0.5,1,1,AGGGCAGTTCTATTGAAGGA,0,3948130
xdhAp1,0.5,1,1,AGGGAGCACGAGTCAATGCA,0,3957035
xdhAp1,0.5,1,1,AGGGACCCAATCTGACCGAC,0,3941767
xdhAp1,0.5,1,1,AGGCGTTACAAGAAAATAAC,0,3963912
xdhAp1,0.5,1,1,AGGCCGGAGCTAGCAATGCA,0,3933671
xdhAp1,0.5,1,1,AGGCCCATGTCGGGCGCTTT,0,3960375
xdhAp1,0.5,1,1,AGGCAATTGCGCGGATGTTT,0,3976000
xdhAp1,0.5,1,1,AGGCAACTGAGCCCACCTGT,0,3953945
xdhAp1,0.5,1,1,AGGAGCCGTATAAACGTGGC,0,3960690
xdhAp1,0.5,1,1,AGGAGCCGCCCCAGGCGATT,0,3959644
xdhAp1,0.5,1,1,AGGAGAATTGGTACAGCTCA,0,3961396
xdhAp1,0.5,1,1,AGGACCGTCCGCCGCACACA,0,3935843
xdhAp1,0.5,1,1,AGGACCGATTTCAGGTCTGC,0,3963484
xdhAp1,0.5,1,1,AGGAAATTACGCGGACTCTG,0,3964313
xdhAp1,0.5,1,1,AGCTTTGGGTAATGCCCCTT,0,3971756
xdhAp1,0.5,1,1,AGCTTTGCACTTTAAATAAG,0,3975125
xdhAp1,0.5,1,1,AGCTTTCACGATTCCGACCC,0,3964381
xdhAp1,0.5,1,1,AGCTTGCAAGCAGATCCCAG,0,3944758
xdhAp1,0.5,1,1,AGCTTAGACGAATAGTCTTT,0,3936680
xdhAp1,0.5,1,1,AGCTGTTCCGCGATCCTCGT,0,3978990
xdhAp1,0.5,1,1,AGCTCTTCTTGGGATCACGG,0,3934701
xdhAp1,0.5,1,1,AGCTCTTACTGCTGACGGTC,0,3931791
xdhAp1,0.5,1,1,AGCTCCCCTTCACCAGAGGG,0,3930431
xdhAp1,0.5,1,1,AGCTATTTAAGCTAGACGGC,0,3933276
xdhAp1,0.5,1,1,AGCTAATCTTTGGACAAGTG,0,3972674
xdhAp1,0.5,1,1,AGCGTTCAAGCCAAGATTCA,0,3967792
xdhAp1,0.5,1,1,AGCGTCTCTCTACGTCGGGA,0,3937716
xdhAp1,0.5,1,1,AGCGTCAAAGTTTTACCGTT,0,3960497
xdhAp1,0.5,1,1,AGCGGGCCTCGAGGCATGGC,0,3942807
xdhAp1,0.5,1,1,AGCGGATTGCCGCTATCCCC,0,3952458
xdhAp1,0.5,1,1,AGCGGATGATCCCGTGCCAT,0,3942670
xdhAp1,0.5,1,1,AGCGCGGATTGTTGGGGCAA,0,3945258
xdhAp1,0.5,1,1,AGCGATCCTGGTAGGGCAGC,0,3952282
xdhAp1,0.5,1,1,AGCCGGGTTAGTGATTGAGG,0,3946780
xdhAp1,0.5,1,1,AGCCGGCAAGGCGCGGCAGT,0,3953786
xdhAp1,0.5,1,1,AGCCGCAACAGTCGCCGCTT,0,3966127
xdhAp1,0.5,1,1,AGCCCACACGGATTTTCGAA,0,3930320
xdhAp1,0.5,1,1,AGCCCAAATATTTCCTGCGG,0,3977819
xdhAp1,0.5,1,1,AGCCACTCACTGTGACTATT,0,3959312
xdhAp1,0.5,1,1,AGCCACAAAGCAGGAGGTTC,0,3944137
xdhAp1,0.5,1,1,AGCATGGGGCATGTATGCTC,0,3932584
xdhAp1,0.5,1,1,AGCATCATGGGTGCAGGACC,0,3932530
xdhAp1,0.5,1,1,AGCACTCCGAGAACGGCTCC,0,3951257
xdhAp1,0.5,1,1,AGCACGCAATTTAAATATGA,0,3944132
xdhAp1,0.5,1,1,AGCACATCCCGGTAGATTAC,0,3934874
xdhAp1,0.5,1,1,AGCAAATCGGTACGAATCAT,0,3975749
xdhAp1,0.5,1,1,AGCAAAGGACACCGCCATAT,0,3942331
xdhAp1,0.5,1,1,AGCAAACGGACACCGGATTA,0,3976476
xdhAp1,0.5,1,1,AGCAAAACGGTCGGTGTGGC,0,3931848
xdhAp1,0.5,1,1,AGATGTCAGGCGAAGGAAGT,0,3965817
xdhAp1,0.5,1,1,AGATGGGGTCAGCGAATAGG,0,3958984
xdhAp1,0.5,1,1,AGATGGGGGCTGAGTGGTAT,0,3936892
xdhAp1,0.5,1,1,AGATCTGTAGACGCGCCAAC,0,3953924
xdhAp1,0.5,1,1,AGATCGGTTGATAGCATATA,0,3977849
xdhAp1,0.5,1,1,AGATCGGATTTCTACCTCTT,0,3981309
xdhAp1,0.5,1,1,AGATCGAGTGAAGCATGGTT,0,3981307
xdhAp1,0.5,1,1,AGATCCTTTGATAGGTTTAT,0,3968630
xdhAp1,0.5,1,1,AGATCATGAAGGTTCTTGGG,0,3935517
xdhAp1,0.5,1,1,AGATAGAGGTTATCGCTGGA,0,3945278
xdhAp1,0.5,1,1,AGATAGACGTGGCACACCCA,0,3955925
xdhAp1,0.5,1,1,AGATACAGCATCGTGTGAAT,0,3929110
xdhAp1,0.5,1,1,AGAGTTCGGGGCTTCTCCTT,0,3975545
xdhAp1,0.5,1,1,AGAGGGTATGGGATTGTCTA,0,3941444
xdhAp1,0.5,1,1,AGAGCGGAATCAGGGTTCGC,0,3944870
xdhAp1,0.5,1,1,AGAGCCATTCCGCATGATAT,0,3934628
xdhAp1,0.5,1,1,AGAGAGTGCCGTCGTTAGCA,0,3959704
xdhAp1,0.5,1,1,AGAGAGCTGCAATTCGGCCC,0,3930503
xdhAp1,0.5,1,1,AGAGACAATCGAGAAATGCG,0,3966606
xdhAp1,0.5,1,1,AGACTCAATGAGCACCTACA,0,3962140
xdhAp1,0.5,1,1,AGACCTTACTATGATCCCAT,0,3955292
xdhAp1,0.5,1,1,AGACAGCTGGACCGCACTCA,0,3954582
xdhAp1,0.5,1,1,AGACAACAGTGCGGCCTCTT,0,3977954
xdhAp1,0.5,1,1,AGAAGGGTGACGCCCTCTTC,0,3967157
xdhAp1,0.5,1,1,AGAAGGCGCGTGCTCTAACA,0,3952698
xdhAp1,0.5,1,1,AGAAGACGTCGATCAATAGG,0,3948014
xdhAp1,0.5,1,1,ACTTTGTCTTCAGATCTAGA,0,3981267
xdhAp1,0.5,1,1,ACTTTCCTCGTAGGGGGAGT,0,3975329
xdhAp1,0.5,1,1,ACTTTATAGGCCGAGACTAG,0,3963822
xdhAp1,0.5,1,1,ACTTTAAATATCATGATGGT,0,3976901
xdhAp1,0.5,1,1,ACTTGCTAGCAGAGTCCCCT,0,3979683
xdhAp1,0.5,1,1,ACTTGCATTAGAAACTATAC,0,3971647
xdhAp1,0.5,1,1,ACTTCTCGTGGTATGGAGGT,0,3941195
xdhAp1,0.5,1,1,ACTTCTACCACACGGATGTC,0,3946246
xdhAp1,0.5,1,1,ACTTAGCCACACTGAAAAGA,0,3935836
xdhAp1,0.5,1,1,ACTTAGAATTACCTAGTTTG,0,3935312
xdhAp1,0.5,1,1,ACTTACAACCAATACCTGTT,0,3932336
xdhAp1,0.5,1,1,ACTGTCGGACAGGGATGGGT,0,3961391
xdhAp1,0.5,1,1,ACTGGTAGTGTCTCTTAACA,0,3971594
xdhAp1,0.5,1,1,ACTGCAAGCTAATAATGAGC,0,3948505
xdhAp1,0.5,1,1,ACTCGGACAGCCGCAACGTA,0,3946392
xdhAp1,0.5,1,1,ACTCGCCCTCGAATCCACAG,0,3936547
xdhAp1,0.5,1,1,ACTCGAGCATTCTACTCGTT,0,3954507
xdhAp1,0.5,1,1,ACTCCTCTTCGAAGTGACCT,0,3955938
xdhAp1,0.5,1,1,ACTCATTGGAGTGGTTAAAA,0,3962547
xdhAp1,0.5,1,1,ACTCACACGGGATAGCTATG,0,3971187
xdhAp1,0.5,1,1,ACTCAATTTTACTCAATTGA,0,3932211
xdhAp1,0.5,1,1,ACTCAAGCGTAAAACGCCGT,0,3947708
xdhAp1,0.5,1,1,ACTAGGTTGGTCACTCTAGA,0,3942296
xdhAp1,0.5,1,1,ACTACCTATATTTCATCGAG,0,3948818
xdhAp1,0.5,1,1,ACTAAGCGCAGCATAGGCAA,0,3969829
xdhAp1,0.5,1,1,ACGTTTGTAGCGTCATTCGA,0,3974700
xdhAp1,0.5,1,1,ACGTTGACAAGGAATGCTTG,0,3978246
xdhAp1,0.5,1,1,ACGTTCTGGTTCATATACAG,0,3961111
xdhAp1,0.5,1,1,ACGTTCTCATCTCCCCACTG,0,3942327
xdhAp1,0.5,1,1,ACGTGTTAGAACTTCTGGCG,0,3974217
xdhAp1,0.5,1,1,ACGTGTCTGATACGTCATAA,0,3973833
xdhAp1,0.5,1,1,ACGTGGCGATTCTTAATATA,0,3961165
xdhAp1,0.5,1,1,ACGTATCCCATGCCCCCGGG,0,3978464
xdhAp1,0.5,1,1,ACGTATAAGTAAGGTAGCAG,0,3954682
xdhAp1,0.5,1,1,ACGTAGAGGTCATCCGAGTG,0,3936152
xdhAp1,0.5,1,1,ACGTAATCACCAGCATCTAC,0,3942941
xdhAp1,0.5,1,1,ACGGTAGGTGTCAACGCGTA,0,3969489
xdhAp1,0.5,1,1,ACGGGAATTCGGGCCACACT,0,3955933
xdhAp1,0.5,1,1,ACGGCCTCGAATATCGCCTT,0,3952259
xdhAp1,0.5,1,1,ACGGATTAGCACGGAACACA,0,3980245
xdhAp1,0.5,1,1,ACGGAGCCCCGTGCGCATCG,0,3978981
xdhAp1,0.5,1,1,ACGCTATCAACGAACTGCTA,0,3936047
xdhAp1,0.5,1,1,ACGCTAATGCTTGACGGCTC,0,3955002
xdhAp1,0.5,1,1,ACGCGATAGCCTTCGGTATG,0,3956526
xdhAp1,0.5,1,1,ACGCCGCGGTACTGGGCAGA,0,3963062
xdhAp1,0.5,1,1,ACGCATCTCTCTTCTCGAAT,0,3958296
xdhAp1,0.5,1,1,ACGCACTGTAGCTATGATGG,0,3946531
xdhAp1,0.5,1,1,ACGCACGAGGGACGTACTCT,0,3975667
xdhAp1,0.5,1,1,ACGCACCCTGCCCAGGGAGT,0,3964045
xdhAp1,0.5,1,1,ACGATGATTCGCACCCGCGC,0,3966547
xdhAp1,0.5,1,1,ACGAGTTTTTTATCTGATAA,0,3947617
xdhAp1,0.5,1,1,ACGAGTGGCGGTATAAAACG,0,3938261
xdhAp1,0.5,1,1,ACGAGTCGATGATGCTCAAA,0,3951841
xdhAp1,0.5,1,1,ACGAGCCTAGCATCGTAGCC,0,3952246
xdhAp1,0.5,1,1,ACGACCGGAGCGTTCTGCAA,0,3977447
xdhAp1,0.5,1,1,ACGAACAAGGTACGTTCTTT,0,3936277
xdhAp1,0.5,1,1,ACCTTTGGCCACAGAGCCCT,0,3933531
xdhAp1,0.5,1,1,ACCTTGGAGCCGTCTTCCGA,0,3948417
xdhAp1,0.5,1,1,ACCTTGCCGTCTGAGACGTG,0,3938095
xdhAp1,0.5,1,1,ACCTTATAAGGTGTCTGACA,0,3959511
xdhAp1,0.5,1,1,ACCTTACGCTTGGGAGAAAT,0,3962292
xdhAp1,0.5,1,1,ACCTTACATCTGCCTTACTG,0,3941912
xdhAp1,0.5,1,1,ACCTTAAATCCTGCAGATGA,0,3931365
xdhAp1,0.5,1,1,ACCTGTGGTAGTAAAGTCGC,0,3972506
xdhAp1,0.5,1,1,ACCTGGTATCGGGATTCAAC,0,3966668
xdhAp1,0.5,1,1,ACCTGATATAGTGCTTTTGG,0,3947874
xdhAp1,0.5,1,1,ACCTCTCCGGGGGGGCATTT,0,3942273
xdhAp1,0.5,1,1,ACCTCTAGTTGGACGCGCAA,0,3938740
xdhAp1,0.5,1,1,ACCTAGCGTTAACCCATCGA,0,3979939
xdhAp1,0.5,1,1,ACCGGGTATGTAACTAATTT,0,3967198
xdhAp1,0.5,1,1,ACCGGCTTCTACGTAAGCCA,0,3946017
xdhAp1,0.5,1,1,ACCGGATGGGACGCAAAGAT,0,3943727
xdhAp1,0.5,1,1,ACCGGAGCCAATCCAAATGT,0,3961904
xdhAp1,0.5,1,1,ACCGATATGGCTTCCCGTTG,0,3973938
xdhAp1,0.5,1,1,ACCGAGGCGTAACGGCCAGA,0,3976802
xdhAp1,0.5,1,1,ACCCGGTCATTACTTGACTT,0,3974688
xdhAp1,0.5,1,1,ACCCGCATGATCATAAGACC,0,3968450
xdhAp1,0.5,1,1,ACCCATATAGGGACGCCAAT,0,3948502
xdhAp1,0.5,1,1,ACCCATACTGGTAAGGGTTC,0,3970293
xdhAp1,0.5,1,1,ACCCAGTTGGAGCACACACG,0,3936351
xdhAp1,0.5,1,1,ACCATTCTGAAATTTGGAAG,0,3961205
xdhAp1,0.5,1,1,ACCATGGGTGCGAACGATAG,0,3960377
xdhAp1,0.5,1,1,ACCAATTGTCCGACGTAACG,0,3974042
xdhAp1,0.5,1,1,ACCAAGGTAAAGTAGCCCTC,0,3962690
xdhAp1,0.5,1,1,ACATTTTACCGCACATGGAT,0,3964988
xdhAp1,0.5,1,1,ACATTTACGACCTAACGGAA,0,3951693
xdhAp1,0.5,1,1,ACATTAGAGCCTAGAACGAA,0,3934002
xdhAp1,0.5,1,1,ACATGTATCGAGACGCGTTG,0,3961590
xdhAp1,0.5,1,1,ACATGCGCTGTATTTCCTGC,0,3929773
xdhAp1,0.5,1,1,ACATGCGACGCTGTATGCCC,0,3960096
xdhAp1,0.5,1,1,ACATGAGTCATGAGATCGAC,0,3948017
xdhAp1,0.5,1,1,ACATCGCGAGGCGATACAGT,0,3945024
xdhAp1,0.5,1,1,ACATCGCCACATGAAGGCGT,0,3951521
xdhAp1,0.5,1,1,ACATAACATCAAGTCCCGAT,0,3938091
xdhAp1,0.5,1,1,ACAGGCCTCATTCGAACTGG,0,3979919
xdhAp1,0.5,1,1,ACAGGATTTAGTTATCAACA,0,3967859
xdhAp1,0.5,1,1,ACAGGACCATTCCGGAATGG,0,3944678
xdhAp1,0.5,1,1,ACAGATACCGGCTGGATCTA,0,3933606
xdhAp1,0.5,1,1,ACAGACGCAGCTATGGGTTC,0,3953521
xdhAp1,0.5,1,1,ACAGAAGCAGAACCAGTAGA,0,3969413
xdhAp1,0.5,1,1,ACACTATTCCTGAGGAAGAT,0,3954573
xdhAp1,0.5,1,1,ACACGTCTAAGTACGGTACG,0,3931481
xdhAp1,0.5,1,1,ACACGGCCGGGCAGACGCAG,0,3974195
xdhAp1,0.5,1,1,ACACGGCCCCCTTCTAAGAA,0,3971228
xdhAp1,0.5,1,1,ACACGCCTCTGTGAACGAAG,0,3952622
xdhAp1,0.5,1,1,ACACCTTGAAGGCCTTTGAT,0,3962037
xdhAp1,0.5,1,1,ACACCTGTTGTTGGACCGAT,0,3931914
xdhAp1,0.5,1,1,ACACCGGCCAGACGGCCAAC,0,3932485
xdhAp1,0.5,1,1,ACACCGATTGTAGCGCCAGT,0,3948776
xdhAp1,0.5,1,1,ACAATGAGGTAACCGAACGT,0,3932355
xdhAp1,0.5,1,1,ACAAGTTTTCTCGTTCACGA,0,3957463
xdhAp1,0.5,1,1,ACAAGTCGTATGCTCTTGTC,0,3958571
xdhAp1,0.5,1,1,ACAAGCCTGGTCGTCATAGT,0,3942804
xdhAp1,0.5,1,1,ACAAGACTTCCCGTGCTAGA,0,3949955
xdhAp1,0.5,1,1,ACAACTGGACTTCCCCAAAT,0,3966793
xdhAp1,0.5,1,1,ACAAATAAAGCGACCAATTA,0,3963316
xdhAp1,0.5,1,1,ACAAAGCAGTAGCTGAGAAG,0,3936750
xdhAp1,0.5,1,1,ACAAAGACGTCGTCTCAAAA,0,3970692
xdhAp1,0.5,1,1,ACAAACCAGGTGATCACGTA,0,3931329
xdhAp1,0.5,1,1,AATTTGGTCCCATCGGGGCT,0,3949923
xdhAp1,0.5,1,1,AATTTATTGGCCCCTGATTG,0,3971061
xdhAp1,0.5,1,1,AATTTAACCATTGTGAATTG,0,3969790
xdhAp1,0.5,1,1,AATTTAAATCCGTGGTCCAG,0,3963416
xdhAp1,0.5,1,1,AATTCTAGGCGGTCGTGTGT,0,3975294
xdhAp1,0.5,1,1,AATTCATGGTCCTTCTAGGT,0,3968388
xdhAp1,0.5,1,1,AATTCATAACAATCACAACC,0,3941709
xdhAp1,0.5,1,1,AATGTACTTAACCCACTCAT,0,3946193
xdhAp1,0.5,1,1,AATGTAAGCCAGCCTACGTC,0,3979171
xdhAp1,0.5,1,1,AATGGCATACGCCTTATGTG,0,3980926
xdhAp1,0.5,1,1,AATGCTGAATCGCTTCGGAA,0,3938548
xdhAp1,0.5,1,1,AATGCGCCTCCCACAACGAA,0,3974480
xdhAp1,0.5,1,1,AATCTGTATACGCAAAGAAC,0,3929409
xdhAp1,0.5,1,1,AATCGTGTCTGATAACGTTC,0,3941655
xdhAp1,0.5,1,1,AATCGCGACACCAAGATTAT,0,3969616
xdhAp1,0.5,1,1,AATCCTTTGGGATGAAGAAC,0,3975979
xdhAp1,0.5,1,1,AATCAATGGATCAGTCGGTC,0,3930643
xdhAp1,0.5,1,1,AATCAAGCCTACACAAGATA,0,3929958
xdhAp1,0.5,1,1,AATCAAACTAATATAAATGG,0,3933126
xdhAp1,0.5,1,1,AATATGTGCTGTTTAGAGAA,0,3966875
xdhAp1,0.5,1,1,AATATGCTTCTCGAGATTTA,0,3953295
xdhAp1,0.5,1,1,AATATCGACGGCACATGCAT,0,3967345
xdhAp1,0.5,1,1,AATATAGTCTTAGGGATAGG,0,3956813
xdhAp1,0.5,1,1,AATATAATTGTTACTCGGCA,0,3961311
xdhAp1,0.5,1,1,AATAGGTGTCATAGTCCGAC,0,3944208
xdhAp1,0.5,1,1,AATAGGTAACGATCATAGGA,0,3961666
xdhAp1,0.5,1,1,AATAGAGTATACAGCTTTCT,0,3929967
xdhAp1,0.5,1,1,AATAATCGTGCCATTATATT,0,3958274
xdhAp1,0.5,1,1,AATAAGGCGCTAAGGCAATG,0,3952124
xdhAp1,0.5,1,1,AATAAATTTAGTTACTCGAA,0,3956216
xdhAp1,0.5,1,1,AAGTTGGCATCTGTTGGCGT,0,3969707
xdhAp1,0.5,1,1,AAGTTAAACCCGAGGCGGCA,0,3934690
xdhAp1,0.5,1,1,AAGTGACAATCGGGTTCTCT,0,3948243
xdhAp1,0.5,1,1,AAGTAAATCGATGAGCGTCA,0,3929242
xdhAp1,0.5,1,1,AAGGGTTTTAGATACTTGCC,0,3977491
xdhAp1,0.5,1,1,AAGGGCGTGCGATAGTCTGC,0,3951580
xdhAp1,0.5,1,1,AAGGGACAACAGGACGCGGA,0,3961452
xdhAp1,0.5,1,1,AAGCTGGCATATTGGAATAA,0,3975265
xdhAp1,0.5,1,1,AAGCTGGAACAATTCCTCTC,0,3954850
xdhAp1,0.5,1,1,AAGCTACTAGGAGGTACCCC,0,3935227
xdhAp1,0.5,1,1,AAGCGGGCAATGTGGCGCGG,0,3957165
xdhAp1,0.5,1,1,AAGCGGATCGAGTGTCCTGT,0,3943765
xdhAp1,0.5,1,1,AAGCGGACGTCGTCATTTAA,0,3957084
xdhAp1,0.5,1,1,AAGCGAGCATAAGGTGAGCT,0,3954540
xdhAp1,0.5,1,1,AAGCCGTCCATACCTTACTT,0,3933449
xdhAp1,0.5,1,1,AAGCCGTATATCGTCCAAGC,0,3945175
xdhAp1,0.5,1,1,AAGCCGGCTTTCGATATGTT,0,3962470
xdhAp1,0.5,1,1,AAGCACTCCTAGGGCATGAG,0,3947323
xdhAp1,0.5,1,1,AAGATGTTAATCCTAAACGG,0,3972051
xdhAp1,0.5,1,1,AAGATGCCTGGACATATTAT,0,3939932
xdhAp1,0.5,1,1,AAGAGTTCCCAGTTGCCGGC,0,3938142
xdhAp1,0.5,1,1,AAGAGGGACATGATCACTTT,0,3933338
xdhAp1,0.5,1,1,AAGAAGTCTGTCCCTCGAAC,0,3929563
xdhAp1,0.5,1,1,AAGAAAAGCTAACCTAAAGG,0,3955140
xdhAp1,0.5,1,1,AACTTTGACTTATGGTCATA,0,3964034
xdhAp1,0.5,1,1,AACTGGGTGTCCTACTGTTA,0,3971240
xdhAp1,0.5,1,1,AACTACCAGCCCTGTTGGAT,0,3942417
xdhAp1,0.5,1,1,AACGTGGTGTATGACGCATC,0,3960187
xdhAp1,0.5,1,1,AACGTCGGATATGGCATCTC,0,3936659
xdhAp1,0.5,1,1,AACGCGGATAGGCTCGTGAC,0,3980940
xdhAp1,0.5,1,1,AACGCCTTCATACGCGCTAA,0,3963717
xdhAp1,0.5,1,1,AACGACGTGCACTTGTGACA,0,3968150
xdhAp1,0.5,1,1,AACGACACGCGAATCTGGGT,0,3974331
xdhAp1,0.5,1,1,AACCCAACCCCTCCATGACA,0,3973403
xdhAp1,0.5,1,1,AACCATATTGACCCAAGCGC,0,3953799
xdhAp1,0.5,1,1,AACCAACTGATCGGGCGTGT,0,3972157
xdhAp1,0.5,1,1,AACATTACTATAGTTACGGG,0,3968826
xdhAp1,0.5,1,1,AACATAACTTGTCTATACGG,0,3953974
xdhAp1,0.5,1,1,AACACCGGGCTCCCGAGGGA,0,3954142
xdhAp1,0.5,1,1,AACACACGTAAGTATCTGCC,0,3948217
xdhAp1,0.5,1,1,AACAAGACGCGAGAGAAGTG,0,3961941
xdhAp1,0.5,1,1,AAATTGGGCGTGCAAAGTAA,0,3954970
xdhAp1,0.5,1,1,AAATTGGAATACCACCATTG,0,3975386
xdhAp1,0.5,1,1,AAATTAATGGAATCCTATAC,0,3977232
xdhAp1,0.5,1,1,AAATCCGGGCATAAAGCTGC,0,3959871
xdhAp1,0.5,1,1,AAATATTCGGTAGGGATGAC,0,3956344
xdhAp1,0.5,1,1,AAAGGTTACACACGGTTGTA,0,3964060
xdhAp1,0.5,1,1,AAAGGTCATCGGCATGAGTA,0,3946968
xdhAp1,0.5,1,1,AAAGGCGACACGCGTGTGTC,0,3941445
xdhAp1,0.5,1,1,AAAGGAATTAACTGGGCAGG,0,3951497
xdhAp1,0.5,1,1,AAAGCCACAGGAATAGATGT,0,3954778
xdhAp1,0.5,1,1,AAAGATCCCGTTGGCCACTA,0,3968535
xdhAp1,0.5,1,1,AAAGAGGGTCACAAAATGGG,0,3936249
xdhAp1,0.5,1,1,AAAGAGCTAGCCTTGCTGGA,0,3959584
xdhAp1,0.5,1,1,AAACTAATGGACGCGCATGG,0,3964289
xdhAp1,0.5,1,1,AAACGAACATGGTACTTGTA,0,3961872
xdhAp1,0.5,1,1,AAACCGCCGGAACGTGCTAT,0,3950297
xdhAp1,0.5,1,1,AAACATGAGTCTGGGGGGGG,0,3957833
xdhAp1,0.5,1,1,AAAATCTGCATATCTCTGCC,0,3934352
xdhAp1,0.5,1,1,AAAATAGAGGACACGTACAA,0,3929562
xdhAp1,0.5,1,1,AAAAGGGTCCCCAAGAAACG,0,3972065
xdhAp1,0.5,1,1,AAAAGCTTGCCACGATATAG,0,3968909
xdhAp1,0.5,1,1,AAAACTCTTGTATTTTACTT,0,3980988
xdhAp1,0.5,1,1,AAAACCTTGCGTCGAAGTGT,0,3959153
xdhAp1,0.5,1,1,AAAAAAAAGCTTATCGTGGG,0,3952130
xdhAp1,85.0,84,0,ATCGAGGTAATACATCAACT,84,3955879
xdhAp1,61.0,60,0,CCTCAGCACGTGCTCTGAAC,60,3966045
xdhAp1,61.0,60,0,AACGCAGTAACTTCAGACGG,60,3955731
xdhAp1,52.0,51,0,CTCCCTTGGTGATCTTGTTT,51,3953714
xdhAp1,51.0,50,0,TAGACTGCTTTGTGTGCGGT,50,3962823
xdhAp1,51.0,50,0,AGATATTCATTGACCTCCCG,50,3936322
xdhAp1,50.0,49,0,CCTAATTACGCGCCTCCTAT,49,3970284
xdhAp1,49.0,48,0,TTGCACCGATATCTCCGAGA,48,3935268
xdhAp1,48.0,47,0,TTACGTTTACCAGAGTTCAG,47,3962826
xdhAp1,48.0,47,0,CAGTTAATTTCATAGCAGTA,47,3938699
xdhAp1,46.0,45,0,GATCATTTTGGCCTTCTAAG,45,3980401
xdhAp1,43.0,42,0,CCTTTTCGCCTAAGCCCTGT,42,3977347
xdhAp1,43.0,42,0,ATTCGTGGAGCCGGCGCGTA,42,3969544
xdhAp1,41.0,40,0,ATGCGTCAACATACTCCTAT,40,3936100
xdhAp1,40.0,39,0,CACGCTGCGCGATACTGCAT,39,3958478
xdhAp1,39.0,38,0,GGGCGCAATACGATATAGAC,38,3939874
xdhAp1,39.0,38,0,CCTTACTTTATCAAGCAGTA,38,3941959
xdhAp1,38.0,37,0,GTTCTTCCCGGACGCCAAGG,37,3980329
xdhAp1,38.0,37,0,CCCAACGAAACTTTGACTGA,37,3953578
xdhAp1,37.0,36,0,AGAAGAGTGGAGCGCAATCA,36,3955770
xdhAp1,36.0,35,0,GCCATCATCCGGGGGCGGTC,35,3954211
xdhAp1,35.0,34,0,TTCGCTATAGGGTTTAGCCG,34,3962824
xdhAp1,35.0,34,0,GAGGCGTTAGCGCGCCAGTC,34,3939205
xdhAp1,35.0,34,0,CGTTTTCCCTTGCAATTTTT,34,3940276
xdhAp1,35.0,34,0,AAAGACGGTCTTAAACAAGA,34,3952531
xdhAp1,34.0,33,0,GTTATTATGAACTACAAAGT,33,3936838
xdhAp1,33.0,32,0,GGTTAGAGCACGCCGGGCCA,32,3968091
xdhAp1,32.0,31,0,TGGGTACCTCGAAGCAGGAT,31,3981387
xdhAp1,32.0,31,0,TCTACTTGCATTCTATACTG,31,3947625
xdhAp1,32.0,31,0,TCAAACACGACACCGTGAAG,31,3966889
xdhAp1,32.0,31,0,ACATACTTCCGGGCAGCGCG,31,3949698
xdhAp1,32.0,31,0,AACAGAAATGGGGTTGCCCG,31,3942344
xdhAp1,31.0,30,0,TTCCGCTTTCTAAGGGAGAT,30,3952820
xdhAp1,31.0,30,0,GTTCCAAAGACCTATCCGAC,30,3960708
xdhAp1,31.0,30,0,GGTAGGTACCTTCGACGATT,30,3935997
xdhAp1,31.0,30,0,GGGCGGGTTGCTGTTGTTAG,30,3963513
xdhAp1,31.0,30,0,GCAACGCAGTAAGTTCATCA,30,3946869
xdhAp1,31.0,30,0,CTTATCGACTCCTATTAGTA,30,3965765
xdhAp1,31.0,30,0,ATCTACGGTCCTTGTAAAAC,30,3934789
xdhAp1,30.0,29,0,TTAATGCATAATCCTCTCCA,29,3975602
xdhAp1,30.0,29,0,GAACATATCACAAATGGTCG,29,3972053
xdhAp1,30.0,29,0,AGACGCTGGTCAACTTCTGT,29,3980364
xdhAp1,30.0,29,0,ACCGGCCGCCCCATAGTCGG,29,3935378
xdhAp1,29.0,28,0,TTCACAAGACCCTTCTCATG,28,3961917
xdhAp1,29.0,28,0,TGCGGGGCGGGAAAGCCAGA,28,3953645
xdhAp1,29.0,28,0,TGAATAGGGGAGAGCCGGAG,28,3957360
xdhAp1,29.0,28,0,TATGGTAGGGCTGGTCAGAA,28,3946799
xdhAp1,29.0,28,0,TATGGCCCGTATCTTTAACT,28,3953886
xdhAp1,29.0,28,0,GTTTTCGATGGCGCAAATCG,28,3977514
xdhAp1,29.0,28,0,CCAGAGTGGCAGGAGCGCAA,28,3951368
xdhAp1,29.0,28,0,ATTTAGCTCGCTGTATGACA,28,3949166
xdhAp1,29.0,28,0,AGCCTTATCCCGTGCCCCGA,28,3973341
xdhAp1,29.0,28,0,AATCCCTCAGGTAAGAATAC,28,3946948
xdhAp1,28.0,27,0,GAAGCTTTCGACTCTTCTCA,27,3980341
xdhAp1,27.0,26,0,GTATCACCGCCACCTAGAAC,26,3934438
xdhAp1,27.0,26,0,GATCCAGTAGCGTCTTTGTA,26,3981147
xdhAp1,27.0,26,0,CGCGTGATGGGAGATGGCAA,26,3973384
xdhAp1,27.0,26,0,CCTACGGGTCAGTATGTAAC,26,3936056
xdhAp1,26.0,25,0,GGAATAGAATGCGAGGCTTT,25,3943707
xdhAp1,26.0,25,0,GCTTCCAGGGCATATAGAGA,25,3957283
xdhAp1,26.0,25,0,CAACCATGGGGCACGAGGTC,25,3936991
xdhAp1,26.0,25,0,AAATCAGCGTCACAGCGGAA,25,3938186
xdhAp1,25.0,24,0,TCCGCCTTTAGTTGTGAGGG,24,3941805
xdhAp1,25.0,24,0,TCAAGCGTGGGTAGTTTGGT,24,3977641
xdhAp1,25.0,24,0,GACAGCTATTTCCGCTGTTC,24,3981336
xdhAp1,25.0,24,0,CTTGACTCATATTATATCTA,24,3977308
xdhAp1,25.0,24,0,CTATCAACGCTACTTCGGAT,24,3931544
xdhAp1,25.0,24,0,CCCTCATTAGGTGCTAAACC,24,3939514
xdhAp1,25.0,24,0,ATCGCCCACCCCTCTTTGAG,24,3976040
xdhAp1,25.0,24,0,ACCTGGTCTGCGGTCTATGA,24,3979689
xdhAp1,24.0,23,0,TATCCACGAGGGTGACAGAT,23,3929275
xdhAp1,24.0,23,0,GCTTCGAATCAGGTTTGCCA,23,3956732
xdhAp1,24.0,23,0,CGTTATAGTCGAGGATTAGG,23,3972923
xdhAp1,24.0,23,0,CAGCCACTCATCCCGTTAGT,23,3961716
xdhAp1,24.0,23,0,ATACCGTTTTGTTTAGATTA,23,3958650
xdhAp1,24.0,23,0,AGGTCATCCGTGCTTGGCAG,23,3942964
xdhAp1,24.0,23,0,ACGCCCGTGCGCGAGAGAAA,23,3980920
xdhAp1,23.0,22,0,TAAGATAGTAACAGTTGACA,22,3976870
xdhAp1,23.0,22,0,GGGCGGCAGGTAGTTATAGA,22,3947133
xdhAp1,23.0,22,0,GGACTAGAGGTTATACACTG,22,3944445
xdhAp1,23.0,22,0,GCTTCTATCATTAAATTTGA,22,3961506
xdhAp1,23.0,22,0,CTGGGGTTACCGTCCTTTGC,22,3952557
xdhAp1,23.0,22,0,CTATTCTCACGTGCTGGTCT,22,3933597
xdhAp1,23.0,22,0,CTACTTGCTCAGAGAGTGTA,22,3973267
xdhAp1,23.0,22,0,CGGCGCACATTCACACGTTA,22,3966131
xdhAp1,23.0,22,0,CAACACACCCCTATTTGGAG,22,3930325
xdhAp1,23.0,22,0,ATTGGCTGGTGCATGAGGTC,22,3937931
xdhAp1,23.0,22,0,ATGCTTTGTCCTTAGATTGG,22,3968955
xdhAp1,23.0,22,0,AGTACCTTGTATCAATGATC,22,3975011
xdhAp1,23.0,22,0,AACTGGTTTTACAACTTCGT,22,3936608
xdhAp1,22.0,21,0,TCGTTGGGAATAAAGACCTT,21,3949582
xdhAp1,22.0,21,0,TCCGGCAGCTCGGCCGCACA,21,3930938
xdhAp1,22.0,21,0,TATTCGCTACTATACTATTG,21,3962055
xdhAp1,22.0,21,0,TATCCATTAGTGCGAACACG,21,3958519
xdhAp1,22.0,21,0,GTCTACCTGGATAAGAAGAA,21,3959769
xdhAp1,22.0,21,0,GGTGGATCATTAACTCCCGT,21,3969541
xdhAp1,22.0,21,0,CTGCTGGACCATGGGGGTTG,21,3938949
xdhAp1,22.0,21,0,CTGAATTTTTCTCCAAACCC,21,3933738
xdhAp1,22.0,21,0,ATGGCAGCCGTGGGCAATAC,21,3961607
xdhAp1,22.0,21,0,AATGTGGATCATGAAACCTC,21,3930223
xdhAp1,21.0,20,0,GCTCTAAGCGTACCGGCTGA,20,3940077
xdhAp1,21.0,20,0,GCGTAGGTGCAACCTCATTC,20,3934299
xdhAp1,21.0,20,0,GAGGCTCAGACGGTTAGGTG,20,3940504
xdhAp1,21.0,20,0,GAACGGAGCCAACTAACTTT,20,3941649
xdhAp1,21.0,20,0,AGTGTATACAACCCCTGGCA,20,3931660
xdhAp1,21.0,20,0,AGCAGGTTAACCCCTTGATT,20,3944177
xdhAp1,21.0,20,0,AACGCCTTACGAGCTATCGA,20,3948215
xdhAp1,20.0,19,0,TAGGTACAACCGTTTACGTG,19,3942334
xdhAp1,20.0,19,0,GGAGTCTACCACGCGTAAAC,19,3949624
xdhAp1,20.0,19,0,GAGATCTAGGCTCACAATTT,19,3973103
xdhAp1,20.0,19,0,CTCAGCTTTCCGTCCCCAAA,19,3930963
xdhAp1,20.0,19,0,CAATCCTTAGGATCTCGCTC,19,3940141
xdhAp1,20.0,19,0,ATGTGACATATAACAAAGTT,19,3961421
xdhAp1,20.0,19,0,ATATCCGAGAGAGGATTAAT,19,3935363
xdhAp1,20.0,19,0,AGAAGTTGGGTAAGCCGTCT,19,3974774
xdhAp1,20.0,19,0,ACACGCGGGTTGGTGATATC,19,3947808
xdhAp1,19.0,18,0,TGTTGTTGTGTCCTTTCTGC,18,3946977
xdhAp1,19.0,18,0,TGTCCTTTGTCACTCTCCAT,18,3964354
xdhAp1,19.0,18,0,TAGGCCTGTGAGGCAATGTT,18,3972423
xdhAp1,19.0,18,0,GTCGAGGAATTCGAGAGCGC,18,3957115
xdhAp1,19.0,18,0,GGTGAATGGATTCAAGCCAT,18,3967603
xdhAp1,19.0,18,0,GGCCGTCATTACAGCGGATA,18,3941949
xdhAp1,19.0,18,0,CGTGTTATCCCCGGTTGGTT,18,3970205
xdhAp1,19.0,18,0,CGGACTACAGATATGCAATT,18,3933003
xdhAp1,19.0,18,0,CCTCAACATGGTGGCCCTGT,18,3951489
xdhAp1,19.0,18,0,CAGAACCTCGGAGCGAGAGA,18,3977704
xdhAp1,19.0,18,0,ACTTACAGGGTGGGGGCGTG,18,3979285
xdhAp1,19.0,18,0,ACGAGTAAAAGCAGGAGCTG,18,3956670
xdhAp1,19.0,18,0,AATGAGGCACCGCACGTCTT,18,3947997
xdhAp1,18.0,17,0,TCATAGTCCTTGAGTCAGAT,17,3956460
xdhAp1,18.0,17,0,GGCCGGCGAGAGGGATTTCG,17,3931619
xdhAp1,18.0,17,0,CTCCGTGTGTTCCCAACTCT,17,3959256
xdhAp1,18.0,17,0,CCGGTCGTTGACAACGTTTA,17,3942090
xdhAp1,18.0,17,0,CAGTTTTGTATGTCGTTCTT,17,3976086
xdhAp1,18.0,17,0,ATGGCGGACGGATGGGTACT,17,3949132
xdhAp1,17.0,16,0,TTCTGACATTAGACGGTTTA,16,3969455
xdhAp1,17.0,16,0,TATCCCCTTTCCGTCCCGAG,16,3939530
xdhAp1,17.0,16,0,AGCCATATCGGCAGGGCGGA,16,3939977
xdhAp1,17.0,16,0,ACCAAGGATAGCATTGTAAT,16,3973731
xdhAp1,16.0,15,0,TGGAATCTAGCTTAGGAAAG,15,3968839
xdhAp1,16.0,15,0,TGACACGATAAACAAAGCCT,15,3938815
xdhAp1,16.0,15,0,TCCTAAATCGAAAACCTCCT,15,3965079
xdhAp1,16.0,15,0,GTACTACCGGATATTGGCGC,15,3972568
xdhAp1,16.0,15,0,GGGTTATGGCTTTCGCGGGA,15,3928987
xdhAp1,16.0,15,0,CATCTTGGTTCTGCACCAGC,15,3937263
xdhAp1,16.0,15,0,AGCCCAGGTTGACACCACCC,15,3967822
xdhAp1,16.0,15,0,ACTGCGGTACAGCAAGTCTC,15,3953346
xdhAp1,15.0,14,0,TTTGATGTCTTAACCTCCGG,14,3929744
xdhAp1,15.0,14,0,GTGTTCTTACGACAATAAGA,14,3965955
xdhAp1,15.0,14,0,CATGTGTGAAACCGTTTATA,14,3968058
xdhAp1,15.0,14,0,ATTTCGTGGAAACGTACTTC,14,3946816
xdhAp1,14.0,13,0,TTATTAGACGTGCAGGTATC,13,3937261
xdhAp1,14.0,13,0,TCTAGGGGACACTTGCCCGC,13,3940453
xdhAp1,14.0,13,0,TAGAGGGCTTATCTCATACG,13,3957462
xdhAp1,14.0,13,0,GGCTTCTGGTTCCTCCACGC,13,3975077
xdhAp1,14.0,13,0,GGAGTGTCAACTAGCGGCTC,13,3980398
xdhAp1,14.0,13,0,GACTGTTTCCTCAGTCGGTG,13,3931563
xdhAp1,14.0,13,0,GACCCCGGAGTCGTTATATA,13,3947720
xdhAp1,14.0,13,0,AAGTTCCACGCATAAGGCTA,13,3978783
xdhAp1,13.0,12,0,GCTGTGCGCAGGGGACAGTA,12,3958981
xdhAp1,13.0,12,0,CTAGCATTTGGTGTCATCCT,12,3936427
xdhAp1,13.0,12,0,CATGCTACAGCAGAGGGATA,12,3975170
xdhAp1,12.0,11,0,GTAGCCCGGGCCGCACGGGA,11,3934529
xdhAp1,12.0,11,0,GAGGGGAGACCGTGATAAAA,11,3950886
xdhAp1,12.0,11,0,AACATTCGTGCCAGAACCAT,11,3955736
xdhAp1,11.0,10,0,TTAGGCATTAGTCAAACGAA,10,3950866
xdhAp1,11.0,10,0,CACATACATCAAATCCATAC,10,3929280
xdhAp1,10.0,9,0,CGCAAGTGCGGGTAGTCGCA,9,3969397
xdhAp1,10.0,9,0,ATTGACACGTTAGTATCTCA,9,3960719
xdhAp1,10.0,9,0,ATTATCCACTTTGCAGTCCA,9,3959411
xdhAp1,10.0,9,0,AAATCTCCGTTCAACCATAA,9,3930197
xdhAp1,9.0,8,0,TTTTTAAAGTTTACTGGAAT,8,3969092
xdhAp1,9.0,8,0,TAGATTAGCTCATCCCTCCA,8,3959038
xdhAp1,9.0,8,0,CATCGCATCGGGACGCGCCT,8,3930900
xdhAp1,8.0,7,0,TCAACAGTCAGTTGGGCTAA,7,3953426
xdhAp1,8.0,7,0,GGTATCTGTTACCGTAAGGT,7,3969983
xdhAp1,8.0,7,0,CGGAACCAGTATGTATAATA,7,3968409
xdhAp1,8.0,7,0,CCGTTGACCCCCGTTGCTAT,7,3945347
xdhAp1,8.0,7,0,CACCTACCCCAGAGGCTCCG,7,3949409
xdhAp1,8.0,7,0,ACCACACTCCTTAAAAAAGA,7,3937306
xdhAp1,8.0,7,0,AAACCGGACTTACTTCACCT,7,3944923
xdhAp1,7.0,6,0,TAGAAGGCCCCCGGACTAAA,6,3951906
xdhAp1,7.0,6,0,GTGAACTATCAAAATAGATG,6,3973412
xdhAp1,7.0,6,0,AATATCTATACAGATGTCCA,6,3965269
xdhAp1,6.0,5,0,TCTCGACGGGGTACAATACA,5,3957471
xdhAp1,6.0,5,0,TAAACCGGGGCGAATGGGTT,5,3939249
xdhAp1,6.0,5,0,GGGCACTTCTGTGCTCACCT,5,3969843
xdhAp1,6.0,5,0,GCCCCGTCACGTTTCAACTG,5,3974009
xdhAp1,6.0,5,0,CTTGTCAGTTTTTGTTATTA,5,3945902
xdhAp1,5.0,4,0,TGCGGATCGGACCAAAGGAG,4,3949397
xdhAp1,5.0,4,0,GGGGCGATGATCTTTCGGTT,4,3947551
xdhAp1,5.0,4,0,GAGTCCCCAGAACAATCCTC,4,3945371
xdhAp1,4.0,3,0,TAATATTCGCACCTCCTTCT,3,3930064
xdhAp1,4.0,3,0,CGGTGCTTTGACGGGGTCCT,3,3964926
xdhAp1,4.0,3,0,CCGGGACAGTCGTTTGTTGG,3,3970412
xdhAp1,4.0,3,0,ATAACTCTGCAGGGCTAACA,3,3939310
xdhAp1,3.0,2,0,TACAATACATTGGATGCATA,2,3958232
xdhAp1,2.0,1,0,TTCGATGGCGTTTGACTAGA,1,3954779
xdhAp1,2.0,1,0,TCTTTTGATCATATGTGTAA,1,3970024
xdhAp1,2.0,1,0,TCTACAGTGAGTGTCCCATG,1,3969943
xdhAp1,2.0,1,0,TCGTTGACCTAAGCTTTTTG,1,3946385
xdhAp1,2.0,1,0,TCGGCCAACATTATGTGCCC,1,3962461
xdhAp1,2.0,1,0,TCCCCATCGCTACAACGATG,1,3960501
xdhAp1,2.0,1,0,TCAGTACTCAGGGCCTCGCT,1,3981034
xdhAp1,2.0,1,0,TCACGCACTCCAGACGGAAA,1,3936672
xdhAp1,2.0,1,0,TCAACTAAGAAGTGACCGAA,1,3962571
xdhAp1,2.0,1,0,TAGGGAACTGCTTAGAGCCA,1,3932729
xdhAp1,2.0,1,0,TACAACAGAGCAAGAAGGAC,1,3971681
xdhAp1,2.0,1,0,GTTCTGGGTACTGCGCTCAT,1,3929692
xdhAp1,2.0,1,0,GTGAACATACTGGATGTCAC,1,3929905
xdhAp1,2.0,1,0,GTCTCAACTATTCAACATGT,1,3952648
xdhAp1,2.0,1,0,GTCCACCGCTAATGCCAAAC,1,3936613
xdhAp1,2.0,1,0,GTCACCCTTTTCAAGTGTTC,1,3937579
xdhAp1,2.0,1,0,GTAAAGGAGTTACATGAACG,1,3946701
xdhAp1,2.0,1,0,GGGCGCAAACCGGAAGAAGA,1,3978786
xdhAp1,2.0,1,0,GCTCCCTCAGCTTCAGATTT,1,3937078
xdhAp1,2.0,1,0,GCCGGGACCCCAGATCTACA,1,3970429
xdhAp1,2.0,1,0,GCATGGGAGGCGTAATCTGA,1,3935681
xdhAp1,2.0,1,0,GATTCTAGGATAGCAACCTC,1,3937484
xdhAp1,2.0,1,0,CTCTTGAGTCTTCTTACCGT,1,3960525
xdhAp1,2.0,1,0,CGTACCCAAACGGACTAATG,1,3956441
xdhAp1,2.0,1,0,CGGCACTCGGAGGACAAAAA,1,3974775
xdhAp1,2.0,1,0,CGGATCCTTCCAGGCTAAAA,1,3951292
xdhAp1,2.0,1,0,CGCCTAAGTTATACGCCCCT,1,3960722
xdhAp1,2.0,1,0,CGAGGTTAATAGGCATTCTG,1,3962160
xdhAp1,2.0,1,0,CCTAAGACTTAGTATCCCCC,1,3936695
xdhAp1,2.0,1,0,CATCGGCCAACCCATCATAC,1,3953853
xdhAp1,2.0,1,0,CAGCGGACCGTTGGGCGGGA,1,3945487
xdhAp1,2.0,1,0,CAAATGTAATGCAAACGATC,1,3967309
xdhAp1,2.0,1,0,ATTTATGACCTTGTATGCAT,1,3944512
xdhAp1,2.0,1,0,ATGGGGGTACATTGCTTGAC,1,3976912
xdhAp1,2.0,1,0,ATGCGCTCGGAGCAGCCATC,1,3939052
xdhAp1,2.0,1,0,AGCTTGCCTGTGCATCGCTC,1,3944291
xdhAp1,2.0,1,0,AGAGGCCAACGACTCCGGTA,1,3975731
xdhAp1,2.0,1,0,ACCAGGACACCCGACCAGCT,1,3978538
xdhAp1,2.0,1,0,AATCGGCCACTTGGAAATTT,1,3959913
xdhAp1,2.0,1,0,AAAGGGCGGTAAGGAGCAGA,1,3961730
