name,relative_counts,ct,ct_0,barcode,ct_1,barcode_ind
ybiY_ybiW_predicted,0.30927835051546393,252,193,TAGGGCGCATATACGCGTTC,59,4712152
ybiY_ybiW_predicted,0.7593582887700535,327,186,AGGAGCGGATTGGGTCTAGA,141,4703042
ybiY_ybiW_predicted,0.7956204379562044,244,136,AGGTACCCGGGGGATGACAA,108,4729573
ybiY_ybiW_predicted,0.9279279279279279,212,110,CGCAGTGTGATCTCAAGTGT,102,4701904
ybiY_ybiW_predicted,0.1834862385321101,127,108,TCATTTACGGAGTCCGAGAA,19,4689811
ybiY_ybiW_predicted,0.5247524752475248,152,100,ACACGAGCGCCGATAGCCAA,52,4705641
ybiY_ybiW_predicted,0.4375,136,95,TAATGGTAGCGGACGTTCTA,41,4693160
ybiY_ybiW_predicted,0.6145833333333334,153,95,GACTCACTTGGTACTTTAGC,58,4691300
ybiY_ybiW_predicted,0.7840909090909091,155,87,TATACTTCCGAAAAGCCGGT,68,4714664
ybiY_ybiW_predicted,0.5529411764705883,130,84,TCTCAGTCCCCATTTACTTA,46,4689764
ybiY_ybiW_predicted,0.48148148148148145,118,80,TGGCGGCAGCCTTCAAATTC,38,4690710
ybiY_ybiW_predicted,1.0123456790123457,161,80,CGATTTCCAGAAGGGAGACT,81,4688579
ybiY_ybiW_predicted,0.3670886075949367,106,78,GTAATCGCGGCACGGCCAGC,28,4713105
ybiY_ybiW_predicted,0.4936708860759494,116,78,GGGTAACTCCTGTTCGCATA,38,4688604
ybiY_ybiW_predicted,0.7848101265822784,139,78,ACAGTTTCTCGTAAGGCGAG,61,4708264
ybiY_ybiW_predicted,0.35064935064935066,102,76,CCGCCCAAGAATACTGCCGC,26,4690386
ybiY_ybiW_predicted,1.3150684931506849,167,72,TCGGGATACCGTTGGTACAC,95,4694705
ybiY_ybiW_predicted,0.3424657534246575,96,72,GTGGCCTTCGCCCAATAATA,24,4688651
ybiY_ybiW_predicted,0.3013698630136986,93,72,ACAGAACCCGTGTAGAATGG,21,4694726
ybiY_ybiW_predicted,0.4246575342465753,102,72,AAAGCAAATATCTGTACGAT,30,4698079
ybiY_ybiW_predicted,0.6619718309859155,116,70,CCTCCGTACGACCGAAAGTA,46,4726463
ybiY_ybiW_predicted,1.0,138,69,TTCTCTTTGTGCACAAACCA,69,4692524
ybiY_ybiW_predicted,0.3188405797101449,89,68,GGTGTAAATTCTTCTGGAAG,21,4695515
ybiY_ybiW_predicted,0.6470588235294118,110,67,GCTGTGGAACCGGTTACAGT,43,4719204
ybiY_ybiW_predicted,1.6417910447761195,175,66,TTTTGAACCATCGACACCTT,109,4688707
ybiY_ybiW_predicted,0.5151515151515151,98,65,TCCAACGAAAGCTTAGTCTG,33,4717389
ybiY_ybiW_predicted,0.8461538461538461,118,64,GTCCTAGCCGGCGGGGGAAA,54,4710326
ybiY_ybiW_predicted,0.6615384615384615,106,64,GAGATTCGTGAAGTAGCGCC,42,4700054
ybiY_ybiW_predicted,0.5230769230769231,97,64,ACTTCCCCGCCTGCATAGCA,33,4717812
ybiY_ybiW_predicted,0.5,94,63,TGGTATTTTACATGTGGTTA,31,4691601
ybiY_ybiW_predicted,0.078125,67,63,GTCGGAAGGTAGAGTTGCGT,4,4707567
ybiY_ybiW_predicted,0.3968253968253968,86,62,GCTGGCACCCAATCACACAA,24,4699151
ybiY_ybiW_predicted,0.5238095238095238,94,62,CTGCGCTTATCGCAACACAT,32,4688581
ybiY_ybiW_predicted,0.6507936507936508,102,62,CGTACTTGCCACGAGCACTG,40,4703831
ybiY_ybiW_predicted,0.22580645161290322,74,61,GATCCCGCATGCACTGCCCA,13,4692801
ybiY_ybiW_predicted,1.1639344262295082,130,60,TCACAAAAGTATCAGTTCAT,70,4691661
ybiY_ybiW_predicted,0.23728813559322035,71,58,TCGGTACATACTGCTATGAA,13,4712403
ybiY_ybiW_predicted,0.03389830508474576,59,58,CGGCCCAGATCTGATGCGGT,1,4691163
ybiY_ybiW_predicted,0.3389830508474576,77,58,CGACACTTGGCCGCTTACCA,19,4723582
ybiY_ybiW_predicted,0.3898305084745763,80,58,ACAAGATTCCGGTTCCGCAT,22,4694891
ybiY_ybiW_predicted,0.034482758620689655,58,57,TGGTCCGCCGGCGTCTAGGC,1,4692038
ybiY_ybiW_predicted,0.5517241379310345,88,57,TCAAAAGCTGTCTGTTGTCT,31,4689547
ybiY_ybiW_predicted,0.3103448275862069,74,57,GCGAAAATATGGCAAATAGT,17,4715754
ybiY_ybiW_predicted,0.46551724137931033,83,57,CCAATTAGGCCTGTATGCAG,26,4717414
ybiY_ybiW_predicted,0.4482758620689655,82,57,AGCAGAACGGGACGTGTTAT,25,4716675
ybiY_ybiW_predicted,0.7719298245614035,99,56,GTGCGGAGTAGGTAGTATGG,43,4731723
ybiY_ybiW_predicted,0.8771929824561403,105,56,ATGCCCATGCGTGGCCTTCT,49,4695898
ybiY_ybiW_predicted,0.8596491228070176,104,56,ATCACTCCGGACCACGCGCG,48,4696060
ybiY_ybiW_predicted,1.0357142857142858,112,55,TGCGCATTGAGAAGGTATGT,57,4693427
ybiY_ybiW_predicted,0.14285714285714285,62,55,CGCAACCAGAATGACGGGAT,7,4698867
ybiY_ybiW_predicted,0.4107142857142857,77,55,CACCCCTTTCAAGACTCGTT,22,4706405
ybiY_ybiW_predicted,0.5636363636363636,84,54,TCCTTCGATCAGGGGGTCTA,30,4726714
ybiY_ybiW_predicted,0.6,86,54,TATAAGAAGTAAGCATCAAG,32,4689671
ybiY_ybiW_predicted,0.9272727272727272,104,54,GGCGTGTTACAAGTCAATTC,50,4689378
ybiY_ybiW_predicted,0.6,86,54,CGCACATGTAGAGACCAAGG,32,4708483
ybiY_ybiW_predicted,0.45454545454545453,78,54,CCAAATACGTCTCCATGGTA,24,4693380
ybiY_ybiW_predicted,0.41818181818181815,76,54,ATGATAAGACTGCGGCGGTT,22,4721030
ybiY_ybiW_predicted,0.45454545454545453,78,54,ACGTTATCTAGCTCCGGATG,24,4730378
ybiY_ybiW_predicted,0.34545454545454546,72,54,ACACTGATGAGTGCGGATCA,18,4698102
ybiY_ybiW_predicted,0.8727272727272727,101,54,ACAACCCAAGAACTTGAGGG,47,4713167
ybiY_ybiW_predicted,0.5454545454545454,83,54,AAAAAAAAGACACGGAGCAT,29,4731237
ybiY_ybiW_predicted,0.6851851851851852,89,53,GTTCCAGCTCAAGCATAGAT,36,4721468
ybiY_ybiW_predicted,0.16666666666666666,61,53,GAGTAAATGCCCAGAACGAA,8,4696488
ybiY_ybiW_predicted,0.37037037037037035,72,53,CGGATGTCAATCTATCTTTT,19,4704848
ybiY_ybiW_predicted,1.8888888888888888,154,53,CATGGTAACTAGATTTTTGT,101,4709852
ybiY_ybiW_predicted,0.037037037037037035,54,53,ACGAACGATAGCGTCGCAAC,1,4714253
ybiY_ybiW_predicted,0.7735849056603774,92,52,GAGGCTTGTGTCGTGTAAAT,40,4714346
ybiY_ybiW_predicted,0.4339622641509434,74,52,GAAAGCCGTATTGAAACCAT,22,4702868
ybiY_ybiW_predicted,0.5,76,51,TCTGGACCGGGTCAGTCGAA,25,4701352
ybiY_ybiW_predicted,1.8461538461538463,146,51,CGGCCTCATAGAAGGATTTC,95,4694127
ybiY_ybiW_predicted,0.6923076923076923,86,51,CGGAAGTGCCAGAGCGGTGT,35,4714009
ybiY_ybiW_predicted,1.9038461538461537,149,51,CGCCGTCGTTCTTTCGTGTC,98,4695651
ybiY_ybiW_predicted,0.36538461538461536,69,51,ACGAAATGCGGCGCCGCTAT,18,4710634
ybiY_ybiW_predicted,0.8627450980392157,93,50,TCTGGTTAACTCGTAGAAGT,43,4688909
ybiY_ybiW_predicted,1.7843137254901962,140,50,GTGAACTCTGGCGACCGTAT,90,4705739
ybiY_ybiW_predicted,0.8627450980392157,93,50,GGGGCGCCCGGGCCATGCTA,43,4694456
ybiY_ybiW_predicted,1.2549019607843137,113,50,CTTGCTCAAGTTATATCCCA,63,4691420
ybiY_ybiW_predicted,0.45098039215686275,72,50,CGTGGAAGTTGTCTTGCCAA,22,4697202
ybiY_ybiW_predicted,0.8823529411764706,94,50,AGCTCGGATTACAGGTCGAT,44,4691494
ybiY_ybiW_predicted,0.84,90,49,GTTGTGGAGCTGCGTGGAGT,41,4712689
ybiY_ybiW_predicted,0.38,67,49,CAGTACACGTTCTAATCGAT,18,4712028
ybiY_ybiW_predicted,0.72,84,49,ATCAGACATACGCTACTTGA,35,4690292
ybiY_ybiW_predicted,0.34,65,49,AGCCGACCAATGAACACCTA,16,4729318
ybiY_ybiW_predicted,0.32653061224489793,63,48,GAGTTTGTTGGAGCTTTCAC,15,4724866
ybiY_ybiW_predicted,0.6530612244897959,79,48,CTCCCCACGGCGAATTTTGC,31,4720961
ybiY_ybiW_predicted,1.2448979591836735,108,48,CGCCAAGTAGGGCGCCTTTA,60,4691516
ybiY_ybiW_predicted,0.7142857142857143,82,48,CAAGGTTGCCGTTCGATAGA,34,4709305
ybiY_ybiW_predicted,1.2708333333333333,107,47,TGCCTATAGGCCTGGTACGG,60,4710990
ybiY_ybiW_predicted,0.5416666666666666,72,47,GTTTTCCTTAACATCGTTAA,25,4699469
ybiY_ybiW_predicted,1.0833333333333333,98,47,GGTTCCGAAGTTATTGTCGT,51,4726716
ybiY_ybiW_predicted,0.041666666666666664,48,47,GCGACACACCAGGCACAGGT,1,4716186
ybiY_ybiW_predicted,0.7291666666666666,81,47,AGTAGCCAGCGATCCATCCG,34,4692431
ybiY_ybiW_predicted,0.8541666666666666,87,47,AATTTATACACTGAACGCGA,40,4698958
ybiY_ybiW_predicted,1.3404255319148937,108,46,CGTCCTAACGTAATCCCCCA,62,4699150
ybiY_ybiW_predicted,2.8085106382978724,177,46,CAACTGTTGCTCCCCAATGT,131,4708084
ybiY_ybiW_predicted,0.8085106382978723,83,46,AGTATACGTGCAGTCAAAGT,37,4688509
ybiY_ybiW_predicted,0.5,67,45,TTACACGTGGGGGAACGCGC,22,4689394
ybiY_ybiW_predicted,0.6521739130434783,74,45,TCCATGTCTCTCTAGGGCTT,29,4718974
ybiY_ybiW_predicted,0.6739130434782609,75,45,GATAAGGGCGATAAACTTTT,30,4701755
ybiY_ybiW_predicted,0.7608695652173914,79,45,CTTTCTTGATGGAGATTGTT,34,4690405
ybiY_ybiW_predicted,0.21739130434782608,54,45,CCGGTTCAAAGTAAGGGGAT,9,4697407
ybiY_ybiW_predicted,0.5869565217391305,71,45,AGACCCCGCTACTACGTGCA,26,4709541
ybiY_ybiW_predicted,0.8695652173913043,84,45,AATGTTTCATATTAATAGTA,39,4722411
ybiY_ybiW_predicted,0.5555555555555556,68,44,TGAGTGACATCCTTAATTTA,24,4696818
ybiY_ybiW_predicted,0.15555555555555556,50,44,GGGACAAGAAGGTGGGTGAA,6,4689045
ybiY_ybiW_predicted,0.7333333333333333,76,44,GACATAGATCTTTTGCGCGG,32,4689197
ybiY_ybiW_predicted,1.8222222222222222,125,44,CTCCTATCAGCTTAACCCTG,81,4700804
ybiY_ybiW_predicted,0.35555555555555557,59,44,CATAAACGTTAGACCCGATC,15,4690053
ybiY_ybiW_predicted,0.5333333333333333,67,44,ACCAAATTAGTACAGGTTAA,23,4704912
ybiY_ybiW_predicted,0.7954545454545454,77,43,TGGGCAGCTTTCGTATGCCA,34,4698652
ybiY_ybiW_predicted,0.6136363636363636,69,43,TGGCAGACCGCCCTCTTCCA,26,4729020
ybiY_ybiW_predicted,1.5909090909090908,112,43,GGTCAAAAGGAACGGACTCT,69,4694377
ybiY_ybiW_predicted,2.090909090909091,134,43,GAGACACGCTAGCGGGATTA,91,4714392
ybiY_ybiW_predicted,1.9772727272727273,129,43,GAGAAGTCATTCCATATGGT,86,4693545
ybiY_ybiW_predicted,1.25,97,43,CCGATCACATAACGTGATCA,54,4692136
ybiY_ybiW_predicted,0.7727272727272727,76,43,CATGCCGAACATCATGCTTC,33,4692585
ybiY_ybiW_predicted,1.2954545454545454,99,43,ATTGTACAGGCTAATCGCTT,56,4691880
ybiY_ybiW_predicted,1.9772727272727273,129,43,ACTACACATTCCATCACCTT,86,4725919
ybiY_ybiW_predicted,0.2558139534883721,52,42,TTTCAGTGTCAAACAGACCC,10,4693740
ybiY_ybiW_predicted,1.0465116279069768,86,42,TTTATTTTATTTCCCTTGTA,44,4730186
ybiY_ybiW_predicted,1.1395348837209303,90,42,TCAGAGGGGCACGCTGACCA,48,4710361
ybiY_ybiW_predicted,0.046511627906976744,43,42,GGCGCGGGGGGTAAACTTTG,1,4703946
ybiY_ybiW_predicted,1.3255813953488371,98,42,GATTTAGAAGTTCTGGGCCA,56,4718849
ybiY_ybiW_predicted,1.3953488372093024,101,42,GATAGGATGTTTGCGGGGGA,59,4697450
ybiY_ybiW_predicted,0.4186046511627907,59,42,CGACGCAGCCATAGGACTCT,17,4702938
ybiY_ybiW_predicted,0.3488372093023256,56,42,CCGTAGGTGAAGGCGGGCTT,14,4711505
ybiY_ybiW_predicted,1.3488372093023255,99,42,CAGCCAGTGCCCAGCAACTT,57,4710453
ybiY_ybiW_predicted,0.046511627906976744,43,42,CAACTCTTAAGCTTTTGTCA,1,4691335
ybiY_ybiW_predicted,0.06976744186046512,44,42,ATTATCAATCGCGCCATCCT,2,4724628
ybiY_ybiW_predicted,0.046511627906976744,43,42,AGCGCGCTATGCGTCCTGGG,1,4696270
ybiY_ybiW_predicted,0.5952380952380952,65,41,TCGCAGCCCGGCAAGATTCA,24,4715494
ybiY_ybiW_predicted,1.2380952380952381,92,41,TATTCTACGCATGGGGCTTA,51,4690309
ybiY_ybiW_predicted,1.0238095238095237,83,41,GCTGAGACACGTGAATATGT,42,4690640
ybiY_ybiW_predicted,0.38095238095238093,56,41,GAAAGCGCCACATCTTACTG,15,4696210
ybiY_ybiW_predicted,0.047619047619047616,42,41,CGGTGGGAGTTGCGAATTGT,1,4699432
ybiY_ybiW_predicted,0.5952380952380952,65,41,CACCGATAACAGAACGTACT,24,4702897
ybiY_ybiW_predicted,0.9047619047619048,78,41,CAAGCTTAGGCGTAGTCAAT,37,4696331
ybiY_ybiW_predicted,0.7857142857142857,73,41,ATAACGGAACCCGGTACAAA,32,4688513
ybiY_ybiW_predicted,0.5121951219512195,60,40,TTTGCCGCCGCAATGTCTTC,20,4729370
ybiY_ybiW_predicted,0.04878048780487805,41,40,TAGGCGCGCGCAGACTTTAG,1,4730284
ybiY_ybiW_predicted,0.5121951219512195,60,40,GACGAATTCGACCTCAGGTG,20,4725251
ybiY_ybiW_predicted,1.7804878048780488,112,40,CTACGCCTAACACCGTTTTT,72,4713595
ybiY_ybiW_predicted,0.8048780487804879,72,40,CCACGCATATATACCTTTTT,32,4715478
ybiY_ybiW_predicted,10.073170731707316,452,40,CACGGAGGCCCCCCAGTTCA,412,4691476
ybiY_ybiW_predicted,1.975609756097561,120,40,ATTAGGGGTGGAATGCCAGT,80,4721527
ybiY_ybiW_predicted,2.1219512195121952,126,40,AGACGGCACGATGTACAGCC,86,4697784
ybiY_ybiW_predicted,0.21951219512195122,48,40,AAGTCAATTGCCATACTAAC,8,4716162
ybiY_ybiW_predicted,0.05,40,39,TAAAAAATTCGACCTAGTGA,1,4688474
ybiY_ybiW_predicted,0.6,62,39,CGATCCATTTAGAACGCTAG,23,4715231
ybiY_ybiW_predicted,0.575,61,39,CCCTCCAGTGTAAATACCCG,22,4710964
ybiY_ybiW_predicted,0.475,57,39,CATTTCGGCATCAACACGCT,18,4709654
ybiY_ybiW_predicted,0.475,57,39,CAAACAGTCGGGCCTGTGTT,18,4723430
ybiY_ybiW_predicted,0.825,71,39,ATGAATGGGGCTTCGTATAT,32,4714164
ybiY_ybiW_predicted,0.45,56,39,ATAGGTCCTAGGTGCTTGGC,17,4701906
ybiY_ybiW_predicted,2.75,148,39,ACTCCGACCAACAGCCTTGT,109,4701729
ybiY_ybiW_predicted,0.05,40,39,AACCCGAGTCGCGAAGGATG,1,4729319
ybiY_ybiW_predicted,0.1794871794871795,44,38,TGGATTAACCTTGCGGTTGA,6,4708751
ybiY_ybiW_predicted,0.05128205128205128,39,38,TCCAAGTCGCCAGCCGCCAT,1,4695477
ybiY_ybiW_predicted,0.9743589743589743,75,38,GTAAAACTCGTTACACGCTT,37,4701957
ybiY_ybiW_predicted,1.0769230769230769,79,38,GGGTGACCCAACTGACTTAT,41,4693133
ybiY_ybiW_predicted,0.7692307692307693,67,38,GCTGAGGCAGGGATACCGAA,29,4704985
ybiY_ybiW_predicted,0.6923076923076923,64,38,GCGGCAACGGCTCCTGAAGT,26,4720936
ybiY_ybiW_predicted,0.8974358974358975,72,38,GATAATGTTCAAAGGCCGTG,34,4698887
ybiY_ybiW_predicted,0.1794871794871795,44,38,CTCACTGACCTAGTTGCGGA,6,4694099
ybiY_ybiW_predicted,0.5128205128205128,57,38,CAGCAAGGTCTCGCGTACGC,19,4689580
ybiY_ybiW_predicted,1.2820512820512822,87,38,CAGATTGTGAAATCCATCAC,49,4721080
ybiY_ybiW_predicted,2.3076923076923075,127,38,CAACCGCCATCGTATACCCC,89,4700023
ybiY_ybiW_predicted,0.6410256410256411,62,38,AGTGTTAAGGTTAGTAAGAT,24,4695339
ybiY_ybiW_predicted,0.23684210526315788,45,37,TTCTCTACTGACGTATTCTC,8,4704811
ybiY_ybiW_predicted,0.8947368421052632,70,37,TTACGTTGTTGGGTAACTCC,33,4698954
ybiY_ybiW_predicted,0.8947368421052632,70,37,TATATCTTCGATCAGGGGGG,33,4702818
ybiY_ybiW_predicted,0.3684210526315789,50,37,GTGCAAACGGCATTCTGTAG,13,4723047
ybiY_ybiW_predicted,1.0526315789473684,76,37,GATGAGTCCAGGTTATCGTA,39,4713423
ybiY_ybiW_predicted,1.0526315789473684,76,37,GACCATAGGCCCGCACGTCC,39,4707475
ybiY_ybiW_predicted,0.3684210526315789,50,37,CGCCGGCTCAGCAAGTGGGT,13,4708576
ybiY_ybiW_predicted,1.736842105263158,102,37,CGATCCAGTCCATAGTTTGT,65,4708083
ybiY_ybiW_predicted,0.7631578947368421,65,37,CCTTCACGCGTTCTAGGGTG,28,4724600
ybiY_ybiW_predicted,2.6578947368421053,137,37,CCGACAGAAAAGTAATTACC,100,4723599
ybiY_ybiW_predicted,0.631578947368421,60,37,CCCGAACATCCGTACGAGAT,23,4697670
ybiY_ybiW_predicted,1.263157894736842,84,37,ATATTACATGGAAACGTCTA,47,4692893
ybiY_ybiW_predicted,0.868421052631579,69,37,ATAGGTTTCGATAGCACCTC,32,4730440
ybiY_ybiW_predicted,0.07894736842105263,39,37,AGGGTAAGTACGAGGCCTGG,2,4715025
ybiY_ybiW_predicted,2.710526315789474,139,37,ACACATCTTTCCCGTTACTC,102,4689129
ybiY_ybiW_predicted,0.8947368421052632,70,37,AAAATTGCCGCGCGATCTAG,33,4708827
ybiY_ybiW_predicted,0.2702702702702703,45,36,TGTCCGTCAACCGAGCTTGA,9,4692567
ybiY_ybiW_predicted,0.08108108108108109,38,36,TATCCAGCCAGACGTGTGAT,2,4709851
ybiY_ybiW_predicted,4.594594594594595,205,36,TATAGGTGGTCGTCAGCGTG,169,4694603
ybiY_ybiW_predicted,0.4594594594594595,52,36,TAGACGCAACTAAAGTTATA,16,4691606
ybiY_ybiW_predicted,1.3513513513513513,85,36,TACAGACACTTGCGCGCGAT,49,4715692
ybiY_ybiW_predicted,0.08108108108108109,38,36,GTGATTGACTTGTTCAGCCA,2,4711232
ybiY_ybiW_predicted,1.7297297297297298,99,36,GGTCTCGTAAGAGGGGCGTA,63,4698838
ybiY_ybiW_predicted,0.5675675675675675,56,36,GGGGTTGCTATCCATGTGCA,20,4693893
ybiY_ybiW_predicted,0.32432432432432434,47,36,GGGAGTTCTGCGAAGTATGT,11,4689297
ybiY_ybiW_predicted,0.05405405405405406,37,36,GCCATGTGTGTAATATCTTA,1,4698080
ybiY_ybiW_predicted,1.837837837837838,103,36,GAAACAAACTCTCCATGAGC,67,4723237
ybiY_ybiW_predicted,1.4594594594594594,89,36,CCAGGAGGGAAGGTTTCACG,53,4697718
ybiY_ybiW_predicted,0.7027027027027027,61,36,CAAATGTCATGCTCAACACT,25,4724485
ybiY_ybiW_predicted,0.5675675675675675,56,36,ATCCGAACCCTTACGCATTT,20,4732000
ybiY_ybiW_predicted,0.3783783783783784,49,36,ACATCTCGCAGGGTTCGGCT,13,4729771
ybiY_ybiW_predicted,0.5135135135135135,54,36,ACACTTCACGTGGGCATCAT,18,4726405
ybiY_ybiW_predicted,0.5135135135135135,54,36,AACATAAGGATGCCCCCGTA,18,4701130
ybiY_ybiW_predicted,0.5675675675675675,56,36,AAACCGGGTGGGCTTAAGGC,20,4700673
ybiY_ybiW_predicted,0.6216216216216216,58,36,AAAACTTGCTATTAGCGTGA,22,4708956
ybiY_ybiW_predicted,1.0277777777777777,71,35,TTGAGACCGGACGCGGCTCT,36,4697295
ybiY_ybiW_predicted,0.16666666666666666,40,35,TTCTGCCTGCATCATGTAAT,5,4724702
ybiY_ybiW_predicted,0.2777777777777778,44,35,GTTAAAACTCGGGTGCCAGG,9,4707389
ybiY_ybiW_predicted,1.6944444444444444,95,35,CTGTGCATTAGGACATGCGT,60,4695478
ybiY_ybiW_predicted,0.6944444444444444,59,35,CTACAAAGCGTTCATCGGAT,24,4694375
ybiY_ybiW_predicted,0.5277777777777778,53,35,CCTCTACCTGTTCTAAATTA,18,4693966
ybiY_ybiW_predicted,0.5833333333333334,55,35,CCGCTACAACAGGTGTACCA,20,4699850
ybiY_ybiW_predicted,0.8055555555555556,63,35,CCCTAGGGATAGGATGCCCA,28,4713197
ybiY_ybiW_predicted,0.08333333333333333,37,35,CACCGGCGCAGTACAGATAT,2,4719335
ybiY_ybiW_predicted,1.5,88,35,ATGAATCCTTTGCCAGGTAA,53,4712615
ybiY_ybiW_predicted,3.4444444444444446,158,35,AGGCAAGGCTGTCGTTCGCA,123,4689377
ybiY_ybiW_predicted,0.4444444444444444,50,35,AGCCCTCTCACCCGCACCAA,15,4695060
ybiY_ybiW_predicted,0.5,52,35,ACCGGCAGACAAACCTTAGA,17,4693818
ybiY_ybiW_predicted,1.2857142857142858,78,34,TGACTTGCGTCTAACCGGCC,44,4704496
ybiY_ybiW_predicted,2.142857142857143,108,34,TCGGTGACTTGTGATTTCCT,74,4703035
ybiY_ybiW_predicted,0.3142857142857143,44,34,TCATGGAAGATTCCTCTAGT,10,4696303
ybiY_ybiW_predicted,1.2,75,34,TATCCGCCTCGAAACTCTGA,41,4691801
ybiY_ybiW_predicted,1.0285714285714285,69,34,GTAACTAAACTTACGTCGGC,35,4697014
ybiY_ybiW_predicted,0.6,54,34,GGATTTATGCACATAGATTG,20,4692174
ybiY_ybiW_predicted,0.4,47,34,CTACTTGGGATCACTTCGTG,13,4700671
ybiY_ybiW_predicted,1.6285714285714286,90,34,CGTCGTCTTAGGCTCCGGCG,56,4704633
ybiY_ybiW_predicted,0.5428571428571428,52,34,CCGGCATCGTCCAGGTATCT,18,4710819
ybiY_ybiW_predicted,0.6285714285714286,55,34,CCCGATTCTAGGCAAAGGAT,21,4701580
ybiY_ybiW_predicted,1.3428571428571427,80,34,CAGATAGGGCGCTCAGCTGT,46,4731241
ybiY_ybiW_predicted,1.0857142857142856,71,34,CACTGCCAACAGCCGGCGAG,37,4696306
ybiY_ybiW_predicted,0.11428571428571428,37,34,ACGCGTAGGCTACTGATTAT,3,4698651
ybiY_ybiW_predicted,0.2857142857142857,43,34,ACGACTTTCGGACAGAAAGT,9,4699749
ybiY_ybiW_predicted,0.7142857142857143,58,34,AACGCGATATGAGGGCAATG,24,4689938
ybiY_ybiW_predicted,0.05714285714285714,35,34,AAATTTAGCTATGACCTGCA,1,4688999
ybiY_ybiW_predicted,2.0294117647058822,101,33,TTCGGCTCTTCGAGGAGGGT,68,4700168
ybiY_ybiW_predicted,0.8823529411764706,62,33,TGGTACTTACCGGCATGATT,29,4699396
ybiY_ybiW_predicted,1.088235294117647,69,33,TCAGGGGTTCACCATAAGTA,36,4709653
ybiY_ybiW_predicted,1.4705882352941178,82,33,TAACGGCACTCGTCCTTTTT,49,4690600
ybiY_ybiW_predicted,0.6764705882352942,55,33,GCTGAGTGGTTGCTAGCAAA,22,4699044
ybiY_ybiW_predicted,0.058823529411764705,34,33,GCTGAGCCCTCATTAGAAAG,1,4693922
ybiY_ybiW_predicted,1.588235294117647,86,33,GATAACGAGTATCAGAGCAT,53,4694263
ybiY_ybiW_predicted,0.9117647058823529,63,33,GAATCCTGCCTAGCTCCAGA,30,4695553
ybiY_ybiW_predicted,1.1176470588235294,70,33,CTATTCGATATGTGAAAGAT,37,4692283
ybiY_ybiW_predicted,2.4705882352941178,116,33,CGGTCAGGCCCGGTGAAAAA,83,4704920
ybiY_ybiW_predicted,1.2058823529411764,73,33,CCCGACACCTTACCTCGGGA,40,4701735
ybiY_ybiW_predicted,0.20588235294117646,39,33,CATTCGAGTTGACTTCGATA,6,4699680
ybiY_ybiW_predicted,0.6470588235294118,54,33,CAAAAACTCGTTGCTCGTAT,21,4701690
ybiY_ybiW_predicted,1.0294117647058822,67,33,ATACAAAGGGTGCGCTTACT,34,4712865
ybiY_ybiW_predicted,0.3939393939393939,44,32,TGTGGAAGTAGCTTCATTCA,12,4706054
ybiY_ybiW_predicted,0.06060606060606061,33,32,TGCGCTGCAGTTACATGCCT,1,4703810
ybiY_ybiW_predicted,1.1515151515151516,69,32,TATTGATTTATGTGTCCATT,37,4692620
ybiY_ybiW_predicted,0.18181818181818182,37,32,TACGGTAAGGTTTAAAACGG,5,4719198
ybiY_ybiW_predicted,0.5454545454545454,49,32,GTCCCCGAAACTTCTCTAAA,17,4693941
ybiY_ybiW_predicted,1.5757575757575757,83,32,GTAAGTCACAGTAGGCACAG,51,4713234
ybiY_ybiW_predicted,0.06060606060606061,33,32,GGTACAGTGGAAGGAATCGG,1,4711698
ybiY_ybiW_predicted,0.06060606060606061,33,32,GGGTGTTACTAGATGACTCA,1,4716634
ybiY_ybiW_predicted,0.3939393939393939,44,32,GGGTAAACCTTATGCCGACT,12,4725283
ybiY_ybiW_predicted,0.696969696969697,54,32,GGGGTACCTCTGATACGAAT,22,4703716
ybiY_ybiW_predicted,1.121212121212121,68,32,GGCTTTCCTTTTCTGGTACC,36,4699953
ybiY_ybiW_predicted,1.9696969696969697,96,32,GGACGCCGCCATGCTGTATG,64,4722584
ybiY_ybiW_predicted,0.9393939393939394,62,32,GGACACCCTGTGGCGGCCCA,30,4700112
ybiY_ybiW_predicted,0.2727272727272727,40,32,GCTTGTACTCCCACGCGTGA,8,4726037
ybiY_ybiW_predicted,1.4848484848484849,80,32,GCTAGCCCGCAAATTGAGGC,48,4719597
ybiY_ybiW_predicted,0.3333333333333333,42,32,GCGACCAGGTGCCCATGAGT,10,4720669
ybiY_ybiW_predicted,0.9090909090909091,61,32,GCCACGTCCTCAAGGTGTAG,29,4718902
ybiY_ybiW_predicted,1.303030303030303,74,32,GACAAGGACGCTCCCGTGAC,42,4723945
ybiY_ybiW_predicted,2.8484848484848486,125,32,CGTGTAGCTGCCTATCACGT,93,4730780
ybiY_ybiW_predicted,0.42424242424242425,45,32,CATCTACAGAAAAATTTAGT,13,4718443
ybiY_ybiW_predicted,0.21212121212121213,38,32,ATAACCAATTGCGAATCAAA,6,4697534
ybiY_ybiW_predicted,1.3333333333333333,75,32,AGTTAATTGACGACAGGCGC,43,4696033
ybiY_ybiW_predicted,1.7878787878787878,90,32,AGTAATGGACTTTGAGCCGG,58,4722591
ybiY_ybiW_predicted,0.8484848484848485,59,32,ACTCTTGATAAATGTAATCT,27,4720071
ybiY_ybiW_predicted,0.8181818181818182,58,32,ACGTATGGGATTGAGTAGTG,26,4720143
ybiY_ybiW_predicted,1.625,82,31,TTTCTACTGATTCGCGTGGG,51,4692341
ybiY_ybiW_predicted,0.4375,44,31,TTATACCAGGCGGCCCATTG,13,4712276
ybiY_ybiW_predicted,0.75,54,31,TGTGGAGTGAGCTTAATGTG,23,4711538
ybiY_ybiW_predicted,0.84375,57,31,TGGGTTACCTGAGTACGAGA,26,4706152
ybiY_ybiW_predicted,1.5,78,31,TAAGTGTAAGTACTCCACTA,47,4728569
ybiY_ybiW_predicted,4.28125,167,31,GTCGGGGATAACTAAGCTAA,136,4691879
ybiY_ybiW_predicted,0.71875,53,31,GGCACAAAAGGCTACGCCCC,22,4725985
ybiY_ybiW_predicted,1.25,70,31,GCCTCCGATCTCCGGTTCTG,39,4705591
ybiY_ybiW_predicted,0.84375,57,31,GCAGATTCTCTCCCTCCACA,26,4694981
ybiY_ybiW_predicted,0.0625,32,31,CTAGCAGTGGTGGTCTCCCC,1,4696037
ybiY_ybiW_predicted,0.75,54,31,CGGAAGTAATTCACGGGACA,23,4726895
ybiY_ybiW_predicted,0.0625,32,31,CGATCGAGGGAAGTGCCTTG,1,4707149
ybiY_ybiW_predicted,0.0625,32,31,CCCTAAGGGACCGCTTGCTT,1,4717862
ybiY_ybiW_predicted,0.375,42,31,CCCCCGGTTCCGGCGAATTA,11,4707776
ybiY_ybiW_predicted,0.21875,37,31,CCCATTTCTCTCGGGCGTAG,6,4731066
ybiY_ybiW_predicted,1.03125,63,31,CCAAATCTTATGATGCGGTG,32,4691804
ybiY_ybiW_predicted,0.625,50,31,CATACTCCAGCAACGTTTAT,19,4689636
ybiY_ybiW_predicted,1.1875,68,31,ATGCCCCTGGCCCCCTCCCA,37,4703396
ybiY_ybiW_predicted,0.78125,55,31,ATCCTTGATAGTGAGTACGC,24,4708826
ybiY_ybiW_predicted,0.59375,49,31,AGCTGGGGAAAACATGTCTA,18,4721250
ybiY_ybiW_predicted,1.34375,73,31,ACAGCGGGAGGATGGATTAA,42,4699781
ybiY_ybiW_predicted,1.875,90,31,AATCGCGCTGCGATCCTAGG,59,4708919
ybiY_ybiW_predicted,0.6875,52,31,AACTGCGACTCACTTCCTAA,21,4731409
ybiY_ybiW_predicted,0.65625,51,31,AAATGGGCACGTAGTACGCG,20,4729267
ybiY_ybiW_predicted,0.2903225806451613,38,30,TTTATCTAACCCTGTGTTTC,8,4711256
ybiY_ybiW_predicted,0.6774193548387096,50,30,TGTCGTTCTACCTAGTCGTA,20,4717724
ybiY_ybiW_predicted,0.45161290322580644,43,30,TCGTGGTCAAAAATGGGAAG,13,4726604
ybiY_ybiW_predicted,0.0967741935483871,32,30,TCGGCCCGTTAATTCCACAA,2,4693743
ybiY_ybiW_predicted,0.9354838709677419,58,30,TCGAATACGGGTATACATGT,28,4715106
ybiY_ybiW_predicted,0.4838709677419355,44,30,TATGCCGGCCGCCTCGCCAC,14,4723314
ybiY_ybiW_predicted,0.8064516129032258,54,30,TAGATATGGTATATTTCTAC,24,4699575
ybiY_ybiW_predicted,1.6451612903225807,80,30,TAAGGCCTTGTGACACGTCT,50,4729125
ybiY_ybiW_predicted,0.22580645161290322,36,30,TAAGCACAGCCTAACATCGA,6,4719433
ybiY_ybiW_predicted,0.5161290322580645,45,30,TAACCTATAGTGAATCACAA,15,4698955
ybiY_ybiW_predicted,0.5483870967741935,46,30,GTCAGAGACGGATTGTTCCA,16,4723903
ybiY_ybiW_predicted,0.12903225806451613,33,30,GTAGGGTGGATTTCTCACGT,3,4689198
ybiY_ybiW_predicted,0.7419354838709677,52,30,GGTTTTCCAAGGTAAGTGTA,22,4729822
ybiY_ybiW_predicted,1.903225806451613,88,30,GGGGGTATTCGCCGGCGCTA,58,4698710
ybiY_ybiW_predicted,1.2903225806451613,69,30,GGAGCCGGTACACTTGGAAA,39,4711148
ybiY_ybiW_predicted,0.06451612903225806,31,30,GCTAGCGCATGTCAAATGGT,1,4701042
ybiY_ybiW_predicted,1.064516129032258,62,30,GATGAAGGCGGTCCGATTCT,32,4691632
ybiY_ybiW_predicted,0.45161290322580644,43,30,GAACCGGCTCGCGCATACAT,13,4709784
ybiY_ybiW_predicted,1.1935483870967742,66,30,CTCTTCGCCGGGACTGACGC,36,4722922
ybiY_ybiW_predicted,0.2903225806451613,38,30,CTCCCCCTTCTGTCTGGGGG,8,4713330
ybiY_ybiW_predicted,0.7741935483870968,53,30,CTCACGGAGGACCGTGACTA,23,4704383
ybiY_ybiW_predicted,0.7419354838709677,52,30,CTATGTTTATGGAGGCGCAT,22,4723014
ybiY_ybiW_predicted,1.7419354838709677,83,30,CGTTGTTGCTTCTACATAGG,53,4703137
ybiY_ybiW_predicted,1.6129032258064515,79,30,ATCACACCCTGGTGTTTGTG,49,4708606
ybiY_ybiW_predicted,0.06451612903225806,31,30,ACTAATTGTAAAATTAGCCT,1,4705088
ybiY_ybiW_predicted,1.3225806451612903,70,30,ACACTCCTCATGTGATTTAG,40,4721609
ybiY_ybiW_predicted,0.6,46,29,TGGGCATGGGGATCTCGCTG,17,4714731
ybiY_ybiW_predicted,1.2666666666666666,66,29,TGCAGCGTTGCGGCTCCGCT,37,4694699
ybiY_ybiW_predicted,0.8,52,29,TGAGCACGTGATAGATGCGG,23,4709598
ybiY_ybiW_predicted,1.1333333333333333,62,29,TCTATCCCACTCACGGGTGC,33,4706249
ybiY_ybiW_predicted,0.6666666666666666,48,29,TCGCTCTATTCGACCGTAGC,19,4707814
ybiY_ybiW_predicted,1.1,61,29,TACTAAGAGGAGCTATAATA,32,4715287
ybiY_ybiW_predicted,0.6333333333333333,47,29,GGTTACCGGATTTAGGATGG,18,4708086
ybiY_ybiW_predicted,0.7333333333333333,50,29,GGTGAATATCAACAATTGAT,21,4724544
ybiY_ybiW_predicted,0.6,46,29,GGGGGAGCAGCTTCTCCGTG,17,4696837
ybiY_ybiW_predicted,0.06666666666666667,30,29,GCATGTAAGACCATCTCAGA,1,4708050
ybiY_ybiW_predicted,0.9,55,29,GACAAATACAGGAGGACACT,26,4691745
ybiY_ybiW_predicted,1.7,79,29,GAACCGTCGCCTGGTTAGGA,50,4718441
ybiY_ybiW_predicted,1.2,64,29,CCAACTGAAGTAATTTCGGT,35,4699153
ybiY_ybiW_predicted,0.8333333333333334,53,29,CATTCCACCGGCGGAGGACG,24,4697117
ybiY_ybiW_predicted,0.43333333333333335,41,29,CACCGGTCTAAAAAGAGCCT,12,4702940
ybiY_ybiW_predicted,0.06666666666666667,30,29,CAAGGATCCCTAATTGTATA,1,4698000
ybiY_ybiW_predicted,0.36666666666666664,39,29,ATTTCGTAGCAGGAATCGCT,10,4708542
ybiY_ybiW_predicted,0.6,46,29,ATTTACCACCATGATCACAC,17,4725641
ybiY_ybiW_predicted,1.8,82,29,ATCTCTTGGCTTAAGTCTCG,53,4705335
ybiY_ybiW_predicted,0.7,49,29,AGTGTCCCGCCATACAGAGT,20,4689683
ybiY_ybiW_predicted,2.466666666666667,102,29,AGTAGCTGGTAGGTGTTATG,73,4690115
ybiY_ybiW_predicted,0.6333333333333333,47,29,AGGTCCAAGTCTCCTTGCTC,18,4718472
ybiY_ybiW_predicted,0.9,55,29,AGCTTTTAACATACAGAATG,26,4707995
ybiY_ybiW_predicted,0.7666666666666667,51,29,AGCGTTCAAGAATGTTTCTA,22,4709169
ybiY_ybiW_predicted,1.7666666666666666,81,29,AGACCCAGGTCGGCCGTCCA,52,4717064
ybiY_ybiW_predicted,1.2666666666666666,66,29,AGAATATGCTATCACAACAA,37,4694851
ybiY_ybiW_predicted,0.23333333333333334,35,29,ACGATAGAGCATTTCCACTT,6,4708782
ybiY_ybiW_predicted,0.7241379310344828,48,28,TGAATTCCTCATTGATGGGT,20,4692802
ybiY_ybiW_predicted,0.9310344827586207,54,28,TCTTAGCTATTCGAATCTTA,26,4701949
ybiY_ybiW_predicted,1.8620689655172413,81,28,TCGAGTCAGTATCTGGCGTA,53,4704776
ybiY_ybiW_predicted,0.8275862068965517,51,28,TCATGCCTCATCGGCACATG,23,4689224
ybiY_ybiW_predicted,0.06896551724137931,29,28,TCACTGCGGCCCGCGGTGGG,1,4707907
ybiY_ybiW_predicted,0.06896551724137931,29,28,TCACCTGTGGACCATGGTCG,1,4701317
ybiY_ybiW_predicted,1.3793103448275863,67,28,TAGGGTGGCCACCAGACTAG,39,4715140
ybiY_ybiW_predicted,0.896551724137931,53,28,TACGAGTTAACAATTTAGAA,25,4714141
ybiY_ybiW_predicted,1.8275862068965518,80,28,TACCTCTTTCGCTCCAACAG,52,4718416
ybiY_ybiW_predicted,1.8275862068965518,80,28,GTACTGGATTCCAGTGGCAT,52,4714095
ybiY_ybiW_predicted,0.9310344827586207,54,28,GTAAATGTCGCCCGCAGGTT,26,4707688
ybiY_ybiW_predicted,0.7241379310344828,48,28,GGCGTCCGACAAACATAATT,20,4703256
ybiY_ybiW_predicted,0.9655172413793104,55,28,GGAAAGGCTAGCCCATCTGG,27,4709181
ybiY_ybiW_predicted,1.0689655172413792,58,28,GCTCGCGCACACCGTTACGT,30,4720420
ybiY_ybiW_predicted,0.6896551724137931,47,28,GCGCCGCCGTAGAAATTTGT,19,4708597
ybiY_ybiW_predicted,0.06896551724137931,29,28,GAGTTACCCATTGCTTTTTA,1,4706083
ybiY_ybiW_predicted,1.5517241379310345,72,28,GACTTATCGGTTTGTCCGAG,44,4688511
ybiY_ybiW_predicted,1.2758620689655173,64,28,CGTCGCCACTAAAGAGGAAC,36,4705628
ybiY_ybiW_predicted,0.27586206896551724,35,28,CGTACAATTGTCCCCTTGGA,7,4692836
ybiY_ybiW_predicted,0.06896551724137931,29,28,CGCCATAGCTCAGCCGGCCT,1,4716434
ybiY_ybiW_predicted,0.06896551724137931,29,28,CGCAAACAGGCCTCTAGTGT,1,4708959
ybiY_ybiW_predicted,0.1724137931034483,32,28,CCGTCATTTGTACTAAGGTC,4,4695728
ybiY_ybiW_predicted,1.2758620689655173,64,28,CCCCTGGCACCGGCTCAGTT,36,4701775
ybiY_ybiW_predicted,0.7241379310344828,48,28,CCCATGGTTTGGTCCCTTCA,20,4721504
ybiY_ybiW_predicted,0.896551724137931,53,28,CATACGGCATTTAGGCACTT,25,4713680
ybiY_ybiW_predicted,1.0689655172413792,58,28,CAGTTCCGATATATCCGTGA,30,4722760
ybiY_ybiW_predicted,1.3103448275862069,65,28,ATCACGCTCCCCGGATCCTA,37,4701819
ybiY_ybiW_predicted,0.4827586206896552,41,28,ACTAGACTTCTGGGAGTCTG,13,4713681
ybiY_ybiW_predicted,0.5862068965517241,44,28,ACATGGTGTGGTTGTCAGAA,16,4691600
ybiY_ybiW_predicted,0.06896551724137931,29,28,AAGTTGACACTGTCCTTAAA,1,4699184
ybiY_ybiW_predicted,2.689655172413793,105,28,AAGGATTTTAGACGGCCCAC,77,4728768
ybiY_ybiW_predicted,2.2857142857142856,90,27,TTTGCTGGACCTCGTTCGAA,63,4721911
ybiY_ybiW_predicted,1.1071428571428572,57,27,TTGGACCTTGACCGAGGCCT,30,4705196
ybiY_ybiW_predicted,0.8214285714285714,49,27,TTGATTTCATCCTGGCCATG,22,4713502
ybiY_ybiW_predicted,0.10714285714285714,29,27,TGTAGATGGGGGTACCCGGC,2,4706008
ybiY_ybiW_predicted,2.25,89,27,TGCATTTAACATTCCGCGGC,62,4702767
ybiY_ybiW_predicted,0.07142857142857142,28,27,TCTTCTCAGGTACCACAGGG,1,4701485
ybiY_ybiW_predicted,0.9642857142857143,53,27,GTTAACGCTCTCCACATTCC,26,4706313
ybiY_ybiW_predicted,0.9642857142857143,53,27,GTGGTTGGCGACTAAAGCCT,26,4730070
ybiY_ybiW_predicted,0.07142857142857142,28,27,GTCTACTTTGGCACAGCTGT,1,4719959
ybiY_ybiW_predicted,3.7857142857142856,132,27,GTAGGCCCCGAAAGCGTCAA,105,4700861
ybiY_ybiW_predicted,1.3928571428571428,65,27,GGAACTCTCGCGGACAATGT,38,4721795
ybiY_ybiW_predicted,0.75,47,27,GATGGGCGGGGTGTCAGGGG,20,4723601
ybiY_ybiW_predicted,0.07142857142857142,28,27,GATATTCAGTTAGCAACCGA,1,4699131
ybiY_ybiW_predicted,1.0357142857142858,55,27,GACCCGCTACCGGCAGCGAG,28,4708231
ybiY_ybiW_predicted,0.07142857142857142,28,27,GACAAGAGGTGGCCGAAAAG,1,4702479
ybiY_ybiW_predicted,1.2857142857142858,62,27,CTCCAGGTGACTTGCACGGT,35,4697824
ybiY_ybiW_predicted,0.8214285714285714,49,27,CTCATCATTTCCGGTGCATT,22,4696878
ybiY_ybiW_predicted,0.6428571428571429,44,27,CTCACACTGTTAAGTGACGA,17,4720868
ybiY_ybiW_predicted,0.10714285714285714,29,27,CTACATCGTCCGCCCCATGT,2,4691947
ybiY_ybiW_predicted,1.4285714285714286,66,27,CGTCCAAGATGCTTCTGTAT,39,4702460
ybiY_ybiW_predicted,1.0714285714285714,56,27,CGGTTACCGGTGAATGGTTT,29,4711105
ybiY_ybiW_predicted,1.9642857142857142,81,27,CGCGCGCCGGCTCGTAAAGC,54,4689141
ybiY_ybiW_predicted,0.32142857142857145,35,27,CGATCAAGCGAGGTGCCGAG,8,4730073
ybiY_ybiW_predicted,2.392857142857143,93,27,CCGAACCTCTGATTGAGTGT,66,4692084
ybiY_ybiW_predicted,1.1785714285714286,59,27,CATAATAGTGTCGGCACTAT,32,4696545
ybiY_ybiW_predicted,2.107142857142857,85,27,CAGCCTTATGAATTTGGCTG,58,4692508
ybiY_ybiW_predicted,1.3214285714285714,63,27,ATCTTTATCACGATGAGGCA,36,4717294
ybiY_ybiW_predicted,4.357142857142857,148,27,ATAAGGAGGATCACCATTAC,121,4705009
ybiY_ybiW_predicted,1.8571428571428572,78,27,AGTTTGTTATGACAGGAATC,51,4721500
ybiY_ybiW_predicted,1.3571428571428572,64,27,AGCGTTGAGGTCATCCGTGC,37,4728957
ybiY_ybiW_predicted,0.8214285714285714,49,27,ACTTAACACTGGCTAAACAA,22,4712070
ybiY_ybiW_predicted,0.7857142857142857,48,27,ACCCGCTTAACATGAGGTTG,21,4713461
ybiY_ybiW_predicted,1.1071428571428572,57,27,ACAAAGGCATGGCTGATTGG,30,4690884
ybiY_ybiW_predicted,0.9642857142857143,53,27,AACACGGAGACCGACTGGGT,26,4714663
ybiY_ybiW_predicted,0.7142857142857143,46,27,AAAGAGTAGTGGATCACCTA,19,4711585
ybiY_ybiW_predicted,2.9642857142857144,109,27,AAAAATCAAAAACCATATAC,82,4695404
ybiY_ybiW_predicted,1.2592592592592593,59,26,TTCGTGTCCCCGTTAAAAAT,33,4715950
ybiY_ybiW_predicted,0.9629629629629629,51,26,TTACTGGTCTGAGACGGTCT,25,4692022
ybiY_ybiW_predicted,0.5925925925925926,41,26,TTAACTTGTATATCTATAGT,15,4715986
ybiY_ybiW_predicted,1.962962962962963,78,26,TGTCACCGGATTTTTCGAAT,52,4699436
ybiY_ybiW_predicted,0.07407407407407407,27,26,TGCCCTCCCCGGGGGCACGC,1,4726809
ybiY_ybiW_predicted,2.259259259259259,86,26,TGATGTCTATGGCAATGATT,60,4688787
ybiY_ybiW_predicted,0.07407407407407407,27,26,TCTTTCCACCTTGGCCGCTT,1,4719705
ybiY_ybiW_predicted,2.2222222222222223,85,26,TCGTTTAAACGGCTAATTTT,59,4727208
ybiY_ybiW_predicted,0.7037037037037037,44,26,TCGCAAAAGTATCAATGTGA,18,4723584
ybiY_ybiW_predicted,1.0740740740740742,54,26,GCGCTCCACTAATGAATGAC,28,4711435
ybiY_ybiW_predicted,2.074074074074074,81,26,GAGAGGCATTGGCCTCTGTG,55,4703203
ybiY_ybiW_predicted,0.25925925925925924,32,26,GACGGTGTTGGACTTACTCG,6,4700632
ybiY_ybiW_predicted,2.962962962962963,105,26,GAATCTCACTTTGACCATCT,79,4695876
ybiY_ybiW_predicted,5.7407407407407405,180,26,CTTGAAAGTGTCTATCATCT,154,4704477
ybiY_ybiW_predicted,0.07407407407407407,27,26,CTGGCCTGGCCAAGTAACTT,1,4705947
ybiY_ybiW_predicted,1.8518518518518519,75,26,CTGCGTCGTTCCTTGTAAAC,49,4694381
ybiY_ybiW_predicted,0.5925925925925926,41,26,CGCTATACTCTCACTGATAG,15,4701959
ybiY_ybiW_predicted,0.07407407407407407,27,26,CGATGTGGGGTAACACAGTC,1,4698769
ybiY_ybiW_predicted,0.5555555555555556,40,26,CCCTAGGACAAGAGGGGAGC,14,4704497
ybiY_ybiW_predicted,2.0,79,26,CCCGCACACTACATGAAACA,53,4691274
ybiY_ybiW_predicted,1.0,52,26,CCATCACCGCTTCGAAAGGG,26,4720727
ybiY_ybiW_predicted,1.7407407407407407,72,26,CATCTCGCGCTCCATTGGTA,46,4709037
ybiY_ybiW_predicted,0.7777777777777778,46,26,CATCCCCAGTTATTGACGGT,20,4711381
ybiY_ybiW_predicted,1.0740740740740742,54,26,CAGAATCTGGGACCCAAAAA,28,4700523
ybiY_ybiW_predicted,0.07407407407407407,27,26,CACTCGCGAGAAGCATAAAG,1,4713203
ybiY_ybiW_predicted,0.14814814814814814,29,26,CACACCAGCTTTATGGAATC,3,4714250
ybiY_ybiW_predicted,2.6296296296296298,96,26,ATGTGGTGTTTGGCCGCTGT,70,4726072
ybiY_ybiW_predicted,3.1481481481481484,110,26,AGTCATCCATGCCTGAAGGC,84,4707860
ybiY_ybiW_predicted,0.07407407407407407,27,26,AGACAGCGGAAAACGCGTCA,1,4698608
ybiY_ybiW_predicted,0.07407407407407407,27,26,ACCCCATACCAGATCTCGTG,1,4695601
ybiY_ybiW_predicted,1.1851851851851851,57,26,AAGTCTTCAGTATGCAGGTT,31,4699692
ybiY_ybiW_predicted,1.6296296296296295,69,26,AAGCTTCAGTGGTATTACGC,43,4703601
ybiY_ybiW_predicted,0.07407407407407407,27,26,AACCGCCTTTTGTATGTCAG,1,4731122
ybiY_ybiW_predicted,0.07692307692307693,26,25,TTGTGTTGTGGCCACATGGA,1,4704331
ybiY_ybiW_predicted,0.11538461538461539,27,25,TTCTCGCCGGGGATAGGAGT,2,4729639
ybiY_ybiW_predicted,0.5,37,25,TGTTCGAGAGTAGTTCAGCA,12,4720593
ybiY_ybiW_predicted,1.6923076923076923,68,25,TGGGAGAAGTCATCACGGAA,43,4704113
ybiY_ybiW_predicted,2.1153846153846154,79,25,TGATGTAAGGATATTCAATG,54,4709745
ybiY_ybiW_predicted,1.2307692307692308,56,25,TCCGTTATATCCCAACCGTA,31,4690568
ybiY_ybiW_predicted,1.0384615384615385,51,25,TAGTCTCATGTGTTTCGGGA,26,4689821
ybiY_ybiW_predicted,0.9615384615384616,49,25,GTTGCCCCGTACGTCAGCAG,24,4722800
ybiY_ybiW_predicted,0.9230769230769231,48,25,GTCAAATCTCCGTTCGAGCG,23,4709824
ybiY_ybiW_predicted,0.7307692307692307,43,25,GGTCGGCACCAACGGCAATA,18,4689093
ybiY_ybiW_predicted,1.2307692307692308,56,25,GGGTCACTACGATCCTCCGT,31,4694100
ybiY_ybiW_predicted,0.07692307692307693,26,25,GGCGTCCTCTTAACGCTGTC,1,4692894
ybiY_ybiW_predicted,6.076923076923077,182,25,GGCGATCTGCGGAAGCTGCA,157,4693722
ybiY_ybiW_predicted,3.8846153846153846,125,25,GGCCGGCGAAGTCGGCGGTT,100,4695668
ybiY_ybiW_predicted,1.1923076923076923,55,25,GCCATTATAATGTGCTAGCT,30,4703875
ybiY_ybiW_predicted,2.0,76,25,GAGGTCTATGCGCTCATGCG,51,4689493
ybiY_ybiW_predicted,3.3461538461538463,111,25,GAGCCGGCGAGTCATCTTAT,86,4694608
ybiY_ybiW_predicted,0.9230769230769231,48,25,GAGCCAATGGCATTCAATAC,23,4703725
ybiY_ybiW_predicted,1.0,50,25,CTTTATGGACCCAGTTTTTC,25,4710493
ybiY_ybiW_predicted,3.230769230769231,108,25,CTTTACTGGTGTTGTTTGCG,83,4712226
ybiY_ybiW_predicted,0.9615384615384616,49,25,CTAAACATCTTCGGGTTACG,24,4689660
ybiY_ybiW_predicted,1.5384615384615385,64,25,CGGTTTGTGCTAGTAACCCC,39,4688858
ybiY_ybiW_predicted,0.15384615384615385,28,25,CGGTAAGAAGCATTTCTGAT,3,4691728
ybiY_ybiW_predicted,0.5,37,25,CGGGGACCAGTGGGTAAATT,12,4689535
ybiY_ybiW_predicted,0.9615384615384616,49,25,CCGGTAGAAAGAGGGCACGG,24,4711075
ybiY_ybiW_predicted,1.3461538461538463,59,25,CCCTAAGGCGAATAAAGGCT,34,4705490
ybiY_ybiW_predicted,1.3846153846153846,60,25,CCCGGGGAGCTGCTCAGAGA,35,4702904
ybiY_ybiW_predicted,1.5,63,25,CCCAGCATGATCCCTCCTGA,38,4699573
ybiY_ybiW_predicted,0.15384615384615385,28,25,CCATTACCACTGTAGCTGCA,3,4709039
ybiY_ybiW_predicted,1.7692307692307692,70,25,CCAATGTGTATTTAGGCCAG,45,4693177
ybiY_ybiW_predicted,1.0384615384615385,51,25,CATCCTTGCAGCTGCATACA,26,4697579
ybiY_ybiW_predicted,0.6923076923076923,42,25,CACATAATTGTCGGATGTTT,17,4700002
ybiY_ybiW_predicted,1.9615384615384615,75,25,CAAGCCCACAATCTTAGTAT,50,4715529
ybiY_ybiW_predicted,1.1538461538461537,54,25,CAACTCAATCAGGATAGTCG,29,4708720
ybiY_ybiW_predicted,2.1923076923076925,81,25,ATTGCGAAGGCTCAGATAAG,56,4692139
ybiY_ybiW_predicted,3.3846153846153846,112,25,ATCCGCAAAACTGGTCAGGT,87,4704951
ybiY_ybiW_predicted,1.1923076923076923,55,25,ATCACTTTGATCCACGGGAT,30,4711228
ybiY_ybiW_predicted,1.3846153846153846,60,25,ATCACGAGCTAGATGATTTA,35,4689256
ybiY_ybiW_predicted,3.5,115,25,AGTCTAATATCGATTTCTAT,90,4727787
ybiY_ybiW_predicted,0.8076923076923077,45,25,AGTCCTGGGCTCATAAGACA,20,4712538
ybiY_ybiW_predicted,0.07692307692307693,26,25,AGTATCACAGTCCGCAAGTA,1,4709660
ybiY_ybiW_predicted,0.07692307692307693,26,25,AGCGACCCTATACTTAACCC,1,4690817
ybiY_ybiW_predicted,0.34615384615384615,33,25,AGCCCTCGGCGTCTATACAT,8,4727500
ybiY_ybiW_predicted,1.7307692307692308,69,25,AGACCGAGCCGGTCCCAGTA,44,4706600
ybiY_ybiW_predicted,2.5,89,25,AGAAGCAAGTGATGTAGAAT,64,4688964
ybiY_ybiW_predicted,0.9615384615384616,49,25,ACGTTCTCGCATGCGAGTAC,24,4731914
ybiY_ybiW_predicted,0.07692307692307693,26,25,ACGGCGGTTACACGCGAAGC,1,4727647
ybiY_ybiW_predicted,1.2307692307692308,56,25,ACGCACGCGCCCGAGAAGAT,31,4730309
ybiY_ybiW_predicted,3.4615384615384617,114,25,AATTCGGATCCAAGACTTCC,89,4702180
ybiY_ybiW_predicted,4.461538461538462,140,25,AAGGAGGCTAAGAGCCGACT,115,4718125
ybiY_ybiW_predicted,1.92,71,24,TTGACGCAATGTCCTCTAGA,47,4728084
ybiY_ybiW_predicted,1.4,58,24,TTAGAACGTCGGCCCGGGCT,34,4702425
ybiY_ybiW_predicted,1.36,57,24,TGTGATTGGGAGAGACTGTA,33,4702085
ybiY_ybiW_predicted,0.6,38,24,TGTCGTAGGAGATACCAGAC,14,4727705
ybiY_ybiW_predicted,2.96,97,24,TCTCGCAGCAAGAGGACCAG,73,4691631
ybiY_ybiW_predicted,1.28,55,24,TCCATGTAACCTGACTCCGA,31,4720756
ybiY_ybiW_predicted,1.16,52,24,TATAGGTTAGCCCCGAACGA,28,4719202
ybiY_ybiW_predicted,0.8,43,24,TAGGGCGCTCAATGTGTGAC,19,4711744
ybiY_ybiW_predicted,0.88,45,24,TAGGCCGTGTGCCAGAAGAC,21,4718210
ybiY_ybiW_predicted,0.84,44,24,TAATAACCGTGTACACGAAC,20,4728545
ybiY_ybiW_predicted,0.4,33,24,GTGGGGTAAGAATCAGACAT,9,4704433
ybiY_ybiW_predicted,1.64,64,24,GTCGAACTCCCCCCTGACAC,40,4691066
ybiY_ybiW_predicted,0.64,39,24,GTCAGCAGACCCAATTCCCC,15,4708724
ybiY_ybiW_predicted,3.16,102,24,GTAAGCAACGATAGGGCGCT,78,4718547
ybiY_ybiW_predicted,0.76,42,24,GGTTCATGCATAAGGTGGTA,18,4697310
ybiY_ybiW_predicted,0.36,32,24,GGGGTGTGTTCACGGGGTAG,8,4689508
ybiY_ybiW_predicted,1.12,51,24,GCTTACGCTGATGAATGCTA,27,4714657
ybiY_ybiW_predicted,0.08,25,24,GCTGGTCGCCTGCCAGTGCC,1,4703081
ybiY_ybiW_predicted,0.8,43,24,GCGCTCTGCCGCTTTCCGCT,19,4689494
ybiY_ybiW_predicted,0.68,40,24,GATAGTTCGTGTCTTCAAGT,16,4721179
ybiY_ybiW_predicted,0.08,25,24,GACCGACTCCCGCACTTGGA,1,4689853
ybiY_ybiW_predicted,0.08,25,24,GACACCGCTTCATAGATGAT,1,4719310
ybiY_ybiW_predicted,0.12,26,24,CTTTTTAGCCCCAACGCGTA,2,4708793
ybiY_ybiW_predicted,2.48,85,24,CTCCTTCTGGCCACTGATAG,61,4704949
ybiY_ybiW_predicted,3.56,112,24,CTATTCCATATGACCGAGGC,88,4688855
ybiY_ybiW_predicted,1.56,62,24,CTATCCCGAGTAGGTTGATG,38,4695377
ybiY_ybiW_predicted,1.28,55,24,CTATCCAAGGCATTCACAAA,31,4701873
ybiY_ybiW_predicted,1.08,50,24,CTACGCATTTACTCCATTCA,26,4695550
ybiY_ybiW_predicted,0.08,25,24,CGTCAGTCCATGGGGAAGTC,1,4689088
ybiY_ybiW_predicted,0.08,25,24,CGGTGGAAGCTCGGGCAAGT,1,4700807
ybiY_ybiW_predicted,0.6,38,24,CCGTTTTAAGCCGGTAACCG,14,4719968
ybiY_ybiW_predicted,1.92,71,24,CCGTGGAATATATGGTACAA,47,4725869
ybiY_ybiW_predicted,0.6,38,24,CCCCCCAAGATGCAAGCTTC,14,4723112
ybiY_ybiW_predicted,1.92,71,24,CAGCATCAGCACGGAGAGCA,47,4716845
ybiY_ybiW_predicted,2.56,87,24,CAATAAGCGGGACATATCAC,63,4710203
ybiY_ybiW_predicted,0.08,25,24,CAACTCGTTAGCTCTTGCAG,1,4689893
ybiY_ybiW_predicted,1.48,60,24,ATGATGGGTTATCTGATCCC,36,4712149
ybiY_ybiW_predicted,3.32,106,24,ATACTTTCGTTGTGGTCTCT,82,4702905
ybiY_ybiW_predicted,0.72,41,24,AGGCCATTTCTTGCGGATCG,17,4714341
ybiY_ybiW_predicted,0.8,43,24,AGCGCGCTACACAGAGTGAA,19,4709069
ybiY_ybiW_predicted,0.4,33,24,AGATTGGAGTACCCCTGTTA,9,4715286
ybiY_ybiW_predicted,0.96,47,24,ACTCCCAGCACCGTACCGAT,23,4706209
ybiY_ybiW_predicted,0.08,25,24,ACGATTGTCCGTGAGGAGTT,1,4692553
ybiY_ybiW_predicted,8.76,242,24,ACGATTATGTGTGTCTTTCC,218,4695666
ybiY_ybiW_predicted,0.08,25,24,ACCGTTGTACCTTTTCGTTT,1,4727449
ybiY_ybiW_predicted,1.12,51,24,ACCCGCGAATGACCTACGAA,27,4710372
ybiY_ybiW_predicted,0.08,25,24,ACATCCGCAGTATTCACGCT,1,4688488
ybiY_ybiW_predicted,1.12,51,24,AAGGGCCGGCGGCTCCGGGG,27,4721600
ybiY_ybiW_predicted,1.25,52,23,TTCCAGAGCGTGAGCTGCAT,29,4707111
ybiY_ybiW_predicted,0.08333333333333333,24,23,TTCAATGATGCGGCGTGCGA,1,4701335
ybiY_ybiW_predicted,2.5416666666666665,83,23,TGTCTTGGGCAGCCAGTAAA,60,4705922
ybiY_ybiW_predicted,2.4583333333333335,81,23,TGAGGCCCTAGGAATGTGAA,58,4721981
ybiY_ybiW_predicted,0.5416666666666666,35,23,TCTGATTTAATCGTTACACT,12,4700899
ybiY_ybiW_predicted,0.08333333333333333,24,23,TCTCCGGCCGCATTTTTTTT,1,4692823
ybiY_ybiW_predicted,1.4583333333333333,57,23,TCAGGGGACAGTTGCCCAAA,34,4728005
ybiY_ybiW_predicted,1.0,46,23,TATGGGTGGACTCCAACGAC,23,4728548
ybiY_ybiW_predicted,0.7083333333333334,39,23,TACATTCTGTAAATAGCTAG,16,4700959
ybiY_ybiW_predicted,0.08333333333333333,24,23,GTCCGCGTAATTCCTAGGAC,1,4720530
ybiY_ybiW_predicted,0.9583333333333334,45,23,GTCAGGTGCACATCATGCGA,22,4724490
ybiY_ybiW_predicted,1.375,55,23,GGCTAGACGGGGGTAATCGA,32,4723486
ybiY_ybiW_predicted,0.4583333333333333,33,23,GGCATGCGACGACCTTTGAT,10,4690012
ybiY_ybiW_predicted,2.9583333333333335,93,23,GCGCTAGGAGAAATTCGTCT,70,4706345
ybiY_ybiW_predicted,1.2916666666666667,53,23,GCCCGTCTTTTCGAGTTTCT,30,4710799
ybiY_ybiW_predicted,0.9583333333333334,45,23,GCCACAAGGCTTGCACTTAT,22,4710764
ybiY_ybiW_predicted,3.2916666666666665,101,23,GCACACTGATCACTTCCCGA,78,4715109
ybiY_ybiW_predicted,2.0416666666666665,71,23,GACGGCTGCTTGTGGTGACT,48,4696355
ybiY_ybiW_predicted,1.7916666666666667,65,23,GAAGGCTTGCTATTGTGGGG,42,4707685
ybiY_ybiW_predicted,0.3333333333333333,30,23,CTATCTAGCGTGTGCCCGGC,7,4712108
ybiY_ybiW_predicted,1.125,49,23,CGCAGAGAGGGTCCTTTAAA,26,4706859
ybiY_ybiW_predicted,1.75,64,23,CGACGTAGACGTAGCGTGTA,41,4716251
ybiY_ybiW_predicted,0.8333333333333334,42,23,CCTCTACCTAGGATTGTATG,19,4695732
ybiY_ybiW_predicted,2.5,82,23,CCTATAGCAGCCCCCTTTTT,59,4697811
ybiY_ybiW_predicted,0.8333333333333334,42,23,CCGTGCCTTCGAGCTTGGTA,19,4729553
ybiY_ybiW_predicted,1.9166666666666667,68,23,CCAGGGCGAAGATCCCGAGT,45,4694376
ybiY_ybiW_predicted,0.08333333333333333,24,23,CACCCGACGTGTCCCGGCAA,1,4697210
ybiY_ybiW_predicted,1.4583333333333333,57,23,CAAGAAACTAAAGGCGAACT,34,4693261
ybiY_ybiW_predicted,0.5833333333333334,36,23,CAAACCAGTCCTGTTTCATC,13,4709083
ybiY_ybiW_predicted,1.1666666666666667,50,23,ATTCCCCAAGGAGGACCAGA,27,4703205
ybiY_ybiW_predicted,1.2916666666666667,53,23,ATGAATTTCCCGCTAACAAA,30,4714472
ybiY_ybiW_predicted,1.0833333333333333,48,23,ATATCTTACGCGAAGGTCTA,25,4693168
ybiY_ybiW_predicted,1.125,49,23,ATAGCGTACACAGGCGGGAT,26,4696021
ybiY_ybiW_predicted,1.4166666666666667,56,23,ATAATACGTTCTTACGAACG,33,4706359
ybiY_ybiW_predicted,0.625,37,23,AGGACTGTAGAATTGGGACA,14,4702879
ybiY_ybiW_predicted,3.4583333333333335,105,23,ACTTAAGCTTGTGCAGGCGT,82,4691755
ybiY_ybiW_predicted,1.5833333333333333,60,23,ACTCAGAATCTGACGATCTG,37,4700167
ybiY_ybiW_predicted,0.6666666666666666,38,23,ACCACCAGACCCGAGTCAGT,15,4689000
ybiY_ybiW_predicted,0.4583333333333333,33,23,ACATACACACTGGCCCTCTC,10,4705949
ybiY_ybiW_predicted,0.375,31,23,AAGCATAGGATTAACCGGGG,8,4721178
ybiY_ybiW_predicted,0.08333333333333333,24,23,AACTCGTTACTCCGTCATTA,1,4710161
ybiY_ybiW_predicted,3.0,90,22,TTTTCTATCTGTCTATTATT,68,4715842
ybiY_ybiW_predicted,1.0434782608695652,45,22,TTTGCGGGCATTTAAGATTG,23,4707424
ybiY_ybiW_predicted,0.9130434782608695,42,22,TTTCATGCTATGGAGGGAGT,20,4732568
ybiY_ybiW_predicted,0.08695652173913043,23,22,TTCCGTGGCCGCTATGTGGA,1,4690683
ybiY_ybiW_predicted,0.08695652173913043,23,22,TTCAATATGATAGCACGCCA,1,4707359
ybiY_ybiW_predicted,1.0869565217391304,46,22,TGGAACGAAATCCTGAGAAC,24,4703254
ybiY_ybiW_predicted,0.9130434782608695,42,22,TGCTTTGGGGCTGCCGTGGT,20,4706139
ybiY_ybiW_predicted,1.0,44,22,TGATAGCCGCACCCCATGTG,22,4696722
ybiY_ybiW_predicted,1.1304347826086956,47,22,TCTTGGGCGCAGGCCTTGGA,25,4716350
ybiY_ybiW_predicted,0.782608695652174,39,22,TCTTAAAAGGCCCCCGCTGT,17,4722953
ybiY_ybiW_predicted,1.6521739130434783,59,22,TCGCTAATGTGTACACCATA,37,4692209
ybiY_ybiW_predicted,1.3478260869565217,52,22,TCATCGTGTCACTGGTAAGT,30,4698280
ybiY_ybiW_predicted,0.4782608695652174,32,22,TATGGACCAGTAGCGGCACC,10,4697340
ybiY_ybiW_predicted,1.391304347826087,53,22,TATCTACAAACCATTCGGTA,31,4728779
ybiY_ybiW_predicted,1.6521739130434783,59,22,TACATCCCTAGTCATCTTTG,37,4691014
ybiY_ybiW_predicted,0.08695652173913043,23,22,TAATCCTAACCGGGAGGTAA,1,4729889
ybiY_ybiW_predicted,0.34782608695652173,29,22,GTAGCTACCTGATGCCCCTG,7,4704866
ybiY_ybiW_predicted,0.9565217391304348,43,22,GTAGAATGGAGCCACTGTTC,21,4702225
ybiY_ybiW_predicted,1.3478260869565217,52,22,GGCCCTCGGCCAAAATTACA,30,4694989
ybiY_ybiW_predicted,0.9565217391304348,43,22,GGAAACTCAGGGTAGGATTG,21,4712469
ybiY_ybiW_predicted,0.34782608695652173,29,22,GCGGCTGCCGAAACATGATG,7,4698151
ybiY_ybiW_predicted,3.5217391304347827,102,22,GCCATGCGGTTATACTTGCT,80,4721226
ybiY_ybiW_predicted,0.391304347826087,30,22,GCATTGTCTTCCCTGCTCTC,8,4689331
ybiY_ybiW_predicted,4.173913043478261,117,22,GACTTGCCACTAAATGATGG,95,4716031
ybiY_ybiW_predicted,2.217391304347826,72,22,GACGTAGCGCGCCGACTGAA,50,4729227
ybiY_ybiW_predicted,2.130434782608696,70,22,CTTTGCGGCATCAGAACGTG,48,4720041
ybiY_ybiW_predicted,0.13043478260869565,24,22,CTTTGCCACGATCGAAACAT,2,4732277
ybiY_ybiW_predicted,1.0869565217391304,46,22,CTTCGAACTGGGCTAGGAAG,24,4714870
ybiY_ybiW_predicted,1.173913043478261,48,22,CTGATTGGTTCCGTAACTGT,26,4698662
ybiY_ybiW_predicted,2.5217391304347827,79,22,CTGAACTATTCGTCTAACCC,57,4716175
ybiY_ybiW_predicted,2.782608695652174,85,22,CTCCACCTCAGAGAATGAAT,63,4701472
ybiY_ybiW_predicted,1.3478260869565217,52,22,CTAATGAAGAGCCCTTGTGT,30,4700237
ybiY_ybiW_predicted,1.9130434782608696,65,22,CGCACCTTCGAACAATTTAG,43,4695580
ybiY_ybiW_predicted,1.0869565217391304,46,22,CGAACGCTCGAGCGTTTGTT,24,4709040
ybiY_ybiW_predicted,0.8695652173913043,41,22,CCGTACAGTGTTACGGGTAC,19,4724130
ybiY_ybiW_predicted,0.08695652173913043,23,22,CATTCGCTGTCGGCACCAGT,1,4699645
ybiY_ybiW_predicted,1.173913043478261,48,22,CAGAACACACAGGTTGGAGT,26,4723754
ybiY_ybiW_predicted,2.4347826086956523,77,22,CACGGGCATGGATTTCGGCA,55,4709770
ybiY_ybiW_predicted,2.0434782608695654,68,22,CACCTGTCCATTAACAGTTC,46,4724727
ybiY_ybiW_predicted,0.9565217391304348,43,22,ATGGATGTTTCATCCAATGT,21,4691708
ybiY_ybiW_predicted,1.9130434782608696,65,22,ATGCTCCCTTCCTCTTGCAG,43,4718777
ybiY_ybiW_predicted,0.08695652173913043,23,22,ATCGCCTTGGGAGTCTAGGG,1,4697625
ybiY_ybiW_predicted,1.2608695652173914,50,22,AGGAGGCCTACAAATAGGAC,28,4695848
ybiY_ybiW_predicted,2.739130434782609,84,22,AGCTGGTAATCGGGTCCTTA,62,4705580
ybiY_ybiW_predicted,1.565217391304348,57,22,ACGGATGCCGCGCAGTCACT,35,4711557
ybiY_ybiW_predicted,0.782608695652174,39,22,AAGAGACAGACACCATCTAT,17,4728197
ybiY_ybiW_predicted,1.2272727272727273,47,21,TTGCGAAGGGGGATGAGGAA,26,4717778
ybiY_ybiW_predicted,2.1363636363636362,67,21,TGTCGGCTAGAGCGAGCCAG,46,4703293
ybiY_ybiW_predicted,1.8181818181818181,60,21,TGAGCATAAAACATTCCCTT,39,4688694
ybiY_ybiW_predicted,3.0,86,21,TGACCTTTAAGGTGTCGAGG,65,4732364
ybiY_ybiW_predicted,2.5454545454545454,76,21,TCTGTGATCTCCCGTGGAAA,55,4711753
ybiY_ybiW_predicted,3.227272727272727,91,21,TCGCGTCATCTTCAACGGGA,70,4714816
ybiY_ybiW_predicted,0.13636363636363635,23,21,TCGAGCCCGGGACTAAGTTA,2,4699510
ybiY_ybiW_predicted,1.0,42,21,TCATAGCGTCGAGCGTGCTA,21,4731607
ybiY_ybiW_predicted,2.227272727272727,69,21,TATTCGGCAATGGCCATAAC,48,4721614
ybiY_ybiW_predicted,2.272727272727273,70,21,TAGCTTCTTAGCATAAGCGA,49,4708748
ybiY_ybiW_predicted,3.727272727272727,102,21,TAGCAGAGTCACTAGAGGTA,81,4707614
ybiY_ybiW_predicted,1.1818181818181819,46,21,TACTTAGTGGAGCCGAAAAC,25,4725892
ybiY_ybiW_predicted,0.8636363636363636,39,21,TACGCTCCTCGGTCATTTTT,18,4693617
ybiY_ybiW_predicted,1.0454545454545454,43,21,TACCCCAAATTAGTAAGATT,22,4704064
ybiY_ybiW_predicted,0.9545454545454546,41,21,TAATTCGCATTCTGGCAGAA,20,4711875
ybiY_ybiW_predicted,2.4545454545454546,74,21,TAAATGCGCCTACCGCGGTC,53,4694980
ybiY_ybiW_predicted,1.0454545454545454,43,21,GTTCAAAACATCCTGTGCTA,22,4701322
ybiY_ybiW_predicted,14.318181818181818,335,21,GTGTTGGTTCGTTTATCTCA,314,4694588
ybiY_ybiW_predicted,0.13636363636363635,23,21,GTGCTTTGTGGAGATGGAAG,2,4721826
ybiY_ybiW_predicted,0.7272727272727273,36,21,GGTGGGCAGGGGAAGGGGGA,15,4697847
ybiY_ybiW_predicted,2.909090909090909,84,21,GGTCATGCTTCGGCGTTAGA,63,4696555
ybiY_ybiW_predicted,0.6363636363636364,34,21,GGGATGCAATGAGGTACAAA,13,4692305
ybiY_ybiW_predicted,0.09090909090909091,22,21,GGATGAGTTAGCATCAGTCT,1,4706871
ybiY_ybiW_predicted,0.3181818181818182,27,21,GGAGCAGCCACGATCTGCAA,6,4714717
ybiY_ybiW_predicted,1.0454545454545454,43,21,GGACTCGGGCGGCAGATAGT,22,4714515
ybiY_ybiW_predicted,1.9090909090909092,62,21,GCCTTCTACCTATGCGACTG,41,4727511
ybiY_ybiW_predicted,0.09090909090909091,22,21,GCATTTAATTCGATTGACGG,1,4709746
ybiY_ybiW_predicted,0.9090909090909091,40,21,GACGCTGTAGCAAAGACATC,19,4715141
ybiY_ybiW_predicted,0.09090909090909091,22,21,GACGAGATGACGGATCCATG,1,4708333
ybiY_ybiW_predicted,0.9090909090909091,40,21,GAAGGTAAAAAGACGGGTTT,19,4692503
ybiY_ybiW_predicted,4.090909090909091,110,21,GAACAGAGTAATTAATTCCT,89,4723756
ybiY_ybiW_predicted,1.4090909090909092,51,21,CTTTGGAGTGTGCTGATGTT,30,4698465
ybiY_ybiW_predicted,0.3181818181818182,27,21,CTTCTAAGTGAGGAACCCGA,6,4705840
ybiY_ybiW_predicted,0.5,31,21,CTGGGGAGGATTGGAGCCAA,10,4712362
ybiY_ybiW_predicted,0.5454545454545454,32,21,CTCGACGTCGAGGATAAACA,11,4708502
ybiY_ybiW_predicted,3.1363636363636362,89,21,CTCACAAGAGGACGATGACC,68,4695115
ybiY_ybiW_predicted,1.1363636363636365,45,21,CTAGGTTAAGCTACATACGC,24,4708655
ybiY_ybiW_predicted,2.4545454545454546,74,21,CGGGTGGCCTAACATGGCCC,53,4691714
ybiY_ybiW_predicted,0.6363636363636364,34,21,CGGGCCTCCAAGAGGCCATG,13,4694146
ybiY_ybiW_predicted,1.6363636363636365,56,21,CGGACCCGAGATCAAAATCG,35,4712730
ybiY_ybiW_predicted,1.7727272727272727,59,21,CGCGTGATGGTCGCCTCTAG,38,4696409
ybiY_ybiW_predicted,0.09090909090909091,22,21,CGAGCACCGGATCCCGAATT,1,4705618
ybiY_ybiW_predicted,1.1818181818181819,46,21,CGAGCAAGTTTAGACCTCGG,25,4692253
ybiY_ybiW_predicted,2.1818181818181817,68,21,CGAACTGACAGATCGTCGTG,47,4721526
ybiY_ybiW_predicted,2.5454545454545454,76,21,CGAACAGCTATGAGTCCTGA,55,4724770
ybiY_ybiW_predicted,0.9545454545454546,41,21,CCCATCCGTTCGATTTTCTC,20,4706285
ybiY_ybiW_predicted,0.5454545454545454,32,21,CACGAATTCCCGGTGGGTGC,11,4704355
ybiY_ybiW_predicted,0.18181818181818182,24,21,CAATCGGAATCCAGCATGAT,3,4716064
ybiY_ybiW_predicted,1.0,42,21,CAAGCTAAACTGTTATCGCT,21,4731362
ybiY_ybiW_predicted,1.1818181818181819,46,21,ATTCCGTCTGTACTTCTATG,25,4699636
ybiY_ybiW_predicted,3.409090909090909,95,21,ATGTACCGGTGGAATATGCC,74,4698655
ybiY_ybiW_predicted,1.2727272727272727,48,21,ATGATTGGGTGGGAGTGAAT,27,4701977
ybiY_ybiW_predicted,3.1363636363636362,89,21,ATCTACGAATACTCAGACGA,68,4692473
ybiY_ybiW_predicted,1.3636363636363635,50,21,ATCGTCCACCTGAGGAGGCA,29,4730840
ybiY_ybiW_predicted,0.8181818181818182,38,21,ATCGTAACCGTCTCTTGGAA,17,4706439
ybiY_ybiW_predicted,0.09090909090909091,22,21,ATCATAGCCGGTCTACCCGA,1,4717116
ybiY_ybiW_predicted,0.8181818181818182,38,21,ATATAGATCCAATTCAAGGG,17,4710554
ybiY_ybiW_predicted,0.8181818181818182,38,21,AGCCCTGCTTAACATAATCA,17,4730825
ybiY_ybiW_predicted,0.09090909090909091,22,21,AGCATGCCGAATAATCAGAT,1,4696893
ybiY_ybiW_predicted,1.0909090909090908,44,21,ACTCCGAACCGGTGTGCAAC,23,4704021
ybiY_ybiW_predicted,3.227272727272727,91,21,AATGACTGTAGTTGTCCCAG,70,4706732
ybiY_ybiW_predicted,2.1363636363636362,67,21,AAGGCCATGAATTATAGCGA,46,4725417
ybiY_ybiW_predicted,0.7272727272727273,36,21,AAGCTGGCGTTACAGCTAGA,15,4703082
ybiY_ybiW_predicted,2.6363636363636362,78,21,AACTTCAAATTAAAGACCAT,57,4718556
ybiY_ybiW_predicted,0.8095238095238095,36,20,TTTCCACCTGTGCGCCGACT,16,4704226
ybiY_ybiW_predicted,0.8095238095238095,36,20,TTGGGAGGGACGTATCCCAT,16,4693108
ybiY_ybiW_predicted,1.8095238095238095,57,20,TTGGCAGTTCGACGCGAAAA,37,4705496
ybiY_ybiW_predicted,1.5238095238095237,51,20,TGCGGACCTCAAGGCGTACT,31,4692787
ybiY_ybiW_predicted,0.5714285714285714,31,20,TGACCGTTAAATCCCGTTGT,11,4696117
ybiY_ybiW_predicted,1.1904761904761905,44,20,TCACTATAGTACATCGATAA,24,4710707
ybiY_ybiW_predicted,0.5238095238095238,30,20,TCACACGGACTGGTCGTCTT,10,4707304
ybiY_ybiW_predicted,1.3333333333333333,47,20,TATCGTAGTCCAGCCACACC,27,4727498
ybiY_ybiW_predicted,2.5238095238095237,72,20,TATAGCTCTCTACAGCAGAA,52,4715165
ybiY_ybiW_predicted,1.1904761904761905,44,20,TACTTGATTGGCATTTAGGA,24,4721601
ybiY_ybiW_predicted,1.5238095238095237,51,20,TACCGAGGGTTATTCCAGCT,31,4711559
ybiY_ybiW_predicted,0.8095238095238095,36,20,GTTGCGTGGACATTACCTGT,16,4732498
ybiY_ybiW_predicted,1.6666666666666667,54,20,GTGCAATTGGTCTACAATTC,34,4710004
ybiY_ybiW_predicted,1.1904761904761905,44,20,GTCACTGAGCGGGACGACCA,24,4691375
ybiY_ybiW_predicted,0.14285714285714285,22,20,GTACACGGCACACTAAGTAT,2,4689644
ybiY_ybiW_predicted,0.09523809523809523,21,20,GTAAGAGTAAAATAAACGAA,1,4701489
ybiY_ybiW_predicted,3.142857142857143,85,20,GGTCCTTTAGGGGTTTCAGA,65,4696191
ybiY_ybiW_predicted,3.238095238095238,87,20,GCGCTGGACCTCTGACAGCA,67,4715266
ybiY_ybiW_predicted,0.9523809523809523,39,20,GCCTGATACTCTCCATTTGA,19,4700558
ybiY_ybiW_predicted,1.0952380952380953,42,20,GCCTATGGACTCGCTCACAA,22,4703807
ybiY_ybiW_predicted,1.2857142857142858,46,20,GATAAGGGCCTGTTTCGACT,26,4690645
ybiY_ybiW_predicted,0.47619047619047616,29,20,GAGCCTGGGCTCTGAATCTT,9,4728259
ybiY_ybiW_predicted,0.6190476190476191,32,20,CTGTTGGGCGCCCAAACGCG,12,4720122
ybiY_ybiW_predicted,2.4285714285714284,70,20,CTGAAAATAAATGTTAACTT,50,4729433
ybiY_ybiW_predicted,0.9047619047619048,38,20,CTATTCACCTCCTTCGTATT,18,4722000
ybiY_ybiW_predicted,2.238095238095238,66,20,CTATGGCCGCGCTTGATCCT,46,4720862
ybiY_ybiW_predicted,0.09523809523809523,21,20,CCGGCCGTCATTCCATCTGT,1,4731971
ybiY_ybiW_predicted,0.09523809523809523,21,20,CAGTGATGTTTGGCCCCCAG,1,4721528
ybiY_ybiW_predicted,1.1428571428571428,43,20,CAACGCAGGGATTGTCCAAT,23,4691710
ybiY_ybiW_predicted,1.0952380952380953,42,20,ATGTAATGGTTCTTTGTCCC,22,4709687
ybiY_ybiW_predicted,1.2857142857142858,46,20,ATGGAAGTCAGAATAGGAAT,26,4715801
ybiY_ybiW_predicted,3.0,82,20,ATCCCCCTTTAAGAAAAGTT,62,4703414
ybiY_ybiW_predicted,2.7142857142857144,76,20,ATATTTTTTATACTCGTAGA,56,4718690
ybiY_ybiW_predicted,1.8571428571428572,58,20,ATAATAATAATACTGCCTTC,38,4690117
ybiY_ybiW_predicted,1.1428571428571428,43,20,ATAACAGGAAGACTTGCCTT,23,4724540
ybiY_ybiW_predicted,2.2857142857142856,67,20,AGTTTTTGGTTCACTTCTTG,47,4719159
ybiY_ybiW_predicted,0.09523809523809523,21,20,AGTTGGTAACCAGATATGAA,1,4689976
ybiY_ybiW_predicted,0.8571428571428571,37,20,AGTTAATACACTTGTTGGGG,17,4716970
ybiY_ybiW_predicted,1.380952380952381,48,20,AGGTACCGAGGTGGCCACCA,28,4710000
ybiY_ybiW_predicted,0.09523809523809523,21,20,AGAACTTGTATTTTTAGTAG,1,4705664
ybiY_ybiW_predicted,2.0,61,20,ACTGGTCCGCCGTGGGTAGA,41,4719971
ybiY_ybiW_predicted,0.09523809523809523,21,20,ACGCTTTAATGTTGGAAACA,1,4690684
ybiY_ybiW_predicted,1.0952380952380953,42,20,ACAGCTCGCTGTGGCGGCTA,22,4697473
ybiY_ybiW_predicted,0.09523809523809523,21,20,AATAGTCTTTGGAAATGTAT,1,4721285
ybiY_ybiW_predicted,0.09523809523809523,21,20,AAGACTTTGCCGGAGTGAGG,1,4723140
ybiY_ybiW_predicted,1.4,46,19,TTTTTATCTCAATTGCAGTG,27,4719678
ybiY_ybiW_predicted,0.8,34,19,TTTTGATAACGCGCTCGACG,15,4690708
ybiY_ybiW_predicted,1.4,46,19,TTTCCGAATTGTAATAAGTT,27,4711616
ybiY_ybiW_predicted,8.75,193,19,TTGTAGTCATTGGTGTTCTA,174,4691492
ybiY_ybiW_predicted,0.65,31,19,TTCGCAACGGCTAGCAAGCA,12,4716481
ybiY_ybiW_predicted,1.0,38,19,TTCCGCCGAATCTGTGCACA,19,4724191
ybiY_ybiW_predicted,0.1,20,19,TTCAGCACGTTAAACGTCTA,1,4702389
ybiY_ybiW_predicted,0.1,20,19,TTAGACTCGGGCAACGAAGC,1,4722168
ybiY_ybiW_predicted,1.45,47,19,TTAAAGTATACTCCGTTTGA,28,4705011
ybiY_ybiW_predicted,1.65,51,19,TGTTATTCTGCCTACGAGAA,32,4722320
ybiY_ybiW_predicted,0.85,35,19,TGTACGCGGGAGTTTCTAGG,16,4719594
ybiY_ybiW_predicted,4.75,113,19,TGTACCCCCGTGGGGATGCC,94,4707684
ybiY_ybiW_predicted,1.65,51,19,TGCCCTAAGAAAAAAAGGGT,32,4698462
ybiY_ybiW_predicted,1.05,39,19,TGAAAATAACTACAGGCCGC,20,4718874
ybiY_ybiW_predicted,2.65,71,19,TCTGTAGTCACTCAAGTAAA,52,4712129
ybiY_ybiW_predicted,0.35,25,19,TCTACTCTGTACATCGCAGA,6,4721177
ybiY_ybiW_predicted,0.1,20,19,TCGCAATGTATGCGTCTTAT,1,4728824
ybiY_ybiW_predicted,3.35,85,19,TCCCCTCAGTATGTTGAAAT,66,4695266
ybiY_ybiW_predicted,0.1,20,19,TCATTTACACGGTGTGTAAA,1,4718911
ybiY_ybiW_predicted,1.7,52,19,TCATTAAATCCGACCTTGAC,33,4716674
ybiY_ybiW_predicted,0.15,21,19,TATGTAGAAACAGAATCGGC,2,4701187
ybiY_ybiW_predicted,0.15,21,19,TAAGCCACGACAAACCGGCA,2,4717637
ybiY_ybiW_predicted,1.15,41,19,TAACTTGCGTCATCCTACTC,22,4709336
ybiY_ybiW_predicted,2.7,72,19,TAACTTAGGACCTCCGTGCT,53,4713334
ybiY_ybiW_predicted,1.4,46,19,TAACTGTCGATTGAATAGCA,27,4728587
ybiY_ybiW_predicted,0.1,20,19,TAAAATGCAAACAGTCAGTA,1,4707507
ybiY_ybiW_predicted,1.6,50,19,GTTTCTCGTGCCGTGTTTTC,31,4692760
ybiY_ybiW_predicted,4.35,105,19,GTTCCCTTATGCCTACAACA,86,4721997
ybiY_ybiW_predicted,1.2,42,19,GTTAATGGTACGCCTAGGAG,23,4694201
ybiY_ybiW_predicted,1.35,45,19,GTGGCGCGCTCATAGCACGG,26,4714843
ybiY_ybiW_predicted,0.5,28,19,GTGAATTTAGTTATCGGCCT,9,4713951
ybiY_ybiW_predicted,1.1,40,19,GGTTATTCCCGCCCATGTCT,21,4694020
ybiY_ybiW_predicted,0.1,20,19,GGGGTTAGTGTTACCGCGCA,1,4703948
ybiY_ybiW_predicted,0.1,20,19,GGGCACTAGCTCGTAGCGCT,1,4698432
ybiY_ybiW_predicted,0.1,20,19,GCTCGGCGGCAACCGCTGTG,1,4730110
ybiY_ybiW_predicted,1.25,43,19,GCGTCCTGCAACTCCTGTCT,24,4692079
ybiY_ybiW_predicted,0.85,35,19,GCGGGGATAAACATATGGTT,16,4729127
ybiY_ybiW_predicted,0.9,36,19,GCGCTTACACCTTCGGTCGT,17,4707538
ybiY_ybiW_predicted,1.5,48,19,GCCTTAGTCGCCACTGTTTT,29,4716424
ybiY_ybiW_predicted,0.1,20,19,GCATCGAACTGACGTGTGTA,1,4726717
ybiY_ybiW_predicted,0.1,20,19,GCAAAATTTATCCGGCAATC,1,4706228
ybiY_ybiW_predicted,2.3,64,19,GATAGTTGAGTCCCAAGGGT,45,4732015
ybiY_ybiW_predicted,2.0,58,19,GATAGAGCCAAGGACTTGCA,39,4710356
ybiY_ybiW_predicted,1.4,46,19,GACTCAAACAGCTGCTGCGA,27,4711032
ybiY_ybiW_predicted,2.05,59,19,GACACCCAGAGTCTGGTAGA,40,4704816
ybiY_ybiW_predicted,0.9,36,19,CTTAAGCTCACGTATTCTTG,17,4713213
ybiY_ybiW_predicted,0.35,25,19,CTGTAGTGCATAGGGCTTTC,6,4721037
ybiY_ybiW_predicted,1.25,43,19,CTGACCAGGAGTCTCACCCA,24,4712153
ybiY_ybiW_predicted,0.75,33,19,CTCTTCTCGGGCCTTTCTCT,14,4692145
ybiY_ybiW_predicted,5.1,120,19,CTCCTGATACACTCATATCC,101,4701518
ybiY_ybiW_predicted,0.45,27,19,CTAAAACGGTCGTAATTTAG,8,4708205
ybiY_ybiW_predicted,0.4,26,19,CGTAAGCGTTGGACCGAGGT,7,4722390
ybiY_ybiW_predicted,0.1,20,19,CGGGGCGACCGGTGCGCAGA,1,4703403
ybiY_ybiW_predicted,0.6,30,19,CGGGACACGATAGAACGATT,11,4694722
ybiY_ybiW_predicted,1.2,42,19,CGCCACCTATGCATTCATCG,23,4702491
ybiY_ybiW_predicted,4.95,117,19,CCGCCTGGATCGTCGTCAGT,98,4714394
ybiY_ybiW_predicted,1.25,43,19,CCCTCAACTGGAATCACTAC,24,4721663
ybiY_ybiW_predicted,1.35,45,19,CCACATATAAGCGCCTCCGT,26,4691030
ybiY_ybiW_predicted,0.1,20,19,CACATGGCCATCCGTATGCA,1,4702566
ybiY_ybiW_predicted,0.45,27,19,CAAAGCGTCTAAGGCGCCTC,8,4690188
ybiY_ybiW_predicted,0.45,27,19,ATTTTTATCGCTACCCCGTA,8,4702986
ybiY_ybiW_predicted,1.1,40,19,ATTGTAGCAACCGACGGATG,21,4722282
ybiY_ybiW_predicted,2.6,70,19,ATGGCAAGCGTCTTCCTTAA,51,4717785
ybiY_ybiW_predicted,2.05,59,19,AGTGCACCTCCCAGGTGTTA,40,4708089
ybiY_ybiW_predicted,0.65,31,19,AGGGACTTCATAATCAGGTT,12,4725536
ybiY_ybiW_predicted,2.6,70,19,AGGAGGTGGTGTTTCTCTCC,51,4717881
ybiY_ybiW_predicted,0.1,20,19,AGAAGTTCCTGGAATGGACA,1,4711958
ybiY_ybiW_predicted,4.1,100,19,ACTCGCCACTGTCGCATCCT,81,4693725
ybiY_ybiW_predicted,0.8,34,19,ACGGGAGTCACGCTATTCCT,15,4723023
ybiY_ybiW_predicted,1.35,45,19,ACCCAGTGGTGCTCCGCGAT,26,4713166
ybiY_ybiW_predicted,0.1,20,19,ACACCTAGCGTCTCGCAGAC,1,4726406
ybiY_ybiW_predicted,0.9,36,19,AATTTTCAGTTCGTGGTTCA,17,4698561
ybiY_ybiW_predicted,0.1,20,19,AATGCTTCCGCCGACGGATC,1,4698930
ybiY_ybiW_predicted,0.5,28,19,AATCCGAGTAGCTAACCGTA,9,4695875
ybiY_ybiW_predicted,0.95,37,19,AATATGAAAGCATACTCGCT,18,4710411
ybiY_ybiW_predicted,0.4,26,19,AACTTTCCGCGGATCTTGAA,7,4688758
ybiY_ybiW_predicted,0.5,28,19,AACTGGCCTTTGTAGTCGAC,9,4699930
ybiY_ybiW_predicted,2.6,70,19,AACTGGATGATCTGAATGAA,51,4704808
ybiY_ybiW_predicted,4.368421052631579,100,18,TTTGAGGGTATTGACTTAAT,82,4696836
ybiY_ybiW_predicted,1.4210526315789473,44,18,TTGTTATCTGGAGGAGAATG,26,4694840
ybiY_ybiW_predicted,2.1052631578947367,57,18,TTCTATTGAGTACCGGGCTA,39,4730917
ybiY_ybiW_predicted,0.10526315789473684,19,18,TTCGCTCGTGGTTTCACTAT,1,4704690
ybiY_ybiW_predicted,1.2105263157894737,40,18,TTACATTTATGAGCGGCCAT,22,4706058
ybiY_ybiW_predicted,0.10526315789473684,19,18,TGCGCATTACGCCCCCGGCT,1,4722805
ybiY_ybiW_predicted,1.631578947368421,48,18,TCTTCTCTCTCTACATCCCT,30,4716785
ybiY_ybiW_predicted,0.10526315789473684,19,18,TCTCTCAGGTTCAACATGTA,1,4708701
ybiY_ybiW_predicted,0.9473684210526315,35,18,TCGGCAGGGATCGCGGAAAA,17,4700428
ybiY_ybiW_predicted,1.5789473684210527,47,18,TCCTCCTAGGATCCGCTAAG,29,4704538
ybiY_ybiW_predicted,1.4736842105263157,45,18,TAGGGATCCGCCGGGGAATA,27,4691068
ybiY_ybiW_predicted,1.8421052631578947,52,18,TAGATTTCTGTGAGCATGCT,34,4713024
ybiY_ybiW_predicted,0.21052631578947367,21,18,TACGACATCACAACGTGGTT,3,4716252
ybiY_ybiW_predicted,0.8947368421052632,34,18,TAATTCGGAAGTGTTAAGTT,16,4716287
ybiY_ybiW_predicted,1.263157894736842,41,18,TAATGCCTTAGATGCTCGCA,23,4727866
ybiY_ybiW_predicted,1.0526315789473684,37,18,TAACGTCTCCCGTACGTTCG,19,4714707
ybiY_ybiW_predicted,2.0526315789473686,56,18,TAACAAGCTTTAACTAATCA,38,4708033
ybiY_ybiW_predicted,0.2631578947368421,22,18,TAAAGACAAGGGGTGGGTTA,4,4700975
ybiY_ybiW_predicted,0.6842105263157895,30,18,GTTTCGTGGGGCCATCGCCT,12,4704162
ybiY_ybiW_predicted,1.5789473684210527,47,18,GTTTAACTAAGCAACTCTAT,29,4724409
ybiY_ybiW_predicted,1.0,36,18,GTGGATTATAGTGATACCTT,18,4722704
ybiY_ybiW_predicted,0.10526315789473684,19,18,GTGCCACGTATCATCAGGCA,1,4729111
ybiY_ybiW_predicted,1.0,36,18,GTCGGTTCTATTCGCCTGAC,18,4703432
ybiY_ybiW_predicted,0.10526315789473684,19,18,GTAGTTTCGCCGAGTCCTGG,1,4712993
ybiY_ybiW_predicted,1.2105263157894737,40,18,GGGGCCATCTGACGCTGCGT,22,4700067
ybiY_ybiW_predicted,1.7894736842105263,51,18,GGACAGAGTCAGATCACAGC,33,4720590
ybiY_ybiW_predicted,0.5263157894736842,27,18,GCTGTCTGCCGAAACAGGAT,9,4695405
ybiY_ybiW_predicted,0.15789473684210525,20,18,GCTGGCAACATTCTTAGTCA,2,4724477
ybiY_ybiW_predicted,1.0,36,18,GCTCAACCTATAACGGCCGC,18,4696936
ybiY_ybiW_predicted,1.7894736842105263,51,18,GCTAGCGGATTTGGAAGCTA,33,4704566
ybiY_ybiW_predicted,0.5789473684210527,28,18,GCCGCAAGTGCCCGGTTATG,10,4724712
ybiY_ybiW_predicted,2.3157894736842106,61,18,GATTGGGCCTCCGATTGTAG,43,4707428
ybiY_ybiW_predicted,1.8421052631578947,52,18,GATGGATCTCCTCTCCGATG,34,4704548
ybiY_ybiW_predicted,0.10526315789473684,19,18,GAGTACGGTCGTTTGAAGTT,1,4729483
ybiY_ybiW_predicted,0.10526315789473684,19,18,GAGCGTGGAAGCACTGGCTA,1,4719714
ybiY_ybiW_predicted,1.894736842105263,53,18,GACTAACATTAAATAGACCT,35,4721273
ybiY_ybiW_predicted,0.15789473684210525,20,18,GACCAGATTTCTGTTCAATA,2,4708596
ybiY_ybiW_predicted,1.105263157894737,38,18,GAAGTCCAGTTTAGGTCAAA,20,4731932
ybiY_ybiW_predicted,3.8421052631578947,90,18,CTTTAAAGTCGATAGCTCGT,72,4709443
ybiY_ybiW_predicted,0.7368421052631579,31,18,CTTGAGCCTCAGCATTTCGA,13,4725570
ybiY_ybiW_predicted,2.263157894736842,60,18,CTTCTGGGACGGAACGCAAT,42,4697288
ybiY_ybiW_predicted,0.7368421052631579,31,18,CTTCATTCTAGAGATCTGCT,13,4719051
ybiY_ybiW_predicted,1.3157894736842106,42,18,CTCTGTCCACTCTGAAGAGT,24,4713574
ybiY_ybiW_predicted,0.10526315789473684,19,18,CTAGCGTTCAATCATGGCTA,1,4705176
ybiY_ybiW_predicted,2.1052631578947367,57,18,CTACTACGTCCTCCAGCACT,39,4720871
ybiY_ybiW_predicted,1.5789473684210527,47,18,CGTACGTGGTAAGTACGAGT,29,4710965
ybiY_ybiW_predicted,1.5789473684210527,47,18,CGTAAACGCAATAGGTTCAC,29,4713403
ybiY_ybiW_predicted,0.10526315789473684,19,18,CGGCTGTAAATGGATGATGG,1,4722974
ybiY_ybiW_predicted,0.10526315789473684,19,18,CCAGGTCCCGAGGCTCGATT,1,4727606
ybiY_ybiW_predicted,0.10526315789473684,19,18,CCAAGCTAGGTATAAGGCAA,1,4725567
ybiY_ybiW_predicted,1.8421052631578947,52,18,CCAACGATAAATCTTGTTAA,34,4708505
ybiY_ybiW_predicted,3.1578947368421053,77,18,CCAACAGACGGTCCTCCATA,59,4688861
ybiY_ybiW_predicted,1.6842105263157894,49,18,CAGTCGAAGATTCCCACGGT,31,4693953
ybiY_ybiW_predicted,1.736842105263158,50,18,CAGTAAGTGACTCTCTCGGG,32,4689735
ybiY_ybiW_predicted,1.4210526315789473,44,18,CAGACTCTTTGGTAGGCTTC,26,4722452
ybiY_ybiW_predicted,1.9473684210526316,54,18,CAGACACGGGAGCTCTGATA,36,4691523
ybiY_ybiW_predicted,1.8421052631578947,52,18,CACCGAATGTTAGAGGGGCT,34,4707731
ybiY_ybiW_predicted,0.7894736842105263,32,18,CACACTAATTCCCCCCATTT,14,4717031
ybiY_ybiW_predicted,0.9473684210526315,35,18,CAATTGTTCAAATAGCTCAA,17,4705320
ybiY_ybiW_predicted,1.4736842105263157,45,18,CAAGTTGCTAACTTTGGAAA,27,4690444
ybiY_ybiW_predicted,0.8947368421052632,34,18,ATGTGACCGTATCTCCAATT,16,4731285
ybiY_ybiW_predicted,1.5789473684210527,47,18,ATCGTCTGGAGTCGGTTTAA,29,4721825
ybiY_ybiW_predicted,0.5789473684210527,28,18,AGTTCGCGCTCCGTTGCGAA,10,4701365
ybiY_ybiW_predicted,0.2631578947368421,22,18,AGGGCCTTGGGTCAGCTCTT,4,4701566
ybiY_ybiW_predicted,1.6842105263157894,49,18,AGCGAGTCTCGCTACCTTAT,31,4720923
ybiY_ybiW_predicted,1.368421052631579,43,18,AGAGGGATGTTGTGTTACTG,25,4725825
ybiY_ybiW_predicted,1.8421052631578947,52,18,AGACTTAACTGATCTCTTGA,34,4694459
ybiY_ybiW_predicted,0.47368421052631576,26,18,ACTGGCTCTTACAGCGAAGG,8,4712804
ybiY_ybiW_predicted,0.9473684210526315,35,18,ACGCAATCTGCCAGAGGGCA,17,4690538
ybiY_ybiW_predicted,3.6842105263157894,87,18,ACACAGACCTCCGTTACAAG,69,4726874
ybiY_ybiW_predicted,1.263157894736842,41,18,AATTTAGTACAGTTTCAATG,23,4701473
ybiY_ybiW_predicted,0.10526315789473684,19,18,AATGTGCCGCCAGTATTGCA,1,4694515
ybiY_ybiW_predicted,4.947368421052632,111,18,AATGCTACCTACTACCTGTG,93,4694342
ybiY_ybiW_predicted,2.3157894736842106,61,18,AAGTAGACCTTTTAAAACAC,43,4703597
ybiY_ybiW_predicted,0.6842105263157895,30,18,AAGCTTATGAGAAGATGTGG,12,4727015
ybiY_ybiW_predicted,3.1052631578947367,76,18,AAGCGCCCACTGATCCCAGT,58,4690543
ybiY_ybiW_predicted,2.6842105263157894,68,18,AAATATCCACTGCGCAAGCG,50,4690186
ybiY_ybiW_predicted,0.3333333333333333,22,17,TTTTGAATGGAAGTCTATCT,5,4714059
ybiY_ybiW_predicted,1.2777777777777777,39,17,TTTCTCAACGCTACCCGTTG,22,4695279
ybiY_ybiW_predicted,5.388888888888889,113,17,TTGCCCCATATGAAAGGGGG,96,4729419
ybiY_ybiW_predicted,0.7777777777777778,30,17,TTGATCGGGGAAGGTCGGTC,13,4698226
ybiY_ybiW_predicted,1.9444444444444444,51,17,TTCATGAAGGGTGGCTATAG,34,4694043
ybiY_ybiW_predicted,1.0555555555555556,35,17,TTCAGTTACTCGACCAGGTT,18,4727317
ybiY_ybiW_predicted,1.1111111111111112,36,17,TTCACATCGCTGAGGATTAG,19,4714343
ybiY_ybiW_predicted,3.888888888888889,86,17,TGTCAAGATCCAACTAACGT,69,4703469
ybiY_ybiW_predicted,0.1111111111111111,18,17,TGGTAGTTTATAAGTAGATT,1,4724373
ybiY_ybiW_predicted,0.1111111111111111,18,17,TGGCGGTGGACACGGAGACT,1,4690088
ybiY_ybiW_predicted,5.333333333333333,112,17,TGAGCGGACGCCAGGAGTTA,95,4713889
ybiY_ybiW_predicted,2.6666666666666665,64,17,TGAGCGCGTTAGGTGGCGAG,47,4696548
ybiY_ybiW_predicted,1.8888888888888888,50,17,TCTGGCTACTATAGGGCCGT,33,4692730
ybiY_ybiW_predicted,1.3333333333333333,40,17,TCTATTGCTCTCCGCAGCGC,23,4713387
ybiY_ybiW_predicted,0.2222222222222222,20,17,TCGGTTGTGAGCCAGACAGA,3,4700026
ybiY_ybiW_predicted,1.6111111111111112,45,17,TCGGCTTGAGTGTCCTGCTC,28,4698373
ybiY_ybiW_predicted,1.1666666666666667,37,17,TCACGGCAGTTGTGTTACTA,20,4702373
ybiY_ybiW_predicted,1.4444444444444444,42,17,TCAAGAAGACGGGGGATGAA,25,4724430
ybiY_ybiW_predicted,2.4444444444444446,60,17,TATTGACATCAGAGCTCTTT,43,4690984
ybiY_ybiW_predicted,0.8333333333333334,31,17,TAGGTTAAAAAACGCGCGTC,14,4703691
ybiY_ybiW_predicted,1.8888888888888888,50,17,TAGCACCAATCCCTGGTGCT,33,4727367
ybiY_ybiW_predicted,0.1111111111111111,18,17,GTGTATAAATTCTGAATTTC,1,4704200
ybiY_ybiW_predicted,5.444444444444445,114,17,GTGCACGATCGACATGTCGC,97,4709365
ybiY_ybiW_predicted,1.8333333333333333,49,17,GTCTGGGGGGTCCTACTCTA,32,4693006
ybiY_ybiW_predicted,1.1111111111111112,36,17,GTCGTTTACGCCATGTTCGT,19,4689205
ybiY_ybiW_predicted,1.1666666666666667,37,17,GTCGGGTAGGTACGGATACG,20,4700477
ybiY_ybiW_predicted,1.5555555555555556,44,17,GTCACCATTGACGTCAATGC,27,4693038
ybiY_ybiW_predicted,1.9444444444444444,51,17,GTACGACAAGCTCGTGCAAC,34,4707965
ybiY_ybiW_predicted,0.6111111111111112,27,17,GGGTTGCTTACTCGGAGTAG,10,4712926
ybiY_ybiW_predicted,0.8333333333333334,31,17,GGGTATTTCAAACGCTACCG,14,4731121
ybiY_ybiW_predicted,0.1111111111111111,18,17,GGCTAGGAGCTCATGCCTCA,1,4698690
ybiY_ybiW_predicted,4.111111111111111,90,17,GGCCCGAATCTGAGCAGGTC,73,4702816
ybiY_ybiW_predicted,1.1111111111111112,36,17,GCGATCGGCCGTACGACACC,19,4708874
ybiY_ybiW_predicted,1.5,43,17,GCGACAGGTGTGTCATGTAA,26,4703760
ybiY_ybiW_predicted,0.1111111111111111,18,17,GCAACACGCGCAGCCCGTGT,1,4709212
ybiY_ybiW_predicted,0.1111111111111111,18,17,GATTGGTACTAGAATGTAAA,1,4694241
ybiY_ybiW_predicted,1.7222222222222223,47,17,GATAGCCAGACAAGTCCCAT,30,4698565
ybiY_ybiW_predicted,2.388888888888889,59,17,GATAAGTGTTCGAACAACCA,42,4698785
ybiY_ybiW_predicted,0.1111111111111111,18,17,GACGGGCGTCCAGGACATAA,1,4714896
ybiY_ybiW_predicted,1.1111111111111112,36,17,GACCCACCATCATAAGGACA,19,4722419
ybiY_ybiW_predicted,1.5,43,17,GACACAGCACTACCTTTGAG,26,4694987
ybiY_ybiW_predicted,0.1111111111111111,18,17,GAATTTGCTTTCTGGACATG,1,4710188
ybiY_ybiW_predicted,1.2777777777777777,39,17,GAAGGTTTAGACAAGTCACC,22,4708466
ybiY_ybiW_predicted,2.0555555555555554,53,17,CTTTTAGTCTCGTTTTGGAG,36,4727815
ybiY_ybiW_predicted,2.5555555555555554,62,17,CTTGGTATGAGCCATCAGTT,45,4713891
ybiY_ybiW_predicted,1.9444444444444444,51,17,CTGTCCGGCCTGCTCGAGTA,34,4702080
ybiY_ybiW_predicted,2.5555555555555554,62,17,CTGCGCGTAACAGCGAATGT,45,4707610
ybiY_ybiW_predicted,2.388888888888889,59,17,CTCAACTCGCGCGCTCTTAG,42,4729607
ybiY_ybiW_predicted,1.0555555555555556,35,17,CTATAGACACTCAAGACAAT,18,4691421
ybiY_ybiW_predicted,1.6666666666666667,46,17,CTACCTGTTTTCTATGCCCA,29,4709722
ybiY_ybiW_predicted,1.2777777777777777,39,17,CGTGTCGGTGGTCCGTATAA,22,4705497
ybiY_ybiW_predicted,0.1111111111111111,18,17,CGTATGCATATACATGATTA,1,4688510
ybiY_ybiW_predicted,0.6666666666666666,28,17,CGTATCTTCTCGTTCATACT,11,4694730
ybiY_ybiW_predicted,1.1666666666666667,37,17,CGGGGTGCCGTCGGAAGCGC,20,4696611
ybiY_ybiW_predicted,0.1111111111111111,18,17,CGAGGGCCTTGGAGCGCTTG,1,4700751
ybiY_ybiW_predicted,0.8333333333333334,31,17,CCTAAAAAACCGCTTGGTGG,14,4727851
ybiY_ybiW_predicted,0.6111111111111112,27,17,CCGCCAGAGACAATTTTCAT,10,4707000
ybiY_ybiW_predicted,0.1111111111111111,18,17,CCCTAAGATAGTCGTCTTAT,1,4727881
ybiY_ybiW_predicted,1.0555555555555556,35,17,CCCGAGATGGATAAGGCTTT,18,4691067
ybiY_ybiW_predicted,0.2222222222222222,20,17,CCATTTTGTTCACGGACACA,3,4727008
ybiY_ybiW_predicted,0.6111111111111112,27,17,CCAGTGTTAACAAAATCGCT,10,4688582
ybiY_ybiW_predicted,1.2222222222222223,38,17,CCAGTCTTCTTGTACTCTGT,21,4700088
ybiY_ybiW_predicted,0.4444444444444444,24,17,CATTGTGTTCACGTACGAGG,7,4718260
ybiY_ybiW_predicted,1.2222222222222223,38,17,CATGCCGTCGAATAACGTAT,21,4707816
ybiY_ybiW_predicted,1.2777777777777777,39,17,CAGATGTCAGCAATAGTGTG,22,4695403
ybiY_ybiW_predicted,0.8333333333333334,31,17,CACGTAACCACTTATCTTGT,14,4692337
ybiY_ybiW_predicted,1.7222222222222223,47,17,CACGATCCGCGAGGGGGCTG,30,4722772
ybiY_ybiW_predicted,1.0,34,17,CAACAAATCAGGAAGTAGCC,17,4718120
ybiY_ybiW_predicted,0.16666666666666666,19,17,ATTTTTAGACTGATAGGGTA,2,4698502
ybiY_ybiW_predicted,0.1111111111111111,18,17,ATGGGCACATATTGAAGATG,1,4693817
ybiY_ybiW_predicted,1.8333333333333333,49,17,ATCCGTGATTCGTCTGGGGC,32,4724834
ybiY_ybiW_predicted,0.1111111111111111,18,17,ATACCAGCCACGCGTTTAGG,1,4727294
ybiY_ybiW_predicted,1.4444444444444444,42,17,ATAATGCAGGTGGTGTATGA,25,4713685
ybiY_ybiW_predicted,0.1111111111111111,18,17,AGTTGTTCTTTCGGTAGGCA,1,4726699
ybiY_ybiW_predicted,1.1666666666666667,37,17,AGTATATAAAGTTGTAAGCG,20,4722567
ybiY_ybiW_predicted,2.1666666666666665,55,17,AGGCGAGTCTCACATAACGT,38,4728709
ybiY_ybiW_predicted,2.0,52,17,AGAGGTCTATGTATGGTCCT,35,4697854
ybiY_ybiW_predicted,1.2777777777777777,39,17,AGACGGCAATGTCAAACGAA,22,4713858
ybiY_ybiW_predicted,1.3333333333333333,40,17,AGACCAGATCGGGTGGCTGG,23,4706354
ybiY_ybiW_predicted,1.5,43,17,ACGAAGGCACGTGCATGCCA,26,4700007
ybiY_ybiW_predicted,0.5555555555555556,26,17,ACCTCTCAGAGCCTGTATTT,9,4722092
ybiY_ybiW_predicted,0.9444444444444444,33,17,ACCCTACCTTTCTTCTCGAA,16,4696217
ybiY_ybiW_predicted,1.1111111111111112,36,17,ACAAGCACCCTAAGCGCTCT,19,4694341
ybiY_ybiW_predicted,56.05555555555556,1025,17,AATGTAATTGTGATGTCCCC,1008,4710735
ybiY_ybiW_predicted,1.4444444444444444,42,17,AATGCAGTGCCCCTCAATTC,25,4723535
ybiY_ybiW_predicted,0.1111111111111111,18,17,AATACTCTTTGCGAAAGTCA,1,4706858
ybiY_ybiW_predicted,3.2222222222222223,74,17,AAGTGCTTAACGCCTCTGTC,57,4709439
ybiY_ybiW_predicted,0.1111111111111111,18,17,AACTTAGACAAGATTCAAAG,1,4726060
ybiY_ybiW_predicted,2.1666666666666665,55,17,AAAGACTAGTGCTTTAGGTT,38,4728493
ybiY_ybiW_predicted,5.294117647058823,105,16,TTGCTGCAATGTCGTGTCCC,89,4729039
ybiY_ybiW_predicted,1.2941176470588236,37,16,TTCTAATAGGAAAAACTCAT,21,4699932
ybiY_ybiW_predicted,2.6470588235294117,60,16,TTAGTTGCTATATCGCTTAT,44,4693096
ybiY_ybiW_predicted,0.47058823529411764,23,16,TGTGCCGCAATCAATGAGTC,7,4700183
ybiY_ybiW_predicted,1.1764705882352942,35,16,TGCCGGAGCCGTCTCCATCA,19,4697204
ybiY_ybiW_predicted,1.3529411764705883,38,16,TGCATGGTTAACCCGTATAG,22,4704725
ybiY_ybiW_predicted,0.9411764705882353,31,16,TGCAAACAATTAGTTTGTGT,15,4704749
ybiY_ybiW_predicted,1.588235294117647,42,16,TGACGACCCTTGAAAAAGCC,26,4728900
ybiY_ybiW_predicted,0.11764705882352941,17,16,TCTCCCTGTTAGCCTAGCTA,1,4723459
ybiY_ybiW_predicted,1.4705882352941178,40,16,TCTATATGGGCAGACACCAG,24,4689642
ybiY_ybiW_predicted,0.11764705882352941,17,16,TCTACTGACCACCTCCTGTC,1,4706558
ybiY_ybiW_predicted,0.11764705882352941,17,16,TCGCGAAGTGATATGTAGGT,1,4724053
ybiY_ybiW_predicted,1.5294117647058822,41,16,TCGCCGAAAGACATGGATTT,25,4689100
ybiY_ybiW_predicted,1.588235294117647,42,16,TCCTCATACGCATGCGTGAT,26,4717052
ybiY_ybiW_predicted,1.1764705882352942,35,16,TCCGGGCAAGGTTAGTCCGG,19,4695772
ybiY_ybiW_predicted,1.0588235294117647,33,16,TCCGATTGGTTTCGGGGGCT,17,4697754
ybiY_ybiW_predicted,4.764705882352941,96,16,TCATTTACAAGAGCATGTGG,80,4710734
ybiY_ybiW_predicted,5.411764705882353,107,16,TCAAAGTAGGACGGCATGTT,91,4723748
ybiY_ybiW_predicted,0.17647058823529413,18,16,TATTTGCCGGTGTACGTGGA,2,4699584
ybiY_ybiW_predicted,0.11764705882352941,17,16,TATGATCCGGGACGTTGCCA,1,4710345
ybiY_ybiW_predicted,1.7058823529411764,44,16,TATATATGGCCCGGCTGAGG,28,4694499
ybiY_ybiW_predicted,0.11764705882352941,17,16,TACCCTCGCCAGGTTTACAA,1,4713893
ybiY_ybiW_predicted,0.11764705882352941,17,16,TAAGATGTTTGGGAGCTGAA,1,4703833
ybiY_ybiW_predicted,1.0588235294117647,33,16,TAAATGCCGCTTAAACCAAC,17,4732436
ybiY_ybiW_predicted,2.235294117647059,53,16,GTTGATTGGGAAGTTATGAG,37,4716325
ybiY_ybiW_predicted,1.3529411764705883,38,16,GTGCGCATACCTTGAATATA,22,4707740
ybiY_ybiW_predicted,1.2941176470588236,37,16,GTGCGAACTCCCTAGACTCG,21,4693564
ybiY_ybiW_predicted,0.35294117647058826,21,16,GTCGGTCTAGGAAGTAGTCT,5,4697052
ybiY_ybiW_predicted,0.8235294117647058,29,16,GTATCGGCCGCACTGGGTCT,13,4728192
ybiY_ybiW_predicted,0.29411764705882354,20,16,GTACCAACAGGGGAAGATGT,4,4701774
ybiY_ybiW_predicted,0.8235294117647058,29,16,GGTGCACCGCAGGCGTCAAC,13,4719888
ybiY_ybiW_predicted,0.11764705882352941,17,16,GGGTTGATTCCGTTGAGAGA,1,4693513
ybiY_ybiW_predicted,1.6470588235294117,43,16,GGCTTACTAAATTCCAAGAT,27,4696610
ybiY_ybiW_predicted,0.11764705882352941,17,16,GGCATGGGATGCTAGTAGGC,1,4700595
ybiY_ybiW_predicted,1.7647058823529411,45,16,GGATAGGCGGAGTACACAGG,29,4704893
ybiY_ybiW_predicted,0.11764705882352941,17,16,GGAACATCAGCTTCGTTCAA,1,4713367
ybiY_ybiW_predicted,1.0,32,16,GCTTATTCTGCCGAATTTCG,16,4730876
ybiY_ybiW_predicted,1.7647058823529411,45,16,GCTCGCTTCGGGAAGAGACA,29,4696523
ybiY_ybiW_predicted,0.11764705882352941,17,16,GCCGGTTTACGGCCTCCCAT,1,4690052
ybiY_ybiW_predicted,0.11764705882352941,17,16,GCCGCGGTACGGAAGGCGAT,1,4695811
ybiY_ybiW_predicted,1.9411764705882353,48,16,GCATCTCCCTCTTTTGACAA,32,4712050
ybiY_ybiW_predicted,0.7647058823529411,28,16,GCAAAGTGCATCGAGGGCCC,12,4701516
ybiY_ybiW_predicted,1.5294117647058822,41,16,GATATATTCTTGAAACGAAA,25,4708630
ybiY_ybiW_predicted,2.235294117647059,53,16,GAGTAGCTGGCTAGTAGATT,37,4702280
ybiY_ybiW_predicted,1.2352941176470589,36,16,GAGCCATAGGAAGTATCGGC,20,4708861
ybiY_ybiW_predicted,2.3529411764705883,55,16,GACGCATCCTACATCCCTTG,39,4705015
ybiY_ybiW_predicted,1.0,32,16,GAACTATGGATCTCGTGGGT,16,4712368
ybiY_ybiW_predicted,1.4705882352941178,40,16,CTTAGAGGCGTTTAAACGCC,24,4728745
ybiY_ybiW_predicted,3.764705882352941,79,16,CTGTATACTCACTATGTTTT,63,4722503
ybiY_ybiW_predicted,0.17647058823529413,18,16,CTCGATATTGAGCACTTCCT,2,4712928
ybiY_ybiW_predicted,1.2352941176470589,36,16,CTACGCCGATATTCAGTATC,20,4726766
ybiY_ybiW_predicted,0.11764705882352941,17,16,CGCAGTGTCCGCAAGACAGC,1,4730466
ybiY_ybiW_predicted,1.7058823529411764,44,16,CGCAGTCTCATCTGATTGAT,28,4703950
ybiY_ybiW_predicted,1.1176470588235294,34,16,CGATCTGCCAGGACACTCCT,18,4701045
ybiY_ybiW_predicted,4.352941176470588,89,16,CCTGTTAGATCGCAAGCTTG,73,4719373
ybiY_ybiW_predicted,1.6470588235294117,43,16,CCGTCGGCGCAAATCGGCGT,27,4700030
ybiY_ybiW_predicted,1.411764705882353,39,16,CCGATATATCAATAAAAAGA,23,4702638
ybiY_ybiW_predicted,2.411764705882353,56,16,CCCTAGGCTTGTCCGTGCCT,40,4716024
ybiY_ybiW_predicted,0.11764705882352941,17,16,CCCGGTGGGCAACGGTATGG,1,4723049
ybiY_ybiW_predicted,2.235294117647059,53,16,CCCACTATCCCCCCCATCCT,37,4730339
ybiY_ybiW_predicted,1.3529411764705883,38,16,CCAATTTCATCGGGGATACA,22,4717322
ybiY_ybiW_predicted,1.588235294117647,42,16,CAGTCTTACACGGATGCTCA,26,4693381
ybiY_ybiW_predicted,1.588235294117647,42,16,CACCCGAAAAGTATTAGTAT,26,4698919
ybiY_ybiW_predicted,2.0588235294117645,50,16,CAATAAATCATTGCTAGATA,34,4689446
ybiY_ybiW_predicted,1.9411764705882353,48,16,CAACACCGTTCGTAAAGGTA,32,4706056
ybiY_ybiW_predicted,0.11764705882352941,17,16,ATTCTCAGGTATCTTCTATA,1,4706173
ybiY_ybiW_predicted,1.7647058823529411,45,16,ATGTTTGAAACGAAACGTCT,29,4703658
ybiY_ybiW_predicted,1.3529411764705883,38,16,ATACGCAAGAACAATACGTG,22,4722979
ybiY_ybiW_predicted,1.0588235294117647,33,16,AGTATTATCCGAAATCTATA,17,4702942
ybiY_ybiW_predicted,2.2941176470588234,54,16,AGTATACGGGCCGACGTCCA,38,4703571
ybiY_ybiW_predicted,1.0588235294117647,33,16,AGGTCGGCGACTGCTTTCTG,17,4723135
ybiY_ybiW_predicted,5.470588235294118,108,16,AGGCACTACATATTTCTAGT,92,4714695
ybiY_ybiW_predicted,1.0588235294117647,33,16,AGCGTAGGGGCTCTCGATAT,17,4705634
ybiY_ybiW_predicted,0.6470588235294118,26,16,AGATAGTCACCATAGTGAGT,10,4711871
ybiY_ybiW_predicted,1.1176470588235294,34,16,AGAGTTCGCTAGCGTATTAT,18,4720124
ybiY_ybiW_predicted,5.647058823529412,111,16,AGACGCGTGTAACACAAGCA,95,4704469
ybiY_ybiW_predicted,4.882352941176471,98,16,ACTGCATGGCCACCGGAATT,82,4699690
ybiY_ybiW_predicted,1.0588235294117647,33,16,ACTCTGACCGATAGCGTATG,17,4701425
ybiY_ybiW_predicted,1.3529411764705883,38,16,ACTCATGTGCAGTTGCGTTC,22,4695094
ybiY_ybiW_predicted,0.9411764705882353,31,16,ACGTTAAAGCCGAGCCCATA,15,4707815
ybiY_ybiW_predicted,2.0588235294117645,50,16,ACGCCATGGGTTTTACCATG,34,4719779
ybiY_ybiW_predicted,0.17647058823529413,18,16,ACGACGGAGGGGCTCTCTAA,2,4721556
ybiY_ybiW_predicted,2.235294117647059,53,16,ACCGGTGTGGCACCTGACAA,37,4730548
ybiY_ybiW_predicted,0.7058823529411765,27,16,ACCGGGACGGGCGAGGTGTT,11,4706656
ybiY_ybiW_predicted,1.7058823529411764,44,16,ACCACAGTGAGTCGTATTCT,28,4717893
ybiY_ybiW_predicted,0.11764705882352941,17,16,ACATGTATTCAGACATCGAG,1,4701083
ybiY_ybiW_predicted,2.4705882352941178,57,16,ACAGTTTGCTCCTCTCCTCG,41,4692112
ybiY_ybiW_predicted,1.7058823529411764,44,16,ACAGACGCAACCTGGCTACC,28,4713762
ybiY_ybiW_predicted,1.1764705882352942,35,16,AATGCATTACCCAATGAGCT,19,4718517
ybiY_ybiW_predicted,0.8823529411764706,30,16,AATCTACGAAGATGCCCAGG,14,4706513
ybiY_ybiW_predicted,1.411764705882353,39,16,AATCGGGTACATTCCATTAA,23,4731524
ybiY_ybiW_predicted,3.588235294117647,76,16,AAGGTGAACAGCAAATGGGT,60,4702178
ybiY_ybiW_predicted,1.1176470588235294,34,16,AAGGCTCTCACGCTTCTTGC,18,4689139
ybiY_ybiW_predicted,1.1176470588235294,34,16,AAAATTGCACTTGTGGGTGT,18,4730872
ybiY_ybiW_predicted,0.6875,25,15,TTTCACTACTCTGTCATCCT,10,4688798
ybiY_ybiW_predicted,1.75,42,15,TTTAGTGATAATGTTAAGGG,27,4708143
ybiY_ybiW_predicted,7.4375,133,15,TTGACAAGTAAGCGGGGAAC,118,4710218
ybiY_ybiW_predicted,1.4375,37,15,TTCGATACAGTGCTCTTCAC,22,4710160
ybiY_ybiW_predicted,0.125,16,15,TGTGGACTTGGTTCTGTCAC,1,4691545
ybiY_ybiW_predicted,4.9375,93,15,TGTATTGGAGAAAGGGTGGA,78,4695667
ybiY_ybiW_predicted,0.125,16,15,TGGTCTTCCCAAGCGTGGTA,1,4712636
ybiY_ybiW_predicted,1.5,38,15,TGCGATAATCTAAGTACGAA,23,4719774
ybiY_ybiW_predicted,1.375,36,15,TGCGAAGCATGGGACTAGGT,21,4728209
ybiY_ybiW_predicted,1.625,40,15,TGCAGATGCTGGACGTTGCA,25,4692336
ybiY_ybiW_predicted,6.8125,123,15,TGCAAAATGTCTTTCACTGT,108,4730771
ybiY_ybiW_predicted,1.5625,39,15,TCTCTCGCACAGTTTATGGT,24,4693840
ybiY_ybiW_predicted,1.8125,43,15,TCGTTTAGAGTTGCCAGAAT,28,4706293
ybiY_ybiW_predicted,0.3125,19,15,TCGTTGGCATACTAGGGGGT,4,4714788
ybiY_ybiW_predicted,0.125,16,15,TCGATCCGACTGATCGTGGC,1,4717313
ybiY_ybiW_predicted,0.5625,23,15,TCGATAATCCATACGTGGCA,8,4715630
ybiY_ybiW_predicted,2.8125,59,15,TCCTTCTGTTGTTGGACGCT,44,4699201
ybiY_ybiW_predicted,2.8125,59,15,TCCTGGCCATGGTCCGAACC,44,4691388
ybiY_ybiW_predicted,1.625,40,15,TCCGGCCCAGGTCTACCGAT,25,4730897
ybiY_ybiW_predicted,1.125,32,15,TCCACCTGATCGCATCGGAC,17,4720963
ybiY_ybiW_predicted,1.125,32,15,TCATCCGGAGCCATGAGCTT,17,4705357
ybiY_ybiW_predicted,2.0,46,15,TCAGTTTGGGTAAACACTTC,31,4691301
ybiY_ybiW_predicted,1.1875,33,15,TCAACGCTCTATTAGTTCGT,18,4697637
ybiY_ybiW_predicted,0.4375,21,15,TCAAAGCAGGGGGGGAGCGT,6,4699319
ybiY_ybiW_predicted,2.1875,49,15,TATTGTGTTAGATTAGTTAA,34,4729863
ybiY_ybiW_predicted,2.3125,51,15,TATGTACATCGGGTACCGTT,36,4709129
ybiY_ybiW_predicted,1.75,42,15,TAGATCTACACCGCTCACGC,27,4718614
ybiY_ybiW_predicted,0.125,16,15,TACTCGGCTATGAGACCTAC,1,4722068
ybiY_ybiW_predicted,3.5,70,15,TACGCCGAGCCGTGCCTCCT,55,4702414
ybiY_ybiW_predicted,1.5625,39,15,GTGTTGTCGGAGTAAGAGCA,24,4703274
ybiY_ybiW_predicted,0.125,16,15,GTGGGGCTCTAAGAAGGCAT,1,4730239
ybiY_ybiW_predicted,1.5625,39,15,GTGGATCAACACCTTCGCAA,24,4723662
ybiY_ybiW_predicted,2.75,58,15,GGTGGGACTGAGCAGATGGT,43,4712814
ybiY_ybiW_predicted,1.3125,35,15,GGTGCGTGCACTCAACCTAC,20,4721222
ybiY_ybiW_predicted,2.5,54,15,GGGCGACGGTTTACGCTATA,39,4720588
ybiY_ybiW_predicted,1.9375,45,15,GGCGACCCCCACTATTAAAC,30,4709853
ybiY_ybiW_predicted,2.375,52,15,GCGAATTTACGCCTAGACGT,37,4700978
ybiY_ybiW_predicted,4.3125,83,15,GCAGAGGTATATAACTAACG,68,4723651
ybiY_ybiW_predicted,0.5625,23,15,GATTGCTGCAGGTCACCACT,8,4698805
ybiY_ybiW_predicted,0.1875,17,15,GATCGATATTAAACAATTGA,2,4694302
ybiY_ybiW_predicted,3.0625,63,15,GAGTATGGACGGTCGGCTAA,48,4722417
ybiY_ybiW_predicted,1.6875,41,15,GACTACGCATGTCAAGGTAA,26,4731368
ybiY_ybiW_predicted,4.125,80,15,GACGCGTCATTAGTGGTGTA,65,4695669
ybiY_ybiW_predicted,1.625,40,15,GAAGGTATTGAGAACCTCTC,25,4726354
ybiY_ybiW_predicted,4.125,80,15,GAAAGGTGTAACGGCATGCA,65,4709090
ybiY_ybiW_predicted,0.8125,27,15,CTTGTTGGCGTCCTTACGGA,12,4728600
ybiY_ybiW_predicted,2.375,52,15,CTTAAGCGGCCTTTAAGCTC,37,4695226
ybiY_ybiW_predicted,0.6875,25,15,CTTAAAGGAGGGGGTGACAT,10,4717051
ybiY_ybiW_predicted,3.5,70,15,CTCTCATTAGGTACCTTCTG,55,4693355
ybiY_ybiW_predicted,1.9375,45,15,CTCCAGAGTGCCAATGTTTA,30,4706186
ybiY_ybiW_predicted,1.375,36,15,CTATTTTCCCGTGACTCGGG,21,4700974
ybiY_ybiW_predicted,1.625,40,15,CTAGACTTCATGGGTAGTCT,25,4704909
ybiY_ybiW_predicted,1.125,32,15,CGTACGTCGTGCGCAACCCG,17,4699361
ybiY_ybiW_predicted,0.125,16,15,CGCCAGTCCGCGGAACACCT,1,4703872
ybiY_ybiW_predicted,1.3125,35,15,CGCACATAATTCGCGATTTG,20,4702866
ybiY_ybiW_predicted,0.125,16,15,CCTGCATGGGCGTATATTTC,1,4712818
ybiY_ybiW_predicted,2.375,52,15,CCGTGCTATCGGTCTAGTGC,37,4696179
ybiY_ybiW_predicted,0.1875,17,15,CCGTCTTGGGGACTCAGGGG,2,4700766
ybiY_ybiW_predicted,0.125,16,15,CCGGGTTAACTATACCTAAT,1,4692712
ybiY_ybiW_predicted,1.25,34,15,CCGCATTCACGGACTCATGA,19,4724400
ybiY_ybiW_predicted,0.5625,23,15,CCGATGTACCAATGTCACGT,8,4729501
ybiY_ybiW_predicted,1.1875,33,15,CCGACAGGCCTAAGTTTACC,18,4705501
ybiY_ybiW_predicted,1.125,32,15,CCCTAGCTCCAGCAAGCAAT,17,4713486
ybiY_ybiW_predicted,1.6875,41,15,CCCGACTATGTGCGGCCCGT,26,4723416
ybiY_ybiW_predicted,4.125,80,15,CCAATGTCCGATAGTGTCAT,65,4696322
ybiY_ybiW_predicted,1.25,34,15,CAGTCCTCATATGCACAATA,19,4700814
ybiY_ybiW_predicted,0.875,28,15,CAGGGTTATCCTTTGGCAAG,13,4714959
ybiY_ybiW_predicted,0.125,16,15,ATTTTCAAGGGAGCGCCGAG,1,4701471
ybiY_ybiW_predicted,2.6875,57,15,ATTTTATGGTCTGCTTTCGG,42,4707483
ybiY_ybiW_predicted,0.8125,27,15,ATTTATAGAACTTGGAACAG,12,4729752
ybiY_ybiW_predicted,1.875,44,15,ATTGGCCATCCTGCAGTGCT,29,4725418
ybiY_ybiW_predicted,2.9375,61,15,ATTCGCGGTTTAGTCCACGT,46,4724270
ybiY_ybiW_predicted,0.625,24,15,ATTAATGTACTTGTAGGACG,9,4706655
ybiY_ybiW_predicted,0.125,16,15,ATGTGGCTTTCGCGCCCTTG,1,4689617
ybiY_ybiW_predicted,3.6875,73,15,ATGGGCAACATGCACACGCT,58,4714724
ybiY_ybiW_predicted,0.875,28,15,ATGGACACACTACATTACTA,13,4717222
ybiY_ybiW_predicted,0.125,16,15,ATGCTCGCGTGACGAGATTT,1,4721019
ybiY_ybiW_predicted,2.6875,57,15,ATATAACGTTGGGAATCGAT,42,4724539
ybiY_ybiW_predicted,0.125,16,15,ATAATCGCGCTCACTAACCA,1,4730738
ybiY_ybiW_predicted,1.625,40,15,AGTCTCCGCGTACGAAGTCC,25,4694290
ybiY_ybiW_predicted,2.9375,61,15,AGGTACAAGTTTGCCAGGAT,46,4706538
ybiY_ybiW_predicted,1.0,30,15,AGGCGCCCGCATTCTGGGAT,15,4724833
ybiY_ybiW_predicted,1.5,38,15,AGGACTGCAGGCTTCAGGAT,23,4720450
ybiY_ybiW_predicted,1.5625,39,15,AGAAGGCTTCTGTCATGAAA,24,4722737
ybiY_ybiW_predicted,1.3125,35,15,ACGTTGGTCTGTGCCACGCC,20,4695743
ybiY_ybiW_predicted,2.125,48,15,ACGTGTGGATATGTGCCCCC,33,4715663
ybiY_ybiW_predicted,1.25,34,15,ACCGGGGTGTCTGACTGTAA,19,4695805
ybiY_ybiW_predicted,2.5,54,15,ACCGCATCTAGGTCCCCAAT,39,4694301
ybiY_ybiW_predicted,0.875,28,15,AATTGGCCCACTTACGCCAC,13,4691438
ybiY_ybiW_predicted,0.6875,25,15,AATTCGTCTTAAGGTTAGTA,10,4709147
ybiY_ybiW_predicted,4.125,80,15,AAGCTTCAGTTGGTAACCTG,65,4713626
ybiY_ybiW_predicted,1.1875,33,15,AAGCACTAACATGCTTTAGT,18,4716950
ybiY_ybiW_predicted,0.4375,21,15,AAATTCTGTATCACCCGTGT,6,4706089
ybiY_ybiW_predicted,1.875,44,15,AAAATAGGGGTAAATGACCT,29,4713810
ybiY_ybiW_predicted,3.3125,67,15,AAAACGATTTAGCTTAGCAG,52,4695783
ybiY_ybiW_predicted,1.4666666666666666,35,14,TTTTGTCCTGGCTGTGCAGT,21,4698460
ybiY_ybiW_predicted,3.466666666666667,65,14,TTTTCCCTCAACTTCTGCTT,51,4709051
ybiY_ybiW_predicted,1.8,40,14,TTTGTGGTTATTAGCATGCC,26,4701418
ybiY_ybiW_predicted,1.7333333333333334,39,14,TTTGGGTATGGTGAGCCCGA,25,4713022
ybiY_ybiW_predicted,1.9333333333333333,42,14,TTGCCTTGTCGGCGGGTGGA,28,4719707
ybiY_ybiW_predicted,0.13333333333333333,15,14,TTGCATTACACCCAAGACTT,1,4729386
ybiY_ybiW_predicted,0.13333333333333333,15,14,TTATTATAATTTGACACTTT,1,4722531
ybiY_ybiW_predicted,0.13333333333333333,15,14,TTAGATCTTTGGTAATGGAG,1,4699323
ybiY_ybiW_predicted,1.6,37,14,TGGCTATAACCTCAGCTTTT,23,4690811
ybiY_ybiW_predicted,0.13333333333333333,15,14,TGGAGGATTTCCCGGACGGG,1,4717587
ybiY_ybiW_predicted,4.666666666666667,83,14,TGCTGTGATTGGAGGCTAGA,69,4718721
ybiY_ybiW_predicted,0.6,22,14,TGCATACTCTGAGTGCAATA,8,4718121
ybiY_ybiW_predicted,2.8666666666666667,56,14,TGAGCACGACGGTTACTTAA,42,4706816
ybiY_ybiW_predicted,0.13333333333333333,15,14,TCTTTCTCACGGTCCGCAAC,1,4723414
ybiY_ybiW_predicted,1.6666666666666667,38,14,TCGCAGATAGGGGATCCTGC,24,4714898
ybiY_ybiW_predicted,2.3333333333333335,48,14,TCACCCAAAGGGATCCATTT,34,4697427
ybiY_ybiW_predicted,1.2666666666666666,32,14,TCAAATATAGTACTCAGGTC,18,4720008
ybiY_ybiW_predicted,0.4666666666666667,20,14,TATCTTTAAAATTGTATAAA,6,4697511
ybiY_ybiW_predicted,1.2666666666666666,32,14,TATATGTAGTTCTGTGCACG,18,4712950
ybiY_ybiW_predicted,1.8,40,14,TAGGGTGGGACAATCTTATT,26,4694191
ybiY_ybiW_predicted,0.6666666666666666,23,14,TAGATAACCCCAGGTAGGCT,9,4714105
ybiY_ybiW_predicted,2.3333333333333335,48,14,TACGGTGTACAGGATGTTAC,34,4702349
ybiY_ybiW_predicted,1.3333333333333333,33,14,TACGCGTTGTAAGCCTCAGA,19,4703832
ybiY_ybiW_predicted,3.2,61,14,TAACGAGCCGGGATTTCGAA,47,4716134
ybiY_ybiW_predicted,0.13333333333333333,15,14,GTTCGTACATGCTTGCCAGG,1,4714911
ybiY_ybiW_predicted,2.066666666666667,44,14,GTGGTATCAGGATCCCCAAC,30,4730235
ybiY_ybiW_predicted,1.6666666666666667,38,14,GTCGTAGCTAGTCCCCATGC,24,4699188
ybiY_ybiW_predicted,0.13333333333333333,15,14,GGTTGATTTGCGGTACACTG,1,4714844
ybiY_ybiW_predicted,1.5333333333333334,36,14,GGTGTTTAAACAAGGCTAAG,22,4717616
ybiY_ybiW_predicted,1.4666666666666666,35,14,GGTGACTAGCTAATTCACCA,21,4715149
ybiY_ybiW_predicted,1.8666666666666667,41,14,GGCTGGGCACCGAGTCAATG,27,4727210
ybiY_ybiW_predicted,0.9333333333333333,27,14,GGCAAAGGTGCCGCCTTCCA,13,4692315
ybiY_ybiW_predicted,0.8666666666666667,26,14,GGAGTAGTGGCACAGCCTCA,12,4724920
ybiY_ybiW_predicted,2.466666666666667,50,14,GGAGGCTTAGACCCGCTTGA,36,4711376
ybiY_ybiW_predicted,1.4,34,14,GGAAACCCATTTATTCATCG,20,4720205
ybiY_ybiW_predicted,1.1333333333333333,30,14,GCTGTTATGGATCAATGGTA,16,4721289
ybiY_ybiW_predicted,0.13333333333333333,15,14,GCTAGGGATGCCCTTTTTCA,1,4709740
ybiY_ybiW_predicted,1.3333333333333333,33,14,GCGTATCAGATGCGAGGGGA,19,4722105
ybiY_ybiW_predicted,0.13333333333333333,15,14,GCCCTGAGACCCTCCGATGG,1,4695238
ybiY_ybiW_predicted,2.0,43,14,GCCATCGGCCGACATTAACT,29,4692664
ybiY_ybiW_predicted,0.13333333333333333,15,14,GCATCGCCCTCACCGTTGCA,1,4691853
ybiY_ybiW_predicted,1.2666666666666666,32,14,GCAGGACTGTACTCTATTCA,18,4722688
ybiY_ybiW_predicted,1.7333333333333334,39,14,GCAGCAGTATTTTCTTCTAT,25,4717189
ybiY_ybiW_predicted,1.8666666666666667,41,14,GCACTCTAAAGCAGGATAAT,27,4722325
ybiY_ybiW_predicted,0.13333333333333333,15,14,GAGAATATCTTTAACACTAG,1,4704434
ybiY_ybiW_predicted,3.0,58,14,GACGATGCCAGTATCCCGAT,44,4713981
ybiY_ybiW_predicted,1.0666666666666667,29,14,GAAGTACTTGCACGAAGAGA,15,4707744
ybiY_ybiW_predicted,1.0666666666666667,29,14,GAAACTAGACTGGCAGCACA,15,4711080
ybiY_ybiW_predicted,2.6666666666666665,53,14,GAAACAAGAGCGGTCCTCCT,39,4719045
ybiY_ybiW_predicted,1.4666666666666666,35,14,CTTTATAAGTTCCCTAGGAG,21,4700166
ybiY_ybiW_predicted,0.13333333333333333,15,14,CTTCGTCTGACTTGAGGCAT,1,4716367
ybiY_ybiW_predicted,1.2,31,14,CTTACGCGTGTGGCGGCCCT,17,4692357
ybiY_ybiW_predicted,1.6666666666666667,38,14,CTGGTGAGCGCGCGTAGGGA,24,4688608
ybiY_ybiW_predicted,0.2,16,14,CTCGTGGGACGCACGGTTTT,2,4720990
ybiY_ybiW_predicted,2.7333333333333334,54,14,CTCGGCGAGACCCGGGGTTC,40,4718236
ybiY_ybiW_predicted,2.2,46,14,CTCAGGGTGACCCGCTCGGG,32,4720629
ybiY_ybiW_predicted,1.6666666666666667,38,14,CTCAACAAAGGCCTCTAGTA,24,4711595
ybiY_ybiW_predicted,2.2666666666666666,47,14,CTATTTGGGACTCTACGAAG,33,4729491
ybiY_ybiW_predicted,0.9333333333333333,27,14,CTACTACATAACAAGGGTGT,13,4708752
ybiY_ybiW_predicted,1.4,34,14,CTAATGGTATGTTTTGAATA,20,4703295
ybiY_ybiW_predicted,2.466666666666667,50,14,CGTAATAACTTCACCACGGG,36,4708010
ybiY_ybiW_predicted,0.2,16,14,CGGTAGATCTACCTTATTGA,2,4696075
ybiY_ybiW_predicted,1.0666666666666667,29,14,CGGCTTACCAAATCGAAACA,15,4720424
ybiY_ybiW_predicted,1.6666666666666667,38,14,CGGCGAAGTTTCACCCGCTG,24,4716890
ybiY_ybiW_predicted,1.0666666666666667,29,14,CCTGGTTAACAGACAATAGT,15,4699049
ybiY_ybiW_predicted,0.2,16,14,CCTGAAGCGCCCCGGTTTGT,2,4724959
ybiY_ybiW_predicted,1.5333333333333334,36,14,CCTCGCTATATTTGGATAAG,22,4732178
ybiY_ybiW_predicted,2.6,52,14,CCTCCTTGTACCCACGGTTG,38,4697531
ybiY_ybiW_predicted,4.8,85,14,CCTCCTGACCCGTGTGCTTG,71,4698259
ybiY_ybiW_predicted,0.4666666666666667,20,14,CCTATTAGCGTGCAAGCTCA,6,4709540
ybiY_ybiW_predicted,1.4666666666666666,35,14,CCTAAGATGGGTACTCGTGC,21,4715421
ybiY_ybiW_predicted,1.5333333333333334,36,14,CCGCCGTGTTGGTAGTATTA,22,4706094
ybiY_ybiW_predicted,1.7333333333333334,39,14,CCGACATATCCAGAATGTAT,25,4698427
ybiY_ybiW_predicted,0.3333333333333333,18,14,CCCGCGTGTCCGGCGTTATT,4,4707823
ybiY_ybiW_predicted,0.13333333333333333,15,14,CCAGACTCGAAGCGCGTGTT,1,4695029
ybiY_ybiW_predicted,1.3333333333333333,33,14,CAGTGGGTTCTGTCCCTCTA,19,4723328
ybiY_ybiW_predicted,0.6666666666666666,23,14,CAGTGATTAGCTTGGCTAGC,9,4732276
ybiY_ybiW_predicted,2.1333333333333333,45,14,CAGGCCGGACTAGCGAGCTT,31,4700729
ybiY_ybiW_predicted,2.466666666666667,50,14,CAGCGCAAGTAAAGACGTCG,36,4732096
ybiY_ybiW_predicted,1.4666666666666666,35,14,CAGATCTAGATGAACCGTAA,21,4709125
ybiY_ybiW_predicted,1.6,37,14,CAGAGTCCCATCGTCCTTTA,23,4708267
ybiY_ybiW_predicted,3.4,64,14,CAGAGGAACTTAGTATCGTC,50,4720881
ybiY_ybiW_predicted,1.9333333333333333,42,14,CAGACGGGCGCCATAAGTTA,28,4703991
ybiY_ybiW_predicted,1.0,28,14,CACTTGTTCACTACGTCGGT,14,4727564
ybiY_ybiW_predicted,5.066666666666666,89,14,CACGTAATATGTTCAGGCCT,75,4700400
ybiY_ybiW_predicted,2.7333333333333334,54,14,CACGACTAACACAAGTGCGT,40,4707329
ybiY_ybiW_predicted,0.13333333333333333,15,14,CACATGCGCAGTACAGCCAG,1,4718624
ybiY_ybiW_predicted,3.6,67,14,CACATCCGGACGAATCCTAC,53,4717638
ybiY_ybiW_predicted,1.0,28,14,CAAGTATAACTAGGAAAATA,14,4723325
ybiY_ybiW_predicted,2.1333333333333333,45,14,CAAACGTTAGCGTGACTTCC,31,4698622
ybiY_ybiW_predicted,5.333333333333333,93,14,CAAACCATATCGGAAATATT,79,4709714
ybiY_ybiW_predicted,0.6,22,14,CAAAACCTGGGTTTTCTGGG,8,4703987
ybiY_ybiW_predicted,1.5333333333333334,36,14,ATTTAGGCATAACTTCCGAA,22,4697783
ybiY_ybiW_predicted,0.13333333333333333,15,14,ATTGTCTTGCTAAGGTTTAT,1,4693164
ybiY_ybiW_predicted,9.933333333333334,162,14,ATTGCGGTCTCCACTTCAGT,148,4717750
ybiY_ybiW_predicted,1.4666666666666666,35,14,ATTGAGCCCACAGCTTCGGC,21,4689944
ybiY_ybiW_predicted,1.6,37,14,ATTGACTCACGCTCAATTGA,23,4705159
ybiY_ybiW_predicted,2.933333333333333,57,14,ATTACGCCCGGATGGGGCAA,43,4702181
ybiY_ybiW_predicted,1.2666666666666666,32,14,ATGGTTGCTAGTTCACACGG,18,4716862
ybiY_ybiW_predicted,2.1333333333333333,45,14,ATCCACTTTGAGGGACATTG,31,4709509
ybiY_ybiW_predicted,0.6666666666666666,23,14,ATCAGCAACATGGTCAACTA,9,4701354
ybiY_ybiW_predicted,2.2,46,14,ATATTAGTTCCTAGTTCGTC,32,4704897
ybiY_ybiW_predicted,0.13333333333333333,15,14,AGTAGTGGGACCCCCTAGCA,1,4691546
ybiY_ybiW_predicted,1.5333333333333334,36,14,AGGTCCAACTTCTACGGTAG,22,4692869
ybiY_ybiW_predicted,1.2,31,14,AGGAAGCCGGGACACTGATT,17,4708653
ybiY_ybiW_predicted,1.0666666666666667,29,14,AGAGCGGAAATCACCGGCCT,15,4723931
ybiY_ybiW_predicted,1.6666666666666667,38,14,ACTAGGATCCATAGAAGCCG,24,4730179
ybiY_ybiW_predicted,0.13333333333333333,15,14,ACTACGGGGGATAGCTCGTA,1,4722840
ybiY_ybiW_predicted,0.13333333333333333,15,14,ACGTTACGTAATGGTGACTT,1,4731731
ybiY_ybiW_predicted,1.4666666666666666,35,14,ACGTGGTAAAGGTCCGTGAA,21,4729467
ybiY_ybiW_predicted,1.0666666666666667,29,14,ACGGCACGGAAATGTATTAA,15,4731247
ybiY_ybiW_predicted,3.8666666666666667,71,14,ACGCTTACGTTGATCCTGGC,57,4706811
ybiY_ybiW_predicted,1.9333333333333333,42,14,ACGAGCATCAGCCGTCACTC,28,4700860
ybiY_ybiW_predicted,5.133333333333334,90,14,ACCTCCCCAGGACATACTTT,76,4692111
ybiY_ybiW_predicted,1.0666666666666667,29,14,ACCTAACGCATAGCCTTCCT,15,4709185
ybiY_ybiW_predicted,1.3333333333333333,33,14,ACATTAGTGATCGGCAGTTG,19,4705753
ybiY_ybiW_predicted,1.8,40,14,ACACTTGGGACTTTAAGTAC,26,4727790
ybiY_ybiW_predicted,1.9333333333333333,42,14,AAGTTTTGCTCTTAGGCGAG,28,4721225
ybiY_ybiW_predicted,3.0,58,14,AAGGTCGCTTCCGTGGTAAC,44,4698385
ybiY_ybiW_predicted,0.26666666666666666,17,14,AACTCACACGCCTCTTGAAG,3,4720592
ybiY_ybiW_predicted,2.0,43,14,AAATGGGCACGGTACACCAA,29,4696808
ybiY_ybiW_predicted,0.13333333333333333,15,14,AAAGATCCGTCCCGATCGGA,1,4688833
ybiY_ybiW_predicted,0.13333333333333333,15,14,AAACAACCAATCCTATCGTG,1,4713332
ybiY_ybiW_predicted,2.0,40,13,TTTCCCATTTCGAGTGCTGA,27,4709934
ybiY_ybiW_predicted,1.5714285714285714,34,13,TTTAGGGCGACGGGTCCGCG,21,4712224
ybiY_ybiW_predicted,0.14285714285714285,14,13,TTCGTAGTAGCGCCTATGCA,1,4696313
ybiY_ybiW_predicted,1.7857142857142858,37,13,TTATGAGTGCGTGTGCAGAC,24,4721384
ybiY_ybiW_predicted,0.6428571428571429,21,13,TTATATACAGGGCTAAACGC,8,4721919
ybiY_ybiW_predicted,1.8571428571428572,38,13,TTAACCCGTGCAGGCACCCT,25,4694417
ybiY_ybiW_predicted,0.14285714285714285,14,13,TGTGGTTTTGCGTGTGAAAA,1,4720130
ybiY_ybiW_predicted,3.142857142857143,56,13,TGTCCTTCTCCTTGGGGAGT,43,4708375
ybiY_ybiW_predicted,1.7142857142857142,36,13,TGTCCGCAGGAGTCCGCAGT,23,4705475
ybiY_ybiW_predicted,0.14285714285714285,14,13,TGTAGACTTAACAGCTCGAG,1,4688674
ybiY_ybiW_predicted,3.7857142857142856,65,13,TGCCCGTCGTTACCAAAATC,52,4692391
ybiY_ybiW_predicted,2.142857142857143,42,13,TGAGGCCGCAGAAATTTCAA,29,4721056
ybiY_ybiW_predicted,1.7142857142857142,36,13,TCTGTAGTAGCCATAAGTGG,23,4701011
ybiY_ybiW_predicted,2.2142857142857144,43,13,TCCTCCAAACACATGCGGCT,30,4690015
ybiY_ybiW_predicted,2.857142857142857,52,13,TCCAAGTCGCGGGGGATTAT,39,4724765
ybiY_ybiW_predicted,1.7142857142857142,36,13,TCATCGATGCGGAGATTACA,23,4690966
ybiY_ybiW_predicted,1.7142857142857142,36,13,TATGTCGTATGTATGTTTTG,23,4719996
ybiY_ybiW_predicted,0.5,19,13,TATATGTACCTTTATCTTTG,6,4706174
ybiY_ybiW_predicted,2.7857142857142856,51,13,TATACTCGATGGTGGACAAG,38,4731705
ybiY_ybiW_predicted,1.9285714285714286,39,13,TAGGCATGCAGTACGGGCGG,26,4692011
ybiY_ybiW_predicted,1.4285714285714286,32,13,TAGGATCTGTAAAGGGATGT,19,4689415
ybiY_ybiW_predicted,1.2142857142857142,29,13,TAGCAAGGCTCTGGTCGTGA,16,4692901
ybiY_ybiW_predicted,1.8571428571428572,38,13,TACGGAATCTGTAGTACTAA,25,4716411
ybiY_ybiW_predicted,1.1428571428571428,28,13,TACCCCGCGATCTAACGAAT,15,4716459
ybiY_ybiW_predicted,2.7857142857142856,51,13,TACAGACCCGTGATCCCTTC,38,4710378
ybiY_ybiW_predicted,3.2857142857142856,58,13,TACAACATGATCATCCCCCA,45,4695585
ybiY_ybiW_predicted,1.8571428571428572,38,13,GTTTGCAGATACGCTCGTAT,25,4703080
ybiY_ybiW_predicted,0.14285714285714285,14,13,GTTGAGAATGGCAATAAAGG,1,4721205
ybiY_ybiW_predicted,1.5714285714285714,34,13,GTTCACGAAATCTTCCCGCA,21,4732600
ybiY_ybiW_predicted,2.7142857142857144,50,13,GTTACTGTACATCCGTGTAG,37,4715168
ybiY_ybiW_predicted,3.142857142857143,56,13,GTGTGCGGTCGCACCAGCTG,43,4714672
ybiY_ybiW_predicted,2.7857142857142856,51,13,GTAGTCCTCGAATCTGTGCA,38,4714609
ybiY_ybiW_predicted,2.0714285714285716,41,13,GTACTATCTGATAAATGGTA,28,4730369
ybiY_ybiW_predicted,0.21428571428571427,15,13,GGTTGGCTGATCAAGCAACA,2,4691602
ybiY_ybiW_predicted,1.7857142857142858,37,13,GGGGCAGGACTACACCGCGT,24,4725954
ybiY_ybiW_predicted,2.9285714285714284,53,13,GGGCTGCTGGAGGCATAGAG,40,4715427
ybiY_ybiW_predicted,1.6428571428571428,35,13,GGGCGTTCAATCAGTCGTGA,22,4692994
ybiY_ybiW_predicted,2.7857142857142856,51,13,GGCGTCTATCTCGCTGCAAT,38,4708500
ybiY_ybiW_predicted,0.14285714285714285,14,13,GGCACCATGGGACGCCGAGT,1,4717993
ybiY_ybiW_predicted,0.8571428571428571,24,13,GGACGTGTAAGATAGAATAA,11,4725162
ybiY_ybiW_predicted,0.14285714285714285,14,13,GGACGACAGGATTCCTGGGC,1,4701745
ybiY_ybiW_predicted,2.9285714285714284,53,13,GGAACGTAGACGAGGCGTTT,40,4715422
ybiY_ybiW_predicted,2.5714285714285716,48,13,GCGCTAGCATGCCATATGGA,35,4713898
ybiY_ybiW_predicted,2.142857142857143,42,13,GCCCCTCAAGTGACCCGGTT,29,4711293
ybiY_ybiW_predicted,1.6428571428571428,35,13,GCAAATTGTCGCCACCCGAT,22,4732444
ybiY_ybiW_predicted,0.14285714285714285,14,13,GATAGACTCTCCTTCGATTT,1,4689649
ybiY_ybiW_predicted,1.5,33,13,GACTATCTACACCACCCTGT,20,4724774
ybiY_ybiW_predicted,1.1428571428571428,28,13,GACATCCCCGTGGTTCGATA,15,4695675
ybiY_ybiW_predicted,1.0714285714285714,27,13,GAAGTCCCTTAATGCATCTT,14,4693874
ybiY_ybiW_predicted,1.1428571428571428,28,13,CTTTAGCGTGCATTTAGGGT,15,4695181
ybiY_ybiW_predicted,2.4285714285714284,46,13,CTGGTAGACTTTACGACCGG,33,4706438
ybiY_ybiW_predicted,2.4285714285714284,46,13,CTGGCAACTTGCACGTCTTA,33,4718491
ybiY_ybiW_predicted,4.0,68,13,CTGGATAACGTAAATGTTAT,55,4706815
ybiY_ybiW_predicted,1.5714285714285714,34,13,CTGCGCATTGGTATGCTGAC,21,4694952
ybiY_ybiW_predicted,4.5,75,13,CTGCCGATGGGCAGAATCTA,62,4694610
ybiY_ybiW_predicted,2.9285714285714284,53,13,CTCGGGGTTAGTTATTTGTG,40,4732131
ybiY_ybiW_predicted,1.7142857142857142,36,13,CTCGCTTAGGAGGAGCTAGG,23,4696366
ybiY_ybiW_predicted,1.8571428571428572,38,13,CTACTTGTGTAAGGGTTTCT,25,4694656
ybiY_ybiW_predicted,6.714285714285714,106,13,CGTAAGGTCTTGTTAACTCC,93,4724029
ybiY_ybiW_predicted,2.7857142857142856,51,13,CGGCGGAGTGTCGGACTCTA,38,4695544
ybiY_ybiW_predicted,1.1428571428571428,28,13,CGCCTTGTACGTCGGGACTC,15,4729883
ybiY_ybiW_predicted,2.2857142857142856,44,13,CGCATTCGGTTAGAATGTCC,31,4700187
ybiY_ybiW_predicted,3.2857142857142856,58,13,CGAGCGGCCTAGGGCATGAC,45,4698239
ybiY_ybiW_predicted,0.7142857142857143,22,13,CGACTCATCCTTGAGGTAAC,9,4694057
ybiY_ybiW_predicted,2.5,47,13,CCTTGGTAAACAGCGGGATC,34,4707360
ybiY_ybiW_predicted,4.5,75,13,CCGATGGAGCAAAACCGGGA,62,4729228
ybiY_ybiW_predicted,0.7857142857142857,23,13,CCGAAACATAAGCGTACATT,10,4692043
ybiY_ybiW_predicted,1.2142857142857142,29,13,CCCGCGGTGGGCATAATTTA,16,4730579
ybiY_ybiW_predicted,0.14285714285714285,14,13,CCCCAGCCACCTCGACATGA,1,4699125
ybiY_ybiW_predicted,0.21428571428571427,15,13,CCCAGTATTGGTAATTTGGT,2,4716584
ybiY_ybiW_predicted,1.7142857142857142,36,13,CCATTGTTAGTTACGTATGG,23,4716520
ybiY_ybiW_predicted,2.0714285714285716,41,13,CCAGGCTGATATCCAATTCT,28,4727414
ybiY_ybiW_predicted,2.7857142857142856,51,13,CATTCCAGGGTGTATGCGAC,38,4690114
ybiY_ybiW_predicted,5.285714285714286,86,13,CATTATCGTAATGTGTCATA,73,4691968
ybiY_ybiW_predicted,1.0,26,13,CATAGTATAAAAGTAACGCA,13,4705308
ybiY_ybiW_predicted,1.8571428571428572,38,13,CAGTACGTAGACCGGGGCGG,25,4695923
ybiY_ybiW_predicted,1.5714285714285714,34,13,CACCAAGCCTTATGCCCTCT,21,4725983
ybiY_ybiW_predicted,4.642857142857143,77,13,ATTCGGCCTATTTTATTCTA,64,4703567
ybiY_ybiW_predicted,5.142857142857143,84,13,ATTCAGATAACCGTGTCAAG,71,4694306
ybiY_ybiW_predicted,0.14285714285714285,14,13,ATGTGGGACCGACCGTTCAT,1,4703654
ybiY_ybiW_predicted,0.5714285714285714,20,13,ATGCTACTCTCAGTCGGACG,7,4704649
ybiY_ybiW_predicted,6.214285714285714,99,13,ATATCCGAGATAGATCAAAC,86,4693899
ybiY_ybiW_predicted,2.0,40,13,AGGCTGTACGCAGCTCGTGC,27,4690910
ybiY_ybiW_predicted,7.428571428571429,116,13,AGCTTCAATCCCGTGGCCAG,103,4712464
ybiY_ybiW_predicted,0.6428571428571429,21,13,AGCTGTTATCTCCCACCTGT,8,4707609
ybiY_ybiW_predicted,3.7857142857142856,65,13,AGCGCGCGGTGCAGAAACTA,52,4705372
ybiY_ybiW_predicted,0.5,19,13,AGCGACGGGTGGCCGGGACA,6,4713450
ybiY_ybiW_predicted,2.2857142857142856,44,13,AGCAGGGCGGAACTAACTGT,31,4721969
ybiY_ybiW_predicted,0.21428571428571427,15,13,AGAGCCAAGTAACGGGTATG,2,4723152
ybiY_ybiW_predicted,0.7142857142857143,22,13,ACTTATGATAAAATGGTTTC,9,4691648
ybiY_ybiW_predicted,3.2857142857142856,58,13,ACTATAACGAACAAGGCGAG,45,4708652
ybiY_ybiW_predicted,1.9285714285714286,39,13,ACGAGATACATGATGCATTC,26,4729474
ybiY_ybiW_predicted,1.0714285714285714,27,13,ACGAAGCAACGCCTCCACTC,14,4728463
ybiY_ybiW_predicted,4.642857142857143,77,13,ACCCAAGTCACAGGATGACT,64,4708715
ybiY_ybiW_predicted,3.142857142857143,56,13,ACAGCCAACAAGACCGTAGA,43,4690571
ybiY_ybiW_predicted,2.7857142857142856,51,13,AATATGCCCTTCCCTTCGAT,38,4706252
ybiY_ybiW_predicted,1.5714285714285714,34,13,AAGGTTTTGCTGCTACTCCT,21,4712334
ybiY_ybiW_predicted,2.7142857142857144,50,13,AACCCGTAATAACGTCTATA,37,4701981
ybiY_ybiW_predicted,0.15384615384615385,13,12,TTTTCAACGCTCTGCTGATT,1,4701678
ybiY_ybiW_predicted,4.461538461538462,69,12,TTTGGTCATGGTCCCTTCAT,57,4716709
ybiY_ybiW_predicted,0.15384615384615385,13,12,TTCGACGTACCGTCGGACGT,1,4691242
ybiY_ybiW_predicted,0.15384615384615385,13,12,TTCCTCGGAAAGCCCAACGT,1,4705904
ybiY_ybiW_predicted,1.1538461538461537,26,12,TTAGTCTGCGAACACCTGGA,14,4712025
ybiY_ybiW_predicted,0.5384615384615384,18,12,TTAGGCCAAATGTCGGATAT,6,4700339
ybiY_ybiW_predicted,0.15384615384615385,13,12,TTACAGGATCGGTCGAAAGC,1,4697578
ybiY_ybiW_predicted,0.23076923076923078,14,12,TTAACAATTACATGTACCTC,2,4704895
ybiY_ybiW_predicted,1.0,24,12,TGTTGTTCATTTAAAATGAA,12,4710268
ybiY_ybiW_predicted,1.6923076923076923,33,12,TGTCAGAACGGTGAACACAT,21,4698713
ybiY_ybiW_predicted,0.15384615384615385,13,12,TGCTCGCCTCTCACCTCGTA,1,4727507
ybiY_ybiW_predicted,8.23076923076923,118,12,TGCTCGCCCCCGATCAATTT,106,4727528
ybiY_ybiW_predicted,1.0,24,12,TGCGGACTGTATCCCATTGG,12,4712778
ybiY_ybiW_predicted,2.1538461538461537,39,12,TGAGAGTACATCGTTATCTG,27,4711089
ybiY_ybiW_predicted,1.6923076923076923,33,12,TGAATTACATTCGTCTTCGT,21,4701032
ybiY_ybiW_predicted,3.6153846153846154,58,12,TCTTCCTCGCGCACAGTTAA,46,4717004
ybiY_ybiW_predicted,1.4615384615384615,30,12,TCGTGGGACACCGTTTACGG,18,4689784
ybiY_ybiW_predicted,0.15384615384615385,13,12,TCGGTTTCAGTAAATCTTCC,1,4721903
ybiY_ybiW_predicted,2.3076923076923075,41,12,TCCGGTTGCGCTATTAGGTT,29,4690244
ybiY_ybiW_predicted,3.6153846153846154,58,12,TCCCAAATGGCCCCTCTTGT,46,4719505
ybiY_ybiW_predicted,2.3076923076923075,41,12,TCCATATGGCCAGGACATGT,29,4702451
ybiY_ybiW_predicted,0.15384615384615385,13,12,TCATTCATGTTTACGGGATG,1,4698125
ybiY_ybiW_predicted,0.7692307692307693,21,12,TCAGGTATCGCGCGTCAGGT,9,4694798
ybiY_ybiW_predicted,2.4615384615384617,43,12,TACGTGAGACTGAGGCTTCA,31,4728925
ybiY_ybiW_predicted,0.15384615384615385,13,12,TAACCTAACCATCAAAAACA,1,4699892
ybiY_ybiW_predicted,2.5384615384615383,44,12,TAAATAAAGTTGTGTCAGGC,32,4690668
ybiY_ybiW_predicted,2.3076923076923075,41,12,GTGTCTACTGTGAGACTTAA,29,4691074
ybiY_ybiW_predicted,3.6153846153846154,58,12,GTGACCTCCTTAGGGAGGAA,46,4690118
ybiY_ybiW_predicted,2.1538461538461537,39,12,GTCCCTAGGCAACTTAGAGG,27,4695899
ybiY_ybiW_predicted,0.15384615384615385,13,12,GTCCCGCTTATCGTCGCTGA,1,4728370
ybiY_ybiW_predicted,2.076923076923077,38,12,GTCACCCTACAGCTGCACAA,26,4703816
ybiY_ybiW_predicted,0.5384615384615384,18,12,GTAATTCGTTCAAAAGGTAA,6,4697628
ybiY_ybiW_predicted,1.5384615384615385,31,12,GTAATACCATGAAGCGATTC,19,4709403
ybiY_ybiW_predicted,0.9230769230769231,23,12,GGTCACCCCCGAGGTAGGGG,11,4690619
ybiY_ybiW_predicted,0.6153846153846154,19,12,GGGTAATTAGATCCCTCGAC,7,4689204
ybiY_ybiW_predicted,4.153846153846154,65,12,GGGAATGGGGCGAACTAGCT,53,4726726
ybiY_ybiW_predicted,1.7692307692307692,34,12,GGGAATCATATGAAGTGTTT,22,4730082
ybiY_ybiW_predicted,3.076923076923077,51,12,GGGAAAATTATGTGGGAGCA,39,4710909
ybiY_ybiW_predicted,1.5384615384615385,31,12,GGCGTTTTTTTAACCCCCTC,19,4690848
ybiY_ybiW_predicted,3.3076923076923075,54,12,GGCGAACGTGGCTAGGCTGA,42,4697203
ybiY_ybiW_predicted,3.923076923076923,62,12,GGACCGCAGGGTCTGTCGGG,50,4698711
ybiY_ybiW_predicted,0.9230769230769231,23,12,GGACATTGTTAATATTGCCT,11,4691890
ybiY_ybiW_predicted,2.8461538461538463,48,12,GCGGTGTATGGTTCTGGCGC,36,4713782
ybiY_ybiW_predicted,1.3076923076923077,28,12,GCGGAAGGCGCTCAGCCACA,16,4700299
ybiY_ybiW_predicted,2.6153846153846154,45,12,GCGAATAGTATTGACTAAGA,33,4724955
ybiY_ybiW_predicted,0.15384615384615385,13,12,GCCTAGGTCCCATCGTTGAC,1,4703267
ybiY_ybiW_predicted,0.15384615384615385,13,12,GCATTGCCTGGCCATGTGAC,1,4714012
ybiY_ybiW_predicted,1.0,24,12,GCAGAGGGCGAATTCAATAT,12,4723515
ybiY_ybiW_predicted,12.23076923076923,170,12,GCAAACTTCCTTTTAACCAC,158,4691474
ybiY_ybiW_predicted,3.4615384615384617,56,12,GATCACGTCAGTGGTTGAAT,44,4711165
ybiY_ybiW_predicted,2.3076923076923075,41,12,GAGATTTTTTTGTTCCGGAA,29,4693288
ybiY_ybiW_predicted,1.5384615384615385,31,12,GACGGTGTGACCTAGGGCGT,19,4693727
ybiY_ybiW_predicted,4.384615384615385,68,12,GACCACATCGTTTGTTCAGA,56,4709011
ybiY_ybiW_predicted,1.0769230769230769,25,12,GAAGCGCATGGCCAGAGGAG,13,4714207
ybiY_ybiW_predicted,0.8461538461538461,22,12,CTTTTCGTGATCATTCCCGA,10,4709850
ybiY_ybiW_predicted,2.0,37,12,CTTGTTAAAAATTCTGAATC,25,4730852
ybiY_ybiW_predicted,2.0,37,12,CTGGCAATTGCCCGAGCATG,25,4703181
ybiY_ybiW_predicted,1.6153846153846154,32,12,CTATGCAGCAACTGTGGCAT,20,4731567
ybiY_ybiW_predicted,0.9230769230769231,23,12,CTAGCCAGAATCTGAATGAA,11,4722200
ybiY_ybiW_predicted,2.076923076923077,38,12,CGGTGGACATTCAATATAAA,26,4726077
ybiY_ybiW_predicted,4.3076923076923075,67,12,CGGTAACGATGTCCCCTAAA,55,4710561
ybiY_ybiW_predicted,2.076923076923077,38,12,CGGGATGGGATGTACCGAGT,26,4725443
ybiY_ybiW_predicted,7.538461538461538,109,12,CGGCGCCACATGCACATGGT,97,4691374
ybiY_ybiW_predicted,7.769230769230769,112,12,CGGATTTCGTGGGCTGGAGT,100,4693895
ybiY_ybiW_predicted,0.15384615384615385,13,12,CGGACATCTTATAGCTGGTC,1,4721699
ybiY_ybiW_predicted,0.15384615384615385,13,12,CGCTGCTATTGGGGTGGTGA,1,4700136
ybiY_ybiW_predicted,1.0,24,12,CGCGTAACATGTAACGTTGT,12,4716395
ybiY_ybiW_predicted,1.2307692307692308,27,12,CGCCCCTCTCACCCTATGAT,15,4723083
ybiY_ybiW_predicted,1.4615384615384615,30,12,CGCATGGGTACAACTTAGTT,18,4707429
ybiY_ybiW_predicted,2.1538461538461537,39,12,CGATAGGGCGTGAAGATTTG,27,4732229
ybiY_ybiW_predicted,0.15384615384615385,13,12,CGACGACCAAGGAAACGTTT,1,4729887
ybiY_ybiW_predicted,0.15384615384615385,13,12,CGAAGATACAGTTGGCTAAA,1,4724629
ybiY_ybiW_predicted,0.46153846153846156,17,12,CCTGATTATGGTAATAAATC,5,4715200
ybiY_ybiW_predicted,2.3076923076923075,41,12,CCGTGAGTGACCTAGTCAAG,29,4725608
ybiY_ybiW_predicted,1.5384615384615385,31,12,CCGGGACAATACGTTAAGAA,19,4705095
ybiY_ybiW_predicted,0.15384615384615385,13,12,CCCTTCTATTGGGTTACCAA,1,4715032
ybiY_ybiW_predicted,0.23076923076923078,14,12,CCCTCAACTCGCATGTAGGA,2,4691094
ybiY_ybiW_predicted,2.076923076923077,38,12,CCATGGGACGTTTGCATGAT,26,4726722
ybiY_ybiW_predicted,0.23076923076923078,14,12,CCACACGAAGTTCTCCAACC,2,4727433
ybiY_ybiW_predicted,0.15384615384615385,13,12,CCAACTAGCACTGTTCTTTA,1,4692173
ybiY_ybiW_predicted,1.8461538461538463,35,12,CAGTAAGTTGAGTGCCCGGT,23,4695771
ybiY_ybiW_predicted,0.6153846153846154,19,12,CAGGGTCGATGCCGTGTGGT,7,4719712
ybiY_ybiW_predicted,1.7692307692307692,34,12,ATTGTCGAAGACGGTTTTAC,22,4692668
ybiY_ybiW_predicted,0.3076923076923077,15,12,ATTCCCAAGCTGGGAGGACC,3,4701702
ybiY_ybiW_predicted,1.8461538461538463,35,12,ATGCTCTCGCAATTTTTTTG,23,4718617
ybiY_ybiW_predicted,0.15384615384615385,13,12,ATGCGAAACCACGTGAGTTG,1,4708026
ybiY_ybiW_predicted,1.6923076923076923,33,12,ATGCACGTTCGTTCACTGTA,21,4709395
ybiY_ybiW_predicted,1.5384615384615385,31,12,ATGAGATCAACTGCGTTGCT,19,4721776
ybiY_ybiW_predicted,2.076923076923077,38,12,ATCCACACTCCAGTTGCGGA,26,4728362
ybiY_ybiW_predicted,0.15384615384615385,13,12,ATCATTACGTCCCGTCATGC,1,4691179
ybiY_ybiW_predicted,2.230769230769231,40,12,ATACTACTGCAATTTTTAGA,28,4728520
ybiY_ybiW_predicted,0.15384615384615385,13,12,AGTGAATCTACTGGACGTGT,1,4705747
ybiY_ybiW_predicted,2.076923076923077,38,12,AGTAGATCCGTTCAGTGGTA,26,4691043
ybiY_ybiW_predicted,1.2307692307692308,27,12,AGGTTTGCCAGCTAAACTGA,15,4704154
ybiY_ybiW_predicted,3.230769230769231,53,12,AGGTTAGCCGACGGGCTAAG,41,4703598
ybiY_ybiW_predicted,1.7692307692307692,34,12,AGGGGACTCGTGATGTTAAA,22,4713634
ybiY_ybiW_predicted,1.0769230769230769,25,12,AGGCATCATGGTCGCGACTA,13,4693746
ybiY_ybiW_predicted,2.0,37,12,AGGCAGTATTGCCGTCGGAC,25,4713331
ybiY_ybiW_predicted,2.5384615384615383,44,12,AGGACTCTCCGGCAGTTTTA,32,4697239
ybiY_ybiW_predicted,1.1538461538461537,26,12,AGCCACAGACGTATGGTGGC,14,4708952
ybiY_ybiW_predicted,3.230769230769231,53,12,AGATGCCCACTTTAATCCAC,41,4689417
ybiY_ybiW_predicted,2.769230769230769,47,12,AGACGTGCTATAAGTACGTA,35,4729776
ybiY_ybiW_predicted,1.1538461538461537,26,12,AGAATTTGAATACAATCCCT,14,4725677
ybiY_ybiW_predicted,1.5384615384615385,31,12,ACTTGGACCTAACCGAGTCG,19,4724262
ybiY_ybiW_predicted,1.9230769230769231,36,12,ACTTAGGAGGGTGCGACCTG,24,4699006
ybiY_ybiW_predicted,2.6153846153846154,45,12,ACTGTTCCATGGCATGGCCC,33,4693257
ybiY_ybiW_predicted,3.230769230769231,53,12,ACTGTAGTGCGGTACCCAGT,41,4697286
ybiY_ybiW_predicted,5.384615384615385,81,12,ACTGCCTCTCGAACTGAGGC,69,4727565
ybiY_ybiW_predicted,1.4615384615384615,30,12,ACTATATCACCGATTACAGC,18,4693921
ybiY_ybiW_predicted,1.4615384615384615,30,12,ACGGCGTTAGCTTTGGTGGT,18,4704823
ybiY_ybiW_predicted,0.9230769230769231,23,12,ACGCGTGGCTATCTATCGAC,11,4719545
ybiY_ybiW_predicted,1.8461538461538463,35,12,ACGAGTGCGACGGCAATCTC,23,4696317
ybiY_ybiW_predicted,1.0769230769230769,25,12,ACGAATCAAAAGGTGGTCAC,13,4700322
ybiY_ybiW_predicted,4.3076923076923075,67,12,ACCTTTAAGGATGTTCGCTC,55,4707696
ybiY_ybiW_predicted,3.6153846153846154,58,12,ACCCTGGACTCATTCCTTAT,46,4689179
ybiY_ybiW_predicted,1.9230769230769231,36,12,ACCCTATGTTATCTTATAGG,24,4694849
ybiY_ybiW_predicted,1.4615384615384615,30,12,ACCAGATAGCTGGTCCCGGC,18,4721520
ybiY_ybiW_predicted,2.5384615384615383,44,12,ACCAAGATCCAGTCATGGGA,32,4709947
ybiY_ybiW_predicted,1.8461538461538463,35,12,ACATGAGGGTCCTGTGTATT,23,4691168
ybiY_ybiW_predicted,1.9230769230769231,36,12,ACACGTCAGCGAGCTCCCAG,24,4689001
ybiY_ybiW_predicted,1.1538461538461537,26,12,ACACCGCATCGGACTAGCGA,14,4715658
ybiY_ybiW_predicted,0.9230769230769231,23,12,AATGGCAGTCTCAGTGGCAT,11,4699353
ybiY_ybiW_predicted,2.769230769230769,47,12,AATATTTCGTTCCACGGGAT,35,4702689
ybiY_ybiW_predicted,1.0,24,12,AACGCATAAGACAAGGATAA,12,4691986
ybiY_ybiW_predicted,2.076923076923077,38,12,AACAATGACGCGAATCTTTT,26,4706102
ybiY_ybiW_predicted,1.0769230769230769,25,12,AAAGGAGTTAGCTGCCGGTA,13,4690883
ybiY_ybiW_predicted,3.0,50,12,AAACGTCCGCGAGCTAGTTT,38,4706417
ybiY_ybiW_predicted,1.1538461538461537,26,12,AAAACCCGGGGCAACGGCCA,14,4715759
ybiY_ybiW_predicted,1.5,28,11,TTTTTTTAAATTGCTGGTCG,17,4718129
ybiY_ybiW_predicted,2.3333333333333335,38,11,TTTTGAGGAGGCCCGGGCCC,27,4689109
ybiY_ybiW_predicted,2.5833333333333335,41,11,TTTTATAAGCGCCTATAGGT,30,4726258
ybiY_ybiW_predicted,1.4166666666666667,27,11,TTTATTTGTATAGTCTGTAG,16,4718576
ybiY_ybiW_predicted,21.5,268,11,TTTATGTCCTTCGCTAGACT,257,4709763
ybiY_ybiW_predicted,2.3333333333333335,38,11,TTCCAGCCAATTACTTTGCG,27,4699051
ybiY_ybiW_predicted,2.5,40,11,TTCACCTCGGACACACTCGG,29,4707289
ybiY_ybiW_predicted,2.4166666666666665,39,11,TTATCGTAAGGTGATTCATA,28,4725766
ybiY_ybiW_predicted,0.16666666666666666,12,11,TTACGATAGTAAGCCTTAGT,1,4714180
ybiY_ybiW_predicted,2.1666666666666665,36,11,TTAATATTCCGATGGTCACG,25,4693631
ybiY_ybiW_predicted,4.5,64,11,TGTGGGCGTTTGCAGATACA,53,4689257
ybiY_ybiW_predicted,1.8333333333333333,32,11,TGTCGCCCCTTCTCTTGGCC,21,4722204
ybiY_ybiW_predicted,2.5,40,11,TGTCCTACCTATCTACATGT,29,4697200
ybiY_ybiW_predicted,0.16666666666666666,12,11,TGTACTCGGGATTTTGTGAA,1,4714451
ybiY_ybiW_predicted,0.8333333333333334,20,11,TGTAATGGGCGATTTCGTAA,9,4692289
ybiY_ybiW_predicted,1.5,28,11,TGGGCGCCCGTTTAGGGCCG,17,4711077
ybiY_ybiW_predicted,1.5,28,11,TGCGGTTGTAAAAGCGTCCC,17,4727314
ybiY_ybiW_predicted,1.8333333333333333,32,11,TGCAGTGGCCCCCGTCTCTT,21,4703207
ybiY_ybiW_predicted,0.16666666666666666,12,11,TGATTGATCCCATGGTCAGT,1,4719630
ybiY_ybiW_predicted,2.3333333333333335,38,11,TGATTAGTGGACATCCGGTT,27,4696079
ybiY_ybiW_predicted,1.5,28,11,TCTTAAGCGTGCCTATGCTA,17,4702489
ybiY_ybiW_predicted,5.083333333333333,71,11,TCTAGGCGCAACCCCTGATT,60,4728289
ybiY_ybiW_predicted,0.4166666666666667,15,11,TCGTTGTAGAGGGACCTAGG,4,4709849
ybiY_ybiW_predicted,1.6666666666666667,30,11,TCGTCGGGGGTCCAATGAAT,19,4713655
ybiY_ybiW_predicted,2.25,37,11,TCGAATCCACCGCGGTTGTA,26,4709534
ybiY_ybiW_predicted,5.166666666666667,72,11,TCCTACTCCGGGCCAAATTT,61,4710323
ybiY_ybiW_predicted,1.4166666666666667,27,11,TCATTGCATATACTTCGGTG,16,4719970
ybiY_ybiW_predicted,2.0833333333333335,35,11,TCATCAGAGAAAGGCTAGGG,24,4690499
ybiY_ybiW_predicted,0.9166666666666666,21,11,TCAACAGGAAAGTGTTATGT,10,4695673
ybiY_ybiW_predicted,3.8333333333333335,56,11,TCAAATCAGTCTCTGCCTTT,45,4695091
ybiY_ybiW_predicted,2.9166666666666665,45,11,TATGAGTTGGAGTTCGGGAA,34,4724088
ybiY_ybiW_predicted,2.25,37,11,TATAATTGCGTGACAAGGTC,26,4690084
ybiY_ybiW_predicted,0.16666666666666666,12,11,TATAACGGATTCGAGCTCAT,1,4721677
ybiY_ybiW_predicted,1.25,25,11,TAGGAGGGGCCTACGGAGGA,14,4698293
ybiY_ybiW_predicted,1.9166666666666667,33,11,TAGCCTTTTGGTCTGATGAT,22,4690881
ybiY_ybiW_predicted,1.5,28,11,TACGCAGGTACTCGCGGACA,17,4699290
ybiY_ybiW_predicted,3.4166666666666665,51,11,TACGACTAATGAGTGAACTT,40,4719024
ybiY_ybiW_predicted,3.1666666666666665,48,11,TACCGAACCACAGGACCCGA,37,4701360
ybiY_ybiW_predicted,2.5,40,11,TACCCCCACGGCCGTGCTGA,29,4719280
ybiY_ybiW_predicted,2.25,37,11,GTGGGACGGTACTATCCGGG,26,4708783
ybiY_ybiW_predicted,1.4166666666666667,27,11,GTCTGGTCAGCTAAGGACTT,16,4706733
ybiY_ybiW_predicted,1.5,28,11,GTCTCCCTCTGTCCCGCGCT,17,4705205
ybiY_ybiW_predicted,0.16666666666666666,12,11,GTCAAACAGATGGCCTGGAG,1,4710850
ybiY_ybiW_predicted,3.8333333333333335,56,11,GGTTCGACCCACCGCGCGGC,45,4695806
ybiY_ybiW_predicted,0.16666666666666666,12,11,GGTACCGACGTTAAAAGAGG,1,4702511
ybiY_ybiW_predicted,1.5,28,11,GGGCAACGGAGCCTAGTGTA,17,4699472
ybiY_ybiW_predicted,0.16666666666666666,12,11,GGCCTCGAGACAGTCACGTT,1,4693544
ybiY_ybiW_predicted,1.5833333333333333,29,11,GGATTCAAGGTTTTTCGCGT,18,4714834
ybiY_ybiW_predicted,0.16666666666666666,12,11,GGAGCGCTTTTTGCTAGTGT,1,4718261
ybiY_ybiW_predicted,2.8333333333333335,44,11,GGAAGATAGCGGCAACATAG,33,4718934
ybiY_ybiW_predicted,1.6666666666666667,30,11,GCTGGTTATCAGGTAAATTA,19,4725535
ybiY_ybiW_predicted,0.16666666666666666,12,11,GCTCGCGCCCGGTGTAGAGT,1,4695579
ybiY_ybiW_predicted,1.1666666666666667,24,11,GCGTGGCATGAGACAAATCT,13,4705432
ybiY_ybiW_predicted,1.1666666666666667,24,11,GCGCGTTCTCAGTAAGCGCA,13,4693967
ybiY_ybiW_predicted,2.5,40,11,GCCTAGTAATCGCTCCTCGT,29,4696613
ybiY_ybiW_predicted,1.0,22,11,GCAAGCTGATCGGGGCTGTG,11,4702415
ybiY_ybiW_predicted,4.666666666666667,66,11,GAGTTAATTTCTTAGACTGG,55,4711738
ybiY_ybiW_predicted,3.0833333333333335,47,11,GAGACCGCATAACACTTGAC,36,4716475
ybiY_ybiW_predicted,1.3333333333333333,26,11,GAGACAATAACAGAATGGTA,15,4722837
ybiY_ybiW_predicted,0.8333333333333334,20,11,GAAAATTGTATGGGGACGAT,9,4694304
ybiY_ybiW_predicted,2.1666666666666665,36,11,CTTTGGCGTCAATAACGCGA,25,4722306
ybiY_ybiW_predicted,2.1666666666666665,36,11,CTGTTATTTAATCCCAGTAG,25,4721554
ybiY_ybiW_predicted,2.5,40,11,CTGGTGAGATTGTGCGCTTA,29,4691997
ybiY_ybiW_predicted,0.16666666666666666,12,11,CTGGAACAACTGCCAAGGAT,1,4727483
ybiY_ybiW_predicted,1.1666666666666667,24,11,CTGAGGAGCGAGAATTGCTA,13,4713487
ybiY_ybiW_predicted,0.25,13,11,CTCGCTGAAACCCTCGCCAA,2,4700633
ybiY_ybiW_predicted,1.25,25,11,CTCCGTCGCAGCCTCTATCG,14,4690781
ybiY_ybiW_predicted,3.0,46,11,CTCCCTTTCGTTGCTTGACT,35,4699578
ybiY_ybiW_predicted,1.9166666666666667,33,11,CTAGAGCTATTTCGCAGTTT,22,4704575
ybiY_ybiW_predicted,2.5,40,11,CGTGACGGCCGGTCGTTGCC,29,4698012
ybiY_ybiW_predicted,0.16666666666666666,12,11,CGTCGCGTTATAAATGCTGA,1,4710904
ybiY_ybiW_predicted,0.16666666666666666,12,11,CGGTGGGCTGTAATGCCAAA,1,4700029
ybiY_ybiW_predicted,1.9166666666666667,33,11,CGGGGTAGATATTGTATTTC,22,4726173
ybiY_ybiW_predicted,2.0,34,11,CGGGATTTTGAGTGATGGAA,23,4690279
ybiY_ybiW_predicted,0.16666666666666666,12,11,CGGGAGTTTGGGATATCGAA,1,4706691
ybiY_ybiW_predicted,0.16666666666666666,12,11,CGGCTTTACGACTGCGTTTC,1,4720529
ybiY_ybiW_predicted,2.0,34,11,CGCTAGATCTTAGTCTGGGA,23,4700001
ybiY_ybiW_predicted,2.0,34,11,CGAGTGAGAGAAACACACTA,23,4696772
ybiY_ybiW_predicted,1.5833333333333333,29,11,CGACTAATTGAGCATACCCG,18,4727849
ybiY_ybiW_predicted,1.0,22,11,CGACGAAGGGTGACCACCAT,11,4721701
ybiY_ybiW_predicted,2.0,34,11,CCTTGCTATCACCTCGGGAC,23,4710376
ybiY_ybiW_predicted,2.4166666666666665,39,11,CCTCCTAATTAGTAAGCATT,28,4692586
ybiY_ybiW_predicted,2.4166666666666665,39,11,CCTATGGGGTCACAAAAGAA,28,4695028
ybiY_ybiW_predicted,3.3333333333333335,50,11,CCTAATTACCTCGCACGATC,39,4703540
ybiY_ybiW_predicted,2.1666666666666665,36,11,CCGTGCTTTTCTTAGAACTA,25,4695102
ybiY_ybiW_predicted,0.16666666666666666,12,11,CCGTCTCCAGATCAGGCGTC,1,4699669
ybiY_ybiW_predicted,3.5,52,11,CCGCTATTAGCTGCAGCACT,41,4720076
ybiY_ybiW_predicted,4.333333333333333,62,11,CCGCATAATTCACTGCATCA,51,4701699
ybiY_ybiW_predicted,1.75,31,11,CCCGAGAACATGATCAAGAA,20,4724764
ybiY_ybiW_predicted,0.6666666666666666,18,11,CCCCTTTCGAACCTCGCATA,7,4719664
ybiY_ybiW_predicted,1.6666666666666667,30,11,CCCACAATGCCAGGCAGGCT,19,4688724
ybiY_ybiW_predicted,2.75,43,11,CCCAAATACCTACCAACTAT,32,4716580
ybiY_ybiW_predicted,3.25,49,11,CCATTCACCGAAACTTAGAT,38,4696203
ybiY_ybiW_predicted,2.3333333333333335,38,11,CCATATTTTACTGTCAATTC,27,4716269
ybiY_ybiW_predicted,5.083333333333333,71,11,CCAGCACATTTAATCATGAC,60,4719750
ybiY_ybiW_predicted,2.0833333333333335,35,11,CCAATACGGTCGCGGCTTAG,24,4695085
ybiY_ybiW_predicted,2.0833333333333335,35,11,CATACTCTGCCATAGGGCCT,24,4702050
ybiY_ybiW_predicted,0.16666666666666666,12,11,CATAACTGGACTTCGGTATG,1,4698780
ybiY_ybiW_predicted,0.4166666666666667,15,11,CAGTCGGTCAGTTCTGGAAA,4,4702423
ybiY_ybiW_predicted,1.25,25,11,CAGTCCCGCAACGTGGGCTC,14,4711291
ybiY_ybiW_predicted,1.3333333333333333,26,11,CAGGCCACACGACCGCAGCC,15,4709488
ybiY_ybiW_predicted,2.5833333333333335,41,11,CAGGCAGGTCGCCTCAACAT,30,4707170
ybiY_ybiW_predicted,14.416666666666666,183,11,CAGCGGGGGCATAAACCAGT,172,4691475
ybiY_ybiW_predicted,3.5833333333333335,53,11,CAGCCAAGCCTCGCGTTAAC,42,4718959
ybiY_ybiW_predicted,2.25,37,11,CAGAACTTACGTGCAACGAC,26,4714960
ybiY_ybiW_predicted,0.16666666666666666,12,11,CACTATCAGCCAAGTCGTCA,1,4698178
ybiY_ybiW_predicted,3.0833333333333335,47,11,CACGCGCCCCACAAGGACAG,36,4729044
ybiY_ybiW_predicted,1.75,31,11,CACATCGGAAGAGGCTGAAT,20,4707476
ybiY_ybiW_predicted,1.8333333333333333,32,11,CAAGGAGGACACCCGAAAGC,21,4690246
ybiY_ybiW_predicted,1.8333333333333333,32,11,ATTCCCTATTCGACTTGTGG,21,4718471
ybiY_ybiW_predicted,2.75,43,11,ATGTCCTGGAGGTTGCGCTA,32,4697162
ybiY_ybiW_predicted,4.583333333333333,65,11,ATGGAGCTGGTTCGCTGCAA,54,4731288
ybiY_ybiW_predicted,3.8333333333333335,56,11,ATCCGTCCGTTTGGACTACT,45,4720726
ybiY_ybiW_predicted,1.75,31,11,AGTTTGTAGGCGTAACCACT,20,4729310
ybiY_ybiW_predicted,1.0833333333333333,23,11,AGTTCATGCACCTGTCACTC,12,4701712
ybiY_ybiW_predicted,1.3333333333333333,26,11,AGTGAGCACACTTCTTTTTG,15,4717111
ybiY_ybiW_predicted,5.666666666666667,78,11,AGTCATATCCGCGGGCACTT,67,4695677
ybiY_ybiW_predicted,0.16666666666666666,12,11,AGGTTTCAGAAAACATTCCG,1,4711745
ybiY_ybiW_predicted,1.9166666666666667,33,11,AGCCACGCTGGTTGACGAGT,22,4705752
ybiY_ybiW_predicted,1.0,22,11,AGAACCCGTATCAGCGTCAC,11,4710011
ybiY_ybiW_predicted,2.75,43,11,AGAAACATACGCATAAAGGT,32,4691201
ybiY_ybiW_predicted,1.75,31,11,ACTGATCGTGCGACATATTA,20,4716809
ybiY_ybiW_predicted,2.1666666666666665,36,11,ACTCACCGAACTATTCTGAT,25,4712777
ybiY_ybiW_predicted,2.3333333333333335,38,11,ACTAATCCCCCCTATTTTCT,27,4709483
ybiY_ybiW_predicted,2.0,34,11,ACGTGCCAGAACAGCGGATT,23,4726299
ybiY_ybiW_predicted,2.4166666666666665,39,11,ACGTCGTTTTGGGGCATCTT,28,4697768
ybiY_ybiW_predicted,1.3333333333333333,26,11,ACGGAACATCCAAGAATAGA,15,4702422
ybiY_ybiW_predicted,1.1666666666666667,24,11,ACCCTTTTCACGACCGCAGG,13,4689766
ybiY_ybiW_predicted,1.9166666666666667,33,11,ACCCCCTCTGGAAGAATCCC,22,4709546
ybiY_ybiW_predicted,3.5833333333333335,53,11,ACCAAAGGCGCGTAAAAGTC,42,4722679
ybiY_ybiW_predicted,2.25,37,11,ACATTCCCCGTAGTTGTTAG,26,4726213
ybiY_ybiW_predicted,4.75,67,11,ACAGAGTCGCTCCGGTGTAA,56,4709750
ybiY_ybiW_predicted,2.5833333333333335,41,11,AATCAGGATAGGGAATCAAG,30,4719748
ybiY_ybiW_predicted,1.75,31,11,AATAGCACATTACTGATGTA,20,4697017
ybiY_ybiW_predicted,1.0,22,11,AAGTTCAACTTGCTCTGTGT,11,4691553
ybiY_ybiW_predicted,3.75,55,11,AAGTCGAGGGCGACACAGAC,44,4710023
ybiY_ybiW_predicted,1.8333333333333333,32,11,AAGCGTCACTGGAGTCATTA,21,4704544
ybiY_ybiW_predicted,3.0,46,11,AAGCCCGTACCAGTTACTAA,35,4689630
ybiY_ybiW_predicted,2.4166666666666665,39,11,AACTTCTTGCTCGATAACAA,28,4713420
ybiY_ybiW_predicted,2.1666666666666665,36,11,AAAGGCCGGTAAAGTTAATA,25,4728339
ybiY_ybiW_predicted,2.8333333333333335,44,11,AAAGAACGCTGCATTGAGGG,33,4709388
ybiY_ybiW_predicted,1.75,31,11,AAACCTGCGCCGAGTCAACG,20,4709991
ybiY_ybiW_predicted,0.16666666666666666,12,11,AAACACTAGCGATAGACAGA,1,4724961
ybiY_ybiW_predicted,1.6666666666666667,30,11,AAAAGGTGGATCGTTCACTA,19,4698616
ybiY_ybiW_predicted,4.2727272727272725,56,10,TTTGTATTCTCAAGGCTATG,46,4724700
ybiY_ybiW_predicted,1.8181818181818181,29,10,TTTGATCTACATCCCCAACT,19,4692250
ybiY_ybiW_predicted,0.18181818181818182,11,10,TTGAGCGTGCTCCGCTAGAA,1,4695623
ybiY_ybiW_predicted,2.4545454545454546,36,10,TTCTAAGCCACCGTTCAGGT,26,4696048
ybiY_ybiW_predicted,2.1818181818181817,33,10,TTCCTCTTTAAATCTCGGAG,23,4703910
ybiY_ybiW_predicted,2.090909090909091,32,10,TTCAGACTCCTCTGCAGCGC,22,4703484
ybiY_ybiW_predicted,2.090909090909091,32,10,TTACGTCCCTCACGTGAGTA,22,4721714
ybiY_ybiW_predicted,2.6363636363636362,38,10,TTACCTCGTTGGCCTCTGGC,28,4731855
ybiY_ybiW_predicted,4.909090909090909,63,10,TTACCTACGTCGGCAGGCTT,53,4708206
ybiY_ybiW_predicted,2.6363636363636362,38,10,TGTGGTGGTCTCAACGGGCA,28,4695692
ybiY_ybiW_predicted,0.18181818181818182,11,10,TGTCTCGCTATGTTTCAGTG,1,4731262
ybiY_ybiW_predicted,4.090909090909091,54,10,TGTCCAGGAAATATAGAAGT,44,4691673
ybiY_ybiW_predicted,1.3636363636363635,24,10,TGTCACAGTTACTGTTCCAA,14,4694497
ybiY_ybiW_predicted,2.727272727272727,39,10,TGGCCTCTTACGTAAAATGG,29,4697283
ybiY_ybiW_predicted,5.2727272727272725,67,10,TGGCCGAGTCTTGTCCCCTG,57,4731134
ybiY_ybiW_predicted,2.090909090909091,32,10,TGCCGCGTACAGGGCGACGT,22,4692300
ybiY_ybiW_predicted,1.0,20,10,TGATGTCTGCCAAATCAAAC,10,4711185
ybiY_ybiW_predicted,1.6363636363636365,27,10,TGATCCGGGTATCTTTGGGT,17,4727965
ybiY_ybiW_predicted,2.272727272727273,34,10,TCTCGTACGGTCTCTACGCA,24,4731085
ybiY_ybiW_predicted,1.4545454545454546,25,10,TCTATTACTGGTAAGTTCTT,15,4716604
ybiY_ybiW_predicted,1.7272727272727273,28,10,TCGCAGTACTAAACCGGAAA,18,4728116
ybiY_ybiW_predicted,1.4545454545454546,25,10,TCCGGTCAAGGTAGAGCGTT,15,4690773
ybiY_ybiW_predicted,3.0,42,10,TCCGATTCCTAACGCAGAGC,32,4723881
ybiY_ybiW_predicted,1.5454545454545454,26,10,TCCAAGGTGGCCGGGAAGTA,16,4690184
ybiY_ybiW_predicted,5.909090909090909,74,10,TCAAGGTCACGCGGGAGGAA,64,4707728
ybiY_ybiW_predicted,1.6363636363636365,27,10,TATGACGCTTGGTGTCTCAT,17,4724780
ybiY_ybiW_predicted,3.090909090909091,43,10,TATCGCTAGCACACAAAGCC,33,4690586
ybiY_ybiW_predicted,0.8181818181818182,18,10,TATCCACACCGGCAGCCCCT,8,4726572
ybiY_ybiW_predicted,1.4545454545454546,25,10,TATAATGGCCAAGGAAGGAA,15,4689843
ybiY_ybiW_predicted,2.272727272727273,34,10,TAGGGGGTGGCTGTGGAGGG,24,4721217
ybiY_ybiW_predicted,0.36363636363636365,13,10,TACGATCTTTATGGACATTA,3,4703605
ybiY_ybiW_predicted,1.5454545454545454,26,10,TACCTTTAGGCTCAGAGCGG,16,4694706
ybiY_ybiW_predicted,1.9090909090909092,30,10,TAATCCAGGCCGCAACGCGT,20,4693145
ybiY_ybiW_predicted,2.4545454545454546,36,10,TAAGCCTTCGTGAGTCATGC,26,4711950
ybiY_ybiW_predicted,1.1818181818181819,22,10,TAACGCATGCATCCCGCGTA,12,4723680
ybiY_ybiW_predicted,4.0,53,10,GTTCTCACTTGAGTGGGGAT,43,4710091
ybiY_ybiW_predicted,0.18181818181818182,11,10,GTGGACATGAAAGCCTTTGC,1,4720659
ybiY_ybiW_predicted,0.6363636363636364,16,10,GTGCTGGTAAAGTCTAAGGG,6,4689089
ybiY_ybiW_predicted,5.818181818181818,73,10,GTGCTATGGATCGAACTCGA,63,4711430
ybiY_ybiW_predicted,0.18181818181818182,11,10,GTGAGTACTAGAACATAAAA,1,4698085
ybiY_ybiW_predicted,0.18181818181818182,11,10,GGTTCACCATGGTATAAAAA,1,4727555
ybiY_ybiW_predicted,1.6363636363636365,27,10,GGTCCTTCCAAACTTCGATG,17,4712750
ybiY_ybiW_predicted,0.2727272727272727,12,10,GGTATCTTTACGGTAATCCA,2,4709158
ybiY_ybiW_predicted,2.090909090909091,32,10,GGGGTAATATACTTCTCTGT,22,4688584
ybiY_ybiW_predicted,4.181818181818182,55,10,GGGGGGGGATTCTGTTCCTT,45,4731548
ybiY_ybiW_predicted,2.909090909090909,41,10,GGATTACGATGACCCGCGAA,31,4713335
ybiY_ybiW_predicted,2.0,31,10,GCTGATTCACGCCAAGGTGA,21,4689929
ybiY_ybiW_predicted,2.0,31,10,GCTCTGTGGCTATGACCCTC,21,4717655
ybiY_ybiW_predicted,1.5454545454545454,26,10,GCTATAGGACAAGTCAATGA,16,4715696
ybiY_ybiW_predicted,3.1818181818181817,44,10,GCTAAACTGGAATAAGATGC,34,4714789
ybiY_ybiW_predicted,2.090909090909091,32,10,GCGGTCAGGAGTCGGTTTTA,22,4717848
ybiY_ybiW_predicted,2.272727272727273,34,10,GCCTTCATGGAGTTTGGGCT,24,4696247
ybiY_ybiW_predicted,2.1818181818181817,33,10,GCCGTCCAAGTGCATCCAGT,23,4710186
ybiY_ybiW_predicted,2.4545454545454546,36,10,GATTGGCAAGAGCACTTATA,26,4700637
ybiY_ybiW_predicted,4.0,53,10,GATAATTCCGCACGCACATC,43,4706032
ybiY_ybiW_predicted,3.1818181818181817,44,10,GACCAATGACAAGCATGCTC,34,4716033
ybiY_ybiW_predicted,1.1818181818181819,22,10,GACCAAACATGCGGACCCCG,12,4728973
ybiY_ybiW_predicted,1.8181818181818181,29,10,CTGTCGTTCGGACAGGAGTC,19,4724478
ybiY_ybiW_predicted,4.0,53,10,CTGGATCGGGCCAACAGGAT,43,4730300
ybiY_ybiW_predicted,2.272727272727273,34,10,CTCTCCCCAAGTTGAGTCAA,24,4700014
ybiY_ybiW_predicted,0.7272727272727273,17,10,CTATGGTGTTGACACAGCTC,7,4724492
ybiY_ybiW_predicted,2.272727272727273,34,10,CGTAGGCGGTCGTGGGTACC,24,4711802
ybiY_ybiW_predicted,1.7272727272727273,28,10,CGTAAACGCTGTGTGCGCGT,18,4729173
ybiY_ybiW_predicted,0.9090909090909091,19,10,CGGAACAGCAACTAAAGGAG,9,4722513
ybiY_ybiW_predicted,3.3636363636363638,46,10,CGCTCGCCTAGAGCGACCTA,36,4719815
ybiY_ybiW_predicted,1.3636363636363635,24,10,CGCCCAAAGTGTTGCCGCCC,14,4718851
ybiY_ybiW_predicted,3.727272727272727,50,10,CGCCAGAGGTACGTTCAGTT,40,4716404
ybiY_ybiW_predicted,4.363636363636363,57,10,CGCATGCAACGGATCGTCTC,47,4723713
ybiY_ybiW_predicted,1.7272727272727273,28,10,CGAGCGAGGGTTACGAGCAT,18,4714572
ybiY_ybiW_predicted,1.9090909090909092,30,10,CGACACATACCCCCACCATG,20,4701916
ybiY_ybiW_predicted,2.727272727272727,39,10,CCTTCAGCATCAGTATTGCT,29,4713598
ybiY_ybiW_predicted,2.1818181818181817,33,10,CCTGCACCCCAACAGTTGTT,23,4692739
ybiY_ybiW_predicted,0.2727272727272727,12,10,CCGCTGAGATGATGAAACTA,2,4700898
ybiY_ybiW_predicted,3.1818181818181817,44,10,CCCTTCGTTCCTAATATGGG,34,4719052
ybiY_ybiW_predicted,0.18181818181818182,11,10,CCCTGCTATAGTTCTGCATA,1,4725648
ybiY_ybiW_predicted,3.727272727272727,50,10,CCCGGGTAGCCACGAGCGGA,40,4714229
ybiY_ybiW_predicted,4.818181818181818,62,10,CCCCTCGACAGCCCACTCGG,52,4714391
ybiY_ybiW_predicted,0.18181818181818182,11,10,CCCCTATCTATCATCGCTGA,1,4721692
ybiY_ybiW_predicted,1.4545454545454546,25,10,CCCCCAGATCTGCTGATTTT,15,4721119
ybiY_ybiW_predicted,1.8181818181818181,29,10,CCAAAGCAAGCAGCGGTATA,19,4730558
ybiY_ybiW_predicted,2.1818181818181817,33,10,CCAAACATGGCGGGCAGGCA,23,4725407
ybiY_ybiW_predicted,3.090909090909091,43,10,CATGTCAGGTAGTGAAGAGA,33,4693268
ybiY_ybiW_predicted,2.5454545454545454,37,10,CAGTCGTCCCCAAAACCTCT,27,4728798
ybiY_ybiW_predicted,0.8181818181818182,18,10,CAGTCAAACGCTAGAACGTA,8,4708955
ybiY_ybiW_predicted,3.090909090909091,43,10,CAGGAGCTAACCAGCTGTAC,33,4698961
ybiY_ybiW_predicted,0.18181818181818182,11,10,CACAAAGTATTTATATATAC,1,4725122
ybiY_ybiW_predicted,4.2727272727272725,56,10,CAAAGATCGTGCGCCGCCTC,46,4699755
ybiY_ybiW_predicted,2.4545454545454546,36,10,ATGAGAGGGTACCTTGTTAT,26,4705842
ybiY_ybiW_predicted,0.18181818181818182,11,10,ATGAACATGATTTTTTGCTT,1,4704448
ybiY_ybiW_predicted,2.3636363636363638,35,10,AGTATCGATCTAGAATGCCT,25,4709984
ybiY_ybiW_predicted,2.090909090909091,32,10,AGGTTACGTGGGTGTAAACC,22,4709306
ybiY_ybiW_predicted,2.3636363636363638,35,10,AGGTCGGGCTTACCTAGAGG,25,4695025
ybiY_ybiW_predicted,2.090909090909091,32,10,AGGTCCTTGCACAAGAAGTA,22,4720740
ybiY_ybiW_predicted,1.1818181818181819,22,10,AGGGTCCTTTACTTATCCAA,12,4698164
ybiY_ybiW_predicted,1.0909090909090908,21,10,AGGAGGTCGGCCGACTAAGC,11,4705085
ybiY_ybiW_predicted,2.090909090909091,32,10,AGGAACGTGCTCCGCCTTAG,22,4710555
ybiY_ybiW_predicted,0.18181818181818182,11,10,AGCTATTGTCTCAGATTGTT,1,4716426
ybiY_ybiW_predicted,4.181818181818182,55,10,AGCCGGGTTACCAGTGACGT,45,4688789
ybiY_ybiW_predicted,1.6363636363636365,27,10,AGCATCTGGTACCGAAGATA,17,4713093
ybiY_ybiW_predicted,1.3636363636363635,24,10,AGACTAAGGGTATGACAACA,14,4701697
ybiY_ybiW_predicted,1.9090909090909092,30,10,ACTCTCGTTTACAAAGGCGT,20,4699567
ybiY_ybiW_predicted,0.18181818181818182,11,10,ACGTTCTAGATCCGTATCTG,1,4693816
ybiY_ybiW_predicted,1.9090909090909092,30,10,ACCCGCGGTATGTATTGGGT,20,4715145
ybiY_ybiW_predicted,0.18181818181818182,11,10,ACATTCTGGGGCATCGACAA,1,4717025
ybiY_ybiW_predicted,2.8181818181818183,40,10,ACATGGTCCGACCCAATCAA,30,4709933
ybiY_ybiW_predicted,2.272727272727273,34,10,AATCCTATGATGAACCTTAT,24,4731561
ybiY_ybiW_predicted,0.18181818181818182,11,10,AATACATAGCTATAATGCTA,1,4688634
ybiY_ybiW_predicted,2.727272727272727,39,10,AATAACAGCTTGTCATGGTT,29,4700022
ybiY_ybiW_predicted,0.18181818181818182,11,10,AAGTCTGATTCGAGGACGAT,1,4722991
ybiY_ybiW_predicted,1.0,20,10,AAGCCCGGATTTGTATAATA,10,4724726
ybiY_ybiW_predicted,0.18181818181818182,11,10,AAACGCTATCCGTGTAGCCA,1,4716710
ybiY_ybiW_predicted,1.1,19,9,TTTTGACTCCAGGGGACTAC,10,4690284
ybiY_ybiW_predicted,8.0,88,9,TTTTCTCGAGTGGATCTATT,79,4694595
ybiY_ybiW_predicted,0.2,10,9,TTTTAAGATTCCGCTAATCA,1,4722984
ybiY_ybiW_predicted,1.5,23,9,TTTGACTGGTAGACAGTGTA,14,4707913
ybiY_ybiW_predicted,1.0,18,9,TTTCGCTTAGTAATCAAAGA,9,4701161
ybiY_ybiW_predicted,0.3,11,9,TTGTAATGCGCTTGGGGACC,2,4710343
ybiY_ybiW_predicted,2.4,32,9,TTGGTTTCTTTGGCCGGCTC,23,4708299
ybiY_ybiW_predicted,0.3,11,9,TTGGTTCTGGAATTGTAGTG,2,4703323
ybiY_ybiW_predicted,1.8,26,9,TTGCGGTAAAGTTCTATTCT,17,4716354
ybiY_ybiW_predicted,5.9,67,9,TTCTTCTACATCCTCCTGCT,58,4711874
ybiY_ybiW_predicted,0.2,10,9,TTCCAGCTTGGGGTAAACAA,1,4711177
ybiY_ybiW_predicted,3.8,46,9,TTAGGTTTTTGTAGTATCTG,37,4710363
ybiY_ybiW_predicted,3.9,47,9,TTACCGCAAAAACTATTTGG,38,4724387
ybiY_ybiW_predicted,3.5,43,9,TTAAGAAGCCATACTCCCTG,34,4715092
ybiY_ybiW_predicted,1.7,25,9,TGTTAGCCCCTCTACTATTA,16,4689869
ybiY_ybiW_predicted,3.4,42,9,TGTTAGCAATGACGCGGAAC,33,4696892
ybiY_ybiW_predicted,2.5,33,9,TGTAGAACCTTAGGGTGAGC,24,4713232
ybiY_ybiW_predicted,1.5,23,9,TGGGGAATTGCGAAGCAAGC,14,4716340
ybiY_ybiW_predicted,2.2,30,9,TGGCTTCCAGCGGTCTTATG,21,4688905
ybiY_ybiW_predicted,2.5,33,9,TGCGTTAATCATACTTTGAA,24,4714836
ybiY_ybiW_predicted,1.5,23,9,TGCGCGGACGGGGTTTACAA,14,4729705
ybiY_ybiW_predicted,3.7,45,9,TGCGATTGATCAGAGGGGAT,36,4718194
ybiY_ybiW_predicted,0.8,16,9,TGCACTATCTAAAGGGTAGG,7,4705963
ybiY_ybiW_predicted,4.8,56,9,TGATTCCCGGGTTGTAAGTA,47,4732381
ybiY_ybiW_predicted,1.5,23,9,TGATTCATTAAGGTCAGGTG,14,4708166
ybiY_ybiW_predicted,7.6,84,9,TGACCCTCTTCAATAGCTCA,75,4694591
ybiY_ybiW_predicted,1.7,25,9,TGACATCCGGTAACTCGTTA,16,4719192
ybiY_ybiW_predicted,0.2,10,9,TGAAGTAGTCTCTGGTCATG,1,4690603
ybiY_ybiW_predicted,0.2,10,9,TCTTGCCTCCGAGCAGGCTG,1,4689249
ybiY_ybiW_predicted,1.3,21,9,TCTGCGCGCCTCTTCAGCGG,12,4712820
ybiY_ybiW_predicted,2.1,29,9,TCTGATAGGAGAATTAGGAT,20,4731629
ybiY_ybiW_predicted,1.7,25,9,TCTAGTGCCCACGCACTTGT,16,4692827
ybiY_ybiW_predicted,0.2,10,9,TCGGCCAAAGAAGTCGGAGT,1,4712258
ybiY_ybiW_predicted,0.2,10,9,TCGATCAAGGGTACATCCGT,1,4697298
ybiY_ybiW_predicted,1.8,26,9,TCCAAGTTCAGCAATGAGGC,17,4717323
ybiY_ybiW_predicted,0.6,14,9,TCATACGTGTGGGCTTAACT,5,4696237
ybiY_ybiW_predicted,5.0,58,9,TCAGCGGTCACTCCAGTCAG,49,4720010
ybiY_ybiW_predicted,1.5,23,9,TCAACAAAGATTCAATCCTT,14,4704924
ybiY_ybiW_predicted,5.0,58,9,TATTGTTGACGCTTATTCCA,49,4704536
ybiY_ybiW_predicted,4.6,54,9,TATCCAATTCATGCCCTAGG,45,4718172
ybiY_ybiW_predicted,1.6,24,9,TACGCGCACACAGCAGCCCT,15,4724922
ybiY_ybiW_predicted,3.7,45,9,TACCTATAGAGCTGCCGCAG,36,4720841
ybiY_ybiW_predicted,2.2,30,9,TACCAATCGACATGTGGGGG,21,4706592
ybiY_ybiW_predicted,4.0,48,9,TACCAAATCTTGAGACTAAA,39,4690163
ybiY_ybiW_predicted,1.6,24,9,TACAACGAATATTCATCTCT,15,4699805
ybiY_ybiW_predicted,1.5,23,9,TAATAGGTATCGGGCACTGT,14,4696081
ybiY_ybiW_predicted,1.8,26,9,TAAATAAACAGCTCTACGTA,17,4719599
ybiY_ybiW_predicted,2.2,30,9,GTTTCTGTGTGTAGAGCTCT,21,4698551
ybiY_ybiW_predicted,1.7,25,9,GTGTTGAGGGACTGAGGACC,16,4703650
ybiY_ybiW_predicted,4.9,57,9,GTGTCCGTCTCTACGTTGGT,48,4713002
ybiY_ybiW_predicted,4.9,57,9,GTGGGCTGAAGTGAGGCCAC,48,4707637
ybiY_ybiW_predicted,0.2,10,9,GTGCCTGGGCTCTCAGCTCT,1,4731316
ybiY_ybiW_predicted,1.7,25,9,GTGATGCTGTAGCCCTAGAA,16,4727200
ybiY_ybiW_predicted,7.9,87,9,GTCTCAAGAAGTAAGCGCTA,78,4692383
ybiY_ybiW_predicted,2.3,31,9,GTCCGGTTCAGCTCATATAA,22,4726386
ybiY_ybiW_predicted,3.0,38,9,GTATGGTAGGGGAAGCGCAG,29,4715955
ybiY_ybiW_predicted,1.4,22,9,GGTAAATCGATAATTGGAAT,13,4727371
ybiY_ybiW_predicted,2.5,33,9,GGGTTAGTACGCTCTTCGCT,24,4731124
ybiY_ybiW_predicted,1.6,24,9,GGGTATCTTACGCCTGACAA,15,4722091
ybiY_ybiW_predicted,3.9,47,9,GGGGTGTCTATAACTGTGAA,38,4710164
ybiY_ybiW_predicted,3.4,42,9,GGGACCTCCGCGCCAGGAGC,33,4705721
ybiY_ybiW_predicted,3.8,46,9,GGAGGTACGCTCGGACCTTG,37,4709689
ybiY_ybiW_predicted,1.8,26,9,GGAGAACTGGCAGATGAGTA,17,4693013
ybiY_ybiW_predicted,1.6,24,9,GGACTATTATGCGCAAACCT,15,4709896
ybiY_ybiW_predicted,0.2,10,9,GGAAGGGGAAGGGTGCACAT,1,4713046
ybiY_ybiW_predicted,0.2,10,9,GGAAACGGGCCAGTGGTTGA,1,4711606
ybiY_ybiW_predicted,2.0,28,9,GCGTGTGTCGATGGCATAGC,19,4715926
ybiY_ybiW_predicted,2.3,31,9,GCGGCTGTTTATTTTTGTTA,22,4694953
ybiY_ybiW_predicted,2.5,33,9,GCGGCGCTGTCTTGCTTAGG,24,4702569
ybiY_ybiW_predicted,1.8,26,9,GCGATAGGAGAAAGCCAGCT,17,4696969
ybiY_ybiW_predicted,0.2,10,9,GCGATAAAGTCATAAGTTTA,1,4731546
ybiY_ybiW_predicted,4.1,49,9,GCAGGTGGCAACACCTGTGA,40,4690247
ybiY_ybiW_predicted,2.1,29,9,GCAATTCCTACAGACATGTA,20,4709748
ybiY_ybiW_predicted,1.6,24,9,GCAATGCTTTTGGCCTGGGT,15,4702989
ybiY_ybiW_predicted,2.3,31,9,GCAAGACGGAAACAGGAGAT,22,4700524
ybiY_ybiW_predicted,0.2,10,9,GATTTCAATTGGATGCTTCT,1,4720834
ybiY_ybiW_predicted,0.2,10,9,GATTTACGCTTGCGCCTAAG,1,4710635
ybiY_ybiW_predicted,2.1,29,9,GATTGGGGACCTTATTGCTG,20,4707321
ybiY_ybiW_predicted,0.2,10,9,GAGCTTTCTGGGCAATTGTT,1,4709437
ybiY_ybiW_predicted,3.2,40,9,GAGATGGTCACTCTAGGGCT,31,4727144
ybiY_ybiW_predicted,1.6,24,9,GACTAAACCAGAAGACGGAT,15,4698562
ybiY_ybiW_predicted,2.1,29,9,CTTTTTAGGCATTCCGGTCC,20,4712621
ybiY_ybiW_predicted,1.1,19,9,CTTAGTATGCCGCCTTGAGT,10,4722130
ybiY_ybiW_predicted,7.6,84,9,CTCGTTGGCTATAGCGAGAT,75,4700024
ybiY_ybiW_predicted,2.5,33,9,CTCGCGTAACTTTTAGAAAT,24,4703313
ybiY_ybiW_predicted,1.4,22,9,CGCAATCTTCGTAAGGGGAA,13,4720028
ybiY_ybiW_predicted,2.2,30,9,CGAGGGGCGCACCCGACCTA,21,4699760
ybiY_ybiW_predicted,2.2,30,9,CCTCCCCGCCTCGCCTTGGT,21,4688955
ybiY_ybiW_predicted,0.2,10,9,CCTCCATGATGAGAAGGCTA,1,4728304
ybiY_ybiW_predicted,3.1,39,9,CCTATGACTCACAGCAAAGT,30,4731455
ybiY_ybiW_predicted,2.0,28,9,CCCTCTCCCAATAGATAATT,19,4719042
ybiY_ybiW_predicted,2.6,34,9,CCCCCGAAGCCGTCGCAGGT,25,4721553
ybiY_ybiW_predicted,4.4,52,9,CCAGGAATCCATGTCTCCCA,43,4697387
ybiY_ybiW_predicted,2.6,34,9,CCAGAACTAAAATCCTCCCG,25,4705799
ybiY_ybiW_predicted,0.2,10,9,CCAAGGCAACGTTAGATGGA,1,4726872
ybiY_ybiW_predicted,2.7,35,9,CAACCTATTTAGGCGATTAT,26,4702029
ybiY_ybiW_predicted,3.5,43,9,CAAATAGAGCGTCCTATGTA,34,4707791
ybiY_ybiW_predicted,2.1,29,9,ATTGTCTTCCAAATTTATAA,20,4720061
ybiY_ybiW_predicted,2.2,30,9,ATTGCGATACTCAGGAACGT,21,4718458
ybiY_ybiW_predicted,3.2,40,9,ATGCCCTGTCTGTACACGGG,31,4725298
ybiY_ybiW_predicted,1.8,26,9,ATCCGAAGGGTAAGTATTGA,17,4700006
ybiY_ybiW_predicted,6.1,69,9,ATCCCCCCTGGATTAGTGGA,60,4693236
ybiY_ybiW_predicted,1.7,25,9,ATATGCTGCGCCATAACTTG,16,4714314
ybiY_ybiW_predicted,2.2,30,9,ATAGTTTAGTGCTCGATCAG,21,4719882
ybiY_ybiW_predicted,2.5,33,9,ATAGCGCAGAGTTACTTTCG,24,4701728
ybiY_ybiW_predicted,0.2,10,9,ATACTTTCTCTAGGGATGTT,1,4696641
ybiY_ybiW_predicted,2.8,36,9,ATACACGGTCCAGTATAATT,27,4720753
ybiY_ybiW_predicted,6.1,69,9,AGTAGCGCCTTCCACGACAT,60,4699804
ybiY_ybiW_predicted,0.2,10,9,AGGGTTTTGTTGTCCAGATC,1,4723391
ybiY_ybiW_predicted,1.3,21,9,AGGGTATTGTCCCTGCACTA,12,4726000
ybiY_ybiW_predicted,0.2,10,9,AGGGGACATCCAGTTATATC,1,4690771
ybiY_ybiW_predicted,1.8,26,9,AGGGATCGTATCTGGATGCA,17,4718182
ybiY_ybiW_predicted,4.8,56,9,AGGCATAAACAGTTGGGGGA,47,4697294
ybiY_ybiW_predicted,2.8,36,9,AGGACTGGAGGGGGTCGTAT,27,4707069
ybiY_ybiW_predicted,0.2,10,9,AGCTGGTCTCGCTAAACTGC,1,4694051
ybiY_ybiW_predicted,0.2,10,9,AGCTGACTGCTGCTGGGCGA,1,4692991
ybiY_ybiW_predicted,1.1,19,9,AGCCGCCTCGAGAAGCCCTC,10,4732487
ybiY_ybiW_predicted,2.7,35,9,AGAGAGACTTTAGTGTACAA,26,4718552
ybiY_ybiW_predicted,5.3,61,9,AGACCAATGATGACCTGTAC,52,4706826
ybiY_ybiW_predicted,0.2,10,9,ACTCTGGTTTCGTTAAGACA,1,4713599
ybiY_ybiW_predicted,3.5,43,9,ACGTTTGACGGAGGTCGAAT,34,4707692
ybiY_ybiW_predicted,4.2,50,9,ACGTTCTTTGTGATGGCAGG,41,4724515
ybiY_ybiW_predicted,5.0,58,9,ACGTGAGAGTATGAGCGAAA,49,4713452
ybiY_ybiW_predicted,2.4,32,9,ACGGTGAGCGGAGTGAATGC,23,4709701
ybiY_ybiW_predicted,3.6,44,9,ACGGAGTGGCGCTCGTCGGA,35,4689203
ybiY_ybiW_predicted,1.0,18,9,ACGAGACCAAGCTTATACTG,9,4720555
ybiY_ybiW_predicted,2.4,32,9,ACAGGGAGCATTTTTGGACG,23,4722646
ybiY_ybiW_predicted,2.9,37,9,AATTTATCGGGGAGTAAAGA,28,4717990
ybiY_ybiW_predicted,4.6,54,9,AATTATGGCCGGACGTATGA,45,4710270
ybiY_ybiW_predicted,2.8,36,9,AATTAAAAGCTCGAGGGACA,27,4691952
ybiY_ybiW_predicted,0.2,10,9,AATGCCCCCCTGGCAAAGGC,1,4712762
ybiY_ybiW_predicted,2.5,33,9,AATGAATTTTCTATACCCGA,24,4726990
ybiY_ybiW_predicted,1.6,24,9,AACGGAGTGTTTAAAGTGTG,15,4720414
ybiY_ybiW_predicted,0.4,12,9,AACACCTATTATGAGATAGT,3,4693166
ybiY_ybiW_predicted,2.2,30,9,AAAGTGGACTATCTATCTCT,21,4698480
ybiY_ybiW_predicted,2.4,32,9,AAAGTCTATGGAATCTTTAT,23,4714342
ybiY_ybiW_predicted,3.1,39,9,AAACTGTACCCGCTAATCAG,30,4700189
ybiY_ybiW_predicted,11.3,121,9,AAAAGTGCAGTGAAGCTTGC,112,4723501
ybiY_ybiW_predicted,3.4444444444444446,38,8,TTTTAAGCTGTGAGTTATCG,30,4724076
ybiY_ybiW_predicted,0.2222222222222222,9,8,TTTGTTTAGTTTCCACGAGG,1,4721983
ybiY_ybiW_predicted,2.3333333333333335,28,8,TTTGAGCCAGGCGTTCGGCT,20,4713895
ybiY_ybiW_predicted,1.0,16,8,TTGTGGTCTCACAGGCGACA,8,4716589
ybiY_ybiW_predicted,2.5555555555555554,30,8,TTGCGTCAAGGGCTTCCCGA,22,4708380
ybiY_ybiW_predicted,0.2222222222222222,9,8,TTCGTCCCGATCTGGCGATA,1,4721904
ybiY_ybiW_predicted,4.555555555555555,48,8,TTCCGTTGGTACCCGGTTCT,40,4716652
ybiY_ybiW_predicted,1.8888888888888888,24,8,TTCCGCTGTGTAGCACCGCT,16,4691215
ybiY_ybiW_predicted,1.2222222222222223,18,8,TTATGTGCCCCCCGTCATTT,10,4707474
ybiY_ybiW_predicted,0.2222222222222222,9,8,TTAGTGTGAGCCTAACCCCA,1,4709331
ybiY_ybiW_predicted,0.2222222222222222,9,8,TTAGGCTCACGTGCCCTGAT,1,4713957
ybiY_ybiW_predicted,3.3333333333333335,37,8,TTAGGACACGTGCCAGCGTG,29,4722181
ybiY_ybiW_predicted,3.7777777777777777,41,8,TTACATATTCGCCGTTTCCT,33,4694663
ybiY_ybiW_predicted,0.2222222222222222,9,8,TGTGATAGCGACGTAGAAAG,1,4720538
ybiY_ybiW_predicted,4.444444444444445,47,8,TGGTCCCAAAGGTGTATTGC,39,4728158
ybiY_ybiW_predicted,1.8888888888888888,24,8,TGGGTGTACAAAATCTAAAA,16,4711842
ybiY_ybiW_predicted,0.7777777777777778,14,8,TGCGTGACGCGGTACTCTGA,6,4720564
ybiY_ybiW_predicted,2.7777777777777777,32,8,TGCATTGTGTGCGTCGGTTG,24,4721521
ybiY_ybiW_predicted,0.2222222222222222,9,8,TGCAGAGCCAATGTACGAAG,1,4704921
ybiY_ybiW_predicted,2.3333333333333335,28,8,TCTACTCTGTTATCGATTAG,20,4719753
ybiY_ybiW_predicted,2.111111111111111,26,8,TCGTCCCAACCTAATCCCAC,18,4730356
ybiY_ybiW_predicted,2.2222222222222223,27,8,TCGGTTCCGCTATTGTCCGA,19,4706286
ybiY_ybiW_predicted,2.4444444444444446,29,8,TCGAGTACGCTTCAAACTGG,21,4727983
ybiY_ybiW_predicted,0.2222222222222222,9,8,TCCGCTTCCACGCAATGATA,1,4707677
ybiY_ybiW_predicted,0.2222222222222222,9,8,TCCGACTGGCCACGCATGGT,1,4726718
ybiY_ybiW_predicted,2.7777777777777777,32,8,TCCAAGCCTCTTACCAATCT,24,4730895
ybiY_ybiW_predicted,3.0,34,8,TCATACGTCCCGCTGCATGG,26,4699180
ybiY_ybiW_predicted,2.2222222222222223,27,8,TATTCTCAACTAAACAGTTT,19,4704089
ybiY_ybiW_predicted,2.3333333333333335,28,8,TATTAACCACCGTACGAACT,20,4725117
ybiY_ybiW_predicted,5.111111111111111,53,8,TAGCGCAATCTTCCAGAAGA,45,4695681
ybiY_ybiW_predicted,0.2222222222222222,9,8,TAGAAAAGACATCCAGTCCA,1,4704211
ybiY_ybiW_predicted,2.4444444444444446,29,8,TACTTCGGTCTGTAGCCGCC,21,4717146
ybiY_ybiW_predicted,2.2222222222222223,27,8,TACTTCACCGTGTGCTTATG,19,4719170
ybiY_ybiW_predicted,0.2222222222222222,9,8,TACAATACAGGCTAAAACGC,1,4726146
ybiY_ybiW_predicted,2.6666666666666665,31,8,TAATCTGTCTTGGGATAATG,23,4688609
ybiY_ybiW_predicted,0.2222222222222222,9,8,TAACGTCAAGCTTCGATGGG,1,4702239
ybiY_ybiW_predicted,2.0,25,8,GTTTCTTAGTTCGGTAATCA,17,4720554
ybiY_ybiW_predicted,0.2222222222222222,9,8,GTGTTAACGGCGTCGTTTGT,1,4693408
ybiY_ybiW_predicted,1.3333333333333333,19,8,GTGCTTACAGTATCTTACAT,11,4706874
ybiY_ybiW_predicted,0.8888888888888888,15,8,GTCTACGGGGATGTCCTGAT,7,4729500
ybiY_ybiW_predicted,3.111111111111111,35,8,GTCGTCGGAGGAAGAGCCTA,27,4725826
ybiY_ybiW_predicted,2.2222222222222223,27,8,GGTTGTTGAATAATCACTAT,19,4709338
ybiY_ybiW_predicted,1.6666666666666667,22,8,GGTTCCACCCAAGAGCCGTT,14,4701229
ybiY_ybiW_predicted,3.111111111111111,35,8,GGTTACTCACATCTTTCTTT,27,4689019
ybiY_ybiW_predicted,0.2222222222222222,9,8,GGTGCTTAGGCTTGAGTCCG,1,4712619
ybiY_ybiW_predicted,1.7777777777777777,23,8,GGTAGGTGCCCTCCAGATGG,15,4693762
ybiY_ybiW_predicted,0.7777777777777778,14,8,GGTAGGCGCATAAGTCCATG,6,4730281
ybiY_ybiW_predicted,3.111111111111111,35,8,GGTAGCCGGCAGAACTAATA,27,4692835
ybiY_ybiW_predicted,1.8888888888888888,24,8,GGGAAAGATCCGAGGATACA,16,4705846
ybiY_ybiW_predicted,0.2222222222222222,9,8,GGCTCACCATGGACTATCAT,1,4688633
ybiY_ybiW_predicted,1.8888888888888888,24,8,GGCACTTTATACCGTTCTCA,16,4688533
ybiY_ybiW_predicted,1.2222222222222223,18,8,GGCACCGGGAATAGGGTGAA,10,4720561
ybiY_ybiW_predicted,5.555555555555555,57,8,GGATAATTCGCATTGGTGAA,49,4730446
ybiY_ybiW_predicted,3.7777777777777777,41,8,GGACTCAAGGATCGACAATA,33,4726671
ybiY_ybiW_predicted,5.0,52,8,GCTGGACGACGTCGGCACCC,44,4690011
ybiY_ybiW_predicted,1.3333333333333333,19,8,GCTCTTGCACTCGCTTATAC,11,4709688
ybiY_ybiW_predicted,0.7777777777777778,14,8,GCTCCTCACCGTACAAGCAA,6,4709071
ybiY_ybiW_predicted,2.888888888888889,33,8,GCGTTCGGTCTAGATTGTAA,25,4726648
ybiY_ybiW_predicted,1.0,16,8,GCGGATACGATAATGATGCA,8,4724101
ybiY_ybiW_predicted,3.111111111111111,35,8,GCGCGGAGTTCGGTGCCTTA,27,4706731
ybiY_ybiW_predicted,0.2222222222222222,9,8,GCGCGACGATACGACATCAT,1,4696498
ybiY_ybiW_predicted,3.0,34,8,GCGCCTTTTGCCGGAGCCAA,26,4689822
ybiY_ybiW_predicted,0.2222222222222222,9,8,GCGACTCTTAGGGCTAAACC,1,4702224
ybiY_ybiW_predicted,4.111111111111111,44,8,GCCACGTCCACGACTTCTGC,36,4705013
ybiY_ybiW_predicted,2.4444444444444446,29,8,GCATTAAACTGCTATACTGT,21,4705379
ybiY_ybiW_predicted,4.444444444444445,47,8,GCAGTTCACTTAGAAGATTA,39,4693087
ybiY_ybiW_predicted,2.4444444444444446,29,8,GCAGTCTATACCGCGAGACC,21,4700196
ybiY_ybiW_predicted,0.2222222222222222,9,8,GCACCTGCACGCTAAGTTAT,1,4717759
ybiY_ybiW_predicted,1.8888888888888888,24,8,GCACCTAGCCGTCAATACAA,16,4706287
ybiY_ybiW_predicted,0.2222222222222222,9,8,GATTAGCAGCTTATGAGATC,1,4727816
ybiY_ybiW_predicted,3.6666666666666665,40,8,GATGGTTACTGAGGAAGGTA,32,4696167
ybiY_ybiW_predicted,1.8888888888888888,24,8,GATCCATGGCCCCGCCTAGA,16,4699043
ybiY_ybiW_predicted,0.5555555555555556,12,8,GAGTTTGCGGTCTGACAGCC,4,4704820
ybiY_ybiW_predicted,0.2222222222222222,9,8,GAGGGCTTCTCAGCCGGATA,1,4690510
ybiY_ybiW_predicted,2.111111111111111,26,8,GAGGATCATTCCTAATTTAT,18,4694453
ybiY_ybiW_predicted,3.5555555555555554,39,8,GAGCCTATTGGTTCAGAACC,31,4707929
ybiY_ybiW_predicted,2.0,25,8,GACGTTTTCTTATCGGAGAA,17,4691372
ybiY_ybiW_predicted,0.6666666666666666,13,8,GACGAATCGGGGGGACTCAA,5,4705282
ybiY_ybiW_predicted,2.888888888888889,33,8,GACCCGGCGAGTCTGTTTCG,25,4721081
ybiY_ybiW_predicted,2.2222222222222223,27,8,GACAGCTAAAGACCCTCCAG,19,4707786
ybiY_ybiW_predicted,1.1111111111111112,17,8,GAATACATGCGAGCTTTATT,9,4699224
ybiY_ybiW_predicted,0.2222222222222222,9,8,CTTTTGATGAATTAAGACGG,1,4724652
ybiY_ybiW_predicted,1.8888888888888888,24,8,CTTTCGGCTCGGAGCGCATA,16,4696898
ybiY_ybiW_predicted,10.222222222222221,99,8,CTTGCTAGAGCAGGTACCTC,91,4710908
ybiY_ybiW_predicted,0.2222222222222222,9,8,CTTGCCTGTTTAGCGGTTTG,1,4704308
ybiY_ybiW_predicted,0.2222222222222222,9,8,CTTCCAGTTGCCGAATTGTA,1,4692083
ybiY_ybiW_predicted,3.5555555555555554,39,8,CTTATGGTAGAAGAACTTGA,31,4723749
ybiY_ybiW_predicted,0.3333333333333333,10,8,CTGTCGTCATCACATTAGTT,2,4722031
ybiY_ybiW_predicted,3.5555555555555554,39,8,CTCTCGATAACCATAGAATA,31,4694587
ybiY_ybiW_predicted,1.8888888888888888,24,8,CTCGCCTTCCCCGTTAACTC,16,4721771
ybiY_ybiW_predicted,2.111111111111111,26,8,CTATCTTGCGTTACGCGCTC,18,4716957
ybiY_ybiW_predicted,0.2222222222222222,9,8,CTAGGCGATAGGTTACAAAA,1,4695201
ybiY_ybiW_predicted,6.0,61,8,CTACATCGTGTGGACATATT,53,4729244
ybiY_ybiW_predicted,0.8888888888888888,15,8,CGTTAAGTTTAATTTCGCTT,7,4730779
ybiY_ybiW_predicted,3.111111111111111,35,8,CGTGGGAATGATACCTACGT,27,4700831
ybiY_ybiW_predicted,4.666666666666667,49,8,CGTATGGACGACCGTGCTGT,41,4688977
ybiY_ybiW_predicted,1.7777777777777777,23,8,CGTACGTCTACTCCATTGTG,15,4718138
ybiY_ybiW_predicted,1.4444444444444444,20,8,CGTAATTGTAGACACACGAG,12,4697536
ybiY_ybiW_predicted,10.88888888888889,105,8,CGTAAGGTATGTCAGCCACT,97,4694586
ybiY_ybiW_predicted,5.111111111111111,53,8,CGGGTTGGGACCCCTGTGAT,45,4697582
ybiY_ybiW_predicted,0.2222222222222222,9,8,CGGATATTTGAGCGGGATAT,1,4704545
ybiY_ybiW_predicted,2.111111111111111,26,8,CGCCCCCTCAGGTGCCTTAG,18,4727980
ybiY_ybiW_predicted,0.2222222222222222,9,8,CGCATGGCTGGAACAGATGT,1,4711179
ybiY_ybiW_predicted,2.3333333333333335,28,8,CGATCAGAGCTAAGTTGGTT,20,4694374
ybiY_ybiW_predicted,4.555555555555555,48,8,CGAGAAGGATAATAGAATTC,40,4703369
ybiY_ybiW_predicted,2.2222222222222223,27,8,CGAATTCCAACCTTGCAATC,19,4729909
ybiY_ybiW_predicted,0.2222222222222222,9,8,CCTACTACTCAAGTTCTTAC,1,4730949
ybiY_ybiW_predicted,6.333333333333333,64,8,CCTAATTAAGTTCCCCGTTA,56,4714378
ybiY_ybiW_predicted,3.2222222222222223,36,8,CCTAAGGTTAAGCTGCTTCA,28,4705010
ybiY_ybiW_predicted,0.2222222222222222,9,8,CCGTATCTCCTTCTACGTGG,1,4705911
ybiY_ybiW_predicted,0.2222222222222222,9,8,CCGGTGTTACGGTTTTCTAT,1,4724120
ybiY_ybiW_predicted,7.444444444444445,74,8,CCCTCCTGTGCTGTGAATTA,66,4718813
ybiY_ybiW_predicted,3.7777777777777777,41,8,CCCGCTGGTTGGCGAGCCAC,33,4728706
ybiY_ybiW_predicted,3.4444444444444446,38,8,CCCCTGATTTTGGATTGTAC,30,4720930
ybiY_ybiW_predicted,1.7777777777777777,23,8,CCCCCGGGGGCGAAGTCGCT,15,4723363
ybiY_ybiW_predicted,2.0,25,8,CCCCATTCCCCCGATTTTCT,17,4728611
ybiY_ybiW_predicted,1.3333333333333333,19,8,CCCACCACGTGCCAGGCCGG,11,4698136
ybiY_ybiW_predicted,2.888888888888889,33,8,CCATGTGAATAGTTAGCTAA,25,4721055
ybiY_ybiW_predicted,2.111111111111111,26,8,CCAGTCTGTTGATAGGGGTA,18,4720886
ybiY_ybiW_predicted,2.4444444444444446,29,8,CCAGGTTGTCAGTCGCTAAA,21,4696933
ybiY_ybiW_predicted,2.0,25,8,CCAGGATAACGAAAGCGGAT,17,4691854
ybiY_ybiW_predicted,2.0,25,8,CATTAGAAATGGTACTAACC,17,4688926
ybiY_ybiW_predicted,0.2222222222222222,9,8,CATCCGCTGGACCCGCCCAC,1,4694463
ybiY_ybiW_predicted,2.7777777777777777,32,8,CATATGACAGTTAGCGGTGA,24,4715499
ybiY_ybiW_predicted,2.888888888888889,33,8,CATAAGCCCGGCGGTTAGTA,25,4703951
ybiY_ybiW_predicted,6.0,61,8,CAGTGGTTAGTGGCACACCA,53,4701287
ybiY_ybiW_predicted,0.2222222222222222,9,8,CAGTCGCAAGCACCGCCATA,1,4725955
ybiY_ybiW_predicted,2.0,25,8,CACTGATCACTCGTCCGGAA,17,4722410
ybiY_ybiW_predicted,5.444444444444445,56,8,CACGCCGCGTTCCGGAATAT,48,4717049
ybiY_ybiW_predicted,2.5555555555555554,30,8,CAATCCAGTGGAATGGAAAC,22,4719318
ybiY_ybiW_predicted,2.6666666666666665,31,8,CAACCCACTTAACAATTCTA,23,4706884
ybiY_ybiW_predicted,1.4444444444444444,20,8,CAACCACTATCCCGTGACTA,12,4714714
ybiY_ybiW_predicted,3.7777777777777777,41,8,ATTGGGAGATGATTCGGAAA,33,4719453
ybiY_ybiW_predicted,6.111111111111111,62,8,ATGTGACGATGTGTTTCTGT,54,4729355
ybiY_ybiW_predicted,1.1111111111111112,17,8,ATGTCCGGTACCTGGTGGAC,9,4724181
ybiY_ybiW_predicted,0.2222222222222222,9,8,ATGGGATCTACTGACTCTTT,1,4703722
ybiY_ybiW_predicted,0.2222222222222222,9,8,ATGGATGACCCACACTGACA,1,4708902
ybiY_ybiW_predicted,1.8888888888888888,24,8,ATGCATAAATTTGTAAGGAA,16,4708609
ybiY_ybiW_predicted,2.5555555555555554,30,8,ATGACTGTATAATTCGGACT,22,4701681
ybiY_ybiW_predicted,0.2222222222222222,9,8,ATCCGGGTACAGGCGCCGGT,1,4715661
ybiY_ybiW_predicted,0.3333333333333333,10,8,ATAGGATTAAGTGTTCGTTA,2,4709938
ybiY_ybiW_predicted,1.0,16,8,ATACCTTCAAGGGCTAGGTT,8,4731519
ybiY_ybiW_predicted,4.0,43,8,ATACACCATTCGTGGGGCGT,35,4720089
ybiY_ybiW_predicted,4.666666666666667,49,8,AGGTTGATGTGTACTAAAGA,41,4726373
ybiY_ybiW_predicted,0.2222222222222222,9,8,AGGATGTCGCCGGACAATAC,1,4730867
ybiY_ybiW_predicted,2.7777777777777777,32,8,AGGAGTTCGTGCATGCGTTA,24,4709742
ybiY_ybiW_predicted,2.3333333333333335,28,8,AGGAAGAAAAAGTTCGAATG,20,4700333
ybiY_ybiW_predicted,4.888888888888889,51,8,AGATGGGATCATTTGCGTAA,43,4704087
ybiY_ybiW_predicted,2.111111111111111,26,8,AGATGACCGACCGAGCCGCT,18,4688834
ybiY_ybiW_predicted,3.0,34,8,AGAGCGCACACCGTGAAGGC,26,4727052
ybiY_ybiW_predicted,3.4444444444444446,38,8,AGACGGATCCTTGCCTGATA,30,4722770
ybiY_ybiW_predicted,2.2222222222222223,27,8,AGACAATTCTGAATCTTATT,19,4694983
ybiY_ybiW_predicted,3.4444444444444446,38,8,ACTTAACGCGAATAAAGGTA,30,4723290
ybiY_ybiW_predicted,7.888888888888889,78,8,ACTCTTCGCGTTGGGGATGT,70,4705334
ybiY_ybiW_predicted,4.333333333333333,46,8,ACTCTACTTTCTTCTGTTCG,38,4695847
ybiY_ybiW_predicted,0.8888888888888888,15,8,ACGGTACGCCTTAAATACAG,7,4692527
ybiY_ybiW_predicted,2.7777777777777777,32,8,ACCGGAGCTATACCCGATGT,24,4726783
ybiY_ybiW_predicted,2.0,25,8,ACCCGCGGTTGGTCGTTACA,17,4722775
ybiY_ybiW_predicted,0.2222222222222222,9,8,ACCCATCGGTATCATGCATG,1,4697750
ybiY_ybiW_predicted,2.6666666666666665,31,8,ACCCAGGGATGCATGGTGTA,23,4706574
ybiY_ybiW_predicted,1.3333333333333333,19,8,ACAGGAGCCATAATGGCAAT,11,4718695
ybiY_ybiW_predicted,3.4444444444444446,38,8,ACACGCAAGGTGGTCAGGGT,30,4730818
ybiY_ybiW_predicted,0.2222222222222222,9,8,AATTTCTGGTTTCCCTACGT,1,4710153
ybiY_ybiW_predicted,1.5555555555555556,21,8,AATTCGCGCGCTTCGCGCTA,13,4703210
ybiY_ybiW_predicted,1.8888888888888888,24,8,AATGTCCCACGGTCTCCGGA,16,4691760
ybiY_ybiW_predicted,0.2222222222222222,9,8,AATGTATAACTAATTGGGGT,1,4693262
ybiY_ybiW_predicted,0.2222222222222222,9,8,AAGTTCCGTCGTGATCTATG,1,4698309
ybiY_ybiW_predicted,2.5555555555555554,30,8,AAGGCTCCCTCGCTCCTCAC,22,4726963
ybiY_ybiW_predicted,2.2222222222222223,27,8,AAGCGCAGCGTTTGTGAGCT,19,4716510
ybiY_ybiW_predicted,1.8888888888888888,24,8,AACTTGAGCCAGCGGTGCTA,16,4704632
ybiY_ybiW_predicted,5.666666666666667,58,8,AACCAGAGATTAGCGAACCT,50,4723185
ybiY_ybiW_predicted,1.375,17,7,TTTCAAGGGACTTGATAGAG,10,4699955
ybiY_ybiW_predicted,0.875,13,7,TTTACGGATGTCCACTCTCT,6,4691731
ybiY_ybiW_predicted,3.125,31,7,TTTAATCTGTTTGGCATTGT,24,4715227
ybiY_ybiW_predicted,2.375,25,7,TTGCCTGTTCTCCATGAGAG,18,4690815
ybiY_ybiW_predicted,3.25,32,7,TTGAATCTGATCACATATGA,25,4716867
ybiY_ybiW_predicted,1.0,14,7,TTCTGCGTGATATGCTGAAG,7,4712970
ybiY_ybiW_predicted,3.0,30,7,TTCAGCTTCCTGGCACTTCT,23,4695941
ybiY_ybiW_predicted,12.5,106,7,TTCAGACGTCGTGGCTTTGT,99,4698712
ybiY_ybiW_predicted,0.25,8,7,TTAGAGTGGTCCTCGTTCAA,1,4726280
ybiY_ybiW_predicted,5.375,49,7,TTACTCAGGTTTTCGAACGC,42,4691736
ybiY_ybiW_predicted,4.125,39,7,TTAAGAATGCGCAATTCGCA,32,4698570
ybiY_ybiW_predicted,1.75,20,7,TGTGCGATGATTTATTCGCA,13,4689626
ybiY_ybiW_predicted,0.25,8,7,TGTCGGCCGACGATTCTTTA,1,4719151
ybiY_ybiW_predicted,3.5,34,7,TGGTATGTCCTAACCTTTGG,27,4725224
ybiY_ybiW_predicted,4.375,41,7,TGGCTTGATTTCCTGTTTAG,34,4705678
ybiY_ybiW_predicted,12.375,105,7,TGGCACGTTTCTAGGACCCA,98,4731818
ybiY_ybiW_predicted,3.625,35,7,TGCGTTAAAAACCCTTATAA,28,4731668
ybiY_ybiW_predicted,3.625,35,7,TGCGGGGTGATCAGTCGGCG,28,4701416
ybiY_ybiW_predicted,4.375,41,7,TGCGCTTGTTTGATGCCGAC,34,4707044
ybiY_ybiW_predicted,4.375,41,7,TGCGCAGAGCGTGGCCATTG,34,4703763
ybiY_ybiW_predicted,3.5,34,7,TGCCGGCACAGCTCCACAGA,27,4722883
ybiY_ybiW_predicted,2.0,22,7,TCTTGCAGATACAGTAGGAT,15,4719595
ybiY_ybiW_predicted,4.625,43,7,TCTGCTTCCTTTTTCCGTGG,36,4705373
ybiY_ybiW_predicted,0.25,8,7,TCTGCCGGCAGTAGCCAAGT,1,4717687
ybiY_ybiW_predicted,1.5,18,7,TCTCTGGGTGGGGGGTTCTA,11,4730918
ybiY_ybiW_predicted,0.875,13,7,TCTATTCCGGCTCTGCGGGG,6,4712874
ybiY_ybiW_predicted,0.25,8,7,TCGGGCTCATCGGGCCTCCT,1,4728711
ybiY_ybiW_predicted,2.0,22,7,TCGGCGCACCTACGAGAAGA,15,4692180
ybiY_ybiW_predicted,2.125,23,7,TCGCTCATGAGGCTTCTCTG,16,4724242
ybiY_ybiW_predicted,2.25,24,7,TCCTTCCGTCTAGGGTCTGC,17,4729057
ybiY_ybiW_predicted,4.75,44,7,TCCCGAACATTACAGCTCTG,37,4730134
ybiY_ybiW_predicted,9.5,82,7,TATTTATAAGCAACAAGTCT,75,4706840
ybiY_ybiW_predicted,2.25,24,7,TATGGTGGGCTCGTACAATT,17,4695322
ybiY_ybiW_predicted,2.125,23,7,TATAGAGTCGCGGCCCGACG,16,4711355
ybiY_ybiW_predicted,0.25,8,7,TAGGCCCGGCCGACGCGTAT,1,4728996
ybiY_ybiW_predicted,0.375,9,7,TAGATCCCAGACTACCGCCT,2,4690448
ybiY_ybiW_predicted,6.5,58,7,TAGACGAAGAAGCAAGCTTA,51,4703914
ybiY_ybiW_predicted,3.75,36,7,TACTCTAGCAGAGAATCCCA,29,4707972
ybiY_ybiW_predicted,4.75,44,7,TACCCCCTCAAGACGTTGGC,37,4706935
ybiY_ybiW_predicted,0.25,8,7,TACCCAGGTTGAATCAGACA,1,4721301
ybiY_ybiW_predicted,0.25,8,7,GTTAGGGAGGTTTAGGCGAG,1,4702773
ybiY_ybiW_predicted,2.5,26,7,GTGTGCTGTGCATCGAAGCA,19,4718745
ybiY_ybiW_predicted,5.75,52,7,GTGGATCTAGGACACACACT,45,4703871
ybiY_ybiW_predicted,0.75,12,7,GTGGACTGTAAAGTTATGAA,5,4700971
ybiY_ybiW_predicted,0.25,8,7,GTGCGTTTGAGACCTGCTCG,1,4707773
ybiY_ybiW_predicted,1.25,16,7,GTGCATCTGAGATGCCGGCA,9,4701740
ybiY_ybiW_predicted,0.25,8,7,GTGATATGAAGGCAGGAAGA,1,4700745
ybiY_ybiW_predicted,0.375,9,7,GTCGTCGATTTGTTAGATTG,2,4710983
ybiY_ybiW_predicted,4.75,44,7,GTCGGCGGAGCCAATCTGCC,37,4691638
ybiY_ybiW_predicted,0.25,8,7,GTCCGTGGGCTCAATCGGTT,1,4697089
ybiY_ybiW_predicted,3.5,34,7,GTCCGTCAATCAACGGTCTT,27,4701035
ybiY_ybiW_predicted,5.375,49,7,GTCCAGCCCTCACGCAGTAT,42,4690887
ybiY_ybiW_predicted,2.0,22,7,GTCAAGGCAGTTGAGGCTAA,15,4697410
ybiY_ybiW_predicted,0.25,8,7,GTCAACAGAGGGATTGGTAC,1,4709781
ybiY_ybiW_predicted,2.125,23,7,GTATTCCGTTCGACCCTTGC,16,4710604
ybiY_ybiW_predicted,1.5,18,7,GTAGGGCTGTTCGCGGTTAT,11,4729368
ybiY_ybiW_predicted,4.0,38,7,GTAGCCCGTGAGTCCATAGA,31,4699581
ybiY_ybiW_predicted,1.625,19,7,GTAGCCATCCGTGGACGACG,12,4700036
ybiY_ybiW_predicted,0.25,8,7,GTAGAGGTCAGGGGTCGTTG,1,4709221
ybiY_ybiW_predicted,5.125,47,7,GTACAAAGGTACGAACCGCA,40,4724819
ybiY_ybiW_predicted,7.125,63,7,GGTTAAAGAAGACCAGCAAG,56,4705463
ybiY_ybiW_predicted,3.75,36,7,GGGTCTGTGACCGTTTGACT,29,4730233
ybiY_ybiW_predicted,1.625,19,7,GGGAGTCAGGTTTAATTCAA,12,4692110
ybiY_ybiW_predicted,0.25,8,7,GGCGTTCGTGTTGGTCAAGC,1,4699876
ybiY_ybiW_predicted,3.5,34,7,GGCGAGTAACTACCTTCGAC,27,4693694
ybiY_ybiW_predicted,4.625,43,7,GGCATTTCCTAGCACGGGTA,36,4726868
ybiY_ybiW_predicted,0.625,11,7,GGACGGCCCCGCATCATCTC,4,4732330
ybiY_ybiW_predicted,6.0,54,7,GGAAATCTCAAGGGGGCACC,47,4712885
ybiY_ybiW_predicted,4.0,38,7,GCTGAGGTGCCATCCGGTAA,31,4715260
ybiY_ybiW_predicted,2.75,28,7,GCTCTCGGTGTGAGGTGGGA,21,4716021
ybiY_ybiW_predicted,5.375,49,7,GCTCTAAGAGAAATTTGGGA,42,4727499
ybiY_ybiW_predicted,6.75,60,7,GCTAGAGGTCACAACGGAAG,53,4716248
ybiY_ybiW_predicted,3.75,36,7,GCGGCGAGTACCTCTCACGT,29,4730219
ybiY_ybiW_predicted,2.25,24,7,GCCGGCTAGACACGGGGATA,17,4698177
ybiY_ybiW_predicted,1.75,20,7,GCAGGGCCGGGTACGAGGAT,13,4731173
ybiY_ybiW_predicted,3.125,31,7,GCAGCTTCTCCATCAATTTA,24,4708109
ybiY_ybiW_predicted,6.375,57,7,GCAACGCCTTCTCAGACGGG,50,4717577
ybiY_ybiW_predicted,0.25,8,7,GATTCCAGCGCAGTCTGGTG,1,4697301
ybiY_ybiW_predicted,2.875,29,7,GATGTGATAATTGTCGAAAG,22,4693321
ybiY_ybiW_predicted,3.375,33,7,GATGGGCAGGCCCAAATACA,26,4690469
ybiY_ybiW_predicted,2.875,29,7,GAGGTAGTCGGACCGGAATG,22,4719928
ybiY_ybiW_predicted,3.875,37,7,GAGATCAGTACACCAAGGTC,30,4708687
ybiY_ybiW_predicted,3.625,35,7,GAGAATATCAAACGAGTTTA,28,4699590
ybiY_ybiW_predicted,0.25,8,7,GAGAAATGCAATTCCCCTTA,1,4711800
ybiY_ybiW_predicted,0.25,8,7,CTTGGGACTCAGGGTCTTGG,1,4718508
ybiY_ybiW_predicted,2.625,27,7,CTGTTGCTCGTTCTCTGAAA,20,4716164
ybiY_ybiW_predicted,1.375,17,7,CTGTCATCCCGTTCTCATTC,10,4725747
ybiY_ybiW_predicted,0.25,8,7,CTGGATCGGTCTTACAGTGG,1,4721751
ybiY_ybiW_predicted,0.25,8,7,CTGCCAGGAGGGGTTATCTT,1,4701856
ybiY_ybiW_predicted,5.5,50,7,CTGCATGACAATCGCTGCAG,43,4692216
ybiY_ybiW_predicted,0.25,8,7,CTGAGGCGCGTTTGCGGTTA,1,4704954
ybiY_ybiW_predicted,4.25,40,7,CTCGTGCCCTGAGTGAGTTC,33,4695363
ybiY_ybiW_predicted,0.375,9,7,CTCCTACTTGGTCCGATTTG,2,4704992
ybiY_ybiW_predicted,2.375,25,7,CTCCGGTCGTCAGTCCATCA,18,4721698
ybiY_ybiW_predicted,9.25,80,7,CTCCCATAACGTTACGTGGT,73,4701954
ybiY_ybiW_predicted,0.375,9,7,CGTTGCCGTTGAGCGACTAG,2,4730888
ybiY_ybiW_predicted,1.375,17,7,CGTTCCATGAACCGCGTAGG,10,4700309
ybiY_ybiW_predicted,1.0,14,7,CGTCTCATCGGTAGCGCCGG,7,4723207
ybiY_ybiW_predicted,3.0,30,7,CGGGTGTCCAACAATCCACA,23,4728139
ybiY_ybiW_predicted,3.875,37,7,CGGGGGTAGCAAAGGCCAGG,30,4699399
ybiY_ybiW_predicted,0.25,8,7,CGGCTGTGTGGTACATTTAA,1,4720625
ybiY_ybiW_predicted,3.375,33,7,CGGAACCTAGAACGAAGTAT,26,4698789
ybiY_ybiW_predicted,3.125,31,7,CGCGTTGCTGGGGTTCGTTA,24,4708301
ybiY_ybiW_predicted,2.625,27,7,CGCCCGCAATCAGTTCTAAC,20,4690319
ybiY_ybiW_predicted,0.625,11,7,CGCCAACCCTGGTTTACCCC,4,4700311
ybiY_ybiW_predicted,2.625,27,7,CGCAAAGGTAGCTTGGTGTC,20,4719932
ybiY_ybiW_predicted,2.875,29,7,CGAGTCTATCGGTCAGCGTC,22,4696074
ybiY_ybiW_predicted,3.25,32,7,CGAGATTCGGGTAATAGGCT,25,4725219
ybiY_ybiW_predicted,1.25,16,7,CGAACGATAGAGCTATACCT,9,4731727
ybiY_ybiW_predicted,4.0,38,7,CCTGCGTCCCTGGACCCTGA,31,4699232
ybiY_ybiW_predicted,6.5,58,7,CCTCTAACAATCGCGATCTC,51,4715364
ybiY_ybiW_predicted,2.125,23,7,CCTACTCTTCCTCCGACCCT,16,4703609
ybiY_ybiW_predicted,2.25,24,7,CCGGGTTAATTGCACTCGGT,17,4723465
ybiY_ybiW_predicted,10.375,89,7,CCGCGACGCCTTGTCTTGGA,82,4706028
ybiY_ybiW_predicted,2.375,25,7,CCGCCTTGTCCAAACCGGTT,18,4708994
ybiY_ybiW_predicted,4.0,38,7,CCGCCCGTGCGACTCAATTA,31,4711092
ybiY_ybiW_predicted,3.0,30,7,CCGAGTGGCAGGCGTGCCGC,23,4719751
ybiY_ybiW_predicted,1.75,20,7,CCCTAAGGTTGAGATACGGG,13,4722535
ybiY_ybiW_predicted,5.75,52,7,CCCCGAACTTTTGAGCACAT,45,4723029
ybiY_ybiW_predicted,0.25,8,7,CCATATGCTTCCATGCCGCT,1,4702896
ybiY_ybiW_predicted,4.5,42,7,CCACATCATCCAAATGTCCT,35,4712481
ybiY_ybiW_predicted,0.25,8,7,CCACAACGTCGAGAGTGATT,1,4722460
ybiY_ybiW_predicted,0.25,8,7,CATGTCAGTTTGGAAAACCA,1,4711752
ybiY_ybiW_predicted,2.25,24,7,CATGGTGTAAAACGAGTTAA,17,4688911
ybiY_ybiW_predicted,2.0,22,7,CATCAGAGTAGGCGCTTGCT,15,4721685
ybiY_ybiW_predicted,0.25,8,7,CATCAATGACGGTTACAAGT,1,4707082
ybiY_ybiW_predicted,0.25,8,7,CAGGGGCGTCCATCATTGCG,1,4714863
ybiY_ybiW_predicted,2.75,28,7,CACTACGGCTGTTATGGTCG,21,4731967
ybiY_ybiW_predicted,2.5,26,7,CACGTCACAAAAGACAACAC,19,4701286
ybiY_ybiW_predicted,4.0,38,7,CACGATATGTCTGATCTGAA,31,4696358
ybiY_ybiW_predicted,0.25,8,7,CACACACCGTCGAAGTTGCC,1,4702996
ybiY_ybiW_predicted,3.0,30,7,CAATAATATCTAAATGGCAG,23,4691277
ybiY_ybiW_predicted,0.25,8,7,CAAGGATCTAGCATGCCGGG,1,4703651
ybiY_ybiW_predicted,2.25,24,7,CAACGCACCGGCGTCCCAAT,17,4694548
ybiY_ybiW_predicted,7.125,63,7,CAACCCTGGGACGTGCACTG,56,4707732
ybiY_ybiW_predicted,6.0,54,7,CAACATAAGCGACTCCCTTG,47,4715342
ybiY_ybiW_predicted,5.75,52,7,CAACAAATAGATGATCGCTC,45,4731127
ybiY_ybiW_predicted,2.625,27,7,ATTTGTGATTACCTAGCCCT,20,4695428
ybiY_ybiW_predicted,1.125,15,7,ATTGGGATACCACGAGTTAA,8,4714797
ybiY_ybiW_predicted,4.0,38,7,ATTCGCATGCAAATGACTCC,31,4714338
ybiY_ybiW_predicted,2.5,26,7,ATTAGGCGTAGGTCGTAGGA,19,4696666
ybiY_ybiW_predicted,0.25,8,7,ATGAAGACAGCCTCATAAAG,1,4690760
ybiY_ybiW_predicted,0.25,8,7,ATCGCGGCCCACGGGGTCGT,1,4732681
ybiY_ybiW_predicted,5.375,49,7,ATCCTACTCACGAGTACGTA,42,4712371
ybiY_ybiW_predicted,2.125,23,7,ATCATCGAACCGAGAGACTA,16,4708758
ybiY_ybiW_predicted,1.0,14,7,ATATTACCGGTCGATAGTTC,7,4697164
ybiY_ybiW_predicted,2.875,29,7,AGTTCAGAATTAGATTGTTA,22,4691762
ybiY_ybiW_predicted,2.875,29,7,AGTGACCTATTTAGTGACCG,22,4712507
ybiY_ybiW_predicted,0.25,8,7,AGTGACACACGAAGCTTACA,1,4690950
ybiY_ybiW_predicted,0.25,8,7,AGTAACTACCGACGTAGTTT,1,4727162
ybiY_ybiW_predicted,3.125,31,7,AGGTTGAGATAAGCGCAAAG,24,4702538
ybiY_ybiW_predicted,2.125,23,7,AGGGTAGCCCCGGCGTGAGA,16,4722656
ybiY_ybiW_predicted,3.25,32,7,AGGAGCCGGATAGGCGGCGG,25,4694000
ybiY_ybiW_predicted,7.375,65,7,AGAGCCGTTAGTCGTGACGA,58,4718100
ybiY_ybiW_predicted,5.375,49,7,AGACGCTACAGGCACCCAAA,42,4693042
ybiY_ybiW_predicted,2.875,29,7,ACTTCAGAGCGGATACATTT,22,4690709
ybiY_ybiW_predicted,2.75,28,7,ACTGACGTTGTCAGGACGCA,21,4728732
ybiY_ybiW_predicted,3.375,33,7,ACTCGGGACAATATCTTTTG,26,4712683
ybiY_ybiW_predicted,0.25,8,7,ACGTACTGTATGGCTGAGTG,1,4724542
ybiY_ybiW_predicted,1.5,18,7,ACGACACTATATTTCAGACC,11,4729769
ybiY_ybiW_predicted,2.375,25,7,ACCACTATACATTAAATGAA,18,4719867
ybiY_ybiW_predicted,0.25,8,7,ACATCCCGTCAGTACTTATT,1,4710162
ybiY_ybiW_predicted,0.25,8,7,ACACGTTTAGCACGCACCGC,1,4717336
ybiY_ybiW_predicted,1.375,17,7,ACACGGGATCTTCGGGAAAG,10,4725870
ybiY_ybiW_predicted,2.125,23,7,ACACCGGCTGCCTGTCGTTG,16,4711438
ybiY_ybiW_predicted,2.875,29,7,ACAAGGCCTAGGCATTAATA,22,4708666
ybiY_ybiW_predicted,3.75,36,7,AATTGGATCCCTAGCGTAAT,29,4693869
ybiY_ybiW_predicted,2.75,28,7,AATTACACTCCTACAGGGTT,21,4698725
ybiY_ybiW_predicted,5.625,51,7,AATGCTTGTTAAGGGCTGAG,44,4732223
ybiY_ybiW_predicted,1.75,20,7,AATCTGCACGCGGTGACACA,13,4711596
ybiY_ybiW_predicted,0.25,8,7,AATAGTGGGGGTGTGAGACG,1,4713850
ybiY_ybiW_predicted,2.625,27,7,AACGGGGCCAGGCATATCAC,20,4726897
ybiY_ybiW_predicted,3.125,31,7,AACCATATACATCCGGTAGT,24,4696083
ybiY_ybiW_predicted,2.0,22,7,AACATCAACGTCTCGAACCA,15,4703252
ybiY_ybiW_predicted,2.0,22,7,AAATACGAGCCGAGCTTCTT,15,4712365
ybiY_ybiW_predicted,0.25,8,7,AAAGTACCTGTTCCTTCGAC,1,4703233
ybiY_ybiW_predicted,4.75,44,7,AAACTCATGTCTACCGTTGA,37,4703466
ybiY_ybiW_predicted,4.75,44,7,AAAAAAAGCTCAACGCTGTC,37,4698430
ybiY_ybiW_predicted,2.7142857142857144,24,6,TTTGGGTTGGGTCGAGAGTA,18,4732219
ybiY_ybiW_predicted,2.4285714285714284,22,6,TTTCGAGACTTTTTTAACTT,16,4702087
ybiY_ybiW_predicted,6.714285714285714,52,6,TTGTGGGACCGTCATATACC,46,4710559
ybiY_ybiW_predicted,0.2857142857142857,7,6,TTGGATCGAATGGGCTACAG,1,4711827
ybiY_ybiW_predicted,0.2857142857142857,7,6,TTGAGGAAACCGCCAAACAG,1,4708023
ybiY_ybiW_predicted,2.2857142857142856,21,6,TTGAGCCTATAGATCTGAAC,15,4691753
ybiY_ybiW_predicted,14.142857142857142,104,6,TTCGTAAGTTATGAGGTGTG,98,4715493
ybiY_ybiW_predicted,12.0,89,6,TTCGACCAAGTCCGGCATAA,83,4714868
ybiY_ybiW_predicted,7.428571428571429,57,6,TTCCGTGAAGCGTGCGCGTA,51,4721853
ybiY_ybiW_predicted,3.2857142857142856,28,6,TGTCTCTCGGCGCAATTGGT,22,4704635
ybiY_ybiW_predicted,4.428571428571429,36,6,TGTCCGCTTCCAAGCAAAAC,30,4714291
ybiY_ybiW_predicted,3.0,26,6,TGGGATTAAGCTTTGCGGAC,20,4715799
ybiY_ybiW_predicted,1.7142857142857142,17,6,TGGCGGAGACGCCTGCGGTT,11,4703343
ybiY_ybiW_predicted,5.857142857142857,46,6,TGCCCCTGCATTGCCAATCT,40,4719390
ybiY_ybiW_predicted,34.0,243,6,TGACGCCGGGATACTTCGTG,237,4710730
ybiY_ybiW_predicted,1.5714285714285714,16,6,TCTTTAGCACAGTACGAGTC,10,4731090
ybiY_ybiW_predicted,10.285714285714286,77,6,TCTCCTCATAAATATCATGT,71,4704989
ybiY_ybiW_predicted,0.2857142857142857,7,6,TCGGTACTGCGGTCTAGGCG,1,4692766
ybiY_ybiW_predicted,2.0,19,6,TCGGGGGAACATTTTCACCT,13,4719653
ybiY_ybiW_predicted,0.2857142857142857,7,6,TCGAGTAATCCCACGCAAGG,1,4692839
ybiY_ybiW_predicted,2.5714285714285716,23,6,TCCTGTGCCAACAACAATAT,17,4714686
ybiY_ybiW_predicted,3.142857142857143,27,6,TCCCACGGACACCAGTTCAT,21,4700089
ybiY_ybiW_predicted,5.714285714285714,45,6,TCCATCGTTATGCAGACATT,39,4697889
ybiY_ybiW_predicted,4.285714285714286,35,6,TCAGTAGGCCTCCCCCGGTA,29,4690992
ybiY_ybiW_predicted,2.5714285714285716,23,6,TATGCGTAAACAGGCGTAGT,17,4710848
ybiY_ybiW_predicted,1.0,12,6,TATCGAAATCAACCTTGCGT,6,4719710
ybiY_ybiW_predicted,2.4285714285714284,22,6,TATACTGATGAAGTAGAGGT,16,4693951
ybiY_ybiW_predicted,3.7142857142857144,31,6,TAGGCTTTTCTCGGTTTGGT,25,4688856
ybiY_ybiW_predicted,0.5714285714285714,9,6,TACGCAAAGGATACATGGTA,3,4707920
ybiY_ybiW_predicted,1.8571428571428572,18,6,TAAGCGTGTGCTCCGATTTC,12,4690020
ybiY_ybiW_predicted,0.7142857142857143,10,6,GTTGGCCACGTCCCCGCAAG,4,4707887
ybiY_ybiW_predicted,2.0,19,6,GTTATCGCTAACGCGTGACG,13,4701195
ybiY_ybiW_predicted,4.142857142857143,34,6,GTCGTCCGCGAAAAGGTTTA,28,4690158
ybiY_ybiW_predicted,4.0,33,6,GTCGAAGCGGACGCTCCTGA,27,4722955
ybiY_ybiW_predicted,1.5714285714285714,16,6,GTCCACGCAGTATCAGAATA,10,4729622
ybiY_ybiW_predicted,5.428571428571429,43,6,GTATACCCGCTTCGCTCTGC,37,4691976
ybiY_ybiW_predicted,2.142857142857143,20,6,GTAGAGCGGAGTTCAAGTAA,14,4729844
ybiY_ybiW_predicted,2.0,19,6,GTACCAATATAAGTGCGGCG,13,4707539
ybiY_ybiW_predicted,2.5714285714285716,23,6,GTAACCCCCTTGTCTGATCA,17,4718207
ybiY_ybiW_predicted,5.571428571428571,44,6,GGTATGGTCACCGCCTTACA,38,4732242
ybiY_ybiW_predicted,2.5714285714285716,23,6,GGGCGCTCTCATATGGCTAC,17,4692397
ybiY_ybiW_predicted,4.714285714285714,38,6,GGCTCTATAGAGGTAATACG,32,4726056
ybiY_ybiW_predicted,0.2857142857142857,7,6,GGCCCAGCCCTGTTAAGGAC,1,4720350
ybiY_ybiW_predicted,37.714285714285715,269,6,GGCAAAAAGTATCCCTTGTA,263,4729124
ybiY_ybiW_predicted,1.8571428571428572,18,6,GGATGTCTCCCTAACCTCGG,12,4705621
ybiY_ybiW_predicted,3.2857142857142856,28,6,GGAGAGGCTGAGACCACAGG,22,4692050
ybiY_ybiW_predicted,2.5714285714285716,23,6,GGACTTCCTTGGTTGCATAG,17,4711582
ybiY_ybiW_predicted,2.4285714285714284,22,6,GGACGCGCCCATGTTGCGGA,16,4722243
ybiY_ybiW_predicted,2.142857142857143,20,6,GCTGTTATCCCGTGGTCCAC,14,4693957
ybiY_ybiW_predicted,0.2857142857142857,7,6,GCTGGAGCAACCCGCGCCCC,1,4709932
ybiY_ybiW_predicted,1.1428571428571428,13,6,GCGTTTCTAGGCGTCCAAGT,7,4720181
ybiY_ybiW_predicted,0.2857142857142857,7,6,GCGTAGTGCCCGAGTGCACA,1,4731217
ybiY_ybiW_predicted,2.0,19,6,GCCTGAGACACACATTGTTT,13,4729873
ybiY_ybiW_predicted,3.5714285714285716,30,6,GCCTCCTTGTAAAAGCACCG,24,4714104
ybiY_ybiW_predicted,2.4285714285714284,22,6,GCCGCCGTTGCATTTGGTTG,16,4731673
ybiY_ybiW_predicted,3.2857142857142856,28,6,GCCCTCATAATGCTGTGTTG,22,4713757
ybiY_ybiW_predicted,4.428571428571429,36,6,GCATTCCAGGCTACCGTCCG,30,4696785
ybiY_ybiW_predicted,0.2857142857142857,7,6,GCATGAGAGACGGATAGAAT,1,4730028
ybiY_ybiW_predicted,3.142857142857143,27,6,GCAGGTGTTCTGGCATGAGC,21,4732016
ybiY_ybiW_predicted,2.7142857142857144,24,6,GCAGGGTGCTTTGGCTATTC,18,4719852
ybiY_ybiW_predicted,1.2857142857142858,14,6,GCACATGCCGGGATTTGTCT,8,4729152
ybiY_ybiW_predicted,0.2857142857142857,7,6,GATTCGATTCTGAAATGCCT,1,4691383
ybiY_ybiW_predicted,6.285714285714286,49,6,GATTAATGCGGCTCGCTCAT,43,4710217
ybiY_ybiW_predicted,2.857142857142857,25,6,GATCTGGCTTAATATCTCTT,19,4726046
ybiY_ybiW_predicted,2.2857142857142856,21,6,GATATAATAATATCGGTCAG,15,4689895
ybiY_ybiW_predicted,3.2857142857142856,28,6,GAGGCGAATGGGTATCCTCT,22,4708024
ybiY_ybiW_predicted,3.4285714285714284,29,6,GAGATGTGGGGATAATGACG,23,4705021
ybiY_ybiW_predicted,6.857142857142857,53,6,GAGATGGATACTCTTCGAAA,47,4689501
ybiY_ybiW_predicted,7.0,54,6,GAGATGCACCATTCAATAAT,48,4726984
ybiY_ybiW_predicted,2.7142857142857144,24,6,GAGAAGGGGAGGACTACAGC,18,4716816
ybiY_ybiW_predicted,2.4285714285714284,22,6,GACGTGCGCACGGAATCTGG,16,4689248
ybiY_ybiW_predicted,0.7142857142857143,10,6,GAATCTGGGCTAGCAACCCT,4,4718413
ybiY_ybiW_predicted,2.5714285714285716,23,6,GAAAAGCTTGACGGTGCAGC,17,4706540
ybiY_ybiW_predicted,2.857142857142857,25,6,CTGTAAAGCTAAGCAGCATA,19,4715511
ybiY_ybiW_predicted,4.142857142857143,34,6,CTGGTAGCTGATTGTTAGGA,28,4715419
ybiY_ybiW_predicted,3.0,26,6,CTGGGCGCGCCGTATCAGTC,20,4711155
ybiY_ybiW_predicted,1.7142857142857142,17,6,CTGGACGAAAACATACCGGC,11,4709765
ybiY_ybiW_predicted,14.857142857142858,109,6,CTCTCGTACACTCAGGCTAA,103,4732359
ybiY_ybiW_predicted,5.857142857142857,46,6,CTCTATCGAGCACGGGCAAC,40,4719038
ybiY_ybiW_predicted,5.142857142857143,41,6,CTCGCACCAGCGTCAACGTA,35,4696209
ybiY_ybiW_predicted,2.7142857142857144,24,6,CTCGAGATGTTGCCACGGTG,18,4726661
ybiY_ybiW_predicted,19.714285714285715,143,6,CTCAGTACCCAAGATTGATT,137,4691487
ybiY_ybiW_predicted,2.2857142857142856,21,6,CTCAGGACTACCCGACGACC,15,4713098
ybiY_ybiW_predicted,0.2857142857142857,7,6,CTATGATAAGTAGCGACAAG,1,4726315
ybiY_ybiW_predicted,10.285714285714286,77,6,CTATACGTAATGCATAAGGG,71,4689973
ybiY_ybiW_predicted,2.2857142857142856,21,6,CGTTTGGGGTACGTCGCGAG,15,4704002
ybiY_ybiW_predicted,2.5714285714285716,23,6,CGTTCATCGCTGCCTCGAAA,17,4692251
ybiY_ybiW_predicted,3.5714285714285716,30,6,CGTCGGGGGCCGCCCATGGA,24,4721415
ybiY_ybiW_predicted,7.714285714285714,59,6,CGTACAGTTCGAAACCACAT,53,4723261
ybiY_ybiW_predicted,2.4285714285714284,22,6,CGGTCCCCTTTACCCGAGAA,16,4690643
ybiY_ybiW_predicted,2.142857142857143,20,6,CGGGTATGTAAGCGAGCATA,14,4707107
ybiY_ybiW_predicted,3.4285714285714284,29,6,CGGATCCGTGATACTGGCGG,23,4703138
ybiY_ybiW_predicted,0.2857142857142857,7,6,CGGACCGACCAGGTGACGCA,1,4728527
ybiY_ybiW_predicted,0.2857142857142857,7,6,CGCTTGAGCCTGAGCAGCAA,1,4727630
ybiY_ybiW_predicted,4.0,33,6,CGCGCTCTGGCGTGAGGTGA,27,4729225
ybiY_ybiW_predicted,2.0,19,6,CGCCCACTTAACCCCTAACC,13,4726172
ybiY_ybiW_predicted,0.2857142857142857,7,6,CGATGTCAATTACGCAAAGT,1,4714853
ybiY_ybiW_predicted,3.857142857142857,32,6,CGATCCAGCCCATATCTGGA,26,4710358
ybiY_ybiW_predicted,2.7142857142857144,24,6,CGAGTGCGCCATATGTGCTC,18,4713094
ybiY_ybiW_predicted,9.142857142857142,69,6,CGAGGCGCTCAGAATTCCCA,63,4698237
ybiY_ybiW_predicted,0.2857142857142857,7,6,CGAGAGGTCGAATTGTCTGA,1,4709887
ybiY_ybiW_predicted,1.4285714285714286,15,6,CGAGAGCCGGGTACTAAGCT,9,4717046
ybiY_ybiW_predicted,6.142857142857143,48,6,CGACTATTCACTGGGTTTAG,42,4718785
ybiY_ybiW_predicted,2.857142857142857,25,6,CGAATAACCCTGAAGGACCT,19,4702281
ybiY_ybiW_predicted,0.2857142857142857,7,6,CCTTTTTAACACCAGATCTT,1,4721888
ybiY_ybiW_predicted,1.2857142857142858,14,6,CCTAGCTAATCTTGTCTATT,8,4727466
ybiY_ybiW_predicted,2.7142857142857144,24,6,CCGTGGCCGGATGTGGACGG,18,4699292
ybiY_ybiW_predicted,5.285714285714286,42,6,CCCTGAATTTAAACATAATG,36,4715625
ybiY_ybiW_predicted,5.857142857142857,46,6,CCCCTCTCCCCCACAATAAA,40,4718295
ybiY_ybiW_predicted,8.857142857142858,67,6,CCCCCGCCAGAATTATCGCA,61,4692417
ybiY_ybiW_predicted,2.7142857142857144,24,6,CCCATAATATTTCGGACCTC,18,4704128
ybiY_ybiW_predicted,1.1428571428571428,13,6,CCATTTGTATAGTATCTACG,7,4690060
ybiY_ybiW_predicted,2.0,19,6,CCAGGACTGGAGGACACAAA,13,4694001
ybiY_ybiW_predicted,0.2857142857142857,7,6,CCAACTCATGCTTAGTTTCA,1,4696741
ybiY_ybiW_predicted,4.428571428571429,36,6,CATAGCCCTACCCCATCCAG,30,4725362
ybiY_ybiW_predicted,2.857142857142857,25,6,CATAGCAGCCGTGATGATAA,19,4704880
ybiY_ybiW_predicted,4.142857142857143,34,6,CAGGTGGCCCGAGTGACTTA,28,4719972
ybiY_ybiW_predicted,6.571428571428571,51,6,CAGGGATTGAAGACTTTAAG,45,4709450
ybiY_ybiW_predicted,3.142857142857143,27,6,CAGCAAACACTCCCTAACAT,21,4731810
ybiY_ybiW_predicted,4.571428571428571,37,6,CACTCCTTGCAAGTCGAGGT,31,4719442
ybiY_ybiW_predicted,2.857142857142857,25,6,CACGTGTCAGCGGCTTCCCA,19,4729768
ybiY_ybiW_predicted,8.571428571428571,65,6,ATTGTCTGGGGACCTGTAAA,59,4701783
ybiY_ybiW_predicted,0.2857142857142857,7,6,ATTGGCCGCCCTAGGTAGAA,1,4699831
ybiY_ybiW_predicted,1.7142857142857142,17,6,ATTACATGTATCAGGCTCTG,11,4710981
ybiY_ybiW_predicted,3.5714285714285716,30,6,ATGGCTCGGAGACCTGTGGC,24,4719305
ybiY_ybiW_predicted,5.714285714285714,45,6,ATGAGCTCTGATGGGCATGC,39,4718015
ybiY_ybiW_predicted,3.7142857142857144,31,6,ATCGTATGTATTGTCGGGCA,25,4727537
ybiY_ybiW_predicted,2.0,19,6,ATCGGTCTAAGTTGGCGTAT,13,4697163
ybiY_ybiW_predicted,3.2857142857142856,28,6,ATCCGGAGGCTATCATAGAC,22,4730997
ybiY_ybiW_predicted,5.285714285714286,42,6,ATCATCACATGGGATTCGGG,36,4713065
ybiY_ybiW_predicted,2.0,19,6,ATACTACGTAAGGATATGAA,13,4702886
ybiY_ybiW_predicted,6.0,47,6,ATACCTACACCCCTATTGGG,41,4732224
ybiY_ybiW_predicted,2.5714285714285716,23,6,ATAACGGGGTGGTTCAAAGA,17,4695149
ybiY_ybiW_predicted,5.285714285714286,42,6,AGTTCTTATTAAGCAGTCAT,36,4711920
ybiY_ybiW_predicted,2.0,19,6,AGTTCGGGCGGAGGATAGCG,13,4716609
ybiY_ybiW_predicted,1.0,12,6,AGTACGAAAATCACCCGGTA,6,4700685
ybiY_ybiW_predicted,0.42857142857142855,8,6,AGTACCGTGATTGCGGACAA,2,4704934
ybiY_ybiW_predicted,0.2857142857142857,7,6,AGGTCGTTGTGAGTTCATAA,1,4729233
ybiY_ybiW_predicted,5.285714285714286,42,6,AGGGGGAATGTTGGTTGTAT,36,4710639
ybiY_ybiW_predicted,0.2857142857142857,7,6,AGGCTCAGGAACTGTTACCT,1,4696238
ybiY_ybiW_predicted,6.428571428571429,50,6,AGGCCACCCTACCTTGAATG,44,4719508
ybiY_ybiW_predicted,2.857142857142857,25,6,AGGAAGCATGATGAGTCTGC,19,4693703
ybiY_ybiW_predicted,6.285714285714286,49,6,AGCTGCCCGCATTTCCATAG,43,4719669
ybiY_ybiW_predicted,3.2857142857142856,28,6,AGCCGACGCAGTTCTGTGCA,22,4731558
ybiY_ybiW_predicted,3.2857142857142856,28,6,AGATTCAGTTTTTATGATGC,22,4697285
ybiY_ybiW_predicted,2.142857142857143,20,6,AGATTATGCGCAGAGGGCAA,14,4698546
ybiY_ybiW_predicted,0.2857142857142857,7,6,AGATGGAGATTTGCGTCATG,1,4692181
ybiY_ybiW_predicted,1.8571428571428572,18,6,AGATCTACGCTGAATTACCC,12,4708858
ybiY_ybiW_predicted,0.2857142857142857,7,6,AGAGTTTGCATGTTGCAATC,1,4703719
ybiY_ybiW_predicted,1.7142857142857142,17,6,AGAGTTCACATCCAGTACTA,11,4698263
ybiY_ybiW_predicted,3.5714285714285716,30,6,AGAGGCTCGAATAGCACACT,24,4716428
ybiY_ybiW_predicted,3.5714285714285716,30,6,AGAGAAGTACGAAATATGTT,24,4707317
ybiY_ybiW_predicted,0.42857142857142855,8,6,AGACGCGGTATGTTACACCA,2,4716835
ybiY_ybiW_predicted,3.4285714285714284,29,6,AGACCCGCTTCAAGAAACTT,23,4697053
ybiY_ybiW_predicted,3.7142857142857144,31,6,ACTGATATTTATGGAGACGC,25,4712068
ybiY_ybiW_predicted,73.0,516,6,ACTCGGTGAGTTGTGATGCA,510,4728406
ybiY_ybiW_predicted,2.4285714285714284,22,6,ACGGGGACTCGACGAAACGT,16,4730482
ybiY_ybiW_predicted,3.2857142857142856,28,6,ACGGCCGACCTGAACTTTAG,22,4727422
ybiY_ybiW_predicted,13.857142857142858,102,6,ACGAGGTAACACGTGACTCA,96,4692372
ybiY_ybiW_predicted,5.285714285714286,42,6,ACGAAGCCCGAAGGGCACTG,36,4714726
ybiY_ybiW_predicted,2.5714285714285716,23,6,ACCTAGGTATTCTTTAGCTG,17,4719761
ybiY_ybiW_predicted,2.857142857142857,25,6,ACCCGTTCTTCCTGCTGATA,19,4719443
ybiY_ybiW_predicted,0.2857142857142857,7,6,ACCAATGATCCCGTTATGCT,1,4690576
ybiY_ybiW_predicted,3.142857142857143,27,6,ACACCCTCGCGGCCATATCG,21,4708008
ybiY_ybiW_predicted,0.2857142857142857,7,6,AATTGGCGCATTATTTAATT,1,4693578
ybiY_ybiW_predicted,2.142857142857143,20,6,AATTGACCACTCCGGACAGG,14,4705506
ybiY_ybiW_predicted,6.857142857142857,53,6,AATGGGCCTGTCAGGCTTAC,47,4704461
ybiY_ybiW_predicted,0.2857142857142857,7,6,AATCCACGCGCCATACCCCT,1,4720222
ybiY_ybiW_predicted,2.5714285714285716,23,6,AATAGTACCGATAGTTTTCA,17,4724737
ybiY_ybiW_predicted,4.571428571428571,37,6,AAGACCACCCACATATTGTA,31,4722151
ybiY_ybiW_predicted,5.428571428571429,43,6,AAGACAGTGGCAATGTAGTA,37,4705151
ybiY_ybiW_predicted,2.857142857142857,25,6,AACTTTGTTTATGGGCTCAC,19,4707612
ybiY_ybiW_predicted,2.857142857142857,25,6,AAACGTGTGGCACTGGCCTG,19,4690374
ybiY_ybiW_predicted,2.857142857142857,25,6,AAAATACATTCCGTGGCAGA,19,4691551
ybiY_ybiW_predicted,6.5,43,5,TTTTGTCACCACGATAACCT,38,4694182
ybiY_ybiW_predicted,0.3333333333333333,6,5,TTTTGGATGTAGCCTAAAGT,1,4709741
ybiY_ybiW_predicted,0.3333333333333333,6,5,TTTTGCAATTACACCCCCCA,1,4690903
ybiY_ybiW_predicted,3.0,22,5,TTTGGTTGAAGGGTAGGGGA,17,4715050
ybiY_ybiW_predicted,2.5,19,5,TTTGATATTGAAGTGATCCT,14,4707113
ybiY_ybiW_predicted,11.333333333333334,72,5,TTGATTTTAGATATAAGTGT,67,4725569
ybiY_ybiW_predicted,3.3333333333333335,24,5,TTGAGAGGTCGTTTCCTCCA,19,4732538
ybiY_ybiW_predicted,3.1666666666666665,23,5,TTCTCCGGTGGGGAACTCGA,18,4692212
ybiY_ybiW_predicted,3.8333333333333335,27,5,TTCGACAACACTCCGCTTTG,22,4718113
ybiY_ybiW_predicted,1.8333333333333333,15,5,TTCCTTTCTCGTAAGTGCCC,10,4696437
ybiY_ybiW_predicted,2.6666666666666665,20,5,TTCAGTAGGCTCTGCACCAC,15,4712208
ybiY_ybiW_predicted,4.0,28,5,TTACTTACCTCATGGTTTAT,23,4708274
ybiY_ybiW_predicted,15.166666666666666,95,5,TGTGTTCCCGTGAAGTATAC,90,4703084
ybiY_ybiW_predicted,7.333333333333333,48,5,TGTATTAAACATCAGCCTAA,43,4703373
ybiY_ybiW_predicted,8.833333333333334,57,5,TGGTTGGATGGCATCCCTAA,52,4718570
ybiY_ybiW_predicted,4.0,28,5,TGGGGCGGGACAAAAGGACT,23,4725084
ybiY_ybiW_predicted,6.166666666666667,41,5,TGGATGGCCGGAGGAGACTC,36,4708975
ybiY_ybiW_predicted,2.3333333333333335,18,5,TGCGATGAAATATGGGAAGC,13,4726410
ybiY_ybiW_predicted,0.6666666666666666,8,5,TGCACCTCCCCTCGGGACTA,3,4730162
ybiY_ybiW_predicted,4.5,31,5,TGATTTAGTGATCATACAAG,26,4721678
ybiY_ybiW_predicted,6.333333333333333,42,5,TGATCCGGGGTCTAGCGATG,37,4715170
ybiY_ybiW_predicted,5.333333333333333,36,5,TGAGGACTAACCGGATCGAT,31,4714569
ybiY_ybiW_predicted,2.3333333333333335,18,5,TGAACCGATGTTGTTAACGG,13,4690541
ybiY_ybiW_predicted,1.1666666666666667,11,5,TCTTTCACTGTGGCCTACTT,6,4704812
ybiY_ybiW_predicted,0.5,7,5,TCTTGATTCAGCGTTTCAAC,2,4721506
ybiY_ybiW_predicted,0.3333333333333333,6,5,TCGTAGTCGCCCTCGGCGGG,1,4707234
ybiY_ybiW_predicted,0.5,7,5,TCGGTGTCGCTCGGCACATA,2,4710927
ybiY_ybiW_predicted,3.5,25,5,TCGGGCATGATGTTCGTTAC,20,4691797
ybiY_ybiW_predicted,4.833333333333333,33,5,TCGCGGTGTCGGGAGGAATG,28,4689832
ybiY_ybiW_predicted,1.3333333333333333,12,5,TCGCGAGAGGCCCGTAGCGT,7,4695503
ybiY_ybiW_predicted,0.6666666666666666,8,5,TCCTACGCCCATCTCATTCC,3,4704581
ybiY_ybiW_predicted,1.6666666666666667,14,5,TCCGGATTTGATCCCCAGAC,9,4698816
ybiY_ybiW_predicted,0.3333333333333333,6,5,TCCCGGACAAATAGGAGTTG,1,4688725
ybiY_ybiW_predicted,0.3333333333333333,6,5,TCACCCCAAAGGGATTCATG,1,4714103
ybiY_ybiW_predicted,6.666666666666667,44,5,TATGGCCGCCGGACATTGTG,39,4697234
ybiY_ybiW_predicted,0.3333333333333333,6,5,TAGGCTTTTTCTATCGGTAC,1,4703201
ybiY_ybiW_predicted,2.3333333333333335,18,5,TACTGCACCACCTCTGTGTC,13,4704431
ybiY_ybiW_predicted,3.8333333333333335,27,5,TACTGATGGTTCCACGTCAT,22,4693470
ybiY_ybiW_predicted,8.166666666666666,53,5,TACAAATCCAAAGTTTCTTG,48,4715497
ybiY_ybiW_predicted,15.333333333333334,96,5,TAAGTACCCTGTTTATCCGA,91,4731286
ybiY_ybiW_predicted,0.3333333333333333,6,5,TAAAGGGACGATACCCGTCA,1,4711202
ybiY_ybiW_predicted,4.833333333333333,33,5,TAAACTACCACATCATCAAG,28,4714272
ybiY_ybiW_predicted,6.666666666666667,44,5,GTTCCGATGCAAGGGCAGAA,39,4716432
ybiY_ybiW_predicted,3.6666666666666665,26,5,GTTCCCTTTAGCCGCCCGTT,21,4722884
ybiY_ybiW_predicted,4.0,28,5,GTGTCCATGGGGTTAAGACT,23,4690791
ybiY_ybiW_predicted,0.3333333333333333,6,5,GTGGAATGACTACATGATAG,1,4693726
ybiY_ybiW_predicted,7.166666666666667,47,5,GTGATGGCGCTACCTGGAGA,42,4729176
ybiY_ybiW_predicted,0.3333333333333333,6,5,GTCTCGGAGATGAGCCGTAG,1,4690288
ybiY_ybiW_predicted,0.3333333333333333,6,5,GTCGAATACATCGCTGTGAG,1,4694246
ybiY_ybiW_predicted,0.3333333333333333,6,5,GTCAAACTCATCTGGGTGTC,1,4701542
ybiY_ybiW_predicted,3.6666666666666665,26,5,GTATGCCGTTGGGGATAAGG,21,4704060
ybiY_ybiW_predicted,0.3333333333333333,6,5,GTAGTTATGCGGCACCGGAT,1,4708234
ybiY_ybiW_predicted,0.3333333333333333,6,5,GTAGTATATTTGTGAGGAGT,1,4716034
ybiY_ybiW_predicted,2.1666666666666665,17,5,GTACCTCTAGTGGAACATTA,12,4700000
ybiY_ybiW_predicted,1.0,10,5,GTAACCGGCCGCTATGGTCC,5,4715502
ybiY_ybiW_predicted,2.6666666666666665,20,5,GTAACCCGTCATACGTGCCA,15,4716429
ybiY_ybiW_predicted,0.3333333333333333,6,5,GTAAATGTCCCGACCCTGTA,1,4708920
ybiY_ybiW_predicted,4.833333333333333,33,5,GTAAAGCTTAGTCGGCCTCT,28,4713633
ybiY_ybiW_predicted,3.3333333333333335,24,5,GGTTTACGTCGAAATATCGA,19,4713683
ybiY_ybiW_predicted,8.666666666666666,56,5,GGTTGTGAAGGATCTCCGTA,51,4723109
ybiY_ybiW_predicted,2.5,19,5,GGTCTAGGTTAGAATACGAT,14,4729451
ybiY_ybiW_predicted,21.5,133,5,GGTCAGCAAATCACCACGCA,128,4692374
ybiY_ybiW_predicted,2.1666666666666665,17,5,GGGTGCGGTGTTGTTCTAGG,12,4703552
ybiY_ybiW_predicted,2.1666666666666665,17,5,GGGGTCCGCATAGAACAGAT,12,4692996
ybiY_ybiW_predicted,2.8333333333333335,21,5,GGGCTCGGATATAACGGGTA,16,4691313
ybiY_ybiW_predicted,1.3333333333333333,12,5,GGGCGTTCCTGAGCATGAAA,7,4709935
ybiY_ybiW_predicted,2.0,16,5,GGGCATTTAACCTGGGAGCC,11,4722504
ybiY_ybiW_predicted,0.3333333333333333,6,5,GGCTTGCCTGGCACCGCCGA,1,4696106
ybiY_ybiW_predicted,3.0,22,5,GGCTCCTGCGACGTGACATT,17,4700491
ybiY_ybiW_predicted,0.3333333333333333,6,5,GGCGTACATCCAGTCCGTGA,1,4713677
ybiY_ybiW_predicted,4.5,31,5,GGCCTCAGGTGTGAGAACGG,26,4708238
ybiY_ybiW_predicted,0.3333333333333333,6,5,GGCCCCCAAGAAATACTCCG,1,4725274
ybiY_ybiW_predicted,1.0,10,5,GGCCATGTCCGAATAGTCAT,5,4731584
ybiY_ybiW_predicted,3.3333333333333335,24,5,GGATTCGTGTGCCGGATAAC,19,4713718
ybiY_ybiW_predicted,6.5,43,5,GCTGGATGGGACGGCTTGCT,38,4726541
ybiY_ybiW_predicted,15.166666666666666,95,5,GCGTCGGCACAAAAGCACAA,90,4708180
ybiY_ybiW_predicted,0.3333333333333333,6,5,GCGGTGCAACCCGTACGCAT,1,4695739
ybiY_ybiW_predicted,2.1666666666666665,17,5,GCCGTCATGGCTTTGGCCTT,12,4714167
ybiY_ybiW_predicted,0.3333333333333333,6,5,GCCGGGGCCCTTACCGAGTG,1,4730575
ybiY_ybiW_predicted,0.3333333333333333,6,5,GCCGCCACAACGGCAACAGT,1,4730341
ybiY_ybiW_predicted,4.333333333333333,30,5,GCCCTGACGTGGATGCCCTC,25,4721218
ybiY_ybiW_predicted,5.833333333333333,39,5,GCCATTAGAGACTCTGAATC,34,4719884
ybiY_ybiW_predicted,2.5,19,5,GCCACAATTGATGGCTACGT,14,4730585
ybiY_ybiW_predicted,4.166666666666667,29,5,GCAGGTCGTCCCTGGTTTAA,24,4718612
ybiY_ybiW_predicted,0.3333333333333333,6,5,GCAGGCTCGTATGTTAAGAA,1,4724428
ybiY_ybiW_predicted,4.0,28,5,GCAGAGCAAATAGATGGAGA,23,4718564
ybiY_ybiW_predicted,1.3333333333333333,12,5,GCACCCAACTCATCAACCCA,7,4721876
ybiY_ybiW_predicted,2.6666666666666665,20,5,GCAAGCATGAACGCAAAGCT,15,4720078
ybiY_ybiW_predicted,2.5,19,5,GATTAACGTATATCTTTATC,14,4697691
ybiY_ybiW_predicted,4.5,31,5,GATCGGAGTTCAAGTGCAGA,26,4731974
ybiY_ybiW_predicted,4.166666666666667,29,5,GATAACAAGCTTGTCGGGCG,24,4708000
ybiY_ybiW_predicted,1.0,10,5,GAGGCGCTTCCCGTATCAGG,5,4693320
ybiY_ybiW_predicted,0.3333333333333333,6,5,GAGCTGCTAGAAACGGAGTG,1,4697611
ybiY_ybiW_predicted,0.3333333333333333,6,5,GAGCGACCGGCTCCGCACGC,1,4695205
ybiY_ybiW_predicted,3.3333333333333335,24,5,GACTTGCAAGCAAACAAGCA,19,4692419
ybiY_ybiW_predicted,0.3333333333333333,6,5,GACGTGAATATCTGGCCAGA,1,4720509
ybiY_ybiW_predicted,0.3333333333333333,6,5,GACGTCGATGCATTAACAAA,1,4717774
ybiY_ybiW_predicted,4.5,31,5,GACCGAGGGCTTCGGAGAGG,26,4697259
ybiY_ybiW_predicted,4.166666666666667,29,5,GAAGTCTAGATTCTCGGAGG,24,4691848
ybiY_ybiW_predicted,2.3333333333333335,18,5,GAACATCAGAATTTGCAACC,13,4692915
ybiY_ybiW_predicted,1.5,13,5,GAAAGGTGATTAAGGTGACT,8,4707042
ybiY_ybiW_predicted,5.0,34,5,CTTTAGCGGGGCAAAGACTT,29,4707729
ybiY_ybiW_predicted,0.5,7,5,CTTGTAGTTACGAGGCTAGA,2,4727968
ybiY_ybiW_predicted,5.0,34,5,CTTCGACGTAGCACAAAAGC,29,4694032
ybiY_ybiW_predicted,2.3333333333333335,18,5,CTTATCTATTAGCGCTATCT,13,4714251
ybiY_ybiW_predicted,2.5,19,5,CTGGTCCCAGAACCGTACGC,14,4708213
ybiY_ybiW_predicted,4.0,28,5,CTGAAGCGTGTTGTTCCTCT,23,4713729
ybiY_ybiW_predicted,6.5,43,5,CTCGCTGGCGATGCCAGAGA,38,4697292
ybiY_ybiW_predicted,7.333333333333333,48,5,CTCCCGTGGGCTAGATGGGG,43,4722387
ybiY_ybiW_predicted,0.3333333333333333,6,5,CTCCCAATGATGGAGAGTGG,1,4727633
ybiY_ybiW_predicted,5.5,37,5,CTCCACAGAGGAAATTCGAT,32,4707363
ybiY_ybiW_predicted,4.5,31,5,CTCATGCGCTCCGGCCTTTG,26,4716849
ybiY_ybiW_predicted,3.3333333333333335,24,5,CTATGAGGTTTCCACCTAGT,19,4689210
ybiY_ybiW_predicted,0.3333333333333333,6,5,CTAGGCCTATTCTAATCTCG,1,4708110
ybiY_ybiW_predicted,1.6666666666666667,14,5,CTACTATTACACTTCAGTGT,9,4727915
ybiY_ybiW_predicted,4.666666666666667,32,5,CTACGAGTGTGGAAGCTGGG,27,4713954
ybiY_ybiW_predicted,4.333333333333333,30,5,CTAACTGTAAAAATCCGCCA,25,4703838
ybiY_ybiW_predicted,5.0,34,5,CGTTCTCCTTTTGCAGCGGC,29,4709882
ybiY_ybiW_predicted,0.3333333333333333,6,5,CGTTCAATCGCTAACTCTGA,1,4706586
ybiY_ybiW_predicted,4.833333333333333,33,5,CGGCTCTTCCACAATGGTAA,28,4705669
ybiY_ybiW_predicted,0.6666666666666666,8,5,CGGATGTAAGGGCTTAGAGG,3,4724840
ybiY_ybiW_predicted,0.5,7,5,CGGAGTTGCATGCGTGTCGC,2,4698612
ybiY_ybiW_predicted,0.3333333333333333,6,5,CGCTGGCACAGGTACGCCCA,1,4699344
ybiY_ybiW_predicted,0.6666666666666666,8,5,CGCGTAGGTGGGTCTGGGGG,3,4724891
ybiY_ybiW_predicted,6.333333333333333,42,5,CGCCGCTGGCGTGGCCAGGT,37,4689985
ybiY_ybiW_predicted,0.6666666666666666,8,5,CGATTTGACTATCATTAGTA,3,4718621
ybiY_ybiW_predicted,6.666666666666667,44,5,CGAGCGACCGCTCGGAGATC,39,4714762
ybiY_ybiW_predicted,0.8333333333333334,9,5,CGAACTGTTTGAGTAGAGAA,4,4727272
ybiY_ybiW_predicted,4.0,28,5,CCTTAGGCGCCCCATGGGCG,23,4731223
ybiY_ybiW_predicted,2.1666666666666665,17,5,CCTGGTGCGACCATGTACAG,12,4706919
ybiY_ybiW_predicted,4.0,28,5,CCGCGCAAATATGCTACGGG,23,4690769
ybiY_ybiW_predicted,9.0,58,5,CCCTTGATTGCGTATACTCT,53,4724343
ybiY_ybiW_predicted,4.833333333333333,33,5,CCCGGGTTCATTTACTTCAC,28,4711431
ybiY_ybiW_predicted,2.1666666666666665,17,5,CCCGAGGGGCTCGCCCCTTT,12,4688699
ybiY_ybiW_predicted,2.6666666666666665,20,5,CCCAATGCGTCCGGACTACG,15,4722598
ybiY_ybiW_predicted,0.3333333333333333,6,5,CCATTGTCCCGCTCGAGGTC,1,4722671
ybiY_ybiW_predicted,6.166666666666667,41,5,CCACTGACAGCTAGGTCCGT,36,4694912
ybiY_ybiW_predicted,2.3333333333333335,18,5,CATCCGACGTTGTTTCAGTG,13,4724374
ybiY_ybiW_predicted,6.833333333333333,45,5,CATCCAGCTCAGGTGCTTGT,40,4704463
ybiY_ybiW_predicted,3.5,25,5,CATAGTATGTTGGGTGGCGA,20,4695151
ybiY_ybiW_predicted,0.3333333333333333,6,5,CAGTGGCATATCCCCTACGG,1,4715298
ybiY_ybiW_predicted,0.3333333333333333,6,5,CAGTCCAAATAACAAGTTTA,1,4701447
ybiY_ybiW_predicted,5.333333333333333,36,5,CAGGGCTTAATCGGCGCATA,31,4729561
ybiY_ybiW_predicted,3.8333333333333335,27,5,CAGGCGTTGGTACTCGCAAT,22,4715384
ybiY_ybiW_predicted,0.3333333333333333,6,5,CAGCCGTGTGCCAGGGAAAT,1,4729221
ybiY_ybiW_predicted,1.1666666666666667,11,5,CAGAGAACCCTGACTGCTGT,6,4715180
ybiY_ybiW_predicted,1.6666666666666667,14,5,CACTCATCGTGAAGCCTTGT,9,4692333
ybiY_ybiW_predicted,2.8333333333333335,21,5,CACATGGGGTCGGGTACAAA,16,4711903
ybiY_ybiW_predicted,2.1666666666666665,17,5,CACATGATGCTGGAGGTTCT,12,4716787
ybiY_ybiW_predicted,2.8333333333333335,21,5,CAATTCCTTAACATGCGGTA,16,4711547
ybiY_ybiW_predicted,4.0,28,5,CAATCTATATGCGTGTCTGA,23,4706544
ybiY_ybiW_predicted,1.5,13,5,CAAGTTAGTTAGAGCCATTT,8,4723021
ybiY_ybiW_predicted,3.5,25,5,CAAACACGTAGTTCAACCTG,20,4725997
ybiY_ybiW_predicted,4.333333333333333,30,5,ATTCTGGCAGTCAACTGAGA,25,4696368
ybiY_ybiW_predicted,7.0,46,5,ATTCATGAATGTTTATGGTC,41,4694324
ybiY_ybiW_predicted,0.3333333333333333,6,5,ATGTTGTTGATGTCGAGGGC,1,4721011
ybiY_ybiW_predicted,6.333333333333333,42,5,ATGTGAAAAGGCGAGCGTGA,37,4697548
ybiY_ybiW_predicted,1.1666666666666667,11,5,ATGGTCAACTGATCTGTATA,6,4700301
ybiY_ybiW_predicted,0.3333333333333333,6,5,ATGGGCCTGTATGTCAGCTA,1,4690980
ybiY_ybiW_predicted,0.3333333333333333,6,5,ATCGCTCGCCAGGGAGGCCT,1,4697538
ybiY_ybiW_predicted,2.5,19,5,ATCGCCCATCTTATTCTCCC,14,4728997
ybiY_ybiW_predicted,2.5,19,5,ATCCGACCGCAATCGAATGA,14,4718748
ybiY_ybiW_predicted,5.666666666666667,38,5,ATCCACTGTGGACAGACGGG,33,4707858
ybiY_ybiW_predicted,5.166666666666667,35,5,ATCAAGGACCATTATGATTC,30,4728061
ybiY_ybiW_predicted,0.3333333333333333,6,5,ATCAACCACACTGGCTCAAT,1,4720464
ybiY_ybiW_predicted,4.666666666666667,32,5,ATATACAACGATCGTTATTA,27,4707846
ybiY_ybiW_predicted,4.666666666666667,32,5,ATAACACGTCAACATGAGCC,27,4726165
ybiY_ybiW_predicted,2.1666666666666665,17,5,AGTTGACCAATCGTTACAGC,12,4710607
ybiY_ybiW_predicted,2.5,19,5,AGGTTTGTCGGTCCCGGTCG,14,4726824
ybiY_ybiW_predicted,3.0,22,5,AGGTTACCCGAGCTCTCTTT,17,4725392
ybiY_ybiW_predicted,0.3333333333333333,6,5,AGGCTCGATGCCACTGGTTA,1,4697804
ybiY_ybiW_predicted,3.0,22,5,AGCTCATCACGTACCCAGGA,17,4692796
ybiY_ybiW_predicted,0.3333333333333333,6,5,AGACTCGCAGACGCAGAGAG,1,4705696
ybiY_ybiW_predicted,3.3333333333333335,24,5,AGAAGTTGACTGCCCCCCAA,19,4716693
ybiY_ybiW_predicted,4.666666666666667,32,5,ACTTTGGATGGCTGGTGTCC,27,4690202
ybiY_ybiW_predicted,7.666666666666667,50,5,ACTTTACCTAAATAGGGCCT,45,4690285
ybiY_ybiW_predicted,12.333333333333334,78,5,ACTCTGAACGAGTCATTCGA,73,4706034
ybiY_ybiW_predicted,4.0,28,5,ACTCAAGTGCGTTCCCTTAT,23,4711359
ybiY_ybiW_predicted,4.166666666666667,29,5,ACTAGATTCGAATCTTATAC,24,4701092
ybiY_ybiW_predicted,4.5,31,5,ACGATATAGTGAGTAAATGC,26,4713986
ybiY_ybiW_predicted,2.6666666666666665,20,5,ACGACTCAAACTTATCTTAA,15,4694654
ybiY_ybiW_predicted,3.1666666666666665,23,5,ACCTTTCCTACCCGCCACCG,18,4707906
ybiY_ybiW_predicted,8.666666666666666,56,5,ACCCGTGCAGATCCATTTAT,51,4729476
ybiY_ybiW_predicted,6.333333333333333,42,5,ACCCCTACCCAACGATCTCT,37,4698399
ybiY_ybiW_predicted,6.0,40,5,ACATCTACTGACAACGGTAA,35,4701965
ybiY_ybiW_predicted,5.333333333333333,36,5,ACAGGTCCAATGCCTTAGGA,31,4707012
ybiY_ybiW_predicted,4.833333333333333,33,5,ACAATTAAAGGCCTGGAAGC,28,4724312
ybiY_ybiW_predicted,4.666666666666667,32,5,ACAATACCGCTTCCCTGTGT,27,4731257
ybiY_ybiW_predicted,2.3333333333333335,18,5,ACAAATTCGCTATCATTAAT,13,4723146
ybiY_ybiW_predicted,4.666666666666667,32,5,AATTGACGGTGGCCCTCGGT,27,4689582
ybiY_ybiW_predicted,0.3333333333333333,6,5,AATAGGGTGCATTAATCGAT,1,4709399
ybiY_ybiW_predicted,3.3333333333333335,24,5,AAGTTCCTATAAGTTATACC,19,4696579
ybiY_ybiW_predicted,2.5,19,5,AAGCGCCTTCTTTGCCCTTC,14,4727095
ybiY_ybiW_predicted,4.166666666666667,29,5,AAGAAATTACTCGGCTAAGG,24,4700818
ybiY_ybiW_predicted,6.5,43,5,AACTTACAGTGACGCTTACT,38,4700027
ybiY_ybiW_predicted,2.8333333333333335,21,5,AACTACGCCTGGCGAAATCA,16,4694305
ybiY_ybiW_predicted,4.666666666666667,32,5,AACGGTAATGGTTGAAGGGT,27,4690990
ybiY_ybiW_predicted,0.6666666666666666,8,5,AACGCTTATTAATATCTCGG,3,4709945
ybiY_ybiW_predicted,3.0,22,5,AACCGGTCATGTCCTGTTGG,17,4732506
ybiY_ybiW_predicted,6.833333333333333,45,5,AAATTTGAACGGCCATGCGT,40,4691410
ybiY_ybiW_predicted,0.3333333333333333,6,5,AAAGGGCCGAGGCGACAAAC,1,4702701
ybiY_ybiW_predicted,3.5,25,5,AAACTCCACCTCAGGGGAGT,20,4720421
ybiY_ybiW_predicted,0.3333333333333333,6,5,AAACGCGAAATTGGAGGTAG,1,4692993
ybiY_ybiW_predicted,0.8,7,4,TTTTGCAGCGGGTTATATCG,3,4713576
ybiY_ybiW_predicted,17.2,89,4,TTTGAAACTGATACGGCAAA,85,4721233
ybiY_ybiW_predicted,2.0,13,4,TTTCTTTCGGCGGATTGTAG,9,4725345
ybiY_ybiW_predicted,4.4,25,4,TTGCTGGGACAAGAGGAGTT,21,4700533
ybiY_ybiW_predicted,5.2,29,4,TTGCGTCGCATGTGTGTGAC,25,4722674
ybiY_ybiW_predicted,3.6,21,4,TTCTGGGGCTAGTCCTGAGT,17,4709053
ybiY_ybiW_predicted,6.0,33,4,TTCTATCACGATGGACGGGA,29,4689456
ybiY_ybiW_predicted,2.6,16,4,TTCGTTGGCTATTCCCCTTT,12,4712317
ybiY_ybiW_predicted,4.8,27,4,TTCCCTAAAGGCTCGCGTTG,23,4715495
ybiY_ybiW_predicted,10.0,53,4,TTCCATACAAGTTGTGAATC,49,4719306
ybiY_ybiW_predicted,6.6,36,4,TTAGCACCGACCCACAATCG,32,4724483
ybiY_ybiW_predicted,3.0,18,4,TTACCGTCTCCCACGCCACC,14,4718174
ybiY_ybiW_predicted,0.4,5,4,TGTTTGCGTACGAGTAAGAA,1,4713663
ybiY_ybiW_predicted,0.4,5,4,TGTTTCCGTGTTCGTTCCAA,1,4727297
ybiY_ybiW_predicted,12.0,63,4,TGTTCTATACGTGTCCATTT,59,4689986
ybiY_ybiW_predicted,4.0,23,4,TGTTCTAGACGTTAGCAAAT,19,4729181
ybiY_ybiW_predicted,6.8,37,4,TGTGTTTTGCCATTATAGAG,33,4708966
ybiY_ybiW_predicted,0.4,5,4,TGTCTAAGCTAAACAACAGG,1,4728521
ybiY_ybiW_predicted,0.4,5,4,TGTCCCGGTACGAGCTGTGA,1,4710657
ybiY_ybiW_predicted,3.0,18,4,TGGGTAAACCTGCACTCAAA,14,4694457
ybiY_ybiW_predicted,7.6,41,4,TGGCGAGGCTCACACGACAC,37,4698273
ybiY_ybiW_predicted,4.2,24,4,TGGAGGGTCAACCGACCAAT,20,4707256
ybiY_ybiW_predicted,3.4,20,4,TGCTTGCAGGAATGCGGCAT,16,4714449
ybiY_ybiW_predicted,7.4,40,4,TGCTAAGAACGACGATTGAA,36,4730241
ybiY_ybiW_predicted,4.8,27,4,TGCGGCTCCCAAATGCAGCT,23,4714490
ybiY_ybiW_predicted,2.6,16,4,TGACCTGAATGGGCAGCCGC,12,4702990
ybiY_ybiW_predicted,1.0,8,4,TCTGTCAGTATTAGTGGTTT,4,4728804
ybiY_ybiW_predicted,8.8,47,4,TCTGGAACGATATTTCTCTT,43,4728959
ybiY_ybiW_predicted,5.0,28,4,TCTCAAGACTTCTTCTGCGC,24,4714488
ybiY_ybiW_predicted,0.4,5,4,TCGTGAGGCGTCTGCGATTC,1,4709942
ybiY_ybiW_predicted,6.2,34,4,TCGTCCTTATAAGGAGCTTC,30,4723142
ybiY_ybiW_predicted,1.0,8,4,TCGCTCTTGTTAATCCGGGT,4,4718756
ybiY_ybiW_predicted,10.2,54,4,TCGCCGCCGGCCGGAGCCCA,50,4692376
ybiY_ybiW_predicted,3.4,20,4,TCGACGGGTCCGCGGGTACA,16,4712864
ybiY_ybiW_predicted,4.8,27,4,TCCTTATGTAGACCCCGGAA,23,4725134
ybiY_ybiW_predicted,6.8,37,4,TCCTGGTAATGTTGTGATCA,33,4714729
ybiY_ybiW_predicted,7.0,38,4,TCCTCGACGACGCTGGCGAT,34,4719057
ybiY_ybiW_predicted,0.4,5,4,TCCGTATTCTAGGTATGCGT,1,4727439
ybiY_ybiW_predicted,5.6,31,4,TCCGGGACCTACCTTCAAAA,27,4703923
ybiY_ybiW_predicted,5.6,31,4,TCCCTCCTCCGTAAATCTGA,27,4721733
ybiY_ybiW_predicted,4.0,23,4,TCCAGCCCATACTGCGCAAA,19,4692175
ybiY_ybiW_predicted,2.6,16,4,TCAGGAGCCGTTGCCACAGT,12,4713509
ybiY_ybiW_predicted,6.2,34,4,TATTTGTGTGCCCCGCCAGG,30,4695734
ybiY_ybiW_predicted,3.8,22,4,TATTCACATTTATGCAGGAT,18,4718920
ybiY_ybiW_predicted,3.6,21,4,TATATCTTTTTATACCATGG,17,4726352
ybiY_ybiW_predicted,0.4,5,4,TAGGAATGGGTCAAGACCCC,1,4728844
ybiY_ybiW_predicted,0.4,5,4,TACGTGTGGGGTATAAGGAA,1,4697796
ybiY_ybiW_predicted,6.6,36,4,TACCTTCCAGCACCAGCGTT,32,4694286
ybiY_ybiW_predicted,1.8,12,4,TACCAATGAAAGTACTAGGC,8,4712678
ybiY_ybiW_predicted,6.4,35,4,TACATCACTCGAGACGCATT,31,4720403
ybiY_ybiW_predicted,3.8,22,4,TAAGGCCTTTGATGGATTGA,18,4702179
ybiY_ybiW_predicted,1.0,8,4,GTTGGTCTAGGACCCTCTCC,4,4721043
ybiY_ybiW_predicted,6.0,33,4,GTTCGTTCCGTGAACGAATA,29,4723972
ybiY_ybiW_predicted,4.0,23,4,GTTCCGAGCACTTGTTCTGA,19,4697220
ybiY_ybiW_predicted,4.6,26,4,GTGGTGGAGTTCCATTCCAT,22,4708611
ybiY_ybiW_predicted,4.4,25,4,GTCTACCTCTCCAGTACCCA,21,4697156
ybiY_ybiW_predicted,2.4,15,4,GTCCGCGTCATAGCAACTCA,11,4722274
ybiY_ybiW_predicted,2.0,13,4,GTCCACAAGACCAGTACTCT,9,4702298
ybiY_ybiW_predicted,0.4,5,4,GTCATTGGTCTGGAAGCGTA,1,4715147
ybiY_ybiW_predicted,0.4,5,4,GTATGGGGAATCCCACGTTT,1,4718425
ybiY_ybiW_predicted,3.8,22,4,GTAGAGCCCTATTCTCATTA,18,4723460
ybiY_ybiW_predicted,10.0,53,4,GTACAAGAGAAAAGGTCCTA,49,4718565
ybiY_ybiW_predicted,0.4,5,4,GGTTCACCTCCGGCAGCGGA,1,4727670
ybiY_ybiW_predicted,7.0,38,4,GGTCCGGGTGCTTTGATAGC,34,4694078
ybiY_ybiW_predicted,3.8,22,4,GGGACAGATGAGTCCTCTCC,18,4701375
ybiY_ybiW_predicted,11.6,61,4,GGCGCGCAAACGTTCCTGTC,57,4727574
ybiY_ybiW_predicted,0.4,5,4,GGCCAACTCGTGCAAGCTGG,1,4707968
ybiY_ybiW_predicted,5.4,30,4,GGCATGAGATACGTTTGAAA,26,4689120
ybiY_ybiW_predicted,4.6,26,4,GGCAAAATCGCATGCCGGTG,22,4725266
ybiY_ybiW_predicted,7.0,38,4,GGACCCCAGGGTCCGGTCGT,34,4690546
ybiY_ybiW_predicted,5.4,30,4,GCTGCCAGACCGGGGCTCAT,26,4708746
ybiY_ybiW_predicted,10.6,56,4,GCGGCAATCCAACGTTCGTT,52,4724137
ybiY_ybiW_predicted,2.2,14,4,GCCTTCTGGACCTACCTTAT,10,4725426
ybiY_ybiW_predicted,3.8,22,4,GCCTTCCCTGGTCATAAGAC,18,4731910
ybiY_ybiW_predicted,4.4,25,4,GCCTCCGCCTGAACGACTCT,21,4728188
ybiY_ybiW_predicted,0.4,5,4,GCCGCCTCGTGTCACTTGCG,1,4720824
ybiY_ybiW_predicted,2.0,13,4,GCCCAATCACAGTGATTATA,9,4718193
ybiY_ybiW_predicted,6.0,33,4,GCCAGGAGGTACATGAGGGG,29,4703393
ybiY_ybiW_predicted,7.2,39,4,GCCACGATTCACGCCTACCA,35,4721486
ybiY_ybiW_predicted,3.0,18,4,GCAGTTCTCGGCTCCATACT,14,4696939
ybiY_ybiW_predicted,4.4,25,4,GATTACAGCAAAAGTTAATT,21,4723753
ybiY_ybiW_predicted,6.8,37,4,GATAACGGGTGGCAAGTGGA,33,4690926
ybiY_ybiW_predicted,4.0,23,4,GAGTCGGGGTTACGACTTAC,19,4728811
ybiY_ybiW_predicted,2.0,13,4,GAGTCATAAGCCCCAATCTT,9,4708235
ybiY_ybiW_predicted,0.4,5,4,GAGGACGTGCTGCTACGCCT,1,4725464
ybiY_ybiW_predicted,5.6,31,4,GACTCTTTTATCTAGGCCCA,27,4708265
ybiY_ybiW_predicted,4.6,26,4,GACGATATTCTAGAGCACCT,22,4726558
ybiY_ybiW_predicted,4.0,23,4,GACCCTACCTTAGGGCGGTG,19,4708689
ybiY_ybiW_predicted,8.0,43,4,GACAGAAACTTGATTCCATG,39,4702440
ybiY_ybiW_predicted,5.0,28,4,GACAACCCGCTGCAAAGTGT,24,4690813
ybiY_ybiW_predicted,3.4,20,4,GAAGCGAAGCTGTGGGTGCA,16,4715369
ybiY_ybiW_predicted,2.4,15,4,GAAGAAGTTGTTCGCATCTG,11,4715394
ybiY_ybiW_predicted,4.6,26,4,GAACGTACAATAGTGAAGTG,22,4729172
ybiY_ybiW_predicted,11.4,60,4,CTTACGAGGGCTTAAGGCCC,56,4713100
ybiY_ybiW_predicted,5.2,29,4,CTGTCCAGTCATCTAAGGCT,25,4706149
ybiY_ybiW_predicted,0.6,6,4,CTGGCAACGCGCCGTAGGAT,2,4712977
ybiY_ybiW_predicted,4.8,27,4,CTGAAAGGGTCTTCCATAGC,23,4715627
ybiY_ybiW_predicted,2.6,16,4,CTCTAAACCATTCACGGCTC,12,4689465
ybiY_ybiW_predicted,4.2,24,4,CTCCATAGTTCATCATCGCA,20,4702375
ybiY_ybiW_predicted,4.0,23,4,CTCATCCGGTCATACCTTAT,19,4696802
ybiY_ybiW_predicted,4.0,23,4,CTCAGTTCAGAGGGAGGTGA,19,4715875
ybiY_ybiW_predicted,0.6,6,4,CTCACTCAATTATGTAGCAA,2,4691560
ybiY_ybiW_predicted,3.2,19,4,CGTTCACATAGTAGGCACAG,15,4692220
ybiY_ybiW_predicted,4.6,26,4,CGGCTGAAATGGTTACATAG,22,4690996
ybiY_ybiW_predicted,2.2,14,4,CGGCAGACTGGTCAATACAA,10,4704150
ybiY_ybiW_predicted,4.0,23,4,CGGACCCCGATATCCGCATT,19,4717048
ybiY_ybiW_predicted,0.4,5,4,CGCTCAATCCATCACCGTTA,1,4724464
ybiY_ybiW_predicted,3.8,22,4,CGCGTCGTGAGCAGCAGGTA,18,4706192
ybiY_ybiW_predicted,3.2,19,4,CGCGAGAAATTTGTTCAAAG,15,4721444
ybiY_ybiW_predicted,8.2,44,4,CGCCATGTTTGAAAACCATC,40,4717594
ybiY_ybiW_predicted,6.2,34,4,CGCAGATATTGCAATGGTGC,30,4689445
ybiY_ybiW_predicted,7.6,41,4,CGAGGACTAACGCTCTGCCT,37,4715334
ybiY_ybiW_predicted,0.4,5,4,CGAGCTTGCCATAGTTCGGC,1,4715301
ybiY_ybiW_predicted,14.0,73,4,CGAATCAGATGGTTACACAG,69,4721224
ybiY_ybiW_predicted,5.6,31,4,CGAAAGTGGTTTCCTAGGAG,27,4729295
ybiY_ybiW_predicted,6.0,33,4,CGAAAATTGGCGGCCCCCAA,29,4721924
ybiY_ybiW_predicted,0.4,5,4,CCTTCTGGGGCCTGAACTGG,1,4693436
ybiY_ybiW_predicted,0.4,5,4,CCTATCTGGGCACTGCACTG,1,4717019
ybiY_ybiW_predicted,3.0,18,4,CCTAAGCCGCCAGGAGTACC,14,4732298
ybiY_ybiW_predicted,5.8,32,4,CCTAACCACTTAGTCCCCTG,28,4696415
ybiY_ybiW_predicted,3.6,21,4,CCCCCGCTAGATGTACACCA,17,4692088
ybiY_ybiW_predicted,19.4,100,4,CCCCAAGGTCGCGTATTATT,96,4732221
ybiY_ybiW_predicted,0.4,5,4,CCAGGCCCGCTGTTTCCATC,1,4723050
ybiY_ybiW_predicted,0.4,5,4,CCAGCATTAGCATCTACGGC,1,4712868
ybiY_ybiW_predicted,5.4,30,4,CATTTTGAATCTTAGTACAT,26,4724110
ybiY_ybiW_predicted,3.6,21,4,CATTGGCTCGACAAGACGAA,17,4721669
ybiY_ybiW_predicted,3.2,19,4,CATTACCGGTGAATACTCTC,15,4719666
ybiY_ybiW_predicted,3.8,22,4,CATAGCATAAGGAACGCGAA,18,4731532
ybiY_ybiW_predicted,4.4,25,4,CAGTCACGAGGAAAAGCGGC,21,4730142
ybiY_ybiW_predicted,5.0,28,4,CAGGTGGTTAGTTAAAACGC,24,4707158
ybiY_ybiW_predicted,2.6,16,4,CAGGGTCGCGGAACGATATA,12,4707698
ybiY_ybiW_predicted,4.4,25,4,CAGCCAGTGCGGGGGCGCTT,21,4690854
ybiY_ybiW_predicted,5.4,30,4,CAGAAGGCTGCATGGATAAC,26,4707535
ybiY_ybiW_predicted,11.0,58,4,CACTTCAATGGTCAGGATCT,54,4709366
ybiY_ybiW_predicted,0.6,6,4,CAATGGCTCCGAATCCGTTG,2,4688618
ybiY_ybiW_predicted,4.6,26,4,CAACTAACAAGTCACTACTG,22,4720749
ybiY_ybiW_predicted,0.4,5,4,CAACGTCGCGGACACTCAGC,1,4724503
ybiY_ybiW_predicted,46.0,233,4,CAACACCTATAAAAGAGCAA,229,4694584
ybiY_ybiW_predicted,2.8,17,4,ATTTCAGCGGGTGGATGGCG,13,4716476
ybiY_ybiW_predicted,7.6,41,4,ATGGTATTCAACTCGTTATA,37,4729430
ybiY_ybiW_predicted,0.4,5,4,ATGCTAGCGTCAGGTCCCCT,1,4695828
ybiY_ybiW_predicted,3.2,19,4,ATGCGGCTCGTCTTTCGAAA,15,4696447
ybiY_ybiW_predicted,5.0,28,4,ATGCCGTGAGCCACGGCGAA,24,4693137
ybiY_ybiW_predicted,12.6,66,4,ATGCCAGTGTACATCATGAC,62,4708094
ybiY_ybiW_predicted,0.4,5,4,ATGACCGTCATTTCGTTGCA,1,4724432
ybiY_ybiW_predicted,4.8,27,4,ATGAAAATGCGTCCAGTTAT,23,4713036
ybiY_ybiW_predicted,6.4,35,4,ATCGAGGGGATGCTTTCATT,31,4720277
ybiY_ybiW_predicted,9.2,49,4,ATCCTACCGGTCAGAATTTC,45,4718251
ybiY_ybiW_predicted,0.4,5,4,ATATTCGTGTTGAGTCTTTT,1,4692793
ybiY_ybiW_predicted,7.8,42,4,ATAGACTAGGAACTTAGGGA,38,4713706
ybiY_ybiW_predicted,0.4,5,4,ATAGACGTATCCGCAGCAGG,1,4710906
ybiY_ybiW_predicted,8.0,43,4,ATAATCGTTGGTTCGGACTA,39,4692475
ybiY_ybiW_predicted,5.4,30,4,AGTTATGGTTGATTTTGAAC,26,4692234
ybiY_ybiW_predicted,3.6,21,4,AGTTATGGCACGTTTAGGCT,17,4725737
ybiY_ybiW_predicted,3.2,19,4,AGTGCTCCATGGACAAGTAT,15,4701491
ybiY_ybiW_predicted,0.6,6,4,AGTGCACTGGCGCCGCGGCC,2,4694195
ybiY_ybiW_predicted,4.6,26,4,AGGCTTCACTGGGCGGATAT,22,4713809
ybiY_ybiW_predicted,0.6,6,4,AGGCGGTCGAGATTGGCGGC,2,4706996
ybiY_ybiW_predicted,7.2,39,4,AGGACCCTGCACCGCGTACT,35,4710858
ybiY_ybiW_predicted,5.8,32,4,AGCCTGCCTCTGAGCACACA,28,4731972
ybiY_ybiW_predicted,6.0,33,4,AGCAGATAAAGTACAGGAAA,29,4690365
ybiY_ybiW_predicted,0.4,5,4,AGAGTCGCTTCCTACTGATG,1,4690189
ybiY_ybiW_predicted,2.8,17,4,AGACAAGCGGGGCCGCAGAA,13,4700904
ybiY_ybiW_predicted,5.0,28,4,AGAAGAAGGAGAGGCTTCCT,24,4720856
ybiY_ybiW_predicted,1.4,10,4,AGAACGGCTTATCCTCTCTC,6,4710249
ybiY_ybiW_predicted,6.6,36,4,ACTGTTTGAGGGCCTGGCGC,32,4722442
ybiY_ybiW_predicted,2.2,14,4,ACTGAATGATACTAAGTATC,10,4702771
ybiY_ybiW_predicted,4.2,24,4,ACTCGGAGAGTCCCTGCGGA,20,4718124
ybiY_ybiW_predicted,2.6,16,4,ACTCGACTGTCCTGGATTGG,12,4706038
ybiY_ybiW_predicted,4.6,26,4,ACGTCCTGGCATGGAGGTGG,22,4721380
ybiY_ybiW_predicted,5.6,31,4,ACGTAAATTCCATTTCCCAT,27,4693080
ybiY_ybiW_predicted,8.8,47,4,ACGCTCTATCCCACGTTAGT,43,4711073
ybiY_ybiW_predicted,4.6,26,4,ACGCGGCTTGCCCACCGATA,22,4714022
ybiY_ybiW_predicted,3.0,18,4,ACGCATATAGAACTAATAAC,14,4719154
ybiY_ybiW_predicted,0.4,5,4,ACGACCTGGGGTCGTGCTTC,1,4713027
ybiY_ybiW_predicted,6.0,33,4,ACCGTCGGGAGCTGACGTAG,29,4731225
ybiY_ybiW_predicted,0.4,5,4,ACCGCTGACGTAATCGGTTC,1,4697201
ybiY_ybiW_predicted,0.4,5,4,ACCGCCCCCCGCTCTGTCTC,1,4720705
ybiY_ybiW_predicted,4.6,26,4,ACATGTTCAAACTGATTAAC,22,4727058
ybiY_ybiW_predicted,10.4,55,4,ACAGTGCGCTCGGAATTATG,51,4719422
ybiY_ybiW_predicted,2.8,17,4,ACAGCCCCATGCCCAGCTCT,13,4709045
ybiY_ybiW_predicted,3.0,18,4,ACACTACTTCTCGAGCGCTC,14,4709370
ybiY_ybiW_predicted,5.4,30,4,AATCGCCTCACCACCTAGTT,26,4707020
ybiY_ybiW_predicted,15.0,78,4,AAGGAATAGTAAACGGAGAG,74,4713275
ybiY_ybiW_predicted,4.8,27,4,AAGCTAGGCTTCAGCTCAGT,23,4722672
ybiY_ybiW_predicted,0.4,5,4,AACTGGGTTTGCTGCGGCAG,1,4699576
ybiY_ybiW_predicted,4.6,26,4,AACGTATTCGCTAGTAGATC,22,4707527
ybiY_ybiW_predicted,6.0,33,4,AAATCGGTATGTACGTTAAG,29,4703125
ybiY_ybiW_predicted,3.0,14,3,TTTTGAGGTTCCGACGGTGC,11,4703191
ybiY_ybiW_predicted,3.5,16,3,TTTAGCTTCGAGTCAACACT,13,4698395
ybiY_ybiW_predicted,3.25,15,3,TTGGAGTGTTGGGTCCGGGT,12,4697658
ybiY_ybiW_predicted,11.75,49,3,TTCGGTGTTAAATTGTAGCA,46,4694347
ybiY_ybiW_predicted,8.0,34,3,TTAAGCGATTACCACGAGGC,31,4709059
ybiY_ybiW_predicted,4.5,20,3,TGTGGGACGGCACGGTGTTA,17,4698654
ybiY_ybiW_predicted,2.0,10,3,TGTGACTGGGTCATAGGCCA,7,4702830
ybiY_ybiW_predicted,6.75,29,3,TGTAACCACAAAGCCCGGTT,26,4731431
ybiY_ybiW_predicted,5.25,23,3,TGGGGATAAACACGCGACCC,20,4728146
ybiY_ybiW_predicted,8.0,34,3,TGGCGCGGATAAACATAAAA,31,4702869
ybiY_ybiW_predicted,4.75,21,3,TGGCAACTGCACAGAACCGG,18,4696160
ybiY_ybiW_predicted,5.0,22,3,TGCGTCTGACCCACTCACTT,19,4699556
ybiY_ybiW_predicted,4.75,21,3,TGCATATTCCGCAGGCAGGT,18,4725222
ybiY_ybiW_predicted,5.0,22,3,TGCAGGGGTCCCGCTATCCT,19,4711499
ybiY_ybiW_predicted,0.5,4,3,TGAGGGTTCATTATAGGACT,1,4727699
ybiY_ybiW_predicted,5.75,25,3,TGACTGCTCGGCGTCGGAGC,22,4731327
ybiY_ybiW_predicted,21.0,86,3,TCTTTCTACAGTATTATGGG,83,4692382
ybiY_ybiW_predicted,7.75,33,3,TCTTGTCCAATTCTATGGTC,30,4712739
ybiY_ybiW_predicted,5.5,24,3,TCTGACAGTGATGTCTATAC,21,4696162
ybiY_ybiW_predicted,7.75,33,3,TCGTGTGACCCACTAAAGTT,30,4730962
ybiY_ybiW_predicted,3.0,14,3,TCGTATTAACCTGCGGGTAG,11,4718135
ybiY_ybiW_predicted,0.5,4,3,TCCTATCGATCGCCCTACGC,1,4723516
ybiY_ybiW_predicted,6.75,29,3,TCATACTTGGGATGGAAAGG,26,4715807
ybiY_ybiW_predicted,2.75,13,3,TCAATCTTAATGGACCAAAG,10,4692373
ybiY_ybiW_predicted,6.0,26,3,TCAACTGACGCCCGAGGTTC,23,4713503
ybiY_ybiW_predicted,10.25,43,3,TCAAAGTATAAGCGGGGGTC,40,4693624
ybiY_ybiW_predicted,8.0,34,3,TATTGGCCTGACAAGGTGAA,31,4693440
ybiY_ybiW_predicted,7.25,31,3,TATTGACCCTTTTTAGGTTA,28,4693176
ybiY_ybiW_predicted,0.5,4,3,TATGTGTCAGCTCACTTGGA,1,4717240
ybiY_ybiW_predicted,6.25,27,3,TATGTATATTGGACTATTAC,24,4712929
ybiY_ybiW_predicted,0.5,4,3,TATCGTTTGGCGCTTCAGAT,1,4729066
ybiY_ybiW_predicted,7.75,33,3,TATACAATAGGTCTAGTAGG,30,4728880
ybiY_ybiW_predicted,0.5,4,3,TAGAGTTAAGTTAGTTTGTG,1,4704313
ybiY_ybiW_predicted,17.75,73,3,TAGAGTATACTAGAGCACTT,70,4719495
ybiY_ybiW_predicted,0.5,4,3,TACTAATCCCGGCGTAGTTC,1,4706813
ybiY_ybiW_predicted,29.5,120,3,TACGTCGTACTTGGTGTTGG,117,4728413
ybiY_ybiW_predicted,4.75,21,3,TACGTATAGAGGCATAGTAA,18,4695890
ybiY_ybiW_predicted,3.5,16,3,TACATCTGACCTATCTGGAC,13,4699096
ybiY_ybiW_predicted,5.0,22,3,TACAGCGACGTTGATAACAA,19,4713631
ybiY_ybiW_predicted,1.25,7,3,TACAAAGTCCAGATAGTTTA,4,4707672
ybiY_ybiW_predicted,6.25,27,3,TAAGCCTCGTTCTGCTACAA,24,4710206
ybiY_ybiW_predicted,0.5,4,3,TAAGAGACCCCGTCTCGATT,1,4691589
ybiY_ybiW_predicted,0.75,5,3,TAAAACATAATTGGTGTTGT,2,4693577
ybiY_ybiW_predicted,3.0,14,3,GTTGGAGGCTGGCCGGTAAT,11,4695524
ybiY_ybiW_predicted,5.75,25,3,GTTAGTCTTCTCCGAATAGT,22,4706210
ybiY_ybiW_predicted,14.5,60,3,GTTACTAGCGTTGTAAGGGT,57,4704217
ybiY_ybiW_predicted,8.0,34,3,GTGCTAATATTGGATCGCCC,31,4729219
ybiY_ybiW_predicted,6.5,28,3,GTGAAGCTGTCAATGGTCCA,25,4712094
ybiY_ybiW_predicted,0.5,4,3,GTCCCTTTCTATGGGTTCAT,1,4697038
ybiY_ybiW_predicted,2.75,13,3,GTCATGGTACGCCCGTAATG,10,4711952
ybiY_ybiW_predicted,3.25,15,3,GTCAGATATATCATTGAACT,12,4707407
ybiY_ybiW_predicted,0.5,4,3,GTATCGGGTTTTGCCGAGGT,1,4708157
ybiY_ybiW_predicted,4.0,18,3,GTACTTAGCAGAAGGTCATT,15,4724119
ybiY_ybiW_predicted,14.5,60,3,GTACGCGCCGTGTTTGTCCA,57,4698244
ybiY_ybiW_predicted,0.5,4,3,GTAAAGCCGCATCCACCTAA,1,4692271
ybiY_ybiW_predicted,4.75,21,3,GGTTATCGCAGCTAAAACAG,18,4709890
ybiY_ybiW_predicted,5.25,23,3,GGTGTTTAGGCAAAGGTGTG,20,4723986
ybiY_ybiW_predicted,4.75,21,3,GGGTGATCGATCAGTAGATG,18,4705693
ybiY_ybiW_predicted,0.5,4,3,GGGGGTAATGGAACATAAGA,1,4726038
ybiY_ybiW_predicted,5.5,24,3,GGGGGATGTACCCTTAGTAG,21,4692367
ybiY_ybiW_predicted,3.75,17,3,GGGCGACCTTGCTGAAGGAA,14,4702068
ybiY_ybiW_predicted,0.5,4,3,GGGACGCGGACTTACGGATG,1,4708755
ybiY_ybiW_predicted,8.25,35,3,GGGAATACGATAGGCACCCC,32,4714865
ybiY_ybiW_predicted,1.0,6,3,GGCAATCTTTCTTCGTGTGG,3,4719865
ybiY_ybiW_predicted,5.5,24,3,GGAGTAAACTAAGGTTTTAT,21,4724382
ybiY_ybiW_predicted,0.5,4,3,GGAAACAACCATCTTATCGC,1,4714442
ybiY_ybiW_predicted,0.5,4,3,GCGTGATATGTGGTAGGTAT,1,4699678
ybiY_ybiW_predicted,9.0,38,3,GCGCAGTACCGGACCGTTGT,35,4719671
ybiY_ybiW_predicted,6.0,26,3,GCGCACTACGTACGCTGAAG,23,4693908
ybiY_ybiW_predicted,0.5,4,3,GCGACCGAATTGCAGTGTGT,1,4695486
ybiY_ybiW_predicted,0.5,4,3,GCCTGGGTGCCCTAATCAAA,1,4704695
ybiY_ybiW_predicted,0.75,5,3,GCCGCACTCGACTCGCGACT,2,4717851
ybiY_ybiW_predicted,1.25,7,3,GCCCCGAAACGCTGGTGATA,4,4705551
ybiY_ybiW_predicted,5.25,23,3,GCCATTAGAATGTCGGTGCT,20,4719498
ybiY_ybiW_predicted,0.5,4,3,GCATCCGCGCGGATTAGTAT,1,4720672
ybiY_ybiW_predicted,0.5,4,3,GCAGGGTGCTCCTGGGGGAT,1,4694799
ybiY_ybiW_predicted,8.0,34,3,GCAACCTAAGATGTGTAAGT,31,4712577
ybiY_ybiW_predicted,0.5,4,3,GAGTGTCCTTAACGAGACCC,1,4709581
ybiY_ybiW_predicted,4.5,20,3,GAGTCGCTAGGAATGGCCCA,17,4695609
ybiY_ybiW_predicted,0.5,4,3,GAGGCATCCAGACTTTAATT,1,4705665
ybiY_ybiW_predicted,7.5,32,3,GAGACACTCTTTAAGGGCGG,29,4692605
ybiY_ybiW_predicted,5.75,25,3,GACGGCGTTATAGGACTCCG,22,4707066
ybiY_ybiW_predicted,6.5,28,3,GACCATTCAACTCGTCCTCT,25,4701134
ybiY_ybiW_predicted,0.5,4,3,GAATTCAGGAATGGGATCAC,1,4704735
ybiY_ybiW_predicted,5.5,24,3,GAACCTAGAGGGGCATGTCT,21,4702901
ybiY_ybiW_predicted,0.5,4,3,GAAATAAGCGTATTTCTTTA,1,4703150
ybiY_ybiW_predicted,5.5,24,3,CTTTTCGTAGACCTCAATTG,21,4706329
ybiY_ybiW_predicted,13.0,54,3,CTTTGCTTGGCCACGAGGGG,51,4715382
ybiY_ybiW_predicted,0.5,4,3,CTTCCGGACGGAGGCGGGCT,1,4730759
ybiY_ybiW_predicted,4.5,20,3,CTTACTTGTTGTCAACAAAT,17,4729422
ybiY_ybiW_predicted,3.25,15,3,CTTAAATGTGGGCTACCCCT,12,4713788
ybiY_ybiW_predicted,3.5,16,3,CTGGAGGGGCTTAAGGATAC,13,4691980
ybiY_ybiW_predicted,0.5,4,3,CTGCTACGGCATACTGAACA,1,4716239
ybiY_ybiW_predicted,3.5,16,3,CTGATGGCTACTCCAGGGAT,13,4694134
ybiY_ybiW_predicted,6.5,28,3,CTCCTTAACCTTCCGCGAGT,25,4695861
ybiY_ybiW_predicted,14.25,59,3,CTCAGGGTTGCAGAACAAGC,56,4731128
ybiY_ybiW_predicted,2.75,13,3,CTATCACATGGATATCCATG,10,4729549
ybiY_ybiW_predicted,5.25,23,3,CTAGCCTTTAGCATGGGAAC,20,4695299
ybiY_ybiW_predicted,6.25,27,3,CTACCGGTATGAGTGCAACA,24,4715719
ybiY_ybiW_predicted,0.5,4,3,CTAAGCGCTTTGGACTTGAT,1,4715101
ybiY_ybiW_predicted,0.5,4,3,CTAACAGAAAGCGACGAAAG,1,4703720
ybiY_ybiW_predicted,8.25,35,3,CGTTGCAAGACAGTAACTTA,32,4711817
ybiY_ybiW_predicted,2.5,12,3,CGTTCGATCACTAACTGGTT,9,4701003
ybiY_ybiW_predicted,7.75,33,3,CGTGGATTGTACAGTTCTAT,30,4725998
ybiY_ybiW_predicted,4.75,21,3,CGTGCCTTAAACGTGCATAA,18,4694643
ybiY_ybiW_predicted,0.5,4,3,CGTCAAATCGATGCGGCGCG,1,4722676
ybiY_ybiW_predicted,4.5,20,3,CGGCACCCATCCGGTCTGTT,17,4718383
ybiY_ybiW_predicted,8.0,34,3,CGGATACGCAATTATACCTT,31,4703592
ybiY_ybiW_predicted,4.5,20,3,CGGATACACGGACACGAGCC,17,4718956
ybiY_ybiW_predicted,6.25,27,3,CGGAAGTAGTAGGAGCAGCA,24,4690685
ybiY_ybiW_predicted,4.25,19,3,CGCTCGCAATGAAGATGCAC,16,4691473
ybiY_ybiW_predicted,5.25,23,3,CGCCGGTTGGTGTCTCGCTA,20,4708694
ybiY_ybiW_predicted,7.0,30,3,CGAGTTCAGCAGGAAGTATA,27,4727484
ybiY_ybiW_predicted,0.5,4,3,CGACGTTAAGTACCCAACAG,1,4709751
ybiY_ybiW_predicted,17.0,70,3,CGACCGATGGCGCATAGGGT,67,4728401
ybiY_ybiW_predicted,6.25,27,3,CCTTCGTTCCCTATCTGTTT,24,4701517
ybiY_ybiW_predicted,4.0,18,3,CCTTCGAGTGACGGAGCCTC,15,4717619
ybiY_ybiW_predicted,5.0,22,3,CCTGCCTCCTCGTGTAGTGT,19,4727394
ybiY_ybiW_predicted,14.5,60,3,CCCTTAGGTATGGCACCTTT,57,4731894
ybiY_ybiW_predicted,6.75,29,3,CCCGAAGTCTGGTTTAGTCT,26,4718939
ybiY_ybiW_predicted,0.5,4,3,CCCCGGCTGCCGCAGGGTGT,1,4706101
ybiY_ybiW_predicted,2.5,12,3,CCCCGCTCTCATAGTGTATG,9,4696263
ybiY_ybiW_predicted,9.25,39,3,CCCCGCAGGAGAGCGTTCGT,36,4703569
ybiY_ybiW_predicted,0.5,4,3,CCCCAGTCGCAGTGATTGTA,1,4710474
ybiY_ybiW_predicted,6.75,29,3,CCAGTCAATTGTTCAAACCA,26,4712904
ybiY_ybiW_predicted,4.5,20,3,CCAGGTCGCCTTGGCTGTTA,17,4718975
ybiY_ybiW_predicted,10.5,44,3,CCAGAGCCAACGTCCAGGGG,41,4689975
ybiY_ybiW_predicted,4.0,18,3,CCACTTGGCCCCAAAGTTCC,15,4718978
ybiY_ybiW_predicted,2.75,13,3,CCAACGGCTTCTAGTTTGCT,10,4723519
ybiY_ybiW_predicted,0.5,4,3,CCAAAACGGTGTGGGTGATC,1,4729640
ybiY_ybiW_predicted,2.0,10,3,CATGTGCGAGGCCACGTGTC,7,4731206
ybiY_ybiW_predicted,3.5,16,3,CATGCACCGGAGATAATAGG,13,4708085
ybiY_ybiW_predicted,42.0,170,3,CATCACTATAAATACCTTGC,167,4720501
ybiY_ybiW_predicted,0.5,4,3,CAGCAGGTACTACAGGCTTT,1,4730551
ybiY_ybiW_predicted,4.0,18,3,CAGAACGATGTTGGTCGCGT,15,4699239
ybiY_ybiW_predicted,6.75,29,3,CACGAGGAACTATTTGCACA,26,4727198
ybiY_ybiW_predicted,3.25,15,3,CACCACACCAAGCGAATCGA,12,4708863
ybiY_ybiW_predicted,3.0,14,3,CACATATATATGCACAAGGT,11,4704831
ybiY_ybiW_predicted,4.75,21,3,CAATCGTTATGGGTTCTAAC,18,4719925
ybiY_ybiW_predicted,45.5,184,3,ATTCTCGGCGGCTAGATTAG,181,4728398
ybiY_ybiW_predicted,5.75,25,3,ATTAAGACCCCCGTGGATGG,22,4729513
ybiY_ybiW_predicted,5.25,23,3,ATGTCACTAAAGCGGGTAGA,20,4703404
ybiY_ybiW_predicted,5.25,23,3,ATGTAAGGGAGCTATTCCGA,20,4730623
ybiY_ybiW_predicted,0.5,4,3,ATGGGGGCCAGCGTGTATTG,1,4699050
ybiY_ybiW_predicted,1.25,7,3,ATGGCACATTCAGCCGCAAT,4,4724313
ybiY_ybiW_predicted,2.5,12,3,ATGGAATGCTTAGCTGAATC,9,4714719
ybiY_ybiW_predicted,4.5,20,3,ATCTCGAGGACTTGAACTAG,17,4721064
ybiY_ybiW_predicted,0.5,4,3,ATCTACTCATTCTAATTTAA,1,4719029
ybiY_ybiW_predicted,22.5,92,3,ATCGCGCGCTCAGGCGAAAA,89,4690017
ybiY_ybiW_predicted,4.0,18,3,ATCGCCACCACCAACCTTGT,15,4689054
ybiY_ybiW_predicted,21.5,88,3,ATCGAAGGGCGGACTTCGCC,85,4692302
ybiY_ybiW_predicted,3.5,16,3,ATCCGAATCGTAAGTTCATT,13,4707608
ybiY_ybiW_predicted,0.75,5,3,ATATGTAGCTGAGGAACATC,2,4724078
ybiY_ybiW_predicted,4.0,18,3,ATATGACATATACGATATCT,15,4716872
ybiY_ybiW_predicted,5.0,22,3,ATAAGGACATTGGCCTCCGT,19,4712067
ybiY_ybiW_predicted,5.25,23,3,AGTTCAGAGCTTGGGCGGAC,20,4729460
ybiY_ybiW_predicted,1.75,9,3,AGTGGACCATATCATAACCA,6,4722170
ybiY_ybiW_predicted,6.0,26,3,AGTAGTAGTACAGCACGGCC,23,4696264
ybiY_ybiW_predicted,9.5,40,3,AGGAGAGATGACCTATGAAT,37,4691098
ybiY_ybiW_predicted,9.75,41,3,AGCGCGTCGCGGAGTGTACT,38,4703535
ybiY_ybiW_predicted,9.75,41,3,AGCAGCTGTGGCTCTCAACT,38,4706108
ybiY_ybiW_predicted,3.75,17,3,AGCACCTCAGTTAGCATTCC,14,4703515
ybiY_ybiW_predicted,3.0,14,3,AGATCAATATAAGGTTGGGA,11,4726350
ybiY_ybiW_predicted,2.75,13,3,AGAGTATAACATATATTATG,10,4731635
ybiY_ybiW_predicted,6.5,28,3,AGACCTCTATTAACGTGCAC,25,4691609
ybiY_ybiW_predicted,8.0,34,3,AGACCGCTACTTAATTAAGA,31,4724051
ybiY_ybiW_predicted,0.5,4,3,AGAAGCGACGGAGAATGGAG,1,4690506
ybiY_ybiW_predicted,8.0,34,3,ACTTCACGCCTTGAGATTCT,31,4717108
ybiY_ybiW_predicted,7.0,30,3,ACTGGGCCTCGGCATACTTA,27,4711724
ybiY_ybiW_predicted,4.0,18,3,ACTGCGTGTTCGGCCGGAAT,15,4718600
ybiY_ybiW_predicted,2.25,11,3,ACTCGTGCTCGCTACAAAGT,8,4718984
ybiY_ybiW_predicted,0.5,4,3,ACTCGAAGGTCTCACCGACT,1,4702506
ybiY_ybiW_predicted,3.75,17,3,ACTCCTACTTAGTAAATATA,14,4690962
ybiY_ybiW_predicted,6.0,26,3,ACGGTTCCTCCGCGATAGCG,23,4705927
ybiY_ybiW_predicted,0.5,4,3,ACGGTTCCGTAAACTACAGA,1,4726886
ybiY_ybiW_predicted,9.25,39,3,ACGGGTCTCCAACGACACCC,36,4719430
ybiY_ybiW_predicted,0.5,4,3,ACGGAACAGCATTCTGTAGT,1,4709472
ybiY_ybiW_predicted,2.75,13,3,ACCGGCTCTTCCCGGTTCGG,10,4727506
ybiY_ybiW_predicted,6.75,29,3,ACCCCATTATCTCCAGGAAT,26,4731020
ybiY_ybiW_predicted,5.25,23,3,ACAGGTGATGAACTCGTTAT,20,4726409
ybiY_ybiW_predicted,6.0,26,3,ACAGGGTTTGGTCCGAAACA,23,4728088
ybiY_ybiW_predicted,6.0,26,3,ACACTATGCCAAAGGTGCGG,23,4711819
ybiY_ybiW_predicted,1.75,9,3,ACAAGGCCCCGAGGCGCCAG,6,4702480
ybiY_ybiW_predicted,3.25,15,3,AATGAGCGATGGCCGATTGA,12,4725828
ybiY_ybiW_predicted,3.25,15,3,AATCTTCACATTCGCTTCCT,12,4713669
ybiY_ybiW_predicted,8.75,37,3,AAGCGTACTACATGCGGGGG,34,4723075
ybiY_ybiW_predicted,6.5,28,3,AAGCGCCCATGGTTAAACAT,25,4709764
ybiY_ybiW_predicted,8.25,35,3,AAGCCCATGTGACTCGGTTC,32,4724651
ybiY_ybiW_predicted,0.75,5,3,AACTGCCCATGCGTCAAACC,2,4691715
ybiY_ybiW_predicted,12.5,52,3,AACCTTTACCGCGCCCCGTT,49,4716255
ybiY_ybiW_predicted,6.0,26,3,AAAGGATCTTGCCCGATTTT,23,4704319
ybiY_ybiW_predicted,0.5,4,3,AAAGCTTCACGAGGTGCCAT,1,4729875
ybiY_ybiW_predicted,10.5,44,3,AAAGCCGAATAAATCTGTTC,41,4724142
ybiY_ybiW_predicted,4.25,19,3,AAACGGTTAAGAAATACGCT,16,4719153
ybiY_ybiW_predicted,10.0,42,3,AAAACCCCACGAAAAGGTGA,39,4702048
ybiY_ybiW_predicted,8.0,25,2,TTTGCCTTTCGGTGCGTCCA,23,4718375
ybiY_ybiW_predicted,15.0,46,2,TTTACCTTTATCAATCCTAC,44,4701744
ybiY_ybiW_predicted,6.0,19,2,TTGCCCCGCGGATCATGTTC,17,4721126
ybiY_ybiW_predicted,15.333333333333334,47,2,TTGATAAAAGGCAATGAGTA,45,4705647
ybiY_ybiW_predicted,7.0,22,2,TTGAGAGGCAGGAATTTCGC,20,4721913
ybiY_ybiW_predicted,7.0,22,2,TTCTGTCTGGGGAGTTGTGT,20,4723187
ybiY_ybiW_predicted,1.6666666666666667,6,2,TTCGTCCAGACGCATACCCT,4,4712072
ybiY_ybiW_predicted,11.333333333333334,35,2,TTCGCATTGATATGGCACGG,33,4707339
ybiY_ybiW_predicted,5.666666666666667,18,2,TTCCAAGCATTACGGGCTAT,16,4728404
ybiY_ybiW_predicted,7.333333333333333,23,2,TTACCGGTCCCTTCCTAGGT,21,4715187
ybiY_ybiW_predicted,7.666666666666667,24,2,TTACCAGTGATATTTTTTAA,22,4723016
ybiY_ybiW_predicted,7.333333333333333,23,2,TGTCGCACATCTCTGCTATA,21,4702692
ybiY_ybiW_predicted,9.666666666666666,30,2,TGTATTGATAATCCGTCCGA,28,4714918
ybiY_ybiW_predicted,0.6666666666666666,3,2,TGGGGCACCATTAGTGAGGC,1,4715909
ybiY_ybiW_predicted,4.0,13,2,TGGGCCATAAAGCCAGGGAG,11,4698723
ybiY_ybiW_predicted,9.666666666666666,30,2,TGGACGGGGCAATCTGAGCC,28,4701479
ybiY_ybiW_predicted,0.6666666666666666,3,2,TGGAAAAGGCCGGTTGGTTG,1,4689771
ybiY_ybiW_predicted,1.0,4,2,TGCCCGGGGTTGTCAACAAC,2,4721868
ybiY_ybiW_predicted,0.6666666666666666,3,2,TGCACCAGGTGGCCTCGAAA,1,4691354
ybiY_ybiW_predicted,12.666666666666666,39,2,TGATCCGCGCCTCACAAACA,37,4703661
ybiY_ybiW_predicted,6.333333333333333,20,2,TGAGGCCCCCAGGCAGCCGG,18,4722418
ybiY_ybiW_predicted,3.6666666666666665,12,2,TGAAATACTTAGTGTAGCGG,10,4721364
ybiY_ybiW_predicted,9.0,28,2,TCTTGGATTCCGATTCTTCG,26,4705971
ybiY_ybiW_predicted,7.666666666666667,24,2,TCTTCGCCATCTCCCTGTAA,22,4688502
ybiY_ybiW_predicted,7.666666666666667,24,2,TCTTCAACTAGCAGTGCGCT,22,4700877
ybiY_ybiW_predicted,0.6666666666666666,3,2,TCTGTCCGACTACCAAGCGA,1,4692264
ybiY_ybiW_predicted,1.0,4,2,TCTGCTATAGAGGTATAATG,2,4692448
ybiY_ybiW_predicted,4.666666666666667,15,2,TCTGACCTAGTTAAGTGCTT,13,4696973
ybiY_ybiW_predicted,14.666666666666666,45,2,TCTATTCTGTCAAAGGTGAC,43,4694589
ybiY_ybiW_predicted,5.333333333333333,17,2,TCTACCTATAACAATCTTTT,15,4727262
ybiY_ybiW_predicted,8.333333333333334,26,2,TCGTTAGGAAACAACTCCGA,24,4701695
ybiY_ybiW_predicted,1.6666666666666667,6,2,TCGGCCAGCTGACTGTGTAG,4,4695292
ybiY_ybiW_predicted,11.333333333333334,35,2,TCGACACACATATTTTAGTT,33,4695065
ybiY_ybiW_predicted,11.666666666666666,36,2,TCATAGAGCGAGCGCTATAA,34,4699313
ybiY_ybiW_predicted,4.333333333333333,14,2,TCACTTTTCATATGTAAGAG,12,4716208
ybiY_ybiW_predicted,2.6666666666666665,9,2,TCACCCAGGTGTGAGTCCGC,7,4696879
ybiY_ybiW_predicted,0.6666666666666666,3,2,TATTGTAATCGAGACCTATG,1,4728897
ybiY_ybiW_predicted,9.333333333333334,29,2,TATTGGGCAGTTTTTAGGGA,27,4701371
ybiY_ybiW_predicted,5.0,16,2,TATGACTCAAATATTCCGTT,14,4712465
ybiY_ybiW_predicted,8.333333333333334,26,2,TATCACTCCGGGCCGGTAAT,24,4710558
ybiY_ybiW_predicted,7.333333333333333,23,2,TAGTATCACACAGACGTTTG,21,4705630
ybiY_ybiW_predicted,11.333333333333334,35,2,TAGGCTCACGGCTACGGGGA,33,4699748
ybiY_ybiW_predicted,7.333333333333333,23,2,TAGACAAGGAAACAATTATG,21,4691342
ybiY_ybiW_predicted,3.6666666666666665,12,2,TAGAACCCTGGTTTCCACCC,10,4691637
ybiY_ybiW_predicted,10.666666666666666,33,2,TACTTCGATGAGGATGTGTA,31,4696943
ybiY_ybiW_predicted,5.666666666666667,18,2,TACGCCTAATATGAACTGAA,16,4699601
ybiY_ybiW_predicted,3.0,10,2,TACCTTTCTGTCGGATAAAT,8,4699370
ybiY_ybiW_predicted,0.6666666666666666,3,2,TACAAGATGGTACGGGTGGT,1,4692873
ybiY_ybiW_predicted,6.0,19,2,TAATTTGCCCCCACAAGGGC,17,4690197
ybiY_ybiW_predicted,0.6666666666666666,3,2,TAATGGCAACTAGGGGGGGA,1,4702736
ybiY_ybiW_predicted,6.666666666666667,21,2,TAATCAGCGTAAATCTCACA,19,4718705
ybiY_ybiW_predicted,3.0,10,2,TAAAAGCTATTTAAACATTA,8,4702052
ybiY_ybiW_predicted,9.0,28,2,GTTTGCGCTTTATGTCAACA,26,4707611
ybiY_ybiW_predicted,4.666666666666667,15,2,GTTTCTAGTGCATGATGCCA,13,4706927
ybiY_ybiW_predicted,6.333333333333333,20,2,GTTTCAAACGCTAATAATCC,18,4700096
ybiY_ybiW_predicted,17.333333333333332,53,2,GTTGATCCCTTTGCGTGATT,51,4697945
ybiY_ybiW_predicted,5.0,16,2,GTTAATACTGACGAGCGGTT,14,4694323
ybiY_ybiW_predicted,9.333333333333334,29,2,GTTAACTCCTGGTTCCCTAA,27,4702284
ybiY_ybiW_predicted,12.0,37,2,GTGTCATAGCCACTCGAGCA,35,4711597
ybiY_ybiW_predicted,11.333333333333334,35,2,GTGCTATAGGGGTCGCGGCG,33,4700276
ybiY_ybiW_predicted,0.6666666666666666,3,2,GTGCCGCCCGTTCAGCTAAA,1,4712485
ybiY_ybiW_predicted,7.0,22,2,GTCGTACCCGAACCGGGGAC,20,4705855
ybiY_ybiW_predicted,6.333333333333333,20,2,GTCACAATCCGCAACATAAA,18,4691394
ybiY_ybiW_predicted,7.0,22,2,GTACATCAAATGGTAGCGCT,20,4717739
ybiY_ybiW_predicted,0.6666666666666666,3,2,GTACAGCGGATCTGGTGATT,1,4707291
ybiY_ybiW_predicted,9.666666666666666,30,2,GTACAGCAGATGAGGTTACC,28,4692334
ybiY_ybiW_predicted,14.0,43,2,GTAATAGGGTCACCACCGTC,41,4730682
ybiY_ybiW_predicted,6.666666666666667,21,2,GTAAGACAGGGCCTTGTTGC,19,4705530
ybiY_ybiW_predicted,10.333333333333334,32,2,GTAACGTCACCCGTCCGTGA,30,4730478
ybiY_ybiW_predicted,8.0,25,2,GGTTGCAGGAAACAGTGCAT,23,4689091
ybiY_ybiW_predicted,6.666666666666667,21,2,GGTTGACCCTGGGACTGAAT,19,4700412
ybiY_ybiW_predicted,8.666666666666666,27,2,GGTTAGGGCAAATCTGTAGC,25,4699723
ybiY_ybiW_predicted,5.666666666666667,18,2,GGTCACAAAGCGACGCATGT,16,4705857
ybiY_ybiW_predicted,21.333333333333332,65,2,GGTAATAATTAGTTCACTCT,63,4694238
ybiY_ybiW_predicted,6.333333333333333,20,2,GGGCTGAGGGAGGCGGATTG,18,4690200
ybiY_ybiW_predicted,0.6666666666666666,3,2,GGGCCGGATGAGGGTTCCGA,1,4727117
ybiY_ybiW_predicted,0.6666666666666666,3,2,GGCTTTCCGCGTACCGCTTG,1,4709061
ybiY_ybiW_predicted,0.6666666666666666,3,2,GGCTGGCTCCCGCTAACATC,1,4691786
ybiY_ybiW_predicted,0.6666666666666666,3,2,GGCTCGGAAGGGTTTCCTTA,1,4726996
ybiY_ybiW_predicted,8.0,25,2,GGCGGTGATGGGGACATTTA,23,4709417
ybiY_ybiW_predicted,8.666666666666666,27,2,GGCCAGGCCAAGCGTGATTG,25,4730777
ybiY_ybiW_predicted,1.0,4,2,GGCAGCATTCCAAACGTTTT,2,4723375
ybiY_ybiW_predicted,9.0,28,2,GGCACCACTCGAGGTCACCA,26,4719188
ybiY_ybiW_predicted,1.0,4,2,GGATAGTGCCCCTCATAGTA,2,4717914
ybiY_ybiW_predicted,6.666666666666667,21,2,GGAGCTTGCACTTCTATCAT,19,4706406
ybiY_ybiW_predicted,4.666666666666667,15,2,GGAGCACATGTTGCGCCACC,13,4693165
ybiY_ybiW_predicted,2.6666666666666665,9,2,GGAAGGTATGATCACAATCC,7,4703297
ybiY_ybiW_predicted,0.6666666666666666,3,2,GGAAGGCACGACCCCAAACC,1,4717363
ybiY_ybiW_predicted,9.333333333333334,29,2,GGAACCACGTGCACTATGTC,27,4705804
ybiY_ybiW_predicted,6.333333333333333,20,2,GCTTCGAGTAAGTTTTGTCT,18,4701429
ybiY_ybiW_predicted,0.6666666666666666,3,2,GCTGGGGCTTAAATAGCGCA,1,4698043
ybiY_ybiW_predicted,7.666666666666667,24,2,GCTCTGCGCCCTGGTTTGGT,22,4694346
ybiY_ybiW_predicted,8.0,25,2,GCTCGAGAGGCACTGTTTGG,23,4692548
ybiY_ybiW_predicted,16.0,49,2,GCTCCACGCAGTCCGGGAAT,47,4704650
ybiY_ybiW_predicted,8.666666666666666,27,2,GCGGTATCCATTTACTGTGA,25,4714405
ybiY_ybiW_predicted,8.666666666666666,27,2,GCCTGCCAGCCATTACCGAC,25,4708088
ybiY_ybiW_predicted,9.666666666666666,30,2,GCCGAGCCAAAGGGACCGAC,28,4725609
ybiY_ybiW_predicted,7.666666666666667,24,2,GCCCTAGAAACTTAGGGAAG,22,4698083
ybiY_ybiW_predicted,3.0,10,2,GCCATAAGGGCCACGCGCCT,8,4689096
ybiY_ybiW_predicted,9.666666666666666,30,2,GCCACGCCAGGTCTGAATGG,28,4692320
ybiY_ybiW_predicted,10.333333333333334,32,2,GCAGGTAAGGCGGGCCTCGG,30,4709583
ybiY_ybiW_predicted,6.333333333333333,20,2,GATTATTATAAAGGATGGCG,18,4715868
ybiY_ybiW_predicted,2.6666666666666665,9,2,GAGCGCGATACGGTCCCTCG,7,4702541
ybiY_ybiW_predicted,6.0,19,2,GAGCACTGAACAATGGGTCT,17,4705201
ybiY_ybiW_predicted,0.6666666666666666,3,2,GACTTTACCTACCTTAAATT,1,4729930
ybiY_ybiW_predicted,0.6666666666666666,3,2,GACGGTCCGGCAAGGAGGGT,1,4701120
ybiY_ybiW_predicted,7.0,22,2,GACCTTCGGTGACATAACAC,20,4696279
ybiY_ybiW_predicted,6.666666666666667,21,2,GACCTTACAGCTTGTGATCG,19,4726903
ybiY_ybiW_predicted,7.0,22,2,GACCTGAGCAAACGATCTGT,20,4691200
ybiY_ybiW_predicted,6.333333333333333,20,2,GACCCATACCGTCGTCACAA,18,4711027
ybiY_ybiW_predicted,0.6666666666666666,3,2,GACAGTTCTCATGCTATTGC,1,4695908
ybiY_ybiW_predicted,4.333333333333333,14,2,GAATGTGATCCTGTGTGGAA,12,4730776
ybiY_ybiW_predicted,9.666666666666666,30,2,GAATCCCTGAAACTATCTGT,28,4727177
ybiY_ybiW_predicted,8.0,25,2,GAAGGTTCTGTTGATCGCGC,23,4698236
ybiY_ybiW_predicted,16.333333333333332,50,2,CTTTGAAAGTCACTTGCGGA,48,4724805
ybiY_ybiW_predicted,0.6666666666666666,3,2,CTTTCCGAAGCTGTATCTAT,1,4728206
ybiY_ybiW_predicted,4.333333333333333,14,2,CTTGTAATGTCTCTTTTGGG,12,4710800
ybiY_ybiW_predicted,5.0,16,2,CTTGCATCACACCCGAATGC,14,4693516
ybiY_ybiW_predicted,12.333333333333334,38,2,CTTCGATTTAGTCCTGCGGA,36,4710573
ybiY_ybiW_predicted,10.0,31,2,CTTATGTTGCTCCGCAAGAC,29,4709054
ybiY_ybiW_predicted,9.333333333333334,29,2,CTGTTATGAGGCCGTCATTG,27,4728965
ybiY_ybiW_predicted,4.666666666666667,15,2,CTGTCCCCTACACAGCTCAC,13,4696965
ybiY_ybiW_predicted,9.666666666666666,30,2,CTGTATATGACTGGGAAGGG,28,4694046
ybiY_ybiW_predicted,10.333333333333334,32,2,CTGCGGTTAATTCGGATGTT,30,4708152
ybiY_ybiW_predicted,5.666666666666667,18,2,CTCGGAGCTGTCGGTCTCGT,16,4713522
ybiY_ybiW_predicted,0.6666666666666666,3,2,CTAGGATCCGGACCGTCAGA,1,4691707
ybiY_ybiW_predicted,5.333333333333333,17,2,CTAAAACCGCGCTGCAATGT,15,4689692
ybiY_ybiW_predicted,8.0,25,2,CGTTAGGTGAGATTGATCCT,23,4720275
ybiY_ybiW_predicted,5.0,16,2,CGTCTTATAGGGCTTCACGC,14,4692399
ybiY_ybiW_predicted,21.0,64,2,CGGGCAGTACGGTTAGTAGG,62,4694893
ybiY_ybiW_predicted,6.666666666666667,21,2,CGGAAACGGTTGGTGCCCAC,19,4704080
ybiY_ybiW_predicted,13.0,40,2,CGCTCCCGCCCCTATCAGGA,38,4704813
ybiY_ybiW_predicted,11.333333333333334,35,2,CGCGCTAAAAGCGTTTATGT,33,4710643
ybiY_ybiW_predicted,9.0,28,2,CGCCATTCCGGCGGGGCATT,26,4723073
ybiY_ybiW_predicted,0.6666666666666666,3,2,CGCCAAACCTGAGATACGAA,1,4694666
ybiY_ybiW_predicted,7.333333333333333,23,2,CGCAAATACGTCGGGTGCAA,21,4691580
ybiY_ybiW_predicted,6.333333333333333,20,2,CGAGCCCGCATAATAGAATT,18,4715143
ybiY_ybiW_predicted,4.666666666666667,15,2,CGAATGATCTAGCCTATCTA,13,4723182
ybiY_ybiW_predicted,0.6666666666666666,3,2,CCTTGCGCCCATTAGCACGA,1,4713009
ybiY_ybiW_predicted,6.0,19,2,CCTTGAGTGACGGGCTTCTC,17,4726494
ybiY_ybiW_predicted,6.0,19,2,CCTGCCGAGCGAGAAGTACA,17,4725312
ybiY_ybiW_predicted,9.0,28,2,CCTCTACAAGCGGCAGGGCA,26,4720491
ybiY_ybiW_predicted,14.666666666666666,45,2,CCTCTAACCGGCGCTCCATT,43,4719324
ybiY_ybiW_predicted,10.333333333333334,32,2,CCTCCTAAGATAAGGCTGTA,30,4720681
ybiY_ybiW_predicted,0.6666666666666666,3,2,CCTACAGTACTGACAATGGC,1,4722296
ybiY_ybiW_predicted,0.6666666666666666,3,2,CCGCAACTCCTCCAGTGGTA,1,4729121
ybiY_ybiW_predicted,4.666666666666667,15,2,CCCTGGGGCGGATCTAAATT,13,4693088
ybiY_ybiW_predicted,8.0,25,2,CCCGCGTGTGCCGTTTCTAG,23,4716221
ybiY_ybiW_predicted,9.333333333333334,29,2,CCCATCAGGGCAGATAACCG,27,4727933
ybiY_ybiW_predicted,4.666666666666667,15,2,CCAGTAATAGTTACATTTAG,13,4720628
ybiY_ybiW_predicted,4.666666666666667,15,2,CCACTGAGTACCGAGACCGG,13,4729512
ybiY_ybiW_predicted,4.333333333333333,14,2,CATGTATCCCTTGAACAGTC,12,4698918
ybiY_ybiW_predicted,6.666666666666667,21,2,CATGCCCATCTCGCGGTACT,19,4728795
ybiY_ybiW_predicted,3.3333333333333335,11,2,CATGCCATGATAACTCAGCT,9,4692625
ybiY_ybiW_predicted,8.333333333333334,26,2,CATCATCGCTACACTATTAC,24,4717653
ybiY_ybiW_predicted,20.0,61,2,CAGATGGGGCCATGAGTGGG,59,4712795
ybiY_ybiW_predicted,11.0,34,2,CAGATACAATTGCCTAACGT,32,4703837
ybiY_ybiW_predicted,9.666666666666666,30,2,CACTTTGCGTTGCTCCAATT,28,4713064
ybiY_ybiW_predicted,16.666666666666668,51,2,ATTGCGTAGCCTGCGTCGTC,49,4689581
ybiY_ybiW_predicted,7.333333333333333,23,2,ATTCTTGCATATTCATTAAG,21,4702911
ybiY_ybiW_predicted,9.666666666666666,30,2,ATTCTTGACACGGAAACACT,28,4707039
ybiY_ybiW_predicted,28.666666666666668,87,2,ATGTTATTCCGCCCCCATAT,85,4692144
ybiY_ybiW_predicted,11.333333333333334,35,2,ATGTCGCGCTTGGGGAAAAC,33,4698714
ybiY_ybiW_predicted,13.333333333333334,41,2,ATGCTTGGCCCCTTTATTGG,39,4694615
ybiY_ybiW_predicted,11.666666666666666,36,2,ATGCTATTATCCGTCGTACA,34,4730238
ybiY_ybiW_predicted,0.6666666666666666,3,2,ATGCCGCTGTAGTATTACTG,1,4699217
ybiY_ybiW_predicted,0.6666666666666666,3,2,ATGATCTCAAAAAAAGGAGG,1,4703209
ybiY_ybiW_predicted,2.0,7,2,ATGAGTTTTCTTAATTAAAA,5,4718634
ybiY_ybiW_predicted,8.0,25,2,ATCTGCATTTCCGACAATCA,23,4720718
ybiY_ybiW_predicted,8.333333333333334,26,2,ATCTACCATTCCACAGGCTT,24,4709613
ybiY_ybiW_predicted,4.333333333333333,14,2,ATCGTCCTTGTCATTGCTCA,12,4696090
ybiY_ybiW_predicted,5.0,16,2,ATCGACGGGGTTTCTCACAG,14,4706979
ybiY_ybiW_predicted,19.666666666666668,60,2,ATCCGGAGAATCGGGCCGTT,58,4724550
ybiY_ybiW_predicted,6.666666666666667,21,2,ATCACTGCCATGTGCTTATA,19,4731903
ybiY_ybiW_predicted,8.0,25,2,ATATTAGCCGTTCAACACGA,23,4689638
ybiY_ybiW_predicted,7.0,22,2,ATATGCAGACCATCATAAAA,20,4725642
ybiY_ybiW_predicted,1.0,4,2,ATAATTTATGAGGTCCACGA,2,4700044
ybiY_ybiW_predicted,6.666666666666667,21,2,AGTTGCCTGGCAGTTTGTGA,19,4702743
ybiY_ybiW_predicted,21.333333333333332,65,2,AGTTGAGGCAAGCGTAACAC,63,4698240
ybiY_ybiW_predicted,4.666666666666667,15,2,AGTTCCGTGGTCTGTTAGAC,13,4715506
ybiY_ybiW_predicted,13.666666666666666,42,2,AGTCAGGTGCGAATTGGGGA,40,4697746
ybiY_ybiW_predicted,4.333333333333333,14,2,AGTATAGACTTGCGTGATTT,12,4691284
ybiY_ybiW_predicted,1.3333333333333333,5,2,AGGGTACAGCAAGTTCAAGA,3,4705044
ybiY_ybiW_predicted,6.666666666666667,21,2,AGGCGCTAGGGTCCATCTGT,19,4718265
ybiY_ybiW_predicted,8.666666666666666,27,2,AGCTTTTCCGTCCTCACTTG,25,4702190
ybiY_ybiW_predicted,5.0,16,2,AGCCCGGGACTGGATTCCAG,14,4726760
ybiY_ybiW_predicted,0.6666666666666666,3,2,AGCATGTAATATACGCAGGC,1,4713182
ybiY_ybiW_predicted,6.0,19,2,AGCACGTGTCGCCGACGCTA,17,4713977
ybiY_ybiW_predicted,0.6666666666666666,3,2,AGATTCTTTCTCAACTGCCT,1,4719060
ybiY_ybiW_predicted,8.0,25,2,AGATCCGGAGTGTGATTCGT,23,4693628
ybiY_ybiW_predicted,8.0,25,2,AGAGTTACTAGGGAAAAATT,23,4693924
ybiY_ybiW_predicted,13.666666666666666,42,2,AGAGCGACGTACTGGGGGTG,40,4704733
ybiY_ybiW_predicted,3.6666666666666665,12,2,AGAAGAGTCAGGCAGCTGAT,10,4694657
ybiY_ybiW_predicted,5.333333333333333,17,2,AGAACAACGTGCGAGCCCTA,15,4726928
ybiY_ybiW_predicted,0.6666666666666666,3,2,ACTTTTGGTCGCGGATTTAC,1,4705100
ybiY_ybiW_predicted,0.6666666666666666,3,2,ACTGGCAGGCCAGGACCCAA,1,4715358
ybiY_ybiW_predicted,4.333333333333333,14,2,ACTCTGTCGTTAACTTATGC,12,4704898
ybiY_ybiW_predicted,5.0,16,2,ACTCGGGTTCTTCAAACCCT,14,4703043
ybiY_ybiW_predicted,6.0,19,2,ACGTTATGACAACGCAGTAT,17,4698572
ybiY_ybiW_predicted,1.0,4,2,ACGTAACCGTTCTTGATCGA,2,4693897
ybiY_ybiW_predicted,0.6666666666666666,3,2,ACGGCCGAGTTCCCACCGAT,1,4690711
ybiY_ybiW_predicted,16.0,49,2,ACGCCCTAAGGCTCGATTGT,47,4727874
ybiY_ybiW_predicted,2.3333333333333335,8,2,ACCCTGTCTGTGTCCATCAA,6,4698175
ybiY_ybiW_predicted,0.6666666666666666,3,2,ACCACCTGCTATGCTACTGC,1,4706081
ybiY_ybiW_predicted,10.0,31,2,ACCACAAAGATTTTCGGGCT,29,4730211
ybiY_ybiW_predicted,11.0,34,2,ACATCGGACTACTTAATTGG,32,4720427
ybiY_ybiW_predicted,9.0,28,2,ACAGAACGTGCAAGGTACAA,26,4730312
ybiY_ybiW_predicted,9.0,28,2,ACACGACGACTGATCGGGTT,26,4712351
ybiY_ybiW_predicted,4.0,13,2,ACAAGGTCTGGCTGGGTGAA,11,4695215
ybiY_ybiW_predicted,1.3333333333333333,5,2,ACAACGTCGGCGTTGTACCC,3,4710342
ybiY_ybiW_predicted,6.0,19,2,AATGTTCTCAAGCAAGGACA,17,4693180
ybiY_ybiW_predicted,5.666666666666667,18,2,AATGGGCGTGTCCAATCCCC,16,4711762
ybiY_ybiW_predicted,3.3333333333333335,11,2,AATGATATCGTAACCCAGTC,9,4726176
ybiY_ybiW_predicted,7.666666666666667,24,2,AATCTATCTGGCGTCCGTAT,22,4718463
ybiY_ybiW_predicted,9.333333333333334,29,2,AATATTGTTTACCATTATGG,27,4707335
ybiY_ybiW_predicted,3.6666666666666665,12,2,AAGTTAACTGGCACGGTACG,10,4702655
ybiY_ybiW_predicted,3.3333333333333335,11,2,AAGGATGCCAACATCACGCA,9,4724129
ybiY_ybiW_predicted,0.6666666666666666,3,2,AAGGAGAGCCAGCTCGGGAT,1,4695790
ybiY_ybiW_predicted,7.333333333333333,23,2,AAGCAAGTGTGATGTACGTG,21,4710095
ybiY_ybiW_predicted,8.333333333333334,26,2,AACTTATAACGGACCTTCGT,24,4720532
ybiY_ybiW_predicted,38.333333333333336,116,2,AACGTGGATCCCTTCCGTTT,114,4730788
ybiY_ybiW_predicted,10.0,31,2,AACCTCGCAGATTTTTTTCA,29,4730903
ybiY_ybiW_predicted,6.0,19,2,AACCCGGGAATAATTACTAT,17,4721985
ybiY_ybiW_predicted,1.0,4,2,AACAGACTCCACAGATCACT,2,4705433
ybiY_ybiW_predicted,10.0,20,1,TTTGAGAATGCCCAGACTGT,19,4719990
ybiY_ybiW_predicted,12.0,24,1,TTTACCCGCCTTTCGGGACC,23,4719956
ybiY_ybiW_predicted,3.5,7,1,TTGTACCGGCCACACTTGGG,6,4717226
ybiY_ybiW_predicted,20.5,41,1,TTCAGAGCTATGTAACCCCC,40,4689238
ybiY_ybiW_predicted,18.0,36,1,TTAAATGTCCCAAGACTTAT,35,4720567
ybiY_ybiW_predicted,11.5,23,1,TGTTTAGAAAGTAATCTTGC,22,4726911
ybiY_ybiW_predicted,14.0,28,1,TGTCTTGGTCGAAACGCTGA,27,4712407
ybiY_ybiW_predicted,19.0,38,1,TGTCCTGGGATCCCCAGAAA,37,4713628
ybiY_ybiW_predicted,19.0,38,1,TGTATTATCGGCGTAAAGGT,37,4700946
ybiY_ybiW_predicted,31.5,63,1,TGTAGTTGCCATGATGGAGG,62,4731421
ybiY_ybiW_predicted,19.5,39,1,TGTAGACACCTCGATTCTAC,38,4693795
ybiY_ybiW_predicted,10.5,21,1,TGGTCCCTGAGGTAACGTAG,20,4691671
ybiY_ybiW_predicted,10.0,20,1,TGGCATCGTAATATTTTTAT,19,4694212
ybiY_ybiW_predicted,8.5,17,1,TGGCACCGGTTACAAAGGCC,16,4693582
ybiY_ybiW_predicted,40.0,80,1,TGGACGCTGTTCCCGTGCCG,79,4694585
ybiY_ybiW_predicted,11.5,23,1,TGCGCGCCTGGCCCTGCACT,22,4698631
ybiY_ybiW_predicted,1.0,2,1,TGCCCTAGCGCCAGGTCTAC,1,4726633
ybiY_ybiW_predicted,38.0,76,1,TGCCATATCGACCAGCGGCC,75,4720498
ybiY_ybiW_predicted,1.0,2,1,TGCACTAGGTAAGGGGACTG,1,4721923
ybiY_ybiW_predicted,9.0,18,1,TGATCTTTTTCCACGACTCC,17,4715811
ybiY_ybiW_predicted,12.5,25,1,TGAGTATTGCCTCGCCGTTC,24,4710689
ybiY_ybiW_predicted,11.5,23,1,TGAGCGAAGCACCCCGTAAT,22,4710563
ybiY_ybiW_predicted,15.5,31,1,TGACGAGCGATTCGTAGGTG,30,4714048
ybiY_ybiW_predicted,7.0,14,1,TCTGCGGTAATAATATGTTT,13,4720417
ybiY_ybiW_predicted,1.0,2,1,TCTAAATGTATCCGGAGCGT,1,4692900
ybiY_ybiW_predicted,6.5,13,1,TCGTGGGACGTGTAGGGATC,12,4729574
ybiY_ybiW_predicted,6.5,13,1,TCGTCCTGAATACCATGGAG,12,4713148
ybiY_ybiW_predicted,9.5,19,1,TCGGTGGAGTTTCACGGGTA,18,4717631
ybiY_ybiW_predicted,12.0,24,1,TCGGGCGCGCCGCGCACTTC,23,4719381
ybiY_ybiW_predicted,9.0,18,1,TCGGGCAAAAACCGAGCCTA,17,4725607
ybiY_ybiW_predicted,11.0,22,1,TCCTTCACCCGTTAGTGCTA,21,4691824
ybiY_ybiW_predicted,10.0,20,1,TCATTAAGTTGTGGTCGAAG,19,4691811
ybiY_ybiW_predicted,13.5,27,1,TCAGTGTTAGGGTCTAGACC,26,4717115
ybiY_ybiW_predicted,15.0,30,1,TCAACTTTCAACTGTGTTAT,29,4730848
ybiY_ybiW_predicted,11.0,22,1,TATTCATATCACTGAGGTTT,21,4714285
ybiY_ybiW_predicted,10.5,21,1,TATTCAAATATTACTCGGTA,20,4728242
ybiY_ybiW_predicted,31.5,63,1,TATTACTACGGCATACGAGC,62,4731418
ybiY_ybiW_predicted,1.0,2,1,TATGTACTTACGGATAGGAG,1,4692643
ybiY_ybiW_predicted,25.0,50,1,TATCTACACAAGGCTTGTCA,49,4723508
ybiY_ybiW_predicted,10.0,20,1,TATCGGACGCCGGTATGAGG,19,4727426
ybiY_ybiW_predicted,18.5,37,1,TAGGGTTGGGGTCGCCGCTA,36,4695506
ybiY_ybiW_predicted,1.0,2,1,TAGGACCTCGCCCCCCCTCT,1,4690713
ybiY_ybiW_predicted,9.0,18,1,TACTTCAATTGCAATAAATG,17,4703853
ybiY_ybiW_predicted,1.5,3,1,TACTGTCTGAAAACTGGTTC,2,4717953
ybiY_ybiW_predicted,3.5,7,1,TACCGCTGATCTACAACTCA,6,4724787
ybiY_ybiW_predicted,1.0,2,1,TACACTGTCTTTACTCCGAG,1,4721303
ybiY_ybiW_predicted,3.0,6,1,TAACAAAGACGGAAGCAGTC,5,4694661
ybiY_ybiW_predicted,9.0,18,1,GTTCACATCCGAGCATCACT,17,4730114
ybiY_ybiW_predicted,9.5,19,1,GTTAAACACTGGGCACAGGG,18,4710922
ybiY_ybiW_predicted,6.0,12,1,GTGTTGGATGTTTATCGTGA,11,4722765
ybiY_ybiW_predicted,1.0,2,1,GTGTACTACAATAGATGGTA,1,4718827
ybiY_ybiW_predicted,13.0,26,1,GTGGGCTTAGTTGAAGAGGG,25,4691403
ybiY_ybiW_predicted,16.5,33,1,GTGAACTTCCCCGCGCTGAC,32,4708150
ybiY_ybiW_predicted,5.5,11,1,GTCTCTGTTAGAACAATTCT,10,4721338
ybiY_ybiW_predicted,4.5,9,1,GTCCTTATTTTGATCTTTCA,8,4706921
ybiY_ybiW_predicted,9.0,18,1,GTCAGCTCCATGCGTCCCGT,17,4729970
ybiY_ybiW_predicted,2.5,5,1,GTCAGCGACGGCGTACCGGT,4,4700040
ybiY_ybiW_predicted,5.5,11,1,GTCACGCATTTCCTTCCACT,10,4691481
ybiY_ybiW_predicted,12.0,24,1,GTATCGGAACCAGGATGTTT,23,4728408
ybiY_ybiW_predicted,14.0,28,1,GTATCACCACGCGTTAACCT,27,4725932
ybiY_ybiW_predicted,28.5,57,1,GTAGCCCCTGCTTACGGGTC,56,4729210
ybiY_ybiW_predicted,12.5,25,1,GTAAGCGTATGCGCCCGACA,24,4728022
ybiY_ybiW_predicted,12.0,24,1,GGTTTTATACCCGCCGGGAA,23,4702044
ybiY_ybiW_predicted,10.5,21,1,GGTTTCGCGGACTGTGCTCC,20,4721450
ybiY_ybiW_predicted,8.0,16,1,GGTGGGACATACGAACTCGA,15,4691096
ybiY_ybiW_predicted,1.0,2,1,GGTCGGTCTTACTGCGTCTA,1,4722982
ybiY_ybiW_predicted,8.0,16,1,GGGTCGGACCACCTGGCTCC,15,4711777
ybiY_ybiW_predicted,2.0,4,1,GGGGGGCTACTGGTCAGTAA,3,4718772
ybiY_ybiW_predicted,32.0,64,1,GGGGCGGGGATGTTATACTT,63,4702805
ybiY_ybiW_predicted,4.5,9,1,GGGCCTAATTCGCTGTGTCC,8,4724521
ybiY_ybiW_predicted,30.0,60,1,GGGCACATGAATCGTACCAT,59,4715701
ybiY_ybiW_predicted,1.0,2,1,GGGACTCAGGTCCACCCAAC,1,4700525
ybiY_ybiW_predicted,10.5,21,1,GGGACAGCTGAGAAGGTGGA,20,4708072
ybiY_ybiW_predicted,2.5,5,1,GGCTGCGAATTAAGCGTGTA,4,4697282
ybiY_ybiW_predicted,1.0,2,1,GGCAGACACTGTGTTTATTT,1,4730218
ybiY_ybiW_predicted,1.0,2,1,GGAGGGTGGCGAGGGGAATG,1,4721021
ybiY_ybiW_predicted,9.5,19,1,GGAGCATGTTCTCATTGCTT,18,4725080
ybiY_ybiW_predicted,1.5,3,1,GGACGGTACCGTCAAGCCAC,2,4723222
ybiY_ybiW_predicted,8.0,16,1,GGAATACGACATTAAACAAC,15,4723045
ybiY_ybiW_predicted,11.5,23,1,GCTGAGTACGCCAGAGTAAT,22,4702186
ybiY_ybiW_predicted,8.5,17,1,GCGGTCTCTGGTTCTAGTAA,16,4713654
ybiY_ybiW_predicted,16.5,33,1,GCGGCTCGCCACATGCCGCA,32,4720627
ybiY_ybiW_predicted,9.5,19,1,GCGCCGAACTACTGGTCCAT,18,4715765
ybiY_ybiW_predicted,19.5,39,1,GCCCTACCTCGGGGGCGAGT,38,4692311
ybiY_ybiW_predicted,12.0,24,1,GCCACTTAAACCTGTCGGCC,23,4716919
ybiY_ybiW_predicted,1.0,2,1,GCATATTAGAAGGGGTAACG,1,4709919
ybiY_ybiW_predicted,1.0,2,1,GCAGTGAGTCTGGAGACACG,1,4730240
ybiY_ybiW_predicted,49.5,99,1,GCAGCCCGGAAAGCTGTGAT,98,4710742
ybiY_ybiW_predicted,8.5,17,1,GCAACGCAACACGCCGACAT,16,4732092
ybiY_ybiW_predicted,1.0,2,1,GATTGTTCGTACACATGGGG,1,4728875
ybiY_ybiW_predicted,1.0,2,1,GATCTTGTAGTTATAATCAA,1,4708857
ybiY_ybiW_predicted,4.5,9,1,GAGTTGCTGGCACCCCTCCC,8,4704108
ybiY_ybiW_predicted,16.0,32,1,GAGTGGTGGGCGCGGCACTT,31,4715261
ybiY_ybiW_predicted,9.0,18,1,GAGGACCTGACGGATTCGCA,17,4725428
ybiY_ybiW_predicted,9.5,19,1,GAGCATTACTTAGCGTTGTA,18,4690792
ybiY_ybiW_predicted,21.5,43,1,GAGCAAAATTAGAATCGTAT,42,4701156
ybiY_ybiW_predicted,1.5,3,1,GAGATTTAGGGTATTGTCGT,2,4718287
ybiY_ybiW_predicted,8.0,16,1,GACGGTTTCATTTTTTCTTG,15,4710362
ybiY_ybiW_predicted,12.0,24,1,GACGCGAGTTGCCGGGTACG,23,4714900
ybiY_ybiW_predicted,19.5,39,1,GAATACCGTCCCTTCAGATT,38,4712459
ybiY_ybiW_predicted,1.0,2,1,CTTGTACCTGGGAGCAGAAT,1,4709595
ybiY_ybiW_predicted,5.5,11,1,CTTCTGCGAGCAGGCTCTGC,10,4716521
ybiY_ybiW_predicted,2.0,4,1,CTTCGGTATGCCACAGGATT,3,4724516
ybiY_ybiW_predicted,1.5,3,1,CTGTTCGGGCACCCGTCATT,2,4705094
ybiY_ybiW_predicted,8.5,17,1,CTGTCCCAGAGGCAGAACAT,16,4698260
ybiY_ybiW_predicted,8.5,17,1,CTGCCCGAGCCGGTGATGTG,16,4728562
ybiY_ybiW_predicted,27.5,55,1,CTCTTTCACACGTGGGTGGC,54,4710094
ybiY_ybiW_predicted,11.5,23,1,CTCTGCGGTCGGGTCTTCCA,22,4729801
ybiY_ybiW_predicted,18.0,36,1,CTCTATTTGAATACCTATTT,35,4695820
ybiY_ybiW_predicted,1.5,3,1,CTCCGAGGCCCCCCCTCCCC,2,4715080
ybiY_ybiW_predicted,29.5,59,1,CTCCAGTCACAAGCAGCGAT,58,4699881
ybiY_ybiW_predicted,11.5,23,1,CTCAGCGCTACGGGCCAGCA,22,4731494
ybiY_ybiW_predicted,9.5,19,1,CTATCGCTAAATTTATCCCC,18,4708342
ybiY_ybiW_predicted,4.5,9,1,CTAACCCTTAGTAATGGCCA,8,4718826
ybiY_ybiW_predicted,12.5,25,1,CGTTTACAGAAGGTTGAGGA,24,4730126
ybiY_ybiW_predicted,23.0,46,1,CGTTAACAGTGATGAGATTA,45,4719493
ybiY_ybiW_predicted,4.5,9,1,CGTCGCCCGTACCAGGCGTG,8,4722289
ybiY_ybiW_predicted,17.0,34,1,CGTCATTCGGCCTTTCAAGG,33,4712324
ybiY_ybiW_predicted,19.0,38,1,CGTATGAGGCATCAGGTAGG,37,4726988
ybiY_ybiW_predicted,12.0,24,1,CGTAGTCGCTTTTTTAACGG,23,4709289
ybiY_ybiW_predicted,14.0,28,1,CGGTGATCGGTAAAACGAAA,27,4707305
ybiY_ybiW_predicted,6.5,13,1,CGGTCTGAGCGCAAGCAGTA,12,4714212
ybiY_ybiW_predicted,10.0,20,1,CGGCTTTGTAACCTCCAAAT,19,4700681
ybiY_ybiW_predicted,7.0,14,1,CGGCATGCTTAAAGCGTTAG,13,4705154
ybiY_ybiW_predicted,13.5,27,1,CGGATCCGTATGAGACAATA,26,4731805
ybiY_ybiW_predicted,13.0,26,1,CGGAGTGGAACTGTAGGAAA,25,4691272
ybiY_ybiW_predicted,47.5,95,1,CGGAAGGGTATTTATCTACT,94,4731437
ybiY_ybiW_predicted,25.0,50,1,CGCGTTCTGCGGGGCTCCGC,49,4698392
ybiY_ybiW_predicted,10.0,20,1,CGCGCAGTAACGGATCGGTA,19,4723243
ybiY_ybiW_predicted,13.5,27,1,CGCCACACTAAATGCCCCGC,26,4710553
ybiY_ybiW_predicted,5.5,11,1,CGCAACGAACATATGAAGTT,10,4705667
ybiY_ybiW_predicted,2.5,5,1,CGATACAGCGCTATGTTCTA,4,4710311
ybiY_ybiW_predicted,1.0,2,1,CCTTTCCCGAGATGGCAATT,1,4700868
ybiY_ybiW_predicted,5.0,10,1,CCTTTAGTCGGTTCCAACTT,9,4693907
ybiY_ybiW_predicted,10.5,21,1,CCTTGGGAAACACTTCGCAG,20,4712478
ybiY_ybiW_predicted,12.0,24,1,CCTTAGGCCCCTTTTTTTGC,23,4718057
ybiY_ybiW_predicted,12.5,25,1,CCTCCATGCGCTTGACCTTT,24,4719478
ybiY_ybiW_predicted,8.5,17,1,CCGGGGGTACCGTTTATGCA,16,4707410
ybiY_ybiW_predicted,22.5,45,1,CCGCACCGGCCCGATTCCGC,44,4725876
ybiY_ybiW_predicted,9.5,19,1,CCCTTGTTTGTCGTGCTCGA,18,4710738
ybiY_ybiW_predicted,8.0,16,1,CCCTGAATCATAGGTGTTTC,15,4711434
ybiY_ybiW_predicted,10.0,20,1,CCCGCTCTTAGAGTTCACAA,19,4715669
ybiY_ybiW_predicted,1.0,2,1,CCCCTACGTACATGGTTAGA,1,4701483
ybiY_ybiW_predicted,10.5,21,1,CCCACCCAGAGGGCGGGCGT,20,4715908
ybiY_ybiW_predicted,15.5,31,1,CCCAAGCCTGTAAACAGCGT,30,4691161
ybiY_ybiW_predicted,5.5,11,1,CCATCGACCTGCTTCCCTAA,10,4730266
ybiY_ybiW_predicted,12.5,25,1,CCATAGGCCTCGTATTTGCA,24,4728166
ybiY_ybiW_predicted,3.0,6,1,CCAGCTTTGGAAGTTCCCGT,5,4727543
ybiY_ybiW_predicted,14.0,28,1,CCAGAGTGCACGCTGAGGAC,27,4728862
ybiY_ybiW_predicted,2.5,5,1,CCACTGCCATATTGGTACCA,4,4697300
ybiY_ybiW_predicted,8.5,17,1,CCACGAAAGGGAGACGAAAG,16,4719914
ybiY_ybiW_predicted,6.0,12,1,CCACATGGTTTCTAGGCTTA,11,4710220
ybiY_ybiW_predicted,35.0,70,1,CATTGTTACGGTGGGCAGGT,69,4720504
ybiY_ybiW_predicted,7.0,14,1,CATTGGTAATGGGGAACCCA,13,4728013
ybiY_ybiW_predicted,1.0,2,1,CATGTGTATGACTACCAATA,1,4725131
ybiY_ybiW_predicted,22.0,44,1,CATATCGCAAGACTTCGCGA,43,4720568
ybiY_ybiW_predicted,16.0,32,1,CAGTCGGGATCTCCGTCAGG,31,4726059
ybiY_ybiW_predicted,41.5,83,1,CAGGTCCCCCGGATACCCGA,82,4727106
ybiY_ybiW_predicted,10.0,20,1,CAGGCAGGGACTCTGGTGGT,19,4694353
ybiY_ybiW_predicted,4.0,8,1,CAGGATCACCTAAGTTGGGT,7,4706611
ybiY_ybiW_predicted,1.0,2,1,CACGTTAATTCCAAATTCCG,1,4722332
ybiY_ybiW_predicted,20.5,41,1,CACCCTGGATATCGGAGTTT,40,4694664
ybiY_ybiW_predicted,13.0,26,1,CACACGGTGTTCTAGGATTC,25,4714344
ybiY_ybiW_predicted,29.5,59,1,CAATAATTGCTAATTACTAT,58,4707547
ybiY_ybiW_predicted,11.0,22,1,CAAGTATAGTCCGCGGGCGC,21,4698242
ybiY_ybiW_predicted,19.5,39,1,CAACACTAAGACGCTTTAAC,38,4718623
ybiY_ybiW_predicted,2.5,5,1,ATTTTCATGGTTGATACTTG,4,4725444
ybiY_ybiW_predicted,7.0,14,1,ATTGTAACATCACTCAGCTA,13,4695672
ybiY_ybiW_predicted,3.0,6,1,ATTGACAGATCGTCTTACTC,5,4693205
ybiY_ybiW_predicted,42.5,85,1,ATTCGTAAGGCTATATACGC,84,4720988
ybiY_ybiW_predicted,7.5,15,1,ATTCGGTATGCCGGCCATCG,14,4690252
ybiY_ybiW_predicted,10.5,21,1,ATTCCTCTGCGGAGCTCTGC,20,4693885
ybiY_ybiW_predicted,3.0,6,1,ATGTTCACACGGGCTCTACG,5,4708626
ybiY_ybiW_predicted,12.0,24,1,ATGGTACATTTTCGACGTAA,23,4710865
ybiY_ybiW_predicted,11.5,23,1,ATGCTCGAGAACGCGTTATG,22,4692353
ybiY_ybiW_predicted,10.0,20,1,ATGACTACCGTAAACGGCCG,19,4728694
ybiY_ybiW_predicted,10.5,21,1,ATCGGATCAGCCGTAACAAT,20,4713708
ybiY_ybiW_predicted,13.0,26,1,ATCGAAAACGATGTGGCCCC,25,4724096
ybiY_ybiW_predicted,2.5,5,1,ATCAGCCCGACTTCGGTCCT,4,4718202
ybiY_ybiW_predicted,15.0,30,1,ATATTTGCAGACAAAGAGAC,29,4701700
ybiY_ybiW_predicted,2.5,5,1,ATAGTTACCGCCGCGCTCGC,4,4717491
ybiY_ybiW_predicted,14.0,28,1,ATAGGGCCTTACGGCAAACT,27,4727027
ybiY_ybiW_predicted,13.5,27,1,ATAAATGAGCGTTGATACTC,26,4703907
ybiY_ybiW_predicted,6.0,12,1,AGTGAAAACAGATTGCTATA,11,4698194
ybiY_ybiW_predicted,12.5,25,1,AGTCGGAGTTGTAATATTAG,24,4712576
ybiY_ybiW_predicted,20.0,40,1,AGTATCGGGGTCGCTTGGTA,39,4707800
ybiY_ybiW_predicted,7.5,15,1,AGGTTCTGAACTGTTTTTTA,14,4695685
ybiY_ybiW_predicted,45.5,91,1,AGGTAGGTGATACTCAGGAG,90,4694311
ybiY_ybiW_predicted,14.5,29,1,AGCTGGTAAACAAGAAGGTC,28,4703378
ybiY_ybiW_predicted,7.5,15,1,AGCTCTTGAGCTTGTCTATA,14,4714860
ybiY_ybiW_predicted,14.5,29,1,AGCTAAATCATTCACGTTTC,28,4692298
ybiY_ybiW_predicted,17.5,35,1,AGCGGAACGCGAGGGGACCC,34,4718857
ybiY_ybiW_predicted,14.5,29,1,AGCCGCTCCCGCTCCGCAAG,28,4697864
ybiY_ybiW_predicted,22.0,44,1,AGAGTCAGCTTGCATCACCC,43,4729681
ybiY_ybiW_predicted,4.0,8,1,AGAGCTCCTTCGTCGTTATG,7,4700728
ybiY_ybiW_predicted,3.0,6,1,ACTTTAATTCACGTCATCTC,5,4708422
ybiY_ybiW_predicted,8.5,17,1,ACTTAGAGCATGCAAAACTT,16,4727665
ybiY_ybiW_predicted,13.5,27,1,ACTATACGCTCGGCCTCGGC,26,4713822
ybiY_ybiW_predicted,12.5,25,1,ACGGGGTTTATGGTGGATAT,24,4731935
ybiY_ybiW_predicted,9.0,18,1,ACGGAGCTTATTCTACCGGA,17,4698839
ybiY_ybiW_predicted,1.0,2,1,ACGCTTTCTGAGAGTACTTG,1,4699005
ybiY_ybiW_predicted,1.0,2,1,ACGCAGTTGTCTAGCCATCC,1,4715954
ybiY_ybiW_predicted,6.0,12,1,ACGATTCATAATAATAATTT,11,4698664
ybiY_ybiW_predicted,14.5,29,1,ACGAGGGTCTGGGGCTTCGA,28,4711736
ybiY_ybiW_predicted,18.0,36,1,ACCTCGGCGCCCCCGTCTAT,35,4715880
ybiY_ybiW_predicted,2.5,5,1,ACCGCGGCCCCAACTATACC,4,4696573
ybiY_ybiW_predicted,8.5,17,1,ACCCTGATTTTGTTGATGCG,16,4726379
ybiY_ybiW_predicted,15.5,31,1,ACCCCCGCACGGTTCTGCGA,30,4712148
ybiY_ybiW_predicted,13.5,27,1,ACCATGCCTATTTACCAATC,26,4714403
ybiY_ybiW_predicted,13.0,26,1,ACATGTTAGGTTAGTCCTAG,25,4696714
ybiY_ybiW_predicted,1.0,2,1,ACATGGTCGCTGAGGCTTTT,1,4699126
ybiY_ybiW_predicted,13.5,27,1,AATTGCTGGGTAATATTACT,26,4710951
ybiY_ybiW_predicted,1.0,2,1,AATACCGCTACCTTCGCACG,1,4708372
ybiY_ybiW_predicted,14.5,29,1,AAGGTCTATAAAGTCCTCGG,28,4688590
ybiY_ybiW_predicted,17.0,34,1,AAGGAGGAATTCAGCTTTCA,33,4690367
ybiY_ybiW_predicted,1.0,2,1,AAGCAAGAGAGCGCATAGCA,1,4711444
ybiY_ybiW_predicted,12.5,25,1,AACTCGTCTGTGGTTAGAAG,24,4728418
ybiY_ybiW_predicted,13.5,27,1,AACTATGCAAATATCTCCAG,26,4724086
ybiY_ybiW_predicted,39.0,78,1,AACCGGGGACATTGTCGGCG,77,4710736
ybiY_ybiW_predicted,19.5,39,1,AACCCTGGCGCCTGGGCCAG,38,4689298
ybiY_ybiW_predicted,12.5,25,1,AACCCAAACCCGCCATCAGA,24,4707966
ybiY_ybiW_predicted,3.0,6,1,AACCAGCCCCCATAGTTTGA,5,4716141
ybiY_ybiW_predicted,9.0,18,1,AACCAATCGGGCAGTCAAAA,17,4697443
ybiY_ybiW_predicted,14.5,29,1,AACACCATAGGCCACGTGCA,28,4690943
ybiY_ybiW_predicted,14.5,29,1,AACAATTTACCCCCATCCTC,28,4719749
ybiY_ybiW_predicted,10.0,20,1,AAAGAATGATCAACAAATAG,19,4724429
ybiY_ybiW_predicted,1.0,2,1,AAACCGAGGGGCTCCCGCGA,1,4694805
ybiY_ybiW_predicted,7.0,14,1,AAACATTGGTCTATCCCGCG,13,4694754
ybiY_ybiW_predicted,18.5,37,1,AAAAGCTCGGTGGTGTAACT,36,4714537
ybiY_ybiW_predicted,0.011764705882352941,84,84,TACCTGCTGCGTCGGACAAA,0,4715258
ybiY_ybiW_predicted,0.01639344262295082,60,60,GGCGTAGACATATGGCGTCA,0,4700296
ybiY_ybiW_predicted,0.01694915254237288,58,58,CTCGAAACTCAACACAACCA,0,4688962
ybiY_ybiW_predicted,0.017241379310344827,57,57,GACCAATCGGTTCGGAGGGT,0,4690361
ybiY_ybiW_predicted,0.017241379310344827,57,57,CAGCCGACAGTTAGGTAGTA,0,4708437
ybiY_ybiW_predicted,0.017543859649122806,56,56,TGAGAAATGAGCGTACCGAT,0,4695577
ybiY_ybiW_predicted,0.017857142857142856,55,55,TGGATACGGCCGAAGTTCAA,0,4691160
ybiY_ybiW_predicted,0.018867924528301886,52,52,CATCTGCGTGTGTCTAACAG,0,4708022
ybiY_ybiW_predicted,0.019230769230769232,51,51,GGAGTAAGTTCCGGATCTAG,0,4702468
ybiY_ybiW_predicted,0.019230769230769232,51,51,CAGTAGTCCACGTATACGCG,0,4707532
ybiY_ybiW_predicted,0.019230769230769232,51,51,ATTTGCGTGGCATTTAGAAA,0,4709436
ybiY_ybiW_predicted,0.019230769230769232,51,51,ACACGGCCGCCACTGCGATG,0,4692953
ybiY_ybiW_predicted,0.0196078431372549,50,50,CTCAGATGCCAGGTTCAGTA,0,4690152
ybiY_ybiW_predicted,0.0196078431372549,50,50,CGGGCAATCCATTAAGCGTA,0,4704257
ybiY_ybiW_predicted,0.0196078431372549,50,50,ACGAACTCGTACTGGAAATG,0,4725929
ybiY_ybiW_predicted,0.02,49,49,CTGGACGTGAAAACTATCGT,0,4709084
ybiY_ybiW_predicted,0.02,49,49,AGAAGGGAGTAATATACAGA,0,4691138
ybiY_ybiW_predicted,0.02040816326530612,48,48,TTCTGAGGAGTTCAGGTTCA,0,4720082
ybiY_ybiW_predicted,0.020833333333333332,47,47,TAAACGCAGTAAGACAATGT,0,4696654
ybiY_ybiW_predicted,0.020833333333333332,47,47,GTACGACCAAAAGCGTGTGC,0,4688555
ybiY_ybiW_predicted,0.02127659574468085,46,46,TATCCATATAAGGAAAGGAA,0,4690959
ybiY_ybiW_predicted,0.02127659574468085,46,46,CTTAACCTTCCTATGGCGTC,0,4697492
ybiY_ybiW_predicted,0.02127659574468085,46,46,ACGAAATTAAAACGTGGTCT,0,4724174
ybiY_ybiW_predicted,0.021739130434782608,45,45,AAACCAGCGCAGCCGGACAC,0,4710234
ybiY_ybiW_predicted,0.022222222222222223,44,44,GCTCGATAACGTCAATGGAA,0,4720158
ybiY_ybiW_predicted,0.022222222222222223,44,44,CCGAAGCTATATACTTACTG,0,4697472
ybiY_ybiW_predicted,0.022727272727272728,43,43,TGGTTCCAACTACAGCCGTT,0,4697745
ybiY_ybiW_predicted,0.022727272727272728,43,43,GTAGATAGTTATTCTGCAGT,0,4717821
ybiY_ybiW_predicted,0.022727272727272728,43,43,GCCCTTTGTTATCGTCACAA,0,4716601
ybiY_ybiW_predicted,0.022727272727272728,43,43,GCCAAGTACAATAAGATGCG,0,4728062
ybiY_ybiW_predicted,0.023255813953488372,42,42,TAGCCATATGATCCGGACGT,0,4691765
ybiY_ybiW_predicted,0.023809523809523808,41,41,GGGCAAGGGATGCCCTTTGG,0,4719457
ybiY_ybiW_predicted,0.023809523809523808,41,41,CCCGCCTCCAAACAACAGTT,0,4707849
ybiY_ybiW_predicted,0.023809523809523808,41,41,CCATGACTAATTAAAATCAA,0,4689972
ybiY_ybiW_predicted,0.023809523809523808,41,41,ACGTGAACTGTTGTATCTCA,0,4710244
ybiY_ybiW_predicted,0.024390243902439025,40,40,GAGCCATAGTCCCACTCTTT,0,4711106
ybiY_ybiW_predicted,0.024390243902439025,40,40,CAACCCGAGCTACGGAGTTG,0,4702105
ybiY_ybiW_predicted,0.024390243902439025,40,40,AGGCCTGCTATATCCTCTGA,0,4730633
ybiY_ybiW_predicted,0.024390243902439025,40,40,AGGCCACACGTAACAACGTT,0,4692506
ybiY_ybiW_predicted,0.025,39,39,TGGGCTTGGAGGCTGGTCCT,0,4722781
ybiY_ybiW_predicted,0.025,39,39,TGACCTGATCTGGAATGGGT,0,4690682
ybiY_ybiW_predicted,0.025,39,39,TCTTAAGCATCGTGGCATGG,0,4691234
ybiY_ybiW_predicted,0.025,39,39,GTAAAAGTGGCAAGTGTTGC,0,4723096
ybiY_ybiW_predicted,0.025,39,39,GGCGCATCAACAGAGGGGTA,0,4721175
ybiY_ybiW_predicted,0.025,39,39,ATTCTAATTGTGTTGAAAGA,0,4708850
ybiY_ybiW_predicted,0.02564102564102564,38,38,ACCTTAGACATCTTGGGTCG,0,4721869
ybiY_ybiW_predicted,0.02631578947368421,37,37,CTCCGGAACCGCCAGGGTAT,0,4691946
ybiY_ybiW_predicted,0.02631578947368421,37,37,CAGAATGGATGCTCCGCTTT,0,4713692
ybiY_ybiW_predicted,0.02631578947368421,37,37,ATACTGTCGAAGCCAGCTAG,0,4717518
ybiY_ybiW_predicted,0.02702702702702703,36,36,TCCGCGCCGTGTCAGCGAAT,0,4720090
ybiY_ybiW_predicted,0.02702702702702703,36,36,GTTGGGATCGCATAGAGGCT,0,4718203
ybiY_ybiW_predicted,0.02702702702702703,36,36,GTAGCTGGCATCCAGGTACG,0,4689628
ybiY_ybiW_predicted,0.02702702702702703,36,36,GCAGGACACACGTTGGATTA,0,4700875
ybiY_ybiW_predicted,0.02702702702702703,36,36,CTACCGCACGGAAGAAACAT,0,4728962
ybiY_ybiW_predicted,0.02702702702702703,36,36,CGTGGTCCGGGAGGTACGGC,0,4706052
ybiY_ybiW_predicted,0.02702702702702703,36,36,CAGTATTCTCGCAACAGTGC,0,4693316
ybiY_ybiW_predicted,0.02702702702702703,36,36,ATCGTTTGTTATGGGTCGAA,0,4712222
ybiY_ybiW_predicted,0.027777777777777776,35,35,TGTCCTACGACTATAGACTC,0,4720751
ybiY_ybiW_predicted,0.027777777777777776,35,35,TGGCTGAGCGCGTCCGCCAT,0,4696080
ybiY_ybiW_predicted,0.027777777777777776,35,35,GGTCCCGCAGAATGTCAGAG,0,4697585
ybiY_ybiW_predicted,0.027777777777777776,35,35,GCCGACGGAACATATGGGAA,0,4696838
ybiY_ybiW_predicted,0.027777777777777776,35,35,GAGTCGTATGCATGAACGGC,0,4701227
ybiY_ybiW_predicted,0.027777777777777776,35,35,CACAAGTGGGCGGGGGGAAG,0,4710454
ybiY_ybiW_predicted,0.02857142857142857,34,34,TCCGACTTTGATGTTGGGAG,0,4723849
ybiY_ybiW_predicted,0.02857142857142857,34,34,GTAGGACCACGTCATACGTG,0,4716169
ybiY_ybiW_predicted,0.02857142857142857,34,34,GGTACAGGAACCGTTTTCAT,0,4695804
ybiY_ybiW_predicted,0.02857142857142857,34,34,GGGCGAAGATGTTATGAGAA,0,4694229
ybiY_ybiW_predicted,0.02857142857142857,34,34,CCGCTTTAAGCCTTCGCCCA,0,4693942
ybiY_ybiW_predicted,0.02857142857142857,34,34,AGCGCCGGCGTAGAAAAAAT,0,4706255
ybiY_ybiW_predicted,0.02857142857142857,34,34,ACTTATAGACATGCATCACG,0,4705834
ybiY_ybiW_predicted,0.029411764705882353,33,33,TTTATGGTGCGGTTGTACTA,0,4697909
ybiY_ybiW_predicted,0.029411764705882353,33,33,GGCCTAATGGTTGGTATCAT,0,4699721
ybiY_ybiW_predicted,0.029411764705882353,33,33,GAGTCGATCAAACTCTCGAT,0,4703870
ybiY_ybiW_predicted,0.029411764705882353,33,33,CTGCGCTCAAGATCTGGCCT,0,4729829
ybiY_ybiW_predicted,0.029411764705882353,33,33,AGCTAAGAGTCTAATTACTT,0,4688652
ybiY_ybiW_predicted,0.029411764705882353,33,33,ACTTACTTTACTTCGACCAC,0,4727596
ybiY_ybiW_predicted,0.029411764705882353,33,33,AACGATACGGAACGCGCACA,0,4697231
ybiY_ybiW_predicted,0.029411764705882353,33,33,AAATTAAAACAACTCATTTC,0,4697024
ybiY_ybiW_predicted,0.030303030303030304,32,32,TTATACTGAAGATTTGAGCT,0,4699122
ybiY_ybiW_predicted,0.030303030303030304,32,32,TGTCTTCTCTAATGCTTGTG,0,4717337
ybiY_ybiW_predicted,0.030303030303030304,32,32,TGAAGCGTAGTGAATACGCT,0,4715243
ybiY_ybiW_predicted,0.030303030303030304,32,32,TCATACGGTTTTCACCCCTA,0,4727662
ybiY_ybiW_predicted,0.030303030303030304,32,32,GTTACTTTTTAATGCTAATG,0,4696725
ybiY_ybiW_predicted,0.030303030303030304,32,32,GGGATTCCGCGTTGAAGCCT,0,4704116
ybiY_ybiW_predicted,0.030303030303030304,32,32,GGCTGCATGACCTTTCGACG,0,4714419
ybiY_ybiW_predicted,0.030303030303030304,32,32,GCTACCAACTATACAGCCTC,0,4692556
ybiY_ybiW_predicted,0.030303030303030304,32,32,GCGGGGGTGCCGTCGCAGGT,0,4721569
ybiY_ybiW_predicted,0.030303030303030304,32,32,CTCCCATGCTTGCGGGGCTG,0,4727660
ybiY_ybiW_predicted,0.030303030303030304,32,32,AGAAGCCAGGTCCCCTATCA,0,4720171
ybiY_ybiW_predicted,0.030303030303030304,32,32,AACGCGGGCCTAACATGGAG,0,4725446
ybiY_ybiW_predicted,0.03125,31,31,TGAGAGGCAAGAGTCATATA,0,4701236
ybiY_ybiW_predicted,0.03125,31,31,GTTCATGCCACGCATCCCTG,0,4708617
ybiY_ybiW_predicted,0.03125,31,31,GTGGAATCTTACTTTTACAT,0,4713200
ybiY_ybiW_predicted,0.03125,31,31,GTGACCTTATGTTTCGTACG,0,4700194
ybiY_ybiW_predicted,0.03125,31,31,GGGGTTCCGTTACATCCGTA,0,4707184
ybiY_ybiW_predicted,0.03125,31,31,GGCGAGATTTGCAAAGCTCT,0,4695599
ybiY_ybiW_predicted,0.03125,31,31,GGCATATGAACCGGAGACCC,0,4720207
ybiY_ybiW_predicted,0.03125,31,31,GAGGCATTGTCGTCTACATT,0,4708834
ybiY_ybiW_predicted,0.03125,31,31,CTTCATCAAATTTCTGGCTC,0,4708501
ybiY_ybiW_predicted,0.03125,31,31,CGTGGAAGTCCATTCTATGC,0,4695877
ybiY_ybiW_predicted,0.03125,31,31,CGATGTAAACAGGTTACAAT,0,4715347
ybiY_ybiW_predicted,0.03125,31,31,CGAAACACGCACATCAGAAT,0,4701001
ybiY_ybiW_predicted,0.03125,31,31,CCTCAACACCCGCCTGGCAG,0,4722951
ybiY_ybiW_predicted,0.03125,31,31,CATTCGAGCCGCAGTGGCCA,0,4716237
ybiY_ybiW_predicted,0.03125,31,31,ATTTCGCCACGCGATCGGAT,0,4712063
ybiY_ybiW_predicted,0.03225806451612903,30,30,TTAGCTCGGCGTGAGCCTGT,0,4691630
ybiY_ybiW_predicted,0.03225806451612903,30,30,GGGTTGTTACTCGTCCTGGT,0,4703744
ybiY_ybiW_predicted,0.03225806451612903,30,30,GCTTAGACCTGGTACACTGA,0,4696773
ybiY_ybiW_predicted,0.03225806451612903,30,30,GCGAATTCCAGGGGACTTAA,0,4723679
ybiY_ybiW_predicted,0.03225806451612903,30,30,CGTAGCCTGGGCGTTACTAT,0,4708860
ybiY_ybiW_predicted,0.03225806451612903,30,30,CCATTGCCTGAAGTGTAAGT,0,4694019
ybiY_ybiW_predicted,0.03225806451612903,30,30,CAGGTGTGGGTCGAGGCTCT,0,4730204
ybiY_ybiW_predicted,0.03225806451612903,30,30,CAGCTTAAAGGTACTTTTTC,0,4700694
ybiY_ybiW_predicted,0.03225806451612903,30,30,AGGCCGAGATAACAAGGAAA,0,4704567
ybiY_ybiW_predicted,0.03225806451612903,30,30,AGCAGCGGCAAGCTCTTTGA,0,4692117
ybiY_ybiW_predicted,0.03225806451612903,30,30,ACGTATTTCGACTTCTACTA,0,4702863
ybiY_ybiW_predicted,0.03225806451612903,30,30,ACAAGGTCACCCCACTTGCT,0,4703692
ybiY_ybiW_predicted,0.03225806451612903,30,30,ACAAGCCCCGGTTATTATAG,0,4703325
ybiY_ybiW_predicted,0.03225806451612903,30,30,AATTGTATGAGCGGTTCGAG,0,4693621
ybiY_ybiW_predicted,0.03225806451612903,30,30,AATACGATTGATGCAGTATT,0,4698868
ybiY_ybiW_predicted,0.03333333333333333,29,29,TTAGGTTTCATAACTTGCTG,0,4692444
ybiY_ybiW_predicted,0.03333333333333333,29,29,TGCGGTCTCAGCTGGGGGCT,0,4707745
ybiY_ybiW_predicted,0.03333333333333333,29,29,TGAGGAGCTCCTCTACTCCA,0,4690644
ybiY_ybiW_predicted,0.03333333333333333,29,29,TGACCTGGATCATAAAGTTT,0,4696546
ybiY_ybiW_predicted,0.03333333333333333,29,29,TAGCTGGGCTGGGTGTAATA,0,4711069
ybiY_ybiW_predicted,0.03333333333333333,29,29,TAGCACCTACGGCATCTCAA,0,4693633
ybiY_ybiW_predicted,0.03333333333333333,29,29,TACACAATTAATGCCATACT,0,4689332
ybiY_ybiW_predicted,0.03333333333333333,29,29,GTACGTCTCTTTGCAATGTC,0,4688624
ybiY_ybiW_predicted,0.03333333333333333,29,29,GGGGCAATGGGGAGACTACA,0,4712367
ybiY_ybiW_predicted,0.03333333333333333,29,29,GGCTTGCTGGCTTGGATACT,0,4712270
ybiY_ybiW_predicted,0.03333333333333333,29,29,GGAGTATAGACGCTGGCAGA,0,4691181
ybiY_ybiW_predicted,0.03333333333333333,29,29,GATGAACGATACTTACGTTA,0,4718473
ybiY_ybiW_predicted,0.03333333333333333,29,29,CTGCCCCAACCGCGGCGCGG,0,4691271
ybiY_ybiW_predicted,0.03333333333333333,29,29,CTACAGAGCCCTATTTAAGT,0,4707271
ybiY_ybiW_predicted,0.03333333333333333,29,29,CGTACAAGCTCGGAGTTACA,0,4702297
ybiY_ybiW_predicted,0.03333333333333333,29,29,CCGAATATGTGAGATTTTTT,0,4696414
ybiY_ybiW_predicted,0.03333333333333333,29,29,CCCAATCCGCGGCTTGAGAT,0,4722542
ybiY_ybiW_predicted,0.03333333333333333,29,29,ATAATCAGGTTTGATATCAA,0,4695883
ybiY_ybiW_predicted,0.03333333333333333,29,29,AGGCCGTAACATATCCAATA,0,4691668
ybiY_ybiW_predicted,0.03333333333333333,29,29,AATCACGCGAGCAGACGTGG,0,4721006
ybiY_ybiW_predicted,0.03333333333333333,29,29,AAAACGACGGGGCTCAAGAA,0,4722195
ybiY_ybiW_predicted,0.034482758620689655,28,28,TTGTGAGAAGCTCCCGGGAG,0,4701007
ybiY_ybiW_predicted,0.034482758620689655,28,28,TTCCTAGGACCGTGGGCGCC,0,4716249
ybiY_ybiW_predicted,0.034482758620689655,28,28,TGACCAAGGAGTGCGTAGGA,0,4721901
ybiY_ybiW_predicted,0.034482758620689655,28,28,TCGGGCCTCCGTTGAATACT,0,4730524
ybiY_ybiW_predicted,0.034482758620689655,28,28,TAATAGACGGAATCACCTCA,0,4693107
ybiY_ybiW_predicted,0.034482758620689655,28,28,GTCACTAAGGTACACTGCGT,0,4703718
ybiY_ybiW_predicted,0.034482758620689655,28,28,GTAATGCGATAGTTAGAATA,0,4704748
ybiY_ybiW_predicted,0.034482758620689655,28,28,GGTTGCACGATGTGTTGAAG,0,4708882
ybiY_ybiW_predicted,0.034482758620689655,28,28,GGTGCGGGGCAATGGGTTTT,0,4724128
ybiY_ybiW_predicted,0.034482758620689655,28,28,GGTGCAACATGGTATGGTAA,0,4723103
ybiY_ybiW_predicted,0.034482758620689655,28,28,GGTATGTTAAGTAATTTATC,0,4704537
ybiY_ybiW_predicted,0.034482758620689655,28,28,GGCCACTCTCATAATGAGAG,0,4700332
ybiY_ybiW_predicted,0.034482758620689655,28,28,GCAGCTAGGCCTGGCGTAAA,0,4731631
ybiY_ybiW_predicted,0.034482758620689655,28,28,GATGCGTGAAAGGAATGTGA,0,4712935
ybiY_ybiW_predicted,0.034482758620689655,28,28,GATACGGAGGCGCACCCAAC,0,4728664
ybiY_ybiW_predicted,0.034482758620689655,28,28,GAGGGAGGTCCGGCTGAGAC,0,4700672
ybiY_ybiW_predicted,0.034482758620689655,28,28,GACGTCCTTGATTGGTTTCA,0,4713379
ybiY_ybiW_predicted,0.034482758620689655,28,28,CTTGGGTCGCGGAGACAGGT,0,4707204
ybiY_ybiW_predicted,0.034482758620689655,28,28,CTTCCTATGTAGTTATAGTT,0,4704036
ybiY_ybiW_predicted,0.034482758620689655,28,28,CGTCTAGCGTATTATTGCTT,0,4692905
ybiY_ybiW_predicted,0.034482758620689655,28,28,CGGGGAGAGTATGATCGTCT,0,4709106
ybiY_ybiW_predicted,0.034482758620689655,28,28,CGAGTTCGTGTGATCTAATA,0,4705663
ybiY_ybiW_predicted,0.034482758620689655,28,28,CATTGAGTTCACTGGGTCAA,0,4709664
ybiY_ybiW_predicted,0.034482758620689655,28,28,ATGAATACTGGAGCGACGCC,0,4696657
ybiY_ybiW_predicted,0.034482758620689655,28,28,ACCTTTCGGGCCAACTCTTC,0,4708335
ybiY_ybiW_predicted,0.034482758620689655,28,28,ACATGTACGGATAGAGCCTT,0,4695966
ybiY_ybiW_predicted,0.034482758620689655,28,28,AATATTGGCAAGTTCCTTAC,0,4690891
ybiY_ybiW_predicted,0.034482758620689655,28,28,AAATCTATAGCCAACTGTAT,0,4712519
ybiY_ybiW_predicted,0.034482758620689655,28,28,AAAGTTCGTTTGGGTTCTGC,0,4692044
ybiY_ybiW_predicted,0.034482758620689655,28,28,AAACGAACCAAGCTGATTAG,0,4718730
ybiY_ybiW_predicted,0.03571428571428571,27,27,TGACCAGATACCGTCCGGCA,0,4691436
ybiY_ybiW_predicted,0.03571428571428571,27,27,TAGAGTTGTCTAGGTGGCAG,0,4721060
ybiY_ybiW_predicted,0.03571428571428571,27,27,GTCCACTAAAAGGCACTTGA,0,4704587
ybiY_ybiW_predicted,0.03571428571428571,27,27,GTATAGTCTAGGAGGGACCA,0,4688767
ybiY_ybiW_predicted,0.03571428571428571,27,27,GGAAGTTCCGTTTACTGGCA,0,4715293
ybiY_ybiW_predicted,0.03571428571428571,27,27,GCATATAGTGCTCGGGGGGT,0,4722071
ybiY_ybiW_predicted,0.03571428571428571,27,27,CTGTGATCCTCGATTTGTAC,0,4691178
ybiY_ybiW_predicted,0.03571428571428571,27,27,CGTGACGTTGCCCCCGGGGT,0,4700565
ybiY_ybiW_predicted,0.03571428571428571,27,27,CGGCAATATTCGAGAACCTG,0,4702620
ybiY_ybiW_predicted,0.03571428571428571,27,27,CGGCAAGGTAGACCCATGAG,0,4689946
ybiY_ybiW_predicted,0.03571428571428571,27,27,CCCGTTAGGTGTTCCTGCCT,0,4728307
ybiY_ybiW_predicted,0.03571428571428571,27,27,CCCATTTGGGTGGATGAATA,0,4693753
ybiY_ybiW_predicted,0.03571428571428571,27,27,CCAAATATGTGAACGAGAGG,0,4708821
ybiY_ybiW_predicted,0.03571428571428571,27,27,CATCACATTCACCTTCAGTT,0,4714905
ybiY_ybiW_predicted,0.03571428571428571,27,27,CACGGCCACTAACACGACTA,0,4713305
ybiY_ybiW_predicted,0.03571428571428571,27,27,ATTTCGGCATCTAGACTCTG,0,4725003
ybiY_ybiW_predicted,0.03571428571428571,27,27,ATGTCACGTTTGACCGGAAC,0,4689836
ybiY_ybiW_predicted,0.03571428571428571,27,27,AGGGCGGGCTAGCGCATCCC,0,4722675
ybiY_ybiW_predicted,0.03571428571428571,27,27,ACGGCAGCACTTGCGCCATT,0,4723018
ybiY_ybiW_predicted,0.03571428571428571,27,27,ACCTATATGGTTATGAGAAT,0,4720044
ybiY_ybiW_predicted,0.03571428571428571,27,27,AAGGGACACCTGTTAAGCTA,0,4720466
ybiY_ybiW_predicted,0.037037037037037035,26,26,TTGCACTACGACAGGGTAGT,0,4713636
ybiY_ybiW_predicted,0.037037037037037035,26,26,TTATCGCCAATAAGTGGATA,0,4689769
ybiY_ybiW_predicted,0.037037037037037035,26,26,TGGAAAACCTCTTCGGCTTC,0,4688508
ybiY_ybiW_predicted,0.037037037037037035,26,26,TGAAGGTCGGCTCGGACTTG,0,4708971
ybiY_ybiW_predicted,0.037037037037037035,26,26,TCAAGCCTTGGTTGACGTAA,0,4727311
ybiY_ybiW_predicted,0.037037037037037035,26,26,GTGTGGGCTTCTCCATCAAC,0,4689549
ybiY_ybiW_predicted,0.037037037037037035,26,26,GGTCGCCGTTTGATTATGAG,0,4712646
ybiY_ybiW_predicted,0.037037037037037035,26,26,GGTCAGCTTAAGGTTAGTTG,0,4690006
ybiY_ybiW_predicted,0.037037037037037035,26,26,GGGACCGCCCGCAGGAGTGT,0,4693802
ybiY_ybiW_predicted,0.037037037037037035,26,26,GGCCGTCTCCACGCTCTGTA,0,4693868
ybiY_ybiW_predicted,0.037037037037037035,26,26,GGATTTCCTGGCACAAATTG,0,4704262
ybiY_ybiW_predicted,0.037037037037037035,26,26,GCTTGGTAAGTTAAAATGAT,0,4692898
ybiY_ybiW_predicted,0.037037037037037035,26,26,GCGGTGTCGTGAGTAATGCG,0,4728305
ybiY_ybiW_predicted,0.037037037037037035,26,26,GCATGATAACCTGCCGTGAA,0,4726536
ybiY_ybiW_predicted,0.037037037037037035,26,26,GCACTCGATCTCCTCCTCCA,0,4705145
ybiY_ybiW_predicted,0.037037037037037035,26,26,GAGTAGGTATCTTCAACGTC,0,4698921
ybiY_ybiW_predicted,0.037037037037037035,26,26,GACTGCACAAGGAGGGCGAT,0,4692287
ybiY_ybiW_predicted,0.037037037037037035,26,26,CGGTCGGTGGAAGGTCGCGT,0,4701415
ybiY_ybiW_predicted,0.037037037037037035,26,26,CGAATCTAGGCGAAGTTGTA,0,4701126
ybiY_ybiW_predicted,0.037037037037037035,26,26,CCCCAGTAGTTGGATACCTG,0,4728956
ybiY_ybiW_predicted,0.037037037037037035,26,26,CCCAAGCTCTCCTAGCATAC,0,4705944
ybiY_ybiW_predicted,0.037037037037037035,26,26,CATTAATTCGTTCAGCGTAT,0,4708369
ybiY_ybiW_predicted,0.037037037037037035,26,26,CAGTGCTCCGTTGATAAAGG,0,4717421
ybiY_ybiW_predicted,0.037037037037037035,26,26,ATAGGACCGCATCGTGGCAA,0,4719315
ybiY_ybiW_predicted,0.037037037037037035,26,26,AGCCTCCGGCGCGCAACGCA,0,4700360
ybiY_ybiW_predicted,0.037037037037037035,26,26,ACTATGTGAGACTGAATCGT,0,4722457
ybiY_ybiW_predicted,0.037037037037037035,26,26,ACGGGCACGATTGAGCGATT,0,4700084
ybiY_ybiW_predicted,0.037037037037037035,26,26,ACCCACAACCCATCCTTAAA,0,4725360
ybiY_ybiW_predicted,0.037037037037037035,26,26,ACACTGATTTTGTTCAGGGT,0,4728217
ybiY_ybiW_predicted,0.037037037037037035,26,26,AATACCGGTCTTCAATTCGA,0,4699783
ybiY_ybiW_predicted,0.037037037037037035,26,26,AAGCCTACAGACGCGCATAG,0,4691750
ybiY_ybiW_predicted,0.037037037037037035,26,26,AACTTGGATTACAGGGAAAT,0,4705300
ybiY_ybiW_predicted,0.038461538461538464,25,25,TTGGTCCGCCTATGTTTTGT,0,4692502
ybiY_ybiW_predicted,0.038461538461538464,25,25,TGTTGCTTCGGTGGTACAGA,0,4697148
ybiY_ybiW_predicted,0.038461538461538464,25,25,GTATTGTGTTTCCTGCTCTA,0,4689259
ybiY_ybiW_predicted,0.038461538461538464,25,25,GGGGTACCAACTTATGGGAC,0,4701637
ybiY_ybiW_predicted,0.038461538461538464,25,25,GGCACCGCATGGGAAATATA,0,4714987
ybiY_ybiW_predicted,0.038461538461538464,25,25,GGACCATGTCAGCGGACTGG,0,4723374
ybiY_ybiW_predicted,0.038461538461538464,25,25,GCCTGGGCTAGCCATTAGAA,0,4715910
ybiY_ybiW_predicted,0.038461538461538464,25,25,GCCTCGCGAAGCAGTTAGCA,0,4701703
ybiY_ybiW_predicted,0.038461538461538464,25,25,GCACAGTGAACGTGAACCTT,0,4695578
ybiY_ybiW_predicted,0.038461538461538464,25,25,GAGATTATTAGCATTTTGAG,0,4702352
ybiY_ybiW_predicted,0.038461538461538464,25,25,GAGAATGTATCCATGAGTGC,0,4725669
ybiY_ybiW_predicted,0.038461538461538464,25,25,GACGTGGCGTAGGCCTCTAC,0,4689017
ybiY_ybiW_predicted,0.038461538461538464,25,25,CTAGGGTTAGTGGCGAGCTA,0,4696105
ybiY_ybiW_predicted,0.038461538461538464,25,25,CTAAGAGGACCTTTAGTAAT,0,4716607
ybiY_ybiW_predicted,0.038461538461538464,25,25,CGGGCAGTTGAGACTGGCTT,0,4705494
ybiY_ybiW_predicted,0.038461538461538464,25,25,CGCGTGGGACGACAATTATA,0,4729377
ybiY_ybiW_predicted,0.038461538461538464,25,25,CGACGTTTTGTATCATGAGC,0,4710762
ybiY_ybiW_predicted,0.038461538461538464,25,25,CATTTTGTCGGCGGGGAATA,0,4712104
ybiY_ybiW_predicted,0.038461538461538464,25,25,CATGTGTGCGGTATCGCAGT,0,4703912
ybiY_ybiW_predicted,0.038461538461538464,25,25,CAGTAACCGTTTTAGGGTTG,0,4688837
ybiY_ybiW_predicted,0.038461538461538464,25,25,CACTGTTGAGAGCCATTGTA,0,4724399
ybiY_ybiW_predicted,0.038461538461538464,25,25,ATTAGAGCTGCAAGGGTTAT,0,4690282
ybiY_ybiW_predicted,0.038461538461538464,25,25,ATTACAAATTGTACGGCTAC,0,4720176
ybiY_ybiW_predicted,0.038461538461538464,25,25,AGTAGGTGCGCATTTGCCAT,0,4697348
ybiY_ybiW_predicted,0.038461538461538464,25,25,AGACATGCCCACCATTACGT,0,4730824
ybiY_ybiW_predicted,0.038461538461538464,25,25,ACCTTTAAAGGGCCTAAAAA,0,4711406
ybiY_ybiW_predicted,0.038461538461538464,25,25,ACAGGTCAAAAAGGCGCACG,0,4727175
ybiY_ybiW_predicted,0.04,24,24,TTTCGATGGACCAACTTAGG,0,4702690
ybiY_ybiW_predicted,0.04,24,24,TGTTATTTATAGGTAGAAGA,0,4695370
ybiY_ybiW_predicted,0.04,24,24,TCAGAAACACAGGGTCTGCC,0,4703814
ybiY_ybiW_predicted,0.04,24,24,TCAAAGTGGGACCCTCCACA,0,4723983
ybiY_ybiW_predicted,0.04,24,24,TAGGGTCAATACGCAAATGT,0,4698822
ybiY_ybiW_predicted,0.04,24,24,TAGGCTTGGAGCTCATCCAA,0,4703036
ybiY_ybiW_predicted,0.04,24,24,GTGTGACCGGCTGATTCAGA,0,4702372
ybiY_ybiW_predicted,0.04,24,24,GGTGGATGGGTTTTCTAATA,0,4690647
ybiY_ybiW_predicted,0.04,24,24,GGGAAATCAGAGTCAGGGCT,0,4707147
ybiY_ybiW_predicted,0.04,24,24,GCCTTTTCAATGCTTGCTTG,0,4713198
ybiY_ybiW_predicted,0.04,24,24,GATGCTGCTGGGGTGATTAT,0,4720869
ybiY_ybiW_predicted,0.04,24,24,GATCTTAAAACATTGTAAGG,0,4700714
ybiY_ybiW_predicted,0.04,24,24,GAGGTGGACCTAAAAATTAT,0,4693132
ybiY_ybiW_predicted,0.04,24,24,GAAGTAAGTTCATGAGCGAT,0,4723059
ybiY_ybiW_predicted,0.04,24,24,CGTTTCGCTTAGCTCTGTGA,0,4695251
ybiY_ybiW_predicted,0.04,24,24,CGTGCAGTGCTCCCAACCAG,0,4726476
ybiY_ybiW_predicted,0.04,24,24,CGGTACGCTACCCAAATATT,0,4730839
ybiY_ybiW_predicted,0.04,24,24,CGGCGTTGAGGTGCGTTTAT,0,4714457
ybiY_ybiW_predicted,0.04,24,24,CGCGTACGTCGTCTGCCGAC,0,4716167
ybiY_ybiW_predicted,0.04,24,24,CGATGACTAACGAGTTGCTT,0,4712271
ybiY_ybiW_predicted,0.04,24,24,CATCTAACAAGCCAGGAGTG,0,4691305
ybiY_ybiW_predicted,0.04,24,24,CAGGTTTGATACCACTACTT,0,4729984
ybiY_ybiW_predicted,0.04,24,24,AGTTCTTAATACGAATACTG,0,4725531
ybiY_ybiW_predicted,0.04,24,24,AGATTACGAGATCTCTGCAG,0,4699206
ybiY_ybiW_predicted,0.04,24,24,ACGCGCGCTCTAGGGACCAC,0,4703507
ybiY_ybiW_predicted,0.04,24,24,ACATCAGGACATAAAGTTAA,0,4717106
ybiY_ybiW_predicted,0.04,24,24,ACACATGGTGCGATTACTGA,0,4728478
ybiY_ybiW_predicted,0.04,24,24,AATAGGACCGGCCTCAGACA,0,4701288
ybiY_ybiW_predicted,0.04,24,24,AAAAGAGAGTTTTAGATGGA,0,4706699
ybiY_ybiW_predicted,0.041666666666666664,23,23,TTTCAGAAGCCGGACCGTCT,0,4713078
ybiY_ybiW_predicted,0.041666666666666664,23,23,TTAGACGTAAGTTACGATTG,0,4702988
ybiY_ybiW_predicted,0.041666666666666664,23,23,TTACTTTTCTTCGGCTATAT,0,4720704
ybiY_ybiW_predicted,0.041666666666666664,23,23,TGTACGCACCAAATCTATCA,0,4724222
ybiY_ybiW_predicted,0.041666666666666664,23,23,TGCTTCCTAGTGACAAGATC,0,4690095
ybiY_ybiW_predicted,0.041666666666666664,23,23,TGAATATCGTAAACGTATTA,0,4713058
ybiY_ybiW_predicted,0.041666666666666664,23,23,TCATACGGTCAAGACCTTAT,0,4711462
ybiY_ybiW_predicted,0.041666666666666664,23,23,TAAACTCTTACTCGGTCGTC,0,4729606
ybiY_ybiW_predicted,0.041666666666666664,23,23,GTTTTTGTTTGATCGACGAT,0,4724079
ybiY_ybiW_predicted,0.041666666666666664,23,23,GTGCAGTCTGGGAAGGGTGA,0,4699154
ybiY_ybiW_predicted,0.041666666666666664,23,23,GTCTCAATGGTAGATAACAA,0,4727695
ybiY_ybiW_predicted,0.041666666666666664,23,23,GTCCTCTAACCAGTCTTGGA,0,4716621
ybiY_ybiW_predicted,0.041666666666666664,23,23,GGCGATCAACGGGCTTTACT,0,4731528
ybiY_ybiW_predicted,0.041666666666666664,23,23,GCGGATTGTGCTCGAATATT,0,4706515
ybiY_ybiW_predicted,0.041666666666666664,23,23,GCCCTGAGGAAACTGGTTTC,0,4699618
ybiY_ybiW_predicted,0.041666666666666664,23,23,GAGTTATCGAAAGGCCCGTA,0,4701313
ybiY_ybiW_predicted,0.041666666666666664,23,23,GAGACAACTATTCGTCACCC,0,4703953
ybiY_ybiW_predicted,0.041666666666666664,23,23,CTTCACATCTGGGACTGTGG,0,4688704
ybiY_ybiW_predicted,0.041666666666666664,23,23,CTGTAGAGAACGCATAAAGG,0,4725926
ybiY_ybiW_predicted,0.041666666666666664,23,23,CGGTAGAATGTATTAATCAG,0,4700361
ybiY_ybiW_predicted,0.041666666666666664,23,23,CGGGTGATTCGCCGATAGCA,0,4725867
ybiY_ybiW_predicted,0.041666666666666664,23,23,CGAATGGGGCTACGGTCTAA,0,4722399
ybiY_ybiW_predicted,0.041666666666666664,23,23,CCTGCGGTGTGTTCATGAAA,0,4722736
ybiY_ybiW_predicted,0.041666666666666664,23,23,CCCGAATGTTTAAGAAGCGT,0,4706511
ybiY_ybiW_predicted,0.041666666666666664,23,23,CCCCAGATACCCTGCTCGCT,0,4722768
ybiY_ybiW_predicted,0.041666666666666664,23,23,CATCTGACCGTCCGGACATA,0,4689689
ybiY_ybiW_predicted,0.041666666666666664,23,23,CAGTTTCTCCGGCTTACCGG,0,4731521
ybiY_ybiW_predicted,0.041666666666666664,23,23,CAGTAATAACAACCCCCAAA,0,4704330
ybiY_ybiW_predicted,0.041666666666666664,23,23,CACTTCTCTGCCCTTAGCAT,0,4719719
ybiY_ybiW_predicted,0.041666666666666664,23,23,CAAAAAGCGTCTATGCACCA,0,4713025
ybiY_ybiW_predicted,0.041666666666666664,23,23,AGTTGGCTGAAGCCAACCGT,0,4697043
ybiY_ybiW_predicted,0.041666666666666664,23,23,AGTGTAACCCGGCGATATTC,0,4707229
ybiY_ybiW_predicted,0.041666666666666664,23,23,AGTGACCATCAAATTCAACA,0,4725923
ybiY_ybiW_predicted,0.041666666666666664,23,23,AGGTGGTCTCCGCGAGACGA,0,4716623
ybiY_ybiW_predicted,0.041666666666666664,23,23,AGAACGGCTCGCGAGTTCCC,0,4706357
ybiY_ybiW_predicted,0.041666666666666664,23,23,ACTTCTTCGGAGCTCACCAT,0,4689145
ybiY_ybiW_predicted,0.041666666666666664,23,23,ACTCGAGCAAGGTACACTCC,0,4700281
ybiY_ybiW_predicted,0.041666666666666664,23,23,AATATCGCGCAGTAGGCCTA,0,4720301
ybiY_ybiW_predicted,0.041666666666666664,23,23,AACTCTCTAAGATAAGGCGA,0,4689335
ybiY_ybiW_predicted,0.041666666666666664,23,23,AAAGCCTATGTGGGAGTATT,0,4690575
ybiY_ybiW_predicted,0.041666666666666664,23,23,AAACCGGTACACTGTTGGGT,0,4689899
ybiY_ybiW_predicted,0.043478260869565216,22,22,TTCTGGGTCATGGAGGTAAG,0,4694786
ybiY_ybiW_predicted,0.043478260869565216,22,22,TGTATTAATATGTTTGATAG,0,4709282
ybiY_ybiW_predicted,0.043478260869565216,22,22,TGCCTCAATTAAAAAGACCT,0,4692058
ybiY_ybiW_predicted,0.043478260869565216,22,22,TATGCTTGACTTGATGGGCA,0,4703039
ybiY_ybiW_predicted,0.043478260869565216,22,22,TAGGCAATGTTGCCGGTACG,0,4724884
ybiY_ybiW_predicted,0.043478260869565216,22,22,GTTCTCAAATGCACTCAGCA,0,4720603
ybiY_ybiW_predicted,0.043478260869565216,22,22,GTGCATAGCGTTGGGCTAAA,0,4729367
ybiY_ybiW_predicted,0.043478260869565216,22,22,GGTGGGGTGGCGCCACCGTA,0,4689536
ybiY_ybiW_predicted,0.043478260869565216,22,22,GGTCGGGCTGCGTAGCGACT,0,4692675
ybiY_ybiW_predicted,0.043478260869565216,22,22,GGTCATTTGCAAACATCTCT,0,4705885
ybiY_ybiW_predicted,0.043478260869565216,22,22,GGGTTCCTTGGCCGGGGTAT,0,4692623
ybiY_ybiW_predicted,0.043478260869565216,22,22,GCTGTCTTGGTCGTACCAGA,0,4692504
ybiY_ybiW_predicted,0.043478260869565216,22,22,GCTACACCAAGCCAGCGGAG,0,4731837
ybiY_ybiW_predicted,0.043478260869565216,22,22,GCGTGTGCTATGAGAAAACA,0,4705598
ybiY_ybiW_predicted,0.043478260869565216,22,22,GCCGTTTAGACTGTGCCACC,0,4702877
ybiY_ybiW_predicted,0.043478260869565216,22,22,GCAGTTACCGAGAATAATCA,0,4691800
ybiY_ybiW_predicted,0.043478260869565216,22,22,GCAATTTCCATCCGTGAGGT,0,4725166
ybiY_ybiW_predicted,0.043478260869565216,22,22,GAGTGTGCTCGACACGCGAT,0,4715578
ybiY_ybiW_predicted,0.043478260869565216,22,22,GAAAGAGAGATTATGAATGA,0,4690810
ybiY_ybiW_predicted,0.043478260869565216,22,22,CTAACGCGCTTCAAATGGTA,0,4731963
ybiY_ybiW_predicted,0.043478260869565216,22,22,CGTAGCCACTGAAATTATGA,0,4695294
ybiY_ybiW_predicted,0.043478260869565216,22,22,CGTAAACCAAATGGAATTGT,0,4709580
ybiY_ybiW_predicted,0.043478260869565216,22,22,CGCTGGGACAGTACCTCGTT,0,4731139
ybiY_ybiW_predicted,0.043478260869565216,22,22,CGCAAAGCAGTGCGGTACTA,0,4711835
ybiY_ybiW_predicted,0.043478260869565216,22,22,CGATCCTGCCCAGGAGAGTA,0,4725539
ybiY_ybiW_predicted,0.043478260869565216,22,22,CCTCGAAGTACCGGCCTCCG,0,4723126
ybiY_ybiW_predicted,0.043478260869565216,22,22,CCGAGGCTTCTGCTTAAGTA,0,4689587
ybiY_ybiW_predicted,0.043478260869565216,22,22,CCCACAAGCTTGCACCTGTT,0,4714284
ybiY_ybiW_predicted,0.043478260869565216,22,22,CCATACCAAATCTGGTGTGG,0,4692690
ybiY_ybiW_predicted,0.043478260869565216,22,22,CATCGCATAACCCTTGGCTA,0,4731280
ybiY_ybiW_predicted,0.043478260869565216,22,22,CAACATTAATGTACGGTTTA,0,4715833
ybiY_ybiW_predicted,0.043478260869565216,22,22,CAAAATAGGTTTAGTGAAGG,0,4700642
ybiY_ybiW_predicted,0.043478260869565216,22,22,ATGCCTTCTATCCATTTGTA,0,4706654
ybiY_ybiW_predicted,0.043478260869565216,22,22,AGGCTATTTAATGTGTCCGC,0,4688644
ybiY_ybiW_predicted,0.043478260869565216,22,22,AGGATCTTTAGGATAAAGCG,0,4710412
ybiY_ybiW_predicted,0.043478260869565216,22,22,AGCGGCAAGATTTTCAAAAG,0,4711021
ybiY_ybiW_predicted,0.043478260869565216,22,22,AGCGATGGTGCTGCTCCCCA,0,4703260
ybiY_ybiW_predicted,0.043478260869565216,22,22,AGCACTCATCAAATGTCCTC,0,4721116
ybiY_ybiW_predicted,0.043478260869565216,22,22,AGAGACAACTCAAGACTTAT,0,4691233
ybiY_ybiW_predicted,0.043478260869565216,22,22,ACGCGAAAGCAGATGGGTAA,0,4721948
ybiY_ybiW_predicted,0.043478260869565216,22,22,AAGGTCTACGCTAGGGCAGC,0,4695118
ybiY_ybiW_predicted,0.043478260869565216,22,22,AAGATCCCAGGAGTATGTAC,0,4694044
ybiY_ybiW_predicted,0.043478260869565216,22,22,AAGAGTACGAGTGATAAGCG,0,4719648
ybiY_ybiW_predicted,0.043478260869565216,22,22,AAAGTGGCCAGCCTGTACAG,0,4690155
ybiY_ybiW_predicted,0.045454545454545456,21,21,TTTGGTGCCTAAAGGTGATA,0,4694519
ybiY_ybiW_predicted,0.045454545454545456,21,21,TTCTTTACAGTGGTATTAAA,0,4729123
ybiY_ybiW_predicted,0.045454545454545456,21,21,TTCGGGCTTTTCCGGTGCGA,0,4732309
ybiY_ybiW_predicted,0.045454545454545456,21,21,TTACCAATCCACCCTTATAG,0,4692911
ybiY_ybiW_predicted,0.045454545454545456,21,21,TGGCCATCCACTTATACTTC,0,4700862
ybiY_ybiW_predicted,0.045454545454545456,21,21,TGCTCCGCGCGGAGGGTTAG,0,4694153
ybiY_ybiW_predicted,0.045454545454545456,21,21,TGAAGTGACCCATCTGTGGC,0,4698571
ybiY_ybiW_predicted,0.045454545454545456,21,21,TCTCCAGCCAGACAGCGGTA,0,4694027
ybiY_ybiW_predicted,0.045454545454545456,21,21,TCTCATTGGACAAGCTGGGG,0,4694982
ybiY_ybiW_predicted,0.045454545454545456,21,21,TCCGAAATCTTCCACCACGA,0,4699583
ybiY_ybiW_predicted,0.045454545454545456,21,21,TCAACGTAGTCTCACTGTGC,0,4731376
ybiY_ybiW_predicted,0.045454545454545456,21,21,TATCACTAATACGCGTTTCT,0,4709337
ybiY_ybiW_predicted,0.045454545454545456,21,21,GTCCGAGCCCACACATTTGT,0,4728860
ybiY_ybiW_predicted,0.045454545454545456,21,21,GGGGACTAACGGTGGGAATT,0,4697147
ybiY_ybiW_predicted,0.045454545454545456,21,21,GGCTACATCGCGTATATTGT,0,4719886
ybiY_ybiW_predicted,0.045454545454545456,21,21,GGATGCATGCGATCATTGAG,0,4701043
ybiY_ybiW_predicted,0.045454545454545456,21,21,GAGTGTTAGCTAAGAAGTGA,0,4702107
ybiY_ybiW_predicted,0.045454545454545456,21,21,GAGTGTACCACGCGGTTCGG,0,4692920
ybiY_ybiW_predicted,0.045454545454545456,21,21,GAAATTAGGCGGCATTTTGT,0,4696809
ybiY_ybiW_predicted,0.045454545454545456,21,21,CTTTTGCGCAAGGAACAGGT,0,4700087
ybiY_ybiW_predicted,0.045454545454545456,21,21,CTAGAACTTCCCCGATCGTA,0,4692918
ybiY_ybiW_predicted,0.045454545454545456,21,21,CGGTTGCGATTCCCACCGGC,0,4704153
ybiY_ybiW_predicted,0.045454545454545456,21,21,CGGGGGGCTCCAGAGTTACG,0,4725375
ybiY_ybiW_predicted,0.045454545454545456,21,21,CGGGAGAAGGTTATCCGCAA,0,4710529
ybiY_ybiW_predicted,0.045454545454545456,21,21,CGCAACGCTTCCGGGGTACC,0,4696005
ybiY_ybiW_predicted,0.045454545454545456,21,21,CCCAATTGAAGCAAATTACT,0,4698523
ybiY_ybiW_predicted,0.045454545454545456,21,21,CCAGTGCGATTGTATGAAAG,0,4691336
ybiY_ybiW_predicted,0.045454545454545456,21,21,CATACCCGCACGTTATGTCA,0,4710101
ybiY_ybiW_predicted,0.045454545454545456,21,21,CAGCTTTTAGTTAGCCGCTC,0,4729424
ybiY_ybiW_predicted,0.045454545454545456,21,21,CAGATACATAATTTGGCGTC,0,4703208
ybiY_ybiW_predicted,0.045454545454545456,21,21,CAGACCCATGCCTATCACAC,0,4701417
ybiY_ybiW_predicted,0.045454545454545456,21,21,CACTCAGAGCCAGTAGGGTT,0,4700863
ybiY_ybiW_predicted,0.045454545454545456,21,21,ATTTCCGCCCTGGTACATCA,0,4712162
ybiY_ybiW_predicted,0.045454545454545456,21,21,ATTTAAGTGGGATTCCGGAA,0,4719435
ybiY_ybiW_predicted,0.045454545454545456,21,21,ATAATGCGCTACGGATGGCT,0,4690993
ybiY_ybiW_predicted,0.045454545454545456,21,21,AGGCGTAGCGTCAACACTGT,0,4707233
ybiY_ybiW_predicted,0.045454545454545456,21,21,AGCTTCTCCGGGCGGGGCAT,0,4689106
ybiY_ybiW_predicted,0.045454545454545456,21,21,AGCTTCAAATAAACGGGTCT,0,4717845
ybiY_ybiW_predicted,0.045454545454545456,21,21,AGCAAGAATACCTTTAAGAT,0,4697883
ybiY_ybiW_predicted,0.045454545454545456,21,21,ACGTCTCAGCTACGGTGGTT,0,4712404
ybiY_ybiW_predicted,0.045454545454545456,21,21,ACGCTGCACCGGCACTGCTT,0,4704931
ybiY_ybiW_predicted,0.045454545454545456,21,21,ACCGCACTGGGTAAGGCCGG,0,4719772
ybiY_ybiW_predicted,0.045454545454545456,21,21,ACAATCTCGAACGGGGAATA,0,4729268
ybiY_ybiW_predicted,0.045454545454545456,21,21,AATGTGACGTCTTCATTGTC,0,4704616
ybiY_ybiW_predicted,0.045454545454545456,21,21,AAGTCCTGACACTCCAAGGT,0,4718960
ybiY_ybiW_predicted,0.045454545454545456,21,21,AAGTCAGTTATTTAGTTCCG,0,4707338
ybiY_ybiW_predicted,0.045454545454545456,21,21,AACCAATTAGTAACTTTTTA,0,4716971
ybiY_ybiW_predicted,0.045454545454545456,21,21,AAAGGGGGAAAGAGGGGTGA,0,4717898
ybiY_ybiW_predicted,0.047619047619047616,20,20,TTCGCAGTATGCACAATATA,0,4688484
ybiY_ybiW_predicted,0.047619047619047616,20,20,TTCCAGCGCTAAGGGCAACA,0,4695930
ybiY_ybiW_predicted,0.047619047619047616,20,20,TTATTTATCGACTTGAATAT,0,4700282
ybiY_ybiW_predicted,0.047619047619047616,20,20,TTAAAAACGTATCGTGCGAG,0,4723180
ybiY_ybiW_predicted,0.047619047619047616,20,20,TGTGGTGTTGTCATGTTAAT,0,4723633
ybiY_ybiW_predicted,0.047619047619047616,20,20,TGTCGCCCGGTTGCCTCGAG,0,4724050
ybiY_ybiW_predicted,0.047619047619047616,20,20,TGCTTCCCTATTCAACTGCA,0,4726466
ybiY_ybiW_predicted,0.047619047619047616,20,20,TCTATCGGGACTTAAGCGTT,0,4719506
ybiY_ybiW_predicted,0.047619047619047616,20,20,TCGTCATATGCCTTGGGGGC,0,4714252
ybiY_ybiW_predicted,0.047619047619047616,20,20,TCCTGGTCACCCGGTGGAGT,0,4707772
ybiY_ybiW_predicted,0.047619047619047616,20,20,TCCGCGGCGCGGCCAGACCT,0,4689433
ybiY_ybiW_predicted,0.047619047619047616,20,20,TAGGTTGACAACGTGGACGT,0,4699998
ybiY_ybiW_predicted,0.047619047619047616,20,20,TACGTAAGGAGCTGGTGAAC,0,4702650
ybiY_ybiW_predicted,0.047619047619047616,20,20,TACATCCCTGGCAGCATCAT,0,4693546
ybiY_ybiW_predicted,0.047619047619047616,20,20,TAACTCAAGTACCTTGATTG,0,4708416
ybiY_ybiW_predicted,0.047619047619047616,20,20,GTGCTTATGGTAATTCGCTT,0,4705797
ybiY_ybiW_predicted,0.047619047619047616,20,20,GTATCTGATATTGATCCCCA,0,4689423
ybiY_ybiW_predicted,0.047619047619047616,20,20,GTAATCCGTTCAAATTGGTC,0,4717651
ybiY_ybiW_predicted,0.047619047619047616,20,20,GGTGGCGCTGGGGACCGCGC,0,4726957
ybiY_ybiW_predicted,0.047619047619047616,20,20,GGTCGCAACATATGAGAGCT,0,4720858
ybiY_ybiW_predicted,0.047619047619047616,20,20,GGTATCCGAACGGCTCTATT,0,4718701
ybiY_ybiW_predicted,0.047619047619047616,20,20,GGCCGCCGCGACCTAAAGTC,0,4691076
ybiY_ybiW_predicted,0.047619047619047616,20,20,GGAAGGGACCTTTGTTTCCA,0,4701000
ybiY_ybiW_predicted,0.047619047619047616,20,20,GCGTATCATGTCGGAGGTGG,0,4708552
ybiY_ybiW_predicted,0.047619047619047616,20,20,GCGCGGAATCGCAAGATTGT,0,4721967
ybiY_ybiW_predicted,0.047619047619047616,20,20,GCGATGTTATCGTGGTATGT,0,4710790
ybiY_ybiW_predicted,0.047619047619047616,20,20,GCCGTGTGGCCGGAAACGTT,0,4689905
ybiY_ybiW_predicted,0.047619047619047616,20,20,GCAAACGAGGGGTCCTGCAA,0,4689690
ybiY_ybiW_predicted,0.047619047619047616,20,20,GATCCCAGGTCCCAAGGTAT,0,4698563
ybiY_ybiW_predicted,0.047619047619047616,20,20,GACTTCCACCGTGACACGAC,0,4705748
ybiY_ybiW_predicted,0.047619047619047616,20,20,GAATCCCGCATGGCAATTGA,0,4694604
ybiY_ybiW_predicted,0.047619047619047616,20,20,GAACTTGGGCACAGGGGGCA,0,4718950
ybiY_ybiW_predicted,0.047619047619047616,20,20,CTGTCTCAAGGGAGGTCTAA,0,4718955
ybiY_ybiW_predicted,0.047619047619047616,20,20,CTGGTGGAAGAGCATTGTGT,0,4727009
ybiY_ybiW_predicted,0.047619047619047616,20,20,CTCCCGCATGTAGCAGGTAT,0,4691238
ybiY_ybiW_predicted,0.047619047619047616,20,20,CTATGCGCTTTTATCCTTCA,0,4711607
ybiY_ybiW_predicted,0.047619047619047616,20,20,CGTAAGTCGGAGTATCGTTA,0,4715930
ybiY_ybiW_predicted,0.047619047619047616,20,20,CGGAGAACTGCTTCTGACCA,0,4709411
ybiY_ybiW_predicted,0.047619047619047616,20,20,CGGACCAGCCACACTGAGAG,0,4722147
ybiY_ybiW_predicted,0.047619047619047616,20,20,CGATGCAAAGCCGCCGTTCT,0,4690354
ybiY_ybiW_predicted,0.047619047619047616,20,20,CGAGGACGTCCTCCTAAATG,0,4689812
ybiY_ybiW_predicted,0.047619047619047616,20,20,CCGTCCAGGTCCCTTAATAG,0,4691517
ybiY_ybiW_predicted,0.047619047619047616,20,20,CCCGACGAGCCGGTCGTGAA,0,4692954
ybiY_ybiW_predicted,0.047619047619047616,20,20,CATAACCAAACCACCGATTC,0,4692113
ybiY_ybiW_predicted,0.047619047619047616,20,20,CACAATCGTGCCCACAGCGA,0,4692896
ybiY_ybiW_predicted,0.047619047619047616,20,20,CAATACTGTAATTATACTGA,0,4694748
ybiY_ybiW_predicted,0.047619047619047616,20,20,CAATACGTGCCGTGCTTGGT,0,4720789
ybiY_ybiW_predicted,0.047619047619047616,20,20,CAAGGCCTTAAGTTACAAGA,0,4710437
ybiY_ybiW_predicted,0.047619047619047616,20,20,ATTCTCCATTCTGCCCACTG,0,4732292
ybiY_ybiW_predicted,0.047619047619047616,20,20,ATTCATCTTAGTAGGTCGTA,0,4697484
ybiY_ybiW_predicted,0.047619047619047616,20,20,ATGTCCGTTCTAATATGCTC,0,4729326
ybiY_ybiW_predicted,0.047619047619047616,20,20,ATACGTTACAATTGAACGAG,0,4689411
ybiY_ybiW_predicted,0.047619047619047616,20,20,AGTCAGAGATGCCGATTATC,0,4717208
ybiY_ybiW_predicted,0.047619047619047616,20,20,AGCATTGTCCTGTCTGTGTA,0,4723659
ybiY_ybiW_predicted,0.047619047619047616,20,20,AGATGCGATTTTCCAGCACG,0,4696653
ybiY_ybiW_predicted,0.047619047619047616,20,20,ACTTGTTTTATAGCTTCGAT,0,4699004
ybiY_ybiW_predicted,0.047619047619047616,20,20,ACTATCTGGGCGGTCCACTC,0,4693503
ybiY_ybiW_predicted,0.047619047619047616,20,20,ACGACAATGCCAGGTGCCTG,0,4701907
ybiY_ybiW_predicted,0.047619047619047616,20,20,ACCTTCCTCCAATTCAATGA,0,4729908
ybiY_ybiW_predicted,0.047619047619047616,20,20,ACCACTATCAAGGCTGATTA,0,4701231
ybiY_ybiW_predicted,0.047619047619047616,20,20,AACTCCGGGATCAGTCAACG,0,4700713
ybiY_ybiW_predicted,0.047619047619047616,20,20,AACCCGCGTCTTAGAATCAG,0,4692815
ybiY_ybiW_predicted,0.047619047619047616,20,20,AAAAGGTCTAAATGGGGTCA,0,4689413
ybiY_ybiW_predicted,0.05,19,19,TTTTCAATTCAAGAGGATGA,0,4698339
ybiY_ybiW_predicted,0.05,19,19,TTGTCGTGTTGACGAGGCGT,0,4692919
ybiY_ybiW_predicted,0.05,19,19,TTGTATGAACCACTCGAAGT,0,4707116
ybiY_ybiW_predicted,0.05,19,19,TTGGTCAAGCTAACCAGTGT,0,4689708
ybiY_ybiW_predicted,0.05,19,19,TTGCTTTACATAAAGTCTTC,0,4699377
ybiY_ybiW_predicted,0.05,19,19,TTCTTAAATCGGGTTGTGAG,0,4732142
ybiY_ybiW_predicted,0.05,19,19,TTCCGAGCTTTGGCAGGCAG,0,4705395
ybiY_ybiW_predicted,0.05,19,19,TTCATGGTGACATGCGCTCC,0,4700403
ybiY_ybiW_predicted,0.05,19,19,TTAACGGCGGATTCGCGTGT,0,4724200
ybiY_ybiW_predicted,0.05,19,19,TGTATGCGAGATCTCTGAAT,0,4698485
ybiY_ybiW_predicted,0.05,19,19,TGACTAAAAATAGGATAGCA,0,4705202
ybiY_ybiW_predicted,0.05,19,19,TCTTTGCACGTTCAAGCTGT,0,4721297
ybiY_ybiW_predicted,0.05,19,19,TCTGCTTAAGACACTCGCCC,0,4693162
ybiY_ybiW_predicted,0.05,19,19,TCGTATCTACACCTGCGGTC,0,4713303
ybiY_ybiW_predicted,0.05,19,19,TCGGATATCAAGGGAATCGT,0,4728878
ybiY_ybiW_predicted,0.05,19,19,TCGAATCGACCTCGATAGCG,0,4711797
ybiY_ybiW_predicted,0.05,19,19,TCCATATTGATCAGCCTCGT,0,4700711
ybiY_ybiW_predicted,0.05,19,19,TCATTATAGGCGCCTTAGCT,0,4709400
ybiY_ybiW_predicted,0.05,19,19,TCATGACAAGATAGCTCGGT,0,4716829
ybiY_ybiW_predicted,0.05,19,19,TATAAATTGGCAGGCGTAAA,0,4689155
ybiY_ybiW_predicted,0.05,19,19,TAGCGGAACGATCGGGAGGA,0,4697168
ybiY_ybiW_predicted,0.05,19,19,TACTTGAAGTGAGCTAAACC,0,4720741
ybiY_ybiW_predicted,0.05,19,19,TACTTCGCGTTGGTCTCATA,0,4709539
ybiY_ybiW_predicted,0.05,19,19,GTTCTAAGTTCAACCGGCTC,0,4697199
ybiY_ybiW_predicted,0.05,19,19,GTTCGTTGGAGCATCAATGC,0,4705213
ybiY_ybiW_predicted,0.05,19,19,GTCTCTGTGAGGAGGTAAGC,0,4726557
ybiY_ybiW_predicted,0.05,19,19,GTCATGTAACTCCGTCGCCC,0,4718198
ybiY_ybiW_predicted,0.05,19,19,GTCAAGTGCCGCATTGATGC,0,4690570
ybiY_ybiW_predicted,0.05,19,19,GTAATGTCAATCATCACGGC,0,4704121
ybiY_ybiW_predicted,0.05,19,19,GGTTTCCATCACAGATTAGC,0,4702145
ybiY_ybiW_predicted,0.05,19,19,GGTCCGAACCATCCGGGTTT,0,4700769
ybiY_ybiW_predicted,0.05,19,19,GGGAGCACATGCTGGTGACA,0,4713950
ybiY_ybiW_predicted,0.05,19,19,GGCTACGGTTGGGGTCTGCG,0,4713720
ybiY_ybiW_predicted,0.05,19,19,GGCGGCTCGCGGAACCGGTG,0,4704519
ybiY_ybiW_predicted,0.05,19,19,GGCAGAGTAGAGGCTGGTCC,0,4696400
ybiY_ybiW_predicted,0.05,19,19,GCGTTTTAGTCTAGGGTACT,0,4724279
ybiY_ybiW_predicted,0.05,19,19,GCGGTCGGGTGACTGGACTG,0,4730146
ybiY_ybiW_predicted,0.05,19,19,GCGAGGGTTCTAGAAGTTGG,0,4701310
ybiY_ybiW_predicted,0.05,19,19,GCCCATTGTAAGCTGAATTG,0,4718170
ybiY_ybiW_predicted,0.05,19,19,GCCCATCTACAGGGAGGAAT,0,4703472
ybiY_ybiW_predicted,0.05,19,19,GCACCGCTGACCTACGCCGA,0,4709346
ybiY_ybiW_predicted,0.05,19,19,GATTACCTTATTATGAAATC,0,4710684
ybiY_ybiW_predicted,0.05,19,19,GACCTCGGTCGAGTGGGTAC,0,4728746
ybiY_ybiW_predicted,0.05,19,19,GAAGTAGAAAAACTTGAATA,0,4702282
ybiY_ybiW_predicted,0.05,19,19,GAAGCGTATTTCGGGTAGGA,0,4690459
ybiY_ybiW_predicted,0.05,19,19,CTGACTTTGTTAACCGAGGA,0,4704024
ybiY_ybiW_predicted,0.05,19,19,CTAATTCTGTATGATCGCCC,0,4695969
ybiY_ybiW_predicted,0.05,19,19,CTAAGGCTGGCGCCAGGTTG,0,4710022
ybiY_ybiW_predicted,0.05,19,19,CGCGTCCCGTTGGACACAAT,0,4723046
ybiY_ybiW_predicted,0.05,19,19,CGCGCGCCGGCCACAGAGAG,0,4697154
ybiY_ybiW_predicted,0.05,19,19,CGCAATAATCGGGAGCTCAG,0,4717858
ybiY_ybiW_predicted,0.05,19,19,CGACGCACATAGGAAAGGCT,0,4716901
ybiY_ybiW_predicted,0.05,19,19,CGACAGTCCAGGTTGGGGGT,0,4693920
ybiY_ybiW_predicted,0.05,19,19,CCTTATAACAATATGTATGC,0,4720752
ybiY_ybiW_predicted,0.05,19,19,CCTGCTTCGTGTTTAGATTA,0,4714425
ybiY_ybiW_predicted,0.05,19,19,CCTCGCCATCTATCGCTGGT,0,4714715
ybiY_ybiW_predicted,0.05,19,19,CCGTATGGGGTTGTTTTACG,0,4692895
ybiY_ybiW_predicted,0.05,19,19,CCGCGTTCGGCTCCAATTAT,0,4724287
ybiY_ybiW_predicted,0.05,19,19,CCCGAGCGATTGGGAATCGT,0,4730869
ybiY_ybiW_predicted,0.05,19,19,CCACGATATGTGACCTGACA,0,4715333
ybiY_ybiW_predicted,0.05,19,19,CCAATGAGGATCGCAAGCGT,0,4701192
ybiY_ybiW_predicted,0.05,19,19,CCAAGCTCGTAATGAAGCTA,0,4714010
ybiY_ybiW_predicted,0.05,19,19,CATGCTGAGCAATGTGTGAG,0,4725265
ybiY_ybiW_predicted,0.05,19,19,CAGCTTTTGATTCGGCAGGA,0,4706344
ybiY_ybiW_predicted,0.05,19,19,CAGATTTCTTACTCTGCGCA,0,4694307
ybiY_ybiW_predicted,0.05,19,19,CAGATGCAGCAGCTTAATTT,0,4721026
ybiY_ybiW_predicted,0.05,19,19,CACTCAACTTGTGTCCGACA,0,4719509
ybiY_ybiW_predicted,0.05,19,19,CAACGGCTGGCGGAGAACAC,0,4712816
ybiY_ybiW_predicted,0.05,19,19,ATTGCAGACCGGATTGACGT,0,4699833
ybiY_ybiW_predicted,0.05,19,19,ATGGGCGTACCTATTGCGGT,0,4721146
ybiY_ybiW_predicted,0.05,19,19,ATAGGTAAGGTCCTACCACG,0,4699826
ybiY_ybiW_predicted,0.05,19,19,AGTCGATACAGCGATAGTTG,0,4725637
ybiY_ybiW_predicted,0.05,19,19,AGGGTCACAGCGCCCTGCTG,0,4715164
ybiY_ybiW_predicted,0.05,19,19,AGGAAAAGAGCCCTTACACT,0,4721339
ybiY_ybiW_predicted,0.05,19,19,AGCGTCTTACTTCGGTTGCA,0,4704366
ybiY_ybiW_predicted,0.05,19,19,AGCCCCAACATGCGTCATAA,0,4692914
ybiY_ybiW_predicted,0.05,19,19,AGAGGAGATAAGGCAGATGG,0,4695250
ybiY_ybiW_predicted,0.05,19,19,AGAGCCTGCGATGTTTTCCT,0,4707645
ybiY_ybiW_predicted,0.05,19,19,ACCCATACACTCTTGTGAGA,0,4723887
ybiY_ybiW_predicted,0.05,19,19,ACAATCGGAAGAACAGTTGA,0,4708123
ybiY_ybiW_predicted,0.05,19,19,AATTATTGGTAGAATTTGCG,0,4726358
ybiY_ybiW_predicted,0.05,19,19,AATACGTCAAATTCTCAACC,0,4697813
ybiY_ybiW_predicted,0.05,19,19,AAGCTACCAAGGCTAGATAA,0,4701672
ybiY_ybiW_predicted,0.05,19,19,AAAGGGTGACTGAGCCGCGC,0,4697337
ybiY_ybiW_predicted,0.05,19,19,AAAGAGTGCGGATTTGCTCC,0,4691275
ybiY_ybiW_predicted,0.05263157894736842,18,18,TTTTCTAGACCGGGTTAAGA,0,4714897
ybiY_ybiW_predicted,0.05263157894736842,18,18,TTGTAGCCGTCCGGGCTAGC,0,4689130
ybiY_ybiW_predicted,0.05263157894736842,18,18,TTGCATAAAGCGAGGACGGT,0,4708249
ybiY_ybiW_predicted,0.05263157894736842,18,18,TTGCAGAAGGCTGTTAATAG,0,4698122
ybiY_ybiW_predicted,0.05263157894736842,18,18,TTGACAGTGCCGTTGTGTAG,0,4708373
ybiY_ybiW_predicted,0.05263157894736842,18,18,TTCATAATGGCTCTCGGCAT,0,4724028
ybiY_ybiW_predicted,0.05263157894736842,18,18,TTCAACGTTTAACATGAGTG,0,4714201
ybiY_ybiW_predicted,0.05263157894736842,18,18,TTACCCTGGTAGAATTTGCT,0,4708517
ybiY_ybiW_predicted,0.05263157894736842,18,18,TGTAAAGTTGTCACCAAGTT,0,4730430
ybiY_ybiW_predicted,0.05263157894736842,18,18,TGGTAAGTAACGCGAACCTG,0,4729828
ybiY_ybiW_predicted,0.05263157894736842,18,18,TGCTTAGGGTTCATCACCGG,0,4703398
ybiY_ybiW_predicted,0.05263157894736842,18,18,TGCTGTGTTGTCCTATGACT,0,4715210
ybiY_ybiW_predicted,0.05263157894736842,18,18,TGCTAGCATAGTTTGCGCAA,0,4697786
ybiY_ybiW_predicted,0.05263157894736842,18,18,TGCAGAGGGTAAAGTGAGTG,0,4708203
ybiY_ybiW_predicted,0.05263157894736842,18,18,TCTTTAACTCCACTGGACAT,0,4690855
ybiY_ybiW_predicted,0.05263157894736842,18,18,TCTCGTATCGCATCTACAAC,0,4717727
ybiY_ybiW_predicted,0.05263157894736842,18,18,TCGACAATTATTGAGGCCAC,0,4724446
ybiY_ybiW_predicted,0.05263157894736842,18,18,TCCCACGTAATTCGGGAGAT,0,4720857
ybiY_ybiW_predicted,0.05263157894736842,18,18,TCAAGGCCTACCGCCGGTGT,0,4727012
ybiY_ybiW_predicted,0.05263157894736842,18,18,TATTAAATAAAGAGCATAAC,0,4726910
ybiY_ybiW_predicted,0.05263157894736842,18,18,TAGCGATAAGGGACTCGACT,0,4721852
ybiY_ybiW_predicted,0.05263157894736842,18,18,TAGAGTCTATCCCCGCGACA,0,4716166
ybiY_ybiW_predicted,0.05263157894736842,18,18,GTTTAAGCGTTTACTTAACC,0,4712172
ybiY_ybiW_predicted,0.05263157894736842,18,18,GTCTTTTCCGCCCGCTGCTC,0,4715710
ybiY_ybiW_predicted,0.05263157894736842,18,18,GTCAGTCATTCGCGTTTTCT,0,4695290
ybiY_ybiW_predicted,0.05263157894736842,18,18,GGTTTGGATGCGTAAAATAT,0,4709491
ybiY_ybiW_predicted,0.05263157894736842,18,18,GGTTCGGAAGGCCCGGTCAA,0,4706775
ybiY_ybiW_predicted,0.05263157894736842,18,18,GGTGTGACCTTAATGCGCGA,0,4724537
ybiY_ybiW_predicted,0.05263157894736842,18,18,GGGGGAGCACTCGTGTCAAG,0,4695993
ybiY_ybiW_predicted,0.05263157894736842,18,18,GGGGCCGTCGCCTCTTAACA,0,4715944
ybiY_ybiW_predicted,0.05263157894736842,18,18,GGCGCTTAAGCCCTCGTTAC,0,4700115
ybiY_ybiW_predicted,0.05263157894736842,18,18,GGCCTCGACCCTAGTACATC,0,4711226
ybiY_ybiW_predicted,0.05263157894736842,18,18,GCTGGGATCCCATAAGCTGC,0,4721321
ybiY_ybiW_predicted,0.05263157894736842,18,18,GCTCATACCCCGAGTGACAT,0,4710129
ybiY_ybiW_predicted,0.05263157894736842,18,18,GCGTAAGATGCAATGCCTGG,0,4725305
ybiY_ybiW_predicted,0.05263157894736842,18,18,GCGGGGGAGGCGCGAACACA,0,4716515
ybiY_ybiW_predicted,0.05263157894736842,18,18,GCCGCAGCGACGTGCACAAA,0,4695132
ybiY_ybiW_predicted,0.05263157894736842,18,18,GCCCGACGTCTATTTAATTT,0,4714359
ybiY_ybiW_predicted,0.05263157894736842,18,18,GCAACTCCTTAGTACGCAGT,0,4702622
ybiY_ybiW_predicted,0.05263157894736842,18,18,GAGGCCTGTTCAGGTACATC,0,4692206
ybiY_ybiW_predicted,0.05263157894736842,18,18,GAGAGCTTGTATTGATATGT,0,4723020
ybiY_ybiW_predicted,0.05263157894736842,18,18,GACGTCTGGGTTCGTCTTAT,0,4695027
ybiY_ybiW_predicted,0.05263157894736842,18,18,GAAATTCAAGCTAATTAGGT,0,4700464
ybiY_ybiW_predicted,0.05263157894736842,18,18,CTAGATCACAAGAGGAAGAG,0,4706570
ybiY_ybiW_predicted,0.05263157894736842,18,18,CTACGAACATGCGTGTCATA,0,4696261
ybiY_ybiW_predicted,0.05263157894736842,18,18,CGTTCTTCCCATATGTATAA,0,4729747
ybiY_ybiW_predicted,0.05263157894736842,18,18,CGGGTCAGGGACGTACATTT,0,4691913
ybiY_ybiW_predicted,0.05263157894736842,18,18,CGGGGATAATCCCCGCGGTT,0,4729605
ybiY_ybiW_predicted,0.05263157894736842,18,18,CGCTTTGAACAGATGAGGTA,0,4696035
ybiY_ybiW_predicted,0.05263157894736842,18,18,CGCTAGTTGTTTTATCTAAC,0,4697527
ybiY_ybiW_predicted,0.05263157894736842,18,18,CGACTCCAAGGCAGGCGTAT,0,4693983
ybiY_ybiW_predicted,0.05263157894736842,18,18,CGAAGGCTTTTTGGTGGTTA,0,4715737
ybiY_ybiW_predicted,0.05263157894736842,18,18,CCTTCGTTACAGAGACGGCT,0,4718853
ybiY_ybiW_predicted,0.05263157894736842,18,18,CCTTAAAGAGTTTTATCAGT,0,4696311
ybiY_ybiW_predicted,0.05263157894736842,18,18,CCGATGCCCCGTTCCTAACA,0,4719722
ybiY_ybiW_predicted,0.05263157894736842,18,18,CCCTATCTGCAGATTACCAA,0,4719078
ybiY_ybiW_predicted,0.05263157894736842,18,18,CCCGGTAATCGTACACCGGT,0,4689202
ybiY_ybiW_predicted,0.05263157894736842,18,18,CATTACGAGGGCAAATTGTA,0,4690457
ybiY_ybiW_predicted,0.05263157894736842,18,18,CATCGAGTGGGACATCAGTC,0,4715070
ybiY_ybiW_predicted,0.05263157894736842,18,18,CACCTCATTGCATGGGTCTA,0,4722402
ybiY_ybiW_predicted,0.05263157894736842,18,18,CAAACGCCGTTTCTTGCTAA,0,4728702
ybiY_ybiW_predicted,0.05263157894736842,18,18,ATTCGGCCGTGAGAGCCTGT,0,4723884
ybiY_ybiW_predicted,0.05263157894736842,18,18,ATGTCTGCTAAACATGTACC,0,4711947
ybiY_ybiW_predicted,0.05263157894736842,18,18,ATGGGTTCTTGCCCGTAACT,0,4708042
ybiY_ybiW_predicted,0.05263157894736842,18,18,ATCCTTGTCCCCGGGCCACG,0,4708806
ybiY_ybiW_predicted,0.05263157894736842,18,18,ATCATGTAAAGCTAAACTGA,0,4702228
ybiY_ybiW_predicted,0.05263157894736842,18,18,AGTTCTCTAGAGCGCCATCA,0,4691882
ybiY_ybiW_predicted,0.05263157894736842,18,18,AGTCCGGGCACTGGCCGTGA,0,4706472
ybiY_ybiW_predicted,0.05263157894736842,18,18,AGGCATCCGGCGTGCACTAA,0,4699854
ybiY_ybiW_predicted,0.05263157894736842,18,18,AGGCACTATCGAAGTGCAGG,0,4711953
ybiY_ybiW_predicted,0.05263157894736842,18,18,AGCAACGAAGGCAAGGCCGT,0,4724843
ybiY_ybiW_predicted,0.05263157894736842,18,18,AGAGTGCCTTTTACTATCAA,0,4704159
ybiY_ybiW_predicted,0.05263157894736842,18,18,AGAGACCAACAGGACGATTT,0,4703539
ybiY_ybiW_predicted,0.05263157894736842,18,18,ACGTATGGGATCATTGAGTC,0,4700998
ybiY_ybiW_predicted,0.05263157894736842,18,18,ACATATGATTCAACATGGGT,0,4695484
ybiY_ybiW_predicted,0.05263157894736842,18,18,ACACCAGGTCTAATGTCGCT,0,4713326
ybiY_ybiW_predicted,0.05263157894736842,18,18,AATTATTATAAAGGTGAGAT,0,4710466
ybiY_ybiW_predicted,0.05263157894736842,18,18,AATTACGTCCTCTGTAGTTA,0,4689414
ybiY_ybiW_predicted,0.05263157894736842,18,18,AATCTGATTCACTGATACAG,0,4702983
ybiY_ybiW_predicted,0.05263157894736842,18,18,AAATGCTACGCTATTTTGTA,0,4703359
ybiY_ybiW_predicted,0.05263157894736842,18,18,AAACCGCCCATAGGGGTGTA,0,4730202
ybiY_ybiW_predicted,0.05263157894736842,18,18,AAAAACCATCTTGAGTACAA,0,4703779
ybiY_ybiW_predicted,0.05555555555555555,17,17,TTTTGAGCAATCATTAATGC,0,4701433
ybiY_ybiW_predicted,0.05555555555555555,17,17,TTGTAGGTAAATTCAGGATC,0,4710986
ybiY_ybiW_predicted,0.05555555555555555,17,17,TTCGGGAGGGTATGCCCAAG,0,4719941
ybiY_ybiW_predicted,0.05555555555555555,17,17,TGTGAGCATCAGGTGCGGGA,0,4697213
ybiY_ybiW_predicted,0.05555555555555555,17,17,TGCGGTTTTAATCCTCGTAA,0,4727480
ybiY_ybiW_predicted,0.05555555555555555,17,17,TGAAGGTCGAAGAGAGGGAA,0,4710596
ybiY_ybiW_predicted,0.05555555555555555,17,17,TCTTATCAGAAGCAGTCGGT,0,4695376
ybiY_ybiW_predicted,0.05555555555555555,17,17,TCTATTCTAGGTCATTTCGC,0,4717958
ybiY_ybiW_predicted,0.05555555555555555,17,17,TCGTTGGCGTTAACATTATG,0,4732688
ybiY_ybiW_predicted,0.05555555555555555,17,17,TCGTCAATCCACACCGATAT,0,4698312
ybiY_ybiW_predicted,0.05555555555555555,17,17,TCGGGTCTTTAAATTTTCGC,0,4716362
ybiY_ybiW_predicted,0.05555555555555555,17,17,TCCTACAGATCGGGCTTCTG,0,4711761
ybiY_ybiW_predicted,0.05555555555555555,17,17,TCCACGTTAGCAGACCGGAA,0,4728934
ybiY_ybiW_predicted,0.05555555555555555,17,17,TCATATTCAGAGTCGGACGC,0,4698666
ybiY_ybiW_predicted,0.05555555555555555,17,17,TCAATGCATATAAGTGAGAC,0,4694670
ybiY_ybiW_predicted,0.05555555555555555,17,17,TATATCTTGTGAAACAGCGT,0,4712078
ybiY_ybiW_predicted,0.05555555555555555,17,17,TACAATCAACTTGATGCAGT,0,4688495
ybiY_ybiW_predicted,0.05555555555555555,17,17,TAACGAAGCCGTATGCTATG,0,4708510
ybiY_ybiW_predicted,0.05555555555555555,17,17,TAAATTGGCTTCTTGGCGGA,0,4693460
ybiY_ybiW_predicted,0.05555555555555555,17,17,GTTGGTCATTTGTGTTTTTT,0,4730376
ybiY_ybiW_predicted,0.05555555555555555,17,17,GTCCTAGTTGTCCTGTAACG,0,4707230
ybiY_ybiW_predicted,0.05555555555555555,17,17,GTCCAGAAGATTCTTTAGAC,0,4717509
ybiY_ybiW_predicted,0.05555555555555555,17,17,GTAATTATGGGGGTGCAAGA,0,4717297
ybiY_ybiW_predicted,0.05555555555555555,17,17,GGGTTATAAGGCATTAGTCA,0,4695712
ybiY_ybiW_predicted,0.05555555555555555,17,17,GGATGTTTACGTCAGCGAGA,0,4726964
ybiY_ybiW_predicted,0.05555555555555555,17,17,GGATACCGAACGAAGTCTAA,0,4727043
ybiY_ybiW_predicted,0.05555555555555555,17,17,GGAGGGCTAGGCAGATGGCA,0,4697794
ybiY_ybiW_predicted,0.05555555555555555,17,17,GGACCTTTTCGGACCCGTAA,0,4720540
ybiY_ybiW_predicted,0.05555555555555555,17,17,GCTTACGGCGGCTAGACTAA,0,4708635
ybiY_ybiW_predicted,0.05555555555555555,17,17,GCTGTCTCCGGTTGAGGGCT,0,4713584
ybiY_ybiW_predicted,0.05555555555555555,17,17,GCTAGTGTATCCTTGTAGGT,0,4693329
ybiY_ybiW_predicted,0.05555555555555555,17,17,GCGTGGGACACACTCTTCGG,0,4706548
ybiY_ybiW_predicted,0.05555555555555555,17,17,GCGAACGGATAAACGGAGCC,0,4698150
ybiY_ybiW_predicted,0.05555555555555555,17,17,GCCAAAGCTGAAAATCGCAG,0,4731655
ybiY_ybiW_predicted,0.05555555555555555,17,17,GCAGAGCATGGACTCCGCCA,0,4689444
ybiY_ybiW_predicted,0.05555555555555555,17,17,GATCCCGACTCCTCAGTGCC,0,4718750
ybiY_ybiW_predicted,0.05555555555555555,17,17,GAGTAAAGTGTAATGACAGA,0,4722981
ybiY_ybiW_predicted,0.05555555555555555,17,17,GAGCATGACCGAGACGGCCA,0,4714693
ybiY_ybiW_predicted,0.05555555555555555,17,17,GACGGAATCTCACCAACACC,0,4702522
ybiY_ybiW_predicted,0.05555555555555555,17,17,GACGGAAAGAGCGCACAGAT,0,4707928
ybiY_ybiW_predicted,0.05555555555555555,17,17,GACACCCTGAGTTATTTTTG,0,4688795
ybiY_ybiW_predicted,0.05555555555555555,17,17,CTGCTACCTGCGCGACCATA,0,4727178
ybiY_ybiW_predicted,0.05555555555555555,17,17,CTGCCATGAACTGCAATGGG,0,4709277
ybiY_ybiW_predicted,0.05555555555555555,17,17,CTCGGGCCGGTTGCCGAATT,0,4702794
ybiY_ybiW_predicted,0.05555555555555555,17,17,CTCGCGCCACGTCGTTCTCA,0,4699431
ybiY_ybiW_predicted,0.05555555555555555,17,17,CTCCACGCTACAGGTGCAGT,0,4729831
ybiY_ybiW_predicted,0.05555555555555555,17,17,CTAATTGTGTTAGCCACTAT,0,4696840
ybiY_ybiW_predicted,0.05555555555555555,17,17,CGTATGGCGTTGCCTTATAA,0,4694708
ybiY_ybiW_predicted,0.05555555555555555,17,17,CGTACACGTGAAAGTTGGTT,0,4688870
ybiY_ybiW_predicted,0.05555555555555555,17,17,CGTAACTGGAGGGGGTACAT,0,4696157
ybiY_ybiW_predicted,0.05555555555555555,17,17,CGCTAGAGTCTGGTGTGCGC,0,4701197
ybiY_ybiW_predicted,0.05555555555555555,17,17,CGCTAAAATCACAGACAATC,0,4703977
ybiY_ybiW_predicted,0.05555555555555555,17,17,CGCAGTGCCTCCATAGGGGT,0,4694732
ybiY_ybiW_predicted,0.05555555555555555,17,17,CGCACACGAGACTAGCCAGT,0,4692299
ybiY_ybiW_predicted,0.05555555555555555,17,17,CCTACGTTATCTGGGGAGCG,0,4694704
ybiY_ybiW_predicted,0.05555555555555555,17,17,CCGTTCACGGCGGCGCGTTG,0,4716288
ybiY_ybiW_predicted,0.05555555555555555,17,17,CCGCGGACATACCTATACAT,0,4720459
ybiY_ybiW_predicted,0.05555555555555555,17,17,CCGAGCAACAGCCCACATCG,0,4704429
ybiY_ybiW_predicted,0.05555555555555555,17,17,CCCTCGGTGGAAGGACGTCG,0,4692968
ybiY_ybiW_predicted,0.05555555555555555,17,17,CCCGGCGCAGGTGTATAGCT,0,4692085
ybiY_ybiW_predicted,0.05555555555555555,17,17,CCAGGAAGGGGACTTTAGCG,0,4724921
ybiY_ybiW_predicted,0.05555555555555555,17,17,CATGATTAAAGTTCCGAGCA,0,4691020
ybiY_ybiW_predicted,0.05555555555555555,17,17,CATCCCACTCATTCCCCGCG,0,4714013
ybiY_ybiW_predicted,0.05555555555555555,17,17,CAGATCACTTGCGTCGGCGT,0,4692995
ybiY_ybiW_predicted,0.05555555555555555,17,17,CACGCTGCATCCTGCCCACT,0,4695119
ybiY_ybiW_predicted,0.05555555555555555,17,17,CAAGTTATAATTAGAAACGT,0,4722135
ybiY_ybiW_predicted,0.05555555555555555,17,17,CAACCACAGGCCCGGGGTTC,0,4695700
ybiY_ybiW_predicted,0.05555555555555555,17,17,ATTGTCTATAGTCGTACCTA,0,4693174
ybiY_ybiW_predicted,0.05555555555555555,17,17,ATTGGTGCTAACACCACAGC,0,4729944
ybiY_ybiW_predicted,0.05555555555555555,17,17,ATGGTGACAAGGATAAGCAA,0,4711546
ybiY_ybiW_predicted,0.05555555555555555,17,17,ATGCCCGCTCTTTTCATGGT,0,4731520
ybiY_ybiW_predicted,0.05555555555555555,17,17,ATCTGGTTAAGGTAGTGTTC,0,4696724
ybiY_ybiW_predicted,0.05555555555555555,17,17,ATCGAACACTTTCCATATGG,0,4708064
ybiY_ybiW_predicted,0.05555555555555555,17,17,ATCACTGAGGTTGTGAGGGA,0,4695562
ybiY_ybiW_predicted,0.05555555555555555,17,17,ATACTAGACTTAGACTCCGA,0,4728861
ybiY_ybiW_predicted,0.05555555555555555,17,17,ATACGATTAAGAATCTGGAA,0,4709710
ybiY_ybiW_predicted,0.05555555555555555,17,17,AGTGGTCTCGCTAAACGATG,0,4730654
ybiY_ybiW_predicted,0.05555555555555555,17,17,AGTGCTCTCGCTAGTGAGTC,0,4727209
ybiY_ybiW_predicted,0.05555555555555555,17,17,AGTAAAACTGAAGGGGAGCC,0,4706837
ybiY_ybiW_predicted,0.05555555555555555,17,17,AGGTGCCTACCGGGTGGTAG,0,4705140
ybiY_ybiW_predicted,0.05555555555555555,17,17,AGGGATAGGCCTAACAGCAT,0,4696425
ybiY_ybiW_predicted,0.05555555555555555,17,17,AGCTTACAGTCAGCGGGAAC,0,4714600
ybiY_ybiW_predicted,0.05555555555555555,17,17,AGCTCGAAAGCTAAGTTCAT,0,4726122
ybiY_ybiW_predicted,0.05555555555555555,17,17,ACTCAGCCAGATCAAACCTG,0,4727391
ybiY_ybiW_predicted,0.05555555555555555,17,17,ACGCGCTCGCTATCGTCCGT,0,4718044
ybiY_ybiW_predicted,0.05555555555555555,17,17,ACGCGCCCGGGGAGTGAATG,0,4705464
ybiY_ybiW_predicted,0.05555555555555555,17,17,ACATTTTGGCCACGCCCGAG,0,4727163
ybiY_ybiW_predicted,0.05555555555555555,17,17,AAGGTTTAAGCAACGGCAAG,0,4702626
ybiY_ybiW_predicted,0.05555555555555555,17,17,AACTAGCCGGCCCTCTGAGC,0,4693413
ybiY_ybiW_predicted,0.05555555555555555,17,17,AACGGCCTCACTCCATATCT,0,4694785
ybiY_ybiW_predicted,0.05555555555555555,17,17,AAATTACGGGTGGTCTATAA,0,4702469
ybiY_ybiW_predicted,0.05555555555555555,17,17,AAATGGGACTTCGCTCCTAT,0,4727107
ybiY_ybiW_predicted,0.05555555555555555,17,17,AAAGCACTTCGCCGGGAAGC,0,4693219
ybiY_ybiW_predicted,0.058823529411764705,16,16,TTCCGGCGTGGCAGTACGCA,0,4701936
ybiY_ybiW_predicted,0.058823529411764705,16,16,TTATCGCAGAATGTTTGGCA,0,4716294
ybiY_ybiW_predicted,0.058823529411764705,16,16,TTACTAATACTGTTGCAATA,0,4699670
ybiY_ybiW_predicted,0.058823529411764705,16,16,TGTTTTCTCCGTCAATACGT,0,4706283
ybiY_ybiW_predicted,0.058823529411764705,16,16,TGTTCACACATACGATGCAT,0,4711120
ybiY_ybiW_predicted,0.058823529411764705,16,16,TGGCTGCACTCCTATTTCGC,0,4704601
ybiY_ybiW_predicted,0.058823529411764705,16,16,TGCATGCACAGGTCACTCAT,0,4722667
ybiY_ybiW_predicted,0.058823529411764705,16,16,TGCAGGCTATTTTAATATTT,0,4703649
ybiY_ybiW_predicted,0.058823529411764705,16,16,TGAGGACCGTCGAATTTACT,0,4732379
ybiY_ybiW_predicted,0.058823529411764705,16,16,TGACGGTAACACCTCGGACA,0,4714206
ybiY_ybiW_predicted,0.058823529411764705,16,16,TGACCTGTATAGGGACTCTC,0,4692270
ybiY_ybiW_predicted,0.058823529411764705,16,16,TCTTGCATATTTGTGGTGGA,0,4702955
ybiY_ybiW_predicted,0.058823529411764705,16,16,TCTGGATCACCGGGCTAATA,0,4692554
ybiY_ybiW_predicted,0.058823529411764705,16,16,TCTCGATCGAACAATAGTAA,0,4694460
ybiY_ybiW_predicted,0.058823529411764705,16,16,TCGGGGTAAACGCGTAGAGC,0,4730562
ybiY_ybiW_predicted,0.058823529411764705,16,16,TCGGATTGCTTCAACATACT,0,4713919
ybiY_ybiW_predicted,0.058823529411764705,16,16,TCGGATATTCGGGCCTGTGA,0,4701556
ybiY_ybiW_predicted,0.058823529411764705,16,16,TCGCGCCTAAAAATACTGGA,0,4699541
ybiY_ybiW_predicted,0.058823529411764705,16,16,TCCTTAAAATAATGCGTCAG,0,4690248
ybiY_ybiW_predicted,0.058823529411764705,16,16,TCCCTGGTAATGGGGAAACA,0,4715700
ybiY_ybiW_predicted,0.058823529411764705,16,16,TCATCTAATCTTTATTCGCC,0,4719099
ybiY_ybiW_predicted,0.058823529411764705,16,16,TCACCTACGCCAGTTTGAAG,0,4731669
ybiY_ybiW_predicted,0.058823529411764705,16,16,TATACACACTATCCATATGC,0,4692933
ybiY_ybiW_predicted,0.058823529411764705,16,16,TACTTTGGTTCCCGTGTTAA,0,4705798
ybiY_ybiW_predicted,0.058823529411764705,16,16,TACTTATGCAGAACTGCGCA,0,4694232
ybiY_ybiW_predicted,0.058823529411764705,16,16,TACTCATAGCGAAGCGGTGC,0,4695972
ybiY_ybiW_predicted,0.058823529411764705,16,16,TACGGAGGTCAGGAATCTCA,0,4709088
ybiY_ybiW_predicted,0.058823529411764705,16,16,TACCCGTCAGAGCGGGTCAA,0,4704354
ybiY_ybiW_predicted,0.058823529411764705,16,16,TACACGGTAAGACCCCTGCA,0,4717709
ybiY_ybiW_predicted,0.058823529411764705,16,16,GTTTGGCCACCGCCAAGCTC,0,4691886
ybiY_ybiW_predicted,0.058823529411764705,16,16,GTTTATAAAGCTTCTCACGC,0,4701044
ybiY_ybiW_predicted,0.058823529411764705,16,16,GTTGGGCACATTCTCAAGCT,0,4723883
ybiY_ybiW_predicted,0.058823529411764705,16,16,GTGGTAACATGCTTCGCCGT,0,4699492
ybiY_ybiW_predicted,0.058823529411764705,16,16,GTGAACTTGCTTTCGTTCGA,0,4726496
ybiY_ybiW_predicted,0.058823529411764705,16,16,GTATAAATAATCTGACCACA,0,4698205
ybiY_ybiW_predicted,0.058823529411764705,16,16,GTAAAAGTGGTTTCAAAGTA,0,4700532
ybiY_ybiW_predicted,0.058823529411764705,16,16,GGGTAGACCGCGGCAATGGT,0,4722594
ybiY_ybiW_predicted,0.058823529411764705,16,16,GGGGTGTGTGAATTTAAACT,0,4709188
ybiY_ybiW_predicted,0.058823529411764705,16,16,GGGGGCCGTAGATCGAGAAG,0,4719374
ybiY_ybiW_predicted,0.058823529411764705,16,16,GGGCACAGTTTCTACTGATT,0,4708271
ybiY_ybiW_predicted,0.058823529411764705,16,16,GGCCATTGGGTGCGCAGGTT,0,4692804
ybiY_ybiW_predicted,0.058823529411764705,16,16,GGCAGTGGCTATTAGGTCCT,0,4715376
ybiY_ybiW_predicted,0.058823529411764705,16,16,GGACGGATTCGAGGAGCCGT,0,4692956
ybiY_ybiW_predicted,0.058823529411764705,16,16,GGAATCACGCGTTCGGCTCT,0,4699254
ybiY_ybiW_predicted,0.058823529411764705,16,16,GCTGTATTGATAGACGGTCT,0,4728826
ybiY_ybiW_predicted,0.058823529411764705,16,16,GCTGAGTAACCGTGTTTCGG,0,4720736
ybiY_ybiW_predicted,0.058823529411764705,16,16,GCTGAAAGCATACCACGGTT,0,4731529
ybiY_ybiW_predicted,0.058823529411764705,16,16,GCTCCGTTCACCCCCCCAGG,0,4720823
ybiY_ybiW_predicted,0.058823529411764705,16,16,GCTAGACCTTCCCGCGATAC,0,4699298
ybiY_ybiW_predicted,0.058823529411764705,16,16,GCGGTGCGCCATCCTGTCAT,0,4688713
ybiY_ybiW_predicted,0.058823529411764705,16,16,GCCGAACCCAACTGGGGTAG,0,4700158
ybiY_ybiW_predicted,0.058823529411764705,16,16,GCCACGTGATCTGGTGCGCG,0,4695260
ybiY_ybiW_predicted,0.058823529411764705,16,16,GATTCCGAATATACTCAGTT,0,4688580
ybiY_ybiW_predicted,0.058823529411764705,16,16,GATCTCAGCGGTCTATCGTT,0,4716246
ybiY_ybiW_predicted,0.058823529411764705,16,16,GAGATACAAGCATGCCTGTT,0,4701358
ybiY_ybiW_predicted,0.058823529411764705,16,16,GACTGATGGAGGCAGACAGT,0,4722976
ybiY_ybiW_predicted,0.058823529411764705,16,16,GACCAGGTCGATAATTAACT,0,4729041
ybiY_ybiW_predicted,0.058823529411764705,16,16,GACATCCCTCATAAGACCCA,0,4722695
ybiY_ybiW_predicted,0.058823529411764705,16,16,GAAGCTAGGTCGCAGGTCTG,0,4730111
ybiY_ybiW_predicted,0.058823529411764705,16,16,CTTTCCTCGAAGACAAAAGT,0,4727054
ybiY_ybiW_predicted,0.058823529411764705,16,16,CTTGCAACTGTAGGTCTCTA,0,4728318
ybiY_ybiW_predicted,0.058823529411764705,16,16,CTTCAGAAAGACTCGGAGGA,0,4722653
ybiY_ybiW_predicted,0.058823529411764705,16,16,CTTATTTCCTAGGGGCCGTC,0,4690983
ybiY_ybiW_predicted,0.058823529411764705,16,16,CTGGCTTAGGTATCCTCGCA,0,4700900
ybiY_ybiW_predicted,0.058823529411764705,16,16,CTATCGTGTGTTGGGTAGAA,0,4731396
ybiY_ybiW_predicted,0.058823529411764705,16,16,CTAGACCCATGGTTTTTGAA,0,4728743
ybiY_ybiW_predicted,0.058823529411764705,16,16,CTACACCGTCATATGGGATA,0,4717463
ybiY_ybiW_predicted,0.058823529411764705,16,16,CGTTATTATTTCGAGCGTTA,0,4703759
ybiY_ybiW_predicted,0.058823529411764705,16,16,CGTGGTTTTGTGTTTGCGGC,0,4725300
ybiY_ybiW_predicted,0.058823529411764705,16,16,CGTCAGAATGGGTCGTTTCG,0,4712517
ybiY_ybiW_predicted,0.058823529411764705,16,16,CGGTTTGCGTTAGTAAGTGG,0,4692667
ybiY_ybiW_predicted,0.058823529411764705,16,16,CGGTGAGCTCTGCATTTTTG,0,4701477
ybiY_ybiW_predicted,0.058823529411764705,16,16,CGGGAACCATGTCCTAGTGG,0,4731583
ybiY_ybiW_predicted,0.058823529411764705,16,16,CGGCATCTGCGCAGAACGTA,0,4713039
ybiY_ybiW_predicted,0.058823529411764705,16,16,CGCGGCAAGCTTCGTGCACT,0,4703435
ybiY_ybiW_predicted,0.058823529411764705,16,16,CGAACAACTCCAAGGCGGAC,0,4697153
ybiY_ybiW_predicted,0.058823529411764705,16,16,CCGGTCGTAGTGCAACCGCT,0,4693171
ybiY_ybiW_predicted,0.058823529411764705,16,16,CCCGCGGGTATGGAGTTGGT,0,4688882
ybiY_ybiW_predicted,0.058823529411764705,16,16,CCCATTCTGGACCGCCTATG,0,4731759
ybiY_ybiW_predicted,0.058823529411764705,16,16,CCCAGCGGGAGTCGATACTT,0,4732315
ybiY_ybiW_predicted,0.058823529411764705,16,16,CCAGCTCGATAAAGACACAT,0,4723686
ybiY_ybiW_predicted,0.058823529411764705,16,16,CCACTGTTTGGCGAACGGCC,0,4710820
ybiY_ybiW_predicted,0.058823529411764705,16,16,CCAATTGGGTTCTTGTAACA,0,4697822
ybiY_ybiW_predicted,0.058823529411764705,16,16,CATTTGTGTCCCTTAGGCTT,0,4706877
ybiY_ybiW_predicted,0.058823529411764705,16,16,CAGTCCCGTCGGGGCACGAA,0,4714520
ybiY_ybiW_predicted,0.058823529411764705,16,16,CAGATTAATAACAACTATGA,0,4715783
ybiY_ybiW_predicted,0.058823529411764705,16,16,CAGAATTTGTGAGCAAATCT,0,4717925
ybiY_ybiW_predicted,0.058823529411764705,16,16,CACGTACAGGGAATAGCAGT,0,4704302
ybiY_ybiW_predicted,0.058823529411764705,16,16,CACCGCGTTCGTCCTATAAA,0,4726532
ybiY_ybiW_predicted,0.058823529411764705,16,16,CACATCAATTCGTCTGTCCC,0,4718365
ybiY_ybiW_predicted,0.058823529411764705,16,16,CAATATCTCCTAGCTCACGA,0,4695032
ybiY_ybiW_predicted,0.058823529411764705,16,16,CAACCACGCCGCCAGCACAT,0,4722685
ybiY_ybiW_predicted,0.058823529411764705,16,16,ATCACCAGCAATCTAATATA,0,4715078
ybiY_ybiW_predicted,0.058823529411764705,16,16,ATCAACTGGCGGCGGAAACA,0,4714352
ybiY_ybiW_predicted,0.058823529411764705,16,16,ATAGCCGGAACCCATAATCG,0,4689015
ybiY_ybiW_predicted,0.058823529411764705,16,16,ATAGCCATGTGGCAAGGTAA,0,4716975
ybiY_ybiW_predicted,0.058823529411764705,16,16,ATACAGTGGGGGAGCTTTTT,0,4716234
ybiY_ybiW_predicted,0.058823529411764705,16,16,ATAAACGGGTTGCTCGCATC,0,4710468
ybiY_ybiW_predicted,0.058823529411764705,16,16,AGTGGTGACAGAACAATGCC,0,4702184
ybiY_ybiW_predicted,0.058823529411764705,16,16,AGTCCTCGAATGGAACCAAA,0,4724500
ybiY_ybiW_predicted,0.058823529411764705,16,16,AGTAGCTTTAATGTTGTGGA,0,4703421
ybiY_ybiW_predicted,0.058823529411764705,16,16,AGGAGAAAAAATCGTCCGAA,0,4720475
ybiY_ybiW_predicted,0.058823529411764705,16,16,AGGAATACGCCATGGGGACT,0,4701129
ybiY_ybiW_predicted,0.058823529411764705,16,16,AGCGACCGGCACGCTTGGGG,0,4713361
ybiY_ybiW_predicted,0.058823529411764705,16,16,AGCAACGAGTATCGTGCGGT,0,4726493
ybiY_ybiW_predicted,0.058823529411764705,16,16,AGATGTCCCTAACGTGAGTG,0,4710793
ybiY_ybiW_predicted,0.058823529411764705,16,16,AGAGGCAGACCGCATGGGTG,0,4731198
ybiY_ybiW_predicted,0.058823529411764705,16,16,ACTTTCCTATGGTCAAACGG,0,4714011
ybiY_ybiW_predicted,0.058823529411764705,16,16,ACTTAGACCGTGATATCATT,0,4722508
ybiY_ybiW_predicted,0.058823529411764705,16,16,ACTAGCCTCTAGATGAAGCG,0,4718146
ybiY_ybiW_predicted,0.058823529411764705,16,16,ACGTAGTGCTTCTGCCTTCA,0,4709998
ybiY_ybiW_predicted,0.058823529411764705,16,16,ACGGAAGAAGGCAGTCTTAC,0,4695066
ybiY_ybiW_predicted,0.058823529411764705,16,16,ACGCGTGCACCTCAGTTGCA,0,4699857
ybiY_ybiW_predicted,0.058823529411764705,16,16,ACCGCTTAACTTTAGCTAAT,0,4698041
ybiY_ybiW_predicted,0.058823529411764705,16,16,ACCCAGTAGGCCATCCGTCT,0,4729815
ybiY_ybiW_predicted,0.058823529411764705,16,16,ACATTTCTTCGGAGGATCGT,0,4688607
ybiY_ybiW_predicted,0.058823529411764705,16,16,ACAGATTTCACTTGATCCTT,0,4715079
ybiY_ybiW_predicted,0.058823529411764705,16,16,AATGCGACACATCCAGAGTG,0,4706812
ybiY_ybiW_predicted,0.058823529411764705,16,16,AAGGCTCGCTCAGTGCCATC,0,4710528
ybiY_ybiW_predicted,0.058823529411764705,16,16,AAGCGGGCAATTCCGGCTAG,0,4724038
ybiY_ybiW_predicted,0.058823529411764705,16,16,AACCGTTGATTAGGTCAAAT,0,4701645
ybiY_ybiW_predicted,0.058823529411764705,16,16,AAATGAATGAGGACCCTGAT,0,4694808
ybiY_ybiW_predicted,0.058823529411764705,16,16,AAATCAGATCTAGCAGTCAT,0,4712229
ybiY_ybiW_predicted,0.058823529411764705,16,16,AAAGTTGCTGATGGGAAAGA,0,4722749
ybiY_ybiW_predicted,0.058823529411764705,16,16,AAACACCGAACTGAGGAGGA,0,4710879
ybiY_ybiW_predicted,0.058823529411764705,16,16,AAAAGCTTGACGAATGGAAC,0,4720168
ybiY_ybiW_predicted,0.0625,15,15,TTTCTTCAGCTGGAGAACCT,0,4725604
ybiY_ybiW_predicted,0.0625,15,15,TTTAGCGGTGGGCTCATAGA,0,4696201
ybiY_ybiW_predicted,0.0625,15,15,TTGCCAGGTATGCCTGGAAA,0,4699666
ybiY_ybiW_predicted,0.0625,15,15,TTCGGTTCACCAGTTGGAGC,0,4694059
ybiY_ybiW_predicted,0.0625,15,15,TTCGCTACCCCAGAGGTCTT,0,4697668
ybiY_ybiW_predicted,0.0625,15,15,TTCGCAATCGTTAGCATAAG,0,4722673
ybiY_ybiW_predicted,0.0625,15,15,TTCGAAAAACTCACCTAAGA,0,4712894
ybiY_ybiW_predicted,0.0625,15,15,TTCATCCGTCTACTGCGAGT,0,4724476
ybiY_ybiW_predicted,0.0625,15,15,TTATAGGGCAAAACACACGA,0,4714266
ybiY_ybiW_predicted,0.0625,15,15,TTAGTGCTAAAGCGCGTTGG,0,4692562
ybiY_ybiW_predicted,0.0625,15,15,TTACAAGGATTCCTCTCAGT,0,4695300
ybiY_ybiW_predicted,0.0625,15,15,TGTTGGGAACGCTGGGACAG,0,4689818
ybiY_ybiW_predicted,0.0625,15,15,TGTGCAGTCACAGTGGACAA,0,4699446
ybiY_ybiW_predicted,0.0625,15,15,TGTACCTCTCCGGTAGATAC,0,4727146
ybiY_ybiW_predicted,0.0625,15,15,TGGTTCGGTCCTTTACGTAA,0,4694160
ybiY_ybiW_predicted,0.0625,15,15,TGGACGTTTTGTCCGTGTCT,0,4689274
ybiY_ybiW_predicted,0.0625,15,15,TGGACGACCGGTTCATTTAT,0,4725576
ybiY_ybiW_predicted,0.0625,15,15,TGCCTGAACCCGCGGCCGCA,0,4693110
ybiY_ybiW_predicted,0.0625,15,15,TGAACGTATAAGCTAGGGCT,0,4725293
ybiY_ybiW_predicted,0.0625,15,15,TCTTTACGGTTACCCTAGTC,0,4707533
ybiY_ybiW_predicted,0.0625,15,15,TCTTCGCCGTGCATTTTGCG,0,4705453
ybiY_ybiW_predicted,0.0625,15,15,TCTCGCTATGGCGTTTGAAC,0,4705859
ybiY_ybiW_predicted,0.0625,15,15,TCGCAGGAGATTCGGGACAG,0,4719431
ybiY_ybiW_predicted,0.0625,15,15,TCGATCTCTAAAATCGCAAC,0,4717012
ybiY_ybiW_predicted,0.0625,15,15,TCCTTCTTATCAATATCTCA,0,4730970
ybiY_ybiW_predicted,0.0625,15,15,TCCTTAAACAACAACGTTGT,0,4709393
ybiY_ybiW_predicted,0.0625,15,15,TCCCAGGGGCAACAGAGTCG,0,4713923
ybiY_ybiW_predicted,0.0625,15,15,TCATGGTCATACGGTCATAT,0,4730615
ybiY_ybiW_predicted,0.0625,15,15,TCACTGTATGAGGTACAAGG,0,4713510
ybiY_ybiW_predicted,0.0625,15,15,TCACAGTTGACGGCACGCTA,0,4702657
ybiY_ybiW_predicted,0.0625,15,15,TATTTTTGAGGAGCTAGATG,0,4695517
ybiY_ybiW_predicted,0.0625,15,15,TATTCACGTTCAGGATAGCC,0,4718814
ybiY_ybiW_predicted,0.0625,15,15,TATCAAGGTAAGAGCTCTTG,0,4729528
ybiY_ybiW_predicted,0.0625,15,15,TATAGGCAAGCGCAATCTTA,0,4689296
ybiY_ybiW_predicted,0.0625,15,15,TAGCGCGACATTTCGAACGC,0,4720758
ybiY_ybiW_predicted,0.0625,15,15,TAGAACAGAGCTCGTGAAGA,0,4723089
ybiY_ybiW_predicted,0.0625,15,15,TACAGAAGGGTGCCAAGCGG,0,4697751
ybiY_ybiW_predicted,0.0625,15,15,TAATTGAAGCCTTCCCGTCA,0,4697885
ybiY_ybiW_predicted,0.0625,15,15,GTTCTCTATCAGAGCTCGGT,0,4720357
ybiY_ybiW_predicted,0.0625,15,15,GTTATTTAACCATGCGAACA,0,4723527
ybiY_ybiW_predicted,0.0625,15,15,GTTATGTTCAGTATTCAACG,0,4721574
ybiY_ybiW_predicted,0.0625,15,15,GTGTGATCCGCTACATGTAA,0,4694251
ybiY_ybiW_predicted,0.0625,15,15,GTGAACGCAATTGGCGGGGG,0,4702234
ybiY_ybiW_predicted,0.0625,15,15,GTCCGTGTAAATAAGGTTGC,0,4728818
ybiY_ybiW_predicted,0.0625,15,15,GTATCCTTCTCTCTACGCGA,0,4698129
ybiY_ybiW_predicted,0.0625,15,15,GGTGTTCTACTGTCGAGCCG,0,4719704
ybiY_ybiW_predicted,0.0625,15,15,GGGTGTCGAACGTCAGACAA,0,4714155
ybiY_ybiW_predicted,0.0625,15,15,GGGTCTGACCTTTAAGTCTG,0,4730765
ybiY_ybiW_predicted,0.0625,15,15,GGGTCCAATGGAGAAGTCAG,0,4731878
ybiY_ybiW_predicted,0.0625,15,15,GGGGAGCGCTTACGACTCGT,0,4724750
ybiY_ybiW_predicted,0.0625,15,15,GGGATTAAACTAGGGGCTTG,0,4717813
ybiY_ybiW_predicted,0.0625,15,15,GGAATTACAGTTATTGCTAT,0,4695740
ybiY_ybiW_predicted,0.0625,15,15,GGAATATTAAACAGAGGGGA,0,4692817
ybiY_ybiW_predicted,0.0625,15,15,GCTTTGGGGGTGCGCTGGAG,0,4692550
ybiY_ybiW_predicted,0.0625,15,15,GCGTCACCCATAGGCGCCCA,0,4729526
ybiY_ybiW_predicted,0.0625,15,15,GCGCTCTAGCATTCTGGTCT,0,4701852
ybiY_ybiW_predicted,0.0625,15,15,GCCTCGGTTACCTACTCTAC,0,4718931
ybiY_ybiW_predicted,0.0625,15,15,GCCTATGCACCGCTTCAAAG,0,4689347
ybiY_ybiW_predicted,0.0625,15,15,GCATTAAACGACTCCGCGTG,0,4731934
ybiY_ybiW_predicted,0.0625,15,15,GCAGTACTGTTTCATCGACT,0,4712338
ybiY_ybiW_predicted,0.0625,15,15,GCAGACGCTCAAAAATATGT,0,4727453
ybiY_ybiW_predicted,0.0625,15,15,GATTCACTGGTCTTCTACGT,0,4702463
ybiY_ybiW_predicted,0.0625,15,15,GATTACGAGGAACGAGGGCA,0,4728675
ybiY_ybiW_predicted,0.0625,15,15,GATGGTTTGTACACAAGATA,0,4722316
ybiY_ybiW_predicted,0.0625,15,15,GATACGAATTCGTCAGTGAT,0,4710907
ybiY_ybiW_predicted,0.0625,15,15,GAGTAGGTCTCAGGCGTATG,0,4728115
ybiY_ybiW_predicted,0.0625,15,15,GAGTAATTGAGGCCGGGGAA,0,4730700
ybiY_ybiW_predicted,0.0625,15,15,GAGATACAGTTCCGCGGGTC,0,4707960
ybiY_ybiW_predicted,0.0625,15,15,GACGTGGTTGGGCAGACTCT,0,4726898
ybiY_ybiW_predicted,0.0625,15,15,GACCTTGTTATTGGAACTGA,0,4690721
ybiY_ybiW_predicted,0.0625,15,15,GAAGCTTAACATGGCCACAA,0,4706602
ybiY_ybiW_predicted,0.0625,15,15,CTTGTTTTTAGACTAGCCCA,0,4714099
ybiY_ybiW_predicted,0.0625,15,15,CTTAAACGGCCGGTAGCTTA,0,4706735
ybiY_ybiW_predicted,0.0625,15,15,CTGGCATTGTTTTTCCGGAG,0,4690302
ybiY_ybiW_predicted,0.0625,15,15,CTCGGTAACTGTCACTTGTT,0,4726330
ybiY_ybiW_predicted,0.0625,15,15,CTCCTATACGGCATCAACAA,0,4704697
ybiY_ybiW_predicted,0.0625,15,15,CTCAGGGCCGCGATCAGACA,0,4726206
ybiY_ybiW_predicted,0.0625,15,15,CTCACGTATCCGAATTTGCA,0,4690621
ybiY_ybiW_predicted,0.0625,15,15,CTAGTACCGAAGGGACGTTT,0,4704564
ybiY_ybiW_predicted,0.0625,15,15,CTAGGGTCTTACTTGCAATG,0,4714661
ybiY_ybiW_predicted,0.0625,15,15,CTAGGGGGACCACCAGCTAT,0,4704025
ybiY_ybiW_predicted,0.0625,15,15,CTACGAGTGCCACAAGACCC,0,4712431
ybiY_ybiW_predicted,0.0625,15,15,CTACAGGATGAAACGTCATT,0,4718141
ybiY_ybiW_predicted,0.0625,15,15,CTAAAGACCAACGTGGCCAT,0,4721694
ybiY_ybiW_predicted,0.0625,15,15,CGTGGCGTGGGAAGAAACAT,0,4694104
ybiY_ybiW_predicted,0.0625,15,15,CGTCTTTGTGTTTTGCCCGG,0,4704030
ybiY_ybiW_predicted,0.0625,15,15,CGTCTTCGGATGGCATGTTC,0,4690642
ybiY_ybiW_predicted,0.0625,15,15,CGTACTTAGGTTGGATCATC,0,4709872
ybiY_ybiW_predicted,0.0625,15,15,CGTAATCAGTTACGTTCCGT,0,4714097
ybiY_ybiW_predicted,0.0625,15,15,CGGTTCAGGAACCCTGAACC,0,4701605
ybiY_ybiW_predicted,0.0625,15,15,CGGTCCCGCTCAATTAATAG,0,4690190
ybiY_ybiW_predicted,0.0625,15,15,CGGGGGTCCCGTGCCTGCAT,0,4706873
ybiY_ybiW_predicted,0.0625,15,15,CGGAAATTTATACGGGTCGT,0,4705234
ybiY_ybiW_predicted,0.0625,15,15,CGCGACCTGAGGAGTTCGGC,0,4700986
ybiY_ybiW_predicted,0.0625,15,15,CGCCCAAGGCAGAGCTGGGG,0,4698920
ybiY_ybiW_predicted,0.0625,15,15,CGCAAGCCTTACCTGTTTCC,0,4699780
ybiY_ybiW_predicted,0.0625,15,15,CGATTTGGCCCTTCGTAGGA,0,4705408
ybiY_ybiW_predicted,0.0625,15,15,CGAGACCCGGTCTCCATATC,0,4703185
ybiY_ybiW_predicted,0.0625,15,15,CGACTGGCAACATACCTTTC,0,4699617
ybiY_ybiW_predicted,0.0625,15,15,CGAATCAAAGCCCATAGTGT,0,4690216
ybiY_ybiW_predicted,0.0625,15,15,CGAAGCGGCACTCAACCGGG,0,4715467
ybiY_ybiW_predicted,0.0625,15,15,CGAAATTAGGCGGAGGCCAG,0,4724725
ybiY_ybiW_predicted,0.0625,15,15,CCTGTAATCCACTGACTATA,0,4729861
ybiY_ybiW_predicted,0.0625,15,15,CCTGCGCACCCGTGAGAGAG,0,4707741
ybiY_ybiW_predicted,0.0625,15,15,CCTAAACCGAGGACTCATGA,0,4723989
ybiY_ybiW_predicted,0.0625,15,15,CCGGTTGGTTCCTATCGGAG,0,4698153
ybiY_ybiW_predicted,0.0625,15,15,CCCGTTGGTCGATCCTCGGA,0,4702768
ybiY_ybiW_predicted,0.0625,15,15,CCCGCGGACAGCAGCTCGGG,0,4714929
ybiY_ybiW_predicted,0.0625,15,15,CCCGAGTAACGTCATACGTT,0,4720411
ybiY_ybiW_predicted,0.0625,15,15,CCAATTATCGCGGCTGTCTA,0,4725055
ybiY_ybiW_predicted,0.0625,15,15,CATGCGGGATCGTGCTTATA,0,4693352
ybiY_ybiW_predicted,0.0625,15,15,CATCCCCTGACGAAGTTGGA,0,4692560
ybiY_ybiW_predicted,0.0625,15,15,CATAGGGAGGTATTATCAGT,0,4716645
ybiY_ybiW_predicted,0.0625,15,15,CAGGTCACCGAGCCTTAAAT,0,4716889
ybiY_ybiW_predicted,0.0625,15,15,CAGGGTGGGTCGCGTAGACT,0,4708371
ybiY_ybiW_predicted,0.0625,15,15,CAGGGGATCCCCAGGTGAAC,0,4713803
ybiY_ybiW_predicted,0.0625,15,15,CAGCAACGGATCTCAAAGGC,0,4699243
ybiY_ybiW_predicted,0.0625,15,15,CAAATGACGCAAATCCGCGA,0,4702567
ybiY_ybiW_predicted,0.0625,15,15,CAAACACTAAGGGAGAGAAA,0,4702385
ybiY_ybiW_predicted,0.0625,15,15,ATTTACGATTCGTAAATAGA,0,4700530
ybiY_ybiW_predicted,0.0625,15,15,ATGTGGATGGCAGAACCATC,0,4709055
ybiY_ybiW_predicted,0.0625,15,15,ATGTGATCCTAAAGCGGGAG,0,4719348
ybiY_ybiW_predicted,0.0625,15,15,ATGCACCTATTGTTGGTCCA,0,4696765
ybiY_ybiW_predicted,0.0625,15,15,ATCGGCTCCAAGCCGCGAGC,0,4713607
ybiY_ybiW_predicted,0.0625,15,15,ATCCCAAGAACTTTAAGGCC,0,4710636
ybiY_ybiW_predicted,0.0625,15,15,ATAAGAGTGTACCATATGTT,0,4714052
ybiY_ybiW_predicted,0.0625,15,15,ATAACTGCAAGGGAGCCCCA,0,4698869
ybiY_ybiW_predicted,0.0625,15,15,ATAAACTTCGATATCATGCG,0,4715566
ybiY_ybiW_predicted,0.0625,15,15,AGTTGAGTGTGTTAAACTGT,0,4690964
ybiY_ybiW_predicted,0.0625,15,15,AGTGCTAAGCGACGAGGAAG,0,4698533
ybiY_ybiW_predicted,0.0625,15,15,AGTCCAGCATAGGATAATGG,0,4711041
ybiY_ybiW_predicted,0.0625,15,15,AGGCTAGGTTAGGGTCATTT,0,4721559
ybiY_ybiW_predicted,0.0625,15,15,AGCGGTTACCAATTAGCAGA,0,4732095
ybiY_ybiW_predicted,0.0625,15,15,AGATTATTACGTCCTGCACG,0,4710978
ybiY_ybiW_predicted,0.0625,15,15,AGACAATTCGCAAAAGGCAT,0,4709100
ybiY_ybiW_predicted,0.0625,15,15,AGAAGCATGTACAATGATCT,0,4698040
ybiY_ybiW_predicted,0.0625,15,15,ACTTTTTTGACCGTCCGCTT,0,4705052
ybiY_ybiW_predicted,0.0625,15,15,ACTCCAAGAAGTCTTTTTTT,0,4715575
ybiY_ybiW_predicted,0.0625,15,15,ACTAAAGAAAGGTTAAAACA,0,4695636
ybiY_ybiW_predicted,0.0625,15,15,ACGCGTAATCGGTAGTTTTA,0,4720352
ybiY_ybiW_predicted,0.0625,15,15,ACGCAGGGTAGTCCGATAAC,0,4703653
ybiY_ybiW_predicted,0.0625,15,15,ACCTCCCCACCCTCACAGCA,0,4718584
ybiY_ybiW_predicted,0.0625,15,15,ACCAGACCTGTCCCCTCCTG,0,4714380
ybiY_ybiW_predicted,0.0625,15,15,ACAGACTTACGCCTTTCGAG,0,4715011
ybiY_ybiW_predicted,0.0625,15,15,ACACTTAACTTTTGCATTTG,0,4698604
ybiY_ybiW_predicted,0.0625,15,15,ACACCTGGCGGGTAACCAGC,0,4712791
ybiY_ybiW_predicted,0.0625,15,15,ACACAAGCGTAGAAATACAG,0,4722124
ybiY_ybiW_predicted,0.0625,15,15,ACAATCGCCCTAAGAAGCCA,0,4702649
ybiY_ybiW_predicted,0.0625,15,15,ACAAGCTTACCGCTCTTCAA,0,4700076
ybiY_ybiW_predicted,0.0625,15,15,AATTCAAACCTATTGCCGTT,0,4713304
ybiY_ybiW_predicted,0.0625,15,15,AATGAGGTTATCAGAGTGGC,0,4705375
ybiY_ybiW_predicted,0.0625,15,15,AATCGGGCTACTCCGCTTAG,0,4695295
ybiY_ybiW_predicted,0.0625,15,15,AACGAGCATCATTCTCAAAT,0,4696788
ybiY_ybiW_predicted,0.0625,15,15,AACCAATATATGCAAAAAAT,0,4703909
ybiY_ybiW_predicted,0.0625,15,15,AAAAGCACCCCAGGGGCAAG,0,4714997
ybiY_ybiW_predicted,0.06666666666666667,14,14,TTGTACCGAAGGATGTTAGT,0,4710278
ybiY_ybiW_predicted,0.06666666666666667,14,14,TTGGCCAGTGACGCTACGAG,0,4701568
ybiY_ybiW_predicted,0.06666666666666667,14,14,TTGGCCAGATAGGGTGGTGT,0,4729003
ybiY_ybiW_predicted,0.06666666666666667,14,14,TTGGCATTTGTATGAAACTG,0,4727305
ybiY_ybiW_predicted,0.06666666666666667,14,14,TTGCTTGCTTGTTCGATGAG,0,4698660
ybiY_ybiW_predicted,0.06666666666666667,14,14,TTCTCAACGATGACACTTTT,0,4705394
ybiY_ybiW_predicted,0.06666666666666667,14,14,TTCCCGTTCCCTGCGCAGTT,0,4703465
ybiY_ybiW_predicted,0.06666666666666667,14,14,TGTAATATGGGCGTTCACTA,0,4708709
ybiY_ybiW_predicted,0.06666666666666667,14,14,TGGTGGTGGGTGCCACCGTT,0,4690917
ybiY_ybiW_predicted,0.06666666666666667,14,14,TGGGTAGCTGGGGAAACGGG,0,4720436
ybiY_ybiW_predicted,0.06666666666666667,14,14,TGGAGCGACCAGTAATGACA,0,4711697
ybiY_ybiW_predicted,0.06666666666666667,14,14,TGCTTCTACTCGGAGAAACC,0,4688889
ybiY_ybiW_predicted,0.06666666666666667,14,14,TGCGGTTCGCTCCTTATCTG,0,4695461
ybiY_ybiW_predicted,0.06666666666666667,14,14,TGAGTTGAAGTACTATGTGT,0,4708025
ybiY_ybiW_predicted,0.06666666666666667,14,14,TCTTTCTGGCCAAACTCGCT,0,4694287
ybiY_ybiW_predicted,0.06666666666666667,14,14,TCTTGAATGAATTAGGAACG,0,4714261
ybiY_ybiW_predicted,0.06666666666666667,14,14,TCTGATTAGGGAGATTGAGA,0,4688838
ybiY_ybiW_predicted,0.06666666666666667,14,14,TCGTGAGGTTTAACGGTGTT,0,4726970
ybiY_ybiW_predicted,0.06666666666666667,14,14,TCGCATATAGATTCAAGCCA,0,4700402
ybiY_ybiW_predicted,0.06666666666666667,14,14,TCGCATAGAAAAGGTCGGTG,0,4699002
ybiY_ybiW_predicted,0.06666666666666667,14,14,TCCTAGAAATCACGGCCCTT,0,4726735
ybiY_ybiW_predicted,0.06666666666666667,14,14,TCCACTGCTAGAGAAGCGCA,0,4693109
ybiY_ybiW_predicted,0.06666666666666667,14,14,TATTATCACTAGTCGTTATG,0,4698428
ybiY_ybiW_predicted,0.06666666666666667,14,14,TATCCATGTCGTGTGCGGTA,0,4716569
ybiY_ybiW_predicted,0.06666666666666667,14,14,TACTCTGGTTAACGAAATCC,0,4696093
ybiY_ybiW_predicted,0.06666666666666667,14,14,TACAGAGGGATCCACGAAAT,0,4715777
ybiY_ybiW_predicted,0.06666666666666667,14,14,TAAAGGTGGACGTCGTAGTT,0,4718694
ybiY_ybiW_predicted,0.06666666666666667,14,14,GTTTCATATACTTACCGTAC,0,4706142
ybiY_ybiW_predicted,0.06666666666666667,14,14,GTTCATTTGCTAGGGTTCCC,0,4724426
ybiY_ybiW_predicted,0.06666666666666667,14,14,GTTACGTTGGACGATTGCCG,0,4696616
ybiY_ybiW_predicted,0.06666666666666667,14,14,GTTACGGCCAAAAGAATAGA,0,4722304
ybiY_ybiW_predicted,0.06666666666666667,14,14,GTGAGGCCGACATTTGGCTG,0,4719820
ybiY_ybiW_predicted,0.06666666666666667,14,14,GTGAGCAGTGGTGTTTATTT,0,4711636
ybiY_ybiW_predicted,0.06666666666666667,14,14,GTCGAACCGGGAAATTCGAA,0,4690985
ybiY_ybiW_predicted,0.06666666666666667,14,14,GTCCCGTACAGTTACGCTTG,0,4716636
ybiY_ybiW_predicted,0.06666666666666667,14,14,GTCCAAAAATGGTATCGTTA,0,4693618
ybiY_ybiW_predicted,0.06666666666666667,14,14,GTATCTGAAGCTTCGTCTTG,0,4695546
ybiY_ybiW_predicted,0.06666666666666667,14,14,GTAGGTGTCGCTCGCGGAAA,0,4706870
ybiY_ybiW_predicted,0.06666666666666667,14,14,GTAGCTTAGTACAATGGGAG,0,4718903
ybiY_ybiW_predicted,0.06666666666666667,14,14,GTAGCACGGTTGATCAACAC,0,4704503
ybiY_ybiW_predicted,0.06666666666666667,14,14,GGTCCTTGGCCGACCATCAT,0,4703533
ybiY_ybiW_predicted,0.06666666666666667,14,14,GGGGATGTCCGGCGAGATTT,0,4724586
ybiY_ybiW_predicted,0.06666666666666667,14,14,GGCGGTCACTCCGTCCGACC,0,4698874
ybiY_ybiW_predicted,0.06666666666666667,14,14,GGCGCTTCTTTTTCCCTGAT,0,4703462
ybiY_ybiW_predicted,0.06666666666666667,14,14,GGCGCGACCGGTGTATTTGT,0,4702561
ybiY_ybiW_predicted,0.06666666666666667,14,14,GGATTCTGAGTTTCGGATGC,0,4713955
ybiY_ybiW_predicted,0.06666666666666667,14,14,GGAGTGGTTGGGATTCTAGG,0,4698693
ybiY_ybiW_predicted,0.06666666666666667,14,14,GCTTGACCACAAGGCTAAGG,0,4720291
ybiY_ybiW_predicted,0.06666666666666667,14,14,GCTAGCAACAGTGACGAGTT,0,4730222
ybiY_ybiW_predicted,0.06666666666666667,14,14,GCGGTGCAAGTGGGTACGGA,0,4689591
ybiY_ybiW_predicted,0.06666666666666667,14,14,GCGGACGGCGCCGAACGGTT,0,4701033
ybiY_ybiW_predicted,0.06666666666666667,14,14,GCCTCCTGTCTAGAAGGATG,0,4721863
ybiY_ybiW_predicted,0.06666666666666667,14,14,GCCTAGTATCAAGGGATATG,0,4725817
ybiY_ybiW_predicted,0.06666666666666667,14,14,GCCATGCGACGAGACCCTAT,0,4710430
ybiY_ybiW_predicted,0.06666666666666667,14,14,GCCATACCTAGCTACTCTTT,0,4696426
ybiY_ybiW_predicted,0.06666666666666667,14,14,GCCACCTCCAGTGACTAGGG,0,4697279
ybiY_ybiW_predicted,0.06666666666666667,14,14,GATTGGTGTTCTGCCTCAAC,0,4709732
ybiY_ybiW_predicted,0.06666666666666667,14,14,GATGGCCTGCGCAGCGCCGT,0,4690097
ybiY_ybiW_predicted,0.06666666666666667,14,14,GATGACAGCTGTCTCCGCGT,0,4700805
ybiY_ybiW_predicted,0.06666666666666667,14,14,GAGCGCTTTAATACAGACCA,0,4701671
ybiY_ybiW_predicted,0.06666666666666667,14,14,GACGTCCCATGTAAACGTGT,0,4697818
ybiY_ybiW_predicted,0.06666666666666667,14,14,GAAGATGCAAGTATTAGCAT,0,4694900
ybiY_ybiW_predicted,0.06666666666666667,14,14,GAACTTCTCTTTTAAGCACG,0,4705895
ybiY_ybiW_predicted,0.06666666666666667,14,14,CTGTATAAGCCATGCCGCTA,0,4694411
ybiY_ybiW_predicted,0.06666666666666667,14,14,CTGGTTGTTAACAGGGAGCG,0,4716063
ybiY_ybiW_predicted,0.06666666666666667,14,14,CTGGTCAGGGTAAGAAAAGT,0,4709679
ybiY_ybiW_predicted,0.06666666666666667,14,14,CTCTCTATCTAAGTACCCCT,0,4722954
ybiY_ybiW_predicted,0.06666666666666667,14,14,CTAAGACGGTCTTCATCGGG,0,4725537
ybiY_ybiW_predicted,0.06666666666666667,14,14,CGTTGAACGATGCTCCGTAA,0,4714542
ybiY_ybiW_predicted,0.06666666666666667,14,14,CGTCATAATAGTTAACCGAT,0,4703078
ybiY_ybiW_predicted,0.06666666666666667,14,14,CGTAGTTTAAGCGCGCTGAC,0,4711380
ybiY_ybiW_predicted,0.06666666666666667,14,14,CGGTTGCTGCTGCGGTGGGT,0,4715980
ybiY_ybiW_predicted,0.06666666666666667,14,14,CGGTGGCACGTAGGCGAAAA,0,4714610
ybiY_ybiW_predicted,0.06666666666666667,14,14,CGGGGTTTGCGCCCGGAGGA,0,4719404
ybiY_ybiW_predicted,0.06666666666666667,14,14,CGGCAGCTTTGAGTGTTCGC,0,4709340
ybiY_ybiW_predicted,0.06666666666666667,14,14,CGGCACTCTCCTGCATTGAC,0,4705121
ybiY_ybiW_predicted,0.06666666666666667,14,14,CGGAGACAACGCAGGGCCGA,0,4714020
ybiY_ybiW_predicted,0.06666666666666667,14,14,CGCGGCCGCGCGTTGAAAAA,0,4718389
ybiY_ybiW_predicted,0.06666666666666667,14,14,CGAGGCGGTATACGAGGTGA,0,4728476
ybiY_ybiW_predicted,0.06666666666666667,14,14,CCTTAGCAATAGAGGACCCA,0,4699872
ybiY_ybiW_predicted,0.06666666666666667,14,14,CCTCCCCACTCTGAGACCAG,0,4688925
ybiY_ybiW_predicted,0.06666666666666667,14,14,CCTATCGTTAATTTTTGTGG,0,4697785
ybiY_ybiW_predicted,0.06666666666666667,14,14,CCGGCATCTGATGGGTCCCA,0,4690730
ybiY_ybiW_predicted,0.06666666666666667,14,14,CCGGCATCGAGGGCTTGTTT,0,4718429
ybiY_ybiW_predicted,0.06666666666666667,14,14,CCGGAACAGCGAACATAGCA,0,4688719
ybiY_ybiW_predicted,0.06666666666666667,14,14,CCGATTACGGTTGAAATGAC,0,4721005
ybiY_ybiW_predicted,0.06666666666666667,14,14,CCAGCCATTAAATATAGTCA,0,4702673
ybiY_ybiW_predicted,0.06666666666666667,14,14,CCACAGTTCCCTGTTACCCA,0,4716105
ybiY_ybiW_predicted,0.06666666666666667,14,14,CCAATCAGTGCCTCTGGGAA,0,4706185
ybiY_ybiW_predicted,0.06666666666666667,14,14,CCAAATAATTAACACATTGA,0,4691965
ybiY_ybiW_predicted,0.06666666666666667,14,14,CATTCGCCGGAGTTATTCAT,0,4728603
ybiY_ybiW_predicted,0.06666666666666667,14,14,CATGTCCACGGGTGTATGCA,0,4689728
ybiY_ybiW_predicted,0.06666666666666667,14,14,CATCTGGCAATGCCTTCGAA,0,4709375
ybiY_ybiW_predicted,0.06666666666666667,14,14,CATCCCACAGAATCTTAGTG,0,4717741
ybiY_ybiW_predicted,0.06666666666666667,14,14,CATAGAGAGATGCAGTAGGG,0,4727343
ybiY_ybiW_predicted,0.06666666666666667,14,14,CATAATTTTCTCGTCTTGGT,0,4695809
ybiY_ybiW_predicted,0.06666666666666667,14,14,CAGTGCTCACGGAGAAACAT,0,4714484
ybiY_ybiW_predicted,0.06666666666666667,14,14,CAGGTAACAGGAGGGTGGCT,0,4702935
ybiY_ybiW_predicted,0.06666666666666667,14,14,CAGCCTAATAGCTATTATTA,0,4693671
ybiY_ybiW_predicted,0.06666666666666667,14,14,CACTGAGTGCACTATGTAAC,0,4710680
ybiY_ybiW_predicted,0.06666666666666667,14,14,CACAGACATCACGGACTTCT,0,4696413
ybiY_ybiW_predicted,0.06666666666666667,14,14,CAAGCAATCGCGAGTGGAAC,0,4718197
ybiY_ybiW_predicted,0.06666666666666667,14,14,CAAAGTCATCTACAGGCGAT,0,4689381
ybiY_ybiW_predicted,0.06666666666666667,14,14,CAAAGAGTTTAGTCCTTAAC,0,4710416
ybiY_ybiW_predicted,0.06666666666666667,14,14,CAAACGGCTAACAAGCGCTT,0,4692480
ybiY_ybiW_predicted,0.06666666666666667,14,14,ATTTGAACTTAATTAGGACT,0,4705445
ybiY_ybiW_predicted,0.06666666666666667,14,14,ATGTTTACCCAGTACCTCGC,0,4695567
ybiY_ybiW_predicted,0.06666666666666667,14,14,ATGTGATCCGGGTACAATGA,0,4698886
ybiY_ybiW_predicted,0.06666666666666667,14,14,ATCCCAGGTAGCTGCACGGC,0,4696975
ybiY_ybiW_predicted,0.06666666666666667,14,14,ATATGGAGCCGGAAGAAAAT,0,4699327
ybiY_ybiW_predicted,0.06666666666666667,14,14,ATACTGAGACAGTTGTTAGT,0,4713982
ybiY_ybiW_predicted,0.06666666666666667,14,14,ATAAATTGAGAAGGGCATTC,0,4725803
ybiY_ybiW_predicted,0.06666666666666667,14,14,AGTGCCAACTGGCAAGACTA,0,4719286
ybiY_ybiW_predicted,0.06666666666666667,14,14,AGGTTTCCACGCTGTCATGG,0,4719639
ybiY_ybiW_predicted,0.06666666666666667,14,14,AGGTCCCCCTAGATGGGATA,0,4722585
ybiY_ybiW_predicted,0.06666666666666667,14,14,AGGGTGATTCACAACTTTAG,0,4732389
ybiY_ybiW_predicted,0.06666666666666667,14,14,AGGGCTAAGAACGGACTTGC,0,4704270
ybiY_ybiW_predicted,0.06666666666666667,14,14,AGGCCGCCAGTCCGATGACA,0,4698744
ybiY_ybiW_predicted,0.06666666666666667,14,14,AGGATACCTGCCTATATTCA,0,4715291
ybiY_ybiW_predicted,0.06666666666666667,14,14,AGCGGTCCGCAATCGATATG,0,4715596
ybiY_ybiW_predicted,0.06666666666666667,14,14,AGCCCCCTGGTAACGTGAGC,0,4715211
ybiY_ybiW_predicted,0.06666666666666667,14,14,AGACCGTAATTCAATTTTGG,0,4706145
ybiY_ybiW_predicted,0.06666666666666667,14,14,AGAATACGGATCGTGGGGAT,0,4719111
ybiY_ybiW_predicted,0.06666666666666667,14,14,ACTTTGGTTACTACTGGATA,0,4709396
ybiY_ybiW_predicted,0.06666666666666667,14,14,ACCGGGTGAAACTAGGGCAT,0,4715509
ybiY_ybiW_predicted,0.06666666666666667,14,14,ACATAGTATCGTTTCGTACG,0,4718470
ybiY_ybiW_predicted,0.06666666666666667,14,14,ACAGTCAATTATTTCGGCAT,0,4730527
ybiY_ybiW_predicted,0.06666666666666667,14,14,ACACTCTATCAATATGTGCT,0,4720989
ybiY_ybiW_predicted,0.06666666666666667,14,14,ACACACATCAAAACCAGAGT,0,4719239
ybiY_ybiW_predicted,0.06666666666666667,14,14,ACAAGCATTACTCTAAGGAG,0,4727856
ybiY_ybiW_predicted,0.06666666666666667,14,14,AATTAATGCACTGAGGTAGT,0,4726479
ybiY_ybiW_predicted,0.06666666666666667,14,14,AATGGTGAGGGCTTTCGAGG,0,4699059
ybiY_ybiW_predicted,0.06666666666666667,14,14,AATGCGTACTTGAGCTAAAC,0,4713719
ybiY_ybiW_predicted,0.06666666666666667,14,14,AATAGGACTTGTACCCGTGT,0,4690509
ybiY_ybiW_predicted,0.06666666666666667,14,14,AAGTGGATCGGTCCATCACT,0,4707958
ybiY_ybiW_predicted,0.06666666666666667,14,14,AAGGGCTGGCAATTCACGCT,0,4706358
ybiY_ybiW_predicted,0.06666666666666667,14,14,AACTTTGCGGATAGTGTGGA,0,4693680
ybiY_ybiW_predicted,0.06666666666666667,14,14,AACCCTGTAGTGATAGTGTT,0,4689020
ybiY_ybiW_predicted,0.06666666666666667,14,14,AAAATAACGACAAATACCAC,0,4714171
ybiY_ybiW_predicted,0.07142857142857142,13,13,TTTGCCGCGGCTCGGTTGGT,0,4711134
ybiY_ybiW_predicted,0.07142857142857142,13,13,TTTCGAAAAGGGGACTCGCG,0,4699725
ybiY_ybiW_predicted,0.07142857142857142,13,13,TTTAGATAGGACATGCATCT,0,4714185
ybiY_ybiW_predicted,0.07142857142857142,13,13,TTGCAAGAGCACAACGCTGA,0,4711637
ybiY_ybiW_predicted,0.07142857142857142,13,13,TTCCCTTTCGCGAGGTCTAA,0,4729027
ybiY_ybiW_predicted,0.07142857142857142,13,13,TTATGTTTTTGTGGACAACA,0,4712898
ybiY_ybiW_predicted,0.07142857142857142,13,13,TGTTCCTATCGCACCGGGGG,0,4692814
ybiY_ybiW_predicted,0.07142857142857142,13,13,TGTCCGTTTGCGGGATAGCA,0,4692450
ybiY_ybiW_predicted,0.07142857142857142,13,13,TGGCCTTTATGGTAACGTTA,0,4708811
ybiY_ybiW_predicted,0.07142857142857142,13,13,TGCTGATGGTAAACACCGCA,0,4710526
ybiY_ybiW_predicted,0.07142857142857142,13,13,TGCCAGAACGGATGCGTAAT,0,4694158
ybiY_ybiW_predicted,0.07142857142857142,13,13,TGATGAGCCGCTAACATTGA,0,4719651
ybiY_ybiW_predicted,0.07142857142857142,13,13,TGATCTATTAGGCCTCCGAG,0,4708115
ybiY_ybiW_predicted,0.07142857142857142,13,13,TGATCACGGAGTAACGGAGG,0,4725849
ybiY_ybiW_predicted,0.07142857142857142,13,13,TGAGTTTCGCCCGGTTCCAG,0,4725499
ybiY_ybiW_predicted,0.07142857142857142,13,13,TGAGTTTACTGGTCTTATGT,0,4689835
ybiY_ybiW_predicted,0.07142857142857142,13,13,TCTTTCTGATCGTCAGGTGG,0,4691948
ybiY_ybiW_predicted,0.07142857142857142,13,13,TCGTCGATAGCGTAGCTCCA,0,4701189
ybiY_ybiW_predicted,0.07142857142857142,13,13,TCGGCATCGGCAATGGTGCC,0,4700362
ybiY_ybiW_predicted,0.07142857142857142,13,13,TCGGATGGCGAATGCGGGGT,0,4720062
ybiY_ybiW_predicted,0.07142857142857142,13,13,TCGCCACGCCGGTGCAGGAT,0,4712130
ybiY_ybiW_predicted,0.07142857142857142,13,13,TCCAGCGGTAAGGCCGTATG,0,4696495
ybiY_ybiW_predicted,0.07142857142857142,13,13,TCAGTGGGAGAATCGTTCTC,0,4711488
ybiY_ybiW_predicted,0.07142857142857142,13,13,TATTAGCCCGCGAACCCGAC,0,4692998
ybiY_ybiW_predicted,0.07142857142857142,13,13,TATAAGGAAGGATTAGTTGC,0,4724224
ybiY_ybiW_predicted,0.07142857142857142,13,13,TACTGGTTACTGGATTAGAA,0,4728853
ybiY_ybiW_predicted,0.07142857142857142,13,13,TACGGACACGTCCTGAATGT,0,4689867
ybiY_ybiW_predicted,0.07142857142857142,13,13,TACGCGTGAGAGGGTTTTAT,0,4702116
ybiY_ybiW_predicted,0.07142857142857142,13,13,TACGCATTCTTGGGGTCGCA,0,4732603
ybiY_ybiW_predicted,0.07142857142857142,13,13,GTTGGTTTATAGCCGGGCCT,0,4692691
ybiY_ybiW_predicted,0.07142857142857142,13,13,GTTGGTAACAGGGGTAGTAT,0,4704185
ybiY_ybiW_predicted,0.07142857142857142,13,13,GTTGAAATCAGCTCTAGCCT,0,4708530
ybiY_ybiW_predicted,0.07142857142857142,13,13,GTTCTAGCCGGACCTAATGT,0,4711233
ybiY_ybiW_predicted,0.07142857142857142,13,13,GTTAAAATTTAGTTTCATGT,0,4710072
ybiY_ybiW_predicted,0.07142857142857142,13,13,GTCTCTAACGGGGGTGGCTT,0,4701370
ybiY_ybiW_predicted,0.07142857142857142,13,13,GTCGTAATCCCTTGTAGATT,0,4713929
ybiY_ybiW_predicted,0.07142857142857142,13,13,GTCGGTATCCGGCTTTAGAG,0,4728665
ybiY_ybiW_predicted,0.07142857142857142,13,13,GTCGGGGTCATGGTGTCGAA,0,4722177
ybiY_ybiW_predicted,0.07142857142857142,13,13,GTCCAGGTTTGTTTGTGATC,0,4716247
ybiY_ybiW_predicted,0.07142857142857142,13,13,GTCACTCGTAATTGTGCTCA,0,4731348
ybiY_ybiW_predicted,0.07142857142857142,13,13,GTATTGAAATTGTAGCAAGC,0,4708029
ybiY_ybiW_predicted,0.07142857142857142,13,13,GTAGTTATCACTTGTGACAA,0,4696881
ybiY_ybiW_predicted,0.07142857142857142,13,13,GTAGAGGCGCGGAACGTTAC,0,4690445
ybiY_ybiW_predicted,0.07142857142857142,13,13,GGTTGCATATGAAATGGGAT,0,4726959
ybiY_ybiW_predicted,0.07142857142857142,13,13,GGTCGTGTACCGTGGACTAT,0,4692626
ybiY_ybiW_predicted,0.07142857142857142,13,13,GGTATTGTTTCTGGGCAGGC,0,4707206
ybiY_ybiW_predicted,0.07142857142857142,13,13,GGTACGTGTTCCTTCTCCGT,0,4703782
ybiY_ybiW_predicted,0.07142857142857142,13,13,GGGCGCGCTTCCTAGATGGA,0,4727847
ybiY_ybiW_predicted,0.07142857142857142,13,13,GGGCCGTTCGAAGGAATTAA,0,4707106
ybiY_ybiW_predicted,0.07142857142857142,13,13,GGGCCGGGCCGGATGCCGTT,0,4700343
ybiY_ybiW_predicted,0.07142857142857142,13,13,GGGAGAGGATTTCGCAAATG,0,4730921
ybiY_ybiW_predicted,0.07142857142857142,13,13,GGCTATGGGATGATGTGACT,0,4723811
ybiY_ybiW_predicted,0.07142857142857142,13,13,GGCGCTACGCTAAGATATTT,0,4721145
ybiY_ybiW_predicted,0.07142857142857142,13,13,GGCCGCAGAAATATCCGGCA,0,4708776
ybiY_ybiW_predicted,0.07142857142857142,13,13,GGCCCGACGCCTCGTGGGTC,0,4690909
ybiY_ybiW_predicted,0.07142857142857142,13,13,GGCCCCGAGGGATCAACCGC,0,4707211
ybiY_ybiW_predicted,0.07142857142857142,13,13,GGCCCATATACCAAATCGTC,0,4691182
ybiY_ybiW_predicted,0.07142857142857142,13,13,GGCCATTTGCCACTTGCAAA,0,4699400
ybiY_ybiW_predicted,0.07142857142857142,13,13,GGCACTCAACCACGGCCGCG,0,4692077
ybiY_ybiW_predicted,0.07142857142857142,13,13,GGCACCAGCGTTCCGTGACA,0,4728381
ybiY_ybiW_predicted,0.07142857142857142,13,13,GGCAAGCGTGGTCCACCGCG,0,4690008
ybiY_ybiW_predicted,0.07142857142857142,13,13,GGAGTCTGGCGCCGTAGCTG,0,4694343
ybiY_ybiW_predicted,0.07142857142857142,13,13,GCTCTAAGTCCGCGTATCAC,0,4725816
ybiY_ybiW_predicted,0.07142857142857142,13,13,GCTCACGGGAATAGGCGAGA,0,4703747
ybiY_ybiW_predicted,0.07142857142857142,13,13,GCGAGTTTCGGTACTTCCGC,0,4720562
ybiY_ybiW_predicted,0.07142857142857142,13,13,GCCTTTCGGTCCATCGCGTC,0,4695206
ybiY_ybiW_predicted,0.07142857142857142,13,13,GCCTAGAAACGCGGCAGACT,0,4689459
ybiY_ybiW_predicted,0.07142857142857142,13,13,GCCACTGAGAAATCTAGGCG,0,4731547
ybiY_ybiW_predicted,0.07142857142857142,13,13,GCATATTGAACTGTTAGGGG,0,4711639
ybiY_ybiW_predicted,0.07142857142857142,13,13,GCAAAGCAAATGTCGGTTTC,0,4731670
ybiY_ybiW_predicted,0.07142857142857142,13,13,GATTATCCCGAGACGCAGTG,0,4692247
ybiY_ybiW_predicted,0.07142857142857142,13,13,GATGGAGCGCCAGGCAGGGT,0,4706999
ybiY_ybiW_predicted,0.07142857142857142,13,13,GATCGAGTGCATGGAGCCGT,0,4702309
ybiY_ybiW_predicted,0.07142857142857142,13,13,GAGGGTCATCGTACTGCAAT,0,4709464
ybiY_ybiW_predicted,0.07142857142857142,13,13,GAGCTGTGTCTAGAAGTGTA,0,4727791
ybiY_ybiW_predicted,0.07142857142857142,13,13,GAGAGCCAAGTCAGGGCACG,0,4708066
ybiY_ybiW_predicted,0.07142857142857142,13,13,GACATGGCCCTGTGGTTGAA,0,4726255
ybiY_ybiW_predicted,0.07142857142857142,13,13,GAAAGATCACGATGTGCAGG,0,4705615
ybiY_ybiW_predicted,0.07142857142857142,13,13,CTTGATAAAGATCAAAAGTC,0,4709782
ybiY_ybiW_predicted,0.07142857142857142,13,13,CTGTGCTAAATTTATAGATT,0,4703521
ybiY_ybiW_predicted,0.07142857142857142,13,13,CTGGGCGTCGCGGAACACGC,0,4722939
ybiY_ybiW_predicted,0.07142857142857142,13,13,CTGCATTAGAGGTGGAGGAT,0,4694702
ybiY_ybiW_predicted,0.07142857142857142,13,13,CTGAGCAGCTAATGTGACTG,0,4688806
ybiY_ybiW_predicted,0.07142857142857142,13,13,CTCTTCCTATTCCTGCGCGA,0,4728640
ybiY_ybiW_predicted,0.07142857142857142,13,13,CTCTACGGTCTCATAAGCGT,0,4711346
ybiY_ybiW_predicted,0.07142857142857142,13,13,CTCGCAGCCTCTAGGCGGTC,0,4708332
ybiY_ybiW_predicted,0.07142857142857142,13,13,CTACAAGCCTGTCTACGGTC,0,4690035
ybiY_ybiW_predicted,0.07142857142857142,13,13,CGTTTAGTGAAAACAGACTT,0,4722169
ybiY_ybiW_predicted,0.07142857142857142,13,13,CGTCCCGAAGACTGCCACGA,0,4713356
ybiY_ybiW_predicted,0.07142857142857142,13,13,CGGTTCATGGCTCGTATTAC,0,4706069
ybiY_ybiW_predicted,0.07142857142857142,13,13,CGGTAGGGTCGCCTGACATT,0,4729965
ybiY_ybiW_predicted,0.07142857142857142,13,13,CGCCGGGATAATACGGAGGT,0,4728741
ybiY_ybiW_predicted,0.07142857142857142,13,13,CGCCCATAGCTTGCCAACGT,0,4721121
ybiY_ybiW_predicted,0.07142857142857142,13,13,CGCAAAAGTCGTCGCATATA,0,4688927
ybiY_ybiW_predicted,0.07142857142857142,13,13,CGATTTGGCCGCTACATGGA,0,4702055
ybiY_ybiW_predicted,0.07142857142857142,13,13,CGATGGTTGGGAGTGAGGAT,0,4731123
ybiY_ybiW_predicted,0.07142857142857142,13,13,CCTGTTCGGTGCCTCGTCTA,0,4719679
ybiY_ybiW_predicted,0.07142857142857142,13,13,CCTGTGATTGCTGCATCGTT,0,4691304
ybiY_ybiW_predicted,0.07142857142857142,13,13,CCTCGCCGAGAGACTACCAA,0,4724000
ybiY_ybiW_predicted,0.07142857142857142,13,13,CCTACTATATTGATTCAAGT,0,4725148
ybiY_ybiW_predicted,0.07142857142857142,13,13,CCGTCGATGTCTAGGCCAGG,0,4693744
ybiY_ybiW_predicted,0.07142857142857142,13,13,CCGGGGTGGCGAACCATTGC,0,4720022
ybiY_ybiW_predicted,0.07142857142857142,13,13,CCGGCCGGGGCTGCTGTTAA,0,4703079
ybiY_ybiW_predicted,0.07142857142857142,13,13,CCGCGACCACCATGTTCTCA,0,4704067
ybiY_ybiW_predicted,0.07142857142857142,13,13,CCGCCACATCAGCTTACTTT,0,4704157
ybiY_ybiW_predicted,0.07142857142857142,13,13,CCCTAGGAACCACATTAAAC,0,4715505
ybiY_ybiW_predicted,0.07142857142857142,13,13,CCATGTGTTAGTCAATAGCG,0,4698264
ybiY_ybiW_predicted,0.07142857142857142,13,13,CCATCGCAACCCATGCTGAA,0,4723444
ybiY_ybiW_predicted,0.07142857142857142,13,13,CCATACGCTACAACGTGAGT,0,4727609
ybiY_ybiW_predicted,0.07142857142857142,13,13,CCACACCAGAGACACCCTTT,0,4706427
ybiY_ybiW_predicted,0.07142857142857142,13,13,CATTTCAAGGTTTTAATATG,0,4692564
ybiY_ybiW_predicted,0.07142857142857142,13,13,CATTGTTCTTAGCAAGTCTT,0,4722323
ybiY_ybiW_predicted,0.07142857142857142,13,13,CATGATCCGTGCTTGGAGTC,0,4699484
ybiY_ybiW_predicted,0.07142857142857142,13,13,CATCCGGCTATTAGTGTTTG,0,4715945
ybiY_ybiW_predicted,0.07142857142857142,13,13,CAGCCGGCATTACGCAATTG,0,4713215
ybiY_ybiW_predicted,0.07142857142857142,13,13,CAGCAAATAACCAGTGTCTT,0,4700346
ybiY_ybiW_predicted,0.07142857142857142,13,13,CAGATCCTTTCATGACTTGG,0,4715379
ybiY_ybiW_predicted,0.07142857142857142,13,13,CACACGGTGCTAAGCGTGAG,0,4691705
ybiY_ybiW_predicted,0.07142857142857142,13,13,CAATGGTTTACATGTTTTCA,0,4724144
ybiY_ybiW_predicted,0.07142857142857142,13,13,ATTGTACTGTCACATGGCTC,0,4689495
ybiY_ybiW_predicted,0.07142857142857142,13,13,ATTCATTCCTGGGGTTGAAT,0,4712847
ybiY_ybiW_predicted,0.07142857142857142,13,13,ATGGTCGCTCTTACCCTCGG,0,4703413
ybiY_ybiW_predicted,0.07142857142857142,13,13,ATGGCCTCAACTCTGAACGA,0,4708383
ybiY_ybiW_predicted,0.07142857142857142,13,13,ATGCGCTCTCCATTAACCTG,0,4712273
ybiY_ybiW_predicted,0.07142857142857142,13,13,ATGCCAACCGTGGCTTACAA,0,4725543
ybiY_ybiW_predicted,0.07142857142857142,13,13,ATCGAACCCGCAGCCCGGAT,0,4703537
ybiY_ybiW_predicted,0.07142857142857142,13,13,ATCAGTTAGCGGTTGCGTGG,0,4708417
ybiY_ybiW_predicted,0.07142857142857142,13,13,ATAGGACCTGGACCAAAGAG,0,4705086
ybiY_ybiW_predicted,0.07142857142857142,13,13,ATAATGCCGAGCTGTACCCA,0,4708822
ybiY_ybiW_predicted,0.07142857142857142,13,13,AGTTGGTTTAGTTCTCTGGG,0,4696706
ybiY_ybiW_predicted,0.07142857142857142,13,13,AGTGCCCTGCTTGTTAGGCA,0,4713687
ybiY_ybiW_predicted,0.07142857142857142,13,13,AGTCGAGCACTTTCGAGGAT,0,4716003
ybiY_ybiW_predicted,0.07142857142857142,13,13,AGTATTCATAGAGTGTAGAC,0,4698735
ybiY_ybiW_predicted,0.07142857142857142,13,13,AGTATAAACTAAAACAATAT,0,4698564
ybiY_ybiW_predicted,0.07142857142857142,13,13,AGTAGAGTTCTCGACTCGTG,0,4710329
ybiY_ybiW_predicted,0.07142857142857142,13,13,AGGTTGTGAGAAGCATCCAA,0,4725389
ybiY_ybiW_predicted,0.07142857142857142,13,13,AGGTGTCTGTGGCTTAGTTT,0,4697662
ybiY_ybiW_predicted,0.07142857142857142,13,13,AGGGGGGGGAATGACTACCA,0,4721802
ybiY_ybiW_predicted,0.07142857142857142,13,13,AGGACGTTGCATCTTATCGT,0,4691634
ybiY_ybiW_predicted,0.07142857142857142,13,13,AGGAAGAGCGGTGAACTGGC,0,4718042
ybiY_ybiW_predicted,0.07142857142857142,13,13,AGCGTTGGGACATCTGATAG,0,4725165
ybiY_ybiW_predicted,0.07142857142857142,13,13,AGCGATCGCTCATGTAAGTG,0,4727966
ybiY_ybiW_predicted,0.07142857142857142,13,13,AGCGACGGGGTGAGTAGGGG,0,4708515
ybiY_ybiW_predicted,0.07142857142857142,13,13,AGCGAAACCCTTGCATTATG,0,4722174
ybiY_ybiW_predicted,0.07142857142857142,13,13,AGCATAGGGTTTCGGTGGGT,0,4726497
ybiY_ybiW_predicted,0.07142857142857142,13,13,AGCAACCTTTAGAAGTATGC,0,4702039
ybiY_ybiW_predicted,0.07142857142857142,13,13,AGAGACCTTTTGAACACGGC,0,4710431
ybiY_ybiW_predicted,0.07142857142857142,13,13,AGACTGCATCGAGCCGCCGT,0,4731543
ybiY_ybiW_predicted,0.07142857142857142,13,13,AGACGTCAATCGAATTAAAT,0,4692624
ybiY_ybiW_predicted,0.07142857142857142,13,13,AGAATGCCGTTCGGTTTCCT,0,4690583
ybiY_ybiW_predicted,0.07142857142857142,13,13,AGAAAAGTTGAATCTAGCTT,0,4688984
ybiY_ybiW_predicted,0.07142857142857142,13,13,ACTTGCACTAACCCGTACTG,0,4703415
ybiY_ybiW_predicted,0.07142857142857142,13,13,ACTAGCCTTTTTCATTGCTA,0,4695782
ybiY_ybiW_predicted,0.07142857142857142,13,13,ACGTGATTAGACAGCGAGGC,0,4729338
ybiY_ybiW_predicted,0.07142857142857142,13,13,ACGGTAATGTCCTACTTCTA,0,4699440
ybiY_ybiW_predicted,0.07142857142857142,13,13,ACGGAGCAGGTCCATAGTCA,0,4719783
ybiY_ybiW_predicted,0.07142857142857142,13,13,ACGCCATAGCTTGAACAACC,0,4704368
ybiY_ybiW_predicted,0.07142857142857142,13,13,ACGAACGTAACCATGTCACG,0,4690192
ybiY_ybiW_predicted,0.07142857142857142,13,13,ACCTTGGACCAAATTACAGT,0,4699580
ybiY_ybiW_predicted,0.07142857142857142,13,13,ACCTGTTCACCGATGTTGAA,0,4700905
ybiY_ybiW_predicted,0.07142857142857142,13,13,ACCTGTGTCAGTTGAGTTGC,0,4701743
ybiY_ybiW_predicted,0.07142857142857142,13,13,ACCTAAGGCGCTAGGTATAC,0,4715626
ybiY_ybiW_predicted,0.07142857142857142,13,13,ACAGTGTATCAAAGGAATAA,0,4689637
ybiY_ybiW_predicted,0.07142857142857142,13,13,ACAGCGCCTCGCTGCAAATA,0,4705399
ybiY_ybiW_predicted,0.07142857142857142,13,13,ACAGATCTGAGGAGCGACGA,0,4694480
ybiY_ybiW_predicted,0.07142857142857142,13,13,AATGCTTGGAGGTTACTACA,0,4699223
ybiY_ybiW_predicted,0.07142857142857142,13,13,AAGTGCACGACGGCGACAAC,0,4702347
ybiY_ybiW_predicted,0.07142857142857142,13,13,AACTAGACGTTACAGCTAAC,0,4711734
ybiY_ybiW_predicted,0.07142857142857142,13,13,AACAGTTGAAAAGGAAGAGA,0,4698458
ybiY_ybiW_predicted,0.07142857142857142,13,13,AAATGCATGTCTAAGTGATA,0,4703839
ybiY_ybiW_predicted,0.07142857142857142,13,13,AAATCGTATCCAAACTAGAC,0,4726439
ybiY_ybiW_predicted,0.07142857142857142,13,13,AAAGGTCATATGGCAGTCGT,0,4717844
ybiY_ybiW_predicted,0.07142857142857142,13,13,AAAGAATGGGGCTGAGCCAT,0,4701691
ybiY_ybiW_predicted,0.07692307692307693,12,12,TTTCTCTTTATCAACGTCGT,0,4691241
ybiY_ybiW_predicted,0.07692307692307693,12,12,TTTATTTCTAAGTCCGGACG,0,4701956
ybiY_ybiW_predicted,0.07692307692307693,12,12,TTGTCAGCTGAAAAATATCG,0,4725493
ybiY_ybiW_predicted,0.07692307692307693,12,12,TTGGTCTAGACGCCTACCAT,0,4726136
ybiY_ybiW_predicted,0.07692307692307693,12,12,TTGCTTAATCACGGCGTCGG,0,4718173
ybiY_ybiW_predicted,0.07692307692307693,12,12,TTGCTCGTTAGCGCGTCAAA,0,4722235
ybiY_ybiW_predicted,0.07692307692307693,12,12,TTGAGCGAGGTCGAGGGACG,0,4728096
ybiY_ybiW_predicted,0.07692307692307693,12,12,TTCGTTCCATCTGTCATAGT,0,4709208
ybiY_ybiW_predicted,0.07692307692307693,12,12,TTATCGGACCCGACCACAGG,0,4694154
ybiY_ybiW_predicted,0.07692307692307693,12,12,TTATCATGCACAAGTGCAAT,0,4726346
ybiY_ybiW_predicted,0.07692307692307693,12,12,TTATCAGCCTTCTACGCCAG,0,4698128
ybiY_ybiW_predicted,0.07692307692307693,12,12,TTAGTTGATCAATAATCATC,0,4700111
ybiY_ybiW_predicted,0.07692307692307693,12,12,TTAATGCGACTACTACGTCG,0,4708711
ybiY_ybiW_predicted,0.07692307692307693,12,12,TGTTTTGCCGTCTCATAAAT,0,4691236
ybiY_ybiW_predicted,0.07692307692307693,12,12,TGTTTGAAAGCCCGAGAACT,0,4730392
ybiY_ybiW_predicted,0.07692307692307693,12,12,TGTGTGGCATGACAATTAGT,0,4698029
ybiY_ybiW_predicted,0.07692307692307693,12,12,TGGCAAACAAGCACTTGTAT,0,4708964
ybiY_ybiW_predicted,0.07692307692307693,12,12,TGCCGAGGGTGGTGTTCTCA,0,4732602
ybiY_ybiW_predicted,0.07692307692307693,12,12,TGCACGGGCCTCCATAAAAG,0,4726909
ybiY_ybiW_predicted,0.07692307692307693,12,12,TGATGTATTTTTCTCGTGCT,0,4716511
ybiY_ybiW_predicted,0.07692307692307693,12,12,TGACTCATCCTGAATAGTGG,0,4703007
ybiY_ybiW_predicted,0.07692307692307693,12,12,TCTGAAGGGTAGGAACCGCA,0,4691451
ybiY_ybiW_predicted,0.07692307692307693,12,12,TCTCGACCGGAGGTCGGCGG,0,4729408
ybiY_ybiW_predicted,0.07692307692307693,12,12,TCGTTCTCATGGGGAGTCCT,0,4688675
ybiY_ybiW_predicted,0.07692307692307693,12,12,TCGTCATCATAATTCAGGAT,0,4698310
ybiY_ybiW_predicted,0.07692307692307693,12,12,TCGCTTGGGCTAAGTCTGGT,0,4718447
ybiY_ybiW_predicted,0.07692307692307693,12,12,TCCTCCCAGACCATCTAATG,0,4713023
ybiY_ybiW_predicted,0.07692307692307693,12,12,TCCGAGAGTCCAACGCGTCA,0,4711183
ybiY_ybiW_predicted,0.07692307692307693,12,12,TCCCCAGGGACCCATCTGTG,0,4706773
ybiY_ybiW_predicted,0.07692307692307693,12,12,TCCATTTACTACCCGTGCAA,0,4706090
ybiY_ybiW_predicted,0.07692307692307693,12,12,TCCAGCGGCCTAATATCTCA,0,4692734
ybiY_ybiW_predicted,0.07692307692307693,12,12,TCAAGACCGTCCCTAGCTCG,0,4725116
ybiY_ybiW_predicted,0.07692307692307693,12,12,TATTGGAGCACACTATGATA,0,4700243
ybiY_ybiW_predicted,0.07692307692307693,12,12,TATCAATTTTTTTTGTCATC,0,4732421
ybiY_ybiW_predicted,0.07692307692307693,12,12,TATAGCCCCCAGGTCCCTTT,0,4707065
ybiY_ybiW_predicted,0.07692307692307693,12,12,TAGCGAGATATTACTTGTAT,0,4716165
ybiY_ybiW_predicted,0.07692307692307693,12,12,TACGTGACGTGTTCGATCTT,0,4695026
ybiY_ybiW_predicted,0.07692307692307693,12,12,TACCTCCAAAATTAGTAGTG,0,4703261
ybiY_ybiW_predicted,0.07692307692307693,12,12,TAAAAGATACTTAACGGTAA,0,4704367
ybiY_ybiW_predicted,0.07692307692307693,12,12,GTTTTCATAGAGGGCTTCTA,0,4726073
ybiY_ybiW_predicted,0.07692307692307693,12,12,GTTTGTAGTCTGCGGGCAAA,0,4705709
ybiY_ybiW_predicted,0.07692307692307693,12,12,GTTTAGTCTAGCGCGATCTA,0,4721774
ybiY_ybiW_predicted,0.07692307692307693,12,12,GTTCAACACACCCACGTAGT,0,4726235
ybiY_ybiW_predicted,0.07692307692307693,12,12,GTTAACCGTTGGATTTGGAT,0,4724192
ybiY_ybiW_predicted,0.07692307692307693,12,12,GTTAAAGCATCTGAATCGAC,0,4705449
ybiY_ybiW_predicted,0.07692307692307693,12,12,GTGGTGTTGTCCACGGGCAT,0,4707820
ybiY_ybiW_predicted,0.07692307692307693,12,12,GTGGCACGGCGCGGGTTCGA,0,4688968
ybiY_ybiW_predicted,0.07692307692307693,12,12,GTGCATGCGTTGGTTACCTG,0,4708970
ybiY_ybiW_predicted,0.07692307692307693,12,12,GTGAGAGTTCGGAGCCATTT,0,4710002
ybiY_ybiW_predicted,0.07692307692307693,12,12,GTCCGATTTAGGTGGTCGAG,0,4711836
ybiY_ybiW_predicted,0.07692307692307693,12,12,GTATGATTAGGCGCGCTGGA,0,4693007
ybiY_ybiW_predicted,0.07692307692307693,12,12,GTATATAAGTATGCAACTCA,0,4730477
ybiY_ybiW_predicted,0.07692307692307693,12,12,GTAGCGAAACTGCAGCTTGC,0,4726363
ybiY_ybiW_predicted,0.07692307692307693,12,12,GTACAGGATTTGGAACCCTA,0,4693365
ybiY_ybiW_predicted,0.07692307692307693,12,12,GTACACCCGGGTTAGGTGCC,0,4722590
ybiY_ybiW_predicted,0.07692307692307693,12,12,GGTTGTAGATCCTTGTCATT,0,4712733
ybiY_ybiW_predicted,0.07692307692307693,12,12,GGTCGCTGCGGCTAACCCGA,0,4709752
ybiY_ybiW_predicted,0.07692307692307693,12,12,GGGTGTGGACGGTCTAAGGG,0,4700307
ybiY_ybiW_predicted,0.07692307692307693,12,12,GGGCCGGAAGCAAGAGCGTC,0,4721975
ybiY_ybiW_predicted,0.07692307692307693,12,12,GGGAAGTATCGCCGCTCACC,0,4722451
ybiY_ybiW_predicted,0.07692307692307693,12,12,GGGAAAGGAGACGAATGTAC,0,4722218
ybiY_ybiW_predicted,0.07692307692307693,12,12,GGCTCTTACCTTGATCAAAA,0,4694860
ybiY_ybiW_predicted,0.07692307692307693,12,12,GGCTAGTTGTCCACTTGAAT,0,4721262
ybiY_ybiW_predicted,0.07692307692307693,12,12,GGCTAGATTAATCCGTCTTT,0,4700593
ybiY_ybiW_predicted,0.07692307692307693,12,12,GGCGCTAGGGCAAGTCGGCA,0,4696017
ybiY_ybiW_predicted,0.07692307692307693,12,12,GGCGCCCGTAAACTTAATCG,0,4707676
ybiY_ybiW_predicted,0.07692307692307693,12,12,GGCATGTAGGGCATAAGGCG,0,4690537
ybiY_ybiW_predicted,0.07692307692307693,12,12,GGCAGGAACCAGGCTAATTT,0,4719778
ybiY_ybiW_predicted,0.07692307692307693,12,12,GGCAATCAATTGATTCATGG,0,4699637
ybiY_ybiW_predicted,0.07692307692307693,12,12,GGATTCCCAGGCCATTTGAT,0,4704404
ybiY_ybiW_predicted,0.07692307692307693,12,12,GGATATGGAAGCCGCACGTG,0,4707371
ybiY_ybiW_predicted,0.07692307692307693,12,12,GGAGTAAGGGAAGGGTCTTA,0,4723934
ybiY_ybiW_predicted,0.07692307692307693,12,12,GGACTTTGGTAATAGACGCA,0,4722265
ybiY_ybiW_predicted,0.07692307692307693,12,12,GGACCAGGCCTCGTCACACA,0,4715996
ybiY_ybiW_predicted,0.07692307692307693,12,12,GGAAGCGTTAATATGCACTA,0,4727104
ybiY_ybiW_predicted,0.07692307692307693,12,12,GCTTTCACGCCCCCGATCAC,0,4724665
ybiY_ybiW_predicted,0.07692307692307693,12,12,GCTTTATCAACTCTTACTTT,0,4713804
ybiY_ybiW_predicted,0.07692307692307693,12,12,GCTGCCATTACACCCGTAGA,0,4704384
ybiY_ybiW_predicted,0.07692307692307693,12,12,GCTGATGTCATCGGTAAGTC,0,4699140
ybiY_ybiW_predicted,0.07692307692307693,12,12,GCTCTCCTGTGGGAGTAGGA,0,4706275
ybiY_ybiW_predicted,0.07692307692307693,12,12,GCTCACGATCGGTATTATAT,0,4694391
ybiY_ybiW_predicted,0.07692307692307693,12,12,GCGGTAGTTCCCTACTGTAG,0,4718139
ybiY_ybiW_predicted,0.07692307692307693,12,12,GCGCGATCTTGGGTAAGTTG,0,4690471
ybiY_ybiW_predicted,0.07692307692307693,12,12,GCCGGGCGGGCAAACGAGGT,0,4717061
ybiY_ybiW_predicted,0.07692307692307693,12,12,GCACGTTGATAGTCTTCGGG,0,4722077
ybiY_ybiW_predicted,0.07692307692307693,12,12,GCACCCGAGTCTGGACAGCT,0,4723843
ybiY_ybiW_predicted,0.07692307692307693,12,12,GCACAACCTGTGGCAGGAAG,0,4713948
ybiY_ybiW_predicted,0.07692307692307693,12,12,GCAATGTACGGAATGTCCGC,0,4704899
ybiY_ybiW_predicted,0.07692307692307693,12,12,GCAACAACTAACGGCACAGG,0,4719334
ybiY_ybiW_predicted,0.07692307692307693,12,12,GATTCATGCAGTACCGCAAA,0,4699614
ybiY_ybiW_predicted,0.07692307692307693,12,12,GATTACGAGCGTTTTCGTTA,0,4691642
ybiY_ybiW_predicted,0.07692307692307693,12,12,GATAAAATGAATCGTGGCTT,0,4709087
ybiY_ybiW_predicted,0.07692307692307693,12,12,GAGTGGAATGTTCCGCTGTA,0,4712925
ybiY_ybiW_predicted,0.07692307692307693,12,12,GAGCTTACCATAAACATCAT,0,4699207
ybiY_ybiW_predicted,0.07692307692307693,12,12,GAGCTATAAAGCAGGGAGTC,0,4689526
ybiY_ybiW_predicted,0.07692307692307693,12,12,GACGCCTTCGTGGTGATAGG,0,4695116
ybiY_ybiW_predicted,0.07692307692307693,12,12,GACACGTGCACACCGCCTTA,0,4704316
ybiY_ybiW_predicted,0.07692307692307693,12,12,GACAAGGCGCAGTTGGTCAG,0,4701734
ybiY_ybiW_predicted,0.07692307692307693,12,12,GAATCGTTTTACTTACAGAC,0,4731885
ybiY_ybiW_predicted,0.07692307692307693,12,12,GAATAGAGGAGGTATTGATA,0,4708958
ybiY_ybiW_predicted,0.07692307692307693,12,12,GAAGGCCCTACGTGATTTAC,0,4702810
ybiY_ybiW_predicted,0.07692307692307693,12,12,GAACTTGGAAATACACTTCA,0,4730588
ybiY_ybiW_predicted,0.07692307692307693,12,12,GAAAGTTTTCGTCAATTCAA,0,4692342
ybiY_ybiW_predicted,0.07692307692307693,12,12,GAAAAATGAATTACCGATGC,0,4691206
ybiY_ybiW_predicted,0.07692307692307693,12,12,CTTTCGGTGGATCCATGATT,0,4693163
ybiY_ybiW_predicted,0.07692307692307693,12,12,CTGTTGGGGCCGATTGGGCG,0,4700945
ybiY_ybiW_predicted,0.07692307692307693,12,12,CTGGAGGAAAAGTGGTTGGC,0,4727501
ybiY_ybiW_predicted,0.07692307692307693,12,12,CTGCCGCGCCTCCGAGCACA,0,4726530
ybiY_ybiW_predicted,0.07692307692307693,12,12,CTCGGCGGGTATGGCGTGAA,0,4702898
ybiY_ybiW_predicted,0.07692307692307693,12,12,CTCAGACCTGTGGGTCCGTG,0,4705340
ybiY_ybiW_predicted,0.07692307692307693,12,12,CTAGTAGATGTATTACTCGT,0,4696269
ybiY_ybiW_predicted,0.07692307692307693,12,12,CTAGACCGCTTAGTGCCATG,0,4702819
ybiY_ybiW_predicted,0.07692307692307693,12,12,CGTTTCAAATCTACTGAGGG,0,4703513
ybiY_ybiW_predicted,0.07692307692307693,12,12,CGTTATTCGCGGGTACGCTT,0,4725253
ybiY_ybiW_predicted,0.07692307692307693,12,12,CGTTATGGAACGCACACGAT,0,4703633
ybiY_ybiW_predicted,0.07692307692307693,12,12,CGTTACTCCATTGGTTTATG,0,4727843
ybiY_ybiW_predicted,0.07692307692307693,12,12,CGTGTACTGTGTCAAGGGTG,0,4701320
ybiY_ybiW_predicted,0.07692307692307693,12,12,CGTCTCCACTCCGTACGGCA,0,4697583
ybiY_ybiW_predicted,0.07692307692307693,12,12,CGTAGGTATAGTCGGCATAC,0,4719090
ybiY_ybiW_predicted,0.07692307692307693,12,12,CGGTGGCACATACCTTTGGC,0,4717080
ybiY_ybiW_predicted,0.07692307692307693,12,12,CGGTCATAGTTGCGTCGGCC,0,4712410
ybiY_ybiW_predicted,0.07692307692307693,12,12,CGGGTGCTCGGGCGTCAGTC,0,4716984
ybiY_ybiW_predicted,0.07692307692307693,12,12,CGGGTGCGTAGGTGTGTTAG,0,4726639
ybiY_ybiW_predicted,0.07692307692307693,12,12,CGGACAAGTAGAATATTGAC,0,4707235
ybiY_ybiW_predicted,0.07692307692307693,12,12,CGCGGGGCTGGCCTCCATTC,0,4717733
ybiY_ybiW_predicted,0.07692307692307693,12,12,CGCGGCACATCGCAAACAGC,0,4712040
ybiY_ybiW_predicted,0.07692307692307693,12,12,CGCGACGCCGCTCATACTGT,0,4719432
ybiY_ybiW_predicted,0.07692307692307693,12,12,CGAGTATAAGTATCAAGGGA,0,4720388
ybiY_ybiW_predicted,0.07692307692307693,12,12,CGAGGTTAAGGAATAGGGCT,0,4713470
ybiY_ybiW_predicted,0.07692307692307693,12,12,CGACCGGAGTATGTTCATTT,0,4695247
ybiY_ybiW_predicted,0.07692307692307693,12,12,CGAAGACGGGGGGGAGGATA,0,4722052
ybiY_ybiW_predicted,0.07692307692307693,12,12,CCTCCCGGTCACAGAGGGGG,0,4699210
ybiY_ybiW_predicted,0.07692307692307693,12,12,CCGCCACCGGCCATTCTCCT,0,4692879
ybiY_ybiW_predicted,0.07692307692307693,12,12,CCCTAGTAGCACCCGTCATG,0,4706106
ybiY_ybiW_predicted,0.07692307692307693,12,12,CCCGTGAGGTAAGGTACACC,0,4730370
ybiY_ybiW_predicted,0.07692307692307693,12,12,CCCGGAGCGGTACTCGTACT,0,4697528
ybiY_ybiW_predicted,0.07692307692307693,12,12,CCCCGTCGGACACTCAAGAG,0,4712588
ybiY_ybiW_predicted,0.07692307692307693,12,12,CCCAGTAGGCCAAAGGTTAG,0,4726120
ybiY_ybiW_predicted,0.07692307692307693,12,12,CCACGGCATCCATAAGATAG,0,4701052
ybiY_ybiW_predicted,0.07692307692307693,12,12,CATTGCGCCCTTAAGGGATA,0,4714534
ybiY_ybiW_predicted,0.07692307692307693,12,12,CATAGGCAGGGTACTGCCCC,0,4704299
ybiY_ybiW_predicted,0.07692307692307693,12,12,CATACGGTGGCAGCTAATCT,0,4719503
ybiY_ybiW_predicted,0.07692307692307693,12,12,CATACGCTATACGCAAATTA,0,4722364
ybiY_ybiW_predicted,0.07692307692307693,12,12,CATAAGCCCGTACGGGTGCC,0,4716973
ybiY_ybiW_predicted,0.07692307692307693,12,12,CAGTTGGTGGATTTCTAATA,0,4697922
ybiY_ybiW_predicted,0.07692307692307693,12,12,CAGGAACGAGTGACTTGGGT,0,4702737
ybiY_ybiW_predicted,0.07692307692307693,12,12,CAGAGCGTTCACGGACCTAC,0,4722741
ybiY_ybiW_predicted,0.07692307692307693,12,12,CACTAGCTTCGCCCACTATT,0,4703648
ybiY_ybiW_predicted,0.07692307692307693,12,12,CACGTAGACATCCGACAGTC,0,4711583
ybiY_ybiW_predicted,0.07692307692307693,12,12,CACCGGGATAAGAGACTGGA,0,4714107
ybiY_ybiW_predicted,0.07692307692307693,12,12,CACAACTAGAATCATCCTTA,0,4713802
ybiY_ybiW_predicted,0.07692307692307693,12,12,CAACGACGAGCAGGTGAATT,0,4710862
ybiY_ybiW_predicted,0.07692307692307693,12,12,CAACCGTAGTAAAGTATGGT,0,4693996
ybiY_ybiW_predicted,0.07692307692307693,12,12,CAAACAAGCGGCGACTGCTC,0,4698837
ybiY_ybiW_predicted,0.07692307692307693,12,12,ATTGGTCTGCGCGATCAAAT,0,4725730
ybiY_ybiW_predicted,0.07692307692307693,12,12,ATTGGGTCGTATAGCATGTT,0,4701289
ybiY_ybiW_predicted,0.07692307692307693,12,12,ATTCTAGTTGCATTACACCG,0,4716598
ybiY_ybiW_predicted,0.07692307692307693,12,12,ATTAGTGTGCAGCGGGTGAA,0,4703992
ybiY_ybiW_predicted,0.07692307692307693,12,12,ATGGGTAAGTAAACCGTCGG,0,4700173
ybiY_ybiW_predicted,0.07692307692307693,12,12,ATGAGTGCGCACACCGGTTA,0,4693231
ybiY_ybiW_predicted,0.07692307692307693,12,12,ATCTCGGGTCCACAGTTTTA,0,4725154
ybiY_ybiW_predicted,0.07692307692307693,12,12,ATCGTTAATGGTTGTGCATT,0,4722803
ybiY_ybiW_predicted,0.07692307692307693,12,12,ATCGTACCGGAGGCTCGATC,0,4692443
ybiY_ybiW_predicted,0.07692307692307693,12,12,ATCGCCCATTGGGTACATAG,0,4714930
ybiY_ybiW_predicted,0.07692307692307693,12,12,ATATTACGGTGTACCCGCTA,0,4688978
ybiY_ybiW_predicted,0.07692307692307693,12,12,ATATGCTCATCGCCAAGATT,0,4693971
ybiY_ybiW_predicted,0.07692307692307693,12,12,ATATCGGCCGAAAAACTGTG,0,4705333
ybiY_ybiW_predicted,0.07692307692307693,12,12,ATAGTACGGTTCTGAGCTAT,0,4706861
ybiY_ybiW_predicted,0.07692307692307693,12,12,ATAGCGCGGATTATACACGA,0,4715834
ybiY_ybiW_predicted,0.07692307692307693,12,12,ATAGCCATCGTTAGATAGAC,0,4706783
ybiY_ybiW_predicted,0.07692307692307693,12,12,ATAGAGCAAGATCACCGCTT,0,4691552
ybiY_ybiW_predicted,0.07692307692307693,12,12,ATACACCGCGACGCCGGTTT,0,4690728
ybiY_ybiW_predicted,0.07692307692307693,12,12,ATAACTCCATAGATTTAGTA,0,4713921
ybiY_ybiW_predicted,0.07692307692307693,12,12,AGTTTTTCTGTTGGGACCTG,0,4704549
ybiY_ybiW_predicted,0.07692307692307693,12,12,AGTTTCGGTCTCCGCAGAAT,0,4700526
ybiY_ybiW_predicted,0.07692307692307693,12,12,AGTGACCCGGCGGAAAATTC,0,4724697
ybiY_ybiW_predicted,0.07692307692307693,12,12,AGTCAGTACCGGCCTCGTGT,0,4717861
ybiY_ybiW_predicted,0.07692307692307693,12,12,AGTCAGGTAGGCGCTCATTG,0,4696361
ybiY_ybiW_predicted,0.07692307692307693,12,12,AGTAGAGGTTGGATATAGCG,0,4731060
ybiY_ybiW_predicted,0.07692307692307693,12,12,AGGCCACTCTCGCGTCACTA,0,4696057
ybiY_ybiW_predicted,0.07692307692307693,12,12,AGGAGTAACCGGGTCTAATA,0,4693465
ybiY_ybiW_predicted,0.07692307692307693,12,12,AGGAATGTACAGGTGAAATG,0,4704389
ybiY_ybiW_predicted,0.07692307692307693,12,12,AGCATAGTTCTAGTGTGCGC,0,4721585
ybiY_ybiW_predicted,0.07692307692307693,12,12,AGCACGAACGAAAAAGATCC,0,4702782
ybiY_ybiW_predicted,0.07692307692307693,12,12,AGCAACGGGGGACTCGGTGA,0,4698689
ybiY_ybiW_predicted,0.07692307692307693,12,12,AGATGGGCTCGTCAGCACAT,0,4722069
ybiY_ybiW_predicted,0.07692307692307693,12,12,ACTTTGTTAAAAACTAATGA,0,4728582
ybiY_ybiW_predicted,0.07692307692307693,12,12,ACTCTTATTATCCTCCCTTG,0,4727418
ybiY_ybiW_predicted,0.07692307692307693,12,12,ACTCCCTTCGGTCTATAAGC,0,4692445
ybiY_ybiW_predicted,0.07692307692307693,12,12,ACGTTAAATGCGGAACATTA,0,4705731
ybiY_ybiW_predicted,0.07692307692307693,12,12,ACATAAGGATCAAACCGCAG,0,4720018
ybiY_ybiW_predicted,0.07692307692307693,12,12,ACAGAAACAGAGCGATTTAG,0,4702272
ybiY_ybiW_predicted,0.07692307692307693,12,12,AATTGTTGTCGTACAAATGA,0,4704432
ybiY_ybiW_predicted,0.07692307692307693,12,12,AATGTTGCGGATACCTCACA,0,4721414
ybiY_ybiW_predicted,0.07692307692307693,12,12,AATATACGATGTAAGTCACA,0,4690453
ybiY_ybiW_predicted,0.07692307692307693,12,12,AAGTTGAATCGGGTTTTACC,0,4716397
ybiY_ybiW_predicted,0.07692307692307693,12,12,AAGTGAGTTGAAGGGTTTAG,0,4715345
ybiY_ybiW_predicted,0.07692307692307693,12,12,AAGGATAATAACCCTTTTAA,0,4732091
ybiY_ybiW_predicted,0.07692307692307693,12,12,AAGCGGACTGAGCATGCGAG,0,4705299
ybiY_ybiW_predicted,0.07692307692307693,12,12,AAGACTCGCGATAGAAAAAG,0,4730338
ybiY_ybiW_predicted,0.07692307692307693,12,12,AACGCGCTGACGTAAGACTA,0,4713570
ybiY_ybiW_predicted,0.07692307692307693,12,12,AACGAAGATCAAGAGCAGCT,0,4725846
ybiY_ybiW_predicted,0.07692307692307693,12,12,AACCTGGGCCGCTACTGATT,0,4715779
ybiY_ybiW_predicted,0.07692307692307693,12,12,AACACAGCGCACTTTATTGT,0,4707485
ybiY_ybiW_predicted,0.07692307692307693,12,12,AACACAATGGGGGGAACGTC,0,4693792
ybiY_ybiW_predicted,0.07692307692307693,12,12,AAATCCTGAGGGCATTTGCT,0,4731216
ybiY_ybiW_predicted,0.07692307692307693,12,12,AAATATACGGATAGAAAATT,0,4713101
ybiY_ybiW_predicted,0.07692307692307693,12,12,AAACAGGCTGCAAACTTCGT,0,4709426
ybiY_ybiW_predicted,0.08333333333333333,11,11,TTTTGACTAAAATGCTACAT,0,4696256
ybiY_ybiW_predicted,0.08333333333333333,11,11,TTGTAGTCTTCCTACGTTGG,0,4708051
ybiY_ybiW_predicted,0.08333333333333333,11,11,TTGGCGCAGCACTTCTACAC,0,4712642
ybiY_ybiW_predicted,0.08333333333333333,11,11,TTGGCACATAATTATGCCTG,0,4727355
ybiY_ybiW_predicted,0.08333333333333333,11,11,TTGCTTCCAGCCCCAAATCC,0,4700449
ybiY_ybiW_predicted,0.08333333333333333,11,11,TTGAACCAAGTGGTATTTAC,0,4720589
ybiY_ybiW_predicted,0.08333333333333333,11,11,TTCGAATGTGGTGGGTGAAC,0,4715072
ybiY_ybiW_predicted,0.08333333333333333,11,11,TTCCTCTATTTGTTTGCCCC,0,4711294
ybiY_ybiW_predicted,0.08333333333333333,11,11,TTATACACCCACGTTTGGTT,0,4710019
ybiY_ybiW_predicted,0.08333333333333333,11,11,TTAGTGAATAGCAGCCAGAT,0,4707818
ybiY_ybiW_predicted,0.08333333333333333,11,11,TTACGACGGTTGCGAATCGT,0,4731501
ybiY_ybiW_predicted,0.08333333333333333,11,11,TTAATGCAAAAGATCCGGGG,0,4705393
ybiY_ybiW_predicted,0.08333333333333333,11,11,TGTGTACTCATCAGGCCATC,0,4712644
ybiY_ybiW_predicted,0.08333333333333333,11,11,TGTGACTCGAACTATGTGGT,0,4727862
ybiY_ybiW_predicted,0.08333333333333333,11,11,TGTCTGAGTCTACTTCACGT,0,4702519
ybiY_ybiW_predicted,0.08333333333333333,11,11,TGTCAGTCGGACAATCGGTG,0,4725698
ybiY_ybiW_predicted,0.08333333333333333,11,11,TGTATGCTTCTGTACGTCCA,0,4700999
ybiY_ybiW_predicted,0.08333333333333333,11,11,TGTACCCGAAGCCCAGACCT,0,4705619
ybiY_ybiW_predicted,0.08333333333333333,11,11,TGGTCCTCCGACGAATATAG,0,4693695
ybiY_ybiW_predicted,0.08333333333333333,11,11,TGGGTCTTAGACAACCGACT,0,4732426
ybiY_ybiW_predicted,0.08333333333333333,11,11,TGGGTAGACTGAGTCGGCAG,0,4730387
ybiY_ybiW_predicted,0.08333333333333333,11,11,TGGCAGTAGTAGTGTTTTAC,0,4704875
ybiY_ybiW_predicted,0.08333333333333333,11,11,TGGCAGGAAGTAGCGATGTA,0,4726621
ybiY_ybiW_predicted,0.08333333333333333,11,11,TGGATGTCGCCGTACTGTGA,0,4718140
ybiY_ybiW_predicted,0.08333333333333333,11,11,TGCTTGGCTTAGAGGTGGAT,0,4725767
ybiY_ybiW_predicted,0.08333333333333333,11,11,TGCTAGGGGCAGCGCAATAT,0,4704917
ybiY_ybiW_predicted,0.08333333333333333,11,11,TGCCAATCAGTGCAACCTGA,0,4694979
ybiY_ybiW_predicted,0.08333333333333333,11,11,TGCATGTCCGAGTGCGCCTA,0,4728902
ybiY_ybiW_predicted,0.08333333333333333,11,11,TGATGAGCTTTGTACCTCTC,0,4716576
ybiY_ybiW_predicted,0.08333333333333333,11,11,TGAGCCTAAATTAGATATAA,0,4700160
ybiY_ybiW_predicted,0.08333333333333333,11,11,TGACTTCAAATCCGGTTGGA,0,4710598
ybiY_ybiW_predicted,0.08333333333333333,11,11,TGAAGCTGGCCATTTACCTA,0,4712352
ybiY_ybiW_predicted,0.08333333333333333,11,11,TCTGCCGCCCATCGAGTCCA,0,4694024
ybiY_ybiW_predicted,0.08333333333333333,11,11,TCTCACCTTTGTTTATTCAT,0,4725662
ybiY_ybiW_predicted,0.08333333333333333,11,11,TCTAACTGGCGGCATACATC,0,4699320
ybiY_ybiW_predicted,0.08333333333333333,11,11,TCGTCATTAAATCGAATTCA,0,4716577
ybiY_ybiW_predicted,0.08333333333333333,11,11,TCATTGCTGTCCGACTGATC,0,4697632
ybiY_ybiW_predicted,0.08333333333333333,11,11,TCAGATGTGTGCGCTTACAG,0,4693677
ybiY_ybiW_predicted,0.08333333333333333,11,11,TCACATACTACCACGGTGCA,0,4707834
ybiY_ybiW_predicted,0.08333333333333333,11,11,TCAACACGGCACTCAGACGG,0,4721326
ybiY_ybiW_predicted,0.08333333333333333,11,11,TATTCGGAGGCTGGTCCTTT,0,4705550
ybiY_ybiW_predicted,0.08333333333333333,11,11,TATTCAGAATCATCATTAAC,0,4719845
ybiY_ybiW_predicted,0.08333333333333333,11,11,TATATTTACAGTAAACTGGA,0,4709655
ybiY_ybiW_predicted,0.08333333333333333,11,11,TATATGCGGCGCTACTTAAC,0,4732515
ybiY_ybiW_predicted,0.08333333333333333,11,11,TATAGGGACTAATCGCTGCA,0,4696339
ybiY_ybiW_predicted,0.08333333333333333,11,11,TATAAAAGAAAAACCGGGCT,0,4711584
ybiY_ybiW_predicted,0.08333333333333333,11,11,TAGCAGGCAAGGAATTGCAT,0,4697309
ybiY_ybiW_predicted,0.08333333333333333,11,11,TAGATATCATATTCCAGATT,0,4699061
ybiY_ybiW_predicted,0.08333333333333333,11,11,TAGACCACAGGCCAGTATCG,0,4694037
ybiY_ybiW_predicted,0.08333333333333333,11,11,TACTTCTAACCTTCGACTTA,0,4701879
ybiY_ybiW_predicted,0.08333333333333333,11,11,TACTGGATGGGTGTCGTGCT,0,4698607
ybiY_ybiW_predicted,0.08333333333333333,11,11,TACTCATGTGGGCTCAAGTA,0,4701434
ybiY_ybiW_predicted,0.08333333333333333,11,11,TACGTGCTTGATGAACGCGT,0,4718553
ybiY_ybiW_predicted,0.08333333333333333,11,11,TACGTGCTACCCAGGTTTTT,0,4717331
ybiY_ybiW_predicted,0.08333333333333333,11,11,TAATTTCTCAACGCCGACAG,0,4706863
ybiY_ybiW_predicted,0.08333333333333333,11,11,TAATGGGTGTCACTCCACTC,0,4697956
ybiY_ybiW_predicted,0.08333333333333333,11,11,TAATATTTCAAGCTTTGACG,0,4727446
ybiY_ybiW_predicted,0.08333333333333333,11,11,TAATAAACACACTAACTTGC,0,4728982
ybiY_ybiW_predicted,0.08333333333333333,11,11,TAAGATTGTCTATGTCGAAT,0,4713168
ybiY_ybiW_predicted,0.08333333333333333,11,11,TAACTGCCCGCGTTTCCATA,0,4731753
ybiY_ybiW_predicted,0.08333333333333333,11,11,TAACCAGCCAGCCAGACGCT,0,4691812
ybiY_ybiW_predicted,0.08333333333333333,11,11,TAAACCTTTATCCTTACCGC,0,4697633
ybiY_ybiW_predicted,0.08333333333333333,11,11,GTTTCAGCTGAGTTGCGGTA,0,4697798
ybiY_ybiW_predicted,0.08333333333333333,11,11,GTTTAGCTAAACCGGTCGGA,0,4688913
ybiY_ybiW_predicted,0.08333333333333333,11,11,GTTCTCAGGGTGCAAATCGT,0,4689099
ybiY_ybiW_predicted,0.08333333333333333,11,11,GTTCGGATCGAAGAGAGGTG,0,4698507
ybiY_ybiW_predicted,0.08333333333333333,11,11,GTTATGTCTGCGACTTTTCA,0,4711948
ybiY_ybiW_predicted,0.08333333333333333,11,11,GTTAGCAGTATCGATCTGAA,0,4720855
ybiY_ybiW_predicted,0.08333333333333333,11,11,GTGTTGCAAGTCGGCCTAAA,0,4720922
ybiY_ybiW_predicted,0.08333333333333333,11,11,GTGTCTTCGCCGGGGCACGC,0,4691497
ybiY_ybiW_predicted,0.08333333333333333,11,11,GTCTCTTAGATTGTAGTCAC,0,4706137
ybiY_ybiW_predicted,0.08333333333333333,11,11,GTCGGGAGCCAAGCGTCTAT,0,4713173
ybiY_ybiW_predicted,0.08333333333333333,11,11,GTCCACTAGGTACCGCCGGC,0,4712336
ybiY_ybiW_predicted,0.08333333333333333,11,11,GTATGAGCGGCAGCGTTGGC,0,4706369
ybiY_ybiW_predicted,0.08333333333333333,11,11,GTATGACTACGCCCTACCGA,0,4696578
ybiY_ybiW_predicted,0.08333333333333333,11,11,GTATACCGCCGATCCACGAA,0,4722936
ybiY_ybiW_predicted,0.08333333333333333,11,11,GTAGTAACGAGGGTCCGGCT,0,4706187
ybiY_ybiW_predicted,0.08333333333333333,11,11,GTAGAAGTGGGTTAGCTTAC,0,4701733
ybiY_ybiW_predicted,0.08333333333333333,11,11,GGTTTATACCGGTTTGCCAC,0,4731597
ybiY_ybiW_predicted,0.08333333333333333,11,11,GGTTTAATAACTAACTTGCA,0,4704223
ybiY_ybiW_predicted,0.08333333333333333,11,11,GGTTAAAATCGGGTGATCCC,0,4713130
ybiY_ybiW_predicted,0.08333333333333333,11,11,GGTCTGTATAGGTAGTTACG,0,4703037
ybiY_ybiW_predicted,0.08333333333333333,11,11,GGTCCAGTGTTGTATTCAGT,0,4722811
ybiY_ybiW_predicted,0.08333333333333333,11,11,GGGTGAGTGACATAACACGT,0,4695927
ybiY_ybiW_predicted,0.08333333333333333,11,11,GGGTATCGGTAAGAGATTAT,0,4708279
ybiY_ybiW_predicted,0.08333333333333333,11,11,GGGGTCTCAAACGAAGTCAT,0,4722612
ybiY_ybiW_predicted,0.08333333333333333,11,11,GGGCAGGAAAGCGCGCTCAT,0,4696778
ybiY_ybiW_predicted,0.08333333333333333,11,11,GGGATAGCACAGCTATATCG,0,4730315
ybiY_ybiW_predicted,0.08333333333333333,11,11,GGGAGTGATGTCGCACGATC,0,4712548
ybiY_ybiW_predicted,0.08333333333333333,11,11,GGCTACATTACTCAGATGGT,0,4690076
ybiY_ybiW_predicted,0.08333333333333333,11,11,GGCGTTGAACTAACTTTTAA,0,4689908
ybiY_ybiW_predicted,0.08333333333333333,11,11,GGCGCCCTCCCATCCAGTGA,0,4704809
ybiY_ybiW_predicted,0.08333333333333333,11,11,GGCCAGGTCGGATAAAAGTA,0,4696395
ybiY_ybiW_predicted,0.08333333333333333,11,11,GGCCAGGGAAGCGTTGTGGA,0,4724208
ybiY_ybiW_predicted,0.08333333333333333,11,11,GGAGTAACCGCTTCACGCTC,0,4695626
ybiY_ybiW_predicted,0.08333333333333333,11,11,GGAGGGCACAAGTACAATAG,0,4729920
ybiY_ybiW_predicted,0.08333333333333333,11,11,GGAATCACTAGAAACTTCAT,0,4720962
ybiY_ybiW_predicted,0.08333333333333333,11,11,GCTTGGAATAACATAACACT,0,4731768
ybiY_ybiW_predicted,0.08333333333333333,11,11,GCTTGAAGTGCCTGCAGACT,0,4700865
ybiY_ybiW_predicted,0.08333333333333333,11,11,GCTAGCAAAGTCGCGTTGCT,0,4691167
ybiY_ybiW_predicted,0.08333333333333333,11,11,GCGGCAAATCATGGCCCGAT,0,4726919
ybiY_ybiW_predicted,0.08333333333333333,11,11,GCGCAAGTCCCGACGGATTG,0,4698531
ybiY_ybiW_predicted,0.08333333333333333,11,11,GCGAAAGCAGGGTTATGGCA,0,4718178
ybiY_ybiW_predicted,0.08333333333333333,11,11,GCCTCGGGCGGGCAGAGTGA,0,4694542
ybiY_ybiW_predicted,0.08333333333333333,11,11,GCCGTTTATGTGACTACTAA,0,4703915
ybiY_ybiW_predicted,0.08333333333333333,11,11,GCATGTGGTCGGGTGTCGAT,0,4708233
ybiY_ybiW_predicted,0.08333333333333333,11,11,GCAGTTGTCCCGGACGTATC,0,4696001
ybiY_ybiW_predicted,0.08333333333333333,11,11,GCAGCGCAATCGGAGGGTAT,0,4722264
ybiY_ybiW_predicted,0.08333333333333333,11,11,GCACCGGGCCTAGGGGTCTG,0,4723194
ybiY_ybiW_predicted,0.08333333333333333,11,11,GCACCAGTGCCAGCGTCCGT,0,4717585
ybiY_ybiW_predicted,0.08333333333333333,11,11,GCACAACCTTACTCGAGGTG,0,4712554
ybiY_ybiW_predicted,0.08333333333333333,11,11,GCAAGGCTATCCTGCTTTAT,0,4729385
ybiY_ybiW_predicted,0.08333333333333333,11,11,GATTTGACGACATGTAGCGT,0,4700142
ybiY_ybiW_predicted,0.08333333333333333,11,11,GATGGAACCTGAAGTTGGTT,0,4700186
ybiY_ybiW_predicted,0.08333333333333333,11,11,GATGCGTTCCAGCGTCGCGT,0,4720386
ybiY_ybiW_predicted,0.08333333333333333,11,11,GAGTAGTTAAACGGTTCTGG,0,4694141
ybiY_ybiW_predicted,0.08333333333333333,11,11,GACTGATGCCGCCCTGTAAA,0,4695184
ybiY_ybiW_predicted,0.08333333333333333,11,11,GACGGGATTTCTGGATTAAA,0,4706292
ybiY_ybiW_predicted,0.08333333333333333,11,11,GACCAACCTTTCCACCCACA,0,4699152
ybiY_ybiW_predicted,0.08333333333333333,11,11,GACATTTCCGGGTCTGTGCG,0,4731930
ybiY_ybiW_predicted,0.08333333333333333,11,11,GACATGTGCCTGACGAGTGT,0,4702568
ybiY_ybiW_predicted,0.08333333333333333,11,11,GACATACCTACAGGACTGAG,0,4721472
ybiY_ybiW_predicted,0.08333333333333333,11,11,GACACGCAACGAAGCTATTA,0,4719827
ybiY_ybiW_predicted,0.08333333333333333,11,11,GAATCCGGCTGAGGAAACAA,0,4693173
ybiY_ybiW_predicted,0.08333333333333333,11,11,GAAGGAAAGTGCTTCAGTTA,0,4729453
ybiY_ybiW_predicted,0.08333333333333333,11,11,GAAGAACGTCAGAAAGGTTT,0,4696058
ybiY_ybiW_predicted,0.08333333333333333,11,11,CTTGTTGAACAAGTCCTCCA,0,4723637
ybiY_ybiW_predicted,0.08333333333333333,11,11,CTTCCCGCGGAATCTGGACT,0,4724747
ybiY_ybiW_predicted,0.08333333333333333,11,11,CTTACTGACTATAGAGTTTG,0,4700012
ybiY_ybiW_predicted,0.08333333333333333,11,11,CTGTCACCAGTAGAGGCCAG,0,4690659
ybiY_ybiW_predicted,0.08333333333333333,11,11,CTGGAGCGAAAACGTCCGGT,0,4701244
ybiY_ybiW_predicted,0.08333333333333333,11,11,CTGAAGTGTAGTACAAGGCC,0,4722980
ybiY_ybiW_predicted,0.08333333333333333,11,11,CTCTTAGAGTAACTGTCGCG,0,4728355
ybiY_ybiW_predicted,0.08333333333333333,11,11,CTCAGACACAGAATTCACAA,0,4721174
ybiY_ybiW_predicted,0.08333333333333333,11,11,CTAGGATATTAGGGTCTATT,0,4688761
ybiY_ybiW_predicted,0.08333333333333333,11,11,CGTTAATTGGCTAATGATAA,0,4708540
ybiY_ybiW_predicted,0.08333333333333333,11,11,CGTGGTGATCAGGAGTCAGA,0,4724871
ybiY_ybiW_predicted,0.08333333333333333,11,11,CGTGGCGACACTCCCATCGT,0,4707316
ybiY_ybiW_predicted,0.08333333333333333,11,11,CGTCATGCGCGAAAGCTCTG,0,4696356
ybiY_ybiW_predicted,0.08333333333333333,11,11,CGTACTGCGCTACTAGTCAC,0,4712545
ybiY_ybiW_predicted,0.08333333333333333,11,11,CGGGATACCGGTCAGCCAAC,0,4697720
ybiY_ybiW_predicted,0.08333333333333333,11,11,CGCCGTGGACCCTTCTGGTA,0,4730443
ybiY_ybiW_predicted,0.08333333333333333,11,11,CGATTTCAGAATCAGGCGCT,0,4712512
ybiY_ybiW_predicted,0.08333333333333333,11,11,CGACGTACGCTCTTGATGGG,0,4714825
ybiY_ybiW_predicted,0.08333333333333333,11,11,CGACGCGACACGTTACAGTA,0,4717686
ybiY_ybiW_predicted,0.08333333333333333,11,11,CCTTTTAACGAAACGTCTTC,0,4689620
ybiY_ybiW_predicted,0.08333333333333333,11,11,CCTGGGTGCGTTGAAAGATA,0,4714709
ybiY_ybiW_predicted,0.08333333333333333,11,11,CCTCGCAAACTAACATACAC,0,4688716
ybiY_ybiW_predicted,0.08333333333333333,11,11,CCTCCGTAGTCCCAGCCATA,0,4732485
ybiY_ybiW_predicted,0.08333333333333333,11,11,CCTCCACGGGTGCCCGGGTT,0,4691612
ybiY_ybiW_predicted,0.08333333333333333,11,11,CCTAGTTATCCCGGGAATGA,0,4717696
ybiY_ybiW_predicted,0.08333333333333333,11,11,CCGTGAGCCCGTTAATCAGT,0,4715039
ybiY_ybiW_predicted,0.08333333333333333,11,11,CCGTAGGAATCCTAGGAAAC,0,4728683
ybiY_ybiW_predicted,0.08333333333333333,11,11,CCGGTCGGAGAGCAACGTAG,0,4717325
ybiY_ybiW_predicted,0.08333333333333333,11,11,CCGGCGGATCATTCGGGGTG,0,4714749
ybiY_ybiW_predicted,0.08333333333333333,11,11,CCGATTAAGAGCATGGCGGA,0,4722039
ybiY_ybiW_predicted,0.08333333333333333,11,11,CCGAGCGGTCTAAGACGTAC,0,4711231
ybiY_ybiW_predicted,0.08333333333333333,11,11,CCCTCGTGCCTCATTACCAA,0,4701198
ybiY_ybiW_predicted,0.08333333333333333,11,11,CCCGGCATAAAATGGCTAAA,0,4705975
ybiY_ybiW_predicted,0.08333333333333333,11,11,CCCGCCAACCCCAGGAACGA,0,4697748
ybiY_ybiW_predicted,0.08333333333333333,11,11,CCCATGATACGAAATGGCGT,0,4711023
ybiY_ybiW_predicted,0.08333333333333333,11,11,CCCATATACATTGTGCGACT,0,4725115
ybiY_ybiW_predicted,0.08333333333333333,11,11,CCCAGACTGGATCGTCAATA,0,4726761
ybiY_ybiW_predicted,0.08333333333333333,11,11,CCCAAAGGTCACGTTAAACC,0,4723362
ybiY_ybiW_predicted,0.08333333333333333,11,11,CCAATTTCAGAGACGCACTG,0,4721703
ybiY_ybiW_predicted,0.08333333333333333,11,11,CATTATTTAAAAGTAACATG,0,4729137
ybiY_ybiW_predicted,0.08333333333333333,11,11,CATGAGTACTCACAGGTAGT,0,4726767
ybiY_ybiW_predicted,0.08333333333333333,11,11,CATCATAGGTCGGCTCACAT,0,4712169
ybiY_ybiW_predicted,0.08333333333333333,11,11,CATCAAGTAAGGTGGATCGA,0,4715377
ybiY_ybiW_predicted,0.08333333333333333,11,11,CAGTGGACACGCCTGATTCG,0,4705616
ybiY_ybiW_predicted,0.08333333333333333,11,11,CAGTCGTTAAACGCCCCGTT,0,4726851
ybiY_ybiW_predicted,0.08333333333333333,11,11,CAGTAGATGGGCTAACGGAT,0,4715877
ybiY_ybiW_predicted,0.08333333333333333,11,11,CAGGTGTGACGTGAGGTAAA,0,4702154
ybiY_ybiW_predicted,0.08333333333333333,11,11,CAGGTCCAGAAGCAGGTCAC,0,4726759
ybiY_ybiW_predicted,0.08333333333333333,11,11,CAGGAGGGTAGGAATATTTT,0,4696660
ybiY_ybiW_predicted,0.08333333333333333,11,11,CAGATTATCTTCGATACGGT,0,4710659
ybiY_ybiW_predicted,0.08333333333333333,11,11,CAGACCCCCGGGCTGAGCGA,0,4691542
ybiY_ybiW_predicted,0.08333333333333333,11,11,CACTGCTTTTTCTGAACTTG,0,4709816
ybiY_ybiW_predicted,0.08333333333333333,11,11,CACTAGCATGATGGGTTCTT,0,4695496
ybiY_ybiW_predicted,0.08333333333333333,11,11,CACTACACACTCCGTACAAT,0,4717269
ybiY_ybiW_predicted,0.08333333333333333,11,11,CAAGTCAGAGTTTGTTTTAA,0,4701583
ybiY_ybiW_predicted,0.08333333333333333,11,11,CAACCAGGGTCTATGTCCGG,0,4704822
ybiY_ybiW_predicted,0.08333333333333333,11,11,CAAATTGCCAAATTGTAAGA,0,4718281
ybiY_ybiW_predicted,0.08333333333333333,11,11,CAAAATTTCGACTAACTCTA,0,4727105
ybiY_ybiW_predicted,0.08333333333333333,11,11,ATTGGTGGCACCTCAAAGCC,0,4715825
ybiY_ybiW_predicted,0.08333333333333333,11,11,ATTGCGGTTCCCCAAGGTGA,0,4708538
ybiY_ybiW_predicted,0.08333333333333333,11,11,ATGTATCCCAACCACACGTA,0,4727848
ybiY_ybiW_predicted,0.08333333333333333,11,11,ATGGGTCACCGTGAATCGTA,0,4710375
ybiY_ybiW_predicted,0.08333333333333333,11,11,ATGGCTTATACCCTGCGCGC,0,4698120
ybiY_ybiW_predicted,0.08333333333333333,11,11,ATGCGAATAGATAGGCGCGA,0,4712622
ybiY_ybiW_predicted,0.08333333333333333,11,11,ATGAATGGGGTTCCGAAAAC,0,4716885
ybiY_ybiW_predicted,0.08333333333333333,11,11,ATCCGTAATCGCCATGAAAG,0,4717301
ybiY_ybiW_predicted,0.08333333333333333,11,11,ATCCCCGGCCTATTCGTAAA,0,4709347
ybiY_ybiW_predicted,0.08333333333333333,11,11,ATCACTCGTTCAAAAATTCA,0,4689865
ybiY_ybiW_predicted,0.08333333333333333,11,11,ATCACGTGGAGTCTGGTAAT,0,4709234
ybiY_ybiW_predicted,0.08333333333333333,11,11,ATATGTCCTTTGTGTACTCT,0,4718072
ybiY_ybiW_predicted,0.08333333333333333,11,11,ATACGGGGAACGGAGGTTAT,0,4723398
ybiY_ybiW_predicted,0.08333333333333333,11,11,ATACGGCGAGGATCGATGTG,0,4704914
ybiY_ybiW_predicted,0.08333333333333333,11,11,ATAACGGTATCACAAAGAGC,0,4732542
ybiY_ybiW_predicted,0.08333333333333333,11,11,AGTGACGCTCGGGACGTGGA,0,4712697
ybiY_ybiW_predicted,0.08333333333333333,11,11,AGTCGGAACAGGCACCTCAT,0,4695849
ybiY_ybiW_predicted,0.08333333333333333,11,11,AGGTCCCTCGTCTTGTCGAG,0,4696966
ybiY_ybiW_predicted,0.08333333333333333,11,11,AGGCCTGAGGGGGGTATTGC,0,4690369
ybiY_ybiW_predicted,0.08333333333333333,11,11,AGCCTTAAGCCTCATACCTG,0,4730734
ybiY_ybiW_predicted,0.08333333333333333,11,11,AGAGACGTCAGTCTTTCCGT,0,4696018
ybiY_ybiW_predicted,0.08333333333333333,11,11,ACTGATTAGCCGGGGGCGTA,0,4732386
ybiY_ybiW_predicted,0.08333333333333333,11,11,ACTGATCGGCAACCCCGGTC,0,4694839
ybiY_ybiW_predicted,0.08333333333333333,11,11,ACTATTGTCGGTTGCCTGGC,0,4697003
ybiY_ybiW_predicted,0.08333333333333333,11,11,ACTAGCTGGATGCCGCGTCT,0,4712755
ybiY_ybiW_predicted,0.08333333333333333,11,11,ACGGTTATAGGACAGGGATA,0,4717418
ybiY_ybiW_predicted,0.08333333333333333,11,11,ACGGTCTCAGTACGTGGCGC,0,4723777
ybiY_ybiW_predicted,0.08333333333333333,11,11,ACGGCAGTCGGCTTCGTGTG,0,4726804
ybiY_ybiW_predicted,0.08333333333333333,11,11,ACGGAGGGCGCTGGAACCAA,0,4711205
ybiY_ybiW_predicted,0.08333333333333333,11,11,ACGCTGGCATTGGGTTTATG,0,4722771
ybiY_ybiW_predicted,0.08333333333333333,11,11,ACGCCGCGGTAGGTAGTACT,0,4701200
ybiY_ybiW_predicted,0.08333333333333333,11,11,ACCTGAATCCCCTGGACTGC,0,4705699
ybiY_ybiW_predicted,0.08333333333333333,11,11,ACCTAGACCATGACAAAGCA,0,4702820
ybiY_ybiW_predicted,0.08333333333333333,11,11,ACCATAGCCATTTGCACGGA,0,4696110
ybiY_ybiW_predicted,0.08333333333333333,11,11,ACCACTACAGTCATCTTCAC,0,4722423
ybiY_ybiW_predicted,0.08333333333333333,11,11,ACAGTGCATTGTTCACACGT,0,4703981
ybiY_ybiW_predicted,0.08333333333333333,11,11,ACACTCCGGTTTTCTACAGG,0,4696850
ybiY_ybiW_predicted,0.08333333333333333,11,11,AATTGTATCGATGTTTACAA,0,4710718
ybiY_ybiW_predicted,0.08333333333333333,11,11,AATGGATGTACATCGTATTA,0,4722196
ybiY_ybiW_predicted,0.08333333333333333,11,11,AATGCACCCGTCCGGAAGGT,0,4720556
ybiY_ybiW_predicted,0.08333333333333333,11,11,AATCGATTCAATAATCGCGG,0,4698702
ybiY_ybiW_predicted,0.08333333333333333,11,11,AATCCTGTCAATGAGTGTCC,0,4714139
ybiY_ybiW_predicted,0.08333333333333333,11,11,AATAGTATCGTAGGCCCTTT,0,4699957
ybiY_ybiW_predicted,0.08333333333333333,11,11,AAGTTTAACGCTTGAATCGT,0,4727088
ybiY_ybiW_predicted,0.08333333333333333,11,11,AAGTTGGCGAATCTTGGTGA,0,4689940
ybiY_ybiW_predicted,0.08333333333333333,11,11,AAGTAGGAGGTCCTCTACAA,0,4713602
ybiY_ybiW_predicted,0.08333333333333333,11,11,AAGGTACTCGTTGGCCAGCG,0,4689939
ybiY_ybiW_predicted,0.08333333333333333,11,11,AAGGATTGATTCGTCGTCGC,0,4695992
ybiY_ybiW_predicted,0.08333333333333333,11,11,AAGGACGTTACGCTGATGTA,0,4703864
ybiY_ybiW_predicted,0.08333333333333333,11,11,AAGCGCACGAAAGTTTCACA,0,4723628
ybiY_ybiW_predicted,0.08333333333333333,11,11,AAGCGACCACAGCATTTATG,0,4705545
ybiY_ybiW_predicted,0.08333333333333333,11,11,AAGCATGTCAATGGTTCCTT,0,4728230
ybiY_ybiW_predicted,0.08333333333333333,11,11,AACGGTACCAACGCGGACAT,0,4694707
ybiY_ybiW_predicted,0.08333333333333333,11,11,AACGGGCATTTTCTGCAGTT,0,4709307
ybiY_ybiW_predicted,0.08333333333333333,11,11,AACAGGGACCGACCCAGGCC,0,4705222
ybiY_ybiW_predicted,0.08333333333333333,11,11,AACACTGGCTGAATCCATTT,0,4719807
ybiY_ybiW_predicted,0.08333333333333333,11,11,AACAATCCTCTGGAGCCGCT,0,4716263
ybiY_ybiW_predicted,0.08333333333333333,11,11,AAAGTCGTGTAACCCCGCTC,0,4696310
ybiY_ybiW_predicted,0.08333333333333333,11,11,AAAGCTTCAGGTAAAGACCA,0,4727118
ybiY_ybiW_predicted,0.08333333333333333,11,11,AAACGTATATACGCAGTATA,0,4721610
ybiY_ybiW_predicted,0.09090909090909091,10,10,TTTTGATCATTAGTTAAATC,0,4712077
ybiY_ybiW_predicted,0.09090909090909091,10,10,TTTTCTTATGAATGAGGAGC,0,4706092
ybiY_ybiW_predicted,0.09090909090909091,10,10,TTTTAAGGACCACCGTACGC,0,4729138
ybiY_ybiW_predicted,0.09090909090909091,10,10,TTTGCGTTTAGAATAGCTCG,0,4722694
ybiY_ybiW_predicted,0.09090909090909091,10,10,TTTGACTGGTTATGATATAG,0,4689187
ybiY_ybiW_predicted,0.09090909090909091,10,10,TTTCGGATATCTCGCTAGTT,0,4702490
ybiY_ybiW_predicted,0.09090909090909091,10,10,TTGTTTTAACGATGTGTTGC,0,4713273
ybiY_ybiW_predicted,0.09090909090909091,10,10,TTGTGGGCGGAGAGATCATG,0,4730118
ybiY_ybiW_predicted,0.09090909090909091,10,10,TTGTGAAGTTAATTCTCCAA,0,4700739
ybiY_ybiW_predicted,0.09090909090909091,10,10,TTGGTTTACTGTAAACCGAC,0,4723877
ybiY_ybiW_predicted,0.09090909090909091,10,10,TTGGGGCACTACCCTCTTGG,0,4714986
ybiY_ybiW_predicted,0.09090909090909091,10,10,TTCTAGTTTGCCCGGTTTTT,0,4697920
ybiY_ybiW_predicted,0.09090909090909091,10,10,TTCGGAAAGTCCCGGAGGAG,0,4716235
ybiY_ybiW_predicted,0.09090909090909091,10,10,TTCCGGGAAGCGTAGATAGT,0,4729786
ybiY_ybiW_predicted,0.09090909090909091,10,10,TTATGTACCATTATCATCAC,0,4727379
ybiY_ybiW_predicted,0.09090909090909091,10,10,TTACCGACGCGGCAGGAATT,0,4713205
ybiY_ybiW_predicted,0.09090909090909091,10,10,TTAAGCGGTGCTTAAGGTTG,0,4702687
ybiY_ybiW_predicted,0.09090909090909091,10,10,TTAACTCCGTCATAGTAAAG,0,4710167
ybiY_ybiW_predicted,0.09090909090909091,10,10,TGTTGTCCCGGGTAAGCTAA,0,4702177
ybiY_ybiW_predicted,0.09090909090909091,10,10,TGTTCTGGGTGGGGTTACCA,0,4716446
ybiY_ybiW_predicted,0.09090909090909091,10,10,TGTTCACCGTAAGTGATTCT,0,4706517
ybiY_ybiW_predicted,0.09090909090909091,10,10,TGTTAAGGATATCAATTGGG,0,4696780
ybiY_ybiW_predicted,0.09090909090909091,10,10,TGTAAAACGGCATTGCAAAC,0,4711550
ybiY_ybiW_predicted,0.09090909090909091,10,10,TGGTGGAAGGTACGTTCGTA,0,4718887
ybiY_ybiW_predicted,0.09090909090909091,10,10,TGGGTTGGGATGGTCTGCGC,0,4714604
ybiY_ybiW_predicted,0.09090909090909091,10,10,TGGGGCGGCTTCAGAAGTAT,0,4706659
ybiY_ybiW_predicted,0.09090909090909091,10,10,TGGGGAGTTGGAGGAACAAA,0,4703222
ybiY_ybiW_predicted,0.09090909090909091,10,10,TGGCCGCACCGCTGTGGCTT,0,4698009
ybiY_ybiW_predicted,0.09090909090909091,10,10,TGGCATCTGCCAACTAGCTG,0,4691922
ybiY_ybiW_predicted,0.09090909090909091,10,10,TGGCAGTTTAAGGCGAGAAG,0,4705703
ybiY_ybiW_predicted,0.09090909090909091,10,10,TGGATACGGATGAGGCTTTG,0,4717220
ybiY_ybiW_predicted,0.09090909090909091,10,10,TGGAACCACCCTTGGGGGTT,0,4694050
ybiY_ybiW_predicted,0.09090909090909091,10,10,TGCTCACGGTGACTTATCTA,0,4712235
ybiY_ybiW_predicted,0.09090909090909091,10,10,TGCCAATCTTGCACCGGTAG,0,4712949
ybiY_ybiW_predicted,0.09090909090909091,10,10,TGCATATGACCCAACCCTAA,0,4691243
ybiY_ybiW_predicted,0.09090909090909091,10,10,TGCACGGGGCTCCTCGTATC,0,4697119
ybiY_ybiW_predicted,0.09090909090909091,10,10,TGCACCGGCAGCTAGTGGTG,0,4707334
ybiY_ybiW_predicted,0.09090909090909091,10,10,TGAAGACATCACAATGCACA,0,4692505
ybiY_ybiW_predicted,0.09090909090909091,10,10,TGAAAAACACTTGGGCCGTT,0,4698318
ybiY_ybiW_predicted,0.09090909090909091,10,10,TCTACCCGCTGTCTATAGTC,0,4700770
ybiY_ybiW_predicted,0.09090909090909091,10,10,TCGTTAAGTCTAGTTCTGTA,0,4703570
ybiY_ybiW_predicted,0.09090909090909091,10,10,TCGTCGGGTCTCCTCGCATA,0,4723933
ybiY_ybiW_predicted,0.09090909090909091,10,10,TCGGACTACGTGTGATCACT,0,4719233
ybiY_ybiW_predicted,0.09090909090909091,10,10,TCGCAGCGCTATTAGGGTGA,0,4694130
ybiY_ybiW_predicted,0.09090909090909091,10,10,TCGAAGGGGAGACAGCACGG,0,4709308
ybiY_ybiW_predicted,0.09090909090909091,10,10,TCCCGTTTTCAGCGCGCCTT,0,4702776
ybiY_ybiW_predicted,0.09090909090909091,10,10,TCACCTGCGAGATGCGGGAA,0,4693002
ybiY_ybiW_predicted,0.09090909090909091,10,10,TCACCCTTCACTAGGCCTAA,0,4720029
ybiY_ybiW_predicted,0.09090909090909091,10,10,TCAATGTATAGCACTATGCA,0,4704913
ybiY_ybiW_predicted,0.09090909090909091,10,10,TCAATATGGGGAATGTGTCT,0,4693646
ybiY_ybiW_predicted,0.09090909090909091,10,10,TATCTTTTCCGCATGTAGTA,0,4720189
ybiY_ybiW_predicted,0.09090909090909091,10,10,TAGGTAACTGGTCTAGTACA,0,4704640
ybiY_ybiW_predicted,0.09090909090909091,10,10,TAGGGGAATCAGGGTAGGCA,0,4695075
ybiY_ybiW_predicted,0.09090909090909091,10,10,TAGGGCATGAATATCTTAGA,0,4696934
ybiY_ybiW_predicted,0.09090909090909091,10,10,TAGGCACTTAAACCATATAA,0,4706270
ybiY_ybiW_predicted,0.09090909090909091,10,10,TAGGACCCACCCTTCCGCTT,0,4721573
ybiY_ybiW_predicted,0.09090909090909091,10,10,TAGGAACCCTTGGTTATCAT,0,4723251
ybiY_ybiW_predicted,0.09090909090909091,10,10,TAGCGCACCTATGTGTAGAT,0,4720866
ybiY_ybiW_predicted,0.09090909090909091,10,10,TAGCCTGCCCTGCGGCCGCC,0,4725755
ybiY_ybiW_predicted,0.09090909090909091,10,10,TAGATGAGGGGAAACTTGCT,0,4712426
ybiY_ybiW_predicted,0.09090909090909091,10,10,TACTTTTCATTGCCCTAAAC,0,4698162
ybiY_ybiW_predicted,0.09090909090909091,10,10,TACTTTCTCATAACGTTATT,0,4717246
ybiY_ybiW_predicted,0.09090909090909091,10,10,TACTATGACATGCTGGGTTG,0,4702163
ybiY_ybiW_predicted,0.09090909090909091,10,10,TACGTGACGTAAGCATCTCC,0,4693823
ybiY_ybiW_predicted,0.09090909090909091,10,10,TACGGGTATTACTTGCGCCG,0,4723264
ybiY_ybiW_predicted,0.09090909090909091,10,10,TACCGCTAGGCAGCTCCGGA,0,4698313
ybiY_ybiW_predicted,0.09090909090909091,10,10,TAAGGGGTCTACCCATCGTA,0,4695248
ybiY_ybiW_predicted,0.09090909090909091,10,10,TAAACCATACATTTTTTGCA,0,4708541
ybiY_ybiW_predicted,0.09090909090909091,10,10,GTGTACTTAATAAATATCAT,0,4709861
ybiY_ybiW_predicted,0.09090909090909091,10,10,GTGGTATCGCCACGATCTGT,0,4730880
ybiY_ybiW_predicted,0.09090909090909091,10,10,GTGGGGGGGCGTTCAGTCTA,0,4716185
ybiY_ybiW_predicted,0.09090909090909091,10,10,GTGCCTGGGGGGCTCAGTTT,0,4714641
ybiY_ybiW_predicted,0.09090909090909091,10,10,GTGCATCACCGATCCTGGTC,0,4709501
ybiY_ybiW_predicted,0.09090909090909091,10,10,GTCTTGCTTCGCGCGCGTAT,0,4706320
ybiY_ybiW_predicted,0.09090909090909091,10,10,GTCTGGTTATCTGATACCTT,0,4704981
ybiY_ybiW_predicted,0.09090909090909091,10,10,GTCTGAGACCAAGTACCTAG,0,4709537
ybiY_ybiW_predicted,0.09090909090909091,10,10,GTCTCAAGCACGGCCGTGGG,0,4723141
ybiY_ybiW_predicted,0.09090909090909091,10,10,GTCGTTGTAGTGGTGCAATC,0,4709665
ybiY_ybiW_predicted,0.09090909090909091,10,10,GTCAAGTGAGCTTTGTGTCA,0,4727275
ybiY_ybiW_predicted,0.09090909090909091,10,10,GTACTAGCAGCTAACACAAG,0,4721798
ybiY_ybiW_predicted,0.09090909090909091,10,10,GTAAATTCTACCTAGTGGGT,0,4696574
ybiY_ybiW_predicted,0.09090909090909091,10,10,GGTTTGGTGGGGCTACGTAG,0,4716987
ybiY_ybiW_predicted,0.09090909090909091,10,10,GGTTTGAGATGAATAATCAT,0,4715947
ybiY_ybiW_predicted,0.09090909090909091,10,10,GGTGGATCCGATTGAGCCGA,0,4730605
ybiY_ybiW_predicted,0.09090909090909091,10,10,GGTGCGTCGCGTGTCAACGC,0,4728794
ybiY_ybiW_predicted,0.09090909090909091,10,10,GGTCGCGAGAGGGGGTCACT,0,4725874
ybiY_ybiW_predicted,0.09090909090909091,10,10,GGTCATTGCACAGCTACAAT,0,4710108
ybiY_ybiW_predicted,0.09090909090909091,10,10,GGTATTCGTTGGCCAACGTC,0,4689410
ybiY_ybiW_predicted,0.09090909090909091,10,10,GGTACGTTCGCACTTCGTTA,0,4708365
ybiY_ybiW_predicted,0.09090909090909091,10,10,GGTAACCTAATTTGAGTCAG,0,4709074
ybiY_ybiW_predicted,0.09090909090909091,10,10,GGTAACATTTGTACACTCTG,0,4727260
ybiY_ybiW_predicted,0.09090909090909091,10,10,GGGGCGAACAGCTGTCTGTA,0,4696508
ybiY_ybiW_predicted,0.09090909090909091,10,10,GGGCTCTTGTGACCGGCTGT,0,4729620
ybiY_ybiW_predicted,0.09090909090909091,10,10,GGGCGGCAGGTAAGGGTCAA,0,4708345
ybiY_ybiW_predicted,0.09090909090909091,10,10,GGGCGCTAAAATGGCGCCAA,0,4726155
ybiY_ybiW_predicted,0.09090909090909091,10,10,GGGCCGCAGCCGTCGGTTCG,0,4705210
ybiY_ybiW_predicted,0.09090909090909091,10,10,GGGCACTTTGCCCGCATCGG,0,4722288
ybiY_ybiW_predicted,0.09090909090909091,10,10,GGGCACCGACTAATTCGGCG,0,4722586
ybiY_ybiW_predicted,0.09090909090909091,10,10,GGCTTTTGTTAACTTCGACT,0,4691565
ybiY_ybiW_predicted,0.09090909090909091,10,10,GGCCGTTCGGACAAATTTAT,0,4695117
ybiY_ybiW_predicted,0.09090909090909091,10,10,GGCATCCACAGCACGACATC,0,4713888
ybiY_ybiW_predicted,0.09090909090909091,10,10,GGAGTATGGAAGGTCTTAAT,0,4705232
ybiY_ybiW_predicted,0.09090909090909091,10,10,GGAGGTATGAACTACGGACA,0,4689584
ybiY_ybiW_predicted,0.09090909090909091,10,10,GGACTAGAGGTGTGTATCAC,0,4716509
ybiY_ybiW_predicted,0.09090909090909091,10,10,GCTGACAGACAGCCCCTCGG,0,4688903
ybiY_ybiW_predicted,0.09090909090909091,10,10,GCTAGCTGTAGATCAGTGCT,0,4718755
ybiY_ybiW_predicted,0.09090909090909091,10,10,GCTAGCTGAAGGCTCGTTCT,0,4694700
ybiY_ybiW_predicted,0.09090909090909091,10,10,GCGGGCAAGCAAAGGAACCG,0,4715256
ybiY_ybiW_predicted,0.09090909090909091,10,10,GCGGACGTTGCTCGAATCTT,0,4719893
ybiY_ybiW_predicted,0.09090909090909091,10,10,GCGCCCGGGGCAATACTATC,0,4691618
ybiY_ybiW_predicted,0.09090909090909091,10,10,GCCGGCGCATATCTGGATCG,0,4690145
ybiY_ybiW_predicted,0.09090909090909091,10,10,GCCGCACCAAACGGTAGTGC,0,4708347
ybiY_ybiW_predicted,0.09090909090909091,10,10,GCCCGATACAGCCTTGTGCG,0,4698973
ybiY_ybiW_predicted,0.09090909090909091,10,10,GCAGTCCCGTAGTGGCGTAT,0,4720480
ybiY_ybiW_predicted,0.09090909090909091,10,10,GCAGGTCCTGGACACTGGAG,0,4707126
ybiY_ybiW_predicted,0.09090909090909091,10,10,GCAAGTGGCGCACACATTGC,0,4690198
ybiY_ybiW_predicted,0.09090909090909091,10,10,GCAAAGACACGCCATCCCCC,0,4725200
ybiY_ybiW_predicted,0.09090909090909091,10,10,GATGACGGAATTGAATCGCC,0,4727235
ybiY_ybiW_predicted,0.09090909090909091,10,10,GAGTATGACTGTCTTGTAGC,0,4696672
ybiY_ybiW_predicted,0.09090909090909091,10,10,GAGGAGTCTGACTTGCGAAG,0,4709719
ybiY_ybiW_predicted,0.09090909090909091,10,10,GAGGAATTACATAAAGTACA,0,4702589
ybiY_ybiW_predicted,0.09090909090909091,10,10,GAGCCGATCTGTACTTTATC,0,4726437
ybiY_ybiW_predicted,0.09090909090909091,10,10,GACCTAGGCTCTTCCGTGAT,0,4727211
ybiY_ybiW_predicted,0.09090909090909091,10,10,GAACGTTCGGATCACAAACT,0,4689090
ybiY_ybiW_predicted,0.09090909090909091,10,10,GAACGTTCACGGATAAGCGG,0,4709828
ybiY_ybiW_predicted,0.09090909090909091,10,10,CTTCGGCTTAGGCAGCCATA,0,4692845
ybiY_ybiW_predicted,0.09090909090909091,10,10,CTTCCGAACCCACGGAGAGC,0,4695551
ybiY_ybiW_predicted,0.09090909090909091,10,10,CTTCCCGGGATATCCAGAAT,0,4727987
ybiY_ybiW_predicted,0.09090909090909091,10,10,CTTATCGTAGGAAATGGTCT,0,4705500
ybiY_ybiW_predicted,0.09090909090909091,10,10,CTGTGATTAGGGTGGGTCAG,0,4721117
ybiY_ybiW_predicted,0.09090909090909091,10,10,CTGCGCGCGCAAAGCGTAGT,0,4688480
ybiY_ybiW_predicted,0.09090909090909091,10,10,CTGATGACAATAGTGTAAGT,0,4716597
ybiY_ybiW_predicted,0.09090909090909091,10,10,CTGAATAGTTTGAGGGTAAG,0,4731708
ybiY_ybiW_predicted,0.09090909090909091,10,10,CTCGGTGCTTTACTTCTGTC,0,4718414
ybiY_ybiW_predicted,0.09090909090909091,10,10,CTCCTAGGCTTCTACGGCAG,0,4690450
ybiY_ybiW_predicted,0.09090909090909091,10,10,CTCATAAGACGGATAAGGAG,0,4725004
ybiY_ybiW_predicted,0.09090909090909091,10,10,CTATAAGAGAGGCCCCGGAG,0,4693839
ybiY_ybiW_predicted,0.09090909090909091,10,10,CTAGACCCCTTGTCTCTCTA,0,4716951
ybiY_ybiW_predicted,0.09090909090909091,10,10,CTACTGGGAGTGAGGGGGGT,0,4707667
ybiY_ybiW_predicted,0.09090909090909091,10,10,CTACCTGGCAGGAGATGTTA,0,4731112
ybiY_ybiW_predicted,0.09090909090909091,10,10,CTAATTGAAACAGTCTACAT,0,4700063
ybiY_ybiW_predicted,0.09090909090909091,10,10,CTAAGGCGACGAGCGGATAG,0,4727412
ybiY_ybiW_predicted,0.09090909090909091,10,10,CGTTGGGCTGGCATCATGTT,0,4708113
ybiY_ybiW_predicted,0.09090909090909091,10,10,CGTGAAGGGCTACCAAACAT,0,4706183
ybiY_ybiW_predicted,0.09090909090909091,10,10,CGTATTCTTCGATCCTTATG,0,4691926
ybiY_ybiW_predicted,0.09090909090909091,10,10,CGTAGATAACGTCCTAATCA,0,4695218
ybiY_ybiW_predicted,0.09090909090909091,10,10,CGGTCTAATCTGTAATATTC,0,4720021
ybiY_ybiW_predicted,0.09090909090909091,10,10,CGGGTTAGGCATTACTACCT,0,4698001
ybiY_ybiW_predicted,0.09090909090909091,10,10,CGGGGCCTGAGGCATCCCAA,0,4708676
ybiY_ybiW_predicted,0.09090909090909091,10,10,CGGCTCGGCGTACATCAGAG,0,4704683
ybiY_ybiW_predicted,0.09090909090909091,10,10,CGGCCCCTGCGAGATTAAGA,0,4724794
ybiY_ybiW_predicted,0.09090909090909091,10,10,CGGCCAACACTCAGTCCTGC,0,4698117
ybiY_ybiW_predicted,0.09090909090909091,10,10,CGCTCGGCCCATTACTACGA,0,4701316
ybiY_ybiW_predicted,0.09090909090909091,10,10,CGCGTCCGGGGTAGTGCATC,0,4713163
ybiY_ybiW_predicted,0.09090909090909091,10,10,CGCGAGACGGGCCGACAGTG,0,4708245
ybiY_ybiW_predicted,0.09090909090909091,10,10,CGAAGAAGAAAGGGAAGCTA,0,4719611
ybiY_ybiW_predicted,0.09090909090909091,10,10,CCTTGGTGGTCTCGTCACAG,0,4722588
ybiY_ybiW_predicted,0.09090909090909091,10,10,CCTTCGCCGCAGCGCGGTCA,0,4694679
ybiY_ybiW_predicted,0.09090909090909091,10,10,CCTATGTGCCAGAACTCGGT,0,4723001
ybiY_ybiW_predicted,0.09090909090909091,10,10,CCTATATAGCTACTAGGTAA,0,4721375
ybiY_ybiW_predicted,0.09090909090909091,10,10,CCTAAATTCGCCAATCAACT,0,4698321
ybiY_ybiW_predicted,0.09090909090909091,10,10,CCGTGACCAGATTCATCTGG,0,4731829
ybiY_ybiW_predicted,0.09090909090909091,10,10,CCGGATGAGTATCGGGCGAT,0,4707730
ybiY_ybiW_predicted,0.09090909090909091,10,10,CCGGAAAGACGTAGTACGAT,0,4706632
ybiY_ybiW_predicted,0.09090909090909091,10,10,CCGACGTCCAATGTTAGGAT,0,4727271
ybiY_ybiW_predicted,0.09090909090909091,10,10,CCCGCTGTGGCCCAAACGTC,0,4721704
ybiY_ybiW_predicted,0.09090909090909091,10,10,CCCCGGAACAACGTCATCTA,0,4693699
ybiY_ybiW_predicted,0.09090909090909091,10,10,CCCCGCGATGGGGTACCGTG,0,4716045
ybiY_ybiW_predicted,0.09090909090909091,10,10,CCCATGGTCCCGTCTTCCTA,0,4717936
ybiY_ybiW_predicted,0.09090909090909091,10,10,CCCAAGTAACTTGTTTGAGC,0,4713165
ybiY_ybiW_predicted,0.09090909090909091,10,10,CCCAAGCTTTGGAACAGGAG,0,4719889
ybiY_ybiW_predicted,0.09090909090909091,10,10,CCATTAAATTGTCCATCTGA,0,4704351
ybiY_ybiW_predicted,0.09090909090909091,10,10,CCACGGAGGGTGTTGTTAGG,0,4718886
ybiY_ybiW_predicted,0.09090909090909091,10,10,CCAAGAGCGATAGCGTGGAG,0,4698278
ybiY_ybiW_predicted,0.09090909090909091,10,10,CATTAATAAATCCCGTCGAT,0,4729418
ybiY_ybiW_predicted,0.09090909090909091,10,10,CATGTAGGTGTTGCCTCATA,0,4709205
ybiY_ybiW_predicted,0.09090909090909091,10,10,CATGGCGATATCGCAGGAGC,0,4701546
ybiY_ybiW_predicted,0.09090909090909091,10,10,CATCGTTTGCCGGGAGGGCA,0,4722796
ybiY_ybiW_predicted,0.09090909090909091,10,10,CATATGGGGGGCACCTAGCA,0,4726257
ybiY_ybiW_predicted,0.09090909090909091,10,10,CAGCTCGTGTATGCGAACGT,0,4731882
ybiY_ybiW_predicted,0.09090909090909091,10,10,CAGCATCTTATCAAACGAGT,0,4713918
ybiY_ybiW_predicted,0.09090909090909091,10,10,CAGACTTAACCCACGGCAGT,0,4702271
ybiY_ybiW_predicted,0.09090909090909091,10,10,CAGACACACGTACATATGGA,0,4702993
ybiY_ybiW_predicted,0.09090909090909091,10,10,CACGACGCCTGGCAGAATTC,0,4712677
ybiY_ybiW_predicted,0.09090909090909091,10,10,CACCTCTTCGGGCATTAAAA,0,4711296
ybiY_ybiW_predicted,0.09090909090909091,10,10,CACCGATATTTACTTCACTC,0,4730804
ybiY_ybiW_predicted,0.09090909090909091,10,10,CACAATATCCAAGCCGCAAA,0,4726614
ybiY_ybiW_predicted,0.09090909090909091,10,10,CAATTGGCGCCAACTTGGGT,0,4715296
ybiY_ybiW_predicted,0.09090909090909091,10,10,CAATGTCAATTGTGCCCAGT,0,4705051
ybiY_ybiW_predicted,0.09090909090909091,10,10,CAATGTAGATCGCGGCACAT,0,4713394
ybiY_ybiW_predicted,0.09090909090909091,10,10,CAAGTAGGCCGAAGCCTTTA,0,4731951
ybiY_ybiW_predicted,0.09090909090909091,10,10,CAAGGGACGTGCTAATTTGA,0,4721660
ybiY_ybiW_predicted,0.09090909090909091,10,10,CAAAGAACGTCTGAGTTAAG,0,4704662
ybiY_ybiW_predicted,0.09090909090909091,10,10,ATTTTTGTTATGGACAATTG,0,4701805
ybiY_ybiW_predicted,0.09090909090909091,10,10,ATTTAGGACAGTGTGCAGAT,0,4693583
ybiY_ybiW_predicted,0.09090909090909091,10,10,ATTACTCGCATTCTATTTCT,0,4704916
ybiY_ybiW_predicted,0.09090909090909091,10,10,ATTAAAGGTCATTCTTTGTC,0,4693418
ybiY_ybiW_predicted,0.09090909090909091,10,10,ATGGGACATGATTCAATTGA,0,4705277
ybiY_ybiW_predicted,0.09090909090909091,10,10,ATGGCCGATCCAGGCGCTGA,0,4698049
ybiY_ybiW_predicted,0.09090909090909091,10,10,ATCGTGCACTCCTTGTGCTG,0,4721562
ybiY_ybiW_predicted,0.09090909090909091,10,10,ATCGCGAACATTAGTCTACA,0,4728484
ybiY_ybiW_predicted,0.09090909090909091,10,10,ATCCTACAACCAGTTAGCCG,0,4722321
ybiY_ybiW_predicted,0.09090909090909091,10,10,ATCCAAGGGTCTAATAGGCT,0,4692026
ybiY_ybiW_predicted,0.09090909090909091,10,10,ATATTACCGTTGGTGTGACC,0,4720831
ybiY_ybiW_predicted,0.09090909090909091,10,10,ATATATGAGACGGGTACTTG,0,4701687
ybiY_ybiW_predicted,0.09090909090909091,10,10,ATAGGATAACGACGTGGCCT,0,4720715
ybiY_ybiW_predicted,0.09090909090909091,10,10,ATACCTATTTTCCGGTTGTT,0,4699365
ybiY_ybiW_predicted,0.09090909090909091,10,10,ATACCGGACAAACATACGCT,0,4726443
ybiY_ybiW_predicted,0.09090909090909091,10,10,ATACATCGGACCAGACCGTG,0,4701797
ybiY_ybiW_predicted,0.09090909090909091,10,10,ATAAGTTCTGTAGGAAGGAT,0,4709036
ybiY_ybiW_predicted,0.09090909090909091,10,10,ATAAGCCAGAGTTTCTCTCG,0,4704873
ybiY_ybiW_predicted,0.09090909090909091,10,10,AGTTCGAGCCCTGTTGTGTG,0,4727347
ybiY_ybiW_predicted,0.09090909090909091,10,10,AGTTCCCTATTATTGTTCGT,0,4708947
ybiY_ybiW_predicted,0.09090909090909091,10,10,AGTTCCCCATCGGGGCCATG,0,4688476
ybiY_ybiW_predicted,0.09090909090909091,10,10,AGTGGACTTGTACTAAGTTA,0,4689250
ybiY_ybiW_predicted,0.09090909090909091,10,10,AGTGCAGACCACGCTGGAAG,0,4713010
ybiY_ybiW_predicted,0.09090909090909091,10,10,AGTCCCATAACGTCGCGGCC,0,4690557
ybiY_ybiW_predicted,0.09090909090909091,10,10,AGTCATCAGGTTGGGTGCTT,0,4689275
ybiY_ybiW_predicted,0.09090909090909091,10,10,AGTAGTAGCACGTCGATGCA,0,4712128
ybiY_ybiW_predicted,0.09090909090909091,10,10,AGGTTACTGGCATACCAACC,0,4694395
ybiY_ybiW_predicted,0.09090909090909091,10,10,AGGTCATTCTTCTATCTAGT,0,4716953
ybiY_ybiW_predicted,0.09090909090909091,10,10,AGGGTTACCGTGCGGTGTGT,0,4716736
ybiY_ybiW_predicted,0.09090909090909091,10,10,AGGGGACCATCGCAAGTCTT,0,4689142
ybiY_ybiW_predicted,0.09090909090909091,10,10,AGGGCCGACATTGTTCCCCT,0,4711775
ybiY_ybiW_predicted,0.09090909090909091,10,10,AGGCTAGAGACTGAGATGAT,0,4711054
ybiY_ybiW_predicted,0.09090909090909091,10,10,AGGATCGAGCTTCCAAATAG,0,4709552
ybiY_ybiW_predicted,0.09090909090909091,10,10,AGCTTATGGGTGCAGGTTGT,0,4696034
ybiY_ybiW_predicted,0.09090909090909091,10,10,AGCCTATGGAAGGGCTTAAA,0,4690211
ybiY_ybiW_predicted,0.09090909090909091,10,10,AGCCAACTGTCACTAACCGA,0,4694371
ybiY_ybiW_predicted,0.09090909090909091,10,10,AGCATAGCGTACTCGATTGT,0,4711594
ybiY_ybiW_predicted,0.09090909090909091,10,10,AGCACGCGTCGTCGCGGCGT,0,4699942
ybiY_ybiW_predicted,0.09090909090909091,10,10,AGATCACTAGGCGTGTCTGA,0,4719507
ybiY_ybiW_predicted,0.09090909090909091,10,10,AGAGTGTGGTGGGTTGCAGA,0,4720454
ybiY_ybiW_predicted,0.09090909090909091,10,10,AGAATATGGTCTGCAGCACA,0,4726789
ybiY_ybiW_predicted,0.09090909090909091,10,10,ACTTTTTGACGTGACAATCG,0,4708788
ybiY_ybiW_predicted,0.09090909090909091,10,10,ACTTAAGGGCGAGATGAAAC,0,4731518
ybiY_ybiW_predicted,0.09090909090909091,10,10,ACTACAGGACGGCGGTCCCT,0,4713519
ybiY_ybiW_predicted,0.09090909090909091,10,10,ACGTGTCAAAACAGAGCGTA,0,4700712
ybiY_ybiW_predicted,0.09090909090909091,10,10,ACGTCAGAGTAGTTGCATGA,0,4731184
ybiY_ybiW_predicted,0.09090909090909091,10,10,ACGGGGTTCAGATGACGGCT,0,4701878
ybiY_ybiW_predicted,0.09090909090909091,10,10,ACGGCGCAAGTCAACAGGCT,0,4724206
ybiY_ybiW_predicted,0.09090909090909091,10,10,ACGAAACTAGGGAAGCGGAT,0,4713147
ybiY_ybiW_predicted,0.09090909090909091,10,10,ACCTTTGAAGAAGCTGGTTA,0,4700197
ybiY_ybiW_predicted,0.09090909090909091,10,10,ACCTGAAGCGGATTATGTCG,0,4709412
ybiY_ybiW_predicted,0.09090909090909091,10,10,ACCGGCTGACAGTCCAGTCT,0,4702510
ybiY_ybiW_predicted,0.09090909090909091,10,10,ACCGCAAGAGGCACCTCCAA,0,4718266
ybiY_ybiW_predicted,0.09090909090909091,10,10,ACCCTAGTTATAACAAGACG,0,4723330
ybiY_ybiW_predicted,0.09090909090909091,10,10,ACCCCGCGGCTACCCGCTCT,0,4719668
ybiY_ybiW_predicted,0.09090909090909091,10,10,ACCATATGTCATTGCAAGCT,0,4714389
ybiY_ybiW_predicted,0.09090909090909091,10,10,ACATGATGAATGGAGTGTCC,0,4717657
ybiY_ybiW_predicted,0.09090909090909091,10,10,ACATCCCCCGAATGCTCTTA,0,4727512
ybiY_ybiW_predicted,0.09090909090909091,10,10,ACAGCACGATAAGATGGATG,0,4710838
ybiY_ybiW_predicted,0.09090909090909091,10,10,ACACTCTCCCCTTCTCGCGG,0,4689420
ybiY_ybiW_predicted,0.09090909090909091,10,10,ACACTCCCTAGATTACTTCA,0,4707269
ybiY_ybiW_predicted,0.09090909090909091,10,10,ACACTACAGTGTACTCATGC,0,4691636
ybiY_ybiW_predicted,0.09090909090909091,10,10,ACACGTTGCCTGTTACTAGG,0,4695999
ybiY_ybiW_predicted,0.09090909090909091,10,10,ACAAGCGATACCTTAAGTGG,0,4704297
ybiY_ybiW_predicted,0.09090909090909091,10,10,ACAAAAACACTAGACTAGCG,0,4693134
ybiY_ybiW_predicted,0.09090909090909091,10,10,AATTGTGTTGGGAGCACCTG,0,4701765
ybiY_ybiW_predicted,0.09090909090909091,10,10,AATTACTCGTTCGTTAGAAA,0,4727493
ybiY_ybiW_predicted,0.09090909090909091,10,10,AATGTGCCAGGTGGTTAAGA,0,4725387
ybiY_ybiW_predicted,0.09090909090909091,10,10,AATCGCGAGCGGGAGTCCAT,0,4725878
ybiY_ybiW_predicted,0.09090909090909091,10,10,AAGTTTCAGGGTTATTCACT,0,4702873
ybiY_ybiW_predicted,0.09090909090909091,10,10,AAGTGCTCAGTCGCCACGCA,0,4725381
ybiY_ybiW_predicted,0.09090909090909091,10,10,AAGTATGGTTAGTACCCGGT,0,4699397
ybiY_ybiW_predicted,0.09090909090909091,10,10,AAGCGTGTCAATTTCTCAGC,0,4697055
ybiY_ybiW_predicted,0.09090909090909091,10,10,AAGATTTGTGAGTTCGACCA,0,4696816
ybiY_ybiW_predicted,0.09090909090909091,10,10,AAGAGTACGCAAGTTTAGCA,0,4716882
ybiY_ybiW_predicted,0.09090909090909091,10,10,AAGAATTCACGGCCGACATG,0,4702258
ybiY_ybiW_predicted,0.09090909090909091,10,10,AACTTACTTCCTCATTCCGT,0,4694734
ybiY_ybiW_predicted,0.09090909090909091,10,10,AACGTGTACTGGATTCTGGT,0,4706546
ybiY_ybiW_predicted,0.09090909090909091,10,10,AACGGGTAGCGGGTAATATG,0,4716638
ybiY_ybiW_predicted,0.09090909090909091,10,10,AACGACGGCCCGCACGCCTA,0,4722766
ybiY_ybiW_predicted,0.09090909090909091,10,10,AACACTGGACTAGATCTGTC,0,4694703
ybiY_ybiW_predicted,0.09090909090909091,10,10,AAATTTGCTGTTCGGGAGCA,0,4707652
ybiY_ybiW_predicted,0.09090909090909091,10,10,AAATTCCATCGTCTGTTTTT,0,4689625
ybiY_ybiW_predicted,0.09090909090909091,10,10,AAATGTTAAACTTTCATAAT,0,4729186
ybiY_ybiW_predicted,0.09090909090909091,10,10,AAATACTGCTCTCTTGAATG,0,4695064
ybiY_ybiW_predicted,0.09090909090909091,10,10,AAAGTACACATCTTAGTGTA,0,4699714
ybiY_ybiW_predicted,0.09090909090909091,10,10,AAAGCACAAAGGCTATTTAC,0,4724541
ybiY_ybiW_predicted,0.09090909090909091,10,10,AAAAAGTTTAAGCGAAGAAG,0,4696399
ybiY_ybiW_predicted,0.1,9,9,TTTTTCAATATAATGCGAAC,0,4722219
ybiY_ybiW_predicted,0.1,9,9,TTTTGCCATTAGAGGAGGGG,0,4719439
ybiY_ybiW_predicted,0.1,9,9,TTTGCACAGGGGATCAGTGC,0,4700312
ybiY_ybiW_predicted,0.1,9,9,TTTGAGCCCAGACGTCTCTG,0,4709444
ybiY_ybiW_predicted,0.1,9,9,TTTAGTCAGGATTGTGCTTG,0,4713805
ybiY_ybiW_predicted,0.1,9,9,TTGGTCTCCAGTCGATTAAA,0,4723377
ybiY_ybiW_predicted,0.1,9,9,TTGGCGGCGTATGGTATTAC,0,4723063
ybiY_ybiW_predicted,0.1,9,9,TTGGCAGCAACATGTTAAAA,0,4689829
ybiY_ybiW_predicted,0.1,9,9,TTGCTTGTGCCGGGCAACTG,0,4729340
ybiY_ybiW_predicted,0.1,9,9,TTGCCAGGTCGAAACATTGA,0,4694053
ybiY_ybiW_predicted,0.1,9,9,TTCTGCTGTAGCGATGGGCG,0,4692433
ybiY_ybiW_predicted,0.1,9,9,TTCCAGGCCGCTGTCAGGTC,0,4702812
ybiY_ybiW_predicted,0.1,9,9,TTATTATTGACGTCCGACTT,0,4699244
ybiY_ybiW_predicted,0.1,9,9,TTATGATTCGCGAACACGCC,0,4695209
ybiY_ybiW_predicted,0.1,9,9,TTATCTGGTACTTAAATCAA,0,4722498
ybiY_ybiW_predicted,0.1,9,9,TTATAGTGAATGCGCCTACG,0,4711124
ybiY_ybiW_predicted,0.1,9,9,TTAGCCTACTAATTTGGAGT,0,4706315
ybiY_ybiW_predicted,0.1,9,9,TTAGCAAATATAGAGCCGAT,0,4732541
ybiY_ybiW_predicted,0.1,9,9,TTAATGTGCTACGGGCCTTC,0,4698569
ybiY_ybiW_predicted,0.1,9,9,TTAATCCCCGAAATCACGAG,0,4692929
ybiY_ybiW_predicted,0.1,9,9,TGTTTGCTGTTCGGAATGGG,0,4721283
ybiY_ybiW_predicted,0.1,9,9,TGTGGCCTTAGGCCTTACCT,0,4692185
ybiY_ybiW_predicted,0.1,9,9,TGTGCTGGGTTGCCCCGTCA,0,4691445
ybiY_ybiW_predicted,0.1,9,9,TGTCAGCCCTCTGCCACCAT,0,4720911
ybiY_ybiW_predicted,0.1,9,9,TGGTGAGCCCATGTAACTAT,0,4720359
ybiY_ybiW_predicted,0.1,9,9,TGGTCTAAGTCACGCTAGGT,0,4704636
ybiY_ybiW_predicted,0.1,9,9,TGGTATTGTACACGAAGAGA,0,4692335
ybiY_ybiW_predicted,0.1,9,9,TGGGGGGTGGAAAAGGAGTT,0,4703206
ybiY_ybiW_predicted,0.1,9,9,TGGGGCTACCAGTGACTGAA,0,4727169
ybiY_ybiW_predicted,0.1,9,9,TGCTCTCATTCTAACTTAAC,0,4707253
ybiY_ybiW_predicted,0.1,9,9,TGCTCCTATGTCCGCTAAAA,0,4731054
ybiY_ybiW_predicted,0.1,9,9,TGCTAGACAACCTCGGTTTC,0,4727230
ybiY_ybiW_predicted,0.1,9,9,TGCGTGGGATTCCTGTCCCG,0,4696627
ybiY_ybiW_predicted,0.1,9,9,TGCGGTTGTGTGCTCTTCAC,0,4714528
ybiY_ybiW_predicted,0.1,9,9,TGCCTAGCCGATGGCGGACA,0,4716996
ybiY_ybiW_predicted,0.1,9,9,TGATCGGTATGTTGCTGCAT,0,4721636
ybiY_ybiW_predicted,0.1,9,9,TGAGGACATGACAAATGGCT,0,4704339
ybiY_ybiW_predicted,0.1,9,9,TGACTTAATGGGAAACATAT,0,4729550
ybiY_ybiW_predicted,0.1,9,9,TGAATCGTACTGGTCGATGC,0,4703652
ybiY_ybiW_predicted,0.1,9,9,TCTGATAGGGTTCCCTGGAC,0,4717020
ybiY_ybiW_predicted,0.1,9,9,TCTCGTTATGTCGCCGCAGT,0,4710822
ybiY_ybiW_predicted,0.1,9,9,TCTATTACCGGGCTGGCGCG,0,4721772
ybiY_ybiW_predicted,0.1,9,9,TCTAGGAAGCATCTCTTGCA,0,4714169
ybiY_ybiW_predicted,0.1,9,9,TCTAAGTTAGGGAATCGGCT,0,4720451
ybiY_ybiW_predicted,0.1,9,9,TCGTCGCTCGGGGTACGTAC,0,4702104
ybiY_ybiW_predicted,0.1,9,9,TCGTCATCAATTCGCGCCCA,0,4731842
ybiY_ybiW_predicted,0.1,9,9,TCGGGAAATTGGACTCCTAC,0,4723015
ybiY_ybiW_predicted,0.1,9,9,TCCTGGTGCTGTTCAATCGT,0,4691810
ybiY_ybiW_predicted,0.1,9,9,TCCGGGGGTACAGGAAGGGT,0,4710274
ybiY_ybiW_predicted,0.1,9,9,TCCGCTGCCTGATGGCGTAG,0,4694009
ybiY_ybiW_predicted,0.1,9,9,TCCCCACAGATATAGGTGGC,0,4688631
ybiY_ybiW_predicted,0.1,9,9,TCCCATCAAGCTGATGTTCA,0,4731181
ybiY_ybiW_predicted,0.1,9,9,TCCCATAGGCGCGGGACGAG,0,4707819
ybiY_ybiW_predicted,0.1,9,9,TCCCACTGCCCTCACGCTGA,0,4700775
ybiY_ybiW_predicted,0.1,9,9,TCCAGAGGTTCTGAAGCTGT,0,4689565
ybiY_ybiW_predicted,0.1,9,9,TCCAAGCCAACTACCCTCGG,0,4713769
ybiY_ybiW_predicted,0.1,9,9,TCACGATCCGGTTATGTTTG,0,4696273
ybiY_ybiW_predicted,0.1,9,9,TCAAGTTCCACCCGCCCTCC,0,4705033
ybiY_ybiW_predicted,0.1,9,9,TATTCCCTCACTGTGTGGTG,0,4706144
ybiY_ybiW_predicted,0.1,9,9,TATGGCAACCGTTGCGACTC,0,4711182
ybiY_ybiW_predicted,0.1,9,9,TATGCGTAGCGTATGTGCCA,0,4697587
ybiY_ybiW_predicted,0.1,9,9,TATAATAACTATGGCCATTG,0,4693442
ybiY_ybiW_predicted,0.1,9,9,TAGGTAATGTTCTGGTGTGT,0,4708967
ybiY_ybiW_predicted,0.1,9,9,TAGCTTTCATAGTGCCAGCA,0,4707026
ybiY_ybiW_predicted,0.1,9,9,TAGCCGAGAACCTTGCGTGT,0,4707959
ybiY_ybiW_predicted,0.1,9,9,TAGATTCCATCCTGCGATTG,0,4708668
ybiY_ybiW_predicted,0.1,9,9,TAGAGCTCATGCCCGGGTTA,0,4725453
ybiY_ybiW_predicted,0.1,9,9,TACTGTCACGGTTCGGACTG,0,4725568
ybiY_ybiW_predicted,0.1,9,9,TACGGCCACAGCTACTCACA,0,4706819
ybiY_ybiW_predicted,0.1,9,9,TACCGCATGTACGACCGGAA,0,4707112
ybiY_ybiW_predicted,0.1,9,9,TAATTCACACCTGCCATAAT,0,4716403
ybiY_ybiW_predicted,0.1,9,9,TAATCAGTTTCTACTGATCT,0,4694541
ybiY_ybiW_predicted,0.1,9,9,TAAGTGGCCTCTAGCGGGAT,0,4724380
ybiY_ybiW_predicted,0.1,9,9,TAAGGTAAGAATAGGCTTTT,0,4690383
ybiY_ybiW_predicted,0.1,9,9,TAAACCTTATTCACCGCCGC,0,4721195
ybiY_ybiW_predicted,0.1,9,9,TAAACATTGAGCCTAATCAG,0,4708535
ybiY_ybiW_predicted,0.1,9,9,GTTGGATCGAACTACGCTGG,0,4718192
ybiY_ybiW_predicted,0.1,9,9,GTTCGGGGACGGGTTAGCTA,0,4710241
ybiY_ybiW_predicted,0.1,9,9,GTTCAGACGCTGCGCCATCG,0,4690371
ybiY_ybiW_predicted,0.1,9,9,GTTCAAGCCCTCGGGATTTA,0,4706865
ybiY_ybiW_predicted,0.1,9,9,GTGTTAGTAAGGTCGATTTG,0,4724403
ybiY_ybiW_predicted,0.1,9,9,GTGTGGAGAATTGCGTAGAG,0,4722565
ybiY_ybiW_predicted,0.1,9,9,GTGCGGATGGATGGGTTAAC,0,4696429
ybiY_ybiW_predicted,0.1,9,9,GTGCCCGCCTAGCGAGCAGT,0,4731274
ybiY_ybiW_predicted,0.1,9,9,GTGCACACTGGCTAGTAAAA,0,4715867
ybiY_ybiW_predicted,0.1,9,9,GTCGTCTAGTGCACAATTTC,0,4693220
ybiY_ybiW_predicted,0.1,9,9,GTCCGCGAACCGGGGGTAAT,0,4710859
ybiY_ybiW_predicted,0.1,9,9,GTCATGCTAACGGTATTACT,0,4701446
ybiY_ybiW_predicted,0.1,9,9,GTAGACAGGCTAATCGTACT,0,4726894
ybiY_ybiW_predicted,0.1,9,9,GGTTGCCGGAAGGGTAGAGC,0,4704727
ybiY_ybiW_predicted,0.1,9,9,GGTGAGCTTTGCAGTGTCAT,0,4732039
ybiY_ybiW_predicted,0.1,9,9,GGTGAGCAACAACATTTTCA,0,4730433
ybiY_ybiW_predicted,0.1,9,9,GGTCGTGTATTTGTACGAAC,0,4713597
ybiY_ybiW_predicted,0.1,9,9,GGTCCTAACAGCAGGCGGCC,0,4715041
ybiY_ybiW_predicted,0.1,9,9,GGTCACTATTAGGCTCCTAA,0,4699230
ybiY_ybiW_predicted,0.1,9,9,GGTATCCGGACCGGGTATTT,0,4721612
ybiY_ybiW_predicted,0.1,9,9,GGGGGGACTTCAATTGAAGG,0,4711686
ybiY_ybiW_predicted,0.1,9,9,GGGGCGGATTACCGGTAAGG,0,4714453
ybiY_ybiW_predicted,0.1,9,9,GGGCTATTCCATGTCGTGGA,0,4692178
ybiY_ybiW_predicted,0.1,9,9,GGGCAGCGGTGAAACGACAG,0,4692323
ybiY_ybiW_predicted,0.1,9,9,GGGAGACCCGGAAAGATCCT,0,4725740
ybiY_ybiW_predicted,0.1,9,9,GGGACTAAAATGAAAGTGCA,0,4721907
ybiY_ybiW_predicted,0.1,9,9,GGGAACTTAAATCGACCGTA,0,4704849
ybiY_ybiW_predicted,0.1,9,9,GGCTGACAAACTGTACTCGC,0,4702906
ybiY_ybiW_predicted,0.1,9,9,GGCTATATACGAGTCTTCTA,0,4730638
ybiY_ybiW_predicted,0.1,9,9,GGCGGTTTATCGTGTGTGGC,0,4710243
ybiY_ybiW_predicted,0.1,9,9,GGCGGCCTCAGGCTCAATTC,0,4711982
ybiY_ybiW_predicted,0.1,9,9,GGCCCGAATGTAGGCAAAGG,0,4714485
ybiY_ybiW_predicted,0.1,9,9,GGCATCCGCGTGTACGATAT,0,4696703
ybiY_ybiW_predicted,0.1,9,9,GGCAACCACGGTTGGGACCA,0,4718791
ybiY_ybiW_predicted,0.1,9,9,GGATTTGAGCTGAGAAGTGG,0,4699538
ybiY_ybiW_predicted,0.1,9,9,GGATGTATCGGGTCTGCGGA,0,4724916
ybiY_ybiW_predicted,0.1,9,9,GGATAGACCCGTTAATCCGT,0,4711017
ybiY_ybiW_predicted,0.1,9,9,GGAGTGCTAAGGTGCCCTTT,0,4718983
ybiY_ybiW_predicted,0.1,9,9,GGACCTTGCAGGGCAGGGCT,0,4699456
ybiY_ybiW_predicted,0.1,9,9,GGACCGACGATGGACGTACA,0,4725551
ybiY_ybiW_predicted,0.1,9,9,GGAATACTCGGCCCGTTGTG,0,4695766
ybiY_ybiW_predicted,0.1,9,9,GGAACGAAAATTTCGACTTA,0,4719205
ybiY_ybiW_predicted,0.1,9,9,GGAACCGGGGGAAAAGGGCT,0,4710355
ybiY_ybiW_predicted,0.1,9,9,GCTTGGTAGCAACTTTGAGG,0,4727973
ybiY_ybiW_predicted,0.1,9,9,GCTTGGTACAGCTGTTGCAA,0,4724057
ybiY_ybiW_predicted,0.1,9,9,GCTTCCATATCAAGATCGAA,0,4693260
ybiY_ybiW_predicted,0.1,9,9,GCTTCAGTTTAGCGCTCCGT,0,4726058
ybiY_ybiW_predicted,0.1,9,9,GCTGTCGTGTTTTGATGTGT,0,4698180
ybiY_ybiW_predicted,0.1,9,9,GCTGGTACCTAGGTTCCAAG,0,4702149
ybiY_ybiW_predicted,0.1,9,9,GCTACCGCGCTTGGTTCTCG,0,4730483
ybiY_ybiW_predicted,0.1,9,9,GCGTGTATGCGGCTTCCAAA,0,4711199
ybiY_ybiW_predicted,0.1,9,9,GCGTCTGTGAATCGTGCGGA,0,4712330
ybiY_ybiW_predicted,0.1,9,9,GCGTATCCAGGGGGAAGGAG,0,4702273
ybiY_ybiW_predicted,0.1,9,9,GCGCGGCAGGGCTTTGTAAT,0,4697829
ybiY_ybiW_predicted,0.1,9,9,GCGCCCCATTTTTTTTACTG,0,4695340
ybiY_ybiW_predicted,0.1,9,9,GCGCACATCAGAGGGCAAGT,0,4729074
ybiY_ybiW_predicted,0.1,9,9,GCGATTGCAGTTCGTCCCGA,0,4706906
ybiY_ybiW_predicted,0.1,9,9,GCCTACGGACTAATATGAAC,0,4698773
ybiY_ybiW_predicted,0.1,9,9,GCCTAAACGGCCCGGATCAG,0,4724074
ybiY_ybiW_predicted,0.1,9,9,GCCATGCCTATACCTACTCA,0,4732182
ybiY_ybiW_predicted,0.1,9,9,GCCAGGCCTTGGAACGTTAG,0,4695252
ybiY_ybiW_predicted,0.1,9,9,GCCACTGCGACTTGGCGGGT,0,4709834
ybiY_ybiW_predicted,0.1,9,9,GCAGAGGGTTGATTTATTCC,0,4709977
ybiY_ybiW_predicted,0.1,9,9,GCACACTCTACAAGTAAGCC,0,4725085
ybiY_ybiW_predicted,0.1,9,9,GCAATCCGCACTAGCCGCGG,0,4703374
ybiY_ybiW_predicted,0.1,9,9,GATGTTATCGAAAGCAACAC,0,4713608
ybiY_ybiW_predicted,0.1,9,9,GATGTATGAATCCAATCGAG,0,4730026
ybiY_ybiW_predicted,0.1,9,9,GATCGCCGTCGTGTTGTGGT,0,4720860
ybiY_ybiW_predicted,0.1,9,9,GATATGCGACTTCTCATGGT,0,4722706
ybiY_ybiW_predicted,0.1,9,9,GATACAAAGAATTTCGTGCT,0,4694516
ybiY_ybiW_predicted,0.1,9,9,GAGTTTCAATTGGGCCAGCA,0,4719302
ybiY_ybiW_predicted,0.1,9,9,GAGTGGCATATCGGCGGGGA,0,4732673
ybiY_ybiW_predicted,0.1,9,9,GAGGGCAAATAAATTCTATT,0,4715432
ybiY_ybiW_predicted,0.1,9,9,GAGGAGATTAGGCCTTTTGT,0,4690649
ybiY_ybiW_predicted,0.1,9,9,GAGGACACCACGACTCGGTT,0,4717607
ybiY_ybiW_predicted,0.1,9,9,GAGCTCAATCCACGGTCATT,0,4690098
ybiY_ybiW_predicted,0.1,9,9,GAGCGTCTTGATGTTTCGTA,0,4718751
ybiY_ybiW_predicted,0.1,9,9,GAGCGCACCCTCTCCAGAGG,0,4708027
ybiY_ybiW_predicted,0.1,9,9,GAGCATGACACCAGGGCAGA,0,4722016
ybiY_ybiW_predicted,0.1,9,9,GAGCACCCTCCCAGCCACGG,0,4708962
ybiY_ybiW_predicted,0.1,9,9,GACTTGCGCATTGGGGCATC,0,4713806
ybiY_ybiW_predicted,0.1,9,9,GACTATCGAAACTCTCCGCG,0,4708284
ybiY_ybiW_predicted,0.1,9,9,GACTAAGTTCAGTGCGATCG,0,4731633
ybiY_ybiW_predicted,0.1,9,9,GACGTGGGTTCTGCGGGGGA,0,4726727
ybiY_ybiW_predicted,0.1,9,9,GACAGAGGTTACATGCGGCC,0,4712425
ybiY_ybiW_predicted,0.1,9,9,GACACAGTGGGTCTCACCGT,0,4703913
ybiY_ybiW_predicted,0.1,9,9,GAATTACCACTTCCTCGAGT,0,4720458
ybiY_ybiW_predicted,0.1,9,9,GAATTAACTGTATATTCGCC,0,4700212
ybiY_ybiW_predicted,0.1,9,9,GAACGGCTGGCTCAGAAATG,0,4696894
ybiY_ybiW_predicted,0.1,9,9,GAACAAGAAGGACAGTCTCC,0,4717050
ybiY_ybiW_predicted,0.1,9,9,GAAAGATCGACATTAGAGAC,0,4724772
ybiY_ybiW_predicted,0.1,9,9,GAAAAAGAACCACTAATCGA,0,4714754
ybiY_ybiW_predicted,0.1,9,9,CTTTCTGTAGTAAAGGTACG,0,4721644
ybiY_ybiW_predicted,0.1,9,9,CTTTCCGAATCTCCTAATGG,0,4716741
ybiY_ybiW_predicted,0.1,9,9,CTTCATAAACCAGAGCGGAA,0,4720583
ybiY_ybiW_predicted,0.1,9,9,CTTCAGGGGGGACGGATTTC,0,4693871
ybiY_ybiW_predicted,0.1,9,9,CTGTCGATTTGAGTGGTCAA,0,4712518
ybiY_ybiW_predicted,0.1,9,9,CTGTCCTCTTCAGACAGAGG,0,4691124
ybiY_ybiW_predicted,0.1,9,9,CTGGGTGTTCGCCAGTAAAG,0,4729120
ybiY_ybiW_predicted,0.1,9,9,CTCGCCGCGATTGATTGTCT,0,4705695
ybiY_ybiW_predicted,0.1,9,9,CTCCAGTTGTCATGTAGAAG,0,4726001
ybiY_ybiW_predicted,0.1,9,9,CTCACAACGTCGCCCATTAC,0,4690323
ybiY_ybiW_predicted,0.1,9,9,CTATTTGCGCAAGTGGGGAT,0,4708442
ybiY_ybiW_predicted,0.1,9,9,CTATGCAGGCGACGCCGGAG,0,4728877
ybiY_ybiW_predicted,0.1,9,9,CTAGGATTCTACTCTTGGCC,0,4703717
ybiY_ybiW_predicted,0.1,9,9,CTAGAACATAAACACGCAAG,0,4710638
ybiY_ybiW_predicted,0.1,9,9,CTACGGAAAACCCCGCCGGT,0,4690822
ybiY_ybiW_predicted,0.1,9,9,CTACGAGTCATAAGCCGCGA,0,4716144
ybiY_ybiW_predicted,0.1,9,9,CTAATCTGTAGGGCACGAGG,0,4706224
ybiY_ybiW_predicted,0.1,9,9,CTAATATGGCTGTACGTATA,0,4730372
ybiY_ybiW_predicted,0.1,9,9,CTAATATACTTGACCCGTAG,0,4725623
ybiY_ybiW_predicted,0.1,9,9,CTAAACCCGGTATGCCGGTG,0,4727951
ybiY_ybiW_predicted,0.1,9,9,CGTTAGACTAGGTCCGCTTA,0,4690153
ybiY_ybiW_predicted,0.1,9,9,CGTGCATTTATAATTGCGTA,0,4692339
ybiY_ybiW_predicted,0.1,9,9,CGTGATGTCAACCCTCAGTG,0,4692957
ybiY_ybiW_predicted,0.1,9,9,CGTCTAATAGGCTGACAAAG,0,4702482
ybiY_ybiW_predicted,0.1,9,9,CGTCGTAGTCCGAATCTCAG,0,4703120
ybiY_ybiW_predicted,0.1,9,9,CGTAGCTTCAAACTCGATGT,0,4709096
ybiY_ybiW_predicted,0.1,9,9,CGTACTAAGGACTGCGCGGT,0,4715588
ybiY_ybiW_predicted,0.1,9,9,CGGTGGGTTCATTACGTAGG,0,4703296
ybiY_ybiW_predicted,0.1,9,9,CGGGTTCGGCAATGCGTCAG,0,4711292
ybiY_ybiW_predicted,0.1,9,9,CGGGTCTATGGCCTTGTGAT,0,4710984
ybiY_ybiW_predicted,0.1,9,9,CGGGTATGAAGCTAGGCTTG,0,4697249
ybiY_ybiW_predicted,0.1,9,9,CGGGCGGAATTCGAATAGGA,0,4710465
ybiY_ybiW_predicted,0.1,9,9,CGGGCGAGTGTTCGGAGGAA,0,4710102
ybiY_ybiW_predicted,0.1,9,9,CGGCCTATGATAAGCTTGGT,0,4730324
ybiY_ybiW_predicted,0.1,9,9,CGGCCAATTGATATAGTAGA,0,4730237
ybiY_ybiW_predicted,0.1,9,9,CGGATTGTAAGGGGTCAGAA,0,4713021
ybiY_ybiW_predicted,0.1,9,9,CGGAATGTTTTGCATATGGT,0,4715872
ybiY_ybiW_predicted,0.1,9,9,CGGAAAGGACGTTTCCCTTG,0,4714233
ybiY_ybiW_predicted,0.1,9,9,CGCTCTGGAGGGATATGATG,0,4701356
ybiY_ybiW_predicted,0.1,9,9,CGCTCGTTCCACGCAGGGCA,0,4711586
ybiY_ybiW_predicted,0.1,9,9,CGCCTCCAGTCTTCGGGTAG,0,4712573
ybiY_ybiW_predicted,0.1,9,9,CGCCTAGCACAGACAGTCCA,0,4705001
ybiY_ybiW_predicted,0.1,9,9,CGCCGAGGTCGTTGGCCACA,0,4721108
ybiY_ybiW_predicted,0.1,9,9,CGCCCCAATTCTTCTCCACA,0,4713118
ybiY_ybiW_predicted,0.1,9,9,CGCACTCCCTGGTACTTAAT,0,4701934
ybiY_ybiW_predicted,0.1,9,9,CGATCAGCGGAATCGCGTCA,0,4711042
ybiY_ybiW_predicted,0.1,9,9,CGAGCGGCTCGGACAAGCGG,0,4690409
ybiY_ybiW_predicted,0.1,9,9,CGAGCCCGGAAATATGGAGC,0,4704088
ybiY_ybiW_predicted,0.1,9,9,CGAGAAGAAGCTTGACCGTT,0,4715262
ybiY_ybiW_predicted,0.1,9,9,CGACGACTTCCAGCCGGTAA,0,4729706
ybiY_ybiW_predicted,0.1,9,9,CGACCATCCCATGGCAGCAG,0,4694382
ybiY_ybiW_predicted,0.1,9,9,CGACACCGAAGGCCATCTCT,0,4713562
ybiY_ybiW_predicted,0.1,9,9,CGAATAATCCGCCGAGCCAT,0,4702240
ybiY_ybiW_predicted,0.1,9,9,CGAAGAAGGTGGGGACAAGA,0,4692015
ybiY_ybiW_predicted,0.1,9,9,CGAACCGATATTTACTACCA,0,4703607
ybiY_ybiW_predicted,0.1,9,9,CCTTATCATCATCTGTGGTT,0,4727124
ybiY_ybiW_predicted,0.1,9,9,CCTGTTTTTAGGTTCTGTTC,0,4693943
ybiY_ybiW_predicted,0.1,9,9,CCTGTGCACCTCTTCTTATA,0,4721855
ybiY_ybiW_predicted,0.1,9,9,CCTGACGCCTAAGTTGATCA,0,4732630
ybiY_ybiW_predicted,0.1,9,9,CCTCTAATTGTTCGTGTGAA,0,4722294
ybiY_ybiW_predicted,0.1,9,9,CCTCGGTTGGTATCTGTAGT,0,4720750
ybiY_ybiW_predicted,0.1,9,9,CCTAAATGCCGAACCGGTAC,0,4730805
ybiY_ybiW_predicted,0.1,9,9,CCGTTAGGCGCGTCGGTCAT,0,4704957
ybiY_ybiW_predicted,0.1,9,9,CCGTAGGAAGCCCCGTTCAT,0,4718018
ybiY_ybiW_predicted,0.1,9,9,CCGGGACGTGGTTTCTAGAC,0,4720985
ybiY_ybiW_predicted,0.1,9,9,CCGCGTAAATCCCGATTAGT,0,4729963
ybiY_ybiW_predicted,0.1,9,9,CCGAATTTGGAAGGTGGGCA,0,4732160
ybiY_ybiW_predicted,0.1,9,9,CCCTTGAATCGTCAGACGCT,0,4706153
ybiY_ybiW_predicted,0.1,9,9,CCCTCGTGATTTTGCCTACA,0,4711980
ybiY_ybiW_predicted,0.1,9,9,CCCATACCATACGCGTTACG,0,4707746
ybiY_ybiW_predicted,0.1,9,9,CCCAATTAGCAAAGCACGAC,0,4706485
ybiY_ybiW_predicted,0.1,9,9,CCATGGGCGGGGGGCCTCCT,0,4713811
ybiY_ybiW_predicted,0.1,9,9,CCATCTGATTCAGCTAGTGG,0,4690227
ybiY_ybiW_predicted,0.1,9,9,CCATATAAATGCGGTCAGGT,0,4690329
ybiY_ybiW_predicted,0.1,9,9,CCACTAGAATAGAAGCCGGA,0,4690228
ybiY_ybiW_predicted,0.1,9,9,CATTCTGCGGCTCATTTCGC,0,4711010
ybiY_ybiW_predicted,0.1,9,9,CATCTACAGAGCGCTACTAT,0,4707040
ybiY_ybiW_predicted,0.1,9,9,CATCGCATCACAAGCTAGCA,0,4724868
ybiY_ybiW_predicted,0.1,9,9,CATATTTCCCAATGTCTTAA,0,4721128
ybiY_ybiW_predicted,0.1,9,9,CATAGGAACTCCCCCTTTGG,0,4698787
ybiY_ybiW_predicted,0.1,9,9,CAGGTCGGCACTCGTTTATG,0,4701233
ybiY_ybiW_predicted,0.1,9,9,CAGGCCAATATCTTGTAGCA,0,4704012
ybiY_ybiW_predicted,0.1,9,9,CAGCGAAGTCGGCAACAGCA,0,4716673
ybiY_ybiW_predicted,0.1,9,9,CACTCGATTCAGTCTTTCAT,0,4689447
ybiY_ybiW_predicted,0.1,9,9,CACGAGGCAGCTAAAGGACA,0,4708119
ybiY_ybiW_predicted,0.1,9,9,CACCGGCGACCACGGGACGC,0,4697461
ybiY_ybiW_predicted,0.1,9,9,CACATCGATTCTATGAGGGG,0,4695769
ybiY_ybiW_predicted,0.1,9,9,CACAAAGCTTCCCGTGTTTT,0,4722425
ybiY_ybiW_predicted,0.1,9,9,CAATTGCTCCGGTGAAGGGA,0,4732291
ybiY_ybiW_predicted,0.1,9,9,CAATGGAGCCTTATCTGGGT,0,4706746
ybiY_ybiW_predicted,0.1,9,9,CAATCGGCCGGACGACTTAT,0,4732090
ybiY_ybiW_predicted,0.1,9,9,CAATCCGCAGCGGGAGGCAT,0,4689057
ybiY_ybiW_predicted,0.1,9,9,CAAGGTTGGAACAGACATCG,0,4711467
ybiY_ybiW_predicted,0.1,9,9,CAAGGGCATGGCCTTGTGTT,0,4695298
ybiY_ybiW_predicted,0.1,9,9,CAAGAACCGTGGGGACACAT,0,4714556
ybiY_ybiW_predicted,0.1,9,9,CAACGGTAAGGCCTGGGGTG,0,4710429
ybiY_ybiW_predicted,0.1,9,9,CAAAGGGGAAATTCTCGAAT,0,4718099
ybiY_ybiW_predicted,0.1,9,9,CAAAGCCTAGAAGAGAATTG,0,4717753
ybiY_ybiW_predicted,0.1,9,9,CAAACAAAGGTGATATACTT,0,4703117
ybiY_ybiW_predicted,0.1,9,9,ATTTAGGTTCACTACTAGAC,0,4710603
ybiY_ybiW_predicted,0.1,9,9,ATTTAACATAGCACAGGCAT,0,4715965
ybiY_ybiW_predicted,0.1,9,9,ATTGTCTAACCCAGTCTGTG,0,4707004
ybiY_ybiW_predicted,0.1,9,9,ATTCGGTGCATACCCTTTGA,0,4718815
ybiY_ybiW_predicted,0.1,9,9,ATTCGGGGTGAATCGCGAAG,0,4710565
ybiY_ybiW_predicted,0.1,9,9,ATTCATGTTGATAGCTCTTG,0,4717251
ybiY_ybiW_predicted,0.1,9,9,ATTAGCCCTCCGGACTAAGC,0,4690789
ybiY_ybiW_predicted,0.1,9,9,ATGTGGCATTTAGGGTTGCA,0,4697535
ybiY_ybiW_predicted,0.1,9,9,ATGGGTTCAGTTATATAAGC,0,4718657
ybiY_ybiW_predicted,0.1,9,9,ATGGGCTATGGATCCCGGAC,0,4694790
ybiY_ybiW_predicted,0.1,9,9,ATGGAGGTAGGGGCGGGGTG,0,4698081
ybiY_ybiW_predicted,0.1,9,9,ATGGACGCTATTCACCTCTA,0,4697497
ybiY_ybiW_predicted,0.1,9,9,ATGATCATGATCATCTCCGT,0,4724581
ybiY_ybiW_predicted,0.1,9,9,ATCTTTGCTAGTTTCGCGAG,0,4701459
ybiY_ybiW_predicted,0.1,9,9,ATCTGTTCATTTAGGTCGAG,0,4707568
ybiY_ybiW_predicted,0.1,9,9,ATCTCGTCAGGATTGGAGTC,0,4690055
ybiY_ybiW_predicted,0.1,9,9,ATCGCAGCAGGTTGTAATAA,0,4719288
ybiY_ybiW_predicted,0.1,9,9,ATCGAGTCAACCATCTGTCC,0,4705623
ybiY_ybiW_predicted,0.1,9,9,ATCAATGAGCTGGAGGGAAA,0,4693043
ybiY_ybiW_predicted,0.1,9,9,ATAGTTGGAAATTAGGGTGT,0,4703603
ybiY_ybiW_predicted,0.1,9,9,ATAGGTGGGTTTTCGTCGAA,0,4704254
ybiY_ybiW_predicted,0.1,9,9,ATAGATAGGGGCACTTTGCA,0,4712427
ybiY_ybiW_predicted,0.1,9,9,ATACTCCGAATCGGGTCCCA,0,4729703
ybiY_ybiW_predicted,0.1,9,9,ATACCGCCTCACGGCCAGGT,0,4723477
ybiY_ybiW_predicted,0.1,9,9,ATAAACAGGCCCATCAGCAT,0,4724699
ybiY_ybiW_predicted,0.1,9,9,AGTTCACAGAGCCTCTACTT,0,4704356
ybiY_ybiW_predicted,0.1,9,9,AGTGAGAGAGGTGCGTCGAT,0,4699066
ybiY_ybiW_predicted,0.1,9,9,AGTGAATCTAAATGCCGTAT,0,4691349
ybiY_ybiW_predicted,0.1,9,9,AGTCACACAGCCGGTTGTGG,0,4720166
ybiY_ybiW_predicted,0.1,9,9,AGTAATCGAGAATAGGGGGT,0,4720531
ybiY_ybiW_predicted,0.1,9,9,AGGTCAGCTGAAGACCGGAA,0,4732510
ybiY_ybiW_predicted,0.1,9,9,AGGGAATGATACATCCTAGG,0,4688794
ybiY_ybiW_predicted,0.1,9,9,AGGCTGTGTTTGGTAGTTAT,0,4709608
ybiY_ybiW_predicted,0.1,9,9,AGGCTGGAATATACAGAGAT,0,4703164
ybiY_ybiW_predicted,0.1,9,9,AGGCGGAGATGTCATGGAGT,0,4730169
ybiY_ybiW_predicted,0.1,9,9,AGGCGACGAAATAGCTACTC,0,4730273
ybiY_ybiW_predicted,0.1,9,9,AGGACGGAACTGCGATTGGA,0,4695305
ybiY_ybiW_predicted,0.1,9,9,AGCTTACTTGTCTGGACCCC,0,4709280
ybiY_ybiW_predicted,0.1,9,9,AGCGTTCGGGTATGATATCT,0,4714914
ybiY_ybiW_predicted,0.1,9,9,AGCGGTGTTTCCATACTTCC,0,4689852
ybiY_ybiW_predicted,0.1,9,9,AGCGAGTTTGGTGCTGCACA,0,4710265
ybiY_ybiW_predicted,0.1,9,9,AGCCATCTGTTTAGGGGTTC,0,4703516
ybiY_ybiW_predicted,0.1,9,9,AGACATCAACCTCCAATAAA,0,4694960
ybiY_ybiW_predicted,0.1,9,9,AGAATTTAGAAAATCGATCA,0,4729519
ybiY_ybiW_predicted,0.1,9,9,AGAACGTCTTGCCGATCATT,0,4695291
ybiY_ybiW_predicted,0.1,9,9,ACTTGTACCACCAGCTTACA,0,4691923
ybiY_ybiW_predicted,0.1,9,9,ACTGCGTAGGCGGGGAGAGA,0,4731301
ybiY_ybiW_predicted,0.1,9,9,ACGAAGCCACCATAAAACGG,0,4715246
ybiY_ybiW_predicted,0.1,9,9,ACGAAAATAGCGATGAAATA,0,4689548
ybiY_ybiW_predicted,0.1,9,9,ACATTCGACGGAGCACCCAT,0,4717579
ybiY_ybiW_predicted,0.1,9,9,ACATGGTCTGTGAACTCACA,0,4693745
ybiY_ybiW_predicted,0.1,9,9,ACATGGGCGCGAGCATTCTT,0,4729458
ybiY_ybiW_predicted,0.1,9,9,ACAGTGGCGAGGTAACTAGC,0,4716861
ybiY_ybiW_predicted,0.1,9,9,ACAGCAATTGAATTGCATGA,0,4698336
ybiY_ybiW_predicted,0.1,9,9,ACAGAGGCTCAGCATGATCC,0,4710597
ybiY_ybiW_predicted,0.1,9,9,ACACCATTGGTATACCACAC,0,4703995
ybiY_ybiW_predicted,0.1,9,9,ACAAGTCGGGACCGCGCTAC,0,4693626
ybiY_ybiW_predicted,0.1,9,9,ACAAATTTTCCCATGCGTTT,0,4715029
ybiY_ybiW_predicted,0.1,9,9,AATTCGTTATTTGGGTGTGG,0,4730353
ybiY_ybiW_predicted,0.1,9,9,AATTCGGGCTTATGTCCGTG,0,4699971
ybiY_ybiW_predicted,0.1,9,9,AATGTCAGGATCGGGCCGAG,0,4728526
ybiY_ybiW_predicted,0.1,9,9,AATATATAGCTGACGTACTA,0,4730919
ybiY_ybiW_predicted,0.1,9,9,AATAATCTCAAAAAACTGGC,0,4725566
ybiY_ybiW_predicted,0.1,9,9,AATAAGCCAGGTAATGTAAT,0,4707208
ybiY_ybiW_predicted,0.1,9,9,AAGTCGTGGGTCCCGGGCCG,0,4710408
ybiY_ybiW_predicted,0.1,9,9,AAGTCGTATGGCGATAGGAT,0,4697860
ybiY_ybiW_predicted,0.1,9,9,AAGGCAGTGTACTAACGTTC,0,4703723
ybiY_ybiW_predicted,0.1,9,9,AAGGAGAGTCGCTCAAGTTT,0,4713281
ybiY_ybiW_predicted,0.1,9,9,AAGCACCTTACGGGCAAGGA,0,4691093
ybiY_ybiW_predicted,0.1,9,9,AAGACGAAGTGAGTGAAGCG,0,4722227
ybiY_ybiW_predicted,0.1,9,9,AACTAAGCCGCTCGCGTCAA,0,4714588
ybiY_ybiW_predicted,0.1,9,9,AACGTGTTTCGCGTCTGGGA,0,4718647
ybiY_ybiW_predicted,0.1,9,9,AACGGGCAGGTACCACCCAC,0,4702161
ybiY_ybiW_predicted,0.1,9,9,AACCTAAGGGGGGCGTACCG,0,4712228
ybiY_ybiW_predicted,0.1,9,9,AACCAGCCGTGTGAAACGGA,0,4731609
ybiY_ybiW_predicted,0.1,9,9,AACAAATGTGTCTCAGGGTT,0,4697507
ybiY_ybiW_predicted,0.1,9,9,AAAGGTATAAAGCGAAAGCT,0,4701230
ybiY_ybiW_predicted,0.1,9,9,AAAGCCATTCACTTGAAAGA,0,4688571
ybiY_ybiW_predicted,0.1,9,9,AAACGAAAACATTGACGGGA,0,4715009
ybiY_ybiW_predicted,0.1,9,9,AAACATTAGTTCTGTACTGG,0,4711931
ybiY_ybiW_predicted,0.1111111111111111,8,8,TTTTTGCAGTGTTCCTCAGT,0,4718579
ybiY_ybiW_predicted,0.1111111111111111,8,8,TTTGTTCAAAGCCACGCGGC,0,4698202
ybiY_ybiW_predicted,0.1111111111111111,8,8,TTTGATGAACCTGGGGATAT,0,4729243
ybiY_ybiW_predicted,0.1111111111111111,8,8,TTTCTCAATCGTCGTCTTCG,0,4731070
ybiY_ybiW_predicted,0.1111111111111111,8,8,TTTCCGATCGGAATTGCAGG,0,4710407
ybiY_ybiW_predicted,0.1111111111111111,8,8,TTTATTACCTCGCCGTAAAA,0,4725741
ybiY_ybiW_predicted,0.1111111111111111,8,8,TTTATGATACTTACCGCACA,0,4719858
ybiY_ybiW_predicted,0.1111111111111111,8,8,TTTATATTCTAATTTGAGAT,0,4731510
ybiY_ybiW_predicted,0.1111111111111111,8,8,TTTACGCAACACACTGCGAT,0,4700864
ybiY_ybiW_predicted,0.1111111111111111,8,8,TTGGGGAAACTCGGAGGAAT,0,4718299
ybiY_ybiW_predicted,0.1111111111111111,8,8,TTGCTTCAAGCTGACTCCAT,0,4694614
ybiY_ybiW_predicted,0.1111111111111111,8,8,TTGCGAGCACTTGCTCATTC,0,4690362
ybiY_ybiW_predicted,0.1111111111111111,8,8,TTGAGATTACTCCGATAGCC,0,4731503
ybiY_ybiW_predicted,0.1111111111111111,8,8,TTCTTCCACGTTAATCAATT,0,4723393
ybiY_ybiW_predicted,0.1111111111111111,8,8,TTCTCTACCCAACGTAAGGA,0,4701208
ybiY_ybiW_predicted,0.1111111111111111,8,8,TTCTCGGAATAATCTCTGCG,0,4707491
ybiY_ybiW_predicted,0.1111111111111111,8,8,TTCTCGATATTGGCCCAAGA,0,4694665
ybiY_ybiW_predicted,0.1111111111111111,8,8,TTCGTGCCAACGTTTAATTC,0,4713758
ybiY_ybiW_predicted,0.1111111111111111,8,8,TTCGAGAAGGACCACTCAGG,0,4729617
ybiY_ybiW_predicted,0.1111111111111111,8,8,TTCACCACCTAATAATGGCT,0,4725986
ybiY_ybiW_predicted,0.1111111111111111,8,8,TTCAACCTCCGCCGTTATGC,0,4717583
ybiY_ybiW_predicted,0.1111111111111111,8,8,TTAGTTTTGACAGAATGGAG,0,4731407
ybiY_ybiW_predicted,0.1111111111111111,8,8,TTAGTCATATGTTAAATAGG,0,4723513
ybiY_ybiW_predicted,0.1111111111111111,8,8,TTAGGTTTTTTCCTGGGTAG,0,4694102
ybiY_ybiW_predicted,0.1111111111111111,8,8,TTACCGCTCTTGTCCGGCGG,0,4719974
ybiY_ybiW_predicted,0.1111111111111111,8,8,TTAAGGGATAATTTCCACCA,0,4729947
ybiY_ybiW_predicted,0.1111111111111111,8,8,TTAAGAAGGCTCAAGAAGCC,0,4704896
ybiY_ybiW_predicted,0.1111111111111111,8,8,TGTCTGTATATGGTAAGTTC,0,4712135
ybiY_ybiW_predicted,0.1111111111111111,8,8,TGTCGTGTTGAGCCAATTCG,0,4719450
ybiY_ybiW_predicted,0.1111111111111111,8,8,TGTCGTGTCGGCTCACATGT,0,4712284
ybiY_ybiW_predicted,0.1111111111111111,8,8,TGGTCCGTAATAGTATGCGG,0,4689383
ybiY_ybiW_predicted,0.1111111111111111,8,8,TGGTATCCCGTAGGTTCATA,0,4694022
ybiY_ybiW_predicted,0.1111111111111111,8,8,TGGGTAGCCGTGCAGACCGG,0,4703780
ybiY_ybiW_predicted,0.1111111111111111,8,8,TGGGTAACGCGAGTCTCTCA,0,4730107
ybiY_ybiW_predicted,0.1111111111111111,8,8,TGGCTAGCCCTTTTTCCTCA,0,4697801
ybiY_ybiW_predicted,0.1111111111111111,8,8,TGGCGCAACTTCTACGGTGT,0,4695136
ybiY_ybiW_predicted,0.1111111111111111,8,8,TGGATCTCACTCTACGCCGA,0,4695532
ybiY_ybiW_predicted,0.1111111111111111,8,8,TGCTTTTCGCGTAATCCTAT,0,4713026
ybiY_ybiW_predicted,0.1111111111111111,8,8,TGCCTGACGTCTGACGGTAG,0,4722611
ybiY_ybiW_predicted,0.1111111111111111,8,8,TGCCCGGGAAGTGGAGTTCT,0,4700925
ybiY_ybiW_predicted,0.1111111111111111,8,8,TGCCCAGTTACGGGGACGAT,0,4721149
ybiY_ybiW_predicted,0.1111111111111111,8,8,TGCCAGTTGGGCAAGTGGAA,0,4719806
ybiY_ybiW_predicted,0.1111111111111111,8,8,TGCATACATATTCGCTACTC,0,4702861
ybiY_ybiW_predicted,0.1111111111111111,8,8,TGCAGGATCGTAATCTTCGG,0,4690986
ybiY_ybiW_predicted,0.1111111111111111,8,8,TGCAAGTGGAGACTCGTATA,0,4690283
ybiY_ybiW_predicted,0.1111111111111111,8,8,TGAGTCTAAGGTCCACCCGT,0,4721843
ybiY_ybiW_predicted,0.1111111111111111,8,8,TGAGCCGTCAATTTATGTAC,0,4721921
ybiY_ybiW_predicted,0.1111111111111111,8,8,TGAGCCCTATAGGTCCGCAT,0,4732474
ybiY_ybiW_predicted,0.1111111111111111,8,8,TGACGATAGATTTCTTTCGA,0,4695256
ybiY_ybiW_predicted,0.1111111111111111,8,8,TGACAGTACTCGGTAGCAAG,0,4705251
ybiY_ybiW_predicted,0.1111111111111111,8,8,TGACACACGGATTCCAGTAG,0,4718932
ybiY_ybiW_predicted,0.1111111111111111,8,8,TCTTTAGTAATGGCACGCGT,0,4728941
ybiY_ybiW_predicted,0.1111111111111111,8,8,TCTTCCACTCTGGAAACCCT,0,4728340
ybiY_ybiW_predicted,0.1111111111111111,8,8,TCTGACGTCAAGGCTAACAC,0,4696235
ybiY_ybiW_predicted,0.1111111111111111,8,8,TCTGAACCATACCTGCAATG,0,4731142
ybiY_ybiW_predicted,0.1111111111111111,8,8,TCTCGGTAGTAGATCGGGAT,0,4714790
ybiY_ybiW_predicted,0.1111111111111111,8,8,TCTACACTGTCCTGAGCTAG,0,4708389
ybiY_ybiW_predicted,0.1111111111111111,8,8,TCTAAGTCTTTGATGATGGC,0,4707562
ybiY_ybiW_predicted,0.1111111111111111,8,8,TCGTCGGTTATTAAAGCAAT,0,4725336
ybiY_ybiW_predicted,0.1111111111111111,8,8,TCGGCGCGTACGCTGGGACG,0,4693742
ybiY_ybiW_predicted,0.1111111111111111,8,8,TCGGCCCTTGGGCTTGCATG,0,4691572
ybiY_ybiW_predicted,0.1111111111111111,8,8,TCGGCATAGGCAGTGCGGTT,0,4721799
ybiY_ybiW_predicted,0.1111111111111111,8,8,TCGCCATCATTGTTAAGGGA,0,4718013
ybiY_ybiW_predicted,0.1111111111111111,8,8,TCGCATTTCTTTGGAATACA,0,4708686
ybiY_ybiW_predicted,0.1111111111111111,8,8,TCGATCTCCGTGGAGCACCT,0,4690772
ybiY_ybiW_predicted,0.1111111111111111,8,8,TCGAGTACGTCAGGGCGCTT,0,4691239
ybiY_ybiW_predicted,0.1111111111111111,8,8,TCGACCGAAAGACACTTTAG,0,4709215
ybiY_ybiW_predicted,0.1111111111111111,8,8,TCCTCGACTATTAATGTTGT,0,4699168
ybiY_ybiW_predicted,0.1111111111111111,8,8,TCCCGAAACTTCTACCTGAG,0,4693873
ybiY_ybiW_predicted,0.1111111111111111,8,8,TCCCAGTGCTCTTTCAATTG,0,4722010
ybiY_ybiW_predicted,0.1111111111111111,8,8,TCAGGGGGTCAGGTCTTGAA,0,4710693
ybiY_ybiW_predicted,0.1111111111111111,8,8,TCAGATTGATGCTCTTTTAG,0,4705958
ybiY_ybiW_predicted,0.1111111111111111,8,8,TCACCTGTAGCTCGAAAGCT,0,4688765
ybiY_ybiW_predicted,0.1111111111111111,8,8,TCAAGGAGTGGAATACCGGC,0,4721743
ybiY_ybiW_predicted,0.1111111111111111,8,8,TCAACTATGCAATTAGGTGG,0,4689894
ybiY_ybiW_predicted,0.1111111111111111,8,8,TATTCTTGGTGCCTTACAAT,0,4688816
ybiY_ybiW_predicted,0.1111111111111111,8,8,TATGTCCCATCGAGCACTAT,0,4697388
ybiY_ybiW_predicted,0.1111111111111111,8,8,TATGCGCCTGACGTTGCTTT,0,4716504
ybiY_ybiW_predicted,0.1111111111111111,8,8,TATCTGTTCAAACCCGAGCC,0,4717324
ybiY_ybiW_predicted,0.1111111111111111,8,8,TATCTCGCCGTGGCGAAATC,0,4706267
ybiY_ybiW_predicted,0.1111111111111111,8,8,TATCGTAGGGACTCAGGGAA,0,4724216
ybiY_ybiW_predicted,0.1111111111111111,8,8,TATAGATAAAGCTAATTACA,0,4722836
ybiY_ybiW_predicted,0.1111111111111111,8,8,TATACAAAATACTGGGAACC,0,4713124
ybiY_ybiW_predicted,0.1111111111111111,8,8,TAGGTTGTGGCAAAGAGGAA,0,4688588
ybiY_ybiW_predicted,0.1111111111111111,8,8,TAGGTGGATTCCATACGACC,0,4728369
ybiY_ybiW_predicted,0.1111111111111111,8,8,TAGGGTAGATTTGTACCCGA,0,4711831
ybiY_ybiW_predicted,0.1111111111111111,8,8,TAGGACATTAAAGTTGCGGG,0,4693833
ybiY_ybiW_predicted,0.1111111111111111,8,8,TAGCTGAAGCCTGGAACTCT,0,4720863
ybiY_ybiW_predicted,0.1111111111111111,8,8,TAGCGCTCTAAACGACCGGT,0,4723661
ybiY_ybiW_predicted,0.1111111111111111,8,8,TAGCATTTGACTGTGTTGAT,0,4717124
ybiY_ybiW_predicted,0.1111111111111111,8,8,TAGAGGTATTACATGCCATA,0,4703922
ybiY_ybiW_predicted,0.1111111111111111,8,8,TACTGCGTGGATCACGGTTA,0,4696954
ybiY_ybiW_predicted,0.1111111111111111,8,8,TACTCTCATCAAGGCTGTAT,0,4729973
ybiY_ybiW_predicted,0.1111111111111111,8,8,TACTCGCGGGTTCCCTCCGA,0,4722009
ybiY_ybiW_predicted,0.1111111111111111,8,8,TACCCGGCGGCCCTCGATAA,0,4708460
ybiY_ybiW_predicted,0.1111111111111111,8,8,TACATTTGTGACGTAATTCC,0,4719955
ybiY_ybiW_predicted,0.1111111111111111,8,8,TACAGGTTTTCGGTCTAGTT,0,4710021
ybiY_ybiW_predicted,0.1111111111111111,8,8,TACAGGGATGTAAGGTCGCA,0,4688613
ybiY_ybiW_predicted,0.1111111111111111,8,8,TACACGGCGTTCGTGTCTAA,0,4727011
ybiY_ybiW_predicted,0.1111111111111111,8,8,TACACCGTTACGGGGCGTCA,0,4712586
ybiY_ybiW_predicted,0.1111111111111111,8,8,TACACCGGTATCCATCTTAT,0,4713428
ybiY_ybiW_predicted,0.1111111111111111,8,8,TACAAGATGCTACTTGTCCC,0,4710016
ybiY_ybiW_predicted,0.1111111111111111,8,8,TAATCGCACCGATGGCCAAT,0,4726694
ybiY_ybiW_predicted,0.1111111111111111,8,8,TAAGAAACGTCACAGCCACA,0,4696185
ybiY_ybiW_predicted,0.1111111111111111,8,8,TAAAGTCATTGGCTCCAATT,0,4711463
ybiY_ybiW_predicted,0.1111111111111111,8,8,GTTTTATAACTGAATAGCAA,0,4705197
ybiY_ybiW_predicted,0.1111111111111111,8,8,GTTGGAGTCACTTTAATATG,0,4724523
ybiY_ybiW_predicted,0.1111111111111111,8,8,GTTGCGCACATCGCGTCCAC,0,4722327
ybiY_ybiW_predicted,0.1111111111111111,8,8,GTTGCACGGCCAGGGTCGAT,0,4706780
ybiY_ybiW_predicted,0.1111111111111111,8,8,GTTCGCGTGACCCCGTTGTG,0,4720899
ybiY_ybiW_predicted,0.1111111111111111,8,8,GTTCGCCTCCAGTATTTTTA,0,4689334
ybiY_ybiW_predicted,0.1111111111111111,8,8,GTTCGATGTCTGGCTTAATC,0,4718525
ybiY_ybiW_predicted,0.1111111111111111,8,8,GTTCAATTTGGCTCACTTAA,0,4702735
ybiY_ybiW_predicted,0.1111111111111111,8,8,GTTATATTGACGCGCAGACT,0,4689675
ybiY_ybiW_predicted,0.1111111111111111,8,8,GTTAGAGAGTGTATGTTCCT,0,4710336
ybiY_ybiW_predicted,0.1111111111111111,8,8,GTGGCCCACGAGTGCCTTCA,0,4703809
ybiY_ybiW_predicted,0.1111111111111111,8,8,GTGCTGCCGTCGATCGTCAT,0,4721557
ybiY_ybiW_predicted,0.1111111111111111,8,8,GTGCTAGGCTGCACCCTATC,0,4705012
ybiY_ybiW_predicted,0.1111111111111111,8,8,GTGCCGCAATCATACTCCTA,0,4710213
ybiY_ybiW_predicted,0.1111111111111111,8,8,GTGCAGGTCGAAAGGAGTTG,0,4699877
ybiY_ybiW_predicted,0.1111111111111111,8,8,GTGAGCTACAATTCAAGGGT,0,4714699
ybiY_ybiW_predicted,0.1111111111111111,8,8,GTGACGGAGTACATCGAAGA,0,4698694
ybiY_ybiW_predicted,0.1111111111111111,8,8,GTGAAGGGGACGTCTACTAA,0,4716983
ybiY_ybiW_predicted,0.1111111111111111,8,8,GTGAAGCACAAGTTAAATTA,0,4693161
ybiY_ybiW_predicted,0.1111111111111111,8,8,GTCGTAACGTATATCGCTGG,0,4698706
ybiY_ybiW_predicted,0.1111111111111111,8,8,GTCGCGTCGTTGTGTCGCAT,0,4732489
ybiY_ybiW_predicted,0.1111111111111111,8,8,GTCGAGCTGCCGCCACTATC,0,4697076
ybiY_ybiW_predicted,0.1111111111111111,8,8,GTCATTTGTCAAATTGGGTA,0,4691766
ybiY_ybiW_predicted,0.1111111111111111,8,8,GTATTGGCTAATATATACGT,0,4723288
ybiY_ybiW_predicted,0.1111111111111111,8,8,GTAGCTTCGCGCTGTGCGAG,0,4699544
ybiY_ybiW_predicted,0.1111111111111111,8,8,GTAGCAGAGTTCGGTGCCTA,0,4724606
ybiY_ybiW_predicted,0.1111111111111111,8,8,GTAGACTTTAACTGGATCCC,0,4725639
ybiY_ybiW_predicted,0.1111111111111111,8,8,GTACCCTACAGGGTTCGCTC,0,4703781
ybiY_ybiW_predicted,0.1111111111111111,8,8,GTAAATATGGGTCTGATCAC,0,4707635
ybiY_ybiW_predicted,0.1111111111111111,8,8,GGTTCGTCCGGGGATTTACG,0,4704541
ybiY_ybiW_predicted,0.1111111111111111,8,8,GGTGTCAATTGGCCGGAAGG,0,4695625
ybiY_ybiW_predicted,0.1111111111111111,8,8,GGTCTAGACCCCAGGCGCCA,0,4717472
ybiY_ybiW_predicted,0.1111111111111111,8,8,GGTCGGAGGTACTAAAACAA,0,4707390
ybiY_ybiW_predicted,0.1111111111111111,8,8,GGTCGAGAAGCTCCCGCTGC,0,4708147
ybiY_ybiW_predicted,0.1111111111111111,8,8,GGTCAAGCGAAGGAGATTTG,0,4706477
ybiY_ybiW_predicted,0.1111111111111111,8,8,GGGTTGCTACGTTCCAAAGG,0,4704397
ybiY_ybiW_predicted,0.1111111111111111,8,8,GGGTGCGTCTGGGGGCTGAG,0,4721009
ybiY_ybiW_predicted,0.1111111111111111,8,8,GGGTGCAGCCGTCCGTTTAT,0,4723676
ybiY_ybiW_predicted,0.1111111111111111,8,8,GGGTAGTCCCCCCGGTAGGG,0,4711229
ybiY_ybiW_predicted,0.1111111111111111,8,8,GGGCTTCGTTATGCAGGGAA,0,4688715
ybiY_ybiW_predicted,0.1111111111111111,8,8,GGGCGTGTTTAAATTCGTTA,0,4715776
ybiY_ybiW_predicted,0.1111111111111111,8,8,GGGCGGTAGAAGATATCGCC,0,4725229
ybiY_ybiW_predicted,0.1111111111111111,8,8,GGGCGACCATGTTATTGTTG,0,4699438
ybiY_ybiW_predicted,0.1111111111111111,8,8,GGGAGTACCCGGGTGTACTA,0,4720235
ybiY_ybiW_predicted,0.1111111111111111,8,8,GGCTTTAGGTCCGTAACGTG,0,4702694
ybiY_ybiW_predicted,0.1111111111111111,8,8,GGCTGATGCAGATGGTCCAC,0,4692116
ybiY_ybiW_predicted,0.1111111111111111,8,8,GGCGTGGCTATTTACCCACG,0,4714934
ybiY_ybiW_predicted,0.1111111111111111,8,8,GGCGCTTCTTACCCACCGGC,0,4728070
ybiY_ybiW_predicted,0.1111111111111111,8,8,GGCCAGAAGTAGCAGGTCCA,0,4697588
ybiY_ybiW_predicted,0.1111111111111111,8,8,GGCCACGGCGGACTGGGCTA,0,4725555
ybiY_ybiW_predicted,0.1111111111111111,8,8,GGCATGAAGAAGTGGACCTC,0,4723420
ybiY_ybiW_predicted,0.1111111111111111,8,8,GGCACCGAGGTCCTAAGCTA,0,4718522
ybiY_ybiW_predicted,0.1111111111111111,8,8,GGCACATACCAGACGCGATG,0,4727231
ybiY_ybiW_predicted,0.1111111111111111,8,8,GGAGGGTCACACAATCGGAG,0,4691798
ybiY_ybiW_predicted,0.1111111111111111,8,8,GGAGGCCGAAATTTGGCGTA,0,4711019
ybiY_ybiW_predicted,0.1111111111111111,8,8,GGACGGCAAGTCACGCGGAC,0,4714666
ybiY_ybiW_predicted,0.1111111111111111,8,8,GGACCTGGTTCTTGATCCCC,0,4730463
ybiY_ybiW_predicted,0.1111111111111111,8,8,GGACCCGTAGCGCAGCCTAA,0,4730995
ybiY_ybiW_predicted,0.1111111111111111,8,8,GGAATAACACCTCGCTGGGG,0,4724479
ybiY_ybiW_predicted,0.1111111111111111,8,8,GGAAAGCTCACCCAAAATAT,0,4703193
ybiY_ybiW_predicted,0.1111111111111111,8,8,GGAAACCGGGTTTCGTGGAT,0,4730904
ybiY_ybiW_predicted,0.1111111111111111,8,8,GCTGTCGGCCCTGTTGCCAG,0,4722443
ybiY_ybiW_predicted,0.1111111111111111,8,8,GCTGAAAAGCCTCATTCCGT,0,4721445
ybiY_ybiW_predicted,0.1111111111111111,8,8,GCTCTTGGACCGGGAGAGTG,0,4712905
ybiY_ybiW_predicted,0.1111111111111111,8,8,GCTCTGATGTAACCACATCT,0,4724276
ybiY_ybiW_predicted,0.1111111111111111,8,8,GCTCGGCCAACTGGTGGTAG,0,4725770
ybiY_ybiW_predicted,0.1111111111111111,8,8,GCTCATGTTGCTCTACGGTT,0,4727852
ybiY_ybiW_predicted,0.1111111111111111,8,8,GCTATTCTGGTACGAGGCCC,0,4705684
ybiY_ybiW_predicted,0.1111111111111111,8,8,GCGTGGAAAACTATTTATCT,0,4709137
ybiY_ybiW_predicted,0.1111111111111111,8,8,GCGGCATTGGACAAGGTCCA,0,4716686
ybiY_ybiW_predicted,0.1111111111111111,8,8,GCGGCACATGTAACCTCCCC,0,4728896
ybiY_ybiW_predicted,0.1111111111111111,8,8,GCGCGTAAAATGTCGGATTG,0,4698568
ybiY_ybiW_predicted,0.1111111111111111,8,8,GCGCCCCTTGGACACATTCG,0,4712681
ybiY_ybiW_predicted,0.1111111111111111,8,8,GCGAGTGTCTAAGCCCTGGT,0,4708141
ybiY_ybiW_predicted,0.1111111111111111,8,8,GCGACGGGCATAGCACGTGA,0,4694164
ybiY_ybiW_predicted,0.1111111111111111,8,8,GCCTTATGAGTGGTATACTT,0,4704986
ybiY_ybiW_predicted,0.1111111111111111,8,8,GCCTCGTCGCGGGCAATCCC,0,4725124
ybiY_ybiW_predicted,0.1111111111111111,8,8,GCCTCGACCTTTCAAAGGAC,0,4693790
ybiY_ybiW_predicted,0.1111111111111111,8,8,GCCTACAAGTGCTGTGGCTT,0,4710910
ybiY_ybiW_predicted,0.1111111111111111,8,8,GCCTAAAAGGGGTTTATAAA,0,4689164
ybiY_ybiW_predicted,0.1111111111111111,8,8,GCCGCATCGGTTGCGCGTCA,0,4702740
ybiY_ybiW_predicted,0.1111111111111111,8,8,GCCGAGTCAAATCGTTCCTT,0,4724594
ybiY_ybiW_predicted,0.1111111111111111,8,8,GCCCGTGGCCTTCTAGACCG,0,4715233
ybiY_ybiW_predicted,0.1111111111111111,8,8,GCCCGGTTTATCGTGCATCA,0,4716317
ybiY_ybiW_predicted,0.1111111111111111,8,8,GCCCGGTCCTCCTACAGCTA,0,4699079
ybiY_ybiW_predicted,0.1111111111111111,8,8,GCCCAGCAACGATTTTATCT,0,4724059
ybiY_ybiW_predicted,0.1111111111111111,8,8,GCCCAACTAAACCCTTCGGC,0,4711949
ybiY_ybiW_predicted,0.1111111111111111,8,8,GCCAGAAGCCTATAAAAGGC,0,4729325
ybiY_ybiW_predicted,0.1111111111111111,8,8,GCACCAAGACCTGCGTCCAA,0,4695874
ybiY_ybiW_predicted,0.1111111111111111,8,8,GCAAGACCAGCCAGTCCTAG,0,4696775
ybiY_ybiW_predicted,0.1111111111111111,8,8,GATTGATATTGCATTGTCAA,0,4701646
ybiY_ybiW_predicted,0.1111111111111111,8,8,GATTATTCGGGACGGGCGAA,0,4727089
ybiY_ybiW_predicted,0.1111111111111111,8,8,GATGACGTGGTCTTATCGAG,0,4721827
ybiY_ybiW_predicted,0.1111111111111111,8,8,GATGACATCAGAAGATGCGG,0,4718940
ybiY_ybiW_predicted,0.1111111111111111,8,8,GATACAACGGAATCATGGAC,0,4688863
ybiY_ybiW_predicted,0.1111111111111111,8,8,GAGGGTGTCCACAGAAGACT,0,4693478
ybiY_ybiW_predicted,0.1111111111111111,8,8,GAGGGGTCGTGGGGTAGCGC,0,4698152
ybiY_ybiW_predicted,0.1111111111111111,8,8,GAGGATATGGAACGCACAGT,0,4708883
ybiY_ybiW_predicted,0.1111111111111111,8,8,GAGGAGACAGGCGACCGGAG,0,4701757
ybiY_ybiW_predicted,0.1111111111111111,8,8,GAGCGTTGAGTTAACTTTAT,0,4688717
ybiY_ybiW_predicted,0.1111111111111111,8,8,GAGCACCGATGGACAGTTTG,0,4725664
ybiY_ybiW_predicted,0.1111111111111111,8,8,GAGAGATCCGGCATCAGTTC,0,4721183
ybiY_ybiW_predicted,0.1111111111111111,8,8,GAGAAACGGCCAGACAACTT,0,4722123
ybiY_ybiW_predicted,0.1111111111111111,8,8,GACTATCCACTTCTGCCCTA,0,4707908
ybiY_ybiW_predicted,0.1111111111111111,8,8,GACCGCGGCTCTCATGGTTA,0,4696577
ybiY_ybiW_predicted,0.1111111111111111,8,8,GACCCATCGTTCGGCTTTCG,0,4694458
ybiY_ybiW_predicted,0.1111111111111111,8,8,GAATTACAGCGTCGTATGAT,0,4724984
ybiY_ybiW_predicted,0.1111111111111111,8,8,GAAGCCCAATCTTCTTAGAA,0,4705778
ybiY_ybiW_predicted,0.1111111111111111,8,8,GAAACGCTTGCAAAGTCTCA,0,4722437
ybiY_ybiW_predicted,0.1111111111111111,8,8,CTTTTGCGTCAGGGACCACT,0,4727700
ybiY_ybiW_predicted,0.1111111111111111,8,8,CTTTGGTATGACTGCGCTTT,0,4697338
ybiY_ybiW_predicted,0.1111111111111111,8,8,CTTGGTGGAAACTCTCCGTT,0,4721902
ybiY_ybiW_predicted,0.1111111111111111,8,8,CTTCTAGTGAAGGTATGTAG,0,4724734
ybiY_ybiW_predicted,0.1111111111111111,8,8,CTTATAGAACCGACCCTTTG,0,4709819
ybiY_ybiW_predicted,0.1111111111111111,8,8,CTGTCCTCCACTAATCGGTT,0,4700478
ybiY_ybiW_predicted,0.1111111111111111,8,8,CTGTAGCTTGTATGGGTTTA,0,4728240
ybiY_ybiW_predicted,0.1111111111111111,8,8,CTGCCGACTATTGGTTTCTG,0,4697067
ybiY_ybiW_predicted,0.1111111111111111,8,8,CTGATGTTAGAGTACCTCCC,0,4707105
ybiY_ybiW_predicted,0.1111111111111111,8,8,CTCTACCTCACGACTCCACG,0,4701127
ybiY_ybiW_predicted,0.1111111111111111,8,8,CTCGTAACTGGCGCCGCAAA,0,4725291
ybiY_ybiW_predicted,0.1111111111111111,8,8,CTCGGCTGGATCTTCGCTAC,0,4713629
ybiY_ybiW_predicted,0.1111111111111111,8,8,CTCCTGACCAGGGAACGTCA,0,4704039
ybiY_ybiW_predicted,0.1111111111111111,8,8,CTCCGACGGAGCAACGAGGT,0,4706093
ybiY_ybiW_predicted,0.1111111111111111,8,8,CTCCCCATAACAGATCACCA,0,4730990
ybiY_ybiW_predicted,0.1111111111111111,8,8,CTCAGTAGTCCTACGCTTTA,0,4723224
ybiY_ybiW_predicted,0.1111111111111111,8,8,CTCACTGATAGCCACATTTC,0,4698768
ybiY_ybiW_predicted,0.1111111111111111,8,8,CTCACGTAACAATCCTTAGA,0,4694264
ybiY_ybiW_predicted,0.1111111111111111,8,8,CTCAAGTAAGGATCTTGTGT,0,4723246
ybiY_ybiW_predicted,0.1111111111111111,8,8,CTATAATAGACTCCATCCTG,0,4708368
ybiY_ybiW_predicted,0.1111111111111111,8,8,CTAGTGTGTCGGGCAAAGCC,0,4697400
ybiY_ybiW_predicted,0.1111111111111111,8,8,CTAACGGTTTGACACCTCCA,0,4692403
ybiY_ybiW_predicted,0.1111111111111111,8,8,CGTTGGCAACATTCAGAGTA,0,4692482
ybiY_ybiW_predicted,0.1111111111111111,8,8,CGTCGTGAACGCAGAGTACG,0,4695948
ybiY_ybiW_predicted,0.1111111111111111,8,8,CGTCCATATGAAGAGCGTGT,0,4716213
ybiY_ybiW_predicted,0.1111111111111111,8,8,CGTACTTCCTTTCGGAAGCA,0,4732649
ybiY_ybiW_predicted,0.1111111111111111,8,8,CGGTTAGCCTCTTGACACAA,0,4698463
ybiY_ybiW_predicted,0.1111111111111111,8,8,CGGTAATTTCAACCAATTCA,0,4711394
ybiY_ybiW_predicted,0.1111111111111111,8,8,CGGGGTTGGTTCGCGGTACC,0,4707549
ybiY_ybiW_predicted,0.1111111111111111,8,8,CGGGGGGCAGCGGCCGGTAT,0,4724602
ybiY_ybiW_predicted,0.1111111111111111,8,8,CGGGCGGCTGTCAAATGGTC,0,4712614
ybiY_ybiW_predicted,0.1111111111111111,8,8,CGGGAGAGTTCATTGGATCA,0,4714320
ybiY_ybiW_predicted,0.1111111111111111,8,8,CGGGACATATACCTTCTGCA,0,4703139
ybiY_ybiW_predicted,0.1111111111111111,8,8,CGGCTACACCATATTAGCAT,0,4710134
ybiY_ybiW_predicted,0.1111111111111111,8,8,CGGCCTGGATCCGAAGGCGG,0,4690266
ybiY_ybiW_predicted,0.1111111111111111,8,8,CGGCATCTGCTTGACAGATC,0,4720208
ybiY_ybiW_predicted,0.1111111111111111,8,8,CGGCAACGTAGGACACATGT,0,4728287
ybiY_ybiW_predicted,0.1111111111111111,8,8,CGGAGCGACACGGATTCAGT,0,4712957
ybiY_ybiW_predicted,0.1111111111111111,8,8,CGCGGCCAGGTATATTGCGC,0,4717584
ybiY_ybiW_predicted,0.1111111111111111,8,8,CGCGCTACCACATCACTGAG,0,4722891
ybiY_ybiW_predicted,0.1111111111111111,8,8,CGCCCGGTTTTAATGGGGGA,0,4706700
ybiY_ybiW_predicted,0.1111111111111111,8,8,CGCCAGGAAACATCTACTCT,0,4705503
ybiY_ybiW_predicted,0.1111111111111111,8,8,CGCATTAGGATGAGCAGTAC,0,4716179
ybiY_ybiW_predicted,0.1111111111111111,8,8,CGCATGTTCCCGATGAGAAT,0,4727263
ybiY_ybiW_predicted,0.1111111111111111,8,8,CGCACGGCGGCATTTCGCGC,0,4710950
ybiY_ybiW_predicted,0.1111111111111111,8,8,CGCACCATGCAGTGTGCTGA,0,4730658
ybiY_ybiW_predicted,0.1111111111111111,8,8,CGATTGTGAACCATTGAGGT,0,4703721
ybiY_ybiW_predicted,0.1111111111111111,8,8,CGATATGGTTCTAGATTATA,0,4729643
ybiY_ybiW_predicted,0.1111111111111111,8,8,CGACTATTTGATACAAATGA,0,4698514
ybiY_ybiW_predicted,0.1111111111111111,8,8,CGACCCGCACCAAATAGTAA,0,4715206
ybiY_ybiW_predicted,0.1111111111111111,8,8,CGAATATGGAGTCACGCGTT,0,4731094
ybiY_ybiW_predicted,0.1111111111111111,8,8,CGAACCGGCCTGCGGGCAGC,0,4698778
ybiY_ybiW_predicted,0.1111111111111111,8,8,CGAAACGATCGGTGTTGTCG,0,4702441
ybiY_ybiW_predicted,0.1111111111111111,8,8,CCTTTCACAATACTGTGGAA,0,4693620
ybiY_ybiW_predicted,0.1111111111111111,8,8,CCTTATAGGTCCTGTACTAT,0,4732771
ybiY_ybiW_predicted,0.1111111111111111,8,8,CCTGCGTCTGATGCGGAGTA,0,4719504
ybiY_ybiW_predicted,0.1111111111111111,8,8,CCTGCATCGATTTACCTGGA,0,4706764
ybiY_ybiW_predicted,0.1111111111111111,8,8,CCTCTTAATCCCAGGGAGGC,0,4722925
ybiY_ybiW_predicted,0.1111111111111111,8,8,CCTCCTTAATACCGGGTGTC,0,4715886
ybiY_ybiW_predicted,0.1111111111111111,8,8,CCTCATCCTCTCAACACCGA,0,4726580
ybiY_ybiW_predicted,0.1111111111111111,8,8,CCGTTGCATGAACACATCCT,0,4725233
ybiY_ybiW_predicted,0.1111111111111111,8,8,CCGTGTATTGGAAAGGTCCG,0,4716969
ybiY_ybiW_predicted,0.1111111111111111,8,8,CCGTAAAATGTGTATGGCCA,0,4723341
ybiY_ybiW_predicted,0.1111111111111111,8,8,CCGGTCTGGTGTACCCAAAC,0,4702963
ybiY_ybiW_predicted,0.1111111111111111,8,8,CCGGGTTAGTATTACAGTAA,0,4724951
ybiY_ybiW_predicted,0.1111111111111111,8,8,CCGCGGGACATTACTTCATG,0,4689339
ybiY_ybiW_predicted,0.1111111111111111,8,8,CCGCCCGTGTCGATGGTCAA,0,4722005
ybiY_ybiW_predicted,0.1111111111111111,8,8,CCGCCCGGGGTATTGGGGAC,0,4711661
ybiY_ybiW_predicted,0.1111111111111111,8,8,CCGCCCGAGTTCCGCAAGAG,0,4706175
ybiY_ybiW_predicted,0.1111111111111111,8,8,CCGCCAGGAGTTTGCCGGAA,0,4725120
ybiY_ybiW_predicted,0.1111111111111111,8,8,CCGATATCGTCTGTCTAGTA,0,4708241
ybiY_ybiW_predicted,0.1111111111111111,8,8,CCCTTAATGTCGGCGTTATC,0,4718066
ybiY_ybiW_predicted,0.1111111111111111,8,8,CCCTCAATCAATCATCATCT,0,4726035
ybiY_ybiW_predicted,0.1111111111111111,8,8,CCCGTGAAGCTTGTCGAACG,0,4703440
ybiY_ybiW_predicted,0.1111111111111111,8,8,CCCCTCCATCTAGTACAGGC,0,4691920
ybiY_ybiW_predicted,0.1111111111111111,8,8,CCCCGGTGATGAACACTGGT,0,4700131
ybiY_ybiW_predicted,0.1111111111111111,8,8,CCCATGGACGTCTCAGGTCG,0,4695440
ybiY_ybiW_predicted,0.1111111111111111,8,8,CCCAGGTCAAGCACTTCTGA,0,4710374
ybiY_ybiW_predicted,0.1111111111111111,8,8,CCATGCGGAGTCGTGGGTAT,0,4714319
ybiY_ybiW_predicted,0.1111111111111111,8,8,CCATCTCCACAAAGTTCGTA,0,4732316
ybiY_ybiW_predicted,0.1111111111111111,8,8,CCACGTGGCGGCATTTAGGG,0,4701604
ybiY_ybiW_predicted,0.1111111111111111,8,8,CCACCGTTCAGGACCTCTGG,0,4689148
ybiY_ybiW_predicted,0.1111111111111111,8,8,CCACCCTGTCTGGAGTATGC,0,4716236
ybiY_ybiW_predicted,0.1111111111111111,8,8,CCACAGTAACATGCAAGTTT,0,4720642
ybiY_ybiW_predicted,0.1111111111111111,8,8,CATTCTTGCCTAGTAGTTTT,0,4724018
ybiY_ybiW_predicted,0.1111111111111111,8,8,CATGTCAGGAAACAATCGGG,0,4698078
ybiY_ybiW_predicted,0.1111111111111111,8,8,CATGGTGCCTCACATCGGTT,0,4707210
ybiY_ybiW_predicted,0.1111111111111111,8,8,CATGCCTGGGGGGTAGAAGT,0,4726920
ybiY_ybiW_predicted,0.1111111111111111,8,8,CATCTTTACGTATAGGACAG,0,4692847
ybiY_ybiW_predicted,0.1111111111111111,8,8,CATAGGACTCAGAGTATGAG,0,4728010
ybiY_ybiW_predicted,0.1111111111111111,8,8,CATACCGGGAGAAGCTGTCG,0,4713849
ybiY_ybiW_predicted,0.1111111111111111,8,8,CATACCGGAGGGATATAGAA,0,4728645
ybiY_ybiW_predicted,0.1111111111111111,8,8,CATACAATAGTAGAGCGAGC,0,4724004
ybiY_ybiW_predicted,0.1111111111111111,8,8,CAGTGATGCCAGGGATGTTG,0,4692955
ybiY_ybiW_predicted,0.1111111111111111,8,8,CAGTCCTTAACGTACGGAAC,0,4692913
ybiY_ybiW_predicted,0.1111111111111111,8,8,CAGGTGGCTGTGCGCGGCGT,0,4712657
ybiY_ybiW_predicted,0.1111111111111111,8,8,CAGGGGCCAGAGAACAGGTT,0,4708170
ybiY_ybiW_predicted,0.1111111111111111,8,8,CAGAAGAATCTCCTTCCCTG,0,4701541
ybiY_ybiW_predicted,0.1111111111111111,8,8,CACTGGTAGCCGGCGCTAAC,0,4732509
ybiY_ybiW_predicted,0.1111111111111111,8,8,CACTATACTGGAATAGCGCA,0,4723970
ybiY_ybiW_predicted,0.1111111111111111,8,8,CACTAGATTAGCCACTATTG,0,4698431
ybiY_ybiW_predicted,0.1111111111111111,8,8,CACGTGGTTATGCTCGGCCA,0,4720861
ybiY_ybiW_predicted,0.1111111111111111,8,8,CACCTTGATCGTGCACCAGT,0,4713609
ybiY_ybiW_predicted,0.1111111111111111,8,8,CACAGCTCAACTTAACTCTA,0,4725118
ybiY_ybiW_predicted,0.1111111111111111,8,8,CACAATATTAAATTTTCAAG,0,4728021
ybiY_ybiW_predicted,0.1111111111111111,8,8,CAATTGTTAATGACGGGTCA,0,4711349
ybiY_ybiW_predicted,0.1111111111111111,8,8,CAATTACAGACGTCGGCATT,0,4694455
ybiY_ybiW_predicted,0.1111111111111111,8,8,CAATGCGCCGAGTCTCATGC,0,4695409
ybiY_ybiW_predicted,0.1111111111111111,8,8,CAATGAATGGGTAAGTAGGG,0,4706300
ybiY_ybiW_predicted,0.1111111111111111,8,8,CAAGTAGGGGAACTCTCTTT,0,4718720
ybiY_ybiW_predicted,0.1111111111111111,8,8,CAACCGGTTGGCGGTGCAGT,0,4700830
ybiY_ybiW_predicted,0.1111111111111111,8,8,CAACATGTCGTGGAACGGGG,0,4703324
ybiY_ybiW_predicted,0.1111111111111111,8,8,CAAATTTTCCTACTAACCAG,0,4698767
ybiY_ybiW_predicted,0.1111111111111111,8,8,ATTTCACACACAGACCACTG,0,4700996
ybiY_ybiW_predicted,0.1111111111111111,8,8,ATTCTTAAACGGTTCCGGTG,0,4724525
ybiY_ybiW_predicted,0.1111111111111111,8,8,ATTCCCGTCTATACAGCAGA,0,4702126
ybiY_ybiW_predicted,0.1111111111111111,8,8,ATTCAATGACTTAGGGAGGC,0,4695731
ybiY_ybiW_predicted,0.1111111111111111,8,8,ATTATCAATCGCACTGTATA,0,4698330
ybiY_ybiW_predicted,0.1111111111111111,8,8,ATTACTGATTACTAAGAAAG,0,4712408
ybiY_ybiW_predicted,0.1111111111111111,8,8,ATGTTCTCGGGTTTATGCCT,0,4688994
ybiY_ybiW_predicted,0.1111111111111111,8,8,ATGTCTAGCGGTGCGATCTT,0,4727607
ybiY_ybiW_predicted,0.1111111111111111,8,8,ATGTAGCGGCAGCGTCGAGC,0,4710328
ybiY_ybiW_predicted,0.1111111111111111,8,8,ATGTAACACTCGAGTATCCA,0,4704953
ybiY_ybiW_predicted,0.1111111111111111,8,8,ATGGATCGTGTATACTCATT,0,4693221
ybiY_ybiW_predicted,0.1111111111111111,8,8,ATGCCAGCACGGGAGTTTCA,0,4691896
ybiY_ybiW_predicted,0.1111111111111111,8,8,ATGATTCAGCGTTACGGACT,0,4699726
ybiY_ybiW_predicted,0.1111111111111111,8,8,ATCTCTAACATCGACTGTGA,0,4698892
ybiY_ybiW_predicted,0.1111111111111111,8,8,ATCTACGACAAATCAGTCCA,0,4708693
ybiY_ybiW_predicted,0.1111111111111111,8,8,ATCGTTGGCCCTAGAGCCTA,0,4696431
ybiY_ybiW_predicted,0.1111111111111111,8,8,ATCGTCATCAGCAGTTTCTA,0,4727135
ybiY_ybiW_predicted,0.1111111111111111,8,8,ATCCTAAAGGTGCACTTTTT,0,4709184
ybiY_ybiW_predicted,0.1111111111111111,8,8,ATCCGTATAGCAAATCCTCG,0,4725918
ybiY_ybiW_predicted,0.1111111111111111,8,8,ATATTCCGCGGCGGAAGGGG,0,4727385
ybiY_ybiW_predicted,0.1111111111111111,8,8,ATAGTTACATAACGAGTCAG,0,4703018
ybiY_ybiW_predicted,0.1111111111111111,8,8,ATAGCGTCGTAGAGCGTAGG,0,4689143
ybiY_ybiW_predicted,0.1111111111111111,8,8,ATACGAGAGCCCGGGCCTAC,0,4722093
ybiY_ybiW_predicted,0.1111111111111111,8,8,ATACCAACACCGGGGGTAGA,0,4710092
ybiY_ybiW_predicted,0.1111111111111111,8,8,ATACAGGTTGTCGGCCCTGG,0,4715116
ybiY_ybiW_predicted,0.1111111111111111,8,8,AGTTGGCAAGAATTATTGCT,0,4722838
ybiY_ybiW_predicted,0.1111111111111111,8,8,AGTTCGGCTCACAGGGAGTA,0,4700223
ybiY_ybiW_predicted,0.1111111111111111,8,8,AGTTCGGCAGCGTGCGAGAA,0,4723084
ybiY_ybiW_predicted,0.1111111111111111,8,8,AGTTCAAGTTTGCGCGTTTT,0,4717962
ybiY_ybiW_predicted,0.1111111111111111,8,8,AGTGTTGCTCTCTCGGCTCA,0,4717761
ybiY_ybiW_predicted,0.1111111111111111,8,8,AGTGGACTTCTGTGGGACCT,0,4728178
ybiY_ybiW_predicted,0.1111111111111111,8,8,AGTGATAGGGACGCGGAGTA,0,4712651
ybiY_ybiW_predicted,0.1111111111111111,8,8,AGTCCAAGCCTTTGTAACGG,0,4702991
ybiY_ybiW_predicted,0.1111111111111111,8,8,AGTCAACGCCTCTTAACCCT,0,4723698
ybiY_ybiW_predicted,0.1111111111111111,8,8,AGTAGGCGAGAGTCGTAAAC,0,4701978
ybiY_ybiW_predicted,0.1111111111111111,8,8,AGGTTAACCAACGTGTAGGT,0,4712082
ybiY_ybiW_predicted,0.1111111111111111,8,8,AGGTGGGAGTGAATGTAAAC,0,4715429
ybiY_ybiW_predicted,0.1111111111111111,8,8,AGGTCTAGAAGTCCGTTAGT,0,4699318
ybiY_ybiW_predicted,0.1111111111111111,8,8,AGGTCGCCCCGCGGAAAGTA,0,4697150
ybiY_ybiW_predicted,0.1111111111111111,8,8,AGGTAGGCTGTATTACGGGT,0,4697216
ybiY_ybiW_predicted,0.1111111111111111,8,8,AGGTACGGATAGATGAGCGC,0,4693433
ybiY_ybiW_predicted,0.1111111111111111,8,8,AGGGTCCTCCTTGATCTAAC,0,4711060
ybiY_ybiW_predicted,0.1111111111111111,8,8,AGGGGTTTGGCTTATGTTTG,0,4701228
ybiY_ybiW_predicted,0.1111111111111111,8,8,AGGGGACCAGTTATCGGTGT,0,4704312
ybiY_ybiW_predicted,0.1111111111111111,8,8,AGGGGAAGTTCCCATACGAG,0,4709820
ybiY_ybiW_predicted,0.1111111111111111,8,8,AGGCTTACCGTAAGTGCGGT,0,4699837
ybiY_ybiW_predicted,0.1111111111111111,8,8,AGGCCCGTGTATCCTCTTTG,0,4715756
ybiY_ybiW_predicted,0.1111111111111111,8,8,AGGCAGAGACGTATAAATAC,0,4703806
ybiY_ybiW_predicted,0.1111111111111111,8,8,AGCTATCGCCACACGCGATG,0,4714351
ybiY_ybiW_predicted,0.1111111111111111,8,8,AGCCGTAGCCTATGTGTGGA,0,4731911
ybiY_ybiW_predicted,0.1111111111111111,8,8,AGCCCAGAGGCGCTAGGACT,0,4726237
ybiY_ybiW_predicted,0.1111111111111111,8,8,AGCAGGGGATAGAGGAACTG,0,4720175
ybiY_ybiW_predicted,0.1111111111111111,8,8,AGATTTGCAACTGGATTGTA,0,4708465
ybiY_ybiW_predicted,0.1111111111111111,8,8,AGATGACTATGATCAAGATT,0,4692042
ybiY_ybiW_predicted,0.1111111111111111,8,8,AGATATGGCTTCCTGTATAG,0,4702920
ybiY_ybiW_predicted,0.1111111111111111,8,8,AGAGTGCCGTGTTCGTTCCA,0,4700516
ybiY_ybiW_predicted,0.1111111111111111,8,8,AGACGGGCCACTTATCTCTG,0,4721164
ybiY_ybiW_predicted,0.1111111111111111,8,8,AGAATTAACGGTCAACTCAA,0,4709216
ybiY_ybiW_predicted,0.1111111111111111,8,8,AGAAGCCAAATGTTGGGGCT,0,4712647
ybiY_ybiW_predicted,0.1111111111111111,8,8,AGAAAACGGGAGTTACCCCA,0,4714723
ybiY_ybiW_predicted,0.1111111111111111,8,8,ACGTCTAGAATTCTGGGGTT,0,4730492
ybiY_ybiW_predicted,0.1111111111111111,8,8,ACGGTCTTAGGCGGACCGTG,0,4714372
ybiY_ybiW_predicted,0.1111111111111111,8,8,ACGGTCGGTCACCTCTCTCG,0,4696859
ybiY_ybiW_predicted,0.1111111111111111,8,8,ACGGCACGTGCGCTTGTGGA,0,4721972
ybiY_ybiW_predicted,0.1111111111111111,8,8,ACGGATTCCCGGGTTCTTGG,0,4713204
ybiY_ybiW_predicted,0.1111111111111111,8,8,ACGACTAGGGAGTACCCTGT,0,4704576
ybiY_ybiW_predicted,0.1111111111111111,8,8,ACCTTGTACATTATAGGACA,0,4717560
ybiY_ybiW_predicted,0.1111111111111111,8,8,ACCGTTAGCCCTTTTGCTCA,0,4703949
ybiY_ybiW_predicted,0.1111111111111111,8,8,ACCCATCTCGCCTTACGGTG,0,4710853
ybiY_ybiW_predicted,0.1111111111111111,8,8,ACCAATCCTCTAAGAAACCT,0,4698161
ybiY_ybiW_predicted,0.1111111111111111,8,8,ACCAAGATCTGTGGTTGGTA,0,4714003
ybiY_ybiW_predicted,0.1111111111111111,8,8,ACATTGGTGGTCGTTCGATG,0,4727711
ybiY_ybiW_predicted,0.1111111111111111,8,8,ACATTGCAGGAGACGAGCTT,0,4708075
ybiY_ybiW_predicted,0.1111111111111111,8,8,ACATATTCCCTGAAACCATA,0,4691543
ybiY_ybiW_predicted,0.1111111111111111,8,8,ACAAGTACGTACATGCGGTA,0,4724008
ybiY_ybiW_predicted,0.1111111111111111,8,8,ACAAGTAAACATCCGCAGCA,0,4699832
ybiY_ybiW_predicted,0.1111111111111111,8,8,AATTATTGAAGGCTGAACCA,0,4690581
ybiY_ybiW_predicted,0.1111111111111111,8,8,AATTATACGCACATGAGCCC,0,4719155
ybiY_ybiW_predicted,0.1111111111111111,8,8,AATCTAAACGAAGCCCGACA,0,4708853
ybiY_ybiW_predicted,0.1111111111111111,8,8,AATCGGCCATTGTAGCAAGC,0,4717859
ybiY_ybiW_predicted,0.1111111111111111,8,8,AATCGCCCGACAGAGAGGGT,0,4721210
ybiY_ybiW_predicted,0.1111111111111111,8,8,AATATATTTTTTCGTCCGTG,0,4714102
ybiY_ybiW_predicted,0.1111111111111111,8,8,AATAACCCCAGCGCGATTGT,0,4693223
ybiY_ybiW_predicted,0.1111111111111111,8,8,AAGGTTGCAGTGCGCCCGCG,0,4692222
ybiY_ybiW_predicted,0.1111111111111111,8,8,AAGGTGAACAGCCCCTAAGT,0,4692432
ybiY_ybiW_predicted,0.1111111111111111,8,8,AAGGGGGCTTGTGCGTCAGA,0,4721515
ybiY_ybiW_predicted,0.1111111111111111,8,8,AAGGAGACGTCGGTTAAGAC,0,4694193
ybiY_ybiW_predicted,0.1111111111111111,8,8,AACGTAACTCCAATTGTCAG,0,4723653
ybiY_ybiW_predicted,0.1111111111111111,8,8,AACCGTGAGTTAACGGCGTA,0,4725152
ybiY_ybiW_predicted,0.1111111111111111,8,8,AACCGTGACGTCGGTGCGCT,0,4717818
ybiY_ybiW_predicted,0.1111111111111111,8,8,AAATAAGCTAATGCGGTCGT,0,4703258
ybiY_ybiW_predicted,0.1111111111111111,8,8,AAAGCCTTGACCCGTCGGTG,0,4724271
ybiY_ybiW_predicted,0.1111111111111111,8,8,AAAGAGGATCAATCACACCA,0,4694240
ybiY_ybiW_predicted,0.1111111111111111,8,8,AAAGACCCATTAATTACCTT,0,4710143
ybiY_ybiW_predicted,0.1111111111111111,8,8,AAACTCGTGCACTACAATCC,0,4695586
ybiY_ybiW_predicted,0.1111111111111111,8,8,AAACGGATATTGACATAGGC,0,4703904
ybiY_ybiW_predicted,0.1111111111111111,8,8,AAACCTGCAAACTTGCAAAT,0,4689305
ybiY_ybiW_predicted,0.1111111111111111,8,8,AAACAAAGCCCTCAATATGT,0,4692997
ybiY_ybiW_predicted,0.1111111111111111,8,8,AAAAATTGAATTTCTTCTTC,0,4728264
ybiY_ybiW_predicted,0.1111111111111111,8,8,AAAAAGTGGCACTGTTTGAT,0,4706104
ybiY_ybiW_predicted,0.125,7,7,TTTGTCCTGTAAATAACGTT,0,4711352
ybiY_ybiW_predicted,0.125,7,7,TTTGGGGGGGTAGTGTTATT,0,4719075
ybiY_ybiW_predicted,0.125,7,7,TTTGACTCATAGACGCTGAT,0,4724283
ybiY_ybiW_predicted,0.125,7,7,TTTGAATCTGCCGGGATTCA,0,4722257
ybiY_ybiW_predicted,0.125,7,7,TTGTCTGAATGTCGCGTTCA,0,4711203
ybiY_ybiW_predicted,0.125,7,7,TTGTCCTCAGGATTGCTCGA,0,4706177
ybiY_ybiW_predicted,0.125,7,7,TTGCTGTTTATCTCTATATT,0,4707249
ybiY_ybiW_predicted,0.125,7,7,TTGCAAAGCTGGGCTGTCGT,0,4726278
ybiY_ybiW_predicted,0.125,7,7,TTGACCAAGGTTTCACTTAT,0,4713961
ybiY_ybiW_predicted,0.125,7,7,TTGAACATACCGTGGGTGAA,0,4716585
ybiY_ybiW_predicted,0.125,7,7,TTCTGCCACTACTTCCCGTG,0,4728841
ybiY_ybiW_predicted,0.125,7,7,TTCGGTAATTCGGTCGCGGT,0,4706067
ybiY_ybiW_predicted,0.125,7,7,TTCGCCTATTTTGCAGTGGT,0,4722202
ybiY_ybiW_predicted,0.125,7,7,TTCGCAACCACTGATAAGCC,0,4694133
ybiY_ybiW_predicted,0.125,7,7,TTCCTGACTACATCGTACTG,0,4723507
ybiY_ybiW_predicted,0.125,7,7,TTCCTCCCGGCCCTGTCACA,0,4699360
ybiY_ybiW_predicted,0.125,7,7,TTCCCCAAGGTAACGGTACG,0,4726491
ybiY_ybiW_predicted,0.125,7,7,TTCATGTCCTAGAAATCGCA,0,4718767
ybiY_ybiW_predicted,0.125,7,7,TTCAGATCATCATGAAGGTC,0,4719406
ybiY_ybiW_predicted,0.125,7,7,TTCAGATATCGAAAGTTTTC,0,4696202
ybiY_ybiW_predicted,0.125,7,7,TTATTCTACCGATGCTGACA,0,4732514
ybiY_ybiW_predicted,0.125,7,7,TTATGTTTCCATTAGCTCCT,0,4708272
ybiY_ybiW_predicted,0.125,7,7,TTATATAGACGGGCATAGTG,0,4697471
ybiY_ybiW_predicted,0.125,7,7,TTATACGCTCGTTGGGCGAT,0,4700939
ybiY_ybiW_predicted,0.125,7,7,TTATAAGCCCGCCGATGTTC,0,4727202
ybiY_ybiW_predicted,0.125,7,7,TTAGCAATACAGATGCTGAA,0,4693147
ybiY_ybiW_predicted,0.125,7,7,TTACAACAGACGGACATTCC,0,4701046
ybiY_ybiW_predicted,0.125,7,7,TTAAGAGCTCAGATCAACGC,0,4721908
ybiY_ybiW_predicted,0.125,7,7,TTAACATTTAGGGCCGGGAC,0,4706146
ybiY_ybiW_predicted,0.125,7,7,TTAACATGTTGTAACTCCTC,0,4714975
ybiY_ybiW_predicted,0.125,7,7,TGTTCTGGATTGACTGGTAT,0,4698851
ybiY_ybiW_predicted,0.125,7,7,TGTTCAAATGTAGGGAACAG,0,4709407
ybiY_ybiW_predicted,0.125,7,7,TGTGGGTGAAGAGCCCCACT,0,4728995
ybiY_ybiW_predicted,0.125,7,7,TGTCTTGGTTCAGATCGCCT,0,4692729
ybiY_ybiW_predicted,0.125,7,7,TGTCAGACCGGCCCGATCCT,0,4705301
ybiY_ybiW_predicted,0.125,7,7,TGTATATTAGTGCGGCCTGT,0,4714601
ybiY_ybiW_predicted,0.125,7,7,TGGTTAGGAGCAACAGCCAC,0,4729459
ybiY_ybiW_predicted,0.125,7,7,TGGTGACCAAGGCCTGTTCC,0,4711410
ybiY_ybiW_predicted,0.125,7,7,TGGTATCGCACTGAAAGACC,0,4704112
ybiY_ybiW_predicted,0.125,7,7,TGGGTCCCCCCGTTAAGGAC,0,4703683
ybiY_ybiW_predicted,0.125,7,7,TGGGGTGTCATATGACCCGA,0,4689004
ybiY_ybiW_predicted,0.125,7,7,TGGGGCTACGAAGTAATTAA,0,4689034
ybiY_ybiW_predicted,0.125,7,7,TGGGCTCGGGCATGAAACAA,0,4716303
ybiY_ybiW_predicted,0.125,7,7,TGGATGGTCGTGCATTACCA,0,4704832
ybiY_ybiW_predicted,0.125,7,7,TGGAAAACGTCGGCTACGTG,0,4695259
ybiY_ybiW_predicted,0.125,7,7,TGCTTTCTCCTGAAGCACAT,0,4713765
ybiY_ybiW_predicted,0.125,7,7,TGCGCAAGTGAGTTAGGGTA,0,4721012
ybiY_ybiW_predicted,0.125,7,7,TGCCTTTGCGGAATACGTAG,0,4703337
ybiY_ybiW_predicted,0.125,7,7,TGCCTTCTAGGGTGATGGCT,0,4729710
ybiY_ybiW_predicted,0.125,7,7,TGCCGATGGTTGCGTCCATC,0,4713991
ybiY_ybiW_predicted,0.125,7,7,TGCCATGCGGAATATCGGAA,0,4704741
ybiY_ybiW_predicted,0.125,7,7,TGCCACCTCCCCGATCGTCA,0,4710792
ybiY_ybiW_predicted,0.125,7,7,TGCCAATTTCATTGTTCGAG,0,4692912
ybiY_ybiW_predicted,0.125,7,7,TGCCAAACGGCGGGTCATAG,0,4710796
ybiY_ybiW_predicted,0.125,7,7,TGCAGATATTCGTAGTGTAG,0,4708658
ybiY_ybiW_predicted,0.125,7,7,TGAGTATTCCCTTCCTACTT,0,4714335
ybiY_ybiW_predicted,0.125,7,7,TGAGCCTCAAAACAATGTGC,0,4701390
ybiY_ybiW_predicted,0.125,7,7,TGAGATCGTACCATTAGGCC,0,4704685
ybiY_ybiW_predicted,0.125,7,7,TGACTGGGGCGAAACGAGTT,0,4730894
ybiY_ybiW_predicted,0.125,7,7,TGACCTAGGTGGCGGGGGAA,0,4727463
ybiY_ybiW_predicted,0.125,7,7,TCTTGCCACACGCTATAAGT,0,4704181
ybiY_ybiW_predicted,0.125,7,7,TCTCTTCGCCCAGGAAGATC,0,4698003
ybiY_ybiW_predicted,0.125,7,7,TCTATCGTTGACCCGGTGCC,0,4694003
ybiY_ybiW_predicted,0.125,7,7,TCGGAGTGCGTTGTTTAATA,0,4693689
ybiY_ybiW_predicted,0.125,7,7,TCGGAGACAGCCAAGACAGC,0,4690007
ybiY_ybiW_predicted,0.125,7,7,TCGACTGCGGGTCTTCCTGA,0,4689070
ybiY_ybiW_predicted,0.125,7,7,TCGAAGCGACTTAGTGATGC,0,4702028
ybiY_ybiW_predicted,0.125,7,7,TCCGCCGAGACAGTCTTCCG,0,4691988
ybiY_ybiW_predicted,0.125,7,7,TCCCTTCCAGGGTAGTTCCT,0,4696668
ybiY_ybiW_predicted,0.125,7,7,TCCCGAATTCTCCGTGGACG,0,4717803
ybiY_ybiW_predicted,0.125,7,7,TCCATTGAGCACTCAGCCTG,0,4705527
ybiY_ybiW_predicted,0.125,7,7,TCCATCCCACCAAGTGAACA,0,4708807
ybiY_ybiW_predicted,0.125,7,7,TCATCGCTGCACTATACTTT,0,4705371
ybiY_ybiW_predicted,0.125,7,7,TCACGCATGTCGGTTGTTCC,0,4702550
ybiY_ybiW_predicted,0.125,7,7,TCACACTTCCCATGCGCGGG,0,4699398
ybiY_ybiW_predicted,0.125,7,7,TCAAAGCCGTTGGGGTCAAT,0,4698059
ybiY_ybiW_predicted,0.125,7,7,TATTTTCTTTGTCACGATTT,0,4704563
ybiY_ybiW_predicted,0.125,7,7,TATTCGAGGAACGCTGTCGG,0,4725699
ybiY_ybiW_predicted,0.125,7,7,TATTACACATCACGCAACGA,0,4713536
ybiY_ybiW_predicted,0.125,7,7,TATGTTTCACTTTCACGCCC,0,4694418
ybiY_ybiW_predicted,0.125,7,7,TATGTAAAGCAATCTATAAT,0,4705467
ybiY_ybiW_predicted,0.125,7,7,TATCCGTCGCCCTGCGACAC,0,4727629
ybiY_ybiW_predicted,0.125,7,7,TATAGTCTACTATAGCGGCA,0,4718177
ybiY_ybiW_predicted,0.125,7,7,TATAGCTAAGTGGCGCGCAG,0,4709601
ybiY_ybiW_predicted,0.125,7,7,TATAAGGTCACATTGCGGAT,0,4729957
ybiY_ybiW_predicted,0.125,7,7,TAGGAGCGCTACATAAAGAC,0,4711404
ybiY_ybiW_predicted,0.125,7,7,TAGCGGGGCGTGTGGTGCAG,0,4719405
ybiY_ybiW_predicted,0.125,7,7,TAGATGCTGAGAAGTACGTA,0,4697027
ybiY_ybiW_predicted,0.125,7,7,TAGATGATACACTTCTTAGG,0,4720009
ybiY_ybiW_predicted,0.125,7,7,TAGATCCGTGTGCGGGACGA,0,4709963
ybiY_ybiW_predicted,0.125,7,7,TAGAAATCCAAGGAAGGCAT,0,4699350
ybiY_ybiW_predicted,0.125,7,7,TACTGCACCAAGATGGATTC,0,4704516
ybiY_ybiW_predicted,0.125,7,7,TACCGGGAATCGTCCTATGT,0,4703467
ybiY_ybiW_predicted,0.125,7,7,TACCCTACATTATCGTACTG,0,4709156
ybiY_ybiW_predicted,0.125,7,7,TACAGGGAGGTCCACCGTAA,0,4694028
ybiY_ybiW_predicted,0.125,7,7,TACAATCAGCTATCTCGCCA,0,4692609
ybiY_ybiW_predicted,0.125,7,7,TAATTGCTTATTCTTTATAT,0,4690635
ybiY_ybiW_predicted,0.125,7,7,TAACTTTCATGTTAATTATT,0,4691544
ybiY_ybiW_predicted,0.125,7,7,TAACGCAAACTCAGGAGAGT,0,4699487
ybiY_ybiW_predicted,0.125,7,7,TAACATACTCGTCGCCCAAT,0,4727020
ybiY_ybiW_predicted,0.125,7,7,TAAACTATGCGATTCCGTCG,0,4707002
ybiY_ybiW_predicted,0.125,7,7,GTTTTGGGCGATGATTGTCT,0,4719814
ybiY_ybiW_predicted,0.125,7,7,GTTTATATAACATCGGTCGT,0,4701298
ybiY_ybiW_predicted,0.125,7,7,GTTATGGTATAAAAGCTGAG,0,4718262
ybiY_ybiW_predicted,0.125,7,7,GTTATGCCAACCGTGTTCGA,0,4718588
ybiY_ybiW_predicted,0.125,7,7,GTTAGTATGTGCAGGGGTTG,0,4688869
ybiY_ybiW_predicted,0.125,7,7,GTTAATTCCCGGGTTTAACC,0,4718696
ybiY_ybiW_predicted,0.125,7,7,GTGTGAGTTATTCGAAAGAC,0,4698371
ybiY_ybiW_predicted,0.125,7,7,GTGGTCGTTTACTGTAGGAT,0,4722253
ybiY_ybiW_predicted,0.125,7,7,GTGGTCGAGGTGGGGCCACG,0,4698788
ybiY_ybiW_predicted,0.125,7,7,GTGGTCCTACGCTGGGGTAA,0,4707357
ybiY_ybiW_predicted,0.125,7,7,GTGGTAATCGTGCTAGTGTA,0,4709250
ybiY_ybiW_predicted,0.125,7,7,GTGGCGGATGAGATATACCG,0,4701983
ybiY_ybiW_predicted,0.125,7,7,GTGGCAAGAGTTAGATGCCC,0,4708791
ybiY_ybiW_predicted,0.125,7,7,GTCTTTGGTGGTGGGTTGTG,0,4728728
ybiY_ybiW_predicted,0.125,7,7,GTCTTCCGTTCATATCAGTT,0,4721875
ybiY_ybiW_predicted,0.125,7,7,GTCGTATGTCTGAGTTAATT,0,4702112
ybiY_ybiW_predicted,0.125,7,7,GTCGATCGACTTTGCGTCCA,0,4731366
ybiY_ybiW_predicted,0.125,7,7,GTCCCCGATTCTCAGTGGTT,0,4701012
ybiY_ybiW_predicted,0.125,7,7,GTCCAAAGTACCGATGCGTC,0,4697918
ybiY_ybiW_predicted,0.125,7,7,GTCATGTATAAGAGTGGAAC,0,4730603
ybiY_ybiW_predicted,0.125,7,7,GTCATATAAAGGCGCGGCGT,0,4726262
ybiY_ybiW_predicted,0.125,7,7,GTCAAGGGATTTAATCGTAC,0,4726573
ybiY_ybiW_predicted,0.125,7,7,GTCAAACGAAAAGCGACTAT,0,4729435
ybiY_ybiW_predicted,0.125,7,7,GTATGATCTCAAGGGCAGAG,0,4696158
ybiY_ybiW_predicted,0.125,7,7,GTAGAAGACATGTATGGATC,0,4698133
ybiY_ybiW_predicted,0.125,7,7,GTACGTGGAATTAGAACTCT,0,4703362
ybiY_ybiW_predicted,0.125,7,7,GTACAAGCGTTGGCCCACGC,0,4731166
ybiY_ybiW_predicted,0.125,7,7,GTAATAGACACGCCTGATCA,0,4702027
ybiY_ybiW_predicted,0.125,7,7,GTAAGCTCTGTGCAATGGAG,0,4709807
ybiY_ybiW_predicted,0.125,7,7,GTAACGCAAGGCCTACCGTA,0,4728309
ybiY_ybiW_predicted,0.125,7,7,GTAAAGACTCTCTCTGGATC,0,4698840
ybiY_ybiW_predicted,0.125,7,7,GGTGTCCTCAGGGAGCATAC,0,4710687
ybiY_ybiW_predicted,0.125,7,7,GGTCTTCAGCACGTTGGCCA,0,4693581
ybiY_ybiW_predicted,0.125,7,7,GGTCGATGTGAAACCTAGCA,0,4710271
ybiY_ybiW_predicted,0.125,7,7,GGTCAATGGAGCGTTTAGGT,0,4705017
ybiY_ybiW_predicted,0.125,7,7,GGTATGGGTTAGTCTTTCTC,0,4718145
ybiY_ybiW_predicted,0.125,7,7,GGTATGCTAATTTCACAACT,0,4689303
ybiY_ybiW_predicted,0.125,7,7,GGTATCGACGGCATCATGTC,0,4717280
ybiY_ybiW_predicted,0.125,7,7,GGTAACCCGGCAAATGTCGG,0,4728530
ybiY_ybiW_predicted,0.125,7,7,GGGTCTTGGCACCGATAACT,0,4698346
ybiY_ybiW_predicted,0.125,7,7,GGGTCTCCTCCCATTAGAAC,0,4709951
ybiY_ybiW_predicted,0.125,7,7,GGGTCACGGAGGGAATCAGT,0,4715269
ybiY_ybiW_predicted,0.125,7,7,GGGCATTCATTCCTAGGCCT,0,4714028
ybiY_ybiW_predicted,0.125,7,7,GGGCAGGTCGCTAAAATAAA,0,4728468
ybiY_ybiW_predicted,0.125,7,7,GGCTTTGAACGCAGGCCCAA,0,4725227
ybiY_ybiW_predicted,0.125,7,7,GGCTTTCGCGGTGGAAAGTG,0,4707330
ybiY_ybiW_predicted,0.125,7,7,GGCTAAGATGGATAATGAGG,0,4726480
ybiY_ybiW_predicted,0.125,7,7,GGCGTGTTAAGACATCCTAC,0,4712903
ybiY_ybiW_predicted,0.125,7,7,GGCGGTATAGTCCGGGCCAC,0,4722319
ybiY_ybiW_predicted,0.125,7,7,GGCGATCACATATAATCTGA,0,4692075
ybiY_ybiW_predicted,0.125,7,7,GGCCTGGGAATTCAGTTCAG,0,4694660
ybiY_ybiW_predicted,0.125,7,7,GGCAGGTGTGACCTATAACG,0,4715659
ybiY_ybiW_predicted,0.125,7,7,GGCACAGCGACCTAGACGGA,0,4691785
ybiY_ybiW_predicted,0.125,7,7,GGATTTTAGCGATATAGCTT,0,4705093
ybiY_ybiW_predicted,0.125,7,7,GGATGGTATACTCCGCCCGT,0,4694530
ybiY_ybiW_predicted,0.125,7,7,GGATCGCGAAAGCATGGGAT,0,4697789
ybiY_ybiW_predicted,0.125,7,7,GGAGGTAAAGTTTAACCGGA,0,4728761
ybiY_ybiW_predicted,0.125,7,7,GGAGCTACCCGGTGGTGAAG,0,4700636
ybiY_ybiW_predicted,0.125,7,7,GGAGACTCTGGCTCGTGATC,0,4725894
ybiY_ybiW_predicted,0.125,7,7,GGAGAAAGGCAGCTTTATCT,0,4700377
ybiY_ybiW_predicted,0.125,7,7,GGACTGGGACAGAGCATAGA,0,4703237
ybiY_ybiW_predicted,0.125,7,7,GGACTCGAGAAGGATACGCA,0,4726615
ybiY_ybiW_predicted,0.125,7,7,GGAAGTGCTATGGGAGAAAG,0,4715582
ybiY_ybiW_predicted,0.125,7,7,GCTTGAAGCGTATGGAGTAT,0,4696492
ybiY_ybiW_predicted,0.125,7,7,GCTCTGGCCAAGCTGGATTA,0,4694573
ybiY_ybiW_predicted,0.125,7,7,GCTCTGAACGGCACCTTGCA,0,4724636
ybiY_ybiW_predicted,0.125,7,7,GCTCGGGTATGATTAGAGGT,0,4690859
ybiY_ybiW_predicted,0.125,7,7,GCTAGCCGGCTACCACTCCG,0,4712370
ybiY_ybiW_predicted,0.125,7,7,GCGTGAAGCTAAAGCACAGT,0,4688821
ybiY_ybiW_predicted,0.125,7,7,GCGGGCCTGCATCAATCTGT,0,4696052
ybiY_ybiW_predicted,0.125,7,7,GCGGCGGTTGCAGTACGTGT,0,4715911
ybiY_ybiW_predicted,0.125,7,7,GCGGCCTTTACTTATGACAG,0,4710914
ybiY_ybiW_predicted,0.125,7,7,GCGAGGAGAAGGGACCGGGA,0,4697553
ybiY_ybiW_predicted,0.125,7,7,GCGACTCCGAATTGCACTGG,0,4721129
ybiY_ybiW_predicted,0.125,7,7,GCGAAACTTCGGTAGTTCTC,0,4723779
ybiY_ybiW_predicted,0.125,7,7,GCCTGTGAAGGTATGGGACA,0,4689570
ybiY_ybiW_predicted,0.125,7,7,GCCTGGGTTTGGCGGCCGAA,0,4689137
ybiY_ybiW_predicted,0.125,7,7,GCCGCCCTTCCTCGTTGGAT,0,4692420
ybiY_ybiW_predicted,0.125,7,7,GCCAGCTGCCGAGCAGGGTT,0,4731061
ybiY_ybiW_predicted,0.125,7,7,GCCACCGCGTTCGATCTGGC,0,4698044
ybiY_ybiW_predicted,0.125,7,7,GCATGTCACTACAAGGGATG,0,4691992
ybiY_ybiW_predicted,0.125,7,7,GCAGTGGGAGATCTGGACGT,0,4711345
ybiY_ybiW_predicted,0.125,7,7,GCAGTACGTAATTTTCATGG,0,4731957
ybiY_ybiW_predicted,0.125,7,7,GCAGGGTACCTCTCGGGTAC,0,4729356
ybiY_ybiW_predicted,0.125,7,7,GCACGATATAAGCGACTTCG,0,4704220
ybiY_ybiW_predicted,0.125,7,7,GCACCAGGACGCCTGACTGA,0,4722548
ybiY_ybiW_predicted,0.125,7,7,GATTGTGGCCTCGTCGCCGG,0,4722738
ybiY_ybiW_predicted,0.125,7,7,GATTCCGCCGTGTGAATAGC,0,4708145
ybiY_ybiW_predicted,0.125,7,7,GATGGAGCTGGTGTATTAAT,0,4730685
ybiY_ybiW_predicted,0.125,7,7,GATAAGGTTGAATTTAGTGG,0,4711883
ybiY_ybiW_predicted,0.125,7,7,GAGTCTTCGAGGGCTACTGA,0,4700548
ybiY_ybiW_predicted,0.125,7,7,GAGGGGGGTCAAGCATATAA,0,4720606
ybiY_ybiW_predicted,0.125,7,7,GAGGCGTGCATGAGCACGCG,0,4708716
ybiY_ybiW_predicted,0.125,7,7,GAGCTTGGCGCGATTTGCAG,0,4696625
ybiY_ybiW_predicted,0.125,7,7,GAGCGGCGCACCGGTATCCG,0,4707433
ybiY_ybiW_predicted,0.125,7,7,GAGCCGTTGGCCAAGCCATC,0,4707430
ybiY_ybiW_predicted,0.125,7,7,GAGCAGGATACCATCAACCA,0,4692559
ybiY_ybiW_predicted,0.125,7,7,GAGCACGTGGAGGGCACAGT,0,4708146
ybiY_ybiW_predicted,0.125,7,7,GAGACGGCACGCGCTGGTCC,0,4700129
ybiY_ybiW_predicted,0.125,7,7,GACTTTAGTTCGTTGGTTTG,0,4700003
ybiY_ybiW_predicted,0.125,7,7,GACTCCGATACGGTCAATCG,0,4699358
ybiY_ybiW_predicted,0.125,7,7,GACCGCGTCGCACAAACATG,0,4699267
ybiY_ybiW_predicted,0.125,7,7,GACCGCCAAGCTCGAGCGGG,0,4691270
ybiY_ybiW_predicted,0.125,7,7,GACATCAAGTTCATCCCTTA,0,4693217
ybiY_ybiW_predicted,0.125,7,7,GACAGGCGATGACAAGATGC,0,4731072
ybiY_ybiW_predicted,0.125,7,7,GACACATCTTAATAAAATTG,0,4701478
ybiY_ybiW_predicted,0.125,7,7,GAATTGACATATTGGCATAT,0,4715784
ybiY_ybiW_predicted,0.125,7,7,GAATGTGAAACGAACTAACC,0,4724673
ybiY_ybiW_predicted,0.125,7,7,GAATGCGTCATAATACTTCG,0,4692207
ybiY_ybiW_predicted,0.125,7,7,GAATCACCCAAACATGTGTT,0,4695922
ybiY_ybiW_predicted,0.125,7,7,GAAGGATTGGGTCTCGGAGG,0,4699023
ybiY_ybiW_predicted,0.125,7,7,GAAGACCGTGTTGTGCGCAT,0,4726175
ybiY_ybiW_predicted,0.125,7,7,GAACATCGATTTCTCCACAA,0,4699641
ybiY_ybiW_predicted,0.125,7,7,GAAATAGATGGTCTGCGCAG,0,4731295
ybiY_ybiW_predicted,0.125,7,7,GAAACCCGGCCGTCTCATAC,0,4709513
ybiY_ybiW_predicted,0.125,7,7,GAAAAGACGTATGTTCATGT,0,4725855
ybiY_ybiW_predicted,0.125,7,7,GAAAACGGATGTCGGTGCAT,0,4690157
ybiY_ybiW_predicted,0.125,7,7,GAAAAAGACACGATTCGGAG,0,4713844
ybiY_ybiW_predicted,0.125,7,7,CTTTTACAGCAATCAAAATA,0,4702124
ybiY_ybiW_predicted,0.125,7,7,CTTTGGCCCATTCAACACAC,0,4688547
ybiY_ybiW_predicted,0.125,7,7,CTTTATTGTGACGTATACAT,0,4721066
ybiY_ybiW_predicted,0.125,7,7,CTTTACAAATCAGCTTACAC,0,4728258
ybiY_ybiW_predicted,0.125,7,7,CTTGTTGAAACGTGGCCAAA,0,4728281
ybiY_ybiW_predicted,0.125,7,7,CTTGGGGTTAACATGCTTGA,0,4715031
ybiY_ybiW_predicted,0.125,7,7,CTTGAATACGGAGTCGCCAT,0,4721276
ybiY_ybiW_predicted,0.125,7,7,CTTCTAGAAGTGTGAGTCGC,0,4690956
ybiY_ybiW_predicted,0.125,7,7,CTTATGGAATTTTCGCACCG,0,4700741
ybiY_ybiW_predicted,0.125,7,7,CTTAGGGTATAGCGGGTTAT,0,4705054
ybiY_ybiW_predicted,0.125,7,7,CTGTTTATATATGGGGACCA,0,4704851
ybiY_ybiW_predicted,0.125,7,7,CTGTTACAGGAGGTCAGCGG,0,4731526
ybiY_ybiW_predicted,0.125,7,7,CTGTCGGTTTCTTTGCGCGA,0,4718850
ybiY_ybiW_predicted,0.125,7,7,CTGGTGGCCGCTCAAGACCT,0,4699873
ybiY_ybiW_predicted,0.125,7,7,CTGGGGGGAACTTCGGACAG,0,4709322
ybiY_ybiW_predicted,0.125,7,7,CTGGCGAGGGGATGAAGAGC,0,4688770
ybiY_ybiW_predicted,0.125,7,7,CTGCTCAGCGTCGCCGTATA,0,4715207
ybiY_ybiW_predicted,0.125,7,7,CTGCCCCGAGTATTCACGAA,0,4721820
ybiY_ybiW_predicted,0.125,7,7,CTGAGCCGGCACTTGTGAGT,0,4701841
ybiY_ybiW_predicted,0.125,7,7,CTCTGCAGTAGGGTAGGGCC,0,4698771
ybiY_ybiW_predicted,0.125,7,7,CTCTCCGGAGGCAGCGCAGC,0,4708603
ybiY_ybiW_predicted,0.125,7,7,CTCCGGCACGGTATGTTTTT,0,4710126
ybiY_ybiW_predicted,0.125,7,7,CTCCAGCCAACTTAGCAAAC,0,4696683
ybiY_ybiW_predicted,0.125,7,7,CTATGCTTGCATTGGTTAGG,0,4696304
ybiY_ybiW_predicted,0.125,7,7,CTATCCTGTAGTGGAAGCTC,0,4719846
ybiY_ybiW_predicted,0.125,7,7,CTAGGAACGCTCACTCACGG,0,4704320
ybiY_ybiW_predicted,0.125,7,7,CTACTCGCAAAGGCCGCTCA,0,4714525
ybiY_ybiW_predicted,0.125,7,7,CGTTGTCCAGGACGGTTAAA,0,4716739
ybiY_ybiW_predicted,0.125,7,7,CGTTGGGGAACCGGGGGGCA,0,4728667
ybiY_ybiW_predicted,0.125,7,7,CGTTGCTGGAGTACGAGGTT,0,4705309
ybiY_ybiW_predicted,0.125,7,7,CGTTCGCCACTGTGTCATCG,0,4696614
ybiY_ybiW_predicted,0.125,7,7,CGTTCCAGTGAATGTACAAA,0,4708607
ybiY_ybiW_predicted,0.125,7,7,CGTTAGGCACGACACCTCTC,0,4707160
ybiY_ybiW_predicted,0.125,7,7,CGTGTATACAGAGCATTAAA,0,4706603
ybiY_ybiW_predicted,0.125,7,7,CGTGAGGAGAGTGTCGTTAT,0,4694427
ybiY_ybiW_predicted,0.125,7,7,CGTCGAAGTGAGGGTTCATA,0,4692776
ybiY_ybiW_predicted,0.125,7,7,CGTCACGCCGGTACTAAAGG,0,4701727
ybiY_ybiW_predicted,0.125,7,7,CGTAGTTCGCCGAGTTTTGT,0,4716611
ybiY_ybiW_predicted,0.125,7,7,CGTACCGGTCTCCAGTTCAC,0,4703380
ybiY_ybiW_predicted,0.125,7,7,CGGTATGGGGGGTTCCCCAT,0,4702257
ybiY_ybiW_predicted,0.125,7,7,CGGGGCGTGTGATTAGTGCT,0,4694711
ybiY_ybiW_predicted,0.125,7,7,CGGGCATAGCATTAGATCCG,0,4707847
ybiY_ybiW_predicted,0.125,7,7,CGGGACCACATTTAGTGTCT,0,4724237
ybiY_ybiW_predicted,0.125,7,7,CGGCGTCTTTTATTCAGTTT,0,4729780
ybiY_ybiW_predicted,0.125,7,7,CGGCGATGCACCAACTTCGA,0,4705499
ybiY_ybiW_predicted,0.125,7,7,CGGCACCAGTTACATCGTGG,0,4726243
ybiY_ybiW_predicted,0.125,7,7,CGGCAAGCACCCACAATGCG,0,4713787
ybiY_ybiW_predicted,0.125,7,7,CGGATGTTCATCGCCGTAGC,0,4689133
ybiY_ybiW_predicted,0.125,7,7,CGCTTGACAGCAGAACATAA,0,4716289
ybiY_ybiW_predicted,0.125,7,7,CGCGGTGTTACGGGTGGGTT,0,4704298
ybiY_ybiW_predicted,0.125,7,7,CGCGGCTAATTCCACAGAGC,0,4722483
ybiY_ybiW_predicted,0.125,7,7,CGCCGGGGTCATCCCCGCAG,0,4723684
ybiY_ybiW_predicted,0.125,7,7,CGCATAGCTTGATGGAAGCA,0,4704570
ybiY_ybiW_predicted,0.125,7,7,CGCAGTATGCGTCAAGTTAC,0,4714643
ybiY_ybiW_predicted,0.125,7,7,CGATTGTCGCAAGCTGAACG,0,4692040
ybiY_ybiW_predicted,0.125,7,7,CGATTCGACACTAACCCGGA,0,4699471
ybiY_ybiW_predicted,0.125,7,7,CGATCCTTTCAACAGTCGAG,0,4717055
ybiY_ybiW_predicted,0.125,7,7,CGATCCCGAGAAAAGTTTCA,0,4729616
ybiY_ybiW_predicted,0.125,7,7,CGATAGTTTAACGGAAACCA,0,4697448
ybiY_ybiW_predicted,0.125,7,7,CGAGACCCCGCCACCAACAT,0,4699234
ybiY_ybiW_predicted,0.125,7,7,CGACAGTGCTTTATGCCCAA,0,4713736
ybiY_ybiW_predicted,0.125,7,7,CGAATGTCTGTTCAGTTGAC,0,4731293
ybiY_ybiW_predicted,0.125,7,7,CGAATAGCTGGTCCGGATCA,0,4688969
ybiY_ybiW_predicted,0.125,7,7,CGAAGGTTTGCCAGAATAGA,0,4718264
ybiY_ybiW_predicted,0.125,7,7,CGAAGGTGAAGCGGTTTGCT,0,4707076
ybiY_ybiW_predicted,0.125,7,7,CGAAGGGTTCATAGCGATCC,0,4699124
ybiY_ybiW_predicted,0.125,7,7,CGAACGTACCTGGCACTGGC,0,4721575
ybiY_ybiW_predicted,0.125,7,7,CCTTTGGTGTGTCTTCGAGC,0,4692601
ybiY_ybiW_predicted,0.125,7,7,CCTTAGGTTTTTGAAAGACG,0,4716581
ybiY_ybiW_predicted,0.125,7,7,CCTGTTCGAAGATCAGTGAA,0,4709135
ybiY_ybiW_predicted,0.125,7,7,CCTGGGTACCACCGTACCCT,0,4702286
ybiY_ybiW_predicted,0.125,7,7,CCTGGAGTAATGGTCGGTCG,0,4692349
ybiY_ybiW_predicted,0.125,7,7,CCTGCTGCGATAGGTTGATC,0,4728170
ybiY_ybiW_predicted,0.125,7,7,CCTAGGTATAGGTGGAGAAT,0,4729216
ybiY_ybiW_predicted,0.125,7,7,CCTAATTGGTTCTTAGGTTT,0,4722804
ybiY_ybiW_predicted,0.125,7,7,CCGTGAATGGCTAGTTAATA,0,4715552
ybiY_ybiW_predicted,0.125,7,7,CCGTCGGAGGCAATGTCCTA,0,4692878
ybiY_ybiW_predicted,0.125,7,7,CCGTCACGTTGATCATGACA,0,4706892
ybiY_ybiW_predicted,0.125,7,7,CCGTAGCTCCTTCAGATTTT,0,4729156
ybiY_ybiW_predicted,0.125,7,7,CCGGTTAGTGAGGTGAAAAT,0,4696307
ybiY_ybiW_predicted,0.125,7,7,CCGGTCATACATAATCGGGA,0,4713062
ybiY_ybiW_predicted,0.125,7,7,CCGGCAGCGACCCACCTTAT,0,4696501
ybiY_ybiW_predicted,0.125,7,7,CCGCTCGTATGTATGGATAA,0,4729093
ybiY_ybiW_predicted,0.125,7,7,CCGCGCAACCCGAACCATGT,0,4693826
ybiY_ybiW_predicted,0.125,7,7,CCGCGACCAGAGCGAAACCG,0,4707324
ybiY_ybiW_predicted,0.125,7,7,CCGCCGTCTGGATGGAGGGA,0,4688967
ybiY_ybiW_predicted,0.125,7,7,CCGATTAGTCTTCGGGGTGT,0,4710302
ybiY_ybiW_predicted,0.125,7,7,CCGATCTTATACTGGTTAGA,0,4727805
ybiY_ybiW_predicted,0.125,7,7,CCGACGGCTGCGTAGATATT,0,4700815
ybiY_ybiW_predicted,0.125,7,7,CCGACCTCCGATGCTATTGA,0,4719000
ybiY_ybiW_predicted,0.125,7,7,CCCTCGATACTTTTAGTTAA,0,4701980
ybiY_ybiW_predicted,0.125,7,7,CCCTACAGTACAGCACGGCC,0,4689496
ybiY_ybiW_predicted,0.125,7,7,CCCGCCCTGTTATTCGTCGC,0,4718818
ybiY_ybiW_predicted,0.125,7,7,CCCCGGTCACTCGGCTGCTC,0,4691280
ybiY_ybiW_predicted,0.125,7,7,CCCCCAAGAACAATCCCATT,0,4701049
ybiY_ybiW_predicted,0.125,7,7,CCCCAGAGGGAAAGTAAATT,0,4693143
ybiY_ybiW_predicted,0.125,7,7,CCCATTCGGGTAGTAGTATC,0,4692662
ybiY_ybiW_predicted,0.125,7,7,CCCATCATCATATAAGCGCC,0,4717263
ybiY_ybiW_predicted,0.125,7,7,CCCACGTTCGAGCTGTCGTG,0,4722246
ybiY_ybiW_predicted,0.125,7,7,CCATCGTTCTACATTCTTGC,0,4715660
ybiY_ybiW_predicted,0.125,7,7,CCATCGGTCCAACTGCTTTT,0,4725852
ybiY_ybiW_predicted,0.125,7,7,CCATCCACCCAGGGGATATG,0,4698429
ybiY_ybiW_predicted,0.125,7,7,CCAGGTTCTCGACACTTCAG,0,4726174
ybiY_ybiW_predicted,0.125,7,7,CCAGCTATTAACTCCGCCCG,0,4720671
ybiY_ybiW_predicted,0.125,7,7,CCAGCTAGCTGACTATACAA,0,4717243
ybiY_ybiW_predicted,0.125,7,7,CCACGAAAGAGATTGGCGGA,0,4729825
ybiY_ybiW_predicted,0.125,7,7,CCACCGTGCAATCCTGAAGT,0,4706074
ybiY_ybiW_predicted,0.125,7,7,CCACAAGACAGGGTGTAGTT,0,4704267
ybiY_ybiW_predicted,0.125,7,7,CCAAGCCTGTGACATGTAGC,0,4727943
ybiY_ybiW_predicted,0.125,7,7,CCAACAAACGTTGGGGAACC,0,4729299
ybiY_ybiW_predicted,0.125,7,7,CCAAACTTGGCTAAGACCCC,0,4729091
ybiY_ybiW_predicted,0.125,7,7,CATGGACATATATAGCCAAG,0,4718137
ybiY_ybiW_predicted,0.125,7,7,CATGAAAATTCAAAGGCAGT,0,4711312
ybiY_ybiW_predicted,0.125,7,7,CATCCATCCCATTAGCGGGG,0,4718020
ybiY_ybiW_predicted,0.125,7,7,CATCAGAGTCCTCAATTACT,0,4721184
ybiY_ybiW_predicted,0.125,7,7,CAGTTTTTCGATCTGTCGGA,0,4694403
ybiY_ybiW_predicted,0.125,7,7,CAGTTACTACGACCAGCACC,0,4704171
ybiY_ybiW_predicted,0.125,7,7,CAGTCTGGGTTACGAATATG,0,4711575
ybiY_ybiW_predicted,0.125,7,7,CAGGGTACCGTTGTCTGCTT,0,4694156
ybiY_ybiW_predicted,0.125,7,7,CAGGCTATATTATCACAGCC,0,4727888
ybiY_ybiW_predicted,0.125,7,7,CAGGAATTGTTGGTACCCAA,0,4702945
ybiY_ybiW_predicted,0.125,7,7,CAGCATCCGGTCTGCTAAAA,0,4692764
ybiY_ybiW_predicted,0.125,7,7,CAGATGATAAGGCCTTGTCG,0,4716323
ybiY_ybiW_predicted,0.125,7,7,CAGAAGAGGTCAAACGGGCT,0,4688803
ybiY_ybiW_predicted,0.125,7,7,CACTGGGGCGATTAGGTTTG,0,4715343
ybiY_ybiW_predicted,0.125,7,7,CACTGCCATTCACCGCCTGA,0,4725673
ybiY_ybiW_predicted,0.125,7,7,CACGTGTCTTCGTTCAGATT,0,4704572
ybiY_ybiW_predicted,0.125,7,7,CACGGTGGAATGCTTGAGGA,0,4698586
ybiY_ybiW_predicted,0.125,7,7,CACCGTCCGATACTCGTGAA,0,4699537
ybiY_ybiW_predicted,0.125,7,7,CACCGTAAGTGGTACGCAAG,0,4714599
ybiY_ybiW_predicted,0.125,7,7,CACCCGGTCCACGAGGGCAA,0,4705361
ybiY_ybiW_predicted,0.125,7,7,CACCCCATGTAGAACGGCGG,0,4712187
ybiY_ybiW_predicted,0.125,7,7,CACATCGCAGAGCGGCTTTG,0,4731839
ybiY_ybiW_predicted,0.125,7,7,CAATGACCTGTTTTTCTAAG,0,4730290
ybiY_ybiW_predicted,0.125,7,7,CAATCGATTATGTCAGTTAG,0,4715968
ybiY_ybiW_predicted,0.125,7,7,CAATCCGCCTTCAGAACCGG,0,4713783
ybiY_ybiW_predicted,0.125,7,7,CAAGTGTGTATGGCTATTCC,0,4707563
ybiY_ybiW_predicted,0.125,7,7,CAAGAAATCCGAAGCCGAGA,0,4729300
ybiY_ybiW_predicted,0.125,7,7,CAACTCTTAAAGGAGCGCAT,0,4711084
ybiY_ybiW_predicted,0.125,7,7,CAACGGAGTATAACTCCGAG,0,4725712
ybiY_ybiW_predicted,0.125,7,7,CAACGGAACGCTCATGTCTG,0,4721524
ybiY_ybiW_predicted,0.125,7,7,CAACAATGTCTGCGCATCAA,0,4723876
ybiY_ybiW_predicted,0.125,7,7,CAAAGTCTACCCACTTGAAC,0,4690927
ybiY_ybiW_predicted,0.125,7,7,ATTTCAAGTATCCACGTTGC,0,4730862
ybiY_ybiW_predicted,0.125,7,7,ATTCCGAGGATGGACCACTC,0,4731055
ybiY_ybiW_predicted,0.125,7,7,ATTCATTGCGAAAAAACAGT,0,4692610
ybiY_ybiW_predicted,0.125,7,7,ATTAAGTCCGGCAGATTAGT,0,4728517
ybiY_ybiW_predicted,0.125,7,7,ATTAAAAGGTGAACACGGAC,0,4702324
ybiY_ybiW_predicted,0.125,7,7,ATGTGTGGCCCACCCAAACT,0,4729596
ybiY_ybiW_predicted,0.125,7,7,ATGTCAAGCCATAACCTTGG,0,4701222
ybiY_ybiW_predicted,0.125,7,7,ATGCGTCCGGGGACATCGGG,0,4715989
ybiY_ybiW_predicted,0.125,7,7,ATGATGTACACGTATGATCA,0,4690315
ybiY_ybiW_predicted,0.125,7,7,ATGAATGGTGCTTATTTCGA,0,4719540
ybiY_ybiW_predicted,0.125,7,7,ATGAAGCCCTGAAACCCGGT,0,4731751
ybiY_ybiW_predicted,0.125,7,7,ATCTGCAGCTACCACCTCGA,0,4729417
ybiY_ybiW_predicted,0.125,7,7,ATCTAGTTGACTTAATTTTT,0,4717022
ybiY_ybiW_predicted,0.125,7,7,ATCGCTACCGGGAACTGGTA,0,4722849
ybiY_ybiW_predicted,0.125,7,7,ATCGCCTTCAGCTCGCCCGG,0,4695348
ybiY_ybiW_predicted,0.125,7,7,ATCCGGTTGTAGGTCTTTCC,0,4693669
ybiY_ybiW_predicted,0.125,7,7,ATCCATGGACGAGTTCAACG,0,4720803
ybiY_ybiW_predicted,0.125,7,7,ATCATTTTCGCTGCCCTGGA,0,4688695
ybiY_ybiW_predicted,0.125,7,7,ATCATTAATCGACTAAGCAT,0,4725564
ybiY_ybiW_predicted,0.125,7,7,ATCAGCTTTGTTCGCATCGT,0,4729652
ybiY_ybiW_predicted,0.125,7,7,ATATGTGCGCGGTGTACTAA,0,4714529
ybiY_ybiW_predicted,0.125,7,7,ATAGTGAGTCCTGTGATGTG,0,4708692
ybiY_ybiW_predicted,0.125,7,7,ATAGCCCAGCCAGTTCGGTC,0,4723048
ybiY_ybiW_predicted,0.125,7,7,ATACAGCCATCACGTGGCTT,0,4691961
ybiY_ybiW_predicted,0.125,7,7,ATAAAGATAAGCATCATTTA,0,4711877
ybiY_ybiW_predicted,0.125,7,7,AGTGTGAAGCAGCGAATCAG,0,4731924
ybiY_ybiW_predicted,0.125,7,7,AGTGTAACATCACATCTTCA,0,4723904
ybiY_ybiW_predicted,0.125,7,7,AGTGGTATTGCGCAAGCAGC,0,4698208
ybiY_ybiW_predicted,0.125,7,7,AGTGCCTGGGGCGCGCTAAT,0,4716043
ybiY_ybiW_predicted,0.125,7,7,AGTAGCCGCCTACTGTGCTG,0,4723057
ybiY_ybiW_predicted,0.125,7,7,AGTACCGGAGGAGCAGGCAT,0,4698376
ybiY_ybiW_predicted,0.125,7,7,AGGTTAATCGGCCAGGAGGA,0,4724014
ybiY_ybiW_predicted,0.125,7,7,AGGTGCCCACGGATACGTAG,0,4726317
ybiY_ybiW_predicted,0.125,7,7,AGGTCCATGTCGCAACTTAT,0,4693750
ybiY_ybiW_predicted,0.125,7,7,AGGTCACACGGTTTGGCGTT,0,4689528
ybiY_ybiW_predicted,0.125,7,7,AGGTAGTCTTATTCGCATTC,0,4716864
ybiY_ybiW_predicted,0.125,7,7,AGGGGTTAAGGTTATCGAGA,0,4729530
ybiY_ybiW_predicted,0.125,7,7,AGGGGGGTTCGGAAAACGGT,0,4724136
ybiY_ybiW_predicted,0.125,7,7,AGGGAATTGTTAGTCATCCA,0,4707781
ybiY_ybiW_predicted,0.125,7,7,AGGCTGGATGAACCGTCCTT,0,4711598
ybiY_ybiW_predicted,0.125,7,7,AGGCTCTTCGACACATTTTT,0,4693469
ybiY_ybiW_predicted,0.125,7,7,AGGATTCGAGTAATAGGTTG,0,4714055
ybiY_ybiW_predicted,0.125,7,7,AGCTTCTGGATCGGATGTTG,0,4693997
ybiY_ybiW_predicted,0.125,7,7,AGCTGGAACAAATAAGAAAC,0,4703908
ybiY_ybiW_predicted,0.125,7,7,AGCTGAATAACTGGAAAATT,0,4706182
ybiY_ybiW_predicted,0.125,7,7,AGCTCCAAAAAGGAATCGAC,0,4689474
ybiY_ybiW_predicted,0.125,7,7,AGCGGGATATAATTGTCAGT,0,4726450
ybiY_ybiW_predicted,0.125,7,7,AGCCAAGGGGCGTGCACGCT,0,4730574
ybiY_ybiW_predicted,0.125,7,7,AGCATTCGCGAGGCGTGCCT,0,4689752
ybiY_ybiW_predicted,0.125,7,7,AGCAGTTTAGTGGCAGGCGA,0,4704423
ybiY_ybiW_predicted,0.125,7,7,AGCAGAAGGCTGAGTGGAGA,0,4696731
ybiY_ybiW_predicted,0.125,7,7,AGCACATGCCCAGCGTTGTC,0,4723104
ybiY_ybiW_predicted,0.125,7,7,AGCAAGGCTGGCAAACCATC,0,4707133
ybiY_ybiW_predicted,0.125,7,7,AGATTTAAAGTGGACATAGC,0,4690230
ybiY_ybiW_predicted,0.125,7,7,AGATCCGGCGCAACTGACCT,0,4696359
ybiY_ybiW_predicted,0.125,7,7,AGATAGAGTAAGGCTATGTA,0,4703202
ybiY_ybiW_predicted,0.125,7,7,AGAGCGTAACGAGCAAATGG,0,4711395
ybiY_ybiW_predicted,0.125,7,7,AGACTCACATTCAGTAACAA,0,4691101
ybiY_ybiW_predicted,0.125,7,7,AGACGTGCTTTATTGGCATT,0,4712446
ybiY_ybiW_predicted,0.125,7,7,AGAATGGATGGAGGCGGGCG,0,4706351
ybiY_ybiW_predicted,0.125,7,7,AGAAGTCGCTTAAGTTGCTC,0,4708890
ybiY_ybiW_predicted,0.125,7,7,AGAACTGGTACCTGAAACGC,0,4695995
ybiY_ybiW_predicted,0.125,7,7,ACTTGTAGCATTAAAGGAAC,0,4731200
ybiY_ybiW_predicted,0.125,7,7,ACTTACCCCACAACGGTGCC,0,4689676
ybiY_ybiW_predicted,0.125,7,7,ACTGTATTTGTAGTTGCCCA,0,4709368
ybiY_ybiW_predicted,0.125,7,7,ACTGACTGGCCGATTACGCA,0,4727929
ybiY_ybiW_predicted,0.125,7,7,ACTCTTGGATAGAGCTCTTA,0,4703525
ybiY_ybiW_predicted,0.125,7,7,ACTCCGATGCTAGACGCTAC,0,4712183
ybiY_ybiW_predicted,0.125,7,7,ACTATTTTGGTGTTGTTTAT,0,4727386
ybiY_ybiW_predicted,0.125,7,7,ACTAGCGATATGCGTGTCTA,0,4715332
ybiY_ybiW_predicted,0.125,7,7,ACTACGAGCTCAACATTGGC,0,4697533
ybiY_ybiW_predicted,0.125,7,7,ACGTATGTCTGAGATAGACA,0,4730488
ybiY_ybiW_predicted,0.125,7,7,ACGATCAGCTAGAGCACTCC,0,4712736
ybiY_ybiW_predicted,0.125,7,7,ACGAGTCGTGGACACAAAGT,0,4703382
ybiY_ybiW_predicted,0.125,7,7,ACGAGTAAAGCCACCGGTAC,0,4705924
ybiY_ybiW_predicted,0.125,7,7,ACGACGGAACAACTGGAATG,0,4698410
ybiY_ybiW_predicted,0.125,7,7,ACGACCCGGCGCGAGGCCAT,0,4712421
ybiY_ybiW_predicted,0.125,7,7,ACCTGGAGGTATTCTACCGT,0,4732583
ybiY_ybiW_predicted,0.125,7,7,ACCTGCAGTTACGTCCATGC,0,4708808
ybiY_ybiW_predicted,0.125,7,7,ACCGTAGAGACCAGTTTATC,0,4728177
ybiY_ybiW_predicted,0.125,7,7,ACCGGACGACCTCGCGGAGT,0,4688917
ybiY_ybiW_predicted,0.125,7,7,ACCGAGTTTGACTTAACTTA,0,4692962
ybiY_ybiW_predicted,0.125,7,7,ACCACATGTTTTGCGAGGTG,0,4690058
ybiY_ybiW_predicted,0.125,7,7,ACATGGAATTGGGAGAAGCA,0,4716568
ybiY_ybiW_predicted,0.125,7,7,ACATGAAGGCCGGTAGCAAG,0,4722952
ybiY_ybiW_predicted,0.125,7,7,ACAGGGGAGGAAAACGTATG,0,4714321
ybiY_ybiW_predicted,0.125,7,7,ACAGATAGCATCTTACGGTT,0,4728360
ybiY_ybiW_predicted,0.125,7,7,ACACGTAACTGTCGTAGTAA,0,4697503
ybiY_ybiW_predicted,0.125,7,7,ACACGGAAGGGGCTCCAGCG,0,4704155
ybiY_ybiW_predicted,0.125,7,7,ACACCGGAAGCCGTACTAAA,0,4689040
ybiY_ybiW_predicted,0.125,7,7,ACAACGAGTCTGTGTATCCA,0,4699973
ybiY_ybiW_predicted,0.125,7,7,ACAACCCGAAGGACCCTAAA,0,4708781
ybiY_ybiW_predicted,0.125,7,7,AATTTTTTAAACAAATTGGG,0,4725187
ybiY_ybiW_predicted,0.125,7,7,AATTGTCTCATGTAGGCGTT,0,4694617
ybiY_ybiW_predicted,0.125,7,7,AATTCACAGTGGCCCGCTCT,0,4697866
ybiY_ybiW_predicted,0.125,7,7,AATGGTTCGGTGGGAACCGG,0,4696004
ybiY_ybiW_predicted,0.125,7,7,AATGGAAGGTTTTATTTATG,0,4708786
ybiY_ybiW_predicted,0.125,7,7,AATCTGGCAGTTGCATCATC,0,4727502
ybiY_ybiW_predicted,0.125,7,7,AATCGAGTACAGGTATTACA,0,4717721
ybiY_ybiW_predicted,0.125,7,7,AATCACGTCAACCTTGTTCA,0,4695303
ybiY_ybiW_predicted,0.125,7,7,AATACGTCTGGTTAGGATAA,0,4688743
ybiY_ybiW_predicted,0.125,7,7,AATAAGACTGAATAGTTGGG,0,4727381
ybiY_ybiW_predicted,0.125,7,7,AAGTTGTCACGCTCTTAGAT,0,4729784
ybiY_ybiW_predicted,0.125,7,7,AAGGGCTCGTTTGGTAATCA,0,4695521
ybiY_ybiW_predicted,0.125,7,7,AAGGGCTCCTCAGTTCTACC,0,4717365
ybiY_ybiW_predicted,0.125,7,7,AAGCTTCCGCGTTTTCAGAA,0,4708315
ybiY_ybiW_predicted,0.125,7,7,AAGCTTCAAGTCTATGTTAA,0,4722150
ybiY_ybiW_predicted,0.125,7,7,AAGCTACCTGCACTTACGAT,0,4694771
ybiY_ybiW_predicted,0.125,7,7,AAGCTACCGCGACCACAAAC,0,4695968
ybiY_ybiW_predicted,0.125,7,7,AAGACCGGTACCATCGGCAA,0,4695729
ybiY_ybiW_predicted,0.125,7,7,AACGTGCACTCGTACGCAAT,0,4701292
ybiY_ybiW_predicted,0.125,7,7,AACGCCGGTTGGGAACGTGC,0,4712156
ybiY_ybiW_predicted,0.125,7,7,AACGCATTGTGAAGGCTGAG,0,4732544
ybiY_ybiW_predicted,0.125,7,7,AACCCCGTAGAAACGCGCTC,0,4705378
ybiY_ybiW_predicted,0.125,7,7,AACATCATATCGATGGTGCT,0,4718797
ybiY_ybiW_predicted,0.125,7,7,AACAGCGATACGTAAACCTC,0,4723921
ybiY_ybiW_predicted,0.125,7,7,AAATTAATGGAAGCAAATCT,0,4697157
ybiY_ybiW_predicted,0.125,7,7,AAAGCTAAGGAGCCACTCAA,0,4699047
ybiY_ybiW_predicted,0.125,7,7,AAACAGGATCCATGTCCCGA,0,4693238
ybiY_ybiW_predicted,0.14285714285714285,6,6,TTTTTGGATTACTTTTTTTT,0,4694878
ybiY_ybiW_predicted,0.14285714285714285,6,6,TTTTTGCGGTATTCGAACCG,0,4690418
ybiY_ybiW_predicted,0.14285714285714285,6,6,TTTTGAGCACCGCTATCTAC,0,4732384
ybiY_ybiW_predicted,0.14285714285714285,6,6,TTTTGACAGGACACATACGA,0,4705303
ybiY_ybiW_predicted,0.14285714285714285,6,6,TTTTAGTAGAGTGTCGCTAT,0,4719356
ybiY_ybiW_predicted,0.14285714285714285,6,6,TTTGTTCAATTGTACGCCCT,0,4731476
ybiY_ybiW_predicted,0.14285714285714285,6,6,TTTGATAGTGTCAGTGGAAA,0,4717159
ybiY_ybiW_predicted,0.14285714285714285,6,6,TTTGACGGAGGCGGACCATA,0,4688587
ybiY_ybiW_predicted,0.14285714285714285,6,6,TTTCTTCCGCGTCCTAAGTT,0,4704498
ybiY_ybiW_predicted,0.14285714285714285,6,6,TTGTGTACGGGTATTAATAT,0,4717752
ybiY_ybiW_predicted,0.14285714285714285,6,6,TTGTCTTTTTATCAGCAAGG,0,4720826
ybiY_ybiW_predicted,0.14285714285714285,6,6,TTGTCAAGTTCCACAGCCGT,0,4692138
ybiY_ybiW_predicted,0.14285714285714285,6,6,TTGTACCAGTTATTGCACAT,0,4694421
ybiY_ybiW_predicted,0.14285714285714285,6,6,TTGTAAGCATTCATCTTAGC,0,4697893
ybiY_ybiW_predicted,0.14285714285714285,6,6,TTGGGTGCAACTGATATCCA,0,4696344
ybiY_ybiW_predicted,0.14285714285714285,6,6,TTGGGGGTACCCGATTCGTA,0,4713158
ybiY_ybiW_predicted,0.14285714285714285,6,6,TTGCCGACTTCGTGTTGGTT,0,4695931
ybiY_ybiW_predicted,0.14285714285714285,6,6,TTGCACGGGCGCTACCTTAT,0,4711008
ybiY_ybiW_predicted,0.14285714285714285,6,6,TTGATTGGACATCTCGAAAG,0,4722393
ybiY_ybiW_predicted,0.14285714285714285,6,6,TTGACAGTTCGTGTTAAGAT,0,4699517
ybiY_ybiW_predicted,0.14285714285714285,6,6,TTGAACTATTAACGGGATGT,0,4717685
ybiY_ybiW_predicted,0.14285714285714285,6,6,TTCTTATGCAGCAAATATCT,0,4729511
ybiY_ybiW_predicted,0.14285714285714285,6,6,TTCTGAGGGTGTATCACTCG,0,4700013
ybiY_ybiW_predicted,0.14285714285714285,6,6,TTCTCAGGCAGGTACAAGCC,0,4693323
ybiY_ybiW_predicted,0.14285714285714285,6,6,TTCGTTGAAGGTCATTCGGC,0,4693360
ybiY_ybiW_predicted,0.14285714285714285,6,6,TTCGTCAGTCCGCTGCAAAA,0,4718702
ybiY_ybiW_predicted,0.14285714285714285,6,6,TTCGGTAGTGTGAGATCATG,0,4729820
ybiY_ybiW_predicted,0.14285714285714285,6,6,TTCGCCCAACACACGTAGGA,0,4725512
ybiY_ybiW_predicted,0.14285714285714285,6,6,TTCGACTGGCGCATTTTATA,0,4694964
ybiY_ybiW_predicted,0.14285714285714285,6,6,TTCGAAGCCGCAACTCGACA,0,4690318
ybiY_ybiW_predicted,0.14285714285714285,6,6,TTCCCGAACGCCCTGCGAGA,0,4720600
ybiY_ybiW_predicted,0.14285714285714285,6,6,TTCCAGCAGTTCTGTCCGTG,0,4698064
ybiY_ybiW_predicted,0.14285714285714285,6,6,TTCCACCGCGACACTCAGTT,0,4731615
ybiY_ybiW_predicted,0.14285714285714285,6,6,TTCATTCTGTACCATTATGG,0,4730802
ybiY_ybiW_predicted,0.14285714285714285,6,6,TTCATACACATAGAAATCCT,0,4694850
ybiY_ybiW_predicted,0.14285714285714285,6,6,TTATGGTCAAAGCCTTTTTC,0,4731367
ybiY_ybiW_predicted,0.14285714285714285,6,6,TTATGCACGGGTGCTCAGTA,0,4690410
ybiY_ybiW_predicted,0.14285714285714285,6,6,TTAGCTGTGATCCGCCGCCG,0,4722291
ybiY_ybiW_predicted,0.14285714285714285,6,6,TTAGCGGGCACACTCAATCC,0,4728383
ybiY_ybiW_predicted,0.14285714285714285,6,6,TTAACCCACAGATTTCATCT,0,4706103
ybiY_ybiW_predicted,0.14285714285714285,6,6,TTAAAGCTGATCCCATACCA,0,4708852
ybiY_ybiW_predicted,0.14285714285714285,6,6,TGTGTGTACGCCGAGCTTTC,0,4697023
ybiY_ybiW_predicted,0.14285714285714285,6,6,TGTCTACCCACTGTGTGCGT,0,4720167
ybiY_ybiW_predicted,0.14285714285714285,6,6,TGTACCTACCTCAGGAAGTT,0,4719923
ybiY_ybiW_predicted,0.14285714285714285,6,6,TGTACCGATCCTAGAGCACT,0,4692484
ybiY_ybiW_predicted,0.14285714285714285,6,6,TGTAAGGATAAGGACGGGAT,0,4688768
ybiY_ybiW_predicted,0.14285714285714285,6,6,TGGTTCGACTGGCAGAAGAG,0,4717558
ybiY_ybiW_predicted,0.14285714285714285,6,6,TGGTAAGCAATCCACCGCGC,0,4719409
ybiY_ybiW_predicted,0.14285714285714285,6,6,TGGGTGGTTTAACCCCACAA,0,4727269
ybiY_ybiW_predicted,0.14285714285714285,6,6,TGGGTCTTGCGCGGAAATTG,0,4700480
ybiY_ybiW_predicted,0.14285714285714285,6,6,TGGGGTAACATGATTACACT,0,4699700
ybiY_ybiW_predicted,0.14285714285714285,6,6,TGGGCTCAGATCCCACGAAG,0,4718788
ybiY_ybiW_predicted,0.14285714285714285,6,6,TGGCTTCGCTTTTGGTCCGT,0,4731149
ybiY_ybiW_predicted,0.14285714285714285,6,6,TGGCCGCCTAAATACACCGG,0,4690888
ybiY_ybiW_predicted,0.14285714285714285,6,6,TGGACTAGGGCGACTGCTGC,0,4723367
ybiY_ybiW_predicted,0.14285714285714285,6,6,TGGAACCTACCATCGACGGC,0,4719718
ybiY_ybiW_predicted,0.14285714285714285,6,6,TGGAAACTCTGGTCATTTGC,0,4698923
ybiY_ybiW_predicted,0.14285714285714285,6,6,TGCTAACGGGCTAGCGTATT,0,4729976
ybiY_ybiW_predicted,0.14285714285714285,6,6,TGCCTGTGGTTACAGTAATG,0,4707821
ybiY_ybiW_predicted,0.14285714285714285,6,6,TGCCACCCTAAGAACCCTCT,0,4726303
ybiY_ybiW_predicted,0.14285714285714285,6,6,TGCATGTGCTGAAACACATA,0,4725303
ybiY_ybiW_predicted,0.14285714285714285,6,6,TGCAGCCCGCTAAAACCAAG,0,4695824
ybiY_ybiW_predicted,0.14285714285714285,6,6,TGCAGACGGAACTGCAGGAG,0,4719386
ybiY_ybiW_predicted,0.14285714285714285,6,6,TGCACACCATAGCCTGTTCA,0,4699295
ybiY_ybiW_predicted,0.14285714285714285,6,6,TGATTTGATTAATTGTAAAT,0,4707918
ybiY_ybiW_predicted,0.14285714285714285,6,6,TGATGGGCCAGTCCGAGGGA,0,4716483
ybiY_ybiW_predicted,0.14285714285714285,6,6,TGATGCGTTCTTATTTGGAA,0,4695304
ybiY_ybiW_predicted,0.14285714285714285,6,6,TGATCGTTCCAATGCTTTGC,0,4711691
ybiY_ybiW_predicted,0.14285714285714285,6,6,TGAGTCTTACCGGCCTGATA,0,4720496
ybiY_ybiW_predicted,0.14285714285714285,6,6,TGAGATCACCCCCCGTTCAT,0,4725559
ybiY_ybiW_predicted,0.14285714285714285,6,6,TGACTATCATCCTGTGATGA,0,4701202
ybiY_ybiW_predicted,0.14285714285714285,6,6,TGACGACCATACAGCGTATG,0,4705022
ybiY_ybiW_predicted,0.14285714285714285,6,6,TGACCCAAGGGTTTGTTATA,0,4729709
ybiY_ybiW_predicted,0.14285714285714285,6,6,TCTTTGTGATAGACCAAGTC,0,4701133
ybiY_ybiW_predicted,0.14285714285714285,6,6,TCTTATATGTGAGCGTCGCT,0,4706223
ybiY_ybiW_predicted,0.14285714285714285,6,6,TCTGCGGTCGATTTCTACCA,0,4723442
ybiY_ybiW_predicted,0.14285714285714285,6,6,TCTCAACCCCTCACCAGCTC,0,4728926
ybiY_ybiW_predicted,0.14285714285714285,6,6,TCTAGGGATGTGGATAGGGT,0,4723202
ybiY_ybiW_predicted,0.14285714285714285,6,6,TCGTTACCTTAGCTCCCGAG,0,4711610
ybiY_ybiW_predicted,0.14285714285714285,6,6,TCGTGCCCTTGTCAGTAATT,0,4694655
ybiY_ybiW_predicted,0.14285714285714285,6,6,TCGGTTTCTCGCATAGGAGA,0,4716298
ybiY_ybiW_predicted,0.14285714285714285,6,6,TCGGTGGAAGGATATCAGTT,0,4722597
ybiY_ybiW_predicted,0.14285714285714285,6,6,TCGGCAAGACTTTACTGCCA,0,4704715
ybiY_ybiW_predicted,0.14285714285714285,6,6,TCGCTCGCATGCAGGAGTCG,0,4707146
ybiY_ybiW_predicted,0.14285714285714285,6,6,TCGCTATTGGGCTACGTAAC,0,4721298
ybiY_ybiW_predicted,0.14285714285714285,6,6,TCGCTACCTAGCCCAACACA,0,4730158
ybiY_ybiW_predicted,0.14285714285714285,6,6,TCGCAAAGTCATCGCCTGAT,0,4725363
ybiY_ybiW_predicted,0.14285714285714285,6,6,TCGATATCGTCTCCCGTACC,0,4695918
ybiY_ybiW_predicted,0.14285714285714285,6,6,TCGAGCCATACGCTTCGAGA,0,4722528
ybiY_ybiW_predicted,0.14285714285714285,6,6,TCGAAGATCTTTCCCTAAGC,0,4701943
ybiY_ybiW_predicted,0.14285714285714285,6,6,TCCTGAACATGGTTTCTACG,0,4726813
ybiY_ybiW_predicted,0.14285714285714285,6,6,TCCTCGCCCAAAAATAGGAA,0,4707273
ybiY_ybiW_predicted,0.14285714285714285,6,6,TCCCGTTCGATACACTTCCC,0,4702251
ybiY_ybiW_predicted,0.14285714285714285,6,6,TCCCCATACCCACGTCTTGA,0,4690536
ybiY_ybiW_predicted,0.14285714285714285,6,6,TCCCATGCTAACATACGTAT,0,4724179
ybiY_ybiW_predicted,0.14285714285714285,6,6,TCCAGCCAGCATAGATCTGT,0,4712637
ybiY_ybiW_predicted,0.14285714285714285,6,6,TCCACTTCGTACCACGTATC,0,4718741
ybiY_ybiW_predicted,0.14285714285714285,6,6,TCCACTCGGCTACCCGTACT,0,4715088
ybiY_ybiW_predicted,0.14285714285714285,6,6,TCCAATTTAACGATATGTTC,0,4714422
ybiY_ybiW_predicted,0.14285714285714285,6,6,TCATGTTATCTACACAATAA,0,4722926
ybiY_ybiW_predicted,0.14285714285714285,6,6,TCAGTGTCAATCTTAAGCCA,0,4688522
ybiY_ybiW_predicted,0.14285714285714285,6,6,TCAGTGACTGATCTAACATA,0,4718674
ybiY_ybiW_predicted,0.14285714285714285,6,6,TCAGCGGGAGAATGGCTTTG,0,4724427
ybiY_ybiW_predicted,0.14285714285714285,6,6,TCAGAGATTGCGCTTCGTGT,0,4702285
ybiY_ybiW_predicted,0.14285714285714285,6,6,TCAGAGAGAAAGGCCAGCTG,0,4702658
ybiY_ybiW_predicted,0.14285714285714285,6,6,TCACTTGATACGGCCTTTGT,0,4695129
ybiY_ybiW_predicted,0.14285714285714285,6,6,TCACGGTGTGTCTATATACA,0,4716357
ybiY_ybiW_predicted,0.14285714285714285,6,6,TCACACTCGATGTAACTGCC,0,4730031
ybiY_ybiW_predicted,0.14285714285714285,6,6,TCAATGCCTGTTATTTCAAG,0,4699697
ybiY_ybiW_predicted,0.14285714285714285,6,6,TCAACGTCCCGCTGCAATGT,0,4720815
ybiY_ybiW_predicted,0.14285714285714285,6,6,TCAACGAGCAGGGCCTGCTC,0,4699694
ybiY_ybiW_predicted,0.14285714285714285,6,6,TATTTGCACAAGGGATTTTC,0,4719031
ybiY_ybiW_predicted,0.14285714285714285,6,6,TATTTACGTCCGATCTCGCG,0,4711498
ybiY_ybiW_predicted,0.14285714285714285,6,6,TATTACATCTTAATTTCGCA,0,4695442
ybiY_ybiW_predicted,0.14285714285714285,6,6,TATGTACGGACACGTCAGGG,0,4718615
ybiY_ybiW_predicted,0.14285714285714285,6,6,TATCCACGGCGAAACGGGGT,0,4698701
ybiY_ybiW_predicted,0.14285714285714285,6,6,TATCAGTATAGTCCAAGTTT,0,4702106
ybiY_ybiW_predicted,0.14285714285714285,6,6,TATAGTAACGTTGCTCCGGT,0,4729058
ybiY_ybiW_predicted,0.14285714285714285,6,6,TAGGTTCTGCTTCTGTTAGC,0,4708125
ybiY_ybiW_predicted,0.14285714285714285,6,6,TAGGTAGATTTCCGAACTAG,0,4716524
ybiY_ybiW_predicted,0.14285714285714285,6,6,TAGGATCTGTCGTCTTCTTT,0,4716339
ybiY_ybiW_predicted,0.14285714285714285,6,6,TAGGAAGTTCCGATTTTGCA,0,4722106
ybiY_ybiW_predicted,0.14285714285714285,6,6,TAGCCTTTGAAACTCGACAA,0,4712508
ybiY_ybiW_predicted,0.14285714285714285,6,6,TAGCATTTTCTATTAGGTGT,0,4727372
ybiY_ybiW_predicted,0.14285714285714285,6,6,TAGCACAACATAGATTAAGC,0,4688538
ybiY_ybiW_predicted,0.14285714285714285,6,6,TAGATACAGACGTTTTACGG,0,4712280
ybiY_ybiW_predicted,0.14285714285714285,6,6,TAGACTTCGGTTGCATATCA,0,4693041
ybiY_ybiW_predicted,0.14285714285714285,6,6,TAGACCACGAAGCAGGCACT,0,4692903
ybiY_ybiW_predicted,0.14285714285714285,6,6,TAGAAAGCTGCTCGTGACAC,0,4696882
ybiY_ybiW_predicted,0.14285714285714285,6,6,TACTGCGTTCTGCCAGTTGC,0,4709675
ybiY_ybiW_predicted,0.14285714285714285,6,6,TACGCCTTCGCGGGGCAAGT,0,4720825
ybiY_ybiW_predicted,0.14285714285714285,6,6,TACAGACTGCCGAACTTCGG,0,4721615
ybiY_ybiW_predicted,0.14285714285714285,6,6,TACACAGTTGCAGTCTGCTC,0,4717974
ybiY_ybiW_predicted,0.14285714285714285,6,6,TACAATGGGTCATTACACTA,0,4701442
ybiY_ybiW_predicted,0.14285714285714285,6,6,TAATGTGTGCACTTAGGAAT,0,4707824
ybiY_ybiW_predicted,0.14285714285714285,6,6,TAATGGAACCTCAAACTAAA,0,4689006
ybiY_ybiW_predicted,0.14285714285714285,6,6,TAATCCATAGAAAGAGCCAA,0,4705401
ybiY_ybiW_predicted,0.14285714285714285,6,6,TAAGGTCTATCGAGGGCTAG,0,4723980
ybiY_ybiW_predicted,0.14285714285714285,6,6,TAAGAGATAGCAATAATAAT,0,4709908
ybiY_ybiW_predicted,0.14285714285714285,6,6,TAAGAAAAATTCTATAATCG,0,4688722
ybiY_ybiW_predicted,0.14285714285714285,6,6,TAACTTATAATTGTTTTGAA,0,4716637
ybiY_ybiW_predicted,0.14285714285714285,6,6,GTTTTGAAAAACGTTGATTC,0,4722581
ybiY_ybiW_predicted,0.14285714285714285,6,6,GTTTGGCCGAGGAACTGTGA,0,4702303
ybiY_ybiW_predicted,0.14285714285714285,6,6,GTTTCTTCGGGGTGACGGTA,0,4721676
ybiY_ybiW_predicted,0.14285714285714285,6,6,GTTTCCAACTCGCATTACGT,0,4725270
ybiY_ybiW_predicted,0.14285714285714285,6,6,GTTGCGAACTTGTAGATTCG,0,4694265
ybiY_ybiW_predicted,0.14285714285714285,6,6,GTTCTGTTCTATTGAAACAA,0,4715289
ybiY_ybiW_predicted,0.14285714285714285,6,6,GTTCGGCTAGACTGTACATA,0,4714538
ybiY_ybiW_predicted,0.14285714285714285,6,6,GTTCCATGTAGTGTCGTCTA,0,4697957
ybiY_ybiW_predicted,0.14285714285714285,6,6,GTTAACAACGTTTCGCCCCT,0,4696248
ybiY_ybiW_predicted,0.14285714285714285,6,6,GTGTGGCAGCGCCTGAATAG,0,4704022
ybiY_ybiW_predicted,0.14285714285714285,6,6,GTGTATAAGCAACATACCTG,0,4702777
ybiY_ybiW_predicted,0.14285714285714285,6,6,GTGTACGTCTGCTCTCGTGC,0,4713658
ybiY_ybiW_predicted,0.14285714285714285,6,6,GTGGGAGTACACATGCCGCT,0,4701090
ybiY_ybiW_predicted,0.14285714285714285,6,6,GTGGAACTGTCGTGGATCCA,0,4705208
ybiY_ybiW_predicted,0.14285714285714285,6,6,GTGCTTGCGTCAATAGAATG,0,4698986
ybiY_ybiW_predicted,0.14285714285714285,6,6,GTGCTTACCCACGGCGATTA,0,4710699
ybiY_ybiW_predicted,0.14285714285714285,6,6,GTGCTGACACACAGTCTGGA,0,4701802
ybiY_ybiW_predicted,0.14285714285714285,6,6,GTGCTGAAACGGCGGAAATT,0,4723819
ybiY_ybiW_predicted,0.14285714285714285,6,6,GTGCACCCTAAAAGTTCACA,0,4717635
ybiY_ybiW_predicted,0.14285714285714285,6,6,GTCTGCCAAGCCACCCTCCA,0,4718752
ybiY_ybiW_predicted,0.14285714285714285,6,6,GTCGTGCAACCGCACCTTTG,0,4719084
ybiY_ybiW_predicted,0.14285714285714285,6,6,GTCGCATCAGGCGGGTCATC,0,4689682
ybiY_ybiW_predicted,0.14285714285714285,6,6,GTCGCAGAGGTTTAAATAAG,0,4715340
ybiY_ybiW_predicted,0.14285714285714285,6,6,GTCCGCGATCAGATCGACTA,0,4690989
ybiY_ybiW_predicted,0.14285714285714285,6,6,GTCCAGGTAGTCGTTAGGCA,0,4702615
ybiY_ybiW_predicted,0.14285714285714285,6,6,GTATGGGTTCAAAGCCGTAT,0,4691329
ybiY_ybiW_predicted,0.14285714285714285,6,6,GTATGGCTTGGTTCACGATC,0,4700214
ybiY_ybiW_predicted,0.14285714285714285,6,6,GTATGACGTTTTGCAGGCCC,0,4698969
ybiY_ybiW_predicted,0.14285714285714285,6,6,GTATAGAGGTCTCACGTTGG,0,4711873
ybiY_ybiW_predicted,0.14285714285714285,6,6,GTATAATGGACCCAACATGT,0,4714337
ybiY_ybiW_predicted,0.14285714285714285,6,6,GTAGGATGCGATTCTGGAGG,0,4715151
ybiY_ybiW_predicted,0.14285714285714285,6,6,GTAGGAGTCTAACATTTTTA,0,4702233
ybiY_ybiW_predicted,0.14285714285714285,6,6,GTAGAGCTCCATTCAATGGT,0,4693955
ybiY_ybiW_predicted,0.14285714285714285,6,6,GTACTTCTTAGAGCTTGGCA,0,4727672
ybiY_ybiW_predicted,0.14285714285714285,6,6,GTACTGCCTGTTGACTGGCC,0,4690914
ybiY_ybiW_predicted,0.14285714285714285,6,6,GTACTCTTTACATAGAATAG,0,4693443
ybiY_ybiW_predicted,0.14285714285714285,6,6,GTACGAGGTTGCAGGGTGGA,0,4713541
ybiY_ybiW_predicted,0.14285714285714285,6,6,GTACAGACTGGAAACAACTG,0,4690130
ybiY_ybiW_predicted,0.14285714285714285,6,6,GTACAGACATAACAGCTTTC,0,4707668
ybiY_ybiW_predicted,0.14285714285714285,6,6,GTAAGAGCTACGGGGTTACT,0,4699156
ybiY_ybiW_predicted,0.14285714285714285,6,6,GTAACTTCCACGGAGCGTAT,0,4730078
ybiY_ybiW_predicted,0.14285714285714285,6,6,GTAACAATAACGAGGGCCGG,0,4693311
ybiY_ybiW_predicted,0.14285714285714285,6,6,GGTTTCTTTCCAATACGCAA,0,4705068
ybiY_ybiW_predicted,0.14285714285714285,6,6,GGTTGGTGGTCCTGTGCCAG,0,4688840
ybiY_ybiW_predicted,0.14285714285714285,6,6,GGTTCTTCACATAGAGGCAA,0,4699007
ybiY_ybiW_predicted,0.14285714285714285,6,6,GGTTCTCAGCGCTGTGCTTC,0,4721812
ybiY_ybiW_predicted,0.14285714285714285,6,6,GGTGGTTTGGCCAATGACGT,0,4715442
ybiY_ybiW_predicted,0.14285714285714285,6,6,GGTGGCAGTGCCACCTCGGG,0,4732261
ybiY_ybiW_predicted,0.14285714285714285,6,6,GGTGCAAGTGATGTGTGGGG,0,4714093
ybiY_ybiW_predicted,0.14285714285714285,6,6,GGTGATGAAATGCACAAAAT,0,4694477
ybiY_ybiW_predicted,0.14285714285714285,6,6,GGTCTTATATTCAATAGGGA,0,4708901
ybiY_ybiW_predicted,0.14285714285714285,6,6,GGTCGTGTCAGCCTTGGATT,0,4727531
ybiY_ybiW_predicted,0.14285714285714285,6,6,GGTCGTGGTAATTGCGTCGA,0,4716408
ybiY_ybiW_predicted,0.14285714285714285,6,6,GGTCCGTCGGTGTTCCGCCA,0,4723105
ybiY_ybiW_predicted,0.14285714285714285,6,6,GGTCCGAAAGATATATTCAG,0,4705564
ybiY_ybiW_predicted,0.14285714285714285,6,6,GGTACACTGAACTTTAGTGA,0,4711189
ybiY_ybiW_predicted,0.14285714285714285,6,6,GGTAAGAGTAGGTGATGTCA,0,4703741
ybiY_ybiW_predicted,0.14285714285714285,6,6,GGGCCTCTTGTGGATTCACA,0,4705781
ybiY_ybiW_predicted,0.14285714285714285,6,6,GGGCCTACTACTCTCACGAC,0,4706459
ybiY_ybiW_predicted,0.14285714285714285,6,6,GGGACCCTGACGCCTTCTCA,0,4693940
ybiY_ybiW_predicted,0.14285714285714285,6,6,GGGACAATGTTGGTTCACAT,0,4713672
ybiY_ybiW_predicted,0.14285714285714285,6,6,GGGAAGCCTCTACGAATCAC,0,4716519
ybiY_ybiW_predicted,0.14285714285714285,6,6,GGCTTTAAAACAGTCAGGTC,0,4720859
ybiY_ybiW_predicted,0.14285714285714285,6,6,GGCTGTCCCAGCGTAGAGCC,0,4726786
ybiY_ybiW_predicted,0.14285714285714285,6,6,GGCTGAAGCTACACGCCCGT,0,4690091
ybiY_ybiW_predicted,0.14285714285714285,6,6,GGCTCAAGTGCGTTTGAAAA,0,4694278
ybiY_ybiW_predicted,0.14285714285714285,6,6,GGCGGAGCTGGCATCGGACA,0,4694803
ybiY_ybiW_predicted,0.14285714285714285,6,6,GGCCGTCTATACGAGAATCC,0,4728083
ybiY_ybiW_predicted,0.14285714285714285,6,6,GGCCGGGACAAACTCAAATC,0,4703159
ybiY_ybiW_predicted,0.14285714285714285,6,6,GGCCCTGTGCCGGTCTAGAC,0,4730586
ybiY_ybiW_predicted,0.14285714285714285,6,6,GGCCCTCCAACGCCAGAAGT,0,4720236
ybiY_ybiW_predicted,0.14285714285714285,6,6,GGCATTATCGCAGTCCTCTC,0,4705744
ybiY_ybiW_predicted,0.14285714285714285,6,6,GGCATGTAGTAGTTGGAGTA,0,4731300
ybiY_ybiW_predicted,0.14285714285714285,6,6,GGCATCCGCTCGCCCGCGCC,0,4718739
ybiY_ybiW_predicted,0.14285714285714285,6,6,GGCAGGTTACATCTAGGGCG,0,4693998
ybiY_ybiW_predicted,0.14285714285714285,6,6,GGCAGATTGGTCCGACCGGG,0,4711419
ybiY_ybiW_predicted,0.14285714285714285,6,6,GGATGCGTGGTGAGAACACC,0,4705297
ybiY_ybiW_predicted,0.14285714285714285,6,6,GGATAGTGGTTGCGCGCTAG,0,4697108
ybiY_ybiW_predicted,0.14285714285714285,6,6,GGAGTCGGCGGAGGGGGGCG,0,4692340
ybiY_ybiW_predicted,0.14285714285714285,6,6,GGAGGATCCCGTACCTATGA,0,4711112
ybiY_ybiW_predicted,0.14285714285714285,6,6,GGAGGACGCTCGTGCCGATG,0,4722640
ybiY_ybiW_predicted,0.14285714285714285,6,6,GGAGCGGAGACGAAGTTTCC,0,4707283
ybiY_ybiW_predicted,0.14285714285714285,6,6,GGAGCACGTAGCTACGGGTC,0,4709874
ybiY_ybiW_predicted,0.14285714285714285,6,6,GGACGTGGTAACGAAGTGAA,0,4713377
ybiY_ybiW_predicted,0.14285714285714285,6,6,GGACGCACGCCGTGGACTTT,0,4696723
ybiY_ybiW_predicted,0.14285714285714285,6,6,GGAATAATACAGAGGAATAA,0,4701369
ybiY_ybiW_predicted,0.14285714285714285,6,6,GCTTGCGCGGTGTTGGGGAC,0,4725287
ybiY_ybiW_predicted,0.14285714285714285,6,6,GCTGTTTTAAAAATACTGAG,0,4719551
ybiY_ybiW_predicted,0.14285714285714285,6,6,GCTGTGCTGGGTATCTGAGG,0,4730755
ybiY_ybiW_predicted,0.14285714285714285,6,6,GCTGGCTGGCTGGCTCGGGT,0,4691407
ybiY_ybiW_predicted,0.14285714285714285,6,6,GCTGGCCTTCACGGTATCTG,0,4716335
ybiY_ybiW_predicted,0.14285714285714285,6,6,GCTGAAGGCTATTATTGTGA,0,4698810
ybiY_ybiW_predicted,0.14285714285714285,6,6,GCTCTCTCTCCACCTACAGG,0,4716051
ybiY_ybiW_predicted,0.14285714285714285,6,6,GCTCTCGTCGGCAGAGCCTC,0,4730019
ybiY_ybiW_predicted,0.14285714285714285,6,6,GCTCGGCATTTTATTCAAGA,0,4696967
ybiY_ybiW_predicted,0.14285714285714285,6,6,GCTCCATCTGAACCGAGCGC,0,4698211
ybiY_ybiW_predicted,0.14285714285714285,6,6,GCTAGCCGTTATATATAGAG,0,4705027
ybiY_ybiW_predicted,0.14285714285714285,6,6,GCTAGCCATAAGAAGCACAA,0,4701113
ybiY_ybiW_predicted,0.14285714285714285,6,6,GCTAAACGAGGGGTTGTGGC,0,4693619
ybiY_ybiW_predicted,0.14285714285714285,6,6,GCGTTGCCAGGCAGGTAGAG,0,4717645
ybiY_ybiW_predicted,0.14285714285714285,6,6,GCGTCCCTCTACGACCATGG,0,4730352
ybiY_ybiW_predicted,0.14285714285714285,6,6,GCGGTATAACAACAGGGGAT,0,4690419
ybiY_ybiW_predicted,0.14285714285714285,6,6,GCGGTAGTAACTGGGATATG,0,4714313
ybiY_ybiW_predicted,0.14285714285714285,6,6,GCGGGTAGGGACGAACCATT,0,4697955
ybiY_ybiW_predicted,0.14285714285714285,6,6,GCGGATACTTCACCGCCTCG,0,4718518
ybiY_ybiW_predicted,0.14285714285714285,6,6,GCGGAGTCGGCTGATCATTC,0,4730236
ybiY_ybiW_predicted,0.14285714285714285,6,6,GCGGACATGTAGCTACGCTG,0,4718371
ybiY_ybiW_predicted,0.14285714285714285,6,6,GCGGAATCCCTGATCGACAA,0,4723356
ybiY_ybiW_predicted,0.14285714285714285,6,6,GCGCTCTGCTCAGTAGTTCT,0,4695600
ybiY_ybiW_predicted,0.14285714285714285,6,6,GCGCAAGCCGGGGTTAAAAG,0,4723390
ybiY_ybiW_predicted,0.14285714285714285,6,6,GCCTTTACATCCGGAGCATG,0,4698793
ybiY_ybiW_predicted,0.14285714285714285,6,6,GCCGAGTCCCTAGCTTAAGA,0,4720794
ybiY_ybiW_predicted,0.14285714285714285,6,6,GCCCTGTCCCCGATGGTCCG,0,4728518
ybiY_ybiW_predicted,0.14285714285714285,6,6,GCCCGGTGAACTTAAAAGTC,0,4703107
ybiY_ybiW_predicted,0.14285714285714285,6,6,GCCAGTTGGCCACCATTGTG,0,4716879
ybiY_ybiW_predicted,0.14285714285714285,6,6,GCCAAAGCGCGCCTCAGATA,0,4722045
ybiY_ybiW_predicted,0.14285714285714285,6,6,GCATTGACTGCGATTCACTG,0,4713241
ybiY_ybiW_predicted,0.14285714285714285,6,6,GCATTCTCCCTCCAAAAGCA,0,4731586
ybiY_ybiW_predicted,0.14285714285714285,6,6,GCATAGCGCGCTTCTTGTTC,0,4699499
ybiY_ybiW_predicted,0.14285714285714285,6,6,GCAGGATGTTTTAAGGTTCC,0,4708923
ybiY_ybiW_predicted,0.14285714285714285,6,6,GCAGCTCTTTTAGTCGCTCC,0,4715028
ybiY_ybiW_predicted,0.14285714285714285,6,6,GCAGAGTACCAATTTGTGAT,0,4696576
ybiY_ybiW_predicted,0.14285714285714285,6,6,GCACGATCACGCACCGGGAT,0,4689858
ybiY_ybiW_predicted,0.14285714285714285,6,6,GCAATTATGCACGACTCGTC,0,4696172
ybiY_ybiW_predicted,0.14285714285714285,6,6,GCAACGTAACATCTGAGTGA,0,4727032
ybiY_ybiW_predicted,0.14285714285714285,6,6,GCAACCGTTCTTCCATAGCA,0,4718509
ybiY_ybiW_predicted,0.14285714285714285,6,6,GCAAAGTGACCCTTGTGGAC,0,4702171
ybiY_ybiW_predicted,0.14285714285714285,6,6,GATTTTAAATCGTGGGAATT,0,4713688
ybiY_ybiW_predicted,0.14285714285714285,6,6,GATGATATGTTTTTCTTAGG,0,4717989
ybiY_ybiW_predicted,0.14285714285714285,6,6,GATCGACCGAAGGCAGTCAT,0,4698298
ybiY_ybiW_predicted,0.14285714285714285,6,6,GATCCTGGTATAATATGTTC,0,4718067
ybiY_ybiW_predicted,0.14285714285714285,6,6,GATCATTCTACCCCATAATA,0,4714487
ybiY_ybiW_predicted,0.14285714285714285,6,6,GATCAAACCGTTATCAGAAA,0,4722496
ybiY_ybiW_predicted,0.14285714285714285,6,6,GATCAAACAGTAAATGATCT,0,4704638
ybiY_ybiW_predicted,0.14285714285714285,6,6,GATAATGCTGTAGCTAGGGG,0,4710498
ybiY_ybiW_predicted,0.14285714285714285,6,6,GAGGTGGAAAGTCTACATCT,0,4706124
ybiY_ybiW_predicted,0.14285714285714285,6,6,GAGGGGGTACTTTGTTTTTA,0,4694697
ybiY_ybiW_predicted,0.14285714285714285,6,6,GAGGCTTCAGCGGTGCCGGG,0,4704430
ybiY_ybiW_predicted,0.14285714285714285,6,6,GAGGCGGGCCTACACGTAGA,0,4731399
ybiY_ybiW_predicted,0.14285714285714285,6,6,GAGGAGGGGCGCCAATGTGC,0,4725898
ybiY_ybiW_predicted,0.14285714285714285,6,6,GAGGAACTTAGTCTAGCCCA,0,4732642
ybiY_ybiW_predicted,0.14285714285714285,6,6,GAGCGCATTTCCGTGCCGTT,0,4707911
ybiY_ybiW_predicted,0.14285714285714285,6,6,GAGCCTCCCCACCAGACGGA,0,4699969
ybiY_ybiW_predicted,0.14285714285714285,6,6,GAGCCTCCACCGCTTGTACA,0,4721341
ybiY_ybiW_predicted,0.14285714285714285,6,6,GACTATTCATACTCGCTCTG,0,4721279
ybiY_ybiW_predicted,0.14285714285714285,6,6,GACTAAGATATTCTGCTACG,0,4726124
ybiY_ybiW_predicted,0.14285714285714285,6,6,GACGTGTACTCATGTTATTA,0,4723784
ybiY_ybiW_predicted,0.14285714285714285,6,6,GACGTATACCAGTGTGGATC,0,4716680
ybiY_ybiW_predicted,0.14285714285714285,6,6,GACGTACTCCGCCTCAGGCC,0,4716529
ybiY_ybiW_predicted,0.14285714285714285,6,6,GAATTGTCTGAGAGGATAAC,0,4698051
ybiY_ybiW_predicted,0.14285714285714285,6,6,GAATGCATATGTTTCCTACC,0,4701694
ybiY_ybiW_predicted,0.14285714285714285,6,6,GAATCGCGGCCCTGTGTAGT,0,4700070
ybiY_ybiW_predicted,0.14285714285714285,6,6,GAATAAGGTATGGTTAAGGG,0,4730686
ybiY_ybiW_predicted,0.14285714285714285,6,6,GAAGTTAGAGTCTGTCCCAA,0,4711373
ybiY_ybiW_predicted,0.14285714285714285,6,6,GAAGTGGTTGTATAGTTACG,0,4715000
ybiY_ybiW_predicted,0.14285714285714285,6,6,GAAGGTCCCCACCAAATTAG,0,4690287
ybiY_ybiW_predicted,0.14285714285714285,6,6,GAAGATTGCGGTTACGTAAG,0,4728566
ybiY_ybiW_predicted,0.14285714285714285,6,6,GAAGACACCGTCCACCCGGA,0,4688496
ybiY_ybiW_predicted,0.14285714285714285,6,6,GAACTGAGCCCATTCTCGTG,0,4725099
ybiY_ybiW_predicted,0.14285714285714285,6,6,GAACCGCCTGAGTCATAGAA,0,4703394
ybiY_ybiW_predicted,0.14285714285714285,6,6,GAAATCAAAGGATACATACG,0,4717930
ybiY_ybiW_predicted,0.14285714285714285,6,6,GAAACGCTCGTTTCGTCTAG,0,4698917
ybiY_ybiW_predicted,0.14285714285714285,6,6,CTTTTTAGTTACGTGCCTAT,0,4715290
ybiY_ybiW_predicted,0.14285714285714285,6,6,CTTTGTGGAGTAACCCAAGA,0,4699673
ybiY_ybiW_predicted,0.14285714285714285,6,6,CTTTGGAGGGTGGTTTAACC,0,4729580
ybiY_ybiW_predicted,0.14285714285714285,6,6,CTTTACGGTTCACTGGATGC,0,4700748
ybiY_ybiW_predicted,0.14285714285714285,6,6,CTTGTGTGGGCCTCCATAGG,0,4725156
ybiY_ybiW_predicted,0.14285714285714285,6,6,CTTGGACCGTGGCATTAACT,0,4699759
ybiY_ybiW_predicted,0.14285714285714285,6,6,CTTGAGCCTCATACGGACGC,0,4700139
ybiY_ybiW_predicted,0.14285714285714285,6,6,CTTGAACGCCCATACGCATA,0,4706312
ybiY_ybiW_predicted,0.14285714285714285,6,6,CTTCCGATCCTATGTAACAA,0,4729793
ybiY_ybiW_predicted,0.14285714285714285,6,6,CTTAGTATTTATATTAAGCC,0,4698544
ybiY_ybiW_predicted,0.14285714285714285,6,6,CTTAAGCACTACCGAGCTTA,0,4691235
ybiY_ybiW_predicted,0.14285714285714285,6,6,CTGTGTCCTCTAGGTGAAAC,0,4694261
ybiY_ybiW_predicted,0.14285714285714285,6,6,CTGTACTGTAGAACGATATG,0,4714383
ybiY_ybiW_predicted,0.14285714285714285,6,6,CTGGTTTGCAATGAGAGAGG,0,4728893
ybiY_ybiW_predicted,0.14285714285714285,6,6,CTGGTGTTCGGCTGCTATAC,0,4698461
ybiY_ybiW_predicted,0.14285714285714285,6,6,CTGGGTGTCTTTCATTACGG,0,4716321
ybiY_ybiW_predicted,0.14285714285714285,6,6,CTGGGGGTTTACGCGCGCTG,0,4724613
ybiY_ybiW_predicted,0.14285714285714285,6,6,CTGGCGGTCGATAGTTGCTC,0,4692969
ybiY_ybiW_predicted,0.14285714285714285,6,6,CTGGCGCTCTGATGGGGTTA,0,4715268
ybiY_ybiW_predicted,0.14285714285714285,6,6,CTGGACAGGACCGTGTGAGT,0,4706922
ybiY_ybiW_predicted,0.14285714285714285,6,6,CTGCTGGGCGCGTACCTCAC,0,4706867
ybiY_ybiW_predicted,0.14285714285714285,6,6,CTGCGGCTTCCACGAATGGA,0,4719677
ybiY_ybiW_predicted,0.14285714285714285,6,6,CTGCCTTAGTCACCATGTCA,0,4699233
ybiY_ybiW_predicted,0.14285714285714285,6,6,CTGAGGAGTAGCTCTTCCAT,0,4720864
ybiY_ybiW_predicted,0.14285714285714285,6,6,CTCTTGGCGTAGATGAGGGT,0,4727940
ybiY_ybiW_predicted,0.14285714285714285,6,6,CTCTTCTGCTACATCTTTCA,0,4709182
ybiY_ybiW_predicted,0.14285714285714285,6,6,CTCGCGGCCGAGCTACAGCA,0,4727853
ybiY_ybiW_predicted,0.14285714285714285,6,6,CTCGCAGAATTCAGACAGTT,0,4719547
ybiY_ybiW_predicted,0.14285714285714285,6,6,CTCCTTCAGATCGCCCCATA,0,4693766
ybiY_ybiW_predicted,0.14285714285714285,6,6,CTCCAGGGCTTCTGTTGATC,0,4719070
ybiY_ybiW_predicted,0.14285714285714285,6,6,CTCAGATTCACTTGTCCGGG,0,4712475
ybiY_ybiW_predicted,0.14285714285714285,6,6,CTCACATGCCGGGAAGTCCT,0,4717030
ybiY_ybiW_predicted,0.14285714285714285,6,6,CTAGTTGTCAGACTCCCGTA,0,4713949
ybiY_ybiW_predicted,0.14285714285714285,6,6,CTAGGGGATTAATCACACGC,0,4708384
ybiY_ybiW_predicted,0.14285714285714285,6,6,CTAGCTACGAATAGCTCGTA,0,4715139
ybiY_ybiW_predicted,0.14285714285714285,6,6,CTAGCGGGACGGCACCCCAT,0,4711733
ybiY_ybiW_predicted,0.14285714285714285,6,6,CTACTACGTGGTATAGAGAC,0,4703174
ybiY_ybiW_predicted,0.14285714285714285,6,6,CTACCTGCGTCCAATATACA,0,4722938
ybiY_ybiW_predicted,0.14285714285714285,6,6,CTAAGCCATCACGTTGAGTC,0,4715631
ybiY_ybiW_predicted,0.14285714285714285,6,6,CTAAAATTCATCCGTTAGGT,0,4718551
ybiY_ybiW_predicted,0.14285714285714285,6,6,CGTTTGAATGTCAGTCAGCC,0,4709706
ybiY_ybiW_predicted,0.14285714285714285,6,6,CGTGAGGGTCCGAGAGTGAT,0,4729288
ybiY_ybiW_predicted,0.14285714285714285,6,6,CGTCATGTTATTCTTTCTCG,0,4727348
ybiY_ybiW_predicted,0.14285714285714285,6,6,CGGTGGTCCACTGCACTACG,0,4692151
ybiY_ybiW_predicted,0.14285714285714285,6,6,CGGTGGACGCTTCGGGCGTA,0,4699403
ybiY_ybiW_predicted,0.14285714285714285,6,6,CGGTGATCCCTCACCAGCTG,0,4702366
ybiY_ybiW_predicted,0.14285714285714285,6,6,CGGTGACAATAGCAACGCCA,0,4706505
ybiY_ybiW_predicted,0.14285714285714285,6,6,CGGTCGTCTCCCACCCTCCC,0,4728885
ybiY_ybiW_predicted,0.14285714285714285,6,6,CGGTATTGTCATCGTGCGGA,0,4689815
ybiY_ybiW_predicted,0.14285714285714285,6,6,CGGGGTAAGCCTTGTTGTAG,0,4691338
ybiY_ybiW_predicted,0.14285714285714285,6,6,CGGCTGTTATATTACAAGTT,0,4698659
ybiY_ybiW_predicted,0.14285714285714285,6,6,CGGCGCTTGGTTCCTGGCCT,0,4690462
ybiY_ybiW_predicted,0.14285714285714285,6,6,CGGCGACGAACCATACAGGA,0,4721152
ybiY_ybiW_predicted,0.14285714285714285,6,6,CGGCCGGCACAGCTCTGTGC,0,4724386
ybiY_ybiW_predicted,0.14285714285714285,6,6,CGGCACCTGACGGGTGTCTA,0,4703441
ybiY_ybiW_predicted,0.14285714285714285,6,6,CGGATCGTAGAGTTCCAGGT,0,4697090
ybiY_ybiW_predicted,0.14285714285714285,6,6,CGGAGTGTTCAAGATTCAGA,0,4706422
ybiY_ybiW_predicted,0.14285714285714285,6,6,CGGACGCGTCGGGGTTTGCG,0,4701380
ybiY_ybiW_predicted,0.14285714285714285,6,6,CGGACCTACCGCTGCGTTGA,0,4719082
ybiY_ybiW_predicted,0.14285714285714285,6,6,CGGAAATGAGTGATCACGAC,0,4705662
ybiY_ybiW_predicted,0.14285714285714285,6,6,CGCTTTGGCAGTTCGCTAAG,0,4709875
ybiY_ybiW_predicted,0.14285714285714285,6,6,CGCGGTCTCCGTAAGAGAGT,0,4691251
ybiY_ybiW_predicted,0.14285714285714285,6,6,CGCGGATGAACATGATTGCC,0,4703308
ybiY_ybiW_predicted,0.14285714285714285,6,6,CGCGCTATAAAAGGAGAGGA,0,4702826
ybiY_ybiW_predicted,0.14285714285714285,6,6,CGCGATAGGCACCACAAGGG,0,4705355
ybiY_ybiW_predicted,0.14285714285714285,6,6,CGCGACTCGGGGTTCCCTGA,0,4730941
ybiY_ybiW_predicted,0.14285714285714285,6,6,CGCCAGTAATCGGGGTCCTT,0,4691015
ybiY_ybiW_predicted,0.14285714285714285,6,6,CGCAGTACCCACAGAAGATT,0,4704399
ybiY_ybiW_predicted,0.14285714285714285,6,6,CGCACAGTGGCGACTCACAG,0,4708474
ybiY_ybiW_predicted,0.14285714285714285,6,6,CGCAAGCACTCATTACATGA,0,4690610
ybiY_ybiW_predicted,0.14285714285714285,6,6,CGATTGCGGATGTTTGTGCT,0,4711693
ybiY_ybiW_predicted,0.14285714285714285,6,6,CGATCCTCATCCGTAACAGT,0,4724027
ybiY_ybiW_predicted,0.14285714285714285,6,6,CGATAACGTGGCTATGCAGC,0,4705903
ybiY_ybiW_predicted,0.14285714285714285,6,6,CGAGTATATCGGAAATCGCG,0,4709684
ybiY_ybiW_predicted,0.14285714285714285,6,6,CGAGGAAAGATTAGATGGCT,0,4718511
ybiY_ybiW_predicted,0.14285714285714285,6,6,CGAGATATTTTTCCCTCCCA,0,4731964
ybiY_ybiW_predicted,0.14285714285714285,6,6,CGAGATAATAGAACGGTTGT,0,4703985
ybiY_ybiW_predicted,0.14285714285714285,6,6,CGAGAGAACTGGGGATGCTG,0,4725361
ybiY_ybiW_predicted,0.14285714285714285,6,6,CGACGCAGATAGGCGTCTTA,0,4721732
ybiY_ybiW_predicted,0.14285714285714285,6,6,CGACCAGTGGGCGTAAGAAT,0,4727985
ybiY_ybiW_predicted,0.14285714285714285,6,6,CGAACAGATCACAGTCCGGT,0,4714673
ybiY_ybiW_predicted,0.14285714285714285,6,6,CGAACACGGATGAATTTCTG,0,4696661
ybiY_ybiW_predicted,0.14285714285714285,6,6,CCTTCCCTACGGGTAGAGTT,0,4698057
ybiY_ybiW_predicted,0.14285714285714285,6,6,CCTGGATTCGCTTTGACGCT,0,4691767
ybiY_ybiW_predicted,0.14285714285714285,6,6,CCTATTAGGTCAGGTGTAGT,0,4695975
ybiY_ybiW_predicted,0.14285714285714285,6,6,CCTACCACCACTGTCGGTTC,0,4696044
ybiY_ybiW_predicted,0.14285714285714285,6,6,CCGGTGAGTTCTCATGACCC,0,4723759
ybiY_ybiW_predicted,0.14285714285714285,6,6,CCGGTCAGATTCCGTTGTGG,0,4731929
ybiY_ybiW_predicted,0.14285714285714285,6,6,CCGGATTACAGAGTTGTCGG,0,4709213
ybiY_ybiW_predicted,0.14285714285714285,6,6,CCGCAGCTTTTAACAAACAA,0,4720100
ybiY_ybiW_predicted,0.14285714285714285,6,6,CCGCAGCTTCGGCGGTGTGT,0,4690154
ybiY_ybiW_predicted,0.14285714285714285,6,6,CCGCAAAAAAGACTAGGACA,0,4710300
ybiY_ybiW_predicted,0.14285714285714285,6,6,CCGATAATGCATGACCTGTC,0,4694962
ybiY_ybiW_predicted,0.14285714285714285,6,6,CCCTAATAGGGTGCAGCGGC,0,4695893
ybiY_ybiW_predicted,0.14285714285714285,6,6,CCCGTGTTCGTTGGACGGGA,0,4706983
ybiY_ybiW_predicted,0.14285714285714285,6,6,CCCGGACCAGAATACCGGGG,0,4714008
ybiY_ybiW_predicted,0.14285714285714285,6,6,CCCGCATCGCCCCCCTATAA,0,4708623
ybiY_ybiW_predicted,0.14285714285714285,6,6,CCCGACACTTGTAGGCCGGC,0,4726032
ybiY_ybiW_predicted,0.14285714285714285,6,6,CCCAAGCTCGGCTCAACCTG,0,4727170
ybiY_ybiW_predicted,0.14285714285714285,6,6,CCATTCAGACAGTACCATCG,0,4693834
ybiY_ybiW_predicted,0.14285714285714285,6,6,CCATGCTGCGAAATTTGGCT,0,4709674
ybiY_ybiW_predicted,0.14285714285714285,6,6,CCAGTTAGAGCTCACCTGTT,0,4692722
ybiY_ybiW_predicted,0.14285714285714285,6,6,CCAGTCCTTCAGCTCCCGAT,0,4697470
ybiY_ybiW_predicted,0.14285714285714285,6,6,CCAGGCGAATAATCGCGGCC,0,4699343
ybiY_ybiW_predicted,0.14285714285714285,6,6,CCACATTCGTGCCAAGGTCG,0,4704081
ybiY_ybiW_predicted,0.14285714285714285,6,6,CCAATAAGCCTAATGACCGG,0,4709460
ybiY_ybiW_predicted,0.14285714285714285,6,6,CCAAGAATAAAGTGGAGGTA,0,4704682
ybiY_ybiW_predicted,0.14285714285714285,6,6,CATTTAGGGGGGAGTTAAAC,0,4718885
ybiY_ybiW_predicted,0.14285714285714285,6,6,CATGTACTTTTCTGTTCTTT,0,4703784
ybiY_ybiW_predicted,0.14285714285714285,6,6,CATGCCGAGGTGTTATTAGA,0,4716363
ybiY_ybiW_predicted,0.14285714285714285,6,6,CATACGCATCCCGCATTATA,0,4710614
ybiY_ybiW_predicted,0.14285714285714285,6,6,CAGTGGGTGCTGCACCCCCC,0,4701528
ybiY_ybiW_predicted,0.14285714285714285,6,6,CAGGTTAAGTAAGCAGTTCT,0,4709971
ybiY_ybiW_predicted,0.14285714285714285,6,6,CAGGTCATATTCTACAGACA,0,4726664
ybiY_ybiW_predicted,0.14285714285714285,6,6,CAGGCGCGCACCCGGTGTAA,0,4718577
ybiY_ybiW_predicted,0.14285714285714285,6,6,CAGGAACTTTGTGTTTAAAT,0,4716579
ybiY_ybiW_predicted,0.14285714285714285,6,6,CAGCGGGTCAAGACGAACGT,0,4730974
ybiY_ybiW_predicted,0.14285714285714285,6,6,CAGCAAACGTCAATGCTCTA,0,4698801
ybiY_ybiW_predicted,0.14285714285714285,6,6,CAGATTGTTTCGATAAGACA,0,4712479
ybiY_ybiW_predicted,0.14285714285714285,6,6,CAGAAGCAAGCGCTCTTCAG,0,4709048
ybiY_ybiW_predicted,0.14285714285714285,6,6,CACTTCGGGCTAGTACGGCA,0,4721621
ybiY_ybiW_predicted,0.14285714285714285,6,6,CACTAACTCCTGTGTCCGGA,0,4702895
ybiY_ybiW_predicted,0.14285714285714285,6,6,CACGTACGACGTTTGATCAT,0,4726441
ybiY_ybiW_predicted,0.14285714285714285,6,6,CACGAAGTGGATCCGGCTGA,0,4713349
ybiY_ybiW_predicted,0.14285714285714285,6,6,CACCGTTCATATCAAGATAT,0,4729175
ybiY_ybiW_predicted,0.14285714285714285,6,6,CACCCCCCGATTTTCGCACC,0,4697480
ybiY_ybiW_predicted,0.14285714285714285,6,6,CACAAAGTCGTTTGAATAAA,0,4704178
ybiY_ybiW_predicted,0.14285714285714285,6,6,CAATCGCAATCTTTGTGGAC,0,4690717
ybiY_ybiW_predicted,0.14285714285714285,6,6,CAATCATAAGGAGGGGTCGG,0,4693946
ybiY_ybiW_predicted,0.14285714285714285,6,6,CAAGTCAGTTACAGTAGCTC,0,4692885
ybiY_ybiW_predicted,0.14285714285714285,6,6,CAAGTAGCTATGGGAGACGC,0,4724688
ybiY_ybiW_predicted,0.14285714285714285,6,6,CAAGGTTATATGGGTGGCCC,0,4696000
ybiY_ybiW_predicted,0.14285714285714285,6,6,CAAGGTACGGGTTGGGCCAT,0,4729054
ybiY_ybiW_predicted,0.14285714285714285,6,6,CAAGGGCTCATTCACCTAAC,0,4715826
ybiY_ybiW_predicted,0.14285714285714285,6,6,CAAGGCTGTCGTCCGCCCCA,0,4721476
ybiY_ybiW_predicted,0.14285714285714285,6,6,CAAGGCGCGAGTAAGAATAC,0,4726149
ybiY_ybiW_predicted,0.14285714285714285,6,6,CAAGCCTGCAGTTACGGCGC,0,4692844
ybiY_ybiW_predicted,0.14285714285714285,6,6,CAAGATATTCTAGATCGGGA,0,4726840
ybiY_ybiW_predicted,0.14285714285714285,6,6,CAACTACTCACTAGACCTGC,0,4695699
ybiY_ybiW_predicted,0.14285714285714285,6,6,CAACCTGATGTGGCTGATTG,0,4697454
ybiY_ybiW_predicted,0.14285714285714285,6,6,CAACCGTGAGTTGGCAATCG,0,4689777
ybiY_ybiW_predicted,0.14285714285714285,6,6,CAAACGAACCATTGTTGGGC,0,4708208
ybiY_ybiW_predicted,0.14285714285714285,6,6,CAAAACCGACGAGACATACG,0,4730982
ybiY_ybiW_predicted,0.14285714285714285,6,6,ATTTCTTCTATAAGACTTCG,0,4725268
ybiY_ybiW_predicted,0.14285714285714285,6,6,ATTTCTGATCTGTTTGGTAT,0,4716209
ybiY_ybiW_predicted,0.14285714285714285,6,6,ATTTATGCGCATTCACGACT,0,4707856
ybiY_ybiW_predicted,0.14285714285714285,6,6,ATTTACACGGATGAGCATCT,0,4688512
ybiY_ybiW_predicted,0.14285714285714285,6,6,ATTGTTTGTCTCCCTAGCCT,0,4715587
ybiY_ybiW_predicted,0.14285714285714285,6,6,ATTGTCCCCCATGGCACTGC,0,4692017
ybiY_ybiW_predicted,0.14285714285714285,6,6,ATTGCGCGTAATGACTGGCA,0,4697255
ybiY_ybiW_predicted,0.14285714285714285,6,6,ATTGACCCTATCACCAGCAA,0,4703942
ybiY_ybiW_predicted,0.14285714285714285,6,6,ATTCGGAACAGGTTCGAACT,0,4702005
ybiY_ybiW_predicted,0.14285714285714285,6,6,ATTATTACGCATAAATTATC,0,4726208
ybiY_ybiW_predicted,0.14285714285714285,6,6,ATTAGCACTCTTTACCTCGA,0,4699627
ybiY_ybiW_predicted,0.14285714285714285,6,6,ATTAGCACCAGACTACATAA,0,4712277
ybiY_ybiW_predicted,0.14285714285714285,6,6,ATTAAAAGATTACAAGTCCA,0,4698876
ybiY_ybiW_predicted,0.14285714285714285,6,6,ATGTTCCTACATTAATGTAG,0,4724571
ybiY_ybiW_predicted,0.14285714285714285,6,6,ATGTGACCACGCTCCACGTG,0,4688556
ybiY_ybiW_predicted,0.14285714285714285,6,6,ATGTCTGGGCGTCCACCGGA,0,4702515
ybiY_ybiW_predicted,0.14285714285714285,6,6,ATGTAGGTGTTGTTTTGGTA,0,4689698
ybiY_ybiW_predicted,0.14285714285714285,6,6,ATGCCCCACTGTATGGTGGT,0,4723597
ybiY_ybiW_predicted,0.14285714285714285,6,6,ATGCATTGATTGATGATCCT,0,4716425
ybiY_ybiW_predicted,0.14285714285714285,6,6,ATGCATACAGTAGAAGAGGT,0,4726475
ybiY_ybiW_predicted,0.14285714285714285,6,6,ATGCAGTGTCGAGGCCGATC,0,4720924
ybiY_ybiW_predicted,0.14285714285714285,6,6,ATGAGCGAGGAATAAGGCGA,0,4702144
ybiY_ybiW_predicted,0.14285714285714285,6,6,ATGACTATGTCCAAATTGCT,0,4721560
ybiY_ybiW_predicted,0.14285714285714285,6,6,ATGAAAACATTCGAGTAATA,0,4703180
ybiY_ybiW_predicted,0.14285714285714285,6,6,ATCTTCCCTTACTCAATCAT,0,4699693
ybiY_ybiW_predicted,0.14285714285714285,6,6,ATCTATTGGGAGTTTTTTAT,0,4730184
ybiY_ybiW_predicted,0.14285714285714285,6,6,ATCGGTGATGCGAGAAATGT,0,4689729
ybiY_ybiW_predicted,0.14285714285714285,6,6,ATCGCGATCCCACCCGTACA,0,4717105
ybiY_ybiW_predicted,0.14285714285714285,6,6,ATCGAGCACCAATCAGCATA,0,4705620
ybiY_ybiW_predicted,0.14285714285714285,6,6,ATCCGTGGTGCCAGCCACGG,0,4709941
ybiY_ybiW_predicted,0.14285714285714285,6,6,ATCCGCCGACTTGATCGGTG,0,4713600
ybiY_ybiW_predicted,0.14285714285714285,6,6,ATCCAAAGTTACGACATTCA,0,4726788
ybiY_ybiW_predicted,0.14285714285714285,6,6,ATCATCTGTAACCATGCGTT,0,4689550
ybiY_ybiW_predicted,0.14285714285714285,6,6,ATCACGTCTGTCCAATAATG,0,4712623
ybiY_ybiW_predicted,0.14285714285714285,6,6,ATATTATTCAACAGTGGATA,0,4691422
ybiY_ybiW_predicted,0.14285714285714285,6,6,ATATCGACTTTACTTGTTCG,0,4715712
ybiY_ybiW_predicted,0.14285714285714285,6,6,ATATACCTCATCGCGACTGT,0,4723942
ybiY_ybiW_predicted,0.14285714285714285,6,6,ATAGGGGATTTTATAGGTGA,0,4726413
ybiY_ybiW_predicted,0.14285714285714285,6,6,ATACCTGGCGATCGAGGGAT,0,4693225
ybiY_ybiW_predicted,0.14285714285714285,6,6,ATACAAGAAATTTCCCTGCA,0,4718796
ybiY_ybiW_predicted,0.14285714285714285,6,6,AGTGCGATCGTGGCGTCCCC,0,4710849
ybiY_ybiW_predicted,0.14285714285714285,6,6,AGTCTAGGTAGCGACAAGGA,0,4725088
ybiY_ybiW_predicted,0.14285714285714285,6,6,AGTCCGGTTGGCCTCGGTGC,0,4728107
ybiY_ybiW_predicted,0.14285714285714285,6,6,AGTCAGTAAAGCCATGTATG,0,4716000
ybiY_ybiW_predicted,0.14285714285714285,6,6,AGTATACAACGGAGGTAGTG,0,4690019
ybiY_ybiW_predicted,0.14285714285714285,6,6,AGGTTCCATCCCGTGAGATT,0,4728703
ybiY_ybiW_predicted,0.14285714285714285,6,6,AGGTGACCCGGCCGTTCTGT,0,4723183
ybiY_ybiW_predicted,0.14285714285714285,6,6,AGGTAGCTGTTTGTCAATAG,0,4719981
ybiY_ybiW_predicted,0.14285714285714285,6,6,AGGGTGCTACATGAGCCAGT,0,4724196
ybiY_ybiW_predicted,0.14285714285714285,6,6,AGGGCACATTTGACATGTCT,0,4694554
ybiY_ybiW_predicted,0.14285714285714285,6,6,AGGGACAGTGCAAACACTGA,0,4732327
ybiY_ybiW_predicted,0.14285714285714285,6,6,AGGCTGCCACACAACTTTGG,0,4701613
ybiY_ybiW_predicted,0.14285714285714285,6,6,AGGATTACACAATATCCTAA,0,4718798
ybiY_ybiW_predicted,0.14285714285714285,6,6,AGGAGTTCTCCGGGCTTTAT,0,4724690
ybiY_ybiW_predicted,0.14285714285714285,6,6,AGGACAAGAACCTGCGTCAA,0,4699258
ybiY_ybiW_predicted,0.14285714285714285,6,6,AGGAATAAATGCGAGGTGTT,0,4730808
ybiY_ybiW_predicted,0.14285714285714285,6,6,AGCTAGTTCGCCATGTTCCC,0,4695946
ybiY_ybiW_predicted,0.14285714285714285,6,6,AGCTAATGAGGTCTACTCGA,0,4717443
ybiY_ybiW_predicted,0.14285714285714285,6,6,AGCGGGCATTTTATTTTATA,0,4725289
ybiY_ybiW_predicted,0.14285714285714285,6,6,AGCGCGATTCGCCAAAGGTT,0,4699009
ybiY_ybiW_predicted,0.14285714285714285,6,6,AGCCCGGAGTCCGCGGGAAG,0,4723206
ybiY_ybiW_predicted,0.14285714285714285,6,6,AGCATCATCGCAGGGCAAGA,0,4708756
ybiY_ybiW_predicted,0.14285714285714285,6,6,AGCAATCTGTGTGTGCGGCT,0,4720212
ybiY_ybiW_predicted,0.14285714285714285,6,6,AGATGATTCATGGCGAGGCA,0,4715982
ybiY_ybiW_predicted,0.14285714285714285,6,6,AGATCCTTGGCCCATCTGAG,0,4716573
ybiY_ybiW_predicted,0.14285714285714285,6,6,AGATAGTTATAGCCTCTAGG,0,4698383
ybiY_ybiW_predicted,0.14285714285714285,6,6,AGAGTTCAAAAGCACGCCGG,0,4717498
ybiY_ybiW_predicted,0.14285714285714285,6,6,AGAGTTATGTGCTATAACCT,0,4700250
ybiY_ybiW_predicted,0.14285714285714285,6,6,AGACTCCAGGGCCCAGGAAT,0,4694129
ybiY_ybiW_predicted,0.14285714285714285,6,6,AGACCCCATGTTAGCCTCTT,0,4716922
ybiY_ybiW_predicted,0.14285714285714285,6,6,AGACCACTTCTTACCGGGTA,0,4701036
ybiY_ybiW_predicted,0.14285714285714285,6,6,AGACCACGGTTTAGGAGAGA,0,4722149
ybiY_ybiW_predicted,0.14285714285714285,6,6,AGAACTCCTCACTGCTGCCT,0,4726407
ybiY_ybiW_predicted,0.14285714285714285,6,6,AGAAAGCCGTGGGATCGGCG,0,4708600
ybiY_ybiW_predicted,0.14285714285714285,6,6,ACTTGTAAGTACTTATGTGT,0,4692453
ybiY_ybiW_predicted,0.14285714285714285,6,6,ACTTCGGTCGTACGGCTCTG,0,4726523
ybiY_ybiW_predicted,0.14285714285714285,6,6,ACTTAAGCGGCCTGGCCAAG,0,4728927
ybiY_ybiW_predicted,0.14285714285714285,6,6,ACTGACAAATCCTTTCAGTA,0,4711979
ybiY_ybiW_predicted,0.14285714285714285,6,6,ACTCAGATCCGACGCACGAT,0,4695581
ybiY_ybiW_predicted,0.14285714285714285,6,6,ACTCAGACCGTAACTAGAGA,0,4709498
ybiY_ybiW_predicted,0.14285714285714285,6,6,ACTATGTACTAGATGTCCTA,0,4729276
ybiY_ybiW_predicted,0.14285714285714285,6,6,ACTAGGAAGCCCGTCGCACA,0,4727004
ybiY_ybiW_predicted,0.14285714285714285,6,6,ACGTGAGTCCGTCGTAGCTT,0,4719620
ybiY_ybiW_predicted,0.14285714285714285,6,6,ACGTATTAGAGGTGGGAATA,0,4696591
ybiY_ybiW_predicted,0.14285714285714285,6,6,ACGGATGCCTTAGGAATAGC,0,4716575
ybiY_ybiW_predicted,0.14285714285714285,6,6,ACGCGTTAATATACAGGATA,0,4706321
ybiY_ybiW_predicted,0.14285714285714285,6,6,ACGCGTGGTGCGTGCGAACC,0,4690814
ybiY_ybiW_predicted,0.14285714285714285,6,6,ACGCGTCTTTACGACGCTCA,0,4713511
ybiY_ybiW_predicted,0.14285714285714285,6,6,ACGCCTAAGGTGTCCTGGCG,0,4691018
ybiY_ybiW_predicted,0.14285714285714285,6,6,ACGCAATAACCTCGCTACAA,0,4726660
ybiY_ybiW_predicted,0.14285714285714285,6,6,ACGATACGCCACAGAGATCG,0,4717781
ybiY_ybiW_predicted,0.14285714285714285,6,6,ACGACTCCCGTCCCCAGGCA,0,4717970
ybiY_ybiW_predicted,0.14285714285714285,6,6,ACGACGAGGAGTTGATTGAA,0,4725999
ybiY_ybiW_predicted,0.14285714285714285,6,6,ACGAATCGCGAATATGTTAC,0,4728365
ybiY_ybiW_predicted,0.14285714285714285,6,6,ACGAAATCCGTGCCAGACAA,0,4711741
ybiY_ybiW_predicted,0.14285714285714285,6,6,ACCTACTAGACAAGATGCCA,0,4709293
ybiY_ybiW_predicted,0.14285714285714285,6,6,ACCAGTCACTATTCCCAGTT,0,4711049
ybiY_ybiW_predicted,0.14285714285714285,6,6,ACCACACGCCGAGCGTATTC,0,4690889
ybiY_ybiW_predicted,0.14285714285714285,6,6,ACCAATACTACGTTCCTTGA,0,4692661
ybiY_ybiW_predicted,0.14285714285714285,6,6,ACATGGCAAAGTCAACCGTA,0,4711044
ybiY_ybiW_predicted,0.14285714285714285,6,6,ACATGACGGGGCATGAACCG,0,4712578
ybiY_ybiW_predicted,0.14285714285714285,6,6,ACATCTACCGGCCCCATCAA,0,4721952
ybiY_ybiW_predicted,0.14285714285714285,6,6,ACAGTGCTGGATGAGGCGGT,0,4698871
ybiY_ybiW_predicted,0.14285714285714285,6,6,ACAGGCGAGGTATTACAGAG,0,4716258
ybiY_ybiW_predicted,0.14285714285714285,6,6,ACAGCGCAATCGCCTGTCGG,0,4692012
ybiY_ybiW_predicted,0.14285714285714285,6,6,ACAATTGGTACAATCGCCTT,0,4719706
ybiY_ybiW_predicted,0.14285714285714285,6,6,ACAATGCGTCAACGGAGGCC,0,4707425
ybiY_ybiW_predicted,0.14285714285714285,6,6,ACAAGGGAAACAAAGTGGCT,0,4689672
ybiY_ybiW_predicted,0.14285714285714285,6,6,AATTGTCATTTGCGGCAAAA,0,4730265
ybiY_ybiW_predicted,0.14285714285714285,6,6,AATTCTTGGTAGCCACTGCT,0,4714945
ybiY_ybiW_predicted,0.14285714285714285,6,6,AATTATAGACACAGCTACTC,0,4691337
ybiY_ybiW_predicted,0.14285714285714285,6,6,AATGTCATAAGCGTAACATG,0,4717714
ybiY_ybiW_predicted,0.14285714285714285,6,6,AATGCCTCTGAGGTTTCAAG,0,4730583
ybiY_ybiW_predicted,0.14285714285714285,6,6,AATGATTACTTAGCTGGATC,0,4698314
ybiY_ybiW_predicted,0.14285714285714285,6,6,AATCAGCGTTGGTTTATACG,0,4710663
ybiY_ybiW_predicted,0.14285714285714285,6,6,AATATGTTATGCGCGCAACG,0,4706178
ybiY_ybiW_predicted,0.14285714285714285,6,6,AAGTTCATGACTTACTTTGC,0,4708106
ybiY_ybiW_predicted,0.14285714285714285,6,6,AAGTGGACTCTATGTCAGCA,0,4704023
ybiY_ybiW_predicted,0.14285714285714285,6,6,AAGTATCGGGTTTGATACTT,0,4718075
ybiY_ybiW_predicted,0.14285714285714285,6,6,AAGGTTAGTACAGAAAGTTA,0,4724927
ybiY_ybiW_predicted,0.14285714285714285,6,6,AAGGCTTGGAAGGTAAGAAC,0,4695382
ybiY_ybiW_predicted,0.14285714285714285,6,6,AAGGAAGAACCAAGACATCA,0,4712680
ybiY_ybiW_predicted,0.14285714285714285,6,6,AAGGAACATCCAGTTGGTAA,0,4727392
ybiY_ybiW_predicted,0.14285714285714285,6,6,AAGCGTATTGTCGCTGGGCA,0,4702537
ybiY_ybiW_predicted,0.14285714285714285,6,6,AAGCGGCAGCATGATTGGGC,0,4712423
ybiY_ybiW_predicted,0.14285714285714285,6,6,AAGCCTTGGAGATGCTCTGT,0,4704043
ybiY_ybiW_predicted,0.14285714285714285,6,6,AAGCCACACTTTCGGGGGCC,0,4699929
ybiY_ybiW_predicted,0.14285714285714285,6,6,AAGAGACACTCGAGGAACTC,0,4714471
ybiY_ybiW_predicted,0.14285714285714285,6,6,AAGACCTGGGTCCTACCCAA,0,4694426
ybiY_ybiW_predicted,0.14285714285714285,6,6,AACTTAACCGAGAAGCACAC,0,4701314
ybiY_ybiW_predicted,0.14285714285714285,6,6,AACTATAAATTAGTATGCGG,0,4712424
ybiY_ybiW_predicted,0.14285714285714285,6,6,AACGTCCACCTTGACTGGAA,0,4717516
ybiY_ybiW_predicted,0.14285714285714285,6,6,AACGCCGCAAAGTCGAACAA,0,4728870
ybiY_ybiW_predicted,0.14285714285714285,6,6,AACGAGGGAACGGCCTAGCA,0,4722447
ybiY_ybiW_predicted,0.14285714285714285,6,6,AACCTACTAGGAATGCACGG,0,4726143
ybiY_ybiW_predicted,0.14285714285714285,6,6,AACCCCGGTTGGCAGGTACA,0,4714792
ybiY_ybiW_predicted,0.14285714285714285,6,6,AACATTGGGTGACGGTACGA,0,4729000
ybiY_ybiW_predicted,0.14285714285714285,6,6,AACATAGTCGGCACGCAAAG,0,4728593
ybiY_ybiW_predicted,0.14285714285714285,6,6,AACAGTAAGGAATTACAAAG,0,4704047
ybiY_ybiW_predicted,0.14285714285714285,6,6,AACAATTCCTTGACTTACCT,0,4712332
ybiY_ybiW_predicted,0.14285714285714285,6,6,AAATTGGCGGAAATCCGGCG,0,4706443
ybiY_ybiW_predicted,0.14285714285714285,6,6,AAATTAGGACGTCGGTTTGA,0,4689641
ybiY_ybiW_predicted,0.14285714285714285,6,6,AAATAATAAGCCCACCGCTA,0,4693318
ybiY_ybiW_predicted,0.14285714285714285,6,6,AAAGGGGCGTCAGCGAGAAC,0,4701543
ybiY_ybiW_predicted,0.14285714285714285,6,6,AAAGCCTGTACATTAAAGTT,0,4708463
ybiY_ybiW_predicted,0.14285714285714285,6,6,AAACGAGAGCCTTGCATTCG,0,4691260
ybiY_ybiW_predicted,0.14285714285714285,6,6,AAACCTGCCCCTTTACGTTC,0,4715337
ybiY_ybiW_predicted,0.14285714285714285,6,6,AAACCGTCCTCTTAGGAGGC,0,4729750
ybiY_ybiW_predicted,0.14285714285714285,6,6,AAACCCGTGCCGTCAGCCGA,0,4719745
ybiY_ybiW_predicted,0.14285714285714285,6,6,AAAATGGGGTAGGTCCAGGC,0,4696779
ybiY_ybiW_predicted,0.14285714285714285,6,6,AAAATAATCTGCTGGTAGCG,0,4688813
ybiY_ybiW_predicted,0.14285714285714285,6,6,AAAAGGTACAAGCCGATCGA,0,4702878
ybiY_ybiW_predicted,0.16666666666666666,5,5,TTTTCTCCTGCCTATCGATA,0,4711917
ybiY_ybiW_predicted,0.16666666666666666,5,5,TTTTATGAGGCCGAGCCTCA,0,4703000
ybiY_ybiW_predicted,0.16666666666666666,5,5,TTTTAGATGTCCTGTCAAGT,0,4725491
ybiY_ybiW_predicted,0.16666666666666666,5,5,TTTTAGAGCCTGGATAAAAG,0,4730610
ybiY_ybiW_predicted,0.16666666666666666,5,5,TTTTAACACTGTTTTTTTCG,0,4724139
ybiY_ybiW_predicted,0.16666666666666666,5,5,TTTGTATCTTCTGAAATAAT,0,4701563
ybiY_ybiW_predicted,0.16666666666666666,5,5,TTTGCGGCTTAGAAGAGATT,0,4705398
ybiY_ybiW_predicted,0.16666666666666666,5,5,TTTATCGTTCGGTTAGCCAT,0,4710056
ybiY_ybiW_predicted,0.16666666666666666,5,5,TTTATCCATTTGAACGCTGT,0,4723710
ybiY_ybiW_predicted,0.16666666666666666,5,5,TTTAGCAATTGACCGTGAAT,0,4707930
ybiY_ybiW_predicted,0.16666666666666666,5,5,TTTACGGGGTACCTGCGCTA,0,4699330
ybiY_ybiW_predicted,0.16666666666666666,5,5,TTTACATCACTGCAACCTCA,0,4704731
ybiY_ybiW_predicted,0.16666666666666666,5,5,TTTAATTATGTTCCTCGACT,0,4719176
ybiY_ybiW_predicted,0.16666666666666666,5,5,TTTAACGTTCCACTGAAAGA,0,4716743
ybiY_ybiW_predicted,0.16666666666666666,5,5,TTGTGCTTTACCAATCATGT,0,4697667
ybiY_ybiW_predicted,0.16666666666666666,5,5,TTGGGCTCGGCATAGGATCA,0,4695355
ybiY_ybiW_predicted,0.16666666666666666,5,5,TTGGAGCGAGTTGCTGGCAA,0,4698971
ybiY_ybiW_predicted,0.16666666666666666,5,5,TTGCTTGTGATGCACGCGAT,0,4695443
ybiY_ybiW_predicted,0.16666666666666666,5,5,TTGCTAACCTTGGGGTAGGT,0,4727232
ybiY_ybiW_predicted,0.16666666666666666,5,5,TTGCGGATCGTTGGGGGCAA,0,4689340
ybiY_ybiW_predicted,0.16666666666666666,5,5,TTGCGACTGTTTCATAGTAC,0,4718958
ybiY_ybiW_predicted,0.16666666666666666,5,5,TTGCCGCCCTAGTGGTTTCA,0,4720169
ybiY_ybiW_predicted,0.16666666666666666,5,5,TTGCCGCCAACAGCAGTGCA,0,4729680
ybiY_ybiW_predicted,0.16666666666666666,5,5,TTGCAGAGGGTAAGAAAGGG,0,4727056
ybiY_ybiW_predicted,0.16666666666666666,5,5,TTGAGTTCTACGATAGGGTT,0,4720865
ybiY_ybiW_predicted,0.16666666666666666,5,5,TTGAGCGCTGCGGCCGTGAA,0,4690447
ybiY_ybiW_predicted,0.16666666666666666,5,5,TTGAGATCGAACGTATGTTA,0,4724740
ybiY_ybiW_predicted,0.16666666666666666,5,5,TTGAGACTTTGTGAATCAAA,0,4727084
ybiY_ybiW_predicted,0.16666666666666666,5,5,TTGAACGGCGGGTCTAACCA,0,4694045
ybiY_ybiW_predicted,0.16666666666666666,5,5,TTCTGTAAGGGGGCACCTGG,0,4708989
ybiY_ybiW_predicted,0.16666666666666666,5,5,TTCTGCTTCTTAATCACGTT,0,4702318
ybiY_ybiW_predicted,0.16666666666666666,5,5,TTCTCTCTTCGGGTTTGGGC,0,4705396
ybiY_ybiW_predicted,0.16666666666666666,5,5,TTCTAAATCTCGTAGTGGTT,0,4709676
ybiY_ybiW_predicted,0.16666666666666666,5,5,TTCGCCGCCAGTGCGGCACG,0,4727909
ybiY_ybiW_predicted,0.16666666666666666,5,5,TTCCTTCACGCAGCCGGGAG,0,4705637
ybiY_ybiW_predicted,0.16666666666666666,5,5,TTCCCGCTATGGTCAGTCAT,0,4715667
ybiY_ybiW_predicted,0.16666666666666666,5,5,TTCAGCGACGCCCTGGCTTT,0,4711959
ybiY_ybiW_predicted,0.16666666666666666,5,5,TTATAATATAGCTGTATGTG,0,4728820
ybiY_ybiW_predicted,0.16666666666666666,5,5,TTAGTCGCTTTCGCACGGGA,0,4714149
ybiY_ybiW_predicted,0.16666666666666666,5,5,TTAGCCAGTGTTTCCTGCAG,0,4718212
ybiY_ybiW_predicted,0.16666666666666666,5,5,TTAGAATCTTTGTTGTTGAC,0,4701423
ybiY_ybiW_predicted,0.16666666666666666,5,5,TTACTCCAACAAAAGCTCTC,0,4701550
ybiY_ybiW_predicted,0.16666666666666666,5,5,TTACGTTGGTGTCCGACGGA,0,4697386
ybiY_ybiW_predicted,0.16666666666666666,5,5,TTACGTTACCCTAGGAATTA,0,4725829
ybiY_ybiW_predicted,0.16666666666666666,5,5,TTACCAGAGGTTTCGGCAGC,0,4691706
ybiY_ybiW_predicted,0.16666666666666666,5,5,TTAAAGCGACTCGCCTCGGC,0,4700068
ybiY_ybiW_predicted,0.16666666666666666,5,5,TGTTCGAGATCAGAGAATAT,0,4704273
ybiY_ybiW_predicted,0.16666666666666666,5,5,TGTTCATATAAAGCAGAAGG,0,4694719
ybiY_ybiW_predicted,0.16666666666666666,5,5,TGTGTATTGTGATACGCGTA,0,4727594
ybiY_ybiW_predicted,0.16666666666666666,5,5,TGTGCGAGTTTAGCCTATAA,0,4695629
ybiY_ybiW_predicted,0.16666666666666666,5,5,TGTGATCGTTAGCAAACTTA,0,4718183
ybiY_ybiW_predicted,0.16666666666666666,5,5,TGTCTTTTACGCAAGTACAA,0,4702564
ybiY_ybiW_predicted,0.16666666666666666,5,5,TGTCGTAATGGAGAGGACTA,0,4696061
ybiY_ybiW_predicted,0.16666666666666666,5,5,TGTCCACAGGGCCTGAGTTA,0,4712406
ybiY_ybiW_predicted,0.16666666666666666,5,5,TGTACCCCCAGATTTATAGA,0,4698956
ybiY_ybiW_predicted,0.16666666666666666,5,5,TGGTCGCGCTGTGATTGACA,0,4728985
ybiY_ybiW_predicted,0.16666666666666666,5,5,TGGTACGACTCCCTTTAGGT,0,4694750
ybiY_ybiW_predicted,0.16666666666666666,5,5,TGGGGTGAGGTGTAAGCAGA,0,4713754
ybiY_ybiW_predicted,0.16666666666666666,5,5,TGGGAGATTTGCACAGGCGC,0,4706709
ybiY_ybiW_predicted,0.16666666666666666,5,5,TGGCGCATATCGGGGGTGTT,0,4715068
ybiY_ybiW_predicted,0.16666666666666666,5,5,TGGCAACGGGGCGTGGGATA,0,4712590
ybiY_ybiW_predicted,0.16666666666666666,5,5,TGGCAAAAGGCTATACAGGT,0,4726341
ybiY_ybiW_predicted,0.16666666666666666,5,5,TGGATCACCGAAAAATCGCA,0,4707064
ybiY_ybiW_predicted,0.16666666666666666,5,5,TGGAGTCGGGATTAGAGATA,0,4731281
ybiY_ybiW_predicted,0.16666666666666666,5,5,TGGACAACGTGGTTGTTCCC,0,4714681
ybiY_ybiW_predicted,0.16666666666666666,5,5,TGGAAAAGGGGTCTATGTAT,0,4709790
ybiY_ybiW_predicted,0.16666666666666666,5,5,TGCTTTACTTGCGTTCTAGA,0,4717843
ybiY_ybiW_predicted,0.16666666666666666,5,5,TGCTGCGAGCGGCAGAAGCG,0,4713994
ybiY_ybiW_predicted,0.16666666666666666,5,5,TGCTAGGTTTAGGCTTTTAA,0,4730008
ybiY_ybiW_predicted,0.16666666666666666,5,5,TGCGTTTCGTAGGTATATCG,0,4712932
ybiY_ybiW_predicted,0.16666666666666666,5,5,TGCGTATTTCGAGTTTTAAA,0,4709911
ybiY_ybiW_predicted,0.16666666666666666,5,5,TGCGCACCGTTCTGGAATTA,0,4726147
ybiY_ybiW_predicted,0.16666666666666666,5,5,TGCGAAGGGACAACGATCAA,0,4717688
ybiY_ybiW_predicted,0.16666666666666666,5,5,TGCCTTCATGGGTTTCGTTG,0,4727608
ybiY_ybiW_predicted,0.16666666666666666,5,5,TGCCGGGATCGGACATCGTT,0,4709094
ybiY_ybiW_predicted,0.16666666666666666,5,5,TGCCATGTCGCTTTGCTATC,0,4697056
ybiY_ybiW_predicted,0.16666666666666666,5,5,TGCCACAGGCGTAGTTTCCA,0,4729337
ybiY_ybiW_predicted,0.16666666666666666,5,5,TGCAGTGGCGCTGGTCAACG,0,4706159
ybiY_ybiW_predicted,0.16666666666666666,5,5,TGCAACCAGCTTGCGGGGTG,0,4699455
ybiY_ybiW_predicted,0.16666666666666666,5,5,TGATTTTTGGTCTGAGGAAC,0,4710658
ybiY_ybiW_predicted,0.16666666666666666,5,5,TGATACGTCCGGCTCTCAGT,0,4696181
ybiY_ybiW_predicted,0.16666666666666666,5,5,TGATACCGGGCCTAATTCCT,0,4690195
ybiY_ybiW_predicted,0.16666666666666666,5,5,TGAGTGGCATGTGTGGTATC,0,4699613
ybiY_ybiW_predicted,0.16666666666666666,5,5,TGAGACGCCAAGTATACCGA,0,4703836
ybiY_ybiW_predicted,0.16666666666666666,5,5,TGACTTAATCACGGCGTGGG,0,4703372
ybiY_ybiW_predicted,0.16666666666666666,5,5,TGACTGCTGCGTCCCTGCTA,0,4702608
ybiY_ybiW_predicted,0.16666666666666666,5,5,TGACTCCTAGATCGGATGAC,0,4732268
ybiY_ybiW_predicted,0.16666666666666666,5,5,TGACGCGATATCTGTATTTG,0,4700881
ybiY_ybiW_predicted,0.16666666666666666,5,5,TCTTTTACGTCTTAAAAGTT,0,4712744
ybiY_ybiW_predicted,0.16666666666666666,5,5,TCTTTGCCAATCGATATGTA,0,4688778
ybiY_ybiW_predicted,0.16666666666666666,5,5,TCTTGCTATTTCTAACTCTG,0,4723908
ybiY_ybiW_predicted,0.16666666666666666,5,5,TCTGTCCGCTACGCGTGGTA,0,4728924
ybiY_ybiW_predicted,0.16666666666666666,5,5,TCTGGAACGGGGTCATTAGC,0,4710630
ybiY_ybiW_predicted,0.16666666666666666,5,5,TCTGAGTAGTAGAGTAGCGC,0,4715887
ybiY_ybiW_predicted,0.16666666666666666,5,5,TCTGAGTAAATTCAAGTAAA,0,4707734
ybiY_ybiW_predicted,0.16666666666666666,5,5,TCTGAAATATTCACACACTT,0,4691752
ybiY_ybiW_predicted,0.16666666666666666,5,5,TCTCTCACCGGCTGGTTTCC,0,4707161
ybiY_ybiW_predicted,0.16666666666666666,5,5,TCTCTATTGGATCGGTTCCT,0,4725550
ybiY_ybiW_predicted,0.16666666666666666,5,5,TCGTCTGGAGTAAGTCAGTG,0,4718824
ybiY_ybiW_predicted,0.16666666666666666,5,5,TCGTCGCTGGTCCGCGGAGG,0,4728547
ybiY_ybiW_predicted,0.16666666666666666,5,5,TCGTAATCGCACGCGCACGC,0,4688660
ybiY_ybiW_predicted,0.16666666666666666,5,5,TCGGGCATATTCAACATATT,0,4700242
ybiY_ybiW_predicted,0.16666666666666666,5,5,TCGCCCCTCCACGAGGATGC,0,4725982
ybiY_ybiW_predicted,0.16666666666666666,5,5,TCGCATCCAGCTCAGCGCAT,0,4705510
ybiY_ybiW_predicted,0.16666666666666666,5,5,TCGCACCTCACCAGTCCTGG,0,4722198
ybiY_ybiW_predicted,0.16666666666666666,5,5,TCGAGAAAGAGTAACTCACA,0,4718738
ybiY_ybiW_predicted,0.16666666666666666,5,5,TCGACTGATTATCTTATTAA,0,4698925
ybiY_ybiW_predicted,0.16666666666666666,5,5,TCCTTAGGGCGAGGACGTGG,0,4701303
ybiY_ybiW_predicted,0.16666666666666666,5,5,TCCTTACTTGAAGCGGAGCA,0,4729320
ybiY_ybiW_predicted,0.16666666666666666,5,5,TCCTCGTCATAGGGACGGAC,0,4716172
ybiY_ybiW_predicted,0.16666666666666666,5,5,TCCTATCCATTCCAAGTTTC,0,4694315
ybiY_ybiW_predicted,0.16666666666666666,5,5,TCCGGTTCTTAGTCCCATCG,0,4707142
ybiY_ybiW_predicted,0.16666666666666666,5,5,TCCGGCCGGAGAGTCAGCCA,0,4696972
ybiY_ybiW_predicted,0.16666666666666666,5,5,TCCGCAGTGTGCTACTCCTT,0,4704938
ybiY_ybiW_predicted,0.16666666666666666,5,5,TCCCAGATCCTCTTGGATCT,0,4689299
ybiY_ybiW_predicted,0.16666666666666666,5,5,TCCATGCTTGGGAGAAGAGT,0,4705677
ybiY_ybiW_predicted,0.16666666666666666,5,5,TCCAGCACGAGCAACCTCTT,0,4705586
ybiY_ybiW_predicted,0.16666666666666666,5,5,TCCACTTACGATGCAATTTC,0,4696377
ybiY_ybiW_predicted,0.16666666666666666,5,5,TCCAATACCGGGCAGCTTAA,0,4694739
ybiY_ybiW_predicted,0.16666666666666666,5,5,TCCAAAAGGATTCATCGACA,0,4690524
ybiY_ybiW_predicted,0.16666666666666666,5,5,TCCAAAAGAAGGGGTCGATG,0,4693652
ybiY_ybiW_predicted,0.16666666666666666,5,5,TCATTGATTGGTTTATGGTT,0,4694349
ybiY_ybiW_predicted,0.16666666666666666,5,5,TCATCTCACCCCCCACACGA,0,4723102
ybiY_ybiW_predicted,0.16666666666666666,5,5,TCATATGATAGACGTTCACG,0,4725884
ybiY_ybiW_predicted,0.16666666666666666,5,5,TCATACAGGATGAGAGAGTG,0,4726839
ybiY_ybiW_predicted,0.16666666666666666,5,5,TCAGTCGGCCGAATTGCCAT,0,4705502
ybiY_ybiW_predicted,0.16666666666666666,5,5,TCAGTACGAGCTGAGCAACA,0,4729073
ybiY_ybiW_predicted,0.16666666666666666,5,5,TCAGGTTTTTATTAATTTAT,0,4692916
ybiY_ybiW_predicted,0.16666666666666666,5,5,TCAGCCGTGTGCGGGAGGCT,0,4706830
ybiY_ybiW_predicted,0.16666666666666666,5,5,TCAGAGGCTAAATACGCGCG,0,4696819
ybiY_ybiW_predicted,0.16666666666666666,5,5,TCAGAATTGATCGTGAGCCC,0,4714150
ybiY_ybiW_predicted,0.16666666666666666,5,5,TCACTGAGTACGGGTCAGCC,0,4697302
ybiY_ybiW_predicted,0.16666666666666666,5,5,TCACGTAGACCCAACATTGA,0,4689421
ybiY_ybiW_predicted,0.16666666666666666,5,5,TCACGGACCTGAAGCTAAGT,0,4709374
ybiY_ybiW_predicted,0.16666666666666666,5,5,TCACGCGACGGCGTCCAACC,0,4692067
ybiY_ybiW_predicted,0.16666666666666666,5,5,TCACCAGTTTGACACGTTAT,0,4717225
ybiY_ybiW_predicted,0.16666666666666666,5,5,TCAATGGTTTATACCTGACA,0,4693475
ybiY_ybiW_predicted,0.16666666666666666,5,5,TCAATGCTGGCTGATCTAGT,0,4710827
ybiY_ybiW_predicted,0.16666666666666666,5,5,TCAACGCTAGGCTAGGCTAG,0,4697689
ybiY_ybiW_predicted,0.16666666666666666,5,5,TCAAATCACGCGTCTTGCAA,0,4719950
ybiY_ybiW_predicted,0.16666666666666666,5,5,TATTTTGACCCATCAGGGGG,0,4708805
ybiY_ybiW_predicted,0.16666666666666666,5,5,TATTGTTCTACACACGGTGG,0,4688760
ybiY_ybiW_predicted,0.16666666666666666,5,5,TATTGCCGAGATCCCGCGAG,0,4694528
ybiY_ybiW_predicted,0.16666666666666666,5,5,TATCTAAACCCACGACCTCA,0,4729834
ybiY_ybiW_predicted,0.16666666666666666,5,5,TATCGAACCTGCGCGCCTGG,0,4701128
ybiY_ybiW_predicted,0.16666666666666666,5,5,TATCAAGAGTGCGAACGGGT,0,4708608
ybiY_ybiW_predicted,0.16666666666666666,5,5,TATCAACAGTACTCATCAAA,0,4722391
ybiY_ybiW_predicted,0.16666666666666666,5,5,TATAGTGTGCTTACGCGAGC,0,4721667
ybiY_ybiW_predicted,0.16666666666666666,5,5,TATAGCGGAGAAGCCAATGA,0,4725850
ybiY_ybiW_predicted,0.16666666666666666,5,5,TATAGCCTGCTTCAACTGCG,0,4710263
ybiY_ybiW_predicted,0.16666666666666666,5,5,TATACCGCGCCCCGCTCGAA,0,4728250
ybiY_ybiW_predicted,0.16666666666666666,5,5,TAGGTTTCGGTACTCTAGTT,0,4708712
ybiY_ybiW_predicted,0.16666666666666666,5,5,TAGGTCGGCCCGTGCGAACG,0,4691283
ybiY_ybiW_predicted,0.16666666666666666,5,5,TAGGCTCGGAGACGGCAGTA,0,4726519
ybiY_ybiW_predicted,0.16666666666666666,5,5,TAGGCCCGGGCTAACTGGGT,0,4702350
ybiY_ybiW_predicted,0.16666666666666666,5,5,TAGGAACATTGTATAGATTA,0,4712786
ybiY_ybiW_predicted,0.16666666666666666,5,5,TAGCTGCCACGGTCGATGCG,0,4692489
ybiY_ybiW_predicted,0.16666666666666666,5,5,TAGCGGTGTTCAGGTCCGTA,0,4688658
ybiY_ybiW_predicted,0.16666666666666666,5,5,TACTAGGGCAGGCTTGCATG,0,4727713
ybiY_ybiW_predicted,0.16666666666666666,5,5,TACGTCGGATATGGTCACTG,0,4714702
ybiY_ybiW_predicted,0.16666666666666666,5,5,TACCCCGTACTCGTGCGGGT,0,4726667
ybiY_ybiW_predicted,0.16666666666666666,5,5,TACCAGGCAATCCATGCTGC,0,4709667
ybiY_ybiW_predicted,0.16666666666666666,5,5,TACACCAGCCAGAGCGGCCA,0,4701986
ybiY_ybiW_predicted,0.16666666666666666,5,5,TACAACGTAGTTTTTTGCGA,0,4714382
ybiY_ybiW_predicted,0.16666666666666666,5,5,TAATATATGACGTGTCAGCG,0,4729755
ybiY_ybiW_predicted,0.16666666666666666,5,5,TAAGCATCAGATTAATTATA,0,4706262
ybiY_ybiW_predicted,0.16666666666666666,5,5,TAAGCATACCACCACCACGT,0,4702882
ybiY_ybiW_predicted,0.16666666666666666,5,5,TAAATGTAAGGCGAGCCAAC,0,4691844
ybiY_ybiW_predicted,0.16666666666666666,5,5,TAAAGTTTGCGCTAACAATC,0,4724089
ybiY_ybiW_predicted,0.16666666666666666,5,5,TAAAGTCAATAACGCGGCAG,0,4717107
ybiY_ybiW_predicted,0.16666666666666666,5,5,TAAACAGTTGTCAAGCCCCC,0,4693587
ybiY_ybiW_predicted,0.16666666666666666,5,5,GTTTCATAGAAATACGGCAT,0,4725393
ybiY_ybiW_predicted,0.16666666666666666,5,5,GTTGTGCTAATAGCCATTTG,0,4695485
ybiY_ybiW_predicted,0.16666666666666666,5,5,GTTGTCGCCCGCTGAGGAGT,0,4705617
ybiY_ybiW_predicted,0.16666666666666666,5,5,GTTGACGGCTGCAATCGTAT,0,4715699
ybiY_ybiW_predicted,0.16666666666666666,5,5,GTTCTTATAGGTGGACAGTT,0,4718479
ybiY_ybiW_predicted,0.16666666666666666,5,5,GTTCGGGCTCGAAACATCAT,0,4714742
ybiY_ybiW_predicted,0.16666666666666666,5,5,GTTCGCGCTATGTTGGTTAA,0,4704641
ybiY_ybiW_predicted,0.16666666666666666,5,5,GTTCGCAACTTCGGACCAGT,0,4725520
ybiY_ybiW_predicted,0.16666666666666666,5,5,GTTCCCCCAAACCAATATAG,0,4711280
ybiY_ybiW_predicted,0.16666666666666666,5,5,GTGTATTACAGCCGACATGA,0,4725067
ybiY_ybiW_predicted,0.16666666666666666,5,5,GTGTATAAGGGACTGCCACC,0,4720045
ybiY_ybiW_predicted,0.16666666666666666,5,5,GTGGTTAATCGTCGGGTAGG,0,4697938
ybiY_ybiW_predicted,0.16666666666666666,5,5,GTGGGTCGCCAGACATGCCG,0,4704983
ybiY_ybiW_predicted,0.16666666666666666,5,5,GTGGGGCCAATTTTCACTGA,0,4726513
ybiY_ybiW_predicted,0.16666666666666666,5,5,GTGGGCAGTCTTTATTTTAT,0,4730741
ybiY_ybiW_predicted,0.16666666666666666,5,5,GTGGCCGTGCGTGGGAACAG,0,4690096
ybiY_ybiW_predicted,0.16666666666666666,5,5,GTGCTGATCAATCTTGACAC,0,4732594
ybiY_ybiW_predicted,0.16666666666666666,5,5,GTGCCCATGAGGTGAACGCC,0,4717763
ybiY_ybiW_predicted,0.16666666666666666,5,5,GTGCAGGTGACAAGGTGGGT,0,4696945
ybiY_ybiW_predicted,0.16666666666666666,5,5,GTGATGCCTCTCCGGGTGTG,0,4723181
ybiY_ybiW_predicted,0.16666666666666666,5,5,GTGATCACATAAAGCAGTAC,0,4724267
ybiY_ybiW_predicted,0.16666666666666666,5,5,GTCTGGTAGTGGCTCCTGGA,0,4697020
ybiY_ybiW_predicted,0.16666666666666666,5,5,GTCTCGGCAGCGCATCATCG,0,4725057
ybiY_ybiW_predicted,0.16666666666666666,5,5,GTCTAGGGGCGGGAGCCTCG,0,4690482
ybiY_ybiW_predicted,0.16666666666666666,5,5,GTCTAGAGAAATATATTTTA,0,4711513
ybiY_ybiW_predicted,0.16666666666666666,5,5,GTCGTGAAGATACAAAACCT,0,4709817
ybiY_ybiW_predicted,0.16666666666666666,5,5,GTCGTAAAGAATCTTAGACG,0,4719665
ybiY_ybiW_predicted,0.16666666666666666,5,5,GTCGCTGCAGACCGCAGTAC,0,4697124
ybiY_ybiW_predicted,0.16666666666666666,5,5,GTCCTTCAGTTCCCGATTAG,0,4718026
ybiY_ybiW_predicted,0.16666666666666666,5,5,GTCAGCAAGGCTCTGCATAC,0,4725394
ybiY_ybiW_predicted,0.16666666666666666,5,5,GTCAAAGTCTCGGCCCAAGT,0,4723329
ybiY_ybiW_predicted,0.16666666666666666,5,5,GTCAAACGAATGGACGTGCC,0,4727413
ybiY_ybiW_predicted,0.16666666666666666,5,5,GTCAAAAACGCCTACAACTA,0,4732473
ybiY_ybiW_predicted,0.16666666666666666,5,5,GTATGTTCAGAATCGGAAGC,0,4705907
ybiY_ybiW_predicted,0.16666666666666666,5,5,GTATGTGAAGTCAAAGCGTT,0,4721547
ybiY_ybiW_predicted,0.16666666666666666,5,5,GTATCATGCATGGGCCTATT,0,4729140
ybiY_ybiW_predicted,0.16666666666666666,5,5,GTAGCCGGGCTCCTTCAAGG,0,4714883
ybiY_ybiW_predicted,0.16666666666666666,5,5,GTAGAGGGGTTTAGGCGTGA,0,4724848
ybiY_ybiW_predicted,0.16666666666666666,5,5,GTAACGATGCTGTCGATAAG,0,4719467
ybiY_ybiW_predicted,0.16666666666666666,5,5,GGTTACCTGACTGGGTCCTA,0,4730062
ybiY_ybiW_predicted,0.16666666666666666,5,5,GGTGATTATTTCACGCCCGA,0,4731064
ybiY_ybiW_predicted,0.16666666666666666,5,5,GGTGATCCTCAATTTCCAGG,0,4692092
ybiY_ybiW_predicted,0.16666666666666666,5,5,GGTCCAGCGTACTAGACAAT,0,4690249
ybiY_ybiW_predicted,0.16666666666666666,5,5,GGTCATCGGTGCGTCCCTTT,0,4718490
ybiY_ybiW_predicted,0.16666666666666666,5,5,GGTCAAGCCGTCATCCACGT,0,4718363
ybiY_ybiW_predicted,0.16666666666666666,5,5,GGTAGAGGGCTATGGCGGGC,0,4695309
ybiY_ybiW_predicted,0.16666666666666666,5,5,GGTACCAATGAGATGTACCG,0,4690223
ybiY_ybiW_predicted,0.16666666666666666,5,5,GGTAAATCTAGGCAACTAAA,0,4703055
ybiY_ybiW_predicted,0.16666666666666666,5,5,GGGTTTACGTCAAAGAGAAT,0,4722961
ybiY_ybiW_predicted,0.16666666666666666,5,5,GGGTTCAGCTGCTCTCCGAT,0,4702053
ybiY_ybiW_predicted,0.16666666666666666,5,5,GGGTGGGAGAATTACTAAAT,0,4688919
ybiY_ybiW_predicted,0.16666666666666666,5,5,GGGTCGTAGAAAGCATGCCT,0,4706278
ybiY_ybiW_predicted,0.16666666666666666,5,5,GGGTACTTTCTTCCTGCGGA,0,4705152
ybiY_ybiW_predicted,0.16666666666666666,5,5,GGGGTCACGGGCAGCGGCTG,0,4731140
ybiY_ybiW_predicted,0.16666666666666666,5,5,GGGGTACGGACCGTCCGTCG,0,4726300
ybiY_ybiW_predicted,0.16666666666666666,5,5,GGGGCGGGATCCCATTACGC,0,4696782
ybiY_ybiW_predicted,0.16666666666666666,5,5,GGGGATTTAGGCATATTCGT,0,4718650
ybiY_ybiW_predicted,0.16666666666666666,5,5,GGGCTTGCCAGGCTGGGGAC,0,4706466
ybiY_ybiW_predicted,0.16666666666666666,5,5,GGGATTTGAACCAAAGTTAT,0,4708620
ybiY_ybiW_predicted,0.16666666666666666,5,5,GGGATTCCACTAACACATTC,0,4721925
ybiY_ybiW_predicted,0.16666666666666666,5,5,GGGAGGTATCTCTACGGACT,0,4714120
ybiY_ybiW_predicted,0.16666666666666666,5,5,GGGAGCTGATCCTTATCGGA,0,4710662
ybiY_ybiW_predicted,0.16666666666666666,5,5,GGGAACAGATAGCTGTCATT,0,4732468
ybiY_ybiW_predicted,0.16666666666666666,5,5,GGCTGTCGGATTGAAGAACT,0,4710605
ybiY_ybiW_predicted,0.16666666666666666,5,5,GGCTGTAGTGTTTAACTCTT,0,4699058
ybiY_ybiW_predicted,0.16666666666666666,5,5,GGCTCGAGACTTTGATAGTA,0,4723615
ybiY_ybiW_predicted,0.16666666666666666,5,5,GGCGTTCTATTGACTATGGC,0,4698827
ybiY_ybiW_predicted,0.16666666666666666,5,5,GGCGTACGGGCGTCGCATAG,0,4726159
ybiY_ybiW_predicted,0.16666666666666666,5,5,GGCGGAATGTGTAGACTGAC,0,4724172
ybiY_ybiW_predicted,0.16666666666666666,5,5,GGCGCGGAAATTCAGACGGT,0,4715718
ybiY_ybiW_predicted,0.16666666666666666,5,5,GGCGAGTACTGAATGGGAGG,0,4710299
ybiY_ybiW_predicted,0.16666666666666666,5,5,GGCCCATTAAGTTCGTCTAA,0,4689618
ybiY_ybiW_predicted,0.16666666666666666,5,5,GGCATATATGTGGGTCGCGT,0,4694472
ybiY_ybiW_predicted,0.16666666666666666,5,5,GGCAGGTTCATGTGACGATC,0,4729324
ybiY_ybiW_predicted,0.16666666666666666,5,5,GGCACATTAGGGGTGCTGTC,0,4716348
ybiY_ybiW_predicted,0.16666666666666666,5,5,GGCAACCCGAGCGAAGGAAA,0,4726924
ybiY_ybiW_predicted,0.16666666666666666,5,5,GGATGTTAGGTTTTCCAATT,0,4708862
ybiY_ybiW_predicted,0.16666666666666666,5,5,GGATGGAGAAGGGCATGTTA,0,4728260
ybiY_ybiW_predicted,0.16666666666666666,5,5,GGATGACCTACAGCTTCTAC,0,4718610
ybiY_ybiW_predicted,0.16666666666666666,5,5,GGATCTACAACCGCGGAGGT,0,4695331
ybiY_ybiW_predicted,0.16666666666666666,5,5,GGATAATTCGTCTAGCTCCC,0,4722002
ybiY_ybiW_predicted,0.16666666666666666,5,5,GGAGGACAGCTCGTTATCGC,0,4711464
ybiY_ybiW_predicted,0.16666666666666666,5,5,GGAGCCAGCAGACTCTGACT,0,4700169
ybiY_ybiW_predicted,0.16666666666666666,5,5,GGAGAACAAGTCTCGGTTCT,0,4698609
ybiY_ybiW_predicted,0.16666666666666666,5,5,GGACTTATTCGTAGAGTCAA,0,4708969
ybiY_ybiW_predicted,0.16666666666666666,5,5,GGACGAGATTGGGCGGTCCA,0,4701598
ybiY_ybiW_predicted,0.16666666666666666,5,5,GGACGACTAGGGTCTTTGGG,0,4697812
ybiY_ybiW_predicted,0.16666666666666666,5,5,GGACATACTTTGGGCCAGTG,0,4706577
ybiY_ybiW_predicted,0.16666666666666666,5,5,GGAATAATCTCGGCACACGA,0,4695705
ybiY_ybiW_predicted,0.16666666666666666,5,5,GGAAGGGTTTGCCTGAAGTA,0,4730428
ybiY_ybiW_predicted,0.16666666666666666,5,5,GGAAAGACTGGCGTACATTA,0,4726972
ybiY_ybiW_predicted,0.16666666666666666,5,5,GGAAACGATAAAGCGCGGGT,0,4722927
ybiY_ybiW_predicted,0.16666666666666666,5,5,GCTTGCGTGGTATTTTACGT,0,4716873
ybiY_ybiW_predicted,0.16666666666666666,5,5,GCTTGATAAGATATCTTTTT,0,4703177
ybiY_ybiW_predicted,0.16666666666666666,5,5,GCTGTTAGAACCCCGTAAAA,0,4727727
ybiY_ybiW_predicted,0.16666666666666666,5,5,GCTGTACCGGTTAACGAGGA,0,4701721
ybiY_ybiW_predicted,0.16666666666666666,5,5,GCTGCTATTCATGGACCAGG,0,4717561
ybiY_ybiW_predicted,0.16666666666666666,5,5,GCTCTGAATCGATGTTTGTT,0,4722985
ybiY_ybiW_predicted,0.16666666666666666,5,5,GCTATAATCAACTAATGTCA,0,4709610
ybiY_ybiW_predicted,0.16666666666666666,5,5,GCTAACCAGCATATGCCACT,0,4708851
ybiY_ybiW_predicted,0.16666666666666666,5,5,GCGGTTCGCGGCTTCAAAAT,0,4702872
ybiY_ybiW_predicted,0.16666666666666666,5,5,GCGGCATCTGTAAATGGTCA,0,4695374
ybiY_ybiW_predicted,0.16666666666666666,5,5,GCGCTGTAGGTGGTCCATCT,0,4692864
ybiY_ybiW_predicted,0.16666666666666666,5,5,GCGCTAGGATTGGCGTCAAA,0,4710913
ybiY_ybiW_predicted,0.16666666666666666,5,5,GCGCGAACACCCGGAGGAGG,0,4717981
ybiY_ybiW_predicted,0.16666666666666666,5,5,GCGCACCCAACCGTTTTCCT,0,4710333
ybiY_ybiW_predicted,0.16666666666666666,5,5,GCGCAAGTTATTGGTGGATC,0,4690168
ybiY_ybiW_predicted,0.16666666666666666,5,5,GCGATTACGTGTGCGGTAAG,0,4690542
ybiY_ybiW_predicted,0.16666666666666666,5,5,GCGAGGTGACTTGGTACTAC,0,4697408
ybiY_ybiW_predicted,0.16666666666666666,5,5,GCGACCTTATTGGTTCGTCT,0,4697289
ybiY_ybiW_predicted,0.16666666666666666,5,5,GCGACCCGTAAATGCGATTC,0,4695467
ybiY_ybiW_predicted,0.16666666666666666,5,5,GCGACAAAAAGGGAGCGAAA,0,4705438
ybiY_ybiW_predicted,0.16666666666666666,5,5,GCCTATACGGCGTTAGCACT,0,4723321
ybiY_ybiW_predicted,0.16666666666666666,5,5,GCCGTTCAGCTCTACTCTCG,0,4714706
ybiY_ybiW_predicted,0.16666666666666666,5,5,GCCGTTAGTCAGCCGATGTA,0,4698873
ybiY_ybiW_predicted,0.16666666666666666,5,5,GCCGTCAGCGATGCTAATGT,0,4696212
ybiY_ybiW_predicted,0.16666666666666666,5,5,GCCGCAGGTCTTCTTGCTTT,0,4693178
ybiY_ybiW_predicted,0.16666666666666666,5,5,GCCCGCTCGGTTAACCCAAT,0,4710283
ybiY_ybiW_predicted,0.16666666666666666,5,5,GCCCCGAAGTCTATTTCCAC,0,4720354
ybiY_ybiW_predicted,0.16666666666666666,5,5,GCCATGAAAAGCAGCTTTTA,0,4720399
ybiY_ybiW_predicted,0.16666666666666666,5,5,GCCACTTCTGGTATTGAAAT,0,4724839
ybiY_ybiW_predicted,0.16666666666666666,5,5,GCCAAGAGTGTGTATTTCTT,0,4721581
ybiY_ybiW_predicted,0.16666666666666666,5,5,GCCAAATATCAATATCCAGT,0,4708954
ybiY_ybiW_predicted,0.16666666666666666,5,5,GCATTCTAATGTTGAGGAAT,0,4711798
ybiY_ybiW_predicted,0.16666666666666666,5,5,GCATGTGCCTTCATAGTGGT,0,4715508
ybiY_ybiW_predicted,0.16666666666666666,5,5,GCATGGAGGATTGATCGAGT,0,4700909
ybiY_ybiW_predicted,0.16666666666666666,5,5,GCATAGATAATGACCGCTGC,0,4691139
ybiY_ybiW_predicted,0.16666666666666666,5,5,GCAGCGCCGACAAGTGAACA,0,4698065
ybiY_ybiW_predicted,0.16666666666666666,5,5,GCAGATGCTTCTCTCTCAAT,0,4703257
ybiY_ybiW_predicted,0.16666666666666666,5,5,GCACGTCCTGAACTCGGTCA,0,4692779
ybiY_ybiW_predicted,0.16666666666666666,5,5,GCACGGGAGGATGAGATCTA,0,4694645
ybiY_ybiW_predicted,0.16666666666666666,5,5,GCACGCAGTGTCACCATTCC,0,4708244
ybiY_ybiW_predicted,0.16666666666666666,5,5,GCACCTAGACCTACGGATTA,0,4699075
ybiY_ybiW_predicted,0.16666666666666666,5,5,GCACCGCAGGTTGGCTTGGT,0,4702278
ybiY_ybiW_predicted,0.16666666666666666,5,5,GCACCATAGCCCGGGAGGTT,0,4712014
ybiY_ybiW_predicted,0.16666666666666666,5,5,GCACACGGAAAGTGGTCATG,0,4718787
ybiY_ybiW_predicted,0.16666666666666666,5,5,GCAACCCCTCCTCGGGGCGC,0,4694165
ybiY_ybiW_predicted,0.16666666666666666,5,5,GATTTGGGGCGTAGCGGCAG,0,4702445
ybiY_ybiW_predicted,0.16666666666666666,5,5,GATTCCGACTCATCACGGAA,0,4699003
ybiY_ybiW_predicted,0.16666666666666666,5,5,GATTAGAGGGTATGCTGCTA,0,4716985
ybiY_ybiW_predicted,0.16666666666666666,5,5,GATGTCAATACAACTCAACA,0,4720683
ybiY_ybiW_predicted,0.16666666666666666,5,5,GATGATGGATTCTAATGTCG,0,4712882
ybiY_ybiW_predicted,0.16666666666666666,5,5,GATGACTTTGCTTATAGCGA,0,4697499
ybiY_ybiW_predicted,0.16666666666666666,5,5,GATCTTCGTGTTTGGTCATT,0,4713847
ybiY_ybiW_predicted,0.16666666666666666,5,5,GATCCGCATGGCATGGCGGG,0,4703886
ybiY_ybiW_predicted,0.16666666666666666,5,5,GATAGTGTATCCAGATTGGC,0,4689448
ybiY_ybiW_predicted,0.16666666666666666,5,5,GAGTTAAATAGTTCGTTAAT,0,4703770
ybiY_ybiW_predicted,0.16666666666666666,5,5,GAGTCCGCTTGGGCAGTATC,0,4699098
ybiY_ybiW_predicted,0.16666666666666666,5,5,GAGGTTGATTTGTCACAGCC,0,4697209
ybiY_ybiW_predicted,0.16666666666666666,5,5,GAGGTGCAGGGTGAACGTGC,0,4728806
ybiY_ybiW_predicted,0.16666666666666666,5,5,GAGGTGATTCGCACCGCCCC,0,4717121
ybiY_ybiW_predicted,0.16666666666666666,5,5,GAGGGTTCCACGATGCGGGA,0,4713689
ybiY_ybiW_predicted,0.16666666666666666,5,5,GAGGGGCTATCGTGCCAGAC,0,4717646
ybiY_ybiW_predicted,0.16666666666666666,5,5,GAGCTTAACAATTGAATTTA,0,4718134
ybiY_ybiW_predicted,0.16666666666666666,5,5,GAGCCCGAACCGTGGAAGTA,0,4716062
ybiY_ybiW_predicted,0.16666666666666666,5,5,GAGCATCATGGGGGCGGTAA,0,4710866
ybiY_ybiW_predicted,0.16666666666666666,5,5,GAGATCCTTGAAGTTACATC,0,4699179
ybiY_ybiW_predicted,0.16666666666666666,5,5,GAGAGTGCAGGTCTTCTCTA,0,4699758
ybiY_ybiW_predicted,0.16666666666666666,5,5,GAGAGCGTTTTCCCGAACAA,0,4693780
ybiY_ybiW_predicted,0.16666666666666666,5,5,GAGACAAAATGGTCTCAACT,0,4709892
ybiY_ybiW_predicted,0.16666666666666666,5,5,GAGAAAGTCAGGTACGGCAC,0,4723657
ybiY_ybiW_predicted,0.16666666666666666,5,5,GACTCATTGGGGCAAGCCGG,0,4726130
ybiY_ybiW_predicted,0.16666666666666666,5,5,GACGGAACATCGGGATATCA,0,4725159
ybiY_ybiW_predicted,0.16666666666666666,5,5,GACGCTTTCGTGATGTGCAA,0,4700934
ybiY_ybiW_predicted,0.16666666666666666,5,5,GACGAAGGGGCAAACGTAAA,0,4717758
ybiY_ybiW_predicted,0.16666666666666666,5,5,GACCTTTACCGTACTTTTAC,0,4716431
ybiY_ybiW_predicted,0.16666666666666666,5,5,GACCTGGGTAAAGGCAAAAC,0,4695034
ybiY_ybiW_predicted,0.16666666666666666,5,5,GACCCCTTACAACTTTAGGT,0,4718163
ybiY_ybiW_predicted,0.16666666666666666,5,5,GACCCACGCTGACACTGATT,0,4698897
ybiY_ybiW_predicted,0.16666666666666666,5,5,GACCACCTGGTGAAGCCATA,0,4699362
ybiY_ybiW_predicted,0.16666666666666666,5,5,GACATCATTGATGAGACATG,0,4725922
ybiY_ybiW_predicted,0.16666666666666666,5,5,GACAAAATACACCGTTTAGT,0,4714254
ybiY_ybiW_predicted,0.16666666666666666,5,5,GAATCTCAGAACAAAGGTTC,0,4724658
ybiY_ybiW_predicted,0.16666666666666666,5,5,GAATATGCGTATCGCAGCTG,0,4712880
ybiY_ybiW_predicted,0.16666666666666666,5,5,GAATAGGACCACGACTTGAA,0,4714216
ybiY_ybiW_predicted,0.16666666666666666,5,5,GAAGATTTGCCTGCCAGAAG,0,4691194
ybiY_ybiW_predicted,0.16666666666666666,5,5,GAAGAGCAGCAGAATGTCAT,0,4725438
ybiY_ybiW_predicted,0.16666666666666666,5,5,GAACTGCGATGCACGTAGTA,0,4722520
ybiY_ybiW_predicted,0.16666666666666666,5,5,GAACATAAATCTAAGGAAGC,0,4707439
ybiY_ybiW_predicted,0.16666666666666666,5,5,GAACAATGTCACCCAAGTGG,0,4692039
ybiY_ybiW_predicted,0.16666666666666666,5,5,GAAAGTCCAAGCTTCGAATA,0,4705945
ybiY_ybiW_predicted,0.16666666666666666,5,5,GAAAATACTATGCGGCAGTA,0,4721185
ybiY_ybiW_predicted,0.16666666666666666,5,5,CTTTTGGCACGCGCAACAGG,0,4698090
ybiY_ybiW_predicted,0.16666666666666666,5,5,CTTTTCACTGGCAAGTCCCG,0,4727706
ybiY_ybiW_predicted,0.16666666666666666,5,5,CTTTTATCTGCTCTAAGTTC,0,4710534
ybiY_ybiW_predicted,0.16666666666666666,5,5,CTTTCCACACAACCGCAGTA,0,4693803
ybiY_ybiW_predicted,0.16666666666666666,5,5,CTTTCAGTTTAGCGAATAAC,0,4719949
ybiY_ybiW_predicted,0.16666666666666666,5,5,CTTTAGAGGAAACGGTAAGT,0,4717245
ybiY_ybiW_predicted,0.16666666666666666,5,5,CTTTAAGGTCGTCCGCGGGC,0,4707994
ybiY_ybiW_predicted,0.16666666666666666,5,5,CTTGCTTCCAACAAATGAGT,0,4711692
ybiY_ybiW_predicted,0.16666666666666666,5,5,CTTGCAGCGGACTACGCCTA,0,4715541
ybiY_ybiW_predicted,0.16666666666666666,5,5,CTTCTTTACCGTGGGTCGAG,0,4706997
ybiY_ybiW_predicted,0.16666666666666666,5,5,CTTCGTTGGACCCATTTATC,0,4700253
ybiY_ybiW_predicted,0.16666666666666666,5,5,CTTCGGTTAGTAGCAAATGC,0,4730756
ybiY_ybiW_predicted,0.16666666666666666,5,5,CTTCATATACCCCAAGCGAG,0,4703265
ybiY_ybiW_predicted,0.16666666666666666,5,5,CTTATTCCCTCTCTCAACCG,0,4702951
ybiY_ybiW_predicted,0.16666666666666666,5,5,CTTATCAATATAAAAGATTG,0,4709535
ybiY_ybiW_predicted,0.16666666666666666,5,5,CTTAAGGGTGCCTTCCACTC,0,4724085
ybiY_ybiW_predicted,0.16666666666666666,5,5,CTGTTTCGTGATATACCCGA,0,4722268
ybiY_ybiW_predicted,0.16666666666666666,5,5,CTGTCGAAGCTCCCTCCCAA,0,4709538
ybiY_ybiW_predicted,0.16666666666666666,5,5,CTGGTCGTGCACCACGCGCA,0,4722467
ybiY_ybiW_predicted,0.16666666666666666,5,5,CTGGCTACAAATGACTGCCA,0,4710370
ybiY_ybiW_predicted,0.16666666666666666,5,5,CTGGCGAAGTTTATTCACTT,0,4715125
ybiY_ybiW_predicted,0.16666666666666666,5,5,CTGGATGCAGATCCTTGGAC,0,4726739
ybiY_ybiW_predicted,0.16666666666666666,5,5,CTGGAATGGATGACCAGCGA,0,4726242
ybiY_ybiW_predicted,0.16666666666666666,5,5,CTGCGACCATGAGCTGGCTG,0,4715918
ybiY_ybiW_predicted,0.16666666666666666,5,5,CTGATCACGCTTCTCCCTAC,0,4723358
ybiY_ybiW_predicted,0.16666666666666666,5,5,CTGACTCAAACACTGCGTAT,0,4709067
ybiY_ybiW_predicted,0.16666666666666666,5,5,CTGACCACGCGCATCTGGAT,0,4698674
ybiY_ybiW_predicted,0.16666666666666666,5,5,CTGAACGAGTACGGCCTTTC,0,4697831
ybiY_ybiW_predicted,0.16666666666666666,5,5,CTGAAATGAAGTCTCTTGTC,0,4718894
ybiY_ybiW_predicted,0.16666666666666666,5,5,CTCGAATTCAGGGTGCTATC,0,4721311
ybiY_ybiW_predicted,0.16666666666666666,5,5,CTCCGGGGGACTTTGCTTAT,0,4691113
ybiY_ybiW_predicted,0.16666666666666666,5,5,CTCCCGGAAACCCACCAATC,0,4731291
ybiY_ybiW_predicted,0.16666666666666666,5,5,CTCCACAACCCGACCTCAAC,0,4699751
ybiY_ybiW_predicted,0.16666666666666666,5,5,CTCAGCTCTGACACATAGAA,0,4732051
ybiY_ybiW_predicted,0.16666666666666666,5,5,CTCACACTCGTAATACCAGT,0,4729062
ybiY_ybiW_predicted,0.16666666666666666,5,5,CTATTAAAATTGGCGGAGAT,0,4730916
ybiY_ybiW_predicted,0.16666666666666666,5,5,CTATCCAGGAATGTGGGTCT,0,4729581
ybiY_ybiW_predicted,0.16666666666666666,5,5,CTAGTTTATTGTGTCATGGG,0,4728173
ybiY_ybiW_predicted,0.16666666666666666,5,5,CTAGTTCGTCGGGCCGTCCA,0,4689052
ybiY_ybiW_predicted,0.16666666666666666,5,5,CTAGGGAGCTGAATAAATTC,0,4729275
ybiY_ybiW_predicted,0.16666666666666666,5,5,CTAATCAGCTCTTTGCTATA,0,4716655
ybiY_ybiW_predicted,0.16666666666666666,5,5,CGTTTCGGTCCTGCGGTTGA,0,4697113
ybiY_ybiW_predicted,0.16666666666666666,5,5,CGTTGACACCCCGGTGTTGG,0,4723097
ybiY_ybiW_predicted,0.16666666666666666,5,5,CGTTAGATCGCGTTTTTTTG,0,4702387
ybiY_ybiW_predicted,0.16666666666666666,5,5,CGTTACCATGCCAAACGAAT,0,4729347
ybiY_ybiW_predicted,0.16666666666666666,5,5,CGTTAATCACAGCAAAAATG,0,4699488
ybiY_ybiW_predicted,0.16666666666666666,5,5,CGTGCCGCCCAGCCGGGTCC,0,4723077
ybiY_ybiW_predicted,0.16666666666666666,5,5,CGTCTGGCTGCCTTCAGCCG,0,4700675
ybiY_ybiW_predicted,0.16666666666666666,5,5,CGTCGTACATCAATAGACTA,0,4708789
ybiY_ybiW_predicted,0.16666666666666666,5,5,CGTCGCCGCTTTTACGTACA,0,4720298
ybiY_ybiW_predicted,0.16666666666666666,5,5,CGTCCTTTGTGGATTGTGTC,0,4712032
ybiY_ybiW_predicted,0.16666666666666666,5,5,CGTCCTCATCGCTGACCATA,0,4697688
ybiY_ybiW_predicted,0.16666666666666666,5,5,CGTCCACGTCGAAATGTCTC,0,4707973
ybiY_ybiW_predicted,0.16666666666666666,5,5,CGTCAGTACGATCGCGCCAG,0,4708790
ybiY_ybiW_predicted,0.16666666666666666,5,5,CGTATTCTATTTATTAGAGC,0,4696456
ybiY_ybiW_predicted,0.16666666666666666,5,5,CGTACGCGGTTACGGAAATA,0,4714937
ybiY_ybiW_predicted,0.16666666666666666,5,5,CGGTTGCAATTCAGGAACTG,0,4711142
ybiY_ybiW_predicted,0.16666666666666666,5,5,CGGTCGCGTAGAGAATTTCT,0,4697237
ybiY_ybiW_predicted,0.16666666666666666,5,5,CGGTCCTGTCAACCCGGAAT,0,4711078
ybiY_ybiW_predicted,0.16666666666666666,5,5,CGGGTCGATATTGGTCCACG,0,4706639
ybiY_ybiW_predicted,0.16666666666666666,5,5,CGGGTAGCAAACCTGAACAC,0,4712740
ybiY_ybiW_predicted,0.16666666666666666,5,5,CGGGGTTATGCTTTTAGAGC,0,4697422
ybiY_ybiW_predicted,0.16666666666666666,5,5,CGGGGCCGGCTTTCCACAAA,0,4693529
ybiY_ybiW_predicted,0.16666666666666666,5,5,CGGCTATGCCGAGACGTGGC,0,4689350
ybiY_ybiW_predicted,0.16666666666666666,5,5,CGGCCTCCAGCCGTTTTACA,0,4714798
ybiY_ybiW_predicted,0.16666666666666666,5,5,CGGCAGAACGGGATAGTAAC,0,4732790
ybiY_ybiW_predicted,0.16666666666666666,5,5,CGGACTTTGGAGTAGGATGC,0,4692587
ybiY_ybiW_predicted,0.16666666666666666,5,5,CGGACTGAAGCATTAGAACT,0,4703947
ybiY_ybiW_predicted,0.16666666666666666,5,5,CGGAATCTGCGGTTATCTTA,0,4700563
ybiY_ybiW_predicted,0.16666666666666666,5,5,CGGAAATGACTCCTTCGGTC,0,4705367
ybiY_ybiW_predicted,0.16666666666666666,5,5,CGCTTTTCACCACATTTTGG,0,4692537
ybiY_ybiW_predicted,0.16666666666666666,5,5,CGCTGATAACTTCGCGGAGT,0,4712721
ybiY_ybiW_predicted,0.16666666666666666,5,5,CGCGGCGCGGAACCAGCGGT,0,4692526
ybiY_ybiW_predicted,0.16666666666666666,5,5,CGCGCCACAGTGCCATATTA,0,4689992
ybiY_ybiW_predicted,0.16666666666666666,5,5,CGCGCAGGCAGGTACCTCGT,0,4725527
ybiY_ybiW_predicted,0.16666666666666666,5,5,CGCGAGGTTTCTGGCTCATC,0,4729480
ybiY_ybiW_predicted,0.16666666666666666,5,5,CGCCGGACCCTGGTTCAAAG,0,4710691
ybiY_ybiW_predicted,0.16666666666666666,5,5,CGCCGCTGCGACGATAAGAG,0,4717467
ybiY_ybiW_predicted,0.16666666666666666,5,5,CGCCGAGTCTTATGTAGTAT,0,4689701
ybiY_ybiW_predicted,0.16666666666666666,5,5,CGCCCTCGATGCAACTACGT,0,4693364
ybiY_ybiW_predicted,0.16666666666666666,5,5,CGCCAGCTGGGCGTCATGAT,0,4710532
ybiY_ybiW_predicted,0.16666666666666666,5,5,CGCACGAGGGCGATATCGTA,0,4709038
ybiY_ybiW_predicted,0.16666666666666666,5,5,CGCACGAACGATGGCGGGGT,0,4698046
ybiY_ybiW_predicted,0.16666666666666666,5,5,CGCACAAGGGTATAGCTCCT,0,4732154
ybiY_ybiW_predicted,0.16666666666666666,5,5,CGCAAGCGAGAGCGGGGAAT,0,4716679
ybiY_ybiW_predicted,0.16666666666666666,5,5,CGCAACTTACAACCCTTGCT,0,4710187
ybiY_ybiW_predicted,0.16666666666666666,5,5,CGATTCTGCAAACATTTTAG,0,4698265
ybiY_ybiW_predicted,0.16666666666666666,5,5,CGATCTACGCGCCTTCTGTG,0,4728346
ybiY_ybiW_predicted,0.16666666666666666,5,5,CGAGGAGAGGACGATCGTTT,0,4693554
ybiY_ybiW_predicted,0.16666666666666666,5,5,CGAGATGAGTGTTACCTAAT,0,4708461
ybiY_ybiW_predicted,0.16666666666666666,5,5,CGACTGCTGTCCCCTAGACA,0,4708107
ybiY_ybiW_predicted,0.16666666666666666,5,5,CGACGTTTTCGAATGGAGCT,0,4715959
ybiY_ybiW_predicted,0.16666666666666666,5,5,CGACAGCCCAGCGTCATGTG,0,4694271
ybiY_ybiW_predicted,0.16666666666666666,5,5,CGAATGCCCGTTCAAATGAA,0,4689315
ybiY_ybiW_predicted,0.16666666666666666,5,5,CGAATCCGTGGGGGGTCATT,0,4720455
ybiY_ybiW_predicted,0.16666666666666666,5,5,CGAACTGGAAAATTTCGTAT,0,4707628
ybiY_ybiW_predicted,0.16666666666666666,5,5,CGAACGAGAGAGTCATGCGT,0,4707109
ybiY_ybiW_predicted,0.16666666666666666,5,5,CGAACACAATATATAGACAC,0,4711966
ybiY_ybiW_predicted,0.16666666666666666,5,5,CCTTTGTCCACCTTGCCGAG,0,4725847
ybiY_ybiW_predicted,0.16666666666666666,5,5,CCTTGATCCAGTTTACATCA,0,4731057
ybiY_ybiW_predicted,0.16666666666666666,5,5,CCTGGAAATGCAGGATAGCC,0,4707996
ybiY_ybiW_predicted,0.16666666666666666,5,5,CCTCTTTGCAACTCGAACTC,0,4708331
ybiY_ybiW_predicted,0.16666666666666666,5,5,CCTCGTGATGCATTCCGTAT,0,4697723
ybiY_ybiW_predicted,0.16666666666666666,5,5,CCTCAATGGCCATCAGCCGG,0,4732394
ybiY_ybiW_predicted,0.16666666666666666,5,5,CCTATTGTCATGCTCATATA,0,4689060
ybiY_ybiW_predicted,0.16666666666666666,5,5,CCTAGGACGTCTGGGTGACA,0,4694508
ybiY_ybiW_predicted,0.16666666666666666,5,5,CCTAATCTTAAAGAGTACCC,0,4708747
ybiY_ybiW_predicted,0.16666666666666666,5,5,CCTAAAAGGTGCCCTGCTAA,0,4702158
ybiY_ybiW_predicted,0.16666666666666666,5,5,CCGTCGAAACAGGAGGTTCA,0,4701087
ybiY_ybiW_predicted,0.16666666666666666,5,5,CCGGCATAAATTTTCCACCC,0,4711227
ybiY_ybiW_predicted,0.16666666666666666,5,5,CCGGAATCTAACGAAACATT,0,4716731
ybiY_ybiW_predicted,0.16666666666666666,5,5,CCGCGCCGCTGGTAGCGATA,0,4718366
ybiY_ybiW_predicted,0.16666666666666666,5,5,CCGCCTACGGCTACATCGGC,0,4712418
ybiY_ybiW_predicted,0.16666666666666666,5,5,CCGCCTAAACTAACGTGCGC,0,4700247
ybiY_ybiW_predicted,0.16666666666666666,5,5,CCGCAGGCATCCATAATGTG,0,4722678
ybiY_ybiW_predicted,0.16666666666666666,5,5,CCGAGCGAGCTCAACGTGAC,0,4693466
ybiY_ybiW_predicted,0.16666666666666666,5,5,CCGACATTGGTAGCAAAGAT,0,4716019
ybiY_ybiW_predicted,0.16666666666666666,5,5,CCCTTTAGGTGCCGAGGAGA,0,4708341
ybiY_ybiW_predicted,0.16666666666666666,5,5,CCCTTCCCAACATCCCGGCT,0,4710789
ybiY_ybiW_predicted,0.16666666666666666,5,5,CCCTGTCTCTGAATGGGTAA,0,4697341
ybiY_ybiW_predicted,0.16666666666666666,5,5,CCCTGCCACAGAGAATCATC,0,4722529
ybiY_ybiW_predicted,0.16666666666666666,5,5,CCCTAGAGGAGATGAAACGT,0,4718883
ybiY_ybiW_predicted,0.16666666666666666,5,5,CCCGTATCAGCCAACGCCAA,0,4716877
ybiY_ybiW_predicted,0.16666666666666666,5,5,CCCCTGTTTTGGAAACAGGA,0,4707575
ybiY_ybiW_predicted,0.16666666666666666,5,5,CCCCCGAAAAAATGGACCAG,0,4703361
ybiY_ybiW_predicted,0.16666666666666666,5,5,CCCCCAATGAAAATCAGCAC,0,4689333
ybiY_ybiW_predicted,0.16666666666666666,5,5,CCCCAAGCAAGAGCGAGCCT,0,4718513
ybiY_ybiW_predicted,0.16666666666666666,5,5,CCCATTTCAACAGCGCTCGG,0,4694678
ybiY_ybiW_predicted,0.16666666666666666,5,5,CCCATATGCTTTTCCACAAT,0,4721113
ybiY_ybiW_predicted,0.16666666666666666,5,5,CCATTCGAAACGGAGATCCG,0,4689475
ybiY_ybiW_predicted,0.16666666666666666,5,5,CCATGTCGCATGGCAGGAGC,0,4704085
ybiY_ybiW_predicted,0.16666666666666666,5,5,CCATGTCGATCGTATTCTGA,0,4694267
ybiY_ybiW_predicted,0.16666666666666666,5,5,CCATGCTTCGTCTCGTGCTT,0,4724558
ybiY_ybiW_predicted,0.16666666666666666,5,5,CCATCTACCTTGTAAAACTC,0,4697753
ybiY_ybiW_predicted,0.16666666666666666,5,5,CCAGGTTAAGCTGGTTTTTC,0,4722617
ybiY_ybiW_predicted,0.16666666666666666,5,5,CCAGGGGCGTCTGCGGTGTC,0,4706215
ybiY_ybiW_predicted,0.16666666666666666,5,5,CCAGGCATGGAAAATTTCTG,0,4704877
ybiY_ybiW_predicted,0.16666666666666666,5,5,CCACGACTACTGCTCGTGTT,0,4694709
ybiY_ybiW_predicted,0.16666666666666666,5,5,CATGTAGGGGCGACAGGGCG,0,4699624
ybiY_ybiW_predicted,0.16666666666666666,5,5,CATGCGATAGGCCAAATGCT,0,4720087
ybiY_ybiW_predicted,0.16666666666666666,5,5,CATGACCATTCCGTAATAAT,0,4709210
ybiY_ybiW_predicted,0.16666666666666666,5,5,CATATTGGAGGTAGAATGCA,0,4723563
ybiY_ybiW_predicted,0.16666666666666666,5,5,CATATTCTGCTGTGTAGATC,0,4709144
ybiY_ybiW_predicted,0.16666666666666666,5,5,CATATCACCAGATCCAAAAC,0,4713408
ybiY_ybiW_predicted,0.16666666666666666,5,5,CATAGCTGTCTAGTACCTCA,0,4728522
ybiY_ybiW_predicted,0.16666666666666666,5,5,CATAGAGGGCTGTGTGATGA,0,4699753
ybiY_ybiW_predicted,0.16666666666666666,5,5,CATAAGCGAATCGGCTTATG,0,4728742
ybiY_ybiW_predicted,0.16666666666666666,5,5,CATAAAAATACATTGTGTGA,0,4701366
ybiY_ybiW_predicted,0.16666666666666666,5,5,CAGTTTTTAGATCGACTAAG,0,4695767
ybiY_ybiW_predicted,0.16666666666666666,5,5,CAGTGTGGCTCTGACAACTC,0,4707286
ybiY_ybiW_predicted,0.16666666666666666,5,5,CAGTGGGGTTGGTTCTTTGG,0,4693752
ybiY_ybiW_predicted,0.16666666666666666,5,5,CAGGGTTTGGCTCCGTGGAC,0,4700560
ybiY_ybiW_predicted,0.16666666666666666,5,5,CAGGACTTGTAGTGTCATCT,0,4691563
ybiY_ybiW_predicted,0.16666666666666666,5,5,CAGCCATAGGGGATCGATGT,0,4707275
ybiY_ybiW_predicted,0.16666666666666666,5,5,CAGAAATGCTTTGTATATCT,0,4704272
ybiY_ybiW_predicted,0.16666666666666666,5,5,CACTGCGAGCAGTATCATAG,0,4713226
ybiY_ybiW_predicted,0.16666666666666666,5,5,CACTGCAGTCGTAGTCAAGC,0,4726807
ybiY_ybiW_predicted,0.16666666666666666,5,5,CACGCTTGTGCGGCCGACTG,0,4716915
ybiY_ybiW_predicted,0.16666666666666666,5,5,CACAACGCTTCATGACTGTA,0,4708891
ybiY_ybiW_predicted,0.16666666666666666,5,5,CAATGCGAGCACTGTAGACG,0,4729789
ybiY_ybiW_predicted,0.16666666666666666,5,5,CAATCAGCACAACTGGCATA,0,4723245
ybiY_ybiW_predicted,0.16666666666666666,5,5,CAATACCTGGGGTATATGAG,0,4705142
ybiY_ybiW_predicted,0.16666666666666666,5,5,CAAGTTTCCGCTGGGGTGCA,0,4727002
ybiY_ybiW_predicted,0.16666666666666666,5,5,CAAGTCCGCTATAAGCGGCC,0,4708934
ybiY_ybiW_predicted,0.16666666666666666,5,5,CAAGCTTTATCGGTGGTGTA,0,4689623
ybiY_ybiW_predicted,0.16666666666666666,5,5,CAAGATCCACCTGAATAGGT,0,4724536
ybiY_ybiW_predicted,0.16666666666666666,5,5,CAACTCCTTGCTTATTCTTA,0,4724919
ybiY_ybiW_predicted,0.16666666666666666,5,5,CAACCGCTTGGTGAATGAAT,0,4724251
ybiY_ybiW_predicted,0.16666666666666666,5,5,CAACCGCGACTGACGGCACT,0,4696124
ybiY_ybiW_predicted,0.16666666666666666,5,5,CAAATCAATTTCGGACATTA,0,4727832
ybiY_ybiW_predicted,0.16666666666666666,5,5,CAAAGACGGAGGTCGATGCT,0,4689097
ybiY_ybiW_predicted,0.16666666666666666,5,5,CAAACTCGAAGAGTTTGCAG,0,4708868
ybiY_ybiW_predicted,0.16666666666666666,5,5,CAAAATGAATCTATCCCTCA,0,4709999
ybiY_ybiW_predicted,0.16666666666666666,5,5,ATTTTGCTATGTATATACCA,0,4700614
ybiY_ybiW_predicted,0.16666666666666666,5,5,ATTTTCGTAGGGACCATCCC,0,4711615
ybiY_ybiW_predicted,0.16666666666666666,5,5,ATTTGGCAGCACAAGCCAAC,0,4693568
ybiY_ybiW_predicted,0.16666666666666666,5,5,ATTTCAAATTAAGCGATTGG,0,4716728
ybiY_ybiW_predicted,0.16666666666666666,5,5,ATTGTTTTGTCCACAGACGG,0,4730361
ybiY_ybiW_predicted,0.16666666666666666,5,5,ATTGGTGACACTACACAAGC,0,4721420
ybiY_ybiW_predicted,0.16666666666666666,5,5,ATTGGCGCTTCGATGGTAGG,0,4691984
ybiY_ybiW_predicted,0.16666666666666666,5,5,ATTCTACCCTTGTCGGGTGT,0,4714916
ybiY_ybiW_predicted,0.16666666666666666,5,5,ATTATCTATAAAATAGAGGA,0,4727882
ybiY_ybiW_predicted,0.16666666666666666,5,5,ATTATCGGTTTAGCCTTTAG,0,4702962
ybiY_ybiW_predicted,0.16666666666666666,5,5,ATTAGTATTTAGGCTTGGGT,0,4707569
ybiY_ybiW_predicted,0.16666666666666666,5,5,ATTAGGTCGCATCCAGTGGC,0,4732161
ybiY_ybiW_predicted,0.16666666666666666,5,5,ATTACGGTCCATCACACACT,0,4704044
ybiY_ybiW_predicted,0.16666666666666666,5,5,ATTAATCCAACTTTCTTCAC,0,4693570
ybiY_ybiW_predicted,0.16666666666666666,5,5,ATTAAGGCTGACTGTTCGGG,0,4701494
ybiY_ybiW_predicted,0.16666666666666666,5,5,ATGTTGCGTCTGGCTTTTGA,0,4728568
ybiY_ybiW_predicted,0.16666666666666666,5,5,ATGTTATTCATCCCTATCCC,0,4705383
ybiY_ybiW_predicted,0.16666666666666666,5,5,ATGTCATGTACGGCGTACGA,0,4726602
ybiY_ybiW_predicted,0.16666666666666666,5,5,ATGGTCTACCAAGCACCAAA,0,4720303
ybiY_ybiW_predicted,0.16666666666666666,5,5,ATGGTATGGATGATGTACAA,0,4713001
ybiY_ybiW_predicted,0.16666666666666666,5,5,ATGGGTCCTTTCGGCACTCA,0,4710469
ybiY_ybiW_predicted,0.16666666666666666,5,5,ATGGCAAAATACGGGTAAGT,0,4711928
ybiY_ybiW_predicted,0.16666666666666666,5,5,ATGCTCACCGGTAGTTTCAC,0,4706448
ybiY_ybiW_predicted,0.16666666666666666,5,5,ATGCCTAATCTATGAAAGGG,0,4723514
ybiY_ybiW_predicted,0.16666666666666666,5,5,ATGATCATGCTTCAATGCAT,0,4726344
ybiY_ybiW_predicted,0.16666666666666666,5,5,ATGATAAGGTAGGCGACGGA,0,4705194
ybiY_ybiW_predicted,0.16666666666666666,5,5,ATGACTTGGTCTCTTGCAGT,0,4731008
ybiY_ybiW_predicted,0.16666666666666666,5,5,ATCTTAAACGCCGATTCAAA,0,4705103
ybiY_ybiW_predicted,0.16666666666666666,5,5,ATCTGGGTGCGTGGGCGCCA,0,4698016
ybiY_ybiW_predicted,0.16666666666666666,5,5,ATCGGTTTTCTTTTCTACGA,0,4710660
ybiY_ybiW_predicted,0.16666666666666666,5,5,ATCCTTTAGTTCCTAAGGTA,0,4712731
ybiY_ybiW_predicted,0.16666666666666666,5,5,ATCCTAGTGAGGTTGATTGT,0,4690348
ybiY_ybiW_predicted,0.16666666666666666,5,5,ATCCGTGATGACGGGTTTTA,0,4700991
ybiY_ybiW_predicted,0.16666666666666666,5,5,ATCCGCATCTGCGTGGATCA,0,4697232
ybiY_ybiW_predicted,0.16666666666666666,5,5,ATCCCGTGAAATGGAGCGTC,0,4718362
ybiY_ybiW_predicted,0.16666666666666666,5,5,ATCATCGTAAGACGCCGCCA,0,4697697
ybiY_ybiW_predicted,0.16666666666666666,5,5,ATCACAGCCGGGGGGCCACG,0,4695435
ybiY_ybiW_predicted,0.16666666666666666,5,5,ATATTTCGTTTACCGGGGGA,0,4696077
ybiY_ybiW_predicted,0.16666666666666666,5,5,ATATTCACGTCTGGCTTGAC,0,4726577
ybiY_ybiW_predicted,0.16666666666666666,5,5,ATATCACTTTAGGGGTGGAA,0,4698250
ybiY_ybiW_predicted,0.16666666666666666,5,5,ATAGCTAGTATTCGTGGGCA,0,4726773
ybiY_ybiW_predicted,0.16666666666666666,5,5,ATAGATTGACGATTGCCTAA,0,4717800
ybiY_ybiW_predicted,0.16666666666666666,5,5,ATAGATCCGGCTGCCACCGA,0,4689018
ybiY_ybiW_predicted,0.16666666666666666,5,5,ATACTCCCTGGTGTTCCCGC,0,4726662
ybiY_ybiW_predicted,0.16666666666666666,5,5,ATACGTTTGAGAAAGTCTTG,0,4702151
ybiY_ybiW_predicted,0.16666666666666666,5,5,ATACCAGCCCATGAGTCTGA,0,4717191
ybiY_ybiW_predicted,0.16666666666666666,5,5,ATAATTCTATCATGATGCGG,0,4695220
ybiY_ybiW_predicted,0.16666666666666666,5,5,ATAAGCACAAATCCGGCTTC,0,4718021
ybiY_ybiW_predicted,0.16666666666666666,5,5,ATAAAAGATGAAACGCTGGC,0,4723236
ybiY_ybiW_predicted,0.16666666666666666,5,5,AGTTTTCTCTCCTGTTAGCC,0,4720066
ybiY_ybiW_predicted,0.16666666666666666,5,5,AGTTTGGCCCGCCATCACTC,0,4723164
ybiY_ybiW_predicted,0.16666666666666666,5,5,AGTTGGCGCGCGGATCGGTT,0,4717113
ybiY_ybiW_predicted,0.16666666666666666,5,5,AGTTAAGGTTCCGCGATCAG,0,4693139
ybiY_ybiW_predicted,0.16666666666666666,5,5,AGTTAAGCAAGCCGCCGAGT,0,4694797
ybiY_ybiW_predicted,0.16666666666666666,5,5,AGTGTGGTAATTTATTTCCT,0,4720797
ybiY_ybiW_predicted,0.16666666666666666,5,5,AGTGCTACCAGCATTCACAT,0,4692622
ybiY_ybiW_predicted,0.16666666666666666,5,5,AGTGCAGGCGCCTGGGGTAT,0,4730655
ybiY_ybiW_predicted,0.16666666666666666,5,5,AGTCGCGTCGGAACTCTAAT,0,4722643
ybiY_ybiW_predicted,0.16666666666666666,5,5,AGTCGAGGATAGGAGCGATG,0,4702488
ybiY_ybiW_predicted,0.16666666666666666,5,5,AGTCCAACGTGTTTCCGAAA,0,4708579
ybiY_ybiW_predicted,0.16666666666666666,5,5,AGTCATCCTAGAACGCGGTG,0,4699333
ybiY_ybiW_predicted,0.16666666666666666,5,5,AGTCAGCTCCTGTCTATACG,0,4714065
ybiY_ybiW_predicted,0.16666666666666666,5,5,AGTATTTGTATCATACGGGT,0,4710821
ybiY_ybiW_predicted,0.16666666666666666,5,5,AGGTTATAGGGGGGCTTGAA,0,4715492
ybiY_ybiW_predicted,0.16666666666666666,5,5,AGGTCATGCCAAAGTCAAGA,0,4727694
ybiY_ybiW_predicted,0.16666666666666666,5,5,AGGTACAGAAGTCATGTAGA,0,4717931
ybiY_ybiW_predicted,0.16666666666666666,5,5,AGGGTTCGTGACCTGGAACT,0,4707540
ybiY_ybiW_predicted,0.16666666666666666,5,5,AGGGTGGTCACGCGAACACC,0,4723324
ybiY_ybiW_predicted,0.16666666666666666,5,5,AGGGTCACTCGTGGCTCCCA,0,4720707
ybiY_ybiW_predicted,0.16666666666666666,5,5,AGGGTAGGGAGAGTAAAATG,0,4719877
ybiY_ybiW_predicted,0.16666666666666666,5,5,AGGGGGGTGATGACGATCGA,0,4692806
ybiY_ybiW_predicted,0.16666666666666666,5,5,AGGGACCGTAACGGGGCCAT,0,4704788
ybiY_ybiW_predicted,0.16666666666666666,5,5,AGGGAAGTAGATGATGTCAA,0,4710227
ybiY_ybiW_predicted,0.16666666666666666,5,5,AGGCATAGCGTCGATGGCTC,0,4717610
ybiY_ybiW_predicted,0.16666666666666666,5,5,AGGAAGCTTGGACCGAAACC,0,4697171
ybiY_ybiW_predicted,0.16666666666666666,5,5,AGGAACTATGCGTAGCCACC,0,4695781
ybiY_ybiW_predicted,0.16666666666666666,5,5,AGCTGTGGGTCCTAAAAACA,0,4716918
ybiY_ybiW_predicted,0.16666666666666666,5,5,AGCTCTAAGCATGAGCAGCT,0,4717230
ybiY_ybiW_predicted,0.16666666666666666,5,5,AGCTAGCGTCCCGTGTAAGT,0,4694098
ybiY_ybiW_predicted,0.16666666666666666,5,5,AGCGTTACTGGATTTTCAGA,0,4701021
ybiY_ybiW_predicted,0.16666666666666666,5,5,AGCGCCCATATCCCAACTGT,0,4697954
ybiY_ybiW_predicted,0.16666666666666666,5,5,AGCGCACTTCTTTATAGCGG,0,4697469
ybiY_ybiW_predicted,0.16666666666666666,5,5,AGCGCACCCGCAAATTACGG,0,4730739
ybiY_ybiW_predicted,0.16666666666666666,5,5,AGCGATTTCGGTTCTGCAGG,0,4729583
ybiY_ybiW_predicted,0.16666666666666666,5,5,AGCGAACAGGTAGTTACAGG,0,4730828
ybiY_ybiW_predicted,0.16666666666666666,5,5,AGCCTGATCTGTAGCCCTCG,0,4690364
ybiY_ybiW_predicted,0.16666666666666666,5,5,AGCCTCTGTCCGAAGATTCA,0,4694686
ybiY_ybiW_predicted,0.16666666666666666,5,5,AGCCAATCCTGGCGATGGGA,0,4708346
ybiY_ybiW_predicted,0.16666666666666666,5,5,AGCAGGGTAGACTTTGTACT,0,4718762
ybiY_ybiW_predicted,0.16666666666666666,5,5,AGCACATGTTAAGATGGACG,0,4727589
ybiY_ybiW_predicted,0.16666666666666666,5,5,AGATATGACAGTGTAGTTGC,0,4693203
ybiY_ybiW_predicted,0.16666666666666666,5,5,AGATAATCACAACCAAGCGA,0,4702185
ybiY_ybiW_predicted,0.16666666666666666,5,5,AGACGCATATTTATGCTTCA,0,4717299
ybiY_ybiW_predicted,0.16666666666666666,5,5,AGAAGTCTTACAATTGAGTG,0,4716599
ybiY_ybiW_predicted,0.16666666666666666,5,5,AGAAGTAGTCTCACCCGTAA,0,4706610
ybiY_ybiW_predicted,0.16666666666666666,5,5,AGAAAATGGAATGGAGCGTT,0,4725516
ybiY_ybiW_predicted,0.16666666666666666,5,5,ACTTCGCCGCGTAGAATGGC,0,4706433
ybiY_ybiW_predicted,0.16666666666666666,5,5,ACTGTAAACTCATCAGATCA,0,4704732
ybiY_ybiW_predicted,0.16666666666666666,5,5,ACTGCTTTGTGTGGTGGTAA,0,4691860
ybiY_ybiW_predicted,0.16666666666666666,5,5,ACTATGTCAGCGGATGGTTG,0,4700816
ybiY_ybiW_predicted,0.16666666666666666,5,5,ACTAGTGTGCGGTCGATTAT,0,4709496
ybiY_ybiW_predicted,0.16666666666666666,5,5,ACTAATGTTGGCGTACTCTT,0,4689215
ybiY_ybiW_predicted,0.16666666666666666,5,5,ACGTGACCCGAACCGAAAGG,0,4691695
ybiY_ybiW_predicted,0.16666666666666666,5,5,ACGGTCAGAACAGCATTCAC,0,4714170
ybiY_ybiW_predicted,0.16666666666666666,5,5,ACGGGTCCTTCTTGGAGGAA,0,4727879
ybiY_ybiW_predicted,0.16666666666666666,5,5,ACGGGGCAATCCGACACTAT,0,4715530
ybiY_ybiW_predicted,0.16666666666666666,5,5,ACGCTTGAGACTTTGAAGTC,0,4689978
ybiY_ybiW_predicted,0.16666666666666666,5,5,ACGCTTAAGCTTCGGCGGGG,0,4716606
ybiY_ybiW_predicted,0.16666666666666666,5,5,ACGCGTCATTGTCATACGTA,0,4725489
ybiY_ybiW_predicted,0.16666666666666666,5,5,ACGCGCACAGTGAGATCGTT,0,4708240
ybiY_ybiW_predicted,0.16666666666666666,5,5,ACGCACTTGTCACAGGGCTT,0,4723429
ybiY_ybiW_predicted,0.16666666666666666,5,5,ACGATGACGTTTCAGAAATA,0,4719980
ybiY_ybiW_predicted,0.16666666666666666,5,5,ACGATACTCCTTAGGCGCGA,0,4695865
ybiY_ybiW_predicted,0.16666666666666666,5,5,ACGAGGTATAGCACTCACGT,0,4712544
ybiY_ybiW_predicted,0.16666666666666666,5,5,ACGACTGGGAAAGACCTCCC,0,4727229
ybiY_ybiW_predicted,0.16666666666666666,5,5,ACGACCAAGTAGTCCCTGCT,0,4708651
ybiY_ybiW_predicted,0.16666666666666666,5,5,ACGACACCAGCACGCGCAGG,0,4689738
ybiY_ybiW_predicted,0.16666666666666666,5,5,ACCTGTCTATTCGGGGTTAG,0,4704402
ybiY_ybiW_predicted,0.16666666666666666,5,5,ACCTCACTTCAAATAGGACC,0,4710168
ybiY_ybiW_predicted,0.16666666666666666,5,5,ACCTAGTTCTCTTGAGGACT,0,4690976
ybiY_ybiW_predicted,0.16666666666666666,5,5,ACCGAACGCTCGTCAAGGAC,0,4711563
ybiY_ybiW_predicted,0.16666666666666666,5,5,ACCCGGATGACAGCATTAGC,0,4702755
ybiY_ybiW_predicted,0.16666666666666666,5,5,ACCCGCGCAGGGCGGAAGGA,0,4690567
ybiY_ybiW_predicted,0.16666666666666666,5,5,ACCCGCGAGCTCTTGGATTG,0,4688628
ybiY_ybiW_predicted,0.16666666666666666,5,5,ACCCAAACAAACGCACGCGA,0,4688818
ybiY_ybiW_predicted,0.16666666666666666,5,5,ACCCAAAAGAACTGCTCAAT,0,4720478
ybiY_ybiW_predicted,0.16666666666666666,5,5,ACCAGCCAGATACCCAGAAG,0,4695125
ybiY_ybiW_predicted,0.16666666666666666,5,5,ACCAAGATTTCATCATTCGT,0,4689704
ybiY_ybiW_predicted,0.16666666666666666,5,5,ACCAACGGCCCGTCTAACGA,0,4716224
ybiY_ybiW_predicted,0.16666666666666666,5,5,ACATTACGCATTGCTGCGCT,0,4725269
ybiY_ybiW_predicted,0.16666666666666666,5,5,ACATGGTGATTACCGTCAAA,0,4716732
ybiY_ybiW_predicted,0.16666666666666666,5,5,ACATGGCACTTGTCCTCGAA,0,4688493
ybiY_ybiW_predicted,0.16666666666666666,5,5,ACATCAATTCGACGCTCTCT,0,4727034
ybiY_ybiW_predicted,0.16666666666666666,5,5,ACATATGAGTAGGTTCGCGC,0,4706883
ybiY_ybiW_predicted,0.16666666666666666,5,5,ACATAGTCCATTACCGTATA,0,4719557
ybiY_ybiW_predicted,0.16666666666666666,5,5,ACAGTGACGGTACCTCAGCA,0,4691240
ybiY_ybiW_predicted,0.16666666666666666,5,5,ACAGCTTGGCCATTTTTGCG,0,4719345
ybiY_ybiW_predicted,0.16666666666666666,5,5,ACAGAGAGGGAATTCCCGGA,0,4703367
ybiY_ybiW_predicted,0.16666666666666666,5,5,ACAAACCGCGGTGGGGTTTG,0,4692571
ybiY_ybiW_predicted,0.16666666666666666,5,5,AATTTACCACGCGTCCGTGA,0,4706150
ybiY_ybiW_predicted,0.16666666666666666,5,5,AATTGTGACGGCTGTATATG,0,4688668
ybiY_ybiW_predicted,0.16666666666666666,5,5,AATTGGCGCAAGGGATTCTC,0,4727726
ybiY_ybiW_predicted,0.16666666666666666,5,5,AATCGCTCACTCCTGTCCCA,0,4705861
ybiY_ybiW_predicted,0.16666666666666666,5,5,AATCGCTCAAATGATGGATA,0,4732048
ybiY_ybiW_predicted,0.16666666666666666,5,5,AATCCAGCTGTGCGAGAAAG,0,4707885
ybiY_ybiW_predicted,0.16666666666666666,5,5,AATCATTCTTGCTTTACATG,0,4707566
ybiY_ybiW_predicted,0.16666666666666666,5,5,AATATCTCTGCCTCTTGGGG,0,4705452
ybiY_ybiW_predicted,0.16666666666666666,5,5,AATACTCGCGCGAAGCCACG,0,4704326
ybiY_ybiW_predicted,0.16666666666666666,5,5,AATACCTCAACATGGCTATT,0,4697132
ybiY_ybiW_predicted,0.16666666666666666,5,5,AAGGTGCGCGGTCAAACCTT,0,4732420
ybiY_ybiW_predicted,0.16666666666666666,5,5,AAGCGAAGTATTGGAGACAT,0,4717209
ybiY_ybiW_predicted,0.16666666666666666,5,5,AAGCCGATTCAACTCTGTTT,0,4713346
ybiY_ybiW_predicted,0.16666666666666666,5,5,AAGCATCTTGGTTTTCCCCA,0,4699858
ybiY_ybiW_predicted,0.16666666666666666,5,5,AAGATCACCTTATCACGTTA,0,4688487
ybiY_ybiW_predicted,0.16666666666666666,5,5,AAGAAATCACTTGACGGAGA,0,4711175
ybiY_ybiW_predicted,0.16666666666666666,5,5,AACTTGCAGCCCTTAGTGTC,0,4703083
ybiY_ybiW_predicted,0.16666666666666666,5,5,AACTTCGGCAGTGACGGACA,0,4701357
ybiY_ybiW_predicted,0.16666666666666666,5,5,AACGAAGTGTAACCGGCCTT,0,4706006
ybiY_ybiW_predicted,0.16666666666666666,5,5,AACCTGTGAAGGGCACGCCT,0,4698105
ybiY_ybiW_predicted,0.16666666666666666,5,5,AACCCTGCATTCCCAAGCTG,0,4696108
ybiY_ybiW_predicted,0.16666666666666666,5,5,AACAGTTTCAGTCAAATCTA,0,4727547
ybiY_ybiW_predicted,0.16666666666666666,5,5,AACAGTCGCACGTGCAGGCA,0,4721522
ybiY_ybiW_predicted,0.16666666666666666,5,5,AACAGAGTAAGGCAGCAAGT,0,4729148
ybiY_ybiW_predicted,0.16666666666666666,5,5,AAATGGTTTGGCGGCCGTCG,0,4717565
ybiY_ybiW_predicted,0.16666666666666666,5,5,AAATGCCCCTATGAGACTAA,0,4712850
ybiY_ybiW_predicted,0.16666666666666666,5,5,AAATCGACTCGTTCTTGGGT,0,4721138
ybiY_ybiW_predicted,0.16666666666666666,5,5,AAATCCTCAAGGGCTTCCGA,0,4691953
ybiY_ybiW_predicted,0.16666666666666666,5,5,AAAGCAGACTTGTGATATTA,0,4717908
ybiY_ybiW_predicted,0.16666666666666666,5,5,AAAGACCCCCCGGGACACTT,0,4711687
ybiY_ybiW_predicted,0.16666666666666666,5,5,AAACTGACTCCTGTTTTCTG,0,4721870
ybiY_ybiW_predicted,0.16666666666666666,5,5,AAACTAGAGCTGTTGAGGGA,0,4710794
ybiY_ybiW_predicted,0.16666666666666666,5,5,AAAATTTGGTTTTCTAAAAC,0,4729065
ybiY_ybiW_predicted,0.16666666666666666,5,5,AAAAGAAACAGCCGGGTCCT,0,4693595
ybiY_ybiW_predicted,0.2,4,4,TTTTGGCTGCCTATGATATA,0,4718247
ybiY_ybiW_predicted,0.2,4,4,TTTTCGGGGTGGGGCGACTG,0,4696712
ybiY_ybiW_predicted,0.2,4,4,TTTGGCCCACCCAACAATCT,0,4691425
ybiY_ybiW_predicted,0.2,4,4,TTTGCGCCGTAACGTGTACG,0,4715069
ybiY_ybiW_predicted,0.2,4,4,TTTGATCTGGTATGCAAGTT,0,4726725
ybiY_ybiW_predicted,0.2,4,4,TTTCTAATACTATTGTTCTT,0,4712564
ybiY_ybiW_predicted,0.2,4,4,TTTCGGCGTTGTGCAGGCTG,0,4699639
ybiY_ybiW_predicted,0.2,4,4,TTTCAGAAAAGTATGCCCAA,0,4710127
ybiY_ybiW_predicted,0.2,4,4,TTTATGGACGCAGTCATGGT,0,4707063
ybiY_ybiW_predicted,0.2,4,4,TTTATACGTTCCTATCCTCA,0,4697537
ybiY_ybiW_predicted,0.2,4,4,TTTACAACGATTACGGGCGT,0,4700123
ybiY_ybiW_predicted,0.2,4,4,TTGTGGTCCCGTCGGAAACG,0,4718468
ybiY_ybiW_predicted,0.2,4,4,TTGTGGCACCTCGTATGTCC,0,4719603
ybiY_ybiW_predicted,0.2,4,4,TTGTGCTCCGTCTAGAACTC,0,4718994
ybiY_ybiW_predicted,0.2,4,4,TTGGTGAATGATTATATAAT,0,4695793
ybiY_ybiW_predicted,0.2,4,4,TTGGGAGGTTATTAAGCGCT,0,4689111
ybiY_ybiW_predicted,0.2,4,4,TTGCGAGAGCCAGTGCTCCC,0,4729375
ybiY_ybiW_predicted,0.2,4,4,TTGCCCTGTTGGCCAATCTG,0,4731249
ybiY_ybiW_predicted,0.2,4,4,TTGATGGTTGAGACCTTTGG,0,4727676
ybiY_ybiW_predicted,0.2,4,4,TTGAATGGACGAATTGTTCG,0,4695393
ybiY_ybiW_predicted,0.2,4,4,TTCTTACAACTGACCATTTC,0,4722986
ybiY_ybiW_predicted,0.2,4,4,TTCTGAATGGGCCGGAAATA,0,4698587
ybiY_ybiW_predicted,0.2,4,4,TTCGTTCCAGAGGTACCCTG,0,4727316
ybiY_ybiW_predicted,0.2,4,4,TTCGTAAGGAAGAAAACGAA,0,4701760
ybiY_ybiW_predicted,0.2,4,4,TTCGTAAATTACTAATGCCA,0,4706525
ybiY_ybiW_predicted,0.2,4,4,TTCGGATGACGATCAAAACA,0,4703224
ybiY_ybiW_predicted,0.2,4,4,TTCCTGCGGCCATGTGCGAA,0,4705698
ybiY_ybiW_predicted,0.2,4,4,TTCCAGGCCGGAAACGTTCG,0,4722203
ybiY_ybiW_predicted,0.2,4,4,TTCATGGTACGTAAGACTAC,0,4693557
ybiY_ybiW_predicted,0.2,4,4,TTCAGTGGTGTGAGACAATA,0,4712294
ybiY_ybiW_predicted,0.2,4,4,TTCAGTACTTATCTCTAGAG,0,4725538
ybiY_ybiW_predicted,0.2,4,4,TTCAGACTGACTTTGCTTAG,0,4704324
ybiY_ybiW_predicted,0.2,4,4,TTCACGGACGTGTTGATCGC,0,4723025
ybiY_ybiW_predicted,0.2,4,4,TTATTGTTGTTCGAAGCAAG,0,4717340
ybiY_ybiW_predicted,0.2,4,4,TTATTCCCGATGGTACTATG,0,4726869
ybiY_ybiW_predicted,0.2,4,4,TTATGCTCGATATTGGAGGA,0,4716026
ybiY_ybiW_predicted,0.2,4,4,TTATGAGGCCCCCATAGTTA,0,4721318
ybiY_ybiW_predicted,0.2,4,4,TTATAGCTGCCTGTCCTGCG,0,4711654
ybiY_ybiW_predicted,0.2,4,4,TTAGGTTCGTAAAGGAATAA,0,4704191
ybiY_ybiW_predicted,0.2,4,4,TTAGGGAAAGATGTTAGGAT,0,4702283
ybiY_ybiW_predicted,0.2,4,4,TTACTAACCGACCGGCGACA,0,4711387
ybiY_ybiW_predicted,0.2,4,4,TTACAATGCATACGTACGTG,0,4696860
ybiY_ybiW_predicted,0.2,4,4,TTAACCAATAGTGGGCGTTA,0,4693876
ybiY_ybiW_predicted,0.2,4,4,TGTTCTGGGGGACACGCGGT,0,4696655
ybiY_ybiW_predicted,0.2,4,4,TGTTATTTCGCCACTAATCC,0,4712227
ybiY_ybiW_predicted,0.2,4,4,TGTTATATGGTAGAAGTTCA,0,4727478
ybiY_ybiW_predicted,0.2,4,4,TGTTAGGGTGCTTGTATTAG,0,4720068
ybiY_ybiW_predicted,0.2,4,4,TGTGCTTTCTGAGTACTGGC,0,4689500
ybiY_ybiW_predicted,0.2,4,4,TGTCTCTCCGGGGGCTGCCG,0,4721829
ybiY_ybiW_predicted,0.2,4,4,TGTCTAAACCATCTATGGGG,0,4698374
ybiY_ybiW_predicted,0.2,4,4,TGTCCGGCAGATAGCCACTT,0,4690774
ybiY_ybiW_predicted,0.2,4,4,TGTAGGCTCTTGCACGCCCC,0,4697417
ybiY_ybiW_predicted,0.2,4,4,TGTAGCTTGACCAATCTGTA,0,4691772
ybiY_ybiW_predicted,0.2,4,4,TGTACCTTCGTGATTGTAAT,0,4701559
ybiY_ybiW_predicted,0.2,4,4,TGTAAGCGCACAGGTGGAAG,0,4723087
ybiY_ybiW_predicted,0.2,4,4,TGGTGTCCTACGTGTGGTCA,0,4717556
ybiY_ybiW_predicted,0.2,4,4,TGGTGTAAAGGGTGGGAGAG,0,4707917
ybiY_ybiW_predicted,0.2,4,4,TGGTCTATACCGGATATTCA,0,4690687
ybiY_ybiW_predicted,0.2,4,4,TGGGTGAAGATCTCAGGGTG,0,4720073
ybiY_ybiW_predicted,0.2,4,4,TGGGCCGGACGAGAGATCAA,0,4716917
ybiY_ybiW_predicted,0.2,4,4,TGGGCAGGTTCGGATGGCGC,0,4695516
ybiY_ybiW_predicted,0.2,4,4,TGGGCACAGCTCATTGCGAG,0,4716170
ybiY_ybiW_predicted,0.2,4,4,TGGCTGAAAGATGTGCGATC,0,4711348
ybiY_ybiW_predicted,0.2,4,4,TGGCTCGCCGTAAATATTTT,0,4714245
ybiY_ybiW_predicted,0.2,4,4,TGGCCGCAGCCTAACTACGT,0,4709939
ybiY_ybiW_predicted,0.2,4,4,TGGCCAACAGTGACTCCTTC,0,4712223
ybiY_ybiW_predicted,0.2,4,4,TGGATTAGTCCGCTAACGTG,0,4692762
ybiY_ybiW_predicted,0.2,4,4,TGGAGATCCATGTTGATACG,0,4691385
ybiY_ybiW_predicted,0.2,4,4,TGGAGAAGGGCTACTTGGAT,0,4716477
ybiY_ybiW_predicted,0.2,4,4,TGGACTTGGATGAGGGCGGC,0,4702635
ybiY_ybiW_predicted,0.2,4,4,TGGACGTGACCTTTAGTACG,0,4729240
ybiY_ybiW_predicted,0.2,4,4,TGGACGGCGCCCCCAAGTAC,0,4708973
ybiY_ybiW_predicted,0.2,4,4,TGGACCGCGTCCTCACGCTA,0,4698158
ybiY_ybiW_predicted,0.2,4,4,TGCTTTACTTGGGGCTGGGA,0,4705087
ybiY_ybiW_predicted,0.2,4,4,TGCTACCCATAGAGCTAAGT,0,4696318
ybiY_ybiW_predicted,0.2,4,4,TGCGTGGAATAAGGTAGTCC,0,4718784
ybiY_ybiW_predicted,0.2,4,4,TGCGTAACCTTATCGGGGGG,0,4720026
ybiY_ybiW_predicted,0.2,4,4,TGCGGCTAAAAAAGGTTTGC,0,4700376
ybiY_ybiW_predicted,0.2,4,4,TGCGGAACATTCTAAGTTCC,0,4731097
ybiY_ybiW_predicted,0.2,4,4,TGCGCTAATCTCGTTGGACG,0,4702301
ybiY_ybiW_predicted,0.2,4,4,TGCCGGATTTAAAGTAAGCT,0,4717704
ybiY_ybiW_predicted,0.2,4,4,TGCATTTCTGTGCGTTAGTG,0,4726849
ybiY_ybiW_predicted,0.2,4,4,TGCATCCATTTCATTCGCTA,0,4703785
ybiY_ybiW_predicted,0.2,4,4,TGCACATGACGGCGACTTAC,0,4722439
ybiY_ybiW_predicted,0.2,4,4,TGCAATCTAGGGGGTGTGTT,0,4706959
ybiY_ybiW_predicted,0.2,4,4,TGCAAATCTGCAACGGTACA,0,4697205
ybiY_ybiW_predicted,0.2,4,4,TGATAGCATACGGGCTGCCA,0,4698156
ybiY_ybiW_predicted,0.2,4,4,TGATACAGCATCCCTAAGAC,0,4704982
ybiY_ybiW_predicted,0.2,4,4,TGAGAGTCCAGACATTCCCC,0,4718957
ybiY_ybiW_predicted,0.2,4,4,TGACGTTGGATGTCAAGCCT,0,4713682
ybiY_ybiW_predicted,0.2,4,4,TGACGCGGTTTTAGTTAGAA,0,4690981
ybiY_ybiW_predicted,0.2,4,4,TGACCCGTAATCCGTAAGTT,0,4731761
ybiY_ybiW_predicted,0.2,4,4,TCTTTGGGCACGTATCGGAA,0,4719064
ybiY_ybiW_predicted,0.2,4,4,TCTTTAGTAATAGGGTGTGC,0,4705588
ybiY_ybiW_predicted,0.2,4,4,TCTTCGGGTTCGTATGTCCT,0,4729653
ybiY_ybiW_predicted,0.2,4,4,TCTGTTCAGGGATAAGCTTC,0,4720651
ybiY_ybiW_predicted,0.2,4,4,TCTGGACTAGGCCAGGATCT,0,4722094
ybiY_ybiW_predicted,0.2,4,4,TCTGCAATAGCGTTAAGACG,0,4718503
ybiY_ybiW_predicted,0.2,4,4,TCTGACCAGAGGGCAGGACC,0,4700337
ybiY_ybiW_predicted,0.2,4,4,TCTCTTTATGCGTAAAGTGG,0,4706343
ybiY_ybiW_predicted,0.2,4,4,TCTATGTTGATACGATAACG,0,4706689
ybiY_ybiW_predicted,0.2,4,4,TCTAGAACCGTTTCGTAGGT,0,4690780
ybiY_ybiW_predicted,0.2,4,4,TCTACGTGCTAACGCGTGGG,0,4707737
ybiY_ybiW_predicted,0.2,4,4,TCTAATCTCCGAAGTGTGGA,0,4688677
ybiY_ybiW_predicted,0.2,4,4,TCGTTGTGCGCACCAGGCCG,0,4706665
ybiY_ybiW_predicted,0.2,4,4,TCGTGAGCTATCATCATCAT,0,4720102
ybiY_ybiW_predicted,0.2,4,4,TCGTGACTTCGTGGTCGCGT,0,4698610
ybiY_ybiW_predicted,0.2,4,4,TCGTCTGGGTAAGCTTCCTC,0,4731406
ybiY_ybiW_predicted,0.2,4,4,TCGGGTCCGGCCTACTCTGC,0,4689509
ybiY_ybiW_predicted,0.2,4,4,TCGGGTCCAAGACGTTCTTA,0,4711660
ybiY_ybiW_predicted,0.2,4,4,TCGGCGTCCTCTGCCTATGC,0,4698580
ybiY_ybiW_predicted,0.2,4,4,TCGGCCGGCTCTCGGAACTT,0,4713579
ybiY_ybiW_predicted,0.2,4,4,TCGGAAAATTGAGGTAAGGT,0,4698332
ybiY_ybiW_predicted,0.2,4,4,TCGCTTATTTACCTTCTTCC,0,4719313
ybiY_ybiW_predicted,0.2,4,4,TCGCTGGCTCCAGTGAATTT,0,4689473
ybiY_ybiW_predicted,0.2,4,4,TCGCTCACATCGCGTGCTGT,0,4730757
ybiY_ybiW_predicted,0.2,4,4,TCGCCGTAGGTATCCGGACG,0,4704125
ybiY_ybiW_predicted,0.2,4,4,TCGCCCGTCGGAGGGAAAAA,0,4716190
ybiY_ybiW_predicted,0.2,4,4,TCGCATTTTTTCCCGTCTTG,0,4723707
ybiY_ybiW_predicted,0.2,4,4,TCGCAAGGTAAAGGGTACCA,0,4698538
ybiY_ybiW_predicted,0.2,4,4,TCCTTGCTTCCCTTTGGTCT,0,4722932
ybiY_ybiW_predicted,0.2,4,4,TCCTGGTGCAGTCCGAGAAC,0,4708625
ybiY_ybiW_predicted,0.2,4,4,TCCGGGCACCCGATTGAATC,0,4714257
ybiY_ybiW_predicted,0.2,4,4,TCCGGGAAGGCGCCCCAATT,0,4709465
ybiY_ybiW_predicted,0.2,4,4,TCCGGAGGATACGTGTATGA,0,4709092
ybiY_ybiW_predicted,0.2,4,4,TCCGATCCCTGAAGGAGAGT,0,4729810
ybiY_ybiW_predicted,0.2,4,4,TCCCTTGCTCACCCCCGTGA,0,4716724
ybiY_ybiW_predicted,0.2,4,4,TCCCTAACCGCGTCGGCGGC,0,4692046
ybiY_ybiW_predicted,0.2,4,4,TCCCGTTCCTCATTCACCGA,0,4703279
ybiY_ybiW_predicted,0.2,4,4,TCCCGCAACATCTTCGTTGT,0,4722429
ybiY_ybiW_predicted,0.2,4,4,TCCCCCTTCCTAGGTAAAAG,0,4722183
ybiY_ybiW_predicted,0.2,4,4,TCCCATGACGTGTCAATTTA,0,4716888
ybiY_ybiW_predicted,0.2,4,4,TCCAGTATTTAGGGTAAATC,0,4704026
ybiY_ybiW_predicted,0.2,4,4,TCCAGTACGGCTTGGGGAAG,0,4702153
ybiY_ybiW_predicted,0.2,4,4,TCCACTTCGCAATACCGCTA,0,4701098
ybiY_ybiW_predicted,0.2,4,4,TCCACGGTTTTTAATGGGAG,0,4725198
ybiY_ybiW_predicted,0.2,4,4,TCCACCAGTATACATGTACA,0,4727452
ybiY_ybiW_predicted,0.2,4,4,TCATTTTCGTATTCGGATGG,0,4695357
ybiY_ybiW_predicted,0.2,4,4,TCATGTCCGTGGCAGCATAC,0,4704539
ybiY_ybiW_predicted,0.2,4,4,TCATGGTCTTGATGTCTCAT,0,4693353
ybiY_ybiW_predicted,0.2,4,4,TCATCTCATCGGCGTCGGCC,0,4706729
ybiY_ybiW_predicted,0.2,4,4,TCATCCGGGTAAAATCGGGA,0,4721251
ybiY_ybiW_predicted,0.2,4,4,TCATCCCCATGGTCTGTCAC,0,4706788
ybiY_ybiW_predicted,0.2,4,4,TCAGTGACTAAAGGTTTAAT,0,4723284
ybiY_ybiW_predicted,0.2,4,4,TCAGTCCGGAGACGGTAGAC,0,4689780
ybiY_ybiW_predicted,0.2,4,4,TCAGTAGTAACTGACAGCAG,0,4726873
ybiY_ybiW_predicted,0.2,4,4,TCAGGAGGGATCCGACAGGA,0,4725018
ybiY_ybiW_predicted,0.2,4,4,TCAGATTCCTTTTACTTTCT,0,4689176
ybiY_ybiW_predicted,0.2,4,4,TCAGAACTCTGACTACGAAA,0,4721473
ybiY_ybiW_predicted,0.2,4,4,TCACTACTCTGCTACCGACA,0,4709085
ybiY_ybiW_predicted,0.2,4,4,TCAAGTTTACTCGTATTGCA,0,4727750
ybiY_ybiW_predicted,0.2,4,4,TCAAGGTCCATACAGTCCGA,0,4720477
ybiY_ybiW_predicted,0.2,4,4,TCAAATCTGATACGGTATTG,0,4695381
ybiY_ybiW_predicted,0.2,4,4,TCAAACCCCGGCTTGGGTAA,0,4701881
ybiY_ybiW_predicted,0.2,4,4,TATTTTAATTCTCTTACAGG,0,4721989
ybiY_ybiW_predicted,0.2,4,4,TATTTGGGGGGTCTATTCAT,0,4731939
ybiY_ybiW_predicted,0.2,4,4,TATTTGAAGTAACTGATTAG,0,4716681
ybiY_ybiW_predicted,0.2,4,4,TATTTCTGCCGTCTCGCTGC,0,4701431
ybiY_ybiW_predicted,0.2,4,4,TATTGTTGAGCCTGGCTCCC,0,4690569
ybiY_ybiW_predicted,0.2,4,4,TATTGTGAGCAAGTCTCTCA,0,4699019
ybiY_ybiW_predicted,0.2,4,4,TATGGTCGTTGCTTCAATAC,0,4729168
ybiY_ybiW_predicted,0.2,4,4,TATGGGGGAACTATTTGGGA,0,4692925
ybiY_ybiW_predicted,0.2,4,4,TATGCATAACTAAGGGGAGA,0,4712788
ybiY_ybiW_predicted,0.2,4,4,TATCGAAAGCACGCTAACAT,0,4708296
ybiY_ybiW_predicted,0.2,4,4,TATCACGGCATAAGTTTGTG,0,4730079
ybiY_ybiW_predicted,0.2,4,4,TATCAACTGGGCACTGAGAA,0,4702088
ybiY_ybiW_predicted,0.2,4,4,TATCAAACAACGAAGTCGTT,0,4726404
ybiY_ybiW_predicted,0.2,4,4,TATATTTATATTACGACGTA,0,4705711
ybiY_ybiW_predicted,0.2,4,4,TATAGTGCCAGTTATAGCGT,0,4724879
ybiY_ybiW_predicted,0.2,4,4,TATAGGTGAGGTATGGTGGC,0,4700137
ybiY_ybiW_predicted,0.2,4,4,TATACTGAAATTTAGACGTT,0,4700492
ybiY_ybiW_predicted,0.2,4,4,TATAAGCTGCAAAAACGTCC,0,4705412
ybiY_ybiW_predicted,0.2,4,4,TAGGTTTTCTTAGTTAGCGG,0,4692608
ybiY_ybiW_predicted,0.2,4,4,TAGGGAGGATACTATGTTGC,0,4715691
ybiY_ybiW_predicted,0.2,4,4,TAGGCAGTCACAGTACGTTT,0,4697357
ybiY_ybiW_predicted,0.2,4,4,TAGGAGGGAAGATACTAAGG,0,4732067
ybiY_ybiW_predicted,0.2,4,4,TAGCTCAACAGTTTGTGATT,0,4716356
ybiY_ybiW_predicted,0.2,4,4,TAGCTAGGCGTCGGGGCTAT,0,4715378
ybiY_ybiW_predicted,0.2,4,4,TAGCCGGTGGCGATGAAAAT,0,4703307
ybiY_ybiW_predicted,0.2,4,4,TAGCCAAGAGTAAAAGTCTC,0,4695737
ybiY_ybiW_predicted,0.2,4,4,TAGACAACTTCGTGGCAGTC,0,4713513
ybiY_ybiW_predicted,0.2,4,4,TACTGAGAGCGTATAGCTTG,0,4726148
ybiY_ybiW_predicted,0.2,4,4,TACTCCTCCGGGTCATTCAA,0,4693511
ybiY_ybiW_predicted,0.2,4,4,TACTATTATAGCACTCGCTC,0,4714576
ybiY_ybiW_predicted,0.2,4,4,TACGTGCCATCTCATGTGTG,0,4698470
ybiY_ybiW_predicted,0.2,4,4,TACGAACCTCAGACATGAGT,0,4691754
ybiY_ybiW_predicted,0.2,4,4,TACCTTGCAGCAGATATTCG,0,4714633
ybiY_ybiW_predicted,0.2,4,4,TACCTGCACGTATAGACCAC,0,4692632
ybiY_ybiW_predicted,0.2,4,4,TACCGTACGTAATCCTGAAA,0,4708887
ybiY_ybiW_predicted,0.2,4,4,TACCGGGGCCATGAAAATCT,0,4722510
ybiY_ybiW_predicted,0.2,4,4,TACCGCACTTGCCAGGCTTG,0,4704919
ybiY_ybiW_predicted,0.2,4,4,TACCAAGAGCGTCAATCCGT,0,4718778
ybiY_ybiW_predicted,0.2,4,4,TACAGCTGCCTGGGTACTAT,0,4701340
ybiY_ybiW_predicted,0.2,4,4,TACACGATCCCGGAGCTGCG,0,4705465
ybiY_ybiW_predicted,0.2,4,4,TAAGTTGGAGTGGCTGTCTT,0,4705682
ybiY_ybiW_predicted,0.2,4,4,TAAGGAGCGTGTATTCCACC,0,4711497
ybiY_ybiW_predicted,0.2,4,4,TAAGCTGTAATGTTCAGTGC,0,4718093
ybiY_ybiW_predicted,0.2,4,4,TAACTCCTCTCGCAATTTCA,0,4688990
ybiY_ybiW_predicted,0.2,4,4,TAACGTGCTCATTTTTATCA,0,4703834
ybiY_ybiW_predicted,0.2,4,4,TAACGTCTTGTATGCAAGAG,0,4688656
ybiY_ybiW_predicted,0.2,4,4,TAACGGGACCGGTACTCTGT,0,4713875
ybiY_ybiW_predicted,0.2,4,4,TAACCGAAGCTTGCAGCTAT,0,4700132
ybiY_ybiW_predicted,0.2,4,4,TAAATAGTGTTTTATATGGT,0,4728502
ybiY_ybiW_predicted,0.2,4,4,TAAAGTAAGCATACTTGAAT,0,4731863
ybiY_ybiW_predicted,0.2,4,4,TAAAGGATTGATCAGCGCTC,0,4719199
ybiY_ybiW_predicted,0.2,4,4,TAAAAGTCCCAACGGGATGC,0,4727434
ybiY_ybiW_predicted,0.2,4,4,TAAAACCTAAGCATAATTCA,0,4709286
ybiY_ybiW_predicted,0.2,4,4,TAAAAACTTTTCGGACGCAA,0,4724627
ybiY_ybiW_predicted,0.2,4,4,GTTTTATTATAAAAGACATA,0,4710602
ybiY_ybiW_predicted,0.2,4,4,GTTTATTGCCTCCCTGTGGG,0,4727529
ybiY_ybiW_predicted,0.2,4,4,GTTTAATTTGCCCTTGACGA,0,4722816
ybiY_ybiW_predicted,0.2,4,4,GTTGTGATGTCTACGTTGAA,0,4725980
ybiY_ybiW_predicted,0.2,4,4,GTTGCGGAGGGCCTGCCGCT,0,4729746
ybiY_ybiW_predicted,0.2,4,4,GTTGACTTCTTGTAGTGCTA,0,4713012
ybiY_ybiW_predicted,0.2,4,4,GTTCTACAAGAGAGGTAGGT,0,4699476
ybiY_ybiW_predicted,0.2,4,4,GTTCGTGACAACCTGCGAGT,0,4692648
ybiY_ybiW_predicted,0.2,4,4,GTTCGGATCTTCTACCCAGC,0,4710861
ybiY_ybiW_predicted,0.2,4,4,GTTCGCAATAGCTGCCTGAT,0,4692249
ybiY_ybiW_predicted,0.2,4,4,GTTACTTGTTCATGTCTCCA,0,4719266
ybiY_ybiW_predicted,0.2,4,4,GTTAACATGGCAATACTGAG,0,4714976
ybiY_ybiW_predicted,0.2,4,4,GTGTTTAAAAGTTCCTGCAT,0,4720829
ybiY_ybiW_predicted,0.2,4,4,GTGTGATGGGGCTGAGTCTT,0,4690602
ybiY_ybiW_predicted,0.2,4,4,GTGTCGGCCCACGTGGTCTT,0,4704507
ybiY_ybiW_predicted,0.2,4,4,GTGGTCCATCTGCAACTGTG,0,4697170
ybiY_ybiW_predicted,0.2,4,4,GTGGGAGAGCCTACGGCGTC,0,4708395
ybiY_ybiW_predicted,0.2,4,4,GTGGACATGTAGCAAGCTAT,0,4724584
ybiY_ybiW_predicted,0.2,4,4,GTGGACACGCTCTCAGGCGA,0,4719596
ybiY_ybiW_predicted,0.2,4,4,GTGGAACTGGAAGAACTTGT,0,4714440
ybiY_ybiW_predicted,0.2,4,4,GTGCTGGTTCCAACCCATGA,0,4718821
ybiY_ybiW_predicted,0.2,4,4,GTGCCTTTCTTCATAGAGTT,0,4701984
ybiY_ybiW_predicted,0.2,4,4,GTGCCGTTGAGTTACGAGTC,0,4713896
ybiY_ybiW_predicted,0.2,4,4,GTGATAGCGCGCTCCCGAGG,0,4701057
ybiY_ybiW_predicted,0.2,4,4,GTGAGTCCGTCTCTGGCCAC,0,4694502
ybiY_ybiW_predicted,0.2,4,4,GTGAGGTTTGTTACCCCATA,0,4688802
ybiY_ybiW_predicted,0.2,4,4,GTGACCATCCGCACTTTCGT,0,4707205
ybiY_ybiW_predicted,0.2,4,4,GTGAATTGACGCTGGACCTT,0,4725871
ybiY_ybiW_predicted,0.2,4,4,GTCTTCAACAGCGGTGTTGT,0,4701810
ybiY_ybiW_predicted,0.2,4,4,GTCTTAAAGCTTTGCATTTG,0,4689380
ybiY_ybiW_predicted,0.2,4,4,GTCTGTGGACACAGGACTTT,0,4691384
ybiY_ybiW_predicted,0.2,4,4,GTCTCCAGGATTTCCTACAT,0,4713995
ybiY_ybiW_predicted,0.2,4,4,GTCGCGGGGTCGTTCACCAC,0,4695819
ybiY_ybiW_predicted,0.2,4,4,GTCCTTCAGACGTCCGGCCA,0,4693547
ybiY_ybiW_predicted,0.2,4,4,GTCCCAAGCCTGCATATAGC,0,4712009
ybiY_ybiW_predicted,0.2,4,4,GTATTGCGCGATTTAATTTT,0,4699882
ybiY_ybiW_predicted,0.2,4,4,GTATGGCAAAATTCTCATGA,0,4697910
ybiY_ybiW_predicted,0.2,4,4,GTATGCCACGTTATGCAAAA,0,4704647
ybiY_ybiW_predicted,0.2,4,4,GTATAGCTCCGCTTGAGCTG,0,4695038
ybiY_ybiW_predicted,0.2,4,4,GTATAGATGAGGGACTTCTA,0,4721001
ybiY_ybiW_predicted,0.2,4,4,GTAGTTGATGGGCGAGTTGC,0,4693053
ybiY_ybiW_predicted,0.2,4,4,GTAGCGAATCCTCTTCCAGG,0,4719418
ybiY_ybiW_predicted,0.2,4,4,GTAGCCTTGCACGGTTACTA,0,4691981
ybiY_ybiW_predicted,0.2,4,4,GTAGCCTGGGCTACAACGTA,0,4732680
ybiY_ybiW_predicted,0.2,4,4,GTACCAGATAGGAAATTCCA,0,4727165
ybiY_ybiW_predicted,0.2,4,4,GTACATTGTTACGTGCCTCT,0,4693259
ybiY_ybiW_predicted,0.2,4,4,GTACAGGATTTTCCCGAGAT,0,4720677
ybiY_ybiW_predicted,0.2,4,4,GTACACGGCTAAATCTATAC,0,4714640
ybiY_ybiW_predicted,0.2,4,4,GTAATTCGTTAAGGTAAATT,0,4692285
ybiY_ybiW_predicted,0.2,4,4,GTAAGTCACAAGCTGGGCAC,0,4694105
ybiY_ybiW_predicted,0.2,4,4,GTAAGGGACAGGGCTTTATA,0,4718252
ybiY_ybiW_predicted,0.2,4,4,GTAAGAGCGTTGTCGCAATT,0,4705964
ybiY_ybiW_predicted,0.2,4,4,GTAAATAAGTTGGCAGCTAT,0,4703242
ybiY_ybiW_predicted,0.2,4,4,GGTTCAACTCTCCAGGGTCG,0,4703693
ybiY_ybiW_predicted,0.2,4,4,GGTTAGTGCATGGGCCGGTC,0,4690856
ybiY_ybiW_predicted,0.2,4,4,GGTTAACGCTCCGCCTTTAA,0,4725467
ybiY_ybiW_predicted,0.2,4,4,GGTGTATCTTTACCAGTTCG,0,4698468
ybiY_ybiW_predicted,0.2,4,4,GGTCTAGCCTTATATATTGT,0,4703700
ybiY_ybiW_predicted,0.2,4,4,GGTCCGTCCTCTCACTGCCT,0,4715229
ybiY_ybiW_predicted,0.2,4,4,GGTCCCGCAGATCCTGGGTG,0,4688655
ybiY_ybiW_predicted,0.2,4,4,GGTCAATGGTCCACCTTGCC,0,4726991
ybiY_ybiW_predicted,0.2,4,4,GGTATTGTTCATGGATAGTG,0,4705740
ybiY_ybiW_predicted,0.2,4,4,GGTATCTTGCAGATGAGGTG,0,4712641
ybiY_ybiW_predicted,0.2,4,4,GGTAGATTGCAGGTGGAACA,0,4719135
ybiY_ybiW_predicted,0.2,4,4,GGTACTAGGCGGTCTTTGAG,0,4701163
ybiY_ybiW_predicted,0.2,4,4,GGTACGCTGAAGGTGATTTT,0,4724030
ybiY_ybiW_predicted,0.2,4,4,GGTACACGTGTGCGGCCTAG,0,4691727
ybiY_ybiW_predicted,0.2,4,4,GGGTGGCTTTTCAGAGGATA,0,4722344
ybiY_ybiW_predicted,0.2,4,4,GGGTCTACGATGGCTCTTGG,0,4719053
ybiY_ybiW_predicted,0.2,4,4,GGGTATGAAAAGTAAAAAAT,0,4699371
ybiY_ybiW_predicted,0.2,4,4,GGGTATATCGTGACAGTGGA,0,4700462
ybiY_ybiW_predicted,0.2,4,4,GGGGATTTCGCTACCATGCC,0,4713686
ybiY_ybiW_predicted,0.2,4,4,GGGGACTCTATTAAATTTGC,0,4707171
ybiY_ybiW_predicted,0.2,4,4,GGGCTTAATCTTGTAGGACC,0,4731846
ybiY_ybiW_predicted,0.2,4,4,GGGCTATGTACTACATTGTC,0,4715953
ybiY_ybiW_predicted,0.2,4,4,GGGCTAGGCTGTAGAAAGGT,0,4708191
ybiY_ybiW_predicted,0.2,4,4,GGGCGGACAACAGCGAGTTC,0,4732423
ybiY_ybiW_predicted,0.2,4,4,GGGCATATAATATTTTTTCA,0,4730225
ybiY_ybiW_predicted,0.2,4,4,GGGCAGCCAGTGACCATCAT,0,4732457
ybiY_ybiW_predicted,0.2,4,4,GGGAGATTGGACCCATCAAT,0,4694192
ybiY_ybiW_predicted,0.2,4,4,GGGACGCTCATTAGTAGCGA,0,4725856
ybiY_ybiW_predicted,0.2,4,4,GGGACCTGGTAGGGGAGCTC,0,4698658
ybiY_ybiW_predicted,0.2,4,4,GGCTTCCCCCCGCGGAGTTA,0,4729621
ybiY_ybiW_predicted,0.2,4,4,GGCGTTTGGGAAAGACAATC,0,4726590
ybiY_ybiW_predicted,0.2,4,4,GGCCGCCGGGTAGTCCACAG,0,4699765
ybiY_ybiW_predicted,0.2,4,4,GGCAGTGCATGATAAAACCA,0,4697827
ybiY_ybiW_predicted,0.2,4,4,GGCACCAACCACTGGATTTA,0,4691292
ybiY_ybiW_predicted,0.2,4,4,GGCAAGCTTGCATGCGGACA,0,4694792
ybiY_ybiW_predicted,0.2,4,4,GGATTTGTTATTATTTCGAA,0,4729624
ybiY_ybiW_predicted,0.2,4,4,GGATAAATTCGTCAAAGGGG,0,4702890
ybiY_ybiW_predicted,0.2,4,4,GGAGTTGGGTCAAGTCGATA,0,4702076
ybiY_ybiW_predicted,0.2,4,4,GGAGAATGGGGGGGGTTAAA,0,4692225
ybiY_ybiW_predicted,0.2,4,4,GGACTGCGCCATGTACTACA,0,4689174
ybiY_ybiW_predicted,0.2,4,4,GGACGGCTGGTAATCCTTGT,0,4703626
ybiY_ybiW_predicted,0.2,4,4,GGACGATTCACGGCCAACCT,0,4712167
ybiY_ybiW_predicted,0.2,4,4,GGACCACATGCCTGGTCAAG,0,4690162
ybiY_ybiW_predicted,0.2,4,4,GGACATTAACTATGCCGTTA,0,4690099
ybiY_ybiW_predicted,0.2,4,4,GGACAGGTCGTAACTGTCAC,0,4688524
ybiY_ybiW_predicted,0.2,4,4,GGACACAATCTGCGGTACGG,0,4695245
ybiY_ybiW_predicted,0.2,4,4,GGAACTAACGGAATTTCTGG,0,4717755
ybiY_ybiW_predicted,0.2,4,4,GCTTTATCACGAACCTTCCT,0,4690892
ybiY_ybiW_predicted,0.2,4,4,GCTTGGCCGTTCCTCAGGCA,0,4729608
ybiY_ybiW_predicted,0.2,4,4,GCTTGGATGCTAAACACCGT,0,4689260
ybiY_ybiW_predicted,0.2,4,4,GCTGAACACGATAGTGAGAA,0,4706110
ybiY_ybiW_predicted,0.2,4,4,GCTCAGACTCGAATGTACAC,0,4719027
ybiY_ybiW_predicted,0.2,4,4,GCTACGTCGTTGCAGAGCCA,0,4699548
ybiY_ybiW_predicted,0.2,4,4,GCGTTGTGGTTCGGCATTGC,0,4723463
ybiY_ybiW_predicted,0.2,4,4,GCGTTCGAGCTGTCATTAAA,0,4709548
ybiY_ybiW_predicted,0.2,4,4,GCGTGCAACAACTACCTTAA,0,4709967
ybiY_ybiW_predicted,0.2,4,4,GCGTCGGTCCGAGCCCAGGG,0,4726691
ybiY_ybiW_predicted,0.2,4,4,GCGTATTGACGGGTCCGGCC,0,4696123
ybiY_ybiW_predicted,0.2,4,4,GCGGTTTGAAAATGCCCGGA,0,4725190
ybiY_ybiW_predicted,0.2,4,4,GCGGTACGTGGGCGGGACAC,0,4696309
ybiY_ybiW_predicted,0.2,4,4,GCGGCCTGCGCCGTTTCTTG,0,4692926
ybiY_ybiW_predicted,0.2,4,4,GCGGACTTCAAGTAAAACAG,0,4723626
ybiY_ybiW_predicted,0.2,4,4,GCGCTACTCTTATGTTTTCA,0,4704084
ybiY_ybiW_predicted,0.2,4,4,GCGCGATGGTCGTCCCGGCT,0,4704229
ybiY_ybiW_predicted,0.2,4,4,GCGCCCTTGCACGCGGCAGC,0,4694992
ybiY_ybiW_predicted,0.2,4,4,GCGCCAGACAGTTCCACGCT,0,4692666
ybiY_ybiW_predicted,0.2,4,4,GCGCATATGACACAACGGCT,0,4726669
ybiY_ybiW_predicted,0.2,4,4,GCGAGACTGCCATCGTGTGT,0,4693224
ybiY_ybiW_predicted,0.2,4,4,GCGAAAGTCCCTCGAAAAGT,0,4709320
ybiY_ybiW_predicted,0.2,4,4,GCGAAAGCGCCTAGTGACTC,0,4716257
ybiY_ybiW_predicted,0.2,4,4,GCGAAACTAGAACATACAGC,0,4724842
ybiY_ybiW_predicted,0.2,4,4,GCCTTTGCCGTCTGTTCGCT,0,4695450
ybiY_ybiW_predicted,0.2,4,4,GCCTGGAGGGCATGACGGGG,0,4695147
ybiY_ybiW_predicted,0.2,4,4,GCCTGCCTATAGTTGAGTAG,0,4695808
ybiY_ybiW_predicted,0.2,4,4,GCCGTTGTTATTAACACTCG,0,4715995
ybiY_ybiW_predicted,0.2,4,4,GCCGTCCCTGAGCATCCGTC,0,4716682
ybiY_ybiW_predicted,0.2,4,4,GCCGAATAAAACGGATGACA,0,4708534
ybiY_ybiW_predicted,0.2,4,4,GCCCTTTCTTTGTCGGCCAA,0,4713731
ybiY_ybiW_predicted,0.2,4,4,GCCCTCGGGGGCCTGAGACC,0,4727628
ybiY_ybiW_predicted,0.2,4,4,GCCATTGTTAGATGCATCTC,0,4702090
ybiY_ybiW_predicted,0.2,4,4,GCCATTCGCCGATATAGGTC,0,4691916
ybiY_ybiW_predicted,0.2,4,4,GCCACGCAGGAACATATAGG,0,4732251
ybiY_ybiW_predicted,0.2,4,4,GCATTTAGCCATGCCCCCGG,0,4702481
ybiY_ybiW_predicted,0.2,4,4,GCATTATATAAACTTCTCAA,0,4703681
ybiY_ybiW_predicted,0.2,4,4,GCAGGGGGAGACCCGAGGGC,0,4700908
ybiY_ybiW_predicted,0.2,4,4,GCAGCCACACGGAATACAAG,0,4695246
ybiY_ybiW_predicted,0.2,4,4,GCAGACAACGAGGGTGATTG,0,4726126
ybiY_ybiW_predicted,0.2,4,4,GCACGGGGCTCGCGTTTGCT,0,4731353
ybiY_ybiW_predicted,0.2,4,4,GCACCCTATGCCACAAGTCT,0,4714179
ybiY_ybiW_predicted,0.2,4,4,GCACAATGAAGAGTTCGCTA,0,4708319
ybiY_ybiW_predicted,0.2,4,4,GCAATTTCATCCCGAATGTC,0,4707423
ybiY_ybiW_predicted,0.2,4,4,GCAATCTATGCATGGCTTTT,0,4730269
ybiY_ybiW_predicted,0.2,4,4,GCAATCATCTACAGTGGAAT,0,4723947
ybiY_ybiW_predicted,0.2,4,4,GCAAGCCTAGAGCTCCTCGT,0,4710240
ybiY_ybiW_predicted,0.2,4,4,GCAAGAGAGAACTGCTCCAG,0,4724507
ybiY_ybiW_predicted,0.2,4,4,GCAACACTGACGTACCCGGG,0,4696436
ybiY_ybiW_predicted,0.2,4,4,GATTTTGCGCGCGGTATAGC,0,4724917
ybiY_ybiW_predicted,0.2,4,4,GATTGGTACCTTGTTCGACT,0,4723681
ybiY_ybiW_predicted,0.2,4,4,GATTGATGGCTTGTTGCTTG,0,4706062
ybiY_ybiW_predicted,0.2,4,4,GATGGGTCCGCGCACTTGGA,0,4722592
ybiY_ybiW_predicted,0.2,4,4,GATGGGCATTTGCGCGCGCA,0,4714866
ybiY_ybiW_predicted,0.2,4,4,GATGCGTTGTGCTAACGCCG,0,4694082
ybiY_ybiW_predicted,0.2,4,4,GATGCCATAACGTACGTAAA,0,4712662
ybiY_ybiW_predicted,0.2,4,4,GATGATATCTTTCCCTTTAG,0,4710298
ybiY_ybiW_predicted,0.2,4,4,GATCCGTAGCAACTTGCTCA,0,4731769
ybiY_ybiW_predicted,0.2,4,4,GATCCGGGGCTATTTCCTCT,0,4714205
ybiY_ybiW_predicted,0.2,4,4,GATCAAACCTCACAGGCTAT,0,4715641
ybiY_ybiW_predicted,0.2,4,4,GATATCTCGTAGTAGGCTTC,0,4711604
ybiY_ybiW_predicted,0.2,4,4,GATAACACACGTTCCGGCCA,0,4697532
ybiY_ybiW_predicted,0.2,4,4,GATAAATGTGTGTTTGCAGA,0,4695778
ybiY_ybiW_predicted,0.2,4,4,GAGTCCTCAGAGGGCTTCCG,0,4708557
ybiY_ybiW_predicted,0.2,4,4,GAGTATGGGCACATCTGTAT,0,4719548
ybiY_ybiW_predicted,0.2,4,4,GAGGGTCGCGGTCATGGTAC,0,4721707
ybiY_ybiW_predicted,0.2,4,4,GAGGGGTACCTCATAGGGTT,0,4714751
ybiY_ybiW_predicted,0.2,4,4,GAGGGACTACTCCCCTGATC,0,4719744
ybiY_ybiW_predicted,0.2,4,4,GAGCTCCGAAAGACGGCGGC,0,4705141
ybiY_ybiW_predicted,0.2,4,4,GAGCCCCCGGTGTAGGGTTT,0,4701056
ybiY_ybiW_predicted,0.2,4,4,GAGCCAATCCTGACCTCAGT,0,4727346
ybiY_ybiW_predicted,0.2,4,4,GAGAGTACACCCTGCTTACT,0,4690734
ybiY_ybiW_predicted,0.2,4,4,GAGAGAGTATTACTGGCCGT,0,4703463
ybiY_ybiW_predicted,0.2,4,4,GAGACTCTGTGATAATATAT,0,4716653
ybiY_ybiW_predicted,0.2,4,4,GAGAACATGCCAGAGTCTTG,0,4723894
ybiY_ybiW_predicted,0.2,4,4,GAGAAAAACACCTAGTATTA,0,4691635
ybiY_ybiW_predicted,0.2,4,4,GACTGTACGTACTGATTCAT,0,4717468
ybiY_ybiW_predicted,0.2,4,4,GACTCATGCGGGTAGCGCTC,0,4723840
ybiY_ybiW_predicted,0.2,4,4,GACTAAATTGGGTCCGTAAC,0,4705316
ybiY_ybiW_predicted,0.2,4,4,GACGTTGCCGCCACGTTCGT,0,4708444
ybiY_ybiW_predicted,0.2,4,4,GACGTACCAACGTGATGTAG,0,4726835
ybiY_ybiW_predicted,0.2,4,4,GACAGTTTACGGAGCAGTGC,0,4724612
ybiY_ybiW_predicted,0.2,4,4,GACAGGGTCCGCAATTCCTT,0,4713451
ybiY_ybiW_predicted,0.2,4,4,GAATATGCTATAGAGCGACA,0,4710694
ybiY_ybiW_predicted,0.2,4,4,GAAGTGTGCGGCCGCTACAT,0,4695604
ybiY_ybiW_predicted,0.2,4,4,GAAGTAAATTCTCTCATCCC,0,4715023
ybiY_ybiW_predicted,0.2,4,4,GAAGTAAATCTTGAAGATCG,0,4704243
ybiY_ybiW_predicted,0.2,4,4,GAAGGGTGCAATATTGCCGT,0,4708481
ybiY_ybiW_predicted,0.2,4,4,GAAGGCCCTATCACGATAAA,0,4726635
ybiY_ybiW_predicted,0.2,4,4,GAAGGAGGTGCGTCCCAGCT,0,4719874
ybiY_ybiW_predicted,0.2,4,4,GAACTGCGTATTGTGTGTTA,0,4702243
ybiY_ybiW_predicted,0.2,4,4,GAACGCGCTGGTACACTTAC,0,4696534
ybiY_ybiW_predicted,0.2,4,4,GAACAGGCTCACAGCGGTGT,0,4717647
ybiY_ybiW_predicted,0.2,4,4,GAAAGTGAGTAGCACTGTAA,0,4696335
ybiY_ybiW_predicted,0.2,4,4,GAAAGGTCTGCAGTCACTAT,0,4717479
ybiY_ybiW_predicted,0.2,4,4,GAAACGTTCTACCGGTCTAT,0,4713785
ybiY_ybiW_predicted,0.2,4,4,GAAAATGGTCGCCGTTGTGG,0,4719026
ybiY_ybiW_predicted,0.2,4,4,GAAAAGGACCTAGGAGACAC,0,4720958
ybiY_ybiW_predicted,0.2,4,4,CTTTCCCTACCTTAAATGGT,0,4715016
ybiY_ybiW_predicted,0.2,4,4,CTTTAAGAGAATGGTTGTAT,0,4697981
ybiY_ybiW_predicted,0.2,4,4,CTTGTTTGAAGCTCCCGAAT,0,4725659
ybiY_ybiW_predicted,0.2,4,4,CTTCGTCCAAACAGTCGATG,0,4730175
ybiY_ybiW_predicted,0.2,4,4,CTTAGAGCAACCCCCCGCGT,0,4718691
ybiY_ybiW_predicted,0.2,4,4,CTTACTGAATATAGAGCAGT,0,4693363
ybiY_ybiW_predicted,0.2,4,4,CTTAACTGGGCGGAGCCTAG,0,4714064
ybiY_ybiW_predicted,0.2,4,4,CTGTTGCGGCATGGCGGACT,0,4696198
ybiY_ybiW_predicted,0.2,4,4,CTGTATTGACAAGCTTAGGG,0,4722427
ybiY_ybiW_predicted,0.2,4,4,CTGTATACCGGCCTCACGTC,0,4689643
ybiY_ybiW_predicted,0.2,4,4,CTGTACCCCATGGTATTTGG,0,4726638
ybiY_ybiW_predicted,0.2,4,4,CTGTAAAAATTCTCCGGCTA,0,4693267
ybiY_ybiW_predicted,0.2,4,4,CTGGTCTCTTTTTATTCGGA,0,4721337
ybiY_ybiW_predicted,0.2,4,4,CTGGGACCCATTCCGGTCGC,0,4731361
ybiY_ybiW_predicted,0.2,4,4,CTGGATATAGTGTGCTGGTA,0,4688592
ybiY_ybiW_predicted,0.2,4,4,CTGGACCCGTTACCACATCT,0,4689022
ybiY_ybiW_predicted,0.2,4,4,CTGGAATTTGACCACTTGGA,0,4701419
ybiY_ybiW_predicted,0.2,4,4,CTGCCCTTCGGGGAAACTGT,0,4696887
ybiY_ybiW_predicted,0.2,4,4,CTGCAAGTTGTTAGGATATA,0,4717735
ybiY_ybiW_predicted,0.2,4,4,CTGATTTAAGTGACGGCAGA,0,4723656
ybiY_ybiW_predicted,0.2,4,4,CTGATTCACGAAACCGGGTC,0,4698466
ybiY_ybiW_predicted,0.2,4,4,CTGATATCCATTTTCAAGTA,0,4726608
ybiY_ybiW_predicted,0.2,4,4,CTGACGCTGGAGAAGGAAAT,0,4688986
ybiY_ybiW_predicted,0.2,4,4,CTCTGTTGTGTTGTAGCGGG,0,4721951
ybiY_ybiW_predicted,0.2,4,4,CTCGCCCGTATATAAAAAGT,0,4720266
ybiY_ybiW_predicted,0.2,4,4,CTCGAGTTGTAGCGTGAAAT,0,4718534
ybiY_ybiW_predicted,0.2,4,4,CTCGACGTAGGATATCTCCC,0,4700806
ybiY_ybiW_predicted,0.2,4,4,CTCCGTCATCACCCTGTCCA,0,4716226
ybiY_ybiW_predicted,0.2,4,4,CTCCCTCAACGCCGGGCGTC,0,4711012
ybiY_ybiW_predicted,0.2,4,4,CTCCCGCAACCATAAATGAC,0,4727725
ybiY_ybiW_predicted,0.2,4,4,CTCAGTTCCGCGACCGGACG,0,4690991
ybiY_ybiW_predicted,0.2,4,4,CTCAATAAACGTGCTAAAGG,0,4694419
ybiY_ybiW_predicted,0.2,4,4,CTATGGTAGCTGTGCGAGTG,0,4727365
ybiY_ybiW_predicted,0.2,4,4,CTATGGCGCTATGGTAGTGA,0,4693821
ybiY_ybiW_predicted,0.2,4,4,CTATGGAAGCGCTCGTAAAG,0,4705743
ybiY_ybiW_predicted,0.2,4,4,CTAGGTTCGGCGGAAGAGCT,0,4704546
ybiY_ybiW_predicted,0.2,4,4,CTAGGTAACGTCAACGGCTG,0,4691885
ybiY_ybiW_predicted,0.2,4,4,CTAGGGAACCGGTTCAGGAT,0,4722634
ybiY_ybiW_predicted,0.2,4,4,CTAGGCGTGTACACGCTATT,0,4702082
ybiY_ybiW_predicted,0.2,4,4,CTAGCACAGACGGCAGTACG,0,4688583
ybiY_ybiW_predicted,0.2,4,4,CTAGACTCATTTATACCTTA,0,4694452
ybiY_ybiW_predicted,0.2,4,4,CTACTGCTGAGCTAGGCGAT,0,4689741
ybiY_ybiW_predicted,0.2,4,4,CTACGGTATGTCTCAGGACA,0,4720713
ybiY_ybiW_predicted,0.2,4,4,CTACGATAAGCACTTGCTGT,0,4722847
ybiY_ybiW_predicted,0.2,4,4,CTACCCTACGCAACTGTCGC,0,4721143
ybiY_ybiW_predicted,0.2,4,4,CTACATCCAAGGCAGACGCA,0,4724309
ybiY_ybiW_predicted,0.2,4,4,CTACACTAATTCCGCATCGG,0,4720732
ybiY_ybiW_predicted,0.2,4,4,CTAAGCAACTTGTGATCGGA,0,4690467
ybiY_ybiW_predicted,0.2,4,4,CGTCGGCTGCCAGCACAGAA,0,4725036
ybiY_ybiW_predicted,0.2,4,4,CGTCCTCCCTAAGCTGATTC,0,4727522
ybiY_ybiW_predicted,0.2,4,4,CGTCACGAGAGTATGGTGCT,0,4708537
ybiY_ybiW_predicted,0.2,4,4,CGTAGGTTCAGATAGCTTCT,0,4701325
ybiY_ybiW_predicted,0.2,4,4,CGTACAAATTAATACTGGAT,0,4731004
ybiY_ybiW_predicted,0.2,4,4,CGGTGGTTAACAGTTCTTAA,0,4692538
ybiY_ybiW_predicted,0.2,4,4,CGGTCGTACACTGCGGTAAG,0,4726422
ybiY_ybiW_predicted,0.2,4,4,CGGTCCCTCTCTGTGAAAGA,0,4693534
ybiY_ybiW_predicted,0.2,4,4,CGGGTTGCAGACTTGCCAGC,0,4724281
ybiY_ybiW_predicted,0.2,4,4,CGGGTGAAGCAAAGATGGCT,0,4713457
ybiY_ybiW_predicted,0.2,4,4,CGGGGTCACTATCACGGAAA,0,4693585
ybiY_ybiW_predicted,0.2,4,4,CGGGGATTTGCTTCCCATTT,0,4707393
ybiY_ybiW_predicted,0.2,4,4,CGGGCGAAAAGAGCCTAGGC,0,4692716
ybiY_ybiW_predicted,0.2,4,4,CGGGCATCATCGTGTAGCAT,0,4714367
ybiY_ybiW_predicted,0.2,4,4,CGGGATTCCACCTCGGAAGA,0,4717291
ybiY_ybiW_predicted,0.2,4,4,CGGCTTCCTACAAAGCTTAG,0,4728780
ybiY_ybiW_predicted,0.2,4,4,CGGCTGATGCATTTTCAATC,0,4693629
ybiY_ybiW_predicted,0.2,4,4,CGGCCTGTACGCCATCAGAT,0,4695069
ybiY_ybiW_predicted,0.2,4,4,CGGCCTCCTCAGCGAATAAC,0,4713113
ybiY_ybiW_predicted,0.2,4,4,CGGCCACAAGTAGATACCGG,0,4714114
ybiY_ybiW_predicted,0.2,4,4,CGGCAGAAGGTGTGTATTAT,0,4720405
ybiY_ybiW_predicted,0.2,4,4,CGGATTATTGACGTCTATAG,0,4692223
ybiY_ybiW_predicted,0.2,4,4,CGGATCGAGAAGACGCGTTC,0,4722909
ybiY_ybiW_predicted,0.2,4,4,CGGAGTGGTCTCTCGACGGA,0,4705146
ybiY_ybiW_predicted,0.2,4,4,CGGACTGTCGGTTAGTTTAA,0,4691500
ybiY_ybiW_predicted,0.2,4,4,CGGAATGTTTCGGCTGAACT,0,4718526
ybiY_ybiW_predicted,0.2,4,4,CGCTGACTAATGGGTTCGCA,0,4720645
ybiY_ybiW_predicted,0.2,4,4,CGCGTAAAGGTTGAGAAAAA,0,4711379
ybiY_ybiW_predicted,0.2,4,4,CGCGGTGCTGTCCACGCTAG,0,4719667
ybiY_ybiW_predicted,0.2,4,4,CGCGGGATGGCACCTATACC,0,4712931
ybiY_ybiW_predicted,0.2,4,4,CGCCTTTAATTGTAGTATGC,0,4720011
ybiY_ybiW_predicted,0.2,4,4,CGCCTATGATGTGTGGGGAT,0,4730809
ybiY_ybiW_predicted,0.2,4,4,CGCCGTTAATAAGTTCATAA,0,4714498
ybiY_ybiW_predicted,0.2,4,4,CGCCACACAAACCCGGCGCC,0,4712688
ybiY_ybiW_predicted,0.2,4,4,CGCACTCAGGTATGGTCCAC,0,4694668
ybiY_ybiW_predicted,0.2,4,4,CGCACCGGTTAAACGATGCT,0,4690692
ybiY_ybiW_predicted,0.2,4,4,CGCACAGGCTCCGTATACAA,0,4732254
ybiY_ybiW_predicted,0.2,4,4,CGATTGTTCATCAGATAAAA,0,4730735
ybiY_ybiW_predicted,0.2,4,4,CGATTGGTGATCAAGCTGGA,0,4719816
ybiY_ybiW_predicted,0.2,4,4,CGATGTCCGCCCGTTTGCGA,0,4731593
ybiY_ybiW_predicted,0.2,4,4,CGATGCGACAAATCATCCTG,0,4730091
ybiY_ybiW_predicted,0.2,4,4,CGATGATATTGACACTGACA,0,4726780
ybiY_ybiW_predicted,0.2,4,4,CGATATCATCAATTAACGTA,0,4697797
ybiY_ybiW_predicted,0.2,4,4,CGAGTTGCAGTCGTTAGGGT,0,4701670
ybiY_ybiW_predicted,0.2,4,4,CGAGCGTCTAGTACGGTTTT,0,4705311
ybiY_ybiW_predicted,0.2,4,4,CGAGACGGTGCGGATTGTTT,0,4708149
ybiY_ybiW_predicted,0.2,4,4,CGAGACGGTGATAGGACGAT,0,4706408
ybiY_ybiW_predicted,0.2,4,4,CGACTTCTTAGGTTCCATCG,0,4723435
ybiY_ybiW_predicted,0.2,4,4,CGACGTTTGTCATTGTGTTA,0,4711834
ybiY_ybiW_predicted,0.2,4,4,CGACGCTGAACGCTCGGTCT,0,4695855
ybiY_ybiW_predicted,0.2,4,4,CGACCTGTTTCCATCACGCT,0,4714753
ybiY_ybiW_predicted,0.2,4,4,CGAATGGAGTAAACTCGGAG,0,4693761
ybiY_ybiW_predicted,0.2,4,4,CGAATCCCTGTAAACAGCCT,0,4731284
ybiY_ybiW_predicted,0.2,4,4,CGAACGTCAGCTTAAGAGTA,0,4704225
ybiY_ybiW_predicted,0.2,4,4,CGAACGAGGTTGGTAGATAT,0,4721949
ybiY_ybiW_predicted,0.2,4,4,CCTTGCCAGGTGGATTGAAC,0,4731214
ybiY_ybiW_predicted,0.2,4,4,CCTGTTAACTGATGAAGTGT,0,4696490
ybiY_ybiW_predicted,0.2,4,4,CCTGGGCTTACACGTCAACG,0,4707851
ybiY_ybiW_predicted,0.2,4,4,CCTCTTTTAGGCGGTCAAGG,0,4724288
ybiY_ybiW_predicted,0.2,4,4,CCTCGGCATATATTGATTAG,0,4690291
ybiY_ybiW_predicted,0.2,4,4,CCTCGCTACGGTGCAAAAGT,0,4709240
ybiY_ybiW_predicted,0.2,4,4,CCTCCTGGGACACATTACCA,0,4696821
ybiY_ybiW_predicted,0.2,4,4,CCTCATCGGAAACACCTTAG,0,4701010
ybiY_ybiW_predicted,0.2,4,4,CCTCATCCTCTTCTGATCGA,0,4717415
ybiY_ybiW_predicted,0.2,4,4,CCTACTTTAGCATACGAGTC,0,4715434
ybiY_ybiW_predicted,0.2,4,4,CCTAAGTAGGGCACTATCAC,0,4728142
ybiY_ybiW_predicted,0.2,4,4,CCGTTAGGGAATCCACCACG,0,4713501
ybiY_ybiW_predicted,0.2,4,4,CCGTTACAGTAAAGCTTGGC,0,4703564
ybiY_ybiW_predicted,0.2,4,4,CCGTGAGACAGCAACAACCA,0,4708615
ybiY_ybiW_predicted,0.2,4,4,CCGTCGGTTGGTCCGGTATT,0,4708202
ybiY_ybiW_predicted,0.2,4,4,CCGTACCGTAAGATGATGGG,0,4702152
ybiY_ybiW_predicted,0.2,4,4,CCGGGTAACGAAAGCTAGGG,0,4710337
ybiY_ybiW_predicted,0.2,4,4,CCGGATCTCTGGCTGTGGAT,0,4701960
ybiY_ybiW_predicted,0.2,4,4,CCGCGTCTGATAGCTCTCTG,0,4689395
ybiY_ybiW_predicted,0.2,4,4,CCGCGCAAAGGAACGAAGAG,0,4697225
ybiY_ybiW_predicted,0.2,4,4,CCCTTGGGGGCCAGAGGGCT,0,4712520
ybiY_ybiW_predicted,0.2,4,4,CCCTGCGTGCCACCCGCGCT,0,4714906
ybiY_ybiW_predicted,0.2,4,4,CCCTCACCAGTTATCCGAAG,0,4717150
ybiY_ybiW_predicted,0.2,4,4,CCCTATGGTCGTAATCAGGT,0,4716605
ybiY_ybiW_predicted,0.2,4,4,CCCGGAGGGCCAACATAGGC,0,4695701
ybiY_ybiW_predicted,0.2,4,4,CCCGCTGGACGTCCAAGTAC,0,4709397
ybiY_ybiW_predicted,0.2,4,4,CCCCTGGTGTTTGCCCTCAC,0,4708420
ybiY_ybiW_predicted,0.2,4,4,CCCCTGCAACTGCGCCAACC,0,4691100
ybiY_ybiW_predicted,0.2,4,4,CCCCCCGTACCCTGGCCAGG,0,4708257
ybiY_ybiW_predicted,0.2,4,4,CCCCAGTTGACAAATCGTGG,0,4725700
ybiY_ybiW_predicted,0.2,4,4,CCCATTTTGAGGGGTGGCCT,0,4713209
ybiY_ybiW_predicted,0.2,4,4,CCCATCCAGCATATTGACAA,0,4719073
ybiY_ybiW_predicted,0.2,4,4,CCCAACTGGTCCAGATTTAT,0,4718271
ybiY_ybiW_predicted,0.2,4,4,CCATTGGCGTTATTGTAAGA,0,4713170
ybiY_ybiW_predicted,0.2,4,4,CCATCGTTAATCAAACTTTC,0,4700090
ybiY_ybiW_predicted,0.2,4,4,CCATCCGACATTTAAAGCGA,0,4724679
ybiY_ybiW_predicted,0.2,4,4,CCATAGGGCACGACAATGCA,0,4711085
ybiY_ybiW_predicted,0.2,4,4,CCATAATTAGTCCGGAGTGT,0,4720276
ybiY_ybiW_predicted,0.2,4,4,CCAGTCCACAGGTCCAGGAT,0,4708588
ybiY_ybiW_predicted,0.2,4,4,CCACTCCGGGACGATCGGTT,0,4731836
ybiY_ybiW_predicted,0.2,4,4,CCACCGTGGCCAGAGCGCAG,0,4719002
ybiY_ybiW_predicted,0.2,4,4,CCAATCAGGAGTAAGCATCA,0,4725872
ybiY_ybiW_predicted,0.2,4,4,CCAACCACGTGACATGATTG,0,4719786
ybiY_ybiW_predicted,0.2,4,4,CCAAAGAAATAAATTGTTAT,0,4703889
ybiY_ybiW_predicted,0.2,4,4,CATTTAATTCGGCCCATATC,0,4705581
ybiY_ybiW_predicted,0.2,4,4,CATTGGTCAAAAGTGCGCTT,0,4693242
ybiY_ybiW_predicted,0.2,4,4,CATTCTGATATTCTAAGCCA,0,4695557
ybiY_ybiW_predicted,0.2,4,4,CATTCGGCCCCTTTTCGACT,0,4711807
ybiY_ybiW_predicted,0.2,4,4,CATGGGCAAGCGGAGAGGCC,0,4717255
ybiY_ybiW_predicted,0.2,4,4,CATCTGTCTGCAAACAGAGA,0,4712783
ybiY_ybiW_predicted,0.2,4,4,CATCTCCGGAGGCTCTGGAT,0,4723802
ybiY_ybiW_predicted,0.2,4,4,CATCGCAAATGAATAGCTCA,0,4721390
ybiY_ybiW_predicted,0.2,4,4,CATCCGCGATTAGGGCGAAT,0,4698641
ybiY_ybiW_predicted,0.2,4,4,CATCAAAGTGCACCGGGCGT,0,4715912
ybiY_ybiW_predicted,0.2,4,4,CATATTTGCAAACCGTCCTT,0,4700085
ybiY_ybiW_predicted,0.2,4,4,CATAGGCTCGTCCTGCTCAG,0,4711591
ybiY_ybiW_predicted,0.2,4,4,CATAACGAAACGAGATCCGG,0,4730901
ybiY_ybiW_predicted,0.2,4,4,CAGTGTTTTGAGCCGCTGCA,0,4723368
ybiY_ybiW_predicted,0.2,4,4,CAGTACGTCTGTTAACAATT,0,4709717
ybiY_ybiW_predicted,0.2,4,4,CAGGGGTACGCCGCCTCAGG,0,4730842
ybiY_ybiW_predicted,0.2,4,4,CAGGGACTATCGTTGGCTAT,0,4714166
ybiY_ybiW_predicted,0.2,4,4,CAGGAACTGCGCCTGTATGA,0,4721313
ybiY_ybiW_predicted,0.2,4,4,CAGCTCTTCGCAGTCCATTA,0,4717490
ybiY_ybiW_predicted,0.2,4,4,CAGATATGATAGCATCACCA,0,4690716
ybiY_ybiW_predicted,0.2,4,4,CAGAGTGGATTCCATCGTTT,0,4716427
ybiY_ybiW_predicted,0.2,4,4,CAGAATCGGAAATTAGAGTT,0,4731613
ybiY_ybiW_predicted,0.2,4,4,CAGAAACGGATTTACAGGTC,0,4726609
ybiY_ybiW_predicted,0.2,4,4,CACTTCTGTAAGACCGATAT,0,4701520
ybiY_ybiW_predicted,0.2,4,4,CACTCCCATACATACGAGTT,0,4702902
ybiY_ybiW_predicted,0.2,4,4,CACTCCCACATGCATGAGTA,0,4730090
ybiY_ybiW_predicted,0.2,4,4,CACTATGAAACTCGACCAGG,0,4720358
ybiY_ybiW_predicted,0.2,4,4,CACGGCAAAAGGCCGAGGCT,0,4692961
ybiY_ybiW_predicted,0.2,4,4,CACGAGGTCGTCTCGGGCTG,0,4703847
ybiY_ybiW_predicted,0.2,4,4,CACCAGTAATACCGGTTATC,0,4721750
ybiY_ybiW_predicted,0.2,4,4,CACATTCAAAAGAATCTCAC,0,4721057
ybiY_ybiW_predicted,0.2,4,4,CAATTGTAGCACATTGCCTT,0,4727532
ybiY_ybiW_predicted,0.2,4,4,CAATTAAATGTCACACGCTG,0,4726274
ybiY_ybiW_predicted,0.2,4,4,CAATGGGAAAACGTCCGCAT,0,4709004
ybiY_ybiW_predicted,0.2,4,4,CAAGTACTTGCGAGCCCAAG,0,4718341
ybiY_ybiW_predicted,0.2,4,4,CAAGGTTTATCTGGTGCCGA,0,4726150
ybiY_ybiW_predicted,0.2,4,4,CAAGCTTCGGCGACTCGGTG,0,4704729
ybiY_ybiW_predicted,0.2,4,4,CAACGTTTGCACCACCCCCT,0,4699999
ybiY_ybiW_predicted,0.2,4,4,CAACCAGGGGGTGTCTCGTT,0,4696974
ybiY_ybiW_predicted,0.2,4,4,CAACAGTATTAGTGTCGGTT,0,4717804
ybiY_ybiW_predicted,0.2,4,4,CAAATCTGTACCGACCGGTG,0,4728347
ybiY_ybiW_predicted,0.2,4,4,CAAAGCGGCAGGCGGCCCCA,0,4723417
ybiY_ybiW_predicted,0.2,4,4,CAAAATGATCGCGGACAAAA,0,4720304
ybiY_ybiW_predicted,0.2,4,4,CAAAAAGCGTACCGGTCGGA,0,4716911
ybiY_ybiW_predicted,0.2,4,4,ATTTTCGTCAAGTCTTGTGG,0,4704123
ybiY_ybiW_predicted,0.2,4,4,ATTTTATCATAGTTCGTTCG,0,4728299
ybiY_ybiW_predicted,0.2,4,4,ATTTTACAAGCGTCGATGGG,0,4691287
ybiY_ybiW_predicted,0.2,4,4,ATTTGCCTTAGTACATGCTT,0,4690340
ybiY_ybiW_predicted,0.2,4,4,ATTTCGGGCCTATCTGGGCT,0,4712303
ybiY_ybiW_predicted,0.2,4,4,ATTTATTGAGCAGCCAAACC,0,4726471
ybiY_ybiW_predicted,0.2,4,4,ATTGTGTGAGAATAAATGAC,0,4699035
ybiY_ybiW_predicted,0.2,4,4,ATTGTGGCGCCCTGAGGTAG,0,4718619
ybiY_ybiW_predicted,0.2,4,4,ATTGACCTCTTTAGAACGGA,0,4722081
ybiY_ybiW_predicted,0.2,4,4,ATTCTTACGCTAGTGAAAGT,0,4700279
ybiY_ybiW_predicted,0.2,4,4,ATTCGTTCGTTTGAAACCCT,0,4700676
ybiY_ybiW_predicted,0.2,4,4,ATTCGGCTCAAACTGATTAC,0,4724169
ybiY_ybiW_predicted,0.2,4,4,ATTCCGTTTTGAGGGAGTAG,0,4690090
ybiY_ybiW_predicted,0.2,4,4,ATTCCCGTAAAGAGTACATT,0,4691448
ybiY_ybiW_predicted,0.2,4,4,ATTCATTACCGCTATTCGGT,0,4730316
ybiY_ybiW_predicted,0.2,4,4,ATTCACGATGTGCCAGTATC,0,4709157
ybiY_ybiW_predicted,0.2,4,4,ATTAGTGTCAGCGGTGATTA,0,4718775
ybiY_ybiW_predicted,0.2,4,4,ATTAGCAAGAAAGACCGCCG,0,4708823
ybiY_ybiW_predicted,0.2,4,4,ATTACGGCAGCCGCTCCCCA,0,4715055
ybiY_ybiW_predicted,0.2,4,4,ATTAAGTACTCTTTGCAGAG,0,4699181
ybiY_ybiW_predicted,0.2,4,4,ATGTATCTGGAAACCGCTGT,0,4716582
ybiY_ybiW_predicted,0.2,4,4,ATGTAAACGACCTTCAACTT,0,4715375
ybiY_ybiW_predicted,0.2,4,4,ATGGCCTTATGGGTGAGGAC,0,4705148
ybiY_ybiW_predicted,0.2,4,4,ATGGACCGATATCCTCTCTT,0,4689362
ybiY_ybiW_predicted,0.2,4,4,ATGCTGATCGGAGGGGGGGG,0,4730172
ybiY_ybiW_predicted,0.2,4,4,ATGCGAATTTTATTACGTTA,0,4716466
ybiY_ybiW_predicted,0.2,4,4,ATGCCGCCTTATTCCGACTT,0,4712031
ybiY_ybiW_predicted,0.2,4,4,ATGCCGACGAGACGATTTAA,0,4731239
ybiY_ybiW_predicted,0.2,4,4,ATGCATCATTCGTACAGTAC,0,4718697
ybiY_ybiW_predicted,0.2,4,4,ATGAAGTCTCTTAGGGATAT,0,4721702
ybiY_ybiW_predicted,0.2,4,4,ATCTTTTGAAAGTCTGTCGC,0,4716168
ybiY_ybiW_predicted,0.2,4,4,ATCTTATGCCTAATGGCCAG,0,4714299
ybiY_ybiW_predicted,0.2,4,4,ATCTTATCATGGCCCCCGGA,0,4728025
ybiY_ybiW_predicted,0.2,4,4,ATCTGTTCAATTTCAGCACC,0,4696650
ybiY_ybiW_predicted,0.2,4,4,ATCTGCGCTCCATGCATGCT,0,4700177
ybiY_ybiW_predicted,0.2,4,4,ATCTGCCGTTGGGGGCGTCC,0,4729344
ybiY_ybiW_predicted,0.2,4,4,ATCTGCAAGCGTGGGCTTGT,0,4724286
ybiY_ybiW_predicted,0.2,4,4,ATCTCAAGCCAGGGAGGCTT,0,4702772
ybiY_ybiW_predicted,0.2,4,4,ATCGTACAACTTAAAGCAGT,0,4706535
ybiY_ybiW_predicted,0.2,4,4,ATCCTCCGTAAACTCTTTTG,0,4717695
ybiY_ybiW_predicted,0.2,4,4,ATCCGCATCCTACGCCGCGG,0,4692810
ybiY_ybiW_predicted,0.2,4,4,ATCCCTGGACTTACAAGCCG,0,4723995
ybiY_ybiW_predicted,0.2,4,4,ATCCACTCTAGGCTTAACAA,0,4695730
ybiY_ybiW_predicted,0.2,4,4,ATCAGCTAGGGGATTGGAAG,0,4715309
ybiY_ybiW_predicted,0.2,4,4,ATCAATATTTCAGTAGAGTA,0,4695223
ybiY_ybiW_predicted,0.2,4,4,ATATGGACTGGCGCTCAGTG,0,4709140
ybiY_ybiW_predicted,0.2,4,4,ATATACTAGCATAACATGAT,0,4729713
ybiY_ybiW_predicted,0.2,4,4,ATATAACTTGAATGGCGGTA,0,4725701
ybiY_ybiW_predicted,0.2,4,4,ATAGTTAGCTGTGCTTCCCC,0,4730318
ybiY_ybiW_predicted,0.2,4,4,ATAGTGTCCACAGAGATGCC,0,4703620
ybiY_ybiW_predicted,0.2,4,4,ATAGCGAATGTTCCAGGAAT,0,4730084
ybiY_ybiW_predicted,0.2,4,4,ATACTGGGGGTCACACGTAA,0,4704414
ybiY_ybiW_predicted,0.2,4,4,ATACTCTAATTTTATCTAGG,0,4693972
ybiY_ybiW_predicted,0.2,4,4,ATACTACCAGGGGGAGACTG,0,4700031
ybiY_ybiW_predicted,0.2,4,4,ATACGATGCTGCATTGATTC,0,4730737
ybiY_ybiW_predicted,0.2,4,4,ATACCACGTGTGTACGTCTC,0,4726297
ybiY_ybiW_predicted,0.2,4,4,ATACATACGAGACGGCATCA,0,4702188
ybiY_ybiW_predicted,0.2,4,4,ATAAACGGTCGCAGGCGTCC,0,4690124
ybiY_ybiW_predicted,0.2,4,4,ATAAAAGTTAATATTAAGTA,0,4692513
ybiY_ybiW_predicted,0.2,4,4,AGTTCTAGATGATAGGTCCA,0,4690691
ybiY_ybiW_predicted,0.2,4,4,AGTTCGTGTATAAGTGGACA,0,4722145
ybiY_ybiW_predicted,0.2,4,4,AGTTCGGCACTTGTAGGGGA,0,4714450
ybiY_ybiW_predicted,0.2,4,4,AGTTAAGCGCAGACGGAACT,0,4710801
ybiY_ybiW_predicted,0.2,4,4,AGTTAAGCGACAGCCTACGT,0,4688630
ybiY_ybiW_predicted,0.2,4,4,AGTGGTAATCAGCAATACGA,0,4693622
ybiY_ybiW_predicted,0.2,4,4,AGTCTTCGCGATAATGAGAT,0,4731674
ybiY_ybiW_predicted,0.2,4,4,AGTCTACTTACACTTGATGG,0,4728869
ybiY_ybiW_predicted,0.2,4,4,AGTCGGGGTAGGAGACTTCG,0,4722887
ybiY_ybiW_predicted,0.2,4,4,AGTCGCTCACAAAGATAGTT,0,4699402
ybiY_ybiW_predicted,0.2,4,4,AGTCGAGCCCGGTATGCTTA,0,4699799
ybiY_ybiW_predicted,0.2,4,4,AGTCACGCACCCACTGACTC,0,4707202
ybiY_ybiW_predicted,0.2,4,4,AGTATGATACGCCTAGCTCG,0,4730807
ybiY_ybiW_predicted,0.2,4,4,AGTACCGTGTCCTGCACCGT,0,4700297
ybiY_ybiW_predicted,0.2,4,4,AGGTGAAAGAACTAATTGTC,0,4692872
ybiY_ybiW_predicted,0.2,4,4,AGGTCCGGACTTTTTCCCGG,0,4698781
ybiY_ybiW_predicted,0.2,4,4,AGGTAGTGAGGTACGTCCTG,0,4730898
ybiY_ybiW_predicted,0.2,4,4,AGGTACTTACTCCAACGGTT,0,4692146
ybiY_ybiW_predicted,0.2,4,4,AGGGTGCTGATTCGTCGGAC,0,4713369
ybiY_ybiW_predicted,0.2,4,4,AGGGGTTCCGGCCAATGGGC,0,4725093
ybiY_ybiW_predicted,0.2,4,4,AGGGAGGAGTCCTAGACTTA,0,4696746
ybiY_ybiW_predicted,0.2,4,4,AGGCTTTTTACGTTAAGTCT,0,4691927
ybiY_ybiW_predicted,0.2,4,4,AGGCTGCGCCCGGGATCCCG,0,4689131
ybiY_ybiW_predicted,0.2,4,4,AGGCCATGAGCCCCCGGAAT,0,4704864
ybiY_ybiW_predicted,0.2,4,4,AGGCCACGCCTAGAATTCCG,0,4703549
ybiY_ybiW_predicted,0.2,4,4,AGGCCAATGTCGTGGTGTTG,0,4721618
ybiY_ybiW_predicted,0.2,4,4,AGGCCAATCGGTTCCCCCCT,0,4717193
ybiY_ybiW_predicted,0.2,4,4,AGGCAGGGCGTCAGCACTGA,0,4700697
ybiY_ybiW_predicted,0.2,4,4,AGGATAGTTCCCTCAGTGAC,0,4730076
ybiY_ybiW_predicted,0.2,4,4,AGGAGTGGGCGATAAAGGGT,0,4718693
ybiY_ybiW_predicted,0.2,4,4,AGGACTAATAAACCGTTGAC,0,4720412
ybiY_ybiW_predicted,0.2,4,4,AGGACCCACCACCCAGACTT,0,4705583
ybiY_ybiW_predicted,0.2,4,4,AGCTGTCTAAGCGGAAAAAC,0,4694816
ybiY_ybiW_predicted,0.2,4,4,AGCTGGTCCGTATTGCCTAC,0,4697391
ybiY_ybiW_predicted,0.2,4,4,AGCTCCGCGAGCTTCCCAAG,0,4713337
ybiY_ybiW_predicted,0.2,4,4,AGCTAAGCGCTAAAATGGGA,0,4729455
ybiY_ybiW_predicted,0.2,4,4,AGCGTTCTAGCACACGGTCG,0,4690093
ybiY_ybiW_predicted,0.2,4,4,AGCGTGAGGTATCAGAGATG,0,4728356
ybiY_ybiW_predicted,0.2,4,4,AGCGTCGGGGGCGTTCTCGT,0,4704767
ybiY_ybiW_predicted,0.2,4,4,AGCGCTAGGGAGGAGGATGA,0,4702507
ybiY_ybiW_predicted,0.2,4,4,AGCGCCGACCAACCTACAAA,0,4732430
ybiY_ybiW_predicted,0.2,4,4,AGCGATGGTCATAGCTTAAC,0,4689300
ybiY_ybiW_predicted,0.2,4,4,AGCCGCTACGGTAGCGCAGG,0,4706214
ybiY_ybiW_predicted,0.2,4,4,AGCCCCCCGAAAGTTTGATT,0,4720675
ybiY_ybiW_predicted,0.2,4,4,AGCCACATCTCTACTTCACG,0,4707322
ybiY_ybiW_predicted,0.2,4,4,AGCATAGAAATCTCCTTTTA,0,4722099
ybiY_ybiW_predicted,0.2,4,4,AGCATAAGACGAGGTCACCA,0,4692478
ybiY_ybiW_predicted,0.2,4,4,AGCAGCAGAAAGGAACGAGG,0,4702698
ybiY_ybiW_predicted,0.2,4,4,AGCACGTGTTGCGTAATGGA,0,4693078
ybiY_ybiW_predicted,0.2,4,4,AGATCGAGAGGCCGAAGAAC,0,4719802
ybiY_ybiW_predicted,0.2,4,4,AGATCATCGTAAGCCCACAA,0,4691150
ybiY_ybiW_predicted,0.2,4,4,AGATCAGTCATCCAGTGGAT,0,4729722
ybiY_ybiW_predicted,0.2,4,4,AGAGTGATCTGTCTGAAAGG,0,4722975
ybiY_ybiW_predicted,0.2,4,4,AGAGTCCCGACATACGGATA,0,4693683
ybiY_ybiW_predicted,0.2,4,4,AGAGTATCGACAGAGTCAGA,0,4701165
ybiY_ybiW_predicted,0.2,4,4,AGACTACTTTGCGTTCGTAT,0,4714202
ybiY_ybiW_predicted,0.2,4,4,AGACTAATTATTTACAAGCG,0,4701490
ybiY_ybiW_predicted,0.2,4,4,AGACCTGCCCGCCAGGGATT,0,4712331
ybiY_ybiW_predicted,0.2,4,4,AGACCGGTGGCCCGCGGTTT,0,4708690
ybiY_ybiW_predicted,0.2,4,4,AGACCCGAACTATCCCCGGA,0,4688850
ybiY_ybiW_predicted,0.2,4,4,AGAATGAAAGAGAGCAGTGT,0,4703731
ybiY_ybiW_predicted,0.2,4,4,AGAACTTCGTTGAGTTACCG,0,4699071
ybiY_ybiW_predicted,0.2,4,4,AGAACGGACCTGAGAGCAGC,0,4721054
ybiY_ybiW_predicted,0.2,4,4,AGAACATGTGTTGGGTTGCA,0,4694436
ybiY_ybiW_predicted,0.2,4,4,ACTTTTACAAGCGTCGATAT,0,4712737
ybiY_ybiW_predicted,0.2,4,4,ACTTGCCAGAGTAGCGGCGA,0,4697539
ybiY_ybiW_predicted,0.2,4,4,ACTTCCCGTAACATCACAGA,0,4701275
ybiY_ybiW_predicted,0.2,4,4,ACTTCCCACTCCACCTGATC,0,4706512
ybiY_ybiW_predicted,0.2,4,4,ACTTCCAAGCACCAAGACTA,0,4712234
ybiY_ybiW_predicted,0.2,4,4,ACTTACATGTGCTACAGGAT,0,4725893
ybiY_ybiW_predicted,0.2,4,4,ACTGGTCTGTATACGCGGGG,0,4710180
ybiY_ybiW_predicted,0.2,4,4,ACTGGCCGACGGTCCCCGAC,0,4724448
ybiY_ybiW_predicted,0.2,4,4,ACTCAACGTTGGTAACTCTT,0,4717884
ybiY_ybiW_predicted,0.2,4,4,ACTCAACCCCCTTGCCTTAA,0,4727176
ybiY_ybiW_predicted,0.2,4,4,ACTAGTTTACTGGATGACCA,0,4696189
ybiY_ybiW_predicted,0.2,4,4,ACTACGGCTAGATGTCCATC,0,4709313
ybiY_ybiW_predicted,0.2,4,4,ACTAACTGGCGTGAAGTTCT,0,4706179
ybiY_ybiW_predicted,0.2,4,4,ACGTTGACTGGCATCCTCGA,0,4700336
ybiY_ybiW_predicted,0.2,4,4,ACGTTCTCTGAATGTTCCAT,0,4694794
ybiY_ybiW_predicted,0.2,4,4,ACGTGCCCATGCGTCCAGAA,0,4711099
ybiY_ybiW_predicted,0.2,4,4,ACGTCCGTGAATGATACAGT,0,4695035
ybiY_ybiW_predicted,0.2,4,4,ACGTAGCTCAAAAGTCAACT,0,4723067
ybiY_ybiW_predicted,0.2,4,4,ACGTACTGCCCTAGGCTAAT,0,4717770
ybiY_ybiW_predicted,0.2,4,4,ACGGTTGGGACTACCCCGCT,0,4699194
ybiY_ybiW_predicted,0.2,4,4,ACGGTTCACTCTCGAGCATG,0,4731594
ybiY_ybiW_predicted,0.2,4,4,ACGGTGCAAATGATGGTTCT,0,4698623
ybiY_ybiW_predicted,0.2,4,4,ACGGGCAAGGTGATCGTCAC,0,4712397
ybiY_ybiW_predicted,0.2,4,4,ACGGCTTGGGGTATGTAAGT,0,4689640
ybiY_ybiW_predicted,0.2,4,4,ACGGCTGCCGTAGTTCATGC,0,4723701
ybiY_ybiW_predicted,0.2,4,4,ACGGATGCACGGGGTAAGCC,0,4717817
ybiY_ybiW_predicted,0.2,4,4,ACGGAATTGCTGCGGGCATG,0,4707270
ybiY_ybiW_predicted,0.2,4,4,ACGCGTACGGTCACCCCGAT,0,4702289
ybiY_ybiW_predicted,0.2,4,4,ACGCGGCCATCAAGACGCGA,0,4709008
ybiY_ybiW_predicted,0.2,4,4,ACGCCTGTATGCGCCAAGTA,0,4727703
ybiY_ybiW_predicted,0.2,4,4,ACGCCTAGCGCGGAGGCCTA,0,4695120
ybiY_ybiW_predicted,0.2,4,4,ACGCAGGACCCACTTACGAG,0,4726399
ybiY_ybiW_predicted,0.2,4,4,ACGATGACGTGCAAGTCGTC,0,4707857
ybiY_ybiW_predicted,0.2,4,4,ACGAGCTTGAGCTGGTTCTC,0,4725063
ybiY_ybiW_predicted,0.2,4,4,ACGACCACCCAACCCAAGCA,0,4722978
ybiY_ybiW_predicted,0.2,4,4,ACGACATGGTACGACAGGCT,0,4720259
ybiY_ybiW_predicted,0.2,4,4,ACCTTGGTGTGGAATATGAG,0,4713890
ybiY_ybiW_predicted,0.2,4,4,ACCTTGCTTGTACGTATCCG,0,4723838
ybiY_ybiW_predicted,0.2,4,4,ACCTAGTGTAACCGCATTGA,0,4704509
ybiY_ybiW_predicted,0.2,4,4,ACCTACAGAGGCCCAAAACT,0,4699018
ybiY_ybiW_predicted,0.2,4,4,ACCGTGGTATTGGTATACTC,0,4724837
ybiY_ybiW_predicted,0.2,4,4,ACCGGGTCAGATGTCCTATA,0,4710917
ybiY_ybiW_predicted,0.2,4,4,ACCGGGTCAATCAGCCCAGC,0,4711640
ybiY_ybiW_predicted,0.2,4,4,ACCGGGACCTGGGGAGGCCA,0,4690606
ybiY_ybiW_predicted,0.2,4,4,ACCGCTGCCTACATTTATAC,0,4731383
ybiY_ybiW_predicted,0.2,4,4,ACCGCTATCCAGGGGGGCCT,0,4703786
ybiY_ybiW_predicted,0.2,4,4,ACCGCCGGCCGATAACGAGC,0,4704465
ybiY_ybiW_predicted,0.2,4,4,ACCGCCCGCGCGTAGAGCCA,0,4721593
ybiY_ybiW_predicted,0.2,4,4,ACCGATATTATACTCCCGAA,0,4712111
ybiY_ybiW_predicted,0.2,4,4,ACCGAGCCCACTACTAACGT,0,4695574
ybiY_ybiW_predicted,0.2,4,4,ACCCTAATCCTGTGTAACAC,0,4706213
ybiY_ybiW_predicted,0.2,4,4,ACCCGAGTATCGCGCAATTG,0,4714168
ybiY_ybiW_predicted,0.2,4,4,ACCCCTCCAGCACCAGGGTA,0,4710915
ybiY_ybiW_predicted,0.2,4,4,ACCCCGCTCTGGTGCATCCG,0,4711645
ybiY_ybiW_predicted,0.2,4,4,ACCCAAGCCCATCGGGGTGT,0,4716613
ybiY_ybiW_predicted,0.2,4,4,ACCATACACAATTAACTGGA,0,4724746
ybiY_ybiW_predicted,0.2,4,4,ACCACCCTCTAACGCCAATT,0,4728032
ybiY_ybiW_predicted,0.2,4,4,ACATTTGTTTACGCGTTTAT,0,4716866
ybiY_ybiW_predicted,0.2,4,4,ACATGAGTAATCAGTTCTTA,0,4719308
ybiY_ybiW_predicted,0.2,4,4,ACATGAGCTCGGACCCACGA,0,4698435
ybiY_ybiW_predicted,0.2,4,4,ACATCGGCGACATGTCCATC,0,4689206
ybiY_ybiW_predicted,0.2,4,4,ACATAGGATACTTCGAACTT,0,4691610
ybiY_ybiW_predicted,0.2,4,4,ACATAAGAGTGACTAAACGA,0,4710710
ybiY_ybiW_predicted,0.2,4,4,ACAGTCCTTGCCCAGTCCAA,0,4719632
ybiY_ybiW_predicted,0.2,4,4,ACAGGATCGATTTACGGTAC,0,4690731
ybiY_ybiW_predicted,0.2,4,4,ACAGAACTCCTTTGCCCTGG,0,4724450
ybiY_ybiW_predicted,0.2,4,4,ACACGCGGCAGTGTGTAGAT,0,4696839
ybiY_ybiW_predicted,0.2,4,4,ACACATTCAGTTAGATTTCG,0,4718206
ybiY_ybiW_predicted,0.2,4,4,ACACAGGGGAACGTTTTCAA,0,4714310
ybiY_ybiW_predicted,0.2,4,4,AATTTACGCTTCTCAGAACA,0,4689956
ybiY_ybiW_predicted,0.2,4,4,AATTGGCTATCGAATCTAGG,0,4710208
ybiY_ybiW_predicted,0.2,4,4,AATTGCATAGAGGGAGAAAA,0,4707108
ybiY_ybiW_predicted,0.2,4,4,AATTCTGGACGGAGCCGGCG,0,4731258
ybiY_ybiW_predicted,0.2,4,4,AATTCTGACTGACGGGGGAC,0,4718142
ybiY_ybiW_predicted,0.2,4,4,AATTCGATCGAACCGCCATG,0,4717650
ybiY_ybiW_predicted,0.2,4,4,AATTCGAGCTTTGTAGCTCT,0,4699338
ybiY_ybiW_predicted,0.2,4,4,AATTCCTGTAGATACTGTTA,0,4703234
ybiY_ybiW_predicted,0.2,4,4,AATTAGTTGACATTTGCCAG,0,4707403
ybiY_ybiW_predicted,0.2,4,4,AATGTTTGTCTCTCAGGTCG,0,4688654
ybiY_ybiW_predicted,0.2,4,4,AATGAGCTCAGAGTAAAGCG,0,4715033
ybiY_ybiW_predicted,0.2,4,4,AATGACGTAAGTAACGTGCA,0,4714262
ybiY_ybiW_predicted,0.2,4,4,AATGACGCCTCATACCACAG,0,4692974
ybiY_ybiW_predicted,0.2,4,4,AATCTGGGGATGGGCCACGT,0,4730464
ybiY_ybiW_predicted,0.2,4,4,AATCCGCCAAAGAAAACTTG,0,4716924
ybiY_ybiW_predicted,0.2,4,4,AATCCAGCTATTCGTTACAT,0,4719552
ybiY_ybiW_predicted,0.2,4,4,AATACTACTATGTCTCTAGA,0,4690213
ybiY_ybiW_predicted,0.2,4,4,AATACCGCCCCACGACCGAA,0,4717891
ybiY_ybiW_predicted,0.2,4,4,AATAAAGGACTGGATGGGCT,0,4690125
ybiY_ybiW_predicted,0.2,4,4,AAGTTTGGGACGAGTGCCAT,0,4707693
ybiY_ybiW_predicted,0.2,4,4,AAGTTTGATAGGTGGCATTG,0,4718372
ybiY_ybiW_predicted,0.2,4,4,AAGTTCTTCGCCGGTACGAA,0,4709661
ybiY_ybiW_predicted,0.2,4,4,AAGTCGATGCGATAGGGTGA,0,4719417
ybiY_ybiW_predicted,0.2,4,4,AAGGGTAAGTAGGCTGGTAC,0,4707641
ybiY_ybiW_predicted,0.2,4,4,AAGGCTCCCAATTAGGGAGG,0,4720882
ybiY_ybiW_predicted,0.2,4,4,AAGGCAACGTGACCACGCAG,0,4719947
ybiY_ybiW_predicted,0.2,4,4,AAGCTTTAAGCGGGCGTAGA,0,4724721
ybiY_ybiW_predicted,0.2,4,4,AAGCGTGATATTATCGTGGC,0,4688627
ybiY_ybiW_predicted,0.2,4,4,AAGCGAGGGGCCATATGTAG,0,4688868
ybiY_ybiW_predicted,0.2,4,4,AAGCACCGCCTGAGCTGGTC,0,4708815
ybiY_ybiW_predicted,0.2,4,4,AAGAGCATTTCTTGAAGTCT,0,4711382
ybiY_ybiW_predicted,0.2,4,4,AACTGTCTGATTGGTGCATT,0,4704230
ybiY_ybiW_predicted,0.2,4,4,AACTGGTACGCATTATGGCG,0,4706914
ybiY_ybiW_predicted,0.2,4,4,AACTGGCTAAACGTATCTTC,0,4691847
ybiY_ybiW_predicted,0.2,4,4,AACGTCTAGAAGATGAATTT,0,4722518
ybiY_ybiW_predicted,0.2,4,4,AACGTATGGAGGTGCTGAAG,0,4730481
ybiY_ybiW_predicted,0.2,4,4,AACGGGCATGCTGGGACTAG,0,4704394
ybiY_ybiW_predicted,0.2,4,4,AACGGATAGGCAGGCCTTGC,0,4720387
ybiY_ybiW_predicted,0.2,4,4,AACGATTCTCTGGTTTAAAT,0,4694277
ybiY_ybiW_predicted,0.2,4,4,AACGACTCAGAATGCCATTC,0,4722259
ybiY_ybiW_predicted,0.2,4,4,AACCGTCCCAATTCTCCTTT,0,4730994
ybiY_ybiW_predicted,0.2,4,4,AACATTCGGTGGGTCATTTG,0,4724250
ybiY_ybiW_predicted,0.2,4,4,AACATGCCTGGGATTGCGGA,0,4688653
ybiY_ybiW_predicted,0.2,4,4,AACATCGGGGACGCGCCAGA,0,4721968
ybiY_ybiW_predicted,0.2,4,4,AACACCAGAGATTGTTCGGA,0,4728946
ybiY_ybiW_predicted,0.2,4,4,AAATGGGTAAAATCTATGTG,0,4715237
ybiY_ybiW_predicted,0.2,4,4,AAATAACGACTAGACAGGGT,0,4706453
ybiY_ybiW_predicted,0.2,4,4,AAAGGGCGACATCGTATTAA,0,4715433
ybiY_ybiW_predicted,0.2,4,4,AAAGGGATTCCCACCTTGGA,0,4726968
ybiY_ybiW_predicted,0.2,4,4,AAAGCGAGAGGGCCAGATGA,0,4710490
ybiY_ybiW_predicted,0.2,4,4,AAAGCCAATCGGTCGCCCCG,0,4709940
ybiY_ybiW_predicted,0.2,4,4,AAAGCACATGCCGATACAGT,0,4708524
ybiY_ybiW_predicted,0.2,4,4,AAAGAATGAGGATCACCTTA,0,4729925
ybiY_ybiW_predicted,0.2,4,4,AAACCAACCACAAGACTAAA,0,4691498
ybiY_ybiW_predicted,0.2,4,4,AAAAGTTTCTCGTTGGTTGG,0,4710987
ybiY_ybiW_predicted,0.2,4,4,AAAAGCCGATTTCATAAGAA,0,4708659
ybiY_ybiW_predicted,0.2,4,4,AAAAAAAAGAGCCCTTACTA,0,4704256
ybiY_ybiW_predicted,0.25,3,3,TTTTTTACCCTGAATAGGAT,0,4732233
ybiY_ybiW_predicted,0.25,3,3,TTTTGTTGAGGTGTGTGAAA,0,4732737
ybiY_ybiW_predicted,0.25,3,3,TTTTGGTGCCCAGATTGGGA,0,4716473
ybiY_ybiW_predicted,0.25,3,3,TTTTGCCTGTATATAATGGC,0,4723461
ybiY_ybiW_predicted,0.25,3,3,TTTTAGGGGAAGACGAAGCG,0,4700949
ybiY_ybiW_predicted,0.25,3,3,TTTGTCGTCATTGGTTCGCT,0,4692078
ybiY_ybiW_predicted,0.25,3,3,TTTGTATGGATACTATGCCA,0,4711997
ybiY_ybiW_predicted,0.25,3,3,TTTGTAGTCCGATGTCAGTA,0,4723695
ybiY_ybiW_predicted,0.25,3,3,TTTGGGGTGCTCGAGGTTCT,0,4708602
ybiY_ybiW_predicted,0.25,3,3,TTTCCTTGTCTAATAATGGG,0,4697598
ybiY_ybiW_predicted,0.25,3,3,TTTAGAGACTGGGTTTTATT,0,4727820
ybiY_ybiW_predicted,0.25,3,3,TTTACCGGCCCCCTTTGTTC,0,4715013
ybiY_ybiW_predicted,0.25,3,3,TTTACACGGGGAGGCCCAAC,0,4691186
ybiY_ybiW_predicted,0.25,3,3,TTTAAGCCACGTTCTGAATT,0,4722326
ybiY_ybiW_predicted,0.25,3,3,TTGTTTATCACCTATGACGA,0,4727125
ybiY_ybiW_predicted,0.25,3,3,TTGTTTAGCGAGCGCTGTTC,0,4725340
ybiY_ybiW_predicted,0.25,3,3,TTGTTAAGTCACAAGGGCCA,0,4711472
ybiY_ybiW_predicted,0.25,3,3,TTGTGTGGCACTGTTGACAA,0,4727504
ybiY_ybiW_predicted,0.25,3,3,TTGTATTCCATCCAGGGTGT,0,4697863
ybiY_ybiW_predicted,0.25,3,3,TTGTAGGACACGTAAATCTG,0,4690395
ybiY_ybiW_predicted,0.25,3,3,TTGGTTCAAAAACTATATGG,0,4724513
ybiY_ybiW_predicted,0.25,3,3,TTGGTGTTATAAACCTTAGC,0,4689372
ybiY_ybiW_predicted,0.25,3,3,TTGGGTCAAGGCTGAGTAGG,0,4690812
ybiY_ybiW_predicted,0.25,3,3,TTGGCCTTATACTCAGTTGG,0,4701910
ybiY_ybiW_predicted,0.25,3,3,TTGCTGAGGCTATGTGAATA,0,4727140
ybiY_ybiW_predicted,0.25,3,3,TTGCGGACGTGGTAGTTCAC,0,4709421
ybiY_ybiW_predicted,0.25,3,3,TTGCGGAAAGTCCAACCCGA,0,4688843
ybiY_ybiW_predicted,0.25,3,3,TTGCGCCGCAAAGATTCGTA,0,4714144
ybiY_ybiW_predicted,0.25,3,3,TTGCGATTTCATAGGTTGAG,0,4701638
ybiY_ybiW_predicted,0.25,3,3,TTGCCCCCCACTCTCCTCAA,0,4701053
ybiY_ybiW_predicted,0.25,3,3,TTGCAGGGTGGCCGAGCTGT,0,4714847
ybiY_ybiW_predicted,0.25,3,3,TTGATTGTGCCCCCTCGAGT,0,4694755
ybiY_ybiW_predicted,0.25,3,3,TTGATTCGTTCTTTAGGGAC,0,4727981
ybiY_ybiW_predicted,0.25,3,3,TTCGGTACAGCTTTATCGGG,0,4707045
ybiY_ybiW_predicted,0.25,3,3,TTCGCTAGTTTTTTGGAAAG,0,4727712
ybiY_ybiW_predicted,0.25,3,3,TTCGCTAACGGATTGCAGTA,0,4711436
ybiY_ybiW_predicted,0.25,3,3,TTCGATGCGCCAGAAACTTC,0,4714264
ybiY_ybiW_predicted,0.25,3,3,TTCGAGAGAGCGTTGTCCTT,0,4712575
ybiY_ybiW_predicted,0.25,3,3,TTCATTTCCAGCATCACTTC,0,4721312
ybiY_ybiW_predicted,0.25,3,3,TTCATAGTTCCGCAGGTAGT,0,4730249
ybiY_ybiW_predicted,0.25,3,3,TTCAGCCGGACCCGGCGCGT,0,4717801
ybiY_ybiW_predicted,0.25,3,3,TTCAGCAGAATCGGATCCGT,0,4716714
ybiY_ybiW_predicted,0.25,3,3,TTCACTTCGGTCTATGAAGA,0,4706324
ybiY_ybiW_predicted,0.25,3,3,TTCACCTATCCTGTCGGAAC,0,4701184
ybiY_ybiW_predicted,0.25,3,3,TTATGTAAGTGGCACATGTA,0,4691440
ybiY_ybiW_predicted,0.25,3,3,TTATGCCCCTGGCCGACCGT,0,4717976
ybiY_ybiW_predicted,0.25,3,3,TTATCACATCCTTTACTGTC,0,4702936
ybiY_ybiW_predicted,0.25,3,3,TTAGTGTTACCCCCTCAGGG,0,4725338
ybiY_ybiW_predicted,0.25,3,3,TTAGTACGGATAAGAGGTTG,0,4698953
ybiY_ybiW_predicted,0.25,3,3,TTAGGGAATTCTTCTAGACT,0,4715858
ybiY_ybiW_predicted,0.25,3,3,TTAGCGGAGAAGGGCTTCAC,0,4711711
ybiY_ybiW_predicted,0.25,3,3,TTAGCCCCAGGTATGGAAGA,0,4693386
ybiY_ybiW_predicted,0.25,3,3,TTACTAAGCGGACTAGGAGC,0,4707839
ybiY_ybiW_predicted,0.25,3,3,TTACGAGGGTCGGAGAACTC,0,4729174
ybiY_ybiW_predicted,0.25,3,3,TTACACTATCGTTGAACTTT,0,4702002
ybiY_ybiW_predicted,0.25,3,3,TTACACCTGCCTGGTAAGCT,0,4722593
ybiY_ybiW_predicted,0.25,3,3,TTAATGGCGGTCAACTATAT,0,4688558
ybiY_ybiW_predicted,0.25,3,3,TTAATATCACATACAGTCTC,0,4725610
ybiY_ybiW_predicted,0.25,3,3,TTAAGCGGACGAACGCTCCA,0,4703417
ybiY_ybiW_predicted,0.25,3,3,TTAAGCACTTCGAACCCATG,0,4690835
ybiY_ybiW_predicted,0.25,3,3,TTAACGGTTTAATCGGTCTT,0,4705626
ybiY_ybiW_predicted,0.25,3,3,TTAAATCAAAGGGGTATGTC,0,4697096
ybiY_ybiW_predicted,0.25,3,3,TTAAATACTCTCAGGGTGGC,0,4694424
ybiY_ybiW_predicted,0.25,3,3,TGTTTTTAAGTCTTACTGGA,0,4712617
ybiY_ybiW_predicted,0.25,3,3,TGTTTCCTGGCTGTCTCGAT,0,4697211
ybiY_ybiW_predicted,0.25,3,3,TGTTGTATCTGCGACACATT,0,4690852
ybiY_ybiW_predicted,0.25,3,3,TGTTACCCAGTAAGCGGAGG,0,4729757
ybiY_ybiW_predicted,0.25,3,3,TGTGGTGAATTGAACACCAT,0,4704821
ybiY_ybiW_predicted,0.25,3,3,TGTGAGGCGGACGTGCTAAT,0,4703874
ybiY_ybiW_predicted,0.25,3,3,TGTCTGTCTTGAACTGAATA,0,4690582
ybiY_ybiW_predicted,0.25,3,3,TGTCTCCATCCGCTACGGTA,0,4730647
ybiY_ybiW_predicted,0.25,3,3,TGTACTTTTGTTCGCGAATA,0,4711669
ybiY_ybiW_predicted,0.25,3,3,TGTACGCGGGCTAACGGAAG,0,4695479
ybiY_ybiW_predicted,0.25,3,3,TGTAAGTTCCTACTTCGTGC,0,4712780
ybiY_ybiW_predicted,0.25,3,3,TGGTGAGTAATTGGGAAGCG,0,4706778
ybiY_ybiW_predicted,0.25,3,3,TGGTCAGTTTCCAGTTCACA,0,4715420
ybiY_ybiW_predicted,0.25,3,3,TGGTATTTACGCTGTGAGAC,0,4694883
ybiY_ybiW_predicted,0.25,3,3,TGGTAATCTGAGTGGGTGCA,0,4719787
ybiY_ybiW_predicted,0.25,3,3,TGGGTGGCGTCAAATTCAGC,0,4703743
ybiY_ybiW_predicted,0.25,3,3,TGGGTCGCTAAACCACTTGC,0,4726611
ybiY_ybiW_predicted,0.25,3,3,TGGGGCCAGTTCATCGAAAC,0,4724082
ybiY_ybiW_predicted,0.25,3,3,TGGGCCATTTTGCCGAAGGG,0,4722763
ybiY_ybiW_predicted,0.25,3,3,TGGGACTCTAGGACGCACTA,0,4697409
ybiY_ybiW_predicted,0.25,3,3,TGGGACCCGCCTTGCGGTGA,0,4713229
ybiY_ybiW_predicted,0.25,3,3,TGGCACCCTCGTATGATCCT,0,4701741
ybiY_ybiW_predicted,0.25,3,3,TGGAGAAAGAAGATATTTAA,0,4688874
ybiY_ybiW_predicted,0.25,3,3,TGGAATATGCGCCATGAAGC,0,4709978
ybiY_ybiW_predicted,0.25,3,3,TGCTTGTGACCGACCTCTGA,0,4713855
ybiY_ybiW_predicted,0.25,3,3,TGCTTGCATCATAGACTCGA,0,4703179
ybiY_ybiW_predicted,0.25,3,3,TGCTGTTTACAACGGAAGCG,0,4707083
ybiY_ybiW_predicted,0.25,3,3,TGCTGGTAGCGCTGCCGGGA,0,4721503
ybiY_ybiW_predicted,0.25,3,3,TGCTCTACACAAAGCGGTGT,0,4695458
ybiY_ybiW_predicted,0.25,3,3,TGCTCCATGCAGAAAAACGC,0,4707813
ybiY_ybiW_predicted,0.25,3,3,TGCTATGCCAGAGGCCAATG,0,4696675
ybiY_ybiW_predicted,0.25,3,3,TGCGTTGGTAATGGCCCATT,0,4692292
ybiY_ybiW_predicted,0.25,3,3,TGCGGTGAAAAAAACATTGC,0,4693062
ybiY_ybiW_predicted,0.25,3,3,TGCGCCAGACTAGCCAGCTA,0,4710015
ybiY_ybiW_predicted,0.25,3,3,TGCGATCAACGACAAACTTG,0,4727604
ybiY_ybiW_predicted,0.25,3,3,TGCCGTCGGCCGTGCGCGAG,0,4698119
ybiY_ybiW_predicted,0.25,3,3,TGCCCACGGACGGTGATCAC,0,4696883
ybiY_ybiW_predicted,0.25,3,3,TGCATGTTTGAGTGCTTGTC,0,4729993
ybiY_ybiW_predicted,0.25,3,3,TGCATGCGGGTGAACACCAT,0,4696844
ybiY_ybiW_predicted,0.25,3,3,TGCAGGGCCATTCGTGCTGC,0,4723244
ybiY_ybiW_predicted,0.25,3,3,TGATGCTCTTCTTCCTCACA,0,4710001
ybiY_ybiW_predicted,0.25,3,3,TGATGAAAAGGTCAGATGTG,0,4729126
ybiY_ybiW_predicted,0.25,3,3,TGATCGGGGCCTGCAATTGA,0,4701650
ybiY_ybiW_predicted,0.25,3,3,TGAGTAGCACCTGATAGGGG,0,4698910
ybiY_ybiW_predicted,0.25,3,3,TGAGGTCCATGTACGCGACA,0,4716217
ybiY_ybiW_predicted,0.25,3,3,TGAGGGTGGGTTCCGGCCCC,0,4712341
ybiY_ybiW_predicted,0.25,3,3,TGAGGGCCGATCAATCGCAT,0,4715557
ybiY_ybiW_predicted,0.25,3,3,TGAGCACGATGTTCGTTTGT,0,4694841
ybiY_ybiW_predicted,0.25,3,3,TGACGTGAAGTACGTTCGAA,0,4704642
ybiY_ybiW_predicted,0.25,3,3,TGACGTCACGTCCCAGGTGC,0,4711927
ybiY_ybiW_predicted,0.25,3,3,TGACCTCGACATAGAAGTTT,0,4730209
ybiY_ybiW_predicted,0.25,3,3,TGACCCCTTTTAGACGCATT,0,4718208
ybiY_ybiW_predicted,0.25,3,3,TGACACTTTAATAAGATGAG,0,4689116
ybiY_ybiW_predicted,0.25,3,3,TGAATTCCATGATAACGAGC,0,4694984
ybiY_ybiW_predicted,0.25,3,3,TGAATAATTCCAACTTCTGA,0,4708925
ybiY_ybiW_predicted,0.25,3,3,TGAAGGGCGAAACAAAATGT,0,4726814
ybiY_ybiW_predicted,0.25,3,3,TCTTTATTGGTGGTATGTCT,0,4715697
ybiY_ybiW_predicted,0.25,3,3,TCTTGTAGTGGTTTCGGAAA,0,4720500
ybiY_ybiW_predicted,0.25,3,3,TCTTGGTTTTCCATAGTCTC,0,4694131
ybiY_ybiW_predicted,0.25,3,3,TCTTCTATGTTCCGGCGTGG,0,4716174
ybiY_ybiW_predicted,0.25,3,3,TCTTCGCCTACGAGCCAGAA,0,4699433
ybiY_ybiW_predicted,0.25,3,3,TCTTCGAACCGTGCATAGTT,0,4730215
ybiY_ybiW_predicted,0.25,3,3,TCTTATTGATTACCGAACCG,0,4712379
ybiY_ybiW_predicted,0.25,3,3,TCTTAGGCTATATAACTTGA,0,4710845
ybiY_ybiW_predicted,0.25,3,3,TCTTACGTGACGTCCCGGCT,0,4729804
ybiY_ybiW_predicted,0.25,3,3,TCTGTCTACTAGGACCCAGA,0,4725606
ybiY_ybiW_predicted,0.25,3,3,TCTGGAGTTATTTGTCAACC,0,4708439
ybiY_ybiW_predicted,0.25,3,3,TCTGCCTTTGTGTAGGAAGT,0,4716177
ybiY_ybiW_predicted,0.25,3,3,TCTCGCCAACTTGTCAGCTC,0,4704437
ybiY_ybiW_predicted,0.25,3,3,TCTCCGTGTTGCTCGACTGT,0,4730282
ybiY_ybiW_predicted,0.25,3,3,TCTCAGTACGTGTCCATAAG,0,4710941
ybiY_ybiW_predicted,0.25,3,3,TCTCAAGGTACACTGGTACC,0,4728929
ybiY_ybiW_predicted,0.25,3,3,TCTCAACTCCTAGTATGGCT,0,4716506
ybiY_ybiW_predicted,0.25,3,3,TCTACTTCTAGGAACCACTT,0,4727019
ybiY_ybiW_predicted,0.25,3,3,TCTACTAAGTTTTACGGCGA,0,4702434
ybiY_ybiW_predicted,0.25,3,3,TCGTGTCGTTGCTATGCCTG,0,4713694
ybiY_ybiW_predicted,0.25,3,3,TCGTGCGAGTTTCGATGGCT,0,4688703
ybiY_ybiW_predicted,0.25,3,3,TCGTATGCACTTTCGCCGGA,0,4706035
ybiY_ybiW_predicted,0.25,3,3,TCGTAAAGTTATTACTTTCT,0,4692563
ybiY_ybiW_predicted,0.25,3,3,TCGGTAGCAAGCTTTTTCAT,0,4701615
ybiY_ybiW_predicted,0.25,3,3,TCGGGTCAAGATGTTTCAGG,0,4714965
ybiY_ybiW_predicted,0.25,3,3,TCGGGGACGCATAGCAGAAA,0,4700922
ybiY_ybiW_predicted,0.25,3,3,TCGGGATAGCTATTTGCCGG,0,4709593
ybiY_ybiW_predicted,0.25,3,3,TCGGGATAACTCTTTCCCGT,0,4694701
ybiY_ybiW_predicted,0.25,3,3,TCGGCTGCGGCAGATTACAG,0,4722966
ybiY_ybiW_predicted,0.25,3,3,TCGCGTCTTGGAGGTAGTCA,0,4730385
ybiY_ybiW_predicted,0.25,3,3,TCGCCCTAGTTTGTGTAGAA,0,4723587
ybiY_ybiW_predicted,0.25,3,3,TCGCAGTCCCGGGTAGATAG,0,4709858
ybiY_ybiW_predicted,0.25,3,3,TCGCAAACATGCTTCTCGAG,0,4711770
ybiY_ybiW_predicted,0.25,3,3,TCGATTAGAATATTTGGGGG,0,4700071
ybiY_ybiW_predicted,0.25,3,3,TCGATATCGGCATATACGAC,0,4711816
ybiY_ybiW_predicted,0.25,3,3,TCGAGCCACAGATCAGGTTA,0,4712713
ybiY_ybiW_predicted,0.25,3,3,TCGACCGTTTAACAGCTGTA,0,4691308
ybiY_ybiW_predicted,0.25,3,3,TCCTGCGAGACTGCCTGTTT,0,4721711
ybiY_ybiW_predicted,0.25,3,3,TCCGAGATTAATACTCAAAC,0,4719573
ybiY_ybiW_predicted,0.25,3,3,TCCCTTCCTAGCGAGCATGA,0,4703585
ybiY_ybiW_predicted,0.25,3,3,TCCCTACCCTGCTGTAGGTG,0,4709456
ybiY_ybiW_predicted,0.25,3,3,TCCCGGAGGATTACGGGAAA,0,4717682
ybiY_ybiW_predicted,0.25,3,3,TCCCCTGGCGGATCCGGGTC,0,4730902
ybiY_ybiW_predicted,0.25,3,3,TCCCAAAGCGGACGGTAGTG,0,4702042
ybiY_ybiW_predicted,0.25,3,3,TCCAGGCATTAGGTACCTCA,0,4690925
ybiY_ybiW_predicted,0.25,3,3,TCCAGGAAGTTGTTGGCGAA,0,4689351
ybiY_ybiW_predicted,0.25,3,3,TCCAGGAAAGTTCGGTCAAC,0,4690580
ybiY_ybiW_predicted,0.25,3,3,TCCAGATGGCTACGCCTAGT,0,4732073
ybiY_ybiW_predicted,0.25,3,3,TCCAGAACGAGCGAGTCTTC,0,4716138
ybiY_ybiW_predicted,0.25,3,3,TCCACCGGCCTTAGTATTCT,0,4689987
ybiY_ybiW_predicted,0.25,3,3,TCCACACTGACTTCAGTGGT,0,4707458
ybiY_ybiW_predicted,0.25,3,3,TCCAAGCGTTACAATGGAAC,0,4691806
ybiY_ybiW_predicted,0.25,3,3,TCCAAGCCAAACCCCCCGCC,0,4714618
ybiY_ybiW_predicted,0.25,3,3,TCCAAAAAGTCCACAGGCCT,0,4721860
ybiY_ybiW_predicted,0.25,3,3,TCATGCTCCGTGGTACATGT,0,4689693
ybiY_ybiW_predicted,0.25,3,3,TCATCCCCCCCCCATGGTAT,0,4729846
ybiY_ybiW_predicted,0.25,3,3,TCATATATAGTAGCAGTCCT,0,4710246
ybiY_ybiW_predicted,0.25,3,3,TCATAATGAAAATGTCCGAA,0,4706523
ybiY_ybiW_predicted,0.25,3,3,TCAGTTAGTTAAGTCTACCA,0,4708539
ybiY_ybiW_predicted,0.25,3,3,TCAGTACTTTCATTTTGATT,0,4720594
ybiY_ybiW_predicted,0.25,3,3,TCAGTACGTTTAAAAGGGTC,0,4715173
ybiY_ybiW_predicted,0.25,3,3,TCAGGGGTCAGTGCCATGGT,0,4720676
ybiY_ybiW_predicted,0.25,3,3,TCAGCGATATTATTCGCCGC,0,4732472
ybiY_ybiW_predicted,0.25,3,3,TCAGCCCTGCGCCCAGCCTA,0,4717553
ybiY_ybiW_predicted,0.25,3,3,TCAGATGCCCATGGTATTTA,0,4693747
ybiY_ybiW_predicted,0.25,3,3,TCAGAATCAGCAATTAATTT,0,4695590
ybiY_ybiW_predicted,0.25,3,3,TCACTGGGTCACTAAGGGTT,0,4715584
ybiY_ybiW_predicted,0.25,3,3,TCACCGTGGCTTTACCCACG,0,4693103
ybiY_ybiW_predicted,0.25,3,3,TCAATGATCTCGCACTTCCT,0,4715259
ybiY_ybiW_predicted,0.25,3,3,TCAATAAATGGAGGACGCTA,0,4706053
ybiY_ybiW_predicted,0.25,3,3,TCAAGATCTTGATGTATGTT,0,4721448
ybiY_ybiW_predicted,0.25,3,3,TCAAGAACTCATGGAGCAAT,0,4698107
ybiY_ybiW_predicted,0.25,3,3,TCAACATCAGCGCTCGCTGC,0,4710857
ybiY_ybiW_predicted,0.25,3,3,TCAAATTTGTGAAACTAAAA,0,4706416
ybiY_ybiW_predicted,0.25,3,3,TATTTACCGTTGGGGCCTTA,0,4704908
ybiY_ybiW_predicted,0.25,3,3,TATTGTAAAGATATCTGGCA,0,4696363
ybiY_ybiW_predicted,0.25,3,3,TATTGGGACTGCGAGGTAAT,0,4730692
ybiY_ybiW_predicted,0.25,3,3,TATTGAACTGTACTTGCCTA,0,4731457
ybiY_ybiW_predicted,0.25,3,3,TATTCGTGTCAGCCCGAGGA,0,4702619
ybiY_ybiW_predicted,0.25,3,3,TATTAAGTTCAGAGAACGTA,0,4716972
ybiY_ybiW_predicted,0.25,3,3,TATGTTCCTGGCAACGTCTT,0,4721300
ybiY_ybiW_predicted,0.25,3,3,TATGTTAGGAGCGATGGCGT,0,4720294
ybiY_ybiW_predicted,0.25,3,3,TATGTAAACATACTAGGTGT,0,4724116
ybiY_ybiW_predicted,0.25,3,3,TATCTCTTTCTCATGGGTAG,0,4732072
ybiY_ybiW_predicted,0.25,3,3,TATCGGTGTAACTGCCGTCT,0,4722290
ybiY_ybiW_predicted,0.25,3,3,TATCGGCTACCGTTAAATTT,0,4710670
ybiY_ybiW_predicted,0.25,3,3,TATCATGTAGTTGTGATCAT,0,4689857
ybiY_ybiW_predicted,0.25,3,3,TATAGCCGCGACACCACCCT,0,4705108
ybiY_ybiW_predicted,0.25,3,3,TATACTATAGTTTTTTAGAA,0,4719376
ybiY_ybiW_predicted,0.25,3,3,TATAACTAAAACGTGAAGAC,0,4701824
ybiY_ybiW_predicted,0.25,3,3,TATAACCATATACGTTGCAT,0,4708599
ybiY_ybiW_predicted,0.25,3,3,TAGTGGATAGCCTGAAACAG,0,4689820
ybiY_ybiW_predicted,0.25,3,3,TAGGAGTGTCTCTGAGGTTT,0,4713856
ybiY_ybiW_predicted,0.25,3,3,TAGGAGTAGTGCCCGGGGAC,0,4721833
ybiY_ybiW_predicted,0.25,3,3,TAGCTTTGGGGTTGCAGTTT,0,4695471
ybiY_ybiW_predicted,0.25,3,3,TAGCTTTACGCGATTTGATG,0,4694197
ybiY_ybiW_predicted,0.25,3,3,TAGCTTAAAATATGGACGAC,0,4704543
ybiY_ybiW_predicted,0.25,3,3,TAGCGTTGGAGATAGGCAGT,0,4690160
ybiY_ybiW_predicted,0.25,3,3,TAGCGCATAAGATATACTCC,0,4695799
ybiY_ybiW_predicted,0.25,3,3,TAGCATTTGCCTATTAGATT,0,4701617
ybiY_ybiW_predicted,0.25,3,3,TAGATCTGCTAATGCAAGGG,0,4707093
ybiY_ybiW_predicted,0.25,3,3,TAGATAGATCTTTTACGGAA,0,4692670
ybiY_ybiW_predicted,0.25,3,3,TAGATACATGTTTTCCTGCT,0,4710525
ybiY_ybiW_predicted,0.25,3,3,TAGAGGAGGGCCAGGCATTT,0,4719676
ybiY_ybiW_predicted,0.25,3,3,TAGAGATCCGTCCTAGCCAA,0,4705786
ybiY_ybiW_predicted,0.25,3,3,TAGACACCGTTAGTTTACTT,0,4732113
ybiY_ybiW_predicted,0.25,3,3,TACTTGGAACAAGGGTTGGA,0,4712866
ybiY_ybiW_predicted,0.25,3,3,TACTATTGATGTTCCGGCTC,0,4691850
ybiY_ybiW_predicted,0.25,3,3,TACTATGTTTCGCTTTGTTA,0,4729241
ybiY_ybiW_predicted,0.25,3,3,TACTACTGCTGCTAACCGGG,0,4699829
ybiY_ybiW_predicted,0.25,3,3,TACGTGACGCCTCTCTGGAA,0,4699289
ybiY_ybiW_predicted,0.25,3,3,TACGTACTTGGTGTGTATGA,0,4714436
ybiY_ybiW_predicted,0.25,3,3,TACGATGCGTATCGATAGCT,0,4709920
ybiY_ybiW_predicted,0.25,3,3,TACCGGGTTCATGGTAGTGA,0,4717302
ybiY_ybiW_predicted,0.25,3,3,TACCGGCCACTCGGGCGGCT,0,4722076
ybiY_ybiW_predicted,0.25,3,3,TACATTATGCTGCTCAACGG,0,4719133
ybiY_ybiW_predicted,0.25,3,3,TACATATACGGTCGCAAGCG,0,4728762
ybiY_ybiW_predicted,0.25,3,3,TACACTTGCTCCATGGGTGA,0,4696612
ybiY_ybiW_predicted,0.25,3,3,TAATTGACACAATGAACCGT,0,4730415
ybiY_ybiW_predicted,0.25,3,3,TAATTCATCTCCAAACCCAG,0,4709936
ybiY_ybiW_predicted,0.25,3,3,TAATAATCACCCGGGGCTGC,0,4707636
ybiY_ybiW_predicted,0.25,3,3,TAATAATATTGGACCTGACC,0,4696656
ybiY_ybiW_predicted,0.25,3,3,TAAGTTTTTGGAGTGTCAGC,0,4720734
ybiY_ybiW_predicted,0.25,3,3,TAAGTTTTGCGCGCGCTCGT,0,4732289
ybiY_ybiW_predicted,0.25,3,3,TAAGTGAAAAAATGCTCAGG,0,4706018
ybiY_ybiW_predicted,0.25,3,3,TAAGGGTCTGACGCTAATTG,0,4721651
ybiY_ybiW_predicted,0.25,3,3,TAAGCGTTAGTCTCTGGTAC,0,4706711
ybiY_ybiW_predicted,0.25,3,3,TAACGTGATCAGCGTGATTG,0,4722199
ybiY_ybiW_predicted,0.25,3,3,TAACGTCGGCCAGGACACCT,0,4714852
ybiY_ybiW_predicted,0.25,3,3,TAACGGTGTTTGTGAGGCTG,0,4714979
ybiY_ybiW_predicted,0.25,3,3,TAACGCGATTTGATTAGCGG,0,4689418
ybiY_ybiW_predicted,0.25,3,3,TAAATGTTATAAGGTTTGAA,0,4711803
ybiY_ybiW_predicted,0.25,3,3,TAAAGGCTCGAAATCTGGAT,0,4719344
ybiY_ybiW_predicted,0.25,3,3,TAAACGAGGGAGCCTTGTTC,0,4711757
ybiY_ybiW_predicted,0.25,3,3,TAAACCTCAGCATATGCGTC,0,4709503
ybiY_ybiW_predicted,0.25,3,3,GTTTTGTCTCGCGACCCCGA,0,4720453
ybiY_ybiW_predicted,0.25,3,3,GTTTGGGGGTAAATATTGGT,0,4693756
ybiY_ybiW_predicted,0.25,3,3,GTTTCCGGTAATTCGTTCGA,0,4692494
ybiY_ybiW_predicted,0.25,3,3,GTTTATATTGTGTGCCCCGC,0,4721007
ybiY_ybiW_predicted,0.25,3,3,GTTGTCGAAGGTGGCACAGC,0,4689151
ybiY_ybiW_predicted,0.25,3,3,GTTGCTGGGGAGACTCTGTA,0,4702570
ybiY_ybiW_predicted,0.25,3,3,GTTGCGCAAGACCGCTCTAC,0,4709931
ybiY_ybiW_predicted,0.25,3,3,GTTCTTCTTCCTATTGTTGC,0,4717117
ybiY_ybiW_predicted,0.25,3,3,GTTCTAGCGGACAATCACGG,0,4724641
ybiY_ybiW_predicted,0.25,3,3,GTTCTAGACGCCAGCCCGCT,0,4698219
ybiY_ybiW_predicted,0.25,3,3,GTTCGCAGGCATACGGCTCA,0,4712779
ybiY_ybiW_predicted,0.25,3,3,GTTAGGTGTGTCATTGCTTT,0,4693439
ybiY_ybiW_predicted,0.25,3,3,GTTAAGTGATATCAGCCTTC,0,4721443
ybiY_ybiW_predicted,0.25,3,3,GTGTTTTACTTAATTTATCC,0,4696962
ybiY_ybiW_predicted,0.25,3,3,GTGTCTTGGATGCACAATCC,0,4709479
ybiY_ybiW_predicted,0.25,3,3,GTGTCACTGGATTTGCGATT,0,4691712
ybiY_ybiW_predicted,0.25,3,3,GTGGTTGGGATTTTGGCTCA,0,4700927
ybiY_ybiW_predicted,0.25,3,3,GTGGTGGCTTCCAGATACAA,0,4711181
ybiY_ybiW_predicted,0.25,3,3,GTGGGCTCCTGCGATCAAGG,0,4695717
ybiY_ybiW_predicted,0.25,3,3,GTGGGAAAATTGGGACAGAG,0,4700919
ybiY_ybiW_predicted,0.25,3,3,GTGGCTCGGAGGACGTCAAG,0,4722241
ybiY_ybiW_predicted,0.25,3,3,GTGGCAGGGTGACCATACAT,0,4694437
ybiY_ybiW_predicted,0.25,3,3,GTGCTGTGTACCGCCGTAAA,0,4696686
ybiY_ybiW_predicted,0.25,3,3,GTGCTCAAGCCATTGGTCGG,0,4694206
ybiY_ybiW_predicted,0.25,3,3,GTGCGGAAGCGGCGTTTGCA,0,4712126
ybiY_ybiW_predicted,0.25,3,3,GTGCCCTCCTCTAATAGGTG,0,4696076
ybiY_ybiW_predicted,0.25,3,3,GTGCCACCGTTATCCCAAAC,0,4693485
ybiY_ybiW_predicted,0.25,3,3,GTGATTGGTCTTGATATCGA,0,4708408
ybiY_ybiW_predicted,0.25,3,3,GTGAGTAGCCCCCCTAGCTA,0,4709517
ybiY_ybiW_predicted,0.25,3,3,GTGAGGCGAAAACTAACATT,0,4695221
ybiY_ybiW_predicted,0.25,3,3,GTGAGCGTATCTTGTGTAGT,0,4692061
ybiY_ybiW_predicted,0.25,3,3,GTGAGATCCCGACTAAAGTG,0,4720085
ybiY_ybiW_predicted,0.25,3,3,GTGAGATACGATATCCCGCA,0,4701088
ybiY_ybiW_predicted,0.25,3,3,GTGAACGGCCGTGTTGATTC,0,4715522
ybiY_ybiW_predicted,0.25,3,3,GTCTTACGGGCACGCAGAAC,0,4709964
ybiY_ybiW_predicted,0.25,3,3,GTCTACATATTCCAATATTA,0,4716712
ybiY_ybiW_predicted,0.25,3,3,GTCGTTCGCGGTAAGCCATA,0,4725565
ybiY_ybiW_predicted,0.25,3,3,GTCGTGCTAAATCTGCATAC,0,4727798
ybiY_ybiW_predicted,0.25,3,3,GTCGTCGGATCGTCGACCTG,0,4717613
ybiY_ybiW_predicted,0.25,3,3,GTCGGTCTCAGCCCGCGGTG,0,4709057
ybiY_ybiW_predicted,0.25,3,3,GTCGGGTCATATTCCGGAGT,0,4719326
ybiY_ybiW_predicted,0.25,3,3,GTCGCTGGGCCGGGAAGCTA,0,4689854
ybiY_ybiW_predicted,0.25,3,3,GTCGCTCGGGTGTTCACTAA,0,4714421
ybiY_ybiW_predicted,0.25,3,3,GTCGCTCATCAACAAGTATC,0,4728449
ybiY_ybiW_predicted,0.25,3,3,GTCGCCGCAAGCTCTTTTGC,0,4708867
ybiY_ybiW_predicted,0.25,3,3,GTCGAGGTTATAAGTCCACG,0,4693115
ybiY_ybiW_predicted,0.25,3,3,GTCCTCAGCCGTCCTGCGGC,0,4698207
ybiY_ybiW_predicted,0.25,3,3,GTCATCCGGGAAGCCAGCTG,0,4698743
ybiY_ybiW_predicted,0.25,3,3,GTCAGTCCACGGGGGCTTTT,0,4710933
ybiY_ybiW_predicted,0.25,3,3,GTCAGATTTGGCATAAGCTA,0,4708270
ybiY_ybiW_predicted,0.25,3,3,GTCAGATGAGTATATCGCTA,0,4703074
ybiY_ybiW_predicted,0.25,3,3,GTCACGGTTCGAGCATGTCG,0,4726272
ybiY_ybiW_predicted,0.25,3,3,GTCAACGGACATGTATCCAC,0,4698875
ybiY_ybiW_predicted,0.25,3,3,GTATTCTTTTAATGTGTTAA,0,4707850
ybiY_ybiW_predicted,0.25,3,3,GTATAGAGCCTATAGTTAGA,0,4694205
ybiY_ybiW_predicted,0.25,3,3,GTAGCTGAGTAGTTTGTAGA,0,4690957
ybiY_ybiW_predicted,0.25,3,3,GTACGTACTTTTTAAAAGGC,0,4697627
ybiY_ybiW_predicted,0.25,3,3,GTACGGCCTTCAGGGCCTAG,0,4720993
ybiY_ybiW_predicted,0.25,3,3,GTAAGCGAAGGCCAAAGCAT,0,4693263
ybiY_ybiW_predicted,0.25,3,3,GTAACATCGTCGGACCAGTA,0,4721851
ybiY_ybiW_predicted,0.25,3,3,GGTTTGAGTAGGATCTGAAA,0,4724793
ybiY_ybiW_predicted,0.25,3,3,GGTTTATAATCCGGGGCGTG,0,4703511
ybiY_ybiW_predicted,0.25,3,3,GGTTGACGATACGAACGATA,0,4706288
ybiY_ybiW_predicted,0.25,3,3,GGTTCCTGTACACAGGTGTA,0,4700004
ybiY_ybiW_predicted,0.25,3,3,GGTTATCTGCTGGGAATACT,0,4723116
ybiY_ybiW_predicted,0.25,3,3,GGTTACATCAGAGTATCCAG,0,4689391
ybiY_ybiW_predicted,0.25,3,3,GGTGCGAGCGGTTGACATGT,0,4688732
ybiY_ybiW_predicted,0.25,3,3,GGTCGGTGCTGCTAATCGCG,0,4709542
ybiY_ybiW_predicted,0.25,3,3,GGTCCAGGGTACTCCTGCAG,0,4708374
ybiY_ybiW_predicted,0.25,3,3,GGTCACTAACACGCGGTTGT,0,4691288
ybiY_ybiW_predicted,0.25,3,3,GGTATGCACCAGTGAAGACT,0,4730961
ybiY_ybiW_predicted,0.25,3,3,GGTACAATATCCTCGGGACC,0,4703333
ybiY_ybiW_predicted,0.25,3,3,GGTAATCTTGACGGCTGTTA,0,4691400
ybiY_ybiW_predicted,0.25,3,3,GGGTGCTGAGTTGCAGATGA,0,4691640
ybiY_ybiW_predicted,0.25,3,3,GGGTCTATGCCCCTCAGAGA,0,4691954
ybiY_ybiW_predicted,0.25,3,3,GGGTCCGATAGCCCTCAATA,0,4721579
ybiY_ybiW_predicted,0.25,3,3,GGGGTACGGAACTCGAAATA,0,4694763
ybiY_ybiW_predicted,0.25,3,3,GGGGCCAGTGATCCAAGGTT,0,4703750
ybiY_ybiW_predicted,0.25,3,3,GGGGCATGCCCGTAGGAACA,0,4729381
ybiY_ybiW_predicted,0.25,3,3,GGGGAGCTTCCGCGGTATAA,0,4714876
ybiY_ybiW_predicted,0.25,3,3,GGGCGTTGGGCCTGGGGGAG,0,4724055
ybiY_ybiW_predicted,0.25,3,3,GGGCCGGATAAGGAGTTTAG,0,4714989
ybiY_ybiW_predicted,0.25,3,3,GGGCCATTAATTCACTGATA,0,4721346
ybiY_ybiW_predicted,0.25,3,3,GGGCAGATGTGCGCGGAATT,0,4697329
ybiY_ybiW_predicted,0.25,3,3,GGGCAGACAGAGATGCTTTT,0,4692592
ybiY_ybiW_predicted,0.25,3,3,GGGCACCGGATTTGGACTAT,0,4731550
ybiY_ybiW_predicted,0.25,3,3,GGGCAACCTGGATAGTTTTA,0,4699782
ybiY_ybiW_predicted,0.25,3,3,GGGAGTGACATCCTACAAAG,0,4716608
ybiY_ybiW_predicted,0.25,3,3,GGGAGTAAACTCGACACATT,0,4692295
ybiY_ybiW_predicted,0.25,3,3,GGGAGGAAAGCATGCTGTCT,0,4720237
ybiY_ybiW_predicted,0.25,3,3,GGGACTTGCGATGAAATTTT,0,4720203
ybiY_ybiW_predicted,0.25,3,3,GGGACTGTTGTTGCCGCTTA,0,4700716
ybiY_ybiW_predicted,0.25,3,3,GGGACGCCTCTCGGCTGGCT,0,4708055
ybiY_ybiW_predicted,0.25,3,3,GGGAATCACGTCTTATTGAT,0,4719725
ybiY_ybiW_predicted,0.25,3,3,GGGAACTTGCGGTCGCCGCG,0,4725402
ybiY_ybiW_predicted,0.25,3,3,GGGAACACTTCCTTCTTGCA,0,4702770
ybiY_ybiW_predicted,0.25,3,3,GGCTTGAAGTCAAAGCTCGA,0,4706554
ybiY_ybiW_predicted,0.25,3,3,GGCTTCAGACACGACATAAT,0,4716925
ybiY_ybiW_predicted,0.25,3,3,GGCTGTCGCCCGAGTCTGGT,0,4697948
ybiY_ybiW_predicted,0.25,3,3,GGCTGTCAAGAAGCTAGTGA,0,4717737
ybiY_ybiW_predicted,0.25,3,3,GGCTGGCCTCAGTTGAAGGT,0,4708424
ybiY_ybiW_predicted,0.25,3,3,GGCTGCCAGAATTTGCTTTG,0,4690414
ybiY_ybiW_predicted,0.25,3,3,GGCTCTCTATATTATCTGCG,0,4724527
ybiY_ybiW_predicted,0.25,3,3,GGCTCCTATGCCCCGCCTCG,0,4707579
ybiY_ybiW_predicted,0.25,3,3,GGCTACTTCTCCATCATGAC,0,4713792
ybiY_ybiW_predicted,0.25,3,3,GGCTACTGTCGGATGGCGGA,0,4693274
ybiY_ybiW_predicted,0.25,3,3,GGCGTTTTCAGGCGAATCTC,0,4724957
ybiY_ybiW_predicted,0.25,3,3,GGCGGTAATCACATGACGAA,0,4713371
ybiY_ybiW_predicted,0.25,3,3,GGCGCTGCGCTGGGACAACC,0,4698547
ybiY_ybiW_predicted,0.25,3,3,GGCCTCACACGGACCCTCAG,0,4701237
ybiY_ybiW_predicted,0.25,3,3,GGCCTAATTTTAGCCCTCTA,0,4715648
ybiY_ybiW_predicted,0.25,3,3,GGCCGACATGGCCTGGGCAT,0,4721253
ybiY_ybiW_predicted,0.25,3,3,GGCCATAGCCTGGGGGGTAC,0,4729200
ybiY_ybiW_predicted,0.25,3,3,GGCCATACGATAAGGGATTC,0,4724538
ybiY_ybiW_predicted,0.25,3,3,GGCCACCTGTGGTGAACAGT,0,4692627
ybiY_ybiW_predicted,0.25,3,3,GGCAGTCATAAAGGCCAGGT,0,4729079
ybiY_ybiW_predicted,0.25,3,3,GGCACTGATTACCTCATCGT,0,4708507
ybiY_ybiW_predicted,0.25,3,3,GGCACCACGGGGGGGGACGC,0,4723017
ybiY_ybiW_predicted,0.25,3,3,GGATTATTTCCTCATCAATT,0,4718510
ybiY_ybiW_predicted,0.25,3,3,GGATCGTTAGCGTACTGCTA,0,4693754
ybiY_ybiW_predicted,0.25,3,3,GGATCGGTAATCACTTATAC,0,4732226
ybiY_ybiW_predicted,0.25,3,3,GGATCGAACATAACTGATGG,0,4701680
ybiY_ybiW_predicted,0.25,3,3,GGATCACTAATGGCGTATGA,0,4713477
ybiY_ybiW_predicted,0.25,3,3,GGATATAGTACTCCAGGTCG,0,4716126
ybiY_ybiW_predicted,0.25,3,3,GGAGTGTTTTCGCTGCTATG,0,4726914
ybiY_ybiW_predicted,0.25,3,3,GGAGTGTGGCAAAATACGAT,0,4698209
ybiY_ybiW_predicted,0.25,3,3,GGAGTGCGGGAGGGTCGGTT,0,4712869
ybiY_ybiW_predicted,0.25,3,3,GGAGTAGCCTTTACCAGGGC,0,4697758
ybiY_ybiW_predicted,0.25,3,3,GGAGCGCCAGAGTCTGCTAC,0,4727154
ybiY_ybiW_predicted,0.25,3,3,GGAGCAAGTGTGTAGTAGAA,0,4724075
ybiY_ybiW_predicted,0.25,3,3,GGAGAACTGCGGCGCTTTCA,0,4701951
ybiY_ybiW_predicted,0.25,3,3,GGACTTATGCATTAAAATTT,0,4713975
ybiY_ybiW_predicted,0.25,3,3,GGACGGCCCGGGAGAAACAC,0,4708628
ybiY_ybiW_predicted,0.25,3,3,GGACCTTGCTGAATATGGAG,0,4696265
ybiY_ybiW_predicted,0.25,3,3,GGACACACAGCACAGTCAAA,0,4688606
ybiY_ybiW_predicted,0.25,3,3,GGAATTATCCGAAAACCACC,0,4713728
ybiY_ybiW_predicted,0.25,3,3,GCTTTTCGCATGCACTAGAT,0,4692695
ybiY_ybiW_predicted,0.25,3,3,GCTTTCTCATCACATGCGCG,0,4689435
ybiY_ybiW_predicted,0.25,3,3,GCTTGTCATGGAGGTGGCAA,0,4731269
ybiY_ybiW_predicted,0.25,3,3,GCTTGCAGAGAAATAAGAGT,0,4707982
ybiY_ybiW_predicted,0.25,3,3,GCTTCAGCCACGAGGTTCTA,0,4712147
ybiY_ybiW_predicted,0.25,3,3,GCTGGCGGATGTCACCCACT,0,4707837
ybiY_ybiW_predicted,0.25,3,3,GCTGGAGAGGGCAGGACATT,0,4731788
ybiY_ybiW_predicted,0.25,3,3,GCTGACGCGTAAAGTAGACT,0,4705269
ybiY_ybiW_predicted,0.25,3,3,GCTCTTAAACTGGCTCTCAT,0,4713989
ybiY_ybiW_predicted,0.25,3,3,GCTCTAACAACCTTCCAGCC,0,4728599
ybiY_ybiW_predicted,0.25,3,3,GCTCGGTGACTGCCATCCCT,0,4705370
ybiY_ybiW_predicted,0.25,3,3,GCTCGGTACCGGCAATATTG,0,4699364
ybiY_ybiW_predicted,0.25,3,3,GCTCGCGAGGATGCCCCTCA,0,4695988
ybiY_ybiW_predicted,0.25,3,3,GCTCCAGGGATTAGTTTCTC,0,4720299
ybiY_ybiW_predicted,0.25,3,3,GCTATAGGATGAAGTTCCAG,0,4689583
ybiY_ybiW_predicted,0.25,3,3,GCTAACGTTTGTGGTGCACA,0,4689856
ybiY_ybiW_predicted,0.25,3,3,GCGTTCATCGAAGTGCGTTC,0,4706296
ybiY_ybiW_predicted,0.25,3,3,GCGTCTTCCTGCAGTGAAGG,0,4694441
ybiY_ybiW_predicted,0.25,3,3,GCGTCGCCGCGGTATGCCAA,0,4724630
ybiY_ybiW_predicted,0.25,3,3,GCGTCCATTTGAAGTTAATA,0,4713426
ybiY_ybiW_predicted,0.25,3,3,GCGTCATGAAAATTGGGTAT,0,4723746
ybiY_ybiW_predicted,0.25,3,3,GCGGTTTATCAGCGCTCCTT,0,4720395
ybiY_ybiW_predicted,0.25,3,3,GCGGGTGATCAGCCGCAGGT,0,4691083
ybiY_ybiW_predicted,0.25,3,3,GCGGGGCTGACCGGGCCTCT,0,4709155
ybiY_ybiW_predicted,0.25,3,3,GCGGAGGTCCTCGGATAGGT,0,4725096
ybiY_ybiW_predicted,0.25,3,3,GCGCGGGCGCCCTTTACCCT,0,4722237
ybiY_ybiW_predicted,0.25,3,3,GCGCGGATCGAAGTGTTGGT,0,4714454
ybiY_ybiW_predicted,0.25,3,3,GCGCGATCAATCGGGTTGTC,0,4711206
ybiY_ybiW_predicted,0.25,3,3,GCGCATGAAGTCGAGACTTA,0,4716895
ybiY_ybiW_predicted,0.25,3,3,GCGCAATGTCAATTCCCGCA,0,4723655
ybiY_ybiW_predicted,0.25,3,3,GCGACCTACCTGGATGTAAT,0,4731337
ybiY_ybiW_predicted,0.25,3,3,GCCTGGTGCAGCATTGCGTG,0,4689974
ybiY_ybiW_predicted,0.25,3,3,GCCTGATTAGACATAGAGAT,0,4693565
ybiY_ybiW_predicted,0.25,3,3,GCCTGATCAAAATACCAGGT,0,4724217
ybiY_ybiW_predicted,0.25,3,3,GCCTGACCTGGAAGACGACT,0,4708168
ybiY_ybiW_predicted,0.25,3,3,GCCTAGTACCAGAACTTAAC,0,4695925
ybiY_ybiW_predicted,0.25,3,3,GCCTAGGGGGTTTGTAATAC,0,4718258
ybiY_ybiW_predicted,0.25,3,3,GCCTAACCGAATAGACGATT,0,4707043
ybiY_ybiW_predicted,0.25,3,3,GCCGGGTATGTTCAGCGGGT,0,4718068
ybiY_ybiW_predicted,0.25,3,3,GCCGGAGACCTACCGATGCA,0,4717991
ybiY_ybiW_predicted,0.25,3,3,GCCGATTGCAGGAAACTTAA,0,4700100
ybiY_ybiW_predicted,0.25,3,3,GCCGACACACCGGCTATTTT,0,4691709
ybiY_ybiW_predicted,0.25,3,3,GCCGAAAAAGTGAAACAATT,0,4714973
ybiY_ybiW_predicted,0.25,3,3,GCCCTAAAATGACTACCTCA,0,4689365
ybiY_ybiW_predicted,0.25,3,3,GCCCGTCTGAAGATTATAAC,0,4708120
ybiY_ybiW_predicted,0.25,3,3,GCCCGGGGTACATGCATCTC,0,4702083
ybiY_ybiW_predicted,0.25,3,3,GCCCGGCGAGGTGATCGTGA,0,4713384
ybiY_ybiW_predicted,0.25,3,3,GCCCGCACTGAAAGCGCCCG,0,4693684
ybiY_ybiW_predicted,0.25,3,3,GCCCGATTCCGTAGAAGACA,0,4730571
ybiY_ybiW_predicted,0.25,3,3,GCCCATCTTCCTGAATCATG,0,4727350
ybiY_ybiW_predicted,0.25,3,3,GCCCATAACTCGCTGGCGAC,0,4728078
ybiY_ybiW_predicted,0.25,3,3,GCCATGCATCCATCAGTAGC,0,4696702
ybiY_ybiW_predicted,0.25,3,3,GCCAGCCTGACAATTCCGGA,0,4698939
ybiY_ybiW_predicted,0.25,3,3,GCATTGGAAGTGCATCGTGT,0,4705353
ybiY_ybiW_predicted,0.25,3,3,GCATCTAGACAGGTAGTCCA,0,4705314
ybiY_ybiW_predicted,0.25,3,3,GCAGTGCTGCTGCCCGCGAC,0,4715792
ybiY_ybiW_predicted,0.25,3,3,GCAGGGGCAAGATTACCCAA,0,4691477
ybiY_ybiW_predicted,0.25,3,3,GCAGCTCACAACAGGTCAAG,0,4721626
ybiY_ybiW_predicted,0.25,3,3,GCAGCAGGTACTACCGGTGT,0,4702416
ybiY_ybiW_predicted,0.25,3,3,GCAGATTATATAAAAACCTA,0,4695661
ybiY_ybiW_predicted,0.25,3,3,GCAGAAGACAGACCCCTGGG,0,4703756
ybiY_ybiW_predicted,0.25,3,3,GCACTGCTCGTTGAAACAAC,0,4717250
ybiY_ybiW_predicted,0.25,3,3,GCACTCTAACAGCCTGTTTC,0,4696589
ybiY_ybiW_predicted,0.25,3,3,GCACCTTTAAATTAAACCTT,0,4692769
ybiY_ybiW_predicted,0.25,3,3,GCACAATGTGCGTCAGAGCC,0,4729893
ybiY_ybiW_predicted,0.25,3,3,GCACAATGGTTGTATTTGGA,0,4720148
ybiY_ybiW_predicted,0.25,3,3,GCAATTTGGTACTGAAAAAA,0,4716910
ybiY_ybiW_predicted,0.25,3,3,GCAAGTAATGTAGAGTCAAT,0,4721845
ybiY_ybiW_predicted,0.25,3,3,GCAAGCCGACGGGATCGGTG,0,4725119
ybiY_ybiW_predicted,0.25,3,3,GCAACCCCGATGGCCCGGTT,0,4721336
ybiY_ybiW_predicted,0.25,3,3,GCAAAATGACTAGGCGCTAC,0,4696002
ybiY_ybiW_predicted,0.25,3,3,GATTCTAACCACCTTGAAAG,0,4718852
ybiY_ybiW_predicted,0.25,3,3,GATTCGGTCTGAGTAAACCT,0,4721632
ybiY_ybiW_predicted,0.25,3,3,GATGTCAATTGCCTCATGAT,0,4709416
ybiY_ybiW_predicted,0.25,3,3,GATGGGTGTGAAGCGGCACT,0,4689947
ybiY_ybiW_predicted,0.25,3,3,GATGGGAGCTACATACTGAC,0,4707659
ybiY_ybiW_predicted,0.25,3,3,GATGCTCGGCCCCGGGGCTA,0,4730846
ybiY_ybiW_predicted,0.25,3,3,GATGCGCATGGAAGGCTTGT,0,4724669
ybiY_ybiW_predicted,0.25,3,3,GATGCCCGTATCGAACCTGT,0,4692338
ybiY_ybiW_predicted,0.25,3,3,GATGCACGGTTTGCACACTT,0,4718263
ybiY_ybiW_predicted,0.25,3,3,GATCTAGTCACGGGTGGTAC,0,4699975
ybiY_ybiW_predicted,0.25,3,3,GATCGCGTTCATTGATCACT,0,4713508
ybiY_ybiW_predicted,0.25,3,3,GATCCGCTATTACAAGTCTT,0,4689776
ybiY_ybiW_predicted,0.25,3,3,GATCACCATGACACGTTAGA,0,4722751
ybiY_ybiW_predicted,0.25,3,3,GATAGGTGGGAAAATCGTAC,0,4701086
ybiY_ybiW_predicted,0.25,3,3,GAGTGTCCCTGGTAGCAGTG,0,4722973
ybiY_ybiW_predicted,0.25,3,3,GAGTGGATCATTATGCCTAG,0,4717956
ybiY_ybiW_predicted,0.25,3,3,GAGTACACGAGGGTTAGAAA,0,4725102
ybiY_ybiW_predicted,0.25,3,3,GAGGTTGGTCAATATCACGT,0,4709219
ybiY_ybiW_predicted,0.25,3,3,GAGGTATACCGTTCAAACGA,0,4728223
ybiY_ybiW_predicted,0.25,3,3,GAGGGCATGGGCTTAAACGG,0,4722835
ybiY_ybiW_predicted,0.25,3,3,GAGGGCACATATCGGTGGTG,0,4704222
ybiY_ybiW_predicted,0.25,3,3,GAGGCGGTCAAAGTAATAAC,0,4721278
ybiY_ybiW_predicted,0.25,3,3,GAGGATGTAGGCAGGTCAAC,0,4719307
ybiY_ybiW_predicted,0.25,3,3,GAGCTTGAACAACAAAGTCT,0,4690563
ybiY_ybiW_predicted,0.25,3,3,GAGCTCAGCGTGGTATCTGA,0,4699530
ybiY_ybiW_predicted,0.25,3,3,GAGCTCACCGAAGAACCTTA,0,4727468
ybiY_ybiW_predicted,0.25,3,3,GAGCTAGGGTCCACGGGGCA,0,4713320
ybiY_ybiW_predicted,0.25,3,3,GAGCTAGAATCTGGTCAAGT,0,4731224
ybiY_ybiW_predicted,0.25,3,3,GAGCGGGACCGATTAAACCG,0,4695282
ybiY_ybiW_predicted,0.25,3,3,GAGCCGTCTCTCGGCTAGTG,0,4724616
ybiY_ybiW_predicted,0.25,3,3,GAGCCGACACGCGAAGCTAA,0,4702327
ybiY_ybiW_predicted,0.25,3,3,GAGCACCACTTTTTGCGAGC,0,4710777
ybiY_ybiW_predicted,0.25,3,3,GAGCAAGGGTTTCGATAAGG,0,4693791
ybiY_ybiW_predicted,0.25,3,3,GAGAGGAATTTGTGGGGATT,0,4705325
ybiY_ybiW_predicted,0.25,3,3,GAGAGCAAGCATCTGCCTAC,0,4698932
ybiY_ybiW_predicted,0.25,3,3,GAGACGCTGTGGTCACGTGA,0,4709596
ybiY_ybiW_predicted,0.25,3,3,GAGAAAGACTGGGATGGCCG,0,4729777
ybiY_ybiW_predicted,0.25,3,3,GACTTTAAAACTTTCCCCCT,0,4711283
ybiY_ybiW_predicted,0.25,3,3,GACTTGCCGTGTTCCCGGTT,0,4710360
ybiY_ybiW_predicted,0.25,3,3,GACTTGACGACTCGCCTCGG,0,4725479
ybiY_ybiW_predicted,0.25,3,3,GACTTCATACGGCTTTAAAC,0,4711045
ybiY_ybiW_predicted,0.25,3,3,GACTACCCCTATAGTAAATG,0,4705263
ybiY_ybiW_predicted,0.25,3,3,GACGTTTTTAGTCTGATGAA,0,4707541
ybiY_ybiW_predicted,0.25,3,3,GACGTATACACGATTACGGA,0,4727299
ybiY_ybiW_predicted,0.25,3,3,GACCTCTTTGCCGATTCACC,0,4709462
ybiY_ybiW_predicted,0.25,3,3,GACATAGCGTACTAACTTTG,0,4706282
ybiY_ybiW_predicted,0.25,3,3,GACAGGTAAGCCTAACTTGG,0,4724823
ybiY_ybiW_predicted,0.25,3,3,GACACTGAGCTAAGTAGCAT,0,4691273
ybiY_ybiW_predicted,0.25,3,3,GACAATCGTAGCAGCAGTCA,0,4711760
ybiY_ybiW_predicted,0.25,3,3,GACAATCAGGACGTGGAAGG,0,4700203
ybiY_ybiW_predicted,0.25,3,3,GAATTACTACACATCGCGCA,0,4731682
ybiY_ybiW_predicted,0.25,3,3,GAATGGCTCCCCAGACTGAT,0,4697960
ybiY_ybiW_predicted,0.25,3,3,GAATCGGTTTTGCTCGAAAT,0,4699481
ybiY_ybiW_predicted,0.25,3,3,GAAGGGTACATGAAGGCCAA,0,4729373
ybiY_ybiW_predicted,0.25,3,3,GAAGGCCGTTTGGTAGAGAT,0,4710791
ybiY_ybiW_predicted,0.25,3,3,GAACACCATTCTATAAGTAT,0,4714630
ybiY_ybiW_predicted,0.25,3,3,GAACAACAGCACCTCCCGAG,0,4702592
ybiY_ybiW_predicted,0.25,3,3,GAAATCCTCTTGTAGCGCCT,0,4708215
ybiY_ybiW_predicted,0.25,3,3,GAAAAGGAAATGTTCGGTGC,0,4691852
ybiY_ybiW_predicted,0.25,3,3,GAAAAAAATTCCAGGAGGTA,0,4727234
ybiY_ybiW_predicted,0.25,3,3,CTTTTTCCTCGTTCGGCCAC,0,4732169
ybiY_ybiW_predicted,0.25,3,3,CTTTTGCGCGCTAGATAGCC,0,4695735
ybiY_ybiW_predicted,0.25,3,3,CTTTTCAGTTTAAACGGTCT,0,4705024
ybiY_ybiW_predicted,0.25,3,3,CTTTGGGTCCCGAGGTAAAT,0,4690172
ybiY_ybiW_predicted,0.25,3,3,CTTTGGCGGCCATTTTATAT,0,4691663
ybiY_ybiW_predicted,0.25,3,3,CTTTGACGATTCACAGGTAA,0,4712114
ybiY_ybiW_predicted,0.25,3,3,CTTTCTCACTTTACCGCTGA,0,4706476
ybiY_ybiW_predicted,0.25,3,3,CTTTAGGTCAACAAAAGAGA,0,4701853
ybiY_ybiW_predicted,0.25,3,3,CTTGTTCATTTTGCCAAACA,0,4731984
ybiY_ybiW_predicted,0.25,3,3,CTTCCGTAAATGTCGGCGCT,0,4706901
ybiY_ybiW_predicted,0.25,3,3,CTTCCCGCGGTACTTCAGTC,0,4731310
ybiY_ybiW_predicted,0.25,3,3,CTTATGAGTGGCTGCTAGAA,0,4689785
ybiY_ybiW_predicted,0.25,3,3,CTTATCTTGCTGGTATTGGA,0,4715946
ybiY_ybiW_predicted,0.25,3,3,CTTAGGCGCTCAATTTGCAG,0,4700531
ybiY_ybiW_predicted,0.25,3,3,CTTACTAGGTTCAACCGTTC,0,4693140
ybiY_ybiW_predicted,0.25,3,3,CTTACCGGAGGAGCGATGCC,0,4709249
ybiY_ybiW_predicted,0.25,3,3,CTTAAGAAAACGCTTTGACA,0,4719408
ybiY_ybiW_predicted,0.25,3,3,CTGTGGCGAAGCATGTCTCT,0,4694644
ybiY_ybiW_predicted,0.25,3,3,CTGTCGCTCAAAATGGTCCA,0,4717471
ybiY_ybiW_predicted,0.25,3,3,CTGTCCGTCCTACGGCAGGC,0,4727821
ybiY_ybiW_predicted,0.25,3,3,CTGTCCGATAGGGTATCATG,0,4721664
ybiY_ybiW_predicted,0.25,3,3,CTGTATAGCCAGCACGCGAG,0,4713971
ybiY_ybiW_predicted,0.25,3,3,CTGTAATACACCTGCCCAGA,0,4695441
ybiY_ybiW_predicted,0.25,3,3,CTGGTATCCAGATCTGTGAA,0,4717608
ybiY_ybiW_predicted,0.25,3,3,CTGCTGGTCTAAGTAGTAGC,0,4727535
ybiY_ybiW_predicted,0.25,3,3,CTGCGCTTGTGTCGAATATC,0,4711469
ybiY_ybiW_predicted,0.25,3,3,CTGCCCATCAGGTAGGCGCT,0,4711985
ybiY_ybiW_predicted,0.25,3,3,CTGATCTGGGAGTAGGTTAA,0,4696535
ybiY_ybiW_predicted,0.25,3,3,CTGAGGCGTTCAAATGGCAG,0,4732172
ybiY_ybiW_predicted,0.25,3,3,CTGACTGCGGAAACGCTCGT,0,4694109
ybiY_ybiW_predicted,0.25,3,3,CTGACTCAGTCGGCTCGGCA,0,4727590
ybiY_ybiW_predicted,0.25,3,3,CTCTTTGTATGCCCGGAATC,0,4710236
ybiY_ybiW_predicted,0.25,3,3,CTCTTGTGCCCAACGACAGC,0,4709715
ybiY_ybiW_predicted,0.25,3,3,CTCTTAAGGGCTTCTTATAC,0,4728080
ybiY_ybiW_predicted,0.25,3,3,CTCTGGATAGCCTTGATCTG,0,4728872
ybiY_ybiW_predicted,0.25,3,3,CTCTCTATATAAGCCTGCAT,0,4727406
ybiY_ybiW_predicted,0.25,3,3,CTCTCCGGCACGAGGGGAAT,0,4724100
ybiY_ybiW_predicted,0.25,3,3,CTCTCAATATGTAGAAGCAT,0,4714096
ybiY_ybiW_predicted,0.25,3,3,CTCTACAATCCCAGCTTGCC,0,4716912
ybiY_ybiW_predicted,0.25,3,3,CTCTAATTCTTGTTCCACCG,0,4725988
ybiY_ybiW_predicted,0.25,3,3,CTCGTAGCACGGTTCTGGGT,0,4719129
ybiY_ybiW_predicted,0.25,3,3,CTCGGGACGGATATGAAGCT,0,4727854
ybiY_ybiW_predicted,0.25,3,3,CTCGGGACGATCGTGAGGGG,0,4730244
ybiY_ybiW_predicted,0.25,3,3,CTCGCGCCGTTCCGTTACAA,0,4703418
ybiY_ybiW_predicted,0.25,3,3,CTCGCGACCTATATTTAACT,0,4698548
ybiY_ybiW_predicted,0.25,3,3,CTCCTAAATAACCTAGGTCA,0,4707128
ybiY_ybiW_predicted,0.25,3,3,CTCCGGGACAATACTGCGCC,0,4713308
ybiY_ybiW_predicted,0.25,3,3,CTCCGCGTGTCTCCCACCTC,0,4730340
ybiY_ybiW_predicted,0.25,3,3,CTCCCGCGCTACCCATGTAG,0,4719777
ybiY_ybiW_predicted,0.25,3,3,CTCCCCCAAGTGTGACTATT,0,4721245
ybiY_ybiW_predicted,0.25,3,3,CTCCATATTTGACAGCGGGG,0,4727400
ybiY_ybiW_predicted,0.25,3,3,CTCATGGGCCTCTGTCATGC,0,4715176
ybiY_ybiW_predicted,0.25,3,3,CTCAGACTCGAGTGGCTGAC,0,4697474
ybiY_ybiW_predicted,0.25,3,3,CTATTTCGGAATCACTCGCT,0,4697291
ybiY_ybiW_predicted,0.25,3,3,CTATTGGCGCGTCTGCGATC,0,4724729
ybiY_ybiW_predicted,0.25,3,3,CTATTGAATCGGCCATGTGT,0,4694835
ybiY_ybiW_predicted,0.25,3,3,CTATTCTGTGTTTCACCTTT,0,4699245
ybiY_ybiW_predicted,0.25,3,3,CTATGTTGTGGCGATGAGCT,0,4720492
ybiY_ybiW_predicted,0.25,3,3,CTATGTTCGTTGATCCCGAT,0,4699305
ybiY_ybiW_predicted,0.25,3,3,CTAGTATCTAGGCCAAAAGT,0,4713329
ybiY_ybiW_predicted,0.25,3,3,CTAGTAGTCCTCTTGTCATT,0,4704728
ybiY_ybiW_predicted,0.25,3,3,CTAGGGAATACGATTATCAA,0,4717145
ybiY_ybiW_predicted,0.25,3,3,CTAGCGTCAGAGCTCTACGC,0,4727318
ybiY_ybiW_predicted,0.25,3,3,CTAGCCATCTGAGCGCGAAT,0,4725775
ybiY_ybiW_predicted,0.25,3,3,CTAGCCACGACGACTCATCA,0,4690406
ybiY_ybiW_predicted,0.25,3,3,CTAGAAGGATAAGGGGTCCC,0,4716128
ybiY_ybiW_predicted,0.25,3,3,CTACGAAACCGGCAGTCACT,0,4689624
ybiY_ybiW_predicted,0.25,3,3,CTACCGCGGGATCCATCCAG,0,4713643
ybiY_ybiW_predicted,0.25,3,3,CTACCCTGTCGGCCACGTCA,0,4726212
ybiY_ybiW_predicted,0.25,3,3,CTACACATTGGTCTTAGAGC,0,4697849
ybiY_ybiW_predicted,0.25,3,3,CTAATGCGCACCGAGATTAT,0,4725788
ybiY_ybiW_predicted,0.25,3,3,CTAAGTCATTTGGTTCTGAC,0,4697502
ybiY_ybiW_predicted,0.25,3,3,CTAAGGCCACGTGTTTGATT,0,4716837
ybiY_ybiW_predicted,0.25,3,3,CTAAGAGTGCGGAGAACCGG,0,4708710
ybiY_ybiW_predicted,0.25,3,3,CTAAGACGGACCAACACCAT,0,4702378
ybiY_ybiW_predicted,0.25,3,3,CTAACTAGGACTACCGGGCA,0,4715425
ybiY_ybiW_predicted,0.25,3,3,CTAACAAATAGGCTCTAAAG,0,4711192
ybiY_ybiW_predicted,0.25,3,3,CTAAACCGCTACCGGGCCAT,0,4731587
ybiY_ybiW_predicted,0.25,3,3,CGTTTTTCTTCTTGACCAGA,0,4693112
ybiY_ybiW_predicted,0.25,3,3,CGTTCCGTTAACTTGGGATC,0,4701731
ybiY_ybiW_predicted,0.25,3,3,CGTTCAACGCGAATATCGTA,0,4725981
ybiY_ybiW_predicted,0.25,3,3,CGTGCGGGCTACAAGTTAAT,0,4723286
ybiY_ybiW_predicted,0.25,3,3,CGTGAGAACGGTTCATTGGC,0,4699810
ybiY_ybiW_predicted,0.25,3,3,CGTCTAGACACGTAACAAAC,0,4700717
ybiY_ybiW_predicted,0.25,3,3,CGTCGGGAGAACTGATTACA,0,4711393
ybiY_ybiW_predicted,0.25,3,3,CGTCGAAAGACGTTCTTTAC,0,4731847
ybiY_ybiW_predicted,0.25,3,3,CGTCCTCTACTGGCAACTTT,0,4715963
ybiY_ybiW_predicted,0.25,3,3,CGTCCCAGCGATCTATTGCA,0,4706190
ybiY_ybiW_predicted,0.25,3,3,CGTCCATTAGTTTTGGTGGT,0,4695419
ybiY_ybiW_predicted,0.25,3,3,CGTATGTGACAAGGATCTGG,0,4721861
ybiY_ybiW_predicted,0.25,3,3,CGTATGCAGTAAGTCTGCGT,0,4716145
ybiY_ybiW_predicted,0.25,3,3,CGTATAGTGGACAAGCTTAT,0,4710771
ybiY_ybiW_predicted,0.25,3,3,CGTAGCTCCTTCGTAAAGCA,0,4703029
ybiY_ybiW_predicted,0.25,3,3,CGGTGGTACTGAGACACGAA,0,4697669
ybiY_ybiW_predicted,0.25,3,3,CGGGTGAACAAACCCAGCGC,0,4720015
ybiY_ybiW_predicted,0.25,3,3,CGGGTCCCGTCTTTTTCGAA,0,4691522
ybiY_ybiW_predicted,0.25,3,3,CGGGGAGGTCGCTATTTTTG,0,4688610
ybiY_ybiW_predicted,0.25,3,3,CGGGCCTAAGGTCGTAACTT,0,4714696
ybiY_ybiW_predicted,0.25,3,3,CGGCGGCATAGGCCTGACAG,0,4715172
ybiY_ybiW_predicted,0.25,3,3,CGGCCACGGGTCACAGATTG,0,4725554
ybiY_ybiW_predicted,0.25,3,3,CGGATTTGTGTGTGGTGTTG,0,4722839
ybiY_ybiW_predicted,0.25,3,3,CGGATTTACATCAAAGGTAG,0,4715239
ybiY_ybiW_predicted,0.25,3,3,CGGAGACCCAAGCTGCACGC,0,4714256
ybiY_ybiW_predicted,0.25,3,3,CGGAGAAGGGTCTTTTCGGT,0,4689354
ybiY_ybiW_predicted,0.25,3,3,CGGACGTGACGGAAAGGCGG,0,4692263
ybiY_ybiW_predicted,0.25,3,3,CGGAAGTATAGGGCGGGGAT,0,4700604
ybiY_ybiW_predicted,0.25,3,3,CGCTGGGTTACTGCGGTTCT,0,4725757
ybiY_ybiW_predicted,0.25,3,3,CGCTGATCAATAATGCTGTG,0,4690624
ybiY_ybiW_predicted,0.25,3,3,CGCTATGCTCAGCGTTCTCC,0,4714017
ybiY_ybiW_predicted,0.25,3,3,CGCTAGGAGGCTATATTGCA,0,4714968
ybiY_ybiW_predicted,0.25,3,3,CGCTAGCAACTCCGAGCCCA,0,4714571
ybiY_ybiW_predicted,0.25,3,3,CGCTACGTGGAGTGCCGTGA,0,4719295
ybiY_ybiW_predicted,0.25,3,3,CGCTACGCAAAGGACGCCTA,0,4693056
ybiY_ybiW_predicted,0.25,3,3,CGCGTTTAATCACACGAGAA,0,4719812
ybiY_ybiW_predicted,0.25,3,3,CGCGTTACGCTCAAACTAAG,0,4728090
ybiY_ybiW_predicted,0.25,3,3,CGCGCTATAGATATGCACGT,0,4726673
ybiY_ybiW_predicted,0.25,3,3,CGCGATTCAGTAAGATTCAA,0,4707861
ybiY_ybiW_predicted,0.25,3,3,CGCCTTCGTGGCCTCAATTA,0,4695407
ybiY_ybiW_predicted,0.25,3,3,CGCCCTTGACCACAGTAGAA,0,4724828
ybiY_ybiW_predicted,0.25,3,3,CGCATGTTTGTACAAAATGA,0,4690585
ybiY_ybiW_predicted,0.25,3,3,CGCATGACAAAACAGGGCAA,0,4698665
ybiY_ybiW_predicted,0.25,3,3,CGCAGTGGTGACCTCTGGTT,0,4699063
ybiY_ybiW_predicted,0.25,3,3,CGCACACCAGGGTCGGGATA,0,4695776
ybiY_ybiW_predicted,0.25,3,3,CGCAAATTTGCGAAGGCGGT,0,4707749
ybiY_ybiW_predicted,0.25,3,3,CGCAAAGCCAATCTGTTAGG,0,4714217
ybiY_ybiW_predicted,0.25,3,3,CGATTGGCATGCTTTCGGAC,0,4713340
ybiY_ybiW_predicted,0.25,3,3,CGATGGGTGTATCGAAAGAA,0,4691993
ybiY_ybiW_predicted,0.25,3,3,CGATATCGTACCTAAGTATT,0,4689416
ybiY_ybiW_predicted,0.25,3,3,CGAGGTGGCTGATAGAGCTC,0,4713230
ybiY_ybiW_predicted,0.25,3,3,CGAGCAGATAGCGGCGGGGA,0,4695555
ybiY_ybiW_predicted,0.25,3,3,CGAGAAGTCATCCTGGTGAT,0,4705523
ybiY_ybiW_predicted,0.25,3,3,CGAGAAAAAAGTCGCTAATA,0,4717088
ybiY_ybiW_predicted,0.25,3,3,CGACTGACATGTGAGAAGGC,0,4700867
ybiY_ybiW_predicted,0.25,3,3,CGACTATATACGAACACCGT,0,4724643
ybiY_ybiW_predicted,0.25,3,3,CGACGTGTATCTAGAAATTT,0,4712959
ybiY_ybiW_predicted,0.25,3,3,CGACGTGAGCCGCGCAATAT,0,4712953
ybiY_ybiW_predicted,0.25,3,3,CGAATTTTGTACGATATATC,0,4731687
ybiY_ybiW_predicted,0.25,3,3,CGAATCTTACACAGGGTGGA,0,4717465
ybiY_ybiW_predicted,0.25,3,3,CGAACTTCTTTTAACATCGT,0,4723445
ybiY_ybiW_predicted,0.25,3,3,CGAACGGGATCGTAACATAC,0,4717292
ybiY_ybiW_predicted,0.25,3,3,CGAAAGCGGGGATGACCACG,0,4715012
ybiY_ybiW_predicted,0.25,3,3,CGAAAAGGGGGATTTCACGG,0,4705058
ybiY_ybiW_predicted,0.25,3,3,CCTTGGTTCCATTCCTTTAT,0,4713061
ybiY_ybiW_predicted,0.25,3,3,CCTTGATTTTATCGGGTCTA,0,4710496
ybiY_ybiW_predicted,0.25,3,3,CCTTCGACCTGCTTTCCGAA,0,4695293
ybiY_ybiW_predicted,0.25,3,3,CCTTCAGGAAGATATACCGC,0,4691614
ybiY_ybiW_predicted,0.25,3,3,CCTGTCGGCTGCACGCTTCC,0,4694310
ybiY_ybiW_predicted,0.25,3,3,CCTGGGATCATGGAATCACA,0,4707817
ybiY_ybiW_predicted,0.25,3,3,CCTGGAAGGCTATCTGAGCT,0,4710501
ybiY_ybiW_predicted,0.25,3,3,CCTGCTAATGGGCATGTAGG,0,4711111
ybiY_ybiW_predicted,0.25,3,3,CCTGCCAGGAAACAAAGTTA,0,4707795
ybiY_ybiW_predicted,0.25,3,3,CCTGCACTCTGTTAAGTAGT,0,4708287
ybiY_ybiW_predicted,0.25,3,3,CCTGACCAGGCGTCGGTGGG,0,4691099
ybiY_ybiW_predicted,0.25,3,3,CCTCCACTGCTATCAAGAAT,0,4713715
ybiY_ybiW_predicted,0.25,3,3,CCTCAACAAGCGCTTCGGAA,0,4719081
ybiY_ybiW_predicted,0.25,3,3,CCTAGCAGGGTCCAGGTAGA,0,4702716
ybiY_ybiW_predicted,0.25,3,3,CCTACATGCGGGTGAGCCTT,0,4730931
ybiY_ybiW_predicted,0.25,3,3,CCTAATCCTATTTCATTGGA,0,4701002
ybiY_ybiW_predicted,0.25,3,3,CCTAAGAGCAACCGTCGCTA,0,4690733
ybiY_ybiW_predicted,0.25,3,3,CCGTTATAGCAGAGCATCCT,0,4704073
ybiY_ybiW_predicted,0.25,3,3,CCGTTACTGTACTTGGACAG,0,4696890
ybiY_ybiW_predicted,0.25,3,3,CCGTCTGGGGAGTGCCGGAT,0,4688854
ybiY_ybiW_predicted,0.25,3,3,CCGTAGCTCCCCAGGCAAGT,0,4707180
ybiY_ybiW_predicted,0.25,3,3,CCGGTTAGACACCGCCAAGG,0,4693809
ybiY_ybiW_predicted,0.25,3,3,CCGGGACGTTATAAAAGAGT,0,4713180
ybiY_ybiW_predicted,0.25,3,3,CCGGAGGGGGCCACCATCTC,0,4719100
ybiY_ybiW_predicted,0.25,3,3,CCGGAGAGGCTTGCTCAGAA,0,4724956
ybiY_ybiW_predicted,0.25,3,3,CCGGACCAACAGCTTTGTTC,0,4726764
ybiY_ybiW_predicted,0.25,3,3,CCGGAACGTGGTTACACGCG,0,4730006
ybiY_ybiW_predicted,0.25,3,3,CCGCCCGCGCGAACCCACGC,0,4725495
ybiY_ybiW_predicted,0.25,3,3,CCGCAGGCGATGCAAGTGTT,0,4725098
ybiY_ybiW_predicted,0.25,3,3,CCGCACGAAACACGCGCCCA,0,4688477
ybiY_ybiW_predicted,0.25,3,3,CCGAGTGATTACGTTCTCTG,0,4707124
ybiY_ybiW_predicted,0.25,3,3,CCGAGAAAATCACGGCTGGC,0,4713572
ybiY_ybiW_predicted,0.25,3,3,CCCTCTTACAGGAGGTTACA,0,4695829
ybiY_ybiW_predicted,0.25,3,3,CCCGTTAGTACATTTGGGTA,0,4714943
ybiY_ybiW_predicted,0.25,3,3,CCCGGTGCGGTTCGGGATGT,0,4698342
ybiY_ybiW_predicted,0.25,3,3,CCCATCGCGACAAATGGGTA,0,4715026
ybiY_ybiW_predicted,0.25,3,3,CCCAGACTTGTTAGAAACCC,0,4727160
ybiY_ybiW_predicted,0.25,3,3,CCCAATGCAAGGGCGAATGC,0,4703694
ybiY_ybiW_predicted,0.25,3,3,CCATTAAGTCCTACTGATAT,0,4710570
ybiY_ybiW_predicted,0.25,3,3,CCATCTCAAACTCGAACGAT,0,4704219
ybiY_ybiW_predicted,0.25,3,3,CCATACCACAGGGGCCTTTG,0,4689558
ybiY_ybiW_predicted,0.25,3,3,CCAGTTTTTATCGGACATTG,0,4690912
ybiY_ybiW_predicted,0.25,3,3,CCAGTGATGGTAAGAACACT,0,4712402
ybiY_ybiW_predicted,0.25,3,3,CCAGGTTTAAAGGAATAGTG,0,4723252
ybiY_ybiW_predicted,0.25,3,3,CCAGCAGATACCTGGGGTGA,0,4726568
ybiY_ybiW_predicted,0.25,3,3,CCAGAGTCTCCTTGATCGGC,0,4729109
ybiY_ybiW_predicted,0.25,3,3,CCACCTTGTGTGCACACTGT,0,4714174
ybiY_ybiW_predicted,0.25,3,3,CCACATGCGCGCCCGCGACA,0,4707750
ybiY_ybiW_predicted,0.25,3,3,CCAATGCACCTTCTCGGGGA,0,4704568
ybiY_ybiW_predicted,0.25,3,3,CCAAGGTCGCGGCTTTTACA,0,4731507
ybiY_ybiW_predicted,0.25,3,3,CCAAGCTACTTGAGCGGCCC,0,4704783
ybiY_ybiW_predicted,0.25,3,3,CCAACCAAATTGACTCCGCG,0,4699982
ybiY_ybiW_predicted,0.25,3,3,CATTCCTATGGTGGTTCCTG,0,4698772
ybiY_ybiW_predicted,0.25,3,3,CATTAGTTTTCCGTGTGGCT,0,4706407
ybiY_ybiW_predicted,0.25,3,3,CATGTAAGTTCTGGTAAAGT,0,4721584
ybiY_ybiW_predicted,0.25,3,3,CATGGGCACCTAGTTCGCGA,0,4707779
ybiY_ybiW_predicted,0.25,3,3,CATGCGGGTGGGAGGTTGTA,0,4723424
ybiY_ybiW_predicted,0.25,3,3,CATGCAAGTGACAACTTATT,0,4705236
ybiY_ybiW_predicted,0.25,3,3,CATGATGCATACATTTGGTG,0,4698206
ybiY_ybiW_predicted,0.25,3,3,CATCTTGTGTTCTGACATGC,0,4695587
ybiY_ybiW_predicted,0.25,3,3,CATCTCGTCAATCACAAAGC,0,4713276
ybiY_ybiW_predicted,0.25,3,3,CATCGTCCAATATTATCTGG,0,4706473
ybiY_ybiW_predicted,0.25,3,3,CATCGGAAAATGGCGAGCCG,0,4692351
ybiY_ybiW_predicted,0.25,3,3,CATAGTAACGGTCAATCGGA,0,4715949
ybiY_ybiW_predicted,0.25,3,3,CATAAGCTTTAGGAGACACC,0,4717964
ybiY_ybiW_predicted,0.25,3,3,CAGTTCGCGAGGTGTAACGT,0,4726507
ybiY_ybiW_predicted,0.25,3,3,CAGTTAGCATGTCAATGTCA,0,4729823
ybiY_ybiW_predicted,0.25,3,3,CAGTGGTTGGGAAGCTGTCA,0,4693169
ybiY_ybiW_predicted,0.25,3,3,CAGTCTGACAACGCGCTGTT,0,4722851
ybiY_ybiW_predicted,0.25,3,3,CAGTCAAAAATAATCCCTCT,0,4704757
ybiY_ybiW_predicted,0.25,3,3,CAGGGTTCCAGCAGTTGGAG,0,4716533
ybiY_ybiW_predicted,0.25,3,3,CAGGGCACAATCATTGGAGG,0,4703360
ybiY_ybiW_predicted,0.25,3,3,CAGGGATTACCGAATTGGGC,0,4708351
ybiY_ybiW_predicted,0.25,3,3,CAGGCTAGTTACCCTAGAAT,0,4718653
ybiY_ybiW_predicted,0.25,3,3,CAGGCGCAAACGCGCCACTT,0,4718297
ybiY_ybiW_predicted,0.25,3,3,CAGGATGGTCAGCAGAGAGC,0,4697013
ybiY_ybiW_predicted,0.25,3,3,CAGCGGGAATTGCAAGAGAT,0,4715538
ybiY_ybiW_predicted,0.25,3,3,CAGCCAATATTACGGCCGTG,0,4710242
ybiY_ybiW_predicted,0.25,3,3,CAGCAGGAGCCAAATTCGCC,0,4695882
ybiY_ybiW_predicted,0.25,3,3,CAGAGGGACTGGATACTATG,0,4718757
ybiY_ybiW_predicted,0.25,3,3,CAGACACTCTACGGCGTATG,0,4706916
ybiY_ybiW_predicted,0.25,3,3,CACTTCCGCATAACCCGCAG,0,4718816
ybiY_ybiW_predicted,0.25,3,3,CACTCGTTTGGTTGAGCGTC,0,4688864
ybiY_ybiW_predicted,0.25,3,3,CACTATCGCTCGTAGATCCC,0,4701611
ybiY_ybiW_predicted,0.25,3,3,CACGTCGATTTTGGCGCTGA,0,4699539
ybiY_ybiW_predicted,0.25,3,3,CACGGATTTTCTCAGTGAGG,0,4715716
ybiY_ybiW_predicted,0.25,3,3,CACGAATTCGATTTCAATAA,0,4710191
ybiY_ybiW_predicted,0.25,3,3,CACCTGCGTACAGACTGATA,0,4730054
ybiY_ybiW_predicted,0.25,3,3,CACATTACGGGCTTTGAAGA,0,4725780
ybiY_ybiW_predicted,0.25,3,3,CACACATTCTTCGCGCGGTA,0,4712768
ybiY_ybiW_predicted,0.25,3,3,CACAACGCCGTGACTCCTTA,0,4720094
ybiY_ybiW_predicted,0.25,3,3,CAATTGCTGATTCTCTGGCT,0,4717253
ybiY_ybiW_predicted,0.25,3,3,CAATTCTGGGAAGCGTTCGT,0,4703218
ybiY_ybiW_predicted,0.25,3,3,CAATTCGGGATGTCAACAGG,0,4711138
ybiY_ybiW_predicted,0.25,3,3,CAATCTGTCGAGATTACGGC,0,4691975
ybiY_ybiW_predicted,0.25,3,3,CAATAGTGACCGTAGTAAAC,0,4720728
ybiY_ybiW_predicted,0.25,3,3,CAAGTTCTCCACATGTTGTG,0,4689400
ybiY_ybiW_predicted,0.25,3,3,CAAGTCTGACCGAGCTGTTG,0,4714377
ybiY_ybiW_predicted,0.25,3,3,CAAGTCAATGGCGCAGTACC,0,4705742
ybiY_ybiW_predicted,0.25,3,3,CAAGCACTATCAACGTGTCA,0,4696290
ybiY_ybiW_predicted,0.25,3,3,CAAGATTTGCCGGAGGTGGT,0,4707114
ybiY_ybiW_predicted,0.25,3,3,CAACGTTTGAAGCCAATCTA,0,4724954
ybiY_ybiW_predicted,0.25,3,3,CAACGTCATTGTGGTGGTGT,0,4714615
ybiY_ybiW_predicted,0.25,3,3,CAACGTAAGTATAGGGGGAA,0,4699447
ybiY_ybiW_predicted,0.25,3,3,CAACGGTTCTATCCTCCCGA,0,4723327
ybiY_ybiW_predicted,0.25,3,3,CAACGCATTTCCACGAGGCA,0,4692479
ybiY_ybiW_predicted,0.25,3,3,CAACCAATATCTGCACACCT,0,4692921
ybiY_ybiW_predicted,0.25,3,3,CAAATTGACTGGTTTTGTAT,0,4705020
ybiY_ybiW_predicted,0.25,3,3,CAAATCGCGCCAGAGGGAGA,0,4700570
ybiY_ybiW_predicted,0.25,3,3,CAAATCCCAACTGATCCCAA,0,4725235
ybiY_ybiW_predicted,0.25,3,3,ATTTGAGCTAGCACTGGTAG,0,4707671
ybiY_ybiW_predicted,0.25,3,3,ATTTCCCACCGTATCTGGCA,0,4711281
ybiY_ybiW_predicted,0.25,3,3,ATTGTCCTACGCAACCAGGT,0,4690187
ybiY_ybiW_predicted,0.25,3,3,ATTCCTGACCATGCCGGTTC,0,4689503
ybiY_ybiW_predicted,0.25,3,3,ATTCAGTTACTGTTCCGAAT,0,4710576
ybiY_ybiW_predicted,0.25,3,3,ATTATAGAAGTGTAAGCCAT,0,4719703
ybiY_ybiW_predicted,0.25,3,3,ATTAGTCTCGTCCAGGCAAT,0,4698157
ybiY_ybiW_predicted,0.25,3,3,ATTAGCGCCTTCACTGTTGG,0,4701576
ybiY_ybiW_predicted,0.25,3,3,ATTAAGATTGTGCTTCACAT,0,4714602
ybiY_ybiW_predicted,0.25,3,3,ATTAACAAGCAGCGAACCCG,0,4725365
ybiY_ybiW_predicted,0.25,3,3,ATGTTCAGCGGATGGCAATA,0,4729059
ybiY_ybiW_predicted,0.25,3,3,ATGTGCTTCATGCATCAGCA,0,4695624
ybiY_ybiW_predicted,0.25,3,3,ATGTCTCGTCACACGATAAG,0,4723693
ybiY_ybiW_predicted,0.25,3,3,ATGTCATTTTGCCTGAGCCC,0,4702237
ybiY_ybiW_predicted,0.25,3,3,ATGTATACGGAACTAAGCGC,0,4697021
ybiY_ybiW_predicted,0.25,3,3,ATGTACTCAGTAACGTGGGA,0,4692152
ybiY_ybiW_predicted,0.25,3,3,ATGTAACCCAAAAATGGCCA,0,4729945
ybiY_ybiW_predicted,0.25,3,3,ATGGTCACCAGACATCGCCA,0,4718550
ybiY_ybiW_predicted,0.25,3,3,ATGGGTGCACCTGAAGGGAC,0,4726132
ybiY_ybiW_predicted,0.25,3,3,ATGGCGGCGGAAGCCCAGGT,0,4711240
ybiY_ybiW_predicted,0.25,3,3,ATGGAAACCGCATAATTAAC,0,4698203
ybiY_ybiW_predicted,0.25,3,3,ATGGAAAAACATACCTGGCA,0,4695039
ybiY_ybiW_predicted,0.25,3,3,ATGCCGGGTGACTCCATTAG,0,4690504
ybiY_ybiW_predicted,0.25,3,3,ATGCCAGGGTCACACGTTTA,0,4725121
ybiY_ybiW_predicted,0.25,3,3,ATGCACGGACTAAACTGTCG,0,4688702
ybiY_ybiW_predicted,0.25,3,3,ATGATCCTATTGGACCAAAA,0,4713507
ybiY_ybiW_predicted,0.25,3,3,ATGATCATAGTGGTTACACC,0,4696205
ybiY_ybiW_predicted,0.25,3,3,ATGAGCGGAACGTGGGTTGA,0,4702985
ybiY_ybiW_predicted,0.25,3,3,ATGACGACGTTGTTCAAAGG,0,4690783
ybiY_ybiW_predicted,0.25,3,3,ATGAACTGCTAACCTGCCGT,0,4702546
ybiY_ybiW_predicted,0.25,3,3,ATGAAAGAAACTCCTTCCCG,0,4726089
ybiY_ybiW_predicted,0.25,3,3,ATCTTTATCTAATAAGCATC,0,4691348
ybiY_ybiW_predicted,0.25,3,3,ATCTGATTCGTTCTCTGGCG,0,4717304
ybiY_ybiW_predicted,0.25,3,3,ATCTCCCTGTGGCATATGTA,0,4697118
ybiY_ybiW_predicted,0.25,3,3,ATCTATTGCAATGCATAAGT,0,4722176
ybiY_ybiW_predicted,0.25,3,3,ATCTAAGCTTTCGCTTCCAC,0,4724439
ybiY_ybiW_predicted,0.25,3,3,ATCTAAAACGCCTGTCTCGT,0,4692808
ybiY_ybiW_predicted,0.25,3,3,ATCGTTATCAACGTCTGTCC,0,4728052
ybiY_ybiW_predicted,0.25,3,3,ATCGGGTCACCGAGCTCAAT,0,4704760
ybiY_ybiW_predicted,0.25,3,3,ATCCTGCTACCCATAAGAAG,0,4693000
ybiY_ybiW_predicted,0.25,3,3,ATCCTGAGATGCTCCACCCG,0,4719844
ybiY_ybiW_predicted,0.25,3,3,ATCCGCGTGGGATCCCGGCG,0,4724547
ybiY_ybiW_predicted,0.25,3,3,ATCCAGGCGTGAGAACCAAA,0,4722885
ybiY_ybiW_predicted,0.25,3,3,ATCATAGAAGTCTTTAAAGA,0,4690911
ybiY_ybiW_predicted,0.25,3,3,ATCAGCATCTCAATGGTTGT,0,4704838
ybiY_ybiW_predicted,0.25,3,3,ATCACGCGCCCCCTCACTCT,0,4730632
ybiY_ybiW_predicted,0.25,3,3,ATCACGCAACTCTGATGTCG,0,4689813
ybiY_ybiW_predicted,0.25,3,3,ATATTTTTTGTCGAAGCTAG,0,4702695
ybiY_ybiW_predicted,0.25,3,3,ATATGTAGGCCCTGGGCTCT,0,4715919
ybiY_ybiW_predicted,0.25,3,3,ATATGTAAAGTATAAGAGGG,0,4712360
ybiY_ybiW_predicted,0.25,3,3,ATATGATCATCCATTTGTCT,0,4701846
ybiY_ybiW_predicted,0.25,3,3,ATATCTCCGTTCATGCGACG,0,4708528
ybiY_ybiW_predicted,0.25,3,3,ATATACAAGTGGATCTAAAG,0,4697498
ybiY_ybiW_predicted,0.25,3,3,ATAGTCGGAGCGTTAAAGGT,0,4715047
ybiY_ybiW_predicted,0.25,3,3,ATAGGATTTGCTTTGCCAAG,0,4730665
ybiY_ybiW_predicted,0.25,3,3,ATACTTGTATACGGGAATGA,0,4716734
ybiY_ybiW_predicted,0.25,3,3,ATACTTGTAGTGACAGAACC,0,4729933
ybiY_ybiW_predicted,0.25,3,3,ATACGGTACCTGTAGGAAGC,0,4711145
ybiY_ybiW_predicted,0.25,3,3,ATACATAATTCAACAACGGT,0,4721536
ybiY_ybiW_predicted,0.25,3,3,ATACAACTCGGAGAAACTTG,0,4732103
ybiY_ybiW_predicted,0.25,3,3,ATAATCTAAAAGGGGCAATT,0,4718930
ybiY_ybiW_predicted,0.25,3,3,ATAATAACAGAGTATGAAGC,0,4717413
ybiY_ybiW_predicted,0.25,3,3,AGTTGTTCAAGTTTGTTCAG,0,4727415
ybiY_ybiW_predicted,0.25,3,3,AGTTGTACGTGTGTTAGTGT,0,4692155
ybiY_ybiW_predicted,0.25,3,3,AGTTGATGACGTGGTTTGCC,0,4719942
ybiY_ybiW_predicted,0.25,3,3,AGTTGATAGTAATTTTCTGT,0,4707119
ybiY_ybiW_predicted,0.25,3,3,AGTTCTCGTCTGCTTCCTCC,0,4692310
ybiY_ybiW_predicted,0.25,3,3,AGTTAGGCGAACAGATTGTT,0,4695497
ybiY_ybiW_predicted,0.25,3,3,AGTTAGAGGCGGCTACGTCA,0,4723821
ybiY_ybiW_predicted,0.25,3,3,AGTGTCCGAGCCGCTTCAGT,0,4704396
ybiY_ybiW_predicted,0.25,3,3,AGTGCCATCCGAAACATGTT,0,4714612
ybiY_ybiW_predicted,0.25,3,3,AGTGCATAATCTGGCCGTTG,0,4690690
ybiY_ybiW_predicted,0.25,3,3,AGTGAAGCAGCTACAGGTGT,0,4712938
ybiY_ybiW_predicted,0.25,3,3,AGTCTCAGTCCCACGACCAC,0,4711514
ybiY_ybiW_predicted,0.25,3,3,AGTCTACCCAGCGAGCCATA,0,4692684
ybiY_ybiW_predicted,0.25,3,3,AGTCGCTGCAAGGTTAATCT,0,4691199
ybiY_ybiW_predicted,0.25,3,3,AGTCCGCCTGGATCGCTTAA,0,4707217
ybiY_ybiW_predicted,0.25,3,3,AGTCACGATTCGCTGCGCGT,0,4718171
ybiY_ybiW_predicted,0.25,3,3,AGTCAAATCATTTGGTGCTT,0,4731608
ybiY_ybiW_predicted,0.25,3,3,AGTATACGCAATTAGCCCAA,0,4730841
ybiY_ybiW_predicted,0.25,3,3,AGTAGGAATATCGCTTTGCA,0,4691783
ybiY_ybiW_predicted,0.25,3,3,AGTAGCCTCCACCATTACAC,0,4699962
ybiY_ybiW_predicted,0.25,3,3,AGGTTCAGGTACTATCGCCA,0,4717588
ybiY_ybiW_predicted,0.25,3,3,AGGTTAGCCACAACGCCCGT,0,4730691
ybiY_ybiW_predicted,0.25,3,3,AGGTGCGGGCTCGATTGTAA,0,4710132
ybiY_ybiW_predicted,0.25,3,3,AGGTGACAGATAGTCACCTT,0,4693847
ybiY_ybiW_predicted,0.25,3,3,AGGTCTGACCAACTATGGTT,0,4714263
ybiY_ybiW_predicted,0.25,3,3,AGGTCGGTTGTTGTACGATG,0,4702509
ybiY_ybiW_predicted,0.25,3,3,AGGTCAAAAAGCCTGGGACT,0,4700025
ybiY_ybiW_predicted,0.25,3,3,AGGTATATATTTCACTCAAA,0,4720828
ybiY_ybiW_predicted,0.25,3,3,AGGTACAGTACCAAGTCCGT,0,4709873
ybiY_ybiW_predicted,0.25,3,3,AGGGTTATACTAACGGCCTG,0,4689397
ybiY_ybiW_predicted,0.25,3,3,AGGGGTATTGTTCGGTGTCC,0,4720486
ybiY_ybiW_predicted,0.25,3,3,AGGGCATTGTTCTGGGTTGT,0,4725123
ybiY_ybiW_predicted,0.25,3,3,AGGCAGAATGTGCCCCCGGT,0,4699625
ybiY_ybiW_predicted,0.25,3,3,AGGATATCGGAACGCGATGA,0,4711237
ybiY_ybiW_predicted,0.25,3,3,AGGAGTCTTGGTTCCATCAT,0,4703047
ybiY_ybiW_predicted,0.25,3,3,AGGAGTCAATAAAGCCATAA,0,4689586
ybiY_ybiW_predicted,0.25,3,3,AGGACGTGGATGACAGAGCA,0,4729758
ybiY_ybiW_predicted,0.25,3,3,AGGACGCCACATCCGTGTAT,0,4712310
ybiY_ybiW_predicted,0.25,3,3,AGCTTGCGCAGCATGGCGGA,0,4699997
ybiY_ybiW_predicted,0.25,3,3,AGCTTGATGTTACATGAGGA,0,4699406
ybiY_ybiW_predicted,0.25,3,3,AGCTCAACTATGAAAAACGT,0,4707176
ybiY_ybiW_predicted,0.25,3,3,AGCTACCTTATTTGTCCCAG,0,4719940
ybiY_ybiW_predicted,0.25,3,3,AGCGGAGAAGGATGAAGATA,0,4728220
ybiY_ybiW_predicted,0.25,3,3,AGCGCGTCAATGCTTTTACT,0,4717860
ybiY_ybiW_predicted,0.25,3,3,AGCGCGAGTGGTCACATCGT,0,4722146
ybiY_ybiW_predicted,0.25,3,3,AGCAGACGGCCACTGGGCTT,0,4727481
ybiY_ybiW_predicted,0.25,3,3,AGCACCACTTGACGTGAGAT,0,4718477
ybiY_ybiW_predicted,0.25,3,3,AGATCGTTATGGTGGATGCA,0,4707151
ybiY_ybiW_predicted,0.25,3,3,AGATCGCACTCACCCGTCAA,0,4721631
ybiY_ybiW_predicted,0.25,3,3,AGATCCTCAATCACCTAGGC,0,4723858
ybiY_ybiW_predicted,0.25,3,3,AGATATAGAAGCACTTTATT,0,4724099
ybiY_ybiW_predicted,0.25,3,3,AGAGCTTCGTCTGTAGCTAT,0,4728027
ybiY_ybiW_predicted,0.25,3,3,AGAGATCTGAGGCCTAAAGA,0,4692967
ybiY_ybiW_predicted,0.25,3,3,AGAGACCGATCATCTTGGTA,0,4712819
ybiY_ybiW_predicted,0.25,3,3,AGACCCGGTTGTTAGACATT,0,4714019
ybiY_ybiW_predicted,0.25,3,3,AGACAGGGACCTCGCTTTTA,0,4708280
ybiY_ybiW_predicted,0.25,3,3,AGAATATATAGCGCCGTAAC,0,4696047
ybiY_ybiW_predicted,0.25,3,3,AGAAGAGCGGTGATCTAATA,0,4695217
ybiY_ybiW_predicted,0.25,3,3,AGAACTCACGCCCGCATCTG,0,4693681
ybiY_ybiW_predicted,0.25,3,3,AGAACCATACATATTGGCGA,0,4710055
ybiY_ybiW_predicted,0.25,3,3,ACTTTGGTCCCTTATCTGGA,0,4696282
ybiY_ybiW_predicted,0.25,3,3,ACTTGGCGACCATTGCGGGT,0,4724449
ybiY_ybiW_predicted,0.25,3,3,ACTTCGTGCTTCCCCTACTC,0,4713755
ybiY_ybiW_predicted,0.25,3,3,ACTGCATGGGTCACCTGTGT,0,4719113
ybiY_ybiW_predicted,0.25,3,3,ACTGCAAATATTGTGGGCGC,0,4704255
ybiY_ybiW_predicted,0.25,3,3,ACTGATCGATAAATTTTATG,0,4698499
ybiY_ybiW_predicted,0.25,3,3,ACTCTTAAGAATGACTGTGT,0,4690558
ybiY_ybiW_predicted,0.25,3,3,ACTCTCGTTAGTGCACGCGA,0,4700495
ybiY_ybiW_predicted,0.25,3,3,ACTCTCGCCGGTCGCTATTA,0,4705415
ybiY_ybiW_predicted,0.25,3,3,ACTCGCGGGGTTACCCCATC,0,4705841
ybiY_ybiW_predicted,0.25,3,3,ACTCAGAGGGATGACAAGCA,0,4709855
ybiY_ybiW_predicted,0.25,3,3,ACTATTCGAGTCGATGACAA,0,4718007
ybiY_ybiW_predicted,0.25,3,3,ACTAGCTGGTGGGTGCAGTC,0,4717562
ybiY_ybiW_predicted,0.25,3,3,ACTACGGGCCATATCTCGGC,0,4714030
ybiY_ybiW_predicted,0.25,3,3,ACTACCAACTCTGTGATGAC,0,4701759
ybiY_ybiW_predicted,0.25,3,3,ACGTGACCAGGTAAAGTTCT,0,4696118
ybiY_ybiW_predicted,0.25,3,3,ACGTCAGCGTCATGATTACA,0,4707001
ybiY_ybiW_predicted,0.25,3,3,ACGGGCTGAAACCCGACATC,0,4715853
ybiY_ybiW_predicted,0.25,3,3,ACGGGATACCGTAGTCCGTA,0,4707404
ybiY_ybiW_predicted,0.25,3,3,ACGGCGTGATGCACTAGTGA,0,4694429
ybiY_ybiW_predicted,0.25,3,3,ACGGCACCAGCACCCGCACA,0,4709929
ybiY_ybiW_predicted,0.25,3,3,ACGCCCAACAACACTGTCGG,0,4710769
ybiY_ybiW_predicted,0.25,3,3,ACGCAGCTCGTTGACACTTC,0,4709988
ybiY_ybiW_predicted,0.25,3,3,ACGCACCACGAGGGCCTTGA,0,4723788
ybiY_ybiW_predicted,0.25,3,3,ACGATTTATTAGTGAGAATG,0,4726403
ybiY_ybiW_predicted,0.25,3,3,ACGATCCGTAAGACATCGAA,0,4693687
ybiY_ybiW_predicted,0.25,3,3,ACGACCTGGTCGAAATTGGT,0,4717392
ybiY_ybiW_predicted,0.25,3,3,ACCTGAGGTACGTGAGCCAC,0,4726501
ybiY_ybiW_predicted,0.25,3,3,ACCTCAATCGGTCGTTTACT,0,4709659
ybiY_ybiW_predicted,0.25,3,3,ACCTCAACGCATCACGTTCC,0,4721738
ybiY_ybiW_predicted,0.25,3,3,ACCGTTCCGTGAGATAGACA,0,4728783
ybiY_ybiW_predicted,0.25,3,3,ACCGTGAACTAGAGTTGAAG,0,4701524
ybiY_ybiW_predicted,0.25,3,3,ACCGCTTAAAGGAGGCTTTC,0,4731523
ybiY_ybiW_predicted,0.25,3,3,ACCGCATGAATCCGAAAATC,0,4704151
ybiY_ybiW_predicted,0.25,3,3,ACCCTTCGACGCAAGGGTCC,0,4730153
ybiY_ybiW_predicted,0.25,3,3,ACCCGCGCGATTTGCGCTAA,0,4707397
ybiY_ybiW_predicted,0.25,3,3,ACCCATGGAGGGTTTAATTA,0,4725476
ybiY_ybiW_predicted,0.25,3,3,ACCAGGGTCTGTACGTCCAT,0,4697022
ybiY_ybiW_predicted,0.25,3,3,ACATCTCTTGATAATCCTTT,0,4723905
ybiY_ybiW_predicted,0.25,3,3,ACATACTGATTGGTCTAGGC,0,4732049
ybiY_ybiW_predicted,0.25,3,3,ACATAAGTGTCCGCACCGTT,0,4704038
ybiY_ybiW_predicted,0.25,3,3,ACATAAAGTTCGTAGAGGTT,0,4726260
ybiY_ybiW_predicted,0.25,3,3,ACAGTCGGGTCATTCTGGCA,0,4695810
ybiY_ybiW_predicted,0.25,3,3,ACAGCTCCGCTCAAGTCTGG,0,4716333
ybiY_ybiW_predicted,0.25,3,3,ACAGCGTTAGACTGTGACAC,0,4727179
ybiY_ybiW_predicted,0.25,3,3,ACAGCGCGTTTTTAAGCGCC,0,4722248
ybiY_ybiW_predicted,0.25,3,3,ACAGCCTCCTTTCCACTTCT,0,4707932
ybiY_ybiW_predicted,0.25,3,3,ACAGCATGGGTTTAGAGCCT,0,4723666
ybiY_ybiW_predicted,0.25,3,3,ACAGACGGGACTCCATACCT,0,4727516
ybiY_ybiW_predicted,0.25,3,3,ACAGAAGATCGTGGATGCTT,0,4709138
ybiY_ybiW_predicted,0.25,3,3,ACACGTCTAGCCACACGGAG,0,4703108
ybiY_ybiW_predicted,0.25,3,3,ACACCTTATATACATAGTAG,0,4697091
ybiY_ybiW_predicted,0.25,3,3,ACACCGATATATACCCTTTC,0,4725259
ybiY_ybiW_predicted,0.25,3,3,ACAATAGCCGTTGTATGACG,0,4697823
ybiY_ybiW_predicted,0.25,3,3,ACAACAGTGCAGCTGTGAAA,0,4716869
ybiY_ybiW_predicted,0.25,3,3,ACAAATTTTCGATATCTCGG,0,4727652
ybiY_ybiW_predicted,0.25,3,3,ACAAATTGACAATGCCGATT,0,4720755
ybiY_ybiW_predicted,0.25,3,3,ACAAATTCCTGTTAGGCAAC,0,4730036
ybiY_ybiW_predicted,0.25,3,3,ACAAATCGGGCGAGCGTCGG,0,4730051
ybiY_ybiW_predicted,0.25,3,3,AATTATAGGGATACTAATTA,0,4726336
ybiY_ybiW_predicted,0.25,3,3,AATGTTTACATATCTGGCCT,0,4728466
ybiY_ybiW_predicted,0.25,3,3,AATGTAGGCATGTGTTGGTT,0,4720141
ybiY_ybiW_predicted,0.25,3,3,AATGGTGGACTACTGGCAAC,0,4693356
ybiY_ybiW_predicted,0.25,3,3,AATGGGGCTATCCCTGTGGT,0,4718369
ybiY_ybiW_predicted,0.25,3,3,AATGGGCTTCCGTCAGATGT,0,4727839
ybiY_ybiW_predicted,0.25,3,3,AATGGCATAGGCCCTACAGC,0,4728128
ybiY_ybiW_predicted,0.25,3,3,AATCTGCTTGATGGCACATT,0,4725603
ybiY_ybiW_predicted,0.25,3,3,AATCTCACGTCCGGTATGTC,0,4708183
ybiY_ybiW_predicted,0.25,3,3,AATCGTGCGGACCTTGTTAG,0,4704756
ybiY_ybiW_predicted,0.25,3,3,AATCATCATCACGCGTGATT,0,4713328
ybiY_ybiW_predicted,0.25,3,3,AATATGAAATCACTGAAAGT,0,4693141
ybiY_ybiW_predicted,0.25,3,3,AATATATAGCAACTCGGCAT,0,4697335
ybiY_ybiW_predicted,0.25,3,3,AATACGAGCTCCTGCACCAT,0,4724626
ybiY_ybiW_predicted,0.25,3,3,AATAAGCCGGTGAGCAAGCA,0,4714396
ybiY_ybiW_predicted,0.25,3,3,AATAAATGGGAGGCTGCCAG,0,4701698
ybiY_ybiW_predicted,0.25,3,3,AATAAACCGTAGTCCGCATC,0,4696120
ybiY_ybiW_predicted,0.25,3,3,AAGTGATAATCCTGGGGGAC,0,4725149
ybiY_ybiW_predicted,0.25,3,3,AAGTCGCCGGTACTCTTATG,0,4704400
ybiY_ybiW_predicted,0.25,3,3,AAGTATTTTCTTTTGTGTTA,0,4731202
ybiY_ybiW_predicted,0.25,3,3,AAGGTAATTACTATTGATTG,0,4693361
ybiY_ybiW_predicted,0.25,3,3,AAGGCGCTCTAATAGTGTAA,0,4729063
ybiY_ybiW_predicted,0.25,3,3,AAGGCCGTTTCAAGTATGGA,0,4706582
ybiY_ybiW_predicted,0.25,3,3,AAGGCCCTAAACCTACCCAT,0,4693632
ybiY_ybiW_predicted,0.25,3,3,AAGCTTCGTGAACGCAGCAG,0,4704754
ybiY_ybiW_predicted,0.25,3,3,AAGCTGATGCCGGTTTCAGA,0,4704634
ybiY_ybiW_predicted,0.25,3,3,AAGCTCTCAACAGCCGTCTG,0,4701312
ybiY_ybiW_predicted,0.25,3,3,AAGCGTGCGACGTAAAGGCA,0,4695001
ybiY_ybiW_predicted,0.25,3,3,AAGAGAGGTGTGATTCATCT,0,4690390
ybiY_ybiW_predicted,0.25,3,3,AAGAGAACGTTCGATGCTGA,0,4717328
ybiY_ybiW_predicted,0.25,3,3,AAGACCTCTTGCGGAGTTTT,0,4697958
ybiY_ybiW_predicted,0.25,3,3,AAGAATTACCTTTCGTACTC,0,4724876
ybiY_ybiW_predicted,0.25,3,3,AAGAAGGCATGTAGGGTATC,0,4701055
ybiY_ybiW_predicted,0.25,3,3,AACTGCCTCTAGCCGCTTCT,0,4707361
ybiY_ybiW_predicted,0.25,3,3,AACTGCCCCTTATATGGCGA,0,4717550
ybiY_ybiW_predicted,0.25,3,3,AACTAAGATTTTCAGAAGAA,0,4694409
ybiY_ybiW_predicted,0.25,3,3,AACGTGGCGAACAGACTACT,0,4691639
ybiY_ybiW_predicted,0.25,3,3,AACGTATTTGGGCGGGTCGG,0,4720292
ybiY_ybiW_predicted,0.25,3,3,AACGATGCCTCATGATAGGA,0,4700466
ybiY_ybiW_predicted,0.25,3,3,AACCTACGCGTGTGGTCTGC,0,4698352
ybiY_ybiW_predicted,0.25,3,3,AACCAACATACCCCGTTCTG,0,4718709
ybiY_ybiW_predicted,0.25,3,3,AACATCTGATTATCGTGTCC,0,4715280
ybiY_ybiW_predicted,0.25,3,3,AACAGTTTCCGAATTAGCGT,0,4693384
ybiY_ybiW_predicted,0.25,3,3,AAATTAGGACTCTCTTCTCT,0,4721999
ybiY_ybiW_predicted,0.25,3,3,AAATCAGATCCAGCGCCCAT,0,4697411
ybiY_ybiW_predicted,0.25,3,3,AAAGTTGTTTCGGCTGCACC,0,4697755
ybiY_ybiW_predicted,0.25,3,3,AAAGCGACTTTTGTGAGCAA,0,4707401
ybiY_ybiW_predicted,0.25,3,3,AAACCGCCGTATTCCGTTGA,0,4710905
ybiY_ybiW_predicted,0.25,3,3,AAACCCTTCCTACGTGATTA,0,4706869
ybiY_ybiW_predicted,0.25,3,3,AAACAAGAGATAGAGTTCAT,0,4724489
ybiY_ybiW_predicted,0.25,3,3,AAAATTTGGGACGAAAGGAT,0,4697711
ybiY_ybiW_predicted,0.25,3,3,AAAATCAAGATATATCGTTG,0,4711841
ybiY_ybiW_predicted,0.25,3,3,AAAAGAAGTTTAGCCCGATC,0,4715624
ybiY_ybiW_predicted,0.25,3,3,AAAACTACGGACCATCTCTG,0,4697046
ybiY_ybiW_predicted,0.25,3,3,AAAACATCCGGGTTAGCAGT,0,4690612
ybiY_ybiW_predicted,0.25,3,3,AAAAATTGTGGATCCCTATT,0,4730292
ybiY_ybiW_predicted,0.25,3,3,AAAAACGCTATCAATGGGGA,0,4695823
ybiY_ybiW_predicted,0.3333333333333333,2,2,TTTTGCGTAGCTATCGGACA,0,4702595
ybiY_ybiW_predicted,0.3333333333333333,2,2,TTTTGAGCACGATCGTTACC,0,4689345
ybiY_ybiW_predicted,0.3333333333333333,2,2,TTTTCCGGCTGCGACTTTAC,0,4702590
ybiY_ybiW_predicted,0.3333333333333333,2,2,TTTTCAGACGGGCATAAATC,0,4711694
ybiY_ybiW_predicted,0.3333333333333333,2,2,TTTTACGTTGACACTATATC,0,4689379
ybiY_ybiW_predicted,0.3333333333333333,2,2,TTTGGTTGGGGTGATCTACT,0,4711153
ybiY_ybiW_predicted,0.3333333333333333,2,2,TTTGGGCCAGGAGTCGGGGT,0,4730373
ybiY_ybiW_predicted,0.3333333333333333,2,2,TTTCTCTAGCTTCGACAAGT,0,4697206
ybiY_ybiW_predicted,0.3333333333333333,2,2,TTTCTCTAAGTATATGGCCC,0,4708307
ybiY_ybiW_predicted,0.3333333333333333,2,2,TTTCGTTTAGCTTCATGTTT,0,4721367
ybiY_ybiW_predicted,0.3333333333333333,2,2,TTTCGGGGGTCTCCAATTGG,0,4689673
ybiY_ybiW_predicted,0.3333333333333333,2,2,TTTCCACGCGACCCACGATT,0,4719553
ybiY_ybiW_predicted,0.3333333333333333,2,2,TTTCATGGGTGAACGATCTT,0,4701065
ybiY_ybiW_predicted,0.3333333333333333,2,2,TTTCATCCCAGAGGAAAGCC,0,4709279
ybiY_ybiW_predicted,0.3333333333333333,2,2,TTTATTGTGGATGGCGCTGA,0,4704114
ybiY_ybiW_predicted,0.3333333333333333,2,2,TTTATACACTACGCGTTTAT,0,4722682
ybiY_ybiW_predicted,0.3333333333333333,2,2,TTTACTGCGTTCCTAGGGCG,0,4696276
ybiY_ybiW_predicted,0.3333333333333333,2,2,TTTACGAACGGAGCGCAAGT,0,4711009
ybiY_ybiW_predicted,0.3333333333333333,2,2,TTTACAAATCTGCGTTATAG,0,4717076
ybiY_ybiW_predicted,0.3333333333333333,2,2,TTTAAACAAGGCCGATCCGG,0,4717086
ybiY_ybiW_predicted,0.3333333333333333,2,2,TTTAAAATGCATTAGGTGTA,0,4719036
ybiY_ybiW_predicted,0.3333333333333333,2,2,TTGTTTTTAGTACCGGGTAA,0,4710839
ybiY_ybiW_predicted,0.3333333333333333,2,2,TTGTGGATTAGCACCCGTCA,0,4724841
ybiY_ybiW_predicted,0.3333333333333333,2,2,TTGTCGGCACCAAGCCTCGT,0,4710392
ybiY_ybiW_predicted,0.3333333333333333,2,2,TTGTATTCCGGATTGGAAAC,0,4725053
ybiY_ybiW_predicted,0.3333333333333333,2,2,TTGTAGGGACGCTCAATCGA,0,4704227
ybiY_ybiW_predicted,0.3333333333333333,2,2,TTGGTGATTGTAATTTGCGG,0,4704361
ybiY_ybiW_predicted,0.3333333333333333,2,2,TTGGTGAGAATGATGGATCA,0,4713104
ybiY_ybiW_predicted,0.3333333333333333,2,2,TTGGTAGGAATCTCAGTTTC,0,4720135
ybiY_ybiW_predicted,0.3333333333333333,2,2,TTGGGTATCAAGGAACCCGT,0,4691045
ybiY_ybiW_predicted,0.3333333333333333,2,2,TTGGCTATGGAACGTCGGCT,0,4699226
ybiY_ybiW_predicted,0.3333333333333333,2,2,TTGGCGTGGCTCCGCGGAGG,0,4719139
ybiY_ybiW_predicted,0.3333333333333333,2,2,TTGGCAGATAGTCATAACCC,0,4711006
ybiY_ybiW_predicted,0.3333333333333333,2,2,TTGGACAGTACGTTCAGCGT,0,4715463
ybiY_ybiW_predicted,0.3333333333333333,2,2,TTGCTCGATCCCAATCCGGT,0,4725811
ybiY_ybiW_predicted,0.3333333333333333,2,2,TTGCGTCATAAGCGTCAATA,0,4695379
ybiY_ybiW_predicted,0.3333333333333333,2,2,TTGCGCTAGTCCGGCAAACC,0,4689200
ybiY_ybiW_predicted,0.3333333333333333,2,2,TTGCATATCCCCTAAACGAT,0,4725125
ybiY_ybiW_predicted,0.3333333333333333,2,2,TTGCAATCTTGTGAGGTGAC,0,4706095
ybiY_ybiW_predicted,0.3333333333333333,2,2,TTGATTCGACGCTCGGAAGT,0,4689201
ybiY_ybiW_predicted,0.3333333333333333,2,2,TTGATCAGGATGCATGCGTA,0,4710125
ybiY_ybiW_predicted,0.3333333333333333,2,2,TTGAGGTAAGTCCTGGATAA,0,4722739
ybiY_ybiW_predicted,0.3333333333333333,2,2,TTGACGCCCCGAACTTCGAG,0,4732197
ybiY_ybiW_predicted,0.3333333333333333,2,2,TTCTTTACTTCTTATAACAT,0,4711984
ybiY_ybiW_predicted,0.3333333333333333,2,2,TTCTCTTGGCATTCACATAT,0,4700342
ybiY_ybiW_predicted,0.3333333333333333,2,2,TTCGTTTTTTCTGCCAGTGG,0,4693764
ybiY_ybiW_predicted,0.3333333333333333,2,2,TTCGTCCACCCCAGGCGAGT,0,4719167
ybiY_ybiW_predicted,0.3333333333333333,2,2,TTCGTAGGTTGGTGAAGACA,0,4710622
ybiY_ybiW_predicted,0.3333333333333333,2,2,TTCGGCCGAAAGTCAACAGC,0,4719281
ybiY_ybiW_predicted,0.3333333333333333,2,2,TTCGCGCTGAGGCCTGGTCA,0,4701240
ybiY_ybiW_predicted,0.3333333333333333,2,2,TTCGCAAAAAAAGATTGCGC,0,4715755
ybiY_ybiW_predicted,0.3333333333333333,2,2,TTCGAACCACAGAACTGGGC,0,4717510
ybiY_ybiW_predicted,0.3333333333333333,2,2,TTCCGGTGCCATTCAAAAGC,0,4723337
ybiY_ybiW_predicted,0.3333333333333333,2,2,TTCCCTGCCGAACCCCTTTC,0,4693561
ybiY_ybiW_predicted,0.3333333333333333,2,2,TTCCCGCACCATCGGGAACT,0,4720808
ybiY_ybiW_predicted,0.3333333333333333,2,2,TTCATGCGCGAGCATACACC,0,4703231
ybiY_ybiW_predicted,0.3333333333333333,2,2,TTCATCATTCCGGTTATTCA,0,4725410
ybiY_ybiW_predicted,0.3333333333333333,2,2,TTCACCTCCTCCAAGATCGG,0,4728701
ybiY_ybiW_predicted,0.3333333333333333,2,2,TTCACCATTTTAGGGACGGT,0,4696312
ybiY_ybiW_predicted,0.3333333333333333,2,2,TTCACACATGAATGCTGAAC,0,4689593
ybiY_ybiW_predicted,0.3333333333333333,2,2,TTCAATATCTGGGATAGGCA,0,4721720
ybiY_ybiW_predicted,0.3333333333333333,2,2,TTCAAGTCAGAGGAGCTGAA,0,4699790
ybiY_ybiW_predicted,0.3333333333333333,2,2,TTCAACGAGAGTGCTTCACT,0,4710066
ybiY_ybiW_predicted,0.3333333333333333,2,2,TTCAAATAATGGTGACCGAC,0,4714623
ybiY_ybiW_predicted,0.3333333333333333,2,2,TTCAAAGCCGCGCAGCACCA,0,4717504
ybiY_ybiW_predicted,0.3333333333333333,2,2,TTATGCACGGACGGTCTTGT,0,4713289
ybiY_ybiW_predicted,0.3333333333333333,2,2,TTATGACTATGTGAGTCGGT,0,4689910
ybiY_ybiW_predicted,0.3333333333333333,2,2,TTATCTGTAGGAATAGGCCA,0,4691109
ybiY_ybiW_predicted,0.3333333333333333,2,2,TTATCGCCGGACAGACATGG,0,4691719
ybiY_ybiW_predicted,0.3333333333333333,2,2,TTATATTCCCGCTAGCGATC,0,4711553
ybiY_ybiW_predicted,0.3333333333333333,2,2,TTATAAAGCTATTAACTCAT,0,4728910
ybiY_ybiW_predicted,0.3333333333333333,2,2,TTAGTCTCCGCGGGTCGATC,0,4722879
ybiY_ybiW_predicted,0.3333333333333333,2,2,TTAGGTTGCGTACGTGTACC,0,4723583
ybiY_ybiW_predicted,0.3333333333333333,2,2,TTAGGTGCTTGGTATATCGA,0,4706519
ybiY_ybiW_predicted,0.3333333333333333,2,2,TTAGGATTCACGATGACCGT,0,4697475
ybiY_ybiW_predicted,0.3333333333333333,2,2,TTAGCGCTAAACGGTAAGCC,0,4716178
ybiY_ybiW_predicted,0.3333333333333333,2,2,TTAGCATCTGTAATCATCCT,0,4712940
ybiY_ybiW_predicted,0.3333333333333333,2,2,TTAGCACGTCGGAGTAATGT,0,4730145
ybiY_ybiW_predicted,0.3333333333333333,2,2,TTAGATTCTCGGTCAGAAAC,0,4729426
ybiY_ybiW_predicted,0.3333333333333333,2,2,TTAGATTCGACACTCCTACA,0,4714443
ybiY_ybiW_predicted,0.3333333333333333,2,2,TTACGTGGGCGCAAGTTCCA,0,4697208
ybiY_ybiW_predicted,0.3333333333333333,2,2,TTACGAGTGAATTTGTCTGT,0,4714231
ybiY_ybiW_predicted,0.3333333333333333,2,2,TTACCGGAAAGTCGAGGGGT,0,4732545
ybiY_ybiW_predicted,0.3333333333333333,2,2,TTACCCTGGTTCACAGAACG,0,4726636
ybiY_ybiW_predicted,0.3333333333333333,2,2,TTACCAGTGGGCACTATGAA,0,4723396
ybiY_ybiW_predicted,0.3333333333333333,2,2,TTAATCTTTGCGATAAAGGG,0,4720129
ybiY_ybiW_predicted,0.3333333333333333,2,2,TTAATACTACCTGTTCACGG,0,4701106
ybiY_ybiW_predicted,0.3333333333333333,2,2,TGTTTTCCTTACTCCGCAGC,0,4719025
ybiY_ybiW_predicted,0.3333333333333333,2,2,TGTTGCTCGCGTGTTCGTAT,0,4701499
ybiY_ybiW_predicted,0.3333333333333333,2,2,TGTTGATGAGTGCTTCGATA,0,4702231
ybiY_ybiW_predicted,0.3333333333333333,2,2,TGTTCGGGCCTTGATCTTTT,0,4694136
ybiY_ybiW_predicted,0.3333333333333333,2,2,TGTTATAGGGGTCTCTGTTA,0,4702539
ybiY_ybiW_predicted,0.3333333333333333,2,2,TGTGTCTGCCTTTTGCCCCG,0,4693429
ybiY_ybiW_predicted,0.3333333333333333,2,2,TGTGTACAACAGGCCCCTTT,0,4717527
ybiY_ybiW_predicted,0.3333333333333333,2,2,TGTGGCGGGCCATCGGTTTC,0,4692532
ybiY_ybiW_predicted,0.3333333333333333,2,2,TGTCTTTAGCGGTATCAGCT,0,4707448
ybiY_ybiW_predicted,0.3333333333333333,2,2,TGTCTTGGGGTCACTGTCAT,0,4696999
ybiY_ybiW_predicted,0.3333333333333333,2,2,TGTCGGTCTGAGAGACTTCC,0,4710709
ybiY_ybiW_predicted,0.3333333333333333,2,2,TGTCATAGGTTTCATGGGTG,0,4689450
ybiY_ybiW_predicted,0.3333333333333333,2,2,TGTCAACCTATTACATGAAT,0,4697332
ybiY_ybiW_predicted,0.3333333333333333,2,2,TGTATTTTACGAATCCAAGT,0,4718876
ybiY_ybiW_predicted,0.3333333333333333,2,2,TGTATAAGTTTGGCTATCTC,0,4729218
ybiY_ybiW_predicted,0.3333333333333333,2,2,TGTAGTCCCCACGATGGGGG,0,4711465
ybiY_ybiW_predicted,0.3333333333333333,2,2,TGTAGTACCAAAAGAACTTT,0,4707452
ybiY_ybiW_predicted,0.3333333333333333,2,2,TGTAGGGGGTTCGGGCTCAA,0,4705203
ybiY_ybiW_predicted,0.3333333333333333,2,2,TGTACGTCGGACTCCAAAAA,0,4727961
ybiY_ybiW_predicted,0.3333333333333333,2,2,TGGTGCGTCCCCAGCCTGGT,0,4716485
ybiY_ybiW_predicted,0.3333333333333333,2,2,TGGTATACGAGCTAGTCAGT,0,4712844
ybiY_ybiW_predicted,0.3333333333333333,2,2,TGGGTTCATATCACAATTGA,0,4712684
ybiY_ybiW_predicted,0.3333333333333333,2,2,TGGGGGGTTGATTTAGATTG,0,4721534
ybiY_ybiW_predicted,0.3333333333333333,2,2,TGGGCTCGGCGTCCCACAAT,0,4690325
ybiY_ybiW_predicted,0.3333333333333333,2,2,TGGGCCAGGAAGTGCGTCAT,0,4691620
ybiY_ybiW_predicted,0.3333333333333333,2,2,TGGGCAGGTACGTCTTGGCC,0,4692481
ybiY_ybiW_predicted,0.3333333333333333,2,2,TGGGACGTGCCCGGCATGGC,0,4694605
ybiY_ybiW_predicted,0.3333333333333333,2,2,TGGCTATAGGAAGGGCCAAA,0,4711533
ybiY_ybiW_predicted,0.3333333333333333,2,2,TGGCGGCCGGTAAACTGGTT,0,4719340
ybiY_ybiW_predicted,0.3333333333333333,2,2,TGGCGCTAAAGCTAAGGTAT,0,4727295
ybiY_ybiW_predicted,0.3333333333333333,2,2,TGGCCTCATATTCCACTTGG,0,4714334
ybiY_ybiW_predicted,0.3333333333333333,2,2,TGGCCTACGGGTTGAGCTGA,0,4720385
ybiY_ybiW_predicted,0.3333333333333333,2,2,TGGCAGAGACATTTTATTGA,0,4703860
ybiY_ybiW_predicted,0.3333333333333333,2,2,TGGAGGCCTGAAGACCATGT,0,4722484
ybiY_ybiW_predicted,0.3333333333333333,2,2,TGGAATTTGCATCGTATCAG,0,4732307
ybiY_ybiW_predicted,0.3333333333333333,2,2,TGCTTGGCGCATATGATTAT,0,4725058
ybiY_ybiW_predicted,0.3333333333333333,2,2,TGCGGTTAGGGGTAAACGAT,0,4722713
ybiY_ybiW_predicted,0.3333333333333333,2,2,TGCGGGACACTTGTGTATCT,0,4696663
ybiY_ybiW_predicted,0.3333333333333333,2,2,TGCGGACGCCAGACCGCAAT,0,4716136
ybiY_ybiW_predicted,0.3333333333333333,2,2,TGCGCTTTACCTTCGTTACC,0,4704753
ybiY_ybiW_predicted,0.3333333333333333,2,2,TGCGCTAGAAAGGTGGTGAT,0,4714992
ybiY_ybiW_predicted,0.3333333333333333,2,2,TGCGCGGAGATATCGACCCG,0,4690446
ybiY_ybiW_predicted,0.3333333333333333,2,2,TGCGATTCGAGGGTCCTACA,0,4695789
ybiY_ybiW_predicted,0.3333333333333333,2,2,TGCGAACCTCGGGAGCGATT,0,4727064
ybiY_ybiW_predicted,0.3333333333333333,2,2,TGCCGTTATCCCATGGAACG,0,4695127
ybiY_ybiW_predicted,0.3333333333333333,2,2,TGCCCTATTACATGAGAGGA,0,4720723
ybiY_ybiW_predicted,0.3333333333333333,2,2,TGCCCGCGAATTACAATGTT,0,4710211
ybiY_ybiW_predicted,0.3333333333333333,2,2,TGCCATGTGAGGTGTGCCTA,0,4724080
ybiY_ybiW_predicted,0.3333333333333333,2,2,TGCCACCTAGTGGCCCCATG,0,4693074
ybiY_ybiW_predicted,0.3333333333333333,2,2,TGCCACAGACCGACGCCCAC,0,4722456
ybiY_ybiW_predicted,0.3333333333333333,2,2,TGCATTCGGCTCACACTTGA,0,4730434
ybiY_ybiW_predicted,0.3333333333333333,2,2,TGCATCCCTGAGAACGGGCG,0,4710770
ybiY_ybiW_predicted,0.3333333333333333,2,2,TGCAGCGCGCTGCCCAATCA,0,4691808
ybiY_ybiW_predicted,0.3333333333333333,2,2,TGCAGCGCGAAACTTATCGG,0,4696847
ybiY_ybiW_predicted,0.3333333333333333,2,2,TGCAGAGCTCAGTTTTGCCG,0,4705811
ybiY_ybiW_predicted,0.3333333333333333,2,2,TGCAGAACATTACACTGTGC,0,4688791
ybiY_ybiW_predicted,0.3333333333333333,2,2,TGCAATTATATGGGGTCCAG,0,4691519
ybiY_ybiW_predicted,0.3333333333333333,2,2,TGCAAGGTCCTAATATCGCG,0,4714146
ybiY_ybiW_predicted,0.3333333333333333,2,2,TGATTTCGCTGCGTGTCCAG,0,4719740
ybiY_ybiW_predicted,0.3333333333333333,2,2,TGATGTTGCAGAGTATACTC,0,4710937
ybiY_ybiW_predicted,0.3333333333333333,2,2,TGATGTCTGCACAGGTGTCC,0,4707705
ybiY_ybiW_predicted,0.3333333333333333,2,2,TGATCAGCTAAGAATAATGA,0,4725613
ybiY_ybiW_predicted,0.3333333333333333,2,2,TGATATGTCATGTTTGATGA,0,4714324
ybiY_ybiW_predicted,0.3333333333333333,2,2,TGAGTTAGGGTGTTCTTCAT,0,4716394
ybiY_ybiW_predicted,0.3333333333333333,2,2,TGAGTCCAGTATCGCCAGGC,0,4693086
ybiY_ybiW_predicted,0.3333333333333333,2,2,TGAGTCACACCACGGATTCT,0,4721073
ybiY_ybiW_predicted,0.3333333333333333,2,2,TGAGTATGTAGCATGGAATG,0,4717110
ybiY_ybiW_predicted,0.3333333333333333,2,2,TGAGGGTATTACCCCCTTGG,0,4713515
ybiY_ybiW_predicted,0.3333333333333333,2,2,TGAGGATTGAGCGCCCCGTC,0,4724213
ybiY_ybiW_predicted,0.3333333333333333,2,2,TGAGAAGATTCTCCTAAGTT,0,4704141
ybiY_ybiW_predicted,0.3333333333333333,2,2,TGACTCACCGCTGTGCTACA,0,4699303
ybiY_ybiW_predicted,0.3333333333333333,2,2,TGACAGCTCCAAACGGTTTC,0,4730180
ybiY_ybiW_predicted,0.3333333333333333,2,2,TGAATCGCAACTGCGGGTAG,0,4701821
ybiY_ybiW_predicted,0.3333333333333333,2,2,TGAATATGGAGAGGAGATAC,0,4693639
ybiY_ybiW_predicted,0.3333333333333333,2,2,TGAAGGGGAACTGGCGCTGA,0,4718964
ybiY_ybiW_predicted,0.3333333333333333,2,2,TGAACGACAAGACATGCGTG,0,4704091
ybiY_ybiW_predicted,0.3333333333333333,2,2,TGAACCCTTCTGGTAGCCGG,0,4730564
ybiY_ybiW_predicted,0.3333333333333333,2,2,TGAAACCTAGGGCAATGATA,0,4708277
ybiY_ybiW_predicted,0.3333333333333333,2,2,TCTTTTTATCCTTGAGTGCC,0,4706817
ybiY_ybiW_predicted,0.3333333333333333,2,2,TCTTTTAACTGATTTCCAGG,0,4732484
ybiY_ybiW_predicted,0.3333333333333333,2,2,TCTTTTAACCGCAACCCGCG,0,4724322
ybiY_ybiW_predicted,0.3333333333333333,2,2,TCTTTGCGACAGTTGCCGAG,0,4727076
ybiY_ybiW_predicted,0.3333333333333333,2,2,TCTTTATGGCTGGCGATTAC,0,4725354
ybiY_ybiW_predicted,0.3333333333333333,2,2,TCTTGTCTTCGCTACCAGTA,0,4695481
ybiY_ybiW_predicted,0.3333333333333333,2,2,TCTTCTATTGTTCAAAAAGC,0,4718089
ybiY_ybiW_predicted,0.3333333333333333,2,2,TCTTAAAGGTCTTTTTCGAA,0,4716314
ybiY_ybiW_predicted,0.3333333333333333,2,2,TCTGGAACAGTTGGCGGCGC,0,4708797
ybiY_ybiW_predicted,0.3333333333333333,2,2,TCTCTGTGATCCGCCTAATC,0,4723614
ybiY_ybiW_predicted,0.3333333333333333,2,2,TCTCGGCCTGAATGGAAGGT,0,4726506
ybiY_ybiW_predicted,0.3333333333333333,2,2,TCTCCCCCCTAAAGTGGCGT,0,4705215
ybiY_ybiW_predicted,0.3333333333333333,2,2,TCTCCAGGGATTTCCATGTT,0,4696946
ybiY_ybiW_predicted,0.3333333333333333,2,2,TCTCCAATCTGGTAATGTGG,0,4697173
ybiY_ybiW_predicted,0.3333333333333333,2,2,TCTCATCCTAGCCTAGCTAC,0,4698382
ybiY_ybiW_predicted,0.3333333333333333,2,2,TCTCATCACTCCACCCCGAA,0,4724058
ybiY_ybiW_predicted,0.3333333333333333,2,2,TCTATTCATGTTATGATTAG,0,4693122
ybiY_ybiW_predicted,0.3333333333333333,2,2,TCTATCTCGATAGGTAATAG,0,4712591
ybiY_ybiW_predicted,0.3333333333333333,2,2,TCTATATGTCCCTGCCTTAG,0,4707369
ybiY_ybiW_predicted,0.3333333333333333,2,2,TCTAGTTTGAAAGCTTACAA,0,4714582
ybiY_ybiW_predicted,0.3333333333333333,2,2,TCTAGATACTCCTTCACAGC,0,4695722
ybiY_ybiW_predicted,0.3333333333333333,2,2,TCTACGCCATCCGTACTAAA,0,4689464
ybiY_ybiW_predicted,0.3333333333333333,2,2,TCTACATCGATGAGTCCGTC,0,4701742
ybiY_ybiW_predicted,0.3333333333333333,2,2,TCTAATCACTTGTCTGAAAA,0,4728380
ybiY_ybiW_predicted,0.3333333333333333,2,2,TCTAAGGTACCCGTCATGAT,0,4728200
ybiY_ybiW_predicted,0.3333333333333333,2,2,TCTAACGAATGCAGATTCCT,0,4695602
ybiY_ybiW_predicted,0.3333333333333333,2,2,TCGTTTCGACATCAGGATTA,0,4731953
ybiY_ybiW_predicted,0.3333333333333333,2,2,TCGTTTAGGCCCAGAACCTG,0,4714203
ybiY_ybiW_predicted,0.3333333333333333,2,2,TCGGTTAGTGGTGGCTTGAA,0,4725515
ybiY_ybiW_predicted,0.3333333333333333,2,2,TCGGTCTCACTACGTTAAGC,0,4699978
ybiY_ybiW_predicted,0.3333333333333333,2,2,TCGGTACCGCAGTGGAATCT,0,4690392
ybiY_ybiW_predicted,0.3333333333333333,2,2,TCGGTACAGCGCAATAGCGT,0,4718943
ybiY_ybiW_predicted,0.3333333333333333,2,2,TCGGGTCTATACGTGGAGAT,0,4688672
ybiY_ybiW_predicted,0.3333333333333333,2,2,TCGGCTAGAGAGAGACAACG,0,4704763
ybiY_ybiW_predicted,0.3333333333333333,2,2,TCGGACGGGCTAATTTTGTC,0,4711109
ybiY_ybiW_predicted,0.3333333333333333,2,2,TCGCGGCTTACACGGTATGA,0,4719780
ybiY_ybiW_predicted,0.3333333333333333,2,2,TCGCGAATCAAGTTCGAAAC,0,4720505
ybiY_ybiW_predicted,0.3333333333333333,2,2,TCGCCTTTCGGACCTAGGTA,0,4718997
ybiY_ybiW_predicted,0.3333333333333333,2,2,TCGCCTCTCCTCGACGATAC,0,4703437
ybiY_ybiW_predicted,0.3333333333333333,2,2,TCGAGTAGAATCTGATAGAC,0,4717580
ybiY_ybiW_predicted,0.3333333333333333,2,2,TCGAACCTTTTAACCGAATA,0,4719375
ybiY_ybiW_predicted,0.3333333333333333,2,2,TCCTGCTGAACCATGTCTAA,0,4712037
ybiY_ybiW_predicted,0.3333333333333333,2,2,TCCTCGTTTCAAGTGAGTCG,0,4723842
ybiY_ybiW_predicted,0.3333333333333333,2,2,TCCTCCACCGTTCAGGTAGT,0,4720839
ybiY_ybiW_predicted,0.3333333333333333,2,2,TCCGTTCTTACTTGCAGGCT,0,4725241
ybiY_ybiW_predicted,0.3333333333333333,2,2,TCCGACGGCAATCGGGACGC,0,4711268
ybiY_ybiW_predicted,0.3333333333333333,2,2,TCCCTTCTGTCTACCTCTGG,0,4690128
ybiY_ybiW_predicted,0.3333333333333333,2,2,TCCCTCTGATACCCAGTAGG,0,4715010
ybiY_ybiW_predicted,0.3333333333333333,2,2,TCCCCTCGTTAATTCAGATG,0,4724419
ybiY_ybiW_predicted,0.3333333333333333,2,2,TCCCATCTAGTAACCCCAGG,0,4706831
ybiY_ybiW_predicted,0.3333333333333333,2,2,TCCCATAGGACTACGCCCAT,0,4691756
ybiY_ybiW_predicted,0.3333333333333333,2,2,TCCACGGGGCCTATTTGCTA,0,4731056
ybiY_ybiW_predicted,0.3333333333333333,2,2,TCCACAGCCTCTATGCTTTC,0,4699293
ybiY_ybiW_predicted,0.3333333333333333,2,2,TCCAATTCTCAATGGATGTG,0,4722970
ybiY_ybiW_predicted,0.3333333333333333,2,2,TCATTGCTTTGAACAGATGC,0,4712597
ybiY_ybiW_predicted,0.3333333333333333,2,2,TCATGGGCCAACCCCTGAAG,0,4709738
ybiY_ybiW_predicted,0.3333333333333333,2,2,TCATCTCCGTTACAACTGCC,0,4697064
ybiY_ybiW_predicted,0.3333333333333333,2,2,TCAGTGCTATAACGGCAAAC,0,4696112
ybiY_ybiW_predicted,0.3333333333333333,2,2,TCAGGTCTGCACAGCCTATC,0,4700033
ybiY_ybiW_predicted,0.3333333333333333,2,2,TCAGGGCGATTTCCAGACAA,0,4715355
ybiY_ybiW_predicted,0.3333333333333333,2,2,TCAGAAGCGAAGCAGGCCGG,0,4725246
ybiY_ybiW_predicted,0.3333333333333333,2,2,TCACTGGGGTACATGATGGA,0,4705520
ybiY_ybiW_predicted,0.3333333333333333,2,2,TCACTAGACTTGCTTGAGTT,0,4696180
ybiY_ybiW_predicted,0.3333333333333333,2,2,TCACGGCGGATCGAGAATTC,0,4689941
ybiY_ybiW_predicted,0.3333333333333333,2,2,TCACACGAAGCAACACGTTG,0,4709149
ybiY_ybiW_predicted,0.3333333333333333,2,2,TCAAGTAGATCGTTCCGCCA,0,4695287
ybiY_ybiW_predicted,0.3333333333333333,2,2,TCAACCGTACAGTTTATTTG,0,4717021
ybiY_ybiW_predicted,0.3333333333333333,2,2,TCAACAGCCTAGTGGAATCT,0,4717663
ybiY_ybiW_predicted,0.3333333333333333,2,2,TCAAAGCGAGGCAATGACTG,0,4728154
ybiY_ybiW_predicted,0.3333333333333333,2,2,TCAAAGAAACGAGAGACGAC,0,4699646
ybiY_ybiW_predicted,0.3333333333333333,2,2,TATTTGATGTTGAGACAAGG,0,4724168
ybiY_ybiW_predicted,0.3333333333333333,2,2,TATTTGATCTTCAGTGGGGG,0,4696204
ybiY_ybiW_predicted,0.3333333333333333,2,2,TATTCGGTATGCTATCGTGT,0,4691778
ybiY_ybiW_predicted,0.3333333333333333,2,2,TATTCCGATCGATAGACCTT,0,4706828
ybiY_ybiW_predicted,0.3333333333333333,2,2,TATTAGCGAGCATTGATGAA,0,4728019
ybiY_ybiW_predicted,0.3333333333333333,2,2,TATTAACTCGTTTGACCCGA,0,4702486
ybiY_ybiW_predicted,0.3333333333333333,2,2,TATGTAAAAATAAACAGGTT,0,4714085
ybiY_ybiW_predicted,0.3333333333333333,2,2,TATGGACCCGTGGCACACAG,0,4715778
ybiY_ybiW_predicted,0.3333333333333333,2,2,TATCTTAACGCCCGGGATGG,0,4692665
ybiY_ybiW_predicted,0.3333333333333333,2,2,TATCGCTCTACCATTGCAAA,0,4700692
ybiY_ybiW_predicted,0.3333333333333333,2,2,TATCATGTTCTTAGTTTCTG,0,4706181
ybiY_ybiW_predicted,0.3333333333333333,2,2,TATCACGTGGGGCAGCACGA,0,4725019
ybiY_ybiW_predicted,0.3333333333333333,2,2,TATAGTGCCCATTGTGGGAT,0,4705760
ybiY_ybiW_predicted,0.3333333333333333,2,2,TATACGCGATAAGGCTTAAC,0,4706481
ybiY_ybiW_predicted,0.3333333333333333,2,2,TATACGACCTTTTCGATTTA,0,4731400
ybiY_ybiW_predicted,0.3333333333333333,2,2,TATACGAAAAAATCCCGAGT,0,4708169
ybiY_ybiW_predicted,0.3333333333333333,2,2,TATAAACGGCCAAACAAGGC,0,4700989
ybiY_ybiW_predicted,0.3333333333333333,2,2,TAGGTTTAGGCGGGTGGAGA,0,4688951
ybiY_ybiW_predicted,0.3333333333333333,2,2,TAGGTTCCAGGGGGGCTTTA,0,4713964
ybiY_ybiW_predicted,0.3333333333333333,2,2,TAGGGGTCGGCACGGATTGT,0,4688586
ybiY_ybiW_predicted,0.3333333333333333,2,2,TAGGGGGAAGCTCCGGGCGA,0,4706698
ybiY_ybiW_predicted,0.3333333333333333,2,2,TAGGGCAGCACCGCCTATCT,0,4727319
ybiY_ybiW_predicted,0.3333333333333333,2,2,TAGGGAGAGGTGATTTGACT,0,4718613
ybiY_ybiW_predicted,0.3333333333333333,2,2,TAGGCGCCCCTAAAGACCGG,0,4689896
ybiY_ybiW_predicted,0.3333333333333333,2,2,TAGGCATAAGCCGGCCGCAT,0,4700902
ybiY_ybiW_predicted,0.3333333333333333,2,2,TAGGCACGGACCCCCGTGGA,0,4691803
ybiY_ybiW_predicted,0.3333333333333333,2,2,TAGGATTTGTTGGCAACTCT,0,4701364
ybiY_ybiW_predicted,0.3333333333333333,2,2,TAGCTCCAGGTTGATCCTTG,0,4705125
ybiY_ybiW_predicted,0.3333333333333333,2,2,TAGCCTTCCTCTAGTGAGGG,0,4689942
ybiY_ybiW_predicted,0.3333333333333333,2,2,TAGATACCTGCACCTACGGA,0,4725035
ybiY_ybiW_predicted,0.3333333333333333,2,2,TAGAGTACTACAGCGGAGCA,0,4709579
ybiY_ybiW_predicted,0.3333333333333333,2,2,TACTTGGCTTCGCAGATTCA,0,4722413
ybiY_ybiW_predicted,0.3333333333333333,2,2,TACTTACGGTTATGTACGTT,0,4705560
ybiY_ybiW_predicted,0.3333333333333333,2,2,TACTGTCGTGGGAACCACAG,0,4712915
ybiY_ybiW_predicted,0.3333333333333333,2,2,TACTGGCGGTAGCAAAGTCT,0,4706342
ybiY_ybiW_predicted,0.3333333333333333,2,2,TACTGCTCGTGGCACGTCGC,0,4726792
ybiY_ybiW_predicted,0.3333333333333333,2,2,TACTCACTAGCTAGACCGTT,0,4695733
ybiY_ybiW_predicted,0.3333333333333333,2,2,TACGGTTTGTCATCCTTGTG,0,4701500
ybiY_ybiW_predicted,0.3333333333333333,2,2,TACGCATTCGGCACGTTGAA,0,4690735
ybiY_ybiW_predicted,0.3333333333333333,2,2,TACGAGACAGTCCCTAGTTC,0,4730855
ybiY_ybiW_predicted,0.3333333333333333,2,2,TACCTCAGAAGAAAAATTGG,0,4722426
ybiY_ybiW_predicted,0.3333333333333333,2,2,TACCGCTCGGCCAGGAGTGT,0,4691437
ybiY_ybiW_predicted,0.3333333333333333,2,2,TACCCCGATGTCAAGGAGGT,0,4692574
ybiY_ybiW_predicted,0.3333333333333333,2,2,TACCCCCGGAGATTGGCTAT,0,4693167
ybiY_ybiW_predicted,0.3333333333333333,2,2,TACCAGAGCCTTTCGATCTT,0,4707169
ybiY_ybiW_predicted,0.3333333333333333,2,2,TACCAATTAGGTGGCTAGGC,0,4723612
ybiY_ybiW_predicted,0.3333333333333333,2,2,TACCAAACTCTGTGGCTGTG,0,4698108
ybiY_ybiW_predicted,0.3333333333333333,2,2,TACATCTCGTTGAGTTCGCG,0,4712225
ybiY_ybiW_predicted,0.3333333333333333,2,2,TACAGAAGTAAGGTGATATA,0,4713723
ybiY_ybiW_predicted,0.3333333333333333,2,2,TACACTCCAGGAAAACGAAT,0,4700095
ybiY_ybiW_predicted,0.3333333333333333,2,2,TACACGTCGTTATCGTGGTG,0,4726075
ybiY_ybiW_predicted,0.3333333333333333,2,2,TAATGAAGTCTAAAAATTGC,0,4727217
ybiY_ybiW_predicted,0.3333333333333333,2,2,TAATCCCGGAGCGCGCATCC,0,4695880
ybiY_ybiW_predicted,0.3333333333333333,2,2,TAATCAAAGCATTTCCATTT,0,4696784
ybiY_ybiW_predicted,0.3333333333333333,2,2,TAATAAGATTAAAGGCCCAG,0,4717834
ybiY_ybiW_predicted,0.3333333333333333,2,2,TAATAAGAACGGACCTGTTG,0,4688805
ybiY_ybiW_predicted,0.3333333333333333,2,2,TAAGGCACGGCCCAAGGGAT,0,4706839
ybiY_ybiW_predicted,0.3333333333333333,2,2,TAACATTATGTGCGGTGTGC,0,4692852
ybiY_ybiW_predicted,0.3333333333333333,2,2,TAACAGCCTTGCGGAGCACA,0,4709799
ybiY_ybiW_predicted,0.3333333333333333,2,2,TAAAGGACCCTGCGCTGGCT,0,4699087
ybiY_ybiW_predicted,0.3333333333333333,2,2,TAAACTTAATCTGAATAGGA,0,4705092
ybiY_ybiW_predicted,0.3333333333333333,2,2,TAAAAGCCAGGTGGATTAGA,0,4712732
ybiY_ybiW_predicted,0.3333333333333333,2,2,GTTTTTAATGGGTCGGCATT,0,4709419
ybiY_ybiW_predicted,0.3333333333333333,2,2,GTTTGTAGTCTTGCCTACCT,0,4707944
ybiY_ybiW_predicted,0.3333333333333333,2,2,GTTTGGTCTTGTGCTTATGC,0,4705923
ybiY_ybiW_predicted,0.3333333333333333,2,2,GTTTAGGCGACTTGGCTTTC,0,4703006
ybiY_ybiW_predicted,0.3333333333333333,2,2,GTTTAGGACCAAAGAGGAAC,0,4694235
ybiY_ybiW_predicted,0.3333333333333333,2,2,GTTTAATGGGTGTCAATGGA,0,4723214
ybiY_ybiW_predicted,0.3333333333333333,2,2,GTTTAATATTTGTAGGTTGA,0,4699335
ybiY_ybiW_predicted,0.3333333333333333,2,2,GTTTAACCCAAAAAGGCCGT,0,4689907
ybiY_ybiW_predicted,0.3333333333333333,2,2,GTTTAAAATCGTCATAGTGA,0,4727475
ybiY_ybiW_predicted,0.3333333333333333,2,2,GTTGGGCCATCTTCGGTTTC,0,4689266
ybiY_ybiW_predicted,0.3333333333333333,2,2,GTTGGATCTGAGTCACGCTA,0,4720268
ybiY_ybiW_predicted,0.3333333333333333,2,2,GTTGATCTTGTTGAGCCGTA,0,4705171
ybiY_ybiW_predicted,0.3333333333333333,2,2,GTTCTGCTCAGGATGGTGCT,0,4704775
ybiY_ybiW_predicted,0.3333333333333333,2,2,GTTCGTACCTCAGTAAGGCA,0,4702524
ybiY_ybiW_predicted,0.3333333333333333,2,2,GTTCGGTATAGAATCACGTA,0,4703232
ybiY_ybiW_predicted,0.3333333333333333,2,2,GTTCCCACCTCACATGCGCG,0,4715568
ybiY_ybiW_predicted,0.3333333333333333,2,2,GTTCCATAAATATCGCTAGG,0,4713506
ybiY_ybiW_predicted,0.3333333333333333,2,2,GTTCATCACGTGAAAGGATG,0,4722126
ybiY_ybiW_predicted,0.3333333333333333,2,2,GTTATTACACATGTTTGTAT,0,4729517
ybiY_ybiW_predicted,0.3333333333333333,2,2,GTTACTTTCCTGAAACGCGA,0,4716328
ybiY_ybiW_predicted,0.3333333333333333,2,2,GTGTGCTGTTACAATTCCAT,0,4723552
ybiY_ybiW_predicted,0.3333333333333333,2,2,GTGTGCAGACTTTGGCATCA,0,4731109
ybiY_ybiW_predicted,0.3333333333333333,2,2,GTGTCATGGTTGGGGTGGCT,0,4703129
ybiY_ybiW_predicted,0.3333333333333333,2,2,GTGTACCGTGGCCTTCGCCC,0,4690256
ybiY_ybiW_predicted,0.3333333333333333,2,2,GTGGTGTTATGCGTATGTGT,0,4714867
ybiY_ybiW_predicted,0.3333333333333333,2,2,GTGGGGGACTATTCACTCGA,0,4726690
ybiY_ybiW_predicted,0.3333333333333333,2,2,GTGGGATTCTTACCCGGAAT,0,4719523
ybiY_ybiW_predicted,0.3333333333333333,2,2,GTGGCAAGGGTCAACCCGTA,0,4728244
ybiY_ybiW_predicted,0.3333333333333333,2,2,GTGCTCCACGTGAAGCCTAC,0,4729753
ybiY_ybiW_predicted,0.3333333333333333,2,2,GTGCCGTGTTCAGTGCAATC,0,4717437
ybiY_ybiW_predicted,0.3333333333333333,2,2,GTGCACATTTACGTGTAAAC,0,4702680
ybiY_ybiW_predicted,0.3333333333333333,2,2,GTGCAATACCATGATGAATT,0,4720673
ybiY_ybiW_predicted,0.3333333333333333,2,2,GTGATTGTTATAGCTCTCGT,0,4722889
ybiY_ybiW_predicted,0.3333333333333333,2,2,GTGATTATGCAGTTTATAGT,0,4720134
ybiY_ybiW_predicted,0.3333333333333333,2,2,GTGATGAGCCTGGAATTTCA,0,4730495
ybiY_ybiW_predicted,0.3333333333333333,2,2,GTGATAAGGTCAACGCTTGG,0,4705174
ybiY_ybiW_predicted,0.3333333333333333,2,2,GTGAGCCTTTAAATAATTAA,0,4697707
ybiY_ybiW_predicted,0.3333333333333333,2,2,GTCTTAATAGGCAGGCTAAA,0,4691162
ybiY_ybiW_predicted,0.3333333333333333,2,2,GTCTGGCCTTCGATCGACAA,0,4703270
ybiY_ybiW_predicted,0.3333333333333333,2,2,GTCTGCACCATCAGCGGCAA,0,4717729
ybiY_ybiW_predicted,0.3333333333333333,2,2,GTCTCTCTACACTGGTAACA,0,4718648
ybiY_ybiW_predicted,0.3333333333333333,2,2,GTCTACCAGATCTGTACTTG,0,4699667
ybiY_ybiW_predicted,0.3333333333333333,2,2,GTCGGTACTGATCGACCGAC,0,4700479
ybiY_ybiW_predicted,0.3333333333333333,2,2,GTCGGAGAGGTAACTCGCGT,0,4707120
ybiY_ybiW_predicted,0.3333333333333333,2,2,GTCCACAAAAGAGACGGACG,0,4690501
ybiY_ybiW_predicted,0.3333333333333333,2,2,GTCAGGTAAGTTGTTCGAGT,0,4723072
ybiY_ybiW_predicted,0.3333333333333333,2,2,GTCAACGTCCCAGACAAGAA,0,4727225
ybiY_ybiW_predicted,0.3333333333333333,2,2,GTCAAAGCACTCAGCTCCTC,0,4717947
ybiY_ybiW_predicted,0.3333333333333333,2,2,GTATTCTGACAGTAGCGGAC,0,4713368
ybiY_ybiW_predicted,0.3333333333333333,2,2,GTATTCCTGGTCCTCTACGT,0,4722841
ybiY_ybiW_predicted,0.3333333333333333,2,2,GTATTACCAGCTACATACGT,0,4726230
ybiY_ybiW_predicted,0.3333333333333333,2,2,GTATGGGCGCCCCCCAGGTT,0,4695770
ybiY_ybiW_predicted,0.3333333333333333,2,2,GTATAGGGGTTATAGAGGAG,0,4692975
ybiY_ybiW_predicted,0.3333333333333333,2,2,GTATAATGGTAAAAAAGCTT,0,4693505
ybiY_ybiW_predicted,0.3333333333333333,2,2,GTAGTCCACCGAGGTATCGG,0,4710688
ybiY_ybiW_predicted,0.3333333333333333,2,2,GTAGCGGAGAGGGGATGTGT,0,4723258
ybiY_ybiW_predicted,0.3333333333333333,2,2,GTAGAGCACCCGGTTTGAGT,0,4728191
ybiY_ybiW_predicted,0.3333333333333333,2,2,GTACTTGGCGGTGCTCCGAG,0,4704458
ybiY_ybiW_predicted,0.3333333333333333,2,2,GTACTCACATACTACATACC,0,4692252
ybiY_ybiW_predicted,0.3333333333333333,2,2,GTACGCATGGGCAGATACGT,0,4702496
ybiY_ybiW_predicted,0.3333333333333333,2,2,GTACCCAAGCATGCATGCAA,0,4708297
ybiY_ybiW_predicted,0.3333333333333333,2,2,GTACATAGAGAAGCTCTCCG,0,4724543
ybiY_ybiW_predicted,0.3333333333333333,2,2,GTAATTCCCAGGTATGACAA,0,4726730
ybiY_ybiW_predicted,0.3333333333333333,2,2,GTAAATTTAAGTGCGTTGTT,0,4709658
ybiY_ybiW_predicted,0.3333333333333333,2,2,GGTTTGAATTAAGCCTGAGC,0,4694729
ybiY_ybiW_predicted,0.3333333333333333,2,2,GGTTGTTTCTTACTTAAGCG,0,4720121
ybiY_ybiW_predicted,0.3333333333333333,2,2,GGTTGGTGCCAAAGTCCCTT,0,4690250
ybiY_ybiW_predicted,0.3333333333333333,2,2,GGTTGGCGTGTTATTTGTTA,0,4699486
ybiY_ybiW_predicted,0.3333333333333333,2,2,GGTTCTTGGTGCCCTGCTAT,0,4704395
ybiY_ybiW_predicted,0.3333333333333333,2,2,GGTGTTATGATAAGCCTAAT,0,4710637
ybiY_ybiW_predicted,0.3333333333333333,2,2,GGTGTGTTTTATAGGCGGCA,0,4722095
ybiY_ybiW_predicted,0.3333333333333333,2,2,GGTGGTGCACACCAAAGGGG,0,4732119
ybiY_ybiW_predicted,0.3333333333333333,2,2,GGTGGTCTCTATATCCATCA,0,4692602
ybiY_ybiW_predicted,0.3333333333333333,2,2,GGTGGGCTTGGATGGTCATG,0,4712645
ybiY_ybiW_predicted,0.3333333333333333,2,2,GGTGGGACAGTGGATACGAT,0,4730560
ybiY_ybiW_predicted,0.3333333333333333,2,2,GGTGGACTGCCGTCACCCAA,0,4699493
ybiY_ybiW_predicted,0.3333333333333333,2,2,GGTGAGGCCTATCTGTTACA,0,4707790
ybiY_ybiW_predicted,0.3333333333333333,2,2,GGTCTCGCTACTCATCTGGA,0,4717475
ybiY_ybiW_predicted,0.3333333333333333,2,2,GGTCTCATAGGACACCTTTC,0,4726715
ybiY_ybiW_predicted,0.3333333333333333,2,2,GGTCGGGACTTATTGGATTA,0,4706885
ybiY_ybiW_predicted,0.3333333333333333,2,2,GGTCATTACCGAGGGGGGAA,0,4732159
ybiY_ybiW_predicted,0.3333333333333333,2,2,GGTCACCATTCGAGAGAACC,0,4699522
ybiY_ybiW_predicted,0.3333333333333333,2,2,GGTCAAAGGAGAATCATCCC,0,4691970
ybiY_ybiW_predicted,0.3333333333333333,2,2,GGGTTCAGGGTTCCCCCCGT,0,4691358
ybiY_ybiW_predicted,0.3333333333333333,2,2,GGGTGTGGTCGAATCCCTAG,0,4716727
ybiY_ybiW_predicted,0.3333333333333333,2,2,GGGTCCGAGGTAGGGGTAGG,0,4709895
ybiY_ybiW_predicted,0.3333333333333333,2,2,GGGTACCTGACCTGTGGAAC,0,4702741
ybiY_ybiW_predicted,0.3333333333333333,2,2,GGGGTAAGAATACAGAGGCT,0,4704358
ybiY_ybiW_predicted,0.3333333333333333,2,2,GGGGGGTGCGGGTTAATCGA,0,4706601
ybiY_ybiW_predicted,0.3333333333333333,2,2,GGGGGCTCACCGCAAACACA,0,4694390
ybiY_ybiW_predicted,0.3333333333333333,2,2,GGGGAAGATGAACACAGCGG,0,4731505
ybiY_ybiW_predicted,0.3333333333333333,2,2,GGGGAAAATAGGAGCTCCGG,0,4725189
ybiY_ybiW_predicted,0.3333333333333333,2,2,GGGCGCTCTTAAGCGGACGG,0,4721388
ybiY_ybiW_predicted,0.3333333333333333,2,2,GGGCGCGTTGTGCATTACCA,0,4698804
ybiY_ybiW_predicted,0.3333333333333333,2,2,GGGCGAAGCTCGACTTGCAG,0,4698927
ybiY_ybiW_predicted,0.3333333333333333,2,2,GGGCCTGACCTCGCGGCGGT,0,4732210
ybiY_ybiW_predicted,0.3333333333333333,2,2,GGGCCCTGGACTTATGCGAT,0,4700450
ybiY_ybiW_predicted,0.3333333333333333,2,2,GGGCCATCCCGGACACGTTA,0,4732206
ybiY_ybiW_predicted,0.3333333333333333,2,2,GGGCATGTGGGGTTGAGAAC,0,4726361
ybiY_ybiW_predicted,0.3333333333333333,2,2,GGGATTGCTGACGCAAGTTG,0,4706749
ybiY_ybiW_predicted,0.3333333333333333,2,2,GGGATACTGGTGGCGTGTGA,0,4720356
ybiY_ybiW_predicted,0.3333333333333333,2,2,GGGAGGTAGTGAAAAGGCTC,0,4715717
ybiY_ybiW_predicted,0.3333333333333333,2,2,GGGACTGCACTCACAAACAT,0,4702624
ybiY_ybiW_predicted,0.3333333333333333,2,2,GGGACACGGTGACTAGCATC,0,4707736
ybiY_ybiW_predicted,0.3333333333333333,2,2,GGGAAAGGGGTCGGGGGGTA,0,4728737
ybiY_ybiW_predicted,0.3333333333333333,2,2,GGCTTGGTTAGATAGTGCAA,0,4693322
ybiY_ybiW_predicted,0.3333333333333333,2,2,GGCTTGGCCTTTGCTGGAGA,0,4702043
ybiY_ybiW_predicted,0.3333333333333333,2,2,GGCTGTGGTAGGGATCAACG,0,4718246
ybiY_ybiW_predicted,0.3333333333333333,2,2,GGCTGGTCACGAGGTGCACT,0,4700278
ybiY_ybiW_predicted,0.3333333333333333,2,2,GGCTCCCGTATATTGCTCCA,0,4702377
ybiY_ybiW_predicted,0.3333333333333333,2,2,GGCTATAAGATTGGGCCACT,0,4702191
ybiY_ybiW_predicted,0.3333333333333333,2,2,GGCGGGTAACCCTACTACAG,0,4703566
ybiY_ybiW_predicted,0.3333333333333333,2,2,GGCGGCTAACTAATGCGTCT,0,4702382
ybiY_ybiW_predicted,0.3333333333333333,2,2,GGCGGACCCGCGCCATTCGA,0,4712231
ybiY_ybiW_predicted,0.3333333333333333,2,2,GGCGCATCTCGCTACTTGTG,0,4688560
ybiY_ybiW_predicted,0.3333333333333333,2,2,GGCGATCGATAATGAGATGA,0,4696062
ybiY_ybiW_predicted,0.3333333333333333,2,2,GGCCTCCCAGATCGTAGTGA,0,4697304
ybiY_ybiW_predicted,0.3333333333333333,2,2,GGCCGCGACCAAGCTGCCAA,0,4722373
ybiY_ybiW_predicted,0.3333333333333333,2,2,GGCCCATTGGCGGCAAATCC,0,4700747
ybiY_ybiW_predicted,0.3333333333333333,2,2,GGCCCATTAAAGGTTCGGCG,0,4712071
ybiY_ybiW_predicted,0.3333333333333333,2,2,GGCCCAACAAGTGAGTGATT,0,4696161
ybiY_ybiW_predicted,0.3333333333333333,2,2,GGCCAGAGGCACTTATGCCC,0,4714273
ybiY_ybiW_predicted,0.3333333333333333,2,2,GGCATCCTGCCTCGTTAGGT,0,4725275
ybiY_ybiW_predicted,0.3333333333333333,2,2,GGCAGGGAATGATAGACAAT,0,4699119
ybiY_ybiW_predicted,0.3333333333333333,2,2,GGCACTTTTTGCTGGGCACA,0,4698033
ybiY_ybiW_predicted,0.3333333333333333,2,2,GGCAAGTGGGCATATACCTA,0,4727613
ybiY_ybiW_predicted,0.3333333333333333,2,2,GGCAACCTGCTAAAGTCAAT,0,4721398
ybiY_ybiW_predicted,0.3333333333333333,2,2,GGCAACCCTTAAACGCCTTG,0,4728730
ybiY_ybiW_predicted,0.3333333333333333,2,2,GGATTCACCGGGCTAATGCG,0,4699129
ybiY_ybiW_predicted,0.3333333333333333,2,2,GGATGTGACAGTCCTATGAC,0,4691547
ybiY_ybiW_predicted,0.3333333333333333,2,2,GGATGCTAGTGACTTGTGCT,0,4690697
ybiY_ybiW_predicted,0.3333333333333333,2,2,GGATCGTAATTACTAGCGAG,0,4706180
ybiY_ybiW_predicted,0.3333333333333333,2,2,GGATACCGCCATAGATCCTC,0,4724877
ybiY_ybiW_predicted,0.3333333333333333,2,2,GGAGTTCGGACGACCAGATG,0,4731471
ybiY_ybiW_predicted,0.3333333333333333,2,2,GGAGTGGCGGGGTACGCCCA,0,4715496
ybiY_ybiW_predicted,0.3333333333333333,2,2,GGAGTGATTATAAATATGGT,0,4716001
ybiY_ybiW_predicted,0.3333333333333333,2,2,GGAGGGCGAGGCTGTAAGAC,0,4696159
ybiY_ybiW_predicted,0.3333333333333333,2,2,GGAGATTCTAGTATGCAGTG,0,4698929
ybiY_ybiW_predicted,0.3333333333333333,2,2,GGACGGCCTGGCACACCACA,0,4706676
ybiY_ybiW_predicted,0.3333333333333333,2,2,GGACATGATTACGCTATTAA,0,4713206
ybiY_ybiW_predicted,0.3333333333333333,2,2,GGACAATCTCTCCAAATGCC,0,4692555
ybiY_ybiW_predicted,0.3333333333333333,2,2,GGAATCGGGGCATATACGCT,0,4729343
ybiY_ybiW_predicted,0.3333333333333333,2,2,GGAATACCCGCTTTCGGACA,0,4729151
ybiY_ybiW_predicted,0.3333333333333333,2,2,GGAACTCAAATAAAATGCGA,0,4695480
ybiY_ybiW_predicted,0.3333333333333333,2,2,GGAACCATCCGGAAGGAGGA,0,4697264
ybiY_ybiW_predicted,0.3333333333333333,2,2,GCTTTACCGAAGAAGTACCT,0,4696491
ybiY_ybiW_predicted,0.3333333333333333,2,2,GCTTGGAAAGGCTGGATAAT,0,4707009
ybiY_ybiW_predicted,0.3333333333333333,2,2,GCTTGAGATCTTCACGCAAC,0,4706161
ybiY_ybiW_predicted,0.3333333333333333,2,2,GCTTCAGGTTCAACTTCAGC,0,4706862
ybiY_ybiW_predicted,0.3333333333333333,2,2,GCTTATAGTGAGCTGATTGG,0,4698888
ybiY_ybiW_predicted,0.3333333333333333,2,2,GCTTAAAAGCCACGAGACTT,0,4712738
ybiY_ybiW_predicted,0.3333333333333333,2,2,GCTGTTTTGTGATTTCGAAG,0,4704450
ybiY_ybiW_predicted,0.3333333333333333,2,2,GCTGGTAATCTAGTTGTCAT,0,4718677
ybiY_ybiW_predicted,0.3333333333333333,2,2,GCTGGCAAGTGCGCCCTATA,0,4725158
ybiY_ybiW_predicted,0.3333333333333333,2,2,GCTGAGCTAAACGAGCTTGG,0,4698537
ybiY_ybiW_predicted,0.3333333333333333,2,2,GCTCCACTTGGAGGAAACCC,0,4707505
ybiY_ybiW_predicted,0.3333333333333333,2,2,GCTCAATTCACGGTGGTCAG,0,4731883
ybiY_ybiW_predicted,0.3333333333333333,2,2,GCTATCGCGTCCGCCCGGAA,0,4715281
ybiY_ybiW_predicted,0.3333333333333333,2,2,GCTATCAAGACGAGATCGTG,0,4707427
ybiY_ybiW_predicted,0.3333333333333333,2,2,GCTATAAAAGCTATCCGTCC,0,4703813
ybiY_ybiW_predicted,0.3333333333333333,2,2,GCGTCGCCTGGATTAGCGGT,0,4714427
ybiY_ybiW_predicted,0.3333333333333333,2,2,GCGTAGGAGCATTCCCCAAA,0,4709448
ybiY_ybiW_predicted,0.3333333333333333,2,2,GCGGGGCCAAACTCCTAGGC,0,4701854
ybiY_ybiW_predicted,0.3333333333333333,2,2,GCGGCAATTTTGCTTTCCTC,0,4718144
ybiY_ybiW_predicted,0.3333333333333333,2,2,GCGGAATTTTCTTCTATTCA,0,4719939
ybiY_ybiW_predicted,0.3333333333333333,2,2,GCGGAATTGCTCTGCCGGAG,0,4725571
ybiY_ybiW_predicted,0.3333333333333333,2,2,GCGGAACATACGCCACTTCA,0,4724324
ybiY_ybiW_predicted,0.3333333333333333,2,2,GCGCTTCCTCAGCCGTTAGA,0,4695525
ybiY_ybiW_predicted,0.3333333333333333,2,2,GCGCTGCCAAGATCATGTTC,0,4692447
ybiY_ybiW_predicted,0.3333333333333333,2,2,GCGCTCTGAGGTTGCGGCGA,0,4703840
ybiY_ybiW_predicted,0.3333333333333333,2,2,GCGCGTTTCATTTTGGTCCA,0,4701584
ybiY_ybiW_predicted,0.3333333333333333,2,2,GCGCGGTATACGCATTATTA,0,4703602
ybiY_ybiW_predicted,0.3333333333333333,2,2,GCGCGGGAGCCTGATCGCGA,0,4696182
ybiY_ybiW_predicted,0.3333333333333333,2,2,GCGCCATGGACTGGGCCTGT,0,4692355
ybiY_ybiW_predicted,0.3333333333333333,2,2,GCGCCAGGTAGATGTGCGCC,0,4731786
ybiY_ybiW_predicted,0.3333333333333333,2,2,GCGCAGCATCAGCGGCCGGT,0,4709406
ybiY_ybiW_predicted,0.3333333333333333,2,2,GCGATTCGTCGGAGCTTAAG,0,4724603
ybiY_ybiW_predicted,0.3333333333333333,2,2,GCGAGGGGCGTCCTAGAATA,0,4689453
ybiY_ybiW_predicted,0.3333333333333333,2,2,GCGACGGCGAAATACCATCG,0,4712428
ybiY_ybiW_predicted,0.3333333333333333,2,2,GCGACGCAGACGGCTCCCCA,0,4722767
ybiY_ybiW_predicted,0.3333333333333333,2,2,GCGACCGCAATCCATGTTAC,0,4703049
ybiY_ybiW_predicted,0.3333333333333333,2,2,GCCTTTCAGTTCCCAACGAG,0,4691019
ybiY_ybiW_predicted,0.3333333333333333,2,2,GCCTTGAGCCTTAGGGCATC,0,4694451
ybiY_ybiW_predicted,0.3333333333333333,2,2,GCCTGGGGGGTCCCGCTCCT,0,4708700
ybiY_ybiW_predicted,0.3333333333333333,2,2,GCCTCCACGTCATACCACTC,0,4708154
ybiY_ybiW_predicted,0.3333333333333333,2,2,GCCGTTCGCTCGACGGCGTG,0,4704906
ybiY_ybiW_predicted,0.3333333333333333,2,2,GCCGTTAAGAAAGGTAGTTA,0,4700239
ybiY_ybiW_predicted,0.3333333333333333,2,2,GCCGGTCTTTTGATGAATCC,0,4708824
ybiY_ybiW_predicted,0.3333333333333333,2,2,GCCGGAGCGGATATCGATGG,0,4723190
ybiY_ybiW_predicted,0.3333333333333333,2,2,GCCCTAGTCGCGCCTTGAGC,0,4723376
ybiY_ybiW_predicted,0.3333333333333333,2,2,GCCAGGGCTCTGGACATTGA,0,4714455
ybiY_ybiW_predicted,0.3333333333333333,2,2,GCCAGCGTGCTGGTCTCTAG,0,4692041
ybiY_ybiW_predicted,0.3333333333333333,2,2,GCCAGCCCCGGTGCCAATAA,0,4730407
ybiY_ybiW_predicted,0.3333333333333333,2,2,GCATGCCATCTTTCGGCCAG,0,4730843
ybiY_ybiW_predicted,0.3333333333333333,2,2,GCATGAGCCACATCTAGGAA,0,4727948
ybiY_ybiW_predicted,0.3333333333333333,2,2,GCATATCTGTTCATGTCTCT,0,4703468
ybiY_ybiW_predicted,0.3333333333333333,2,2,GCAGTGCGAGGCGAAGGATA,0,4720630
ybiY_ybiW_predicted,0.3333333333333333,2,2,GCAGTGAGGTCTTCGGACCA,0,4725964
ybiY_ybiW_predicted,0.3333333333333333,2,2,GCAGTCAAGCGTTAGGGAGT,0,4707152
ybiY_ybiW_predicted,0.3333333333333333,2,2,GCAGTATGTCCTTAGCTCCG,0,4723316
ybiY_ybiW_predicted,0.3333333333333333,2,2,GCAGGAAGAGAACGAATAAA,0,4718270
ybiY_ybiW_predicted,0.3333333333333333,2,2,GCAGCTTACGACCGAACCCA,0,4719395
ybiY_ybiW_predicted,0.3333333333333333,2,2,GCAGCATATTAAAAGATTGT,0,4708178
ybiY_ybiW_predicted,0.3333333333333333,2,2,GCAGATATTCGGGTAGGAAG,0,4730964
ybiY_ybiW_predicted,0.3333333333333333,2,2,GCACGTCCTTCAACGCCACG,0,4725492
ybiY_ybiW_predicted,0.3333333333333333,2,2,GCACGCTCTTGATGGTCAAT,0,4732710
ybiY_ybiW_predicted,0.3333333333333333,2,2,GCACAAGCACTGGTCTAACT,0,4701255
ybiY_ybiW_predicted,0.3333333333333333,2,2,GCAAGTCTAGAACTATGGCA,0,4732549
ybiY_ybiW_predicted,0.3333333333333333,2,2,GCAAGAACCACGTTGCACCC,0,4706316
ybiY_ybiW_predicted,0.3333333333333333,2,2,GCAACTGTTTTATTGGAAGG,0,4700912
ybiY_ybiW_predicted,0.3333333333333333,2,2,GCAACTCGCATGGGGCCATG,0,4725364
ybiY_ybiW_predicted,0.3333333333333333,2,2,GATTAGTCTAACGTTGCGTA,0,4721127
ybiY_ybiW_predicted,0.3333333333333333,2,2,GATTAACTCTCGCGCGAGTA,0,4706314
ybiY_ybiW_predicted,0.3333333333333333,2,2,GATGGCTATCCCACTTATAA,0,4695037
ybiY_ybiW_predicted,0.3333333333333333,2,2,GATGGACGCCTTCTAGTGGA,0,4727261
ybiY_ybiW_predicted,0.3333333333333333,2,2,GATCTACCAGCACAAATCGA,0,4724480
ybiY_ybiW_predicted,0.3333333333333333,2,2,GATCGGGGTTGGCGTGCGAC,0,4710683
ybiY_ybiW_predicted,0.3333333333333333,2,2,GATCGAAAGAGGTGAGGTGT,0,4710451
ybiY_ybiW_predicted,0.3333333333333333,2,2,GATCCGTATCGATTTCGGTA,0,4723026
ybiY_ybiW_predicted,0.3333333333333333,2,2,GATCCGGTTGTACGCTTGCA,0,4692990
ybiY_ybiW_predicted,0.3333333333333333,2,2,GATCAGTTCTTTTGACGACG,0,4690277
ybiY_ybiW_predicted,0.3333333333333333,2,2,GATATGTGTCAGTGTTCAAC,0,4706641
ybiY_ybiW_predicted,0.3333333333333333,2,2,GATATGCAGGCACGTCGACA,0,4714259
ybiY_ybiW_predicted,0.3333333333333333,2,2,GATATCTTGAGCTTTCAGTG,0,4708504
ybiY_ybiW_predicted,0.3333333333333333,2,2,GATAGTCCGAGACTGGGCTC,0,4695563
ybiY_ybiW_predicted,0.3333333333333333,2,2,GATAGCCCCGGACGGGAGTT,0,4704874
ybiY_ybiW_predicted,0.3333333333333333,2,2,GATACGTAAGCCCTGGTCTC,0,4692290
ybiY_ybiW_predicted,0.3333333333333333,2,2,GATACGATAATCCTTTTAGG,0,4705166
ybiY_ybiW_predicted,0.3333333333333333,2,2,GATAACCCGCCGTGTAAGCC,0,4727912
ybiY_ybiW_predicted,0.3333333333333333,2,2,GAGTCCTGGATGGATTGCAA,0,4705329
ybiY_ybiW_predicted,0.3333333333333333,2,2,GAGGAGCAGCCAGATTGTGT,0,4705034
ybiY_ybiW_predicted,0.3333333333333333,2,2,GAGGACAGTATGGCGGCGGG,0,4708520
ybiY_ybiW_predicted,0.3333333333333333,2,2,GAGCTGTGCGGAATGCAGGG,0,4716574
ybiY_ybiW_predicted,0.3333333333333333,2,2,GAGCGGCAGTGACGCTCGTA,0,4703778
ybiY_ybiW_predicted,0.3333333333333333,2,2,GAGCCGGCACTTCACATACC,0,4719354
ybiY_ybiW_predicted,0.3333333333333333,2,2,GAGCATTAATTACAGGTCTA,0,4716729
ybiY_ybiW_predicted,0.3333333333333333,2,2,GAGCATAGATCAACGGCTAA,0,4708455
ybiY_ybiW_predicted,0.3333333333333333,2,2,GAGATTACTTCGCACTCCTT,0,4694746
ybiY_ybiW_predicted,0.3333333333333333,2,2,GAGAGTATTTGCGTCCCTCT,0,4711303
ybiY_ybiW_predicted,0.3333333333333333,2,2,GAGAGCAAAATTTAGAGATT,0,4694487
ybiY_ybiW_predicted,0.3333333333333333,2,2,GAGACTTGCAATTAATCATG,0,4698611
ybiY_ybiW_predicted,0.3333333333333333,2,2,GAGACTCAAATCACAATGCA,0,4696116
ybiY_ybiW_predicted,0.3333333333333333,2,2,GACTCTTTCGGGAGCCAGTA,0,4709042
ybiY_ybiW_predicted,0.3333333333333333,2,2,GACTAGTGCAACCTACCGGC,0,4704995
ybiY_ybiW_predicted,0.3333333333333333,2,2,GACTACCTACATTGGGTTAC,0,4722967
ybiY_ybiW_predicted,0.3333333333333333,2,2,GACGCGTATTATATTAGGGG,0,4715388
ybiY_ybiW_predicted,0.3333333333333333,2,2,GACGCGGCATCGACGCCTCC,0,4718947
ybiY_ybiW_predicted,0.3333333333333333,2,2,GACGAACTTGCCATCCAGAT,0,4723212
ybiY_ybiW_predicted,0.3333333333333333,2,2,GACCTTATAGGGCAAGTTTT,0,4721742
ybiY_ybiW_predicted,0.3333333333333333,2,2,GACCAATTTTTATTACCCCT,0,4709773
ybiY_ybiW_predicted,0.3333333333333333,2,2,GACATTACCGGCACATGTCA,0,4716626
ybiY_ybiW_predicted,0.3333333333333333,2,2,GACATAATGAAACATGCGCG,0,4705219
ybiY_ybiW_predicted,0.3333333333333333,2,2,GACAGTCCTAGGTAATTCTT,0,4694819
ybiY_ybiW_predicted,0.3333333333333333,2,2,GACAACGAAGAGCTAGAAGC,0,4695130
ybiY_ybiW_predicted,0.3333333333333333,2,2,GAATTTGCCTGGGGTGCAGC,0,4728550
ybiY_ybiW_predicted,0.3333333333333333,2,2,GAATTCTGCAGTGTCCGCGC,0,4722577
ybiY_ybiW_predicted,0.3333333333333333,2,2,GAATTAGGGAGTTTACCTCC,0,4716240
ybiY_ybiW_predicted,0.3333333333333333,2,2,GAATTAAAGCTCGGGAAATG,0,4700829
ybiY_ybiW_predicted,0.3333333333333333,2,2,GAATGGGCAGCCATCATGGT,0,4693634
ybiY_ybiW_predicted,0.3333333333333333,2,2,GAATAAGCTTGAACGTGAGA,0,4696617
ybiY_ybiW_predicted,0.3333333333333333,2,2,GAATAAGATCCCTTCTACAC,0,4724275
ybiY_ybiW_predicted,0.3333333333333333,2,2,GAAGTGGGCCGAAATGCGAC,0,4713063
ybiY_ybiW_predicted,0.3333333333333333,2,2,GAAGGGCGGGGGTAGCAACT,0,4707919
ybiY_ybiW_predicted,0.3333333333333333,2,2,GAAGGCAGATGACGATCCTA,0,4693119
ybiY_ybiW_predicted,0.3333333333333333,2,2,GAAGATCAGTGCGTGCCGTC,0,4728674
ybiY_ybiW_predicted,0.3333333333333333,2,2,GAACTGCTAAACATTTTTTA,0,4701633
ybiY_ybiW_predicted,0.3333333333333333,2,2,GAACTCTTGCCACATTTCTG,0,4721378
ybiY_ybiW_predicted,0.3333333333333333,2,2,GAACGTTCACAGCCCATGTG,0,4707185
ybiY_ybiW_predicted,0.3333333333333333,2,2,GAACCTCAAGTAATCCGTCA,0,4690654
ybiY_ybiW_predicted,0.3333333333333333,2,2,GAACAAGGATTGCCACAATC,0,4696742
ybiY_ybiW_predicted,0.3333333333333333,2,2,GAACAAATTACCCGCGAAGT,0,4700114
ybiY_ybiW_predicted,0.3333333333333333,2,2,GAAAATGTGTTCATATCGCT,0,4714879
ybiY_ybiW_predicted,0.3333333333333333,2,2,CTTTTGTAGCGAATTAGGTC,0,4720709
ybiY_ybiW_predicted,0.3333333333333333,2,2,CTTTGTCATAGTGCGTGAAA,0,4723111
ybiY_ybiW_predicted,0.3333333333333333,2,2,CTTTCATTTATTAAGGTTCG,0,4730009
ybiY_ybiW_predicted,0.3333333333333333,2,2,CTTGTTCGGTATATGGGACT,0,4717662
ybiY_ybiW_predicted,0.3333333333333333,2,2,CTTGTAATCGGGCTGCAGGG,0,4696260
ybiY_ybiW_predicted,0.3333333333333333,2,2,CTTGGGGCCGACTGGAGTAT,0,4722558
ybiY_ybiW_predicted,0.3333333333333333,2,2,CTTGGCCTCGTGCCAGTGAG,0,4719549
ybiY_ybiW_predicted,0.3333333333333333,2,2,CTTGACTTGAGACGGCTGTT,0,4727742
ybiY_ybiW_predicted,0.3333333333333333,2,2,CTTCTCCTTTGATCGATGGC,0,4720716
ybiY_ybiW_predicted,0.3333333333333333,2,2,CTTCGTATTTGTAACTCCGC,0,4725408
ybiY_ybiW_predicted,0.3333333333333333,2,2,CTTCGATAGTTTACATCGGT,0,4694029
ybiY_ybiW_predicted,0.3333333333333333,2,2,CTTAAAGTTTACAGCCCATT,0,4705629
ybiY_ybiW_predicted,0.3333333333333333,2,2,CTGTTAAAATCGGATTTGGT,0,4724207
ybiY_ybiW_predicted,0.3333333333333333,2,2,CTGTCTGTGACACACATCAG,0,4690540
ybiY_ybiW_predicted,0.3333333333333333,2,2,CTGTAGCAACCTCAGGTTGC,0,4697984
ybiY_ybiW_predicted,0.3333333333333333,2,2,CTGTACGGTGACCATTACAC,0,4727326
ybiY_ybiW_predicted,0.3333333333333333,2,2,CTGTACACTCTGGCAGCGAG,0,4693182
ybiY_ybiW_predicted,0.3333333333333333,2,2,CTGGGTGAGCACAACTCGAT,0,4708963
ybiY_ybiW_predicted,0.3333333333333333,2,2,CTGGGAAAATAATCGCGGGC,0,4719166
ybiY_ybiW_predicted,0.3333333333333333,2,2,CTGGCCACAAAGGAACACGC,0,4728024
ybiY_ybiW_predicted,0.3333333333333333,2,2,CTGGAGGTTTCTGTGCTATC,0,4689855
ybiY_ybiW_predicted,0.3333333333333333,2,2,CTGGACGAAGGAAGAGAGTG,0,4709966
ybiY_ybiW_predicted,0.3333333333333333,2,2,CTGCTCCAAAGCGTCGTGTG,0,4725506
ybiY_ybiW_predicted,0.3333333333333333,2,2,CTGCGTTTGGGCTTCACGAA,0,4701875
ybiY_ybiW_predicted,0.3333333333333333,2,2,CTGCCCGATACGTGGAAAAC,0,4693949
ybiY_ybiW_predicted,0.3333333333333333,2,2,CTGATTAATACACTGACGAG,0,4692442
ybiY_ybiW_predicted,0.3333333333333333,2,2,CTGAGTCTATCAATGAAGAC,0,4725335
ybiY_ybiW_predicted,0.3333333333333333,2,2,CTGAGCCACCGTTCGGGGAG,0,4721666
ybiY_ybiW_predicted,0.3333333333333333,2,2,CTGAGAACTTGTGCTTTTAG,0,4712526
ybiY_ybiW_predicted,0.3333333333333333,2,2,CTGAATGTTCGATAAGCGTA,0,4726907
ybiY_ybiW_predicted,0.3333333333333333,2,2,CTGAACTGCGATGTTAATTC,0,4707325
ybiY_ybiW_predicted,0.3333333333333333,2,2,CTGAAATCGTACTATCCGGT,0,4705214
ybiY_ybiW_predicted,0.3333333333333333,2,2,CTCTGTTTCCGGTCAAACTT,0,4713620
ybiY_ybiW_predicted,0.3333333333333333,2,2,CTCTGGCAATGTCTTCCAAG,0,4690923
ybiY_ybiW_predicted,0.3333333333333333,2,2,CTCTATACACTTCATATTAT,0,4721115
ybiY_ybiW_predicted,0.3333333333333333,2,2,CTCTACATGATCTTTCTGAC,0,4713238
ybiY_ybiW_predicted,0.3333333333333333,2,2,CTCGTGTTCAGTCGTAGGCT,0,4730040
ybiY_ybiW_predicted,0.3333333333333333,2,2,CTCGGCAGTGAGTTGAATTC,0,4690979
ybiY_ybiW_predicted,0.3333333333333333,2,2,CTCGCCGTTGTCGCCTACTC,0,4732184
ybiY_ybiW_predicted,0.3333333333333333,2,2,CTCGAGTAGGGTGCATCGCC,0,4706604
ybiY_ybiW_predicted,0.3333333333333333,2,2,CTCGAAGACATGTATACCCT,0,4712443
ybiY_ybiW_predicted,0.3333333333333333,2,2,CTCCGTTTGTACTTAGCGAT,0,4708722
ybiY_ybiW_predicted,0.3333333333333333,2,2,CTCCGTGTAATTAAGCTAGA,0,4701332
ybiY_ybiW_predicted,0.3333333333333333,2,2,CTCCATTCGGGTGCATCTGA,0,4730556
ybiY_ybiW_predicted,0.3333333333333333,2,2,CTCATTCGCCTTCGAAGGTA,0,4722365
ybiY_ybiW_predicted,0.3333333333333333,2,2,CTCATATTTAGGCTGTGTCC,0,4731784
ybiY_ybiW_predicted,0.3333333333333333,2,2,CTCAGTGAGCCATCGTCTAT,0,4690401
ybiY_ybiW_predicted,0.3333333333333333,2,2,CTCAGTAAGCATGGCAAGAG,0,4716906
ybiY_ybiW_predicted,0.3333333333333333,2,2,CTCAGGGTTTTACGGAGTGA,0,4710324
ybiY_ybiW_predicted,0.3333333333333333,2,2,CTCACTCCAAGAGCGTTAGG,0,4726666
ybiY_ybiW_predicted,0.3333333333333333,2,2,CTCACGGGCAAAAGCCAGAT,0,4710460
ybiY_ybiW_predicted,0.3333333333333333,2,2,CTCAACGCACATTCTCGCTA,0,4700191
ybiY_ybiW_predicted,0.3333333333333333,2,2,CTCAACCCCTTGTGTGAGAT,0,4710439
ybiY_ybiW_predicted,0.3333333333333333,2,2,CTCAAATCGTGTGAGCGGGC,0,4696807
ybiY_ybiW_predicted,0.3333333333333333,2,2,CTATTTGTTGTCTTAAAACG,0,4730635
ybiY_ybiW_predicted,0.3333333333333333,2,2,CTATTATCCTCGAAGCTAAC,0,4725226
ybiY_ybiW_predicted,0.3333333333333333,2,2,CTATAGGCACGCTCAGGTAT,0,4724950
ybiY_ybiW_predicted,0.3333333333333333,2,2,CTATAACCCTAAGTCGATAC,0,4701798
ybiY_ybiW_predicted,0.3333333333333333,2,2,CTAGTGACACTGGGGTGATC,0,4711690
ybiY_ybiW_predicted,0.3333333333333333,2,2,CTAGGGTGAATTTAAACTAG,0,4706251
ybiY_ybiW_predicted,0.3333333333333333,2,2,CTACTGAGAAACATATGCCC,0,4707948
ybiY_ybiW_predicted,0.3333333333333333,2,2,CTACTAGCGAGCTTAAGAGG,0,4690853
ybiY_ybiW_predicted,0.3333333333333333,2,2,CTACTACTATATTATACGGG,0,4707118
ybiY_ybiW_predicted,0.3333333333333333,2,2,CTACTAATGAATTGAAAATG,0,4692160
ybiY_ybiW_predicted,0.3333333333333333,2,2,CTACGTACCTATGCATACAG,0,4725448
ybiY_ybiW_predicted,0.3333333333333333,2,2,CTACGGAATGCATAGCAGCC,0,4705546
ybiY_ybiW_predicted,0.3333333333333333,2,2,CTACGCCTGGAGGATTATGT,0,4690278
ybiY_ybiW_predicted,0.3333333333333333,2,2,CTACATGGGCTTACTATGTA,0,4691103
ybiY_ybiW_predicted,0.3333333333333333,2,2,CTACAGTAGGTCTCTCCTTA,0,4729188
ybiY_ybiW_predicted,0.3333333333333333,2,2,CTACACCGCGTAGCGCACTT,0,4717659
ybiY_ybiW_predicted,0.3333333333333333,2,2,CTACACCAGTGGTTATAGTG,0,4712533
ybiY_ybiW_predicted,0.3333333333333333,2,2,CTAATCTTATGGAGTACCCC,0,4723853
ybiY_ybiW_predicted,0.3333333333333333,2,2,CTAAGCCAGATGTGGAAGAT,0,4732483
ybiY_ybiW_predicted,0.3333333333333333,2,2,CGTTTTTGGCCACTCTTTTT,0,4689650
ybiY_ybiW_predicted,0.3333333333333333,2,2,CGTTTCGCTGACTGATCTGA,0,4718245
ybiY_ybiW_predicted,0.3333333333333333,2,2,CGTTTAGGTTACAATTTTCA,0,4697771
ybiY_ybiW_predicted,0.3333333333333333,2,2,CGTTGGAAGCGAATGATCGC,0,4704286
ybiY_ybiW_predicted,0.3333333333333333,2,2,CGTTCGAGGGTACAGCTTGT,0,4712659
ybiY_ybiW_predicted,0.3333333333333333,2,2,CGTTATATACGCTCAAGGAT,0,4726301
ybiY_ybiW_predicted,0.3333333333333333,2,2,CGTGTATGGAGCGTGAGGTT,0,4725814
ybiY_ybiW_predicted,0.3333333333333333,2,2,CGTGCGCTGTCGCCGTCCCA,0,4723239
ybiY_ybiW_predicted,0.3333333333333333,2,2,CGTGCCACATGATGGAAGAT,0,4714227
ybiY_ybiW_predicted,0.3333333333333333,2,2,CGTCGTACCTGGAAACCAAT,0,4697262
ybiY_ybiW_predicted,0.3333333333333333,2,2,CGTCGCGAAGACATCGGTTG,0,4704565
ybiY_ybiW_predicted,0.3333333333333333,2,2,CGTCCATCATGCCTCCATTT,0,4708763
ybiY_ybiW_predicted,0.3333333333333333,2,2,CGTCATAAGAGGCCTGCGGG,0,4726220
ybiY_ybiW_predicted,0.3333333333333333,2,2,CGTATTGACGTAAAGGTGTA,0,4702396
ybiY_ybiW_predicted,0.3333333333333333,2,2,CGTATCGGAAACCCCATTGG,0,4722267
ybiY_ybiW_predicted,0.3333333333333333,2,2,CGTACGGATCCGTTATTGCC,0,4713616
ybiY_ybiW_predicted,0.3333333333333333,2,2,CGTAATCGCCTTTGTGTCAT,0,4716697
ybiY_ybiW_predicted,0.3333333333333333,2,2,CGTAAGGGGCATTGTTTTCT,0,4709575
ybiY_ybiW_predicted,0.3333333333333333,2,2,CGGTTCCAGTGGTTCCAACT,0,4708498
ybiY_ybiW_predicted,0.3333333333333333,2,2,CGGTCATCCTCGAATACCCT,0,4718151
ybiY_ybiW_predicted,0.3333333333333333,2,2,CGGTAAAGCCTATCGCAGGT,0,4718070
ybiY_ybiW_predicted,0.3333333333333333,2,2,CGGGGACGGTTGTGAAACGG,0,4722882
ybiY_ybiW_predicted,0.3333333333333333,2,2,CGGCTGTGAGCGCTGTAGAC,0,4709536
ybiY_ybiW_predicted,0.3333333333333333,2,2,CGGCGATCTTAAAGATAAAA,0,4709134
ybiY_ybiW_predicted,0.3333333333333333,2,2,CGGCCACGTGATCCGTTGGC,0,4720832
ybiY_ybiW_predicted,0.3333333333333333,2,2,CGGCATCGAATTAGGCAGTG,0,4701063
ybiY_ybiW_predicted,0.3333333333333333,2,2,CGGCACATATTGTGCTAGCA,0,4714007
ybiY_ybiW_predicted,0.3333333333333333,2,2,CGGAAAGGTTGTGCTTCTAG,0,4708061
ybiY_ybiW_predicted,0.3333333333333333,2,2,CGCTTAGCTGATTACTATAA,0,4695222
ybiY_ybiW_predicted,0.3333333333333333,2,2,CGCTGCCTATCCGCCGTAAT,0,4693434
ybiY_ybiW_predicted,0.3333333333333333,2,2,CGCTCTGCATACTTTGGGAA,0,4699183
ybiY_ybiW_predicted,0.3333333333333333,2,2,CGCTCTAAAAGAGAGACCGG,0,4731420
ybiY_ybiW_predicted,0.3333333333333333,2,2,CGCTCGTACGTTGGCCTGGT,0,4689945
ybiY_ybiW_predicted,0.3333333333333333,2,2,CGCTCATGCCCTACGAATAA,0,4707878
ybiY_ybiW_predicted,0.3333333333333333,2,2,CGCTAGCTGGGCGGATTTCC,0,4692689
ybiY_ybiW_predicted,0.3333333333333333,2,2,CGCTAACTCTCTAATTACGG,0,4706925
ybiY_ybiW_predicted,0.3333333333333333,2,2,CGCGTGTGAGTGCGGATCGG,0,4691104
ybiY_ybiW_predicted,0.3333333333333333,2,2,CGCGTGTCTGGATGTGCTAC,0,4719969
ybiY_ybiW_predicted,0.3333333333333333,2,2,CGCGTGTACCTTGGTATCTG,0,4708087
ybiY_ybiW_predicted,0.3333333333333333,2,2,CGCGTAACAGTTTTTTAACT,0,4732520
ybiY_ybiW_predicted,0.3333333333333333,2,2,CGCGGATGGTTAGGCCGCTT,0,4695747
ybiY_ybiW_predicted,0.3333333333333333,2,2,CGCGGAGCGACGCGACACTA,0,4729950
ybiY_ybiW_predicted,0.3333333333333333,2,2,CGCCTCCAATGCAATGCGTT,0,4694856
ybiY_ybiW_predicted,0.3333333333333333,2,2,CGCCTACTCTTCACATCCGG,0,4703955
ybiY_ybiW_predicted,0.3333333333333333,2,2,CGCCAGGAGCCGCGCACGTG,0,4726782
ybiY_ybiW_predicted,0.3333333333333333,2,2,CGCATGGACCAGCCCTCGAC,0,4724815
ybiY_ybiW_predicted,0.3333333333333333,2,2,CGCAGGGAGACCACGTGTCC,0,4709153
ybiY_ybiW_predicted,0.3333333333333333,2,2,CGCACGTAGTAACTTATTCA,0,4718515
ybiY_ybiW_predicted,0.3333333333333333,2,2,CGCACGATAGTACTCTCAAA,0,4708121
ybiY_ybiW_predicted,0.3333333333333333,2,2,CGCACCCGTTAAGGGAGGTA,0,4694132
ybiY_ybiW_predicted,0.3333333333333333,2,2,CGATTCATTATTCCTAAAAG,0,4692511
ybiY_ybiW_predicted,0.3333333333333333,2,2,CGATGGACTGTTTTATTCAT,0,4716361
ybiY_ybiW_predicted,0.3333333333333333,2,2,CGATCCATCCTACTAATCAT,0,4713317
ybiY_ybiW_predicted,0.3333333333333333,2,2,CGATCAATAACGTTTATGTC,0,4725578
ybiY_ybiW_predicted,0.3333333333333333,2,2,CGATAGAGTAAAGTTAGGCT,0,4728749
ybiY_ybiW_predicted,0.3333333333333333,2,2,CGAGTTTCTTGCATTTAGGT,0,4691446
ybiY_ybiW_predicted,0.3333333333333333,2,2,CGAGTATCCTGTGCCGATTG,0,4714069
ybiY_ybiW_predicted,0.3333333333333333,2,2,CGAGTAATCACGGCTGAAAC,0,4706542
ybiY_ybiW_predicted,0.3333333333333333,2,2,CGAGCTTCGTGTACGAGCTA,0,4717658
ybiY_ybiW_predicted,0.3333333333333333,2,2,CGAGATCGGTGGGGTCTCAG,0,4694061
ybiY_ybiW_predicted,0.3333333333333333,2,2,CGAGACGGGATAAGTCGCGT,0,4703882
ybiY_ybiW_predicted,0.3333333333333333,2,2,CGAGAAAATCGCCATCGTGT,0,4700375
ybiY_ybiW_predicted,0.3333333333333333,2,2,CGACTAAGAATGCGTCCAGT,0,4700973
ybiY_ybiW_predicted,0.3333333333333333,2,2,CGACCCGTGGATGCTTCACT,0,4701465
ybiY_ybiW_predicted,0.3333333333333333,2,2,CGACACTATTATCCCATCGT,0,4718448
ybiY_ybiW_predicted,0.3333333333333333,2,2,CGACAAGCCCATACATGGGT,0,4708334
ybiY_ybiW_predicted,0.3333333333333333,2,2,CGAATGCGTAGGCAATGCTT,0,4717885
ybiY_ybiW_predicted,0.3333333333333333,2,2,CGAAGGGACCCCTTCTTCAC,0,4691643
ybiY_ybiW_predicted,0.3333333333333333,2,2,CGAACTGGAAGCGCTCTTAC,0,4713336
ybiY_ybiW_predicted,0.3333333333333333,2,2,CGAAACTTGGGAGGCCGGCC,0,4716810
ybiY_ybiW_predicted,0.3333333333333333,2,2,CCTTTGTCGCTCGAAGGAGT,0,4712560
ybiY_ybiW_predicted,0.3333333333333333,2,2,CCTTGTCCACCGTAGACCGT,0,4696852
ybiY_ybiW_predicted,0.3333333333333333,2,2,CCTTCTGTATTCTTTATGCT,0,4696229
ybiY_ybiW_predicted,0.3333333333333333,2,2,CCTGGTCATAAGTTGAGTTT,0,4699430
ybiY_ybiW_predicted,0.3333333333333333,2,2,CCTGGGTATCAACGTAACCC,0,4703536
ybiY_ybiW_predicted,0.3333333333333333,2,2,CCTGGCAGGCTGGAGGTTTC,0,4694466
ybiY_ybiW_predicted,0.3333333333333333,2,2,CCTGCCGTCCCTTGGGGACA,0,4731969
ybiY_ybiW_predicted,0.3333333333333333,2,2,CCTGCACCGGTGGCAGAATG,0,4703299
ybiY_ybiW_predicted,0.3333333333333333,2,2,CCTGAATAAATTGTCGGCCG,0,4723191
ybiY_ybiW_predicted,0.3333333333333333,2,2,CCTCTTGCTTCACAGGATCC,0,4717854
ybiY_ybiW_predicted,0.3333333333333333,2,2,CCTCGGCAGCGCTGGCCCCC,0,4717391
ybiY_ybiW_predicted,0.3333333333333333,2,2,CCTCGCTCGCCGGGAGCTTC,0,4714858
ybiY_ybiW_predicted,0.3333333333333333,2,2,CCTCGACACGTAACTGCAGC,0,4695073
ybiY_ybiW_predicted,0.3333333333333333,2,2,CCTATGGTGTGTTGAATTTC,0,4694503
ybiY_ybiW_predicted,0.3333333333333333,2,2,CCTAGGACCATCTTAGCCTA,0,4725733
ybiY_ybiW_predicted,0.3333333333333333,2,2,CCTACTTCGCACCAATCGAA,0,4719911
ybiY_ybiW_predicted,0.3333333333333333,2,2,CCTAAGCCGCATGGTATTTC,0,4703190
ybiY_ybiW_predicted,0.3333333333333333,2,2,CCTAACAATGGTACGAACAT,0,4694757
ybiY_ybiW_predicted,0.3333333333333333,2,2,CCGTTATGGGCACTGGATCA,0,4716662
ybiY_ybiW_predicted,0.3333333333333333,2,2,CCGTCCAAGCCCATACAATA,0,4721148
ybiY_ybiW_predicted,0.3333333333333333,2,2,CCGTCACGGGCCTGTTCGAT,0,4708298
ybiY_ybiW_predicted,0.3333333333333333,2,2,CCGTATGAGTGGTTCTAGAA,0,4720566
ybiY_ybiW_predicted,0.3333333333333333,2,2,CCGTAAGGGGGGCGCCGGAC,0,4701175
ybiY_ybiW_predicted,0.3333333333333333,2,2,CCGGTGGACGAACGGTCCTT,0,4700811
ybiY_ybiW_predicted,0.3333333333333333,2,2,CCGGGACCGATCCACCAGCT,0,4706097
ybiY_ybiW_predicted,0.3333333333333333,2,2,CCGGCTACTTCTTGACAAAT,0,4728172
ybiY_ybiW_predicted,0.3333333333333333,2,2,CCGGACACTCCGCCGTCTTC,0,4719361
ybiY_ybiW_predicted,0.3333333333333333,2,2,CCGGAATACCTCCTGCCCGG,0,4717485
ybiY_ybiW_predicted,0.3333333333333333,2,2,CCGCTCGTCAGTTTCGCGCC,0,4714309
ybiY_ybiW_predicted,0.3333333333333333,2,2,CCGCTACGCGCGGTAGTGGC,0,4695979
ybiY_ybiW_predicted,0.3333333333333333,2,2,CCGCGAGGCAACCCGCTAGT,0,4710235
ybiY_ybiW_predicted,0.3333333333333333,2,2,CCGCCGGGTCCAAGTCCAGT,0,4691861
ybiY_ybiW_predicted,0.3333333333333333,2,2,CCGCCCCCGATTAGCCAGCA,0,4713143
ybiY_ybiW_predicted,0.3333333333333333,2,2,CCGCAATCCCGGTGTTGCGT,0,4723685
ybiY_ybiW_predicted,0.3333333333333333,2,2,CCGATTTGCGACCTCGGTGA,0,4712320
ybiY_ybiW_predicted,0.3333333333333333,2,2,CCGACGTGAAGACACTGCGC,0,4722797
ybiY_ybiW_predicted,0.3333333333333333,2,2,CCGACCGTGGATTACCGCGT,0,4730383
ybiY_ybiW_predicted,0.3333333333333333,2,2,CCGACCACGGATAACAGGAA,0,4690958
ybiY_ybiW_predicted,0.3333333333333333,2,2,CCGAACCACCTAGTTCGCGT,0,4723966
ybiY_ybiW_predicted,0.3333333333333333,2,2,CCCTTTCGTGGAACGTAGTC,0,4698311
ybiY_ybiW_predicted,0.3333333333333333,2,2,CCCTGTGAGCAGCCCGTATA,0,4716351
ybiY_ybiW_predicted,0.3333333333333333,2,2,CCCTGTAGTGTGGTTTATGG,0,4729845
ybiY_ybiW_predicted,0.3333333333333333,2,2,CCCTCGGCCTGGATCAATGA,0,4723426
ybiY_ybiW_predicted,0.3333333333333333,2,2,CCCTCAGCATAGCATGCGCT,0,4695628
ybiY_ybiW_predicted,0.3333333333333333,2,2,CCCTACTTTGGATGTTTCGA,0,4720173
ybiY_ybiW_predicted,0.3333333333333333,2,2,CCCTACTTTCTAATACCGGG,0,4728256
ybiY_ybiW_predicted,0.3333333333333333,2,2,CCCGGTTGAATTCACCCCAG,0,4693183
ybiY_ybiW_predicted,0.3333333333333333,2,2,CCCGGTAGGGTTAAGGAAAA,0,4723262
ybiY_ybiW_predicted,0.3333333333333333,2,2,CCCGGGTTATGTGGCGTTGG,0,4725822
ybiY_ybiW_predicted,0.3333333333333333,2,2,CCCGGGATAAGACTAGATGC,0,4706349
ybiY_ybiW_predicted,0.3333333333333333,2,2,CCCGCGCTTTAGTTGGAGCA,0,4701689
ybiY_ybiW_predicted,0.3333333333333333,2,2,CCCGCAACGGGATATAGATT,0,4717410
ybiY_ybiW_predicted,0.3333333333333333,2,2,CCCCTCTTAGCAAAAAGCTG,0,4729056
ybiY_ybiW_predicted,0.3333333333333333,2,2,CCCCGGTGGAAAGAGGGTGA,0,4689071
ybiY_ybiW_predicted,0.3333333333333333,2,2,CCCCGCCCAATAACCCCACT,0,4729224
ybiY_ybiW_predicted,0.3333333333333333,2,2,CCCCAGGGAGAACTGGGTGC,0,4693672
ybiY_ybiW_predicted,0.3333333333333333,2,2,CCCAGTTCTGCCATGTGACC,0,4703305
ybiY_ybiW_predicted,0.3333333333333333,2,2,CCATTCTGCTGACGTCCCAA,0,4702946
ybiY_ybiW_predicted,0.3333333333333333,2,2,CCATCTAGGCGGGAGCCGCA,0,4706968
ybiY_ybiW_predicted,0.3333333333333333,2,2,CCATCAGATCCTTACGACTT,0,4717139
ybiY_ybiW_predicted,0.3333333333333333,2,2,CCAGTGGAATCACAAGATTT,0,4697842
ybiY_ybiW_predicted,0.3333333333333333,2,2,CCAGTCTGACATCCAGCTCT,0,4728049
ybiY_ybiW_predicted,0.3333333333333333,2,2,CCAGACCCACGTCGCACGAA,0,4728475
ybiY_ybiW_predicted,0.3333333333333333,2,2,CCAGAATGATTTTCCTTACA,0,4693647
ybiY_ybiW_predicted,0.3333333333333333,2,2,CCAGAAGCTGGCTACTCACG,0,4729183
ybiY_ybiW_predicted,0.3333333333333333,2,2,CCACTTCCTAGAGACAGAGT,0,4719080
ybiY_ybiW_predicted,0.3333333333333333,2,2,CCACTTCACTAAGCCGTTGG,0,4692224
ybiY_ybiW_predicted,0.3333333333333333,2,2,CCACCGTTTCCTCTGGCGCA,0,4694462
ybiY_ybiW_predicted,0.3333333333333333,2,2,CCACCACTACGAGCCTCTTG,0,4709478
ybiY_ybiW_predicted,0.3333333333333333,2,2,CCACAGTAGGGGCATGGCAT,0,4727990
ybiY_ybiW_predicted,0.3333333333333333,2,2,CCACACAAACCATCTTGCGT,0,4709589
ybiY_ybiW_predicted,0.3333333333333333,2,2,CATTGACATTGTATTTAAGT,0,4695006
ybiY_ybiW_predicted,0.3333333333333333,2,2,CATTGACACACTAGAATCCT,0,4721565
ybiY_ybiW_predicted,0.3333333333333333,2,2,CATTCAGATACTATCTATTC,0,4711090
ybiY_ybiW_predicted,0.3333333333333333,2,2,CATTAAAGAAGATGTAAGTA,0,4704523
ybiY_ybiW_predicted,0.3333333333333333,2,2,CATGTTCCGTCCCTATTCAC,0,4717751
ybiY_ybiW_predicted,0.3333333333333333,2,2,CATGTGTGCCCTTCGCTGGT,0,4701426
ybiY_ybiW_predicted,0.3333333333333333,2,2,CATGTCTGCCGATAACGGCT,0,4721031
ybiY_ybiW_predicted,0.3333333333333333,2,2,CATGGACAAATGCACTACAT,0,4701822
ybiY_ybiW_predicted,0.3333333333333333,2,2,CATGCTTATCTATCGGTCCG,0,4703381
ybiY_ybiW_predicted,0.3333333333333333,2,2,CATGAAATACTGAGGTATCT,0,4703797
ybiY_ybiW_predicted,0.3333333333333333,2,2,CATCTTTCATCCATATATGT,0,4723052
ybiY_ybiW_predicted,0.3333333333333333,2,2,CATCTGTCAATGATTGCAAG,0,4707945
ybiY_ybiW_predicted,0.3333333333333333,2,2,CATCTACTAATGACGCCGAA,0,4695817
ybiY_ybiW_predicted,0.3333333333333333,2,2,CATCCTTATTGGTCGTTCCA,0,4699228
ybiY_ybiW_predicted,0.3333333333333333,2,2,CATCCTCTGCCTTCTTGCTT,0,4700580
ybiY_ybiW_predicted,0.3333333333333333,2,2,CATCCCTCGCCCTAATAGGT,0,4690513
ybiY_ybiW_predicted,0.3333333333333333,2,2,CATCCCAGTATTAGGCTGGG,0,4688981
ybiY_ybiW_predicted,0.3333333333333333,2,2,CATCCACAGAATCTCGCTTG,0,4706634
ybiY_ybiW_predicted,0.3333333333333333,2,2,CATCAACGAGACTGTGCCCG,0,4722388
ybiY_ybiW_predicted,0.3333333333333333,2,2,CATATTAGGATAAGATACGA,0,4701266
ybiY_ybiW_predicted,0.3333333333333333,2,2,CATATGGCCGCTGTTTGCCA,0,4720084
ybiY_ybiW_predicted,0.3333333333333333,2,2,CATATAGGGTAGTTCCCGAC,0,4688796
ybiY_ybiW_predicted,0.3333333333333333,2,2,CATAGACACCACTTTGGCCT,0,4711474
ybiY_ybiW_predicted,0.3333333333333333,2,2,CATACGACGATCGACGCAGC,0,4711479
ybiY_ybiW_predicted,0.3333333333333333,2,2,CATAAGCGGCTTCCGCATTA,0,4717581
ybiY_ybiW_predicted,0.3333333333333333,2,2,CATAAAATGCTCATGGAAGC,0,4732258
ybiY_ybiW_predicted,0.3333333333333333,2,2,CAGTGTTCTTGTATGCTCCC,0,4703917
ybiY_ybiW_predicted,0.3333333333333333,2,2,CAGTGGCCGCATAACTTTTC,0,4712667
ybiY_ybiW_predicted,0.3333333333333333,2,2,CAGTGGACAGGACCGTCAAC,0,4700170
ybiY_ybiW_predicted,0.3333333333333333,2,2,CAGTGCAGTCTTGTATCGCG,0,4700562
ybiY_ybiW_predicted,0.3333333333333333,2,2,CAGTCGTTTAAGCGAAAGCG,0,4704950
ybiY_ybiW_predicted,0.3333333333333333,2,2,CAGTCGTTGCCGGCCCATCC,0,4708636
ybiY_ybiW_predicted,0.3333333333333333,2,2,CAGTCCCCGCGTCTCGACTG,0,4694911
ybiY_ybiW_predicted,0.3333333333333333,2,2,CAGTCACTAGAGGAATGACC,0,4727793
ybiY_ybiW_predicted,0.3333333333333333,2,2,CAGTATCCATGCCCCGCTAG,0,4724829
ybiY_ybiW_predicted,0.3333333333333333,2,2,CAGGTTGATATGTGACTAGG,0,4714211
ybiY_ybiW_predicted,0.3333333333333333,2,2,CAGGTGGGTTCATCAAGAGG,0,4702656
ybiY_ybiW_predicted,0.3333333333333333,2,2,CAGGTGGCCATTGTCAAGGT,0,4719848
ybiY_ybiW_predicted,0.3333333333333333,2,2,CAGGTCCACGGTGGACTAAA,0,4718660
ybiY_ybiW_predicted,0.3333333333333333,2,2,CAGGTATGATCTCATACTTG,0,4723011
ybiY_ybiW_predicted,0.3333333333333333,2,2,CAGGCTTTCACGGCTCCGGG,0,4692306
ybiY_ybiW_predicted,0.3333333333333333,2,2,CAGGCATAGCTTGTTTAAAA,0,4730015
ybiY_ybiW_predicted,0.3333333333333333,2,2,CAGCCATTGAGTTCTGGTGT,0,4701677
ybiY_ybiW_predicted,0.3333333333333333,2,2,CAGATGCACACCTCGGCCCG,0,4698880
ybiY_ybiW_predicted,0.3333333333333333,2,2,CAGATACTCTACTATTCAGT,0,4728558
ybiY_ybiW_predicted,0.3333333333333333,2,2,CAGAGGGTTCGAGCAGGTGT,0,4708957
ybiY_ybiW_predicted,0.3333333333333333,2,2,CAGACACCACGTGCACCATT,0,4696727
ybiY_ybiW_predicted,0.3333333333333333,2,2,CAGAACTCCAGATAGCGAGG,0,4691761
ybiY_ybiW_predicted,0.3333333333333333,2,2,CAGAAAGCTAGAGAACGGGG,0,4706587
ybiY_ybiW_predicted,0.3333333333333333,2,2,CAGAAACCTTGGGGAGGAGC,0,4704948
ybiY_ybiW_predicted,0.3333333333333333,2,2,CACTTTACTCCGAGGCATAT,0,4698050
ybiY_ybiW_predicted,0.3333333333333333,2,2,CACTGTTGCGGGTTGGCCTG,0,4710847
ybiY_ybiW_predicted,0.3333333333333333,2,2,CACTGTAAACGTCACCTTAC,0,4708784
ybiY_ybiW_predicted,0.3333333333333333,2,2,CACTCAAGAATTAATTATAG,0,4692446
ybiY_ybiW_predicted,0.3333333333333333,2,2,CACTAGGTACGCAATGCTTG,0,4725150
ybiY_ybiW_predicted,0.3333333333333333,2,2,CACTACAACCATGTGCAACC,0,4721093
ybiY_ybiW_predicted,0.3333333333333333,2,2,CACGTTGGGTGAGCCAGGGA,0,4712024
ybiY_ybiW_predicted,0.3333333333333333,2,2,CACGATTGGGCTGTCTGGAG,0,4699190
ybiY_ybiW_predicted,0.3333333333333333,2,2,CACGATTCTGAAATCACTGG,0,4725777
ybiY_ybiW_predicted,0.3333333333333333,2,2,CACCGCGTGAGTTTGAATGC,0,4699931
ybiY_ybiW_predicted,0.3333333333333333,2,2,CACCGCGTGAGCGGCCTATT,0,4694845
ybiY_ybiW_predicted,0.3333333333333333,2,2,CACCAGGAAGGTGCAATTAC,0,4717126
ybiY_ybiW_predicted,0.3333333333333333,2,2,CACATTTGCACTTAGTAATG,0,4716518
ybiY_ybiW_predicted,0.3333333333333333,2,2,CACAGTGAATGTCTCAATGT,0,4701421
ybiY_ybiW_predicted,0.3333333333333333,2,2,CACAGTCCAACATAGTCACC,0,4700366
ybiY_ybiW_predicted,0.3333333333333333,2,2,CACAGCCGGGGGCACATTGT,0,4706455
ybiY_ybiW_predicted,0.3333333333333333,2,2,CACAGCAACAATCTTCTTGC,0,4727101
ybiY_ybiW_predicted,0.3333333333333333,2,2,CACACGATGACCCAGATTGC,0,4702316
ybiY_ybiW_predicted,0.3333333333333333,2,2,CACAAGGCCTGAGTTGTCTG,0,4715381
ybiY_ybiW_predicted,0.3333333333333333,2,2,CAATTGAAAACCCACTCAAG,0,4715188
ybiY_ybiW_predicted,0.3333333333333333,2,2,CAATGGATTCGTAACTATTG,0,4724342
ybiY_ybiW_predicted,0.3333333333333333,2,2,CAATCATACTCTTAATTGTG,0,4708895
ybiY_ybiW_predicted,0.3333333333333333,2,2,CAATACTGGTGCAGCAGTTG,0,4710239
ybiY_ybiW_predicted,0.3333333333333333,2,2,CAATAAGTATCCGTAAGTGG,0,4718595
ybiY_ybiW_predicted,0.3333333333333333,2,2,CAAGTGACGTTCCCAGGGAG,0,4695208
ybiY_ybiW_predicted,0.3333333333333333,2,2,CAAGTATCTCGGGGTGACTG,0,4698403
ybiY_ybiW_predicted,0.3333333333333333,2,2,CAAGGTCACCCTAAGCCTAC,0,4731411
ybiY_ybiW_predicted,0.3333333333333333,2,2,CAAGGGTCCTCATTTATCCT,0,4699411
ybiY_ybiW_predicted,0.3333333333333333,2,2,CAAGGAGCACGTGTTATGCA,0,4726008
ybiY_ybiW_predicted,0.3333333333333333,2,2,CAAGCCACTTCATGCAACGG,0,4715633
ybiY_ybiW_predicted,0.3333333333333333,2,2,CAAGCCACGCTTTACGCGAG,0,4719303
ybiY_ybiW_predicted,0.3333333333333333,2,2,CAAGCATAGATGGGGAACAC,0,4726362
ybiY_ybiW_predicted,0.3333333333333333,2,2,CAACTTGACGTGAATGGTTC,0,4730379
ybiY_ybiW_predicted,0.3333333333333333,2,2,CAACTAACTACTCGGGAGCG,0,4710464
ybiY_ybiW_predicted,0.3333333333333333,2,2,CAACCTTACAGGAAGGCTTC,0,4701868
ybiY_ybiW_predicted,0.3333333333333333,2,2,CAACCCGAACGGGCGAACAA,0,4719252
ybiY_ybiW_predicted,0.3333333333333333,2,2,CAACCAACTGCCTTAGCGAT,0,4725594
ybiY_ybiW_predicted,0.3333333333333333,2,2,CAACAGCGGGTGCGAGTTGT,0,4692630
ybiY_ybiW_predicted,0.3333333333333333,2,2,CAAATGGTTGAGCACGCGAT,0,4728523
ybiY_ybiW_predicted,0.3333333333333333,2,2,CAAATATTTAAATCTATAAA,0,4695086
ybiY_ybiW_predicted,0.3333333333333333,2,2,CAAATACGGCTTTCATCTTA,0,4713141
ybiY_ybiW_predicted,0.3333333333333333,2,2,CAAAGGTCCCATTACGACCC,0,4696213
ybiY_ybiW_predicted,0.3333333333333333,2,2,CAAAGCGGGGCGGATCGGTA,0,4709500
ybiY_ybiW_predicted,0.3333333333333333,2,2,CAAACGCTCCTATCAGGCTA,0,4688567
ybiY_ybiW_predicted,0.3333333333333333,2,2,ATTTTTGCGCCTACCCATGG,0,4695588
ybiY_ybiW_predicted,0.3333333333333333,2,2,ATTTATCCCTAAAGCGCCAA,0,4700365
ybiY_ybiW_predicted,0.3333333333333333,2,2,ATTTAGGAGAGTCCCCCCCG,0,4721773
ybiY_ybiW_predicted,0.3333333333333333,2,2,ATTGTCGGACGCAGCAGAGG,0,4721197
ybiY_ybiW_predicted,0.3333333333333333,2,2,ATTGTCCCTGACAGGTAAAT,0,4708573
ybiY_ybiW_predicted,0.3333333333333333,2,2,ATTGTAAAGTCTTGCAATAT,0,4717668
ybiY_ybiW_predicted,0.3333333333333333,2,2,ATTGGATCGGAGTCCTAAAC,0,4717252
ybiY_ybiW_predicted,0.3333333333333333,2,2,ATTGCGGGGTCTCCAACTAG,0,4722641
ybiY_ybiW_predicted,0.3333333333333333,2,2,ATTGCGAGGGGAACATCGAC,0,4690632
ybiY_ybiW_predicted,0.3333333333333333,2,2,ATTGCCAAGATGCGTGGATA,0,4730978
ybiY_ybiW_predicted,0.3333333333333333,2,2,ATTGCACGTATACAATTCAA,0,4700302
ybiY_ybiW_predicted,0.3333333333333333,2,2,ATTGAGCCGTGACCGTGAAG,0,4702485
ybiY_ybiW_predicted,0.3333333333333333,2,2,ATTCTTTAAGTCGCTCCGCT,0,4723195
ybiY_ybiW_predicted,0.3333333333333333,2,2,ATTCTCAGGTTCAAACCGCT,0,4729108
ybiY_ybiW_predicted,0.3333333333333333,2,2,ATTCGGTACTCCCGCAACCA,0,4712971
ybiY_ybiW_predicted,0.3333333333333333,2,2,ATTCGATTTAGAACACCTAT,0,4690918
ybiY_ybiW_predicted,0.3333333333333333,2,2,ATTCGAATTCCTAACCTGTT,0,4710510
ybiY_ybiW_predicted,0.3333333333333333,2,2,ATTCACCCACTCGTTTGATA,0,4709730
ybiY_ybiW_predicted,0.3333333333333333,2,2,ATTAGTATATTGGAGCGATT,0,4720391
ybiY_ybiW_predicted,0.3333333333333333,2,2,ATTAGCTTAGTGAGTCAATT,0,4725805
ybiY_ybiW_predicted,0.3333333333333333,2,2,ATTAGAGTACCGGTGCAATC,0,4720754
ybiY_ybiW_predicted,0.3333333333333333,2,2,ATTACGAGCGCGCTGCGGGT,0,4730462
ybiY_ybiW_predicted,0.3333333333333333,2,2,ATTACAGCTGATAGGCATAA,0,4709229
ybiY_ybiW_predicted,0.3333333333333333,2,2,ATTAAGCCCCGTGTCCACAA,0,4689866
ybiY_ybiW_predicted,0.3333333333333333,2,2,ATGTTGCCGGCAAGCAGACG,0,4730650
ybiY_ybiW_predicted,0.3333333333333333,2,2,ATGTTGAGGGCTATGGCGCG,0,4725916
ybiY_ybiW_predicted,0.3333333333333333,2,2,ATGTTAGTTCGCAGATATCT,0,4714224
ybiY_ybiW_predicted,0.3333333333333333,2,2,ATGTTACAATGGGTACGAGT,0,4704221
ybiY_ybiW_predicted,0.3333333333333333,2,2,ATGTATGTGGTAGTCTCTGC,0,4719544
ybiY_ybiW_predicted,0.3333333333333333,2,2,ATGTAGCGCCCGTGGGAACT,0,4700658
ybiY_ybiW_predicted,0.3333333333333333,2,2,ATGTAATAATTGCCACACAA,0,4703559
ybiY_ybiW_predicted,0.3333333333333333,2,2,ATGGTTAAATGGCACGGTAT,0,4730602
ybiY_ybiW_predicted,0.3333333333333333,2,2,ATGGGGAAGGTTTGCCTGTT,0,4691016
ybiY_ybiW_predicted,0.3333333333333333,2,2,ATGCTTTACAAGTTGCTCGT,0,4700217
ybiY_ybiW_predicted,0.3333333333333333,2,2,ATGCTAGGGATTAAAGCATA,0,4719838
ybiY_ybiW_predicted,0.3333333333333333,2,2,ATGCGCGGTGAACAGCTGGG,0,4728895
ybiY_ybiW_predicted,0.3333333333333333,2,2,ATGCGCCTGCTGGGTGTCTC,0,4728006
ybiY_ybiW_predicted,0.3333333333333333,2,2,ATGCCCAAGGGCACACCTTT,0,4716717
ybiY_ybiW_predicted,0.3333333333333333,2,2,ATGCAGGTCCAGATATGTCT,0,4696222
ybiY_ybiW_predicted,0.3333333333333333,2,2,ATGCAGGCACAAGGCAATAT,0,4689687
ybiY_ybiW_predicted,0.3333333333333333,2,2,ATGATTCGTTGGAGTATCGA,0,4698063
ybiY_ybiW_predicted,0.3333333333333333,2,2,ATGATTCAAAGAAAGAGCTT,0,4716678
ybiY_ybiW_predicted,0.3333333333333333,2,2,ATGATCTCCAGAGCAGATTA,0,4716644
ybiY_ybiW_predicted,0.3333333333333333,2,2,ATGAGGCTTTAATTGAGTGT,0,4703988
ybiY_ybiW_predicted,0.3333333333333333,2,2,ATGAGAGGAAACAGTTTCGT,0,4689621
ybiY_ybiW_predicted,0.3333333333333333,2,2,ATGAGAGATCGTGTGATCAC,0,4705209
ybiY_ybiW_predicted,0.3333333333333333,2,2,ATGACTCGATAAAGTCTGCC,0,4689026
ybiY_ybiW_predicted,0.3333333333333333,2,2,ATGACGCGCCAGCACACATG,0,4713549
ybiY_ybiW_predicted,0.3333333333333333,2,2,ATGACCTAAACCTGCAACAA,0,4732361
ybiY_ybiW_predicted,0.3333333333333333,2,2,ATGACCGTGGCCTGATTGCT,0,4715155
ybiY_ybiW_predicted,0.3333333333333333,2,2,ATGACCGCGGGGGACGGTTT,0,4730520
ybiY_ybiW_predicted,0.3333333333333333,2,2,ATGACCAGCGATTACTGTCT,0,4700950
ybiY_ybiW_predicted,0.3333333333333333,2,2,ATCTGTGGTTCACATCTTGG,0,4710176
ybiY_ybiW_predicted,0.3333333333333333,2,2,ATCTATCGGGTATGGAGGGG,0,4725686
ybiY_ybiW_predicted,0.3333333333333333,2,2,ATCTAGGGAGTTCGAGGGAG,0,4720836
ybiY_ybiW_predicted,0.3333333333333333,2,2,ATCGTTAAATTTCGCGTGCG,0,4708031
ybiY_ybiW_predicted,0.3333333333333333,2,2,ATCGGTCATTTATTGTTGGT,0,4704325
ybiY_ybiW_predicted,0.3333333333333333,2,2,ATCGCTCAATATCCATCACG,0,4731966
ybiY_ybiW_predicted,0.3333333333333333,2,2,ATCGCGGTATGGGTGATGAT,0,4698960
ybiY_ybiW_predicted,0.3333333333333333,2,2,ATCGCCGAATTAAAGGGCGA,0,4728561
ybiY_ybiW_predicted,0.3333333333333333,2,2,ATCGCACTAAACGACAATCT,0,4700607
ybiY_ybiW_predicted,0.3333333333333333,2,2,ATCGATAGAGGGGTAGTCAC,0,4706688
ybiY_ybiW_predicted,0.3333333333333333,2,2,ATCGAACCTCTCCGGACATC,0,4699359
ybiY_ybiW_predicted,0.3333333333333333,2,2,ATCCTCGCGAGTGGATTAGC,0,4701732
ybiY_ybiW_predicted,0.3333333333333333,2,2,ATCCAGAGCCGGGGACCCCC,0,4690670
ybiY_ybiW_predicted,0.3333333333333333,2,2,ATCATACATTTACTTCGGCA,0,4697125
ybiY_ybiW_predicted,0.3333333333333333,2,2,ATCACACACTGGGCGAAACC,0,4729824
ybiY_ybiW_predicted,0.3333333333333333,2,2,ATCAATAAGCTGTATCACCT,0,4708130
ybiY_ybiW_predicted,0.3333333333333333,2,2,ATATTCCACGTACCTCCAAC,0,4720083
ybiY_ybiW_predicted,0.3333333333333333,2,2,ATATGTCTGCTGTGAGGACG,0,4723119
ybiY_ybiW_predicted,0.3333333333333333,2,2,ATATCGTCACCTGCGCGAAA,0,4732709
ybiY_ybiW_predicted,0.3333333333333333,2,2,ATATCGCTAAGCGCTATTCT,0,4714933
ybiY_ybiW_predicted,0.3333333333333333,2,2,ATATATGGAGACCTCTGGGA,0,4718980
ybiY_ybiW_predicted,0.3333333333333333,2,2,ATAGTCCTATATTGGGACGG,0,4701519
ybiY_ybiW_predicted,0.3333333333333333,2,2,ATAGGTTGGGGGGACACGGA,0,4724274
ybiY_ybiW_predicted,0.3333333333333333,2,2,ATAGGTCCTACATAATATAC,0,4709068
ybiY_ybiW_predicted,0.3333333333333333,2,2,ATAGGGCTGCAGTGTGACAC,0,4726389
ybiY_ybiW_predicted,0.3333333333333333,2,2,ATAGCGTTTATCGAACGGTT,0,4717195
ybiY_ybiW_predicted,0.3333333333333333,2,2,ATAGCCGGTAAGTTAGTAGA,0,4702311
ybiY_ybiW_predicted,0.3333333333333333,2,2,ATAGAAGTTATGGCGACGCA,0,4690535
ybiY_ybiW_predicted,0.3333333333333333,2,2,ATACACCTTTATGCGCATTA,0,4716449
ybiY_ybiW_predicted,0.3333333333333333,2,2,ATACAAACTGAGATGTCTTA,0,4701234
ybiY_ybiW_predicted,0.3333333333333333,2,2,ATAATCGCTATAAACTGAGA,0,4702337
ybiY_ybiW_predicted,0.3333333333333333,2,2,ATAACCATTGGTCGCTATGA,0,4723782
ybiY_ybiW_predicted,0.3333333333333333,2,2,AGTTTTACCAGATCCAGCCG,0,4728681
ybiY_ybiW_predicted,0.3333333333333333,2,2,AGTTTGTGTCGGAGTGCCCA,0,4731589
ybiY_ybiW_predicted,0.3333333333333333,2,2,AGTTTCTGAGCAACCGCTCA,0,4692765
ybiY_ybiW_predicted,0.3333333333333333,2,2,AGTTTCTCTAGCAACTAATT,0,4689056
ybiY_ybiW_predicted,0.3333333333333333,2,2,AGTGTGCATGCGGTTACCCT,0,4723760
ybiY_ybiW_predicted,0.3333333333333333,2,2,AGTGTCGAGCAACGTTAACA,0,4717698
ybiY_ybiW_predicted,0.3333333333333333,2,2,AGTGGTTACAGCCAAAGGGG,0,4711872
ybiY_ybiW_predicted,0.3333333333333333,2,2,AGTGGCAACCCATGCAACAT,0,4703660
ybiY_ybiW_predicted,0.3333333333333333,2,2,AGTGCAGCAGACTGTAGAAC,0,4718557
ybiY_ybiW_predicted,0.3333333333333333,2,2,AGTGAACAGACAGAAACAGT,0,4732133
ybiY_ybiW_predicted,0.3333333333333333,2,2,AGTCTGTGGGGTAAGAAAGA,0,4715267
ybiY_ybiW_predicted,0.3333333333333333,2,2,AGTCGGAACTCGTCGTTTCG,0,4715203
ybiY_ybiW_predicted,0.3333333333333333,2,2,AGTCGATCGGTCGATTAGAA,0,4689117
ybiY_ybiW_predicted,0.3333333333333333,2,2,AGTCCTTGCCCGCTAGTCGG,0,4720987
ybiY_ybiW_predicted,0.3333333333333333,2,2,AGTCCCCTAGAATCAGAAAG,0,4720550
ybiY_ybiW_predicted,0.3333333333333333,2,2,AGTCCAAGAGAATCTGCTCC,0,4712139
ybiY_ybiW_predicted,0.3333333333333333,2,2,AGTCATTTCGCTCGATCCCA,0,4706440
ybiY_ybiW_predicted,0.3333333333333333,2,2,AGTCATTACGACCTTTAGAG,0,4706609
ybiY_ybiW_predicted,0.3333333333333333,2,2,AGTCATAGTAGATTGACGGA,0,4722360
ybiY_ybiW_predicted,0.3333333333333333,2,2,AGTCAGGACTAACCACTGAC,0,4715428
ybiY_ybiW_predicted,0.3333333333333333,2,2,AGTCAAGCGTAGATGTGGGT,0,4727268
ybiY_ybiW_predicted,0.3333333333333333,2,2,AGTATTAAATAAAAAGTATA,0,4693638
ybiY_ybiW_predicted,0.3333333333333333,2,2,AGTATGGATTCTCTTTTGCG,0,4706878
ybiY_ybiW_predicted,0.3333333333333333,2,2,AGTAGGTCTGAACGTGTGTT,0,4692565
ybiY_ybiW_predicted,0.3333333333333333,2,2,AGTAAGCATAATTCCATTAT,0,4707174
ybiY_ybiW_predicted,0.3333333333333333,2,2,AGGTGGTACGAGCGGAGCCC,0,4710795
ybiY_ybiW_predicted,0.3333333333333333,2,2,AGGTGAACACTTACGCGTCA,0,4727934
ybiY_ybiW_predicted,0.3333333333333333,2,2,AGGTCGCGTTTGCGACTTGG,0,4691873
ybiY_ybiW_predicted,0.3333333333333333,2,2,AGGTATTAGTGCTTCTATCT,0,4730147
ybiY_ybiW_predicted,0.3333333333333333,2,2,AGGTAGTATCAGCGTCATAA,0,4721280
ybiY_ybiW_predicted,0.3333333333333333,2,2,AGGTAGTAACTTGTCATGTG,0,4692604
ybiY_ybiW_predicted,0.3333333333333333,2,2,AGGGGTGCTTCAAAGATGTT,0,4690002
ybiY_ybiW_predicted,0.3333333333333333,2,2,AGGGGGCAACGGTTATAGTT,0,4700773
ybiY_ybiW_predicted,0.3333333333333333,2,2,AGGGAAGGGGCGGGACCGGC,0,4720703
ybiY_ybiW_predicted,0.3333333333333333,2,2,AGGGAACTGCATACTCACCT,0,4692728
ybiY_ybiW_predicted,0.3333333333333333,2,2,AGGCTACAATATGCATTGAG,0,4692818
ybiY_ybiW_predicted,0.3333333333333333,2,2,AGGCGTTGCTTACGTACAGA,0,4716102
ybiY_ybiW_predicted,0.3333333333333333,2,2,AGGCGTCGGTCAGCCCTACT,0,4704122
ybiY_ybiW_predicted,0.3333333333333333,2,2,AGGCGGGATGAGGTGGGATT,0,4720632
ybiY_ybiW_predicted,0.3333333333333333,2,2,AGGCATCTTAGTCAAAGGCT,0,4702742
ybiY_ybiW_predicted,0.3333333333333333,2,2,AGGCATCCAACGTCTATATG,0,4701738
ybiY_ybiW_predicted,0.3333333333333333,2,2,AGGCACCCGGTGCGGTATCT,0,4688498
ybiY_ybiW_predicted,0.3333333333333333,2,2,AGGCAAGTCTCATGGTGATA,0,4708813
ybiY_ybiW_predicted,0.3333333333333333,2,2,AGGACCGAATGTTTGTATTA,0,4698717
ybiY_ybiW_predicted,0.3333333333333333,2,2,AGGAATCCATCTGATTTAGA,0,4695878
ybiY_ybiW_predicted,0.3333333333333333,2,2,AGGAAGACAGTGATGTGGAT,0,4715970
ybiY_ybiW_predicted,0.3333333333333333,2,2,AGCTTCGTTGTCTTGCTGGT,0,4690366
ybiY_ybiW_predicted,0.3333333333333333,2,2,AGCTGGTGTTGCTTCGGATT,0,4689557
ybiY_ybiW_predicted,0.3333333333333333,2,2,AGCTGGGACGCCTAGGTTCA,0,4725087
ybiY_ybiW_predicted,0.3333333333333333,2,2,AGCTGATAATTCTTGGGTCA,0,4688888
ybiY_ybiW_predicted,0.3333333333333333,2,2,AGCTAAGTGTATTTGCGCAT,0,4730752
ybiY_ybiW_predicted,0.3333333333333333,2,2,AGCGGTATCCTATATACTTG,0,4720481
ybiY_ybiW_predicted,0.3333333333333333,2,2,AGCGATATCAGTTGAGAGTC,0,4700845
ybiY_ybiW_predicted,0.3333333333333333,2,2,AGCGACAAGTACCGGTGTTA,0,4732249
ybiY_ybiW_predicted,0.3333333333333333,2,2,AGCCTTCCATGCATGTACGC,0,4711133
ybiY_ybiW_predicted,0.3333333333333333,2,2,AGCCGTGGATACCGGCCATC,0,4718582
ybiY_ybiW_predicted,0.3333333333333333,2,2,AGCATTCATCCAGAGCCGAT,0,4704375
ybiY_ybiW_predicted,0.3333333333333333,2,2,AGCAGTGTATGTGTTTGCCC,0,4688788
ybiY_ybiW_predicted,0.3333333333333333,2,2,AGCAGTGATTCTCGAAAGAC,0,4726018
ybiY_ybiW_predicted,0.3333333333333333,2,2,AGCAGGCAGGGCACCGAATG,0,4727510
ybiY_ybiW_predicted,0.3333333333333333,2,2,AGCAGCCCTTCAATAACCGA,0,4713749
ybiY_ybiW_predicted,0.3333333333333333,2,2,AGCACTTAACAGGGGGACTC,0,4710556
ybiY_ybiW_predicted,0.3333333333333333,2,2,AGCACTGTGGCGGTATCAAT,0,4708223
ybiY_ybiW_predicted,0.3333333333333333,2,2,AGATTCCTAGATTACTGTCA,0,4702187
ybiY_ybiW_predicted,0.3333333333333333,2,2,AGATTCCACATGGCACCGTC,0,4723712
ybiY_ybiW_predicted,0.3333333333333333,2,2,AGATGCTCGGTATGCCTATC,0,4705569
ybiY_ybiW_predicted,0.3333333333333333,2,2,AGATCCCTCTGATACGCATC,0,4705701
ybiY_ybiW_predicted,0.3333333333333333,2,2,AGATCAGTTATCGTAGGTAG,0,4715726
ybiY_ybiW_predicted,0.3333333333333333,2,2,AGATATGGTACGCTACATTA,0,4700105
ybiY_ybiW_predicted,0.3333333333333333,2,2,AGATAAAGATGTCACTTGTC,0,4712541
ybiY_ybiW_predicted,0.3333333333333333,2,2,AGAGTTTGATATTGATATAA,0,4699236
ybiY_ybiW_predicted,0.3333333333333333,2,2,AGAGGTAACATACGTAGTGC,0,4721343
ybiY_ybiW_predicted,0.3333333333333333,2,2,AGAGCTGATGCTACAAGGAA,0,4721970
ybiY_ybiW_predicted,0.3333333333333333,2,2,AGAGCTAGAGGTCTTAGCAA,0,4723431
ybiY_ybiW_predicted,0.3333333333333333,2,2,AGAGCACGTCACGGATTTAG,0,4702223
ybiY_ybiW_predicted,0.3333333333333333,2,2,AGAGATTCTAAGCGACAAAC,0,4729935
ybiY_ybiW_predicted,0.3333333333333333,2,2,AGACTTGTGCTGTGGGATCA,0,4691391
ybiY_ybiW_predicted,0.3333333333333333,2,2,AGACGTTCTTACCTGCGATT,0,4696701
ybiY_ybiW_predicted,0.3333333333333333,2,2,AGACGCATCGCGCATCCGTT,0,4730988
ybiY_ybiW_predicted,0.3333333333333333,2,2,AGACGAAATCTACCACGATA,0,4698802
ybiY_ybiW_predicted,0.3333333333333333,2,2,AGACCAGCAATGGAGTGAGG,0,4694675
ybiY_ybiW_predicted,0.3333333333333333,2,2,AGAATAGCGCGCGCCTTACC,0,4696467
ybiY_ybiW_predicted,0.3333333333333333,2,2,AGAACGAGGGTATGTTTTTA,0,4700364
ybiY_ybiW_predicted,0.3333333333333333,2,2,AGAAAGGGGTGGCCTGGATT,0,4700693
ybiY_ybiW_predicted,0.3333333333333333,2,2,ACTTTCCAGCTCGTTATAGC,0,4725220
ybiY_ybiW_predicted,0.3333333333333333,2,2,ACTTGTCCAAACCAAGCTAC,0,4699439
ybiY_ybiW_predicted,0.3333333333333333,2,2,ACTTGGTAGAGCAACCGCGT,0,4721059
ybiY_ybiW_predicted,0.3333333333333333,2,2,ACTTCTCGCGGCGATACAAG,0,4727399
ybiY_ybiW_predicted,0.3333333333333333,2,2,ACTTAGGCTAGGGATTGAGT,0,4721724
ybiY_ybiW_predicted,0.3333333333333333,2,2,ACTTACCAATCCGCTGGTTA,0,4727267
ybiY_ybiW_predicted,0.3333333333333333,2,2,ACTGTTGATGGCAAGTTGTA,0,4721284
ybiY_ybiW_predicted,0.3333333333333333,2,2,ACTGCGAGGCGGGGTAATGA,0,4690013
ybiY_ybiW_predicted,0.3333333333333333,2,2,ACTGATCCTGTCCTGCGCGA,0,4703009
ybiY_ybiW_predicted,0.3333333333333333,2,2,ACTCGTTTTCGTTTCGGGTA,0,4725140
ybiY_ybiW_predicted,0.3333333333333333,2,2,ACTCGTTCCGCCTGATGCGC,0,4698931
ybiY_ybiW_predicted,0.3333333333333333,2,2,ACTCGCTTGCAAGAACGTCA,0,4697953
ybiY_ybiW_predicted,0.3333333333333333,2,2,ACTCGCGGGAATATCACTCC,0,4695061
ybiY_ybiW_predicted,0.3333333333333333,2,2,ACTCCAGGAGGGAGGTCCGA,0,4698213
ybiY_ybiW_predicted,0.3333333333333333,2,2,ACTCAACGCACGGCAAGCCT,0,4710365
ybiY_ybiW_predicted,0.3333333333333333,2,2,ACTATAAGGGCTGGATCCAA,0,4698130
ybiY_ybiW_predicted,0.3333333333333333,2,2,ACTACAGTTTTAAGGGAAGT,0,4696812
ybiY_ybiW_predicted,0.3333333333333333,2,2,ACTACAAACATTCAGGTGTA,0,4694087
ybiY_ybiW_predicted,0.3333333333333333,2,2,ACGTTTATACACCGTCGCTG,0,4700255
ybiY_ybiW_predicted,0.3333333333333333,2,2,ACGTTTACGGGTGTCCGCGT,0,4717928
ybiY_ybiW_predicted,0.3333333333333333,2,2,ACGTTGCAGGACGCCAGTGT,0,4711930
ybiY_ybiW_predicted,0.3333333333333333,2,2,ACGTGCATGAAATCGTGTCG,0,4693623
ybiY_ybiW_predicted,0.3333333333333333,2,2,ACGTCTGGTTTCGAGAGTGC,0,4689032
ybiY_ybiW_predicted,0.3333333333333333,2,2,ACGTCTAGGACTGGCGACAA,0,4711593
ybiY_ybiW_predicted,0.3333333333333333,2,2,ACGTCCTGTCCTACGGCGCT,0,4717241
ybiY_ybiW_predicted,0.3333333333333333,2,2,ACGTCAAAAGGAGCCCGCTG,0,4696947
ybiY_ybiW_predicted,0.3333333333333333,2,2,ACGTATAAATTACGCCAATG,0,4714994
ybiY_ybiW_predicted,0.3333333333333333,2,2,ACGTACTTGGACGGAAATAG,0,4708467
ybiY_ybiW_predicted,0.3333333333333333,2,2,ACGGTTGTCCTCAAACGGGA,0,4727464
ybiY_ybiW_predicted,0.3333333333333333,2,2,ACGGTGGATGTGCGATTCAG,0,4690803
ybiY_ybiW_predicted,0.3333333333333333,2,2,ACGGGGTGGAATTGGTTCCA,0,4698199
ybiY_ybiW_predicted,0.3333333333333333,2,2,ACGGGCCGCCACAACGACGG,0,4722761
ybiY_ybiW_predicted,0.3333333333333333,2,2,ACGGGAATTCGCGAAATAAA,0,4721862
ybiY_ybiW_predicted,0.3333333333333333,2,2,ACGGCGCGGTCCTGCTATTA,0,4710389
ybiY_ybiW_predicted,0.3333333333333333,2,2,ACGGCCTGGATGTCAATTGT,0,4699008
ybiY_ybiW_predicted,0.3333333333333333,2,2,ACGGCATATATAAACGTGAT,0,4704310
ybiY_ybiW_predicted,0.3333333333333333,2,2,ACGGAGGTCAAGGTGATCGT,0,4696823
ybiY_ybiW_predicted,0.3333333333333333,2,2,ACGGACAGAAGAAATGGGGG,0,4707310
ybiY_ybiW_predicted,0.3333333333333333,2,2,ACGCTTATTCGGCGGAGATC,0,4717959
ybiY_ybiW_predicted,0.3333333333333333,2,2,ACGCGAAACGGCGCTCAGCA,0,4713466
ybiY_ybiW_predicted,0.3333333333333333,2,2,ACGCCGACAGTCTCGCGGAC,0,4715832
ybiY_ybiW_predicted,0.3333333333333333,2,2,ACGAGCATATGGACTAAGCC,0,4688878
ybiY_ybiW_predicted,0.3333333333333333,2,2,ACGAGCAGTCGTCATGGCGG,0,4704499
ybiY_ybiW_predicted,0.3333333333333333,2,2,ACGAATCTCATGGGTTCTTC,0,4700834
ybiY_ybiW_predicted,0.3333333333333333,2,2,ACGAATACTTAGGATCGACC,0,4732008
ybiY_ybiW_predicted,0.3333333333333333,2,2,ACCTTTCGAGATCCAGCAAA,0,4722070
ybiY_ybiW_predicted,0.3333333333333333,2,2,ACCTGCTCGATGAGCTAAGA,0,4723938
ybiY_ybiW_predicted,0.3333333333333333,2,2,ACCGTTCAATACCCGGTGCT,0,4696127
ybiY_ybiW_predicted,0.3333333333333333,2,2,ACCGTTAGTTCCCGAGCTGA,0,4718023
ybiY_ybiW_predicted,0.3333333333333333,2,2,ACCGCCAGCAGGCGACGTAT,0,4732616
ybiY_ybiW_predicted,0.3333333333333333,2,2,ACCGCACTTGGCATACTCTA,0,4712048
ybiY_ybiW_predicted,0.3333333333333333,2,2,ACCGATTTGAGTATCTGTTT,0,4727615
ybiY_ybiW_predicted,0.3333333333333333,2,2,ACCCTTTAAGGCGGAGGCGT,0,4716588
ybiY_ybiW_predicted,0.3333333333333333,2,2,ACCCTGTCAACCAGATTCAG,0,4707761
ybiY_ybiW_predicted,0.3333333333333333,2,2,ACCCCTCAATTTGGCCTCGG,0,4693939
ybiY_ybiW_predicted,0.3333333333333333,2,2,ACCCAGCCCGTGACCTAATA,0,4695951
ybiY_ybiW_predicted,0.3333333333333333,2,2,ACCCAAGCTGTTTATACTTC,0,4698811
ybiY_ybiW_predicted,0.3333333333333333,2,2,ACCAGGTCGGGCTAGGCATT,0,4716073
ybiY_ybiW_predicted,0.3333333333333333,2,2,ACCACTGGGGCCATGGAATT,0,4724519
ybiY_ybiW_predicted,0.3333333333333333,2,2,ACCACGTAGCGCCATTATTG,0,4713555
ybiY_ybiW_predicted,0.3333333333333333,2,2,ACCAAGTGTTTTCGATGGAA,0,4710174
ybiY_ybiW_predicted,0.3333333333333333,2,2,ACATTGTAGTTCATAGGCTG,0,4718176
ybiY_ybiW_predicted,0.3333333333333333,2,2,ACATTGGGACCAGGAGGGCT,0,4730471
ybiY_ybiW_predicted,0.3333333333333333,2,2,ACATTGCCGTTGAAATATAC,0,4714998
ybiY_ybiW_predicted,0.3333333333333333,2,2,ACATTCCGGTGGTACAGGAA,0,4724639
ybiY_ybiW_predicted,0.3333333333333333,2,2,ACATGTCGCTCTGGTGGGAC,0,4697937
ybiY_ybiW_predicted,0.3333333333333333,2,2,ACATCAGTTGGTCCAGCCCC,0,4711448
ybiY_ybiW_predicted,0.3333333333333333,2,2,ACATAACGAATTAAACACCT,0,4704819
ybiY_ybiW_predicted,0.3333333333333333,2,2,ACAGCAATGCCTGTCGCTTT,0,4717591
ybiY_ybiW_predicted,0.3333333333333333,2,2,ACAGACAGTTCATTGCGTAT,0,4715119
ybiY_ybiW_predicted,0.3333333333333333,2,2,ACACCCTCGCAGAAACGAGA,0,4691058
ybiY_ybiW_predicted,0.3333333333333333,2,2,ACACATAAGAGGCGCCCCGC,0,4724522
ybiY_ybiW_predicted,0.3333333333333333,2,2,ACAAGGCTTGGCCTGGACCA,0,4730950
ybiY_ybiW_predicted,0.3333333333333333,2,2,ACAAGAAGCAGAGTGACCAT,0,4705756
ybiY_ybiW_predicted,0.3333333333333333,2,2,ACAACTCGAGTAATGCCTTA,0,4709511
ybiY_ybiW_predicted,0.3333333333333333,2,2,ACAACGGTGGAATGGTCTCT,0,4693822
ybiY_ybiW_predicted,0.3333333333333333,2,2,ACAACAAATCACAACTAGCT,0,4728570
ybiY_ybiW_predicted,0.3333333333333333,2,2,ACAAATCTGTGAAAATCAAC,0,4706510
ybiY_ybiW_predicted,0.3333333333333333,2,2,AATTTCTTTGTGGTGAACGA,0,4719650
ybiY_ybiW_predicted,0.3333333333333333,2,2,AATTGTCATTTCCACAAGGG,0,4688585
ybiY_ybiW_predicted,0.3333333333333333,2,2,AATTGCCGAGTTCACGAAGC,0,4726637
ybiY_ybiW_predicted,0.3333333333333333,2,2,AATTCGGACTCACGTATAAG,0,4706117
ybiY_ybiW_predicted,0.3333333333333333,2,2,AATTACTACCTCACACTTTG,0,4705860
ybiY_ybiW_predicted,0.3333333333333333,2,2,AATGTGGTGCGCAACGTTCT,0,4692227
ybiY_ybiW_predicted,0.3333333333333333,2,2,AATGGTACCGGTGTTATTAG,0,4723531
ybiY_ybiW_predicted,0.3333333333333333,2,2,AATGACCTGGAATGATGAAG,0,4707510
ybiY_ybiW_predicted,0.3333333333333333,2,2,AATGAAGTCCTAGGACACAC,0,4712299
ybiY_ybiW_predicted,0.3333333333333333,2,2,AATCTGGCGTGGACACTCAC,0,4710165
ybiY_ybiW_predicted,0.3333333333333333,2,2,AATCGTCGGACGGCTGAGTG,0,4714435
ybiY_ybiW_predicted,0.3333333333333333,2,2,AATCGGGAGCTAAATCTGTG,0,4706205
ybiY_ybiW_predicted,0.3333333333333333,2,2,AATATCACTCAGACAAGAGA,0,4731125
ybiY_ybiW_predicted,0.3333333333333333,2,2,AATATAAGCGGCATCAGTGT,0,4693509
ybiY_ybiW_predicted,0.3333333333333333,2,2,AATACTTAGAGTACACGGAC,0,4731176
ybiY_ybiW_predicted,0.3333333333333333,2,2,AATACTGCGGAAGTGCATAT,0,4732772
ybiY_ybiW_predicted,0.3333333333333333,2,2,AATAATATACAAAGTTGCGG,0,4730678
ybiY_ybiW_predicted,0.3333333333333333,2,2,AAGTGCTCTTCAAGGATTTC,0,4719975
ybiY_ybiW_predicted,0.3333333333333333,2,2,AAGTCTCATGCACAGTAGAA,0,4711007
ybiY_ybiW_predicted,0.3333333333333333,2,2,AAGTCGCCCGGTCAAAGCGG,0,4701445
ybiY_ybiW_predicted,0.3333333333333333,2,2,AAGTAGAGGCTGACAGCTCT,0,4721740
ybiY_ybiW_predicted,0.3333333333333333,2,2,AAGTACTAACAACCCGACTT,0,4713355
ybiY_ybiW_predicted,0.3333333333333333,2,2,AAGGTTGATGCCGGGCGTTT,0,4713434
ybiY_ybiW_predicted,0.3333333333333333,2,2,AAGGTAAAGGCGTAATCGGT,0,4724306
ybiY_ybiW_predicted,0.3333333333333333,2,2,AAGGCGTGCTCGCATGTTGC,0,4700735
ybiY_ybiW_predicted,0.3333333333333333,2,2,AAGGCAAATGAGATCGCGTT,0,4716392
ybiY_ybiW_predicted,0.3333333333333333,2,2,AAGGAGTGAGGGTATTGGGC,0,4692841
ybiY_ybiW_predicted,0.3333333333333333,2,2,AAGGACCCATTCCTGACAAG,0,4688910
ybiY_ybiW_predicted,0.3333333333333333,2,2,AAGGAATTGCTAGCAGTAGA,0,4709604
ybiY_ybiW_predicted,0.3333333333333333,2,2,AAGCTAAACGCGGGGTGCGG,0,4705837
ybiY_ybiW_predicted,0.3333333333333333,2,2,AAGCGTCCAGCACCATGTGG,0,4688499
ybiY_ybiW_predicted,0.3333333333333333,2,2,AAGCGTATGTAATGAAGCCA,0,4704300
ybiY_ybiW_predicted,0.3333333333333333,2,2,AAGCCCGTCTGCTGACACAA,0,4699616
ybiY_ybiW_predicted,0.3333333333333333,2,2,AAGCCCGATAGAAATCCTTT,0,4706060
ybiY_ybiW_predicted,0.3333333333333333,2,2,AAGCATAACATATTTACGGG,0,4726468
ybiY_ybiW_predicted,0.3333333333333333,2,2,AAGAGACTAAGCATAATTAG,0,4716111
ybiY_ybiW_predicted,0.3333333333333333,2,2,AAGACATGGGCATACATAAG,0,4690922
ybiY_ybiW_predicted,0.3333333333333333,2,2,AACTTGTTTGACAGGCCATG,0,4714846
ybiY_ybiW_predicted,0.3333333333333333,2,2,AACTTCGCAGAGCCAGGGCT,0,4707738
ybiY_ybiW_predicted,0.3333333333333333,2,2,AACTGTGGTATAAGTCTTGG,0,4710686
ybiY_ybiW_predicted,0.3333333333333333,2,2,AACTCGGGCCACGGTGTCAC,0,4714151
ybiY_ybiW_predicted,0.3333333333333333,2,2,AACTCGAAAGGTCGGACTTT,0,4723522
ybiY_ybiW_predicted,0.3333333333333333,2,2,AACTCCCTCTACGGCATATG,0,4727708
ybiY_ybiW_predicted,0.3333333333333333,2,2,AACTCCATAGAGACCGGGGG,0,4707771
ybiY_ybiW_predicted,0.3333333333333333,2,2,AACTAGATCATGGTTTCCGA,0,4699885
ybiY_ybiW_predicted,0.3333333333333333,2,2,AACGTGGTCCTCGGGGCTAC,0,4706915
ybiY_ybiW_predicted,0.3333333333333333,2,2,AACGTCCGCCTAGAATGCAT,0,4720065
ybiY_ybiW_predicted,0.3333333333333333,2,2,AACGCGACGGGCTTTTCTTG,0,4691392
ybiY_ybiW_predicted,0.3333333333333333,2,2,AACGATGGTTACCACCCGGG,0,4698440
ybiY_ybiW_predicted,0.3333333333333333,2,2,AACGACCGACGATTCGTGAC,0,4720334
ybiY_ybiW_predicted,0.3333333333333333,2,2,AACCTATCTCAGCCCCGCGG,0,4704134
ybiY_ybiW_predicted,0.3333333333333333,2,2,AACCCGTTGGCCTAACACGC,0,4697327
ybiY_ybiW_predicted,0.3333333333333333,2,2,AACATGAATTGGTCGCTCTA,0,4702980
ybiY_ybiW_predicted,0.3333333333333333,2,2,AACAGTATATCCGGGTGTAT,0,4725575
ybiY_ybiW_predicted,0.3333333333333333,2,2,AACACCAGCTACAATTAATT,0,4694236
ybiY_ybiW_predicted,0.3333333333333333,2,2,AACAAACCGGCAGCAACATC,0,4692541
ybiY_ybiW_predicted,0.3333333333333333,2,2,AAATGGTACTCGGGTATACT,0,4704386
ybiY_ybiW_predicted,0.3333333333333333,2,2,AAATGAGGTAAAGGGCGGAA,0,4723785
ybiY_ybiW_predicted,0.3333333333333333,2,2,AAATCACAAAGCACTTGTGG,0,4717652
ybiY_ybiW_predicted,0.3333333333333333,2,2,AAATACCCATTTGCACTCCT,0,4722843
ybiY_ybiW_predicted,0.3333333333333333,2,2,AAAGGTAGGAAATGGTAAGA,0,4726084
ybiY_ybiW_predicted,0.3333333333333333,2,2,AAAGGAAAACATTAGTTGAG,0,4699301
ybiY_ybiW_predicted,0.3333333333333333,2,2,AAACGGGTAGCTTATGAAAA,0,4697256
ybiY_ybiW_predicted,0.3333333333333333,2,2,AAACGGCTGCCTAAGGTGTT,0,4689778
ybiY_ybiW_predicted,0.3333333333333333,2,2,AAACGGCACGGCATCCCGGC,0,4731088
ybiY_ybiW_predicted,0.3333333333333333,2,2,AAACGGATTTGGATCAACAA,0,4703176
ybiY_ybiW_predicted,0.3333333333333333,2,2,AAACGATAGTGACTCTCTAA,0,4716822
ybiY_ybiW_predicted,0.3333333333333333,2,2,AAACAGTCCTCTTTATATCG,0,4705206
ybiY_ybiW_predicted,0.3333333333333333,2,2,AAACAATATTGACCTTCCTG,0,4728770
ybiY_ybiW_predicted,0.3333333333333333,2,2,AAAATCGAGCGGCCGGGGTT,0,4716771
ybiY_ybiW_predicted,0.3333333333333333,2,2,AAAATAATGACTGCCTTCCC,0,4705777
ybiY_ybiW_predicted,0.3333333333333333,2,2,AAAAGGGGGTAGGGCACTGT,0,4708340
ybiY_ybiW_predicted,0.3333333333333333,2,2,AAAACGAAGTTCGACTCGGT,0,4723100
ybiY_ybiW_predicted,0.5,1,1,TTTTTGCCTGACATAAGCTT,0,4707643
ybiY_ybiW_predicted,0.5,1,1,TTTTGGCGCACGCGCCCTAC,0,4703140
ybiY_ybiW_predicted,0.5,1,1,TTTTCGCAAATAACTGTGGG,0,4696003
ybiY_ybiW_predicted,0.5,1,1,TTTGGTTCACCTTACATATA,0,4712914
ybiY_ybiW_predicted,0.5,1,1,TTTGGGTGGAATTGAACTTG,0,4710151
ybiY_ybiW_predicted,0.5,1,1,TTTGGACATACTCAGTTATA,0,4710379
ybiY_ybiW_predicted,0.5,1,1,TTTGCCAAATGGTCTAGCCC,0,4717691
ybiY_ybiW_predicted,0.5,1,1,TTTGAGTCAGTGAATTGTGG,0,4715437
ybiY_ybiW_predicted,0.5,1,1,TTTCGGGCGAATCGGAGGAT,0,4721945
ybiY_ybiW_predicted,0.5,1,1,TTTCCGTGGGATCTTGTCAT,0,4720246
ybiY_ybiW_predicted,0.5,1,1,TTTCATACTACTTACCGAGC,0,4726790
ybiY_ybiW_predicted,0.5,1,1,TTTCAAGCCTCGGCGCCGTA,0,4724348
ybiY_ybiW_predicted,0.5,1,1,TTTCAAGAAGTGTGAAAAAA,0,4719132
ybiY_ybiW_predicted,0.5,1,1,TTTCAAAAATATGTCAGATG,0,4696171
ybiY_ybiW_predicted,0.5,1,1,TTTATTCTCCTGTGGGGCAA,0,4699435
ybiY_ybiW_predicted,0.5,1,1,TTTATCGTTTGCCCGCTCAC,0,4729400
ybiY_ybiW_predicted,0.5,1,1,TTTATCAGTTTTTCGTGCCA,0,4726618
ybiY_ybiW_predicted,0.5,1,1,TTTAGTGTGCTGCTTGTGTC,0,4710096
ybiY_ybiW_predicted,0.5,1,1,TTTAGTCATCAAGGTCCCTC,0,4694521
ybiY_ybiW_predicted,0.5,1,1,TTTAGGGACGGGGTATTACC,0,4720179
ybiY_ybiW_predicted,0.5,1,1,TTTAGCTAGTGGCCCGATGT,0,4692840
ybiY_ybiW_predicted,0.5,1,1,TTTAGACACATTTCGAGTAA,0,4714420
ybiY_ybiW_predicted,0.5,1,1,TTTAAGCGGATCTCCTCGTC,0,4700401
ybiY_ybiW_predicted,0.5,1,1,TTTAAACGAATCAACGTCAA,0,4721071
ybiY_ybiW_predicted,0.5,1,1,TTTAAAACCTATTAACAGAC,0,4729717
ybiY_ybiW_predicted,0.5,1,1,TTGTTGTAGCACAACCTGAG,0,4706829
ybiY_ybiW_predicted,0.5,1,1,TTGTTCGAGCGGGCCAGTTG,0,4727657
ybiY_ybiW_predicted,0.5,1,1,TTGTGACCCTCAGTTAAAGC,0,4728692
ybiY_ybiW_predicted,0.5,1,1,TTGTCCTAGAGAAGTGGAGA,0,4719342
ybiY_ybiW_predicted,0.5,1,1,TTGTCCGATGTGAGGACCCG,0,4728744
ybiY_ybiW_predicted,0.5,1,1,TTGTCCAGACCGAACTACGG,0,4724593
ybiY_ybiW_predicted,0.5,1,1,TTGTACTCATACTATGCGTC,0,4731667
ybiY_ybiW_predicted,0.5,1,1,TTGGTCCAGAACAATGTTAA,0,4693894
ybiY_ybiW_predicted,0.5,1,1,TTGGGTGAATTGTGTAGGCC,0,4724672
ybiY_ybiW_predicted,0.5,1,1,TTGGGGTCTGTCGAACGCTT,0,4708855
ybiY_ybiW_predicted,0.5,1,1,TTGGGCATTTGTTCGGTCAC,0,4718554
ybiY_ybiW_predicted,0.5,1,1,TTGGCTCTGATGTTCGAGGG,0,4702487
ybiY_ybiW_predicted,0.5,1,1,TTGGCGACCCCTGTAGGCTC,0,4716180
ybiY_ybiW_predicted,0.5,1,1,TTGGCACTGACCTTAGACTG,0,4695410
ybiY_ybiW_predicted,0.5,1,1,TTGGACATGTCCACTTGTTC,0,4694990
ybiY_ybiW_predicted,0.5,1,1,TTGCGGCCTTACTTTTTGGG,0,4723064
ybiY_ybiW_predicted,0.5,1,1,TTGCGAATTCCGTGAAGGAG,0,4697418
ybiY_ybiW_predicted,0.5,1,1,TTGCATGGCAGCGGAGACCC,0,4709623
ybiY_ybiW_predicted,0.5,1,1,TTGCATATACCTCCATCGTA,0,4701971
ybiY_ybiW_predicted,0.5,1,1,TTGCAGCTCCTTACAGCACT,0,4717109
ybiY_ybiW_predicted,0.5,1,1,TTGCACTGCACAGAATCAGT,0,4728712
ybiY_ybiW_predicted,0.5,1,1,TTGAGTCCAGCGAGTTGCAA,0,4709992
ybiY_ybiW_predicted,0.5,1,1,TTGAGGCTTCTGCAGTTAAC,0,4702250
ybiY_ybiW_predicted,0.5,1,1,TTGAGGCGGGCAGCGCCCTT,0,4702758
ybiY_ybiW_predicted,0.5,1,1,TTGACCCTCGTGTGCGTTAG,0,4724456
ybiY_ybiW_predicted,0.5,1,1,TTGACACGACACGGAAGGCC,0,4712827
ybiY_ybiW_predicted,0.5,1,1,TTGAAGTAACGGCCTGAGAC,0,4728964
ybiY_ybiW_predicted,0.5,1,1,TTCTTCCGTTTTGGGGGATG,0,4727168
ybiY_ybiW_predicted,0.5,1,1,TTCTGTTGGCCAATGAACAT,0,4721459
ybiY_ybiW_predicted,0.5,1,1,TTCTGGACGAGAGTCAAGAT,0,4722844
ybiY_ybiW_predicted,0.5,1,1,TTCTGAAGCCCAGGACGTAG,0,4730382
ybiY_ybiW_predicted,0.5,1,1,TTCTCCTTACTTCGTGAGCA,0,4705835
ybiY_ybiW_predicted,0.5,1,1,TTCTAGTACCGGAAGACTCC,0,4722782
ybiY_ybiW_predicted,0.5,1,1,TTCTACTGGATATGCCTTTG,0,4690221
ybiY_ybiW_predicted,0.5,1,1,TTCGGGATTTCCGTGGCCCC,0,4714486
ybiY_ybiW_predicted,0.5,1,1,TTCGGCTAAAACACACTTGC,0,4690378
ybiY_ybiW_predicted,0.5,1,1,TTCGCTGGTTGCTCCAAAAT,0,4709209
ybiY_ybiW_predicted,0.5,1,1,TTCGCTCGTAGAACGTATAG,0,4703255
ybiY_ybiW_predicted,0.5,1,1,TTCGCCTACCTCTGTGTTCC,0,4706801
ybiY_ybiW_predicted,0.5,1,1,TTCGATGGTTCATTGCGCGG,0,4696971
ybiY_ybiW_predicted,0.5,1,1,TTCCTAATTTCCTTACGGGT,0,4723530
ybiY_ybiW_predicted,0.5,1,1,TTCCGGACGGAGTCCTAGAA,0,4707572
ybiY_ybiW_predicted,0.5,1,1,TTCCGCGGGATGCTATCAGG,0,4688839
ybiY_ybiW_predicted,0.5,1,1,TTCCCTGACGTCTGTATCAA,0,4696674
ybiY_ybiW_predicted,0.5,1,1,TTCCCGTAGGTTGTTGCCTC,0,4720626
ybiY_ybiW_predicted,0.5,1,1,TTCCCACTGCGTCGAGTGTT,0,4701523
ybiY_ybiW_predicted,0.5,1,1,TTCCAGGATACTAGCAGTTT,0,4697169
ybiY_ybiW_predicted,0.5,1,1,TTCCAACTTACGTCCACCAT,0,4709783
ybiY_ybiW_predicted,0.5,1,1,TTCAGGGGAAGACTCCAGCC,0,4690161
ybiY_ybiW_predicted,0.5,1,1,TTCAGGCATCCCAGACCCAC,0,4729421
ybiY_ybiW_predicted,0.5,1,1,TTCAGACATACACCAAGCAT,0,4709447
ybiY_ybiW_predicted,0.5,1,1,TTCAGACAGTGGTCTGTCTA,0,4703746
ybiY_ybiW_predicted,0.5,1,1,TTCACCGTGTGAATGTCCCT,0,4689989
ybiY_ybiW_predicted,0.5,1,1,TTCAAGCGCTTAGAAGATGT,0,4722658
ybiY_ybiW_predicted,0.5,1,1,TTCAAAAATGTCCTTATTTG,0,4714822
ybiY_ybiW_predicted,0.5,1,1,TTATTGATGAGTGCGGAATA,0,4715346
ybiY_ybiW_predicted,0.5,1,1,TTATTCGGCATCGCAGAAAG,0,4719797
ybiY_ybiW_predicted,0.5,1,1,TTATTATTTTATCGCATGGA,0,4709089
ybiY_ybiW_predicted,0.5,1,1,TTATCATATGTTTCTCCGGG,0,4690508
ybiY_ybiW_predicted,0.5,1,1,TTATATGTCTCAGAAAATAC,0,4705635
ybiY_ybiW_predicted,0.5,1,1,TTATATCACAATGCTCTGCA,0,4695351
ybiY_ybiW_predicted,0.5,1,1,TTATAGAATCACATTCGTCA,0,4691390
ybiY_ybiW_predicted,0.5,1,1,TTAGTATGCCAGCAGTATCG,0,4698792
ybiY_ybiW_predicted,0.5,1,1,TTAGTATCAATCACAACAAA,0,4721623
ybiY_ybiW_predicted,0.5,1,1,TTAGTACGCATTGTACGTGC,0,4712381
ybiY_ybiW_predicted,0.5,1,1,TTAGGCTCCTTAATGGGGTA,0,4710179
ybiY_ybiW_predicted,0.5,1,1,TTAGGACCGGACCGGAGACT,0,4728963
ybiY_ybiW_predicted,0.5,1,1,TTAGGAACCCCCTTTTAGGC,0,4700903
ybiY_ybiW_predicted,0.5,1,1,TTAGCCGGCCTGGTACTGTT,0,4698328
ybiY_ybiW_predicted,0.5,1,1,TTAGCAGGACGGTACGAGTA,0,4721365
ybiY_ybiW_predicted,0.5,1,1,TTAGAGACGACGTAGCTATT,0,4715374
ybiY_ybiW_predicted,0.5,1,1,TTACTGGAAGGGAAGGTGGG,0,4726810
ybiY_ybiW_predicted,0.5,1,1,TTACTCCAAGAGACCGCTCA,0,4704782
ybiY_ybiW_predicted,0.5,1,1,TTACTATATAGTCTTAGACA,0,4708613
ybiY_ybiW_predicted,0.5,1,1,TTACGGGATCTAATGGTAAC,0,4728648
ybiY_ybiW_predicted,0.5,1,1,TTACGCTGATCGGACTCGGC,0,4714054
ybiY_ybiW_predicted,0.5,1,1,TTACGCCGCGACACAATAAA,0,4732524
ybiY_ybiW_predicted,0.5,1,1,TTAATGGTAGTCCATGGTTT,0,4696370
ybiY_ybiW_predicted,0.5,1,1,TTAATACGTGAATACGGGGC,0,4697597
ybiY_ybiW_predicted,0.5,1,1,TTAAGTAACCGGTAGGGGAC,0,4712706
ybiY_ybiW_predicted,0.5,1,1,TTAACGCGGGCTGTTATGTC,0,4728081
ybiY_ybiW_predicted,0.5,1,1,TTAACGATGTGTAAGTCATT,0,4724958
ybiY_ybiW_predicted,0.5,1,1,TTAAAGCCGAGGCCGCGCCA,0,4700448
ybiY_ybiW_predicted,0.5,1,1,TGTTTTTCCACCTGCCTAAA,0,4722798
ybiY_ybiW_predicted,0.5,1,1,TGTTTTGTACGTGTCTTCAT,0,4725521
ybiY_ybiW_predicted,0.5,1,1,TGTTTCCCGTGGTGTTTACT,0,4708933
ybiY_ybiW_predicted,0.5,1,1,TGTTCTAGTTTTGGTAGCAT,0,4711634
ybiY_ybiW_predicted,0.5,1,1,TGTTCCGTCCGACCTAGAAG,0,4716140
ybiY_ybiW_predicted,0.5,1,1,TGTTAATTTAAGTTTTAGAC,0,4722799
ybiY_ybiW_predicted,0.5,1,1,TGTCTGGCACCGAGCTTCGC,0,4695385
ybiY_ybiW_predicted,0.5,1,1,TGTCTAAATGTTTAGTCCAT,0,4696092
ybiY_ybiW_predicted,0.5,1,1,TGTCGTTATAAGGCCAATAC,0,4709148
ybiY_ybiW_predicted,0.5,1,1,TGTCAGTGTTTGAAGTCTCC,0,4721020
ybiY_ybiW_predicted,0.5,1,1,TGTCAAATTGTATGAGGAAC,0,4722937
ybiY_ybiW_predicted,0.5,1,1,TGTATTCGCCCGCGGGAGGG,0,4696739
ybiY_ybiW_predicted,0.5,1,1,TGTATTACAATAATGCCGTA,0,4689147
ybiY_ybiW_predicted,0.5,1,1,TGTATCACTAACGACAGACC,0,4707938
ybiY_ybiW_predicted,0.5,1,1,TGTATAGTGGGCGGCCAGCA,0,4702162
ybiY_ybiW_predicted,0.5,1,1,TGTAGGCTGACATATACTCG,0,4727380
ybiY_ybiW_predicted,0.5,1,1,TGTACCGCGATTGCTCCTCT,0,4731332
ybiY_ybiW_predicted,0.5,1,1,TGTACCATATCGTAACGTGT,0,4726305
ybiY_ybiW_predicted,0.5,1,1,TGTAAGAGACTACCCATGCA,0,4701952
ybiY_ybiW_predicted,0.5,1,1,TGGTTTTTCTGGAATATCCA,0,4699412
ybiY_ybiW_predicted,0.5,1,1,TGGTTTATCGCCTTTCACAA,0,4713315
ybiY_ybiW_predicted,0.5,1,1,TGGTTAACAGAAAGGTTTGG,0,4713722
ybiY_ybiW_predicted,0.5,1,1,TGGTGCAATATTGCACTCCC,0,4694397
ybiY_ybiW_predicted,0.5,1,1,TGGGTGATTCCGACGTTCAC,0,4730940
ybiY_ybiW_predicted,0.5,1,1,TGGGTCCACGAAGCGTCCGC,0,4717367
ybiY_ybiW_predicted,0.5,1,1,TGGGTACAATTTGGAGTTTA,0,4715521
ybiY_ybiW_predicted,0.5,1,1,TGGGGTACCTATTTCTTTAC,0,4728546
ybiY_ybiW_predicted,0.5,1,1,TGGGCTTCGTGATAGAACTG,0,4699077
ybiY_ybiW_predicted,0.5,1,1,TGGGCTCGGGAATTGATCAA,0,4700689
ybiY_ybiW_predicted,0.5,1,1,TGGGCGCAAAGCGTCACATG,0,4698266
ybiY_ybiW_predicted,0.5,1,1,TGGCGAGCGGAAGTGGCTTT,0,4727685
ybiY_ybiW_predicted,0.5,1,1,TGGCCTCTGAACCGTTCCCC,0,4726901
ybiY_ybiW_predicted,0.5,1,1,TGGCCTAGTCAGGTGTGGTA,0,4691654
ybiY_ybiW_predicted,0.5,1,1,TGGCCCCCCGACGAGAAGGC,0,4700179
ybiY_ybiW_predicted,0.5,1,1,TGGATTCCGCTGCGCGCGTT,0,4720069
ybiY_ybiW_predicted,0.5,1,1,TGGACCGCTCTCTGAACAGA,0,4717524
ybiY_ybiW_predicted,0.5,1,1,TGGACATATCCGTGCATCGA,0,4713869
ybiY_ybiW_predicted,0.5,1,1,TGGAATGATTTCCCTCATCA,0,4716065
ybiY_ybiW_predicted,0.5,1,1,TGCTTTGTCCAGCCGTTCTC,0,4714176
ybiY_ybiW_predicted,0.5,1,1,TGCTTGGGGTGAAGTTCGAC,0,4693824
ybiY_ybiW_predicted,0.5,1,1,TGCTTGCTGGTACAATCCAG,0,4704559
ybiY_ybiW_predicted,0.5,1,1,TGCTTCATATGGTAACGCTC,0,4694308
ybiY_ybiW_predicted,0.5,1,1,TGCTCTTCTCTTCAGTTGGA,0,4691621
ybiY_ybiW_predicted,0.5,1,1,TGCTCGGCTTGCCGGGACTG,0,4704118
ybiY_ybiW_predicted,0.5,1,1,TGCTCGAAATGCCGATGTAA,0,4706514
ybiY_ybiW_predicted,0.5,1,1,TGCTCCCCTAGTGTGCATAA,0,4705207
ybiY_ybiW_predicted,0.5,1,1,TGCTAATGTGCTCGTTTGCG,0,4697384
ybiY_ybiW_predicted,0.5,1,1,TGCTAACCCCTCGTTCGGAT,0,4707078
ybiY_ybiW_predicted,0.5,1,1,TGCTAACACTCCTTAAGATA,0,4707544
ybiY_ybiW_predicted,0.5,1,1,TGCGCTTACAAGGCCTGCGC,0,4709339
ybiY_ybiW_predicted,0.5,1,1,TGCGATACGACACAGAGACA,0,4698402
ybiY_ybiW_predicted,0.5,1,1,TGCGAGGCGGGCGGGAGCAG,0,4694616
ybiY_ybiW_predicted,0.5,1,1,TGCGAAAGGTGACTTATCCA,0,4710216
ybiY_ybiW_predicted,0.5,1,1,TGCGAAACGGCCCTGAGTGT,0,4728622
ybiY_ybiW_predicted,0.5,1,1,TGCCTCAAGGCCTCGATAGA,0,4693594
ybiY_ybiW_predicted,0.5,1,1,TGCCGTGGGTATTCTCGTCG,0,4723888
ybiY_ybiW_predicted,0.5,1,1,TGCCGGGGCCTCCCTGCTAT,0,4710042
ybiY_ybiW_predicted,0.5,1,1,TGCATGTGACATCTTAGCCC,0,4695137
ybiY_ybiW_predicted,0.5,1,1,TGCATGAGGTGAGGGTATAC,0,4698543
ybiY_ybiW_predicted,0.5,1,1,TGCAGCGTTTAAAACGGGTA,0,4728606
ybiY_ybiW_predicted,0.5,1,1,TGCAGACTTGTGTCCGGCGG,0,4723664
ybiY_ybiW_predicted,0.5,1,1,TGCACGCTACCAATAACCCA,0,4703698
ybiY_ybiW_predicted,0.5,1,1,TGCACACGCTTTCTATGGCT,0,4716751
ybiY_ybiW_predicted,0.5,1,1,TGATTCAACCAGGCGACTAA,0,4712960
ybiY_ybiW_predicted,0.5,1,1,TGATGCTTATAGCAAGTGCC,0,4696562
ybiY_ybiW_predicted,0.5,1,1,TGATCGTGGGTCATGAATGA,0,4700327
ybiY_ybiW_predicted,0.5,1,1,TGAGTGTCGCTATTTAGACA,0,4714603
ybiY_ybiW_predicted,0.5,1,1,TGAGTGAGCGTGTTACTCAA,0,4704968
ybiY_ybiW_predicted,0.5,1,1,TGAGTAGGGGCTAGTCGTTG,0,4689186
ybiY_ybiW_predicted,0.5,1,1,TGAGGTCGCAATCATAGATC,0,4714637
ybiY_ybiW_predicted,0.5,1,1,TGAGGGGTATTATACCATGT,0,4717445
ybiY_ybiW_predicted,0.5,1,1,TGAGGGGGCAGGGTCTATCG,0,4722908
ybiY_ybiW_predicted,0.5,1,1,TGAGGGATGCGTCCTACTGC,0,4693312
ybiY_ybiW_predicted,0.5,1,1,TGAGCTTATAGGACATTGTC,0,4718941
ybiY_ybiW_predicted,0.5,1,1,TGAGCGTACGCCTGTAGCCC,0,4699418
ybiY_ybiW_predicted,0.5,1,1,TGAGACTTTCAGGGGGTCCC,0,4692805
ybiY_ybiW_predicted,0.5,1,1,TGAGACCGTTCCGATCGGGT,0,4699851
ybiY_ybiW_predicted,0.5,1,1,TGACATGCAGCGTGCTCATA,0,4695422
ybiY_ybiW_predicted,0.5,1,1,TGACAGGGATAGGGAGAATT,0,4729541
ybiY_ybiW_predicted,0.5,1,1,TGACAGGGACGAGATTCCGG,0,4722886
ybiY_ybiW_predicted,0.5,1,1,TGACAGGCGTCGTTGGTATC,0,4703109
ybiY_ybiW_predicted,0.5,1,1,TGAATACGTGGCCATAGCCC,0,4720535
ybiY_ybiW_predicted,0.5,1,1,TGAACGCGTCACAAATTCGA,0,4726966
ybiY_ybiW_predicted,0.5,1,1,TGAACCAGCGAAAGAGCTAA,0,4731219
ybiY_ybiW_predicted,0.5,1,1,TCTTTGCTGGACCATGCGAG,0,4716366
ybiY_ybiW_predicted,0.5,1,1,TCTTGTAGCTTAGTAGCGTA,0,4701026
ybiY_ybiW_predicted,0.5,1,1,TCTTGCCAGGCAAGACATTG,0,4695678
ybiY_ybiW_predicted,0.5,1,1,TCTTATTTGGAACCGACGTC,0,4722516
ybiY_ybiW_predicted,0.5,1,1,TCTTAAGTCATCGTGCCTTA,0,4717190
ybiY_ybiW_predicted,0.5,1,1,TCTGTGCTGTTAGACAGGAT,0,4729311
ybiY_ybiW_predicted,0.5,1,1,TCTGTATCGGATTCACAAAT,0,4705400
ybiY_ybiW_predicted,0.5,1,1,TCTGGTCCACCTCGTAGTCA,0,4729807
ybiY_ybiW_predicted,0.5,1,1,TCTCGGGCGCGCCGAGCCAC,0,4704327
ybiY_ybiW_predicted,0.5,1,1,TCTCGGATGCATATCATGTG,0,4711876
ybiY_ybiW_predicted,0.5,1,1,TCTCGACTACCATGTTTGGA,0,4711433
ybiY_ybiW_predicted,0.5,1,1,TCTCGACCCGAGGGGCCTCT,0,4707980
ybiY_ybiW_predicted,0.5,1,1,TCTCAGAGGCCAAATCGAAC,0,4716583
ybiY_ybiW_predicted,0.5,1,1,TCTCAGAGCGTAGGCCCGTA,0,4690222
ybiY_ybiW_predicted,0.5,1,1,TCTATGCCCAAGCCGTCCTT,0,4706522
ybiY_ybiW_predicted,0.5,1,1,TCTATCGATAACCCACGGAA,0,4688492
ybiY_ybiW_predicted,0.5,1,1,TCTAAGAGGTACGAGTGCGA,0,4723879
ybiY_ybiW_predicted,0.5,1,1,TCGTTCAACTCTTCATCCTC,0,4698204
ybiY_ybiW_predicted,0.5,1,1,TCGTGTAATAGCTGTTCATG,0,4709143
ybiY_ybiW_predicted,0.5,1,1,TCGTGACTGCGGTCCTTGAA,0,4722131
ybiY_ybiW_predicted,0.5,1,1,TCGTCATTGATGCGAAGAAG,0,4720798
ybiY_ybiW_predicted,0.5,1,1,TCGTAGCGCTTACAAACGAA,0,4715077
ybiY_ybiW_predicted,0.5,1,1,TCGGGCCTTCGATAAAGGTC,0,4695736
ybiY_ybiW_predicted,0.5,1,1,TCGGGAGGCCCAGGGTCGCT,0,4721309
ybiY_ybiW_predicted,0.5,1,1,TCGGATCAGTAATTCCCCGG,0,4724924
ybiY_ybiW_predicted,0.5,1,1,TCGGACGTCCAAATCTAGGC,0,4691859
ybiY_ybiW_predicted,0.5,1,1,TCGGACGATTCAGGCTCGAA,0,4694527
ybiY_ybiW_predicted,0.5,1,1,TCGGAACTCAGGTCGTCTGT,0,4725654
ybiY_ybiW_predicted,0.5,1,1,TCGCGTTCGTCCGATAGTGC,0,4725991
ybiY_ybiW_predicted,0.5,1,1,TCGCCCCGGCGAAAAACAAA,0,4703704
ybiY_ybiW_predicted,0.5,1,1,TCGCATCTTTGTCGATTAAA,0,4694270
ybiY_ybiW_predicted,0.5,1,1,TCGCATCTTTGAGTACGCAG,0,4698926
ybiY_ybiW_predicted,0.5,1,1,TCGATTTGATTTTACGGTCC,0,4689309
ybiY_ybiW_predicted,0.5,1,1,TCGAAGATCTGTGAGCGGAC,0,4708112
ybiY_ybiW_predicted,0.5,1,1,TCGAAACGAGGCCGTATGTT,0,4721986
ybiY_ybiW_predicted,0.5,1,1,TCGAAACGACTCTCACGAAA,0,4721412
ybiY_ybiW_predicted,0.5,1,1,TCGAAACCCTCGAGGCAAGT,0,4710867
ybiY_ybiW_predicted,0.5,1,1,TCCTTTGGCCTGTAGGTTCT,0,4711833
ybiY_ybiW_predicted,0.5,1,1,TCCTTTGCACTCGCTTTTTG,0,4702900
ybiY_ybiW_predicted,0.5,1,1,TCCTTCAGGGGCGCACCATA,0,4719138
ybiY_ybiW_predicted,0.5,1,1,TCCTTAAAGTTGGAGCTCGC,0,4721697
ybiY_ybiW_predicted,0.5,1,1,TCCTGTCTTCAGTCGAAGTA,0,4696009
ybiY_ybiW_predicted,0.5,1,1,TCCTGGGAGCGGGTTGTGGT,0,4718316
ybiY_ybiW_predicted,0.5,1,1,TCCTGAGCGCAGGCGCTACA,0,4727336
ybiY_ybiW_predicted,0.5,1,1,TCCTCCGGGTAACGAGATCC,0,4713278
ybiY_ybiW_predicted,0.5,1,1,TCCGTTCCTGGAAAAATGAA,0,4706704
ybiY_ybiW_predicted,0.5,1,1,TCCGTCATGATGCACCCACT,0,4708028
ybiY_ybiW_predicted,0.5,1,1,TCCGTAAATTTTCACAGCCA,0,4718506
ybiY_ybiW_predicted,0.5,1,1,TCCGGGAGTGGGACAATGTA,0,4714079
ybiY_ybiW_predicted,0.5,1,1,TCCGGCATTTACATAGGTCA,0,4711344
ybiY_ybiW_predicted,0.5,1,1,TCCGGCAGGCGGGGCTAGGG,0,4708052
ybiY_ybiW_predicted,0.5,1,1,TCCGACCTATTGAAGACACC,0,4704152
ybiY_ybiW_predicted,0.5,1,1,TCCCTTCAAATTTAGGGATC,0,4710923
ybiY_ybiW_predicted,0.5,1,1,TCCCTGTTGCATGGCGCCCC,0,4704265
ybiY_ybiW_predicted,0.5,1,1,TCCCGTGATCGTCTGTGCAT,0,4730679
ybiY_ybiW_predicted,0.5,1,1,TCCCGTACTTCACTATGCCT,0,4717701
ybiY_ybiW_predicted,0.5,1,1,TCCAGTGCGTCCTACATAGA,0,4700407
ybiY_ybiW_predicted,0.5,1,1,TCCAGCCAAGTATCGTGTAT,0,4727264
ybiY_ybiW_predicted,0.5,1,1,TCCACAGTTAATATTTAGCC,0,4700252
ybiY_ybiW_predicted,0.5,1,1,TCCACAATTTCGTTTAACTC,0,4727315
ybiY_ybiW_predicted,0.5,1,1,TCATTGAAAGGCGGGAAGCA,0,4712182
ybiY_ybiW_predicted,0.5,1,1,TCATGTGCACAAGAAAGTGT,0,4706584
ybiY_ybiW_predicted,0.5,1,1,TCATGCCCACATTGTACCTC,0,4695142
ybiY_ybiW_predicted,0.5,1,1,TCATGAACGGCAAATTCCCC,0,4717935
ybiY_ybiW_predicted,0.5,1,1,TCATCTGTATCCGTACGGGG,0,4726222
ybiY_ybiW_predicted,0.5,1,1,TCATCATTTTATAGGTGACA,0,4705028
ybiY_ybiW_predicted,0.5,1,1,TCATCACATCTGGGCGGCTG,0,4689731
ybiY_ybiW_predicted,0.5,1,1,TCATATGATCCCAGCTTACG,0,4712364
ybiY_ybiW_predicted,0.5,1,1,TCATACGCCGTGCAGATGAT,0,4688851
ybiY_ybiW_predicted,0.5,1,1,TCAGTTGAAGTAACGGTCCA,0,4724046
ybiY_ybiW_predicted,0.5,1,1,TCAGTCCAATGCTCAATGGG,0,4722977
ybiY_ybiW_predicted,0.5,1,1,TCAGGGGCTCACGCACGGGT,0,4727497
ybiY_ybiW_predicted,0.5,1,1,TCAGGCAAACACTGACCAAG,0,4724153
ybiY_ybiW_predicted,0.5,1,1,TCAGGACCCGTGTACGTATA,0,4705063
ybiY_ybiW_predicted,0.5,1,1,TCAGCAATGTATAAGAACGC,0,4694469
ybiY_ybiW_predicted,0.5,1,1,TCAGACGACCGTGCCCCCTT,0,4710804
ybiY_ybiW_predicted,0.5,1,1,TCACTTTTTCATGTCATCTT,0,4712979
ybiY_ybiW_predicted,0.5,1,1,TCACTTGATTTATGAAAGAA,0,4731683
ybiY_ybiW_predicted,0.5,1,1,TCACGGACGCTGGTTCCTAC,0,4691276
ybiY_ybiW_predicted,0.5,1,1,TCACGATGTTGAAGCTTGTA,0,4730467
ybiY_ybiW_predicted,0.5,1,1,TCACGATGGGTGATATGAAA,0,4722448
ybiY_ybiW_predicted,0.5,1,1,TCACCTCTATGCGTGACCGT,0,4724704
ybiY_ybiW_predicted,0.5,1,1,TCAATTAGCCCTGTTGTCTC,0,4698648
ybiY_ybiW_predicted,0.5,1,1,TCAATTACGATGTGTAAATG,0,4692023
ybiY_ybiW_predicted,0.5,1,1,TCAATCCCATTCGGACCGAT,0,4701941
ybiY_ybiW_predicted,0.5,1,1,TCAAGTGTGGCGGTGTTAGG,0,4711353
ybiY_ybiW_predicted,0.5,1,1,TCAAGTACGGATGGCTGTTA,0,4693630
ybiY_ybiW_predicted,0.5,1,1,TCAAGGCTGAGGACTAGAAA,0,4711850
ybiY_ybiW_predicted,0.5,1,1,TCAAGCTAGTGCGTCTAACC,0,4725243
ybiY_ybiW_predicted,0.5,1,1,TCAAGCCCGGAACCATGAAT,0,4729865
ybiY_ybiW_predicted,0.5,1,1,TCAAGAGACAACAGGCCCCT,0,4717036
ybiY_ybiW_predicted,0.5,1,1,TCAAGACGTGGGCCACACTT,0,4711261
ybiY_ybiW_predicted,0.5,1,1,TCAACAATGTTACATAATTG,0,4731502
ybiY_ybiW_predicted,0.5,1,1,TCAAAGCTCACCCGTGTCGC,0,4717377
ybiY_ybiW_predicted,0.5,1,1,TCAAAGACATTGTTTCCCGT,0,4707830
ybiY_ybiW_predicted,0.5,1,1,TCAAACTGGCTGCTTATAAT,0,4694899
ybiY_ybiW_predicted,0.5,1,1,TATTTTTGCCTGTTACTATT,0,4692498
ybiY_ybiW_predicted,0.5,1,1,TATTTAAGTGCGATTTCGGT,0,4731035
ybiY_ybiW_predicted,0.5,1,1,TATTGGTGTCTAGGCCGAAT,0,4709815
ybiY_ybiW_predicted,0.5,1,1,TATTGCGATCGATTACCGCG,0,4719633
ybiY_ybiW_predicted,0.5,1,1,TATTCTGGGCATAAAAGCAA,0,4693098
ybiY_ybiW_predicted,0.5,1,1,TATTATAGAGAAGAGGTCCT,0,4693793
ybiY_ybiW_predicted,0.5,1,1,TATTAGGCTTATGCAACCCT,0,4728155
ybiY_ybiW_predicted,0.5,1,1,TATGTTGTCAAACATCGGGT,0,4714570
ybiY_ybiW_predicted,0.5,1,1,TATGGTGTCTCGGTCATTTG,0,4692213
ybiY_ybiW_predicted,0.5,1,1,TATGGGAGTTCCAATAGAGT,0,4690578
ybiY_ybiW_predicted,0.5,1,1,TATGGCGAAAGCCACCGAGT,0,4706588
ybiY_ybiW_predicted,0.5,1,1,TATGCTCGTTGGAGAGCCAC,0,4729103
ybiY_ybiW_predicted,0.5,1,1,TATCGTGAGCTATTTGCAAT,0,4704973
ybiY_ybiW_predicted,0.5,1,1,TATCGGATAAGGTATTTCTT,0,4718220
ybiY_ybiW_predicted,0.5,1,1,TATCGGAAACGGAACGACCG,0,4723189
ybiY_ybiW_predicted,0.5,1,1,TATCGACCGGCATAGCGGTG,0,4718904
ybiY_ybiW_predicted,0.5,1,1,TATCCGGGACATGGCGTTAG,0,4693228
ybiY_ybiW_predicted,0.5,1,1,TATCATTACGACAATCCAGT,0,4731017
ybiY_ybiW_predicted,0.5,1,1,TATCAGAGTTAGAATCGTTG,0,4709207
ybiY_ybiW_predicted,0.5,1,1,TATAGTTTGGATTGCAGCGT,0,4732554
ybiY_ybiW_predicted,0.5,1,1,TATAAGAAGGAAAGGGTACG,0,4719608
ybiY_ybiW_predicted,0.5,1,1,TAGGTTATGGGCTCATAGGC,0,4690746
ybiY_ybiW_predicted,0.5,1,1,TAGGATGTCGTAGAAATATC,0,4696886
ybiY_ybiW_predicted,0.5,1,1,TAGGACGTGTGTCGACATCA,0,4695076
ybiY_ybiW_predicted,0.5,1,1,TAGCTCCACAATACAGAATC,0,4690135
ybiY_ybiW_predicted,0.5,1,1,TAGCCGGTGTCAGAGACTGA,0,4725094
ybiY_ybiW_predicted,0.5,1,1,TAGATCTAACGTGTGCCGAT,0,4720047
ybiY_ybiW_predicted,0.5,1,1,TAGAAGTTCTTAACGGCGAA,0,4702865
ybiY_ybiW_predicted,0.5,1,1,TACTGTAATTCCGCTCCCCG,0,4716149
ybiY_ybiW_predicted,0.5,1,1,TACTGGATGGCACGGGAATA,0,4707088
ybiY_ybiW_predicted,0.5,1,1,TACTGACCTAAGGGGATAAG,0,4717203
ybiY_ybiW_predicted,0.5,1,1,TACTCGCGTTATTCGGTCTT,0,4696951
ybiY_ybiW_predicted,0.5,1,1,TACGTAGACCGGTTCTATCC,0,4699533
ybiY_ybiW_predicted,0.5,1,1,TACGGTACCGTCACTAGAAA,0,4711298
ybiY_ybiW_predicted,0.5,1,1,TACGCAGTCGAACTGCACCA,0,4711267
ybiY_ybiW_predicted,0.5,1,1,TACCTGGCGTAAATACGGGG,0,4712790
ybiY_ybiW_predicted,0.5,1,1,TACCACGAGAACGTCTGAGA,0,4699724
ybiY_ybiW_predicted,0.5,1,1,TACCACCCGGCGACTCCTCT,0,4721249
ybiY_ybiW_predicted,0.5,1,1,TACCAAGGCTCCGCACCCCG,0,4701261
ybiY_ybiW_predicted,0.5,1,1,TACAGTTATCCAAGAAATCA,0,4697159
ybiY_ybiW_predicted,0.5,1,1,TACAGGGTTTACTATGAACG,0,4716934
ybiY_ybiW_predicted,0.5,1,1,TACAGGGGTGGGACAGGTTT,0,4723474
ybiY_ybiW_predicted,0.5,1,1,TACACTGCAAGCGAAATCCG,0,4690511
ybiY_ybiW_predicted,0.5,1,1,TACACGGTGGTTTGTGCTGG,0,4726908
ybiY_ybiW_predicted,0.5,1,1,TACACCTTTTGCCTGGCCAC,0,4688792
ybiY_ybiW_predicted,0.5,1,1,TACAAGCTTGGTAGCATGGT,0,4701480
ybiY_ybiW_predicted,0.5,1,1,TACAACGTCCTTGCTTTGTA,0,4724083
ybiY_ybiW_predicted,0.5,1,1,TAATTGACACGGAACCGCCT,0,4692051
ybiY_ybiW_predicted,0.5,1,1,TAATCAGATTGTTCCCGCCC,0,4707534
ybiY_ybiW_predicted,0.5,1,1,TAATAGTGAGGACGTAGGCA,0,4724084
ybiY_ybiW_predicted,0.5,1,1,TAATAATCAAATGAGTGGGT,0,4709442
ybiY_ybiW_predicted,0.5,1,1,TAATAAGAACAGAAGATACA,0,4716503
ybiY_ybiW_predicted,0.5,1,1,TAAGTTCAACACGCCCCTTG,0,4701751
ybiY_ybiW_predicted,0.5,1,1,TAAGTCGAGAGTAAGTTTTT,0,4712146
ybiY_ybiW_predicted,0.5,1,1,TAAGCGGACACTTTAGTGAC,0,4698928
ybiY_ybiW_predicted,0.5,1,1,TAAGCCTCAAGGCTGCGGGA,0,4721454
ybiY_ybiW_predicted,0.5,1,1,TAACTCCGGTGGGCCTTCCC,0,4714423
ybiY_ybiW_predicted,0.5,1,1,TAACTACTATACCTAGTGGG,0,4722828
ybiY_ybiW_predicted,0.5,1,1,TAACCTATAGCGAGTAATGG,0,4731267
ybiY_ybiW_predicted,0.5,1,1,TAACACAGCGCAATCCTCGC,0,4723289
ybiY_ybiW_predicted,0.5,1,1,TAACACACCCAAGGCACTGG,0,4721564
ybiY_ybiW_predicted,0.5,1,1,TAACAAGGCCTCTTCGTCTT,0,4697634
ybiY_ybiW_predicted,0.5,1,1,TAACAAGCTTGTACGACAGG,0,4709699
ybiY_ybiW_predicted,0.5,1,1,TAAATGCTCGTAGCCCTCAA,0,4728239
ybiY_ybiW_predicted,0.5,1,1,TAAATCTTAGGGCAGCTGCT,0,4702591
ybiY_ybiW_predicted,0.5,1,1,TAAATCTAGTAGACCCAATG,0,4725848
ybiY_ybiW_predicted,0.5,1,1,TAAAGGAGCGATCCTAACGT,0,4689458
ybiY_ybiW_predicted,0.5,1,1,TAAAGCTATTGACGACCCCG,0,4694999
ybiY_ybiW_predicted,0.5,1,1,TAAACATACTAGGCAGTTGT,0,4705217
ybiY_ybiW_predicted,0.5,1,1,TAAAATTCAAAGTCATAGGG,0,4723240
ybiY_ybiW_predicted,0.5,1,1,GTTTCGCGCCCACACAGAGA,0,4708614
ybiY_ybiW_predicted,0.5,1,1,GTTGTACATTGTTCCCCGCT,0,4729830
ybiY_ybiW_predicted,0.5,1,1,GTTGGGCTTCTTTTATGCGT,0,4705845
ybiY_ybiW_predicted,0.5,1,1,GTTGGCTCGTAGTCGGCGAC,0,4700776
ybiY_ybiW_predicted,0.5,1,1,GTTGATTACACATATCAGTT,0,4717265
ybiY_ybiW_predicted,0.5,1,1,GTTGAGGACTATCTGAGAGA,0,4701829
ybiY_ybiW_predicted,0.5,1,1,GTTCTATGAACACCCCACGC,0,4712325
ybiY_ybiW_predicted,0.5,1,1,GTTCGCGAGGCAGAGATGAG,0,4716038
ybiY_ybiW_predicted,0.5,1,1,GTTCATATCTAACGCCAGAC,0,4714292
ybiY_ybiW_predicted,0.5,1,1,GTTCAGCGCACCCACGAAAT,0,4698154
ybiY_ybiW_predicted,0.5,1,1,GTTATTTGGACGCTGCTTTA,0,4710104
ybiY_ybiW_predicted,0.5,1,1,GTTATGCGGTCTCGTCAGAT,0,4697799
ybiY_ybiW_predicted,0.5,1,1,GTTATGCATTTGTGGAAGTC,0,4699315
ybiY_ybiW_predicted,0.5,1,1,GTTATATGAACGTCAGTTAC,0,4716871
ybiY_ybiW_predicted,0.5,1,1,GTTACTTTGTAGATGCTACG,0,4694658
ybiY_ybiW_predicted,0.5,1,1,GTTACGAAGTGGATCTTGAA,0,4718181
ybiY_ybiW_predicted,0.5,1,1,GTGTGTTTAGACATTGTAAT,0,4722664
ybiY_ybiW_predicted,0.5,1,1,GTGTGTAAATAACCCTAAAC,0,4702471
ybiY_ybiW_predicted,0.5,1,1,GTGTCTAGATGCCATTTATC,0,4726720
ybiY_ybiW_predicted,0.5,1,1,GTGTAGCGCGGCCCACTCTG,0,4696078
ybiY_ybiW_predicted,0.5,1,1,GTGGTTTAGTATTCGGGTAC,0,4694683
ybiY_ybiW_predicted,0.5,1,1,GTGGTCGCGTGATGGCGAGG,0,4704915
ybiY_ybiW_predicted,0.5,1,1,GTGGTCAGTCAGAGGTTACG,0,4691526
ybiY_ybiW_predicted,0.5,1,1,GTGGCTCGTGGTGAGTCTTG,0,4714459
ybiY_ybiW_predicted,0.5,1,1,GTGGCCTACACCAATCGTCC,0,4719550
ybiY_ybiW_predicted,0.5,1,1,GTGGCCGGCGGACCATTTTT,0,4708968
ybiY_ybiW_predicted,0.5,1,1,GTGGCATGCAATTACGTAAA,0,4692673
ybiY_ybiW_predicted,0.5,1,1,GTGGACGCGTAGTGTATTGC,0,4713228
ybiY_ybiW_predicted,0.5,1,1,GTGCTTACGTTTCACTAGCA,0,4709214
ybiY_ybiW_predicted,0.5,1,1,GTGCGGGTACGAACTGTATT,0,4707155
ybiY_ybiW_predicted,0.5,1,1,GTGCCTTAGCACTTTGCCTA,0,4719809
ybiY_ybiW_predicted,0.5,1,1,GTGCCAATAAAGCTGGCGCT,0,4714801
ybiY_ybiW_predicted,0.5,1,1,GTGCACCGCAGCCCGACCCT,0,4701463
ybiY_ybiW_predicted,0.5,1,1,GTGCAATCAGTAGATGCTCT,0,4689336
ybiY_ybiW_predicted,0.5,1,1,GTGAGTGCTTACTGCGGATC,0,4700277
ybiY_ybiW_predicted,0.5,1,1,GTGAGGAATAGATGAACAAT,0,4701155
ybiY_ybiW_predicted,0.5,1,1,GTGACATACAGCGCGACTTC,0,4715226
ybiY_ybiW_predicted,0.5,1,1,GTGAATGAACCTGCGCCAGA,0,4707634
ybiY_ybiW_predicted,0.5,1,1,GTGAAAGTTTGCCGGACGAG,0,4720947
ybiY_ybiW_predicted,0.5,1,1,GTCTTGAAGGGGTTTACGAC,0,4724845
ybiY_ybiW_predicted,0.5,1,1,GTCTGGGATTGCGCCTGTGG,0,4715775
ybiY_ybiW_predicted,0.5,1,1,GTCTGATGGGGGCGTAGATT,0,4714050
ybiY_ybiW_predicted,0.5,1,1,GTCTGAAAGAGGTTCCGCCC,0,4714460
ybiY_ybiW_predicted,0.5,1,1,GTCTATGGGCAGGCGCACTA,0,4712137
ybiY_ybiW_predicted,0.5,1,1,GTCTATGCCCGTTAGGATCC,0,4696795
ybiY_ybiW_predicted,0.5,1,1,GTCTAAGTGACCATCATATG,0,4699321
ybiY_ybiW_predicted,0.5,1,1,GTCGGTTGACCTTTGATGGG,0,4708360
ybiY_ybiW_predicted,0.5,1,1,GTCGAGGTATCTTGGAGCGT,0,4701084
ybiY_ybiW_predicted,0.5,1,1,GTCCTCTCGTGACTACACGG,0,4731129
ybiY_ybiW_predicted,0.5,1,1,GTCCTATATAACCTGAGTAG,0,4709930
ybiY_ybiW_predicted,0.5,1,1,GTCCCGGGCATTCATACAAG,0,4706575
ybiY_ybiW_predicted,0.5,1,1,GTCCAGCAACATGCGTTAAC,0,4704182
ybiY_ybiW_predicted,0.5,1,1,GTCCACTCCAAGCATGTTCT,0,4702203
ybiY_ybiW_predicted,0.5,1,1,GTCCACGCATTCCTGCATAA,0,4716878
ybiY_ybiW_predicted,0.5,1,1,GTCATAAGTACAATGGTGAT,0,4705816
ybiY_ybiW_predicted,0.5,1,1,GTCAGGGCTCTACAGGCAGG,0,4702708
ybiY_ybiW_predicted,0.5,1,1,GTCAAGTAGATATACTAAGA,0,4718217
ybiY_ybiW_predicted,0.5,1,1,GTCAACTGCTTACACGGTTT,0,4724148
ybiY_ybiW_predicted,0.5,1,1,GTATTTGTGCCCGCTGTCCT,0,4703384
ybiY_ybiW_predicted,0.5,1,1,GTATTGGCCGCGTCATTACC,0,4697999
ybiY_ybiW_predicted,0.5,1,1,GTATTCTTGCTAAGAGGAAA,0,4721674
ybiY_ybiW_predicted,0.5,1,1,GTATTCACGAAATCTTCAGA,0,4723735
ybiY_ybiW_predicted,0.5,1,1,GTATGGGGAACAACAGAAAA,0,4706629
ybiY_ybiW_predicted,0.5,1,1,GTATGAGAGAGCTCGCGTGT,0,4707320
ybiY_ybiW_predicted,0.5,1,1,GTATGACTTCTCGATCGGAT,0,4698438
ybiY_ybiW_predicted,0.5,1,1,GTATCTTACATAAAAGGAGG,0,4710876
ybiY_ybiW_predicted,0.5,1,1,GTATCCCTTCACTTTGTCCG,0,4709269
ybiY_ybiW_predicted,0.5,1,1,GTAGTCCTTCAATTTCCGCA,0,4722488
ybiY_ybiW_predicted,0.5,1,1,GTAGGGGCCAAACTAGAGCA,0,4698740
ybiY_ybiW_predicted,0.5,1,1,GTAGCGTCGTAACACGCTCT,0,4723561
ybiY_ybiW_predicted,0.5,1,1,GTAGCGCCAACCGGTCTGAG,0,4721369
ybiY_ybiW_predicted,0.5,1,1,GTAGCACCGGCATCTCTCCC,0,4728879
ybiY_ybiW_predicted,0.5,1,1,GTAGCACAGATGCCAGTGGT,0,4698890
ybiY_ybiW_predicted,0.5,1,1,GTAGAGGCCCGCCGGCACAC,0,4706898
ybiY_ybiW_predicted,0.5,1,1,GTAGAGGCCAAGATAGAATT,0,4692466
ybiY_ybiW_predicted,0.5,1,1,GTACTTTAGTGAACACATGC,0,4715324
ybiY_ybiW_predicted,0.5,1,1,GTACTGAGATGCTACCAGAT,0,4700487
ybiY_ybiW_predicted,0.5,1,1,GTACGTTCAGTCTGTGATTG,0,4719811
ybiY_ybiW_predicted,0.5,1,1,GTACGGACTTAGGCTCGTTA,0,4717211
ybiY_ybiW_predicted,0.5,1,1,GTACCATAGATCAGGGTACA,0,4726670
ybiY_ybiW_predicted,0.5,1,1,GTACAACTATATACTTCGTC,0,4716082
ybiY_ybiW_predicted,0.5,1,1,GTAAGTTCAGTAGCGACCGT,0,4729978
ybiY_ybiW_predicted,0.5,1,1,GTAAGGTCAGAGAACGAGAT,0,4731169
ybiY_ybiW_predicted,0.5,1,1,GTAAGGCTTGAACGTCTCAC,0,4707047
ybiY_ybiW_predicted,0.5,1,1,GTAACGCGCGGAACGCTGAA,0,4716999
ybiY_ybiW_predicted,0.5,1,1,GTAACCCATTAGTCAGATGT,0,4689388
ybiY_ybiW_predicted,0.5,1,1,GTAAACCTGGAATTCCTAAG,0,4727233
ybiY_ybiW_predicted,0.5,1,1,GGTGGTGTACTCTTCCGGCC,0,4701363
ybiY_ybiW_predicted,0.5,1,1,GGTGCGTTCTGAGGCAGGCA,0,4718123
ybiY_ybiW_predicted,0.5,1,1,GGTGCGGTTAACCAGGGTTG,0,4729089
ybiY_ybiW_predicted,0.5,1,1,GGTGCAGTGCTCGCTTTGGT,0,4713984
ybiY_ybiW_predicted,0.5,1,1,GGTGAGTTCGGACAGAGGGG,0,4697911
ybiY_ybiW_predicted,0.5,1,1,GGTCGCTTCACTGACAACTT,0,4701804
ybiY_ybiW_predicted,0.5,1,1,GGTCGATGGGCGTAATTCGG,0,4710706
ybiY_ybiW_predicted,0.5,1,1,GGTCGATAGAATACGAACAC,0,4722813
ybiY_ybiW_predicted,0.5,1,1,GGTCCGTGGCCTGTAGATAG,0,4714579
ybiY_ybiW_predicted,0.5,1,1,GGTCCAACTGTAGCTCCAAG,0,4716020
ybiY_ybiW_predicted,0.5,1,1,GGTCAGTGTAACTTCCCCTG,0,4721151
ybiY_ybiW_predicted,0.5,1,1,GGTCAACTGATACAAATACG,0,4694804
ybiY_ybiW_predicted,0.5,1,1,GGTATGGGTGTTCTTGATAC,0,4693805
ybiY_ybiW_predicted,0.5,1,1,GGTATGCCTTGGTAGTATTT,0,4731227
ybiY_ybiW_predicted,0.5,1,1,GGTAGAACTGTTTACTACCG,0,4716316
ybiY_ybiW_predicted,0.5,1,1,GGTACTTCTTGGATACCACT,0,4694908
ybiY_ybiW_predicted,0.5,1,1,GGTACCGTAACTGGAGATCA,0,4710856
ybiY_ybiW_predicted,0.5,1,1,GGTAACGAAATGGCGTTACA,0,4726144
ybiY_ybiW_predicted,0.5,1,1,GGGTTCTCCACGGTGCAGGA,0,4710477
ybiY_ybiW_predicted,0.5,1,1,GGGTGGAAGGGTCCAATGCG,0,4730758
ybiY_ybiW_predicted,0.5,1,1,GGGTGCCAAAGAGCAATATT,0,4731232
ybiY_ybiW_predicted,0.5,1,1,GGGTCATTGACGGGCCGAAT,0,4720708
ybiY_ybiW_predicted,0.5,1,1,GGGTAAAAGCTCCTGCACGT,0,4725813
ybiY_ybiW_predicted,0.5,1,1,GGGGTGCACAAGTTCTCCAC,0,4731171
ybiY_ybiW_predicted,0.5,1,1,GGGGTAATTGTGGCGGAAAT,0,4717703
ybiY_ybiW_predicted,0.5,1,1,GGGGGTGGGCAGCTAATGGT,0,4731045
ybiY_ybiW_predicted,0.5,1,1,GGGGGCAAATTTGTCACTGT,0,4729234
ybiY_ybiW_predicted,0.5,1,1,GGGGCGTTGGGCCTAACAGC,0,4704535
ybiY_ybiW_predicted,0.5,1,1,GGGGCATTACTCTCACCTAT,0,4708118
ybiY_ybiW_predicted,0.5,1,1,GGGGCAGAGGATGCGCACGA,0,4694522
ybiY_ybiW_predicted,0.5,1,1,GGGGATAGGCGTGCTTTATT,0,4706449
ybiY_ybiW_predicted,0.5,1,1,GGGGAGACTTTAGGGTCCTC,0,4701059
ybiY_ybiW_predicted,0.5,1,1,GGGGACTTAGTTTGTGTCAA,0,4704778
ybiY_ybiW_predicted,0.5,1,1,GGGGAAGCGGCAAAGGGACC,0,4688616
ybiY_ybiW_predicted,0.5,1,1,GGGCTTTACGCGGTGCTGGT,0,4727352
ybiY_ybiW_predicted,0.5,1,1,GGGCTCACGTTCGCCTGGTA,0,4705955
ybiY_ybiW_predicted,0.5,1,1,GGGCGGTTTATCCGCCTATC,0,4730512
ybiY_ybiW_predicted,0.5,1,1,GGGCGGTACAGATGCTTGAG,0,4696476
ybiY_ybiW_predicted,0.5,1,1,GGGCGCTTACTTTCCGTGGA,0,4717469
ybiY_ybiW_predicted,0.5,1,1,GGGCCGTTAAATACTAATGA,0,4729886
ybiY_ybiW_predicted,0.5,1,1,GGGCCCAGTGTAAAGTATTA,0,4718088
ybiY_ybiW_predicted,0.5,1,1,GGGCATTCACGCAAATGACC,0,4704512
ybiY_ybiW_predicted,0.5,1,1,GGGATGATACGCCGGATATT,0,4695052
ybiY_ybiW_predicted,0.5,1,1,GGGATCGACGGGTGGTGAGC,0,4707587
ybiY_ybiW_predicted,0.5,1,1,GGGATATCGGAACTCGTCGA,0,4730166
ybiY_ybiW_predicted,0.5,1,1,GGGAGTTTAACAACATCAAT,0,4698283
ybiY_ybiW_predicted,0.5,1,1,GGGAGGCTCTCATGCGTCGG,0,4728676
ybiY_ybiW_predicted,0.5,1,1,GGGACTTGATTCAGCACAAT,0,4711954
ybiY_ybiW_predicted,0.5,1,1,GGGACTATCAGGACTCAAAT,0,4688657
ybiY_ybiW_predicted,0.5,1,1,GGGACGCAGACCCCCTCGAC,0,4691286
ybiY_ybiW_predicted,0.5,1,1,GGGAATAACGCTTGCTCGGT,0,4693831
ybiY_ybiW_predicted,0.5,1,1,GGCTCCGCATCCACGCACGA,0,4696708
ybiY_ybiW_predicted,0.5,1,1,GGCTCCCCATGTTGTGCGCA,0,4722302
ybiY_ybiW_predicted,0.5,1,1,GGCTCATGCACCACGTCAGC,0,4712700
ybiY_ybiW_predicted,0.5,1,1,GGCTCAGACATCTCCGGTCC,0,4709480
ybiY_ybiW_predicted,0.5,1,1,GGCTCACTGGTACTTAAAGT,0,4710798
ybiY_ybiW_predicted,0.5,1,1,GGCGTTTCACCTCAAGGCTG,0,4694902
ybiY_ybiW_predicted,0.5,1,1,GGCGTTTATTATGTGGTCTT,0,4688862
ybiY_ybiW_predicted,0.5,1,1,GGCGTGATGTGTCGTGAAGA,0,4694423
ybiY_ybiW_predicted,0.5,1,1,GGCGTCAACCTTTATTCAGT,0,4722750
ybiY_ybiW_predicted,0.5,1,1,GGCGTATAGGGATAATACAG,0,4726270
ybiY_ybiW_predicted,0.5,1,1,GGCGGTTGTGAACGAGTTGG,0,4721530
ybiY_ybiW_predicted,0.5,1,1,GGCGGTCGGACGTGCGGCCA,0,4728489
ybiY_ybiW_predicted,0.5,1,1,GGCGGGCGGTGTCCCAGGAA,0,4732454
ybiY_ybiW_predicted,0.5,1,1,GGCGGAGCTAGATGGACGAA,0,4726881
ybiY_ybiW_predicted,0.5,1,1,GGCGCTGGTAATTATTGAGT,0,4688516
ybiY_ybiW_predicted,0.5,1,1,GGCGCCTTATAACAACATGG,0,4699703
ybiY_ybiW_predicted,0.5,1,1,GGCGATCGCCCCCGACTCAG,0,4728130
ybiY_ybiW_predicted,0.5,1,1,GGCCTAGAGGTACACCTTGA,0,4701647
ybiY_ybiW_predicted,0.5,1,1,GGCCGTCGCATTATCCAGTT,0,4720874
ybiY_ybiW_predicted,0.5,1,1,GGCCGTCATCGTTCTCTCCG,0,4723082
ybiY_ybiW_predicted,0.5,1,1,GGCCGGGTCACTCCTAGATG,0,4704425
ybiY_ybiW_predicted,0.5,1,1,GGCCGAGGGCCACTCAGTAA,0,4707132
ybiY_ybiW_predicted,0.5,1,1,GGCCCGAAGAATGCCTTCGT,0,4702969
ybiY_ybiW_predicted,0.5,1,1,GGCCATTCCGGAACTCCTGG,0,4700240
ybiY_ybiW_predicted,0.5,1,1,GGCCAAATCTAGAATATTTA,0,4703317
ybiY_ybiW_predicted,0.5,1,1,GGCAGTGGCACTATACCAAT,0,4732199
ybiY_ybiW_predicted,0.5,1,1,GGCAGGCAATATCTCCAAAG,0,4725182
ybiY_ybiW_predicted,0.5,1,1,GGCAACGATGAAATCGCGGC,0,4730939
ybiY_ybiW_predicted,0.5,1,1,GGCAACCTTAAGCTGTGCTG,0,4720735
ybiY_ybiW_predicted,0.5,1,1,GGCAACAACTGTTTGCCGTG,0,4710060
ybiY_ybiW_predicted,0.5,1,1,GGATGCTACGGCAAATATCG,0,4696976
ybiY_ybiW_predicted,0.5,1,1,GGATCGTAAGCAGTATGGTT,0,4703791
ybiY_ybiW_predicted,0.5,1,1,GGATAAGTCCCTAAATCTAT,0,4696342
ybiY_ybiW_predicted,0.5,1,1,GGATAAATTGATTGTTCTAA,0,4730432
ybiY_ybiW_predicted,0.5,1,1,GGAGTCAATCCTTCCCTATT,0,4689253
ybiY_ybiW_predicted,0.5,1,1,GGAGGCTCCGGGAGGAGGCA,0,4716716
ybiY_ybiW_predicted,0.5,1,1,GGAGGAACACTTTAGATAGA,0,4701861
ybiY_ybiW_predicted,0.5,1,1,GGAGCTCTAGATCAAGTTCC,0,4699442
ybiY_ybiW_predicted,0.5,1,1,GGAGCAGAAGGCCTACGGGC,0,4729461
ybiY_ybiW_predicted,0.5,1,1,GGAGATGTTTGCCCTTGGTA,0,4726381
ybiY_ybiW_predicted,0.5,1,1,GGAGACATCCTTCTGGACAT,0,4723373
ybiY_ybiW_predicted,0.5,1,1,GGACTTTGTTGTACTTGAGG,0,4689134
ybiY_ybiW_predicted,0.5,1,1,GGACGGTACATTGAAATGGG,0,4727993
ybiY_ybiW_predicted,0.5,1,1,GGACCTTTACAACACTGCAC,0,4691302
ybiY_ybiW_predicted,0.5,1,1,GGACCGCCGGAACCACGGTA,0,4717028
ybiY_ybiW_predicted,0.5,1,1,GGAATTTCTATTTATTCCTA,0,4705702
ybiY_ybiW_predicted,0.5,1,1,GGAATTGAGCTGACTTGTTC,0,4706881
ybiY_ybiW_predicted,0.5,1,1,GGAATTAAATTAATAAACTG,0,4715473
ybiY_ybiW_predicted,0.5,1,1,GGAATGTTCCCGTATAGAGG,0,4710209
ybiY_ybiW_predicted,0.5,1,1,GGAAGTGCGTTGTTGCCCAA,0,4690413
ybiY_ybiW_predicted,0.5,1,1,GGAAGCGATACTTGCTACAT,0,4709165
ybiY_ybiW_predicted,0.5,1,1,GGAACTCGCGGCAGATCCAT,0,4709507
ybiY_ybiW_predicted,0.5,1,1,GGAACTCACAATATTGGGTT,0,4725490
ybiY_ybiW_predicted,0.5,1,1,GGAACATTACAAAGGCTGGC,0,4700613
ybiY_ybiW_predicted,0.5,1,1,GGAAACCAAACTGCGAATCA,0,4721796
ybiY_ybiW_predicted,0.5,1,1,GGAAACAGGGGGCCAATAGA,0,4689837
ybiY_ybiW_predicted,0.5,1,1,GCTTGCGCCAGTGTGGTGCT,0,4727505
ybiY_ybiW_predicted,0.5,1,1,GCTTGAACGCTTAACGGCCC,0,4705722
ybiY_ybiW_predicted,0.5,1,1,GCTTCCGCCCATGTGTTTGT,0,4706219
ybiY_ybiW_predicted,0.5,1,1,GCTTCCCAAGCGGATTTGAG,0,4695589
ybiY_ybiW_predicted,0.5,1,1,GCTTAAAGTTTATTGGCGAA,0,4713721
ybiY_ybiW_predicted,0.5,1,1,GCTGTTAGTGTTGAGATGTT,0,4705279
ybiY_ybiW_predicted,0.5,1,1,GCTGTACCTTGCGGACGGCA,0,4688790
ybiY_ybiW_predicted,0.5,1,1,GCTGGTCGGACACAAAGGTT,0,4732623
ybiY_ybiW_predicted,0.5,1,1,GCTGCCAAGCCGCCCTAGCT,0,4692324
ybiY_ybiW_predicted,0.5,1,1,GCTCTTTGTACTCATAATCC,0,4725615
ybiY_ybiW_predicted,0.5,1,1,GCTCTGTCGATTATATGGGT,0,4719247
ybiY_ybiW_predicted,0.5,1,1,GCTCTCACGGCTCTAATGTG,0,4718664
ybiY_ybiW_predicted,0.5,1,1,GCTCTACAAGGAAGCCATAT,0,4702380
ybiY_ybiW_predicted,0.5,1,1,GCTCCAGTCACCAGCCTCAG,0,4697078
ybiY_ybiW_predicted,0.5,1,1,GCTCAGTCGTAGAAAACAGC,0,4713030
ybiY_ybiW_predicted,0.5,1,1,GCTCAACTCACTCACGAGGA,0,4701750
ybiY_ybiW_predicted,0.5,1,1,GCTCAACCCTGGCCACTCGA,0,4715698
ybiY_ybiW_predicted,0.5,1,1,GCTATGGACTGACCGTGTTT,0,4726314
ybiY_ybiW_predicted,0.5,1,1,GCTATAGGCGATAGTTTCAG,0,4726387
ybiY_ybiW_predicted,0.5,1,1,GCTAGCTTATAGGGGTGAAA,0,4707194
ybiY_ybiW_predicted,0.5,1,1,GCTAGCGGGGGCAACGGCTA,0,4719784
ybiY_ybiW_predicted,0.5,1,1,GCTAAACTTAGAAGATCGTT,0,4709113
ybiY_ybiW_predicted,0.5,1,1,GCGTTTACAACGCATTCTGT,0,4713430
ybiY_ybiW_predicted,0.5,1,1,GCGTTCTGACGAAGCTAACC,0,4732742
ybiY_ybiW_predicted,0.5,1,1,GCGTTACCGTCACTAATCGA,0,4719257
ybiY_ybiW_predicted,0.5,1,1,GCGTGTGGGCTGGGTAACGG,0,4716250
ybiY_ybiW_predicted,0.5,1,1,GCGTGCGCTTGAGGGACCGT,0,4726393
ybiY_ybiW_predicted,0.5,1,1,GCGTCGCGCCACACCTGGGG,0,4720213
ybiY_ybiW_predicted,0.5,1,1,GCGGTATCGGTGTTTATAGC,0,4696337
ybiY_ybiW_predicted,0.5,1,1,GCGGGCATTAGTACCTCTTC,0,4694162
ybiY_ybiW_predicted,0.5,1,1,GCGGCTTTCGCGGTGAAGAC,0,4696305
ybiY_ybiW_predicted,0.5,1,1,GCGGCCGGCATGCAATGTTA,0,4725971
ybiY_ybiW_predicted,0.5,1,1,GCGGCCAGTATAGAACCTCG,0,4696528
ybiY_ybiW_predicted,0.5,1,1,GCGGAGTTATAGAATACGAG,0,4717147
ybiY_ybiW_predicted,0.5,1,1,GCGCTATGCGGATCTTTGAA,0,4724285
ybiY_ybiW_predicted,0.5,1,1,GCGCTAAGAAATCGGGCGCG,0,4720221
ybiY_ybiW_predicted,0.5,1,1,GCGCGTGGAGTACGGATTAT,0,4704027
ybiY_ybiW_predicted,0.5,1,1,GCGCGGGGCTGCCTTAGACG,0,4723423
ybiY_ybiW_predicted,0.5,1,1,GCGCGCTGAGTACATTTAAA,0,4712825
ybiY_ybiW_predicted,0.5,1,1,GCGCCTAAAGATCCTACGGG,0,4688931
ybiY_ybiW_predicted,0.5,1,1,GCGATCACTTATAGTGGGCA,0,4727083
ybiY_ybiW_predicted,0.5,1,1,GCGAGTTGCTTAAATTTAAG,0,4727057
ybiY_ybiW_predicted,0.5,1,1,GCGAGGTCGGGATCTAACCC,0,4712194
ybiY_ybiW_predicted,0.5,1,1,GCGAGACTGATTTGGGCGGC,0,4721873
ybiY_ybiW_predicted,0.5,1,1,GCCTTGAGTACCCTCGTATG,0,4693819
ybiY_ybiW_predicted,0.5,1,1,GCCTTAGCGATACCCCCTTT,0,4704887
ybiY_ybiW_predicted,0.5,1,1,GCCTGCTTCGGAACAGCTCA,0,4732517
ybiY_ybiW_predicted,0.5,1,1,GCCTAGGGATATAGAACGGT,0,4696531
ybiY_ybiW_predicted,0.5,1,1,GCCTACACGACAGCGGCGGC,0,4704028
ybiY_ybiW_predicted,0.5,1,1,GCCGTTCACTAATCTACTAC,0,4721407
ybiY_ybiW_predicted,0.5,1,1,GCCGTGTATGCCTTAAAGGG,0,4712298
ybiY_ybiW_predicted,0.5,1,1,GCCGGTGTTTGTAGGTATCA,0,4713554
ybiY_ybiW_predicted,0.5,1,1,GCCGCTCCTTACACCATCAT,0,4689319
ybiY_ybiW_predicted,0.5,1,1,GCCGCGTGGTCCTATTGCGC,0,4698667
ybiY_ybiW_predicted,0.5,1,1,GCCGCGCGCTGAGCACGTCC,0,4715308
ybiY_ybiW_predicted,0.5,1,1,GCCGCCTGCACACGTACTGA,0,4715386
ybiY_ybiW_predicted,0.5,1,1,GCCGAGCCTCTAGTCTGGTT,0,4690322
ybiY_ybiW_predicted,0.5,1,1,GCCCTCGAAATAGTCGAACA,0,4711789
ybiY_ybiW_predicted,0.5,1,1,GCCCAGAACGACAAGTAATC,0,4689254
ybiY_ybiW_predicted,0.5,1,1,GCCATTTGCTTACCAAGCGT,0,4696050
ybiY_ybiW_predicted,0.5,1,1,GCCATTATCTTCCACTTGGC,0,4700011
ybiY_ybiW_predicted,0.5,1,1,GCCAGCAACGCTATCACCTC,0,4695518
ybiY_ybiW_predicted,0.5,1,1,GCCACGTCGTTAGTTACGGA,0,4731700
ybiY_ybiW_predicted,0.5,1,1,GCCAATTGGAAGGCCCGGAC,0,4690372
ybiY_ybiW_predicted,0.5,1,1,GCCAAGCCACCGTGTGAGAA,0,4708387
ybiY_ybiW_predicted,0.5,1,1,GCATTCGCGTCACGGGTAAG,0,4723464
ybiY_ybiW_predicted,0.5,1,1,GCATTCATTTTGGACTCTAC,0,4701378
ybiY_ybiW_predicted,0.5,1,1,GCATGCGGACGATAAGCAGA,0,4695845
ybiY_ybiW_predicted,0.5,1,1,GCATGAAAACCCAGTCTCGC,0,4707909
ybiY_ybiW_predicted,0.5,1,1,GCAGTTAGCGTTATCACTGT,0,4690138
ybiY_ybiW_predicted,0.5,1,1,GCAGTCGCAACGACCGGTTA,0,4694896
ybiY_ybiW_predicted,0.5,1,1,GCAGGTGATCATCGAATTAC,0,4723479
ybiY_ybiW_predicted,0.5,1,1,GCAGCGTTTCCCTAAATCGT,0,4729022
ybiY_ybiW_predicted,0.5,1,1,GCAGCGTGCCTCCGCTGCTG,0,4689782
ybiY_ybiW_predicted,0.5,1,1,GCAGATTGTGAACGTCTTTT,0,4712618
ybiY_ybiW_predicted,0.5,1,1,GCAGACGGTCACCGTATGAA,0,4709080
ybiY_ybiW_predicted,0.5,1,1,GCACGCACTTGAAGGGTGAC,0,4696416
ybiY_ybiW_predicted,0.5,1,1,GCACCAGAATAATACGGCGT,0,4689392
ybiY_ybiW_predicted,0.5,1,1,GCACATGACAAGCTAAGTAT,0,4698749
ybiY_ybiW_predicted,0.5,1,1,GCACATCTTCACCAACGTCA,0,4725584
ybiY_ybiW_predicted,0.5,1,1,GCAATTCTTTCTGTCCCAGA,0,4694504
ybiY_ybiW_predicted,0.5,1,1,GCAATGTTATAGGCGGCACA,0,4718218
ybiY_ybiW_predicted,0.5,1,1,GCAAGGTGAAGTGACCACGG,0,4721874
ybiY_ybiW_predicted,0.5,1,1,GCAAGGTCCGAAAGTGGCTC,0,4696015
ybiY_ybiW_predicted,0.5,1,1,GCAACTATCATTTTTGGAAA,0,4731651
ybiY_ybiW_predicted,0.5,1,1,GCAACCTTGCGGTCCTCACC,0,4694531
ybiY_ybiW_predicted,0.5,1,1,GCAACCCCTTGTATCTGGCA,0,4712661
ybiY_ybiW_predicted,0.5,1,1,GCAAATCCGGCCGCAACGCA,0,4706200
ybiY_ybiW_predicted,0.5,1,1,GCAAAGGATGTTGTTAGGCG,0,4731413
ybiY_ybiW_predicted,0.5,1,1,GCAAAAGGACGCCCCGTACC,0,4699722
ybiY_ybiW_predicted,0.5,1,1,GCAAAAAGGGGAGCTGTGAG,0,4692377
ybiY_ybiW_predicted,0.5,1,1,GATTCGCGCGTCAAATGGGT,0,4704644
ybiY_ybiW_predicted,0.5,1,1,GATTACTGGGAACGCTCGGC,0,4694438
ybiY_ybiW_predicted,0.5,1,1,GATTAAGATCGGAGCCAGTG,0,4702947
ybiY_ybiW_predicted,0.5,1,1,GATGTTAGGGCGCTTTTTCG,0,4698011
ybiY_ybiW_predicted,0.5,1,1,GATGGTCATGGCCAGGTAAG,0,4699048
ybiY_ybiW_predicted,0.5,1,1,GATGGCCTCGAAAGGTACTG,0,4732066
ybiY_ybiW_predicted,0.5,1,1,GATGGACAGGTAACGGGTTG,0,4695455
ybiY_ybiW_predicted,0.5,1,1,GATGGACAGCTAGTCGTACA,0,4701015
ybiY_ybiW_predicted,0.5,1,1,GATCTTTGTTAAGAGTATAA,0,4722989
ybiY_ybiW_predicted,0.5,1,1,GATCTTTAGATAAACATGGG,0,4726074
ybiY_ybiW_predicted,0.5,1,1,GATCTAGTAGGTTCCCACAG,0,4724517
ybiY_ybiW_predicted,0.5,1,1,GATCGTCAAGGGTCTGAGTC,0,4726183
ybiY_ybiW_predicted,0.5,1,1,GATCGACGTCCAGGTCTTTC,0,4704000
ybiY_ybiW_predicted,0.5,1,1,GATCCGACATTCTTAGGATG,0,4718422
ybiY_ybiW_predicted,0.5,1,1,GATCCCTGAGTCAGTTGGAG,0,4711374
ybiY_ybiW_predicted,0.5,1,1,GATCCAGATCTCCCAATCTG,0,4730436
ybiY_ybiW_predicted,0.5,1,1,GATCAGTCTCAGTAGAGGTG,0,4688835
ybiY_ybiW_predicted,0.5,1,1,GATCACAGACATCGCCAAAC,0,4692149
ybiY_ybiW_predicted,0.5,1,1,GATATCTATAAATCGTACGC,0,4728537
ybiY_ybiW_predicted,0.5,1,1,GATATACTACCGCCCAGGGA,0,4690199
ybiY_ybiW_predicted,0.5,1,1,GATAGAGAATCAATAATCTA,0,4694978
ybiY_ybiW_predicted,0.5,1,1,GAGGTTAGTTCATTCGTGCG,0,4693741
ybiY_ybiW_predicted,0.5,1,1,GAGGGTTAATCATTAAGACT,0,4714187
ybiY_ybiW_predicted,0.5,1,1,GAGGGGGTCGTCACATATGC,0,4699512
ybiY_ybiW_predicted,0.5,1,1,GAGGGGGGCTCGCTTGCGGT,0,4696596
ybiY_ybiW_predicted,0.5,1,1,GAGGGACAACTATATTTGTA,0,4705700
ybiY_ybiW_predicted,0.5,1,1,GAGCGCGAGAGAAGGGCAGG,0,4712742
ybiY_ybiW_predicted,0.5,1,1,GAGCGCCTTGGCGCTTGCCC,0,4719519
ybiY_ybiW_predicted,0.5,1,1,GAGCGCACAGCACGTTGGTT,0,4708719
ybiY_ybiW_predicted,0.5,1,1,GAGCGCAAGCCAAGGTTCGA,0,4700079
ybiY_ybiW_predicted,0.5,1,1,GAGCATGGCACGCATGTGGT,0,4712355
ybiY_ybiW_predicted,0.5,1,1,GAGATTGAGTGACCTGATAT,0,4692001
ybiY_ybiW_predicted,0.5,1,1,GAGATCTGAAGGGCGTATTA,0,4714220
ybiY_ybiW_predicted,0.5,1,1,GAGATATAACGGTGGTCTTG,0,4700872
ybiY_ybiW_predicted,0.5,1,1,GAGACTCAACTCATTTTGAT,0,4712074
ybiY_ybiW_predicted,0.5,1,1,GAGAAAAAGGAGAAATGGCA,0,4729475
ybiY_ybiW_predicted,0.5,1,1,GACTTTTTAACGTTTGGAGC,0,4690591
ybiY_ybiW_predicted,0.5,1,1,GACTTTGACAGTCGGCGAAA,0,4717072
ybiY_ybiW_predicted,0.5,1,1,GACTTTCTCAAAGCGGTCTT,0,4730499
ybiY_ybiW_predicted,0.5,1,1,GACTTTACCATAGGCCCCTT,0,4716013
ybiY_ybiW_predicted,0.5,1,1,GACTTCTAAGTCAGGTCGCC,0,4705040
ybiY_ybiW_predicted,0.5,1,1,GACTGCCGAGTGCTGTGTGT,0,4719223
ybiY_ybiW_predicted,0.5,1,1,GACGTCACCTGGGCACTCAT,0,4693008
ybiY_ybiW_predicted,0.5,1,1,GACGGTGACGACATGGGACT,0,4700883
ybiY_ybiW_predicted,0.5,1,1,GACGGGTGGAAGCCCTTGGG,0,4710470
ybiY_ybiW_predicted,0.5,1,1,GACGGCGACGTCCGGGTAAG,0,4702543
ybiY_ybiW_predicted,0.5,1,1,GACGCGAACGGAACTGCTGC,0,4717112
ybiY_ybiW_predicted,0.5,1,1,GACGAGTTGATTCGTTGCTA,0,4728525
ybiY_ybiW_predicted,0.5,1,1,GACGACACCTTGTGCGGTTG,0,4722359
ybiY_ybiW_predicted,0.5,1,1,GACGAAGGTGCAGCGCCCAT,0,4715796
ybiY_ybiW_predicted,0.5,1,1,GACCTCCGGGCACTGAGAAG,0,4703724
ybiY_ybiW_predicted,0.5,1,1,GACCGTAGGCTAAGACCAGA,0,4719319
ybiY_ybiW_predicted,0.5,1,1,GACCGTACACTGACCTCCGG,0,4699237
ybiY_ybiW_predicted,0.5,1,1,GACCGCTAGCCCTGCGTTAC,0,4722511
ybiY_ybiW_predicted,0.5,1,1,GACCGAGAGGGACGTAAGAT,0,4717129
ybiY_ybiW_predicted,0.5,1,1,GACCCCCCGCGCGCAGCCCT,0,4715249
ybiY_ybiW_predicted,0.5,1,1,GACATGAGCAGAACACTCCA,0,4715316
ybiY_ybiW_predicted,0.5,1,1,GACAGTTAAGAGTGTCGTGG,0,4700249
ybiY_ybiW_predicted,0.5,1,1,GACACTACCAGGTTCCATCC,0,4706495
ybiY_ybiW_predicted,0.5,1,1,GAATTCTGGGAAAACCCAGT,0,4697859
ybiY_ybiW_predicted,0.5,1,1,GAATGATTGGTCACGCCCGG,0,4710219
ybiY_ybiW_predicted,0.5,1,1,GAATAGTTCAAGGATGCGAG,0,4691180
ybiY_ybiW_predicted,0.5,1,1,GAATACTCAAGTTGTACTTG,0,4699147
ybiY_ybiW_predicted,0.5,1,1,GAAGTCATTAAGAGATGTAC,0,4724953
ybiY_ybiW_predicted,0.5,1,1,GAAGGGAAACGTGAGACCTA,0,4727696
ybiY_ybiW_predicted,0.5,1,1,GAAGCATACGCCTAGGGTGC,0,4703565
ybiY_ybiW_predicted,0.5,1,1,GAAGACATAACTCTCATCGG,0,4720048
ybiY_ybiW_predicted,0.5,1,1,GAACTCCATCGGTACTTTTC,0,4731565
ybiY_ybiW_predicted,0.5,1,1,GAACGTCTTTTTGCCGACGA,0,4698748
ybiY_ybiW_predicted,0.5,1,1,GAACGGCTTTAAGCAATTCT,0,4717239
ybiY_ybiW_predicted,0.5,1,1,GAACCGGTTGGCGCAGCTCG,0,4731365
ybiY_ybiW_predicted,0.5,1,1,GAACATTCGGTAGGTGTCTA,0,4705007
ybiY_ybiW_predicted,0.5,1,1,GAACATCTTTCCCAGGCCAT,0,4701460
ybiY_ybiW_predicted,0.5,1,1,GAACAGATTTGGCGGCCCCA,0,4693563
ybiY_ybiW_predicted,0.5,1,1,GAACACATAGTTAAGATGTT,0,4697235
ybiY_ybiW_predicted,0.5,1,1,GAAATTTCACCCCGGCTAGG,0,4732216
ybiY_ybiW_predicted,0.5,1,1,GAAAGTTGGTTCTCCCGGAT,0,4725891
ybiY_ybiW_predicted,0.5,1,1,GAAAGCTAAGGGATCTATGA,0,4710309
ybiY_ybiW_predicted,0.5,1,1,GAAAATCTGAGTCGGCTCCA,0,4726936
ybiY_ybiW_predicted,0.5,1,1,GAAAATATTAAGCGATGGTT,0,4721358
ybiY_ybiW_predicted,0.5,1,1,GAAAACGCCCAATAATTCGA,0,4688892
ybiY_ybiW_predicted,0.5,1,1,GAAAACATTGGGGATGAGGG,0,4715590
ybiY_ybiW_predicted,0.5,1,1,CTTTTGTTGGGAGTAGCACT,0,4702093
ybiY_ybiW_predicted,0.5,1,1,CTTTTCCGCTAACCTTGAAA,0,4723968
ybiY_ybiW_predicted,0.5,1,1,CTTTGGTCGGTGTGCCCGAA,0,4719617
ybiY_ybiW_predicted,0.5,1,1,CTTTCTCTCACCATCTCGCT,0,4716337
ybiY_ybiW_predicted,0.5,1,1,CTTTCCTTCGGAATTCATGG,0,4702034
ybiY_ybiW_predicted,0.5,1,1,CTTTCAGGCCCAAGTGGCGT,0,4694652
ybiY_ybiW_predicted,0.5,1,1,CTTTATGTGTACAGTCAACG,0,4694268
ybiY_ybiW_predicted,0.5,1,1,CTTTAAGTATCGCTGGTACG,0,4719488
ybiY_ybiW_predicted,0.5,1,1,CTTGCCGGATCGAGCCCTCT,0,4724001
ybiY_ybiW_predicted,0.5,1,1,CTTGCCCGTAGCGGGAGGGA,0,4707506
ybiY_ybiW_predicted,0.5,1,1,CTTGCATCCCGCTCCTTTAC,0,4695866
ybiY_ybiW_predicted,0.5,1,1,CTTGCAATGCTAGAAAACAA,0,4707912
ybiY_ybiW_predicted,0.5,1,1,CTTGATAAATAACTGTGACA,0,4693749
ybiY_ybiW_predicted,0.5,1,1,CTTGAGTGCCTTTTCTGTGT,0,4705397
ybiY_ybiW_predicted,0.5,1,1,CTTGAAAAAGTGATTAGTTG,0,4716935
ybiY_ybiW_predicted,0.5,1,1,CTTCGGTCCAACTTGGGAAA,0,4714366
ybiY_ybiW_predicted,0.5,1,1,CTTCGCTTTTGAACCAACTC,0,4691141
ybiY_ybiW_predicted,0.5,1,1,CTTCGCACATAGTCCTCATA,0,4728326
ybiY_ybiW_predicted,0.5,1,1,CTTCGAGAGTCTGAGTAGCG,0,4723875
ybiY_ybiW_predicted,0.5,1,1,CTTCCTTATAAGCGCTGGCA,0,4732086
ybiY_ybiW_predicted,0.5,1,1,CTTCCTGTTAGTGGCCGTGA,0,4726123
ybiY_ybiW_predicted,0.5,1,1,CTTCCTGGCATCTCCGTGGC,0,4725038
ybiY_ybiW_predicted,0.5,1,1,CTTCCTCGTACTGAATATTA,0,4726449
ybiY_ybiW_predicted,0.5,1,1,CTTCCAATATTCCGCTACAG,0,4717494
ybiY_ybiW_predicted,0.5,1,1,CTTATGACTGGCGTAGCTCT,0,4711826
ybiY_ybiW_predicted,0.5,1,1,CTTATAATGGTCATGGACAG,0,4719028
ybiY_ybiW_predicted,0.5,1,1,CTTAGGCGAGGGAAATGCCT,0,4692208
ybiY_ybiW_predicted,0.5,1,1,CTTACGGTTGCAGCAAGATT,0,4711689
ybiY_ybiW_predicted,0.5,1,1,CTTAATAGTGCATGCCATAT,0,4691520
ybiY_ybiW_predicted,0.5,1,1,CTTAAGGAAATGGAGGGTAT,0,4697449
ybiY_ybiW_predicted,0.5,1,1,CTTAAGCATCTTTGTCTAAA,0,4702813
ybiY_ybiW_predicted,0.5,1,1,CTTAACGGCAGCTCAAAACG,0,4689049
ybiY_ybiW_predicted,0.5,1,1,CTGTTGCAAGGGTACCAATG,0,4698379
ybiY_ybiW_predicted,0.5,1,1,CTGTTCGAAGATATCAATAC,0,4717416
ybiY_ybiW_predicted,0.5,1,1,CTGTTAACACACTTCATGTG,0,4730473
ybiY_ybiW_predicted,0.5,1,1,CTGTGGGTATGGATTTCACA,0,4716633
ybiY_ybiW_predicted,0.5,1,1,CTGTGGGGCTCCGATGCGAA,0,4723253
ybiY_ybiW_predicted,0.5,1,1,CTGTGAAGTGATCGATTGTG,0,4707349
ybiY_ybiW_predicted,0.5,1,1,CTGTCTTGGGACACCCTTCC,0,4707301
ybiY_ybiW_predicted,0.5,1,1,CTGTACGCCGGTGAATGTTA,0,4702031
ybiY_ybiW_predicted,0.5,1,1,CTGTACAGAGATCCAAGGCA,0,4691341
ybiY_ybiW_predicted,0.5,1,1,CTGTAATGCATTCGTAAAAT,0,4691054
ybiY_ybiW_predicted,0.5,1,1,CTGGTGGACTCTTGAGCAGG,0,4689991
ybiY_ybiW_predicted,0.5,1,1,CTGGGGGACAAGTAGGCAGT,0,4731927
ybiY_ybiW_predicted,0.5,1,1,CTGGGCGTCTAATTGAGAAC,0,4705673
ybiY_ybiW_predicted,0.5,1,1,CTGGCTTCTTATGGCGGAGA,0,4702998
ybiY_ybiW_predicted,0.5,1,1,CTGGCGTGATATGTGTGGTT,0,4724972
ybiY_ybiW_predicted,0.5,1,1,CTGCTGCCTTTAGATGCTGG,0,4689138
ybiY_ybiW_predicted,0.5,1,1,CTGCGTCTCCACATGTCCGC,0,4707341
ybiY_ybiW_predicted,0.5,1,1,CTGCGGAGGGGTCTGGCTAG,0,4707173
ybiY_ybiW_predicted,0.5,1,1,CTGCGCTACGAACAAGTTCT,0,4719781
ybiY_ybiW_predicted,0.5,1,1,CTGCATGGACCCACACAGCG,0,4693612
ybiY_ybiW_predicted,0.5,1,1,CTGCATAGATCTTGATCCGG,0,4701909
ybiY_ybiW_predicted,0.5,1,1,CTGCATACCGCATCTATCCA,0,4707318
ybiY_ybiW_predicted,0.5,1,1,CTGCAGAGAGAGAAAGCAAT,0,4701823
ybiY_ybiW_predicted,0.5,1,1,CTGCACTGGACGCTGATAAG,0,4694108
ybiY_ybiW_predicted,0.5,1,1,CTGATTCACTCGCGCGAAAG,0,4716698
ybiY_ybiW_predicted,0.5,1,1,CTGATTATTAAATAGGTGTA,0,4714153
ybiY_ybiW_predicted,0.5,1,1,CTGATAGAATTGTCGGGAGC,0,4725452
ybiY_ybiW_predicted,0.5,1,1,CTGATACTAGCCGTGCGTAG,0,4715921
ybiY_ybiW_predicted,0.5,1,1,CTGAGGGTTCTGGATGGACA,0,4700116
ybiY_ybiW_predicted,0.5,1,1,CTGAGGCACTGATTTTGTCG,0,4726953
ybiY_ybiW_predicted,0.5,1,1,CTGAGAGTAAAGCAAGGGCT,0,4709217
ybiY_ybiW_predicted,0.5,1,1,CTGACCGATTGTTATCTATT,0,4718611
ybiY_ybiW_predicted,0.5,1,1,CTGAAACATGTCTACCTCAA,0,4704239
ybiY_ybiW_predicted,0.5,1,1,CTCTTGGCCAGGCTTCCGAT,0,4730418
ybiY_ybiW_predicted,0.5,1,1,CTCTGGTATCGGGTAGCAGT,0,4700257
ybiY_ybiW_predicted,0.5,1,1,CTCTGCGATCGATACTATTT,0,4696365
ybiY_ybiW_predicted,0.5,1,1,CTCTGCCAACATTCACCCAC,0,4729638
ybiY_ybiW_predicted,0.5,1,1,CTCTCTGCTCCTCATTACAA,0,4699589
ybiY_ybiW_predicted,0.5,1,1,CTCTCCTTCACTCGTGGCTC,0,4688867
ybiY_ybiW_predicted,0.5,1,1,CTCTCCACAATCCAGGTATC,0,4699227
ybiY_ybiW_predicted,0.5,1,1,CTCTATGGGTGCGTCAAAGG,0,4696740
ybiY_ybiW_predicted,0.5,1,1,CTCGTTATCATGAAAAGGCG,0,4689912
ybiY_ybiW_predicted,0.5,1,1,CTCGTAGTCCCGGGTAAAAG,0,4725074
ybiY_ybiW_predicted,0.5,1,1,CTCGGGCGAACTTTTATTCG,0,4725005
ybiY_ybiW_predicted,0.5,1,1,CTCGGGAAACGAGAACGTGG,0,4705113
ybiY_ybiW_predicted,0.5,1,1,CTCGGAGTGCATACGCTTCA,0,4706669
ybiY_ybiW_predicted,0.5,1,1,CTCGAGGGGGTCGTATTCCC,0,4691862
ybiY_ybiW_predicted,0.5,1,1,CTCCTTCGCCTTATCTATCA,0,4709686
ybiY_ybiW_predicted,0.5,1,1,CTCCTTCCATGTGAATTGGG,0,4707259
ybiY_ybiW_predicted,0.5,1,1,CTCCTCTGGTTGTCCCGCAA,0,4706364
ybiY_ybiW_predicted,0.5,1,1,CTCCGTTGATCTGTGACTTA,0,4732069
ybiY_ybiW_predicted,0.5,1,1,CTCCGTAGCGTCTTCTCTAC,0,4709769
ybiY_ybiW_predicted,0.5,1,1,CTCCGGAACCGAGCACCAGA,0,4713431
ybiY_ybiW_predicted,0.5,1,1,CTCCCATAGCAGGTAACCTC,0,4729712
ybiY_ybiW_predicted,0.5,1,1,CTCCATTAGTTAGTCTGACC,0,4720054
ybiY_ybiW_predicted,0.5,1,1,CTCACTGCGATCTTTCTTGA,0,4720872
ybiY_ybiW_predicted,0.5,1,1,CTCAATATAGATGCCTGCAC,0,4689734
ybiY_ybiW_predicted,0.5,1,1,CTCAACGCTTTAGTAGGACA,0,4730092
ybiY_ybiW_predicted,0.5,1,1,CTATTGGGTAAAGAGTGGTT,0,4706284
ybiY_ybiW_predicted,0.5,1,1,CTATGATAGCACTATTCTTT,0,4690916
ybiY_ybiW_predicted,0.5,1,1,CTATCCGGCTCGACCCCCGG,0,4726603
ybiY_ybiW_predicted,0.5,1,1,CTATATTATCGTCCGCCCGC,0,4730129
ybiY_ybiW_predicted,0.5,1,1,CTATACGGCCTACGCACTCT,0,4690840
ybiY_ybiW_predicted,0.5,1,1,CTAGGGTTAGTATGGTGTTG,0,4728572
ybiY_ybiW_predicted,0.5,1,1,CTAGCAGGCATACGACTTTC,0,4720174
ybiY_ybiW_predicted,0.5,1,1,CTAGAGGTGCGCTTCCCAGG,0,4711244
ybiY_ybiW_predicted,0.5,1,1,CTAGAACCACTACGGCGGTT,0,4695653
ybiY_ybiW_predicted,0.5,1,1,CTACGGGTCAAATACGCGAC,0,4701152
ybiY_ybiW_predicted,0.5,1,1,CTACCCCGAGAGTAGAAATA,0,4711357
ybiY_ybiW_predicted,0.5,1,1,CTACCCAGGGTTACTAGGAT,0,4712682
ybiY_ybiW_predicted,0.5,1,1,CTACCACGCTCAGGGAGAAT,0,4704501
ybiY_ybiW_predicted,0.5,1,1,CTACATCAGCATCTGCTGAT,0,4710763
ybiY_ybiW_predicted,0.5,1,1,CTACAGAGGCGGCTTATATA,0,4706082
ybiY_ybiW_predicted,0.5,1,1,CTACACACCAGTCCCCGTAC,0,4697333
ybiY_ybiW_predicted,0.5,1,1,CTAATGGGACGTACCATGTA,0,4729636
ybiY_ybiW_predicted,0.5,1,1,CTAACTCGGGTATAGCACGC,0,4715664
ybiY_ybiW_predicted,0.5,1,1,CTAACCCGCACCAGAGGTCA,0,4700600
ybiY_ybiW_predicted,0.5,1,1,CTAAATTAATCACGTCTTGT,0,4707554
ybiY_ybiW_predicted,0.5,1,1,CGTTTTCGATGGTTTTGGTT,0,4702164
ybiY_ybiW_predicted,0.5,1,1,CGTTTGATACCGGTGTTACA,0,4711884
ybiY_ybiW_predicted,0.5,1,1,CGTTTCAGATGCTGCCGATT,0,4718017
ybiY_ybiW_predicted,0.5,1,1,CGTTGGAATGCAGGCGACTC,0,4715758
ybiY_ybiW_predicted,0.5,1,1,CGTTGCATTATAGAGCGAGG,0,4697690
ybiY_ybiW_predicted,0.5,1,1,CGTTGAATATGATTCGGTAG,0,4705200
ybiY_ybiW_predicted,0.5,1,1,CGTTAGTACCGCTGAAGCGG,0,4707545
ybiY_ybiW_predicted,0.5,1,1,CGTGTATATTTCACGCGAGT,0,4731220
ybiY_ybiW_predicted,0.5,1,1,CGTGTAACACAGGCGGATGG,0,4724865
ybiY_ybiW_predicted,0.5,1,1,CGTGCTCCATTGAGGTGACT,0,4691633
ybiY_ybiW_predicted,0.5,1,1,CGTGAAGTTTGAGCAGCGAA,0,4703793
ybiY_ybiW_predicted,0.5,1,1,CGTCTTTATTAGGATAATTC,0,4728615
ybiY_ybiW_predicted,0.5,1,1,CGTCTTAGCCTTTCCCCTGC,0,4693504
ybiY_ybiW_predicted,0.5,1,1,CGTCGGGATGAGTTGGGTGA,0,4699155
ybiY_ybiW_predicted,0.5,1,1,CGTCCGCAGATCCCCAGCCC,0,4727114
ybiY_ybiW_predicted,0.5,1,1,CGTCCCTTGGCCGCAGCAGC,0,4701648
ybiY_ybiW_predicted,0.5,1,1,CGTCCCAGGGGCAGCGACGA,0,4725665
ybiY_ybiW_predicted,0.5,1,1,CGTCACAAGACTCTATGGCA,0,4730618
ybiY_ybiW_predicted,0.5,1,1,CGTATTAAGTCTTGTTGGCT,0,4712665
ybiY_ybiW_predicted,0.5,1,1,CGTATCGTTGAATGAGCGGC,0,4701051
ybiY_ybiW_predicted,0.5,1,1,CGTATCACAGGCTCTATGTG,0,4705364
ybiY_ybiW_predicted,0.5,1,1,CGTAGATCGTCTGAGGATCA,0,4714075
ybiY_ybiW_predicted,0.5,1,1,CGTACTTCTTCTTTCAAAGC,0,4703959
ybiY_ybiW_predicted,0.5,1,1,CGTAACTAGGAATTTTTACA,0,4705195
ybiY_ybiW_predicted,0.5,1,1,CGTAACAGTCGTTGACACTA,0,4722719
ybiY_ybiW_predicted,0.5,1,1,CGTAACACGGAAATTGGGTC,0,4690924
ybiY_ybiW_predicted,0.5,1,1,CGTAAATAGGTATAGCCATT,0,4702037
ybiY_ybiW_predicted,0.5,1,1,CGGTTTTTAGGTGGCTCCTC,0,4706207
ybiY_ybiW_predicted,0.5,1,1,CGGTTTTAGGCAAGGGAGAC,0,4729812
ybiY_ybiW_predicted,0.5,1,1,CGGTTGTTCTCTCCCTAACG,0,4728113
ybiY_ybiW_predicted,0.5,1,1,CGGTTGCCATCTAGTTGCAC,0,4693679
ybiY_ybiW_predicted,0.5,1,1,CGGTTATTGTACAAGGAAAC,0,4719880
ybiY_ybiW_predicted,0.5,1,1,CGGTCAGACCTTCGAGAGGT,0,4719332
ybiY_ybiW_predicted,0.5,1,1,CGGTAAACCGATATCAAAAA,0,4732311
ybiY_ybiW_predicted,0.5,1,1,CGGGTGATCGAGACATGGTC,0,4728542
ybiY_ybiW_predicted,0.5,1,1,CGGGTCGGCGCTGGACTAAA,0,4706031
ybiY_ybiW_predicted,0.5,1,1,CGGGTACCTCGGTCTTTGAC,0,4725914
ybiY_ybiW_predicted,0.5,1,1,CGGGGTTGGCGTTTTGACTT,0,4704861
ybiY_ybiW_predicted,0.5,1,1,CGGGCCGCCTTCGGTAGTTT,0,4726268
ybiY_ybiW_predicted,0.5,1,1,CGGGCATTCCCGGCCATTAT,0,4727747
ybiY_ybiW_predicted,0.5,1,1,CGGGACCCACTGGGGGACCT,0,4708054
ybiY_ybiW_predicted,0.5,1,1,CGGGAACATCCAAAACAATC,0,4698617
ybiY_ybiW_predicted,0.5,1,1,CGGCGTGGGACTAGCAGGGT,0,4709127
ybiY_ybiW_predicted,0.5,1,1,CGGCGCTGAGACTCTCGCCT,0,4712784
ybiY_ybiW_predicted,0.5,1,1,CGGCCTAGGTTGTGGTAGCC,0,4707686
ybiY_ybiW_predicted,0.5,1,1,CGGCCGGGGAGATCTTCCCA,0,4727470
ybiY_ybiW_predicted,0.5,1,1,CGGATGTTCACGTTCCAGAC,0,4700493
ybiY_ybiW_predicted,0.5,1,1,CGGAGGACAAGCAGATTCCG,0,4720413
ybiY_ybiW_predicted,0.5,1,1,CGGAGCTGGATCCACACTTT,0,4728357
ybiY_ybiW_predicted,0.5,1,1,CGGAGACCTGAAGCTCACAA,0,4721169
ybiY_ybiW_predicted,0.5,1,1,CGGACTTTAACCCCGGATAG,0,4699264
ybiY_ybiW_predicted,0.5,1,1,CGGACCCTTCCGTGGTCTCT,0,4696066
ybiY_ybiW_predicted,0.5,1,1,CGGACAGAGTGGGCTCGAAT,0,4726156
ybiY_ybiW_predicted,0.5,1,1,CGGAAATACCGCGCTGCTAT,0,4728201
ybiY_ybiW_predicted,0.5,1,1,CGCTTTTTGGATATTTATTT,0,4711220
ybiY_ybiW_predicted,0.5,1,1,CGCTTGTGTGGCTTTGTCTT,0,4711588
ybiY_ybiW_predicted,0.5,1,1,CGCTTGATGACGAGTCGCGT,0,4704472
ybiY_ybiW_predicted,0.5,1,1,CGCTTAGCTGAAGGTTCTAG,0,4714303
ybiY_ybiW_predicted,0.5,1,1,CGCTCTTTCACTTGGTAACC,0,4722102
ybiY_ybiW_predicted,0.5,1,1,CGCTCTACTAGCGCTTGGGA,0,4729882
ybiY_ybiW_predicted,0.5,1,1,CGCTCGGTTCCGACAGAGTG,0,4699648
ybiY_ybiW_predicted,0.5,1,1,CGCTCCCTACTTGATGCAGT,0,4725355
ybiY_ybiW_predicted,0.5,1,1,CGCTATGGCTATGCAAGTCT,0,4705410
ybiY_ybiW_predicted,0.5,1,1,CGCGTCTACGCCAGCTGGCC,0,4714379
ybiY_ybiW_predicted,0.5,1,1,CGCGTCACCCCTCATTAGTC,0,4697120
ybiY_ybiW_predicted,0.5,1,1,CGCGTAGAATTGATCAGTGT,0,4709603
ybiY_ybiW_predicted,0.5,1,1,CGCGTACCAAATGTGTTAAG,0,4727663
ybiY_ybiW_predicted,0.5,1,1,CGCGTACATTCTAAACCAGG,0,4715914
ybiY_ybiW_predicted,0.5,1,1,CGCGGGTACATCACATTGTC,0,4706672
ybiY_ybiW_predicted,0.5,1,1,CGCGGGGTAGACTTCACGGA,0,4719670
ybiY_ybiW_predicted,0.5,1,1,CGCCTTGCATATGAAAGCGG,0,4695412
ybiY_ybiW_predicted,0.5,1,1,CGCCGTGATTAAGACACAAG,0,4721293
ybiY_ybiW_predicted,0.5,1,1,CGCCCACTTGTTCATAAGTC,0,4692060
ybiY_ybiW_predicted,0.5,1,1,CGCATTCATTTGCCGGGTAT,0,4719808
ybiY_ybiW_predicted,0.5,1,1,CGCATTCAGGTTCCGGATTC,0,4706989
ybiY_ybiW_predicted,0.5,1,1,CGCATACAGCATGTTTCTGT,0,4701159
ybiY_ybiW_predicted,0.5,1,1,CGCAGAGCATAGTGCCCGCT,0,4724870
ybiY_ybiW_predicted,0.5,1,1,CGCACCGACGGGCGGACCCT,0,4702715
ybiY_ybiW_predicted,0.5,1,1,CGCACCAGTTTGTATCCTCT,0,4688965
ybiY_ybiW_predicted,0.5,1,1,CGCAATGTTCAGCCTCGGTA,0,4717009
ybiY_ybiW_predicted,0.5,1,1,CGCAATGCCCAAATGCACGC,0,4722852
ybiY_ybiW_predicted,0.5,1,1,CGATTTGTGGCAAGCCTATT,0,4692999
ybiY_ybiW_predicted,0.5,1,1,CGATTTCATCTTGGGGGTTA,0,4697263
ybiY_ybiW_predicted,0.5,1,1,CGATTGCCGGGGTGCGGCGC,0,4690841
ybiY_ybiW_predicted,0.5,1,1,CGATTGATCGCATGGTGGAG,0,4698529
ybiY_ybiW_predicted,0.5,1,1,CGATGTTCCACAAAGTCTAT,0,4731632
ybiY_ybiW_predicted,0.5,1,1,CGATGCTGCGTATTGCCAGT,0,4706301
ybiY_ybiW_predicted,0.5,1,1,CGATCGCATTAAAATTTCGC,0,4699518
ybiY_ybiW_predicted,0.5,1,1,CGAGGTACCTGGCGTACTGC,0,4719873
ybiY_ybiW_predicted,0.5,1,1,CGAGGGATCATTGTTTCGAA,0,4708713
ybiY_ybiW_predicted,0.5,1,1,CGAGGAGGGAGTTGTGGATC,0,4718786
ybiY_ybiW_predicted,0.5,1,1,CGAGACTCTGTGCAAGCCGG,0,4697476
ybiY_ybiW_predicted,0.5,1,1,CGACGGGAAGTTTGCGATTG,0,4699053
ybiY_ybiW_predicted,0.5,1,1,CGACCGTCGGGAGCGGTCGC,0,4723660
ybiY_ybiW_predicted,0.5,1,1,CGACCCTCCGATTGCTTGGG,0,4695490
ybiY_ybiW_predicted,0.5,1,1,CGAAGGAGTTAGTGCTTCTA,0,4691387
ybiY_ybiW_predicted,0.5,1,1,CGAACTTAGATCCATTTCTT,0,4692066
ybiY_ybiW_predicted,0.5,1,1,CGAACTCGAGGGCCTATTAA,0,4691805
ybiY_ybiW_predicted,0.5,1,1,CGAACCGTGATCTTTCGGAG,0,4710202
ybiY_ybiW_predicted,0.5,1,1,CGAACCCAGTGCCGCGCGGT,0,4727863
ybiY_ybiW_predicted,0.5,1,1,CGAAAACGTAATATGTCTTA,0,4690502
ybiY_ybiW_predicted,0.5,1,1,CCTTTACGGTAGTTTCCCGG,0,4704988
ybiY_ybiW_predicted,0.5,1,1,CCTTGTACTGTTGTAATAAC,0,4718440
ybiY_ybiW_predicted,0.5,1,1,CCTTCGTAGAGACTTGTCGT,0,4704052
ybiY_ybiW_predicted,0.5,1,1,CCTTAGTTGGCCACATGAGA,0,4729301
ybiY_ybiW_predicted,0.5,1,1,CCTGTCAGGGTCTTGTGTTT,0,4721023
ybiY_ybiW_predicted,0.5,1,1,CCTGGTTACTCACCGGGCAT,0,4709724
ybiY_ybiW_predicted,0.5,1,1,CCTGCTACAAGGTATTTTCC,0,4693337
ybiY_ybiW_predicted,0.5,1,1,CCTGCACGCTGACCGGAATC,0,4721994
ybiY_ybiW_predicted,0.5,1,1,CCTGAGGCCCAAAATGGGTC,0,4711470
ybiY_ybiW_predicted,0.5,1,1,CCTGAGAATTCGGCACATCT,0,4719438
ybiY_ybiW_predicted,0.5,1,1,CCTGACGAAACGACTAGGAG,0,4696232
ybiY_ybiW_predicted,0.5,1,1,CCTGAAATGGCTCTAGAGCT,0,4732613
ybiY_ybiW_predicted,0.5,1,1,CCTCTTGCTCTGAACGCTGG,0,4704637
ybiY_ybiW_predicted,0.5,1,1,CCTCTGCGCAAGCCGGCTTA,0,4695128
ybiY_ybiW_predicted,0.5,1,1,CCTCGTAGCCTTTCCGATGT,0,4714499
ybiY_ybiW_predicted,0.5,1,1,CCTCGGCAGCCCGCGTGTGA,0,4689108
ybiY_ybiW_predicted,0.5,1,1,CCTCCTGATGCCAGGGACTC,0,4715217
ybiY_ybiW_predicted,0.5,1,1,CCTCAAGGGGTAACGTCCTG,0,4693923
ybiY_ybiW_predicted,0.5,1,1,CCTATATAAGACTATCCCGG,0,4720668
ybiY_ybiW_predicted,0.5,1,1,CCTAGTATACAGTCTATTAC,0,4728704
ybiY_ybiW_predicted,0.5,1,1,CCTACCTTAATGATCTATGG,0,4726576
ybiY_ybiW_predicted,0.5,1,1,CCTAATGTACCGATTCCTTT,0,4723939
ybiY_ybiW_predicted,0.5,1,1,CCTAACCGAAAGTAAATACT,0,4711351
ybiY_ybiW_predicted,0.5,1,1,CCGTTGGGGATCCGACGTCA,0,4702774
ybiY_ybiW_predicted,0.5,1,1,CCGTTCTCAGGCGTTGAATA,0,4700335
ybiY_ybiW_predicted,0.5,1,1,CCGTGCGTTTATCATGCCGG,0,4726951
ybiY_ybiW_predicted,0.5,1,1,CCGTCGCGGATCGCCTAGAG,0,4716474
ybiY_ybiW_predicted,0.5,1,1,CCGTCACCACACGTCTGCCA,0,4700810
ybiY_ybiW_predicted,0.5,1,1,CCGGTGGGCCGCGCCCGGAA,0,4730826
ybiY_ybiW_predicted,0.5,1,1,CCGGTCGCTACAGGGCCTGT,0,4712312
ybiY_ybiW_predicted,0.5,1,1,CCGGGTTTACTCGCTTGAGC,0,4689980
ybiY_ybiW_predicted,0.5,1,1,CCGGCATCCCACTAACTAGA,0,4697058
ybiY_ybiW_predicted,0.5,1,1,CCGGCAACTGTCACTGGCCC,0,4720316
ybiY_ybiW_predicted,0.5,1,1,CCGCCTTGAACGGGCACAGC,0,4688709
ybiY_ybiW_predicted,0.5,1,1,CCGCCAGTGATTTCGTCCGA,0,4692529
ybiY_ybiW_predicted,0.5,1,1,CCGAGTTTAGACCATTATAA,0,4728151
ybiY_ybiW_predicted,0.5,1,1,CCGACAATCAGGATGCGTGA,0,4722810
ybiY_ybiW_predicted,0.5,1,1,CCGAAGGCGCGGTTGCGCGC,0,4708211
ybiY_ybiW_predicted,0.5,1,1,CCCTGTCTCTCTCCCTTAAG,0,4696109
ybiY_ybiW_predicted,0.5,1,1,CCCTGTCAATTCTTCAAGGC,0,4718908
ybiY_ybiW_predicted,0.5,1,1,CCCTGTCAACTTTGGGGTTG,0,4732614
ybiY_ybiW_predicted,0.5,1,1,CCCTGACAGACCGATTACGC,0,4695545
ybiY_ybiW_predicted,0.5,1,1,CCCTCGCACAGCTAATAGCA,0,4702143
ybiY_ybiW_predicted,0.5,1,1,CCCTAGCTACGAACCTGTGT,0,4706955
ybiY_ybiW_predicted,0.5,1,1,CCCGTGTGAGCGAGTCAAAT,0,4714049
ybiY_ybiW_predicted,0.5,1,1,CCCGTGCCATACGGGCTTGA,0,4700679
ybiY_ybiW_predicted,0.5,1,1,CCCGGGGGGGTTCTTTTCTT,0,4725518
ybiY_ybiW_predicted,0.5,1,1,CCCGGGCCTTGTTTACACTT,0,4706868
ybiY_ybiW_predicted,0.5,1,1,CCCGGCAATAAGTGGATTAG,0,4696776
ybiY_ybiW_predicted,0.5,1,1,CCCGCATATGGACATTAAAC,0,4703811
ybiY_ybiW_predicted,0.5,1,1,CCCGAGGTAGTGCGCGTAAC,0,4713960
ybiY_ybiW_predicted,0.5,1,1,CCCGAGCTATTTGCCAACGT,0,4692964
ybiY_ybiW_predicted,0.5,1,1,CCCCTCTCTTCAACCATTCA,0,4713427
ybiY_ybiW_predicted,0.5,1,1,CCCCGGGTAGCCAGACGCCT,0,4703136
ybiY_ybiW_predicted,0.5,1,1,CCCCGCTAGGTGCATTCGCG,0,4692375
ybiY_ybiW_predicted,0.5,1,1,CCCCGAGGAAGCAGTCCCTC,0,4721451
ybiY_ybiW_predicted,0.5,1,1,CCCCCTTCCCAGGCTGAAAA,0,4723326
ybiY_ybiW_predicted,0.5,1,1,CCCCCGTCTCCAAAAACGTA,0,4731980
ybiY_ybiW_predicted,0.5,1,1,CCCCAGGCTCCTCGAGTTAC,0,4717237
ybiY_ybiW_predicted,0.5,1,1,CCCACTGAGTGTCTATAAGT,0,4704862
ybiY_ybiW_predicted,0.5,1,1,CCCACGTTAAGTGAAGGTCA,0,4705805
ybiY_ybiW_predicted,0.5,1,1,CCCACGCCAATGTCCCGGCA,0,4719752
ybiY_ybiW_predicted,0.5,1,1,CCATTTCGGATATATGCCAG,0,4721864
ybiY_ybiW_predicted,0.5,1,1,CCATGTGAGGGTGATTATAC,0,4698774
ybiY_ybiW_predicted,0.5,1,1,CCATGTACCGATCTGACCCC,0,4690770
ybiY_ybiW_predicted,0.5,1,1,CCATGATCGCTGTTAGTGCC,0,4703558
ybiY_ybiW_predicted,0.5,1,1,CCATGAGTTAAAATAGACTC,0,4689053
ybiY_ybiW_predicted,0.5,1,1,CCATGAGGGATCGGCAAGCT,0,4714243
ybiY_ybiW_predicted,0.5,1,1,CCATGAGAGCTCCCGATGAC,0,4720793
ybiY_ybiW_predicted,0.5,1,1,CCATCCGCTTGGGGCCAGTA,0,4728801
ybiY_ybiW_predicted,0.5,1,1,CCATAGCAAGGCCTCGTTCG,0,4698703
ybiY_ybiW_predicted,0.5,1,1,CCATACTTCTTTCAGCCGTT,0,4717784
ybiY_ybiW_predicted,0.5,1,1,CCATACTTCTTGCTGACGTG,0,4725379
ybiY_ybiW_predicted,0.5,1,1,CCAGTGATTCGTGGAGCGAT,0,4705018
ybiY_ybiW_predicted,0.5,1,1,CCAGGCTAAGGTACGGTAAA,0,4695133
ybiY_ybiW_predicted,0.5,1,1,CCAGGATGGCGGGTTTATCT,0,4691306
ybiY_ybiW_predicted,0.5,1,1,CCAGCTGACAACCCGCTCCA,0,4688739
ybiY_ybiW_predicted,0.5,1,1,CCAGATTCTCGGCCCGGCGT,0,4714871
ybiY_ybiW_predicted,0.5,1,1,CCAGAAATGACCACCTCGTA,0,4729704
ybiY_ybiW_predicted,0.5,1,1,CCACTTCTCTCTCTCTACCC,0,4712300
ybiY_ybiW_predicted,0.5,1,1,CCACTTAAGGGCGCAGATCA,0,4704500
ybiY_ybiW_predicted,0.5,1,1,CCACTGACAACCTTACTACG,0,4699785
ybiY_ybiW_predicted,0.5,1,1,CCACGCTTTCGCTCCACAGC,0,4724782
ybiY_ybiW_predicted,0.5,1,1,CCACCACAGTCGATCACTGT,0,4720099
ybiY_ybiW_predicted,0.5,1,1,CCACCACAAGATCTCTACCA,0,4717514
ybiY_ybiW_predicted,0.5,1,1,CCACAGTGGCGACTTGTGGC,0,4722906
ybiY_ybiW_predicted,0.5,1,1,CCAATTTCCTAAACTATTGG,0,4717689
ybiY_ybiW_predicted,0.5,1,1,CCAAGTGTCTGAACCGGGCT,0,4699366
ybiY_ybiW_predicted,0.5,1,1,CCAACGACCTATATACACGG,0,4692633
ybiY_ybiW_predicted,0.5,1,1,CCAACCCTATAAGCGTAACA,0,4709235
ybiY_ybiW_predicted,0.5,1,1,CCAACCAGATTGCGTTTAGA,0,4700921
ybiY_ybiW_predicted,0.5,1,1,CCAAAGGCCTGGAAAGAGTA,0,4710802
ybiY_ybiW_predicted,0.5,1,1,CATTTTTCAATGAGGGTTGG,0,4723223
ybiY_ybiW_predicted,0.5,1,1,CATTGTCAAGAATGAGGGTC,0,4716349
ybiY_ybiW_predicted,0.5,1,1,CATTGGCGCATATAGATGTG,0,4713188
ybiY_ybiW_predicted,0.5,1,1,CATTCCCAAGGCATACCTTC,0,4721484
ybiY_ybiW_predicted,0.5,1,1,CATTCAACTAGGCATCCGCA,0,4702545
ybiY_ybiW_predicted,0.5,1,1,CATTAGAAACATTTAGACAA,0,4721878
ybiY_ybiW_predicted,0.5,1,1,CATGTTTGTGTGCACCCGGT,0,4727047
ybiY_ybiW_predicted,0.5,1,1,CATGTACTTGGGCTTAGGGA,0,4702549
ybiY_ybiW_predicted,0.5,1,1,CATGGCTGCGCTCGTAGATC,0,4691667
ybiY_ybiW_predicted,0.5,1,1,CATGGAATCCAAATCAGCTG,0,4726777
ybiY_ybiW_predicted,0.5,1,1,CATGCGAGTATGGGGCCGGC,0,4701893
ybiY_ybiW_predicted,0.5,1,1,CATCTATGTGAAACTTCGAA,0,4697675
ybiY_ybiW_predicted,0.5,1,1,CATCTACCCGGGAGTAATGA,0,4705327
ybiY_ybiW_predicted,0.5,1,1,CATCCTTTCTAGTGAATGGT,0,4722398
ybiY_ybiW_predicted,0.5,1,1,CATCCTCGGCCCGTCTATAC,0,4701031
ybiY_ybiW_predicted,0.5,1,1,CATCCCTCCTGGCGCAACAT,0,4701932
ybiY_ybiW_predicted,0.5,1,1,CATCAGAGTGTGTATCCATC,0,4706164
ybiY_ybiW_predicted,0.5,1,1,CATATGTAGCAAGCCACCGT,0,4714238
ybiY_ybiW_predicted,0.5,1,1,CATAGTGGCACAGTGGCGGC,0,4696430
ybiY_ybiW_predicted,0.5,1,1,CATAGTATCGGGTAGTAAAG,0,4704952
ybiY_ybiW_predicted,0.5,1,1,CATACTAACGACATTTCGTG,0,4728886
ybiY_ybiW_predicted,0.5,1,1,CATACGGGTATGGCTCCGAA,0,4689527
ybiY_ybiW_predicted,0.5,1,1,CATAATTAGGCCACTGTGGT,0,4726459
ybiY_ybiW_predicted,0.5,1,1,CATAAGCGGGAGTCCCATCA,0,4731297
ybiY_ybiW_predicted,0.5,1,1,CATAAAGGAAGGGAAATAAG,0,4718566
ybiY_ybiW_predicted,0.5,1,1,CAGTTCCAGGGGAGATACGA,0,4689814
ybiY_ybiW_predicted,0.5,1,1,CAGTTCAGAGGTTACGTTGG,0,4697986
ybiY_ybiW_predicted,0.5,1,1,CAGTTACAAGTTATCCCCTC,0,4719879
ybiY_ybiW_predicted,0.5,1,1,CAGTGAGGATCTTTCTGAAG,0,4697961
ybiY_ybiW_predicted,0.5,1,1,CAGTGACGAACTAGCAATAC,0,4724327
ybiY_ybiW_predicted,0.5,1,1,CAGTCTATTTTACCAATAAT,0,4722547
ybiY_ybiW_predicted,0.5,1,1,CAGTCGCCACGTACATCAAA,0,4693902
ybiY_ybiW_predicted,0.5,1,1,CAGTCAACGATACATAAAGG,0,4720223
ybiY_ybiW_predicted,0.5,1,1,CAGGGGCATCCTGTGAAGGT,0,4688661
ybiY_ybiW_predicted,0.5,1,1,CAGGGCAAGCAGTCGATCGT,0,4703217
ybiY_ybiW_predicted,0.5,1,1,CAGGATTTGAGTACGTTCCT,0,4727591
ybiY_ybiW_predicted,0.5,1,1,CAGGATCCGCGAGAGTGCGT,0,4717455
ybiY_ybiW_predicted,0.5,1,1,CAGGAGGAGAGAGGGGAGGG,0,4701708
ybiY_ybiW_predicted,0.5,1,1,CAGGACACAAAATGCAAGGG,0,4729296
ybiY_ybiW_predicted,0.5,1,1,CAGCTTCCACCGCCGCACTT,0,4723696
ybiY_ybiW_predicted,0.5,1,1,CAGCTCCTTATCTCGTTCGT,0,4691838
ybiY_ybiW_predicted,0.5,1,1,CAGCGCTAGACAAGTAATGT,0,4692024
ybiY_ybiW_predicted,0.5,1,1,CAGCCCGGGATAGGTATGGC,0,4725819
ybiY_ybiW_predicted,0.5,1,1,CAGATGCCGTTTATAAAAAG,0,4713926
ybiY_ybiW_predicted,0.5,1,1,CAGACTTTTCAACACGGCCC,0,4689193
ybiY_ybiW_predicted,0.5,1,1,CAGACTCCGCTTTCCTTGAC,0,4715694
ybiY_ybiW_predicted,0.5,1,1,CAGAAATTGCAACGCGCGAC,0,4696121
ybiY_ybiW_predicted,0.5,1,1,CACTCTACAGGGCCACCCCG,0,4714181
ybiY_ybiW_predicted,0.5,1,1,CACTCATTCGCGCGGTAGCA,0,4705779
ybiY_ybiW_predicted,0.5,1,1,CACTAATATTACCAGAACAT,0,4716491
ybiY_ybiW_predicted,0.5,1,1,CACGTGTTCCGTTTGATAAA,0,4712910
ybiY_ybiW_predicted,0.5,1,1,CACGGCCGCAGAGAGGAAAT,0,4708900
ybiY_ybiW_predicted,0.5,1,1,CACGCGGGGTGTCTTTTTGC,0,4729128
ybiY_ybiW_predicted,0.5,1,1,CACGCCCTCGTACAGGGGTG,0,4709818
ybiY_ybiW_predicted,0.5,1,1,CACGATCTCCCTAGGTGAGA,0,4709898
ybiY_ybiW_predicted,0.5,1,1,CACCTTATTATATTTGGCCT,0,4694540
ybiY_ybiW_predicted,0.5,1,1,CACCTAGAGCGTGATCGGGC,0,4710667
ybiY_ybiW_predicted,0.5,1,1,CACCGGGACTGGTACATCGC,0,4716036
ybiY_ybiW_predicted,0.5,1,1,CACCGGCTGCCCTTCAACTA,0,4698518
ybiY_ybiW_predicted,0.5,1,1,CACCGAACTTTGATGCGAGC,0,4703664
ybiY_ybiW_predicted,0.5,1,1,CACCAGGGGCTAATTCTCGC,0,4730611
ybiY_ybiW_predicted,0.5,1,1,CACCAGAAGGTGCCGCCCCT,0,4726434
ybiY_ybiW_predicted,0.5,1,1,CACCACAACATGCTGCGTTG,0,4688666
ybiY_ybiW_predicted,0.5,1,1,CACATGCGTTAACTGATGAG,0,4724668
ybiY_ybiW_predicted,0.5,1,1,CACATCTACGACGTTCTGGG,0,4725248
ybiY_ybiW_predicted,0.5,1,1,CACAGACTGCTCTAGTATTG,0,4718899
ybiY_ybiW_predicted,0.5,1,1,CACACTGTGTCGTCAATTCA,0,4689282
ybiY_ybiW_predicted,0.5,1,1,CACACCCTGGTTCTGTCGCT,0,4708097
ybiY_ybiW_predicted,0.5,1,1,CACAATCTCGTACAGGTTCT,0,4700251
ybiY_ybiW_predicted,0.5,1,1,CACAACCAACTCGGTTTTGG,0,4706931
ybiY_ybiW_predicted,0.5,1,1,CACAACACCCTATTTCTTGC,0,4722408
ybiY_ybiW_predicted,0.5,1,1,CAATTTGGCCCTGACGCAGG,0,4730207
ybiY_ybiW_predicted,0.5,1,1,CAATGTCCGTTACGCCAAGA,0,4729330
ybiY_ybiW_predicted,0.5,1,1,CAATGAGCTCTATATGGGAT,0,4716189
ybiY_ybiW_predicted,0.5,1,1,CAATCTGCAGGGGGTAGTTG,0,4696748
ybiY_ybiW_predicted,0.5,1,1,CAATATCACTCGACTGGAAC,0,4729992
ybiY_ybiW_predicted,0.5,1,1,CAATAGCGCAGCCCGCGTGT,0,4722038
ybiY_ybiW_predicted,0.5,1,1,CAAGTAAGTCGGATTGAAAT,0,4695556
ybiY_ybiW_predicted,0.5,1,1,CAAGGTTTAGTCCGGAGTTG,0,4698443
ybiY_ybiW_predicted,0.5,1,1,CAAGGCAGGATACGTCGGGG,0,4715081
ybiY_ybiW_predicted,0.5,1,1,CAAGCTCACGAGGTACGCGA,0,4703892
ybiY_ybiW_predicted,0.5,1,1,CAAGAAGAACAGATTAGATC,0,4694060
ybiY_ybiW_predicted,0.5,1,1,CAACGGTTTCTCGCCAATGA,0,4705724
ybiY_ybiW_predicted,0.5,1,1,CAACGGTCGGTCACGATACT,0,4715034
ybiY_ybiW_predicted,0.5,1,1,CAACGGTCACGGTCATTTGG,0,4729452
ybiY_ybiW_predicted,0.5,1,1,CAACGGCTACCGTCTGTCAG,0,4728345
ybiY_ybiW_predicted,0.5,1,1,CAACGCGCAGGATGCAAATG,0,4728788
ybiY_ybiW_predicted,0.5,1,1,CAACGAACGTTAGAGGATGT,0,4700484
ybiY_ybiW_predicted,0.5,1,1,CAACCGTAAAACAGACTGAG,0,4709771
ybiY_ybiW_predicted,0.5,1,1,CAACCACGGAGTAAGCGTAC,0,4689342
ybiY_ybiW_predicted,0.5,1,1,CAACAGGGGTGGTGATTGTC,0,4731196
ybiY_ybiW_predicted,0.5,1,1,CAACACTTGTGGGGGGTTAG,0,4698532
ybiY_ybiW_predicted,0.5,1,1,CAAATGGGTCAGTGGGAAAA,0,4700812
ybiY_ybiW_predicted,0.5,1,1,CAAATCTACAATGCGAATAC,0,4719059
ybiY_ybiW_predicted,0.5,1,1,CAAAGCACATAACGCGAAGC,0,4698891
ybiY_ybiW_predicted,0.5,1,1,CAAACTTAGCATCCGGGGCA,0,4715849
ybiY_ybiW_predicted,0.5,1,1,CAAACGGAGATACGGGGATT,0,4720204
ybiY_ybiW_predicted,0.5,1,1,ATTTTTGTTCCGAACCCCTT,0,4703087
ybiY_ybiW_predicted,0.5,1,1,ATTTTTCTGAAGCGTAAGTG,0,4702783
ybiY_ybiW_predicted,0.5,1,1,ATTTTTCTAGTTCATTGCGG,0,4728944
ybiY_ybiW_predicted,0.5,1,1,ATTTCGCTAAATTTGCCACA,0,4689341
ybiY_ybiW_predicted,0.5,1,1,ATTTCCAAGCTTTTCATTAC,0,4729454
ybiY_ybiW_predicted,0.5,1,1,ATTTATTCGGCTCCGGCCCA,0,4693399
ybiY_ybiW_predicted,0.5,1,1,ATTTATCCATGACCTTACTA,0,4719175
ybiY_ybiW_predicted,0.5,1,1,ATTTACCCAGGTAGGACGGA,0,4703370
ybiY_ybiW_predicted,0.5,1,1,ATTTAACTTAGTCGGCCACC,0,4698349
ybiY_ybiW_predicted,0.5,1,1,ATTGTGCGGTATCCATGATG,0,4711946
ybiY_ybiW_predicted,0.5,1,1,ATTGTCAACAAGTCGCGCAT,0,4699761
ybiY_ybiW_predicted,0.5,1,1,ATTGGTATATATGACTCTGG,0,4689977
ybiY_ybiW_predicted,0.5,1,1,ATTGGCTGCTTATGCTATAT,0,4697478
ybiY_ybiW_predicted,0.5,1,1,ATTGGAACTCGTAATAGGGC,0,4706350
ybiY_ybiW_predicted,0.5,1,1,ATTGCGCGACAGGCCACAAT,0,4719227
ybiY_ybiW_predicted,0.5,1,1,ATTGAGATACGAAGATATAT,0,4693579
ybiY_ybiW_predicted,0.5,1,1,ATTGAGAAACAATCCCGAGT,0,4701157
ybiY_ybiW_predicted,0.5,1,1,ATTGACCGCGGCCTATGACC,0,4711154
ybiY_ybiW_predicted,0.5,1,1,ATTCGAAGCTACCCTCACAT,0,4689604
ybiY_ybiW_predicted,0.5,1,1,ATTCCCTCATGGGTTACATT,0,4689094
ybiY_ybiW_predicted,0.5,1,1,ATTCAAGCGAGCGTCGGCTA,0,4719644
ybiY_ybiW_predicted,0.5,1,1,ATTATGTGGATCTTAAATCT,0,4696680
ybiY_ybiW_predicted,0.5,1,1,ATTATGTCGTCCGGGTCGTA,0,4712480
ybiY_ybiW_predicted,0.5,1,1,ATTATGAGTAGTGCCCGTGC,0,4706043
ybiY_ybiW_predicted,0.5,1,1,ATTATCGACCCCAGGGGACA,0,4726191
ybiY_ybiW_predicted,0.5,1,1,ATTATACTTAAGTTATTCAG,0,4694525
ybiY_ybiW_predicted,0.5,1,1,ATTAGGTCGATCAATTTCGA,0,4732644
ybiY_ybiW_predicted,0.5,1,1,ATTAGGGCTGCTTTAAACGC,0,4708977
ybiY_ybiW_predicted,0.5,1,1,ATTAGAACTCCTACGCTGCA,0,4708171
ybiY_ybiW_predicted,0.5,1,1,ATTACTACGGTAAAGCCTAT,0,4701140
ybiY_ybiW_predicted,0.5,1,1,ATTACGTGACACTGCTACTA,0,4723413
ybiY_ybiW_predicted,0.5,1,1,ATTAAGCTGAATGGTGGGCG,0,4723118
ybiY_ybiW_predicted,0.5,1,1,ATTAAGCCGGGGGTTACACC,0,4725334
ybiY_ybiW_predicted,0.5,1,1,ATTAAGAAAGCGAGGTCAGC,0,4718929
ybiY_ybiW_predicted,0.5,1,1,ATTAAACAATGGCTCCTGTT,0,4732031
ybiY_ybiW_predicted,0.5,1,1,ATGTTGAGTATAGCCGGGAT,0,4722376
ybiY_ybiW_predicted,0.5,1,1,ATGTTGAGAACAACGATGTT,0,4719711
ybiY_ybiW_predicted,0.5,1,1,ATGTTACGCGCATAGATTGA,0,4718905
ybiY_ybiW_predicted,0.5,1,1,ATGTGTGTTAGGACATTGTT,0,4724225
ybiY_ybiW_predicted,0.5,1,1,ATGTGAGACATTGGAGCGGC,0,4698515
ybiY_ybiW_predicted,0.5,1,1,ATGTCTTCTTTGTGCGTTTA,0,4725015
ybiY_ybiW_predicted,0.5,1,1,ATGTCTGACTAGCACATCGA,0,4729336
ybiY_ybiW_predicted,0.5,1,1,ATGTCCTTACGGTGACAACA,0,4688664
ybiY_ybiW_predicted,0.5,1,1,ATGTCATTCCTCAGAGGAAT,0,4722247
ybiY_ybiW_predicted,0.5,1,1,ATGGTGCGTTCCCCAGGGCC,0,4700141
ybiY_ybiW_predicted,0.5,1,1,ATGGGTCACCGTCGGGCTCA,0,4693292
ybiY_ybiW_predicted,0.5,1,1,ATGGGAGAAAAGAAGCAGTC,0,4729214
ybiY_ybiW_predicted,0.5,1,1,ATGGCACCAGTATGGTCAGT,0,4708201
ybiY_ybiW_predicted,0.5,1,1,ATGGACGTTTCGGTCTACGG,0,4713455
ybiY_ybiW_predicted,0.5,1,1,ATGCTGGCGGGCACGGTGAA,0,4729064
ybiY_ybiW_predicted,0.5,1,1,ATGCTCGCACATTACTTCTA,0,4713924
ybiY_ybiW_predicted,0.5,1,1,ATGCGGTAAGTATATTGGGG,0,4710508
ybiY_ybiW_predicted,0.5,1,1,ATGCGACAGGGATAATATAA,0,4712509
ybiY_ybiW_predicted,0.5,1,1,ATGCCTTCCATTCAGAGGGG,0,4704183
ybiY_ybiW_predicted,0.5,1,1,ATGCCTGACCAAGTCGTGGT,0,4699963
ybiY_ybiW_predicted,0.5,1,1,ATGCCAATGATAGAAACCGT,0,4725716
ybiY_ybiW_predicted,0.5,1,1,ATGCATACGTTTGGGCCGAT,0,4716207
ybiY_ybiW_predicted,0.5,1,1,ATGCAGATGGATCAACTGAC,0,4691781
ybiY_ybiW_predicted,0.5,1,1,ATGATTATTTGCTTAGGGAA,0,4694319
ybiY_ybiW_predicted,0.5,1,1,ATGATAAGGCACACTAAGCC,0,4728112
ybiY_ybiW_predicted,0.5,1,1,ATGAGCTTACTGCAGGTTCC,0,4704850
ybiY_ybiW_predicted,0.5,1,1,ATGAGCAAGGAGGACGAGGT,0,4700216
ybiY_ybiW_predicted,0.5,1,1,ATGAGATGGCCCGGCTGTGC,0,4690116
ybiY_ybiW_predicted,0.5,1,1,ATCTGTGTTACTTCCCCTCG,0,4718769
ybiY_ybiW_predicted,0.5,1,1,ATCTGCCTCGGCGCCCGGCG,0,4727393
ybiY_ybiW_predicted,0.5,1,1,ATCTCGTGGATATCGAGGTA,0,4726118
ybiY_ybiW_predicted,0.5,1,1,ATCTCAGTTCAAACACTCTC,0,4727698
ybiY_ybiW_predicted,0.5,1,1,ATCTAGCGATTCGACAGACG,0,4699540
ybiY_ybiW_predicted,0.5,1,1,ATCGTGCAAATCGGGGCATT,0,4704551
ybiY_ybiW_predicted,0.5,1,1,ATCGTCACAATATGACAAGA,0,4729333
ybiY_ybiW_predicted,0.5,1,1,ATCGTATGGTATCCTTATTG,0,4718273
ybiY_ybiW_predicted,0.5,1,1,ATCGGTACTTCCCTCTGCTA,0,4730050
ybiY_ybiW_predicted,0.5,1,1,ATCGGCCAGTGTTTGTAACA,0,4701864
ybiY_ybiW_predicted,0.5,1,1,ATCGCTATGACCCCGGATTA,0,4730813
ybiY_ybiW_predicted,0.5,1,1,ATCGCAGGTCAGCCACATGC,0,4690196
ybiY_ybiW_predicted,0.5,1,1,ATCGATCGAGCCTAGCATTG,0,4705838
ybiY_ybiW_predicted,0.5,1,1,ATCGAGTAACCTGAAAGGGG,0,4709309
ybiY_ybiW_predicted,0.5,1,1,ATCGACGATCCGCGAAAGAC,0,4698656
ybiY_ybiW_predicted,0.5,1,1,ATCGAATGTACTATCCGGAG,0,4695353
ybiY_ybiW_predicted,0.5,1,1,ATCCGTGTTTTCCACTGTTT,0,4730531
ybiY_ybiW_predicted,0.5,1,1,ATCCCTAGGGTTAGCACAGG,0,4693636
ybiY_ybiW_predicted,0.5,1,1,ATCCCCGTCAATGGGAATAG,0,4731352
ybiY_ybiW_predicted,0.5,1,1,ATCCACCACGATCCGTTTCT,0,4728641
ybiY_ybiW_predicted,0.5,1,1,ATCCAACATTTCTAGATTTG,0,4708561
ybiY_ybiW_predicted,0.5,1,1,ATCAGCGCGCGAACTCACAA,0,4706580
ybiY_ybiW_predicted,0.5,1,1,ATCAGCCTGTCTGCGTAGGA,0,4719248
ybiY_ybiW_predicted,0.5,1,1,ATCAGATCTGGGGGCGCCAC,0,4698605
ybiY_ybiW_predicted,0.5,1,1,ATCACGATTCCACCGCGGAT,0,4717364
ybiY_ybiW_predicted,0.5,1,1,ATCAAGGTACAGTGGGTGTA,0,4695928
ybiY_ybiW_predicted,0.5,1,1,ATCAAAGTGTCCTGGATTAA,0,4707785
ybiY_ybiW_predicted,0.5,1,1,ATATTAGGAAACGGATATCC,0,4711726
ybiY_ybiW_predicted,0.5,1,1,ATATGATCAAGTGCGGCTGA,0,4701201
ybiY_ybiW_predicted,0.5,1,1,ATAGTCTTTCGTAACACTCC,0,4725236
ybiY_ybiW_predicted,0.5,1,1,ATAGGGTAACGAACCAGTCC,0,4693462
ybiY_ybiW_predicted,0.5,1,1,ATAGGGAAATCTCAACATGG,0,4705310
ybiY_ybiW_predicted,0.5,1,1,ATAGGACACCGCAATTTGCA,0,4731398
ybiY_ybiW_predicted,0.5,1,1,ATAGAGCTAATTCCCGCTGA,0,4710172
ybiY_ybiW_predicted,0.5,1,1,ATAGAATGCATTATCTATTC,0,4691585
ybiY_ybiW_predicted,0.5,1,1,ATACGTGTCGCGATCGTGGG,0,4724482
ybiY_ybiW_predicted,0.5,1,1,ATACGGTTGCTCTTTGTTGG,0,4724241
ybiY_ybiW_predicted,0.5,1,1,ATACGGGCAGTTTTTGGATG,0,4690201
ybiY_ybiW_predicted,0.5,1,1,ATACGAAGGCTCGAAGTGTA,0,4702950
ybiY_ybiW_predicted,0.5,1,1,ATACCTCCTACAGATGCCAA,0,4715297
ybiY_ybiW_predicted,0.5,1,1,ATAATCGTGTATGCTGGCCC,0,4723861
ybiY_ybiW_predicted,0.5,1,1,ATAATCGGTGCTAGCGCCCT,0,4717244
ybiY_ybiW_predicted,0.5,1,1,ATAAGTACTATAAGCTCCAA,0,4698630
ybiY_ybiW_predicted,0.5,1,1,ATAAGCCAGCACGTCTGCTA,0,4721885
ybiY_ybiW_predicted,0.5,1,1,ATAACTCACTACGTCATAGT,0,4715957
ybiY_ybiW_predicted,0.5,1,1,ATAACGCGCCCCCCTCATCG,0,4693012
ybiY_ybiW_predicted,0.5,1,1,ATAACCTCATTATCGGCTCA,0,4702036
ybiY_ybiW_predicted,0.5,1,1,ATAACAACACTTTGACGCGA,0,4697724
ybiY_ybiW_predicted,0.5,1,1,ATAAATGGGGTACGTCGATA,0,4713958
ybiY_ybiW_predicted,0.5,1,1,AGTTTGTGTGTTCACACTGG,0,4730609
ybiY_ybiW_predicted,0.5,1,1,AGTTGTGACATCAGCCCGAA,0,4724239
ybiY_ybiW_predicted,0.5,1,1,AGTTGTAGTGGAGTGCTTTC,0,4731111
ybiY_ybiW_predicted,0.5,1,1,AGTTGCCATACTTAGAGTTC,0,4720788
ybiY_ybiW_predicted,0.5,1,1,AGTTCCTTCGATGACGTGCG,0,4694868
ybiY_ybiW_predicted,0.5,1,1,AGTTACGTTCCCGTCTTTGT,0,4723024
ybiY_ybiW_predicted,0.5,1,1,AGTTACGGATGCACCTTGAA,0,4723302
ybiY_ybiW_predicted,0.5,1,1,AGTGGTTTTTAAAGACCGTA,0,4713876
ybiY_ybiW_predicted,0.5,1,1,AGTGGGTGGGACTGGACCGG,0,4695924
ybiY_ybiW_predicted,0.5,1,1,AGTGGCCTAGCGCTTACACG,0,4719241
ybiY_ybiW_predicted,0.5,1,1,AGTGCTGGATGGGTTCCTCT,0,4699791
ybiY_ybiW_predicted,0.5,1,1,AGTGCACAGTGATTTAGGTG,0,4696115
ybiY_ybiW_predicted,0.5,1,1,AGTCTCACGTGGCCATGGGG,0,4724315
ybiY_ybiW_predicted,0.5,1,1,AGTCGTACCGCATTACATTC,0,4703433
ybiY_ybiW_predicted,0.5,1,1,AGTCGGTCGTCCCGCGGTGC,0,4722263
ybiY_ybiW_predicted,0.5,1,1,AGTCGCTTTATGAAAAAGAT,0,4697630
ybiY_ybiW_predicted,0.5,1,1,AGTCCGGTGCAAAGTACGCT,0,4694684
ybiY_ybiW_predicted,0.5,1,1,AGTCCCTCCCATGACCTATG,0,4718542
ybiY_ybiW_predicted,0.5,1,1,AGTATCGGTACACATGCGAT,0,4693244
ybiY_ybiW_predicted,0.5,1,1,AGTACTTGGTGCTAAACATT,0,4702606
ybiY_ybiW_predicted,0.5,1,1,AGTACTGAATTTCTGGGATA,0,4731318
ybiY_ybiW_predicted,0.5,1,1,AGTACATAGTCAAGGGGGCG,0,4726452
ybiY_ybiW_predicted,0.5,1,1,AGGTTCCCTACGACGGATCT,0,4700759
ybiY_ybiW_predicted,0.5,1,1,AGGTGTTTTTTCTCAGTGAC,0,4728854
ybiY_ybiW_predicted,0.5,1,1,AGGTGATGGTGACCAACCCA,0,4712794
ybiY_ybiW_predicted,0.5,1,1,AGGTGAGTAAAGTTTCTTAT,0,4728110
ybiY_ybiW_predicted,0.5,1,1,AGGTCCATAGAGTGTTGTGT,0,4708753
ybiY_ybiW_predicted,0.5,1,1,AGGTCAGGATAGTAGGGGAT,0,4716683
ybiY_ybiW_predicted,0.5,1,1,AGGGTTCATTAAGTGTAATG,0,4712719
ybiY_ybiW_predicted,0.5,1,1,AGGGTTACGCCGGGCTAGAG,0,4698736
ybiY_ybiW_predicted,0.5,1,1,AGGGGTTAGCTACCACCTCT,0,4714390
ybiY_ybiW_predicted,0.5,1,1,AGGGGCGAAGCCTAGTACTG,0,4696334
ybiY_ybiW_predicted,0.5,1,1,AGGGGATTGGGTGAGTATTC,0,4710977
ybiY_ybiW_predicted,0.5,1,1,AGGGCGATGTGTTTATTCAG,0,4717630
ybiY_ybiW_predicted,0.5,1,1,AGGGATGTCCGGTAGGCAGA,0,4723799
ybiY_ybiW_predicted,0.5,1,1,AGGGATCAAACAATCCTTAT,0,4701862
ybiY_ybiW_predicted,0.5,1,1,AGGGACGGCTCTGCGTAAGA,0,4727197
ybiY_ybiW_predicted,0.5,1,1,AGGCTGGGTAGATTACACGA,0,4719776
ybiY_ybiW_predicted,0.5,1,1,AGGCTGCGGATTGGGCGCGT,0,4723606
ybiY_ybiW_predicted,0.5,1,1,AGGCTCCGTTCCGGCGGTTT,0,4714639
ybiY_ybiW_predicted,0.5,1,1,AGGCTAACCGCATTTCACCT,0,4689209
ybiY_ybiW_predicted,0.5,1,1,AGGCGAAAGGGTGTTACCTT,0,4721741
ybiY_ybiW_predicted,0.5,1,1,AGGCCATGATGACAGTTTTT,0,4693300
ybiY_ybiW_predicted,0.5,1,1,AGGCACTCGATTGGGGTCGA,0,4707894
ybiY_ybiW_predicted,0.5,1,1,AGGATTCAGTTTGTCCCCAC,0,4702310
ybiY_ybiW_predicted,0.5,1,1,AGGACGCATACCTCTCCACA,0,4693562
ybiY_ybiW_predicted,0.5,1,1,AGGAAGTAACTGGCCATATG,0,4713756
ybiY_ybiW_predicted,0.5,1,1,AGCTTATTGAGCAGGCCTAA,0,4692488
ybiY_ybiW_predicted,0.5,1,1,AGCTGTTATCATTCTCAGCC,0,4717783
ybiY_ybiW_predicted,0.5,1,1,AGCTGTAGGTACACTGCAAT,0,4698697
ybiY_ybiW_predicted,0.5,1,1,AGCTGGTAGTGAGAGCTGTA,0,4719047
ybiY_ybiW_predicted,0.5,1,1,AGCTGATGACTTAGCGAAGT,0,4721638
ybiY_ybiW_predicted,0.5,1,1,AGCGTTGGCTTTGCGGTGGA,0,4721272
ybiY_ybiW_predicted,0.5,1,1,AGCGTCTGTGTTCACCCTCG,0,4712550
ybiY_ybiW_predicted,0.5,1,1,AGCGTCGTCAGGTAATACGA,0,4730899
ybiY_ybiW_predicted,0.5,1,1,AGCGGGGGCCATGGGCCGGC,0,4717153
ybiY_ybiW_predicted,0.5,1,1,AGCGGGCGCCATTCAATGAG,0,4717379
ybiY_ybiW_predicted,0.5,1,1,AGCGGACCAGGGATCCATAA,0,4702514
ybiY_ybiW_predicted,0.5,1,1,AGCCTTCCACTACTTCATCA,0,4727324
ybiY_ybiW_predicted,0.5,1,1,AGCCTGTGTAAGAGCACCAC,0,4700304
ybiY_ybiW_predicted,0.5,1,1,AGCCTCACATATCCATTATC,0,4692621
ybiY_ybiW_predicted,0.5,1,1,AGCCGAACCAGTTCCGTTCA,0,4718213
ybiY_ybiW_predicted,0.5,1,1,AGCCACGCAAAAATAAGACA,0,4721723
ybiY_ybiW_predicted,0.5,1,1,AGCATGGGTTAACACTGACT,0,4710028
ybiY_ybiW_predicted,0.5,1,1,AGCATCTAAGTCATTCTCAT,0,4713988
ybiY_ybiW_predicted,0.5,1,1,AGCAGTTTGCGCCAGGCAAT,0,4721578
ybiY_ybiW_predicted,0.5,1,1,AGCACTGCCGGCCTGAGAAA,0,4689478
ybiY_ybiW_predicted,0.5,1,1,AGCACTATGATATGCCCTTA,0,4699489
ybiY_ybiW_predicted,0.5,1,1,AGCACCCCCGTAGGCGAGAC,0,4721531
ybiY_ybiW_predicted,0.5,1,1,AGCACAGATTGTCTCGCAAG,0,4696634
ybiY_ybiW_predicted,0.5,1,1,AGCAATTGAGCTTTGGCAGT,0,4725411
ybiY_ybiW_predicted,0.5,1,1,AGCAAAGCACGCGTCCAGTT,0,4708057
ybiY_ybiW_predicted,0.5,1,1,AGATCCTTGGGAAAACTTCA,0,4702939
ybiY_ybiW_predicted,0.5,1,1,AGATAAAGGCGCATTGGCGG,0,4721288
ybiY_ybiW_predicted,0.5,1,1,AGAGGTAGGAATCTTATGAG,0,4722491
ybiY_ybiW_predicted,0.5,1,1,AGAGCTCTACCTCGAATTAG,0,4714903
ybiY_ybiW_predicted,0.5,1,1,AGAGCTCGCGGTTATTTGGG,0,4712951
ybiY_ybiW_predicted,0.5,1,1,AGAGCGGCATGCCGTGCGTG,0,4731515
ybiY_ybiW_predicted,0.5,1,1,AGAGCAGCGCCTAGCGGGGC,0,4698123
ybiY_ybiW_predicted,0.5,1,1,AGAGACGACGATTGTTTGGT,0,4699363
ybiY_ybiW_predicted,0.5,1,1,AGACTGCATTTCCTGGACTA,0,4704195
ybiY_ybiW_predicted,0.5,1,1,AGACCTGTTCTCGGGACATG,0,4692490
ybiY_ybiW_predicted,0.5,1,1,AGACCTGTGCCGACAAATAT,0,4724898
ybiY_ybiW_predicted,0.5,1,1,AGACCGCTCCAGTTAGTCGT,0,4721800
ybiY_ybiW_predicted,0.5,1,1,AGACATTCATAGTTGTTGTA,0,4723144
ybiY_ybiW_predicted,0.5,1,1,AGACAGCAATAACGGGGAAC,0,4692819
ybiY_ybiW_predicted,0.5,1,1,AGACACTGTGAGCTTAGTGG,0,4727022
ybiY_ybiW_predicted,0.5,1,1,AGAATTTGGCACGTGGTCGC,0,4703823
ybiY_ybiW_predicted,0.5,1,1,AGAAGCTTGTTGCGGGTGAT,0,4700092
ybiY_ybiW_predicted,0.5,1,1,AGAACTACGCTGTGTAGCTC,0,4721100
ybiY_ybiW_predicted,0.5,1,1,ACTTTTGCTCTAGCAACTCC,0,4717179
ybiY_ybiW_predicted,0.5,1,1,ACTTGTTCTTCGGCCTCCCA,0,4705843
ybiY_ybiW_predicted,0.5,1,1,ACTTGGCGTAGGATAATTGG,0,4712209
ybiY_ybiW_predicted,0.5,1,1,ACTTGCTGAGATCGGGGCTT,0,4720937
ybiY_ybiW_predicted,0.5,1,1,ACTTCCGGGTTTCTGCCTGC,0,4715273
ybiY_ybiW_predicted,0.5,1,1,ACTTATAGTTCGCTCTGCAT,0,4732419
ybiY_ybiW_predicted,0.5,1,1,ACTTATAAGAGCGCTCATGT,0,4719684
ybiY_ybiW_predicted,0.5,1,1,ACTTAGTATTGGCCGTTACA,0,4717140
ybiY_ybiW_predicted,0.5,1,1,ACTTACCGTTCTGACTTACG,0,4700720
ybiY_ybiW_predicted,0.5,1,1,ACTGTCCATAAAAGTTTGTA,0,4719292
ybiY_ybiW_predicted,0.5,1,1,ACTGTATTTCTGATACTGCA,0,4714700
ybiY_ybiW_predicted,0.5,1,1,ACTGTATAAATCTGAAACAC,0,4715973
ybiY_ybiW_predicted,0.5,1,1,ACTGGTGTAGCGGAAACCTT,0,4713899
ybiY_ybiW_predicted,0.5,1,1,ACTGCGTTAGTACAAAATAA,0,4729962
ybiY_ybiW_predicted,0.5,1,1,ACTCTTCGGCCTCTCTAGGC,0,4703999
ybiY_ybiW_predicted,0.5,1,1,ACTCTGGTGGCTGCATTCTC,0,4717234
ybiY_ybiW_predicted,0.5,1,1,ACTCGCTAAAAGGATGATGA,0,4700677
ybiY_ybiW_predicted,0.5,1,1,ACTCGCCTCGTAGCACCGCC,0,4728076
ybiY_ybiW_predicted,0.5,1,1,ACTCGCAGGATGACTCGCCC,0,4710936
ybiY_ybiW_predicted,0.5,1,1,ACTCGATATCGACAGGGTAG,0,4730803
ybiY_ybiW_predicted,0.5,1,1,ACTCGAGGCTATGATTTATA,0,4712287
ybiY_ybiW_predicted,0.5,1,1,ACTCCTCGGTCTTTTCAAGG,0,4721170
ybiY_ybiW_predicted,0.5,1,1,ACTCATGGGACATGCACACC,0,4726793
ybiY_ybiW_predicted,0.5,1,1,ACTCAGTGGGGCGTATCGTT,0,4715470
ybiY_ybiW_predicted,0.5,1,1,ACTATAGGTAGTCCCCGGCG,0,4691188
ybiY_ybiW_predicted,0.5,1,1,ACTAGCGAAGCAACATTCAA,0,4697590
ybiY_ybiW_predicted,0.5,1,1,ACTAGAACATGCTCAAATCG,0,4700984
ybiY_ybiW_predicted,0.5,1,1,ACTAACCTGGGCTGGCTAGC,0,4708509
ybiY_ybiW_predicted,0.5,1,1,ACGTCCCTTGTGTACTCTAC,0,4693832
ybiY_ybiW_predicted,0.5,1,1,ACGTCCCGAAGGTGCCAAAC,0,4722073
ybiY_ybiW_predicted,0.5,1,1,ACGTCAACTATGGGGGTGTG,0,4707443
ybiY_ybiW_predicted,0.5,1,1,ACGTCAAATTTGTTCCCAAA,0,4717384
ybiY_ybiW_predicted,0.5,1,1,ACGTATAGTGGGTTGTCGCT,0,4701609
ybiY_ybiW_predicted,0.5,1,1,ACGGTTGGAATTTAAGCAGT,0,4726732
ybiY_ybiW_predicted,0.5,1,1,ACGGTTCAAGAAACGGAAAT,0,4728765
ybiY_ybiW_predicted,0.5,1,1,ACGGTTAATCTTTAGATACT,0,4697385
ybiY_ybiW_predicted,0.5,1,1,ACGGGTAGGTGGGCAGATCA,0,4710533
ybiY_ybiW_predicted,0.5,1,1,ACGGGCGAAGAGAGAGAACT,0,4715962
ybiY_ybiW_predicted,0.5,1,1,ACGGGACGAATTCGATAATG,0,4722560
ybiY_ybiW_predicted,0.5,1,1,ACGGCTCGTGAGGGTTTCAA,0,4732447
ybiY_ybiW_predicted,0.5,1,1,ACGGCTCAAGGTTTAGCGTA,0,4712690
ybiY_ybiW_predicted,0.5,1,1,ACGGACCCATTGGACCGAGA,0,4729272
ybiY_ybiW_predicted,0.5,1,1,ACGCTAGAGGACAGGTATAT,0,4694895
ybiY_ybiW_predicted,0.5,1,1,ACGCTAATGCGAGCGCCTTT,0,4707245
ybiY_ybiW_predicted,0.5,1,1,ACGCGGATAACCAAATAGTA,0,4694632
ybiY_ybiW_predicted,0.5,1,1,ACGCGCTTGAACTACTCCGG,0,4726096
ybiY_ybiW_predicted,0.5,1,1,ACGCGCGTGATAGCGCACGT,0,4700430
ybiY_ybiW_predicted,0.5,1,1,ACGCGAGGGTACATCTCAGT,0,4697671
ybiY_ybiW_predicted,0.5,1,1,ACGCGAAGATACACACACGT,0,4717368
ybiY_ybiW_predicted,0.5,1,1,ACGCCAGGGCTCTGCTTAGC,0,4722856
ybiY_ybiW_predicted,0.5,1,1,ACGCAGCTTTGAATTCGTCA,0,4705741
ybiY_ybiW_predicted,0.5,1,1,ACGCAGCAGGTCAAACTGCA,0,4698852
ybiY_ybiW_predicted,0.5,1,1,ACGCAATGCCCCACCTATAT,0,4730681
ybiY_ybiW_predicted,0.5,1,1,ACGATGGGCTTCCACAACGG,0,4698807
ybiY_ybiW_predicted,0.5,1,1,ACGAGCTTTTCCCTCCCGCG,0,4729198
ybiY_ybiW_predicted,0.5,1,1,ACGACCTGTCCGAATTTGTA,0,4723714
ybiY_ybiW_predicted,0.5,1,1,ACGACCCGTTGGCATCTGAC,0,4732025
ybiY_ybiW_predicted,0.5,1,1,ACCTTGGGCCTCGCTTCTTC,0,4714635
ybiY_ybiW_predicted,0.5,1,1,ACCTGGCAGATTACCAAAGT,0,4706951
ybiY_ybiW_predicted,0.5,1,1,ACCTGGCACACCCATGAAGT,0,4713807
ybiY_ybiW_predicted,0.5,1,1,ACCTGATATGGAACGCACCT,0,4701985
ybiY_ybiW_predicted,0.5,1,1,ACCTCTGTGTGAGTGTCGGC,0,4718848
ybiY_ybiW_predicted,0.5,1,1,ACCTCGCCGCAGTTTGGTCA,0,4721790
ybiY_ybiW_predicted,0.5,1,1,ACCTAGCACACGCAGCATGA,0,4690009
ybiY_ybiW_predicted,0.5,1,1,ACCGTGACTAGCCTCGTTTA,0,4718039
ybiY_ybiW_predicted,0.5,1,1,ACCGGTCGCCGCAGGGGGTG,0,4727693
ybiY_ybiW_predicted,0.5,1,1,ACCGGGTCACGAGTAGGAAC,0,4699827
ybiY_ybiW_predicted,0.5,1,1,ACCGATGGGAAAAACGTATT,0,4701877
ybiY_ybiW_predicted,0.5,1,1,ACCGAACCGCCGGGGCGGAA,0,4707581
ybiY_ybiW_predicted,0.5,1,1,ACCCAAGGGGTCTTCCGGTT,0,4712405
ybiY_ybiW_predicted,0.5,1,1,ACCAGGTTCGAGTCGCGGCT,0,4716370
ybiY_ybiW_predicted,0.5,1,1,ACCAGGAACCCTGGACGAAA,0,4712180
ybiY_ybiW_predicted,0.5,1,1,ACCACTACACTAGGTTGTAT,0,4722407
ybiY_ybiW_predicted,0.5,1,1,ACCACGATACAGTCTACGTG,0,4730930
ybiY_ybiW_predicted,0.5,1,1,ACCAATATCCCGCTATATTT,0,4726668
ybiY_ybiW_predicted,0.5,1,1,ACCAACATGTCCTAGCGGAC,0,4723658
ybiY_ybiW_predicted,0.5,1,1,ACATTTAGGCTAGACGCCCC,0,4710432
ybiY_ybiW_predicted,0.5,1,1,ACATTAGGCTTTCTACTTAT,0,4725652
ybiY_ybiW_predicted,0.5,1,1,ACATGTTGCTCTATTTATTG,0,4697265
ybiY_ybiW_predicted,0.5,1,1,ACATGTAGAATTTCGCAGTG,0,4727128
ybiY_ybiW_predicted,0.5,1,1,ACATGCACGAAAAACTTCTG,0,4727313
ybiY_ybiW_predicted,0.5,1,1,ACATCAATGCGAATCTATAC,0,4704408
ybiY_ybiW_predicted,0.5,1,1,ACATCAATAAACTGGGGACT,0,4699619
ybiY_ybiW_predicted,0.5,1,1,ACATAGGGATCAGGGCCCGA,0,4718502
ybiY_ybiW_predicted,0.5,1,1,ACATAGCCCTCGAGACGTAA,0,4718822
ybiY_ybiW_predicted,0.5,1,1,ACAGTTGTTCAATCTCATAT,0,4713504
ybiY_ybiW_predicted,0.5,1,1,ACAGTTCTCTAGTCTGGTCA,0,4699852
ybiY_ybiW_predicted,0.5,1,1,ACAGTGTCAAGGACCTTCTT,0,4712322
ybiY_ybiW_predicted,0.5,1,1,ACAGGGTAAACTCAGCTTAA,0,4696553
ybiY_ybiW_predicted,0.5,1,1,ACAGGGCTGCTTACTTACCT,0,4712181
ybiY_ybiW_predicted,0.5,1,1,ACAGGACTGAAATCTGAACA,0,4694618
ybiY_ybiW_predicted,0.5,1,1,ACAGGAAGTTTGTACGCGCT,0,4727610
ybiY_ybiW_predicted,0.5,1,1,ACAGGAAGCTGATACGCCGT,0,4719304
ybiY_ybiW_predicted,0.5,1,1,ACAGCTTATTAGTGTTTTAT,0,4715272
ybiY_ybiW_predicted,0.5,1,1,ACAGCTGGAAACCGGATGCG,0,4692284
ybiY_ybiW_predicted,0.5,1,1,ACAGCGCGCCGTCTCGTGGA,0,4696777
ybiY_ybiW_predicted,0.5,1,1,ACAGATTATGTGCCAGGGTT,0,4704603
ybiY_ybiW_predicted,0.5,1,1,ACACTGCGTCTCAGAATTTA,0,4697358
ybiY_ybiW_predicted,0.5,1,1,ACACGTGCCTCATTGGGTCA,0,4702024
ybiY_ybiW_predicted,0.5,1,1,ACACGTACACCTAGACAGGG,0,4722754
ybiY_ybiW_predicted,0.5,1,1,ACACGGGCGAAGACCCCTAG,0,4705221
ybiY_ybiW_predicted,0.5,1,1,ACACGGACGCCGGCCGGGGA,0,4711772
ybiY_ybiW_predicted,0.5,1,1,ACACCTGTGCACTTACCTTA,0,4725854
ybiY_ybiW_predicted,0.5,1,1,ACACCATTGCCCGGGACAAA,0,4730210
ybiY_ybiW_predicted,0.5,1,1,ACAATGCATGCGGCCCGGAT,0,4718364
ybiY_ybiW_predicted,0.5,1,1,ACAATCTCGGTCGGTGGATG,0,4704907
ybiY_ybiW_predicted,0.5,1,1,ACAAGGACTATATGGAGCGG,0,4714653
ybiY_ybiW_predicted,0.5,1,1,ACAACTCCGCAACTGGGACG,0,4695126
ybiY_ybiW_predicted,0.5,1,1,ACAAATTGCTAACTATCCGT,0,4694076
ybiY_ybiW_predicted,0.5,1,1,ACAAATGGATTTAGTGGTTG,0,4711390
ybiY_ybiW_predicted,0.5,1,1,ACAAAGCACTACGCGAACTA,0,4727017
ybiY_ybiW_predicted,0.5,1,1,AATTTCCCTAACAACCCTAT,0,4719554
ybiY_ybiW_predicted,0.5,1,1,AATTTACTCAGGCATATCGA,0,4727137
ybiY_ybiW_predicted,0.5,1,1,AATTTAACAAGAAAACGTCC,0,4711074
ybiY_ybiW_predicted,0.5,1,1,AATTATGTGAACCCCTGGTT,0,4705644
ybiY_ybiW_predicted,0.5,1,1,AATTAGGGTACGTTAGACTT,0,4714267
ybiY_ybiW_predicted,0.5,1,1,AATTACCGTAAAGTGCCAAT,0,4706098
ybiY_ybiW_predicted,0.5,1,1,AATTAAACCCAAGACCAAGC,0,4710435
ybiY_ybiW_predicted,0.5,1,1,AATGTGTTTACGAGTACTAT,0,4727908
ybiY_ybiW_predicted,0.5,1,1,AATGTAAGCGAACAAGTACA,0,4697281
ybiY_ybiW_predicted,0.5,1,1,AATGGTTACCGCGATTCCAT,0,4713492
ybiY_ybiW_predicted,0.5,1,1,AATGGGTTTCTCGATAGGAT,0,4720051
ybiY_ybiW_predicted,0.5,1,1,AATGCTTTCTTTGTGGTGTC,0,4697123
ybiY_ybiW_predicted,0.5,1,1,AATGCGGTGAGACTCTCCAA,0,4728338
ybiY_ybiW_predicted,0.5,1,1,AATGCCCGAGTCATGCACCA,0,4708835
ybiY_ybiW_predicted,0.5,1,1,AATGCACGTGAACTTTCACG,0,4690073
ybiY_ybiW_predicted,0.5,1,1,AATGACCCTATTGCTTTTGT,0,4698447
ybiY_ybiW_predicted,0.5,1,1,AATCTGTATTGGTGCTTATG,0,4689144
ybiY_ybiW_predicted,0.5,1,1,AATCTAACTAAAATAATCGC,0,4715027
ybiY_ybiW_predicted,0.5,1,1,AATCGGGGGCATCATGGTCA,0,4713453
ybiY_ybiW_predicted,0.5,1,1,AATCGGAGTGTTCGCGCTCC,0,4696841
ybiY_ybiW_predicted,0.5,1,1,AATCGCAAATAGTGCGGAAG,0,4705322
ybiY_ybiW_predicted,0.5,1,1,AATCGATGTAGGCCGAAGCT,0,4722004
ybiY_ybiW_predicted,0.5,1,1,AATCGAGCAGAAAATGGTAT,0,4715436
ybiY_ybiW_predicted,0.5,1,1,AATCCAGGGAGAATTCCGTT,0,4727709
ybiY_ybiW_predicted,0.5,1,1,AATCATCAGACTGTTAGGAT,0,4730017
ybiY_ybiW_predicted,0.5,1,1,AATCACCATACCGTTCGCGC,0,4722493
ybiY_ybiW_predicted,0.5,1,1,AATAGGGCTGGCGGTCGGTA,0,4702379
ybiY_ybiW_predicted,0.5,1,1,AATAGCCTTAGTCAAATGAG,0,4731375
ybiY_ybiW_predicted,0.5,1,1,AATACTAACAATCACGACCT,0,4710588
ybiY_ybiW_predicted,0.5,1,1,AATACGGTCCACAGAGTACT,0,4724738
ybiY_ybiW_predicted,0.5,1,1,AATACCCTTCTTGCCGCGAA,0,4704163
ybiY_ybiW_predicted,0.5,1,1,AATACACGAAGGACCCTATA,0,4724872
ybiY_ybiW_predicted,0.5,1,1,AATAATACCAAGTGAGGAAT,0,4706151
ybiY_ybiW_predicted,0.5,1,1,AATAATAACGCGTAATCAGG,0,4688762
ybiY_ybiW_predicted,0.5,1,1,AATAACTGCAGTACGGAGCA,0,4703659
ybiY_ybiW_predicted,0.5,1,1,AAGTGTTGGCGCTCCAGCCA,0,4711096
ybiY_ybiW_predicted,0.5,1,1,AAGTGTCAACCCAGGATAAA,0,4701353
ybiY_ybiW_predicted,0.5,1,1,AAGTGCGATCGTCCGATGCT,0,4727226
ybiY_ybiW_predicted,0.5,1,1,AAGTGAGATCGGCGTGCAGT,0,4703269
ybiY_ybiW_predicted,0.5,1,1,AAGTGAATGCCAAGTGTTGT,0,4724056
ybiY_ybiW_predicted,0.5,1,1,AAGTCCCCAGTCCGGGCTCC,0,4717114
ybiY_ybiW_predicted,0.5,1,1,AAGTCCAGTCGCGCTGAGAA,0,4725715
ybiY_ybiW_predicted,0.5,1,1,AAGTCAGGCGGAACATAATC,0,4718025
ybiY_ybiW_predicted,0.5,1,1,AAGTATGCGTATAATCAATC,0,4707075
ybiY_ybiW_predicted,0.5,1,1,AAGGTGTTCTATAGCCCCCA,0,4726040
ybiY_ybiW_predicted,0.5,1,1,AAGGTAACCCTCGTCAGTCG,0,4696728
ybiY_ybiW_predicted,0.5,1,1,AAGGGTAACCGACACTCCGT,0,4727112
ybiY_ybiW_predicted,0.5,1,1,AAGGGGCTAGAGATGAGTAA,0,4693046
ybiY_ybiW_predicted,0.5,1,1,AAGGGACTGCCCAGGTGCTA,0,4728756
ybiY_ybiW_predicted,0.5,1,1,AAGGCAGATACATCGTTACT,0,4716070
ybiY_ybiW_predicted,0.5,1,1,AAGGCACACTCCTCCGCGGA,0,4698004
ybiY_ybiW_predicted,0.5,1,1,AAGCTCGAACACCCCGATGG,0,4715786
ybiY_ybiW_predicted,0.5,1,1,AAGCGCGGAATAACCAAACA,0,4732595
ybiY_ybiW_predicted,0.5,1,1,AAGCCTGTCGCCATGAGGAA,0,4689585
ybiY_ybiW_predicted,0.5,1,1,AAGAGTATATTCGTGGCTTA,0,4700042
ybiY_ybiW_predicted,0.5,1,1,AAGAGAGGCCTCGATGTACA,0,4727368
ybiY_ybiW_predicted,0.5,1,1,AAGACGGACGTAGAGCGGTA,0,4694793
ybiY_ybiW_predicted,0.5,1,1,AAGACCTGATCGTGCATCAG,0,4732145
ybiY_ybiW_predicted,0.5,1,1,AAGACCAGCGAGGGGCGGTG,0,4702094
ybiY_ybiW_predicted,0.5,1,1,AAGAATGCGTACTGCTCTCG,0,4712589
ybiY_ybiW_predicted,0.5,1,1,AAGAAACCGCCGTCATGAGT,0,4697529
ybiY_ybiW_predicted,0.5,1,1,AACTGTGCCTGGGGCACTTT,0,4689727
ybiY_ybiW_predicted,0.5,1,1,AACTGCAGTATTCAGTGGCA,0,4693797
ybiY_ybiW_predicted,0.5,1,1,AACTCGTTATGCTGGATTTC,0,4700381
ybiY_ybiW_predicted,0.5,1,1,AACTAAAGGGTTAGTCAGTA,0,4708572
ybiY_ybiW_predicted,0.5,1,1,AACGTGTCAACGTTGTGGAG,0,4728265
ybiY_ybiW_predicted,0.5,1,1,AACGTCGTACTCACTAGGCG,0,4692713
ybiY_ybiW_predicted,0.5,1,1,AACGGTTGACGTAAACGGAT,0,4689016
ybiY_ybiW_predicted,0.5,1,1,AACGGATCGCCATTTTAGCG,0,4703625
ybiY_ybiW_predicted,0.5,1,1,AACGCTCTGTTGCTCGAGGA,0,4703094
ybiY_ybiW_predicted,0.5,1,1,AACGCCGTTAATGGTATATC,0,4727595
ybiY_ybiW_predicted,0.5,1,1,AACGCCGATACAATAGGCCA,0,4706195
ybiY_ybiW_predicted,0.5,1,1,AACGCCATCAGAGACGTTCT,0,4715510
ybiY_ybiW_predicted,0.5,1,1,AACGACTATTGGCTCGCGGA,0,4711939
ybiY_ybiW_predicted,0.5,1,1,AACGACAGATATTTTCCCAC,0,4732255
ybiY_ybiW_predicted,0.5,1,1,AACCTCCGGGCCAGTAAGCA,0,4730224
ybiY_ybiW_predicted,0.5,1,1,AACCGGTCCTCCATGAAGGG,0,4694243
ybiY_ybiW_predicted,0.5,1,1,AACCCGCTCACAAGATGGTC,0,4703517
ybiY_ybiW_predicted,0.5,1,1,AACCCGCTACGTCACTCTCT,0,4703219
ybiY_ybiW_predicted,0.5,1,1,AACCATCGCTAATACACTAT,0,4716534
ybiY_ybiW_predicted,0.5,1,1,AACCAGTGCAATGAAACAGG,0,4721120
ybiY_ybiW_predicted,0.5,1,1,AACATTCCGGAAGCGGACCC,0,4692449
ybiY_ybiW_predicted,0.5,1,1,AACATATCCGTGGTTGTCGT,0,4730967
ybiY_ybiW_predicted,0.5,1,1,AACAGGTGCTCCATTAACAA,0,4691075
ybiY_ybiW_predicted,0.5,1,1,AACAGGGAACTTAGTGTCCA,0,4705447
ybiY_ybiW_predicted,0.5,1,1,AACAGCATTGTGATACGGCA,0,4726250
ybiY_ybiW_predicted,0.5,1,1,AACAGATTATACCATGCCTG,0,4729619
ybiY_ybiW_predicted,0.5,1,1,AACAGACTCTGTCAACGAAA,0,4707277
ybiY_ybiW_predicted,0.5,1,1,AACAACTCTTGTCGGTACTT,0,4699959
ybiY_ybiW_predicted,0.5,1,1,AAATTGCTACTTTGAATGGT,0,4724722
ybiY_ybiW_predicted,0.5,1,1,AAATTAGGGGGCAGACCTCA,0,4711326
ybiY_ybiW_predicted,0.5,1,1,AAATTACAGGAACAGGTTCC,0,4709402
ybiY_ybiW_predicted,0.5,1,1,AAATGGCAACTACGGAAGCA,0,4720471
ybiY_ybiW_predicted,0.5,1,1,AAATGGAGGCTTCCCCTGTA,0,4692297
ybiY_ybiW_predicted,0.5,1,1,AAATCGCTGCACGGGGACTC,0,4689419
ybiY_ybiW_predicted,0.5,1,1,AAATCAAGCGAAGCAGATAT,0,4689308
ybiY_ybiW_predicted,0.5,1,1,AAAGTTTACGGCGCTAGGAG,0,4696128
ybiY_ybiW_predicted,0.5,1,1,AAAGTGCCTCGTACAGGTGA,0,4695285
ybiY_ybiW_predicted,0.5,1,1,AAAGTATAAATGTTCAGCAT,0,4699672
ybiY_ybiW_predicted,0.5,1,1,AAAGGTGTACCGTGGGGTCG,0,4704328
ybiY_ybiW_predicted,0.5,1,1,AAAGCTTTAGTGGCATGGAC,0,4703728
ybiY_ybiW_predicted,0.5,1,1,AAAGCGCCACGAACCGCTTG,0,4721797
ybiY_ybiW_predicted,0.5,1,1,AAAGATAGGCCTTTTCGAAT,0,4705666
ybiY_ybiW_predicted,0.5,1,1,AAAGACTCGACAGCTTGGAC,0,4723787
ybiY_ybiW_predicted,0.5,1,1,AAAGACAACTTGTAGCACGG,0,4704755
ybiY_ybiW_predicted,0.5,1,1,AAACGGTACGAGTGCCAGTA,0,4712821
ybiY_ybiW_predicted,0.5,1,1,AAACGCTGTTCTCCCGACCA,0,4691917
ybiY_ybiW_predicted,0.5,1,1,AAACATCTTTGGCTTCCATC,0,4709482
ybiY_ybiW_predicted,0.5,1,1,AAAAAGAGGCCTCTGTGGTT,0,4705035
ybiY_ybiW_predicted,125.0,124,0,GGCGCAGGTATGCGATACTA,124,4729864
ybiY_ybiW_predicted,108.0,107,0,CGATATAGTCAGTGCTAATG,107,4710731
ybiY_ybiW_predicted,66.0,65,0,CGCGTGCTGCGGCTGCGTTT,65,4695267
ybiY_ybiW_predicted,61.0,60,0,CAATGACTGACTGTTTGGAT,60,4704491
ybiY_ybiW_predicted,61.0,60,0,ATTACTTCTCATAGCAAGCT,60,4704401
ybiY_ybiW_predicted,53.0,52,0,TCTTAATTTTACGTGCAGTC,52,4712110
ybiY_ybiW_predicted,51.0,50,0,ATACACTATAGCTGTCCGTG,50,4725450
ybiY_ybiW_predicted,50.0,49,0,CACCCTTCGTGGGCCACATA,49,4719388
ybiY_ybiW_predicted,50.0,49,0,AATCATCAGTTTCGCAATTC,49,4732572
ybiY_ybiW_predicted,48.0,47,0,ACAGGATGTAATGTACCGCT,47,4722127
ybiY_ybiW_predicted,47.0,46,0,TGGCGTGTATTAGCTCATCG,46,4694237
ybiY_ybiW_predicted,47.0,46,0,CATGGAATCATTTTATCGGA,46,4721831
ybiY_ybiW_predicted,45.0,44,0,TATTCGTTATGGAGAGGGAA,44,4699707
ybiY_ybiW_predicted,45.0,44,0,GCCTTGCTCACAGAAACCGT,44,4720639
ybiY_ybiW_predicted,45.0,44,0,CGCGCAAACAGGCAAGGCTA,44,4720576
ybiY_ybiW_predicted,44.0,43,0,TTAACTGCGGAGAGTATTTA,43,4707933
ybiY_ybiW_predicted,42.0,41,0,GTCGCTGTTCACATTACATA,41,4693197
ybiY_ybiW_predicted,42.0,41,0,GCGTACGTAAAGTGTTTACG,41,4725897
ybiY_ybiW_predicted,42.0,41,0,CCTCGCGGGTCCCTGGCACC,41,4728447
ybiY_ybiW_predicted,42.0,41,0,CACTAACCTATCATCAGCCT,41,4715781
ybiY_ybiW_predicted,41.0,40,0,TGGGTTTATTTCTTACCTTC,40,4719117
ybiY_ybiW_predicted,41.0,40,0,TCCTAGCTTGCGGGACGTGC,40,4708536
ybiY_ybiW_predicted,41.0,40,0,GCTAGCGCCCTGACAAACAA,40,4712552
ybiY_ybiW_predicted,40.0,39,0,ACGGCCCGTTTGTACACAGT,39,4702391
ybiY_ybiW_predicted,39.0,38,0,AGTGCCACCCATATGGTAGG,38,4723110
ybiY_ybiW_predicted,37.0,36,0,GTATTGAACGTCGAGGCGGG,36,4702189
ybiY_ybiW_predicted,37.0,36,0,GTATGTAATCAAACGCAGGT,36,4692231
ybiY_ybiW_predicted,37.0,36,0,GAACTTCACTCGACCGCTTC,36,4691664
ybiY_ybiW_predicted,37.0,36,0,AGTATGTTTCCAGAGCTGGG,36,4728400
ybiY_ybiW_predicted,36.0,35,0,TCGTTTGTAATGCGCCACTT,35,4729215
ybiY_ybiW_predicted,35.0,34,0,TTCTCTAAGGAAAAGGACTA,34,4704466
ybiY_ybiW_predicted,35.0,34,0,CGTACACTAGGGGTAATGTG,34,4724671
ybiY_ybiW_predicted,35.0,34,0,CCGGGGACATGTGCCCCTGT,34,4719019
ybiY_ybiW_predicted,35.0,34,0,AGGCCGAGGATCTTACTATA,34,4712746
ybiY_ybiW_predicted,34.0,33,0,TCGCGACTGAACTAAAGTTA,33,4720393
ybiY_ybiW_predicted,34.0,33,0,GTTGATTTGCACGAGCCACA,33,4710511
ybiY_ybiW_predicted,34.0,33,0,CGCCAGCCTGTAGCGCATTC,33,4725153
ybiY_ybiW_predicted,34.0,33,0,CGAGACCGAGGTCCCCCGTG,33,4709485
ybiY_ybiW_predicted,33.0,32,0,TTCTTTGAAAGGCCGGAATT,32,4690550
ybiY_ybiW_predicted,33.0,32,0,GTAGTAGTACCCCCTTTATC,32,4724245
ybiY_ybiW_predicted,33.0,32,0,CCTATGGAATGCCGGCTGTG,32,4729678
ybiY_ybiW_predicted,33.0,32,0,AAAAGAATTTACCGGCAGAA,32,4718558
ybiY_ybiW_predicted,32.0,31,0,TGTTAGGTTTCGCAGATGAC,31,4714260
ybiY_ybiW_predicted,32.0,31,0,GCAGTACTTCGGGGGCAGTA,31,4692076
ybiY_ybiW_predicted,32.0,31,0,CTGCTTTAACCCCTTTTAAC,31,4700193
ybiY_ybiW_predicted,31.0,30,0,TGAAAAGTCGTTGTTTATGG,30,4707477
ybiY_ybiW_predicted,31.0,30,0,CGTAAGACTATCGGTACCGT,30,4713848
ybiY_ybiW_predicted,31.0,30,0,ATAGAAGTTGATGGGTGTAA,30,4703116
ybiY_ybiW_predicted,30.0,29,0,TAAAAATGTTAGGAAAGGCC,29,4727530
ybiY_ybiW_predicted,29.0,28,0,TGTAACAGGCCCAAGGCGCA,28,4706662
ybiY_ybiW_predicted,29.0,28,0,GGTAGTATCACTGTTTTAAC,28,4708948
ybiY_ybiW_predicted,29.0,28,0,GCCCTAGGACCAGCACTCGT,28,4698845
ybiY_ybiW_predicted,29.0,28,0,GCACGGAGTATACACGTTAT,28,4716838
ybiY_ybiW_predicted,29.0,28,0,ACATTCGGAGGAAAGTGCCA,28,4723526
ybiY_ybiW_predicted,28.0,27,0,GTCGAGTTCTGGTGCACGTT,27,4713316
ybiY_ybiW_predicted,28.0,27,0,GCACCATAAGCGCGCCTCTG,27,4723974
ybiY_ybiW_predicted,28.0,27,0,GAGAAAGTGGTGGAGTTGAA,27,4707735
ybiY_ybiW_predicted,28.0,27,0,ATGCCGAATAGGTCACCAGT,27,4712854
ybiY_ybiW_predicted,28.0,27,0,ACTTGGTGAATCGCTGTTAA,27,4704165
ybiY_ybiW_predicted,27.0,26,0,TCTGTGAGCTTGATCATGCA,26,4716594
ybiY_ybiW_predicted,27.0,26,0,GTTCACGGGCCATTTGTTTA,26,4702937
ybiY_ybiW_predicted,27.0,26,0,GCGTCGGGCTACCCCGCAAC,26,4721028
ybiY_ybiW_predicted,27.0,26,0,GCCGGGCACTTCAATTCGTA,26,4693001
ybiY_ybiW_predicted,27.0,26,0,CTGTACTAAAAAGTCCCTAA,26,4699011
ybiY_ybiW_predicted,27.0,26,0,CCCAGTGAGGTGAACCTTTC,26,4693179
ybiY_ybiW_predicted,27.0,26,0,CCAGCGTCCAGATACAGCCT,26,4717926
ybiY_ybiW_predicted,27.0,26,0,CATGTCTTCAAATCGTTAAT,26,4714061
ybiY_ybiW_predicted,27.0,26,0,CAGCCGCTACCTTCGTGGGA,26,4691404
ybiY_ybiW_predicted,27.0,26,0,ATGGCGCTCTGTGGGGGAGG,26,4717939
ybiY_ybiW_predicted,26.0,25,0,GAAGCGAAAGGAACCTCTGG,25,4700715
ybiY_ybiW_predicted,26.0,25,0,CGCAAGGGGCAACCTTAAGT,25,4712652
ybiY_ybiW_predicted,26.0,25,0,ATGGTCGGACTCTATGTGCC,25,4730085
ybiY_ybiW_predicted,26.0,25,0,ACGGGTAAGCTGTTAGGGCT,25,4720946
ybiY_ybiW_predicted,26.0,25,0,AATTTACGGTTCTCTCCGGC,25,4720118
ybiY_ybiW_predicted,25.0,24,0,TGTCAGCAAATCGTCATTGA,24,4713008
ybiY_ybiW_predicted,25.0,24,0,TCCTTTAGTTGAGGGTAACT,24,4707201
ybiY_ybiW_predicted,25.0,24,0,TAAGTGCTATTATTGCGTTA,24,4728271
ybiY_ybiW_predicted,25.0,24,0,TAAGGTAGATTTCTTGAGGG,24,4689913
ybiY_ybiW_predicted,25.0,24,0,GTCTTTTCAAGGTGGAGGAA,24,4708403
ybiY_ybiW_predicted,25.0,24,0,GGTTTTCGCTCAAACTCGGC,24,4709118
ybiY_ybiW_predicted,25.0,24,0,GCACCCGGTTGAGGCCCCGG,24,4721022
ybiY_ybiW_predicted,24.0,23,0,TCTCCCTACTTACGCTTTGC,23,4706658
ybiY_ybiW_predicted,24.0,23,0,TCCCTAGAGTATTCATCATT,23,4729139
ybiY_ybiW_predicted,24.0,23,0,GATCACGCAGAGTTTTCCAT,23,4708204
ybiY_ybiW_predicted,24.0,23,0,GATAATAGACGCTCAACAAA,23,4730293
ybiY_ybiW_predicted,24.0,23,0,GAAGAAGGATAGCGCATCTG,23,4701612
ybiY_ybiW_predicted,24.0,23,0,CTCGTGATGCCAGGGCAGCA,23,4707617
ybiY_ybiW_predicted,24.0,23,0,CCTGAAAACGCCCCGGGAAT,23,4727471
ybiY_ybiW_predicted,24.0,23,0,CCCATAATTCATCGCAATAG,23,4732040
ybiY_ybiW_predicted,24.0,23,0,AGTGATGTGTCCGGTGTTTT,23,4692427
ybiY_ybiW_predicted,24.0,23,0,ACCGCCATCTGTCTCCACGA,23,4691380
ybiY_ybiW_predicted,23.0,22,0,TTAACTTGCCAACCGATGTA,22,4712539
ybiY_ybiW_predicted,23.0,22,0,TACCTCACTTTACAATGGGA,22,4710269
ybiY_ybiW_predicted,23.0,22,0,CCAATCTAATGTGTGGGTAC,22,4688596
ybiY_ybiW_predicted,23.0,22,0,ACTTGGTACATAGGGGCCTA,22,4718761
ybiY_ybiW_predicted,23.0,22,0,AAGGAGGTAGGTTCGTGATA,22,4689902
ybiY_ybiW_predicted,22.0,21,0,TTTAGTCCTGTAGCATCTTA,21,4706524
ybiY_ybiW_predicted,22.0,21,0,TTTAGAGCGCGAAGCGTAAA,21,4691863
ybiY_ybiW_predicted,22.0,21,0,TGGTGCACCAACCGAGGCGT,21,4724108
ybiY_ybiW_predicted,22.0,21,0,TAGCAGCCAGTAGCTATTCC,21,4693794
ybiY_ybiW_predicted,22.0,21,0,GATGTCCGACGGGTGTAATC,21,4717330
ybiY_ybiW_predicted,22.0,21,0,CGCATAGACCTTGGGACTAA,21,4695934
ybiY_ybiW_predicted,22.0,21,0,CCGAGTCGCGTGGCACCATT,21,4706852
ybiY_ybiW_predicted,22.0,21,0,CACTGGACTTGGGATAGAAG,21,4712472
ybiY_ybiW_predicted,22.0,21,0,ATACCTTGATGTTATGTCGG,21,4725286
ybiY_ybiW_predicted,21.0,20,0,TTCCCAATATAGTCAGCGCG,20,4727138
ybiY_ybiW_predicted,21.0,20,0,GGCGGTTACGCTGCGTAGGC,20,4691427
ybiY_ybiW_predicted,21.0,20,0,CACTTGGTACCCGTTCAAGG,20,4711158
ybiY_ybiW_predicted,21.0,20,0,ACATCCCCGGTGTCCGCGTT,20,4727546
ybiY_ybiW_predicted,21.0,20,0,AACCTTCGCTACCTTGAGTC,20,4705952
ybiY_ybiW_predicted,21.0,20,0,AAAGTAGTTCCAGCTCCTTG,20,4727387
ybiY_ybiW_predicted,20.0,19,0,TTCGCCGTTGGGGCATAGTC,19,4709041
ybiY_ybiW_predicted,20.0,19,0,TGGCACAAGGTCAGTGCTCC,19,4714111
ybiY_ybiW_predicted,20.0,19,0,TCCCGAAGATTAACGTGTAT,19,4715804
ybiY_ybiW_predicted,20.0,19,0,GTTATGGCCTAACATGGATA,19,4713997
ybiY_ybiW_predicted,20.0,19,0,GCCCGCTGTTTTAAATTTTC,19,4704752
ybiY_ybiW_predicted,20.0,19,0,GAAGAAGAAATCTACCTTCT,19,4691478
ybiY_ybiW_predicted,20.0,19,0,CTACACAACTCCTTTAAGAG,19,4703243
ybiY_ybiW_predicted,20.0,19,0,CGTTCGGTCCAGACGGCATA,19,4719973
ybiY_ybiW_predicted,20.0,19,0,CGCGAGAAGGGTAGTATGCT,19,4710099
ybiY_ybiW_predicted,20.0,19,0,CCCTCGACCAGTCTACCGGC,19,4710829
ybiY_ybiW_predicted,19.0,18,0,TCCCGGGCATAGTTTCGCCT,18,4692016
ybiY_ybiW_predicted,19.0,18,0,TCACACACTGGAAGGAAGCG,18,4690816
ybiY_ybiW_predicted,19.0,18,0,TAGCACGGCGGGATGGTGTT,18,4710672
ybiY_ybiW_predicted,19.0,18,0,GTTCTAAGTGACAGGTAACT,18,4721172
ybiY_ybiW_predicted,19.0,18,0,GGTTTAGTCCGGTCCCGGCA,18,4691555
ybiY_ybiW_predicted,19.0,18,0,GGTGACTAGCTCTGCTACCT,18,4720791
ybiY_ybiW_predicted,19.0,18,0,GCTACTAACTCAAATGCACG,18,4731058
ybiY_ybiW_predicted,19.0,18,0,GCGGATGTCTGCGGTTAGAT,18,4711147
ybiY_ybiW_predicted,19.0,18,0,ATGTCATTTTGCCGTCCTTA,18,4702244
ybiY_ybiW_predicted,19.0,18,0,ATGGGTACCGGTACGTTAGC,18,4729098
ybiY_ybiW_predicted,19.0,18,0,ACCGGCAAATAAGCTCACAC,18,4710854
ybiY_ybiW_predicted,18.0,17,0,TGCCAAGACATCGCATCTGA,17,4689981
ybiY_ybiW_predicted,18.0,17,0,TCGTCTAAGGTAATTTGGCC,17,4714670
ybiY_ybiW_predicted,18.0,17,0,CTTTACTCACCGCAGCTCTC,17,4729686
ybiY_ybiW_predicted,18.0,17,0,CCTTAATGTCTCCCAACTAT,17,4705725
ybiY_ybiW_predicted,18.0,17,0,CCGTATGAGGTTCCATTCCT,17,4728138
ybiY_ybiW_predicted,18.0,17,0,CATCCTTGGTGGTCAGAGTG,17,4705053
ybiY_ybiW_predicted,18.0,17,0,CAACGGGGGCATGCGCTCAA,17,4693441
ybiY_ybiW_predicted,18.0,17,0,ATTGAAAAGTCAGGACTTGG,17,4732225
ybiY_ybiW_predicted,18.0,17,0,ATGATTGTCATGAGTCCATA,17,4710433
ybiY_ybiW_predicted,18.0,17,0,AGTCGATATAGATATAATGC,17,4720120
ybiY_ybiW_predicted,17.0,16,0,TCAAGTGAATGTATAAATCT,16,4710141
ybiY_ybiW_predicted,17.0,16,0,GGGCGACAATGCTCTGTTGT,16,4710071
ybiY_ybiW_predicted,17.0,16,0,GATGTAAGCCTTGCGGTTGA,16,4696986
ybiY_ybiW_predicted,17.0,16,0,GAATCCAGTTTCGCGGCACG,16,4702222
ybiY_ybiW_predicted,17.0,16,0,CTGTTTCTAGTGTGTAACCA,16,4730680
ybiY_ybiW_predicted,17.0,16,0,CGCCCAGGTGATACCCGGGA,16,4700308
ybiY_ybiW_predicted,17.0,16,0,CCTCGGTAAATTACAAAAAG,16,4731433
ybiY_ybiW_predicted,17.0,16,0,CCGCGCGTCGTGGGCAGCTA,16,4692528
ybiY_ybiW_predicted,17.0,16,0,CACGGGGATGTGGTCGGCGT,16,4732624
ybiY_ybiW_predicted,17.0,16,0,ATCTAGAATTGTATCGTCGG,16,4731410
ybiY_ybiW_predicted,16.0,15,0,TCGACTCCTGGGCGTCAGTT,15,4727831
ybiY_ybiW_predicted,16.0,15,0,AGCAAGCTCCGGACCATCTC,15,4691689
ybiY_ybiW_predicted,16.0,15,0,AGAAATGCGACTTTTCCCCA,15,4708314
ybiY_ybiW_predicted,16.0,15,0,AATTGACATAGCCTCCTATC,15,4715156
ybiY_ybiW_predicted,15.0,14,0,TTTCTTACTATTCATAGTAC,14,4704583
ybiY_ybiW_predicted,15.0,14,0,TTCATGTGGGGCCATGCCGT,14,4717624
ybiY_ybiW_predicted,15.0,14,0,TGTTTGCTTTAGATCTCTAC,14,4694114
ybiY_ybiW_predicted,15.0,14,0,TAACCTTGTGCTCCGCATTT,14,4699331
ybiY_ybiW_predicted,15.0,14,0,CCCTTGCGTGATGCCGACGA,14,4701299
ybiY_ybiW_predicted,15.0,14,0,ATGCTCGCGGCGTTCTACGA,14,4731665
ybiY_ybiW_predicted,14.0,13,0,TACGTGACTAAACCCACGCT,13,4699830
ybiY_ybiW_predicted,14.0,13,0,TAATGTCCGTCACGGAGTGC,13,4715191
ybiY_ybiW_predicted,14.0,13,0,CGGTCACGCGAAGTATTCAA,13,4706064
ybiY_ybiW_predicted,14.0,13,0,CAGCGAGGAACAATAGGGCA,13,4726695
ybiY_ybiW_predicted,14.0,13,0,AAAACGCCTCCAGCGGTATA,13,4714881
ybiY_ybiW_predicted,13.0,12,0,TGCACTCCAGGAACTCAGGG,12,4696993
ybiY_ybiW_predicted,13.0,12,0,GTGCAATGTAGCTGGGAACC,12,4705873
ybiY_ybiW_predicted,13.0,12,0,GATATTGCACTTCTCTTCCT,12,4721627
ybiY_ybiW_predicted,13.0,12,0,GAACGGTTTATCTACTCAAA,12,4711763
ybiY_ybiW_predicted,13.0,12,0,CGTAGAACGGAATGACCCCT,12,4717202
ybiY_ybiW_predicted,13.0,12,0,CGCGAGCATTAATGCCTAAT,12,4723235
ybiY_ybiW_predicted,13.0,12,0,CAATGCTGTATGCTCGTAAA,12,4692156
ybiY_ybiW_predicted,13.0,12,0,CAATACTACAGAAATTGATT,12,4721734
ybiY_ybiW_predicted,13.0,12,0,CAAACGGATATCTGGCGTCT,12,4718668
ybiY_ybiW_predicted,13.0,12,0,ACGGCAGCGGGACACTCCCC,12,4731343
ybiY_ybiW_predicted,13.0,12,0,AAGCGACATCTTTCAAACAT,12,4693055
ybiY_ybiW_predicted,12.0,11,0,TTAACATGGTGCAATAAGTT,11,4721182
ybiY_ybiW_predicted,12.0,11,0,GTAGAAAATGAAGTAAGTCC,11,4727588
ybiY_ybiW_predicted,12.0,11,0,GCGGATCGTCCCCTCGAGGT,11,4719481
ybiY_ybiW_predicted,12.0,11,0,CTTACTGCGTATAATAACGA,11,4688563
ybiY_ybiW_predicted,12.0,11,0,CTGGCTACCCGGCGACACGT,11,4732140
ybiY_ybiW_predicted,12.0,11,0,ACTTTTATTAGGGCTATGAG,11,4726171
ybiY_ybiW_predicted,11.0,10,0,GGCTCTCTTCAAGTGACGCT,10,4691605
ybiY_ybiW_predicted,11.0,10,0,GAAATGCGAAGGCAATCATA,10,4722696
ybiY_ybiW_predicted,11.0,10,0,GAAACAGCGCATCCCAGAAT,10,4706037
ybiY_ybiW_predicted,11.0,10,0,CTCGCCAATGTGTTTTTTTT,10,4726612
ybiY_ybiW_predicted,10.0,9,0,TCCAGAGTTAGGTGACCTCC,9,4707613
ybiY_ybiW_predicted,10.0,9,0,TAGAAGTTAATTGACTTGTG,9,4720503
ybiY_ybiW_predicted,10.0,9,0,GCATTCCAGTAGGCGTATGG,9,4698718
ybiY_ybiW_predicted,10.0,9,0,CAAGAATCCAGAGACCCGAG,9,4721305
ybiY_ybiW_predicted,10.0,9,0,ATTAGCTCTAAGAATGCTGA,9,4704184
ybiY_ybiW_predicted,9.0,8,0,TACTATTATCCTTCTTTCCT,8,4698388
ybiY_ybiW_predicted,9.0,8,0,GGCGCATGACGACACCTGCA,8,4709461
ybiY_ybiW_predicted,9.0,8,0,CTATATGAGGAGTTACCTTA,8,4725089
ybiY_ybiW_predicted,9.0,8,0,CCCGTTAGGACCCCCATGAT,8,4702665
ybiY_ybiW_predicted,9.0,8,0,CAGTGGGCAAAACCCTCGAA,8,4705070
ybiY_ybiW_predicted,9.0,8,0,AACGTATCCATTCTCTATTA,8,4697764
ybiY_ybiW_predicted,8.0,7,0,TGCCGCGGTGCCGCCATCAA,7,4725586
ybiY_ybiW_predicted,8.0,7,0,AACAGTCAGGTCCCCACGTT,7,4729790
ybiY_ybiW_predicted,7.0,6,0,AGAGCTGTCGCACGATCCCT,6,4716826
ybiY_ybiW_predicted,6.0,5,0,TACACTGGGAGAGCCAATCG,5,4728894
ybiY_ybiW_predicted,6.0,5,0,GCTGGTTCAAGCGTTCGAAC,5,4690387
ybiY_ybiW_predicted,6.0,5,0,CATACTTGTACAAGCGATGG,5,4722877
ybiY_ybiW_predicted,6.0,5,0,AGTTTCGACTTGGTCATAAT,5,4725449
ybiY_ybiW_predicted,5.0,4,0,CGTGTACCTTGGCGGAGCCT,4,4718195
ybiY_ybiW_predicted,4.0,3,0,TAGCGCAAATACTAGGGCTA,3,4708718
ybiY_ybiW_predicted,4.0,3,0,AGCTGGTCAATACCTTTCTT,3,4728491
ybiY_ybiW_predicted,3.0,2,0,GAGGGCAGGAGAACTAGCTA,2,4695413
ybiY_ybiW_predicted,3.0,2,0,GAGGCTTAGCCTTCACCCCT,2,4689207
ybiY_ybiW_predicted,3.0,2,0,CCCGGTGAGACCTCCTCCCT,2,4721887
ybiY_ybiW_predicted,3.0,2,0,ATCAACTGGCTGCATAGCTT,2,4705137
ybiY_ybiW_predicted,2.0,1,0,TTTAGCCCGTCTCGGGGGAA,1,4732007
ybiY_ybiW_predicted,2.0,1,0,TTGTTTATTGACTCGTATAT,1,4721641
ybiY_ybiW_predicted,2.0,1,0,TTGGTCGTAGCACATACGCA,1,4723910
ybiY_ybiW_predicted,2.0,1,0,TTGAGCGTTTCCTCACGGGG,1,4714665
ybiY_ybiW_predicted,2.0,1,0,TTCCCGCGTCGCTGCAGTCC,1,4707931
ybiY_ybiW_predicted,2.0,1,0,TTAGGGAATAAGGCTAGTTG,1,4714901
ybiY_ybiW_predicted,2.0,1,0,TTACAAAAAACGTAGCGTGA,1,4731068
ybiY_ybiW_predicted,2.0,1,0,TCTTGTTCAGATATGTAGGG,1,4704260
ybiY_ybiW_predicted,2.0,1,0,TCTACGGACGTTCTGCAGTT,1,4713505
ybiY_ybiW_predicted,2.0,1,0,TCCCGCCGGTAACGGTGCGG,1,4729107
ybiY_ybiW_predicted,2.0,1,0,TCCAGATGAGGAGGCGGTGT,1,4708684
ybiY_ybiW_predicted,2.0,1,0,TATTCTGAGGTTTGCTACCT,1,4701914
ybiY_ybiW_predicted,2.0,1,0,TAATGATTGCATGACCCTGC,1,4709446
ybiY_ybiW_predicted,2.0,1,0,GTAACGCTGGCAGGCGAGCG,1,4697982
ybiY_ybiW_predicted,2.0,1,0,GGTTGTCCGAACACGCCAAC,1,4700968
ybiY_ybiW_predicted,2.0,1,0,GGTGAAAGTTACAGCCGCAT,1,4727007
ybiY_ybiW_predicted,2.0,1,0,GGGTATGACCCTTCGTTACA,1,4728403
ybiY_ybiW_predicted,2.0,1,0,GGGCAAATCCGTAAGGGCAG,1,4707366
ybiY_ybiW_predicted,2.0,1,0,GGATTTGGGAGCTTGATGCC,1,4710053
ybiY_ybiW_predicted,2.0,1,0,GGATCTGTATACGGGAACTG,1,4702809
ybiY_ybiW_predicted,2.0,1,0,GCTCTATGGCTAACGAGCGT,1,4725388
ybiY_ybiW_predicted,2.0,1,0,GCGACTCCTACAAGCTAGAC,1,4728851
ybiY_ybiW_predicted,2.0,1,0,GCAAGCACGTGAGAATCAAT,1,4695313
ybiY_ybiW_predicted,2.0,1,0,GACACGGGGTCTGCTCACCT,1,4691743
ybiY_ybiW_predicted,2.0,1,0,GAAGCAGGGTCCGTTGGAAA,1,4730263
ybiY_ybiW_predicted,2.0,1,0,GAACAGGACGGGGGGACGAC,1,4726331
ybiY_ybiW_predicted,2.0,1,0,CTGTATCGGAATTGGCTTCT,1,4689452
ybiY_ybiW_predicted,2.0,1,0,CTGCTATATCTGGCCCCTGT,1,4693927
ybiY_ybiW_predicted,2.0,1,0,CTCGGTTGGCTATCGCTAGG,1,4701373
ybiY_ybiW_predicted,2.0,1,0,CTAGTGCTCTTGGCGTGGGG,1,4704212
ybiY_ybiW_predicted,2.0,1,0,CGTTATCACGACGGAGTCAC,1,4690987
ybiY_ybiW_predicted,2.0,1,0,CGTCGCGCCGAATTCGTTGC,1,4717590
ybiY_ybiW_predicted,2.0,1,0,CGTACACATTGTGAGAAGCA,1,4727428
ybiY_ybiW_predicted,2.0,1,0,CGCTCTATCGCTCTTGAAGG,1,4725267
ybiY_ybiW_predicted,2.0,1,0,CGCCTAGGTGTAAGTTAGCA,1,4716039
ybiY_ybiW_predicted,2.0,1,0,CGATAGCTTCCTGGATCCTA,1,4691774
ybiY_ybiW_predicted,2.0,1,0,CCGCAGACACATCTATCGGA,1,4706201
ybiY_ybiW_predicted,2.0,1,0,CCAATTGAAATTCAGTTACG,1,4731010
ybiY_ybiW_predicted,2.0,1,0,ATGGTACTGGGCGCGCTAAC,1,4693521
ybiY_ybiW_predicted,2.0,1,0,ATGCCTGTTGAGTGCGAACC,1,4690276
ybiY_ybiW_predicted,2.0,1,0,ATCGCTTCCTGCATTAGAGG,1,4709577
ybiY_ybiW_predicted,2.0,1,0,ACTCTTTTTTGCATAAAACC,1,4705117
ybiY_ybiW_predicted,2.0,1,0,ACACATCTTATAAATTTAAC,1,4697016
ybiY_ybiW_predicted,2.0,1,0,AACGCGATATGGGGGCAATG,1,4689970
