name,relative_counts,ct,ct_0,barcode,ct_1,barcode_ind
galEp,0.5,79,53,GAGTATCGTTTAGTTTGCAT,26,1595199
galEp,3.04,99,24,GAATCTCAGTACATCCCGTT,75,1595196
galEp,1.0,34,17,GGCCCCTCTGATCACTAGAT,17,1595203
galEp,2.8461538461538463,48,12,ACACGATCCTAGGGAGGTTG,36,1595195
galEp,0.07142857142857142,13,13,CTTTGAACTCGGGTGAATTG,0,1595197
galEp,0.07692307692307693,12,12,CGTTGGAGGCTTCGGAGGCA,0,1595221
galEp,0.1,9,9,AGGCGATATGAGTTTTAGGT,0,1595214
galEp,0.125,7,7,TAACTGGTGTATCAGTTCAA,0,1595198
galEp,0.14285714285714285,6,6,ATTGTTCACGCTGTACCGGG,0,1595210
galEp,35.0,34,0,TGGATACGTGATCAGCCGTT,34,1595202
