name,relative_counts,ct,ct_0,barcode,ct_1,barcode_ind
rcsBp1,0.410958904109589,204,145,CAAAGGGGCATCCCCAGGAT,59,3027217
rcsBp1,0.6060606060606061,210,131,GGGAATGCCTACTCGGTTGG,79,3022280
rcsBp1,0.2571428571428571,130,104,ACGGGTCCGGAAATTGATTT,26,3024433
rcsBp1,2.3043478260869565,302,91,CTTGAGTTAAACACGCAACT,211,3045729
rcsBp1,0.6363636363636364,142,87,TCAAAATCTGTGCCAGAGTT,55,3038170
rcsBp1,0.75,152,87,AGCTGGGAGAACCAAATGAG,65,3022098
rcsBp1,1.302325581395349,196,85,TAGGTTATGACCCAGGTAAG,111,3051491
rcsBp1,0.047619047619047616,86,83,TTTAAGTCCGCATCCGGGAT,3,3053235
rcsBp1,1.962962962962963,238,80,ACGAACTGAAGTTAAGACTG,158,3042757
rcsBp1,0.49382716049382713,119,80,AAGAGATTCTGCGACAGCCC,39,3055324
rcsBp1,1.2151898734177216,173,78,GTGTTGATGGGAAAGACGAG,95,3022549
rcsBp1,0.22784810126582278,95,78,CTCGACGATCCCGTGTCCGT,17,3031600
rcsBp1,1.2857142857142858,174,76,GTGCTACCGAGTTTCCCGGA,98,3065334
rcsBp1,0.6,118,74,TCGGCAATACCAAGGCTCCT,44,3056490
rcsBp1,0.8,133,74,TAAACCATTGGCCGTTCTAT,59,3024524
rcsBp1,0.25675675675675674,91,73,GCATTCGATGGCCCCTAAGC,18,3028446
rcsBp1,1.1486486486486487,157,73,CCTTAAGATTCGACTGGGAG,84,3028587
rcsBp1,0.410958904109589,101,72,TATTTCCAATCGTCTATCAT,29,3029286
rcsBp1,0.4383561643835616,103,72,GTTTAGATTGGATGACATTA,31,3036806
rcsBp1,7.458333333333333,607,71,GGTCCATTCTGATCCTTTCT,536,3054454
rcsBp1,1.7391304347826086,187,68,TCAGACAGCCTGAATTAGAC,119,3026107
rcsBp1,2.463768115942029,237,68,ACAGGCCATCGGGTCATGAG,169,3027330
rcsBp1,0.2608695652173913,85,68,AATTCCACAGGTAACACCGA,17,3036996
rcsBp1,1.088235294117647,140,67,GAGCTATCCGGTGAATATAT,73,3056485
rcsBp1,0.4411764705882353,96,67,CATAGAATGGGATCGTTAGA,29,3023022
rcsBp1,0.9104477611940298,126,66,CTCAATCCGACACATTTTCT,60,3046224
rcsBp1,0.582089552238806,104,66,AGGTCTTTAGCGATTAGGAG,38,3037593
rcsBp1,2.212121212121212,210,65,AATTAAGAACCTCCGGGTCT,145,3061398
rcsBp1,1.1875,138,63,CCTTTATTCGGTACGACCGA,75,3022160
rcsBp1,0.7301587301587301,107,62,ACGAGGAAGAACTTCGCAAA,45,3056752
rcsBp1,0.42857142857142855,88,62,ACGACATGGTAAGTTACTAG,26,3039051
rcsBp1,0.7741935483870968,108,61,GTTGTGCCGGGCTAGGGCCT,47,3029389
rcsBp1,0.19672131147540983,71,60,AATACTTGGTATAACGTGCG,11,3024390
rcsBp1,0.48333333333333334,87,59,TTAATATGCTCAATTAAATC,28,3037969
rcsBp1,0.8833333333333333,111,59,TCATACGGTAGGCGTAAATC,52,3058525
rcsBp1,0.48333333333333334,87,59,AGCGACATCACCACTCCAAA,28,3053519
rcsBp1,0.7,100,59,AAGGACAATTACGGTGCATA,41,3030076
rcsBp1,0.4576271186440678,84,58,GGGAGGTCAAGTGCCCATGA,26,3032714
rcsBp1,0.9491525423728814,113,58,GCGCATTTGAGGATCTCACG,55,3059697
rcsBp1,0.3898305084745763,80,58,CGGGTGAGTTAGCGGAACGT,22,3061302
rcsBp1,0.6101694915254238,93,58,CATGCAGGCTCTTAATGTAA,35,3042106
rcsBp1,0.8305084745762712,106,58,CAAGATCTCGACCTATAAAT,48,3032201
rcsBp1,0.5,85,57,GTTGTCTGCCCAACTTCCGC,28,3070095
rcsBp1,0.5689655172413793,89,57,GTGACCAAGCTTTTGCAGAG,32,3052536
rcsBp1,4.655172413793103,326,57,AAACCATGCATAGGGGAGAT,269,3060668
rcsBp1,1.1754385964912282,122,56,TTATTTCTTATCTTGCACGG,66,3035212
rcsBp1,1.105263157894737,118,56,TCAAAGTGCGGGGAGCACTG,62,3023111
rcsBp1,0.03571428571428571,56,55,TACGTTAGTTTTGATAAAGT,1,3027435
rcsBp1,2.9285714285714284,218,55,GTGTACAAAGCCCCCTCCAG,163,3027561
rcsBp1,0.39285714285714285,76,55,GGGGCTGACTGCTGTCTTAG,21,3037518
rcsBp1,1.0363636363636364,110,54,CGAGCATTATCGTTATCATC,56,3026294
rcsBp1,0.2909090909090909,69,54,AGGCTGTGTCAACGTGTCGC,15,3027480
rcsBp1,1.8333333333333333,151,53,TTGTGCGGGTCCAGGGAGTG,98,3033917
rcsBp1,1.3518518518518519,125,53,GTATTGTGGGGGTTGGATTT,72,3054666
rcsBp1,1.3148148148148149,123,53,ACAAAGTACGTACGAATGAA,70,3034163
rcsBp1,1.0943396226415094,109,52,TTGACACGAACCCGGACTAA,57,3029642
rcsBp1,0.9622641509433962,102,52,CTGTACATTCTTCACGCACA,50,3023582
rcsBp1,0.5283018867924528,79,52,CAGTGAAAGGCGTCTCAGGA,27,3030406
rcsBp1,0.41509433962264153,73,52,ATTCCCCAGTTACGACCTCA,21,3033996
rcsBp1,0.2830188679245283,66,52,AGTATGACGGTCCGGAGTGT,14,3038585
rcsBp1,0.6415094339622641,85,52,AGCGGACCCACATCCAAGAG,33,3043732
rcsBp1,0.40384615384615385,71,51,TCGGAAAATCGCCACCGTGG,20,3040251
rcsBp1,1.9038461538461537,149,51,TCACAGAGTAAACAACGGTT,98,3033111
rcsBp1,0.5961538461538461,81,51,TAACTCTCCGGTGATGCGAT,30,3046570
rcsBp1,0.5192307692307693,77,51,CTACAACCATTGGGATGGCG,26,3021922
rcsBp1,0.35294117647058826,67,50,CAGACTCTTTCACAAGTGCA,17,3040143
rcsBp1,0.5,73,49,TTCGGATACACTGACTGGAT,24,3034138
rcsBp1,1.98,147,49,TCTGCACCTGTGCAGTCGTT,98,3050248
rcsBp1,2.42,169,49,GTAAAGGAGAACCGGAGAAA,120,3025090
rcsBp1,0.46,71,49,CTTTAGAATATGCCAGGCGG,22,3043730
rcsBp1,0.04,50,49,CTGGGGACAAGCACTCTGAT,1,3041391
rcsBp1,1.08,102,49,ACTTCGTGAGTACAAAGTAA,53,3033372
rcsBp1,0.54,75,49,ACTATCTAAAATATGTGATT,26,3056846
rcsBp1,0.96,96,49,AACGTTCTGGTCAGTTATGA,47,3064458
rcsBp1,1.0408163265306123,98,48,TCATGGGAGCCGTTGACACG,50,3024751
rcsBp1,0.5714285714285714,75,48,GTTGTTTGTTGGATCCTCGG,27,3058818
rcsBp1,0.3469387755102041,64,48,GTGCATCTATCATTCCTATG,16,3041873
rcsBp1,0.7755102040816326,85,48,CTCCGCTATCGTCTTTTGCG,37,3035909
rcsBp1,0.6326530612244898,78,48,CCATACCGTAGTTCAGACAC,30,3037467
rcsBp1,0.42857142857142855,68,48,CAGCCTCGCCAGACTAGGAT,20,3052702
rcsBp1,2.693877551020408,179,48,AAATCCTTGTAGTAACAGGC,131,3032292
rcsBp1,0.625,76,47,TTGGTTGTTGAATGTAATTT,29,3027886
rcsBp1,0.3958333333333333,65,47,TTCGTGGGATGGTGTTCAAC,18,3071106
rcsBp1,0.6666666666666666,78,47,TCTAGCTGCCATGATCGACT,31,3029565
rcsBp1,0.7291666666666666,81,47,TCCGGTACTCACCTCGTTTG,34,3031248
rcsBp1,1.0416666666666667,96,47,TAGACGAGCGAGCCGGGCTA,49,3025289
rcsBp1,0.5833333333333334,74,47,GCCCGCGCCACGATAGTCTC,27,3024330
rcsBp1,1.375,112,47,GAGGGGCAGTGAGCCAAGAA,65,3024291
rcsBp1,0.7916666666666666,84,47,CTGGGTCTCTGCGACCCCAA,37,3024018
rcsBp1,2.0833333333333335,146,47,CTGGAAATCTCTAGTCTCCT,99,3031504
rcsBp1,0.22916666666666666,57,47,CCATTTAGGAGCTTCAAAGT,10,3024048
rcsBp1,1.375,112,47,ATCTAAAGTAATCTGGTTTA,65,3037998
rcsBp1,0.9148936170212766,88,46,TATACAGGGGCCATTTCTAC,42,3021796
rcsBp1,0.8297872340425532,84,46,TAGAAACGGCCGGACCAGAG,38,3054778
rcsBp1,1.3191489361702127,107,46,TAATTGTTGTGGTCAAACAG,61,3057939
rcsBp1,0.9361702127659575,89,46,GTGTTGACATTAGCCGGGTG,43,3060369
rcsBp1,1.5106382978723405,116,46,GTCTTCTCCATAAGGTTCGT,70,3027523
rcsBp1,0.3404255319148936,61,46,GATAAAGCCGTAGGTACAGC,15,3048596
rcsBp1,0.2978723404255319,59,46,CTTAACGGACGGCCCGGTCC,13,3051185
rcsBp1,1.0425531914893618,94,46,CGACTGCCCCGTGTTGCTAT,48,3030492
rcsBp1,0.40425531914893614,64,46,CACAACATGCTGCATTAGTA,18,3061468
rcsBp1,0.8723404255319149,86,46,ATCTACAGACTTGAGTAAGG,40,3041322
rcsBp1,0.3829787234042553,63,46,AGAAGTCCCGGCTAATCTTG,17,3043278
rcsBp1,0.9148936170212766,88,46,AAACCAACACCACCAGGCGT,42,3039392
rcsBp1,0.5,67,45,TCTTCCGATTCGGGCCGAAC,22,3063824
rcsBp1,0.5652173913043478,70,45,GGTTATGAGCGTATCCAAAA,25,3041095
rcsBp1,0.8478260869565217,83,45,GATGGAGCATTACGCTAAAT,38,3024932
rcsBp1,0.1956521739130435,53,45,CGTAATCTTGCTGGTTTCAA,8,3029641
rcsBp1,2.8222222222222224,170,44,TGTGCAGGGAGTAGACTGAA,126,3043114
rcsBp1,0.7777777777777778,78,44,TAACATTCGTTACAGCGGAA,34,3054954
rcsBp1,0.7555555555555555,77,44,CGACTTGGTAAAGTCGTGGA,33,3030306
rcsBp1,1.1555555555555554,95,44,CCGTGCTCTATTAACATCAT,51,3022360
rcsBp1,0.044444444444444446,45,44,CCCGGAGACTCAGAGGACAC,1,3035883
rcsBp1,1.9777777777777779,132,44,ATCCAGCGACAAGTATCCTA,88,3043879
rcsBp1,0.35555555555555557,59,44,AATGCTATCGATCTGGTTTC,15,3032664
rcsBp1,0.8181818181818182,78,43,TTCACATTGGGTTCGTGTTT,35,3045342
rcsBp1,1.4090909090909092,104,43,GAGCGGATGTCCGACATATG,61,3036506
rcsBp1,1.0454545454545454,88,43,CTTTCGGGGTGGAGGACAGA,45,3034135
rcsBp1,2.8636363636363638,168,43,CGCCCCCTAGCATGAATTGC,125,3029319
rcsBp1,6.590909090909091,332,43,CAGGGGGTTATCGTTCGACT,289,3044820
rcsBp1,2.25,141,43,ATGCGTGGGTTATTTTGCCA,98,3037834
rcsBp1,0.7045454545454546,73,43,AGGTGTTGCCGGTCGAGAAA,30,3069086
rcsBp1,0.11363636363636363,47,43,ACCCGTCATCGCGTTATAGT,4,3025930
rcsBp1,0.4418604651162791,60,42,TATTGGATGTGGGTCAGTGT,18,3041669
rcsBp1,0.27906976744186046,53,42,GTCATCGCTGTACCAGTGTT,11,3053545
rcsBp1,0.4418604651162791,60,42,GCAGCTCTGCCTAGGCTCTT,18,3042421
rcsBp1,0.6046511627906976,67,42,CCATATCGAGGTGCCCTCTA,25,3031745
rcsBp1,0.9534883720930233,82,42,ATTCGAGTATTGGCAGGGTA,40,3063548
rcsBp1,1.6511627906976745,112,42,ACAAGTGCAGCTCGCTTCTT,70,3064320
rcsBp1,0.20930232558139536,50,42,AAAAAGCGTGTGCACCTGAA,8,3049431
rcsBp1,0.35714285714285715,55,41,TTGATCGCTCAGTCCTTAAA,14,3052609
rcsBp1,2.1904761904761907,132,41,TGCCGGGCAGAAAATCGTTG,91,3028930
rcsBp1,0.6904761904761905,69,41,TGCACCAATTAGTATGTAAT,28,3026900
rcsBp1,0.5476190476190477,63,41,GTTCAGGTTTAGATAAGTTG,22,3027112
rcsBp1,0.2857142857142857,52,41,GCTGGGCGGTACAAAACATA,11,3026501
rcsBp1,0.8809523809523809,77,41,GATAAAGGAAAGACTTACAG,36,3036606
rcsBp1,0.30952380952380953,53,41,CTCGGGAGTCTTTCGTATGT,12,3029742
rcsBp1,0.047619047619047616,42,41,CCCGAGGGTCGCCACTACAA,1,3034703
rcsBp1,2.0238095238095237,125,41,CAGGTACCCAAGCATCGCCT,84,3035722
rcsBp1,2.738095238095238,155,41,CAGCGGTGAGGCGGTCTACA,114,3035166
rcsBp1,1.7142857142857142,112,41,CAATGGGTGCCGCGCCGGGG,71,3070433
rcsBp1,0.6666666666666666,68,41,ATTGCCACAGTGCCCACACT,27,3022381
rcsBp1,0.047619047619047616,42,41,ATCGCCGGTTAGGAATATGT,1,3029936
rcsBp1,0.6585365853658537,66,40,TTCCGTAGAGTGCTCAGATT,26,3029081
rcsBp1,0.6097560975609756,64,40,TGAGCGACGCCGAAAAGTTT,24,3024140
rcsBp1,12.121951219512194,536,40,TCCTCCTTGCAATTACCATT,496,3046012
rcsBp1,2.048780487804878,123,40,TAGCATGTTGGCCCCTTCGA,83,3071644
rcsBp1,1.2682926829268293,91,40,TACAGACATCCGTAATATCT,51,3057393
rcsBp1,0.24390243902439024,49,40,TAAGAGATAAGACTTCGGAA,9,3059353
rcsBp1,1.3902439024390243,96,40,GTCAAGCGGTTTTCTTATTG,56,3029387
rcsBp1,0.5365853658536586,61,40,GGCAGGGACGAGGATCATTT,21,3039390
rcsBp1,0.3170731707317073,52,40,GCACGGAGAGGACAAGTTAG,12,3038059
rcsBp1,0.5853658536585366,63,40,GACCAAGACAGGTCACCCAT,23,3054550
rcsBp1,1.0,80,40,CCCAGATTGTACGGAGCTAG,40,3071163
rcsBp1,2.4878048780487805,141,40,ATTGGGTCCTGATAGACACA,101,3033624
rcsBp1,1.170731707317073,87,40,ACTGTAATCGGCACATTCGG,47,3047714
rcsBp1,0.7317073170731707,69,40,ACGTCAGCCGGGCTTAGCAA,29,3024071
rcsBp1,3.097560975609756,166,40,ACAGACCTCCATCCCACAAT,126,3031622
rcsBp1,0.35,52,39,TACTCTGGGTTTCATGCGAG,13,3037406
rcsBp1,21.75,908,39,GGTCAGTTCTGAGTTGGAGG,869,3022756
rcsBp1,0.525,59,39,CTTGGTAGCACAAGCGAGTC,20,3034753
rcsBp1,0.55,60,39,CAGCATGGAGCGGGAACTGA,21,3070799
rcsBp1,0.55,60,39,AGAGATCGCGTATCAGCTAA,21,3038199
rcsBp1,0.5,58,39,AACGCTGAGAGCGTGTATTG,19,3023025
rcsBp1,0.05128205128205128,39,38,TTTTTTGTGGCCTGTGGAGT,1,3068118
rcsBp1,1.0256410256410255,77,38,TTGGCTCCCAAGGTGACCTT,39,3050533
rcsBp1,0.6666666666666666,63,38,TCTCGACACATGGTTTTCAT,25,3050562
rcsBp1,0.6153846153846154,61,38,TCAGATTAAAACGGACTTTT,23,3069130
rcsBp1,2.9743589743589745,153,38,TACCAACCTGCTTGTTCCTA,115,3030720
rcsBp1,0.5641025641025641,59,38,GTCGCCCGAACCTTTAAAGG,21,3024072
rcsBp1,1.641025641025641,101,38,GAGCTACCATAAATGCAGCA,63,3045454
rcsBp1,1.8461538461538463,109,38,CGCAGGACGCTAAGGCAACA,71,3051189
rcsBp1,5.9743589743589745,270,38,CCTCAGATTCGAAGATATGG,232,3033751
rcsBp1,0.48717948717948717,56,38,CCGCCGGGGCGTACAGGCGT,18,3034265
rcsBp1,1.205128205128205,84,38,CAATTTCGGGTAATCAGGGG,46,3033212
rcsBp1,0.5128205128205128,57,38,ATACGTTCGCACTCAGGTTT,19,3043389
rcsBp1,4.0,193,38,AGCTAAGCGATGTCGCGTTA,155,3024244
rcsBp1,0.6666666666666666,63,38,ACGGGTAGTTCTGAATAACC,25,3037631
rcsBp1,1.0789473684210527,77,37,TGCCATTAAGGCGTGCTTAC,40,3035764
rcsBp1,0.8947368421052632,70,37,TCCGCCGGTAACCAATACCC,33,3059837
rcsBp1,0.6842105263157895,62,37,TATATATCATGCCGGGTTTT,25,3066061
rcsBp1,0.631578947368421,60,37,GTGTTCTGTGGTAGATCGGT,23,3032991
rcsBp1,0.7631578947368421,65,37,GTGTGTTTCTAATCGTCTAA,28,3063776
rcsBp1,2.0526315789473686,114,37,GGATGAGTGATTTAGATCGG,77,3029495
rcsBp1,0.47368421052631576,54,37,GCACCATGCGCTGAAGCGTG,17,3060088
rcsBp1,1.2105263157894737,82,37,GATCGCCCGGATACAAGGGT,45,3042920
rcsBp1,0.6842105263157895,62,37,GACTTGTGCGGTTTTTGCCA,25,3050924
rcsBp1,2.1842105263157894,119,37,GAACCGTTTTGCTTGTATTT,82,3028305
rcsBp1,0.2894736842105263,47,37,CTGTACTGAAGGCATGGGTC,10,3025288
rcsBp1,2.3947368421052633,127,37,CTACATCGACTAGAGTTGGT,90,3026499
rcsBp1,1.4736842105263157,92,37,CGTATTATCAAAGGGCCGTT,55,3022311
rcsBp1,0.13157894736842105,41,37,ATGTGTGGGGATACGATCTA,4,3050118
rcsBp1,1.0,74,37,ATAGGAAGAGACCAATACGC,37,3037177
rcsBp1,0.3684210526315789,50,37,AGTAACCGATACTTCGGGTA,13,3047848
rcsBp1,1.1578947368421053,80,37,ACTCCGAGGGGAAAGCGGAC,43,3032771
rcsBp1,0.9736842105263158,73,37,ACGTATTAGATACGAGCCAT,36,3035671
rcsBp1,0.47368421052631576,54,37,ACATGTCGATGTTAGTCTCG,17,3061219
rcsBp1,0.6842105263157895,62,37,AAGTACCGATGTTGATCAAC,25,3022126
rcsBp1,0.5263157894736842,56,37,AACAGTGGTGGTATCTGTAA,19,3026427
rcsBp1,2.6216216216216215,132,36,TTGCAATGTTCGATTCAGCA,96,3047311
rcsBp1,0.05405405405405406,37,36,TTATATTTGTGAATCAGCAG,1,3043850
rcsBp1,0.05405405405405406,37,36,TGTTTGGAGCTATTACTTGA,1,3050276
rcsBp1,0.24324324324324326,44,36,TGATGGATCACGGACTGACG,8,3040887
rcsBp1,0.3783783783783784,49,36,TCTTATTCTTCATAAAGCGT,13,3027063
rcsBp1,0.5675675675675675,56,36,GTGATTCAGGCTAGGGGGAT,20,3036496
rcsBp1,0.35135135135135137,48,36,GTCTCTGGGTTTTTCTTTGC,12,3023108
rcsBp1,0.972972972972973,71,36,GTCCCGCATCTGAAAAAGTG,35,3022844
rcsBp1,4.4324324324324325,199,36,GGGTTCTCTCTGTACGTGAT,163,3033441
rcsBp1,1.027027027027027,73,36,GGATATTCGTATAGGTGTGT,37,3063687
rcsBp1,0.6486486486486487,59,36,GCTGATCGCCGTCTTTAGCA,23,3024158
rcsBp1,3.108108108108108,150,36,GATCATCGCTGTCGGCATAT,114,3035317
rcsBp1,2.2972972972972974,120,36,GAGTTTTACGTAGAGCCTGT,84,3061647
rcsBp1,1.5135135135135136,91,36,GAGCACGAAGATGACCGCTG,55,3046764
rcsBp1,1.4324324324324325,88,36,CGTCCGTTCTCTTGAAACCT,52,3048007
rcsBp1,3.108108108108108,150,36,CGGGACTGAACACTGTCTCG,114,3027849
rcsBp1,1.2432432432432432,81,36,CGCAGCTGCATCTCTAAGGA,45,3066611
rcsBp1,1.2432432432432432,81,36,CCAGTTTCATCAACTGCGTT,45,3053614
rcsBp1,0.3783783783783784,49,36,CAGGAATGAGGGGCGAGCTA,13,3041675
rcsBp1,0.5675675675675675,56,36,CAAGTGCACTGCCTTCCACC,20,3050302
rcsBp1,0.40540540540540543,50,36,AGTAGGCCCATCCGTCCTAT,14,3056605
rcsBp1,1.1081081081081081,76,36,AGCCCTACCTTAAGTATTTG,40,3047471
rcsBp1,1.7027027027027026,98,36,ACCGGATTAACGGCGGGCTA,62,3068284
rcsBp1,0.6216216216216216,58,36,AAAGCGGGGATTTTCGTTTC,22,3067497
rcsBp1,0.7222222222222222,60,35,TTTACGAGGCTGTTTAGGTT,25,3029786
rcsBp1,5.888888888888889,246,35,TGGTAGTGGATCAAATGAGT,211,3057547
rcsBp1,2.388888888888889,120,35,TGAACGGTAGGGTTACATAG,85,3027782
rcsBp1,0.3611111111111111,47,35,TCCTTAGGCGTATGTCCGTG,12,3032803
rcsBp1,0.6111111111111112,56,35,TCCGCGCTAGGTCGCATGGA,21,3052586
rcsBp1,1.0,70,35,GTATACCTTCATTCTACGAT,35,3023447
rcsBp1,1.6388888888888888,93,35,GGTCTGATAGGTAAGGACAA,58,3029022
rcsBp1,0.5555555555555556,54,35,GAAGTTGCCCTGCTTTTGAT,19,3035926
rcsBp1,7.25,295,35,GAAATGCTTCACACCCTTCG,260,3023392
rcsBp1,2.1666666666666665,112,35,CTTTTGCGTGGTGGGCATTT,77,3023915
rcsBp1,0.16666666666666666,40,35,CTTCATCTACGTCAAACCAT,5,3028682
rcsBp1,0.4444444444444444,50,35,CTCGCACAGATGGCTACTAA,15,3060091
rcsBp1,0.6666666666666666,58,35,CTCACTAAGCGCAAACCATA,23,3035213
rcsBp1,1.1111111111111112,74,35,CGTCAATTAAATTGCCCAAA,39,3030004
rcsBp1,1.0277777777777777,71,35,CGGGGCTTGGACTAAGCTAA,36,3049415
rcsBp1,2.611111111111111,128,35,CGAACACCCGCTTTGCAGGA,93,3037740
rcsBp1,1.0833333333333333,73,35,CCGAGTAAATAACAATATAA,38,3036099
rcsBp1,0.5,52,35,CATGCACATGTCATTATTAA,17,3035859
rcsBp1,1.0833333333333333,73,35,CAGCGCTTATTACAGCTGGC,38,3069757
rcsBp1,0.19444444444444445,41,35,CACGATAGTAAGTATCTACT,6,3023650
rcsBp1,2.0277777777777777,107,35,AGAATAATGATGAAACTAAG,72,3023286
rcsBp1,0.5555555555555556,54,35,ACTGGGCCTCTTAGTAGTGA,19,3054366
rcsBp1,1.1111111111111112,74,35,AATGGCGTACCGGTTAGTCA,39,3042614
rcsBp1,0.9444444444444444,68,35,AACGGTGATCCCACAAGAGA,33,3033001
rcsBp1,2.3142857142857145,114,34,TTTTCTGGTCGATCCATAAG,80,3060408
rcsBp1,3.8,166,34,TGAAAGTGCGAGCGTACTGT,132,3058596
rcsBp1,0.9714285714285714,67,34,TCCCGTAAAGAAACCCCGCT,33,3024737
rcsBp1,1.3428571428571427,80,34,TCATTTACGCGGCCGTACGT,46,3036511
rcsBp1,0.17142857142857143,39,34,TATGCTTCACGGACGAGCGG,5,3060420
rcsBp1,0.9714285714285714,67,34,TACTGAGCCGCTCGAACAGC,33,3068000
rcsBp1,0.45714285714285713,49,34,GTCGCTGAGCCCATTTCTCT,15,3054892
rcsBp1,1.6,89,34,GTAACTAGGACAAGTTCGAC,55,3044766
rcsBp1,2.8,131,34,GCCGGTTTAAACAGGATATG,97,3047693
rcsBp1,0.6571428571428571,56,34,CGTATGCGGGGTGAAGTATT,22,3055322
rcsBp1,0.6571428571428571,56,34,CGCAGTTCAGCCCAACGAGT,22,3038911
rcsBp1,1.8,96,34,CCTGAACCAGCAACTACGGT,62,3049654
rcsBp1,0.5714285714285714,53,34,CAGATAAGCCAGGTTCTTTG,19,3066820
rcsBp1,1.3428571428571427,80,34,ATTCAGTGCACTATTGCAAC,46,3042518
rcsBp1,0.6857142857142857,57,34,ACGGGTTCGAGCCTCAGGCC,23,3024080
rcsBp1,0.42857142857142855,48,34,AACTTTAATAATCTCACGGC,14,3042582
rcsBp1,0.058823529411764705,34,33,TTAAGATATGACAGTGGTTT,1,3060978
rcsBp1,0.4411764705882353,47,33,TCGCGACTATCACCTGCAGT,14,3067986
rcsBp1,2.0294117647058822,101,33,TAACGTGCGGCTTAGCTTCG,68,3049306
rcsBp1,0.058823529411764705,34,33,GTAGTTAAGGCGTCTACTGC,1,3026100
rcsBp1,1.088235294117647,69,33,GGTCGGGAGTTACATCCTTA,36,3035695
rcsBp1,0.5882352941176471,52,33,GGCTAGTTCATCGATTCTTC,19,3049967
rcsBp1,0.058823529411764705,34,33,GGCCGCTCTCTGTACAGCTG,1,3045303
rcsBp1,0.08823529411764706,35,33,GATAGCGCCGACCTGGCTTA,2,3058356
rcsBp1,1.6176470588235294,87,33,GACTTCCACGGATAGATCAT,54,3044575
rcsBp1,1.088235294117647,69,33,GACGGGAAACCTTACTCAGG,36,3063476
rcsBp1,0.5294117647058824,50,33,CTGGGCCTCCTTGAACGCGG,17,3067754
rcsBp1,3.823529411764706,162,33,CTCCCAAGTACCCGTTAGGG,129,3031691
rcsBp1,0.058823529411764705,34,33,CTACACCGACAAAGTTTAGC,1,3045254
rcsBp1,0.29411764705882354,42,33,CGTGTGGGGTCTGTGCGCGA,9,3031529
rcsBp1,0.5294117647058824,50,33,CGTCCACGAATCGCTGTACT,17,3053702
rcsBp1,0.5882352941176471,52,33,CCAATTTCCGCGGTGCATCG,19,3049656
rcsBp1,1.5,83,33,CACGTCACTTGACCACAAAA,50,3056686
rcsBp1,1.2941176470588236,76,33,ATCTTAGAGCAATGCCGTCT,43,3023810
rcsBp1,5.176470588235294,208,33,ATATCAGTTGTGACATGCAG,175,3021874
rcsBp1,0.7647058823529411,58,33,AGGTCGGGTAGCACTCGAAA,25,3070761
rcsBp1,0.8823529411764706,62,33,AGGTCATGGTCCAGCTAGGT,29,3051962
rcsBp1,0.7941176470588235,59,33,ACAGGATGGGTGGTGGGTAA,26,3035851
rcsBp1,11.5,423,33,AATTTGAGGGTATGCCGTGT,390,3060919
rcsBp1,0.17647058823529413,38,33,AACGCCGTCAATTTGACTAA,5,3024741
rcsBp1,0.058823529411764705,34,33,AACCTCAGAGAAAATTCCTA,1,3032176
rcsBp1,0.5454545454545454,49,32,TTTCTCGGGGCCTCGGGACA,17,3029824
rcsBp1,1.0909090909090908,67,32,TTCGTTTAAGAATAGCTTCC,35,3041323
rcsBp1,1.121212121212121,68,32,TTAAGTCGCGGTTACTCCTA,36,3059791
rcsBp1,1.2121212121212122,71,32,TGGCAAAAACTGTGTCCTCA,39,3046354
rcsBp1,0.6363636363636364,52,32,TGACATTTGCCTGGTGTGAT,20,3043776
rcsBp1,0.7878787878787878,57,32,TAATGGCACTAAACGCTCCA,25,3051607
rcsBp1,1.3636363636363635,76,32,TAAGCTAGCTGCCCCATAGT,44,3026144
rcsBp1,3.484848484848485,146,32,GTTATGTCTAAGCGGCCTCC,114,3055927
rcsBp1,1.2424242424242424,72,32,GTCCTCGGATTCCGTCTACG,40,3040180
rcsBp1,0.09090909090909091,34,32,GGTACGTTCTGAACCGAGAC,2,3066394
rcsBp1,0.21212121212121213,38,32,GGGGGAAAAGTTTAAAACAG,6,3070587
rcsBp1,0.09090909090909091,34,32,GGGCACTGAATATGATCGGA,2,3070022
rcsBp1,1.4848484848484849,80,32,GGCTCTAAACATCACTAAGT,48,3042147
rcsBp1,0.09090909090909091,34,32,GCTTAATTAGCGATTTGATA,2,3034364
rcsBp1,1.121212121212121,68,32,GAAAACCTGTATCGCCTGTT,36,3062331
rcsBp1,0.06060606060606061,33,32,CTCTGGAATGAAGCATAACA,1,3035620
rcsBp1,0.6666666666666666,53,32,CTCCCTTTAGAAGTGGAGAG,21,3021908
rcsBp1,0.8787878787878788,60,32,CTCATTTTTAAATGGCGCGC,28,3035032
rcsBp1,1.696969696969697,87,32,CGGGAGGAGGGCTTGTCTTA,55,3037057
rcsBp1,0.48484848484848486,47,32,CGGCTCTCAGCAGAACTCGA,15,3043179
rcsBp1,0.7575757575757576,56,32,CGGATAGATTCGAACACGAG,24,3022256
rcsBp1,1.0909090909090908,67,32,CGCGCACTCGTCCACATGGT,35,3052264
rcsBp1,0.6666666666666666,53,32,CCCACATCAAGTGACTCGGA,21,3053127
rcsBp1,0.06060606060606061,33,32,CCAGGTGAAGAAAGTTATTT,1,3065458
rcsBp1,0.5151515151515151,48,32,CAGTAAGTGCATACAGGCGG,16,3062626
rcsBp1,1.3333333333333333,75,32,CAGGTTTTGGCATCTGCGGT,43,3059255
rcsBp1,0.8181818181818182,58,32,ATTCTAGCTTCGGGGATTGA,26,3040247
rcsBp1,0.6060606060606061,51,32,ATGGGCCGATGAGCACCCTG,19,3032666
rcsBp1,0.8484848484848485,59,32,ATCTTTTTCGAACACGTCGC,27,3067571
rcsBp1,1.393939393939394,77,32,AGTAGGGTAAGCCCCAGATA,45,3040822
rcsBp1,0.8181818181818182,58,32,ACTGTACAATGGTGTACCTT,26,3062939
rcsBp1,1.9696969696969697,96,32,ACTCTCATCGGAAAGCGTGT,64,3061586
rcsBp1,4.393939393939394,176,32,ACCGGCTTATCTAGCGCGAC,144,3060390
rcsBp1,0.9090909090909091,61,32,AAATAAGTTCGACGGGGGTA,29,3044273
rcsBp1,2.0625,96,31,TTGGTGCGCGGCCCCGTCAG,65,3023060
rcsBp1,0.25,38,31,TTGATACAGCATGGAGCCGA,7,3045851
rcsBp1,0.59375,49,31,TTATATACAGGGCGAGAGAA,18,3052969
rcsBp1,2.6875,116,31,TGATTCCACACGGGCGTTTT,85,3022038
rcsBp1,0.5625,48,31,TCCCGTCACCTCGACGCTCC,17,3034275
rcsBp1,1.71875,85,31,TCCCGGGAGCGGATCCATAT,54,3041174
rcsBp1,0.6875,52,31,TAATTATTTGTAAAAGAGAA,21,3058835
rcsBp1,1.75,86,31,GTGGGGTTTAATACTTCGCG,55,3054146
rcsBp1,0.46875,45,31,GTCCGAGTGGGTCCTCCAGT,14,3038489
rcsBp1,1.15625,67,31,GTATGGGCTGCACATGCCAA,36,3035576
rcsBp1,1.125,66,31,GAGATTACCTACCAGTCGTG,35,3047879
rcsBp1,0.4375,44,31,GAGATCCGAGTCATTCTCAA,13,3027890
rcsBp1,1.09375,65,31,CGTGGCTCAATACAGTGTTG,34,3043113
rcsBp1,4.46875,173,31,CGTGCCATGTCCCCCAAAGG,142,3048901
rcsBp1,0.21875,37,31,CGGGGCGCTTAATGAAGAAT,6,3039598
rcsBp1,0.8125,56,31,CGACGGGTACCGAACGCGTT,25,3056951
rcsBp1,0.625,50,31,CCTTTTGCCCCTATTCTATA,19,3024339
rcsBp1,0.65625,51,31,CCCTTAGGTGATCCGGCCAC,20,3053090
rcsBp1,3.875,154,31,CCACCAGAAGGCTGCGCTAA,123,3025786
rcsBp1,0.84375,57,31,CCAAAATACCGATTCATCAA,26,3069211
rcsBp1,0.71875,53,31,CATTTGTACCGCCCGGAGAT,22,3046959
rcsBp1,0.34375,41,31,CACTCTATAAGTCATCAACA,10,3035864
rcsBp1,0.3125,40,31,CAATCTTTAAGGATACCCCT,9,3066636
rcsBp1,4.125,162,31,ATTTTGTCCAGCCCTTTTTT,131,3053063
rcsBp1,1.9375,92,31,ATTAGCAAGCGACTGCTAGT,61,3025221
rcsBp1,0.09375,33,31,AGTCAAACACTCAATGGGCA,2,3061232
rcsBp1,2.125,98,31,AGCACCTACCGAATTGAATG,67,3058911
rcsBp1,0.5625,48,31,ACTACGTGGGTGTATTACGT,17,3045698
rcsBp1,1.875,90,31,ACGTAATGAGTCGGGCGCGA,59,3029990
rcsBp1,2.0625,96,31,ACAGGATTGAATCGGAACTG,65,3042376
rcsBp1,0.875,58,31,AACGGATTCTAAGTGGGTTC,27,3026546
rcsBp1,0.84375,57,31,AACCGGATAGCATTGATGGC,26,3024987
rcsBp1,1.8125,88,31,AAAGCGATTTCATCAATCCC,57,3066258
rcsBp1,2.5483870967741935,108,30,TGATGGCGCTGTTAGCATTC,78,3037543
rcsBp1,0.7741935483870968,53,30,TAGAGATTGGTGGGGTACGA,23,3034002
rcsBp1,2.129032258064516,95,30,GTGATGCCGGGTGTCTGTCA,65,3058326
rcsBp1,0.0967741935483871,32,30,GTATGAATCCGGATGTCTTC,2,3069047
rcsBp1,0.06451612903225806,31,30,GGACGTACCATACCGAATTA,1,3033573
rcsBp1,3.032258064516129,123,30,GCCCACAGGACGCCACTGGT,93,3041960
rcsBp1,1.7419354838709677,83,30,GAGTGCTTGAGTGTGGTCAA,53,3062789
rcsBp1,1.3225806451612903,70,30,GAGCTTCGCAGATGGCCTGG,40,3023422
rcsBp1,2.806451612903226,116,30,GAAACTTGAAACCGGGCGGA,86,3039656
rcsBp1,0.06451612903225806,31,30,CTCTGTTGTTGCACGAAGAC,1,3050140
rcsBp1,0.5806451612903226,47,30,CTCATCAGCGGACTTTGGCA,17,3044610
rcsBp1,2.096774193548387,94,30,CTACAGACCATTGGTCCAGT,64,3030853
rcsBp1,2.0,91,30,CTAAGGGGCTTAGTCCGACG,61,3050168
rcsBp1,1.096774193548387,63,30,CGCGTCCACTAATAGAGTCC,33,3068195
rcsBp1,0.6129032258064516,48,30,CCTCGATTTTGGTAACATTG,18,3038007
rcsBp1,1.5483870967741935,77,30,CCGCACCGTCTGCCTCTCTA,47,3072337
rcsBp1,0.5483870967741935,46,30,CCCATAGACGCGTGCATAAA,16,3048022
rcsBp1,12.387096774193548,413,30,CCATCGTGATAGAACTGTTG,383,3026194
rcsBp1,0.41935483870967744,42,30,CCAGGATCCCTAAAAGGGTG,12,3054257
rcsBp1,4.290322580645161,162,30,CATGCCATCATTCGGTGGAA,132,3023842
rcsBp1,1.903225806451613,88,30,CAGGGGCTTATCCATCCAGA,58,3066235
rcsBp1,1.5806451612903225,78,30,CAATCCATGACTGCCGTAGG,48,3023415
rcsBp1,2.4516129032258065,105,30,CAAGGGCTTGTTATTATGAT,75,3043544
rcsBp1,0.12903225806451613,33,30,ATCTTGGATGAGGGACCCAG,3,3038194
rcsBp1,1.5483870967741935,77,30,ATACGCGCTCCCATAGTCAT,47,3033216
rcsBp1,0.0967741935483871,32,30,AGGGACCAGCTATCCGGTTT,2,3028383
rcsBp1,1.6774193548387097,81,30,AGCTTCGCGGCGATAGGGAG,51,3041215
rcsBp1,1.6129032258064515,79,30,AGCTGCTAATCTCAACGGAT,49,3068782
rcsBp1,3.774193548387097,146,30,AGCGAGCAAACATCTGGGTA,116,3048251
rcsBp1,0.06451612903225806,31,30,AGCCGGCCACGCATTTGTCG,1,3070449
rcsBp1,1.3225806451612903,70,30,AGAGCCAATCTGGCGGTCCG,40,3024869
rcsBp1,1.6451612903225807,80,30,ACTCGTGCCACCGCAGTTGG,50,3043304
rcsBp1,1.032258064516129,61,30,ACTAGATTGGGAGGGAAAAA,31,3067500
rcsBp1,1.3548387096774193,71,30,ACATTATGACAACTACCTTA,41,3039863
rcsBp1,0.06451612903225806,31,30,ACAGAGAGCATACCAAGCTG,1,3053010
rcsBp1,2.3870967741935485,103,30,AAGGAGATATGTCGCTTAGA,73,3029240
rcsBp1,0.9,55,29,TTTTCCTTGCGTGCAGCTAT,26,3044656
rcsBp1,4.3,157,29,TTGGAGAGGAAACTGATGAA,128,3037292
rcsBp1,1.0,58,29,TTCCCAGGAAGATGAACAAG,29,3039543
rcsBp1,0.2,34,29,TGTCATTGCAATACATCCGT,5,3071408
rcsBp1,1.4666666666666666,72,29,TGCAAATACCGTGAGCGCTA,43,3032267
rcsBp1,0.2,34,29,TCTTTCGCTGGGGTTTGAGT,5,3031442
rcsBp1,0.5666666666666667,45,29,TCAGGGTTACACGCACCATG,16,3042545
rcsBp1,4.633333333333334,167,29,TCAGCAGGGGCCATTGTGTA,138,3025686
rcsBp1,0.6,46,29,GTGAGAGCGTCTGCATTTTC,17,3045477
rcsBp1,1.5666666666666667,75,29,GTAAGGCGGTAACGGCCGCC,46,3033449
rcsBp1,0.7333333333333333,50,29,GGTAGCGACTGACCGTAAGT,21,3063928
rcsBp1,0.06666666666666667,30,29,GGCATTGCTATCGACTCATC,1,3047926
rcsBp1,18.233333333333334,575,29,GGCAGCAAAGCTTCGCTCAT,546,3023368
rcsBp1,0.9,55,29,GGAGTGGATGAGTAAAGACT,26,3034072
rcsBp1,0.06666666666666667,30,29,GCGGGGAACGCATCAGTCAA,1,3027906
rcsBp1,1.1,61,29,GATTCAAGTTTCCTATCGAC,32,3057175
rcsBp1,1.4666666666666666,72,29,GACGACTCATGACTCAGTGT,43,3028181
rcsBp1,0.5666666666666667,45,29,GACCGATTATGAGCCGCGAA,16,3043488
rcsBp1,0.7333333333333333,50,29,CTCATGGGTCCGGCAGTTTA,21,3042101
rcsBp1,0.5,43,29,CCTGTACCGTCGTTTAAAAA,14,3063715
rcsBp1,0.06666666666666667,30,29,CACGGGTGTACAATTGTTAT,1,3053522
rcsBp1,0.6666666666666666,48,29,CAACGTTTGCTTCGGGGCCA,19,3035608
rcsBp1,0.3333333333333333,38,29,ATTGCACCCTCCTTGGCGAC,9,3039544
rcsBp1,0.7,49,29,ATCCATCTCCAGGCAGAGTC,20,3036985
rcsBp1,1.0333333333333334,59,29,ATATGGTTGATGCATAAGTG,30,3046221
rcsBp1,1.0666666666666667,60,29,ATATACTTGGAGCAGCTTTC,31,3070071
rcsBp1,0.5333333333333333,44,29,AGTTGTTGCCTCTTGAGGAA,15,3040502
rcsBp1,3.4,130,29,AGCCAATAATGTTTCCCATA,101,3051728
rcsBp1,0.8333333333333334,53,29,AGACATAAATTCGCAAGGCT,24,3055035
rcsBp1,0.06666666666666667,30,29,ACGATCGAATCTCAGGTCTT,1,3069046
rcsBp1,2.1,91,29,ACAACAGGCAGTCGGACGCA,62,3057169
rcsBp1,2.2666666666666666,96,29,AACGGGGCATTAGGGTTGTT,67,3064316
rcsBp1,0.4482758620689655,40,28,TTTACTTGCCAGTATCGAAA,12,3032159
rcsBp1,1.0,56,28,TGGTGGTATCGGTACGCGTT,28,3052653
rcsBp1,0.3793103448275862,38,28,TGCCCGCGTCCGTCGGCCTT,10,3030233
rcsBp1,0.6896551724137931,47,28,TGATCATAATTCATGGGGAT,19,3038983
rcsBp1,1.7586206896551724,78,28,TGACTAATGAGAACGAGACG,50,3038629
rcsBp1,0.41379310344827586,39,28,TCGTTGGGCGGTTAGTGATC,11,3049344
rcsBp1,1.8620689655172413,81,28,TATATAGTCCCGAAACTTGC,53,3037363
rcsBp1,1.2413793103448276,63,28,TACTGTCGTGCCTCACTGAG,35,3064915
rcsBp1,1.6551724137931034,75,28,GGTAGCCGAGATGGCGCAAT,47,3067516
rcsBp1,3.0,114,28,GGGCTCCCCTGCCACCCTTG,86,3041688
rcsBp1,0.8275862068965517,51,28,GGAGAGGTGTTTTGGGGTGT,23,3055409
rcsBp1,0.27586206896551724,35,28,GGAATGCGTATCAGCACTAC,7,3041725
rcsBp1,0.3103448275862069,36,28,GCTTCAGCGCTTCCTGCTAC,8,3041384
rcsBp1,6.482758620689655,215,28,GCATCAAGACGACACTTCCT,187,3030028
rcsBp1,0.7931034482758621,50,28,GCAGCTTCCCTCGGCAGTAA,22,3028188
rcsBp1,0.5172413793103449,42,28,GAGTCATTGTGCCAACGTCT,14,3049592
rcsBp1,0.5862068965517241,44,28,GAACTCATCCGACCCGGTCG,16,3024245
rcsBp1,1.793103448275862,79,28,CTGAAAGCAGGACAGGAAAA,51,3024295
rcsBp1,2.1379310344827585,89,28,CTCCACGAGCGCGCAGCGTC,61,3041362
rcsBp1,1.103448275862069,59,28,CGTAGGTCTAGCCCCCGATA,31,3046188
rcsBp1,1.793103448275862,79,28,CGGCGTCTAACTCCAAAGGC,51,3045973
rcsBp1,0.7931034482758621,50,28,CGGACTACCCCCAGTAAGGA,22,3059892
rcsBp1,0.7241379310344828,48,28,CGGAAAACAGAAACCTGAGT,20,3041045
rcsBp1,0.06896551724137931,29,28,CATGATGGACGCCGGTAAAC,1,3063925
rcsBp1,2.206896551724138,91,28,CATAGGGGTAGGCAGTTGAT,63,3029790
rcsBp1,1.0,56,28,CAGGTGTTGATCGGGCACGA,28,3037624
rcsBp1,1.6551724137931034,75,28,CACAGGACGGAGGCCCGTCT,47,3058478
rcsBp1,0.10344827586206896,30,28,CACACGAGGAATCCCCAGCC,2,3024191
rcsBp1,2.1724137931034484,90,28,ATTCCTTTTTAGCCCCTGTC,62,3034429
rcsBp1,2.413793103448276,97,28,ATCGCCCGGATTGAAGTTCT,69,3052675
rcsBp1,0.7241379310344828,48,28,ATATGTCTATGCCCATTTTA,20,3024472
rcsBp1,2.8275862068965516,109,28,ATAGAACTTAAGTGGGTATT,81,3067861
rcsBp1,0.06896551724137931,29,28,AGTTATCTTGGCCGCTGCTA,1,3053616
rcsBp1,7.344827586206897,240,28,AGTTAACCCTCCCTGTTGTA,212,3029111
rcsBp1,0.5517241379310345,43,28,AGACGCGTTGTCGCGTCATG,15,3049658
rcsBp1,1.2413793103448276,63,28,ACGGCAATGATACGACCATT,35,3033138
rcsBp1,2.6551724137931036,104,28,ACAATGGGGAACGATGCCCT,76,3054038
rcsBp1,1.6896551724137931,76,28,AACTTATGTCAGTCGAGCAT,48,3035316
rcsBp1,0.9310344827586207,54,28,AACGTCGTTTAGGTTTACGA,26,3061994
rcsBp1,1.0344827586206897,57,28,AAAGTGATGGCAAGTTGAAA,29,3053815
rcsBp1,1.2142857142857142,60,27,TTTTAGTGGTTCGATCTACA,33,3030556
rcsBp1,0.5,40,27,TTGGGTCCCCCACCTCTAAC,13,3057949
rcsBp1,5.428571428571429,178,27,TTCCATCGGCTGACTATGTA,151,3031520
rcsBp1,1.0714285714285714,56,27,TGGTATCACCAGATTTCTTG,29,3058370
rcsBp1,2.357142857142857,92,27,TGGCATTGACTCGGCTCGAT,65,3070682
rcsBp1,0.07142857142857142,28,27,TGACGCCATTTGCAACGGAA,1,3044864
rcsBp1,1.3571428571428572,64,27,TCTTACCCCCAGGTCATGGT,37,3033919
rcsBp1,2.2142857142857144,88,27,TCCGTGCCACCAGATGGCTC,61,3070026
rcsBp1,1.0714285714285714,56,27,TCCCATCTCTACAACAAACG,29,3064036
rcsBp1,2.0357142857142856,83,27,GGTTACCGAGCTGTGTGTCC,56,3060384
rcsBp1,0.07142857142857142,28,27,GGTGACGGCTTCGGGAAATA,1,3038713
rcsBp1,0.5,40,27,GGTCGGGGAAGTTGAACTGT,13,3024067
rcsBp1,0.8928571428571429,51,27,GGTCGAATTGCGATTCCTAG,24,3062793
rcsBp1,1.0357142857142858,55,27,GGTCACTAGGAGGGTGTATT,28,3029943
rcsBp1,0.2857142857142857,34,27,GGCCTCATCAACCCTACCCT,7,3057549
rcsBp1,1.5357142857142858,69,27,GGCACAACTGAAGGACGTTA,42,3023107
rcsBp1,0.75,47,27,GCATATACTTGCGAGGGCTG,20,3066127
rcsBp1,0.7142857142857143,46,27,GAGTAGCCACCTAACTGACG,19,3033792
rcsBp1,3.8214285714285716,133,27,GAGGAGTCATGCTCGTCCGC,106,3048773
rcsBp1,2.1785714285714284,87,27,GAGAAACACCGAATTCAAGT,60,3022491
rcsBp1,0.5357142857142857,41,27,CTGAGAGGCGTGTGATAGTG,14,3030413
rcsBp1,3.3214285714285716,119,27,CTCCCCGTTCTCCGTCGTAA,92,3023073
rcsBp1,0.9285714285714286,52,27,CGTCCTTGACCGTACCAGCA,25,3027371
rcsBp1,0.7142857142857143,46,27,CGTAGTCTGACTGTCTTTTA,19,3048152
rcsBp1,0.7857142857142857,48,27,CGTAAGCAGTCGCGGACGCA,21,3024990
rcsBp1,0.32142857142857145,35,27,CGGCCCCGGACTGGTGTGAA,8,3043464
rcsBp1,0.14285714285714285,30,27,CGATTGGTCGCAGGAAGACT,3,3022185
rcsBp1,1.0357142857142858,55,27,CCTGCGCATGGAAGACTGGA,28,3067087
rcsBp1,1.4642857142857142,67,27,CCTCTTTGGTGTTGCTTTCC,40,3042338
rcsBp1,0.6785714285714286,45,27,CCGAGACTAGAGGCGACACT,18,3024350
rcsBp1,3.142857142857143,114,27,CATCCGCTAGGACGTCCCCG,87,3066640
rcsBp1,2.9285714285714284,108,27,CAGTATCCCTAAAAATCTTA,81,3054369
rcsBp1,0.8928571428571429,51,27,CAAGAGTTTCTATGGGCTAA,24,3062722
rcsBp1,0.5714285714285714,42,27,ATGCTATTAGTCTCCGCTGA,15,3031166
rcsBp1,0.75,47,27,ATCCATTTTGAAGTATAAGC,20,3028681
rcsBp1,1.75,75,27,ATAGCCTCTGGAATGTCATA,48,3046535
rcsBp1,1.5714285714285714,70,27,ATAATTCAACTTGCTTCCGG,43,3038641
rcsBp1,1.3214285714285714,63,27,ACCCATAGAATACGGTTGTG,36,3024138
rcsBp1,0.35714285714285715,36,27,AATCCTCCCTGGCGGCACGG,9,3047851
rcsBp1,0.8571428571428571,50,27,AAGGTGGCGTTGCATCACAC,23,3024665
rcsBp1,1.0357142857142858,55,27,AAGAGGTTCCTCCCAATTCC,28,3040937
rcsBp1,1.0740740740740742,54,26,TTTGGATCTGTGAGTGGCTC,28,3049839
rcsBp1,0.48148148148148145,38,26,TTCTGTGGACGTGGGCACTA,12,3072264
rcsBp1,1.2222222222222223,58,26,TTCTCTCGAGGCCGCCGTGT,32,3049469
rcsBp1,1.6666666666666667,70,26,TTAGGTAGTGGTAGACGTGG,44,3024027
rcsBp1,1.0740740740740742,54,26,TTAAGTGTATACTGAATCAA,28,3021833
rcsBp1,1.1481481481481481,56,26,TGTTGAGCGAAAAGAGAATA,30,3049542
rcsBp1,0.6666666666666666,43,26,TGTGATTCCCCGTATCCCAG,17,3033869
rcsBp1,3.6296296296296298,123,26,TGTAACAACGGCCTTTCGCA,97,3037724
rcsBp1,1.1111111111111112,55,26,TGGTCCTTTATGAACGTGGT,29,3039599
rcsBp1,0.8888888888888888,49,26,TGGGTTGAAGTAGGGGGATA,23,3049229
rcsBp1,0.8148148148148148,47,26,TGCAGAGCGGCGGCTTCGGA,21,3070578
rcsBp1,0.8518518518518519,48,26,TCTGCGTTAGGAGTGTTTTT,22,3028049
rcsBp1,3.1481481481481484,110,26,TCACATATTAGATTAGAATT,84,3045718
rcsBp1,2.2222222222222223,85,26,TACATGAGGGTGGGGCGTGT,59,3048434
rcsBp1,0.7037037037037037,44,26,TAAATTTCCGCTACCGGGAT,18,3050923
rcsBp1,1.7407407407407407,72,26,GTTAGGACAGTAATGCGAAT,46,3036139
rcsBp1,3.6296296296296298,123,26,GTGGCCACTCGCGCAGCCCT,97,3052658
rcsBp1,7.407407407407407,225,26,GTGATAGCAACGTTTTTTTT,199,3026195
rcsBp1,0.5555555555555556,40,26,GTAGGCAGCTAACAGCTCGG,14,3047507
rcsBp1,0.2222222222222222,31,26,GTAATAGGAACAACTTGCCA,5,3060370
rcsBp1,0.1111111111111111,28,26,GGGGACGATAGGGAGTGCCA,2,3054132
rcsBp1,0.9259259259259259,50,26,GGGAGCAGCACCGACCTTAC,24,3063342
rcsBp1,1.037037037037037,53,26,GGACAATCGTTCGAGTTACT,27,3069916
rcsBp1,0.7407407407407407,45,26,GCTTACCTTAAAGCACGTCC,19,3033679
rcsBp1,3.4814814814814814,119,26,GCGGAGCTCCTGGGTCAGGA,93,3058120
rcsBp1,1.1111111111111112,55,26,GCCTACCCATCAAGCAAGGT,29,3037414
rcsBp1,0.5925925925925926,41,26,GATTTGCAAAAGCGGGGCGC,15,3022685
rcsBp1,1.2222222222222223,58,26,CTTGCTTAAAGACCTTGTTA,32,3043737
rcsBp1,0.07407407407407407,27,26,CTGGCTTTGGCCGATGACTT,1,3071488
rcsBp1,1.1481481481481481,56,26,CTCGGGGTGCCTTAGCCCTT,30,3033222
rcsBp1,0.07407407407407407,27,26,CTCCTTTTGCGGAAGCCGTT,1,3042541
rcsBp1,3.1481481481481484,110,26,CTCAGAGTCAGGACCTAAAC,84,3044385
rcsBp1,0.5555555555555556,40,26,CTAGATGAAATCACCTTAAA,14,3060996
rcsBp1,2.0,79,26,CTACCCGAGTGATTTTTAGT,53,3061799
rcsBp1,0.18518518518518517,30,26,CGTTAAATAAATAATTGGCT,4,3055321
rcsBp1,1.1851851851851851,57,26,CGGTTTGTCGCGAAGACCCA,31,3054191
rcsBp1,1.2592592592592593,59,26,CGCTTTCGCCCATGGTGCTG,33,3060101
rcsBp1,5.0,160,26,CGCTGTTGCGGCCATCAGAT,134,3048056
rcsBp1,0.9259259259259259,50,26,CGCTCTGCGTAAGAAATGTT,24,3039023
rcsBp1,0.5925925925925926,41,26,CGCTAGCGCCGAGGCTCCTT,15,3038350
rcsBp1,2.4444444444444446,91,26,CGCCCTATGAACACCGCTGA,65,3042067
rcsBp1,1.8888888888888888,76,26,CCCGCTTTCTCTCGGTTAGA,50,3044510
rcsBp1,2.7777777777777777,100,26,CCACCGCACTTAGGAAAACC,74,3059699
rcsBp1,0.8148148148148148,47,26,CATAACAGTGCCGACCCAAA,21,3048712
rcsBp1,0.48148148148148145,38,26,CAGAATTATGTGGAGATTTG,12,3050017
rcsBp1,2.0,79,26,CAAGTGTCAGGGGAATCGGG,53,3025540
rcsBp1,1.2222222222222223,58,26,ATTCGGTCGCACTCGATCAA,32,3057467
rcsBp1,1.5925925925925926,68,26,ATGTGTCAGACATGGGTCAT,42,3066615
rcsBp1,0.9629629629629629,51,26,ATCGGGGGGAAGCCTCTCCA,25,3056949
rcsBp1,0.9259259259259259,50,26,AGTGCGAACAGTGATTATGC,24,3049311
rcsBp1,0.3333333333333333,34,26,AGCGGCAGTATAAGCCTCGT,8,3035749
rcsBp1,0.37037037037037035,35,26,AGATCGTCAGCACGCGATTC,9,3044345
rcsBp1,0.7777777777777778,46,26,ACCGGGGAAAGGGTACATAT,20,3067874
rcsBp1,4.814814814814815,155,26,ACCCAGGACAAACTCTTGCG,129,3029537
rcsBp1,1.037037037037037,53,26,ACACGGTTCGTTCACTCAGC,27,3046371
rcsBp1,0.07407407407407407,27,26,AATTTATTGCAATCTGGCTG,1,3061743
rcsBp1,0.07407407407407407,27,26,AATCCGATGAGATCACTCGA,1,3029196
rcsBp1,2.0,79,26,AAGGTTATGTTAGACAGTGG,53,3061174
rcsBp1,0.6296296296296297,42,26,AAGGACGGAAGACTTATTTT,16,3060027
rcsBp1,3.5185185185185186,120,26,AAGCGGCGACGTGAGTGCAA,94,3032349
rcsBp1,8.62962962962963,258,26,AACCCTGCGCGAATGAGCCG,232,3068609
rcsBp1,0.8461538461538461,46,25,TTGTTAAACCGATTTGCCGT,21,3045192
rcsBp1,0.5384615384615384,38,25,TTGAATAGAACGAAGGCGCA,13,3072762
rcsBp1,1.1923076923076923,55,25,TTCTATTCAGCTACGTCGGA,30,3068227
rcsBp1,1.6538461538461537,67,25,TTCCGACACGGCTCAGACCA,42,3032470
rcsBp1,1.5769230769230769,65,25,TTCACTATCCGAGCATGGCA,40,3027604
rcsBp1,2.1923076923076925,81,25,TTACGATTGTAGCGGAATAC,56,3024792
rcsBp1,3.0384615384615383,103,25,TGTGCTGAAACCTACCCGGG,78,3025658
rcsBp1,0.11538461538461539,27,25,TCTGCTTCCAAGGACTTTTT,2,3063647
rcsBp1,0.6923076923076923,42,25,TCGCCTCAATATTGGACGAA,17,3057199
rcsBp1,1.3076923076923077,58,25,TCGACTGGAGTCTCTCGAAT,33,3023528
rcsBp1,3.076923076923077,104,25,TCATGGTTGCTTTCTGACCT,79,3047154
rcsBp1,0.07692307692307693,26,25,TCAGGGTACGAAATTTAAGC,1,3063705
rcsBp1,0.7692307692307693,44,25,TCAGCTCTGTGGTATGGTTA,19,3024076
rcsBp1,2.3846153846153846,86,25,TATGCTAAAGGTCACCGTTG,61,3059277
rcsBp1,2.3076923076923075,84,25,TAATGACCGAGCAAATACCA,59,3072779
rcsBp1,2.230769230769231,82,25,TAAGGGGAGCATAGCAGGAA,57,3037108
rcsBp1,5.653846153846154,171,25,GTGCCGGCACAGCAGTCCCG,146,3033760
rcsBp1,1.4230769230769231,61,25,GGCTTTAGTTTTCTCGTAGC,36,3053254
rcsBp1,0.07692307692307693,26,25,GGCTCACTTGTTTCAGCATG,1,3049441
rcsBp1,0.6923076923076923,42,25,GGATGTCTTGGGATCAATCT,17,3029064
rcsBp1,2.076923076923077,78,25,GCTGCTACACGGGGTAGGGG,53,3033627
rcsBp1,0.5384615384615384,38,25,GCCTCCCCGTATGATGTTTG,13,3021801
rcsBp1,0.11538461538461539,27,25,GCAATCTCGTACAGTTCAAA,2,3046998
rcsBp1,4.576923076923077,143,25,GATCCTTAATTCATCTCCAT,118,3045650
rcsBp1,1.3076923076923077,58,25,GACTCAGCTGCAGTAGGAAT,33,3043388
rcsBp1,1.2307692307692308,56,25,GACTAGGCACAAACCAGCGT,31,3052125
rcsBp1,0.6923076923076923,42,25,GACCAAGACAGGGGAGAGGT,17,3046747
rcsBp1,2.1923076923076925,81,25,CTTTAGATCTGAAGATGCCG,56,3039018
rcsBp1,1.6923076923076923,68,25,CTTAGATGACTACCGCCCAG,43,3061525
rcsBp1,0.5769230769230769,39,25,CTCCCGGTGTAAGCTCTCTT,14,3060003
rcsBp1,0.38461538461538464,34,25,CTCCCCAAACGCGCGTACAA,9,3043990
rcsBp1,8.423076923076923,243,25,CGGAAGCTTATCCTCATCGC,218,3038092
rcsBp1,0.07692307692307693,26,25,CGCAGCTATAAAGCCTATAT,1,3065745
rcsBp1,2.0,76,25,CGAGAGGAGTCCATCTCGAA,51,3045172
rcsBp1,2.3076923076923075,84,25,CGAGAAGCGCTTAACCCTCG,59,3061664
rcsBp1,2.0,76,25,CCTGTACCGATGCTTTCTCA,51,3057888
rcsBp1,1.7307692307692308,69,25,CCTCTACTGCTATCCAGGCA,44,3053491
rcsBp1,3.076923076923077,104,25,CCTCGCGACCTCTGGACGAC,79,3022172
rcsBp1,0.5769230769230769,39,25,CCACCCAAGCCTATGCCTCT,14,3053257
rcsBp1,1.8461538461538463,72,25,CAACTCACTCGCCAAGTTCT,47,3041147
rcsBp1,2.1538461538461537,80,25,ATTAGCACGTCAGGGGTTAT,55,3034472
rcsBp1,2.0384615384615383,77,25,ATCGGTAGGTAGCTAACGCT,52,3026361
rcsBp1,2.269230769230769,83,25,ATCCGAATGGTGGATCGGAC,58,3048417
rcsBp1,1.3846153846153846,60,25,ATCAGCTCACCCGTGTGCAT,35,3061420
rcsBp1,1.2307692307692308,56,25,AGTGACGCAGGTACAAGCAT,31,3063926
rcsBp1,1.2307692307692308,56,25,AGGTCGGGTGCCCTGGGAAT,31,3028864
rcsBp1,0.8846153846153846,47,25,AGGGGCAGAGTTTAACTTCT,22,3042619
rcsBp1,1.9615384615384615,75,25,AGCGCGTGGAACTAACGGAC,50,3037837
rcsBp1,1.1153846153846154,53,25,AGAGTGCGTGAAGTCAGGTC,28,3033636
rcsBp1,0.9230769230769231,48,25,AGACTGTCAGGACCAGTTTC,23,3059830
rcsBp1,1.0384615384615385,51,25,AGACGGCTGATCCGCGAAAT,26,3054323
rcsBp1,0.07692307692307693,26,25,AGAAGGGAGTCATACCCGGC,1,3059535
rcsBp1,3.576923076923077,117,25,ACCAACAAACTTCACGATGT,92,3054386
rcsBp1,0.07692307692307693,26,25,AATAGTAAATCCTGGGACCT,1,3067464
rcsBp1,2.5,89,25,AAGACACAACATACCGTCCT,64,3022046
rcsBp1,0.5769230769230769,39,25,AAATGTTGTCCTGGTTCCCT,14,3072607
rcsBp1,2.0384615384615383,77,25,AAAACGGTAGGGTGTCTATA,52,3060316
rcsBp1,0.72,41,24,TTGCTTCTGAGTAGCGCCTT,17,3058154
rcsBp1,1.76,67,24,TTCCCGGGCATGGGTCCTTT,43,3060573
rcsBp1,4.48,135,24,TTAGGTCCGCTTTTTAGCTA,111,3022213
rcsBp1,2.44,84,24,TTAGGCCCCATTTTTCGGAC,60,3049139
rcsBp1,0.72,41,24,TGGCTTGGGACCTCGAGCCC,17,3029199
rcsBp1,1.6,63,24,TGGATGGTCTAGTACTCGTG,39,3038307
rcsBp1,1.16,52,24,TGCTGCACGGAAATGAGGAA,28,3039126
rcsBp1,0.6,38,24,TGCTCTAAAATCGGTAGCGG,14,3040970
rcsBp1,1.68,65,24,TCTCCTCGTGGCAATAATTA,41,3027074
rcsBp1,0.96,47,24,TCTAGTCTTAATCTTGCCTA,23,3033292
rcsBp1,1.2,53,24,TCCTATCGTATGTATGAGGA,29,3035690
rcsBp1,0.08,25,24,TCCAAGCAAGCCCAACGCTC,1,3056706
rcsBp1,0.52,36,24,TCAGTGGTTTGCCGGCATAG,12,3050676
rcsBp1,2.64,89,24,TACTTCATACTCTTGGCGGT,65,3040379
rcsBp1,0.44,34,24,TACATACACCACTTTTTTTT,10,3027476
rcsBp1,11.92,321,24,GTTGGGGCTCCTTATTTCGT,297,3025611
rcsBp1,0.8,43,24,GTATCAGGAAACAGGGCTGG,19,3072603
rcsBp1,2.12,76,24,GGTGGGTATTGTACTGCTAA,52,3037199
rcsBp1,1.0,48,24,GGGTCAAACCTCCCAGAATT,24,3025892
rcsBp1,2.28,80,24,GGCGAGTTGATGTGGACTAG,56,3035670
rcsBp1,0.32,31,24,GATAACCTTGGGAATATAAT,7,3058223
rcsBp1,1.56,62,24,GAACTTCACACTCGACAAAG,38,3032744
rcsBp1,0.32,31,24,CTTCATTGGCGGTGGCGCGG,7,3055748
rcsBp1,0.08,25,24,CTGAATGCCCTGAGCCATAT,1,3071893
rcsBp1,0.88,45,24,CTATGCTTGATTGGTTACTT,21,3023540
rcsBp1,2.96,97,24,CTACACACGCTTAGTACGTG,73,3042924
rcsBp1,4.16,127,24,CGGTTTATGTTCCGAAGTGT,103,3065337
rcsBp1,0.92,46,24,CGCACTGTGCGATTAGCGTG,22,3050133
rcsBp1,2.0,73,24,CGATCCCACGTCATGACTCT,49,3037730
rcsBp1,1.04,49,24,CCTCTACTGCTGAGACGTTA,25,3061706
rcsBp1,0.36,32,24,CCAGTACTAGGATAATAACA,8,3037915
rcsBp1,2.64,89,24,CCAGTAAGGCGGTGTCTACT,65,3061700
rcsBp1,1.96,72,24,CACGGTTAGGTACATCCTTA,48,3046651
rcsBp1,1.64,64,24,CAATGCTGGTCAGTCAGCCA,40,3068122
rcsBp1,0.92,46,24,ATTGCTTAGCGCGTGAACCT,22,3054212
rcsBp1,2.04,74,24,ATGATTAGAATCGATATACG,50,3047489
rcsBp1,1.96,72,24,ATCGCTTGTTAATAGACGTT,48,3028234
rcsBp1,0.56,37,24,ATCATGTCACGGACGTACAT,13,3063290
rcsBp1,0.08,25,24,AGTCTGCCTCTCCTGCCGTA,1,3045791
rcsBp1,0.56,37,24,AGGTTGTCGCGCTGCCACGA,13,3062422
rcsBp1,2.4,83,24,AGCACGGTCCCCACGTTGCG,59,3060574
rcsBp1,2.84,94,24,ACGGCAGGAATCGGGTCATG,70,3037646
rcsBp1,0.8,43,24,ACCCGGACGTCCGCCACTAC,19,3050195
rcsBp1,0.88,45,24,ACACCGCCCGAGACCACGGT,21,3056234
rcsBp1,1.36,57,24,AATGCGCCCAGCGCTTTCAA,33,3055354
rcsBp1,0.08,25,24,AACGCTGTATGCACTGGTCA,1,3046659
rcsBp1,0.96,47,24,AACCCGTTACTAATGAAGGC,23,3039507
rcsBp1,2.25,76,23,TTGCAAGCAGTGTTTGTAAT,53,3064340
rcsBp1,0.7916666666666666,41,23,TTCTCAAATGCAAGTCTCCT,18,3022161
rcsBp1,3.2916666666666665,101,23,TTCGCGGCACCGGTACGAGA,78,3072690
rcsBp1,0.9583333333333334,45,23,TTCACCTACCCACGATTTTG,22,3027239
rcsBp1,0.9583333333333334,45,23,TTACATCTCGTCGGCGTTCA,22,3051495
rcsBp1,0.125,25,23,TGTCAGCCCAGCCCTTGATT,2,3047147
rcsBp1,1.0416666666666667,47,23,TGGTCATCAAGCATAGAACG,24,3025168
rcsBp1,1.0833333333333333,48,23,TGGCATGAATGGATCGAAGG,25,3053032
rcsBp1,3.5,106,23,TGGACCGACTCAAGTGCCCT,83,3057639
rcsBp1,0.08333333333333333,24,23,TGGACACCTTATCGATTGCC,1,3026704
rcsBp1,1.1666666666666667,50,23,TGATAACGATCTTTCGGGTG,27,3068555
rcsBp1,0.7083333333333334,39,23,TGAATCCAGCCTAATTGTGT,16,3059162
rcsBp1,0.3333333333333333,30,23,TCTGTGTAAGAAAGCGCGTT,7,3023556
rcsBp1,1.7916666666666667,65,23,TCGGAACACATTACGCCAAC,42,3063743
rcsBp1,2.125,73,23,TCCTTATGATTCCTGCGCAT,50,3027021
rcsBp1,0.08333333333333333,24,23,TCCTCGATTAGCTAAACGGA,1,3037913
rcsBp1,0.5416666666666666,35,23,TATACGATTCCACAGCCAAA,12,3024526
rcsBp1,14.208333333333334,363,23,TAGGCGTCAAGTATCCGCTT,340,3026197
rcsBp1,0.7083333333333334,39,23,TAATTGTAAATCGGGTATCA,16,3052463
rcsBp1,0.125,25,23,TAATTCCCTCGGCAGGTAGA,2,3043921
rcsBp1,0.08333333333333333,24,23,GTTAAGAGATGACATTTATT,1,3062423
rcsBp1,0.16666666666666666,26,23,GTGTTAACCCCCCCAAGATC,3,3030634
rcsBp1,0.4166666666666667,32,23,GTGAATCAATCACTTCGCGT,9,3066551
rcsBp1,1.2083333333333333,51,23,GTCTAGGGTCAGGATCTTGA,28,3056321
rcsBp1,1.2916666666666667,53,23,GTATAAGATCATACGCGTCA,30,3060096
rcsBp1,1.375,55,23,GTACGCACCGAAGCCGATAC,32,3032881
rcsBp1,0.08333333333333333,24,23,GGTTTCCTTCCACCACCAAA,1,3062284
rcsBp1,0.875,43,23,GGTGGCGGTTATCAATAGGA,20,3028182
rcsBp1,1.7916666666666667,65,23,GGTCGAGCTGTTTTTTCTAT,42,3041529
rcsBp1,2.0,70,23,GCTGGGGTGATGTACTCGTT,47,3049923
rcsBp1,1.5416666666666667,59,23,GCGACTTCCCAGTACGCCAG,36,3054109
rcsBp1,1.7083333333333333,63,23,GCATTCCAAAAAAGCACGAA,40,3056169
rcsBp1,0.7083333333333334,39,23,CTATCCGTACTGGGAACAGC,16,3049080
rcsBp1,0.6666666666666666,38,23,CGTGAAGGGTATGCATATTA,15,3071487
rcsBp1,0.4583333333333333,33,23,CGGGCACTCCGAGCACACAT,10,3035010
rcsBp1,2.25,76,23,CGGACCAAAGGGAAGCGAAT,53,3063166
rcsBp1,0.2916666666666667,29,23,CGCTTCGCTTTTTCCTCATT,6,3045654
rcsBp1,0.75,40,23,CCCGGCCAAAGTTGAGGCAA,17,3023123
rcsBp1,0.5416666666666666,35,23,CCATAAAGCGAACGCGGGAC,12,3073082
rcsBp1,0.08333333333333333,24,23,CAGTCTTAGCTGGAGGCACA,1,3062676
rcsBp1,1.0833333333333333,48,23,CACAACTTCGCAATATGATC,25,3039215
rcsBp1,1.2916666666666667,53,23,CAACGATCACGGTCTGACGA,30,3034070
rcsBp1,1.2916666666666667,53,23,ATGTACTTTTCGGTTGCTAT,30,3060662
rcsBp1,1.625,61,23,ATCGGACCCAGGGTTAGTGG,38,3045147
rcsBp1,2.2083333333333335,75,23,AGGTTGCAAGTCGCATTAGT,52,3031387
rcsBp1,0.5,34,23,AGGGTAAACCCTTAGTCACA,11,3056953
rcsBp1,13.291666666666666,341,23,AGCGAACCATAGAGCCAGGC,318,3070163
rcsBp1,0.08333333333333333,24,23,AGCACGCATCCATCGCCGTT,1,3060641
rcsBp1,16.916666666666668,428,23,AGATCTTTCAACGGGTCAAA,405,3033533
rcsBp1,1.9166666666666667,68,23,AGAGGGAAAGGTTTTAGGAT,45,3065238
rcsBp1,1.0,46,23,ACTGGAGTGGTTTATTAAGG,23,3026172
rcsBp1,1.6666666666666667,62,23,ACGAATTCCGAGCGCCGCAT,39,3057027
rcsBp1,7.333333333333333,198,23,ACCCCCACGTGGTTCATCGA,175,3030463
rcsBp1,1.375,55,23,ACAGGCCCATCTAACTTGAA,32,3045437
rcsBp1,0.6666666666666666,38,23,AATTGACCAACTGGTAGGGA,15,3035135
rcsBp1,0.9583333333333334,45,23,AAGTGGACCTATGTATTCAG,22,3050019
rcsBp1,1.3333333333333333,54,23,AACCGCGTGCAGTCTTCGTT,31,3037125
rcsBp1,0.75,40,23,AACCCGGGCTTTACGCAGAT,17,3026044
rcsBp1,0.8333333333333334,42,23,AAAGCTGTTTTTAGCTATCT,19,3056351
rcsBp1,1.2083333333333333,51,23,AAAAGTCATGGTCAGCAGGC,28,3043885
rcsBp1,0.08695652173913043,23,22,TTTTGCATCACGACCTATAC,1,3066849
rcsBp1,1.826086956521739,63,22,TTTCGGCTCAGGCCTCCGTG,41,3034400
rcsBp1,2.782608695652174,85,22,TTGCGCTATTACTAGAGGAT,63,3026098
rcsBp1,0.8695652173913043,41,22,TTGACAGCGGATGGTCTAGA,19,3036332
rcsBp1,1.0869565217391304,46,22,TTCTCGCTGGAGTTACAAGA,24,3031984
rcsBp1,0.391304347826087,30,22,TCCATGTTCTGACGAACACT,8,3051727
rcsBp1,0.5217391304347826,33,22,TCATAGTAATGCCCGGCAGG,11,3035884
rcsBp1,9.565217391304348,241,22,TCAATCTGAAGTTACTCTGT,219,3025477
rcsBp1,2.1739130434782608,71,22,TAGGGTTGGCTAGTTTAACC,49,3023764
rcsBp1,1.0,44,22,TAGCATCGAGGCGGAAAGGG,22,3027885
rcsBp1,2.4347826086956523,77,22,TAGAGCTCCAAATTTTTAGG,55,3035153
rcsBp1,1.0434782608695652,45,22,TACTCTGACGCCGCCCACCG,23,3026947
rcsBp1,0.6956521739130435,37,22,GTTCCTGCAATACTTCCCGT,15,3027479
rcsBp1,2.260869565217391,73,22,GTCGGCGGATCGGGTATCTC,51,3022985
rcsBp1,1.173913043478261,48,22,GGTTGTTGGAATAATGGAGA,26,3045661
rcsBp1,1.0869565217391304,46,22,GGTGCCAGATAACATGCAAT,24,3038429
rcsBp1,1.826086956521739,63,22,GGCGATGCAGTGGCAGTATC,41,3041065
rcsBp1,1.434782608695652,54,22,GGAGTTGATCATATCGGGCA,32,3025293
rcsBp1,0.5217391304347826,33,22,GGAGCCCACCCTGGTGCTTT,11,3035025
rcsBp1,5.739130434782608,153,22,GGAACAGACATCTGCAACAG,131,3061790
rcsBp1,0.7391304347826086,38,22,GATAGTCACCTCTAGAAGTG,16,3042373
rcsBp1,0.21739130434782608,26,22,GACATCCGGGACGCGGGTTA,4,3045061
rcsBp1,1.2173913043478262,49,22,CTTGCAGCGCCGGGTCCGAC,27,3052866
rcsBp1,0.6086956521739131,35,22,CTCTCATTAATAGGTGCGTT,13,3049150
rcsBp1,0.08695652173913043,23,22,CTCGGCTGCCAGTCGTGACG,1,3033032
rcsBp1,2.217391304347826,72,22,CTCAAACGTATAGCTACAGA,50,3023941
rcsBp1,0.6086956521739131,35,22,CGTTTGGGTTACTGACGGCA,13,3062127
rcsBp1,0.782608695652174,39,22,CGTCTGAAGCCAGTCCCCGA,17,3026564
rcsBp1,0.08695652173913043,23,22,CGTCCGCATAAGCATTCGTA,1,3059371
rcsBp1,1.4782608695652173,55,22,CGTCCAAGCTTGGCAGGACA,33,3042298
rcsBp1,1.9130434782608696,65,22,CGCACAAGTCTGCCTATTGG,43,3044734
rcsBp1,2.347826086956522,75,22,CCTTTGAGTTCCTCTTGATG,53,3043391
rcsBp1,2.0869565217391304,69,22,CCTCGTAACCGTGCGTCCAC,47,3037999
rcsBp1,0.8695652173913043,41,22,CCTATGGTGAGTCGCCGGCC,19,3068244
rcsBp1,2.130434782608696,70,22,CCTAGAGTTACATAGACCAA,48,3037777
rcsBp1,1.0869565217391304,46,22,CCACAACGGTATTATATTTG,24,3040980
rcsBp1,2.260869565217391,73,22,CCAACGGCTACGCGCGAGGA,51,3050950
rcsBp1,0.08695652173913043,23,22,CATCTGATGCAGGTGCGTGA,1,3033299
rcsBp1,0.8695652173913043,41,22,CAGGACGGCTATACTCGACT,19,3027111
rcsBp1,2.347826086956522,75,22,CACCCACTAGCAAGTATGCT,53,3037050
rcsBp1,78.08695652173913,1817,22,CACATAGCGCACAAGGACTC,1795,3025433
rcsBp1,0.43478260869565216,31,22,CAAGTAAGGTAAGCGCCGGG,9,3023881
rcsBp1,3.0869565217391304,92,22,CAACTCGCTTGTGTTAAGAT,70,3055156
rcsBp1,1.7391304347826086,61,22,ATTGACGTGAAATATAACGA,39,3064792
rcsBp1,1.7391304347826086,61,22,ATTCAACTATTTCTCTATAA,39,3038387
rcsBp1,4.217391304347826,118,22,ATTATGTAGGACTGAACGGA,96,3041964
rcsBp1,0.08695652173913043,23,22,ATTACGAAGACCTTTGCTAA,1,3034394
rcsBp1,5.0,136,22,ATGTTTGGTTGTTTCTGGCC,114,3033489
rcsBp1,0.8695652173913043,41,22,ATGTGAGGTCACAGATGTTT,19,3025998
rcsBp1,1.3043478260869565,51,22,ATAATTCGTGACCACACAGA,29,3045892
rcsBp1,0.6521739130434783,36,22,AGGTGCGTTCCAGGTTATAG,14,3032231
rcsBp1,9.521739130434783,240,22,AGGACCCGGGGAAAGGAGTA,218,3038091
rcsBp1,0.782608695652174,39,22,AGCGCAGAGGACTCGGCCGT,17,3055980
rcsBp1,0.9565217391304348,43,22,ACTTTACCCGGACACATTAT,21,3048461
rcsBp1,0.6086956521739131,35,22,ACTCGATCCACTGAATCCGT,13,3064413
rcsBp1,2.347826086956522,75,22,ACTATGGACTTAGCGAACTT,53,3065679
rcsBp1,0.08695652173913043,23,22,ACGACGCCCGACCGTAGTCT,1,3057586
rcsBp1,0.6086956521739131,35,22,ACCACTTAGACAACTTAACC,13,3060986
rcsBp1,1.173913043478261,48,22,ACATGAGCGACCTACAAGTT,26,3036311
rcsBp1,2.130434782608696,70,22,AACCTGCATGGATACCCAAG,48,3054407
rcsBp1,0.6956521739130435,37,22,AAATAGTCGGCCTAGAGCAT,15,3027238
rcsBp1,4.6521739130434785,128,22,AAACGTAACGGTCCGACCAG,106,3037290
rcsBp1,1.9565217391304348,66,22,AAAAGATTCACGGCAGGGCA,44,3060099
rcsBp1,1.1304347826086956,47,22,AAAACAGCTTAAATTGAATA,25,3054634
rcsBp1,0.09090909090909091,22,21,TTGTTAGACCGTCGGGGGAG,1,3053996
rcsBp1,0.09090909090909091,22,21,TTGGAAATAGGCCATAACAA,1,3044468
rcsBp1,0.8636363636363636,39,21,TTGCACGTGGGGACTCTGAA,18,3059954
rcsBp1,0.09090909090909091,22,21,TTCAGATGGTGCATAGCGCT,1,3029911
rcsBp1,3.590909090909091,99,21,TTATAGTATTTCCATAAACA,78,3030464
rcsBp1,0.3181818181818182,27,21,TGTTACCACTCAGTAGGTAC,6,3053936
rcsBp1,0.7727272727272727,37,21,TGGTTTTCTGGTGAATTAAG,16,3063627
rcsBp1,1.9545454545454546,63,21,TGGTGGATGTTGACTCCAAA,42,3038667
rcsBp1,1.0909090909090908,44,21,TGGGTGACACCGTAGGGTAC,23,3022339
rcsBp1,0.09090909090909091,22,21,TGGGCCACTGGGCGCCTTCG,1,3024016
rcsBp1,1.0,42,21,TGGGACGCTTATTAGTGGCG,21,3029337
rcsBp1,0.4090909090909091,29,21,TCGTATCCATACTTTGAGAA,8,3061418
rcsBp1,1.0909090909090908,44,21,TCGCTCATGTGTCTGCACGA,23,3073200
rcsBp1,1.0,42,21,TCGCGTATGTCGAAAGGGTA,21,3036302
rcsBp1,0.09090909090909091,22,21,TCGCGCAATAGTCTGCCAGG,1,3025558
rcsBp1,2.0454545454545454,65,21,TCCAATGGGCAGCCGTTAGT,44,3044092
rcsBp1,1.8636363636363635,61,21,TCCAAAGTCGCTTACCTTCA,40,3034166
rcsBp1,0.6818181818181818,35,21,TCAGTAAAGATCTGTACCAT,14,3054711
rcsBp1,0.7272727272727273,36,21,TCAACTAATGGCTCACTGTA,15,3025400
rcsBp1,0.5909090909090909,33,21,TAGGTGCGTCAGTCTGCGAT,12,3046756
rcsBp1,3.8181818181818183,104,21,TAGGCTTTTGCTTTGCGACT,83,3050432
rcsBp1,0.09090909090909091,22,21,TAGGACGTGACGGGGGCGCA,1,3053067
rcsBp1,1.6363636363636365,56,21,TACAGTCTATAAGCCTCCAA,35,3055678
rcsBp1,0.9090909090909091,40,21,TACAAGATATCTAAACCGAG,19,3038755
rcsBp1,0.7272727272727273,36,21,TAAGGATCCGCTGTTGCCAA,15,3033995
rcsBp1,0.7727272727272727,37,21,TAAAGTAGAGGGGTCAACGT,16,3058365
rcsBp1,3.3636363636363638,94,21,GTTATGGATACAGGACTAAC,73,3039212
rcsBp1,1.2272727272727273,47,21,GTGTATTCTGGGGTGGCCAG,26,3029159
rcsBp1,2.0,64,21,GTCGGGAACCTCTATCAAGA,43,3026074
rcsBp1,1.5,53,21,GTCCCTGTTGGGTACTTTCT,32,3043508
rcsBp1,1.1363636363636365,45,21,GGTGGGTACCGGACGAGCGG,24,3044669
rcsBp1,0.5,31,21,GGTGCGTAGTAGAATCAAGT,10,3042673
rcsBp1,0.9090909090909091,40,21,GGGTCACGGGACACCAGCCC,19,3044688
rcsBp1,3.3181818181818183,93,21,GGCGGCTAATATCTCGTCGT,72,3027779
rcsBp1,0.09090909090909091,22,21,GGACAGCGGGCGCCTACTAA,1,3031196
rcsBp1,0.6363636363636364,34,21,GGAATATATTGCTTCTACTC,13,3022550
rcsBp1,2.272727272727273,70,21,GGAACGTAGACCGCAGCTAT,49,3056823
rcsBp1,0.7727272727272727,37,21,GCGGTTTTTTTTTTATTAAG,16,3036441
rcsBp1,3.8636363636363638,105,21,GCGGACATCCAGCACTACGT,84,3041534
rcsBp1,1.6363636363636365,56,21,GCAGCTATCTTATCAAAACG,35,3022867
rcsBp1,1.0909090909090908,44,21,GCAGCAACGACAAGATCAAA,23,3037200
rcsBp1,2.727272727272727,80,21,GCAAATATACACTTTGTAGA,59,3061905
rcsBp1,0.7272727272727273,36,21,GATGTTCTGGGTCCCACGGA,15,3030697
rcsBp1,2.0,64,21,GATCGACTACAGGTGGTACC,43,3037899
rcsBp1,1.2272727272727273,47,21,GATATCCGCTCGTGGACGGA,26,3063630
rcsBp1,1.4545454545454546,52,21,CTGTGCCCGTCCGTCCACAG,31,3033177
rcsBp1,1.1363636363636365,45,21,CTGATGTGCGTGTTGAATAA,24,3032721
rcsBp1,1.0,42,21,CTACCATAGCTATATAGCAT,21,3062338
rcsBp1,1.1363636363636365,45,21,CTAAATAGGCACTCCGTAGA,24,3066742
rcsBp1,2.8636363636363638,83,21,CGTTAGACCTTTCGAGGCGA,62,3051692
rcsBp1,1.3181818181818181,49,21,CGGTTTTCCAGACGGTCTGC,28,3058512
rcsBp1,0.09090909090909091,22,21,CGGTTGCAACGTTTGCCTCT,1,3044545
rcsBp1,2.3181818181818183,71,21,CGGGGTTGGGTGCTCAAACA,50,3066509
rcsBp1,0.8636363636363636,39,21,CGGCCATAGGTGACGGACCT,18,3026406
rcsBp1,2.4545454545454546,74,21,CGCCATCAATGGCTCCGACT,53,3043534
rcsBp1,1.1363636363636365,45,21,CGAGTTCGTCAGCCACAAAA,24,3030078
rcsBp1,0.6818181818181818,35,21,CGACCGATAGTGTGAATGTG,14,3069450
rcsBp1,1.0,42,21,CCGGAGTAGCGACTTACCAA,21,3030561
rcsBp1,1.4545454545454546,52,21,CCGCGTTAATTGGGACAAGA,31,3023338
rcsBp1,1.3636363636363635,50,21,CCCATTCGTGGGCCAATAAT,29,3032850
rcsBp1,4.409090909090909,117,21,CCATATGTGTTGCACGGGAA,96,3025627
rcsBp1,0.13636363636363635,23,21,CAGGGGCGGCCAGTAGCGAA,2,3034367
rcsBp1,0.09090909090909091,22,21,CAACACGCTGTTGTTCTATA,1,3027978
rcsBp1,0.5454545454545454,32,21,CAAAGTTACCAAATAAGGCA,11,3045348
rcsBp1,1.9090909090909092,62,21,ATGTGCATTGGGTCTGTCTT,41,3067119
rcsBp1,0.9090909090909091,40,21,ATGATGGAGGTTCAGGTCCT,19,3040548
rcsBp1,0.45454545454545453,30,21,ATCCGTGGAATGTTACTTGT,9,3069394
rcsBp1,5.045454545454546,131,21,ATCCGCCCTACTTCCGACGT,110,3033487
rcsBp1,1.8636363636363635,61,21,ATACTGGCAATCCTAACGTG,40,3036223
rcsBp1,0.5,31,21,AGTTATTTACGATGAACAGT,10,3068811
rcsBp1,0.5454545454545454,32,21,AGGCTCCCCCCATGGATATT,11,3048268
rcsBp1,2.9545454545454546,85,21,AGCGCATTTGCTTCTGATAT,64,3045379
rcsBp1,3.409090909090909,95,21,AGATTTATGCGCCGGGATAG,74,3049151
rcsBp1,1.5909090909090908,55,21,AGATCCGGTAGCGAGGCTCA,34,3031950
rcsBp1,0.5454545454545454,32,21,AGAGATATTCAGCGGACTCT,11,3031884
rcsBp1,1.1818181818181819,46,21,ACTCGATGTGCCCCCGGTGA,25,3024393
rcsBp1,0.7727272727272727,37,21,ACGGTGCTTTAGCAGGGGGC,16,3034370
rcsBp1,0.45454545454545453,30,21,ACGCCTTTCTGTCTAAGTGC,9,3031066
rcsBp1,1.4090909090909092,51,21,ACCGCGTTATCCACTCCCCC,30,3045726
rcsBp1,3.0,86,21,ACCCTCGTAAGATCGGTCCT,65,3029318
rcsBp1,1.1363636363636365,45,21,ACACGATGGTGTCGGGAAAA,24,3045218
rcsBp1,0.09090909090909091,22,21,AAGCACGTATGTATGATAAT,1,3029792
rcsBp1,1.2727272727272727,48,21,AAAGTGCGTAAGGGCCTTCA,27,3035489
rcsBp1,0.09090909090909091,22,21,AAAGACCATCGTATAGTGTA,1,3060716
rcsBp1,3.3181818181818183,93,21,AAACGCCTAGCAGTAGGAGT,72,3073236
rcsBp1,0.8571428571428571,37,20,TTGTACTGTGACGCTATTGC,17,3025068
rcsBp1,2.761904761904762,77,20,TGTAATCTACGCCTCCCCAT,57,3039118
rcsBp1,1.380952380952381,48,20,TCTGCCGTCAAACAGCGATG,28,3033140
rcsBp1,1.4761904761904763,50,20,TCTCAGACCCGGGCCATCAA,30,3029564
rcsBp1,1.7619047619047619,56,20,TCCTGACAACAAGCGAATAG,36,3031495
rcsBp1,1.4761904761904763,50,20,TCCCGGTGAAAACACTCGAC,30,3027218
rcsBp1,1.5714285714285714,52,20,TCCATATGTGCCGACCCAGG,32,3053673
rcsBp1,0.09523809523809523,21,20,TCATGGGTTAGAAGGGCCGA,1,3040858
rcsBp1,0.09523809523809523,21,20,TACTTCCCCAATGAGTACTG,1,3067026
rcsBp1,4.714285714285714,118,20,TACTATGACCATATTTTCAC,98,3039362
rcsBp1,1.6666666666666667,54,20,TAAGTATTACCACGCCGTGT,34,3037783
rcsBp1,1.1428571428571428,43,20,TAAACGTCAGTAGAAGAGTC,23,3023425
rcsBp1,1.1428571428571428,43,20,GTTCCGGATCAACTCCGAGA,23,3055038
rcsBp1,0.9523809523809523,39,20,GTGCGCGCTCCCGGAATTCT,19,3035279
rcsBp1,2.238095238095238,66,20,GTCCCAAGAGTTTCTTCGAG,46,3026870
rcsBp1,0.6190476190476191,32,20,GTAAAGTTACGTGCACACGA,12,3024346
rcsBp1,2.9047619047619047,80,20,GTAAAAGCAGCAGTAATGTG,60,3039184
rcsBp1,0.09523809523809523,21,20,GGTTGATGGATAAGCATGGG,1,3066053
rcsBp1,0.6666666666666666,33,20,GGTATACCGCGAGCAATGGA,13,3041465
rcsBp1,1.4761904761904763,50,20,GCTGGGAGGAAATCATAGGC,30,3032845
rcsBp1,0.9523809523809523,39,20,GCTAGAGTCTTCGTTCCACA,19,3048825
rcsBp1,1.3333333333333333,47,20,GACGCCTTGAGACATAGCGA,27,3038801
rcsBp1,1.9523809523809523,60,20,GAATCGCGGAGCCTAACTGA,40,3030863
rcsBp1,1.4285714285714286,49,20,GAAAGAGTAGAGATATCATT,29,3054500
rcsBp1,0.14285714285714285,22,20,CTTGTAAGCGCTTCGTGGGT,2,3025222
rcsBp1,1.0952380952380953,42,20,CTTGACGTCGATTGAAGTTC,22,3065242
rcsBp1,0.09523809523809523,21,20,CTTCGACACGGGGTGTTACT,1,3039696
rcsBp1,0.09523809523809523,21,20,CTGGGTAATCACAAATAGAT,1,3060755
rcsBp1,2.5238095238095237,72,20,CTGAAATCACGTACTTCGAC,52,3025988
rcsBp1,0.3333333333333333,26,20,CTCTGATGTAGGTTACCTGT,6,3028548
rcsBp1,2.0,61,20,CTCGGAAAGGTGAACTATTT,41,3025790
rcsBp1,1.0476190476190477,41,20,CTCGCGCTAGCCGTAAGTAT,21,3061049
rcsBp1,0.23809523809523808,24,20,CTATTGTCCCAACCTGACAC,4,3026749
rcsBp1,1.9523809523809523,60,20,CTACTATTGTTAACTTGGAA,40,3069742
rcsBp1,1.9523809523809523,60,20,CGTTGCACGGTAGCCGGTGT,40,3051672
rcsBp1,0.9523809523809523,39,20,CGTCAGACAATCCTCGTGAA,19,3072135
rcsBp1,0.6666666666666666,33,20,CGGCGCCTGCCTAGTTTGAG,13,3069984
rcsBp1,7.904761904761905,185,20,CGCGTGGGGGCAGCACCGGC,165,3033750
rcsBp1,0.47619047619047616,29,20,CGACGCTACGCATATCTCCT,9,3029814
rcsBp1,1.0,40,20,CCTCGCAATACCATCCTTTA,20,3037882
rcsBp1,1.4285714285714286,49,20,CCTCCCGATACAAAGAGTAC,29,3054702
rcsBp1,1.6666666666666667,54,20,CCGTACCACCGTCCACGACA,34,3047526
rcsBp1,1.7619047619047619,56,20,CCGACATCAGGCCCAGAGAT,36,3037119
rcsBp1,1.0,40,20,CCCTCTCGGATGTTATGAGA,20,3025059
rcsBp1,2.4761904761904763,71,20,CCATATGCAGTCTACATTAA,51,3047834
rcsBp1,1.1428571428571428,43,20,CCACCCGGTCGCGACCACTG,23,3051003
rcsBp1,2.857142857142857,79,20,CATGGACGGGGTCTTCAATA,59,3025255
rcsBp1,1.7142857142857142,55,20,CATCTCAACAGGAACCAGTT,35,3061594
rcsBp1,1.5714285714285714,52,20,CATAGTTGAAGCAGCTCTCA,32,3039519
rcsBp1,1.3333333333333333,47,20,CATACTCGCCAATCCTGCAG,27,3031366
rcsBp1,0.7142857142857143,34,20,CAGGGGTATTCCCATCGCCC,14,3039899
rcsBp1,0.09523809523809523,21,20,ATTCGCTCTTTGATAATTGT,1,3066468
rcsBp1,0.42857142857142855,28,20,ATGTCAATTAGCGGACCCCT,8,3053896
rcsBp1,2.4285714285714284,70,20,ATGGTTCAAATATACTATCC,50,3039370
rcsBp1,1.9047619047619047,59,20,ATGAGGCAGGTCGTCCACAA,39,3064856
rcsBp1,0.7142857142857143,34,20,ATCTGATTATAACCTAGACC,14,3059794
rcsBp1,0.3333333333333333,26,20,ATCATTAGACGGTCGGCTCT,6,3058792
rcsBp1,0.7619047619047619,35,20,AGGCTTGCTCCCAATTTGCA,15,3042587
rcsBp1,1.8095238095238095,57,20,AGCTCATTGAATCGAATTTC,37,3060285
rcsBp1,1.2857142857142858,46,20,AGCGTTTGGCGCCAATTTGT,26,3030186
rcsBp1,1.0,40,20,AGAGCTCTTTTAGCCAAGTG,20,3033428
rcsBp1,0.09523809523809523,21,20,ACCCCTAAACCAAATGACTC,1,3036939
rcsBp1,5.142857142857143,127,20,ACAAAGTTGTTCTGGTCGAT,107,3051156
rcsBp1,2.8095238095238093,78,20,ACAAAATGCGTAGGGAAGAG,58,3046015
rcsBp1,1.0476190476190477,41,20,AATTTCCGTCAACCATGGCT,21,3056896
rcsBp1,4.0476190476190474,104,20,AATTCTAATACTACTCTACA,84,3026147
rcsBp1,2.8095238095238093,78,20,AATGGGTGATAAGCGTGGAC,58,3067159
rcsBp1,2.4285714285714284,70,20,AATGCGGGTAGGTCTCGTAT,50,3043157
rcsBp1,4.428571428571429,112,20,AAGACGGTATTAGAGTAATG,92,3034476
rcsBp1,0.8095238095238095,36,20,AACGATCATCACATGCCGTA,16,3036711
rcsBp1,3.5714285714285716,94,20,AACAAATTGCTTGGCCAGTT,74,3045152
rcsBp1,1.4,46,19,TTTTTGTCACTATCTTTGTA,27,3022127
rcsBp1,1.1,40,19,TTTTCTTGCTGGTCTGACAT,21,3056684
rcsBp1,0.95,37,19,TTTCGACTTCGAGGGGTCAT,18,3052539
rcsBp1,1.5,48,19,TTTCATCCAGTAGGGTATTG,29,3053476
rcsBp1,0.1,20,19,TTGGTTTGACCTACATGATG,1,3062839
rcsBp1,0.95,37,19,TTGACTTTGGAGGCAATCGA,18,3061868
rcsBp1,1.55,49,19,TTGAAAATACAGTGACGATT,30,3046312
rcsBp1,1.35,45,19,TTCTCAAATTCAGGACTTGC,26,3022931
rcsBp1,0.9,36,19,TTCGTTCCGACTCCGAAGCT,17,3046938
rcsBp1,6.25,143,19,TTCAACTCAGCGTCCCCAAT,124,3023345
rcsBp1,3.05,79,19,TGTTTTGCTAATTCGTTGTA,60,3029679
rcsBp1,1.15,41,19,TGTTGTGAATTAGCCGTACA,22,3068707
rcsBp1,0.1,20,19,TGTTCGCAAACAGTCGAGGC,1,3047940
rcsBp1,0.1,20,19,TGGTTTTCGAGGTCCGGCTT,1,3044068
rcsBp1,3.85,95,19,TGGTGCCGGGGTACCAGTAT,76,3042679
rcsBp1,1.6,50,19,TGGCCTGTGCCGGAATAACC,31,3061956
rcsBp1,1.55,49,19,TGCTAACACGTTGTAAAGCA,30,3066193
rcsBp1,3.65,91,19,TGAAAACGCAGTCATCACAG,72,3061734
rcsBp1,1.15,41,19,TCTTGGGAGCGGATGATCGT,22,3025478
rcsBp1,1.45,47,19,TCTATACTTGGCCAGCGCAT,28,3038626
rcsBp1,1.45,47,19,TCGTTTAACTTTAGTGTGTA,28,3057666
rcsBp1,4.8,114,19,TCGTGAAGAGCTAGCGTTGC,95,3057721
rcsBp1,4.15,101,19,TCGGTCTAAGTGCTCCCCGA,82,3065112
rcsBp1,1.0,38,19,TCCGTATGGAATTAGCCGCT,19,3057548
rcsBp1,2.4,66,19,TCCACACTGGCTCAAGCTCA,47,3027274
rcsBp1,1.4,46,19,TCAAACGTAGAACGTTTGGT,27,3040155
rcsBp1,1.45,47,19,TAGGGTTACTATCGTAACTG,28,3027606
rcsBp1,0.75,33,19,TAGGAAAGCAAGTGAACAGA,14,3033000
rcsBp1,1.05,39,19,TACGACAGGGCCGACCATTT,20,3058425
rcsBp1,1.55,49,19,TAATTGAGCACGCAGTACTC,30,3061614
rcsBp1,0.9,36,19,TAACCTTTCGAACTCGCCAG,17,3060234
rcsBp1,2.95,77,19,TAACAATTTGTGCTAGTGTC,58,3059289
rcsBp1,1.15,41,19,GTTTCGTTCTCATATCACGC,22,3056327
rcsBp1,9.45,207,19,GTTGCCCGAGGGGTTAAAAA,188,3043359
rcsBp1,3.15,81,19,GTTATGAAAGAGTTTCAAGT,62,3029511
rcsBp1,0.45,27,19,GTTAAGTCCACGTGAATCAG,8,3044176
rcsBp1,1.15,41,19,GTGTCCTGTGGGTCGCCGGG,22,3067264
rcsBp1,2.8,74,19,GTGGGGGACCTGAGCCGACG,55,3040967
rcsBp1,0.95,37,19,GTCCGCTAGTTAGGCGTGAA,18,3033930
rcsBp1,0.7,32,19,GTAGCTAGTCACAGCACGTT,13,3033703
rcsBp1,4.1,100,19,GGGGTGGCGCCCGACATGGA,81,3029115
rcsBp1,0.75,33,19,GGGCTCTTGATGTCCGTGAG,14,3047713
rcsBp1,2.05,59,19,GGGCAGCGCATGTGGGGGTG,40,3042583
rcsBp1,0.1,20,19,GGCGTCAAATGTGGGGACAT,1,3024194
rcsBp1,0.75,33,19,GGAACGTGCTAACCCTACGT,14,3064071
rcsBp1,0.8,34,19,GCTCTCGCCACACCAAAGCA,15,3039397
rcsBp1,0.1,20,19,GCGCTAGAGCGATTTTTAAT,1,3043506
rcsBp1,1.5,48,19,GCGCGATCGATGGTCAACGA,29,3034671
rcsBp1,1.65,51,19,GCGATGGCTTTTGAACTTGT,32,3051655
rcsBp1,0.1,20,19,GCATCGAGTACGCCTCGTAA,1,3066666
rcsBp1,4.75,113,19,GAGGGACCTTGCCGCTGATA,94,3025476
rcsBp1,1.35,45,19,GAGCACCCGATAATGTGCGC,26,3034627
rcsBp1,0.15,21,19,GAGAAGGCGTCAGTGTACTG,2,3024075
rcsBp1,0.35,25,19,GACTCATGCTCATTACATAC,6,3058090
rcsBp1,3.8,94,19,CTTTTAAGTGGCTTAAGTTG,75,3045154
rcsBp1,7.5,168,19,CTTGCTCACCGAGGGACGCT,149,3063962
rcsBp1,2.15,61,19,CTTCCGCCTGATGTTACCCC,42,3047366
rcsBp1,0.95,37,19,CTCCCTTACGATCGGGATCC,18,3055970
rcsBp1,4.3,104,19,CTAACACGCAATGGTTGGCA,85,3036264
rcsBp1,0.75,33,19,CGTGGAGGTATATAATGTTG,14,3048491
rcsBp1,1.6,50,19,CGTAGGGGACGGCGCCGCGG,31,3034233
rcsBp1,0.1,20,19,CGGTGCATAGAAGTGGAACG,1,3048726
rcsBp1,1.55,49,19,CGGCGGGGTTTGAAATGCTT,30,3046962
rcsBp1,2.35,65,19,CGGCCAGTCTGATAGCTTCT,46,3049655
rcsBp1,10.55,229,19,CGGACGCCTAGATCACATTG,210,3037814
rcsBp1,2.0,58,19,CGCTTCCGCCGCAGCGCAAG,39,3063474
rcsBp1,0.1,20,19,CGCGCGATGTATAATGGCTA,1,3032077
rcsBp1,2.05,59,19,CCTGCGGTCTTCTTAAGGGA,40,3061392
rcsBp1,1.45,47,19,CCGTCGATTCGCAATAATAT,28,3028180
rcsBp1,2.05,59,19,CCGCTATCAGCGGGTCGCTT,40,3045186
rcsBp1,1.4,46,19,CCCTGAGACCGGGCCGATGA,27,3026254
rcsBp1,1.1,40,19,CCAGTAATATCTACAATAGA,21,3027722
rcsBp1,1.4,46,19,CCAGGGGTGTCTACGGACGG,27,3055512
rcsBp1,1.45,47,19,CCAGCCCTGCATATCTGTAG,28,3028085
rcsBp1,3.35,85,19,CCACGGTTACTATGTACATA,66,3062309
rcsBp1,2.6,70,19,CCACAGCGGGGGAGAAGACT,51,3066390
rcsBp1,0.15,21,19,CCACACGCTTGGAACAATGG,2,3057179
rcsBp1,1.0,38,19,CATGGCTTGTCAAGGACGCT,19,3024815
rcsBp1,17.65,371,19,CATAGTGAATTGATGCTCTC,352,3063376
rcsBp1,1.75,53,19,CAGTCCGGGGATCTCACGCT,34,3069246
rcsBp1,3.0,78,19,CAAACCTATCAACCGTCCTG,59,3025292
rcsBp1,1.45,47,19,ATCGAAAAATGAGTGACGCT,28,3072054
rcsBp1,0.45,27,19,ATACGGGTAGCGCTACGCGT,8,3068613
rcsBp1,5.0,118,19,AGGTGAACTACCATCTAATA,99,3023853
rcsBp1,0.15,21,19,AGGTCGGGCTGCCTCAGCAA,2,3067277
rcsBp1,0.95,37,19,AGATACACATACTGCGATGC,18,3039918
rcsBp1,0.9,36,19,ACTGGGCGCGGACAGCACAG,17,3032533
rcsBp1,4.6,110,19,ACGGCCACGAACCTTGGTAC,91,3060357
rcsBp1,0.1,20,19,ACGGCCACCTCTGAGACAAG,1,3069645
rcsBp1,0.95,37,19,ACGGAGGCCCGCTTAATGTA,18,3067193
rcsBp1,0.3,24,19,ACGAGACGGGTGCGACACCC,5,3064999
rcsBp1,1.6,50,19,ACCCCTATCTGTTAATCGCT,31,3068533
rcsBp1,1.15,41,19,ACACCAAAACAGCCAAAGAA,22,3055902
rcsBp1,2.55,69,19,ACACATTACAATCATTCGAG,50,3033029
rcsBp1,1.05,39,19,ACAAAGCGAGAAGCTTTGAT,20,3042822
rcsBp1,2.7,72,19,AATGACTGAGGATTGCGCGT,53,3023817
rcsBp1,2.4,66,19,AATAGTGTTACTCAATGCGA,47,3032858
rcsBp1,0.6,30,19,AAGTGTTGTTTGGGCACAAT,11,3043989
rcsBp1,2.35,65,19,AAGCGAGCGCATAGCGGTAG,46,3035999
rcsBp1,0.47368421052631576,26,18,TTTGCTGCAATTTACCGGTT,8,3047119
rcsBp1,4.2631578947368425,98,18,TTGGAGATTAAATCGTTCCT,80,3026327
rcsBp1,0.5789473684210527,28,18,TTCATCCGGTAAAGGGGTCT,10,3036304
rcsBp1,1.8421052631578947,52,18,TTCACGTGGCAAAAAATATC,34,3021802
rcsBp1,1.736842105263158,50,18,TGTTACCTGTAATAGCTGGG,32,3046179
rcsBp1,0.9473684210526315,35,18,TGTCGCAGGGGAAAGGCTGG,17,3028756
rcsBp1,4.631578947368421,105,18,TGTCACATTAAGACAAACGG,87,3035178
rcsBp1,0.10526315789473684,19,18,TGCTTTCCGTGGAGATAATG,1,3033379
rcsBp1,0.10526315789473684,19,18,TGCATGGTATACCCGTGGGA,1,3053525
rcsBp1,8.0,169,18,TCTAAGTTAGAAGGGGTAAC,151,3060358
rcsBp1,1.1578947368421053,39,18,TCGGTAGGTCTATGTGCTCT,21,3046204
rcsBp1,1.1578947368421053,39,18,TCGGGAAGAATTGAGACGAG,21,3038505
rcsBp1,4.105263157894737,95,18,TCGGACTCAACCTTTCAGTA,77,3035568
rcsBp1,0.9473684210526315,35,18,TCGCCGTAATAGTGGAAATC,17,3071422
rcsBp1,2.8947368421052633,72,18,TCGCCATGGCAGGAAGATCA,54,3047552
rcsBp1,1.4210526315789473,44,18,TCCTTCCCAAGATGAAGTAT,26,3038423
rcsBp1,2.1578947368421053,58,18,TCCTGTGGAACAGTAGATAA,40,3026429
rcsBp1,0.7368421052631579,31,18,TCCGATAGTTGTGCAAAAAC,13,3024398
rcsBp1,2.1578947368421053,58,18,TCCCATGAGGGCTGATAGTA,40,3039595
rcsBp1,0.10526315789473684,19,18,TCATTATGCTACAGATTGAA,1,3035442
rcsBp1,0.47368421052631576,26,18,TCATATAAGCTTACTGAACG,8,3034438
rcsBp1,2.4210526315789473,63,18,TATTTGACATTCAAGTACCT,45,3058188
rcsBp1,0.6842105263157895,30,18,TAGGTAAACAGTTCTCTTAC,12,3041466
rcsBp1,1.8421052631578947,52,18,TACTCTACTGTCGGGACACC,34,3034363
rcsBp1,2.526315789473684,65,18,TAAGCACAGCGTCATTGCCG,47,3070227
rcsBp1,2.8421052631578947,71,18,GTTGGTGCACAGGAAGGTAA,53,3030775
rcsBp1,3.0526315789473686,75,18,GTTATACTGGGATAATATTA,57,3048893
rcsBp1,1.0,36,18,GTTAACGCTACAGCCCTCAC,18,3066035
rcsBp1,0.8421052631578947,33,18,GTGGGTGTATACGGCGCCGC,15,3043043
rcsBp1,1.368421052631579,43,18,GTGATCCAGTTCAGTGCACA,25,3053143
rcsBp1,0.21052631578947367,21,18,GTCCCATTTTAATCGCTTTG,3,3066186
rcsBp1,1.3157894736842106,42,18,GTAGATTACGTAGCTGGGGT,24,3037734
rcsBp1,1.4736842105263157,45,18,GTAATATCCGTTATGTCTCA,27,3058410
rcsBp1,1.0526315789473684,37,18,GTAAAAAGCATGGTCTATGG,19,3027129
rcsBp1,0.10526315789473684,19,18,GGTTTACCTCGCCACACAGG,1,3066233
rcsBp1,3.0526315789473686,75,18,GGGGGGTCTAAGGCCGGCGA,57,3043081
rcsBp1,0.9473684210526315,35,18,GGGCACCTAAATCCTGTTGG,17,3072527
rcsBp1,1.5263157894736843,46,18,GGCGAGGGACGGAATCTATA,28,3050819
rcsBp1,1.105263157894737,38,18,GGACCATGCAGGCTCACACT,20,3059126
rcsBp1,24.263157894736842,478,18,GCTGGCCATTCGTCCTAGCT,460,3026979
rcsBp1,1.6842105263157894,49,18,GCTACTAGCCTATTCTCAGT,31,3049799
rcsBp1,1.8421052631578947,52,18,GCGTGTGTGGCTAGGATATA,34,3050365
rcsBp1,0.9473684210526315,35,18,GCGTGAAGACAGGTCACACC,17,3029500
rcsBp1,1.6842105263157894,49,18,GCGGCAGCCTAGATGGTGGC,31,3053352
rcsBp1,4.315789473684211,99,18,GCCCGATGTTGCGTCCTCTG,81,3044815
rcsBp1,1.0526315789473684,37,18,GCATATATGTATCTCCCGTT,19,3053287
rcsBp1,1.5263157894736843,46,18,GACCGAGCACCCCCCAAGTG,28,3067924
rcsBp1,0.10526315789473684,19,18,GACAGTCGGTCCTCCGGGCT,1,3024143
rcsBp1,1.4210526315789473,44,18,GAATTCTTCTAGAGCGTTGG,26,3056894
rcsBp1,3.5789473684210527,85,18,GAACAGCTTGTTCAAGTGTT,67,3032301
rcsBp1,13.368421052631579,271,18,CTTTGTTAAAATGACGAGTT,253,3023372
rcsBp1,0.9473684210526315,35,18,CTGTGCCGGAGGGACTACAG,17,3041360
rcsBp1,1.1578947368421053,39,18,CTGTCCCCTTAAGAACAGTG,21,3028868
rcsBp1,1.2105263157894737,40,18,CTGCTAACCAAGCGGATTAG,22,3030270
rcsBp1,0.10526315789473684,19,18,CTGATTATAGGTCTTATCTT,1,3042460
rcsBp1,2.526315789473684,65,18,CTCTATCCCTTCAGCGGAGT,47,3062042
rcsBp1,0.8421052631578947,33,18,CTCCAACTGCTTTAAGCCGG,15,3037458
rcsBp1,0.10526315789473684,19,18,CTACAACAGCGTAAGTGTAC,1,3060846
rcsBp1,1.0526315789473684,37,18,CGTCGCAAGTCGCCCTTCCT,19,3041661
rcsBp1,0.7894736842105263,32,18,CGTAGTCTCTGTATTATCTA,14,3041247
rcsBp1,1.105263157894737,38,18,CGTACTGAGCTTAAGGCTTA,20,3028183
rcsBp1,1.2105263157894737,40,18,CGCGGGGTTCTAGGGCGGGA,22,3068472
rcsBp1,2.0526315789473686,56,18,CGACTACGCTGACATTCTGG,38,3050201
rcsBp1,2.736842105263158,69,18,CCTGAGTAAGTCTACGGTGT,51,3030077
rcsBp1,6.052631578947368,132,18,CCGTCACTTCTAGCTTATTC,114,3029125
rcsBp1,6.2631578947368425,136,18,CCGGAGAGTGTATCCAGAAG,118,3038434
rcsBp1,0.8421052631578947,33,18,CCCTATTTGTACCTAAAAGA,15,3043917
rcsBp1,1.263157894736842,41,18,CCAGGTATCATGGCAGATGG,23,3061310
rcsBp1,0.8421052631578947,33,18,CCAAGGCATGCGCTTCTTCG,15,3034350
rcsBp1,1.4736842105263157,45,18,CATCCGGTCCAGAACGACAA,27,3038226
rcsBp1,0.3684210526315789,24,18,CATCCGGCCCGTATAGCGAC,6,3042584
rcsBp1,0.5263157894736842,27,18,CAGATTGTCAGTTCTAACAG,9,3060019
rcsBp1,0.10526315789473684,19,18,CAATTTGTCATTTATGATCT,1,3029164
rcsBp1,1.894736842105263,53,18,ATTTTTGCGTGGGACGGCAA,35,3056709
rcsBp1,0.8947368421052632,34,18,ATTTGCTCTCACAGCAAAGT,16,3030599
rcsBp1,1.736842105263158,50,18,ATTGCGGAAGACTGGCGCTA,32,3057258
rcsBp1,3.263157894736842,79,18,ATTCTCCTGTCACGAGAAGT,61,3064074
rcsBp1,1.105263157894737,38,18,ATTCGCGTAGCCACTAGGAT,20,3053015
rcsBp1,1.7894736842105263,51,18,ATTCATACAAATCTGAGAAC,33,3021904
rcsBp1,1.263157894736842,41,18,ATGGGTATCTTATTCTCGAC,23,3061730
rcsBp1,1.736842105263158,50,18,ATCTACGGGTCATATACAAA,32,3046958
rcsBp1,1.3157894736842106,42,18,AGTGTCGTGGCGGTTCTGAC,24,3052460
rcsBp1,1.0526315789473684,37,18,AGTGACCTTAACCGTATCAT,19,3045689
rcsBp1,9.0,188,18,AGGCAAACCCGTGACGGGGA,170,3028806
rcsBp1,0.2631578947368421,22,18,AGGACACTACACTCGTGCGG,4,3065885
rcsBp1,3.8947368421052633,91,18,AGCCGGATATTCACTGACCT,73,3064309
rcsBp1,1.4736842105263157,45,18,AGCCGCTACGCAATATGCGT,27,3032379
rcsBp1,2.1578947368421053,58,18,AGCCAAGTAATTAAATCATG,40,3038169
rcsBp1,2.0526315789473686,56,18,AGCACCCTCTCTGCCTGTCT,38,3058692
rcsBp1,1.263157894736842,41,18,AGATCGAAACTGAACACTTA,23,3072556
rcsBp1,0.8947368421052632,34,18,ACTGTACCAATAACGACTTG,16,3046055
rcsBp1,7.421052631578948,158,18,ACTGGCGAGGTTAGATCAGG,140,3031632
rcsBp1,2.1052631578947367,57,18,ACTATCTGAGTGGGACGGTT,39,3022648
rcsBp1,1.7894736842105263,51,18,ACTAGGGGAGAGCTTTTAGG,33,3040632
rcsBp1,1.1578947368421053,39,18,ACTAAGGCGGAATCACGCGT,21,3058050
rcsBp1,2.1578947368421053,58,18,ACCTGCACAACGCTGGCCCT,40,3030999
rcsBp1,4.631578947368421,105,18,ACCCCGAGACCTATACCGCG,87,3062606
rcsBp1,0.7894736842105263,32,18,ACCATTAAAGATGAGACTCC,14,3051828
rcsBp1,1.1578947368421053,39,18,AAGCCGTAGTAGAGGCCGCG,21,3059329
rcsBp1,2.8947368421052633,72,18,AAGCAATGATTATTACTAAT,54,3065519
rcsBp1,1.263157894736842,41,18,AAGATTATGTTGTAGCTCGC,23,3042742
rcsBp1,0.10526315789473684,19,18,AAGAAGCTTGTGAATTGACA,1,3033121
rcsBp1,0.6842105263157895,30,18,AACAATCACGGGCTGCCGTG,12,3041175
rcsBp1,3.2777777777777777,75,17,TTTTCTGTTCGGCAGCCCGA,58,3044899
rcsBp1,1.5,43,17,TTAGCACAAGATGTTCAGTT,26,3064763
rcsBp1,2.7777777777777777,66,17,TTACCGTCTATATTCCTGTG,49,3060443
rcsBp1,0.6666666666666666,28,17,TGTACGGACTCCTAAAATTA,11,3052610
rcsBp1,0.6666666666666666,28,17,TGGCGCGTCCTCACAGACTG,11,3035885
rcsBp1,4.055555555555555,89,17,TGCGCCCCTGAGCTTTGCGC,72,3028959
rcsBp1,2.388888888888889,59,17,TGCGAGGCCTTAACTTCCAC,42,3025935
rcsBp1,10.555555555555555,206,17,TGCCTGTATCGCATCAGGGG,189,3030034
rcsBp1,2.7777777777777777,66,17,TGCCCTTAAGTGATGATAAA,49,3071195
rcsBp1,1.7777777777777777,48,17,TGCAGCTCACCACATCCTAT,31,3022790
rcsBp1,0.9444444444444444,33,17,TGATTTGAAGCAGCTCTTCA,16,3064624
rcsBp1,33.0,610,17,TGAGGAACCACTGGGCTCGT,593,3060913
rcsBp1,1.1111111111111112,36,17,TGACCTCCGGCGAAAAGTAG,19,3041016
rcsBp1,2.388888888888889,59,17,TGAAGCGATAGGCTGACTTC,42,3065959
rcsBp1,1.1666666666666667,37,17,TCTTACTCGCAGATTCCCAT,20,3036760
rcsBp1,0.1111111111111111,18,17,TCGGCTGATGGTATCGTGCT,1,3046601
rcsBp1,6.666666666666667,136,17,TCGCCTCCCGCAATGCCAAA,119,3055729
rcsBp1,1.3333333333333333,40,17,TATCAATGGACAAACGGCTT,23,3038359
rcsBp1,1.1111111111111112,36,17,TAGTGGTACATAGGTCCAGC,19,3028966
rcsBp1,4.388888888888889,95,17,TAGAAGTATACTCACGACTC,78,3051734
rcsBp1,2.111111111111111,54,17,TACGAGCTGCCGGCCACCTA,37,3049800
rcsBp1,2.611111111111111,63,17,TACACACTGTCCGCACCTTC,46,3042461
rcsBp1,0.1111111111111111,18,17,TAACTACAAGCCCAATCCGT,1,3044085
rcsBp1,4.277777777777778,93,17,TAACACTGGCTCAAGAACTA,76,3025744
rcsBp1,1.0555555555555556,35,17,GTCGGGGGCAACTTTTTGAC,18,3062723
rcsBp1,1.6111111111111112,45,17,GTCGGAAGGGCGATTGCGCG,28,3063646
rcsBp1,1.0555555555555556,35,17,GTCAAGACTCCGCGCCACAG,18,3047036
rcsBp1,3.4444444444444446,78,17,GTATTGAAGCAGATTTCGCC,61,3032643
rcsBp1,0.5,25,17,GTATGCCTCGGAAACGGCTT,8,3036463
rcsBp1,2.0555555555555554,53,17,GTAGTCGTTCCCATCATCGT,36,3025820
rcsBp1,3.0555555555555554,71,17,GTACCGCTCAGGTGCGTGCA,54,3023865
rcsBp1,1.7222222222222223,47,17,GGTCTACTCGGCAGGAGATC,30,3069088
rcsBp1,2.2777777777777777,57,17,GGGCCGACGGGGCCGAGAAG,40,3071919
rcsBp1,1.5,43,17,GGGATCTGGTGTTCAACCGA,26,3027485
rcsBp1,1.9444444444444444,51,17,GGCGGACCTGCAGCTAGTCA,34,3028486
rcsBp1,1.6666666666666667,46,17,GGCGCACGCGGGGCCTCAAG,29,3072845
rcsBp1,0.1111111111111111,18,17,GGCGACCAAGCCGACGCCGT,1,3041663
rcsBp1,2.7777777777777777,66,17,GGAGGGTAAACGGCATGGAG,49,3036025
rcsBp1,0.6666666666666666,28,17,GGAGCCTTAGGTACCTCAAT,11,3024950
rcsBp1,1.0555555555555556,35,17,GGAGCCGGGTCCAGGATAGA,18,3069473
rcsBp1,7.833333333333333,157,17,GCTCTGACGTTCCTTAAGTC,140,3040541
rcsBp1,0.5555555555555556,26,17,GCTAGGTCTCAGCCATGGCT,9,3064076
rcsBp1,0.1111111111111111,18,17,GCGTGGGATAATTACTAGAG,1,3069861
rcsBp1,2.111111111111111,54,17,GCGGACTGGATTCGTTAAGC,37,3042799
rcsBp1,4.277777777777778,93,17,GCCTACGCGAACCGGCCCCT,76,3062571
rcsBp1,0.1111111111111111,18,17,GCCGCAAGTCGCTTTAGTAA,1,3051833
rcsBp1,0.1111111111111111,18,17,GCCCTTCGTGCCGTCACAAC,1,3056459
rcsBp1,3.111111111111111,72,17,GCACACTGTATACCGAGGCC,55,3046021
rcsBp1,0.8888888888888888,32,17,GCAAATGGGGTAGGTCCCGG,15,3042517
rcsBp1,1.2222222222222223,38,17,GAGTCGTTTAGTCTGTGCAT,21,3030172
rcsBp1,2.111111111111111,54,17,GAGGTAAAGGGTCTCGCTTA,37,3068563
rcsBp1,0.1111111111111111,18,17,GAGGGCAGTTCAGAAAGCCA,1,3024881
rcsBp1,1.2222222222222223,38,17,GACTGTTCCCACAGACAGTT,21,3061745
rcsBp1,1.0555555555555556,35,17,GACGTTTCTTGGGGCTCCAA,18,3050916
rcsBp1,3.8333333333333335,85,17,GACGCAGTTCGTACCTGATT,68,3070827
rcsBp1,0.5555555555555556,26,17,GACGCACCAGACACAAACCG,9,3034626
rcsBp1,0.6666666666666666,28,17,GAATTAGGCGTCTTTGTACA,11,3032931
rcsBp1,2.1666666666666665,55,17,CTTAAATGATTGGCCGATGA,38,3058426
rcsBp1,0.16666666666666666,19,17,CTGTATTATGGGCAGGCCAT,2,3031796
rcsBp1,5.888888888888889,122,17,CTATGTTGACCTGGTTTTTA,105,3021971
rcsBp1,0.1111111111111111,18,17,CTATCGTTAAGTGCAGAACT,1,3068120
rcsBp1,4.333333333333333,94,17,CTAGCATCCAACGGAAAAAC,77,3033053
rcsBp1,0.1111111111111111,18,17,CGGGTGCCCTGAAGGCGTCA,1,3058776
rcsBp1,1.5,43,17,CGCTCGGACCTAAGGGGATT,26,3054383
rcsBp1,1.4444444444444444,42,17,CGCAGAAAAGCCGAACCTTG,25,3060643
rcsBp1,2.9444444444444446,69,17,CCGAATGGGACGCCATCGCA,52,3028018
rcsBp1,2.5,61,17,CCCCTCGTCAACTTTCTGTT,44,3056803
rcsBp1,2.2222222222222223,56,17,CCCAATAGTAGGGGAGGAGC,39,3039546
rcsBp1,7.777777777777778,156,17,CCAAAGGTACGCCGGGAGCT,139,3033842
rcsBp1,4.722222222222222,101,17,CATTCGAATTAGATTCGTTC,84,3031623
rcsBp1,0.8333333333333334,31,17,CATCCATGCACTCTCTAATT,14,3045850
rcsBp1,1.0,34,17,CATAACGCAGCACCTAATTT,17,3032672
rcsBp1,1.6666666666666667,46,17,CAGGGTTCATGGGTCTTCCA,29,3027257
rcsBp1,0.1111111111111111,18,17,CAAAGCGGTCGTAAGTGCCA,1,3027860
rcsBp1,0.8888888888888888,32,17,ATTTGAGTCATATTGTAAGG,15,3046304
rcsBp1,2.3333333333333335,58,17,ATTAGTGGACTCTTGGCCGA,41,3066280
rcsBp1,0.1111111111111111,18,17,ATTAATGTAGAAGGGAGTTC,1,3022809
rcsBp1,1.9444444444444444,51,17,ATGCTGAGGGAGAGCAGAAC,34,3033181
rcsBp1,1.1111111111111112,36,17,ATGCGGGGCATGCGTTCCCA,19,3047826
rcsBp1,2.888888888888889,68,17,ATGCGCACCTCTTGTCTTGT,51,3050821
rcsBp1,2.111111111111111,54,17,ATCGACCTAATATTCAGTAA,37,3053340
rcsBp1,3.0555555555555554,71,17,ATATTCCTTGACAGACAGAT,54,3066937
rcsBp1,1.7777777777777777,48,17,ATAACCGACGGGTCACGGGA,31,3032098
rcsBp1,3.6666666666666665,82,17,AGTGTCCGTGGCAACATAGT,65,3024450
rcsBp1,2.1666666666666665,55,17,AGGTAAAGAGAAGCTCAGTA,38,3068416
rcsBp1,1.8333333333333333,49,17,AGGGTGTGCGTATCGAGTTG,32,3044253
rcsBp1,1.3333333333333333,40,17,AGGGTCGTCCCTCACCTTGG,23,3059348
rcsBp1,1.1111111111111112,36,17,AGGAGATGGGGTGGTAAGTG,19,3031510
rcsBp1,2.611111111111111,63,17,AGCAGTGGACGCCAGCTGGT,46,3043279
rcsBp1,0.1111111111111111,18,17,AGCAGGGACCCGGTGCTATC,1,3023734
rcsBp1,1.8333333333333333,49,17,AGAATCGATAGCGCAAACCT,32,3043231
rcsBp1,2.5,61,17,ACTTTTATAGCTTAATACTA,44,3040298
rcsBp1,0.1111111111111111,18,17,ACTGGGGGAGTATAGGATAC,1,3060049
rcsBp1,1.1111111111111112,36,17,ACTGGCGAGTCGCAGTCGAT,19,3034152
rcsBp1,0.2222222222222222,20,17,ACGGTTGGCGTGCCCGGTGT,3,3055042
rcsBp1,0.5,25,17,ACGGGTTTGGAATCCCCGCT,8,3027025
rcsBp1,4.055555555555555,89,17,ACGGGTGAATATACCAAGGT,72,3039080
rcsBp1,0.6111111111111112,27,17,ACCGAGTGCTTGATTGTGGC,10,3042818
rcsBp1,10.61111111111111,207,17,ACCAGCCCTGGACGAACGTT,190,3035625
rcsBp1,0.5555555555555556,26,17,ACCAGACACTTACCCGCTTA,9,3060359
rcsBp1,2.7222222222222223,65,17,ACATATTCATTTAATCCCTC,48,3066853
rcsBp1,2.0555555555555554,53,17,ACACGTCAGACGGGTGCTTT,36,3044887
rcsBp1,2.4444444444444446,60,17,AAGGTCGTGATACTACAGCA,43,3036459
rcsBp1,1.0555555555555556,35,17,AACAGGCACCCAGGCGGGTT,18,3058236
rcsBp1,1.5,43,17,AACAATTTCGCATAAGATAC,26,3041381
rcsBp1,4.823529411764706,97,16,TTGGGTCCCAACCGTGAACA,81,3054394
rcsBp1,2.235294117647059,53,16,TTGCGATGTGCTTTTGGTTC,37,3058785
rcsBp1,0.11764705882352941,17,16,TTATTTGAGCACCGTGCTGC,1,3068950
rcsBp1,1.3529411764705883,38,16,TTACCAGCGCATTACAGCCA,22,3028981
rcsBp1,1.7058823529411764,44,16,TGTCGCGCTCTAGTAATGTA,28,3067348
rcsBp1,3.0588235294117645,67,16,TGGTTACATTATCGCATCTC,51,3041044
rcsBp1,3.6470588235294117,77,16,TGGGAGCGCGGGGGGCGCAA,61,3043123
rcsBp1,0.11764705882352941,17,16,TGGCGTCCCGACTGCTAACC,1,3034869
rcsBp1,7.117647058823529,136,16,TGCCCGACGCAGGCCCAAAA,120,3054451
rcsBp1,3.176470588235294,69,16,TGCATCCGATCTCGGGTCAA,53,3033599
rcsBp1,8.235294117647058,155,16,TGCACAACACACGAGTAAGC,139,3030340
rcsBp1,1.5294117647058822,41,16,TGACGCGAAGACCCCGCTTA,25,3035852
rcsBp1,3.588235294117647,76,16,TGAAGTTAGAAGAATAGCCA,60,3023331
rcsBp1,2.0588235294117645,50,16,TCTGATGAAAGCACCGCATC,34,3048368
rcsBp1,2.6470588235294117,60,16,TCTCCTGAACGCTAACAACT,44,3038695
rcsBp1,3.0588235294117645,67,16,TCTCCATCGGTGAAGAATGC,51,3039505
rcsBp1,1.8235294117647058,46,16,TCCCGTAACCCCCAATCTCT,30,3024485
rcsBp1,1.6470588235294117,43,16,TCCCCCGCGAGCTTACAAAA,27,3065818
rcsBp1,2.0588235294117645,50,16,TCCAGGTCGAGATAGTTGTA,34,3047314
rcsBp1,0.11764705882352941,17,16,TCATCGGTGCCTAGGGATAT,1,3057749
rcsBp1,1.6470588235294117,43,16,TCAGGGCTCTCTGTAGGATG,27,3050723
rcsBp1,1.7647058823529411,45,16,TCACGCCTCCCCGGCGCGGA,29,3047868
rcsBp1,2.0588235294117645,50,16,TCAACCCGTGGCCACAATCT,34,3040182
rcsBp1,4.9411764705882355,99,16,TCAAAATAGTATCCTTCGCA,83,3061126
rcsBp1,0.35294117647058826,21,16,TATTTGTCCACAGGTCAGCT,5,3030529
rcsBp1,0.11764705882352941,17,16,TATCTGCGTGTCCGGTGAGC,1,3031871
rcsBp1,1.3529411764705883,38,16,TAGGATAACCCTTGTACTGA,22,3024745
rcsBp1,1.2352941176470589,36,16,TAGCGCAAAAGACACGTTAA,20,3051037
rcsBp1,0.6470588235294118,26,16,TAGACAAAGATGTATACGGT,10,3057450
rcsBp1,0.7647058823529411,28,16,TACATCACGCAAAAAGATAG,12,3022259
rcsBp1,0.8823529411764706,30,16,TAATAGCGAACTGTGTTTGT,14,3031843
rcsBp1,0.8235294117647058,29,16,GTGTGTCTTGCTGTCAGCAG,13,3036100
rcsBp1,1.4705882352941178,40,16,GTGGTTGAGGCTGGTATGCA,24,3053811
rcsBp1,0.23529411764705882,19,16,GTGGTTATAGTTTTAAAGGA,3,3067985
rcsBp1,3.6470588235294117,77,16,GTGGGGGTCGAACGGGACTA,61,3025094
rcsBp1,9.823529411764707,182,16,GTCTCTAAACGGAAAGTTGA,166,3033486
rcsBp1,2.2941176470588234,54,16,GTCCGTAAGGAATGGTTCGG,38,3066480
rcsBp1,0.8235294117647058,29,16,GGTGCCCCCGTAAAGTTTCC,13,3031507
rcsBp1,0.11764705882352941,17,16,GGTGACGTCTGGGACCACTA,1,3028694
rcsBp1,0.17647058823529413,18,16,GGTATAAGGCACGGTAGGAC,2,3066092
rcsBp1,1.2941176470588236,37,16,GGGTGGGGTACACGGGTTAA,21,3072505
rcsBp1,0.7058823529411765,27,16,GGGCTCGATGGCTATCAAAC,11,3053409
rcsBp1,3.0588235294117645,67,16,GGATTCCTTCCGAATGGTTA,51,3037670
rcsBp1,1.2941176470588236,37,16,GCCTCAATCTTGCCGTACGT,21,3030698
rcsBp1,14.058823529411764,254,16,GCCTAATGATATACATACCG,238,3023370
rcsBp1,1.7058823529411764,44,16,GCCCGACGAGAAATCTAGAG,28,3036907
rcsBp1,1.1764705882352942,35,16,GCCCCTTCTCTAGGTGGAGA,19,3028669
rcsBp1,3.7058823529411766,78,16,GCCCCTGGGGCCGTTGTGAT,62,3037384
rcsBp1,0.6470588235294118,26,16,GCCCAAATATAAGGTCGTGA,10,3035019
rcsBp1,1.6470588235294117,43,16,GCCAAGTAGTTGTGACCCAC,27,3051004
rcsBp1,3.176470588235294,69,16,GCACGACGCCGATTCTACAT,53,3065011
rcsBp1,2.411764705882353,56,16,GATGAATTGGGAGTGGACTG,40,3050113
rcsBp1,3.176470588235294,69,16,GAGTACAGGGCCTGGTTAGA,53,3052267
rcsBp1,4.176470588235294,86,16,GAGATACTTTTCGTGGCAAT,70,3051113
rcsBp1,3.176470588235294,69,16,GACCGGTCTGGTAAGCATGT,53,3021973
rcsBp1,1.1764705882352942,35,16,GAATGTGAAGTGAATCGTTG,19,3031304
rcsBp1,4.764705882352941,96,16,GAATCTTGCCGATTGGTGTG,80,3053084
rcsBp1,2.0588235294117645,50,16,GAATCAGCCATAAGTCGGAC,34,3056243
rcsBp1,1.2352941176470589,36,16,CTTTGCTGCCGCGATTGTTA,20,3030725
rcsBp1,2.6470588235294117,60,16,CTTGGAGCCCGGCTATTCTA,44,3045522
rcsBp1,1.1764705882352942,35,16,CTTACAGTGGTTCTGGCGCA,19,3061878
rcsBp1,2.7058823529411766,61,16,CTGACGCCCGAATAAGAGTA,45,3033846
rcsBp1,1.0588235294117647,33,16,CTCTGTAGTGCACATAGTAA,17,3050679
rcsBp1,2.176470588235294,52,16,CTCTACTTCATGGCTTTGAC,36,3035569
rcsBp1,0.11764705882352941,17,16,CTCAGTAGAACTCATCCCAA,1,3050567
rcsBp1,0.6470588235294118,26,16,CTACCTATACTCTCGCCCCT,10,3054857
rcsBp1,2.235294117647059,53,16,CGTCCTACACAGGAGTCTTT,37,3067279
rcsBp1,1.6470588235294117,43,16,CGTAATCTGTACGAGGTTGA,27,3056574
rcsBp1,2.6470588235294117,60,16,CGGTACGGTGCAGAGGGCGA,44,3032321
rcsBp1,1.8235294117647058,46,16,CGATGCGGCCACACTGGTAT,30,3030564
rcsBp1,0.6470588235294118,26,16,CGAATCAGTGACAAAACACA,10,3065578
rcsBp1,1.8235294117647058,46,16,CCTCGAGTACCTGACCCAGA,30,3044802
rcsBp1,1.8235294117647058,46,16,CCCGTATTGTTACCGGGACC,30,3051775
rcsBp1,2.235294117647059,53,16,CCAGGATCTCCGAAACATCG,37,3056644
rcsBp1,1.7647058823529411,45,16,CCACGGAAGAAGGTTTCTGG,29,3054659
rcsBp1,2.4705882352941178,57,16,CATTTACCCCAAATCACGCG,41,3055815
rcsBp1,8.588235294117647,161,16,CATTGTTGCTGGATTAACAG,145,3038096
rcsBp1,1.1764705882352942,35,16,CATTCGGTTTTTTCGGGGCA,19,3044686
rcsBp1,1.3529411764705883,38,16,CATCTAAGATACTTTGTGTC,22,3022283
rcsBp1,1.6470588235294117,43,16,CATCACAGCGGCATAATATC,27,3031298
rcsBp1,0.11764705882352941,17,16,CAGTCGATGTGGATGGCTCT,1,3067117
rcsBp1,3.823529411764706,80,16,CAGGGAAGTCAACTGGTCAG,64,3032688
rcsBp1,0.11764705882352941,17,16,CAAAACTTGCGCCCGGACTT,1,3058186
rcsBp1,0.11764705882352941,17,16,ATTTTTACTCACGTGGGACT,1,3050305
rcsBp1,0.11764705882352941,17,16,ATTGGTCCATACCAAACATC,1,3060127
rcsBp1,0.11764705882352941,17,16,ATGTACTCTGACGGTTGCAG,1,3048519
rcsBp1,1.6470588235294117,43,16,ATGGTTCGGGACAATTCCGA,27,3036619
rcsBp1,0.11764705882352941,17,16,ATGGCCGACCTGAAGTCATT,1,3035488
rcsBp1,4.647058823529412,94,16,ATGCCGGTCCCTCCGTTCTA,78,3038439
rcsBp1,2.9411764705882355,65,16,ATGCATTTCCGCCCGACTCT,49,3070849
rcsBp1,1.7058823529411764,44,16,ATCTGTATCTTTACTATTCA,28,3031870
rcsBp1,1.588235294117647,42,16,ATCATACCAGCCCATCCGAG,26,3036600
rcsBp1,1.7058823529411764,44,16,ATAGCCGCCTTTCTAGAGAC,28,3038052
rcsBp1,2.823529411764706,63,16,AGTGCGCTTGTTTTCAGTAT,47,3045163
rcsBp1,1.8823529411764706,47,16,AGTCTAGTGCTTAACTTATC,31,3033572
rcsBp1,0.5294117647058824,24,16,AGTAGACAGACACTTATCAT,8,3069396
rcsBp1,4.294117647058823,88,16,AGGAATCGAGCTGCAAACCG,72,3036418
rcsBp1,1.5294117647058822,41,16,AGAAATGTGCTAATCGCCAG,25,3043103
rcsBp1,0.23529411764705882,19,16,ACTTATACGATTCTGTTTCA,3,3030267
rcsBp1,1.1176470588235294,34,16,ACTGTTGCGTGGCTTGCGCT,18,3063256
rcsBp1,0.23529411764705882,19,16,ACTGTGCAAATATTGAGGAG,3,3044884
rcsBp1,1.2352941176470589,36,16,ACTGCATTGCTCGAACGGAC,20,3051546
rcsBp1,1.5294117647058822,41,16,ACTATGGCTGTGACGTTATA,25,3059331
rcsBp1,1.9411764705882353,48,16,ACGTTATTCAATACCATATG,32,3062614
rcsBp1,1.2941176470588236,37,16,ACGGAATTTGCGATGAGCGG,21,3036087
rcsBp1,1.7647058823529411,45,16,ACGACAATTCACGGAGGAGA,29,3070454
rcsBp1,3.0,66,16,ACCCCAGTAAACACGAAAAC,50,3022798
rcsBp1,0.5882352941176471,25,16,ACAGCAGAGCGTATGACAAT,9,3045855
rcsBp1,0.8823529411764706,30,16,AATCTCTATACGGACCGGTA,14,3039285
rcsBp1,0.9411764705882353,31,16,AACTACAATATTATCGCAGA,15,3025291
rcsBp1,3.8823529411764706,81,16,AACGCCTTAAAATAGTCGAG,65,3071328
rcsBp1,0.1875,17,15,TTTCCGTAGTGTGTAATCGA,2,3047913
rcsBp1,1.4375,37,15,TTTAATTTTGATTCCCGGAG,22,3041179
rcsBp1,1.3125,35,15,TTGTCCTCGGCGGAAGTCAT,20,3041144
rcsBp1,1.125,32,15,TTGCCATCATTGGGCAGGCG,17,3055975
rcsBp1,1.75,42,15,TTGAAACCGGACCCATATAG,27,3049623
rcsBp1,2.125,48,15,TTCATTTTTAAAGGGAGAGC,33,3048280
rcsBp1,1.375,36,15,TTCATTTAAAATGGGTAGGG,21,3032067
rcsBp1,1.0625,31,15,TTCAAGCTAGTTCATTTCGT,16,3022569
rcsBp1,1.5625,39,15,TTATTACGATAAGCAACTTT,24,3049315
rcsBp1,0.3125,19,15,TTACGCGTGAGACTTCCCAA,4,3033900
rcsBp1,0.8125,27,15,TTAACATTAATTATTCCCAT,12,3031891
rcsBp1,2.5625,55,15,TGCGGCTGCGCAGAGAGAGC,40,3028458
rcsBp1,1.125,32,15,TGCCGTGAGTGGTCGGTGGG,17,3028403
rcsBp1,0.75,26,15,TGATCTTGACTCAGATACCC,11,3033115
rcsBp1,0.125,16,15,TGAGGTGCATAAGGTCTCAT,1,3024933
rcsBp1,0.75,26,15,TCTGTGAAAAGGGTACACAG,11,3035610
rcsBp1,1.4375,37,15,TCGAAGGCCGTTACGTTAAA,22,3043255
rcsBp1,2.375,52,15,TCCGAACACACGGCTTGTAT,37,3051159
rcsBp1,2.5,54,15,TCATAGCTGATAACGTGGTG,39,3028494
rcsBp1,4.125,80,15,TCAGTGCTGGCCCTGAGTTT,65,3072510
rcsBp1,1.8125,43,15,TCAGCCGTGCGCTCTAGCCT,28,3064206
rcsBp1,4.875,92,15,TCAACAACATGGTCTAGTTA,77,3044799
rcsBp1,0.125,16,15,TCAACAAATTCATAACTCGA,1,3055928
rcsBp1,1.25,34,15,TATTAAATGGAGAAAAGAGT,19,3045393
rcsBp1,22.375,372,15,TAGGCCGGACATCTGACTTT,357,3063374
rcsBp1,2.625,56,15,TAAGGTTGATTAATGCGCTT,41,3056173
rcsBp1,0.125,16,15,TAAGCATCGTCATGGATATA,1,3056491
rcsBp1,1.375,36,15,TAACCCGCTGAGTTCTCGTG,21,3066995
rcsBp1,2.5625,55,15,TAAACGGCGAGCATCTGCGA,40,3049365
rcsBp1,2.625,56,15,TAAAAGAATCGAAGATGCGT,41,3055733
rcsBp1,0.9375,29,15,GTTTTGATGGACTATTGAGA,14,3027620
rcsBp1,1.8125,43,15,GTTTGCGTTAAGGAACAATG,28,3058558
rcsBp1,0.6875,25,15,GTTGTTTCGGAAGCAGTTAT,10,3034474
rcsBp1,3.75,74,15,GTTATGGCAAAAAACAGTGA,59,3031423
rcsBp1,3.75,74,15,GTGTGTCTATGATTTTTTCT,59,3044144
rcsBp1,4.5625,87,15,GTGTCGTACGTATACAGCAT,72,3023845
rcsBp1,0.125,16,15,GTCGATCTATTTCTTTTGTT,1,3064930
rcsBp1,0.125,16,15,GTCCAGATAGCCCTGTGTCA,1,3060688
rcsBp1,0.8125,27,15,GTAGACGTATAATGGACATC,12,3061466
rcsBp1,3.125,64,15,GGTCAAATCACCAAGCTGTC,49,3022974
rcsBp1,0.125,16,15,GGGCCATTGTGCGGTACGCG,1,3026781
rcsBp1,0.875,28,15,GGATTACCGGCTTATGTTTG,13,3049543
rcsBp1,3.25,66,15,GGAACAAGCGGATTTCGCAA,51,3030527
rcsBp1,5.3125,99,15,GGAAAAGCCAGTGGGCACTG,84,3039838
rcsBp1,0.875,28,15,GCTCCCCTACCTGGTCCTGC,13,3023500
rcsBp1,2.3125,51,15,GCGTTAGAGGAATTTGAACA,36,3056416
rcsBp1,0.75,26,15,GCGAAGTCCTGAAGTCCGAA,11,3064605
rcsBp1,0.25,18,15,GCCCTGATGCCACTACGCTT,3,3069218
rcsBp1,0.9375,29,15,GCCCGTCCATGGAGAAAAGC,14,3025204
rcsBp1,1.6875,41,15,GCCAATACGGGTGCCCTATG,26,3026243
rcsBp1,3.375,68,15,GCACGTAGAGCCATTCTCTC,53,3033692
rcsBp1,1.4375,37,15,GCAAGCAGCGACTATAGTAA,22,3050742
rcsBp1,1.0,30,15,GCAAGAACCGAGGCGCCATT,15,3039138
rcsBp1,1.875,44,15,GATTCTGGCGTACAGTACTA,29,3045055
rcsBp1,0.125,16,15,GAGGGGCAATAGGACCATGG,1,3023035
rcsBp1,3.4375,69,15,GAGCCGCGCAGTTCCGTAGA,54,3036670
rcsBp1,3.3125,67,15,GAGATAACGCGCAAGGCCGA,52,3054313
rcsBp1,4.25,82,15,GAGAGCTGGCTTGACGTCCC,67,3072103
rcsBp1,1.5,38,15,GACCTCTCATTCACACCATG,23,3047184
rcsBp1,1.625,40,15,GAATTTGAGCTAGAGCAATA,25,3051328
rcsBp1,2.5,54,15,CTTTGCGGTATTGTGGAGTA,39,3060501
rcsBp1,1.625,40,15,CTTCCGGCTTGAACTTGCAT,25,3069607
rcsBp1,1.5,38,15,CTGTTGGCTGAGGAGTCCCT,23,3063299
rcsBp1,0.75,26,15,CTGAACCGGGCCGAGGGTAA,11,3032943
rcsBp1,0.9375,29,15,CTCGGGTTCCGGTAGCACGG,14,3030314
rcsBp1,2.125,48,15,CTCATGCTTCCAAGAAGCTA,33,3022437
rcsBp1,2.0,46,15,CTCAAAACATGGGTGGAGTA,31,3057553
rcsBp1,2.3125,51,15,CTACGCCGATCGCGCCAAGG,36,3022236
rcsBp1,1.75,42,15,CGTTGATATCGGAACTATGA,27,3049204
rcsBp1,2.125,48,15,CGTGCACCATCGTCATAGGC,33,3067850
rcsBp1,2.375,52,15,CGTCCAGAAGCGCAGCGCGT,37,3026871
rcsBp1,2.9375,61,15,CGGATCCGTGTTCTGGAACA,46,3028392
rcsBp1,1.375,36,15,CCTATGTGAGTTCGGATTTT,21,3032582
rcsBp1,1.125,32,15,CCGGGACGGGATGGGCGCGC,17,3028382
rcsBp1,1.4375,37,15,CCGCTTTTGAACGAGCTCTA,22,3024139
rcsBp1,0.875,28,15,CCGCAAGGACATGCTACCGT,13,3056719
rcsBp1,3.0,62,15,CCGAATGTCCATACCGGCTA,47,3046029
rcsBp1,2.8125,59,15,CCCCACACGTAACCCGCTCC,44,3025783
rcsBp1,0.125,16,15,CCATGCAGCCAAGGCCTTGG,1,3067003
rcsBp1,1.75,42,15,CATTCCGAACATCGAACCGA,27,3065335
rcsBp1,0.125,16,15,CATCCGTCCCGGCGGACCAA,1,3050951
rcsBp1,1.375,36,15,CATATCGGGGGTGAGGGACG,21,3060081
rcsBp1,0.125,16,15,CAGTTCGGTAAGGCCACTCA,1,3065285
rcsBp1,2.0625,47,15,CAGGGTACGCAATAAGAGCT,32,3058837
rcsBp1,2.8125,59,15,CACATTGTGTATGCGGGACC,44,3053945
rcsBp1,0.125,16,15,CAATTAGGCTCTGCGGAAGT,1,3059401
rcsBp1,2.3125,51,15,CAACTGGACGTCCGTTACAG,36,3047442
rcsBp1,5.5,102,15,CAACCTGTTCAAGGCATAGC,87,3051704
rcsBp1,1.125,32,15,ATTCGGGTTCACCGCGCTCG,17,3022414
rcsBp1,1.6875,41,15,ATGCTGGCGTTTACGTAAGT,26,3068446
rcsBp1,2.3125,51,15,ATGCAATTCGCAGCACAATG,36,3068879
rcsBp1,0.125,16,15,ATGACGCTGTATGGCAAGTT,1,3052386
rcsBp1,0.9375,29,15,ATGAAGGGAAACGCGAGGGT,14,3037121
rcsBp1,0.9375,29,15,ATCGCAATTTTACAGGAACC,14,3066539
rcsBp1,1.25,34,15,ATCCTGGTTTGGAGGCTGTT,19,3061918
rcsBp1,0.1875,17,15,ATCATACCCGGTAATTAATT,2,3027525
rcsBp1,0.75,26,15,ATCAACCTGATTTCAAAATA,11,3065734
rcsBp1,2.5625,55,15,ATCAACCGGCGTTCTTCCCG,40,3053764
rcsBp1,3.625,72,15,ATAAGGAGTGTAGCTCTGGC,57,3059045
rcsBp1,1.125,32,15,AGTTCATTTTCGATCATATG,17,3047491
rcsBp1,1.375,36,15,AGGTCTGGGCGACCCTCCCA,21,3062945
rcsBp1,3.4375,69,15,AGGTAATGGTGCAAGATTAG,54,3044193
rcsBp1,1.75,42,15,AGGGTGTCTTGCTACGTGTG,27,3037725
rcsBp1,3.3125,67,15,AGGAGGTCATAACCGTCTCA,52,3024293
rcsBp1,4.75,90,15,AGCTGGATAACGACACGCCG,75,3039779
rcsBp1,1.0,30,15,AGCGTTTCTACGTGATGTGA,15,3055213
rcsBp1,1.125,32,15,AGCAATAAGGTTGTTTAGTC,17,3060446
rcsBp1,0.875,28,15,AGAGCGTCACAGATAGCCCC,13,3048675
rcsBp1,1.8125,43,15,AGACTGTTCGTCCAACCTAC,28,3044561
rcsBp1,0.125,16,15,ACGTTTTACACGGATGTGCG,1,3054143
rcsBp1,0.875,28,15,AATTGGGCGTAGTACTCTGT,13,3038270
rcsBp1,2.0,46,15,AATGCCTTCTCTTCATCGAA,31,3061860
rcsBp1,0.125,16,15,AATATTACGCCCCGCTGTCG,1,3038040
rcsBp1,0.5625,23,15,AAGCCCCTGTAATGTACGCA,8,3059249
rcsBp1,1.9375,45,15,AACCGCACTGCGCGCGTTCG,30,3070511
rcsBp1,3.0,62,15,AACCCATGCACACACTTTCA,47,3064730
rcsBp1,0.125,16,15,AAATACGGCGAGATGTTGGT,1,3042150
rcsBp1,1.0,30,15,AAAGTAACCCAGCGACGTCT,15,3025970
rcsBp1,2.25,50,15,AAAGCATCACTATGTTGCTG,35,3035033
rcsBp1,0.125,16,15,AAAGAGTTTAGCCCGGACCG,1,3029779
rcsBp1,1.875,44,15,AAACTGAGTTCACCTTATCT,29,3050076
rcsBp1,3.75,74,15,AAAACAGGTTTGGCACGACG,59,3062572
rcsBp1,0.2,16,14,TTTCCGCACGAGTGACAGGA,2,3045305
rcsBp1,1.2,31,14,TTGTCTGCCTGCCAACATAA,17,3026549
rcsBp1,0.9333333333333333,27,14,TTGCTAATAGACACCCACGA,13,3031171
rcsBp1,1.0666666666666667,29,14,TTCAGCTCGCGCGGTACTGT,15,3025893
rcsBp1,3.0,58,14,TTATACCGTCCGGGCGGGTA,44,3047850
rcsBp1,1.2666666666666666,32,14,TGTATGCAACCAGGCGTTCC,18,3022182
rcsBp1,1.9333333333333333,42,14,TGCTTATTAGGCTTGGACGC,28,3041445
rcsBp1,0.4666666666666667,20,14,TGATCCGATATCCAGTAAGA,6,3057114
rcsBp1,12.533333333333333,201,14,TGAACGACCGTTAGTCTGAT,187,3025438
rcsBp1,1.1333333333333333,30,14,TCTACGTTCTGACTCACAAC,16,3055216
rcsBp1,2.0,43,14,TCGCTACAGGGTTCAGATAT,29,3043513
rcsBp1,0.13333333333333333,15,14,TCCTTGGTTGTCTGATACAA,1,3032212
rcsBp1,1.4666666666666666,35,14,TCCCAGAGTCACCGTCACAT,21,3062738
rcsBp1,1.0666666666666667,29,14,TCATTTATAGAGGAGAGATA,15,3068569
rcsBp1,2.6666666666666665,53,14,TCATTATCTTGTAGCTTATA,39,3028135
rcsBp1,2.2,46,14,TATGGCCGGGAGGGCTAGCG,32,3041216
rcsBp1,0.2,16,14,TAGATTACCGCCGTTATTCG,2,3070099
rcsBp1,4.666666666666667,83,14,TACACAGGGAAATCCCTTGC,69,3044724
rcsBp1,0.13333333333333333,15,14,TAACTGGCCCCTGACGACGT,1,3055092
rcsBp1,3.533333333333333,66,14,TAACCGGTTTTGCACTGGGA,52,3039218
rcsBp1,1.7333333333333334,39,14,TAACAGCGGCGATCGCGACA,25,3052152
rcsBp1,1.2,31,14,GTTGGGAGTCTGATGTGGAT,17,3030629
rcsBp1,2.466666666666667,50,14,GTTCTTCCGAATGTGGGCAG,36,3026152
rcsBp1,0.13333333333333333,15,14,GTGGGACCCAAAGTCGATGG,1,3043926
rcsBp1,0.2,16,14,GTCCGGTTCTGGAACGCAAG,2,3036155
rcsBp1,1.8666666666666667,41,14,GTCATGGCTGGTTAACTTTA,27,3046859
rcsBp1,1.0666666666666667,29,14,GTCATAGATTAAGTCTAGGA,15,3060036
rcsBp1,2.933333333333333,57,14,GTCAAATCCGGTACCGCACT,43,3022217
rcsBp1,2.7333333333333334,54,14,GTATACGGTATATTACGCCC,40,3039734
rcsBp1,0.8,25,14,GTAGGGCCATACGCACCATA,11,3038563
rcsBp1,1.4,34,14,GTAACTGTAAAGACCTATAC,20,3060764
rcsBp1,0.3333333333333333,18,14,GGTTGGTTTATATTATAACG,4,3069303
rcsBp1,2.933333333333333,57,14,GGTAGGGCTAGCCTGGCTTA,43,3035661
rcsBp1,2.066666666666667,44,14,GGGGGGGTCTCAGTGATCTT,30,3031628
rcsBp1,3.6,67,14,GGGGCTACGGGCCGGAGCTT,53,3046182
rcsBp1,1.4666666666666666,35,14,GGGCGGATTACGGGTGTGCT,21,3050563
rcsBp1,0.13333333333333333,15,14,GGCTTACGACAGACATGTTT,1,3027113
rcsBp1,2.8,55,14,GGAGGGGCAAGGCCAATTCT,41,3066599
rcsBp1,1.6666666666666667,38,14,GCTTTAACATCGTCCGCGCC,24,3073507
rcsBp1,0.8,25,14,GCTTATCTCCTCGCGATCAG,11,3060190
rcsBp1,4.4,79,14,GCTGACCCCGGCTGTCGCAG,65,3064692
rcsBp1,1.5333333333333334,36,14,GCTAGAGGTTTGTGGAGACG,22,3026431
rcsBp1,1.2,31,14,GCGGCCTCGGTTTGTCCTCG,17,3052227
rcsBp1,0.13333333333333333,15,14,GCGCTTGTTGGCGGCGACAG,1,3024119
rcsBp1,5.066666666666666,89,14,GCGCTAACTTTACGTACCGA,75,3066440
rcsBp1,1.4,34,14,GCCTCGACGCAAAGATTGTT,20,3057748
rcsBp1,0.13333333333333333,15,14,GCACGTCTCTACATACGGTG,1,3030807
rcsBp1,1.8666666666666667,41,14,GCAAAAGGCCCGGTCCCAAG,27,3052090
rcsBp1,31.066666666666666,479,14,GACCGTAATTGAGCTACCGT,465,3042489
rcsBp1,1.2,31,14,GAAGTTATCGCCTGGGGCAT,17,3039012
rcsBp1,34.266666666666666,527,14,CTTTTAGCTCCGGTTGGACA,513,3062240
rcsBp1,0.6666666666666666,23,14,CTTTATCATGCCAGGTGTTG,9,3059001
rcsBp1,0.6,22,14,CTTGCTCCTTAAGTGCGAAA,8,3045925
rcsBp1,2.8,55,14,CTTCGGAGCCACAGACGTAA,41,3068313
rcsBp1,1.2,31,14,CTGCGTAGACTCACGCCGTC,17,3056200
rcsBp1,1.9333333333333333,42,14,CTGATGTTCTCAATCAGCAA,28,3034114
rcsBp1,3.1333333333333333,60,14,CTGAGATTCATTTAAATAGT,46,3068006
rcsBp1,1.7333333333333334,39,14,CTCGCGTCTTCCCCAACGAT,25,3030944
rcsBp1,1.9333333333333333,42,14,CGTCTATCCGCTGAGGCTGC,28,3034808
rcsBp1,1.1333333333333333,30,14,CGTCATCAGACATTTCTTGT,16,3069411
rcsBp1,6.2,106,14,CGTCACCAAGTGCCGTAATA,92,3029082
rcsBp1,1.8,40,14,CGGTGCGGCCTAACTTCGCC,26,3072083
rcsBp1,10.866666666666667,176,14,CGGTCCAGTAAGAATTGAAA,162,3028828
rcsBp1,1.1333333333333333,30,14,CGGTAAGAGCCAGGACTGCG,16,3060783
rcsBp1,1.3333333333333333,33,14,CGGAAGACTAGGGGTTATAT,19,3047437
rcsBp1,1.8666666666666667,41,14,CGCGGCTTGCTGCGGATAGT,27,3043729
rcsBp1,3.466666666666667,65,14,CGCGGCACCCTGCTGCCGAG,51,3062725
rcsBp1,1.6666666666666667,38,14,CGCCCCGCGACCTCTCTATA,24,3036927
rcsBp1,3.4,64,14,CGCCAACCGTCCACTCGGTG,50,3032978
rcsBp1,0.4666666666666667,20,14,CCTCGTGTGGCAACGGCGAT,6,3044355
rcsBp1,0.13333333333333333,15,14,CCGCAGCCACCAAGGTTAGA,1,3046751
rcsBp1,1.8,40,14,CCGAGATCGCTTTGATTACG,26,3031052
rcsBp1,2.3333333333333335,48,14,CCGAAAGGTATCTGGTGCTG,34,3025069
rcsBp1,0.7333333333333333,24,14,CCCTCGCACTAGAGCCTTCA,10,3031268
rcsBp1,1.2666666666666666,32,14,CCCTCGAGTGTGCGCGGATG,18,3071895
rcsBp1,0.7333333333333333,24,14,CCCCTGAAAATCCTAGAAAA,10,3026102
rcsBp1,4.333333333333333,78,14,CCACTCCATCTTCGTGACCA,64,3036724
rcsBp1,1.8,40,14,CATGGTGAGCTAACGGTCAG,26,3024849
rcsBp1,1.2666666666666666,32,14,CAGTGGTCCCACGCAGTGAA,18,3047192
rcsBp1,0.26666666666666666,17,14,CAGGTCACCGGCTCAAAGCG,3,3064026
rcsBp1,0.9333333333333333,27,14,CAGCAGAGGGATCCCGAGCC,13,3067517
rcsBp1,1.1333333333333333,30,14,CACGGAGATAAGCGCTATGC,16,3053232
rcsBp1,2.466666666666667,50,14,CACGCCAAAGCACAAGAGTA,36,3029498
rcsBp1,1.6666666666666667,38,14,CAATGTTGGACAAGCGTCCC,24,3060663
rcsBp1,2.933333333333333,57,14,CAATCAGCCTCAAATGGGTT,43,3038401
rcsBp1,2.8666666666666667,56,14,CAAGAATGCAGGTCATTACA,42,3056256
rcsBp1,0.2,16,14,CAACGAGCGTGGTCACTAAT,2,3030202
rcsBp1,0.6666666666666666,23,14,CAAATACTCGCGCTAGGGTT,9,3053597
rcsBp1,1.2666666666666666,32,14,ATTTGCTTCTTACCAAGTGA,18,3055121
rcsBp1,3.3333333333333335,63,14,ATTGAATCTGCCTTCAGACC,49,3068684
rcsBp1,0.4,19,14,ATTCCGTGTTACGCTAGACA,5,3026843
rcsBp1,1.4666666666666666,35,14,ATTCACTATTCGGATGGAAC,21,3025721
rcsBp1,10.333333333333334,168,14,ATGAAAGTTTAGGATCAACT,154,3038093
rcsBp1,1.1333333333333333,30,14,ATCGTGTGTCCCCGGTTAAA,16,3029889
rcsBp1,3.1333333333333333,60,14,ATCCAGATTTGCCAGGATGT,46,3045121
rcsBp1,3.3333333333333335,63,14,ATATCCGTCCCCCCAGGCTA,49,3027197
rcsBp1,1.8666666666666667,41,14,ATAAAGGGGCAGTCTTTAGC,27,3023062
rcsBp1,2.2666666666666666,47,14,AGTTGTGGTGTACTAACATT,33,3054363
rcsBp1,2.933333333333333,57,14,AGTCATATCAGTCCTCGTCA,43,3061962
rcsBp1,1.3333333333333333,33,14,AGCGGACCCGGGGACGATTG,19,3058322
rcsBp1,6.733333333333333,114,14,AGAGCTTTGCACCGGTATAC,100,3043386
rcsBp1,2.466666666666667,50,14,AGACGCACCTGATGGTAAAC,36,3070762
rcsBp1,1.4666666666666666,35,14,AGACACAACTTACGCGGCCT,21,3070960
rcsBp1,0.9333333333333333,27,14,ACTGCCAACAAATGGTGGGG,13,3032235
rcsBp1,3.6,67,14,ACTCACTAAAAGGCATTGGA,53,3057633
rcsBp1,0.5333333333333333,21,14,ACGTGGTTTCACTCACTTCT,7,3055100
rcsBp1,1.2,31,14,ACGGCAATTAAAGAAACAAA,17,3039594
rcsBp1,0.9333333333333333,27,14,ACGCTCTCATCTAGAAATAC,13,3045060
rcsBp1,2.2,46,14,ACGCACCGAGGGCTGCTCCC,32,3073036
rcsBp1,1.7333333333333334,39,14,ACCCCCAACCACGCCCCTGT,25,3050476
rcsBp1,0.6666666666666666,23,14,ACCAGGCTCGGTATCACCAA,9,3032468
rcsBp1,4.2,76,14,AATTGGAGAAGAACTATAGA,62,3067757
rcsBp1,1.2666666666666666,32,14,AATGGACATACTTTTGGTCC,18,3054584
rcsBp1,2.0,43,14,AAGGAAGCTCTTTAGCGGGT,29,3068572
rcsBp1,1.9333333333333333,42,14,AACCTAATTGTTCAGACGTA,28,3045694
rcsBp1,0.13333333333333333,15,14,AACACGTTAACGACCAGGTC,1,3059768
rcsBp1,5.133333333333334,90,14,AAATTTCGAATCTTATAAAC,76,3030785
rcsBp1,2.3333333333333335,48,14,AAATGCGGGTGGGTTAAAAG,34,3054450
rcsBp1,2.6666666666666665,53,14,AAAGCCAACATGAGAGGACT,39,3052786
rcsBp1,5.5,89,13,TTTCAGATTTTATGCCCACA,76,3041223
rcsBp1,0.21428571428571427,15,13,TTGGAGGCCGGTCCTGCGAC,2,3066437
rcsBp1,1.0714285714285714,27,13,TTGCATTTGGGTTTATGCCT,14,3044043
rcsBp1,8.5,131,13,TTCACAGCCTCGGGACTCCG,118,3025301
rcsBp1,1.5714285714285714,34,13,TTCAATGAATGGCAGTAACG,21,3055924
rcsBp1,1.2857142857142858,30,13,TTAGTCGTTGAACTGCCTTA,17,3058990
rcsBp1,3.142857142857143,56,13,TGTTCAATTGAGACCACCAT,43,3030858
rcsBp1,2.5714285714285716,48,13,TGTCGAACTCACTGAGCCCG,35,3053182
rcsBp1,1.8571428571428572,38,13,TGTACTCACGCCTCCAATGC,25,3032579
rcsBp1,1.7857142857142858,37,13,TGCCTCTGTCGGCACATGTT,24,3064343
rcsBp1,1.9285714285714286,39,13,TGACACTAGACCAATGCATT,26,3059293
rcsBp1,0.6428571428571429,21,13,TGAATAGAAGTAAGCTGCTA,8,3030351
rcsBp1,3.7857142857142856,65,13,TCTGCCGACATGAAATATTC,52,3048737
rcsBp1,2.7142857142857144,50,13,TCTCTCGTTCCGAACTGCTC,37,3044220
rcsBp1,0.14285714285714285,14,13,TCTCCCATACGGTAATCGAC,1,3033347
rcsBp1,1.5714285714285714,34,13,TCTATGTTAGGCTCTACAGA,21,3029341
rcsBp1,5.428571428571429,88,13,TCGTCCAGAAACGCAGGACC,75,3030344
rcsBp1,0.35714285714285715,17,13,TCGGTGCAAGAGGTCTTCAC,4,3048900
rcsBp1,1.2857142857142858,30,13,TCCTGTGCATGACGTCTAAT,17,3033685
rcsBp1,2.9285714285714284,53,13,TCCATAACTGAGAGACATAG,40,3051466
rcsBp1,1.9285714285714286,39,13,TCATCTGATATCGTTCGCGA,26,3025226
rcsBp1,0.14285714285714285,14,13,TCAGGATGATCATGAAGGGC,1,3066506
rcsBp1,2.0,40,13,TCACAGTCTATCATCGAACG,27,3040517
rcsBp1,8.857142857142858,136,13,TCAATTAGAGATTGATCCTC,123,3062724
rcsBp1,2.642857142857143,49,13,TATGACGGGCTTTGTTCAAT,36,3035575
rcsBp1,2.4285714285714284,46,13,TAGGAAGGCCGAAACGACGG,33,3040702
rcsBp1,1.4285714285714286,32,13,TAGCTTGTCGAGGCTGCGGG,19,3068290
rcsBp1,2.0,40,13,TAGATCGTACGCTCGGATAC,27,3054623
rcsBp1,0.2857142857142857,16,13,TACGCAAGAACGTTACTTGC,3,3071336
rcsBp1,3.857142857142857,66,13,TACCAGACTAAGCTTACCGG,53,3026346
rcsBp1,3.2142857142857144,57,13,TAATTTGCCCCGCTACCAAA,44,3040516
rcsBp1,5.785714285714286,93,13,TAATTTATGTTTCATCCACT,80,3061524
rcsBp1,0.7857142857142857,23,13,TAACGCAAACCAGTCACGGC,10,3048068
rcsBp1,4.428571428571429,74,13,TAACATCGAGTGAGGCCGGG,61,3033816
rcsBp1,3.0714285714285716,55,13,GTTTCAGCCCCATTAATACT,42,3044156
rcsBp1,4.214285714285714,71,13,GTGGTGGGGAGCATCACGGC,58,3044805
rcsBp1,1.2857142857142858,30,13,GTGGCGATTAGTATCACGTT,17,3022228
rcsBp1,4.071428571428571,69,13,GTGCTCAACCCGTGTTTACG,56,3046014
rcsBp1,3.5714285714285716,62,13,GTGATGAAAAGTTGTACACT,49,3068641
rcsBp1,1.5714285714285714,34,13,GTCTCTGGAAGAACTGAATA,21,3062938
rcsBp1,1.7857142857142858,37,13,GTCGGGTCTGTCGCGCAAGT,24,3035615
rcsBp1,0.14285714285714285,14,13,GTATGAAGGTAGGTTGGATC,1,3042097
rcsBp1,2.2142857142857144,43,13,GTAGGAATCTCTCACGATAA,30,3033921
rcsBp1,1.9285714285714286,39,13,GTACTGAAGCATGTCGAGAA,26,3038705
rcsBp1,1.2142857142857142,29,13,GTAAATCTTACACCTTTGAA,16,3032414
rcsBp1,2.7857142857142856,51,13,GGTTGAGAACCACTCTTGCT,38,3044515
rcsBp1,5.5,89,13,GGTTCAAGATCGGTACACAA,76,3061950
rcsBp1,0.21428571428571427,15,13,GGTATTGGCTACACTCTTCG,2,3046807
rcsBp1,6.428571428571429,102,13,GGTACGCATGGGACTAGATA,89,3041917
rcsBp1,1.4285714285714286,32,13,GGTAAATCAGTATCGGACAT,19,3037519
rcsBp1,2.2857142857142856,44,13,GGGTTAACCGGCGATACGCA,31,3058124
rcsBp1,1.8571428571428572,38,13,GGGGCCTATGGCAGCAGAGA,25,3033341
rcsBp1,0.14285714285714285,14,13,GGGCTCTTGTGCACTACTTT,1,3034321
rcsBp1,4.071428571428571,69,13,GGGACGTGAACGATTAAGAT,56,3064498
rcsBp1,0.9285714285714286,25,13,GGCTAGCGTGTCAGTTGTAA,12,3024340
rcsBp1,3.2857142857142856,58,13,GGAGGACTAACGTAAATTGT,45,3072529
rcsBp1,5.0,82,13,GCCTGCTTACGGTAATAACG,69,3038365
rcsBp1,10.571428571428571,160,13,GCCTCCGGGGTTCGCCTTTC,147,3065118
rcsBp1,0.5714285714285714,20,13,GATTAGTAGCGTGCTATGGC,7,3027279
rcsBp1,0.5714285714285714,20,13,GATGCATTAAGCGGGTGGGA,7,3050116
rcsBp1,4.785714285714286,79,13,GATAGGTTCGCGTCCATCCC,66,3059390
rcsBp1,7.142857142857143,112,13,GAGTTGAGATGTACGAAGGA,99,3023371
rcsBp1,2.9285714285714284,53,13,GAGGACCTATAGAGCCATGG,40,3040618
rcsBp1,1.5,33,13,GAGAGAAGGCGTTTACGATA,20,3041967
rcsBp1,6.5,103,13,GACTGCGCTCGCTCCACGTG,90,3029131
rcsBp1,1.5714285714285714,34,13,GACCATTTTCATGGACCAGG,21,3027657
rcsBp1,2.0,40,13,GAAGTCTGTGTCCCCTTGTG,27,3064752
rcsBp1,0.14285714285714285,14,13,CTTTCATACAGTTAACGACA,1,3064486
rcsBp1,0.8571428571428571,24,13,CTTTAGGTTCTAACTGCGTT,11,3049077
rcsBp1,1.6428571428571428,35,13,CTTTAGGATAGTGTGTACGA,22,3028447
rcsBp1,2.0714285714285716,41,13,CTTCAGTCGAGCACGCCGGG,28,3025103
rcsBp1,0.14285714285714285,14,13,CTGTAATGAGAGCGTTGGGT,1,3058902
rcsBp1,1.0714285714285714,27,13,CTGGCAAGCACGCGGTCTAA,14,3040271
rcsBp1,5.928571428571429,95,13,CTGCTGCCATCGGCCCCGTG,82,3039088
rcsBp1,4.714285714285714,78,13,CTCATTCTCGGCTGCTGTGG,65,3033472
rcsBp1,2.0,40,13,CTCAAAGCAAAATAAACGGT,27,3028931
rcsBp1,3.0714285714285716,55,13,CTAGTGCAGAGCTTCTACCG,42,3036105
rcsBp1,4.285714285714286,72,13,CTAGGAAACTTGAAAACCCC,59,3047310
rcsBp1,2.2142857142857144,43,13,CTAAGTCCCCGTGTGGCTGA,30,3033689
rcsBp1,1.0714285714285714,27,13,CTAAGTCACGGAAGAGCAGG,14,3034781
rcsBp1,2.4285714285714284,46,13,CTAAGATACGCCTCCGTGTT,33,3046717
rcsBp1,1.2857142857142858,30,13,CGTACAGAGGATGCCGTGTT,17,3035437
rcsBp1,1.8571428571428572,38,13,CGGAGTGTGTTCGGGGCTTG,25,3039843
rcsBp1,1.6428571428571428,35,13,CGCTTCGTATTTTTAATCTA,22,3044620
rcsBp1,3.7857142857142856,65,13,CGCCCCTTCGGGTAACACTA,52,3055470
rcsBp1,2.142857142857143,42,13,CGAATTCGTAGAGACGTTAC,29,3032512
rcsBp1,2.857142857142857,52,13,CGAAATTCCTTCGCCAGAGC,39,3037136
rcsBp1,4.0,68,13,CCTGGGGGGTGGGGCCTCAA,55,3032377
rcsBp1,1.7857142857142858,37,13,CCTGCAAGTGGGGTCCGCGC,24,3066229
rcsBp1,5.714285714285714,92,13,CCGTTAAGTTTACGCCACTA,79,3032440
rcsBp1,1.2142857142857142,29,13,CCGGGTTCGAGCCATACCCC,16,3071770
rcsBp1,4.214285714285714,71,13,CCGGCGATAGAGAGCAGTAA,58,3068426
rcsBp1,0.9285714285714286,25,13,CCGCTTACGGTCTAGACGCT,12,3029496
rcsBp1,2.2857142857142856,44,13,CCGCAACCCGGTCACAGAAT,31,3040208
rcsBp1,0.14285714285714285,14,13,CCATAGATTTACCGGTGAGG,1,3022332
rcsBp1,3.7857142857142856,65,13,CCATACGTTCCCGTCATGTG,52,3025785
rcsBp1,0.21428571428571427,15,13,CCATACGCGTCTCCGGGCGA,2,3060872
rcsBp1,1.7857142857142858,37,13,CCAGGCGACTCGGGTGACGC,24,3058021
rcsBp1,2.4285714285714284,46,13,CCAGCGTGGGGTGTTTACGT,33,3041658
rcsBp1,2.4285714285714284,46,13,CCACACTCGCCATCATGCGC,33,3027115
rcsBp1,2.5,47,13,CATTTCTGTCAGGATTCAAG,34,3040521
rcsBp1,1.7857142857142858,37,13,CATGGGCTAAGGAATGTTTG,24,3065618
rcsBp1,4.214285714285714,71,13,CATGGCTTCAGCGCGATGAA,58,3023398
rcsBp1,2.142857142857143,42,13,CATCAGCATGCGGCCAGTGG,29,3051578
rcsBp1,2.0714285714285716,41,13,CATAGGGAGACCGAATAGGG,28,3037071
rcsBp1,0.14285714285714285,14,13,CATAGGCCAGACGTATTAAT,1,3064032
rcsBp1,2.5,47,13,CAGTGCACGGCCGCATAAAT,34,3038720
rcsBp1,1.0714285714285714,27,13,CAGGCATGAGTGTTCGTTAC,14,3056504
rcsBp1,2.642857142857143,49,13,CAGGAATGGTACGGTCCGTT,36,3066020
rcsBp1,1.6428571428571428,35,13,CAGAGATGGGCCTGGCATTG,22,3072658
rcsBp1,12.928571428571429,193,13,CAGACTTTGGTGGAACTTTT,180,3063953
rcsBp1,5.5,89,13,CAGACTGAATTAACAAACAA,76,3058123
rcsBp1,0.2857142857142857,16,13,CACGCAGCGTTGATCCTGGG,3,3051983
rcsBp1,2.0714285714285716,41,13,CACAGTTCTTAAATGAATGG,28,3039732
rcsBp1,1.9285714285714286,39,13,CACAACGCCAAGTATCAGCG,26,3061454
rcsBp1,1.7142857142857142,36,13,CAATGATGTCAAGGGTTACG,23,3054869
rcsBp1,0.14285714285714285,14,13,CAAGTCTTCTGATGGGGAGC,1,3068771
rcsBp1,3.0714285714285716,55,13,CAAGCGATGAACCCGTCTAG,42,3044727
rcsBp1,2.4285714285714284,46,13,CAACATAAAGCTCTTCGTAT,33,3071553
rcsBp1,4.428571428571429,74,13,ATGCTAGACGTGAGTAATGA,61,3054378
rcsBp1,2.142857142857143,42,13,ATGCACAGCAAAGAAGTGGA,29,3022051
rcsBp1,1.5,33,13,ATGAGCTCAGTGGTTGATAG,20,3029057
rcsBp1,0.14285714285714285,14,13,ATCATGGTCTCACCGGGCAT,1,3035102
rcsBp1,0.21428571428571427,15,13,ATCACGGCCCTAGGTCTAGA,2,3025045
rcsBp1,4.642857142857143,77,13,ATCACGCGTGAGATAAACCT,64,3021877
rcsBp1,0.5714285714285714,20,13,ATAGAAAAGTCGGTTCTATT,7,3033601
rcsBp1,2.5714285714285716,48,13,ATAACGCGGGTTTCTAAGTT,35,3060133
rcsBp1,2.5714285714285716,48,13,AGTTGCTCTGGGAAAAAAGG,35,3029682
rcsBp1,2.2857142857142856,44,13,AGTGGGCTTTGTCCTCTCAT,31,3051369
rcsBp1,1.0,26,13,AGGTTCCAATGCTGCGTCAT,13,3049842
rcsBp1,3.142857142857143,56,13,AGGGCGTCTTCTTTGATGAT,43,3022932
rcsBp1,0.7142857142857143,22,13,AGGGATCTTTCTTGGGTCGA,9,3048343
rcsBp1,2.4285714285714284,46,13,AGGGACCCTCATACTGGGAC,33,3041311
rcsBp1,2.9285714285714284,53,13,AGGCTTCCGTCGTCGGATGA,40,3056916
rcsBp1,0.7142857142857143,22,13,AGGCTAGGAAGGCACCTTAA,9,3060955
rcsBp1,1.6428571428571428,35,13,AGGCACGAGCACAAAAAGCG,22,3048060
rcsBp1,2.2142857142857144,43,13,AGCGGGAGGAATCGGCACGA,30,3061304
rcsBp1,4.142857142857143,70,13,AGCCTGGGCAGTGTATCAAT,57,3025619
rcsBp1,1.1428571428571428,28,13,AGCCGCCAGTCTAATACCGT,15,3037496
rcsBp1,4.928571428571429,81,13,AGAGGAAGTGCCTTCACGGC,68,3035347
rcsBp1,0.8571428571428571,24,13,AGACTGTGTCCGGCCTTGTA,11,3066264
rcsBp1,1.2857142857142858,30,13,AGAACGACCACATGGTAACG,17,3043676
rcsBp1,1.7857142857142858,37,13,AGAAATTGTAATATTCGTGT,24,3043780
rcsBp1,1.1428571428571428,28,13,ACTGTAGTAGTATGAACGCT,15,3071608
rcsBp1,2.5,47,13,ACGGCACGTCGTGACCCTCC,34,3062901
rcsBp1,3.0,54,13,ACGCCAAAGAGTCTGAATCA,41,3055582
rcsBp1,0.9285714285714286,25,13,ACCTTAGGTAGGCTTTCTGA,12,3041467
rcsBp1,1.8571428571428572,38,13,ACCTGGTTGCACGGCGATAT,25,3043812
rcsBp1,1.7142857142857142,36,13,ACCGAGTGATAACATATTTT,23,3064203
rcsBp1,0.7857142857142857,23,13,ACCCGCCACGTGTCGCGCGT,10,3056246
rcsBp1,5.0,82,13,ACCCAATCGCCTCGGGTAAC,69,3041061
rcsBp1,0.14285714285714285,14,13,AATGTCTTTGTGGAGTCTTC,1,3071108
rcsBp1,6.571428571428571,104,13,AAGTTTAGTTTTGGTCCTGT,91,3034835
rcsBp1,2.5,47,13,AAGCCCTCCAAAGACGACGC,34,3041321
rcsBp1,0.7142857142857143,22,13,AACATTCCCTTTCTGCTCGA,9,3065957
rcsBp1,1.9285714285714286,39,13,AAAGTGCTAGAAAGTTTTAA,26,3063010
rcsBp1,2.5714285714285716,48,13,AAAGTGCCGGCGCATCGTTT,35,3046213
rcsBp1,2.0,40,13,AAAATAAGGTTGGAACATCT,27,3043877
rcsBp1,19.384615384615383,263,12,TTTCCGGAGCATCTGGTAAA,251,3028804
rcsBp1,1.1538461538461537,26,12,TTTCCCATGATTGAGGTTAT,14,3063146
rcsBp1,0.46153846153846156,17,12,TTTCACAGGCTGCCTCTTCT,5,3059195
rcsBp1,1.5384615384615385,31,12,TTTAGGTCGGACAAGCCCTA,19,3071085
rcsBp1,0.15384615384615385,13,12,TTGTTCCATATCGTCTCGGA,1,3044691
rcsBp1,1.9230769230769231,36,12,TTGGGAGTCGCAACTGGGAG,24,3044123
rcsBp1,6.6923076923076925,98,12,TTGATACCTCATTGCCGGAC,86,3037428
rcsBp1,0.15384615384615385,13,12,TTGAAGCTCTTGCGATATAC,1,3025819
rcsBp1,1.3076923076923077,28,12,TTCGTGGTTGAATGATGGGT,16,3039861
rcsBp1,1.5384615384615385,31,12,TTCGGTCTCCTTGGAGTTTT,19,3022211
rcsBp1,2.923076923076923,49,12,TTCCTACGAATGGAGAAATC,37,3047849
rcsBp1,0.15384615384615385,13,12,TTCCATGCATCGAACAGGAC,1,3052024
rcsBp1,2.1538461538461537,39,12,TGTTTGGTCGCCCGCGAGTG,27,3056201
rcsBp1,0.38461538461538464,16,12,TGTTTCGTATTATGACTAGG,4,3055281
rcsBp1,1.6153846153846154,32,12,TGTGTATTGAGAATAGGCGT,20,3048254
rcsBp1,1.6923076923076923,33,12,TGTGGGAGCGTACCGGGCGA,21,3043012
rcsBp1,0.15384615384615385,13,12,TGGTCTGGGGACTCAGACGT,1,3031694
rcsBp1,0.15384615384615385,13,12,TGGGTTACCTACTGTTCATC,1,3064119
rcsBp1,0.15384615384615385,13,12,TGGCGTTTACGGAATAAGGA,1,3024216
rcsBp1,0.9230769230769231,23,12,TGGCGGTAGTAAGGGATTCA,11,3064959
rcsBp1,1.0,24,12,TGGCCGCGAGATACGAGAAC,12,3030148
rcsBp1,1.9230769230769231,36,12,TGCTCTTTAGCCGCACCGCA,24,3024154
rcsBp1,0.15384615384615385,13,12,TGCGAAGCTTCGCTGGAAGA,1,3040724
rcsBp1,3.230769230769231,53,12,TGCATTAGGGCAGGTTACCA,41,3043743
rcsBp1,3.230769230769231,53,12,TCTGATATTCATCTCCGTGG,41,3022210
rcsBp1,2.5384615384615383,44,12,TCTCTTTAATGTCATTCGCT,32,3053820
rcsBp1,11.76923076923077,164,12,TCTAGTTTTTACCTCCATTC,152,3030354
rcsBp1,1.3846153846153846,29,12,TCGTGCGCCCTGGTTCCGCA,17,3030811
rcsBp1,1.4615384615384615,30,12,TCGGGCCTGTCATTAGGACG,18,3058169
rcsBp1,3.5384615384615383,57,12,TCGGCGAATTTGTGAGTGGG,45,3048091
rcsBp1,6.538461538461538,96,12,TCGAGCAGAAATGCCGTGCC,84,3022032
rcsBp1,6.384615384615385,94,12,TCGAAGCCGGCGGTCGTGGT,82,3061806
rcsBp1,0.15384615384615385,13,12,TCCTGCTCCGAGTAGAATTA,1,3050803
rcsBp1,2.076923076923077,38,12,TCCGATGCGTGTATTGCTAA,26,3073633
rcsBp1,5.6923076923076925,85,12,TCCCCTAAACAGGTCAATCA,73,3029571
rcsBp1,1.0769230769230769,25,12,TCCCAATACGGGACAGTCCT,13,3063982
rcsBp1,1.3846153846153846,29,12,TCACTAGATGGGTGCTAACA,17,3034998
rcsBp1,4.846153846153846,74,12,TCAATTGATATTTCAAAGAA,62,3028270
rcsBp1,6.538461538461538,96,12,TCAATGGGACCATCGCGCCA,84,3071690
rcsBp1,1.5384615384615385,31,12,TATGCTTGCTATGCCGATCC,19,3040017
rcsBp1,1.0,24,12,TATCGAACGGGCGGAATCAG,12,3046274
rcsBp1,30.307692307692307,405,12,TATCCTCCTACTGCCTGGGC,393,3023376
rcsBp1,0.23076923076923078,14,12,TATATGCGCCCATATACCGG,2,3037794
rcsBp1,2.4615384615384617,43,12,TAGATGTTAATAGGGCTTCG,31,3031954
rcsBp1,4.846153846153846,74,12,TACCCTGTCACTGCAGGTAA,62,3033603
rcsBp1,2.076923076923077,38,12,TAACTAGACCTGCAATCCGG,26,3061856
rcsBp1,1.3846153846153846,29,12,TAACACTTGACCGTATGTCT,17,3050349
rcsBp1,3.5384615384615383,57,12,TAAAATTGAGCAGTCCCGTT,45,3068190
rcsBp1,1.6923076923076923,33,12,GTTGAACTGTACCGATTGGG,21,3059086
rcsBp1,2.6923076923076925,46,12,GTTCGGTTGCTAGGGCGATC,34,3065400
rcsBp1,0.15384615384615385,13,12,GTTCGGGCCGCTGCGAAGAA,1,3060029
rcsBp1,1.9230769230769231,36,12,GTTAAACCGGGATGGCGTTG,24,3048683
rcsBp1,4.0,63,12,GTGTCTATAGGTACCTTAAT,51,3051633
rcsBp1,2.0,37,12,GTGCGTCCGCTTTCCCGCCA,25,3029391
rcsBp1,2.1538461538461537,39,12,GTGCATTGCTTCATCATGCC,27,3030973
rcsBp1,0.46153846153846156,17,12,GTCTATACAGGATATTCATT,5,3070043
rcsBp1,2.230769230769231,40,12,GTCCTTACTTAGCGACGGAC,28,3027814
rcsBp1,3.4615384615384617,56,12,GTCCCATTACGGGAGGGTGC,44,3055158
rcsBp1,1.2307692307692308,27,12,GTCATTTGCGCTCGGTCCAT,15,3059488
rcsBp1,0.23076923076923078,14,12,GTCATCAAGGTTGAGGGAGT,2,3053124
rcsBp1,1.6153846153846154,32,12,GTCAAAATAAATAAATCGAA,20,3053482
rcsBp1,1.7692307692307692,34,12,GTATTTATCATGTCATGAGC,22,3061470
rcsBp1,1.9230769230769231,36,12,GTAGTGTTCTATAAGTGTTT,24,3052390
rcsBp1,3.5384615384615383,57,12,GTACAATATCCGGTTATAGA,45,3027441
rcsBp1,3.230769230769231,53,12,GTAAACATTTCTAATTATGA,41,3052940
rcsBp1,0.7692307692307693,21,12,GGTGGGACCAAGCGGTTAAG,9,3022227
rcsBp1,2.4615384615384617,43,12,GGTGATGTCAGCCCTTGAGT,31,3036642
rcsBp1,0.15384615384615385,13,12,GGTCTCAGCCAGCCTCACGG,1,3063575
rcsBp1,3.230769230769231,53,12,GGTCGCAATAGGGGATAATG,41,3024332
rcsBp1,0.6923076923076923,20,12,GGTCCTACTGTGTGGTGGAC,8,3043493
rcsBp1,1.4615384615384615,30,12,GGTCATTCACGGGGGATATT,18,3050683
rcsBp1,3.769230769230769,60,12,GGGTGCTGACTCTATTTTTT,48,3025018
rcsBp1,5.6923076923076925,85,12,GGGGTTGATCTGACTTCTTA,73,3034914
rcsBp1,1.9230769230769231,36,12,GGGCCACGTTGTTCCGTCAC,24,3058871
rcsBp1,0.23076923076923078,14,12,GGCTGTAAATACTCTGCGTA,2,3066058
rcsBp1,2.3846153846153846,42,12,GGCTCTATCTGCGCGAGGAC,30,3040377
rcsBp1,1.7692307692307692,34,12,GGCGAACGAGAGGCGCCCGA,22,3058840
rcsBp1,3.076923076923077,51,12,GGATAATACAGAAGTACCTA,39,3029839
rcsBp1,3.4615384615384617,56,12,GGAGTTCCGTACTACGTCGT,44,3035168
rcsBp1,1.6923076923076923,33,12,GGACAGATTCAGCACCCTCG,21,3043675
rcsBp1,3.923076923076923,62,12,GGAACTACGTGGGAGTGTGA,50,3056417
rcsBp1,0.7692307692307693,21,12,GCTAATCCATCCGCGCTTGC,9,3053777
rcsBp1,1.4615384615384615,30,12,GCGTATTAACGGCATACCTT,18,3039616
rcsBp1,2.3846153846153846,42,12,GCCTAGCCATCAGACTTTGA,30,3059400
rcsBp1,4.3076923076923075,67,12,GCCGAAGAGAAAAGGGGATG,55,3058316
rcsBp1,1.6153846153846154,32,12,GCCCCCTCGTACGGATTGTA,20,3032775
rcsBp1,1.3076923076923077,28,12,GCCCATTCGAAATTTGACAG,16,3060362
rcsBp1,0.9230769230769231,23,12,GCCCAATATTGGTCGTGTTA,11,3026057
rcsBp1,1.0769230769230769,25,12,GCCACAACATAACTTGCCCT,13,3054210
rcsBp1,1.6153846153846154,32,12,GCACAAAGGTGGTAGCACAG,20,3052007
rcsBp1,1.2307692307692308,27,12,GCAAGGGGACTCTCCATGGA,15,3038584
rcsBp1,1.9230769230769231,36,12,GATCCCAGCAATAATACGGC,24,3043149
rcsBp1,2.0,37,12,GATAATGCTCCTCCCGAAGG,25,3048023
rcsBp1,2.4615384615384617,43,12,GAGTGGTCTCTCCTTTTACT,31,3067141
rcsBp1,1.3076923076923077,28,12,GACTACTTCTATGGGTCCCT,16,3044291
rcsBp1,1.3076923076923077,28,12,GACGTGGGCGCCGGTGTTTT,16,3050252
rcsBp1,2.0,37,12,GACGAAACTGACTCCTGAGC,25,3026960
rcsBp1,2.3846153846153846,42,12,GACCATCGACAGTATCCACA,30,3058784
rcsBp1,0.15384615384615385,13,12,GACCAAGTTGGGTGGGTTAG,1,3067499
rcsBp1,1.6153846153846154,32,12,GAAGAGCGTGCCCGCAAGAC,20,3036175
rcsBp1,0.23076923076923078,14,12,GAACAGCTCTGCGCACAGGT,2,3042766
rcsBp1,2.3076923076923075,41,12,CTTTGACTGCAGCGAGAAAA,29,3053520
rcsBp1,10.23076923076923,144,12,CTTCGCGAGGATTTGACTTC,132,3062178
rcsBp1,1.0769230769230769,25,12,CTTAGTAAGCTGTCTTTAAG,13,3066675
rcsBp1,1.6153846153846154,32,12,CTTACATCACGCTCGGCGCA,20,3064216
rcsBp1,0.7692307692307693,21,12,CTGGTTGTGCGATACGGTGG,9,3057890
rcsBp1,6.6923076923076925,98,12,CTGGATTTCCTGGTTCAACC,86,3030333
rcsBp1,0.15384615384615385,13,12,CTGCAGAGAAGTCACGGACT,1,3023765
rcsBp1,0.15384615384615385,13,12,CTGATTCAGTACGTAGTCTA,1,3037892
rcsBp1,1.5384615384615385,31,12,CTCGTGCTATGACAACTGTA,19,3024399
rcsBp1,3.8461538461538463,61,12,CTCGACTTAGCGTTTGTCCA,49,3036266
rcsBp1,2.076923076923077,38,12,CTCCCGCAGAGTACACGGGA,26,3047708
rcsBp1,2.076923076923077,38,12,CTCACGTTACACAAGTACTA,26,3057331
rcsBp1,1.4615384615384615,30,12,CTAGCTCTTGTGGCATACAC,18,3052757
rcsBp1,0.8461538461538461,22,12,CTAAACGAGACTTTCAGTCT,10,3051827
rcsBp1,4.153846153846154,65,12,CGTTCTTCAGCTGCTCAGGT,53,3051490
rcsBp1,1.6923076923076923,33,12,CGTTAAAGATACAGAGCTAG,21,3023503
rcsBp1,1.0769230769230769,25,12,CGTGTCCAGTTGGTTATGAT,13,3025490
rcsBp1,0.15384615384615385,13,12,CGTCGTCGCGCCACAGATAC,1,3050968
rcsBp1,0.8461538461538461,22,12,CGTCGGTATGAGTTTCCTAT,10,3029992
rcsBp1,2.923076923076923,49,12,CGGTTGCGCTTACTCACTCG,37,3040125
rcsBp1,1.4615384615384615,30,12,CGGTTGCCGCGCATAATACT,18,3032578
rcsBp1,1.8461538461538463,35,12,CGGGTCCGTGGGACTTGTCA,23,3073515
rcsBp1,1.2307692307692308,27,12,CGGCTTGCCGTCAATCGGTC,15,3053263
rcsBp1,11.692307692307692,163,12,CGGCATCTTTTAATGTTAGA,151,3070821
rcsBp1,5.615384615384615,84,12,CGCAGTAATAGTCCTGGGTA,72,3046655
rcsBp1,2.1538461538461537,39,12,CGCAATTAGGCTAGAGTGAT,27,3029458
rcsBp1,3.076923076923077,51,12,CCTGCTATTAGGGCCACAAG,39,3070853
rcsBp1,6.076923076923077,90,12,CCTGAGTGCCGACTTTACGC,78,3039083
rcsBp1,2.923076923076923,49,12,CCGATCCAACGGAGTATTTT,37,3053652
rcsBp1,2.4615384615384617,43,12,CCCGTTCCGAATCAGGGGGA,31,3040300
rcsBp1,1.3846153846153846,29,12,CCCGGTGGTACCTAGACTGT,17,3037122
rcsBp1,2.0,37,12,CCCCTTCCACAGAATCTGGT,25,3050574
rcsBp1,1.7692307692307692,34,12,CCAGCACATCCCCTATGGCA,22,3033027
rcsBp1,4.0,63,12,CATCCCTTCGAGATGAGATG,51,3051157
rcsBp1,2.3076923076923075,41,12,CATAATATAAGGCGCTCTAC,29,3050318
rcsBp1,5.230769230769231,79,12,CATAAACGCAGATCTAGTGT,67,3024823
rcsBp1,1.9230769230769231,36,12,CAGCGATCGTTACCGGATCA,24,3032798
rcsBp1,3.923076923076923,62,12,CACTACCCGGTTAGGTTGAT,50,3028007
rcsBp1,1.7692307692307692,34,12,CACACCAGCCCCTGATCGTC,22,3032478
rcsBp1,39.92307692307692,530,12,CAATGAAGGCAAGCGACCCT,518,3034572
rcsBp1,4.615384615384615,71,12,CAATGAAAGGTGGGGCACAG,59,3065980
rcsBp1,0.6923076923076923,20,12,CAACCAAGTTCACTGTCTAC,8,3039175
rcsBp1,0.15384615384615385,13,12,CAAAGATCTAGTAGTGGTAT,1,3021941
rcsBp1,0.15384615384615385,13,12,ATGTTCCCCCCACGGCGCGG,1,3069831
rcsBp1,2.3846153846153846,42,12,ATGTTAAATATAGGTTGGAG,30,3049329
rcsBp1,0.15384615384615385,13,12,ATGTGCAACACGTGGTAAGA,1,3051292
rcsBp1,0.15384615384615385,13,12,ATGTAACTGTTTCGCACGTA,1,3038476
rcsBp1,2.769230769230769,47,12,ATGCTTTCTGCATTGCCGCA,35,3033370
rcsBp1,0.38461538461538464,16,12,ATGCTCAGCGACTCCCTATT,4,3027227
rcsBp1,3.4615384615384617,56,12,ATCCCAGGTAATTACTCTAC,44,3033784
rcsBp1,3.076923076923077,51,12,AGTTATCACACGGCGAGTCG,39,3040403
rcsBp1,1.0,24,12,AGTGAAAAGGTTAGCGATTC,12,3021834
rcsBp1,1.6153846153846154,32,12,AGTCCCAACCTCTACGGAAC,20,3048806
rcsBp1,4.076923076923077,64,12,AGGGTCTGTGCGGTTGACAA,52,3070741
rcsBp1,1.6923076923076923,33,12,AGGCCAGAATTAATGTGATC,21,3052630
rcsBp1,1.6923076923076923,33,12,AGGCAGTCGGGGCGGTGTGG,21,3029247
rcsBp1,0.15384615384615385,13,12,AGGAAGCTCTTGAATGGATA,1,3046881
rcsBp1,1.0769230769230769,25,12,AGATCAGTATTCCGAAGGGA,13,3029390
rcsBp1,1.6153846153846154,32,12,AGAGGCAAGGATGCGATATC,20,3026113
rcsBp1,2.1538461538461537,39,12,ACTTCCCTCGTACGTCCATG,27,3027512
rcsBp1,3.076923076923077,51,12,ACTTCAGTTTTTGAAGGGTG,39,3041814
rcsBp1,1.6153846153846154,32,12,ACTGTCCGACGCTAATAATA,20,3046509
rcsBp1,0.9230769230769231,23,12,ACTCGCGGGGGCTACCCGTC,11,3070791
rcsBp1,3.923076923076923,62,12,ACTCAGTATGCAAGTACAAT,50,3056080
rcsBp1,1.2307692307692308,27,12,ACTCAAAAAGTTCGAGACAG,15,3024440
rcsBp1,3.5384615384615383,57,12,ACGGGAACTGGGCGCTGGTT,45,3036769
rcsBp1,4.6923076923076925,72,12,ACCGGTAGTTGTTTCGCTAG,60,3055669
rcsBp1,3.0,50,12,ACCCTAGACAGTTCGCCGGA,38,3036819
rcsBp1,5.538461538461538,83,12,ACCATAACGGAAAATCTCGA,71,3030026
rcsBp1,3.6923076923076925,59,12,ACATAACGATTACCGGTAAG,47,3073376
rcsBp1,2.3846153846153846,42,12,AATTAACGCGTGCGGGGGCA,30,3049610
rcsBp1,2.769230769230769,47,12,AATCACGCTAACATCGGGAA,35,3060239
rcsBp1,6.076923076923077,90,12,AATAGTCGATTGCACATCCG,78,3025613
rcsBp1,1.0,24,12,AATAGGAACACTTGTGACGA,12,3028590
rcsBp1,2.230769230769231,40,12,AAGTAGGTTATTCATCATCT,28,3032848
rcsBp1,1.4615384615384615,30,12,AAGCTTCACTAAGGAGGTAT,18,3059700
rcsBp1,3.0,50,12,AAGCGAATTAGACCGATATG,38,3069919
rcsBp1,2.076923076923077,38,12,AACTGATTGCGGGGAGTAAA,26,3024667
rcsBp1,4.461538461538462,69,12,AACGGTCCGACACAGGCATT,57,3051229
rcsBp1,29.153846153846153,390,12,AACCGAAGGCCTGCGATAAT,378,3063968
rcsBp1,5.615384615384615,84,12,AAATGCCGGGCAGCAGACAT,72,3050644
rcsBp1,3.0,50,12,AAAGTTAACCCTCACTGTTA,38,3066756
rcsBp1,3.1538461538461537,52,12,AAAACTGGGATTGAAAGAAC,40,3023294
rcsBp1,0.16666666666666666,12,11,TTGTAATCAGAACGGCGCGC,1,3049765
rcsBp1,2.3333333333333335,38,11,TTGCTGGAGCAGGGGTGAAT,27,3037093
rcsBp1,1.6666666666666667,30,11,TTGAAGGCGGGTTTCTCTGT,19,3069456
rcsBp1,8.666666666666666,114,11,TTCCTCACGGCGAAAGGGAA,103,3037303
rcsBp1,1.75,31,11,TTCATGTTTGGCTTTTGGCG,20,3064415
rcsBp1,4.666666666666667,66,11,TTATGGATGAGGATTTCCTA,55,3049660
rcsBp1,1.9166666666666667,33,11,TTATACGTTGGACTGCATGT,22,3065181
rcsBp1,24.666666666666668,306,11,TTAGTATCGCTCGGCTGAAG,295,3027156
rcsBp1,5.583333333333333,77,11,TGTTATGTCAAGATCGAGGC,66,3039966
rcsBp1,6.916666666666667,93,11,TGTGTGTGGCACAGTAGAAG,82,3024251
rcsBp1,2.25,37,11,TGTCGCTACAGCCCTTGTTT,26,3025805
rcsBp1,1.5833333333333333,29,11,TGGTACAGCCGAGCGCAAGC,18,3063338
rcsBp1,1.5,28,11,TGGGCGACTACACTACCCCA,17,3044275
rcsBp1,0.16666666666666666,12,11,TGGCTCCTTTGGATGAATGC,1,3035040
rcsBp1,2.0833333333333335,35,11,TGGAACAGCGCTTGGGAGGG,24,3049342
rcsBp1,17.416666666666668,219,11,TGCTAGGGCCTCTATCTGGT,208,3037811
rcsBp1,1.0,22,11,TGCTAGACTAGAACGCCCGT,11,3066965
rcsBp1,4.083333333333333,59,11,TGCCCAGGCCACTCGTATGT,48,3031137
rcsBp1,2.25,37,11,TGACGGCTCGTGTTAGGTGT,26,3044935
rcsBp1,0.75,19,11,TGAACACAATACATGTGTTG,8,3061349
rcsBp1,2.3333333333333335,38,11,TCTTAGTCCCTGTCAGTGAC,27,3056514
rcsBp1,2.0833333333333335,35,11,TCTAGGTATTCACTGCAAAT,24,3042201
rcsBp1,2.5,40,11,TCGGTTCACGGGGGGCAGTT,29,3057529
rcsBp1,4.333333333333333,62,11,TCGCCAAGTTTCCGGGTCGG,51,3040721
rcsBp1,0.16666666666666666,12,11,TCGACGATGCATAACGGTGT,1,3047584
rcsBp1,0.16666666666666666,12,11,TCCTGCGTCAACTACGGTAA,1,3042714
rcsBp1,1.0833333333333333,23,11,TCCCTCCTAGCTGAAGCGCA,12,3028229
rcsBp1,1.5,28,11,TCATGTCAGCTCGCCAATGA,17,3036540
rcsBp1,3.6666666666666665,54,11,TCAAGGCAAAGAGGCTCTTA,43,3059069
rcsBp1,2.0833333333333335,35,11,TATGGTTATGCGCACGAGTC,24,3052578
rcsBp1,5.5,76,11,TATCTGTGTCCATGATAGGC,65,3032328
rcsBp1,1.25,25,11,TAGGTGGGTATAGACTCAAC,14,3060485
rcsBp1,2.5,40,11,TAGGAGCTGGAAACGGGGGA,29,3039082
rcsBp1,3.1666666666666665,48,11,TAGATTTCACATACTGTCTC,37,3033211
rcsBp1,1.3333333333333333,26,11,TAGATTTAATTGGACCGGTA,15,3026432
rcsBp1,0.75,19,11,TAGAGAACCTTCGAGCATAT,8,3026240
rcsBp1,1.1666666666666667,24,11,TACAGATTAGTCGCATTCCC,13,3057414
rcsBp1,1.6666666666666667,30,11,TAAGAGTAGGGCGCCCTGAC,19,3028717
rcsBp1,1.9166666666666667,33,11,TAAGAGGCTAGTGAGGAGCG,22,3056360
rcsBp1,1.5833333333333333,29,11,TAACCCGGGGGGATTGCTCT,18,3057898
rcsBp1,1.8333333333333333,32,11,GTTGCACTTGTCCGGGCGTT,21,3073129
rcsBp1,2.1666666666666665,36,11,GTTGAATGAAATGGCGTTTT,25,3035853
rcsBp1,2.0833333333333335,35,11,GTTACCATGGAATTTGGGAG,24,3056136
rcsBp1,3.5833333333333335,53,11,GTTACATACAGAGCCGCCGA,42,3038360
rcsBp1,3.1666666666666665,48,11,GTGTTTTCGCTCCCTTCTCC,37,3021896
rcsBp1,2.5833333333333335,41,11,GTCGTGTGCCTCCGAATATA,30,3042240
rcsBp1,12.333333333333334,158,11,GTCACGTAGATGGTGACTCA,147,3025483
rcsBp1,0.16666666666666666,12,11,GTAGACATACGGATCTGAGA,1,3060847
rcsBp1,0.16666666666666666,12,11,GGTTCAAAATTTCCTAAGCC,1,3068682
rcsBp1,5.916666666666667,81,11,GGTGGTGCACTATATATGTA,70,3030037
rcsBp1,7.5,100,11,GGTGGATCTTGAGGACCCCT,89,3051117
rcsBp1,8.666666666666666,114,11,GGTCTCGGGAGGGACGCATC,103,3033754
rcsBp1,4.0,58,11,GGGTTTTGAGTATTCCATAA,47,3026706
rcsBp1,1.9166666666666667,33,11,GGGTCCTCAATTAATGCGGT,22,3037816
rcsBp1,1.25,25,11,GGGTACGCGTCGCGGTACGT,14,3046153
rcsBp1,3.8333333333333335,56,11,GGGGCACTGCTGGCAAGGCT,45,3043016
rcsBp1,2.5,40,11,GGGGATCGGCCAACCTTAGG,29,3067992
rcsBp1,4.333333333333333,62,11,GGGACATAGATGAGTGCCCT,51,3052528
rcsBp1,0.16666666666666666,12,11,GGATGGGCCGAAATCCCGTA,1,3070680
rcsBp1,2.9166666666666665,45,11,GGACCGCGTATTTCGAGGCT,34,3035069
rcsBp1,4.0,58,11,GCTTAGGCAGTGTATTTACT,47,3032271
rcsBp1,20.75,259,11,GCTGGGGCTCTAAGGCAGCT,248,3061682
rcsBp1,3.1666666666666665,48,11,GCGTTACAGTGCTATAGCGA,37,3060691
rcsBp1,2.0,34,11,GCGTGCCTCATAGCGTGAGG,23,3031357
rcsBp1,1.3333333333333333,26,11,GCGGAGTAAAAAGCAGGTGC,15,3029887
rcsBp1,0.75,19,11,GCGCTACCATTAGGAGCGGC,8,3046532
rcsBp1,3.8333333333333335,56,11,GCGACTTAACAAATCCTATT,45,3051978
rcsBp1,5.583333333333333,77,11,GCCTTATACAGAGCACGGAG,66,3061217
rcsBp1,2.5833333333333335,41,11,GCCGTACGGCACAGTAGCCT,30,3064304
rcsBp1,2.0,34,11,GCCAAACACCCTAGGGGTGC,23,3048490
rcsBp1,1.8333333333333333,32,11,GATTTATCTATTATAAAATG,21,3055175
rcsBp1,1.5833333333333333,29,11,GATGGCCATCAGAAAGGATC,18,3047887
rcsBp1,5.333333333333333,74,11,GATACCAGTTGTTGTGTGCA,63,3057684
rcsBp1,2.4166666666666665,39,11,GAGACGTACACCTAACACTC,28,3066660
rcsBp1,1.9166666666666667,33,11,GACTTAGACGGAGTATGTGC,22,3023719
rcsBp1,2.75,43,11,GAATGAGTGCACAGTCCGTC,32,3033629
rcsBp1,5.583333333333333,77,11,GAATCAGCCGATATAGCCGG,66,3030466
rcsBp1,1.4166666666666667,27,11,GAATCACTGAGAGTTAGCCG,16,3057814
rcsBp1,0.16666666666666666,12,11,CTTTTGAACAGAGCCCTCAC,1,3058791
rcsBp1,0.25,13,11,CTGCGCGCGGACCCTTACAA,2,3071364
rcsBp1,0.3333333333333333,14,11,CTCTTAAAGAGAGATAACTC,3,3063688
rcsBp1,3.5,52,11,CTCTCTCAATAATAGAAGTT,41,3040222
rcsBp1,3.5833333333333335,53,11,CTCGCCTTATTAATTTTTGG,42,3041874
rcsBp1,1.6666666666666667,30,11,CTCAGTTGAGTGGAGAGAGT,19,3034475
rcsBp1,2.5833333333333335,41,11,CTCACCTACCCTCAGTGATC,30,3053683
rcsBp1,5.166666666666667,72,11,CTCAAATAGTTGTTGCTAAA,61,3044162
rcsBp1,3.3333333333333335,50,11,CTATAACACATGCAGTGTTG,39,3055080
rcsBp1,0.25,13,11,CTACGTCTCGGGATAGATGT,2,3040149
rcsBp1,6.5,88,11,CGTGCAACCCGTACGTTTGG,77,3024262
rcsBp1,1.25,25,11,CGTGAAGAGACGGTATAGCC,14,3042758
rcsBp1,0.75,19,11,CGTCGCGCATGTATGGCGTG,8,3070293
rcsBp1,1.5,28,11,CGGCGCTTTGGTTTCCGCGG,17,3034062
rcsBp1,4.25,61,11,CGGCCTCGTTCTCGCGAGAT,50,3059985
rcsBp1,1.1666666666666667,24,11,CGGCCGAGGCTTTATTATTC,13,3036850
rcsBp1,2.25,37,11,CGCTCGTGTTTAATCTGTGT,26,3055691
rcsBp1,5.583333333333333,77,11,CGCGTCGTATGGAGGCGTAA,66,3029137
rcsBp1,1.4166666666666667,27,11,CGCCATTAGTTGCGTCTGAC,16,3042054
rcsBp1,1.1666666666666667,24,11,CGAGTCGCAGCGACAGGATA,13,3033642
rcsBp1,0.25,13,11,CGAGAACGTGGTAAGCACCA,2,3051671
rcsBp1,0.16666666666666666,12,11,CGACTCAGCGTAGCCTCCAA,1,3027506
rcsBp1,2.25,37,11,CGAAGTGAAGCCTTGCGACA,26,3053768
rcsBp1,1.8333333333333333,32,11,CCTTTGACGCAGCATTTGGA,21,3046016
rcsBp1,1.3333333333333333,26,11,CCTTATACACAACGGGCCGA,15,3037912
rcsBp1,2.4166666666666665,39,11,CCTCGATTCTCCCCTCCGCA,28,3049924
rcsBp1,1.25,25,11,CCGTTCTGTGTGCTTTCCTC,14,3059571
rcsBp1,3.8333333333333335,56,11,CCGGCTGATTGCTTCAGGGA,45,3026438
rcsBp1,2.25,37,11,CCCTGAGGGCAGTGCGACGA,26,3067880
rcsBp1,1.0,22,11,CCCGATTAGTACTTCGTGAG,11,3054114
rcsBp1,2.0,34,11,CCATATTACAATTTGGAATT,23,3071817
rcsBp1,2.3333333333333335,38,11,CCAATATGTTTAATTTTGTG,27,3050834
rcsBp1,5.416666666666667,75,11,CCAAATGTGGCTTAAAAAGA,64,3049512
rcsBp1,2.0,34,11,CATCTTCCTCAGCGCCGTCC,23,3071731
rcsBp1,3.9166666666666665,57,11,CAGGGAACCGTCCTGCGGTA,46,3029260
rcsBp1,1.6666666666666667,30,11,CACCTCATCCGAATGCCCAT,19,3038538
rcsBp1,1.0,22,11,CAATTTGACTCAAATTGCGC,11,3037081
rcsBp1,2.8333333333333335,44,11,CAAGACGTTATGTATTCTAG,33,3043158
rcsBp1,1.3333333333333333,26,11,CAACAGTGTATTGCAATAGG,15,3050937
rcsBp1,1.8333333333333333,32,11,CAAAAAGGGGAGGACTAGGC,21,3023708
rcsBp1,0.16666666666666666,12,11,ATTTTCGGGATACGATAATG,1,3034071
rcsBp1,1.4166666666666667,27,11,ATTGTGTGACAGTCGCCTAT,16,3023710
rcsBp1,1.9166666666666667,33,11,ATTCGGCCCGGATTGAATGC,22,3058414
rcsBp1,2.5833333333333335,41,11,ATTCCTTATATAGTTATAGA,30,3048326
rcsBp1,1.3333333333333333,26,11,ATTCATTATCTTTCGCCCTT,15,3043884
rcsBp1,0.16666666666666666,12,11,ATTACTCGGCAGCTCCCAGA,1,3072065
rcsBp1,1.4166666666666667,27,11,ATGTTTCAGTGATGCCAGCA,16,3036363
rcsBp1,1.75,31,11,ATGTTAGTTCGGCCAAACGT,20,3068357
rcsBp1,0.3333333333333333,14,11,ATGCGTCAACCTTTCTATCG,3,3037629
rcsBp1,2.3333333333333335,38,11,ATGCAGCAAAGTAATGGAGT,27,3024438
rcsBp1,4.583333333333333,65,11,ATGATCGGTATGGTGAACAG,54,3032084
rcsBp1,1.8333333333333333,32,11,ATCTTGTGCTCGGCCGCCAG,21,3033686
rcsBp1,6.166666666666667,84,11,ATCCTTATGCTGTTAACACA,73,3040603
rcsBp1,7.75,103,11,ATATTCGGGGAGATCTGTTT,92,3030729
rcsBp1,1.0833333333333333,23,11,ATATCGGGATTAACCGTAAA,12,3061911
rcsBp1,5.75,79,11,ATAGGATTCGTGCCCTAATA,68,3058131
rcsBp1,22.166666666666668,276,11,ATACAGGAGGGTGTGTTCTC,265,3063969
rcsBp1,1.5,28,11,AGTTCTTTATATATTAGCAT,17,3065207
rcsBp1,1.6666666666666667,30,11,AGTATATACTTAGTAAGGGG,19,3049577
rcsBp1,0.16666666666666666,12,11,AGGGGTGCGGATGCACGCAC,1,3046263
rcsBp1,8.083333333333334,107,11,AGCTACTAATCACATATAGT,96,3051489
rcsBp1,2.0833333333333335,35,11,AGCCTGCCGTCTGGCGGAGA,24,3029683
rcsBp1,4.5,64,11,AGCCACAGTGTAGACGAGGG,53,3067086
rcsBp1,2.3333333333333335,38,11,AGAGCCGCCTTCTCTGCCTT,27,3058183
rcsBp1,6.166666666666667,84,11,AGAAGGCCAAAAAGGAATTA,73,3039946
rcsBp1,6.666666666666667,90,11,AGAAAATCGTCGGACACATG,79,3061966
rcsBp1,3.5833333333333335,53,11,ACTTCTTGTACGCATAAATA,42,3070580
rcsBp1,2.5833333333333335,41,11,ACTTATATGAGTAGTCTCTA,30,3034173
rcsBp1,1.8333333333333333,32,11,ACTCTTGGCAATAGGGTGGT,21,3042744
rcsBp1,1.5,28,11,ACTAACCAACTGACTCCAGT,17,3068494
rcsBp1,2.4166666666666665,39,11,ACTAAATGGTGCAGTCGTAG,28,3058779
rcsBp1,3.0,46,11,ACGTTACAATTGAACACAAC,35,3048892
rcsBp1,21.25,265,11,ACGTCTGTGCCGCGGCTCCT,254,3059033
rcsBp1,1.25,25,11,ACGCACTTGTTTTCACCGAA,14,3046088
rcsBp1,1.0833333333333333,23,11,ACCAGGCAAATCGTCTTATT,12,3056211
rcsBp1,2.5,40,11,ACCAGCGTCAGGGGGACGTA,29,3037778
rcsBp1,6.0,82,11,ACAGATAAGCGTCTGAGCGT,71,3071819
rcsBp1,4.416666666666667,63,11,ACAGAATCGTGATCACGTAC,52,3069124
rcsBp1,2.75,43,11,ACACGCCACTTCAATCCGTC,32,3037210
rcsBp1,3.5833333333333335,53,11,ACACCCCGAAAGGGCCAAGG,42,3051752
rcsBp1,0.6666666666666666,18,11,AATGCCCCTTTCGAGCCCGA,7,3045526
rcsBp1,0.8333333333333334,20,11,AATCGACAGTATGGTTATTT,9,3055197
rcsBp1,0.16666666666666666,12,11,AAGTTACGATATACGCTTGC,1,3034017
rcsBp1,0.16666666666666666,12,11,AAGGATTAATAGGCATACTT,1,3023763
rcsBp1,4.583333333333333,65,11,AAGATAACAAGGTTATCTGC,54,3032999
rcsBp1,1.9166666666666667,33,11,AACTGGTAGCGGCTAATATG,22,3050303
rcsBp1,3.5,52,11,AACCGAGTCTATACCGGGCG,41,3042516
rcsBp1,1.5833333333333333,29,11,AACATATAGCTATCCAAGTC,18,3042378
rcsBp1,2.0833333333333335,35,11,AACACTATTGGATACCGGTA,24,3025333
rcsBp1,0.4166666666666667,15,11,AAAGTACTCATTCTAGACTT,4,3052159
rcsBp1,0.8333333333333334,20,11,AAAAGGTGAGTGTGACCCGA,9,3059853
rcsBp1,3.25,49,11,AAAACCGGAATCCGTCAGCA,38,3046449
rcsBp1,2.6363636363636362,38,10,TTTTTATAGTGACGATGAAG,28,3037348
rcsBp1,0.2727272727272727,12,10,TTTGTTGTGTAAAATCAGAA,2,3055513
rcsBp1,0.18181818181818182,11,10,TTTGCCGGAATCTAAAGTGA,1,3059103
rcsBp1,0.2727272727272727,12,10,TTTCCGTCTCGCGTCGGGGT,2,3028988
rcsBp1,1.8181818181818181,29,10,TTTCATTACAGATGGCATCT,19,3026642
rcsBp1,5.545454545454546,70,10,TTTAAGTCCTAACGTAGACC,60,3037544
rcsBp1,4.0,53,10,TTTAACCCGAATCATTTAGA,43,3069310
rcsBp1,3.8181818181818183,51,10,TTGTACGAAGTACGTCCGCA,41,3050191
rcsBp1,1.6363636363636365,27,10,TTGTAAGCATTTTGTCTTAA,17,3049156
rcsBp1,0.18181818181818182,11,10,TTGACGCGACGTATCCAGTG,1,3042835
rcsBp1,0.18181818181818182,11,10,TTCTCGCAGTATAGTGGTGC,1,3044050
rcsBp1,0.2727272727272727,12,10,TTCTACTTGTTTGATTGAAA,2,3051662
rcsBp1,3.5454545454545454,48,10,TTCGGAGAACTGATATCGAT,38,3056309
rcsBp1,2.8181818181818183,40,10,TTCGCCGTCACGATCTACAG,30,3036915
rcsBp1,2.272727272727273,34,10,TTCGATGCCTAATTCGAGGT,24,3045901
rcsBp1,1.5454545454545454,26,10,TTATCATCGACAGGACACCG,16,3041616
rcsBp1,0.18181818181818182,11,10,TTAGTCTCGTCCTTCCTCCA,1,3027912
rcsBp1,4.7272727272727275,61,10,TGTTTAGCCGATCCACGGTA,51,3039663
rcsBp1,2.1818181818181817,33,10,TGTATGGAACGCTGAACAGT,23,3047717
rcsBp1,2.1818181818181817,33,10,TGCTTAAGCACCTGTGGGTA,23,3048218
rcsBp1,3.909090909090909,52,10,TGCTAGCCTTTCTGCGTCGC,42,3071577
rcsBp1,1.1818181818181819,22,10,TGCTAATGCCTGTCTACCCT,12,3040700
rcsBp1,2.8181818181818183,40,10,TGCCTTAGTGTGATCGGACT,30,3057662
rcsBp1,0.18181818181818182,11,10,TGCAAAGCTGGCGCCACCCT,1,3067247
rcsBp1,0.18181818181818182,11,10,TGATTAACTACGCCTGTTTA,1,3049455
rcsBp1,1.4545454545454546,25,10,TGATCGTTCTTGAGTGCGAT,15,3051124
rcsBp1,7.090909090909091,87,10,TGATCGAGTCACACGATAGA,77,3040296
rcsBp1,2.090909090909091,32,10,TGATCGAGAGGAACTGGTGG,22,3042212
rcsBp1,2.8181818181818183,40,10,TGATAGTTGACAGTCGGGCG,30,3041706
rcsBp1,6.7272727272727275,83,10,TGAGGCCAAACGGATCGTGT,73,3022555
rcsBp1,7.0,86,10,TCTTCTGGCAAAGTAGATGT,76,3023850
rcsBp1,5.7272727272727275,72,10,TCTTAGGTCAGTCCTGTTTC,62,3026433
rcsBp1,9.272727272727273,111,10,TCTATTTACGGTCGAATACC,101,3037548
rcsBp1,2.3636363636363638,35,10,TCGTCAACTCAAGGTTAGTG,25,3056498
rcsBp1,1.7272727272727273,28,10,TCCTTTTTCAAGGAACTCCC,18,3056016
rcsBp1,1.0909090909090908,21,10,TCCGAGACCCGCCCAAGTTC,11,3059981
rcsBp1,1.0,20,10,TCCCGTCTAGAGTTTGGTAA,10,3046027
rcsBp1,3.090909090909091,43,10,TCCCGGTATAAGGTAGTAAT,33,3061573
rcsBp1,3.3636363636363638,46,10,TCATCAGTTTCGAACCGTCC,36,3043800
rcsBp1,0.18181818181818182,11,10,TCAATAGATGCCAGCAGATT,1,3058913
rcsBp1,5.454545454545454,69,10,TATCGAAGTGTACCTGGCTA,59,3063518
rcsBp1,2.090909090909091,32,10,TATACGTATTCCTACTATAC,22,3046682
rcsBp1,0.18181818181818182,11,10,TAGGAAATCGAAGTGTTCGC,1,3048733
rcsBp1,1.3636363636363635,24,10,TAGAGTTACTGGGCTGCCCA,14,3066723
rcsBp1,1.3636363636363635,24,10,TAGAGTGCGATCCGTAAACG,14,3043286
rcsBp1,1.8181818181818181,29,10,TAGAGACAATTGGTTGGAAC,19,3030232
rcsBp1,1.6363636363636365,27,10,TACTAGCTTTTTTGGTCCGC,17,3065958
rcsBp1,0.18181818181818182,11,10,TACCGGAAGTTCACCCGCGT,1,3057299
rcsBp1,3.727272727272727,50,10,TACCGAGTCGCTTTCATCGT,40,3030313
rcsBp1,0.18181818181818182,11,10,TAATGGCACTTAAGTCGTTA,1,3053540
rcsBp1,1.1818181818181819,22,10,TAAGAGGTTGGTACAGGCAG,12,3033626
rcsBp1,6.2727272727272725,78,10,TAACTCTACGGAAATAATGC,68,3036508
rcsBp1,2.6363636363636362,38,10,TAAAATAATGATACTGCCAA,28,3058657
rcsBp1,3.0,42,10,GTTGAATTATTCTTTGTATA,32,3023446
rcsBp1,1.9090909090909092,30,10,GTTAAAGGAGAATGCTCACG,20,3044662
rcsBp1,0.7272727272727273,17,10,GTGTGGTGAACTCTAGAAGG,7,3050961
rcsBp1,3.6363636363636362,49,10,GTGGTTAAACTTCCTATTTT,39,3023110
rcsBp1,4.0,53,10,GTGCCTGAGAACTACACCTC,43,3059014
rcsBp1,11.0,130,10,GTGACGCTCATGCACACGTC,120,3026945
rcsBp1,7.0,86,10,GTCGGGATTGACCTCTAGAC,76,3046662
rcsBp1,0.18181818181818182,11,10,GTCACCAAAAAGTAGATCCC,1,3025057
rcsBp1,1.5454545454545454,26,10,GTACTGCGAGAAAAATGGCC,16,3060529
rcsBp1,3.3636363636363638,46,10,GTACGCCATCAGTTGCTAGC,36,3040484
rcsBp1,3.5454545454545454,48,10,GTACCGTGCGCACGACCGAT,38,3054506
rcsBp1,0.18181818181818182,11,10,GTACATTAGTCCTTGGCTAA,1,3034147
rcsBp1,5.363636363636363,68,10,GTACATCGCTCAAGGTAATC,58,3072550
rcsBp1,2.0,31,10,GTAATAGGGCCGTTCCGGTA,21,3054664
rcsBp1,4.636363636363637,60,10,GGTTCTGTTTGCAACGCCGA,50,3027812
rcsBp1,39.72727272727273,446,10,GGTGATCTGTTGCAAATTAA,436,3053438
rcsBp1,0.5454545454545454,15,10,GGTGACATGTTCGGTCCGCG,5,3032218
rcsBp1,2.5454545454545454,37,10,GGTGACAGATCGTGTGCAGT,27,3050957
rcsBp1,1.1818181818181819,22,10,GGTCGTGTTTTACTAATTTT,12,3054842
rcsBp1,0.5454545454545454,15,10,GGTATCCATCCTGTTGTCCG,5,3047121
rcsBp1,0.18181818181818182,11,10,GGGGGACAGGGTGTGTCTTG,1,3036052
rcsBp1,29.90909090909091,338,10,GGGGAAGTGCCAGTCATTCG,328,3063377
rcsBp1,1.9090909090909092,30,10,GGGCATACTTTTCGTGTGTA,20,3028885
rcsBp1,2.8181818181818183,40,10,GGGAATGAAGCAATGCCATC,30,3022544
rcsBp1,4.545454545454546,59,10,GGCGGCGTGGCCAGGGGGAA,49,3043968
rcsBp1,1.3636363636363635,24,10,GGCATCGCTAAAATACTACC,14,3029170
rcsBp1,3.3636363636363638,46,10,GGATCCTTCGCGATAGCGAT,36,3054907
rcsBp1,1.7272727272727273,28,10,GGATATAACCCAGTTCGATC,18,3023173
rcsBp1,2.0,31,10,GGACTACTGGAAAGAAATAA,21,3024962
rcsBp1,1.8181818181818181,29,10,GGACATGTGAGGACGTGCTG,19,3044244
rcsBp1,1.8181818181818181,29,10,GGAAGTGACTAAGCCTTCTT,19,3030814
rcsBp1,0.18181818181818182,11,10,GCTTCGTGATCATCGTGAAT,1,3044361
rcsBp1,1.6363636363636365,27,10,GCTGCCTGGGGTCCCGTTGT,17,3022684
rcsBp1,0.18181818181818182,11,10,GCTCGAGTTGTTTGACGTGT,1,3032584
rcsBp1,2.727272727272727,39,10,GCTAGTGGGATTCTGTGGAG,29,3024484
rcsBp1,0.18181818181818182,11,10,GCGTTTGTGTGTGGTCCTGT,1,3024996
rcsBp1,0.36363636363636365,13,10,GCGTGTGGGACGGGCCAATT,3,3046218
rcsBp1,0.18181818181818182,11,10,GCGGTGCTGTCTGTAAGAGG,1,3048916
rcsBp1,9.363636363636363,112,10,GCGGATTGAACAGATCAAGC,102,3033416
rcsBp1,2.272727272727273,34,10,GCGAATTCGATTACCTATAG,24,3062803
rcsBp1,0.18181818181818182,11,10,GCCTCCCTGATTCGGCGGCG,1,3065321
rcsBp1,1.8181818181818181,29,10,GCCGTGTGTGGTTTAGGGGC,19,3028015
rcsBp1,2.090909090909091,32,10,GCCCCATAGAACCTGTTCAC,22,3027375
rcsBp1,3.1818181818181817,44,10,GCCATGTAGCCCCCTTTCAA,34,3028308
rcsBp1,3.272727272727273,45,10,GCCACCAATTCGGGTGTACG,35,3054465
rcsBp1,1.2727272727272727,23,10,GCACACTTCCTTCAGTCGTA,13,3065205
rcsBp1,4.636363636363637,60,10,GCAATTCAGTTCGTCCGTGA,50,3022223
rcsBp1,19.636363636363637,225,10,GATGGGGCTTCGGGATTTAT,215,3038090
rcsBp1,1.5454545454545454,26,10,GATGCGCATGCATCTCAGGC,16,3038363
rcsBp1,2.727272727272727,39,10,GATCGTCTATGAGGGTTAAC,29,3029999
rcsBp1,0.36363636363636365,13,10,GAGGTCAGGCATGCTAATGC,3,3062002
rcsBp1,1.0,20,10,GAGCAGGTCAGTGGGCGCAA,10,3057659
rcsBp1,2.272727272727273,34,10,GACGTTATCGCCACAGATTC,24,3069306
rcsBp1,2.4545454545454546,36,10,GACGGTCTAAACAGGGACCT,26,3050204
rcsBp1,9.272727272727273,111,10,GACGAATGCTACCTCCTGAC,101,3045183
rcsBp1,1.7272727272727273,28,10,GACCAAAGTGTAGTTACCGT,18,3057943
rcsBp1,0.18181818181818182,11,10,GAAGCTGTTACCTCAAGCGT,1,3065366
rcsBp1,0.2727272727272727,12,10,GAACTGAGGGCCAGTACAAC,2,3026473
rcsBp1,2.6363636363636362,38,10,CTTTACAGGTTCCATACTGG,28,3037797
rcsBp1,5.545454545454546,70,10,CTTGATATACTCTCAGAAAC,60,3055471
rcsBp1,2.5454545454545454,37,10,CTTCAGCGCATAGTATAGCA,27,3063224
rcsBp1,2.5454545454545454,37,10,CTTATGCTATAGTTCTCTAA,27,3064633
rcsBp1,1.9090909090909092,30,10,CTGTGGTACGTATTTTGTGC,20,3040558
rcsBp1,4.454545454545454,58,10,CTGTGCTTTTATCTCCTCAA,48,3054180
rcsBp1,1.5454545454545454,26,10,CTGTAATGCAAAGGCTACTA,16,3047374
rcsBp1,1.0909090909090908,21,10,CTGGATCCCGGGTCCAATGA,11,3037691
rcsBp1,1.8181818181818181,29,10,CTGGAGGATTAAGATACCGG,19,3042564
rcsBp1,1.4545454545454546,25,10,CTGGACCGCAGTGGGTGATG,15,3021975
rcsBp1,0.18181818181818182,11,10,CTGACTGTAGGGGGGCCTCA,1,3057490
rcsBp1,2.3636363636363638,35,10,CTGACCGAATAGGCTAATCG,25,3032786
rcsBp1,1.6363636363636365,27,10,CTGAAGGCCTTGCAGTCTCT,17,3036558
rcsBp1,2.0,31,10,CTCGTGGAACGAACCTGCAG,21,3027794
rcsBp1,8.090909090909092,98,10,CTCCCTACGGAGCGTTCAGC,88,3037523
rcsBp1,1.0,20,10,CTCCCGGCCCGCACCTGAGA,10,3024252
rcsBp1,2.4545454545454546,36,10,CTAGTAAACGGGTTTACTGA,26,3025080
rcsBp1,2.4545454545454546,36,10,CTACGGAACGTCTCCAAAAG,26,3049348
rcsBp1,0.8181818181818182,18,10,CTACATGGTCCGTCTCTGGG,8,3064808
rcsBp1,2.272727272727273,34,10,CTACATCTTAGAGCGCGTTC,24,3048159
rcsBp1,4.0,53,10,CTAATTGCCACAAATCCGCG,43,3052974
rcsBp1,0.18181818181818182,11,10,CTAACCTGTATTGTCTCAGT,1,3036051
rcsBp1,3.5454545454545454,48,10,CGTGGGAAAGCGTTACACCG,38,3029900
rcsBp1,3.4545454545454546,47,10,CGTCGTGGAGAATTGTGTTG,37,3060983
rcsBp1,3.8181818181818183,51,10,CGTATTCTGAGTGCCTCGGA,41,3057789
rcsBp1,2.090909090909091,32,10,CGTACGTTGCCCTTTGTTGC,22,3058495
rcsBp1,6.454545454545454,80,10,CGTACCGGTCCTCGGTCAAG,70,3034681
rcsBp1,29.181818181818183,330,10,CGGGCGTTGGCTCCAGGAGA,320,3042485
rcsBp1,2.0,31,10,CGGGCATGCCCTAAAGAGAT,21,3044627
rcsBp1,6.363636363636363,79,10,CGGAGACCAGCCGTGGCCAT,69,3050996
rcsBp1,4.545454545454546,59,10,CGCTAGGAAGGTGGTCATAG,49,3032402
rcsBp1,0.18181818181818182,11,10,CGCCACGGCTCCAGCAACAA,1,3064139
rcsBp1,1.3636363636363635,24,10,CGATTCCTCGGAGGCATTTT,14,3025894
rcsBp1,0.18181818181818182,11,10,CGATGGGAACGGACTATTGA,1,3025559
rcsBp1,4.363636363636363,57,10,CGAGTTGCACATCCATTTAA,47,3063119
rcsBp1,2.1818181818181817,33,10,CGACGTTGGACTTCGGGATC,23,3072463
rcsBp1,3.090909090909091,43,10,CCTGCGTCTATTTCAGGGGA,33,3065175
rcsBp1,0.2727272727272727,12,10,CCTCACCACGAATCTCCGCG,2,3026257
rcsBp1,2.8181818181818183,40,10,CCGTGTTGAGGTCACCGTTT,30,3057263
rcsBp1,2.727272727272727,39,10,CCGGGCTAGCATATGTCTCA,29,3034940
rcsBp1,2.1818181818181817,33,10,CCGAGCTGGTTGTTCCACAA,23,3028306
rcsBp1,2.3636363636363638,35,10,CCGAAAACCAACTCATTATA,25,3055935
rcsBp1,1.6363636363636365,27,10,CCCTCACCACGCATGTGACA,17,3067286
rcsBp1,0.18181818181818182,11,10,CCCAGCACTCACAGCAGTTC,1,3026716
rcsBp1,1.6363636363636365,27,10,CCCACACATGGCTAATCTAT,17,3042365
rcsBp1,2.727272727272727,39,10,CCAGGGAGTTCTTGGGGGGG,29,3039551
rcsBp1,3.727272727272727,50,10,CCAAAAATCACGCTACACGA,40,3050388
rcsBp1,4.181818181818182,55,10,CATTATCCCTTAGATGCATT,45,3065210
rcsBp1,2.3636363636363638,35,10,CATGAGCAGCGTATGTCTCC,25,3025266
rcsBp1,0.8181818181818182,18,10,CATATAGACGAACAGAGCCT,8,3029320
rcsBp1,5.454545454545454,69,10,CATAGTTAATAGTGTCGGTT,59,3068622
rcsBp1,2.090909090909091,32,10,CATACGTTGAGCTGCGCGAT,22,3068366
rcsBp1,0.18181818181818182,11,10,CATACGACAATGTGCACGGT,1,3046019
rcsBp1,2.1818181818181817,33,10,CATAACGGCCCGGGTGGATA,23,3040183
rcsBp1,2.909090909090909,41,10,CACGATTGGGACCCTTTTCG,31,3070406
rcsBp1,3.8181818181818183,51,10,CACACTCTTGAGCCCATGGT,41,3035100
rcsBp1,3.8181818181818183,51,10,CAATGCTTAACATGTGTAGT,41,3072001
rcsBp1,1.8181818181818181,29,10,CAAGGGGTGCAATTATGCAT,19,3042176
rcsBp1,5.7272727272727275,72,10,CAAGCGAGGCATATTTTGAA,62,3061953
rcsBp1,3.3636363636363638,46,10,CAACTCGAGCACCGCAGGAG,36,3039919
rcsBp1,4.454545454545454,58,10,CAACCGTTTTGAACCTTAGC,48,3043144
rcsBp1,1.7272727272727273,28,10,CAAAGCTGGGTTTCTGACGG,18,3047312
rcsBp1,1.6363636363636365,27,10,CAAACTCGCCTAATTCAGAC,17,3056820
rcsBp1,0.18181818181818182,11,10,ATTCCGTCGTCTCCATCTTC,1,3052462
rcsBp1,1.1818181818181819,22,10,ATTACTCCCCTAGACTTCGG,12,3023966
rcsBp1,16.454545454545453,190,10,ATTACACGAAGATCTATGTA,180,3064286
rcsBp1,0.18181818181818182,11,10,ATGGCCACTAGATAGGACCC,1,3045064
rcsBp1,1.0909090909090908,21,10,ATGCATGAACTGGAGTGCTG,11,3053729
rcsBp1,0.18181818181818182,11,10,ATGAGGAAACTTTATCGAGT,1,3065582
rcsBp1,0.18181818181818182,11,10,ATGAACCTTTTGAGATCAAA,1,3043143
rcsBp1,0.18181818181818182,11,10,ATGAACCTACGGGGCTATTG,1,3069222
rcsBp1,3.0,42,10,ATCTGACTCGGGACAGGAAT,32,3037468
rcsBp1,5.2727272727272725,67,10,ATCTCCAGCCCGCTTGGCAA,57,3029476
rcsBp1,9.363636363636363,112,10,ATCTAGAATCACGGACCATA,102,3068258
rcsBp1,1.0,20,10,ATCCTTGCGGCGGAGCCTTT,10,3054427
rcsBp1,8.0,97,10,ATCCAGACTATTAGAATTGT,87,3025432
rcsBp1,3.727272727272727,50,10,ATAGGAACATCTAGAGATGA,40,3026331
rcsBp1,0.9090909090909091,19,10,ATAGCCTGTTTCTTACATTA,9,3051979
rcsBp1,2.727272727272727,39,10,AGTTCATTTTCCATTTCTGT,29,3051652
rcsBp1,1.7272727272727273,28,10,AGTCTGCCCACAGTACGTAC,18,3061812
rcsBp1,0.2727272727272727,12,10,AGTCATAGGCCCGCGCCATT,2,3033371
rcsBp1,2.727272727272727,39,10,AGTACTATAGGATTCTTCCG,29,3022229
rcsBp1,5.454545454545454,69,10,AGGAGCGGTGGGAAAGTTAC,59,3061593
rcsBp1,4.181818181818182,55,10,AGCGCCGAAGCGGTGTGTCA,45,3071978
rcsBp1,6.181818181818182,77,10,AGCCTGTAAAATCCCCTGTT,67,3069156
rcsBp1,3.090909090909091,43,10,AGCCGAACCCAATCCGTGGG,33,3048896
rcsBp1,3.727272727272727,50,10,AGATTGGAGCATATAGTCCT,40,3043387
rcsBp1,3.3636363636363638,46,10,AGATGTTCCCGGCTAACTAA,36,3064028
rcsBp1,1.0909090909090908,21,10,AGATACAAGTCATAGGGACA,11,3044295
rcsBp1,0.18181818181818182,11,10,AGAGCGTTACGTGCCGGACG,1,3064443
rcsBp1,0.5454545454545454,15,10,ACTTAGGGTTATCATCCCCC,5,3043784
rcsBp1,0.18181818181818182,11,10,ACTGTTCCGTAGCAGTAATC,1,3038222
rcsBp1,2.1818181818181817,33,10,ACTGTACAGATTGTGAAATT,23,3053591
rcsBp1,0.9090909090909091,19,10,ACTGGGTTTGCGGAGTCAGA,9,3048890
rcsBp1,1.1818181818181819,22,10,ACTGAGAGTCTCGGAATTGT,12,3054587
rcsBp1,0.7272727272727273,17,10,ACTGACTATTCATTTTCATC,7,3048179
rcsBp1,3.3636363636363638,46,10,ACTCGACACTTACCCCTTGG,36,3036494
rcsBp1,3.1818181818181817,44,10,ACTCAGCTTGATCCGACAGG,34,3046241
rcsBp1,2.272727272727273,34,10,ACGGCGGACGTGAGAAGGAG,24,3021835
rcsBp1,0.18181818181818182,11,10,ACGGAGGGTCCTTGTTTTCC,1,3024418
rcsBp1,2.5454545454545454,37,10,ACGAGTTAAGAGCAGATTCT,27,3021970
rcsBp1,9.909090909090908,118,10,ACGAAAGTTTTGTAAAACGG,108,3060502
rcsBp1,1.8181818181818181,29,10,ACCCTGGCTTTGTGGCGGCT,19,3038212
rcsBp1,2.727272727272727,39,10,ACCCGTGCCTTCTGGTCAGA,29,3044274
rcsBp1,3.6363636363636362,49,10,ACCCGCTCGCGTTGCTCTGA,39,3033967
rcsBp1,1.7272727272727273,28,10,ACATCGTTGGGTTTTGAATA,18,3023479
rcsBp1,2.0,31,10,ACAGTGGTCCTCTGTGAGAT,21,3052422
rcsBp1,2.272727272727273,34,10,ACAAGCCATTGGCCCTCGGG,24,3022682
rcsBp1,20.09090909090909,230,10,ACAACGCATATTAATGGGCG,220,3034588
rcsBp1,0.2727272727272727,12,10,AATTGTTGTGTCCGGCTAAC,2,3058193
rcsBp1,1.3636363636363635,24,10,AATCAGTCACCGGCGGGCAT,14,3038542
rcsBp1,2.909090909090909,41,10,AATAATAGGGTAGGCTAGTG,31,3049843
rcsBp1,1.6363636363636365,27,10,AATAAACGATCGTTAGAATC,17,3048035
rcsBp1,2.4545454545454546,36,10,AAGTGGTCATAAAAAGGACG,26,3051592
rcsBp1,3.4545454545454546,47,10,AAGGGGTGACGTAAATATAA,37,3042144
rcsBp1,0.8181818181818182,18,10,AAGGCGGTTTAAGTATGGCT,8,3037479
rcsBp1,2.1818181818181817,33,10,AAGCGCTAATCTCGGAATCT,23,3038876
rcsBp1,3.1818181818181817,44,10,AAGAATTACACTATTAGTTG,34,3063007
rcsBp1,1.4545454545454546,25,10,AACAGCGGTGCCATTAAGGA,15,3064806
rcsBp1,1.9090909090909092,30,10,AAATGACTCATGTACTGTCT,20,3067428
rcsBp1,1.8181818181818181,29,10,AAATCTGTCTGTTAAGTAGT,19,3066254
rcsBp1,1.6363636363636365,27,10,AAAGCCCAGGAGTTAAGATA,17,3040520
rcsBp1,0.2727272727272727,12,10,AAAGCCAAGAGGGGTTACTA,2,3023028
rcsBp1,3.3636363636363638,46,10,AAACAGCACCGAAGACTCTA,36,3034310
rcsBp1,2.0,28,9,TTTTACCTTTCCTTAAAGAC,19,3046396
rcsBp1,4.2,50,9,TTTGTACTAATCCCTTGAGA,41,3033752
rcsBp1,3.7,45,9,TTTCTACAGGCGGGGAATGA,36,3072997
rcsBp1,2.0,28,9,TTGGTCGATCGCCCTATCAA,19,3055742
rcsBp1,2.1,29,9,TTGCCGCGGACCAAAAAAAT,20,3067666
rcsBp1,2.9,37,9,TTGCCGAGCGCGCCCCGCCT,28,3060519
rcsBp1,3.0,38,9,TTCTGTCTGATCCGGGTGAG,29,3045432
rcsBp1,7.1,79,9,TTCCTTCTCTGTTGGACACG,70,3045155
rcsBp1,2.9,37,9,TTATATTTGGAGAGCCAGGG,28,3057130
rcsBp1,2.2,30,9,TTACCTGTGTCTTCCCGCAG,21,3021799
rcsBp1,2.2,30,9,TGTATAATGCCGGACTAGGT,21,3051198
rcsBp1,3.1,39,9,TGTAATATTGCTAGGCCGCT,30,3063319
rcsBp1,0.5,13,9,TGGGCTTAAGGGAGGAAACA,4,3055835
rcsBp1,2.3,31,9,TGGGAACGGTTGATTGTCCT,22,3043852
rcsBp1,9.4,102,9,TGGCTATGCCTGATAGTCAA,93,3060521
rcsBp1,2.1,29,9,TGGCGTCCTACGTTAGGTTA,20,3022652
rcsBp1,0.2,10,9,TGGCATAAGACATCCGCTAA,1,3047007
rcsBp1,0.2,10,9,TGGACCGTATGGGTAGGTAA,1,3034763
rcsBp1,4.8,56,9,TGGACCGCGTGCTCATATGC,47,3034133
rcsBp1,2.4,32,9,TGCTGTCGCCTCACCACTTG,23,3058962
rcsBp1,3.3,41,9,TGCTCTCTGCCACCAACACA,32,3025029
rcsBp1,3.3,41,9,TGCTAATTTAGCGCGTTGCT,32,3025028
rcsBp1,1.8,26,9,TGCCCGTGCAAACTGCTTAG,17,3041319
rcsBp1,3.4,42,9,TGACTGGTGACCCCCAAGGT,33,3054272
rcsBp1,0.2,10,9,TGAAATGTGTGACGTGGCTA,1,3028871
rcsBp1,2.4,32,9,TCTAGGATGATGGAGACTCT,23,3055040
rcsBp1,1.8,26,9,TCGTGTTGTCGTCCTTCATG,17,3032795
rcsBp1,0.2,10,9,TCGGCAGCTCGTAGTGCTCC,1,3064123
rcsBp1,5.1,59,9,TCGCAGCTCCCCATCCACCC,50,3026220
rcsBp1,2.1,29,9,TCGAAGAAAAATCGGAACTT,20,3025063
rcsBp1,1.1,19,9,TCCTCTATATAGGTCGTTGA,10,3059216
rcsBp1,3.1,39,9,TCCTCCGGAAGGCACAAGGA,30,3060616
rcsBp1,5.5,63,9,TCCGTGTCTCTCACTGGCAG,54,3061214
rcsBp1,0.2,10,9,TCCGTCTGAAAGTACCAACA,1,3043998
rcsBp1,0.2,10,9,TCCGAAATATTGCAAACTCT,1,3023129
rcsBp1,3.4,42,9,TCATGGCATGCAGGTCACAT,33,3043263
rcsBp1,4.9,57,9,TATTTCACTTTGAACTAAAT,48,3023956
rcsBp1,3.1,39,9,TATTCTAAGAGAGGACTGTC,30,3038696
rcsBp1,0.2,10,9,TATTACTCCAGTGTCTACGT,1,3029692
rcsBp1,2.5,33,9,TATGGTTGGTACCGCAAGGT,24,3033766
rcsBp1,4.3,51,9,TATGGTACGCATATATATGT,42,3046915
rcsBp1,4.9,57,9,TATGCTGCGGAGCCATTCCT,48,3038354
rcsBp1,3.9,47,9,TATGAGCCGTTGGACGCTAG,38,3051880
rcsBp1,27.9,287,9,TATCCAGCACGTGCACCAAA,278,3073453
rcsBp1,4.1,49,9,TACTTTGCGTCACCCCGGTA,40,3030857
rcsBp1,4.9,57,9,TACAGGTTTATTACCCACGC,48,3027693
rcsBp1,2.3,31,9,TACACTAACCCTCAACATCG,22,3030310
rcsBp1,2.8,36,9,TACAACGTTAAATGTCGCGA,27,3036651
rcsBp1,0.5,13,9,TAATTAGTGATCTATGAATG,4,3068027
rcsBp1,2.7,35,9,TAAGGTTGCGTTATGTGTAC,26,3071157
rcsBp1,2.2,30,9,TAAGGGCGGTTTCTATTATA,21,3029803
rcsBp1,1.2,20,9,TAACGCTAGGTCAAGTCGCT,11,3041426
rcsBp1,4.8,56,9,TAAAGCAAAGAGCGAGCCCT,47,3055490
rcsBp1,0.2,10,9,TAAAATTTTGAACTCACTCA,1,3041431
rcsBp1,4.1,49,9,GTTTTAACTAGCTTTAGGTC,40,3045124
rcsBp1,1.6,24,9,GTTCGGGTTAACAAACTTAA,15,3025048
rcsBp1,3.0,38,9,GTTCGGGCGGGACCCTTCCA,29,3027009
rcsBp1,4.0,48,9,GTGCGCACAGTCATCGGTAC,39,3058526
rcsBp1,4.8,56,9,GTGCGAGGTGTTACCCATCG,47,3061452
rcsBp1,3.9,47,9,GTCGTGTAATCAACGTGCAA,38,3032179
rcsBp1,2.0,28,9,GTAGTTGCGAGCTTTGTGTG,19,3031798
rcsBp1,0.2,10,9,GTACAACGGCGAGTAGCAGC,1,3044800
rcsBp1,3.2,40,9,GGTTGGTTATATCAGTCATT,31,3029894
rcsBp1,1.5,23,9,GGTTGACGAGTTTTCGATTT,14,3030498
rcsBp1,1.9,27,9,GGTTAGAAGTCTAGGACAAG,18,3064448
rcsBp1,6.2,70,9,GGTGTCTGGCGCAGCGTACA,61,3023947
rcsBp1,3.2,40,9,GGTGGTAATGACCGAGACCT,31,3060788
rcsBp1,3.3,41,9,GGTGAGGATACTTGGAGATG,32,3067280
rcsBp1,0.8,16,9,GGTATGATCAAGCTCCTTAT,7,3059087
rcsBp1,2.6,34,9,GGTATATTCCTAGTGAAGTT,25,3058690
rcsBp1,0.4,12,9,GGTACCCCAATGCGAAGGCA,3,3051579
rcsBp1,2.1,29,9,GGTACAAAATTGTCAAAGAG,20,3044101
rcsBp1,2.2,30,9,GGGGACAAATGTACCTCGAT,21,3035167
rcsBp1,2.8,36,9,GGGCGAAATATGTTTCATTG,27,3050770
rcsBp1,10.8,116,9,GGGAGTCCGGAAACTTGATG,107,3059036
rcsBp1,0.2,10,9,GGGAGGGTATCAGAGCTTCA,1,3049231
rcsBp1,0.5,13,9,GGCTCATAAGATGTGGGCGG,4,3045354
rcsBp1,1.9,27,9,GGCAGTCTTCTCGGGTATTT,18,3035233
rcsBp1,0.2,10,9,GGCACATGACCCCACCGGTT,1,3030296
rcsBp1,2.3,31,9,GGCAAGACAGGCGGTTGGAT,22,3070979
rcsBp1,0.2,10,9,GGAGGATCAACATCAAAAAT,1,3067789
rcsBp1,2.4,32,9,GCTATGCTTAATGTGTGTCC,23,3042200
rcsBp1,2.2,30,9,GCGTTGGTGACGGTGCCAGG,21,3028144
rcsBp1,3.2,40,9,GCGTGTGAGGTGTAGAGGCA,31,3025487
rcsBp1,7.7,85,9,GCGTGGATCCCTCGTCCGTT,76,3033843
rcsBp1,1.5,23,9,GCGTCTACCTCTTGCGGCAA,14,3069226
rcsBp1,2.4,32,9,GCGCGTGCTCCTACTGGCTT,23,3045549
rcsBp1,3.7,45,9,GCGAGGATCGCCCCACTGTT,36,3066410
rcsBp1,2.0,28,9,GCCGAGAGCAAGACCCACAT,19,3057100
rcsBp1,2.3,31,9,GCCCAATTTATCGCATACAA,22,3067605
rcsBp1,2.8,36,9,GCCAGTGTGAACATACCTTA,27,3037897
rcsBp1,0.7,15,9,GCCACGATGGCCACAGCAAC,6,3045344
rcsBp1,0.9,17,9,GCAGCGGCAGCCTGTACGCC,8,3058047
rcsBp1,5.4,62,9,GATAGGGCCTAGGTGAATAA,53,3029834
rcsBp1,0.2,10,9,GAGGGCCTGTCGTTCTCAGA,1,3067843
rcsBp1,0.8,16,9,GACTCCCCTGAGGCCTACGT,7,3071773
rcsBp1,6.7,75,9,GACATCGGCAACTTGATTGG,66,3063250
rcsBp1,6.9,77,9,GACAGGGCATTCGGAGGTCC,68,3060444
rcsBp1,1.6,24,9,GAATCACCACCGCGCATTCG,15,3027146
rcsBp1,2.0,28,9,GAAGCGGCAGGGGTTAATTG,19,3050304
rcsBp1,5.2,60,9,CTTAGCTGTGACCCCGCGGT,51,3043476
rcsBp1,3.1,39,9,CTTAGACTCAGCGTAAACAT,30,3051244
rcsBp1,5.4,62,9,CTGTGCACCAATAGCTATAA,53,3059539
rcsBp1,1.9,27,9,CTGCAACGAGCGGAAACGCT,18,3048493
rcsBp1,1.1,19,9,CTCTATTCCCACTCACTCCT,10,3029062
rcsBp1,4.5,53,9,CTCTACCGTATTCTTACGCG,44,3025309
rcsBp1,1.2,20,9,CTCGATGTTTACTAACGCAT,11,3034219
rcsBp1,4.1,49,9,CTCAACGTGAATTCAGGATA,40,3058367
rcsBp1,1.8,26,9,CTAGGAGTCCAGCAAGGGGC,17,3034622
rcsBp1,3.7,45,9,CTAGCTAATGTCGCGCCAGA,36,3037627
rcsBp1,3.0,38,9,CTAAGATTATACTGACCACT,29,3023809
rcsBp1,2.6,34,9,CTAAAGAAGTCCTCTGACGG,25,3043148
rcsBp1,0.2,10,9,CGTTAAAGGTGGCATGCGAC,1,3063792
rcsBp1,2.6,34,9,CGTCCTCTATGCAGCGGGTA,25,3029380
rcsBp1,13.8,146,9,CGTCCGCATAGTCGCTCACA,137,3064277
rcsBp1,0.2,10,9,CGGTTTACAGCTGGTGGTAG,1,3029026
rcsBp1,3.7,45,9,CGGGGTGATGTATTTAGTAT,36,3062573
rcsBp1,0.2,10,9,CGGCTGCACGCCCATCCGCG,1,3037219
rcsBp1,2.1,29,9,CGGCGACCCCCAGCTCGTAT,20,3032990
rcsBp1,4.4,52,9,CGGCAAGCGGAGAAGATAAA,43,3039883
rcsBp1,1.8,26,9,CGGATAAATACATCAGGATG,17,3041934
rcsBp1,4.7,55,9,CGCTGGAAGCCCATGAAAAA,46,3032992
rcsBp1,7.9,87,9,CGCTCGGCATTCGAGACCGA,78,3066673
rcsBp1,4.8,56,9,CGCGACACAAAGTAGAAATA,47,3037625
rcsBp1,2.5,33,9,CGCCCTGGCTCACTCTCGGC,24,3054812
rcsBp1,1.9,27,9,CGATTTGGCCAAAAGCATCC,18,3050310
rcsBp1,30.2,310,9,CGAGGCGGACCCGTAGCGCC,301,3063391
rcsBp1,0.2,10,9,CGACCCTACGTTACACTTCG,1,3070383
rcsBp1,6.5,73,9,CGACATTGGGACAGAAGGAA,64,3069111
rcsBp1,0.2,10,9,CGAAATAAGCATAGGGCAAT,1,3059370
rcsBp1,5.1,59,9,CCTCCCGCGGCCCGGTGCAA,50,3025481
rcsBp1,2.9,37,9,CCTCAATATATGAAGACAAA,28,3029741
rcsBp1,3.0,38,9,CCGTAGTAATGCAGACATCT,29,3054110
rcsBp1,6.0,68,9,CCGGAGGTAGTGAGACTACA,59,3056103
rcsBp1,2.0,28,9,CCGCTGGGCACATGCTGTGA,19,3024827
rcsBp1,1.8,26,9,CCGAACGCCTAAGTTATAAC,17,3067166
rcsBp1,1.4,22,9,CCCTAAGTTTCTTCCTAAAT,13,3071630
rcsBp1,2.0,28,9,CCCGTTGGTCGGTGTCAATA,19,3059789
rcsBp1,3.0,38,9,CCAGTGACTGACAACCATCC,29,3052016
rcsBp1,3.6,44,9,CCAGATTTGCCAATTGTACC,35,3033969
rcsBp1,2.1,29,9,CATTCAAATATCGAAGATAA,20,3048429
rcsBp1,2.6,34,9,CATGGTAGACGTGTTTACAC,25,3038994
rcsBp1,3.5,43,9,CATATGAACTGGTGCAATAG,34,3070641
rcsBp1,1.8,26,9,CAGGGACTGCTCTCCTACTA,17,3057944
rcsBp1,1.9,27,9,CAGGCCTGCAGTGGTTCCCT,18,3038972
rcsBp1,2.6,34,9,CAGCCAGGTTTGGAGAGAAT,25,3066017
rcsBp1,4.1,49,9,CAGATCCGTCATACCGACAA,40,3024284
rcsBp1,3.9,47,9,CACCCCAGGAAACTGGGTGC,38,3053809
rcsBp1,0.6,14,9,CACCATGCGTCAGGAACCCT,5,3027332
rcsBp1,2.7,35,9,CAATTTTGGCCCCTCAGATT,26,3061672
rcsBp1,0.2,10,9,CAAGTCTAGGCCGACTCAGG,1,3043285
rcsBp1,30.2,310,9,CAACACACGGATGCAACATT,301,3022758
rcsBp1,4.0,48,9,ATTTGATCGATGCTGCATGA,39,3045257
rcsBp1,1.6,24,9,ATTTCTGAATGGCGGATCGC,15,3029290
rcsBp1,1.4,22,9,ATTATCGCTGCTTATTTTCG,13,3063305
rcsBp1,2.1,29,9,ATTATCACGTACGGATCAGG,20,3060451
rcsBp1,1.7,25,9,ATTAGATTGCTGTGTGGCGC,16,3037069
rcsBp1,2.6,34,9,ATGTGTCACCTTCGTGCAGA,25,3032367
rcsBp1,4.6,54,9,ATGGTTCGCGATAAAGATAC,45,3041933
rcsBp1,2.7,35,9,ATGGGCTAAGGACTAAAGCT,26,3051469
rcsBp1,1.1,19,9,ATGCATATGATCCCACTCAT,10,3045939
rcsBp1,2.1,29,9,ATGACGGGTTCGGACGTGAT,20,3048625
rcsBp1,2.8,36,9,ATGAATTAGTCGAATTGCAG,27,3067648
rcsBp1,4.4,52,9,ATGAAAGACAAATCGCAGGC,43,3064736
rcsBp1,2.7,35,9,ATCACGGACACTGTGGGTAA,26,3045441
rcsBp1,7.2,80,9,ATATGTTTATCGGTACACCA,71,3053412
rcsBp1,6.0,68,9,ATAGCTGAAGCGAAGTCCCT,59,3047180
rcsBp1,2.0,28,9,ATAACGCTGACTCCGAATCA,19,3030581
rcsBp1,1.1,19,9,AGGAGGCAACGCGCCACGTG,10,3046541
rcsBp1,1.8,26,9,AGCTTATCAATGGGGAACGG,17,3034488
rcsBp1,4.0,48,9,AGCTGTTACTTAAAGTTATG,39,3067817
rcsBp1,8.2,90,9,AGCGGATTGGATGTACCCCA,81,3058179
rcsBp1,3.4,42,9,AGATGGGAAACGACGAGAAG,33,3038498
rcsBp1,3.1,39,9,AGATGATCTAAAGCGTGTGT,30,3028187
rcsBp1,3.0,38,9,AGAGTCGTGCTGCCATGCTC,29,3052738
rcsBp1,3.7,45,9,AGAGGATGATACGTAGGACA,36,3052502
rcsBp1,2.8,36,9,AGAGCTTAGGGTGTACGCTT,27,3071194
rcsBp1,1.9,27,9,AGACAGGCACGCAATCCCAC,18,3024953
rcsBp1,0.2,10,9,ACTTATTATCTAGTCAATAC,1,3022331
rcsBp1,0.2,10,9,ACTGTTATGCAAAACGACCA,1,3070851
rcsBp1,3.9,47,9,ACTGTACGAGGCGGTCGATC,38,3053623
rcsBp1,3.9,47,9,ACTCGTCGTACCGGATGGGG,38,3039860
rcsBp1,5.1,59,9,ACTCAATCTAGAGTTCGAAT,50,3065320
rcsBp1,4.0,48,9,ACTAAGCAAAGTATTTAGAT,39,3062049
rcsBp1,7.1,79,9,ACGCGAGCCCTAACACGGGT,70,3031987
rcsBp1,0.2,10,9,ACGCAGTGGTTCCAAGAGGG,1,3067458
rcsBp1,3.9,47,9,ACCTCGGCAAACGCTATTAT,38,3035582
rcsBp1,2.5,33,9,ACCTCAATTCCAACGGGCTC,24,3052224
rcsBp1,0.2,10,9,ACCCGGTACGCCACACTCTC,1,3050762
rcsBp1,2.3,31,9,ACCCAAAATGTATTATTTGG,22,3055816
rcsBp1,7.0,78,9,ACATGGAGAAAGTCGCCCTT,69,3047323
rcsBp1,3.8,46,9,ACAGATACGGGGGATAATTT,37,3035786
rcsBp1,19.9,207,9,ACACAAAAAACCGGCACACA,198,3070167
rcsBp1,0.2,10,9,AATTTCGAATTAGAAGATTC,1,3056755
rcsBp1,1.5,23,9,AATGTGTGGTGAGAAACCTT,14,3043936
rcsBp1,2.5,33,9,AATCGCAACCGTTGTGCACG,24,3028596
rcsBp1,1.3,21,9,AATAATAAACTGTTTGGAGC,12,3027071
rcsBp1,0.2,10,9,AAGAGCTCTATGATTCGAAG,1,3057594
rcsBp1,0.2,10,9,AACCCGAGCGGGTATAGTAC,1,3045167
rcsBp1,2.8,36,9,AAATGATGGCTTATCAGTAC,27,3073347
rcsBp1,3.2,40,9,AAAGTTGCCTGGCGTTACTC,31,3049662
rcsBp1,19.555555555555557,183,8,TTTTCGTAATGTGACACAAC,175,3052830
rcsBp1,2.6666666666666665,31,8,TTTTCCATGGTCGGGGGGTC,23,3021842
rcsBp1,1.3333333333333333,19,8,TTTCTGAACCTAACTTAACG,11,3026467
rcsBp1,3.111111111111111,35,8,TTGTTCATAGTGAGGGAGCT,27,3068288
rcsBp1,0.3333333333333333,10,8,TTGTCACAATGCTGATTCTA,2,3040322
rcsBp1,3.3333333333333335,37,8,TTGAATTACGGCCCGCCACT,29,3036275
rcsBp1,2.888888888888889,33,8,TTCTTCTCGGGGCCACTACC,25,3069630
rcsBp1,3.4444444444444446,38,8,TTCTGCCATCCCTCAGTGCG,30,3062923
rcsBp1,4.666666666666667,49,8,TTCTCTCTGGTGATTAAGTT,41,3060614
rcsBp1,2.2222222222222223,27,8,TTCTATTCGCTTCTAATTAG,19,3061741
rcsBp1,2.7777777777777777,32,8,TTCGCCAAAACATACGGATG,24,3069117
rcsBp1,1.8888888888888888,24,8,TTCGAGTCCGATGTTTGGAA,16,3043369
rcsBp1,0.2222222222222222,9,8,TTCAAATGACTGTTCAAAGT,1,3056287
rcsBp1,3.3333333333333335,37,8,TTCAAAAATGACAATCGTCC,29,3061555
rcsBp1,5.444444444444445,56,8,TTAGAATCTCTATCGCTCAC,48,3055063
rcsBp1,1.7777777777777777,23,8,TTACTTGCGGTTACTAACTC,15,3027389
rcsBp1,2.6666666666666665,31,8,TTACTCCGAAAACTACTACG,23,3043273
rcsBp1,2.888888888888889,33,8,TTACGTAAAAGCGCGAAGCA,25,3050444
rcsBp1,4.888888888888889,51,8,TGTTTGGCCTTGTGGATAGA,43,3039117
rcsBp1,97.88888888888889,888,8,TGTTGAGAACTCGAGCATTA,880,3062243
rcsBp1,2.7777777777777777,32,8,TGTACAATCCCAGACCACGG,24,3052810
rcsBp1,1.4444444444444444,20,8,TGGTTGGTCTGCATGATGGT,12,3039394
rcsBp1,1.4444444444444444,20,8,TGGTAATCTGATAGTCCGAT,12,3022796
rcsBp1,0.7777777777777778,14,8,TGCCATTCGTTCGGCCCAGA,6,3051160
rcsBp1,0.3333333333333333,10,8,TGCCAAGTTCATTCGGGGGT,2,3046969
rcsBp1,3.3333333333333335,37,8,TGCACGTACTAATAATCATT,29,3034633
rcsBp1,5.666666666666667,58,8,TGATCGTGCGATGGAGGTGA,50,3039661
rcsBp1,0.2222222222222222,9,8,TGATAACTCTCAGCCCCGCC,1,3034176
rcsBp1,3.7777777777777777,41,8,TGAGGGATTCAGTGTCACTG,33,3049233
rcsBp1,1.6666666666666667,22,8,TGACGCTCGAAACCAACTGA,14,3023418
rcsBp1,2.3333333333333335,28,8,TCTTTGCACAGCGGACCAGG,20,3022865
rcsBp1,4.222222222222222,45,8,TCTGCGCGACCCGCCATCAA,37,3052133
rcsBp1,0.2222222222222222,9,8,TCGCTACTAACTATTGGTTC,1,3033714
rcsBp1,0.2222222222222222,9,8,TCGAACCATAGTTGTACAGT,1,3047318
rcsBp1,1.2222222222222223,18,8,TCCCTAAAAGTTCATAATGG,10,3030251
rcsBp1,5.555555555555555,57,8,TCCATTCCGTTCCAACATTA,49,3034019
rcsBp1,1.6666666666666667,22,8,TCAGCCTTACAAAATCGTCC,14,3024397
rcsBp1,0.5555555555555556,12,8,TCACTGTGCGGCCGATAAAT,4,3048624
rcsBp1,4.777777777777778,50,8,TCAACTGTTCAGCACCCGCT,42,3048376
rcsBp1,2.6666666666666665,31,8,TATCGTCTCCAAAAGAACTA,23,3051804
rcsBp1,2.6666666666666665,31,8,TAGCGCGAGTCTCTAGAAAT,23,3070793
rcsBp1,1.3333333333333333,19,8,TAGCCGGGGTTTTTAGGTTG,11,3027369
rcsBp1,3.4444444444444446,38,8,TAGCACCGCGCAACCCACGT,30,3067216
rcsBp1,1.0,16,8,TAGCAAATGCGCTGAGCATC,8,3046501
rcsBp1,1.7777777777777777,23,8,TAGAGAATCTGCACTGACAC,15,3025170
rcsBp1,0.2222222222222222,9,8,TACAGATAATATAAAAATCG,1,3026003
rcsBp1,3.888888888888889,42,8,TAAAGTACTTTGGCATTTTA,34,3028394
rcsBp1,0.2222222222222222,9,8,TAAAATGGATGGTTAACAAT,1,3038807
rcsBp1,0.2222222222222222,9,8,GTTTGTATGTTGGCATAAGG,1,3030905
rcsBp1,4.111111111111111,44,8,GTGTTCGATCACTCTCCGAG,36,3067556
rcsBp1,1.6666666666666667,22,8,GTGGTTTACCTACGTAGCAA,14,3054724
rcsBp1,1.2222222222222223,18,8,GTCTCTTCCTGCACACAGAA,10,3037749
rcsBp1,3.7777777777777777,41,8,GTCCTTGGAAAGTTAACTAA,33,3055610
rcsBp1,2.7777777777777777,32,8,GTCCTAGTAGGTCCGTCTTG,24,3036677
rcsBp1,3.3333333333333335,37,8,GTATTTGTACTTATCTCTGG,29,3027154
rcsBp1,2.6666666666666665,31,8,GTATGACGAAGGATTTTGAC,23,3022165
rcsBp1,1.8888888888888888,24,8,GTATATATATGAATTGGACG,16,3030983
rcsBp1,0.8888888888888888,15,8,GTAGGGACTGGGGCACGCTA,7,3050681
rcsBp1,4.555555555555555,48,8,GTACTCAATAGCAATAATTT,40,3026639
rcsBp1,2.111111111111111,26,8,GGGGACAACCCTTTCGTAAT,18,3056361
rcsBp1,0.2222222222222222,9,8,GGGCGGTTCACTACTAATAC,1,3038276
rcsBp1,2.4444444444444446,29,8,GGGCGCTTAAGAGGCTGGCT,21,3044551
rcsBp1,1.8888888888888888,24,8,GGGAGTTTACAAATTACCGT,16,3062579
rcsBp1,3.0,34,8,GGGAGAATCCGATTGGTGTT,26,3037727
rcsBp1,3.7777777777777777,41,8,GGGACCTCAGTTTAGGATTA,33,3025811
rcsBp1,3.4444444444444446,38,8,GGACGGACCGAGAGTGGCTG,30,3028513
rcsBp1,0.2222222222222222,9,8,GGAAAGAGTCAAGCCGGTTC,1,3043634
rcsBp1,2.2222222222222223,27,8,GCTGAACGGTAAACTGCTCC,19,3053194
rcsBp1,2.3333333333333335,28,8,GCTCAGTTTCCAACGTTAAG,20,3049505
rcsBp1,2.7777777777777777,32,8,GCTCACAACGGAGAGACTGG,24,3042317
rcsBp1,3.4444444444444446,38,8,GCTACGCGCTCGCTCGCCCT,30,3030704
rcsBp1,6.555555555555555,66,8,GCGTGCTTGAGAATATAGAG,58,3032534
rcsBp1,5.888888888888889,60,8,GCGTACGCCCGCAATGGTAA,52,3043790
rcsBp1,1.6666666666666667,22,8,GCGCATACACCGGATCCCCC,14,3060687
rcsBp1,4.333333333333333,46,8,GCGATGTCCCCATACTTCTT,38,3051581
rcsBp1,2.5555555555555554,30,8,GCGAGACATAGTGCTTCGGC,22,3025580
rcsBp1,5.0,52,8,GCCGGATATTGGTTTTTGAA,44,3070820
rcsBp1,4.444444444444445,47,8,GCCACGCCGGCCAAGCACAA,39,3054990
rcsBp1,0.2222222222222222,9,8,GCCACCATTAGTCATGTTTG,1,3048711
rcsBp1,2.6666666666666665,31,8,GCCAAGACGCGCTAGCGGTT,23,3064015
rcsBp1,2.2222222222222223,27,8,GCATCTGTTCCCGTCTGCCA,19,3071351
rcsBp1,1.6666666666666667,22,8,GCATCATTCCCCAGGACGGG,14,3035237
rcsBp1,1.1111111111111112,17,8,GCACCGTTAAACGATCTACA,9,3028685
rcsBp1,3.111111111111111,35,8,GATTGCTGTCCACGTTGAAT,27,3047973
rcsBp1,1.5555555555555556,21,8,GATCAAAATCAACTGCTTAA,13,3045739
rcsBp1,11.222222222222221,108,8,GATAAAATATGGTTATCAGC,100,3061671
rcsBp1,3.888888888888889,42,8,GAGTTTTATTTTCATCATTC,34,3064953
rcsBp1,0.7777777777777778,14,8,GAGCGCCCACGTTAGTGGTC,6,3035335
rcsBp1,2.111111111111111,26,8,GAGCATGAGGACTCAGCAAT,18,3054116
rcsBp1,1.8888888888888888,24,8,GAGAGGGCGCCTCCGTTATA,16,3066090
rcsBp1,1.5555555555555556,21,8,GAGACCGGGCAAAGATGTAT,13,3048593
rcsBp1,2.2222222222222223,27,8,GAGACAACGACATTCCATTG,19,3065080
rcsBp1,2.4444444444444446,29,8,GACGAAGGCTCCCGCGTATT,21,3068428
rcsBp1,3.3333333333333335,37,8,GACCTATCTTCAAGCGGCGT,29,3067962
rcsBp1,0.5555555555555556,12,8,GACCGCAATGAGATTGTTCG,4,3027144
rcsBp1,1.1111111111111112,17,8,GACATTTTTATTCAGCTCCT,9,3026874
rcsBp1,2.3333333333333335,28,8,GACATGAAAGATGATCAGGT,20,3023506
rcsBp1,2.5555555555555554,30,8,GAATTATAAGAGCAACGCGT,22,3026359
rcsBp1,3.0,34,8,GAATGCTGGAGCCTCTCAGG,26,3024125
rcsBp1,8.88888888888889,87,8,GAACGGGGGCTGCTAACGTA,79,3072309
rcsBp1,5.333333333333333,55,8,CTTTTCATCTACGAGACTAG,47,3062425
rcsBp1,4.777777777777778,50,8,CTTTGATATATACCGGTAGC,42,3028133
rcsBp1,2.7777777777777777,32,8,CTTTATCGTATCTGTGTCTT,24,3072235
rcsBp1,1.7777777777777777,23,8,CTTGGCTTACACTTTCAGGG,15,3056847
rcsBp1,7.666666666666667,76,8,CTTCTTCTATCGTGGCGACC,68,3072961
rcsBp1,2.4444444444444446,29,8,CTTCCTAATAAAATGCAAGA,21,3069465
rcsBp1,2.888888888888889,33,8,CTGTATAGGTAGATCAATGA,25,3041104
rcsBp1,5.333333333333333,55,8,CTGGCGCTGTGCTACGACAT,47,3029251
rcsBp1,2.3333333333333335,28,8,CTCTTTGTGAGGCCACAGGT,20,3034177
rcsBp1,3.6666666666666665,40,8,CTCGTCCCCTACCAAACAAT,32,3059536
rcsBp1,2.888888888888889,33,8,CTCATTCTTAACCGTCGGCC,25,3045484
rcsBp1,2.2222222222222223,27,8,CTCACATCGTACGAAGCTTA,19,3032202
rcsBp1,2.888888888888889,33,8,CTATTCGGCGTAATGCTTAA,25,3040800
rcsBp1,8.222222222222221,81,8,CTATTCGGATATGCGTCTGG,73,3033847
rcsBp1,5.666666666666667,58,8,CTACCCTCCTCAGAAGATTT,50,3048851
rcsBp1,5.333333333333333,55,8,CTACCCGGAGTCGCGAATCG,47,3054635
rcsBp1,3.5555555555555554,39,8,CTAATGGTTGCGCAACATGG,31,3060528
rcsBp1,23.88888888888889,222,8,CTAATGAATTCCCTCCGCGC,214,3031127
rcsBp1,5.333333333333333,55,8,CGTGGAATCGCGGCTTCTAA,47,3061604
rcsBp1,1.8888888888888888,24,8,CGTGATGAGACAGATGACGT,16,3056072
rcsBp1,4.444444444444445,47,8,CGTCGGCTCATGCCCCGATT,39,3067161
rcsBp1,3.7777777777777777,41,8,CGTACAACTCCGTCCGGTGA,33,3029119
rcsBp1,0.2222222222222222,9,8,CGGTGGTTGACATTAATGTC,1,3062100
rcsBp1,3.3333333333333335,37,8,CGGTGCCATGCACATAACAA,29,3037948
rcsBp1,0.4444444444444444,11,8,CGGGCGCGGCGGTCCGATTT,3,3022134
rcsBp1,0.2222222222222222,9,8,CGGAGGCCTATATGATCTGA,1,3056501
rcsBp1,1.5555555555555556,21,8,CGGAGCGGTATGCCCTTCGA,13,3065539
rcsBp1,1.4444444444444444,20,8,CGGAGACCATGATCAGTCCT,12,3067318
rcsBp1,1.8888888888888888,24,8,CGCGTGCAACAGCTCGGCGT,16,3042690
rcsBp1,10.333333333333334,100,8,CGCGTGAATCCTATTACGAG,92,3029830
rcsBp1,3.111111111111111,35,8,CGCCTCTATGAGCAGGACTC,27,3059164
rcsBp1,2.111111111111111,26,8,CGCCTAAATTTGATGTTTTA,18,3069528
rcsBp1,3.0,34,8,CGCATTACCAATTTACTCCA,26,3066583
rcsBp1,3.3333333333333335,37,8,CGCATCATTCACAATCGGTA,29,3071694
rcsBp1,2.0,25,8,CGATCCTCTGCTAATCCTAG,17,3061823
rcsBp1,5.0,52,8,CGAGTGGTCCATCTTTGCAA,44,3057497
rcsBp1,2.3333333333333335,28,8,CGAGTAAGCGTTGTAATTAC,20,3068419
rcsBp1,2.2222222222222223,27,8,CGAGGACTAGGCGGGTGAAG,19,3032847
rcsBp1,0.8888888888888888,15,8,CGAGACAGGACGGGTTTAAT,7,3035894
rcsBp1,2.888888888888889,33,8,CGAATTGGCGACCTATGTGC,25,3026360
rcsBp1,3.111111111111111,35,8,CCTTAAACGGTACAGGATTT,27,3049624
rcsBp1,2.7777777777777777,32,8,CCTGCCTCCCCTATGACATG,24,3058901
rcsBp1,4.555555555555555,48,8,CCTGATAGACTGACTGTAAT,40,3036027
rcsBp1,2.111111111111111,26,8,CCTGAGGTAGGTTTGGCATT,18,3032103
rcsBp1,1.2222222222222223,18,8,CCTCTATTCAGTCCATCAAG,10,3059041
rcsBp1,0.7777777777777778,14,8,CCGGATGGTTATGCTAAGCC,6,3033382
rcsBp1,2.7777777777777777,32,8,CCGAGATTATGTCACGGCTC,24,3042540
rcsBp1,2.5555555555555554,30,8,CCCTAATGTACGAGGGAAAA,22,3039786
rcsBp1,2.4444444444444446,29,8,CCCGTCCCATCTAGCGACCT,21,3050703
rcsBp1,2.888888888888889,33,8,CCCGTCAATAATGGATGTTG,25,3044995
rcsBp1,2.888888888888889,33,8,CCCGGTCGATTGCGCGGACT,25,3050666
rcsBp1,3.4444444444444446,38,8,CCCGCGGCGTCTTATGGCTT,30,3029353
rcsBp1,1.6666666666666667,22,8,CCCGCCAGTCCGACCAGCTT,14,3022061
rcsBp1,0.2222222222222222,9,8,CCCACTGCGATCTTCGCATC,1,3036854
rcsBp1,12.333333333333334,118,8,CCAGAGAGGCCAGCCTACGT,110,3022768
rcsBp1,3.7777777777777777,41,8,CCAGACACTCTACATCAGTT,33,3067112
rcsBp1,2.4444444444444446,29,8,CCACGTCGCTAGTGCATCGT,21,3029470
rcsBp1,2.4444444444444446,29,8,CATTGCCGGTCTCGTTAGAG,21,3030733
rcsBp1,1.7777777777777777,23,8,CATCGTGCCATATTAGGCTT,15,3034762
rcsBp1,2.0,25,8,CATAACGGTAGCAGATACGA,17,3066541
rcsBp1,48.55555555555556,444,8,CAGTGTAGTAGAGTGGGTCT,436,3034568
rcsBp1,2.2222222222222223,27,8,CAGGTAAACGTTAAGATCCT,19,3061266
rcsBp1,2.111111111111111,26,8,CACTCGTTTATAACTTCTGA,18,3043782
rcsBp1,42.55555555555556,390,8,CACGGGAATGATAAAAATTG,382,3073294
rcsBp1,0.2222222222222222,9,8,CACGCTAATACATTCTTCTC,1,3063027
rcsBp1,3.2222222222222223,36,8,CACCGGTGATTCCGGTGAAT,28,3063866
rcsBp1,0.2222222222222222,9,8,CACAAGGTACATCTTAAGAT,1,3026054
rcsBp1,5.0,52,8,CAATTACATGACCGTCTCAG,44,3046495
rcsBp1,2.888888888888889,33,8,CAAGTTCGGCAGTCACGCCG,25,3039513
rcsBp1,2.111111111111111,26,8,CAACACACAAACATTGTCCA,18,3064975
rcsBp1,1.7777777777777777,23,8,CAAAGTTATGCAGAAGTTAG,15,3023290
rcsBp1,2.888888888888889,33,8,ATTTGATGACCCGCTGTTCA,25,3029948
rcsBp1,10.0,97,8,ATTGCTATGCCAGTCCTCCA,89,3063139
rcsBp1,3.6666666666666665,40,8,ATTCGTGATTAACATAAACA,32,3042252
rcsBp1,2.3333333333333335,28,8,ATTAAGATCCCTCGGGTACC,20,3042339
rcsBp1,1.4444444444444444,20,8,ATGTTAGCCGGCAAGGACAG,12,3032192
rcsBp1,27.22222222222222,252,8,ATGTGGACAATTCCCCCCTA,244,3027143
rcsBp1,2.3333333333333335,28,8,ATGTCCAGTAGCGTAACCTG,20,3044466
rcsBp1,3.4444444444444446,38,8,ATGTACGGAAAACGACGGTG,30,3028110
rcsBp1,9.555555555555555,93,8,ATGTACCCGTCAAGTTACAG,85,3033852
rcsBp1,2.0,25,8,ATGGGTTCGAAGTGGCTATA,17,3044726
rcsBp1,2.7777777777777777,32,8,ATGATACGCCACGACTGAAT,24,3023996
rcsBp1,3.111111111111111,35,8,ATGACTCTAAGGACATAGGT,27,3033495
rcsBp1,2.7777777777777777,32,8,ATCTTAGCAGTCGAGAGCAT,24,3054101
rcsBp1,3.111111111111111,35,8,ATCCGCGGACTCTTGAATCG,27,3050704
rcsBp1,2.3333333333333335,28,8,ATACTCTAGGAGCCCGCCCC,20,3059810
rcsBp1,4.222222222222222,45,8,AGTGGACGACCTTGCTAGCC,37,3052294
rcsBp1,2.4444444444444446,29,8,AGTCGGTATGGAACTGGGAA,21,3038744
rcsBp1,4.777777777777778,50,8,AGTAGTGAAGCAAATTCGTA,42,3061915
rcsBp1,1.6666666666666667,22,8,AGTAGGGTTTAGTTGTATAC,14,3041733
rcsBp1,6.555555555555555,66,8,AGTAATCCCTGGTAATAGAA,58,3060681
rcsBp1,7.333333333333333,73,8,AGGGTAAAAAATATCGTCGT,65,3067097
rcsBp1,5.555555555555555,57,8,AGGGCTAACCTATCCTTGCA,49,3050960
rcsBp1,3.7777777777777777,41,8,AGGCGAGCGCCCATCCAGTT,33,3039489
rcsBp1,30.555555555555557,282,8,AGGCAGATGGACAGTGATGG,274,3063378
rcsBp1,2.3333333333333335,28,8,AGGACGTCTACTGGTATGAC,20,3050395
rcsBp1,7.666666666666667,76,8,AGCTGGGTAAGCAGCCCGGG,68,3036617
rcsBp1,2.6666666666666665,31,8,AGCTCCCTTGTGTAAAACCG,23,3072949
rcsBp1,1.0,16,8,AGCTAAAAGCTTTTTTTATG,8,3025479
rcsBp1,3.111111111111111,35,8,AGCGCATGGAAGGCGCCCGG,27,3069388
rcsBp1,3.3333333333333335,37,8,AGCCGGGAGTCCGATTCAGA,29,3028386
rcsBp1,2.4444444444444446,29,8,AGCATTACTGCTGAGCGGGA,21,3037557
rcsBp1,2.7777777777777777,32,8,AGCAATGTCTATACACCGCT,24,3038588
rcsBp1,2.888888888888889,33,8,AGAGCGCCTCCGGGAATCGG,25,3025616
rcsBp1,0.5555555555555556,12,8,AGAATGTGTGCATTTAGCGC,4,3033415
rcsBp1,3.3333333333333335,37,8,ACTTTCGTCGCTGCCCGAGA,29,3042055
rcsBp1,0.2222222222222222,9,8,ACTTCGCGTCCCTAGGCTCT,1,3024734
rcsBp1,1.3333333333333333,19,8,ACTTCACGCGCGATTTAACT,11,3045988
rcsBp1,2.888888888888889,33,8,ACTCGTCTCCCAACGTCGAA,25,3052581
rcsBp1,2.0,25,8,ACTAATGATCGAACGAACAG,17,3035780
rcsBp1,1.3333333333333333,19,8,ACGCTCTCCTACGTCTCACA,11,3027734
rcsBp1,0.2222222222222222,9,8,ACGATCCGCCTTTCAGATCT,1,3038589
rcsBp1,3.2222222222222223,36,8,ACGACTGCGCTGAGTTCGAC,28,3042820
rcsBp1,1.7777777777777777,23,8,ACCTTGCCACTCTCGAACTT,15,3060761
rcsBp1,21.555555555555557,201,8,ACCGGTACGCTCGATTGAAC,193,3063384
rcsBp1,2.0,25,8,ACCGGGGACGGTTGCCGGGG,17,3025480
rcsBp1,1.1111111111111112,17,8,ACCGACTCTTCGTGGTGGCG,9,3028869
rcsBp1,10.222222222222221,99,8,ACATTGGGTGTGCAGTCCCC,91,3071750
rcsBp1,3.0,34,8,ACATAGATTAGTTCTATGAA,26,3050678
rcsBp1,1.7777777777777777,23,8,ACAGAGGGTCCTTTTCCTGT,15,3036138
rcsBp1,5.777777777777778,59,8,ACACAGCGCTGGGAGAAATT,51,3052798
rcsBp1,0.2222222222222222,9,8,ACACACGTACAATCGAATAA,1,3045623
rcsBp1,2.7777777777777777,32,8,AATGTCTGCCTCTGCTTGCC,24,3047439
rcsBp1,2.4444444444444446,29,8,AATCAGTCGGCAGCAATACA,21,3028862
rcsBp1,0.2222222222222222,9,8,AATATGATCGCGGAGTTTAC,1,3027615
rcsBp1,0.7777777777777778,14,8,AATAACTTTGAGACTACTGT,6,3045776
rcsBp1,2.5555555555555554,30,8,AATAACCTTTTTACTCAGCT,22,3050682
rcsBp1,2.888888888888889,33,8,AACCCCGGTAACTTCCAGCA,25,3052156
rcsBp1,2.2222222222222223,27,8,AAACTACCGGAGCCGTGTGC,19,3064173
rcsBp1,10.375,89,7,TTTTTTTTTCGGTGATAATT,82,3053072
rcsBp1,6.5,58,7,TTTTTCGGTCCGCGTACGGA,51,3037729
rcsBp1,3.75,36,7,TTTTTATTTATCATGCCGCC,29,3030821
rcsBp1,5.375,49,7,TTTTAACATCAGACAGCAGT,42,3058422
rcsBp1,2.25,24,7,TTTGTCCAGTCTATTTTTTT,17,3034102
rcsBp1,1.625,19,7,TTTCCTTGTCCAGCATCCGT,12,3069386
rcsBp1,7.0,62,7,TTTCCTAAAGTTCGACAAAA,55,3040759
rcsBp1,6.125,55,7,TTTCATATAAGCCATGCGGC,48,3061977
rcsBp1,0.25,8,7,TTTAGGTCCATGAGTGGGTG,1,3062153
rcsBp1,1.75,20,7,TTTAGGCCCAGTTCATTCAG,13,3041968
rcsBp1,2.125,23,7,TTGTTGTCTAGAAGGTAGAA,16,3051648
rcsBp1,2.125,23,7,TTGTCTACGGGGGTTAAGGA,16,3051336
rcsBp1,5.875,53,7,TTGTACGTGAATAACTCGCT,46,3053902
rcsBp1,3.0,30,7,TTGGTAACGCGGTTCGGAAA,23,3048738
rcsBp1,6.0,54,7,TTGGGGTCCGTTGGTGTGGT,47,3069084
rcsBp1,1.875,21,7,TTGCGATTAGCTCCACCCTC,14,3049550
rcsBp1,2.75,28,7,TTCGGATCGGCGGCACAGAT,21,3061841
rcsBp1,2.375,25,7,TTCCAGAAGACTACGTACGT,18,3037528
rcsBp1,3.375,33,7,TTATCCAGAAACGAAGTGGC,26,3022136
rcsBp1,6.625,59,7,TTAAATCTGAGGCAAGGATA,52,3023397
rcsBp1,3.375,33,7,TGTGTTTGTCTCAGGCGTCA,26,3051991
rcsBp1,2.75,28,7,TGTGCCTGGAATGGAAGTTT,21,3034875
rcsBp1,3.5,34,7,TGTCCGACGAATGCCGTATT,27,3031764
rcsBp1,7.0,62,7,TGTAGCTTCACCACTGCTCC,55,3058647
rcsBp1,6.375,57,7,TGGCAACTACTAAGAGGAAA,50,3052739
rcsBp1,2.375,25,7,TGGAGCGCAATTCCGAGAGT,18,3042570
rcsBp1,0.25,8,7,TGGAACTTCACGGGGTCTCA,1,3053050
rcsBp1,65.25,528,7,TGGAAACCCCCGGCAGACAT,521,3025469
rcsBp1,3.0,30,7,TGCTTGGACTCTCGTGACAG,23,3041854
rcsBp1,1.625,19,7,TGATTAATGGTATAATCATG,12,3031255
rcsBp1,4.0,38,7,TGATGCAGCTAACCACACTG,31,3060915
rcsBp1,7.75,68,7,TGATACCTAACACTCGCGCC,61,3044088
rcsBp1,2.5,26,7,TGAGTGTAGATGCCGTCCAT,19,3028874
rcsBp1,5.625,51,7,TGAGGCTTATCAGTACCAAT,44,3047942
rcsBp1,4.125,39,7,TGAACCCCCACGGCTGATTT,32,3053074
rcsBp1,4.0,38,7,TGAAAGCGATACGGAGAGAC,31,3048858
rcsBp1,5.125,47,7,TCTCGGCCCAATCTTGTCTT,40,3049202
rcsBp1,2.125,23,7,TCGTATCAAGCGAGTTATTG,16,3057172
rcsBp1,6.125,55,7,TCGCGCCAACCTGCGGCTTG,48,3068263
rcsBp1,0.875,13,7,TCGCCCTGGCCTGAAAGAAA,6,3045975
rcsBp1,3.5,34,7,TCCACTGTCGATCTCTATTG,27,3028451
rcsBp1,2.5,26,7,TCATTCACCTTACAGAGGGC,19,3029501
rcsBp1,12.375,105,7,TCAGACTTCTGGTAACCCAC,98,3052828
rcsBp1,2.25,24,7,TCAAGTGACTCTCTGCGTAT,17,3049806
rcsBp1,3.125,31,7,TCAAGGTGACCATTTAATCA,24,3069309
rcsBp1,1.625,19,7,TATGCCGGCCGAGGGGTACA,12,3049976
rcsBp1,3.75,36,7,TATGAAAGGTGAAGTTAACA,29,3049841
rcsBp1,1.5,18,7,TATACGGCTGGCACCCTCAG,11,3056891
rcsBp1,0.25,8,7,TATAAGTAACACACACTTTG,1,3060207
rcsBp1,2.5,26,7,TAGGGCCGCCTGAAGGGGAC,19,3035379
rcsBp1,0.875,13,7,TAGAGGCCCGGTACAAGTAA,6,3062574
rcsBp1,0.25,8,7,TACTGGGAGTTCCTAGAAAA,1,3036741
rcsBp1,12.25,104,7,TACCGATCAGTTGCTGGGTT,97,3025493
rcsBp1,2.25,24,7,TACAAATTTTCGGGTACGAA,17,3035360
rcsBp1,0.25,8,7,TAAGTACGGCTAGGATTCGC,1,3031259
rcsBp1,2.0,22,7,TAAGCCCGACAGCGGAATTT,15,3022168
rcsBp1,4.5,42,7,TAACATTCGTCGTAAGCTCG,35,3059408
rcsBp1,2.875,29,7,TAAACTCGCGGTCTCATGAA,22,3028747
rcsBp1,4.5,42,7,GTTCTGCAGCCCGAGGTCCT,35,3040351
rcsBp1,0.25,8,7,GTGTGGATGAATTTTATTAA,1,3043558
rcsBp1,2.875,29,7,GTGGCGACCCGCCTTGAAGA,22,3061554
rcsBp1,3.375,33,7,GTGGCCGATTCCGAGTCCAA,26,3045356
rcsBp1,5.125,47,7,GTGCTTCGGGCAGGCAGATC,40,3024502
rcsBp1,4.25,40,7,GTGCAGCATTAGGGATCCTC,33,3048346
rcsBp1,8.375,73,7,GTCTTCCTCCGATGGAGAAA,66,3040343
rcsBp1,3.0,30,7,GTCTGCTTGCGAAACAGCAA,23,3061583
rcsBp1,2.75,28,7,GTCGGGTGTACTAATTTGGT,21,3050828
rcsBp1,3.125,31,7,GTCGGGGTTGGTAGGCTGCT,24,3053267
rcsBp1,12.375,105,7,GTCAGTGGTGGGACTTGGTT,98,3028802
rcsBp1,2.0,22,7,GTATTAAAATCGTGTATTAG,15,3066157
rcsBp1,2.125,23,7,GTATGTCGAGTCGTCGCGGA,16,3039841
rcsBp1,0.25,8,7,GTATCTAGAGAGGGTTATTC,1,3044890
rcsBp1,0.25,8,7,GTATCCGACGGGCACAGACA,1,3035174
rcsBp1,1.75,20,7,GTACTTCTTACATTTTGCCA,13,3034704
rcsBp1,0.875,13,7,GGTGTATTTAGGGTGACGTT,6,3036352
rcsBp1,0.25,8,7,GGTAGTAAGCGGAGAACAGC,1,3048973
rcsBp1,12.0,102,7,GGTAACGATTGCTGGGACCC,95,3070184
rcsBp1,3.0,30,7,GGTAACCTCCAACGCGATGA,23,3034142
rcsBp1,1.625,19,7,GGGTGTTCCGACTACGTTTG,12,3060874
rcsBp1,0.25,8,7,GGGGCCTTATAATTACGAGC,1,3039593
rcsBp1,7.125,63,7,GGGCACCGCCCGTCCCAATG,56,3070435
rcsBp1,3.125,31,7,GGGATAGCTAATCCGGAGGT,24,3035535
rcsBp1,28.25,232,7,GGCTTGACAGGCAGAAAGAC,225,3073286
rcsBp1,3.875,37,7,GGCTGCTTCTCGGGGGCTAA,30,3071530
rcsBp1,19.0,158,7,GGCTAGGGGGGAGGGAGCCC,151,3062176
rcsBp1,11.75,100,7,GGCCCCAATCGGGTATACTA,93,3044958
rcsBp1,4.375,41,7,GGCATGATTGTTCGCCCACA,34,3030315
rcsBp1,1.625,19,7,GGCATGACTCCGTCTCAAGA,12,3040622
rcsBp1,1.125,15,7,GGCATATACGGGGCTTTAAC,8,3052898
rcsBp1,3.25,32,7,GGATTCTCCCTCTACTTTGT,25,3058963
rcsBp1,6.125,55,7,GGATGCCTACGAGCAGTAAC,48,3046013
rcsBp1,2.75,28,7,GGACCGATAGATTGTCTGGG,21,3036360
rcsBp1,7.125,63,7,GGAAATTGCTGTGGGGCGAC,56,3027142
rcsBp1,2.125,23,7,GCTGTTTGGATCGCTCCGGT,16,3062077
rcsBp1,3.375,33,7,GCTGTAATGCCCATAGAGAC,26,3030510
rcsBp1,1.875,21,7,GCTGGGATTTTAGTCTCCTA,14,3036315
rcsBp1,4.0,38,7,GCTCCTATTACGACCTAAGT,31,3071327
rcsBp1,0.5,10,7,GCGTTTAAGATCTATTCTGC,3,3039952
rcsBp1,0.25,8,7,GCGTTAACATGCATGAAACT,1,3051877
rcsBp1,1.125,15,7,GCGGGCGCACGTGATGGAGA,8,3026178
rcsBp1,2.75,28,7,GCGGCAACCTTGACCATCGA,21,3036076
rcsBp1,6.875,61,7,GCGCCGAAACTGTTAATGCT,54,3053628
rcsBp1,0.25,8,7,GCGAAGATCTGCCTCGCATA,1,3068326
rcsBp1,2.75,28,7,GCCTCATGGTCCGTTTGCCG,21,3022099
rcsBp1,2.5,26,7,GCCGTCCATACACAAGCCTA,19,3047498
rcsBp1,2.875,29,7,GCAGTTGACAGAAAAACCAG,22,3033872
rcsBp1,0.25,8,7,GCAAGTCCTAGACACCGTTA,1,3047709
rcsBp1,0.25,8,7,GATTATCAAATCCTGTAATG,1,3040809
rcsBp1,3.25,32,7,GATCATCTACCTGGACTCGG,25,3044127
rcsBp1,0.25,8,7,GATAGAGTAACGTGTTTTTT,1,3048466
rcsBp1,0.25,8,7,GAGTGTAGGAAAGTATTCAC,1,3072671
rcsBp1,11.25,96,7,GAGCAGTTCACACCTGAAGC,89,3033485
rcsBp1,9.125,79,7,GAGCAAACTTTGACAAAGGC,72,3030025
rcsBp1,1.0,14,7,GACTTTTGGGCGTCGACTGG,7,3024129
rcsBp1,2.0,22,7,GACTCCAACTTGGATCGATG,15,3052671
rcsBp1,4.375,41,7,GACGGTATAGCATACTGGCC,34,3057695
rcsBp1,2.375,25,7,GACCTGGGCGCGTAGCGCTT,18,3041668
rcsBp1,2.375,25,7,GACATGTTCGCTCGGCTTCG,18,3038668
rcsBp1,2.0,22,7,GACAAGCGCGCTCACTCATG,15,3026904
rcsBp1,27.875,229,7,GAAAGGTTGGTGTCACTGAT,222,3028339
rcsBp1,0.25,8,7,CTTTTTCAGCCATTGTCCGA,1,3054640
rcsBp1,2.125,23,7,CTTGTTAACGTCCACAGTCT,16,3054379
rcsBp1,5.125,47,7,CTTCGTCTTAGGTTAGTATA,40,3045118
rcsBp1,2.875,29,7,CTTCACGATAGGACCTTGGG,22,3047190
rcsBp1,0.25,8,7,CTTAGACGAACTTCAAACCT,1,3051760
rcsBp1,11.625,99,7,CTTACCCCTGGGATAGAGAA,92,3024810
rcsBp1,4.125,39,7,CTGTTCAACTCCCCGTAATG,32,3057892
rcsBp1,3.0,30,7,CTGGGTTAGCGACGATTGGG,23,3045166
rcsBp1,1.625,19,7,CTGCCAGCTGATCTGGTTAG,12,3050456
rcsBp1,0.25,8,7,CTGAGATGGACCCCCTACAC,1,3055933
rcsBp1,3.0,30,7,CTCGTTGAAGTGACTATAAT,23,3031011
rcsBp1,5.625,51,7,CTCGGTTTAAGTCGTGTGGT,44,3068656
rcsBp1,2.5,26,7,CTCCGGACGTTGACGCTTTC,19,3048160
rcsBp1,11.125,95,7,CTCCATAAAAAGCCTACGAG,88,3042024
rcsBp1,3.75,36,7,CTCACGAATGAGTGGTAGAT,29,3043396
rcsBp1,2.0,22,7,CTATTAGCATTACCTTGCTT,15,3040574
rcsBp1,3.375,33,7,CTATCCCAACAAAAGGCCTA,26,3068762
rcsBp1,1.625,19,7,CTATAATTGGGGGACATATT,12,3060023
rcsBp1,3.75,36,7,CTACTTGATAAGTCGATGGC,29,3067287
rcsBp1,18.375,153,7,CTACACGTCAGCTTTTTCAA,146,3062184
rcsBp1,6.125,55,7,CGTTTGACTGGCGGCTAATG,48,3060920
rcsBp1,9.375,81,7,CGTGGAGAACGCTAGTTAAA,74,3030074
rcsBp1,8.875,77,7,CGTACGGGCCGTCGAGAGAA,70,3053819
rcsBp1,3.625,35,7,CGGGGTATCCCCCTGAAATA,28,3027702
rcsBp1,0.375,9,7,CGGGCAGGTGACAGGTTAAA,2,3022692
rcsBp1,0.25,8,7,CGGGATGGAGAGGTACGTGG,1,3045727
rcsBp1,3.125,31,7,CGGACCCCGGAGAACGTTAC,24,3054638
rcsBp1,0.25,8,7,CGCTGGGGAAATCAGTTCGT,1,3069670
rcsBp1,3.0,30,7,CGCCTATTCTACATTTCCTC,23,3041109
rcsBp1,5.75,52,7,CGAGTCACCAATCTGCCCGA,45,3051693
rcsBp1,3.25,32,7,CGAGTATACTAAGCTCCGAT,25,3062508
rcsBp1,4.375,41,7,CGAGCAAGGCATGCTTACAT,34,3053370
rcsBp1,1.875,21,7,CGAAGCCGTTTATCTGATTT,14,3044978
rcsBp1,0.25,8,7,CCTTGGTAAGCTGTTAACAA,1,3042551
rcsBp1,1.75,20,7,CCTGGCTTGTTTAACTCAAT,13,3021797
rcsBp1,0.25,8,7,CCTCTCGTGGGTATAAGCTT,1,3066714
rcsBp1,2.5,26,7,CCTCACGCGACGGCGTATCT,19,3034473
rcsBp1,0.25,8,7,CCGGTCAGATGTTAACAAAG,1,3032075
rcsBp1,9.5,82,7,CCGGGGATAAGCCAGAACGT,75,3039944
rcsBp1,42.125,343,7,CCGGAATCAAAAGCCGAAAT,336,3063375
rcsBp1,2.5,26,7,CCGCTGTGAGATCGAAAGTA,19,3071818
rcsBp1,5.25,48,7,CCCTTTCTACCGGCGGGCGT,41,3036674
rcsBp1,2.125,23,7,CCCTGTGAGCAAAAGTCTAT,16,3066132
rcsBp1,6.25,56,7,CCCTAAGCAGGCCAGCCCTA,49,3059053
rcsBp1,1.125,15,7,CCCATAAACGCTGAGGCTAT,8,3067094
rcsBp1,5.25,48,7,CCATGTAGAGAAGGGGTTCC,41,3071095
rcsBp1,2.375,25,7,CCAGCCGGTAGCATCCGTTA,18,3026215
rcsBp1,3.875,37,7,CCAGACGAGCGTGTACAACC,30,3030377
rcsBp1,5.375,49,7,CATTGTCCCGAAACATGTCG,42,3039133
rcsBp1,0.25,8,7,CATTCTTGATGGTCCGCTAG,1,3067654
rcsBp1,2.625,27,7,CATGGTTCTCGATCAGTATG,20,3055767
rcsBp1,3.75,36,7,CATGCCGGATTGACACGGTT,29,3024434
rcsBp1,0.25,8,7,CATCGGTGTACCGAGAGGTT,1,3030235
rcsBp1,9.25,80,7,CATCGAATCCTGTTGGCCTC,73,3050362
rcsBp1,0.875,13,7,CATCCCATATATGCCGCCTC,6,3034677
rcsBp1,1.375,17,7,CATACCATCGAGAAGCGGCT,10,3025839
rcsBp1,1.5,18,7,CAGTTCGAGGAACTAAGTTT,11,3033109
rcsBp1,2.5,26,7,CAGCGGATATACCCTTGAGG,19,3054676
rcsBp1,0.25,8,7,CAGCCCATATAAACGGTTAT,1,3072365
rcsBp1,1.125,15,7,CAGATCTACACGTTCGATGG,8,3052950
rcsBp1,2.25,24,7,CACTTGAGCCGCGAGGGAAC,17,3057894
rcsBp1,4.75,44,7,CACCTCGTGGTCGTAGCAGC,37,3030893
rcsBp1,5.375,49,7,CACCGTCTATTTTCGGGACA,42,3034654
rcsBp1,6.0,54,7,CAATCTCTAAGATATATATC,47,3022641
rcsBp1,2.125,23,7,CAATCATAGGGGTTTAAAAA,16,3022465
rcsBp1,0.25,8,7,CAAGCCTCTTTTGATCTCCA,1,3021924
rcsBp1,7.5,66,7,ATTTTCATAAAGTTCTTGGC,59,3033791
rcsBp1,3.875,37,7,ATTTTACTAAAGGGATGCAA,30,3059089
rcsBp1,4.375,41,7,ATTTGTGTTAGCTGTCGAAC,34,3071193
rcsBp1,11.375,97,7,ATTTAGAGCCATGGGTCGCT,90,3039775
rcsBp1,0.75,12,7,ATTCGTCTCCGTCGGCTAAG,5,3041219
rcsBp1,4.375,41,7,ATTCCAATGGTGGCGGCCTA,34,3043795
rcsBp1,6.0,54,7,ATGTGTCAAGGACGTCGTTG,47,3043577
rcsBp1,1.125,15,7,ATGTCCGGAACTGGGTAGGA,8,3034494
rcsBp1,2.375,25,7,ATGGTACTTAGTGTAAAGTA,18,3068072
rcsBp1,34.75,284,7,ATGGTAAAAGTCGAACGGAC,277,3053439
rcsBp1,3.75,36,7,ATGCAGGATGGTCTCAGCTT,29,3065657
rcsBp1,2.875,29,7,ATGAGAACGAACGGTTCCGT,22,3068781
rcsBp1,9.75,84,7,ATGAACAATGGACTTTACTG,77,3042102
rcsBp1,4.75,44,7,ATCGTGGTCCCCCTGATTCC,37,3054710
rcsBp1,3.875,37,7,ATCCTGTATTTACGACAGGC,30,3046390
rcsBp1,0.25,8,7,ATCAGGTGGTATCCTCTTGC,1,3045987
rcsBp1,6.25,56,7,ATAACCGCGATACACTCGAG,49,3051860
rcsBp1,16.25,136,7,AGTTTGGATTTAGGGGCCAC,129,3031131
rcsBp1,5.75,52,7,AGTTTAACACGGCCACACTT,45,3028710
rcsBp1,1.75,20,7,AGTGTTGAAACTCCTTTACA,13,3048998
rcsBp1,0.25,8,7,AGTGGTTTGTCTGAATGCCT,1,3053987
rcsBp1,6.75,60,7,AGTGAGGGCTAGGGGTGAGC,53,3026807
rcsBp1,0.25,8,7,AGTCGCGGGGCACATATTGG,1,3065987
rcsBp1,4.0,38,7,AGTAGAACCAGGGTGTAACG,31,3056815
rcsBp1,0.75,12,7,AGTAAAGCATACCCACATTT,5,3054563
rcsBp1,7.125,63,7,AGGTGCTACCAAATCGTCTA,56,3024573
rcsBp1,4.375,41,7,AGGTCACCGAACTGACTCCT,34,3047386
rcsBp1,7.5,66,7,AGGTATGTTATAGGATCGTT,59,3030024
rcsBp1,4.0,38,7,AGGCTTATGTCACTCAGGCC,31,3037967
rcsBp1,3.125,31,7,AGGCACTCATCACATCTATA,24,3043938
rcsBp1,3.875,37,7,AGGAACATAAATACGCATCC,30,3055831
rcsBp1,12.375,105,7,AGGAAATAGTCCGGTGATTG,98,3023394
rcsBp1,7.25,64,7,AGCGGGCTGGCTATAAAATA,57,3028810
rcsBp1,25.875,213,7,AGCGGCATACGGATAAGACT,206,3060270
rcsBp1,7.125,63,7,AGATGAATCGGGCAGTTGAC,56,3048948
rcsBp1,3.625,35,7,AGAGCCGCAGACAAAGTACT,28,3068202
rcsBp1,2.25,24,7,AGAGCCCGTCAAGGCGGGGA,17,3025484
rcsBp1,1.75,20,7,AGACTGATTTTCGTGTAAAT,13,3057307
rcsBp1,2.5,26,7,AGACGTGATGGAGCGAGTGC,19,3033387
rcsBp1,21.375,177,7,AGAACGAGCGTCGTCCGGAC,170,3023379
rcsBp1,2.875,29,7,ACTTGAACTTTCAAGCCCAG,22,3070105
rcsBp1,4.25,40,7,ACTCGTTAGACCTAATTAAA,33,3047345
rcsBp1,4.25,40,7,ACTATGGCGAGTGGTTGCTA,33,3055039
rcsBp1,4.625,43,7,ACGTTTTCCAGAGGGATATT,36,3040278
rcsBp1,0.25,8,7,ACGTATAGTGACGCGAACTC,1,3055727
rcsBp1,1.375,17,7,ACGGCAGCTGTATACAATGA,10,3054046
rcsBp1,5.5,50,7,ACGGCACCGGGTGAAACAAA,43,3041334
rcsBp1,7.375,65,7,ACCTGCCGCGAAATAACCGC,58,3023330
rcsBp1,3.875,37,7,ACCTCGTAAGGCTGCCCAAT,30,3047807
rcsBp1,3.25,32,7,ACCCCGTATCTAGGTCTCGG,25,3023579
rcsBp1,0.25,8,7,ACCCACATATACTTATATAA,1,3067742
rcsBp1,1.875,21,7,ACCAGCGATGGCTATTGGAT,14,3062821
rcsBp1,0.25,8,7,ACCAAGAGCACTCTTAGTGT,1,3058974
rcsBp1,1.875,21,7,ACATCTTGTCAAAATGGTAG,14,3041971
rcsBp1,2.0,22,7,ACATAGAAGTAAGTGATTCG,15,3059373
rcsBp1,4.25,40,7,ACAGAGAGAACAAATCCACA,33,3041310
rcsBp1,0.25,8,7,ACAAAAGGCACGCCGGAATA,1,3070092
rcsBp1,4.0,38,7,AATTCTTTACCGGTATTGAC,31,3071104
rcsBp1,1.875,21,7,AATGTGCAGTTATTTGGAGT,14,3051791
rcsBp1,4.0,38,7,AATGGTATTGTAATGGCGCC,31,3037222
rcsBp1,3.875,37,7,AATGGCACGAATCTCCTGAC,30,3036046
rcsBp1,1.75,20,7,AATCTGAGTCCGAGACCAAT,13,3039220
rcsBp1,0.25,8,7,AATACGTTCACGAACGTGAG,1,3050254
rcsBp1,1.5,18,7,AAGTCTTCAATCGAAGTACT,11,3055125
rcsBp1,7.5,66,7,AAGTAGACGAGGCAACGGAA,59,3036172
rcsBp1,3.125,31,7,AAGCAGGCCAAGCCTCAGCT,24,3037689
rcsBp1,8.0,70,7,AAGAGCTTCTATGTAAGCCA,63,3058817
rcsBp1,21.125,175,7,AACTGGAGGTCAGCAGCCCT,168,3064280
rcsBp1,3.0,30,7,AACTCTCCGTGTTTGATAGT,23,3040290
rcsBp1,2.0,22,7,AACAGTGCCTGGAGGCGGTA,15,3035998
rcsBp1,4.125,39,7,AACACTTTCGGGTATACCGT,32,3060204
rcsBp1,3.75,36,7,AACAAACTCCGGTGGCGGGA,29,3041488
rcsBp1,8.125,71,7,AAATGTATTCACTGCTGTCC,64,3055280
rcsBp1,0.375,9,7,AAATAGTGCATAGAATCCAA,2,3058595
rcsBp1,4.0,38,7,AAAGCGGTGTATGCCTACAT,31,3069113
rcsBp1,12.625,107,7,AAAATGTCGCGACTTCTAAG,100,3033497
rcsBp1,2.0,22,7,AAAAGTTACAGTTCCAGTAT,15,3045104
rcsBp1,0.25,8,7,AAAAGTACTGTCGTTTATCA,1,3055330
rcsBp1,2.125,23,7,AAAACGTACTCGTAATTTCC,16,3055239
rcsBp1,3.5714285714285716,30,6,TTTTTGCCTCCCTACGTAAT,24,3031093
rcsBp1,0.2857142857142857,7,6,TTTTGGCTTTTCGGATCGAA,1,3022418
rcsBp1,5.428571428571429,43,6,TTTTCTTACTGATGTCCTCT,37,3060124
rcsBp1,37.142857142857146,265,6,TTTGGTCCAACGTGTGGCAA,259,3025435
rcsBp1,6.0,47,6,TTTGGGTGGCAAAATCAAAG,41,3046000
rcsBp1,2.857142857142857,25,6,TTTAGAATGTCGCCAAAAGT,19,3046688
rcsBp1,16.714285714285715,122,6,TTCTACACACTTCGACTTTT,116,3072745
rcsBp1,3.5714285714285716,30,6,TTCGTTATAAGACGTTAGTG,24,3041932
rcsBp1,2.4285714285714284,22,6,TTCCGCGTTTCTCGATTCCA,16,3041830
rcsBp1,0.2857142857142857,7,6,TTCATCGGGCCACTCAGGCA,1,3042426
rcsBp1,2.4285714285714284,22,6,TTCAGGACCTGCTCATACTT,16,3023071
rcsBp1,1.8571428571428572,18,6,TTCAATATTACTCTCCCACC,12,3048674
rcsBp1,5.571428571428571,44,6,TTATTCTGGAGCAGACATCC,38,3037821
rcsBp1,0.2857142857142857,7,6,TTAGGAATAGGAATCTGACG,1,3054364
rcsBp1,1.7142857142857142,17,6,TTACCCACAGAAGATCCCAC,11,3046824
rcsBp1,2.857142857142857,25,6,TGTCGTCGCAGATTGCAGCA,19,3022433
rcsBp1,8.285714285714286,63,6,TGTCCCCTGTTGCTTTCCAT,57,3022367
rcsBp1,5.142857142857143,41,6,TGTACGTACGGCTTCCTCTA,35,3045663
rcsBp1,6.0,47,6,TGGTCGGAGGTAGCTCATTG,41,3028620
rcsBp1,3.7142857142857144,31,6,TGGGGCCTGGGTCCCTTGGG,25,3072255
rcsBp1,1.0,12,6,TGGGCACCTATCCAGTTCGA,6,3040975
rcsBp1,3.2857142857142856,28,6,TGGCACGAATAGTGCCTTCC,22,3054410
rcsBp1,6.428571428571429,50,6,TGCTATCCCAAGGCTAGAGG,44,3056806
rcsBp1,3.4285714285714284,29,6,TGCTACCGGGGCACTCAACT,23,3054766
rcsBp1,5.428571428571429,43,6,TGCTACAAAGCGCAGTGGAG,37,3060658
rcsBp1,1.8571428571428572,18,6,TGATCCCGAGCACTGGTCAA,12,3073573
rcsBp1,1.1428571428571428,13,6,TGACCATTCTAGTGAGTCCA,7,3031191
rcsBp1,7.142857142857143,55,6,TCTGTAGTTCCGCTGTGACT,49,3041401
rcsBp1,0.2857142857142857,7,6,TCTGCAGTTCCAATCCAGCA,1,3049065
rcsBp1,0.8571428571428571,11,6,TCTCTTAACCTAGATGAATA,5,3064346
rcsBp1,3.857142857142857,32,6,TCGTTCTATGATGGCGTCAT,26,3039622
rcsBp1,2.7142857142857144,24,6,TCGCGGATTACTAGAACCCC,18,3041428
rcsBp1,4.428571428571429,36,6,TCCGATATTGTCGGAATGGG,30,3031684
rcsBp1,4.285714285714286,35,6,TCCATGTGGAGCTTCAAAGC,29,3027190
rcsBp1,4.857142857142857,39,6,TCAGTTATGAACCACCGACG,33,3044391
rcsBp1,30.857142857142858,221,6,TCAGGATCTGCGGGAAGTAT,215,3022761
rcsBp1,3.2857142857142856,28,6,TCACTATCAACTCGACTTCG,22,3021841
rcsBp1,5.857142857142857,46,6,TCACCGGGTGTTCCCGCCGC,40,3051264
rcsBp1,6.714285714285714,52,6,TCAATATCCAAATTTATGTT,46,3033106
rcsBp1,3.4285714285714284,29,6,TCAAGATGACTATAGGAGGG,23,3060337
rcsBp1,3.4285714285714284,29,6,TATTCCTAAGGTAGGGTCAC,23,3042026
rcsBp1,0.2857142857142857,7,6,TATCGATAGAGCACGCGTGA,1,3073430
rcsBp1,3.2857142857142856,28,6,TATAATTATTCCAGCGAATA,22,3050482
rcsBp1,3.857142857142857,32,6,TAGGGCAGGTCACGTGACGC,26,3063149
rcsBp1,3.4285714285714284,29,6,TAGCCTCTGTAACTTGTAGC,23,3040991
rcsBp1,0.7142857142857143,10,6,TAGACTCCTATGTGCAGGTT,4,3063273
rcsBp1,0.2857142857142857,7,6,TACTGGTAGGTCCAGATGCG,1,3045853
rcsBp1,3.5714285714285716,30,6,TACTCATGGTCGGCGTGGCG,24,3040050
rcsBp1,6.0,47,6,TACTCACGTTGTACGGCGTC,41,3030494
rcsBp1,4.0,33,6,TACATCTCGACCAGATTTAT,27,3031257
rcsBp1,3.0,26,6,TACAGGCGTGACGCCGCAGA,20,3047440
rcsBp1,2.142857142857143,20,6,TAATTTGTCAATTAATTTTA,14,3072010
rcsBp1,8.0,61,6,TAATGTATACGCCGAACTCC,55,3044574
rcsBp1,2.0,19,6,TAAGGTGCCACCGACTCCCG,13,3043284
rcsBp1,16.428571428571427,120,6,TAACCCCGTTGTGGGAGGCC,114,3039643
rcsBp1,1.7142857142857142,17,6,GTTTAACGACAAGTTGCATT,11,3039603
rcsBp1,9.142857142857142,69,6,GTTGTTGTGGTTTTATTTTT,63,3072461
rcsBp1,3.2857142857142856,28,6,GTTGACCCGGAGGCCATCTA,22,3043046
rcsBp1,2.5714285714285716,23,6,GTTCGGGGGTATCAGCACTT,17,3057588
rcsBp1,23.714285714285715,171,6,GTTCCAGGTTGGGTACGCCT,165,3027145
rcsBp1,0.7142857142857143,10,6,GTGTGGAACTACAATACTCA,4,3063160
rcsBp1,0.2857142857142857,7,6,GTGGATTCGCCGATGTACCT,1,3026007
rcsBp1,2.4285714285714284,22,6,GTGATGTCTGTCTCTGCCTT,16,3028588
rcsBp1,4.857142857142857,39,6,GTCGCTCATAGATACTACCT,33,3040670
rcsBp1,3.5714285714285716,30,6,GTCCCAGTATATTCAGCAGC,24,3022492
rcsBp1,4.428571428571429,36,6,GTCAGGTTAGAAAATAGATA,30,3051227
rcsBp1,2.0,19,6,GTCAATATTAACTCCAGTGT,13,3065123
rcsBp1,0.2857142857142857,7,6,GTATTTCGAGAGTAACGAAT,1,3064549
rcsBp1,6.285714285714286,49,6,GTATCTTGCTGATCTATACT,43,3031398
rcsBp1,1.0,12,6,GTACCGCAGGATTAGAAAGA,6,3044873
rcsBp1,0.2857142857142857,7,6,GTAATCACCGATGCATGGGA,1,3047150
rcsBp1,9.857142857142858,74,6,GTAAGTTGACGGCTCCTGGA,68,3071855
rcsBp1,0.2857142857142857,7,6,GTAACGGGTGATGTTTGTTT,1,3069145
rcsBp1,1.2857142857142858,14,6,GGTTTTATGTTAACGGATGT,8,3072848
rcsBp1,3.2857142857142856,28,6,GGTTTTATAGAACGTCCGGT,22,3035757
rcsBp1,1.0,12,6,GGTGACAAATACGATTTTAA,6,3041904
rcsBp1,8.0,61,6,GGTCCAGGGCGCTCACGTCC,55,3027083
rcsBp1,5.571428571428571,44,6,GGTCAGGTGACTTGCAGGGT,38,3030341
rcsBp1,6.428571428571429,50,6,GGTACCCCGGTGCGGGAGTA,44,3044801
rcsBp1,3.0,26,6,GGTAATAAACAACCAAAAGC,20,3037835
rcsBp1,2.142857142857143,20,6,GGGTTTGGGACAGGAGTTCA,14,3064275
rcsBp1,19.285714285714285,140,6,GGGTCGCTTTACAATAGATA,134,3064293
rcsBp1,1.0,12,6,GGGGCCTCTTTAATCTGAGT,6,3026177
rcsBp1,7.0,54,6,GGGGCATGAAGTTATGTGGG,48,3026295
rcsBp1,5.714285714285714,45,6,GGGGCACCTAATCTATCGTA,39,3050661
rcsBp1,0.2857142857142857,7,6,GGGGAGTAGCCCGTGACATC,1,3057945
rcsBp1,2.5714285714285716,23,6,GGGCGTCGCCCATAATAGCT,17,3034933
rcsBp1,4.571428571428571,37,6,GGGCACCCACGGAGACCAAG,31,3041429
rcsBp1,3.4285714285714284,29,6,GGGAGGTGGCGGTGATTATA,23,3055622
rcsBp1,1.2857142857142858,14,6,GGCTCCGCCCGCATACATCG,8,3071317
rcsBp1,6.0,47,6,GGCGGTGGGAATAATTGCTA,41,3049672
rcsBp1,0.5714285714285714,9,6,GGCCTCGACCCTCTATGACG,3,3026809
rcsBp1,4.857142857142857,39,6,GGCCAAACTTTCTTCCGGCT,33,3045547
rcsBp1,8.714285714285714,66,6,GGCAATCAACCAGGCCCCTT,60,3067145
rcsBp1,4.142857142857143,34,6,GGATACAGCGGAGAGAAGTC,28,3053692
rcsBp1,0.42857142857142855,8,6,GGAAGGGGACCATGCTACCT,2,3061951
rcsBp1,4.0,33,6,GGAACCTAACGCGGCTATAT,27,3026469
rcsBp1,1.1428571428571428,13,6,GCTGGGGGGATGCAGACATA,7,3054874
rcsBp1,1.1428571428571428,13,6,GCTCTATCGCGGTAAACAAA,7,3028624
rcsBp1,3.0,26,6,GCGTAGAGCTTTTAGAAGAT,20,3054070
rcsBp1,3.142857142857143,27,6,GCGGTGTACTCAGATTGGTT,21,3040258
rcsBp1,2.7142857142857144,24,6,GCGGCAGGTGACGATTCGTT,18,3056282
rcsBp1,2.4285714285714284,22,6,GCGACCAGCGAGCATAGATA,16,3038491
rcsBp1,0.2857142857142857,7,6,GCCGGCAAAATACAAGTTGA,1,3040804
rcsBp1,1.1428571428571428,13,6,GCCCTTCGCTGAATCGCGAC,7,3027780
rcsBp1,2.0,19,6,GCCATGGCTCCAGTAGGCTA,13,3050106
rcsBp1,4.285714285714286,35,6,GCCATCAACAAGCATACTGC,29,3031615
rcsBp1,3.2857142857142856,28,6,GCCAGGTTATGCCAGGGACT,22,3033454
rcsBp1,2.4285714285714284,22,6,GCCACATGGGCCGAGAACGT,16,3069591
rcsBp1,6.428571428571429,50,6,GCCAACAGGAGTTCATCGGT,44,3065166
rcsBp1,4.857142857142857,39,6,GCAGTCCACCTGTATACAAT,33,3055699
rcsBp1,0.2857142857142857,7,6,GCAGGATATTTCGGAGAACT,1,3027913
rcsBp1,1.7142857142857142,17,6,GCACTATGCCTTCCTCAAAG,11,3064457
rcsBp1,2.7142857142857144,24,6,GCACAGCACGCCGTGCGTGA,18,3049224
rcsBp1,2.0,19,6,GCAAGCGCGTCCAATTAAAT,13,3039953
rcsBp1,3.142857142857143,27,6,GATTGAGGTTTCGCCCCGTA,21,3053334
rcsBp1,2.2857142857142856,21,6,GATTGACGTCTTACTGGAGC,15,3041205
rcsBp1,6.142857142857143,48,6,GATTCTTAGTCATGGGTTAT,42,3052622
rcsBp1,18.0,131,6,GATTCGAGACGTCTGCTTGT,125,3043362
rcsBp1,5.142857142857143,41,6,GATTCCCTGTAATCGTGCGC,35,3040179
rcsBp1,3.2857142857142856,28,6,GATCGTCGGTTTGTCAGATA,22,3053940
rcsBp1,1.4285714285714286,15,6,GATCAAGAAATCCATGACCC,9,3044232
rcsBp1,0.2857142857142857,7,6,GATAGTATCGACACGTGCGC,1,3036351
rcsBp1,4.142857142857143,34,6,GAGGTCGGGAGGCAGAATGA,28,3064354
rcsBp1,3.4285714285714284,29,6,GAGCTAACAGATCCCGGTGC,23,3026045
rcsBp1,2.4285714285714284,22,6,GAGCCAAGGCCAGCGTAAGG,16,3029587
rcsBp1,5.0,40,6,GAGATATGCCCGCACTTAAT,34,3022447
rcsBp1,1.8571428571428572,18,6,GACTTTCATAGCATCGTAAA,12,3073646
rcsBp1,5.0,40,6,GACGCGTAACTGGGAAGGCA,34,3064420
rcsBp1,1.4285714285714286,15,6,GACCCAATCGGGCACCAGTC,9,3047543
rcsBp1,7.571428571428571,58,6,GACACGTGGAGACCGTTTAT,52,3054464
rcsBp1,17.428571428571427,127,6,GAATTGGTTTGTCTAATGTA,121,3046516
rcsBp1,3.7142857142857144,31,6,GAATATTGTACGCGACACTT,25,3061681
rcsBp1,2.142857142857143,20,6,GAACTTTCTCGAACTTTCAA,14,3058119
rcsBp1,10.142857142857142,76,6,GAACTAGAGAAGCAACGTGT,70,3028995
rcsBp1,0.2857142857142857,7,6,GAAATATTCGTGGGCCCTGG,1,3050788
rcsBp1,0.2857142857142857,7,6,GAAACTCAGATGTAAAACTA,1,3047225
rcsBp1,3.5714285714285716,30,6,CTTGCCAAACAATTTACAAG,24,3037410
rcsBp1,2.857142857142857,25,6,CTTCCCGATCGACATGTATT,19,3038752
rcsBp1,8.285714285714286,63,6,CTTATATTAGATAGATGTCG,57,3044812
rcsBp1,2.4285714285714284,22,6,CTGTCGGCGGTTGGGTTATC,16,3053980
rcsBp1,6.428571428571429,50,6,CTGAACAGCAAGAAGTTTTC,44,3048424
rcsBp1,0.2857142857142857,7,6,CTCTTAGGGTATCCGGGTAA,1,3037333
rcsBp1,0.2857142857142857,7,6,CTCTACGCTCAGACAAGGCT,1,3032878
rcsBp1,2.142857142857143,20,6,CTCGGAGGATGGGGTTTACA,14,3059890
rcsBp1,2.5714285714285716,23,6,CTCCGGTACCAGCTTAGCTC,17,3026815
rcsBp1,4.714285714285714,38,6,CTCCCAAATGGAAACTATAA,32,3039548
rcsBp1,35.42857142857143,253,6,CTCCCAAAATTGCGGAGTCT,247,3063950
rcsBp1,0.2857142857142857,7,6,CTATACGCTCGGAAATTAGA,1,3069675
rcsBp1,2.2857142857142856,21,6,CTAGGGGTCGTCAAACCGTC,15,3067538
rcsBp1,6.285714285714286,49,6,CTAGGCTGTACAAGAGACGG,43,3057125
rcsBp1,3.0,26,6,CTACCGATCGACTCGCACGG,20,3055766
rcsBp1,2.7142857142857144,24,6,CGTGCTCCACACGGATGTGG,18,3070294
rcsBp1,3.2857142857142856,28,6,CGTACGCCCAGACGGATAGA,22,3057512
rcsBp1,1.5714285714285714,16,6,CGTACCCAGGAAAGCGTGAA,10,3059713
rcsBp1,1.7142857142857142,17,6,CGGCCCTCAGGCGGAAGCGC,11,3027625
rcsBp1,2.7142857142857144,24,6,CGGACTAATGATGCGACACT,18,3069725
rcsBp1,10.285714285714286,77,6,CGGAATCGACTTGTAAACTC,71,3060998
rcsBp1,2.2857142857142856,21,6,CGCTACAAGCAAAAAAAATA,15,3058134
rcsBp1,3.857142857142857,32,6,CGCGCTTCTGATCAAATATG,26,3062882
rcsBp1,3.142857142857143,27,6,CGCCGGTTTCCCCGCGAAGC,21,3041068
rcsBp1,6.571428571428571,51,6,CGCATACCTCATAACTCTCA,45,3067699
rcsBp1,2.0,19,6,CGAGGTCACCGAACATAATA,13,3061588
rcsBp1,1.2857142857142858,14,6,CGACGATTGACACGTCTGAG,8,3030021
rcsBp1,0.2857142857142857,7,6,CGAATGTTTCGGATGCAACA,1,3071405
rcsBp1,3.5714285714285716,30,6,CGAATGATAATGCACATTTC,24,3044577
rcsBp1,3.142857142857143,27,6,CCTTTGCAGGGCTTAACGTG,21,3035189
rcsBp1,9.714285714285714,73,6,CCTGATGTGCAATCAAATAT,67,3025492
rcsBp1,1.8571428571428572,18,6,CCTCGATAGCGGGGCAGCCA,12,3053918
rcsBp1,4.571428571428571,37,6,CCTATACTGTTGACGGATAA,31,3023375
rcsBp1,0.42857142857142855,8,6,CCGTCCCACAAGATCGGGCA,2,3035022
rcsBp1,1.7142857142857142,17,6,CCGCCGGTATCCGACAGGAT,11,3031249
rcsBp1,0.7142857142857143,10,6,CCCTAGGGTTCTTCGTCCCT,4,3050513
rcsBp1,2.2857142857142856,21,6,CCCCCTTGCCTGTAGTCCCA,15,3060476
rcsBp1,2.0,19,6,CCCAGAGATGTAAGTTCGCG,13,3064306
rcsBp1,0.2857142857142857,7,6,CCCACCCTGTGAAAGAGCTG,1,3053618
rcsBp1,7.428571428571429,57,6,CCATAACATATAAACAGATG,51,3043797
rcsBp1,1.8571428571428572,18,6,CCAGTGATTGGGTGGTCACG,12,3038778
rcsBp1,0.5714285714285714,9,6,CCAGCTAGGTAGTCCCTTGG,3,3048782
rcsBp1,3.5714285714285716,30,6,CCAGCGTGGCGCACATAGAT,24,3044198
rcsBp1,5.857142857142857,46,6,CCAGAGTGTCATCCTCGGGC,40,3036918
rcsBp1,0.5714285714285714,9,6,CCACTCACTCTCCCGGCATG,3,3063364
rcsBp1,0.8571428571428571,11,6,CATTGTCGTGCCAGACTCCG,5,3055277
rcsBp1,0.2857142857142857,7,6,CATTATTGTGGTCCGGTTAT,1,3053521
rcsBp1,4.571428571428571,37,6,CATGTATCAATCGGTTAATT,31,3024269
rcsBp1,6.285714285714286,49,6,CATGAAGTCGCATATCAGTC,43,3037181
rcsBp1,2.7142857142857144,24,6,CATCGACCTATCTAGAGGAG,18,3061311
rcsBp1,41.0,292,6,CATCCGTAAGGGTTACTGAA,286,3053430
rcsBp1,1.5714285714285714,16,6,CATATATGCCACCAAAGGCC,10,3037329
rcsBp1,1.7142857142857142,17,6,CAGTGAGTCACGCATACTAT,11,3023852
rcsBp1,9.428571428571429,71,6,CAGCTTCATTTGACAGTAAA,65,3072468
rcsBp1,5.0,40,6,CAGAAATACCAGACAATCCC,34,3040311
rcsBp1,2.857142857142857,25,6,CACGTTAGGTCGTTTAGGAG,19,3045123
rcsBp1,3.2857142857142856,28,6,CACCGTCTGCGACTTTGGTT,22,3045129
rcsBp1,10.428571428571429,78,6,CACACCATGTGCGAGTAAGA,72,3022608
rcsBp1,2.0,19,6,CAATACCGTTTTTTGCAAAG,13,3047025
rcsBp1,1.2857142857142858,14,6,CAATAAAGAGAATGCGCCCT,8,3027821
rcsBp1,3.5714285714285716,30,6,CAAATCACGATCAAGCCCTA,24,3059260
rcsBp1,6.857142857142857,53,6,CAAAAGATACTAGACAGTAT,47,3038912
rcsBp1,4.285714285714286,35,6,ATTTTGTGCCAGGTTCGCTT,29,3037475
rcsBp1,4.285714285714286,35,6,ATTTTGTCCGCACCTTCCTC,29,3054792
rcsBp1,4.142857142857143,34,6,ATTTTGCAAACTGCAAAGTG,28,3024730
rcsBp1,6.285714285714286,49,6,ATTTACAGTCTTGGTATGTG,43,3056544
rcsBp1,4.142857142857143,34,6,ATTGACGCCATGTGACCTGA,28,3068610
rcsBp1,6.285714285714286,49,6,ATTGAACGGTTCTCATGCAT,43,3048904
rcsBp1,2.857142857142857,25,6,ATTCGTTCAGACTGCTTTCT,19,3045253
rcsBp1,6.142857142857143,48,6,ATTCCGAGCCCCGTTCTACC,42,3066571
rcsBp1,3.4285714285714284,29,6,ATGTCTTGTGGGGATCACGT,23,3072384
rcsBp1,22.857142857142858,165,6,ATGCATTCGCGATCCGGAAC,159,3046018
rcsBp1,10.571428571428571,79,6,ATGATCTACCCGGGCGGCAG,73,3038492
rcsBp1,2.857142857142857,25,6,ATCGTATGGTATGTAGAGGG,19,3021840
rcsBp1,1.2857142857142858,14,6,ATCGGAGTCTCGCTTAATAA,8,3041637
rcsBp1,4.428571428571429,36,6,ATCGCGCTTTCCTGATATGT,30,3038537
rcsBp1,3.4285714285714284,29,6,ATCATTTAGATGTCACGCTG,23,3051273
rcsBp1,7.285714285714286,56,6,ATCAATGACCCCCGGACCCG,50,3042922
rcsBp1,3.0,26,6,ATATTCAATACAACAATAGA,20,3059988
rcsBp1,3.5714285714285716,30,6,ATAGTTTATCGGCTAGACAT,24,3069887
rcsBp1,0.2857142857142857,7,6,ATAGTTTACGCGTGGCGGTC,1,3034359
rcsBp1,7.714285714285714,59,6,ATAGCATGTGGGCCTTAGTA,53,3048846
rcsBp1,0.7142857142857143,10,6,ATACCGGCCCACTCTTCTTT,4,3037128
rcsBp1,5.571428571428571,44,6,AGTGTGACAGTAACCGCGGG,38,3032070
rcsBp1,3.142857142857143,27,6,AGTGTCGGCAGTCATAAGTA,21,3034778
rcsBp1,4.428571428571429,36,6,AGTGGGCCTCGAGTGACCAT,30,3069728
rcsBp1,2.7142857142857144,24,6,AGTCGCCTTCAAAACGCTTA,18,3032724
rcsBp1,5.857142857142857,46,6,AGGTGGTTATCTATCCTTTT,40,3062463
rcsBp1,9.571428571428571,72,6,AGGGGTTGGGGCTTCTCATG,66,3060386
rcsBp1,5.428571428571429,43,6,AGGCTGCAGAGACGGTCCGG,37,3050105
rcsBp1,0.2857142857142857,7,6,AGGCGGTTGCCTAGGAGATA,1,3037889
rcsBp1,30.0,215,6,AGGCCGCCGACTGAGGACAT,209,3063954
rcsBp1,2.857142857142857,25,6,AGGCAAGCTCACGAACTCCC,19,3069409
rcsBp1,2.2857142857142856,21,6,AGGAGTGTTGTGTTACTTCA,15,3050127
rcsBp1,0.2857142857142857,7,6,AGGACTGCAATTGAGCCAAG,1,3034916
rcsBp1,3.4285714285714284,29,6,AGCTTCAACATCGGTAGGCG,23,3059166
rcsBp1,6.0,47,6,AGCTACCCGTACCACCTACT,41,3061980
rcsBp1,0.2857142857142857,7,6,AGCGAGTGTTTGGTGCCTAT,1,3044936
rcsBp1,0.2857142857142857,7,6,AGCCTGGGTAGACAAACGCT,1,3042049
rcsBp1,0.2857142857142857,7,6,AGCCAGGACTGTTCCCGTAC,1,3067235
rcsBp1,2.0,19,6,AGCAGTGCTGGGAGCTATCA,13,3042213
rcsBp1,5.0,40,6,AGCAAGCGATCACTTCCTCA,34,3071179
rcsBp1,4.428571428571429,36,6,AGATGCCGAATATTCCTATA,30,3029656
rcsBp1,3.7142857142857144,31,6,AGATAACCTTATCCTTCGTC,25,3043570
rcsBp1,17.285714285714285,126,6,AGAGGCCAAACTATGTTATA,120,3029833
rcsBp1,2.2857142857142856,21,6,AGACGAGTTGATTTATTAAT,15,3067298
rcsBp1,8.0,61,6,AGAAATCGAATGCCAACGGG,55,3033853
rcsBp1,10.0,75,6,ACTTTACCCAGAGGGAGGTT,69,3060514
rcsBp1,1.8571428571428572,18,6,ACTAGCTCCTATGGCGATTG,12,3042769
rcsBp1,0.2857142857142857,7,6,ACTACAAGGTAAGTCTACGC,1,3058284
rcsBp1,7.142857142857143,55,6,ACGTCTGGATCGGATCCTCT,49,3051246
rcsBp1,4.428571428571429,36,6,ACGGGTGCTAAATGATTTGC,30,3030085
rcsBp1,4.142857142857143,34,6,ACGGATGCGACCCTAACGTG,28,3064550
rcsBp1,3.4285714285714284,29,6,ACGGAGGTTCGTTATTATTG,23,3055456
rcsBp1,2.2857142857142856,21,6,ACGCATCTGCCAAAATTATA,15,3050471
rcsBp1,3.142857142857143,27,6,ACGATAGCTCATTGATCAGG,21,3054463
rcsBp1,2.0,19,6,ACGAGGTCAAGCGAAGGGTG,13,3040976
rcsBp1,2.7142857142857144,24,6,ACGACATTCTTCCCCGGGCT,18,3065560
rcsBp1,7.285714285714286,56,6,ACCGGCTTGTTCATCCGTAT,50,3061674
rcsBp1,3.7142857142857144,31,6,ACCGCTGTGTTGAACGGTTC,25,3051721
rcsBp1,3.5714285714285716,30,6,ACCCTACTTCGACTTGCCGA,24,3029455
rcsBp1,2.4285714285714284,22,6,ACCCCGGAATAAGATGCTCC,16,3068348
rcsBp1,1.0,12,6,ACATTCACTGGAGGTAAGAT,6,3040567
rcsBp1,3.7142857142857144,31,6,ACAGATCTCGCTTCGATTCA,25,3038042
rcsBp1,2.2857142857142856,21,6,ACACGCGTCGGTACACACTC,15,3049760
rcsBp1,0.2857142857142857,7,6,ACACCGAATGACCCGGGTAA,1,3031073
rcsBp1,2.4285714285714284,22,6,ACAAGGCGCAAGTAGAGGCT,16,3050457
rcsBp1,1.0,12,6,ACAACGTTGCGGATTGCATC,6,3072560
rcsBp1,3.2857142857142856,28,6,AATGTCCCGTCGTTTTGGTA,22,3070209
rcsBp1,20.0,145,6,AATAGAACAAATATTTGATA,139,3048933
rcsBp1,0.5714285714285714,9,6,AAGTCTTCCCTCAGCCCGAA,3,3052088
rcsBp1,3.4285714285714284,29,6,AAGGCTGCCCCCCAGGGAAC,23,3044414
rcsBp1,1.2857142857142858,14,6,AAGGAACCGTAGTTTCCATC,8,3041209
rcsBp1,1.5714285714285714,16,6,AAGCTAAGAAGCCTTGCGCA,10,3029615
rcsBp1,2.0,19,6,AAGCCCGAGAGAAAGAGCTA,13,3054904
rcsBp1,5.285714285714286,42,6,AAGCAGCTTCTTCTTTCTTA,36,3041189
rcsBp1,3.142857142857143,27,6,AAGACGGTCAATGAGCCTTT,21,3028960
rcsBp1,0.2857142857142857,7,6,AAGAAGTCTTATCTAAAGAT,1,3063490
rcsBp1,3.2857142857142856,28,6,AACTGCCACGCTAGTCAGAT,22,3044806
rcsBp1,1.2857142857142858,14,6,AACTGAAGCTCCGTACCCAC,8,3025897
rcsBp1,0.2857142857142857,7,6,AACGTGCCAACAGCGAGGGC,1,3053932
rcsBp1,2.142857142857143,20,6,AACATAATACCATAATAAAT,14,3069328
rcsBp1,2.5714285714285716,23,6,AAATGACCCCCAGAATAAAA,17,3043753
rcsBp1,1.5714285714285714,16,6,AAAGTTAAACCCCTACACGT,10,3043699
rcsBp1,3.142857142857143,27,6,AAACCTAGTACTCTCCGTCC,21,3066282
rcsBp1,4.428571428571429,36,6,AAACAGTAGCTGATCAGTCG,30,3046024
rcsBp1,3.4285714285714284,29,6,AAAAGTTTGGTCCCGGACCT,23,3045894
rcsBp1,3.5,25,5,TTTTGTTTTCCAAGTGACCT,20,3044523
rcsBp1,2.1666666666666665,17,5,TTTTAGAAAGCGGGCTTCCC,12,3057281
rcsBp1,0.3333333333333333,6,5,TTTTAACGCGTTTGAACATT,1,3038300
rcsBp1,3.0,22,5,TTTGTTAGCCAACTCATCAT,17,3059389
rcsBp1,4.0,28,5,TTTGGACGACCATAGCGGGT,23,3047670
rcsBp1,0.3333333333333333,6,5,TTGTGGCCGAGCCCGCGATT,1,3051825
rcsBp1,24.0,148,5,TTGTAACAGCATGGTGTTGC,143,3028813
rcsBp1,3.5,25,5,TTGCTCTAACACATCTAAGG,20,3055247
rcsBp1,0.3333333333333333,6,5,TTGCAAGGTCCACTCCCAGT,1,3044365
rcsBp1,7.166666666666667,47,5,TTCGCTTTATTACGACGCCC,42,3041572
rcsBp1,2.0,16,5,TTCATAGAGTCTCGCATTCA,11,3042161
rcsBp1,19.0,118,5,TTATTCCCCTTTAGAATCGA,113,3042596
rcsBp1,0.3333333333333333,6,5,TTATGGGCAACCAATGAATA,1,3030423
rcsBp1,3.8333333333333335,27,5,TTAGGCGCTTAGCTCTAATA,22,3041286
rcsBp1,0.3333333333333333,6,5,TTACTGGTTCCCAGAATGAG,1,3068955
rcsBp1,1.3333333333333333,12,5,TTACCGGATCTGCAATAGTG,7,3040627
rcsBp1,0.3333333333333333,6,5,TTACAAATTCTTTTAGCTCT,1,3055423
rcsBp1,2.5,19,5,TTAATCGTCACTGCACCTTG,14,3062825
rcsBp1,1.3333333333333333,12,5,TGTTTTTATGAGTTGCGATA,7,3056489
rcsBp1,5.166666666666667,35,5,TGTTCGCCAGTGGCGCTCGC,30,3050754
rcsBp1,0.3333333333333333,6,5,TGTGACAGCTTCCGGAAGTT,1,3067011
rcsBp1,8.5,55,5,TGTAGCATGTCTGCACCGAA,50,3022362
rcsBp1,6.833333333333333,45,5,TGTACGCTGAGTACGTCAGA,40,3022576
rcsBp1,5.333333333333333,36,5,TGGTGATGTCATGTTTGCAA,31,3067312
rcsBp1,4.333333333333333,30,5,TGGGTGGTCAGCTAAGTAAC,25,3069244
rcsBp1,0.3333333333333333,6,5,TGGGTCCGCACAGCAACAAC,1,3057516
rcsBp1,2.5,19,5,TGGGGGCTCATCCGCATCAG,14,3061572
rcsBp1,0.3333333333333333,6,5,TGGGGGCCGGTGTCTTTAGT,1,3035640
rcsBp1,4.666666666666667,32,5,TGGGCCTGCGGCCTGCACAT,27,3040524
rcsBp1,2.5,19,5,TGGGAAACCCACCACATACC,14,3068070
rcsBp1,7.833333333333333,51,5,TGGAAGCCCGGGGCTCGTAT,46,3061636
rcsBp1,1.3333333333333333,12,5,TGCGGCCGGCTAACTCTGCT,7,3049473
rcsBp1,3.1666666666666665,23,5,TGCGACTTGCTCACTTTCAT,18,3030675
rcsBp1,7.0,46,5,TGCCTATCTGCCCAGGGTCA,41,3069555
rcsBp1,4.666666666666667,32,5,TGCCTAACACACTGAGAAAC,27,3033922
rcsBp1,3.8333333333333335,27,5,TGCCCCGCGCTCGACTTTCT,22,3065922
rcsBp1,8.5,55,5,TGATTTTTCTACTTAAAACT,50,3044813
rcsBp1,2.0,16,5,TGATTACAATTGTAACAGTA,11,3046653
rcsBp1,3.1666666666666665,23,5,TGACTCCCCGTGATGGTGCT,18,3053176
rcsBp1,21.166666666666668,131,5,TGACGTGCTTGTCCGCCCGG,126,3033774
rcsBp1,5.166666666666667,35,5,TGACGGGGCAGGGAGTGCAT,30,3026155
rcsBp1,5.166666666666667,35,5,TCTGCGGCATGGGTCCGTTG,30,3066638
rcsBp1,1.1666666666666667,11,5,TCTGCGGAAAATGATCTATG,6,3041211
rcsBp1,5.166666666666667,35,5,TCTACTGTACAGTTTCGCGA,30,3045189
rcsBp1,5.333333333333333,36,5,TCGTCTTTATCCTCCGACGA,31,3049144
rcsBp1,3.1666666666666665,23,5,TCGCGTGTTCGACATGCTCT,18,3032126
rcsBp1,3.0,22,5,TCGAAAGAGGACAGGTTTAG,17,3066234
rcsBp1,5.833333333333333,39,5,TCCGTCAAAGGGGCCACTCA,34,3037349
rcsBp1,6.5,43,5,TCCCCAGCATGTGGAGTGCT,38,3032359
rcsBp1,5.0,34,5,TCCAAGGGTGGCGTCCAAAG,29,3045001
rcsBp1,3.0,22,5,TCATCTACATGGGGCCAGGG,17,3062289
rcsBp1,2.6666666666666665,20,5,TCAGCGAGGATGATATTCCG,15,3066349
rcsBp1,4.5,31,5,TCAGAGCTTCCGCGTCGTAT,26,3067231
rcsBp1,3.0,22,5,TCACGAAACAACTCTTCTTG,17,3033071
rcsBp1,4.0,28,5,TCAACTTTAACCTCGTATAT,23,3032606
rcsBp1,3.0,22,5,TCAAAACCGAGGCAATTGGC,17,3030093
rcsBp1,5.833333333333333,39,5,TATGATCCCAATATGATCCT,34,3043536
rcsBp1,4.333333333333333,30,5,TATCCGCTGAACGGGCTTGG,25,3060479
rcsBp1,9.0,58,5,TATACACATCGGCTGTCAAT,53,3029148
rcsBp1,3.3333333333333335,24,5,TAGTCATACCTTCCTAGGGA,19,3053100
rcsBp1,0.3333333333333333,6,5,TAGCCAGCTACAACAGTGGA,1,3049840
rcsBp1,10.833333333333334,69,5,TACCCGTGCTTTCTAGTTTG,64,3032358
rcsBp1,0.3333333333333333,6,5,TACATGGTGGCTAGGGGCCC,1,3056534
rcsBp1,3.8333333333333335,27,5,TACAAAGGTTACTAATTTTA,22,3046394
rcsBp1,6.666666666666667,44,5,TAATAGTATACTGTATTTGT,39,3047317
rcsBp1,3.8333333333333335,27,5,TAAGGGGCTTTAAATGTTTC,22,3056340
rcsBp1,6.666666666666667,44,5,TAAGGAGCCCGTGGCGACTA,39,3045170
rcsBp1,1.6666666666666667,14,5,GTTGGGGGCCTCTGCACCTA,9,3044698
rcsBp1,4.333333333333333,30,5,GTTGAGGTCCGAGAATTGAC,25,3048679
rcsBp1,4.5,31,5,GTTCTGATCGAGGCCGTGTT,26,3029269
rcsBp1,6.0,40,5,GTTCAAGCCCAGGTTCAGCA,35,3030038
rcsBp1,0.5,7,5,GTGTGAGAGCATATTTATCC,2,3066651
rcsBp1,7.0,46,5,GTGTCTCCAAGAACTTTCCC,41,3072880
rcsBp1,3.5,25,5,GTGTCCAGTTGGCACGCGAC,20,3070652
rcsBp1,0.3333333333333333,6,5,GTGTAATGATAAGGTTAATA,1,3056502
rcsBp1,8.333333333333334,54,5,GTGGCTCAATCTCACCCTGA,49,3051153
rcsBp1,4.5,31,5,GTGGCTAGAACCCGGCCACG,26,3062991
rcsBp1,2.6666666666666665,20,5,GTGCTGCCGTGCCGGAATGA,15,3067103
rcsBp1,5.166666666666667,35,5,GTGCGGATCCTGGCGGGTTA,30,3068245
rcsBp1,2.0,16,5,GTGAAATTGGTCAGTAACGG,11,3051078
rcsBp1,0.3333333333333333,6,5,GTCACGCCCAATGCGGGTCC,1,3071693
rcsBp1,3.3333333333333335,24,5,GTCAATTGCCAACGAGATGA,19,3041834
rcsBp1,16.333333333333332,102,5,GTATCTAGAACACCAGACTG,97,3033508
rcsBp1,11.5,73,5,GTATCAGCTTGTGGGACGGT,68,3068722
rcsBp1,2.0,16,5,GTATACGCGGTCTAACACAA,11,3041414
rcsBp1,2.6666666666666665,20,5,GTAAATGATCTTGTCGCTGG,15,3064524
rcsBp1,3.3333333333333335,24,5,GGTTGTGGCAGGCCACTCAT,19,3027690
rcsBp1,4.666666666666667,32,5,GGTTATACTATTGATACCAC,27,3041046
rcsBp1,0.3333333333333333,6,5,GGTGTATCGACTATTTTGGG,1,3050062
rcsBp1,7.0,46,5,GGTCAAAGGAGGTTATCCTA,41,3032356
rcsBp1,0.3333333333333333,6,5,GGGTGCAACTTCGGATGTTG,1,3071135
rcsBp1,4.666666666666667,32,5,GGGCCGTCCGACCGGAACCC,27,3021875
rcsBp1,0.3333333333333333,6,5,GGGAGGTATTTCCCAGGAAG,1,3046631
rcsBp1,2.3333333333333335,18,5,GGGACTGTCTGGGCCAGCTA,13,3028189
rcsBp1,0.3333333333333333,6,5,GGGAAAAGGAGCTTACAGTA,1,3045708
rcsBp1,23.0,142,5,GGCTTGGGGGGCAGCTATTG,137,3052832
rcsBp1,0.3333333333333333,6,5,GGCTTACCAACTTGGTTCAG,1,3062950
rcsBp1,4.5,31,5,GGCTCGTCGAAGCGTAACTT,26,3039122
rcsBp1,2.0,16,5,GGCGGGGGCATACTGCGCGG,11,3041190
rcsBp1,1.8333333333333333,15,5,GGCCTGCTCCCGAGCCTGAA,10,3039213
rcsBp1,1.3333333333333333,12,5,GGCAGTTCGGCACCACCACC,7,3028142
rcsBp1,4.0,28,5,GGCAGGCCTAAAGCTTGGCC,23,3051787
rcsBp1,34.666666666666664,212,5,GGATTGTCTTCCCTTGAACT,207,3071755
rcsBp1,27.833333333333332,171,5,GGAGTGCAGCCGTGTATCGG,166,3022757
rcsBp1,4.666666666666667,32,5,GGAGTCCAATGTTGGATGCT,27,3027946
rcsBp1,5.5,37,5,GGAGTCAAGTTGTCCGCTTA,32,3063513
rcsBp1,3.3333333333333335,24,5,GGACCTCGTTTATGCTTGCT,19,3065655
rcsBp1,2.3333333333333335,18,5,GGACCCGTAAGGCTTAGAAA,13,3063165
rcsBp1,3.8333333333333335,27,5,GGAAGGCCTTGTGCCCATGA,22,3062575
rcsBp1,0.3333333333333333,6,5,GCTGTGATGTTCGAGGAGAT,1,3068382
rcsBp1,4.5,31,5,GCTGCTGGGCTGTTAAAAAG,26,3024870
rcsBp1,3.3333333333333335,24,5,GCTCTCAGATATGTGAATTG,19,3034479
rcsBp1,3.3333333333333335,24,5,GCTCCTGCAACCTCAAGATA,19,3059939
rcsBp1,7.833333333333333,51,5,GCGCTTGACATGTACGAACG,46,3063403
rcsBp1,3.3333333333333335,24,5,GCGCGGGAACATAATCCTCA,19,3073061
rcsBp1,8.333333333333334,54,5,GCGATTTGGTTTGCTCCCCA,49,3023847
rcsBp1,6.0,40,5,GCCGTGTGGTGAATTCTAAC,35,3048897
rcsBp1,6.0,40,5,GCCGAGGTTAATACACACCA,35,3036826
rcsBp1,4.166666666666667,29,5,GCCCCTGCGCGGGTAGTGGA,24,3037741
rcsBp1,6.166666666666667,41,5,GCCCCGCTTGTTACAGTTGA,36,3051163
rcsBp1,13.666666666666666,86,5,GCATGGTGATGCGCTCTCTG,81,3043355
rcsBp1,6.833333333333333,45,5,GCATGGCTGTCCATTGTTAT,40,3069549
rcsBp1,6.333333333333333,42,5,GCAGTCAGCTACCCTAAACA,37,3070565
rcsBp1,3.5,25,5,GCACTCATGCGTACTGCAGT,20,3023771
rcsBp1,9.833333333333334,63,5,GCAAGTTATCCGGCTGGACA,58,3062952
rcsBp1,6.0,40,5,GATGTTGTCTGGCCTAAACT,35,3030640
rcsBp1,2.6666666666666665,20,5,GATGGGGCCTAATCAACCAA,15,3066314
rcsBp1,1.6666666666666667,14,5,GATGCCGGCCCCCATTAATG,9,3057986
rcsBp1,4.0,28,5,GATCAAACGCGGAAGGACAA,23,3028493
rcsBp1,4.5,31,5,GATAGCTCTTTGAAGAGATC,26,3057680
rcsBp1,9.833333333333334,63,5,GAGCCCATTTACATGCTATG,58,3023928
rcsBp1,5.5,37,5,GAGCCATACCCGGCTCCATT,32,3068315
rcsBp1,4.333333333333333,30,5,GAGAGAGGCACAGCTGCGTC,25,3031794
rcsBp1,6.0,40,5,GAGACATAGGTGAGTACCCA,35,3026109
rcsBp1,2.3333333333333335,18,5,GACTGGGATTTAGGAATAAG,13,3041855
rcsBp1,4.0,28,5,GACTAAGGTGTCTTTCGGCC,23,3040807
rcsBp1,4.333333333333333,30,5,GACGGGCAAAATATAGATCC,25,3033147
rcsBp1,4.833333333333333,33,5,GAATCATTTTGTCACACTCG,28,3021929
rcsBp1,4.166666666666667,29,5,CTTTGCGTTTCAAACAAACG,24,3027333
rcsBp1,0.3333333333333333,6,5,CTTGTTAAGTAAGGTAGGCA,1,3055248
rcsBp1,5.0,34,5,CTTGGCAACTCACTCCTCGG,29,3022710
rcsBp1,5.833333333333333,39,5,CTTCTTCTCTAAACTGCGAA,34,3064281
rcsBp1,0.3333333333333333,6,5,CTGTGTGCGTCAAGATGGGA,1,3028581
rcsBp1,5.833333333333333,39,5,CTGTCAAGGGCTGCTGAGTC,34,3046842
rcsBp1,14.666666666666666,92,5,CTGGACGTCGCGGGAAGTGG,87,3025446
rcsBp1,2.0,16,5,CTGCTATTCGTAGACACGCC,11,3061297
rcsBp1,0.8333333333333334,9,5,CTGCCATAGATCGACCGTGT,4,3055696
rcsBp1,5.0,34,5,CTGAGTAGTCTTCAACTTCC,29,3054551
rcsBp1,1.3333333333333333,12,5,CTCTTGTTCTCATTGGGGAG,7,3071505
rcsBp1,0.5,7,5,CTCTATTTAAGGTGTTCCGC,2,3056950
rcsBp1,4.833333333333333,33,5,CTCCCGGTCTTTTGACGTAC,28,3051981
rcsBp1,4.833333333333333,33,5,CTCAGGTTCGCACAGGCCAT,28,3042780
rcsBp1,0.3333333333333333,6,5,CTCAAAAGCGAATGTGGGGT,1,3025768
rcsBp1,5.833333333333333,39,5,CTATCAATCGTTCAGTGATG,34,3024921
rcsBp1,6.166666666666667,41,5,CTATATATGCTATCGTCCTA,36,3032279
rcsBp1,0.3333333333333333,6,5,CTAGACGTTCCAGTCGCAGG,1,3030974
rcsBp1,12.333333333333334,78,5,CTACAGCTAGTTTTGCTAGC,73,3046099
rcsBp1,2.0,16,5,CGTTCTATGCACTGCTCTGG,11,3056923
rcsBp1,5.666666666666667,38,5,CGTTCACATTGGTAGGACCT,33,3060413
rcsBp1,9.5,61,5,CGTGGGGGCTAACTGAGCCG,56,3039954
rcsBp1,29.166666666666668,179,5,CGTCATTTGGGTAGGAACAC,174,3033555
rcsBp1,0.5,7,5,CGTATCGGCATTGGGACGAA,2,3034023
rcsBp1,3.1666666666666665,23,5,CGGTTCCTCCCATTAATCCG,18,3039364
rcsBp1,0.8333333333333334,9,5,CGGTCAACGTCAAACAGTAG,4,3054258
rcsBp1,4.5,31,5,CGGGGCTGGAACGCGGTTTA,26,3025636
rcsBp1,9.0,58,5,CGGCGGGTCGGGTGGATACA,53,3037813
rcsBp1,0.3333333333333333,6,5,CGGATATTGCGATGTCTTCA,1,3054588
rcsBp1,19.833333333333332,123,5,CGGAGCGCGGAATCAGCGCC,118,3033536
rcsBp1,3.6666666666666665,26,5,CGCTTCGCCGGCCATTTCTA,21,3047978
rcsBp1,3.3333333333333335,24,5,CGCTGAGGGAGACTATCATC,19,3035890
rcsBp1,4.5,31,5,CGCGTCGCGCACAGCGTCCT,26,3032399
rcsBp1,0.6666666666666666,8,5,CGCACCGAGTGTGGTGAGGC,3,3029123
rcsBp1,4.166666666666667,29,5,CGCACCAAAGTCACGCTAAA,24,3024919
rcsBp1,3.0,22,5,CGAGATTGAACAAAAGTAAA,17,3055205
rcsBp1,0.3333333333333333,6,5,CGACCTGCTAATAACCATGG,1,3038732
rcsBp1,6.833333333333333,45,5,CGACAATCGTAGGTGGTATG,40,3057289
rcsBp1,5.166666666666667,35,5,CGAAGGGTCCCCAAGCTAGA,30,3049438
rcsBp1,0.3333333333333333,6,5,CGAAGCTGATACTACAGGTA,1,3035470
rcsBp1,0.3333333333333333,6,5,CCTTGGCATCGCGTAGCACT,1,3053617
rcsBp1,0.8333333333333334,9,5,CCTGTCATCTGGTCTCTAAC,4,3053294
rcsBp1,1.3333333333333333,12,5,CCTCTCTTTGTACCCAAATC,7,3031424
rcsBp1,3.5,25,5,CCTAACATCAGGATAGCCAG,20,3023065
rcsBp1,0.3333333333333333,6,5,CCGTCTGAACTAAGTTCCCT,1,3056195
rcsBp1,5.666666666666667,38,5,CCGGTGAGCGTCAGGGGCGG,33,3027719
rcsBp1,0.3333333333333333,6,5,CCGCTGGGTTGCCAGTTAAT,1,3027751
rcsBp1,4.833333333333333,33,5,CCGACCCATATCGCTGGCAA,28,3031631
rcsBp1,3.0,22,5,CCGAAAATAGAAAATCCCCA,17,3040546
rcsBp1,0.5,7,5,CCCTTTGGAAAATCGTCCCT,2,3043971
rcsBp1,4.666666666666667,32,5,CCCTATTGAGGGTTCGCCGC,27,3046463
rcsBp1,6.0,40,5,CCCAATCTAGACCGACGCTT,35,3039644
rcsBp1,4.5,31,5,CCAGAGTAGGGGTCATGTAA,26,3026019
rcsBp1,0.3333333333333333,6,5,CCACGATCACGCTGCGGCGT,1,3025837
rcsBp1,3.1666666666666665,23,5,CCACCGTGAGTTACTAAGCT,18,3029406
rcsBp1,0.3333333333333333,6,5,CCACCATCCGGCTCCTGGAT,1,3023898
rcsBp1,3.5,25,5,CCACAGTGAAAAATAAAGTC,20,3073165
rcsBp1,0.8333333333333334,9,5,CCAAGAGCCCAGAAAGATAC,4,3065595
rcsBp1,3.3333333333333335,24,5,CCAACTACGGTACGTACTTG,19,3024952
rcsBp1,5.666666666666667,38,5,CATTCAGTCGTGGTTCCGTC,33,3071614
rcsBp1,3.6666666666666665,26,5,CATGAAGGACTCTTCTGAAG,21,3025795
rcsBp1,5.333333333333333,36,5,CATCTACCCATTGTTTGCAA,31,3043966
rcsBp1,10.666666666666666,68,5,CATCGAGCATCCAGACTAGC,63,3049720
rcsBp1,6.666666666666667,44,5,CATATACGTTTACCAAGTGT,39,3033026
rcsBp1,5.0,34,5,CATACAGCTAAGCAGTCGAG,29,3037632
rcsBp1,2.1666666666666665,17,5,CATAATTGGAATCTGAAGGA,12,3049846
rcsBp1,5.0,34,5,CAGGTATTCTATTTTTAGAG,29,3070289
rcsBp1,6.166666666666667,41,5,CAGCGTATTCCGAGGCGGAC,36,3038851
rcsBp1,3.8333333333333335,27,5,CAGATCTGAAGACCCTGTGG,22,3066815
rcsBp1,2.0,16,5,CACTCTCTAATAAAGTAATA,11,3043146
rcsBp1,3.3333333333333335,24,5,CACATCGGAGGTGGGTTTAA,19,3069116
rcsBp1,0.3333333333333333,6,5,CAATTGGCAGGTGAACAAAC,1,3069647
rcsBp1,8.166666666666666,53,5,CAATATTGTCTGATCCCAAT,48,3058452
rcsBp1,4.833333333333333,33,5,CAAGGCCCAAACGTCCCTGT,28,3058166
rcsBp1,43.666666666666664,266,5,CAAAACCAGGTTGACGCATA,261,3053435
rcsBp1,9.5,61,5,ATTTTGGAATCATGTGGAGC,56,3042508
rcsBp1,2.1666666666666665,17,5,ATTCGGCTATGGGTTGCCGC,12,3054440
rcsBp1,16.333333333333332,102,5,ATTCAGGTTGCAATTCAAGA,97,3042498
rcsBp1,3.0,22,5,ATGTTAGGATCGCAAATTAG,17,3067715
rcsBp1,7.833333333333333,51,5,ATGCCATCGGTTGGGAGTCA,46,3023949
rcsBp1,4.333333333333333,30,5,ATGCAGTTACTCTGGCACCC,25,3051465
rcsBp1,3.5,25,5,ATGATCCTAGCGGTGACAAA,20,3048681
rcsBp1,2.6666666666666665,20,5,ATGAGCATGTGCGTTGCCGA,15,3034461
rcsBp1,38.0,232,5,ATCTTCCTAGACATGGAACC,227,3033531
rcsBp1,14.333333333333334,90,5,ATCTCGTTATCTGAAACTCT,85,3027220
rcsBp1,4.166666666666667,29,5,ATCGTTATGGTCCGCCCAGC,24,3056886
rcsBp1,3.5,25,5,ATCGAAAAGGTCCATACCTC,20,3052268
rcsBp1,3.6666666666666665,26,5,ATCCCGCTGAAAGTAGGTTG,21,3056682
rcsBp1,5.666666666666667,38,5,ATCCACGTATCCGGTACATT,33,3068260
rcsBp1,2.6666666666666665,20,5,ATAGTAAGATGGAACCCATT,15,3042566
rcsBp1,4.5,31,5,ATAGCTGATATCTACCAATA,26,3055287
rcsBp1,5.0,34,5,ATAGACGGCTAAGTTGCTTG,29,3039784
rcsBp1,24.333333333333332,150,5,ATACGCAAATTACGGTCCAC,145,3042488
rcsBp1,0.3333333333333333,6,5,AGTTCCCAAACAGGCGGCAT,1,3035395
rcsBp1,0.3333333333333333,6,5,AGTTCCAAATCAGCTATTCC,1,3044205
rcsBp1,5.166666666666667,35,5,AGTGTTGGTCATATTCGCGG,30,3064006
rcsBp1,2.5,19,5,AGTGCGGATCGAGTTGGGTA,14,3058496
rcsBp1,2.1666666666666665,17,5,AGTGAAGGTGACGTAAAACA,12,3060765
rcsBp1,0.3333333333333333,6,5,AGTAGAGTTGCCGAAACCGT,1,3054308
rcsBp1,8.166666666666666,53,5,AGGGCGGACTGCCACTGCTT,48,3033610
rcsBp1,18.666666666666668,116,5,AGGGAGCTTGCACAATGTTG,111,3026980
rcsBp1,3.6666666666666665,26,5,AGGCTAAGTTCGATGGCAAA,21,3028803
rcsBp1,4.833333333333333,33,5,AGCTATAATCAGGTGCCAGT,28,3023423
rcsBp1,5.333333333333333,36,5,AGCTACAACTGGTCAGACTC,31,3067951
rcsBp1,3.1666666666666665,23,5,AGCTACAACAGGATCGAAGG,18,3049314
rcsBp1,3.1666666666666665,23,5,AGCGCGGTCTCAAGGCTATT,18,3064353
rcsBp1,2.6666666666666665,20,5,AGCGAAGGACCGTACTGAGG,15,3066566
rcsBp1,1.0,10,5,AGCACGTATGTCCATCATAA,5,3029028
rcsBp1,6.5,43,5,AGCACGCTGTAGAGTCACCT,38,3046485
rcsBp1,5.833333333333333,39,5,AGACGCTAAAGGTATGTTAG,34,3034271
rcsBp1,2.5,19,5,AGAATCCAAGGCATTGATGA,14,3033081
rcsBp1,5.5,37,5,ACTTTAGCTCCGGCCTGGTT,32,3033511
rcsBp1,1.0,10,5,ACTAGACACAGTGACAGTTG,5,3055731
rcsBp1,0.3333333333333333,6,5,ACTACTCCTTGTCTGGTAGC,1,3035792
rcsBp1,5.666666666666667,38,5,ACGCACGCAATTTCGGTCGT,33,3065743
rcsBp1,2.3333333333333335,18,5,ACGACTTATGGGGTGTCTGA,13,3071767
rcsBp1,5.166666666666667,35,5,ACCTCTTCGTGGTCCCGGGA,30,3028857
rcsBp1,1.6666666666666667,14,5,ACCCTTTTAAATAGTTCTCA,9,3044199
rcsBp1,4.333333333333333,30,5,ACCATCGAGGGTTTTCAAAA,25,3038001
rcsBp1,11.833333333333334,75,5,ACATGCAGTTCTACATTGGC,70,3025475
rcsBp1,3.8333333333333335,27,5,ACATCACTATGGCTATCAGG,22,3036514
rcsBp1,7.333333333333333,48,5,ACATACTGTTTAGGAACAGT,43,3041908
rcsBp1,4.666666666666667,32,5,ACACTTTTTAGCACGCCCTT,27,3061873
rcsBp1,1.6666666666666667,14,5,ACAAGCCAGCGGATAAGTAG,9,3027023
rcsBp1,4.666666666666667,32,5,AATTTCCCGTCCAACTGGAC,27,3060361
rcsBp1,19.833333333333332,123,5,AATTGTGTCTTGATATTCTT,118,3060267
rcsBp1,7.166666666666667,47,5,AATTCCTGATTTTTGCGGCC,42,3023018
rcsBp1,8.5,55,5,AATGGTTGGTAAATTAGGAT,50,3033466
rcsBp1,4.166666666666667,29,5,AATCGGGCACTTAACTCCTG,24,3043259
rcsBp1,2.1666666666666665,17,5,AATAGTCCATACATATTGGA,12,3059285
rcsBp1,4.666666666666667,32,5,AAGGGTGACCCCGAAAAAAC,27,3047193
rcsBp1,6.666666666666667,44,5,AAGGCACGGCCTTTTCTCAG,39,3037731
rcsBp1,5.333333333333333,36,5,AAGAAACGGTATGACCGCGA,31,3038727
rcsBp1,1.5,13,5,AACTGCCGCCCCGGTACCCT,8,3052945
rcsBp1,6.0,40,5,AACCGTAATATAAGGTGGGG,35,3048899
rcsBp1,9.333333333333334,60,5,AACCCGATCCACCCGACGCA,55,3060923
rcsBp1,2.8333333333333335,21,5,AACACGAAGAGACTGTCCAA,16,3043845
rcsBp1,1.8333333333333333,15,5,AAATACTCCAGATCTCAGTG,10,3061945
rcsBp1,3.0,22,5,AAAGGATGAGTTTCGCTGAA,17,3061996
rcsBp1,0.3333333333333333,6,5,AAACGTCCCAGTTGAGCGAG,1,3067244
rcsBp1,1.1666666666666667,11,5,AAAATTGCGAGTGACGGGGT,6,3030020
rcsBp1,2.5,19,5,AAAAGGGAGTACCTATGAGG,14,3052049
rcsBp1,4.4,25,4,TTTTATAAAATTTCAAGGTT,21,3049241
rcsBp1,2.2,14,4,TTTTACACTGTGATGAGCCT,10,3047288
rcsBp1,5.8,32,4,TTTTAACATGACAAGACGCT,28,3048861
rcsBp1,5.4,30,4,TTTGCGAAAGCTTAGTTACG,26,3041350
rcsBp1,4.8,27,4,TTTGAGGAGAATGCACACCA,23,3028605
rcsBp1,3.0,18,4,TTTAGGCGCAGCGCCTCACC,14,3028814
rcsBp1,4.6,26,4,TTTAGATCTTGTGTCTACTT,22,3042572
rcsBp1,6.0,33,4,TTTACGGGGGAAATTCTTGG,29,3050882
rcsBp1,5.4,30,4,TTTAATGATCCATTGGATGC,26,3064929
rcsBp1,3.4,20,4,TTTAAGCAGCAGTGAAGCCG,16,3050236
rcsBp1,2.8,17,4,TTGCCGGATTGCGCATCCCT,13,3071651
rcsBp1,0.4,5,4,TTGCCGCGGTCAGACTCTTG,1,3044359
rcsBp1,3.4,20,4,TTGCCCATCCGTGCTATGAA,16,3044728
rcsBp1,6.6,36,4,TTGACTAGAAACAACGCCTG,32,3070475
rcsBp1,6.8,37,4,TTCTTCCGCCTTGTACTCTA,33,3059429
rcsBp1,8.4,45,4,TTCTTCAGTCTGGAGTCGTA,41,3068360
rcsBp1,2.6,16,4,TTCTGTGAACCGTCAAGACT,12,3059886
rcsBp1,5.4,30,4,TTCTGCACCTGTAGATAAAT,26,3037324
rcsBp1,5.0,28,4,TTCGCGAACCGACGCACACT,24,3046991
rcsBp1,5.4,30,4,TTCGCCAATTTAACGGACAG,26,3073601
rcsBp1,2.4,15,4,TTCCTCGGAAAATAAGTATT,11,3031655
rcsBp1,41.6,211,4,TTATAGTCCGGTTGGGGCTT,207,3072313
rcsBp1,4.0,23,4,TTAGTTTGGCCAGGCCTATA,19,3064811
rcsBp1,6.2,34,4,TTAGAGGCTTTCGTCGTCCC,30,3049539
rcsBp1,6.4,35,4,TTACGAATCGCGTCTGGTGC,31,3044803
rcsBp1,9.2,49,4,TGTGTAGTGACAGCATTTAC,45,3073289
rcsBp1,4.2,24,4,TGTGATGGTCATTAAAAAGC,20,3067095
rcsBp1,2.8,17,4,TGTCTCCGGTTGCTGGGCTG,13,3057818
rcsBp1,0.4,5,4,TGGTCAAAATCCTCCATGTT,1,3050214
rcsBp1,5.0,28,4,TGGGTCCTCTCGTAAAATGC,24,3059851
rcsBp1,2.2,14,4,TGGGCATGGCAGCACGGGCA,10,3071210
rcsBp1,2.6,16,4,TGGCGAGTAAAGATGTAGAA,12,3030588
rcsBp1,6.2,34,4,TGGCGAATACGTAGACCACT,30,3032365
rcsBp1,2.6,16,4,TGGCATGTTATGGCACTTAC,12,3030407
rcsBp1,2.2,14,4,TGGACTGAGATTCCCTCGGC,10,3046203
rcsBp1,1.4,10,4,TGGACCATCCCGATTATTTG,6,3025570
rcsBp1,11.8,62,4,TGGACCACTGTCCGGCAAAT,58,3054324
rcsBp1,1.6,11,4,TGCTTTGGATAATGAACGTT,7,3042843
rcsBp1,8.0,43,4,TGCCCATTCGGACTAGGAAT,39,3052329
rcsBp1,7.8,42,4,TGCAGGACGGGGAGTCTATG,38,3054461
rcsBp1,5.0,28,4,TGATCGCTACGGGGCACGGC,24,3035447
rcsBp1,1.0,8,4,TGACAAACTCAACAAGGCAA,4,3065028
rcsBp1,6.2,34,4,TGAATACGCGTGATGCCGCT,30,3042565
rcsBp1,0.4,5,4,TGAACCTCACCACCTTCTGT,1,3065740
rcsBp1,5.8,32,4,TCTCGCTTAGGTCCCGAAAA,28,3029206
rcsBp1,4.6,26,4,TCTCCGAGGGTCAACGTGTG,22,3064238
rcsBp1,5.0,28,4,TCTAGCGCCGTGCTATCTCT,24,3071313
rcsBp1,11.0,58,4,TCGGTACTGTGATTATGACT,54,3025574
rcsBp1,4.0,23,4,TCGGGCGTAACTTGCGGGCG,19,3057285
rcsBp1,36.4,185,4,TCGACCCGCGATATGGCATC,181,3052837
rcsBp1,5.6,31,4,TCCTTCAGATCAAGCGTCAA,27,3040990
rcsBp1,10.0,53,4,TCCGACCGAGTAATTAATTA,49,3052730
rcsBp1,9.2,49,4,TCCCCGGCACCGCTGCCGTA,45,3048298
rcsBp1,6.2,34,4,TCCATATTCGGGAAGCTCGT,30,3073710
rcsBp1,8.2,44,4,TCATGGATAATTCCTTGTCT,40,3032284
rcsBp1,6.4,35,4,TCAAAAGCGGTGCAGCTTGC,31,3048550
rcsBp1,0.6,6,4,TATCGCTTATTTATGTAGAT,2,3023336
rcsBp1,0.4,5,4,TATCCCGTAGGCGGGCGTCA,1,3029918
rcsBp1,4.0,23,4,TATAGGCTAACAAGTAGCCA,19,3023512
rcsBp1,0.4,5,4,TATAATCTTTGTCTAACCTC,1,3032730
rcsBp1,4.8,27,4,TATAAATAAAGTCCGTCTTT,23,3060103
rcsBp1,4.0,23,4,TAGAGCATCATACCAGAAGA,19,3024248
rcsBp1,7.8,42,4,TAGAGACTCTGGCCATATCG,38,3059760
rcsBp1,4.2,24,4,TAGACTTAGGCGATAGAGGG,20,3021898
rcsBp1,4.0,23,4,TACTTGCAAGCCACCTACAA,19,3034489
rcsBp1,4.8,27,4,TACTCAAGCAAATTTCTTCC,23,3069054
rcsBp1,4.6,26,4,TACGCTTTAGGGGGATCGCT,22,3039882
rcsBp1,99.8,502,4,TACGATCTCGTTTTTCCGAT,498,3042507
rcsBp1,9.2,49,4,TACGAACTACAACTTATAAC,45,3035629
rcsBp1,8.4,45,4,TACCGTACCGACGAACTTGT,41,3042044
rcsBp1,11.6,61,4,TACATTGCCCCGATTCAAAC,57,3050673
rcsBp1,4.8,27,4,TAATTCATCTAACCGGACAA,23,3035485
rcsBp1,4.6,26,4,TAATGATTGACTTCCAGTGT,22,3036702
rcsBp1,2.6,16,4,TAATCTTACCTGTCATCGGA,12,3061252
rcsBp1,3.2,19,4,TAATCGCTGCCCACTGCTTC,15,3041060
rcsBp1,8.8,47,4,TAAGTTCTCATAGAGCTTCC,43,3027164
rcsBp1,8.8,47,4,TAAGGACGCTCAACAGGACT,43,3065813
rcsBp1,0.4,5,4,GTTTTGAGTGGAGCATGGAT,1,3067432
rcsBp1,8.8,47,4,GTTGGCAGGTTTAGAGCTCT,43,3049708
rcsBp1,9.8,52,4,GTTCTGTCCTGTCTTTGATT,48,3035539
rcsBp1,5.4,30,4,GTTCTCTCCTAAGCTACCAG,26,3026062
rcsBp1,0.4,5,4,GTTCCAGGTGGGACTCTCTC,1,3063358
rcsBp1,4.8,27,4,GTTACGTTTACCCCAATCCT,23,3058428
rcsBp1,8.0,43,4,GTTACATCTGGGCAATGGTA,39,3059279
rcsBp1,3.0,18,4,GTGTCCTTGACCAAAACCCA,14,3054592
rcsBp1,8.4,45,4,GTGTACACTTCGTAACCGAC,41,3045184
rcsBp1,4.8,27,4,GTGGCATGATCTTATTCCTT,23,3065593
rcsBp1,1.4,10,4,GTGCTCGGAACCTAGTACTC,6,3034469
rcsBp1,9.2,49,4,GTGCAGGATTGACGGCGGGG,45,3038094
rcsBp1,3.0,18,4,GTCTACAGGAGGGGAAACCA,14,3064447
rcsBp1,2.0,13,4,GTCGTGCTTCGCCCAGACTA,9,3040272
rcsBp1,10.8,57,4,GTCGTGACCACAACCGAATG,53,3033845
rcsBp1,0.6,6,4,GTCGGCCGGCTAACGGAAGT,2,3040139
rcsBp1,1.4,10,4,GTCATTCGCGTCTCCCCTTT,6,3056808
rcsBp1,3.6,21,4,GTCAATAGACGTAAAACGAT,17,3027688
rcsBp1,0.4,5,4,GTCAAATCTTGAGGTCTGTA,1,3071055
rcsBp1,4.6,26,4,GTATTGTGCTTAGCTGTATG,22,3022001
rcsBp1,0.4,5,4,GTATGGGCTGTAACACTACT,1,3054898
rcsBp1,8.6,46,4,GTATGCCAAGAGAGAATCCT,42,3029468
rcsBp1,1.8,12,4,GTAGTCTGCCATTACGGAGG,8,3049407
rcsBp1,1.8,12,4,GTAGAGCCGTGAACACGTGT,8,3060123
rcsBp1,4.8,27,4,GTAGAAATTTCGTGTTTAAC,23,3036568
rcsBp1,2.2,14,4,GTACAGGAGACGCGCACGAG,10,3072987
rcsBp1,0.4,5,4,GTAAGTGCTCCGTGGACCGT,1,3062204
rcsBp1,4.0,23,4,GTAAGACTCGGCTTTGTGGA,19,3033759
rcsBp1,13.0,68,4,GGTTTGGCTTCTACCGGGCG,64,3038118
rcsBp1,14.8,77,4,GGTTTGCAAGCGCGTTGTTA,73,3058701
rcsBp1,2.0,13,4,GGTTTAAATTGGAATAGTTC,9,3051120
rcsBp1,0.4,5,4,GGTTCACGTCTCACATCACA,1,3040148
rcsBp1,5.0,28,4,GGTGAACAACTAAGGTCTGT,24,3032282
rcsBp1,4.2,24,4,GGTCTACCTCGTATGTAGGC,20,3045002
rcsBp1,5.8,32,4,GGTCCTAGGTGCGGGACCCT,28,3068562
rcsBp1,4.0,23,4,GGGCGGAAACGTTACCCCAA,19,3036548
rcsBp1,19.8,102,4,GGGATGGCACGCGGATAAGA,98,3072316
rcsBp1,2.6,16,4,GGGACCATCCGAAGTTGACG,12,3064913
rcsBp1,0.4,5,4,GGCTCCAGTGGGACACATTC,1,3052022
rcsBp1,5.2,29,4,GGCGTGAGTCATCGTAGCTA,25,3056207
rcsBp1,5.2,29,4,GGCGGACACGATGTGTCGCT,25,3046462
rcsBp1,3.2,19,4,GGCGCTCCTGTGTTCGTTTT,15,3036221
rcsBp1,10.4,55,4,GGCCTACACATGTGAGAGCC,51,3030781
rcsBp1,20.4,105,4,GGCCGGTACTGAAAAGTGTT,101,3062198
rcsBp1,3.8,22,4,GGATTTGCAGCCATCTTCGT,18,3066122
rcsBp1,3.0,18,4,GGAGCGTAAAACCACCGAGC,14,3030663
rcsBp1,2.4,15,4,GGAGAGGACTGGCTCGTCTA,11,3043858
rcsBp1,2.8,17,4,GGACTTTTATCAACGTACTC,13,3025031
rcsBp1,3.8,22,4,GGAAGTCGCCCGTCTGTCTC,18,3065766
rcsBp1,6.2,34,4,GCTTATGCGGCGTAGGAGAG,30,3051515
rcsBp1,1.6,11,4,GCTGGGAAGCCCGTGCGAGT,7,3034838
rcsBp1,0.4,5,4,GCTGCCTACCCTACTGGCAT,1,3065082
rcsBp1,11.2,59,4,GCGGTGGCGTTGGGTGATTT,55,3030030
rcsBp1,3.2,19,4,GCGCTATATACAGTTACTGA,15,3054149
rcsBp1,3.8,22,4,GCGCGGTTCCGCAGCGGGAC,18,3066679
rcsBp1,9.2,49,4,GCATGAATCACATGCGCAAG,45,3040969
rcsBp1,0.6,6,4,GCAGTCGAGCGGGGCGGTGT,2,3050130
rcsBp1,2.0,13,4,GCACCCGGCCGGTATAATGA,9,3062581
rcsBp1,7.0,38,4,GCAATTTAGGACTTCCTGAT,34,3029114
rcsBp1,12.2,64,4,GCAAAGGTAATTTTAGCTGC,60,3050755
rcsBp1,0.4,5,4,GCAAACACTTACAGGGTACC,1,3050149
rcsBp1,4.6,26,4,GATTTCGAGGTATGTAGGAA,22,3025338
rcsBp1,3.6,21,4,GATGTTTAGGTATTCCGGAC,17,3037891
rcsBp1,4.0,23,4,GATCTCAACCTATGCCCACT,19,3024159
rcsBp1,0.4,5,4,GATCTATATAGTTACTACGA,1,3057897
rcsBp1,0.4,5,4,GATCGTGTTCGGTTCTAGTG,1,3062884
rcsBp1,0.8,7,4,GATAGGGGGTAAGGCGACCA,3,3022565
rcsBp1,1.6,11,4,GATAAATAGGTTAAGAGCAT,7,3044955
rcsBp1,2.6,16,4,GAGTATTTTAGGTACCGGGA,12,3055275
rcsBp1,10.6,56,4,GAGGGCTACGGGGGCGTTAA,52,3060387
rcsBp1,3.8,22,4,GAGCACATGTCAAACGGTGA,18,3058625
rcsBp1,2.2,14,4,GAGACGTATCCGCTACGCGT,10,3022792
rcsBp1,5.0,28,4,GACGTGCTTGGTCTCGGATA,24,3026946
rcsBp1,4.8,27,4,GACGGACCTCGTGATCCAAA,23,3071947
rcsBp1,12.6,66,4,GACCTCAGATGTATCTTCAA,62,3048622
rcsBp1,4.0,23,4,GACCGGTGACACTTAGATAC,19,3047400
rcsBp1,3.8,22,4,GACACAGTGTGGAGGACGCT,18,3073689
rcsBp1,6.6,36,4,GAATGGCTGGTCTCTACTCT,32,3037145
rcsBp1,148.0,743,4,GAATATTTGTACACCTCCTA,739,3025436
rcsBp1,18.2,94,4,GAATACTGCGATGGGTTCCG,90,3046820
rcsBp1,6.6,36,4,GAACTTGATTAGGTTTAGGA,32,3030803
rcsBp1,37.6,191,4,GAACATCACATGCGGGTTTC,187,3033566
rcsBp1,7.6,41,4,GAAAGTACCGCAAGAGAAGG,37,3036263
rcsBp1,26.0,133,4,CTTTTTACGCACTGTATTTG,129,3070191
rcsBp1,5.2,29,4,CTTTTACATCGCCTTGTATG,25,3051170
rcsBp1,7.0,38,4,CTTGGAGACGGGGGCTTTGC,34,3024992
rcsBp1,13.2,69,4,CTGTCGTATACAAAGGTCTG,65,3048769
rcsBp1,6.0,33,4,CTGAGCGGTGCTCAAGTGTC,29,3035278
rcsBp1,3.6,21,4,CTGAGCATATTCCTGTGAAT,17,3070069
rcsBp1,6.6,36,4,CTGACTGGTTTTTCGCACGC,32,3047354
rcsBp1,11.6,61,4,CTGAACGAGCTTCCTAGCAG,57,3025645
rcsBp1,4.4,25,4,CTCTTAAGAGTCGTGCTGGA,21,3023042
rcsBp1,2.8,17,4,CTCCAGGAGACGGGTCACAG,13,3055473
rcsBp1,3.6,21,4,CTCCAATACGGTACATGGAC,17,3046141
rcsBp1,26.4,135,4,CTCACAAGACTAGCAGGGTG,131,3026198
rcsBp1,5.8,32,4,CTAGACGAGTTCGCATGAGG,28,3060517
rcsBp1,9.4,50,4,CTAACTGTATCCTCAAAAAC,46,3040977
rcsBp1,4.4,25,4,CGTTTTGGCCGTCATTTGGC,21,3046451
rcsBp1,0.4,5,4,CGTCGGGCACGTCGGTCACG,1,3056314
rcsBp1,1.8,12,4,CGTATTCACCGTCCCTCCTG,8,3056304
rcsBp1,4.4,25,4,CGGGAGCCGGGCGTCCTCTA,21,3064038
rcsBp1,4.4,25,4,CGGCCCCTCTCACAGCATCC,21,3052226
rcsBp1,13.8,72,4,CGGAAACTCTGGCCCTCATA,68,3036276
rcsBp1,5.4,30,4,CGCTCAGCATCTTCACATCA,26,3051580
rcsBp1,1.0,8,4,CGCTATCTAATCATGATCGC,4,3055015
rcsBp1,3.6,21,4,CGCGTAACGGGTCTGGCCGA,17,3023776
rcsBp1,4.2,24,4,CGCGGTGTGTAGAACCACCC,20,3035677
rcsBp1,3.2,19,4,CGCCGGAACTCCCGGTCTGC,15,3039313
rcsBp1,4.2,24,4,CGATTTAATGGCTATGACGG,20,3068607
rcsBp1,0.4,5,4,CGATTAAGGAGCTTCAGCTG,1,3062791
rcsBp1,4.8,27,4,CGAGTGCTGAGCACGTGTTG,23,3055978
rcsBp1,8.8,47,4,CGAGTGAGATGCAACTGAGA,43,3053763
rcsBp1,0.4,5,4,CGACAGATTCTCGGGGTGTC,1,3066814
rcsBp1,12.8,67,4,CGAATCGGCGTTGCGCAACC,63,3071828
rcsBp1,37.4,190,4,CGAAGTGAAGCGGACTACTC,186,3034927
rcsBp1,1.4,10,4,CGAAGGAGAGAGAAGCGGGC,6,3028546
rcsBp1,2.2,14,4,CGAAATGGCGCACCTGAACT,10,3053942
rcsBp1,5.0,28,4,CCTGGACCGCGACGGCTCGT,24,3022324
rcsBp1,5.8,32,4,CCTCCATGCCCGGCTAGGTG,28,3045695
rcsBp1,5.0,28,4,CCTCACTCGTCTTGCACATG,24,3058366
rcsBp1,0.6,6,4,CCTACAACGGTGCATGGAGA,2,3032727
rcsBp1,2.4,15,4,CCGCCCGACCAGGTGCGAAG,11,3026047
rcsBp1,3.0,18,4,CCGCACTCTTGACCTGCAAG,14,3062622
rcsBp1,3.2,19,4,CCCTCACAGCCATGCGGCCT,15,3051577
rcsBp1,2.0,13,4,CCCGAAGATCGCAAAGATGG,9,3031521
rcsBp1,4.8,27,4,CCCCTTTCTTTGTTCTAAGG,23,3055555
rcsBp1,5.8,32,4,CCCCGTTGTTTCCTGTCAGG,28,3036853
rcsBp1,2.6,16,4,CCAGTACTTTCATACTCACG,12,3041950
rcsBp1,3.8,22,4,CCAGGGATGAACGTCACGCT,18,3070374
rcsBp1,5.6,31,4,CCAACAAAAACAAGACCCCC,27,3071772
rcsBp1,2.6,16,4,CATTCCTAGTGAGTGGAATT,12,3047157
rcsBp1,5.2,29,4,CATGGTACATGATGCAGATC,25,3050832
rcsBp1,6.2,34,4,CATGACGCATGTGGGTTGTG,30,3030793
rcsBp1,5.0,28,4,CATCTGGTTCATCTGAGCCC,24,3055585
rcsBp1,3.2,19,4,CATCGGGTTCATCAATTAAA,15,3055926
rcsBp1,6.4,35,4,CATCGAGCAGGCCTCGTTAG,31,3055648
rcsBp1,32.2,164,4,CATATCTTGCCCGTCTCATA,160,3022760
rcsBp1,0.4,5,4,CAGGATCATGGCGAGCTTCA,1,3045120
rcsBp1,2.4,15,4,CAGCGTGAGGCTCATCTCTA,11,3022503
rcsBp1,2.6,16,4,CAGCAGGTCAATTCTTACCT,12,3038956
rcsBp1,3.4,20,4,CAGCACTGGGGACGCCATAC,16,3042286
rcsBp1,5.8,32,4,CAGATGTCGATATAGTGCGT,28,3059658
rcsBp1,6.2,34,4,CAGACGGGTGGCTACAGTCA,30,3068338
rcsBp1,10.2,54,4,CAGACATTATCAACATGATG,50,3061904
rcsBp1,0.4,5,4,CACCGGGTTTGCGCGTCCGC,1,3037436
rcsBp1,4.6,26,4,CACAGCACAGCTTTTGTACT,22,3040191
rcsBp1,6.8,37,4,CAAGGCCCGTGGTAAAGGTA,33,3042382
rcsBp1,3.2,19,4,CAACTGTAGCCGGCGGGTAT,15,3048847
rcsBp1,0.4,5,4,CAACGCGAGTAATCACTACT,1,3041708
rcsBp1,11.4,60,4,CAACAGTTCATGTGCCCTAC,56,3036262
rcsBp1,0.4,5,4,ATTTCCCCGATTTATCGAAT,1,3049001
rcsBp1,5.8,32,4,ATTTAGCTTCTTAATCAGTA,28,3063287
rcsBp1,4.0,23,4,ATTGTGTCGCTGTAGGCGAT,19,3023421
rcsBp1,4.0,23,4,ATTGCCAATAATTGCATCGT,19,3052050
rcsBp1,10.0,53,4,ATTGATTCCCAAAAGACCCT,49,3024706
rcsBp1,3.2,19,4,ATTCTCCGGTAAGCGGTTCG,15,3029831
rcsBp1,3.4,20,4,ATTCGTGCCTGATATTAGAA,16,3045174
rcsBp1,8.2,44,4,ATTACGTCTCACAAGGCAGA,40,3061396
rcsBp1,0.4,5,4,ATGTTGAAATTGTCGTCACA,1,3047726
rcsBp1,24.8,127,4,ATGTTAATCGGGTCATAGAA,123,3043367
rcsBp1,5.4,30,4,ATGTGTCGGCCACGGTCACT,26,3060364
rcsBp1,3.8,22,4,ATGTAACAGTTCTAACAGAA,18,3042285
rcsBp1,0.4,5,4,ATGGCTATGCCTACATAAGT,1,3026770
rcsBp1,0.4,5,4,ATCTCCCTTATGCACTGCTC,1,3030978
rcsBp1,6.6,36,4,ATCGTTTGATTTGTATCGGC,32,3028064
rcsBp1,0.8,7,4,ATCGCTGGGTCTTAGGATCG,3,3057870
rcsBp1,3.0,18,4,ATCGCGCGTTACGGGCCAAC,14,3039623
rcsBp1,7.0,38,4,ATCCTGTAATTCGATGCGAT,34,3060375
rcsBp1,4.2,24,4,ATCATAAGTGGCCAGGGAGT,20,3054000
rcsBp1,5.2,29,4,ATCAGACTCACGATTTCCTG,25,3065754
rcsBp1,9.2,49,4,ATATTCGCCTCCCCTGTCTG,45,3032942
rcsBp1,2.8,17,4,ATAGTAGAGTGTCGTAGATA,13,3035675
rcsBp1,2.4,15,4,ATAGCCAGTCTATGTACGCT,11,3022312
rcsBp1,1.0,8,4,ATAGACGCCCATTCCTAGTC,4,3059199
rcsBp1,8.0,43,4,ATAAAGGGTTTTAATGCTCC,39,3026983
rcsBp1,3.8,22,4,AGTCGCTGGTGACAGACGTC,18,3041900
rcsBp1,8.0,43,4,AGTCATTGCATGCCACTTAC,39,3026244
rcsBp1,4.4,25,4,AGTCAAACGTTTAGAATATA,21,3056465
rcsBp1,2.0,13,4,AGTCAAAATGCAGTGAGATT,9,3024548
rcsBp1,5.8,32,4,AGTACACTGTCATTTGGTGA,28,3022558
rcsBp1,4.8,27,4,AGGTTCATAAAACTCTTGTC,23,3044519
rcsBp1,5.2,29,4,AGGGGTTCGCGGTACAGCAA,25,3051844
rcsBp1,3.2,19,4,AGGCCGATTGGTCAAGGAAA,15,3033833
rcsBp1,3.0,18,4,AGCTCACCACGGGGGTACAC,14,3071930
rcsBp1,14.8,77,4,AGCGCGCACTGCGGTATGGT,73,3023374
rcsBp1,0.4,5,4,AGCGCCGTGAAACGTCCTTG,1,3022047
rcsBp1,0.4,5,4,AGCCATGTGAGGCATTTCCC,1,3027893
rcsBp1,4.2,24,4,AGCAGGCCCCCTGAGTAAAG,20,3029837
rcsBp1,4.6,26,4,AGCACCTTTTACAGGTCTAG,22,3059294
rcsBp1,0.4,5,4,AGCACACCGCGTGCACCCAA,1,3066758
rcsBp1,10.0,53,4,AGCAAGCGTGTTTACACCCC,49,3073734
rcsBp1,4.4,25,4,AGATTTCCGAATCCGATCTT,21,3052942
rcsBp1,1.8,12,4,AGATTGACAAAAAACCGCGG,8,3062587
rcsBp1,4.8,27,4,AGATCTCTATTAAATACTGC,23,3048349
rcsBp1,8.8,47,4,AGAGGTGGACACTACGGGAA,43,3047497
rcsBp1,9.0,48,4,AGAAGCCCAGAAACTCAATT,44,3068608
rcsBp1,5.2,29,4,ACTGCCTACGAGAACAGGGT,25,3031497
rcsBp1,7.6,41,4,ACTGACCGACAACTCTAAAA,37,3022321
rcsBp1,2.4,15,4,ACTAATAAAACAGTCAGTCT,11,3040719
rcsBp1,5.4,30,4,ACGTCTACAAACTGGGCTTA,26,3072150
rcsBp1,51.0,258,4,ACGGTATAGCCATTCGAGAA,254,3053465
rcsBp1,7.0,38,4,ACGGAGACTTTAAGCACACT,34,3039119
rcsBp1,6.6,36,4,ACGATTCTGGGGATACCCAA,32,3050873
rcsBp1,6.2,34,4,ACGAAAGTGTACGTATGGCT,30,3029302
rcsBp1,3.0,18,4,ACCTGCGAGTTCTTGCGAAA,14,3032836
rcsBp1,2.4,15,4,ACCTAGGAGTTTATATACAT,11,3031311
rcsBp1,3.8,22,4,ACCGTCTGAAAGGTACCCGC,18,3044313
rcsBp1,2.0,13,4,ACCACCCGGAGGTTGTGAAT,9,3022129
rcsBp1,0.4,5,4,ACAGGCTGGCACTTTAGGCA,1,3064512
rcsBp1,0.4,5,4,ACACATGCTCCACTGCGTGA,1,3031429
rcsBp1,2.2,14,4,ACAATAAGAAGCTAATGCTG,10,3054557
rcsBp1,6.8,37,4,ACAAGCGTTCCGGCGCCATT,33,3031136
rcsBp1,7.0,38,4,AATTCTGGCACAATAGTAGT,34,3041624
rcsBp1,3.2,19,4,AATTAGTTATCCTCCCATGT,15,3061981
rcsBp1,9.8,52,4,AATCATCGATGTGTATCGAT,48,3051494
rcsBp1,25.8,132,4,AATATAAGTCCAGGCTGTGA,128,3073287
rcsBp1,0.4,5,4,AATAATTAATACGATTCTGA,1,3045768
rcsBp1,3.8,22,4,AATAAGCTGGAGTTTCCATA,18,3023916
rcsBp1,3.8,22,4,AAGGCGATTAGACATCTGTT,18,3032743
rcsBp1,5.2,29,4,AAGGCAAGCATAAGTAGGCG,25,3049002
rcsBp1,7.0,38,4,AAGGAAAGGTCTATCACTTA,34,3052242
rcsBp1,2.2,14,4,AAGCTTTGGACAGGCAAATG,10,3024851
rcsBp1,2.0,13,4,AAGAGCGCGCTCATCTGTTC,9,3022566
rcsBp1,7.2,39,4,AAGAGAAGGGCACCTGCACC,35,3040684
rcsBp1,0.4,5,4,AACGGTTTTTTAACTTGCTC,1,3024084
rcsBp1,3.0,18,4,AACATCCGTTGGCTCGTTTA,14,3032951
rcsBp1,4.8,27,4,AACAATGACGACCTCGCACT,23,3032941
rcsBp1,8.0,43,4,AAATATCTAGAGGGTCACTA,39,3035143
rcsBp1,0.4,5,4,AAACCGGACCGAACTCACCA,1,3025628
rcsBp1,4.75,21,3,TTTTCTAACTAGAGGATATG,18,3060416
rcsBp1,20.5,84,3,TTTGTGTCCGAGAAGAGAGT,81,3026200
rcsBp1,8.75,37,3,TTTGCGTTTACAATTTTATC,34,3056715
rcsBp1,6.75,29,3,TTTGCCTGGATGACCTTTAA,26,3052736
rcsBp1,0.5,4,3,TTTACTCTAGGCGCCAACAA,1,3065484
rcsBp1,11.25,47,3,TTGTGAAGCTCGATGCCGTG,44,3049075
rcsBp1,6.0,26,3,TTGTATTCTAAAGCTCTGGA,23,3040098
rcsBp1,6.75,29,3,TTGTAAGTATGTGAATTGTA,26,3039395
rcsBp1,2.0,10,3,TTCTGAATGTATTTTTAGGG,7,3024050
rcsBp1,13.75,57,3,TTCGAGTCGGAGGTTCAAGT,54,3048894
rcsBp1,5.5,24,3,TTCACACACGGGTTCTGTAC,21,3053272
rcsBp1,14.25,59,3,TTCAACAGTATAAATGGAAA,56,3060489
rcsBp1,21.0,86,3,TTATTGACCCAGATCAGAAG,83,3030777
rcsBp1,0.5,4,3,TTACACGCTCACACATCTCT,1,3064317
rcsBp1,21.75,89,3,TTAACTTGACCGCTCTGACT,86,3027153
rcsBp1,1.5,8,3,TGTTCGGTTGAGACTACCAA,5,3033148
rcsBp1,0.5,4,3,TGTAATATCTCGGGTTCGGA,1,3070893
rcsBp1,13.0,54,3,TGTAAAGGTTCCGATACCGA,51,3029135
rcsBp1,3.0,14,3,TGGGTCACGGCAGGGAGTTA,11,3064347
rcsBp1,0.5,4,3,TGGCGATGTACAACGAACTT,1,3055901
rcsBp1,0.5,4,3,TGCTTTACAAGCCGCTTACG,1,3049517
rcsBp1,5.75,25,3,TGCTCGAGGCTAGACAACAA,22,3064990
rcsBp1,4.25,19,3,TGCTACCGTGATTGAAGAAT,16,3069149
rcsBp1,6.5,28,3,TGCGTAGTCTGGGAGTAACA,25,3034492
rcsBp1,3.75,17,3,TGCAATCAAGCCGATTTGAA,14,3039369
rcsBp1,6.75,29,3,TGAGTGGCCGGTGACCACCC,26,3046311
rcsBp1,2.75,13,3,TGAGGAACTTTACTTGGGAA,10,3046701
rcsBp1,5.75,25,3,TGAGCCTAGACTTCCAAGGT,22,3033560
rcsBp1,7.0,30,3,TGACTTAGTGATGATTTGGA,27,3040566
rcsBp1,6.0,26,3,TGAATGCTGGGGCTAGACCA,23,3042626
rcsBp1,7.75,33,3,TGAACCTGGCAACAACGTTT,30,3035971
rcsBp1,12.5,52,3,TCTCGGCTTTACAGCCCTAG,49,3061720
rcsBp1,5.0,22,3,TCGGGGGCTGTGTCTCATCA,19,3041727
rcsBp1,1.0,6,3,TCGGAAGGGGGATATTTTCT,3,3061605
rcsBp1,0.5,4,3,TCGCTCTGCCTAACATCAAA,1,3029681
rcsBp1,5.0,22,3,TCGCGTCTCGCGACTCGATA,19,3053416
rcsBp1,5.75,25,3,TCGCATCTGGTGTGCGCTCC,22,3035288
rcsBp1,0.75,5,3,TCCTTGTCCGGATCTCATCT,2,3053481
rcsBp1,8.0,34,3,TCCTTCCATTTATTATTTCT,31,3044891
rcsBp1,7.75,33,3,TCCTTAGTGCTTTCCAATTA,30,3057993
rcsBp1,11.75,49,3,TCCTGATAGCAAAGGCAAGG,46,3068312
rcsBp1,3.0,14,3,TCCTCGATTTTGATATAGTA,11,3047182
rcsBp1,19.25,79,3,TCCGTGAGTACGCTAAGAGC,76,3058017
rcsBp1,8.5,36,3,TCCGACTCGTAAACTGAGCT,33,3049418
rcsBp1,42.25,171,3,TCCCTAGAATGACGCAGGAG,168,3059047
rcsBp1,9.5,40,3,TCCAACATACAGCTACCTAC,37,3068363
rcsBp1,53.5,216,3,TCATTGTTCTCGGGGGGCAG,213,3028340
rcsBp1,7.25,31,3,TCATATGAAAACTTGTCCTG,28,3054573
rcsBp1,0.5,4,3,TCATATACCACTTTGGTACG,1,3029452
rcsBp1,6.0,26,3,TCATAGTAACATAGTATAGA,23,3050686
rcsBp1,32.75,133,3,TCATAACAAGGCGGTACCGG,130,3062179
rcsBp1,6.75,29,3,TCACCCGTTAACATTCCAGT,26,3029459
rcsBp1,0.75,5,3,TATGGTTTGTCTCCCGCAAT,2,3068385
rcsBp1,5.0,22,3,TATCAGGTCTATGTGTGAAG,19,3032085
rcsBp1,8.0,34,3,TACCTTTGCCCGAGTTCTAG,31,3065261
rcsBp1,14.25,59,3,TACATTTAGATGTTTCGCTT,56,3028343
rcsBp1,6.0,26,3,TAACATTTCGCACAACTCGG,23,3056454
rcsBp1,5.75,25,3,TAAAAATTGTGAATCCGAAC,22,3031659
rcsBp1,3.75,17,3,GTTTTGTATTCTCTGTTTAT,14,3041049
rcsBp1,8.25,35,3,GTTGTACCTCTTACTGATCT,32,3045230
rcsBp1,4.5,20,3,GTTGGGGCGCTTTATTGAAT,17,3035257
rcsBp1,6.0,26,3,GTTGGGAAGTAAAGACGTTT,23,3040720
rcsBp1,15.25,63,3,GTTGGCGAGAACTCATGACA,60,3039081
rcsBp1,3.5,16,3,GTTGCTGTCTACGATCCTCA,13,3071246
rcsBp1,2.25,11,3,GTTCCTTCTAGGTCCTGAGT,8,3034504
rcsBp1,4.75,21,3,GTTAGTCTGTCAATTGTCGG,18,3033923
rcsBp1,9.0,38,3,GTTAGCAGAACTTTACGTAT,35,3069432
rcsBp1,5.0,22,3,GTTAAACATCTACGTGGCGC,19,3052436
rcsBp1,2.75,13,3,GTGTCCATCATAAGGGATTT,10,3023510
rcsBp1,8.5,36,3,GTGTCACTCCGATTGAGCAT,33,3053002
rcsBp1,5.25,23,3,GTGTATCTGGACAGGCGGCA,20,3031069
rcsBp1,1.5,8,3,GTGGGACCGTGCCAAGAAAC,5,3026485
rcsBp1,4.75,21,3,GTGCTCAAGTGGCTAATTGT,18,3050371
rcsBp1,3.5,16,3,GTGCTAACGGACATAGTGTA,13,3047688
rcsBp1,18.0,74,3,GTGCCCGGTGGGACCATTAT,71,3031132
rcsBp1,5.5,24,3,GTGCCCATAGTCTATCACAG,21,3066542
rcsBp1,1.5,8,3,GTGATACTAACTGATACTGG,5,3060205
rcsBp1,11.5,48,3,GTGAAGTGATTAACAATCCT,45,3056711
rcsBp1,6.0,26,3,GTCGCGGAACAGTGCTGGAA,23,3064993
rcsBp1,15.25,63,3,GTCGATGCTACCCCTGTATA,60,3047751
rcsBp1,9.75,41,3,GTATAAGAGTCGGATTGACG,38,3068264
rcsBp1,8.25,35,3,GTATAACATATACCTGACGA,32,3041995
rcsBp1,7.0,30,3,GTAGTGGTGATCCAGCACTA,27,3042616
rcsBp1,5.5,24,3,GTAGTCTGAAGAGAGAAGAT,21,3033246
rcsBp1,0.5,4,3,GTACTACTCCTCGTCATTTG,1,3042475
rcsBp1,0.75,5,3,GTAAACGAGTGCGCGTTTAT,2,3023673
rcsBp1,6.0,26,3,GGTTTAATGCGCTTAACACC,23,3055604
rcsBp1,10.5,44,3,GGTTCGCTATGGAAAGCCTC,41,3026436
rcsBp1,7.0,30,3,GGGTCAACATACCGTACTCT,27,3038884
rcsBp1,1.5,8,3,GGGAACTTGTCCGATCGGGC,5,3049170
rcsBp1,18.0,74,3,GGCCATTTCACGACCCAGAC,71,3031142
rcsBp1,7.0,30,3,GGCAGTGCTCCACTCGCGGA,27,3030855
rcsBp1,4.5,20,3,GGCAGAGAATCTCCATGGAA,17,3021984
rcsBp1,0.5,4,3,GGATAACGAACTGTGAGCGC,1,3066299
rcsBp1,14.0,58,3,GGAGTCTCCGCTGTGCAAGA,55,3038356
rcsBp1,6.25,27,3,GGAGCGAGGTTTGGTATTAA,24,3024591
rcsBp1,5.5,24,3,GGACCGGTGGAATACAGCAA,21,3048390
rcsBp1,9.25,39,3,GGAACCATATCTCAAGACGT,36,3027605
rcsBp1,5.75,25,3,GCTTATATTATCGTTGTTGT,22,3045777
rcsBp1,3.75,17,3,GCTGTCGCGTCTTCACATAG,14,3023844
rcsBp1,2.5,12,3,GCTGGATAGACAGTAGTAGG,9,3072748
rcsBp1,0.5,4,3,GCTGCCCCCGACCTAGCAAC,1,3045182
rcsBp1,0.5,4,3,GCTCCGCGCCCACTTACTTC,1,3057609
rcsBp1,54.75,221,3,GCGTAGGTTGACATAGCATT,218,3073285
rcsBp1,5.75,25,3,GCGAGGCATTCCTTCCGTTT,22,3031674
rcsBp1,12.0,50,3,GCGACGAAAATCGCATCGAA,47,3068766
rcsBp1,0.5,4,3,GCCTTCTATGTCAAGCTGTA,1,3073034
rcsBp1,8.75,37,3,GCCTGCACTAGATAGTCATG,34,3060808
rcsBp1,2.0,10,3,GCCGCTGAGGGAGACCATTA,7,3068813
rcsBp1,9.0,38,3,GCAGTTAATTCGGCCTACTA,35,3059024
rcsBp1,0.75,5,3,GCAGGAGTTGATAGGGTCAC,2,3039033
rcsBp1,5.5,24,3,GCACCGTACGATTTAAGCTC,21,3064232
rcsBp1,3.75,17,3,GATTTGTGTCGGATTGATTC,14,3067107
rcsBp1,5.25,23,3,GATCCGTATGCGGTATGCGG,20,3054674
rcsBp1,8.0,34,3,GATATAAGATGAGTGTACCA,31,3021930
rcsBp1,8.25,35,3,GATAAGTCTTGCAATCTTGT,32,3069231
rcsBp1,7.25,31,3,GAGGAAACTGGGGTTAGTCT,28,3067466
rcsBp1,2.0,10,3,GAGCACGCTACACGTAGATA,7,3042594
rcsBp1,3.75,17,3,GAGAGGTCTGCGTTGTCACT,14,3039191
rcsBp1,4.75,21,3,GAGACGTCGATGGACGGCCT,18,3071020
rcsBp1,0.5,4,3,GAGAATGACTCGCCTGCCCC,1,3063259
rcsBp1,3.5,16,3,GACGGTGACAGGCCGGCATA,13,3044708
rcsBp1,0.5,4,3,GACGCATAAGACTGGCCTAG,1,3029864
rcsBp1,6.0,26,3,GACCGTTTGGTTCGAGTAAG,23,3065364
rcsBp1,0.5,4,3,GACCGGTTTAGCTTGTGCGT,1,3072620
rcsBp1,6.5,28,3,GACCATTGAAATGTTAACTA,25,3062177
rcsBp1,50.75,205,3,GAATGTTTATTACCTAGAAG,202,3060508
rcsBp1,9.75,41,3,GAAGACTCATCCAGTTTGTG,38,3052142
rcsBp1,3.75,17,3,GAACGGGGATCACGGCTGCT,14,3069975
rcsBp1,14.25,59,3,GAAACGTCTAGGGTCTGTTT,56,3041901
rcsBp1,8.0,34,3,CTTCATGACGCAACTTACTT,31,3057658
rcsBp1,9.75,41,3,CTTCAATAAGGTAATGTGGC,38,3054910
rcsBp1,1.75,9,3,CTTACATGACTCAATTCGCC,6,3068345
rcsBp1,6.75,29,3,CTTAAAGAGGCCGCGAGAGA,26,3061916
rcsBp1,14.75,61,3,CTGGGTTAATGTAGAGAAGA,58,3032207
rcsBp1,4.5,20,3,CTGGGAGTGTATCCTCCAGT,17,3047710
rcsBp1,3.25,15,3,CTGCGGTAGGGTTGTACGTC,12,3027781
rcsBp1,5.5,24,3,CTGAGGCTCACACATAACAT,21,3057582
rcsBp1,91.75,369,3,CTGAAACCAGTACACTGCAT,366,3049676
rcsBp1,3.5,16,3,CTCTTGAGAACATTTCGAAG,13,3054374
rcsBp1,5.0,22,3,CTCTATGAGCGTTTATCATA,19,3027295
rcsBp1,4.5,20,3,CTCGGTAGATCTCCTCCGGC,17,3046538
rcsBp1,7.75,33,3,CTCCTGGGTCTAGCGGCCGG,30,3037419
rcsBp1,5.5,24,3,CTCCTCGACACTGGTGGTGA,21,3042064
rcsBp1,6.0,26,3,CTCCCTTCTTGCTGGACATA,23,3056541
rcsBp1,3.75,17,3,CTCAAGTCCCCTCGGTTGCA,14,3041858
rcsBp1,3.5,16,3,CTATTACAGTAGTGGGTGCG,13,3040482
rcsBp1,7.0,30,3,CTATCCGTCGGCGTTCCCTT,27,3024656
rcsBp1,6.0,26,3,CTAGGAACGCATCAGGCGTA,23,3039363
rcsBp1,13.75,57,3,CTACTATGGAAAACGACATC,54,3025234
rcsBp1,5.5,24,3,CTACGGGATCGAACTGACAC,21,3052529
rcsBp1,4.25,19,3,CGTTTTTACACGTAGTACCT,16,3045416
rcsBp1,1.5,8,3,CGTCCCTTAACAGCAGCTAG,5,3031425
rcsBp1,7.75,33,3,CGGTATAACACATATTTTGG,30,3029118
rcsBp1,0.5,4,3,CGGGTCTGACGTCTCTCTTT,1,3047815
rcsBp1,3.0,14,3,CGGGAGTCTGCATGCACTAT,11,3038485
rcsBp1,8.0,34,3,CGGGAAAATCTACCTCCACC,31,3047736
rcsBp1,5.25,23,3,CGGCCCGGTGAACTATAGCC,20,3069599
rcsBp1,6.25,27,3,CGGAATGGCAAGGGCTAGTT,24,3038181
rcsBp1,23.25,95,3,CGGAACTTTTACGCACTTAT,92,3044808
rcsBp1,4.0,18,3,CGCGGTTAACGTGTATTGTT,15,3050796
rcsBp1,2.0,10,3,CGCGGAGTTCGGCTCTAGTA,7,3028489
rcsBp1,18.0,74,3,CGCGCGTCGCGGTTCACTTT,71,3031426
rcsBp1,30.0,122,3,CGCGCGGAAATAGGGGCAAG,119,3025434
rcsBp1,3.25,15,3,CGCGCAAGGTTCTTGCTTCG,12,3059489
rcsBp1,3.0,14,3,CGCGAAGTTCGTTAGCTAAC,11,3068121
rcsBp1,18.5,76,3,CGCCGAAAACCCTAAGGAAT,73,3056163
rcsBp1,1.25,7,3,CGCAGCCGAAGTCAAACATT,4,3043618
rcsBp1,10.0,42,3,CGCAAGAGGTGCTGACGCCA,39,3044860
rcsBp1,14.75,61,3,CGAGTTTGAATACTTAGCCC,58,3064278
rcsBp1,6.0,26,3,CGAGTGCTGACTGGTAATTA,23,3029509
rcsBp1,9.75,41,3,CGAGGATCAATCCGGTTGGG,38,3027250
rcsBp1,9.0,38,3,CGAGACGTATCATCCAGACT,35,3049719
rcsBp1,0.5,4,3,CGACTTTTCGATTCCAGCTA,1,3035397
rcsBp1,20.75,85,3,CGACTAACACTTACATCCCA,82,3062261
rcsBp1,0.5,4,3,CGACGTTGCCGATTGAAAAT,1,3060634
rcsBp1,8.5,36,3,CGACGCCTGATTACAGAACG,33,3042824
rcsBp1,6.5,28,3,CGAAATTAAATCATCGAAGC,25,3038799
rcsBp1,3.25,15,3,CCTTCGAGCCAGAGCGGGGA,12,3052005
rcsBp1,4.25,19,3,CCTGGCACAGATCCGAATTT,16,3069435
rcsBp1,5.5,24,3,CCTGCCAATCAGTAATAGTT,21,3032691
rcsBp1,20.25,83,3,CCGTCCTAACGTGGAAGTAC,80,3034594
rcsBp1,8.0,34,3,CCGTATTGGAGCCAATTGGG,31,3039135
rcsBp1,0.75,5,3,CCGGTCATTTATTAATCGTT,2,3070305
rcsBp1,11.0,46,3,CCGCCCGGGAATCATTGGCT,43,3022643
rcsBp1,7.0,30,3,CCCTCGGGGCATCGGGGTAT,27,3039158
rcsBp1,7.5,32,3,CCCGTGTACAATGCCGCACG,29,3044197
rcsBp1,5.25,23,3,CCCCCAGTCTCATAGAGAGG,20,3025653
rcsBp1,12.0,50,3,CCATCCTATGGCTCTCCGGA,47,3049936
rcsBp1,6.25,27,3,CCACACCAATGTTACAGCAG,24,3067076
rcsBp1,11.75,49,3,CCAAGATATACCGCGTCTAC,46,3041312
rcsBp1,5.75,25,3,CCAAAGATGCGTACGAGCTC,22,3047748
rcsBp1,0.5,4,3,CATTGGCCAGTTTTGTCTCC,1,3068390
rcsBp1,5.0,22,3,CATTACCGCACCGTGCGACT,19,3031165
rcsBp1,0.5,4,3,CATCTCGTCATGGGGGCTCA,1,3072434
rcsBp1,5.5,24,3,CATCCTCGTGAACCCGGGTC,21,3029739
rcsBp1,5.75,25,3,CATCATTATAGGTCGGATAT,22,3056468
rcsBp1,4.25,19,3,CATAAAGTAGTCGATGAGGG,16,3038282
rcsBp1,1.5,8,3,CAGCAGTAATGGCCCAATAT,5,3034483
rcsBp1,4.75,21,3,CACTTAACGCCGTTGAGGCA,18,3027237
rcsBp1,5.5,24,3,CACGGTCGCAGGCAACGTAT,21,3071171
rcsBp1,6.25,27,3,CACGCGTGCGACCCGGACCT,24,3055391
rcsBp1,0.5,4,3,CACGAGATCTAGCCAATTAC,1,3064202
rcsBp1,9.5,40,3,CACCGATGCCTGATAGGCTT,37,3062078
rcsBp1,19.0,78,3,CACACATAGTCGGTCTTTAA,75,3032353
rcsBp1,6.75,29,3,CAATAGTGCCCTGTCCCCTA,26,3058782
rcsBp1,0.5,4,3,CAAACAGTCCGGGTGCCCAC,1,3060694
rcsBp1,0.5,4,3,ATTGCGATATTTTTTGGCCC,1,3052984
rcsBp1,7.0,30,3,ATGTCTCAGTGATATCCGCT,27,3046610
rcsBp1,17.25,71,3,ATGGTATTTCTGCTGGCGCC,68,3029113
rcsBp1,9.25,39,3,ATGAGAGTTGTGAAGCGGTT,36,3056991
rcsBp1,4.5,20,3,ATGAATGTTCCTTTTTTACA,17,3066417
rcsBp1,5.75,25,3,ATATCACCTTTCTAGTCTCT,22,3023645
rcsBp1,0.5,4,3,ATATATCCGTCTGCCATCTC,1,3060747
rcsBp1,3.25,15,3,ATAGCTGAGTCTCCGAACAC,12,3045816
rcsBp1,6.25,27,3,ATACTGGGAAAAGGGGATGT,24,3027764
rcsBp1,3.0,14,3,ATACTCTTACTGCGCAGTAT,11,3039293
rcsBp1,8.5,36,3,ATACAATGTTGGTGGGCTAC,33,3050930
rcsBp1,16.75,69,3,ATACAACAGCGTAGCTACGT,66,3067844
rcsBp1,4.0,18,3,ATAAAGATCCACGCAATCCA,15,3051878
rcsBp1,10.25,43,3,AGTTAGTCGCTGGCTAGCTG,40,3024736
rcsBp1,9.5,40,3,AGTGGGGACATCTATAGACG,37,3052278
rcsBp1,8.25,35,3,AGTCGTGGGCAGTAACATAA,32,3056159
rcsBp1,7.0,30,3,AGTCCCGGGGGGACCCGACC,27,3033218
rcsBp1,14.0,58,3,AGGTTGGGGTAGAATTTCAA,55,3060240
rcsBp1,8.0,34,3,AGGTGAACCAGGTTCATGGA,31,3034915
rcsBp1,2.0,10,3,AGGGGTTAAAGATTTTAAGT,7,3046139
rcsBp1,10.0,42,3,AGGCCGGGCGGGGATACGTC,39,3042750
rcsBp1,47.25,191,3,AGGAGTCCACCGAGGGGAAC,188,3033530
rcsBp1,4.25,19,3,AGCGATCCTGCCGATGTAGG,16,3030044
rcsBp1,7.0,30,3,AGCAGCAAAATGGCGAACTA,27,3033220
rcsBp1,7.0,30,3,AGATGTTCGCAATATGGCGC,27,3054424
rcsBp1,0.5,4,3,AGACGACTGAGGAAAGGGGT,1,3063456
rcsBp1,3.0,14,3,AGACCACCTGCCCAAGCCCT,11,3035613
rcsBp1,10.25,43,3,AGAAGTTAATGCCCTGGGTA,40,3040939
rcsBp1,10.0,42,3,AGAAGTCAGCAACCATCTGC,39,3056363
rcsBp1,4.0,18,3,AGAAGGTTGTGATCGCAAAG,15,3040522
rcsBp1,9.0,38,3,ACTTCGAGCCCCCGGTGAGC,35,3035492
rcsBp1,7.0,30,3,ACTGGTGTTTTTCGAGCAAC,27,3069932
rcsBp1,9.75,41,3,ACGTGTAGTGAAGGTGTCCA,38,3067483
rcsBp1,4.0,18,3,ACGGGATATAACAAAGAGCA,15,3060633
rcsBp1,4.0,18,3,ACGGCACCGGCAAGCGTCTC,15,3046865
rcsBp1,1.0,6,3,ACGGAGGGTTGGCATCCAGA,3,3040187
rcsBp1,3.75,17,3,ACGCGCGCGTCCACTTTCTC,14,3071257
rcsBp1,0.5,4,3,ACGCACCCTAGTAATTCATC,1,3043706
rcsBp1,3.75,17,3,ACGAATGTGGCTCCCTACGT,14,3067678
rcsBp1,6.75,29,3,ACCAGAGGCGTTCACGCTAG,26,3069024
rcsBp1,7.75,33,3,ACCAACTCGCATGACCTTAA,30,3027788
rcsBp1,11.75,49,3,ACCAACACCATCAGTTAAGC,46,3061129
rcsBp1,10.5,44,3,ACATTCCGTCGGAGCAACTT,41,3040126
rcsBp1,2.5,12,3,ACATCGATCCGAGCCGATGT,9,3042053
rcsBp1,3.75,17,3,ACATAGTGCTGAGCCACCTA,14,3057315
rcsBp1,3.0,14,3,ACAGCAGTTTATCATTAGCA,11,3062358
rcsBp1,3.75,17,3,ACACGACGGCGCGTTGCGTA,14,3063677
rcsBp1,9.75,41,3,ACACCCTGGTTCTTCCAGGA,38,3037213
rcsBp1,6.75,29,3,AATTAGTTTAAATTAAGAGG,26,3051798
rcsBp1,7.5,32,3,AATGCCGGAGAGTGAAACAT,29,3033303
rcsBp1,8.25,35,3,AATCCGAAACGGATGTTGTG,32,3048422
rcsBp1,3.0,14,3,AATCAGCCTCTGTGACACAA,11,3057233
rcsBp1,4.0,18,3,AATCAACAATATGCTATATG,15,3023389
rcsBp1,8.75,37,3,AATATTTGACTTACTATGTA,34,3023738
rcsBp1,5.5,24,3,AATATGCGACGCAGCGAGTA,21,3041767
rcsBp1,8.25,35,3,AAGGAAGAGACAGGAGAGCG,32,3035732
rcsBp1,5.25,23,3,AAGCTTGTCCGTGTCACATT,20,3033799
rcsBp1,4.75,21,3,AAGACTACCGCTTGGGCCAG,18,3071500
rcsBp1,9.25,39,3,AACGCTAAATAACCGAGATG,36,3021876
rcsBp1,4.5,20,3,AACCTGCCGGGTGGGGAACC,17,3033916
rcsBp1,3.25,15,3,AACACTGCAACGGTCCTACG,12,3045692
rcsBp1,7.75,33,3,AAATTTGATTAAGCTCGTAT,30,3028852
rcsBp1,14.25,59,3,AAATATCTTATACGGTTATT,56,3056376
rcsBp1,8.25,35,3,AAATAGTCTGCACGGGGTGT,32,3046087
rcsBp1,0.5,4,3,AAAGCAGAGTTCATCAGTTA,1,3035611
rcsBp1,11.5,48,3,AAACGGGTGGGACATTCCCA,45,3029323
rcsBp1,20.25,83,3,AAACCGCCAGCCCGTACCTC,80,3052838
rcsBp1,5.0,16,2,TTTTGTCTTACAGGAGACCG,14,3034843
rcsBp1,0.6666666666666666,3,2,TTTTAGATGGTAGTACGCAT,1,3043781
rcsBp1,13.0,40,2,TTTGTGAGTTCGATAACCAC,38,3038391
rcsBp1,4.666666666666667,15,2,TTTGTATGGAGAACTAATAA,13,3069285
rcsBp1,4.333333333333333,14,2,TTTGACACTTTTGCGCAACT,12,3024553
rcsBp1,8.0,25,2,TTTCTTTTAGGGCACTTAGC,23,3056887
rcsBp1,0.6666666666666666,3,2,TTTAGTTGTCTCGCGTTTAA,1,3067745
rcsBp1,1.0,4,2,TTTAGTATGCGACTGTTTGG,2,3024655
rcsBp1,2.3333333333333335,8,2,TTTAATTCCGTTACCCACTA,6,3048911
rcsBp1,6.666666666666667,21,2,TTGTTAATCATTCTATCCTC,19,3067833
rcsBp1,0.6666666666666666,3,2,TTGTACGCGCGCATGATCGA,1,3052274
rcsBp1,11.333333333333334,35,2,TTGATTATATAAGTAGGTTA,33,3041856
rcsBp1,5.333333333333333,17,2,TTCCTCGAGAGGAAATGCTA,15,3052977
rcsBp1,7.666666666666667,24,2,TTCATTGGTTTAGAGAAATT,22,3038355
rcsBp1,10.666666666666666,33,2,TTCACCAACTGTCTAAGTCG,31,3031704
rcsBp1,0.6666666666666666,3,2,TTCAATTCGTTTGGCAATCA,1,3068435
rcsBp1,9.0,28,2,TTATTTTCGATGGAACGGGT,26,3067882
rcsBp1,33.333333333333336,101,2,TTATGAAAAAGTTATCTAAA,99,3036537
rcsBp1,4.666666666666667,15,2,TTATCATCTAAGTCAAGTGC,13,3065122
rcsBp1,0.6666666666666666,3,2,TTAGTCGCAAAATCGCTGAG,1,3069553
rcsBp1,0.6666666666666666,3,2,TTAGGGTATTAGAACCATCC,1,3026822
rcsBp1,11.666666666666666,36,2,TTAGATTCAAGATAACGCCT,34,3071647
rcsBp1,0.6666666666666666,3,2,TTACGTCTTCAAAATCAGAC,1,3052796
rcsBp1,5.666666666666667,18,2,TGTTTAAAGGTTAGGCGCAC,16,3056648
rcsBp1,3.3333333333333335,11,2,TGTGCGGTTACAAACGGGTA,9,3057597
rcsBp1,9.0,28,2,TGTCTCTGCGGAGAACTGTA,26,3070457
rcsBp1,11.0,34,2,TGTCGGAGGATCTCTACTGA,32,3030493
rcsBp1,7.0,22,2,TGTCGCCAGGCCGTTCATTC,20,3040703
rcsBp1,17.0,52,2,TGTATAGGTAGGGCTGCTCG,50,3047764
rcsBp1,5.0,16,2,TGTAACTGACAATGCCTAAT,14,3057418
rcsBp1,5.0,16,2,TGGTATGGTGCGGGTTGTTT,14,3051593
rcsBp1,10.333333333333334,32,2,TGGGTCGGAGCATAGAGCTG,30,3047336
rcsBp1,8.0,25,2,TGGGGCGAGCAAATCTGTCT,23,3034607
rcsBp1,2.0,7,2,TGGGAACCTTAGTTTGCTTA,5,3030784
rcsBp1,69.0,208,2,TGGCTTCTGGTTTGCGGCCT,206,3029112
rcsBp1,13.0,40,2,TGGCTCTTCTTGAGAGGAGA,38,3025612
rcsBp1,8.333333333333334,26,2,TGGCTAGCACATCTCTCGTC,24,3031690
rcsBp1,13.333333333333334,41,2,TGGCCTTCCGCTGTTGCATC,39,3036030
rcsBp1,1.3333333333333333,5,2,TGGCATGGGTAGATGCTCCA,3,3046227
rcsBp1,9.666666666666666,30,2,TGGCATCGATGCTCAGGCCT,28,3047423
rcsBp1,6.0,19,2,TGGACCAGTGCCCATTGGTC,17,3033804
rcsBp1,8.333333333333334,26,2,TGCTGCTTGAAGTGCTCTCT,24,3044389
rcsBp1,5.333333333333333,17,2,TGCGCGCAGGAACATTTAGG,15,3056102
rcsBp1,4.0,13,2,TGCGAGTCCGCTTAAGGTAA,11,3041422
rcsBp1,7.0,22,2,TGCCGACCACTTGAACAAGT,20,3056273
rcsBp1,11.333333333333334,35,2,TGCATGCACTCGTTATTCAC,33,3052859
rcsBp1,8.0,25,2,TGATTAGTGAGTCTTCAGCA,23,3065299
rcsBp1,0.6666666666666666,3,2,TGATGCAAACTTCAACCTAC,1,3073526
rcsBp1,9.666666666666666,30,2,TGAGGGTTAACCTGAACTAT,28,3054618
rcsBp1,9.666666666666666,30,2,TGAGCGTTTCGGCCTGAGTT,28,3024817
rcsBp1,17.0,52,2,TGAGCGTGGGGTAAGTCAAC,50,3031144
rcsBp1,4.666666666666667,15,2,TGAGACGTCTATTGTCAAAC,13,3073157
rcsBp1,0.6666666666666666,3,2,TGAGAAAATTGGATCATGCA,1,3033231
rcsBp1,6.333333333333333,20,2,TGAATCGAAGTCTCCAGTCT,18,3037208
rcsBp1,7.333333333333333,23,2,TCTTGTAGAGATAGAGACAT,21,3040884
rcsBp1,11.333333333333334,35,2,TCTGGTACATCGTTAATGTA,33,3061972
rcsBp1,1.6666666666666667,6,2,TCTGGCGTAATTGGCTCCCT,4,3061686
rcsBp1,6.333333333333333,20,2,TCTGATTAGATTATCCATTG,18,3025384
rcsBp1,25.0,76,2,TCTCTATGCACAGTCACAAC,74,3029829
rcsBp1,6.0,19,2,TCGTTTCCGCAGTTTGCGTG,17,3031989
rcsBp1,4.0,13,2,TCGGTTGTCAGCGAACGTTC,11,3055971
rcsBp1,60.666666666666664,183,2,TCGCGCTGCCAGACTCCTAA,181,3028347
rcsBp1,0.6666666666666666,3,2,TCGCAGGCATCGAGCGCGCT,1,3065297
rcsBp1,5.666666666666667,18,2,TCGCAGATCTGGCAATTCCC,16,3027639
rcsBp1,10.666666666666666,33,2,TCGAGGCCTGAGATGCAGGA,31,3065403
rcsBp1,0.6666666666666666,3,2,TCCTTGATGGTCCCGGTCCC,1,3025794
rcsBp1,9.666666666666666,30,2,TCCTCACGATTGTAGGAGCG,28,3047700
rcsBp1,5.333333333333333,17,2,TCCCCGATTTCACCGTCGGT,15,3037114
rcsBp1,5.333333333333333,17,2,TCATGTACGTCAAGCCGTAC,15,3026182
rcsBp1,6.333333333333333,20,2,TCATCGACGCTTCTGCGGAC,18,3044070
rcsBp1,7.333333333333333,23,2,TCAGTGCAGACTATTTTGAC,21,3038086
rcsBp1,91.0,274,2,TCACGGAGGCGAAAGAGCCC,272,3052829
rcsBp1,4.333333333333333,14,2,TCACCTCTATCATCGTCCGT,12,3064943
rcsBp1,17.0,52,2,TATTGTTTAGCGACGAATTA,50,3040748
rcsBp1,0.6666666666666666,3,2,TATCCCCTGTCAGGATGCTA,1,3036874
rcsBp1,7.333333333333333,23,2,TATCAGGATCTTCCGTTTCT,21,3053686
rcsBp1,0.6666666666666666,3,2,TAGGGGCGGGATGATAGAAT,1,3057976
rcsBp1,0.6666666666666666,3,2,TAGGCACGGGACGATCGCTC,1,3065688
rcsBp1,7.333333333333333,23,2,TAGCTGGACAGAGGGTGCGC,21,3040388
rcsBp1,11.0,34,2,TAGATGTTTCCAGTAGTCAC,32,3024578
rcsBp1,0.6666666666666666,3,2,TAGACTGGGATTGGCTTGAT,1,3056347
rcsBp1,6.333333333333333,20,2,TACTCCCTGTGGTTCGAGAT,18,3064954
rcsBp1,3.3333333333333335,11,2,TACCTTGGAAGTGTACACGT,9,3060356
rcsBp1,7.333333333333333,23,2,TACCGCATTCGCGACTTGCT,21,3027278
rcsBp1,29.333333333333332,89,2,TACCCTTTGAGTGTATATAC,87,3072295
rcsBp1,1.0,4,2,TACCAAGATACCATTTACCT,2,3034392
rcsBp1,19.0,58,2,TACATTTATACAAAAACATC,56,3053665
rcsBp1,12.666666666666666,39,2,TACATTCTCGGGATAGTGCC,37,3031354
rcsBp1,5.666666666666667,18,2,TACATGCCGTTGACCATTAG,16,3043221
rcsBp1,9.0,28,2,TACATCTCTCTCCACTAGGA,26,3046683
rcsBp1,24.666666666666668,75,2,TACATAGCTAAATACCAGGA,73,3070178
rcsBp1,3.6666666666666665,12,2,TAATGGGTAGTACATTACAA,10,3060265
rcsBp1,0.6666666666666666,3,2,TAAGGGTCATGTTATTTACA,1,3058278
rcsBp1,0.6666666666666666,3,2,TAAGGACCCTGATTTACTGT,1,3071594
rcsBp1,5.0,16,2,TAAATAGTACGCGTGACAAG,14,3062961
rcsBp1,0.6666666666666666,3,2,TAAAAGTCTCGGACGTGCCA,1,3024253
rcsBp1,7.0,22,2,GTTGTAGCACTGTGCCTGCG,20,3052944
rcsBp1,0.6666666666666666,3,2,GTTGATTGTGCAGGTTCTTA,1,3027858
rcsBp1,6.0,19,2,GTTCTGAAAGACTTGCTCGT,17,3037091
rcsBp1,9.0,28,2,GTGTGGTCGATGCGTCCCGG,26,3036029
rcsBp1,2.0,7,2,GTGTCTGGCCCTTCGTGGCG,5,3040413
rcsBp1,7.666666666666667,24,2,GTGCACACTCGTTCGTTAGT,22,3032772
rcsBp1,9.333333333333334,29,2,GTGAGCTTCTAATTCGCTTT,27,3040216
rcsBp1,9.0,28,2,GTGAACACGCCGATAAGGAG,26,3033305
rcsBp1,9.333333333333334,29,2,GTCGTCTACGTCTCATCCAA,27,3069897
rcsBp1,11.0,34,2,GTCAGTGTTACTGTGGATGT,32,3036856
rcsBp1,8.666666666666666,27,2,GTCACAATGCTGTTTATTCT,25,3029575
rcsBp1,0.6666666666666666,3,2,GTCAAAGATGACTAGCATGA,1,3072373
rcsBp1,14.666666666666666,45,2,GTAGTTCTTCGCCAGCCACC,43,3068255
rcsBp1,16.0,49,2,GTACTACATTACAGGATAAG,47,3044847
rcsBp1,25.666666666666668,78,2,GTACATAACCCGGCCCGTGC,76,3055598
rcsBp1,10.0,31,2,GGTGTAATAGTGATTAGAAC,29,3023656
rcsBp1,15.0,46,2,GGTGGTATCAGAGTCTACAA,44,3060655
rcsBp1,10.333333333333334,32,2,GGTGGATTTCGCGTGTCGTG,30,3039948
rcsBp1,0.6666666666666666,3,2,GGTGGATCTCCACCGCGTCT,1,3046057
rcsBp1,0.6666666666666666,3,2,GGTGCGGAGCTATTTGGCCA,1,3022183
rcsBp1,11.666666666666666,36,2,GGTCTTGAGTTATTGCATTA,34,3062761
rcsBp1,7.0,22,2,GGTCGCGTGAAGTGAACGAA,20,3044177
rcsBp1,3.3333333333333335,11,2,GGTCATACTGCCAGTGGCCG,9,3028087
rcsBp1,5.666666666666667,18,2,GGTAGGAGTATTTCAAAGTA,16,3069527
rcsBp1,8.0,25,2,GGTAGACCGGCGGTTAGTTG,23,3037078
rcsBp1,12.0,37,2,GGTAACAAGAGGATCAACCC,35,3042487
rcsBp1,21.333333333333332,65,2,GGGTTGATGCGGCTGTTAGT,63,3028819
rcsBp1,1.6666666666666667,6,2,GGGTGCGCGTAAGTCTTGTT,4,3025072
rcsBp1,1.3333333333333333,5,2,GGGTCATACGACGAAGATAG,3,3034625
rcsBp1,6.0,19,2,GGGTATTGTTGGCACTATTG,17,3033020
rcsBp1,9.333333333333334,29,2,GGGGGGTTAAAATACTCCAA,27,3038393
rcsBp1,8.333333333333334,26,2,GGGCAGAGGCAATTTGGACA,24,3057236
rcsBp1,21.333333333333332,65,2,GGGCAAATCGCCGTATTTAT,63,3034571
rcsBp1,7.333333333333333,23,2,GGGATCAAGCCAAAACAATG,21,3044988
rcsBp1,2.3333333333333335,8,2,GGCTCGCGTACTATTCCACC,6,3022346
rcsBp1,4.333333333333333,14,2,GGCATCGGACCGGACATCGC,12,3061130
rcsBp1,4.333333333333333,14,2,GGATCGCTGCGACATGGCCA,12,3049712
rcsBp1,7.0,22,2,GGATCCTCTAATTCACATCA,20,3037755
rcsBp1,11.0,34,2,GGATATGCCATCAGATAGTA,32,3024121
rcsBp1,18.666666666666668,57,2,GGAGTCGAACTCCCCCTAGC,55,3052027
rcsBp1,4.0,13,2,GGACTGTTTCGTTCATCGAG,11,3032266
rcsBp1,6.0,19,2,GGACGTGCGATCTGGGGTTT,17,3041158
rcsBp1,4.0,13,2,GGACCATGTGGTTCGGATTC,11,3049207
rcsBp1,0.6666666666666666,3,2,GGAATGGGATAGTTCTTCCT,1,3051508
rcsBp1,5.666666666666667,18,2,GGAAATCCGCGAGTCGTAGA,16,3072984
rcsBp1,4.333333333333333,14,2,GGAAAGATCTAAGACGGGAC,12,3054477
rcsBp1,8.0,25,2,GCTTTTGTTCAGATAAACGT,23,3064822
rcsBp1,26.333333333333332,80,2,GCTTTGATATTATGAGGTGA,78,3037552
rcsBp1,1.0,4,2,GCTGGATCTGAACTCGAAGG,2,3040089
rcsBp1,22.333333333333332,68,2,GCTGCGCAATACTGTTCTCC,66,3029324
rcsBp1,13.666666666666666,42,2,GCTCGTAATGGGCGAATCTG,40,3039738
rcsBp1,0.6666666666666666,3,2,GCTCCCCCCAGGAAGACTAA,1,3024946
rcsBp1,0.6666666666666666,3,2,GCTAACGGCCTGATCTTCGT,1,3056372
rcsBp1,0.6666666666666666,3,2,GCGGTCCGCTCTACCTCTCA,1,3062627
rcsBp1,0.6666666666666666,3,2,GCGGCTGTAAGTTTAGCAAC,1,3030805
rcsBp1,6.333333333333333,20,2,GCGGCTCCAGTACTAACTTT,18,3034967
rcsBp1,10.333333333333334,32,2,GCGGCACTCCGTGAAGCGCT,30,3072712
rcsBp1,18.0,55,2,GCGCCTCGAGTGGTTGTGTT,53,3044596
rcsBp1,5.333333333333333,17,2,GCGCCAGTCAATCTACAAAC,15,3025290
rcsBp1,26.666666666666668,81,2,GCGCACATGTGTGTAACAAC,79,3053437
rcsBp1,13.333333333333334,41,2,GCGAGTTTGACGATTACGGG,39,3062260
rcsBp1,4.0,13,2,GCCTGTCGAATATTCCAATA,11,3045127
rcsBp1,0.6666666666666666,3,2,GCCTGATTTCAAAGGGGGCT,1,3062093
rcsBp1,0.6666666666666666,3,2,GCCCGTAGCTGATAACGGAC,1,3058846
rcsBp1,13.333333333333334,41,2,GCCCGACACTTGGCGGCCCT,39,3064991
rcsBp1,20.333333333333332,62,2,GCCCCGTTTTTCGCACCGCT,60,3036187
rcsBp1,17.333333333333332,53,2,GCACCCAAGAGGGTCCATGA,51,3039742
rcsBp1,7.0,22,2,GCACATACAATTGAACCCGT,20,3052764
rcsBp1,7.0,22,2,GATTCCACAGAATGACCGAG,20,3049554
rcsBp1,0.6666666666666666,3,2,GATGCTTGATTCATGTCATG,1,3058820
rcsBp1,0.6666666666666666,3,2,GATCGGGTAACTGGTCAAGT,1,3061708
rcsBp1,0.6666666666666666,3,2,GATCCCGTTGAGTGGCATTG,1,3029244
rcsBp1,0.6666666666666666,3,2,GATAATACTTATTGTCACAT,1,3049736
rcsBp1,0.6666666666666666,3,2,GAGTCATCCAGAGGTAGCCT,1,3046070
rcsBp1,5.666666666666667,18,2,GAGCTCTGACGGTGGGATAA,16,3049671
rcsBp1,9.666666666666666,30,2,GAGCTCCACGCAGAATAGAT,28,3026199
rcsBp1,13.0,40,2,GAGCAAATTTCGCTCAAATC,38,3072110
rcsBp1,6.666666666666667,21,2,GAGAGGGCCAACCTGGGGGA,19,3040387
rcsBp1,9.333333333333334,29,2,GACTGCGTTGGGGAAATAGC,27,3032350
rcsBp1,34.0,103,2,GACGGATATTAAGTCGATTC,101,3043357
rcsBp1,20.333333333333332,62,2,GACGCTTTCTTGAAATAGTA,60,3038117
rcsBp1,10.0,31,2,GACCAAGGCCCGCCGCAAGC,29,3023019
rcsBp1,10.0,31,2,GACACTCCAAAAAGCTGTGG,29,3031613
rcsBp1,13.333333333333334,41,2,GAATTGTCCGCCAGATGGGT,39,3037700
rcsBp1,0.6666666666666666,3,2,GAATTAAACCGTATGATTCA,1,3068139
rcsBp1,34.0,103,2,GAATGTATCCTCCCCCGTGT,101,3025625
rcsBp1,0.6666666666666666,3,2,GAATGATACCCGCATGAAAA,1,3049472
rcsBp1,7.0,22,2,GAAGAAACAAAACATAATGC,20,3054303
rcsBp1,15.666666666666666,48,2,GAACTATATGGGATTGTTTT,46,3028628
rcsBp1,4.0,13,2,CTTTCATATCAGGGCTCAGC,11,3031282
rcsBp1,10.666666666666666,33,2,CTTGAAGTGTAAAAGCAAAC,31,3048322
rcsBp1,10.666666666666666,33,2,CTTCGGACGGCACCCGACAA,31,3046065
rcsBp1,7.666666666666667,24,2,CTTAAAATAATGCATTCGCG,22,3067526
rcsBp1,0.6666666666666666,3,2,CTGGGGAGAAGGAAGGGAAG,1,3030244
rcsBp1,40.0,121,2,CTGGCTCTCTGCAACACGGA,119,3059031
rcsBp1,29.0,88,2,CTGGCTCCTGGTATCTGACT,86,3032368
rcsBp1,23.333333333333332,71,2,CTGGAATGGCGTGAATGAAT,69,3073288
rcsBp1,7.666666666666667,24,2,CTGCATCGGCATGGGGTTTC,22,3036503
rcsBp1,16.333333333333332,50,2,CTGATTGCGTCCAACCTCGT,48,3028345
rcsBp1,0.6666666666666666,3,2,CTGAGGGAATGACAAACCGG,1,3046030
rcsBp1,8.0,25,2,CTCTTGCCATTCGAGGCATC,23,3054079
rcsBp1,17.0,52,2,CTCTGAGGTCTGCTTGCGGA,50,3025646
rcsBp1,6.333333333333333,20,2,CTCTATTACTGATTAAGTAT,18,3031350
rcsBp1,11.333333333333334,35,2,CTCTATAATCCGCGATCGGG,33,3024068
rcsBp1,7.666666666666667,24,2,CTCGATATATCAGTTCGCAG,22,3073037
rcsBp1,7.666666666666667,24,2,CTCCGAATAATAGATTACTT,22,3061128
rcsBp1,3.0,10,2,CTCCCCGAAGGGCTTCCCAG,8,3037826
rcsBp1,19.333333333333332,59,2,CTATCTTTTGGCACTATGGC,57,3028348
rcsBp1,17.666666666666668,54,2,CTATATCTTGCTCTCGAGTT,52,3029843
rcsBp1,26.333333333333332,80,2,CTATAGTTGCCTCACAGTCC,78,3028835
rcsBp1,26.666666666666668,81,2,CTAGACTAGGTTGCGTCAGG,79,3028807
rcsBp1,9.0,28,2,CTACTAGGGTGCGAGCGTTA,26,3025391
rcsBp1,11.666666666666666,36,2,CTAATTGTACTACTGGCAGT,34,3035880
rcsBp1,0.6666666666666666,3,2,CGTACGACCATCTTTAGTGT,1,3043318
rcsBp1,11.333333333333334,35,2,CGGTGTCCAGCGGGTTAATG,33,3056799
rcsBp1,6.666666666666667,21,2,CGGGCGCATCCTCAATTCAC,19,3054816
rcsBp1,8.333333333333334,26,2,CGGGATAGTTTACCCACGCT,24,3070841
rcsBp1,0.6666666666666666,3,2,CGGCTTACAATCTTAAGCCT,1,3037839
rcsBp1,11.666666666666666,36,2,CGGCGGTAAGCTTCAGGCCT,34,3025425
rcsBp1,46.0,139,2,CGGCCTACATGCGCCATATT,137,3072299
rcsBp1,0.6666666666666666,3,2,CGCGGGCCAATTATTAGGGG,1,3053676
rcsBp1,5.666666666666667,18,2,CGCGAAAGTCAGGAAATCGC,16,3069313
rcsBp1,12.333333333333334,38,2,CGCAGGGATTCCGAAGCCGA,36,3067140
rcsBp1,3.3333333333333335,11,2,CGATGGATTGAAGCTGTAAT,9,3032802
rcsBp1,16.333333333333332,50,2,CGATCGGGGTTTGTGGAGAT,48,3047675
rcsBp1,9.666666666666666,30,2,CGAGTTACACGGCTGTATGG,28,3054067
rcsBp1,4.0,13,2,CGAGAACCTCTATACGCTGT,11,3034339
rcsBp1,0.6666666666666666,3,2,CGAAGGACCACATGGATGGA,1,3062086
rcsBp1,9.333333333333334,29,2,CCTGGGGCTATCCGGTAATC,27,3041902
rcsBp1,25.0,76,2,CCTGCATTCTTCGTTTTCCT,74,3028323
rcsBp1,14.333333333333334,44,2,CCTCTGGTGGTAGCCTAGGA,42,3023857
rcsBp1,11.666666666666666,36,2,CCGTTGGAGGAGACAGATGG,34,3027530
rcsBp1,16.666666666666668,51,2,CCGGACGGCATGTCCCTCCC,49,3046198
rcsBp1,2.3333333333333335,8,2,CCGCGGTCAGCAATAGGCGA,6,3052759
rcsBp1,7.0,22,2,CCGCACTTGTTTGATTCTAG,20,3027654
rcsBp1,13.666666666666666,42,2,CCGAGTGATTATGCTCTTAG,40,3039774
rcsBp1,5.0,16,2,CCGAGTCGGGCGCGGGTCAT,14,3029644
rcsBp1,15.333333333333334,47,2,CCCCTTTCACCGTAGTAAAT,45,3027174
rcsBp1,4.0,13,2,CCCCTATTGCTTCGTCCTAG,11,3044481
rcsBp1,7.0,22,2,CCCCGCTTTGTTTAACTTTT,20,3029804
rcsBp1,11.0,34,2,CCCCCAGCGCGCGTTCCGGC,32,3023808
rcsBp1,0.6666666666666666,3,2,CCCAAGAGGTTGGCCCCATA,1,3041565
rcsBp1,26.666666666666668,81,2,CCATTGCAGAACCGCGGATA,79,3062175
rcsBp1,10.0,31,2,CCATCCCACCAACTGGGTTG,29,3034970
rcsBp1,8.666666666666666,27,2,CCAGTGTCCTGGGTCAATTA,25,3036759
rcsBp1,8.0,25,2,CCAGTGAGTACCATCTGTAA,23,3048557
rcsBp1,4.333333333333333,14,2,CCAGGTCTGCCGTTCGCAAG,12,3041680
rcsBp1,0.6666666666666666,3,2,CCAAGTTGGCAAGTTTCGTG,1,3045406
rcsBp1,2.6666666666666665,9,2,CCAACCGGTTGATGGAATTT,7,3046650
rcsBp1,6.0,19,2,CATCGCGGTTATTCAGCAAA,17,3047823
rcsBp1,4.666666666666667,15,2,CATCGATGTCGATGTGGAGT,13,3061624
rcsBp1,4.333333333333333,14,2,CATATGGGTATTATTTTAGA,12,3044962
rcsBp1,14.0,43,2,CATACTACATCTACCTGGCC,41,3052681
rcsBp1,14.666666666666666,45,2,CAGTTCGCCTGGTCTGACAG,43,3023382
rcsBp1,15.666666666666666,48,2,CAGTGATACCACGGATACGA,46,3021972
rcsBp1,143.66666666666666,432,2,CAGTACAAGGCCAACGGGGG,430,3062241
rcsBp1,53.333333333333336,161,2,CAGGCTGGCGTCCGCGGTGG,159,3028338
rcsBp1,0.6666666666666666,3,2,CAGGAAAACCATTTTAAGCG,1,3041097
rcsBp1,8.333333333333334,26,2,CAGCTCGTTGCGCGTTCACC,24,3063663
rcsBp1,0.6666666666666666,3,2,CAGAATACAGAATCTGGGAA,1,3035558
rcsBp1,9.0,28,2,CACGCGAATAGTATCGCCGG,26,3050629
rcsBp1,9.666666666666666,30,2,CACGCAGGGTGTCGGATGTG,28,3038816
rcsBp1,9.0,28,2,CACGCACTACGGATAACACA,26,3024037
rcsBp1,10.333333333333334,32,2,CACGAGGTCAAAAGTGGAAG,30,3054955
rcsBp1,9.666666666666666,30,2,CAAGTCTATATGGCCAGTAT,28,3023950
rcsBp1,7.0,22,2,CAACTTGTACTAGGGTTCAG,20,3026239
rcsBp1,8.333333333333334,26,2,CAACTCGGACATATTGGTTA,24,3035382
rcsBp1,7.333333333333333,23,2,CAACATTAGTACGTAGAATG,21,3048055
rcsBp1,0.6666666666666666,3,2,CAAAAGGGCCGTTTTGTTAA,1,3024991
rcsBp1,4.333333333333333,14,2,ATTGTGATTTGGCACAAAGT,12,3071309
rcsBp1,0.6666666666666666,3,2,ATTCTAATCCTCCTCCTCAC,1,3049801
rcsBp1,20.666666666666668,63,2,ATTCCTACCCATCTCTATCA,61,3061516
rcsBp1,10.0,31,2,ATTATTAGAACGCATTGGTT,29,3023001
rcsBp1,67.0,202,2,ATTACATAGTATGGTGGATA,200,3025450
rcsBp1,9.0,28,2,ATGTATTCTGACGAAGTCTT,26,3053528
rcsBp1,8.333333333333334,26,2,ATGTACCGGAAGCCTTCCAG,24,3024148
rcsBp1,5.333333333333333,17,2,ATGGTACTGTAGGGAGCTAG,15,3025508
rcsBp1,0.6666666666666666,3,2,ATGGGTGAACTTGTGGCAAG,1,3052575
rcsBp1,10.666666666666666,33,2,ATGGGTCATAATAGGCCTGG,31,3057802
rcsBp1,9.0,28,2,ATGCCTCGATTCACAAGGGG,26,3069627
rcsBp1,18.0,55,2,ATCTGTAGCCTTACCACGTG,53,3024250
rcsBp1,7.666666666666667,24,2,ATCGCAGATGTCGATTTGTA,22,3046873
rcsBp1,6.0,19,2,ATCCTGAGATTGCTGAGGAA,17,3044381
rcsBp1,10.333333333333334,32,2,ATCAGACCAACTCACCGGCC,30,3027966
rcsBp1,15.333333333333334,47,2,ATCACTCCAAGACCCTGGGT,45,3047792
rcsBp1,4.0,13,2,ATATCGTGCCCTGCCTCGGG,11,3047734
rcsBp1,15.0,46,2,ATACTGCTTGTCTCTACAAT,44,3043017
rcsBp1,5.666666666666667,18,2,ATACCCGGGGCACTAAACCC,16,3034007
rcsBp1,4.666666666666667,15,2,ATAACGGTTCCACACGATCA,13,3069580
rcsBp1,6.333333333333333,20,2,ATAAATGCCTTTAGCTCTTC,18,3059234
rcsBp1,3.6666666666666665,12,2,ATAAAGTTCTGGACCTCCGC,10,3028232
rcsBp1,2.6666666666666665,9,2,ATAAACATCTCGGCTCTGAG,7,3040664
rcsBp1,10.0,31,2,AGTTGCCCAACTTGTGTTAG,29,3025634
rcsBp1,11.0,34,2,AGTTAGCAGGACCTCATAAG,32,3056749
rcsBp1,0.6666666666666666,3,2,AGTCTCACTTGCGTCGGGGA,1,3069558
rcsBp1,18.0,55,2,AGTCACATGAATTTTTCGGC,53,3034011
rcsBp1,0.6666666666666666,3,2,AGTAGTCAAATGAATCGCAT,1,3047518
rcsBp1,10.333333333333334,32,2,AGTAACGTCTAAGGCTTTAG,30,3023848
rcsBp1,12.333333333333334,38,2,AGGTTTAGTTTATTACACTA,36,3033496
rcsBp1,10.0,31,2,AGGTGCTGGAGAGCACTCCA,29,3046581
rcsBp1,11.333333333333334,35,2,AGGCTTCGTGCGGCTACTAG,33,3035573
rcsBp1,9.333333333333334,29,2,AGCTCCTACCAATTCCTGAC,27,3031624
rcsBp1,4.333333333333333,14,2,AGCGTCACAGCCTAATGTCT,12,3037491
rcsBp1,12.0,37,2,AGCGGCGCTATCACCATATG,35,3039980
rcsBp1,12.666666666666666,39,2,AGCCTGTGCTATTTGACCTC,37,3033807
rcsBp1,9.0,28,2,AGCCCTTGCTAACATTGGAT,26,3026048
rcsBp1,12.333333333333334,38,2,AGCCCGGCTCCACAATCTAC,36,3061505
rcsBp1,2.3333333333333335,8,2,AGCCCCGGCACAACCGATCG,6,3066457
rcsBp1,6.333333333333333,20,2,AGATCCGCGTAAGACGACGG,18,3060504
rcsBp1,0.6666666666666666,3,2,AGAGATCTCTTGTGGTAGCA,1,3053733
rcsBp1,0.6666666666666666,3,2,AGACGCCTGCATACACTGAA,1,3059745
rcsBp1,14.333333333333334,44,2,AGACGCACCATAGTCGCACT,42,3047189
rcsBp1,0.6666666666666666,3,2,AGACAAGTGTTGTGTTGGGT,1,3038400
rcsBp1,18.333333333333332,56,2,AGAAGTTGGGACTCGGGGCT,54,3045151
rcsBp1,7.666666666666667,24,2,ACTCTCTCAAACAGCTAGAG,22,3071699
rcsBp1,6.333333333333333,20,2,ACTAAACATCAGTGGGGGGT,18,3038095
rcsBp1,11.666666666666666,36,2,ACGTTATCACCAGCCGGATA,34,3027346
rcsBp1,4.0,13,2,ACGTGAGTATAAGCTAGCTT,11,3039667
rcsBp1,4.333333333333333,14,2,ACGTCCTGCGAGCATCTTCC,12,3059496
rcsBp1,7.666666666666667,24,2,ACGGTAGCTGGTTGGGGCAT,22,3037291
rcsBp1,30.333333333333332,92,2,ACGGGTTTGGCGCCTCGGAT,90,3060929
rcsBp1,7.0,22,2,ACGGCAGCCCCTTCTTTATT,20,3029110
rcsBp1,8.0,25,2,ACGCATTAGGCTCTACTTAT,23,3044898
rcsBp1,15.333333333333334,47,2,ACCTTCGGCAGGTACCTCCC,45,3032747
rcsBp1,3.3333333333333335,11,2,ACCGGCGCGGCTGGGAATTT,9,3071204
rcsBp1,1.0,4,2,ACCGCAGCCACCGATTGCGA,2,3039124
rcsBp1,2.6666666666666665,9,2,ACCCTAGATGCGGACTGACC,7,3025610
rcsBp1,25.666666666666668,78,2,ACCCCTCTCCGCAGCGGAAC,76,3046026
rcsBp1,17.0,52,2,ACCCCCTGCCCCCAGATGGG,50,3062949
rcsBp1,3.0,10,2,ACCACAGAGAGTTCGGCTCT,8,3059541
rcsBp1,0.6666666666666666,3,2,ACCAAATGGCCGGTTATGGT,1,3044550
rcsBp1,18.0,55,2,ACATACGTGGGCTCGTCACA,53,3062182
rcsBp1,1.3333333333333333,5,2,ACAGTTACGACAGGCGAACG,3,3059792
rcsBp1,12.333333333333334,38,2,ACACTGTCAGGACATTTGAG,36,3025788
rcsBp1,0.6666666666666666,3,2,AATTTCAGTCTAAGAGACAG,1,3053789
rcsBp1,15.0,46,2,AATTCGTGGATTGGCGATTA,44,3066397
rcsBp1,10.666666666666666,33,2,AATGGGCCTCAGGCGAATAT,31,3048688
rcsBp1,6.0,19,2,AATGCCAGGGTGATCTTGTT,17,3062578
rcsBp1,5.666666666666667,18,2,AATAACAAAGCGATCATAGA,16,3058907
rcsBp1,13.0,40,2,AAGTTAATCTGCACAAGTTG,38,3060916
rcsBp1,0.6666666666666666,3,2,AAGCAGTGTAAGGCCGGGCC,1,3065157
rcsBp1,0.6666666666666666,3,2,AAGAACCAAATGGGCTCCTT,1,3028633
rcsBp1,6.0,19,2,AACTCCTTATCGAAAAACAT,17,3060388
rcsBp1,8.333333333333334,26,2,AACGGTCACCAGCCTCACAC,24,3033630
rcsBp1,9.333333333333334,29,2,AACCTGGTGGAACTCTCAGT,27,3044859
rcsBp1,12.333333333333334,38,2,AACCGACGCAGTGTCACTGT,36,3055179
rcsBp1,1.0,4,2,AACCCCACGGCCCGGCCCTC,2,3067250
rcsBp1,11.333333333333334,35,2,AAATTGTCGAGATGGATTTA,33,3041101
rcsBp1,144.33333333333334,434,2,AAATCTTCTTCCGAGGGCTC,432,3025440
rcsBp1,9.333333333333334,29,2,AAATCCCGCACGTCAAAGCT,27,3056637
rcsBp1,27.333333333333332,83,2,AAACGGCGCTGGCCAGGGTC,81,3033844
rcsBp1,18.333333333333332,56,2,AAACCTCATGTCATGTCACA,54,3051499
rcsBp1,6.666666666666667,21,2,AAACCTACGTTCGATCGTCT,19,3039032
rcsBp1,9.5,19,1,TTTTGGCCTTAGATAGTGCA,18,3031455
rcsBp1,13.5,27,1,TTTTCTACTAATCCGCACAA,26,3056356
rcsBp1,12.5,25,1,TTTGAGCAACTCGGTGTAGG,24,3059188
rcsBp1,152.0,304,1,TTTCTCATGAAAAAGGTATA,303,3062256
rcsBp1,2.0,4,1,TTTCGGAAGTCTTACGTAAT,3,3050036
rcsBp1,7.0,14,1,TTTCGCTATGACCATGCGCC,13,3023644
rcsBp1,13.5,27,1,TTTCGCCTCCGGTAATAATT,26,3033942
rcsBp1,7.5,15,1,TTTCCCATTGACTCGTCTGC,14,3025101
rcsBp1,25.0,50,1,TTTCAGTCATCGGGTCTAGA,49,3037634
rcsBp1,10.5,21,1,TTTAATCAGCTTGAGTACGG,20,3042591
rcsBp1,6.0,12,1,TTGTTGCAGAGCCCCCAGCA,11,3027987
rcsBp1,13.5,27,1,TTGGCTTAGCAAGGAGGCGG,26,3034101
rcsBp1,20.0,40,1,TTGATTTATAACCACGCAAA,39,3034945
rcsBp1,16.5,33,1,TTGAACTGCTAAACCTCAGA,32,3058472
rcsBp1,16.0,32,1,TTCTTCCCACGACGGGCACT,31,3034425
rcsBp1,8.5,17,1,TTCTTAATGTGCTCTCTATT,16,3024303
rcsBp1,16.0,32,1,TTCTCCTGTCCCCTCTAAAG,31,3036641
rcsBp1,4.5,9,1,TTCTCCAGAAAGGGAGCAGC,8,3071129
rcsBp1,6.5,13,1,TTCTACTTCCTCTGGCCTAC,12,3036934
rcsBp1,22.0,44,1,TTCGTTCGGCGTAGAATGCT,43,3040755
rcsBp1,8.5,17,1,TTCGGGGATGTCGAATTTGT,16,3030048
rcsBp1,13.0,26,1,TTCGGATTTAGGTCGCAGAG,25,3038009
rcsBp1,18.0,36,1,TTCGCCCCACACTTGAAGAT,35,3023867
rcsBp1,14.5,29,1,TTCCGCATTGACTTCTTACA,28,3044886
rcsBp1,9.0,18,1,TTCCCGCTTGATTGTCTGGG,17,3035876
rcsBp1,11.0,22,1,TTCCCCATCACGGTCGAAGG,21,3039950
rcsBp1,12.0,24,1,TTCATGACAGTTTGAGAGTA,23,3036597
rcsBp1,1.0,2,1,TTCATCAGGCGGTTTATAAG,1,3064773
rcsBp1,17.0,34,1,TTCAATGCATGTAAGCATTA,33,3036909
rcsBp1,1.0,2,1,TTATCTCTAACTGGATGGGT,1,3033239
rcsBp1,8.0,16,1,TTAGGTACAGTTCGCATTCT,15,3045311
rcsBp1,12.5,25,1,TTACTTCGACTATCTTATAA,24,3023713
rcsBp1,11.5,23,1,TTACCTTAGCCAATGTGTCC,22,3044818
rcsBp1,10.0,20,1,TTAAGGACTTTCCCTAGGTT,19,3043736
rcsBp1,5.0,10,1,TTAAACGCTGGGTGAGGGCG,9,3048043
rcsBp1,18.5,37,1,TGTTGGTGCGGTGGCGCCGC,36,3061305
rcsBp1,9.0,18,1,TGTTCCAGCATTCTGCACTT,17,3060851
rcsBp1,1.5,3,1,TGTGAACAGGTAAAGGAGAT,2,3042222
rcsBp1,17.0,34,1,TGTAGTGTAGTCTTCTCTAA,33,3058085
rcsBp1,8.0,16,1,TGTAGGGAGGTCCTCCACCT,15,3061041
rcsBp1,13.5,27,1,TGTAGCAGGCGTAAGCTGGC,26,3029828
rcsBp1,4.0,8,1,TGGGGCTCTTTCTCAATATA,7,3043262
rcsBp1,3.0,6,1,TGGGACCGGGTCGAGCGACC,5,3038473
rcsBp1,26.5,53,1,TGGAGTGAGATGGCATCTGT,52,3045478
rcsBp1,17.0,34,1,TGCGTTCAGCGATGCGCGCC,33,3042060
rcsBp1,16.5,33,1,TGCGTACGGCGAGGGGTCTT,32,3043364
rcsBp1,98.0,196,1,TGCCTCTGTGTGGTGATTCC,195,3027141
rcsBp1,28.5,57,1,TGCACTAATCTGGGCTTTAT,56,3054452
rcsBp1,10.5,21,1,TGATCGATATCCCGATCGTG,20,3037068
rcsBp1,15.0,30,1,TCTTCACATGGACCCTGTAA,29,3037756
rcsBp1,5.0,10,1,TCTGTAGTCCAGTATTGGAG,9,3070384
rcsBp1,1.0,2,1,TCTCAAACTACTCCCGGCCA,1,3056718
rcsBp1,40.0,80,1,TCTACTCCAGTAGTGTGATG,79,3053450
rcsBp1,9.5,19,1,TCGTGAATTCGACAATCTAA,18,3066192
rcsBp1,1.0,2,1,TCGGTTCCACTCATAAGGCT,1,3033640
rcsBp1,15.0,30,1,TCGGGCGTGTCTTCGGGTGA,29,3047065
rcsBp1,18.5,37,1,TCGCCCCCCGACTGCATGGT,36,3054475
rcsBp1,12.5,25,1,TCGAGTTCGGTTCATTTGAT,24,3028036
rcsBp1,8.0,16,1,TCGACTGCGAGACAACACAG,15,3029007
rcsBp1,9.5,19,1,TCCTTAGCCCAATTCTTCTG,18,3056238
rcsBp1,14.5,29,1,TCCTCAGCTGGCATAGCTAC,28,3023406
rcsBp1,15.5,31,1,TCCTAGGTACCTGTGGATCC,30,3036397
rcsBp1,11.0,22,1,TCCGCGGTCGATCGTAGCCG,21,3039649
rcsBp1,7.0,14,1,TCCCGACGTGTTTTAGTCTA,13,3024348
rcsBp1,55.5,111,1,TCCCACTACTGAAAGTGTCC,110,3048770
rcsBp1,8.5,17,1,TCATGAGTGCGTCCCGCGAT,16,3036268
rcsBp1,10.0,20,1,TCATATATGTCCTTGCAATT,19,3052720
rcsBp1,4.0,8,1,TCAGTGCGCGAACGATCAGC,7,3055823
rcsBp1,14.0,28,1,TCAGGGATCTATCGTGAAGA,27,3060452
rcsBp1,7.0,14,1,TCAGCCTAGGTCGGCGATGG,13,3044542
rcsBp1,9.0,18,1,TCAGCCCTAGAACCGCGGCC,17,3072151
rcsBp1,18.0,36,1,TCAGCAGCGGCAGATCTAAT,35,3067716
rcsBp1,10.0,20,1,TCAATATTGGCTTCCTATCA,19,3023957
rcsBp1,12.5,25,1,TCAACTACTGAAATGCCGAC,24,3043552
rcsBp1,1.0,2,1,TCAACGACCAATTAGGCCCG,1,3051385
rcsBp1,1.0,2,1,TCAACAAACTGATACGTTTC,1,3062466
rcsBp1,5.0,10,1,TCAAACCTGTTACGCCGATG,9,3036396
rcsBp1,7.5,15,1,TCAAAAATCAAAAGTAGCTA,14,3037435
rcsBp1,9.5,19,1,TATTCGCCAATTGTACGGTT,18,3068009
rcsBp1,14.0,28,1,TATCCGATAGTGTTACCCCT,27,3042372
rcsBp1,2.5,5,1,TAGGGTATCCTTGGCATCCC,4,3053241
rcsBp1,3.0,6,1,TAGGGGCTTCATGTCGAGCT,5,3042575
rcsBp1,9.5,19,1,TAGGGCGACGATGGTCCGTG,18,3034605
rcsBp1,16.5,33,1,TAGGACTTTCGATTGACATG,32,3067030
rcsBp1,1.0,2,1,TAGCTAGGTCTGACTTGCGC,1,3040412
rcsBp1,18.0,36,1,TAGCGTCATTTGAAAAATAC,35,3051569
rcsBp1,108.5,217,1,TAGCGGTTAATGCGCACGGC,216,3073295
rcsBp1,15.5,31,1,TAGCGCCCTACCTCTTATGC,30,3029474
rcsBp1,1.0,2,1,TAGCAGGAATCACCTCCGGA,1,3037660
rcsBp1,20.5,41,1,TAGCACATTACAATTTATGA,40,3062034
rcsBp1,4.5,9,1,TAGATTTGTGCCCTTAAGTT,8,3051826
rcsBp1,9.5,19,1,TAGAATATTAAATAAAGTCG,18,3024943
rcsBp1,13.0,26,1,TACTCAGGGCTCTCAATGGT,25,3055479
rcsBp1,10.0,20,1,TACTAATGGAAGCTGACTAA,19,3065857
rcsBp1,7.0,14,1,TACGTTCATTAGCCCTTTAC,13,3023876
rcsBp1,14.0,28,1,TACGCCACTCCCTAATTCAT,27,3062059
rcsBp1,16.0,32,1,TACCGAAAGAGTTAGTGGAG,31,3021893
rcsBp1,4.5,9,1,TACCCTGCTTCGGGGCCATG,8,3065506
rcsBp1,13.5,27,1,TACCCAGGCGCACAATGCGT,26,3037411
rcsBp1,47.0,94,1,TAATTATTTCAATGCCCTTT,93,3022781
rcsBp1,1.0,2,1,TAACTATGGCTCATCTCTCG,1,3033980
rcsBp1,68.5,137,1,TAAACGCCTATCATTATGTC,136,3028350
rcsBp1,10.0,20,1,TAAACCCCTCCACCTACTCC,19,3054035
rcsBp1,6.5,13,1,GTTTTGAGCCAGGGGGGTCT,12,3048139
rcsBp1,9.0,18,1,GTTTGCTCATCTTCTCCGAC,17,3057697
rcsBp1,8.5,17,1,GTTTCGGATAATGGGCTCCC,16,3037318
rcsBp1,16.0,32,1,GTTGCGCCCGATTGCGTTTG,31,3027162
rcsBp1,8.5,17,1,GTTCTTGCTTGGGCACTGCG,16,3061957
rcsBp1,4.5,9,1,GTTACTGGGGTAGGTGCACC,8,3024206
rcsBp1,1.5,3,1,GTTAAGGCTGTATTGTATCC,2,3039735
rcsBp1,16.5,33,1,GTGTTGAAGCTTGTACGGAT,32,3041979
rcsBp1,12.5,25,1,GTGTGGCAGTGGGAAGTCAC,24,3026099
rcsBp1,12.0,24,1,GTGTATGCGAGAAGCCGTTC,23,3036273
rcsBp1,11.0,22,1,GTGGGCGGCACCCTTGCTAG,21,3028231
rcsBp1,1.0,2,1,GTCCTCCGCCACGGAACTTA,1,3055744
rcsBp1,18.0,36,1,GTCATCAGTAGGCCACATAG,35,3030779
rcsBp1,15.5,31,1,GTCAATAACGGCCATAAATA,30,3072714
rcsBp1,2.0,4,1,GTCAAGGGCTTTTTGGATAA,3,3027727
rcsBp1,13.0,26,1,GTATGCTGCCGGCTGGAATC,25,3072243
rcsBp1,3.0,6,1,GTAGAAACCGCTCGCACGCA,5,3028912
rcsBp1,10.0,20,1,GGTCTTGGAGCGCATCTATG,19,3038378
rcsBp1,13.0,26,1,GGTATCATAGGTGGTGTCTC,25,3063958
rcsBp1,5.5,11,1,GGTACCCGCTATCGAACCTT,10,3033762
rcsBp1,22.5,45,1,GGGGTTTGTGGACACGTTAA,44,3023386
rcsBp1,8.5,17,1,GGGGGTAGGTGGCCAGCAGT,16,3031456
rcsBp1,18.5,37,1,GGGGGACTGGGAAAGTTGAA,36,3051598
rcsBp1,10.5,21,1,GGGGAAGGCCCTTCGTCTCG,20,3058376
rcsBp1,14.5,29,1,GGGCCTCACGGTATAAGCGG,28,3048800
rcsBp1,21.5,43,1,GGGCCGCGATTATAAATGAG,42,3038549
rcsBp1,77.0,154,1,GGGAGCTCATTCATTACCAC,153,3070181
rcsBp1,1.0,2,1,GGGAATGATAGATTCGACGA,1,3044706
rcsBp1,6.0,12,1,GGCGACCATGTATAGACTCT,11,3023740
rcsBp1,16.0,32,1,GGCGAAAACTTGTCTCTTCC,31,3023396
rcsBp1,20.5,41,1,GGCCTATCTAAATCACGCCC,40,3033854
rcsBp1,16.5,33,1,GGCAGTGCTAGATTCAATCA,32,3046846
rcsBp1,8.0,16,1,GGCAATAGTCGCTCTTTATT,15,3026502
rcsBp1,11.0,22,1,GGATCAGCACGCTCGTGTAC,21,3067004
rcsBp1,12.5,25,1,GGATACGTTTGTGGTTCGGC,24,3023475
rcsBp1,8.0,16,1,GGAGTGCGGTACAGGGTCGA,15,3031746
rcsBp1,1.0,2,1,GGAATTTCACCCCGACGGAT,1,3030295
rcsBp1,63.5,127,1,GGAATCCGGATGTACTTATG,126,3025442
rcsBp1,16.5,33,1,GCTTTTCTGCGGATTGGACA,32,3025827
rcsBp1,9.0,18,1,GCTTTGAGGCCTACAGGGCT,17,3043748
rcsBp1,18.0,36,1,GCTTATGGCAGCCAACATCA,35,3055774
rcsBp1,4.5,9,1,GCTCGATAATCCTTCTCGCT,8,3052797
rcsBp1,17.5,35,1,GCGTCGGCCATTTGTTTTAT,34,3073481
rcsBp1,6.0,12,1,GCGGGATATCAGATAGAAGC,11,3050827
rcsBp1,16.0,32,1,GCGCCGAACGCGTTAGTATC,31,3044283
rcsBp1,1.0,2,1,GCGATCCTCTCGCGAAACTT,1,3029332
rcsBp1,5.5,11,1,GCCTATCGGTTACGTAAAGA,10,3048592
rcsBp1,1.0,2,1,GCCTAGGAGCCAATTTACAA,1,3030359
rcsBp1,14.0,28,1,GCCGGGGTTATTACGCTGGG,27,3073116
rcsBp1,13.5,27,1,GCCCTTAGCATCTTGGATAC,26,3044401
rcsBp1,7.5,15,1,GCCCAGCTCACACCGCTGAA,14,3065345
rcsBp1,1.0,2,1,GCCAGCTACTCGGCATCTTA,1,3038426
rcsBp1,6.0,12,1,GCATGCACGCAGTCCGCGTT,11,3035713
rcsBp1,12.0,24,1,GCAGCCAAGGACGTCTTCAA,23,3062959
rcsBp1,15.5,31,1,GCAGATCAGCACTAGCCCAG,30,3063691
rcsBp1,13.5,27,1,GATGCCATGAAGAAATGCCT,26,3048355
rcsBp1,18.0,36,1,GAGTTGGGATACTGTCCATC,35,3039111
rcsBp1,13.5,27,1,GAGGCCCGGGCAACTCTGAG,26,3031139
rcsBp1,2.5,5,1,GAGCTCGAGATTGATGACTC,4,3040406
rcsBp1,5.5,11,1,GAGCTCCTCCAAATGCCCTG,10,3041217
rcsBp1,9.5,19,1,GACTGTGTTACGGGTTAAGA,18,3029499
rcsBp1,4.5,9,1,GACTGATGTTCGGAAGCTTG,8,3032174
rcsBp1,10.5,21,1,GACTACCTCACCGAAGGGGG,20,3034006
rcsBp1,18.0,36,1,GACGGCGTACTCGAACACGG,35,3025797
rcsBp1,2.5,5,1,GACCCGGGACTACCTCGGTC,4,3061597
rcsBp1,9.5,19,1,GAATTAGACACAATGCAAGC,18,3025321
rcsBp1,17.0,34,1,GAATATGAGTGCGGTGGTTG,33,3039731
rcsBp1,12.0,24,1,GAAGTTCATCTACCCCGTGC,23,3069823
rcsBp1,2.0,4,1,GAAGGTCTGCTTGCCATAGT,3,3064079
rcsBp1,1.0,2,1,GAAATGGACATGTAGTTTGA,1,3052988
rcsBp1,19.0,38,1,CTTTTAGGCTTTACAACATC,37,3055539
rcsBp1,11.5,23,1,CTTTCTATCCTCGGTCGATT,22,3054654
rcsBp1,19.0,38,1,CTTGCAAAACAACGGCGTGA,37,3022767
rcsBp1,5.5,11,1,CTTCGGCGGCCATCGTTCGA,10,3022529
rcsBp1,18.5,37,1,CTGTGCGCTGTCATTGTAGC,36,3070188
rcsBp1,17.0,34,1,CTGTGACTCTTGACCTACGA,33,3049626
rcsBp1,13.0,26,1,CTGTCGAAGCTTCTGTACGG,25,3057790
rcsBp1,14.0,28,1,CTGGTAGCGTAGTATAAGAT,27,3072551
rcsBp1,7.0,14,1,CTGGGAATGGCGGTTCATCT,13,3056313
rcsBp1,5.0,10,1,CTGCCTCTGGATTAACTGAG,9,3071242
rcsBp1,16.5,33,1,CTCTGGAGCTGGATGGTACG,32,3053629
rcsBp1,15.5,31,1,CTCGTTATTCGGCAACATAC,30,3067421
rcsBp1,14.0,28,1,CTCGCTGAACTCGTCCGCTA,27,3060290
rcsBp1,35.0,70,1,CTCGCTCGTAATCGGATTCA,69,3072294
rcsBp1,103.5,207,1,CTCCTCCTTTAATCGTGAGT,206,3033542
rcsBp1,6.0,12,1,CTCCGCCCTGCTCCATACTT,11,3067034
rcsBp1,1.0,2,1,CTCCCAATTTTCCGGCGACT,1,3069618
rcsBp1,12.5,25,1,CTCATATAAACAGTTCAGTT,24,3038107
rcsBp1,77.0,154,1,CTATTTTTCGGGTTTAACTG,153,3042502
rcsBp1,11.5,23,1,CTATGGCTTCAATTAAGTTA,22,3052356
rcsBp1,9.0,18,1,CTACCGCCTCATTACAGTTC,17,3069012
rcsBp1,14.0,28,1,CTACCAACTTGGCCGTTTAC,27,3039262
rcsBp1,2.0,4,1,CTAAGCCGAATCAAAACATA,3,3029084
rcsBp1,5.5,11,1,CGTTTATTTTGCCAGAATTA,10,3047030
rcsBp1,15.0,30,1,CGTTACTGTTTAGGCAAGAC,29,3042635
rcsBp1,10.0,20,1,CGTGCGATTATAATGGAGCA,19,3025183
rcsBp1,1.5,3,1,CGTGCACGCAAAGTACTCTT,2,3055844
rcsBp1,14.0,28,1,CGTGAAAACTCGATACGCTG,27,3071673
rcsBp1,10.5,21,1,CGTCACGCTATACCAACTAC,20,3032028
rcsBp1,4.0,8,1,CGGGTGGTCATATGCACGGA,7,3060993
rcsBp1,11.5,23,1,CGGGGGACCGCGCAACCCCG,22,3043280
rcsBp1,14.5,29,1,CGGGGCACTACTAGGTAGTA,28,3072207
rcsBp1,4.5,9,1,CGGGGAAGAAAAACTGCCAG,8,3060199
rcsBp1,3.5,7,1,CGGCAACATCACCGAGGTGA,6,3047557
rcsBp1,27.0,54,1,CGGAACCAGTCAGCAAGCGC,53,3042486
rcsBp1,10.0,20,1,CGCTCGTACTTTCAAAATTC,19,3070828
rcsBp1,11.0,22,1,CGCGGACAGATCGGGATTGG,21,3047754
rcsBp1,10.5,21,1,CGCGCTAGGGAAAGTGTCCT,20,3071979
rcsBp1,1.0,2,1,CGCCCGAGCTTATCGGTCAC,1,3053213
rcsBp1,1.0,2,1,CGCAGGGACCGGAAATAGAT,1,3037721
rcsBp1,5.5,11,1,CGCACAAGGCCAAGGGTACT,10,3059032
rcsBp1,11.5,23,1,CGAGTCACTCACCGTTAGTA,22,3023227
rcsBp1,14.5,29,1,CGAGCTTCCACGCTTAGCAG,28,3029402
rcsBp1,10.0,20,1,CGACATTTTAGACGGTTATT,19,3063952
rcsBp1,10.5,21,1,CGACAGATTGCATACCTGCA,20,3027418
rcsBp1,8.5,17,1,CCTGGCTTCCAGCTGGCCTA,16,3028805
rcsBp1,8.0,16,1,CCTCATTAATCCCGCCATCA,15,3037215
rcsBp1,29.5,59,1,CCTATTTTCACCATATTGGG,58,3063394
rcsBp1,21.5,43,1,CCTACGGGAGTTTATTTCAG,42,3038469
rcsBp1,6.0,12,1,CCGTCGGCCACTTGAATGAT,11,3072926
rcsBp1,10.5,21,1,CCGGCGTTCACCACTATCAA,20,3054950
rcsBp1,14.5,29,1,CCGCTGCGCGCCATTTACCA,28,3067935
rcsBp1,86.5,173,1,CCGAGTTTAGCCGGTAGGAT,172,3063949
rcsBp1,5.5,11,1,CCGAGGCCCATGGCGTACGG,10,3035071
rcsBp1,11.5,23,1,CCGAAAGGCCTGTCCTTTCC,22,3047767
rcsBp1,1.0,2,1,CCCTCTGACTAATAGGGAAT,1,3059472
rcsBp1,32.0,64,1,CCCTCCGCACGGTTAGCGCT,63,3031133
rcsBp1,10.5,21,1,CCCGTGAGAGCTGAAGTTAT,20,3029552
rcsBp1,6.0,12,1,CCCAAAAAAATCACTGATCC,11,3048863
rcsBp1,15.5,31,1,CCACTAAGATAAACGAAGGT,30,3035626
rcsBp1,14.5,29,1,CCACCGGCACGGTAGGGGAT,28,3065323
rcsBp1,1.0,2,1,CCACAGGACTACCAGCGCAA,1,3057388
rcsBp1,13.5,27,1,CCAAGATACAATAAAGACAC,26,3023856
rcsBp1,45.5,91,1,CATTGTTTTAGCAATACCAA,90,3059025
rcsBp1,15.0,30,1,CATTGAAGTCATGACTGTGT,29,3028598
rcsBp1,12.0,24,1,CATTACGCTCTGGCGCGAAT,23,3063951
rcsBp1,12.0,24,1,CATGGTTCTCTGCGAGGGAG,23,3026984
rcsBp1,1.0,2,1,CATAATATAGTCATAACAAC,1,3025128
rcsBp1,1.0,2,1,CAGGATTCCACCGTCCGCAG,1,3045518
rcsBp1,6.5,13,1,CAGCGGAGCTTCAGGCGGAT,12,3025825
rcsBp1,11.5,23,1,CACGAGGAATAACCGTTGTC,22,3030782
rcsBp1,11.0,22,1,CACCTATTGAGTGCTGGTAC,21,3070211
rcsBp1,22.5,45,1,CACCATAGCAGTCTGCACAT,44,3050211
rcsBp1,12.0,24,1,CACAGGAACCTGTATACTAC,23,3047451
rcsBp1,3.0,6,1,CACACGAGGTACCATCCTCT,5,3068755
rcsBp1,5.0,10,1,CACACCGAGAAGGATGTGCA,9,3055163
rcsBp1,5.0,10,1,CAATGGCGCAGGCCTGACCA,9,3028030
rcsBp1,1.0,2,1,CAATGAGTGAGATTAGCAAT,1,3048903
rcsBp1,1.0,2,1,CAAGGATCCGAAGGTATAAA,1,3039646
rcsBp1,4.0,8,1,CAACGACACTCATTTATAAG,7,3054962
rcsBp1,18.0,36,1,CAACCTGCAATATTGATGTT,35,3048917
rcsBp1,5.0,10,1,CAACCGGTATGGTATCGTGT,9,3063515
rcsBp1,1.0,2,1,CAACACAATTGCACCGGTGT,1,3028655
rcsBp1,26.0,52,1,ATTTTTACGGTGTAGCTGTA,51,3035570
rcsBp1,10.5,21,1,ATTTGCCCAATCACAAAATA,20,3071799
rcsBp1,11.5,23,1,ATTTCGCCGATCGGATGCAT,22,3044776
rcsBp1,6.5,13,1,ATTGTCACTGGGTTACCATT,12,3061606
rcsBp1,1.0,2,1,ATTCTGAGGAGCACAGCTGC,1,3050277
rcsBp1,18.0,36,1,ATTCCGCAGCTAAGATGATA,35,3044745
rcsBp1,11.5,23,1,ATTACACACAAGAATGGGGA,22,3041923
rcsBp1,10.0,20,1,ATGGTTCAGAATATACCTCC,19,3043703
rcsBp1,12.0,24,1,ATGGTATCGTAAATATATAT,23,3027964
rcsBp1,13.5,27,1,ATGCTTCATAGCGGGGCAGA,26,3054176
rcsBp1,13.0,26,1,ATCTCCACTTTCTGGATATC,25,3042821
rcsBp1,11.5,23,1,ATCGGACGAGGCCCAGGTTA,22,3054895
rcsBp1,14.5,29,1,ATCCAGTGGAGAATATCTTA,28,3069030
rcsBp1,14.5,29,1,ATCCAGAGTCAAGAGTGGTT,28,3059228
rcsBp1,24.0,48,1,ATCATACCGGAGTCGTAATG,47,3028821
rcsBp1,15.5,31,1,ATAGGCATAGAATGAACTTA,30,3037550
rcsBp1,7.0,14,1,ATAGCCGGCGATTGATTGTG,13,3052327
rcsBp1,1.0,2,1,ATACCCCGTAAGATTGTGGG,1,3060398
rcsBp1,10.0,20,1,ATACATAAATTGGTCATTAG,19,3067914
rcsBp1,61.5,123,1,ATAAACCCGCAAGACCCATA,122,3062257
rcsBp1,20.0,40,1,AGTTTGCAAAAGGTGTAAAA,39,3034578
rcsBp1,2.5,5,1,AGTTGAGCAGGTCTGTAGCG,4,3048740
rcsBp1,1.0,2,1,AGTTCACAAGGGGTCTTTCA,1,3047438
rcsBp1,12.5,25,1,AGTGCGTGTTGTATTACCTT,24,3028359
rcsBp1,11.0,22,1,AGTCGCTCAAACGCGCTTTA,21,3041791
rcsBp1,1.5,3,1,AGGGTGGAAGGAATGTCCCG,2,3033196
rcsBp1,7.0,14,1,AGGCTTCAATTGTTAGTTTG,13,3050493
rcsBp1,18.5,37,1,AGGCTCAGCCGCCGGTCTGT,36,3047231
rcsBp1,14.0,28,1,AGGCATTCACTTCACGTATC,27,3058549
rcsBp1,20.0,40,1,AGCGGGAGTCAATTGGATGT,39,3064796
rcsBp1,11.5,23,1,AGCGCCTATAGTACTTGTCC,22,3033973
rcsBp1,8.5,17,1,AGCCGCATGATTATAGTAAG,16,3030298
rcsBp1,9.5,19,1,AGCATAGCACAGCCTCTATG,18,3065213
rcsBp1,10.0,20,1,AGCACGGGGGCCGAGGTCAT,19,3053501
rcsBp1,7.0,14,1,AGCAAGTTGTTTAAATGGAC,13,3035580
rcsBp1,9.5,19,1,AGACCTTACTTTCCCGCTAC,18,3029497
rcsBp1,47.5,95,1,AGACCTGAGGAACTGTCCTG,94,3053458
rcsBp1,8.0,16,1,AGAAATGCTGCCGACCTATT,15,3025524
rcsBp1,3.0,6,1,ACTTGTTAGTATCAATAACA,5,3052273
rcsBp1,29.0,58,1,ACTGAGAGAGGAAGGCGGTC,57,3052363
rcsBp1,11.5,23,1,ACTCCCCGTGTTAACTGAGA,22,3069664
rcsBp1,21.0,42,1,ACGTGACGCTTTCATTAGAC,41,3071846
rcsBp1,10.5,21,1,ACGGTCGAGCAATGCCCCTC,20,3031250
rcsBp1,11.0,22,1,ACGCTCGGGATGCCTAAGTT,21,3067623
rcsBp1,108.5,217,1,ACGAGCCCATCTGGCTTATG,216,3072308
rcsBp1,7.0,14,1,ACCTGTCCGCGACTATGGTG,13,3068623
rcsBp1,6.5,13,1,ACCTATTTGCGCCCAAGGGC,12,3052504
rcsBp1,19.5,39,1,ACCCTGGAGTAATATGAGTC,38,3026901
rcsBp1,5.5,11,1,ACCAGTATAAAGGTTCTGCG,10,3024696
rcsBp1,13.0,26,1,ACCAGACGAATGATGTTTCT,25,3072198
rcsBp1,11.5,23,1,ACATTCTGCGGGTTCCCCCA,22,3064341
rcsBp1,9.0,18,1,ACAGGGGCACTGTTTACCAC,17,3042110
rcsBp1,12.0,24,1,ACAGACCGGGCAGACCACAA,23,3033609
rcsBp1,83.0,166,1,ACACTAAACAAATCGACTGC,165,3053433
rcsBp1,18.5,37,1,ACAAACGGTGACCTCCGACA,36,3064355
rcsBp1,14.5,29,1,AATTAGGACTGTGGTTTATA,28,3047478
rcsBp1,13.0,26,1,AATTAATCCGATGTGCCTGT,25,3033883
rcsBp1,23.5,47,1,AATCTGGGGGCCACAGCAGT,46,3073329
rcsBp1,3.5,7,1,AATCTGGCCGCTCATTTTAC,6,3063197
rcsBp1,36.0,72,1,AATCTACTTTAGCCATAATT,71,3073194
rcsBp1,8.0,16,1,AAGCTGAAATGAAGAGCCCA,15,3044292
rcsBp1,8.5,17,1,AAGCGCTCGCTGAACACGTA,16,3026875
rcsBp1,10.5,21,1,AAGCACGGCTTTAAATTTAT,20,3034109
rcsBp1,1.0,2,1,AACTAGGAGGGATCGAGGGT,1,3030895
rcsBp1,1.0,2,1,AACGGGCCAGGTCGTAATGC,1,3068537
rcsBp1,13.5,27,1,AACGGCCACGGATTGCTACA,26,3059291
rcsBp1,13.0,26,1,AACCTGTCCTGGCTTGCGAT,25,3068620
rcsBp1,11.5,23,1,AACCTCAACGTAGTCAGCCC,22,3040552
rcsBp1,11.5,23,1,AACAGTCGTTTATCTATAAT,22,3056649
rcsBp1,9.5,19,1,AACAGGTACGTTGCTAACAC,18,3055120
rcsBp1,12.0,24,1,AACAGCTACAACTACTTAGA,23,3028507
rcsBp1,13.5,27,1,AAATTGAACTACCCAATCTG,26,3039956
rcsBp1,1.0,2,1,AAATACACTCCACACATTCA,1,3053712
rcsBp1,10.0,20,1,AAAGGGGACAAGATGAAGGG,19,3054859
rcsBp1,4.5,9,1,AAAGAGTTTTACACATTTGA,8,3062656
rcsBp1,15.0,30,1,AAACGACCCGAAGTGCAAGG,29,3032270
rcsBp1,11.5,23,1,AAACACGGGGCTGCACGGAA,22,3049669
rcsBp1,29.0,58,1,AAAAGGGAGTTTGTACTTCG,57,3070165
rcsBp1,0.015151515151515152,65,65,AACTGAGGTGCGGACGACAG,0,3058777
rcsBp1,0.016666666666666666,59,59,GAGTAATTCCAGCTTCTGGA,0,3036554
rcsBp1,0.017241379310344827,57,57,CCGGGAAAAACAGGCGTGTC,0,3072996
rcsBp1,0.017241379310344827,57,57,ACCGCAAGTTTCGGCCTGAA,0,3022596
rcsBp1,0.017857142857142856,55,55,CCTCTCCATCTTAGTTTCAG,0,3069784
rcsBp1,0.01818181818181818,54,54,CAAGCACAGCATCAGACTAA,0,3060590
rcsBp1,0.018518518518518517,53,53,CCGGGCGTAATGCCTAAGAG,0,3025940
rcsBp1,0.018867924528301886,52,52,ATCCGTTTTTAAAGAATATA,0,3066438
rcsBp1,0.020833333333333332,47,47,CACTGTTTCCACCGAACCTG,0,3061178
rcsBp1,0.02127659574468085,46,46,GAAGGTGTAAATATGTTTTA,0,3027236
rcsBp1,0.02127659574468085,46,46,CTGACCACGTTAGACGGTGT,0,3052458
rcsBp1,0.02127659574468085,46,46,CTCGCATGTCCTAGGGCGCT,0,3049398
rcsBp1,0.022222222222222223,44,44,TGCACAGGTAGGCGGTACAT,0,3067313
rcsBp1,0.022222222222222223,44,44,CTACCGGGGTATACTTCCCA,0,3045544
rcsBp1,0.022222222222222223,44,44,CGAGAGGCTTAGGTGAGCGG,0,3060094
rcsBp1,0.022222222222222223,44,44,ATTGGAGTTGAGTCGTCCTG,0,3053373
rcsBp1,0.022222222222222223,44,44,ATTCATAATCGGAACGCAAA,0,3042023
rcsBp1,0.022727272727272728,43,43,TCTCGCTCTTTCGCATGGTG,0,3023585
rcsBp1,0.023255813953488372,42,42,GTCTTTTATAGTGTTGCCGC,0,3038168
rcsBp1,0.023255813953488372,42,42,CACAACCCGGGCATCACAGT,0,3036153
rcsBp1,0.023255813953488372,42,42,AGACCAACATACAGACTGAC,0,3053771
rcsBp1,0.023809523809523808,41,41,CATCTAGCAGGACATTAAGC,0,3023474
rcsBp1,0.024390243902439025,40,40,TTAGCTCGAGTTAGCTTAGT,0,3042319
rcsBp1,0.024390243902439025,40,40,GTAGGTCGGTCATACTGTGG,0,3062615
rcsBp1,0.024390243902439025,40,40,GCTGAGTATATACTTGATAA,0,3043785
rcsBp1,0.025,39,39,GTATGAGACTCACCTGCAAG,0,3049540
rcsBp1,0.025,39,39,CTAGGCGGAGTGCGATGTGT,0,3048545
rcsBp1,0.025,39,39,AGGCATTGCGCGAAATGACT,0,3032391
rcsBp1,0.02564102564102564,38,38,GCTAAGTAGGTAAGCAAGGA,0,3028384
rcsBp1,0.02564102564102564,38,38,AGGCTCTAGGGCTACGCCTT,0,3024328
rcsBp1,0.02564102564102564,38,38,ACCCGCTCCGCAAACGCCTA,0,3036995
rcsBp1,0.02631578947368421,37,37,TTTTGGTGGGGGATAGGGTT,0,3060090
rcsBp1,0.02631578947368421,37,37,GTTTGATTCCAGTGCGGTCA,0,3063477
rcsBp1,0.02631578947368421,37,37,CTGATTGCGTATCAAAGACT,0,3061847
rcsBp1,0.02631578947368421,37,37,CGAAGTAATTAGGGGCTCTC,0,3065203
rcsBp1,0.02631578947368421,37,37,ATTCAACCCAAACGCGGGGT,0,3050306
rcsBp1,0.02631578947368421,37,37,AGATCTTGGTACGCGACCTT,0,3031172
rcsBp1,0.02702702702702703,36,36,GTGGCAGGAGTCACAAGTAG,0,3058552
rcsBp1,0.02702702702702703,36,36,GTCTGCTTTCCTGACCCAAA,0,3069850
rcsBp1,0.02702702702702703,36,36,GGAGTTGTCGTGTAGAAAAG,0,3066433
rcsBp1,0.02702702702702703,36,36,GAGCAGCCATTCACTACGAC,0,3047813
rcsBp1,0.02702702702702703,36,36,ACCGAGGTGTGGCACTAAGT,0,3034709
rcsBp1,0.027777777777777776,35,35,TCCGTTCTACAGGATGCATC,0,3067138
rcsBp1,0.027777777777777776,35,35,TCCAATTTTCTCGGCTGCAT,0,3073513
rcsBp1,0.027777777777777776,35,35,TATATTCAGATAGAGGCGGG,0,3023994
rcsBp1,0.027777777777777776,35,35,ATCTATGCGCCTACAGGCCA,0,3057042
rcsBp1,0.027777777777777776,35,35,AGTACTTTTAACCTTCTCAA,0,3050385
rcsBp1,0.027777777777777776,35,35,AGGGCTATAGAGAGCAATTA,0,3029175
rcsBp1,0.027777777777777776,35,35,ACACGGGTAATGCGTTAGTT,0,3023986
rcsBp1,0.027777777777777776,35,35,AATCGATTGGTCTCTGAGAC,0,3029740
rcsBp1,0.02857142857142857,34,34,TTGTCGAGGGCAATGCCATT,0,3071101
rcsBp1,0.02857142857142857,34,34,TGATTAAAGAAGTGTCGGCA,0,3052978
rcsBp1,0.02857142857142857,34,34,TCACAAGAGGATGGTAGTAG,0,3051622
rcsBp1,0.02857142857142857,34,34,GTTGAGAGGTACATCACTAC,0,3043878
rcsBp1,0.02857142857142857,34,34,GCTAAAAAACCTTTTGAAGA,0,3024189
rcsBp1,0.02857142857142857,34,34,GCCTTTGTAGCGCTACCCAT,0,3034761
rcsBp1,0.02857142857142857,34,34,GCCACATTTTCAGGTCACAG,0,3042552
rcsBp1,0.02857142857142857,34,34,CCGTGATGTGTGTCTCCCCG,0,3053781
rcsBp1,0.02857142857142857,34,34,ATGGGAAGGATGGGACTGAT,0,3062336
rcsBp1,0.02857142857142857,34,34,AGGGATGGAGACAGACGGAC,0,3022604
rcsBp1,0.02857142857142857,34,34,ACGTTCTCGAAGAACGGTAC,0,3047373
rcsBp1,0.02857142857142857,34,34,ACGCAAGTAACATAATGGAC,0,3044687
rcsBp1,0.029411764705882353,33,33,TGGGTGCTAAGGCTTAGCTG,0,3062010
rcsBp1,0.029411764705882353,33,33,TGCATTAAGTGCTGCCACCG,0,3057681
rcsBp1,0.029411764705882353,33,33,GCGGAAATCATTCCCACATT,0,3026043
rcsBp1,0.029411764705882353,33,33,GAATCCTTTACGCGGGCAGG,0,3032801
rcsBp1,0.029411764705882353,33,33,GAACATAGTATCACAGCGCT,0,3063620
rcsBp1,0.029411764705882353,33,33,CGCTCGGGGACTCCGAGTGC,0,3032778
rcsBp1,0.029411764705882353,33,33,AGAACTTAACACGTTGATCA,0,3044520
rcsBp1,0.029411764705882353,33,33,ACCGGGCCGAATTTGGCAGT,0,3052756
rcsBp1,0.029411764705882353,33,33,AAGTGATTTGGGTGTAGCCA,0,3051372
rcsBp1,0.030303030303030304,32,32,TGGGGGATTCATGGGACGAT,0,3034657
rcsBp1,0.030303030303030304,32,32,TGCCACTGCATTTATTTGTC,0,3070816
rcsBp1,0.030303030303030304,32,32,TGAGGCTCACACCGATTAGC,0,3026000
rcsBp1,0.030303030303030304,32,32,TCTAGGGGCAGATTCCAGCA,0,3041020
rcsBp1,0.030303030303030304,32,32,TAGCATATGAGGTGCGAATG,0,3056487
rcsBp1,0.030303030303030304,32,32,TAGAATACACGGCGTTGATA,0,3050112
rcsBp1,0.030303030303030304,32,32,CTTCTCTACCCGCCCGCTGC,0,3064214
rcsBp1,0.030303030303030304,32,32,CTGCCTCTTAGCTCTCTTGT,0,3039201
rcsBp1,0.030303030303030304,32,32,AGAACAGCATACTGGCTGAA,0,3050507
rcsBp1,0.03125,31,31,TTCACCACTTGACTTCTTAG,0,3061096
rcsBp1,0.03125,31,31,TGCAATGCCACACGGGCTTA,0,3061002
rcsBp1,0.03125,31,31,TCTTCAGTAGCATCGAGATG,0,3040718
rcsBp1,0.03125,31,31,GGCCGAAGGGTAGTAATGAT,0,3064982
rcsBp1,0.03125,31,31,CTCCAAGTCTAGGCTGCCAC,0,3059339
rcsBp1,0.03125,31,31,CCCCCAGCGAGCGGAGTGAA,0,3047470
rcsBp1,0.03125,31,31,CCAGGCAACGGAATTTGATT,0,3040045
rcsBp1,0.03125,31,31,ATTTATGGAATTTAAACTGG,0,3032474
rcsBp1,0.03125,31,31,AGCATTACTTGTTGTCTGTA,0,3064136
rcsBp1,0.03225806451612903,30,30,TGATTGTACGTATGCTTAGA,0,3070795
rcsBp1,0.03225806451612903,30,30,TCTGATACTCCTAGCCCGAT,0,3072435
rcsBp1,0.03225806451612903,30,30,CGTCTGCGAGATCTCGGTGT,0,3033235
rcsBp1,0.03225806451612903,30,30,CCGCGTTTGGACTCTGAACT,0,3070970
rcsBp1,0.03225806451612903,30,30,CATGCAGTTGTTACCCTTTT,0,3053335
rcsBp1,0.03225806451612903,30,30,CAAGCCGACTTGTGACGGAG,0,3021902
rcsBp1,0.03225806451612903,30,30,ATATCTATGCCTAAGGCCAA,0,3023737
rcsBp1,0.03225806451612903,30,30,AGGGACAAATGTGAGTCCTC,0,3057750
rcsBp1,0.03333333333333333,29,29,TTGTGGAATCATAAACGGTA,0,3043398
rcsBp1,0.03333333333333333,29,29,TTACCATAAACGTCGCAACA,0,3035134
rcsBp1,0.03333333333333333,29,29,TGGCAAGCATCCGTGCCTAT,0,3060843
rcsBp1,0.03333333333333333,29,29,TCCCATTCCGATGACATTTC,0,3025092
rcsBp1,0.03333333333333333,29,29,TCAAGTGTTTGAGTAGGCTA,0,3035441
rcsBp1,0.03333333333333333,29,29,TACGACTAGACCGAGGCGAT,0,3033004
rcsBp1,0.03333333333333333,29,29,TAAATTCCTTGGGGCATGAG,0,3051750
rcsBp1,0.03333333333333333,29,29,GAGTGAGTTCTTGGAGTTCA,0,3038591
rcsBp1,0.03333333333333333,29,29,CCTTGTGCCTGATTCAGTTT,0,3066283
rcsBp1,0.03333333333333333,29,29,CCGACATAGGTTGTAATGCC,0,3031049
rcsBp1,0.03333333333333333,29,29,ATGCGGTGCTAAGTCCATTT,0,3030929
rcsBp1,0.03333333333333333,29,29,ATCGGGGCTGGCGCAGTTCG,0,3051554
rcsBp1,0.03333333333333333,29,29,AGGTAGGCGATCCTGTACCG,0,3060109
rcsBp1,0.03333333333333333,29,29,AGGGGGCTCATGGTCTCTTG,0,3046103
rcsBp1,0.03333333333333333,29,29,AAACAATGGCCGGCATGGGT,0,3028136
rcsBp1,0.034482758620689655,28,28,TCGTGCGTTCCGCGAAACGT,0,3048100
rcsBp1,0.034482758620689655,28,28,TATCTCTAAAGTCCCTGGGA,0,3039977
rcsBp1,0.034482758620689655,28,28,TATCGGATTGCACTTGATTA,0,3052939
rcsBp1,0.034482758620689655,28,28,TAATTCGTTTTTGGTCAAGA,0,3054219
rcsBp1,0.034482758620689655,28,28,GGGGTGTTATAGTACCTTGC,0,3026219
rcsBp1,0.034482758620689655,28,28,GCGTATGAAAGCTATAGCCT,0,3058355
rcsBp1,0.034482758620689655,28,28,GAAAACGCCCACGTTTTGGT,0,3030234
rcsBp1,0.034482758620689655,28,28,CTTCTCTGGTGATACGAGCG,0,3060824
rcsBp1,0.034482758620689655,28,28,CGTAGGGTAGGCGTTAGATA,0,3072659
rcsBp1,0.034482758620689655,28,28,CCGAACGTCTAATGGGGCCG,0,3050612
rcsBp1,0.034482758620689655,28,28,CCCGGAAGCATCGACGGAGT,0,3069533
rcsBp1,0.034482758620689655,28,28,CCACGCCCTTACAATAGATC,0,3025701
rcsBp1,0.034482758620689655,28,28,CAGTTCCCAGAATGTGGGAT,0,3032324
rcsBp1,0.034482758620689655,28,28,CAGCATCAGGTCCGGTGAAA,0,3037979
rcsBp1,0.034482758620689655,28,28,CAAACGGAAGGTCCTTATGC,0,3073506
rcsBp1,0.034482758620689655,28,28,ATCCACTCTCGGACTCCCAG,0,3061326
rcsBp1,0.034482758620689655,28,28,AGTCTCACTAACCGATTCAT,0,3052946
rcsBp1,0.034482758620689655,28,28,AGTCAGGACAAGGTTCGACT,0,3043786
rcsBp1,0.034482758620689655,28,28,ACGCAACCAAAAAAGTCCCA,0,3041328
rcsBp1,0.034482758620689655,28,28,ACAGGGAAACCATCTGGAGT,0,3031883
rcsBp1,0.034482758620689655,28,28,AAAGCCGCGGCTATATTCAT,0,3031439
rcsBp1,0.03571428571428571,27,27,TGGTCGAACCTGCTCTACTT,0,3060693
rcsBp1,0.03571428571428571,27,27,TGCCCAGTACACAACCAATG,0,3059563
rcsBp1,0.03571428571428571,27,27,TCATCCGCTATGCCTAGTGA,0,3057583
rcsBp1,0.03571428571428571,27,27,TACGTCCTTTCGCCCTTTAA,0,3026985
rcsBp1,0.03571428571428571,27,27,GTCAGGGGCGCTTAAATCCG,0,3033673
rcsBp1,0.03571428571428571,27,27,GGTTTCTAGTTACGTAATTG,0,3030804
rcsBp1,0.03571428571428571,27,27,GGCATCTGGAACGCGGCACC,0,3061350
rcsBp1,0.03571428571428571,27,27,GCATTTGCTGTATTCTCTTG,0,3023061
rcsBp1,0.03571428571428571,27,27,GCAAGCTGGGCTGCTAATGT,0,3049866
rcsBp1,0.03571428571428571,27,27,GAGTCAAGGTGGCGCCAGGA,0,3023666
rcsBp1,0.03571428571428571,27,27,CGGCTTGGGAGTGACACGAT,0,3050684
rcsBp1,0.03571428571428571,27,27,CCCCCACAGCCCCGATAAGA,0,3044242
rcsBp1,0.03571428571428571,27,27,CACGGGCAATACATCTCAGT,0,3040058
rcsBp1,0.03571428571428571,27,27,ATGCCTACTATTTAAGATAT,0,3038697
rcsBp1,0.03571428571428571,27,27,ATGCAGGCGAGTGGCGTGGG,0,3067863
rcsBp1,0.03571428571428571,27,27,ATATTACGCAGTGATCGCAG,0,3049865
rcsBp1,0.03571428571428571,27,27,AGCAGCTACTGTTTCGAGCT,0,3029263
rcsBp1,0.03571428571428571,27,27,ACTTCTCTATCTGGCAACGA,0,3070315
rcsBp1,0.03571428571428571,27,27,ACGCATGTGACGCCGTCAAG,0,3047578
rcsBp1,0.03571428571428571,27,27,AAGGATCACGTGGTCGATTA,0,3035214
rcsBp1,0.037037037037037035,26,26,TTACGGTAGATGTTCGTTAT,0,3024533
rcsBp1,0.037037037037037035,26,26,TGTAGTTTTGGGTCACTATC,0,3048591
rcsBp1,0.037037037037037035,26,26,TGCCGCGGCAGAGCTTGATG,0,3059987
rcsBp1,0.037037037037037035,26,26,TGCACACGCACAGCCAAAGT,0,3024572
rcsBp1,0.037037037037037035,26,26,TCGTCTCGCAAAGCGAGCTT,0,3029562
rcsBp1,0.037037037037037035,26,26,TCGACTGTCGGACTAGAAAC,0,3025791
rcsBp1,0.037037037037037035,26,26,TCCGAACCACCTGTATCTGT,0,3065738
rcsBp1,0.037037037037037035,26,26,TCCCAAGCTGGTGGATTAAA,0,3044423
rcsBp1,0.037037037037037035,26,26,TCATTCAGAACCAAGGTTAA,0,3060984
rcsBp1,0.037037037037037035,26,26,TAGGACGGCAACTACCAAGT,0,3056006
rcsBp1,0.037037037037037035,26,26,GTAGGACTAGAGTCTCGAGC,0,3071609
rcsBp1,0.037037037037037035,26,26,GTACCTCGGGACACACTACG,0,3058052
rcsBp1,0.037037037037037035,26,26,CTTTTGATGTGTGACTTGCA,0,3070732
rcsBp1,0.037037037037037035,26,26,CTTTACCGAATACTGCTAAA,0,3045148
rcsBp1,0.037037037037037035,26,26,CTGGCAGGGGATTGCGCCGT,0,3069492
rcsBp1,0.037037037037037035,26,26,CGCACGATTTTCTAGCCACT,0,3071939
rcsBp1,0.037037037037037035,26,26,CGCAACATAGAGGAAACGTT,0,3054761
rcsBp1,0.037037037037037035,26,26,CCCCCGGCCTAGATTGCACG,0,3029793
rcsBp1,0.037037037037037035,26,26,CATAAGATGGCGATCTGAGT,0,3059832
rcsBp1,0.037037037037037035,26,26,ATCTGGGGGAATAGCGTGAC,0,3050080
rcsBp1,0.037037037037037035,26,26,AGTTTAAGTAGAGGGGGCAA,0,3060107
rcsBp1,0.037037037037037035,26,26,AGGAGTCGTAACGTACAATA,0,3053474
rcsBp1,0.037037037037037035,26,26,ACTAGATGCAAACGTTGGTA,0,3071304
rcsBp1,0.037037037037037035,26,26,AAGAGTTTCAGGCCGGAGTT,0,3057800
rcsBp1,0.037037037037037035,26,26,AAGAGGGTTAATCGATGCTA,0,3033623
rcsBp1,0.038461538461538464,25,25,TGTCACCTCATATGATGATA,0,3050566
rcsBp1,0.038461538461538464,25,25,TCCGGCGAGCTGCTCTTAGG,0,3065925
rcsBp1,0.038461538461538464,25,25,TCACTAGGCAACGGTCGGCA,0,3052009
rcsBp1,0.038461538461538464,25,25,TAGAGTTTCGGACTCGTCAA,0,3025262
rcsBp1,0.038461538461538464,25,25,TAATGCGGGGCTTCTAGTAA,0,3062925
rcsBp1,0.038461538461538464,25,25,GTTAGGGAGCCCCACATTCT,0,3051330
rcsBp1,0.038461538461538464,25,25,GGGACAATCCACGCCATCCA,0,3059193
rcsBp1,0.038461538461538464,25,25,GCTAGGACGCGGTATTAGCG,0,3031453
rcsBp1,0.038461538461538464,25,25,GCGTGGCTAGCCAATCACTC,0,3039174
rcsBp1,0.038461538461538464,25,25,GATGATCTGCGGACCTAGTT,0,3044549
rcsBp1,0.038461538461538464,25,25,GATATGGAGGGCCAACGTCA,0,3048214
rcsBp1,0.038461538461538464,25,25,GACTGGTCTAGGAATTTTTG,0,3043258
rcsBp1,0.038461538461538464,25,25,GACTGGTAATATCGCAGAAC,0,3056123
rcsBp1,0.038461538461538464,25,25,GACTCCATTCTGCGGGATGG,0,3021925
rcsBp1,0.038461538461538464,25,25,GACGAGTCCTCTCCCCCGGC,0,3056051
rcsBp1,0.038461538461538464,25,25,CGTGTCTTTTTGAACGAGAA,0,3072869
rcsBp1,0.038461538461538464,25,25,CGAGATGCACATCCGATACA,0,3028983
rcsBp1,0.038461538461538464,25,25,CCTGCAAAACAAGTACCGGT,0,3050389
rcsBp1,0.038461538461538464,25,25,CATAACCCGGCTATGGAAAA,0,3023913
rcsBp1,0.038461538461538464,25,25,CAGAGCGGTGATTCAATTAG,0,3025371
rcsBp1,0.038461538461538464,25,25,ATTGGTTGGTACTCGTTGGA,0,3044771
rcsBp1,0.038461538461538464,25,25,ATAATTTATGATGACTTACC,0,3026944
rcsBp1,0.038461538461538464,25,25,AGGCTTTGAGGTCACAATGA,0,3040806
rcsBp1,0.038461538461538464,25,25,AGCTACGCCGTTTCCTTGAG,0,3033282
rcsBp1,0.038461538461538464,25,25,ACTCAGTAAATCCTGGCGAG,0,3030132
rcsBp1,0.038461538461538464,25,25,ACCTATGTCCTTAACCAGAG,0,3056884
rcsBp1,0.038461538461538464,25,25,ACCAGCGGCAGTACTTTTGT,0,3032119
rcsBp1,0.038461538461538464,25,25,AATTAAGCTGTCGGTACTGT,0,3036814
rcsBp1,0.038461538461538464,25,25,AACCATGGAAGGGAAGAATA,0,3048727
rcsBp1,0.04,24,24,TGTCTACGCATGCGAGCAGC,0,3037922
rcsBp1,0.04,24,24,TGCACCCCAGAGCGTAGCAG,0,3047550
rcsBp1,0.04,24,24,TGAGCTGAGTACGTGGAACA,0,3024937
rcsBp1,0.04,24,24,TCTCCGCACTTATATTTGCT,0,3039173
rcsBp1,0.04,24,24,TCGTAAACGAGAAGGGACTC,0,3027937
rcsBp1,0.04,24,24,TCATGGTGGTAGTAGCTGGA,0,3037480
rcsBp1,0.04,24,24,GTATGAGTGCGAGTGACCCA,0,3047361
rcsBp1,0.04,24,24,GTAAACTAATCTGCAGGGTG,0,3047436
rcsBp1,0.04,24,24,GGTCATTGATGGGCTCAAGT,0,3048454
rcsBp1,0.04,24,24,GGTCAACTCAAAGGCCGACT,0,3040620
rcsBp1,0.04,24,24,GCTTACGTGGCACTTTGGGA,0,3053144
rcsBp1,0.04,24,24,GCCCCAGACCAAGACCCGGG,0,3055243
rcsBp1,0.04,24,24,GCAAGAGCCAGGGACTTCTT,0,3046279
rcsBp1,0.04,24,24,GACACACGCCCCACGCACTA,0,3025818
rcsBp1,0.04,24,24,GAACGTGCTGAAGGAAGCAT,0,3040857
rcsBp1,0.04,24,24,CTTTGGGTAAGTGCCCGAGA,0,3035021
rcsBp1,0.04,24,24,CTTGCAATGAAAGCTTTACA,0,3068970
rcsBp1,0.04,24,24,CTGCGTATCGATAGGAGCGT,0,3031459
rcsBp1,0.04,24,24,CTGCCCTTTTTGGGTGTACG,0,3024074
rcsBp1,0.04,24,24,CTGAACGGTATGTGTAGGAC,0,3048643
rcsBp1,0.04,24,24,CGTCTATAAAGGCATCGTCG,0,3048253
rcsBp1,0.04,24,24,CGTAGAGATCCTAAGGCAGC,0,3071138
rcsBp1,0.04,24,24,CGGGATGGTTCTCTCGCTGC,0,3026806
rcsBp1,0.04,24,24,CGGAAGGGACTGGTGAATAC,0,3055031
rcsBp1,0.04,24,24,CGCCTGAAAGTGCACAACGA,0,3049399
rcsBp1,0.04,24,24,CCTTGATCCGGTCAGCTTTA,0,3064510
rcsBp1,0.04,24,24,CCATACCATGGGCAATATGA,0,3042209
rcsBp1,0.04,24,24,CCAATGGGAGACGCTGTTCA,0,3047496
rcsBp1,0.04,24,24,CACTCGATACATTGCTATCT,0,3025690
rcsBp1,0.04,24,24,AGTGCGCACAAGGGACCCCG,0,3034368
rcsBp1,0.04,24,24,AGTCTCCGTTATGTCAATGG,0,3045094
rcsBp1,0.04,24,24,AGTAAATTGATCTGCCTTAT,0,3039586
rcsBp1,0.04,24,24,AGCATAGATTCTTTAGTTCG,0,3063356
rcsBp1,0.04,24,24,ACTCAAAGCGCCACAGCGTA,0,3047594
rcsBp1,0.04,24,24,ACCGTGCCAATCGGATATGA,0,3064493
rcsBp1,0.04,24,24,ACACAGCCTCGGATTGAATT,0,3033871
rcsBp1,0.04,24,24,AAGATATACATAGCACCTGG,0,3053523
rcsBp1,0.04,24,24,AAGAGAGGGTTCTCAGTACG,0,3061351
rcsBp1,0.04,24,24,AACGCGATCTCGTGTTGATT,0,3054107
rcsBp1,0.04,24,24,AACCGGGATTCTGTCTGCCA,0,3037470
rcsBp1,0.041666666666666664,23,23,TTTTCCGCTAAAGCATGTCA,0,3024747
rcsBp1,0.041666666666666664,23,23,TTGGTGTAAATCACTGCTAG,0,3047812
rcsBp1,0.041666666666666664,23,23,TTCAGGCTTCGCAGGGTGAT,0,3028712
rcsBp1,0.041666666666666664,23,23,TTACACGTCAACCGTCAGTT,0,3049728
rcsBp1,0.041666666666666664,23,23,TGGGTAACTGAGTCCGCCGT,0,3043791
rcsBp1,0.041666666666666664,23,23,TGGAGCTCACACAGAACGTG,0,3032751
rcsBp1,0.041666666666666664,23,23,TGCTGGGGAGTATTCCCACG,0,3072770
rcsBp1,0.041666666666666664,23,23,TGCGCGCCTGGCCATCTTGG,0,3036225
rcsBp1,0.041666666666666664,23,23,TGCGAAAAAGACAATCGATC,0,3062044
rcsBp1,0.041666666666666664,23,23,TGCAGTAAAAAGCACTCACA,0,3044625
rcsBp1,0.041666666666666664,23,23,TAGCTTTGAGTCACGACGCA,0,3071976
rcsBp1,0.041666666666666664,23,23,TAAGCGACGAAGTCTAGAAC,0,3054504
rcsBp1,0.041666666666666664,23,23,GTTTGGGAGATCGACATGTA,0,3039442
rcsBp1,0.041666666666666664,23,23,GTTGGCCGTCGGTCGCTAAT,0,3058587
rcsBp1,0.041666666666666664,23,23,GTTAGATATAACTGCAGCTC,0,3034867
rcsBp1,0.041666666666666664,23,23,GTGATTTCCAATTGGCCCAA,0,3067787
rcsBp1,0.041666666666666664,23,23,GGTGGGATCATTAGCGGGAT,0,3024739
rcsBp1,0.041666666666666664,23,23,GGTGGAGATAATGCGTTTCT,0,3054496
rcsBp1,0.041666666666666664,23,23,GGTCTGGTGTCCGTACAGTT,0,3028863
rcsBp1,0.041666666666666664,23,23,GGGGGCGAGAAGTCGGCATA,0,3053215
rcsBp1,0.041666666666666664,23,23,GGGGCGCACAAAATACCTAA,0,3028565
rcsBp1,0.041666666666666664,23,23,GGGATAGCAATTGTGCCGTC,0,3047363
rcsBp1,0.041666666666666664,23,23,GGATTGTTGGTCGGCTGATG,0,3024803
rcsBp1,0.041666666666666664,23,23,GCTGGGGATCTACGGGTCTG,0,3038221
rcsBp1,0.041666666666666664,23,23,GAGTCCGAGTGTATCCTAGT,0,3053698
rcsBp1,0.041666666666666664,23,23,GACTAGACCAAACGCGCATG,0,3060603
rcsBp1,0.041666666666666664,23,23,CGTTTCGCATTGCTGATAAT,0,3053587
rcsBp1,0.041666666666666664,23,23,CGTAATTTGGGGTCCACTAA,0,3045848
rcsBp1,0.041666666666666664,23,23,CCTAGGTAGAATGAGGGGTG,0,3068875
rcsBp1,0.041666666666666664,23,23,CCGGAGCGTGAATGTTTTTG,0,3051850
rcsBp1,0.041666666666666664,23,23,CCCGCGTCCACCATGCACCA,0,3036354
rcsBp1,0.041666666666666664,23,23,CACAATAACAAAGCAGTCCT,0,3070007
rcsBp1,0.041666666666666664,23,23,ATGTAAACATATTCACAACA,0,3072896
rcsBp1,0.041666666666666664,23,23,ATCTCCGGACGTTTATTGTG,0,3068008
rcsBp1,0.041666666666666664,23,23,AGTTCCTAGACCCAGGGGTG,0,3028594
rcsBp1,0.041666666666666664,23,23,AGCGTAAGCTTAGCATCAGT,0,3046957
rcsBp1,0.041666666666666664,23,23,AGCGGCTTGCCCACTGATCT,0,3055323
rcsBp1,0.041666666666666664,23,23,AGCATGGATGCGGCGAGAGT,0,3030418
rcsBp1,0.041666666666666664,23,23,AGCAAGGGCTCCGGCAATTT,0,3069110
rcsBp1,0.041666666666666664,23,23,AGATTTTTTTTGTGGGATAT,0,3042597
rcsBp1,0.041666666666666664,23,23,AGACGACGTCTAGGATAATT,0,3030998
rcsBp1,0.041666666666666664,23,23,ACTAGGAGCCAAATTCACGA,0,3063472
rcsBp1,0.041666666666666664,23,23,ACGGGGGGCAGAGGAGCACA,0,3071302
rcsBp1,0.041666666666666664,23,23,ACGCGGAGCCGCACGTATGT,0,3039979
rcsBp1,0.041666666666666664,23,23,ACCGGCCAAGCCGGCTTTTG,0,3073450
rcsBp1,0.041666666666666664,23,23,ACCAATAGGACGCTGGGCAA,0,3057323
rcsBp1,0.041666666666666664,23,23,AAAAAGTCCGAATGCGAAGT,0,3024088
rcsBp1,0.043478260869565216,22,22,TTTACGCCGCTCTCAGGAAA,0,3024147
rcsBp1,0.043478260869565216,22,22,TTGACCCGCTGAGGTGGATC,0,3060980
rcsBp1,0.043478260869565216,22,22,TTAACCTTGAGTTACTTTAT,0,3035891
rcsBp1,0.043478260869565216,22,22,TCATATACGCTCGATCTGAG,0,3068714
rcsBp1,0.043478260869565216,22,22,GTTGCACTCCGGTAGTCTTT,0,3043401
rcsBp1,0.043478260869565216,22,22,GTGACGTACGGGATCACGAG,0,3043497
rcsBp1,0.043478260869565216,22,22,GGTAATTAGACTGGGCAATG,0,3032182
rcsBp1,0.043478260869565216,22,22,GGCTCGCCACACCGTTTAGG,0,3039217
rcsBp1,0.043478260869565216,22,22,GCCCAAGGATAAGCCGATAA,0,3022493
rcsBp1,0.043478260869565216,22,22,GCAGCGCTTGGGGGTCGAGT,0,3060108
rcsBp1,0.043478260869565216,22,22,GCAAACCAGAGGTGCGTGTC,0,3047577
rcsBp1,0.043478260869565216,22,22,GAGGGTTCGGAGCTTGTGAG,0,3057332
rcsBp1,0.043478260869565216,22,22,GACCTCAGTCCTGACGAGAG,0,3060717
rcsBp1,0.043478260869565216,22,22,CTTCATTAAACACTCGTTGT,0,3059829
rcsBp1,0.043478260869565216,22,22,CTATCAGTGAAGAACATTTA,0,3030982
rcsBp1,0.043478260869565216,22,22,CGTAACCTTTTTAAAAAAGT,0,3024546
rcsBp1,0.043478260869565216,22,22,CGGACCTCAGTGGGCGCTAA,0,3035018
rcsBp1,0.043478260869565216,22,22,CGCGGATTCAGGGTATCTCA,0,3050454
rcsBp1,0.043478260869565216,22,22,CGCGAGAAATGGTATACAGC,0,3060021
rcsBp1,0.043478260869565216,22,22,CGATCACACGGGCAAAAGGC,0,3025793
rcsBp1,0.043478260869565216,22,22,CCTAATTGTGACGGAGCCAG,0,3038917
rcsBp1,0.043478260869565216,22,22,CCGAGTAATTCTCCGTACTA,0,3063151
rcsBp1,0.043478260869565216,22,22,CCCATATCCATAGTTATCGT,0,3042369
rcsBp1,0.043478260869565216,22,22,CCAGCAGGCCAGCTCCTCCA,0,3040889
rcsBp1,0.043478260869565216,22,22,CAGAAACCCTACATTTCACC,0,3046715
rcsBp1,0.043478260869565216,22,22,CACAGCGCGCCACGCCGTAC,0,3023989
rcsBp1,0.043478260869565216,22,22,ATTCACGGTTCGAGTAGTTC,0,3022153
rcsBp1,0.043478260869565216,22,22,ATTAGACAATACCTATGGAG,0,3066722
rcsBp1,0.043478260869565216,22,22,ATCAAAGTACGCGCACCAAG,0,3035751
rcsBp1,0.043478260869565216,22,22,ATACAATTAGTTTGAAGTCC,0,3034621
rcsBp1,0.043478260869565216,22,22,AGTTCGGGCGGTAGCACGCT,0,3040255
rcsBp1,0.043478260869565216,22,22,AGGCACATGACTCAGCTGCT,0,3058272
rcsBp1,0.043478260869565216,22,22,AGCGATTGGGAGGCAGGTTA,0,3061638
rcsBp1,0.043478260869565216,22,22,AGCCAAACTCATTAGCCTAT,0,3060291
rcsBp1,0.043478260869565216,22,22,AGCAATGCCCCGCTTAATCA,0,3025411
rcsBp1,0.043478260869565216,22,22,AGATGAAGATCTGCGTGCGG,0,3059648
rcsBp1,0.043478260869565216,22,22,ACGTGGACTCGAAGTATGGT,0,3071237
rcsBp1,0.043478260869565216,22,22,ACGGGTATCCACGGACATGG,0,3064164
rcsBp1,0.043478260869565216,22,22,ACGAACCGAGTGCACGCGTC,0,3027363
rcsBp1,0.043478260869565216,22,22,ACCCGTACAACTGAACCTTG,0,3054706
rcsBp1,0.043478260869565216,22,22,ACATTCGACTCGAGGTGTGG,0,3036607
rcsBp1,0.043478260869565216,22,22,ACAGTCGATGCACTAATAGA,0,3053380
rcsBp1,0.043478260869565216,22,22,AATTGGGGAACTCAGAGCTG,0,3044768
rcsBp1,0.043478260869565216,22,22,AATTAGCTAACTGGCAGTGG,0,3066869
rcsBp1,0.043478260869565216,22,22,AACTTGTTTCCGCTGCACTA,0,3066361
rcsBp1,0.043478260869565216,22,22,AAACTAACCGATACGCATTT,0,3072697
rcsBp1,0.045454545454545456,21,21,TTTGGCTTGGGGCAGCGCAG,0,3025796
rcsBp1,0.045454545454545456,21,21,TTGGTCCCCCTCGCGTAAGA,0,3053343
rcsBp1,0.045454545454545456,21,21,TTCGACTGAGTGACGTCGCC,0,3047589
rcsBp1,0.045454545454545456,21,21,TTAGTCTAGCCCTGGCTTAC,0,3024820
rcsBp1,0.045454545454545456,21,21,TTAAGTCCTGTGTACGCTTG,0,3036864
rcsBp1,0.045454545454545456,21,21,TGTATTGGCCACCGGGTAAT,0,3051085
rcsBp1,0.045454545454545456,21,21,TATGACAAGACTTGCATGTT,0,3069174
rcsBp1,0.045454545454545456,21,21,TAGCGACGACATTACGCGAT,0,3059484
rcsBp1,0.045454545454545456,21,21,TAAGTACATTTGTTGCTCCC,0,3048153
rcsBp1,0.045454545454545456,21,21,GTAATTGTGGGTTTTCTCGA,0,3065535
rcsBp1,0.045454545454545456,21,21,GGCGTGGTCTCGCTATTTTT,0,3032649
rcsBp1,0.045454545454545456,21,21,GGAGGGTTATCGTGGCCGGT,0,3038874
rcsBp1,0.045454545454545456,21,21,GCTGTTCCAGGTCGATCATT,0,3040280
rcsBp1,0.045454545454545456,21,21,GCGGGTGCTTGAGAGTCACG,0,3036809
rcsBp1,0.045454545454545456,21,21,GCCGTATGATAGGTCGATTT,0,3027633
rcsBp1,0.045454545454545456,21,21,GCCCGAGATGATGCAAGGAG,0,3045849
rcsBp1,0.045454545454545456,21,21,GCAGGGGTACTGTCACTCAT,0,3058221
rcsBp1,0.045454545454545456,21,21,CTTTAGTCAGACCAGTCTCG,0,3069790
rcsBp1,0.045454545454545456,21,21,CTGGAATGCGCTGTTAGAGC,0,3057416
rcsBp1,0.045454545454545456,21,21,CTATTTGAAAGTCTTCTGGA,0,3039689
rcsBp1,0.045454545454545456,21,21,CTAGGAGCAGGACTTCAAAA,0,3042142
rcsBp1,0.045454545454545456,21,21,CGTCAATGTTCAGTCAATGG,0,3036811
rcsBp1,0.045454545454545456,21,21,CGATGTGATAGCCCTTAGAA,0,3056449
rcsBp1,0.045454545454545456,21,21,CCTCTATCGGGTGTTGGAGC,0,3025163
rcsBp1,0.045454545454545456,21,21,CCTCCATCTAGGATGTAGTT,0,3033815
rcsBp1,0.045454545454545456,21,21,CCGTCAGCCGGATGCTGGCC,0,3063175
rcsBp1,0.045454545454545456,21,21,CCATCTACTGGTGACTCATA,0,3059245
rcsBp1,0.045454545454545456,21,21,CAATTGCTGGTGCAATACTG,0,3025915
rcsBp1,0.045454545454545456,21,21,ATTATCGAATATGGACCCGA,0,3052086
rcsBp1,0.045454545454545456,21,21,ATGTCCTGCCCGCAAAAACT,0,3068238
rcsBp1,0.045454545454545456,21,21,ATCAATGTGTCTCCACAGAG,0,3060288
rcsBp1,0.045454545454545456,21,21,ATACCCTCATAAGAAACCAG,0,3045887
rcsBp1,0.045454545454545456,21,21,AGTGCGGGCGTCGATCTCGG,0,3068133
rcsBp1,0.045454545454545456,21,21,AGCTGGACTTATTCATGAAG,0,3056366
rcsBp1,0.045454545454545456,21,21,ACTTGCCGACTCACGGGCGT,0,3023154
rcsBp1,0.045454545454545456,21,21,ACCCCTTCCCTGCGCTGGGA,0,3063447
rcsBp1,0.045454545454545456,21,21,ACATATGGGAAGGACTGGCA,0,3049417
rcsBp1,0.045454545454545456,21,21,ACAATGATTCGGAGCGGTGC,0,3042514
rcsBp1,0.045454545454545456,21,21,ACAACAAAGGAATCATTTGC,0,3068845
rcsBp1,0.045454545454545456,21,21,AATCGTCACACTTGATATTA,0,3027483
rcsBp1,0.045454545454545456,21,21,AAGTTGTTTTCATACAATCG,0,3056883
rcsBp1,0.047619047619047616,20,20,TTATTTATATGGCCGGTCTG,0,3052901
rcsBp1,0.047619047619047616,20,20,TGTTCTAGCCGACCTTGTTT,0,3061709
rcsBp1,0.047619047619047616,20,20,TGGTCTTAGTATGGACGAGC,0,3057498
rcsBp1,0.047619047619047616,20,20,TGGAACGTCTTACGTGGGGA,0,3061397
rcsBp1,0.047619047619047616,20,20,TGCGGTTAATTCACACGGAC,0,3057254
rcsBp1,0.047619047619047616,20,20,TGCCGGTCAGGAATAGCTCT,0,3050309
rcsBp1,0.047619047619047616,20,20,TCCCCGACCGTTAGACGATG,0,3030075
rcsBp1,0.047619047619047616,20,20,TCCATCAGCTCTAGCATACA,0,3024128
rcsBp1,0.047619047619047616,20,20,TCACCCGGCTCAAATTACTC,0,3042139
rcsBp1,0.047619047619047616,20,20,TCAACAATTGGTGAATCGAG,0,3054760
rcsBp1,0.047619047619047616,20,20,TATCAGATCCTGTCTCTAAA,0,3057546
rcsBp1,0.047619047619047616,20,20,TATATTCTTGTCTGACAAGC,0,3042455
rcsBp1,0.047619047619047616,20,20,TAGCCAGGACGATAGCTGGA,0,3042888
rcsBp1,0.047619047619047616,20,20,GTTGCGTCAATATGGCAGTT,0,3058158
rcsBp1,0.047619047619047616,20,20,GTCCACCACTTATCGAAGTA,0,3026707
rcsBp1,0.047619047619047616,20,20,GGTTAACGGACTAATGCGTA,0,3056827
rcsBp1,0.047619047619047616,20,20,GGGTTTGTTTTCCTTGGGTA,0,3053371
rcsBp1,0.047619047619047616,20,20,GGGTACCAGAGGCAGGGGTG,0,3051699
rcsBp1,0.047619047619047616,20,20,GGGGGGTCAGCTTTGATGTA,0,3029388
rcsBp1,0.047619047619047616,20,20,GGGCTTGGGTCCCAACCCAT,0,3044612
rcsBp1,0.047619047619047616,20,20,GGCTAGGAAGTTCCGCCTAC,0,3040811
rcsBp1,0.047619047619047616,20,20,GGCCGTACATTGCCCCTGTC,0,3057338
rcsBp1,0.047619047619047616,20,20,GGAATGCACAAAGGCAGACA,0,3060152
rcsBp1,0.047619047619047616,20,20,GCGTAGTACGATACACAATT,0,3032209
rcsBp1,0.047619047619047616,20,20,GCGGTATACGCTTAGCTAGA,0,3030079
rcsBp1,0.047619047619047616,20,20,GAGAGGCATTTCTCGGCTCT,0,3046389
rcsBp1,0.047619047619047616,20,20,CTTGATGGTATTAGCATTTT,0,3073497
rcsBp1,0.047619047619047616,20,20,CTTAGATAGTTCGTGGGCAA,0,3048433
rcsBp1,0.047619047619047616,20,20,CTGTTCCAGACATTTCCGGA,0,3031169
rcsBp1,0.047619047619047616,20,20,CTGAAGAGGTCCTCGCAGAA,0,3030374
rcsBp1,0.047619047619047616,20,20,CTCCCGTGGAACAGCGATTG,0,3045433
rcsBp1,0.047619047619047616,20,20,CGTTCAGTTCAATGAAGAGC,0,3072283
rcsBp1,0.047619047619047616,20,20,CGTAATGCGATAGACTAGGT,0,3041051
rcsBp1,0.047619047619047616,20,20,CGGGATATTTACGCGCCTTT,0,3047793
rcsBp1,0.047619047619047616,20,20,CGCTATTTGACGATGAGAAA,0,3040332
rcsBp1,0.047619047619047616,20,20,CATCCCGGCAGTCTAGCCAG,0,3060715
rcsBp1,0.047619047619047616,20,20,CATACAGCGGTGCGGGTGTA,0,3026760
rcsBp1,0.047619047619047616,20,20,CAGTAGTAGTAACATTGCTC,0,3071610
rcsBp1,0.047619047619047616,20,20,CAGGGCGATATAAGTATGTG,0,3034601
rcsBp1,0.047619047619047616,20,20,CAATGCCAATCCGTAAACGG,0,3039214
rcsBp1,0.047619047619047616,20,20,ATGAAGGGATCATTATTCTA,0,3053155
rcsBp1,0.047619047619047616,20,20,ATAGGTTGTTGCTGGGAGAT,0,3042727
rcsBp1,0.047619047619047616,20,20,ATACTTGGTACTAGCCCGTT,0,3068680
rcsBp1,0.047619047619047616,20,20,ATACATGGATTTACCTTCAA,0,3045364
rcsBp1,0.047619047619047616,20,20,ATAATCAGGTTTTTCTAAAT,0,3029394
rcsBp1,0.047619047619047616,20,20,AGTCCCATTACAGAATCATG,0,3024530
rcsBp1,0.047619047619047616,20,20,AGTACTCAAAGAAACTGCGC,0,3036392
rcsBp1,0.047619047619047616,20,20,AGTACGTAGCTTAAGAGTCT,0,3067343
rcsBp1,0.047619047619047616,20,20,AGGCCTAGGACCCCAGGCGA,0,3059802
rcsBp1,0.047619047619047616,20,20,AGGAAAGTGTTCTTACACGA,0,3055670
rcsBp1,0.047619047619047616,20,20,AGACTGGTTTTCCCGGGATC,0,3034705
rcsBp1,0.047619047619047616,20,20,AGACCGGGGCTAAGGTTGAA,0,3050151
rcsBp1,0.047619047619047616,20,20,AGAACGAGCGGCTCCCTGAC,0,3062216
rcsBp1,0.047619047619047616,20,20,ACATCGTTGACTTTTGGGTA,0,3068529
rcsBp1,0.047619047619047616,20,20,ACAGTAGGTGTCTCGTTTAT,0,3061045
rcsBp1,0.047619047619047616,20,20,ACAGAACAGCTCAGTTCGTG,0,3031454
rcsBp1,0.047619047619047616,20,20,AATTAAGTGTGGTAATTTCA,0,3029083
rcsBp1,0.047619047619047616,20,20,AATCCCTTTAGGAAAACAGG,0,3024536
rcsBp1,0.047619047619047616,20,20,AAGCTACTCGGAGAATCAGT,0,3036008
rcsBp1,0.047619047619047616,20,20,AAGACCTTTCTATCTTGTGT,0,3072371
rcsBp1,0.047619047619047616,20,20,AACGCCAACCCAGACGATTA,0,3058238
rcsBp1,0.05,19,19,TTGGCTCTCGGGATAACAGA,0,3063779
rcsBp1,0.05,19,19,TTCTAATCTTCGCGCTTTGG,0,3025668
rcsBp1,0.05,19,19,TGTTCGCACAATCGGGTCTG,0,3058966
rcsBp1,0.05,19,19,TGTCGGCATTGGTTTGACAA,0,3067000
rcsBp1,0.05,19,19,TGCGTCCCGGGGTGCAGAAA,0,3063909
rcsBp1,0.05,19,19,TGAGTCCCATCTGGGGTCTT,0,3058357
rcsBp1,0.05,19,19,TCGGGGTTCAGGTGCTGCTG,0,3052615
rcsBp1,0.05,19,19,TCGACGCAGAGTGCTGGTTT,0,3054951
rcsBp1,0.05,19,19,TCAAAAATTAGTAAATGCAA,0,3031175
rcsBp1,0.05,19,19,TACATATTAATCTCTCGTGT,0,3046195
rcsBp1,0.05,19,19,TAACGCCCCATAGGGCGTTG,0,3051639
rcsBp1,0.05,19,19,TAAAGTTTGGCAGGTTGATT,0,3045017
rcsBp1,0.05,19,19,GTGTCAGTGGTCGTGTACTG,0,3031514
rcsBp1,0.05,19,19,GTACGCGCTTCGCATCTAGT,0,3052763
rcsBp1,0.05,19,19,GTAAGAACCGCAAAAGCTTT,0,3061039
rcsBp1,0.05,19,19,GGTGGGTACACTTTTCTTTG,0,3045736
rcsBp1,0.05,19,19,GGTCTAACCTTACAAGTAGA,0,3064634
rcsBp1,0.05,19,19,GGAGACGGAGTGCAGCATTG,0,3027828
rcsBp1,0.05,19,19,GCTTCGGCGATGCAATGACA,0,3038129
rcsBp1,0.05,19,19,GCTGGATGCTAGTACCCGTA,0,3028445
rcsBp1,0.05,19,19,GCTGATAAAAAACGGGCCAA,0,3023647
rcsBp1,0.05,19,19,GCTCAGGTTGACCGGGCTCT,0,3054667
rcsBp1,0.05,19,19,GCGTTGGACGTGATAAGCTC,0,3049338
rcsBp1,0.05,19,19,GCGGTTATTGATGTCGAAGC,0,3033674
rcsBp1,0.05,19,19,GCGCGAGAGGTCATCACCGC,0,3066796
rcsBp1,0.05,19,19,GCATGTGGGGCTCTTATGAT,0,3061833
rcsBp1,0.05,19,19,GCATAAAATAGATTGGATGT,0,3046223
rcsBp1,0.05,19,19,GCAGATGAACATGGGCGGAG,0,3025496
rcsBp1,0.05,19,19,GCACTGGCACATAACCAGAA,0,3057626
rcsBp1,0.05,19,19,GATTGAGATCAACCCCTCTA,0,3041187
rcsBp1,0.05,19,19,GATCGTTTAGCGATTCCGTG,0,3051282
rcsBp1,0.05,19,19,GAGTGTCAGCACAGTGCAAG,0,3038587
rcsBp1,0.05,19,19,GAGGTAGTCAAAAGTCGTCC,0,3027856
rcsBp1,0.05,19,19,GAGGGGACTTCTTAAAGAAA,0,3058695
rcsBp1,0.05,19,19,GACTGCGACCCGATCTGATT,0,3053478
rcsBp1,0.05,19,19,GACGATCGTAACATGGGCTT,0,3048166
rcsBp1,0.05,19,19,CTGGTTGGGCCTCGGGAGAA,0,3051062
rcsBp1,0.05,19,19,CTGGTTGATTGCTCATGGGG,0,3030130
rcsBp1,0.05,19,19,CTCAGTTATAGAACTGTATA,0,3042248
rcsBp1,0.05,19,19,CTACTCGGGACACTGCCTTG,0,3027695
rcsBp1,0.05,19,19,CGTGATTGGTATAATAAAGC,0,3038127
rcsBp1,0.05,19,19,CGACGCGTGGGATAATTTGC,0,3027277
rcsBp1,0.05,19,19,CCTGACAAGAGGCGCCCGCT,0,3073419
rcsBp1,0.05,19,19,CCGTGTCGCAGTAAAGTAAG,0,3045261
rcsBp1,0.05,19,19,CCGGTGACCCCACACTGTCT,0,3057409
rcsBp1,0.05,19,19,CCCAGGGGCGGAGTCTTGTA,0,3055142
rcsBp1,0.05,19,19,CCACGTGCGAGAAAGATAGT,0,3052396
rcsBp1,0.05,19,19,CCACCGTGTAATTTCTGGCA,0,3058459
rcsBp1,0.05,19,19,CCACATTACGTTACATATGT,0,3066228
rcsBp1,0.05,19,19,CATGCTCCCTAAACATCAGT,0,3056601
rcsBp1,0.05,19,19,CACGGCCGGAGGAGGAGGCT,0,3044889
rcsBp1,0.05,19,19,CAATAGTTGCCATAGCCCAT,0,3055114
rcsBp1,0.05,19,19,CAAAGGGCAGAAGTCATCGC,0,3062324
rcsBp1,0.05,19,19,ATGTTGCTCTTAGGTTGCGT,0,3033296
rcsBp1,0.05,19,19,ATGGATGCAAGTTTGATCAA,0,3064749
rcsBp1,0.05,19,19,ATGAGCATACAGGCAGCGAA,0,3069661
rcsBp1,0.05,19,19,ATAGGTTAACAGCACGCGAC,0,3026964
rcsBp1,0.05,19,19,AGTGTAAGTCTATTGTAATA,0,3064419
rcsBp1,0.05,19,19,AGTGCGCGGGCCTAAAGGAT,0,3051268
rcsBp1,0.05,19,19,AGGTCGGATGACATCACGCT,0,3024102
rcsBp1,0.05,19,19,AGGTCACAGAGGAGTAGGGT,0,3073206
rcsBp1,0.05,19,19,AGGGGACGCGGTTCGGATTA,0,3039780
rcsBp1,0.05,19,19,AGGCAAGGTCCTTACTCTAC,0,3058082
rcsBp1,0.05,19,19,AGAATACCGTCCGCGACAGA,0,3069783
rcsBp1,0.05,19,19,AATCGGACGCGGTGATTAAG,0,3071172
rcsBp1,0.05,19,19,AATAGTGTGCCCGCGAAAAG,0,3045565
rcsBp1,0.05,19,19,AATACAACGCGTGTAACTGA,0,3068204
rcsBp1,0.05,19,19,AAGGCTCGCGATGCGCTTTC,0,3039687
rcsBp1,0.05,19,19,AACTATGGCGACGCGGGCGT,0,3057610
rcsBp1,0.05,19,19,AACGGGGACCGTCTCCATTC,0,3045346
rcsBp1,0.05,19,19,AACCTCAATCAATCTGGATA,0,3029287
rcsBp1,0.05,19,19,AACAGACCGCGGACACTGGG,0,3046399
rcsBp1,0.05,19,19,AAACATGAACGGAACCCGAC,0,3025754
rcsBp1,0.05263157894736842,18,18,TTTTGGTATAGCAGCACGGA,0,3031114
rcsBp1,0.05263157894736842,18,18,TTTCGGTGAACGGCTTCGGA,0,3054404
rcsBp1,0.05263157894736842,18,18,TTGATGTCTTCTATTCACTT,0,3054774
rcsBp1,0.05263157894736842,18,18,TTATGATGGGTTACACTCTA,0,3051327
rcsBp1,0.05263157894736842,18,18,TTATATAAGGCAGTCTCGGA,0,3045979
rcsBp1,0.05263157894736842,18,18,TTAGGTAGTCCTATCGGTCT,0,3034223
rcsBp1,0.05263157894736842,18,18,TTAAAATCGGCGCTTTAATT,0,3052660
rcsBp1,0.05263157894736842,18,18,TGTTTTTGGACCAATAAATT,0,3045024
rcsBp1,0.05263157894736842,18,18,TGGCTGTGTTGCGAAGGAAT,0,3052903
rcsBp1,0.05263157894736842,18,18,TGGCAGCGGGCACGGAGACA,0,3059117
rcsBp1,0.05263157894736842,18,18,TCGTGGCTCTAGCAAACGGG,0,3058513
rcsBp1,0.05263157894736842,18,18,TCGGGAGAAGCCACAGGGTA,0,3029935
rcsBp1,0.05263157894736842,18,18,TCCATTTCGTGAGCCAAAAC,0,3047916
rcsBp1,0.05263157894736842,18,18,TCAGACTGCCTGGCAGACTA,0,3039487
rcsBp1,0.05263157894736842,18,18,TATAAGGCCTGTCGGTATAC,0,3069730
rcsBp1,0.05263157894736842,18,18,TAGCGGCCCCTCTTGACGGG,0,3044071
rcsBp1,0.05263157894736842,18,18,TAAGTTGGGGACACACAACA,0,3044390
rcsBp1,0.05263157894736842,18,18,TAACGACGCCAGACGGCAAA,0,3036715
rcsBp1,0.05263157894736842,18,18,TAACCGTGCGGCCTGGTCCC,0,3066063
rcsBp1,0.05263157894736842,18,18,GTGAACTTTTCAGGGCAATC,0,3066966
rcsBp1,0.05263157894736842,18,18,GTCTCAGGTCACCGGAGTCA,0,3070577
rcsBp1,0.05263157894736842,18,18,GTCCTCTTTTATGAGTCGGA,0,3032879
rcsBp1,0.05263157894736842,18,18,GTATGGCTTTCCGTGCCGAA,0,3062145
rcsBp1,0.05263157894736842,18,18,GTATATCCCAAATTACTCAC,0,3044659
rcsBp1,0.05263157894736842,18,18,GTAAAGCGGGAAAAGATCAT,0,3037693
rcsBp1,0.05263157894736842,18,18,GGTGTCCCGTACCAGGTCGT,0,3045158
rcsBp1,0.05263157894736842,18,18,GGTACCGACTCACGCACAGT,0,3038694
rcsBp1,0.05263157894736842,18,18,GGGTCGGTGAAACTTTATCC,0,3044858
rcsBp1,0.05263157894736842,18,18,GGGTCACCTACTCTTAATTG,0,3041808
rcsBp1,0.05263157894736842,18,18,GGGGCGCATAGTTCTTGACA,0,3071441
rcsBp1,0.05263157894736842,18,18,GGCTTGGGATCAATCATCGT,0,3031465
rcsBp1,0.05263157894736842,18,18,GGAGGGATCGCCCTTTTAGG,0,3054182
rcsBp1,0.05263157894736842,18,18,GGACACGGCGAGGTTATTTT,0,3065113
rcsBp1,0.05263157894736842,18,18,GATTTGGCACAGCACTTGTC,0,3040979
rcsBp1,0.05263157894736842,18,18,GACTCCAGGCACGCCCCTAA,0,3023942
rcsBp1,0.05263157894736842,18,18,CTTTAAAGGGCTTCTTGGCG,0,3061108
rcsBp1,0.05263157894736842,18,18,CTTAATTTAAGCGTCACTCA,0,3066396
rcsBp1,0.05263157894736842,18,18,CTAGGACACAGCAGAGCGCT,0,3054841
rcsBp1,0.05263157894736842,18,18,CGGGAGCAAAAACGTGATTT,0,3041276
rcsBp1,0.05263157894736842,18,18,CGGCCAACGTTCTGTGCTAG,0,3038126
rcsBp1,0.05263157894736842,18,18,CGGACGGGAAGGCTCAGACC,0,3044020
rcsBp1,0.05263157894736842,18,18,CGCCCCGCGCGGCTGTAAAT,0,3061842
rcsBp1,0.05263157894736842,18,18,CGACCAGGGGGGATTGAACA,0,3041929
rcsBp1,0.05263157894736842,18,18,CGAATTGGGCAGGTGCCACA,0,3048313
rcsBp1,0.05263157894736842,18,18,CCTGTTCGTCAAAGAAAGTA,0,3063681
rcsBp1,0.05263157894736842,18,18,CCTATCTTAGCCGTTGAATA,0,3061393
rcsBp1,0.05263157894736842,18,18,CCGTACCTGTACGGCTGGGG,0,3024331
rcsBp1,0.05263157894736842,18,18,CCACGAACGTTAGGACGGCT,0,3067866
rcsBp1,0.05263157894736842,18,18,CCAAGCAATTTAGGCTTCAG,0,3058420
rcsBp1,0.05263157894736842,18,18,CACCACATAGCAATCTACGG,0,3039011
rcsBp1,0.05263157894736842,18,18,ATTTAGGTTCGTCGCGCATG,0,3046754
rcsBp1,0.05263157894736842,18,18,ATCTGTATCGCCCGGTAGGG,0,3026301
rcsBp1,0.05263157894736842,18,18,ATCAAGCGAGTCCTTGACGT,0,3031432
rcsBp1,0.05263157894736842,18,18,AGGTAGCTGAAAATTCGTTT,0,3032661
rcsBp1,0.05263157894736842,18,18,AGGCCTTAAGTTCATAAACT,0,3037171
rcsBp1,0.05263157894736842,18,18,AGCCTATCATTCCCGGGCGT,0,3022420
rcsBp1,0.05263157894736842,18,18,ACTTGTGCTGCTATAAAATG,0,3044347
rcsBp1,0.05263157894736842,18,18,ACTTCTAATTTGAGAGTGCG,0,3024115
rcsBp1,0.05263157894736842,18,18,ACTCTTCTGGGGCTGCTCCA,0,3055413
rcsBp1,0.05263157894736842,18,18,ACGCGTCGTAGACATTCCGA,0,3033463
rcsBp1,0.05263157894736842,18,18,AATGTGGTTAGAGGGCGCCA,0,3069632
rcsBp1,0.05263157894736842,18,18,AACGAGCGAGGGGGGACCGT,0,3056753
rcsBp1,0.05263157894736842,18,18,AAATGAACATATCGGCGAAG,0,3042262
rcsBp1,0.05263157894736842,18,18,AAACCCTCCTGGACGCATCC,0,3043783
rcsBp1,0.05263157894736842,18,18,AAAATCGACTTATCAACAAA,0,3023074
rcsBp1,0.05555555555555555,17,17,TTTTCGCGTAGGAGTATTCA,0,3065747
rcsBp1,0.05555555555555555,17,17,TTGGTCGTTAAGAATGATTA,0,3033874
rcsBp1,0.05555555555555555,17,17,TTAAATCGGTCTTTAGTTGG,0,3035070
rcsBp1,0.05555555555555555,17,17,TGTCATCATGTCTCATTCAG,0,3035905
rcsBp1,0.05555555555555555,17,17,TGTAGCAATGAGGGATAACA,0,3039733
rcsBp1,0.05555555555555555,17,17,TGGAGTATATAACACTAATA,0,3028199
rcsBp1,0.05555555555555555,17,17,TGGACCAGCTTTGCGCATAA,0,3068193
rcsBp1,0.05555555555555555,17,17,TGCCGGGCATAGACCAATTT,0,3056197
rcsBp1,0.05555555555555555,17,17,TGCAATAGTTATAATAGCAG,0,3042948
rcsBp1,0.05555555555555555,17,17,TCGGGCGACGTCCCCGGTGA,0,3023761
rcsBp1,0.05555555555555555,17,17,TCCTTCCGCACTACCGGAGG,0,3050611
rcsBp1,0.05555555555555555,17,17,TCATTGGGTTGCTGCTTAAA,0,3031048
rcsBp1,0.05555555555555555,17,17,TCAACCAAGCTTGACTGGGT,0,3034369
rcsBp1,0.05555555555555555,17,17,TATGCGCAATTAATCAGTGT,0,3040812
rcsBp1,0.05555555555555555,17,17,TAGGGCTGACCTAGTCGAAC,0,3073139
rcsBp1,0.05555555555555555,17,17,TACCGTGCTCTTGCAGGTGG,0,3065533
rcsBp1,0.05555555555555555,17,17,TACCAGGATGGGCTGTCTAT,0,3052032
rcsBp1,0.05555555555555555,17,17,TAAGGCCCATGGCGGTATTA,0,3029221
rcsBp1,0.05555555555555555,17,17,GTTGCTAGAGCGATGGGAAT,0,3051512
rcsBp1,0.05555555555555555,17,17,GTTGAGACAATGCGCACAGG,0,3023120
rcsBp1,0.05555555555555555,17,17,GTGTGGAAAGCCTACGTCCT,0,3024967
rcsBp1,0.05555555555555555,17,17,GTCCACCGGGTAACGCCGCT,0,3054156
rcsBp1,0.05555555555555555,17,17,GTCACCAAGTTTGTAGGCTC,0,3054722
rcsBp1,0.05555555555555555,17,17,GTAAAGCCTTTCTGTAATGA,0,3040142
rcsBp1,0.05555555555555555,17,17,GGTTATTCGCGAGGATGGCT,0,3034873
rcsBp1,0.05555555555555555,17,17,GGTGAGGCGGCTAAGGTCTG,0,3050251
rcsBp1,0.05555555555555555,17,17,GGCTGGAGCAACAGCGGACC,0,3038352
rcsBp1,0.05555555555555555,17,17,GGCGGCTAAGGCTCCATCAT,0,3034656
rcsBp1,0.05555555555555555,17,17,GGACAAGTACCCGCCCTTTT,0,3059422
rcsBp1,0.05555555555555555,17,17,GGAAGAACCCGTACTCAGTT,0,3028138
rcsBp1,0.05555555555555555,17,17,GGAACATATGCTTATACATT,0,3027477
rcsBp1,0.05555555555555555,17,17,GCTCCATCCGCATCCAGCAT,0,3059119
rcsBp1,0.05555555555555555,17,17,GCTAAACCCGGATTCCGTAT,0,3023755
rcsBp1,0.05555555555555555,17,17,GCGGGTATGCATTGAGTTAA,0,3052331
rcsBp1,0.05555555555555555,17,17,GATCTCAATGCCGTACGGGA,0,3061101
rcsBp1,0.05555555555555555,17,17,GATCCAAGCTGTGCTTAAAG,0,3025229
rcsBp1,0.05555555555555555,17,17,GATAATCAGGAATGCACTGA,0,3037697
rcsBp1,0.05555555555555555,17,17,GAGTCCAGCGGCCCGTTATT,0,3072143
rcsBp1,0.05555555555555555,17,17,GAGTCAGTTCAAAGCCCTTA,0,3059606
rcsBp1,0.05555555555555555,17,17,GACTGCGAACGGGCGAAGCA,0,3044811
rcsBp1,0.05555555555555555,17,17,GACTAGACACCAGAATGGAT,0,3021809
rcsBp1,0.05555555555555555,17,17,GACGGGTTCAGCTGCAGTTA,0,3031992
rcsBp1,0.05555555555555555,17,17,GACCTCCGGTCCCTAGGTGA,0,3041427
rcsBp1,0.05555555555555555,17,17,GAAGATTACAAGCTAGTTGT,0,3072656
rcsBp1,0.05555555555555555,17,17,GAAAGCGAATCGTGGATAAC,0,3070231
rcsBp1,0.05555555555555555,17,17,CTTGTATAAATCGGACTGTG,0,3060598
rcsBp1,0.05555555555555555,17,17,CTTCCGCTGTACAAGACTAT,0,3063582
rcsBp1,0.05555555555555555,17,17,CTTACTTGTGCGCGCGCCTT,0,3059656
rcsBp1,0.05555555555555555,17,17,CTTAACCGTGGGAGTAAAGG,0,3022640
rcsBp1,0.05555555555555555,17,17,CTGTCTCTTGGAGGAAGCCA,0,3035938
rcsBp1,0.05555555555555555,17,17,CTGTATTGGCCGGACCATAG,0,3059983
rcsBp1,0.05555555555555555,17,17,CTGACTCCAGGACCCTGTTT,0,3067479
rcsBp1,0.05555555555555555,17,17,CTCTTACCCTATAGTGTGAG,0,3022672
rcsBp1,0.05555555555555555,17,17,CTCGTGTGGCTGGGTGTACT,0,3024986
rcsBp1,0.05555555555555555,17,17,CTATAGTAGACCCTCCCGGC,0,3050597
rcsBp1,0.05555555555555555,17,17,CTAATTTTTTCCCGGGAAGA,0,3053497
rcsBp1,0.05555555555555555,17,17,CTAATAGTGCGATCTGATAT,0,3042756
rcsBp1,0.05555555555555555,17,17,CGGCAAGGGTCGTTTGATGA,0,3042925
rcsBp1,0.05555555555555555,17,17,CGCTGCCCTCCTCCCTGACA,0,3036539
rcsBp1,0.05555555555555555,17,17,CGCACCACGTATAGCGATTT,0,3064632
rcsBp1,0.05555555555555555,17,17,CGATGGGGAGACCTAAGTGT,0,3031844
rcsBp1,0.05555555555555555,17,17,CGAGTTGCCCGGACATTTTA,0,3044143
rcsBp1,0.05555555555555555,17,17,CGAGACGTCACCGAGTGCCG,0,3055647
rcsBp1,0.05555555555555555,17,17,CCTTTATTTACCGGATCGAT,0,3038724
rcsBp1,0.05555555555555555,17,17,CCTGCTACTAATCACTTAAA,0,3034987
rcsBp1,0.05555555555555555,17,17,CCTCTGTAGGCCTTTCTTCT,0,3043277
rcsBp1,0.05555555555555555,17,17,CCTCCCCTCTCCGTCCGTCG,0,3041543
rcsBp1,0.05555555555555555,17,17,CCGTCAACCGCTATAATTTA,0,3053258
rcsBp1,0.05555555555555555,17,17,CCGTAAACGCCGGTTTGTTC,0,3043919
rcsBp1,0.05555555555555555,17,17,CCGACAGTGCCCAGGTGAAA,0,3036154
rcsBp1,0.05555555555555555,17,17,CCCTTAAGGACGCTCGCCTG,0,3061485
rcsBp1,0.05555555555555555,17,17,CCCATCGGCTGAGTAACTCA,0,3064024
rcsBp1,0.05555555555555555,17,17,CCACGGCATGTACCTCCAAA,0,3062340
rcsBp1,0.05555555555555555,17,17,CATTACGATGGCTTTGGACA,0,3053076
rcsBp1,0.05555555555555555,17,17,CACGCCCATATACTCCGAAG,0,3056276
rcsBp1,0.05555555555555555,17,17,CACCTTTTTCACGGGTCAGT,0,3068386
rcsBp1,0.05555555555555555,17,17,CAAGTCTTTGGCAAGAGACA,0,3032632
rcsBp1,0.05555555555555555,17,17,CAAGACCCATGTAAGATTTG,0,3040257
rcsBp1,0.05555555555555555,17,17,ATGTTAATTGAGTTCCTTTT,0,3064454
rcsBp1,0.05555555555555555,17,17,ATCCTAGAACCGGGGCACTC,0,3067431
rcsBp1,0.05555555555555555,17,17,ATCAGCCCGTCCGAGGCACG,0,3025615
rcsBp1,0.05555555555555555,17,17,ATAGGATGTGAATCAGCCAC,0,3071438
rcsBp1,0.05555555555555555,17,17,AGTGTATAGGGTGAGCCGTT,0,3042672
rcsBp1,0.05555555555555555,17,17,AGTCGGTCGCCACCGTAGAA,0,3054947
rcsBp1,0.05555555555555555,17,17,AGTACCCCGAATAACAGTTA,0,3066996
rcsBp1,0.05555555555555555,17,17,AGCCAATTTAATGCAACCAC,0,3049594
rcsBp1,0.05555555555555555,17,17,AGAACAACGAGCGGTTATAG,0,3044636
rcsBp1,0.05555555555555555,17,17,AATATCCACGACTTTTCTGC,0,3060326
rcsBp1,0.05555555555555555,17,17,AAGTGACATAGTCCACAGAA,0,3055443
rcsBp1,0.05555555555555555,17,17,AAGGGCATAGAATCTCCTTA,0,3034649
rcsBp1,0.05555555555555555,17,17,AACCTTGAAAGGTCAGCCGT,0,3068353
rcsBp1,0.05555555555555555,17,17,AAAGGGTTCTAGCACGTCTA,0,3057283
rcsBp1,0.05555555555555555,17,17,AAAGCCGTAAAGTATTAAGC,0,3073375
rcsBp1,0.05555555555555555,17,17,AAAGAACGAGTAGGTTACGA,0,3050157
rcsBp1,0.05555555555555555,17,17,AAAAAGCCTGAACAAGTCGC,0,3059173
rcsBp1,0.05555555555555555,17,17,AAAAAATGATGTCCTCGTTA,0,3056766
rcsBp1,0.058823529411764705,16,16,TTTTACCGCGTAGTTTAAAT,0,3054784
rcsBp1,0.058823529411764705,16,16,TTTGGCGCTGTAGAAGGGAG,0,3032193
rcsBp1,0.058823529411764705,16,16,TTTGCAAGTCGCGGGACCAA,0,3040381
rcsBp1,0.058823529411764705,16,16,TTTATGAGGAAAATCAGTAG,0,3046976
rcsBp1,0.058823529411764705,16,16,TTCTTGGCTTCGCGAGACTC,0,3043468
rcsBp1,0.058823529411764705,16,16,TTCAACGAGGAAATTATAGT,0,3023285
rcsBp1,0.058823529411764705,16,16,TTACCATCGAATGTCGGCTC,0,3040196
rcsBp1,0.058823529411764705,16,16,TGTTAGAGCGTACGTGGCCG,0,3060527
rcsBp1,0.058823529411764705,16,16,TGTGGCATCTATACTGTAAG,0,3071139
rcsBp1,0.058823529411764705,16,16,TGGTGGCAGACGCGGGCGAT,0,3043687
rcsBp1,0.058823529411764705,16,16,TGGATACCCCCTACAGGTCA,0,3071128
rcsBp1,0.058823529411764705,16,16,TGCTTTTTCTACGGATTGGG,0,3056062
rcsBp1,0.058823529411764705,16,16,TGCTGAGGTCATCTCAGTCA,0,3053219
rcsBp1,0.058823529411764705,16,16,TGCGAAGTCAATGAGTTCGC,0,3029886
rcsBp1,0.058823529411764705,16,16,TGATTACACTATTGAGTTCT,0,3028597
rcsBp1,0.058823529411764705,16,16,TGATAAGAAAACGCGTGATA,0,3024329
rcsBp1,0.058823529411764705,16,16,TCTCGGGAACTCGGAAGACC,0,3050717
rcsBp1,0.058823529411764705,16,16,TCTACGCAGTCACATACGGG,0,3073045
rcsBp1,0.058823529411764705,16,16,TCGTAGGGACTCCCCCGCCT,0,3044069
rcsBp1,0.058823529411764705,16,16,TCGCAGAAGCCCCCGAGCCG,0,3037588
rcsBp1,0.058823529411764705,16,16,TCGACAGTTGCTTAGCAGTT,0,3033726
rcsBp1,0.058823529411764705,16,16,TCCTATGACACACCAGGGCA,0,3050387
rcsBp1,0.058823529411764705,16,16,TCCCTCTACTATCGTGAATG,0,3067468
rcsBp1,0.058823529411764705,16,16,TCCAAGACGCATGTTAGCGT,0,3031081
rcsBp1,0.058823529411764705,16,16,TCATTCTGTAGGACTGGTTA,0,3064451
rcsBp1,0.058823529411764705,16,16,TATGATGCTAGGGAACGAAT,0,3072364
rcsBp1,0.058823529411764705,16,16,TATCAGTGTGTTGTTATCAG,0,3047980
rcsBp1,0.058823529411764705,16,16,TATAAATTCATTGCTAGGTA,0,3073110
rcsBp1,0.058823529411764705,16,16,TAATAACATAGTTGGGACGT,0,3046956
rcsBp1,0.058823529411764705,16,16,GTTGCGGAGGGCCACTTACT,0,3029568
rcsBp1,0.058823529411764705,16,16,GTTCTGTTGTGGCCACCAAA,0,3029941
rcsBp1,0.058823529411764705,16,16,GTTCCCAGCCGGTAGAACTC,0,3052368
rcsBp1,0.058823529411764705,16,16,GTGCATATCGAGAGCATGTG,0,3048623
rcsBp1,0.058823529411764705,16,16,GTCTACCCTGTTCACTAGGC,0,3044288
rcsBp1,0.058823529411764705,16,16,GGTTGCTTAGAGTCGAGGTC,0,3058848
rcsBp1,0.058823529411764705,16,16,GGTCTGCTGGAGACGTCCAC,0,3055086
rcsBp1,0.058823529411764705,16,16,GGTCGATAAATGTTCACAGA,0,3028086
rcsBp1,0.058823529411764705,16,16,GGTCCTACGGCTGCTTGGAA,0,3047674
rcsBp1,0.058823529411764705,16,16,GGTAGGCGCCAGGAACAGCT,0,3031452
rcsBp1,0.058823529411764705,16,16,GGGTTAAGTTCTCACATAGA,0,3033237
rcsBp1,0.058823529411764705,16,16,GGGTGGATCAAGGTAGTCGT,0,3049443
rcsBp1,0.058823529411764705,16,16,GGGACATAGCATTTCCTGTT,0,3039379
rcsBp1,0.058823529411764705,16,16,GGCGTTTCTCCAAGGCTTCG,0,3043794
rcsBp1,0.058823529411764705,16,16,GGCGGGGAAAATTCTGTATT,0,3057969
rcsBp1,0.058823529411764705,16,16,GGCCTTTCCTAAGCAATGCC,0,3055858
rcsBp1,0.058823529411764705,16,16,GGCCCCTCTATGGATATACG,0,3036055
rcsBp1,0.058823529411764705,16,16,GGATCGTTGGTCGTAATCGA,0,3068053
rcsBp1,0.058823529411764705,16,16,GCCTGCACCTTGCTGTACTG,0,3022258
rcsBp1,0.058823529411764705,16,16,GCCTAACTCGGCCGGGTAAA,0,3024473
rcsBp1,0.058823529411764705,16,16,GCCGTGCAGAATCCGCAGAT,0,3061221
rcsBp1,0.058823529411764705,16,16,GCCGTCATACTAACCCCCGT,0,3057178
rcsBp1,0.058823529411764705,16,16,GCAGCCCCCGGTACACTCGA,0,3060962
rcsBp1,0.058823529411764705,16,16,GCACACTGCACGACATCGCA,0,3035361
rcsBp1,0.058823529411764705,16,16,GATTTTTATCTTAATCCGAT,0,3022735
rcsBp1,0.058823529411764705,16,16,GATTGGGTGGGCCTTAGGGG,0,3052534
rcsBp1,0.058823529411764705,16,16,GATGATTGACCTACGGACTC,0,3058479
rcsBp1,0.058823529411764705,16,16,GATGATAGGACCTGTGATCT,0,3067903
rcsBp1,0.058823529411764705,16,16,GATCGTGTCAGAACACTAGC,0,3024738
rcsBp1,0.058823529411764705,16,16,GATATGATCGCTGGGGAATA,0,3058555
rcsBp1,0.058823529411764705,16,16,GACTGAGAAGACGCGTGCTA,0,3040619
rcsBp1,0.058823529411764705,16,16,GACCGATACGAGCATCGTAC,0,3064364
rcsBp1,0.058823529411764705,16,16,GAACGGGACGAGGCGGCGGC,0,3047475
rcsBp1,0.058823529411764705,16,16,GAACCGCGTCTATCTGGCTA,0,3029650
rcsBp1,0.058823529411764705,16,16,CTTTGATTAGCTGGCGGAGG,0,3028607
rcsBp1,0.058823529411764705,16,16,CTTTAAAGGAGCCTGCAAGA,0,3063257
rcsBp1,0.058823529411764705,16,16,CTGAGAGGCACGGTCGCTAG,0,3051317
rcsBp1,0.058823529411764705,16,16,CTGAACACGCAGAATAATTC,0,3072085
rcsBp1,0.058823529411764705,16,16,CTCGACTGCTCTTTGCGGTC,0,3031695
rcsBp1,0.058823529411764705,16,16,CTCCCAGGTTGCAACGTTCT,0,3044475
rcsBp1,0.058823529411764705,16,16,CTCCATGACAATTGTGTGGG,0,3055201
rcsBp1,0.058823529411764705,16,16,CTAGTTATACGTCAGATCCA,0,3038466
rcsBp1,0.058823529411764705,16,16,CGTGCGTTGTTTTCATCCAG,0,3022215
rcsBp1,0.058823529411764705,16,16,CGTACAGCATTTTACACGAG,0,3030410
rcsBp1,0.058823529411764705,16,16,CGGTTTTTACTGTAGGGATG,0,3044360
rcsBp1,0.058823529411764705,16,16,CGGTTTTATGCGGCACGGAG,0,3036987
rcsBp1,0.058823529411764705,16,16,CGGTTTATCGCACCGCGGAA,0,3052701
rcsBp1,0.058823529411764705,16,16,CGGTATTTTTGCACATGCTA,0,3040249
rcsBp1,0.058823529411764705,16,16,CGGGACCAGGTAAGCCAATC,0,3064218
rcsBp1,0.058823529411764705,16,16,CGGCCTCATCGTTTCGGGGT,0,3039801
rcsBp1,0.058823529411764705,16,16,CGATTGATAAAGGCGGTGCG,0,3059638
rcsBp1,0.058823529411764705,16,16,CGAATCTCAGTGTACAGGGT,0,3050259
rcsBp1,0.058823529411764705,16,16,CCTTTTTCGACACTGGCGCC,0,3071451
rcsBp1,0.058823529411764705,16,16,CCTTGGGTAAAGCCAGACAC,0,3029024
rcsBp1,0.058823529411764705,16,16,CCTCGCTGTCACGGTTCGAA,0,3025906
rcsBp1,0.058823529411764705,16,16,CCGTCTATCCTCACTAATCT,0,3033104
rcsBp1,0.058823529411764705,16,16,CCGGGTTGAAGTTGACAACA,0,3049143
rcsBp1,0.058823529411764705,16,16,CCCTGGATCCTTGTTTATAA,0,3061857
rcsBp1,0.058823529411764705,16,16,CCCCGACCCAGATCACATGT,0,3061303
rcsBp1,0.058823529411764705,16,16,CCCACCGGGGATGCTTAATC,0,3050869
rcsBp1,0.058823529411764705,16,16,CCCACACTGGCCCGGACTTA,0,3027264
rcsBp1,0.058823529411764705,16,16,CCAGTATGATAGCATATAGG,0,3026225
rcsBp1,0.058823529411764705,16,16,CATTCGGGACCCCCATGTAA,0,3069048
rcsBp1,0.058823529411764705,16,16,CATGCCATGCATGTGATAAA,0,3029023
rcsBp1,0.058823529411764705,16,16,CAGGAAAGGCGACAAGGGGG,0,3071573
rcsBp1,0.058823529411764705,16,16,CAGCCATCGAGATAGTCCGA,0,3027241
rcsBp1,0.058823529411764705,16,16,CAGAACCCGGTGGCAGAAAC,0,3054777
rcsBp1,0.058823529411764705,16,16,CACCGCTCATAACAACTCCA,0,3025401
rcsBp1,0.058823529411764705,16,16,CAAGTCTGCATGTAGGGTCT,0,3071133
rcsBp1,0.058823529411764705,16,16,CAAGCCCACATGATTCGTTA,0,3047445
rcsBp1,0.058823529411764705,16,16,CAAAATTTGAAAGTGGCAGT,0,3042303
rcsBp1,0.058823529411764705,16,16,ATTGGTTAACTTCGCAGTGA,0,3038179
rcsBp1,0.058823529411764705,16,16,ATTGAACGGTGGATTGTACA,0,3036570
rcsBp1,0.058823529411764705,16,16,ATGTGCTTTTTCGGGTAAAT,0,3064638
rcsBp1,0.058823529411764705,16,16,ATATGACCTTTCCTTTAGGC,0,3023116
rcsBp1,0.058823529411764705,16,16,ATATCAAAGAAGTTTTTTAG,0,3030307
rcsBp1,0.058823529411764705,16,16,AGTCACTTGATCATTTTATC,0,3024850
rcsBp1,0.058823529411764705,16,16,AGGCGGTCGATTACCGTTGG,0,3027758
rcsBp1,0.058823529411764705,16,16,AGATTCAGTCCCACTGTCCT,0,3056948
rcsBp1,0.058823529411764705,16,16,ACGTGTCCCGTGGTATATGT,0,3041535
rcsBp1,0.058823529411764705,16,16,ACCTGGATATGTTTGTGTGT,0,3036220
rcsBp1,0.058823529411764705,16,16,ACATGTCGTATCCCCAAAGT,0,3059446
rcsBp1,0.058823529411764705,16,16,ACATGACGAGGTCTGGTAAA,0,3054781
rcsBp1,0.058823529411764705,16,16,ACAGTCTACTAAACCCGCGC,0,3053256
rcsBp1,0.058823529411764705,16,16,AAGTGTTTCCACAGCCAACT,0,3036000
rcsBp1,0.058823529411764705,16,16,AAGATGTTTCCGGGTCTTTA,0,3066959
rcsBp1,0.0625,15,15,TTTGCTTCCGGTAACCCTCA,0,3028237
rcsBp1,0.0625,15,15,TTTCGCGCGAGGAAGCGGTA,0,3066904
rcsBp1,0.0625,15,15,TTGTCGCAGTGAGCTACACG,0,3048880
rcsBp1,0.0625,15,15,TTGCAGTCAAGGAGACCATG,0,3034759
rcsBp1,0.0625,15,15,TTCTTGATTGAATGTGTATT,0,3031581
rcsBp1,0.0625,15,15,TTCGGACTATTTTTCACCGC,0,3054341
rcsBp1,0.0625,15,15,TTCCACTCTTTCAGGACCTG,0,3027496
rcsBp1,0.0625,15,15,TTATCGGTGGATACTTCTTG,0,3045771
rcsBp1,0.0625,15,15,TTATAAGCGCTTCCGGCGCG,0,3031051
rcsBp1,0.0625,15,15,TGTTTAGTAAGAGATTGTCA,0,3045545
rcsBp1,0.0625,15,15,TGGGGGATCCCGTGGCGCAA,0,3022180
rcsBp1,0.0625,15,15,TGGCTCCAGGAAGGATTAAT,0,3038882
rcsBp1,0.0625,15,15,TGGACGCGCCAAGCGTATCT,0,3046714
rcsBp1,0.0625,15,15,TGCATACGGCTACGCGACCC,0,3041619
rcsBp1,0.0625,15,15,TGATGATCTGCTTGTGTATA,0,3059090
rcsBp1,0.0625,15,15,TGATAGGAACCAGTAAATAT,0,3064166
rcsBp1,0.0625,15,15,TGACGTGGCTAATGTGCGCA,0,3061331
rcsBp1,0.0625,15,15,TGACGAGCCCTGTGCATGCT,0,3033226
rcsBp1,0.0625,15,15,TCTTCAGATAGCCGTTAGTA,0,3070137
rcsBp1,0.0625,15,15,TCGTAGGACACACGCGTTTT,0,3066476
rcsBp1,0.0625,15,15,TCGGCGGCCCTTTCTATCGG,0,3058417
rcsBp1,0.0625,15,15,TCGACAATCGTAGGTGGGAT,0,3040035
rcsBp1,0.0625,15,15,TCCTATACGCTGTCGTTTAT,0,3039857
rcsBp1,0.0625,15,15,TCCTACGTCACGAATGCTAG,0,3026544
rcsBp1,0.0625,15,15,TCCTACGCATTCACTTAAAA,0,3045399
rcsBp1,0.0625,15,15,TCCCATGGAAAGAGGATTGT,0,3035794
rcsBp1,0.0625,15,15,TCATTCTAATTACTTATCGG,0,3030155
rcsBp1,0.0625,15,15,TCATCACGGGATGCCACTGC,0,3025747
rcsBp1,0.0625,15,15,TATGAAGGCCCGGTATCGCA,0,3044965
rcsBp1,0.0625,15,15,TAGAGACGCCCAAGGTAAAA,0,3046832
rcsBp1,0.0625,15,15,TACGCGTGATATCATAGAGT,0,3030703
rcsBp1,0.0625,15,15,TACCCTTTCTTCCACACGCG,0,3022789
rcsBp1,0.0625,15,15,TAAGCAAGGTGTGTTCGTCA,0,3041177
rcsBp1,0.0625,15,15,TAACTGTGTATTGAGGAGAT,0,3055640
rcsBp1,0.0625,15,15,TAACATTGAGCTCCGTATAT,0,3039686
rcsBp1,0.0625,15,15,GTTATAGGGACCTAGGTCAT,0,3030652
rcsBp1,0.0625,15,15,GTTAGTTAATTATAGACGCT,0,3045627
rcsBp1,0.0625,15,15,GTTACGCTTTCCAACCTACG,0,3050455
rcsBp1,0.0625,15,15,GTGTCCTTTCTCCCATCAAG,0,3061083
rcsBp1,0.0625,15,15,GTGGGTGTCATCCTCCCGGA,0,3055325
rcsBp1,0.0625,15,15,GTGCGTTGAGCACATCCCGC,0,3065892
rcsBp1,0.0625,15,15,GTGCGGGATGAACTATTACA,0,3070416
rcsBp1,0.0625,15,15,GTACTCGGTTCATGGAAAAT,0,3065893
rcsBp1,0.0625,15,15,GTACAAAACCATGAAAGCTA,0,3058057
rcsBp1,0.0625,15,15,GGTGGGGAACGCCGGTGTTG,0,3039255
rcsBp1,0.0625,15,15,GGTAGGAATTGAGACGTACT,0,3040972
rcsBp1,0.0625,15,15,GGGTCGGGCAATTACGTTTA,0,3063733
rcsBp1,0.0625,15,15,GGGTAACTGTGGCGGTGAGT,0,3027896
rcsBp1,0.0625,15,15,GGCGAACGAATGGCTAAGGT,0,3049625
rcsBp1,0.0625,15,15,GGCGAAACGTCGGCGGGTGG,0,3038269
rcsBp1,0.0625,15,15,GGCATCAAAGGCGAAGGGCA,0,3033628
rcsBp1,0.0625,15,15,GGCATATGACGAGGGACGCG,0,3051270
rcsBp1,0.0625,15,15,GGCAGGATTAAGGAGGGCAG,0,3045053
rcsBp1,0.0625,15,15,GGATGGACATTCGCAGGTGT,0,3034398
rcsBp1,0.0625,15,15,GGACTCGCCAATGACATCGG,0,3033342
rcsBp1,0.0625,15,15,GGAAGTGCAGGTAGCCATCT,0,3049502
rcsBp1,0.0625,15,15,GCTGCGCCTATGATTACTAT,0,3061194
rcsBp1,0.0625,15,15,GCTGCGCAGAAGATGAGCTC,0,3023066
rcsBp1,0.0625,15,15,GCGGCGGCCGGTTTTTAGCA,0,3031795
rcsBp1,0.0625,15,15,GCGAAAGCGGTCTCGCGACA,0,3063473
rcsBp1,0.0625,15,15,GCCTCGGTTATTGGAGGGAG,0,3070113
rcsBp1,0.0625,15,15,GCCGTTTCCTATATTCGTTC,0,3046587
rcsBp1,0.0625,15,15,GCCGTTCAGTGTTGTGGTCC,0,3031421
rcsBp1,0.0625,15,15,GCATTCCGTAACTCGCGTAA,0,3038733
rcsBp1,0.0625,15,15,GCAGACTTAATGTGGGGCGG,0,3060611
rcsBp1,0.0625,15,15,GCACATCGCATTCTGATTAG,0,3043042
rcsBp1,0.0625,15,15,GATTTTAGCTCGTGGGCTTA,0,3068430
rcsBp1,0.0625,15,15,GATTCTGCACCGGAAAGGGT,0,3030277
rcsBp1,0.0625,15,15,GATGTTACCTACTGGGGCGG,0,3030319
rcsBp1,0.0625,15,15,GAGTTCGCATGCCCAAGGTA,0,3051723
rcsBp1,0.0625,15,15,GAGTGGCGGGAGTGCGCAAG,0,3057679
rcsBp1,0.0625,15,15,GAGAATGTCCGGTCTCCATA,0,3056931
rcsBp1,0.0625,15,15,GAAGCCCTAATGAAGCGTGT,0,3024264
rcsBp1,0.0625,15,15,CTTTTTGGCTATATTTCAGG,0,3037170
rcsBp1,0.0625,15,15,CTTTGGTCATTGTGTAGGCG,0,3055812
rcsBp1,0.0625,15,15,CTGTAGTCCAACCGCTGTAA,0,3027746
rcsBp1,0.0625,15,15,CTGGTCCACACTATGCCCTT,0,3042306
rcsBp1,0.0625,15,15,CTGGGAGTATCAGGTTGGAA,0,3056909
rcsBp1,0.0625,15,15,CTGGAAGATCCCTAATACTA,0,3040674
rcsBp1,0.0625,15,15,CTCTTGATTAAGCGTTCAAG,0,3029058
rcsBp1,0.0625,15,15,CTCTATCGCTTCATGGTTTG,0,3052659
rcsBp1,0.0625,15,15,CTCGGTAGCCTTACATCGAA,0,3043465
rcsBp1,0.0625,15,15,CTCAAAGATCATTTTAAGAA,0,3034777
rcsBp1,0.0625,15,15,CTAACGGCTGTTTTACGTGG,0,3030882
rcsBp1,0.0625,15,15,CGTTGCAGTAGGATAATCGT,0,3028903
rcsBp1,0.0625,15,15,CGTTACGGAACAAGTTTCCT,0,3038567
rcsBp1,0.0625,15,15,CGCTTAGTTTGATATCCACT,0,3030411
rcsBp1,0.0625,15,15,CGCGCGATAGGGAGGATCGG,0,3070224
rcsBp1,0.0625,15,15,CGCGCCGAACAGTCCTCTTG,0,3024760
rcsBp1,0.0625,15,15,CGCGAATTATCAGCAGATCG,0,3070677
rcsBp1,0.0625,15,15,CGCAACTTTGACCCCACGAC,0,3038399
rcsBp1,0.0625,15,15,CGATATTGAGTGGCAGTCGA,0,3024692
rcsBp1,0.0625,15,15,CGACTAGGGTCATTTCCACA,0,3050677
rcsBp1,0.0625,15,15,CCTTGTAAACAGCCTCAGCG,0,3045813
rcsBp1,0.0625,15,15,CCTTGCGTCTAAGATGGCTA,0,3044689
rcsBp1,0.0625,15,15,CCTATGACCGTATTGGGGTG,0,3047453
rcsBp1,0.0625,15,15,CCCTCTTACTGGTTGAGTCT,0,3062903
rcsBp1,0.0625,15,15,CCCTCAGGCTGGGAACACTA,0,3034393
rcsBp1,0.0625,15,15,CCCGTTTAGTTGTGGATCGG,0,3042585
rcsBp1,0.0625,15,15,CCAAGTTCGGCGATGGAGTA,0,3065835
rcsBp1,0.0625,15,15,CATAGTGCCGGAAACGTAAT,0,3053264
rcsBp1,0.0625,15,15,CATACTACGTGGGGCGATTG,0,3028957
rcsBp1,0.0625,15,15,CAGGTGTGGCCTGTCAATCT,0,3064762
rcsBp1,0.0625,15,15,CAGGTCAGCAATTTGTCATA,0,3042630
rcsBp1,0.0625,15,15,CACACGTCACTTAGCATCAA,0,3055083
rcsBp1,0.0625,15,15,CAATGAGACAGGCTGAAACA,0,3060162
rcsBp1,0.0625,15,15,CAATCAATGTGGGAAGGCAT,0,3029505
rcsBp1,0.0625,15,15,CAAGGGCAGTCAAGAGCACT,0,3045351
rcsBp1,0.0625,15,15,CAACCTACGCTATGGGGCAT,0,3047407
rcsBp1,0.0625,15,15,ATTTTAGTCGTTCTTTAAGT,0,3029680
rcsBp1,0.0625,15,15,ATGTTAAAGATACAAGGGTC,0,3033704
rcsBp1,0.0625,15,15,ATCGAGTTAATGAGGCGGGC,0,3039596
rcsBp1,0.0625,15,15,ATAAAAGTTGTTTTCGCACA,0,3047024
rcsBp1,0.0625,15,15,AGTCCAGCGCAAGTAAAAAT,0,3057761
rcsBp1,0.0625,15,15,AGGTTTTTGGACTAATGTCT,0,3029168
rcsBp1,0.0625,15,15,AGGTGAGCGAAGAGGGTAAG,0,3037635
rcsBp1,0.0625,15,15,AGGACCACTTATTCTTTCCT,0,3032642
rcsBp1,0.0625,15,15,AGATCAGGGGGAGAAAACAA,0,3065614
rcsBp1,0.0625,15,15,ACGTTTTTACCTTTTAAAAC,0,3048460
rcsBp1,0.0625,15,15,ACGTTCCGATCTACCTCGCG,0,3040116
rcsBp1,0.0625,15,15,ACGAGCACGTCGATAGGAGA,0,3059242
rcsBp1,0.0625,15,15,ACCTCCAAGGTCCGGCCACA,0,3046776
rcsBp1,0.0625,15,15,ACCGCAATTTCCGCCCTCGC,0,3063806
rcsBp1,0.0625,15,15,ACCACGGTGTGTTTTGAATA,0,3070974
rcsBp1,0.0625,15,15,ACAGACAACGATCCAGGCCA,0,3026637
rcsBp1,0.0625,15,15,ACAAAATAAACAGGTTGCTG,0,3039192
rcsBp1,0.0625,15,15,AATCAATTGAATGGCGTACG,0,3062389
rcsBp1,0.0625,15,15,AATAGCGATGTTCATGTGAA,0,3069144
rcsBp1,0.0625,15,15,AAGTGGAGTACGCGACCAAC,0,3060883
rcsBp1,0.0625,15,15,AAGGTTCATCACTGGACCTT,0,3045852
rcsBp1,0.0625,15,15,AACTTAGGGTTCTGCATCAC,0,3041249
rcsBp1,0.0625,15,15,AACCCATCGGATAGTTGGGA,0,3023653
rcsBp1,0.0625,15,15,AACCCAGGAGCGTGAGCATA,0,3062947
rcsBp1,0.0625,15,15,AAATCTTCTTCGGGTCTACT,0,3036668
rcsBp1,0.06666666666666667,14,14,TTTTTTGTCTTTATAGCCGA,0,3030881
rcsBp1,0.06666666666666667,14,14,TTTCTAGCGCACTACGCAGT,0,3066819
rcsBp1,0.06666666666666667,14,14,TTTAGCGGTGTTGTTCCGTT,0,3038627
rcsBp1,0.06666666666666667,14,14,TTGTCCATATGTCAATATAA,0,3066355
rcsBp1,0.06666666666666667,14,14,TTGCGGTTATCGTATTGTAA,0,3042383
rcsBp1,0.06666666666666667,14,14,TTGCGGATTTAATGGCCAAG,0,3060773
rcsBp1,0.06666666666666667,14,14,TTGAGCAATTTCTGGTAAAT,0,3038675
rcsBp1,0.06666666666666667,14,14,TTGAACCGGTTATCTGGCGA,0,3056425
rcsBp1,0.06666666666666667,14,14,TTCTCAGGTTGGGGACTCTG,0,3037589
rcsBp1,0.06666666666666667,14,14,TTCACAGGCTGTATGGGGGT,0,3031907
rcsBp1,0.06666666666666667,14,14,TTAGAGTCGAGTGGTGACCG,0,3054221
rcsBp1,0.06666666666666667,14,14,TGTACTTCGGCCGTAGATAT,0,3042957
rcsBp1,0.06666666666666667,14,14,TGGTTGTGGACCGGGACAAG,0,3062661
rcsBp1,0.06666666666666667,14,14,TGGGGGGATAGGAAAAGATA,0,3049193
rcsBp1,0.06666666666666667,14,14,TGCAAATATTGTCAGGTGCA,0,3060954
rcsBp1,0.06666666666666667,14,14,TGATTAATCGCTGAGAAATG,0,3032208
rcsBp1,0.06666666666666667,14,14,TCTTTATGTCAGTTCTCATA,0,3051641
rcsBp1,0.06666666666666667,14,14,TCGTTCCGAACACTGCCCAT,0,3037006
rcsBp1,0.06666666666666667,14,14,TCGGATATGAAGGAGGGGCC,0,3042030
rcsBp1,0.06666666666666667,14,14,TCCGGTCCAGTCAGGTTGCT,0,3064911
rcsBp1,0.06666666666666667,14,14,TCACGATCGTCTTACACACC,0,3043920
rcsBp1,0.06666666666666667,14,14,TATGGCTTGTGAATGTTTTG,0,3044950
rcsBp1,0.06666666666666667,14,14,TATCGTGCCATATCGCTAAT,0,3024852
rcsBp1,0.06666666666666667,14,14,TAGCGACGGTCCCTTCAATG,0,3053094
rcsBp1,0.06666666666666667,14,14,TAGAAGCCCGAAAGTCGAGT,0,3023288
rcsBp1,0.06666666666666667,14,14,TAGAACAGCTTGTAGCTCGT,0,3071854
rcsBp1,0.06666666666666667,14,14,TACTCCCGAACTTGTAGAAT,0,3036599
rcsBp1,0.06666666666666667,14,14,TACGCAATTAGTATGATAGG,0,3028457
rcsBp1,0.06666666666666667,14,14,TACCGGTGGATTACGAGTTC,0,3049140
rcsBp1,0.06666666666666667,14,14,TACATGATCTATAAATCACT,0,3056036
rcsBp1,0.06666666666666667,14,14,TAAGCCCAGCATGTTACAGG,0,3053410
rcsBp1,0.06666666666666667,14,14,TAAGCATAGGTGAGGACGTT,0,3044953
rcsBp1,0.06666666666666667,14,14,TAAGCAACATACTAAGGGGA,0,3023334
rcsBp1,0.06666666666666667,14,14,TAACACCAGTCAACGAGAGA,0,3067976
rcsBp1,0.06666666666666667,14,14,GTTTCCACCAGTCGCGCCCA,0,3068041
rcsBp1,0.06666666666666667,14,14,GTTTATCTTGCCAAGTCACA,0,3036006
rcsBp1,0.06666666666666667,14,14,GTTTAACAGCGCTAGACAAT,0,3040291
rcsBp1,0.06666666666666667,14,14,GTGTGCCCGGGGGAGGGCTT,0,3056028
rcsBp1,0.06666666666666667,14,14,GTGGCCACCTGCCAACCAGG,0,3024528
rcsBp1,0.06666666666666667,14,14,GTCTGGGGGCTGCCCCGACC,0,3034064
rcsBp1,0.06666666666666667,14,14,GTATGGAAGATCGAGTGAGT,0,3027116
rcsBp1,0.06666666666666667,14,14,GTATAAGACCGTCGTTCTAT,0,3053709
rcsBp1,0.06666666666666667,14,14,GTAGAAGATTTCTGATTTAC,0,3055751
rcsBp1,0.06666666666666667,14,14,GTAATTGCAAACCCGCGTGG,0,3042748
rcsBp1,0.06666666666666667,14,14,GGTATGGAGGTAGAGTATCA,0,3023602
rcsBp1,0.06666666666666667,14,14,GGGTGGTGACGCCCTGCAGT,0,3039517
rcsBp1,0.06666666666666667,14,14,GGGGATTTACTCGGTTCCGA,0,3058280
rcsBp1,0.06666666666666667,14,14,GGGGACGAGCTTCACGCTTA,0,3034044
rcsBp1,0.06666666666666667,14,14,GGGCGCACGCATCAGTGGAT,0,3067219
rcsBp1,0.06666666666666667,14,14,GGGAGAAAAGTTCCCCTTTT,0,3055515
rcsBp1,0.06666666666666667,14,14,GGCTGAGGTACTTCGCTACT,0,3024391
rcsBp1,0.06666666666666667,14,14,GGCTGAAGCCCAGAATGAGA,0,3054678
rcsBp1,0.06666666666666667,14,14,GGCGGGTGTCATATAACCGA,0,3060025
rcsBp1,0.06666666666666667,14,14,GGCCGGCATTCGGAGTCTCC,0,3024081
rcsBp1,0.06666666666666667,14,14,GGATCGAGGTTTGGGATCTC,0,3044354
rcsBp1,0.06666666666666667,14,14,GGAGCAGAGAGTGCTTAATA,0,3061733
rcsBp1,0.06666666666666667,14,14,GGAGACTATGGTCCGGACCT,0,3022320
rcsBp1,0.06666666666666667,14,14,GGACCCGCTAGGACGTCTCG,0,3048465
rcsBp1,0.06666666666666667,14,14,GGAAGTGGTTTGCAACCCGA,0,3066903
rcsBp1,0.06666666666666667,14,14,GGAAATGTAGAAACTCGGCA,0,3045924
rcsBp1,0.06666666666666667,14,14,GCTCCCGACAGGAGCCCAAG,0,3036224
rcsBp1,0.06666666666666667,14,14,GCGACTAAACTGCGCCCAGG,0,3023780
rcsBp1,0.06666666666666667,14,14,GCCCGACGGACGGTCACGTA,0,3033453
rcsBp1,0.06666666666666667,14,14,GCAACTCCGGATTTATCTCT,0,3060100
rcsBp1,0.06666666666666667,14,14,GATTTTACAACGTGGGTTCA,0,3070607
rcsBp1,0.06666666666666667,14,14,GATCTTAAGTCTTAATTTAA,0,3032900
rcsBp1,0.06666666666666667,14,14,GATCTGAGTGATAGGCACTA,0,3053639
rcsBp1,0.06666666666666667,14,14,GATCGCTCTCGCGCACCCCA,0,3056707
rcsBp1,0.06666666666666667,14,14,GATCAGCCAGTCGTTTCTGA,0,3028586
rcsBp1,0.06666666666666667,14,14,GAGTATATAAGAACCTCGGG,0,3049006
rcsBp1,0.06666666666666667,14,14,GAGGGCCAGGCCGATCACGC,0,3072698
rcsBp1,0.06666666666666667,14,14,GAGCTAGATGATAGCACGTC,0,3054030
rcsBp1,0.06666666666666667,14,14,GAGCAGTACTGTCATACGTG,0,3045436
rcsBp1,0.06666666666666667,14,14,GACTCGGATGTCAAAACGCA,0,3066983
rcsBp1,0.06666666666666667,14,14,GACCTGAATGTTGTCATGTT,0,3037425
rcsBp1,0.06666666666666667,14,14,GACCGGGCTTATTGCCCGAT,0,3065961
rcsBp1,0.06666666666666667,14,14,GACACTCGGATTGATCTCGT,0,3035364
rcsBp1,0.06666666666666667,14,14,GAACGATGTCTCCTCTAGGT,0,3055260
rcsBp1,0.06666666666666667,14,14,CTTATGTCGATGGCCTATTC,0,3044126
rcsBp1,0.06666666666666667,14,14,CTTAGGGCACGAGTGATTGG,0,3032808
rcsBp1,0.06666666666666667,14,14,CTGTTGGGGCCGTCCTAAAA,0,3049834
rcsBp1,0.06666666666666667,14,14,CTGTCGCTCCGGGTCGGAAC,0,3024988
rcsBp1,0.06666666666666667,14,14,CTGCCAAGACTTGCTGCAGG,0,3024744
rcsBp1,0.06666666666666667,14,14,CTCTCGTCTTGACACAGCTT,0,3044472
rcsBp1,0.06666666666666667,14,14,CTCGTCCGGGAAGCGGTTAG,0,3045194
rcsBp1,0.06666666666666667,14,14,CTAGTGTAAGCCAAGATGTT,0,3059397
rcsBp1,0.06666666666666667,14,14,CTACTAAGGGATGGCCTTAA,0,3055375
rcsBp1,0.06666666666666667,14,14,CGTCCTAACGTTACACACCA,0,3057035
rcsBp1,0.06666666666666667,14,14,CGTAAAGGCACGATCATAAA,0,3054727
rcsBp1,0.06666666666666667,14,14,CGGTTTACCTCGACAGCGTG,0,3046837
rcsBp1,0.06666666666666667,14,14,CGGATTACCGAACGTTCCAG,0,3055079
rcsBp1,0.06666666666666667,14,14,CGCTGCTACTGCTGAAGTTC,0,3028956
rcsBp1,0.06666666666666667,14,14,CGCCGCCCCGGCATGGTGTT,0,3030373
rcsBp1,0.06666666666666667,14,14,CGCAGCGTCCATGATTTTTT,0,3068617
rcsBp1,0.06666666666666667,14,14,CGCAAGACCCGGGACCCCAC,0,3048881
rcsBp1,0.06666666666666667,14,14,CGATTAGGTTCAACGTCATA,0,3045890
rcsBp1,0.06666666666666667,14,14,CGACCTGCAATACGGAAGCT,0,3070777
rcsBp1,0.06666666666666667,14,14,CCTTGACGGCGGTCAGTTGG,0,3071140
rcsBp1,0.06666666666666667,14,14,CCTTAGAATACTTCCGAGAT,0,3029752
rcsBp1,0.06666666666666667,14,14,CCTGGAATAATGGAGGCTTC,0,3023174
rcsBp1,0.06666666666666667,14,14,CCGGGATATGTCAGCGGTGT,0,3069888
rcsBp1,0.06666666666666667,14,14,CCGGAAGTAGTATCAGCATT,0,3044073
rcsBp1,0.06666666666666667,14,14,CCCTGTACCGGTATTTCTGT,0,3055708
rcsBp1,0.06666666666666667,14,14,CCCATAAGTATGTCATACGT,0,3048636
rcsBp1,0.06666666666666667,14,14,CCATACTTTAAGCTGGCACG,0,3068172
rcsBp1,0.06666666666666667,14,14,CCATACTCGGCGAACTCGTT,0,3025176
rcsBp1,0.06666666666666667,14,14,CCATACGTTCTTATTGCTCG,0,3053973
rcsBp1,0.06666666666666667,14,14,CCAGTAGCCGAAGTAACAAC,0,3055263
rcsBp1,0.06666666666666667,14,14,CCAGCCGCTAATAAATTACG,0,3060392
rcsBp1,0.06666666666666667,14,14,CCACAGCGTCTAGGCGAATA,0,3055084
rcsBp1,0.06666666666666667,14,14,CATCATGCTGGCTAACGTCT,0,3067358
rcsBp1,0.06666666666666667,14,14,CACGTTCCGTGGGCAGAGTC,0,3066672
rcsBp1,0.06666666666666667,14,14,CACACAGGGTTGTCTGCTCG,0,3070857
rcsBp1,0.06666666666666667,14,14,CAATCTCGGCCGCATGAGGC,0,3029530
rcsBp1,0.06666666666666667,14,14,CAAATCTATGTACGTATGAG,0,3031317
rcsBp1,0.06666666666666667,14,14,CAAATCCAAGATTGAAGAGT,0,3045232
rcsBp1,0.06666666666666667,14,14,ATTATTGTCTTGGAGCGCCG,0,3042466
rcsBp1,0.06666666666666667,14,14,ATGGTGCTGAACTGGGGCTA,0,3048112
rcsBp1,0.06666666666666667,14,14,ATCTGGTGAATCTCGTGGTG,0,3038044
rcsBp1,0.06666666666666667,14,14,ATCTGGCCGAATGGAAATAA,0,3055415
rcsBp1,0.06666666666666667,14,14,ATCCAGCTATCACGTGCTGG,0,3069229
rcsBp1,0.06666666666666667,14,14,ATATAGCCGCCGTATGCCCA,0,3059316
rcsBp1,0.06666666666666667,14,14,AGTTGGTAGTGTGTCTGCGC,0,3053009
rcsBp1,0.06666666666666667,14,14,AGTGGAACCACGGGAAGCGG,0,3055301
rcsBp1,0.06666666666666667,14,14,AGCCATCCTCGGTTTTCGGT,0,3070571
rcsBp1,0.06666666666666667,14,14,ACTGCCGGCTCCTGCCTGAA,0,3059927
rcsBp1,0.06666666666666667,14,14,ACTACCATTCACATTATTTT,0,3028164
rcsBp1,0.06666666666666667,14,14,ACTAAGGGTACTCCATCGAC,0,3065014
rcsBp1,0.06666666666666667,14,14,ACGGCTACGCCGTTACACTC,0,3042304
rcsBp1,0.06666666666666667,14,14,ACGCGGTTGTTGATGGTCGT,0,3059592
rcsBp1,0.06666666666666667,14,14,ACCACTCGAAAGGTTCTCCA,0,3060092
rcsBp1,0.06666666666666667,14,14,ACCACCGTGTTGCTCTACGA,0,3044465
rcsBp1,0.06666666666666667,14,14,ACAATCTATTCCTATAGGCA,0,3035273
rcsBp1,0.06666666666666667,14,14,AATTATGTCCGACACCTAGT,0,3043490
rcsBp1,0.06666666666666667,14,14,AATGCCAAGTCGGGTTGAGA,0,3043571
rcsBp1,0.06666666666666667,14,14,AATGAAGTGCCTTAAGGGGG,0,3040141
rcsBp1,0.06666666666666667,14,14,AATCAAGAATTTCCCTTAGT,0,3035171
rcsBp1,0.06666666666666667,14,14,AAGGCGAGACTTAAGACGCA,0,3069789
rcsBp1,0.06666666666666667,14,14,AACACTGAAGGTAGCCGCCA,0,3065398
rcsBp1,0.06666666666666667,14,14,AAAGGTGCAATAAGAGGGGT,0,3069271
rcsBp1,0.06666666666666667,14,14,AAAATGAAGCCATATTCCAA,0,3049920
rcsBp1,0.06666666666666667,14,14,AAAACGTTCCGAGTAGCAAG,0,3057176
rcsBp1,0.07142857142857142,13,13,TTTTTCTTTGTAAGTTAGAC,0,3064927
rcsBp1,0.07142857142857142,13,13,TTTTGGATCGACCTGTTGAC,0,3042666
rcsBp1,0.07142857142857142,13,13,TTTTGCGGCGAGGATACAAG,0,3042819
rcsBp1,0.07142857142857142,13,13,TTTTACTTAGTCTCCGTTAA,0,3064848
rcsBp1,0.07142857142857142,13,13,TTTTAAACACAACCAGAGCT,0,3072090
rcsBp1,0.07142857142857142,13,13,TTTAGCCTACTGCAAGTGCA,0,3057798
rcsBp1,0.07142857142857142,13,13,TTTACCAGTACATTTACATT,0,3073563
rcsBp1,0.07142857142857142,13,13,TTTAATGGGCGTGGGCAGAT,0,3071532
rcsBp1,0.07142857142857142,13,13,TTGTCATTAATGTCAGTGCA,0,3039607
rcsBp1,0.07142857142857142,13,13,TTGGCTCTACTATCACTTCA,0,3050604
rcsBp1,0.07142857142857142,13,13,TTGCAGAAGGGGACAATCGT,0,3028713
rcsBp1,0.07142857142857142,13,13,TTCTCAACTCGGGGGACCGA,0,3024219
rcsBp1,0.07142857142857142,13,13,TTCTATACACGGAGGTGAAG,0,3047952
rcsBp1,0.07142857142857142,13,13,TTCCGGTACCGCAGGTGGTG,0,3038798
rcsBp1,0.07142857142857142,13,13,TTATGTGCGACTCAAGCAAT,0,3026640
rcsBp1,0.07142857142857142,13,13,TTATACTTGTGTTGAGCCGC,0,3069671
rcsBp1,0.07142857142857142,13,13,TTATACGGGGGGAACAACCG,0,3047794
rcsBp1,0.07142857142857142,13,13,TTACTAAATTTCGATTAGAT,0,3036425
rcsBp1,0.07142857142857142,13,13,TTAATCGAGACAGAGCTTGC,0,3067541
rcsBp1,0.07142857142857142,13,13,TGTTCGGGGCTACGAGATTG,0,3049697
rcsBp1,0.07142857142857142,13,13,TGTGTACCTCTACAGTATTA,0,3068566
rcsBp1,0.07142857142857142,13,13,TGTGGATTATAGGCAATAGC,0,3043632
rcsBp1,0.07142857142857142,13,13,TGTACAGCAATTATGCAGAG,0,3038806
rcsBp1,0.07142857142857142,13,13,TGGTTTTTTGTCTTACCTAC,0,3064881
rcsBp1,0.07142857142857142,13,13,TGGTCTATAACACGATCTTA,0,3024354
rcsBp1,0.07142857142857142,13,13,TGGGTTTCCGGGTGCCATTT,0,3022441
rcsBp1,0.07142857142857142,13,13,TGGAGGCGTAAAAACAGTTG,0,3072358
rcsBp1,0.07142857142857142,13,13,TGGAATCGACCAAGAAGTCT,0,3064031
rcsBp1,0.07142857142857142,13,13,TGGAACTTAAATCGTGCGAA,0,3054419
rcsBp1,0.07142857142857142,13,13,TGCCGGAAGGCGGGAGCAGT,0,3040882
rcsBp1,0.07142857142857142,13,13,TGCATCATTCAGAAGTCCGC,0,3070032
rcsBp1,0.07142857142857142,13,13,TGACTCAGGATGCGATACGA,0,3069758
rcsBp1,0.07142857142857142,13,13,TGAAGTGCCAATACGATACA,0,3047490
rcsBp1,0.07142857142857142,13,13,TGAACGTCCCGAAGAGCTGT,0,3038411
rcsBp1,0.07142857142857142,13,13,TGAACGATCATGAGAGATCG,0,3022598
rcsBp1,0.07142857142857142,13,13,TCTCGGATATTAGACGGTCT,0,3064176
rcsBp1,0.07142857142857142,13,13,TCTACTCCTGATCTCATAAT,0,3047551
rcsBp1,0.07142857142857142,13,13,TCTACATCACCGCTGTGCGC,0,3033885
rcsBp1,0.07142857142857142,13,13,TCGAAGGCCAAACCACGAGT,0,3027889
rcsBp1,0.07142857142857142,13,13,TCCAGAATTTAAGTTGAGTC,0,3045273
rcsBp1,0.07142857142857142,13,13,TCACGCCTCGGTCGGGATCA,0,3043627
rcsBp1,0.07142857142857142,13,13,TCAACCAATTGTTCGAACGA,0,3069022
rcsBp1,0.07142857142857142,13,13,TATGAGGCTGATTGGTTAGG,0,3045187
rcsBp1,0.07142857142857142,13,13,TATACAAGGTCCATGCTCTC,0,3039120
rcsBp1,0.07142857142857142,13,13,TAGATTGCGCGCTGCTCTAT,0,3056411
rcsBp1,0.07142857142857142,13,13,TAGATGTGTGGCTGCATGAA,0,3046888
rcsBp1,0.07142857142857142,13,13,TACTTAATGAGCCACCCATA,0,3024527
rcsBp1,0.07142857142857142,13,13,TACGGATGCCAGGCCAGGAA,0,3052428
rcsBp1,0.07142857142857142,13,13,TACATCGGGATGCACAGGTT,0,3065325
rcsBp1,0.07142857142857142,13,13,TACAGAAGATTTAAGTGCGA,0,3035898
rcsBp1,0.07142857142857142,13,13,TAATGAGTAACTGAGAAGGT,0,3070746
rcsBp1,0.07142857142857142,13,13,TAACGCTTTCCTGAGGCGAA,0,3045653
rcsBp1,0.07142857142857142,13,13,TAACCAAATCGTCTAGGAAT,0,3041390
rcsBp1,0.07142857142857142,13,13,GTGCACCACCTATGCGAAAA,0,3048732
rcsBp1,0.07142857142857142,13,13,GTGCACAACAAAACGGTTAT,0,3041105
rcsBp1,0.07142857142857142,13,13,GTGATTCCTGGGTTGTACTA,0,3037408
rcsBp1,0.07142857142857142,13,13,GTGACTAGCTCTGGATAGCT,0,3040218
rcsBp1,0.07142857142857142,13,13,GTCGGAATAGGGAGGCGCTT,0,3043686
rcsBp1,0.07142857142857142,13,13,GTCCTTGGCGTCTGTGACCG,0,3040945
rcsBp1,0.07142857142857142,13,13,GTCATGTCCATTCTACTCTC,0,3032660
rcsBp1,0.07142857142857142,13,13,GTCACATGGAGTTTCATGGT,0,3039407
rcsBp1,0.07142857142857142,13,13,GTCAATCGTGTCGTGGGCCA,0,3041214
rcsBp1,0.07142857142857142,13,13,GTATTTATCTCCTTGGAACC,0,3073057
rcsBp1,0.07142857142857142,13,13,GTACATCAGGGCGCCTCTTT,0,3038008
rcsBp1,0.07142857142857142,13,13,GTAATGGATGACGCCCTGGA,0,3069578
rcsBp1,0.07142857142857142,13,13,GTAATCGTCTGGGTCCTGGT,0,3050874
rcsBp1,0.07142857142857142,13,13,GGTTGCGCACCGTCCCAGCC,0,3040621
rcsBp1,0.07142857142857142,13,13,GGTCGAGTGGGTATTAAATG,0,3049960
rcsBp1,0.07142857142857142,13,13,GGTATATACTGCATAACCTA,0,3031827
rcsBp1,0.07142857142857142,13,13,GGTACTGCTGCCAATTGGCA,0,3067379
rcsBp1,0.07142857142857142,13,13,GGGGTATGAGAGCAGCACGA,0,3070228
rcsBp1,0.07142857142857142,13,13,GGGGAGTTAACGTTCAGGCT,0,3032669
rcsBp1,0.07142857142857142,13,13,GGGGACAGTAAGCGGGCTGA,0,3041047
rcsBp1,0.07142857142857142,13,13,GGGATACCAGAACTTCGGAT,0,3047628
rcsBp1,0.07142857142857142,13,13,GGCGGCCCCTCCGAGAGGGT,0,3025895
rcsBp1,0.07142857142857142,13,13,GGCGCTGCGTTTACTCGCTA,0,3072339
rcsBp1,0.07142857142857142,13,13,GGCCCATAGATGGTTATTAC,0,3047788
rcsBp1,0.07142857142857142,13,13,GGAAGAAAGGTGGAATTCAG,0,3037072
rcsBp1,0.07142857142857142,13,13,GCTTACGGGCCTATGTGCGG,0,3042921
rcsBp1,0.07142857142857142,13,13,GCTGGTTAAGCGTCAAATCA,0,3031955
rcsBp1,0.07142857142857142,13,13,GCTGAGATATGAATGATACC,0,3052459
rcsBp1,0.07142857142857142,13,13,GCTAATTGCCTGGGCCCTCA,0,3046025
rcsBp1,0.07142857142857142,13,13,GCGCATATTACCGATGCGGC,0,3055055
rcsBp1,0.07142857142857142,13,13,GCGCAGGATGCATTTACTGC,0,3045019
rcsBp1,0.07142857142857142,13,13,GCGAAGCCTATGCTAGTCTA,0,3071913
rcsBp1,0.07142857142857142,13,13,GCGAAAACCGGGGTGAGCGA,0,3039099
rcsBp1,0.07142857142857142,13,13,GCCACTACGATGTCCTCGCG,0,3054426
rcsBp1,0.07142857142857142,13,13,GCATATGAGCTCTAAAGTTT,0,3040161
rcsBp1,0.07142857142857142,13,13,GCACAAGTAACTAGGGCAAA,0,3040582
rcsBp1,0.07142857142857142,13,13,GCAAGCGGCTTAATCGTCAT,0,3058364
rcsBp1,0.07142857142857142,13,13,GATTTATCACGAGCGAGGGG,0,3066962
rcsBp1,0.07142857142857142,13,13,GATTGTAAAGATATATGCCG,0,3050810
rcsBp1,0.07142857142857142,13,13,GATCTGCGTATATCTCTCCA,0,3024475
rcsBp1,0.07142857142857142,13,13,GATAATCGCGCCCTACCCAA,0,3038803
rcsBp1,0.07142857142857142,13,13,GAGTCAGAAAAGAGTCCTTT,0,3025896
rcsBp1,0.07142857142857142,13,13,GAGTATCTGAAACCCTATTT,0,3040382
rcsBp1,0.07142857142857142,13,13,GAGGTGATGCTGAGGTATGG,0,3038174
rcsBp1,0.07142857142857142,13,13,GAGCCTGTCTGTGACTTGCA,0,3043194
rcsBp1,0.07142857142857142,13,13,GACTCTCTAACTTTTGTTGT,0,3034714
rcsBp1,0.07142857142857142,13,13,GACTATAGCTGACCTATTGT,0,3069332
rcsBp1,0.07142857142857142,13,13,GACTAGAGCCCAGGACTACA,0,3057280
rcsBp1,0.07142857142857142,13,13,GACGGGAGTCATTATCGGGA,0,3027887
rcsBp1,0.07142857142857142,13,13,GACAGAAAGATAGCATGGCG,0,3024695
rcsBp1,0.07142857142857142,13,13,GAAAGTGGCAACTTACGGAT,0,3041386
rcsBp1,0.07142857142857142,13,13,GAAAATTATGCAACGCAAGT,0,3036527
rcsBp1,0.07142857142857142,13,13,GAAAAACCGTCAACCCTATA,0,3024482
rcsBp1,0.07142857142857142,13,13,CTTGGAGTGCCTTTATACAC,0,3030602
rcsBp1,0.07142857142857142,13,13,CTTGAGGTAAGGCTCAGCAT,0,3058058
rcsBp1,0.07142857142857142,13,13,CTTGACACAGCGCCTTCAAC,0,3056060
rcsBp1,0.07142857142857142,13,13,CTTCTGCGTTAATCACATCT,0,3021810
rcsBp1,0.07142857142857142,13,13,CTTCAAATCTTGGCCGGTCC,0,3040814
rcsBp1,0.07142857142857142,13,13,CTGGCGCTCCGGGCCTCACA,0,3027443
rcsBp1,0.07142857142857142,13,13,CTGGCACTTCTATTTTAGTC,0,3067751
rcsBp1,0.07142857142857142,13,13,CTCGGCCGGCCTAACGTGCT,0,3035940
rcsBp1,0.07142857142857142,13,13,CTCCGCGGCCAAAGACCGTC,0,3047035
rcsBp1,0.07142857142857142,13,13,CTCCAGACCTCTCGGCAAGC,0,3024464
rcsBp1,0.07142857142857142,13,13,CTATATGCGATAGCGGTAAC,0,3022979
rcsBp1,0.07142857142857142,13,13,CTATAACTTGCATGTTAGCA,0,3033697
rcsBp1,0.07142857142857142,13,13,CTAAACCTCCTAAGTTGAGG,0,3061886
rcsBp1,0.07142857142857142,13,13,CTAAAAGCATAACGTCGGAT,0,3049374
rcsBp1,0.07142857142857142,13,13,CGTGACAGATACCTAGTGAT,0,3030276
rcsBp1,0.07142857142857142,13,13,CGTATGCGAGGTGATGACTG,0,3058323
rcsBp1,0.07142857142857142,13,13,CGGTCTGGTGTAGCTCTTGG,0,3044366
rcsBp1,0.07142857142857142,13,13,CGGTATCGCGGCGTCAAAAC,0,3071089
rcsBp1,0.07142857142857142,13,13,CGGGACTAGCAATAACAGGG,0,3032323
rcsBp1,0.07142857142857142,13,13,CGCTTCACACCGGGAGCGGG,0,3034178
rcsBp1,0.07142857142857142,13,13,CGCTACCATAATCCCTGGTC,0,3069357
rcsBp1,0.07142857142857142,13,13,CGCCGTGTTTTGGCTAGTAC,0,3030297
rcsBp1,0.07142857142857142,13,13,CGCCCCATATGCACGGTGAG,0,3042370
rcsBp1,0.07142857142857142,13,13,CGCAGAAAACCGCTAAGTTG,0,3066322
rcsBp1,0.07142857142857142,13,13,CGCAAGAGCATTCTAAGGAC,0,3055139
rcsBp1,0.07142857142857142,13,13,CGATTTATTTTCAAACTACC,0,3053499
rcsBp1,0.07142857142857142,13,13,CGATCGTCTCAGGGACAACA,0,3032020
rcsBp1,0.07142857142857142,13,13,CGACTGCAGAATGGTATGAT,0,3052010
rcsBp1,0.07142857142857142,13,13,CGAAGGAGACCTGTCTAGAG,0,3021853
rcsBp1,0.07142857142857142,13,13,CCTTTCAATCAACGGGTTAG,0,3045435
rcsBp1,0.07142857142857142,13,13,CCTTAAAAAGGCAGGAAAAA,0,3058234
rcsBp1,0.07142857142857142,13,13,CCTGGGGCCTGCGCTATCGT,0,3069503
rcsBp1,0.07142857142857142,13,13,CCTGGAGCGAGGGATAGTAT,0,3028487
rcsBp1,0.07142857142857142,13,13,CCTGCAACCGAACCGGGCAA,0,3042457
rcsBp1,0.07142857142857142,13,13,CCTAAGCGCATCCGCTTCAT,0,3048856
rcsBp1,0.07142857142857142,13,13,CCGTCTATCTGGTGTCAAGT,0,3035856
rcsBp1,0.07142857142857142,13,13,CCCTCGAGTAATTATGTGAA,0,3048065
rcsBp1,0.07142857142857142,13,13,CCCAGTTTAGGAGTGCCGAT,0,3030495
rcsBp1,0.07142857142857142,13,13,CCAGCGAGCCGTGCCCTTGC,0,3055730
rcsBp1,0.07142857142857142,13,13,CCAGCAGCATTTTAAAGCCA,0,3031991
rcsBp1,0.07142857142857142,13,13,CATTGTTGGACAAGAATTGG,0,3050839
rcsBp1,0.07142857142857142,13,13,CATTGGTAAGACGAACGAAG,0,3026018
rcsBp1,0.07142857142857142,13,13,CATGGAACAGATTCAGATAC,0,3049744
rcsBp1,0.07142857142857142,13,13,CATCATATAAAGCTACGCTG,0,3036526
rcsBp1,0.07142857142857142,13,13,CATCATAAGCTCGAACCGTA,0,3045090
rcsBp1,0.07142857142857142,13,13,CACTGGTATGGTTTTGCGCC,0,3067596
rcsBp1,0.07142857142857142,13,13,CACCTCTAATCGATAGTTAC,0,3032068
rcsBp1,0.07142857142857142,13,13,CAAGAGACTTAGTGGTATGT,0,3025828
rcsBp1,0.07142857142857142,13,13,CAAATTCAAGGGGATCTCCT,0,3024394
rcsBp1,0.07142857142857142,13,13,CAAACGAAGTTCTGTTCGCC,0,3073000
rcsBp1,0.07142857142857142,13,13,ATTTGATCCCGTCCAGGGGA,0,3052616
rcsBp1,0.07142857142857142,13,13,ATTTGAATCTATGCGCCTGG,0,3035440
rcsBp1,0.07142857142857142,13,13,ATTGTCAAGAGAAATTGGAA,0,3046761
rcsBp1,0.07142857142857142,13,13,ATTCCTTCTGTATCGTTGAA,0,3030086
rcsBp1,0.07142857142857142,13,13,ATTACGCCGAGGTGGCACGA,0,3062154
rcsBp1,0.07142857142857142,13,13,ATGTCCTAGCGGGCACTAAC,0,3040913
rcsBp1,0.07142857142857142,13,13,ATGAGCCATGCTGCAGGCGC,0,3033468
rcsBp1,0.07142857142857142,13,13,ATCAAAAGTAGCGAGTGTGA,0,3069968
rcsBp1,0.07142857142857142,13,13,ATATCAGTGCGGTTACATGT,0,3029799
rcsBp1,0.07142857142857142,13,13,ATACCCCTTCCGTCGTCAAC,0,3023149
rcsBp1,0.07142857142857142,13,13,AGTTCCCGTAGGTATCGAAC,0,3048258
rcsBp1,0.07142857142857142,13,13,AGTATCCACGAGAACTCCAT,0,3065380
rcsBp1,0.07142857142857142,13,13,AGGTGCGGTCTAGTGGGAGG,0,3063288
rcsBp1,0.07142857142857142,13,13,AGGTGCAAGCGCCATGATCA,0,3059635
rcsBp1,0.07142857142857142,13,13,AGGTCCAAACCTGACGAAAG,0,3040284
rcsBp1,0.07142857142857142,13,13,AGGCTGCATACGGTAAAGTC,0,3064690
rcsBp1,0.07142857142857142,13,13,AGCGGCTCAAAATTAGTCTG,0,3022868
rcsBp1,0.07142857142857142,13,13,AGACCGGCGTCTGGCCGTTT,0,3030738
rcsBp1,0.07142857142857142,13,13,ACTCTGCACGCATGAGCAGT,0,3071546
rcsBp1,0.07142857142857142,13,13,ACTCGCTGTTTATTAGGAGG,0,3071612
rcsBp1,0.07142857142857142,13,13,ACGTCGTTTGCGATTTTAAT,0,3048070
rcsBp1,0.07142857142857142,13,13,ACGTAGACTCGAGGGACAGA,0,3066382
rcsBp1,0.07142857142857142,13,13,ACGGTCGTCTAAGATGGGCT,0,3051796
rcsBp1,0.07142857142857142,13,13,ACGGACCCTGAGATGATGGC,0,3063649
rcsBp1,0.07142857142857142,13,13,ACCTGGTGCATCATGCGTAA,0,3035498
rcsBp1,0.07142857142857142,13,13,ACCAGTGACGTCCCCTTGAT,0,3045195
rcsBp1,0.07142857142857142,13,13,ACCAAATCGGCTTCACCTGT,0,3035679
rcsBp1,0.07142857142857142,13,13,ACATACTGAAGACATGCAAC,0,3062732
rcsBp1,0.07142857142857142,13,13,ACACACCCGGCAGATGGTTT,0,3048453
rcsBp1,0.07142857142857142,13,13,AATCCGCCCGGAATGATGTT,0,3040547
rcsBp1,0.07142857142857142,13,13,AAGTCGGTTCCTCCGTTAAT,0,3036502
rcsBp1,0.07142857142857142,13,13,AACGGAACGGATAATATCGA,0,3053649
rcsBp1,0.07142857142857142,13,13,AACCAACATCCTACGGGAGA,0,3033918
rcsBp1,0.07142857142857142,13,13,AAATCATACTCAGAAGGTTA,0,3034108
rcsBp1,0.07142857142857142,13,13,AAAGTTGATGCCAACTCAAA,0,3035371
rcsBp1,0.07692307692307693,12,12,TTTGTTCGCGTGCGGAAGCT,0,3048950
rcsBp1,0.07692307692307693,12,12,TTTGTAATTAAAAATCGCTT,0,3072091
rcsBp1,0.07692307692307693,12,12,TTTGGTTGGGACTGTGGAGT,0,3047884
rcsBp1,0.07692307692307693,12,12,TTTCTTTACCTTTAATGCAT,0,3039241
rcsBp1,0.07692307692307693,12,12,TTTCGAACAGGTCAATCTCA,0,3048547
rcsBp1,0.07692307692307693,12,12,TTGTACGGGGCGCACACAGT,0,3065145
rcsBp1,0.07692307692307693,12,12,TTGGGATATAGCTAAGTCGC,0,3052996
rcsBp1,0.07692307692307693,12,12,TTACAAGGTATTCTATAAGG,0,3066253
rcsBp1,0.07692307692307693,12,12,TGTCCACTCTCACTGTTCCC,0,3065812
rcsBp1,0.07692307692307693,12,12,TGTAGATGAGGCATATAGTT,0,3053068
rcsBp1,0.07692307692307693,12,12,TGGCGTGGGGGAATATTTCA,0,3072537
rcsBp1,0.07692307692307693,12,12,TGGACATCTTGTGCTACCAT,0,3065049
rcsBp1,0.07692307692307693,12,12,TGACGAGGTTCACAACTATT,0,3043883
rcsBp1,0.07692307692307693,12,12,TCTTGCGAGGGGTTACGTGT,0,3053978
rcsBp1,0.07692307692307693,12,12,TCTGGTCCATTTTACACTTG,0,3065018
rcsBp1,0.07692307692307693,12,12,TCTCCTTCACACCAGAGAAG,0,3051856
rcsBp1,0.07692307692307693,12,12,TCTACAGCTTCAAGCCCTCC,0,3023303
rcsBp1,0.07692307692307693,12,12,TCGTTTTGCCTCGACCGGCC,0,3038812
rcsBp1,0.07692307692307693,12,12,TCGTCTCTCGTGCTGAAGAT,0,3057043
rcsBp1,0.07692307692307693,12,12,TCGGCCGTGTGCTCGAGATT,0,3040088
rcsBp1,0.07692307692307693,12,12,TCGCTATGGCGTCAACCCTA,0,3048362
rcsBp1,0.07692307692307693,12,12,TCGAACCGTCAACCCTCGTC,0,3054532
rcsBp1,0.07692307692307693,12,12,TCCTTATGCGCCCACGTACC,0,3048632
rcsBp1,0.07692307692307693,12,12,TCCGTCTCTCACTTAAAGAA,0,3025687
rcsBp1,0.07692307692307693,12,12,TCCCTCGCCAGGGCGTAATA,0,3028484
rcsBp1,0.07692307692307693,12,12,TCATGAAGAGGCTCGGACGT,0,3073213
rcsBp1,0.07692307692307693,12,12,TATTAAGTTGGTGTCCTATA,0,3040306
rcsBp1,0.07692307692307693,12,12,TATGGTCAATTTGGGTTATC,0,3054501
rcsBp1,0.07692307692307693,12,12,TATAGTCGTGTTGATGCAAA,0,3027608
rcsBp1,0.07692307692307693,12,12,TATACGATTAGACCCCTGCT,0,3072648
rcsBp1,0.07692307692307693,12,12,TAGCCAGTGTCTAAGATCAC,0,3058388
rcsBp1,0.07692307692307693,12,12,TAGATGACTGGTAGATGGCT,0,3052785
rcsBp1,0.07692307692307693,12,12,TACCTCGTTGGGTCCAAAGC,0,3051086
rcsBp1,0.07692307692307693,12,12,TACCAGCATGAAAACGTCTC,0,3057845
rcsBp1,0.07692307692307693,12,12,TACAGGCCTGAATCACTATG,0,3054929
rcsBp1,0.07692307692307693,12,12,TAAGCTTAGTCCGGACTCTA,0,3053240
rcsBp1,0.07692307692307693,12,12,TAACGGACAGCTGTCATTCC,0,3022885
rcsBp1,0.07692307692307693,12,12,GTTTTTCTGATTTTATGATC,0,3066614
rcsBp1,0.07692307692307693,12,12,GTTGGGCGCCTTCATCGAAT,0,3034758
rcsBp1,0.07692307692307693,12,12,GTTATACCGCTTACACGTAA,0,3044997
rcsBp1,0.07692307692307693,12,12,GTGGTGTCGTACGACATTCA,0,3065774
rcsBp1,0.07692307692307693,12,12,GTGGGTACGCTAACGGCCAT,0,3072744
rcsBp1,0.07692307692307693,12,12,GTGGGAGATGAGGTACAAGA,0,3029508
rcsBp1,0.07692307692307693,12,12,GTGGGACAGAGTGTACGGCC,0,3064616
rcsBp1,0.07692307692307693,12,12,GTCTTTATACGGGGTTAGGT,0,3033227
rcsBp1,0.07692307692307693,12,12,GTCTCGGTTAACTACGAGAA,0,3022653
rcsBp1,0.07692307692307693,12,12,GTCCTTGAAGCAGCGTGGGA,0,3053699
rcsBp1,0.07692307692307693,12,12,GTCCCAACGTTGAGGACGTA,0,3050706
rcsBp1,0.07692307692307693,12,12,GTCACAGTTCACAATTACTC,0,3048946
rcsBp1,0.07692307692307693,12,12,GTAGTATTCCTACACGACAT,0,3025931
rcsBp1,0.07692307692307693,12,12,GTAGCCGTCATGGTCACACA,0,3049037
rcsBp1,0.07692307692307693,12,12,GTACCTCATGCGTCGGATTA,0,3022688
rcsBp1,0.07692307692307693,12,12,GTACCGGAGGACTGGACGAC,0,3035357
rcsBp1,0.07692307692307693,12,12,GGTTGCGCACATTCACAATT,0,3054764
rcsBp1,0.07692307692307693,12,12,GGTGGGACTACCGTATTGTA,0,3047502
rcsBp1,0.07692307692307693,12,12,GGTCTATAACGTCGAGGTTT,0,3053534
rcsBp1,0.07692307692307693,12,12,GGTCAGCCAAAGCTTGCATG,0,3042434
rcsBp1,0.07692307692307693,12,12,GGGTTTGCCTTGTCTCTAAG,0,3052096
rcsBp1,0.07692307692307693,12,12,GGGTAAGATGGAGCAGATTT,0,3026101
rcsBp1,0.07692307692307693,12,12,GGGAGCTTCAACTACCATGC,0,3066331
rcsBp1,0.07692307692307693,12,12,GGCGTAGGGTACATCACTAA,0,3025004
rcsBp1,0.07692307692307693,12,12,GGCACTTATTAAAGGTGAAT,0,3037027
rcsBp1,0.07692307692307693,12,12,GGCACCCACGGATGGTCACT,0,3060058
rcsBp1,0.07692307692307693,12,12,GCTGTGCAGTGCCACCGTGA,0,3043580
rcsBp1,0.07692307692307693,12,12,GCTAAATAAATCCGAAGAAG,0,3024626
rcsBp1,0.07692307692307693,12,12,GCGTCAGGAGCAAGTTTCGG,0,3057808
rcsBp1,0.07692307692307693,12,12,GCGGCCTTTTCCGCATGCTG,0,3049079
rcsBp1,0.07692307692307693,12,12,GCGCGCGCATACGTCATCTA,0,3071018
rcsBp1,0.07692307692307693,12,12,GCGCGACGGGAGAGTGCCCT,0,3039205
rcsBp1,0.07692307692307693,12,12,GCCTCCGGACATCGCCGCGT,0,3034757
rcsBp1,0.07692307692307693,12,12,GCCACAAGCTAGTCCTCACA,0,3054949
rcsBp1,0.07692307692307693,12,12,GCAGACCGCTGATCCGAGTG,0,3028982
rcsBp1,0.07692307692307693,12,12,GCACGGCCAAGGAGTCATTC,0,3028058
rcsBp1,0.07692307692307693,12,12,GCAATAGCCGGGACTACGGT,0,3072733
rcsBp1,0.07692307692307693,12,12,GATTCAAAGGTGTTGTATGG,0,3028143
rcsBp1,0.07692307692307693,12,12,GATTAAGCAAATATGGGTTA,0,3066882
rcsBp1,0.07692307692307693,12,12,GATGGAAGGGGCTTAGGGAA,0,3054209
rcsBp1,0.07692307692307693,12,12,GATCTCGCGCTATTTTATCT,0,3054903
rcsBp1,0.07692307692307693,12,12,GAGTTCAGCGGTGATTTCAT,0,3045730
rcsBp1,0.07692307692307693,12,12,GAGTATACGGAGACTCTGTC,0,3035086
rcsBp1,0.07692307692307693,12,12,GAGTACTATAGTGGCGCATA,0,3056651
rcsBp1,0.07692307692307693,12,12,GAGGAAATGATTTCACAGCG,0,3026015
rcsBp1,0.07692307692307693,12,12,GACTCCTGACGAAAGACGGT,0,3040754
rcsBp1,0.07692307692307693,12,12,GACCCTCGTGGTAGAGACCA,0,3049737
rcsBp1,0.07692307692307693,12,12,CTTACGGTTGAGGGTGTCTC,0,3035815
rcsBp1,0.07692307692307693,12,12,CTGCTATGCAGTTAATGGGA,0,3030763
rcsBp1,0.07692307692307693,12,12,CTGAACTGGGAATCGGTTCT,0,3052783
rcsBp1,0.07692307692307693,12,12,CTCAAAGCAAAATGCCGCGC,0,3041469
rcsBp1,0.07692307692307693,12,12,CTATTGACCGGATCGTTACC,0,3067347
rcsBp1,0.07692307692307693,12,12,CGTGGCAGTATAGTCAGCTA,0,3056342
rcsBp1,0.07692307692307693,12,12,CGTGCTTTACTACGAGGAGA,0,3059589
rcsBp1,0.07692307692307693,12,12,CGTCTAGTAGTGATCTGTCA,0,3059218
rcsBp1,0.07692307692307693,12,12,CGTCGTAGAGGCGGCCGAAA,0,3064146
rcsBp1,0.07692307692307693,12,12,CGTAGAAAACACGCTGTCCA,0,3042615
rcsBp1,0.07692307692307693,12,12,CGGTGTCCCAGGTAGGTGCT,0,3045978
rcsBp1,0.07692307692307693,12,12,CGGTATAGAGGAGACCATGT,0,3028265
rcsBp1,0.07692307692307693,12,12,CGGGTGGAGGCCGGAAATTA,0,3068445
rcsBp1,0.07692307692307693,12,12,CGGCTCATCTTCGTATGATA,0,3040523
rcsBp1,0.07692307692307693,12,12,CGCTTGTCGGCGGACCGAAT,0,3042845
rcsBp1,0.07692307692307693,12,12,CGCTAACCGGGTCTGTGTGA,0,3036916
rcsBp1,0.07692307692307693,12,12,CGCGGACTTGCATATTGTAA,0,3054636
rcsBp1,0.07692307692307693,12,12,CGCCGGGCATTTGGAGTGAT,0,3055888
rcsBp1,0.07692307692307693,12,12,CGCACCGTCGCTCTAGTCCA,0,3024342
rcsBp1,0.07692307692307693,12,12,CGAGAACCTGGTTGTAAGCG,0,3059740
rcsBp1,0.07692307692307693,12,12,CCTTGAAGGCAAAGGGTTTT,0,3056212
rcsBp1,0.07692307692307693,12,12,CCTTCCTAGTGACGTTTGCA,0,3055651
rcsBp1,0.07692307692307693,12,12,CCTGGGGCGCTCTGGTAAGT,0,3056322
rcsBp1,0.07692307692307693,12,12,CCTCGTTTGCAATACGGGTG,0,3046242
rcsBp1,0.07692307692307693,12,12,CCTACGACGCCATGGTCAAC,0,3026242
rcsBp1,0.07692307692307693,12,12,CCGGCAAGCCCCTGTAGCCA,0,3047315
rcsBp1,0.07692307692307693,12,12,CCGCAAATTACCATTAATCA,0,3042477
rcsBp1,0.07692307692307693,12,12,CCCTAATACACCTAAGGCTC,0,3053946
rcsBp1,0.07692307692307693,12,12,CCCGTCCCGTGCGCATGGGT,0,3042463
rcsBp1,0.07692307692307693,12,12,CCCCCCCCAAATGCCGTTAA,0,3055089
rcsBp1,0.07692307692307693,12,12,CCCATCCGAGTGTGCCAATC,0,3047783
rcsBp1,0.07692307692307693,12,12,CCCAGGGATGTCCTGATTGT,0,3027891
rcsBp1,0.07692307692307693,12,12,CCCACGCGTGCCCATACTAA,0,3053636
rcsBp1,0.07692307692307693,12,12,CCATAATCTGATCAGGTGAG,0,3062845
rcsBp1,0.07692307692307693,12,12,CCAACTACCTTCTGTGTGAA,0,3069284
rcsBp1,0.07692307692307693,12,12,CATTTTTGTGTGTTCTGCGT,0,3054943
rcsBp1,0.07692307692307693,12,12,CATGTCACTGGATGCTCTGT,0,3031055
rcsBp1,0.07692307692307693,12,12,CATGGCGTGGGACTGTACTA,0,3034988
rcsBp1,0.07692307692307693,12,12,CATGCAAAGTAGCATAGGGT,0,3037962
rcsBp1,0.07692307692307693,12,12,CATATTGATCCACCCGGCAT,0,3046095
rcsBp1,0.07692307692307693,12,12,CAGGCCTGCGGTAGTTCAAA,0,3032612
rcsBp1,0.07692307692307693,12,12,CAGCGGCAGGCCTTGTCCTA,0,3066395
rcsBp1,0.07692307692307693,12,12,CAGAGCCTGCTCACTTTCTA,0,3042577
rcsBp1,0.07692307692307693,12,12,CAATCGACCTTGGTCACTTA,0,3050822
rcsBp1,0.07692307692307693,12,12,CAACGTGGGACCCGGAGCTA,0,3073649
rcsBp1,0.07692307692307693,12,12,CAACGACAATTGGCGACACG,0,3066705
rcsBp1,0.07692307692307693,12,12,ATTTGTTAAGGGGCTCAGGA,0,3031556
rcsBp1,0.07692307692307693,12,12,ATTTAACTACCACCTAAGCA,0,3053314
rcsBp1,0.07692307692307693,12,12,ATTATCTAGGTGGCGAGCGG,0,3024095
rcsBp1,0.07692307692307693,12,12,ATGGGAGTTAGACGGTTTTG,0,3046602
rcsBp1,0.07692307692307693,12,12,ATGCTTAACGTGGAATGTCC,0,3038227
rcsBp1,0.07692307692307693,12,12,ATCCTGCGCGTGGTTTCTAT,0,3051346
rcsBp1,0.07692307692307693,12,12,ATCCAATGACGCGCCAAGCG,0,3058153
rcsBp1,0.07692307692307693,12,12,ATCATTCAAGTAACGGGACC,0,3066380
rcsBp1,0.07692307692307693,12,12,ATAATAATATAGATGAGCTT,0,3032515
rcsBp1,0.07692307692307693,12,12,AGTTTTAAAGACCCTACGAG,0,3029684
rcsBp1,0.07692307692307693,12,12,AGTGTCGTAATCCACCGTAG,0,3040044
rcsBp1,0.07692307692307693,12,12,AGTAGGTACCCTCAGCAGGT,0,3044665
rcsBp1,0.07692307692307693,12,12,AGGTGAGTAGCGCAATCGGT,0,3071732
rcsBp1,0.07692307692307693,12,12,AGGGAAGGAAGGTTGTGTCT,0,3068396
rcsBp1,0.07692307692307693,12,12,AGGCGTTCATTCTCGCAGTA,0,3040184
rcsBp1,0.07692307692307693,12,12,AGGCATATCCTTGTATTGCA,0,3054601
rcsBp1,0.07692307692307693,12,12,AGGCAGTCAGGAATCTCGGA,0,3027524
rcsBp1,0.07692307692307693,12,12,AGGACGCCTAACCCTGTCTA,0,3045222
rcsBp1,0.07692307692307693,12,12,AGGAATGCACCGCTAGGTGG,0,3061537
rcsBp1,0.07692307692307693,12,12,AGGAAGCAAAATTTAGTGTG,0,3040611
rcsBp1,0.07692307692307693,12,12,AGCCTGGGATAGACCCGAGT,0,3039142
rcsBp1,0.07692307692307693,12,12,AGCCAGGGCAGTAGAGCAAA,0,3067135
rcsBp1,0.07692307692307693,12,12,AGCATATCTTCTAGTCGCCA,0,3043049
rcsBp1,0.07692307692307693,12,12,AGCAGGCGCCCAAACACTAA,0,3062432
rcsBp1,0.07692307692307693,12,12,AGCACCCCAGCCAGTGTGAT,0,3026571
rcsBp1,0.07692307692307693,12,12,AGATACCGAGAATTATTAAA,0,3034926
rcsBp1,0.07692307692307693,12,12,AGAGCCGCACGTTTGATCCA,0,3066708
rcsBp1,0.07692307692307693,12,12,AGAATTGGCTCTAGCAGTAC,0,3035097
rcsBp1,0.07692307692307693,12,12,AGAAATCTTCGCCGGCCACC,0,3047607
rcsBp1,0.07692307692307693,12,12,ACTGTTTTGACATCGGTTGG,0,3070376
rcsBp1,0.07692307692307693,12,12,ACTCTGCGTTTTCAGGCCGT,0,3066435
rcsBp1,0.07692307692307693,12,12,ACTCGACCTTAGCAAACACT,0,3054819
rcsBp1,0.07692307692307693,12,12,ACTCACTACTATCTGGTAAA,0,3029811
rcsBp1,0.07692307692307693,12,12,ACGTTAGTAAGCTTATGGTT,0,3059248
rcsBp1,0.07692307692307693,12,12,ACGGTGTAGGAGAAATGAAA,0,3069469
rcsBp1,0.07692307692307693,12,12,ACGGCGGTCCTCGGAACAAC,0,3053220
rcsBp1,0.07692307692307693,12,12,ACGATCACACGCTTTATCAG,0,3036763
rcsBp1,0.07692307692307693,12,12,ACGAGGGTAACAGATCCCTT,0,3059553
rcsBp1,0.07692307692307693,12,12,ACGAGCTGCTCGACCGAAAC,0,3038847
rcsBp1,0.07692307692307693,12,12,ACGAAATGTACAGTGGCACA,0,3059067
rcsBp1,0.07692307692307693,12,12,ACCGGTCTCCAAGCGAGTAT,0,3044296
rcsBp1,0.07692307692307693,12,12,ACCGACAACCTACTACATGA,0,3055568
rcsBp1,0.07692307692307693,12,12,ACAGGAACCCTCTAGACTTT,0,3061639
rcsBp1,0.07692307692307693,12,12,ACAACTTCGATGAAGCCTGT,0,3025542
rcsBp1,0.07692307692307693,12,12,AATTCCATAATTGATCAACG,0,3029912
rcsBp1,0.07692307692307693,12,12,AATCGAATGGGACTTCACAA,0,3056576
rcsBp1,0.07692307692307693,12,12,AATCCAGAGGCCAACCTTTG,0,3056252
rcsBp1,0.07692307692307693,12,12,AAGTGAGAAAGCCACCGCTA,0,3070980
rcsBp1,0.07692307692307693,12,12,AAGGGGGGTTATATCTGGGT,0,3025546
rcsBp1,0.07692307692307693,12,12,AAGCTATTATCCAGCCGTGT,0,3070807
rcsBp1,0.07692307692307693,12,12,AACTTTAACCCCAGCGGCAA,0,3057046
rcsBp1,0.07692307692307693,12,12,AACTAACATCTAATGATGTA,0,3022445
rcsBp1,0.07692307692307693,12,12,AACGCGGAAGACCTCCGCCG,0,3026635
rcsBp1,0.07692307692307693,12,12,AACGAAACTCATAGACTTAA,0,3050868
rcsBp1,0.07692307692307693,12,12,AACCCAGGATATATGGGGGT,0,3067522
rcsBp1,0.07692307692307693,12,12,AAATTACGTCAATACGGCGT,0,3062285
rcsBp1,0.07692307692307693,12,12,AAAGCTGGCCTACCTGTGCA,0,3054908
rcsBp1,0.07692307692307693,12,12,AAAGCCGATCAATTTCCATG,0,3068720
rcsBp1,0.07692307692307693,12,12,AAACTCGTTATAGCGGTATC,0,3024537
rcsBp1,0.07692307692307693,12,12,AAACCTAATACGGTAGAGAC,0,3039238
rcsBp1,0.07692307692307693,12,12,AAAAGTGTACTCGCTAGTAC,0,3043489
rcsBp1,0.07692307692307693,12,12,AAAACTACGTGGTGTAGCTA,0,3036510
rcsBp1,0.08333333333333333,11,11,TTTTGAAACACTGGATGCAG,0,3058689
rcsBp1,0.08333333333333333,11,11,TTTTCCAGTTAAAATTCGGC,0,3066093
rcsBp1,0.08333333333333333,11,11,TTTTAATTCATTCGACACGA,0,3063174
rcsBp1,0.08333333333333333,11,11,TTGGAAGCGGTGTCTGATAA,0,3022297
rcsBp1,0.08333333333333333,11,11,TTGCATTTTATGCTTCAATC,0,3054247
rcsBp1,0.08333333333333333,11,11,TTCTCGGCACCGGTCTCCCC,0,3036500
rcsBp1,0.08333333333333333,11,11,TTAGTCGCTTAGCAATCTGT,0,3058719
rcsBp1,0.08333333333333333,11,11,TTACATCGGTTCACGGGAAG,0,3065073
rcsBp1,0.08333333333333333,11,11,TTACATCAGCGCACACATCA,0,3025252
rcsBp1,0.08333333333333333,11,11,TTAAGTTACGAAAGACTGTT,0,3063662
rcsBp1,0.08333333333333333,11,11,TGGGCGGCAGGCAAAGCCGA,0,3037779
rcsBp1,0.08333333333333333,11,11,TGGCTCGAACATGGTATAGG,0,3052323
rcsBp1,0.08333333333333333,11,11,TGGATGCTGGGTTATGCCGA,0,3033604
rcsBp1,0.08333333333333333,11,11,TGGAACCGGCTGTGCAAAGA,0,3023023
rcsBp1,0.08333333333333333,11,11,TGCGGTCACCTTTGTTTCAT,0,3040819
rcsBp1,0.08333333333333333,11,11,TGCATGTTCGAGCCAACTTC,0,3058522
rcsBp1,0.08333333333333333,11,11,TGACCGAGTGTCTACGCAGC,0,3043078
rcsBp1,0.08333333333333333,11,11,TGAAAAGGTTCCCTTCAGTT,0,3052426
rcsBp1,0.08333333333333333,11,11,TCTTACGAATCTGGGCCAGC,0,3041664
rcsBp1,0.08333333333333333,11,11,TCTGAGTATGTAAACGTAAT,0,3052683
rcsBp1,0.08333333333333333,11,11,TCTCCAGCTAGCGTTCCTCG,0,3027372
rcsBp1,0.08333333333333333,11,11,TCTACGAACCATCATACATG,0,3048956
rcsBp1,0.08333333333333333,11,11,TCGTTAATTACGACGAGGTC,0,3026146
rcsBp1,0.08333333333333333,11,11,TCGTGTTCCAAACGTTGGCG,0,3053960
rcsBp1,0.08333333333333333,11,11,TCGGGAGTATGGGCCTTATA,0,3045854
rcsBp1,0.08333333333333333,11,11,TCGGCTCGTTCGTGTTGTTA,0,3037595
rcsBp1,0.08333333333333333,11,11,TCGGCGGCCGTGTAAGGTTA,0,3069565
rcsBp1,0.08333333333333333,11,11,TCGGCCTACCAGAATCGCTT,0,3027343
rcsBp1,0.08333333333333333,11,11,TCGCAACGAGGGGGGTCAGA,0,3031220
rcsBp1,0.08333333333333333,11,11,TCGAAATCGGAGTAGAAGAA,0,3064411
rcsBp1,0.08333333333333333,11,11,TCCTATGGCAATTGGGACGT,0,3034076
rcsBp1,0.08333333333333333,11,11,TCCGAGGGCGCCCGGCTTGT,0,3034764
rcsBp1,0.08333333333333333,11,11,TCCAAGGTTTTATGTCTAAA,0,3057486
rcsBp1,0.08333333333333333,11,11,TCAGTATGATTTGAAGGATA,0,3072691
rcsBp1,0.08333333333333333,11,11,TCAGGTTTATCTATTGGGCA,0,3052432
rcsBp1,0.08333333333333333,11,11,TCAAGGTTAGTTAGGACGAC,0,3039495
rcsBp1,0.08333333333333333,11,11,TATTGCCACTAGAAGCTGGA,0,3061319
rcsBp1,0.08333333333333333,11,11,TAGGCCATAAGCTACGAACG,0,3049032
rcsBp1,0.08333333333333333,11,11,TACGTGGGGTCTGTTCTCGG,0,3056992
rcsBp1,0.08333333333333333,11,11,TACGCACGCGTGCCCTAGAC,0,3022385
rcsBp1,0.08333333333333333,11,11,TACCGACTAATGTATATTAG,0,3035105
rcsBp1,0.08333333333333333,11,11,TAATTACCAACGGGAATGGC,0,3060733
rcsBp1,0.08333333333333333,11,11,TAACCAGCTGGGTGCATCGG,0,3065620
rcsBp1,0.08333333333333333,11,11,GTTTAAGACTGATGGGCAAG,0,3053634
rcsBp1,0.08333333333333333,11,11,GTTGGTCGTAGTCAGCATAG,0,3032888
rcsBp1,0.08333333333333333,11,11,GTTCTACCTCAGAGGCCGCA,0,3064161
rcsBp1,0.08333333333333333,11,11,GTTAAAAGTGGTTCTTTCAT,0,3036553
rcsBp1,0.08333333333333333,11,11,GTGTTTTGCCGTAGCCGACC,0,3052731
rcsBp1,0.08333333333333333,11,11,GTGTGTGGTTAAATCTCTTC,0,3038978
rcsBp1,0.08333333333333333,11,11,GTGGTGGACGCGGTCCAAAG,0,3051638
rcsBp1,0.08333333333333333,11,11,GTGGGTCGTGCGCATGATTG,0,3022818
rcsBp1,0.08333333333333333,11,11,GTGGCATGTTGGACTGTCGT,0,3063306
rcsBp1,0.08333333333333333,11,11,GTGCCTGGCGCTCACGTCAA,0,3054858
rcsBp1,0.08333333333333333,11,11,GTGCACGTAGCCGAACATGA,0,3025310
rcsBp1,0.08333333333333333,11,11,GTGATGAACGTATGCCTCGG,0,3058180
rcsBp1,0.08333333333333333,11,11,GTCTTGGAGTCAGTGACGTG,0,3040698
rcsBp1,0.08333333333333333,11,11,GTCGAGACCAGGGACTATGA,0,3058803
rcsBp1,0.08333333333333333,11,11,GTCATGCTTCTTTTTGCCCG,0,3072003
rcsBp1,0.08333333333333333,11,11,GTATAAATACGATTCCGAAA,0,3045219
rcsBp1,0.08333333333333333,11,11,GTAGCCGATACTTGTAAACG,0,3024661
rcsBp1,0.08333333333333333,11,11,GTACAGTTGAGGCAGTGGCC,0,3061591
rcsBp1,0.08333333333333333,11,11,GTAAGCCATTCAGGGCCTGT,0,3071169
rcsBp1,0.08333333333333333,11,11,GGTTTATAAGAGTAGCATAA,0,3030813
rcsBp1,0.08333333333333333,11,11,GGTGTTTACTATTCGACATA,0,3056531
rcsBp1,0.08333333333333333,11,11,GGTCGGTTGCACCCACATGC,0,3057214
rcsBp1,0.08333333333333333,11,11,GGTCAGGGCACCATTGCTCA,0,3071170
rcsBp1,0.08333333333333333,11,11,GGTATTATTAGACAGTCGCA,0,3032920
rcsBp1,0.08333333333333333,11,11,GGGTTTCTCCAGCTGGAGAC,0,3023115
rcsBp1,0.08333333333333333,11,11,GGGTCACATATGCTATGCCT,0,3050579
rcsBp1,0.08333333333333333,11,11,GGCTTTCTCGTGGCTTTGTT,0,3022933
rcsBp1,0.08333333333333333,11,11,GGCGCCCAGGGATAGCATTA,0,3034678
rcsBp1,0.08333333333333333,11,11,GGCGATTAATATCCCCCCCA,0,3031524
rcsBp1,0.08333333333333333,11,11,GGATTACGTATGCCAGGGGT,0,3067380
rcsBp1,0.08333333333333333,11,11,GGAAGGGACCGAAAGGTTCC,0,3035170
rcsBp1,0.08333333333333333,11,11,GGAAAGATTATTACTCCACT,0,3024195
rcsBp1,0.08333333333333333,11,11,GCTTTGGAAGCCGTCTAATA,0,3037382
rcsBp1,0.08333333333333333,11,11,GCTCTCCGACGCTGTCCCGA,0,3071508
rcsBp1,0.08333333333333333,11,11,GCGTCGAAGACACTAGCTTG,0,3040378
rcsBp1,0.08333333333333333,11,11,GCGTATAACAATGTGACAAA,0,3045400
rcsBp1,0.08333333333333333,11,11,GCGGACCTGGGAGCAAGTGT,0,3054945
rcsBp1,0.08333333333333333,11,11,GCCTTCCTGCCTTGTTGCAA,0,3062011
rcsBp1,0.08333333333333333,11,11,GCCTGGGCTAAAACTGAATT,0,3054671
rcsBp1,0.08333333333333333,11,11,GCCTCACCGGAATGTTGAAA,0,3056245
rcsBp1,0.08333333333333333,11,11,GCCGACCTCACGGTTCGACG,0,3037473
rcsBp1,0.08333333333333333,11,11,GCCCCGACCCCTGAGAAAAT,0,3047804
rcsBp1,0.08333333333333333,11,11,GCCACCATAGGTCTTCATGC,0,3056527
rcsBp1,0.08333333333333333,11,11,GCCAAACCGCACCAACCATA,0,3072060
rcsBp1,0.08333333333333333,11,11,GCATTCAGGCTCTGCTGCCT,0,3064696
rcsBp1,0.08333333333333333,11,11,GCAGGGTCTGTGTTCTCGTA,0,3065406
rcsBp1,0.08333333333333333,11,11,GCAGCGCTTTGACGTTAGTT,0,3032137
rcsBp1,0.08333333333333333,11,11,GCACTGGTCTCAATAAGCCA,0,3056647
rcsBp1,0.08333333333333333,11,11,GCACGTCCTATGTGTTTGAT,0,3060759
rcsBp1,0.08333333333333333,11,11,GCACCGAGCAATGTTTGCTA,0,3055381
rcsBp1,0.08333333333333333,11,11,GATGTGGACCCTAGTGGCGT,0,3060208
rcsBp1,0.08333333333333333,11,11,GATACGACCCGGTAACCTTA,0,3068769
rcsBp1,0.08333333333333333,11,11,GAGCCGAAAAATCTGTGCGC,0,3035365
rcsBp1,0.08333333333333333,11,11,GAGCAACTAGCATCTATTGT,0,3035783
rcsBp1,0.08333333333333333,11,11,GAGAGATCTACCGAATAAGG,0,3069944
rcsBp1,0.08333333333333333,11,11,GAGAAATGCGGCCAAGAAAG,0,3050464
rcsBp1,0.08333333333333333,11,11,GACTGTTTGATCTTATTAAT,0,3047855
rcsBp1,0.08333333333333333,11,11,GACTCTTGAGACACGGGTAT,0,3056388
rcsBp1,0.08333333333333333,11,11,GACCCAGAGGTAAGTTGTTT,0,3059759
rcsBp1,0.08333333333333333,11,11,GACCAGCTCTAGACCAGGAA,0,3039695
rcsBp1,0.08333333333333333,11,11,GAATAAACAGTCGTATCAGT,0,3053863
rcsBp1,0.08333333333333333,11,11,GAACAGGAACTATCGCATTA,0,3024396
rcsBp1,0.08333333333333333,11,11,GAAAACTGAGGATTCAAAAC,0,3066514
rcsBp1,0.08333333333333333,11,11,CTTGTATCCTAACTTTGGCC,0,3059416
rcsBp1,0.08333333333333333,11,11,CTTAATGCTAGATGCGGCCT,0,3056375
rcsBp1,0.08333333333333333,11,11,CTTAACTGTCACTTCGGCTG,0,3039545
rcsBp1,0.08333333333333333,11,11,CTGTTCCTGACGCTAGCCTG,0,3061834
rcsBp1,0.08333333333333333,11,11,CTGTCACCACCGTGAAAATA,0,3031779
rcsBp1,0.08333333333333333,11,11,CTGCTTCCCGACTCGACGGA,0,3064650
rcsBp1,0.08333333333333333,11,11,CTGCGTTTTTCGCTGCAGGC,0,3059063
rcsBp1,0.08333333333333333,11,11,CTGCGGCGGTTGACTTCCCA,0,3030003
rcsBp1,0.08333333333333333,11,11,CTGATCCACAAATAGAAGGA,0,3049004
rcsBp1,0.08333333333333333,11,11,CTGATCACCCCGGGTCAATA,0,3038973
rcsBp1,0.08333333333333333,11,11,CTCGGAGGTATGCATTCGGT,0,3054648
rcsBp1,0.08333333333333333,11,11,CTCGCCCGAGCCGGCTCGAC,0,3061185
rcsBp1,0.08333333333333333,11,11,CTATCGGTCAGAAGACGCGG,0,3054502
rcsBp1,0.08333333333333333,11,11,CTAGTTCTACGAATCCGACA,0,3032436
rcsBp1,0.08333333333333333,11,11,CTAGGTAGTGGGAACCTCCA,0,3036305
rcsBp1,0.08333333333333333,11,11,CGTTTTGCCTATATCGTGGA,0,3061477
rcsBp1,0.08333333333333333,11,11,CGTTGTAATCGTTGGTACAG,0,3051875
rcsBp1,0.08333333333333333,11,11,CGTGTCCCGCACTACGCGAA,0,3054401
rcsBp1,0.08333333333333333,11,11,CGTGTAATCCTTGCGTTACG,0,3045359
rcsBp1,0.08333333333333333,11,11,CGTCTTAAGGGGTGTTGTCC,0,3041491
rcsBp1,0.08333333333333333,11,11,CGTCAGTACGTTATCTATTT,0,3036756
rcsBp1,0.08333333333333333,11,11,CGTAGAACTCACAGAACTAA,0,3043504
rcsBp1,0.08333333333333333,11,11,CGGTTTAGCTTCGCGACGCA,0,3045905
rcsBp1,0.08333333333333333,11,11,CGGTGTACTGAGTTTTTATT,0,3038455
rcsBp1,0.08333333333333333,11,11,CGGTCGAAACAACTGCTCAA,0,3034602
rcsBp1,0.08333333333333333,11,11,CGGAATGCTCACAAGCGTAT,0,3028716
rcsBp1,0.08333333333333333,11,11,CGCTTACGCCACGGTATTCC,0,3029885
rcsBp1,0.08333333333333333,11,11,CGCTATTAGAACTCAGACAC,0,3062388
rcsBp1,0.08333333333333333,11,11,CGCGCACGTCCTAAGTCACT,0,3047525
rcsBp1,0.08333333333333333,11,11,CGCAGGGTAGCACATGTGAG,0,3025409
rcsBp1,0.08333333333333333,11,11,CGAACGTTAAATATCGATTA,0,3045765
rcsBp1,0.08333333333333333,11,11,CGAAAACGGAGTGTCGATGA,0,3058989
rcsBp1,0.08333333333333333,11,11,CCGTTGGCATGGCGGCTCCC,0,3027811
rcsBp1,0.08333333333333333,11,11,CCGTTAACAAAGATACTGAC,0,3042367
rcsBp1,0.08333333333333333,11,11,CCGCGCTGGAATAAAACGCA,0,3055058
rcsBp1,0.08333333333333333,11,11,CCGCATTGTTAGGAGTGAAA,0,3043918
rcsBp1,0.08333333333333333,11,11,CCGAAATGGGAAGCGCTAGT,0,3049621
rcsBp1,0.08333333333333333,11,11,CCCTTCGTAGTGTGTGGTTA,0,3056126
rcsBp1,0.08333333333333333,11,11,CCCGCGGATGCCCATCCCAG,0,3068853
rcsBp1,0.08333333333333333,11,11,CCCCGTATTCGCAGAGCGAA,0,3059396
rcsBp1,0.08333333333333333,11,11,CCATGTTATCGGACATACCA,0,3030530
rcsBp1,0.08333333333333333,11,11,CCACTGCGAAGCGATTTCTA,0,3061736
rcsBp1,0.08333333333333333,11,11,CCACGGTAGGCCGGATAACT,0,3063680
rcsBp1,0.08333333333333333,11,11,CCACATGTGGAGACGGTCTC,0,3036928
rcsBp1,0.08333333333333333,11,11,CATTGACGGAGATCCAGGGT,0,3064494
rcsBp1,0.08333333333333333,11,11,CATTAGGGCTCATAATCGAA,0,3035494
rcsBp1,0.08333333333333333,11,11,CATGTCCTTCTTGCTTAAGC,0,3056488
rcsBp1,0.08333333333333333,11,11,CAGTCCTCTGGTATTTCTGC,0,3066505
rcsBp1,0.08333333333333333,11,11,CAGTAAGCACTTGGAGATAT,0,3042241
rcsBp1,0.08333333333333333,11,11,CAGGATCCGAGTAGTTCAAT,0,3035020
rcsBp1,0.08333333333333333,11,11,CAGGAATTCCAGTCTACAAA,0,3042400
rcsBp1,0.08333333333333333,11,11,CAGATGAGGGGACGCTAGTT,0,3022212
rcsBp1,0.08333333333333333,11,11,CAGATCTGACTGTTCTGTGT,0,3049020
rcsBp1,0.08333333333333333,11,11,CACCTTTGGTCTAACTGAGA,0,3031308
rcsBp1,0.08333333333333333,11,11,CACCCCTAGTTTTGACTCAT,0,3050727
rcsBp1,0.08333333333333333,11,11,CACCAACTGCTGCCCCACGA,0,3029079
rcsBp1,0.08333333333333333,11,11,CACAGCGCTCGCCAACACGC,0,3043466
rcsBp1,0.08333333333333333,11,11,CAACTATTGTACAAATATAT,0,3071779
rcsBp1,0.08333333333333333,11,11,CAAATGAAAGAAATCAGCCG,0,3032838
rcsBp1,0.08333333333333333,11,11,CAAATAGTTGATGCTCATAT,0,3066354
rcsBp1,0.08333333333333333,11,11,ATTTAATAAAAAGGCTGAGC,0,3066950
rcsBp1,0.08333333333333333,11,11,ATTGCTACGGATCAAAGTCA,0,3046129
rcsBp1,0.08333333333333333,11,11,ATTGCCCTCCGGTAATCGTG,0,3034986
rcsBp1,0.08333333333333333,11,11,ATTGACTTTGTAATTACCCG,0,3041595
rcsBp1,0.08333333333333333,11,11,ATTCGTAGGATCGTCCATGG,0,3023721
rcsBp1,0.08333333333333333,11,11,ATTCGGAGAACGACTCGCGG,0,3064651
rcsBp1,0.08333333333333333,11,11,ATTCGCCCGTGTTAGATAGG,0,3061859
rcsBp1,0.08333333333333333,11,11,ATTATGTATCGTGTTGTCGG,0,3059855
rcsBp1,0.08333333333333333,11,11,ATTAATGACTGCTGCCGGTA,0,3049345
rcsBp1,0.08333333333333333,11,11,ATGTGAAGTATTAGGTGTCC,0,3024201
rcsBp1,0.08333333333333333,11,11,ATGGATGAGTACATTGACAC,0,3042331
rcsBp1,0.08333333333333333,11,11,ATGAATCACACTGTAAGGTA,0,3054641
rcsBp1,0.08333333333333333,11,11,ATCTAGAGGACCTTGTGGCG,0,3029329
rcsBp1,0.08333333333333333,11,11,ATCCGATATCTGAACGAGGA,0,3046313
rcsBp1,0.08333333333333333,11,11,ATCACCATTTTAGGCTTCTC,0,3044103
rcsBp1,0.08333333333333333,11,11,ATATTGTTCGGAGTCCTGAA,0,3048949
rcsBp1,0.08333333333333333,11,11,ATATCTGATAGAACTAAGAA,0,3043403
rcsBp1,0.08333333333333333,11,11,ATACATCTGAGGTAAATAAC,0,3046180
rcsBp1,0.08333333333333333,11,11,ATAACTTTGGTATCCTAGTC,0,3024746
rcsBp1,0.08333333333333333,11,11,AGTTAGGACGTCTTTCGCTC,0,3059923
rcsBp1,0.08333333333333333,11,11,AGTTACTTACCAGCTGATTG,0,3054309
rcsBp1,0.08333333333333333,11,11,AGTCCGTCGCAAACACCGAA,0,3067766
rcsBp1,0.08333333333333333,11,11,AGTCCAATATTGCTAGGGTT,0,3035059
rcsBp1,0.08333333333333333,11,11,AGTATACAATCTCGCCTCGT,0,3042935
rcsBp1,0.08333333333333333,11,11,AGGGGGTTATGGAAATGTCT,0,3052682
rcsBp1,0.08333333333333333,11,11,AGGGACTGCTCTTAGACAGA,0,3057590
rcsBp1,0.08333333333333333,11,11,AGGCGCAAATTTAAGATAAA,0,3036910
rcsBp1,0.08333333333333333,11,11,AGCGCGGGAGACAGTTATTA,0,3068434
rcsBp1,0.08333333333333333,11,11,AGCGCCTAATGGTCCTATTG,0,3022509
rcsBp1,0.08333333333333333,11,11,AGAGGTATCCGACAAAGGAT,0,3034664
rcsBp1,0.08333333333333333,11,11,AGAGACGAGTAGGGCGTCAG,0,3033271
rcsBp1,0.08333333333333333,11,11,AGAGACAATTTTGGGGTGAA,0,3059705
rcsBp1,0.08333333333333333,11,11,AGACCTGCGTAGCGAGGGCG,0,3044192
rcsBp1,0.08333333333333333,11,11,ACTACAATTGATTAAGCGCG,0,3051834
rcsBp1,0.08333333333333333,11,11,ACGTGAAAAGCGAGAGTAAC,0,3062016
rcsBp1,0.08333333333333333,11,11,ACGTCCAGCGTTTGCGTAAA,0,3054719
rcsBp1,0.08333333333333333,11,11,ACCGTTTGCACGAAGCTTTC,0,3024334
rcsBp1,0.08333333333333333,11,11,ACCGCAGGGAAGGAGGACCT,0,3045071
rcsBp1,0.08333333333333333,11,11,ACCCCAGGCGCATATTGGTC,0,3050956
rcsBp1,0.08333333333333333,11,11,ACATGGCCTCTCGATTCTGC,0,3034604
rcsBp1,0.08333333333333333,11,11,ACACAGGGGCTATGCAGCGG,0,3029296
rcsBp1,0.08333333333333333,11,11,AATGAGAGGACATCTTACAT,0,3024042
rcsBp1,0.08333333333333333,11,11,AATCCATGAAGGGGCTGGCT,0,3057585
rcsBp1,0.08333333333333333,11,11,AATCATTTATAAATCAGACA,0,3049675
rcsBp1,0.08333333333333333,11,11,AAGTCTTCTGCTTCCCCACG,0,3062395
rcsBp1,0.08333333333333333,11,11,AAGGTGAAGGTGCATCTACT,0,3045922
rcsBp1,0.08333333333333333,11,11,AAGGTACACGTCCCCTTATC,0,3024306
rcsBp1,0.08333333333333333,11,11,AAGGCTGAGCCGCCGCAAAA,0,3042122
rcsBp1,0.08333333333333333,11,11,AAGCTCCCCTGCGCGAGGAG,0,3031284
rcsBp1,0.08333333333333333,11,11,AAGCCACCCGTTTCACATTT,0,3070639
rcsBp1,0.08333333333333333,11,11,AACTAGCGCGGGGTGGGCGG,0,3062475
rcsBp1,0.08333333333333333,11,11,AAACGAACCCTAATGGCAAG,0,3030014
rcsBp1,0.09090909090909091,10,10,TTTTTGCAAACGCGCTAGAC,0,3032466
rcsBp1,0.09090909090909091,10,10,TTTTCTTTAGTTGTGATTCC,0,3072104
rcsBp1,0.09090909090909091,10,10,TTTGGGATCTGACACGTAAG,0,3070581
rcsBp1,0.09090909090909091,10,10,TTTGCGGGTCCAATGCGTAC,0,3042138
rcsBp1,0.09090909090909091,10,10,TTTCTTCAATAGACGTGTTC,0,3045020
rcsBp1,0.09090909090909091,10,10,TTTATAATATGAGCCTTGAA,0,3034107
rcsBp1,0.09090909090909091,10,10,TTGTTACAGGTCCCACGTGG,0,3048319
rcsBp1,0.09090909090909091,10,10,TTGTATTAAATATTGTAAGC,0,3026724
rcsBp1,0.09090909090909091,10,10,TTGTATGCCGGGGATCGCTC,0,3040938
rcsBp1,0.09090909090909091,10,10,TTGCGCTTTACGTCTACGAT,0,3059340
rcsBp1,0.09090909090909091,10,10,TTGCCCTTTCAATCGTAATT,0,3053903
rcsBp1,0.09090909090909091,10,10,TTGAGCAGCTGGGGACCTAA,0,3037836
rcsBp1,0.09090909090909091,10,10,TTGAAACGACACAAAGACAA,0,3072377
rcsBp1,0.09090909090909091,10,10,TTCTGAACATTTACTGTCAC,0,3032320
rcsBp1,0.09090909090909091,10,10,TTCTCATACATCCGGTCTTA,0,3066738
rcsBp1,0.09090909090909091,10,10,TTCTCATAAGTCGCGCAGAA,0,3026051
rcsBp1,0.09090909090909091,10,10,TTCTACTCGCGCACCTATTC,0,3052119
rcsBp1,0.09090909090909091,10,10,TTCATTAGCGGGGGGGTACC,0,3055417
rcsBp1,0.09090909090909091,10,10,TTCACCAATGCATCCGGTTA,0,3066429
rcsBp1,0.09090909090909091,10,10,TTATTCTAACTGACAACGCA,0,3064750
rcsBp1,0.09090909090909091,10,10,TTAGGTAGCACTGAGTGTCG,0,3031711
rcsBp1,0.09090909090909091,10,10,TTACTTGTTAGACGATAACT,0,3066385
rcsBp1,0.09090909090909091,10,10,TTAATGCGGTCACGAGGACC,0,3069212
rcsBp1,0.09090909090909091,10,10,TTAAAAAACCCCAAATTCTG,0,3044885
rcsBp1,0.09090909090909091,10,10,TGTTCTGTAATCAGGGCCTT,0,3036439
rcsBp1,0.09090909090909091,10,10,TGTTCGTGAATTCTGCAAAT,0,3047039
rcsBp1,0.09090909090909091,10,10,TGTATAATTATGGTGACCGG,0,3040821
rcsBp1,0.09090909090909091,10,10,TGTACGTCCATAGCCATTGG,0,3060654
rcsBp1,0.09090909090909091,10,10,TGGGTGCCATCCCGCGTAGT,0,3036336
rcsBp1,0.09090909090909091,10,10,TGCTGGAGTTCCATATATAG,0,3054685
rcsBp1,0.09090909090909091,10,10,TGCCAAATACGTAGAAGATC,0,3054682
rcsBp1,0.09090909090909091,10,10,TGATAATAATATTAGCAGTG,0,3059925
rcsBp1,0.09090909090909091,10,10,TCTTGTTTAAACCACCTATA,0,3039130
rcsBp1,0.09090909090909091,10,10,TCTTGGTTCAAACATGTTAG,0,3028469
rcsBp1,0.09090909090909091,10,10,TCTTGGCGAACGGCGGCGAT,0,3055366
rcsBp1,0.09090909090909091,10,10,TCTAGACGACTCGGCTACTT,0,3041862
rcsBp1,0.09090909090909091,10,10,TCTACTCAGCCGAAGCTACT,0,3052758
rcsBp1,0.09090909090909091,10,10,TCTAACCTCAGACCGGAATG,0,3060157
rcsBp1,0.09090909090909091,10,10,TCGTTGTCCTCTCGTTGGCG,0,3037385
rcsBp1,0.09090909090909091,10,10,TCGGATCCCGTGGCTTTGTA,0,3034716
rcsBp1,0.09090909090909091,10,10,TCGCCGAAAAAAGCGGTTTG,0,3041396
rcsBp1,0.09090909090909091,10,10,TCGAGGGGTACTAGGTTCTC,0,3064003
rcsBp1,0.09090909090909091,10,10,TCCTCCGCGCTCCACGCATA,0,3033353
rcsBp1,0.09090909090909091,10,10,TCCGCTCCCCCGGGCGGCTC,0,3040061
rcsBp1,0.09090909090909091,10,10,TCCCAAAATCCAGCCTGGTT,0,3027084
rcsBp1,0.09090909090909091,10,10,TCCAACTACATTTTTCTACT,0,3054928
rcsBp1,0.09090909090909091,10,10,TCAGCGACGGGCGGAATCCT,0,3068611
rcsBp1,0.09090909090909091,10,10,TCAGAGCCCACGACGTTGTC,0,3067289
rcsBp1,0.09090909090909091,10,10,TCACGAGCCCTGCAAGATCA,0,3064798
rcsBp1,0.09090909090909091,10,10,TCAATTGAGTTCGCCAAACG,0,3021977
rcsBp1,0.09090909090909091,10,10,TCAAATTTCTCTGACAGCGT,0,3042793
rcsBp1,0.09090909090909091,10,10,TATTAATCCATTTTGGTCTT,0,3054045
rcsBp1,0.09090909090909091,10,10,TATCCGGACAGCCCACAATG,0,3041574
rcsBp1,0.09090909090909091,10,10,TATACCCTAGAGCGTAGAGG,0,3030275
rcsBp1,0.09090909090909091,10,10,TAGGTCCGCACGGCCCAGCG,0,3025276
rcsBp1,0.09090909090909091,10,10,TAGGAACACTAAGAGTGAGG,0,3059724
rcsBp1,0.09090909090909091,10,10,TAGCTTACTGCACACGCAAA,0,3030129
rcsBp1,0.09090909090909091,10,10,TACGTCAGTCGAGGTGCCAG,0,3028216
rcsBp1,0.09090909090909091,10,10,TACAATGCGTGCTTCAGTAC,0,3054372
rcsBp1,0.09090909090909091,10,10,TAAGCAACGGTAACACTATG,0,3029350
rcsBp1,0.09090909090909091,10,10,TAACTCTGGAGTCCTTACGG,0,3027183
rcsBp1,0.09090909090909091,10,10,GTTTACCGCTACGAGGGAGT,0,3043860
rcsBp1,0.09090909090909091,10,10,GTTGTCCAGATGAATAATTC,0,3065573
rcsBp1,0.09090909090909091,10,10,GTTAGTCAATCCGCAATAAA,0,3073500
rcsBp1,0.09090909090909091,10,10,GTTACGGCACCCGAAGCTAG,0,3033380
rcsBp1,0.09090909090909091,10,10,GTGGTTTTGTTGGTTGTAAA,0,3032012
rcsBp1,0.09090909090909091,10,10,GTGGCATTTAAACTTTTAGT,0,3030558
rcsBp1,0.09090909090909091,10,10,GTGACTGAAAGTCAGGGCAG,0,3034849
rcsBp1,0.09090909090909091,10,10,GTCGTGTTGGTCACGAGGTC,0,3064039
rcsBp1,0.09090909090909091,10,10,GTCCGCACTCCGCATGAGCC,0,3056349
rcsBp1,0.09090909090909091,10,10,GTCATACACTAGAGCCATTC,0,3073090
rcsBp1,0.09090909090909091,10,10,GTCAACAGTAAGTTACTATC,0,3067050
rcsBp1,0.09090909090909091,10,10,GTATCAAGGTGCGGCGATAT,0,3037955
rcsBp1,0.09090909090909091,10,10,GTAGTGCCCTGGGTTAAAAA,0,3056845
rcsBp1,0.09090909090909091,10,10,GTAGGCGCCCATGCATCATA,0,3072334
rcsBp1,0.09090909090909091,10,10,GTAAACCCCCATGCTATGCA,0,3027128
rcsBp1,0.09090909090909091,10,10,GGTTGACAGGGGTTGATGCC,0,3054848
rcsBp1,0.09090909090909091,10,10,GGTGACAGTTGGTCCATTTC,0,3046716
rcsBp1,0.09090909090909091,10,10,GGTACGGAGAACTACCATTT,0,3044395
rcsBp1,0.09090909090909091,10,10,GGTAATCGGAGCCCCCCAGC,0,3036424
rcsBp1,0.09090909090909091,10,10,GGGGTATTATAAAAGGAGCG,0,3046388
rcsBp1,0.09090909090909091,10,10,GGGGGTGTGAGGCGACTCAG,0,3036236
rcsBp1,0.09090909090909091,10,10,GGGGCGACACGGCTGAACGT,0,3073111
rcsBp1,0.09090909090909091,10,10,GGGCGGAAGTCATCTGGTCT,0,3050249
rcsBp1,0.09090909090909091,10,10,GGGCACCTAGTTGTGCAACA,0,3022980
rcsBp1,0.09090909090909091,10,10,GGGATATAAGGATTATGCGT,0,3061376
rcsBp1,0.09090909090909091,10,10,GGCTGGAAAGACGTACCTAG,0,3066998
rcsBp1,0.09090909090909091,10,10,GGCTGCCACGAGCTTACCGT,0,3041220
rcsBp1,0.09090909090909091,10,10,GGCGCTACGAGTACGCCTAA,0,3026179
rcsBp1,0.09090909090909091,10,10,GGCGAATACTTACGACCCGG,0,3026303
rcsBp1,0.09090909090909091,10,10,GGAGCGTTAGTAGGCATGCA,0,3062050
rcsBp1,0.09090909090909091,10,10,GGACGCACGCCAAGCACATT,0,3042210
rcsBp1,0.09090909090909091,10,10,GGACGAACTGGGCGCGCCCC,0,3061761
rcsBp1,0.09090909090909091,10,10,GCTTTCAGACGGACGCTCAC,0,3025500
rcsBp1,0.09090909090909091,10,10,GCTTCACGTAGCGCTGGCTT,0,3034853
rcsBp1,0.09090909090909091,10,10,GCGTTCGCGAAGATTAACGA,0,3038871
rcsBp1,0.09090909090909091,10,10,GCGTCGGATGCCTGAGGTAC,0,3040156
rcsBp1,0.09090909090909091,10,10,GCGCCACAGCTCGCTGAACT,0,3058661
rcsBp1,0.09090909090909091,10,10,GCCTACCGTCGGAGGAAGAC,0,3052782
rcsBp1,0.09090909090909091,10,10,GCCCGTGCACGTAGTGGCCG,0,3073145
rcsBp1,0.09090909090909091,10,10,GCCAAACCCCTACAGTGGGG,0,3059116
rcsBp1,0.09090909090909091,10,10,GCAGTGCAAAGTGGGCCTTT,0,3024403
rcsBp1,0.09090909090909091,10,10,GCAGCCGCGTCGGAGACCGT,0,3073004
rcsBp1,0.09090909090909091,10,10,GCACTGAATTCCACAAGGCG,0,3036136
rcsBp1,0.09090909090909091,10,10,GCACGCGTTAAGCTAAAGAT,0,3066508
rcsBp1,0.09090909090909091,10,10,GCACCATACTATCGTCCGTT,0,3062904
rcsBp1,0.09090909090909091,10,10,GCAACCCCGACATATATTTT,0,3066057
rcsBp1,0.09090909090909091,10,10,GATGTTGGCCAACAAGTTAC,0,3051757
rcsBp1,0.09090909090909091,10,10,GATCTCAAACGTGTCATGGA,0,3057333
rcsBp1,0.09090909090909091,10,10,GATCGTCGTCGTCAAAGTTT,0,3048706
rcsBp1,0.09090909090909091,10,10,GATCCCTATGTCAAGGGTTG,0,3032869
rcsBp1,0.09090909090909091,10,10,GAGGTGTTCGTTTCTACTTG,0,3064233
rcsBp1,0.09090909090909091,10,10,GAGGGAAACGACAGGTTGTA,0,3069104
rcsBp1,0.09090909090909091,10,10,GAGCCGGCACATATCCAGAA,0,3032594
rcsBp1,0.09090909090909091,10,10,GAGATTGTCCAGTACGCATT,0,3030557
rcsBp1,0.09090909090909091,10,10,GAGAAGGTATATTTCCGTGT,0,3051284
rcsBp1,0.09090909090909091,10,10,GACTATCTAGGTCTCTATTG,0,3054042
rcsBp1,0.09090909090909091,10,10,GACCACGTCAGCGCCCCAAA,0,3030090
rcsBp1,0.09090909090909091,10,10,GACAGGGTAGTCCCATCCTA,0,3054922
rcsBp1,0.09090909090909091,10,10,GACAATCCGGGGCTGCTCGA,0,3031621
rcsBp1,0.09090909090909091,10,10,GAAGTACGGCGCCACCATCT,0,3027911
rcsBp1,0.09090909090909091,10,10,GAACTGTAAAATTGCTTTTT,0,3066450
rcsBp1,0.09090909090909091,10,10,GAACGAATTTTCAGGGAGAT,0,3051874
rcsBp1,0.09090909090909091,10,10,GAAAGCGATGGTTGTCCTGT,0,3067090
rcsBp1,0.09090909090909091,10,10,CTTTTTGCGAAATCCCCTGA,0,3073508
rcsBp1,0.09090909090909091,10,10,CTTTGAATATCAAGACTACG,0,3040043
rcsBp1,0.09090909090909091,10,10,CTTGGGCAGTTAGGTCCAGA,0,3029800
rcsBp1,0.09090909090909091,10,10,CTTGAGAACGCACGATAATT,0,3040304
rcsBp1,0.09090909090909091,10,10,CTTCCAACGTTCTTTGAAGC,0,3044554
rcsBp1,0.09090909090909091,10,10,CTTAGTCTGGTCTAAGTCTG,0,3027374
rcsBp1,0.09090909090909091,10,10,CTTACAGCTCCCTCCAGATG,0,3041898
rcsBp1,0.09090909090909091,10,10,CTTAACGGATAAGAGGTGGA,0,3047428
rcsBp1,0.09090909090909091,10,10,CTGTCTATTGGCCGATTGGT,0,3055728
rcsBp1,0.09090909090909091,10,10,CTGGCTTTTTCTCGGAGATA,0,3047821
rcsBp1,0.09090909090909091,10,10,CTGCGCGGTCGATGCCGAAT,0,3033011
rcsBp1,0.09090909090909091,10,10,CTGCAATGATATGGCTGTGT,0,3050628
rcsBp1,0.09090909090909091,10,10,CTGACAATTCGTTCCGCCGG,0,3039181
rcsBp1,0.09090909090909091,10,10,CTGAACAGGGGATAATTCAC,0,3028414
rcsBp1,0.09090909090909091,10,10,CTCTGAGTGCCCATAGGGAG,0,3044093
rcsBp1,0.09090909090909091,10,10,CTCTCGTGCTAAGTTACCAT,0,3026029
rcsBp1,0.09090909090909091,10,10,CTCTAGTGATATCGCTAAGG,0,3067118
rcsBp1,0.09090909090909091,10,10,CTCCAAAAATCAGTCGTCTA,0,3048158
rcsBp1,0.09090909090909091,10,10,CTATTACCTATCGATACGCT,0,3036598
rcsBp1,0.09090909090909091,10,10,CTAGTACTCCTGAAGTGTAT,0,3052773
rcsBp1,0.09090909090909091,10,10,CTAGTAAGTGTCGCGATGGG,0,3033814
rcsBp1,0.09090909090909091,10,10,CTAGACTTGATCGGTTACAT,0,3025851
rcsBp1,0.09090909090909091,10,10,CTAGACGCATTCGTTATGGC,0,3039161
rcsBp1,0.09090909090909091,10,10,CTACTCTACGCGTGCCCCAT,0,3062045
rcsBp1,0.09090909090909091,10,10,CGTTGTCCGTTGTCGTCAGG,0,3037919
rcsBp1,0.09090909090909091,10,10,CGTTCAGCCAGCCTCTTTGG,0,3043053
rcsBp1,0.09090909090909091,10,10,CGTTCAAAGTCAATTCGAAA,0,3038749
rcsBp1,0.09090909090909091,10,10,CGTGCCGCGATGAATCAGAG,0,3023912
rcsBp1,0.09090909090909091,10,10,CGTACCACGGGCCTGAGCGA,0,3042747
rcsBp1,0.09090909090909091,10,10,CGGTTATTTGCGCCGGTTAC,0,3065814
rcsBp1,0.09090909090909091,10,10,CGGGGATTCAAGGAGGTTTA,0,3041703
rcsBp1,0.09090909090909091,10,10,CGGGACGGTGGCCAATAGCA,0,3041693
rcsBp1,0.09090909090909091,10,10,CGGCAGTGGCACGAGCTCTA,0,3033680
rcsBp1,0.09090909090909091,10,10,CGCTCGGTTGTAGAACATTG,0,3046718
rcsBp1,0.09090909090909091,10,10,CGCTCGAAGCTATAGTATGC,0,3025999
rcsBp1,0.09090909090909091,10,10,CGCTCCTTTTCGACCAACAC,0,3035358
rcsBp1,0.09090909090909091,10,10,CGCGCCAAAGCAAGTTTTAC,0,3035723
rcsBp1,0.09090909090909091,10,10,CGCAGCGAGGGGACCTGAGC,0,3044480
rcsBp1,0.09090909090909091,10,10,CGCACACTCTCCGCAATCTG,0,3070102
rcsBp1,0.09090909090909091,10,10,CGAGTAGCCTCATCTGGCCA,0,3043578
rcsBp1,0.09090909090909091,10,10,CGAGCCGGGGACTTTGTGAG,0,3036604
rcsBp1,0.09090909090909091,10,10,CGAGAACGGGTTACGTTTCT,0,3066831
rcsBp1,0.09090909090909091,10,10,CGACCCGGTCATCCTCGCCC,0,3024486
rcsBp1,0.09090909090909091,10,10,CGAATTCCTGGGGCTATCGC,0,3045450
rcsBp1,0.09090909090909091,10,10,CGAACTGACGGTTAACCGGG,0,3024345
rcsBp1,0.09090909090909091,10,10,CCTTTTGCTGAGAGCTTTTG,0,3023551
rcsBp1,0.09090909090909091,10,10,CCTGTTGTACGTGTGTTGTT,0,3027386
rcsBp1,0.09090909090909091,10,10,CCTATGGATAGAAGTCGCGG,0,3040888
rcsBp1,0.09090909090909091,10,10,CCGTTAAGGTCTATAGTGGT,0,3072864
rcsBp1,0.09090909090909091,10,10,CCGATTCGGGATTGGGCGGT,0,3036546
rcsBp1,0.09090909090909091,10,10,CCGATAGATTAGATAGCATC,0,3049198
rcsBp1,0.09090909090909091,10,10,CCCCTGGATGCGTGTTTGCA,0,3070497
rcsBp1,0.09090909090909091,10,10,CCCAATGGAATTCTTGCTTA,0,3051980
rcsBp1,0.09090909090909091,10,10,CCATTTCGGGGCGCCAAAAC,0,3063479
rcsBp1,0.09090909090909091,10,10,CCATGGGGCCGTCAATGATG,0,3024225
rcsBp1,0.09090909090909091,10,10,CCATACTATATGCGGGGTTG,0,3061095
rcsBp1,0.09090909090909091,10,10,CCAGCAGTAAAACGAATAGT,0,3073676
rcsBp1,0.09090909090909091,10,10,CCAAGTCTTTAGCGGTACAT,0,3056224
rcsBp1,0.09090909090909091,10,10,CATTGACAATGCTTTCATCA,0,3067669
rcsBp1,0.09090909090909091,10,10,CAGTGCTTTAGTCCTCCCGG,0,3055388
rcsBp1,0.09090909090909091,10,10,CAGTCTTTATTCGGGATCCA,0,3029174
rcsBp1,0.09090909090909091,10,10,CAGGCCAGACTTGACTTTCT,0,3032205
rcsBp1,0.09090909090909091,10,10,CACGTGTTGGCGCGAGTGAC,0,3037051
rcsBp1,0.09090909090909091,10,10,CACGAAACGCTAGTATGAAT,0,3046262
rcsBp1,0.09090909090909091,10,10,CACCTTTTATATATACTTAC,0,3022062
rcsBp1,0.09090909090909091,10,10,CACCACGGGGCATTCTATGT,0,3048336
rcsBp1,0.09090909090909091,10,10,CACCACGCAGAAACTCAAGG,0,3025129
rcsBp1,0.09090909090909091,10,10,CACAGCACAGAGATGAGATT,0,3072348
rcsBp1,0.09090909090909091,10,10,CAATTCGAGCTATGCGACGA,0,3055117
rcsBp1,0.09090909090909091,10,10,CAATCGCCAACTCAGAGTGG,0,3029944
rcsBp1,0.09090909090909091,10,10,CAATCCGAAGGCACCGACGC,0,3025022
rcsBp1,0.09090909090909091,10,10,CAATATTACATGCTTCGTCT,0,3031708
rcsBp1,0.09090909090909091,10,10,CAAGTTGTCAAAATATCTCA,0,3062317
rcsBp1,0.09090909090909091,10,10,CAAGACTTTCGAGGAACGCT,0,3036873
rcsBp1,0.09090909090909091,10,10,CAACGGATTTTGAGCTAATA,0,3067830
rcsBp1,0.09090909090909091,10,10,CAAATAGGACATTGGGTACG,0,3024938
rcsBp1,0.09090909090909091,10,10,CAAAAGCTTTATCCTAATCA,0,3068874
rcsBp1,0.09090909090909091,10,10,CAAAACGGATCGCTTTTATC,0,3040345
rcsBp1,0.09090909090909091,10,10,CAAAAAAGTTCTCAGTCGGA,0,3061902
rcsBp1,0.09090909090909091,10,10,ATTTCATTGATCAGAAGGTC,0,3024916
rcsBp1,0.09090909090909091,10,10,ATTGGGTCTTTATACATGTG,0,3067326
rcsBp1,0.09090909090909091,10,10,ATTGGCGGTATCGACGTTAC,0,3035297
rcsBp1,0.09090909090909091,10,10,ATTCCTCTGACGCGTGCCCA,0,3039839
rcsBp1,0.09090909090909091,10,10,ATTATCTGACTTGCGAGGGT,0,3038915
rcsBp1,0.09090909090909091,10,10,ATTATAACACCGTTGTTACG,0,3047473
rcsBp1,0.09090909090909091,10,10,ATGTGGTCCCCAGAGTTCTA,0,3052596
rcsBp1,0.09090909090909091,10,10,ATGTGCGGGGGATCAGACAT,0,3044474
rcsBp1,0.09090909090909091,10,10,ATGTCATGTCAAAAGTACTT,0,3028491
rcsBp1,0.09090909090909091,10,10,ATGGGAGGGCCACCTCGCGA,0,3067027
rcsBp1,0.09090909090909091,10,10,ATGGCTATATACACCTTTGT,0,3028547
rcsBp1,0.09090909090909091,10,10,ATGGATTGGTTCGATAGGTT,0,3030732
rcsBp1,0.09090909090909091,10,10,ATGCTGTTAGTCCTTCTTTC,0,3058515
rcsBp1,0.09090909090909091,10,10,ATGCTCAAAAGATCTCATAG,0,3053424
rcsBp1,0.09090909090909091,10,10,ATGAGTAGCATGTACGCGAA,0,3056729
rcsBp1,0.09090909090909091,10,10,ATGAAAGCAATGCGCGTTGA,0,3068668
rcsBp1,0.09090909090909091,10,10,ATCTTGCAGATCTCGTTTGT,0,3021940
rcsBp1,0.09090909090909091,10,10,ATCTGGGGTGAGGGATTTCA,0,3071675
rcsBp1,0.09090909090909091,10,10,ATCGTGGTATGCGATTGGAG,0,3063750
rcsBp1,0.09090909090909091,10,10,ATCATGAAACTCTAGGGGTC,0,3056407
rcsBp1,0.09090909090909091,10,10,ATATTTTCGGTCATTCTGGT,0,3052098
rcsBp1,0.09090909090909091,10,10,ATATTCTCCCCTGGCGTCAA,0,3027098
rcsBp1,0.09090909090909091,10,10,ATATGGCACCTGCGGAGGAG,0,3032229
rcsBp1,0.09090909090909091,10,10,ATATATGTGTGAGTAGAGAC,0,3025230
rcsBp1,0.09090909090909091,10,10,ATAGTTCCCTGAGATTATTA,0,3045550
rcsBp1,0.09090909090909091,10,10,ATAGGGTGCATGGGTCCAAG,0,3051468
rcsBp1,0.09090909090909091,10,10,ATAGGAGACCCAGTAGTGGT,0,3045054
rcsBp1,0.09090909090909091,10,10,ATAGACGCGAACACCCCAGT,0,3051119
rcsBp1,0.09090909090909091,10,10,ATACCCGTTCTAAAGAGGGA,0,3023659
rcsBp1,0.09090909090909091,10,10,ATACCCGGGCGTCAGACCTT,0,3042446
rcsBp1,0.09090909090909091,10,10,ATACCAGTATGGCCCCTCAC,0,3038003
rcsBp1,0.09090909090909091,10,10,ATACACTATACAAGTATACG,0,3048750
rcsBp1,0.09090909090909091,10,10,ATAATGCGCGGGTATGCTGA,0,3045656
rcsBp1,0.09090909090909091,10,10,ATAAGTCGGTACGTACCTGG,0,3055342
rcsBp1,0.09090909090909091,10,10,AGTTTATCCAATTGTGGCCC,0,3059737
rcsBp1,0.09090909090909091,10,10,AGTGTGCAACACTTATACTG,0,3064706
rcsBp1,0.09090909090909091,10,10,AGTGCCACATCCCCGGTGAC,0,3059372
rcsBp1,0.09090909090909091,10,10,AGTGCATCCCGGAATATTCG,0,3044773
rcsBp1,0.09090909090909091,10,10,AGTCTATTTCAGGGTTGGCA,0,3031178
rcsBp1,0.09090909090909091,10,10,AGGTTGTACCTTGACCTCGA,0,3068002
rcsBp1,0.09090909090909091,10,10,AGGTTACAGCAGGTGAAGAA,0,3025271
rcsBp1,0.09090909090909091,10,10,AGGTATGATATAGTGGCTGT,0,3032548
rcsBp1,0.09090909090909091,10,10,AGCTGTCGTTGTGACAACCA,0,3035729
rcsBp1,0.09090909090909091,10,10,AGCTCCCATCGTGGCTGAAG,0,3047694
rcsBp1,0.09090909090909091,10,10,AGATGAATCAGAAGTGTGTG,0,3023340
rcsBp1,0.09090909090909091,10,10,AGAGCTTGCATTATCCGGGG,0,3067574
rcsBp1,0.09090909090909091,10,10,AGAGCATAGATGCCTGTAAC,0,3035274
rcsBp1,0.09090909090909091,10,10,AGACTGAGGAAGCCTAACAA,0,3035588
rcsBp1,0.09090909090909091,10,10,AGACTATCAAGCATGCCGAT,0,3044420
rcsBp1,0.09090909090909091,10,10,AGACAGGCCGTAGTTAATCA,0,3038804
rcsBp1,0.09090909090909091,10,10,AGAATTCGGCGCCGATTAAA,0,3058910
rcsBp1,0.09090909090909091,10,10,ACTTTGGATTGGCGAGAGAG,0,3032532
rcsBp1,0.09090909090909091,10,10,ACTGGTAGGGGTCTGCATGA,0,3044067
rcsBp1,0.09090909090909091,10,10,ACTGCGGTTTAGCGACAATA,0,3057223
rcsBp1,0.09090909090909091,10,10,ACTCCGCACAGTGAGGCCCA,0,3045818
rcsBp1,0.09090909090909091,10,10,ACTACAAAGTTCTGTTTCCA,0,3067688
rcsBp1,0.09090909090909091,10,10,ACTAACTCATTAAGACCAAT,0,3068677
rcsBp1,0.09090909090909091,10,10,ACGTCGTCAGCGAAATTTAG,0,3031251
rcsBp1,0.09090909090909091,10,10,ACGTATTGTCTCTAGTCCCG,0,3037884
rcsBp1,0.09090909090909091,10,10,ACGGCGGTATAGGCACAATT,0,3048365
rcsBp1,0.09090909090909091,10,10,ACGGCCGCGGCTCCCTGAGA,0,3054294
rcsBp1,0.09090909090909091,10,10,ACGCGTAGACTTCGACATAT,0,3027297
rcsBp1,0.09090909090909091,10,10,ACGATGCAAGAAGCACACTA,0,3039178
rcsBp1,0.09090909090909091,10,10,ACCTCTGCACTTGATTTATA,0,3022599
rcsBp1,0.09090909090909091,10,10,ACCTCAACCGCCACTCAGGA,0,3067460
rcsBp1,0.09090909090909091,10,10,ACCCTTTCCCGACCAAACGT,0,3064072
rcsBp1,0.09090909090909091,10,10,ACCCTGTCTAGCATTCCGTA,0,3060061
rcsBp1,0.09090909090909091,10,10,ACCCCGTCAGGGACCCCTGG,0,3040309
rcsBp1,0.09090909090909091,10,10,ACATTTCCGCACCATACAAG,0,3058655
rcsBp1,0.09090909090909091,10,10,ACATTCCTCACCGCAGGAGT,0,3028559
rcsBp1,0.09090909090909091,10,10,ACATCAATGTGTGGAGCGGT,0,3032700
rcsBp1,0.09090909090909091,10,10,ACATAGGTTATTCCAATTCA,0,3052116
rcsBp1,0.09090909090909091,10,10,ACAACGCAGAAAAGTTACAT,0,3067327
rcsBp1,0.09090909090909091,10,10,ACAAACCGTTACGAACGGAT,0,3045093
rcsBp1,0.09090909090909091,10,10,AATTGCGCATCATAGGAAAA,0,3053180
rcsBp1,0.09090909090909091,10,10,AATTAGCACTAGAGGTTGTC,0,3046572
rcsBp1,0.09090909090909091,10,10,AATGGCATCCTGTGTGTCTT,0,3030942
rcsBp1,0.09090909090909091,10,10,AATATTCAATCTGGCTTTGC,0,3046963
rcsBp1,0.09090909090909091,10,10,AATACGTGTGTGACATACAC,0,3044299
rcsBp1,0.09090909090909091,10,10,AATAAGGAGGTCTCCTCAAC,0,3055396
rcsBp1,0.09090909090909091,10,10,AAGGGTATACGAGGTGCGCG,0,3071800
rcsBp1,0.09090909090909091,10,10,AAGGGGCATAAATATTTATA,0,3058705
rcsBp1,0.09090909090909091,10,10,AAGGATGGACAGTCTTGACC,0,3052890
rcsBp1,0.09090909090909091,10,10,AAGCCGACCGTGAAGTGTTC,0,3049005
rcsBp1,0.09090909090909091,10,10,AAGACCGGAGATTCCGACTC,0,3055608
rcsBp1,0.09090909090909091,10,10,AACTCACCTCCATTCCGCAA,0,3056505
rcsBp1,0.09090909090909091,10,10,AACCTAAACCCATCTAAGGC,0,3069324
rcsBp1,0.09090909090909091,10,10,AACAATAACGGGAAGCCATC,0,3053790
rcsBp1,0.09090909090909091,10,10,AAATTGATTATGGATAGCAG,0,3054494
rcsBp1,0.09090909090909091,10,10,AAATGCGCATTAGTCCTCGA,0,3034855
rcsBp1,0.09090909090909091,10,10,AAATCCGAGGCCGGTTGCGC,0,3054906
rcsBp1,0.09090909090909091,10,10,AAATCCGACTTGTTTAGTAC,0,3034629
rcsBp1,0.09090909090909091,10,10,AAACTCCGGGTGGGGCGAAC,0,3048546
rcsBp1,0.1,9,9,TTTTTTCGTTAAGATCCTCG,0,3044660
rcsBp1,0.1,9,9,TTTCTCATGCTTCATAGGTA,0,3025543
rcsBp1,0.1,9,9,TTTAGATCAGTGCTCGAATC,0,3073571
rcsBp1,0.1,9,9,TTTAATTCAGTAGCCATCAT,0,3035075
rcsBp1,0.1,9,9,TTGGCACTTCGTAATCTCAG,0,3026715
rcsBp1,0.1,9,9,TTGCGATTGACACACCAGTA,0,3035578
rcsBp1,0.1,9,9,TTGCCATGGAGCGTACCATG,0,3037483
rcsBp1,0.1,9,9,TTGAACCGTACTCAGATTTT,0,3053418
rcsBp1,0.1,9,9,TTCTCAGCCGGTTGTTAGGA,0,3024691
rcsBp1,0.1,9,9,TTCTACTAGCAAATCATTTC,0,3065735
rcsBp1,0.1,9,9,TTCGTACGCGCCTAAAGAGA,0,3023831
rcsBp1,0.1,9,9,TTCGCGCACGGAGACGGTCG,0,3022176
rcsBp1,0.1,9,9,TTCCTATAAGGGCCATAACA,0,3068520
rcsBp1,0.1,9,9,TTCCGAAGCTGACAAGGCCA,0,3059004
rcsBp1,0.1,9,9,TTCCATTCAGTTGGAATACT,0,3049741
rcsBp1,0.1,9,9,TTCAATGATTTTAGGAACGT,0,3057232
rcsBp1,0.1,9,9,TTCAAGACCAGATTACCGTC,0,3038875
rcsBp1,0.1,9,9,TTATGCAGGCGTGGCTCAAC,0,3038531
rcsBp1,0.1,9,9,TTATATTATGGCCCATTGGA,0,3046687
rcsBp1,0.1,9,9,TTAGAGGCCGACCGGATTCA,0,3071278
rcsBp1,0.1,9,9,TTAGAAATCGTATGTATAAT,0,3067834
rcsBp1,0.1,9,9,TTACGCGCCCCTAAACTCTG,0,3067388
rcsBp1,0.1,9,9,TTACCGTGAACTCGCAAGGA,0,3048297
rcsBp1,0.1,9,9,TGTTGAGGCAGATCGAGGTG,0,3046990
rcsBp1,0.1,9,9,TGTTCTGCCGCTCCTGTCTT,0,3054083
rcsBp1,0.1,9,9,TGTTACCCCCGCCTGTCCGC,0,3054669
rcsBp1,0.1,9,9,TGTCTGTGTGGTGCCATGTT,0,3041492
rcsBp1,0.1,9,9,TGTACCGCTTAAGGTCAAGT,0,3035680
rcsBp1,0.1,9,9,TGGTTGGGATGCGCCTCTGA,0,3024678
rcsBp1,0.1,9,9,TGGTTCATCCGTTTCAACTA,0,3064555
rcsBp1,0.1,9,9,TGGTGTATGGCCGTGTGTAA,0,3065627
rcsBp1,0.1,9,9,TGGTACCTTGATTTGGCCAC,0,3029212
rcsBp1,0.1,9,9,TGGGTTGGCAGGCAAGGGAT,0,3023117
rcsBp1,0.1,9,9,TGGGTTATCATATATTACCT,0,3060235
rcsBp1,0.1,9,9,TGGCGGAAGGTGATGATGTC,0,3054779
rcsBp1,0.1,9,9,TGGCATCAGGTCTTAAGTGT,0,3040085
rcsBp1,0.1,9,9,TGGATATAGGCTACCGCGGG,0,3031525
rcsBp1,0.1,9,9,TGGAATAAGAATGCCGGACA,0,3055070
rcsBp1,0.1,9,9,TGCATCACGCGGCCTTGGAT,0,3052706
rcsBp1,0.1,9,9,TGATATTATTTGGACGCAAG,0,3026541
rcsBp1,0.1,9,9,TGAATAGATCGGTTTCGGAA,0,3038403
rcsBp1,0.1,9,9,TCTTCTCTTTTTGAATTGTG,0,3063322
rcsBp1,0.1,9,9,TCTGTTCAATCCGTATGGTG,0,3068340
rcsBp1,0.1,9,9,TCTGCCAACCTACGGTCGAA,0,3043679
rcsBp1,0.1,9,9,TCTCAGTTAAGCCCACATCT,0,3030854
rcsBp1,0.1,9,9,TCTCAGCTCGCGTGTCGCAA,0,3065648
rcsBp1,0.1,9,9,TCTCACTGCAACCGCTTGAT,0,3041820
rcsBp1,0.1,9,9,TCGTGTTTTCCGGTCGGACT,0,3064084
rcsBp1,0.1,9,9,TCGGACATGACCCCGTCTCA,0,3053741
rcsBp1,0.1,9,9,TCGAGGCTTTCCGCTATTTA,0,3067423
rcsBp1,0.1,9,9,TCCGGCAGCAAGAATTAATG,0,3026430
rcsBp1,0.1,9,9,TCCGCTGTCAATCCAAGAAT,0,3025335
rcsBp1,0.1,9,9,TCCCTTGCATAGTGCCAATG,0,3022428
rcsBp1,0.1,9,9,TCCCTCCCGTAGGAGATTCA,0,3037003
rcsBp1,0.1,9,9,TCCCGTGAATTTAATTATAT,0,3067906
rcsBp1,0.1,9,9,TCCCGTACCCAACTGGGCAG,0,3053631
rcsBp1,0.1,9,9,TCCCACAGAATGTAAGACTT,0,3040214
rcsBp1,0.1,9,9,TCCAGGTTTTAATGAAATGG,0,3064857
rcsBp1,0.1,9,9,TCATCTTCATGTTATGCCGG,0,3047528
rcsBp1,0.1,9,9,TCATCGTGGACTCAGCCAAT,0,3037781
rcsBp1,0.1,9,9,TCAGCGGACGGCGTCTTCGG,0,3028711
rcsBp1,0.1,9,9,TCAATATGTCCTATGTTAAA,0,3067966
rcsBp1,0.1,9,9,TATTTGCAGCGCGAAGCCAT,0,3040301
rcsBp1,0.1,9,9,TATGTGTTCCGGACTTTCAT,0,3056525
rcsBp1,0.1,9,9,TATGGTGTTGGATGCACTGC,0,3070214
rcsBp1,0.1,9,9,TATGCGCTGGGACGTCTCTG,0,3040294
rcsBp1,0.1,9,9,TATGAGTTGGTGTAGGTGGT,0,3053938
rcsBp1,0.1,9,9,TATCTTAGGTTAGACGGGAG,0,3046691
rcsBp1,0.1,9,9,TATCTCACGGTGCAGCAGCT,0,3034244
rcsBp1,0.1,9,9,TATCATAGGTGTGCGCTGCT,0,3060833
rcsBp1,0.1,9,9,TATCAACAGTATCCCATTAA,0,3034609
rcsBp1,0.1,9,9,TATAGGGCTAAGTGCCGGGG,0,3053035
rcsBp1,0.1,9,9,TAGTTATTTGCGGAAGTCAC,0,3059891
rcsBp1,0.1,9,9,TAGGTTAACCGCAGCAGCTC,0,3033643
rcsBp1,0.1,9,9,TAGGAAATAGTCACGTAGTC,0,3049236
rcsBp1,0.1,9,9,TAGCCTCCTTGGACCTCCCA,0,3059095
rcsBp1,0.1,9,9,TAGATCATGTAATCGGGAGT,0,3042366
rcsBp1,0.1,9,9,TAGAGGCAATCCCTCCCTGC,0,3028230
rcsBp1,0.1,9,9,TAGAACTCTGGCCAGCGACA,0,3028402
rcsBp1,0.1,9,9,TACTTTGCACGGTGCTTTCA,0,3028865
rcsBp1,0.1,9,9,TACTAACTTTAAGGATCTAT,0,3024392
rcsBp1,0.1,9,9,TACTAAACTAACTGAGCTCT,0,3042761
rcsBp1,0.1,9,9,TACGTGGGTTGAGTGTGGCG,0,3036096
rcsBp1,0.1,9,9,TACGCCATTACTGCCGACAC,0,3055884
rcsBp1,0.1,9,9,TACCTTGAGAACACCGACTG,0,3062895
rcsBp1,0.1,9,9,TACCAAGTTTCTTGTCACCA,0,3065645
rcsBp1,0.1,9,9,TACAGTAGTCGTGACCCGGA,0,3067311
rcsBp1,0.1,9,9,TACACGTGGACGCGGACTCT,0,3060287
rcsBp1,0.1,9,9,TACAAGGACGCGTCGCATTG,0,3056742
rcsBp1,0.1,9,9,TAATTGTGTTAATGGTTAAG,0,3070073
rcsBp1,0.1,9,9,TAATTGTCTCTTTTCTGGAG,0,3066462
rcsBp1,0.1,9,9,TAATTCACTACGCTGGTCTC,0,3032501
rcsBp1,0.1,9,9,TAATGATTTGGGAAGTCAGA,0,3024657
rcsBp1,0.1,9,9,TAATCCGCTGATCTGGGAGT,0,3029694
rcsBp1,0.1,9,9,TAATCAACAGATCTTTTCGA,0,3070606
rcsBp1,0.1,9,9,TAAGCGGGTCCGCATCGCAA,0,3063206
rcsBp1,0.1,9,9,TAAGAGAGTTGGTCTACATT,0,3067319
rcsBp1,0.1,9,9,TAACGGACACTGTGGGCATA,0,3064996
rcsBp1,0.1,9,9,GTTTCAAAACACACACCCGG,0,3054948
rcsBp1,0.1,9,9,GTTGTGAACGGCCCCAGCTA,0,3066969
rcsBp1,0.1,9,9,GTTGATACGATAATTTAACT,0,3029465
rcsBp1,0.1,9,9,GTTCTCGGCAAGCGCTAGAT,0,3028028
rcsBp1,0.1,9,9,GTTCCCAGTTAAAAAACTTA,0,3055615
rcsBp1,0.1,9,9,GTTAACGAATGCCGTGAGCT,0,3034872
rcsBp1,0.1,9,9,GTGTTCATTGACGACCCATG,0,3066388
rcsBp1,0.1,9,9,GTGTCCAGATGCTATAGGGT,0,3025021
rcsBp1,0.1,9,9,GTGGACAAGTCCATGCTTCT,0,3053538
rcsBp1,0.1,9,9,GTGCCGTCCGTAAATGTGGT,0,3035907
rcsBp1,0.1,9,9,GTGATGTCCATAGAACTGGC,0,3070046
rcsBp1,0.1,9,9,GTGAGCGCTCAAATTCTGGG,0,3037477
rcsBp1,0.1,9,9,GTCGTAAATGGACCCGATCA,0,3067786
rcsBp1,0.1,9,9,GTCACCTGGCTAAGAAGATG,0,3068293
rcsBp1,0.1,9,9,GTAGTATGCCGATTGTGGGT,0,3054499
rcsBp1,0.1,9,9,GTACTCACTTTCCAGGCTCG,0,3033182
rcsBp1,0.1,9,9,GTACGGCCCAGCGGTACGGT,0,3052425
rcsBp1,0.1,9,9,GTAAGGTTCTTCACTGTAAG,0,3057685
rcsBp1,0.1,9,9,GGTTAATTGCCCGCTGTACA,0,3057895
rcsBp1,0.1,9,9,GGTGTAAAGCACGTCAGGAG,0,3066744
rcsBp1,0.1,9,9,GGTGACAGCACGGTCAGGCA,0,3057222
rcsBp1,0.1,9,9,GGTAAAGCACTGTGAAACTT,0,3053056
rcsBp1,0.1,9,9,GGGTTGAAAACCGGAAAACT,0,3040478
rcsBp1,0.1,9,9,GGGTCATGTGTGTAACCAAT,0,3036521
rcsBp1,0.1,9,9,GGGCGATGAAAAGACAGCTA,0,3050535
rcsBp1,0.1,9,9,GGCTTAGTAGCTCAACATAA,0,3050853
rcsBp1,0.1,9,9,GGCTGCTAGATGTTCCGGAT,0,3032522
rcsBp1,0.1,9,9,GGCGGTGCTAACAGTCGTCA,0,3059933
rcsBp1,0.1,9,9,GGCCGAGCACCTGTAGAGAA,0,3056418
rcsBp1,0.1,9,9,GGCCCGATCACTATCGAGCT,0,3033190
rcsBp1,0.1,9,9,GGCATAAGGAATGATGTTTC,0,3071456
rcsBp1,0.1,9,9,GGCAATAGGGGATACGGACT,0,3056756
rcsBp1,0.1,9,9,GGCAATAACCTAAATTCGTG,0,3030559
rcsBp1,0.1,9,9,GGATTGTGACGCACTCTTAC,0,3062872
rcsBp1,0.1,9,9,GGATCGGAGGCACGGAATCA,0,3049835
rcsBp1,0.1,9,9,GGAGGCTATAGTACATTCAA,0,3031053
rcsBp1,0.1,9,9,GGAAACGAACCAGAGTCTAT,0,3036398
rcsBp1,0.1,9,9,GCTTGCGTCAAGCGTATCTC,0,3052033
rcsBp1,0.1,9,9,GCGTTGCGGGAGCTCACACC,0,3031050
rcsBp1,0.1,9,9,GCGCTTGTCCATTTACACGC,0,3052270
rcsBp1,0.1,9,9,GCGCCGTACGTAGGTGACGC,0,3051544
rcsBp1,0.1,9,9,GCGCCGCACGACGGCAAGTA,0,3043521
rcsBp1,0.1,9,9,GCGAGCACCGCCTAACACAA,0,3040119
rcsBp1,0.1,9,9,GCCTCCGTTTCTGGCGCAAA,0,3040132
rcsBp1,0.1,9,9,GCCGTAAGTACTGGTCCCTT,0,3069363
rcsBp1,0.1,9,9,GCCCTCTGCCGGGAAACGCT,0,3054159
rcsBp1,0.1,9,9,GCCCTCAATTAGCGACCTAA,0,3026520
rcsBp1,0.1,9,9,GCCAATGATTACGTCGCTTA,0,3045690
rcsBp1,0.1,9,9,GCATGTGTCCACGTCGGTCA,0,3038761
rcsBp1,0.1,9,9,GCATCACTCGTTTTGATTTA,0,3027065
rcsBp1,0.1,9,9,GCACCCTGAAAAGCGGCACA,0,3069183
rcsBp1,0.1,9,9,GCAATCGATAGGAGTTTATG,0,3051502
rcsBp1,0.1,9,9,GCAAGGCTCAGTACCGCGAA,0,3057474
rcsBp1,0.1,9,9,GATTCGGTGACAGCTACTTC,0,3028393
rcsBp1,0.1,9,9,GATCTACAGCGGACATACCA,0,3070390
rcsBp1,0.1,9,9,GAGGAATGCTCCACGTAGGG,0,3039398
rcsBp1,0.1,9,9,GAGCTAAATCAAGCTCCAGA,0,3055067
rcsBp1,0.1,9,9,GAGACCGCCTTATTGCCGGG,0,3026918
rcsBp1,0.1,9,9,GAGACCCCGACCCTGGGGGA,0,3036457
rcsBp1,0.1,9,9,GACTTAACAAGGTGGTGACA,0,3057095
rcsBp1,0.1,9,9,GACTGGTTCCGTAACTCGAC,0,3065282
rcsBp1,0.1,9,9,GACGAGAGGCGAAGAACCCT,0,3044552
rcsBp1,0.1,9,9,GACAGGGCGTACTATCGTAC,0,3056168
rcsBp1,0.1,9,9,GAATTTTTGGCAGCTTGACA,0,3036766
rcsBp1,0.1,9,9,GAATATTCTGTCACTGCAAA,0,3059030
rcsBp1,0.1,9,9,GAAGCAGTTATATTGTGATT,0,3041113
rcsBp1,0.1,9,9,GAACCAGCGTAAAGTGTAGG,0,3040090
rcsBp1,0.1,9,9,GAAAGCAATGGAGAACTGAG,0,3022644
rcsBp1,0.1,9,9,GAAACGCTACGCGGTAGGCA,0,3037759
rcsBp1,0.1,9,9,CTTGTCCGGCCAATGAATAC,0,3051501
rcsBp1,0.1,9,9,CTTCTGCGAAATTCGCGCGA,0,3060570
rcsBp1,0.1,9,9,CTTCTAATCGCCTCCGAAGA,0,3067465
rcsBp1,0.1,9,9,CTTCAATAAGGGGGTTCAAA,0,3032591
rcsBp1,0.1,9,9,CTGTGTGGGGTAATGGCTCT,0,3023159
rcsBp1,0.1,9,9,CTGGGGGGTTTAGGGGAATT,0,3035370
rcsBp1,0.1,9,9,CTGGCTGAAAGAAACCAGTG,0,3028244
rcsBp1,0.1,9,9,CTGGCTCATCCCAACCTGTC,0,3028653
rcsBp1,0.1,9,9,CTGGCCATTTCTGGAAGCAA,0,3049657
rcsBp1,0.1,9,9,CTGCCTTAAATAGTAGGAGT,0,3026021
rcsBp1,0.1,9,9,CTGAGGACCGGAAACACTTG,0,3059750
rcsBp1,0.1,9,9,CTCGGCTAGCAAATGTTAAA,0,3040299
rcsBp1,0.1,9,9,CTCAGGGATTATCATAGAAA,0,3073393
rcsBp1,0.1,9,9,CTATATGTTCTGGTGCAAAG,0,3073423
rcsBp1,0.1,9,9,CTAGGAGACAAGTCATCGAT,0,3061862
rcsBp1,0.1,9,9,CTAGACCGATCGGAATGTGC,0,3047866
rcsBp1,0.1,9,9,CTACAGGGCATATCTACCTT,0,3067511
rcsBp1,0.1,9,9,CGTTCTTTATAGACGGGCAA,0,3053181
rcsBp1,0.1,9,9,CGTTATCTTTCCTCGCTAGG,0,3052473
rcsBp1,0.1,9,9,CGTTAGGCATGGCGTTGGTG,0,3044857
rcsBp1,0.1,9,9,CGTGTCGAGCGGCCAATTGT,0,3052535
rcsBp1,0.1,9,9,CGTGAGATGGTTTACCGCCC,0,3037326
rcsBp1,0.1,9,9,CGTCTACTGCTCTCAGTCAG,0,3058905
rcsBp1,0.1,9,9,CGTCACAAACATGGGCATTA,0,3043589
rcsBp1,0.1,9,9,CGGTATTCTGAGCATTCTCT,0,3057120
rcsBp1,0.1,9,9,CGGTACCGGGCGACCCCGAA,0,3051803
rcsBp1,0.1,9,9,CGGGTTAGGCTTATGGAAAT,0,3045977
rcsBp1,0.1,9,9,CGGGGCGCTAGAATCGTCGT,0,3041848
rcsBp1,0.1,9,9,CGGGGATCTACACTCACCGG,0,3034966
rcsBp1,0.1,9,9,CGGCCGTGTCGGACGTGATG,0,3043015
rcsBp1,0.1,9,9,CGGCCCAGTGATTAAAATCT,0,3058815
rcsBp1,0.1,9,9,CGGATGGTTCCCCGGATGGT,0,3046605
rcsBp1,0.1,9,9,CGCTTGCTATCACGGTCGGT,0,3023337
rcsBp1,0.1,9,9,CGCTAGCTCTCAGCCGCACA,0,3032054
rcsBp1,0.1,9,9,CGCTACGCAGGGTCACATCT,0,3059288
rcsBp1,0.1,9,9,CGCGGTTAGCTCAAGTGAAT,0,3056289
rcsBp1,0.1,9,9,CGCGGGCTAACAGACTTTTG,0,3033213
rcsBp1,0.1,9,9,CGCGGACCGCAGACGATCTG,0,3047581
rcsBp1,0.1,9,9,CGCGATTGCAGACGGCACTA,0,3031656
rcsBp1,0.1,9,9,CGCGAACAGTGCGTCTTCGT,0,3031912
rcsBp1,0.1,9,9,CGAGCACCGGAAGGTACGCT,0,3030206
rcsBp1,0.1,9,9,CGACTGGATGCGCAGGAATA,0,3038633
rcsBp1,0.1,9,9,CGACTATGTCACCGGGTGTG,0,3042842
rcsBp1,0.1,9,9,CCTTCTCTGACGTATGGGAT,0,3069691
rcsBp1,0.1,9,9,CCTTCTACAGTGGCTACGTA,0,3027481
rcsBp1,0.1,9,9,CCTGCCACTATCCATATGTA,0,3028213
rcsBp1,0.1,9,9,CCTGCAAGCTTTTTGCGAGT,0,3054174
rcsBp1,0.1,9,9,CCTCTGGGAACGAGGCCCCA,0,3073560
rcsBp1,0.1,9,9,CCTCAGACTGTTGGGGAGAA,0,3024735
rcsBp1,0.1,9,9,CCTACCACCGGACCTTAACA,0,3053044
rcsBp1,0.1,9,9,CCTAAGTCCCGGGTCAAGGA,0,3062393
rcsBp1,0.1,9,9,CCGTGTCCGCGGATCCTCGC,0,3054184
rcsBp1,0.1,9,9,CCGTCTGCATTGCAGGCAGT,0,3067508
rcsBp1,0.1,9,9,CCGTCGTACACATGGCGGTT,0,3067792
rcsBp1,0.1,9,9,CCGTATTGAGGTGCACGGTA,0,3073146
rcsBp1,0.1,9,9,CCGGTTATGTAGCTCCCGAT,0,3044214
rcsBp1,0.1,9,9,CCGGCCCTGGGTCAGCGAGG,0,3039691
rcsBp1,0.1,9,9,CCGAGATTTCGGATCCGGAA,0,3070123
rcsBp1,0.1,9,9,CCCTTATGTTTCCCCAGCCT,0,3033579
rcsBp1,0.1,9,9,CCCTTAAGCGAGGGAATGAT,0,3060803
rcsBp1,0.1,9,9,CCCTCGGCGCTGCGCATCGC,0,3037466
rcsBp1,0.1,9,9,CCCTAGTCTAATAGCCTAAA,0,3057274
rcsBp1,0.1,9,9,CCCCGGTGCTTGATACTCAC,0,3040669
rcsBp1,0.1,9,9,CCCATCACTATTGACTTTCT,0,3061281
rcsBp1,0.1,9,9,CCCATATTTACCAACGTGCG,0,3071544
rcsBp1,0.1,9,9,CCCAGGTTTTACGAAGCAGG,0,3055245
rcsBp1,0.1,9,9,CCCAGATCTAGAAGCATGGG,0,3050435
rcsBp1,0.1,9,9,CCCAAGGCGATTCGCGGAGC,0,3034486
rcsBp1,0.1,9,9,CCATAGTGGTATTGCCGGCA,0,3049481
rcsBp1,0.1,9,9,CCATAGAATCCTGTACCTTC,0,3046404
rcsBp1,0.1,9,9,CCATAAGCGGCTCAGTTCTA,0,3050885
rcsBp1,0.1,9,9,CCAGTAGCGTCAGGCCGGAA,0,3054495
rcsBp1,0.1,9,9,CCAGAAGCAACCCACATAGC,0,3032797
rcsBp1,0.1,9,9,CCACTAATAAACGGGTGAAT,0,3050642
rcsBp1,0.1,9,9,CCACGCTGCAGGGGAACCGG,0,3027942
rcsBp1,0.1,9,9,CCACGAGTTATCTGGGCCAC,0,3068526
rcsBp1,0.1,9,9,CCACAGAACATGCTGCCAGC,0,3045382
rcsBp1,0.1,9,9,CCAATCCTAATGAAACCGCT,0,3027466
rcsBp1,0.1,9,9,CCAAGCTCAGTCTGGAAAGG,0,3035761
rcsBp1,0.1,9,9,CCAACTACCGGTATTGAATT,0,3068887
rcsBp1,0.1,9,9,CATTTTGCGTATATTTATTG,0,3060944
rcsBp1,0.1,9,9,CATTAAGGGGGCGGCAAAAT,0,3063326
rcsBp1,0.1,9,9,CATGGATCGACGTCTATTGG,0,3034655
rcsBp1,0.1,9,9,CATGATGGCCGCAGAGTTTC,0,3055129
rcsBp1,0.1,9,9,CATCGGAGGGTCTTTAAGTC,0,3071739
rcsBp1,0.1,9,9,CATCCTTCTATAAGTCACGA,0,3042683
rcsBp1,0.1,9,9,CATCCAATGCTCAGATCCTT,0,3072200
rcsBp1,0.1,9,9,CATCAAGCTTTTACCGTCGC,0,3022625
rcsBp1,0.1,9,9,CATATCGTTCATGCGCCCGC,0,3067712
rcsBp1,0.1,9,9,CATAATTTCCGGGGAAGCGG,0,3038425
rcsBp1,0.1,9,9,CAGATTTTCGATTAGTTAAT,0,3030128
rcsBp1,0.1,9,9,CAGAGTTTGACGTGTGCAAG,0,3041811
rcsBp1,0.1,9,9,CAGAGTCTGCTGGTAGCTGT,0,3028731
rcsBp1,0.1,9,9,CAGAGACGTGAGAGGCCTGG,0,3054952
rcsBp1,0.1,9,9,CAGACGAAAGGATTAGGTAA,0,3025036
rcsBp1,0.1,9,9,CACTATGACGTAGAACTTAT,0,3067194
rcsBp1,0.1,9,9,CAATCTTTAAACATTCAAGA,0,3057272
rcsBp1,0.1,9,9,CAAGTGAGTGCTCTCGGTGG,0,3032163
rcsBp1,0.1,9,9,CAAGACGAAAATCCTAATGA,0,3060317
rcsBp1,0.1,9,9,CAACGTCCCCGGAGTGCGAG,0,3064308
rcsBp1,0.1,9,9,CAACACTTTCTATATTCGGC,0,3053893
rcsBp1,0.1,9,9,CAAAAGAACCTACAGAAGGA,0,3044944
rcsBp1,0.1,9,9,ATTTCCGTCTTCGACCAATT,0,3035277
rcsBp1,0.1,9,9,ATTCGTCTGGTTGGTCTCCT,0,3039248
rcsBp1,0.1,9,9,ATTCGCCGTACCTTTAGATT,0,3035693
rcsBp1,0.1,9,9,ATTATTCACCCTAAGACTTA,0,3035571
rcsBp1,0.1,9,9,ATTATAAACTCTATGACATG,0,3023322
rcsBp1,0.1,9,9,ATGTATTAGGGGAGCCCTAC,0,3041709
rcsBp1,0.1,9,9,ATGTAAATTCATTGCTAAGC,0,3061912
rcsBp1,0.1,9,9,ATGTAAATGCCTCGTAATGC,0,3050079
rcsBp1,0.1,9,9,ATGGGGACGGTGTAAGGTTA,0,3032521
rcsBp1,0.1,9,9,ATGGCTTTGACTTACTGCCT,0,3022117
rcsBp1,0.1,9,9,ATGCACAAGTAGGCCAAGGC,0,3039930
rcsBp1,0.1,9,9,ATGACAGTCTACGGTCATAC,0,3031807
rcsBp1,0.1,9,9,ATCTCGGTCTGAAAGTCGAG,0,3072197
rcsBp1,0.1,9,9,ATCTAATGCTAAATGAGAGA,0,3073421
rcsBp1,0.1,9,9,ATCGGCAGTAGCACGAGTTC,0,3069511
rcsBp1,0.1,9,9,ATCGGAGCAATCACAACTAG,0,3052435
rcsBp1,0.1,9,9,ATCCTAACGCCTAGGCATTG,0,3061666
rcsBp1,0.1,9,9,ATCAGACATTCGGCACCGGT,0,3041282
rcsBp1,0.1,9,9,ATCAAGAAATGGCTTAGCGG,0,3035941
rcsBp1,0.1,9,9,ATATGGGAGACTCCGATCCC,0,3039920
rcsBp1,0.1,9,9,ATAGTACCAAGGTCTTCATG,0,3058530
rcsBp1,0.1,9,9,ATACCCTGTAGGGTATATAC,0,3033333
rcsBp1,0.1,9,9,AGTTTGTGCACATCGTTGAA,0,3062075
rcsBp1,0.1,9,9,AGTTGACATGTACCATGCAG,0,3031997
rcsBp1,0.1,9,9,AGTTCGTTGGTAGCGGGAAA,0,3042244
rcsBp1,0.1,9,9,AGTTAAATATGAGGATGAGA,0,3027069
rcsBp1,0.1,9,9,AGTGCTGCTTACTTATAGGG,0,3047555
rcsBp1,0.1,9,9,AGTCTGTGAATAGTGTACCT,0,3057794
rcsBp1,0.1,9,9,AGTCGAGCTCGCCCCACATC,0,3073558
rcsBp1,0.1,9,9,AGTAGGTCGGACTGATTAAA,0,3061865
rcsBp1,0.1,9,9,AGTACGTCAGGTAAATGCCG,0,3033122
rcsBp1,0.1,9,9,AGTAAGTAATAATCGGGGGC,0,3066775
rcsBp1,0.1,9,9,AGGTTTTAGACGTCAGGACC,0,3069015
rcsBp1,0.1,9,9,AGGTAGGTGGCAGGAGAGTG,0,3022795
rcsBp1,0.1,9,9,AGGTACGGATGTCCACACGT,0,3055164
rcsBp1,0.1,9,9,AGGGTGGCGACGCGCAGACT,0,3035916
rcsBp1,0.1,9,9,AGGGGTACAAGTACGTCTTC,0,3041665
rcsBp1,0.1,9,9,AGGCGTGATAGGACGCGTAG,0,3048457
rcsBp1,0.1,9,9,AGGCAAGATCTGCGCTAACT,0,3072915
rcsBp1,0.1,9,9,AGGATTCTGTTGCTGTAGTA,0,3041246
rcsBp1,0.1,9,9,AGCGCAGTCTCCGGCTGGAT,0,3051191
rcsBp1,0.1,9,9,AGCCTCGAAGATGCCGGGCA,0,3070223
rcsBp1,0.1,9,9,AGCATTAAATGCCATCGCGT,0,3048997
rcsBp1,0.1,9,9,AGCATGAGCCTGGGGACTCC,0,3023815
rcsBp1,0.1,9,9,AGCAGGCCTGGGACATGAGA,0,3039290
rcsBp1,0.1,9,9,AGCAGGACAGGTGGCACCAC,0,3038805
rcsBp1,0.1,9,9,AGCACTAGCGGGTGCTCTCG,0,3045133
rcsBp1,0.1,9,9,AGCAATCGCAGGGCGCCGGA,0,3061506
rcsBp1,0.1,9,9,AGCAATCCGGTGTTGGATAT,0,3042536
rcsBp1,0.1,9,9,AGAGGCCATTTGGCATTCGA,0,3022058
rcsBp1,0.1,9,9,AGAGCCGGATCGACGCCGGC,0,3051984
rcsBp1,0.1,9,9,AGAGCAGACATAGACCGGTA,0,3033793
rcsBp1,0.1,9,9,AGACTTGTTCCGTTATAAAG,0,3056362
rcsBp1,0.1,9,9,AGAATGGGAACCGCCAGATT,0,3021858
rcsBp1,0.1,9,9,AGAATCGTTTGGGTACCTAG,0,3049199
rcsBp1,0.1,9,9,ACTAACGAGAGCCTGTAAGG,0,3044346
rcsBp1,0.1,9,9,ACGTTCTTAACGGTTGGCTT,0,3063492
rcsBp1,0.1,9,9,ACGCTGGGTTTGGATCATTT,0,3073112
rcsBp1,0.1,9,9,ACGCGGCATCCGTGTCATCT,0,3037432
rcsBp1,0.1,9,9,ACGCGATTGGACATTGCGCG,0,3070144
rcsBp1,0.1,9,9,ACGCAGGTGCACGGCAACGT,0,3036090
rcsBp1,0.1,9,9,ACGAGATATGAATCTGTCCC,0,3061665
rcsBp1,0.1,9,9,ACGACAAAGTCGTGCGACAT,0,3052054
rcsBp1,0.1,9,9,ACGAATATCAGGAAAAGCGG,0,3031759
rcsBp1,0.1,9,9,ACCGCCAGGTTATGGTACGG,0,3056751
rcsBp1,0.1,9,9,ACCAGGGTTTGCTAACAAGT,0,3053926
rcsBp1,0.1,9,9,ACCACCTGGAGGCTATGACT,0,3038128
rcsBp1,0.1,9,9,ACATTTTTCAATAGCCATCT,0,3062302
rcsBp1,0.1,9,9,ACACACTCGACGCAGGGATA,0,3042423
rcsBp1,0.1,9,9,ACAACTTCACATCGAGGTTA,0,3039518
rcsBp1,0.1,9,9,ACAAAATCGCGGTCCATTGC,0,3066637
rcsBp1,0.1,9,9,AATGGGTTAAGGTTTACTCT,0,3035002
rcsBp1,0.1,9,9,AATCCGACTAATAACAGTCG,0,3031550
rcsBp1,0.1,9,9,AATCATTAGACCGATAGCGA,0,3065917
rcsBp1,0.1,9,9,AAGTCGGATATAAAAAGCAA,0,3046318
rcsBp1,0.1,9,9,AACTTCTCTATGGAGTAATC,0,3027748
rcsBp1,0.1,9,9,AACTAGCCTTCTAAGGGTCA,0,3030587
rcsBp1,0.1,9,9,AACTAGCCATGTTAAGCTGC,0,3056244
rcsBp1,0.1,9,9,AACGGTTCTCAGGGTTAGTC,0,3066125
rcsBp1,0.1,9,9,AACCGGGCAGTCTGGGCAAT,0,3029322
rcsBp1,0.1,9,9,AACCGAGTTTGAGCCCGTGT,0,3021850
rcsBp1,0.1,9,9,AACCAGGCCGTAACGAAAAC,0,3068530
rcsBp1,0.1,9,9,AAATCGCGATACGCCTAGCA,0,3032944
rcsBp1,0.1,9,9,AAATAGCAAAAGAGTTAGGG,0,3031301
rcsBp1,0.1,9,9,AAAGGTGCTCTTCAGTAGAA,0,3036728
rcsBp1,0.1111111111111111,8,8,TTTTTATAATCGTTGGTGAA,0,3043978
rcsBp1,0.1111111111111111,8,8,TTTTGCATATGGTGCCTGGG,0,3028307
rcsBp1,0.1111111111111111,8,8,TTTTCTAGGGTCTTGTCATT,0,3030268
rcsBp1,0.1111111111111111,8,8,TTTTCGTAGCTTCAACTATA,0,3032767
rcsBp1,0.1111111111111111,8,8,TTTGGTCTTTGCCCGGTCGT,0,3025190
rcsBp1,0.1111111111111111,8,8,TTTCAGGAAGACCACCTGTT,0,3049518
rcsBp1,0.1111111111111111,8,8,TTTCACTTATCTTGAGAAAT,0,3031022
rcsBp1,0.1111111111111111,8,8,TTTATATTACCTGTGAGTTA,0,3071176
rcsBp1,0.1111111111111111,8,8,TTTACGGGCAACGTTTCAGT,0,3033245
rcsBp1,0.1111111111111111,8,8,TTTACACGACCTCTGGAGCC,0,3059283
rcsBp1,0.1111111111111111,8,8,TTGTCCGGCGTCGAGTAACG,0,3058600
rcsBp1,0.1111111111111111,8,8,TTGGCTGTAAAGGTTAATAG,0,3050023
rcsBp1,0.1111111111111111,8,8,TTGAGGCCACAAAAGCATAA,0,3071114
rcsBp1,0.1111111111111111,8,8,TTGAGCGTTGGGAGCAATGA,0,3036255
rcsBp1,0.1111111111111111,8,8,TTGAAAGAGGAAGTTTGGTG,0,3055618
rcsBp1,0.1111111111111111,8,8,TTCTTCGGCGGTCGAGACTA,0,3061903
rcsBp1,0.1111111111111111,8,8,TTCTGGGCTCAAGAACTACT,0,3063265
rcsBp1,0.1111111111111111,8,8,TTCTCGCCATCCCAGGAGCG,0,3036026
rcsBp1,0.1111111111111111,8,8,TTCTAAAATCACTCACACAT,0,3072023
rcsBp1,0.1111111111111111,8,8,TTCGGCAATCATACGCGTGG,0,3044418
rcsBp1,0.1111111111111111,8,8,TTCGCTATTATGCCGAACGA,0,3056419
rcsBp1,0.1111111111111111,8,8,TTCCTGGAACTTATCGCCAA,0,3021839
rcsBp1,0.1111111111111111,8,8,TTCCGCGCTAGTATCGCGTC,0,3058635
rcsBp1,0.1111111111111111,8,8,TTCCCTCTGTACTTGTTGAC,0,3047002
rcsBp1,0.1111111111111111,8,8,TTCCATTTGTTCTGACTATG,0,3071796
rcsBp1,0.1111111111111111,8,8,TTCACGGCGATTAGGCATGG,0,3027902
rcsBp1,0.1111111111111111,8,8,TTCACAGCGTATAACGGACA,0,3047503
rcsBp1,0.1111111111111111,8,8,TTATGTTTTTACGCCATTTG,0,3048665
rcsBp1,0.1111111111111111,8,8,TTATGCAAGATTATGCCGTC,0,3045840
rcsBp1,0.1111111111111111,8,8,TTAGCGAGGCCCATCTCTAA,0,3053261
rcsBp1,0.1111111111111111,8,8,TTAGAGGTTTCGACAAAACC,0,3046158
rcsBp1,0.1111111111111111,8,8,TTAACCTGATTTTTGGCTAG,0,3066648
rcsBp1,0.1111111111111111,8,8,TTAAACCGGTATACGCGACT,0,3035753
rcsBp1,0.1111111111111111,8,8,TGTTCTTTCTACAGGTACGC,0,3037630
rcsBp1,0.1111111111111111,8,8,TGTGCAGGAATTCAAGCGGA,0,3072345
rcsBp1,0.1111111111111111,8,8,TGTGAAGCATCGCGTAGTGA,0,3066230
rcsBp1,0.1111111111111111,8,8,TGTCTGAGTGGGCCAATCCC,0,3026336
rcsBp1,0.1111111111111111,8,8,TGTCGGCGACCGGGCAAATA,0,3031894
rcsBp1,0.1111111111111111,8,8,TGTCCGTTACCGATACATTG,0,3029393
rcsBp1,0.1111111111111111,8,8,TGTAGACTTTCGTTGCTGGA,0,3038849
rcsBp1,0.1111111111111111,8,8,TGTAAAGGGGACTGGCAGAC,0,3038561
rcsBp1,0.1111111111111111,8,8,TGGGGGAGGGCGATCGGTTG,0,3064167
rcsBp1,0.1111111111111111,8,8,TGGGATCCCATGCATTGGCC,0,3054122
rcsBp1,0.1111111111111111,8,8,TGGCGCAAGGCCATCGACAA,0,3033870
rcsBp1,0.1111111111111111,8,8,TGGCCGTACTATTGCAGTTC,0,3055131
rcsBp1,0.1111111111111111,8,8,TGGCATCCGTCCGGATACAG,0,3025374
rcsBp1,0.1111111111111111,8,8,TGGATGACTCAGGGTAGGCA,0,3050933
rcsBp1,0.1111111111111111,8,8,TGGATCCGCGGTTGTTCGTA,0,3066706
rcsBp1,0.1111111111111111,8,8,TGCTGTCGGGCGTATTAATC,0,3039199
rcsBp1,0.1111111111111111,8,8,TGCTGCCAAAACACGAACTC,0,3023304
rcsBp1,0.1111111111111111,8,8,TGCGGGGACCGGGGGCGCTT,0,3036117
rcsBp1,0.1111111111111111,8,8,TGCGCTTTTCCGTCTTCGAC,0,3045260
rcsBp1,0.1111111111111111,8,8,TGCACGCTGGGAAGCGACCC,0,3043121
rcsBp1,0.1111111111111111,8,8,TGAGTGGTAAAACCTGCGGC,0,3062310
rcsBp1,0.1111111111111111,8,8,TGAGGTGACAAGCGGTATGA,0,3066739
rcsBp1,0.1111111111111111,8,8,TGAGCGGGGGAGAAAGGGTT,0,3032657
rcsBp1,0.1111111111111111,8,8,TGAGAGTTCAGACATTGGAC,0,3048500
rcsBp1,0.1111111111111111,8,8,TGACCCCGGGAATTCAGGAA,0,3071022
rcsBp1,0.1111111111111111,8,8,TGACCAAAAATACCATTGGG,0,3048323
rcsBp1,0.1111111111111111,8,8,TCTTAGTCTGAATGGGCCTA,0,3072565
rcsBp1,0.1111111111111111,8,8,TCTTAGGGCGAAGCCCGCCA,0,3054307
rcsBp1,0.1111111111111111,8,8,TCTGTTATAGACCACAGTGC,0,3059301
rcsBp1,0.1111111111111111,8,8,TCTGAGATAGCTAATATTCG,0,3065521
rcsBp1,0.1111111111111111,8,8,TCTATCCAATGTGACCCGGT,0,3047414
rcsBp1,0.1111111111111111,8,8,TCGTTCCAACCCGTACGCCC,0,3026466
rcsBp1,0.1111111111111111,8,8,TCGTGTCTGACTTGTTCCCA,0,3057551
rcsBp1,0.1111111111111111,8,8,TCGTGCGCAACCCCGTCGCA,0,3050307
rcsBp1,0.1111111111111111,8,8,TCGTCAGGCATATGGGATGT,0,3032183
rcsBp1,0.1111111111111111,8,8,TCGGTCGGCCGAAAAGATTT,0,3064889
rcsBp1,0.1111111111111111,8,8,TCGGTAGGCGAGTGAAAGCG,0,3046244
rcsBp1,0.1111111111111111,8,8,TCGGCAGCGCCGACTACCAC,0,3065074
rcsBp1,0.1111111111111111,8,8,TCGCTTTGCCAATGTCGATC,0,3060580
rcsBp1,0.1111111111111111,8,8,TCGCTTACAGGTGGGTCAGG,0,3066670
rcsBp1,0.1111111111111111,8,8,TCCTGCATAGGGCCACGATT,0,3054686
rcsBp1,0.1111111111111111,8,8,TCCGAGACCTCTGCCTCGAT,0,3028664
rcsBp1,0.1111111111111111,8,8,TCCCGCGAAGGGTAACGCTA,0,3068972
rcsBp1,0.1111111111111111,8,8,TCCAGTGGTGAAATTAGTTA,0,3068370
rcsBp1,0.1111111111111111,8,8,TCCACGCCGAGTAAGTTCCG,0,3031846
rcsBp1,0.1111111111111111,8,8,TCATTAACGCTCGGTCTTGG,0,3026052
rcsBp1,0.1111111111111111,8,8,TCAGTTTAATTCAGCCTGTG,0,3056583
rcsBp1,0.1111111111111111,8,8,TCAGCTCTTGTATGGAATTC,0,3029989
rcsBp1,0.1111111111111111,8,8,TCACTCCCAAACCCTCGTGC,0,3040623
rcsBp1,0.1111111111111111,8,8,TCAATCGAGAGAAGTTCGTA,0,3034268
rcsBp1,0.1111111111111111,8,8,TCAACATTAATCTACCTCCG,0,3052123
rcsBp1,0.1111111111111111,8,8,TATTTGGGGAATTATGCTCA,0,3033770
rcsBp1,0.1111111111111111,8,8,TATTCTCGTGTCGATTATCC,0,3044629
rcsBp1,0.1111111111111111,8,8,TATGTTAGAGAAAAACATAA,0,3041734
rcsBp1,0.1111111111111111,8,8,TATGTGCGGCATACGGCGCT,0,3026008
rcsBp1,0.1111111111111111,8,8,TATGGAGTGAAGGTAGCTCT,0,3070481
rcsBp1,0.1111111111111111,8,8,TATAATGCAAGATTGTAAAC,0,3047971
rcsBp1,0.1111111111111111,8,8,TAGGTGGGATATAGGTCTCA,0,3059970
rcsBp1,0.1111111111111111,8,8,TAGGTGCTGACTAACATCTA,0,3069614
rcsBp1,0.1111111111111111,8,8,TACGACGCGAGAAGAGATCT,0,3042277
rcsBp1,0.1111111111111111,8,8,TACCAACTTCGTTATCATCA,0,3068543
rcsBp1,0.1111111111111111,8,8,TACATGCGGTCACCTTTGAA,0,3058843
rcsBp1,0.1111111111111111,8,8,TAATATAAATGATGCCCGAG,0,3029315
rcsBp1,0.1111111111111111,8,8,TAAGGTGGTCGATGAGGAGT,0,3051774
rcsBp1,0.1111111111111111,8,8,TAAACGTGCCAGGCTGTTCT,0,3049805
rcsBp1,0.1111111111111111,8,8,TAAAAGAGCACGCTTGGGAC,0,3035139
rcsBp1,0.1111111111111111,8,8,GTTTGTTATCCGCAGTCTGC,0,3040383
rcsBp1,0.1111111111111111,8,8,GTTTGTGATTAATGCTACGA,0,3061228
rcsBp1,0.1111111111111111,8,8,GTTTCCGCTTGTATATTACC,0,3036346
rcsBp1,0.1111111111111111,8,8,GTTTATATACTTAATGTTAT,0,3059708
rcsBp1,0.1111111111111111,8,8,GTTGGGTTGCGTAAAGGAAT,0,3071277
rcsBp1,0.1111111111111111,8,8,GTTGCAGTAGTCAAAGCCTC,0,3029654
rcsBp1,0.1111111111111111,8,8,GTTCTGGGATAGCAGATGAG,0,3039463
rcsBp1,0.1111111111111111,8,8,GTTCACCCCGAAGCATCGAG,0,3055096
rcsBp1,0.1111111111111111,8,8,GTGTTAACCGTAATGAACTA,0,3048646
rcsBp1,0.1111111111111111,8,8,GTGTATCTGAGCTCAAAAAG,0,3056901
rcsBp1,0.1111111111111111,8,8,GTGGTGTTTGGTTGCGTATA,0,3044875
rcsBp1,0.1111111111111111,8,8,GTGGGTAGGCTATAATGCCA,0,3023171
rcsBp1,0.1111111111111111,8,8,GTGGCGAACTTTAGAACCAT,0,3029295
rcsBp1,0.1111111111111111,8,8,GTGCTTAGGATCACTCAATA,0,3047118
rcsBp1,0.1111111111111111,8,8,GTGCATAGAGTAGTGCCGGA,0,3045731
rcsBp1,0.1111111111111111,8,8,GTGAGTGTGCTGCGCTTCCC,0,3046750
rcsBp1,0.1111111111111111,8,8,GTCTGGTTTATTGACCTAAG,0,3039109
rcsBp1,0.1111111111111111,8,8,GTCTCCTCTAATCCATGGAT,0,3059161
rcsBp1,0.1111111111111111,8,8,GTCGTTGGTTCGTAACTTAC,0,3052421
rcsBp1,0.1111111111111111,8,8,GTCGGTCCGTTATGGCCGAG,0,3043895
rcsBp1,0.1111111111111111,8,8,GTCAGCCTTATATAACGTCA,0,3042795
rcsBp1,0.1111111111111111,8,8,GTATATGATCTTGGTTGGAC,0,3066363
rcsBp1,0.1111111111111111,8,8,GTATATGATAGCCAGCGAGG,0,3044825
rcsBp1,0.1111111111111111,8,8,GTATAGGGAACCCCAGGCTT,0,3070286
rcsBp1,0.1111111111111111,8,8,GTATAATCGCCACTGGGACA,0,3035320
rcsBp1,0.1111111111111111,8,8,GTAGCAAGTCAAGGTAAACT,0,3049474
rcsBp1,0.1111111111111111,8,8,GTACGGGCGGCGGTGGACTC,0,3027578
rcsBp1,0.1111111111111111,8,8,GTACGAACGAGTCGGGAAAA,0,3066762
rcsBp1,0.1111111111111111,8,8,GGTTGACCCGCTATAAGCAA,0,3057298
rcsBp1,0.1111111111111111,8,8,GGTTCACAGCTGGTACCTGT,0,3037885
rcsBp1,0.1111111111111111,8,8,GGTCAATAAGGTGATTCACG,0,3054703
rcsBp1,0.1111111111111111,8,8,GGTAAAAGTCATGTTGGTAC,0,3033467
rcsBp1,0.1111111111111111,8,8,GGGTGTTGCAAGTCTTAATC,0,3046185
rcsBp1,0.1111111111111111,8,8,GGGGTTGCGACGTGACAACG,0,3061993
rcsBp1,0.1111111111111111,8,8,GGGGATAGTATAACATGGTG,0,3028423
rcsBp1,0.1111111111111111,8,8,GGGGACCAGGAGAGAACTTG,0,3068409
rcsBp1,0.1111111111111111,8,8,GGGCTGTGCTCAGTGGTAAT,0,3069726
rcsBp1,0.1111111111111111,8,8,GGGCGAGGAGTGATCCCTAC,0,3071255
rcsBp1,0.1111111111111111,8,8,GGGAGAGTTAATAGTATTTT,0,3050516
rcsBp1,0.1111111111111111,8,8,GGCTTTATACTTGCTACTGA,0,3030889
rcsBp1,0.1111111111111111,8,8,GGCTGAAGCCGGGGCACACA,0,3036402
rcsBp1,0.1111111111111111,8,8,GGCGGCAGAATGTAGATGGT,0,3052896
rcsBp1,0.1111111111111111,8,8,GGCCGACCTTGGAAGGCAAC,0,3038559
rcsBp1,0.1111111111111111,8,8,GGCCATATAAGGTTCAGGAC,0,3026550
rcsBp1,0.1111111111111111,8,8,GGCCACTTCGACGTATTCCA,0,3049446
rcsBp1,0.1111111111111111,8,8,GGCAGTGGCATACGATCTGT,0,3031430
rcsBp1,0.1111111111111111,8,8,GGATCAGCACTCTCGCCCAG,0,3041329
rcsBp1,0.1111111111111111,8,8,GGAGGGCACCATGGAAAGCT,0,3037321
rcsBp1,0.1111111111111111,8,8,GGACATTGTCTTTCAAAGGC,0,3054644
rcsBp1,0.1111111111111111,8,8,GGACAGTGCGGCACGAGTCC,0,3065668
rcsBp1,0.1111111111111111,8,8,GGAATTTGGAATCCGGGGAA,0,3060630
rcsBp1,0.1111111111111111,8,8,GGAATCACGCAATCTTGGTG,0,3027647
rcsBp1,0.1111111111111111,8,8,GCTTTAGGCCTTGATGTGGT,0,3032889
rcsBp1,0.1111111111111111,8,8,GCTTGCGGAACCGTGTGTGA,0,3063074
rcsBp1,0.1111111111111111,8,8,GCTTATCCTGCTGGGATTGA,0,3025803
rcsBp1,0.1111111111111111,8,8,GCTGCGTAGTGCCGAAGTTT,0,3053984
rcsBp1,0.1111111111111111,8,8,GCTGATCGTTCAGGTGTACA,0,3024876
rcsBp1,0.1111111111111111,8,8,GCTAGAGTGGTTCCCGCCCA,0,3040526
rcsBp1,0.1111111111111111,8,8,GCGTTTACTAAGCTCAAACT,0,3069567
rcsBp1,0.1111111111111111,8,8,GCGGCACCAGGATTAGTCCT,0,3035044
rcsBp1,0.1111111111111111,8,8,GCGGACTGTTTACGTTGTAG,0,3062484
rcsBp1,0.1111111111111111,8,8,GCGCGGTAAAATTCGTTAGG,0,3032583
rcsBp1,0.1111111111111111,8,8,GCGAGACAACAGGTGAGACT,0,3040018
rcsBp1,0.1111111111111111,8,8,GCCTCGTATAGCTGGACTTA,0,3024300
rcsBp1,0.1111111111111111,8,8,GCCTCAAGCTCACGTGCTAT,0,3056275
rcsBp1,0.1111111111111111,8,8,GCCGGCCCCATTTCATCCCA,0,3069356
rcsBp1,0.1111111111111111,8,8,GCCCGGGTCTCCTGCAAGTT,0,3065355
rcsBp1,0.1111111111111111,8,8,GCCATTAAGGTACGTCTACT,0,3058318
rcsBp1,0.1111111111111111,8,8,GCCACTCAAAGGGCGCTATG,0,3043512
rcsBp1,0.1111111111111111,8,8,GCATGAATGCCATCCGTAGA,0,3064814
rcsBp1,0.1111111111111111,8,8,GCATACGTGCGGTACGTTCG,0,3047897
rcsBp1,0.1111111111111111,8,8,GCAGGGTCTGGGCTTCGCTG,0,3057069
rcsBp1,0.1111111111111111,8,8,GCAGCATCACTGCGTTTAAT,0,3061369
rcsBp1,0.1111111111111111,8,8,GCAGCAGGCCCCGTGTTTCA,0,3065177
rcsBp1,0.1111111111111111,8,8,GCAGCAACGCTGCGGATTGA,0,3044931
rcsBp1,0.1111111111111111,8,8,GCACGTCTTGTACGCCTTCA,0,3058415
rcsBp1,0.1111111111111111,8,8,GCACGCGGCTACTCGATAGC,0,3065260
rcsBp1,0.1111111111111111,8,8,GCACCGGGTAATTGTTGTCC,0,3068142
rcsBp1,0.1111111111111111,8,8,GCAAGGATTTTATCGGATCG,0,3050368
rcsBp1,0.1111111111111111,8,8,GCAAGAAGTGCGGAAAAAAA,0,3034012
rcsBp1,0.1111111111111111,8,8,GCAAGAAGCCACGTGACGCA,0,3027092
rcsBp1,0.1111111111111111,8,8,GCAACGGAGAAGATTACGCG,0,3024022
rcsBp1,0.1111111111111111,8,8,GATTTGTTTCAATGGCGATC,0,3053548
rcsBp1,0.1111111111111111,8,8,GATGTACGAAGAAACGAGAG,0,3062874
rcsBp1,0.1111111111111111,8,8,GATGAGCATAAACAAAGCAT,0,3034782
rcsBp1,0.1111111111111111,8,8,GATCGCGTGGTCAGGATACG,0,3046332
rcsBp1,0.1111111111111111,8,8,GATATCCAACTCTCGGGCTG,0,3043013
rcsBp1,0.1111111111111111,8,8,GAGTATGCTTGTGGGACGTT,0,3061763
rcsBp1,0.1111111111111111,8,8,GAGAGGAGGCTAGCGTCCGA,0,3032467
rcsBp1,0.1111111111111111,8,8,GAGAAAAAGCCTAAGCAGGA,0,3039480
rcsBp1,0.1111111111111111,8,8,GACTGTTGTCCATGGTGTAA,0,3063357
rcsBp1,0.1111111111111111,8,8,GACCCCCTTTGCCAGGACAT,0,3043222
rcsBp1,0.1111111111111111,8,8,GACCACAGGGTATCCGTTAT,0,3051378
rcsBp1,0.1111111111111111,8,8,GACATATTACCGACCCGAAC,0,3062790
rcsBp1,0.1111111111111111,8,8,GACACGTCAGTAATTTGTGT,0,3056129
rcsBp1,0.1111111111111111,8,8,GAATGGGCATGCGACCCAAA,0,3027230
rcsBp1,0.1111111111111111,8,8,GAACGGGGTGATTGCGAAAC,0,3044416
rcsBp1,0.1111111111111111,8,8,GAAAGGTATAAATAAGAATT,0,3045556
rcsBp1,0.1111111111111111,8,8,GAAAATCGGACTGTCGGAGT,0,3030655
rcsBp1,0.1111111111111111,8,8,CTTGTGCGAAGCCGCCCCAA,0,3048418
rcsBp1,0.1111111111111111,8,8,CTTCTGTTAGCGGGTTAGTT,0,3071974
rcsBp1,0.1111111111111111,8,8,CTTAAGTCTGGCGGTATGGT,0,3049134
rcsBp1,0.1111111111111111,8,8,CTGGATCGCTCATGTGATCG,0,3052455
rcsBp1,0.1111111111111111,8,8,CTGCTCTCTCGAGGGCCTCA,0,3055283
rcsBp1,0.1111111111111111,8,8,CTGCATTGACCACTTGCACG,0,3071497
rcsBp1,0.1111111111111111,8,8,CTGAGCGCTCTGGCGATATT,0,3040675
rcsBp1,0.1111111111111111,8,8,CTCTGTTTGGGAAGTGAAAG,0,3024936
rcsBp1,0.1111111111111111,8,8,CTCTCGGCGCCGTGTCAACT,0,3043744
rcsBp1,0.1111111111111111,8,8,CTCTAGATTCGTATCATGTA,0,3066400
rcsBp1,0.1111111111111111,8,8,CTCGGTGTCGAAAACAATTG,0,3065144
rcsBp1,0.1111111111111111,8,8,CTCGGGCCGGATAGGCTAAA,0,3035817
rcsBp1,0.1111111111111111,8,8,CTCGCACGGAGCTCCTGTAG,0,3040146
rcsBp1,0.1111111111111111,8,8,CTCGATACGCGCGCCTAGAT,0,3050064
rcsBp1,0.1111111111111111,8,8,CTCCTAATGAGACCAGCTTC,0,3035968
rcsBp1,0.1111111111111111,8,8,CTCCGAACGAGAGGAGTGAA,0,3028236
rcsBp1,0.1111111111111111,8,8,CTCCCTGCCCACATGTCTTG,0,3052779
rcsBp1,0.1111111111111111,8,8,CTCCCAAGGGGCCTTGAAGT,0,3051591
rcsBp1,0.1111111111111111,8,8,CTCATCTAATTTGTAAGAAT,0,3063650
rcsBp1,0.1111111111111111,8,8,CTCAACTACGCGGCGTCACA,0,3031217
rcsBp1,0.1111111111111111,8,8,CTCAACAAAGGTCGAAGAAT,0,3037018
rcsBp1,0.1111111111111111,8,8,CTATTCGAACGGGGTCTCCT,0,3070977
rcsBp1,0.1111111111111111,8,8,CTATTCCCGAAAGGTCTGGA,0,3032780
rcsBp1,0.1111111111111111,8,8,CTATCGCCGTGCACGCGAAC,0,3036923
rcsBp1,0.1111111111111111,8,8,CTATCCAATAGGCTATGGCT,0,3050886
rcsBp1,0.1111111111111111,8,8,CTAGAGCAGAGGGTAGGTGG,0,3023741
rcsBp1,0.1111111111111111,8,8,CTAATATGCGTGGAGACAAC,0,3052301
rcsBp1,0.1111111111111111,8,8,CGTTTTTAATTTGGCCGGTA,0,3057732
rcsBp1,0.1111111111111111,8,8,CGTGGATAGGACGCCCCAAA,0,3032670
rcsBp1,0.1111111111111111,8,8,CGTCTCTTACCTGACAGTGT,0,3056600
rcsBp1,0.1111111111111111,8,8,CGTCGATATTCCCGCATTCC,0,3024700
rcsBp1,0.1111111111111111,8,8,CGTATTCATTTACGAGGAAA,0,3057893
rcsBp1,0.1111111111111111,8,8,CGTAGAAACGATCATCGTCA,0,3027815
rcsBp1,0.1111111111111111,8,8,CGTACGGACGCGTGATCCAA,0,3034113
rcsBp1,0.1111111111111111,8,8,CGTAACCATGCTGAGCTCTT,0,3043045
rcsBp1,0.1111111111111111,8,8,CGGTAGGCTCGTAAGACTAT,0,3027983
rcsBp1,0.1111111111111111,8,8,CGGGTGTCCTACGCGTCGGA,0,3023511
rcsBp1,0.1111111111111111,8,8,CGGGTCGCATCGGGGTAGCC,0,3060629
rcsBp1,0.1111111111111111,8,8,CGGGGGACTCAACGTGTACT,0,3049133
rcsBp1,0.1111111111111111,8,8,CGGGCTTACATCCGGTGCAT,0,3034259
rcsBp1,0.1111111111111111,8,8,CGGGCTCAAGGTGGTTACGG,0,3030082
rcsBp1,0.1111111111111111,8,8,CGGGAAACTAATAATATGGC,0,3048287
rcsBp1,0.1111111111111111,8,8,CGGAGTACTAGTGCAGTTGG,0,3034842
rcsBp1,0.1111111111111111,8,8,CGGAGCCCTTAACCGTATGG,0,3038878
rcsBp1,0.1111111111111111,8,8,CGCTTGGAGGTTGAGGGCGC,0,3045188
rcsBp1,0.1111111111111111,8,8,CGCTTCCCTGTGAGCCCCAT,0,3067139
rcsBp1,0.1111111111111111,8,8,CGCTCGGATCGTTTCCTGCG,0,3047370
rcsBp1,0.1111111111111111,8,8,CGCGTAAATTTCCCTGGCAA,0,3034220
rcsBp1,0.1111111111111111,8,8,CGCGAGTTTCCATAGGTAAG,0,3056155
rcsBp1,0.1111111111111111,8,8,CGCCGCGCATGCGTCACGCG,0,3062150
rcsBp1,0.1111111111111111,8,8,CGCCCTGAGGGGTTTGGGAC,0,3068479
rcsBp1,0.1111111111111111,8,8,CGCCATGCCCTTCCGGACGA,0,3069430
rcsBp1,0.1111111111111111,8,8,CGATCGGTATTTAGAAGGGT,0,3047642
rcsBp1,0.1111111111111111,8,8,CGATCGGGGTTGCCAGCAGA,0,3067711
rcsBp1,0.1111111111111111,8,8,CGAGTAAATCGTACCGCGGG,0,3060320
rcsBp1,0.1111111111111111,8,8,CGACTGATGGGTTTTTGGGG,0,3050884
rcsBp1,0.1111111111111111,8,8,CGAAATGAAAAATATTTGTA,0,3060844
rcsBp1,0.1111111111111111,8,8,CCTTCGCTGTCCCTGGCCGC,0,3049053
rcsBp1,0.1111111111111111,8,8,CCTTCACTGGGGCGGATGTT,0,3040777
rcsBp1,0.1111111111111111,8,8,CCTGAGCCACCGTAGCGTTG,0,3066478
rcsBp1,0.1111111111111111,8,8,CCTGAATGCTGAGATTCAAC,0,3052465
rcsBp1,0.1111111111111111,8,8,CCTATACTCCGGCCGCGACC,0,3050760
rcsBp1,0.1111111111111111,8,8,CCTACAACGTCGCACCTCGT,0,3052099
rcsBp1,0.1111111111111111,8,8,CCGGAACATGTCCGTAACAG,0,3040483
rcsBp1,0.1111111111111111,8,8,CCGCTCTGTCACCGAAACAA,0,3056133
rcsBp1,0.1111111111111111,8,8,CCGCTCCAAGAACGATTTAT,0,3067670
rcsBp1,0.1111111111111111,8,8,CCGAGGTGACCGATCTAAGG,0,3071576
rcsBp1,0.1111111111111111,8,8,CCCTTATGGGCAACTCCCGG,0,3055732
rcsBp1,0.1111111111111111,8,8,CCCGCATGTACAGATTGTCG,0,3070675
rcsBp1,0.1111111111111111,8,8,CCCGATCGCCCCCGAAATGA,0,3046326
rcsBp1,0.1111111111111111,8,8,CCCCGTGACTTGTCACGCCA,0,3053925
rcsBp1,0.1111111111111111,8,8,CCCCGCCACAGCATAGGTTT,0,3064580
rcsBp1,0.1111111111111111,8,8,CCCCCGTTGGCATTCCATAG,0,3041289
rcsBp1,0.1111111111111111,8,8,CCCAGGTCTTTACGGTTTCC,0,3031335
rcsBp1,0.1111111111111111,8,8,CCCACACGGCGTACAACCCC,0,3068997
rcsBp1,0.1111111111111111,8,8,CCATATGGAGTCCCAAGGTA,0,3050920
rcsBp1,0.1111111111111111,8,8,CCATATATGAGAAGAAAGCT,0,3038271
rcsBp1,0.1111111111111111,8,8,CCATAGTGCTGACCTATATG,0,3068117
rcsBp1,0.1111111111111111,8,8,CCAGCCGAGTAAACCCGAGT,0,3054034
rcsBp1,0.1111111111111111,8,8,CCACTGGTCGTCTTTAAGTT,0,3054891
rcsBp1,0.1111111111111111,8,8,CCACTGACGTCAGAAGAACC,0,3037386
rcsBp1,0.1111111111111111,8,8,CCAATTTCTTGACCTCTGTT,0,3026823
rcsBp1,0.1111111111111111,8,8,CCAACATCCCCCCCGAACCC,0,3028601
rcsBp1,0.1111111111111111,8,8,CATTAGGCTGTCCGGCTTCC,0,3022175
rcsBp1,0.1111111111111111,8,8,CATCGCTGCATCAATGACAC,0,3041622
rcsBp1,0.1111111111111111,8,8,CAGTATGCGATGCCACTCAA,0,3024757
rcsBp1,0.1111111111111111,8,8,CAGTATAACAAACCCCAGAG,0,3040274
rcsBp1,0.1111111111111111,8,8,CAGTACAATAGGCGGTTCTC,0,3052584
rcsBp1,0.1111111111111111,8,8,CAGGGATAGCAGCCCGTGGA,0,3036359
rcsBp1,0.1111111111111111,8,8,CAGGCACAATTGGCGTTCAA,0,3056042
rcsBp1,0.1111111111111111,8,8,CAGGAATACGGATCTTGGTA,0,3029897
rcsBp1,0.1111111111111111,8,8,CAGCGTCGGCTTGAAGGAGG,0,3036001
rcsBp1,0.1111111111111111,8,8,CAGAGTGGATTCCCGTGGAG,0,3071387
rcsBp1,0.1111111111111111,8,8,CAGACAGCGTACACTGTACT,0,3052522
rcsBp1,0.1111111111111111,8,8,CACTTTCCACAGTGACCATA,0,3050402
rcsBp1,0.1111111111111111,8,8,CACGTTTTTTTCACCAGACG,0,3029701
rcsBp1,0.1111111111111111,8,8,CACCTCCATCCGGCCCAGCT,0,3050158
rcsBp1,0.1111111111111111,8,8,CACCGGGAAAGTAGCAAAAT,0,3025402
rcsBp1,0.1111111111111111,8,8,CACAGTTACACCGTAACAAT,0,3045175
rcsBp1,0.1111111111111111,8,8,CAATGTGCAATACAGATGCT,0,3039095
rcsBp1,0.1111111111111111,8,8,CAATCTCAAGTCAGACTTGT,0,3070945
rcsBp1,0.1111111111111111,8,8,CAAGGCCTGCTACACCTTAA,0,3029503
rcsBp1,0.1111111111111111,8,8,CAAGACGAAGCGGCAACTGG,0,3027304
rcsBp1,0.1111111111111111,8,8,CAACTGCCGTGATTGCAGTT,0,3061556
rcsBp1,0.1111111111111111,8,8,CAAAGAACAACAGACTAAAG,0,3041599
rcsBp1,0.1111111111111111,8,8,ATTTTAGTGGGAAGCACAGT,0,3033753
rcsBp1,0.1111111111111111,8,8,ATTTATGAGGTACCTGTCTG,0,3031355
rcsBp1,0.1111111111111111,8,8,ATTCTAGTGTGTTGACTTAA,0,3056611
rcsBp1,0.1111111111111111,8,8,ATTCTACTAATTAACTACGG,0,3059651
rcsBp1,0.1111111111111111,8,8,ATTCGGCCTATTCGTACGGA,0,3073432
rcsBp1,0.1111111111111111,8,8,ATTAGTGCCATGAATCATTT,0,3036431
rcsBp1,0.1111111111111111,8,8,ATTAGCCGAAAGTGACGCTG,0,3068433
rcsBp1,0.1111111111111111,8,8,ATGTGCGAGTGTCTCTAGAC,0,3056962
rcsBp1,0.1111111111111111,8,8,ATGTGACTGGTTAGGTCTAG,0,3035117
rcsBp1,0.1111111111111111,8,8,ATGTCTGTCCTAGTGTTCAC,0,3034844
rcsBp1,0.1111111111111111,8,8,ATGGGTAGCTCGATCTGCAG,0,3048710
rcsBp1,0.1111111111111111,8,8,ATGGGGTTTACCCAAATCTC,0,3058224
rcsBp1,0.1111111111111111,8,8,ATGGGGCGGGCAACTGGTTA,0,3025032
rcsBp1,0.1111111111111111,8,8,ATGGGGACAGACGAGACCCT,0,3071275
rcsBp1,0.1111111111111111,8,8,ATGGACATGGTGGGACGGAA,0,3067602
rcsBp1,0.1111111111111111,8,8,ATGCGAGCAACTTGCAGGTC,0,3053396
rcsBp1,0.1111111111111111,8,8,ATGACACTAAACAAAGTAAT,0,3062881
rcsBp1,0.1111111111111111,8,8,ATCTTTGGATATAAGCGTAG,0,3049727
rcsBp1,0.1111111111111111,8,8,ATCGGGGATTTTGCCACGTA,0,3034391
rcsBp1,0.1111111111111111,8,8,ATCGCGGAAGACGTCTATAC,0,3048292
rcsBp1,0.1111111111111111,8,8,ATCCTTATTCCCACGGCGTT,0,3034431
rcsBp1,0.1111111111111111,8,8,ATCCTAACGCATAGCAGGAA,0,3067652
rcsBp1,0.1111111111111111,8,8,ATCCACGTCTCAGGCCAATC,0,3035487
rcsBp1,0.1111111111111111,8,8,ATCAGTCACTAAGCACACGA,0,3027864
rcsBp1,0.1111111111111111,8,8,ATCAGTACTCAAGCCCAGGC,0,3070742
rcsBp1,0.1111111111111111,8,8,ATCAATTTAATAGGCTGATT,0,3055284
rcsBp1,0.1111111111111111,8,8,ATATTTGGTGGAAAGCGGAA,0,3045558
rcsBp1,0.1111111111111111,8,8,ATAGTGTGGACGGCCCAGTC,0,3032586
rcsBp1,0.1111111111111111,8,8,ATAGGGACGGGTTGTACGGT,0,3055788
rcsBp1,0.1111111111111111,8,8,ATAGCGACCGTCAAAGATGG,0,3053172
rcsBp1,0.1111111111111111,8,8,ATAGACAGGACGGCAGTAAA,0,3051553
rcsBp1,0.1111111111111111,8,8,ATACAAATTGATCATTGCTG,0,3061640
rcsBp1,0.1111111111111111,8,8,ATAATGACAATACATGTTTA,0,3029367
rcsBp1,0.1111111111111111,8,8,AGTTTTCAGGTAATGTTTCG,0,3023866
rcsBp1,0.1111111111111111,8,8,AGTTCACCCTCGACAAAATT,0,3035616
rcsBp1,0.1111111111111111,8,8,AGTTAGGCTTATCGGGACTA,0,3027276
rcsBp1,0.1111111111111111,8,8,AGTGTCAGTACAGACAGGGA,0,3032638
rcsBp1,0.1111111111111111,8,8,AGTCAAGCAATAGAGACGAA,0,3069247
rcsBp1,0.1111111111111111,8,8,AGTATCTATAAGTAATTTGG,0,3037469
rcsBp1,0.1111111111111111,8,8,AGTAGGGGTTCTCCGTTCTC,0,3029915
rcsBp1,0.1111111111111111,8,8,AGGTCGAGAGCATGTAGGTT,0,3024583
rcsBp1,0.1111111111111111,8,8,AGGGTTAGATCCATATAAGG,0,3038595
rcsBp1,0.1111111111111111,8,8,AGGGGTGCTATATATCATTC,0,3060981
rcsBp1,0.1111111111111111,8,8,AGGCGTCGCTGGCATTGAGG,0,3071611
rcsBp1,0.1111111111111111,8,8,AGGATCGACTGCTTCCAGCT,0,3055976
rcsBp1,0.1111111111111111,8,8,AGGACACTCGCTGGGCTCGG,0,3022177
rcsBp1,0.1111111111111111,8,8,AGGAAGTCGTATCAAGGAAA,0,3037841
rcsBp1,0.1111111111111111,8,8,AGCTGGGGGACGGGAAGACA,0,3032078
rcsBp1,0.1111111111111111,8,8,AGCGGAGATTATGCAGTTCC,0,3064211
rcsBp1,0.1111111111111111,8,8,AGCGCCCACTCCAGAGGTAC,0,3036908
rcsBp1,0.1111111111111111,8,8,AGCGAGACGGCCCGCAGATT,0,3034527
rcsBp1,0.1111111111111111,8,8,AGCAGTTGCTCACCGGCACC,0,3029366
rcsBp1,0.1111111111111111,8,8,AGCAAACATTCGTAAGCTTT,0,3064839
rcsBp1,0.1111111111111111,8,8,AGATTGCGTGGTGTTGGCGT,0,3066993
rcsBp1,0.1111111111111111,8,8,AGATTCTCGGTTGCATTCTT,0,3028875
rcsBp1,0.1111111111111111,8,8,AGATTACGTGCTCAGGCTCG,0,3046366
rcsBp1,0.1111111111111111,8,8,AGAGTATTGTATTACAATGT,0,3050239
rcsBp1,0.1111111111111111,8,8,AGAGTAACGGACATATTGCT,0,3072950
rcsBp1,0.1111111111111111,8,8,AGAGCGCCGCTACAACTGAC,0,3063935
rcsBp1,0.1111111111111111,8,8,AGAGACAGTTAACTTCACTT,0,3028599
rcsBp1,0.1111111111111111,8,8,AGACGTGGTTCCGATGGCTG,0,3038242
rcsBp1,0.1111111111111111,8,8,AGACGGGGCGGTTCCCAGGC,0,3059215
rcsBp1,0.1111111111111111,8,8,AGACATTACATTCGGTTGAT,0,3036890
rcsBp1,0.1111111111111111,8,8,AGAATCGAGCCGGTCCCGTC,0,3052026
rcsBp1,0.1111111111111111,8,8,ACTTTGCTAGTTAAACTTCA,0,3024474
rcsBp1,0.1111111111111111,8,8,ACTGGGGATCGCTCGGGCCG,0,3062749
rcsBp1,0.1111111111111111,8,8,ACTGAGCGATCGCTGAGTCA,0,3062757
rcsBp1,0.1111111111111111,8,8,ACTGACATGGTCTATCACCT,0,3038910
rcsBp1,0.1111111111111111,8,8,ACTATGGTTCGGATCCCTTC,0,3024025
rcsBp1,0.1111111111111111,8,8,ACTAGCTAACGTCACGCAAG,0,3067671
rcsBp1,0.1111111111111111,8,8,ACTACAACCGAAATACTGAT,0,3033345
rcsBp1,0.1111111111111111,8,8,ACGTTCTAAGTAAGTGCTCA,0,3073208
rcsBp1,0.1111111111111111,8,8,ACGTGTGCGTTTTTACATGA,0,3044427
rcsBp1,0.1111111111111111,8,8,ACGTGAGGTCTCGCGGCAGT,0,3055411
rcsBp1,0.1111111111111111,8,8,ACGTCACCCAAGCGGTTGAA,0,3071660
rcsBp1,0.1111111111111111,8,8,ACGGTCTGGGTCCATCTTAT,0,3060389
rcsBp1,0.1111111111111111,8,8,ACGGGTAGAACGCAGCGGGA,0,3045278
rcsBp1,0.1111111111111111,8,8,ACGGCTCTCCTCCGGTATTA,0,3024709
rcsBp1,0.1111111111111111,8,8,ACGGCCATATGTTTCTCATT,0,3055701
rcsBp1,0.1111111111111111,8,8,ACGCGTTCCTCTGTGAAGGC,0,3032947
rcsBp1,0.1111111111111111,8,8,ACGCCGCTAGTTCGTCCCAC,0,3040723
rcsBp1,0.1111111111111111,8,8,ACGCCCCTACAGCGGGAAGA,0,3028528
rcsBp1,0.1111111111111111,8,8,ACGCAGGTGCATCTGACCCC,0,3056805
rcsBp1,0.1111111111111111,8,8,ACGAATACTTGCCTGTCCTC,0,3070785
rcsBp1,0.1111111111111111,8,8,ACCTAGGACCGCCGTTGCAT,0,3029198
rcsBp1,0.1111111111111111,8,8,ACCGTTAATCAGGTGACAAC,0,3042470
rcsBp1,0.1111111111111111,8,8,ACCCATGAGAATTAAAACGT,0,3051982
rcsBp1,0.1111111111111111,8,8,ACCAATCCGAGTCGGCCGCT,0,3063258
rcsBp1,0.1111111111111111,8,8,ACACAGTAACCTCTTAAGGT,0,3031123
rcsBp1,0.1111111111111111,8,8,ACAAGAATGGCCCTCATTTT,0,3032684
rcsBp1,0.1111111111111111,8,8,AATGGACGCACTCCCGGAAT,0,3044476
rcsBp1,0.1111111111111111,8,8,AATGATGATGAGTGAGATGG,0,3041110
rcsBp1,0.1111111111111111,8,8,AATGAACTGGCAATAACCGG,0,3049187
rcsBp1,0.1111111111111111,8,8,AATCTAACCAGGAATAGCCA,0,3061920
rcsBp1,0.1111111111111111,8,8,AATCGTATACCTCATGTAAA,0,3043927
rcsBp1,0.1111111111111111,8,8,AATCGGCTGAAAACCATATC,0,3028399
rcsBp1,0.1111111111111111,8,8,AATAGGGCTAGAGTTGGGCT,0,3046127
rcsBp1,0.1111111111111111,8,8,AAGTTGGTAAGACGACACTT,0,3068407
rcsBp1,0.1111111111111111,8,8,AAGGTCGTAGGCCTACTGAG,0,3051276
rcsBp1,0.1111111111111111,8,8,AAGGCATATGCGGACCGTAT,0,3045307
rcsBp1,0.1111111111111111,8,8,AAGCACATGCACGGGTCCAT,0,3060425
rcsBp1,0.1111111111111111,8,8,AAGATTCTGTGTAGAGTGAA,0,3069724
rcsBp1,0.1111111111111111,8,8,AAGATGAAGTCATTATCACG,0,3048077
rcsBp1,0.1111111111111111,8,8,AAGATACCACACCAACTGGA,0,3067383
rcsBp1,0.1111111111111111,8,8,AAGAGGACGTAACACCGCGG,0,3059701
rcsBp1,0.1111111111111111,8,8,AACTAGCTTTTCTGTTGTAA,0,3046927
rcsBp1,0.1111111111111111,8,8,AACTAGATCGAAGAGGTATG,0,3025097
rcsBp1,0.1111111111111111,8,8,AACATTTTCCTCCATGTTTT,0,3052661
rcsBp1,0.1111111111111111,8,8,AACAGTGGTCTCCAATTTAA,0,3030239
rcsBp1,0.1111111111111111,8,8,AAATCCGACGTCTCGGTAAC,0,3061402
rcsBp1,0.1111111111111111,8,8,AAAGGGCTCGGTAATTGTTG,0,3065962
rcsBp1,0.1111111111111111,8,8,AAAGCCTGCACGTCTACGGA,0,3064230
rcsBp1,0.1111111111111111,8,8,AAACGGCACCTATCTTATGA,0,3025164
rcsBp1,0.1111111111111111,8,8,AAACGAATCATTATGGATAA,0,3040389
rcsBp1,0.1111111111111111,8,8,AAACCTTGTTTTGGAAATGT,0,3030700
rcsBp1,0.1111111111111111,8,8,AAACACCTCTAAAGCCATGG,0,3024750
rcsBp1,0.1111111111111111,8,8,AAAATGCCAAAGAACACTGT,0,3030884
rcsBp1,0.125,7,7,TTTTTCATTCTGTTGGGTTC,0,3064344
rcsBp1,0.125,7,7,TTTTTAAGTTTGGCAGCGAA,0,3042823
rcsBp1,0.125,7,7,TTTTGTAATAAACCATTCCG,0,3041741
rcsBp1,0.125,7,7,TTTTCGGGCAAATTGGTCGT,0,3038700
rcsBp1,0.125,7,7,TTTTATCAAATTGGCTGTTT,0,3070284
rcsBp1,0.125,7,7,TTTGCTATCGTACTCAAGTT,0,3046914
rcsBp1,0.125,7,7,TTTCACGCCCGCCCAAAAGA,0,3027409
rcsBp1,0.125,7,7,TTTCACGCATGCGTACCAGG,0,3058468
rcsBp1,0.125,7,7,TTTATTGACAGTCCGCGAAA,0,3066770
rcsBp1,0.125,7,7,TTTAGATTGCGTCGGAGATA,0,3032860
rcsBp1,0.125,7,7,TTTAACTCATTCGTGATCTG,0,3036563
rcsBp1,0.125,7,7,TTGTGTCATATCGTTGACTA,0,3021798
rcsBp1,0.125,7,7,TTGGTGTGCTCGGAGAGTGA,0,3028742
rcsBp1,0.125,7,7,TTGGGAGGCCCGTTTTCGTG,0,3065584
rcsBp1,0.125,7,7,TTGGCATTCATGGAGCTAGA,0,3046246
rcsBp1,0.125,7,7,TTGGATGTTTCGTGTTGAGC,0,3037005
rcsBp1,0.125,7,7,TTGGACCACGGACGAACTCA,0,3032439
rcsBp1,0.125,7,7,TTGCCCCTCCGTGTTAAGCA,0,3049808
rcsBp1,0.125,7,7,TTGCCCACCGCGTAGATAAG,0,3053337
rcsBp1,0.125,7,7,TTGCATACAGTAAAGTAGAT,0,3028591
rcsBp1,0.125,7,7,TTGACGTAGCAACTAAATCA,0,3065921
rcsBp1,0.125,7,7,TTCTGTGCTAATTGTTTGGT,0,3055069
rcsBp1,0.125,7,7,TTCTGCTGAAAACTTGAGTC,0,3034235
rcsBp1,0.125,7,7,TTCTCAAAAACCACCACCAA,0,3068524
rcsBp1,0.125,7,7,TTCGAGCCGCCATCTACGCA,0,3048578
rcsBp1,0.125,7,7,TTCCTGGTCCTAGCGGAAGT,0,3059544
rcsBp1,0.125,7,7,TTCCTGGATTTTTGCAATGG,0,3043965
rcsBp1,0.125,7,7,TTCCCTCAGTTTCGGAGTTT,0,3057613
rcsBp1,0.125,7,7,TTCCAGACAACGGGGATTAA,0,3072163
rcsBp1,0.125,7,7,TTAGCTTGTCTTTGCTTACA,0,3057262
rcsBp1,0.125,7,7,TTAGCTGACGCTGTTGCCAT,0,3049769
rcsBp1,0.125,7,7,TTACCCGTACCCAATGTTGA,0,3034770
rcsBp1,0.125,7,7,TTAATTCGTCCAGCTCATAG,0,3028012
rcsBp1,0.125,7,7,TGTTGCGCCAGTGCCCGGTA,0,3035490
rcsBp1,0.125,7,7,TGTCGAGCCACCGATAGCCT,0,3022138
rcsBp1,0.125,7,7,TGTATCCCTCCCCGAGCTGT,0,3039183
rcsBp1,0.125,7,7,TGTAGTTACTGGCTGAGTCA,0,3069515
rcsBp1,0.125,7,7,TGTACCACACGAGCACGCGT,0,3044006
rcsBp1,0.125,7,7,TGTACATATGCCGACATCGT,0,3025073
rcsBp1,0.125,7,7,TGGGTGTCACCAAGCGTGGA,0,3054486
rcsBp1,0.125,7,7,TGGGTCAACACGAGACGTGA,0,3046191
rcsBp1,0.125,7,7,TGGGAAGGTTTTGCAGCGTA,0,3045431
rcsBp1,0.125,7,7,TGGCGGGAGCAGTGCCTAAT,0,3034005
rcsBp1,0.125,7,7,TGGCGCTTAGTTACGCTATC,0,3032884
rcsBp1,0.125,7,7,TGGCGAGTGGCGCGGGACTG,0,3061429
rcsBp1,0.125,7,7,TGGAGCCCTGCAGAGATATT,0,3027627
rcsBp1,0.125,7,7,TGCTTTCGATCGATCAGGTC,0,3064665
rcsBp1,0.125,7,7,TGCTGTGCGTCCGCCACACC,0,3049961
rcsBp1,0.125,7,7,TGCTCTGCCTCGAGTAGACT,0,3038407
rcsBp1,0.125,7,7,TGCGTCACAGCGCCCGTTAG,0,3071403
rcsBp1,0.125,7,7,TGCGATCGACTTTAATTGCG,0,3071244
rcsBp1,0.125,7,7,TGCGAGTCCTCTGGCTGCAA,0,3031887
rcsBp1,0.125,7,7,TGCCTTTAGCCAATTCATCC,0,3069818
rcsBp1,0.125,7,7,TGCCGCCCCTACGAGGCTTT,0,3043472
rcsBp1,0.125,7,7,TGCAGGTCGGAGAGTAATTT,0,3033978
rcsBp1,0.125,7,7,TGATTCTCCATCAGTGTACA,0,3064376
rcsBp1,0.125,7,7,TGATCGTGGCCTACCTATAT,0,3031272
rcsBp1,0.125,7,7,TGATATGCTCGACACGGCAG,0,3028867
rcsBp1,0.125,7,7,TGATAGCGAGTGGATTTTAC,0,3036992
rcsBp1,0.125,7,7,TGAGTAGTTGCGGCATCACG,0,3028722
rcsBp1,0.125,7,7,TGAGCCGGTAACCAACTCCT,0,3041657
rcsBp1,0.125,7,7,TGACGATTATGAAAATACAA,0,3042832
rcsBp1,0.125,7,7,TGAATCAACCCGTTCCCGTA,0,3049659
rcsBp1,0.125,7,7,TGAAGGCTGAGATTATCTAC,0,3057275
rcsBp1,0.125,7,7,TGAACCCTGATCGATTATAC,0,3067575
rcsBp1,0.125,7,7,TCTTTTAGGCATGGGCGCGG,0,3067098
rcsBp1,0.125,7,7,TCTTGGTTAAAATCCGCAGC,0,3056239
rcsBp1,0.125,7,7,TCTTGATTGGCAACAAGTGA,0,3045392
rcsBp1,0.125,7,7,TCTTCCAGTACTGTCTTTTC,0,3031717
rcsBp1,0.125,7,7,TCTTACTGCGGCTAAGGCTG,0,3031755
rcsBp1,0.125,7,7,TCTTAAGCAGTAACATCCCT,0,3058155
rcsBp1,0.125,7,7,TCTGTGGTTAGCCAAGGTAA,0,3035534
rcsBp1,0.125,7,7,TCTGTAAAACATCTGTCAAT,0,3040943
rcsBp1,0.125,7,7,TCTGCGATATTGCAAGGAGG,0,3057449
rcsBp1,0.125,7,7,TCTGCAAAGTTGCAACCGCC,0,3066597
rcsBp1,0.125,7,7,TCTCTATGGAACTGTCCTTA,0,3047716
rcsBp1,0.125,7,7,TCTCCTGGACAAGGAGGACC,0,3056164
rcsBp1,0.125,7,7,TCTCACGTTGGATGTGAAGG,0,3035857
rcsBp1,0.125,7,7,TCTATGATTGGTTGTCACCT,0,3032870
rcsBp1,0.125,7,7,TCTACTTATGAACGAATCAA,0,3070864
rcsBp1,0.125,7,7,TCGGGCAGCCCGCAAGCCAT,0,3051155
rcsBp1,0.125,7,7,TCGCTTTCTGGCGGCTGACG,0,3051873
rcsBp1,0.125,7,7,TCGCGTGAATTGAGGATACT,0,3027995
rcsBp1,0.125,7,7,TCGCAAGCTGTCCTAGGGAT,0,3040892
rcsBp1,0.125,7,7,TCGAAGGCATACCGATTATG,0,3031299
rcsBp1,0.125,7,7,TCCTTGTCCGGAAAGTGGTT,0,3061399
rcsBp1,0.125,7,7,TCCTCCCGCCTCTAGTGCCC,0,3058656
rcsBp1,0.125,7,7,TCCGTGGTTCGTTCCCGGGG,0,3051168
rcsBp1,0.125,7,7,TCCGCTGAGCATCCGTGCGG,0,3067616
rcsBp1,0.125,7,7,TCCGCAAGGGAACAAGAGCG,0,3045098
rcsBp1,0.125,7,7,TCCCGCTCTGTGGTGCCACA,0,3039245
rcsBp1,0.125,7,7,TCCCATCATGCGTACCACAG,0,3054893
rcsBp1,0.125,7,7,TCCCAACAGTATGTAGATCA,0,3060193
rcsBp1,0.125,7,7,TCCATATGGCTTGAGCACTA,0,3042193
rcsBp1,0.125,7,7,TCCAAACGCTCCTGGCCGAT,0,3058195
rcsBp1,0.125,7,7,TCATACGTTAGCACGCAGTA,0,3056499
rcsBp1,0.125,7,7,TCATACACTTGCCGCGGCAG,0,3072769
rcsBp1,0.125,7,7,TCAGTCTATCCGTACGCTTT,0,3041731
rcsBp1,0.125,7,7,TCACTATTTGTGAGGCACTG,0,3073574
rcsBp1,0.125,7,7,TCACCTCCAGACCTGCCACT,0,3047148
rcsBp1,0.125,7,7,TCACCGGAACTTTACGTTGA,0,3036202
rcsBp1,0.125,7,7,TCACATTTCCAAACGTGGAG,0,3068237
rcsBp1,0.125,7,7,TCAAGCCGCACTAGCTCTGT,0,3046600
rcsBp1,0.125,7,7,TATTTTATCGCGTGGACGGA,0,3029300
rcsBp1,0.125,7,7,TATTTCGGGATACCTCTGTT,0,3031697
rcsBp1,0.125,7,7,TATTTAGGGTTGGACCCGAA,0,3023455
rcsBp1,0.125,7,7,TATTCACGCTTAAGGCGAGC,0,3047038
rcsBp1,0.125,7,7,TATCGCCTTACCTTATTGGT,0,3032099
rcsBp1,0.125,7,7,TATCCGGGCACCCTACAATT,0,3032817
rcsBp1,0.125,7,7,TATATTTTATGGGGTCCGCT,0,3040057
rcsBp1,0.125,7,7,TATAAGTTTTCACCGTTGTA,0,3051329
rcsBp1,0.125,7,7,TAGGTGGTTTGTTCTTTTAC,0,3039198
rcsBp1,0.125,7,7,TAGGGCATGTGGCTAAACGA,0,3065838
rcsBp1,0.125,7,7,TAGGAACCAGCAGGCTCTGC,0,3040083
rcsBp1,0.125,7,7,TAGCTCAGTTTACGGAGCCG,0,3052387
rcsBp1,0.125,7,7,TAGCGTGATTACGCACAGAC,0,3041275
rcsBp1,0.125,7,7,TAGCCTGAAAATGGCCGGCA,0,3024541
rcsBp1,0.125,7,7,TACGTTAAGAACCCTTCGAT,0,3028276
rcsBp1,0.125,7,7,TACGTGAGGCCCTTAGTGGG,0,3057379
rcsBp1,0.125,7,7,TACGTGAATTAGGAATGGTT,0,3040000
rcsBp1,0.125,7,7,TACCGTTGACCCTAGAGGTC,0,3048602
rcsBp1,0.125,7,7,TACATACCGGTAACACGATA,0,3065546
rcsBp1,0.125,7,7,TAAGGATCCCACCGGATATT,0,3027263
rcsBp1,0.125,7,7,TAACGGGTTTGCGCACGATA,0,3043492
rcsBp1,0.125,7,7,TAACGAATAAACGCCTTGTA,0,3048265
rcsBp1,0.125,7,7,TAACGAAAGTTAATATTCAA,0,3064636
rcsBp1,0.125,7,7,GTTTACACATCAGGAGACCA,0,3044125
rcsBp1,0.125,7,7,GTTGCCCCGGTGGCGCGCTG,0,3060594
rcsBp1,0.125,7,7,GTTGATGTGTGTCGTTCCAT,0,3039581
rcsBp1,0.125,7,7,GTTCGTATCCCAATTATTCG,0,3053292
rcsBp1,0.125,7,7,GTTCGGGACCGGTGAAAGGT,0,3043779
rcsBp1,0.125,7,7,GTTCCTTGGGGCACCAACAA,0,3028124
rcsBp1,0.125,7,7,GTTCAGCGATTTCGGCTTGC,0,3050474
rcsBp1,0.125,7,7,GTTCAAAGCGGGTTTCCCGT,0,3059366
rcsBp1,0.125,7,7,GTTATGAGTTCTTCTCATTT,0,3023431
rcsBp1,0.125,7,7,GTTATAAGGAACGCCAATTA,0,3036479
rcsBp1,0.125,7,7,GTTACTGCGATTAGTACCTA,0,3057774
rcsBp1,0.125,7,7,GTTACGCCCCGGCTTGTACG,0,3068885
rcsBp1,0.125,7,7,GTTAATATTGGGTATTTTTG,0,3032149
rcsBp1,0.125,7,7,GTGTTCATGAGTACGTTCCC,0,3043237
rcsBp1,0.125,7,7,GTGTCGTGGACAAAACAAAC,0,3023889
rcsBp1,0.125,7,7,GTGTCATTAGTGTGAATAGT,0,3049670
rcsBp1,0.125,7,7,GTGGAGGCACATACTTTTTA,0,3069016
rcsBp1,0.125,7,7,GTGCGTAGCGAAAATAGGTA,0,3059071
rcsBp1,0.125,7,7,GTGCGGCCAAAGCTTAAAGG,0,3057501
rcsBp1,0.125,7,7,GTGCCGTGGGGGTAAATCGT,0,3065086
rcsBp1,0.125,7,7,GTGCACCACGTGTATGCGCA,0,3048878
rcsBp1,0.125,7,7,GTGATCACGTTTCCTACCCT,0,3056844
rcsBp1,0.125,7,7,GTGACCGGATCGATGGGCTA,0,3065834
rcsBp1,0.125,7,7,GTGACACGGCTAAAAGCCCA,0,3036068
rcsBp1,0.125,7,7,GTCTATAAGCTAAGCTAGCG,0,3024017
rcsBp1,0.125,7,7,GTCGGGCCACGCGATATCAA,0,3056538
rcsBp1,0.125,7,7,GTCGGCAATCCGATTCAATG,0,3051857
rcsBp1,0.125,7,7,GTCGAATGGTGCACCGCTCA,0,3070359
rcsBp1,0.125,7,7,GTCCCTGAAACATATACTTT,0,3035738
rcsBp1,0.125,7,7,GTCATTTAACAAGATGGGCA,0,3065462
rcsBp1,0.125,7,7,GTCAAGACGATGCCCCTTGA,0,3066994
rcsBp1,0.125,7,7,GTATATGATGTTCAGTGCCA,0,3065619
rcsBp1,0.125,7,7,GTACTCCCCACGCGGCGGGA,0,3068300
rcsBp1,0.125,7,7,GTACAAACTGTGGCCGAATG,0,3024858
rcsBp1,0.125,7,7,GTAAATATATGGGGAGAACC,0,3025035
rcsBp1,0.125,7,7,GGTTTGCCGGATTAGTTTGG,0,3072692
rcsBp1,0.125,7,7,GGTTTCTATTATGAGTGAGT,0,3030398
rcsBp1,0.125,7,7,GGTTGTAGGAAAAATATGTT,0,3024479
rcsBp1,0.125,7,7,GGTTGGAGCAGGCAGAAGTT,0,3063976
rcsBp1,0.125,7,7,GGTGTCCAGACCGCGCAACA,0,3040996
rcsBp1,0.125,7,7,GGTGGTCTCAGTCTGGCGAC,0,3032094
rcsBp1,0.125,7,7,GGTGGGTTTGAAACCAACTA,0,3057940
rcsBp1,0.125,7,7,GGTGGAGTCACTGGGAGTCC,0,3060802
rcsBp1,0.125,7,7,GGTGCCTGGCTGCTTACTAT,0,3048498
rcsBp1,0.125,7,7,GGTGAACAAAGGAAGAGATA,0,3073655
rcsBp1,0.125,7,7,GGTCGCTTGAATTTAGGATC,0,3032043
rcsBp1,0.125,7,7,GGTCCCCGTTATTGTGACGG,0,3046923
rcsBp1,0.125,7,7,GGTCCATATCCGACTTGCCC,0,3043535
rcsBp1,0.125,7,7,GGTCAACACGTCGCAACGAA,0,3031411
rcsBp1,0.125,7,7,GGTCAAACTTCGATCTACAT,0,3057528
rcsBp1,0.125,7,7,GGTACACCCGTGGGATGTGG,0,3029347
rcsBp1,0.125,7,7,GGGTTTGGGTCCGCGGTGGG,0,3057499
rcsBp1,0.125,7,7,GGGTCGGCGAGTCCGGGGAA,0,3068291
rcsBp1,0.125,7,7,GGGTAAGTTCGAAAGTAGGA,0,3042953
rcsBp1,0.125,7,7,GGGGATCGCAGTAAACTGTT,0,3063774
rcsBp1,0.125,7,7,GGGGAGATCGTATGGGTTCT,0,3040624
rcsBp1,0.125,7,7,GGGCGAAGTGACGGCGCGTA,0,3036170
rcsBp1,0.125,7,7,GGGCATACCGCATATGGGCA,0,3050468
rcsBp1,0.125,7,7,GGGCAGAAGTTTAAAGCTGG,0,3036815
rcsBp1,0.125,7,7,GGGCACTGGTAGATCCTCCG,0,3057820
rcsBp1,0.125,7,7,GGGCAATCGCGGTGGATGCT,0,3032132
rcsBp1,0.125,7,7,GGGATCGTGACAACACCGAG,0,3026372
rcsBp1,0.125,7,7,GGGAAGAGCTCCCCAAAGAA,0,3070221
rcsBp1,0.125,7,7,GGCTAGCGCCTTTTATAATG,0,3043573
rcsBp1,0.125,7,7,GGCTACAGTAGGCACGTCTG,0,3033577
rcsBp1,0.125,7,7,GGCGAGCTTCGTCAACGCAG,0,3035937
rcsBp1,0.125,7,7,GGCCGGTAGACTAAAAGCAA,0,3038173
rcsBp1,0.125,7,7,GGCATGTTCTGGCCAGTCAG,0,3068557
rcsBp1,0.125,7,7,GGATGATGCCCCTGAGGTGA,0,3050687
rcsBp1,0.125,7,7,GGATCAACGCGGCCAAATGG,0,3026230
rcsBp1,0.125,7,7,GGATACGATATAGGATTATA,0,3033056
rcsBp1,0.125,7,7,GGATACAGGAAAGGTAGCTA,0,3059951
rcsBp1,0.125,7,7,GGAGTTTCATCAGCAACTGA,0,3027339
rcsBp1,0.125,7,7,GGAGCAGATACAGCAAAGTG,0,3057330
rcsBp1,0.125,7,7,GGAGCAACTCATCCTCGAAA,0,3064459
rcsBp1,0.125,7,7,GGACTTACGGACACTTAGCT,0,3038362
rcsBp1,0.125,7,7,GGACCGGTAAATCACGTGCG,0,3066131
rcsBp1,0.125,7,7,GGAATGGCCAATCAGTGGTT,0,3022379
rcsBp1,0.125,7,7,GGAATAGGTTAGTCCGCCAA,0,3043862
rcsBp1,0.125,7,7,GGAAACGACCTTATCTGTCA,0,3033925
rcsBp1,0.125,7,7,GCTTCATACAGGGCTAAGCA,0,3068383
rcsBp1,0.125,7,7,GCTGCGCTAGTGCCGCATAA,0,3054763
rcsBp1,0.125,7,7,GCTGACCGAAGGAAGATCCG,0,3048378
rcsBp1,0.125,7,7,GCGTGTAGGACAGAGGTCCC,0,3022577
rcsBp1,0.125,7,7,GCGTCTAGACCCTGTACGCA,0,3054425
rcsBp1,0.125,7,7,GCGTATAGTGATAATTAAGG,0,3051064
rcsBp1,0.125,7,7,GCGGCTGGTCCGGGGAGAGC,0,3036922
rcsBp1,0.125,7,7,GCGCTGCTCAATATCGTATA,0,3067031
rcsBp1,0.125,7,7,GCGCGCTCACCGCAACACGG,0,3052339
rcsBp1,0.125,7,7,GCGCCGTCGGCGTTACTTGT,0,3054328
rcsBp1,0.125,7,7,GCGATGGCGTCGCAGGGACT,0,3073388
rcsBp1,0.125,7,7,GCCTTTGTGAAACAAGCCCA,0,3054668
rcsBp1,0.125,7,7,GCCTCCACAGGGTGAATGAG,0,3037639
rcsBp1,0.125,7,7,GCCTCAGATGTCCGCCTTAG,0,3068857
rcsBp1,0.125,7,7,GCCGTAGATGAACGTACGCT,0,3065945
rcsBp1,0.125,7,7,GCCGAGGTGTCCAACCCCAA,0,3053191
rcsBp1,0.125,7,7,GCCGAGCAAGATAACGACGT,0,3031630
rcsBp1,0.125,7,7,GCCGACCCCGCGTCAAGCTA,0,3038921
rcsBp1,0.125,7,7,GCCCTACACTTAATGAAATG,0,3055502
rcsBp1,0.125,7,7,GCCCCGAGAGGCTTAGATTT,0,3039136
rcsBp1,0.125,7,7,GCCAGCCGGGGTCGAACAAA,0,3048099
rcsBp1,0.125,7,7,GCCAGCCCCTTTCTCTAGTA,0,3044657
rcsBp1,0.125,7,7,GCCAACCATATAGTTCACCT,0,3039252
rcsBp1,0.125,7,7,GCAGTTAAGTCAATGCCTTC,0,3038922
rcsBp1,0.125,7,7,GCAGGCACGCCATATAGAGT,0,3046543
rcsBp1,0.125,7,7,GCAGATTGCGTCCTCACAAA,0,3069775
rcsBp1,0.125,7,7,GCACCCAACGATTTACCCTC,0,3026949
rcsBp1,0.125,7,7,GCAATCATGATGGAAGTACT,0,3032393
rcsBp1,0.125,7,7,GCAAGATCAAGTCGTGGGAT,0,3049425
rcsBp1,0.125,7,7,GCAACGGGTTCCCACTGGCG,0,3070120
rcsBp1,0.125,7,7,GATTTGGGGTAGTTCGTAAG,0,3044396
rcsBp1,0.125,7,7,GATTGTTAATGTCTTCTAGA,0,3053745
rcsBp1,0.125,7,7,GATTGATTTGACCGTGCAGA,0,3056856
rcsBp1,0.125,7,7,GATGTTCACTCTGAATGGGA,0,3038928
rcsBp1,0.125,7,7,GATGGTGATCCTCAATACAC,0,3051388
rcsBp1,0.125,7,7,GATGGCCCCGGGGTGCGAGT,0,3046567
rcsBp1,0.125,7,7,GATCCAACCATCTCACGTGT,0,3054115
rcsBp1,0.125,7,7,GATAATCAGGTATAGCTAAC,0,3057287
rcsBp1,0.125,7,7,GATAACTTGGACGAAATTTT,0,3038829
rcsBp1,0.125,7,7,GAGTTCGAAGGAAGTGTCCA,0,3030778
rcsBp1,0.125,7,7,GAGTGCACGGCTACGTCCAG,0,3044463
rcsBp1,0.125,7,7,GAGTCTAAAAGGCTGATTCA,0,3068643
rcsBp1,0.125,7,7,GAGGTCGGTAGTAAAACCTC,0,3036245
rcsBp1,0.125,7,7,GAGGCTCAAGACGGGAAACT,0,3048342
rcsBp1,0.125,7,7,GAGGAGAGTGAGTTGTTGCG,0,3051824
rcsBp1,0.125,7,7,GAGCGTGCCGTTTAATCTGT,0,3032051
rcsBp1,0.125,7,7,GAGCGGGGTTCTTCGAACAA,0,3040984
rcsBp1,0.125,7,7,GAGCATCAAATAGTAATCAT,0,3033450
rcsBp1,0.125,7,7,GACTGTAACGTGAGTCTTCA,0,3073428
rcsBp1,0.125,7,7,GACCTGTGCGGGCGTCACTT,0,3068149
rcsBp1,0.125,7,7,GACCTGGATCCTACACGCAT,0,3055824
rcsBp1,0.125,7,7,GACATGGAGGCGCTCATATG,0,3049864
rcsBp1,0.125,7,7,GAATGTACGATCAACGCCTG,0,3039989
rcsBp1,0.125,7,7,GAATGGGTCCTATACTGGAA,0,3040391
rcsBp1,0.125,7,7,GAATGCAGGATTTAAAAATC,0,3043281
rcsBp1,0.125,7,7,GAACTTGGCACTGACGAGTA,0,3045449
rcsBp1,0.125,7,7,GAACCAGCAACCCCTAGATA,0,3056910
rcsBp1,0.125,7,7,GAAATGGGTGGGTCGTACCG,0,3052358
rcsBp1,0.125,7,7,GAAAGTGTAATGCAGCTTGT,0,3031535
rcsBp1,0.125,7,7,GAAAATGTGAGGTGTCCTCA,0,3024732
rcsBp1,0.125,7,7,CTTTGTAGGTCAGATTCGCG,0,3053369
rcsBp1,0.125,7,7,CTTTCTAGAGGGACCGTGGA,0,3041062
rcsBp1,0.125,7,7,CTTTAAAGGCACCTCCCTGC,0,3042471
rcsBp1,0.125,7,7,CTTGCAGCCTCCTATTTCGT,0,3030420
rcsBp1,0.125,7,7,CTTGATCGTGTAGACTCCTT,0,3048760
rcsBp1,0.125,7,7,CTTCGCACACAAATTACCCA,0,3062505
rcsBp1,0.125,7,7,CTTCAAAAATAAGCGGATTG,0,3048745
rcsBp1,0.125,7,7,CTGTTTCATCTGATGGCTTA,0,3060009
rcsBp1,0.125,7,7,CTGTTGGGAACAAGCCACGG,0,3067163
rcsBp1,0.125,7,7,CTGTGGGTATTCTGGTACGT,0,3072112
rcsBp1,0.125,7,7,CTGTGGAATGCTAGAGAGTA,0,3072747
rcsBp1,0.125,7,7,CTGTGGAAGTAGTTTCCTTG,0,3043682
rcsBp1,0.125,7,7,CTGTGATAATGCCTTGGGGG,0,3060636
rcsBp1,0.125,7,7,CTGTGACGACGGATAGTGGA,0,3026448
rcsBp1,0.125,7,7,CTGTAAACTCTGGGCATGTA,0,3070796
rcsBp1,0.125,7,7,CTGGACGTGAAAAGCTTTAC,0,3068754
rcsBp1,0.125,7,7,CTGCCCCCGACGCTGCGAGC,0,3047202
rcsBp1,0.125,7,7,CTGCCACGCGCATTACCATA,0,3037641
rcsBp1,0.125,7,7,CTGCATCGAGACGTGTGATG,0,3069694
rcsBp1,0.125,7,7,CTGCACAGACTCCCCATTCT,0,3034713
rcsBp1,0.125,7,7,CTGATCAATAAGAGTTGTTA,0,3053016
rcsBp1,0.125,7,7,CTGAGAAACGCAGTGTCCCA,0,3033728
rcsBp1,0.125,7,7,CTCTTTGGGGTACGGGACTT,0,3056656
rcsBp1,0.125,7,7,CTCTTGTTGCCAGTGCATAA,0,3036085
rcsBp1,0.125,7,7,CTCTTCCATTAATGAGTTGC,0,3027252
rcsBp1,0.125,7,7,CTCTAAATAAAGAGAATTCG,0,3053748
rcsBp1,0.125,7,7,CTCGTAGCCCGGCTAAACAG,0,3064217
rcsBp1,0.125,7,7,CTCGATCCAGGAAGTACAGT,0,3055713
rcsBp1,0.125,7,7,CTCCTCGACTCTGCACACAA,0,3038324
rcsBp1,0.125,7,7,CTCCCGGGCTGCATGAGGAA,0,3039056
rcsBp1,0.125,7,7,CTCCCGGCGGAACACGTGTC,0,3047731
rcsBp1,0.125,7,7,CTCATCTCCCAGTAACCGTA,0,3044213
rcsBp1,0.125,7,7,CTCACGCAGGGAATGGCTGC,0,3042006
rcsBp1,0.125,7,7,CTATTTAGGTCGGAGTAGGT,0,3045361
rcsBp1,0.125,7,7,CTAGGGCTGTATCGGTTAAT,0,3054261
rcsBp1,0.125,7,7,CTAGCAAGTGGGCTAATCCG,0,3054020
rcsBp1,0.125,7,7,CTAGACAGTCTGCACATAAT,0,3064495
rcsBp1,0.125,7,7,CTAACGATATTTCCCTGAGC,0,3055115
rcsBp1,0.125,7,7,CTAACAGGTGGCCAGAGTGT,0,3039052
rcsBp1,0.125,7,7,CGTTGCTTAGTCAGATGACC,0,3063317
rcsBp1,0.125,7,7,CGTGTAGGCACTGCCGACCT,0,3023070
rcsBp1,0.125,7,7,CGTGCATAAGGCGATGCCAC,0,3023648
rcsBp1,0.125,7,7,CGTGCAGCCGCAGCCGTTGG,0,3044559
rcsBp1,0.125,7,7,CGTGAGAGCCGGTTCAAGGC,0,3025716
rcsBp1,0.125,7,7,CGTCTCGCATTCGTAGTCTA,0,3030281
rcsBp1,0.125,7,7,CGTCTATTGAAAGTGGCGAC,0,3031718
rcsBp1,0.125,7,7,CGTCGCCATACCAAACCTGC,0,3025099
rcsBp1,0.125,7,7,CGTCAGTGCCGTCATGGTGG,0,3032893
rcsBp1,0.125,7,7,CGTATGCGGAAGAACTATGC,0,3031627
rcsBp1,0.125,7,7,CGTAGGGGTGCAGTTCTCGT,0,3029898
rcsBp1,0.125,7,7,CGTAGAGCGATATGTGTGGT,0,3052011
rcsBp1,0.125,7,7,CGTACTTACGTAGACTCATA,0,3027067
rcsBp1,0.125,7,7,CGTAAGACACTTACTTCAGA,0,3035351
rcsBp1,0.125,7,7,CGGTTCGTGGGCAGTATAGC,0,3056835
rcsBp1,0.125,7,7,CGGGCATTCCAACGTGCCCA,0,3050922
rcsBp1,0.125,7,7,CGGGAAGGTTAAAACGTAAT,0,3053479
rcsBp1,0.125,7,7,CGGCTGAAGGAAGTGCTCTG,0,3057795
rcsBp1,0.125,7,7,CGGACCCGAAGCATTTTGGA,0,3056078
rcsBp1,0.125,7,7,CGGAAGGATAGTGGTTCGGA,0,3057191
rcsBp1,0.125,7,7,CGCTTGTCAAACTCGTACGT,0,3030653
rcsBp1,0.125,7,7,CGCTTGGCGTTTATTATATG,0,3047068
rcsBp1,0.125,7,7,CGCTGGTAATAGACTACCGT,0,3067534
rcsBp1,0.125,7,7,CGCTATCCTAGTCAGGAGAC,0,3059404
rcsBp1,0.125,7,7,CGCGCGCGCCCTTTTTCTTC,0,3056040
rcsBp1,0.125,7,7,CGCCCCGAGTGGATACCAAA,0,3053917
rcsBp1,0.125,7,7,CGCCATCTATCTGTACTCCT,0,3058492
rcsBp1,0.125,7,7,CGCATTCTCTTAAATATAGT,0,3040630
rcsBp1,0.125,7,7,CGCAGGGGTATGCAGTGACC,0,3043288
rcsBp1,0.125,7,7,CGATTATTGTAGTGATGGGG,0,3064914
rcsBp1,0.125,7,7,CGATGGCGAGACTGGCCAGT,0,3051542
rcsBp1,0.125,7,7,CGATCTGGTTCCTAAAGGGC,0,3028271
rcsBp1,0.125,7,7,CGATCTCGCCTAGTTTCGCG,0,3035349
rcsBp1,0.125,7,7,CGATAGAGGTGCTGAAAGTC,0,3063254
rcsBp1,0.125,7,7,CGAGTTCGCTAACAACATGC,0,3054917
rcsBp1,0.125,7,7,CGAGAATGATCCCGGCCTCC,0,3047149
rcsBp1,0.125,7,7,CGACGTCGATAGGACACAGC,0,3028283
rcsBp1,0.125,7,7,CGACCATTAATCAAGTCGCT,0,3052150
rcsBp1,0.125,7,7,CGACACATCCGTTCTACGGG,0,3060417
rcsBp1,0.125,7,7,CGACAATATTCGAATCGCGG,0,3046638
rcsBp1,0.125,7,7,CGAAAGTTAGGTAAACCTCA,0,3065114
rcsBp1,0.125,7,7,CCTTTTGGAGGGGCAACCAT,0,3024196
rcsBp1,0.125,7,7,CCTTTAGGTACGTGGTATTA,0,3049644
rcsBp1,0.125,7,7,CCTTCACATACGAATTCCCA,0,3033878
rcsBp1,0.125,7,7,CCTGTGGCACCCGCTGCCTC,0,3052621
rcsBp1,0.125,7,7,CCTGTGCGCATTTCGGAATT,0,3053193
rcsBp1,0.125,7,7,CCTGGTGGATTGAAGGAGTT,0,3069457
rcsBp1,0.125,7,7,CCTCTAGTCACTTTCCACCA,0,3031458
rcsBp1,0.125,7,7,CCTCGACCTTTATGTGAGCA,0,3063703
rcsBp1,0.125,7,7,CCTAGACTGTCTCAGCACCA,0,3072900
rcsBp1,0.125,7,7,CCGTTTGTGGTCTCGACATA,0,3028479
rcsBp1,0.125,7,7,CCGTTGGACGAAGATCGCTA,0,3034727
rcsBp1,0.125,7,7,CCGTGGTCCTTAGGGCAATA,0,3049319
rcsBp1,0.125,7,7,CCGTCGAATCGAATACATCC,0,3023445
rcsBp1,0.125,7,7,CCGTCCCTCTGGGGATTCGT,0,3052599
rcsBp1,0.125,7,7,CCGTAACGACGACTAGAACT,0,3034003
rcsBp1,0.125,7,7,CCGGCTATTTGTGGTGGCCA,0,3040047
rcsBp1,0.125,7,7,CCGGAGTATATAAGTTGGAG,0,3035969
rcsBp1,0.125,7,7,CCGAGTAATTTCGACGCATG,0,3055780
rcsBp1,0.125,7,7,CCGAGGTAGTATATCTTTAA,0,3029132
rcsBp1,0.125,7,7,CCGAGCCTCGTTGCCACTAA,0,3033375
rcsBp1,0.125,7,7,CCGACTCAGACTACTATCGC,0,3040477
rcsBp1,0.125,7,7,CCGACCCACGTCATCACTAT,0,3059758
rcsBp1,0.125,7,7,CCCTTTCTCGCTCGCGCTGC,0,3021800
rcsBp1,0.125,7,7,CCCTTCTCTCCCGAGTCTAT,0,3052911
rcsBp1,0.125,7,7,CCCGTGGCGCAAAGGTCCAT,0,3063903
rcsBp1,0.125,7,7,CCCGGCAAGGCCCCTGACTT,0,3048357
rcsBp1,0.125,7,7,CCCGCTGGGCTGGTGGATAG,0,3054032
rcsBp1,0.125,7,7,CCCGCTGATAACAGAGATGT,0,3050542
rcsBp1,0.125,7,7,CCCGCCGTATGTCCATCGCA,0,3046324
rcsBp1,0.125,7,7,CCCGCACATTGGACTGGGGT,0,3068883
rcsBp1,0.125,7,7,CCCGAGCGGGTGTGGTTTTG,0,3055160
rcsBp1,0.125,7,7,CCCCGTCGAGCTATAGGACT,0,3053104
rcsBp1,0.125,7,7,CCCCGAAGTTGGGCATGGTG,0,3054894
rcsBp1,0.125,7,7,CCCATGGACAGTCATCCACA,0,3064582
rcsBp1,0.125,7,7,CCCAGCACTCGCCTTCTAGG,0,3070408
rcsBp1,0.125,7,7,CCCAAACAACAGACGATATG,0,3060449
rcsBp1,0.125,7,7,CCATTGGGCTCCTCTAGTAT,0,3044458
rcsBp1,0.125,7,7,CCATAAAAGGTGTCGTTAGT,0,3024779
rcsBp1,0.125,7,7,CCAGCCGCAGGTGTAGTCCT,0,3037327
rcsBp1,0.125,7,7,CCAGCCATATGTACGAAGCA,0,3066490
rcsBp1,0.125,7,7,CCACAATACCGCACATATGC,0,3043220
rcsBp1,0.125,7,7,CCAATCGCCACGGCCCTAGA,0,3060891
rcsBp1,0.125,7,7,CCAAGTTCACGGCCGAGCTC,0,3031181
rcsBp1,0.125,7,7,CATTTCTGAAAGACTGGACG,0,3036347
rcsBp1,0.125,7,7,CATGTTGTAGGCCCAGTCCC,0,3036544
rcsBp1,0.125,7,7,CATGTCAACTTGTGATCGCC,0,3037923
rcsBp1,0.125,7,7,CATGTATGAAATAATCCCTT,0,3067439
rcsBp1,0.125,7,7,CATCGCAATTAGCTCGAGAA,0,3041913
rcsBp1,0.125,7,7,CATCACGCTGTAAGAGTGTT,0,3041459
rcsBp1,0.125,7,7,CATCACGCAGGCGTCCTAGT,0,3063035
rcsBp1,0.125,7,7,CATATAGTCCGAGCGATCTC,0,3065017
rcsBp1,0.125,7,7,CATACGGCGGCGAAGTAATC,0,3046130
rcsBp1,0.125,7,7,CATAAACGGATCGCTACTTT,0,3055887
rcsBp1,0.125,7,7,CAGGTGTCGAACTGGTAAAA,0,3072549
rcsBp1,0.125,7,7,CAGGGCCTACTGTAGTAGGA,0,3070493
rcsBp1,0.125,7,7,CAGGCCGACGCAGAAAACTA,0,3047004
rcsBp1,0.125,7,7,CAGGCACACTGTGGGAGGCT,0,3038477
rcsBp1,0.125,7,7,CAGGAACACGAGCTTACTAC,0,3045817
rcsBp1,0.125,7,7,CAGCTTACGAACCCGGGAGT,0,3063517
rcsBp1,0.125,7,7,CAGCTCGCGGATGTGGCTCC,0,3033293
rcsBp1,0.125,7,7,CAGCGGGTGTTCATTTGGAT,0,3045386
rcsBp1,0.125,7,7,CAGCGCTCCGTACAATTGAA,0,3071165
rcsBp1,0.125,7,7,CAGCATACTTGAATTGGAGA,0,3070207
rcsBp1,0.125,7,7,CAGAAGTGTCCATAATTGGC,0,3046821
rcsBp1,0.125,7,7,CACTCTTTCCTAGGGACCTC,0,3068364
rcsBp1,0.125,7,7,CACTCGGGATTAGGGTCTAA,0,3042291
rcsBp1,0.125,7,7,CACGAGAGCTGAATCGCTTC,0,3022712
rcsBp1,0.125,7,7,CACCCACGCTTCGGGCAAGG,0,3022597
rcsBp1,0.125,7,7,CACAGCGAACTGCCTACATC,0,3066018
rcsBp1,0.125,7,7,CACAGATATTCTACCCAGTA,0,3053687
rcsBp1,0.125,7,7,CACACCTCTTTAGGGTGGGG,0,3040227
rcsBp1,0.125,7,7,CACAACACAATGCGCCTTGG,0,3046738
rcsBp1,0.125,7,7,CAATTGTTGCTGAGCTGATT,0,3032560
rcsBp1,0.125,7,7,CAATTGTCGATGTCGCTGGG,0,3053216
rcsBp1,0.125,7,7,CAATAATTTGGCTAGTCGGT,0,3072258
rcsBp1,0.125,7,7,CAAGGTTACAAAAACTAGCC,0,3068523
rcsBp1,0.125,7,7,CAAGGGCATTTGATCTCCAG,0,3053475
rcsBp1,0.125,7,7,CAACACCGCCGGAATAACAA,0,3036860
rcsBp1,0.125,7,7,CAAATCGCTCCTCCGAGCGA,0,3033391
rcsBp1,0.125,7,7,CAAAGCGGGTTCGAAGCTAG,0,3071592
rcsBp1,0.125,7,7,CAAAAATAATAGGAAGAACA,0,3068739
rcsBp1,0.125,7,7,ATTTGGCAAGCCCAACTACG,0,3021890
rcsBp1,0.125,7,7,ATTGTGCGGGCCTTGTACTC,0,3061036
rcsBp1,0.125,7,7,ATTATGACCTTGCATTGCTG,0,3022605
rcsBp1,0.125,7,7,ATTAGGGGTTGTAGACACGT,0,3073150
rcsBp1,0.125,7,7,ATTAGAGGGGGATGCGAATG,0,3064519
rcsBp1,0.125,7,7,ATTACGGATTGTCGAATAAA,0,3046363
rcsBp1,0.125,7,7,ATGTTTGTAGGTGACTCAGG,0,3039321
rcsBp1,0.125,7,7,ATGTTAGGTTGGAGCGTAAG,0,3058344
rcsBp1,0.125,7,7,ATGTCGATGTGGCGGCAAGG,0,3026580
rcsBp1,0.125,7,7,ATGGGGGACCGCCTACGGTG,0,3052667
rcsBp1,0.125,7,7,ATGGGCCGCGTATTGTTGTA,0,3046699
rcsBp1,0.125,7,7,ATGGAAGGCTGGGTCGCGAG,0,3055093
rcsBp1,0.125,7,7,ATGCGTATGGACTGTATGGA,0,3056202
rcsBp1,0.125,7,7,ATGCCCGAATCTGCAGTCCT,0,3032236
rcsBp1,0.125,7,7,ATGATGAGGCTGACGACAAC,0,3034603
rcsBp1,0.125,7,7,ATGAGTAGGGGACCAGGGAA,0,3052476
rcsBp1,0.125,7,7,ATCTGGCTCTCATAAAGGTT,0,3030726
rcsBp1,0.125,7,7,ATCCGAGATGTTATCATCAC,0,3056848
rcsBp1,0.125,7,7,ATCCATTAATAGGTGCTTAA,0,3022678
rcsBp1,0.125,7,7,ATCATTCCTCTTCGATCGCA,0,3067710
rcsBp1,0.125,7,7,ATCATGTTGTGGAAGGCTGA,0,3030236
rcsBp1,0.125,7,7,ATCAACGTTTCCTCACAGGC,0,3034134
rcsBp1,0.125,7,7,ATCAAAAGATATAGTTATAG,0,3029744
rcsBp1,0.125,7,7,ATATGTAAGGGACTCCATCA,0,3067452
rcsBp1,0.125,7,7,ATATGACCTTCTCAATCAGG,0,3038171
rcsBp1,0.125,7,7,ATAGCGTAATTAAAGACAAG,0,3049405
rcsBp1,0.125,7,7,ATAGATGGCCATTCAATTGA,0,3026004
rcsBp1,0.125,7,7,ATACGTTAATGACCTACAAT,0,3031774
rcsBp1,0.125,7,7,ATAAGTGTCCACATTAGGGT,0,3069797
rcsBp1,0.125,7,7,ATAAGACGTGTAGCGCGTAC,0,3033999
rcsBp1,0.125,7,7,ATAAAAATAATTGACGGACA,0,3047443
rcsBp1,0.125,7,7,AGTTTCCTTATAGCTCGTTA,0,3053530
rcsBp1,0.125,7,7,AGTTTACTTTAAGGCATCGA,0,3067873
rcsBp1,0.125,7,7,AGTTGGGTTGTATTGTCAAG,0,3064462
rcsBp1,0.125,7,7,AGTTCTCTCCATGCGCCGTT,0,3048707
rcsBp1,0.125,7,7,AGTTACTAGGGCGTATCCAC,0,3052897
rcsBp1,0.125,7,7,AGTCTCTCTTAATGGGGTAC,0,3029056
rcsBp1,0.125,7,7,AGTCGTTCGCGGCCTTTCAC,0,3063978
rcsBp1,0.125,7,7,AGTAAGGGCCTGTTCGCATG,0,3039978
rcsBp1,0.125,7,7,AGGTTTTGGCTCCATATCAT,0,3072930
rcsBp1,0.125,7,7,AGGTGTTTCATCGTGCAGCG,0,3026638
rcsBp1,0.125,7,7,AGGTACTGCACCACAACTGC,0,3039559
rcsBp1,0.125,7,7,AGGGGGGCGCAATGTTTAGT,0,3030099
rcsBp1,0.125,7,7,AGGGCCAAAAGTGGCTGTAA,0,3070001
rcsBp1,0.125,7,7,AGGGAGGCGATCGAACTGTG,0,3054709
rcsBp1,0.125,7,7,AGGCCGAAATACCGTGCAAA,0,3029807
rcsBp1,0.125,7,7,AGGAGGTTTTTAGCTTCCCA,0,3033110
rcsBp1,0.125,7,7,AGGACTTCGTGTAAAGTAAG,0,3028555
rcsBp1,0.125,7,7,AGGAAACAGAAATAGGTGGT,0,3062612
rcsBp1,0.125,7,7,AGCGTCGGGCCTTGTCGGGT,0,3060286
rcsBp1,0.125,7,7,AGCGGTAACTCGTATTGCGA,0,3023027
rcsBp1,0.125,7,7,AGCGCCTCGGTCGGCCTGTG,0,3039411
rcsBp1,0.125,7,7,AGCCTGCGTTATATCATTCC,0,3051231
rcsBp1,0.125,7,7,AGCCGCTCAATCGGTACGTT,0,3063221
rcsBp1,0.125,7,7,AGCCCATAAGACGACAGAAT,0,3055412
rcsBp1,0.125,7,7,AGCATTCCGCCAAAGAGTAC,0,3022166
rcsBp1,0.125,7,7,AGCAATAGGACTAGAAACTA,0,3024874
rcsBp1,0.125,7,7,AGATGCCAGAAGTTCCTTTT,0,3028593
rcsBp1,0.125,7,7,AGAGCTCTTCTATCGTTCGT,0,3047652
rcsBp1,0.125,7,7,AGAGCCAGAATTACTCTTGG,0,3059706
rcsBp1,0.125,7,7,AGACTTATTTACCGTAAGGG,0,3063361
rcsBp1,0.125,7,7,AGACTATTTCGGATGTGCAT,0,3052359
rcsBp1,0.125,7,7,AGACAACTTACAGAGTTCTC,0,3025196
rcsBp1,0.125,7,7,AGAAGTCAGTAATAGTTATT,0,3030610
rcsBp1,0.125,7,7,AGAAGCACCACTATTAGAAC,0,3023520
rcsBp1,0.125,7,7,AGAACGCCTCGTTGCTATTA,0,3044609
rcsBp1,0.125,7,7,AGAAACAAGGTAGTATCACC,0,3026810
rcsBp1,0.125,7,7,ACTTTTGCCTTGACCAATCG,0,3034864
rcsBp1,0.125,7,7,ACTTTAGTGTCCCTCGGAGC,0,3055625
rcsBp1,0.125,7,7,ACTGCGCAACTGAAAGTTGC,0,3066548
rcsBp1,0.125,7,7,ACTCGTTATTCGGTTTAGCG,0,3030975
rcsBp1,0.125,7,7,ACTATATTATACGGTCTTTC,0,3056204
rcsBp1,0.125,7,7,ACTAGCCGGTGGAATGGTTC,0,3033215
rcsBp1,0.125,7,7,ACGTCCTTAACCCCACAGAA,0,3046278
rcsBp1,0.125,7,7,ACGGGCCTATCCGCGTGAAT,0,3067217
rcsBp1,0.125,7,7,ACGGAGTATTTCATCTTTCG,0,3062144
rcsBp1,0.125,7,7,ACGCTAGTGTTGTTAACAGC,0,3025046
rcsBp1,0.125,7,7,ACGCGCCAGGAGTTAAGATG,0,3054900
rcsBp1,0.125,7,7,ACGCCTCACGGACGGTTGCA,0,3043849
rcsBp1,0.125,7,7,ACGCCACCTGCCGTTATAGT,0,3061536
rcsBp1,0.125,7,7,ACGACCAAGGAAGAATTATC,0,3024230
rcsBp1,0.125,7,7,ACCTGGGGTGGGGCAAGCAT,0,3037364
rcsBp1,0.125,7,7,ACCTGGACATTCGCTCGAAC,0,3048594
rcsBp1,0.125,7,7,ACCACACGGACGTAGTAAGG,0,3034989
rcsBp1,0.125,7,7,ACATCTGGTAAAGGGTGTTT,0,3037038
rcsBp1,0.125,7,7,ACATCCTATAGGGACTCCAT,0,3060757
rcsBp1,0.125,7,7,ACATAGACCGGTTCTGTTTG,0,3031167
rcsBp1,0.125,7,7,ACAGTGAGTAGGGGATGGGA,0,3055315
rcsBp1,0.125,7,7,ACAGACCCCAGCCCGTACTG,0,3059790
rcsBp1,0.125,7,7,ACAGAAACCCGTTACACAGC,0,3052298
rcsBp1,0.125,7,7,ACACTGACGTGGGCAAACGT,0,3022799
rcsBp1,0.125,7,7,ACACTCATATGAGAGGCAAG,0,3044208
rcsBp1,0.125,7,7,ACACGACACGCCCTAGCGGT,0,3049509
rcsBp1,0.125,7,7,ACACATCTATAGAGCGCGTT,0,3042227
rcsBp1,0.125,7,7,ACAAGTTCTAGCCTGAAGAT,0,3060734
rcsBp1,0.125,7,7,AATTTTAGAATGGGATGGTT,0,3045888
rcsBp1,0.125,7,7,AATTGTGTTGGTATACCGAG,0,3052093
rcsBp1,0.125,7,7,AATTACGTGCCGTCTAACCC,0,3038345
rcsBp1,0.125,7,7,AATTAATATATGGAAACAGA,0,3054870
rcsBp1,0.125,7,7,AATGCCACACACAATTAAAA,0,3052367
rcsBp1,0.125,7,7,AATCAGAAGCTTGCCGTTAA,0,3049479
rcsBp1,0.125,7,7,AATATGTTATCCGGTATGGT,0,3051398
rcsBp1,0.125,7,7,AAGTCTGCGAATGGCGTCTT,0,3055410
rcsBp1,0.125,7,7,AAGTCCAATATTCGATCGGA,0,3062834
rcsBp1,0.125,7,7,AAGGGTATGGAGGTCAGATG,0,3024683
rcsBp1,0.125,7,7,AAGGATGTTACAGATACTTT,0,3037522
rcsBp1,0.125,7,7,AAGCCTGGGTGGCAACCAGA,0,3066135
rcsBp1,0.125,7,7,AAGCCCGGATTGCAAATTTC,0,3055032
rcsBp1,0.125,7,7,AAGAGGGGGTTCACACAGTG,0,3050926
rcsBp1,0.125,7,7,AACTTGAGCGACTGGTACCA,0,3053803
rcsBp1,0.125,7,7,AACTGTTCGACTCTGCGAAA,0,3048801
rcsBp1,0.125,7,7,AACTGCGGCCCTGCTGCCAT,0,3071178
rcsBp1,0.125,7,7,AACTAATTCAACGAACCAGT,0,3056043
rcsBp1,0.125,7,7,AACGCTCATGCTTCGGGATT,0,3046238
rcsBp1,0.125,7,7,AACGCGGCATACCTGACAAC,0,3023430
rcsBp1,0.125,7,7,AACGATATCGGCCCATATCG,0,3065042
rcsBp1,0.125,7,7,AACCTGGAACGGTCCACATT,0,3038405
rcsBp1,0.125,7,7,AACCTACTGGTCTAGTCACC,0,3064950
rcsBp1,0.125,7,7,AACACATACACGGGGTGCCA,0,3026658
rcsBp1,0.125,7,7,AACAATGTTTTTAACCTCAG,0,3025806
rcsBp1,0.125,7,7,AAATTAATGCAGTTAGTCCG,0,3044286
rcsBp1,0.125,7,7,AAATGTATCATAACGAGGAC,0,3069933
rcsBp1,0.125,7,7,AAATAGTTGCGTCGGTGTTA,0,3055904
rcsBp1,0.125,7,7,AAAGGACGGCGGGAATAGCT,0,3069514
rcsBp1,0.125,7,7,AAAGCAACAATATCGTCAAT,0,3042960
rcsBp1,0.125,7,7,AAACGCTCTGCTGTGAGGAC,0,3067353
rcsBp1,0.14285714285714285,6,6,TTTTTCACGTGTTGTTGTGT,0,3022530
rcsBp1,0.14285714285714285,6,6,TTTTCGCCCTGCTTGATGCT,0,3053654
rcsBp1,0.14285714285714285,6,6,TTTGTGCGCCGTCGATCCTG,0,3052235
rcsBp1,0.14285714285714285,6,6,TTTGGCGGGAAGTAGGGGTG,0,3046875
rcsBp1,0.14285714285714285,6,6,TTTATTAGTGGGTTCGTTGG,0,3041438
rcsBp1,0.14285714285714285,6,6,TTTATGCACCAGCGCTATCG,0,3061065
rcsBp1,0.14285714285714285,6,6,TTTAGGAAGCGCTACTCTGG,0,3056860
rcsBp1,0.14285714285714285,6,6,TTTAGAGTTTTCCGTTTAAC,0,3028659
rcsBp1,0.14285714285714285,6,6,TTTACGGGTATGATCATAAG,0,3066768
rcsBp1,0.14285714285714285,6,6,TTTACAAACCTAGAAATGGT,0,3072696
rcsBp1,0.14285714285714285,6,6,TTGTTTAGGACCGCTTGATC,0,3051373
rcsBp1,0.14285714285714285,6,6,TTGTCCGGCCGCGCAAGATG,0,3041387
rcsBp1,0.14285714285714285,6,6,TTGGTCGCTCGGGGTTTGCG,0,3028641
rcsBp1,0.14285714285714285,6,6,TTGGGTATTTTACATGTAGG,0,3056739
rcsBp1,0.14285714285714285,6,6,TTGGGTATGTTGAAGGGATT,0,3031591
rcsBp1,0.14285714285714285,6,6,TTGGGGATTATCAGGGGTGT,0,3067104
rcsBp1,0.14285714285714285,6,6,TTGGGCGGACGCGGACATGA,0,3047513
rcsBp1,0.14285714285714285,6,6,TTGGCTGCGACTCCAAAATT,0,3062468
rcsBp1,0.14285714285714285,6,6,TTGCTTATTTAATGCAGCCA,0,3044736
rcsBp1,0.14285714285714285,6,6,TTGCTCAATGTGGTCTACTG,0,3040094
rcsBp1,0.14285714285714285,6,6,TTGCGTGGAGTGGCCCGTGA,0,3023452
rcsBp1,0.14285714285714285,6,6,TTGCGATCCTAATGTTACGG,0,3053177
rcsBp1,0.14285714285714285,6,6,TTGCGAATAAGCCTTAGCGT,0,3035895
rcsBp1,0.14285714285714285,6,6,TTCTTATTTTAATGACAAGG,0,3031316
rcsBp1,0.14285714285714285,6,6,TTCTGGGCATAGCCGGCATG,0,3069822
rcsBp1,0.14285714285714285,6,6,TTCTGGCTTCACAGGGAAAA,0,3029069
rcsBp1,0.14285714285714285,6,6,TTCTGCAGTTTAACTTACCT,0,3041446
rcsBp1,0.14285714285714285,6,6,TTCTATTTATTTGTATAATG,0,3032875
rcsBp1,0.14285714285714285,6,6,TTCGCTACGACGGGATTGTC,0,3022216
rcsBp1,0.14285714285714285,6,6,TTCCTCTTGAACTTCTTAGA,0,3062047
rcsBp1,0.14285714285714285,6,6,TTCCGTCTAAATGACCCGGT,0,3031536
rcsBp1,0.14285714285714285,6,6,TTCCAGACCTACGTTAGCAG,0,3036112
rcsBp1,0.14285714285714285,6,6,TTCATGATTGAGTGCTAGAC,0,3073088
rcsBp1,0.14285714285714285,6,6,TTCATAAGAATACCGGTTTC,0,3048029
rcsBp1,0.14285714285714285,6,6,TTCAGAAACTGCCACGAGAC,0,3028107
rcsBp1,0.14285714285714285,6,6,TTCACAGTTAGGTCGTATTT,0,3046578
rcsBp1,0.14285714285714285,6,6,TTATCTGCCTTTTCTGTGTT,0,3066129
rcsBp1,0.14285714285714285,6,6,TTATCACCTAGCTCTCTTTT,0,3044866
rcsBp1,0.14285714285714285,6,6,TTATATCAGGGCATGCGACA,0,3030448
rcsBp1,0.14285714285714285,6,6,TTATAATCGAAAGGGGTCCA,0,3063167
rcsBp1,0.14285714285714285,6,6,TTACTTCGGGCATGAGCAAC,0,3068230
rcsBp1,0.14285714285714285,6,6,TTACTCAGGCCAGGATACGT,0,3024024
rcsBp1,0.14285714285714285,6,6,TTAATGAGCATCGCAAAGCC,0,3033228
rcsBp1,0.14285714285714285,6,6,TTAAGGTTCTTCGCCTAGAC,0,3033684
rcsBp1,0.14285714285714285,6,6,TTAAGCGTTATCGTGGGGAA,0,3026412
rcsBp1,0.14285714285714285,6,6,TGTTTTGCCCAATTAGTCTT,0,3066717
rcsBp1,0.14285714285714285,6,6,TGTTTTCGTTGGAAAATTAT,0,3028564
rcsBp1,0.14285714285714285,6,6,TGTTCTGAAGTCTCCCGGGG,0,3051263
rcsBp1,0.14285714285714285,6,6,TGTTAAGTTTAGAAGAGAGT,0,3026299
rcsBp1,0.14285714285714285,6,6,TGTGGTCCACTCACTTCGGT,0,3067952
rcsBp1,0.14285714285714285,6,6,TGTGAAGGGGACCTTTCTGA,0,3064453
rcsBp1,0.14285714285714285,6,6,TGTCTTTATAAAGTGAACGG,0,3029754
rcsBp1,0.14285714285714285,6,6,TGTCAGGCGTACACAGTTCA,0,3032659
rcsBp1,0.14285714285714285,6,6,TGTCAAGATTTACGGGGTTC,0,3067918
rcsBp1,0.14285714285714285,6,6,TGTCAACCAATCATCCACCA,0,3058992
rcsBp1,0.14285714285714285,6,6,TGTAGCTCACAACCAATCTG,0,3056262
rcsBp1,0.14285714285714285,6,6,TGTAACCGAGCAAAGTTAGC,0,3045396
rcsBp1,0.14285714285714285,6,6,TGGTCGTGAGCCAACATTGT,0,3066203
rcsBp1,0.14285714285714285,6,6,TGGTATTGGCCCCAGAAGTT,0,3036824
rcsBp1,0.14285714285714285,6,6,TGGTATGTGGCCCGCGTGAA,0,3052121
rcsBp1,0.14285714285714285,6,6,TGGGTTTACCGCTCGGAATA,0,3047969
rcsBp1,0.14285714285714285,6,6,TGGGTGCGACTGAGAATCCA,0,3059280
rcsBp1,0.14285714285714285,6,6,TGGGTCATATAAGGTAGGCG,0,3044337
rcsBp1,0.14285714285714285,6,6,TGGGGGCCACGTTCCTGCAA,0,3053736
rcsBp1,0.14285714285714285,6,6,TGGGAAATGTAGCTTCTGGG,0,3046871
rcsBp1,0.14285714285714285,6,6,TGGAATATACAATACAGCCG,0,3051759
rcsBp1,0.14285714285714285,6,6,TGCTGTAGCCTATCGAAGCG,0,3029686
rcsBp1,0.14285714285714285,6,6,TGCTGCCCTTCGGACAGAAG,0,3026729
rcsBp1,0.14285714285714285,6,6,TGCTCTGTAATTAGATTCGG,0,3037579
rcsBp1,0.14285714285714285,6,6,TGCGCGGGGCAGACCGGGAG,0,3038560
rcsBp1,0.14285714285714285,6,6,TGCGCCGGGAGGCGTGCGGG,0,3031239
rcsBp1,0.14285714285714285,6,6,TGCGAAGTAACAGAAGATAT,0,3057036
rcsBp1,0.14285714285714285,6,6,TGCATCTTTCGGGCGGACTC,0,3038138
rcsBp1,0.14285714285714285,6,6,TGCAATACTGGATTGCTGAT,0,3072618
rcsBp1,0.14285714285714285,6,6,TGATCCTCTTCACGCGGTGT,0,3047313
rcsBp1,0.14285714285714285,6,6,TGATAGTCACGGGTTTTCTC,0,3049371
rcsBp1,0.14285714285714285,6,6,TGAGGACCTACCAAATCATC,0,3022528
rcsBp1,0.14285714285714285,6,6,TGAGCCGGTATGGAAGAGGT,0,3048386
rcsBp1,0.14285714285714285,6,6,TGACTTAGACCGCCGCGTCT,0,3058876
rcsBp1,0.14285714285714285,6,6,TGACATTTGCGGCGTTCGAC,0,3031078
rcsBp1,0.14285714285714285,6,6,TGAAGGTAGCGCAGTTCCTA,0,3056378
rcsBp1,0.14285714285714285,6,6,TCTTTCCTGCGTGCCGAACC,0,3069488
rcsBp1,0.14285714285714285,6,6,TCTTGTTTTTTCCCGACTTA,0,3037391
rcsBp1,0.14285714285714285,6,6,TCTTGAAACTAGAGTCAATG,0,3057905
rcsBp1,0.14285714285714285,6,6,TCTTAGAGGCCTCCCAGTGA,0,3063738
rcsBp1,0.14285714285714285,6,6,TCTGTGAGTGCTTAATCCGA,0,3070640
rcsBp1,0.14285714285714285,6,6,TCTGTCCGTCGATAAGCCGA,0,3059612
rcsBp1,0.14285714285714285,6,6,TCTGAATACCGCAGTCCGGA,0,3066303
rcsBp1,0.14285714285714285,6,6,TCGGTTCTATCTGCTGGTGT,0,3073629
rcsBp1,0.14285714285714285,6,6,TCGGTGTAACCCACGAACCT,0,3048734
rcsBp1,0.14285714285714285,6,6,TCGCTATCCTTGCCGGCCGT,0,3057768
rcsBp1,0.14285714285714285,6,6,TCGCCTAAAATACCCCCTAA,0,3025241
rcsBp1,0.14285714285714285,6,6,TCGATAATGTCTACACGGCT,0,3026119
rcsBp1,0.14285714285714285,6,6,TCGAGAAGTTGCGGGATGTT,0,3050021
rcsBp1,0.14285714285714285,6,6,TCCTTTGGTACTGGTTAGAT,0,3069037
rcsBp1,0.14285714285714285,6,6,TCCGTGTTCCTATCAGTCTT,0,3034229
rcsBp1,0.14285714285714285,6,6,TCCGTGTGATAGCAGTCTCT,0,3023972
rcsBp1,0.14285714285714285,6,6,TCCGGACACACTCCTACGCC,0,3068504
rcsBp1,0.14285714285714285,6,6,TCCGAAGCCGTGGACTTTAG,0,3061082
rcsBp1,0.14285714285714285,6,6,TCCCGATCTGGTGTACATAA,0,3067862
rcsBp1,0.14285714285714285,6,6,TCCCCGTGGGTGGGTTCCAT,0,3024217
rcsBp1,0.14285714285714285,6,6,TCCAAGCGAACGACGGGAGC,0,3039846
rcsBp1,0.14285714285714285,6,6,TCATTTGAAGGCATGGCCAC,0,3030376
rcsBp1,0.14285714285714285,6,6,TCATTAGAAGTTCGGAAGGA,0,3038041
rcsBp1,0.14285714285714285,6,6,TCATGCGGTTGGCACTGTGC,0,3025386
rcsBp1,0.14285714285714285,6,6,TCAGTACCGTGGGGACGCTC,0,3028870
rcsBp1,0.14285714285714285,6,6,TCAGCGGTCGCACTCCTCGC,0,3065846
rcsBp1,0.14285714285714285,6,6,TCAGAAATGTATACACATAC,0,3068696
rcsBp1,0.14285714285714285,6,6,TCACTGATGATGCACGACGG,0,3066745
rcsBp1,0.14285714285714285,6,6,TCACAGTTTAGTCACATGAT,0,3053933
rcsBp1,0.14285714285714285,6,6,TCAAGGTCTATACCTTCTAA,0,3059549
rcsBp1,0.14285714285714285,6,6,TCAAAAATATTTAGCGGATA,0,3054268
rcsBp1,0.14285714285714285,6,6,TATTTAAGACCCGACATAGT,0,3055674
rcsBp1,0.14285714285714285,6,6,TATTAGTAGTGTCAACCATA,0,3051590
rcsBp1,0.14285714285714285,6,6,TATTAAATTGGGTTCTGAAG,0,3052968
rcsBp1,0.14285714285714285,6,6,TATCTCTTCGTGACGATAGT,0,3062224
rcsBp1,0.14285714285714285,6,6,TATCCATTGTCGGTGCGAGT,0,3072272
rcsBp1,0.14285714285714285,6,6,TATCCATTCCTATGAGGAGG,0,3069611
rcsBp1,0.14285714285714285,6,6,TATATACAGAGTCTTATTAT,0,3030467
rcsBp1,0.14285714285714285,6,6,TATACCATACGGACTTAGGC,0,3046863
rcsBp1,0.14285714285714285,6,6,TATAATATACACTACAGATA,0,3049142
rcsBp1,0.14285714285714285,6,6,TAGGTAACGCTTTAGGTATG,0,3047643
rcsBp1,0.14285714285714285,6,6,TAGCTTACTAGCTTCCTTGG,0,3067291
rcsBp1,0.14285714285714285,6,6,TAGCTACCACCGCTTTAGTC,0,3034378
rcsBp1,0.14285714285714285,6,6,TAGCCCGCAACGGTTGGCGG,0,3053524
rcsBp1,0.14285714285714285,6,6,TAGATAACGACTTGCCTATA,0,3073396
rcsBp1,0.14285714285714285,6,6,TACTCCAGGTGGCCACAGAA,0,3039795
rcsBp1,0.14285714285714285,6,6,TACGTCCATATATCTGAAGT,0,3061894
rcsBp1,0.14285714285714285,6,6,TACGGGGGGTGGCATGAGCG,0,3027490
rcsBp1,0.14285714285714285,6,6,TACGGCGCAAATCATACGTG,0,3062131
rcsBp1,0.14285714285714285,6,6,TACCGTCATTTGAACTCGCG,0,3024116
rcsBp1,0.14285714285714285,6,6,TACCGCACTGCTCTCCCAAT,0,3035148
rcsBp1,0.14285714285714285,6,6,TACACTGGTCAGGGTTACTT,0,3052122
rcsBp1,0.14285714285714285,6,6,TACAAAGTTCACAGGATGTT,0,3051206
rcsBp1,0.14285714285714285,6,6,TAATTTAAGTCGTCGGCGAT,0,3051213
rcsBp1,0.14285714285714285,6,6,TAATCCCGACCCGTGACGGT,0,3052229
rcsBp1,0.14285714285714285,6,6,TAAGTCATATTAGAGGGACA,0,3056895
rcsBp1,0.14285714285714285,6,6,TAAGCTCGTGCTCTACGTCG,0,3024344
rcsBp1,0.14285714285714285,6,6,TAAGCCCGTTCCTTGTAGCG,0,3060104
rcsBp1,0.14285714285714285,6,6,TAACTTACTACTTACTTCTT,0,3051864
rcsBp1,0.14285714285714285,6,6,TAACTACACGAGTTCCGTCA,0,3035046
rcsBp1,0.14285714285714285,6,6,TAACGTCTGCAGGTACTGTT,0,3034184
rcsBp1,0.14285714285714285,6,6,TAACAACGCCACGGATACGC,0,3043581
rcsBp1,0.14285714285714285,6,6,GTTTTGAATCCTCTCATCTT,0,3028277
rcsBp1,0.14285714285714285,6,6,GTTGGATTTCAAATCTGGAG,0,3038098
rcsBp1,0.14285714285714285,6,6,GTTGACATTGCCTGGCGCAT,0,3036994
rcsBp1,0.14285714285714285,6,6,GTTCTGCCCTCAATCTTTAT,0,3045057
rcsBp1,0.14285714285714285,6,6,GTTCTATCTCACGCCAAGTG,0,3022181
rcsBp1,0.14285714285714285,6,6,GTTATTGAACAGGGCGATTG,0,3045976
rcsBp1,0.14285714285714285,6,6,GTTATCTCTTGATTATCGAA,0,3036946
rcsBp1,0.14285714285714285,6,6,GTTAATTCGGTGGGTCACAT,0,3041002
rcsBp1,0.14285714285714285,6,6,GTGGGGTACACATGGGAGTA,0,3032396
rcsBp1,0.14285714285714285,6,6,GTGATTTTCGACAGTGTCTT,0,3032081
rcsBp1,0.14285714285714285,6,6,GTGATCCAGTGTCTTGGGGT,0,3024447
rcsBp1,0.14285714285714285,6,6,GTGATCAAGATGTAAGGTGT,0,3047945
rcsBp1,0.14285714285714285,6,6,GTGAGACCCAACGGACTCTT,0,3034065
rcsBp1,0.14285714285714285,6,6,GTGACCACGGTACCTTGGAG,0,3038296
rcsBp1,0.14285714285714285,6,6,GTCTTAAGTTCGACCCATGG,0,3062083
rcsBp1,0.14285714285714285,6,6,GTCTGCGTTCGCACGGACAG,0,3072172
rcsBp1,0.14285714285714285,6,6,GTCTGCGCTTTTCTGAGTGG,0,3070077
rcsBp1,0.14285714285714285,6,6,GTCGGTCGGGTCGTCTAATG,0,3041537
rcsBp1,0.14285714285714285,6,6,GTCATAGCTAAAGTAGGTGG,0,3052583
rcsBp1,0.14285714285714285,6,6,GTCAGAGATTATAGGTTTTT,0,3064174
rcsBp1,0.14285714285714285,6,6,GTCACTCACTCAAGTATAAA,0,3059644
rcsBp1,0.14285714285714285,6,6,GTATGATAGTTAAGACACAT,0,3057092
rcsBp1,0.14285714285714285,6,6,GTATAGCACTGCCGTTTATC,0,3037407
rcsBp1,0.14285714285714285,6,6,GTAGTCGGTAGAGATTGGGC,0,3058619
rcsBp1,0.14285714285714285,6,6,GTAGGGTTGTAAGGTAATCC,0,3030603
rcsBp1,0.14285714285714285,6,6,GTAGGACGAGGTACATGCCC,0,3066592
rcsBp1,0.14285714285714285,6,6,GTAGATCTTTGAGGGTGAGT,0,3073392
rcsBp1,0.14285714285714285,6,6,GTACCTGGTCTTGCAGACAC,0,3045352
rcsBp1,0.14285714285714285,6,6,GTAATCTGAGAGTAAAGGGC,0,3030226
rcsBp1,0.14285714285714285,6,6,GTAAGCGGACGCTACGACTG,0,3047480
rcsBp1,0.14285714285714285,6,6,GTAAGCGCATGGCCGTCTGT,0,3072040
rcsBp1,0.14285714285714285,6,6,GTAACTGCACATTATTGCTA,0,3050907
rcsBp1,0.14285714285714285,6,6,GTAAACGGGATGTGTTGCGT,0,3049552
rcsBp1,0.14285714285714285,6,6,GGTGGTCTACGCTCCGTTTG,0,3042945
rcsBp1,0.14285714285714285,6,6,GGTGGCGGGATAAAGCTCGA,0,3052700
rcsBp1,0.14285714285714285,6,6,GGTGATGACGCAAGGGCGGG,0,3024534
rcsBp1,0.14285714285714285,6,6,GGTCGTAGGGTGACGCACTG,0,3053874
rcsBp1,0.14285714285714285,6,6,GGTCGAGGTCTCCACTCAAG,0,3028729
rcsBp1,0.14285714285714285,6,6,GGTCCTCCCGCGTTACCACC,0,3022664
rcsBp1,0.14285714285714285,6,6,GGTCATCGTTCGGCCGGACT,0,3064846
rcsBp1,0.14285714285714285,6,6,GGTCAGCCTCACGCACTGCG,0,3034659
rcsBp1,0.14285714285714285,6,6,GGTATTTTTTCTTCGGCACG,0,3030631
rcsBp1,0.14285714285714285,6,6,GGTAACACGACCAACGTTTT,0,3051001
rcsBp1,0.14285714285714285,6,6,GGTAAACAACTGAATCCAAT,0,3071892
rcsBp1,0.14285714285714285,6,6,GGGTTGTGTGAGCTCTTGCA,0,3068331
rcsBp1,0.14285714285714285,6,6,GGGTTAAAGGGCACCTCTCC,0,3039444
rcsBp1,0.14285714285714285,6,6,GGGTGCCTCGTGTGTAACTT,0,3054899
rcsBp1,0.14285714285714285,6,6,GGGTGAGAGACGATTTACCT,0,3043511
rcsBp1,0.14285714285714285,6,6,GGGGTTCTTGCGATCCGAGT,0,3068367
rcsBp1,0.14285714285714285,6,6,GGGGTTATTTCCCTATAGAA,0,3041737
rcsBp1,0.14285714285714285,6,6,GGGGTATTTCTACTTTCAAT,0,3065867
rcsBp1,0.14285714285714285,6,6,GGGGGGCATGTGACGGTGCC,0,3034430
rcsBp1,0.14285714285714285,6,6,GGGGCTACAAAAAGACAACC,0,3049178
rcsBp1,0.14285714285714285,6,6,GGGCGTTGAGGGAAACTTTA,0,3026744
rcsBp1,0.14285714285714285,6,6,GGGATGATAGCTCTGGTGGG,0,3028860
rcsBp1,0.14285714285714285,6,6,GGGATACTGCAAACGGCAGT,0,3056786
rcsBp1,0.14285714285714285,6,6,GGCTGTGCGTGACAGGCGGG,0,3025792
rcsBp1,0.14285714285714285,6,6,GGCGTAAACCGCCCTCGATA,0,3058265
rcsBp1,0.14285714285714285,6,6,GGCGGCAGGGTGGTTACGAA,0,3048451
rcsBp1,0.14285714285714285,6,6,GGCCTTAGCGGGTGGTACGG,0,3066014
rcsBp1,0.14285714285714285,6,6,GGCAATGTGTCGGATAAAAA,0,3063876
rcsBp1,0.14285714285714285,6,6,GGCAATCTAACACGTTCATG,0,3068726
rcsBp1,0.14285714285714285,6,6,GGATTCATCGAGCCATAACC,0,3041176
rcsBp1,0.14285714285714285,6,6,GGATCTGCACGACCATATGG,0,3052652
rcsBp1,0.14285714285714285,6,6,GGATAGCAGTCCAAAGGGGG,0,3055580
rcsBp1,0.14285714285714285,6,6,GGAGTCTGGGAGCTACTGGG,0,3031386
rcsBp1,0.14285714285714285,6,6,GGACGTAGAGCCCTCAGACG,0,3047492
rcsBp1,0.14285714285714285,6,6,GGAATTTTTTTCCAACAGCA,0,3056606
rcsBp1,0.14285714285714285,6,6,GGAAGCAGAATGAGTGGTAT,0,3028661
rcsBp1,0.14285714285714285,6,6,GCTTCGTAATAGGTCACACT,0,3050452
rcsBp1,0.14285714285714285,6,6,GCTGCTGGGTTTATAGGAAG,0,3043261
rcsBp1,0.14285714285714285,6,6,GCTGATACCGGTCGCTCGAA,0,3038562
rcsBp1,0.14285714285714285,6,6,GCTCCTGTGGCACGAATCTT,0,3071132
rcsBp1,0.14285714285714285,6,6,GCTCAACATCGTCCACCCGG,0,3033937
rcsBp1,0.14285714285714285,6,6,GCTAGAGTTAGACTGTAACT,0,3037753
rcsBp1,0.14285714285714285,6,6,GCTAAAACTTCTCCGGTCAT,0,3037726
rcsBp1,0.14285714285714285,6,6,GCGTAAGCGAAAGGAGCTTG,0,3025748
rcsBp1,0.14285714285714285,6,6,GCGGTCATTAGCGCTATGAT,0,3073138
rcsBp1,0.14285714285714285,6,6,GCGGGTGGACCAATGTGAGT,0,3052995
rcsBp1,0.14285714285714285,6,6,GCGGATGCGCATATAATCGA,0,3039412
rcsBp1,0.14285714285714285,6,6,GCGGACTACTATCAGAGGCC,0,3045657
rcsBp1,0.14285714285714285,6,6,GCGCCGGCTGAAGTTTGTTT,0,3067770
rcsBp1,0.14285714285714285,6,6,GCGACGTGCCGGTAACTGTA,0,3053670
rcsBp1,0.14285714285714285,6,6,GCCGTGCTTGTGACTCAACG,0,3032400
rcsBp1,0.14285714285714285,6,6,GCCCCATATTCATGCCCTTT,0,3062088
rcsBp1,0.14285714285714285,6,6,GCCAGTGTACTCTGGGCCTT,0,3040297
rcsBp1,0.14285714285714285,6,6,GCCAGGATTTTACTATGCCC,0,3045929
rcsBp1,0.14285714285714285,6,6,GCCACTAATAATTAGTTGGG,0,3052403
rcsBp1,0.14285714285714285,6,6,GCCACACCCTTATCTGACAT,0,3023921
rcsBp1,0.14285714285714285,6,6,GCCAATTCGCGGTAGACAAA,0,3044216
rcsBp1,0.14285714285714285,6,6,GCATTCTCGCTCGCCCGACA,0,3033310
rcsBp1,0.14285714285714285,6,6,GCATTCGTTGTGAGACGTTT,0,3036816
rcsBp1,0.14285714285714285,6,6,GCATTCGTACGGAGACTGTG,0,3029596
rcsBp1,0.14285714285714285,6,6,GCATGCTCGACCAGGCTTGA,0,3025713
rcsBp1,0.14285714285714285,6,6,GCAGTGCATTCATTAAGCGC,0,3032646
rcsBp1,0.14285714285714285,6,6,GCAGGTGGAGTACCACATAC,0,3071385
rcsBp1,0.14285714285714285,6,6,GCAGGTCTCAGTAGTCCGAT,0,3051523
rcsBp1,0.14285714285714285,6,6,GCACTGCGGGTCTAGTGAGG,0,3023078
rcsBp1,0.14285714285714285,6,6,GCAATAAGAAGCTCAGATGA,0,3068808
rcsBp1,0.14285714285714285,6,6,GATTTGCTAATACGATGCTA,0,3022327
rcsBp1,0.14285714285714285,6,6,GATTCTTGGCATTACGTTGC,0,3031751
rcsBp1,0.14285714285714285,6,6,GATTCCGACTAAGTCCCATA,0,3072113
rcsBp1,0.14285714285714285,6,6,GATCGATTATGCCAGCACAG,0,3039116
rcsBp1,0.14285714285714285,6,6,GATCGAACAGCGGCGCCATC,0,3028935
rcsBp1,0.14285714285714285,6,6,GATCAAATAAAGGCAACAAA,0,3070973
rcsBp1,0.14285714285714285,6,6,GAGTGCCATTATGTCGTACT,0,3024356
rcsBp1,0.14285714285714285,6,6,GAGGTTATCGGCTTCCCTAG,0,3066015
rcsBp1,0.14285714285714285,6,6,GAGGTGCGGTAGGATCGCCA,0,3031087
rcsBp1,0.14285714285714285,6,6,GAGGGGGCTTGTCGTCCTGC,0,3031307
rcsBp1,0.14285714285714285,6,6,GAGGCGCATCGATTGCCTGT,0,3022937
rcsBp1,0.14285714285714285,6,6,GAGCCTCAGCGATCATGTTT,0,3045675
rcsBp1,0.14285714285714285,6,6,GACTTCGCTGCCACCAAGTA,0,3040266
rcsBp1,0.14285714285714285,6,6,GACGTACAAGACATTTCGTA,0,3048012
rcsBp1,0.14285714285714285,6,6,GACGCTGCCCATGGATCTAG,0,3038516
rcsBp1,0.14285714285714285,6,6,GACCCGTGGCGATTATGCGA,0,3055747
rcsBp1,0.14285714285714285,6,6,GACCAGAGAAAGCGCTCACC,0,3022323
rcsBp1,0.14285714285714285,6,6,GACACAATTTCCCGACAATG,0,3063215
rcsBp1,0.14285714285714285,6,6,GACAATGCCACATAGCTACA,0,3057948
rcsBp1,0.14285714285714285,6,6,GACAATAAACACTCTTCCAC,0,3041152
rcsBp1,0.14285714285714285,6,6,GAATACACCGCAATTATCTG,0,3057677
rcsBp1,0.14285714285714285,6,6,GAAGTTAGCCCACTTGGAAT,0,3069832
rcsBp1,0.14285714285714285,6,6,GAAGCGGCATATAGAGCAGC,0,3070432
rcsBp1,0.14285714285714285,6,6,GAAGCGACATAGGCGTGTTG,0,3038568
rcsBp1,0.14285714285714285,6,6,GAACTGGGCGGCCGTGAGGT,0,3044194
rcsBp1,0.14285714285714285,6,6,GAACAAGACTCACTAGGACT,0,3027959
rcsBp1,0.14285714285714285,6,6,GAAATTAAATTTGGTCGTGC,0,3045332
rcsBp1,0.14285714285714285,6,6,GAAAGGTCGGGTTAACTCGA,0,3053541
rcsBp1,0.14285714285714285,6,6,GAAAACTTCGGACTGTTAGG,0,3049667
rcsBp1,0.14285714285714285,6,6,CTTTTACCGGTGTGACTCGG,0,3040490
rcsBp1,0.14285714285714285,6,6,CTTTCTTTGACCTGGATATA,0,3031811
rcsBp1,0.14285714285714285,6,6,CTTTCCTCGGTAAAGCGCTC,0,3045461
rcsBp1,0.14285714285714285,6,6,CTTTCATAAGGGGACGTATA,0,3069273
rcsBp1,0.14285714285714285,6,6,CTTTAGCACTTTGGTACGAC,0,3036516
rcsBp1,0.14285714285714285,6,6,CTTTACGAACTTTTGGATGA,0,3056888
rcsBp1,0.14285714285714285,6,6,CTTGAAGCAGGAATGGAATC,0,3028600
rcsBp1,0.14285714285714285,6,6,CTTCAGCACCTAATGCAATC,0,3058381
rcsBp1,0.14285714285714285,6,6,CTTCACAGGACGTTGAATGT,0,3053653
rcsBp1,0.14285714285714285,6,6,CTTAACACGGTTGGGTCTAT,0,3058084
rcsBp1,0.14285714285714285,6,6,CTGTTTAGGAAAATTTGGGG,0,3023743
rcsBp1,0.14285714285714285,6,6,CTGTTCGGCAGATGCCAGCG,0,3056365
rcsBp1,0.14285714285714285,6,6,CTGTGAGTCTGGGTTAAGAA,0,3033257
rcsBp1,0.14285714285714285,6,6,CTGTCGAATGTCTGCCCACC,0,3062846
rcsBp1,0.14285714285714285,6,6,CTGTACGCGCTGTATTACTC,0,3059243
rcsBp1,0.14285714285714285,6,6,CTGGGTCCAGCGGGCAGTAC,0,3052670
rcsBp1,0.14285714285714285,6,6,CTGGGTCACCTATCTGGCGA,0,3057239
rcsBp1,0.14285714285714285,6,6,CTGCACGAAATAGGCACCGA,0,3063534
rcsBp1,0.14285714285714285,6,6,CTGACAGGCACGCCGACGAT,0,3045401
rcsBp1,0.14285714285714285,6,6,CTGAACCTCCGCAGGGATAA,0,3064475
rcsBp1,0.14285714285714285,6,6,CTCTGCGTGTGGGTGACGTA,0,3072123
rcsBp1,0.14285714285714285,6,6,CTCGGGTGAGACTGCAGATA,0,3058547
rcsBp1,0.14285714285714285,6,6,CTCCTGAGGGAATGATTTCA,0,3061044
rcsBp1,0.14285714285714285,6,6,CTCCCCTAACTGTCTCTCGG,0,3034861
rcsBp1,0.14285714285714285,6,6,CTATGGGGGGAGAGAAATGT,0,3040361
rcsBp1,0.14285714285714285,6,6,CTATAGGTGTCGCTTGCGGC,0,3022527
rcsBp1,0.14285714285714285,6,6,CTAGTCCCACGGTCTGGTCT,0,3034862
rcsBp1,0.14285714285714285,6,6,CTAGGTTTGCAAGTATTGCC,0,3070747
rcsBp1,0.14285714285714285,6,6,CTAGGAGGTGCCCGGATTTG,0,3060153
rcsBp1,0.14285714285714285,6,6,CTACGTATTTGGTATTGCGT,0,3059323
rcsBp1,0.14285714285714285,6,6,CTACATTAGTTTGAACTTCG,0,3021867
rcsBp1,0.14285714285714285,6,6,CTACAAAGAATTTGTTAAAA,0,3052651
rcsBp1,0.14285714285714285,6,6,CTAATCGCGTGTCGTAGCAT,0,3023951
rcsBp1,0.14285714285714285,6,6,CTAAAGTTCGCCCCGGAATT,0,3048809
rcsBp1,0.14285714285714285,6,6,CGTTCTTCGTGGGACATATT,0,3060762
rcsBp1,0.14285714285714285,6,6,CGTGCCGGTAGTTAGTTTGT,0,3041728
rcsBp1,0.14285714285714285,6,6,CGTCTCAGGTATTGTCTATC,0,3039804
rcsBp1,0.14285714285714285,6,6,CGTCTATTTTCATCGAGTAA,0,3069871
rcsBp1,0.14285714285714285,6,6,CGTCATGTTTGTGCTTGTGG,0,3071805
rcsBp1,0.14285714285714285,6,6,CGTCAGCAATCCTTTTGGGT,0,3050627
rcsBp1,0.14285714285714285,6,6,CGTACACGCGAGCCCTGAAA,0,3064767
rcsBp1,0.14285714285714285,6,6,CGGTTGCAGTTAATCTACCA,0,3040861
rcsBp1,0.14285714285714285,6,6,CGGTCGTCCTATTGGCACTC,0,3064126
rcsBp1,0.14285714285714285,6,6,CGGTACATTTGGTAATGTAT,0,3024020
rcsBp1,0.14285714285714285,6,6,CGGGTTACTTGGCCCCGCCA,0,3045540
rcsBp1,0.14285714285714285,6,6,CGGCTAGAACCCCGGGACGT,0,3046251
rcsBp1,0.14285714285714285,6,6,CGGCGTGGTGGCTAGTAGGG,0,3040968
rcsBp1,0.14285714285714285,6,6,CGGCCACGTGCCTACGTGTT,0,3063988
rcsBp1,0.14285714285714285,6,6,CGGCACAAGTGCGTAGCGCG,0,3065759
rcsBp1,0.14285714285714285,6,6,CGGAGTTACATGATCTTTTT,0,3039446
rcsBp1,0.14285714285714285,6,6,CGGAGTGATTTAGTCGGCGT,0,3052705
rcsBp1,0.14285714285714285,6,6,CGGAATCACGAAAACTCGAA,0,3037388
rcsBp1,0.14285714285714285,6,6,CGGAAATCAAGGTTTCTGCG,0,3055710
rcsBp1,0.14285714285714285,6,6,CGCTTAGGTATGTCATATAA,0,3027195
rcsBp1,0.14285714285714285,6,6,CGCTCACGTCAACCTATTGA,0,3058857
rcsBp1,0.14285714285714285,6,6,CGCGTATTGGCAAGTATACT,0,3033010
rcsBp1,0.14285714285714285,6,6,CGCGCCTCGGTTCAAGACCT,0,3044440
rcsBp1,0.14285714285714285,6,6,CGCGAAATGGCCGTATGTTA,0,3070461
rcsBp1,0.14285714285714285,6,6,CGCCATGCTAGGGAATGGAG,0,3029040
rcsBp1,0.14285714285714285,6,6,CGCCAATGAAAGTGCCAGCG,0,3036477
rcsBp1,0.14285714285714285,6,6,CGCATGTTATCCCTTCCGGC,0,3063799
rcsBp1,0.14285714285714285,6,6,CGCATCCGGCTCTGCTTATC,0,3025902
rcsBp1,0.14285714285714285,6,6,CGCAGCACGTACTTAGGGGT,0,3072210
rcsBp1,0.14285714285714285,6,6,CGATGGACCTTTTGCAACCA,0,3041444
rcsBp1,0.14285714285714285,6,6,CGATGAGTACGCACTATATT,0,3042937
rcsBp1,0.14285714285714285,6,6,CGATCAGTGTCTATCGCGTG,0,3035001
rcsBp1,0.14285714285714285,6,6,CGATAAGCTGCGCGGTCGAT,0,3025372
rcsBp1,0.14285714285714285,6,6,CGAGGTCAAGAGATATCGTG,0,3044634
rcsBp1,0.14285714285714285,6,6,CGAGGTATTGGATGTTGACG,0,3026024
rcsBp1,0.14285714285714285,6,6,CGAGGGAATGGAGGTAGTAA,0,3055240
rcsBp1,0.14285714285714285,6,6,CGAGAGATTTTGAGTTGACC,0,3022214
rcsBp1,0.14285714285714285,6,6,CGACTTCCGCGCGGTAGTGT,0,3033343
rcsBp1,0.14285714285714285,6,6,CGACTGAAGCTCAGACTCCA,0,3025356
rcsBp1,0.14285714285714285,6,6,CGACGTTACTCCCGGTCGGG,0,3038592
rcsBp1,0.14285714285714285,6,6,CGACCAGGCATGTACGGGAC,0,3071804
rcsBp1,0.14285714285714285,6,6,CGACAGTTCCTTACATTAGG,0,3057851
rcsBp1,0.14285714285714285,6,6,CCTTCCGGTGATAGTGTAAT,0,3070348
rcsBp1,0.14285714285714285,6,6,CCTTAGGCCACTGGGAGTCT,0,3049504
rcsBp1,0.14285714285714285,6,6,CCTTACGCGGCACAAAACAG,0,3064979
rcsBp1,0.14285714285714285,6,6,CCTTAAAAAACAGGTTCGCG,0,3071726
rcsBp1,0.14285714285714285,6,6,CCTGGGGGGTCAATACCAAT,0,3056561
rcsBp1,0.14285714285714285,6,6,CCTGCTACTGCAATCGGCTA,0,3072536
rcsBp1,0.14285714285714285,6,6,CCTGCCGGGACACTTTGCAG,0,3062995
rcsBp1,0.14285714285714285,6,6,CCTCTTGGGCGGTTTGCATT,0,3072448
rcsBp1,0.14285714285714285,6,6,CCTCGCTTCCGTGGGATTCA,0,3067608
rcsBp1,0.14285714285714285,6,6,CCTCGCACCCATCGAGATCA,0,3024812
rcsBp1,0.14285714285714285,6,6,CCTATGCGGCGCGCTAACTG,0,3057013
rcsBp1,0.14285714285714285,6,6,CCTAGGGCGGCGGCGAGTAT,0,3056652
rcsBp1,0.14285714285714285,6,6,CCTAACCATCTGAGGACACC,0,3069217
rcsBp1,0.14285714285714285,6,6,CCGGGCGGCAAATCGAGAAA,0,3043652
rcsBp1,0.14285714285714285,6,6,CCGGCGAAGCACTCCGAAAT,0,3038860
rcsBp1,0.14285714285714285,6,6,CCGGCCTCCAGACTAATTGG,0,3061543
rcsBp1,0.14285714285714285,6,6,CCGGATCCAAACCGTAGCGA,0,3045747
rcsBp1,0.14285714285714285,6,6,CCGATTTTGTCCTGAATGGA,0,3056536
rcsBp1,0.14285714285714285,6,6,CCGACCACGCATGCACAACC,0,3050431
rcsBp1,0.14285714285714285,6,6,CCGAATGTGTAAGAATAGGC,0,3072694
rcsBp1,0.14285714285714285,6,6,CCCTCCCTTTGTGAATTAAG,0,3027897
rcsBp1,0.14285714285714285,6,6,CCCTAGCTCAACACAAAAAG,0,3072967
rcsBp1,0.14285714285714285,6,6,CCCTACTGCGGGGCTACGAT,0,3051646
rcsBp1,0.14285714285714285,6,6,CCCGGGTGCCACGTCCAATA,0,3056767
rcsBp1,0.14285714285714285,6,6,CCCCTGCTTAACCGTCCGAT,0,3050588
rcsBp1,0.14285714285714285,6,6,CCCCAAACTCGTATACATGT,0,3046145
rcsBp1,0.14285714285714285,6,6,CCCAGCAAGCTAGCAACTCG,0,3034314
rcsBp1,0.14285714285714285,6,6,CCCAGACTTGTTGATAACTA,0,3071054
rcsBp1,0.14285714285714285,6,6,CCCACGTATTAGCGCACTCT,0,3071557
rcsBp1,0.14285714285714285,6,6,CCATTTAAATCATACAACGC,0,3051879
rcsBp1,0.14285714285714285,6,6,CCATGTGTCAATGAATATGT,0,3027275
rcsBp1,0.14285714285714285,6,6,CCAGTACACATATATTGTGG,0,3044477
rcsBp1,0.14285714285714285,6,6,CCAGCGTCATCGGCTCCTCA,0,3058184
rcsBp1,0.14285714285714285,6,6,CCAAGCGAGTACAACAAAGG,0,3040118
rcsBp1,0.14285714285714285,6,6,CATTTCCCAGAATTATGTTA,0,3067816
rcsBp1,0.14285714285714285,6,6,CATTCGCACAGCACGCAAAA,0,3048494
rcsBp1,0.14285714285714285,6,6,CATGGGTGGAGAGTTGAGGA,0,3056599
rcsBp1,0.14285714285714285,6,6,CATGCATTGTTATTGACACA,0,3054144
rcsBp1,0.14285714285714285,6,6,CATGAATGAAGCATATGTAC,0,3058201
rcsBp1,0.14285714285714285,6,6,CATCATGGAAACTACGCTCT,0,3042342
rcsBp1,0.14285714285714285,6,6,CATATGACCCTTTAGTAAAA,0,3031747
rcsBp1,0.14285714285714285,6,6,CATAGGACGAGTGAGCCCGA,0,3035098
rcsBp1,0.14285714285714285,6,6,CATACACCTGAACCTTGCCA,0,3069182
rcsBp1,0.14285714285714285,6,6,CAGTGGTTTACCACGACATT,0,3037212
rcsBp1,0.14285714285714285,6,6,CAGTGGTTGCTGCGGATGGG,0,3060637
rcsBp1,0.14285714285714285,6,6,CAGTGACTAAGAAGTGGCAA,0,3047501
rcsBp1,0.14285714285714285,6,6,CAGTATGTAAATAAAGAGCC,0,3046604
rcsBp1,0.14285714285714285,6,6,CAGTACTTCCGGACGTGTCA,0,3035687
rcsBp1,0.14285714285714285,6,6,CAGTACACGATCCGGCTGAT,0,3048548
rcsBp1,0.14285714285714285,6,6,CAGGTGATCGCTGTATACCA,0,3044560
rcsBp1,0.14285714285714285,6,6,CAGGACTTCGTGCCGGCAAC,0,3050823
rcsBp1,0.14285714285714285,6,6,CAGGACTGAAAGTCGCGAAC,0,3037481
rcsBp1,0.14285714285714285,6,6,CAGGAAAAAAGCGCTAGTGC,0,3066918
rcsBp1,0.14285714285714285,6,6,CAGCTTGACGTTCCTACCCG,0,3061872
rcsBp1,0.14285714285714285,6,6,CAGCGTTGTCCATGAGACGT,0,3025933
rcsBp1,0.14285714285714285,6,6,CAGACACCCTACATCTCAAT,0,3059343
rcsBp1,0.14285714285714285,6,6,CACTGGTATATGGACTTTTA,0,3030290
rcsBp1,0.14285714285714285,6,6,CACGCCCTGGGAGGATCATG,0,3033586
rcsBp1,0.14285714285714285,6,6,CACGATGGGAGTTGACACAT,0,3042798
rcsBp1,0.14285714285714285,6,6,CACATTTGGGCCAAGAGCAT,0,3041224
rcsBp1,0.14285714285714285,6,6,CAATCGCGATCGCCAGCTTA,0,3069636
rcsBp1,0.14285714285714285,6,6,CAATCCACTCCGAGCCTATG,0,3065607
rcsBp1,0.14285714285714285,6,6,CAAGGACGGTCGTGTAAAAT,0,3050198
rcsBp1,0.14285714285714285,6,6,CAACGGAGACTGTGCACCGG,0,3045143
rcsBp1,0.14285714285714285,6,6,CAACGAATAGGAGAGCGGAT,0,3045756
rcsBp1,0.14285714285714285,6,6,CAACCTTTCCTTCTTTAAAT,0,3059534
rcsBp1,0.14285714285714285,6,6,CAACACGGCTCCCCATTGAC,0,3047441
rcsBp1,0.14285714285714285,6,6,CAAAGGCGGGGTTCTGGGAA,0,3070267
rcsBp1,0.14285714285714285,6,6,CAAAGACGAGTCACGTCAAT,0,3047920
rcsBp1,0.14285714285714285,6,6,ATTTTGGGGGGGGGAGTGAG,0,3049012
rcsBp1,0.14285714285714285,6,6,ATTTGTTTTAATTTGGGGAC,0,3051612
rcsBp1,0.14285714285714285,6,6,ATTGACCACGAGCACAGAAA,0,3042467
rcsBp1,0.14285714285714285,6,6,ATTAGCTGGTATTCAACATT,0,3056533
rcsBp1,0.14285714285714285,6,6,ATTACAACGCAAGCTAGAGT,0,3073225
rcsBp1,0.14285714285714285,6,6,ATGTCTTACAAATTAACGCA,0,3024001
rcsBp1,0.14285714285714285,6,6,ATGTCCTGGGGCTGGAGATC,0,3042196
rcsBp1,0.14285714285714285,6,6,ATGTCCGGATTCAGAGCACG,0,3047325
rcsBp1,0.14285714285714285,6,6,ATGTCCCACGGGGTCTGTAA,0,3053655
rcsBp1,0.14285714285714285,6,6,ATGTATTGTTCTGAAACGGT,0,3038133
rcsBp1,0.14285714285714285,6,6,ATGGGTTGTTGGCCTTTTTC,0,3054290
rcsBp1,0.14285714285714285,6,6,ATGGGGTATTGAGTCCTACC,0,3027331
rcsBp1,0.14285714285714285,6,6,ATGGGCAAATCATTGAGCAG,0,3046966
rcsBp1,0.14285714285714285,6,6,ATGCCAGATCTGGTCTATAA,0,3044353
rcsBp1,0.14285714285714285,6,6,ATGCAGCCGACCGAAAAAAT,0,3057608
rcsBp1,0.14285714285714285,6,6,ATGAGCATGGACTCGGCAAA,0,3057363
rcsBp1,0.14285714285714285,6,6,ATGAAATTCATAGCGAGTCC,0,3043240
rcsBp1,0.14285714285714285,6,6,ATCTTGCTGTCGTCAACCAT,0,3041907
rcsBp1,0.14285714285714285,6,6,ATCTAGCAGCAACAGATCCG,0,3048027
rcsBp1,0.14285714285714285,6,6,ATCGGGAACGGCGCCTCTAG,0,3049862
rcsBp1,0.14285714285714285,6,6,ATCGACTCCCCGGGCCACAG,0,3033344
rcsBp1,0.14285714285714285,6,6,ATCGACTACAGAAAGGAGAG,0,3073001
rcsBp1,0.14285714285714285,6,6,ATCCGCGTGACGCCTTATGG,0,3048471
rcsBp1,0.14285714285714285,6,6,ATCCCGCCTCGGGAGGACAC,0,3056241
rcsBp1,0.14285714285714285,6,6,ATCCACCTATCAAGGAAAAA,0,3043747
rcsBp1,0.14285714285714285,6,6,ATCATAGAGGGATCGCATAT,0,3032580
rcsBp1,0.14285714285714285,6,6,ATATTGCAGTTTGGCGCGGC,0,3047151
rcsBp1,0.14285714285714285,6,6,ATATTAGCCTTAAGGCGGCA,0,3032954
rcsBp1,0.14285714285714285,6,6,ATATGCAACCAATACTTCTG,0,3063902
rcsBp1,0.14285714285714285,6,6,ATAGTTTAGTCTAATTTTTT,0,3040086
rcsBp1,0.14285714285714285,6,6,ATAGTTGGAGTCCCTAGTCC,0,3048054
rcsBp1,0.14285714285714285,6,6,ATAGTGGCACCTCACGTGCT,0,3045753
rcsBp1,0.14285714285714285,6,6,ATAGTAGCTCTGTAATTAGT,0,3040150
rcsBp1,0.14285714285714285,6,6,ATAGGGCCTTCTCAATCGTG,0,3040153
rcsBp1,0.14285714285714285,6,6,ATAGCGTTGGTTCCGGTGGG,0,3050463
rcsBp1,0.14285714285714285,6,6,ATAGCAGTGCATATGAACTG,0,3043988
rcsBp1,0.14285714285714285,6,6,ATACTGTCCACGTGGGGCAA,0,3043757
rcsBp1,0.14285714285714285,6,6,ATACTAAAATTGGATCCTAT,0,3072847
rcsBp1,0.14285714285714285,6,6,ATACCGGATATTCGGCGATC,0,3060215
rcsBp1,0.14285714285714285,6,6,ATAATACCCCGTTCAAGGTT,0,3024728
rcsBp1,0.14285714285714285,6,6,ATAAGGAGTGTAGGGTCGAA,0,3036557
rcsBp1,0.14285714285714285,6,6,ATAACTGCTGTGCGGTTGCA,0,3048742
rcsBp1,0.14285714285714285,6,6,ATAAAAGGTTACTGCCAGGC,0,3031951
rcsBp1,0.14285714285714285,6,6,AGTTTCTGTACTCATGGAGC,0,3038672
rcsBp1,0.14285714285714285,6,6,AGTTTACAGAAGGCGGTATC,0,3051154
rcsBp1,0.14285714285714285,6,6,AGTTGGTACTTACTACTCAG,0,3052352
rcsBp1,0.14285714285714285,6,6,AGTTCTTACTTGAGAGAGTC,0,3068724
rcsBp1,0.14285714285714285,6,6,AGTTCTAACTTCGTTCTGGC,0,3061215
rcsBp1,0.14285714285714285,6,6,AGTGTTGAATCGCCCGACTT,0,3038553
rcsBp1,0.14285714285714285,6,6,AGTGTTACGACACGGCGTAT,0,3032634
rcsBp1,0.14285714285714285,6,6,AGTGGCGAGGGTTACCCTGA,0,3066320
rcsBp1,0.14285714285714285,6,6,AGTGAAGAGTGGGTTTACGT,0,3029352
rcsBp1,0.14285714285714285,6,6,AGTGAAACTTCCTAGACACC,0,3040855
rcsBp1,0.14285714285714285,6,6,AGTGAAACGCCGAGAGTACA,0,3063883
rcsBp1,0.14285714285714285,6,6,AGGTGGGGCGGATCATGCTT,0,3048758
rcsBp1,0.14285714285714285,6,6,AGGTGCGTGTTACATTGACC,0,3023178
rcsBp1,0.14285714285714285,6,6,AGGTGCCGGCCGCCATAGTA,0,3027785
rcsBp1,0.14285714285714285,6,6,AGGGTGGGCACCGTTCTCCT,0,3035787
rcsBp1,0.14285714285714285,6,6,AGGGCCGGGTGTCCGTGATT,0,3067599
rcsBp1,0.14285714285714285,6,6,AGGCTCGGTCGATCTTAATT,0,3056406
rcsBp1,0.14285714285714285,6,6,AGGCGGGCCACAAGTCAAGG,0,3067275
rcsBp1,0.14285714285714285,6,6,AGGCGCGGACGGCCAAGAGT,0,3029080
rcsBp1,0.14285714285714285,6,6,AGGCCTGTATTCGGGTAGTA,0,3046344
rcsBp1,0.14285714285714285,6,6,AGGCCCAACGTGCAAGGGAA,0,3047018
rcsBp1,0.14285714285714285,6,6,AGGAGTGGCGGTCTACACTA,0,3067870
rcsBp1,0.14285714285714285,6,6,AGGAGGCAACCTTACGAGTT,0,3028549
rcsBp1,0.14285714285714285,6,6,AGCTCAGTTCAATGTACCGA,0,3059747
rcsBp1,0.14285714285714285,6,6,AGCGGTATAGTGAGAGCTCA,0,3069393
rcsBp1,0.14285714285714285,6,6,AGCGACTCGGTATTAGCTCC,0,3029163
rcsBp1,0.14285714285714285,6,6,AGCCGGCAGCGTTCTGGTGC,0,3067691
rcsBp1,0.14285714285714285,6,6,AGCATTACCGTTGGATTCTG,0,3066973
rcsBp1,0.14285714285714285,6,6,AGCACTCATTACATGTATTA,0,3033993
rcsBp1,0.14285714285714285,6,6,AGATTGAATGAGTATCCAAC,0,3064876
rcsBp1,0.14285714285714285,6,6,AGATACGATAAATATCGTGT,0,3060952
rcsBp1,0.14285714285714285,6,6,AGAGGTCCGCTGATTAGCTC,0,3067614
rcsBp1,0.14285714285714285,6,6,AGAGGGTTGGGTGGACCGTC,0,3050469
rcsBp1,0.14285714285714285,6,6,AGACTTACTAAAAACGTAGT,0,3071478
rcsBp1,0.14285714285714285,6,6,AGACTGTGGGCGCACACGTC,0,3055168
rcsBp1,0.14285714285714285,6,6,AGACAGTAAACATTTCAGCT,0,3036434
rcsBp1,0.14285714285714285,6,6,AGAAATCCTGAACGGGCAGA,0,3035332
rcsBp1,0.14285714285714285,6,6,AGAAAATCTCCGGTTAGCTG,0,3045921
rcsBp1,0.14285714285714285,6,6,ACTTTAACGGCAACTTTGGG,0,3042492
rcsBp1,0.14285714285714285,6,6,ACTGTCCGGCTAGTCGGTAT,0,3065327
rcsBp1,0.14285714285714285,6,6,ACTGGATATTCATTGCAAAC,0,3070378
rcsBp1,0.14285714285714285,6,6,ACTGGAACATCGAACCTTCC,0,3050871
rcsBp1,0.14285714285714285,6,6,ACTCGAGTAGGGGGGACAAA,0,3044692
rcsBp1,0.14285714285714285,6,6,ACTCAAGCATAAGCGTATTG,0,3045444
rcsBp1,0.14285714285714285,6,6,ACGTTGTGAGAATAGTACTC,0,3037787
rcsBp1,0.14285714285714285,6,6,ACGTGGTCCGCTCTCGTATT,0,3023664
rcsBp1,0.14285714285714285,6,6,ACGTGGCCGTAGAACGTAGG,0,3059341
rcsBp1,0.14285714285714285,6,6,ACGTCCCGAACTCAGGCCCA,0,3041250
rcsBp1,0.14285714285714285,6,6,ACGTCCATTCCGCTACTTAC,0,3024659
rcsBp1,0.14285714285714285,6,6,ACGTCCAGTTCGAATCCTGC,0,3058960
rcsBp1,0.14285714285714285,6,6,ACGGGCACCTCTGCTCAGGT,0,3022422
rcsBp1,0.14285714285714285,6,6,ACGGACCAAATTAAACCTGC,0,3072254
rcsBp1,0.14285714285714285,6,6,ACGCTTTTCTGGACTACACA,0,3022257
rcsBp1,0.14285714285714285,6,6,ACGCTCCTTCCGGCCCTGAT,0,3072336
rcsBp1,0.14285714285714285,6,6,ACGCATCTCGGAGTGCCCCA,0,3057073
rcsBp1,0.14285714285714285,6,6,ACGCACTACGACATTTGAGG,0,3068631
rcsBp1,0.14285714285714285,6,6,ACGAGTAAACGTTTCAATTG,0,3037073
rcsBp1,0.14285714285714285,6,6,ACCTGGCCGAACTCGAATGG,0,3062880
rcsBp1,0.14285714285714285,6,6,ACCTCCCATTCGTCTCCGAC,0,3023964
rcsBp1,0.14285714285714285,6,6,ACCTAAGTTCGGATCAAGGG,0,3046412
rcsBp1,0.14285714285714285,6,6,ACCGTGCCTATGAAGCGCCT,0,3062618
rcsBp1,0.14285714285714285,6,6,ACCGGACTCGGCCAGTCAGA,0,3026775
rcsBp1,0.14285714285714285,6,6,ACCGCGGGAATTGTTAGAAT,0,3037916
rcsBp1,0.14285714285714285,6,6,ACCGAGGACAACCTGGGACG,0,3037372
rcsBp1,0.14285714285714285,6,6,ACCGACAATCTCTTAAACTA,0,3062992
rcsBp1,0.14285714285714285,6,6,ACCCGTATGTCCCATGCTTT,0,3070962
rcsBp1,0.14285714285714285,6,6,ACCCAGTTTGAAAAGATTTG,0,3060020
rcsBp1,0.14285714285714285,6,6,ACCACCCTTCGCGTCGTCAC,0,3061652
rcsBp1,0.14285714285714285,6,6,ACATGCATATTCCTAGAATA,0,3022602
rcsBp1,0.14285714285714285,6,6,ACAGGTCAGTGATCATCTAG,0,3052145
rcsBp1,0.14285714285714285,6,6,ACACGGAAGGGTACTTAGAT,0,3057745
rcsBp1,0.14285714285714285,6,6,ACACAAATTCACCGAGGTGT,0,3058563
rcsBp1,0.14285714285714285,6,6,ACAACGGTCCAGGTAGCTAT,0,3063231
rcsBp1,0.14285714285714285,6,6,ACAACATTTCATTTCCACGT,0,3028726
rcsBp1,0.14285714285714285,6,6,ACAAACCCCCTTCATTGTGC,0,3029126
rcsBp1,0.14285714285714285,6,6,AATTGCCGGATTTAATCTTT,0,3043841
rcsBp1,0.14285714285714285,6,6,AATTCGCATACGACCTAATT,0,3036497
rcsBp1,0.14285714285714285,6,6,AATTAGTATCTTCGAACCAC,0,3050767
rcsBp1,0.14285714285714285,6,6,AATGTAGGTAACGCCATGTG,0,3040803
rcsBp1,0.14285714285714285,6,6,AATGGTTGGTGCACCAAATC,0,3043620
rcsBp1,0.14285714285714285,6,6,AATGCTGCGACGAAAAGAAC,0,3036523
rcsBp1,0.14285714285714285,6,6,AATGAGCTAAGAATCACGAC,0,3023158
rcsBp1,0.14285714285714285,6,6,AATCTTATGTAGTTCAGGTG,0,3025834
rcsBp1,0.14285714285714285,6,6,AATCTACTTAACACGTCGGT,0,3056166
rcsBp1,0.14285714285714285,6,6,AATCTACGGATTCATAAGAC,0,3025547
rcsBp1,0.14285714285714285,6,6,AATCGTGGCTGCCGACTGGT,0,3058977
rcsBp1,0.14285714285714285,6,6,AATCCCGGCGGTCACTCATG,0,3046064
rcsBp1,0.14285714285714285,6,6,AATCCACATATGTCGTTTGA,0,3034380
rcsBp1,0.14285714285714285,6,6,AATATGTATTCAACAGACAC,0,3066874
rcsBp1,0.14285714285714285,6,6,AATAAAGCAGTTCAAAACCA,0,3072842
rcsBp1,0.14285714285714285,6,6,AAGTTTCACGGTTCGCATAA,0,3050543
rcsBp1,0.14285714285714285,6,6,AAGTTGAAAGAATATCAGCA,0,3035586
rcsBp1,0.14285714285714285,6,6,AAGTGTTGTTGTGATATACA,0,3048526
rcsBp1,0.14285714285714285,6,6,AAGTGTGGACGAGCCGAGCC,0,3052239
rcsBp1,0.14285714285714285,6,6,AAGTGGGCTTTGTGTCCAGT,0,3041178
rcsBp1,0.14285714285714285,6,6,AAGTACCCAACGTTTACTTC,0,3035034
rcsBp1,0.14285714285714285,6,6,AAGGCGTTTCTACGGGGTAC,0,3040955
rcsBp1,0.14285714285714285,6,6,AAGCATGTGCTTCTTAGTCT,0,3069907
rcsBp1,0.14285714285714285,6,6,AAGCAGATATGATGAAATAC,0,3029226
rcsBp1,0.14285714285714285,6,6,AAGAGCACTCGTAAAGGCGG,0,3029035
rcsBp1,0.14285714285714285,6,6,AACTTTTTGATGTCATAAGA,0,3045828
rcsBp1,0.14285714285714285,6,6,AACTCTCGCGTCCCCCGCGG,0,3057958
rcsBp1,0.14285714285714285,6,6,AACGCTCCAAATCGTGGTAT,0,3031302
rcsBp1,0.14285714285714285,6,6,AACCAGGGCTGAAAGGAGCG,0,3051749
rcsBp1,0.14285714285714285,6,6,AACATATTTTTCAGACCATA,0,3058450
rcsBp1,0.14285714285714285,6,6,AACAGGGTCGGTCGGCTAAG,0,3060209
rcsBp1,0.14285714285714285,6,6,AACAAGGATCACGTCCTTGG,0,3044308
rcsBp1,0.14285714285714285,6,6,AAATGATTTGTGAGAGGTTA,0,3032551
rcsBp1,0.14285714285714285,6,6,AAATAGGCTGGATGTCTCGT,0,3063421
rcsBp1,0.14285714285714285,6,6,AAAGGTTCGCAACTATCTGT,0,3048560
rcsBp1,0.14285714285714285,6,6,AAAGGCAAGAGTGAGTAACA,0,3057129
rcsBp1,0.14285714285714285,6,6,AAAGCGCGGGATTATTGTTA,0,3060345
rcsBp1,0.14285714285714285,6,6,AAACTGACATTGCTGCGACA,0,3058696
rcsBp1,0.14285714285714285,6,6,AAACACTCAACTAGGGCTAT,0,3024625
rcsBp1,0.14285714285714285,6,6,AAAATTGAATATCATGCAGG,0,3053091
rcsBp1,0.14285714285714285,6,6,AAAACGCGGGTCTCCGGTAT,0,3070590
rcsBp1,0.16666666666666666,5,5,TTTTTTCTCGTCGCCAAGCT,0,3046376
rcsBp1,0.16666666666666666,5,5,TTTTGTGACTTGAGGCCTTT,0,3057988
rcsBp1,0.16666666666666666,5,5,TTTTATTTGTTCTATTGGCA,0,3023649
rcsBp1,0.16666666666666666,5,5,TTTTAATTAGATCGAGGTGG,0,3040801
rcsBp1,0.16666666666666666,5,5,TTTGCCTCGAGCTGGAGTCG,0,3034066
rcsBp1,0.16666666666666666,5,5,TTTCTTCTGAGTTCATGGAT,0,3070452
rcsBp1,0.16666666666666666,5,5,TTTCGTAACAGAAAATTCAG,0,3059168
rcsBp1,0.16666666666666666,5,5,TTTCCTTACTATGCTAGAAT,0,3059444
rcsBp1,0.16666666666666666,5,5,TTTCCCTTAAGAATTTGCTA,0,3061021
rcsBp1,0.16666666666666666,5,5,TTTCATTGAAGTGGCCTGCC,0,3024532
rcsBp1,0.16666666666666666,5,5,TTTCACAGTAATCTTAGGAA,0,3056664
rcsBp1,0.16666666666666666,5,5,TTTATGTTGGAAGCGTAGGG,0,3072909
rcsBp1,0.16666666666666666,5,5,TTTATAATCTAGGGTGCGTG,0,3036577
rcsBp1,0.16666666666666666,5,5,TTTAGCCGTCCTATCAAAAA,0,3063904
rcsBp1,0.16666666666666666,5,5,TTTAGCAAGCGTACACATTG,0,3049235
rcsBp1,0.16666666666666666,5,5,TTTACCTGTTGACCGAGGTG,0,3059345
rcsBp1,0.16666666666666666,5,5,TTGTTTAAATCTCCGCTGTG,0,3048829
rcsBp1,0.16666666666666666,5,5,TTGTCGTATCTAAGAGCGTG,0,3053049
rcsBp1,0.16666666666666666,5,5,TTGGGCTCTTACTGTTGGAC,0,3038671
rcsBp1,0.16666666666666666,5,5,TTGCTCAAGCGACCAGATGC,0,3031953
rcsBp1,0.16666666666666666,5,5,TTGCGTGAAAATATGTTCCT,0,3042050
rcsBp1,0.16666666666666666,5,5,TTGATGAGATGCAAAGCAGA,0,3054104
rcsBp1,0.16666666666666666,5,5,TTCTTGATATACGAAGCTTG,0,3022382
rcsBp1,0.16666666666666666,5,5,TTCTTCGCGCCGTTAATCGC,0,3053382
rcsBp1,0.16666666666666666,5,5,TTCGTCTGTGAGGTTGCAGA,0,3035035
rcsBp1,0.16666666666666666,5,5,TTCGTCGCTCCCCCGTCTCA,0,3073328
rcsBp1,0.16666666666666666,5,5,TTCGTAAGAGGACTGGGTAG,0,3066310
rcsBp1,0.16666666666666666,5,5,TTCGCCCGTGTGGGATTAAC,0,3039013
rcsBp1,0.16666666666666666,5,5,TTCCTCGTGTATATTACTAG,0,3026103
rcsBp1,0.16666666666666666,5,5,TTCCAAATTTTGCCCCAAGA,0,3023085
rcsBp1,0.16666666666666666,5,5,TTCATTTCGCAAGTTACGTT,0,3033041
rcsBp1,0.16666666666666666,5,5,TTCAGTCGAGCCGGGATAGG,0,3026711
rcsBp1,0.16666666666666666,5,5,TTCAGGCATTAATGCCGCAA,0,3059888
rcsBp1,0.16666666666666666,5,5,TTATTCGCCAACGATTATTC,0,3071384
rcsBp1,0.16666666666666666,5,5,TTATGATCACTTGTCCATAT,0,3032181
rcsBp1,0.16666666666666666,5,5,TTATCGTCGTTGGACCTCCA,0,3069761
rcsBp1,0.16666666666666666,5,5,TTATCACCCCACTGAGGTGT,0,3068759
rcsBp1,0.16666666666666666,5,5,TTATATCACTTGTTGCGTTG,0,3055994
rcsBp1,0.16666666666666666,5,5,TTAGATTTCGTGGCCAGTCG,0,3044511
rcsBp1,0.16666666666666666,5,5,TTAGAGGAACATAGAAAATT,0,3072998
rcsBp1,0.16666666666666666,5,5,TTACGCGTCTGCGGTATCGA,0,3037772
rcsBp1,0.16666666666666666,5,5,TGTTTTGGAGCTATCGTAAA,0,3053265
rcsBp1,0.16666666666666666,5,5,TGTTCTGTGTAATGCTCTTT,0,3054120
rcsBp1,0.16666666666666666,5,5,TGTTCCGCGTATCCCTATCT,0,3033970
rcsBp1,0.16666666666666666,5,5,TGTGGGCGCGCGCATAGTTG,0,3039146
rcsBp1,0.16666666666666666,5,5,TGTGGACGGAGACCGTTGTT,0,3029349
rcsBp1,0.16666666666666666,5,5,TGTGCAGCTAATGTGTGGAT,0,3029796
rcsBp1,0.16666666666666666,5,5,TGTGATAACTCCACCGGCAA,0,3050119
rcsBp1,0.16666666666666666,5,5,TGTGAGGAGATCTGTGTATT,0,3033316
rcsBp1,0.16666666666666666,5,5,TGTCTGGGGTAAGCGGATGG,0,3041146
rcsBp1,0.16666666666666666,5,5,TGTACCATCTCCGTAAAGTT,0,3033849
rcsBp1,0.16666666666666666,5,5,TGTAACAGACAACATTTGGA,0,3022646
rcsBp1,0.16666666666666666,5,5,TGGTTTTCCGGATACTAAGT,0,3027609
rcsBp1,0.16666666666666666,5,5,TGGTCCCTCCTTAGAGCGTT,0,3065324
rcsBp1,0.16666666666666666,5,5,TGGTAGTCGTGCCGTAGGTC,0,3027046
rcsBp1,0.16666666666666666,5,5,TGGGTCCCGGGCCTGTACAG,0,3027566
rcsBp1,0.16666666666666666,5,5,TGGGGTATCAACCCGGGGAT,0,3030985
rcsBp1,0.16666666666666666,5,5,TGGGGATGCAGTTTTTGCGT,0,3050281
rcsBp1,0.16666666666666666,5,5,TGGCCGAAGTTGACAGACAA,0,3025329
rcsBp1,0.16666666666666666,5,5,TGGATACCAAGCGGATTTCA,0,3068334
rcsBp1,0.16666666666666666,5,5,TGGAGTCCACGCACAGTAAG,0,3044473
rcsBp1,0.16666666666666666,5,5,TGGACGATGGCGCGAGCGCC,0,3065656
rcsBp1,0.16666666666666666,5,5,TGCTTTCCTTGTAAGATTCA,0,3038743
rcsBp1,0.16666666666666666,5,5,TGCTTCAGGGCGATTGGTGG,0,3038927
rcsBp1,0.16666666666666666,5,5,TGCTTCAATCTGATACGCTA,0,3063571
rcsBp1,0.16666666666666666,5,5,TGCTAACGGTTATAACGCAG,0,3048367
rcsBp1,0.16666666666666666,5,5,TGCGTGTCCGTAGTGCCCAA,0,3027124
rcsBp1,0.16666666666666666,5,5,TGCGGCGCAACGCCGACAAC,0,3066047
rcsBp1,0.16666666666666666,5,5,TGCCTGGTTGGCTTGCCATC,0,3069550
rcsBp1,0.16666666666666666,5,5,TGCCGGGAAAAATGCAGTCT,0,3062142
rcsBp1,0.16666666666666666,5,5,TGCCAAATCGGCGGGGCACC,0,3060718
rcsBp1,0.16666666666666666,5,5,TGCATTATGAGCCTTTGAAA,0,3032866
rcsBp1,0.16666666666666666,5,5,TGATCTAAATACCCCCGTTC,0,3056308
rcsBp1,0.16666666666666666,5,5,TGATCGCAGGCCAGCTTTTA,0,3058870
rcsBp1,0.16666666666666666,5,5,TGATAGTCGAACCGCGGCTG,0,3073076
rcsBp1,0.16666666666666666,5,5,TGAGTTGTAGCTATTACCAT,0,3068849
rcsBp1,0.16666666666666666,5,5,TGAGTCCACTAAGGCCACGC,0,3039881
rcsBp1,0.16666666666666666,5,5,TGAGGCGTGGCCTGAATTCG,0,3038975
rcsBp1,0.16666666666666666,5,5,TGAGCATTAGATCCTGACAA,0,3066999
rcsBp1,0.16666666666666666,5,5,TGAGACTACAGGAGGGGACT,0,3053977
rcsBp1,0.16666666666666666,5,5,TGACGTCGGTTGCGGGAATT,0,3072220
rcsBp1,0.16666666666666666,5,5,TGACCCTACCCGGTTTGGGA,0,3052357
rcsBp1,0.16666666666666666,5,5,TGAAAGACGATGGAACAAAG,0,3050361
rcsBp1,0.16666666666666666,5,5,TCTTCGCCAGCCGGAAGAAT,0,3024947
rcsBp1,0.16666666666666666,5,5,TCTTATCCGCATACTGGTTG,0,3033194
rcsBp1,0.16666666666666666,5,5,TCTTACTTAACTTCGCGGAT,0,3031707
rcsBp1,0.16666666666666666,5,5,TCTTACAATTCGTTGTGGAG,0,3044895
rcsBp1,0.16666666666666666,5,5,TCTGGGCCGTTGTCCAATAC,0,3023112
rcsBp1,0.16666666666666666,5,5,TCTGGCCTCAAAGCGTGTTT,0,3044517
rcsBp1,0.16666666666666666,5,5,TCTGGATGAGACACCATGGT,0,3071733
rcsBp1,0.16666666666666666,5,5,TCTCTTCCCCGCGTCTTCAG,0,3061530
rcsBp1,0.16666666666666666,5,5,TCTCGAGGGTAGCTTGGCTA,0,3040144
rcsBp1,0.16666666666666666,5,5,TCTCCTTCTGCACAGCAGAC,0,3034752
rcsBp1,0.16666666666666666,5,5,TCTCCCGAGAATCGCTCTTC,0,3038397
rcsBp1,0.16666666666666666,5,5,TCTCCCCGTTCGGAATTCCC,0,3057377
rcsBp1,0.16666666666666666,5,5,TCTCCCACTGTGCCTTAATA,0,3054124
rcsBp1,0.16666666666666666,5,5,TCTCATCCTGGAGCGAGGGC,0,3034810
rcsBp1,0.16666666666666666,5,5,TCTCAAGGCGCCGCATGGGA,0,3050725
rcsBp1,0.16666666666666666,5,5,TCTAGCATAAAACAAGGTGT,0,3047417
rcsBp1,0.16666666666666666,5,5,TCTAAACCCGACTCAGGAGC,0,3051620
rcsBp1,0.16666666666666666,5,5,TCGTTTTTTGGCTCGGCTTC,0,3048600
rcsBp1,0.16666666666666666,5,5,TCGGTTGATACTCTATGATT,0,3051510
rcsBp1,0.16666666666666666,5,5,TCGCTTATGAGGAAATTACG,0,3044469
rcsBp1,0.16666666666666666,5,5,TCGCGATCACGGATATCATT,0,3032677
rcsBp1,0.16666666666666666,5,5,TCGCCTCGTTTTATGCATCA,0,3042111
rcsBp1,0.16666666666666666,5,5,TCGCCCTACATATCAAAATT,0,3051097
rcsBp1,0.16666666666666666,5,5,TCGCACCCAAAGGAGCTTTT,0,3028059
rcsBp1,0.16666666666666666,5,5,TCCTTCCTATGTAGGGGTTG,0,3022874
rcsBp1,0.16666666666666666,5,5,TCCTGTAATGGTTCACTAAG,0,3059008
rcsBp1,0.16666666666666666,5,5,TCCTGGTTTCAAGCCGACAT,0,3038704
rcsBp1,0.16666666666666666,5,5,TCCTGGGACTAGGATATTGT,0,3050997
rcsBp1,0.16666666666666666,5,5,TCCTAACTCGGACCGCGTCT,0,3042195
rcsBp1,0.16666666666666666,5,5,TCCGTGGGACACGGAACGCT,0,3030630
rcsBp1,0.16666666666666666,5,5,TCCGGAGTGGGCTGGAGGCG,0,3041515
rcsBp1,0.16666666666666666,5,5,TCCGCCACGCTTAAAGAAGA,0,3059579
rcsBp1,0.16666666666666666,5,5,TCCCGAGACCAGCCGCCGAA,0,3043038
rcsBp1,0.16666666666666666,5,5,TCCCACTTTGGCACTACGAA,0,3036781
rcsBp1,0.16666666666666666,5,5,TCCATCACCAGAGGATCTTG,0,3031748
rcsBp1,0.16666666666666666,5,5,TCATTATAACCTTTACCACG,0,3044129
rcsBp1,0.16666666666666666,5,5,TCACTGTTTGCAGTTGTAGA,0,3057028
rcsBp1,0.16666666666666666,5,5,TCACGTGCTGCGAGTTAGCG,0,3050453
rcsBp1,0.16666666666666666,5,5,TCACGAGGTTCCTTACAAGA,0,3057352
rcsBp1,0.16666666666666666,5,5,TCACGACCCATGCTGAATCT,0,3024989
rcsBp1,0.16666666666666666,5,5,TCACCCAAGCACTTTCGAAT,0,3063279
rcsBp1,0.16666666666666666,5,5,TCACAGGAGCGTACCTGCTC,0,3057037
rcsBp1,0.16666666666666666,5,5,TCAATCAACGTCAGCCCGAA,0,3044157
rcsBp1,0.16666666666666666,5,5,TCAAGATCTCATCCACGTGG,0,3052058
rcsBp1,0.16666666666666666,5,5,TATTCAGCCGCAATAGACGC,0,3059609
rcsBp1,0.16666666666666666,5,5,TATGGTTGCCGGAGTTTTGC,0,3039025
rcsBp1,0.16666666666666666,5,5,TATGGTCACTCACACAGCCG,0,3068356
rcsBp1,0.16666666666666666,5,5,TATGCGTGGGAGGGTATCAG,0,3048165
rcsBp1,0.16666666666666666,5,5,TATCGTGGAAACGTACGGCG,0,3039305
rcsBp1,0.16666666666666666,5,5,TATCATGGATTGTCGAATAC,0,3036730
rcsBp1,0.16666666666666666,5,5,TATCATCGTCATTCGTGTAG,0,3033798
rcsBp1,0.16666666666666666,5,5,TATATTTATTAGCTGGTCAT,0,3042246
rcsBp1,0.16666666666666666,5,5,TATATTAATTGTTTGGGTCC,0,3032019
rcsBp1,0.16666666666666666,5,5,TATACAGGCCAGTAATTTTG,0,3062014
rcsBp1,0.16666666666666666,5,5,TATACAATTTGCAAGAGTCA,0,3064049
rcsBp1,0.16666666666666666,5,5,TAGGTTATCCCCATGTGGTC,0,3048605
rcsBp1,0.16666666666666666,5,5,TAGGTACTACCGTCCGTGTC,0,3041393
rcsBp1,0.16666666666666666,5,5,TAGGGGGACACCTGGGTAGA,0,3052324
rcsBp1,0.16666666666666666,5,5,TAGGGACATTCAACTATTTC,0,3035452
rcsBp1,0.16666666666666666,5,5,TAGGAGTCACCAAAGCCCTT,0,3023669
rcsBp1,0.16666666666666666,5,5,TAGCGTTCTTCATTCGTGGG,0,3041184
rcsBp1,0.16666666666666666,5,5,TAGCGTTATCACCCGTTTCT,0,3063154
rcsBp1,0.16666666666666666,5,5,TAGCCTTCAAGAAAAAAGAT,0,3053797
rcsBp1,0.16666666666666666,5,5,TAGATTGGCTGGATGTGGGA,0,3023922
rcsBp1,0.16666666666666666,5,5,TAGAGGTCCCGTCTGCCTAG,0,3045833
rcsBp1,0.16666666666666666,5,5,TAGACCTGGCCTACTAGTCC,0,3064318
rcsBp1,0.16666666666666666,5,5,TACTTTTACAATCCACGTTC,0,3040204
rcsBp1,0.16666666666666666,5,5,TACTGTAACGATGGGAGGGT,0,3033876
rcsBp1,0.16666666666666666,5,5,TACTCTATCCAGAAACATAT,0,3028877
rcsBp1,0.16666666666666666,5,5,TACTCTAACCTGGTATTAAG,0,3029746
rcsBp1,0.16666666666666666,5,5,TACTATCGACTAATCAGGGC,0,3030019
rcsBp1,0.16666666666666666,5,5,TACGGAGCAACGGCACTCTA,0,3042600
rcsBp1,0.16666666666666666,5,5,TACGACGTTATGTTGCTAAA,0,3073223
rcsBp1,0.16666666666666666,5,5,TACATGTGCTAGCGAGACGA,0,3032203
rcsBp1,0.16666666666666666,5,5,TACAGCACCAATACCACGGT,0,3063124
rcsBp1,0.16666666666666666,5,5,TACAAGCATCAAACAAAGGA,0,3053779
rcsBp1,0.16666666666666666,5,5,TACAACCGAGAACGCCCCTA,0,3036524
rcsBp1,0.16666666666666666,5,5,TAATTTGAACTCTAACGCCT,0,3032491
rcsBp1,0.16666666666666666,5,5,TAATGGTGAGAGATTGTGTC,0,3052236
rcsBp1,0.16666666666666666,5,5,TAATGACTGCCGGTGTCTCC,0,3055288
rcsBp1,0.16666666666666666,5,5,TAAGCTCTCTCGTTTCTCGT,0,3041660
rcsBp1,0.16666666666666666,5,5,TAAGACTGCAATAGTCGAAT,0,3048255
rcsBp1,0.16666666666666666,5,5,TAACTCACTTTCATTTGCTA,0,3044307
rcsBp1,0.16666666666666666,5,5,TAAATTTCCAGTAAAGGTAC,0,3030598
rcsBp1,0.16666666666666666,5,5,TAAAGCTTCCGCCATGTGCA,0,3066443
rcsBp1,0.16666666666666666,5,5,TAAAAGCTATGGCGCACTGG,0,3060414
rcsBp1,0.16666666666666666,5,5,GTTTCACTATATAGGAAACC,0,3026776
rcsBp1,0.16666666666666666,5,5,GTTTACATTATGCCGACAGT,0,3061325
rcsBp1,0.16666666666666666,5,5,GTTTAATCTATCGCTCCAAG,0,3043915
rcsBp1,0.16666666666666666,5,5,GTTGGTGAGCCGGGGCATAC,0,3057411
rcsBp1,0.16666666666666666,5,5,GTTCGTCAGCCTTGTTTCAA,0,3066326
rcsBp1,0.16666666666666666,5,5,GTTCGAACGGACGTCATTAG,0,3064057
rcsBp1,0.16666666666666666,5,5,GTTCCCGCGGGCCTTTTCGA,0,3058382
rcsBp1,0.16666666666666666,5,5,GTTCATAGCGAAAAAAGTCC,0,3023962
rcsBp1,0.16666666666666666,5,5,GTTAGATGCGAACGCAGTCC,0,3031665
rcsBp1,0.16666666666666666,5,5,GTTAACGCAATGAGGTGATG,0,3068231
rcsBp1,0.16666666666666666,5,5,GTGTCGAGTCGAGTTAAATC,0,3059492
rcsBp1,0.16666666666666666,5,5,GTGGGTCAGCCATGTCAGAT,0,3061102
rcsBp1,0.16666666666666666,5,5,GTGGGTCAGCAGTCCTAAAG,0,3030748
rcsBp1,0.16666666666666666,5,5,GTGGGGTGCAAGATGCACAT,0,3066555
rcsBp1,0.16666666666666666,5,5,GTGGGACTGATCATCTGCTA,0,3065749
rcsBp1,0.16666666666666666,5,5,GTGGAACGTGCGACATTTTA,0,3039580
rcsBp1,0.16666666666666666,5,5,GTGCGTGAAACCGCCCGAAT,0,3064034
rcsBp1,0.16666666666666666,5,5,GTGCGGTGTAGCGCACAGTA,0,3027829
rcsBp1,0.16666666666666666,5,5,GTGCGGGGGTAGGCCCGTCC,0,3022184
rcsBp1,0.16666666666666666,5,5,GTGCGGGCATGCATTTAGTT,0,3057094
rcsBp1,0.16666666666666666,5,5,GTGCGCGTTAGTCTTGTCAT,0,3042168
rcsBp1,0.16666666666666666,5,5,GTGCGAGATATTATCGTTCC,0,3060850
rcsBp1,0.16666666666666666,5,5,GTGCCTTGTGCTTTAATAGT,0,3066574
rcsBp1,0.16666666666666666,5,5,GTGCAGCGCACAACTCCAAG,0,3070300
rcsBp1,0.16666666666666666,5,5,GTGAGAATCACAAGTAATGT,0,3061595
rcsBp1,0.16666666666666666,5,5,GTCTTGTGGGTCCTCTGCTC,0,3030404
rcsBp1,0.16666666666666666,5,5,GTCTTCAGGACAACAGTTCT,0,3047028
rcsBp1,0.16666666666666666,5,5,GTCTGCATCTATTCCTTGAT,0,3040117
rcsBp1,0.16666666666666666,5,5,GTCTCGAGGTTCTCACGGAA,0,3053415
rcsBp1,0.16666666666666666,5,5,GTCGTTGTAATAAGCACATA,0,3068354
rcsBp1,0.16666666666666666,5,5,GTCGTGCTGGACCCTGCGCC,0,3045626
rcsBp1,0.16666666666666666,5,5,GTCGTAGACAGGATCGGTTC,0,3068812
rcsBp1,0.16666666666666666,5,5,GTCGATTAGGTAGATAAGGT,0,3061403
rcsBp1,0.16666666666666666,5,5,GTCCTTGTGCTATGTTAGCA,0,3061455
rcsBp1,0.16666666666666666,5,5,GTCCTCAACATGAAGGACAT,0,3049636
rcsBp1,0.16666666666666666,5,5,GTCCTACGGTGAACGAATTA,0,3054969
rcsBp1,0.16666666666666666,5,5,GTCCGGAGGGGTCGGATCCT,0,3030060
rcsBp1,0.16666666666666666,5,5,GTCAAAGGATTGGCACGATT,0,3022821
rcsBp1,0.16666666666666666,5,5,GTATGCTCAAGTTGTAGCAA,0,3063728
rcsBp1,0.16666666666666666,5,5,GTATGCCAAGACCATTTAAT,0,3043213
rcsBp1,0.16666666666666666,5,5,GTATGCAGACTCGTGCACAT,0,3052106
rcsBp1,0.16666666666666666,5,5,GTATGAACTGCCTATGAAAC,0,3048030
rcsBp1,0.16666666666666666,5,5,GTATCTTCTTAAAGTGGTTC,0,3036517
rcsBp1,0.16666666666666666,5,5,GTATCTGAAGGTCACCTGGG,0,3042010
rcsBp1,0.16666666666666666,5,5,GTATCACGACGGGCCCGCCC,0,3058048
rcsBp1,0.16666666666666666,5,5,GTAGGGGTGTAGAGTCATTC,0,3057168
rcsBp1,0.16666666666666666,5,5,GTACTGATAGGAAGGGCACA,0,3035108
rcsBp1,0.16666666666666666,5,5,GTACGTAGCTTAGTAAGAGA,0,3023339
rcsBp1,0.16666666666666666,5,5,GTACGTAACGCAACACAACG,0,3035219
rcsBp1,0.16666666666666666,5,5,GTACGCTCAAAGTCAGTCGT,0,3053859
rcsBp1,0.16666666666666666,5,5,GTACCGTGGACTTTTTAGGA,0,3071087
rcsBp1,0.16666666666666666,5,5,GTACCGAATCCAAGGTCTCG,0,3055842
rcsBp1,0.16666666666666666,5,5,GGTTCGTCAGGGCGTTAGGA,0,3049401
rcsBp1,0.16666666666666666,5,5,GGTTATGTCAGCGTCAAGCA,0,3040236
rcsBp1,0.16666666666666666,5,5,GGTTACGACATGGGCGACGT,0,3027379
rcsBp1,0.16666666666666666,5,5,GGTGTGGCATTGGGCGACGA,0,3065897
rcsBp1,0.16666666666666666,5,5,GGTGTAATAAGTCGGCAATC,0,3040529
rcsBp1,0.16666666666666666,5,5,GGTGGGTTGTGCCTTTGTGT,0,3036608
rcsBp1,0.16666666666666666,5,5,GGTCGGGCTTATTGGCATCT,0,3027611
rcsBp1,0.16666666666666666,5,5,GGTCATGTGTACGAGTACTA,0,3056550
rcsBp1,0.16666666666666666,5,5,GGTCAGCCGGTGAGACCAGT,0,3038351
rcsBp1,0.16666666666666666,5,5,GGTATAGATGGGTGAAGGTA,0,3042816
rcsBp1,0.16666666666666666,5,5,GGGTAGGAGCATTTAACAGC,0,3069343
rcsBp1,0.16666666666666666,5,5,GGGTAGCTGGGCATAGATAC,0,3047579
rcsBp1,0.16666666666666666,5,5,GGGGTAGCACATGAGTTTGA,0,3063176
rcsBp1,0.16666666666666666,5,5,GGGGCTAGGCATGTTTGAAT,0,3064699
rcsBp1,0.16666666666666666,5,5,GGGGCAAAATCAAGCTTCAT,0,3070731
rcsBp1,0.16666666666666666,5,5,GGGGATGAGCGTGCTTAGCC,0,3038865
rcsBp1,0.16666666666666666,5,5,GGGGACACGCTATTGTGGTT,0,3029242
rcsBp1,0.16666666666666666,5,5,GGGCTCGTGAATGAACTGAC,0,3057672
rcsBp1,0.16666666666666666,5,5,GGGATTGTGTGACTGGCTTA,0,3060293
rcsBp1,0.16666666666666666,5,5,GGCTTTAATACTGAGTTTTA,0,3050880
rcsBp1,0.16666666666666666,5,5,GGCTGGTGTGGCATACTTCT,0,3062823
rcsBp1,0.16666666666666666,5,5,GGCTCATGCAGCCCGCTTCA,0,3063550
rcsBp1,0.16666666666666666,5,5,GGCTACAATCCTTTTTAATA,0,3059317
rcsBp1,0.16666666666666666,5,5,GGCGGGTCACTCAAGCTGCT,0,3024152
rcsBp1,0.16666666666666666,5,5,GGCGGAGTGGCTAAATCATC,0,3071777
rcsBp1,0.16666666666666666,5,5,GGCGCGTGTAAATTGGTGAA,0,3071370
rcsBp1,0.16666666666666666,5,5,GGCGCGTAAATCCTCGCGCA,0,3066643
rcsBp1,0.16666666666666666,5,5,GGCCACGCCCTGGTACCCCT,0,3065600
rcsBp1,0.16666666666666666,5,5,GGCCAATCAGATCATTGGAT,0,3026849
rcsBp1,0.16666666666666666,5,5,GGCATTCCAAACGCATCGCC,0,3070091
rcsBp1,0.16666666666666666,5,5,GGCAGTAATATCAGCGTTTT,0,3025824
rcsBp1,0.16666666666666666,5,5,GGCACCGGGTGGGGGTCGAT,0,3059096
rcsBp1,0.16666666666666666,5,5,GGCACAGAAAACGCTCGTAG,0,3055270
rcsBp1,0.16666666666666666,5,5,GGCACAAGTTTCGACGCCGC,0,3073230
rcsBp1,0.16666666666666666,5,5,GGATACATAGAGAGAAATTT,0,3062337
rcsBp1,0.16666666666666666,5,5,GGATAATGGCATGTGCACTT,0,3064746
rcsBp1,0.16666666666666666,5,5,GGAGGCTATCCACCACTCGT,0,3026271
rcsBp1,0.16666666666666666,5,5,GGAGCCCAGAATCAATCACT,0,3023320
rcsBp1,0.16666666666666666,5,5,GGACTAGGGGGGCAATACGT,0,3029952
rcsBp1,0.16666666666666666,5,5,GGACCAGACAAATATAGGCT,0,3042605
rcsBp1,0.16666666666666666,5,5,GGACACACGACCAGACTACT,0,3022677
rcsBp1,0.16666666666666666,5,5,GGACAACGTATCTGGAACAC,0,3049340
rcsBp1,0.16666666666666666,5,5,GGAAGCTATCCTAAAGACCT,0,3029025
rcsBp1,0.16666666666666666,5,5,GGAACTGTCTTCGTGTCCAC,0,3041436
rcsBp1,0.16666666666666666,5,5,GGAACTGGATGGAAAATATG,0,3022239
rcsBp1,0.16666666666666666,5,5,GGAACGCGGCCTCCCTGGGT,0,3073081
rcsBp1,0.16666666666666666,5,5,GGAACGCCGCGTTCCTGCAG,0,3042443
rcsBp1,0.16666666666666666,5,5,GGAACCAAGAGTTAATACAA,0,3031611
rcsBp1,0.16666666666666666,5,5,GCTTCCTTTTGGTTGGCCTG,0,3035866
rcsBp1,0.16666666666666666,5,5,GCTGTCAGGGTAGGTGGTAC,0,3027367
rcsBp1,0.16666666666666666,5,5,GCTGGTGGCGCAAGTATCAC,0,3055803
rcsBp1,0.16666666666666666,5,5,GCTGGCATTCAATCGGTGTC,0,3062146
rcsBp1,0.16666666666666666,5,5,GCTGGAAGGGCCATCTGTGG,0,3037188
rcsBp1,0.16666666666666666,5,5,GCTGAGCTGCCGCGTAAATT,0,3034104
rcsBp1,0.16666666666666666,5,5,GCTCCGGCGGACCGAAGCCT,0,3046284
rcsBp1,0.16666666666666666,5,5,GCTCCGCGATGGCTAGGCTT,0,3072817
rcsBp1,0.16666666666666666,5,5,GCTCATCAAATTTGCGTGCG,0,3063619
rcsBp1,0.16666666666666666,5,5,GCTACGGGGTTTAGTGATTT,0,3052364
rcsBp1,0.16666666666666666,5,5,GCTAATAGGTCCAGTCACGC,0,3030724
rcsBp1,0.16666666666666666,5,5,GCTAAATTTAACCGATGGAC,0,3054160
rcsBp1,0.16666666666666666,5,5,GCGTTGTCTAGGAGTCTGAA,0,3069316
rcsBp1,0.16666666666666666,5,5,GCGTCACACGGGTAGCTGCA,0,3037294
rcsBp1,0.16666666666666666,5,5,GCGTATTCAATTACTTGTAT,0,3053561
rcsBp1,0.16666666666666666,5,5,GCGTAGAATGTGCCGGCCCC,0,3061295
rcsBp1,0.16666666666666666,5,5,GCGGTTGTAATTAGTCACGC,0,3064011
rcsBp1,0.16666666666666666,5,5,GCGGTTGCGCCACCCTCGGC,0,3039326
rcsBp1,0.16666666666666666,5,5,GCGGTGGTCGTCTACGCTAT,0,3036757
rcsBp1,0.16666666666666666,5,5,GCGGTAATTGGGAAATTCAG,0,3040569
rcsBp1,0.16666666666666666,5,5,GCGGGTAAGCTGTAGATCTT,0,3041850
rcsBp1,0.16666666666666666,5,5,GCGCTCTGTAGAATGTATAA,0,3056497
rcsBp1,0.16666666666666666,5,5,GCGACCCCTGACTGATTCAA,0,3029964
rcsBp1,0.16666666666666666,5,5,GCCTTATGACATCCTGGGAA,0,3068725
rcsBp1,0.16666666666666666,5,5,GCCGTTACAACTTTTTAGGC,0,3049759
rcsBp1,0.16666666666666666,5,5,GCCGCTACTGCGATTTTATG,0,3033030
rcsBp1,0.16666666666666666,5,5,GCCGACTGCGCCAGGCCGTC,0,3072935
rcsBp1,0.16666666666666666,5,5,GCCGAAAGTCAAGAAGCAGA,0,3021855
rcsBp1,0.16666666666666666,5,5,GCCCTAATCGGAGTCGGCGT,0,3032524
rcsBp1,0.16666666666666666,5,5,GCCCCGCGTTTGGTCCGCTG,0,3023686
rcsBp1,0.16666666666666666,5,5,GCCATGGGGTGGACGGGTAC,0,3049033
rcsBp1,0.16666666666666666,5,5,GCCATGCACCCTCGTACCAA,0,3022167
rcsBp1,0.16666666666666666,5,5,GCCATACAACCATGTGAGCC,0,3048864
rcsBp1,0.16666666666666666,5,5,GCACAAAAACTATCGTGGTG,0,3059334
rcsBp1,0.16666666666666666,5,5,GCAATGCATTAGGGACATGC,0,3041575
rcsBp1,0.16666666666666666,5,5,GCAAGGCAATTTGGATGTGG,0,3069991
rcsBp1,0.16666666666666666,5,5,GCAAACGGAACGGATTTGAA,0,3064324
rcsBp1,0.16666666666666666,5,5,GCAAACCAGCGTTATCCACC,0,3049731
rcsBp1,0.16666666666666666,5,5,GATTTGGGCGAACTATGTCT,0,3047893
rcsBp1,0.16666666666666666,5,5,GATTGGGTTATCTATTGACA,0,3027985
rcsBp1,0.16666666666666666,5,5,GATTCGTCCCGGTTTTGATC,0,3046033
rcsBp1,0.16666666666666666,5,5,GATTAGGTCTACACAGGTTC,0,3068560
rcsBp1,0.16666666666666666,5,5,GATGGCATTCAAGGGCTGGA,0,3050854
rcsBp1,0.16666666666666666,5,5,GATGCACTCGTGCGCAAAGG,0,3039251
rcsBp1,0.16666666666666666,5,5,GATGCAAAGGAAAGTAGTAG,0,3024689
rcsBp1,0.16666666666666666,5,5,GATCTAAGTGCGATCCCGCA,0,3042191
rcsBp1,0.16666666666666666,5,5,GATCGATCGGCCTGGATTAG,0,3064231
rcsBp1,0.16666666666666666,5,5,GATCGACTTGGGCACCCCTT,0,3071921
rcsBp1,0.16666666666666666,5,5,GATAGTGTGTTCCTGTTTGC,0,3030619
rcsBp1,0.16666666666666666,5,5,GATAGCTACCCATCACTTTT,0,3027251
rcsBp1,0.16666666666666666,5,5,GATACATCCGATTGCATAGT,0,3042889
rcsBp1,0.16666666666666666,5,5,GATAAGTTACAGCATCTGAA,0,3058157
rcsBp1,0.16666666666666666,5,5,GAGTTATGCCATACACAGAG,0,3038353
rcsBp1,0.16666666666666666,5,5,GAGTCTGGGCTAGGCCTTTA,0,3034291
rcsBp1,0.16666666666666666,5,5,GAGTACTGACCACTTCTCAA,0,3068546
rcsBp1,0.16666666666666666,5,5,GAGTAATTTGGAGATAAGCT,0,3046277
rcsBp1,0.16666666666666666,5,5,GAGTAATAGTAATTCTCAGC,0,3029991
rcsBp1,0.16666666666666666,5,5,GAGGTTATGTCGGGGGTGGT,0,3024311
rcsBp1,0.16666666666666666,5,5,GAGGTCGTGATGATGATCCG,0,3023118
rcsBp1,0.16666666666666666,5,5,GAGGCGAGAGCCGGGAATAC,0,3049996
rcsBp1,0.16666666666666666,5,5,GAGGACTTACGAGGGTGCTT,0,3069204
rcsBp1,0.16666666666666666,5,5,GAGGAAAATAAGACCACCAT,0,3035029
rcsBp1,0.16666666666666666,5,5,GAGCACCGGTGCATGACAAG,0,3058242
rcsBp1,0.16666666666666666,5,5,GAGATCGAGAACTCTACAAC,0,3047493
rcsBp1,0.16666666666666666,5,5,GAGAGTCTATGAACAAATTC,0,3042946
rcsBp1,0.16666666666666666,5,5,GAGAAATGTGCACCAAATCG,0,3066137
rcsBp1,0.16666666666666666,5,5,GACTTGTGCAGTTGCTCTTC,0,3024630
rcsBp1,0.16666666666666666,5,5,GACTTACCGTCGCGTCACAC,0,3025299
rcsBp1,0.16666666666666666,5,5,GACTGTGGATATTTCGTATT,0,3026656
rcsBp1,0.16666666666666666,5,5,GACTGGTAGCCAGCCCCGTT,0,3065869
rcsBp1,0.16666666666666666,5,5,GACTGCGCGTAATTGCCGCT,0,3023781
rcsBp1,0.16666666666666666,5,5,GACTCTGGTGTTGGATCAAA,0,3057852
rcsBp1,0.16666666666666666,5,5,GACGGTTGGGGCAAAACAGT,0,3065963
rcsBp1,0.16666666666666666,5,5,GACGCTAAGGTGAATCAGAG,0,3033682
rcsBp1,0.16666666666666666,5,5,GACCTTCGCATGTTGTTATC,0,3038634
rcsBp1,0.16666666666666666,5,5,GACCCTCTAGCCGGCCTTTT,0,3051872
rcsBp1,0.16666666666666666,5,5,GACACGCTGTTGCATCCATA,0,3073207
rcsBp1,0.16666666666666666,5,5,GACAATACTTGATTTAGTCG,0,3042402
rcsBp1,0.16666666666666666,5,5,GAATGTAAGGATTGTACGGG,0,3071876
rcsBp1,0.16666666666666666,5,5,GAATGGCGTCCGGTCCAGGG,0,3030171
rcsBp1,0.16666666666666666,5,5,GAATCACCTTGAACCCAGCG,0,3023436
rcsBp1,0.16666666666666666,5,5,GAATAGGTATAATGTGACCC,0,3038172
rcsBp1,0.16666666666666666,5,5,GAAGTCTCGGGTGTCTGCGA,0,3038323
rcsBp1,0.16666666666666666,5,5,GAAGGATGCTGGACTCGAGT,0,3066678
rcsBp1,0.16666666666666666,5,5,GAAGAACGGTGCCCAGCAGG,0,3066036
rcsBp1,0.16666666666666666,5,5,GAAAAAACGGGGCAATCTCA,0,3058698
rcsBp1,0.16666666666666666,5,5,CTTTCTCGTTCGTGCAGACA,0,3058500
rcsBp1,0.16666666666666666,5,5,CTTTCGGGGCTACATGCAGG,0,3053546
rcsBp1,0.16666666666666666,5,5,CTTGTTCTGTAGGCTGCTCC,0,3056434
rcsBp1,0.16666666666666666,5,5,CTTGCAACTGTTAGAAAATG,0,3030408
rcsBp1,0.16666666666666666,5,5,CTTCTTCCTGTAAGCTTCAG,0,3043477
rcsBp1,0.16666666666666666,5,5,CTTCGTCAGGGACCGTCTCA,0,3061955
rcsBp1,0.16666666666666666,5,5,CTTCGCGCCAGGCGGCAAAC,0,3039227
rcsBp1,0.16666666666666666,5,5,CTTCAGGACAGCTGTTGACT,0,3048010
rcsBp1,0.16666666666666666,5,5,CTTACTTCATGGGATTCTAT,0,3045395
rcsBp1,0.16666666666666666,5,5,CTGTTTAAAGCATAATATTG,0,3024826
rcsBp1,0.16666666666666666,5,5,CTGTTATATGGATCACGATT,0,3030543
rcsBp1,0.16666666666666666,5,5,CTGTGTGACCAGGACTCGAA,0,3028388
rcsBp1,0.16666666666666666,5,5,CTGTCTAAACGTCCTTTGGC,0,3037052
rcsBp1,0.16666666666666666,5,5,CTGGTCATTAGCTTAGCCGG,0,3066971
rcsBp1,0.16666666666666666,5,5,CTGGAGTGGTCGATCCGTTC,0,3026451
rcsBp1,0.16666666666666666,5,5,CTGCGGTGGAGCGTGTGTAG,0,3050137
rcsBp1,0.16666666666666666,5,5,CTGACGGCTATCGCTCCCGG,0,3073586
rcsBp1,0.16666666666666666,5,5,CTGAAACTCTTGTGGGCTGC,0,3064272
rcsBp1,0.16666666666666666,5,5,CTCTTGTCTGGACGGAAACA,0,3072719
rcsBp1,0.16666666666666666,5,5,CTCTGCCGTCCCATCTAGAT,0,3048062
rcsBp1,0.16666666666666666,5,5,CTCTATGTTGCGGCTCACCC,0,3026028
rcsBp1,0.16666666666666666,5,5,CTCGTTGGGCCGTACAGCTT,0,3054630
rcsBp1,0.16666666666666666,5,5,CTCGGACGGATACACGCTGT,0,3053526
rcsBp1,0.16666666666666666,5,5,CTCGCAGTTCGTCTGGTTGC,0,3045546
rcsBp1,0.16666666666666666,5,5,CTCGCAAGCCAAGGTAGGTA,0,3024169
rcsBp1,0.16666666666666666,5,5,CTCCTCGTGATGGGAAACTC,0,3037065
rcsBp1,0.16666666666666666,5,5,CTCCGTCCGGCACTCGTCCA,0,3055425
rcsBp1,0.16666666666666666,5,5,CTCCGCACACGCGGGAACCA,0,3067722
rcsBp1,0.16666666666666666,5,5,CTCCCACAACTTCTGACAAC,0,3045452
rcsBp1,0.16666666666666666,5,5,CTCCAACCTTCCACCGCGGT,0,3069390
rcsBp1,0.16666666666666666,5,5,CTCATCTGAGGGATCGTACC,0,3028160
rcsBp1,0.16666666666666666,5,5,CTCAGCGTGTATATGCATAC,0,3071180
rcsBp1,0.16666666666666666,5,5,CTCACAGCCTATCTATAGCG,0,3067675
rcsBp1,0.16666666666666666,5,5,CTCAATGGTAATGAGCCAAC,0,3022973
rcsBp1,0.16666666666666666,5,5,CTCAAACTGTCGTCGGTTAC,0,3059077
rcsBp1,0.16666666666666666,5,5,CTATCTTGAAGTTTGGCGCG,0,3062870
rcsBp1,0.16666666666666666,5,5,CTATCGGCATCATCAAGCTT,0,3059898
rcsBp1,0.16666666666666666,5,5,CTAGTTGAAATCCTCCGCGT,0,3033031
rcsBp1,0.16666666666666666,5,5,CTAGAAGGCGAGGGCGGAAT,0,3048096
rcsBp1,0.16666666666666666,5,5,CTACCTTTGATTGTTATAAG,0,3057850
rcsBp1,0.16666666666666666,5,5,CTACAACCGTATACAAACTA,0,3059803
rcsBp1,0.16666666666666666,5,5,CTAAGGCGTGGGGGTCGTCC,0,3063872
rcsBp1,0.16666666666666666,5,5,CGTTTTTCGGGAGTTTGCTC,0,3066573
rcsBp1,0.16666666666666666,5,5,CGTTGTGGGACTAAGTGCCA,0,3058998
rcsBp1,0.16666666666666666,5,5,CGTTCGGACCCTTCTGTTCA,0,3055204
rcsBp1,0.16666666666666666,5,5,CGTTAGGAATTTCTCCTAAC,0,3046537
rcsBp1,0.16666666666666666,5,5,CGTGTCTCTAGAGTCTGTTG,0,3066901
rcsBp1,0.16666666666666666,5,5,CGTGTCCCCTACAGTTTAGG,0,3036180
rcsBp1,0.16666666666666666,5,5,CGTCTCAGCTACGCAGAGCT,0,3050658
rcsBp1,0.16666666666666666,5,5,CGTCTATACAATAAACACCA,0,3030499
rcsBp1,0.16666666666666666,5,5,CGTCGAGTCAACGTGACCCA,0,3066665
rcsBp1,0.16666666666666666,5,5,CGTCCGAGGGACGTAATAAA,0,3048827
rcsBp1,0.16666666666666666,5,5,CGTATTGTATCGGAGAACCT,0,3052519
rcsBp1,0.16666666666666666,5,5,CGTATAGGCGTAGTTCTCGG,0,3037843
rcsBp1,0.16666666666666666,5,5,CGTAGTGACCACAGCACACG,0,3038176
rcsBp1,0.16666666666666666,5,5,CGTAGTCTTCTTGCCTATTT,0,3062160
rcsBp1,0.16666666666666666,5,5,CGTAATCGGTCCCGTTCGTT,0,3042371
rcsBp1,0.16666666666666666,5,5,CGTAACATTCGTATCTTCGC,0,3056857
rcsBp1,0.16666666666666666,5,5,CGGTTTGTCCCAATAGGAGG,0,3048709
rcsBp1,0.16666666666666666,5,5,CGGTTGGAATCCGTTTTGGA,0,3042159
rcsBp1,0.16666666666666666,5,5,CGGTTCCTCAATACAGAATT,0,3032204
rcsBp1,0.16666666666666666,5,5,CGGTTATAGGACTCAGTGCA,0,3065550
rcsBp1,0.16666666666666666,5,5,CGGGTGGCTAAATCTAATTT,0,3056731
rcsBp1,0.16666666666666666,5,5,CGGGTGGATGGAATGGAATT,0,3053773
rcsBp1,0.16666666666666666,5,5,CGGGGTCACAAGACACTCTT,0,3056722
rcsBp1,0.16666666666666666,5,5,CGGGGGGGTATTCTAAGGAC,0,3048337
rcsBp1,0.16666666666666666,5,5,CGGGGCTCGTATTCATGGGT,0,3047858
rcsBp1,0.16666666666666666,5,5,CGGGCGTGAATGCGCCAAAA,0,3066313
rcsBp1,0.16666666666666666,5,5,CGGCGTTCCCTCTCACGGCT,0,3055903
rcsBp1,0.16666666666666666,5,5,CGGCCACTACCACACTCATG,0,3060030
rcsBp1,0.16666666666666666,5,5,CGGCAACGCTCCATACCTCT,0,3055020
rcsBp1,0.16666666666666666,5,5,CGGATTGACTTACGCCTTGT,0,3066789
rcsBp1,0.16666666666666666,5,5,CGGATTAGGGTTTAGTATTG,0,3026508
rcsBp1,0.16666666666666666,5,5,CGGAAGTCAAGGCCCAGTTT,0,3033230
rcsBp1,0.16666666666666666,5,5,CGCTTTTCCAAAACAATCCG,0,3060638
rcsBp1,0.16666666666666666,5,5,CGCGCTTTGTACAACGATCT,0,3025259
rcsBp1,0.16666666666666666,5,5,CGCGCCAAGTGACTAGCCCC,0,3033350
rcsBp1,0.16666666666666666,5,5,CGCGCACAATCTAATGGTTT,0,3047784
rcsBp1,0.16666666666666666,5,5,CGCCACGCCGGCAATGCGCA,0,3029096
rcsBp1,0.16666666666666666,5,5,CGCAGTGTGTGGCACCCATG,0,3038063
rcsBp1,0.16666666666666666,5,5,CGATCTTACTATATCCTCGA,0,3063413
rcsBp1,0.16666666666666666,5,5,CGATACTCAAAACGTACGGT,0,3053196
rcsBp1,0.16666666666666666,5,5,CGAGGGTCAGTTTAATAGTA,0,3047125
rcsBp1,0.16666666666666666,5,5,CGAGCTCGACTGTAGGTTCC,0,3024395
rcsBp1,0.16666666666666666,5,5,CGAGCCGGTCAAAAGGTCCT,0,3028171
rcsBp1,0.16666666666666666,5,5,CGAGAGCCGAAAGCAGAAGG,0,3069900
rcsBp1,0.16666666666666666,5,5,CGACTTCTCACATCCCAACG,0,3050122
rcsBp1,0.16666666666666666,5,5,CGACATTAGCCGACGAGCTG,0,3039541
rcsBp1,0.16666666666666666,5,5,CGACAGTCTATAAGCGTTAG,0,3046222
rcsBp1,0.16666666666666666,5,5,CGAAGGATTTTCATTATGCC,0,3029652
rcsBp1,0.16666666666666666,5,5,CCTTAACCGCCCTCCATTCA,0,3063699
rcsBp1,0.16666666666666666,5,5,CCTGTTTTACGACTCCGTAG,0,3048369
rcsBp1,0.16666666666666666,5,5,CCTGTTCGGCATGACGAAGA,0,3069060
rcsBp1,0.16666666666666666,5,5,CCTGATGATGCTCTTCCCGT,0,3048729
rcsBp1,0.16666666666666666,5,5,CCTGATAATTTGTATGATTA,0,3062879
rcsBp1,0.16666666666666666,5,5,CCTCTGTCGTTGTGAGGGTA,0,3038909
rcsBp1,0.16666666666666666,5,5,CCTCGTGCGGGAACAGAGTC,0,3046275
rcsBp1,0.16666666666666666,5,5,CCTCAGGCATTGGACCACGC,0,3068893
rcsBp1,0.16666666666666666,5,5,CCTAATGATCGGCGCGATCC,0,3067062
rcsBp1,0.16666666666666666,5,5,CCGTTGCTACATTCAGTCTC,0,3024085
rcsBp1,0.16666666666666666,5,5,CCGTGGTATGGGTAAAGTAA,0,3023532
rcsBp1,0.16666666666666666,5,5,CCGTGCGCACGCTCAACTTG,0,3026636
rcsBp1,0.16666666666666666,5,5,CCGTCTATGCGGTGAAGACC,0,3038164
rcsBp1,0.16666666666666666,5,5,CCGTCCACCGTGTATTGACC,0,3049445
rcsBp1,0.16666666666666666,5,5,CCGGTAGTTGGGTTACTTTG,0,3026817
rcsBp1,0.16666666666666666,5,5,CCGGGTCCGTACGGTGATTC,0,3040854
rcsBp1,0.16666666666666666,5,5,CCGCTTCCTCTACCGCATCG,0,3067884
rcsBp1,0.16666666666666666,5,5,CCGCTGCTTACGTTTTGCTC,0,3071696
rcsBp1,0.16666666666666666,5,5,CCGCCCATCTAGATGATTGG,0,3066479
rcsBp1,0.16666666666666666,5,5,CCGCACAAGGATTCGTTTAG,0,3064113
rcsBp1,0.16666666666666666,5,5,CCGAAGCCCTGCAAGTTTCA,0,3036986
rcsBp1,0.16666666666666666,5,5,CCCTTCGATCCCCTAGTACC,0,3067875
rcsBp1,0.16666666666666666,5,5,CCCGTATTCCAGCTTAACGG,0,3040767
rcsBp1,0.16666666666666666,5,5,CCCGACTTAAATGGTGGATA,0,3048115
rcsBp1,0.16666666666666666,5,5,CCCCCTCAGGGCCAAACAGC,0,3030668
rcsBp1,0.16666666666666666,5,5,CCCATGTTGTCCTTCAGGCA,0,3064728
rcsBp1,0.16666666666666666,5,5,CCCATAGATACTACGAAATT,0,3030864
rcsBp1,0.16666666666666666,5,5,CCCAAAGCCGAACGCCATCA,0,3051643
rcsBp1,0.16666666666666666,5,5,CCATCTACGGCCGCTGTAGT,0,3038680
rcsBp1,0.16666666666666666,5,5,CCAGTGGGTTATCGACCCAG,0,3043967
rcsBp1,0.16666666666666666,5,5,CCAGGGTGAACGAGATTGAT,0,3056584
rcsBp1,0.16666666666666666,5,5,CCAGGAGTCGCCGTCTGGGG,0,3058707
rcsBp1,0.16666666666666666,5,5,CCACCCTCTCTCGATACGTG,0,3066601
rcsBp1,0.16666666666666666,5,5,CCAATAGGGTTCAGGGTTCA,0,3056532
rcsBp1,0.16666666666666666,5,5,CCAATACTATGACGGTTGCG,0,3070453
rcsBp1,0.16666666666666666,5,5,CCAAGCCACCATCCCGGTCA,0,3043696
rcsBp1,0.16666666666666666,5,5,CCAACCACAGCGGGGAATTT,0,3043537
rcsBp1,0.16666666666666666,5,5,CCAACACGACAGCTGCGCGA,0,3042156
rcsBp1,0.16666666666666666,5,5,CCAAACCTTAAACGATTTTT,0,3046929
rcsBp1,0.16666666666666666,5,5,CATTTATAACGCCCGCATCT,0,3059515
rcsBp1,0.16666666666666666,5,5,CATTGGCCGAGTGCCCGCTC,0,3031263
rcsBp1,0.16666666666666666,5,5,CATTGCCACATAAAAACCAG,0,3045341
rcsBp1,0.16666666666666666,5,5,CATTATGTCAGCGTTTCCAT,0,3065401
rcsBp1,0.16666666666666666,5,5,CATTATGGGCCTCTTGACTT,0,3064205
rcsBp1,0.16666666666666666,5,5,CATGGGCGTTTTGATGCTCC,0,3067501
rcsBp1,0.16666666666666666,5,5,CATGGGAACGCTAGTTCAAA,0,3067798
rcsBp1,0.16666666666666666,5,5,CATGAGCGACATCCCGACTT,0,3031986
rcsBp1,0.16666666666666666,5,5,CATGACTTTTGATCCAGAGA,0,3054704
rcsBp1,0.16666666666666666,5,5,CATGACGCATAGCTGCTAGT,0,3055390
rcsBp1,0.16666666666666666,5,5,CATCTCACTACAGTCTATCT,0,3061642
rcsBp1,0.16666666666666666,5,5,CAGTTCTGGGGTCAAGGCAG,0,3039563
rcsBp1,0.16666666666666666,5,5,CAGTGTTACGGTTCTGACAC,0,3027892
rcsBp1,0.16666666666666666,5,5,CAGGAACGGTTTTTATTTGA,0,3064919
rcsBp1,0.16666666666666666,5,5,CAGCTCTTAGAAAGATGAAA,0,3029938
rcsBp1,0.16666666666666666,5,5,CAGCCGTTCCCGCTAGATGT,0,3056995
rcsBp1,0.16666666666666666,5,5,CAGCAACTCGGTGGGCAGAA,0,3047787
rcsBp1,0.16666666666666666,5,5,CAGATGGTCGAAACTCCCTA,0,3049147
rcsBp1,0.16666666666666666,5,5,CAGAGATTCGTGCACATAGA,0,3035169
rcsBp1,0.16666666666666666,5,5,CAGAAGGGCACCTCAACTGG,0,3046965
rcsBp1,0.16666666666666666,5,5,CACTTGGGTGTAGGTTTAAT,0,3033994
rcsBp1,0.16666666666666666,5,5,CACTGGGAATCGCGGGAGCG,0,3026726
rcsBp1,0.16666666666666666,5,5,CACTAGAGATTCGATTTGCG,0,3029995
rcsBp1,0.16666666666666666,5,5,CACCTCGTCCGCTCCGAAGC,0,3022958
rcsBp1,0.16666666666666666,5,5,CACCGTTGACGGACTATAAG,0,3067317
rcsBp1,0.16666666666666666,5,5,CACCGCGCTGCGGAGGTAAA,0,3048705
rcsBp1,0.16666666666666666,5,5,CACCAGGCCTCTCTACCATG,0,3068693
rcsBp1,0.16666666666666666,5,5,CACCACAAGCTCGGCAGGGT,0,3063328
rcsBp1,0.16666666666666666,5,5,CACATGCGGGAGGAGGTTGC,0,3023484
rcsBp1,0.16666666666666666,5,5,CACAGGGCTTGATTCGTTCT,0,3047649
rcsBp1,0.16666666666666666,5,5,CACACCAATGGACTGGCTGG,0,3036120
rcsBp1,0.16666666666666666,5,5,CACAACACCTATTGGCAATA,0,3052388
rcsBp1,0.16666666666666666,5,5,CAATTTTTTCTCCGACTAGC,0,3032581
rcsBp1,0.16666666666666666,5,5,CAATACCTTCGGAACATCTG,0,3030318
rcsBp1,0.16666666666666666,5,5,CAAGTAACGTGTGCAAAAGG,0,3053414
rcsBp1,0.16666666666666666,5,5,CAAGGAAGCCCATAAGCGCG,0,3068779
rcsBp1,0.16666666666666666,5,5,CAACTCGAGTCACGAACGTT,0,3021931
rcsBp1,0.16666666666666666,5,5,CAACCCCGGCATCCTCAGCG,0,3027943
rcsBp1,0.16666666666666666,5,5,CAACAGCTCACGTCGAATAG,0,3057032
rcsBp1,0.16666666666666666,5,5,CAAATTACCAACCATTTAGG,0,3043183
rcsBp1,0.16666666666666666,5,5,CAAATAGGGCAGTAGTTTAG,0,3045033
rcsBp1,0.16666666666666666,5,5,CAAATAGATCCAGGGCCGAA,0,3038756
rcsBp1,0.16666666666666666,5,5,CAAAAGCGGGGCGTTGGAGC,0,3024901
rcsBp1,0.16666666666666666,5,5,ATTTTCGACTCATCCGCGGC,0,3060129
rcsBp1,0.16666666666666666,5,5,ATTTCGCATGGATACCGGAC,0,3069281
rcsBp1,0.16666666666666666,5,5,ATTGTGCGTAGTATCGGTCG,0,3041726
rcsBp1,0.16666666666666666,5,5,ATTGGCTGAAAGGACCACCA,0,3069019
rcsBp1,0.16666666666666666,5,5,ATTGGCTCTTGACGGGAATC,0,3055101
rcsBp1,0.16666666666666666,5,5,ATTGAATTCACCCGATGAGA,0,3055810
rcsBp1,0.16666666666666666,5,5,ATTCTGGCAAAGCAAACCTT,0,3034026
rcsBp1,0.16666666666666666,5,5,ATTCTACGCCTTGTTGTCTG,0,3056381
rcsBp1,0.16666666666666666,5,5,ATTCCGATCCAGCTACGGTA,0,3042791
rcsBp1,0.16666666666666666,5,5,ATTAGATATGGAGGCGGCAT,0,3059577
rcsBp1,0.16666666666666666,5,5,ATGTTTACTTTTCATGACTA,0,3062644
rcsBp1,0.16666666666666666,5,5,ATGTCTCCAAAAGCCGATAA,0,3035216
rcsBp1,0.16666666666666666,5,5,ATGGTTTGTGGGTCACCATG,0,3033435
rcsBp1,0.16666666666666666,5,5,ATGGCCTAAATGAGTTATAC,0,3025770
rcsBp1,0.16666666666666666,5,5,ATGGATTGTCTGCTAATTCA,0,3050287
rcsBp1,0.16666666666666666,5,5,ATGGATCCCGCCCCGGGCTG,0,3045340
rcsBp1,0.16666666666666666,5,5,ATGCTGAGGAAAGTAGTCGT,0,3039901
rcsBp1,0.16666666666666666,5,5,ATGCCGCTTGGATTGTCCGG,0,3039749
rcsBp1,0.16666666666666666,5,5,ATGCAGCTCTATATGCCGTG,0,3031566
rcsBp1,0.16666666666666666,5,5,ATGCACCACTACCCGGTCCA,0,3059065
rcsBp1,0.16666666666666666,5,5,ATGACCTAAGTCCCCAGCCT,0,3039361
rcsBp1,0.16666666666666666,5,5,ATCTTAGAAGTCGGATAATG,0,3029000
rcsBp1,0.16666666666666666,5,5,ATCTGTACGTCTTGCCCGCT,0,3043619
rcsBp1,0.16666666666666666,5,5,ATCTGCTTTCCTTCTCGTAT,0,3026151
rcsBp1,0.16666666666666666,5,5,ATCTGCCAAATACCAGGATG,0,3072000
rcsBp1,0.16666666666666666,5,5,ATCGGGTACGTGTTACCAAT,0,3036981
rcsBp1,0.16666666666666666,5,5,ATCCGGAAAAGTCCATTCCT,0,3053911
rcsBp1,0.16666666666666666,5,5,ATCCCATTCCACCTGTATGC,0,3030728
rcsBp1,0.16666666666666666,5,5,ATCATAGCGGCGTGCCAGAG,0,3024694
rcsBp1,0.16666666666666666,5,5,ATCAGCTCGATAGCGAGTAC,0,3049768
rcsBp1,0.16666666666666666,5,5,ATCAGCGATGGTAATAATAA,0,3066580
rcsBp1,0.16666666666666666,5,5,ATCAGATAAGATTATTGGTA,0,3071786
rcsBp1,0.16666666666666666,5,5,ATCAAGACGAGGATCCATTT,0,3051205
rcsBp1,0.16666666666666666,5,5,ATCAAAGTAGCGCGAAGCTG,0,3025000
rcsBp1,0.16666666666666666,5,5,ATATGCCTTTCATAAACAGT,0,3050798
rcsBp1,0.16666666666666666,5,5,ATATATCCTGATTGCTAGAG,0,3048552
rcsBp1,0.16666666666666666,5,5,ATATAATAGTTCACCTTTGT,0,3032476
rcsBp1,0.16666666666666666,5,5,ATAGTATCATAGTAGGCCGT,0,3056862
rcsBp1,0.16666666666666666,5,5,ATAGGGGCCGGTTACCTCGA,0,3045896
rcsBp1,0.16666666666666666,5,5,ATAGGATGAATGTACAGGCG,0,3026779
rcsBp1,0.16666666666666666,5,5,ATACTCTGGGGGAAGAGGTG,0,3064695
rcsBp1,0.16666666666666666,5,5,ATACATTTCATCGTAACTGA,0,3059642
rcsBp1,0.16666666666666666,5,5,ATACATAGGTGCGGCCTAAA,0,3022397
rcsBp1,0.16666666666666666,5,5,ATAAGAAACTGTTCCAGCAA,0,3051174
rcsBp1,0.16666666666666666,5,5,ATAACAGTTCAAACCAATAT,0,3043014
rcsBp1,0.16666666666666666,5,5,ATAAAACGTTACACTCTTCA,0,3027616
rcsBp1,0.16666666666666666,5,5,AGTTCTAGCCAGTGGCGGCT,0,3026906
rcsBp1,0.16666666666666666,5,5,AGTTCATTTGGCCAGGAACC,0,3049381
rcsBp1,0.16666666666666666,5,5,AGTTCAAGTTCTACGTAGGC,0,3052574
rcsBp1,0.16666666666666666,5,5,AGTTAACTATTCAATCGCAA,0,3071656
rcsBp1,0.16666666666666666,5,5,AGTGTCGATCAGTGAGTCCT,0,3068536
rcsBp1,0.16666666666666666,5,5,AGTGCTGACACGTAGTGGCA,0,3057558
rcsBp1,0.16666666666666666,5,5,AGTGCCTTAGATCGATCGCA,0,3045899
rcsBp1,0.16666666666666666,5,5,AGTCTAATCTGTTGGTGTTT,0,3055944
rcsBp1,0.16666666666666666,5,5,AGTCCTTAGGTTGGGTAACA,0,3047380
rcsBp1,0.16666666666666666,5,5,AGTCATAGCTCTTATGTTTC,0,3038289
rcsBp1,0.16666666666666666,5,5,AGTAGGCCATCATAGTTCGG,0,3046424
rcsBp1,0.16666666666666666,5,5,AGTACCTGGCACAACTGCTA,0,3060032
rcsBp1,0.16666666666666666,5,5,AGGTTCCTTCGGACGATGGC,0,3060481
rcsBp1,0.16666666666666666,5,5,AGGTTACTATTGAACGTCCC,0,3067869
rcsBp1,0.16666666666666666,5,5,AGGTGGTCACCTGGGGTACA,0,3041879
rcsBp1,0.16666666666666666,5,5,AGGTGCCATGATCGCTCGAG,0,3039072
rcsBp1,0.16666666666666666,5,5,AGGTACGGAACCTGGGTGGC,0,3039221
rcsBp1,0.16666666666666666,5,5,AGGGGTTGGTCAGGGTAGGA,0,3040772
rcsBp1,0.16666666666666666,5,5,AGGGGTCAGCGGAAGAGTTT,0,3032471
rcsBp1,0.16666666666666666,5,5,AGGCGGTTTCTGCCGGTAAA,0,3053884
rcsBp1,0.16666666666666666,5,5,AGGATCTGGGCATAGGAATA,0,3027382
rcsBp1,0.16666666666666666,5,5,AGCTTTTTACAGACCCAATC,0,3049995
rcsBp1,0.16666666666666666,5,5,AGCTCTGCTTGTCAGTTAAC,0,3052385
rcsBp1,0.16666666666666666,5,5,AGCTCGGAACTACATAGGGA,0,3030810
rcsBp1,0.16666666666666666,5,5,AGCGTCTCCTTAACCTAGTT,0,3053533
rcsBp1,0.16666666666666666,5,5,AGCGCCGTGACCTATCTCCA,0,3024207
rcsBp1,0.16666666666666666,5,5,AGCCGTTGAGCCCCAACGCT,0,3042117
rcsBp1,0.16666666666666666,5,5,AGCATTATTGCGGGCGCTTA,0,3042154
rcsBp1,0.16666666666666666,5,5,AGCACAGCTCACAACGCCCC,0,3067023
rcsBp1,0.16666666666666666,5,5,AGCAAGTCATGATGATTATT,0,3022945
rcsBp1,0.16666666666666666,5,5,AGATGTCAAAACACGTCTGT,0,3041875
rcsBp1,0.16666666666666666,5,5,ACTTTTCCCTTCGGGCTAGG,0,3070382
rcsBp1,0.16666666666666666,5,5,ACTTTTCCAATGGCAGCTCC,0,3038977
rcsBp1,0.16666666666666666,5,5,ACTTGGAGGGCAAAGGACTT,0,3045577
rcsBp1,0.16666666666666666,5,5,ACTTGCCGCATAGTCGCATT,0,3040864
rcsBp1,0.16666666666666666,5,5,ACTTCTTCGAGGATCATCAT,0,3072244
rcsBp1,0.16666666666666666,5,5,ACTGGTTTTCTGTTCTCGCC,0,3064942
rcsBp1,0.16666666666666666,5,5,ACTGGACCTCGCAAGTATGA,0,3057131
rcsBp1,0.16666666666666666,5,5,ACTGAAGCATCGGGCCGCTT,0,3023766
rcsBp1,0.16666666666666666,5,5,ACTCATCAAGTCCAGCAATG,0,3026542
rcsBp1,0.16666666666666666,5,5,ACTCACAGGGCGCGGCTTGA,0,3054077
rcsBp1,0.16666666666666666,5,5,ACTAGAATGAAGCGCTTAGT,0,3025921
rcsBp1,0.16666666666666666,5,5,ACTACGGAAATATATGCTCC,0,3057072
rcsBp1,0.16666666666666666,5,5,ACTACCAAGACGAAAATCAG,0,3040810
rcsBp1,0.16666666666666666,5,5,ACTAATTAGGACGGTCAGCT,0,3035495
rcsBp1,0.16666666666666666,5,5,ACGTGGGGACTATACGATTA,0,3030449
rcsBp1,0.16666666666666666,5,5,ACGGTCCGCACTGGGCTTGT,0,3041071
rcsBp1,0.16666666666666666,5,5,ACGGGAAGACCGTGATGTTA,0,3023253
rcsBp1,0.16666666666666666,5,5,ACGGCCGTGAACACCATAGA,0,3067579
rcsBp1,0.16666666666666666,5,5,ACGCCCCAGAGTTCACCGTG,0,3058053
rcsBp1,0.16666666666666666,5,5,ACGAACTTAGAACCGTACTG,0,3037577
rcsBp1,0.16666666666666666,5,5,ACCTTGAACACACGGAGGCC,0,3026308
rcsBp1,0.16666666666666666,5,5,ACCTCTAATCGGAGATGGGG,0,3060873
rcsBp1,0.16666666666666666,5,5,ACCTAGCCGCCGTCCAGGGC,0,3041099
rcsBp1,0.16666666666666666,5,5,ACCGTCTGCTGAAAATCAAG,0,3045227
rcsBp1,0.16666666666666666,5,5,ACCGTATGAAGGATCCTGGT,0,3072507
rcsBp1,0.16666666666666666,5,5,ACCGGCCGCAGTCACCAGCA,0,3032846
rcsBp1,0.16666666666666666,5,5,ACCGCGCGGCATAGTTCGGT,0,3046023
rcsBp1,0.16666666666666666,5,5,ACCCGGAGGGCTGGTTATCC,0,3072567
rcsBp1,0.16666666666666666,5,5,ACCCCTGTTATACGGCGAAC,0,3028859
rcsBp1,0.16666666666666666,5,5,ACCATCCTCAATCAAAAATT,0,3046240
rcsBp1,0.16666666666666666,5,5,ACCACCTGGGTGATTTTATT,0,3072548
rcsBp1,0.16666666666666666,5,5,ACATTTACAGCGTTCGGCGT,0,3065283
rcsBp1,0.16666666666666666,5,5,ACATTGAGAGACACCTCTCA,0,3029085
rcsBp1,0.16666666666666666,5,5,ACATGCTCGGGACGCGTGCC,0,3032136
rcsBp1,0.16666666666666666,5,5,ACATCCGGGGTGTAGGGACA,0,3036091
rcsBp1,0.16666666666666666,5,5,ACATATTGATGAGGGAATCT,0,3048811
rcsBp1,0.16666666666666666,5,5,ACAGTCTAGTCGGATTGGCC,0,3027062
rcsBp1,0.16666666666666666,5,5,ACAGGGTTTATTGAGCGTGT,0,3022417
rcsBp1,0.16666666666666666,5,5,ACAGAGCGACGGAATGTCAG,0,3033568
rcsBp1,0.16666666666666666,5,5,ACACGTGTGGACGAGAAGGT,0,3054589
rcsBp1,0.16666666666666666,5,5,ACACCGAACGTAGTGGATAT,0,3059459
rcsBp1,0.16666666666666666,5,5,ACACAGTACTTTATTTGTCA,0,3068844
rcsBp1,0.16666666666666666,5,5,ACAATGCCGTTCCTGATAGG,0,3066952
rcsBp1,0.16666666666666666,5,5,ACAAGCTGATAAGTAGCTCT,0,3070158
rcsBp1,0.16666666666666666,5,5,ACAAGCCCCCGCAGGTTTCT,0,3065572
rcsBp1,0.16666666666666666,5,5,AATTTGTCCTACTCGAACAT,0,3054349
rcsBp1,0.16666666666666666,5,5,AATTCTACTTCAATGGGGAG,0,3043803
rcsBp1,0.16666666666666666,5,5,AATTCCTGTATTAAAGCTTT,0,3065211
rcsBp1,0.16666666666666666,5,5,AATGTGGTGCGGCTAAAAAG,0,3024146
rcsBp1,0.16666666666666666,5,5,AATGAACTAACTCGATGTTC,0,3070103
rcsBp1,0.16666666666666666,5,5,AATCTCGCGCAAAGGTAGAC,0,3050878
rcsBp1,0.16666666666666666,5,5,AATCAGGTATATCCCCCTAG,0,3024941
rcsBp1,0.16666666666666666,5,5,AATATCCTTGTAGTCCGCCA,0,3041678
rcsBp1,0.16666666666666666,5,5,AATAAGTGTCCTGCGAGCCC,0,3066749
rcsBp1,0.16666666666666666,5,5,AAGTGCCAACTCGACGTTCG,0,3036143
rcsBp1,0.16666666666666666,5,5,AAGTCTGAGATGCTATGCCA,0,3022553
rcsBp1,0.16666666666666666,5,5,AAGTCGAAGCGGACTTTGAG,0,3021884
rcsBp1,0.16666666666666666,5,5,AAGGTACGCTGGATGCAAGT,0,3065097
rcsBp1,0.16666666666666666,5,5,AAGGGACGACGGTGCTCTAG,0,3044241
rcsBp1,0.16666666666666666,5,5,AAGCCTCCACACCATATCTG,0,3038306
rcsBp1,0.16666666666666666,5,5,AAGCCCATATACGTCGGGAC,0,3028914
rcsBp1,0.16666666666666666,5,5,AAGATGCAAGATTTTCTACC,0,3030901
rcsBp1,0.16666666666666666,5,5,AAGAGTTCATGGCCTAATAT,0,3067284
rcsBp1,0.16666666666666666,5,5,AAGAGGGGAGTGCTGATAGA,0,3071954
rcsBp1,0.16666666666666666,5,5,AAGACGGGTCAAGGCCGAGC,0,3059272
rcsBp1,0.16666666666666666,5,5,AAGAACATGAGACACCTCAG,0,3031080
rcsBp1,0.16666666666666666,5,5,AACTTTATAGTTATTTTACG,0,3041810
rcsBp1,0.16666666666666666,5,5,AACTGGCGTACGGGTATATG,0,3044383
rcsBp1,0.16666666666666666,5,5,AACGCCTAAACACAACGGGT,0,3061227
rcsBp1,0.16666666666666666,5,5,AACGCCGTTAGACTCGGACG,0,3058517
rcsBp1,0.16666666666666666,5,5,AACGATGGTTGCTGCCACCG,0,3059094
rcsBp1,0.16666666666666666,5,5,AACGATAGCGGTTTTCGCAG,0,3070349
rcsBp1,0.16666666666666666,5,5,AACCTGCACGTAGCTCGTCA,0,3055825
rcsBp1,0.16666666666666666,5,5,AACCTGACATAAGCGGTACA,0,3037077
rcsBp1,0.16666666666666666,5,5,AACCTCCTGAGAAAACCTAG,0,3051380
rcsBp1,0.16666666666666666,5,5,AACCTAATCTCCACGGCTGT,0,3052699
rcsBp1,0.16666666666666666,5,5,AACCCATATTAATAGTAGAC,0,3065937
rcsBp1,0.16666666666666666,5,5,AACAGATCTTAAGTAGTGCG,0,3022285
rcsBp1,0.16666666666666666,5,5,AACACGAGGTTGACGTAAGA,0,3051808
rcsBp1,0.16666666666666666,5,5,AAATCGCGCTCAAGATTGAT,0,3059180
rcsBp1,0.16666666666666666,5,5,AAATCATACACGCTCGTGTC,0,3059580
rcsBp1,0.16666666666666666,5,5,AAAGATTCAGATACTACTTC,0,3032216
rcsBp1,0.16666666666666666,5,5,AAACCTACAGTAGTCGCGAA,0,3037728
rcsBp1,0.16666666666666666,5,5,AAAAGTTCAAAGATTCCATA,0,3041014
rcsBp1,0.16666666666666666,5,5,AAAAGGAGGGCTTTGCTGAA,0,3026737
rcsBp1,0.16666666666666666,5,5,AAAAACTACAAGTCCTGTGG,0,3041294
rcsBp1,0.2,4,4,TTTTGGAGTTCGGCGCGCTA,0,3022050
rcsBp1,0.2,4,4,TTTTGAGGGGGATTGGAAGT,0,3029289
rcsBp1,0.2,4,4,TTTTATGGGTCGGTACTAAC,0,3024266
rcsBp1,0.2,4,4,TTTTAGTTGAGCAGCTACTG,0,3038099
rcsBp1,0.2,4,4,TTTGGTCTTCGCATCCGCGC,0,3044351
rcsBp1,0.2,4,4,TTTGATTTTAAAATCAATAC,0,3049560
rcsBp1,0.2,4,4,TTTGAGCGAACCCAAGCCTG,0,3051656
rcsBp1,0.2,4,4,TTTGAAAGCACGCACGGGCT,0,3047715
rcsBp1,0.2,4,4,TTTCGCAGGGTTCTGAGCTA,0,3047376
rcsBp1,0.2,4,4,TTTACATAACGCGCAGAATT,0,3022067
rcsBp1,0.2,4,4,TTGTTTGCTAGAGAAAGTCA,0,3065233
rcsBp1,0.2,4,4,TTGTTCGCCTTGCGTAGTCA,0,3058108
rcsBp1,0.2,4,4,TTGTGGAGCTCTCTCTAATT,0,3034819
rcsBp1,0.2,4,4,TTGTGCAATAGTCTGCCTGA,0,3048046
rcsBp1,0.2,4,4,TTGTCCCGGTCGAGCGCAAC,0,3061598
rcsBp1,0.2,4,4,TTGTATAGCGGATATAGAAG,0,3060184
rcsBp1,0.2,4,4,TTGTAGATGCATGTCCCTTA,0,3050462
rcsBp1,0.2,4,4,TTGTAAACCATCCGCCTTCG,0,3024956
rcsBp1,0.2,4,4,TTGGTTATACCACAATTAGT,0,3068957
rcsBp1,0.2,4,4,TTGGTCCAGAATATGACTGA,0,3059796
rcsBp1,0.2,4,4,TTGGTCACGGTTTGGCCCGA,0,3028553
rcsBp1,0.2,4,4,TTGGCTGCACCTCCATCATA,0,3063002
rcsBp1,0.2,4,4,TTGCGTCTGCCCCATAGAGG,0,3063199
rcsBp1,0.2,4,4,TTGCGCTCTCAAACGGGTGT,0,3026202
rcsBp1,0.2,4,4,TTGCCTCCCACTGGAACATA,0,3073317
rcsBp1,0.2,4,4,TTGCATTGAATGGCGCTCAC,0,3066141
rcsBp1,0.2,4,4,TTGAGGGTCATACCCCGCTT,0,3058571
rcsBp1,0.2,4,4,TTGACCATTGGGTTACAGCC,0,3066021
rcsBp1,0.2,4,4,TTGAATTAGTATGGCTCTTC,0,3034285
rcsBp1,0.2,4,4,TTCTTACTTGGTTTGCTTAA,0,3056037
rcsBp1,0.2,4,4,TTCTGACCTCCCTGCTCACT,0,3040036
rcsBp1,0.2,4,4,TTCGTTGTCAGAGGGGTTTC,0,3056646
rcsBp1,0.2,4,4,TTCGTAGTGCAGCGGCGCCA,0,3051846
rcsBp1,0.2,4,4,TTCGGGTCAGCTCATGTAAA,0,3055623
rcsBp1,0.2,4,4,TTCGGCGAAAAGCGACGATT,0,3039514
rcsBp1,0.2,4,4,TTCCTAGGATGCGGGTTGCA,0,3043680
rcsBp1,0.2,4,4,TTCCCGGATCATCGAATGTA,0,3031313
rcsBp1,0.2,4,4,TTCCCCGCAGGATTCTTCAC,0,3064464
rcsBp1,0.2,4,4,TTCCATCGCCCCGCTCTCAT,0,3040981
rcsBp1,0.2,4,4,TTCCAGTAGAGCTTCTTTTT,0,3028239
rcsBp1,0.2,4,4,TTCCAAGGGTTGCCCAGGAT,0,3041692
rcsBp1,0.2,4,4,TTCATGGTTTAGTACGAAAA,0,3059392
rcsBp1,0.2,4,4,TTCATACTTACGCTAAGCTG,0,3055518
rcsBp1,0.2,4,4,TTCAGTCGTCGACCGTAGTA,0,3041940
rcsBp1,0.2,4,4,TTCAGGCATCTTGTTGGTGA,0,3050406
rcsBp1,0.2,4,4,TTCACCGCCGCACCAGTCCA,0,3066033
rcsBp1,0.2,4,4,TTATTTTTGGTTGAAAAACG,0,3062625
rcsBp1,0.2,4,4,TTATTGAAGTATGGGGGTGC,0,3066172
rcsBp1,0.2,4,4,TTATGAGGCTCACTCCCATG,0,3071485
rcsBp1,0.2,4,4,TTATCTTAGCATCTCACTCT,0,3065241
rcsBp1,0.2,4,4,TTATATTTCGCGCACGACCG,0,3073151
rcsBp1,0.2,4,4,TTAGTCTTAGGGAAGAATGT,0,3041054
rcsBp1,0.2,4,4,TTAGCGCATAGCACCAATGC,0,3041207
rcsBp1,0.2,4,4,TTACTGTAGTTGGCCGGTGA,0,3056070
rcsBp1,0.2,4,4,TTACGGCAAACTACCAATAT,0,3023868
rcsBp1,0.2,4,4,TTAATTCCGCGAGTTGCCTC,0,3046633
rcsBp1,0.2,4,4,TTAATCGGCGTTTTGCTAGA,0,3032233
rcsBp1,0.2,4,4,TTAAATAGCTGTTTTTGTAC,0,3055365
rcsBp1,0.2,4,4,TGTTGCCGCGGCATCTTTCA,0,3050235
rcsBp1,0.2,4,4,TGTTCAAAATCTGTTTTGGT,0,3044613
rcsBp1,0.2,4,4,TGTCGGTGAAGACGAGAGAC,0,3058671
rcsBp1,0.2,4,4,TGTCGCCGGTCCAACATGTC,0,3066325
rcsBp1,0.2,4,4,TGTCGAAGGCGACAGGGACG,0,3059761
rcsBp1,0.2,4,4,TGTCCAAGGACATTAAATCC,0,3021994
rcsBp1,0.2,4,4,TGTCAGGCTCTTGCTGGTGG,0,3024193
rcsBp1,0.2,4,4,TGTATCAGGGGTCCGACCTC,0,3065376
rcsBp1,0.2,4,4,TGTACGTGTCGAGTAGTATC,0,3051067
rcsBp1,0.2,4,4,TGGTACCCTGTGCTCAACTT,0,3039782
rcsBp1,0.2,4,4,TGGGTGGTTTTACACGCCTT,0,3026468
rcsBp1,0.2,4,4,TGGGTAATGGATTTAAGGGG,0,3057929
rcsBp1,0.2,4,4,TGGGGCTTCTCAGCATTAGG,0,3026090
rcsBp1,0.2,4,4,TGGCTGATGGTGATTCTCTT,0,3056908
rcsBp1,0.2,4,4,TGGCGGAAGGTACAGGGGAC,0,3068706
rcsBp1,0.2,4,4,TGGATTTAACACCCTATACT,0,3040019
rcsBp1,0.2,4,4,TGGATCGATGTGTCCTGCAG,0,3064358
rcsBp1,0.2,4,4,TGCTGCCTCATGGTCACAAG,0,3067180
rcsBp1,0.2,4,4,TGCTGACATCTCGAACCCCA,0,3031849
rcsBp1,0.2,4,4,TGCTACGATTCAGAAAAAGA,0,3035076
rcsBp1,0.2,4,4,TGCGGGATGGGGTATCTCAC,0,3044658
rcsBp1,0.2,4,4,TGCGATAGGACAATAACTCT,0,3023289
rcsBp1,0.2,4,4,TGCCTCGACCTAGCATAACC,0,3024782
rcsBp1,0.2,4,4,TGCCCTCTCCTATGCGTATG,0,3037126
rcsBp1,0.2,4,4,TGATGATTAAAGCGGTGTCA,0,3036957
rcsBp1,0.2,4,4,TGATCAGTTTTACATAGCAG,0,3055572
rcsBp1,0.2,4,4,TGATAGGGCCGGGCGAGAGC,0,3041168
rcsBp1,0.2,4,4,TGAGTGACACACCGACGATT,0,3035908
rcsBp1,0.2,4,4,TGAGTCGTGGACGGGCTGGC,0,3039511
rcsBp1,0.2,4,4,TGAGCAAGGTAACAATCTCG,0,3042293
rcsBp1,0.2,4,4,TGAGCAAACAGGAATGTTGG,0,3030396
rcsBp1,0.2,4,4,TGAGATTAGTCAAGGGTACC,0,3073009
rcsBp1,0.2,4,4,TGACTGTAGTACGTCAGGTT,0,3069961
rcsBp1,0.2,4,4,TGACATCCGCCTTTTATTGA,0,3026316
rcsBp1,0.2,4,4,TGAATGTAGTGTCCAGCCAT,0,3065212
rcsBp1,0.2,4,4,TGAATATATCAGATATCACA,0,3048167
rcsBp1,0.2,4,4,TGAAATGCTCGCGATGTAGT,0,3037012
rcsBp1,0.2,4,4,TGAAACGTACGCCTACGCGC,0,3070586
rcsBp1,0.2,4,4,TGAAACGGACGCCGCATTGC,0,3060026
rcsBp1,0.2,4,4,TCTTTCTCTCCGCAGTAAAA,0,3061205
rcsBp1,0.2,4,4,TCTTTCTCAACCTAACTGGA,0,3035948
rcsBp1,0.2,4,4,TCTTGGCATGTTGTTAAGGA,0,3033820
rcsBp1,0.2,4,4,TCTTGCAAGGGACCCGTTAC,0,3043496
rcsBp1,0.2,4,4,TCTTGACATATGGAGTTGGT,0,3067519
rcsBp1,0.2,4,4,TCTTCGGGCTTTCCGCGGCA,0,3030149
rcsBp1,0.2,4,4,TCTGTGTCCACGACTCACGT,0,3059184
rcsBp1,0.2,4,4,TCTGGTGTCTGTTGCGATTT,0,3064635
rcsBp1,0.2,4,4,TCTGCGATATTGATGTGTCA,0,3048168
rcsBp1,0.2,4,4,TCTGCGACTCTCAGCGGGCA,0,3026402
rcsBp1,0.2,4,4,TCTCTATGGTCGGAGTGCGT,0,3070798
rcsBp1,0.2,4,4,TCTCATTTTAAGGGAAGCAG,0,3073642
rcsBp1,0.2,4,4,TCTATTGCGAGCAATCATAG,0,3057415
rcsBp1,0.2,4,4,TCTATTAACGTACGTGTTGC,0,3053897
rcsBp1,0.2,4,4,TCTAACGTTCCAACGCGGTA,0,3036993
rcsBp1,0.2,4,4,TCGTTCGATTGTGTCATAAT,0,3026819
rcsBp1,0.2,4,4,TCGTCAAGCTTACGCCACTC,0,3044276
rcsBp1,0.2,4,4,TCGTAGTGCGGGATCCCCGG,0,3050690
rcsBp1,0.2,4,4,TCGTAAACAAATCTGTTCAT,0,3064810
rcsBp1,0.2,4,4,TCGGGAACTAAGCGGATCAG,0,3030867
rcsBp1,0.2,4,4,TCGGCAACCGGTCTAGAATC,0,3043851
rcsBp1,0.2,4,4,TCGCTTAAAGCTCGTATTCT,0,3042119
rcsBp1,0.2,4,4,TCGCTCCGATTGTACGTATC,0,3030308
rcsBp1,0.2,4,4,TCGCTATCTCTGCTACATTC,0,3028385
rcsBp1,0.2,4,4,TCGCCCTGTATAGTCTTTTA,0,3027215
rcsBp1,0.2,4,4,TCGCAGGCACTTACAGGCTA,0,3054262
rcsBp1,0.2,4,4,TCGCAGCTCCGACTGTGACG,0,3037201
rcsBp1,0.2,4,4,TCGATTAGCTCCGTGTCTAG,0,3046783
rcsBp1,0.2,4,4,TCGATCTCTATTGCGTGTGC,0,3040077
rcsBp1,0.2,4,4,TCCTTGTTGTTCTTCAATGG,0,3053766
rcsBp1,0.2,4,4,TCCTTCGACAGAGGGCGCGG,0,3043469
rcsBp1,0.2,4,4,TCCTCAATCTCTGCTAACGA,0,3036883
rcsBp1,0.2,4,4,TCCGTTGAAACCAGGACACA,0,3045536
rcsBp1,0.2,4,4,TCCGTGAGGTTATCCCGTGT,0,3049802
rcsBp1,0.2,4,4,TCCCTGACACTGGGTGTCCT,0,3060148
rcsBp1,0.2,4,4,TCCCTCACTGCGTATGCAGC,0,3061267
rcsBp1,0.2,4,4,TCCCGATTCTAACAGCAATC,0,3042667
rcsBp1,0.2,4,4,TCCCCGGCTAGCATTAGGGA,0,3030950
rcsBp1,0.2,4,4,TCCATTGTGAGCTCATAGTC,0,3068447
rcsBp1,0.2,4,4,TCCATCCGAGGATTCTTCTG,0,3054231
rcsBp1,0.2,4,4,TCCAGGCTAGGGTTGCCTCT,0,3022430
rcsBp1,0.2,4,4,TCCAAACCTGACAATGTCCA,0,3029946
rcsBp1,0.2,4,4,TCATTGCGCAATGTGTATGT,0,3048626
rcsBp1,0.2,4,4,TCATTCGTCGGCTGGAATTA,0,3043048
rcsBp1,0.2,4,4,TCATTACTTCGTGTTAAACG,0,3067690
rcsBp1,0.2,4,4,TCATGGACGGCTAGACACCA,0,3024775
rcsBp1,0.2,4,4,TCATGACCCAGATATGCCCA,0,3046118
rcsBp1,0.2,4,4,TCAGTTGTCTTTTCCGCTTT,0,3064584
rcsBp1,0.2,4,4,TCAGGTGGGAACACGGTTGT,0,3030415
rcsBp1,0.2,4,4,TCAGCGATCACCGCGGCGGA,0,3063553
rcsBp1,0.2,4,4,TCAGAGTAAGGTGTTGGACT,0,3042839
rcsBp1,0.2,4,4,TCACTGTAACTTACGGGAAT,0,3056247
rcsBp1,0.2,4,4,TCACTCCGCACGAGCCCAGC,0,3073709
rcsBp1,0.2,4,4,TCACACGCAGTAAAGCTGCA,0,3065524
rcsBp1,0.2,4,4,TCAATAATCTCACATGGTCG,0,3030111
rcsBp1,0.2,4,4,TCAAGCTTCTCTGCGAACAA,0,3036980
rcsBp1,0.2,4,4,TCAAAAAGGTACTAACAGCA,0,3035197
rcsBp1,0.2,4,4,TATTCCGAGGCACTTGTCCT,0,3030825
rcsBp1,0.2,4,4,TATTACACAAGTCAAGTCTC,0,3060964
rcsBp1,0.2,4,4,TATGTAGCGTTGGCTTGACT,0,3060434
rcsBp1,0.2,4,4,TATGACAGTCCGCCCTGATT,0,3048561
rcsBp1,0.2,4,4,TATCGTGCCTTCGTAGCGCA,0,3038285
rcsBp1,0.2,4,4,TATCCCGAGCGTGGACTCGT,0,3072237
rcsBp1,0.2,4,4,TATCCATGTAATACGAAGCT,0,3065199
rcsBp1,0.2,4,4,TATATTCGTAGTCCTAGGTA,0,3038197
rcsBp1,0.2,4,4,TATAGAGCCCGCATACAGTA,0,3058969
rcsBp1,0.2,4,4,TATACGAACCATACAACGGG,0,3031750
rcsBp1,0.2,4,4,TATAAGATAGGCTTTTCGCC,0,3026440
rcsBp1,0.2,4,4,TATAAACGGCGATCGTCTAG,0,3065694
rcsBp1,0.2,4,4,TATAAACACGCAATAGGTGT,0,3053990
rcsBp1,0.2,4,4,TAGTTACGAAAGTGTATGGC,0,3032036
rcsBp1,0.2,4,4,TAGTATCCAGTCATTAACGA,0,3031602
rcsBp1,0.2,4,4,TAGGATTCACTGTTAGAACC,0,3027691
rcsBp1,0.2,4,4,TAGCCAGCTAAATCGGGATA,0,3058453
rcsBp1,0.2,4,4,TAGCAATCCCTTAGTATTGA,0,3072152
rcsBp1,0.2,4,4,TAGATTCGACACCCCGGCCG,0,3052668
rcsBp1,0.2,4,4,TAGATCGGCGTGCGCATGTG,0,3033850
rcsBp1,0.2,4,4,TAGACAGGTTAAGCGAATTA,0,3021928
rcsBp1,0.2,4,4,TACTGTGGAAAAGCGCCTAC,0,3058838
rcsBp1,0.2,4,4,TACTCCCCATAGTTTACTCC,0,3035870
rcsBp1,0.2,4,4,TACCTGAGAGATTCTCTCGA,0,3028490
rcsBp1,0.2,4,4,TACCGGAATGGAGAAGCTTC,0,3024811
rcsBp1,0.2,4,4,TACATTTTTAGTGCCATAGA,0,3064530
rcsBp1,0.2,4,4,TACATATCGATTTTATCGGG,0,3043084
rcsBp1,0.2,4,4,TACAGAGAATCAATGTGATC,0,3059061
rcsBp1,0.2,4,4,TACACTTGGGATAGCCTGTT,0,3035984
rcsBp1,0.2,4,4,TACACATCGGTGTCGGGCAA,0,3067749
rcsBp1,0.2,4,4,TACAACTGGTAGACTCTTTT,0,3031505
rcsBp1,0.2,4,4,TAATCTGAGTGGGCCGCGGT,0,3030562
rcsBp1,0.2,4,4,TAAGCGTTTATCCGCATCCA,0,3052470
rcsBp1,0.2,4,4,TAAGATCGTGCTTGCGTGCT,0,3047155
rcsBp1,0.2,4,4,TAACTAGAAAGCAGGAATAA,0,3066483
rcsBp1,0.2,4,4,TAACGTCATGAATCCATCAG,0,3041441
rcsBp1,0.2,4,4,TAACAGCAGCACGCCCGGAC,0,3066025
rcsBp1,0.2,4,4,TAACAACGTCGTAGCGTACG,0,3027982
rcsBp1,0.2,4,4,TAAATCGGAAACGTACATCA,0,3046093
rcsBp1,0.2,4,4,TAAACTACGTAAGGCGAAGT,0,3057999
rcsBp1,0.2,4,4,TAAACCGCTATGTGTGCCTG,0,3031063
rcsBp1,0.2,4,4,TAAACCATGCCATGGATTCC,0,3066016
rcsBp1,0.2,4,4,GTTTGGATATATTACCGCCC,0,3036758
rcsBp1,0.2,4,4,GTTTGACCGACTCTAAATAC,0,3031296
rcsBp1,0.2,4,4,GTTTCGGAACTGTAAACTGT,0,3053805
rcsBp1,0.2,4,4,GTTTCATTGTATTTTGCAGT,0,3030566
rcsBp1,0.2,4,4,GTTTCACATGTTTTCCGAGT,0,3036913
rcsBp1,0.2,4,4,GTTGCGGGATTCATGCCATA,0,3064537
rcsBp1,0.2,4,4,GTTGAGTGGCGCGGATACAA,0,3060876
rcsBp1,0.2,4,4,GTTCAACGGCGGGTGGCCTA,0,3032958
rcsBp1,0.2,4,4,GTTATCAGCATAGAAACGCA,0,3035750
rcsBp1,0.2,4,4,GTTACTCGGCCGTCCCCGTA,0,3073186
rcsBp1,0.2,4,4,GTTAAGAAGATACTTCAACG,0,3047905
rcsBp1,0.2,4,4,GTGTTATGATTGTTCACATA,0,3033652
rcsBp1,0.2,4,4,GTGTGGGGCGCGAAGAAGGA,0,3065365
rcsBp1,0.2,4,4,GTGTCTGGGATGACTGCACC,0,3026844
rcsBp1,0.2,4,4,GTGTCCGCTGCGCTGGTAAG,0,3060578
rcsBp1,0.2,4,4,GTGGTCGTAGAACGGATTGA,0,3038298
rcsBp1,0.2,4,4,GTGGGCTCTCGGGCGATCAG,0,3049965
rcsBp1,0.2,4,4,GTGGCTGGTGCCACCACGGT,0,3058637
rcsBp1,0.2,4,4,GTGGAGGGTATCGATTTCAT,0,3058844
rcsBp1,0.2,4,4,GTGCGTTTAGGGCCCTTATA,0,3069498
rcsBp1,0.2,4,4,GTGCGTGAGATATACACTTG,0,3037484
rcsBp1,0.2,4,4,GTGCATCTGGCATGTCGTTT,0,3050085
rcsBp1,0.2,4,4,GTGAGAGCTTGACAGATATA,0,3021936
rcsBp1,0.2,4,4,GTCTTCAGAGCCTGTTGAGC,0,3049876
rcsBp1,0.2,4,4,GTCTTCACAAGTCGCATGGG,0,3022636
rcsBp1,0.2,4,4,GTCTTAAAACGCTATTGCCG,0,3038867
rcsBp1,0.2,4,4,GTCTAGCGTATCGAGACTGT,0,3036962
rcsBp1,0.2,4,4,GTCTACGAGCGAGCAATACG,0,3032880
rcsBp1,0.2,4,4,GTCTACACGAGAACGAATGG,0,3055095
rcsBp1,0.2,4,4,GTCTAAGTGTGCCCCTCAAC,0,3037968
rcsBp1,0.2,4,4,GTCGGGACGGACCAGAACGT,0,3053477
rcsBp1,0.2,4,4,GTCGATCACTTTCTTGTGCG,0,3052643
rcsBp1,0.2,4,4,GTCGATAGCTGGGACCACCC,0,3061584
rcsBp1,0.2,4,4,GTCGAGATCCATGTACGTTC,0,3043945
rcsBp1,0.2,4,4,GTCCTTGGGGAGGTTAGATC,0,3044158
rcsBp1,0.2,4,4,GTCCTACGTTCAGCGTGATT,0,3050634
rcsBp1,0.2,4,4,GTCCCCGATTGCGGCGTATC,0,3048415
rcsBp1,0.2,4,4,GTCATATACAAGTTCCTCTC,0,3053615
rcsBp1,0.2,4,4,GTCAGGGTCCCGCAGTATTA,0,3062594
rcsBp1,0.2,4,4,GTCAGCGTTCAGGTGTTTGG,0,3057177
rcsBp1,0.2,4,4,GTCAACCAGCATATCTAATG,0,3056214
rcsBp1,0.2,4,4,GTATTTGCACCTGGTTGTAT,0,3059037
rcsBp1,0.2,4,4,GTATTCTGTGTATTATCCTT,0,3035362
rcsBp1,0.2,4,4,GTATAGCTCTTCAACGCAGC,0,3040261
rcsBp1,0.2,4,4,GTATACCGGATCGATGAGCT,0,3060360
rcsBp1,0.2,4,4,GTAGGTCGGGTCTATGTGAT,0,3035449
rcsBp1,0.2,4,4,GTAGGACGGCCGGGCAATAC,0,3046575
rcsBp1,0.2,4,4,GTAGCGCCAGGCTGGATACA,0,3047392
rcsBp1,0.2,4,4,GTAGCAGAGCCCTTGTACTG,0,3059591
rcsBp1,0.2,4,4,GTAGATGAAACAATAAGCGG,0,3028509
rcsBp1,0.2,4,4,GTACAGTACCAATAGTGTCG,0,3067028
rcsBp1,0.2,4,4,GTACAGCCGGGATACGCCAT,0,3034165
rcsBp1,0.2,4,4,GTACAAGAAAAGCGGCATTG,0,3059017
rcsBp1,0.2,4,4,GTAAGAGTATAGTCACCGGG,0,3024180
rcsBp1,0.2,4,4,GTAAGACCACGGGTTTCGGA,0,3055009
rcsBp1,0.2,4,4,GTAACCACTCGATTATGACT,0,3064557
rcsBp1,0.2,4,4,GTAAAGGACAAATCCTATAA,0,3064583
rcsBp1,0.2,4,4,GTAAAGCCTTCCTTTCGGGC,0,3061043
rcsBp1,0.2,4,4,GGTTTGAACGTTGCGTCAAA,0,3047602
rcsBp1,0.2,4,4,GGTTCCATAGCCTTTCCAAA,0,3066772
rcsBp1,0.2,4,4,GGTTCCACTATTAGGTAACC,0,3054283
rcsBp1,0.2,4,4,GGTTAGGTCAAGCCTGATAC,0,3062917
rcsBp1,0.2,4,4,GGTTACTATTGCAAACCGCA,0,3060871
rcsBp1,0.2,4,4,GGTTACAAGGTAATGCGAAT,0,3032566
rcsBp1,0.2,4,4,GGTGGCTGAATGAGAGGATC,0,3030049
rcsBp1,0.2,4,4,GGTGAGAATTCACAGCTCCA,0,3038305
rcsBp1,0.2,4,4,GGTGACTCCAACTTGAGTCA,0,3070950
rcsBp1,0.2,4,4,GGTCTCTGATCATCCCGCCA,0,3039366
rcsBp1,0.2,4,4,GGTCGCTACGCCGGTGCGGT,0,3067443
rcsBp1,0.2,4,4,GGTCCTTAAGAGCACGTTAA,0,3037594
rcsBp1,0.2,4,4,GGTCCACGAAAGATGCCAGT,0,3069559
rcsBp1,0.2,4,4,GGTCACCGGGTGTCCACTAC,0,3058939
rcsBp1,0.2,4,4,GGTATCCGTACTCCTGGTAG,0,3053974
rcsBp1,0.2,4,4,GGTACGCTGTACATTCTTCA,0,3067926
rcsBp1,0.2,4,4,GGGTGGTAGACTTCTGCGCT,0,3026728
rcsBp1,0.2,4,4,GGGTCAGGATGTGCTGCAGT,0,3051799
rcsBp1,0.2,4,4,GGGTACTGTATGAACGCGTC,0,3057589
rcsBp1,0.2,4,4,GGGGGATCTCGTGGAATTTA,0,3035628
rcsBp1,0.2,4,4,GGGGGACATCGGACGTTTAC,0,3067222
rcsBp1,0.2,4,4,GGGGCCTCAGGGTCATCAAC,0,3068994
rcsBp1,0.2,4,4,GGGGCAGTGTGGCTAAAGAG,0,3050206
rcsBp1,0.2,4,4,GGGGAAGATTACAGCCCTAT,0,3033384
rcsBp1,0.2,4,4,GGGCTGCGGGCAGGACATCG,0,3035978
rcsBp1,0.2,4,4,GGGCTCGCCTGAAGAACACG,0,3037495
rcsBp1,0.2,4,4,GGGCTAATTGATTGAATGGT,0,3048182
rcsBp1,0.2,4,4,GGGCGGCTCGACATCAACCA,0,3037761
rcsBp1,0.2,4,4,GGGCGCACCTCTAAAGTGGA,0,3048957
rcsBp1,0.2,4,4,GGGCCAAGAAATCACAGCAG,0,3036720
rcsBp1,0.2,4,4,GGGCATAACTGGGTCTCAGA,0,3068431
rcsBp1,0.2,4,4,GGGATGACATCACGCACCTT,0,3068381
rcsBp1,0.2,4,4,GGGAGTAGACATGTATGGAG,0,3033676
rcsBp1,0.2,4,4,GGGAGATATCCACCTGACCA,0,3069668
rcsBp1,0.2,4,4,GGGACGTGTATAAACAACTT,0,3052792
rcsBp1,0.2,4,4,GGCTTTCCCGACCGCTATGA,0,3069292
rcsBp1,0.2,4,4,GGCTTACGTTCCGCTGCATT,0,3066442
rcsBp1,0.2,4,4,GGCTGGAGAGTAACATGTTA,0,3024049
rcsBp1,0.2,4,4,GGCTCACATAAGATATGCTC,0,3050329
rcsBp1,0.2,4,4,GGCTACAAGGAGGCACCCCA,0,3033819
rcsBp1,0.2,4,4,GGCTACAACAACCCTGGCGC,0,3061356
rcsBp1,0.2,4,4,GGCGGGCCGGGTGTATCGGT,0,3061592
rcsBp1,0.2,4,4,GGCGATGCTAAATATTTCTT,0,3036415
rcsBp1,0.2,4,4,GGCGACGCTGAACTGCAACT,0,3069278
rcsBp1,0.2,4,4,GGCCGTTGACAAAACTTCTT,0,3062619
rcsBp1,0.2,4,4,GGCCACTTGCGATGGCTAAG,0,3047324
rcsBp1,0.2,4,4,GGCCAATGCGCTCGGGGCAT,0,3062629
rcsBp1,0.2,4,4,GGCATTAAGGAGTCAATCGA,0,3047346
rcsBp1,0.2,4,4,GGCATCACGGATATCTCTGA,0,3069626
rcsBp1,0.2,4,4,GGCAGTAGCTTACTAAGCCA,0,3060778
rcsBp1,0.2,4,4,GGATGGCCCCCTTTGGCTTG,0,3029923
rcsBp1,0.2,4,4,GGATCGTACCAGTTCAAGTT,0,3026005
rcsBp1,0.2,4,4,GGAGATACCGACAAGTAGAA,0,3071450
rcsBp1,0.2,4,4,GGACGCCGGGAGGGATTCCC,0,3048953
rcsBp1,0.2,4,4,GGACACGTAGTCGTTACGTA,0,3066334
rcsBp1,0.2,4,4,GGAATTGGGCTCAATCTCCA,0,3034961
rcsBp1,0.2,4,4,GGAATGATGCGCACTCGGTA,0,3046391
rcsBp1,0.2,4,4,GGAATGAACGTAGGGGGCAA,0,3029275
rcsBp1,0.2,4,4,GGAATCCACAGAGGCTTTTG,0,3052308
rcsBp1,0.2,4,4,GGAACGTTCAGCTGACTTGT,0,3037608
rcsBp1,0.2,4,4,GGAAATGCTCATGAGTGCGA,0,3047153
rcsBp1,0.2,4,4,GGAAAGAGCGTAGACCTACA,0,3068996
rcsBp1,0.2,4,4,GCTTTGAGCTGAAGATGGCA,0,3062667
rcsBp1,0.2,4,4,GCTTTCGCTTATGAGAGGCC,0,3031344
rcsBp1,0.2,4,4,GCTTGGGCTTGTGACTTTGC,0,3056543
rcsBp1,0.2,4,4,GCTTAACGCTCATGTGGCTA,0,3046315
rcsBp1,0.2,4,4,GCTGTATACACGAAATACGC,0,3040031
rcsBp1,0.2,4,4,GCTGGTTTTGATTGGTAATC,0,3049039
rcsBp1,0.2,4,4,GCTGGCCTATGTGAATGTGT,0,3056721
rcsBp1,0.2,4,4,GCTGCCTCAACTCCGGTCCG,0,3043481
rcsBp1,0.2,4,4,GCTGCCCTGGTTCGCCGCAG,0,3058892
rcsBp1,0.2,4,4,GCTCGTCTCCTGCTCCGGTC,0,3023567
rcsBp1,0.2,4,4,GCTCGCCAGTCATACGAGAT,0,3050647
rcsBp1,0.2,4,4,GCTCCAGGCCGGGTGTCACT,0,3049848
rcsBp1,0.2,4,4,GCTCAGGCGCTTAGAGGGGT,0,3038200
rcsBp1,0.2,4,4,GCTAGCAGCCAATAGGCAAC,0,3031204
rcsBp1,0.2,4,4,GCTAAATGTTGTGCCAATAG,0,3058454
rcsBp1,0.2,4,4,GCTAAATAAACACGCGAAAC,0,3067741
rcsBp1,0.2,4,4,GCGTCCACACCGTGGAAGTT,0,3038456
rcsBp1,0.2,4,4,GCGTCAATTACTTCCAGAGG,0,3057181
rcsBp1,0.2,4,4,GCGGTTGCTTAGGGATTTCG,0,3062885
rcsBp1,0.2,4,4,GCGGGTGGACAGCAAGTGTA,0,3045815
rcsBp1,0.2,4,4,GCGGCTGGCTATGTCGTATG,0,3041705
rcsBp1,0.2,4,4,GCGCTTAGATAGCGGCTAAT,0,3030191
rcsBp1,0.2,4,4,GCGCGGAGACGCCGTGTGCT,0,3046248
rcsBp1,0.2,4,4,GCGCCTACAGTAAAGCCTGA,0,3032457
rcsBp1,0.2,4,4,GCGCAGGCGACACAAAGTGC,0,3022607
rcsBp1,0.2,4,4,GCGCAGCATTATGCCAGAAG,0,3026229
rcsBp1,0.2,4,4,GCGAGTATGGATACCTTCTG,0,3043638
rcsBp1,0.2,4,4,GCGACTATAACGAAGCTCGG,0,3025314
rcsBp1,0.2,4,4,GCGAACAAACATGCGTACAT,0,3029364
rcsBp1,0.2,4,4,GCCTGTCTATACCAACCGCA,0,3040842
rcsBp1,0.2,4,4,GCCTCGCGGGCAAGGGGAAC,0,3033605
rcsBp1,0.2,4,4,GCCTCATTTGTCCCAGTAAA,0,3032275
rcsBp1,0.2,4,4,GCCGTAGGAGGTATGGCCTG,0,3053355
rcsBp1,0.2,4,4,GCCGGTCAGTGCAGAAGGAT,0,3059961
rcsBp1,0.2,4,4,GCCGACAGCGAGAGAGCCAG,0,3038586
rcsBp1,0.2,4,4,GCCCGCCCAATATTTACGAA,0,3072657
rcsBp1,0.2,4,4,GCCCCCGCGCCGTTTATGGG,0,3036578
rcsBp1,0.2,4,4,GCCCCAAGACAGGTTACGGA,0,3047816
rcsBp1,0.2,4,4,GCCAGCCTTAAAATACAGGG,0,3038272
rcsBp1,0.2,4,4,GCCAAAGTGTCAATGATAAA,0,3022255
rcsBp1,0.2,4,4,GCATGTCATCTCTTGCCTGA,0,3024885
rcsBp1,0.2,4,4,GCATATAAACCCGATAGATC,0,3055203
rcsBp1,0.2,4,4,GCAGTGTCTAATAAGATGGG,0,3042716
rcsBp1,0.2,4,4,GCACGCTTGCCACATGAGAC,0,3067416
rcsBp1,0.2,4,4,GCACACAAGAGGCCTGTTAA,0,3031333
rcsBp1,0.2,4,4,GCAATATCGTACACGGCAGT,0,3063296
rcsBp1,0.2,4,4,GCAAGTATGGCAGGTGGTTT,0,3040479
rcsBp1,0.2,4,4,GCAAGTACTTGTTTTTCGAT,0,3067249
rcsBp1,0.2,4,4,GCAAGCAAGTCTCCGCGAGT,0,3049870
rcsBp1,0.2,4,4,GCAACCATCCTATTTTGCAA,0,3032755
rcsBp1,0.2,4,4,GATTATCTGCGAATACTAGG,0,3036949
rcsBp1,0.2,4,4,GATTAAGGTATCAAATTATA,0,3032896
rcsBp1,0.2,4,4,GATGTGCAGGCTTTGAGGGA,0,3042723
rcsBp1,0.2,4,4,GATGCATAAAGGGGCGCCGG,0,3036914
rcsBp1,0.2,4,4,GATCTTGTCGGGCAAAACTC,0,3049807
rcsBp1,0.2,4,4,GATCGTGGTACCGAGGGATC,0,3059887
rcsBp1,0.2,4,4,GATCGTAAGAACCGATGCTT,0,3035229
rcsBp1,0.2,4,4,GATCGAATCACGTGGCTCAA,0,3046819
rcsBp1,0.2,4,4,GATCCTCACAGCTTTAGGTA,0,3046073
rcsBp1,0.2,4,4,GATCAATTCTACTCGGTATC,0,3027792
rcsBp1,0.2,4,4,GATAGTGCATCGGACCTGGT,0,3026001
rcsBp1,0.2,4,4,GATAGGCTGGAGTATAATTG,0,3059870
rcsBp1,0.2,4,4,GATAGCAATCGACAATTTGT,0,3031702
rcsBp1,0.2,4,4,GATACTAGACTTTCCCCAAC,0,3028970
rcsBp1,0.2,4,4,GATACGTGACGGGTCTGTGA,0,3036395
rcsBp1,0.2,4,4,GATAAGAAGTAACAGCTGGT,0,3039094
rcsBp1,0.2,4,4,GATAACTTATATCGTTCTCG,0,3066878
rcsBp1,0.2,4,4,GATAAATATTGGCTCGGCAA,0,3043932
rcsBp1,0.2,4,4,GAGTGACGCACGTGGTCTAA,0,3073447
rcsBp1,0.2,4,4,GAGTCGATGAGTCGGGAAAA,0,3031661
rcsBp1,0.2,4,4,GAGTCATTCCCCTCTCGAGA,0,3054230
rcsBp1,0.2,4,4,GAGTATCGATTCAGGTACTG,0,3065481
rcsBp1,0.2,4,4,GAGTAAGACCACCCCGGGGG,0,3051106
rcsBp1,0.2,4,4,GAGGGCACTAACGGACGGAG,0,3030538
rcsBp1,0.2,4,4,GAGGCACTATCGGTTTTTTC,0,3024924
rcsBp1,0.2,4,4,GAGGCAAGCTACCCTCTGCT,0,3064030
rcsBp1,0.2,4,4,GAGCCAGCTATGTACTTGAC,0,3071059
rcsBp1,0.2,4,4,GACGTCCGTCTCTCCCAGGC,0,3055363
rcsBp1,0.2,4,4,GACGGGATATTCAGCAATGA,0,3026503
rcsBp1,0.2,4,4,GACATCGGGTCCAACGCTAT,0,3059494
rcsBp1,0.2,4,4,GAATTCCGCTCCTGGAAGTG,0,3050841
rcsBp1,0.2,4,4,GAATGGTTGGTACTATGCAG,0,3040273
rcsBp1,0.2,4,4,GAATCTCATAACCTTTCGGA,0,3053321
rcsBp1,0.2,4,4,GAAGCGTTCTTCGTTTGTCG,0,3026480
rcsBp1,0.2,4,4,GAAGCACGGACGACTGGGGG,0,3068517
rcsBp1,0.2,4,4,GAACCGAGGGATTCGGACTC,0,3049484
rcsBp1,0.2,4,4,GAACAATACCGGTCTTGCGT,0,3027602
rcsBp1,0.2,4,4,GAAAGATGGTGGCACCATTT,0,3023193
rcsBp1,0.2,4,4,CTTTGTCAACCGCGGTATCT,0,3064637
rcsBp1,0.2,4,4,CTTTGCAGCGAGTACCGTTC,0,3062621
rcsBp1,0.2,4,4,CTTTGACCTTTCAAGACACC,0,3045895
rcsBp1,0.2,4,4,CTTTCAAAACCGTCCACAGA,0,3041896
rcsBp1,0.2,4,4,CTTGTACGTACTTGTGAATA,0,3021938
rcsBp1,0.2,4,4,CTTGGATACATATTTCGTTT,0,3023661
rcsBp1,0.2,4,4,CTTGAGTGCGCAGCTTGTTG,0,3048335
rcsBp1,0.2,4,4,CTTCTCGGCGACACCACGGG,0,3036058
rcsBp1,0.2,4,4,CTTCGGCCCTACTCCGAACT,0,3035788
rcsBp1,0.2,4,4,CTTCGCCAGGCCCAGAAAGG,0,3063974
rcsBp1,0.2,4,4,CTTCAGAACCTTCACACTAC,0,3065864
rcsBp1,0.2,4,4,CTTCAACACAGGAGGAATGT,0,3041659
rcsBp1,0.2,4,4,CTGTTTTCGCCGTCGTATGG,0,3032465
rcsBp1,0.2,4,4,CTGTTCAGTGAAGTTGATTT,0,3024019
rcsBp1,0.2,4,4,CTGTGTTCGGATATGTCCAT,0,3040916
rcsBp1,0.2,4,4,CTGTAGGCATATGGCCTCAA,0,3050509
rcsBp1,0.2,4,4,CTGTACGGAGGGCATGGTCA,0,3035542
rcsBp1,0.2,4,4,CTGTAAGTCGTAAAGGTAGT,0,3031493
rcsBp1,0.2,4,4,CTGGGCCAGTGGCCCTCTAG,0,3041017
rcsBp1,0.2,4,4,CTGGCGGGATTAAGCCCTTC,0,3024114
rcsBp1,0.2,4,4,CTGGAGTGTAAACTGTCGGC,0,3063930
rcsBp1,0.2,4,4,CTGGACATCGGGAGCGGGCT,0,3055650
rcsBp1,0.2,4,4,CTGCGCTGCAAAGAGTCGCT,0,3036104
rcsBp1,0.2,4,4,CTGCGATTGGCCCACATGTA,0,3026149
rcsBp1,0.2,4,4,CTGCCTTAGTACGTCACTAG,0,3060210
rcsBp1,0.2,4,4,CTGATGTGAGTTGACTTCCT,0,3025066
rcsBp1,0.2,4,4,CTGATACCCCATATTGTTGG,0,3045350
rcsBp1,0.2,4,4,CTGACGGGCCTAAAGCCGTC,0,3029034
rcsBp1,0.2,4,4,CTCTGCGCCCGCCTTCGCAT,0,3057342
rcsBp1,0.2,4,4,CTCTGCCGGTTACGACAATT,0,3029257
rcsBp1,0.2,4,4,CTCTCGAATGTCAGTGGAAG,0,3071727
rcsBp1,0.2,4,4,CTCGTCGTACAGTCTATTGA,0,3067965
rcsBp1,0.2,4,4,CTCGGTGGAGTCGGGGCGAC,0,3025703
rcsBp1,0.2,4,4,CTCGACACGCGTTGCGGCCT,0,3056639
rcsBp1,0.2,4,4,CTCGAATACTGCCCCGTCCT,0,3022505
rcsBp1,0.2,4,4,CTCGAAGTAGCATGACCTAC,0,3022322
rcsBp1,0.2,4,4,CTCCGGTCCGTAAGTCGCGC,0,3046096
rcsBp1,0.2,4,4,CTCCGCTCCCTCCACGACGT,0,3037733
rcsBp1,0.2,4,4,CTCCGCGACCGTGGTGCCCC,0,3034722
rcsBp1,0.2,4,4,CTCATGAATGGAGGGGACCC,0,3025024
rcsBp1,0.2,4,4,CTCATCCCTAGGTTCCCGCC,0,3065263
rcsBp1,0.2,4,4,CTCATAAACGTTCGGGCGCC,0,3056162
rcsBp1,0.2,4,4,CTCACTTCTGACTCTAGCGT,0,3050141
rcsBp1,0.2,4,4,CTCACTCGGATTACACTCGG,0,3032464
rcsBp1,0.2,4,4,CTCACTCAGCGGTTTAGTGG,0,3022955
rcsBp1,0.2,4,4,CTCACCGCTTCGAGACCCCG,0,3052094
rcsBp1,0.2,4,4,CTATTTAGAATGCCGTGTTT,0,3046968
rcsBp1,0.2,4,4,CTATTGCGATAAGGCAGGAC,0,3058083
rcsBp1,0.2,4,4,CTAGTCTCTACTTTTAATGG,0,3038564
rcsBp1,0.2,4,4,CTAGCTCACCCATCATAAGG,0,3070329
rcsBp1,0.2,4,4,CTAGCGAGTTAAGACGCCGT,0,3028808
rcsBp1,0.2,4,4,CTAGCAACTAGCCACTTTAG,0,3030174
rcsBp1,0.2,4,4,CTAGACATACTCTGGGCCCA,0,3060456
rcsBp1,0.2,4,4,CTACTTTGTGATCGTGTTTA,0,3024731
rcsBp1,0.2,4,4,CTACTTATGTTTCATTGTTG,0,3047371
rcsBp1,0.2,4,4,CTACTCGCTCTTGAGGATGT,0,3049709
rcsBp1,0.2,4,4,CTACCGACCTCTCATAATGG,0,3034865
rcsBp1,0.2,4,4,CTACACCTTTCAGGGAGGTG,0,3054189
rcsBp1,0.2,4,4,CTAATCTTCGCACCCGTAAC,0,3046985
rcsBp1,0.2,4,4,CTAATAACGCGCCTTGGTTT,0,3029301
rcsBp1,0.2,4,4,CTAAGTTAACAAACCTTTAC,0,3050087
rcsBp1,0.2,4,4,CTAAATGCTTCCCACGCCAG,0,3046828
rcsBp1,0.2,4,4,CTAAAAGGCTCGATACGGAA,0,3072933
rcsBp1,0.2,4,4,CGTTTGGCATCAGCACGGTC,0,3067537
rcsBp1,0.2,4,4,CGTTTAAGACAGGATGGACG,0,3059952
rcsBp1,0.2,4,4,CGTTCTGAGAAGATGCCGTA,0,3070951
rcsBp1,0.2,4,4,CGTTACATGCTAACTTTGGA,0,3053731
rcsBp1,0.2,4,4,CGTTAATGTGCGTTTAGCCG,0,3059281
rcsBp1,0.2,4,4,CGTGTGAATCATCAAACGTT,0,3068679
rcsBp1,0.2,4,4,CGTGGGGGACTTCTTGGGGT,0,3071555
rcsBp1,0.2,4,4,CGTGGGCGCCCCAAGACTTA,0,3067199
rcsBp1,0.2,4,4,CGTGCTACAATCAGGACGGA,0,3067025
rcsBp1,0.2,4,4,CGTCTAATTGTAGATATGGA,0,3027099
rcsBp1,0.2,4,4,CGTCGGCAATGCCCTGACCC,0,3064241
rcsBp1,0.2,4,4,CGTAGTAAAAACATTCTGAT,0,3051219
rcsBp1,0.2,4,4,CGTAGCGCCTCAACCATTCT,0,3045202
rcsBp1,0.2,4,4,CGTAATCTGACTTCCTCCAA,0,3047545
rcsBp1,0.2,4,4,CGGTTAGGATTATGAATTAA,0,3025105
rcsBp1,0.2,4,4,CGGTTAGACGCAGGGATGCG,0,3067314
rcsBp1,0.2,4,4,CGGTCATAATACACGCCCAC,0,3066940
rcsBp1,0.2,4,4,CGGTCAGTTTCTAGGCTATC,0,3059198
rcsBp1,0.2,4,4,CGGTCAAATAAAACGAGATT,0,3047625
rcsBp1,0.2,4,4,CGGGTACTGTATAGTCTTCC,0,3059755
rcsBp1,0.2,4,4,CGGGGATTTGCCACAAGAGT,0,3050040
rcsBp1,0.2,4,4,CGGGCGAAGGTCGGCAATGA,0,3060135
rcsBp1,0.2,4,4,CGGGAGAACGTAAAGGCCAT,0,3025091
rcsBp1,0.2,4,4,CGGGAAACAGTTCTTTGGAC,0,3054280
rcsBp1,0.2,4,4,CGGCTCACTACTTCTGACAA,0,3059500
rcsBp1,0.2,4,4,CGGCTACTCATTGCGTACTT,0,3070255
rcsBp1,0.2,4,4,CGGCGTAAAAAGAAACTCAC,0,3065617
rcsBp1,0.2,4,4,CGGCGCACGGGGTCACGCCA,0,3037840
rcsBp1,0.2,4,4,CGGCCGTGAGAAGGATCAAC,0,3049962
rcsBp1,0.2,4,4,CGGCCCATATAGAGACGGTA,0,3049201
rcsBp1,0.2,4,4,CGGCAGGGTTCAATGCATAT,0,3055660
rcsBp1,0.2,4,4,CGGCACATCATGGGCGCCGA,0,3043809
rcsBp1,0.2,4,4,CGGATTGTATCAAGGGCGTA,0,3042377
rcsBp1,0.2,4,4,CGGAGCGCCCAAGCGGCGGA,0,3055431
rcsBp1,0.2,4,4,CGGACTGGTGATTGTGTAAT,0,3066123
rcsBp1,0.2,4,4,CGCTGACCTATAGACGTGTG,0,3064243
rcsBp1,0.2,4,4,CGCTCCGGCCTTGCGAATGG,0,3056096
rcsBp1,0.2,4,4,CGCGTTATCACGCTCCGGGA,0,3065259
rcsBp1,0.2,4,4,CGCGTGGGCGGGGCCGACCC,0,3064078
rcsBp1,0.2,4,4,CGCGTGGACTCTATAAATAA,0,3063431
rcsBp1,0.2,4,4,CGCGTCCTGGGTCTTGTGAA,0,3070233
rcsBp1,0.2,4,4,CGCGGGGGTTAACGAGCTAC,0,3043495
rcsBp1,0.2,4,4,CGCGGCTGTGCGATTTCATA,0,3028512
rcsBp1,0.2,4,4,CGCGCTTAGGCTAGTTTCTA,0,3056457
rcsBp1,0.2,4,4,CGCGCAGCTAAGACTTCGTG,0,3066517
rcsBp1,0.2,4,4,CGCGACAAAGGGGACGGGGC,0,3043275
rcsBp1,0.2,4,4,CGCCGTGACCGATTTTTGTA,0,3024090
rcsBp1,0.2,4,4,CGCATCTAGGAGCGTGCACG,0,3040512
rcsBp1,0.2,4,4,CGCATCGCTGAGAAGCAGAT,0,3061286
rcsBp1,0.2,4,4,CGCATAGAAGTGATGGTTAC,0,3060139
rcsBp1,0.2,4,4,CGCACGTCCTATTGGTTTGC,0,3066108
rcsBp1,0.2,4,4,CGATTGCGGATTTTTACTGG,0,3060539
rcsBp1,0.2,4,4,CGATGGGAAAGGAGTGAAAC,0,3063348
rcsBp1,0.2,4,4,CGATGCTCTCGTAGCCATGT,0,3073411
rcsBp1,0.2,4,4,CGAGTTTCACGGTATATCCG,0,3070734
rcsBp1,0.2,4,4,CGAGTGGGGTCCAACCGACG,0,3062877
rcsBp1,0.2,4,4,CGACTGGGGAACCGGACGGA,0,3046429
rcsBp1,0.2,4,4,CGACATCCAGGGAAGCCATT,0,3065206
rcsBp1,0.2,4,4,CGACAGGTGGCCCCTCTCCC,0,3069554
rcsBp1,0.2,4,4,CGAAATTTCCGTAATAATAG,0,3048104
rcsBp1,0.2,4,4,CCTTTGCAGTGGGGGCCCTA,0,3038979
rcsBp1,0.2,4,4,CCTTAAGGCCCTTGCAGTCT,0,3031406
rcsBp1,0.2,4,4,CCTGGTACGGGAACATATCG,0,3041150
rcsBp1,0.2,4,4,CCTCTTCTGTAAGAGGATGT,0,3055291
rcsBp1,0.2,4,4,CCTCGCTTCAGGGCACGATT,0,3072041
rcsBp1,0.2,4,4,CCTCGCAGTGAATCCTCGCA,0,3029419
rcsBp1,0.2,4,4,CCTCAGCGTTGATTGGATTC,0,3031183
rcsBp1,0.2,4,4,CCTACAGAACGTTTCGGGAT,0,3054259
rcsBp1,0.2,4,4,CCGTTTGTATTGCCCTTCAC,0,3053514
rcsBp1,0.2,4,4,CCGTTCACAAAGACGCGGGA,0,3063611
rcsBp1,0.2,4,4,CCGTACGAACGTACTAATTT,0,3048281
rcsBp1,0.2,4,4,CCGGTTCTTCGCCGGCCGGA,0,3068199
rcsBp1,0.2,4,4,CCGGTGTTGGTAGAGTATAA,0,3062503
rcsBp1,0.2,4,4,CCGGGTTGGGACCAACACTG,0,3053142
rcsBp1,0.2,4,4,CCGGGGCGTCGGGTTTTGTT,0,3035241
rcsBp1,0.2,4,4,CCGGGCTACGTGTAAATTAG,0,3062364
rcsBp1,0.2,4,4,CCGGCTAGTTCAATGTGTCG,0,3072823
rcsBp1,0.2,4,4,CCGGAGTCCACCGTACGTGT,0,3060878
rcsBp1,0.2,4,4,CCGGAAGTTCGAGTTTGGCA,0,3046408
rcsBp1,0.2,4,4,CCGCCCTCCCAGGAAGTGGC,0,3070361
rcsBp1,0.2,4,4,CCGCCAACTTATTACGATTT,0,3021814
rcsBp1,0.2,4,4,CCGACTGGTGAGTGGCTTGA,0,3055447
rcsBp1,0.2,4,4,CCGACTATGGGAACTTGGGG,0,3028328
rcsBp1,0.2,4,4,CCGACGATCACTCTTCGTAG,0,3036498
rcsBp1,0.2,4,4,CCGAAGGAACGGGTCAATAC,0,3035079
rcsBp1,0.2,4,4,CCCTTCGTCGTTCGCGTAGC,0,3040871
rcsBp1,0.2,4,4,CCCTGGTAATGACGGGCAAC,0,3056069
rcsBp1,0.2,4,4,CCCTAACCAAGGCTCGCCGT,0,3053178
rcsBp1,0.2,4,4,CCCGTGTCGTGTCCTAGGCC,0,3071053
rcsBp1,0.2,4,4,CCCGGTAAATGAAGCAGGAT,0,3062353
rcsBp1,0.2,4,4,CCCGGGGGTTATTCCGTGTG,0,3050833
rcsBp1,0.2,4,4,CCCGCTTAATAACTCAATCC,0,3058104
rcsBp1,0.2,4,4,CCCCTTTGCGAGGCTGGGCT,0,3034439
rcsBp1,0.2,4,4,CCCCTGTACTCGCATAGGGG,0,3070912
rcsBp1,0.2,4,4,CCCCGGCATGTTCTGCGGAC,0,3059241
rcsBp1,0.2,4,4,CCCCGGACTTAATCCCCTTC,0,3058029
rcsBp1,0.2,4,4,CCCCGAGTCATAAGTTCGAG,0,3071620
rcsBp1,0.2,4,4,CCCCATTTGCTTTCAGGGCA,0,3043207
rcsBp1,0.2,4,4,CCCCAAATGCACCTTCCGGT,0,3070881
rcsBp1,0.2,4,4,CCCATCACTGCGTAAAGATG,0,3036818
rcsBp1,0.2,4,4,CCCACTCAGGTCTCATAGGA,0,3043886
rcsBp1,0.2,4,4,CCCAAACAGGGGGGAAAGTC,0,3030137
rcsBp1,0.2,4,4,CCCAAAATCGGGGGTTGCCC,0,3063495
rcsBp1,0.2,4,4,CCATTTACATGGGATATTCA,0,3048074
rcsBp1,0.2,4,4,CCATTCGATTAGCTCCATAT,0,3068342
rcsBp1,0.2,4,4,CCATGCTGCCTGGGCCGTGA,0,3030632
rcsBp1,0.2,4,4,CCATGCATTGTTCACACGGT,0,3042433
rcsBp1,0.2,4,4,CCATACCCTCACTATTGAGT,0,3046458
rcsBp1,0.2,4,4,CCAGGTTCAAAGATAGAGAT,0,3056071
rcsBp1,0.2,4,4,CCAGGGTCTTCGGGACCACG,0,3023063
rcsBp1,0.2,4,4,CCAGCGGGGCTTTGCCCACC,0,3042933
rcsBp1,0.2,4,4,CCAGACGTAGAGTGTGATTC,0,3027783
rcsBp1,0.2,4,4,CCACTGGGAGCTAGAGGGGC,0,3062155
rcsBp1,0.2,4,4,CCACTACTCTTGGCAGTTAT,0,3056693
rcsBp1,0.2,4,4,CCACGGTACGGTCGGATCCT,0,3052761
rcsBp1,0.2,4,4,CCACGCCAAGCAGCAATCGT,0,3072570
rcsBp1,0.2,4,4,CCACATGGGCTCTGGTGCTT,0,3051371
rcsBp1,0.2,4,4,CCAACTCGGCCTATATCGAC,0,3029939
rcsBp1,0.2,4,4,CCAAATCGGAGCATCAACAA,0,3044185
rcsBp1,0.2,4,4,CATTTGGGACCAGGTGCGAA,0,3053947
rcsBp1,0.2,4,4,CATTTAGGAGGGCTTACTCG,0,3052018
rcsBp1,0.2,4,4,CATGTAACAGGTGTTAACGA,0,3059607
rcsBp1,0.2,4,4,CATGGTACCACGTGCGTGCC,0,3023643
rcsBp1,0.2,4,4,CATGGGCACGGGATCTTTCA,0,3058113
rcsBp1,0.2,4,4,CATGCCAAGAGTCAACCCTG,0,3043789
rcsBp1,0.2,4,4,CATGAATGTATTCGTGTCGC,0,3022287
rcsBp1,0.2,4,4,CATCCATCAGCGGTGGAGTT,0,3061495
rcsBp1,0.2,4,4,CATCACTAGACAGAACTCAT,0,3045448
rcsBp1,0.2,4,4,CATATCGCCGACGGGGGGTA,0,3046992
rcsBp1,0.2,4,4,CATAGTTCGCATGAAGGGCA,0,3048420
rcsBp1,0.2,4,4,CATAGTGCCGGGTAATTAAC,0,3047455
rcsBp1,0.2,4,4,CAGTGATGACTGTCGGCCGT,0,3027072
rcsBp1,0.2,4,4,CAGTCTGGGAGAGTTTTCGC,0,3038989
rcsBp1,0.2,4,4,CAGTCCTAGGGGGAGGTCCA,0,3066472
rcsBp1,0.2,4,4,CAGTATCGAAGATAGACTCT,0,3024439
rcsBp1,0.2,4,4,CAGCTTATGGTTGAGTTTTA,0,3037013
rcsBp1,0.2,4,4,CAGCTGGAACATATGAACCG,0,3064050
rcsBp1,0.2,4,4,CAGCTAATTCCGAGGCGACC,0,3070252
rcsBp1,0.2,4,4,CAGCGTGCAAATAACACCTC,0,3031462
rcsBp1,0.2,4,4,CAGCGGGGATTAGTAGCAAC,0,3033955
rcsBp1,0.2,4,4,CAGATAGACTTTTGGAGGTG,0,3031522
rcsBp1,0.2,4,4,CAGACGATAGTCCCGTTCAC,0,3053937
rcsBp1,0.2,4,4,CACTTTCTACACGACCGAGC,0,3034874
rcsBp1,0.2,4,4,CACTGCTCGCTCCCAGCCAT,0,3035553
rcsBp1,0.2,4,4,CACTCCAGGAGATTTTGTGT,0,3029690
rcsBp1,0.2,4,4,CACGTTAAGCAGACATGTTA,0,3041818
rcsBp1,0.2,4,4,CACGTGTCTGTCAGTGCACG,0,3022977
rcsBp1,0.2,4,4,CACGTCAATATAAGATGCGT,0,3033625
rcsBp1,0.2,4,4,CACGTAAGTCGAGATACCTG,0,3063293
rcsBp1,0.2,4,4,CACGGCCAATTATGCGCGTT,0,3038970
rcsBp1,0.2,4,4,CACGCGTATCCTGGAAGCAG,0,3048128
rcsBp1,0.2,4,4,CACCTCTATGTACCCAAAAG,0,3050564
rcsBp1,0.2,4,4,CACCGGGACGTTTGAGGAGG,0,3064348
rcsBp1,0.2,4,4,CACCGCTCGTACGTCTTTAG,0,3038252
rcsBp1,0.2,4,4,CACATTAGGAGTAATGGGTC,0,3049707
rcsBp1,0.2,4,4,CACAACGCAGGGGCATCGTC,0,3029253
rcsBp1,0.2,4,4,CAATTTATAATCGTCTAGTG,0,3052155
rcsBp1,0.2,4,4,CAATGCGGTCTACCTTGATA,0,3031606
rcsBp1,0.2,4,4,CAATCGTATATCCGACGCGT,0,3025550
rcsBp1,0.2,4,4,CAATCAGCTAGTAGCTGTTG,0,3042593
rcsBp1,0.2,4,4,CAAGGTTCTATGCAAACATT,0,3036649
rcsBp1,0.2,4,4,CAAGGCGGTCTTTTGCGAAC,0,3026333
rcsBp1,0.2,4,4,CAACTTCACCTCCTATGAAA,0,3055389
rcsBp1,0.2,4,4,CAAATCGCTAGGGTCTTAGG,0,3040084
rcsBp1,0.2,4,4,CAAAGGCTGGGTGAACTTAG,0,3027432
rcsBp1,0.2,4,4,CAAAGGATGACCTCGATAGA,0,3026610
rcsBp1,0.2,4,4,CAAAATAAGGGCGGGCTGAT,0,3024412
rcsBp1,0.2,4,4,CAAAAGACTTAGCGAGGGCT,0,3027194
rcsBp1,0.2,4,4,ATTTGTGGCGGGGCTGTGAA,0,3061424
rcsBp1,0.2,4,4,ATTTGGAAGATGTTGGACAG,0,3054785
rcsBp1,0.2,4,4,ATTTCCCACCGGCTTGTTCC,0,3034721
rcsBp1,0.2,4,4,ATTTAAAAATGATTAGGAAG,0,3069268
rcsBp1,0.2,4,4,ATTGTTGTTAATCTGGCAAT,0,3072645
rcsBp1,0.2,4,4,ATTGTATCTATAAACCCCTC,0,3028898
rcsBp1,0.2,4,4,ATTGTAGGCAAAGACTCAAT,0,3060391
rcsBp1,0.2,4,4,ATTGGGATTCGGGTACTGAC,0,3066773
rcsBp1,0.2,4,4,ATTGGCTGCGGTTTAAGCGT,0,3064653
rcsBp1,0.2,4,4,ATTGACGCCAGGGTGCTGCC,0,3056426
rcsBp1,0.2,4,4,ATTCGCGTGTCGTCATGCTA,0,3051225
rcsBp1,0.2,4,4,ATTCAGATACTACAGACGCA,0,3022804
rcsBp1,0.2,4,4,ATTACCACAAACAGGTCGAT,0,3032173
rcsBp1,0.2,4,4,ATTAATCGTGTCGGAACACT,0,3037926
rcsBp1,0.2,4,4,ATGTTGGAGTTCTACTTTAC,0,3071068
rcsBp1,0.2,4,4,ATGTTCACGATGACATAAGC,0,3050426
rcsBp1,0.2,4,4,ATGGTTTCCTGTTACACCCT,0,3061098
rcsBp1,0.2,4,4,ATGGCCGCTTTCCTGGGGCT,0,3022579
rcsBp1,0.2,4,4,ATGGATTTCGGAATCCTAAC,0,3038573
rcsBp1,0.2,4,4,ATGGAGATTATTCTCGCCAA,0,3033518
rcsBp1,0.2,4,4,ATGCTTTCCCGTAAGAGCCA,0,3071448
rcsBp1,0.2,4,4,ATGCTAATCTGTAGGGACTA,0,3049432
rcsBp1,0.2,4,4,ATGCCTGCCTCTCCGGAGAG,0,3042283
rcsBp1,0.2,4,4,ATGCACTCGGTTGCGGTGCT,0,3067101
rcsBp1,0.2,4,4,ATGAGGGATCCAGTAAGCAT,0,3031988
rcsBp1,0.2,4,4,ATGACCAGCACTATTTCGTC,0,3036484
rcsBp1,0.2,4,4,ATGAAGTTTTGGTTCGAGGA,0,3071657
rcsBp1,0.2,4,4,ATGAAGATAAGATTTACCGA,0,3025197
rcsBp1,0.2,4,4,ATCTCTAGCCTACGTACGGT,0,3045524
rcsBp1,0.2,4,4,ATCTCGTGTTTATGCCCTCG,0,3034755
rcsBp1,0.2,4,4,ATCGGTCTAGCTTGTGCGGG,0,3061474
rcsBp1,0.2,4,4,ATCGGGAGACAAATGGGCCA,0,3055044
rcsBp1,0.2,4,4,ATCCCGAGTCGGGGAATGCC,0,3048155
rcsBp1,0.2,4,4,ATCATGGATGCAGGATAATT,0,3061330
rcsBp1,0.2,4,4,ATCATGACGCTCGAGCGAAC,0,3054713
rcsBp1,0.2,4,4,ATCAGCATCTCTAGGGAACA,0,3043994
rcsBp1,0.2,4,4,ATCACCAAAGGGTCCTCGGA,0,3023114
rcsBp1,0.2,4,4,ATCAATTGAGTTATCTGAAA,0,3044527
rcsBp1,0.2,4,4,ATCAATGAATTGTTCGTGTG,0,3026227
rcsBp1,0.2,4,4,ATCAAGAGATCATTAGAGTG,0,3067983
rcsBp1,0.2,4,4,ATATTCAACTTTTCTTGAGC,0,3070072
rcsBp1,0.2,4,4,ATATTAGGAGCATCTGTGAT,0,3044435
rcsBp1,0.2,4,4,ATATGATACTGTTCGGCATT,0,3033950
rcsBp1,0.2,4,4,ATATATCTCTCCATAGGACT,0,3041314
rcsBp1,0.2,4,4,ATATAACTCTTCGGAAAATG,0,3055570
rcsBp1,0.2,4,4,ATAGTTGTCGGAATTTAAAT,0,3064503
rcsBp1,0.2,4,4,ATAGAAAGTAAAGGCAATGA,0,3051400
rcsBp1,0.2,4,4,ATACGAAACCCAACAGCTCT,0,3064061
rcsBp1,0.2,4,4,ATAATCGCGGTCCCCCCATA,0,3046233
rcsBp1,0.2,4,4,ATAAACCGCAACCGCTGTCA,0,3060631
rcsBp1,0.2,4,4,ATAAAAATATGTGGGTCAGA,0,3038684
rcsBp1,0.2,4,4,AGTTTTTTGGGAAGTTTGAT,0,3034067
rcsBp1,0.2,4,4,AGTTTCCTCGGGGATCTTAA,0,3053795
rcsBp1,0.2,4,4,AGTTGTGACTGTATTGAGTG,0,3043283
rcsBp1,0.2,4,4,AGTTGTCACCATGGTGGATA,0,3025584
rcsBp1,0.2,4,4,AGTTAAGCCCGGTTGTGGAT,0,3034682
rcsBp1,0.2,4,4,AGTGTCTAGCCAACTTCCAT,0,3023152
rcsBp1,0.2,4,4,AGTGGTGTCGTGATTGAGCT,0,3063141
rcsBp1,0.2,4,4,AGTCCACGAGGAAGGTGGAA,0,3024603
rcsBp1,0.2,4,4,AGTCCAAGCGGTATTATGCG,0,3057801
rcsBp1,0.2,4,4,AGTCAGAATGCATACGGTGA,0,3066052
rcsBp1,0.2,4,4,AGTATTCTGGTCGCTATCAC,0,3023811
rcsBp1,0.2,4,4,AGTATATTGCGTATCAATGC,0,3037702
rcsBp1,0.2,4,4,AGTACCCGCGACGCCAACAA,0,3046879
rcsBp1,0.2,4,4,AGGTTAGTTGATTGGGGCGA,0,3070972
rcsBp1,0.2,4,4,AGGTGTCTGTATATGATTAG,0,3040135
rcsBp1,0.2,4,4,AGGTCCCCGGGCTACCACTA,0,3045835
rcsBp1,0.2,4,4,AGGTATGGGAAAGTATGACA,0,3044202
rcsBp1,0.2,4,4,AGGTAGGCTTTGCGTTGGAT,0,3043152
rcsBp1,0.2,4,4,AGGGGTTAGAGTGCATATCA,0,3045907
rcsBp1,0.2,4,4,AGGGCATAAGTTCTGGTATT,0,3057983
rcsBp1,0.2,4,4,AGGGACGCGAGGCTCGTGAG,0,3045587
rcsBp1,0.2,4,4,AGGCTGCAGACAAATGGTCC,0,3054595
rcsBp1,0.2,4,4,AGGCGACTCCGTCCGTTGAA,0,3064255
rcsBp1,0.2,4,4,AGGCCCAGGGCGGACCGAGA,0,3045697
rcsBp1,0.2,4,4,AGGATTCGTCAGAGGTCTAC,0,3028008
rcsBp1,0.2,4,4,AGGAGACGATACTGCGCACC,0,3054333
rcsBp1,0.2,4,4,AGGACCGCGTGCACGATGAA,0,3049200
rcsBp1,0.2,4,4,AGGAACTCTGCCTTCGGTTT,0,3041743
rcsBp1,0.2,4,4,AGCTGCTATGCGCGATTTAG,0,3050202
rcsBp1,0.2,4,4,AGCTCCTGTTATCCGCAGAG,0,3068071
rcsBp1,0.2,4,4,AGCTACTCATATTTGCTAAC,0,3037288
rcsBp1,0.2,4,4,AGCTACACTTCTTCGATTCC,0,3028822
rcsBp1,0.2,4,4,AGCGTCGCGCTCGGTAGAGG,0,3045310
rcsBp1,0.2,4,4,AGCGACCGCGCAATTGTCGC,0,3036582
rcsBp1,0.2,4,4,AGCGACCAGGAACTGGCGGT,0,3025662
rcsBp1,0.2,4,4,AGCCGTTGTCCCCTTGTGGA,0,3040215
rcsBp1,0.2,4,4,AGCCGTCTGGTGGTCTACAA,0,3045602
rcsBp1,0.2,4,4,AGCCGGGTTTAGCACCACGA,0,3040376
rcsBp1,0.2,4,4,AGCCGAAATGAACATTTCGT,0,3028233
rcsBp1,0.2,4,4,AGCCCGGACAGCCCCTATGA,0,3072945
rcsBp1,0.2,4,4,AGCCCACAGAGGTGTGAGGG,0,3022701
rcsBp1,0.2,4,4,AGCCACCGAGCCTCAGCCGT,0,3067333
rcsBp1,0.2,4,4,AGCCAAGCCGGCGTGAAAAA,0,3062295
rcsBp1,0.2,4,4,AGCCAACGAGCGGTCTAATG,0,3031814
rcsBp1,0.2,4,4,AGCATTGTGACCGGAGGCAG,0,3068033
rcsBp1,0.2,4,4,AGCAGGTCAATTGATCGCCA,0,3069833
rcsBp1,0.2,4,4,AGCAGAAAGTTTTCCAGGAG,0,3065986
rcsBp1,0.2,4,4,AGCAATGTCGCGGTGGCATC,0,3048428
rcsBp1,0.2,4,4,AGCAAGCGGAAGCATTGCGA,0,3068884
rcsBp1,0.2,4,4,AGCAAGAAGGACACGTCCCT,0,3046668
rcsBp1,0.2,4,4,AGATGGGGGTCTCATCCCTC,0,3059831
rcsBp1,0.2,4,4,AGATATATTTGGTCCAAGTA,0,3060483
rcsBp1,0.2,4,4,AGATAGGCCATACCCGGGTT,0,3058054
rcsBp1,0.2,4,4,AGATAAGGACAGATCTACAA,0,3065111
rcsBp1,0.2,4,4,AGAGTTTTCGACTTGCGACG,0,3030940
rcsBp1,0.2,4,4,AGAGTCGTCAAATTTTCCTA,0,3053147
rcsBp1,0.2,4,4,AGAGGGCCGGCTGGGGACAC,0,3029527
rcsBp1,0.2,4,4,AGACTGCGGTCTAGATTAAC,0,3031709
rcsBp1,0.2,4,4,AGACTCACCCGTCTCCGTAA,0,3072957
rcsBp1,0.2,4,4,AGACAGCGAGATATCGGTTT,0,3037824
rcsBp1,0.2,4,4,ACTTTAAATCTAAGGAGCTT,0,3022292
rcsBp1,0.2,4,4,ACTTGTTTAGTTTCACGGGA,0,3042114
rcsBp1,0.2,4,4,ACTTGCGCGAAGCACATAGT,0,3034408
rcsBp1,0.2,4,4,ACTTGAGTCGGGCTCAATAT,0,3069660
rcsBp1,0.2,4,4,ACTTCTTTCTGGTGGGATTA,0,3048590
rcsBp1,0.2,4,4,ACTTCAGCTAACTCTACATA,0,3037694
rcsBp1,0.2,4,4,ACTGGGATCAATTGCACCTA,0,3055276
rcsBp1,0.2,4,4,ACTGGGAAAGTCGGTTCTCG,0,3045076
rcsBp1,0.2,4,4,ACTGGCATATCGGGTCAACG,0,3030705
rcsBp1,0.2,4,4,ACTGCTTCAAACACCGTGAG,0,3050550
rcsBp1,0.2,4,4,ACTGCAATAGTAATCGCGGC,0,3057641
rcsBp1,0.2,4,4,ACGTTCTGGCCGTCACATCA,0,3027603
rcsBp1,0.2,4,4,ACGTCGTAGGCGACCTCACT,0,3062465
rcsBp1,0.2,4,4,ACGTAGCTGACTTGGGCTTC,0,3022100
rcsBp1,0.2,4,4,ACGTAAGGCAGCCCGCCCTT,0,3029448
rcsBp1,0.2,4,4,ACGTAAAGTCCTGATTCCTG,0,3038544
rcsBp1,0.2,4,4,ACGGTATATTCCCGGCCTTT,0,3036551
rcsBp1,0.2,4,4,ACGGGGCAACCGGCCGATGA,0,3041930
rcsBp1,0.2,4,4,ACGGATGCCTTGCAATGTTT,0,3073732
rcsBp1,0.2,4,4,ACGGAATTATCCCATAGTGA,0,3046860
rcsBp1,0.2,4,4,ACGCGAGGGCTCGTTCTTAA,0,3040869
rcsBp1,0.2,4,4,ACGCCTCCTAATTCCCGCGC,0,3057111
rcsBp1,0.2,4,4,ACGCCGCCACTGAATGTAAC,0,3041897
rcsBp1,0.2,4,4,ACGCATACGAACATCGAGCA,0,3039008
rcsBp1,0.2,4,4,ACGCACGGGACGTACCCTGC,0,3033320
rcsBp1,0.2,4,4,ACGCACCTCACGGTGATCAA,0,3024066
rcsBp1,0.2,4,4,ACGAATAACGCTAAATAATT,0,3052440
rcsBp1,0.2,4,4,ACGAACCGGTCACTAAAGCG,0,3063791
rcsBp1,0.2,4,4,ACCTTGCGTGATGTCGTTGG,0,3067162
rcsBp1,0.2,4,4,ACCTCGCCGACAATTTAGGA,0,3040556
rcsBp1,0.2,4,4,ACCTACGGGACCTGACGCAT,0,3060959
rcsBp1,0.2,4,4,ACCGGTGATCTGCGAGAGTC,0,3052533
rcsBp1,0.2,4,4,ACCGCGCTCAGTTTCCGGAC,0,3066171
rcsBp1,0.2,4,4,ACCGATAGATCCAGCCCTTT,0,3025860
rcsBp1,0.2,4,4,ACCCTGCGCGCTGAATGTGC,0,3043542
rcsBp1,0.2,4,4,ACCCGTGATAAAGTCCCGAC,0,3055326
rcsBp1,0.2,4,4,ACCCGAGCGAAAGACTATGT,0,3071148
rcsBp1,0.2,4,4,ACCATTTCAGGTCTTGATCG,0,3027721
rcsBp1,0.2,4,4,ACCATCGGACGACGAGAGGT,0,3034717
rcsBp1,0.2,4,4,ACCACTGAGATGGATCCTAT,0,3050512
rcsBp1,0.2,4,4,ACCAATAGATCGACATCGTA,0,3047832
rcsBp1,0.2,4,4,ACCAAACGACTCGGGTGCAT,0,3065036
rcsBp1,0.2,4,4,ACCAAAACTCAAGCAGCTGA,0,3042561
rcsBp1,0.2,4,4,ACATCGCGGGAATGCGTAGC,0,3068169
rcsBp1,0.2,4,4,ACATAATGTTGAATAAGAGA,0,3056582
rcsBp1,0.2,4,4,ACAGGGGTACCTCAAACCAC,0,3054190
rcsBp1,0.2,4,4,ACAGAAGCATAAACCCACCA,0,3037331
rcsBp1,0.2,4,4,ACACTTGCGTCGCTGCAAAG,0,3058891
rcsBp1,0.2,4,4,ACACCGTAAGCGTTGTTGGC,0,3057265
rcsBp1,0.2,4,4,ACAAGTCTCGGCTAAAAGTG,0,3034780
rcsBp1,0.2,4,4,ACAAGCAAGATGAAGCCGCA,0,3023477
rcsBp1,0.2,4,4,ACAACAATGGAATGCCGCTT,0,3033639
rcsBp1,0.2,4,4,AATTGGCCGAGGCAAACGGC,0,3024654
rcsBp1,0.2,4,4,AATTGCACAGCTAGAAATTG,0,3046684
rcsBp1,0.2,4,4,AATTCGCCCGCAAACGGATA,0,3027584
rcsBp1,0.2,4,4,AATTATCATAATATCGCGGT,0,3039014
rcsBp1,0.2,4,4,AATGTAGCTGATCTGGCACG,0,3064303
rcsBp1,0.2,4,4,AATGGAGTCCCCCGATTCGG,0,3058996
rcsBp1,0.2,4,4,AATGCCCCTGCCTAGAGGGT,0,3061829
rcsBp1,0.2,4,4,AATGCACGATTCCAGACGTA,0,3026387
rcsBp1,0.2,4,4,AATCCGGCACGTCATTCCGT,0,3031558
rcsBp1,0.2,4,4,AATCCACGGAATGAGTGTTG,0,3059099
rcsBp1,0.2,4,4,AATCAGAAAGCGCAATATAA,0,3041876
rcsBp1,0.2,4,4,AATAGCTCGCGTTTGCGCGG,0,3040128
rcsBp1,0.2,4,4,AATAATTTCCAGATATGGCT,0,3054442
rcsBp1,0.2,4,4,AAGTTGGGCTCTCTACATCG,0,3065305
rcsBp1,0.2,4,4,AAGTGGCACCGGATGCATTA,0,3038984
rcsBp1,0.2,4,4,AAGTCGGCTGACGGGGTTTG,0,3049503
rcsBp1,0.2,4,4,AAGTATGAGCAAGCGAATAC,0,3050805
rcsBp1,0.2,4,4,AAGGTCTCGCCACATGGACC,0,3038802
rcsBp1,0.2,4,4,AAGGTCCGTCCTACTATTAA,0,3039886
rcsBp1,0.2,4,4,AAGGGGGCAGCAATATGTGA,0,3060951
rcsBp1,0.2,4,4,AAGGCGCACTCCAAGGACAG,0,3049729
rcsBp1,0.2,4,4,AAGGCGACCCCCGAGGAAAT,0,3038375
rcsBp1,0.2,4,4,AAGGCATTCTGGGTCGCCAT,0,3032397
rcsBp1,0.2,4,4,AAGGCACGGCGTGCACTAAG,0,3028938
rcsBp1,0.2,4,4,AAGGACTTGTTAATACGGGG,0,3064606
rcsBp1,0.2,4,4,AAGCTGTCATGGCTGTCCCA,0,3045966
rcsBp1,0.2,4,4,AAGCTACTGCCGACACTGGG,0,3058548
rcsBp1,0.2,4,4,AAGAGTATAATTGTGTAGGT,0,3036072
rcsBp1,0.2,4,4,AAGACCCCGACCTGGATGGA,0,3067433
rcsBp1,0.2,4,4,AACTTAAGCTTCGACCTACT,0,3027527
rcsBp1,0.2,4,4,AACTGGGCGCAGGTTTACAC,0,3049132
rcsBp1,0.2,4,4,AACTACAAATGTGCGTTATG,0,3026060
rcsBp1,0.2,4,4,AACGTGTGCGCGAAATATGG,0,3049489
rcsBp1,0.2,4,4,AACGGGGGTCTCCCCTGCAT,0,3051761
rcsBp1,0.2,4,4,AACGGGACCTTTGTAGTGTC,0,3036426
rcsBp1,0.2,4,4,AACGGCTCCCAGAAAAACAC,0,3055290
rcsBp1,0.2,4,4,AACGATACCAGGGGCTAATT,0,3034560
rcsBp1,0.2,4,4,AACCTGATCCGCCACACGAA,0,3043798
rcsBp1,0.2,4,4,AACCGAGTGAGGTTAGGGCA,0,3028063
rcsBp1,0.2,4,4,AACCCGAATAAGTGTCTATA,0,3059142
rcsBp1,0.2,4,4,AACCCCTGGGAGGCATGACT,0,3036495
rcsBp1,0.2,4,4,AACCATGGGGCGATCTAGAA,0,3046497
rcsBp1,0.2,4,4,AACCAGGGCCAGTTCACTTC,0,3053583
rcsBp1,0.2,4,4,AACATCGCTGGCGGACGCGA,0,3043478
rcsBp1,0.2,4,4,AACACGAATAGTCCTCTAGG,0,3052051
rcsBp1,0.2,4,4,AAATGTCTAACAGATGAAAA,0,3026650
rcsBp1,0.2,4,4,AAATCCCGACAAATTGCTGA,0,3031512
rcsBp1,0.2,4,4,AAATACTATTTGCATTGCCC,0,3031797
rcsBp1,0.2,4,4,AAAGGTTAGAATGTTTCGCC,0,3051621
rcsBp1,0.2,4,4,AAAGAGTTTTCATATTACAA,0,3071622
rcsBp1,0.2,4,4,AAACTGCCGAAGCTGTGTCT,0,3050849
rcsBp1,0.2,4,4,AAACCTTGAGCGTCGCCTTG,0,3058115
rcsBp1,0.2,4,4,AAACCGCAATAGGGGCAGGA,0,3059993
rcsBp1,0.2,4,4,AAACCCACCTGAGCAGTTTG,0,3064228
rcsBp1,0.2,4,4,AAACCATCACCCGTCGCAGA,0,3033569
rcsBp1,0.2,4,4,AAACATCCCACACGACCATG,0,3051112
rcsBp1,0.2,4,4,AAACAAGAACCATCTTGATA,0,3047830
rcsBp1,0.2,4,4,AAAATGTTGCCGATCCTAAA,0,3027392
rcsBp1,0.2,4,4,AAAAGTCCAAATCAAATCTT,0,3059835
rcsBp1,0.2,4,4,AAAAAGACGCAGGGTCTCGG,0,3050016
rcsBp1,0.2,4,4,AAAAAAATAGTAAAGTATCA,0,3046545
rcsBp1,0.25,3,3,TTTTTCGCAGCATTTCGCTT,0,3045455
rcsBp1,0.25,3,3,TTTTCTCCGCGACGCGAAGT,0,3068074
rcsBp1,0.25,3,3,TTTTCAGAGGACCGTAGAAT,0,3050478
rcsBp1,0.25,3,3,TTTTATCAATGTTAAGACAT,0,3026684
rcsBp1,0.25,3,3,TTTTAGACGCGCATCCATGC,0,3066751
rcsBp1,0.25,3,3,TTTGTAAAGTTAGGCCATTC,0,3071943
rcsBp1,0.25,3,3,TTTGGTCGTGGATAGATCTC,0,3030451
rcsBp1,0.25,3,3,TTTGCCTTGATCGGGTTTCC,0,3055358
rcsBp1,0.25,3,3,TTTGCCCCTGCGATGATAAA,0,3053957
rcsBp1,0.25,3,3,TTTGAGAACCACCCATAAAT,0,3064201
rcsBp1,0.25,3,3,TTTCCTCCTTTAGCTACCTT,0,3050086
rcsBp1,0.25,3,3,TTTCACAGGCGCTACGTCCG,0,3052177
rcsBp1,0.25,3,3,TTTACTGTGCCTGACTCAAT,0,3034775
rcsBp1,0.25,3,3,TTTACCTGAATTGATATAGG,0,3049483
rcsBp1,0.25,3,3,TTTACCGGGTATCAGCACTT,0,3065089
rcsBp1,0.25,3,3,TTTAATTGCATAATAGCGGT,0,3038919
rcsBp1,0.25,3,3,TTGTGGGGACCCAATACCGT,0,3069175
rcsBp1,0.25,3,3,TTGTCATCCGTTCCACTAAA,0,3042374
rcsBp1,0.25,3,3,TTGGTCTATCGTGGGGTAAC,0,3055775
rcsBp1,0.25,3,3,TTGGTAACTGGATGCCTAGT,0,3037940
rcsBp1,0.25,3,3,TTGGCGCTTAGTACGTGCCA,0,3052976
rcsBp1,0.25,3,3,TTGGATATTGGGCACTGCTC,0,3040346
rcsBp1,0.25,3,3,TTGGAGGCCAGTGTGAGAAC,0,3051207
rcsBp1,0.25,3,3,TTGGAAGACTAAAATCGGAA,0,3053046
rcsBp1,0.25,3,3,TTGCGCGTGTACGACGCGGC,0,3048169
rcsBp1,0.25,3,3,TTGCCTTAGCACGCCAAAAG,0,3027316
rcsBp1,0.25,3,3,TTGCCCTCAGGCGGACGCCA,0,3066236
rcsBp1,0.25,3,3,TTGATATGCAGTCGTGGCAC,0,3065262
rcsBp1,0.25,3,3,TTGAACATCTTGTCCAATAG,0,3046285
rcsBp1,0.25,3,3,TTCTTTGCCTAACAACTTCG,0,3039131
rcsBp1,0.25,3,3,TTCGGCTCACGCCTCGGCTG,0,3027434
rcsBp1,0.25,3,3,TTCGCATAAGTTTGACGGGA,0,3031603
rcsBp1,0.25,3,3,TTCGAATAGCAAGAAGATCT,0,3040317
rcsBp1,0.25,3,3,TTCCAGGCTTACAGCTGGTT,0,3041435
rcsBp1,0.25,3,3,TTCATCAACAGGTGGAATTG,0,3073119
rcsBp1,0.25,3,3,TTATTTGTCCCACTATTTGT,0,3055813
rcsBp1,0.25,3,3,TTATGGAGCAGGACGTTTCG,0,3061519
rcsBp1,0.25,3,3,TTATGATCGCATAGGGAGAC,0,3043224
rcsBp1,0.25,3,3,TTATCTACAGTCCGACGAGG,0,3070965
rcsBp1,0.25,3,3,TTATCTACAAGGTACGACCA,0,3040697
rcsBp1,0.25,3,3,TTATCCGCTGTTCTGGCTTA,0,3071920
rcsBp1,0.25,3,3,TTATCCCCATACGATGAGGT,0,3053799
rcsBp1,0.25,3,3,TTATAATCCGTCCGCACCTC,0,3061261
rcsBp1,0.25,3,3,TTAGGGATGCGGCTCTACAC,0,3033300
rcsBp1,0.25,3,3,TTAGCTGGGCTTTCAGTTAA,0,3033346
rcsBp1,0.25,3,3,TTAGCTGATACCTGCAGTCA,0,3035350
rcsBp1,0.25,3,3,TTACGGGTAAAATGACTCCC,0,3053543
rcsBp1,0.25,3,3,TTACGGAGCCCCTCACTGGT,0,3071103
rcsBp1,0.25,3,3,TTACCTCTTTGTTATTCATC,0,3061529
rcsBp1,0.25,3,3,TTACCTCTATTTACATTTGA,0,3037898
rcsBp1,0.25,3,3,TTAATGTTGACGCACGCGCA,0,3068327
rcsBp1,0.25,3,3,TTAATCCATTGCTGACATTA,0,3042796
rcsBp1,0.25,3,3,TTAATACGCGTGGGTTTACA,0,3068270
rcsBp1,0.25,3,3,TTAAATTTCAGCATAGGTGG,0,3064920
rcsBp1,0.25,3,3,TTAAATCGGGTCTGTTATGC,0,3049439
rcsBp1,0.25,3,3,TGTTTTCGGCTGTATTTTCC,0,3061601
rcsBp1,0.25,3,3,TGTTTGGGTAAAAGTGATCG,0,3070522
rcsBp1,0.25,3,3,TGTTGGAAAGCCGGAAACGT,0,3042435
rcsBp1,0.25,3,3,TGTTATGCCAGGGTGTTGTT,0,3058332
rcsBp1,0.25,3,3,TGTGTTGAAGATAAAGAGGA,0,3059409
rcsBp1,0.25,3,3,TGTGGAGCCGATCTTAAAAC,0,3050695
rcsBp1,0.25,3,3,TGTCTTTGTCCCATTGCTGA,0,3059756
rcsBp1,0.25,3,3,TGTCTAACGATATAATGTAG,0,3071359
rcsBp1,0.25,3,3,TGTCGGTTTGTAAGGGCTAG,0,3053173
rcsBp1,0.25,3,3,TGTCACCGCGGTCTACTTCG,0,3037954
rcsBp1,0.25,3,3,TGTCAATCATTAGTAATATG,0,3049038
rcsBp1,0.25,3,3,TGTATTCAACGAATACTATT,0,3047032
rcsBp1,0.25,3,3,TGTATCTTTAGTCACCTGGA,0,3043395
rcsBp1,0.25,3,3,TGTATCGCTCGTCTAGTCTC,0,3027317
rcsBp1,0.25,3,3,TGTATATTTACAACGTCCAT,0,3052062
rcsBp1,0.25,3,3,TGTAGGTCATGGGTCGTGCG,0,3022486
rcsBp1,0.25,3,3,TGTAGCGGCGTACGTATTTG,0,3035887
rcsBp1,0.25,3,3,TGTAGAATGTGTCGGGTTGT,0,3027377
rcsBp1,0.25,3,3,TGTAATACCATCAGCTCCCA,0,3051471
rcsBp1,0.25,3,3,TGGTTTCACAGGTTAAACGG,0,3022953
rcsBp1,0.25,3,3,TGGTTGTAGGTTGGTTCGTT,0,3071870
rcsBp1,0.25,3,3,TGGTTCTTGCTGAAAACGCA,0,3046128
rcsBp1,0.25,3,3,TGGTAGTCAAGGACAATTAA,0,3044348
rcsBp1,0.25,3,3,TGGGTGGTTCGTTCGGTATG,0,3050801
rcsBp1,0.25,3,3,TGGGTGCGTTTGCCGCAGCG,0,3069585
rcsBp1,0.25,3,3,TGGGGAGCGAGGGCACTTCC,0,3043625
rcsBp1,0.25,3,3,TGGGATAAGTAGTTTCCTTC,0,3035886
rcsBp1,0.25,3,3,TGGGACGGGGTGTTCTGCCT,0,3072775
rcsBp1,0.25,3,3,TGGGACGAATCTTGTATTGC,0,3028052
rcsBp1,0.25,3,3,TGGCTGGTTCAAGAAGGCGC,0,3061946
rcsBp1,0.25,3,3,TGGCTGCGGGGCTCTACTGG,0,3063814
rcsBp1,0.25,3,3,TGGCCCGCGCTTGTCGTGAC,0,3060156
rcsBp1,0.25,3,3,TGGCCATTCCGTCATCGGGT,0,3028502
rcsBp1,0.25,3,3,TGGCATTGAGAGTCCTCTAT,0,3051816
rcsBp1,0.25,3,3,TGGCATGTCCCCCGAATTAT,0,3059965
rcsBp1,0.25,3,3,TGGATATCTGGTGGAGGCAT,0,3057869
rcsBp1,0.25,3,3,TGGAGGCTATGAGCCGGGAG,0,3056128
rcsBp1,0.25,3,3,TGGACTGTCCTAAAACTTTC,0,3042379
rcsBp1,0.25,3,3,TGGACGCAGCTAGTCTACTC,0,3059540
rcsBp1,0.25,3,3,TGGAACCCAGGACCAGCGAA,0,3031083
rcsBp1,0.25,3,3,TGCTATCAAATTGTCTACGT,0,3073109
rcsBp1,0.25,3,3,TGCGTGCGACGCGAGTGTAG,0,3050999
rcsBp1,0.25,3,3,TGCGGTACACATCATCACAG,0,3034632
rcsBp1,0.25,3,3,TGCGGGGGTTTCTCACCCGT,0,3060770
rcsBp1,0.25,3,3,TGCCTGAGCCTTTTACTAAG,0,3037883
rcsBp1,0.25,3,3,TGCCGGTAGTGATCGGAGAG,0,3040185
rcsBp1,0.25,3,3,TGCCGCTTAGACATTATCGA,0,3029852
rcsBp1,0.25,3,3,TGCATATCTGCCGTCATGGC,0,3060402
rcsBp1,0.25,3,3,TGCAGTCACGTTTAGTCAAA,0,3052608
rcsBp1,0.25,3,3,TGCACCCGAACCAACTGTCC,0,3057661
rcsBp1,0.25,3,3,TGCAATCGTAATGTCATCCA,0,3063480
rcsBp1,0.25,3,3,TGCAAGGAAGCTCTCATTAC,0,3040901
rcsBp1,0.25,3,3,TGCAAATATAGGCACCACAA,0,3031557
rcsBp1,0.25,3,3,TGATGCTTGCCATTAGCTCG,0,3057592
rcsBp1,0.25,3,3,TGATCCGCGTTCTAATGCTG,0,3061299
rcsBp1,0.25,3,3,TGATAGCTGAAGCGGTAATA,0,3038137
rcsBp1,0.25,3,3,TGAGTTAACGATGAAACGGC,0,3069270
rcsBp1,0.25,3,3,TGAGTATACCACGTTACCCC,0,3024341
rcsBp1,0.25,3,3,TGAGCACCATTGCGATGAGT,0,3071836
rcsBp1,0.25,3,3,TGAGAGCAGACGATTTGGTA,0,3073345
rcsBp1,0.25,3,3,TGAGACACCTCCGCCCTTTT,0,3043166
rcsBp1,0.25,3,3,TGACGACTAAGCTGAACGAA,0,3063524
rcsBp1,0.25,3,3,TGACCACGCTCACTATTCAC,0,3035232
rcsBp1,0.25,3,3,TGAATATAGACAAAAGGACT,0,3068847
rcsBp1,0.25,3,3,TGAAGCTTTGTACTGGCTCA,0,3046410
rcsBp1,0.25,3,3,TGAAAGCGGGTAGTTTCCTT,0,3042686
rcsBp1,0.25,3,3,TCTTTTTTCTTGGGTTATAT,0,3067645
rcsBp1,0.25,3,3,TCTTTACTTTTTACCCCGAG,0,3053268
rcsBp1,0.25,3,3,TCTTCTCGCGAATAGAGGAA,0,3030274
rcsBp1,0.25,3,3,TCTGGTGGAATCAATGGGCA,0,3037243
rcsBp1,0.25,3,3,TCTGGGAGTCATGTGTGGCA,0,3038416
rcsBp1,0.25,3,3,TCTGGGAAACTGGGGTGAAC,0,3066737
rcsBp1,0.25,3,3,TCTGCTTAATCAGGTATCCG,0,3067002
rcsBp1,0.25,3,3,TCTGCTCGATGACCTTGAAC,0,3047031
rcsBp1,0.25,3,3,TCTGCGATGATGCATATTTG,0,3026390
rcsBp1,0.25,3,3,TCTCTTCCTAGCGGCGACAG,0,3051361
rcsBp1,0.25,3,3,TCTCTAGCCCCGCGTCATTT,0,3027022
rcsBp1,0.25,3,3,TCTCCCCTTCATTCTCCTAT,0,3031329
rcsBp1,0.25,3,3,TCTACTACATAAATGCTCCC,0,3052868
rcsBp1,0.25,3,3,TCGTTCATATCGTTCTTCCA,0,3050698
rcsBp1,0.25,3,3,TCGTTACATCGTTTATAAGG,0,3057048
rcsBp1,0.25,3,3,TCGTGACGAAGAACCTTGAA,0,3035426
rcsBp1,0.25,3,3,TCGTGAACTCCTCTGACATG,0,3021992
rcsBp1,0.25,3,3,TCGTATCGAGGGCCAAGTAA,0,3067552
rcsBp1,0.25,3,3,TCGGTCACTAGGACAGCGCA,0,3023654
rcsBp1,0.25,3,3,TCGGGCGTGTAGGACGCCCA,0,3024098
rcsBp1,0.25,3,3,TCGGCTGTAATATCGTAGTC,0,3034997
rcsBp1,0.25,3,3,TCGGCGGAGCCGGGTTGAGG,0,3072663
rcsBp1,0.25,3,3,TCGGATAGGGCTAGAGTTAT,0,3061263
rcsBp1,0.25,3,3,TCGGAGGGGTTTGCCGAAAT,0,3041126
rcsBp1,0.25,3,3,TCGGAGATCTAAGTCGAAAG,0,3073239
rcsBp1,0.25,3,3,TCGGACGTAGTGTACAACCC,0,3072973
rcsBp1,0.25,3,3,TCGCTGTGGGCGTAGCATGG,0,3034022
rcsBp1,0.25,3,3,TCGCGGATAGTACCCACGGG,0,3068866
rcsBp1,0.25,3,3,TCGCCGTAGGTCGCCCGCCC,0,3051063
rcsBp1,0.25,3,3,TCGCCGGCGTCCAGGGGATA,0,3065191
rcsBp1,0.25,3,3,TCGCCGCCCCGAAGTAATTT,0,3064816
rcsBp1,0.25,3,3,TCGCACTTAGGACGGCTACC,0,3056067
rcsBp1,0.25,3,3,TCGAAGGTGCAGAACTAAGT,0,3040042
rcsBp1,0.25,3,3,TCCTGCGTGCTTGCGGTTGG,0,3029042
rcsBp1,0.25,3,3,TCCTATGCCGCACAGTAACA,0,3058670
rcsBp1,0.25,3,3,TCCGTATGGATCGCCCCTAC,0,3055424
rcsBp1,0.25,3,3,TCCGGGTGTGCGGGCAACTG,0,3057755
rcsBp1,0.25,3,3,TCCGGGCCTCACGGAACCCA,0,3034586
rcsBp1,0.25,3,3,TCCGCGCTACTGTCGGTTAG,0,3060170
rcsBp1,0.25,3,3,TCCGAACGTCTGGGACTAAC,0,3032742
rcsBp1,0.25,3,3,TCCCTACAATGACAACTACA,0,3069977
rcsBp1,0.25,3,3,TCCCGGTTTAACTTGCGCCC,0,3057357
rcsBp1,0.25,3,3,TCCCCTATTATTTGATGAGT,0,3064339
rcsBp1,0.25,3,3,TCCCATTCAGTAGGTAACGC,0,3040170
rcsBp1,0.25,3,3,TCCATGTTCCCCGCGTTCTG,0,3039614
rcsBp1,0.25,3,3,TCCACCATCTGCGGCGCGAC,0,3029243
rcsBp1,0.25,3,3,TCCAATGAATCGGCCGCAAA,0,3024478
rcsBp1,0.25,3,3,TCCAATAGCCGTATCCTCCG,0,3061419
rcsBp1,0.25,3,3,TCCAACCGTTCCGGGGGCAA,0,3051919
rcsBp1,0.25,3,3,TCATTTTTCGTAATACTATC,0,3062993
rcsBp1,0.25,3,3,TCATTTATCTTGAGCTGTTT,0,3038087
rcsBp1,0.25,3,3,TCATCGTGGGAGAAGCCGAG,0,3072032
rcsBp1,0.25,3,3,TCATATCTATTTTGTATTCC,0,3026720
rcsBp1,0.25,3,3,TCAGTACACGGACAGCGTCG,0,3029467
rcsBp1,0.25,3,3,TCAGGACCCTGGTCCCTATA,0,3061483
rcsBp1,0.25,3,3,TCACGTCCGGGCAGCTGTAG,0,3050955
rcsBp1,0.25,3,3,TCACAGTCTTAGAGAACAGA,0,3058610
rcsBp1,0.25,3,3,TCAATGATGGTGAGACGAGT,0,3049163
rcsBp1,0.25,3,3,TCAATCAACCGTGCTGGCTA,0,3038295
rcsBp1,0.25,3,3,TCAAGCTTCGTGTGAGCCTT,0,3053313
rcsBp1,0.25,3,3,TCAACTTCGGACCGGTGGAA,0,3053638
rcsBp1,0.25,3,3,TCAAACTGGCTGCGAAGGGT,0,3029622
rcsBp1,0.25,3,3,TCAAAACCGGGAGCTCTCGA,0,3034715
rcsBp1,0.25,3,3,TATTGGTAAGAATCGAGTAG,0,3072007
rcsBp1,0.25,3,3,TATTGAGTCTTTTCGTGAAT,0,3049470
rcsBp1,0.25,3,3,TATTAGTTATTGCCTCTTGT,0,3043788
rcsBp1,0.25,3,3,TATGGGATAAGCATGGAACG,0,3039077
rcsBp1,0.25,3,3,TATGCACAGCAGCATTAATA,0,3023128
rcsBp1,0.25,3,3,TATCGTGCGGTTCAGTACAT,0,3068567
rcsBp1,0.25,3,3,TATATTCGCGGTCGGCCGGT,0,3056638
rcsBp1,0.25,3,3,TATATCGCTAAGACGCTCGC,0,3043760
rcsBp1,0.25,3,3,TATAGACCATTTGCTGAAAT,0,3051176
rcsBp1,0.25,3,3,TATACTCGCATTAAGTATTT,0,3049364
rcsBp1,0.25,3,3,TATACGTCGCAGGGTGACAG,0,3036228
rcsBp1,0.25,3,3,TATACCTCCGCTGGAAAGTT,0,3055996
rcsBp1,0.25,3,3,TATAAGAATTGACAATTTTC,0,3038011
rcsBp1,0.25,3,3,TAGGTGAAGCGGTGTGGATT,0,3027573
rcsBp1,0.25,3,3,TAGGTACAAAGGTTATGGCG,0,3033794
rcsBp1,0.25,3,3,TAGGGGGTCATCTGTTCGGC,0,3068559
rcsBp1,0.25,3,3,TAGGCGTGACATGTATTATA,0,3052766
rcsBp1,0.25,3,3,TAGGCGAGTACGTTACCATA,0,3050279
rcsBp1,0.25,3,3,TAGGCCCATCGAATAGAACT,0,3068198
rcsBp1,0.25,3,3,TAGGATCAACTGAGGCTCAG,0,3042075
rcsBp1,0.25,3,3,TAGGAGCGTATATGAAATCT,0,3039243
rcsBp1,0.25,3,3,TAGCTGTTTTTGACCCGGCA,0,3070870
rcsBp1,0.25,3,3,TAGCGATGGGTCGGCCACGC,0,3040487
rcsBp1,0.25,3,3,TAGCGACGAATAATTAGCCG,0,3036878
rcsBp1,0.25,3,3,TAGCCGCGAAGTTGGGTACG,0,3068261
rcsBp1,0.25,3,3,TAGCAGATGCGCATCGCAAA,0,3049016
rcsBp1,0.25,3,3,TAGAGGCGTCGATGTCGGGG,0,3059070
rcsBp1,0.25,3,3,TAGACATATCCCCTCTGGTA,0,3051724
rcsBp1,0.25,3,3,TACTGTAGCACGGGTCATCT,0,3040948
rcsBp1,0.25,3,3,TACTGGGGACTAGTGTAAAC,0,3058165
rcsBp1,0.25,3,3,TACTGCTTGCACGGGTGCTG,0,3027980
rcsBp1,0.25,3,3,TACTCGGAGATGGGCGTGAC,0,3036733
rcsBp1,0.25,3,3,TACGTGGCCATCGTATCGAA,0,3033241
rcsBp1,0.25,3,3,TACGGCGAAGCGTATTCGAG,0,3066513
rcsBp1,0.25,3,3,TACGACATATTTATAAATTT,0,3029572
rcsBp1,0.25,3,3,TACGAACTACAGGGCACCGT,0,3071917
rcsBp1,0.25,3,3,TACCTCCGGAACTTCTTCGT,0,3028268
rcsBp1,0.25,3,3,TACCGGTAGCCCATAGGGAA,0,3038462
rcsBp1,0.25,3,3,TACCGAGTGGTGATACGTCT,0,3046400
rcsBp1,0.25,3,3,TACAAGATTCAGTACACAAA,0,3053793
rcsBp1,0.25,3,3,TACAACTCAGTGGGCATCGA,0,3057741
rcsBp1,0.25,3,3,TAATTCCCGACGGCTGTATT,0,3061971
rcsBp1,0.25,3,3,TAATTCCCCATTGCAATCTT,0,3042355
rcsBp1,0.25,3,3,TAATGATACTTCTTTCCGTT,0,3064029
rcsBp1,0.25,3,3,TAAGATTTAACTTGACCGCG,0,3039987
rcsBp1,0.25,3,3,TAACGCTCAAAAGAAGAACA,0,3069272
rcsBp1,0.25,3,3,TAACGCTAGCTAACTATCTT,0,3026523
rcsBp1,0.25,3,3,TAAACGCGGATTGCAGCAAT,0,3058691
rcsBp1,0.25,3,3,GTTTTTCAGAGTCCCGGAAA,0,3041439
rcsBp1,0.25,3,3,GTTTTGCTTTACTTGTATGT,0,3039312
rcsBp1,0.25,3,3,GTTTTCATCTGTCGTTCTTC,0,3055394
rcsBp1,0.25,3,3,GTTTCACTCGTTCACATGAC,0,3036771
rcsBp1,0.25,3,3,GTTTATAGTCGCGCATAAGA,0,3032031
rcsBp1,0.25,3,3,GTTGTCTGAGTTAACAAATG,0,3070484
rcsBp1,0.25,3,3,GTTGTACGCTTCCTCGTACT,0,3037855
rcsBp1,0.25,3,3,GTTGGTAATCGGCACATGTA,0,3069548
rcsBp1,0.25,3,3,GTTGCTTCAATCACAAAAGG,0,3038877
rcsBp1,0.25,3,3,GTTGCGGGTCCAAAACGATT,0,3046331
rcsBp1,0.25,3,3,GTTGCATGCGTAACGGCACA,0,3052307
rcsBp1,0.25,3,3,GTTGAGCCCCCATTTACCAG,0,3026582
rcsBp1,0.25,3,3,GTTCCGGGGACTTTCCTATC,0,3069468
rcsBp1,0.25,3,3,GTTATCCTGAATTGTGGAAG,0,3064118
rcsBp1,0.25,3,3,GTTAACGCGTGGGAAACGTG,0,3025939
rcsBp1,0.25,3,3,GTGTTGATGATGCATTGTGA,0,3047676
rcsBp1,0.25,3,3,GTGTGCACTACATCCGTCTT,0,3067330
rcsBp1,0.25,3,3,GTGTCCTATCGACTTAAACC,0,3046056
rcsBp1,0.25,3,3,GTGTCATAGCAATTCGAGCA,0,3039612
rcsBp1,0.25,3,3,GTGGTTTATCTCACAGAGTA,0,3055126
rcsBp1,0.25,3,3,GTGGTTGGGCCAGTTAGTAT,0,3059450
rcsBp1,0.25,3,3,GTGGTACTCGGACCTACCAC,0,3056059
rcsBp1,0.25,3,3,GTGGCACCTATTATCATCCC,0,3072438
rcsBp1,0.25,3,3,GTGGATCCCGCTCTCTGCGG,0,3057173
rcsBp1,0.25,3,3,GTGCTGGTACTCTGTAGTCT,0,3066778
rcsBp1,0.25,3,3,GTGCGTGCTCTCGAAGTGGA,0,3063900
rcsBp1,0.25,3,3,GTGCGGTCAACTTGTACTGG,0,3060690
rcsBp1,0.25,3,3,GTGCCAGATGCAGGCGCATA,0,3031956
rcsBp1,0.25,3,3,GTGCATTGACGCGAATGTAA,0,3049875
rcsBp1,0.25,3,3,GTGATCAATGAGCCATCTCA,0,3056277
rcsBp1,0.25,3,3,GTGACTGTTCCTGCGATTTA,0,3022368
rcsBp1,0.25,3,3,GTCTGGGCGGCCGAGTCGTG,0,3022048
rcsBp1,0.25,3,3,GTCTGGCCGATCATGAGCCT,0,3023515
rcsBp1,0.25,3,3,GTCTCGTGGATGACATCATA,0,3030570
rcsBp1,0.25,3,3,GTCTCGGGTGCATAGCGAGC,0,3059159
rcsBp1,0.25,3,3,GTCTACGGTGAAACGAAGGT,0,3039400
rcsBp1,0.25,3,3,GTCGTTGGTTATCGTGTTAA,0,3052662
rcsBp1,0.25,3,3,GTCGTAGGTAAATACATCCA,0,3032033
rcsBp1,0.25,3,3,GTCGGGGCAAAAATGTGGCC,0,3023163
rcsBp1,0.25,3,3,GTCGCGGCCTTTGATATGGG,0,3030163
rcsBp1,0.25,3,3,GTCCTGTGAAAAGGGGAACG,0,3037123
rcsBp1,0.25,3,3,GTCCTCAGTTTACTTTAACG,0,3027280
rcsBp1,0.25,3,3,GTCCGAACTGCGCAACCTGC,0,3042892
rcsBp1,0.25,3,3,GTCCCGATCCACAAGTTCGT,0,3044839
rcsBp1,0.25,3,3,GTCCCAGGATCAACGCATGA,0,3053252
rcsBp1,0.25,3,3,GTCCAACCATAGTCCGGCGG,0,3073488
rcsBp1,0.25,3,3,GTCATCGTTGCCCATGGATG,0,3029457
rcsBp1,0.25,3,3,GTCATAGCCCAGGCCCAGTC,0,3027090
rcsBp1,0.25,3,3,GTCAGCTACGGTACCAACGG,0,3045319
rcsBp1,0.25,3,3,GTCACTGAATTAGAAGCTGT,0,3022512
rcsBp1,0.25,3,3,GTCACGTCGAAGATTGGCCT,0,3062412
rcsBp1,0.25,3,3,GTCACCTAAAAAGACGCTGG,0,3051900
rcsBp1,0.25,3,3,GTCAAGTTAACGCACTGATC,0,3046692
rcsBp1,0.25,3,3,GTCAAGGCCCGTAATGTTAG,0,3054959
rcsBp1,0.25,3,3,GTCAACTCTGGTGCGGCTCA,0,3023542
rcsBp1,0.25,3,3,GTATGGATTGTGTTTCTGAC,0,3037415
rcsBp1,0.25,3,3,GTATCATTGCGATCATGGCA,0,3038121
rcsBp1,0.25,3,3,GTAGCCGAACGCTCCTCCAT,0,3044187
rcsBp1,0.25,3,3,GTACGTAGCCTTTCCACATA,0,3058903
rcsBp1,0.25,3,3,GTACCGTTGGTCGCCGATAT,0,3031860
rcsBp1,0.25,3,3,GTACACTCTAACCCCTTTTA,0,3045221
rcsBp1,0.25,3,3,GTAATGCTAGTTAAAGATAA,0,3039328
rcsBp1,0.25,3,3,GTAAGGCCTACGATGCAGCC,0,3066616
rcsBp1,0.25,3,3,GTAAGACGCGCATGGTACGG,0,3063264
rcsBp1,0.25,3,3,GTAAACAAATAGGCCGGGCA,0,3049480
rcsBp1,0.25,3,3,GGTTTGGGAAGGACTAACAT,0,3046078
rcsBp1,0.25,3,3,GGTTCGGTTCCCTCCATTTC,0,3052351
rcsBp1,0.25,3,3,GGTTCACGTTCAAGCGACGC,0,3050506
rcsBp1,0.25,3,3,GGTTACCTAGGGTTCAACCT,0,3067057
rcsBp1,0.25,3,3,GGTGCTCTTGCAGGAATGCT,0,3050135
rcsBp1,0.25,3,3,GGTGCGGTTACCCCGACACT,0,3030378
rcsBp1,0.25,3,3,GGTGCGCGATACCCTTGATG,0,3052437
rcsBp1,0.25,3,3,GGTGCCGTCTAGACGAAGAC,0,3048570
rcsBp1,0.25,3,3,GGTGATTCGGTCCTGCATAG,0,3056853
rcsBp1,0.25,3,3,GGTCGATCTGGAGGCGAATT,0,3036559
rcsBp1,0.25,3,3,GGTCCGCTCACCGATGCGGC,0,3032287
rcsBp1,0.25,3,3,GGTCCCCGGAGCCTTATTAC,0,3056602
rcsBp1,0.25,3,3,GGTCACGTGTTTTTCGTCAC,0,3029417
rcsBp1,0.25,3,3,GGTCAAGCGGCCAAGCGAGA,0,3045256
rcsBp1,0.25,3,3,GGTATTATCTGGCCGCCGGA,0,3049811
rcsBp1,0.25,3,3,GGTATGTGAGGGATCTCACT,0,3068389
rcsBp1,0.25,3,3,GGTATAGTCCTGCAAACCTG,0,3038343
rcsBp1,0.25,3,3,GGTAGCCGTGGACTAACCTC,0,3032376
rcsBp1,0.25,3,3,GGTAAGGGTACCACAGTGAA,0,3054586
rcsBp1,0.25,3,3,GGGTTATACTTCAAGTAATA,0,3069733
rcsBp1,0.25,3,3,GGGTATCTGGTGAGGTATCT,0,3056368
rcsBp1,0.25,3,3,GGGGTGCGAGGAGGTTTTTG,0,3031638
rcsBp1,0.25,3,3,GGGGCGTATGACAAGCAAAA,0,3042357
rcsBp1,0.25,3,3,GGGGCCAGGGAGAGTCTTAA,0,3028185
rcsBp1,0.25,3,3,GGGGATCGTAATCATACAAG,0,3049574
rcsBp1,0.25,3,3,GGGCTCTCGCGCGTCAGATT,0,3034443
rcsBp1,0.25,3,3,GGGCTAATTGACCAGCAGAT,0,3051337
rcsBp1,0.25,3,3,GGGCTAAGTCCCCCTTTCAT,0,3073179
rcsBp1,0.25,3,3,GGGCGTAAACGACACAGTAT,0,3066818
rcsBp1,0.25,3,3,GGGATTATAATTATACGTAG,0,3069830
rcsBp1,0.25,3,3,GGGAACAGTGTAGGCGGTCC,0,3051290
rcsBp1,0.25,3,3,GGGAAATGAACGCGGTATTT,0,3025404
rcsBp1,0.25,3,3,GGCTCTCTGCCTAAGCGTGG,0,3029788
rcsBp1,0.25,3,3,GGCTAGAAAGGATTATCACT,0,3022195
rcsBp1,0.25,3,3,GGCGTTGGACCACTAGAGCA,0,3049237
rcsBp1,0.25,3,3,GGCGGGAATAGAGTCACTGC,0,3046960
rcsBp1,0.25,3,3,GGCGGCCATCAAACGAGAAA,0,3034535
rcsBp1,0.25,3,3,GGCGATTGCAGAATTGTCGT,0,3042573
rcsBp1,0.25,3,3,GGCCTCTCATAATGGAACTC,0,3042609
rcsBp1,0.25,3,3,GGCCGGGCGTGCTATTGAAC,0,3069025
rcsBp1,0.25,3,3,GGCCGAGGTTGACTGATGTC,0,3039508
rcsBp1,0.25,3,3,GGCCATATCGTCGCACGGCA,0,3053775
rcsBp1,0.25,3,3,GGCCAGACCCCTCAGAGGAT,0,3066484
rcsBp1,0.25,3,3,GGCATCCAAGTTCGTTTCCA,0,3069843
rcsBp1,0.25,3,3,GGCAGGATCCTTGTTTTAAC,0,3044573
rcsBp1,0.25,3,3,GGCAATGAAAGACCGCGTTT,0,3059863
rcsBp1,0.25,3,3,GGATTTGTTGCTGCACGCGA,0,3059461
rcsBp1,0.25,3,3,GGATCGACGTGCTGGCCACG,0,3030282
rcsBp1,0.25,3,3,GGAGTCAGACTGGTGCCATA,0,3041300
rcsBp1,0.25,3,3,GGAGTAGGCTATGGGTTGGG,0,3024401
rcsBp1,0.25,3,3,GGAGGTGAAAGTGTCCACTT,0,3054705
rcsBp1,0.25,3,3,GGAGCGCCAGGGGTCTTACT,0,3026620
rcsBp1,0.25,3,3,GGAGCGACGGGCTACTATTC,0,3069241
rcsBp1,0.25,3,3,GGAGAAGTCCCTAGGCATGA,0,3061451
rcsBp1,0.25,3,3,GGACGCACAGAAAGCGCCAC,0,3028205
rcsBp1,0.25,3,3,GGACCACCGTCGCCCTAAGG,0,3058160
rcsBp1,0.25,3,3,GGACAATCCCTTCCAGTACG,0,3025541
rcsBp1,0.25,3,3,GGAATCGGGTAGAAAAATGA,0,3045981
rcsBp1,0.25,3,3,GGAAGCTTAGCCTACAAAAC,0,3045841
rcsBp1,0.25,3,3,GGAACGTCCCCCCCTCACAG,0,3051543
rcsBp1,0.25,3,3,GGAAATATTTTATGGACATC,0,3067438
rcsBp1,0.25,3,3,GGAAAGCGAAAGTGATGGAT,0,3060613
rcsBp1,0.25,3,3,GGAAACTCAGGAAATGAGAG,0,3027366
rcsBp1,0.25,3,3,GGAAAACACAATGTGGATAA,0,3054121
rcsBp1,0.25,3,3,GCTTTTACGTGGTGGACTAT,0,3057138
rcsBp1,0.25,3,3,GCTTTATATCCTGTTCGTGG,0,3070357
rcsBp1,0.25,3,3,GCTTGCCAGTTGGCATTCTG,0,3028261
rcsBp1,0.25,3,3,GCTTCGTGACACAACAGTAC,0,3033352
rcsBp1,0.25,3,3,GCTTATGCAGCCCTCCGAGT,0,3022683
rcsBp1,0.25,3,3,GCTTATACATTCTAGTGGGA,0,3071896
rcsBp1,0.25,3,3,GCTTAATGGGTGTCGCCTCA,0,3050194
rcsBp1,0.25,3,3,GCTGGCGTAACAACCGCTAT,0,3030309
rcsBp1,0.25,3,3,GCTGGCATGTAACGACTGAT,0,3053122
rcsBp1,0.25,3,3,GCTGGAGTGATAGCTGCCGC,0,3030806
rcsBp1,0.25,3,3,GCTGCGTACTAAATCACGAA,0,3051414
rcsBp1,0.25,3,3,GCTGCATCCGGGCGGGTCGT,0,3029659
rcsBp1,0.25,3,3,GCTGACCAATTCGCTGCTTT,0,3033584
rcsBp1,0.25,3,3,GCTGAATAGATCCAGGCATG,0,3040961
rcsBp1,0.25,3,3,GCTCTGTGTAGTTCTTTCGC,0,3054055
rcsBp1,0.25,3,3,GCTCTACAAAAGTGTATGAA,0,3065930
rcsBp1,0.25,3,3,GCTAGGTGGCTGGTGTGACC,0,3036028
rcsBp1,0.25,3,3,GCTACGCTACGTGTAGAATT,0,3068675
rcsBp1,0.25,3,3,GCTACGCATGGCAGGTCAAA,0,3059990
rcsBp1,0.25,3,3,GCTACCAACAGGTGTTAGCT,0,3063409
rcsBp1,0.25,3,3,GCTACATTCATTCGATCATA,0,3062159
rcsBp1,0.25,3,3,GCGTTGGATCTTAGTAGGTC,0,3037888
rcsBp1,0.25,3,3,GCGTTCTGTTTATTTGAGCC,0,3055416
rcsBp1,0.25,3,3,GCGTGTCTGGGATCAAGCCG,0,3038457
rcsBp1,0.25,3,3,GCGTACAAGACGAACCGGTC,0,3031780
rcsBp1,0.25,3,3,GCGGGGTGGTATGGCTTCGG,0,3059201
rcsBp1,0.25,3,3,GCGGGCTGCACCAATTCCAG,0,3023344
rcsBp1,0.25,3,3,GCGGCTCACGATATACAACA,0,3053908
rcsBp1,0.25,3,3,GCGGATTCTTAGATAAACAT,0,3070940
rcsBp1,0.25,3,3,GCGGAGCTAACACCGTGTAG,0,3057350
rcsBp1,0.25,3,3,GCGGACCAGTGAGGGAGTGA,0,3030507
rcsBp1,0.25,3,3,GCGCTTTCCGTGGACAGCCC,0,3046787
rcsBp1,0.25,3,3,GCGCGTCCGGTGAGCCTGAG,0,3023681
rcsBp1,0.25,3,3,GCGCGTAATATCGTTGAAAA,0,3045483
rcsBp1,0.25,3,3,GCGCCGCGATAGTACGGGCA,0,3034239
rcsBp1,0.25,3,3,GCGAGGTCTAAATTGATATG,0,3030827
rcsBp1,0.25,3,3,GCGAGACCTTTCCATTGTTC,0,3067354
rcsBp1,0.25,3,3,GCGAATTGAATTGTGCGCAT,0,3032469
rcsBp1,0.25,3,3,GCGAAATCGATAACGAACGG,0,3065291
rcsBp1,0.25,3,3,GCCTTTTTGGATTACCTCGT,0,3072015
rcsBp1,0.25,3,3,GCCTGGTCTCTTCATTAATT,0,3028051
rcsBp1,0.25,3,3,GCCTGATGGGACTCTTCGGA,0,3070358
rcsBp1,0.25,3,3,GCCTCGGAAGTTGAAGAGTT,0,3055046
rcsBp1,0.25,3,3,GCCTCGAGATAAATTAAATC,0,3037858
rcsBp1,0.25,3,3,GCCCGGCTAAGGGGGGTCAA,0,3063183
rcsBp1,0.25,3,3,GCCCCGTGATTGAATTATGG,0,3023778
rcsBp1,0.25,3,3,GCCCCCGGACCATTAATGTT,0,3039976
rcsBp1,0.25,3,3,GCCCCCAATGAGAGTCAACA,0,3057003
rcsBp1,0.25,3,3,GCCCAAAATCAATTCTGTCT,0,3049009
rcsBp1,0.25,3,3,GCCATGCGCGCGGATTGCGA,0,3051332
rcsBp1,0.25,3,3,GCCATATGGCAAGATACAAA,0,3059415
rcsBp1,0.25,3,3,GCCAGTCGTAGCCTCGAATC,0,3057482
rcsBp1,0.25,3,3,GCCAGTATCCTATTATGTTT,0,3069922
rcsBp1,0.25,3,3,GCCAGACGGGTAGTGGTATG,0,3032758
rcsBp1,0.25,3,3,GCCACCTCCCGTCCACTTAC,0,3024863
rcsBp1,0.25,3,3,GCATTTATGGAAGAGGACCA,0,3052406
rcsBp1,0.25,3,3,GCATTCGCTCTCAATATCCT,0,3030979
rcsBp1,0.25,3,3,GCATGGTCTCCGCAACGAAC,0,3029067
rcsBp1,0.25,3,3,GCATCCTTTACACCGGTCTC,0,3057616
rcsBp1,0.25,3,3,GCAGGTGTGACGCGGTCCCT,0,3032707
rcsBp1,0.25,3,3,GCAGGAGACCGCGCTAACAT,0,3039443
rcsBp1,0.25,3,3,GCAGCTCCCAGGTTCATCCA,0,3051971
rcsBp1,0.25,3,3,GCAGCCCATGCCGATAGAAC,0,3040104
rcsBp1,0.25,3,3,GCAGACGCGCATGTCAGTAT,0,3060591
rcsBp1,0.25,3,3,GCACGTATCAAAACCGGTAC,0,3056104
rcsBp1,0.25,3,3,GCACAATCAGATAAGAGTGG,0,3040205
rcsBp1,0.25,3,3,GCAACTAGCTCCGAAGAGCA,0,3031395
rcsBp1,0.25,3,3,GCAACGGCAGTCGGCGCGGT,0,3066034
rcsBp1,0.25,3,3,GATTTGGTGCCCGAGTTGAA,0,3041484
rcsBp1,0.25,3,3,GATTTAGATGTCTCTGCTTC,0,3050035
rcsBp1,0.25,3,3,GATTGAAAATGTAACATAGT,0,3048517
rcsBp1,0.25,3,3,GATTCGGTTCTATGATTACA,0,3065666
rcsBp1,0.25,3,3,GATTCCATAGGGTTCTCCTT,0,3026714
rcsBp1,0.25,3,3,GATTCAGTACCTACGCGATA,0,3056716
rcsBp1,0.25,3,3,GATTATGACTGTTCGATGGT,0,3041540
rcsBp1,0.25,3,3,GATTACTCGTGAATTATATA,0,3068976
rcsBp1,0.25,3,3,GATTACCTAAAGAGACCGTT,0,3063475
rcsBp1,0.25,3,3,GATGTTTAGATGGAAGTGTC,0,3024646
rcsBp1,0.25,3,3,GATGGTTCGAAGGTGACTCT,0,3047844
rcsBp1,0.25,3,3,GATGGCCGCCTACACTCCGC,0,3030431
rcsBp1,0.25,3,3,GATGCAATGGCGCCGGGTAT,0,3031800
rcsBp1,0.25,3,3,GATGACACACGAGGTCAGCT,0,3058418
rcsBp1,0.25,3,3,GATCTCATAATATTGCAATC,0,3035388
rcsBp1,0.25,3,3,GATCTCAGTATCCGAGCGGA,0,3054510
rcsBp1,0.25,3,3,GATCGTTATGAGCTTACTCC,0,3062670
rcsBp1,0.25,3,3,GATCCTATCTTTGCCCGATC,0,3073660
rcsBp1,0.25,3,3,GATATTACTTTCCCCGCGTG,0,3035813
rcsBp1,0.25,3,3,GATATTAAGGGGTCAGCGCA,0,3069045
rcsBp1,0.25,3,3,GATATCCGGCGTGAGTTGCC,0,3070825
rcsBp1,0.25,3,3,GAGTGGCATGATTGGGGAAA,0,3069882
rcsBp1,0.25,3,3,GAGTCGGTTACCCGGTTCCG,0,3061110
rcsBp1,0.25,3,3,GAGTCCGCACACATCTGACG,0,3063777
rcsBp1,0.25,3,3,GAGTATGAGGGGCGCGGAAG,0,3046971
rcsBp1,0.25,3,3,GAGTACACAGTAGCTGCTTC,0,3044019
rcsBp1,0.25,3,3,GAGGTTAAGTCTCAAGCAAT,0,3038130
rcsBp1,0.25,3,3,GAGGTGTACAATTATGGATA,0,3044201
rcsBp1,0.25,3,3,GAGGTGGATAATTCGCTTAC,0,3034895
rcsBp1,0.25,3,3,GAGGTCTCATGTCGTGTCTA,0,3026679
rcsBp1,0.25,3,3,GAGGGCTTTGCGGGGTCACA,0,3048119
rcsBp1,0.25,3,3,GAGGAGTCCTAATTTACTCG,0,3070570
rcsBp1,0.25,3,3,GAGGAGCCGCTCGTCTATCT,0,3026676
rcsBp1,0.25,3,3,GAGGACTCATTTATATGCGC,0,3025678
rcsBp1,0.25,3,3,GAGCGCCAGCTGTCTGACAC,0,3071574
rcsBp1,0.25,3,3,GAGCCTGAAAGGTTGCTGTA,0,3036940
rcsBp1,0.25,3,3,GAGCCTAAGTCATGTCAGCG,0,3025575
rcsBp1,0.25,3,3,GAGCCGCGTCTTTTAAAGAG,0,3048373
rcsBp1,0.25,3,3,GAGCCATAGAATACATTCTG,0,3060801
rcsBp1,0.25,3,3,GAGCATTCGTCTCGTCTCTC,0,3070208
rcsBp1,0.25,3,3,GAGATAGCCTAAGACATCTC,0,3032725
rcsBp1,0.25,3,3,GAGATAACTCCGTCTTTCTA,0,3061473
rcsBp1,0.25,3,3,GAGAGGATCTTGACCCTACG,0,3055704
rcsBp1,0.25,3,3,GAGAGAATGGGCTTCGTTAT,0,3052266
rcsBp1,0.25,3,3,GAGAAGTGGGTCCACTCGCA,0,3031028
rcsBp1,0.25,3,3,GAGAACGCATTTTTGGACAT,0,3059499
rcsBp1,0.25,3,3,GAGAACATGGAGCGATCCAG,0,3051057
rcsBp1,0.25,3,3,GACTAAAGAGTTTCATTATG,0,3041123
rcsBp1,0.25,3,3,GACGTTTATAAAGAATTAGA,0,3051375
rcsBp1,0.25,3,3,GACGTAAGGAACTCCGACAG,0,3045480
rcsBp1,0.25,3,3,GACGGGCTCATGTGTCCCAT,0,3036056
rcsBp1,0.25,3,3,GACGGGATGACTAGCACGGG,0,3048947
rcsBp1,0.25,3,3,GACGCTAGGTATCGAAGGGG,0,3064732
rcsBp1,0.25,3,3,GACGAGAAAGGAAAGCATCC,0,3022163
rcsBp1,0.25,3,3,GACCGTTAATTGTTTTACGT,0,3051034
rcsBp1,0.25,3,3,GACCGCCATGATGAACATGT,0,3069936
rcsBp1,0.25,3,3,GACCGCATCTGATTTAGTCC,0,3033823
rcsBp1,0.25,3,3,GACCGACACGAGAGACTATA,0,3036310
rcsBp1,0.25,3,3,GACATTCTGGGATCGCAAGC,0,3067116
rcsBp1,0.25,3,3,GACATTCGCCTGCAGCACAC,0,3066967
rcsBp1,0.25,3,3,GACAGCACCGACCATAGAGC,0,3034105
rcsBp1,0.25,3,3,GACACTGTGGAGTATCAACT,0,3060319
rcsBp1,0.25,3,3,GACACTGAAATAAATTTGTC,0,3061262
rcsBp1,0.25,3,3,GACAAGACGGGGTAAATCTT,0,3067932
rcsBp1,0.25,3,3,GAATTTTACCTTGGTGATGT,0,3066727
rcsBp1,0.25,3,3,GAATTATAGTTAACTGGCTT,0,3072109
rcsBp1,0.25,3,3,GAATATCATAAAGCGTAAGA,0,3034663
rcsBp1,0.25,3,3,GAATAGATCCGGTACCTAGT,0,3071090
rcsBp1,0.25,3,3,GAAGGCAGCTGATGGGCCAG,0,3041018
rcsBp1,0.25,3,3,GAAGGCAAGAGCACTCGATC,0,3033882
rcsBp1,0.25,3,3,GAAGCCCTGGCTGATTGGAC,0,3049094
rcsBp1,0.25,3,3,GAAGCAAGCTAATAAACGAA,0,3066383
rcsBp1,0.25,3,3,GAAGAGTCACTATATTCAAC,0,3030175
rcsBp1,0.25,3,3,GAAGACGATTCTAATCAACT,0,3055171
rcsBp1,0.25,3,3,GAACTGTTTAAATCGGCTTT,0,3031090
rcsBp1,0.25,3,3,GAACGGGCTAAAGTCTGTCA,0,3064001
rcsBp1,0.25,3,3,GAACCGAGCTTCCGTGTCGC,0,3043507
rcsBp1,0.25,3,3,GAACCATCGGTGACGTGTCC,0,3051673
rcsBp1,0.25,3,3,GAACACTTTTTTGCAACGTC,0,3050078
rcsBp1,0.25,3,3,GAACAAATAACGTAAAGCTG,0,3051377
rcsBp1,0.25,3,3,GAAATGGCGTGACTTCATTC,0,3027659
rcsBp1,0.25,3,3,CTTTTCTAAGTAAAGTATAC,0,3026072
rcsBp1,0.25,3,3,CTTTTAGATTGCCTGAGCGC,0,3054354
rcsBp1,0.25,3,3,CTTTGAGAATCGTCGTATCA,0,3048627
rcsBp1,0.25,3,3,CTTGGTTCACAGTGGTGGGG,0,3064207
rcsBp1,0.25,3,3,CTTGAGTCGTCCGGGGGATG,0,3043973
rcsBp1,0.25,3,3,CTTCATTGGGAACTCCTACG,0,3070124
rcsBp1,0.25,3,3,CTTCATAGGATCAAAAGTAC,0,3054325
rcsBp1,0.25,3,3,CTTATAACACAGGATCCTCC,0,3043731
rcsBp1,0.25,3,3,CTGTTTAGTTGAGGGATTCA,0,3038750
rcsBp1,0.25,3,3,CTGTTTACGTTAGCAGAGAA,0,3030627
rcsBp1,0.25,3,3,CTGTTGTGACACTAGGGAAT,0,3043741
rcsBp1,0.25,3,3,CTGTTGATGGGGGAGGCTAC,0,3025846
rcsBp1,0.25,3,3,CTGTCAATGGTACTTGCTCG,0,3050282
rcsBp1,0.25,3,3,CTGTATTTTTAGGGTCATAA,0,3069331
rcsBp1,0.25,3,3,CTGTAGTTGTACCGCATAGA,0,3027126
rcsBp1,0.25,3,3,CTGGTGCGACGTCACGTAAC,0,3031809
rcsBp1,0.25,3,3,CTGGTCTGAGTGCTTTAAGA,0,3031531
rcsBp1,0.25,3,3,CTGGGTTGACCCCGCGTAAA,0,3051121
rcsBp1,0.25,3,3,CTGGGGCTCGCTGATCTTTT,0,3069184
rcsBp1,0.25,3,3,CTGGCTTCGGGATTGTGATT,0,3072063
rcsBp1,0.25,3,3,CTGGCCGTTATTACCATTAT,0,3032862
rcsBp1,0.25,3,3,CTGGCCCGTCTAGCACTCTC,0,3030913
rcsBp1,0.25,3,3,CTGGCCATGAGGGAGAAAGA,0,3065352
rcsBp1,0.25,3,3,CTGCTGAGCACGGACATCGC,0,3030165
rcsBp1,0.25,3,3,CTGCTATTCAGTGCTGCGCG,0,3041203
rcsBp1,0.25,3,3,CTGCGGCATTTAGGCACTCA,0,3048575
rcsBp1,0.25,3,3,CTGATAGAGGTGTGGTACCT,0,3026883
rcsBp1,0.25,3,3,CTGACATTCCGGAACCGGTT,0,3038440
rcsBp1,0.25,3,3,CTCTTATCGCGCTTTTCTCC,0,3052644
rcsBp1,0.25,3,3,CTCTGTGGGATAGAGCCGGC,0,3033997
rcsBp1,0.25,3,3,CTCTGAATATTCGCTCGCCC,0,3070513
rcsBp1,0.25,3,3,CTCTCTCGAGTTTGGGGAGG,0,3063236
rcsBp1,0.25,3,3,CTCTAGGCCAGCAGTGCAGC,0,3041405
rcsBp1,0.25,3,3,CTCTACAGCGTTATCGGCTT,0,3037389
rcsBp1,0.25,3,3,CTCGTTATTATTTAGACAAA,0,3065653
rcsBp1,0.25,3,3,CTCGTGGCCTCGACCAGAAG,0,3033330
rcsBp1,0.25,3,3,CTCGGTTGAACAGGATCAGG,0,3043778
rcsBp1,0.25,3,3,CTCGGGAGCTTAAGCCCAAG,0,3031713
rcsBp1,0.25,3,3,CTCGGCTAGCCAGGCTACGC,0,3071705
rcsBp1,0.25,3,3,CTCGACCGAGGTATAAATTG,0,3073460
rcsBp1,0.25,3,3,CTCGACATATATGCCTTGGT,0,3032330
rcsBp1,0.25,3,3,CTCCTTGGGGACACTTGTCT,0,3050275
rcsBp1,0.25,3,3,CTCCGTAAATCCGGTAGTGT,0,3021828
rcsBp1,0.25,3,3,CTCCCGCGTAGAATACTTAA,0,3031699
rcsBp1,0.25,3,3,CTCCAGTCGAGGTGTTGTTT,0,3059290
rcsBp1,0.25,3,3,CTCACCTGTTGGCTCGCACT,0,3049400
rcsBp1,0.25,3,3,CTATGACCGGACTGTCATCA,0,3023735
rcsBp1,0.25,3,3,CTATCGTAACGAGTTATAGT,0,3051140
rcsBp1,0.25,3,3,CTATATAAGGGTAAAATCGC,0,3026315
rcsBp1,0.25,3,3,CTATAAGCGTTCCTTGCGTA,0,3057915
rcsBp1,0.25,3,3,CTAGTGATATGAATATCGGT,0,3064741
rcsBp1,0.25,3,3,CTAGTCAACTGAACGGGCGA,0,3038120
rcsBp1,0.25,3,3,CTAGGATACTCCTTAAGCTA,0,3042255
rcsBp1,0.25,3,3,CTAGCTATGGTCGATGTATA,0,3052272
rcsBp1,0.25,3,3,CTAGAACATATGCTGTGAAT,0,3039176
rcsBp1,0.25,3,3,CTACGCAGGCAAGGTGGCAT,0,3025974
rcsBp1,0.25,3,3,CTACGCACTTGAGTGATCGT,0,3072370
rcsBp1,0.25,3,3,CTACGAGCATACAGAGATTT,0,3057643
rcsBp1,0.25,3,3,CTAAGGTAGGGGAGCCCCTT,0,3061995
rcsBp1,0.25,3,3,CTAAAATCTTATCCAACACC,0,3065020
rcsBp1,0.25,3,3,CTAAAACCCGGAGCCCCAGC,0,3039556
rcsBp1,0.25,3,3,CGTTGCGGGTTGGTTATTGC,0,3027242
rcsBp1,0.25,3,3,CGTTCAGTGATTACTGTAAC,0,3039228
rcsBp1,0.25,3,3,CGTTAGTGAGTAGGTCATTG,0,3042267
rcsBp1,0.25,3,3,CGTGTTAGCGTCATTGGTAG,0,3061507
rcsBp1,0.25,3,3,CGTGGGACCTCTTGTTTGTA,0,3062404
rcsBp1,0.25,3,3,CGTCTTTGTGAGAAGCTTTT,0,3029934
rcsBp1,0.25,3,3,CGTCTGCCTGGGCTCGCTTG,0,3036817
rcsBp1,0.25,3,3,CGTCGCTTCACATTCTAGTC,0,3032010
rcsBp1,0.25,3,3,CGTCATGGAAAGAGATTGAG,0,3061324
rcsBp1,0.25,3,3,CGTCAGCTACACTACTCTTA,0,3056813
rcsBp1,0.25,3,3,CGTCAGAGATTACGGGGCAT,0,3022458
rcsBp1,0.25,3,3,CGTCACAGACTGGAGTGCAT,0,3047598
rcsBp1,0.25,3,3,CGTATGTCATTCCTCAGTAT,0,3037241
rcsBp1,0.25,3,3,CGTATGTCAGTGGAATTAGA,0,3057284
rcsBp1,0.25,3,3,CGTAGCTGAGCTCCAGTCCC,0,3027254
rcsBp1,0.25,3,3,CGTAGCCCGTCATCAGGTTA,0,3072061
rcsBp1,0.25,3,3,CGTAGATCGATGCGCCATTA,0,3027528
rcsBp1,0.25,3,3,CGTACTGCACCTCCCTAAGG,0,3029789
rcsBp1,0.25,3,3,CGTAAGCGATTTGGATTTGG,0,3037943
rcsBp1,0.25,3,3,CGGTTTCACGCGAGCCACTA,0,3031845
rcsBp1,0.25,3,3,CGGTGTCATACTGGGTCCGG,0,3056819
rcsBp1,0.25,3,3,CGGTGCGTTTCGACGTGGAT,0,3062287
rcsBp1,0.25,3,3,CGGTGCGGGAATAGAGGTGT,0,3056526
rcsBp1,0.25,3,3,CGGGGGGTCACGACTCGTTG,0,3057353
rcsBp1,0.25,3,3,CGGGGCTTCGTCGCTCATAT,0,3066138
rcsBp1,0.25,3,3,CGGGCGTAACCAACGCGTGG,0,3072602
rcsBp1,0.25,3,3,CGGGCGGGTAGGATCTGTGA,0,3046041
rcsBp1,0.25,3,3,CGGGCACGGAACTATATAAT,0,3054183
rcsBp1,0.25,3,3,CGGGATCTCCTCGCGCAATA,0,3055677
rcsBp1,0.25,3,3,CGGCGACGTCTGTACCAGGA,0,3028165
rcsBp1,0.25,3,3,CGGCGAAATGTCCATGCCAG,0,3059210
rcsBp1,0.25,3,3,CGGCATTCTATCTCTCTGAA,0,3045523
rcsBp1,0.25,3,3,CGGCATTCCGACGCATTTCC,0,3035436
rcsBp1,0.25,3,3,CGGATCTTACATCGGTTCGA,0,3039240
rcsBp1,0.25,3,3,CGGAGAAGCGACCAGGCGCC,0,3073713
rcsBp1,0.25,3,3,CGCTTGGACGCTCGCTGACA,0,3037335
rcsBp1,0.25,3,3,CGCTTACATTTCTCTTGCGA,0,3027185
rcsBp1,0.25,3,3,CGCTGTTGCTATCGTGCATA,0,3037343
rcsBp1,0.25,3,3,CGCTAGTTTACTTCGTAGGA,0,3048587
rcsBp1,0.25,3,3,CGCGTAGTAGCTGCCACTCG,0,3056196
rcsBp1,0.25,3,3,CGCGTACGGTCCCAGATATC,0,3040743
rcsBp1,0.25,3,3,CGCGGTCCTATGGTCGATTG,0,3040310
rcsBp1,0.25,3,3,CGCGGGACGTCTTCTCTCAG,0,3071402
rcsBp1,0.25,3,3,CGCGGATCAAGATGATGGGA,0,3054043
rcsBp1,0.25,3,3,CGCGCATCTGCTTATTCAGG,0,3057838
rcsBp1,0.25,3,3,CGCGACTTTAACGAGGCAAT,0,3046652
rcsBp1,0.25,3,3,CGCCTTTGGGGGGGGGATTA,0,3036953
rcsBp1,0.25,3,3,CGCCGGGAGAAAGGTACGTG,0,3066064
rcsBp1,0.25,3,3,CGCCATTTTTTGTAGAAATT,0,3033756
rcsBp1,0.25,3,3,CGCCAATACGCGCGCTCACG,0,3024641
rcsBp1,0.25,3,3,CGATTGCATTTGCTCAGCGC,0,3071215
rcsBp1,0.25,3,3,CGATTCTTTTGCAGTTGTTC,0,3072746
rcsBp1,0.25,3,3,CGATGGCTAGTTCATTCACG,0,3047500
rcsBp1,0.25,3,3,CGATAAAAATGCGCTTGTGA,0,3061560
rcsBp1,0.25,3,3,CGAGTATGCAGGTAAGGCTT,0,3064560
rcsBp1,0.25,3,3,CGAGCTTCATAAAGATTAAG,0,3037935
rcsBp1,0.25,3,3,CGACTTTAGGTCTATTAAAC,0,3028936
rcsBp1,0.25,3,3,CGACTATATAGCTCATAGAT,0,3058516
rcsBp1,0.25,3,3,CGACGATCCCTGGGCCGAGG,0,3050031
rcsBp1,0.25,3,3,CGACCAGCGTGGCGGAATAG,0,3036101
rcsBp1,0.25,3,3,CGACAGATGCCAGGCTCGTT,0,3036119
rcsBp1,0.25,3,3,CGACACCTGCCACGCCAATA,0,3059938
rcsBp1,0.25,3,3,CGAATGGACCGCGAGACAGC,0,3023546
rcsBp1,0.25,3,3,CGAAACGTAATGGTTCGAAC,0,3061445
rcsBp1,0.25,3,3,CGAAACCAGATTTTGTTTAT,0,3071926
rcsBp1,0.25,3,3,CCTTTCAAGAATATGCCCGC,0,3058559
rcsBp1,0.25,3,3,CCTTTAAACCAAAATGTTGA,0,3034202
rcsBp1,0.25,3,3,CCTTCGCGTAGAAAGGTGCA,0,3065076
rcsBp1,0.25,3,3,CCTTCCGATATGACCCGATA,0,3052734
rcsBp1,0.25,3,3,CCTTCCCATCACTCAGGAGT,0,3032080
rcsBp1,0.25,3,3,CCTTAATATCACAGTTAAAC,0,3050660
rcsBp1,0.25,3,3,CCTGTGCCATGACACCGCTT,0,3038284
rcsBp1,0.25,3,3,CCTGTGCCACCTAACATGCG,0,3030650
rcsBp1,0.25,3,3,CCTGGTCCGTACGTCACCAG,0,3041662
rcsBp1,0.25,3,3,CCTGACATCAGCCATTTTGT,0,3034407
rcsBp1,0.25,3,3,CCTCTGTGCGAAAACCTCAC,0,3067598
rcsBp1,0.25,3,3,CCTCTATTTCATTTCCTCAT,0,3061646
rcsBp1,0.25,3,3,CCTCCTTCACACAATGAGTG,0,3036925
rcsBp1,0.25,3,3,CCTCCTCGAACTGCCCCGCC,0,3027750
rcsBp1,0.25,3,3,CCTCCTACACCGAAGCAGAG,0,3069125
rcsBp1,0.25,3,3,CCTCCGTCACCACAGCTTGC,0,3048756
rcsBp1,0.25,3,3,CCTCCCACGAGAAGTCAGAA,0,3051889
rcsBp1,0.25,3,3,CCTCAGCCACCGGTTGATAG,0,3028755
rcsBp1,0.25,3,3,CCTATGTGTTGCCCCAAATG,0,3025981
rcsBp1,0.25,3,3,CCTATCCCGATGTGGTCGTA,0,3035933
rcsBp1,0.25,3,3,CCTAGCCAGTTTGGTTCGAA,0,3031967
rcsBp1,0.25,3,3,CCTAGCATCTGACGGTGGCG,0,3062082
rcsBp1,0.25,3,3,CCTAGATCGGCACCCTCTGG,0,3053175
rcsBp1,0.25,3,3,CCTAGATCAGGGCTGTGGAG,0,3055495
rcsBp1,0.25,3,3,CCTAGAGCAAGACCGTAGTT,0,3061395
rcsBp1,0.25,3,3,CCTAAGACGCCAATGGTTAG,0,3034440
rcsBp1,0.25,3,3,CCGTTAGTTATACAGGTACC,0,3032796
rcsBp1,0.25,3,3,CCGTTAGGCCAGCCCGCGAA,0,3059958
rcsBp1,0.25,3,3,CCGTTACTTGTTATTGCGTA,0,3049611
rcsBp1,0.25,3,3,CCGTGTTCACAGCCAGCCTG,0,3059342
rcsBp1,0.25,3,3,CCGTAGCGTTCCCGAAAACT,0,3024101
rcsBp1,0.25,3,3,CCGGTCAGTCTCGACATCAC,0,3071353
rcsBp1,0.25,3,3,CCGGTCAAGTCTGCAGTCAA,0,3054657
rcsBp1,0.25,3,3,CCGGCTAACCTCGTCGTTTA,0,3027958
rcsBp1,0.25,3,3,CCGCTTTACATTCTAGCGCC,0,3035236
rcsBp1,0.25,3,3,CCGCCGAGCATTGCCGTAGT,0,3057793
rcsBp1,0.25,3,3,CCGCACATTGCCAGTATGAA,0,3046006
rcsBp1,0.25,3,3,CCGATTAGCCATGCGGAGTT,0,3067167
rcsBp1,0.25,3,3,CCGATGGAATAGTGAAACCT,0,3025664
rcsBp1,0.25,3,3,CCGACGTTGCTCAATTCTGT,0,3024552
rcsBp1,0.25,3,3,CCGACCTCACCCGGTACAGC,0,3034120
rcsBp1,0.25,3,3,CCGACAAATTTGATGACCTG,0,3038848
rcsBp1,0.25,3,3,CCCTGTACATCTCCTCAGTC,0,3055208
rcsBp1,0.25,3,3,CCCTCTCATGCCGGCACTCC,0,3026002
rcsBp1,0.25,3,3,CCCTCGATTCACATTCAGTC,0,3026948
rcsBp1,0.25,3,3,CCCTAGATGACGAGGGTCTC,0,3051881
rcsBp1,0.25,3,3,CCCCGTGGGACATAACGCGT,0,3064311
rcsBp1,0.25,3,3,CCCCCCCACGCGGAGGCCGC,0,3050020
rcsBp1,0.25,3,3,CCCCCAGGTATCTAGATAGT,0,3051416
rcsBp1,0.25,3,3,CCCCCAACGCAAGCGCCGGT,0,3068029
rcsBp1,0.25,3,3,CCCATTTAATCTTACTTATC,0,3068671
rcsBp1,0.25,3,3,CCCAGGCATTGGTCGCCTTC,0,3065590
rcsBp1,0.25,3,3,CCCAGGAATGGATGAACGCT,0,3044044
rcsBp1,0.25,3,3,CCCAGCCGGAAGCTTCGTTA,0,3064807
rcsBp1,0.25,3,3,CCATTTCACTACCGTACTCT,0,3066473
rcsBp1,0.25,3,3,CCATGTCCTCCGGGTCGCAG,0,3060102
rcsBp1,0.25,3,3,CCATGGAATAGAATCCGTTT,0,3068302
rcsBp1,0.25,3,3,CCAGTTCCCTGTACTATTGT,0,3029471
rcsBp1,0.25,3,3,CCAGGCACCAGATGGGGTTA,0,3064234
rcsBp1,0.25,3,3,CCAGGACCACGCCGTGGAGC,0,3042300
rcsBp1,0.25,3,3,CCAGCATAGGGAGTAGGTAA,0,3058324
rcsBp1,0.25,3,3,CCACGGTCGAGTCGCTAGGT,0,3025919
rcsBp1,0.25,3,3,CCACGGGCCTCCTACGGGAA,0,3030532
rcsBp1,0.25,3,3,CCACCAGTATTGAGTCGTGC,0,3048677
rcsBp1,0.25,3,3,CCAATTCAGGAGTGTTCACA,0,3057078
rcsBp1,0.25,3,3,CCAATCAGCCACGGTTATGT,0,3054583
rcsBp1,0.25,3,3,CCAAGACGGCGGGCAGAGAG,0,3060960
rcsBp1,0.25,3,3,CCAACTTTGACGCGGAAATT,0,3064875
rcsBp1,0.25,3,3,CCAACCAGAGTCAGGTTGAC,0,3038085
rcsBp1,0.25,3,3,CCAAAATTTCCTCGCCCTAA,0,3029569
rcsBp1,0.25,3,3,CATTGGCCGCTTGTGCAGTC,0,3038175
rcsBp1,0.25,3,3,CATTGACCGCACCAATTCAA,0,3023384
rcsBp1,0.25,3,3,CATTCGCTATATCGGCAGTA,0,3048162
rcsBp1,0.25,3,3,CATTCCTCCGTAGCTATCTT,0,3072155
rcsBp1,0.25,3,3,CATTCCGTACATTAGATGAT,0,3068329
rcsBp1,0.25,3,3,CATTCAGCTTGCCAGTTCGT,0,3042779
rcsBp1,0.25,3,3,CATTAGAAATTTACTTCTTA,0,3044037
rcsBp1,0.25,3,3,CATGGTAAGGGTGTTGCAGG,0,3038329
rcsBp1,0.25,3,3,CATGGGTGCTAGCGCGTTAG,0,3043390
rcsBp1,0.25,3,3,CATGAGGGATATCAAAGCGA,0,3040763
rcsBp1,0.25,3,3,CATCTCTAGCTGATGTCGGA,0,3038301
rcsBp1,0.25,3,3,CATCGTAAGGGCGTTGTGAT,0,3024640
rcsBp1,0.25,3,3,CATCGGTTCTCGGATTCACC,0,3040513
rcsBp1,0.25,3,3,CATCGGCTAAGCGTCAAAAG,0,3071794
rcsBp1,0.25,3,3,CATCGGAATGTCCCGTGCTT,0,3040563
rcsBp1,0.25,3,3,CATCATTCGGTCTTTCGTGA,0,3042785
rcsBp1,0.25,3,3,CATCAGTCCAGCTCCCTATG,0,3050088
rcsBp1,0.25,3,3,CATCAGGCCAACTTCCATCG,0,3070210
rcsBp1,0.25,3,3,CATCACGTTTCGACATTACC,0,3057365
rcsBp1,0.25,3,3,CATCACGTAAACAGGCTTAG,0,3052649
rcsBp1,0.25,3,3,CATATTTTCGGGTTCAGGGA,0,3030311
rcsBp1,0.25,3,3,CATACTTCTTTGACAACTCA,0,3051245
rcsBp1,0.25,3,3,CATACCCCACTGGAGCATGT,0,3035434
rcsBp1,0.25,3,3,CATACATGAGCGGCAGTACT,0,3036892
rcsBp1,0.25,3,3,CAGTTCCGACTGTACTTTTC,0,3049757
rcsBp1,0.25,3,3,CAGTGTAGCGCCTGTTGTTG,0,3055474
rcsBp1,0.25,3,3,CAGTAGAAGTCCGAGTCACC,0,3042588
rcsBp1,0.25,3,3,CAGTAAACCGTGAACACGAT,0,3073433
rcsBp1,0.25,3,3,CAGGTTCGCCCGATGCAACT,0,3041233
rcsBp1,0.25,3,3,CAGGGAGACACTTGTAAAGA,0,3051642
rcsBp1,0.25,3,3,CAGGCGCAGCTACGACAACA,0,3029769
rcsBp1,0.25,3,3,CAGGAAGCCCCGAGTCTACA,0,3039024
rcsBp1,0.25,3,3,CAGCTTGGCAAACGGAGATC,0,3072851
rcsBp1,0.25,3,3,CAGCGACAGAATACACCTGG,0,3021974
rcsBp1,0.25,3,3,CAGCCGGCTATTTCAGAGAT,0,3039170
rcsBp1,0.25,3,3,CAGCCCACGCGGCTGGTTTA,0,3064236
rcsBp1,0.25,3,3,CAGCCAAGTCACCGGCTAAG,0,3038297
rcsBp1,0.25,3,3,CAGATGGGGGTCATAGGCAG,0,3055862
rcsBp1,0.25,3,3,CAGAGGCTCGAGTCCCAACT,0,3035497
rcsBp1,0.25,3,3,CAGACAGAGGGTGGATTACG,0,3036306
rcsBp1,0.25,3,3,CACTTGAGGTTGCCGCCGCG,0,3073722
rcsBp1,0.25,3,3,CACTGGTTACCTCCGTGCTG,0,3058020
rcsBp1,0.25,3,3,CACTCGCTCGCACGTTCACG,0,3070356
rcsBp1,0.25,3,3,CACTATGCAAGGACCATGTA,0,3070961
rcsBp1,0.25,3,3,CACGCCTCAAATAATTTAGG,0,3036884
rcsBp1,0.25,3,3,CACGCCATTGATGCGATCGG,0,3045201
rcsBp1,0.25,3,3,CACGACGCCGTTCCCCTCGA,0,3022510
rcsBp1,0.25,3,3,CACCGTCCCGGCATCGCAAT,0,3061794
rcsBp1,0.25,3,3,CACCACTCTCGGTTTTATCT,0,3057133
rcsBp1,0.25,3,3,CACCACCCAGACTTTTATCA,0,3034222
rcsBp1,0.25,3,3,CACATTAGGGAGGACGGAAG,0,3062909
rcsBp1,0.25,3,3,CACACCTCTTCCTATGTATA,0,3047686
rcsBp1,0.25,3,3,CACAAGTGTTAGGGTACTCT,0,3034765
rcsBp1,0.25,3,3,CAATGGTCTTTTCTTAGGCA,0,3067888
rcsBp1,0.25,3,3,CAATCAGTACGACTGCTTAC,0,3031906
rcsBp1,0.25,3,3,CAATCACGTTCCAAGTGTCC,0,3042776
rcsBp1,0.25,3,3,CAAGTATTGTGTAGGTAGTT,0,3024454
rcsBp1,0.25,3,3,CAAGCCATAGGAGCTCTTCT,0,3039935
rcsBp1,0.25,3,3,CAAGATGGCCTTCTGTGGCA,0,3064426
rcsBp1,0.25,3,3,CAACTGCCCTAGTACCAATC,0,3066968
rcsBp1,0.25,3,3,CAACTGATAGCGTGCACTTT,0,3061054
rcsBp1,0.25,3,3,CAACAGAAAACCATAGATAA,0,3058484
rcsBp1,0.25,3,3,CAACACCGCCCAGCCTAATG,0,3029331
rcsBp1,0.25,3,3,CAAATCTTACCCGCAGGACA,0,3068565
rcsBp1,0.25,3,3,CAAAGCTGTGGTGCGAAGAA,0,3071973
rcsBp1,0.25,3,3,CAAAGCGCCCCGTTGCTAGG,0,3050155
rcsBp1,0.25,3,3,CAAACCTCCTTCGTGCCTAG,0,3061034
rcsBp1,0.25,3,3,CAAAAGCGCCGAGGAACTAG,0,3032069
rcsBp1,0.25,3,3,ATTTTTTGGAGCATTGTAGT,0,3052943
rcsBp1,0.25,3,3,ATTTTCGATAAGTTAGCAAG,0,3050109
rcsBp1,0.25,3,3,ATTTCGGTAGCTTCCGGAGG,0,3063744
rcsBp1,0.25,3,3,ATTTCGGCCGAATAAGATGC,0,3039991
rcsBp1,0.25,3,3,ATTGTCACTATCTCGTACCA,0,3047811
rcsBp1,0.25,3,3,ATTGGCCCAGACACGTGAGA,0,3049735
rcsBp1,0.25,3,3,ATTGCCGGCGTGGTATCACG,0,3060322
rcsBp1,0.25,3,3,ATTGCCGGAATACCCGGTGG,0,3065219
rcsBp1,0.25,3,3,ATTGACAGGGTGGTTATACC,0,3070118
rcsBp1,0.25,3,3,ATTCTGCTCCAACCAAGACA,0,3073084
rcsBp1,0.25,3,3,ATTCCTGAAAGCTTCACGAG,0,3064604
rcsBp1,0.25,3,3,ATTCCCCTCATTCTTTGACA,0,3022194
rcsBp1,0.25,3,3,ATTCCAGATGGAACGATGCT,0,3064851
rcsBp1,0.25,3,3,ATTCCAACCAGACTAAACTT,0,3042264
rcsBp1,0.25,3,3,ATTCAAAATACACTATCACA,0,3040910
rcsBp1,0.25,3,3,ATTATTCGAACGATAGACGC,0,3022251
rcsBp1,0.25,3,3,ATTAGGGATACGGTCTGGCA,0,3051992
rcsBp1,0.25,3,3,ATTAGACGAGTATCGACTAC,0,3071440
rcsBp1,0.25,3,3,ATTACCGCACCCGTATAGTT,0,3033615
rcsBp1,0.25,3,3,ATGTTGTGCGTCTGTACTCG,0,3032867
rcsBp1,0.25,3,3,ATGTTCATACAGCTAAAAAT,0,3062504
rcsBp1,0.25,3,3,ATGTGTGAGCCCGTTCCACA,0,3039026
rcsBp1,0.25,3,3,ATGTGGGTACGACAGTCGAA,0,3065435
rcsBp1,0.25,3,3,ATGTGAGAATTAGGTATTGG,0,3033817
rcsBp1,0.25,3,3,ATGGTGGCTACCGTATAAAG,0,3043165
rcsBp1,0.25,3,3,ATGGTGCGGACGCGGCTACA,0,3026067
rcsBp1,0.25,3,3,ATGGGGAAGGACGAACTAGA,0,3057029
rcsBp1,0.25,3,3,ATGGGCTTCGTTTACCGATA,0,3073531
rcsBp1,0.25,3,3,ATGGCAGTTCGGACCCCGAC,0,3047587
rcsBp1,0.25,3,3,ATGCTTCGGGAAAGGATCAT,0,3064883
rcsBp1,0.25,3,3,ATGCTGATGTCTTCGATCTG,0,3046531
rcsBp1,0.25,3,3,ATGCTCAAGTATGCGTAGGT,0,3053704
rcsBp1,0.25,3,3,ATGCGAACTAAAAGTCGCAT,0,3051060
rcsBp1,0.25,3,3,ATGCAGTGCTACCGTTGTAA,0,3063584
rcsBp1,0.25,3,3,ATGATGTTGACGGCTATCTT,0,3041938
rcsBp1,0.25,3,3,ATGATGGAATCTTTGGTACA,0,3026386
rcsBp1,0.25,3,3,ATGAGGTGGCTGTTAAATTC,0,3030910
rcsBp1,0.25,3,3,ATGAGGGAAAGTGCCTCCAT,0,3073062
rcsBp1,0.25,3,3,ATGACGTACTGTGGTAATTA,0,3041530
rcsBp1,0.25,3,3,ATGACCCAACATGCGCAGAC,0,3055122
rcsBp1,0.25,3,3,ATCTTTGTTGCGGACTTCAT,0,3050603
rcsBp1,0.25,3,3,ATCTTGCAGCGACATAAGCT,0,3036783
rcsBp1,0.25,3,3,ATCTGATGGGCGCACCATCG,0,3028275
rcsBp1,0.25,3,3,ATCTCGGTTCTAGCCGAGCA,0,3067827
rcsBp1,0.25,3,3,ATCTCCCCGGACCAAAGCAA,0,3071927
rcsBp1,0.25,3,3,ATCGTTGGTAATCTCGATTA,0,3061465
rcsBp1,0.25,3,3,ATCGTGTACCCGTGCCATTT,0,3032073
rcsBp1,0.25,3,3,ATCGTGCGTAGTTTGTCATA,0,3025655
rcsBp1,0.25,3,3,ATCGTCTAACACGGTTGTCT,0,3045102
rcsBp1,0.25,3,3,ATCGTCACTACCTCTTCCGA,0,3073554
rcsBp1,0.25,3,3,ATCGCTGACCATGCATAGCT,0,3065333
rcsBp1,0.25,3,3,ATCGCGATAGTAACACACAG,0,3044565
rcsBp1,0.25,3,3,ATCCAGTAACACGTCTAAGA,0,3022386
rcsBp1,0.25,3,3,ATCCACGCTTGAAAGCACTT,0,3043572
rcsBp1,0.25,3,3,ATCATTGAGCGTAAGCAGAA,0,3052655
rcsBp1,0.25,3,3,ATCATGATAACGACCGATAT,0,3068903
rcsBp1,0.25,3,3,ATCAGGGCCAGTCATCTGGT,0,3060206
rcsBp1,0.25,3,3,ATCAGCACGAGATCTGCAGG,0,3054619
rcsBp1,0.25,3,3,ATCAGATGTCCGACCTAAAC,0,3048833
rcsBp1,0.25,3,3,ATCACTTTGTTCCGAACGGT,0,3061352
rcsBp1,0.25,3,3,ATCAACGAGTCGGTCGAGCT,0,3036507
rcsBp1,0.25,3,3,ATCAAAGTTCGTAGTTACAG,0,3033649
rcsBp1,0.25,3,3,ATATTTAAGGTATTGCAGGC,0,3023999
rcsBp1,0.25,3,3,ATATTGCTACTTAGTTTTGC,0,3069938
rcsBp1,0.25,3,3,ATATTCCCTGCATTGTACCT,0,3070127
rcsBp1,0.25,3,3,ATATAGACCTATAAGCGATC,0,3060583
rcsBp1,0.25,3,3,ATAGTCGGTGTACAAGATTC,0,3029687
rcsBp1,0.25,3,3,ATAGGAGGACGGTGTTATGA,0,3027233
rcsBp1,0.25,3,3,ATAGATCATCAAAGATAGCG,0,3048549
rcsBp1,0.25,3,3,ATAGAAAAAGGGCCACGGTG,0,3054296
rcsBp1,0.25,3,3,ATACTACGTGTGAATATCCA,0,3073052
rcsBp1,0.25,3,3,ATACGTTATGTCCAAGGCCT,0,3049730
rcsBp1,0.25,3,3,ATAATTATAAGTTCGAATTC,0,3071401
rcsBp1,0.25,3,3,ATAATGCATCCTAACGGTCA,0,3032408
rcsBp1,0.25,3,3,ATAAGGGTTCCGATAATAGA,0,3069752
rcsBp1,0.25,3,3,ATAAGGCTAACCATAGGTTT,0,3040259
rcsBp1,0.25,3,3,AGTTTAGCCTTATCCACTGT,0,3036248
rcsBp1,0.25,3,3,AGTTCCATTGCTAATACGAT,0,3065760
rcsBp1,0.25,3,3,AGTTCCATTCGTATGGCGAC,0,3065988
rcsBp1,0.25,3,3,AGTTCACGGTAAAAATTCAT,0,3060863
rcsBp1,0.25,3,3,AGTGGATATACTCAGACGTC,0,3060222
rcsBp1,0.25,3,3,AGTCTTAGGTAATTAAGCTC,0,3039055
rcsBp1,0.25,3,3,AGTCGTCAGTGGCCAGTCCT,0,3058457
rcsBp1,0.25,3,3,AGTCGGGACCAAGCACCGCC,0,3023762
rcsBp1,0.25,3,3,AGTCGCGGAGGAATAATTGT,0,3045456
rcsBp1,0.25,3,3,AGTCCCCATATCCATGAGTC,0,3032853
rcsBp1,0.25,3,3,AGTCATCAATATAGCGAAGG,0,3022699
rcsBp1,0.25,3,3,AGTCACATTGCGATGCCGCA,0,3029254
rcsBp1,0.25,3,3,AGTATGGTTTAAGTCGCTTG,0,3045130
rcsBp1,0.25,3,3,AGTAGTTGGCGGCTCGGAAA,0,3045022
rcsBp1,0.25,3,3,AGTAGTCAGTACATTGCGCG,0,3036330
rcsBp1,0.25,3,3,AGTAGGTGCTCCGCCAACTA,0,3038777
rcsBp1,0.25,3,3,AGTAGGTATTGGACCCAGGC,0,3039017
rcsBp1,0.25,3,3,AGGTTTCTTTCGGACATATT,0,3039100
rcsBp1,0.25,3,3,AGGTTGCACTATCGCCGTAT,0,3062632
rcsBp1,0.25,3,3,AGGTGAGTTCATCGCAGTAA,0,3035744
rcsBp1,0.25,3,3,AGGTATCCTCATGCGAGCTA,0,3070582
rcsBp1,0.25,3,3,AGGGTCCAAGTACGTAGGAC,0,3060439
rcsBp1,0.25,3,3,AGGGTATCGTTTCTTTTATC,0,3024867
rcsBp1,0.25,3,3,AGGGTAGAAAAGAACCTGAC,0,3057339
rcsBp1,0.25,3,3,AGGGGAAGGACCAGACATTA,0,3050872
rcsBp1,0.25,3,3,AGGGCATTTGTGGTCATAAC,0,3051283
rcsBp1,0.25,3,3,AGGGAGTGACAAGTCTTAAA,0,3027487
rcsBp1,0.25,3,3,AGGGAGCCCTAAACTGCACG,0,3054765
rcsBp1,0.25,3,3,AGGCGGAGCGCGCTTCTTCG,0,3056581
rcsBp1,0.25,3,3,AGGCGAAGTATGTTACCCGA,0,3057584
rcsBp1,0.25,3,3,AGGCAAAAACGCCTCAGTTA,0,3025936
rcsBp1,0.25,3,3,AGGACGTTCGTACACCTCGT,0,3045825
rcsBp1,0.25,3,3,AGGACGGGGTGGCCCCACTA,0,3047749
rcsBp1,0.25,3,3,AGGACACCCGACCGGGTGCC,0,3035017
rcsBp1,0.25,3,3,AGGAACACATTGCGGAGGAT,0,3032416
rcsBp1,0.25,3,3,AGGAAACCACCACCCGAATG,0,3024922
rcsBp1,0.25,3,3,AGCTCTCAGATGGATGCGCC,0,3062613
rcsBp1,0.25,3,3,AGCTCGGATAGGCATTGCCC,0,3060653
rcsBp1,0.25,3,3,AGCTAGATAAAGTACCATTA,0,3072500
rcsBp1,0.25,3,3,AGCGTTTGATGATGAGCAAT,0,3052179
rcsBp1,0.25,3,3,AGCGTGACTCGCCCAAGTAT,0,3026723
rcsBp1,0.25,3,3,AGCGTATATGCCCTGCTAAT,0,3032553
rcsBp1,0.25,3,3,AGCGGTGGGTGTGGCCGTAT,0,3031546
rcsBp1,0.25,3,3,AGCGACGGGCGAAGCTGACT,0,3026563
rcsBp1,0.25,3,3,AGCCTATCTTGTGACGATAC,0,3039105
rcsBp1,0.25,3,3,AGCCCTGCTAACTCGATCGG,0,3045439
rcsBp1,0.25,3,3,AGCCCGCGTATGTCGGGGGA,0,3061559
rcsBp1,0.25,3,3,AGCATTTGGATCGTTGAACT,0,3042432
rcsBp1,0.25,3,3,AGCAGTGCCTTTTTATTGGA,0,3023428
rcsBp1,0.25,3,3,AGCAGACGAGATGTTTAAAT,0,3030741
rcsBp1,0.25,3,3,AGCACCGACCGTGCTCACAG,0,3038293
rcsBp1,0.25,3,3,AGCACAAGGCGGGGCTTCAC,0,3048831
rcsBp1,0.25,3,3,AGCAACTGGTGTGCCCGACG,0,3029051
rcsBp1,0.25,3,3,AGATTGGACTCTTGTCTCAA,0,3030390
rcsBp1,0.25,3,3,AGATTCTTTCGCCTACAGTA,0,3033164
rcsBp1,0.25,3,3,AGATCGGCAATCCCAAAGTG,0,3028989
rcsBp1,0.25,3,3,AGATACGATGAGGGACTGGG,0,3037844
rcsBp1,0.25,3,3,AGATACCCGTACGCCGGCTA,0,3054946
rcsBp1,0.25,3,3,AGAGTGCGAGTCGGGTATGC,0,3033884
rcsBp1,0.25,3,3,AGAGGTGGTATGATTAGCCT,0,3055743
rcsBp1,0.25,3,3,AGAGGTGGGGGTATCGCGCC,0,3057278
rcsBp1,0.25,3,3,AGAGGATGATCTATCTGCCT,0,3052416
rcsBp1,0.25,3,3,AGAGAAGGGAGTGATATCAT,0,3022943
rcsBp1,0.25,3,3,AGACTTACACGCTCTGAACA,0,3060252
rcsBp1,0.25,3,3,AGACTGCAAGGTCAAGGAAC,0,3054810
rcsBp1,0.25,3,3,AGACGCCTCGCCTTCCGGGA,0,3069337
rcsBp1,0.25,3,3,AGAAGGTAGCATCCCGCTCA,0,3052315
rcsBp1,0.25,3,3,AGAAGAATTAACAGGACCCA,0,3045761
rcsBp1,0.25,3,3,AGAAGAAATCAGTGTCCGAC,0,3046148
rcsBp1,0.25,3,3,ACTTAGTACCCGGTTATAAC,0,3045934
rcsBp1,0.25,3,3,ACTGGCGCGAGTTTATGAAT,0,3031553
rcsBp1,0.25,3,3,ACTGGCCCATTATGAAGTAG,0,3024199
rcsBp1,0.25,3,3,ACTGGATTTGCAGTCTACGG,0,3057158
rcsBp1,0.25,3,3,ACTGCCGCGCATGGGTGAAC,0,3059206
rcsBp1,0.25,3,3,ACTGATGTCACCAAGATACA,0,3036088
rcsBp1,0.25,3,3,ACTCTGGACGTTGGCGGGCA,0,3032234
rcsBp1,0.25,3,3,ACTCGTTTTCACTACGCTTA,0,3066104
rcsBp1,0.25,3,3,ACTCGTTTCCGATGAAGAGC,0,3063386
rcsBp1,0.25,3,3,ACTCAGGATGGCCACGAGTG,0,3057603
rcsBp1,0.25,3,3,ACTATGGACGCACCGCACAT,0,3071880
rcsBp1,0.25,3,3,ACTACTTCGCCCAAGGTTCT,0,3071877
rcsBp1,0.25,3,3,ACTACCGCATCGTTACTCCT,0,3025693
rcsBp1,0.25,3,3,ACTAACTATAACCCTTGGTT,0,3036687
rcsBp1,0.25,3,3,ACTAAAGCACGCTAGAAGGT,0,3028221
rcsBp1,0.25,3,3,ACGTTTTCGAAGGCATAGAC,0,3025702
rcsBp1,0.25,3,3,ACGTATGATTCCATTAACTT,0,3055895
rcsBp1,0.25,3,3,ACGTATACACAGGACCCTTT,0,3047740
rcsBp1,0.25,3,3,ACGTAAGAACCTCTAAGGGC,0,3054276
rcsBp1,0.25,3,3,ACGGTTCAGCTTATTGTAAA,0,3038224
rcsBp1,0.25,3,3,ACGGTGATTATGTCAGTTAG,0,3070534
rcsBp1,0.25,3,3,ACGGGTCTACCTTAGGAGAG,0,3069950
rcsBp1,0.25,3,3,ACGGGACAGCTCCATCGATC,0,3032552
rcsBp1,0.25,3,3,ACGGATTTGGCAGAGGTTAG,0,3042814
rcsBp1,0.25,3,3,ACGGAGAGGACCACGTGATT,0,3051657
rcsBp1,0.25,3,3,ACGGAATATTTACCTGAAGG,0,3048129
rcsBp1,0.25,3,3,ACGCTTTGAGATTACAAATA,0,3025760
rcsBp1,0.25,3,3,ACGCGCCCCGTACAAACATT,0,3050311
rcsBp1,0.25,3,3,ACGCGACTATGTATATAACA,0,3054305
rcsBp1,0.25,3,3,ACGCACTTGACTTGTGATTC,0,3040726
rcsBp1,0.25,3,3,ACGCACCCGCTATATGATAA,0,3054155
rcsBp1,0.25,3,3,ACGATTCGACCACGTCCAGG,0,3045125
rcsBp1,0.25,3,3,ACGAGCAGCCAGACCGACGT,0,3026445
rcsBp1,0.25,3,3,ACCTTTTGCGAGTGCCGTGT,0,3067611
rcsBp1,0.25,3,3,ACCTGTCGAGTGGTTTCCAT,0,3038687
rcsBp1,0.25,3,3,ACCTGAAGTATAAATGTGAC,0,3034960
rcsBp1,0.25,3,3,ACCTCCTTAACCAATTGAAA,0,3025377
rcsBp1,0.25,3,3,ACCGTGAGGTCGCTCGCCGC,0,3028060
rcsBp1,0.25,3,3,ACCGTAGAGTTAATCACTTT,0,3031619
rcsBp1,0.25,3,3,ACCGGGAGGTAGTTACAAGG,0,3037478
rcsBp1,0.25,3,3,ACCGGCGTACGTTTGCGATC,0,3050322
rcsBp1,0.25,3,3,ACCGCCACATACTATGGGCT,0,3041957
rcsBp1,0.25,3,3,ACCCTAATGGACTTCTATCA,0,3052484
rcsBp1,0.25,3,3,ACCCGCCGGGTATATTTGTT,0,3068974
rcsBp1,0.25,3,3,ACCCCGACGCCAGTGCTCAG,0,3060111
rcsBp1,0.25,3,3,ACCCCACCCGTTTCTTCTTG,0,3046232
rcsBp1,0.25,3,3,ACCCCAAGCTCTTCCGGGTG,0,3064163
rcsBp1,0.25,3,3,ACCCAGGACTACACCAAGTT,0,3054057
rcsBp1,0.25,3,3,ACCATTAACCCCCCCTCCAC,0,3024477
rcsBp1,0.25,3,3,ACCAGTTGAGGATGACTTCT,0,3044436
rcsBp1,0.25,3,3,ACCAGCAGGGCCGATCTTTC,0,3047703
rcsBp1,0.25,3,3,ACCAGAGCTTACAAGCCCCC,0,3060760
rcsBp1,0.25,3,3,ACCACGTCGAGTATGAGACC,0,3070847
rcsBp1,0.25,3,3,ACATTTAGCAGTCATATATA,0,3051364
rcsBp1,0.25,3,3,ACATGGATCCGCTATTGTTA,0,3050980
rcsBp1,0.25,3,3,ACATCCTTTCAACGGAGGAT,0,3029524
rcsBp1,0.25,3,3,ACATAGCAGACAATTCGTAT,0,3038751
rcsBp1,0.25,3,3,ACAGTGCACCCAAGGGTGAG,0,3065583
rcsBp1,0.25,3,3,ACAGGTGCGACTGTGTGTCC,0,3054345
rcsBp1,0.25,3,3,ACAGGCCCTTCATTTGGCGC,0,3068805
rcsBp1,0.25,3,3,ACAGGATGTCAATTGGTGAG,0,3057060
rcsBp1,0.25,3,3,ACAGGACTTTCTCACCCCGT,0,3051582
rcsBp1,0.25,3,3,ACAGCAGCCACGAGATCTGG,0,3067625
rcsBp1,0.25,3,3,ACAGCAATTGCGGAGGAGCA,0,3066182
rcsBp1,0.25,3,3,ACAGACGATGTACTTCGGTT,0,3024917
rcsBp1,0.25,3,3,ACACGCCTTTCCCTCGAAAC,0,3050077
rcsBp1,0.25,3,3,ACACGAGTCACATTCAGAAA,0,3039075
rcsBp1,0.25,3,3,ACACCATCGGCCTGGAGATT,0,3022261
rcsBp1,0.25,3,3,ACAATTCTCATACTAGCCCC,0,3023429
rcsBp1,0.25,3,3,ACAACACTATGCTGGGCGGG,0,3031886
rcsBp1,0.25,3,3,AATTTGTATTGGTGGGGGGG,0,3035369
rcsBp1,0.25,3,3,AATTCGGCCGTAGTCCCCCT,0,3036871
rcsBp1,0.25,3,3,AATTCATATCCTAAAACGCA,0,3059325
rcsBp1,0.25,3,3,AATTAACTATTGGGGTTATT,0,3061222
rcsBp1,0.25,3,3,AATGGAGTTTTTAGTACAGT,0,3049049
rcsBp1,0.25,3,3,AATGCAAGGTCCTCATACCT,0,3063419
rcsBp1,0.25,3,3,AATGAGGACTCAACAGAAAC,0,3048293
rcsBp1,0.25,3,3,AATCCGTAAATACCCCGCTA,0,3030674
rcsBp1,0.25,3,3,AATCATCAAGAGTTCCGCCA,0,3043039
rcsBp1,0.25,3,3,AATCAGTGGGCGGTAGGGGG,0,3056893
rcsBp1,0.25,3,3,AATAATACGGGATCAGCGGA,0,3047944
rcsBp1,0.25,3,3,AATAAACTTTAGGACTCGTA,0,3054329
rcsBp1,0.25,3,3,AAGTTTATAAAGGCCGTTTT,0,3027816
rcsBp1,0.25,3,3,AAGTGTTAAAATGTCGGTGT,0,3030981
rcsBp1,0.25,3,3,AAGTGTAGACTCTATCCAGT,0,3037560
rcsBp1,0.25,3,3,AAGTGATTAGGCGCCTTAAA,0,3056555
rcsBp1,0.25,3,3,AAGTCTAAGGCTCTGTTCGC,0,3052572
rcsBp1,0.25,3,3,AAGGTCGGTGAGAACTCGGT,0,3064140
rcsBp1,0.25,3,3,AAGGGAAGTGTTAGCAGTAA,0,3053298
rcsBp1,0.25,3,3,AAGGCTACCAATCCTTAGCT,0,3065150
rcsBp1,0.25,3,3,AAGGACTTGTCAACGGGTGA,0,3056030
rcsBp1,0.25,3,3,AAGCGTCATCACTATCAATG,0,3050528
rcsBp1,0.25,3,3,AAGCGAGACATATGGGTTAT,0,3038139
rcsBp1,0.25,3,3,AAGCAATTTTGTCCAAACGA,0,3059992
rcsBp1,0.25,3,3,AAGACCACCGTCGTTTGGAA,0,3053344
rcsBp1,0.25,3,3,AAGAATAGTTAGGTTTATTT,0,3034035
rcsBp1,0.25,3,3,AAGAAGGCGACAAGTGCCGT,0,3054806
rcsBp1,0.25,3,3,AAGAACTCCTGGGCGGAACA,0,3034287
rcsBp1,0.25,3,3,AACTTAGGGTTTGCAATAAA,0,3049411
rcsBp1,0.25,3,3,AACTGTTATAATGTCGGTAT,0,3023046
rcsBp1,0.25,3,3,AACTGCCATAAGGTCTTAGG,0,3064609
rcsBp1,0.25,3,3,AACTGAACTGCAACAACTCA,0,3022963
rcsBp1,0.25,3,3,AACTCCGCTAACTAATGCGC,0,3046763
rcsBp1,0.25,3,3,AACTCCGAGCTGGGTGCGCA,0,3034137
rcsBp1,0.25,3,3,AACTCATAGGAAGTTTCGTC,0,3030819
rcsBp1,0.25,3,3,AACGTCGGAGGGTCGGTTGT,0,3064872
rcsBp1,0.25,3,3,AACGTAAACGCTCAAGATGT,0,3053554
rcsBp1,0.25,3,3,AACCGGGTACCTCTCAACTC,0,3049732
rcsBp1,0.25,3,3,AACCGGCCGTACTAAGTGGA,0,3033802
rcsBp1,0.25,3,3,AACCGCGGTTCCTAAATGTG,0,3023323
rcsBp1,0.25,3,3,AACCCTGAAACACCGAGCCA,0,3048700
rcsBp1,0.25,3,3,AACCCGATCTCGGCCATTGA,0,3060632
rcsBp1,0.25,3,3,AACCAGTTCGACGCGCACCC,0,3046288
rcsBp1,0.25,3,3,AACCAGCGGGTGTGTTCTGT,0,3039981
rcsBp1,0.25,3,3,AACCAGAGATGGTGACCAAA,0,3064589
rcsBp1,0.25,3,3,AACATTTGAACGGCGTTATA,0,3057811
rcsBp1,0.25,3,3,AACATGAGGTCGAAAAAGTG,0,3037417
rcsBp1,0.25,3,3,AACAATGGGTCCTGTAGAAA,0,3025544
rcsBp1,0.25,3,3,AACAATATGTGCAGTGTCCT,0,3041316
rcsBp1,0.25,3,3,AAATGATCATAACTAGCAAG,0,3054793
rcsBp1,0.25,3,3,AAATCCGCGTTCCAAGGGTA,0,3034631
rcsBp1,0.25,3,3,AAATATATTCTAGCCACAAT,0,3024077
rcsBp1,0.25,3,3,AAATAGTCCCGTCACCCGCA,0,3050510
rcsBp1,0.25,3,3,AAATACGTCCTGATGCTCTT,0,3057647
rcsBp1,0.25,3,3,AAAGAGAGCGTGTGAAGGAG,0,3064818
rcsBp1,0.25,3,3,AAAGACTTTTCTGGTGCGTA,0,3045220
rcsBp1,0.25,3,3,AAAGAATTCGCACCTAACGG,0,3029204
rcsBp1,0.25,3,3,AAACATTTGTAAGGCACAAG,0,3064578
rcsBp1,0.25,3,3,AAACATGGAGCGCCAAGTGA,0,3060397
rcsBp1,0.25,3,3,AAAATGTGGGTTTCTAACGA,0,3040738
rcsBp1,0.25,3,3,AAAAGCGTATAGGTTCTCAC,0,3053929
rcsBp1,0.25,3,3,AAAAGATGTATATACTGGGA,0,3071225
rcsBp1,0.3333333333333333,2,2,TTTTTTATAAGACAATTCAT,0,3041994
rcsBp1,0.3333333333333333,2,2,TTTTTGTTAGAATTAGGACG,0,3048246
rcsBp1,0.3333333333333333,2,2,TTTTTCGCGCAGGTGCATGG,0,3064939
rcsBp1,0.3333333333333333,2,2,TTTTGTTGTATTTGCTCGAA,0,3048187
rcsBp1,0.3333333333333333,2,2,TTTTGTATGGGCCTCCAGTC,0,3037636
rcsBp1,0.3333333333333333,2,2,TTTTGGACACCGTTTGGGGT,0,3030238
rcsBp1,0.3333333333333333,2,2,TTTTATTCTTAAGTTTAGTG,0,3051250
rcsBp1,0.3333333333333333,2,2,TTTTATTAAGTGGAATTATT,0,3039658
rcsBp1,0.3333333333333333,2,2,TTTTATCATTTAGGGGTTTG,0,3063248
rcsBp1,0.3333333333333333,2,2,TTTTAGCGGTAATTAGGTTC,0,3051651
rcsBp1,0.3333333333333333,2,2,TTTTAGACGAGTGGGCCAGA,0,3029407
rcsBp1,0.3333333333333333,2,2,TTTGTGCGAATGCTTATACT,0,3042632
rcsBp1,0.3333333333333333,2,2,TTTGGTATTCTGATTCGAAA,0,3042746
rcsBp1,0.3333333333333333,2,2,TTTGGGATATAGGGTGGCAG,0,3057030
rcsBp1,0.3333333333333333,2,2,TTTGAGAACACGACATCCCA,0,3029052
rcsBp1,0.3333333333333333,2,2,TTTGACCTGTTCCACAAGAT,0,3040628
rcsBp1,0.3333333333333333,2,2,TTTCTTGACGATGGGACCTA,0,3023553
rcsBp1,0.3333333333333333,2,2,TTTCTAAGACCTATGTCCTA,0,3039983
rcsBp1,0.3333333333333333,2,2,TTTATGCAGAGACAGGATCG,0,3041730
rcsBp1,0.3333333333333333,2,2,TTTATCGTTACGTCGTGGGC,0,3049232
rcsBp1,0.3333333333333333,2,2,TTTATCCGAGGGCGGATCTA,0,3035975
rcsBp1,0.3333333333333333,2,2,TTTATCATGAAGGCTCATCG,0,3054555
rcsBp1,0.3333333333333333,2,2,TTTATATGTTCCCTGGGCCA,0,3028779
rcsBp1,0.3333333333333333,2,2,TTTACTTGGTTCAGTATGGT,0,3060892
rcsBp1,0.3333333333333333,2,2,TTTACGCCGAAGCCCTGCGG,0,3067472
rcsBp1,0.3333333333333333,2,2,TTTACGAACTCCCATTCACG,0,3021836
rcsBp1,0.3333333333333333,2,2,TTTACCCAGCCGCCCCCTCT,0,3058010
rcsBp1,0.3333333333333333,2,2,TTTACAATTGTGCCGTCGCG,0,3031433
rcsBp1,0.3333333333333333,2,2,TTGTGTTGTATCCCCGATAT,0,3023700
rcsBp1,0.3333333333333333,2,2,TTGTGGAACGCTTAGGTTAA,0,3042688
rcsBp1,0.3333333333333333,2,2,TTGTGCACATTCCTTACGAG,0,3066043
rcsBp1,0.3333333333333333,2,2,TTGGTGCTGCGGCCAACACG,0,3029162
rcsBp1,0.3333333333333333,2,2,TTGGGTGCTTTCCCTCACGA,0,3071245
rcsBp1,0.3333333333333333,2,2,TTGGCATGGAATACAGCTTG,0,3071590
rcsBp1,0.3333333333333333,2,2,TTGGAAGGCATACCACCAGG,0,3053539
rcsBp1,0.3333333333333333,2,2,TTGCTCAAATTCCCGTAGTC,0,3057267
rcsBp1,0.3333333333333333,2,2,TTGCGCTGTGGGGTACAATA,0,3035043
rcsBp1,0.3333333333333333,2,2,TTGCATAAGGTTGGAGTCAC,0,3054216
rcsBp1,0.3333333333333333,2,2,TTGACGATCGAATACTACTG,0,3043586
rcsBp1,0.3333333333333333,2,2,TTGACCTTGATACGAATGAA,0,3061421
rcsBp1,0.3333333333333333,2,2,TTGACCAGTCCATACCGGTG,0,3050255
rcsBp1,0.3333333333333333,2,2,TTGAAGTGTGTGATTCATGT,0,3055144
rcsBp1,0.3333333333333333,2,2,TTGAAGTAATTGTGCTCGAC,0,3031802
rcsBp1,0.3333333333333333,2,2,TTCTTTATAATTTGACTAGG,0,3029397
rcsBp1,0.3333333333333333,2,2,TTCTTGCCGCTGATCTTCTA,0,3033219
rcsBp1,0.3333333333333333,2,2,TTCTGGGTGAGCTTCTGGAG,0,3046792
rcsBp1,0.3333333333333333,2,2,TTCTCTGATGAGAAGGATTA,0,3032854
rcsBp1,0.3333333333333333,2,2,TTCTAGAGTGTACAGCCAGT,0,3053765
rcsBp1,0.3333333333333333,2,2,TTCGTGGCCAGCGGTACATG,0,3047756
rcsBp1,0.3333333333333333,2,2,TTCGGTCAGAGATCGCCGCC,0,3025347
rcsBp1,0.3333333333333333,2,2,TTCCTTAGTGCTTGAACTGC,0,3048178
rcsBp1,0.3333333333333333,2,2,TTCCTACGCGGCATCTGAGT,0,3035537
rcsBp1,0.3333333333333333,2,2,TTCCCTGAGGCCAGGCAGAG,0,3065322
rcsBp1,0.3333333333333333,2,2,TTCATAGTCTTCTCCAGGCC,0,3058377
rcsBp1,0.3333333333333333,2,2,TTCAGTTCGTTATTTTTGGG,0,3023712
rcsBp1,0.3333333333333333,2,2,TTCAGCCCGATCGTCTTGCT,0,3053179
rcsBp1,0.3333333333333333,2,2,TTCAGAGCGTGGAAGCATCA,0,3060652
rcsBp1,0.3333333333333333,2,2,TTCAAGACTCCTGCTTCGTC,0,3046987
rcsBp1,0.3333333333333333,2,2,TTCAAAAGTCTCAACTTTCG,0,3057979
rcsBp1,0.3333333333333333,2,2,TTCAAAACCCACTCAGAAGG,0,3071248
rcsBp1,0.3333333333333333,2,2,TTATTTGGGAAAGTCTGTCA,0,3046735
rcsBp1,0.3333333333333333,2,2,TTATTCCAGGTTCTTAGGCT,0,3045016
rcsBp1,0.3333333333333333,2,2,TTATCTTCGCTAACGCGTCG,0,3028315
rcsBp1,0.3333333333333333,2,2,TTATCGCCACGGCAATCTAA,0,3054776
rcsBp1,0.3333333333333333,2,2,TTATACGCTCGAGTTGACTC,0,3038496
rcsBp1,0.3333333333333333,2,2,TTAGTTGTAATTCGAGGTGT,0,3026367
rcsBp1,0.3333333333333333,2,2,TTAGTCTTGAGAAGCGGCGG,0,3044971
rcsBp1,0.3333333333333333,2,2,TTACTCGAAAAAGTCTAAGG,0,3056917
rcsBp1,0.3333333333333333,2,2,TTACTCATGGTATTGTCGTA,0,3028563
rcsBp1,0.3333333333333333,2,2,TTACGCTGATGAATGTTCGT,0,3063022
rcsBp1,0.3333333333333333,2,2,TTACCTATTAGGATAGTGTA,0,3045142
rcsBp1,0.3333333333333333,2,2,TTACATTTACCTTCTGGTTG,0,3071339
rcsBp1,0.3333333333333333,2,2,TTACACGTTTCAATACTTGT,0,3051281
rcsBp1,0.3333333333333333,2,2,TTACAAACTCTATGCGTAGG,0,3028228
rcsBp1,0.3333333333333333,2,2,TTAAGTCTTCGAGCTGCTAT,0,3051610
rcsBp1,0.3333333333333333,2,2,TTAAGACCGGTGTTGTACCC,0,3068235
rcsBp1,0.3333333333333333,2,2,TTAAATGAGTACATGATTCT,0,3072543
rcsBp1,0.3333333333333333,2,2,TTAAACTCATTATGTAACGT,0,3061099
rcsBp1,0.3333333333333333,2,2,TTAAAAGGTTCTTGGCCATG,0,3059525
rcsBp1,0.3333333333333333,2,2,TGTTTTACAAACGTTCACAG,0,3062470
rcsBp1,0.3333333333333333,2,2,TGTTTGGTCAAGCCAGATTC,0,3067806
rcsBp1,0.3333333333333333,2,2,TGTTTGCTAGAATCTATAGG,0,3055925
rcsBp1,0.3333333333333333,2,2,TGTTTAGAATTCATGACTTT,0,3046518
rcsBp1,0.3333333333333333,2,2,TGTTGAGACGACATCGGTTG,0,3057378
rcsBp1,0.3333333333333333,2,2,TGTTCTTCATGAGAGGGTAT,0,3052097
rcsBp1,0.3333333333333333,2,2,TGTTCGGCGGCACTCGGTCT,0,3025545
rcsBp1,0.3333333333333333,2,2,TGTTAATGCTCCGCGAGTAT,0,3067984
rcsBp1,0.3333333333333333,2,2,TGTGGTACTGGTGCATTATA,0,3050081
rcsBp1,0.3333333333333333,2,2,TGTGGCTCGGTCGAGTTCGG,0,3036971
rcsBp1,0.3333333333333333,2,2,TGTGGCTAAATTCGGCCTTA,0,3059493
rcsBp1,0.3333333333333333,2,2,TGTGATGGTCGCAAACTTTT,0,3028316
rcsBp1,0.3333333333333333,2,2,TGTGATCGACCGGTCACCAT,0,3054381
rcsBp1,0.3333333333333333,2,2,TGTCTGCCATCCGGTCCTCA,0,3066392
rcsBp1,0.3333333333333333,2,2,TGTCGCATCCACAGTTTCTA,0,3062731
rcsBp1,0.3333333333333333,2,2,TGTCCGGTGCGGGAAGCACT,0,3048154
rcsBp1,0.3333333333333333,2,2,TGTCAGCTCACGACCGCGGG,0,3037127
rcsBp1,0.3333333333333333,2,2,TGTCACCGGAGGTTCGTTGT,0,3070251
rcsBp1,0.3333333333333333,2,2,TGTCAAGAGCAATTCTCTAC,0,3073260
rcsBp1,0.3333333333333333,2,2,TGTATTGTCATGGGACTGTT,0,3065182
rcsBp1,0.3333333333333333,2,2,TGTATGCGACGCCAGTTTAC,0,3073572
rcsBp1,0.3333333333333333,2,2,TGTAGGGCAACATAGGTGGA,0,3028260
rcsBp1,0.3333333333333333,2,2,TGTAGATACGGACAGCAGAT,0,3069750
rcsBp1,0.3333333333333333,2,2,TGTAACTTGTGCCCAGAACG,0,3052365
rcsBp1,0.3333333333333333,2,2,TGGTTGATGATCCCCCAAAT,0,3069989
rcsBp1,0.3333333333333333,2,2,TGGTGCAACAGGGTGTTCCA,0,3068532
rcsBp1,0.3333333333333333,2,2,TGGTCTCCTCCCTGGGAAAC,0,3031422
rcsBp1,0.3333333333333333,2,2,TGGTCCAACCGGCTTAAGCC,0,3056712
rcsBp1,0.3333333333333333,2,2,TGGTAGGACTAAGGATATTT,0,3034751
rcsBp1,0.3333333333333333,2,2,TGGGTACGGTCGCTATCTCG,0,3049887
rcsBp1,0.3333333333333333,2,2,TGGGGTTGGTAGCTATTGCC,0,3055493
rcsBp1,0.3333333333333333,2,2,TGGGGACTGTTGTTCGGGCA,0,3042571
rcsBp1,0.3333333333333333,2,2,TGGGCCAGGGTCTACGTGAA,0,3051100
rcsBp1,0.3333333333333333,2,2,TGGGAGATGCTGATCGGTCC,0,3044717
rcsBp1,0.3333333333333333,2,2,TGGCTTTAATATAGAGGGAG,0,3040725
rcsBp1,0.3333333333333333,2,2,TGGCGATCACTGGAGTTACA,0,3060340
rcsBp1,0.3333333333333333,2,2,TGGCCGTAGTCTGCCTCAAT,0,3056035
rcsBp1,0.3333333333333333,2,2,TGGCCGGTGGGTTATGTGCG,0,3054872
rcsBp1,0.3333333333333333,2,2,TGGCATTCTACATTGTTCAT,0,3046781
rcsBp1,0.3333333333333333,2,2,TGGCAAGCCCAGCGTCATTG,0,3024997
rcsBp1,0.3333333333333333,2,2,TGGAGTTGACAACCGAATTT,0,3027028
rcsBp1,0.3333333333333333,2,2,TGGACTTTCTGGAGATGTCT,0,3063665
rcsBp1,0.3333333333333333,2,2,TGGACTTCTACCTGTATCGG,0,3041712
rcsBp1,0.3333333333333333,2,2,TGGACAGAAAAAGGTAGTGT,0,3031086
rcsBp1,0.3333333333333333,2,2,TGGAACACTGTCCCCGAGCC,0,3042009
rcsBp1,0.3333333333333333,2,2,TGCTCTAGTAATGGCTCAGC,0,3063735
rcsBp1,0.3333333333333333,2,2,TGCTCCCGACCCCAATCTAC,0,3071166
rcsBp1,0.3333333333333333,2,2,TGCTCCCCGTCGTACGATGA,0,3053823
rcsBp1,0.3333333333333333,2,2,TGCTATACTCTAGAATAGAA,0,3058554
rcsBp1,0.3333333333333333,2,2,TGCGTGTTCATCTCTATGAC,0,3040762
rcsBp1,0.3333333333333333,2,2,TGCGTGCGCCAGAGTTCGGC,0,3027759
rcsBp1,0.3333333333333333,2,2,TGCGTCCATGCGTCCTTTTT,0,3048930
rcsBp1,0.3333333333333333,2,2,TGCGGGGCGATGGAAACTTC,0,3067752
rcsBp1,0.3333333333333333,2,2,TGCGCCCCGACTTGTTCGTG,0,3027336
rcsBp1,0.3333333333333333,2,2,TGCCTCCATGGAACCTGTTA,0,3064853
rcsBp1,0.3333333333333333,2,2,TGCCGTAAACCATGAAACGC,0,3051305
rcsBp1,0.3333333333333333,2,2,TGCCGCGCCGGGTGCCGCCT,0,3067223
rcsBp1,0.3333333333333333,2,2,TGCCCAGGTTGGGAAGTTGC,0,3038886
rcsBp1,0.3333333333333333,2,2,TGCCATTCGAATTTCAAAGC,0,3040576
rcsBp1,0.3333333333333333,2,2,TGCATACTGGCCTCACTTAA,0,3045928
rcsBp1,0.3333333333333333,2,2,TGCAGTCTCCACCTTCGTGG,0,3039972
rcsBp1,0.3333333333333333,2,2,TGCAGCAGCTCAGCTTAAGC,0,3052488
rcsBp1,0.3333333333333333,2,2,TGCACGCCTGATCCGTGGGT,0,3029891
rcsBp1,0.3333333333333333,2,2,TGCACAAAGCCCTTCCACTT,0,3041284
rcsBp1,0.3333333333333333,2,2,TGCAACAACTCCGCACGCGC,0,3047321
rcsBp1,0.3333333333333333,2,2,TGATTATGTTTAATGGCGCA,0,3049877
rcsBp1,0.3333333333333333,2,2,TGATTATGGTAAAACATTCC,0,3039730
rcsBp1,0.3333333333333333,2,2,TGATTACTGCTCTAAAAGTG,0,3056495
rcsBp1,0.3333333333333333,2,2,TGATTAAGCGGGCCATTCGC,0,3056448
rcsBp1,0.3333333333333333,2,2,TGATCGGATAAAAGCACGCT,0,3048256
rcsBp1,0.3333333333333333,2,2,TGATCGCTAGAGCCGTCTGG,0,3048749
rcsBp1,0.3333333333333333,2,2,TGATCAAGCATATTATCAGT,0,3041218
rcsBp1,0.3333333333333333,2,2,TGATATGAGGTAGTCATGGG,0,3061528
rcsBp1,0.3333333333333333,2,2,TGATATGAATCAAGCAGGGT,0,3047984
rcsBp1,0.3333333333333333,2,2,TGATATAGAGGAGTGTTCTG,0,3037861
rcsBp1,0.3333333333333333,2,2,TGATAGGAAGCGCCGGTTGA,0,3054808
rcsBp1,0.3333333333333333,2,2,TGAGTTTGCGTTGGATTTTC,0,3067627
rcsBp1,0.3333333333333333,2,2,TGAGTTGATGACGGCACGAT,0,3050394
rcsBp1,0.3333333333333333,2,2,TGAGGTTATTGGAACTGACA,0,3063278
rcsBp1,0.3333333333333333,2,2,TGAGCTATAGGGTCTTAACC,0,3033214
rcsBp1,0.3333333333333333,2,2,TGAGCGCTAGTGTCGCCACA,0,3047941
rcsBp1,0.3333333333333333,2,2,TGAGCCCTTGGGGGAGACCG,0,3027444
rcsBp1,0.3333333333333333,2,2,TGACTTGTTAGTCCCTCCGG,0,3050576
rcsBp1,0.3333333333333333,2,2,TGACTGACTACACTAGGGTG,0,3026992
rcsBp1,0.3333333333333333,2,2,TGACTCCTGATCTCGTCTCA,0,3053847
rcsBp1,0.3333333333333333,2,2,TGACTAGGACATGCAGTAGG,0,3053098
rcsBp1,0.3333333333333333,2,2,TGACGCGCTAATAAGCAGTA,0,3059498
rcsBp1,0.3333333333333333,2,2,TGACCAGGCCTAGATCCCCG,0,3044770
rcsBp1,0.3333333333333333,2,2,TGAATTTCTGTTTTGGCGGG,0,3045106
rcsBp1,0.3333333333333333,2,2,TGAATGGTGCCATTTTCATG,0,3026482
rcsBp1,0.3333333333333333,2,2,TGAACCGCTCGCTAAAATTC,0,3032134
rcsBp1,0.3333333333333333,2,2,TGAAACTAATGAGCGACCGG,0,3027224
rcsBp1,0.3333333333333333,2,2,TCTTTTGACTTTCAGTATGT,0,3035806
rcsBp1,0.3333333333333333,2,2,TCTTTGCATAATTTACCCTA,0,3047419
rcsBp1,0.3333333333333333,2,2,TCTTTATCTTGAACTCGTTC,0,3050802
rcsBp1,0.3333333333333333,2,2,TCTTGTCGAGTAAGGCTTAT,0,3050826
rcsBp1,0.3333333333333333,2,2,TCTTGGGTAATTGGGGGCAA,0,3073687
rcsBp1,0.3333333333333333,2,2,TCTTCTGCTGGGCTGGCACA,0,3044486
rcsBp1,0.3333333333333333,2,2,TCTGTGAGTGGATCGGAAAA,0,3065065
rcsBp1,0.3333333333333333,2,2,TCTGTGAGGGACGTAGGATC,0,3056450
rcsBp1,0.3333333333333333,2,2,TCTGTCCAGCTACGTTTCAC,0,3035023
rcsBp1,0.3333333333333333,2,2,TCTGTAGTGGGACTAGGCAA,0,3050587
rcsBp1,0.3333333333333333,2,2,TCTGTACGGCACATAAGCCG,0,3053037
rcsBp1,0.3333333333333333,2,2,TCTGGTAAATGGCTTTACCG,0,3028728
rcsBp1,0.3333333333333333,2,2,TCTGGGTTGGTGCGGTCGTT,0,3068325
rcsBp1,0.3333333333333333,2,2,TCTGGCTTTAATATTTATCT,0,3042837
rcsBp1,0.3333333333333333,2,2,TCTGGAATGGATCACTTGGG,0,3038364
rcsBp1,0.3333333333333333,2,2,TCTGAACTCATGATTATTGG,0,3067056
rcsBp1,0.3333333333333333,2,2,TCTCGTTATGTATACTATTG,0,3050326
rcsBp1,0.3333333333333333,2,2,TCTCGCGTACTTTGATAGTC,0,3038896
rcsBp1,0.3333333333333333,2,2,TCTCGAGTCACTCCAGTGTT,0,3032239
rcsBp1,0.3333333333333333,2,2,TCTCGACTACCACAGTTGTC,0,3046329
rcsBp1,0.3333333333333333,2,2,TCTCCCGGTTCCTAACCTAG,0,3039887
rcsBp1,0.3333333333333333,2,2,TCTCACGAACCTGGTGTTTG,0,3048325
rcsBp1,0.3333333333333333,2,2,TCTCAAGGAAAACCTTTGGA,0,3061716
rcsBp1,0.3333333333333333,2,2,TCTATCCAAGTGTCCAGTAC,0,3027791
rcsBp1,0.3333333333333333,2,2,TCTAATCGACACGACCTAAG,0,3024857
rcsBp1,0.3333333333333333,2,2,TCGTTGCAGTGCGGCATTGG,0,3032039
rcsBp1,0.3333333333333333,2,2,TCGTGATTCTGGTAATCTGT,0,3071680
rcsBp1,0.3333333333333333,2,2,TCGTCCGGTTATCATGACAG,0,3066485
rcsBp1,0.3333333333333333,2,2,TCGTATATACTGCTAGGCGC,0,3021986
rcsBp1,0.3333333333333333,2,2,TCGTACTGTCGAAGAAGTAA,0,3038216
rcsBp1,0.3333333333333333,2,2,TCGGTTCGCAACTGGGAGAT,0,3067158
rcsBp1,0.3333333333333333,2,2,TCGGTTCACGGGACAGAGTT,0,3026536
rcsBp1,0.3333333333333333,2,2,TCGGAGCCGCTATAGTCTAC,0,3047976
rcsBp1,0.3333333333333333,2,2,TCGCTACGTATGTTTGGTAA,0,3038234
rcsBp1,0.3333333333333333,2,2,TCGCGTACTCTGCCGCCACG,0,3040292
rcsBp1,0.3333333333333333,2,2,TCGCCGTCCGCACGTTTCAA,0,3061908
rcsBp1,0.3333333333333333,2,2,TCGCCAGCTTCCGATAACTG,0,3051331
rcsBp1,0.3333333333333333,2,2,TCGCAGAATGGGGCTCGAGA,0,3059845
rcsBp1,0.3333333333333333,2,2,TCGATCATTGAAATGTTTTT,0,3034330
rcsBp1,0.3333333333333333,2,2,TCGAGCATGCCAACCTCGGT,0,3058443
rcsBp1,0.3333333333333333,2,2,TCGACAGCGATGCTCCAGGT,0,3059889
rcsBp1,0.3333333333333333,2,2,TCGACAAACTAGACGAACCT,0,3023819
rcsBp1,0.3333333333333333,2,2,TCGAATCCTGCTCCCCCATG,0,3068034
rcsBp1,0.3333333333333333,2,2,TCGAAACTCGAGAAACCAAA,0,3041383
rcsBp1,0.3333333333333333,2,2,TCCTTAAGCTTGCAAATCTG,0,3029586
rcsBp1,0.3333333333333333,2,2,TCCTCCCAAGCGTAGCACCA,0,3042764
rcsBp1,0.3333333333333333,2,2,TCCGGGGCTAATGGGTTTTC,0,3049225
rcsBp1,0.3333333333333333,2,2,TCCGGAGGACGCTCTCCAGC,0,3038637
rcsBp1,0.3333333333333333,2,2,TCCCTGCATAATGGGACTCT,0,3043426
rcsBp1,0.3333333333333333,2,2,TCCCGGCGGGCCCTTACTTA,0,3051886
rcsBp1,0.3333333333333333,2,2,TCCCGAGAGCCCGACGGCCT,0,3047159
rcsBp1,0.3333333333333333,2,2,TCCCCCATGACGGGGGTCTA,0,3038112
rcsBp1,0.3333333333333333,2,2,TCCCCAATGTTTTAGTTGTA,0,3057642
rcsBp1,0.3333333333333333,2,2,TCCCACCCTGTATCACAGTG,0,3027066
rcsBp1,0.3333333333333333,2,2,TCCATTATTCAACGGCAGTC,0,3032030
rcsBp1,0.3333333333333333,2,2,TCCAGGGAAAAAGGTCTGCG,0,3039648
rcsBp1,0.3333333333333333,2,2,TCCACTGGAATTAGCTGTGA,0,3031720
rcsBp1,0.3333333333333333,2,2,TCCACTCCAGCTTATTCACA,0,3024581
rcsBp1,0.3333333333333333,2,2,TCCAAGTATCCCCTATCATT,0,3061354
rcsBp1,0.3333333333333333,2,2,TCATTGACAGGGAGGTTGAT,0,3072956
rcsBp1,0.3333333333333333,2,2,TCATCGTCTGACGCCTGGGA,0,3048377
rcsBp1,0.3333333333333333,2,2,TCAGTCCCTACTACGTCACT,0,3065088
rcsBp1,0.3333333333333333,2,2,TCAGTCAGTATAGTTCTAGG,0,3046357
rcsBp1,0.3333333333333333,2,2,TCAGTAAACAAGGGAGCTAC,0,3054076
rcsBp1,0.3333333333333333,2,2,TCAGGTGCGTCCCCTCCGGC,0,3047179
rcsBp1,0.3333333333333333,2,2,TCAGGCTGGGCGCGAGAGTT,0,3022563
rcsBp1,0.3333333333333333,2,2,TCAGATAGGTGGGTCGTATA,0,3035030
rcsBp1,0.3333333333333333,2,2,TCACGGCTTTGAGTGTTCTC,0,3058363
rcsBp1,0.3333333333333333,2,2,TCACCTAATCTATACTCGGT,0,3046403
rcsBp1,0.3333333333333333,2,2,TCACAGGGCATCAATTCCTT,0,3021880
rcsBp1,0.3333333333333333,2,2,TCAACGCAGAAACACTGCGA,0,3029086
rcsBp1,0.3333333333333333,2,2,TCAAATTTGGATCTCGACAA,0,3029392
rcsBp1,0.3333333333333333,2,2,TCAAAAGTAATCATAAGTAT,0,3029910
rcsBp1,0.3333333333333333,2,2,TATTTCAGGCTGCCACTCGA,0,3059663
rcsBp1,0.3333333333333333,2,2,TATTTATTCGGTTCGCGGAA,0,3057889
rcsBp1,0.3333333333333333,2,2,TATTCCTCCAATATCGACCA,0,3052056
rcsBp1,0.3333333333333333,2,2,TATGTAGCCCCGCGTTGTAC,0,3053894
rcsBp1,0.3333333333333333,2,2,TATGTACCCAGGTTGAGGGA,0,3039468
rcsBp1,0.3333333333333333,2,2,TATGGTCTGAAACACTCGCC,0,3046444
rcsBp1,0.3333333333333333,2,2,TATGGGCAAATTCAGGTGGA,0,3039906
rcsBp1,0.3333333333333333,2,2,TATGGAAAAAAGGACTCAGA,0,3042965
rcsBp1,0.3333333333333333,2,2,TATGCGCATCGGGGCCTGGC,0,3038045
rcsBp1,0.3333333333333333,2,2,TATCGAATAGGACACATCGC,0,3072499
rcsBp1,0.3333333333333333,2,2,TATCGAAGTGCGGTCTACAC,0,3057421
rcsBp1,0.3333333333333333,2,2,TATCACTCGCCAGGTATCAA,0,3056750
rcsBp1,0.3333333333333333,2,2,TATATCGAATCCGCTCCGCT,0,3041153
rcsBp1,0.3333333333333333,2,2,TATACTACATGTCCCACCAA,0,3024198
rcsBp1,0.3333333333333333,2,2,TAGGTGTGCAGGAGAGGAAT,0,3072047
rcsBp1,0.3333333333333333,2,2,TAGGTCAGTTTTTCCGATTG,0,3061532
rcsBp1,0.3333333333333333,2,2,TAGGTAGAGAAACTAAATAC,0,3040831
rcsBp1,0.3333333333333333,2,2,TAGGTACTGCGTCACCAAAA,0,3059943
rcsBp1,0.3333333333333333,2,2,TAGCTACAAGCATGGTCCCC,0,3024658
rcsBp1,0.3333333333333333,2,2,TAGCGTTCTCGTTTCGCTCG,0,3030271
rcsBp1,0.3333333333333333,2,2,TAGCGAGTTGAGTTTACAAT,0,3058432
rcsBp1,0.3333333333333333,2,2,TAGCCAACGTCCTATGTGCT,0,3043264
rcsBp1,0.3333333333333333,2,2,TAGACTGATCTTTCCGTTTC,0,3063781
rcsBp1,0.3333333333333333,2,2,TAGACCAGTAGTTAGAGCGA,0,3053801
rcsBp1,0.3333333333333333,2,2,TACTTGGCCCCAGGTACTAT,0,3067549
rcsBp1,0.3333333333333333,2,2,TACTTGAGAGACGGCCAAGG,0,3067142
rcsBp1,0.3333333333333333,2,2,TACTACCACAGCAAGTGGGA,0,3045128
rcsBp1,0.3333333333333333,2,2,TACGTCAAGGTAACGCGTGT,0,3036159
rcsBp1,0.3333333333333333,2,2,TACGAATCAGTAGCCCTATG,0,3024660
rcsBp1,0.3333333333333333,2,2,TACCTCCAGGCTCCCCCGTA,0,3032071
rcsBp1,0.3333333333333333,2,2,TACCCAGTTTACCTTTATGT,0,3043471
rcsBp1,0.3333333333333333,2,2,TACATGAGATTTGATTATGG,0,3042025
rcsBp1,0.3333333333333333,2,2,TACAGTAACAACGCCATTGA,0,3063915
rcsBp1,0.3333333333333333,2,2,TACACACGACTTGGGAGAGG,0,3065931
rcsBp1,0.3333333333333333,2,2,TACAAGCTCATCCTACCACG,0,3033965
rcsBp1,0.3333333333333333,2,2,TAATGGCTCACAACTGGGCA,0,3022468
rcsBp1,0.3333333333333333,2,2,TAATCTGAGTGCCGCCCTGT,0,3062029
rcsBp1,0.3333333333333333,2,2,TAATCTCAATTTTTGCTTTC,0,3030158
rcsBp1,0.3333333333333333,2,2,TAATCGCGTGTTCAGTCAAT,0,3071697
rcsBp1,0.3333333333333333,2,2,TAATCATTCGGGGAGATATC,0,3072726
rcsBp1,0.3333333333333333,2,2,TAATATAGAAACCCACTGCT,0,3064421
rcsBp1,0.3333333333333333,2,2,TAATACACCGTTTTCCTGAG,0,3053550
rcsBp1,0.3333333333333333,2,2,TAATAAACGGCCCTCTGGAA,0,3036393
rcsBp1,0.3333333333333333,2,2,TAAGAGGTAAACAATTGTTT,0,3039600
rcsBp1,0.3333333333333333,2,2,TAAGAGCGCATCTGGCAGCA,0,3035038
rcsBp1,0.3333333333333333,2,2,TAACTTGGGAGGTTAGGGAG,0,3028991
rcsBp1,0.3333333333333333,2,2,TAACGTCATCTAGGCGCGAT,0,3038308
rcsBp1,0.3333333333333333,2,2,TAACGGAGTTACATCGCCTG,0,3040637
rcsBp1,0.3333333333333333,2,2,TAACCGCGCGGCCGTGTGAG,0,3047181
rcsBp1,0.3333333333333333,2,2,TAACATTAATCTGGGCCAAT,0,3046017
rcsBp1,0.3333333333333333,2,2,TAACAGCATGCCCATTCGCA,0,3046861
rcsBp1,0.3333333333333333,2,2,TAAATAAAACCAGCAAGAAT,0,3052992
rcsBp1,0.3333333333333333,2,2,TAAAGTGCATTTAATTGGTC,0,3026514
rcsBp1,0.3333333333333333,2,2,TAAAGTCATTGCTTGGGGAT,0,3059393
rcsBp1,0.3333333333333333,2,2,TAAAGAGGTTATATAAAAAC,0,3043050
rcsBp1,0.3333333333333333,2,2,TAAACGGGGCCTGCCATGAA,0,3068999
rcsBp1,0.3333333333333333,2,2,GTTTTCCAAGCCTGCCGTTG,0,3023988
rcsBp1,0.3333333333333333,2,2,GTTTGTAAAAATGATCAGGC,0,3040093
rcsBp1,0.3333333333333333,2,2,GTTTCGCTTTAAATAAAGGG,0,3035678
rcsBp1,0.3333333333333333,2,2,GTTTCAAGAGCGACAAAAAA,0,3025342
rcsBp1,0.3333333333333333,2,2,GTTGTCTGAGATTATTTTCT,0,3071360
rcsBp1,0.3333333333333333,2,2,GTTGGTCAAAGTGTCCCAAA,0,3049878
rcsBp1,0.3333333333333333,2,2,GTTGGAGGTGATGACACAGT,0,3060212
rcsBp1,0.3333333333333333,2,2,GTTGGACTGCGTCCGTCAGG,0,3025298
rcsBp1,0.3333333333333333,2,2,GTTGAAGTGCGCCCATCCGA,0,3048975
rcsBp1,0.3333333333333333,2,2,GTTCTGCCCAGAACTCGTTA,0,3032158
rcsBp1,0.3333333333333333,2,2,GTTCTAACATCGGGCGCTTT,0,3068635
rcsBp1,0.3333333333333333,2,2,GTTCGCGCTACGGATTTATC,0,3068088
rcsBp1,0.3333333333333333,2,2,GTTATTGATCGGTGGACATA,0,3027026
rcsBp1,0.3333333333333333,2,2,GTTATTAGCTATAAAACTAA,0,3054814
rcsBp1,0.3333333333333333,2,2,GTTAGATCACATGCGATGGC,0,3066215
rcsBp1,0.3333333333333333,2,2,GTTACTAGAAGGTTGGATGT,0,3030628
rcsBp1,0.3333333333333333,2,2,GTTACACAACCCTAGTTGAC,0,3063898
rcsBp1,0.3333333333333333,2,2,GTTAAGTCGGCGCTTCTACC,0,3062316
rcsBp1,0.3333333333333333,2,2,GTTAACACGTTGCGGATGCG,0,3041906
rcsBp1,0.3333333333333333,2,2,GTGTTTCTCTGGCAGGGAGG,0,3068678
rcsBp1,0.3333333333333333,2,2,GTGTTTATCTGAGATTCCGA,0,3027093
rcsBp1,0.3333333333333333,2,2,GTGTTACCGCCCTCTGCATT,0,3064891
rcsBp1,0.3333333333333333,2,2,GTGTGGGCCGTATAGGACAG,0,3049090
rcsBp1,0.3333333333333333,2,2,GTGTCGAGAACTGGCATATT,0,3047186
rcsBp1,0.3333333333333333,2,2,GTGTAAGCCTTGATGTCTAC,0,3029194
rcsBp1,0.3333333333333333,2,2,GTGGTGCACTCCAGAGAGAA,0,3050026
rcsBp1,0.3333333333333333,2,2,GTGGGTTTTTAGGACAACCC,0,3068016
rcsBp1,0.3333333333333333,2,2,GTGGACTTCGCGTATGGACA,0,3046758
rcsBp1,0.3333333333333333,2,2,GTGCTGGTTACTAAGCGACC,0,3041620
rcsBp1,0.3333333333333333,2,2,GTGCCCAAAACGAGGTTCAT,0,3064844
rcsBp1,0.3333333333333333,2,2,GTGAGTTGGGCTGACGTTCG,0,3036831
rcsBp1,0.3333333333333333,2,2,GTGAGATATAACGGAGCCTC,0,3023072
rcsBp1,0.3333333333333333,2,2,GTGACACGGGGGCCTCTGCG,0,3052880
rcsBp1,0.3333333333333333,2,2,GTGAATGCCAAGTCTGCATG,0,3069605
rcsBp1,0.3333333333333333,2,2,GTCTGATCAGGTGGGTAGTG,0,3045897
rcsBp1,0.3333333333333333,2,2,GTCTCTCTTCTGAGATTTTT,0,3047127
rcsBp1,0.3333333333333333,2,2,GTCTATGTATTCGTCACATT,0,3060985
rcsBp1,0.3333333333333333,2,2,GTCTAGGCTAATCTCGTGTC,0,3026150
rcsBp1,0.3333333333333333,2,2,GTCGTGTACGAGCAAAGTTG,0,3022560
rcsBp1,0.3333333333333333,2,2,GTCGTGGGCTCTCTGGCTTT,0,3057876
rcsBp1,0.3333333333333333,2,2,GTCGGTGAAACCTCAGGGCT,0,3037438
rcsBp1,0.3333333333333333,2,2,GTCGCTTAGCGAAACAGCGT,0,3023709
rcsBp1,0.3333333333333333,2,2,GTCGCTGTCCAAGTGATCCA,0,3057066
rcsBp1,0.3333333333333333,2,2,GTCGCGACGAGTTTTATCGA,0,3064622
rcsBp1,0.3333333333333333,2,2,GTCGCCCCGATGCAGTTCGA,0,3042128
rcsBp1,0.3333333333333333,2,2,GTCGATCCTCTGTCGGAGAG,0,3065565
rcsBp1,0.3333333333333333,2,2,GTCGAGGCGTGGGGAGCGAG,0,3060447
rcsBp1,0.3333333333333333,2,2,GTCGACTTGAATCGTACAGC,0,3071190
rcsBp1,0.3333333333333333,2,2,GTCCTTGACGTGGCCCCCGA,0,3024107
rcsBp1,0.3333333333333333,2,2,GTCCTATACTGACCATCAGA,0,3070307
rcsBp1,0.3333333333333333,2,2,GTCCGGTCCGGGGCCGTAGC,0,3066826
rcsBp1,0.3333333333333333,2,2,GTCATGCAAAAGCCCACCCA,0,3037537
rcsBp1,0.3333333333333333,2,2,GTCAGTCACGTCAGACAATT,0,3031254
rcsBp1,0.3333333333333333,2,2,GTCAGAATCCATATCCTGAG,0,3043863
rcsBp1,0.3333333333333333,2,2,GTCACTGCGGGCAGATCTCA,0,3042393
rcsBp1,0.3333333333333333,2,2,GTCACTGAGCGCCACCTGCA,0,3022319
rcsBp1,0.3333333333333333,2,2,GTCACAGAATGGCGCTGAGC,0,3028272
rcsBp1,0.3333333333333333,2,2,GTATTTCTATGTGTTGGGTG,0,3055631
rcsBp1,0.3333333333333333,2,2,GTATGGTTTTATTCGACGCC,0,3024853
rcsBp1,0.3333333333333333,2,2,GTATGGCGCAATAGCTCGAC,0,3070509
rcsBp1,0.3333333333333333,2,2,GTATGAGGGGAAGCTACTGT,0,3040634
rcsBp1,0.3333333333333333,2,2,GTATCTCTGGTATACGTCTG,0,3029998
rcsBp1,0.3333333333333333,2,2,GTATCTATAGATACTATATA,0,3036906
rcsBp1,0.3333333333333333,2,2,GTAGTTATGAAGAATTCTGC,0,3022552
rcsBp1,0.3333333333333333,2,2,GTAGTCCCCATAATTCGACA,0,3055155
rcsBp1,0.3333333333333333,2,2,GTAGGTCATACGTAGTGTCA,0,3048157
rcsBp1,0.3333333333333333,2,2,GTAGGGGGGCCATGTTAAAT,0,3055043
rcsBp1,0.3333333333333333,2,2,GTAGCGCAAGAGATCCACCC,0,3028658
rcsBp1,0.3333333333333333,2,2,GTAGAGCCCATAAATGCTGA,0,3036410
rcsBp1,0.3333333333333333,2,2,GTACTAGCGCGTCTGGCGGA,0,3050485
rcsBp1,0.3333333333333333,2,2,GTACGGGTTATTTACACCGA,0,3035493
rcsBp1,0.3333333333333333,2,2,GTACGGCTCACTGTGTTCGT,0,3039478
rcsBp1,0.3333333333333333,2,2,GTACCCGGGGGCACTCGACG,0,3065033
rcsBp1,0.3333333333333333,2,2,GTACCCACTTAAAGGTCCGA,0,3047960
rcsBp1,0.3333333333333333,2,2,GTACATTACTATGGTGAACA,0,3069340
rcsBp1,0.3333333333333333,2,2,GTACAATGCGGGAAATACCT,0,3028197
rcsBp1,0.3333333333333333,2,2,GTACAAAGGACAACTGTGTC,0,3063580
rcsBp1,0.3333333333333333,2,2,GTAATATATAAATAGAGGGT,0,3031530
rcsBp1,0.3333333333333333,2,2,GTAATAATTGATGGGTGGGT,0,3069669
rcsBp1,0.3333333333333333,2,2,GTAACAATAAATATGGTAAG,0,3052956
rcsBp1,0.3333333333333333,2,2,GTAAATACTAATTACGCTTC,0,3069161
rcsBp1,0.3333333333333333,2,2,GTAAAGCTTTCCATGTTGGA,0,3039314
rcsBp1,0.3333333333333333,2,2,GTAAAACGAGATTACCGAGA,0,3041015
rcsBp1,0.3333333333333333,2,2,GGTTTGGTATTTTGTGGAAT,0,3025800
rcsBp1,0.3333333333333333,2,2,GGTTTGGCTAATATGTGAAA,0,3047152
rcsBp1,0.3333333333333333,2,2,GGTTTCACACAGCTACCTTT,0,3026493
rcsBp1,0.3333333333333333,2,2,GGTTGCGCTCCCCCTTCCAA,0,3063457
rcsBp1,0.3333333333333333,2,2,GGTTGAAATATCATCCAGTG,0,3041963
rcsBp1,0.3333333333333333,2,2,GGTTCTGCGATAGGTAGTAA,0,3071706
rcsBp1,0.3333333333333333,2,2,GGTTCAAAGATATTAAGGGA,0,3030039
rcsBp1,0.3333333333333333,2,2,GGTGGTAAAAAAGTGGCCTA,0,3044329
rcsBp1,0.3333333333333333,2,2,GGTGAGCCTGCGTGCACACA,0,3070648
rcsBp1,0.3333333333333333,2,2,GGTCGCTACAGTGTGGTCCT,0,3031778
rcsBp1,0.3333333333333333,2,2,GGTCGCCATAGGAGCCCACA,0,3062902
rcsBp1,0.3333333333333333,2,2,GGTCCACCCCATGACGGATT,0,3060070
rcsBp1,0.3333333333333333,2,2,GGTCATCTGCGCGTGTCTTT,0,3063318
rcsBp1,0.3333333333333333,2,2,GGTATGCTGCAGTTGTGGAA,0,3070122
rcsBp1,0.3333333333333333,2,2,GGTATACATGACAAGTGTTT,0,3037590
rcsBp1,0.3333333333333333,2,2,GGTAGGCTGCTCATGTCTGA,0,3029578
rcsBp1,0.3333333333333333,2,2,GGTAAGTATCATCCACCCCA,0,3028163
rcsBp1,0.3333333333333333,2,2,GGTAAAGCCTAACTGGAGGG,0,3023121
rcsBp1,0.3333333333333333,2,2,GGGTGTAGGATCTAAGGAAC,0,3037367
rcsBp1,0.3333333333333333,2,2,GGGTGGGTCCTAACCGCATA,0,3053039
rcsBp1,0.3333333333333333,2,2,GGGTGAGCGACCTATATTTC,0,3024653
rcsBp1,0.3333333333333333,2,2,GGGTCGGGGAAAAACAGGCG,0,3067936
rcsBp1,0.3333333333333333,2,2,GGGTCCAGTACAAAAACAAT,0,3062734
rcsBp1,0.3333333333333333,2,2,GGGTATACGCCGCTAATTTC,0,3047381
rcsBp1,0.3333333333333333,2,2,GGGTAGTGGCGATGTGCGGG,0,3065186
rcsBp1,0.3333333333333333,2,2,GGGTACGGGTTTCCGGTTTA,0,3066352
rcsBp1,0.3333333333333333,2,2,GGGTACAAACGGTGCCTGTG,0,3060532
rcsBp1,0.3333333333333333,2,2,GGGGTGTGCGAGGTAAGAAT,0,3044134
rcsBp1,0.3333333333333333,2,2,GGGGTGGAGTTTTTGCTTTC,0,3030664
rcsBp1,0.3333333333333333,2,2,GGGGTGCGATGAGCGATGAG,0,3031758
rcsBp1,0.3333333333333333,2,2,GGGGTCTTTTCGATTGTGTG,0,3052663
rcsBp1,0.3333333333333333,2,2,GGGGTCTGTGTGTGCGCCAA,0,3048025
rcsBp1,0.3333333333333333,2,2,GGGGTCGAAGGGACTTCCGA,0,3040649
rcsBp1,0.3333333333333333,2,2,GGGGGTGCGTAAGGTCGACC,0,3040371
rcsBp1,0.3333333333333333,2,2,GGGGGCAGGCTTCTGATCAC,0,3035927
rcsBp1,0.3333333333333333,2,2,GGGGGAAGAGTCCAGATGCT,0,3042130
rcsBp1,0.3333333333333333,2,2,GGGGATCGGGCAATGAAGCA,0,3037169
rcsBp1,0.3333333333333333,2,2,GGGCTACTACCGAAGGACGT,0,3054649
rcsBp1,0.3333333333333333,2,2,GGGCGGGTTTAGAACATTGC,0,3061339
rcsBp1,0.3333333333333333,2,2,GGGCCTGTGTAGGAGTAACT,0,3072554
rcsBp1,0.3333333333333333,2,2,GGGCATACCTTGTAGATCTC,0,3044392
rcsBp1,0.3333333333333333,2,2,GGGATACCGACGTACACCGT,0,3064170
rcsBp1,0.3333333333333333,2,2,GGGACCTGCCAAGCCACACA,0,3046964
rcsBp1,0.3333333333333333,2,2,GGGACCGCGACAACCGACGT,0,3039416
rcsBp1,0.3333333333333333,2,2,GGGAATAGGCGATAGGTCTT,0,3062639
rcsBp1,0.3333333333333333,2,2,GGGAAGGAGTACCCAAGGTT,0,3036081
rcsBp1,0.3333333333333333,2,2,GGGAAAACCGTAAACTCGAA,0,3064854
rcsBp1,0.3333333333333333,2,2,GGCTTGAATATTGGCTATTG,0,3030179
rcsBp1,0.3333333333333333,2,2,GGCTTCCCTACGAGATAGTG,0,3050162
rcsBp1,0.3333333333333333,2,2,GGCTCTTACGCCACCATAGG,0,3024837
rcsBp1,0.3333333333333333,2,2,GGCTATTAGATTGGTCACGT,0,3054342
rcsBp1,0.3333333333333333,2,2,GGCGTTAAGGAGATACGCGT,0,3048137
rcsBp1,0.3333333333333333,2,2,GGCGTGCTTGGGTATGGCCC,0,3040633
rcsBp1,0.3333333333333333,2,2,GGCGGCTGGGAATTAATGCT,0,3070561
rcsBp1,0.3333333333333333,2,2,GGCGACCATTGCAGGGTGTT,0,3030606
rcsBp1,0.3333333333333333,2,2,GGCCTCAATATCACTCGGTT,0,3070594
rcsBp1,0.3333333333333333,2,2,GGCCGTCAGTCCATGTCTCT,0,3024062
rcsBp1,0.3333333333333333,2,2,GGCCGCCTTTACAGTGTGAT,0,3060889
rcsBp1,0.3333333333333333,2,2,GGCCGCAGGGCCATATGTCA,0,3040333
rcsBp1,0.3333333333333333,2,2,GGCCAACGAGTCGATGAGAG,0,3041313
rcsBp1,0.3333333333333333,2,2,GGCATCCGTTTTCTACAGTT,0,3070040
rcsBp1,0.3333333333333333,2,2,GGCACGCGGGAGCGGTCCGT,0,3070262
rcsBp1,0.3333333333333333,2,2,GGCAATGGGTATCAGGCTTT,0,3055541
rcsBp1,0.3333333333333333,2,2,GGCAATCCTGAACGCGAGGG,0,3038232
rcsBp1,0.3333333333333333,2,2,GGCAATCAATTGTAATCTTT,0,3046576
rcsBp1,0.3333333333333333,2,2,GGCAAGTGGTAGTGGAGTCA,0,3043260
rcsBp1,0.3333333333333333,2,2,GGATTTGCATAGGTCCGGTT,0,3035583
rcsBp1,0.3333333333333333,2,2,GGATGACTCGATCTGCATCT,0,3041481
rcsBp1,0.3333333333333333,2,2,GGATCGTAGGATGGTGGTAC,0,3061200
rcsBp1,0.3333333333333333,2,2,GGATCAAGAAGACGCCGCCT,0,3053716
rcsBp1,0.3333333333333333,2,2,GGATATAGTAAGGTGGGAAA,0,3070353
rcsBp1,0.3333333333333333,2,2,GGATACGATGTGTATTGGGG,0,3066319
rcsBp1,0.3333333333333333,2,2,GGAGTCGAAGTTGTTGGCTT,0,3066664
rcsBp1,0.3333333333333333,2,2,GGAGGGTAGGTCATGAATGC,0,3053119
rcsBp1,0.3333333333333333,2,2,GGAGCCTCACAGCTCCAAGT,0,3043855
rcsBp1,0.3333333333333333,2,2,GGAGACCGCTTGGAATAACA,0,3066515
rcsBp1,0.3333333333333333,2,2,GGACTGCCACTGCGCACCGA,0,3073697
rcsBp1,0.3333333333333333,2,2,GGACTCACTTACTACGCGTG,0,3022719
rcsBp1,0.3333333333333333,2,2,GGACTAGAGGTTGGCTCATT,0,3031668
rcsBp1,0.3333333333333333,2,2,GGACGGACCATCGGCGGGGG,0,3023731
rcsBp1,0.3333333333333333,2,2,GGACGAGGCTCGCGATCTAA,0,3046613
rcsBp1,0.3333333333333333,2,2,GGACCTGCGTCCAACAAACT,0,3030205
rcsBp1,0.3333333333333333,2,2,GGACCCGAGACCCATTTGAT,0,3025020
rcsBp1,0.3333333333333333,2,2,GGACCAGTTCCTCGACCGTC,0,3031552
rcsBp1,0.3333333333333333,2,2,GGACAGGGGGCTTCACCCGA,0,3027635
rcsBp1,0.3333333333333333,2,2,GGAATTGTGGCGCCGGACGT,0,3070562
rcsBp1,0.3333333333333333,2,2,GGAATCTTAACGGAAGAAAT,0,3044832
rcsBp1,0.3333333333333333,2,2,GGAAGCTGTCCGAGGTACGT,0,3051335
rcsBp1,0.3333333333333333,2,2,GGAACGGCAACAGAAAGACA,0,3071942
rcsBp1,0.3333333333333333,2,2,GGAACATATATAATAGGAAC,0,3051513
rcsBp1,0.3333333333333333,2,2,GCTTTCGCGACAACGACAGC,0,3048110
rcsBp1,0.3333333333333333,2,2,GCTTGCTGAAGGGTTTTGCA,0,3052694
rcsBp1,0.3333333333333333,2,2,GCTTAGAGAAATAGAGGGAT,0,3059399
rcsBp1,0.3333333333333333,2,2,GCTGGTCGAAACACCCACGA,0,3042332
rcsBp1,0.3333333333333333,2,2,GCTGGGACAACGGCTGGGGT,0,3032849
rcsBp1,0.3333333333333333,2,2,GCTGGCAGTTGCATGGAAGT,0,3073628
rcsBp1,0.3333333333333333,2,2,GCTGCGGTACTTATTCGGCG,0,3072854
rcsBp1,0.3333333333333333,2,2,GCTGACCAAGACACGCTAAC,0,3037559
rcsBp1,0.3333333333333333,2,2,GCTCTGATGATCCATTGGAC,0,3037000
rcsBp1,0.3333333333333333,2,2,GCTCTATTGGTTTATTATCA,0,3035252
rcsBp1,0.3333333333333333,2,2,GCTCGGACCCTCATCCACTG,0,3049113
rcsBp1,0.3333333333333333,2,2,GCTCCGGAGAATCTCTATGG,0,3062427
rcsBp1,0.3333333333333333,2,2,GCTCCGACGTATCCGTTCAA,0,3050671
rcsBp1,0.3333333333333333,2,2,GCTCATCGATCTTGACCCGC,0,3031577
rcsBp1,0.3333333333333333,2,2,GCTCAGTTGTCGTACGAGCT,0,3029502
rcsBp1,0.3333333333333333,2,2,GCTATTATTAGTTGCATAAC,0,3058523
rcsBp1,0.3333333333333333,2,2,GCTATCAGGTCCTAATAAAA,0,3051493
rcsBp1,0.3333333333333333,2,2,GCTAGTATTTGTTTCTGGGA,0,3060409
rcsBp1,0.3333333333333333,2,2,GCTAGCCCCTGGCAGGCCTA,0,3028050
rcsBp1,0.3333333333333333,2,2,GCTACTATATCGCGACTCCT,0,3073342
rcsBp1,0.3333333333333333,2,2,GCTACCTGGAAGCCGCGTGT,0,3039237
rcsBp1,0.3333333333333333,2,2,GCTACCCCGGCACTAAGCCA,0,3022983
rcsBp1,0.3333333333333333,2,2,GCTAATCTAAATTCGGAGGT,0,3043227
rcsBp1,0.3333333333333333,2,2,GCGTGTCCTGTTGCCCTCGA,0,3030980
rcsBp1,0.3333333333333333,2,2,GCGTGTACAATTGTCGGCCT,0,3024175
rcsBp1,0.3333333333333333,2,2,GCGTAGTGCGACGAACAAAA,0,3046401
rcsBp1,0.3333333333333333,2,2,GCGTAGAGCGCAGTCGCCGG,0,3026251
rcsBp1,0.3333333333333333,2,2,GCGGTTGGGGTCTTGTAAGT,0,3059532
rcsBp1,0.3333333333333333,2,2,GCGGTTAAGTAGGAAATCAT,0,3039114
rcsBp1,0.3333333333333333,2,2,GCGGTAGAGTCGCTTTATCT,0,3055874
rcsBp1,0.3333333333333333,2,2,GCGGGAACGGATCATTGTCG,0,3070034
rcsBp1,0.3333333333333333,2,2,GCGGCGACGCCATTCCGATG,0,3057154
rcsBp1,0.3333333333333333,2,2,GCGGAGGAGCGGCGAGCCTT,0,3036721
rcsBp1,0.3333333333333333,2,2,GCGCGTGGAGAGGAAGGCTA,0,3038920
rcsBp1,0.3333333333333333,2,2,GCGCCTTTAAAAGAATTTTG,0,3022755
rcsBp1,0.3333333333333333,2,2,GCGCATGGGCTAAAATAGAG,0,3068906
rcsBp1,0.3333333333333333,2,2,GCGAATATTTCAAGGGACAT,0,3044211
rcsBp1,0.3333333333333333,2,2,GCGAAAAGCTCCGAGCATCC,0,3066290
rcsBp1,0.3333333333333333,2,2,GCCTTTGCTAGTAAAGGCTG,0,3058088
rcsBp1,0.3333333333333333,2,2,GCCTTGCATGACTTTAAATG,0,3056503
rcsBp1,0.3333333333333333,2,2,GCCTGTATATCTTCAATGGC,0,3026547
rcsBp1,0.3333333333333333,2,2,GCCTGAAGGCTGTACCCAGT,0,3050787
rcsBp1,0.3333333333333333,2,2,GCCTCGGTCGGGTTCGCGGC,0,3042170
rcsBp1,0.3333333333333333,2,2,GCCGGAGCTCATCCGAAATG,0,3054639
rcsBp1,0.3333333333333333,2,2,GCCGCGGCCGACGCTCGTAT,0,3047853
rcsBp1,0.3333333333333333,2,2,GCCGAGTTTTTGGGGTAGTC,0,3063260
rcsBp1,0.3333333333333333,2,2,GCCCGCGTTCCCGCGGTTTG,0,3068816
rcsBp1,0.3333333333333333,2,2,GCCCCAAAGAGAAACCTCTT,0,3063125
rcsBp1,0.3333333333333333,2,2,GCCCACTGACTGGTGCGGTA,0,3068170
rcsBp1,0.3333333333333333,2,2,GCCCACACCCTCACTAGGTT,0,3025821
rcsBp1,0.3333333333333333,2,2,GCCATTTTAAGCACGCTTTG,0,3025406
rcsBp1,0.3333333333333333,2,2,GCCATAGGCAATTCATGGAG,0,3040514
rcsBp1,0.3333333333333333,2,2,GCCAATTTTTTCTCTTCTGT,0,3059934
rcsBp1,0.3333333333333333,2,2,GCCAAGGTCTTGACAGAGCA,0,3067255
rcsBp1,0.3333333333333333,2,2,GCCAACCTCGGTAAGGAGCT,0,3023177
rcsBp1,0.3333333333333333,2,2,GCATTATGTATTTGCCCATC,0,3047883
rcsBp1,0.3333333333333333,2,2,GCATGGTAGCTATGATATGG,0,3062319
rcsBp1,0.3333333333333333,2,2,GCATGATGTGTCATGCCAAG,0,3032590
rcsBp1,0.3333333333333333,2,2,GCATGAAGGGGAATCTTGTG,0,3043394
rcsBp1,0.3333333333333333,2,2,GCATCTGCACTTGTAATGCA,0,3026818
rcsBp1,0.3333333333333333,2,2,GCATCGCGAATCTAACCATT,0,3044382
rcsBp1,0.3333333333333333,2,2,GCATAGGGTACTGGGTTTGT,0,3052611
rcsBp1,0.3333333333333333,2,2,GCAGTTCTGCTTAGACAGGC,0,3031168
rcsBp1,0.3333333333333333,2,2,GCAGATGGGACCTCGAGAAC,0,3041409
rcsBp1,0.3333333333333333,2,2,GCAGAATGCCTCAACAGTCT,0,3043267
rcsBp1,0.3333333333333333,2,2,GCACTTTTGTAATGGGTACA,0,3066880
rcsBp1,0.3333333333333333,2,2,GCACCTCCCCCTCCGATCTG,0,3062421
rcsBp1,0.3333333333333333,2,2,GCACCCGGTAGGTCTCTAGG,0,3022881
rcsBp1,0.3333333333333333,2,2,GCAATTATAGGCGCCTTTGT,0,3072340
rcsBp1,0.3333333333333333,2,2,GCAAGCCTTTCAATGATTCG,0,3034086
rcsBp1,0.3333333333333333,2,2,GCAAAGCCGCAGATTTCTTC,0,3022002
rcsBp1,0.3333333333333333,2,2,GATTTGTTTCTCGGGGAAAT,0,3021837
rcsBp1,0.3333333333333333,2,2,GATTGTATAGCCCAGACACG,0,3059403
rcsBp1,0.3333333333333333,2,2,GATTCTGAGAGGGCGCCCGC,0,3050680
rcsBp1,0.3333333333333333,2,2,GATTCGACCAGTAGAGACCC,0,3058264
rcsBp1,0.3333333333333333,2,2,GATTCCGGCCTTAGACCATG,0,3050786
rcsBp1,0.3333333333333333,2,2,GATTATAGTTGCGACACGTT,0,3027380
rcsBp1,0.3333333333333333,2,2,GATGACCTTAAACGCTAAGT,0,3056770
rcsBp1,0.3333333333333333,2,2,GATGAAACATTTAATTAATC,0,3028965
rcsBp1,0.3333333333333333,2,2,GATCTTGTAAGCATGACAGG,0,3059197
rcsBp1,0.3333333333333333,2,2,GATCTGTGGGGGCCATGAGC,0,3029758
rcsBp1,0.3333333333333333,2,2,GATCTGGAGCTGACCAAGCT,0,3043494
rcsBp1,0.3333333333333333,2,2,GATCGGTGAGAGTGGGATTT,0,3028258
rcsBp1,0.3333333333333333,2,2,GATCGCCGTGGTTGATTCAC,0,3027618
rcsBp1,0.3333333333333333,2,2,GATCCCGTATAATTCAGGCA,0,3035194
rcsBp1,0.3333333333333333,2,2,GATCATCCAGTCCCCAATCA,0,3029534
rcsBp1,0.3333333333333333,2,2,GATCAGGCACATTAATTACA,0,3036049
rcsBp1,0.3333333333333333,2,2,GATATTCATCGAGCCAAGGA,0,3072716
rcsBp1,0.3333333333333333,2,2,GATAGGTGGTCCAACAAGCG,0,3035560
rcsBp1,0.3333333333333333,2,2,GATACGGAGGCTCAAGTCGT,0,3060283
rcsBp1,0.3333333333333333,2,2,GATAAGTAATGGACCAGCCG,0,3057581
rcsBp1,0.3333333333333333,2,2,GATAACCCGATAGGGCATTC,0,3043817
rcsBp1,0.3333333333333333,2,2,GAGTTCCGAACCTGTATAGT,0,3029698
rcsBp1,0.3333333333333333,2,2,GAGTGGGTTCTATTTATACA,0,3051947
rcsBp1,0.3333333333333333,2,2,GAGTCACGCGCCTGATAGTG,0,3024452
rcsBp1,0.3333333333333333,2,2,GAGTACCTAGTCCGCATCGC,0,3030185
rcsBp1,0.3333333333333333,2,2,GAGGTTTCTCAAGGCAATAT,0,3023150
rcsBp1,0.3333333333333333,2,2,GAGGTAGGAATCTTCTAATC,0,3071100
rcsBp1,0.3333333333333333,2,2,GAGGTACCTCCCTAAAATTT,0,3071375
rcsBp1,0.3333333333333333,2,2,GAGGGAGGATGAAATTTCCA,0,3033294
rcsBp1,0.3333333333333333,2,2,GAGGCGCATCGCTTCCGTGT,0,3050212
rcsBp1,0.3333333333333333,2,2,GAGCGATTCTCACGCGGCTA,0,3024551
rcsBp1,0.3333333333333333,2,2,GAGCAGTCAAATCCACAGGA,0,3045930
rcsBp1,0.3333333333333333,2,2,GAGATTAAGGGACATGGCAC,0,3040808
rcsBp1,0.3333333333333333,2,2,GAGATGTAGATGTTCATCAA,0,3068817
rcsBp1,0.3333333333333333,2,2,GAGAGCAACAACCGCCCTTG,0,3069662
rcsBp1,0.3333333333333333,2,2,GAGAGACTTTAACCATGCGC,0,3046730
rcsBp1,0.3333333333333333,2,2,GAGACTCCGATCCCTCAGAG,0,3028294
rcsBp1,0.3333333333333333,2,2,GAGAATGTGTGTGGGACAAC,0,3042027
rcsBp1,0.3333333333333333,2,2,GAGAACTTAGCTACGGGAGA,0,3037039
rcsBp1,0.3333333333333333,2,2,GACTGCGTTCATATAGATAA,0,3064312
rcsBp1,0.3333333333333333,2,2,GACGTCAGGAAGCAATTTAG,0,3070610
rcsBp1,0.3333333333333333,2,2,GACGCTAGATTTAAGGGGTC,0,3025572
rcsBp1,0.3333333333333333,2,2,GACGACTTAGCTCGCGGGTG,0,3022613
rcsBp1,0.3333333333333333,2,2,GACGAAGTTCTCAATCGTGG,0,3038576
rcsBp1,0.3333333333333333,2,2,GACCTGTCACGGCCTATTCG,0,3030930
rcsBp1,0.3333333333333333,2,2,GACCGCCCTTGTGCGGACAT,0,3033730
rcsBp1,0.3333333333333333,2,2,GACCGCATCACTATCAATCA,0,3052232
rcsBp1,0.3333333333333333,2,2,GACCCACACATCTACGGCGC,0,3024282
rcsBp1,0.3333333333333333,2,2,GACCAGAGGAATCCCTCTTC,0,3028192
rcsBp1,0.3333333333333333,2,2,GACCACCTATAGTGGTCCAC,0,3043818
rcsBp1,0.3333333333333333,2,2,GACATGGATTAAGTTGCCAT,0,3032513
rcsBp1,0.3333333333333333,2,2,GACATCCGGGACGCACTGTT,0,3044487
rcsBp1,0.3333333333333333,2,2,GACACGGCTCACGAATCATA,0,3028262
rcsBp1,0.3333333333333333,2,2,GACAAGCACAGTTGCGCTTT,0,3059247
rcsBp1,0.3333333333333333,2,2,GAATTTTCGGTAAAACCCTC,0,3057660
rcsBp1,0.3333333333333333,2,2,GAATTATGGGCCTTCCGGAA,0,3061432
rcsBp1,0.3333333333333333,2,2,GAATGGGAAGAGATTATAAT,0,3022114
rcsBp1,0.3333333333333333,2,2,GAATGGAGTATTTCGAACGA,0,3032180
rcsBp1,0.3333333333333333,2,2,GAAGAGCAGCTACACGCCGA,0,3067546
rcsBp1,0.3333333333333333,2,2,GAACTTCTCAACTACGGCTC,0,3062797
rcsBp1,0.3333333333333333,2,2,GAACTGAAGCTGGTTTAGAC,0,3029400
rcsBp1,0.3333333333333333,2,2,GAACGGTTAATACACACGCA,0,3061427
rcsBp1,0.3333333333333333,2,2,GAACAGGGGAATCCTGATCG,0,3037850
rcsBp1,0.3333333333333333,2,2,GAACAAAAGGACCATGTCCA,0,3051230
rcsBp1,0.3333333333333333,2,2,GAAATTTGAGTGACATGAAT,0,3054931
rcsBp1,0.3333333333333333,2,2,GAAAGAATAACAGACCAACC,0,3065395
rcsBp1,0.3333333333333333,2,2,GAAACTTCGGGGCAGTCCTG,0,3032079
rcsBp1,0.3333333333333333,2,2,GAAACCCTCCGTGTATCCTT,0,3032997
rcsBp1,0.3333333333333333,2,2,GAAAATAACCCAGTATCAAC,0,3033114
rcsBp1,0.3333333333333333,2,2,CTTTCGATTGCTCAGTAAGC,0,3038577
rcsBp1,0.3333333333333333,2,2,CTTTATGTAGCGGTTAGTAA,0,3058049
rcsBp1,0.3333333333333333,2,2,CTTTAAGTACGAATTGGTTC,0,3032898
rcsBp1,0.3333333333333333,2,2,CTTCTGTCACTATACCACAG,0,3032904
rcsBp1,0.3333333333333333,2,2,CTTCTAGCAGTGCGGGAGCA,0,3039488
rcsBp1,0.3333333333333333,2,2,CTTCGACACCCCTCCCCGAT,0,3058412
rcsBp1,0.3333333333333333,2,2,CTTCACAGTTAAGCATAGTC,0,3029158
rcsBp1,0.3333333333333333,2,2,CTTATCGAGTGTGTCGGGCA,0,3050285
rcsBp1,0.3333333333333333,2,2,CTTAGGTTGACAATCGGCCT,0,3055494
rcsBp1,0.3333333333333333,2,2,CTTAGGAAATCTCCGTCCAG,0,3030269
rcsBp1,0.3333333333333333,2,2,CTTAGCCCACGCCGTTATGG,0,3057405
rcsBp1,0.3333333333333333,2,2,CTTACTGGTCCCGCGCAGTC,0,3064532
rcsBp1,0.3333333333333333,2,2,CTTACACAAAGACGACCTGT,0,3058465
rcsBp1,0.3333333333333333,2,2,CTGTTGTACGATAAAACCGG,0,3052861
rcsBp1,0.3333333333333333,2,2,CTGTTGGCAGACCACAGCAA,0,3071728
rcsBp1,0.3333333333333333,2,2,CTGTTGGAGACCCTTGCGCG,0,3037416
rcsBp1,0.3333333333333333,2,2,CTGTTATAGGAGGTGGTGTC,0,3063676
rcsBp1,0.3333333333333333,2,2,CTGTGTTTACCATTACTCTG,0,3035555
rcsBp1,0.3333333333333333,2,2,CTGTGAGCCGATGGCGTTAA,0,3036565
rcsBp1,0.3333333333333333,2,2,CTGTCCGTGCTCAACGCCAT,0,3060870
rcsBp1,0.3333333333333333,2,2,CTGTCCCCCCGCTTGTGCGA,0,3045086
rcsBp1,0.3333333333333333,2,2,CTGTCAGAGCGTTACGTCCT,0,3023882
rcsBp1,0.3333333333333333,2,2,CTGTCAATTGCCCCGTCACT,0,3051236
rcsBp1,0.3333333333333333,2,2,CTGGTGCCCATAAGTACCAG,0,3051557
rcsBp1,0.3333333333333333,2,2,CTGGTCTAAGAGACCTACAT,0,3068953
rcsBp1,0.3333333333333333,2,2,CTGGGGAGTACTCCGGAAGT,0,3054840
rcsBp1,0.3333333333333333,2,2,CTGGCATGAATACTAAACTT,0,3054979
rcsBp1,0.3333333333333333,2,2,CTGGCAAGCCAATATAACCT,0,3037104
rcsBp1,0.3333333333333333,2,2,CTGGATTTATGGGGCGGGAC,0,3048008
rcsBp1,0.3333333333333333,2,2,CTGGACCTGTGAAGTTAAAT,0,3053386
rcsBp1,0.3333333333333333,2,2,CTGCTTCTGAGCGGTCCGGT,0,3041621
rcsBp1,0.3333333333333333,2,2,CTGCTCTATGTTACGAAGCA,0,3063012
rcsBp1,0.3333333333333333,2,2,CTGCATAGTCGCCAAACGGT,0,3048746
rcsBp1,0.3333333333333333,2,2,CTGATTCTGTTTGGTGTTTA,0,3025336
rcsBp1,0.3333333333333333,2,2,CTGATCTCATCCCGGCGGGT,0,3027475
rcsBp1,0.3333333333333333,2,2,CTGATCCCACCAAGAATCGT,0,3063411
rcsBp1,0.3333333333333333,2,2,CTCTTTGTAACTTCCATGCT,0,3056947
rcsBp1,0.3333333333333333,2,2,CTCTTTGCTGACAGAGCTAG,0,3035893
rcsBp1,0.3333333333333333,2,2,CTCTTGAACGGCCTTCAGTT,0,3067170
rcsBp1,0.3333333333333333,2,2,CTCTTAGGGGCCCGTGGGGT,0,3028703
rcsBp1,0.3333333333333333,2,2,CTCTGTGGGCCTACGTGCCT,0,3042320
rcsBp1,0.3333333333333333,2,2,CTCTGCTTGGCATTTTTGAC,0,3069720
rcsBp1,0.3333333333333333,2,2,CTCTGCTCCCTCATCGCTCA,0,3049772
rcsBp1,0.3333333333333333,2,2,CTCTGACTCGAAGGTTCCTG,0,3050793
rcsBp1,0.3333333333333333,2,2,CTCTCTTCGTTTTTACACCA,0,3046719
rcsBp1,0.3333333333333333,2,2,CTCTCAATGGGGCTGTCGCG,0,3055973
rcsBp1,0.3333333333333333,2,2,CTCGTCAGCACTGTGTGAGA,0,3068815
rcsBp1,0.3333333333333333,2,2,CTCGTAGCCACGTTAGGAGG,0,3023153
rcsBp1,0.3333333333333333,2,2,CTCGGTGTAAGTGCGCAAAG,0,3068948
rcsBp1,0.3333333333333333,2,2,CTCGATTTTTTGCCGGAGGT,0,3044900
rcsBp1,0.3333333333333333,2,2,CTCCTCTCTACGGTGATGCA,0,3048219
rcsBp1,0.3333333333333333,2,2,CTCCGGTCCATACAGTGCTG,0,3059582
rcsBp1,0.3333333333333333,2,2,CTCCGGACTATGTGCTCCAC,0,3064077
rcsBp1,0.3333333333333333,2,2,CTCAGCCTTAGGTTTTTACA,0,3056627
rcsBp1,0.3333333333333333,2,2,CTATTTTAATCTCAGATTAT,0,3059186
rcsBp1,0.3333333333333333,2,2,CTATTCTTGCCTGTAACGTT,0,3029171
rcsBp1,0.3333333333333333,2,2,CTATCTGAGGAGTGGGGAGC,0,3038918
rcsBp1,0.3333333333333333,2,2,CTATCCCACTATCACCCAGG,0,3026363
rcsBp1,0.3333333333333333,2,2,CTATAGGGCTTACGCAGGTT,0,3024407
rcsBp1,0.3333333333333333,2,2,CTAGTGGGTCTTTAGATTTG,0,3061355
rcsBp1,0.3333333333333333,2,2,CTAGGTTGCCAAGACATCCA,0,3040151
rcsBp1,0.3333333333333333,2,2,CTAGGCGCTCCTGCGAATTT,0,3035872
rcsBp1,0.3333333333333333,2,2,CTAGAGGCTTCTTTCATCCA,0,3039399
rcsBp1,0.3333333333333333,2,2,CTACGTTCGATCAGAGCGAT,0,3054604
rcsBp1,0.3333333333333333,2,2,CTACGCGTACAGCTACGTTG,0,3066158
rcsBp1,0.3333333333333333,2,2,CTACCTCGACGTCTGGTTTG,0,3070613
rcsBp1,0.3333333333333333,2,2,CTACCAAGAAGTTACGGTCC,0,3058642
rcsBp1,0.3333333333333333,2,2,CTACAGGGGCCTAGGTACTA,0,3026270
rcsBp1,0.3333333333333333,2,2,CTACAAATAACGGCGTGTTG,0,3039404
rcsBp1,0.3333333333333333,2,2,CTAAAAGGACGCGATGCACG,0,3062233
rcsBp1,0.3333333333333333,2,2,CGTTTTAGATCATTTAATAT,0,3025096
rcsBp1,0.3333333333333333,2,2,CGTTTAAGGATTTGATAGAC,0,3051616
rcsBp1,0.3333333333333333,2,2,CGTTCATAGGAACTAAATGA,0,3032451
rcsBp1,0.3333333333333333,2,2,CGTTAAGCTTGGGCTTCCAG,0,3034617
rcsBp1,0.3333333333333333,2,2,CGTGGCTTCTTTAGGGTACC,0,3024192
rcsBp1,0.3333333333333333,2,2,CGTGGAAGTATGAATTTTGC,0,3045117
rcsBp1,0.3333333333333333,2,2,CGTGCTTGCTTGGCATGTGC,0,3056410
rcsBp1,0.3333333333333333,2,2,CGTGCATAAGTGAGGTCAGA,0,3024835
rcsBp1,0.3333333333333333,2,2,CGTGATCTCTGCGTTGAGGA,0,3060509
rcsBp1,0.3333333333333333,2,2,CGTGAAACGGGCGTTACCAT,0,3037159
rcsBp1,0.3333333333333333,2,2,CGTCTCGGTGAACAGGTCAA,0,3051829
rcsBp1,0.3333333333333333,2,2,CGTCTCAGTCGCACAAAGGT,0,3058385
rcsBp1,0.3333333333333333,2,2,CGTCGGGGTATAATCCCAAC,0,3022224
rcsBp1,0.3333333333333333,2,2,CGTCGGACTGGAACTTATTA,0,3041809
rcsBp1,0.3333333333333333,2,2,CGTCGATTAGTGCCATCTTG,0,3069455
rcsBp1,0.3333333333333333,2,2,CGTCAATTTTAATACTACTA,0,3056724
rcsBp1,0.3333333333333333,2,2,CGTCAAGTGATCATGACGAC,0,3050056
rcsBp1,0.3333333333333333,2,2,CGTCAAAATTGCAACATTCT,0,3049440
rcsBp1,0.3333333333333333,2,2,CGTATTAGCCGCTAAAATGC,0,3034511
rcsBp1,0.3333333333333333,2,2,CGTAGTTGAGGATCGTAATT,0,3056242
rcsBp1,0.3333333333333333,2,2,CGTAGATTGGATCTACCAGT,0,3053224
rcsBp1,0.3333333333333333,2,2,CGTAGATTCAATGGGGCGAC,0,3050565
rcsBp1,0.3333333333333333,2,2,CGTACTGCATTCGGGACCCT,0,3058077
rcsBp1,0.3333333333333333,2,2,CGTACGTTGATTATGTGAAG,0,3037619
rcsBp1,0.3333333333333333,2,2,CGTACGGCCAGTTCGGAATA,0,3053413
rcsBp1,0.3333333333333333,2,2,CGTACGAACGCGTCCTAAAA,0,3027495
rcsBp1,0.3333333333333333,2,2,CGGTTATTCAAGGTTATTCT,0,3028749
rcsBp1,0.3333333333333333,2,2,CGGTTACCGACGCTTTGTCT,0,3071061
rcsBp1,0.3333333333333333,2,2,CGGTGCAAGTTGTAGATACC,0,3043735
rcsBp1,0.3333333333333333,2,2,CGGTCCCTATCCCACCCTGG,0,3036635
rcsBp1,0.3333333333333333,2,2,CGGTAGACCTAACCAGCGGC,0,3070609
rcsBp1,0.3333333333333333,2,2,CGGGTTTTTGCAGCGTGGTG,0,3050750
rcsBp1,0.3333333333333333,2,2,CGGGCGTTGACCGCGGCTGC,0,3028170
rcsBp1,0.3333333333333333,2,2,CGGGCGATTCGAAATAGTCA,0,3026441
rcsBp1,0.3333333333333333,2,2,CGGGCAATTGGTTCACGATC,0,3052951
rcsBp1,0.3333333333333333,2,2,CGGGACTCACTACACCTTAA,0,3026574
rcsBp1,0.3333333333333333,2,2,CGGGACGCCTAGCTGATATA,0,3062942
rcsBp1,0.3333333333333333,2,2,CGGCTATACGCTTCCGTTTG,0,3060948
rcsBp1,0.3333333333333333,2,2,CGGCGTATTTACTAACCTCT,0,3053532
rcsBp1,0.3333333333333333,2,2,CGGCGCTCATGCACTCCCAA,0,3030421
rcsBp1,0.3333333333333333,2,2,CGGCCTAAACGTGTCTAGAT,0,3043491
rcsBp1,0.3333333333333333,2,2,CGGCCCTCTATCCGAAATGG,0,3031334
rcsBp1,0.3333333333333333,2,2,CGGCCCGGCCGCGGCTTTAC,0,3026507
rcsBp1,0.3333333333333333,2,2,CGGCATACTTCCGTAAAAAT,0,3060410
rcsBp1,0.3333333333333333,2,2,CGGCACTACCAGAAGATTGG,0,3049614
rcsBp1,0.3333333333333333,2,2,CGGACTTCCGAGTTGGATTT,0,3028184
rcsBp1,0.3333333333333333,2,2,CGGACGGCTGCAGAGTACTC,0,3041694
rcsBp1,0.3333333333333333,2,2,CGGACGAGTTATCTCGGCGG,0,3031629
rcsBp1,0.3333333333333333,2,2,CGGAATTCTCAGAATAGAGA,0,3058026
rcsBp1,0.3333333333333333,2,2,CGGAATCTCCAGGGGCAACG,0,3068896
rcsBp1,0.3333333333333333,2,2,CGGAAGCACTAGCCTGATTA,0,3055619
rcsBp1,0.3333333333333333,2,2,CGGAACTTTAATCGAACTCA,0,3067426
rcsBp1,0.3333333333333333,2,2,CGCTTTAACATGCTGGCGTG,0,3043406
rcsBp1,0.3333333333333333,2,2,CGCTCGGGGTTAAAGCCCGT,0,3039284
rcsBp1,0.3333333333333333,2,2,CGCTCCGGTTATGGGTCTCC,0,3067148
rcsBp1,0.3333333333333333,2,2,CGCTAGCGTGCTACCCGGTC,0,3051605
rcsBp1,0.3333333333333333,2,2,CGCTAGCGAACGGTTTTAAT,0,3036200
rcsBp1,0.3333333333333333,2,2,CGCTAATGCAAGGCGCGTAC,0,3029802
rcsBp1,0.3333333333333333,2,2,CGCGTTCATAGGAGTACTAT,0,3052989
rcsBp1,0.3333333333333333,2,2,CGCGTCGAAGGCGTTCATGG,0,3058573
rcsBp1,0.3333333333333333,2,2,CGCGCGCGTCGAGCACTGTA,0,3054981
rcsBp1,0.3333333333333333,2,2,CGCCTCGGAGCGCTGAGCGG,0,3061047
rcsBp1,0.3333333333333333,2,2,CGCCTAACTGGACGCTTACG,0,3066281
rcsBp1,0.3333333333333333,2,2,CGCCGATCATGGGCGTTAAC,0,3031358
rcsBp1,0.3333333333333333,2,2,CGCCCTTAACAGCTATGGTT,0,3050893
rcsBp1,0.3333333333333333,2,2,CGCCCAGCATACCGTCAGTT,0,3061422
rcsBp1,0.3333333333333333,2,2,CGCCCACCTTCCGCGAGAAA,0,3052025
rcsBp1,0.3333333333333333,2,2,CGCCATTTACTTAAGAGTCG,0,3040595
rcsBp1,0.3333333333333333,2,2,CGCCATAACATGCAGGAGGA,0,3060880
rcsBp1,0.3333333333333333,2,2,CGCCACGTTCTAGATAAATT,0,3032178
rcsBp1,0.3333333333333333,2,2,CGCATCCTTGCGCGCAAGTG,0,3051266
rcsBp1,0.3333333333333333,2,2,CGCAGAGGTCCTTAACACTA,0,3061793
rcsBp1,0.3333333333333333,2,2,CGCACAACTGTACATGTTCG,0,3058986
rcsBp1,0.3333333333333333,2,2,CGATTCGTTGCCAACCAATC,0,3031054
rcsBp1,0.3333333333333333,2,2,CGATTAGACCGATTCGAAGG,0,3042254
rcsBp1,0.3333333333333333,2,2,CGATTACCATGGCTGATAGC,0,3040209
rcsBp1,0.3333333333333333,2,2,CGATGTACCCCACTCAAGCA,0,3052542
rcsBp1,0.3333333333333333,2,2,CGATCCGCGAGTGCGGGGTT,0,3057147
rcsBp1,0.3333333333333333,2,2,CGATATCCATTTAATCCGTC,0,3069815
rcsBp1,0.3333333333333333,2,2,CGATAGGATTCCGAATACGG,0,3057874
rcsBp1,0.3333333333333333,2,2,CGAGGCGAAGGTCCTGCCTA,0,3058189
rcsBp1,0.3333333333333333,2,2,CGAGCCGCTTTGTGTCGGGT,0,3031111
rcsBp1,0.3333333333333333,2,2,CGACTGAACGGGTACAGGAA,0,3059554
rcsBp1,0.3333333333333333,2,2,CGACGTCTATTTAGTCACGT,0,3031262
rcsBp1,0.3333333333333333,2,2,CGACGCAAAGGTCAAGCGGT,0,3051311
rcsBp1,0.3333333333333333,2,2,CGACCCTATCGTGTGGATGA,0,3040756
rcsBp1,0.3333333333333333,2,2,CGACAATGCTGCGGACAGAT,0,3032463
rcsBp1,0.3333333333333333,2,2,CGACAAAGAGGACCTGATAC,0,3041617
rcsBp1,0.3333333333333333,2,2,CGAATTTGGCACGATCGTTC,0,3070921
rcsBp1,0.3333333333333333,2,2,CGAATGGACCGTTCCCGCGA,0,3050726
rcsBp1,0.3333333333333333,2,2,CGAATATCTCACGTGCGTGA,0,3040207
rcsBp1,0.3333333333333333,2,2,CGAATAGAGAATTAGCCCAG,0,3051722
rcsBp1,0.3333333333333333,2,2,CGAAGTTACTTCGTAAGAAC,0,3038980
rcsBp1,0.3333333333333333,2,2,CGAACCGTCGGATTGCCATA,0,3039194
rcsBp1,0.3333333333333333,2,2,CGAACAGCATAAATACTGAC,0,3034167
rcsBp1,0.3333333333333333,2,2,CCTTTATACATTTTGGAGAA,0,3041634
rcsBp1,0.3333333333333333,2,2,CCTTCACTACGGAATAGGCG,0,3032038
rcsBp1,0.3333333333333333,2,2,CCTTAGGCGCTCATTTGTGG,0,3058819
rcsBp1,0.3333333333333333,2,2,CCTTAGAGGCACGTGGCGTA,0,3061085
rcsBp1,0.3333333333333333,2,2,CCTTACCTTGAAATCCCGAA,0,3063484
rcsBp1,0.3333333333333333,2,2,CCTTACCAGATTCGCCCTAA,0,3072261
rcsBp1,0.3333333333333333,2,2,CCTGGGCTTGCAGGAGGAGT,0,3023670
rcsBp1,0.3333333333333333,2,2,CCTCTTACATAGACTAACGT,0,3071315
rcsBp1,0.3333333333333333,2,2,CCTCGTTCACTTTGCGACAT,0,3060619
rcsBp1,0.3333333333333333,2,2,CCTCGGGTATACGTGCACAT,0,3071241
rcsBp1,0.3333333333333333,2,2,CCTCGATTTTTGTGTTCTAC,0,3029822
rcsBp1,0.3333333333333333,2,2,CCTCCACACTAAGTGCATTC,0,3055202
rcsBp1,0.3333333333333333,2,2,CCTCAGTGCGCAATCCTCCT,0,3073148
rcsBp1,0.3333333333333333,2,2,CCTCAGGACAGGAGCGCTCG,0,3050665
rcsBp1,0.3333333333333333,2,2,CCTACTCAGCCAGACCAGTC,0,3053767
rcsBp1,0.3333333333333333,2,2,CCTACCGCCAACTACCGTGG,0,3026284
rcsBp1,0.3333333333333333,2,2,CCTAAGCCCTACCCGGTATT,0,3068194
rcsBp1,0.3333333333333333,2,2,CCGTTTCATGGACGGTTTAC,0,3060700
rcsBp1,0.3333333333333333,2,2,CCGTGCCCTAACCCATGATC,0,3057936
rcsBp1,0.3333333333333333,2,2,CCGTCGTTATTTGGCTATGT,0,3063868
rcsBp1,0.3333333333333333,2,2,CCGTCGGACCGCACTCTGAG,0,3026560
rcsBp1,0.3333333333333333,2,2,CCGTACACATGTAAATAGCC,0,3044853
rcsBp1,0.3333333333333333,2,2,CCGTACAATCAATCGTTAAA,0,3069867
rcsBp1,0.3333333333333333,2,2,CCGGAACACATGCTCTTGTA,0,3066695
rcsBp1,0.3333333333333333,2,2,CCGCTACTGAACCCCCCGCA,0,3028141
rcsBp1,0.3333333333333333,2,2,CCGCGGGAGCAGATATTGGC,0,3034706
rcsBp1,0.3333333333333333,2,2,CCGCGGGAAACCCGAGCCCC,0,3052370
rcsBp1,0.3333333333333333,2,2,CCGCCTGTGAAATGCTACTA,0,3052514
rcsBp1,0.3333333333333333,2,2,CCGCCACAGGGGCCGTTCCA,0,3065081
rcsBp1,0.3333333333333333,2,2,CCGATTCGAGTTTAACCAAT,0,3042375
rcsBp1,0.3333333333333333,2,2,CCGATTATAGATTTACAATT,0,3035919
rcsBp1,0.3333333333333333,2,2,CCGATTAGGAGGTGTGCCGA,0,3048776
rcsBp1,0.3333333333333333,2,2,CCGATGCAAGGCTCGATGGG,0,3060332
rcsBp1,0.3333333333333333,2,2,CCGACCCTCGCGGTGAGGAA,0,3053225
rcsBp1,0.3333333333333333,2,2,CCGACCAGACATTTTTTTAT,0,3037179
rcsBp1,0.3333333333333333,2,2,CCCTTCTGATGGCTAATCTC,0,3045492
rcsBp1,0.3333333333333333,2,2,CCCTTCCACAGCAGGTAACA,0,3030142
rcsBp1,0.3333333333333333,2,2,CCCTTAGCACGGTCATTGCG,0,3042245
rcsBp1,0.3333333333333333,2,2,CCCTGCGGCATTTCAGTTTA,0,3056754
rcsBp1,0.3333333333333333,2,2,CCCGGATGGTGTCCGTATCG,0,3044169
rcsBp1,0.3333333333333333,2,2,CCCGCCCAGCAGACATTTTT,0,3062924
rcsBp1,0.3333333333333333,2,2,CCCGATCGGTTCCGGCCACG,0,3025399
rcsBp1,0.3333333333333333,2,2,CCCGAGGCTCCACGCTTCAA,0,3061870
rcsBp1,0.3333333333333333,2,2,CCCCCAGTAGTTGAATCAGT,0,3029410
rcsBp1,0.3333333333333333,2,2,CCCCCACCGGTCGAGAGCGG,0,3024743
rcsBp1,0.3333333333333333,2,2,CCCCAGCATTTATCATTCAT,0,3062698
rcsBp1,0.3333333333333333,2,2,CCCCAATCCTGTCATTGAGG,0,3056135
rcsBp1,0.3333333333333333,2,2,CCCATGGAAAATTGTCTTCT,0,3042629
rcsBp1,0.3333333333333333,2,2,CCCATCGTCCAGAAAAACGC,0,3056714
rcsBp1,0.3333333333333333,2,2,CCCATATTGCTCTCACTAAC,0,3024865
rcsBp1,0.3333333333333333,2,2,CCCAGGACGTTCAAGTTTGG,0,3038357
rcsBp1,0.3333333333333333,2,2,CCCACTTCGTTTTAACACAA,0,3023963
rcsBp1,0.3333333333333333,2,2,CCCACCTCATAGACTGGCAA,0,3027383
rcsBp1,0.3333333333333333,2,2,CCCAATCCGGGGCCGGAGTC,0,3029646
rcsBp1,0.3333333333333333,2,2,CCCAAGGTCGGTGTCGGTAC,0,3073444
rcsBp1,0.3333333333333333,2,2,CCATTTGTGTCTAACCACGT,0,3060203
rcsBp1,0.3333333333333333,2,2,CCATCTATACACTGTAACCC,0,3028134
rcsBp1,0.3333333333333333,2,2,CCATCAGGAATGCGTTGTAT,0,3053146
rcsBp1,0.3333333333333333,2,2,CCAGTTAGCGTAGCATGTTC,0,3042815
rcsBp1,0.3333333333333333,2,2,CCAGCCCGTCCCAAGTGTCG,0,3071527
rcsBp1,0.3333333333333333,2,2,CCAGCAGACCTATGATGCGG,0,3061952
rcsBp1,0.3333333333333333,2,2,CCAGATCAGGGATGATTCGC,0,3038390
rcsBp1,0.3333333333333333,2,2,CCAGAATAAATGACGGGGGT,0,3033544
rcsBp1,0.3333333333333333,2,2,CCACTGTTTGTCACCCTGAT,0,3068301
rcsBp1,0.3333333333333333,2,2,CCACGTGGCGCTTCTAGGTA,0,3065849
rcsBp1,0.3333333333333333,2,2,CCACATGCTCCTTGACAATG,0,3042112
rcsBp1,0.3333333333333333,2,2,CCACAACAACTTCAACATTT,0,3046062
rcsBp1,0.3333333333333333,2,2,CCAATTTTTCCTACATAGAG,0,3067902
rcsBp1,0.3333333333333333,2,2,CCAATAAGGGGATGGTGACG,0,3049408
rcsBp1,0.3333333333333333,2,2,CCAATAAGAGATGAGACGCG,0,3062744
rcsBp1,0.3333333333333333,2,2,CCAAGGCACCCGCCTGGGTA,0,3036745
rcsBp1,0.3333333333333333,2,2,CCAACGCGGGCTTCAAGTGT,0,3049918
rcsBp1,0.3333333333333333,2,2,CCAACACTGGGGTCACTGGC,0,3044439
rcsBp1,0.3333333333333333,2,2,CCAAACACGACGACGAATTA,0,3044991
rcsBp1,0.3333333333333333,2,2,CATTTTTGTGTAGCTAGGGG,0,3026837
rcsBp1,0.3333333333333333,2,2,CATTTTCTCTTATGCCCCCT,0,3031174
rcsBp1,0.3333333333333333,2,2,CATTTGTGGATGCATTTCAG,0,3032749
rcsBp1,0.3333333333333333,2,2,CATTTAATATGATTCCCTAC,0,3046074
rcsBp1,0.3333333333333333,2,2,CATTGATGGCTGTATCAGCT,0,3044907
rcsBp1,0.3333333333333333,2,2,CATTCTTGACTCCTCGCCAC,0,3025260
rcsBp1,0.3333333333333333,2,2,CATTCTACGATGTGTTCGCC,0,3030476
rcsBp1,0.3333333333333333,2,2,CATGTAACCCTGTAGACAGT,0,3030656
rcsBp1,0.3333333333333333,2,2,CATGCCATTGGACACTTCAC,0,3033818
rcsBp1,0.3333333333333333,2,2,CATGAAAGGGGATCTGAAAC,0,3051271
rcsBp1,0.3333333333333333,2,2,CATCTCAGAGTGGACCCGAT,0,3038049
rcsBp1,0.3333333333333333,2,2,CATCGATAGAGGGTGCAGCC,0,3070891
rcsBp1,0.3333333333333333,2,2,CATCACAGACTGCACCTCAG,0,3054050
rcsBp1,0.3333333333333333,2,2,CATAATAGACGGTATGTAGA,0,3029845
rcsBp1,0.3333333333333333,2,2,CATAACACCGATGTCTTCTA,0,3043712
rcsBp1,0.3333333333333333,2,2,CATAAATCGGGTCGAGGGTA,0,3031971
rcsBp1,0.3333333333333333,2,2,CATAAAAGCACTATACACGA,0,3036041
rcsBp1,0.3333333333333333,2,2,CAGTTTAGCAAATAACCAGG,0,3041102
rcsBp1,0.3333333333333333,2,2,CAGTAGTGACCGGTTGGTCT,0,3045787
rcsBp1,0.3333333333333333,2,2,CAGTACCATACGATGCATCG,0,3025706
rcsBp1,0.3333333333333333,2,2,CAGGTAGAGCTCCCGGACGC,0,3072011
rcsBp1,0.3333333333333333,2,2,CAGGGCTACAGAAGACGCCT,0,3044106
rcsBp1,0.3333333333333333,2,2,CAGGCTGAGGTGTCACACTG,0,3025257
rcsBp1,0.3333333333333333,2,2,CAGGCGACTACAGTATCACA,0,3057211
rcsBp1,0.3333333333333333,2,2,CAGGCAACGTGTGCGGTTGG,0,3068223
rcsBp1,0.3333333333333333,2,2,CAGGACTATGTCTAAAATTT,0,3046058
rcsBp1,0.3333333333333333,2,2,CAGCTTAGAGTCGGTTGAGT,0,3072751
rcsBp1,0.3333333333333333,2,2,CAGCCCCAGCCGATGAGTCA,0,3056961
rcsBp1,0.3333333333333333,2,2,CAGCATATGGGGTCTCAAGA,0,3069992
rcsBp1,0.3333333333333333,2,2,CAGCAGGGCCGAACAGTGCC,0,3062080
rcsBp1,0.3333333333333333,2,2,CAGCAAAGCATTAAATGTAC,0,3068145
rcsBp1,0.3333333333333333,2,2,CAGATGTGATCTTGTATAAG,0,3040130
rcsBp1,0.3333333333333333,2,2,CAGAGCGACCCGTACTGGAT,0,3042364
rcsBp1,0.3333333333333333,2,2,CAGAATTGGAGCCATTAATG,0,3043467
rcsBp1,0.3333333333333333,2,2,CAGAAGGCAGTTTCAGGCCC,0,3035899
rcsBp1,0.3333333333333333,2,2,CAGAAATATCATGATGAGTC,0,3053389
rcsBp1,0.3333333333333333,2,2,CACTTCCATGCTCTTCGATC,0,3072253
rcsBp1,0.3333333333333333,2,2,CACGTCCACCACTCACAGCC,0,3056151
rcsBp1,0.3333333333333333,2,2,CACGGTTGCGCAGAGTGCCC,0,3058973
rcsBp1,0.3333333333333333,2,2,CACGGTAAAGTCTCTACGGA,0,3022855
rcsBp1,0.3333333333333333,2,2,CACGCAAGTTGTTCTAATCA,0,3064505
rcsBp1,0.3333333333333333,2,2,CACGATGCCTGGGTGGCGTC,0,3062795
rcsBp1,0.3333333333333333,2,2,CACGATCGTCCTGGGATGCG,0,3063210
rcsBp1,0.3333333333333333,2,2,CACCGATATACCCATCCACG,0,3046317
rcsBp1,0.3333333333333333,2,2,CACCGACTCCGCATCTACAT,0,3041961
rcsBp1,0.3333333333333333,2,2,CACCCGGATTTTTGGATGGC,0,3032109
rcsBp1,0.3333333333333333,2,2,CACATTTAAGTGGCTTGGCC,0,3037070
rcsBp1,0.3333333333333333,2,2,CACACATCAATTGGCTGCGT,0,3044982
rcsBp1,0.3333333333333333,2,2,CACACACATCTTAAACCGCG,0,3060315
rcsBp1,0.3333333333333333,2,2,CAATGTCTTTAGTATTTGGG,0,3034460
rcsBp1,0.3333333333333333,2,2,CAATCCGGCAAGCGGGTTAC,0,3065543
rcsBp1,0.3333333333333333,2,2,CAAGTGAGCTATCGGGGATT,0,3072528
rcsBp1,0.3333333333333333,2,2,CAAGGTGGAGGTTGCGGTGA,0,3045767
rcsBp1,0.3333333333333333,2,2,CAAGGGTTCGCCTCAAGCGT,0,3055445
rcsBp1,0.3333333333333333,2,2,CAAGGGACGTGATGCTAGAC,0,3072355
rcsBp1,0.3333333333333333,2,2,CAAGGATCCGAATGTCGAGT,0,3070915
rcsBp1,0.3333333333333333,2,2,CAAGGAACCCCCTGTCTATA,0,3072042
rcsBp1,0.3333333333333333,2,2,CAACGCGAGGACTTCACGCA,0,3057219
rcsBp1,0.3333333333333333,2,2,CAACGACACCGATGATTTTC,0,3034371
rcsBp1,0.3333333333333333,2,2,CAACCAGACCGCGTAAGAAA,0,3053347
rcsBp1,0.3333333333333333,2,2,CAACAAAGTCCCCGTTATTA,0,3041861
rcsBp1,0.3333333333333333,2,2,CAAATTGCATGACGAGATCT,0,3031327
rcsBp1,0.3333333333333333,2,2,CAAAGGTTCCGGGGAGTATG,0,3047270
rcsBp1,0.3333333333333333,2,2,CAAACCGGACGGCTATATGA,0,3045700
rcsBp1,0.3333333333333333,2,2,CAAAAGTCTACACCCGCCTT,0,3031999
rcsBp1,0.3333333333333333,2,2,CAAAAACAGTATTCCGAGGT,0,3055434
rcsBp1,0.3333333333333333,2,2,ATTTTGCGCTTTGGGGCGTA,0,3025809
rcsBp1,0.3333333333333333,2,2,ATTTTCCATAAAGCTCGCTC,0,3071502
rcsBp1,0.3333333333333333,2,2,ATTTGACTTTTGGATGGCAG,0,3053562
rcsBp1,0.3333333333333333,2,2,ATTGTTTCCTGGCATCAACA,0,3063152
rcsBp1,0.3333333333333333,2,2,ATTGTGAATAAACGGATTCA,0,3024954
rcsBp1,0.3333333333333333,2,2,ATTGTACGGAAGTCGCGATC,0,3029097
rcsBp1,0.3333333333333333,2,2,ATTCGATGGACATTGATGAC,0,3054786
rcsBp1,0.3333333333333333,2,2,ATTCGATCGATGCGTACAGA,0,3054762
rcsBp1,0.3333333333333333,2,2,ATTCCACCCGCTATATAGAG,0,3032373
rcsBp1,0.3333333333333333,2,2,ATTATTCGGGCGTAAGCAGT,0,3053817
rcsBp1,0.3333333333333333,2,2,ATTATGCAGAACCGGGACCG,0,3061233
rcsBp1,0.3333333333333333,2,2,ATTATGACTCCAGGTTGCCA,0,3031617
rcsBp1,0.3333333333333333,2,2,ATTATAACTCCGTGGCAGCC,0,3067350
rcsBp1,0.3333333333333333,2,2,ATTAGGGAATATAGGTCGAT,0,3057990
rcsBp1,0.3333333333333333,2,2,ATTACTTTATACTGCTTGGG,0,3026456
rcsBp1,0.3333333333333333,2,2,ATTACTATGGGTCCTAGCCG,0,3063512
rcsBp1,0.3333333333333333,2,2,ATTAAAGACTGTCCTTTGTC,0,3073527
rcsBp1,0.3333333333333333,2,2,ATGTTCTCGCCGAACTATCA,0,3063354
rcsBp1,0.3333333333333333,2,2,ATGTTATTAGTAATACACAC,0,3049367
rcsBp1,0.3333333333333333,2,2,ATGTGTGAAAGGCTAGGGAA,0,3045660
rcsBp1,0.3333333333333333,2,2,ATGTGGCCTCGAGATGGGAC,0,3026674
rcsBp1,0.3333333333333333,2,2,ATGTCTCAAGCGACCCTCTA,0,3069740
rcsBp1,0.3333333333333333,2,2,ATGGCTTTTTGAAGCCCTCA,0,3033259
rcsBp1,0.3333333333333333,2,2,ATGGCTCAGTAAATCGAGGG,0,3043929
rcsBp1,0.3333333333333333,2,2,ATGGCGCGCAGCTTGCTTGG,0,3031523
rcsBp1,0.3333333333333333,2,2,ATGGCGCAGCCTTACTGGAA,0,3052225
rcsBp1,0.3333333333333333,2,2,ATGCTACCAAAGTGCATGGA,0,3056280
rcsBp1,0.3333333333333333,2,2,ATGCTAAAAGGACACCAGGG,0,3056274
rcsBp1,0.3333333333333333,2,2,ATGCGATACACCTTGACAGT,0,3035173
rcsBp1,0.3333333333333333,2,2,ATGCCTTAGCACTCGCGGTA,0,3055279
rcsBp1,0.3333333333333333,2,2,ATGCCGCACTTATACGGAAA,0,3035348
rcsBp1,0.3333333333333333,2,2,ATGCACATGATGCTGCGACG,0,3062743
rcsBp1,0.3333333333333333,2,2,ATGATGGGCGTGCACCATGA,0,3024529
rcsBp1,0.3333333333333333,2,2,ATGAGGGTCCTTGAAGCTTG,0,3043683
rcsBp1,0.3333333333333333,2,2,ATGAGACAGTTCCAGAGATT,0,3054385
rcsBp1,0.3333333333333333,2,2,ATGAAGTCCAGGTTTCACCT,0,3038836
rcsBp1,0.3333333333333333,2,2,ATCTTCTATCAGTAGTGTAT,0,3029327
rcsBp1,0.3333333333333333,2,2,ATCTTAATCATAGTGGTTTA,0,3034826
rcsBp1,0.3333333333333333,2,2,ATCTGGGAGACCAGGATATA,0,3069917
rcsBp1,0.3333333333333333,2,2,ATCTGACGCTTAATTCAGTG,0,3065204
rcsBp1,0.3333333333333333,2,2,ATCTCTCGGGTATCAACAAG,0,3023264
rcsBp1,0.3333333333333333,2,2,ATCTCGTTTTGCACCGCCCG,0,3072927
rcsBp1,0.3333333333333333,2,2,ATCTAGGGCTCTACATCAGA,0,3053848
rcsBp1,0.3333333333333333,2,2,ATCGGTCATGCCAGTTAGGC,0,3046359
rcsBp1,0.3333333333333333,2,2,ATCGGGGACAAACCATATCA,0,3039884
rcsBp1,0.3333333333333333,2,2,ATCGCCGGGTTAGTTAGCTA,0,3072850
rcsBp1,0.3333333333333333,2,2,ATCGACAGGCTATATCCGGG,0,3037334
rcsBp1,0.3333333333333333,2,2,ATCCTCGGCTAGGGAGAGAC,0,3037452
rcsBp1,0.3333333333333333,2,2,ATCCTATTACGACATGTAGC,0,3058249
rcsBp1,0.3333333333333333,2,2,ATCCGAAGTTCATCCTACGG,0,3027550
rcsBp1,0.3333333333333333,2,2,ATCCCGACGGATTTCGGTCA,0,3027357
rcsBp1,0.3333333333333333,2,2,ATCCATTCACGTAAAGGATG,0,3045634
rcsBp1,0.3333333333333333,2,2,ATCATTAGCTGTCTAGGAAG,0,3039021
rcsBp1,0.3333333333333333,2,2,ATCAGGATGAATACTTTACG,0,3046690
rcsBp1,0.3333333333333333,2,2,ATCACCGTCGGATTGGACGC,0,3028986
rcsBp1,0.3333333333333333,2,2,ATCACCGTAGGCGGATGAGG,0,3068225
rcsBp1,0.3333333333333333,2,2,ATCAAAGATTCTTCGATCAC,0,3026404
rcsBp1,0.3333333333333333,2,2,ATATTATCTCCCGTCGTGCA,0,3038246
rcsBp1,0.3333333333333333,2,2,ATATGTGGCCACTGACCGTA,0,3025523
rcsBp1,0.3333333333333333,2,2,ATATGACAAGTGTATTGTAG,0,3049771
rcsBp1,0.3333333333333333,2,2,ATATCAAGGCACTGGGTCTG,0,3049078
rcsBp1,0.3333333333333333,2,2,ATATAGTCCCGTATTGGTGA,0,3054957
rcsBp1,0.3333333333333333,2,2,ATAGTAGTGTGCGACCTGTG,0,3053529
rcsBp1,0.3333333333333333,2,2,ATAGGTCCAGACAGCTCCCA,0,3031528
rcsBp1,0.3333333333333333,2,2,ATAGATGCGTGGCTGCTGGA,0,3045688
rcsBp1,0.3333333333333333,2,2,ATAGAGTACACCTCGGATGC,0,3064879
rcsBp1,0.3333333333333333,2,2,ATAGAGCGTTGATGCTACGC,0,3025026
rcsBp1,0.3333333333333333,2,2,ATAGAGCGTATCAAACTATT,0,3030468
rcsBp1,0.3333333333333333,2,2,ATAGACCTGAGTCCGATGCG,0,3032865
rcsBp1,0.3333333333333333,2,2,ATAGAAAATTTCTTATTTAG,0,3050570
rcsBp1,0.3333333333333333,2,2,ATACTAGATTATGGCCGGAA,0,3041170
rcsBp1,0.3333333333333333,2,2,ATACATGTGCCTATCCCTTA,0,3055929
rcsBp1,0.3333333333333333,2,2,ATACATATAGCATCAACACG,0,3060338
rcsBp1,0.3333333333333333,2,2,ATAAGTCGGTCCAGTTTCTG,0,3027281
rcsBp1,0.3333333333333333,2,2,ATAAAGCCAACTCTGTAGCG,0,3036917
rcsBp1,0.3333333333333333,2,2,ATAAACAGGTAGCTAGAATC,0,3044939
rcsBp1,0.3333333333333333,2,2,AGTTTGGATTCCCGCAAATT,0,3032938
rcsBp1,0.3333333333333333,2,2,AGTTTCCAAGCTCTGAAGGA,0,3069375
rcsBp1,0.3333333333333333,2,2,AGTTCTAGACGGAGTGAATA,0,3045011
rcsBp1,0.3333333333333333,2,2,AGTTCGAGGCATATTGAGTT,0,3025439
rcsBp1,0.3333333333333333,2,2,AGTTATTCGGGGGGTAGAGG,0,3050847
rcsBp1,0.3333333333333333,2,2,AGTTAAACCCAAATCATGGA,0,3063557
rcsBp1,0.3333333333333333,2,2,AGTGTCATCGCATCTAAGGT,0,3037637
rcsBp1,0.3333333333333333,2,2,AGTGTACAAAGACTTCAGGC,0,3032570
rcsBp1,0.3333333333333333,2,2,AGTGGTGAATTTGCACAGGT,0,3043857
rcsBp1,0.3333333333333333,2,2,AGTGCTAGCGCTGTTGCTTT,0,3046791
rcsBp1,0.3333333333333333,2,2,AGTGCTAACCCGCTCGATGA,0,3037315
rcsBp1,0.3333333333333333,2,2,AGTGAGTTTCTATCTTGTTT,0,3037320
rcsBp1,0.3333333333333333,2,2,AGTGAGTGCCCAGTCCGCGG,0,3046626
rcsBp1,0.3333333333333333,2,2,AGTGAGCACGGAGGGGCACT,0,3053734
rcsBp1,0.3333333333333333,2,2,AGTCTCTCGTCTCCAAACCA,0,3048081
rcsBp1,0.3333333333333333,2,2,AGTCGGAGCTATGAATCTGA,0,3053253
rcsBp1,0.3333333333333333,2,2,AGTCGCCTCCGTAGTTCAAT,0,3041667
rcsBp1,0.3333333333333333,2,2,AGTCATAAGCTCCTCAGCTT,0,3071287
rcsBp1,0.3333333333333333,2,2,AGTAGGTTGACGGGACACTC,0,3025178
rcsBp1,0.3333333333333333,2,2,AGTAGGGGGTATAGCGAACA,0,3054821
rcsBp1,0.3333333333333333,2,2,AGTAGGGAAAGTACTGGTTG,0,3038488
rcsBp1,0.3333333333333333,2,2,AGTACAAGCAGACCGATACA,0,3030100
rcsBp1,0.3333333333333333,2,2,AGTAAATGGTCGCTTATTTC,0,3068496
rcsBp1,0.3333333333333333,2,2,AGGTTGGCTCGCCTGGAGTC,0,3069126
rcsBp1,0.3333333333333333,2,2,AGGTGCCGTCAACGTCATCA,0,3072782
rcsBp1,0.3333333333333333,2,2,AGGTCCTAATGAGCCCTAGT,0,3050283
rcsBp1,0.3333333333333333,2,2,AGGTCATTTGCAGTCATGCT,0,3034506
rcsBp1,0.3333333333333333,2,2,AGGTACTGTGCCTGACCACT,0,3023891
rcsBp1,0.3333333333333333,2,2,AGGGTTGCCTCCCATCAACC,0,3054960
rcsBp1,0.3333333333333333,2,2,AGGGTTCTGATTTTTACTTG,0,3043298
rcsBp1,0.3333333333333333,2,2,AGGGTGCTCGTGGGGACCAC,0,3041181
rcsBp1,0.3333333333333333,2,2,AGGGGAAAGGCATATGGTTT,0,3049245
rcsBp1,0.3333333333333333,2,2,AGGCAGCACCAGGGTAACGC,0,3067352
rcsBp1,0.3333333333333333,2,2,AGGATCTGGGTAGCAACGTA,0,3070963
rcsBp1,0.3333333333333333,2,2,AGGATCGCCTACGGTTTTGG,0,3040922
rcsBp1,0.3333333333333333,2,2,AGGATCCTGGTGTCGTCTAT,0,3057387
rcsBp1,0.3333333333333333,2,2,AGGACTGCACGCCACATCCA,0,3043787
rcsBp1,0.3333333333333333,2,2,AGCTTCCCTACACTCCCTAT,0,3030727
rcsBp1,0.3333333333333333,2,2,AGCTTAGCGATGTGAAGTGT,0,3031828
rcsBp1,0.3333333333333333,2,2,AGCTGTATTATGGGAAAGGG,0,3027345
rcsBp1,0.3333333333333333,2,2,AGCTCCATACTTGCACGCGG,0,3036661
rcsBp1,0.3333333333333333,2,2,AGCTCATTTTGGCTGACATT,0,3028627
rcsBp1,0.3333333333333333,2,2,AGCTATCGATACCTTGAGGG,0,3042226
rcsBp1,0.3333333333333333,2,2,AGCGTTCTGTAAGTAAGGGC,0,3030127
rcsBp1,0.3333333333333333,2,2,AGCGTATCCACGGACGAGCA,0,3067718
rcsBp1,0.3333333333333333,2,2,AGCGCTGTTGTAAACACAGT,0,3040774
rcsBp1,0.3333333333333333,2,2,AGCGCCTATAGCTTGCACAT,0,3055133
rcsBp1,0.3333333333333333,2,2,AGCGCATTGCCTACCCTCTA,0,3030801
rcsBp1,0.3333333333333333,2,2,AGCGCACCTAGTTGACTGTA,0,3051374
rcsBp1,0.3333333333333333,2,2,AGCCTGTGGTCAACCCGTCT,0,3073014
rcsBp1,0.3333333333333333,2,2,AGCCTCAGATGTTCCGGTAT,0,3034643
rcsBp1,0.3333333333333333,2,2,AGCCGGATATCTAGTCGGCC,0,3066943
rcsBp1,0.3333333333333333,2,2,AGCCCAGTGGTCCGCAGGCG,0,3041740
rcsBp1,0.3333333333333333,2,2,AGCATATCTTCGATTAGAAA,0,3068483
rcsBp1,0.3333333333333333,2,2,AGCAGGTTGTTGCGCAGGAA,0,3049969
rcsBp1,0.3333333333333333,2,2,AGCAGGTCGTCGGCCATTTA,0,3042480
rcsBp1,0.3333333333333333,2,2,AGCAGATTTTTATCGCCTGC,0,3053778
rcsBp1,0.3333333333333333,2,2,AGCACAAGGACATCTATAGA,0,3037447
rcsBp1,0.3333333333333333,2,2,AGCAAATGCACTGAAGGGTC,0,3032740
rcsBp1,0.3333333333333333,2,2,AGCAAACGTCGTTTGCCGTG,0,3049733
rcsBp1,0.3333333333333333,2,2,AGCAAAATGCGTACCTACGA,0,3048731
rcsBp1,0.3333333333333333,2,2,AGATTTCAGGGGCTCGAACA,0,3021894
rcsBp1,0.3333333333333333,2,2,AGATGTGATGTTCCAGGGAC,0,3052153
rcsBp1,0.3333333333333333,2,2,AGATGGTTGTACGATCCTTC,0,3049177
rcsBp1,0.3333333333333333,2,2,AGATGGGGGAACTGATCATT,0,3066095
rcsBp1,0.3333333333333333,2,2,AGATGCGAGAGTGACCTCGA,0,3041941
rcsBp1,0.3333333333333333,2,2,AGATCGGAGAATTGGCCACA,0,3058884
rcsBp1,0.3333333333333333,2,2,AGATCAGGTCTCATTATGTG,0,3063850
rcsBp1,0.3333333333333333,2,2,AGATACGCCTGGGCGAATGA,0,3073648
rcsBp1,0.3333333333333333,2,2,AGATAAAAGGCCTTCATTGT,0,3043964
rcsBp1,0.3333333333333333,2,2,AGAGGCATATCAAGTGCTTC,0,3044624
rcsBp1,0.3333333333333333,2,2,AGAGACCACTAGCTGGGTGG,0,3051654
rcsBp1,0.3333333333333333,2,2,AGAGAACCAGCGCCGGACTT,0,3023769
rcsBp1,0.3333333333333333,2,2,AGACTTCAACGTGGCCTCAG,0,3053995
rcsBp1,0.3333333333333333,2,2,AGACTCGACGACGTACGCTA,0,3029161
rcsBp1,0.3333333333333333,2,2,AGACTCAGGAAAAGTGCGAT,0,3041475
rcsBp1,0.3333333333333333,2,2,AGACGGTACCGCACGAGGCC,0,3034149
rcsBp1,0.3333333333333333,2,2,AGACAGTGATCTAATTAGCT,0,3073723
rcsBp1,0.3333333333333333,2,2,AGACAGTCTAATGTCATGCC,0,3071842
rcsBp1,0.3333333333333333,2,2,AGACAACCGTCTCCTGATGA,0,3059703
rcsBp1,0.3333333333333333,2,2,AGAATTCAAGGAAGAACCTG,0,3036126
rcsBp1,0.3333333333333333,2,2,AGAATCTCACACCCACAGGA,0,3054770
rcsBp1,0.3333333333333333,2,2,AGAAGAGGTGTATACAGGGT,0,3048573
rcsBp1,0.3333333333333333,2,2,AGAACGGAACTAGGTCACTC,0,3050851
rcsBp1,0.3333333333333333,2,2,ACTTTTGGCTGCCTCCTGTC,0,3048497
rcsBp1,0.3333333333333333,2,2,ACTTTGTCGTGGACGGTTGC,0,3040186
rcsBp1,0.3333333333333333,2,2,ACTTTGCTTGCCGGGTGATA,0,3029408
rcsBp1,0.3333333333333333,2,2,ACTTGTTACGTAAAGGTGGT,0,3032129
rcsBp1,0.3333333333333333,2,2,ACTTGGCATATCCCCTTTGT,0,3031570
rcsBp1,0.3333333333333333,2,2,ACTTACCGTTCGAGTCGGTA,0,3065415
rcsBp1,0.3333333333333333,2,2,ACTGTCCGAGGGAGCCTCGG,0,3066767
rcsBp1,0.3333333333333333,2,2,ACTGGTATTAATAAGGGGTT,0,3067221
rcsBp1,0.3333333333333333,2,2,ACTGGGTGAAGAATGCCCTC,0,3072410
rcsBp1,0.3333333333333333,2,2,ACTGGCGTACGATAGTGTAA,0,3057062
rcsBp1,0.3333333333333333,2,2,ACTGGCGGTCCCGTCACGGG,0,3032550
rcsBp1,0.3333333333333333,2,2,ACTGGATCTAGAAGGGCTAT,0,3058247
rcsBp1,0.3333333333333333,2,2,ACTGGAACACTTCTTTACCT,0,3053218
rcsBp1,0.3333333333333333,2,2,ACTGCTCTCCCAACTGGGTT,0,3026463
rcsBp1,0.3333333333333333,2,2,ACTGCAAGCACAAGGATATG,0,3063336
rcsBp1,0.3333333333333333,2,2,ACTGAGACTCTTCAGCGCCG,0,3025171
rcsBp1,0.3333333333333333,2,2,ACTCTATACATGGGGCTCTT,0,3047882
rcsBp1,0.3333333333333333,2,2,ACTCGCGCTACAACAGGAGT,0,3070876
rcsBp1,0.3333333333333333,2,2,ACTCGAAGTATATACTATGC,0,3039793
rcsBp1,0.3333333333333333,2,2,ACTCCGCTGCACACAATTTC,0,3071455
rcsBp1,0.3333333333333333,2,2,ACTCATTGAAGCTTAGTTAC,0,3022518
rcsBp1,0.3333333333333333,2,2,ACTCATCAAGTAAAAGTTGT,0,3032211
rcsBp1,0.3333333333333333,2,2,ACTAGGACGGCGGGGGATGG,0,3045826
rcsBp1,0.3333333333333333,2,2,ACTACCCGTTTCGTTCGGTC,0,3053535
rcsBp1,0.3333333333333333,2,2,ACGTTCTCACACTAGACCGA,0,3067412
rcsBp1,0.3333333333333333,2,2,ACGTGGCGTTGCGATCCGCA,0,3039049
rcsBp1,0.3333333333333333,2,2,ACGTGCGCCTTTCAATAGCA,0,3047130
rcsBp1,0.3333333333333333,2,2,ACGTCGGGACGGCGTCCGTT,0,3062638
rcsBp1,0.3333333333333333,2,2,ACGTCCGAAGCGACGACCAG,0,3070009
rcsBp1,0.3333333333333333,2,2,ACGTCCAGTGGCATGGTCTG,0,3068612
rcsBp1,0.3333333333333333,2,2,ACGTAGAAATAAGAGTTGCA,0,3061181
rcsBp1,0.3333333333333333,2,2,ACGTACGCAGGGCCGCAATA,0,3046418
rcsBp1,0.3333333333333333,2,2,ACGGTGTAACTGGCACGGAG,0,3072162
rcsBp1,0.3333333333333333,2,2,ACGGTATCGAGAACGCAATT,0,3065876
rcsBp1,0.3333333333333333,2,2,ACGGCTATGCAAGCTGAAGT,0,3068228
rcsBp1,0.3333333333333333,2,2,ACGGCGTATTAAGACAATAA,0,3022363
rcsBp1,0.3333333333333333,2,2,ACGCTTGCGCAGGCAGCTCA,0,3040392
rcsBp1,0.3333333333333333,2,2,ACGCTAAGGTCGGATCCACA,0,3050082
rcsBp1,0.3333333333333333,2,2,ACGCGTTATAGAGTGGATTA,0,3070316
rcsBp1,0.3333333333333333,2,2,ACGCGCATTACGAAAGTGAT,0,3068670
rcsBp1,0.3333333333333333,2,2,ACGCAGTATCCCCTATAAGT,0,3050952
rcsBp1,0.3333333333333333,2,2,ACGCAGGACTTCTCCCTCAA,0,3025937
rcsBp1,0.3333333333333333,2,2,ACGCAGAGCTAGATGCATCA,0,3048967
rcsBp1,0.3333333333333333,2,2,ACGATTGCCCAACACTTCTG,0,3022603
rcsBp1,0.3333333333333333,2,2,ACGAGTTCTGGCGACTTCAG,0,3048629
rcsBp1,0.3333333333333333,2,2,ACGAGCACCCGGTGAGTGCT,0,3068760
rcsBp1,0.3333333333333333,2,2,ACGAGAGAGAAGTCGTACCA,0,3023030
rcsBp1,0.3333333333333333,2,2,ACGAAGGTAGACTTTTTCAA,0,3028838
rcsBp1,0.3333333333333333,2,2,ACCTTTCGACTCGCAGCGTG,0,3024584
rcsBp1,0.3333333333333333,2,2,ACCTGTTGCCTAGATTGAAG,0,3073257
rcsBp1,0.3333333333333333,2,2,ACCTGGCCAACGTGGAAGAA,0,3038380
rcsBp1,0.3333333333333333,2,2,ACCTGGCATCCCCACGTCGC,0,3041691
rcsBp1,0.3333333333333333,2,2,ACCTGAGCATGTTGGGGGCA,0,3065035
rcsBp1,0.3333333333333333,2,2,ACCTAGGCCAAACATAGTGT,0,3026154
rcsBp1,0.3333333333333333,2,2,ACCGTGCACTGCAAAAAAAC,0,3054714
rcsBp1,0.3333333333333333,2,2,ACCGTCCGAGGATTTAAGTG,0,3068827
rcsBp1,0.3333333333333333,2,2,ACCGTAGGATGCAATATCGG,0,3023714
rcsBp1,0.3333333333333333,2,2,ACCGGTCCTTCCGTAGGCTC,0,3039070
rcsBp1,0.3333333333333333,2,2,ACCGGCTTTGCTGCCCATAT,0,3024697
rcsBp1,0.3333333333333333,2,2,ACCCTTTCGGTTTTAGCGTA,0,3048006
rcsBp1,0.3333333333333333,2,2,ACCCTGTTGTTCGGGGTTTA,0,3022231
rcsBp1,0.3333333333333333,2,2,ACCCTCACATTATTTAGGCC,0,3049860
rcsBp1,0.3333333333333333,2,2,ACCCAGTTTGATTCAACATC,0,3022196
rcsBp1,0.3333333333333333,2,2,ACCAGGTGTTTGCGACACAC,0,3031918
rcsBp1,0.3333333333333333,2,2,ACCAGGGCATTAGGTTATCG,0,3066180
rcsBp1,0.3333333333333333,2,2,ACCAGGCAAGTTTTAATGGT,0,3035878
rcsBp1,0.3333333333333333,2,2,ACCAGATATATTCATCTAGA,0,3051831
rcsBp1,0.3333333333333333,2,2,ACCAGAGATCCGTGAGTAAG,0,3023457
rcsBp1,0.3333333333333333,2,2,ACCAATTCGAACCCTATCCG,0,3038827
rcsBp1,0.3333333333333333,2,2,ACCAAGGGTTCTTTTTTCAT,0,3041699
rcsBp1,0.3333333333333333,2,2,ACAGGTAGTTCGTTGCCTTA,0,3025539
rcsBp1,0.3333333333333333,2,2,ACAGCCCTCTGGAACTTCTC,0,3039107
rcsBp1,0.3333333333333333,2,2,ACAGCAATAGCCAGCCTAGT,0,3041320
rcsBp1,0.3333333333333333,2,2,ACAGATTCGGCAAGTGGCGT,0,3072477
rcsBp1,0.3333333333333333,2,2,ACAGAGATTGGTGTGACTGT,0,3057034
rcsBp1,0.3333333333333333,2,2,ACACTGGACCCGGGTAGTCT,0,3038239
rcsBp1,0.3333333333333333,2,2,ACACTAGTATCTAGACCTTA,0,3072938
rcsBp1,0.3333333333333333,2,2,ACACTAAAAGTAAGGGGCTT,0,3028893
rcsBp1,0.3333333333333333,2,2,ACACGTCTCTATACCTGTAC,0,3063185
rcsBp1,0.3333333333333333,2,2,ACACGGAGTGTATGGAGACA,0,3064731
rcsBp1,0.3333333333333333,2,2,ACACGGAAACAAGTAAGAGT,0,3024149
rcsBp1,0.3333333333333333,2,2,ACACCGGTTACCCACTAGGA,0,3024935
rcsBp1,0.3333333333333333,2,2,ACACCACGTTCACATCAGTC,0,3063019
rcsBp1,0.3333333333333333,2,2,ACAAGTCTTGTGTCCTGAGA,0,3052300
rcsBp1,0.3333333333333333,2,2,ACAACGACCGACCTCATGGC,0,3037172
rcsBp1,0.3333333333333333,2,2,AATTTATGAGTATAACCAAC,0,3044096
rcsBp1,0.3333333333333333,2,2,AATTGCCTCAGGAACGTTAC,0,3022260
rcsBp1,0.3333333333333333,2,2,AATTCAGCAGTCCAAGCTTC,0,3063410
rcsBp1,0.3333333333333333,2,2,AATTAGTGATACGTGGAAGA,0,3025357
rcsBp1,0.3333333333333333,2,2,AATGTTGCAGTTTTTCCTAC,0,3028732
rcsBp1,0.3333333333333333,2,2,AATGTTACAGCCTAACTATG,0,3042858
rcsBp1,0.3333333333333333,2,2,AATGGTTTGAGACCGTGTTC,0,3057282
rcsBp1,0.3333333333333333,2,2,AATGGTCAGGAGCGGACCTA,0,3066870
rcsBp1,0.3333333333333333,2,2,AATGGTCAAGGGGTTTAATA,0,3036212
rcsBp1,0.3333333333333333,2,2,AATGGGGTTCCGACATATAG,0,3021887
rcsBp1,0.3333333333333333,2,2,AATGGCTCGTAGTGATCAGA,0,3071615
rcsBp1,0.3333333333333333,2,2,AATGGCCTGGCGTGTCTCCT,0,3023773
rcsBp1,0.3333333333333333,2,2,AATGGACGTCACCGTTATAC,0,3036810
rcsBp1,0.3333333333333333,2,2,AATGGAATCGGCCCCTAACA,0,3054549
rcsBp1,0.3333333333333333,2,2,AATGCCGTTAAACGTATCGG,0,3054813
rcsBp1,0.3333333333333333,2,2,AATCTCTCCGAGGCCGACAG,0,3055616
rcsBp1,0.3333333333333333,2,2,AATCGGTACGAGGGTTGGCA,0,3044417
rcsBp1,0.3333333333333333,2,2,AATCCTTGGGGACCGTTTGT,0,3052551
rcsBp1,0.3333333333333333,2,2,AATCCCTATCAAATCACGCC,0,3041364
rcsBp1,0.3333333333333333,2,2,AATCCAACGGGGCCAGAGAA,0,3069920
rcsBp1,0.3333333333333333,2,2,AATAGGTCATGACAAGCTCG,0,3048637
rcsBp1,0.3333333333333333,2,2,AATAGCTACAGTACCCGTAT,0,3046452
rcsBp1,0.3333333333333333,2,2,AATAATGATCTCTTGGGTTC,0,3059551
rcsBp1,0.3333333333333333,2,2,AATAAAAACGGGTAACCGTG,0,3072859
rcsBp1,0.3333333333333333,2,2,AAGTTTCAGGGAGTAGAGCA,0,3026306
rcsBp1,0.3333333333333333,2,2,AAGTTCTCTCGCCTGTCGAT,0,3060622
rcsBp1,0.3333333333333333,2,2,AAGTGTTCTGAACTTTGCAC,0,3030880
rcsBp1,0.3333333333333333,2,2,AAGTGATGTGCCGGTAAGGG,0,3051226
rcsBp1,0.3333333333333333,2,2,AAGTGAGGTAGCCCTGCGAC,0,3032131
rcsBp1,0.3333333333333333,2,2,AAGTCGAGATGGGCGACCCT,0,3051779
rcsBp1,0.3333333333333333,2,2,AAGTCAGGTCCAAGGTGGCT,0,3062325
rcsBp1,0.3333333333333333,2,2,AAGGTTCAAACGTCTCCGTA,0,3029333
rcsBp1,0.3333333333333333,2,2,AAGGGACGGCGAAGGCACAT,0,3041943
rcsBp1,0.3333333333333333,2,2,AAGGCGATCGTTTGAGGCCT,0,3050941
rcsBp1,0.3333333333333333,2,2,AAGGCGAAGGGGTTCGCGAT,0,3051077
rcsBp1,0.3333333333333333,2,2,AAGGAGACGTTCAAGGAGGG,0,3061329
rcsBp1,0.3333333333333333,2,2,AAGCTTCGCTTCAAAAGCAA,0,3056830
rcsBp1,0.3333333333333333,2,2,AAGCGTGGTAATCTGAGGGC,0,3039180
rcsBp1,0.3333333333333333,2,2,AAGCCCAGGTTCCGGGGTAA,0,3049746
rcsBp1,0.3333333333333333,2,2,AAGCATCGCAAGAATGCCTC,0,3063938
rcsBp1,0.3333333333333333,2,2,AAGCACCTGGTAAAGCATTT,0,3067029
rcsBp1,0.3333333333333333,2,2,AAGAGAGCATTCCAGTAACC,0,3034307
rcsBp1,0.3333333333333333,2,2,AAGACTCCACGAGGTCTTGT,0,3056408
rcsBp1,0.3333333333333333,2,2,AAGAAAGCATGGGCGGTGGT,0,3023478
rcsBp1,0.3333333333333333,2,2,AAGAAACCTAGCGCCGTGAG,0,3042789
rcsBp1,0.3333333333333333,2,2,AACTTGCCGAGCAAAGAGTC,0,3045259
rcsBp1,0.3333333333333333,2,2,AACTGCTGTGAGCACAGCTC,0,3041536
rcsBp1,0.3333333333333333,2,2,AACTGCTCGGCTTTTTTTAT,0,3029413
rcsBp1,0.3333333333333333,2,2,AACTCTAAAGTGAATTTGAG,0,3063266
rcsBp1,0.3333333333333333,2,2,AACTCAGGGCCCCGCGGACG,0,3032125
rcsBp1,0.3333333333333333,2,2,AACGGTTACGCCGGGCCTGG,0,3050481
rcsBp1,0.3333333333333333,2,2,AACGGATCCATTCCGACCGT,0,3039396
rcsBp1,0.3333333333333333,2,2,AACGATCCGCGCAAAAACTA,0,3063493
rcsBp1,0.3333333333333333,2,2,AACGACTCCATAGATTCAAG,0,3040054
rcsBp1,0.3333333333333333,2,2,AACGAATGCAGCCACCGGGC,0,3048344
rcsBp1,0.3333333333333333,2,2,AACCTGTGCGCACAAGTCTA,0,3026956
rcsBp1,0.3333333333333333,2,2,AACCGTCATTGGTGGAGGGC,0,3064742
rcsBp1,0.3333333333333333,2,2,AACCGGTGCGACATTAAGTA,0,3058075
rcsBp1,0.3333333333333333,2,2,AACCCCGACAGGCTTGCGTG,0,3023899
rcsBp1,0.3333333333333333,2,2,AACCATCGCCGAACAGGGAT,0,3047833
rcsBp1,0.3333333333333333,2,2,AACATAGGGGATCAGGAAAA,0,3028645
rcsBp1,0.3333333333333333,2,2,AAATTTTGCAATGCAATCAT,0,3059487
rcsBp1,0.3333333333333333,2,2,AAATCTGCTCGTTTAAATCC,0,3026434
rcsBp1,0.3333333333333333,2,2,AAATAGATGCGCGGCCATCG,0,3035759
rcsBp1,0.3333333333333333,2,2,AAAGTTAATAGTAGCACGGG,0,3056492
rcsBp1,0.3333333333333333,2,2,AAAGTCTTGCGGTTTAGGGA,0,3023197
rcsBp1,0.3333333333333333,2,2,AAAGGTTCCAAGGCCAAAGT,0,3033378
rcsBp1,0.3333333333333333,2,2,AAAGGGGTTCTGCGTATATT,0,3064227
rcsBp1,0.3333333333333333,2,2,AAAGCTTTAGAGATGGGAAG,0,3070537
rcsBp1,0.3333333333333333,2,2,AAACGAAGGCCTAGTGGCTA,0,3025173
rcsBp1,0.3333333333333333,2,2,AAACCGCTGAGTCTCAGTGG,0,3061907
rcsBp1,0.3333333333333333,2,2,AAAATTATCTGTAACTCTGA,0,3058389
rcsBp1,0.3333333333333333,2,2,AAAACTGATTTTCGCAGCTG,0,3029102
rcsBp1,0.3333333333333333,2,2,AAAACCATTATGGGATTAGG,0,3062365
rcsBp1,0.3333333333333333,2,2,AAAAATGGGAAGACGCTATA,0,3066919
rcsBp1,0.3333333333333333,2,2,AAAAACTCGATTATGGATTG,0,3023333
rcsBp1,0.5,1,1,TTTTTGGGAACCGTATCCCT,0,3031176
rcsBp1,0.5,1,1,TTTTGGGCATCCATAGAATG,0,3046186
rcsBp1,0.5,1,1,TTTTGACAGAAATCGGGGCA,0,3066431
rcsBp1,0.5,1,1,TTTTCTTTGCTTACACTACG,0,3071354
rcsBp1,0.5,1,1,TTTTCCTCAGATGCATGGCA,0,3066712
rcsBp1,0.5,1,1,TTTTCCGATCCCTGCGCAGA,0,3040891
rcsBp1,0.5,1,1,TTTTAACTTTCTTCTTGGAA,0,3047506
rcsBp1,0.5,1,1,TTTGTGCATCCTTTGTGCCA,0,3029167
rcsBp1,0.5,1,1,TTTGGTTTTTGCCAGTCGGC,0,3034684
rcsBp1,0.5,1,1,TTTGGGCAAACGCGTAGTTA,0,3028690
rcsBp1,0.5,1,1,TTTGAATCATTATTATCTTG,0,3035910
rcsBp1,0.5,1,1,TTTCTGCTAGCGTATGTGAG,0,3036047
rcsBp1,0.5,1,1,TTTCGATAGATAGGTATGTG,0,3061515
rcsBp1,0.5,1,1,TTTCCGGACAGGGATAGTAG,0,3026472
rcsBp1,0.5,1,1,TTTCAACTCGCACATCGGCA,0,3049966
rcsBp1,0.5,1,1,TTTATGGGTACGTTCGCTCA,0,3028866
rcsBp1,0.5,1,1,TTTAGGCAGAAAGCTATAGA,0,3041470
rcsBp1,0.5,1,1,TTTACCCGTGAGGAATCTTC,0,3052240
rcsBp1,0.5,1,1,TTTAATTTACTGACGTTGGT,0,3051314
rcsBp1,0.5,1,1,TTTAATGAGCATTTTTGTTC,0,3033529
rcsBp1,0.5,1,1,TTTAAGCCGTGCCAGCGGGC,0,3057867
rcsBp1,0.5,1,1,TTTAAACACGGGCTGGTACT,0,3067437
rcsBp1,0.5,1,1,TTGTTACGAGGGAACCACCT,0,3041477
rcsBp1,0.5,1,1,TTGTTAAATGAATGCGACGG,0,3048098
rcsBp1,0.5,1,1,TTGTTAAACGCAGGATGCCC,0,3053108
rcsBp1,0.5,1,1,TTGTCCGGCTTAAGTGAACT,0,3059445
rcsBp1,0.5,1,1,TTGTCCCGAGTTACACGTGC,0,3025903
rcsBp1,0.5,1,1,TTGTCAAAGTACACAGCGGG,0,3038501
rcsBp1,0.5,1,1,TTGTAGTTCAGCACCGCCCT,0,3044166
rcsBp1,0.5,1,1,TTGTAGTAGTCAAATGTGGG,0,3064986
rcsBp1,0.5,1,1,TTGTAAAAGTTACATAGTCA,0,3047653
rcsBp1,0.5,1,1,TTGGTTTCAGTAAATCTCGA,0,3051038
rcsBp1,0.5,1,1,TTGGTGACTGCCCCATGTCT,0,3071110
rcsBp1,0.5,1,1,TTGGTCGCCGCCAGGTGTAG,0,3058358
rcsBp1,0.5,1,1,TTGGGTCACACCGACCGAAT,0,3056189
rcsBp1,0.5,1,1,TTGGGGCAGGTCCCCTCGGG,0,3045252
rcsBp1,0.5,1,1,TTGGGCGATAGATTTGGGTA,0,3036113
rcsBp1,0.5,1,1,TTGGACTGTGCGGAATATCC,0,3036419
rcsBp1,0.5,1,1,TTGCTGTAGAAGACTACTGC,0,3037958
rcsBp1,0.5,1,1,TTGCGGGAAAGAACTCTCCC,0,3026558
rcsBp1,0.5,1,1,TTGCGCCCCGTTGATAGCCA,0,3056818
rcsBp1,0.5,1,1,TTGCGACACCGGCGCCAATT,0,3061760
rcsBp1,0.5,1,1,TTGCCTGTGGCACAATATAA,0,3063651
rcsBp1,0.5,1,1,TTGCCTGAGTGGACTGTGGA,0,3058129
rcsBp1,0.5,1,1,TTGCCCCTCTCTCAACAATG,0,3023887
rcsBp1,0.5,1,1,TTGCAGACTCTATCCCTTGG,0,3053036
rcsBp1,0.5,1,1,TTGATAAATCCAGATAACTG,0,3037445
rcsBp1,0.5,1,1,TTGAATCAAAGACAATAGGT,0,3046885
rcsBp1,0.5,1,1,TTGAAACGATGGGAGTGAGA,0,3026928
rcsBp1,0.5,1,1,TTCTTCATCGAGGCTTAAAC,0,3063867
rcsBp1,0.5,1,1,TTCTGGCCAGTATATTGTTG,0,3067743
rcsBp1,0.5,1,1,TTCTGCCAATTAGACGCTAA,0,3042927
rcsBp1,0.5,1,1,TTCTCCGGACCGATCCAGTC,0,3055362
rcsBp1,0.5,1,1,TTCGTACGGTAGACTCAGAT,0,3025844
rcsBp1,0.5,1,1,TTCGTAAGCGTCAGGATCTG,0,3065923
rcsBp1,0.5,1,1,TTCGGCTCAGTCCCAGCTTG,0,3039231
rcsBp1,0.5,1,1,TTCGCTAACTGGAAGAGGGT,0,3059006
rcsBp1,0.5,1,1,TTCGCCGAAAGATTACGAGA,0,3034866
rcsBp1,0.5,1,1,TTCGCATTCAATCGAAATAA,0,3066153
rcsBp1,0.5,1,1,TTCGATTAGGCAGATGTCCC,0,3030701
rcsBp1,0.5,1,1,TTCGATCGGTGACTCGTCTT,0,3037554
rcsBp1,0.5,1,1,TTCGATAAGTGGTGAATTCT,0,3038495
rcsBp1,0.5,1,1,TTCGACTGATAGAATGAGGC,0,3034232
rcsBp1,0.5,1,1,TTCGAATAGGTGAATGAAGG,0,3035175
rcsBp1,0.5,1,1,TTCGAACAATGGGTCCAGGC,0,3038459
rcsBp1,0.5,1,1,TTCCTGCGCCCTTGTTTAGA,0,3035283
rcsBp1,0.5,1,1,TTCCCCCGTTGGTATTCCTA,0,3066980
rcsBp1,0.5,1,1,TTCCCCATGATTATTCTCTA,0,3031769
rcsBp1,0.5,1,1,TTCCATGGGAATGTGCCAGA,0,3070744
rcsBp1,0.5,1,1,TTCATGTATCGAGCGGCCAG,0,3066750
rcsBp1,0.5,1,1,TTCATGGCGACCGTTAACCT,0,3057942
rcsBp1,0.5,1,1,TTCATATCCGATTTCATTTG,0,3046121
rcsBp1,0.5,1,1,TTCAGGTACTGAAGAGCCAA,0,3027965
rcsBp1,0.5,1,1,TTCAGCTGCGTGAGAGAAAC,0,3040164
rcsBp1,0.5,1,1,TTCAGATGCCAGCAGTCGCA,0,3061089
rcsBp1,0.5,1,1,TTCAACACAGGACATAATTA,0,3060219
rcsBp1,0.5,1,1,TTATTGCTGACTCTCAGGCG,0,3043806
rcsBp1,0.5,1,1,TTATGTTTTAGAACTGCAGC,0,3047888
rcsBp1,0.5,1,1,TTATGTCAGACAGCCGAGAT,0,3067909
rcsBp1,0.5,1,1,TTATGCCGGAGTGCTGTATA,0,3057082
rcsBp1,0.5,1,1,TTATGCACGGAGTCACTGAA,0,3047446
rcsBp1,0.5,1,1,TTATCGAGCCGTGAATAGAA,0,3031471
rcsBp1,0.5,1,1,TTAGCCGGCAGATAATTTTT,0,3039654
rcsBp1,0.5,1,1,TTAGATTGTTCAGTCTCAAC,0,3049916
rcsBp1,0.5,1,1,TTAGATCCCGCTGCTCATCT,0,3062666
rcsBp1,0.5,1,1,TTACTCTGCGGGAAATGCCT,0,3051481
rcsBp1,0.5,1,1,TTACGGTATTCTACGTTTTT,0,3029453
rcsBp1,0.5,1,1,TTACCGTCCAGGCTAATCTG,0,3052020
rcsBp1,0.5,1,1,TTACACGGTTATCACGGTCT,0,3059959
rcsBp1,0.5,1,1,TTACAAGAGCTATAGTCCTG,0,3037164
rcsBp1,0.5,1,1,TTAAGGGACTAGGTTCGGTA,0,3062489
rcsBp1,0.5,1,1,TTAAGCTGGAGTAAGTTGAC,0,3065013
rcsBp1,0.5,1,1,TTAACGTTTGCAGCATGTTT,0,3022124
rcsBp1,0.5,1,1,TTAACACACCGAAAGGTCCC,0,3038428
rcsBp1,0.5,1,1,TTAAATAGCGGAAATGGTTA,0,3042272
rcsBp1,0.5,1,1,TGTTTTTGTTATATAGCTAC,0,3051196
rcsBp1,0.5,1,1,TGTTTGGCTAAGCGTCGCGA,0,3049379
rcsBp1,0.5,1,1,TGTTGCGTCGGGAGCGAGTC,0,3031712
rcsBp1,0.5,1,1,TGTTGCGTACCTGCAAAATG,0,3055459
rcsBp1,0.5,1,1,TGTTCTCGTCACACTATTGC,0,3022820
rcsBp1,0.5,1,1,TGTTCGGCCACCGTCTTACT,0,3065149
rcsBp1,0.5,1,1,TGTTCCTGGGTTGCAGCCAA,0,3053069
rcsBp1,0.5,1,1,TGTTACGCCTCGTTTCAATT,0,3070515
rcsBp1,0.5,1,1,TGTTACCTCAATCTTAAATG,0,3067597
rcsBp1,0.5,1,1,TGTGTTGGGGCCTTACGATT,0,3028157
rcsBp1,0.5,1,1,TGTGTATCGTAGGCCCCCGG,0,3038899
rcsBp1,0.5,1,1,TGTGGTTCGAGGATAGCACC,0,3067927
rcsBp1,0.5,1,1,TGTGGTGCTAGGAGACTTCG,0,3024488
rcsBp1,0.5,1,1,TGTGGGACAGGTGCACCAGG,0,3066596
rcsBp1,0.5,1,1,TGTGCTAGTACTTATCTAGC,0,3024575
rcsBp1,0.5,1,1,TGTGCCATTCGATACCGAAT,0,3027704
rcsBp1,0.5,1,1,TGTGAGCGGACAGATATCCC,0,3062218
rcsBp1,0.5,1,1,TGTGAGCCAAGCTCACGTGA,0,3045032
rcsBp1,0.5,1,1,TGTGAGAGCCAGAGGAACCA,0,3067964
rcsBp1,0.5,1,1,TGTCTGTACTCCAGAAAGGG,0,3031314
rcsBp1,0.5,1,1,TGTCGTCTCATGGTGCGTAC,0,3070016
rcsBp1,0.5,1,1,TGTCGCGCAATTCTTGGGCA,0,3029298
rcsBp1,0.5,1,1,TGTCGCCAATACTTACTCAT,0,3057288
rcsBp1,0.5,1,1,TGTCGCAGTGTATCGCGTGT,0,3038630
rcsBp1,0.5,1,1,TGTCCTGGCCCGGCGGGTTC,0,3033886
rcsBp1,0.5,1,1,TGTCCCGGGAAGTGCATCGT,0,3068359
rcsBp1,0.5,1,1,TGTCCCGGAGAACTCTAGTC,0,3031805
rcsBp1,0.5,1,1,TGTCCCAGCTATATGCAGTG,0,3042020
rcsBp1,0.5,1,1,TGTCACTATGTCTTGAGTTA,0,3060537
rcsBp1,0.5,1,1,TGTATTCAGTGACAACCACA,0,3069601
rcsBp1,0.5,1,1,TGTATGTATTGTGTTACGAA,0,3060963
rcsBp1,0.5,1,1,TGTAGAGCTCGTCTAATCAT,0,3036964
rcsBp1,0.5,1,1,TGTACGTTCGTGTTGACAAG,0,3071214
rcsBp1,0.5,1,1,TGTAATTAACCTACTAACCC,0,3066879
rcsBp1,0.5,1,1,TGTAAGGTAGGGGAGGCATA,0,3043100
rcsBp1,0.5,1,1,TGTAAGAAAACTGAATTAGA,0,3023861
rcsBp1,0.5,1,1,TGGTTAGCTTTGTTGCTGAT,0,3035381
rcsBp1,0.5,1,1,TGGTGGTATTGATCCCTTGT,0,3047943
rcsBp1,0.5,1,1,TGGTATCCCGTGGTATTTCA,0,3067904
rcsBp1,0.5,1,1,TGGTATCAAGCCCAAGTATA,0,3050039
rcsBp1,0.5,1,1,TGGTAGTGAGGCAACACGCA,0,3051142
rcsBp1,0.5,1,1,TGGGTGTAGTCGTGAAGTCC,0,3031212
rcsBp1,0.5,1,1,TGGGTGCAGGATGCGATTAC,0,3025486
rcsBp1,0.5,1,1,TGGGTCTCGGAGAAGGGAGC,0,3029577
rcsBp1,0.5,1,1,TGGGGTGGCAAGAACGTTGG,0,3064952
rcsBp1,0.5,1,1,TGGGGCGCGCCGGTTACTTA,0,3040731
rcsBp1,0.5,1,1,TGGGGATCTTCGTATTTGAC,0,3027898
rcsBp1,0.5,1,1,TGGGACGCTCCGAAGGTTTT,0,3022081
rcsBp1,0.5,1,1,TGGGAATGTGTATAACTTTT,0,3042855
rcsBp1,0.5,1,1,TGGGAACACTACAGGGGATT,0,3067759
rcsBp1,0.5,1,1,TGGGAAATTATAAGTGGTCT,0,3030651
rcsBp1,0.5,1,1,TGGCTGGATCCTTCTACCTG,0,3022975
rcsBp1,0.5,1,1,TGGCGGATTATTTCGCCCTG,0,3051915
rcsBp1,0.5,1,1,TGGCCGTACGGTTTTATACG,0,3039777
rcsBp1,0.5,1,1,TGGCCCTTTAGTTTACTTAG,0,3064775
rcsBp1,0.5,1,1,TGGCCAGGCTCGTAGGAGTC,0,3045948
rcsBp1,0.5,1,1,TGGCCACCGATGCTTTGTAG,0,3053813
rcsBp1,0.5,1,1,TGGCAGTGCTCGCGCAGCAG,0,3068687
rcsBp1,0.5,1,1,TGGATCGCTTTGTCTCTACT,0,3056892
rcsBp1,0.5,1,1,TGGATAAGCGCCACACAGGA,0,3047052
rcsBp1,0.5,1,1,TGGAGTGTGATCTGGCTCGG,0,3044163
rcsBp1,0.5,1,1,TGGACGCGGGCGCTGGACGT,0,3056578
rcsBp1,0.5,1,1,TGGAACCTAGGTACGCCAGT,0,3035103
rcsBp1,0.5,1,1,TGCTGGGTCAAATGTACGTG,0,3055771
rcsBp1,0.5,1,1,TGCTCGTTTGTTCGAGTCGG,0,3042567
rcsBp1,0.5,1,1,TGCTCCTCATTAGGCGGGTA,0,3033425
rcsBp1,0.5,1,1,TGCTAGTATGCAAAGGGCCC,0,3030081
rcsBp1,0.5,1,1,TGCGTGTGATATAGATGGAG,0,3053732
rcsBp1,0.5,1,1,TGCGTAGACGAGAGCGGCCC,0,3034432
rcsBp1,0.5,1,1,TGCGGGACGACTACGCTTGA,0,3058064
rcsBp1,0.5,1,1,TGCGCAGAATGGGGACTAGT,0,3035719
rcsBp1,0.5,1,1,TGCGCAAGGGGTAGCAGGAC,0,3061874
rcsBp1,0.5,1,1,TGCGAGTTTGGTTTAATCGG,0,3033204
rcsBp1,0.5,1,1,TGCCGACCTCCCTAATCTTG,0,3034253
rcsBp1,0.5,1,1,TGCCAAGTCAATATTCGTAT,0,3037762
rcsBp1,0.5,1,1,TGCCAAATGTTTCGTTGTAG,0,3065628
rcsBp1,0.5,1,1,TGCATTGCGAGTTGAGACTG,0,3047558
rcsBp1,0.5,1,1,TGCACTATTTTAAGCTTTTA,0,3034328
rcsBp1,0.5,1,1,TGATTCTCCCTTATAGTCAT,0,3022807
rcsBp1,0.5,1,1,TGAGTTCCTTTTACTGCACC,0,3058451
rcsBp1,0.5,1,1,TGAGGCTCGACAGACTATAG,0,3058629
rcsBp1,0.5,1,1,TGAGAGAGTATCCGACGCTA,0,3034036
rcsBp1,0.5,1,1,TGAGACCTATCCCCCAGTGT,0,3033389
rcsBp1,0.5,1,1,TGACGCGTCTCCTGATGCTT,0,3023442
rcsBp1,0.5,1,1,TGACAGTCCCTGGTTAGGTT,0,3069987
rcsBp1,0.5,1,1,TGACAAGACGCCTCTGACTA,0,3050237
rcsBp1,0.5,1,1,TGAATCATGCCAGGGCCTGG,0,3031189
rcsBp1,0.5,1,1,TGAATATAGCTTGCAGAATA,0,3029949
rcsBp1,0.5,1,1,TGAACCGGGAGTCGCTGTGC,0,3044479
rcsBp1,0.5,1,1,TGAAATCTTCTGACGGTCAC,0,3063789
rcsBp1,0.5,1,1,TGAAACCATTGGTTCAACCA,0,3073222
rcsBp1,0.5,1,1,TCTTTAGGTATTGAGGCCTC,0,3049566
rcsBp1,0.5,1,1,TCTGTTCGCGGTGAGCTATG,0,3036855
rcsBp1,0.5,1,1,TCTGTCGTGGGTTAGTTGAT,0,3043892
rcsBp1,0.5,1,1,TCTGGTGCGAACGTAAGCCC,0,3041618
rcsBp1,0.5,1,1,TCTGGGTGAATCACTTCTGA,0,3022860
rcsBp1,0.5,1,1,TCTGAGAAGATTCTCCTTGT,0,3030633
rcsBp1,0.5,1,1,TCTCTTGGAGAGGTACGTTG,0,3035327
rcsBp1,0.5,1,1,TCTCTAAATGGAGCGAACTT,0,3070597
rcsBp1,0.5,1,1,TCTCGTAATTGATCTTCCAG,0,3066286
rcsBp1,0.5,1,1,TCTCCACTAGCCCCTTAGCA,0,3024156
rcsBp1,0.5,1,1,TCTCACCGTCACGGTGACTC,0,3064553
rcsBp1,0.5,1,1,TCTATGATTCTCTAACGGTT,0,3023165
rcsBp1,0.5,1,1,TCTATATGCGGCATTTCAGT,0,3027824
rcsBp1,0.5,1,1,TCTATACGCGCTGACAATAG,0,3035797
rcsBp1,0.5,1,1,TCTAGGTAAACAATAGTCGT,0,3062597
rcsBp1,0.5,1,1,TCTAGGGAGCCACGTATACA,0,3038632
rcsBp1,0.5,1,1,TCTACTTCGCCACTACCAGA,0,3058424
rcsBp1,0.5,1,1,TCTACTGCCGAAGCGCGGGG,0,3026207
rcsBp1,0.5,1,1,TCTACCGGATATAATATGTT,0,3070107
rcsBp1,0.5,1,1,TCTAAAAATCTTGTACGTTT,0,3052515
rcsBp1,0.5,1,1,TCGTTGGCTAGTCGCTATGT,0,3049018
rcsBp1,0.5,1,1,TCGTTCGTCAGTGGGATCGG,0,3060114
rcsBp1,0.5,1,1,TCGTTCCCGCTGTGATGTCC,0,3035037
rcsBp1,0.5,1,1,TCGTTCAGCTCATGGCAAGC,0,3071439
rcsBp1,0.5,1,1,TCGTGCTTTAGTATCTGACC,0,3024023
rcsBp1,0.5,1,1,TCGTCCGTCGTAAGGGTCGG,0,3022179
rcsBp1,0.5,1,1,TCGTAAAGACAAATTGTAAT,0,3071383
rcsBp1,0.5,1,1,TCGGTTTACGGAAGTGTCAC,0,3048252
rcsBp1,0.5,1,1,TCGGTTCGCTCACTACATAA,0,3068719
rcsBp1,0.5,1,1,TCGGTTCAGGCCTAGGTCTT,0,3027501
rcsBp1,0.5,1,1,TCGGTGCCCCCTAGAGCAGC,0,3051492
rcsBp1,0.5,1,1,TCGGGTGAGCTGCCGGATAA,0,3069997
rcsBp1,0.5,1,1,TCGGGTACTGCCACTGCTGA,0,3064310
rcsBp1,0.5,1,1,TCGGATGATGAGCTTTGAAC,0,3064302
rcsBp1,0.5,1,1,TCGGATCCCGTCTTATCATA,0,3038231
rcsBp1,0.5,1,1,TCGGAGTATATTATGTAATG,0,3039457
rcsBp1,0.5,1,1,TCGGAGGATTATTCTGACTG,0,3069507
rcsBp1,0.5,1,1,TCGGAATTTGTCGTAGATAC,0,3036013
rcsBp1,0.5,1,1,TCGCGTTCGCGCTTTGTCAT,0,3050095
rcsBp1,0.5,1,1,TCGCGGGAAGGTATACCCCC,0,3053992
rcsBp1,0.5,1,1,TCGCACTTGGGATTTTCGTA,0,3026112
rcsBp1,0.5,1,1,TCGCACTGGCGTTCTTTTTG,0,3036061
rcsBp1,0.5,1,1,TCGCACTCTATCTCGACCGG,0,3048274
rcsBp1,0.5,1,1,TCGAGGAACTATCGGTACCG,0,3072846
rcsBp1,0.5,1,1,TCGAGCCTTTATAGCGAGGG,0,3023024
rcsBp1,0.5,1,1,TCGACCGGTCTTCAATGCGC,0,3066663
rcsBp1,0.5,1,1,TCCTTAGGTGGTCGGCCATC,0,3069663
rcsBp1,0.5,1,1,TCCTTAACGCATTTTTGTAA,0,3039709
rcsBp1,0.5,1,1,TCCTCGCAATTATGTAATGT,0,3042352
rcsBp1,0.5,1,1,TCCTCAGGTCGTTTAACGTT,0,3062152
rcsBp1,0.5,1,1,TCCTATTTGAATGAGTCGTG,0,3061320
rcsBp1,0.5,1,1,TCCTATGAAGGCTATAACAG,0,3038427
rcsBp1,0.5,1,1,TCCTATCGTCATGTCATGTA,0,3053255
rcsBp1,0.5,1,1,TCCTATATCTTGGGTGTTCT,0,3023300
rcsBp1,0.5,1,1,TCCTACTTCGCGTCGAAATT,0,3039613
rcsBp1,0.5,1,1,TCCGTTGGTTCTTACACATG,0,3024476
rcsBp1,0.5,1,1,TCCGGGTGAACGCAAGGCTA,0,3049083
rcsBp1,0.5,1,1,TCCGCGCCCCAATTCATTCT,0,3060968
rcsBp1,0.5,1,1,TCCGCCAGCATTTGCCAGTT,0,3045487
rcsBp1,0.5,1,1,TCCCTTGTATTTTGAGGAGC,0,3034128
rcsBp1,0.5,1,1,TCCCGTCGTCAGACCTAGTG,0,3039565
rcsBp1,0.5,1,1,TCCCAGAGGCACATCATTAT,0,3055357
rcsBp1,0.5,1,1,TCCAGTTATATAAAAAGGTA,0,3034642
rcsBp1,0.5,1,1,TCCAATATCCTATCAGCTGC,0,3068003
rcsBp1,0.5,1,1,TCCAAGTAGTAGAGATCGTA,0,3023729
rcsBp1,0.5,1,1,TCATTCTTGACATAGGTATA,0,3036624
rcsBp1,0.5,1,1,TCATTAACTCGCGTTAATGT,0,3057699
rcsBp1,0.5,1,1,TCATCGCACCTCAAATGGCA,0,3025866
rcsBp1,0.5,1,1,TCATCACTCATGCTGCTCAT,0,3056997
rcsBp1,0.5,1,1,TCAGTGTTCGGGAGAAATAG,0,3054127
rcsBp1,0.5,1,1,TCAGTGCTTATAAGGCGCGC,0,3037545
rcsBp1,0.5,1,1,TCAGTCTCCGACGGGCAAAC,0,3066226
rcsBp1,0.5,1,1,TCAGGACCATGTCCACAAGC,0,3062019
rcsBp1,0.5,1,1,TCAGCTCGTAGACAGATTGT,0,3052676
rcsBp1,0.5,1,1,TCAGCGACCAGCTTCCTCTT,0,3045481
rcsBp1,0.5,1,1,TCAGAAGGAAATACGATTAT,0,3073627
rcsBp1,0.5,1,1,TCACTTCAGCGGCCGGCTAA,0,3066345
rcsBp1,0.5,1,1,TCACTGGGGTATTGGCTCGT,0,3067848
rcsBp1,0.5,1,1,TCACTGCTCGGATATACGGA,0,3057998
rcsBp1,0.5,1,1,TCACTAGCTGTGGTTATTCC,0,3054066
rcsBp1,0.5,1,1,TCACGTGCTTCGGTAGCACA,0,3043720
rcsBp1,0.5,1,1,TCACGACAAAATGTTGACCC,0,3065784
rcsBp1,0.5,1,1,TCACCGGTCGGCGTCACAGT,0,3041291
rcsBp1,0.5,1,1,TCACCCTAAGGTAAGTATTT,0,3047204
rcsBp1,0.5,1,1,TCACCCGGTGCCCCGTTTGA,0,3033637
rcsBp1,0.5,1,1,TCACCATAGCCTGAGCCCTA,0,3055116
rcsBp1,0.5,1,1,TCACATTAAATTTGGCGGAT,0,3066218
rcsBp1,0.5,1,1,TCAATCGAAACAAAAGCTTA,0,3055166
rcsBp1,0.5,1,1,TCAAGTCCGGTATTGGCTAG,0,3025674
rcsBp1,0.5,1,1,TCAAGGCGCTCGCTCCACTG,0,3046728
rcsBp1,0.5,1,1,TCAAGGAGAACTTGCATTCG,0,3042602
rcsBp1,0.5,1,1,TCAACGGGTTTCATAGATCT,0,3026488
rcsBp1,0.5,1,1,TCAAATCCCTCCAATATATT,0,3046993
rcsBp1,0.5,1,1,TCAAATATACGTAGGCCTGA,0,3045943
rcsBp1,0.5,1,1,TCAAACGGGAGAGATCCCAC,0,3069889
rcsBp1,0.5,1,1,TCAAAAGAGGGAACGCATCT,0,3029027
rcsBp1,0.5,1,1,TATTTCCGGGTTTTCCACGG,0,3028121
rcsBp1,0.5,1,1,TATTGTCATTCACATGGAAT,0,3053612
rcsBp1,0.5,1,1,TATTGGCTGTAAATTCTACA,0,3060758
rcsBp1,0.5,1,1,TATTGCATCCGATGGGCTTT,0,3034183
rcsBp1,0.5,1,1,TATTGATAAACACCGTCCGG,0,3057337
rcsBp1,0.5,1,1,TATTCTGGGGGAGCGTACGA,0,3052789
rcsBp1,0.5,1,1,TATTCGCGGATTGGCGTGAA,0,3037564
rcsBp1,0.5,1,1,TATTCCACAGGCGTTCTATA,0,3044094
rcsBp1,0.5,1,1,TATTATGTCTGAAGGGAACA,0,3044259
rcsBp1,0.5,1,1,TATTATGAACTGAAGTTGGG,0,3026880
rcsBp1,0.5,1,1,TATTAACCTATAGGTCGTTA,0,3052743
rcsBp1,0.5,1,1,TATTAAAACGAAAGAGCCAT,0,3060536
rcsBp1,0.5,1,1,TATGGTCATCTAACAGGAAG,0,3063886
rcsBp1,0.5,1,1,TATGGGTGTTCAGGAATGCG,0,3025009
rcsBp1,0.5,1,1,TATGGAGAGGGAAAGACATG,0,3028010
rcsBp1,0.5,1,1,TATGCGTGATAGTGATCCGT,0,3032557
rcsBp1,0.5,1,1,TATGACGGAGATCCAACTTG,0,3054390
rcsBp1,0.5,1,1,TATCTTGCCTCTTCTTGCTT,0,3061846
rcsBp1,0.5,1,1,TATCTTGAGGACCTACACAC,0,3059314
rcsBp1,0.5,1,1,TATCATCGTGCTTCCGTGTA,0,3042891
rcsBp1,0.5,1,1,TATCACGGATGTTTACCCGA,0,3046229
rcsBp1,0.5,1,1,TATATGTTCCGGTGATTACA,0,3024563
rcsBp1,0.5,1,1,TATACGCTTCGCAATGATAA,0,3055455
rcsBp1,0.5,1,1,TATAACCTCGAGATACCAGG,0,3033504
rcsBp1,0.5,1,1,TATAAATGAACCGGCGCACA,0,3031634
rcsBp1,0.5,1,1,TATAAAGCTAAGTCCTTGGG,0,3072491
rcsBp1,0.5,1,1,TAGTACGACGCTCCAAAGGT,0,3050477
rcsBp1,0.5,1,1,TAGGTTTGAGCCCCACAGAA,0,3028208
rcsBp1,0.5,1,1,TAGGTCTGGTATTAAATTAA,0,3056341
rcsBp1,0.5,1,1,TAGGGTTTACAAGTACCTCC,0,3056704
rcsBp1,0.5,1,1,TAGGGTGGCTCCCCCAGCCA,0,3056248
rcsBp1,0.5,1,1,TAGGCTGAAGGAAGGGTGGA,0,3071964
rcsBp1,0.5,1,1,TAGGCCGAGAGGATGCTTTT,0,3027223
rcsBp1,0.5,1,1,TAGGATTACAACAGTTGCAG,0,3059074
rcsBp1,0.5,1,1,TAGCTCTTGGGATTGGATCT,0,3054707
rcsBp1,0.5,1,1,TAGATCATCTTCAATACGAC,0,3024749
rcsBp1,0.5,1,1,TAGACATTCGTAGGGCTGTT,0,3044217
rcsBp1,0.5,1,1,TAGAAATCGCGTCTCACAGC,0,3063131
rcsBp1,0.5,1,1,TAGAAACCGTAAGAACCCCT,0,3065912
rcsBp1,0.5,1,1,TACTGAAAAGGTTTCCACAG,0,3064040
rcsBp1,0.5,1,1,TACTCTGATAAGAAGAAAGC,0,3057002
rcsBp1,0.5,1,1,TACTATGAACCTTTCTCCCC,0,3063644
rcsBp1,0.5,1,1,TACTATATGGTTAGTGGGAT,0,3034809
rcsBp1,0.5,1,1,TACTAAACGGAAATATGCCC,0,3023332
rcsBp1,0.5,1,1,TACGTTCAGAGCTGTCATAG,0,3041962
rcsBp1,0.5,1,1,TACGTATGGCAGTACTAGGC,0,3023939
rcsBp1,0.5,1,1,TACGGCCGCCCTACTGTGCC,0,3024204
rcsBp1,0.5,1,1,TACGGCATGGGACGCTCTCG,0,3022894
rcsBp1,0.5,1,1,TACGCACTGCCCCGAGCCTA,0,3049158
rcsBp1,0.5,1,1,TACCTTTCGGCGAATGCGCG,0,3065464
rcsBp1,0.5,1,1,TACCTTCAAGGTGCGCGGTC,0,3023514
rcsBp1,0.5,1,1,TACCTGTAATGTGGTCCCCG,0,3058658
rcsBp1,0.5,1,1,TACCTATACAATTAGGGACG,0,3071381
rcsBp1,0.5,1,1,TACCCCCAGACATGACTCAC,0,3037745
rcsBp1,0.5,1,1,TACCAGGTAGTAAGGTTTAT,0,3066911
rcsBp1,0.5,1,1,TACATGTGCCTTAATTGAGG,0,3065284
rcsBp1,0.5,1,1,TACATCTGTAGCGTCACAAA,0,3050416
rcsBp1,0.5,1,1,TACAGTGATGAGCCGATAAC,0,3022391
rcsBp1,0.5,1,1,TACAGACGTATGGGTCACAA,0,3062745
rcsBp1,0.5,1,1,TACACCACAATCGTAGCCCC,0,3057991
rcsBp1,0.5,1,1,TACAACGGGATTGTACAGGT,0,3034779
rcsBp1,0.5,1,1,TACAACCGGGTGGGAGGTCT,0,3070060
rcsBp1,0.5,1,1,TAATTAATTTCTCAAGTTTT,0,3068497
rcsBp1,0.5,1,1,TAATGTGGTCTACTGTTACG,0,3047403
rcsBp1,0.5,1,1,TAATGTACAACAGTTTCTTA,0,3037520
rcsBp1,0.5,1,1,TAATGGCCGCGATCATATTA,0,3067910
rcsBp1,0.5,1,1,TAATCTGCTAGTCCAGCCGG,0,3057856
rcsBp1,0.5,1,1,TAATCACCCCGAGAGACCTA,0,3026409
rcsBp1,0.5,1,1,TAAGTCCGACATTCCATAAG,0,3073038
rcsBp1,0.5,1,1,TAAGGTTCTATCATGTGGAC,0,3028569
rcsBp1,0.5,1,1,TAAGGTAGTACGCATAACTG,0,3051549
rcsBp1,0.5,1,1,TAAGCACCCTCTGTACACAC,0,3071276
rcsBp1,0.5,1,1,TAACTTCTTGTGGATTTATC,0,3052704
rcsBp1,0.5,1,1,TAACTGGGCTAGAGGTACCA,0,3069345
rcsBp1,0.5,1,1,TAACTGATCAGCCGCTCTCA,0,3032693
rcsBp1,0.5,1,1,TAACGGATGTAGCAATCCCA,0,3070856
rcsBp1,0.5,1,1,TAACGAGTCACGAACTACTG,0,3048347
rcsBp1,0.5,1,1,TAACGAGGATAACGCTTTCC,0,3024875
rcsBp1,0.5,1,1,TAACCGTATGGAGTGTGAAA,0,3054767
rcsBp1,0.5,1,1,TAACACCTATTCCACGATCG,0,3031958
rcsBp1,0.5,1,1,TAACAAAGAGAAGACAATCC,0,3052384
rcsBp1,0.5,1,1,TAAATCTGAGCGCGCGGACG,0,3064694
rcsBp1,0.5,1,1,TAAAGTTACGTTGTTTGGGC,0,3050150
rcsBp1,0.5,1,1,TAAAGGGACCGGGTTCATGA,0,3049462
rcsBp1,0.5,1,1,TAAAGGCAACCACCACTACA,0,3064928
rcsBp1,0.5,1,1,TAAACCTTGCCTTGTTACTT,0,3055225
rcsBp1,0.5,1,1,TAAACCGATCTGTTCAAGTT,0,3049634
rcsBp1,0.5,1,1,TAAAATTGGGAAGCCCATAA,0,3029201
rcsBp1,0.5,1,1,TAAAAGGCGACGACCGGGAG,0,3040303
rcsBp1,0.5,1,1,TAAAACGTAAGTGGTCTAAT,0,3059847
rcsBp1,0.5,1,1,GTTTTTCATTAGTGGAACGT,0,3071024
rcsBp1,0.5,1,1,GTTTTGGGACTACATGTACG,0,3065339
rcsBp1,0.5,1,1,GTTTTATTTAAATGGCTATG,0,3068141
rcsBp1,0.5,1,1,GTTTTAGAAAAAACGTATCC,0,3041228
rcsBp1,0.5,1,1,GTTTGTCGCTCACACCGGGT,0,3025042
rcsBp1,0.5,1,1,GTTTAGGCTCACGTTGGATT,0,3021966
rcsBp1,0.5,1,1,GTTTAAGCATGCTTTATTAG,0,3049402
rcsBp1,0.5,1,1,GTTGTGTAAAAGCCATGATG,0,3051009
rcsBp1,0.5,1,1,GTTGTAGCTACATGTGCCAG,0,3026477
rcsBp1,0.5,1,1,GTTGAACTGCGAGCTATACA,0,3028460
rcsBp1,0.5,1,1,GTTCTGCTACGACGGATTAC,0,3063583
rcsBp1,0.5,1,1,GTTCGTACAACCTCACCGAT,0,3055406
rcsBp1,0.5,1,1,GTTCCTGTCAAACGTCTTTT,0,3052503
rcsBp1,0.5,1,1,GTTCCTATGCCTCCATCTCC,0,3064045
rcsBp1,0.5,1,1,GTTCCTAGCACGATCGCGGG,0,3030899
rcsBp1,0.5,1,1,GTTCATACTTACATGTGTGC,0,3066974
rcsBp1,0.5,1,1,GTTCAGTTAATAAGCGGCTC,0,3046256
rcsBp1,0.5,1,1,GTTCAGCGGTGCGGGAGCCC,0,3036365
rcsBp1,0.5,1,1,GTTATCCGGTAACACTTGGC,0,3067768
rcsBp1,0.5,1,1,GTTAGATTCCTTCTGGAGTT,0,3040399
rcsBp1,0.5,1,1,GTTACTTAGAGGGATTAACT,0,3050889
rcsBp1,0.5,1,1,GTTAACGTTGACGATACAAT,0,3039350
rcsBp1,0.5,1,1,GTTAAATTTGCGCACAGGTA,0,3063811
rcsBp1,0.5,1,1,GTTAAATTAGTCAGGGTCTG,0,3060535
rcsBp1,0.5,1,1,GTGTGGCAATAAACTTTCAT,0,3027077
rcsBp1,0.5,1,1,GTGTGGAAATTGACGTAGCT,0,3049522
rcsBp1,0.5,1,1,GTGTGATGCCGTGCGGGAGT,0,3041761
rcsBp1,0.5,1,1,GTGTCTTCTCATTAGAGGTT,0,3048628
rcsBp1,0.5,1,1,GTGTCTCTGACAGGCATTCA,0,3048572
rcsBp1,0.5,1,1,GTGTCCTCTATCTTGCATAC,0,3057848
rcsBp1,0.5,1,1,GTGTAGCCCACCGGGGGCTA,0,3027818
rcsBp1,0.5,1,1,GTGGTGGGGGTAACAGGTGG,0,3070379
rcsBp1,0.5,1,1,GTGGTCAACGGCATTTACGC,0,3072709
rcsBp1,0.5,1,1,GTGGGGGCCTAAGTCTAACC,0,3030342
rcsBp1,0.5,1,1,GTGGGCCAGGTAGCGAGCGT,0,3036279
rcsBp1,0.5,1,1,GTGGGACACGGGCGAGACGG,0,3066179
rcsBp1,0.5,1,1,GTGCTGGGTTCTGCACATGT,0,3044489
rcsBp1,0.5,1,1,GTGCGCCTGGTAGTCGTATA,0,3032701
rcsBp1,0.5,1,1,GTGCGAGACTCAGACCGAGG,0,3072144
rcsBp1,0.5,1,1,GTGCCGTTTGAGATGTGTTT,0,3026079
rcsBp1,0.5,1,1,GTGCCAAGCAAAAATTGAAT,0,3045255
rcsBp1,0.5,1,1,GTGACCAGAAAGAGTCGGAA,0,3047122
rcsBp1,0.5,1,1,GTGACAACGTAAGCGCCCCA,0,3039895
rcsBp1,0.5,1,1,GTGAATCCGGAGCATTTTGC,0,3047831
rcsBp1,0.5,1,1,GTGAAGATGCTTAGGATTTC,0,3069880
rcsBp1,0.5,1,1,GTCTTGTGCACGTAGACTGG,0,3030680
rcsBp1,0.5,1,1,GTCTGTTCTGCCACTACTGC,0,3024281
rcsBp1,0.5,1,1,GTCTGTACAAGGAAAAGGTC,0,3038760
rcsBp1,0.5,1,1,GTCTGATCTGGTCCTTGGCA,0,3023200
rcsBp1,0.5,1,1,GTCTCCCAGGGATTCCTCAG,0,3066207
rcsBp1,0.5,1,1,GTCTCAGTCCGGACCTGAAT,0,3025330
rcsBp1,0.5,1,1,GTCTCAGCGGTAGAATCCTC,0,3067055
rcsBp1,0.5,1,1,GTCTATAAAGTTCATTAGGT,0,3031705
rcsBp1,0.5,1,1,GTCTAAATATTACGATCTTA,0,3036399
rcsBp1,0.5,1,1,GTCGTGTAGAAATGTGCCGA,0,3044341
rcsBp1,0.5,1,1,GTCGGTGGGTCTCGTACACA,0,3058419
rcsBp1,0.5,1,1,GTCGGGGTCCGCAATCTTAG,0,3070413
rcsBp1,0.5,1,1,GTCGGCCAGGCACGGAGATG,0,3042689
rcsBp1,0.5,1,1,GTCGCCTATATGCTGGGGGG,0,3047624
rcsBp1,0.5,1,1,GTCGATTATTCGTCGGATAG,0,3024684
rcsBp1,0.5,1,1,GTCGAGGATAAATGCTAGCA,0,3063793
rcsBp1,0.5,1,1,GTCCTTCAAAATAGGGGATA,0,3073398
rcsBp1,0.5,1,1,GTCCTGGTGACAAACAAGGT,0,3038643
rcsBp1,0.5,1,1,GTCCTAGACCAGGTGCATAC,0,3022575
rcsBp1,0.5,1,1,GTCCGTGTCGTTAGCTCTCG,0,3043749
rcsBp1,0.5,1,1,GTCCGTGCCCATAGGACTCC,0,3051116
rcsBp1,0.5,1,1,GTCCGTAAGGCGCTTTGTCT,0,3063503
rcsBp1,0.5,1,1,GTCCGGCGGCGGCGCCAGAC,0,3047989
rcsBp1,0.5,1,1,GTCCGCGGTACATTTCTGAC,0,3045628
rcsBp1,0.5,1,1,GTCCGATTGCGAGTTTTCGA,0,3063529
rcsBp1,0.5,1,1,GTCCATAGCCGTGCATGGTG,0,3047650
rcsBp1,0.5,1,1,GTCATATTACACCAGGTAAG,0,3033688
rcsBp1,0.5,1,1,GTCACACACCTACACGGCGC,0,3051006
rcsBp1,0.5,1,1,GTCAAATTTTGGCCATTTAC,0,3039409
rcsBp1,0.5,1,1,GTATGCAACCAACCATGGGT,0,3048180
rcsBp1,0.5,1,1,GTATGACAGCGGCTGGGTCT,0,3060251
rcsBp1,0.5,1,1,GTATCATGAACGTAAAACAC,0,3031057
rcsBp1,0.5,1,1,GTATCAAGAAGCAACCATTT,0,3037383
rcsBp1,0.5,1,1,GTATAGGCTAGACAGCGGGT,0,3071768
rcsBp1,0.5,1,1,GTATAAATACTTTGCAAGGA,0,3072533
rcsBp1,0.5,1,1,GTAGTTGGAGGGAATTTCTA,0,3069374
rcsBp1,0.5,1,1,GTAGCATAACAAGTATAGAT,0,3073397
rcsBp1,0.5,1,1,GTAGCAGCCAACCCCTGAAT,0,3058664
rcsBp1,0.5,1,1,GTAGAAAACAGCGTGAAGCC,0,3040260
rcsBp1,0.5,1,1,GTACTGCGGAGTGCCTACGG,0,3029369
rcsBp1,0.5,1,1,GTACGTCCCAAAACCCGTCA,0,3040226
rcsBp1,0.5,1,1,GTACAGCGAGTAGCGTTCTG,0,3050226
rcsBp1,0.5,1,1,GTAATTCACTCCACGGCTTA,0,3021808
rcsBp1,0.5,1,1,GTAATGATATTTTTGTTCCA,0,3026740
rcsBp1,0.5,1,1,GTAAGTATGTCCGCGCTCTA,0,3053744
rcsBp1,0.5,1,1,GTAAGATTTAAGACGGATAT,0,3071933
rcsBp1,0.5,1,1,GTAACTCGGTAGAATATCAA,0,3040863
rcsBp1,0.5,1,1,GTAACCCGCGTTTCTAAGTT,0,3045902
rcsBp1,0.5,1,1,GTAAATGATTTTAATCGCGC,0,3040994
rcsBp1,0.5,1,1,GTAAATAAGCGCTGCCTATG,0,3053816
rcsBp1,0.5,1,1,GGTTTCGAGCTCGATGGGGT,0,3042217
rcsBp1,0.5,1,1,GGTTTATAGGTCATCTCTTG,0,3053774
rcsBp1,0.5,1,1,GGTTTAGGGCGAGAGAAGCA,0,3027394
rcsBp1,0.5,1,1,GGTTCTAGGCACTTAAGTCT,0,3051753
rcsBp1,0.5,1,1,GGTTCCTTGCGTTGTTATCA,0,3043999
rcsBp1,0.5,1,1,GGTTACTTTATTTGACGCGG,0,3066239
rcsBp1,0.5,1,1,GGTTACGCGGCAGCATTATG,0,3042568
rcsBp1,0.5,1,1,GGTTAATATGTTGAGTTAAC,0,3049879
rcsBp1,0.5,1,1,GGTGTTACACGACTTCTTGT,0,3056161
rcsBp1,0.5,1,1,GGTGTGTTAACGCACTCAGA,0,3066626
rcsBp1,0.5,1,1,GGTGGCGGGCGCGTTTCTGA,0,3058862
rcsBp1,0.5,1,1,GGTGGCCTGAAAAATTAGCC,0,3025174
rcsBp1,0.5,1,1,GGTGCTCGTTGGTCCCACCA,0,3062664
rcsBp1,0.5,1,1,GGTGCCTAAGCAGGGAACAT,0,3055822
rcsBp1,0.5,1,1,GGTGACCCACCGAGTTCGAG,0,3055140
rcsBp1,0.5,1,1,GGTGAACTGCCGACGAGAAG,0,3027701
rcsBp1,0.5,1,1,GGTCGGGGGTAGATACAACA,0,3062748
rcsBp1,0.5,1,1,GGTCGCCCGTACTAGAGACT,0,3033280
rcsBp1,0.5,1,1,GGTCGACGGAACTGCGTAGA,0,3048396
rcsBp1,0.5,1,1,GGTCCTTAGGGGCGTCTATG,0,3071975
rcsBp1,0.5,1,1,GGTCCTACAGGTTACGAGCC,0,3054281
rcsBp1,0.5,1,1,GGTCAGCTCTACAAATAACG,0,3052654
rcsBp1,0.5,1,1,GGTCACCTTCGTAGGCCGCC,0,3072154
rcsBp1,0.5,1,1,GGTCAAAGCGGACCCTCACG,0,3025146
rcsBp1,0.5,1,1,GGTATCCGACACGTTGTAAC,0,3026500
rcsBp1,0.5,1,1,GGTAGTTAATTGGGTGTTAA,0,3052771
rcsBp1,0.5,1,1,GGTAGTTAAGATTGCAGCTT,0,3040295
rcsBp1,0.5,1,1,GGTAGGAGTGGTGGCAGGAC,0,3052872
rcsBp1,0.5,1,1,GGTAGAAGCAGCACCTGCCA,0,3068821
rcsBp1,0.5,1,1,GGTACCCAACGCATTATAGT,0,3024891
rcsBp1,0.5,1,1,GGTAACAGCCCGCCCACACC,0,3049343
rcsBp1,0.5,1,1,GGGTGATGATTCGGCGCTGT,0,3060330
rcsBp1,0.5,1,1,GGGTCGTGTACGCCTGGCTT,0,3024296
rcsBp1,0.5,1,1,GGGTCATCTCGAAGGCTAAA,0,3030891
rcsBp1,0.5,1,1,GGGTCAGGGTATTTAGGTGC,0,3030731
rcsBp1,0.5,1,1,GGGTATTTATGAAATGGCGA,0,3057899
rcsBp1,0.5,1,1,GGGTATAGAAGAAGAGGACT,0,3069634
rcsBp1,0.5,1,1,GGGTAGGGGTCGAGGGTGCT,0,3036912
rcsBp1,0.5,1,1,GGGGTTTTGATGGCGCAGCA,0,3064479
rcsBp1,0.5,1,1,GGGGTGGCGGGTGCTGGGTA,0,3056380
rcsBp1,0.5,1,1,GGGGTAGTGGTTCACGACGT,0,3052171
rcsBp1,0.5,1,1,GGGGTACCAAGGTGTATATC,0,3057587
rcsBp1,0.5,1,1,GGGGGTGAAGGGACATCAAA,0,3043393
rcsBp1,0.5,1,1,GGGGGGATCAATGGATAATC,0,3030497
rcsBp1,0.5,1,1,GGGGGCGCAATAGTCCTCAG,0,3036405
rcsBp1,0.5,1,1,GGGGGAAGGCGAGTTTTTGG,0,3021978
rcsBp1,0.5,1,1,GGGGCGCGCTTACGCTGCCC,0,3028200
rcsBp1,0.5,1,1,GGGGCCTCAGATGGTCATCA,0,3048503
rcsBp1,0.5,1,1,GGGGCCGCAATTTATTCCGC,0,3032735
rcsBp1,0.5,1,1,GGGGCACGTGCACTCTTCTA,0,3042459
rcsBp1,0.5,1,1,GGGGATTTGTAATTCCTCTG,0,3023194
rcsBp1,0.5,1,1,GGGGAGTGGACTTGCACTGG,0,3055649
rcsBp1,0.5,1,1,GGGCTTCGACCATACTACTG,0,3052593
rcsBp1,0.5,1,1,GGGCTGTCCTACGTTCGGGG,0,3034980
rcsBp1,0.5,1,1,GGGCGTATACTGAGTGTCCT,0,3063933
rcsBp1,0.5,1,1,GGGCGGTCCATAGGGACATG,0,3039225
rcsBp1,0.5,1,1,GGGCCGTCCAAATAGAATGC,0,3063734
rcsBp1,0.5,1,1,GGGCCGATTGCTGCGACGCA,0,3032093
rcsBp1,0.5,1,1,GGGCCGACACATTTCTTAAT,0,3050288
rcsBp1,0.5,1,1,GGGCATTGGCGGCAATCGTA,0,3026162
rcsBp1,0.5,1,1,GGGCAATAGACACTAGCGGT,0,3031271
rcsBp1,0.5,1,1,GGGATCCGGGCAGAAACGAT,0,3052084
rcsBp1,0.5,1,1,GGGATCAGGAGGCTCAAATT,0,3062003
rcsBp1,0.5,1,1,GGGATACAATGAGATCGGAT,0,3044467
rcsBp1,0.5,1,1,GGGAGATAGGCGAAATCGGC,0,3027119
rcsBp1,0.5,1,1,GGGACCGGTACGGAGGATGC,0,3069962
rcsBp1,0.5,1,1,GGGACATGTTAATCCGGGCA,0,3036269
rcsBp1,0.5,1,1,GGGACAATGGCTATTGTGGG,0,3045087
rcsBp1,0.5,1,1,GGGAAGGGTCGGTAAGGGGT,0,3025265
rcsBp1,0.5,1,1,GGCTTTTGCTCTGGATCGCG,0,3055206
rcsBp1,0.5,1,1,GGCTTCAGTGGCCATTCGCT,0,3030000
rcsBp1,0.5,1,1,GGCTCTCAGTTGACTAAAAG,0,3022788
rcsBp1,0.5,1,1,GGCTATGGCTCGCACGATTA,0,3048684
rcsBp1,0.5,1,1,GGCTAGACGCGTCGTACGCA,0,3062969
rcsBp1,0.5,1,1,GGCGTTGATCGTATTTGCAA,0,3037074
rcsBp1,0.5,1,1,GGCGTGCCACGCCCCCGGCT,0,3038275
rcsBp1,0.5,1,1,GGCGTGACATCTCTACTATA,0,3034148
rcsBp1,0.5,1,1,GGCGGTTCAGACCTAACTCA,0,3026266
rcsBp1,0.5,1,1,GGCGGGCGGTGGAGAACGCT,0,3070281
rcsBp1,0.5,1,1,GGCGGCATCAGTCTAGAACA,0,3063129
rcsBp1,0.5,1,1,GGCGGCAGGTCAGGGCTAGT,0,3050887
rcsBp1,0.5,1,1,GGCGGAATCTATACGATCCG,0,3030702
rcsBp1,0.5,1,1,GGCGCCTAAACAAACCCGAG,0,3056539
rcsBp1,0.5,1,1,GGCGCCATATGACCATCGGA,0,3033354
rcsBp1,0.5,1,1,GGCGAGAGGTAGGTAAATGA,0,3050743
rcsBp1,0.5,1,1,GGCGAACACGGGGAATGCTT,0,3063563
rcsBp1,0.5,1,1,GGCCTCGGATAATACCCGTT,0,3053339
rcsBp1,0.5,1,1,GGCCCGCGGTGAGTCATAGC,0,3023652
rcsBp1,0.5,1,1,GGCCCATTATGCCACATCCC,0,3040925
rcsBp1,0.5,1,1,GGCCATCGACGGCCCTAGAT,0,3028634
rcsBp1,0.5,1,1,GGCCATCCAACCCAGGATAC,0,3047123
rcsBp1,0.5,1,1,GGCCACAACTGCGCCTTGCA,0,3039783
rcsBp1,0.5,1,1,GGCATTACAACTTACTTTTC,0,3045041
rcsBp1,0.5,1,1,GGCATACAGTGAAAGGAGGA,0,3032996
rcsBp1,0.5,1,1,GGCAGACCCAGAGGTGATTT,0,3069405
rcsBp1,0.5,1,1,GGCAGAAAGCGCGGCAACAT,0,3067373
rcsBp1,0.5,1,1,GGCACTCCAAACGTGGCAGT,0,3038652
rcsBp1,0.5,1,1,GGCACGCTGGTGTTGAATTA,0,3041882
rcsBp1,0.5,1,1,GGCACCGTTTAAGGGATTGT,0,3040904
rcsBp1,0.5,1,1,GGCAATGCATTGGTCCGTGC,0,3033050
rcsBp1,0.5,1,1,GGCAAACGACGGTAGTCGAA,0,3070536
rcsBp1,0.5,1,1,GGATGTTTATTAAGGGTAAT,0,3068197
rcsBp1,0.5,1,1,GGATGTTGTAGCCGCGTAGT,0,3037189
rcsBp1,0.5,1,1,GGATCCTCACGTCGCGTGCA,0,3071510
rcsBp1,0.5,1,1,GGATCCAAGCGTCAGGGAGC,0,3041687
rcsBp1,0.5,1,1,GGATATAACTGGGAGCTCGT,0,3037253
rcsBp1,0.5,1,1,GGAGTTCTTTTTCAATTCGA,0,3025567
rcsBp1,0.5,1,1,GGAGTTCATGCTTTCCCTCC,0,3026877
rcsBp1,0.5,1,1,GGAGGGGATGTTAATCCGTC,0,3047606
rcsBp1,0.5,1,1,GGAGGCCACGTACAGAGTAC,0,3028056
rcsBp1,0.5,1,1,GGAGCTAAATTGGTATACCA,0,3033695
rcsBp1,0.5,1,1,GGAGCGAAATGTCCTAGGGA,0,3033717
rcsBp1,0.5,1,1,GGAGATAGAGAAAGACAACA,0,3063932
rcsBp1,0.5,1,1,GGACGTGACCGATATATTCA,0,3066504
rcsBp1,0.5,1,1,GGACGGCCCCGAGTGGGAGG,0,3067887
rcsBp1,0.5,1,1,GGACCTCTAATGGATTATTA,0,3060812
rcsBp1,0.5,1,1,GGACATGCCCTCCCTTGTCC,0,3073672
rcsBp1,0.5,1,1,GGAATTATCAGAATAATATT,0,3035414
rcsBp1,0.5,1,1,GGAATTAGCAGGACCACGGT,0,3023571
rcsBp1,0.5,1,1,GGAATGAGGGCTGCTTCACA,0,3030601
rcsBp1,0.5,1,1,GGAAGGTACAGGGAGTCGTG,0,3045738
rcsBp1,0.5,1,1,GGAAGCGACGAGAGGATGCA,0,3049451
rcsBp1,0.5,1,1,GGAAGAGGGTCTCTGGCTAA,0,3056735
rcsBp1,0.5,1,1,GGAAACTCATTGCGGAGGCT,0,3051302
rcsBp1,0.5,1,1,GCTTTGTGGAGACCACCAGT,0,3035676
rcsBp1,0.5,1,1,GCTTTACATTAGCGGAACGT,0,3038601
rcsBp1,0.5,1,1,GCTTGCCAAAACTATATCGT,0,3033040
rcsBp1,0.5,1,1,GCTTCATCCACAGTGATTTA,0,3038062
rcsBp1,0.5,1,1,GCTTCAGTGGTAAATCCGAC,0,3052860
rcsBp1,0.5,1,1,GCTTATAGAGCCTTCGCAAT,0,3071029
rcsBp1,0.5,1,1,GCTTAATCCCTGACGTTAAC,0,3046498
rcsBp1,0.5,1,1,GCTGGGGTGTATGTGAATCC,0,3033141
rcsBp1,0.5,1,1,GCTGAACAATTGCCCGCATC,0,3063198
rcsBp1,0.5,1,1,GCTCGTTTGAACCATGGGCA,0,3041118
rcsBp1,0.5,1,1,GCTCGTTCCGGACCGTGACA,0,3059628
rcsBp1,0.5,1,1,GCTCGTAAAACCCTGCAAGG,0,3053411
rcsBp1,0.5,1,1,GCTCCTAGTTTGGGCATGGT,0,3025109
rcsBp1,0.5,1,1,GCTCCGGAGAATTATCAAGT,0,3072009
rcsBp1,0.5,1,1,GCTCCCATTACGATCATACG,0,3067400
rcsBp1,0.5,1,1,GCTCAGACGCGGGTACACAA,0,3041318
rcsBp1,0.5,1,1,GCTATCTTTCTATCGCTACG,0,3071147
rcsBp1,0.5,1,1,GCTATATTGCCGTTAAAAGG,0,3062113
rcsBp1,0.5,1,1,GCTACGGATCCTTTAGGTTC,0,3071584
rcsBp1,0.5,1,1,GCTACACCATACCTCAAGAT,0,3040890
rcsBp1,0.5,1,1,GCTAAGTAGTGTCTCTAGCG,0,3033859
rcsBp1,0.5,1,1,GCTAAAGCGTTTACGCCATC,0,3060881
rcsBp1,0.5,1,1,GCGTTCCGTAGACCATTAAA,0,3056355
rcsBp1,0.5,1,1,GCGTGGGTTTAGTGAGGAGA,0,3035183
rcsBp1,0.5,1,1,GCGTGCTTAACATACCATCG,0,3027031
rcsBp1,0.5,1,1,GCGTGCGGGGGGGGATCAAC,0,3057637
rcsBp1,0.5,1,1,GCGTGACATGGTGACACCAG,0,3067024
rcsBp1,0.5,1,1,GCGGTAGTAGCACGTCGTTT,0,3035875
rcsBp1,0.5,1,1,GCGGGCACATTGCGTATCAG,0,3063670
rcsBp1,0.5,1,1,GCGGGATCGAAGAATTCAGT,0,3049981
rcsBp1,0.5,1,1,GCGGGACGCCATTCCGGATA,0,3055229
rcsBp1,0.5,1,1,GCGGCACCATCGGAGAGATC,0,3036173
rcsBp1,0.5,1,1,GCGGATCAGGCGGTGGATTT,0,3045312
rcsBp1,0.5,1,1,GCGGACGCACTCCGACTGAC,0,3070282
rcsBp1,0.5,1,1,GCGCTCAAAGATATTCCTGA,0,3067220
rcsBp1,0.5,1,1,GCGCGTGATGTTTAACAGTT,0,3052379
rcsBp1,0.5,1,1,GCGCGGTAACGATATCGACC,0,3052353
rcsBp1,0.5,1,1,GCGCGGGCACCGCATTAGGC,0,3036064
rcsBp1,0.5,1,1,GCGCGATCAAGAACCTGTGA,0,3052867
rcsBp1,0.5,1,1,GCGCGACCGAGAAGCTCAGG,0,3026403
rcsBp1,0.5,1,1,GCGCGAATGTCCCTGTTCTC,0,3065264
rcsBp1,0.5,1,1,GCGCCGCCTTTATTTCAGCG,0,3070325
rcsBp1,0.5,1,1,GCGCCGAGATAATCCCGCCC,0,3065589
rcsBp1,0.5,1,1,GCGCCCGCTTTGAAAACGTT,0,3049135
rcsBp1,0.5,1,1,GCGCCAAGCGGAAGAAACCG,0,3033236
rcsBp1,0.5,1,1,GCGCATGACCTAAGTATTAT,0,3072919
rcsBp1,0.5,1,1,GCGCACCTTAGCAAGCATGT,0,3057151
rcsBp1,0.5,1,1,GCGCAATGTCTACCCCCTCG,0,3058567
rcsBp1,0.5,1,1,GCGCAATGTCCTGGCCTCTG,0,3049859
rcsBp1,0.5,1,1,GCGACAGTTAGCAGTGAGAG,0,3041689
rcsBp1,0.5,1,1,GCGAATGCCCGCTCCAGATC,0,3054772
rcsBp1,0.5,1,1,GCGAAGGCGAATCATGCACA,0,3028150
rcsBp1,0.5,1,1,GCCTTTGACTTGAGCAGACG,0,3050934
rcsBp1,0.5,1,1,GCCTGTGTAAAAAGTCTTGT,0,3057754
rcsBp1,0.5,1,1,GCCTCGCTTACGAATGCATC,0,3070848
rcsBp1,0.5,1,1,GCCTCGAAAGGGCATCGTGA,0,3065124
rcsBp1,0.5,1,1,GCCTCCACAAGCCGAGCTCT,0,3056564
rcsBp1,0.5,1,1,GCCTCAACCTACTACCCGGA,0,3038603
rcsBp1,0.5,1,1,GCCGTGGTGTGGCGAACTGA,0,3061612
rcsBp1,0.5,1,1,GCCGTCTTTAAGATCACATA,0,3053886
rcsBp1,0.5,1,1,GCCGTCCATCCGCGGGGATG,0,3024898
rcsBp1,0.5,1,1,GCCGTCATTCACCGTGGGAA,0,3070132
rcsBp1,0.5,1,1,GCCGTAAGTTATGAGCGCTT,0,3071240
rcsBp1,0.5,1,1,GCCGAGGCGAGTACGCTGTA,0,3061475
rcsBp1,0.5,1,1,GCCGAGCGTTATGCGGCCAT,0,3066979
rcsBp1,0.5,1,1,GCCCTTCCTCAATCAACTGG,0,3024413
rcsBp1,0.5,1,1,GCCCTAGGCCACCCCTAGGA,0,3045792
rcsBp1,0.5,1,1,GCCCCGGCCGCGTTCAGGTA,0,3037297
rcsBp1,0.5,1,1,GCCCCGCCCGGCTATAATGC,0,3037536
rcsBp1,0.5,1,1,GCCCCAGGACACGCGCATAT,0,3033947
rcsBp1,0.5,1,1,GCCCACCGACCGGAACTAAT,0,3065132
rcsBp1,0.5,1,1,GCCCACACGGGTTTTTCATT,0,3029869
rcsBp1,0.5,1,1,GCCATTTTTTAACTCTAAAA,0,3023756
rcsBp1,0.5,1,1,GCCATCGAGTATTGGTTCTA,0,3063000
rcsBp1,0.5,1,1,GCCATAAGTGTCATGAAAGA,0,3069029
rcsBp1,0.5,1,1,GCCAGCTCAGAGGTTTTAAA,0,3032118
rcsBp1,0.5,1,1,GCCACTGATTCAGCGGCAGT,0,3053423
rcsBp1,0.5,1,1,GCCAATAGATCGAGCGCGGC,0,3032096
rcsBp1,0.5,1,1,GCCAAGTTCTCTAGATTTTA,0,3033989
rcsBp1,0.5,1,1,GCCAAGAAGCCCGGATCGCC,0,3028309
rcsBp1,0.5,1,1,GCATTGGGAACGATCCCAGG,0,3059391
rcsBp1,0.5,1,1,GCATTGCCCTGGCCGTCGCC,0,3022128
rcsBp1,0.5,1,1,GCATTAATACTCGTCAAAAA,0,3067724
rcsBp1,0.5,1,1,GCATGTCACATTATAAGATC,0,3027051
rcsBp1,0.5,1,1,GCATGCCCGATGGCAAGAAG,0,3034396
rcsBp1,0.5,1,1,GCATGACTATGGAACCCGCA,0,3039401
rcsBp1,0.5,1,1,GCAGTCCTTAATCTTTCTAG,0,3049258
rcsBp1,0.5,1,1,GCAGTACCATCCCGACGGCC,0,3023155
rcsBp1,0.5,1,1,GCAGGTCGTGGAAGGATATA,0,3037176
rcsBp1,0.5,1,1,GCAGGTCGGAGCCCAAAATG,0,3062394
rcsBp1,0.5,1,1,GCAGGGTTGTGGTAATCCCA,0,3065379
rcsBp1,0.5,1,1,GCAGCGGAGGATTTTGGAAC,0,3022500
rcsBp1,0.5,1,1,GCAGATTAATACTGTCGTCT,0,3057472
rcsBp1,0.5,1,1,GCAGAGCTTCTAAATTCAAA,0,3070760
rcsBp1,0.5,1,1,GCAGAGCCACGGCCAATACA,0,3034018
rcsBp1,0.5,1,1,GCAGACCTTGGTGGCCTGAA,0,3072994
rcsBp1,0.5,1,1,GCACTTCTGAAATCGAAAAA,0,3056346
rcsBp1,0.5,1,1,GCACGAGGCTTGACGACGAG,0,3036109
rcsBp1,0.5,1,1,GCACCGTGACCAACTCACAT,0,3031188
rcsBp1,0.5,1,1,GCACCCACGACCAAGTGAGA,0,3061218
rcsBp1,0.5,1,1,GCACCAGGTTCGCAAACATT,0,3025093
rcsBp1,0.5,1,1,GCACACTAAACCAGATTCCA,0,3057364
rcsBp1,0.5,1,1,GCACAACGAGTCGCCGGGTA,0,3042578
rcsBp1,0.5,1,1,GCAATGCGCTGTGGTCCGTT,0,3036541
rcsBp1,0.5,1,1,GCAAGCGGGCTATCCGAAGT,0,3067160
rcsBp1,0.5,1,1,GCAACACTTAAGTTCGGACG,0,3035356
rcsBp1,0.5,1,1,GCAAATAGTGCTGCATATAG,0,3041052
rcsBp1,0.5,1,1,GCAAAGCTTGACCCTAACGC,0,3066475
rcsBp1,0.5,1,1,GATTTTGCTGTGATTGTATC,0,3054327
rcsBp1,0.5,1,1,GATTTATCAACAACGGAGGT,0,3070412
rcsBp1,0.5,1,1,GATTTATATCACGAATGCGT,0,3045355
rcsBp1,0.5,1,1,GATTCGTGTCACTCTAACAT,0,3032588
rcsBp1,0.5,1,1,GATTCGCGACTCTAGTATAT,0,3030815
rcsBp1,0.5,1,1,GATTAGGTTTATTATTCTCA,0,3032342
rcsBp1,0.5,1,1,GATTACGTTCAGTGCATGTG,0,3068250
rcsBp1,0.5,1,1,GATTAAGTGCCCACAAAATC,0,3068032
rcsBp1,0.5,1,1,GATGTTCGGCGGTTGAGCGA,0,3044243
rcsBp1,0.5,1,1,GATGTCATGCCGGAAATTCT,0,3028688
rcsBp1,0.5,1,1,GATGTAAACGTCTTGTCCTC,0,3038800
rcsBp1,0.5,1,1,GATGCTTACACGGTCTTGCA,0,3058384
rcsBp1,0.5,1,1,GATGAAAAGGCCCGGCGCCA,0,3040082
rcsBp1,0.5,1,1,GATCTTCGGGTTCTCGCCAG,0,3058431
rcsBp1,0.5,1,1,GATCTAATTCGAAAACCGAT,0,3024203
rcsBp1,0.5,1,1,GATCGGCAGTCCAGACCTTG,0,3064025
rcsBp1,0.5,1,1,GATCCAGCTCCCCACGAGAG,0,3053705
rcsBp1,0.5,1,1,GATCAATATTTTGAAAAGTA,0,3023523
rcsBp1,0.5,1,1,GATATTACAACTTATTATTT,0,3051381
rcsBp1,0.5,1,1,GATATGTATACGTGACTTGT,0,3025599
rcsBp1,0.5,1,1,GATACATTCATACAGCGTAT,0,3048986
rcsBp1,0.5,1,1,GATAATTAAAACCGGTATCT,0,3046134
rcsBp1,0.5,1,1,GATAACCGGGCTTCTTCAAT,0,3047049
rcsBp1,0.5,1,1,GAGTTGCTGTCTTGATACTG,0,3048970
rcsBp1,0.5,1,1,GAGTTAACCGATGATAAAGG,0,3062963
rcsBp1,0.5,1,1,GAGTGTCTATTTATCTTGAT,0,3026297
rcsBp1,0.5,1,1,GAGTGGCACATCATCTATAT,0,3050845
rcsBp1,0.5,1,1,GAGTGCGCTCGTAACGAGGT,0,3041482
rcsBp1,0.5,1,1,GAGTCTTTAAGCATTATACA,0,3069688
rcsBp1,0.5,1,1,GAGTATTTTTATGGACAGGC,0,3042724
rcsBp1,0.5,1,1,GAGTATCCCAGACCTGATAC,0,3061238
rcsBp1,0.5,1,1,GAGGTGGTTTGTTATCGAAG,0,3030958
rcsBp1,0.5,1,1,GAGGTCACCCGTCCGAGGAC,0,3063017
rcsBp1,0.5,1,1,GAGGGGTCCAATTGGGCATC,0,3027808
rcsBp1,0.5,1,1,GAGGGGCATCTGGTGTGATA,0,3031253
rcsBp1,0.5,1,1,GAGGGCGGGACTCGTGGGTA,0,3022401
rcsBp1,0.5,1,1,GAGGCTGTGACCAGTATATG,0,3055161
rcsBp1,0.5,1,1,GAGGCCAGGGGCCTATATAA,0,3063514
rcsBp1,0.5,1,1,GAGGCCAGATAAATATGCAT,0,3056885
rcsBp1,0.5,1,1,GAGGAGCTCAACAGCTAACA,0,3052456
rcsBp1,0.5,1,1,GAGCTAGTCGACGCTGGCAG,0,3053792
rcsBp1,0.5,1,1,GAGCGGTGTGACCCGCATGG,0,3047535
rcsBp1,0.5,1,1,GAGCCCGTGTCACTAGGAGT,0,3044576
rcsBp1,0.5,1,1,GAGCATGCTTGTATTTTAAT,0,3062128
rcsBp1,0.5,1,1,GAGATATGGATGCCGAATCG,0,3035026
rcsBp1,0.5,1,1,GAGACTAGGTAAATGACATG,0,3064863
rcsBp1,0.5,1,1,GAGACGCGCATCACGAAGGT,0,3072122
rcsBp1,0.5,1,1,GAGACCAAATTTCGTCAACT,0,3025375
rcsBp1,0.5,1,1,GACTTGGTATCTTAGGGAAC,0,3060371
rcsBp1,0.5,1,1,GACTTCCTACTATCGAGGCC,0,3029091
rcsBp1,0.5,1,1,GACTGCCTACCGCTTTGGAC,0,3058362
rcsBp1,0.5,1,1,GACGTGACGTACTCTAGCTA,0,3063549
rcsBp1,0.5,1,1,GACGTCTTTCAGGAACTACT,0,3023093
rcsBp1,0.5,1,1,GACGACACGAAAGGCGCGTA,0,3072114
rcsBp1,0.5,1,1,GACCTCTTAAATCGTCGAAT,0,3052434
rcsBp1,0.5,1,1,GACCCACGCAGTATGGGTGA,0,3032227
rcsBp1,0.5,1,1,GACCATAACTATCCATATGC,0,3024246
rcsBp1,0.5,1,1,GACAGTCTAGACTATTCTAC,0,3070679
rcsBp1,0.5,1,1,GACAGCGCCATCTGAAATGC,0,3033168
rcsBp1,0.5,1,1,GACAGCAAACGCCAACAGGT,0,3037961
rcsBp1,0.5,1,1,GACAGACTGGGTACAGGGGC,0,3038854
rcsBp1,0.5,1,1,GACACCAAGTGTGCTGGAAT,0,3025019
rcsBp1,0.5,1,1,GACAACTGGGGGTGACTCGT,0,3059840
rcsBp1,0.5,1,1,GACAAACTAGCACACCTCGT,0,3045889
rcsBp1,0.5,1,1,GACAAAAGACGTGCGCTTTT,0,3022390
rcsBp1,0.5,1,1,GAATTAAACTGCCCAGGCCT,0,3034190
rcsBp1,0.5,1,1,GAATGGCCGTGCCCTTTGTG,0,3067207
rcsBp1,0.5,1,1,GAATGAAATCCCTTATGGTT,0,3046063
rcsBp1,0.5,1,1,GAATAACTCACGTAAGCGGC,0,3027888
rcsBp1,0.5,1,1,GAAGGGCCTCTGCCACTCTT,0,3065000
rcsBp1,0.5,1,1,GAAGGATCCACGGCCCAACC,0,3059490
rcsBp1,0.5,1,1,GAAGCGGATCGTGGGGGCCT,0,3038132
rcsBp1,0.5,1,1,GAAGATTAGCGTTGGGATCG,0,3040986
rcsBp1,0.5,1,1,GAACTTACGGTCACGTCCTG,0,3071774
rcsBp1,0.5,1,1,GAACTGCTTTCATACCCAGG,0,3039655
rcsBp1,0.5,1,1,GAACTCTCAGATTGCGATTA,0,3049595
rcsBp1,0.5,1,1,GAACGTCTCTCCGCTGCGTC,0,3032276
rcsBp1,0.5,1,1,GAACGCAATTATCCACACAC,0,3043155
rcsBp1,0.5,1,1,GAACCGTTGCGGTCAGAACA,0,3073532
rcsBp1,0.5,1,1,GAACCCTCATTTACTCATAC,0,3038850
rcsBp1,0.5,1,1,GAACCACCACAGGCGGGAGA,0,3030977
rcsBp1,0.5,1,1,GAACACCGAAGCGCTGTCGT,0,3070405
rcsBp1,0.5,1,1,GAACAAGAAAAGCCTTGCGG,0,3035074
rcsBp1,0.5,1,1,GAAATTCAGGATCCGGACAG,0,3073512
rcsBp1,0.5,1,1,GAAATCTTAGGGGCTGTCGT,0,3026585
rcsBp1,0.5,1,1,GAAAGTGGAATAAAATTCCT,0,3022264
rcsBp1,0.5,1,1,GAAAGATCGGCATAGCAGGT,0,3063414
rcsBp1,0.5,1,1,GAAACGAGGTGTCGCGGCAG,0,3048120
rcsBp1,0.5,1,1,GAAAAGACTTCAAAGCCAAG,0,3030387
rcsBp1,0.5,1,1,GAAAAATACTCAATTCCTAA,0,3028147
rcsBp1,0.5,1,1,CTTTGTGGCGGTTGTGACTC,0,3041686
rcsBp1,0.5,1,1,CTTTCTGCACGGGCTTCAAA,0,3024118
rcsBp1,0.5,1,1,CTTTCTAACAATCGACAGAA,0,3059637
rcsBp1,0.5,1,1,CTTTCGCGCACGGAGCTCCA,0,3051303
rcsBp1,0.5,1,1,CTTTCCAGATACATGCACAT,0,3071652
rcsBp1,0.5,1,1,CTTTATGTACCTGGTCCGTA,0,3060767
rcsBp1,0.5,1,1,CTTTAGGGAGGGGCGTACGT,0,3046574
rcsBp1,0.5,1,1,CTTTACTATGTGAGAGGTCA,0,3071941
rcsBp1,0.5,1,1,CTTTACACCCGGTCCTCGGA,0,3044942
rcsBp1,0.5,1,1,CTTGTTAGGGGTTTTTTTCC,0,3050089
rcsBp1,0.5,1,1,CTTGTGTGTGGTTCTCTCAG,0,3033179
rcsBp1,0.5,1,1,CTTGGACGCTGGAGTAGGTT,0,3062347
rcsBp1,0.5,1,1,CTTGCTTCGCCACGAAGGAG,0,3040254
rcsBp1,0.5,1,1,CTTGCACAGTAACAGGGGAC,0,3038431
rcsBp1,0.5,1,1,CTTGCAATGGTGGATGGGTA,0,3030600
rcsBp1,0.5,1,1,CTTGAGGCGGAGTGAGGACA,0,3028589
rcsBp1,0.5,1,1,CTTGACTCGGGAGATGAGGA,0,3030430
rcsBp1,0.5,1,1,CTTGAAATATTGCGCGGGAG,0,3063927
rcsBp1,0.5,1,1,CTTCTAATTAACCGACTACA,0,3055138
rcsBp1,0.5,1,1,CTTCGGTCCGTGGCGCGATG,0,3028263
rcsBp1,0.5,1,1,CTTCCGGCCAGGCATTGATT,0,3029598
rcsBp1,0.5,1,1,CTTCCCGGGACCCCTAGGGA,0,3061712
rcsBp1,0.5,1,1,CTTCAAACTTTAACGGGTGA,0,3059424
rcsBp1,0.5,1,1,CTTATGGGGTTATCCGACGT,0,3056132
rcsBp1,0.5,1,1,CTTATACATGCACAAGTATG,0,3072335
rcsBp1,0.5,1,1,CTTAGTTTCGATTTATCATG,0,3036409
rcsBp1,0.5,1,1,CTTAGGCCGGGTCATTTCTG,0,3071445
rcsBp1,0.5,1,1,CTTAGCCTGCGCCCACACCA,0,3060459
rcsBp1,0.5,1,1,CTTACGGGACCACGCAGACC,0,3033012
rcsBp1,0.5,1,1,CTTACCGGATGGTCCCTCCC,0,3058968
rcsBp1,0.5,1,1,CTTACAGTATAGGACAGGTT,0,3064649
rcsBp1,0.5,1,1,CTGTTTGAGTGAGAAAACTA,0,3047569
rcsBp1,0.5,1,1,CTGTTTCTGTTTCCCACTAT,0,3023736
rcsBp1,0.5,1,1,CTGTTTCTGCATCGGACCAA,0,3066902
rcsBp1,0.5,1,1,CTGTTGCACTCCATTAGATA,0,3058395
rcsBp1,0.5,1,1,CTGTTATTAGGAACGCATAT,0,3052576
rcsBp1,0.5,1,1,CTGTGATAACTCACGGCGGA,0,3035889
rcsBp1,0.5,1,1,CTGTCCCTAACCCCGTCCTG,0,3050875
rcsBp1,0.5,1,1,CTGTCCACCTAAACTCCCAG,0,3027577
rcsBp1,0.5,1,1,CTGTAACGTCACGAAGTCAA,0,3059964
rcsBp1,0.5,1,1,CTGGTGCATCTTGGGATGTT,0,3052269
rcsBp1,0.5,1,1,CTGGGTTTCGTGCACGTAAA,0,3054651
rcsBp1,0.5,1,1,CTGGGGGGTCCGTGTCAAAA,0,3044990
rcsBp1,0.5,1,1,CTGGGAGCTGCACTCGGCTA,0,3035275
rcsBp1,0.5,1,1,CTGGCTTGGCTAGCCGATAT,0,3036313
rcsBp1,0.5,1,1,CTGGCGTGCAGGGCATCGGA,0,3059899
rcsBp1,0.5,1,1,CTGGACCTGGGGATGTCAGT,0,3045015
rcsBp1,0.5,1,1,CTGCGGTATACACGGGGATG,0,3021980
rcsBp1,0.5,1,1,CTGCGCAGAGAGCCATCTGC,0,3034106
rcsBp1,0.5,1,1,CTGCATCACGCGTCCTCGCA,0,3046616
rcsBp1,0.5,1,1,CTGCAGATTCTAATCCCCCT,0,3058659
rcsBp1,0.5,1,1,CTGCAGATAGATAACAAGTC,0,3070583
rcsBp1,0.5,1,1,CTGATGGGATGGTGTCCAGA,0,3047027
rcsBp1,0.5,1,1,CTGATAGGTAGAGAAGGTCA,0,3027950
rcsBp1,0.5,1,1,CTGAGGATGCTCAACGCAAT,0,3039697
rcsBp1,0.5,1,1,CTGAAAAATTGCGTATCCTG,0,3064244
rcsBp1,0.5,1,1,CTCTTCCAGGTTAACTTGGG,0,3065522
rcsBp1,0.5,1,1,CTCTGGATAAGCATGATTCG,0,3036960
rcsBp1,0.5,1,1,CTCTGCCTTCGCCATAGAAT,0,3027969
rcsBp1,0.5,1,1,CTCTGACAGACGGCTCTACA,0,3046628
rcsBp1,0.5,1,1,CTCTAGTCCTAAACCTGGTC,0,3033183
rcsBp1,0.5,1,1,CTCGTCATCCCAGATAATGG,0,3069572
rcsBp1,0.5,1,1,CTCGTATAGAACTGCTGGCT,0,3070139
rcsBp1,0.5,1,1,CTCGGACTGCTCAAGGAGGA,0,3052228
rcsBp1,0.5,1,1,CTCGATAGAGGGCGCGGAAA,0,3070240
rcsBp1,0.5,1,1,CTCGACGCTCATAAAGCCGT,0,3056636
rcsBp1,0.5,1,1,CTCGAAGATATAATGTGATT,0,3065468
rcsBp1,0.5,1,1,CTCCGAGACGTAATATGGGT,0,3052053
rcsBp1,0.5,1,1,CTCCAGAATATTTTGTGTTG,0,3026708
rcsBp1,0.5,1,1,CTCATGGTATGTCAACGTTC,0,3064198
rcsBp1,0.5,1,1,CTCATGGGATTAATGGCGTT,0,3044322
rcsBp1,0.5,1,1,CTCATGATTCAGCCATTCGG,0,3026070
rcsBp1,0.5,1,1,CTCATATAGTGAAAGCGCTT,0,3063006
rcsBp1,0.5,1,1,CTCAGGATGATCAACGTGCA,0,3061375
rcsBp1,0.5,1,1,CTCACTAGGACCCATAGCGT,0,3054730
rcsBp1,0.5,1,1,CTCACCTGTCCAGAGTACAC,0,3062092
rcsBp1,0.5,1,1,CTCACCATCTTTAATCCCAC,0,3050914
rcsBp1,0.5,1,1,CTCACAAGGTAGGGACCATG,0,3059741
rcsBp1,0.5,1,1,CTCAAGCCGTTCGCAGCTTG,0,3037426
rcsBp1,0.5,1,1,CTATTGCCCAACTCTATGTT,0,3067185
rcsBp1,0.5,1,1,CTATGAAGTTCGCCAGGAGC,0,3058916
rcsBp1,0.5,1,1,CTATATCAGATCGGTATGGT,0,3070605
rcsBp1,0.5,1,1,CTATATATTCATATTCCGCG,0,3056804
rcsBp1,0.5,1,1,CTATAATATCGTGCGAAGTC,0,3038273
rcsBp1,0.5,1,1,CTATAAATGCTGTCTGAATC,0,3065964
rcsBp1,0.5,1,1,CTAGTCTCTTCTGTACGGAA,0,3049544
rcsBp1,0.5,1,1,CTAGGTTCATTGTTAAATTA,0,3069513
rcsBp1,0.5,1,1,CTAGGGGTCGCGCACGTTGC,0,3024632
rcsBp1,0.5,1,1,CTAGGGGGTGGGGAGATACG,0,3032757
rcsBp1,0.5,1,1,CTAGGATTGTCCCGCCTGTA,0,3050891
rcsBp1,0.5,1,1,CTAGAGAGTGTGCGTATTTG,0,3021945
rcsBp1,0.5,1,1,CTACGACGGGTAATACCCCA,0,3070088
rcsBp1,0.5,1,1,CTACCATGTCCTGACGGTTA,0,3061930
rcsBp1,0.5,1,1,CTACAATGAATTAGATTTTT,0,3069410
rcsBp1,0.5,1,1,CTAATCCTGAGCTCTTGGCA,0,3059322
rcsBp1,0.5,1,1,CTAAGTGCCCGCCTGATCCG,0,3069173
rcsBp1,0.5,1,1,CTAAGTAGTCGCATGGCGCC,0,3062464
rcsBp1,0.5,1,1,CTAAGGTCATTGGATCTATT,0,3057237
rcsBp1,0.5,1,1,CTAAGCATCCCCCGGGGGAT,0,3032401
rcsBp1,0.5,1,1,CTAAAGTAAGAGCATCCGGG,0,3038557
rcsBp1,0.5,1,1,CGTTTGTCCTGGCCGATAAC,0,3049593
rcsBp1,0.5,1,1,CGTTTCCGTGTCGGAGGCAT,0,3055864
rcsBp1,0.5,1,1,CGTTTATTGTCAGCTACGTC,0,3071897
rcsBp1,0.5,1,1,CGTTTAGAAATACACGATTC,0,3070692
rcsBp1,0.5,1,1,CGTTGTTCTGTTATCGGATA,0,3057804
rcsBp1,0.5,1,1,CGTTGTCTATTGATAGGCCC,0,3062487
rcsBp1,0.5,1,1,CGTTCCTGGTTTCTGAAAAT,0,3066641
rcsBp1,0.5,1,1,CGTTCATCCACCTGAAGAGG,0,3026491
rcsBp1,0.5,1,1,CGTTACGGGTTGGGATCACC,0,3069760
rcsBp1,0.5,1,1,CGTGTCTACCTCCGACGGTT,0,3035372
rcsBp1,0.5,1,1,CGTGTATATTGAAGTTCGGC,0,3035997
rcsBp1,0.5,1,1,CGTGGATGCCTACTGCCGTA,0,3043802
rcsBp1,0.5,1,1,CGTGCTATTTGTCTCTCTTC,0,3047044
rcsBp1,0.5,1,1,CGTGCGGCATAGGTCAATCC,0,3028025
rcsBp1,0.5,1,1,CGTGCCTTGGGACCTTTTAA,0,3032910
rcsBp1,0.5,1,1,CGTCTGGATTGAGTACGCCT,0,3035064
rcsBp1,0.5,1,1,CGTCTGAGGTGCGTGTTATG,0,3070031
rcsBp1,0.5,1,1,CGTCCGGTTAACATTACAGT,0,3049015
rcsBp1,0.5,1,1,CGTCCACAAGTAGTTTTTGC,0,3045482
rcsBp1,0.5,1,1,CGTCATGAGTTCGTGGTAAC,0,3041213
rcsBp1,0.5,1,1,CGTCAGTTTGGTGTTCCCGG,0,3042444
rcsBp1,0.5,1,1,CGTATTGGGTAGGTGAATCT,0,3053800
rcsBp1,0.5,1,1,CGTATTACCTTACTCTATAG,0,3051123
rcsBp1,0.5,1,1,CGTATGTCACCTTGCAGACC,0,3059655
rcsBp1,0.5,1,1,CGTATGGTTTGGAGTAACTC,0,3034624
rcsBp1,0.5,1,1,CGTATGGGCGGGATTTGCTG,0,3068249
rcsBp1,0.5,1,1,CGTAGTGGACGAAATTCTGA,0,3045866
rcsBp1,0.5,1,1,CGTAGTACCGTCAGGTAATA,0,3060065
rcsBp1,0.5,1,1,CGTAGGTCCCCGACTCCTTA,0,3043698
rcsBp1,0.5,1,1,CGTACGTTCATCGAAGTCGC,0,3054737
rcsBp1,0.5,1,1,CGTACCGAACGGGGTGGTAA,0,3072276
rcsBp1,0.5,1,1,CGTAATGACCAGCATTGTGT,0,3031173
rcsBp1,0.5,1,1,CGTAAACGAATATGGTGTAA,0,3034273
rcsBp1,0.5,1,1,CGTAAACCCGGAATTTGAAT,0,3036322
rcsBp1,0.5,1,1,CGGTTCCCTGCACAAGCGAC,0,3034020
rcsBp1,0.5,1,1,CGGTTCAAGAATTCGCTCTG,0,3054215
rcsBp1,0.5,1,1,CGGTGTAAGGGTCAGCCAAA,0,3064321
rcsBp1,0.5,1,1,CGGTGGTTACGTGCGCAGCC,0,3030935
rcsBp1,0.5,1,1,CGGTGGCTGAGGCAGCGAAT,0,3032100
rcsBp1,0.5,1,1,CGGTGCTTTTGTTTTTCTTT,0,3073136
rcsBp1,0.5,1,1,CGGTGAGCACTTAAAGAGTA,0,3067459
rcsBp1,0.5,1,1,CGGTGAAAACTGTCCCGTAG,0,3054061
rcsBp1,0.5,1,1,CGGTCCGGCGTCTGTCCAAC,0,3031035
rcsBp1,0.5,1,1,CGGTCCCTGAGGTTACTTTT,0,3055292
rcsBp1,0.5,1,1,CGGTCAAGTTTGCGCGCCAC,0,3064956
rcsBp1,0.5,1,1,CGGTCAAGGCCCGCCCTTTC,0,3053110
rcsBp1,0.5,1,1,CGGTATTAACAGTGTAAATT,0,3047796
rcsBp1,0.5,1,1,CGGTATCGCAGTTGGCTGCG,0,3066682
rcsBp1,0.5,1,1,CGGTAGTTGCGTACTGAGTG,0,3073364
rcsBp1,0.5,1,1,CGGGTGTGCTCAACTGAGCT,0,3058480
rcsBp1,0.5,1,1,CGGGTGGGTTCCGCATAGAG,0,3065828
rcsBp1,0.5,1,1,CGGGTGCCCTGGGTTAACCA,0,3030228
rcsBp1,0.5,1,1,CGGGTGAAGATCATCGTTTG,0,3068917
rcsBp1,0.5,1,1,CGGGTAGGAGGGATGGGAAA,0,3073406
rcsBp1,0.5,1,1,CGGGGGAGGGGACGCCAGAT,0,3049153
rcsBp1,0.5,1,1,CGGGCTTCTGGAACTTCCGC,0,3059960
rcsBp1,0.5,1,1,CGGGACGACGAAGCGTAGGA,0,3028473
rcsBp1,0.5,1,1,CGGCTTTTCGCCAGGTTTGT,0,3056250
rcsBp1,0.5,1,1,CGGCTGCTAGAGTACGTAAA,0,3069458
rcsBp1,0.5,1,1,CGGCGTATCGCAGTCCCACA,0,3041430
rcsBp1,0.5,1,1,CGGCGGGGCGTATACATAGT,0,3039885
rcsBp1,0.5,1,1,CGGCGGGAATAGAGACCCGG,0,3068742
rcsBp1,0.5,1,1,CGGCGATCTTGCCCATTGGA,0,3024783
rcsBp1,0.5,1,1,CGGCATGGGATGGGGTTCCT,0,3048730
rcsBp1,0.5,1,1,CGGCAAAGTGCTAGCAGTTA,0,3061268
rcsBp1,0.5,1,1,CGGATTACAAGAATACCTTG,0,3057240
rcsBp1,0.5,1,1,CGGATCTTCTTGACAAACGT,0,3039448
rcsBp1,0.5,1,1,CGGAGGACACAAGATCGGTC,0,3025859
rcsBp1,0.5,1,1,CGGAGCTGAGCGGATTCGTT,0,3028321
rcsBp1,0.5,1,1,CGGACAAGATTTGGTCCAGT,0,3026705
rcsBp1,0.5,1,1,CGGAATGCGCACACACAGCA,0,3073712
rcsBp1,0.5,1,1,CGGAATCCTGGGAAGGGAAG,0,3038690
rcsBp1,0.5,1,1,CGGAACAGGGTTATTTCGCA,0,3049745
rcsBp1,0.5,1,1,CGCTTTTGTCATAACGTTCC,0,3031698
rcsBp1,0.5,1,1,CGCTTCGGACACTAGGGAAC,0,3045834
rcsBp1,0.5,1,1,CGCTTATGAAATGTCTACCA,0,3066540
rcsBp1,0.5,1,1,CGCTGTTCGCAACTGCATAT,0,3068561
rcsBp1,0.5,1,1,CGCTGTCTACCCGCGGGAAT,0,3027255
rcsBp1,0.5,1,1,CGCTCGGCTCTAAAGAAGTT,0,3038004
rcsBp1,0.5,1,1,CGCTCGCGACGGACAGGCTT,0,3032477
rcsBp1,0.5,1,1,CGCTCCTAATCCGTGTGGAG,0,3024511
rcsBp1,0.5,1,1,CGCTACCGGAATATTTGGTT,0,3026803
rcsBp1,0.5,1,1,CGCTAAGGTCTCCACATTGA,0,3034169
rcsBp1,0.5,1,1,CGCGTTCATGCGAATCTGTT,0,3068880
rcsBp1,0.5,1,1,CGCGGGCGCTGGATTTGATG,0,3054923
rcsBp1,0.5,1,1,CGCGGAATTTTCCAACTCCA,0,3025194
rcsBp1,0.5,1,1,CGCGCGCCGCCTACACAGGT,0,3039778
rcsBp1,0.5,1,1,CGCCTCGGCTACGCGGTATC,0,3030381
rcsBp1,0.5,1,1,CGCCTCAACGGGCGTCTAGC,0,3034973
rcsBp1,0.5,1,1,CGCCGGGGGTCACTACTGCT,0,3069269
rcsBp1,0.5,1,1,CGCCCTCCAGTACCCAGATC,0,3065019
rcsBp1,0.5,1,1,CGCCCTACGTTAAGAACTCA,0,3054696
rcsBp1,0.5,1,1,CGCCCGAAACGGTGAATTTG,0,3052154
rcsBp1,0.5,1,1,CGCCCCTCGGCATAGACAAT,0,3028687
rcsBp1,0.5,1,1,CGCCATTCTGGGTTTCCTGC,0,3054126
rcsBp1,0.5,1,1,CGCCAGGAGGGTTGACGAGA,0,3051269
rcsBp1,0.5,1,1,CGCCACAGGTGGTCCCCCCA,0,3044516
rcsBp1,0.5,1,1,CGCCAATTACTTCAGAGACG,0,3042243
rcsBp1,0.5,1,1,CGCATTGCCGAACCTGGAAG,0,3060726
rcsBp1,0.5,1,1,CGCATGATTTAAGCCCAGGT,0,3048185
rcsBp1,0.5,1,1,CGCACGTCCGCCTGGCATCT,0,3071595
rcsBp1,0.5,1,1,CGCACATAAGTCACCCGATT,0,3072396
rcsBp1,0.5,1,1,CGCACATAAAAGATAACTGT,0,3046608
rcsBp1,0.5,1,1,CGCAATTGGGGAGGATAGCA,0,3039601
rcsBp1,0.5,1,1,CGCAATACGGCTCCGGACGG,0,3063205
rcsBp1,0.5,1,1,CGCAACCGTGGATGCATACC,0,3052990
rcsBp1,0.5,1,1,CGCAACATGGGCTTACATTA,0,3070566
rcsBp1,0.5,1,1,CGCAAAAAGCGCTTGGTGCC,0,3047218
rcsBp1,0.5,1,1,CGATTTTTGTGAAGGGAAAC,0,3050333
rcsBp1,0.5,1,1,CGATTGAGATACGGGCAAGC,0,3059574
rcsBp1,0.5,1,1,CGATGAACCGCCCGAGCACC,0,3056334
rcsBp1,0.5,1,1,CGATCTCCTAGCATTGATAA,0,3072184
rcsBp1,0.5,1,1,CGATCCGTATACTAGAACTA,0,3038925
rcsBp1,0.5,1,1,CGATACCCATCTCTCTTTTC,0,3032706
rcsBp1,0.5,1,1,CGATAAGGCCGCTTGGTAAT,0,3054343
rcsBp1,0.5,1,1,CGAGTTTGCAAGTCGGTGTC,0,3025361
rcsBp1,0.5,1,1,CGAGTCAACTCGTCCGTGGC,0,3035789
rcsBp1,0.5,1,1,CGAGTAGCTTGGAACTGCCA,0,3055523
rcsBp1,0.5,1,1,CGAGGTCAGCCATAGCCGCC,0,3043040
rcsBp1,0.5,1,1,CGAGATGTTCCGTGACATAC,0,3027686
rcsBp1,0.5,1,1,CGAGATATTCCTTGAGCATA,0,3052326
rcsBp1,0.5,1,1,CGAGATAGTTGAACAATCTT,0,3059702
rcsBp1,0.5,1,1,CGAGAGGTCTTCATTCGTAA,0,3037792
rcsBp1,0.5,1,1,CGAGACTCTTCTCAATCCTG,0,3032961
rcsBp1,0.5,1,1,CGAGACCTTCCCGAATGTGA,0,3073047
rcsBp1,0.5,1,1,CGACTTTCCGGATAGGGTCC,0,3039924
rcsBp1,0.5,1,1,CGACGGCCCGAATGGGGCAG,0,3060526
rcsBp1,0.5,1,1,CGACGACACTGTCCCTGAAG,0,3041931
rcsBp1,0.5,1,1,CGACCTCTATCAAGGCAGGC,0,3036990
rcsBp1,0.5,1,1,CGACAGTATTAGGATAAGAA,0,3042732
rcsBp1,0.5,1,1,CGACAGATGGCTCCCAGAGA,0,3073445
rcsBp1,0.5,1,1,CGAATCTATCCACCTCGCTG,0,3068510
rcsBp1,0.5,1,1,CGAAGGGGAGTTCTTAAGTA,0,3049758
rcsBp1,0.5,1,1,CGAAGAGCAGGTTGAAGTTA,0,3035725
rcsBp1,0.5,1,1,CGAACATGCGACGCCCCGGT,0,3044097
rcsBp1,0.5,1,1,CGAAATTGCGAACAGTCAAA,0,3027579
rcsBp1,0.5,1,1,CGAAATGTACGGCTGTAGGA,0,3056993
rcsBp1,0.5,1,1,CCTTTGACCGTAGCCAGCGT,0,3068851
rcsBp1,0.5,1,1,CCTTTATCCATAGCAGGTTT,0,3069360
rcsBp1,0.5,1,1,CCTTCGCGAGCGAGGTCGCT,0,3055586
rcsBp1,0.5,1,1,CCTTCGAACGGGGGAATGAG,0,3059410
rcsBp1,0.5,1,1,CCTTACGTCTCGATCGGGAT,0,3042274
rcsBp1,0.5,1,1,CCTGTTGGGAAAACAAATGA,0,3040344
rcsBp1,0.5,1,1,CCTGTCTTAGCTTAAGATAA,0,3053735
rcsBp1,0.5,1,1,CCTGGTAATGCCAAGCAAAA,0,3038864
rcsBp1,0.5,1,1,CCTGGAATCCGACAGCGCTA,0,3067404
rcsBp1,0.5,1,1,CCTGCCTGACCTTCCAGCGT,0,3044723
rcsBp1,0.5,1,1,CCTGCATAGTTCGTATATTG,0,3057813
rcsBp1,0.5,1,1,CCTGAGGGCCTATCTAAACA,0,3034666
rcsBp1,0.5,1,1,CCTGACACGGAGGACTACAG,0,3061643
rcsBp1,0.5,1,1,CCTGAACTAATTTATGAGGT,0,3068323
rcsBp1,0.5,1,1,CCTGAAAGCGTCTTTCAGCG,0,3032946
rcsBp1,0.5,1,1,CCTCGGACCCCGGGGCCGAC,0,3062668
rcsBp1,0.5,1,1,CCTCGACGGTCAGAACGCAG,0,3025485
rcsBp1,0.5,1,1,CCTCCGGATCTTCTTCAAAT,0,3044368
rcsBp1,0.5,1,1,CCTCCATTGAATTACAATAG,0,3051797
rcsBp1,0.5,1,1,CCTCCAATGTCGCATAATTC,0,3051869
rcsBp1,0.5,1,1,CCTCAGCTACGCAAGCCATG,0,3022169
rcsBp1,0.5,1,1,CCTCAGAGTGGTGTGTGATC,0,3051194
rcsBp1,0.5,1,1,CCTCAAGCGCGACAACTGGG,0,3054798
rcsBp1,0.5,1,1,CCTATAAGTAGCAGACTGAC,0,3044266
rcsBp1,0.5,1,1,CCTACACCACTCTGATAGCG,0,3035466
rcsBp1,0.5,1,1,CCTAACGGCCCATATGGGCT,0,3058086
rcsBp1,0.5,1,1,CCGTTCACATCCGCAATCAA,0,3057783
rcsBp1,0.5,1,1,CCGTTAGAAATCACACCCCT,0,3072262
rcsBp1,0.5,1,1,CCGTGGGACCATGTCGTAAT,0,3043622
rcsBp1,0.5,1,1,CCGTCTTGGGGTGAAGTGAA,0,3033390
rcsBp1,0.5,1,1,CCGTCTACTGTGTTAACGGG,0,3042592
rcsBp1,0.5,1,1,CCGTACGTTGGTTTCCAGCC,0,3059453
rcsBp1,0.5,1,1,CCGTAATAGCCGTTAGCGTT,0,3028883
rcsBp1,0.5,1,1,CCGGTAGTCACTGCTGAATG,0,3052303
rcsBp1,0.5,1,1,CCGGTAAGACCGCGCGCTAA,0,3026117
rcsBp1,0.5,1,1,CCGGGGCGTCGCGATTTGAA,0,3068262
rcsBp1,0.5,1,1,CCGGGAGTTCGGACTAGGTC,0,3054680
rcsBp1,0.5,1,1,CCGGATAAGGTCTAGACTGA,0,3045551
rcsBp1,0.5,1,1,CCGGACAGCTGCCGGACATC,0,3042846
rcsBp1,0.5,1,1,CCGCTTTACATCAGTCAAGT,0,3060187
rcsBp1,0.5,1,1,CCGCTCCTCAGCTGCGCAGG,0,3041671
rcsBp1,0.5,1,1,CCGCGAACATAGGGTAAGTG,0,3070133
rcsBp1,0.5,1,1,CCGCCTGGCTCTGAATCCCG,0,3046187
rcsBp1,0.5,1,1,CCGCCGGCAGAGGGAAACGC,0,3058226
rcsBp1,0.5,1,1,CCGCCACGATCTTGCACGGG,0,3053594
rcsBp1,0.5,1,1,CCGCCAAATTAGACAGAACG,0,3056854
rcsBp1,0.5,1,1,CCGCAGCCTGCAAAAGTGAG,0,3024766
rcsBp1,0.5,1,1,CCGCAAACTGCGTTAAATGT,0,3022366
rcsBp1,0.5,1,1,CCGATTCCTGCATTCTAGCC,0,3054208
rcsBp1,0.5,1,1,CCGATGAATATCCAACTGAA,0,3030095
rcsBp1,0.5,1,1,CCGATCATGACGGTTTCGGT,0,3064423
rcsBp1,0.5,1,1,CCGATACCCACGTGGTTAGT,0,3063626
rcsBp1,0.5,1,1,CCGACTCACCTGAGATCAAA,0,3027447
rcsBp1,0.5,1,1,CCGAAGCACCTCGTGCTCGA,0,3032925
rcsBp1,0.5,1,1,CCCTTACGAGCCGGTCTAGG,0,3059433
rcsBp1,0.5,1,1,CCCTGTGTATATCAGCAGGC,0,3024567
rcsBp1,0.5,1,1,CCCTCGTCGGCAATCAAGTA,0,3039233
rcsBp1,0.5,1,1,CCCTCCCTGGTGACCAGGAC,0,3042258
rcsBp1,0.5,1,1,CCCTATGTAGTTACAAAACA,0,3047369
rcsBp1,0.5,1,1,CCCTAAATCGGTTTCCAACA,0,3040941
rcsBp1,0.5,1,1,CCCGTGATTACGGGTGATAG,0,3040256
rcsBp1,0.5,1,1,CCCGGCCCTTCCAGACGTAA,0,3025410
rcsBp1,0.5,1,1,CCCGGAATCGTTTGATCATG,0,3034309
rcsBp1,0.5,1,1,CCCGCACCTTACGCATTGGC,0,3059394
rcsBp1,0.5,1,1,CCCCTTCAAAATGGTACTTT,0,3022743
rcsBp1,0.5,1,1,CCCCTGCAGTAATACGGTCT,0,3037124
rcsBp1,0.5,1,1,CCCCTCACGTGTTTTCTGAA,0,3034798
rcsBp1,0.5,1,1,CCCCTACTATTTACGCCCGG,0,3057667
rcsBp1,0.5,1,1,CCCCGCTGTCCTGGGCTATA,0,3060097
rcsBp1,0.5,1,1,CCCCGAGGACGCGACGTCAT,0,3035410
rcsBp1,0.5,1,1,CCCCCCTTATCCGGGGGTCC,0,3063692
rcsBp1,0.5,1,1,CCCCCCAACGCACCACATAC,0,3054755
rcsBp1,0.5,1,1,CCCCATGTTGGCTGGTTACC,0,3073446
rcsBp1,0.5,1,1,CCCATTGTTGCATAAGAATT,0,3069715
rcsBp1,0.5,1,1,CCCATTGTAAGTTGGCCAAA,0,3054585
rcsBp1,0.5,1,1,CCCATTAAATAATAATCCAT,0,3031026
rcsBp1,0.5,1,1,CCCATCGCTGGAGGTCATAC,0,3036669
rcsBp1,0.5,1,1,CCCATAGGGCCTACCGGCGA,0,3039897
rcsBp1,0.5,1,1,CCCAGTATCTGTCCTCGCAT,0,3058397
rcsBp1,0.5,1,1,CCCAGACACGAATGCACCGG,0,3026016
rcsBp1,0.5,1,1,CCCACACTATCCATTCCAGG,0,3065244
rcsBp1,0.5,1,1,CCATGCTAATGAAGGCAGCT,0,3069372
rcsBp1,0.5,1,1,CCATCTAGCTCGAATTGTAG,0,3073509
rcsBp1,0.5,1,1,CCATCGATGTTGGGAGATAC,0,3035374
rcsBp1,0.5,1,1,CCAGTCAGGCGCTATCTTCT,0,3060454
rcsBp1,0.5,1,1,CCAGTAACGGCGACAAAGGT,0,3072006
rcsBp1,0.5,1,1,CCAGGTTTAAGATTGTTTGC,0,3061365
rcsBp1,0.5,1,1,CCAGGGTATAAAGTACGGCC,0,3045915
rcsBp1,0.5,1,1,CCACGTTTGGATTCTCCATT,0,3051278
rcsBp1,0.5,1,1,CCACGGATTCGAAGCTCCTC,0,3057349
rcsBp1,0.5,1,1,CCACCTAATCGTAGCTCCCT,0,3033105
rcsBp1,0.5,1,1,CCACATGGGTCAAATTGTAC,0,3051795
rcsBp1,0.5,1,1,CCACAGTAAAGTTAGGTTGT,0,3052085
rcsBp1,0.5,1,1,CCAATTTATCAGCGCCTGTC,0,3027221
rcsBp1,0.5,1,1,CCAATTGTCCGGATCATCCA,0,3072628
rcsBp1,0.5,1,1,CCAATGGCATTTCGAACAGG,0,3068826
rcsBp1,0.5,1,1,CCAATGACGCTGTTACCGCT,0,3062765
rcsBp1,0.5,1,1,CCAATCCGAAGTATCTGCAT,0,3066418
rcsBp1,0.5,1,1,CCAATAAAGCTCTCATGTGC,0,3041696
rcsBp1,0.5,1,1,CCAAGAGTTTGCGGGATCAA,0,3070455
rcsBp1,0.5,1,1,CATTTTCGAGGGAGTTTTAC,0,3060188
rcsBp1,0.5,1,1,CATTTAAGTATGAAGGTCTC,0,3037656
rcsBp1,0.5,1,1,CATTCGTGTCTCAAAACTTT,0,3072153
rcsBp1,0.5,1,1,CATTCGGCCAGTAGTATAAA,0,3041685
rcsBp1,0.5,1,1,CATTCCGTGAATCATGAAAA,0,3060496
rcsBp1,0.5,1,1,CATTAATCCCTCTAAAGACA,0,3060161
rcsBp1,0.5,1,1,CATGTTATCGGGGGTTGCCT,0,3060982
rcsBp1,0.5,1,1,CATGTCTGATGTTATCCGGA,0,3073711
rcsBp1,0.5,1,1,CATGGTGAAATAGTTTAATG,0,3060680
rcsBp1,0.5,1,1,CATGGTAAGGTGACGTCGCA,0,3048875
rcsBp1,0.5,1,1,CATGGGAACGTGAGTCCGCG,0,3049352
rcsBp1,0.5,1,1,CATGCGGACAGGGTCAGATA,0,3031392
rcsBp1,0.5,1,1,CATGCGCATTGCTCGATACT,0,3067545
rcsBp1,0.5,1,1,CATGCGAAACGAGGCCAGAC,0,3023451
rcsBp1,0.5,1,1,CATGACAATATAGGCCAGGA,0,3065125
rcsBp1,0.5,1,1,CATCTTTCTTCGAGCCGTTA,0,3060289
rcsBp1,0.5,1,1,CATCTCCCGCGGTGGGACCT,0,3047410
rcsBp1,0.5,1,1,CATCCGTCATCTCATGTAAG,0,3033385
rcsBp1,0.5,1,1,CATCAGGCTGGACTGTTGGA,0,3045495
rcsBp1,0.5,1,1,CATCAGAGATCGCGTTCAAC,0,3034707
rcsBp1,0.5,1,1,CATCAAGTTCTCCAATGGTT,0,3031965
rcsBp1,0.5,1,1,CATATCCGCTATGGGGCCTA,0,3067253
rcsBp1,0.5,1,1,CATATCAAGCACGCAGACGC,0,3025614
rcsBp1,0.5,1,1,CATATAGTGGCAGGCTCCTT,0,3044623
rcsBp1,0.5,1,1,CATATAGAGTCCTCATTCTC,0,3069884
rcsBp1,0.5,1,1,CATAGTTATATCTGGCGTTC,0,3073698
rcsBp1,0.5,1,1,CATAGAAGCGTGGTACTCTC,0,3029532
rcsBp1,0.5,1,1,CATACTGGTGCATAATGCTG,0,3023393
rcsBp1,0.5,1,1,CATACATGCTCTTTGTCCCG,0,3049716
rcsBp1,0.5,1,1,CATACAGCCGTCGAGGTGTA,0,3032805
rcsBp1,0.5,1,1,CATAACCGTAGGCGGTCTTA,0,3052914
rcsBp1,0.5,1,1,CAGTGACTGTCGATCCGTGT,0,3066391
rcsBp1,0.5,1,1,CAGTCAAGCGCACGGTTGAG,0,3065822
rcsBp1,0.5,1,1,CAGGTCGCGATATCCTCCAG,0,3068236
rcsBp1,0.5,1,1,CAGGTATTGGACCCTCGGCA,0,3023373
rcsBp1,0.5,1,1,CAGGGTCAGGGCTTCCGGAT,0,3031721
rcsBp1,0.5,1,1,CAGGGCTGAAGTTGGATGCA,0,3047591
rcsBp1,0.5,1,1,CAGGGCGTCTATATACAACG,0,3034630
rcsBp1,0.5,1,1,CAGGCTGTAACTCTCAGACA,0,3048640
rcsBp1,0.5,1,1,CAGGCAATAATGTAACGGTG,0,3061978
rcsBp1,0.5,1,1,CAGGATCGTTATCATCAGGT,0,3035747
rcsBp1,0.5,1,1,CAGGAGGGTCTGCCTTAAAG,0,3058360
rcsBp1,0.5,1,1,CAGGACTTGAGATCTCGCCT,0,3069512
rcsBp1,0.5,1,1,CAGGAAGCTTTCCATCTTCG,0,3040764
rcsBp1,0.5,1,1,CAGCTTGGGCCACCCGCGAA,0,3044128
rcsBp1,0.5,1,1,CAGCTGCCGATGGCGGTTAC,0,3072043
rcsBp1,0.5,1,1,CAGCTGATTAGTACAATATC,0,3031428
rcsBp1,0.5,1,1,CAGCTCCGATAATGTGGCGG,0,3050483
rcsBp1,0.5,1,1,CAGCGCACAATCCCACGACC,0,3027311
rcsBp1,0.5,1,1,CAGCCTCGGATGCTCATTCT,0,3036936
rcsBp1,0.5,1,1,CAGCCTACGATACTACATTG,0,3048739
rcsBp1,0.5,1,1,CAGATGTAACCCACAGGGAT,0,3064779
rcsBp1,0.5,1,1,CAGATGGGACTAGGTCGGAA,0,3053998
rcsBp1,0.5,1,1,CAGACGAGCCGGCCGATGTT,0,3035728
rcsBp1,0.5,1,1,CAGACCTGTAGCATAGTGGT,0,3055384
rcsBp1,0.5,1,1,CAGAAGAAAGGGCTGTCACC,0,3039068
rcsBp1,0.5,1,1,CAGAACATCGTCGATTGGAG,0,3045772
rcsBp1,0.5,1,1,CACTTCCGAAATTGTTTAGA,0,3044628
rcsBp1,0.5,1,1,CACTCCTGGCTTCGGAGCAG,0,3026778
rcsBp1,0.5,1,1,CACTCAAGGCCGGCGGCTAG,0,3058780
rcsBp1,0.5,1,1,CACTAGCGCCCGAGCTGGTA,0,3038957
rcsBp1,0.5,1,1,CACGTAACAAGTTCCGGTCC,0,3064639
rcsBp1,0.5,1,1,CACGATGTTCGATAGGTACC,0,3057866
rcsBp1,0.5,1,1,CACGATCATAGCCGAGACTC,0,3033979
rcsBp1,0.5,1,1,CACGACGCCAACGCCCAAAT,0,3032637
rcsBp1,0.5,1,1,CACCTCCCGCCTTTGCCAGA,0,3032530
rcsBp1,0.5,1,1,CACCTACTCTGATATCGGAG,0,3034111
rcsBp1,0.5,1,1,CACCCTTCGCCAGACTAGGC,0,3070377
rcsBp1,0.5,1,1,CACCCTGGGCGACTAATGGT,0,3039389
rcsBp1,0.5,1,1,CACCAGTTGATAAACAGGCA,0,3063748
rcsBp1,0.5,1,1,CACCACGTGTGGCATACGAG,0,3058359
rcsBp1,0.5,1,1,CACATTGGTAAAGAGTTATA,0,3042129
rcsBp1,0.5,1,1,CACAGGAAGACAGGTTTATG,0,3050744
rcsBp1,0.5,1,1,CACAAGCTGCAGTGAAACTT,0,3057471
rcsBp1,0.5,1,1,CACAAGCCACATTCCAGGGG,0,3023298
rcsBp1,0.5,1,1,CAATGAATGTCTATTTATGC,0,3035609
rcsBp1,0.5,1,1,CAATACACTCCGGTGACTGA,0,3055819
rcsBp1,0.5,1,1,CAATAATACTATGTCGGGAT,0,3053806
rcsBp1,0.5,1,1,CAAGTTCCCGGACCATGTGC,0,3069199
rcsBp1,0.5,1,1,CAAGGTGTTCTCCGCAATTA,0,3066997
rcsBp1,0.5,1,1,CAAGGTGAGCGACGTATTGG,0,3034030
rcsBp1,0.5,1,1,CAAGGTCGCCCCTAGGCTGC,0,3052767
rcsBp1,0.5,1,1,CAAGGGCGGTTAATGCGGCA,0,3031143
rcsBp1,0.5,1,1,CAAGGCACACTTGGGTAGGA,0,3068973
rcsBp1,0.5,1,1,CAAGCTTAAGGGGGCAGAAG,0,3050427
rcsBp1,0.5,1,1,CAAGAACTTAATTCACCAGC,0,3068328
rcsBp1,0.5,1,1,CAAGAACATAGGGATAAGTT,0,3048604
rcsBp1,0.5,1,1,CAAGAACAATTCCCTCACAG,0,3057636
rcsBp1,0.5,1,1,CAACTTGCACGATTGTTGGG,0,3024064
rcsBp1,0.5,1,1,CAACTGGCCCAAGGGCGGCC,0,3071823
rcsBp1,0.5,1,1,CAACTGACTTATGCCTGGGT,0,3043041
rcsBp1,0.5,1,1,CAACGTCCACGCTAGGCCAC,0,3051777
rcsBp1,0.5,1,1,CAACGCAGACGGTGCGGCTC,0,3058566
rcsBp1,0.5,1,1,CAACGATCGACCTCATTAGG,0,3065778
rcsBp1,0.5,1,1,CAACCTAAGCTGGTTTGAAG,0,3040695
rcsBp1,0.5,1,1,CAACCGACGGGTGGAGCGAG,0,3027614
rcsBp1,0.5,1,1,CAACAGAAAAGGGGAGCTTT,0,3062467
rcsBp1,0.5,1,1,CAAATGCGTGGTCTCGGCCC,0,3061332
rcsBp1,0.5,1,1,CAAATATCGCGCACTACTCT,0,3063783
rcsBp1,0.5,1,1,CAAAGAAACAATGTTCTAGG,0,3067346
rcsBp1,0.5,1,1,CAAACGAGGATCTATTATGT,0,3043456
rcsBp1,0.5,1,1,CAAAAGCATAATGGGAGCTC,0,3037628
rcsBp1,0.5,1,1,CAAAAACGCCGGGACCTAAA,0,3033421
rcsBp1,0.5,1,1,ATTTTTTATCGATGTGACGC,0,3027024
rcsBp1,0.5,1,1,ATTTTCTCATCGTAAAACGT,0,3026538
rcsBp1,0.5,1,1,ATTTTAACGGACGTTTATGG,0,3073721
rcsBp1,0.5,1,1,ATTTGTGACTGGTAATAGAT,0,3041251
rcsBp1,0.5,1,1,ATTTCTAGTTGTACCCAGCT,0,3033264
rcsBp1,0.5,1,1,ATTTATCGTACTCACGATTG,0,3042202
rcsBp1,0.5,1,1,ATTTATCGGGCGAGAATCTT,0,3062987
rcsBp1,0.5,1,1,ATTTAGCAATTGTTTGTCCT,0,3066686
rcsBp1,0.5,1,1,ATTGTTCTGGTAAGTGTCCA,0,3036646
rcsBp1,0.5,1,1,ATTGTACACAGTATTGCCCA,0,3055923
rcsBp1,0.5,1,1,ATTGGGACGTTAGTTATGAC,0,3032926
rcsBp1,0.5,1,1,ATTGGCGATTCTTTTCAATC,0,3049370
rcsBp1,0.5,1,1,ATTGCTGTTTCTGACTGGGT,0,3049601
rcsBp1,0.5,1,1,ATTGCCGCGAAACGGTTAAA,0,3022794
rcsBp1,0.5,1,1,ATTGCCGATCTGATACATGA,0,3068491
rcsBp1,0.5,1,1,ATTGCCCGCATAAGCCCAGG,0,3064122
rcsBp1,0.5,1,1,ATTGCCACTGATTAGGTCCT,0,3069712
rcsBp1,0.5,1,1,ATTGAATATAGCTAGAAAAC,0,3065024
rcsBp1,0.5,1,1,ATTCTTATCATTCTAAAGAG,0,3062875
rcsBp1,0.5,1,1,ATTCTGTCTGTCACGGAGAA,0,3034338
rcsBp1,0.5,1,1,ATTCGTTAACATACCATTAA,0,3024740
rcsBp1,0.5,1,1,ATTCGCTAATTGGAGCTAAA,0,3067811
rcsBp1,0.5,1,1,ATTCCCAAAAGTAAGAGGTA,0,3036675
rcsBp1,0.5,1,1,ATTCAGTAGCTGCTGCGGTA,0,3043939
rcsBp1,0.5,1,1,ATTATGTAGAGAGTTTCCTC,0,3026856
rcsBp1,0.5,1,1,ATTAGGCGTTATTCAGTTAT,0,3070920
rcsBp1,0.5,1,1,ATTAGCCCAAACAAAATTTT,0,3042950
rcsBp1,0.5,1,1,ATTAGCATTTTTTACTTCCC,0,3041404
rcsBp1,0.5,1,1,ATTAGACGGGACAACAGGAC,0,3064162
rcsBp1,0.5,1,1,ATTACAACTGTACGATAATA,0,3071626
rcsBp1,0.5,1,1,ATTAAGTTGGATATCTAATT,0,3035682
rcsBp1,0.5,1,1,ATTAACCATCCATCTTCTCC,0,3029583
rcsBp1,0.5,1,1,ATTAAATAGCGGAGTAGGCG,0,3072344
rcsBp1,0.5,1,1,ATTAAAGGACCCCTGTTCAT,0,3039244
rcsBp1,0.5,1,1,ATGTTGTGGTTGGGCCTAGT,0,3029460
rcsBp1,0.5,1,1,ATGTTACAAGCGATACCGGG,0,3045891
rcsBp1,0.5,1,1,ATGTGTGGTTTCTTTCAGGC,0,3042844
rcsBp1,0.5,1,1,ATGTGCTGACTGATCCCCTA,0,3029711
rcsBp1,0.5,1,1,ATGTCTACGGGGTGCGACGG,0,3024302
rcsBp1,0.5,1,1,ATGTCCGATGAACAGCTAGT,0,3047712
rcsBp1,0.5,1,1,ATGGTCCGAGCTACGTGAAT,0,3023829
rcsBp1,0.5,1,1,ATGGTCAATAATGAAAGATT,0,3069825
rcsBp1,0.5,1,1,ATGGGTGCCCGTAAGGTTGA,0,3051794
rcsBp1,0.5,1,1,ATGGGGGTGCATCAGCATAA,0,3032452
rcsBp1,0.5,1,1,ATGGGCGCAACCGGCGACAG,0,3025025
rcsBp1,0.5,1,1,ATGGCTATTCAATTCAGGAC,0,3041889
rcsBp1,0.5,1,1,ATGGCTAGACATGGACCCGG,0,3044303
rcsBp1,0.5,1,1,ATGGCGCACTTGAACTTTTC,0,3030812
rcsBp1,0.5,1,1,ATGGCAAATGAAACTATGAA,0,3025192
rcsBp1,0.5,1,1,ATGGATCTAACTACCCGGGA,0,3069964
rcsBp1,0.5,1,1,ATGGATCGAAGTGTCTCTAA,0,3026226
rcsBp1,0.5,1,1,ATGGAGCTCCCTCGGTCATA,0,3041978
rcsBp1,0.5,1,1,ATGGAGCCTATCGTCCCCAT,0,3073727
rcsBp1,0.5,1,1,ATGGACTTGGTACCCGGTCA,0,3027529
rcsBp1,0.5,1,1,ATGGACCGCATTGTCAACCA,0,3055268
rcsBp1,0.5,1,1,ATGGAAAGTAGGTCCATACA,0,3070852
rcsBp1,0.5,1,1,ATGCTACGTCTCAAGTTCTA,0,3060180
rcsBp1,0.5,1,1,ATGCGTAATCGCGACTACGC,0,3056732
rcsBp1,0.5,1,1,ATGCGCAACGTGCCCGCGCT,0,3039693
rcsBp1,0.5,1,1,ATGCGAGGCCAATATATGTT,0,3061104
rcsBp1,0.5,1,1,ATGCCGGGCATCTTCGAGAA,0,3056641
rcsBp1,0.5,1,1,ATGCCGAAAGTTTTTGTAAG,0,3056149
rcsBp1,0.5,1,1,ATGCCAACAGAAAATCAATG,0,3058421
rcsBp1,0.5,1,1,ATGCAGCAAAGTTCTTTTAC,0,3066501
rcsBp1,0.5,1,1,ATGATTCGGCGTCATCGTAT,0,3066449
rcsBp1,0.5,1,1,ATGATTCGACGCCGAAATAC,0,3042266
rcsBp1,0.5,1,1,ATGATGCTTCTGACCTTCTT,0,3068711
rcsBp1,0.5,1,1,ATGACGCAACTGTCGTCTAG,0,3028686
rcsBp1,0.5,1,1,ATGACGACTACAGACTTCAA,0,3067171
rcsBp1,0.5,1,1,ATGACACATTGTACCAGTAT,0,3036644
rcsBp1,0.5,1,1,ATGAATAAGCCCATTCGCTA,0,3057977
rcsBp1,0.5,1,1,ATGAAGAACCCTACTTATGA,0,3027842
rcsBp1,0.5,1,1,ATGAACCGTCCTTACGTGAC,0,3046918
rcsBp1,0.5,1,1,ATGAACCGACGTGAACAATG,0,3049084
rcsBp1,0.5,1,1,ATGAAACATGGGTCCAGCCA,0,3061416
rcsBp1,0.5,1,1,ATCTTTTCCGAGCCTACGGC,0,3032278
rcsBp1,0.5,1,1,ATCTTGTAAGACAAAACGGG,0,3022116
rcsBp1,0.5,1,1,ATCTTATCCTCATAAGCCGT,0,3037409
rcsBp1,0.5,1,1,ATCTGGTCGTTGAGTGCAGT,0,3052055
rcsBp1,0.5,1,1,ATCTGCTCTAACTGTGGTTA,0,3041851
rcsBp1,0.5,1,1,ATCTGCCTCATGTCGCACAG,0,3054239
rcsBp1,0.5,1,1,ATCTGATGCGTAGTAGGGTC,0,3069731
rcsBp1,0.5,1,1,ATCTCTATTTCCGGTGCATT,0,3032248
rcsBp1,0.5,1,1,ATCGTGCTATCGCACCCTGT,0,3041111
rcsBp1,0.5,1,1,ATCGTCGTCTAAAAATGATT,0,3042183
rcsBp1,0.5,1,1,ATCGGAGGGGGCCACGTTTG,0,3028456
rcsBp1,0.5,1,1,ATCGCTTCAACCGACAAAAG,0,3038406
rcsBp1,0.5,1,1,ATCGCACCCTAGTTAAATAA,0,3048793
rcsBp1,0.5,1,1,ATCGATAAGTTAAAAGGCCA,0,3053542
rcsBp1,0.5,1,1,ATCCTGATTGGCCTACGCTT,0,3028154
rcsBp1,0.5,1,1,ATCCTACCAACGGCATACAG,0,3032088
rcsBp1,0.5,1,1,ATCCGCAGCTGGCCCTTTAC,0,3047861
rcsBp1,0.5,1,1,ATCCGACCACGGTTCGCGGT,0,3059377
rcsBp1,0.5,1,1,ATCCACGAGCGCTTCGTCTT,0,3042923
rcsBp1,0.5,1,1,ATCATGTGCCGATTCCTGCT,0,3037204
rcsBp1,0.5,1,1,ATCATCAGGTTTTCTCGTTC,0,3039791
rcsBp1,0.5,1,1,ATCATAATTATTCTCCGATC,0,3046877
rcsBp1,0.5,1,1,ATCAGTATCAATGGAGGGCT,0,3066181
rcsBp1,0.5,1,1,ATCAGGCTCGCCCGTGGTTA,0,3046996
rcsBp1,0.5,1,1,ATCACGACGACCTACATATT,0,3059064
rcsBp1,0.5,1,1,ATATTCTATTGGGGAAACGA,0,3058943
rcsBp1,0.5,1,1,ATATTCGGGTCATTAGTTTG,0,3057987
rcsBp1,0.5,1,1,ATATTCCGAAACAATGCTTG,0,3054040
rcsBp1,0.5,1,1,ATATTAGCAAAGACGACGAC,0,3033581
rcsBp1,0.5,1,1,ATATGCCGTAAGTTTAAATG,0,3073250
rcsBp1,0.5,1,1,ATATGATAGCGTCCGGAGAC,0,3038196
rcsBp1,0.5,1,1,ATATCGGGGTGAGTTTGCGA,0,3061805
rcsBp1,0.5,1,1,ATATATATGCGCCGAAGCCA,0,3069121
rcsBp1,0.5,1,1,ATATAAGAGGCAGCTTAAGA,0,3028975
rcsBp1,0.5,1,1,ATAGTTCAGGCTTCCTCCAA,0,3023566
rcsBp1,0.5,1,1,ATAGTAGCACGCGTAACCAG,0,3026153
rcsBp1,0.5,1,1,ATAGGCATCTAAAGGCTGGA,0,3047033
rcsBp1,0.5,1,1,ATAGGAGTGATAGAACAGTT,0,3043030
rcsBp1,0.5,1,1,ATAGGAGACCGAGTACTGAC,0,3034984
rcsBp1,0.5,1,1,ATAGGAAGTACCATCCACTG,0,3042589
rcsBp1,0.5,1,1,ATAGCGTTTGTACGCGCGTA,0,3066827
rcsBp1,0.5,1,1,ATAGCGTGAGGGTTAATGTC,0,3046551
rcsBp1,0.5,1,1,ATAGCGCGTCTGTCGTCGGA,0,3073266
rcsBp1,0.5,1,1,ATAGAAAGAGGTACCTCCGG,0,3036610
rcsBp1,0.5,1,1,ATACTCTGTCAACTTTTCTA,0,3030957
rcsBp1,0.5,1,1,ATACGGCTAACAAGTAAATG,0,3026278
rcsBp1,0.5,1,1,ATACGGCGTATTACCGCTCC,0,3066821
rcsBp1,0.5,1,1,ATACGAACGTCACTGATTGA,0,3051200
rcsBp1,0.5,1,1,ATACCGGTCAATGTACTCGC,0,3059191
rcsBp1,0.5,1,1,ATACATTCAACAGTCGCCGG,0,3064828
rcsBp1,0.5,1,1,ATACAATTGTGCTAAAAATT,0,3035688
rcsBp1,0.5,1,1,ATAAGTGCTAAAGTCCTTTT,0,3022377
rcsBp1,0.5,1,1,ATAACTTGCACGCGTCGATA,0,3071286
rcsBp1,0.5,1,1,ATAAATGGAGATTTCTGGCC,0,3024294
rcsBp1,0.5,1,1,ATAAATCCTCGATAAATCGG,0,3040597
rcsBp1,0.5,1,1,ATAAACGGCATTGGCCATAG,0,3031848
rcsBp1,0.5,1,1,ATAAAAAAATCTTTCGTGGT,0,3044364
rcsBp1,0.5,1,1,AGTTTTTGTCATCCTGTCGG,0,3026298
rcsBp1,0.5,1,1,AGTTTAAGAGTTTGAAGGTC,0,3025228
rcsBp1,0.5,1,1,AGTTAATGCATTACCCTGAC,0,3068123
rcsBp1,0.5,1,1,AGTTAACTAACGCGGTCGTT,0,3064514
rcsBp1,0.5,1,1,AGTGTTAGGTTGGTGGGATG,0,3069633
rcsBp1,0.5,1,1,AGTGTGAGGTAGAGCTAGCA,0,3054844
rcsBp1,0.5,1,1,AGTGTCCGATTGAGGGGTTC,0,3062798
rcsBp1,0.5,1,1,AGTGTCAAGAAACCCCGCAC,0,3035771
rcsBp1,0.5,1,1,AGTGGTGGTGCATTTTCCCC,0,3034771
rcsBp1,0.5,1,1,AGTGGCGGTTACTTCGGTAC,0,3069258
rcsBp1,0.5,1,1,AGTGCGTCCCAGATGACGTC,0,3039393
rcsBp1,0.5,1,1,AGTGCATCCTGACGTAGCCT,0,3056131
rcsBp1,0.5,1,1,AGTCTAATCGTATGAACGCT,0,3066152
rcsBp1,0.5,1,1,AGTCGGTTGACGGGGCGAGC,0,3033693
rcsBp1,0.5,1,1,AGTCGAAGGGCGTTCCAATG,0,3066212
rcsBp1,0.5,1,1,AGTCCGGTGCAAATCGTTCG,0,3050870
rcsBp1,0.5,1,1,AGTCCGCGAGGGCTCTATTC,0,3026584
rcsBp1,0.5,1,1,AGTCATCAGGGCTTCGGGTA,0,3038840
rcsBp1,0.5,1,1,AGTCAACGACCCATCCCCAT,0,3052261
rcsBp1,0.5,1,1,AGTCAAACTACGGTGTTCAA,0,3025829
rcsBp1,0.5,1,1,AGTATGGGACGCACTTTAGT,0,3028313
rcsBp1,0.5,1,1,AGTATGAGGCAGATTGCCAG,0,3026370
rcsBp1,0.5,1,1,AGTATGAACTCGCACTGTGT,0,3055008
rcsBp1,0.5,1,1,AGTATCATCGGTCATACAAC,0,3046634
rcsBp1,0.5,1,1,AGTAGTCTATTCTTAATGTT,0,3043702
rcsBp1,0.5,1,1,AGTACTGCCTGCTGTTAAAC,0,3040140
rcsBp1,0.5,1,1,AGGTTTGCTATTGTTTAGCA,0,3053951
rcsBp1,0.5,1,1,AGGTTCAGGCCTCTATAATA,0,3061668
rcsBp1,0.5,1,1,AGGTTATGATTGCTTGATTG,0,3059185
rcsBp1,0.5,1,1,AGGTTACCTGTTAGTTATCA,0,3042051
rcsBp1,0.5,1,1,AGGTTACCATGCTTAGACTG,0,3043604
rcsBp1,0.5,1,1,AGGTGTTCGGTTCATCCGGC,0,3059395
rcsBp1,0.5,1,1,AGGTGATACCTAGTCCGAAG,0,3035144
rcsBp1,0.5,1,1,AGGTCTGATGTTCCGGGACA,0,3052613
rcsBp1,0.5,1,1,AGGTCGAATCCACCCCTAAA,0,3064955
rcsBp1,0.5,1,1,AGGGTGCAACTGAATCCTTT,0,3045029
rcsBp1,0.5,1,1,AGGGTCTGGCCACAATAGGC,0,3025623
rcsBp1,0.5,1,1,AGGGTCGTATGGTTATGCGA,0,3051730
rcsBp1,0.5,1,1,AGGGGTTTCCAAGTTCGACT,0,3068783
rcsBp1,0.5,1,1,AGGGGTGGGATGCGCTACGA,0,3067732
rcsBp1,0.5,1,1,AGGGGGGCGACGAGTGTTCA,0,3060455
rcsBp1,0.5,1,1,AGGGGACTACAATATTTGCC,0,3036421
rcsBp1,0.5,1,1,AGGGAATCCAATCGTCACAC,0,3037784
rcsBp1,0.5,1,1,AGGCTTGACGAGATGGATCG,0,3028984
rcsBp1,0.5,1,1,AGGCTGAGAATACTAGAAGT,0,3042297
rcsBp1,0.5,1,1,AGGCGGTAGCTCATCCCGCC,0,3064468
rcsBp1,0.5,1,1,AGGCCCCTGAGGCCCGAATG,0,3061797
rcsBp1,0.5,1,1,AGGCAAATACCTGAATTGCT,0,3064610
rcsBp1,0.5,1,1,AGGATTGGCCCTAGCAATGG,0,3053300
rcsBp1,0.5,1,1,AGGATTCCAACATGCACCCG,0,3028811
rcsBp1,0.5,1,1,AGGATGTGTGTGTGTCGTTC,0,3072852
rcsBp1,0.5,1,1,AGGATCTCATGGGAGAGCTA,0,3059578
rcsBp1,0.5,1,1,AGGATAACCATAAACCTCAC,0,3035137
rcsBp1,0.5,1,1,AGGAGGGTTAGGGGAGTTGC,0,3073366
rcsBp1,0.5,1,1,AGGAGCCAAAAATTCTTTTC,0,3061964
rcsBp1,0.5,1,1,AGGAGAGGCCCGGTCTAAAG,0,3058015
rcsBp1,0.5,1,1,AGGAGAACCGATCTTGGAGC,0,3048260
rcsBp1,0.5,1,1,AGGACGCACGCTGAGTAAGT,0,3056906
rcsBp1,0.5,1,1,AGGACCGGGTCCTAGGGGCG,0,3072925
rcsBp1,0.5,1,1,AGGAACTGGGTTCCGGAGTA,0,3067065
rcsBp1,0.5,1,1,AGCTTTAGGGCATCGAGCTC,0,3022162
rcsBp1,0.5,1,1,AGCTCAGCACTGTTAGGGAG,0,3053743
rcsBp1,0.5,1,1,AGCTATAAGTGAACCGTAAT,0,3067600
rcsBp1,0.5,1,1,AGCGTTGTGTCGCGTGACTA,0,3063321
rcsBp1,0.5,1,1,AGCGTTGAAGGCTTCGAGTT,0,3053095
rcsBp1,0.5,1,1,AGCGTGGGCCTATTCATCCA,0,3057504
rcsBp1,0.5,1,1,AGCGTACATAAAATTCGAAT,0,3038445
rcsBp1,0.5,1,1,AGCGGTTACCGGCACCTTTG,0,3051211
rcsBp1,0.5,1,1,AGCGATACGTTGCGAGCTAT,0,3061489
rcsBp1,0.5,1,1,AGCGACTAGCTTCAGCAACT,0,3026161
rcsBp1,0.5,1,1,AGCGACAGTGGGATTGGTGC,0,3073650
rcsBp1,0.5,1,1,AGCGACAAACTCAGCCGTAT,0,3039921
rcsBp1,0.5,1,1,AGCGAAAATGCATTAAGGCA,0,3026557
rcsBp1,0.5,1,1,AGCCTTGGTGCTTCCCCAAT,0,3041410
rcsBp1,0.5,1,1,AGCCTGGACTATGCCACCGT,0,3058373
rcsBp1,0.5,1,1,AGCCTGCCGATGCTTTGCGA,0,3068809
rcsBp1,0.5,1,1,AGCCGGTATTATTTGTTATA,0,3062954
rcsBp1,0.5,1,1,AGCCGAACCTTCAGGCCGGC,0,3027601
rcsBp1,0.5,1,1,AGCCCTGCAAACATCGATTA,0,3036408
rcsBp1,0.5,1,1,AGCCCGTGTACTCGATGGGA,0,3033743
rcsBp1,0.5,1,1,AGCCATTAGTTAGGTTTTCT,0,3065336
rcsBp1,0.5,1,1,AGCCAGTACAATTTCTGGGC,0,3058638
rcsBp1,0.5,1,1,AGCATATGTAGGCAGGGACT,0,3028689
rcsBp1,0.5,1,1,AGCACCTATTCTACACTCAA,0,3062850
rcsBp1,0.5,1,1,AGCAACATTGCTTGATCTCG,0,3059296
rcsBp1,0.5,1,1,AGATTTAGACCGGTTCACAG,0,3071028
rcsBp1,0.5,1,1,AGATCTGCGGGCCACCCTCC,0,3058266
rcsBp1,0.5,1,1,AGATCCTGCCTTAATTCGAA,0,3029914
rcsBp1,0.5,1,1,AGATCCCCACCCCTATTAAT,0,3067276
rcsBp1,0.5,1,1,AGATAGGGTTTCCCCGTCGG,0,3059653
rcsBp1,0.5,1,1,AGATAGCTCGCAAAAAGCAG,0,3059712
rcsBp1,0.5,1,1,AGATACGTCCTAAGATAAAC,0,3054617
rcsBp1,0.5,1,1,AGATAAGCAACCGGTTAGGT,0,3026873
rcsBp1,0.5,1,1,AGATAAACTCGTAGTGTTTG,0,3063574
rcsBp1,0.5,1,1,AGAGTGACATGGCCGTCGCT,0,3049750
rcsBp1,0.5,1,1,AGAGTCGTGCCCCGGGAGAC,0,3024087
rcsBp1,0.5,1,1,AGAGGGGGTCAACGGCTACT,0,3069604
rcsBp1,0.5,1,1,AGAGGAGAGGTACCCCGACC,0,3063412
rcsBp1,0.5,1,1,AGAGGAAATTTCTCCTAGGA,0,3032715
rcsBp1,0.5,1,1,AGAGCCAGCGGGGCGAACAT,0,3071535
rcsBp1,0.5,1,1,AGAGAATTGAGAGCGCAAAG,0,3041004
rcsBp1,0.5,1,1,AGAGAAGTCGTTTGCTACGT,0,3050967
rcsBp1,0.5,1,1,AGAGAAGGGGCTACCTCGGA,0,3068585
rcsBp1,0.5,1,1,AGACTGAGTAGCTCCGCGGA,0,3039208
rcsBp1,0.5,1,1,AGACTCTACGCTACCCGTAC,0,3056903
rcsBp1,0.5,1,1,AGACTCCGCTGACATCTAGG,0,3024934
rcsBp1,0.5,1,1,AGACGAGGATGGTGTAGAAG,0,3047166
rcsBp1,0.5,1,1,AGACATCGTTCATACCTTGC,0,3039441
rcsBp1,0.5,1,1,AGACACCCGAATTCCTGGTA,0,3053953
rcsBp1,0.5,1,1,AGACAACGTAGAGCACTGCA,0,3057959
rcsBp1,0.5,1,1,AGAAGCGCGAGTGAGTTCCC,0,3029649
rcsBp1,0.5,1,1,AGAACGTCTAGACGGCAGGC,0,3039597
rcsBp1,0.5,1,1,AGAACGGGTCAATTCATTTC,0,3071745
rcsBp1,0.5,1,1,AGAACATTGCGGGATCTACA,0,3063730
rcsBp1,0.5,1,1,AGAACATTACAAGCATGGTA,0,3049013
rcsBp1,0.5,1,1,AGAAATCTGGAATCTACTGT,0,3023586
rcsBp1,0.5,1,1,ACTTGGGTATTCTTTAAAGT,0,3053943
rcsBp1,0.5,1,1,ACTTATGACGTTTTAACTGT,0,3064184
rcsBp1,0.5,1,1,ACTGTTGAGTGAGTTTCACA,0,3036533
rcsBp1,0.5,1,1,ACTGTCGGAAGGGAGCCTAA,0,3069570
rcsBp1,0.5,1,1,ACTGGAGGCTTATTGTGTGG,0,3066681
rcsBp1,0.5,1,1,ACTGGAGACCGTATATGACT,0,3038047
rcsBp1,0.5,1,1,ACTGCAGGCTACCGTTAGGG,0,3068413
rcsBp1,0.5,1,1,ACTGATTACGGGGCGCATGC,0,3039666
rcsBp1,0.5,1,1,ACTCGTCGCAATGGACTCCC,0,3041474
rcsBp1,0.5,1,1,ACTCGTCACGAGATGTAGAT,0,3053685
rcsBp1,0.5,1,1,ACTCGGCGGGTCTCTGTTCT,0,3035000
rcsBp1,0.5,1,1,ACTCGGACATGCACGGCCTC,0,3061423
rcsBp1,0.5,1,1,ACTCGCTGCATTGGGAGTTG,0,3030886
rcsBp1,0.5,1,1,ACTCCTTGGCAGCCGCCATA,0,3024442
rcsBp1,0.5,1,1,ACTCCCTGTTGCCGGCGATA,0,3046932
rcsBp1,0.5,1,1,ACTATGAAATCGAGACGATG,0,3057963
rcsBp1,0.5,1,1,ACTATCGTATTGTATAGTGA,0,3051291
rcsBp1,0.5,1,1,ACTAGGCTGATTCCAGCGTC,0,3040820
rcsBp1,0.5,1,1,ACTAGACTAATTATACATGT,0,3045306
rcsBp1,0.5,1,1,ACTAGAACTGTCCGGTGAGA,0,3041583
rcsBp1,0.5,1,1,ACTAGAAAGGTATGGTTATA,0,3047547
rcsBp1,0.5,1,1,ACTACCGACAAGAGAGTAGT,0,3045264
rcsBp1,0.5,1,1,ACTAAGGATGTCTATTGGTT,0,3068877
rcsBp1,0.5,1,1,ACGTTCCCTACTCTTTTACC,0,3070736
rcsBp1,0.5,1,1,ACGTGGGGTATGGTCGCAAA,0,3056206
rcsBp1,0.5,1,1,ACGTGAAGAGTTCGTCAGGG,0,3067109
rcsBp1,0.5,1,1,ACGTCTTTGCAAAGAGGGTC,0,3034667
rcsBp1,0.5,1,1,ACGTCGCAGATGAGTTCCCA,0,3033374
rcsBp1,0.5,1,1,ACGTAGATTTGCCGCGGTGC,0,3034103
rcsBp1,0.5,1,1,ACGTAATAAGGCCGCAATCT,0,3024771
rcsBp1,0.5,1,1,ACGGTTTTAGCTATCAAGGT,0,3031126
rcsBp1,0.5,1,1,ACGGTCCGGCACCCCCCTAC,0,3039958
rcsBp1,0.5,1,1,ACGGGTCGTCCTATCAGAAA,0,3072630
rcsBp1,0.5,1,1,ACGGGGTAATTTCCTACCGT,0,3026808
rcsBp1,0.5,1,1,ACGGGCGGTAGTGCTCATAA,0,3039222
rcsBp1,0.5,1,1,ACGGGAGATCGGAGCGCGAT,0,3046265
rcsBp1,0.5,1,1,ACGGAAGGTAATTGGATTGA,0,3028743
rcsBp1,0.5,1,1,ACGCGCTTTATTTGCGCATC,0,3042836
rcsBp1,0.5,1,1,ACGCGCGCGTGCAAGATGAG,0,3048670
rcsBp1,0.5,1,1,ACGCGCCAACACGAGAAGCT,0,3027338
rcsBp1,0.5,1,1,ACGCGAAGATTAGGCTGCCG,0,3065776
rcsBp1,0.5,1,1,ACGCCTCCAACTGCCAGGGG,0,3034811
rcsBp1,0.5,1,1,ACGCCAGTAATGATTTTAAG,0,3024673
rcsBp1,0.5,1,1,ACGCCAAGGCTCGAGCCGAA,0,3043606
rcsBp1,0.5,1,1,ACGCACTTTTTATCGGGGTG,0,3031626
rcsBp1,0.5,1,1,ACGCAACTTCTAGTCGTACG,0,3042668
rcsBp1,0.5,1,1,ACGCAACCGCCAACCGTCGC,0,3069233
rcsBp1,0.5,1,1,ACGATGGCCCTTCTCCAGAT,0,3032029
rcsBp1,0.5,1,1,ACGATAATATCAATATAGTC,0,3025900
rcsBp1,0.5,1,1,ACGAGCGAAAGATTAGAGAC,0,3062087
rcsBp1,0.5,1,1,ACGACCTGCTAGTAGCAGCA,0,3024671
rcsBp1,0.5,1,1,ACGACCAGGTACGGGGTGTT,0,3066659
rcsBp1,0.5,1,1,ACGACAGGGAGGGTCCACAT,0,3062824
rcsBp1,0.5,1,1,ACCTTGGGCCTAAGAAGATT,0,3057213
rcsBp1,0.5,1,1,ACCTTCTTGGGTACCTGGAG,0,3024574
rcsBp1,0.5,1,1,ACCTGCCTATCCGCGCGGAG,0,3039467
rcsBp1,0.5,1,1,ACCTGACCCGTCACGTAAAC,0,3046919
rcsBp1,0.5,1,1,ACCTCGCTGGGGCGACCAAC,0,3038938
rcsBp1,0.5,1,1,ACCTCATTCCCTAGGCCGAG,0,3067226
rcsBp1,0.5,1,1,ACCTAGTTTCTCGCCGATGT,0,3068588
rcsBp1,0.5,1,1,ACCTAAGGTAGCTCCAATTT,0,3059202
rcsBp1,0.5,1,1,ACCGTTCGGGCTTATTTACG,0,3059670
rcsBp1,0.5,1,1,ACCGTGTCTTGATTATACTG,0,3059021
rcsBp1,0.5,1,1,ACCGTGCGATGGGTTGCGGG,0,3024577
rcsBp1,0.5,1,1,ACCGTATCAGTAAAGCAGTG,0,3034776
rcsBp1,0.5,1,1,ACCGGTGATGGAAGGTCGGG,0,3057847
rcsBp1,0.5,1,1,ACCGGGCGCTTCGTGAATTC,0,3058369
rcsBp1,0.5,1,1,ACCGGGCCAGAAGAAACTCT,0,3068200
rcsBp1,0.5,1,1,ACCGATGGAGGATCTACCAT,0,3032431
rcsBp1,0.5,1,1,ACCGACAGATATTAGCTGTC,0,3024117
rcsBp1,0.5,1,1,ACCCTGGTTGCGTCTTTAAT,0,3034444
rcsBp1,0.5,1,1,ACCCTCGTGTCTCCGGTTTC,0,3033808
rcsBp1,0.5,1,1,ACCCTAAGTCTAGTGGTAAT,0,3045288
rcsBp1,0.5,1,1,ACCCGGTAGGCACATGGCTA,0,3069592
rcsBp1,0.5,1,1,ACCCCGGGGCTGCAGCCAGT,0,3049148
rcsBp1,0.5,1,1,ACCCCGAGTAGGCCACAATT,0,3025787
rcsBp1,0.5,1,1,ACCCAACATATACGCCCGAA,0,3035502
rcsBp1,0.5,1,1,ACCATTGCGACTTACAGCGA,0,3024816
rcsBp1,0.5,1,1,ACCATAGCGGCAGCGGGGAA,0,3052015
rcsBp1,0.5,1,1,ACCACATATGCGGGAAGCGA,0,3032885
rcsBp1,0.5,1,1,ACCAACTTCCTGGTCACGAT,0,3025225
rcsBp1,0.5,1,1,ACATTGGGCCGCGTACTTAA,0,3033926
rcsBp1,0.5,1,1,ACATTCTGCACCGTGCTTTG,0,3037648
rcsBp1,0.5,1,1,ACATTCAGGCCCTTCACATA,0,3031509
rcsBp1,0.5,1,1,ACATTAAAAGCTCGTTAAGC,0,3060559
rcsBp1,0.5,1,1,ACATGGTTATTTCAAGCAAT,0,3065326
rcsBp1,0.5,1,1,ACATCTAGGTATGTTAATGG,0,3047406
rcsBp1,0.5,1,1,ACATCACACAGTTATATGGA,0,3069319
rcsBp1,0.5,1,1,ACATAGGTAAAGTCAAGTGT,0,3066041
rcsBp1,0.5,1,1,ACATAGGCGCGAAAATAAGT,0,3026478
rcsBp1,0.5,1,1,ACATAGACCTCTTATTCAGA,0,3025845
rcsBp1,0.5,1,1,ACATACACGCTTGTACTAAG,0,3031179
rcsBp1,0.5,1,1,ACAGTGACTGAAATCACGAC,0,3048884
rcsBp1,0.5,1,1,ACAGTCGAGGGGACCCGAAG,0,3068308
rcsBp1,0.5,1,1,ACAGGTGAGTGTGCGCGTCA,0,3063573
rcsBp1,0.5,1,1,ACAGGGCCTTAGGAGTAAGG,0,3046542
rcsBp1,0.5,1,1,ACAGGCCGTCCCGGCTTGCC,0,3027857
rcsBp1,0.5,1,1,ACAGCTGAAATCTGAAGGGG,0,3072203
rcsBp1,0.5,1,1,ACAGCTCTTTGGTTTCGCCT,0,3061670
rcsBp1,0.5,1,1,ACAGCCTAGCAACGTCTGTC,0,3055811
rcsBp1,0.5,1,1,ACAGCCATTTCGACGATAGT,0,3052101
rcsBp1,0.5,1,1,ACAGATAACTCGTCCCGGAT,0,3055972
rcsBp1,0.5,1,1,ACACTGGAAACCAGTCAGAT,0,3026780
rcsBp1,0.5,1,1,ACACTAGAGAGGCGGACATG,0,3073699
rcsBp1,0.5,1,1,ACACGGACGGATCCGCAACA,0,3047933
rcsBp1,0.5,1,1,ACACGCCAATCACCTTGGAA,0,3033580
rcsBp1,0.5,1,1,ACACCTAGGTAATCCGACTA,0,3033796
rcsBp1,0.5,1,1,ACACAGGTGACTTCAGGAAG,0,3067389
rcsBp1,0.5,1,1,ACACACGTAGGAACTGGGCT,0,3028450
rcsBp1,0.5,1,1,ACACAAAGGGAGCCCGGCCC,0,3065762
rcsBp1,0.5,1,1,ACAATGAACGGCATTAATTC,0,3063683
rcsBp1,0.5,1,1,ACAAATCGTGACAGATGTTA,0,3057149
rcsBp1,0.5,1,1,ACAAAGTTACAGCATGGTCA,0,3072923
rcsBp1,0.5,1,1,ACAAAACTTTCTCAGCTGAA,0,3070755
rcsBp1,0.5,1,1,AATTTGTCTTTTTCCAAATC,0,3034089
rcsBp1,0.5,1,1,AATTTCATATATGACGAGAA,0,3051035
rcsBp1,0.5,1,1,AATTTAGGATGCCTTGGTCC,0,3029128
rcsBp1,0.5,1,1,AATTTAAGGTGTGCTAGTCG,0,3057340
rcsBp1,0.5,1,1,AATTGCCACCAAAGCCTGCA,0,3053483
rcsBp1,0.5,1,1,AATTCGGGCCGGCGCGGCCT,0,3070697
rcsBp1,0.5,1,1,AATTCGACCCCACCTTTATT,0,3036784
rcsBp1,0.5,1,1,AATTCACGATAGTTACAGCA,0,3025564
rcsBp1,0.5,1,1,AATTAAGCGGTGCATACGTA,0,3029209
rcsBp1,0.5,1,1,AATTAAGAAATACAAGTTGT,0,3063327
rcsBp1,0.5,1,1,AATGTCGCGTACCTGCGTCC,0,3058464
rcsBp1,0.5,1,1,AATGGCTGCGTGTCGCGACA,0,3026168
rcsBp1,0.5,1,1,AATGGACATTTACAATAAAG,0,3051601
rcsBp1,0.5,1,1,AATGCTGGTGTACCCGAATG,0,3064976
rcsBp1,0.5,1,1,AATGCCCTTGAATCTAGAGA,0,3038203
rcsBp1,0.5,1,1,AATCTGGAGTATGCTATGGG,0,3024372
rcsBp1,0.5,1,1,AATCTAACGCCATCGGGAGG,0,3026145
rcsBp1,0.5,1,1,AATCCGTGATTATTTACTGG,0,3030447
rcsBp1,0.5,1,1,AATCAAGTGGCTGTCCCTTC,0,3053183
rcsBp1,0.5,1,1,AATACGTGGGGCGCGAGCAT,0,3033003
rcsBp1,0.5,1,1,AATACGGTCTTCGCATGCAG,0,3031224
rcsBp1,0.5,1,1,AATACCGATCTCGGAACACG,0,3053260
rcsBp1,0.5,1,1,AAGTCGGGTGGCCGTCCATC,0,3059354
rcsBp1,0.5,1,1,AAGTCAGTTCGGTTAAACGG,0,3035947
rcsBp1,0.5,1,1,AAGTAACATAAATATTATGG,0,3025412
rcsBp1,0.5,1,1,AAGGTGGGCTATGTTAGACG,0,3056456
rcsBp1,0.5,1,1,AAGGTCCTTAACTGCGTTGA,0,3070222
rcsBp1,0.5,1,1,AAGGTAACTGCTGCCCACCG,0,3022329
rcsBp1,0.5,1,1,AAGGGACCTTTACTTTGGAA,0,3027436
rcsBp1,0.5,1,1,AAGGGAAAGGTGTTTGCGGA,0,3064885
rcsBp1,0.5,1,1,AAGGCTCCCCGTCAGGTTGA,0,3025449
rcsBp1,0.5,1,1,AAGGCCTGAGTGCGACCCCG,0,3042729
rcsBp1,0.5,1,1,AAGGATAATGCACACACACG,0,3036564
rcsBp1,0.5,1,1,AAGCTACTCACCGATTGCTG,0,3048040
rcsBp1,0.5,1,1,AAGCGTGGAATCCGGGACAT,0,3048521
rcsBp1,0.5,1,1,AAGCGGTGGCTATTTCACGT,0,3047585
rcsBp1,0.5,1,1,AAGCGGCCAGGTCATTGTTA,0,3062944
rcsBp1,0.5,1,1,AAGCCTCGCTAGACTGGCCC,0,3062387
rcsBp1,0.5,1,1,AAGCATTAATTACGAACTAA,0,3054058
rcsBp1,0.5,1,1,AAGCACGGGTGCACGATACG,0,3059413
rcsBp1,0.5,1,1,AAGATCAATCAGTCGCCATT,0,3049346
rcsBp1,0.5,1,1,AAGATACACGTCCTTGGGGA,0,3033755
rcsBp1,0.5,1,1,AAGAGTTAGTCCTATTTGCC,0,3034767
rcsBp1,0.5,1,1,AAGAGCGGATATATATTTAC,0,3041789
rcsBp1,0.5,1,1,AAGACGCTGCGTGTAATGGT,0,3027784
rcsBp1,0.5,1,1,AAGAACCTCTGGACTTACCT,0,3071781
rcsBp1,0.5,1,1,AAGAAAGTGTGACTAACTAT,0,3054732
rcsBp1,0.5,1,1,AAGAAACGGAAAACCCCTTC,0,3063586
rcsBp1,0.5,1,1,AACTTTATCGGTACCTTAGT,0,3056253
rcsBp1,0.5,1,1,AACTGGAGTCGGTAGCCATA,0,3053503
rcsBp1,0.5,1,1,AACTCTGATCTGGGCAGAAG,0,3045827
rcsBp1,0.5,1,1,AACTCTCACTTGCTTTCTCC,0,3068772
rcsBp1,0.5,1,1,AACTCACTGTCTACGGTTCA,0,3024939
rcsBp1,0.5,1,1,AACTATACGTAGTTGGACAC,0,3027853
rcsBp1,0.5,1,1,AACTAAGATGAATCGTGTTC,0,3049471
rcsBp1,0.5,1,1,AACTAACCGAAATAAGGAGC,0,3029256
rcsBp1,0.5,1,1,AACGTATGGGCACATGCACA,0,3039743
rcsBp1,0.5,1,1,AACGGTATGTTCTTCGCTGG,0,3022649
rcsBp1,0.5,1,1,AACGGGTTTGCCTTAAGCTC,0,3046749
rcsBp1,0.5,1,1,AACGGGCGTGCCGGTCAAGA,0,3046067
rcsBp1,0.5,1,1,AACGGATACGAGTTCAAGCT,0,3058758
rcsBp1,0.5,1,1,AACGAGTCGCTTCCCGACGA,0,3038985
rcsBp1,0.5,1,1,AACGAGTAGCTGTGGCGACC,0,3048630
rcsBp1,0.5,1,1,AACGAGGTCTCGGGACAGAG,0,3052558
rcsBp1,0.5,1,1,AACCGGTATCTCACTCCGAC,0,3065041
rcsBp1,0.5,1,1,AACCCGAGGGCTGGGTTGGG,0,3037951
rcsBp1,0.5,1,1,AACCCATTGAGACATGGGGC,0,3045760
rcsBp1,0.5,1,1,AACCATCGCATAAATCAAAA,0,3062513
rcsBp1,0.5,1,1,AACCAACAGCACCTCTCCGA,0,3028941
rcsBp1,0.5,1,1,AACAGTTCGTGATGGCATAC,0,3036108
rcsBp1,0.5,1,1,AACAGGTTGCATGGGTACCA,0,3032789
rcsBp1,0.5,1,1,AACACTGGGAACGACCCAAA,0,3064912
rcsBp1,0.5,1,1,AACACGAAATTCCTGGGCAA,0,3047627
rcsBp1,0.5,1,1,AACAATAGGGCAACTGATCT,0,3070813
rcsBp1,0.5,1,1,AAATTCTTTGCCCTGATGGA,0,3071243
rcsBp1,0.5,1,1,AAATTCGAGGAATGTGTTGT,0,3036770
rcsBp1,0.5,1,1,AAATTCCCCTTTGAACCCTA,0,3036542
rcsBp1,0.5,1,1,AAATGGTAAGCCCGCAGCGC,0,3029261
rcsBp1,0.5,1,1,AAATGGGTGTATACACAGCT,0,3048555
rcsBp1,0.5,1,1,AAATCCGTGGCGATTATCCA,0,3028398
rcsBp1,0.5,1,1,AAATACTGGCCGCTATACTT,0,3048597
rcsBp1,0.5,1,1,AAATACCGGCATATGCGATG,0,3031264
rcsBp1,0.5,1,1,AAATAATTAATCATCGTGCC,0,3059284
rcsBp1,0.5,1,1,AAAGTCTTGGGTAGCCTCCA,0,3034493
rcsBp1,0.5,1,1,AAAGGCTCGATAAAGTTAAA,0,3024406
rcsBp1,0.5,1,1,AAAGATCCGCATGCATATGC,0,3066620
rcsBp1,0.5,1,1,AAACTCCTTTCAAGTATAGG,0,3035443
rcsBp1,0.5,1,1,AAACGGTGTGTTACAAGGCA,0,3054375
rcsBp1,0.5,1,1,AAACGGAAGACGGTAGGCCC,0,3072604
rcsBp1,0.5,1,1,AAACGCAGTCTTCGTCACAA,0,3037309
rcsBp1,0.5,1,1,AAACCGCTATAGACAATCGT,0,3053700
rcsBp1,0.5,1,1,AAACCCACGTCTTACAATCA,0,3055370
rcsBp1,0.5,1,1,AAACCAGGGTTTCCATTCCC,0,3070314
rcsBp1,0.5,1,1,AAAATTGATTCTTGGACAAT,0,3029354
rcsBp1,0.5,1,1,AAAATATTCTGTCTGATAGT,0,3050398
rcsBp1,0.5,1,1,AAAAGTTTTCGAGTTTCATT,0,3048105
rcsBp1,0.5,1,1,AAAAGTCGCCTCTTCTCTTT,0,3057861
rcsBp1,0.5,1,1,AAAAGCAGTCGAATAACGTA,0,3062180
rcsBp1,0.5,1,1,AAAAGAAGCAGCCATGGTTC,0,3068224
rcsBp1,0.5,1,1,AAAACGACAGGAAAGCCATA,0,3034088
rcsBp1,0.5,1,1,AAAAAGCGAATAAGGCTGAT,0,3044315
rcsBp1,175.0,174,0,ATAACTCAGACCTTGCGGTA,174,3034569
rcsBp1,170.0,169,0,TTAATGCTATTAGTCACGCC,169,3031130
rcsBp1,168.0,167,0,GCTAACCTCAAGGATGGGTG,167,3053443
rcsBp1,139.0,138,0,TAAGCGCGTCTGCTCGTGTC,138,3053434
rcsBp1,138.0,137,0,CCTTCCAACCTGGAAGCCGA,137,3072306
rcsBp1,136.0,135,0,CCCATCATCCATAAAATCGG,135,3028341
rcsBp1,101.0,100,0,TACACCTAGTTCGTCAGACT,100,3071744
rcsBp1,89.0,88,0,CCTGAATGACCCGTTGTCGT,88,3042496
rcsBp1,86.0,85,0,ATCTTGCTATTCTGTGAGAA,85,3034139
rcsBp1,85.0,84,0,GGAGTACGACGGTGTGTATC,84,3065680
rcsBp1,81.0,80,0,CGAACCGCTCATTCGGCCAT,80,3030043
rcsBp1,80.0,79,0,CGGACAGACTCTAAAGTGAC,79,3044580
rcsBp1,73.0,72,0,CACTCGTCCTGTGTGATTCC,72,3029456
rcsBp1,71.0,70,0,GCAATAAGCCAAGCCTAGTG,70,3054453
rcsBp1,70.0,69,0,CCTCCAGTAGCTTTAGTCCC,69,3037393
rcsBp1,68.0,67,0,CTTTGAGAGATGCGCTGTAA,67,3061900
rcsBp1,68.0,67,0,CGGACGTGAGAAAAATATGC,67,3053436
rcsBp1,68.0,67,0,AGTGGCCATGTAGATTCTGA,67,3033547
rcsBp1,65.0,64,0,TAATCGGTGCCGACTAGCTG,64,3053444
rcsBp1,65.0,64,0,CAACCTTGAATCGGTTCGAC,64,3051325
rcsBp1,64.0,63,0,TAGCGTATATGTAGATGGTT,63,3046822
rcsBp1,64.0,63,0,GCTCATCGGCCTGGGTCCAC,63,3055593
rcsBp1,62.0,61,0,CAACCGCCAGTCCCGGGCGT,61,3070172
rcsBp1,61.0,60,0,TATGAACAGACCCAGGTCTG,60,3068475
rcsBp1,59.0,58,0,TTCGTGATACAGGACACTGA,58,3026996
rcsBp1,59.0,58,0,CATTGTCTCCACCTAATGAA,58,3063392
rcsBp1,57.0,56,0,GCATATCACGCACCGGTAGC,56,3044180
rcsBp1,57.0,56,0,CTCATATTAGTGAGCCTTCG,56,3047707
rcsBp1,54.0,53,0,GAATTCCCTTATTTAGTGGG,53,3031283
rcsBp1,53.0,52,0,AGGAGTGGAGAACACTGGAA,52,3062582
rcsBp1,53.0,52,0,AAAACTGTATTCGTAATTTA,52,3048941
rcsBp1,52.0,51,0,TCCCTGATCCTCTTAGTAAA,51,3027850
rcsBp1,52.0,51,0,GGGCCGTGCTCTTTCTGCTA,51,3033549
rcsBp1,51.0,50,0,TTACTAACCAGTTGCTAGTC,50,3051930
rcsBp1,51.0,50,0,TAACCCAAGGTCGTTATTTG,50,3022769
rcsBp1,51.0,50,0,GAGTGGGCAGTATGGTGCGC,50,3029832
rcsBp1,51.0,50,0,CTAGGTGCGGCTGTTCTACC,50,3063961
rcsBp1,51.0,50,0,CCGGAAGTCGCTTTGTGCAT,50,3044161
rcsBp1,50.0,49,0,CTGTTATGTGCGTTACTGTC,49,3072257
rcsBp1,48.0,47,0,TGTAGAGCCCCGCTCGGGTC,47,3027189
rcsBp1,48.0,47,0,ATAGGGCCTGCATGACGAAA,47,3046657
rcsBp1,46.0,45,0,AAGTCCAATATAATGGTGTA,45,3052852
rcsBp1,45.0,44,0,GTTAGACACGAGAGGCGTTT,44,3049308
rcsBp1,44.0,43,0,CCTAAATTCCACGATATAAC,43,3057849
rcsBp1,44.0,43,0,ACGGGTATCTCGGATTGGTA,43,3065503
rcsBp1,43.0,42,0,TCCTACCACAAAGCAACATG,42,3026981
rcsBp1,43.0,42,0,TATTGATTACGAATCCTTGT,42,3069755
rcsBp1,43.0,42,0,GGAGCCTACGGGATGGCGTA,42,3070160
rcsBp1,43.0,42,0,GAGCCATATCGGCATCCACG,42,3042491
rcsBp1,43.0,42,0,CTTGTCCGTCGTGATGTTGG,42,3071840
rcsBp1,43.0,42,0,CCCCGTCCAGTCGGACTGCC,42,3025461
rcsBp1,43.0,42,0,CACCCGGCCTACGGCCAGGC,42,3073358
rcsBp1,43.0,42,0,AGCTGTGCTTGACGTCCAAT,42,3022802
rcsBp1,42.0,41,0,AAGAAACTAAGAATAATGCC,41,3052827
rcsBp1,41.0,40,0,TTAGGGCGCGAACTCCGTTG,40,3062188
rcsBp1,41.0,40,0,GCGTGATGTATTCTGAATGG,40,3060237
rcsBp1,41.0,40,0,CGCACCGTAGGTTTAAAAGA,40,3028349
rcsBp1,41.0,40,0,CCCCTAGACCAACCAAATGA,40,3055482
rcsBp1,41.0,40,0,AGGCGGCCCTTTACATATAC,40,3032283
rcsBp1,41.0,40,0,AACGCTTTACGACTTCATGC,40,3063668
rcsBp1,40.0,39,0,GATGCCATCCAGGCATCGGC,39,3055558
rcsBp1,40.0,39,0,CTGTGATGATGGAACTAAGG,39,3060418
rcsBp1,39.0,38,0,TCCAATATCTATTGGGTTGC,38,3055433
rcsBp1,39.0,38,0,GTCCTGACTTTCTGGTTCTG,38,3047735
rcsBp1,39.0,38,0,AGCGCATTGGTTCTGTGCTC,38,3028311
rcsBp1,38.0,37,0,TGCAACCTCTGGGCCTATGC,37,3029849
rcsBp1,37.0,36,0,TGCAGGCGTTCCTTATCATT,36,3023387
rcsBp1,37.0,36,0,GTAGTGATGGACCTATGCCG,36,3041926
rcsBp1,37.0,36,0,GGAATGCCTGCCGAGTGTGC,36,3032268
rcsBp1,37.0,36,0,GCGACGTTGGCGAATGATAC,36,3025447
rcsBp1,37.0,36,0,GACCGGAAGGAATTTTTCGG,36,3024818
rcsBp1,37.0,36,0,CTGCGGCGTAACTCGGATGT,36,3062248
rcsBp1,37.0,36,0,ACTTCGTCATTGATCGACTA,36,3022936
rcsBp1,37.0,36,0,ACTAGGGTTCTCGTGGTGAT,36,3062680
rcsBp1,37.0,36,0,ACCAGCGCGAGTGTCTTTGG,36,3038088
rcsBp1,37.0,36,0,AATCAAAGGCTCTTGTCACT,36,3058823
rcsBp1,36.0,35,0,TTCGTAGCATGTCGCATTGG,35,3042529
rcsBp1,36.0,35,0,TTATCACGATACGATGCCTA,35,3060448
rcsBp1,36.0,35,0,GCATATTACTGTCTCAGTAC,35,3065490
rcsBp1,36.0,35,0,GACTTCTTCAGTAGGTTTTC,35,3041074
rcsBp1,36.0,35,0,CTGTACAAGTGAGAAGGGCA,35,3060165
rcsBp1,36.0,35,0,CCAAGTGTGGCGTGTCGGTT,35,3037547
rcsBp1,36.0,35,0,CACCAACTGGAGTGTCTAGC,35,3042499
rcsBp1,36.0,35,0,AGGCCTAGGCTCCGGGTCGT,35,3062196
rcsBp1,36.0,35,0,ACCTAAATTCTCTAAATCAT,35,3037076
rcsBp1,36.0,35,0,ACATACAGTCGTCCAAAGGG,35,3033939
rcsBp1,35.0,34,0,GTCAAAGAAGCGGTTTTACT,34,3065685
rcsBp1,35.0,34,0,GCCTGAAGTCAATTGGATAA,34,3061400
rcsBp1,35.0,34,0,AACGGATTTCCGAAGTAGTA,34,3031706
rcsBp1,34.0,33,0,TGAACATTAACTGGGCTTTT,33,3028824
rcsBp1,34.0,33,0,GTCACAACTGCCAGCTATCA,33,3058114
rcsBp1,34.0,33,0,GGCTGTCTACGGATCGCTAA,33,3042962
rcsBp1,34.0,33,0,GGCCTAAACCGGCGCTTGCA,33,3023954
rcsBp1,34.0,33,0,CTTTAGGCCTACCCGTCTTT,33,3065695
rcsBp1,34.0,33,0,ATAATCGAAATGTATTGGGG,33,3029835
rcsBp1,34.0,33,0,AGATTTAGATGGCTCCGTGC,33,3051391
rcsBp1,33.0,32,0,TCTGATAGCCCACCGCTGAG,32,3035543
rcsBp1,33.0,32,0,GGACGAAACAGGGTTTATTG,32,3041199
rcsBp1,33.0,32,0,GCTCTAAAGCAACTCGGCCC,32,3049043
rcsBp1,33.0,32,0,CCAGAACGGTATCGGGTAGA,32,3057896
rcsBp1,33.0,32,0,AGCGAATGGGTGTGGGTCAG,32,3042211
rcsBp1,32.0,31,0,TCCAGAGCTTGAAGTAGCAT,31,3035619
rcsBp1,32.0,31,0,TCAAGACGATACAAATCTGA,31,3072824
rcsBp1,32.0,31,0,GGAAAGGAAAACATGCAGCA,31,3065977
rcsBp1,32.0,31,0,GCGTATGACTATGGGTGACA,31,3033388
rcsBp1,32.0,31,0,CAATAGCGTGTCTTAAAGAT,31,3026516
rcsBp1,31.0,30,0,TTAGTACGCCGCCCCAGTCT,30,3061564
rcsBp1,31.0,30,0,TATCCCGCAGGAGTAAAATG,30,3058117
rcsBp1,31.0,30,0,CATGTGGCTTCGGAGTTAAC,30,3054147
rcsBp1,31.0,30,0,ACCGGAAAACCCGTCTGTCC,30,3066503
rcsBp1,31.0,30,0,ACACGAGGCATCGGTGCCTT,30,3035106
rcsBp1,31.0,30,0,AAATTATTATGTCGGCACGT,30,3052768
rcsBp1,30.0,29,0,TTCCACTGGCCATCGCTGCA,29,3029753
rcsBp1,30.0,29,0,TGGCTGAAACCTCCCCGGAC,29,3061058
rcsBp1,30.0,29,0,TCCCGCCTATTCTAAACGTG,29,3032221
rcsBp1,30.0,29,0,GGGAGGAGTCAGAACATCCC,29,3025593
rcsBp1,30.0,29,0,GACGCGTAATTGTTATATGG,29,3024859
rcsBp1,30.0,29,0,CTCGAATGCGTCGGGCCTAA,29,3028396
rcsBp1,30.0,29,0,CGAGTTCCCCCCGGATACGT,29,3038898
rcsBp1,30.0,29,0,ATTCCGAGTATAACCATTTG,29,3056236
rcsBp1,30.0,29,0,ACAGCGGCCTGGGTAGTTTA,29,3064880
rcsBp1,30.0,29,0,ACAATACCGCACCAGGATTT,29,3057857
rcsBp1,29.0,28,0,TTTCGGCGAGACGGTGGTAA,28,3050437
rcsBp1,29.0,28,0,TTCCGCATTACGATACTGGA,28,3042506
rcsBp1,29.0,28,0,TGGGAATAGTGTTGTTTTCC,28,3027725
rcsBp1,29.0,28,0,GAGCCTGTCTGTAACACTGT,28,3028370
rcsBp1,29.0,28,0,CTTGAATGATAAGGCAAATA,28,3050729
rcsBp1,29.0,28,0,CGATATGTAATGGGGTGCTC,28,3027159
rcsBp1,29.0,28,0,CCAAGTGCCACCGTCTTTGG,28,3052204
rcsBp1,29.0,28,0,CACTAGGGGTAGCACTTCAA,28,3038791
rcsBp1,29.0,28,0,ATCAAAAGCTAGCTACCCTT,28,3037812
rcsBp1,29.0,28,0,ACATGGCTGGAGAGTCATAT,28,3047880
rcsBp1,29.0,28,0,AAGCACCTACAACTTCACGA,28,3047241
rcsBp1,29.0,28,0,AACGGGCACCAGATCTAGGA,28,3053304
rcsBp1,28.0,27,0,TTACCGTAAACCGTTATTTC,27,3067551
rcsBp1,28.0,27,0,GCTAGCTGTGTAGGACGACA,27,3027284
rcsBp1,28.0,27,0,GCCCACGTTGGTTGGCTTCT,27,3041989
rcsBp1,28.0,27,0,GCAAACGGGCACTCTGTATA,27,3040971
rcsBp1,28.0,27,0,CCCACCTAGTTGAAGGGTAA,27,3049938
rcsBp1,28.0,27,0,ATTATTCGGCGTCAGAAGGT,27,3054646
rcsBp1,28.0,27,0,ATAGAGCTACCGGCGCTCGG,27,3032357
rcsBp1,28.0,27,0,AGTAAGTACTTTACATAAAG,27,3058191
rcsBp1,28.0,27,0,ACATATGAGTGGATGATCGT,27,3065681
rcsBp1,28.0,27,0,AAAACGCGGATGAGGCCATA,27,3072407
rcsBp1,27.0,26,0,GTTGCGCGTGTCAGAAGTTG,26,3029782
rcsBp1,27.0,26,0,GCGACCGGACGCACGCCGCG,26,3050144
rcsBp1,27.0,26,0,GCCTCCGGTCTACCCTGGTC,26,3050877
rcsBp1,27.0,26,0,CCTGGTCGCGTAGTCCAGAC,26,3037551
rcsBp1,27.0,26,0,CCGACCCGGTCGGTTGTATC,26,3060062
rcsBp1,27.0,26,0,AGACTTTAAAGCGTTCTGGC,26,3024343
rcsBp1,27.0,26,0,AATAGTTCATTTTACAGAGC,26,3025711
rcsBp1,27.0,26,0,AATAAGCTGGATGGGTGGGT,26,3046671
rcsBp1,26.0,25,0,TTTGTGAAACACGCGTGAGC,25,3071655
rcsBp1,26.0,25,0,TTGGGCCACGTGTGCGTCGG,25,3038934
rcsBp1,26.0,25,0,TTCAACTTGCTATGCGATTC,25,3031072
rcsBp1,26.0,25,0,GTCACCTCGATTCGGGTGTA,25,3070629
rcsBp1,26.0,25,0,GTATTACGGTAGTGTTCGGC,25,3041455
rcsBp1,26.0,25,0,GCTGGTGGAGCGACTAGGCA,25,3027135
rcsBp1,26.0,25,0,CTCAGCAATTTATACAAGAC,25,3029297
rcsBp1,26.0,25,0,CGGTCTTCGGAAGTCGAGAC,25,3033527
rcsBp1,26.0,25,0,CGGATTTCGGTGCAGAAAGA,25,3036712
rcsBp1,26.0,25,0,CGGAGGACGCCATCCCCAAT,25,3065034
rcsBp1,26.0,25,0,AATCAGACTTGTGGTAAGCG,25,3025497
rcsBp1,25.0,24,0,TATATATTTCGAAGGGGTTC,24,3057153
rcsBp1,25.0,24,0,TAGCTAAAGGGCTGGAGCCA,24,3061220
rcsBp1,25.0,24,0,GTTCTATAGGTCTCAATCCA,24,3050360
rcsBp1,25.0,24,0,GGTACTACCAGTGATACACT,24,3046037
rcsBp1,25.0,24,0,GACGAAACTGCAGACACGTA,24,3030364
rcsBp1,25.0,24,0,CTCAACACTGGCTACCAGGA,24,3022533
rcsBp1,25.0,24,0,CGTGCAGACCCGAATTCGGT,24,3033828
rcsBp1,25.0,24,0,CGGATTACAGAGCTAGCGGA,24,3064134
rcsBp1,25.0,24,0,ATGGATCTCCGGACGTCTCA,24,3030355
rcsBp1,25.0,24,0,ACTCCTAACGTATGGTGCCT,24,3059647
rcsBp1,25.0,24,0,AATGTTAGTTCGCTATTACT,24,3030787
rcsBp1,24.0,23,0,TGTGTTGCGAAGTATTTCGA,23,3044415
rcsBp1,24.0,23,0,TGGGTAAATCGGATTAGGCA,23,3042013
rcsBp1,24.0,23,0,TGAGGACAAATGGACGAGGA,23,3025503
rcsBp1,24.0,23,0,TCCTCAAAGTCCACTAAACA,23,3065463
rcsBp1,24.0,23,0,TCAGGAGTAAAGCGGCGCGC,23,3054292
rcsBp1,24.0,23,0,TATCCCCCTTAGATTCTCAT,23,3045088
rcsBp1,24.0,23,0,TAGATCTTGTTTACAGAAGA,23,3041580
rcsBp1,24.0,23,0,GATAAGAAGGCCGGGGCAAA,23,3072427
rcsBp1,24.0,23,0,CTCCAAAGGTATAAGTGCTT,23,3050546
rcsBp1,24.0,23,0,CGGGGGACATACTGAGCGTT,23,3036137
rcsBp1,24.0,23,0,CGACAAGGCTTAGATCAGGA,23,3050429
rcsBp1,24.0,23,0,CCTGGGTCTCGCGAGTTCAA,23,3047187
rcsBp1,24.0,23,0,CCAGACGGGGGATATTTGTG,23,3042052
rcsBp1,24.0,23,0,ATTCGAGTTGGCTATTCTCT,23,3038187
rcsBp1,24.0,23,0,ATAGCAGGATGTTAGGATCT,23,3032665
rcsBp1,23.0,22,0,TGTGGATGTCTGGCGGCGAC,22,3054478
rcsBp1,23.0,22,0,TGTCAGAGTGCTGAAGCTAA,22,3071856
rcsBp1,23.0,22,0,TGGTGCCGTATACCGGCACT,22,3057273
rcsBp1,23.0,22,0,TGATAGAGGCCGAGTGAGGA,22,3041959
rcsBp1,23.0,22,0,TCGCTATTACGTAATGCTCT,22,3030343
rcsBp1,23.0,22,0,TCACGTTTACTGTTGATCGC,22,3022797
rcsBp1,23.0,22,0,TAACGGTCCGCATTACCATT,22,3069398
rcsBp1,23.0,22,0,GTGAAGGTCAAAACGGCGAT,22,3032355
rcsBp1,23.0,22,0,GTCAATACAATCGCTAGAAG,22,3044647
rcsBp1,23.0,22,0,GGTTTGTGCAGAGGGGGTCC,22,3038748
rcsBp1,23.0,22,0,GGGATCATTATCGCCCGTAT,22,3050383
rcsBp1,23.0,22,0,GCGTCTACTAGAGTGTCACA,22,3060068
rcsBp1,23.0,22,0,GCCGAACTGCAACTTGATGG,22,3054031
rcsBp1,23.0,22,0,GAGGCAACGATTGATCGAGC,22,3071335
rcsBp1,23.0,22,0,GACATTCACCTTTCTCAGGA,22,3066297
rcsBp1,23.0,22,0,GAACGATACAGATAGTTTCG,22,3043160
rcsBp1,23.0,22,0,ATCACAAGAAATATAATTCG,22,3061954
rcsBp1,23.0,22,0,AGGGACCCGCAAAGACTAAG,22,3063130
rcsBp1,23.0,22,0,AAAGACCGATATCTAAACTT,22,3045159
rcsBp1,22.0,21,0,TCCGGAGGTTCGGGATATGA,21,3038314
rcsBp1,22.0,21,0,TCAAGGGGCTTAGTCTCAGT,21,3054577
rcsBp1,22.0,21,0,TAACCAAGGCACCGTGTCTA,21,3041457
rcsBp1,22.0,21,0,TAAACTCTCGGTGTAGGTAC,21,3034221
rcsBp1,22.0,21,0,GGGATTGTGTAACGGATACT,21,3044697
rcsBp1,22.0,21,0,GATTGACCAGGGAAACCTGA,21,3064642
rcsBp1,22.0,21,0,GATGTAATCAGACCCCACGG,21,3059040
rcsBp1,22.0,21,0,CGAACGGAGTCCACCCTGGG,21,3024247
rcsBp1,22.0,21,0,CACGTTGCACTGTTGAATAG,21,3070844
rcsBp1,22.0,21,0,ACCACAATTTAGGTGGTTTG,21,3055041
rcsBp1,22.0,21,0,AAGCCTAATTTGTGCAGTGA,21,3039137
rcsBp1,21.0,20,0,TTACGGTGGGAAGTGCAAGG,20,3053985
rcsBp1,21.0,20,0,TGATGTCGGGTTGGGTCCCA,20,3043384
rcsBp1,21.0,20,0,TCAAAAACCTCTCGGACTCG,20,3023037
rcsBp1,21.0,20,0,TACGTTAGAAATACTCCGAG,20,3057506
rcsBp1,21.0,20,0,GTCTACAGCGAAGGTTATAA,20,3022739
rcsBp1,21.0,20,0,GGGAGGGCCTTGGGTTTTCG,20,3041212
rcsBp1,21.0,20,0,GCTAGTGGTACTAGGATGGC,20,3054073
rcsBp1,21.0,20,0,GAATGAGCGGCGCAAGATCA,20,3044823
rcsBp1,21.0,20,0,CGACAGAGTACGATCGACTG,20,3053496
rcsBp1,21.0,20,0,CCGAATAAGTCATAATAGAA,20,3066716
rcsBp1,21.0,20,0,CCCTCATTGGGAGAGGTCAC,20,3061611
rcsBp1,21.0,20,0,CATTGGCCCCATGACCGACA,20,3054820
rcsBp1,21.0,20,0,CAACCATCCAGAATCAAGCA,20,3062437
rcsBp1,21.0,20,0,ATAAGAAATGTCCCAATTCG,20,3060076
rcsBp1,21.0,20,0,ATAACCAAGCGTTAACGACC,20,3024292
rcsBp1,21.0,20,0,AGCACGAACTTCCTACACTT,20,3058909
rcsBp1,21.0,20,0,ACGCTAAAGCCTGGAAAGGG,20,3035438
rcsBp1,20.0,19,0,TTGTTTAGGGTTTTACATTT,19,3034172
rcsBp1,20.0,19,0,TTGCCGTGGCGATTAGATCG,19,3035855
rcsBp1,20.0,19,0,TTCGCGTCGGCATGCTCGAA,19,3056345
rcsBp1,20.0,19,0,TCGGGGAGCTAAAGGCTTTA,19,3047750
rcsBp1,20.0,19,0,TCCCGGTTCAGCGACTTTGT,19,3024958
rcsBp1,20.0,19,0,GTAAAAGGTCGGAGCCCTGT,19,3059118
rcsBp1,20.0,19,0,GATCCTACGGTCCAACCGTC,19,3058128
rcsBp1,20.0,19,0,GATCATAGACCACTCAATTC,19,3069406
rcsBp1,20.0,19,0,GACACGCGTTGAATAGTGTT,19,3048910
rcsBp1,20.0,19,0,CTTGTTTTCTTAACGAACTA,19,3071816
rcsBp1,20.0,19,0,CGAGCTTTGTTATTTACCCG,19,3028812
rcsBp1,20.0,19,0,CGACGTGTACGCACCTTTTT,19,3072387
rcsBp1,20.0,19,0,CCAGGTCCCGGCTGGCTAAT,19,3067110
rcsBp1,20.0,19,0,CAGTTCCCTCGAGCCTACGC,19,3065800
rcsBp1,20.0,19,0,CACCGGGTGCGTGTCGCATG,19,3062151
rcsBp1,20.0,19,0,AGTGTATCCCGCTGCCGGTA,19,3028057
rcsBp1,20.0,19,0,AGGACCACCTGGGTAGTTTC,19,3043475
rcsBp1,20.0,19,0,ACCCAGCATCTATGCTAGAC,19,3027905
rcsBp1,20.0,19,0,AATGGTTTCCATTCTTGATA,19,3059640
rcsBp1,20.0,19,0,AACCCCACGGGGGCGTACTT,19,3028346
rcsBp1,19.0,18,0,TGCCCAAATATGTTTGACAA,18,3026035
rcsBp1,19.0,18,0,TGCCATCCTATTCCGGGGAG,18,3063079
rcsBp1,19.0,18,0,TGACAGAAAGTGGTCTCGGA,18,3043129
rcsBp1,19.0,18,0,TCAAGACGCGATGCTGTACC,18,3028934
rcsBp1,19.0,18,0,GTACAGCCGCGGCCATCGAA,18,3052241
rcsBp1,19.0,18,0,GACAGAGACGGTCACGATCA,18,3068949
rcsBp1,19.0,18,0,CTCCCTCAGTTATAGTTCGT,18,3067022
rcsBp1,19.0,18,0,CGTATTGAACGCAACCTCTC,18,3043933
rcsBp1,19.0,18,0,CGCCTACACTTATGATCCTG,18,3069689
rcsBp1,19.0,18,0,CACACCGGGGGTGGCACCTT,18,3049189
rcsBp1,19.0,18,0,ATGTCTCCCCAGGTGCTAAA,18,3028282
rcsBp1,19.0,18,0,AGATATCAAACGAAGAACCA,18,3030098
rcsBp1,18.0,17,0,TTTCGGTTCTAAGGCTTGTC,17,3053078
rcsBp1,18.0,17,0,TCAGCAGGTACACAAAGTCG,17,3062968
rcsBp1,18.0,17,0,TACTAACATAAACATACTGC,17,3029120
rcsBp1,18.0,17,0,GGATGTCTCACGAGCCGCGA,17,3040868
rcsBp1,18.0,17,0,CTGCCGTCATAATAGTCTCT,17,3032024
rcsBp1,18.0,17,0,CGTTTTCGCTTGTTTGCACG,17,3065985
rcsBp1,18.0,17,0,CGGCCACTCTCCACACGCCG,17,3048554
rcsBp1,18.0,17,0,CGAGGTCCAGTCTCGCCCCT,17,3038714
rcsBp1,18.0,17,0,CGAGATCTATACAAATATCA,17,3049067
rcsBp1,18.0,17,0,CCGATGTTACAGTCCCCTGT,17,3069785
rcsBp1,18.0,17,0,CCCACAACTGTTACCTAGTA,17,3032322
rcsBp1,18.0,17,0,CATCACGGCATAATTTATCA,17,3044343
rcsBp1,18.0,17,0,AGAATTGGGGGGCATTTTGG,17,3073065
rcsBp1,17.0,16,0,TGAGACTGCTACCCACAGGC,16,3051711
rcsBp1,17.0,16,0,TCAGGTTCGGGTGACAATGA,16,3041587
rcsBp1,17.0,16,0,TAGCAACCTACTAGCAGCGC,16,3044513
rcsBp1,17.0,16,0,GTATCTTTGATCAGCCTAGG,16,3028701
rcsBp1,17.0,16,0,GAAAATTCTTAAGGGCACGG,16,3058061
rcsBp1,17.0,16,0,CATAGGTTGGGTACAGATGG,16,3055829
rcsBp1,17.0,16,0,CAGGCCTTAAATATAAAGAC,16,3033644
rcsBp1,17.0,16,0,AGCTACGCATCGTCCCATAC,16,3025185
rcsBp1,17.0,16,0,AGATTCGATAACAGGGGAAA,16,3059043
rcsBp1,17.0,16,0,ACCATTCCTTACGGGAAAAG,16,3041544
rcsBp1,16.0,15,0,TTGCGTGTGAAGCGGACTCA,15,3022064
rcsBp1,16.0,15,0,TCGTGGTCTACCCGTCGTCT,15,3025152
rcsBp1,16.0,15,0,GGCGTAATTGTGCGAAGTAC,15,3048898
rcsBp1,16.0,15,0,GCGTGAGTTGAACAAAATTC,15,3053939
rcsBp1,16.0,15,0,CTACAGACAAGCTCTCTGCG,15,3063635
rcsBp1,16.0,15,0,CGGACTCAGAGCCATGGGTT,15,3060445
rcsBp1,16.0,15,0,CCAGAAACGCCTCCAAAGGC,15,3026329
rcsBp1,16.0,15,0,AGTTATGTGCCACACGCCAA,15,3062245
rcsBp1,16.0,15,0,AGATTGCCTTTGGCTGAGCG,15,3065746
rcsBp1,16.0,15,0,AAGCTGCCTTCCGATAAAGT,15,3064366
rcsBp1,15.0,14,0,TGTCTACGCTGAGTAGTCCC,14,3024422
rcsBp1,15.0,14,0,GTCTAAAGGTGGTACGCCAC,14,3050337
rcsBp1,15.0,14,0,GCCCATTAAATATCCCCTCC,14,3030051
rcsBp1,15.0,14,0,CTTCATTCGCATGTACGACG,14,3034919
rcsBp1,15.0,14,0,CACTGTCTCTAACAGATTCC,14,3027158
rcsBp1,15.0,14,0,ACCTTTTGTCTAGCTGGGGT,14,3035343
rcsBp1,15.0,14,0,ACCCCTTTTAAGGCATTCCT,14,3059097
rcsBp1,15.0,14,0,AATTTAGCCCGAGGCTTCAC,14,3066284
rcsBp1,15.0,14,0,AACACGTGAGGGCTGAATTA,14,3042299
rcsBp1,14.0,13,0,TGCCCCGTGGGCCGAGGTCT,13,3035326
rcsBp1,14.0,13,0,GTTGCCAGAGGTGCAACAAA,13,3025926
rcsBp1,14.0,13,0,GTGACCCAACCTTACGGAAT,13,3052012
rcsBp1,14.0,13,0,GGGCGCATGATGAAGTTCAG,13,3044218
rcsBp1,14.0,13,0,GCATTAGCCGGCGGATATGC,13,3045945
rcsBp1,14.0,13,0,ATAGGATAGTTCCTTCCGTT,13,3071507
rcsBp1,14.0,13,0,ATACTAGAAGAATCGCTGGG,13,3068222
rcsBp1,14.0,13,0,ATAATCCCCCCCATACTAGC,13,3069813
rcsBp1,14.0,13,0,ACATCATAGGAAACTACTAC,13,3034754
rcsBp1,13.0,12,0,TTCCTGCAGTCCTCCCGCCA,12,3072693
rcsBp1,13.0,12,0,TGTTCACCTCAAGATTCAAA,12,3046036
rcsBp1,13.0,12,0,TGTCATCGATTGGAATCCGG,12,3021844
rcsBp1,13.0,12,0,TAGCAACCTTATGTAAGCCA,12,3058666
rcsBp1,13.0,12,0,CATCTAAGTGAAAGTAATTG,12,3024535
rcsBp1,13.0,12,0,CATAACACCGCTACTCTCTC,12,3067713
rcsBp1,13.0,12,0,CAATCATGCGAACTCCCTGA,12,3068317
rcsBp1,12.0,11,0,TTCGCGTCTCAACCAAATTG,11,3025720
rcsBp1,12.0,11,0,TCCTGGGTCCCGCCTCCAGT,11,3022296
rcsBp1,12.0,11,0,GGTACGTCAACAACATCTTC,11,3060775
rcsBp1,12.0,11,0,GCGCGGATTCTATCTGACGG,11,3034323
rcsBp1,12.0,11,0,CTCCGATTGTAGTAGATGCA,11,3042141
rcsBp1,12.0,11,0,CGGTTGGGACCCGAGGACTT,11,3037739
rcsBp1,12.0,11,0,AGTTAACTCTTCGATTAATG,11,3030754
rcsBp1,12.0,11,0,AGTGCTATAGAAAGGTGTCC,11,3059542
rcsBp1,11.0,10,0,TTGCTCGCCCCGTTGCATAC,10,3029836
rcsBp1,11.0,10,0,TGTCACTACTCATCAATTCT,10,3041774
rcsBp1,11.0,10,0,GTCCTCCGATCGCGCAATCT,10,3040181
rcsBp1,11.0,10,0,GTAGATCTACAACCAGGAAA,10,3072493
rcsBp1,11.0,10,0,GCACCCGTGTTTGAGCGCAC,10,3044200
rcsBp1,11.0,10,0,CGGAGACGTTTATTCATAAC,10,3041151
rcsBp1,11.0,10,0,CGCCTGACGCCTCAGCAGTC,10,3061087
rcsBp1,11.0,10,0,CAACTCGTTCGAATCCCCGA,10,3071506
rcsBp1,11.0,10,0,ATTCTTCGGGTATGCCACAT,10,3030178
rcsBp1,11.0,10,0,ACTATTTGTATGATGGTTGC,10,3061561
rcsBp1,11.0,10,0,ACGCGTTGGGGGAACGTTCA,10,3062796
rcsBp1,10.0,9,0,TCTGAATGGAGTTCCTGATA,9,3057113
rcsBp1,10.0,9,0,TCGGGTTTCTCCCGGTTGCC,9,3058699
rcsBp1,10.0,9,0,GTACAACGTCCTGGGTTATA,9,3044626
rcsBp1,10.0,9,0,CAGGGTATACTCGATGATTT,9,3044583
rcsBp1,10.0,9,0,CACATTGTATTATAAGGTCC,9,3032770
rcsBp1,10.0,9,0,AGTTTACACATATGGATCCT,9,3039288
rcsBp1,10.0,9,0,AACTTCCAAGGTTAAGCAAC,9,3025816
rcsBp1,9.0,8,0,GTCCCATGCGCCCGACCAGC,8,3069766
rcsBp1,9.0,8,0,GCGCGATTCCTCCAGAGTCC,8,3039038
rcsBp1,9.0,8,0,CTCCTCTAGCAATTCGAAAC,8,3052847
rcsBp1,9.0,8,0,CATTTGCATTGCCTTCATAG,8,3031856
rcsBp1,9.0,8,0,ACTTAGGAGCCTCTCCTTCA,8,3023383
rcsBp1,8.0,7,0,TCTTCATGAATTAGCCTTAG,7,3046448
rcsBp1,8.0,7,0,GTCGGCCAGGAGCTGACCGA,7,3032599
rcsBp1,8.0,7,0,CTGTTGTCGTATGGTCATAT,7,3053441
rcsBp1,8.0,7,0,CTCCCGAACGGTACGTTTAT,7,3066177
rcsBp1,8.0,7,0,CCTTTGTAATAGTGAACGAG,7,3029229
rcsBp1,8.0,7,0,ACGGATACGACGACGACGAA,7,3025482
rcsBp1,7.0,6,0,TCACACCATCCTCGCGGAAA,6,3067613
rcsBp1,7.0,6,0,GGCCCTGCTCGATACAAACA,6,3059139
rcsBp1,7.0,6,0,GAATCAGTCTATTATTTATA,6,3027967
rcsBp1,7.0,6,0,CGTCACTAAAAATTGTAGTA,6,3043186
rcsBp1,7.0,6,0,CGGCCTGACTCCTTTTCATC,6,3058970
rcsBp1,7.0,6,0,CGCCCAACGGTACACTGTCA,6,3070512
rcsBp1,7.0,6,0,ACCAATTGTATAGTTCGCTC,6,3041058
rcsBp1,6.0,5,0,GGTACTAGATTTATAACTAG,5,3031151
rcsBp1,6.0,5,0,CTCCAAAGCTTCTAGTGTAT,5,3063736
rcsBp1,6.0,5,0,ATATTTGAGAACTTCACAGT,5,3044534
rcsBp1,5.0,4,0,TACACCAATCTGGGGCAACA,4,3055556
rcsBp1,5.0,4,0,TAAAAATAATATCGACTGTA,4,3046445
rcsBp1,5.0,4,0,GTGAAGAGTGCTTTTGCAAA,4,3027901
rcsBp1,5.0,4,0,GGTTTCCATCGGTAATCTCG,4,3057952
rcsBp1,5.0,4,0,GCAATGACCTTCCCCCTCAA,4,3060482
rcsBp1,5.0,4,0,CAACTACCACCAAGATGCTC,4,3047546
rcsBp1,5.0,4,0,ACAGTGGCAACAATGATAAC,4,3052530
rcsBp1,4.0,3,0,TATGACCCGCTGGGGTTACA,3,3056100
rcsBp1,4.0,3,0,CTAATCCCCTTCCTACTCCT,3,3043216
rcsBp1,4.0,3,0,CGCTGCAACGAGCGCCATGA,3,3035691
rcsBp1,3.0,2,0,TTGAATTTCTGCTAGGCAGA,2,3053440
rcsBp1,3.0,2,0,TTAAGCCGCATTAATTTCCT,2,3068975
rcsBp1,3.0,2,0,GTATTCGACCCCTCATTTAT,2,3023860
rcsBp1,3.0,2,0,GGGACCGTGACATCGCACGA,2,3069251
rcsBp1,3.0,2,0,CTGACAAACCTGACTGTTGT,2,3055542
rcsBp1,3.0,2,0,CGATATCGATAAAATCGGAA,2,3041257
rcsBp1,3.0,2,0,AGGTTACACTTAGCCGAAGG,2,3055613
rcsBp1,3.0,2,0,AATAAGCCGCTACCGCCTAC,2,3037019
rcsBp1,3.0,2,0,AACACCTTATACCCCCATTT,2,3024629
rcsBp1,2.0,1,0,TTTACGTGAAGTGTCAAATT,1,3025597
rcsBp1,2.0,1,0,TTCGCCTCCTTTATGAATTT,1,3068619
rcsBp1,2.0,1,0,TTAAGTTTTGGTCAGGAGAA,1,3032859
rcsBp1,2.0,1,0,TGTTCCAAATCATAGGGACT,1,3072164
rcsBp1,2.0,1,0,TGGTTGATACGCGTTACCTA,1,3059586
rcsBp1,2.0,1,0,TGCGTACTTGCAATCTGAGA,1,3066238
rcsBp1,2.0,1,0,TGCCGGGTATCTATATGACT,1,3036645
rcsBp1,2.0,1,0,TGCCCCAGAGCATCTTTACT,1,3046584
rcsBp1,2.0,1,0,TGATGGCGCCTTCAGCCACA,1,3033195
rcsBp1,2.0,1,0,TGAGACCCGTCATCCGATGA,1,3059412
rcsBp1,2.0,1,0,TGACCGGTAACACTAGGAGC,1,3052394
rcsBp1,2.0,1,0,TCTACTTGCGGAGTCAGGTT,1,3060925
rcsBp1,2.0,1,0,TCACGTCATATGTGTGAGAT,1,3059841
rcsBp1,2.0,1,0,TACGCCGTTTCGACCCAGAG,1,3044529
rcsBp1,2.0,1,0,TAAAGCGGTTACTTATGCTA,1,3032057
rcsBp1,2.0,1,0,GTTGTTATATCAAAGAAGAT,1,3055438
rcsBp1,2.0,1,0,GTTCCAATTGAGGATCCCTT,1,3027826
rcsBp1,2.0,1,0,GTCTTCGTTCATATTCCCCT,1,3068256
rcsBp1,2.0,1,0,GGTTGAAGGCGACCGATGGT,1,3034097
rcsBp1,2.0,1,0,GGGTTCTCCGCAAAGTGGTG,1,3037413
rcsBp1,2.0,1,0,GGGGCTATTGTTAGATGTAG,1,3051384
rcsBp1,2.0,1,0,GGATTCTCAGCGCGTGTCTC,1,3069631
rcsBp1,2.0,1,0,GGAAGGCGCCCCTTCTCGTA,1,3044254
rcsBp1,2.0,1,0,GCTGCCCACACTAATAACTC,1,3064657
rcsBp1,2.0,1,0,GCGCCTGGGCAAACTTAGTT,1,3037157
rcsBp1,2.0,1,0,GCCACTCAAGCGACACAAGA,1,3035121
rcsBp1,2.0,1,0,GATTCACTTTAGTGTTACAC,1,3033459
rcsBp1,2.0,1,0,GATTAGCGATTCGATCACCC,1,3068638
rcsBp1,2.0,1,0,GACTTAAGTGCAGTTGTAGA,1,3045149
rcsBp1,2.0,1,0,GACGGACGATATCGGGGATC,1,3046228
rcsBp1,2.0,1,0,GACGAGGGCGTGAAGGGCAT,1,3038734
rcsBp1,2.0,1,0,GACACTCCAGGCCGGACCAC,1,3073597
rcsBp1,2.0,1,0,GACACACCCGCACGTTGAGC,1,3063122
rcsBp1,2.0,1,0,GAACTTACGACGCCTCGTGG,1,3031957
rcsBp1,2.0,1,0,CTGTTTCCGATTCTTTGTTC,1,3061212
rcsBp1,2.0,1,0,CTGAACACATGGTCCAGATG,1,3065015
rcsBp1,2.0,1,0,CGTGTTCGAGAGACATAACG,1,3051599
rcsBp1,2.0,1,0,CGTATTCGCCCATCAAGAAG,1,3033192
rcsBp1,2.0,1,0,CGTATGAGCTATCGGAAGTA,1,3054194
rcsBp1,2.0,1,0,CGGGTTGGATGTTTGTAGCA,1,3024836
rcsBp1,2.0,1,0,CGGGTGTGCTCGGATTGGCA,1,3031328
rcsBp1,2.0,1,0,CGGGGGGGAGCCTGCGCAGA,1,3027151
rcsBp1,2.0,1,0,CGCCAACACCCTAAGATTAT,1,3057476
rcsBp1,2.0,1,0,CGCACGTCTCTAGGGCTCAC,1,3059527
rcsBp1,2.0,1,0,CCTTCTGTCTCTCAATAACT,1,3051080
rcsBp1,2.0,1,0,CCGTTTTGGTACTTTTATAA,1,3038879
rcsBp1,2.0,1,0,CCCTTCATGGAGTAAGGCTA,1,3067684
rcsBp1,2.0,1,0,CACGTGTTTGGCGAGGCTTA,1,3038509
rcsBp1,2.0,1,0,ATTTGACCAGGAGAGTTGAA,1,3051114
rcsBp1,2.0,1,0,ATTAGTAAGGATGACAGTAC,1,3041432
rcsBp1,2.0,1,0,ATTACCTTACGTGTGCGCGG,1,3044076
rcsBp1,2.0,1,0,ATGGGGGGTCATCTGTTGCC,1,3040312
rcsBp1,2.0,1,0,ATGCCTGGAGGCGAGATGAC,1,3042076
rcsBp1,2.0,1,0,ATCGGAGGTCATCGGTCGCA,1,3027720
rcsBp1,2.0,1,0,ATAGTTAGGAGCCGATACGG,1,3061795
rcsBp1,2.0,1,0,ATACTCGCACATGCTTATGT,1,3042058
rcsBp1,2.0,1,0,AGTACCTATATTCAGTAGAC,1,3035935
rcsBp1,2.0,1,0,AGCTCAACATCATCACCAAG,1,3069433
rcsBp1,2.0,1,0,AGCGACAGTAACCGAGAGAA,1,3027787
rcsBp1,2.0,1,0,ACGTACGAAGTGCACTCCGG,1,3068830
rcsBp1,2.0,1,0,ACGCAGAACTTGACGGCCAG,1,3029134
rcsBp1,2.0,1,0,ACGACTCGGTGTGGCCTAAA,1,3034502
rcsBp1,2.0,1,0,ACGAAATGTGTCTTGATTGT,1,3022187
rcsBp1,2.0,1,0,ACCACATCGAAGTCAGATTT,1,3035888
rcsBp1,2.0,1,0,ACAATGTCATGGATTTTGAA,1,3054721
rcsBp1,2.0,1,0,AATGTATCTGCTACCGTATC,1,3040065
rcsBp1,2.0,1,0,AAGGCCTCTGCATTGCCGGA,1,3059244
