name,relative_counts,ct,ct_0,barcode,ct_1,barcode_ind
TSS_1414_storz_regulondb,0.31225296442687744,330,252,CTTTAGTATGAAAACTTTTA,78,75391
TSS_1414_storz_regulondb,0.6318407960199005,326,200,AACTTGCTGGAACGAAGCAG,126,27148
TSS_1414_storz_regulondb,0.8831168831168831,288,153,TTGCGTGTTCATCGACACGA,135,39431
TSS_1414_storz_regulondb,0.3492063492063492,168,125,CATAGAGCAATCTGTGTTGT,43,42496
TSS_1414_storz_regulondb,0.7913043478260869,204,114,GAATCACTACTTGCCCCATG,90,21349
TSS_1414_storz_regulondb,1.3571428571428572,262,111,CTCCAAGTTGATATCCCGAA,151,45729
TSS_1414_storz_regulondb,1.1696428571428572,241,111,ATGGTTTAACTTGTCGTTTG,130,602
TSS_1414_storz_regulondb,0.5585585585585585,171,110,TAACGCTCATGCAAGGGAGT,61,21467
TSS_1414_storz_regulondb,0.14150943396226415,119,105,GCTATGGGACTTACTGAGGA,14,2788
TSS_1414_storz_regulondb,0.4948453608247423,143,96,GCGGTGAGAGATAATCATCT,47,12732
TSS_1414_storz_regulondb,0.22580645161290322,112,92,CGTTTCAGCGTGTAACAAAA,20,35830
TSS_1414_storz_regulondb,9.282608695652174,944,91,TTTGTCACGTTCTTTAATCA,853,56851
TSS_1414_storz_regulondb,0.02247191011235955,89,88,GTCATGCTTGAGACCCGCGG,1,4828
TSS_1414_storz_regulondb,0.8202247191011236,160,88,CTGAGGGGTTCTTAAAGGCC,72,522
TSS_1414_storz_regulondb,1.7954545454545454,244,87,TAAAACGTGCTCCTTATAAA,157,34217
TSS_1414_storz_regulondb,0.2727272727272727,110,87,CGCAGTGTGACAAAAGACGG,23,63577
TSS_1414_storz_regulondb,0.32142857142857145,109,83,GAATACTAAAAGTTGTATGT,26,850
TSS_1414_storz_regulondb,0.927710843373494,158,82,GTTCGCTGAACGATTAGCTT,76,33785
TSS_1414_storz_regulondb,0.27710843373493976,104,82,GTGTCAGTGTGCTTTTACGA,22,201
TSS_1414_storz_regulondb,0.5662650602409639,128,82,AGGTAGGCCTGAAGTGGCGT,46,68675
TSS_1414_storz_regulondb,0.6172839506172839,129,80,ATTGTCCAATTTGCAAAGTT,49,19177
TSS_1414_storz_regulondb,0.65,130,79,AGCAGCTACCTGATAATTAT,51,14352
TSS_1414_storz_regulondb,1.0128205128205128,155,77,GCAGTATGAGTGTAGCGGCG,78,24391
TSS_1414_storz_regulondb,0.038461538461538464,79,77,CCTGTCGGGTACCACTGTGC,2,35393
TSS_1414_storz_regulondb,0.2597402597402597,95,76,TTCGCGGGCGCGATGTGCTT,19,66372
TSS_1414_storz_regulondb,0.33766233766233766,101,76,TCAGTTTCTTAGACGTTGTA,25,51947
TSS_1414_storz_regulondb,0.6363636363636364,124,76,ATTTGATTTGTCTCGGCGAG,48,59992
TSS_1414_storz_regulondb,1.5866666666666667,192,74,TGTTTATTTAGCAAGGACGA,118,32346
TSS_1414_storz_regulondb,0.72,127,74,TCAACGGGACCTGCACTCAA,53,27644
TSS_1414_storz_regulondb,2.1866666666666665,237,74,AATGCCCGTTCTTGGTCCCT,163,23802
TSS_1414_storz_regulondb,1.6891891891891893,197,73,GCCGGTCTATTTGAATACAT,124,14272
TSS_1414_storz_regulondb,0.6164383561643836,116,72,TGGAGTGGCTTTGCAGCCAG,44,37727
TSS_1414_storz_regulondb,0.8356164383561644,132,72,GTCGGGCATACCTCCACGGC,60,10584
TSS_1414_storz_regulondb,0.2222222222222222,86,71,TTTGATCCGTATCACTTAAA,15,24439
TSS_1414_storz_regulondb,0.7464788732394366,122,70,TTTCGCATCTATTCCTGAGT,52,22980
TSS_1414_storz_regulondb,0.7571428571428571,121,69,GGATACGTTTACGGTCGGAG,52,11620
TSS_1414_storz_regulondb,0.25,83,67,TAATACCGGTAACTATTCCA,16,72249
TSS_1414_storz_regulondb,0.5,100,67,GGCCCTTACCTCTCAGGGGA,33,40127
TSS_1414_storz_regulondb,3.1323529411764706,279,67,GCAGCGTACGTTATTAGGTT,212,11561
TSS_1414_storz_regulondb,0.4411764705882353,96,67,CTCATTACGACGTGTCCGTT,29,12600
TSS_1414_storz_regulondb,1.411764705882353,162,67,CGTCCAATCCCAACGAGTTA,95,37015
TSS_1414_storz_regulondb,0.8208955223880597,120,66,TCGGTAGGATGTCGCCAGCT,54,54949
TSS_1414_storz_regulondb,2.08955223880597,205,66,TAGAGCCGTTCAGAAAAAAA,139,48607
TSS_1414_storz_regulondb,0.04477611940298507,68,66,TACGTTCGCGTCTCAGAGTC,2,7749
TSS_1414_storz_regulondb,0.029850746268656716,67,66,GGATTACGGGCAGTCTCGGA,1,49716
TSS_1414_storz_regulondb,0.5074626865671642,99,66,ATGACGGCCATGTATTCGTC,33,8920
TSS_1414_storz_regulondb,1.1343283582089552,141,66,ATATGTAGTCTGCGGTAGAA,75,36633
TSS_1414_storz_regulondb,0.9393939393939394,126,65,TTCTGCTGAAATCGTATTTC,61,53956
TSS_1414_storz_regulondb,0.4393939393939394,93,65,TCCAACTCTGGAAAGAGAAG,28,57403
TSS_1414_storz_regulondb,1.123076923076923,136,64,TCTGAACGGCTAGGTCCTGT,72,5310
TSS_1414_storz_regulondb,0.7846153846153846,114,64,GGTAGGCATGCCCATATTTA,50,17690
TSS_1414_storz_regulondb,0.046153846153846156,66,64,GATCGATTAAATCTCATTGC,2,7086
TSS_1414_storz_regulondb,0.13846153846153847,72,64,GAGGAACTACGATACGCAAG,8,30110
TSS_1414_storz_regulondb,1.3846153846153846,153,64,CTTGATCAGAAACGGATACC,89,5630
TSS_1414_storz_regulondb,1.46875,156,63,TGGCCGGAAGGCTTCAAAAT,93,36960
TSS_1414_storz_regulondb,0.421875,89,63,CCGTTTTGTTATTGTCGAGG,26,718
TSS_1414_storz_regulondb,0.734375,109,63,ATATTTCCGGGGTTCGCAAT,46,53125
TSS_1414_storz_regulondb,0.96875,124,63,AAGTTGCAAGTCAGAAGCAT,61,41757
TSS_1414_storz_regulondb,0.8253968253968254,113,62,TTACTATTGCTGACTGTTGT,51,67564
TSS_1414_storz_regulondb,0.8571428571428571,115,62,GGCCACGGACGCAGGAATTT,53,62892
TSS_1414_storz_regulondb,0.5238095238095238,94,62,ATTATGTAGTGATGTCAGAT,32,43674
TSS_1414_storz_regulondb,0.8548387096774194,113,61,TCAACGTGATCGCCTCGGTA,52,5186
TSS_1414_storz_regulondb,1.564516129032258,157,61,GTCATTGGATCTTGAACTTA,96,125
TSS_1414_storz_regulondb,1.6612903225806452,163,61,GATCCCGGCGCGTGCCGTCA,102,40861
TSS_1414_storz_regulondb,1.3870967741935485,146,61,GAAATACGCTGGCCCGGTGA,85,77677
TSS_1414_storz_regulondb,3.596774193548387,283,61,AGAGCGCACCCGAACCTTTT,222,15181
TSS_1414_storz_regulondb,0.32786885245901637,79,60,TGGCATACCGCCGCCAACAG,19,16474
TSS_1414_storz_regulondb,1.0327868852459017,122,60,TCTAACGATAGATTACAGAC,62,49611
TSS_1414_storz_regulondb,0.14754098360655737,68,60,GGAGCCGCCTCCGTGGTCTT,8,54607
TSS_1414_storz_regulondb,0.4098360655737705,84,60,GACTTCGTTGGCGGCACCTA,24,56059
TSS_1414_storz_regulondb,0.9836065573770492,119,60,CATGTAACTTCCTTGCTAAC,59,67325
TSS_1414_storz_regulondb,1.2131147540983607,133,60,ATATTGCAGCTTTTAGGACT,73,24882
TSS_1414_storz_regulondb,2.0655737704918034,185,60,AATATCTACGTGTCTCACAC,125,2125
TSS_1414_storz_regulondb,1.3166666666666667,137,59,TTGAATCCAGGTGGTCCAAA,78,20665
TSS_1414_storz_regulondb,0.6166666666666667,95,59,TGAAACCAAGACCGACTTAC,36,6249
TSS_1414_storz_regulondb,0.21666666666666667,71,59,CTTGGCATAGAAGCTGGGCA,12,23568
TSS_1414_storz_regulondb,0.6666666666666666,98,59,CAGACTCATTCTTGTGCATT,39,60848
TSS_1414_storz_regulondb,0.15254237288135594,66,58,TTTTTTCGGTTTAGCTATTT,8,32731
TSS_1414_storz_regulondb,1.5254237288135593,147,58,TACTACAGGCCCGTTACGCT,89,17022
TSS_1414_storz_regulondb,0.5423728813559322,89,58,GTAGGCAAGGTAACTGTTGA,31,58088
TSS_1414_storz_regulondb,0.7288135593220338,100,58,GCCCGGCGCACTGGCTACCC,42,10676
TSS_1414_storz_regulondb,0.711864406779661,99,58,GACCGCAGGGGGGGGTGTTT,41,54601
TSS_1414_storz_regulondb,1.0847457627118644,121,58,AGCTTGCTTGCGGCGTTTCT,63,65941
TSS_1414_storz_regulondb,1.1016949152542372,122,58,ACACGGTATATGTGCTGTTA,64,49226
TSS_1414_storz_regulondb,0.7758620689655172,101,57,TTGGGGTACTGGTTACATTG,44,51606
TSS_1414_storz_regulondb,0.3793103448275862,78,57,CACCACGACGTTTTAAGCAA,21,6124
TSS_1414_storz_regulondb,0.3333333333333333,74,56,TACAGGCCTGATCTAAAGAT,18,53652
TSS_1414_storz_regulondb,0.40350877192982454,78,56,GAATAGATCAATGCTACTCA,22,50629
TSS_1414_storz_regulondb,0.47368421052631576,82,56,CTGGCGATCGGGCACGTTCT,26,3555
TSS_1414_storz_regulondb,0.14035087719298245,63,56,CGTCAAATTTTCCCAAGTTT,7,75224
TSS_1414_storz_regulondb,0.7368421052631579,97,56,CCCCCATTACTACTTTGGAT,41,34528
TSS_1414_storz_regulondb,0.3157894736842105,73,56,AGTGGTCGTTCGAGGCAGAG,17,10131
TSS_1414_storz_regulondb,1.2105263157894737,124,56,ACGTACACAGAGATGATAGT,68,68768
TSS_1414_storz_regulondb,0.5,82,55,TGGTTCAGGCAACGAGTTGT,27,46633
TSS_1414_storz_regulondb,0.30357142857142855,71,55,TGCCGCCCGCAAGAAGGTAA,16,68769
TSS_1414_storz_regulondb,0.35714285714285715,74,55,TCAGGCGTTCATATGATTGT,19,41812
TSS_1414_storz_regulondb,0.5,82,55,GTTGGATAGCATGACAGTAG,27,79593
TSS_1414_storz_regulondb,0.44642857142857145,79,55,GGGTTCCACAGGCCAGCGTA,24,9074
TSS_1414_storz_regulondb,0.16071428571428573,63,55,GGGTATACACGTCGTCTGGT,8,9172
TSS_1414_storz_regulondb,0.7321428571428571,95,55,GGAAAGTGAAGCCAATTCGT,40,46025
TSS_1414_storz_regulondb,1.0178571428571428,111,55,CTACCATAGCAAGGTACTTA,56,2857
TSS_1414_storz_regulondb,0.9821428571428571,109,55,CAGCCCTCCTGCTTGGAGCA,54,61681
TSS_1414_storz_regulondb,0.30357142857142855,71,55,ATTTTACAGCGAACTGAGCG,16,18121
TSS_1414_storz_regulondb,0.8392857142857143,101,55,ACGTTACAACATGTTTTTCA,46,55596
TSS_1414_storz_regulondb,0.509090909090909,81,54,TTGTTGATAGCCTCAATTTA,27,75635
TSS_1414_storz_regulondb,0.9818181818181818,107,54,TATTCACCCCTGGACACTAC,53,11554
TSS_1414_storz_regulondb,0.7454545454545455,94,54,GGGCATGTCTGATCCTCAGT,40,9779
TSS_1414_storz_regulondb,0.7090909090909091,92,54,CCTAAGGTTTCTGATTGGTG,38,21142
TSS_1414_storz_regulondb,1.6181818181818182,142,54,CAAGTACCCGTCCGAACCTG,88,5663
TSS_1414_storz_regulondb,0.6909090909090909,91,54,ATTTTATGATCTTCGAGCTT,37,42084
TSS_1414_storz_regulondb,0.10909090909090909,59,54,AAATGCTCACAGCGGTCTCA,5,17476
TSS_1414_storz_regulondb,1.0,106,53,TGTCAGCCCCCTGCTGTTCT,53,71485
TSS_1414_storz_regulondb,0.3888888888888889,73,53,TCTAGGTTTACCCGTAGTAC,20,6379
TSS_1414_storz_regulondb,0.25925925925925924,66,53,TCCGTGCCCTTGCGGCATGC,13,64716
TSS_1414_storz_regulondb,0.037037037037037035,54,53,GGTTTAGAGGATTTTATTGA,1,37965
TSS_1414_storz_regulondb,1.4259259259259258,129,53,CGGTACTGGCCGGTTTGTAC,76,72252
TSS_1414_storz_regulondb,1.0740740740740742,110,53,CGGAAGCATGTCGCCTGGAA,57,9777
TSS_1414_storz_regulondb,1.0925925925925926,111,53,AGTGACCCTTGCGGCCAGCT,58,34076
TSS_1414_storz_regulondb,0.3148148148148148,69,53,ACTTTTGAGCACTTAACGCG,16,21911
TSS_1414_storz_regulondb,0.5555555555555556,82,53,ACCGGCAAATGACATCGATA,29,35927
TSS_1414_storz_regulondb,0.6415094339622641,85,52,TCTGGCTTATCTGAATCTGT,33,51531
TSS_1414_storz_regulondb,0.5471698113207547,80,52,TAACGTAACCCTCGAGGCAT,28,11220
TSS_1414_storz_regulondb,0.3584905660377358,70,52,GGAATGGCCCGCGAAAATTA,18,1833
TSS_1414_storz_regulondb,0.8301886792452831,95,52,GCGATCTGCACATACATCGG,43,51486
TSS_1414_storz_regulondb,0.6226415094339622,84,52,CAAGGGATCTGCCCGTGAGA,32,34420
TSS_1414_storz_regulondb,0.7547169811320755,91,52,AAACCGAGTGCTCCGGAGAT,39,61388
TSS_1414_storz_regulondb,0.038461538461538464,52,51,GGGAAGCCTTCAGGTGCGAT,1,2903
TSS_1414_storz_regulondb,2.5961538461538463,185,51,CCGAGGTAACATTTTCGTTA,134,45259
TSS_1414_storz_regulondb,2.1923076923076925,164,51,CAGCCGATCTTGTTCCGCCC,113,9270
TSS_1414_storz_regulondb,2.980769230769231,205,51,ATTAGGCGTAGGCTCCAGAT,154,23566
TSS_1414_storz_regulondb,0.5961538461538461,81,51,ATGTCTGTCCCTGGACGAAG,30,3861
TSS_1414_storz_regulondb,1.6730769230769231,137,51,AGGTCTAGAGCTCGTAGTTT,86,6166
TSS_1414_storz_regulondb,0.6862745098039216,84,50,TGAGTAAGGTTACGATTACT,34,28898
TSS_1414_storz_regulondb,2.392156862745098,171,50,TCTCATACTCGTTGTTCATA,121,51574
TSS_1414_storz_regulondb,3.176470588235294,211,50,TCCCTCACGTGACGCCCGTA,161,50591
TSS_1414_storz_regulondb,0.5882352941176471,79,50,GGTGCGCGGTTCAGGCACCA,29,47647
TSS_1414_storz_regulondb,0.803921568627451,90,50,GGTATCTTAGACAGTCAGAC,40,56916
TSS_1414_storz_regulondb,0.43137254901960786,71,50,CTAACCTGTGATTACGCAGT,21,24806
TSS_1414_storz_regulondb,0.43137254901960786,71,50,CGCGCGTCCGCATGTACTAC,21,17525
TSS_1414_storz_regulondb,0.0392156862745098,51,50,CACTCCCTGTTTGACTCTTT,1,33328
TSS_1414_storz_regulondb,0.8235294117647058,91,50,ACTCCGGCTTCCAGCTATTA,41,2423
TSS_1414_storz_regulondb,2.0,151,50,ACCGGCCGGTAGAGACGAAG,101,30492
TSS_1414_storz_regulondb,2.22,159,49,TGCGTCGGGTCTGTGGATGT,110,12515
TSS_1414_storz_regulondb,0.48,72,49,GACACTCTGACTAAGGGGAC,23,54010
TSS_1414_storz_regulondb,4.04,250,49,CCTTCATGCAAGAATAGGAA,201,27514
TSS_1414_storz_regulondb,1.42,119,49,CAGACAAGTGGAGATGCTTA,70,8049
TSS_1414_storz_regulondb,0.48,72,49,ATTATGCGCGTTGCGACATC,23,50478
TSS_1414_storz_regulondb,2.58,177,49,ATAGGATGCTGAGAGTCAGA,128,8330
TSS_1414_storz_regulondb,1.4,118,49,ATAGCGTCCAGGGACTTGGT,69,70891
TSS_1414_storz_regulondb,0.04,50,49,ACGGTCGGGTCCGGACGGTT,1,23006
TSS_1414_storz_regulondb,0.061224489795918366,50,48,TCGTTGTCGGCAAGGGAGTA,2,42521
TSS_1414_storz_regulondb,0.4489795918367347,69,48,TCAAATACAGTTCGGGGTCT,21,65366
TSS_1414_storz_regulondb,0.8775510204081632,90,48,TATAGAAAGAGTGCGTCTCA,42,21067
TSS_1414_storz_regulondb,0.8367346938775511,88,48,GATAGTTCTGATATCGGGGT,40,80731
TSS_1414_storz_regulondb,1.5714285714285714,124,48,CGCAATGGTTCCGGACAATA,76,12457
TSS_1414_storz_regulondb,0.7959183673469388,86,48,CGATTTATAACCCAGCCGCA,38,77848
TSS_1414_storz_regulondb,1.489795918367347,120,48,CAGTGCAACGCTAAACGTAT,72,19596
TSS_1414_storz_regulondb,1.6734693877551021,129,48,ATGCTTCTACCGACCCGGTT,81,41840
TSS_1414_storz_regulondb,0.9387755102040817,93,48,AACAACGTGCCCTCTGGCTG,45,35149
TSS_1414_storz_regulondb,0.4583333333333333,68,47,TCCGTAAAGGGTGGAGTGCT,21,60100
TSS_1414_storz_regulondb,1.3125,109,47,TCACTCGGCACCCCAGGGCA,62,40491
TSS_1414_storz_regulondb,0.041666666666666664,48,47,GTTAGGGCGCTGAGGGTGCT,1,61521
TSS_1414_storz_regulondb,0.5833333333333334,74,47,GTCCTCGCCAAGACCATCGT,27,37683
TSS_1414_storz_regulondb,0.041666666666666664,48,47,GGAGAACTATCGTTCACATG,1,78194
TSS_1414_storz_regulondb,1.1458333333333333,101,47,GCCACGTGGGTTCATAGAAG,54,58364
TSS_1414_storz_regulondb,0.9583333333333334,92,47,GATGCGACCGGATCGTATGT,45,5030
TSS_1414_storz_regulondb,1.1875,103,47,CTTGGTACTAGATGGAGGTG,56,39042
TSS_1414_storz_regulondb,1.4375,115,47,CGCAGCCTAAGTTCCCACCT,68,61850
TSS_1414_storz_regulondb,2.875,184,47,CGATGGCATAGGTCGTCTTA,137,5272
TSS_1414_storz_regulondb,0.375,64,47,CCTCATATCGCTACTTGTGC,17,24196
TSS_1414_storz_regulondb,0.875,88,47,CCCCCAGGATGGGGCCAAAC,41,20192
TSS_1414_storz_regulondb,0.8333333333333334,86,47,ATGTACACGAGGCCGAAGTG,39,5244
TSS_1414_storz_regulondb,0.5833333333333334,74,47,ATATACGCCCTCAAGGAAAA,27,55595
TSS_1414_storz_regulondb,1.2708333333333333,107,47,ACGTCGGCCGTAGTTCAAAT,60,26486
TSS_1414_storz_regulondb,0.14583333333333334,53,47,ACGCTATCAGCGGTAAAGTA,6,1415
TSS_1414_storz_regulondb,0.46808510638297873,67,46,TCAAATAGCCGCCGAATTAT,21,34305
TSS_1414_storz_regulondb,0.0425531914893617,47,46,TATTACGGTCGATTGGCAGT,1,230
TSS_1414_storz_regulondb,0.7872340425531915,82,46,TAGGTCCCACTCAATCCTGG,36,26989
TSS_1414_storz_regulondb,0.0425531914893617,47,46,GGAACAGCGAACTAGAGGTT,1,13314
TSS_1414_storz_regulondb,2.1702127659574466,147,46,GACATTTCGATTGTCGTTAT,101,55813
TSS_1414_storz_regulondb,1.0212765957446808,93,46,CTCGTTACCACATGATCATG,47,72217
TSS_1414_storz_regulondb,1.2553191489361701,104,46,CCAACCTTTGCCGTTTGGAT,58,24734
TSS_1414_storz_regulondb,0.0425531914893617,47,46,CCAAAGGGCTGCTATAACTA,1,39444
TSS_1414_storz_regulondb,0.5531914893617021,71,46,CATCTCGTCTTATAGTGTAA,25,47637
TSS_1414_storz_regulondb,0.9787234042553191,91,46,ATCTCCCTTATAGGGGGAAG,45,12277
TSS_1414_storz_regulondb,0.0425531914893617,47,46,AGTCTATTTCGGTAGTCGAG,1,72168
TSS_1414_storz_regulondb,0.5106382978723404,69,46,AGCATGAATGTCGTGCCGTT,23,72654
TSS_1414_storz_regulondb,0.6808510638297872,77,46,AAGTCTATTTCACGCTGTTG,31,7744
TSS_1414_storz_regulondb,0.1276595744680851,51,46,AAGTAGCGGAAGGCAATCCA,5,52793
TSS_1414_storz_regulondb,0.5319148936170213,70,46,AAGGCTAAAGCATAGGACGC,24,24805
TSS_1414_storz_regulondb,0.48936170212765956,68,46,AAATAACCACGCAATCAATC,22,4262
TSS_1414_storz_regulondb,0.6808510638297872,77,46,AAAGACGGTTAGTAGTCCAT,31,58086
TSS_1414_storz_regulondb,1.5106382978723405,116,46,AAAAAGTGGTTCAGACCCAA,70,53526
TSS_1414_storz_regulondb,0.43478260869565216,64,45,TCTATCATAGTGCAGCACGT,19,9886
TSS_1414_storz_regulondb,1.1956521739130435,99,45,TATGAGTTTCAACAGAGTCA,54,77420
TSS_1414_storz_regulondb,1.934782608695652,133,45,TACGGCAAAGGCCTCGGCCG,88,9790
TSS_1414_storz_regulondb,1.434782608695652,110,45,TACGATGCTGCTTTATTCTG,65,11906
TSS_1414_storz_regulondb,1.6521739130434783,120,45,GTGTCAATATTATTCACCTA,75,16637
TSS_1414_storz_regulondb,3.8043478260869565,219,45,GTGCACCCAACCTGCCGGTA,174,16977
TSS_1414_storz_regulondb,0.45652173913043476,65,45,GTCCGGATTCAACAGCCGTG,20,47461
TSS_1414_storz_regulondb,0.7608695652173914,79,45,GTAAAATAAAGGAGCCGCGA,34,22416
TSS_1414_storz_regulondb,0.5869565217391305,71,45,GACTGTCGGAGGCTGGTGTT,26,21267
TSS_1414_storz_regulondb,0.5217391304347826,68,45,CTAGACGAGCAGACCTTTCT,23,21166
TSS_1414_storz_regulondb,1.1304347826086956,96,45,CGTTCAGCATAACCAAGTAA,51,29119
TSS_1414_storz_regulondb,0.6739130434782609,75,45,CCACTGTCCGTTGATAGAAA,30,24062
TSS_1414_storz_regulondb,1.8695652173913044,130,45,CATACCCTACGCCAATCTGA,85,68204
TSS_1414_storz_regulondb,0.6739130434782609,75,45,CAGTACGAGGCCGTATAAGC,30,49610
TSS_1414_storz_regulondb,2.369565217391304,153,45,ATCCGCCAGGACTCTCCTAG,108,17124
TSS_1414_storz_regulondb,1.5434782608695652,115,45,ACCGTTAGCATTACGTCCGA,70,50926
TSS_1414_storz_regulondb,0.9130434782608695,86,45,ACAGGGGCTATGACAAGAAC,41,37828
TSS_1414_storz_regulondb,0.3695652173913043,61,45,AATTTGTGCCTATTTAGCGT,16,126
TSS_1414_storz_regulondb,0.6956521739130435,76,45,AAGCGAAGTTTTGATAGTAA,31,37912
TSS_1414_storz_regulondb,0.06666666666666667,46,44,TGTGTAGCCCTAGGGATTGT,2,26987
TSS_1414_storz_regulondb,1.3333333333333333,103,44,TATATGTCGGCATACGCGGA,59,74141
TSS_1414_storz_regulondb,0.5333333333333333,67,44,GTTCTAGTGGCCTACTTAGA,23,40299
TSS_1414_storz_regulondb,0.6888888888888889,74,44,GTTCAGCGGGCGAATTACGC,30,17406
TSS_1414_storz_regulondb,1.3777777777777778,105,44,GGGTCCGCGTACTGCAAATG,61,24664
TSS_1414_storz_regulondb,0.6222222222222222,71,44,GCGTTTTAAGTCCCGCGAAG,27,67282
TSS_1414_storz_regulondb,0.4666666666666667,64,44,GCCGAACACGAGGGACGGCT,20,9490
TSS_1414_storz_regulondb,0.8888888888888888,83,44,CTAGGGATAGGACCTGCCCC,39,17226
TSS_1414_storz_regulondb,0.4222222222222222,62,44,CGGAAAAAAGGATTCGCGGT,18,46482
TSS_1414_storz_regulondb,1.5777777777777777,114,44,CCAGTCGGCGAAGGCAGACT,70,63544
TSS_1414_storz_regulondb,0.4666666666666667,64,44,CAGTTCTGGAGACTAATATA,20,43133
TSS_1414_storz_regulondb,0.37777777777777777,60,44,ATATGAGCCACGCCGAGCAA,16,24160
TSS_1414_storz_regulondb,0.8444444444444444,81,44,AGCCTTCCGTTCATACCCAA,37,59584
TSS_1414_storz_regulondb,0.3111111111111111,57,44,AGATAGTTCAAGTTTTATGT,13,32181
TSS_1414_storz_regulondb,2.3555555555555556,149,44,ACGTGAGGTTGCGGGAGTGA,105,63028
TSS_1414_storz_regulondb,1.3555555555555556,104,44,AATGTGCTCGTCGTACTCAG,60,13378
TSS_1414_storz_regulondb,4.8,259,44,AAGGGTAACATCGGCAGCAG,215,5442
TSS_1414_storz_regulondb,1.25,97,43,TTGTTCTTCGTAATGACCTG,54,7483
TSS_1414_storz_regulondb,0.8181818181818182,78,43,TTCCCAGGTTTGTCCGTTCT,35,48712
TSS_1414_storz_regulondb,0.2727272727272727,54,43,TGAGAGCAACGGGATAACCA,11,3804
TSS_1414_storz_regulondb,2.1136363636363638,135,43,TCTTGCGACATCGCCTGCCA,92,74715
TSS_1414_storz_regulondb,0.6590909090909091,71,43,TCCTGTACGAGCTGCTGCTA,28,45733
TSS_1414_storz_regulondb,0.18181818181818182,50,43,TCAGGTTCCTGTTACTGGGA,7,663
TSS_1414_storz_regulondb,0.38636363636363635,59,43,TCAAGCACATAGTTGGCAGG,16,3864
TSS_1414_storz_regulondb,0.8409090909090909,79,43,GTGGAATGTTCGGTTCGTCA,36,4770
TSS_1414_storz_regulondb,0.4090909090909091,60,43,GTCAGCCAGGCAATGTGGAG,17,46022
TSS_1414_storz_regulondb,1.1136363636363635,91,43,GGACCCAAGCGAATCTGCTT,48,9375
TSS_1414_storz_regulondb,0.8181818181818182,78,43,GAAGACGCGCGTGTTGGTGT,35,15050
TSS_1414_storz_regulondb,1.1363636363636365,92,43,CTCCTGCTACTCGCTTTCAC,49,34417
TSS_1414_storz_regulondb,0.045454545454545456,44,43,CCATGGCATCCAACCTGAAC,1,77328
TSS_1414_storz_regulondb,1.4772727272727273,107,43,CAGTTATGCGGCCTGGCGTA,64,28570
TSS_1414_storz_regulondb,0.7272727272727273,74,43,AGGGGAATGGCACTTACGCG,31,36309
TSS_1414_storz_regulondb,0.3181818181818182,56,43,AGCTTTTACCCGGACGGTTT,13,19907
TSS_1414_storz_regulondb,0.5,64,43,AAGTCCCGTAACCGTTCTAA,21,16296
TSS_1414_storz_regulondb,0.25,53,43,AACGCCGTTCACGGCTAGTA,10,21915
TSS_1414_storz_regulondb,0.3023255813953488,54,42,TGGGGCCTCTCGCGCGTATA,12,77313
TSS_1414_storz_regulondb,1.9767441860465116,126,42,TGCATATGGTCTATGTACAA,84,31433
TSS_1414_storz_regulondb,1.0930232558139534,88,42,TCTTGATAACATTTGAACTT,46,60467
TSS_1414_storz_regulondb,0.4186046511627907,59,42,TCTGCGTGAGTTGCGCGAAT,17,33394
TSS_1414_storz_regulondb,0.32558139534883723,55,42,TCGAAGCAATCTCCGGGAGA,13,3897
TSS_1414_storz_regulondb,1.4883720930232558,105,42,TCACGTCTGGACCCGCGGAA,63,31945
TSS_1414_storz_regulondb,0.3953488372093023,58,42,GGGGTGTTTCCGAAGAGTGA,16,58522
TSS_1414_storz_regulondb,1.1395348837209303,90,42,GGCGGGCGCTATTCAATAAT,48,65634
TSS_1414_storz_regulondb,0.046511627906976744,43,42,GACTTAGACGTCACGTGCTT,1,36603
TSS_1414_storz_regulondb,0.06976744186046512,44,42,CTTTTACAGATATCACCTCA,2,33784
TSS_1414_storz_regulondb,0.4418604651162791,60,42,CGTTACCGTTCTCCCTTGCA,18,69233
TSS_1414_storz_regulondb,0.8837209302325582,79,42,CGGCTATAAGAACCCACCGT,37,9024
TSS_1414_storz_regulondb,0.9767441860465116,83,42,CCGCGCGGCAACCCTCCCGT,41,62763
TSS_1414_storz_regulondb,0.37209302325581395,57,42,CCAGTAGCATATTAATCAGC,15,81048
TSS_1414_storz_regulondb,2.511627906976744,149,42,ATGAACAAAGAAAAAGTGCT,107,16840
TSS_1414_storz_regulondb,1.2093023255813953,93,42,AGTGCCCGTTCTGGTGAAAG,51,45925
TSS_1414_storz_regulondb,0.7674418604651163,74,42,AGGGCGCGTAGGCTTCTGAT,32,19010
TSS_1414_storz_regulondb,1.1395348837209303,90,42,ACAATCCAAATGAGCTTCTC,48,18501
TSS_1414_storz_regulondb,0.6666666666666666,68,41,TGGGTAAGCGAAATCTTAAA,27,58132
TSS_1414_storz_regulondb,1.4285714285714286,100,41,TGACGATCAATGCCGGGAAC,59,15063
TSS_1414_storz_regulondb,0.40476190476190477,57,41,TGACCGTGACACCCTGGTTT,16,1959
TSS_1414_storz_regulondb,0.5,61,41,TCTACCGCTACCGTCAATCT,20,1642
TSS_1414_storz_regulondb,2.0238095238095237,125,41,TACGAACTTAGTCTGCGCAA,84,46248
TSS_1414_storz_regulondb,0.047619047619047616,42,41,GTCTAGTGGGGTGGCGAGAA,1,46638
TSS_1414_storz_regulondb,0.5238095238095238,62,41,GTCAGCGGTGCCCAGCATTG,21,76227
TSS_1414_storz_regulondb,0.21428571428571427,49,41,GGTGATAGAATCTCCTCGCA,8,12911
TSS_1414_storz_regulondb,0.35714285714285715,55,41,GGTACTCCAGCCCCTGGATG,14,33383
TSS_1414_storz_regulondb,0.4523809523809524,59,41,GGCAGTGTTTATTTGGGCTT,18,10594
TSS_1414_storz_regulondb,0.11904761904761904,45,41,GGCACAAAACCATGGGGAAA,4,24944
TSS_1414_storz_regulondb,0.8095238095238095,74,41,GCTAGCTGACCTATTGCCTT,33,11855
TSS_1414_storz_regulondb,0.6428571428571429,67,41,GCGCTGCAGGGTCGGTACGA,26,60054
TSS_1414_storz_regulondb,2.8333333333333335,159,41,GAAATGTTGGCTCTTTTCCC,118,4722
TSS_1414_storz_regulondb,1.0476190476190477,84,41,CGTTGCGTTGGGGTCCCCCA,43,80640
TSS_1414_storz_regulondb,1.119047619047619,87,41,CGTTGAACTATATTCATAAA,46,42767
TSS_1414_storz_regulondb,0.42857142857142855,58,41,CGGGAATTGCTTTGCTCAAT,17,70602
TSS_1414_storz_regulondb,1.0,82,41,CGGACCGTCCTGAGCGCCTT,41,27819
TSS_1414_storz_regulondb,0.6428571428571429,67,41,CCTAGTCGTTTTCCGCAGAC,26,30705
TSS_1414_storz_regulondb,1.8333333333333333,117,41,CCGGCAACAAGAACCTGACT,76,26372
TSS_1414_storz_regulondb,1.2857142857142858,94,41,CACTGCAGGGAAGGGCCATA,53,44532
TSS_1414_storz_regulondb,1.2857142857142858,94,41,CAATAGTGCATGTCTACCTT,53,45028
TSS_1414_storz_regulondb,1.0238095238095237,83,41,ATGATGGTTAGACATCCAAT,42,4424
TSS_1414_storz_regulondb,0.6190476190476191,66,41,ATCGACCTGATGATGCGGGG,25,40426
TSS_1414_storz_regulondb,2.357142857142857,139,41,AGTCGAAAAGAGGTACTCCT,98,25823
TSS_1414_storz_regulondb,0.21428571428571427,49,41,AGCTCTTTGAATACCCAAAG,8,75634
TSS_1414_storz_regulondb,0.9285714285714286,79,41,ACTTATATAAGGTCGCCCCA,38,3716
TSS_1414_storz_regulondb,0.7380952380952381,71,41,ACTCAGAAATGTCTCCGGAT,30,17532
TSS_1414_storz_regulondb,0.7380952380952381,71,41,AAGGGAGTGACCTTACTGAA,30,26072
TSS_1414_storz_regulondb,0.8095238095238095,74,41,AACTCAGCTCACTATTAAAT,33,24210
TSS_1414_storz_regulondb,0.8095238095238095,74,41,AAACGGGCCATGACATTCTT,33,32534
TSS_1414_storz_regulondb,0.04878048780487805,41,40,TGTACCGGTGCGCTAATCTC,1,50407
TSS_1414_storz_regulondb,0.04878048780487805,41,40,TGCATTGCTCTAATTGACAG,1,36054
TSS_1414_storz_regulondb,0.6585365853658537,66,40,TGCAGGAGTCGTCGTCGTGT,26,68696
TSS_1414_storz_regulondb,0.975609756097561,79,40,TCTCATCAGGTTCCCTAAAT,39,40009
TSS_1414_storz_regulondb,1.3170731707317074,93,40,TCCACATACGGTCGCTTTAG,53,79035
TSS_1414_storz_regulondb,0.7073170731707317,68,40,TCAACGTGGAATACCGCTTC,28,27364
TSS_1414_storz_regulondb,1.4390243902439024,98,40,GTGGAGAACACCTTAGGTAA,58,59250
TSS_1414_storz_regulondb,0.5121951219512195,60,40,GGGTGTACATGCCGGCACGA,20,51472
TSS_1414_storz_regulondb,1.0975609756097562,84,40,GGCTTTCAAGATTCTTGCAA,44,45037
TSS_1414_storz_regulondb,0.8292682926829268,73,40,GCCGGACAAATCGACACCAC,33,28347
TSS_1414_storz_regulondb,0.926829268292683,77,40,GCACACAAGTCTAGAGCAAC,37,35891
TSS_1414_storz_regulondb,0.5853658536585366,63,40,GATTGGCAATAGTCGCAATT,23,8177
TSS_1414_storz_regulondb,0.6585365853658537,66,40,GACCCCCCTCCGAAATGTGG,26,9648
TSS_1414_storz_regulondb,0.36585365853658536,54,40,GAATGCACAGCGCTATTTGT,14,25316
TSS_1414_storz_regulondb,0.926829268292683,77,40,CTTCTTCGATACAGGGGTGT,37,23346
TSS_1414_storz_regulondb,2.658536585365854,148,40,CTAGCGGAAGGATCTAGGAA,108,29391
TSS_1414_storz_regulondb,0.07317073170731707,42,40,CCAGTCGGCCCTACGGAGCT,2,54248
TSS_1414_storz_regulondb,7.560975609756097,349,40,CAGCGGTCTCGACTTCGTGA,309,56836
TSS_1414_storz_regulondb,0.4878048780487805,59,40,ATTCGGCTGACAATATTATG,19,42446
TSS_1414_storz_regulondb,0.8292682926829268,73,40,ATATATTTCTGGCGGAATAT,33,4154
TSS_1414_storz_regulondb,0.5609756097560976,62,40,ATAGCCGGTATTCAGGGGAT,22,46369
TSS_1414_storz_regulondb,0.5121951219512195,60,40,AGTTCGGCGGCTCCCAGAGG,20,13761
TSS_1414_storz_regulondb,2.2439024390243905,131,40,AGTGGACCTGTCACTATTAA,91,74453
TSS_1414_storz_regulondb,2.073170731707317,124,40,AGGGTTATCGTCTCCACTCA,84,20015
TSS_1414_storz_regulondb,4.7560975609756095,234,40,ACTTGATGAAGTATGGCATT,194,9840
TSS_1414_storz_regulondb,2.3902439024390243,137,40,ACGGCCCCAAAAATAATGGT,97,32348
TSS_1414_storz_regulondb,1.4878048780487805,100,40,ACCCAGGACATAAGCGTGTC,60,9022
TSS_1414_storz_regulondb,0.5,58,39,TTACAGTGAGAGCGCCCGCG,19,19468
TSS_1414_storz_regulondb,1.05,80,39,TTAAGCGGATTCATCCGTTT,41,63807
TSS_1414_storz_regulondb,0.275,49,39,TGAAGTCATCAAAAGACGTT,10,6877
TSS_1414_storz_regulondb,0.05,40,39,TGAACAGTGTATTCTGGTTT,1,49011
TSS_1414_storz_regulondb,0.65,64,39,TATAGGTAACAGGTAAATTG,25,25482
TSS_1414_storz_regulondb,1.425,95,39,TACCGTCGTTTGTCCCGATA,56,36144
TSS_1414_storz_regulondb,0.7,66,39,GTTGTTTACGCTCAGAAGCG,27,8193
TSS_1414_storz_regulondb,0.9,74,39,GTCGTCTTGCGGGTGTTATA,35,65852
TSS_1414_storz_regulondb,0.775,69,39,GTAGTTGAGGATTTAGTTGT,30,4349
TSS_1414_storz_regulondb,0.35,52,39,GGTAATCATACAGCTGGAAT,13,60
TSS_1414_storz_regulondb,1.125,83,39,GGATGAGAAGCCTCCCGGTA,44,55024
TSS_1414_storz_regulondb,25.625,1063,39,GCCGAAGTGCTCATCGACAC,1024,44805
TSS_1414_storz_regulondb,0.875,73,39,GAGTTCTCGTCAATTCCTCC,34,2907
TSS_1414_storz_regulondb,0.35,52,39,GAGCAGAGCGGCATGGATAG,13,48206
TSS_1414_storz_regulondb,0.55,60,39,GAATTGCCGGCTTTGCCGAG,21,7534
TSS_1414_storz_regulondb,0.8,70,39,CGTGAGTAATGAGTAGTTTA,31,15734
TSS_1414_storz_regulondb,0.575,61,39,CATCTGAACGCTGCTAACCA,22,64771
TSS_1414_storz_regulondb,0.625,63,39,CATAGCAGAGGTCCGTACCC,24,3036
TSS_1414_storz_regulondb,0.2,46,39,CAGTAGAATTGTTACGTCCA,7,10249
TSS_1414_storz_regulondb,0.325,51,39,CAGCTTTCCGGCTCTTGGCT,12,51355
TSS_1414_storz_regulondb,1.5,98,39,CAGAGCCGTCCCTCCACCGA,59,719
TSS_1414_storz_regulondb,0.7,66,39,CACGCACTAACTACATTAGG,27,74132
TSS_1414_storz_regulondb,0.55,60,39,ATTTTATCGACAGTCTGCCC,21,43626
TSS_1414_storz_regulondb,0.8,70,39,ATCGATGCTGTTTGGCCTAG,31,3803
TSS_1414_storz_regulondb,0.625,63,39,AGCAACCTTTTCGTTCATCA,24,8100
TSS_1414_storz_regulondb,16.4,694,39,AGAGTTGTATTGGTACAGGT,655,27511
TSS_1414_storz_regulondb,0.05,40,39,ACGCGTACTCAGTGATAAAT,1,35939
TSS_1414_storz_regulondb,0.4,54,39,ACGACCGCAAATGTCAAATG,15,3074
TSS_1414_storz_regulondb,3.075,161,39,ACCAGTTCCCCAATTTGGGT,122,9887
TSS_1414_storz_regulondb,1.675,105,39,ACAGCTTACCGTGTGTCATG,66,38396
TSS_1414_storz_regulondb,0.525,59,39,AACTTTTGCCACGTCTTATT,20,67535
TSS_1414_storz_regulondb,0.8,70,39,AAAGGTGGGTGTCGGGAATT,31,36184
TSS_1414_storz_regulondb,1.9743589743589745,114,38,TTTGACGGCCGAAAGCGTCG,76,53341
TSS_1414_storz_regulondb,0.07692307692307693,40,38,TTGCCGTGTTCTACAGTGTT,2,24802
TSS_1414_storz_regulondb,0.05128205128205128,39,38,TTAGGGGCAGCTAACCATTT,1,39145
TSS_1414_storz_regulondb,1.4102564102564104,92,38,TATCGCCTTGATTTGGGTCA,54,37914
TSS_1414_storz_regulondb,0.6923076923076923,64,38,TAAGTTACGTCGTTCGGATG,26,51350
TSS_1414_storz_regulondb,0.10256410256410256,41,38,TAAAACGTTTGGGACGAATA,3,38576
TSS_1414_storz_regulondb,1.2820512820512822,87,38,GTTGTTAGCGGGGGTTTATT,49,19400
TSS_1414_storz_regulondb,0.5128205128205128,57,38,GTGTCTATAGTCAGTTTATA,19,44500
TSS_1414_storz_regulondb,1.0256410256410255,77,38,GTAAGGTGGCCCGGACACCT,39,10836
TSS_1414_storz_regulondb,1.0512820512820513,78,38,GGGTGGACACGATTCAAATA,40,11997
TSS_1414_storz_regulondb,0.07692307692307693,40,38,GGAAATCCAAATTACATGAT,2,79920
TSS_1414_storz_regulondb,0.358974358974359,51,38,GCTTCCATTTCAGAATCATT,13,1008
TSS_1414_storz_regulondb,0.07692307692307693,40,38,GCGGTTGGGCTAGCCATGTA,2,11363
TSS_1414_storz_regulondb,0.7692307692307693,67,38,GCACGCAAGAGGGATATGAA,29,33046
TSS_1414_storz_regulondb,0.6666666666666666,63,38,GATTATTTTCGCGGGACCGA,25,33379
TSS_1414_storz_regulondb,0.46153846153846156,55,38,CTATCCCAATGTTGGGACGA,17,14357
TSS_1414_storz_regulondb,0.05128205128205128,39,38,CTAAGGCAGGTTCACGAGTC,1,33723
TSS_1414_storz_regulondb,0.6153846153846154,61,38,CGAATTCCATAGTCCAGTGT,23,41894
TSS_1414_storz_regulondb,0.8461538461538461,70,38,CCTTCTTATAAGAGACTCTG,32,58123
TSS_1414_storz_regulondb,6.538461538461538,292,38,CCTATTCACGATATGTTTCT,254,58923
TSS_1414_storz_regulondb,0.6153846153846154,61,38,CCTAGCCACCAAAGGGTGGA,23,19859
TSS_1414_storz_regulondb,0.5641025641025641,59,38,CACTGAGGTGAGCTTCTGTA,21,61772
TSS_1414_storz_regulondb,0.8205128205128205,69,38,ATGGTCAGCCCAGGTTCGAA,31,69367
TSS_1414_storz_regulondb,1.9743589743589745,114,38,ATGCCCCGTCTAATGTCCGT,76,24986
TSS_1414_storz_regulondb,0.07692307692307693,40,38,ATCGAAGGTCCGTCCGTGAA,2,44406
TSS_1414_storz_regulondb,1.1025641025641026,80,38,ATATTCTCTTGTTGCCTACT,42,51034
TSS_1414_storz_regulondb,2.1538461538461537,121,38,ATATTCTACACTCGAAATGT,83,37812
TSS_1414_storz_regulondb,0.358974358974359,51,38,AGGGTCGTCATAATCGGTTA,13,78155
TSS_1414_storz_regulondb,0.6410256410256411,62,38,AGCGGTACGGATTAGGCGTT,24,69125
TSS_1414_storz_regulondb,1.9230769230769231,112,38,AGCCGCCCAAAGATCCTTAG,74,23423
TSS_1414_storz_regulondb,0.6666666666666666,63,38,AGATAACTTTGTGAATGAAT,25,66303
TSS_1414_storz_regulondb,0.868421052631579,69,37,TTATTGACATGATTACCCTA,32,36402
TSS_1414_storz_regulondb,0.6842105263157895,62,37,TTATTCTGGAAAGCCAGAGT,25,48578
TSS_1414_storz_regulondb,0.2894736842105263,47,37,TGGCCAGATGGGATCGGTGT,10,6903
TSS_1414_storz_regulondb,10.18421052631579,423,37,TGGAAGGCGGTTGGTTTTTA,386,26149
TSS_1414_storz_regulondb,2.5,131,37,TGAGCCGCTTAAACGGGTAA,94,77603
TSS_1414_storz_regulondb,0.6842105263157895,62,37,TCTTTTACGAGTCCCAACCA,25,51658
TSS_1414_storz_regulondb,1.131578947368421,79,37,TCTGGGCTAGAGTGTGTTCC,42,74532
TSS_1414_storz_regulondb,0.47368421052631576,54,37,TCATTTCCTTGCATGGGCTC,17,40691
TSS_1414_storz_regulondb,1.7105263157894737,101,37,TAATCAACCTAACCGTCCTC,64,55664
TSS_1414_storz_regulondb,0.05263157894736842,38,37,TAAGGCAGAATGGGCTGCAA,1,38350
TSS_1414_storz_regulondb,0.07894736842105263,39,37,GTCTCTTCCAGGGAGGTCAC,2,10055
TSS_1414_storz_regulondb,1.131578947368421,79,37,GTATTCAGGTATACCGACGT,42,26012
TSS_1414_storz_regulondb,0.13157894736842105,41,37,GTACCCAAGCTATGCTTAGT,4,45432
TSS_1414_storz_regulondb,0.05263157894736842,38,37,GGTAATCACTCACCCAACAG,1,38824
TSS_1414_storz_regulondb,2.9210526315789473,147,37,GGACACCTCTCCGTATGTGA,110,41324
TSS_1414_storz_regulondb,0.7368421052631579,64,37,CTTACCGAGAGTAATACTTT,27,65919
TSS_1414_storz_regulondb,0.8947368421052632,70,37,CTGTGATAGATTAAATCTTG,33,47785
TSS_1414_storz_regulondb,0.7105263157894737,63,37,CTCGTCTATATAGCGAATGG,26,33327
TSS_1414_storz_regulondb,1.8157894736842106,105,37,CTATAGGATGAAATGTTACT,68,44239
TSS_1414_storz_regulondb,1.4210526315789473,90,37,CGTCGCATGCACCCGCGAGT,53,49223
TSS_1414_storz_regulondb,0.42105263157894735,52,37,CGTCATAGGGCATCGCGTCT,15,7754
TSS_1414_storz_regulondb,0.6052631578947368,59,37,CGAGAGACTACCGATCGCCT,22,32109
TSS_1414_storz_regulondb,0.05263157894736842,38,37,CCGTAGAGAAAGATGTGTGC,1,80706
TSS_1414_storz_regulondb,0.4473684210526316,53,37,CAGTAAGGTTCAAAATGAGG,16,60700
TSS_1414_storz_regulondb,1.631578947368421,98,37,CACGAGCGAGACGCCACGAT,61,52183
TSS_1414_storz_regulondb,0.6052631578947368,59,37,CAACCCCCTGTTCTACTGCT,22,20355
TSS_1414_storz_regulondb,0.7631578947368421,65,37,ATTTTAGACGCCTATCCGGG,28,67110
TSS_1414_storz_regulondb,2.1052631578947367,116,37,ATTTGCAAATATAATGTGCA,79,36473
TSS_1414_storz_regulondb,1.4473684210526316,91,37,ATTCATGCCCCCATCTACCA,54,33586
TSS_1414_storz_regulondb,0.15789473684210525,42,37,ATTATTATTAGTTTTTATCA,5,46635
TSS_1414_storz_regulondb,2.5,131,37,ATGTTTTGTACGTTTGGGGA,94,80046
TSS_1414_storz_regulondb,1.4473684210526316,91,37,AGACCAAGGGCCACAACTGC,54,37562
TSS_1414_storz_regulondb,0.07894736842105263,39,37,ACCCGCTTAGACTGGACGCA,2,16788
TSS_1414_storz_regulondb,1.1578947368421053,80,37,AATGCCCAGGGTAGCGTGAA,43,26004
TSS_1414_storz_regulondb,0.4473684210526316,53,37,AATGCATTCTGGTTCGAGAT,16,43254
TSS_1414_storz_regulondb,9.131578947368421,383,37,AATATGTATATTAGTCGCGA,346,5368
TSS_1414_storz_regulondb,0.18421052631578946,43,37,AATATGGCTGATTTTCCAGA,6,32676
TSS_1414_storz_regulondb,0.6052631578947368,59,37,AAATTCCCTGCCCGAGGCTG,22,33669
TSS_1414_storz_regulondb,1.1081081081081081,76,36,TTGGTCGTATGCCACCGTAT,40,25126
TSS_1414_storz_regulondb,1.945945945945946,107,36,TGTCCTATGTTGCTAAACAG,71,54409
TSS_1414_storz_regulondb,0.5405405405405406,55,36,TGAGTCTGGGAGAATCTATG,19,40371
TSS_1414_storz_regulondb,0.35135135135135137,48,36,TCTGCATAATTGTTTCGTAC,12,43970
TSS_1414_storz_regulondb,0.40540540540540543,50,36,TACGACGTGCAACGCCGATT,14,14742
TSS_1414_storz_regulondb,0.4594594594594595,52,36,TACCATTTGGGTGTTCACTT,16,77513
TSS_1414_storz_regulondb,3.135135135135135,151,36,GTCCGACATGTATCCCGGAG,115,28256
TSS_1414_storz_regulondb,0.6486486486486487,59,36,GCCAACCGACGCCGCGCGGA,23,15276
TSS_1414_storz_regulondb,1.162162162162162,78,36,CTGGGTCTTTCTCATTATTT,42,29404
TSS_1414_storz_regulondb,0.9459459459459459,70,36,CTCTGGGTACCTGAAGGCAT,34,49342
TSS_1414_storz_regulondb,2.0,109,36,CTCGGATACCTCCATTATAG,73,7842
TSS_1414_storz_regulondb,1.4594594594594594,89,36,CTACGAATTGGGTAATATAG,53,9889
TSS_1414_storz_regulondb,1.4324324324324325,88,36,CGTTAGACTATGCTATGTAC,52,77842
TSS_1414_storz_regulondb,0.40540540540540543,50,36,CGAACTCGCCAAGTGGCATA,14,45731
TSS_1414_storz_regulondb,0.5675675675675675,56,36,CCTCCCGATACCCGAATATG,20,59664
TSS_1414_storz_regulondb,0.5135135135135135,54,36,CCTACGGGTTCTAATTACGG,18,12280
TSS_1414_storz_regulondb,0.8918918918918919,68,36,CCGCACAATGTGCAGGTGAA,32,29865
TSS_1414_storz_regulondb,1.972972972972973,108,36,CCCCGGTTTGGTAGGACCTT,72,28747
TSS_1414_storz_regulondb,1.4594594594594594,89,36,CCAAGTTCACTCAATCATCC,53,21638
TSS_1414_storz_regulondb,1.4324324324324325,88,36,CATTTTTTGCCCCCTTGGCG,52,2804
TSS_1414_storz_regulondb,0.35135135135135137,48,36,CAGGGAGGAAAAACTAGGCG,12,17021
TSS_1414_storz_regulondb,0.5135135135135135,54,36,CAGCCGATGCTCCGGACTTT,18,5677
TSS_1414_storz_regulondb,1.2162162162162162,80,36,CACTCGACGGTCACGAAGTT,44,59766
TSS_1414_storz_regulondb,0.05405405405405406,37,36,ACGGTCACATTGTCACAGAT,1,71685
TSS_1414_storz_regulondb,0.6756756756756757,60,36,ACGAACATCTTTCCAGTCTT,24,9503
TSS_1414_storz_regulondb,0.8918918918918919,68,36,ACCGATTTGCTGGTCAAGGT,32,1271
TSS_1414_storz_regulondb,1.4054054054054055,87,36,ACAGTGCCACCGGGCGAATA,51,57007
TSS_1414_storz_regulondb,0.4864864864864865,53,36,AATCACCGTTGGGTCCCGAT,17,55719
TSS_1414_storz_regulondb,1.3243243243243243,84,36,AATATATGTTGTACCTCAGC,48,65731
TSS_1414_storz_regulondb,0.35135135135135137,48,36,AAGGGGGCGCCATATGGTCA,12,42661
TSS_1414_storz_regulondb,1.9166666666666667,103,35,TTTATTCACCTTTATGCCCT,68,35388
TSS_1414_storz_regulondb,0.8611111111111112,65,35,TGCCGCTCCCTGCAAGGCCT,30,55530
TSS_1414_storz_regulondb,0.05555555555555555,36,35,TCGTTGGTGCCTACTTTGGA,1,68263
TSS_1414_storz_regulondb,1.3055555555555556,81,35,TCGATACCTCGTGCAATCGT,46,19120
TSS_1414_storz_regulondb,1.3055555555555556,81,35,TCCTGGACGTAATGAGACTT,46,13703
TSS_1414_storz_regulondb,0.1388888888888889,39,35,TCCCCATTAGGATGGTCAAC,4,31825
TSS_1414_storz_regulondb,0.6111111111111112,56,35,TCAATATAACGCGGTGGGCA,21,21305
TSS_1414_storz_regulondb,1.6666666666666667,94,35,TAGGCTTGACCAGACAGCGT,59,61389
TSS_1414_storz_regulondb,0.4722222222222222,51,35,TAGACGTGAGGGCTGTGCTA,16,49124
TSS_1414_storz_regulondb,0.08333333333333333,37,35,TAAAAGGTGAGGATTGAACG,2,49193
TSS_1414_storz_regulondb,0.5,52,35,GTTTTTTCCAGGGCGACTTG,17,80661
TSS_1414_storz_regulondb,0.1388888888888889,39,35,GTATTATGGGACCAGGATTA,4,25484
TSS_1414_storz_regulondb,0.9166666666666666,67,35,GGCTAGAGTGTTTCAGGAGG,32,19049
TSS_1414_storz_regulondb,5.027777777777778,215,35,GGCATCACGAAACCTGGACG,180,27319
TSS_1414_storz_regulondb,1.0277777777777777,71,35,GGAACGTTTTCGAGGCAGTG,36,13114
TSS_1414_storz_regulondb,0.05555555555555555,36,35,GCTTTGGGTGAAACCACGCT,1,77512
TSS_1414_storz_regulondb,0.05555555555555555,36,35,GCTTTATGGCGACTAAAACG,1,65921
TSS_1414_storz_regulondb,1.7222222222222223,96,35,GCTAGCACGACTGGGCCAGC,61,34222
TSS_1414_storz_regulondb,1.2777777777777777,80,35,GCCTATTGACCAAGTAGGAT,45,77264
TSS_1414_storz_regulondb,1.8333333333333333,100,35,GCAGCTGCAGTAATTGTCTA,65,14937
TSS_1414_storz_regulondb,0.5833333333333334,55,35,GCAATGCAGAAGACATTTTC,20,75636
TSS_1414_storz_regulondb,0.6388888888888888,57,35,GAGTGTACGTCACTCGCTCA,22,24297
TSS_1414_storz_regulondb,0.8333333333333334,64,35,GAGATCGACAGTGAAGGTAA,29,66419
TSS_1414_storz_regulondb,0.6111111111111112,56,35,GAATTATTAGTGCAGGCCCG,21,27827
TSS_1414_storz_regulondb,0.05555555555555555,36,35,CTTGGAACTCTTGATGTCTG,1,6831
TSS_1414_storz_regulondb,0.5833333333333334,55,35,CTTCGCTGGCATCCGTACCG,20,50313
TSS_1414_storz_regulondb,0.05555555555555555,36,35,CTGCGCAATTTTATATCTAC,1,48841
TSS_1414_storz_regulondb,1.0833333333333333,73,35,CTCCTCTGCGGGAGATATTA,38,24735
TSS_1414_storz_regulondb,0.4444444444444444,50,35,CTATTACTTCTAACTAAGAA,15,48778
TSS_1414_storz_regulondb,0.6111111111111112,56,35,CTAGTAAGTCAGGTGGCTCA,21,44616
TSS_1414_storz_regulondb,0.05555555555555555,36,35,CGGGGAAGGTGGCCAGGGGA,1,38752
TSS_1414_storz_regulondb,2.1944444444444446,113,35,CGCTTTACATGTAGGCCCCT,78,2948
TSS_1414_storz_regulondb,0.05555555555555555,36,35,CGATTATCTCGCCATTTTTG,1,4790
TSS_1414_storz_regulondb,0.05555555555555555,36,35,CCTTTCGATTACGTACCATG,1,1619
TSS_1414_storz_regulondb,2.5,124,35,CCTCACCCGCACGCGAGTGT,89,39679
TSS_1414_storz_regulondb,0.6944444444444444,59,35,CCGATCGGTCGCCGCTGAAC,24,48370
TSS_1414_storz_regulondb,0.3611111111111111,47,35,CCGAGGGTTCCAGTGGTGGT,12,43778
TSS_1414_storz_regulondb,0.9722222222222222,69,35,CCATGACAGCCTCCGACGAT,34,18081
TSS_1414_storz_regulondb,0.6388888888888888,57,35,CATCACATGTATTGTGTGCC,22,38765
TSS_1414_storz_regulondb,2.111111111111111,110,35,CACGTTGACTCTTCGGCTTA,75,63825
TSS_1414_storz_regulondb,2.8055555555555554,135,35,CACGCCCCCTTACGCGGCCA,100,43124
TSS_1414_storz_regulondb,1.1111111111111112,74,35,CAATTTTGCTGATATGCGCA,39,23905
TSS_1414_storz_regulondb,0.6666666666666666,58,35,CAACCCAATTGATATCCACA,23,24438
TSS_1414_storz_regulondb,0.6111111111111112,56,35,CAAACATACGACCCGGCCTA,21,34249
TSS_1414_storz_regulondb,0.6944444444444444,59,35,AGGATGTCCAAATCTTTTGA,24,78739
TSS_1414_storz_regulondb,0.05555555555555555,36,35,AGAATATTTACTACGCACGA,1,65202
TSS_1414_storz_regulondb,1.6388888888888888,93,35,ACCTGAGTAGTCCACTGTCC,58,17792
TSS_1414_storz_regulondb,0.6944444444444444,59,35,AAGTACTCGTCGTAGCTTAA,24,30334
TSS_1414_storz_regulondb,0.2777777777777778,44,35,AAGCCTTACCTATTGAGGTG,9,8946
TSS_1414_storz_regulondb,0.6388888888888888,57,35,AAAAACTCAGTCAAGAGGTA,22,49343
TSS_1414_storz_regulondb,2.2857142857142856,113,34,TTTAGGTTAATGGCGGGGCA,79,35661
TSS_1414_storz_regulondb,0.8,61,34,TTTAAACTTGGTACGATATA,27,64353
TSS_1414_storz_regulondb,10.914285714285715,415,34,TTCTTCACCGGTTTGTCATG,381,68532
TSS_1414_storz_regulondb,0.9142857142857143,65,34,TGTCCGACATTCGTCATGGA,31,63576
TSS_1414_storz_regulondb,0.8285714285714286,62,34,TGGGGCTTAAAAATGATGAG,28,32229
TSS_1414_storz_regulondb,0.6,54,34,TCCATTCCCTGTAGACACCT,20,273
TSS_1414_storz_regulondb,0.05714285714285714,35,34,TAGCTTTGCAACCTCAAGGA,1,11642
TSS_1414_storz_regulondb,0.7428571428571429,59,34,TACGATAGGCTGCAAAATGA,25,21702
TSS_1414_storz_regulondb,0.4,47,34,TAATTGCTTACGTCTCTCCC,13,63442
TSS_1414_storz_regulondb,0.05714285714285714,35,34,TAATATAGTCTCAGAGCGGT,1,33790
TSS_1414_storz_regulondb,2.2,110,34,GTTCTTACCTAAGATGTATT,76,17172
TSS_1414_storz_regulondb,2.4857142857142858,120,34,GGTGGGACCCTCTGTGGTCC,86,31496
TSS_1414_storz_regulondb,1.3142857142857143,79,34,GGTGCTAGAGTCTGCTTCCT,45,2425
TSS_1414_storz_regulondb,3.0,138,34,GGGTTCCGAAATCATGCCCA,104,56132
TSS_1414_storz_regulondb,0.2571428571428571,42,34,GGAGCCAAACATGGCCTCTT,8,52257
TSS_1414_storz_regulondb,0.2571428571428571,42,34,GCTGTGGATCGGTATCAAAA,8,25098
TSS_1414_storz_regulondb,0.9714285714285714,67,34,GCATACTTTTAGAGTCTTAA,33,31294
TSS_1414_storz_regulondb,0.05714285714285714,35,34,GCACGCGAGCGCCCCACGCT,1,51855
TSS_1414_storz_regulondb,1.8857142857142857,99,34,GACTAAGAATCTATAAGGAT,65,65917
TSS_1414_storz_regulondb,1.8571428571428572,98,34,CTCCGAACGGTATGTTGATT,64,79709
TSS_1414_storz_regulondb,3.1714285714285713,144,34,CGTGTGGTTATGAAAAGGGT,110,5450
TSS_1414_storz_regulondb,0.37142857142857144,46,34,CGAACGGCGTATGCCCGGCA,12,26735
TSS_1414_storz_regulondb,0.7428571428571429,59,34,CCTCGTCCGGTACTCTGAGA,25,10385
TSS_1414_storz_regulondb,1.3714285714285714,81,34,CCATTCACCGTAATGTTTAA,47,39250
TSS_1414_storz_regulondb,9.17142857142857,354,34,CAGGACATCTCGGAGTGTTG,320,44811
TSS_1414_storz_regulondb,0.8571428571428571,63,34,CACGTAAAGTGCGATACGTA,29,78938
TSS_1414_storz_regulondb,1.2571428571428571,77,34,ATTTGACTAAATTCCTTATA,43,66661
TSS_1414_storz_regulondb,1.1428571428571428,73,34,ATAGGCACCTATTTTATCTA,39,4423
TSS_1414_storz_regulondb,1.4285714285714286,83,34,AGGTCTAATTGAAACATGTT,49,28045
TSS_1414_storz_regulondb,0.8857142857142857,64,34,AGCAAACCTGGTGCTGGCCT,30,16642
TSS_1414_storz_regulondb,0.7714285714285715,60,34,AGAGCCCTGACCGAAGTGGC,26,23048
TSS_1414_storz_regulondb,0.7428571428571429,59,34,ACCTGTGGGGTTCTTCACAA,25,80299
TSS_1414_storz_regulondb,0.08571428571428572,36,34,AATCATCTGTTCTCCGCTAT,2,6523
TSS_1414_storz_regulondb,0.8857142857142857,64,34,AACGCTTCTGATCAAATACC,30,58295
TSS_1414_storz_regulondb,0.6285714285714286,55,34,AAATTGTGTTTCGTGAGGGA,21,75193
TSS_1414_storz_regulondb,1.8823529411764706,96,33,TTTGTCGTTGAGGATACTTG,63,49842
TSS_1414_storz_regulondb,1.1470588235294117,71,33,TTTGAATCTACATTTTCGAG,38,16936
TSS_1414_storz_regulondb,0.9411764705882353,64,33,TTTCAGGGCTCCACTACCCT,31,9563
TSS_1414_storz_regulondb,0.058823529411764705,34,33,TTTAGTCGGTAGAAGCGACT,1,22199
TSS_1414_storz_regulondb,1.6764705882352942,89,33,TTGAGGTCGCCAGCGCACTC,56,34902
TSS_1414_storz_regulondb,0.058823529411764705,34,33,TGTGGTTATGCACGAGACAC,1,47562
TSS_1414_storz_regulondb,0.7352941176470589,57,33,TGTCCATTCCACAAATAATA,24,530
TSS_1414_storz_regulondb,1.3823529411764706,79,33,TGAGCGGGGGATACGCTATA,46,39613
TSS_1414_storz_regulondb,1.2352941176470589,74,33,TCTCGTACCTGCAACGAGCA,41,22170
TSS_1414_storz_regulondb,1.6764705882352942,89,33,TCGAACGGAGAAGAACTATT,56,37641
TSS_1414_storz_regulondb,0.7352941176470589,57,33,TCCCCTCTTGTAGTCTGGTT,24,28039
TSS_1414_storz_regulondb,3.8529411764705883,163,33,TAGAATCCGCCTTAGCCTCA,130,40427
TSS_1414_storz_regulondb,1.5,83,33,GTTTTTTTTTGAGAGCTATG,50,29542
TSS_1414_storz_regulondb,2.735294117647059,125,33,GTTAACTAAATCGGGCTTGG,92,40523
TSS_1414_storz_regulondb,0.058823529411764705,34,33,GGCTCCGTACGGGACGGGGT,1,9567
TSS_1414_storz_regulondb,0.08823529411764706,35,33,GGCAGAAAAGCACCTAGACG,2,59749
TSS_1414_storz_regulondb,0.6470588235294118,54,33,GGATCGGCCCGTCAGATTAT,21,11314
TSS_1414_storz_regulondb,4.794117647058823,195,33,GCGTCTTGGGTGCACCGGCC,162,8294
TSS_1414_storz_regulondb,0.058823529411764705,34,33,GCGTATTCGTTCGAATTCTG,1,28616
TSS_1414_storz_regulondb,0.5588235294117647,51,33,GCGAGGCACAACGACTGACA,18,18096
TSS_1414_storz_regulondb,2.8823529411764706,130,33,GCCTACCTCAATAGGTAGTC,97,11776
TSS_1414_storz_regulondb,0.7647058823529411,58,33,GACCTAACCAGGAATGCCAC,25,43838
TSS_1414_storz_regulondb,0.5,49,33,CTTGTCGTCCCTAACGGAAG,16,23565
TSS_1414_storz_regulondb,1.2058823529411764,73,33,CTTGGAACGCAGACATGGGT,40,33413
TSS_1414_storz_regulondb,0.6764705882352942,55,33,CTCCTCAAGTGGATGAGGGT,22,10607
TSS_1414_storz_regulondb,0.38235294117647056,45,33,CGTCCGAGCGATCGAAAAGG,12,38565
TSS_1414_storz_regulondb,0.47058823529411764,48,33,CGCTCACATGTGGGGGCTCA,15,36964
TSS_1414_storz_regulondb,1.1764705882352942,72,33,CGATACGATTCGGCCCTCGA,39,5792
TSS_1414_storz_regulondb,0.5,49,33,CGAGGCTCAACGTTATTCCA,16,73723
TSS_1414_storz_regulondb,1.088235294117647,69,33,CCGCACTGGATATCGTTTGA,36,39654
TSS_1414_storz_regulondb,8.647058823529411,326,33,CCCGCTTTTTTACCGAAAGA,293,47729
TSS_1414_storz_regulondb,0.6764705882352942,55,33,CCCCTGTTGTGGAAGCCATA,22,39054
TSS_1414_storz_regulondb,2.2941176470588234,110,33,CCCAGTGAGCGGGTGACAAA,77,20545
TSS_1414_storz_regulondb,0.20588235294117646,39,33,ATGAAGTAGTGGCGAGACCA,6,43071
TSS_1414_storz_regulondb,2.0588235294117645,102,33,ATCTGAAGGACTTCCCCCCA,69,14200
TSS_1414_storz_regulondb,0.5,49,33,AGCTGTCCGTATCAATCCTA,16,17763
TSS_1414_storz_regulondb,1.6176470588235294,87,33,AGCTCTTGTGGTCATCGGAA,54,56711
TSS_1414_storz_regulondb,1.7058823529411764,90,33,AGATTGTTAGGCCTACAGGA,57,30928
TSS_1414_storz_regulondb,0.6470588235294118,54,33,ACTTCCCTAACCCTCAACTG,21,3865
TSS_1414_storz_regulondb,1.3823529411764706,79,33,ACTTAATAGTTCACCTGAGT,46,20603
TSS_1414_storz_regulondb,1.2647058823529411,75,33,ACTCACCTTTGCTCAGGATC,42,52065
TSS_1414_storz_regulondb,0.35294117647058826,44,33,ACGTCTCGATCCGAAGTTTT,11,64875
TSS_1414_storz_regulondb,0.14705882352941177,37,33,ACCACGTCGTCTCACCAATA,4,57081
TSS_1414_storz_regulondb,0.058823529411764705,34,33,ACACAAAGCCGTATCTGAGT,1,53714
TSS_1414_storz_regulondb,0.058823529411764705,34,33,AATTGCTCGGCTTTGGCAGA,1,47572
TSS_1414_storz_regulondb,0.8235294117647058,60,33,AATCGTGTTCAGCTATTTGC,27,36008
TSS_1414_storz_regulondb,1.0294117647058822,67,33,AATAGAATGGAGTCTCGATC,34,47076
TSS_1414_storz_regulondb,1.4545454545454546,79,32,TTTTAGCATGCGCACCGGGA,47,21844
TSS_1414_storz_regulondb,0.5757575757575758,50,32,TTTACTATATCATGAGGGAA,18,3195
TSS_1414_storz_regulondb,0.6060606060606061,51,32,TTCTCCTATCCGCAGTAAGA,19,80842
TSS_1414_storz_regulondb,1.0606060606060606,66,32,TTCATCGGTTAGGTCTTTTA,34,16638
TSS_1414_storz_regulondb,0.48484848484848486,47,32,TGTTATCATTGTTCAGAAGA,15,1793
TSS_1414_storz_regulondb,0.6060606060606061,51,32,TGTACCTATGTCCCTCACAT,19,23518
TSS_1414_storz_regulondb,1.2424242424242424,72,32,TGGTAATTTCGGTACCGCAA,40,65244
TSS_1414_storz_regulondb,0.45454545454545453,46,32,TGGATGAACCGTGCCGCCTC,14,18706
TSS_1414_storz_regulondb,0.8484848484848485,59,32,TGCGCGTGCGGCCTTTACGT,27,18751
TSS_1414_storz_regulondb,0.9393939393939394,62,32,TGAGATGGCGCGGACGCTGT,30,59478
TSS_1414_storz_regulondb,0.6060606060606061,51,32,TGACCAGACACTCATGGGTC,19,68599
TSS_1414_storz_regulondb,0.06060606060606061,33,32,TGAAAGCATTGGCAGTCGCT,1,50196
TSS_1414_storz_regulondb,1.6363636363636365,85,32,TCTCACATAGGTGCGCACTC,53,16152
TSS_1414_storz_regulondb,0.696969696969697,54,32,TCTACGCTTTACCTGTCATT,22,14578
TSS_1414_storz_regulondb,1.121212121212121,68,32,TCGTGCGTCAGATGGGCCAA,36,61793
TSS_1414_storz_regulondb,1.1515151515151516,69,32,TCCCACCGTCCCGGAGACTC,37,53965
TSS_1414_storz_regulondb,0.8181818181818182,58,32,GTGCTGCATGGGGTACAAGT,26,37655
TSS_1414_storz_regulondb,0.7575757575757576,56,32,GTCGTATCGTTTGTATCTAG,24,62127
TSS_1414_storz_regulondb,0.6666666666666666,53,32,GTCCGGTTGGAAACCGCTCA,21,54229
TSS_1414_storz_regulondb,0.9393939393939394,62,32,GTCCGCTCACAAGCATGTTA,30,62326
TSS_1414_storz_regulondb,1.121212121212121,68,32,GTATACCGCAAAGCAGTCAG,36,45101
TSS_1414_storz_regulondb,1.0606060606060606,66,32,GTATAAGTACGAGACCGCGT,34,65990
TSS_1414_storz_regulondb,1.878787878787879,93,32,GTACTCATTTGCTAAAGTCT,61,39653
TSS_1414_storz_regulondb,2.9696969696969697,129,32,GGTCAGTTCGGAGACGAGGT,97,45498
TSS_1414_storz_regulondb,0.21212121212121213,38,32,GGGTCGATACCCCTAATTGA,6,3008
TSS_1414_storz_regulondb,2.121212121212121,101,32,GGGAGGACGAGCTCAAGAGT,69,12961
TSS_1414_storz_regulondb,0.9393939393939394,62,32,GCCGTCGCGCAGCAACGAGG,30,76456
TSS_1414_storz_regulondb,0.7878787878787878,57,32,GCCGAATGCGCTACTGATAG,25,9951
TSS_1414_storz_regulondb,0.9393939393939394,62,32,GCCCAGAGCCTCGGGTTTTG,30,2639
TSS_1414_storz_regulondb,1.0909090909090908,67,32,GATGCAGCGATACAGTACCA,35,2950
TSS_1414_storz_regulondb,1.393939393939394,77,32,GATGAAGGACGCACCGGATG,45,37822
TSS_1414_storz_regulondb,1.7272727272727273,88,32,GAGTCCTGAGCGATGGGAAA,56,19200
TSS_1414_storz_regulondb,0.3333333333333333,42,32,GACCGGCCGCGGACGCGTTA,10,48635
TSS_1414_storz_regulondb,0.8787878787878788,60,32,GAATTCGTAATGAGGTTTAA,28,8178
TSS_1414_storz_regulondb,0.8484848484848485,59,32,GAACCTCGCTGTAAGATATA,27,34769
TSS_1414_storz_regulondb,0.2727272727272727,40,32,CTGGTTCCAGTTAACCGTAA,8,10599
TSS_1414_storz_regulondb,5.575757575757576,215,32,CTCTTTCTCCTGGCTTACCT,183,48318
TSS_1414_storz_regulondb,1.4848484848484849,80,32,CTCAAGATTTAGGTGTTAAA,48,57958
TSS_1414_storz_regulondb,0.8787878787878788,60,32,CTAGATTACCCCGTCCTGCA,28,45957
TSS_1414_storz_regulondb,0.5757575757575758,50,32,CTACTTTTTCCCGATCTACA,18,52936
TSS_1414_storz_regulondb,1.121212121212121,68,32,CTAATCGTGGTGGGCAACGT,36,17071
TSS_1414_storz_regulondb,1.0303030303030303,65,32,CCTGTTGTATGTATAATCGT,33,50252
TSS_1414_storz_regulondb,1.0909090909090908,67,32,CCGTTCGACGATCTGGCTTT,35,78987
TSS_1414_storz_regulondb,0.9393939393939394,62,32,CCCGAAGAGTCTAGCCAATC,30,1267
TSS_1414_storz_regulondb,1.2727272727272727,73,32,CCCAAGGATAATGCGAGAGC,41,67781
TSS_1414_storz_regulondb,2.8181818181818183,124,32,CCACTAATAATCGGCCCAAA,92,1962
TSS_1414_storz_regulondb,0.48484848484848486,47,32,CCAAGTTACGGCCGAAAATT,15,48736
TSS_1414_storz_regulondb,0.696969696969697,54,32,CATTCCGCGACCGGATACGC,22,32931
TSS_1414_storz_regulondb,2.3636363636363638,109,32,CACTTTGCGGACGATAGTTA,77,37916
TSS_1414_storz_regulondb,1.0303030303030303,65,32,CAAGTGTGCACGGACGAGCA,33,16428
TSS_1414_storz_regulondb,1.0,64,32,CAAATTCCGAAATCTTGTGA,32,62338
TSS_1414_storz_regulondb,1.4848484848484849,80,32,ATGTCTAGGGTTCAGTACTG,48,68698
TSS_1414_storz_regulondb,0.45454545454545453,46,32,ATGTCGCAACGCATGTTCGA,14,25423
TSS_1414_storz_regulondb,0.42424242424242425,45,32,ATGGTGAACGTTGCGGGCAT,13,33927
TSS_1414_storz_regulondb,1.0,64,32,ATGCCTCGACGCGATTGCCA,32,32537
TSS_1414_storz_regulondb,1.3333333333333333,75,32,ATATGTAGCGGTAGGCATGT,43,29811
TSS_1414_storz_regulondb,1.3333333333333333,75,32,AGGGTTTGTCAAGGATAGTA,43,50964
TSS_1414_storz_regulondb,0.06060606060606061,33,32,AGCAGACTCTGGGCATCGCT,1,42809
TSS_1414_storz_regulondb,1.0,64,32,AGAGCTTTGCGCTTTGTCTG,32,70888
TSS_1414_storz_regulondb,1.0606060606060606,66,32,ACTTGTGTCGGCTCCTGGTC,34,46484
TSS_1414_storz_regulondb,2.1515151515151514,102,32,ACTCTGCTCAACAATACATT,70,78232
TSS_1414_storz_regulondb,1.4545454545454546,79,32,ACGCTTTGAGATACTTTCAG,47,47848
TSS_1414_storz_regulondb,0.6060606060606061,51,32,AAGCGCCGAGGGTAGTATTT,19,40944
TSS_1414_storz_regulondb,0.7272727272727273,55,32,AAGCCCCATCCTCAGAGGGG,23,30974
TSS_1414_storz_regulondb,1.696969696969697,87,32,AACTCTTACGGTAGATACGA,55,7121
TSS_1414_storz_regulondb,2.5454545454545454,115,32,AACTCGGACAAGTAGTGCTC,83,26158
TSS_1414_storz_regulondb,0.6363636363636364,52,32,AACTAAAAGTGGCGACTATG,20,73076
TSS_1414_storz_regulondb,2.393939393939394,110,32,AACGCTTTTGGTCAGGATCA,78,52591
TSS_1414_storz_regulondb,1.9375,92,31,TTTGTGTTTCTGACAGCAGC,61,50950
TSS_1414_storz_regulondb,1.1875,68,31,TTCGGCGCGAAGAGCAGTCT,37,60185
TSS_1414_storz_regulondb,0.625,50,31,TTCCGGATTTTCACTACGTG,19,19304
TSS_1414_storz_regulondb,1.0,62,31,TTACGATTCAACTAACTTGA,31,1961
TSS_1414_storz_regulondb,1.125,66,31,TGTGCGGTCAGGCCTTTCAG,35,3805
TSS_1414_storz_regulondb,4.1875,164,31,TGGATGTGTTCATAGCAACA,133,31241
TSS_1414_storz_regulondb,0.28125,39,31,TGCAGGCTGTTCGGTCGAAG,8,26849
TSS_1414_storz_regulondb,0.40625,43,31,TGAGCGACCCCTGCGGAACA,12,34245
TSS_1414_storz_regulondb,0.96875,61,31,TCCGCGCGTTGTTTGACCGT,30,60478
TSS_1414_storz_regulondb,0.6875,52,31,TCCCGGCCTTGACTTTCCTC,21,46238
TSS_1414_storz_regulondb,0.0625,32,31,TCATCATCTCTTCGGTGCGA,1,37731
TSS_1414_storz_regulondb,0.0625,32,31,TCAGATGATCTTTGACCGGT,1,69090
TSS_1414_storz_regulondb,1.8125,88,31,TATTGTAGGGGCAACACTGT,57,27817
TSS_1414_storz_regulondb,7.125,258,31,TAGGGATCGTCACCGGTTAG,227,56835
TSS_1414_storz_regulondb,0.65625,51,31,TAGAGTCTGGTGCTTACGGA,20,78152
TSS_1414_storz_regulondb,0.59375,49,31,TACGGCAACAATCTGAGGGT,18,20488
TSS_1414_storz_regulondb,3.3125,136,31,TAATGTTGTCGTACATATAC,105,9842
TSS_1414_storz_regulondb,1.28125,71,31,GTTTTGACGAGAGACTATTT,40,32983
TSS_1414_storz_regulondb,3.125,130,31,GTTTCTCTTGATACAGAAAA,99,78637
TSS_1414_storz_regulondb,1.03125,63,31,GTCTTAAACGGCCACAGTAA,32,52513
TSS_1414_storz_regulondb,0.8125,56,31,GTATGGCTACTATTGCGATG,25,65525
TSS_1414_storz_regulondb,0.625,50,31,GGCCACCCTTGCGCATGATT,19,39436
TSS_1414_storz_regulondb,0.625,50,31,GGATTCCGGAGTACGTCCTA,19,9178
TSS_1414_storz_regulondb,0.46875,45,31,GGACGCAAATCGACAGCTGG,14,37726
TSS_1414_storz_regulondb,0.96875,61,31,GCTTCTAGGAAGAAACACTC,30,34608
TSS_1414_storz_regulondb,1.09375,65,31,GAGTTCTGGGCAGCATGCTG,34,14466
TSS_1414_storz_regulondb,0.59375,49,31,GAGTTCCGCGGCAGATACAG,18,19746
TSS_1414_storz_regulondb,0.0625,32,31,GAGGATCGGCTTATACAGTT,1,32509
TSS_1414_storz_regulondb,1.4375,76,31,GAATCTGGATCATCGGCTTT,45,49921
TSS_1414_storz_regulondb,1.65625,83,31,CTTTGCTAACGTCCAGACAA,52,16467
TSS_1414_storz_regulondb,0.40625,43,31,CTTTCATAATTATCAATGGA,12,43230
TSS_1414_storz_regulondb,3.59375,145,31,CTTATGTAATAGCTCGCTAA,114,11858
TSS_1414_storz_regulondb,0.65625,51,31,CTTATCCGACGTGCGCTTAT,20,30559
TSS_1414_storz_regulondb,0.8125,56,31,CTTAGATCTGGATGTCAGTT,25,8893
TSS_1414_storz_regulondb,0.3125,40,31,CTGACCGCCATGCATCTCAG,9,67645
TSS_1414_storz_regulondb,0.46875,45,31,CTCCATTCACGATCCTGCCT,14,26798
TSS_1414_storz_regulondb,0.0625,32,31,CTCAGTGCGGCTCCGCGGTG,1,20360
TSS_1414_storz_regulondb,1.25,70,31,CTAGACTCTCATAAGCTTCG,39,60656
TSS_1414_storz_regulondb,1.53125,79,31,CGGGGTACGGGCCAGGATTT,48,63491
TSS_1414_storz_regulondb,0.625,50,31,CGCCAATCTTAACACGTATG,19,6208
TSS_1414_storz_regulondb,0.71875,53,31,CGAAGATATGATTTGGTTGC,22,39094
TSS_1414_storz_regulondb,0.0625,32,31,CCCTCAAGTGACTGTAATGC,1,62189
TSS_1414_storz_regulondb,0.53125,47,31,CCATATTGCAGTTCCGGCTC,16,23665
TSS_1414_storz_regulondb,0.84375,57,31,CCACTTCACGTAGGCCTGCT,26,48372
TSS_1414_storz_regulondb,3.5,142,31,CCACCCCACCTACCCTCAGG,111,28141
TSS_1414_storz_regulondb,2.15625,99,31,CATTCCAGATCAACCGTCCA,68,7145
TSS_1414_storz_regulondb,0.5,46,31,CATTACATCAGGAAACGGAT,15,8950
TSS_1414_storz_regulondb,0.34375,41,31,CATCTCTGACACCTATTCGT,10,18540
TSS_1414_storz_regulondb,0.96875,61,31,CATCAAAACCGACAGTGGCT,30,9177
TSS_1414_storz_regulondb,1.96875,93,31,CAGTGACCCAGTAAGCGTTT,62,6167
TSS_1414_storz_regulondb,9.34375,329,31,CAGGACCGAGGGGTTAGGGT,298,54768
TSS_1414_storz_regulondb,3.15625,131,31,CACTGCTCATTAATGAATTG,100,8283
TSS_1414_storz_regulondb,0.4375,44,31,ATGTTATCTACGTTTCGTAT,13,32070
TSS_1414_storz_regulondb,0.3125,40,31,ATCATGGCGCAGAACATCCT,9,52258
TSS_1414_storz_regulondb,1.34375,73,31,AGTGGCAGGAATTGAAATTA,42,2207
TSS_1414_storz_regulondb,0.40625,43,31,AGGGTGCCCGCTTCCCGGTT,12,46026
TSS_1414_storz_regulondb,0.71875,53,31,AGCTTGGTCGAGTTATTTGT,22,74759
TSS_1414_storz_regulondb,0.28125,39,31,AGCCGACAGCGACCATATAA,8,55805
TSS_1414_storz_regulondb,0.0625,32,31,AGACAGCATATCTCTTAATA,1,38988
TSS_1414_storz_regulondb,1.1875,68,31,ACTTTGACACACATTGCTCT,37,78109
TSS_1414_storz_regulondb,0.375,42,31,ACCTCGGACGCATAGATGTG,11,22591
TSS_1414_storz_regulondb,0.0625,32,31,ACAATGGGCACTATGATTAG,1,19613
TSS_1414_storz_regulondb,1.064516129032258,62,30,TTTTCGTACGGGTGTGGAGA,32,15837
TSS_1414_storz_regulondb,0.4838709677419355,44,30,TTTTCAGCGGAAACATCTAA,14,64594
TSS_1414_storz_regulondb,0.4838709677419355,44,30,TTTTAGTGTATTGTGAATAT,14,13124
TSS_1414_storz_regulondb,1.8387096774193548,86,30,TTGTCGGCGCTGTTCGTTTT,56,26410
TSS_1414_storz_regulondb,1.1290322580645162,64,30,TTCAAGGCCTATGGGTGGAA,34,19508
TSS_1414_storz_regulondb,1.1935483870967742,66,30,TTATCAACACCCTACTACTG,36,4725
TSS_1414_storz_regulondb,0.06451612903225806,31,30,TGTGGCAGGAGCGATAATGT,1,64688
TSS_1414_storz_regulondb,0.8387096774193549,55,30,TGTCCTTTAATGCGCGCGAG,25,32536
TSS_1414_storz_regulondb,1.5483870967741935,77,30,TGGGGTCCTAGTGGCCATAA,47,54348
TSS_1414_storz_regulondb,0.5161290322580645,45,30,TGGACGAGTCCAGCGGTCCT,15,76111
TSS_1414_storz_regulondb,0.0967741935483871,32,30,TGGAACTGTTCGTTTTCTGG,2,69032
TSS_1414_storz_regulondb,2.2580645161290325,99,30,TGCGACTACTGACGCCTCGC,69,10540
TSS_1414_storz_regulondb,1.8387096774193548,86,30,TGCGAATCACGCCTTCTCTA,56,54280
TSS_1414_storz_regulondb,1.1612903225806452,65,30,TGAAAGCGTCCGCATGCGTA,35,6428
TSS_1414_storz_regulondb,0.1935483870967742,35,30,TCGTCGAGATCTCGGGCAAT,5,11435
TSS_1414_storz_regulondb,0.5483870967741935,46,30,TCCTCTCTTACTGGTTGATG,16,62110
TSS_1414_storz_regulondb,0.5161290322580645,45,30,TATCAGCCGTGACTTCAACC,15,30746
TSS_1414_storz_regulondb,0.9354838709677419,58,30,TAGGCCCCTCAATATGTCAT,28,40261
TSS_1414_storz_regulondb,0.7419354838709677,52,30,TAAGAAGAGAAAGGATTCAT,22,5665
TSS_1414_storz_regulondb,1.7419354838709677,83,30,GTACGTCTTCTTATTATCTT,53,63645
TSS_1414_storz_regulondb,0.06451612903225806,31,30,GGTTGTGTGCCGTGCAGCAT,1,18835
TSS_1414_storz_regulondb,0.06451612903225806,31,30,GGGCCAATTATAGACTCCGC,1,46837
TSS_1414_storz_regulondb,0.06451612903225806,31,30,GGCGGGCAGTGGGCAGGTGT,1,41731
TSS_1414_storz_regulondb,1.2580645161290323,68,30,GGCCAAGTGTAGTCACGCCT,38,32733
TSS_1414_storz_regulondb,0.0967741935483871,32,30,GCTTAGCTAGGGAGGAGAAC,2,47038
TSS_1414_storz_regulondb,0.06451612903225806,31,30,GCGAGGCGTGCATCATTCAA,1,59529
TSS_1414_storz_regulondb,2.4193548387096775,104,30,GCGACGTCTCCGCATGTTAC,74,34751
TSS_1414_storz_regulondb,1.5161290322580645,76,30,GATGTACGTCCGGCACGTCC,46,41838
TSS_1414_storz_regulondb,0.967741935483871,59,30,CTCGTCTACTATTGATAGAT,29,74202
TSS_1414_storz_regulondb,1.7741935483870968,84,30,CTCGTATGCTGTTCGTTTGC,54,50554
TSS_1414_storz_regulondb,0.7419354838709677,52,30,CTCCAAGTGTTTGGGAACTT,22,40010
TSS_1414_storz_regulondb,1.1612903225806452,65,30,CTCATGCTGCACGGTACACC,35,41934
TSS_1414_storz_regulondb,0.6451612903225806,49,30,CTACGTGACGACTGACATAT,19,39724
TSS_1414_storz_regulondb,0.9354838709677419,58,30,CGTCTTATTTACACCCCGTC,28,63642
TSS_1414_storz_regulondb,0.2903225806451613,38,30,CGTATCAGCGATCTGATCAA,8,33305
TSS_1414_storz_regulondb,2.096774193548387,94,30,CCGTGTATCCTAGTCGGGAG,64,29355
TSS_1414_storz_regulondb,1.7419354838709677,83,30,CCCAAGAGCGGAACCAATTT,53,27109
TSS_1414_storz_regulondb,0.5806451612903226,47,30,CATTTTGGGTAAACAGCGGA,17,8475
TSS_1414_storz_regulondb,0.12903225806451613,33,30,CATCAGAATTTTGAACCGTA,3,5183
TSS_1414_storz_regulondb,0.4838709677419355,44,30,CAGCAGGCATTCTCAAGTTT,14,66360
TSS_1414_storz_regulondb,0.8709677419354839,56,30,CAGAGCGCCGGACGAGGTAT,26,67640
TSS_1414_storz_regulondb,1.6129032258064515,79,30,CACTTCATAGGACAGCCTTT,49,62385
TSS_1414_storz_regulondb,0.967741935483871,59,30,CAAGTTACCACCCAAATCGT,29,24292
TSS_1414_storz_regulondb,0.45161290322580644,43,30,ATGTGCACAAAAACATCCCT,13,8826
TSS_1414_storz_regulondb,0.5161290322580645,45,30,ATCGGTGTTCTTTATGGGGG,15,11974
TSS_1414_storz_regulondb,2.225806451612903,98,30,ATCAACAGGGAATGCATAAC,68,17598
TSS_1414_storz_regulondb,1.903225806451613,88,30,ATACTGGTCCTGGCCCGATG,58,55048
TSS_1414_storz_regulondb,0.41935483870967744,42,30,AGTCTAAATAGGGGTGAAGC,12,66996
TSS_1414_storz_regulondb,0.7096774193548387,51,30,AGATATTAGGGGTCCCCCAC,21,23302
TSS_1414_storz_regulondb,0.4838709677419355,44,30,AGAGTTTAGGGACAGACTTG,14,59978
TSS_1414_storz_regulondb,0.9354838709677419,58,30,ACTTTAATAAGCAGTGCATT,28,47992
TSS_1414_storz_regulondb,0.7741935483870968,53,30,ACTTGCTCTATGGTACGCGA,23,36353
TSS_1414_storz_regulondb,1.0,60,30,ACGTGGTCCACGCAGGCCCA,30,44931
TSS_1414_storz_regulondb,0.6129032258064516,48,30,ACGTCTTGCTCTATATGTCT,18,61392
TSS_1414_storz_regulondb,0.12903225806451613,33,30,ACCTCCAGTTAGCACGTTGG,3,17428
TSS_1414_storz_regulondb,2.4516129032258065,105,30,AAGTTAGCGTTCAGAGGTCA,75,65812
TSS_1414_storz_regulondb,1.6774193548387097,81,30,AAATGCCCCAGTAGTATGAG,51,13591
TSS_1414_storz_regulondb,0.6666666666666666,48,29,TTCGGAATGTTAGATGTGGA,19,58673
TSS_1414_storz_regulondb,1.2333333333333334,65,29,TTCGACTTCAAACGGCTTCT,36,54848
TSS_1414_storz_regulondb,0.8333333333333334,53,29,TTATGGGTACGGCTAATTGG,24,38556
TSS_1414_storz_regulondb,1.7,79,29,TTACGCTCGCGTGTGGTGAT,50,67706
TSS_1414_storz_regulondb,0.7333333333333333,50,29,TGGCCTTCGTCTGCATGCTA,21,6574
TSS_1414_storz_regulondb,0.6333333333333333,47,29,TGCAGTCGGGGAGGACAGCA,18,34457
TSS_1414_storz_regulondb,0.4,40,29,TCGGTTAGAGACGCTTAGCC,11,69314
TSS_1414_storz_regulondb,0.8666666666666667,54,29,TCGGCCACGAATCATGAAAG,25,13059
TSS_1414_storz_regulondb,0.06666666666666667,30,29,TCGAGCTTAGCAGATACAAC,1,59031
TSS_1414_storz_regulondb,1.1333333333333333,62,29,TCCGTTACGGTGTTGGGAAA,33,72789
TSS_1414_storz_regulondb,0.5333333333333333,44,29,TCCGAACAAGGACGTCGGTG,15,53958
TSS_1414_storz_regulondb,1.5666666666666667,75,29,TCCAAGCTTCGTACTCGAGG,46,54447
TSS_1414_storz_regulondb,0.43333333333333335,41,29,TCAAGGAGTATGATTTGGGT,12,4971
TSS_1414_storz_regulondb,1.7666666666666666,81,29,TATTACCTGTACGCGTGGTA,52,10470
TSS_1414_storz_regulondb,0.6333333333333333,47,29,TATAATTCGCTATCGTCTAC,18,67376
TSS_1414_storz_regulondb,2.2666666666666666,96,29,TAGCGCCAACGCAATATGGC,67,30482
TSS_1414_storz_regulondb,0.9333333333333333,56,29,GTTAGTATAAACAATCAAGA,27,35485
TSS_1414_storz_regulondb,0.06666666666666667,30,29,GTGGAATGCCTAGCCGGAGG,1,41281
TSS_1414_storz_regulondb,0.5333333333333333,44,29,GTCGTTCTAGTACGAGTGGA,15,34933
TSS_1414_storz_regulondb,1.5333333333333334,74,29,GTCGTCATTTGTAGAGAGGA,45,79874
TSS_1414_storz_regulondb,0.3333333333333333,38,29,GGTTCCGTTGGGCGTAATGC,9,39693
TSS_1414_storz_regulondb,0.7333333333333333,50,29,GGGTAGCTCTTGCAGTCTGA,21,72126
TSS_1414_storz_regulondb,0.5666666666666667,45,29,GGGCCGTTTCCTTTCTCTAT,16,75574
TSS_1414_storz_regulondb,0.8666666666666667,54,29,GGGCACTTGGACGAGTTAAA,25,25140
TSS_1414_storz_regulondb,0.36666666666666664,39,29,GGCGCCTTTGAGGGCCATCT,10,70586
TSS_1414_storz_regulondb,0.1,31,29,GGAGTTCAAGTTCCAGCCTT,2,8185
TSS_1414_storz_regulondb,1.1333333333333333,62,29,GGACGTTATTCGTCCTGATA,33,22758
TSS_1414_storz_regulondb,0.06666666666666667,30,29,GCTAGCGTGGGGTGAGACTT,1,20881
TSS_1414_storz_regulondb,3.1333333333333333,122,29,GCCGGGAAGCAATACTGCGA,93,5452
TSS_1414_storz_regulondb,1.7,79,29,GATGTTTTAGGGCAACGATT,50,49862
TSS_1414_storz_regulondb,0.4,40,29,GATCGGATCACTAGCAGGAT,11,51450
TSS_1414_storz_regulondb,0.16666666666666666,33,29,GATAAGTTTCACCAGTTATT,4,3072
TSS_1414_storz_regulondb,0.3,37,29,GAGCCTCCCGTTTGTCTATT,8,36358
TSS_1414_storz_regulondb,0.5666666666666667,45,29,GACCCCCTCTCTCATTTGTA,16,2151
TSS_1414_storz_regulondb,2.466666666666667,102,29,GACACAGCCTTCCCCGAGAC,73,60852
TSS_1414_storz_regulondb,0.06666666666666667,30,29,CTTGTACGCCGGAGCAAAAT,1,9381
TSS_1414_storz_regulondb,0.8333333333333334,53,29,CTCTGAAAACAACTTATTAG,24,3231
TSS_1414_storz_regulondb,0.06666666666666667,30,29,CTCTAGGCTCGATGTGACAT,1,43668
TSS_1414_storz_regulondb,0.8666666666666667,54,29,CTCGCTCCGACACTTTAGCG,25,60591
TSS_1414_storz_regulondb,2.2,94,29,CTCCTTCGGTAGCAGTCTGT,65,26234
TSS_1414_storz_regulondb,0.06666666666666667,30,29,CTAGTCCGTGAGATGAAGGA,1,52025
TSS_1414_storz_regulondb,0.5333333333333333,44,29,CTACGGCATGGCGAATCTAT,15,18947
TSS_1414_storz_regulondb,3.966666666666667,147,29,CGGCTAGGGGTGATTCACGT,118,79955
TSS_1414_storz_regulondb,0.6,46,29,CGAAGCGGTACCGCGATGAG,17,76381
TSS_1414_storz_regulondb,0.5666666666666667,45,29,CCTGGCGGGTAGCACCAAGT,16,52038
TSS_1414_storz_regulondb,0.06666666666666667,30,29,CCTGAGGGGACGGCACGTCT,1,24665
TSS_1414_storz_regulondb,1.4666666666666666,72,29,CCTCGTTGCTTGTAATGCGT,43,18166
TSS_1414_storz_regulondb,0.06666666666666667,30,29,CCTCCGGGTGTCAAAAATGC,1,53770
TSS_1414_storz_regulondb,1.4666666666666666,72,29,CCGTTGTTTACGAGACTGAG,43,32395
TSS_1414_storz_regulondb,0.9666666666666667,57,29,CCGTGACAGAAGCTCTATAA,28,39385
TSS_1414_storz_regulondb,0.06666666666666667,30,29,CCACGTCTTCGTGCTTTATA,1,55879
TSS_1414_storz_regulondb,0.7333333333333333,50,29,CATTAGCACGTGTCAAAAAG,21,65297
TSS_1414_storz_regulondb,0.6666666666666666,48,29,CATCAAGGGCGCAAGAGCGA,19,22574
TSS_1414_storz_regulondb,1.3333333333333333,68,29,CATATGGCTGATTTAAGTGC,39,70039
TSS_1414_storz_regulondb,0.9,55,29,CATAGATTCCTATCGCGGCT,26,44401
TSS_1414_storz_regulondb,0.5,43,29,CAGGCTGTAGCAGCAAACTG,14,30222
TSS_1414_storz_regulondb,1.9666666666666666,87,29,CACGCCGCGGCCCAATCCTT,58,47879
TSS_1414_storz_regulondb,0.16666666666666666,33,29,CAAGCTCTGCCAATCGCCTT,4,20884
TSS_1414_storz_regulondb,0.06666666666666667,30,29,ATTGGGCACGTTTGACATAT,1,7533
TSS_1414_storz_regulondb,0.7,49,29,ATGTTCGTTAAGTAAATACT,20,29356
TSS_1414_storz_regulondb,0.8,52,29,ATGATTTATCCAGTTCCAAG,23,65853
TSS_1414_storz_regulondb,0.3,37,29,ATATAGTGACTTGCCGTTGT,8,15596
TSS_1414_storz_regulondb,1.9,85,29,AGTTCCTGCCCTGCTACCGT,56,10472
TSS_1414_storz_regulondb,4.566666666666666,165,29,AGTAGCGGCAACCCTTTTCT,136,22709
TSS_1414_storz_regulondb,1.2,64,29,AGGACAAGTGGGCTCAGCTG,35,20801
TSS_1414_storz_regulondb,0.5333333333333333,44,29,AGCTGGTAAGGTTATCGTTA,15,30265
TSS_1414_storz_regulondb,0.9,55,29,ACGCGCGAGTGACATGGTTA,26,44745
TSS_1414_storz_regulondb,0.7666666666666667,51,29,AAGGTGGGTACGGCTGGCAT,22,35574
TSS_1414_storz_regulondb,0.5666666666666667,45,29,AACGGGATCAGCCTACAATT,16,43956
TSS_1414_storz_regulondb,0.5333333333333333,44,29,AACAAATCACGTTTTTCTTC,15,12951
TSS_1414_storz_regulondb,0.5517241379310345,43,28,TTTCATTGAGGGTCGATTAT,15,7859
TSS_1414_storz_regulondb,0.7931034482758621,50,28,TTCTGTTTCATAGGCGAGGC,22,20083
TSS_1414_storz_regulondb,2.5517241379310347,101,28,TTAGGACAGAAATAACCATA,73,35873
TSS_1414_storz_regulondb,1.1379310344827587,60,28,TTACAGGGCGAACACGACAG,32,37959
TSS_1414_storz_regulondb,15.0,462,28,TGTAATTACCTTCACTGGTA,434,5406
TSS_1414_storz_regulondb,1.4137931034482758,68,28,TGCTCGTATAGATAAAGCAA,40,38150
TSS_1414_storz_regulondb,0.06896551724137931,29,28,TGCTACAGTTAGCATGGTAA,1,24234
TSS_1414_storz_regulondb,1.4827586206896552,70,28,TGCAGGGGAGAGGTGATGAC,42,28911
TSS_1414_storz_regulondb,0.9655172413793104,55,28,TGACCGAGCTTCAATCACGA,27,13834
TSS_1414_storz_regulondb,2.2413793103448274,92,28,TCTTTCTGCTACTGAGTCCA,64,49638
TSS_1414_storz_regulondb,0.5517241379310345,43,28,TCTCAGCCGACGCATGGATC,15,46078
TSS_1414_storz_regulondb,2.4827586206896552,99,28,TCCGGTCGCTGTATTCGTTA,71,22104
TSS_1414_storz_regulondb,1.103448275862069,59,28,TCAACAGCGTCGCGTTCCAG,31,20451
TSS_1414_storz_regulondb,0.6551724137931034,46,28,TATGACGCGCGTCCTCCACT,18,72214
TSS_1414_storz_regulondb,2.9655172413793105,113,28,TAGACCCTCCTGTTTAATTA,85,52794
TSS_1414_storz_regulondb,1.103448275862069,59,28,TACTGAACGGTTTTACATGT,31,32580
TSS_1414_storz_regulondb,2.103448275862069,88,28,TACAGTAGTAGAGCATTTTT,60,28040
TSS_1414_storz_regulondb,1.1379310344827587,60,28,GTTTTATTAACTCGCCCGTT,32,58084
TSS_1414_storz_regulondb,1.3793103448275863,67,28,GTTTGCCTATGCTAGGTTCG,39,42810
TSS_1414_storz_regulondb,2.4482758620689653,98,28,GTGTTTTAAACGAGACTTGG,70,2387
TSS_1414_storz_regulondb,1.1379310344827587,60,28,GTGTACTTCTGGACCGCATT,32,79656
TSS_1414_storz_regulondb,0.7586206896551724,49,28,GTGCTAGGGTGCGATCACTA,21,58531
TSS_1414_storz_regulondb,0.06896551724137931,29,28,GTGACAACCTTGTAAACCTG,1,26259
TSS_1414_storz_regulondb,1.103448275862069,59,28,GGTTGCGGCCCAATAGATAC,31,18026
TSS_1414_storz_regulondb,0.06896551724137931,29,28,GGGGCTGCGAAAGTACACAA,1,1963
TSS_1414_storz_regulondb,1.206896551724138,62,28,GGGGATTTCGTGAGGCATGT,34,51984
TSS_1414_storz_regulondb,0.20689655172413793,33,28,GGGATCTCAACACTATAGTA,5,3742
TSS_1414_storz_regulondb,0.6206896551724138,45,28,GGCTTGTGAACCGGTGGAAT,17,43139
TSS_1414_storz_regulondb,0.8620689655172413,52,28,GGCTGAGCGTATGCCAAGCT,24,64004
TSS_1414_storz_regulondb,1.5517241379310345,72,28,GCTCAACTGACGGTTAGTAT,44,16431
TSS_1414_storz_regulondb,0.06896551724137931,29,28,GCGGCCCGTAGTGCTGGGCT,1,59985
TSS_1414_storz_regulondb,2.413793103448276,97,28,GCCTTTCCTGAGCTTTTTAT,69,39089
TSS_1414_storz_regulondb,1.1724137931034482,61,28,GCCGGAAGAGTGCCGAGGGG,33,25225
TSS_1414_storz_regulondb,0.6551724137931034,46,28,GCATGTGTATCGCGATACAA,18,26931
TSS_1414_storz_regulondb,0.5517241379310345,43,28,GCATGTATAGTGGAATGGGG,15,18462
TSS_1414_storz_regulondb,0.4827586206896552,41,28,GCATGCATTTGCTTACCCGT,13,14580
TSS_1414_storz_regulondb,1.6206896551724137,74,28,GCAATCAAACCAGCGACCCT,46,7176
TSS_1414_storz_regulondb,2.0689655172413794,87,28,GATTCGACTGATGGTGCGCG,59,21806
TSS_1414_storz_regulondb,0.4482758620689655,40,28,GATGTTTTAAACAGTTATTG,12,27575
TSS_1414_storz_regulondb,0.27586206896551724,35,28,GAGCATAATATTGTACGCGC,7,61674
TSS_1414_storz_regulondb,0.6896551724137931,47,28,CTTGCAGCCTTACCAGAATA,19,11007
TSS_1414_storz_regulondb,0.7586206896551724,49,28,CTGATTATAAATTATGAGGC,21,1641
TSS_1414_storz_regulondb,0.7931034482758621,50,28,CTCTTGACGACTCTACTGCT,22,18165
TSS_1414_storz_regulondb,1.793103448275862,79,28,CTCCTATAGCTTGGGCTAAT,51,36913
TSS_1414_storz_regulondb,1.4137931034482758,68,28,CTCAATTGTGGAATCCATGA,40,10951
TSS_1414_storz_regulondb,4.206896551724138,149,28,CTACAAGCTCGAGTTCGAAT,121,76074
TSS_1414_storz_regulondb,7.413793103448276,242,28,CGTTCGTTTCCTAACAAGTC,214,7894
TSS_1414_storz_regulondb,0.7586206896551724,49,28,CGCTGGTTGGGTCTCACCCA,21,63288
TSS_1414_storz_regulondb,1.5517241379310345,72,28,CGAACGCAAACATTCGCGTA,44,80924
TSS_1414_storz_regulondb,0.6206896551724138,45,28,CCTATGAATGCGCGCGCTAG,17,59030
TSS_1414_storz_regulondb,0.06896551724137931,29,28,CCGCTAAGTCATGGTCGAAA,1,13727
TSS_1414_storz_regulondb,0.06896551724137931,29,28,CCCTGAAGCAAAGGGGGATC,1,23185
TSS_1414_storz_regulondb,0.13793103448275862,31,28,CCCGTCAGGAGGCTCACCGA,3,15052
TSS_1414_storz_regulondb,0.5172413793103449,42,28,CAGTTGGTGAGTACTCGGAC,14,76568
TSS_1414_storz_regulondb,0.6206896551724138,45,28,ATTCATTTTCTGCCGGGGGT,17,57623
TSS_1414_storz_regulondb,0.896551724137931,53,28,ATTATGTTCCATATTGGGAC,25,8183
TSS_1414_storz_regulondb,1.6896551724137931,76,28,ATGCACGTGGGGGGGATAAT,48,52184
TSS_1414_storz_regulondb,0.3448275862068966,37,28,ATCTAAGTCTTGTCGAGCTG,9,8155
TSS_1414_storz_regulondb,4.241379310344827,150,28,ATCCTCACACGTTACACCGC,122,26419
TSS_1414_storz_regulondb,0.1724137931034483,32,28,ATCCCGGTCTCTACTCAACG,4,12274
TSS_1414_storz_regulondb,2.0344827586206895,86,28,ATACAATCCTGTCATAAATA,58,66171
TSS_1414_storz_regulondb,1.0,56,28,AGTTGGCCTTAGCCATCGCG,28,5848
TSS_1414_storz_regulondb,0.8620689655172413,52,28,AGGTGGGGACCATACTACCG,24,55350
TSS_1414_storz_regulondb,2.1724137931034484,90,28,AGACTGCCATCCGAACTCAA,62,4199
TSS_1414_storz_regulondb,2.1724137931034484,90,28,AGACGAAGACTTGATCCGTG,62,56387
TSS_1414_storz_regulondb,0.5517241379310345,43,28,AGACACTCCTCAGTCAGCGA,15,22003
TSS_1414_storz_regulondb,0.896551724137931,53,28,ACTCTCGACGTTTATCCAAC,25,31836
TSS_1414_storz_regulondb,1.4137931034482758,68,28,ACAATCTCACGTGATAATAT,40,23628
TSS_1414_storz_regulondb,1.8275862068965518,80,28,AAGCTCGCAACCACGCAGCT,52,79529
TSS_1414_storz_regulondb,1.206896551724138,62,28,AAGAACACCGGCTTGTACAG,34,80419
TSS_1414_storz_regulondb,1.103448275862069,59,28,AAACCTATAGGCTATATCTG,31,50921
TSS_1414_storz_regulondb,0.32142857142857145,35,27,TTTAAGACAAATCATACGTG,8,1501
TSS_1414_storz_regulondb,0.42857142857142855,38,27,TTGCCCAATGGAGTGTGAAA,11,23335
TSS_1414_storz_regulondb,2.857142857142857,106,27,TTGACGATCCACGTTGGACT,79,50833
TSS_1414_storz_regulondb,1.1428571428571428,58,27,TTCGTATGCTGGCCGGAGAC,31,66211
TSS_1414_storz_regulondb,2.7857142857142856,104,27,TTATTTATTTATCGAGGCTC,77,30845
TSS_1414_storz_regulondb,1.7142857142857142,74,27,TTATAGATATTTTAAAAGGT,47,23478
TSS_1414_storz_regulondb,2.0,82,27,TTAGAGAAACTTACGCGTCC,55,70480
TSS_1414_storz_regulondb,0.8571428571428571,50,27,TGTGGCTCGATGTTTCAAGC,23,22531
TSS_1414_storz_regulondb,0.07142857142857142,28,27,TGTAGTCAAATTGAATAGAA,1,4721
TSS_1414_storz_regulondb,0.39285714285714285,37,27,TGTACGTCACGGGTACCAAA,10,31544
TSS_1414_storz_regulondb,1.2857142857142858,62,27,TGGTAACCGAATATTAACCA,35,62477
TSS_1414_storz_regulondb,2.25,89,27,TGGGCTGTAAGCACCATTGG,62,70499
TSS_1414_storz_regulondb,0.8928571428571429,51,27,TGGGATTGGAGGCAAATAGA,24,41728
TSS_1414_storz_regulondb,1.2142857142857142,60,27,TGGCTTCCGTGGCGCATGTG,33,9430
TSS_1414_storz_regulondb,0.8571428571428571,50,27,TGGCACATCCTAGTCCGATC,23,3342
TSS_1414_storz_regulondb,0.07142857142857142,28,27,TGCCCGCTGGGTAAAGCGTG,1,5837
TSS_1414_storz_regulondb,1.3571428571428572,64,27,TGAGTTATATGCATTACCTA,37,4047
TSS_1414_storz_regulondb,0.5,40,27,TGAGCTATACGGCTGCTGTT,13,52395
TSS_1414_storz_regulondb,0.39285714285714285,37,27,TGAACCGTGAAATTAAATTG,10,29214
TSS_1414_storz_regulondb,1.6785714285714286,73,27,TCTTGGAGTGTCGTAAATCA,46,57327
TSS_1414_storz_regulondb,0.5357142857142857,41,27,TCCCAATCACCCAGTTATCT,14,22908
TSS_1414_storz_regulondb,0.10714285714285714,29,27,TCAAATTGATAGTAAAGACC,2,53934
TSS_1414_storz_regulondb,0.07142857142857142,28,27,TATTTCGATCTCCAGCGAAC,1,11010
TSS_1414_storz_regulondb,1.75,75,27,TACTCCTGTATATGACCGTC,48,77434
TSS_1414_storz_regulondb,1.25,61,27,TACGTGAGGCTGTTATATCT,34,16987
TSS_1414_storz_regulondb,1.0,54,27,TACAGTATGTATCTTGAACT,27,25416
TSS_1414_storz_regulondb,0.14285714285714285,30,27,GTGCATACGTTATCAATTAA,3,55101
TSS_1414_storz_regulondb,0.07142857142857142,28,27,GGGTTAAAGCGTGTCCTAAG,1,57826
TSS_1414_storz_regulondb,0.6785714285714286,45,27,GGGTCTTCTGCCACGTTGCC,18,58784
TSS_1414_storz_regulondb,0.6071428571428571,43,27,GGCATAAACTTACGTCAAAT,16,65092
TSS_1414_storz_regulondb,2.107142857142857,85,27,GGACCGGTACCGGTCGGCTT,58,48122
TSS_1414_storz_regulondb,1.6785714285714286,73,27,GCTGTTCCTTCGTTTTTAAA,46,20026
TSS_1414_storz_regulondb,1.25,61,27,GCTGTGCAATGCTCTAGCGT,34,59477
TSS_1414_storz_regulondb,1.9285714285714286,80,27,GCTGATTAGCTGGTCCATGC,53,38281
TSS_1414_storz_regulondb,1.5714285714285714,70,27,GCTATTGGATGCTCTTGGTA,43,44234
TSS_1414_storz_regulondb,1.0,54,27,GCGCCGAACGGTAAAGCTCT,27,59746
TSS_1414_storz_regulondb,1.0,54,27,GCCAACTCGCCATTTACCCA,27,24455
TSS_1414_storz_regulondb,1.6785714285714286,73,27,GCAGAAGTACTGATGGCGTA,46,60927
TSS_1414_storz_regulondb,2.1785714285714284,87,27,GATCACGTATGGCCATATGT,60,29772
TSS_1414_storz_regulondb,2.0714285714285716,84,27,GAATCACTATCGAAGATTTT,57,49760
TSS_1414_storz_regulondb,0.8928571428571429,51,27,GAAAGCCACGCGATTTAGGT,24,55665
TSS_1414_storz_regulondb,0.07142857142857142,28,27,GAAACACATAGAGCGGGGGC,1,72652
TSS_1414_storz_regulondb,0.4642857142857143,39,27,GAAAAGGATGGAAACTTAGA,12,67505
TSS_1414_storz_regulondb,0.5357142857142857,41,27,CTTTTCGTTTTTTGACTTTG,14,76286
TSS_1414_storz_regulondb,0.8928571428571429,51,27,CTTGCCACGTAGCTATATAG,24,52484
TSS_1414_storz_regulondb,0.9642857142857143,53,27,CTTACTTGTCGGCCCCAAGG,26,32825
TSS_1414_storz_regulondb,2.5,96,27,CTGGCCGATGCCCGATGAAG,69,26375
TSS_1414_storz_regulondb,1.1071428571428572,57,27,CTGGAATCGGGGGGTTTCGA,30,62181
TSS_1414_storz_regulondb,2.1785714285714284,87,27,CTGCCCGACGAGTCGTGGGA,60,12023
TSS_1414_storz_regulondb,0.6785714285714286,45,27,CTCTTCCGCTAAAAAGATCA,18,39055
TSS_1414_storz_regulondb,0.8571428571428571,50,27,CTCTGTCCCGTGTCATTCGC,23,51474
TSS_1414_storz_regulondb,0.6071428571428571,43,27,CTCCAGATGGAACCGAAACA,16,42604
TSS_1414_storz_regulondb,2.107142857142857,85,27,CTAGGGTACGTGAATTTACT,58,4935
TSS_1414_storz_regulondb,1.0,54,27,CTAGCCCGGTTTATGTTTCG,27,24002
TSS_1414_storz_regulondb,4.464285714285714,151,27,CTACTGTGGCATGTTGGTGG,124,29459
TSS_1414_storz_regulondb,3.2857142857142856,118,27,CTACTCGCACAAAGTGACGA,91,31254
TSS_1414_storz_regulondb,1.0,54,27,CGTGCTATAGCAGAGTGTTG,27,22441
TSS_1414_storz_regulondb,2.1785714285714284,87,27,CGTAATCTAAAAGTGTTTGG,60,279
TSS_1414_storz_regulondb,0.6071428571428571,43,27,CGGGGGCAGCGCGTCCTACT,16,69232
TSS_1414_storz_regulondb,2.25,89,27,CGCTACGTTCAGGACATCTA,62,17125
TSS_1414_storz_regulondb,0.14285714285714285,30,27,CGCGATAGTAATTGGGAAGC,3,9247
TSS_1414_storz_regulondb,0.8214285714285714,49,27,CGACGTTCCTAGTTCCATGC,22,17892
TSS_1414_storz_regulondb,0.75,47,27,CGACGGGCAAACTTGCTGTG,20,26104
TSS_1414_storz_regulondb,0.9642857142857143,53,27,CGAATAATGGACCTAACGAT,26,10144
TSS_1414_storz_regulondb,0.6071428571428571,43,27,CCTACAGGGGAACCGAGGCT,16,24158
TSS_1414_storz_regulondb,0.9642857142857143,53,27,CCCTGCCAATCGGGAGTCTA,26,35249
TSS_1414_storz_regulondb,2.5,96,27,CCCGCTTCCGTACGGATCAA,69,70481
TSS_1414_storz_regulondb,0.07142857142857142,28,27,CCAGACTTGGATAGTCCCCA,1,42651
TSS_1414_storz_regulondb,1.5,68,27,CATTAGTTAGCCCACGTGAA,41,25152
TSS_1414_storz_regulondb,1.6785714285714286,73,27,CAGTGCAAAGAAAACGCGTC,46,4425
TSS_1414_storz_regulondb,0.6428571428571429,44,27,CACGTTGTGGAGTCCCATGG,17,30284
TSS_1414_storz_regulondb,3.3214285714285716,119,27,CAATGCAACGATGGCTCAGT,92,603
TSS_1414_storz_regulondb,0.9642857142857143,53,27,CAAGGATTGACGATAGGGTA,26,50931
TSS_1414_storz_regulondb,2.142857142857143,86,27,ATTCGTTACATTATGTCGAA,59,58843
TSS_1414_storz_regulondb,0.8214285714285714,49,27,ATCTAGCTGCAGGCGTACAT,22,63392
TSS_1414_storz_regulondb,1.2857142857142858,62,27,ATCAGACGCGCGGGCTGATG,35,77271
TSS_1414_storz_regulondb,0.7857142857142857,48,27,AGCGGTTAGCCAACATCCAG,21,11866
TSS_1414_storz_regulondb,2.0,82,27,AGATCGAGGAGGCTCAAACT,55,11856
TSS_1414_storz_regulondb,1.6071428571428572,71,27,ACGTGCATCTTTCTTCCCAT,44,54707
TSS_1414_storz_regulondb,0.8928571428571429,51,27,ACGTGAGGGTAGGTTCGGGA,24,71491
TSS_1414_storz_regulondb,2.9642857142857144,109,27,ACGCATAATCAAAAGATCAT,82,56697
TSS_1414_storz_regulondb,4.107142857142857,141,27,ACGAACAGGGAGTCGTCGTA,114,4270
TSS_1414_storz_regulondb,1.6785714285714286,73,27,ACCTACATGCATCGCCGATT,46,35415
TSS_1414_storz_regulondb,0.5714285714285714,42,27,ACCCCTTAGCGAACAGTGCT,15,60854
TSS_1414_storz_regulondb,3.4642857142857144,123,27,AATATAGTAATGGGCACAAG,96,21811
TSS_1414_storz_regulondb,2.0357142857142856,83,27,AAGGGAGGGACCTGGGGGCT,56,67101
TSS_1414_storz_regulondb,1.0357142857142858,55,27,AACGTCCCTCGGCATTAACT,28,35763
TSS_1414_storz_regulondb,1.1785714285714286,59,27,AAACTCGTGGGCATTAGATA,32,1646
TSS_1414_storz_regulondb,0.42857142857142855,38,27,AAACATCACGTTTTTATTTT,11,5320
TSS_1414_storz_regulondb,0.07407407407407407,27,26,TTTGCATCGGAGAGATCGTT,1,10983
TSS_1414_storz_regulondb,0.07407407407407407,27,26,TTGGACTCGGGATGACAAGG,1,21711
TSS_1414_storz_regulondb,0.07407407407407407,27,26,TTCCCGACAAGGTAGATAGT,1,79775
TSS_1414_storz_regulondb,0.6666666666666666,43,26,TTCCAGGGACTTTTCCCTCG,17,37017
TSS_1414_storz_regulondb,0.1111111111111111,28,26,TTAGAGTGCAATCGCGTATA,2,29241
TSS_1414_storz_regulondb,0.9629629629629629,51,26,TTACTCAAGTCACGTCACGT,25,27258
TSS_1414_storz_regulondb,0.48148148148148145,38,26,TGTGTGATGGGTTGTCTACC,12,52579
TSS_1414_storz_regulondb,0.8888888888888888,49,26,TGGTTGTGTTGTTGGCAGCA,23,16468
TSS_1414_storz_regulondb,0.07407407407407407,27,26,TGGTAGTTCATACCCTTGTT,1,7980
TSS_1414_storz_regulondb,1.037037037037037,53,26,TGCCGCGCAATATCCTAGCA,27,18582
TSS_1414_storz_regulondb,1.6666666666666667,70,26,TGATGTCCTCAGAGTCAGTA,44,61115
TSS_1414_storz_regulondb,3.3333333333333335,115,26,TGAGCATACTTTACTACTCT,89,75979
TSS_1414_storz_regulondb,3.7777777777777777,127,26,TGACTAGGCGACTTTGATCA,101,5524
TSS_1414_storz_regulondb,0.7777777777777778,46,26,TCTGCCGTTGCCCGCAGATT,20,42872
TSS_1414_storz_regulondb,2.074074074074074,81,26,TCTGCATAGATGAACCGTGG,55,13245
TSS_1414_storz_regulondb,1.2222222222222223,58,26,TCTCAGGATCTGACGAGACT,32,57666
TSS_1414_storz_regulondb,2.962962962962963,105,26,TCTACTTAATCCAAAATTTT,79,51348
TSS_1414_storz_regulondb,1.3333333333333333,61,26,TCGTCGGAATAAAGCCTTAT,35,12908
TSS_1414_storz_regulondb,2.1481481481481484,83,26,TATCCAGCTTGATCGTGTCT,57,43700
TSS_1414_storz_regulondb,0.6666666666666666,43,26,TAGTAAGTCAAACATAGCCC,17,11714
TSS_1414_storz_regulondb,0.6666666666666666,43,26,TAGGACGTATTTTGATGTAC,17,78431
TSS_1414_storz_regulondb,0.3333333333333333,34,26,TACCTGATGGGTGGAATTAC,8,72918
TSS_1414_storz_regulondb,0.9259259259259259,50,26,TAACGCATTCGGAGGGGCTG,24,34611
TSS_1414_storz_regulondb,19.25925925925926,545,26,GTTTTAGCTCATCTGAGACA,519,44798
TSS_1414_storz_regulondb,4.666666666666667,151,26,GTTGGGCCACATAGCACGGG,125,17123
TSS_1414_storz_regulondb,0.7777777777777778,46,26,GTTGATCTACATGGTAGTGT,20,3094
TSS_1414_storz_regulondb,2.3703703703703702,89,26,GTTAAGCCGTCAGTTTATTT,63,73124
TSS_1414_storz_regulondb,1.2592592592592593,59,26,GTGTCATAATCCCGAGATTA,33,38156
TSS_1414_storz_regulondb,0.07407407407407407,27,26,GTGGCTGATCCCCTAAGTTG,1,45341
TSS_1414_storz_regulondb,0.2222222222222222,31,26,GGTTTCGCTGCTAGGCTCTG,5,24379
TSS_1414_storz_regulondb,0.07407407407407407,27,26,GGTGTGCGTAAGCTACGTAC,1,23526
TSS_1414_storz_regulondb,0.07407407407407407,27,26,GGTCATGTTGGTGCGCACAT,1,53960
TSS_1414_storz_regulondb,1.4444444444444444,64,26,GGTACATCGCGACTACGGAT,38,51044
TSS_1414_storz_regulondb,0.2962962962962963,33,26,GGTAAAGGACAGGTAACAAT,7,67770
TSS_1414_storz_regulondb,0.2962962962962963,33,26,GGGTCTTTGCCCTTTCCGAT,7,42640
TSS_1414_storz_regulondb,0.2962962962962963,33,26,GGCGCAACCATGAGAAGTTA,7,537
TSS_1414_storz_regulondb,0.5925925925925926,41,26,GGCCGGTTGATGGGTGAAGG,15,49236
TSS_1414_storz_regulondb,2.888888888888889,103,26,GGCACAGAAGAACAGAGCAT,77,20182
TSS_1414_storz_regulondb,1.1851851851851851,57,26,GGACAACGGCCGAAAGCACT,31,77231
TSS_1414_storz_regulondb,1.1111111111111112,55,26,GCTCGAGCATTCTTCGTAGT,29,8181
TSS_1414_storz_regulondb,1.3703703703703705,62,26,GCCTGGCTTGATACTATTGT,36,3630
TSS_1414_storz_regulondb,1.2222222222222223,58,26,GCCAGTTAGAACGGCTGTTT,32,49350
TSS_1414_storz_regulondb,1.2222222222222223,58,26,GCAGTAGTGCCCCAACGCGA,32,20939
TSS_1414_storz_regulondb,0.37037037037037035,35,26,GATTTACTGCGCGGATCTAC,9,39912
TSS_1414_storz_regulondb,28.037037037037038,782,26,GAGTTTGGATAGGGGACTAC,756,52773
TSS_1414_storz_regulondb,0.8888888888888888,49,26,GAGATCCATGGTATACCAGT,23,68611
TSS_1414_storz_regulondb,1.5925925925925926,68,26,GAGAGTTTTCATGTAGGCCG,42,23686
TSS_1414_storz_regulondb,1.037037037037037,53,26,GACTCAGACCGTGGAGGTTT,27,47384
TSS_1414_storz_regulondb,1.5555555555555556,67,26,GACGGAAGTATTATTAAAGT,41,6430
TSS_1414_storz_regulondb,1.2962962962962963,60,26,GACATCCTAGAATCGACACA,34,79983
TSS_1414_storz_regulondb,0.7407407407407407,45,26,GAATTCCAAACAGGTTCTAC,19,16894
TSS_1414_storz_regulondb,0.8888888888888888,49,26,CTGGACTCACGGCGTTAGAA,23,61769
TSS_1414_storz_regulondb,3.925925925925926,131,26,CTCTGGGTGCCAGGCACCAA,105,14273
TSS_1414_storz_regulondb,0.7777777777777778,46,26,CTACTGCGGGCCGCGCTTGG,20,12276
TSS_1414_storz_regulondb,9.185185185185185,273,26,CTAAGATGCGCATATCAAGC,247,27522
TSS_1414_storz_regulondb,0.6296296296296297,42,26,CTAACTGGACGTAACCCTGA,16,79313
TSS_1414_storz_regulondb,0.07407407407407407,27,26,CGTGCGTTGTAAGAATTATA,1,76232
TSS_1414_storz_regulondb,1.3333333333333333,61,26,CGTGATTAGCTCTACTCCCG,35,51375
TSS_1414_storz_regulondb,1.2222222222222223,58,26,CGTCACCTACACTAAGAGAT,32,48297
TSS_1414_storz_regulondb,1.8518518518518519,75,26,CGGTCCACTGCCCCCAGATA,49,18676
TSS_1414_storz_regulondb,1.2962962962962963,60,26,CGGTAAAATCGTTTGCTTCA,34,10257
TSS_1414_storz_regulondb,1.2222222222222223,58,26,CGCAGTACTTTATATGCCGG,32,6375
TSS_1414_storz_regulondb,1.2962962962962963,60,26,CGACTAGGGTCGGGACGTCA,34,22912
TSS_1414_storz_regulondb,1.5925925925925926,68,26,CGACGCAAAAGGGTATAATC,42,13713
TSS_1414_storz_regulondb,1.4074074074074074,63,26,CCTCGGAAAAAGTTTCCGGC,37,17426
TSS_1414_storz_regulondb,1.5925925925925926,68,26,CCGTGACCTGTTTAACTCAG,42,55781
TSS_1414_storz_regulondb,2.5185185185185186,93,26,CCGCGCTAGTCTAAGCGATA,67,20868
TSS_1414_storz_regulondb,1.2222222222222223,58,26,CCCTTTCCGCTCCAGCTTAG,32,44184
TSS_1414_storz_regulondb,4.407407407407407,144,26,CCCTGGATTGCCGGCGCTAT,118,68456
TSS_1414_storz_regulondb,9.185185185185185,273,26,CCCAATCTACATGTGTTTAA,247,56864
TSS_1414_storz_regulondb,1.5925925925925926,68,26,CCAGTGTGTAACGTCTTGGC,42,58028
TSS_1414_storz_regulondb,0.7407407407407407,45,26,CCACCTGAGATGCCGCACCC,19,37673
TSS_1414_storz_regulondb,0.9629629629629629,51,26,CACAGAGGTCACAAATTTCA,25,64387
TSS_1414_storz_regulondb,1.1481481481481481,56,26,CACAACCAATGAAAGTAATA,30,11229
TSS_1414_storz_regulondb,1.2222222222222223,58,26,ATGCCCGGAGGTCGCCACAG,32,37919
TSS_1414_storz_regulondb,0.7407407407407407,45,26,ATCGCCTCCGGTAAGCCGTC,19,39201
TSS_1414_storz_regulondb,1.3703703703703705,62,26,ATATTCGAACTACCCAACTT,36,74581
TSS_1414_storz_regulondb,1.0,52,26,AGTGTTCAACGATAGAAAAG,26,45048
TSS_1414_storz_regulondb,0.1111111111111111,28,26,AGTAACATCTCCATAAGTAG,2,66209
TSS_1414_storz_regulondb,1.0740740740740742,54,26,AGGATTGGGGCAAAACGAAT,28,31900
TSS_1414_storz_regulondb,3.962962962962963,132,26,AGGACGGTGCCATCTCTATA,106,50103
TSS_1414_storz_regulondb,0.4444444444444444,37,26,AGCTTGGCGTACGCTTTGCA,11,18758
TSS_1414_storz_regulondb,4.481481481481482,146,26,ACCTTCTGGTGGAAACGGGT,120,34998
TSS_1414_storz_regulondb,1.7037037037037037,71,26,ACCGCTACAACCTTTGCCTA,45,66480
TSS_1414_storz_regulondb,3.074074074074074,108,26,ACAGGGAGTGGCCGAGCACA,82,34145
TSS_1414_storz_regulondb,0.9629629629629629,51,26,ACAGCAGCTCAGACTTCTCT,25,72635
TSS_1414_storz_regulondb,1.3703703703703705,62,26,AATGGATAGTTTCGCAACAA,36,18704
TSS_1414_storz_regulondb,1.8888888888888888,76,26,AAGTCCCCAGGGGTCTCCTA,50,3517
TSS_1414_storz_regulondb,0.9629629629629629,51,26,AAATGCAAGCGACAACACGG,25,23382
TSS_1414_storz_regulondb,0.8518518518518519,48,26,AAACGTCCGCTCAACGATTA,22,7823
TSS_1414_storz_regulondb,0.8888888888888888,49,26,AAAAACTGGCATTTAAATGT,23,18086
TSS_1414_storz_regulondb,0.07692307692307693,26,25,TTTATGCTCAGTGAATCTCA,1,65595
TSS_1414_storz_regulondb,2.769230769230769,96,25,TTGTCACCCTCCTTGGGATG,71,59583
TSS_1414_storz_regulondb,0.4230769230769231,35,25,TTCCGACCGTCAGCCAGCCT,10,70960
TSS_1414_storz_regulondb,0.8076923076923077,45,25,TTATATTTCGTGTCTTCCCC,20,2206
TSS_1414_storz_regulondb,0.4230769230769231,35,25,TGCCTCGGGGGCACTCGTAA,10,73818
TSS_1414_storz_regulondb,0.7307692307692307,43,25,TGCCTAAGGAGTTGTAAGAC,18,58030
TSS_1414_storz_regulondb,4.384615384615385,138,25,TCTGAGGTAGAGCAATTCCA,113,7767
TSS_1414_storz_regulondb,0.07692307692307693,26,25,TCTATTATTCTCTCGCCAAC,1,55997
TSS_1414_storz_regulondb,0.8461538461538461,46,25,TCTAGTATGGTGGTGGGCCT,21,46907
TSS_1414_storz_regulondb,1.1153846153846154,53,25,TCGGTAATATTCAGGATTCT,28,34721
TSS_1414_storz_regulondb,0.46153846153846156,36,25,TCGAATACTGTGTATGGTCA,11,43239
TSS_1414_storz_regulondb,0.23076923076923078,30,25,TCGAAAGGGAAAGCGGAGGG,5,41862
TSS_1414_storz_regulondb,0.8846153846153846,47,25,TCCTCTGTGAATGCGTGTTT,22,21413
TSS_1414_storz_regulondb,0.6923076923076923,42,25,TCCGGTTCACATACGAAGTT,17,44869
TSS_1414_storz_regulondb,3.5384615384615383,116,25,TCAGCTTACTACGAAGAATC,91,56885
TSS_1414_storz_regulondb,1.0769230769230769,52,25,TCAGCGGCCTACGAATTATT,27,38051
TSS_1414_storz_regulondb,1.4615384615384615,62,25,TATGGCTGACGCTGTTCTGT,37,29363
TSS_1414_storz_regulondb,2.5,89,25,TATCAAGCGTCGGCAAGTCC,64,43237
TSS_1414_storz_regulondb,0.15384615384615385,28,25,GTTTTTGTCGTCGCAGTTAC,3,56512
TSS_1414_storz_regulondb,0.5384615384615384,38,25,GTTCCGAGCAGAATCTCTCT,13,41903
TSS_1414_storz_regulondb,1.2692307692307692,57,25,GTGCAAGATTTTCCTTCATT,32,15681
TSS_1414_storz_regulondb,0.11538461538461539,27,25,GTCTACATTGGTATTGGCAA,2,54006
TSS_1414_storz_regulondb,0.5769230769230769,39,25,GTCGGCGTGCATCGATCCCA,14,24218
TSS_1414_storz_regulondb,0.8461538461538461,46,25,GTCAAGGGTTGCATCCTAGG,21,19183
TSS_1414_storz_regulondb,1.2692307692307692,57,25,GGTTGATGCGGCGGGTACAG,32,77517
TSS_1414_storz_regulondb,0.38461538461538464,34,25,GGTCGTGCCAGCCCGAAGCA,9,52260
TSS_1414_storz_regulondb,1.9615384615384615,75,25,GGGTTGTTGGGCCGTGTGAC,50,45728
TSS_1414_storz_regulondb,0.9230769230769231,48,25,GGGTCACAGGATAAATCCGG,23,28443
TSS_1414_storz_regulondb,2.1538461538461537,80,25,GGGAGGTAGAACAGGTGTGT,55,23122
TSS_1414_storz_regulondb,0.6153846153846154,40,25,GGATCCTTTCTTAAGCTCGG,15,13296
TSS_1414_storz_regulondb,0.07692307692307693,26,25,GGAGTACTGGCACCTTGGAT,1,16151
TSS_1414_storz_regulondb,2.6153846153846154,92,25,GGAGGTTCGAATATTGGCTC,67,12744
TSS_1414_storz_regulondb,1.0769230769230769,52,25,GGAGATTCTGGACCTGCATA,27,66709
TSS_1414_storz_regulondb,1.0384615384615385,51,25,GGACGGGTCAGAGGCTAGAT,26,22764
TSS_1414_storz_regulondb,0.07692307692307693,26,25,GCTGGCGCTCTAGGAGTATA,1,61342
TSS_1414_storz_regulondb,1.2692307692307692,57,25,GCCTTTAGTCGACAGTCGCT,32,54452
TSS_1414_storz_regulondb,17.115384615384617,469,25,GCCTAGCCACCAATTCTCTT,444,23740
TSS_1414_storz_regulondb,1.6153846153846154,66,25,GCCCAGTCTCGACAAAATTA,41,32418
TSS_1414_storz_regulondb,1.0384615384615385,51,25,GCCCACGTGATACAGAGCTA,26,23569
TSS_1414_storz_regulondb,0.8461538461538461,46,25,GATGGAAATATGCCCGAAAA,21,10918
TSS_1414_storz_regulondb,2.0384615384615383,77,25,GAGACCCCGTTAGTTCCCGT,52,67136
TSS_1414_storz_regulondb,0.07692307692307693,26,25,GAAGGTATCCAGGACAAGGT,1,62807
TSS_1414_storz_regulondb,0.07692307692307693,26,25,CTTCTTGTGTTGTTATATCG,1,22646
TSS_1414_storz_regulondb,0.5384615384615384,38,25,CTTCATAGGAACTGACTACT,13,29127
TSS_1414_storz_regulondb,0.6153846153846154,40,25,CTTATAAAGTGGGCGGGCGT,15,37416
TSS_1414_storz_regulondb,1.1923076923076923,55,25,CTCCACGCCAGGCGTTGAAA,30,38282
TSS_1414_storz_regulondb,1.3076923076923077,58,25,CTAGCGAAGCTATTCATATC,33,58446
TSS_1414_storz_regulondb,3.3076923076923075,110,25,CTAGACTCCTCGGCTGACAC,85,52483
TSS_1414_storz_regulondb,1.7307692307692308,69,25,CTAAATATGGATTCAGCGAC,44,27423
TSS_1414_storz_regulondb,1.9230769230769231,74,25,CGTATTAAATGTCCTGGCGT,49,29584
TSS_1414_storz_regulondb,0.5,37,25,CGGGACTCCCGATACAATTT,12,40228
TSS_1414_storz_regulondb,1.1923076923076923,55,25,CGGCCCCTGTTTAAGCGGCG,30,47544
TSS_1414_storz_regulondb,0.7692307692307693,44,25,CGGATTATATCTAATTCGTG,19,27306
TSS_1414_storz_regulondb,6.461538461538462,192,25,CGGATGTCGTAGGTCGGCTG,167,17274
TSS_1414_storz_regulondb,0.8461538461538461,46,25,CGGACTGAATGCCTTGAGTC,21,64769
TSS_1414_storz_regulondb,0.7307692307692307,43,25,CGCTTTAACGTAAAATTATT,18,23622
TSS_1414_storz_regulondb,1.5384615384615385,64,25,CCTCTATTATTGACGGTTGC,39,79562
TSS_1414_storz_regulondb,1.8461538461538463,72,25,CCTCCAGGATCCATGAGATA,47,25058
TSS_1414_storz_regulondb,1.0384615384615385,51,25,CATGATAGACATTAAACACA,26,47548
TSS_1414_storz_regulondb,1.1153846153846154,53,25,CATCGCTTTCTGCTTGAGGT,28,25617
TSS_1414_storz_regulondb,2.269230769230769,83,25,CATAGTGCGCCCTCCGCGGC,58,20495
TSS_1414_storz_regulondb,2.6153846153846154,92,25,CAGGGCTAGTATAACGAAAT,67,14938
TSS_1414_storz_regulondb,0.7692307692307693,44,25,CAACCTGGGTGATTAACGAT,19,17945
TSS_1414_storz_regulondb,1.1153846153846154,53,25,CAAACCTTTAAAACCCAATA,28,13247
TSS_1414_storz_regulondb,1.0384615384615385,51,25,ATTGCAGTTTGTCTTTGTCT,26,61334
TSS_1414_storz_regulondb,1.6153846153846154,66,25,ATTATAGTTACCCGGTTAGT,41,46628
TSS_1414_storz_regulondb,0.6538461538461539,41,25,ATGTACAATGAAGGACGGCT,16,50828
TSS_1414_storz_regulondb,2.269230769230769,83,25,ATGCCTAACCTTGAGAGTTC,58,27893
TSS_1414_storz_regulondb,4.846153846153846,150,25,ATCGTAATATGATAAGCTGT,125,12108
TSS_1414_storz_regulondb,0.5769230769230769,39,25,ATCCGGATTGAGGGTGTCGT,14,54490
TSS_1414_storz_regulondb,4.6923076923076925,146,25,ATCCCGACACGAGGTTGAAA,121,31240
TSS_1414_storz_regulondb,1.7692307692307692,70,25,ATACATTGCCAATACATGTG,45,5247
TSS_1414_storz_regulondb,0.8846153846153846,47,25,AGTCTCCTGAACAGGGGAAG,22,41499
TSS_1414_storz_regulondb,0.6153846153846154,40,25,AGTACTCCCACCATCTTTAC,15,61190
TSS_1414_storz_regulondb,0.38461538461538464,34,25,AGGGATCACAATAACCCGGT,9,21428
TSS_1414_storz_regulondb,0.46153846153846156,36,25,AGGCTGCTTTGGAGGCGACA,11,665
TSS_1414_storz_regulondb,1.0,50,25,AGGCTAGAATTACGTCGAGT,25,72331
TSS_1414_storz_regulondb,0.11538461538461539,27,25,AGCTCCGGACGGGCGGTGAT,2,8105
TSS_1414_storz_regulondb,2.5,89,25,AGCGAGCTCCCATGTTGCAG,64,80008
TSS_1414_storz_regulondb,0.07692307692307693,26,25,AGATAGAGCCTAACGCTCGT,1,6974
TSS_1414_storz_regulondb,0.5,37,25,ACGTGTATCCCAGCGTAGTA,12,3580
TSS_1414_storz_regulondb,0.5384615384615384,38,25,ACGACGATGGTGCTGCGATA,13,50726
TSS_1414_storz_regulondb,0.7692307692307693,44,25,ACCGTTTTAGGCCTTGCAGT,19,49013
TSS_1414_storz_regulondb,0.6923076923076923,42,25,ACAATATCAACACACATATC,17,4528
TSS_1414_storz_regulondb,0.46153846153846156,36,25,AATTTATCTGGACTGCTCAC,11,4545
TSS_1414_storz_regulondb,0.5384615384615384,38,25,AATTGGATTGTCCCTCGTGG,13,35759
TSS_1414_storz_regulondb,0.9230769230769231,48,25,AATTCTCTGGGCTAAAACCA,23,10450
TSS_1414_storz_regulondb,1.1153846153846154,53,25,AATGGACCGAAGATGCTTTG,28,24100
TSS_1414_storz_regulondb,0.07692307692307693,26,25,AATCTGGGTCGAATCTCCGT,1,26554
TSS_1414_storz_regulondb,6.576923076923077,195,25,AAGAAACTAGCTTTAATTGT,170,42015
TSS_1414_storz_regulondb,1.0384615384615385,51,25,AACTTCGTCATCTATCCCCA,26,55740
TSS_1414_storz_regulondb,0.07692307692307693,26,25,AACGGAAGCGGTTAGTGGTA,1,11234
TSS_1414_storz_regulondb,0.5384615384615384,38,25,AACGACGTGTGTGCTGCCTA,13,54108
TSS_1414_storz_regulondb,0.6153846153846154,40,25,AACCCCGTCGTAGGGATTAA,15,55353
TSS_1414_storz_regulondb,0.5769230769230769,39,25,AACCAGCCACTGATTTGAAT,14,40699
TSS_1414_storz_regulondb,1.12,51,24,TTTCAGAGCAAGATCTTCTA,27,60350
TSS_1414_storz_regulondb,0.84,44,24,TTGTGACATCGCGATGAAGA,20,14322
TSS_1414_storz_regulondb,1.2,53,24,TTGGTGCACAGGATTTATCC,29,65397
TSS_1414_storz_regulondb,1.28,55,24,TTGCCCTAACTTGTGGGGAG,31,50076
TSS_1414_storz_regulondb,0.8,43,24,TTGACACACGCGCAGGTGAT,19,76952
TSS_1414_storz_regulondb,1.6,63,24,TGTATTGTGATGGCGCCTCA,39,74436
TSS_1414_storz_regulondb,0.08,25,24,TGTAATTTATAAAGATCTAG,1,71249
TSS_1414_storz_regulondb,0.08,25,24,TGGTGGCGAGGGGGGGGATT,1,74716
TSS_1414_storz_regulondb,1.08,50,24,TGCACTACTTGCTCCGCGAA,26,24897
TSS_1414_storz_regulondb,1.0,48,24,TGAAGGCGGATTGTGGCTGT,24,35924
TSS_1414_storz_regulondb,1.32,56,24,TCTGCTCGATCATCGAATAA,32,24119
TSS_1414_storz_regulondb,0.8,43,24,TCGTTCGCAGAGTTCGGACC,19,54604
TSS_1414_storz_regulondb,1.44,59,24,TCCTGTGCCCGCGCTGAGCA,35,32141
TSS_1414_storz_regulondb,2.72,91,24,TCAGTAAAGGCAGGGCGAAT,67,13229
TSS_1414_storz_regulondb,0.64,39,24,TCACATATATATGGGAGGGC,15,37301
TSS_1414_storz_regulondb,0.08,25,24,TCACAACGAAAACGGCCGAT,1,48465
TSS_1414_storz_regulondb,0.52,36,24,TATTACCGCCCGGGTAATTA,12,40961
TSS_1414_storz_regulondb,2.44,84,24,TAGGCGGCAGGGAGAAAAAG,60,22238
TSS_1414_storz_regulondb,0.84,44,24,TAGGAGGGTATTCGCGGTTA,20,18837
TSS_1414_storz_regulondb,0.12,26,24,TAGCGTCGAGTGTCGGACCT,2,33504
TSS_1414_storz_regulondb,1.28,55,24,TACTTCAGTGCGTTTGATAC,31,59773
TSS_1414_storz_regulondb,1.2,53,24,TACAGTGGTTGCCAATACCT,29,8600
TSS_1414_storz_regulondb,0.68,40,24,GTTTCATGCAAGCCTGAAAC,16,22246
TSS_1414_storz_regulondb,0.64,39,24,GTGTCCAGTGCCACACGCTG,15,22769
TSS_1414_storz_regulondb,0.72,41,24,GTGAGCACTGCGGAGTAGAT,17,25903
TSS_1414_storz_regulondb,37.36,957,24,GTCGCACGCCATTCGATCCT,933,10497
TSS_1414_storz_regulondb,0.76,42,24,GTAGGGGACATGGCCACTAG,18,80507
TSS_1414_storz_regulondb,2.2,78,24,GGTTAATACCAAGTCGTAAG,54,69454
TSS_1414_storz_regulondb,0.88,45,24,GGTAGTACTCACAATGTTAG,21,73356
TSS_1414_storz_regulondb,0.68,40,24,GGGCGTCAGTATGCTGGCCA,16,50153
TSS_1414_storz_regulondb,1.48,60,24,GGCCCAATGAGGTGTTACTG,36,51655
TSS_1414_storz_regulondb,0.08,25,24,GGACTCTTTGGAGAGGGCAT,1,65059
TSS_1414_storz_regulondb,3.04,99,24,GCTAGTACCCATCGAATAGA,75,14747
TSS_1414_storz_regulondb,0.8,43,24,GCCACTTTTACTCCACATTT,19,1564
TSS_1414_storz_regulondb,0.76,42,24,GCATGATTACACCGTCTCAG,18,17077
TSS_1414_storz_regulondb,1.0,48,24,GCAGTCCTGCGCGACCCTGG,24,18587
TSS_1414_storz_regulondb,0.12,26,24,GATTTCATCTTTTTGAGATA,2,72609
TSS_1414_storz_regulondb,0.08,25,24,GATCCGGCTCTACAACCGTT,1,6846
TSS_1414_storz_regulondb,1.2,53,24,GAGCATCACGTTGTTTCTCT,29,11344
TSS_1414_storz_regulondb,1.24,54,24,GACTGCCCTCGGCTTCTATG,30,48182
TSS_1414_storz_regulondb,2.32,81,24,GAAGGGCTAGAGGCCATGTA,57,41135
TSS_1414_storz_regulondb,1.88,70,24,GAACCTCAATGATACGTCAG,46,65655
TSS_1414_storz_regulondb,1.44,59,24,CTTGGGGTCTAAACTTACGG,35,55938
TSS_1414_storz_regulondb,3.04,99,24,CTTACCTCTATCAATGGGTA,75,35867
TSS_1414_storz_regulondb,0.48,35,24,CTGGCCATCAGCCTCGGGAT,11,66417
TSS_1414_storz_regulondb,1.16,52,24,CTCGTCATCCTGGACAGTGT,28,15318
TSS_1414_storz_regulondb,1.12,51,24,CTCGGTCACGGGCAGCGATC,27,23384
TSS_1414_storz_regulondb,0.68,40,24,CTACGGGACGCAGAGGAATG,16,52977
TSS_1414_storz_regulondb,0.72,41,24,CTACCGGTCCTAGTATCCTT,17,32888
TSS_1414_storz_regulondb,1.2,53,24,CGGGCTCGCTAGGACCAAGT,29,34013
TSS_1414_storz_regulondb,0.92,46,24,CGCTATCCTCGAGCTGTCTT,22,22940
TSS_1414_storz_regulondb,1.2,53,24,CGCGGCTCTTCGGCCGGGAA,29,44602
TSS_1414_storz_regulondb,2.2,78,24,CGCGATATGACAAACCTAAG,54,49744
TSS_1414_storz_regulondb,0.84,44,24,CGCAATACTCACGGAAAGCA,20,22330
TSS_1414_storz_regulondb,1.44,59,24,CGAGGCGCCCGAACCACAAG,35,7029
TSS_1414_storz_regulondb,2.2,78,24,CGAGCTTAGTTGTCCGTAGC,54,17583
TSS_1414_storz_regulondb,1.24,54,24,CCTTTCAGCCTCAAATACGT,30,10127
TSS_1414_storz_regulondb,2.76,92,24,CCTTCAGTATCCTGATTCCT,68,36909
TSS_1414_storz_regulondb,19.8,518,24,CCGCGGTGGTTGTACAGTTA,494,23744
TSS_1414_storz_regulondb,0.08,25,24,CCCAATTATGTCGTTGACGT,1,50874
TSS_1414_storz_regulondb,2.16,77,24,CCAGGGAACCACATGGAACG,53,39235
TSS_1414_storz_regulondb,3.44,109,24,CCAAATGCGTTATTGACCAA,85,79150
TSS_1414_storz_regulondb,0.08,25,24,CATGTCGTCGCAGAGTGGAG,1,58613
TSS_1414_storz_regulondb,1.72,66,24,CAGTTCACGGGTGCGCCTTT,42,20656
TSS_1414_storz_regulondb,0.08,25,24,CAGCATAGGAAGCTCCGGTA,1,66864
TSS_1414_storz_regulondb,1.28,55,24,CAGAACCCCCTAATCTAAGC,31,75503
TSS_1414_storz_regulondb,0.8,43,24,CACGGGGCTTTTCTGGCCGA,19,7403
TSS_1414_storz_regulondb,2.2,78,24,ATTTTACACTGCCTGCCCCT,54,12109
TSS_1414_storz_regulondb,1.48,60,24,ATTATTGAGTCCGATCACCC,36,10460
TSS_1414_storz_regulondb,1.44,59,24,ATCGGCCTGGATGGGGGGGA,35,9719
TSS_1414_storz_regulondb,0.72,41,24,ATAGGCCACGACTGAGGCTC,17,27251
TSS_1414_storz_regulondb,1.36,57,24,AGTACATGCGCGCAGGGCGA,33,58946
TSS_1414_storz_regulondb,0.08,25,24,AGGTTCCACCAGCAGCCAGA,1,41740
TSS_1414_storz_regulondb,2.2,78,24,AGGGGCAACCGGTGGATTAT,54,79527
TSS_1414_storz_regulondb,4.4,133,24,AGCGAGCGAGTATGTAACTC,109,34108
TSS_1414_storz_regulondb,1.36,57,24,AGCAGCCGCGCCATACGGCT,33,19378
TSS_1414_storz_regulondb,0.68,40,24,AGAGGTCACTTTCGCTACGT,16,72393
TSS_1414_storz_regulondb,3.76,117,24,ACTGGTTAGGTCATGCGTAC,93,80093
TSS_1414_storz_regulondb,1.48,60,24,ACTCGCGTAGTGCATCGATA,36,8527
TSS_1414_storz_regulondb,0.24,29,24,ACGTCATCCGCTGCCAGCTC,5,32608
TSS_1414_storz_regulondb,3.0,98,24,ACGCACTGTCACACAGTGAT,74,32247
TSS_1414_storz_regulondb,2.8,93,24,ACCTGAAGCCGCTGTAGGCG,69,40064
TSS_1414_storz_regulondb,0.96,47,24,ACCCTTGGGACTACTATTTT,23,59038
TSS_1414_storz_regulondb,0.08,25,24,ACCAAACTGGGGCGCGCTGG,1,47132
TSS_1414_storz_regulondb,0.08,25,24,ACATGTAGCACTATTCTATA,1,16937
TSS_1414_storz_regulondb,0.08,25,24,ACATAGAGTTCGACCGCTAA,1,68123
TSS_1414_storz_regulondb,0.08,25,24,ACACTTTAGCCGTTGACGCT,1,35326
TSS_1414_storz_regulondb,0.08,25,24,AATCGGAAACGCATGCATAC,1,27190
TSS_1414_storz_regulondb,0.2,28,24,AATAAGCACGAGCGTGATTA,4,20941
TSS_1414_storz_regulondb,0.08,25,24,AAGAGTAGTTTTGCTGGGAT,1,5312
TSS_1414_storz_regulondb,0.64,39,24,AACGCAATATAACTGCAACA,15,62504
TSS_1414_storz_regulondb,1.2,53,24,AAAACACGATTTCACAAGGG,29,56226
TSS_1414_storz_regulondb,0.7916666666666666,41,23,TTTGCGTATCCCTAATCCAT,18,52684
TSS_1414_storz_regulondb,0.9166666666666666,44,23,TTGCAATTAGGCTGCCAGAG,21,72567
TSS_1414_storz_regulondb,2.9166666666666665,92,23,TTGCAACTCCTGCGTCGTAC,69,79629
TSS_1414_storz_regulondb,2.0,70,23,TTGAAGGTGCAGACGGCTCG,47,29999
TSS_1414_storz_regulondb,1.0,46,23,TTCCGGCTTTTATAAGACTA,23,32349
TSS_1414_storz_regulondb,1.5833333333333333,60,23,TTCCCTACAGGATCCGAAAC,37,9869
TSS_1414_storz_regulondb,0.08333333333333333,24,23,TTAGGAGATGATTATGGGTA,1,3576
TSS_1414_storz_regulondb,1.125,49,23,TGTTTTTACTCACATTCGGA,26,16003
TSS_1414_storz_regulondb,1.75,64,23,TGTTGGGGAACGCTAGTTAT,41,50251
TSS_1414_storz_regulondb,0.7916666666666666,41,23,TGGTCTTCCTCAGAGCAGAC,18,77732
TSS_1414_storz_regulondb,0.08333333333333333,24,23,TGGCTGACCTTGGCGGCAGT,1,35767
TSS_1414_storz_regulondb,0.9166666666666666,44,23,TGCGACGATAAACGCTGGGT,21,75423
TSS_1414_storz_regulondb,30.708333333333332,759,23,TGACCACTTAGGTGATCATG,736,27512
TSS_1414_storz_regulondb,0.3333333333333333,30,23,TGAATTTAGCGCCGGACGGT,7,59246
TSS_1414_storz_regulondb,5.416666666666667,152,23,TCTTTAACCCTCAGCACGAC,129,37907
TSS_1414_storz_regulondb,1.3333333333333333,54,23,TCTGACGTAACAGGGTGGCG,31,6440
TSS_1414_storz_regulondb,1.3333333333333333,54,23,TCTCCTGTAGGGGTTTCCAC,31,79187
TSS_1414_storz_regulondb,1.1666666666666667,50,23,TCCCGACCAGCGCCTTGGAA,27,10606
TSS_1414_storz_regulondb,1.875,67,23,TATTACCCGAGTGCTTGAGA,44,79832
TSS_1414_storz_regulondb,0.08333333333333333,24,23,TATGGATGGGGTGTCAAAAT,1,16730
TSS_1414_storz_regulondb,2.3333333333333335,78,23,TAGGCCCTCCTCACATCTCT,55,20802
TSS_1414_storz_regulondb,0.9583333333333334,45,23,TAGCCACTGCAGAATTTAGC,22,12262
TSS_1414_storz_regulondb,1.7916666666666667,65,23,TAAGTTTCCCGCTCGGATTG,42,42344
TSS_1414_storz_regulondb,0.4166666666666667,32,23,TAAGGCGTCTCCGCTACTTG,9,10603
TSS_1414_storz_regulondb,0.7916666666666666,41,23,TAAACGTTAGACTTCTGGAG,18,71872
TSS_1414_storz_regulondb,0.8333333333333334,42,23,GTTACTATCGCTCGGGACGT,19,44061
TSS_1414_storz_regulondb,3.0,94,23,GTGCGCCTGAGCTATGAGTA,71,14809
TSS_1414_storz_regulondb,0.875,43,23,GTCGGGGCCAAATGCGGTAG,20,28860
TSS_1414_storz_regulondb,0.875,43,23,GTCGCACAAAAGTAGAACTA,20,64337
TSS_1414_storz_regulondb,0.4166666666666667,32,23,GTCACTGCACGAACTCTTTG,9,64463
TSS_1414_storz_regulondb,3.0833333333333335,96,23,GCTGTAAAGTCAAGTACCAT,73,27705
TSS_1414_storz_regulondb,0.08333333333333333,24,23,GCGTGTTGAAAAGTTGGCAA,1,25955
TSS_1414_storz_regulondb,0.125,25,23,GCGAGGCTCTAGCAGTCGCA,2,50260
TSS_1414_storz_regulondb,1.0,46,23,GCCTCAATGTTTTTAAGTAT,23,26935
TSS_1414_storz_regulondb,1.6666666666666667,62,23,GCCGTATTATTGAACATGTA,39,75163
TSS_1414_storz_regulondb,0.875,43,23,GCCCGTCTAGCACCGCAGAG,20,51093
TSS_1414_storz_regulondb,0.125,25,23,GATGTGAAAGGGCTGGTCTG,2,20893
TSS_1414_storz_regulondb,1.3333333333333333,54,23,GATGTCGCCGAAGAAGGGCG,31,66873
TSS_1414_storz_regulondb,1.8333333333333333,66,23,GATCTCCCTGCTCTGGAATG,43,4
TSS_1414_storz_regulondb,0.9166666666666666,44,23,GATAAGAGGGGTACTAACGA,21,73569
TSS_1414_storz_regulondb,15.208333333333334,387,23,GAGCTTATGTTCGTTACTCA,364,75037
TSS_1414_storz_regulondb,1.2916666666666667,53,23,GACTTGTATGCAAAATTCAA,30,51761
TSS_1414_storz_regulondb,3.8333333333333335,114,23,GACAGCTACTGGGTGCTATA,91,27685
TSS_1414_storz_regulondb,3.3333333333333335,102,23,GAATTTACACACGAAGTAGA,79,2592
TSS_1414_storz_regulondb,0.9166666666666666,44,23,CTTTAGTCGGGGTAAGGCGT,21,4533
TSS_1414_storz_regulondb,1.4166666666666667,56,23,CTGTGGGCTGACAGTTAGTC,33,7465
TSS_1414_storz_regulondb,3.4166666666666665,104,23,CTCGCTTACCGAAAAGATGT,81,64813
TSS_1414_storz_regulondb,0.875,43,23,CGGTGTAAGAGGTTACGGGT,20,75550
TSS_1414_storz_regulondb,0.8333333333333334,42,23,CGGATCCAGACTGGAGAATT,19,33730
TSS_1414_storz_regulondb,2.25,76,23,CGCGCTGCGCCTATGGCGTG,53,36085
TSS_1414_storz_regulondb,0.7916666666666666,41,23,CGCCGCGCAACCGCACCCCC,18,34216
TSS_1414_storz_regulondb,2.125,73,23,CGCATGTTCTCAAAGGGTTT,50,32746
TSS_1414_storz_regulondb,0.08333333333333333,24,23,CGATTTGCCAATGTTGGCCC,1,29057
TSS_1414_storz_regulondb,1.0,46,23,CGAATTCCCGCGCCGCGTTT,23,9491
TSS_1414_storz_regulondb,1.875,67,23,CCTCCGTAGGCAGAGCACGA,44,9792
TSS_1414_storz_regulondb,0.8333333333333334,42,23,CCGTGGGCCGCGCCTTGAGT,19,30192
TSS_1414_storz_regulondb,2.2083333333333335,75,23,CCGGGCCTCTTGACGCGTCA,52,32071
TSS_1414_storz_regulondb,1.0416666666666667,47,23,CCCACGTCACTAACGCGACG,24,10284
TSS_1414_storz_regulondb,2.4583333333333335,81,23,CCCACCGGAACTACACTTCT,58,29461
TSS_1414_storz_regulondb,0.9583333333333334,45,23,CCACGCGCTTCGTTCGCGTG,22,67642
TSS_1414_storz_regulondb,0.75,40,23,CATAGTCCACATGGTGCTAT,17,46990
TSS_1414_storz_regulondb,0.9583333333333334,45,23,CAGGGCTAATTTCCGTGTAG,22,70539
TSS_1414_storz_regulondb,0.08333333333333333,24,23,CAGAGACTGCCCCTTTTATA,1,37414
TSS_1414_storz_regulondb,1.4583333333333333,57,23,CACTGAGTATAAAGTCTCAA,34,78649
TSS_1414_storz_regulondb,1.75,64,23,CACCCGAACGTTTTTCAGAT,41,20753
TSS_1414_storz_regulondb,1.0,46,23,ATTGGGCACGAAATCCATTC,23,37345
TSS_1414_storz_regulondb,1.3333333333333333,54,23,ATTGCAAAAGGGATGCGGCT,31,38170
TSS_1414_storz_regulondb,2.5416666666666665,83,23,ATTGAGAACGGCCTTGTCCA,60,67495
TSS_1414_storz_regulondb,0.08333333333333333,24,23,ATGTGTATCGTTGCGGTCCG,1,4897
TSS_1414_storz_regulondb,1.2916666666666667,53,23,ATGCTGCTGGAACCTTTCGG,30,35447
TSS_1414_storz_regulondb,1.8333333333333333,66,23,ATCCGGCAGACAGTTTAATC,43,75901
TSS_1414_storz_regulondb,2.625,85,23,ATATTATAAGCGGGCTCGCA,62,14982
TSS_1414_storz_regulondb,0.9166666666666666,44,23,ATATTACACGAGTAAGATAT,21,60262
TSS_1414_storz_regulondb,0.9583333333333334,45,23,ATATGGAAGGTAATACGTGT,22,45027
TSS_1414_storz_regulondb,3.5,106,23,ATAGGGGACCGTGCGCTCGT,83,27682
TSS_1414_storz_regulondb,2.7083333333333335,87,23,ATAGACTCATCTTCCACTTA,64,33513
TSS_1414_storz_regulondb,2.3333333333333335,78,23,ATACCGCAGCTCCCCACTAT,55,55226
TSS_1414_storz_regulondb,0.7916666666666666,41,23,ATACAATTATTTAGATGCGT,18,48478
TSS_1414_storz_regulondb,0.08333333333333333,24,23,AGTCGGAGGAAACATACTGC,1,37432
TSS_1414_storz_regulondb,1.5416666666666667,59,23,AGTCCCCGCAACAACGGCAA,36,49546
TSS_1414_storz_regulondb,0.4166666666666667,32,23,AGTATCGGCACCGCCTGAGA,9,75902
TSS_1414_storz_regulondb,1.2916666666666667,53,23,AGTAGCTCGATCATGGCGCT,30,5065
TSS_1414_storz_regulondb,1.0,46,23,AGGCCGCCTTTATTCAGTTA,23,60137
TSS_1414_storz_regulondb,1.4583333333333333,57,23,AGCTCGGTCAGGAGCTCTGT,34,13957
TSS_1414_storz_regulondb,2.375,79,23,AGCCCCGACTGCGCACGGCT,56,54854
TSS_1414_storz_regulondb,2.0416666666666665,71,23,AGATTTTACCTCGGATGGAG,48,7301
TSS_1414_storz_regulondb,1.2083333333333333,51,23,AGAGCTTCACGCATGGGTAG,28,48711
TSS_1414_storz_regulondb,0.2916666666666667,29,23,AGAAGGTCTTCGGCTAACGA,6,32399
TSS_1414_storz_regulondb,1.9166666666666667,68,23,AGAAGGTCGTTATGTGGCGG,45,69286
TSS_1414_storz_regulondb,0.3333333333333333,30,23,AGAAATTCGCCGAGCTTATT,7,3519
TSS_1414_storz_regulondb,1.7916666666666667,65,23,ACTTTGCGGATTGACCGGTG,42,481
TSS_1414_storz_regulondb,0.7916666666666666,41,23,ACCGTAGCTGGGGCCTAGAT,18,47984
TSS_1414_storz_regulondb,1.125,49,23,ACCGGGCGCTCGGGGGAACT,26,47978
TSS_1414_storz_regulondb,0.08333333333333333,24,23,ACCGCGAGAGGCTGTAAGTA,1,45781
TSS_1414_storz_regulondb,2.4166666666666665,80,23,ACCGAAGGCATCTTCAGTCC,57,6123
TSS_1414_storz_regulondb,4.916666666666667,140,23,ACACCGTGAACACAGTGCTA,117,75906
TSS_1414_storz_regulondb,0.7083333333333334,39,23,ACACACACGCCTCAAGTAGC,16,39730
TSS_1414_storz_regulondb,0.5,34,23,AAGCTGAAGACATCGCCCGT,11,46526
TSS_1414_storz_regulondb,2.1666666666666665,74,23,AAGCCCCAGCGACAATCGTT,51,39205
TSS_1414_storz_regulondb,1.2083333333333333,51,23,AAGATCCTGTATATCCTTTA,28,15601
TSS_1414_storz_regulondb,0.875,43,23,AACTATTTGAGACTTAATGA,20,29970
TSS_1414_storz_regulondb,1.4583333333333333,57,23,AACAGGCGTGATGGACCTGT,34,20618
TSS_1414_storz_regulondb,0.08333333333333333,24,23,AACACTTGTCGCAACTAAGC,1,45402
TSS_1414_storz_regulondb,2.4347826086956523,77,22,TTTGCCTCACCATGGATTTA,55,60087
TSS_1414_storz_regulondb,1.391304347826087,53,22,TTTCGGTCAATGGGGTGCGA,31,8104
TSS_1414_storz_regulondb,1.4782608695652173,55,22,TTTCGCGGGCAGCCTAAATA,33,1777
TSS_1414_storz_regulondb,0.6521739130434783,36,22,TTCCTGGTACTAATGCCCTA,14,35172
TSS_1414_storz_regulondb,1.0869565217391304,46,22,TTCAGTGGTACGCTGTTCTT,24,40532
TSS_1414_storz_regulondb,0.8695652173913043,41,22,TTATGGGTCACACATTAAGG,19,19179
TSS_1414_storz_regulondb,0.8695652173913043,41,22,TTATGCATCATCCCACTAAC,19,77090
TSS_1414_storz_regulondb,0.08695652173913043,23,22,TTAGCAAACGAGCGAGTTGG,1,27299
TSS_1414_storz_regulondb,0.13043478260869565,24,22,TGTAATCGCAATGAAAAGGC,2,34235
TSS_1414_storz_regulondb,1.434782608695652,54,22,TGGCCCAAGAGGACTCGTGT,32,12676
TSS_1414_storz_regulondb,3.5217391304347827,102,22,TGCCTCTGGCCAGCTGACTT,80,20022
TSS_1414_storz_regulondb,0.5217391304347826,33,22,TGCCATCGGATATCTGTGAG,11,27567
TSS_1414_storz_regulondb,0.17391304347826086,25,22,TGCATTCAGGAAGGCTAGGG,3,17526
TSS_1414_storz_regulondb,1.434782608695652,54,22,TGCAACACGTGCCTTGCCCC,32,30262
TSS_1414_storz_regulondb,3.391304347826087,99,22,TGCAAATTTTCGCTGTGTGT,77,36271
TSS_1414_storz_regulondb,0.08695652173913043,23,22,TGACCGCCCTGTTACAGTCG,1,31243
TSS_1414_storz_regulondb,2.9565217391304346,89,22,TGAACACATAGCCCTAAGTT,67,76662
TSS_1414_storz_regulondb,2.9565217391304346,89,22,TCTTACGTACCATGTTTCGA,67,62850
TSS_1414_storz_regulondb,0.8695652173913043,41,22,TCTGCGATCTCCTTCACTGC,19,234
TSS_1414_storz_regulondb,1.173913043478261,48,22,TCGTGTCCGTCGGCTCCAGT,26,6991
TSS_1414_storz_regulondb,0.8260869565217391,40,22,TCGTGGCAAGTTAGGAGATT,18,20749
TSS_1414_storz_regulondb,2.5652173913043477,80,22,TCGGTGGATCCACCCACAAT,58,12105
TSS_1414_storz_regulondb,2.260869565217391,73,22,TCGGATCTCTTAAGAAAAAA,51,45357
TSS_1414_storz_regulondb,1.6521739130434783,59,22,TCCTCTAGGCGAGATTTGAG,37,66066
TSS_1414_storz_regulondb,2.347826086956522,75,22,TCCGGGAATGGTTAGTTCCC,53,1270
TSS_1414_storz_regulondb,0.6521739130434783,36,22,TCCCGATAATCGCGCTAAAT,14,42198
TSS_1414_storz_regulondb,0.43478260869565216,31,22,TCAACATCCAAAAGCGGGAT,9,19122
TSS_1414_storz_regulondb,0.4782608695652174,32,22,TCAAATGCGTTCCCGTGTAG,10,15787
TSS_1414_storz_regulondb,2.9565217391304346,89,22,TATAACGGCGGATCCGCGCT,67,59642
TSS_1414_storz_regulondb,0.8695652173913043,41,22,TATAAATACGATAAATTTTT,19,73461
TSS_1414_storz_regulondb,0.5652173913043478,34,22,TAGATCTGTAAATTGTTTTT,12,27161
TSS_1414_storz_regulondb,0.6521739130434783,36,22,TACTGAGGCGAGCAAGGCGG,14,8135
TSS_1414_storz_regulondb,1.1304347826086956,47,22,TACGCAGGGTCTCTCTTAGT,25,6591
TSS_1414_storz_regulondb,1.1304347826086956,47,22,TACCAGGCACATATAGCAAA,25,61523
TSS_1414_storz_regulondb,2.652173913043478,82,22,TACAGTTCCAGAGGTTACGT,60,27298
TSS_1414_storz_regulondb,2.0434782608695654,68,22,GTTGAAGGCGAGGGCGACGA,46,17332
TSS_1414_storz_regulondb,1.0869565217391304,46,22,GTTCCTTTCGGTTCGCGGAT,24,519
TSS_1414_storz_regulondb,1.5217391304347827,56,22,GTTATATCTGGCGATACCGT,34,13384
TSS_1414_storz_regulondb,17.73913043478261,429,22,GTGTCCGCTATATTGCGGAA,407,68551
TSS_1414_storz_regulondb,0.782608695652174,39,22,GTGAAGTAGGGCATGAGTCC,17,10904
TSS_1414_storz_regulondb,0.08695652173913043,23,22,GTGAACGGCGGAGCTATGTC,1,16643
TSS_1414_storz_regulondb,2.6956521739130435,83,22,GTATAGCTGTACAGATGAGT,61,32250
TSS_1414_storz_regulondb,2.5217391304347827,79,22,GTACAGTCTGGAGACCCGGT,57,55490
TSS_1414_storz_regulondb,2.0869565217391304,69,22,GTAAGGTGGCAAACGCTCAC,47,50414
TSS_1414_storz_regulondb,1.4782608695652173,55,22,GGTGTATCAAATGAGGTCTC,33,4296
TSS_1414_storz_regulondb,0.9565217391304348,43,22,GGGTGGCCACGTACGACTAT,21,69799
TSS_1414_storz_regulondb,0.6086956521739131,35,22,GGGCAACGGACCGGCAACCC,13,31590
TSS_1414_storz_regulondb,0.21739130434782608,26,22,GGCGATGTGACGGTTGTTCG,4,16856
TSS_1414_storz_regulondb,1.0434782608695652,45,22,GGATCTGTAGCATGCCTAGT,23,7906
TSS_1414_storz_regulondb,1.0,44,22,GGAGTGCCTGGTGGTTGGTC,22,66862
TSS_1414_storz_regulondb,0.6086956521739131,35,22,GCGAGTCATCTTTACGAACT,13,786
TSS_1414_storz_regulondb,4.173913043478261,117,22,GCCATCAAAGGCGGGTCTAA,95,24369
TSS_1414_storz_regulondb,0.08695652173913043,23,22,GCCAACTGCAGTCACCAGAA,1,10787
TSS_1414_storz_regulondb,1.0434782608695652,45,22,GCACACGGCGGGCAGAATTA,23,74406
TSS_1414_storz_regulondb,0.7391304347826086,38,22,GATTTTACGATCCAGGGATC,16,18598
TSS_1414_storz_regulondb,2.652173913043478,82,22,GATGATCCGGCGAAACCTGT,60,14981
TSS_1414_storz_regulondb,0.6956521739130435,37,22,GAGGTCGAAGCGGCTCTAGA,15,41769
TSS_1414_storz_regulondb,0.30434782608695654,28,22,GACACTTATGCGTTCGTATC,6,31731
TSS_1414_storz_regulondb,1.2608695652173914,50,22,GAATGGTTTGACAGGATGAC,28,38533
TSS_1414_storz_regulondb,2.5217391304347827,79,22,GAATCCGGTTGGTCGTGGTG,57,16161
TSS_1414_storz_regulondb,0.9130434782608695,42,22,CTTAGAGTACCTACTATTAT,20,39616
TSS_1414_storz_regulondb,1.0434782608695652,45,22,CTGAGAGGTGTATCCGACAC,23,52822
TSS_1414_storz_regulondb,0.9130434782608695,42,22,CTCGTGGCCAATTCAGGCGA,20,10553
TSS_1414_storz_regulondb,1.391304347826087,53,22,CTCCCTTACAGGCATCACTC,31,55723
TSS_1414_storz_regulondb,0.8260869565217391,40,22,CTCATTGATCCGTGCATCAT,18,6671
TSS_1414_storz_regulondb,4.695652173913044,129,22,CTAGACGTAAGATATCCACC,107,40086
TSS_1414_storz_regulondb,0.08695652173913043,23,22,CGTGTGGCAGTGATCATCCG,1,60533
TSS_1414_storz_regulondb,1.6956521739130435,60,22,CGTAGGTCGCCTTAGTTTTA,38,25317
TSS_1414_storz_regulondb,1.0434782608695652,45,22,CGGCAAGCTCGAGTATTCGG,23,66866
TSS_1414_storz_regulondb,1.2173913043478262,49,22,CGCGTCCCAACCCAATTATC,27,19142
TSS_1414_storz_regulondb,2.1739130434782608,71,22,CGCGAAACTCACGTTATTAT,49,20954
TSS_1414_storz_regulondb,0.6956521739130435,37,22,CCTGGCGTCGAAACACTCTA,15,54713
TSS_1414_storz_regulondb,1.3478260869565217,52,22,CCGAGATCTAAACTTCACCC,30,24553
TSS_1414_storz_regulondb,0.6086956521739131,35,22,CCCGTCCTTACTTCACCGGA,13,32954
TSS_1414_storz_regulondb,0.9130434782608695,42,22,CCACGTGATATCCGTACGAG,20,64049
TSS_1414_storz_regulondb,1.1304347826086956,47,22,CCACCGTGTTTAAGGGGCTC,25,14990
TSS_1414_storz_regulondb,2.5217391304347827,79,22,CCACCATTACTGTAGTGATA,57,30194
TSS_1414_storz_regulondb,0.17391304347826086,25,22,CCACAATTATCGACCCAAGA,3,28082
TSS_1414_storz_regulondb,1.0434782608695652,45,22,CCAATGTAGGTCTGCGAGGT,23,42246
TSS_1414_storz_regulondb,1.0434782608695652,45,22,CCAAAATGCGGTGGTTCACT,23,71201
TSS_1414_storz_regulondb,0.9130434782608695,42,22,CATTAGACTGTCCTAATTCG,20,59989
TSS_1414_storz_regulondb,1.1304347826086956,47,22,CATAAACAATGGCGTTGTTA,25,40125
TSS_1414_storz_regulondb,1.7826086956521738,62,22,CAGTTTCTTCTTGGAGACAG,40,12014
TSS_1414_storz_regulondb,1.173913043478261,48,22,CAGCGGCATAGATTCTGGGT,26,34311
TSS_1414_storz_regulondb,21.869565217391305,524,22,CACTCATGCATAGTTGTAAC,502,75003
TSS_1414_storz_regulondb,1.391304347826087,53,22,CACGGAGTGGTATCTGTTTT,31,785
TSS_1414_storz_regulondb,1.9565217391304348,66,22,CAATTCATGCCGGCATCTAT,44,29120
TSS_1414_storz_regulondb,1.3043478260869565,51,22,CAAAATGCAGGCTCGACGAT,29,11438
TSS_1414_storz_regulondb,0.08695652173913043,23,22,ATTGTCGGGTTCACGCAAGG,1,42504
TSS_1414_storz_regulondb,1.5217391304347827,56,22,ATGGATGAATAGTATGTATG,34,27841
TSS_1414_storz_regulondb,3.9130434782608696,111,22,ATCGCTATCCTAACGTTTAT,89,79873
TSS_1414_storz_regulondb,0.8260869565217391,40,22,ATAGGCCGGACTTTAAGGCG,18,56648
TSS_1414_storz_regulondb,1.7391304347826086,61,22,ATAAGTTTCAACGAGCAGGT,39,1970
TSS_1414_storz_regulondb,2.0,67,22,AGTGCAAGGCCGAGGTTTTT,45,31421
TSS_1414_storz_regulondb,0.08695652173913043,23,22,AGCGCGGTCACGGATTGTGC,1,78439
TSS_1414_storz_regulondb,0.08695652173913043,23,22,AGCCAGGGCCACAGGACTTT,1,16823
TSS_1414_storz_regulondb,0.8695652173913043,41,22,AGAGTCAAAGTGATGTAACG,19,15693
TSS_1414_storz_regulondb,0.8695652173913043,41,22,ACGGGAATCACCCTGAGAGG,19,26805
TSS_1414_storz_regulondb,3.347826086956522,98,22,ACGACTTTGGGTTTGTAACT,76,44664
TSS_1414_storz_regulondb,2.0434782608695654,68,22,ACGAAGTGTGGTGACGCGAA,46,7172
TSS_1414_storz_regulondb,0.6086956521739131,35,22,ACCGGTGCCATTCGGAATAC,13,33255
TSS_1414_storz_regulondb,0.30434782608695654,28,22,ACCAACTCCAGCGGACATTT,6,46922
TSS_1414_storz_regulondb,0.9565217391304348,43,22,AAGTGCGGCTCACCCATCGT,21,27606
TSS_1414_storz_regulondb,0.782608695652174,39,22,AAGGTTCGCGCCATTTAACA,17,77678
TSS_1414_storz_regulondb,0.6521739130434783,36,22,AAGGGTCCGCTTCGTGTCAC,14,21205
TSS_1414_storz_regulondb,2.9565217391304346,89,22,AAGCGTTATTGCACACAAGT,67,61798
TSS_1414_storz_regulondb,0.7391304347826086,38,22,AACTCCTCAAATCCTTTGAG,16,74658
TSS_1414_storz_regulondb,1.0869565217391304,46,22,AACGCGTTTCCGATTCGATG,24,23055
TSS_1414_storz_regulondb,1.1304347826086956,47,22,AACACCGGTCGAAGCGCTAA,25,49719
TSS_1414_storz_regulondb,0.09090909090909091,22,21,TTTGCCTCGTAGTGATCAGT,1,28260
TSS_1414_storz_regulondb,0.13636363636363635,23,21,TTTCGGCTTCTGTGCAATCT,2,57335
TSS_1414_storz_regulondb,0.8636363636363636,39,21,TTTCAATCCTTTGTCATCAA,18,29870
TSS_1414_storz_regulondb,0.9090909090909091,40,21,TTGTCAAGAGCGTCTCATTT,19,2953
TSS_1414_storz_regulondb,2.227272727272727,69,21,TTGGGGCTGGATTGAGACGC,48,60102
TSS_1414_storz_regulondb,0.9545454545454546,41,21,TTGCGAGGTGCGCTGCCTCA,20,31729
TSS_1414_storz_regulondb,0.8181818181818182,38,21,TTCAACCCACGAGCATGCTA,17,20667
TSS_1414_storz_regulondb,1.4545454545454546,52,21,TTATGGCTTCGCTACGTGTA,31,33667
TSS_1414_storz_regulondb,5.454545454545454,140,21,TTATGAGATGGAAGACAAAT,119,50724
TSS_1414_storz_regulondb,0.7272727272727273,36,21,TTAGTAAAGTTTCTTAAGGA,15,14581
TSS_1414_storz_regulondb,1.0,42,21,TTACCTTGAAATAGGCGATT,21,15593
TSS_1414_storz_regulondb,0.7272727272727273,36,21,TTAAATGTCATAGGTTGGTA,15,56349
TSS_1414_storz_regulondb,1.0909090909090908,44,21,TGCGTGGTCCGCATGTAATG,23,30486
TSS_1414_storz_regulondb,0.7272727272727273,36,21,TGACGCCGTGATGACCATGA,15,38917
TSS_1414_storz_regulondb,1.5909090909090908,55,21,TCTGGATCTGTACATACCAA,34,75404
TSS_1414_storz_regulondb,1.0454545454545454,43,21,TCGCCCGGGGGCGTAGGGAG,22,38241
TSS_1414_storz_regulondb,0.36363636363636365,28,21,TCCAACCGTCATCACAGTTG,7,13039
TSS_1414_storz_regulondb,1.4545454545454546,52,21,TCATTTTGGGGCGCATTCCT,31,16159
TSS_1414_storz_regulondb,1.6363636363636365,56,21,TCATCAAGCGTCCATTAGGA,35,44014
TSS_1414_storz_regulondb,1.6363636363636365,56,21,TCAGTGGATCGTAGACTTGT,35,52035
TSS_1414_storz_regulondb,0.7272727272727273,36,21,TCACACCCGCAGAGCGGGAC,15,23026
TSS_1414_storz_regulondb,1.1363636363636365,45,21,TCAATTCTAGCTCTCTCCGA,24,66420
TSS_1414_storz_regulondb,0.9545454545454546,41,21,TATCCGATTGGGTCTTATGA,20,74394
TSS_1414_storz_regulondb,1.3181818181818181,49,21,TATAGACCTGGCAGATAGAA,28,36726
TSS_1414_storz_regulondb,0.5454545454545454,32,21,TAGCAGGGGGCGGGTCAACC,11,46849
TSS_1414_storz_regulondb,1.0909090909090908,44,21,TAGATGGGGGTTTTGTTGGA,23,63706
TSS_1414_storz_regulondb,1.6818181818181819,57,21,GTTTGGTCGTGTTGTTTATC,36,55283
TSS_1414_storz_regulondb,1.0454545454545454,43,21,GTGGGGCAGTGGGGGGAGCT,22,1172
TSS_1414_storz_regulondb,1.0,42,21,GTGCCTCTTCGGATCCTGGA,21,45740
TSS_1414_storz_regulondb,0.09090909090909091,22,21,GTCAGACGACACACTGACAG,1,58674
TSS_1414_storz_regulondb,0.6818181818181818,35,21,GTATTTATGGTGCCTTGAGG,14,32510
TSS_1414_storz_regulondb,3.0,86,21,GTAGTTATAACATCTATGAC,65,38158
TSS_1414_storz_regulondb,2.1818181818181817,68,21,GTACGGACAGCAACTTTCTA,47,43739
TSS_1414_storz_regulondb,15.409090909090908,359,21,GTACCCGTATGCTATCGCTC,338,9078
TSS_1414_storz_regulondb,1.6363636363636365,56,21,GTAACATTCTGTCCTGGTCT,35,51860
TSS_1414_storz_regulondb,0.5,31,21,GTAAAAAACTGCTCAAACAA,10,56671
TSS_1414_storz_regulondb,0.5909090909090909,33,21,GGTCAAACCTTGTCATATGC,12,12165
TSS_1414_storz_regulondb,0.7727272727272727,37,21,GGGTATGTGACCGCCGAATT,16,49696
TSS_1414_storz_regulondb,1.2272727272727273,47,21,GGGCTCGCTCGGCGTTGCTA,26,36907
TSS_1414_storz_regulondb,1.2272727272727273,47,21,GGGACGCAAATCGGGTCATG,26,61195
TSS_1414_storz_regulondb,2.8636363636363638,83,21,GGCTTTACGTTGGGGTACAA,62,21995
TSS_1414_storz_regulondb,0.09090909090909091,22,21,GGCGTTAATGAGGAGGGTAT,1,76663
TSS_1414_storz_regulondb,1.2727272727272727,48,21,GGCGGCGGCTGGGCCACGAG,27,56477
TSS_1414_storz_regulondb,1.0909090909090908,44,21,GGCGCCCCACTTTAAGCTAT,23,32452
TSS_1414_storz_regulondb,0.5454545454545454,32,21,GGACATAACAGCCTGGGGGG,11,66723
TSS_1414_storz_regulondb,0.7727272727272727,37,21,GGAACTCTCCTCGCAAGGTA,16,38703
TSS_1414_storz_regulondb,6.0,152,21,GCGTTATGGCGCGTAGCTCC,131,75367
TSS_1414_storz_regulondb,0.7727272727272727,37,21,GCGTGAACATTTGTGGTAGC,16,32136
TSS_1414_storz_regulondb,0.13636363636363635,23,21,GCGCCACGAAGCACACTTGC,2,43615
TSS_1414_storz_regulondb,1.0,42,21,GCATGTGACGTATAGTTAAT,21,55026
TSS_1414_storz_regulondb,1.9545454545454546,63,21,GCATATGACGCTAACGCGTT,42,21115
TSS_1414_storz_regulondb,1.1818181818181819,46,21,GCAACTGAGGACCTGGGAAC,25,15402
TSS_1414_storz_regulondb,0.9545454545454546,41,21,GATGGGAGGCTCGATCGTTT,20,36124
TSS_1414_storz_regulondb,1.7272727272727273,58,21,GAGTCAGCAGTTGGTTCGGG,37,31420
TSS_1414_storz_regulondb,2.6818181818181817,79,21,GAGCTAATGGGTACCTTTTT,58,34106
TSS_1414_storz_regulondb,0.13636363636363635,23,21,GAGCGTGTGCCCAAGGATCC,2,26929
TSS_1414_storz_regulondb,1.2272727272727273,47,21,GACCGGCAAAACACAAGGGA,26,80483
TSS_1414_storz_regulondb,1.5454545454545454,54,21,GAATTGCCACAACCACAAAT,33,1243
TSS_1414_storz_regulondb,0.09090909090909091,22,21,GAAGTATACTTGTCACGTTT,1,57829
TSS_1414_storz_regulondb,0.09090909090909091,22,21,CTTAGTAGATTACATCAGTA,1,3589
TSS_1414_storz_regulondb,2.409090909090909,73,21,CTGTCGTAGCTACGAACACT,52,15251
TSS_1414_storz_regulondb,2.590909090909091,77,21,CTGGTTTCGTGTAGGTTAAA,56,2010
TSS_1414_storz_regulondb,1.7727272727272727,59,21,CTGCTAGCGGGCGATTTTGG,38,22534
TSS_1414_storz_regulondb,0.4090909090909091,29,21,CTGAGAGCCATACGCAACGA,8,34532
TSS_1414_storz_regulondb,4.2727272727272725,114,21,CTCGTAAACGGGCAGCGAAA,93,22002
TSS_1414_storz_regulondb,0.09090909090909091,22,21,CTCAGCAGTTGTGGGGGGCG,1,49121
TSS_1414_storz_regulondb,1.3636363636363635,50,21,CTATTCCCGAAGTTAGTGAA,29,33721
TSS_1414_storz_regulondb,1.2727272727272727,48,21,CTAGGTGAGAACTAAGGTTA,27,67674
TSS_1414_storz_regulondb,0.09090909090909091,22,21,CTACGACGGATTATCAGATA,1,1839
TSS_1414_storz_regulondb,0.8636363636363636,39,21,CGTTGGCCACGGCCGATTAA,18,35868
TSS_1414_storz_regulondb,1.4545454545454546,52,21,CGTAGTGAAAAACTGTTAGT,31,37417
TSS_1414_storz_regulondb,1.9090909090909092,62,21,CGGGCTGTTCATGAAAAGCC,41,79774
TSS_1414_storz_regulondb,1.0,42,21,CGGCCTGTGACTCCCCAAGA,21,27390
TSS_1414_storz_regulondb,1.7272727272727273,58,21,CGGCACAATAGTCCTTTCCC,37,10405
TSS_1414_storz_regulondb,1.4090909090909092,51,21,CGGACGCACCTGTCGTTCAT,30,6111
TSS_1414_storz_regulondb,3.6363636363636362,100,21,CGCAACCCAAAACATTTTAA,79,12038
TSS_1414_storz_regulondb,0.7272727272727273,36,21,CCTTACCCAAAGATGCTAGT,15,16694
TSS_1414_storz_regulondb,1.0454545454545454,43,21,CCGTACTACTTGACAGCCGT,22,61056
TSS_1414_storz_regulondb,0.6818181818181818,35,21,CCGCCAAGATAAAGGGGACG,14,27053
TSS_1414_storz_regulondb,1.2727272727272727,48,21,CCGCATCAGCATTACGCTCT,27,29174
TSS_1414_storz_regulondb,0.7272727272727273,36,21,CATGGCCATCTCGCTAGACC,15,59157
TSS_1414_storz_regulondb,7.590909090909091,187,21,CATGCTCAGGAGACGCCAGG,166,67467
TSS_1414_storz_regulondb,3.5,97,21,CATCGTTTACAGCTCAAGGG,76,57665
TSS_1414_storz_regulondb,1.1363636363636365,45,21,CATAATACCGCTAAATTCAA,24,34449
TSS_1414_storz_regulondb,1.3181818181818181,49,21,CAGTAGCTCAGTACTCCACA,28,57966
TSS_1414_storz_regulondb,4.181818181818182,112,21,CAGATTGGAACGGTTGCCGA,91,616
TSS_1414_storz_regulondb,0.09090909090909091,22,21,CACTTCACGAGGCAAATTGT,1,70693
TSS_1414_storz_regulondb,0.6818181818181818,35,21,CACTGGCTCTCACATTTTGA,14,44533
TSS_1414_storz_regulondb,0.3181818181818182,27,21,ATTGTGGCCCTAGACGGTAG,6,64428
TSS_1414_storz_regulondb,1.2272727272727273,47,21,ATTCAACACCCAACTGTTCC,26,26268
TSS_1414_storz_regulondb,0.7727272727272727,37,21,ATTAGGTCTAAATACCTCCA,16,7461
TSS_1414_storz_regulondb,2.272727272727273,70,21,ATGACAGCCAGGGCAATCGC,49,1423
TSS_1414_storz_regulondb,1.0,42,21,ATCTCTCATTCTCTAGCTGT,21,58569
TSS_1414_storz_regulondb,1.0454545454545454,43,21,ATCGCGTAGGTCTGACCAGC,22,62712
TSS_1414_storz_regulondb,1.4090909090909092,51,21,ATCCCAATGTTGGGACTGAA,30,21809
TSS_1414_storz_regulondb,1.4090909090909092,51,21,ATCCAATGTGACGGCTGGGA,30,73926
TSS_1414_storz_regulondb,1.5454545454545454,54,21,ATCACCAACTGCGGTTCCCG,33,16841
TSS_1414_storz_regulondb,1.6363636363636365,56,21,ATCACAAAGGCCCCAAGACG,35,21354
TSS_1414_storz_regulondb,0.09090909090909091,22,21,ATATTGACAGGGCGCTCATT,1,7544
TSS_1414_storz_regulondb,1.0909090909090908,44,21,ATATCCAACGGCAGAACCGA,23,13077
TSS_1414_storz_regulondb,1.1818181818181819,46,21,ATATATACACAGTTCTGGAG,25,33271
TSS_1414_storz_regulondb,0.3181818181818182,27,21,ATAGCAGACATGTAAGACTG,6,724
TSS_1414_storz_regulondb,2.0454545454545454,65,21,ATACCGCAGGTGAACAGGAG,44,73167
TSS_1414_storz_regulondb,1.0,42,21,AGTCGTAACCCTCAGCCGAA,21,55531
TSS_1414_storz_regulondb,0.8181818181818182,38,21,AGAGTCAAGATGCAGAAGTA,17,74889
TSS_1414_storz_regulondb,0.8181818181818182,38,21,ACGATGTATAGCATTTGTTT,17,31865
TSS_1414_storz_regulondb,2.590909090909091,77,21,ACGACCTAGCTCGGGACATT,56,12137
TSS_1414_storz_regulondb,3.8181818181818183,104,21,ACCGTTCAGGAACCATTTGC,83,50553
TSS_1414_storz_regulondb,0.7727272727272727,37,21,ACCGGTAGGTTTCCGACCTT,16,62259
TSS_1414_storz_regulondb,1.6363636363636365,56,21,ACCAAAAAACCTCACGTTTG,35,5621
TSS_1414_storz_regulondb,0.7272727272727273,36,21,AATTGTGTGTATTGATAGTT,15,75905
TSS_1414_storz_regulondb,1.3636363636363635,50,21,AATCTTAAGTTAAGTTAGAC,29,25237
TSS_1414_storz_regulondb,1.0454545454545454,43,21,AATCTAGCGGCAGGTACCAA,22,11443
TSS_1414_storz_regulondb,1.0909090909090908,44,21,AATAAAAATCCTCTATGTAT,23,26494
TSS_1414_storz_regulondb,1.3636363636363635,50,21,AAGCGAATCTACGAACCCAG,29,7584
TSS_1414_storz_regulondb,1.7727272727272727,59,21,AAGATAGGGCCAATGCAGTA,38,64040
TSS_1414_storz_regulondb,1.0,42,21,AACTCCGGTTACGGATTTGC,21,12104
TSS_1414_storz_regulondb,1.8636363636363635,61,21,AACTATTGGCATTCTTCCTG,40,68498
TSS_1414_storz_regulondb,0.8636363636363636,39,21,AAATCTTTCTGGCGTTGTTA,18,43946
TSS_1414_storz_regulondb,1.8095238095238095,57,20,TTTTAAAAGTTGCTGATTAA,37,57775
TSS_1414_storz_regulondb,0.09523809523809523,21,20,TTTATGCTTGAGGCCAATAT,1,12962
TSS_1414_storz_regulondb,0.09523809523809523,21,20,TTTAATCGGGGGATTATTCT,1,34218
TSS_1414_storz_regulondb,1.8571428571428572,58,20,TTGTAGAGCTTCACATCGGT,38,13896
TSS_1414_storz_regulondb,0.14285714285714285,22,20,TTGCGGGCGCAGGCTGGGTG,2,5053
TSS_1414_storz_regulondb,1.2857142857142858,46,20,TTGCCTATCCCTGGTCGGCC,26,12169
TSS_1414_storz_regulondb,1.0476190476190477,41,20,TTCTGGCGGGGGAACTTCTC,21,52624
TSS_1414_storz_regulondb,1.9523809523809523,60,20,TTCTCTAAATCCTCTGACTG,40,54414
TSS_1414_storz_regulondb,1.1904761904761905,44,20,TTCTCATCGAGCTCCTGATG,24,51440
TSS_1414_storz_regulondb,0.7142857142857143,34,20,TTATTTCTTTGACACCTTAT,14,11662
TSS_1414_storz_regulondb,4.285714285714286,109,20,TTATTACAGACTTATACGTT,89,29473
TSS_1414_storz_regulondb,1.2380952380952381,45,20,TTAGACGTTAAGGGACTATG,25,42956
TSS_1414_storz_regulondb,1.3333333333333333,47,20,TGTCATTCGACAATGATGCT,27,78719
TSS_1414_storz_regulondb,4.0476190476190474,104,20,TGGGGGCTGACGCCGGGCAT,84,17127
TSS_1414_storz_regulondb,2.3333333333333335,68,20,TGGGGACACCCCAGCAACGA,48,27305
TSS_1414_storz_regulondb,2.1904761904761907,65,20,TGGCGCGCACGCAGCACTGG,45,17718
TSS_1414_storz_regulondb,5.571428571428571,136,20,TGGCACTACGGAACCTTTGA,116,27516
TSS_1414_storz_regulondb,0.09523809523809523,21,20,TGGCAATAACCTCTTATGGT,1,23805
TSS_1414_storz_regulondb,1.0476190476190477,41,20,TGCGCACTACATAAAATTAT,21,43428
TSS_1414_storz_regulondb,1.8571428571428572,58,20,TGCAGAGTACCGCAGCGTGG,38,77587
TSS_1414_storz_regulondb,1.9047619047619047,59,20,TCTTTACCAACCATGTTCGG,39,42445
TSS_1414_storz_regulondb,0.2857142857142857,25,20,TCTTGCGCCACGGTCTAACA,5,4728
TSS_1414_storz_regulondb,2.857142857142857,79,20,TCTAAGCCAGATTAGGGCTC,59,14807
TSS_1414_storz_regulondb,1.2857142857142858,46,20,TCGCCCCCTTCCCCGGGGAT,26,24556
TSS_1414_storz_regulondb,1.3333333333333333,47,20,TCCTGGCGTCTGAACGGGAC,27,11684
TSS_1414_storz_regulondb,0.5238095238095238,30,20,TCAATGGGACACTGTGCTGG,10,12958
TSS_1414_storz_regulondb,1.0476190476190477,41,20,TCAATGCAGCTCCTCAGCTA,21,2616
TSS_1414_storz_regulondb,1.619047619047619,53,20,TCAAGGGAGGATCTGGTGGA,33,42764
TSS_1414_storz_regulondb,1.0476190476190477,41,20,TCAACTTCGTGGAGTTCAAC,21,56198
TSS_1414_storz_regulondb,0.6666666666666666,33,20,TCAAAGTTCCGTTATAAGAC,13,15107
TSS_1414_storz_regulondb,1.9047619047619047,59,20,TATGGGGCGGACCCCTAACA,39,9718
TSS_1414_storz_regulondb,1.5238095238095237,51,20,TAGGTTACCGCATGTCAGGA,31,32866
TSS_1414_storz_regulondb,1.4761904761904763,50,20,TAGGTCACTCAGTTCCAGAA,30,24493
TSS_1414_storz_regulondb,3.0,82,20,TACGCTTGCGTGTTAGCTGA,62,31434
TSS_1414_storz_regulondb,11.19047619047619,254,20,TACCGTGCACCCGTGCATCA,234,44850
TSS_1414_storz_regulondb,3.857142857142857,100,20,GTTTTGCCGAGGTGCCACCT,80,13381
TSS_1414_storz_regulondb,1.1428571428571428,43,20,GTTCGTTATTCACTCCAATG,23,76121
TSS_1414_storz_regulondb,2.1904761904761907,65,20,GTTATGTACCTCCCAACCTG,45,48796
TSS_1414_storz_regulondb,5.142857142857143,127,20,GTGTTGTTTAGAGACCAGAT,107,30616
TSS_1414_storz_regulondb,13.666666666666666,306,20,GTGGTTAGAACATTTTCGGT,286,75050
TSS_1414_storz_regulondb,2.4761904761904763,71,20,GTGCTGGGTCCGATCCTTAT,51,56176
TSS_1414_storz_regulondb,0.7619047619047619,35,20,GTGCGCGTCGTTGCAATCAA,15,48057
TSS_1414_storz_regulondb,1.4285714285714286,49,20,GTGCACTAATCCTACTTGAA,29,58779
TSS_1414_storz_regulondb,1.380952380952381,48,20,GTGAGTTTAGAGACCATGCT,28,61298
TSS_1414_storz_regulondb,2.5238095238095237,72,20,GTGACTTATCGCAAAGAGTT,52,72977
TSS_1414_storz_regulondb,1.8571428571428572,58,20,GTCCTGACACGGTGGCGTGG,38,17298
TSS_1414_storz_regulondb,6.380952380952381,153,20,GTCATACCCGCTAGAAGCTG,133,19743
TSS_1414_storz_regulondb,0.3333333333333333,26,20,GTATAGACCCAGATGCGGAT,6,20440
TSS_1414_storz_regulondb,1.1428571428571428,43,20,GTAGCGTTATTAAAACCCGA,23,10750
TSS_1414_storz_regulondb,2.619047619047619,74,20,GTAGAACGGCATCTGTAGCC,54,49535
TSS_1414_storz_regulondb,0.7619047619047619,35,20,GTACTGTCCACGCAATAAAT,15,2019
TSS_1414_storz_regulondb,0.09523809523809523,21,20,GTACATCGGCACGCAAAATT,1,72795
TSS_1414_storz_regulondb,2.380952380952381,69,20,GTAAGGTATCTATGGTACAT,49,1722
TSS_1414_storz_regulondb,1.5714285714285714,52,20,GGTTTCCCGAGGGTAGCTGC,32,33932
TSS_1414_storz_regulondb,0.47619047619047616,29,20,GGTTCGGCTGCGGCAGCGAT,9,25094
TSS_1414_storz_regulondb,1.0,40,20,GGTACAGCACGACGGTGGAA,20,12106
TSS_1414_storz_regulondb,1.5714285714285714,52,20,GGGCTCGAGCAGTATTTTAT,32,32606
TSS_1414_storz_regulondb,0.09523809523809523,21,20,GGCGCGCGAAATTAAGCGTG,1,36807
TSS_1414_storz_regulondb,0.09523809523809523,21,20,GGCACTGCATACCTCGGCAT,1,51491
TSS_1414_storz_regulondb,3.3333333333333335,89,20,GGAGTTTATATAAAAATGCT,69,52935
TSS_1414_storz_regulondb,8.714285714285714,202,20,GGAGGGGTTCAGCTCCGCAA,182,75823
TSS_1414_storz_regulondb,0.47619047619047616,29,20,GGAACCGCGCGCTCCGATAA,9,2952
TSS_1414_storz_regulondb,1.0952380952380953,42,20,GGAAATATAATACCCTTGAA,22,1426
TSS_1414_storz_regulondb,0.9523809523809523,39,20,GCTTTCTGATGGGCTGGAGA,19,16351
TSS_1414_storz_regulondb,1.0,40,20,GCTTAGGCGCTAGTGGTATC,20,29681
TSS_1414_storz_regulondb,1.619047619047619,53,20,GCTTACTCAGGAACTACCTG,33,15323
TSS_1414_storz_regulondb,0.7142857142857143,34,20,GCTCCTGTACCTGGGCGCAA,14,24864
TSS_1414_storz_regulondb,1.1428571428571428,43,20,GCGTATTATAGCGGGGATCC,23,53936
TSS_1414_storz_regulondb,3.5714285714285716,94,20,GCGATGAAAGTTCGACGAGC,74,3437
TSS_1414_storz_regulondb,0.6190476190476191,32,20,GCGAATTGAGCGACTGTTCT,12,79294
TSS_1414_storz_regulondb,2.142857142857143,64,20,GCCTTGCGCTAGGCAGCGCA,44,73404
TSS_1414_storz_regulondb,0.9523809523809523,39,20,GCCGTTTGTATGCTTCCTAA,19,66913
TSS_1414_storz_regulondb,1.9523809523809523,60,20,GCCGAAGCGATCATCACAAT,40,25040
TSS_1414_storz_regulondb,0.7619047619047619,35,20,GCATCCGGTGCTTAGTTCAC,15,19240
TSS_1414_storz_regulondb,0.9523809523809523,39,20,GCACGTCCAGTCAGCCGGCA,19,1664
TSS_1414_storz_regulondb,2.857142857142857,79,20,GATGGCTGATCGCCTTAATA,59,46499
TSS_1414_storz_regulondb,0.47619047619047616,29,20,GAGGCAGAGCCTTTAACATC,9,70267
TSS_1414_storz_regulondb,0.7142857142857143,34,20,GACTACCTTTCCTAGGCTTC,14,71823
TSS_1414_storz_regulondb,1.619047619047619,53,20,GAATTCAGACCAACCGGTGT,33,48748
TSS_1414_storz_regulondb,8.380952380952381,195,20,CTTTGCGCCTCTTAACGATG,175,47743
TSS_1414_storz_regulondb,26.38095238095238,573,20,CTTTATGTAACCCCAATGGT,553,50990
TSS_1414_storz_regulondb,1.0,40,20,CTTCGGGTTAAGAGCCGTCT,20,63643
TSS_1414_storz_regulondb,1.4761904761904763,50,20,CTTCCTGAAGCGGGGTTTAG,30,3741
TSS_1414_storz_regulondb,1.4761904761904763,50,20,CTTCACGGAGGGGGCCTTCT,30,13146
TSS_1414_storz_regulondb,1.4285714285714286,49,20,CTGGTCGCTAAGCATACCCA,29,65100
TSS_1414_storz_regulondb,0.9523809523809523,39,20,CTCTGGTTTCCAGAGCTGTA,19,40618
TSS_1414_storz_regulondb,119.80952380952381,2535,20,CTCCTGTCTTTCTTCCGTAA,2515,38505
TSS_1414_storz_regulondb,0.8095238095238095,36,20,CTCCCGTCAGTTTTCTTGTT,16,15095
TSS_1414_storz_regulondb,1.5714285714285714,52,20,CTATATTCGACCCCCAAATA,32,8760
TSS_1414_storz_regulondb,1.1428571428571428,43,20,CTAGCCTACGCTTCCGGATT,23,17880
TSS_1414_storz_regulondb,0.09523809523809523,21,20,CTACTTACCTCGCCAGCAGA,1,75580
TSS_1414_storz_regulondb,0.14285714285714285,22,20,CGTTCGAGGATGCCAGTTCT,2,39852
TSS_1414_storz_regulondb,1.0,40,20,CGTGAGTAAAGCCCAAGCTG,20,47233
TSS_1414_storz_regulondb,0.09523809523809523,21,20,CGGTCCATTGAAGTCTTTCG,1,17762
TSS_1414_storz_regulondb,0.6190476190476191,32,20,CGGTCAATACGCTCGAAGCC,12,68884
TSS_1414_storz_regulondb,1.8095238095238095,57,20,CGGTATTTTGAATTTCAGGA,37,48716
TSS_1414_storz_regulondb,1.5714285714285714,52,20,CGGGTTCCCCAAGGGCTAAT,32,11834
TSS_1414_storz_regulondb,0.9523809523809523,39,20,CGGAATGACTGCTCATGGTA,19,12107
TSS_1414_storz_regulondb,1.5238095238095237,51,20,CGCTGGGGTGTTTCGCAAAA,31,66304
TSS_1414_storz_regulondb,1.9523809523809523,60,20,CGCCCCTCCACCTAACTGCT,40,32144
TSS_1414_storz_regulondb,1.3333333333333333,47,20,CGACATGGCATTCGGCAAGT,27,6904
TSS_1414_storz_regulondb,0.7619047619047619,35,20,CCTTGTCGCAGTATGATTCT,15,69241
TSS_1414_storz_regulondb,0.9047619047619048,38,20,CCTCTATAGGTCGCTCGGTA,18,66702
TSS_1414_storz_regulondb,1.380952380952381,48,20,CCTAAGGTGAAAGGACACCC,28,60205
TSS_1414_storz_regulondb,2.142857142857143,64,20,CCGTCACAGAAAGCTCCCCG,44,40444
TSS_1414_storz_regulondb,2.380952380952381,69,20,CCGGCGGCCGCATAAAGACA,49,13388
TSS_1414_storz_regulondb,0.9523809523809523,39,20,CCGGCGAAGGAGTTACTAAT,19,46167
TSS_1414_storz_regulondb,1.0952380952380953,42,20,CCGCACGGAATATTTAATCG,22,49292
TSS_1414_storz_regulondb,0.42857142857142855,28,20,CCCGTCCCCATATGGGAATT,8,28460
TSS_1414_storz_regulondb,3.2857142857142856,88,20,CCCGTAGAGGATGTTTTCTA,68,48224
TSS_1414_storz_regulondb,0.9047619047619048,38,20,CCCGAGTTACTAGAATTGTT,18,64045
TSS_1414_storz_regulondb,0.8095238095238095,36,20,CCATCATACCTGAAACATAT,16,35690
TSS_1414_storz_regulondb,0.8095238095238095,36,20,CCACTGTATCTCTCTTAGTA,16,76459
TSS_1414_storz_regulondb,2.2857142857142856,67,20,CCACGCCACACTAACGTTAT,47,28618
TSS_1414_storz_regulondb,3.5238095238095237,93,20,CCACCTTAGGTGGCGAAAAT,73,49827
TSS_1414_storz_regulondb,0.9047619047619048,38,20,CCACCGCGGGGATTAATGGT,18,35653
TSS_1414_storz_regulondb,2.761904761904762,77,20,CCACCCGCAGCTCTGGGTAC,57,50919
TSS_1414_storz_regulondb,1.1428571428571428,43,20,CCAACCCAGCAGTGGATCCT,23,11123
TSS_1414_storz_regulondb,0.6190476190476191,32,20,CATTGATGAGAACACGCGGA,12,16154
TSS_1414_storz_regulondb,1.4761904761904763,50,20,CAGGATTACCTCGGGTGTGA,30,10264
TSS_1414_storz_regulondb,1.3333333333333333,47,20,CAGGATAACCTTGGTATGGG,27,14360
TSS_1414_storz_regulondb,2.238095238095238,66,20,CACGGCTGGTCACTTGCGCA,46,10252
TSS_1414_storz_regulondb,2.238095238095238,66,20,CACCTTCCAAGTTTCAATTA,46,63823
TSS_1414_storz_regulondb,1.619047619047619,53,20,CACAGAGGCCGTCGGTGAGC,33,6956
TSS_1414_storz_regulondb,3.380952380952381,90,20,CAATCGTTGCGCTGTCCGGA,70,57519
TSS_1414_storz_regulondb,1.0952380952380953,42,20,CAATAACGGGTACCCCAACA,22,49633
TSS_1414_storz_regulondb,1.4761904761904763,50,20,CAAAAGAGTAAATCCTTTGT,30,32293
TSS_1414_storz_regulondb,1.2380952380952381,45,20,CAAAAAACTGGAAGGATAAT,25,48726
TSS_1414_storz_regulondb,2.2857142857142856,67,20,ATTTATAAAGGAAGGTCTTG,47,40429
TSS_1414_storz_regulondb,0.38095238095238093,27,20,ATTAGTTGATTCAACACTCG,7,32507
TSS_1414_storz_regulondb,0.7142857142857143,34,20,ATGGTTCTCCTAGTTCGCAT,14,49930
TSS_1414_storz_regulondb,0.09523809523809523,21,20,ATCCGGAGCCTCGAAGCATC,1,60004
TSS_1414_storz_regulondb,2.2857142857142856,67,20,ATATTTGTGTACGTGGGGTA,47,47395
TSS_1414_storz_regulondb,0.19047619047619047,23,20,ATAGCTTATGCCTTATTCCA,3,28448
TSS_1414_storz_regulondb,1.5714285714285714,52,20,ATAGACGCGCAGCCAGCAAA,32,77348
TSS_1414_storz_regulondb,0.8095238095238095,36,20,AGGTATTTCTCCAAGGCGGA,16,68605
TSS_1414_storz_regulondb,2.1904761904761907,65,20,AGGGTCATTCGGCAACACCA,45,5245
TSS_1414_storz_regulondb,6.190476190476191,149,20,AGGCTGGACCTATGTGAAGT,129,6377
TSS_1414_storz_regulondb,0.09523809523809523,21,20,AGGCCGCGGGGGGTAAGTTC,1,47530
TSS_1414_storz_regulondb,2.2857142857142856,67,20,AGGATTGTACCAAAATCAAT,47,14808
TSS_1414_storz_regulondb,1.0952380952380953,42,20,AGCTCGCGTTAAGTGCTCAT,22,4426
TSS_1414_storz_regulondb,1.1428571428571428,43,20,AGCCAATAGTGGCGCGGCTG,23,80269
TSS_1414_storz_regulondb,1.3333333333333333,47,20,AGCACGGGGTACGCTGCCGT,27,36869
TSS_1414_storz_regulondb,1.4285714285714286,49,20,AGAGTAAATTGGATGTCTGC,29,49431
TSS_1414_storz_regulondb,1.9047619047619047,59,20,AGAGCTCAGTTTAGCACTCC,39,28503
TSS_1414_storz_regulondb,1.3333333333333333,47,20,AGAATTGAATATCAGGAAAT,27,31948
TSS_1414_storz_regulondb,1.1428571428571428,43,20,ACTGTTTTTAGATCCTTTTT,23,38985
TSS_1414_storz_regulondb,0.7142857142857143,34,20,ACTGGGGATCTGCATTCTGC,14,465
TSS_1414_storz_regulondb,1.4285714285714286,49,20,ACTATGGATTTTAACGATCA,29,23804
TSS_1414_storz_regulondb,0.7142857142857143,34,20,ACCAAGGGAACGTGGTAGAT,14,21656
TSS_1414_storz_regulondb,1.8095238095238095,57,20,ACAAGACGTTACTGTGGCGG,37,4532
TSS_1414_storz_regulondb,0.38095238095238093,27,20,ACAACCGAGTATTCACACTG,7,37740
TSS_1414_storz_regulondb,1.5238095238095237,51,20,AATGGCACGCTATGGCTAAC,31,44683
TSS_1414_storz_regulondb,1.1904761904761905,44,20,AATAAAGGAATTTAGTGATA,24,36797
TSS_1414_storz_regulondb,1.0476190476190477,41,20,AAGGCCTCGAAATTTGTTCC,21,12913
TSS_1414_storz_regulondb,1.7142857142857142,55,20,AACGGTCAAAAGTTGCGACA,35,12393
TSS_1414_storz_regulondb,1.0952380952380953,42,20,AACGGCGGACGATTAACAGT,22,73297
TSS_1414_storz_regulondb,2.9523809523809526,81,20,AACAGATAATCGAAGCTGCG,61,30785
TSS_1414_storz_regulondb,1.380952380952381,48,20,AACAAAAGGCGAAACCTCGT,28,44335
TSS_1414_storz_regulondb,4.190476190476191,107,20,AAAGGGAATAAGCGCTTGGG,87,61995
TSS_1414_storz_regulondb,2.2,62,19,TTTGAACTATTAGTTCCACT,43,80730
TSS_1414_storz_regulondb,0.6,30,19,TTTCTATGCATGTCTTTCCT,11,62187
TSS_1414_storz_regulondb,1.15,41,19,TTTAATAAACCATACATACA,22,47985
TSS_1414_storz_regulondb,1.65,51,19,TTGGTTCCCTGAATACTGGG,32,29815
TSS_1414_storz_regulondb,1.3,44,19,TTCTGGCGAAGGAGTTCCGG,25,34359
TSS_1414_storz_regulondb,0.8,34,19,TTCTCGTGCATAGGTGTTTA,15,68264
TSS_1414_storz_regulondb,0.1,20,19,TTCGCTGAGATTTGTCGCTC,1,40794
TSS_1414_storz_regulondb,1.75,53,19,TTCGCGCACATGGATCTCGA,34,11556
TSS_1414_storz_regulondb,0.1,20,19,TTCCTAATGAGATGCTTCTT,1,78972
TSS_1414_storz_regulondb,1.75,53,19,TTCCGAATGCAACCTCTATG,34,18232
TSS_1414_storz_regulondb,0.65,31,19,TTCCAGGTGGCTCGCTTAGA,12,2947
TSS_1414_storz_regulondb,10.65,231,19,TTAATCTTACTGACGGCCTG,212,54771
TSS_1414_storz_regulondb,0.8,34,19,TTAACGGGGCTGTTTTCTGT,15,47715
TSS_1414_storz_regulondb,1.2,42,19,TGTTCCCGCAGTAACTCGCA,23,53719
TSS_1414_storz_regulondb,0.1,20,19,TGTATCTGCTTTCCTAAGGG,1,65085
TSS_1414_storz_regulondb,0.9,36,19,TGTAACGTCTATATCTGCGA,17,12806
TSS_1414_storz_regulondb,0.1,20,19,TGGTCAGGTCAATCGGTCGT,1,10126
TSS_1414_storz_regulondb,0.1,20,19,TGCCTCTGAACATCTTAACG,1,33674
TSS_1414_storz_regulondb,10.3,224,19,TCTTCACTCTCGTCTTAGTT,205,35239
TSS_1414_storz_regulondb,1.05,39,19,TCTGGGGTGCGGTTTCAGAA,20,59549
TSS_1414_storz_regulondb,1.05,39,19,TCGGGACAAGACGAATTGTA,20,49746
TSS_1414_storz_regulondb,4.05,99,19,TCGATCAGTCCCTTAACTTT,80,47809
TSS_1414_storz_regulondb,4.65,111,19,TCGAAGAGGTTTATAGCTAC,92,42682
TSS_1414_storz_regulondb,0.9,36,19,TCCGCTACAGTCAATAATAG,17,30606
TSS_1414_storz_regulondb,1.8,54,19,TCCCAGGGGAGTAAAACCCA,35,7821
TSS_1414_storz_regulondb,1.25,43,19,TCCATTGGTGCACCGAGAAC,24,14929
TSS_1414_storz_regulondb,1.3,44,19,TCATTAAGTCCTGACCACAC,25,48867
TSS_1414_storz_regulondb,1.85,55,19,TCATCGTAGGACTGCTTGAT,36,61082
TSS_1414_storz_regulondb,0.3,24,19,TCATATCATTTACGCGAGCA,5,75495
TSS_1414_storz_regulondb,1.25,43,19,TCAGGCTAGAATTACTACAT,24,33976
TSS_1414_storz_regulondb,1.4,46,19,TATTCTTCTCAGCACGTGCA,27,6875
TSS_1414_storz_regulondb,0.7,32,19,TATGTTTCTAGGTCAAGGGC,13,47546
TSS_1414_storz_regulondb,2.1,60,19,TATGTGAACGATTGTGTTTC,41,25387
TSS_1414_storz_regulondb,2.8,74,19,TATAGTTGGGGATACTAGGA,55,79229
TSS_1414_storz_regulondb,21.5,448,19,TACTTCCGAGGGGACGCATA,429,56839
TSS_1414_storz_regulondb,1.55,49,19,TACGACATACATGTGCCGCA,30,64597
TSS_1414_storz_regulondb,0.85,35,19,TAACGGGTTTTTTAGGCCTG,16,58447
TSS_1414_storz_regulondb,1.8,54,19,GTGTTTTCACCTCCAGACGT,35,17414
TSS_1414_storz_regulondb,1.0,38,19,GTCTGTGCAGCACTGAGACA,19,2068
TSS_1414_storz_regulondb,1.05,39,19,GTCCTTCGGGTAGGCCCATG,20,28809
TSS_1414_storz_regulondb,2.9,76,19,GTCCGAGCCTGCACTCCTAC,57,58082
TSS_1414_storz_regulondb,0.6,30,19,GTAAATTAATACGTAGGCCT,11,73738
TSS_1414_storz_regulondb,0.1,20,19,GGTGACCATTTCGTTCTATG,1,34778
TSS_1414_storz_regulondb,0.1,20,19,GGTCGGATATCCAGATTGTT,1,15835
TSS_1414_storz_regulondb,2.15,61,19,GGGTATCTGTTACTCAAAAA,42,7987
TSS_1414_storz_regulondb,0.55,29,19,GGCTCAAGAGATTTTGTTTG,10,12194
TSS_1414_storz_regulondb,0.1,20,19,GGAGAACTTTCCCTGGACCA,1,19908
TSS_1414_storz_regulondb,2.1,60,19,GGACGACGCGTGGCCATTTG,41,67985
TSS_1414_storz_regulondb,1.65,51,19,GCTTGGGAAAAGCTCTTGAT,32,54013
TSS_1414_storz_regulondb,2.45,67,19,GCGTCACGAAAAATCATTCT,48,25046
TSS_1414_storz_regulondb,0.75,33,19,GCGAGATAGAAAATGGGGCG,14,54282
TSS_1414_storz_regulondb,1.25,43,19,GCCCGTACTCCCCGCACGAA,24,14086
TSS_1414_storz_regulondb,2.1,60,19,GCCCGCATAATCCAGGCGCT,41,73956
TSS_1414_storz_regulondb,2.4,66,19,GCATGACGAGCAGTCACAAA,47,57850
TSS_1414_storz_regulondb,1.2,42,19,GCACGGTTGTGGCGCCGTGT,23,49346
TSS_1414_storz_regulondb,0.1,20,19,GCAACCGTCCCCACGCTGCA,1,75188
TSS_1414_storz_regulondb,3.65,91,19,GATTCACCCGAACGGGCGCG,72,64139
TSS_1414_storz_regulondb,0.85,35,19,GATCCAAGTCCAGGAGAGGC,16,6311
TSS_1414_storz_regulondb,0.65,31,19,GATATATCGGCTTCTTAGAC,12,40141
TSS_1414_storz_regulondb,5.45,127,19,GAGTAAGTGTGTATTACCTA,108,61613
TSS_1414_storz_regulondb,0.15,21,19,GACTATACCGAAAGCATTCC,2,11580
TSS_1414_storz_regulondb,0.85,35,19,GACTACGTCTCAGTATTTAA,16,69881
TSS_1414_storz_regulondb,1.15,41,19,GAAGCGTGTCAAAGGGAGTG,22,41375
TSS_1414_storz_regulondb,1.0,38,19,GAACCTGTCATATGCCGCTT,19,34849
TSS_1414_storz_regulondb,0.1,20,19,GAACCTGATCATCAGGGGCT,1,23684
TSS_1414_storz_regulondb,0.65,31,19,GAACATGCTTCACTGTCCCA,12,56532
TSS_1414_storz_regulondb,0.65,31,19,CTTTAGGGTCAACTAGATAG,12,80582
TSS_1414_storz_regulondb,0.55,29,19,CTTGGTTATCTGTTCTATAA,10,37915
TSS_1414_storz_regulondb,1.25,43,19,CTTGATAGGACCGAGTTGTG,24,11426
TSS_1414_storz_regulondb,0.1,20,19,CTGGGTTCAAAGCCAGGTCA,1,32236
TSS_1414_storz_regulondb,2.5,68,19,CTGCTCTCCTAAGTCATCGG,49,15833
TSS_1414_storz_regulondb,1.1,40,19,CTGATCGCGCCAAGTAAGTG,21,19058
TSS_1414_storz_regulondb,1.75,53,19,CTCATGTTGTGTTATGACAC,34,51876
TSS_1414_storz_regulondb,6.35,145,19,CTACGAAGCGTTAACTGCCA,126,32579
TSS_1414_storz_regulondb,1.65,51,19,CGTTGTCCATGTTAGGCGTA,32,65279
TSS_1414_storz_regulondb,9.05,199,19,CGGGACCTCGGGCGGAGTGT,180,38147
TSS_1414_storz_regulondb,1.4,46,19,CGGAGTGCGCCAAATTATCG,27,52487
TSS_1414_storz_regulondb,1.3,44,19,CGCTTATATAAGGGTCCGGT,25,42113
TSS_1414_storz_regulondb,4.8,114,19,CGCGAATCGGGCAATGACAC,95,62042
TSS_1414_storz_regulondb,0.15,21,19,CGCCTAGGGAAGAATACCTA,2,75984
TSS_1414_storz_regulondb,1.55,49,19,CCTTGATTCAGCGAGTCGTC,30,72045
TSS_1414_storz_regulondb,0.1,20,19,CCTTCGGACACTGTGGTCCC,1,33118
TSS_1414_storz_regulondb,1.2,42,19,CCTCGCTCCGTGTAAGCAAT,23,17615
TSS_1414_storz_regulondb,0.8,34,19,CCTCCGCTTATAAATTAGAG,15,30744
TSS_1414_storz_regulondb,0.1,20,19,CCCTCAGGACGCAACACGTT,1,28619
TSS_1414_storz_regulondb,0.85,35,19,CCCCTACATTTGAGTACTTG,16,68940
TSS_1414_storz_regulondb,1.5,48,19,CCACTCCTGGTATAAGGGGG,29,55025
TSS_1414_storz_regulondb,2.4,66,19,CCACGGCACCTCACTCCTAT,47,44966
TSS_1414_storz_regulondb,4.1,100,19,CCAACGGAATACGCGTTCGT,81,38173
TSS_1414_storz_regulondb,0.15,21,19,CATATGAGTTTTGCTGTTAC,2,71081
TSS_1414_storz_regulondb,1.9,56,19,CAGGGTTGTAGATGGCGGGG,37,56936
TSS_1414_storz_regulondb,1.5,48,19,CAGGGTCAATTTATCTTCGA,29,25892
TSS_1414_storz_regulondb,0.45,27,19,CAGGGGACAAACCTAGTTAC,8,21030
TSS_1414_storz_regulondb,0.3,24,19,CAGGGCGTAATCGGCTACAT,5,68428
TSS_1414_storz_regulondb,1.9,56,19,CAGCGAAACGACGACGGAAT,37,63289
TSS_1414_storz_regulondb,0.8,34,19,CAGATCGACGCACAAAAGTA,15,23195
TSS_1414_storz_regulondb,0.75,33,19,CACTCTGCTAGTACCTTGGT,14,11301
TSS_1414_storz_regulondb,2.8,74,19,CACCCGACCCCGGGTACGTG,55,58891
TSS_1414_storz_regulondb,1.5,48,19,ATTGACGTCTAGCTTGACCT,29,74401
TSS_1414_storz_regulondb,3.05,79,19,ATTCCAAACCAACTAGCATC,60,43235
TSS_1414_storz_regulondb,0.1,20,19,ATTACGTTACAGCCCAAAGA,1,49142
TSS_1414_storz_regulondb,0.1,20,19,ATTAAGTATGCCCAGAACGA,1,5101
TSS_1414_storz_regulondb,1.35,45,19,ATGTTGTTTTGTCGAGAACC,26,37422
TSS_1414_storz_regulondb,0.6,30,19,ATGTGGTCTTAGAACCCGCG,11,16866
TSS_1414_storz_regulondb,1.5,48,19,ATGGGAGTCATCCCAGCGCT,29,6151
TSS_1414_storz_regulondb,0.6,30,19,ATCGTATTGTCGTTGAATGG,11,16938
TSS_1414_storz_regulondb,2.4,66,19,ATCGCTTTAACGGACATCCG,47,2496
TSS_1414_storz_regulondb,1.5,48,19,ATAGTCTAACATCGTAACGG,29,47930
TSS_1414_storz_regulondb,0.9,36,19,AGTATTCCCGCTATGCTCAA,17,56440
TSS_1414_storz_regulondb,1.25,43,19,AGGTAAGTTGTTTATCTAAA,24,23242
TSS_1414_storz_regulondb,24.15,501,19,AGGCAGCTTTCTTGATTCAT,482,38479
TSS_1414_storz_regulondb,1.0,38,19,AGAGGTTCGGTAGCTACATG,19,58456
TSS_1414_storz_regulondb,2.7,72,19,ACGAGGACAAGATCTCAGCA,53,75398
TSS_1414_storz_regulondb,2.35,65,19,ACCGGGCGCATTTTACTCAT,46,30072
TSS_1414_storz_regulondb,0.8,34,19,ACCATGTTAGCAATAACGCA,15,8538
TSS_1414_storz_regulondb,2.2,62,19,ACAGCGCCGGGTGCTCCTGT,43,7750
TSS_1414_storz_regulondb,1.0,38,19,ACAGCATAACCAAGCATTAA,19,39860
TSS_1414_storz_regulondb,1.85,55,19,AATTGTTGTTAGAGAAACTT,36,14085
TSS_1414_storz_regulondb,0.85,35,19,AATTGGGAGTTCGGTTGAAC,16,22521
TSS_1414_storz_regulondb,2.7,72,19,AAGCCTTCACTGCAGAGCTA,53,54495
TSS_1414_storz_regulondb,0.25,23,19,AAGACGGCACACAACTCGTG,4,53583
TSS_1414_storz_regulondb,1.45,47,19,AACTCACTTTCCCGTAGTGA,28,31503
TSS_1414_storz_regulondb,1.75,53,19,AACTACATTGAGGCATGCGG,34,40938
TSS_1414_storz_regulondb,2.25,63,19,AACGTCTCCCCCGTGCCTTT,44,66707
TSS_1414_storz_regulondb,2.65,71,19,AACAAACGCTCATTGTAGTT,52,30613
TSS_1414_storz_regulondb,0.65,31,19,AAATAAGGGAACATTGGTTG,12,13305
TSS_1414_storz_regulondb,2.25,63,19,AAAAACGCCTCAGGATGGCT,44,58444
TSS_1414_storz_regulondb,1.4210526315789473,44,18,TTTTAAGACCACTGTATGTG,26,12756
TSS_1414_storz_regulondb,2.0,55,18,TTTGGTGCAGCGACTAAAGG,37,69189
TSS_1414_storz_regulondb,0.5263157894736842,27,18,TTGTTATGTGACTTCAGAAA,9,40313
TSS_1414_storz_regulondb,0.6842105263157895,30,18,TTGTAGGGCTCTATAGCCCG,12,61297
TSS_1414_storz_regulondb,1.736842105263158,50,18,TTGGAACTAGCTTGGGCAGG,32,10602
TSS_1414_storz_regulondb,1.736842105263158,50,18,TTCTATATGCGGAATGACTT,32,460
TSS_1414_storz_regulondb,1.0,36,18,TTCACATGGGAACTTGCCAT,18,42592
TSS_1414_storz_regulondb,4.052631578947368,94,18,TTAGCTGCGTGCATAGAGGA,76,57161
TSS_1414_storz_regulondb,0.9473684210526315,35,18,TGTGGGCTCCCTGGTACACT,17,56028
TSS_1414_storz_regulondb,0.9473684210526315,35,18,TGTGCTTTCCGATCTGGCAA,17,41738
TSS_1414_storz_regulondb,1.631578947368421,48,18,TGTCCGGGTGGTTATGTCGG,30,1960
TSS_1414_storz_regulondb,1.2105263157894737,40,18,TGGTGAGAGTCCGCATATTG,22,47547
TSS_1414_storz_regulondb,0.10526315789473684,19,18,TGGGGGGGCTTGACATCTTC,1,6378
TSS_1414_storz_regulondb,0.9473684210526315,35,18,TGGACTGTTTGTAATAAGAC,17,28906
TSS_1414_storz_regulondb,1.5789473684210527,47,18,TGCCTAGGGTGGTGCGATAC,29,5636
TSS_1414_storz_regulondb,2.789473684210526,70,18,TGCACCGTCGTCGGTGCTTT,52,49703
TSS_1414_storz_regulondb,4.631578947368421,105,18,TCTCCGATTGGTGCTGGTAG,87,12110
TSS_1414_storz_regulondb,0.21052631578947367,21,18,TCTACCGACCTAATAGACGC,3,729
TSS_1414_storz_regulondb,2.3157894736842106,61,18,TCTAAGTTTTGACGAGGCTG,43,70542
TSS_1414_storz_regulondb,1.105263157894737,38,18,TCTAACTGGCAGCGTTATAG,20,51980
TSS_1414_storz_regulondb,2.736842105263158,69,18,TCGTAAGACTGTTAGGTTCA,51,8441
TSS_1414_storz_regulondb,0.21052631578947367,21,18,TCGCGGTGCTCTCAATTCGG,3,21704
TSS_1414_storz_regulondb,3.5789473684210527,85,18,TCGCCCGTTAAACTCTCGCA,67,41863
TSS_1414_storz_regulondb,0.8947368421052632,34,18,TCGACAAAACCACCCACGGA,16,37261
TSS_1414_storz_regulondb,2.526315789473684,65,18,TCCTGAAACGCTGGGATACT,47,40525
TSS_1414_storz_regulondb,2.263157894736842,60,18,TCCGCATTCTTATTAGGAAT,42,927
TSS_1414_storz_regulondb,2.8421052631578947,71,18,TCCATACCTGAACGTCCATT,53,21153
TSS_1414_storz_regulondb,1.5789473684210527,47,18,TCATTCGGAATCCGGTAATA,29,44550
TSS_1414_storz_regulondb,1.1578947368421053,39,18,TCACCGAATATACGGCTCAG,21,66556
TSS_1414_storz_regulondb,3.3684210526315788,81,18,TCAATGATCAAGGTCATCTA,63,69583
TSS_1414_storz_regulondb,2.0526315789473686,56,18,TATGGCCCAGCTTTAAAGGC,38,4049
TSS_1414_storz_regulondb,0.10526315789473684,19,18,TAGGCGGTGTGTTCTGTTAG,1,43298
TSS_1414_storz_regulondb,3.0526315789473686,75,18,TAGCTAGCGCATAAAGCCCA,57,23098
TSS_1414_storz_regulondb,1.631578947368421,48,18,TACGGTGCCCGATGATGTGC,30,45042
TSS_1414_storz_regulondb,2.8947368421052633,72,18,TACGCGAATTGCATGTGATT,54,52688
TSS_1414_storz_regulondb,1.1578947368421053,39,18,TACCGTCCATTCATTGTCGT,21,19862
TSS_1414_storz_regulondb,0.10526315789473684,19,18,TAAGTGTAGGACGTGGTAGA,1,34683
TSS_1414_storz_regulondb,1.4210526315789473,44,18,TAAGCCAAGACGTATGAGTT,26,4705
TSS_1414_storz_regulondb,1.5789473684210527,47,18,TAAGAATAACCGCCTTAGGT,29,50203
TSS_1414_storz_regulondb,12.789473684210526,260,18,GTTTATTTGGTTTTCTATAG,242,56843
TSS_1414_storz_regulondb,0.2631578947368421,22,18,GTTCGTTCCGGCGGGAAAGC,4,43851
TSS_1414_storz_regulondb,0.10526315789473684,19,18,GTTCGTAGTCAAGAGAGATT,1,5946
TSS_1414_storz_regulondb,1.5789473684210527,47,18,GTGTTTGACGGAGTCTTCGT,29,55102
TSS_1414_storz_regulondb,0.631578947368421,29,18,GTGCGCGAATACGGGCGTAT,11,8632
TSS_1414_storz_regulondb,0.10526315789473684,19,18,GTGATTGATTGCGTTCCTCA,1,37259
TSS_1414_storz_regulondb,1.2105263157894737,40,18,GTCTACAACACCGAGATAAA,22,19467
TSS_1414_storz_regulondb,1.5789473684210527,47,18,GTCGGGCGATGGGCTCGTAC,29,13463
TSS_1414_storz_regulondb,0.7894736842105263,32,18,GTACATATCAGCGTGCGGCG,14,51153
TSS_1414_storz_regulondb,2.473684210526316,64,18,GTACAATCAACGCGGTATTG,46,42681
TSS_1414_storz_regulondb,7.0,150,18,GGTGTGTCCTATCAGATTAC,132,62553
TSS_1414_storz_regulondb,1.105263157894737,38,18,GGTGTGAGATGCGAAGTGGT,20,30504
TSS_1414_storz_regulondb,3.3157894736842106,80,18,GGTGAGACGAGTTTGGTAGG,62,62764
TSS_1414_storz_regulondb,19.68421052631579,391,18,GGTACCTACGAAGTGCATTG,373,51013
TSS_1414_storz_regulondb,0.9473684210526315,35,18,GGTAAGAGGCCGCAACGAAT,17,49119
TSS_1414_storz_regulondb,0.9473684210526315,35,18,GGTAACAGGTCCCGGCGCTT,17,14452
TSS_1414_storz_regulondb,1.0526315789473684,37,18,GGGTGGGAGGGGATGGGTCA,19,18563
TSS_1414_storz_regulondb,4.052631578947368,94,18,GGGGCTCTGACCCCCTGTGA,76,55455
TSS_1414_storz_regulondb,0.5789473684210527,28,18,GGGGCGAGGGCGAGGGGCGA,10,75085
TSS_1414_storz_regulondb,1.3157894736842106,42,18,GGGCCATAGGCACTCGCGTT,24,50922
TSS_1414_storz_regulondb,3.0,74,18,GGGCAGGTACCAGTCCAACG,56,68380
TSS_1414_storz_regulondb,2.4210526315789473,63,18,GGAGCATTTGGTGGAGGCTT,45,2434
TSS_1414_storz_regulondb,0.10526315789473684,19,18,GGACCGGAGGATGCGAGGCT,1,29218
TSS_1414_storz_regulondb,1.3157894736842106,42,18,GGACCCATGCCTATATACTT,24,53938
TSS_1414_storz_regulondb,1.736842105263158,50,18,GCTGGGCTTTTACGATACCT,32,36367
TSS_1414_storz_regulondb,8.421052631578947,177,18,GCTCTGACAGTGTAAGTACG,159,5369
TSS_1414_storz_regulondb,1.263157894736842,41,18,GCTCCTCGCACCCCCCCGAA,23,74519
TSS_1414_storz_regulondb,2.5789473684210527,66,18,GCTAAACTACTCTAGCGGGT,48,43686
TSS_1414_storz_regulondb,0.5789473684210527,28,18,GCGTTACTGGGATTCCAAGA,10,63588
TSS_1414_storz_regulondb,0.7368421052631579,31,18,GCGGATTGTTTAGCGGATGT,13,40588
TSS_1414_storz_regulondb,1.2105263157894737,40,18,GCGGACACGTACCGACGACT,22,42978
TSS_1414_storz_regulondb,0.8947368421052632,34,18,GCCTGGGATGCTAATTATAT,16,71031
TSS_1414_storz_regulondb,2.6842105263157894,68,18,GCCGGTATGCAATTCCAGCT,50,44649
TSS_1414_storz_regulondb,0.7894736842105263,32,18,GCCCATGAAGTATCGACATA,14,14752
TSS_1414_storz_regulondb,0.10526315789473684,19,18,GCCACGCCTTCTTACCCCTC,1,42814
TSS_1414_storz_regulondb,2.8421052631578947,71,18,GCATGCGATTACGTCATATA,53,12661
TSS_1414_storz_regulondb,0.10526315789473684,19,18,GCATACCTTCAGTTATCAGT,1,51538
TSS_1414_storz_regulondb,1.631578947368421,48,18,GCAACGTGCATCCCAATTCT,30,2497
TSS_1414_storz_regulondb,0.10526315789473684,19,18,GATTGCGATACCGGAAATCA,1,46618
TSS_1414_storz_regulondb,4.421052631578948,101,18,GATTCACCGGTCGCCTAGGC,83,21586
TSS_1414_storz_regulondb,3.473684210526316,83,18,GATGTACTTTAGGAGGTCCT,65,9650
TSS_1414_storz_regulondb,2.8947368421052633,72,18,GATGCACCTAGATAACCCAG,54,10426
TSS_1414_storz_regulondb,2.3157894736842106,61,18,GATCACACGACAATTGGATA,43,18296
TSS_1414_storz_regulondb,0.10526315789473684,19,18,GAGCCCTCAGAGCCTAGGTC,1,29058
TSS_1414_storz_regulondb,1.2105263157894737,40,18,GAGCACGTAGTCACATACTA,22,76386
TSS_1414_storz_regulondb,0.15789473684210525,20,18,GACGGGGCTGTTAAGCACGT,2,67001
TSS_1414_storz_regulondb,1.9473684210526316,54,18,GACGAAAACGGATGGAAGCC,36,5251
TSS_1414_storz_regulondb,5.315789473684211,118,18,GACCCAGCCGGGTAGACAGA,100,34949
TSS_1414_storz_regulondb,1.736842105263158,50,18,GAAGCCAGGGAATCCTAAAA,32,59946
TSS_1414_storz_regulondb,1.9473684210526316,54,18,GAAAGCGGCGGACGCCAACC,36,41049
TSS_1414_storz_regulondb,0.47368421052631576,26,18,CTTTTAGGTCTCACAGTATC,8,3009
TSS_1414_storz_regulondb,1.0,36,18,CTTCTCGTACGCGCTCGAGT,18,46872
TSS_1414_storz_regulondb,1.631578947368421,48,18,CTTCGACGAAACTTACAGGA,30,17024
TSS_1414_storz_regulondb,0.10526315789473684,19,18,CTTCAAAATTGCCGAGGGTA,1,52988
TSS_1414_storz_regulondb,0.10526315789473684,19,18,CTGCGTCTGGCCTAGCGTAG,1,61684
TSS_1414_storz_regulondb,1.2105263157894737,40,18,CTGCGCCCGGTAAACCTTTT,22,23848
TSS_1414_storz_regulondb,2.263157894736842,60,18,CTGCGAGGACTGGATTTGCA,42,64056
TSS_1414_storz_regulondb,2.3157894736842106,61,18,CTGAAGCTAATATTTTGGGG,43,8370
TSS_1414_storz_regulondb,1.0,36,18,CTCTGTCTGAGATTGTTCTA,18,24736
TSS_1414_storz_regulondb,0.10526315789473684,19,18,CTCGTATCGGAGAAGGCCAC,1,76246
TSS_1414_storz_regulondb,0.10526315789473684,19,18,CTCATCGCGCGGCCGTTAAT,1,914
TSS_1414_storz_regulondb,6.368421052631579,138,18,CTATGCAGAGTGGCCTGAAA,120,5454
TSS_1414_storz_regulondb,1.7894736842105263,51,18,CTATAATCATCTGGTCGTTG,33,52040
TSS_1414_storz_regulondb,1.8421052631578947,52,18,CTAGCTCTCACGTGTCTAGC,34,40854
TSS_1414_storz_regulondb,3.6315789473684212,86,18,CGTACCGTGCCGTGCAGTTG,68,61778
TSS_1414_storz_regulondb,0.8421052631578947,33,18,CGGTTCTGAGTGGGGGGAGG,15,2790
TSS_1414_storz_regulondb,2.210526315789474,59,18,CGGTTAAACCGGAGTATCCG,41,65087
TSS_1414_storz_regulondb,1.368421052631579,43,18,CGGTAATGAATGATGAATCC,25,38979
TSS_1414_storz_regulondb,1.105263157894737,38,18,CGGTAATCGCTTTTGCGATC,20,20799
TSS_1414_storz_regulondb,0.15789473684210525,20,18,CGGCGGATGCCAAATTTCCT,2,32019
TSS_1414_storz_regulondb,0.10526315789473684,19,18,CGCTTCGTCCTCGGCAAACT,1,5096
TSS_1414_storz_regulondb,3.736842105263158,88,18,CGCGATCCATCAGTACTAAA,70,13961
TSS_1414_storz_regulondb,0.2631578947368421,22,18,CGATTTTAATAGGGACTCTC,4,32589
TSS_1414_storz_regulondb,0.42105263157894735,25,18,CGATGATTTACTTTGTCATT,7,41447
TSS_1414_storz_regulondb,1.736842105263158,50,18,CCTTTCGCGTCCAAATGTCA,32,27914
TSS_1414_storz_regulondb,0.7368421052631579,31,18,CCTTATTTACTCAAGCCTTT,13,66469
TSS_1414_storz_regulondb,4.947368421052632,111,18,CCGCATCACTGGGTCTAGAG,93,50923
TSS_1414_storz_regulondb,0.10526315789473684,19,18,CCGACATTTAGACTGATACG,1,50830
TSS_1414_storz_regulondb,1.5789473684210527,47,18,CCGAAGACACGGGCATGTTG,29,250
TSS_1414_storz_regulondb,0.10526315789473684,19,18,CCCGCGGGGAAGGAGGTCGT,1,58449
TSS_1414_storz_regulondb,1.9473684210526316,54,18,CCCCTGCGAATTCTTGAGGT,36,1006
TSS_1414_storz_regulondb,1.4210526315789473,44,18,CCCCCTCTCTTGTCACGAAA,26,12018
TSS_1414_storz_regulondb,0.21052631578947367,21,18,CCATCCCCTCGTGGGGATAG,3,9213
TSS_1414_storz_regulondb,1.4736842105263157,45,18,CATTTTAGTCGATATAGCAA,27,71164
TSS_1414_storz_regulondb,2.0,55,18,CATGTACTGCCCTTGAAAAT,37,39138
TSS_1414_storz_regulondb,1.2105263157894737,40,18,CATGCGTACAGGTCATCTTA,22,13143
TSS_1414_storz_regulondb,1.3157894736842106,42,18,CATCTGCGCCGGTTTCCATG,24,50284
TSS_1414_storz_regulondb,0.10526315789473684,19,18,CAGGGGACGTATTCGGGGGA,1,50089
TSS_1414_storz_regulondb,3.1052631578947367,76,18,CACTAACGTCCGGCGGTAAG,58,27462
TSS_1414_storz_regulondb,0.47368421052631576,26,18,CACAGAGTCTAGTTTCGGCC,8,58835
TSS_1414_storz_regulondb,0.3157894736842105,23,18,CAACTCAGCTTTGGATACAG,5,16984
TSS_1414_storz_regulondb,1.1578947368421053,39,18,CAAAGCGGATAGACTATGCG,21,71635
TSS_1414_storz_regulondb,1.105263157894737,38,18,ATTGATCTGGTCCACGGCAG,20,67102
TSS_1414_storz_regulondb,0.10526315789473684,19,18,ATTAGCACCATGGAACGTGA,1,1534
TSS_1414_storz_regulondb,1.4736842105263157,45,18,ATTAAACTGTGTGTGTAAAT,27,34481
TSS_1414_storz_regulondb,0.15789473684210525,20,18,ATCCTGCCTGGCCTTGCGAG,2,43438
TSS_1414_storz_regulondb,1.5263157894736843,46,18,ATATGGGGGGGAAGTGGTTA,28,12033
TSS_1414_storz_regulondb,1.736842105263158,50,18,AGTTGATTGCATACCGAATT,32,24067
TSS_1414_storz_regulondb,3.473684210526316,83,18,AGGCTCGAGGGTCGGTTACA,65,54017
TSS_1414_storz_regulondb,1.1578947368421053,39,18,AGGCCCGACTATGACCTAAA,21,21123
TSS_1414_storz_regulondb,1.736842105263158,50,18,AGGATAACACGTAATGCACA,32,58122
TSS_1414_storz_regulondb,1.0,36,18,AGGAGATGTTTTGTCTCCAT,18,79330
TSS_1414_storz_regulondb,0.10526315789473684,19,18,AGCCTAAGTGCAGGAGTACG,1,26687
TSS_1414_storz_regulondb,2.0,55,18,AGATTCCGATACCGCTGCTA,37,6314
TSS_1414_storz_regulondb,0.10526315789473684,19,18,AGACTCGTGAGTGCGTCAGC,1,40057
TSS_1414_storz_regulondb,0.6842105263157895,30,18,ACGGCACTGCCCCTAATATG,12,77323
TSS_1414_storz_regulondb,3.8947368421052633,91,18,ACGCGATTGTCGAGTTCTGC,73,3244
TSS_1414_storz_regulondb,1.631578947368421,48,18,ACGCCGAACCTTTCGAGGAC,30,19051
TSS_1414_storz_regulondb,1.736842105263158,50,18,ACGCATAGTACCAGGGCGCG,32,49997
TSS_1414_storz_regulondb,0.10526315789473684,19,18,ACCCGGCTGATCTCTGGAAG,1,34369
TSS_1414_storz_regulondb,0.10526315789473684,19,18,ACCCATGAAGTCCAGGATCT,1,63715
TSS_1414_storz_regulondb,1.7894736842105263,51,18,ACCCACATTCAGCCGATCGT,33,65666
TSS_1414_storz_regulondb,0.15789473684210525,20,18,ACAGTCTCACCCTGCGTTCT,2,68939
TSS_1414_storz_regulondb,0.10526315789473684,19,18,ACACGTTGCGGCCGTTGGTT,1,26748
TSS_1414_storz_regulondb,1.4210526315789473,44,18,AATTTCCCGGGCCGGCGAGC,26,42818
TSS_1414_storz_regulondb,2.1052631578947367,57,18,AATGGTTAAGCTTATTTAAC,39,23623
TSS_1414_storz_regulondb,3.6315789473684212,86,18,AATGACTAACTTGCGGTATG,68,34664
TSS_1414_storz_regulondb,0.5789473684210527,28,18,AATCGGTAGTGTTTTAAAAT,10,19486
TSS_1414_storz_regulondb,2.210526315789474,59,18,AATATAGCCGTGAAAGCCTA,41,69765
TSS_1414_storz_regulondb,0.9473684210526315,35,18,AAGGCACCTATCATAAAAAG,17,59254
TSS_1414_storz_regulondb,0.10526315789473684,19,18,AAGGAGGGAGAGGGTCAGTG,1,48062
TSS_1414_storz_regulondb,0.6842105263157895,30,18,AAGCTGCATTTAAGAAATAA,12,66426
TSS_1414_storz_regulondb,2.4210526315789473,63,18,AAGATACCGACAGTCTCCAA,45,6950
TSS_1414_storz_regulondb,1.8421052631578947,52,18,AAGAGTTTGCAATTCCACTG,34,24773
TSS_1414_storz_regulondb,2.473684210526316,64,18,AAGAACCTAATGGCCGAAAA,46,6964
TSS_1414_storz_regulondb,1.631578947368421,48,18,AACGAGTATACAGACCGAGC,30,32557
TSS_1414_storz_regulondb,2.1578947368421053,58,18,AACGACTTTTGAACAGGTGA,40,13846
TSS_1414_storz_regulondb,0.8947368421052632,34,18,AACCTAAAAGTCGTTGGTAT,16,51155
TSS_1414_storz_regulondb,0.10526315789473684,19,18,AAATTGCGGAAAGCCCCCGA,1,41680
TSS_1414_storz_regulondb,0.7894736842105263,32,18,AAAGCGGGGGCGGGACACCT,14,11565
TSS_1414_storz_regulondb,2.526315789473684,65,18,AAAAGGAATGTAACATACCG,47,19048
TSS_1414_storz_regulondb,1.3333333333333333,40,17,TTTTCACTCGGCGAACACGG,23,52560
TSS_1414_storz_regulondb,0.8888888888888888,32,17,TTTGTCTTCGTGGGAATGAG,15,81117
TSS_1414_storz_regulondb,2.4444444444444446,60,17,TTTATAATAAACAATGTGCA,43,36479
TSS_1414_storz_regulondb,1.9444444444444444,51,17,TTTAAATGCGTCGGAGATTC,34,60673
TSS_1414_storz_regulondb,2.3333333333333335,58,17,TTGTTAACATATGGGAATGT,41,5036
TSS_1414_storz_regulondb,0.1111111111111111,18,17,TTGGCATCCAAAGGGTGTTG,1,60415
TSS_1414_storz_regulondb,1.1666666666666667,37,17,TTGCATTGCCGTGTTAGTCA,20,51933
TSS_1414_storz_regulondb,0.6666666666666666,28,17,TTCTCCAGACAACTCTGTGC,11,78174
TSS_1414_storz_regulondb,1.6666666666666667,46,17,TTCGACATGTGGTCGAAAGT,29,28364
TSS_1414_storz_regulondb,1.5,43,17,TTCCACTCGGGCGAGGCGAG,26,64552
TSS_1414_storz_regulondb,1.4444444444444444,42,17,TTCAGGCGTACTCGTTTAGC,25,28292
TSS_1414_storz_regulondb,0.1111111111111111,18,17,TTATGGACTGCAGTGGATAT,1,40382
TSS_1414_storz_regulondb,0.8888888888888888,32,17,TTACGTGCTTTACCCCGTAA,15,11030
TSS_1414_storz_regulondb,1.1666666666666667,37,17,TTAATATGTATCAACTACAG,20,2201
TSS_1414_storz_regulondb,1.2777777777777777,39,17,TGTTTGAAGGCGTTCACGTT,22,12291
TSS_1414_storz_regulondb,25.833333333333332,481,17,TGTTTATTGATTTCCTCTTA,464,52752
TSS_1414_storz_regulondb,0.7777777777777778,30,17,TGTTCCGGTTGGCTTACTGA,13,10610
TSS_1414_storz_regulondb,0.3888888888888889,23,17,TGTGACAAGCCGTGTCCGAT,6,18305
TSS_1414_storz_regulondb,2.5555555555555554,62,17,TGGTTACGGGGAACGAATTT,45,28647
TSS_1414_storz_regulondb,0.1111111111111111,18,17,TGGTCAGAGTTGCCTACGCA,1,42815
TSS_1414_storz_regulondb,0.1111111111111111,18,17,TGGCTTGTTTTGCATGGTAA,1,43241
TSS_1414_storz_regulondb,0.5,25,17,TGGCCCTATGCAGCCTGCGC,8,50791
TSS_1414_storz_regulondb,0.5555555555555556,26,17,TGGACAGACCGCAACGAGAG,9,19974
TSS_1414_storz_regulondb,0.1111111111111111,18,17,TGCTGGTTGATCGGTCTTTT,1,48419
TSS_1414_storz_regulondb,1.6666666666666667,46,17,TGCTGGAATCCCGTCCTAAC,29,21365
TSS_1414_storz_regulondb,1.3333333333333333,40,17,TGCGCTCAGGATGCGCCCTA,23,6593
TSS_1414_storz_regulondb,8.555555555555555,170,17,TGACCACTCAGTCGGGGGAA,153,44800
TSS_1414_storz_regulondb,10.0,196,17,TGACATTTACGAGGGTACTT,179,5375
TSS_1414_storz_regulondb,1.1111111111111112,36,17,TCTTTGCCTCGTCATTTCCA,19,30715
TSS_1414_storz_regulondb,1.4444444444444444,42,17,TCTTATATCAATACTTTCCT,25,57620
TSS_1414_storz_regulondb,1.1111111111111112,36,17,TCTGGATACCCATGCATGTA,19,18705
TSS_1414_storz_regulondb,1.9444444444444444,51,17,TCTGCTTGAAAGTAGGCCTC,34,23336
TSS_1414_storz_regulondb,0.8333333333333334,31,17,TCTGCTCTGCTCATGTCCAG,14,58600
TSS_1414_storz_regulondb,0.1111111111111111,18,17,TCTATGAACATTTCATTCTT,1,24744
TSS_1414_storz_regulondb,2.7777777777777777,66,17,TCTACTGTGCTGAAAATTAA,49,40154
TSS_1414_storz_regulondb,0.6111111111111112,27,17,TCGTGTCATGTGTCGCACAG,10,41378
TSS_1414_storz_regulondb,1.2222222222222223,38,17,TCGGTTGGGGGTGTCGTAGG,21,64890
TSS_1414_storz_regulondb,0.1111111111111111,18,17,TCGATTGACCAGGGACCCTA,1,62262
TSS_1414_storz_regulondb,0.8888888888888888,32,17,TCCCTAACTTTGCTGATCCA,15,12953
TSS_1414_storz_regulondb,4.666666666666667,100,17,TCCCGCTGCCAGCACGTGGA,83,40072
TSS_1414_storz_regulondb,4.833333333333333,103,17,TCCCCCCAACAAAGGCCGTA,86,24448
TSS_1414_storz_regulondb,0.1111111111111111,18,17,TCATTGGCACAAGCGTCAAT,1,50633
TSS_1414_storz_regulondb,36.77777777777778,678,17,TCATTCTGACGGCGTTCTAT,661,75800
TSS_1414_storz_regulondb,1.3888888888888888,41,17,TCACGTCAGAGAGCTTGTCA,24,51690
TSS_1414_storz_regulondb,0.6111111111111112,27,17,TCAAACTCGGCCCTTAACAC,10,36025
TSS_1414_storz_regulondb,0.8888888888888888,32,17,TATGCTTGGCACTACGGGTA,15,52199
TSS_1414_storz_regulondb,0.4444444444444444,24,17,TATCCCACTGCAGCAAATAA,7,28940
TSS_1414_storz_regulondb,2.5555555555555554,62,17,TAGCTTACGCGGCATACGTA,45,53561
TSS_1414_storz_regulondb,1.1666666666666667,37,17,TACCTAGTTAATAAAATTTC,20,32991
TSS_1414_storz_regulondb,2.0555555555555554,53,17,TAATGTCCGAACGCTTGAAG,36,77780
TSS_1414_storz_regulondb,2.0,52,17,TAATCATTATATTCAGTACC,35,76173
TSS_1414_storz_regulondb,1.7222222222222223,47,17,TAAGGAAATACATGCTTGAT,30,26153
TSS_1414_storz_regulondb,1.6111111111111112,45,17,TAAGCGAGGATGTAGACGGG,28,14763
TSS_1414_storz_regulondb,3.2222222222222223,74,17,GTTTGGGAAGATTGAATTCT,57,63038
TSS_1414_storz_regulondb,1.2777777777777777,39,17,GTTCGGGGGTCGCCAAATGT,22,45649
TSS_1414_storz_regulondb,2.7222222222222223,65,17,GTTATTAACTGCCGGTTCAT,48,68679
TSS_1414_storz_regulondb,1.0,34,17,GTCGTCGCTTCCTAAGAACT,17,11222
TSS_1414_storz_regulondb,1.6666666666666667,46,17,GTCCTGCAGTGGAATTTCTT,29,78967
TSS_1414_storz_regulondb,0.1111111111111111,18,17,GTCATGTAGGAAACGCCTAA,1,72402
TSS_1414_storz_regulondb,0.5555555555555556,26,17,GTATTAATCTATATATTGGC,9,17959
TSS_1414_storz_regulondb,1.3888888888888888,41,17,GTAAGACGAGGTTTGTTACT,24,20768
TSS_1414_storz_regulondb,1.3888888888888888,41,17,GGTTTGCTATCCGATGGTCG,24,66126
TSS_1414_storz_regulondb,3.388888888888889,77,17,GGTTACCCCCCTCGGCCAGA,60,11224
TSS_1414_storz_regulondb,0.8888888888888888,32,17,GGTAAGTTGCCTGCGCTGAG,15,70031
TSS_1414_storz_regulondb,0.7777777777777778,30,17,GGGTTAGCGTTAGACCTCGG,13,45466
TSS_1414_storz_regulondb,0.5555555555555556,26,17,GGGGCTCGTAATTCACGCAA,9,27647
TSS_1414_storz_regulondb,1.6111111111111112,45,17,GGGGCCGTGCGGCCAAACAC,28,30140
TSS_1414_storz_regulondb,0.8888888888888888,32,17,GGGCGCGGACAAGTACGGCA,15,65553
TSS_1414_storz_regulondb,0.5555555555555556,26,17,GGGCGACTTAGACCGCATTA,9,56268
TSS_1414_storz_regulondb,0.1111111111111111,18,17,GGCCTATCGTGAATGCTCAC,1,39090
TSS_1414_storz_regulondb,1.5,43,17,GGCAGTTCTGAGATGACTAG,26,18429
TSS_1414_storz_regulondb,0.1111111111111111,18,17,GGCACATACCAACAGGTCTA,1,22106
TSS_1414_storz_regulondb,1.5555555555555556,44,17,GGAGCGCGCTCTAGCTACTT,27,9571
TSS_1414_storz_regulondb,1.3333333333333333,40,17,GGACACACACAGGGTTAACG,23,336
TSS_1414_storz_regulondb,1.2777777777777777,39,17,GGAATTGGAGGTGAGGGTTA,22,55807
TSS_1414_storz_regulondb,0.3888888888888889,23,17,GGAAATCGATTAGTCAAAAC,6,38349
TSS_1414_storz_regulondb,0.7777777777777778,30,17,GCTATTCTTGACTAGGGAAC,13,17832
TSS_1414_storz_regulondb,2.888888888888889,68,17,GCTAGTATACGTTCTCCTCC,51,33933
TSS_1414_storz_regulondb,0.4444444444444444,24,17,GCTAACCCGGATATTGCATG,7,11731
TSS_1414_storz_regulondb,0.6666666666666666,28,17,GCGGATCACTGTTACCTGCC,11,52941
TSS_1414_storz_regulondb,5.166666666666667,109,17,GCGCAGTTTTCGTCACGATT,92,25613
TSS_1414_storz_regulondb,2.888888888888889,68,17,GCCAGGTAATTTCACAGCCC,51,42667
TSS_1414_storz_regulondb,0.16666666666666666,19,17,GCATGGTCGATATAAAGTGG,2,31895
TSS_1414_storz_regulondb,2.2222222222222223,56,17,GCATCAAGGGGGGATCCAAG,39,12805
TSS_1414_storz_regulondb,3.1666666666666665,73,17,GATGCAGCCCAGAATAGCTG,56,56196
TSS_1414_storz_regulondb,1.8888888888888888,50,17,GAGCATTACATTACTTGATA,33,60211
TSS_1414_storz_regulondb,1.8888888888888888,50,17,GACTGTATGCTTCGACACAC,33,55866
TSS_1414_storz_regulondb,1.1111111111111112,36,17,GACTCCGCACTCTTGTGAAG,19,5328
TSS_1414_storz_regulondb,2.888888888888889,68,17,GACTCCCGTCGCACATCAGT,51,48089
TSS_1414_storz_regulondb,0.1111111111111111,18,17,GACGAGAGGGCTTTACAACT,1,62632
TSS_1414_storz_regulondb,0.1111111111111111,18,17,GACCGATACACTCGCGAGCG,1,62762
TSS_1414_storz_regulondb,1.5555555555555556,44,17,GACATGTTGTCGCCCATGAG,27,71391
TSS_1414_storz_regulondb,1.4444444444444444,42,17,GACAACACAAATTCCAACTT,25,65331
TSS_1414_storz_regulondb,1.2222222222222223,38,17,GAATGTTCCGTCCTTAGGTA,21,26005
TSS_1414_storz_regulondb,1.5,43,17,CTTTCTGCAGCGGTATGTAT,26,41279
TSS_1414_storz_regulondb,1.2222222222222223,38,17,CTTATACGCCGGAGACCTAA,21,63707
TSS_1414_storz_regulondb,1.7777777777777777,48,17,CTTAGGAAACCACTTCTTTT,31,15563
TSS_1414_storz_regulondb,1.0,34,17,CTGAGGGCGATGATGTCCAG,17,22130
TSS_1414_storz_regulondb,2.888888888888889,68,17,CTCTGTGATAGGTACTAGAC,51,16934
TSS_1414_storz_regulondb,0.1111111111111111,18,17,CTATCATCCGTCAATATCGG,1,31574
TSS_1414_storz_regulondb,0.8888888888888888,32,17,CTACATTGCTACATTCTGAG,15,4365
TSS_1414_storz_regulondb,1.6111111111111112,45,17,CTAACTTCCACTTCACGACA,28,66645
TSS_1414_storz_regulondb,1.9444444444444444,51,17,CGTTGATCCAAGGTCACCTT,34,33044
TSS_1414_storz_regulondb,1.0555555555555556,35,17,CGTGGCTGGAGTGGTGTGTA,18,80855
TSS_1414_storz_regulondb,4.055555555555555,89,17,CGGTCTCCTCTTCGGAATAA,72,11008
TSS_1414_storz_regulondb,1.5555555555555556,44,17,CGGTCCGTGTGCGTGTACTT,27,13144
TSS_1414_storz_regulondb,1.6111111111111112,45,17,CGGGATCGATTGTCCAGCGA,28,21116
TSS_1414_storz_regulondb,2.388888888888889,59,17,CGGAGTAACTGTCTCGATAT,42,25167
TSS_1414_storz_regulondb,1.3333333333333333,40,17,CGCTTTGCCAGCACACCGGT,23,37337
TSS_1414_storz_regulondb,0.1111111111111111,18,17,CGCTTCCGTGTTTTCTACAC,1,21068
TSS_1414_storz_regulondb,2.3333333333333335,58,17,CGCTTATGCTAGAACGCGTC,41,77144
TSS_1414_storz_regulondb,1.7777777777777777,48,17,CGCGTGATTGCCGGTACGTA,31,56192
TSS_1414_storz_regulondb,1.3333333333333333,40,17,CGAAGTGGGAACTGGATCCC,23,3520
TSS_1414_storz_regulondb,20.444444444444443,384,17,CCTTATCTCGCTATGGAAGT,367,23749
TSS_1414_storz_regulondb,28.833333333333332,535,17,CCTCGTTGTTGTTCGATGTA,518,7890
TSS_1414_storz_regulondb,1.4444444444444444,42,17,CCTAGTCCTCGTTTTTGTAT,25,73479
TSS_1414_storz_regulondb,4.333333333333333,94,17,CCGGGATAGGATAACTGGGA,77,62628
TSS_1414_storz_regulondb,0.1111111111111111,18,17,CCATCCTAGCTGTGGCGAAT,1,29601
TSS_1414_storz_regulondb,1.5555555555555556,44,17,CCATCACTACCGGGATCTTT,27,73460
TSS_1414_storz_regulondb,1.9444444444444444,51,17,CCAGCCTGTCTGTAAAGGTA,34,48461
TSS_1414_storz_regulondb,3.8333333333333335,85,17,CATTCGGTTCTCCCGACTAT,68,44485
TSS_1414_storz_regulondb,1.2222222222222223,38,17,CATTCACGCTATCGCCAAAG,21,35720
TSS_1414_storz_regulondb,1.4444444444444444,42,17,CATCCACACCTCGCAGATTA,25,5093
TSS_1414_storz_regulondb,0.1111111111111111,18,17,CATAGCGGTCAAGACCGCCG,1,30391
TSS_1414_storz_regulondb,0.7222222222222222,29,17,CAGTGCCCGCCTCACGCACC,12,1429
TSS_1414_storz_regulondb,2.5,61,17,CAGTATGTCGGGCCAGGAAT,44,45412
TSS_1414_storz_regulondb,6.333333333333333,130,17,CAGGGCCTTCCATGTATCCT,113,49747
TSS_1414_storz_regulondb,2.2222222222222223,56,17,CAGCTGTCCTATCGACGTCT,39,15053
TSS_1414_storz_regulondb,0.1111111111111111,18,17,CACTGATCGTGGTTCTCTGC,1,45165
TSS_1414_storz_regulondb,1.8888888888888888,50,17,CACGACTACAGATACGATTA,33,51351
TSS_1414_storz_regulondb,1.8888888888888888,50,17,CACCGGCAATCACTGAGACT,33,33127
TSS_1414_storz_regulondb,2.111111111111111,54,17,CACCCCCGGACGTGATCATT,37,19912
TSS_1414_storz_regulondb,3.0,70,17,CAATTTCGTTCTATCTACTA,53,71788
TSS_1414_storz_regulondb,0.7222222222222222,29,17,CAAGATCGGTTAGCGTGTGG,12,46335
TSS_1414_storz_regulondb,2.5,61,17,CAAGAATCGCTTGGGCGGTT,44,39202
TSS_1414_storz_regulondb,1.0555555555555556,35,17,CAACTGAGACGCCGTGTTAA,18,40814
TSS_1414_storz_regulondb,0.3888888888888889,23,17,CAAACGAAAGCTTTTCCTTG,6,14743
TSS_1414_storz_regulondb,2.3333333333333335,58,17,ATTATATTGTTAACAGGATT,41,51171
TSS_1414_storz_regulondb,1.8888888888888888,50,17,ATGTATTGCTTGTACCCTAA,33,13170
TSS_1414_storz_regulondb,0.2777777777777778,21,17,ATGGTTATCCGGCACATTGC,4,48054
TSS_1414_storz_regulondb,1.2777777777777777,39,17,ATGGAGGCCATTTGAGAAAA,22,8354
TSS_1414_storz_regulondb,0.2777777777777778,21,17,ATGGACCCGAGCATGTATTG,4,17536
TSS_1414_storz_regulondb,1.1666666666666667,37,17,ATGAGAGTATCTAAATTTTA,20,23133
TSS_1414_storz_regulondb,2.7222222222222223,65,17,ATCTTGTGTGGGACGATTTC,48,49349
TSS_1414_storz_regulondb,0.2777777777777778,21,17,ATCAAGTGCATGGCTCTGTG,4,65718
TSS_1414_storz_regulondb,2.0,52,17,ATATCCAGGTCCCGGTTACT,35,65649
TSS_1414_storz_regulondb,1.2222222222222223,38,17,ATAAGGTCGAATAGAACTGG,21,43246
TSS_1414_storz_regulondb,0.8333333333333334,31,17,AGTGTTATTCATGGGTAGTA,14,69044
TSS_1414_storz_regulondb,1.0,34,17,AGTGAGTTTTCACATAGGCA,17,48638
TSS_1414_storz_regulondb,0.1111111111111111,18,17,AGTACGCTCGTAGGTGCGTT,1,18959
TSS_1414_storz_regulondb,0.8888888888888888,32,17,AGCTCAGATGGCGTCGTCGT,15,7485
TSS_1414_storz_regulondb,2.0,52,17,AGCTAACCTGCCCCCTGGAT,35,66561
TSS_1414_storz_regulondb,5.444444444444445,114,17,AGCCTGGGGGTGCTCAAAAA,97,40981
TSS_1414_storz_regulondb,1.0,34,17,AGCAAGCACTTAGGGCGATA,17,8690
TSS_1414_storz_regulondb,1.2777777777777777,39,17,AGACTGCCGCTCGCTTCGTT,22,81025
TSS_1414_storz_regulondb,2.388888888888889,59,17,AGAACTTCCGAATGAAGGTT,42,53082
TSS_1414_storz_regulondb,1.9444444444444444,51,17,ACTTAGCAGCACGCCCAAGG,34,55103
TSS_1414_storz_regulondb,0.9444444444444444,33,17,ACTGAACACAACGGCGTCTA,16,38832
TSS_1414_storz_regulondb,0.1111111111111111,18,17,ACTCAGGGTTCGGCTAGGCT,1,19253
TSS_1414_storz_regulondb,0.1111111111111111,18,17,ACGTCTGTGTAGTTCTGTTC,1,4197
TSS_1414_storz_regulondb,0.1111111111111111,18,17,ACCAGTGATTTACGCATTCA,1,6806
TSS_1414_storz_regulondb,1.3888888888888888,41,17,AATACCAGACAAGGTGGAAA,24,51669
TSS_1414_storz_regulondb,1.8888888888888888,50,17,AAGTTCTGCCTAGATTGGTA,33,53675
TSS_1414_storz_regulondb,1.2777777777777777,39,17,AAGGCGCCATGTATAATGTT,22,69580
TSS_1414_storz_regulondb,0.1111111111111111,18,17,AAGGACCAATTCTGCCGAGT,1,35695
TSS_1414_storz_regulondb,0.1111111111111111,18,17,AAGCTTGCGAGTACCTATGA,1,29288
TSS_1414_storz_regulondb,0.1111111111111111,18,17,AAGACGCGTTAGTTCAAAGC,1,80245
TSS_1414_storz_regulondb,1.2777777777777777,39,17,AAGACATTGTAACATAGGCC,22,64350
TSS_1414_storz_regulondb,0.1111111111111111,18,17,AACTACCTTTCACGTTTAGG,1,56365
TSS_1414_storz_regulondb,2.5,61,17,AACGTAACCTTCGCAGTCGT,44,52796
TSS_1414_storz_regulondb,1.5555555555555556,44,17,AACCGAACATTCACTCAGAG,27,50192
TSS_1414_storz_regulondb,2.5555555555555554,62,17,AACAAAAAGATTCCCAAAAG,45,20702
TSS_1414_storz_regulondb,2.3333333333333335,58,17,AAATGTTCACGCGCGGCCCC,41,2473
TSS_1414_storz_regulondb,0.1111111111111111,18,17,AAATGCCCGTTGCTCTGAAC,1,69878
TSS_1414_storz_regulondb,1.1666666666666667,37,17,AAACCCTACAGTACGTGATT,20,65192
TSS_1414_storz_regulondb,1.1111111111111112,36,17,AAACACATTTTAGTTTATAA,19,51607
TSS_1414_storz_regulondb,2.888888888888889,68,17,AAAATTACCGCAACTCGGCT,51,41382
TSS_1414_storz_regulondb,3.111111111111111,72,17,AAAAGCGTCGGACATCCGAC,55,38779
TSS_1414_storz_regulondb,1.588235294117647,42,16,TTTTCGGAGGCTTGCGCGGC,26,76941
TSS_1414_storz_regulondb,1.7058823529411764,44,16,TTGTACCTTTTGCGCACTAC,28,37627
TSS_1414_storz_regulondb,2.823529411764706,63,16,TTGGTAATGCGGGCTAACAA,47,62610
TSS_1414_storz_regulondb,0.23529411764705882,19,16,TTGCCCCAGGGACTGTCAGT,3,14082
TSS_1414_storz_regulondb,3.8823529411764706,81,16,TTGCATCATATTACCTTGCA,65,76910
TSS_1414_storz_regulondb,7.294117647058823,139,16,TTCCGAGCGCTTGTTCCGCG,123,75363
TSS_1414_storz_regulondb,0.9411764705882353,31,16,TTATCTGGGTATCTATATCT,15,10799
TSS_1414_storz_regulondb,1.3529411764705883,38,16,TTACTCGGTTCTTAAGGAGG,22,17243
TSS_1414_storz_regulondb,0.5294117647058824,24,16,TTACAGCGCATAGGTGTCCT,8,77342
TSS_1414_storz_regulondb,0.11764705882352941,17,16,TGTTGGTTGTGCTCACTTGT,1,6951
TSS_1414_storz_regulondb,1.0588235294117647,33,16,TGGTGAGACTTAATATGGAT,17,4119
TSS_1414_storz_regulondb,1.6470588235294117,43,16,TGGCGTACGGTTCCTGTGAG,27,59785
TSS_1414_storz_regulondb,1.1176470588235294,34,16,TGCTCATTTGCAAAGACTCC,18,58931
TSS_1414_storz_regulondb,2.9411764705882355,65,16,TGCGCCCCTACGCATGACCG,49,61253
TSS_1414_storz_regulondb,2.1176470588235294,51,16,TGCCTTTGCGCCGGGCGAAC,35,63280
TSS_1414_storz_regulondb,1.0,32,16,TGAGCTAGCAGACATGATCG,16,37244
TSS_1414_storz_regulondb,1.8823529411764706,47,16,TGACGTGCAGTTGTCGCGGA,31,77557
TSS_1414_storz_regulondb,1.1764705882352942,35,16,TGACGAAAGGACGGTACTCA,19,57329
TSS_1414_storz_regulondb,1.6470588235294117,43,16,TGACCGTCTCTGTGAAACAA,27,40849
TSS_1414_storz_regulondb,0.8235294117647058,29,16,TGAAAAGTCTGATTAACAGC,13,28740
TSS_1414_storz_regulondb,1.6470588235294117,43,16,TCTCCGAAAAGGGCTGCGCT,27,58777
TSS_1414_storz_regulondb,0.11764705882352941,17,16,TCTATAGTTGACGTCTGTCG,1,37014
TSS_1414_storz_regulondb,1.2352941176470589,36,16,TCTACTCGGGATTGCATACG,20,10272
TSS_1414_storz_regulondb,2.0,49,16,TCGTAGTGGTCTTCCGGAGA,33,20997
TSS_1414_storz_regulondb,1.1176470588235294,34,16,TCGGGCACCATTCTAAACTA,18,46374
TSS_1414_storz_regulondb,3.764705882352941,79,16,TCGGACATATCGGGCATAGT,63,25039
TSS_1414_storz_regulondb,0.5294117647058824,24,16,TCGCGTTCGGCGTACAATAG,8,62563
TSS_1414_storz_regulondb,1.3529411764705883,38,16,TCGCGAGCAAGCCCCAGGCT,22,56250
TSS_1414_storz_regulondb,28.941176470588236,507,16,TCGACGTGGACTAAGCTACG,491,75796
TSS_1414_storz_regulondb,2.0,49,16,TCCTAAGCCAGCTAGGAGAT,33,45243
TSS_1414_storz_regulondb,1.5294117647058822,41,16,TCCAAAACTGGGCGTAGACA,25,543
TSS_1414_storz_regulondb,3.4705882352941178,74,16,TCATGGCGGCAGGTTTAAAA,58,15098
TSS_1414_storz_regulondb,0.11764705882352941,17,16,TCATAGTTCTGGTTCTCCCC,1,44647
TSS_1414_storz_regulondb,0.11764705882352941,17,16,TCAGTCAGTCAACCCGGGAT,1,54130
TSS_1414_storz_regulondb,0.11764705882352941,17,16,TCAGGCGCTTAGTTTGCATA,1,80126
TSS_1414_storz_regulondb,1.7058823529411764,44,16,TCACTCAGCAGTAACGGTTT,28,23808
TSS_1414_storz_regulondb,1.7647058823529411,45,16,TCACCAGCGGCATATTCCGG,29,56131
TSS_1414_storz_regulondb,1.411764705882353,39,16,TCAATGTTTTAAAAAAAGGA,23,5190
TSS_1414_storz_regulondb,2.176470588235294,52,16,TCAAAACATTGCGGAGCCGC,36,3233
TSS_1414_storz_regulondb,0.5882352941176471,25,16,TATGGGGCTCATATCAAAAT,9,41088
TSS_1414_storz_regulondb,1.0588235294117647,33,16,TATATCCGCGACTGTCCGGT,17,73980
TSS_1414_storz_regulondb,5.470588235294118,108,16,TAGGAGAATGCCAAGATAGG,92,28122
TSS_1414_storz_regulondb,2.235294117647059,53,16,TAGATTACGACTGTACGACT,37,36001
TSS_1414_storz_regulondb,1.9411764705882353,48,16,TACAGTCGCGTGCAAAACCT,32,53755
TSS_1414_storz_regulondb,0.9411764705882353,31,16,TAATGTGTGGAACGTCCGCA,15,19605
TSS_1414_storz_regulondb,0.11764705882352941,17,16,TAAGTTCGTAAGTGCAATCA,1,38333
TSS_1414_storz_regulondb,1.9411764705882353,48,16,TAACTCACTGGCTAAAAACA,32,16639
TSS_1414_storz_regulondb,3.823529411764706,80,16,TAACGAACGTCGGACTCTAG,64,50792
TSS_1414_storz_regulondb,0.11764705882352941,17,16,TAAAGAATATAGAATAGTGG,1,4982
TSS_1414_storz_regulondb,7.117647058823529,136,16,TAAACGTGAGACGTGGCAAT,120,26169
TSS_1414_storz_regulondb,1.8823529411764706,47,16,GTTTTGGATTCAAGATTAAC,31,55398
TSS_1414_storz_regulondb,1.8235294117647058,46,16,GTTTGGCAGCTTTTAGTGGG,30,51269
TSS_1414_storz_regulondb,1.0,32,16,GTTCTTCTCGCAGTATTCCC,16,58121
TSS_1414_storz_regulondb,1.5294117647058822,41,16,GTTCGGCGGCGCCCAGATCC,25,77082
TSS_1414_storz_regulondb,8.0,151,16,GTTCGGAAGTTAGTTCACCT,135,2904
TSS_1414_storz_regulondb,1.3529411764705883,38,16,GTTCGAACTTCTGGTAAGAC,22,29531
TSS_1414_storz_regulondb,1.8823529411764706,47,16,GTTACCGTCCAGTCTCATTC,31,4933
TSS_1414_storz_regulondb,7.294117647058823,139,16,GTGTGCACCGCAATGCGGAA,123,35222
TSS_1414_storz_regulondb,4.176470588235294,86,16,GTGGCGCCTATTGGTGAAGA,70,57075
TSS_1414_storz_regulondb,0.5294117647058824,24,16,GTGCTCTGGGGATCCCCTCC,8,77459
TSS_1414_storz_regulondb,0.11764705882352941,17,16,GTGAGTCTTACATGCCCGGC,1,48777
TSS_1414_storz_regulondb,0.4117647058823529,22,16,GTCCAGTTGAATTAGGTGGT,6,74719
TSS_1414_storz_regulondb,2.4705882352941178,57,16,GTCATCCTGCATAAATTCGT,41,80654
TSS_1414_storz_regulondb,3.588235294117647,76,16,GTAGAACAGACGTTTAAAAA,60,13954
TSS_1414_storz_regulondb,1.7647058823529411,45,16,GTACTTCTGTTTTAGCCTTG,29,10419
TSS_1414_storz_regulondb,1.0,32,16,GGTTCGACCTACGGACTATA,16,25392
TSS_1414_storz_regulondb,2.2941176470588234,54,16,GGTTCCTTCCCGTACACGAA,38,26627
TSS_1414_storz_regulondb,0.11764705882352941,17,16,GGTGTGGCTTCACGACGCGT,1,27358
TSS_1414_storz_regulondb,1.1764705882352942,35,16,GGTGCATGCATCCAGGGGTT,19,72215
TSS_1414_storz_regulondb,0.9411764705882353,31,16,GGTCTCGTAAACGTTCGGTA,15,34537
TSS_1414_storz_regulondb,0.47058823529411764,23,16,GGTATTCGTCGCGATCATAG,7,39210
TSS_1414_storz_regulondb,15.117647058823529,272,16,GGGTTGGAGGCAGTCAGACA,256,75843
TSS_1414_storz_regulondb,3.5294117647058822,75,16,GGGTGACTTAGCTACCCAAC,59,42601
TSS_1414_storz_regulondb,1.4705882352941178,40,16,GGCGATGCTTGTGTTCGGTG,24,18061
TSS_1414_storz_regulondb,0.11764705882352941,17,16,GGCCTCACGACTTGTTCAGC,1,15319
TSS_1414_storz_regulondb,0.5294117647058824,24,16,GGCAGTCAGTCGTGCGCTAT,8,12807
TSS_1414_storz_regulondb,1.411764705882353,39,16,GGAGTCCATAGATGCATCGT,23,33272
TSS_1414_storz_regulondb,0.11764705882352941,17,16,GGACGCTAATCTTTAAAGGC,1,48069
TSS_1414_storz_regulondb,3.764705882352941,79,16,GCTTTTGGTGTTGGCATTGG,63,80042
TSS_1414_storz_regulondb,0.11764705882352941,17,16,GCTTCGGTGCATGAAGCACG,1,25422
TSS_1414_storz_regulondb,2.0588235294117645,50,16,GCTCTGCCGGTGTGCGGTAT,34,32167
TSS_1414_storz_regulondb,0.5294117647058824,24,16,GCGTAGTCAAACCCTGTCTT,8,40522
TSS_1414_storz_regulondb,0.17647058823529413,18,16,GCGTACCTGTTGACCCCCTT,2,64117
TSS_1414_storz_regulondb,1.6470588235294117,43,16,GCGGAGCTATGGTTGGCAAA,27,40809
TSS_1414_storz_regulondb,1.0588235294117647,33,16,GCGCGGACGTTGCAACTTAG,17,66449
TSS_1414_storz_regulondb,1.3529411764705883,38,16,GCGCACTCTGCAGACAAGCA,22,61829
TSS_1414_storz_regulondb,6.294117647058823,122,16,GCGCAAGGGTCCTTTCGTAC,106,50580
TSS_1414_storz_regulondb,0.23529411764705882,19,16,GCGCAACCTATTTGTTAGTC,3,22285
TSS_1414_storz_regulondb,0.4117647058823529,22,16,GCGAAACTGCAGACACGCAT,6,75855
TSS_1414_storz_regulondb,2.6470588235294117,60,16,GCCTTTCGGACCTCAATGAG,44,19985
TSS_1414_storz_regulondb,3.5294117647058822,75,16,GCCTGGAGTATGGGGGGAGT,59,4990
TSS_1414_storz_regulondb,1.588235294117647,42,16,GCCAATTATAAGCGCCATGG,26,49218
TSS_1414_storz_regulondb,3.0588235294117645,67,16,GCATCGCGAGGTCCCGTTTT,51,63079
TSS_1414_storz_regulondb,0.11764705882352941,17,16,GCATCGCGAGCTCACAATAG,1,11063
TSS_1414_storz_regulondb,0.11764705882352941,17,16,GCAGAATAGAGCTCAGAATC,1,32240
TSS_1414_storz_regulondb,6.647058823529412,128,16,GATTACACGCCCCAAAGACA,112,56846
TSS_1414_storz_regulondb,2.1176470588235294,51,16,GAGGTATTTGTCATACGTCT,35,79803
TSS_1414_storz_regulondb,1.8823529411764706,47,16,GACGACTCCAGTGGAGGCTT,31,13158
TSS_1414_storz_regulondb,1.8823529411764706,47,16,GAATGCCGTACTATGGGATA,31,40886
TSS_1414_storz_regulondb,3.8823529411764706,81,16,GAATCCTTAAAACAAGGCTT,65,56143
TSS_1414_storz_regulondb,3.176470588235294,69,16,GAACTTGCCGATCCCCGCAG,53,18336
TSS_1414_storz_regulondb,0.11764705882352941,17,16,GAACGTTTGGCGCCTAGCGT,1,59620
TSS_1414_storz_regulondb,1.8235294117647058,46,16,GAACATGTCTGATCAGGGCG,30,5863
TSS_1414_storz_regulondb,0.11764705882352941,17,16,GAAAACCACATGTACTTGCC,1,37823
TSS_1414_storz_regulondb,1.1176470588235294,34,16,CTTTGCACTATACATTCACT,18,53030
TSS_1414_storz_regulondb,0.9411764705882353,31,16,CTTTAGAGTAATTATACATA,15,13606
TSS_1414_storz_regulondb,2.235294117647059,53,16,CTTGGATAAAGTAAAGAGTC,37,4866
TSS_1414_storz_regulondb,1.6470588235294117,43,16,CTGGAGTGGGACAGATTCGG,27,28479
TSS_1414_storz_regulondb,1.5294117647058822,41,16,CTGGAAGCAAACTCATGATA,25,14129
TSS_1414_storz_regulondb,0.11764705882352941,17,16,CTGCGTTAGAGGTGGTTGTG,1,26412
TSS_1414_storz_regulondb,1.8823529411764706,47,16,CTGAGGCACTCTTGCTTAGG,31,911
TSS_1414_storz_regulondb,1.2941176470588236,37,16,CTCGTTCTCGAATGCGTGTG,21,19097
TSS_1414_storz_regulondb,1.2941176470588236,37,16,CTCGCATGGGCTATCACGGT,21,59116
TSS_1414_storz_regulondb,3.0588235294117645,67,16,CTATGTATGGTTTTTGCGAT,51,31247
TSS_1414_storz_regulondb,4.411764705882353,90,16,CTAGTTGAGTGTTACAGTAC,74,1721
TSS_1414_storz_regulondb,2.3529411764705883,55,16,CTAGTGTCAATGTAAAGACA,39,74438
TSS_1414_storz_regulondb,1.1764705882352942,35,16,CTAGGCCGGGCCAATTGTTC,19,20357
TSS_1414_storz_regulondb,1.588235294117647,42,16,CTACGCTGGTCTTTACTGTT,26,20875
TSS_1414_storz_regulondb,2.4705882352941178,57,16,CTACGCTCGGGTGGCTCCTC,41,44236
TSS_1414_storz_regulondb,0.11764705882352941,17,16,CTAACCGACTTACCACAGTT,1,59866
TSS_1414_storz_regulondb,0.9411764705882353,31,16,CGTTTCACCAGCGTAACAAT,15,15431
TSS_1414_storz_regulondb,0.7058823529411765,27,16,CGTTGGTGCGATTAAATCGT,11,55726
TSS_1414_storz_regulondb,0.7647058823529411,28,16,CGTGTGCACGCGGTTACGAG,12,69715
TSS_1414_storz_regulondb,0.7647058823529411,28,16,CGTAAGTCGCGCACCAGTTT,12,44304
TSS_1414_storz_regulondb,1.1176470588235294,34,16,CGGTGGTCAGGCCGGACAAA,18,48468
TSS_1414_storz_regulondb,2.2941176470588234,54,16,CGGGGCTGAGATTTTTAACT,38,59533
TSS_1414_storz_regulondb,17.352941176470587,310,16,CGCTAATTGCACCCTCCGTT,294,10513
TSS_1414_storz_regulondb,1.2941176470588236,37,16,CGCCAGTTCTCCCAGCCATT,21,11967
TSS_1414_storz_regulondb,0.8235294117647058,29,16,CGCAGTGGCATGTTCGTAGT,13,12028
TSS_1414_storz_regulondb,0.11764705882352941,17,16,CGCAAACTGCGTAGATATCT,1,69929
TSS_1414_storz_regulondb,1.1764705882352942,35,16,CGATCGGTAACGTAAACCTG,19,33502
TSS_1414_storz_regulondb,4.176470588235294,86,16,CGATCCCCGGCCATACCAGA,70,55680
TSS_1414_storz_regulondb,0.7647058823529411,28,16,CGAGTCAACTTCGGCGGATG,12,55041
TSS_1414_storz_regulondb,0.11764705882352941,17,16,CGAGCATTGCCGAGTGTCGT,1,76665
TSS_1414_storz_regulondb,6.117647058823529,119,16,CCTTCTCCGGATCGCGTAAT,103,64482
TSS_1414_storz_regulondb,1.1764705882352942,35,16,CCTGCGCAGCCGAGCGCCTA,19,8107
TSS_1414_storz_regulondb,1.2352941176470589,36,16,CCTATGTGATCCCGTGGGCA,20,4841
TSS_1414_storz_regulondb,1.8235294117647058,46,16,CCTAGGCAATGTAGCGGTAG,30,63492
TSS_1414_storz_regulondb,4.764705882352941,96,16,CCGGAACGTCTAAGATTATA,80,69767
TSS_1414_storz_regulondb,6.411764705882353,124,16,CCGCGTAGTGATCCATACGG,108,1029
TSS_1414_storz_regulondb,0.11764705882352941,17,16,CCGCAGCCGCCTCGAGTTAC,1,2956
TSS_1414_storz_regulondb,0.11764705882352941,17,16,CCCTGCCCCTTCCAATGTGG,1,36867
TSS_1414_storz_regulondb,9.882352941176471,183,16,CCCCTCGCGATTTCCTCCGT,167,79097
TSS_1414_storz_regulondb,2.8823529411764706,64,16,CCCAGATTATGGGTTCCATT,48,71699
TSS_1414_storz_regulondb,0.11764705882352941,17,16,CCCAAGTACGTTCTCGGGAT,1,67988
TSS_1414_storz_regulondb,1.6470588235294117,43,16,CCATTCCGGAACCGAACATG,27,25791
TSS_1414_storz_regulondb,0.11764705882352941,17,16,CCAGTTCCACGCCAGAGGAG,1,37930
TSS_1414_storz_regulondb,0.8235294117647058,29,16,CCAGCTCCCTCAGAAAAATA,13,42785
TSS_1414_storz_regulondb,1.7647058823529411,45,16,CCAGACCGTGAATCGGCTCA,29,15790
TSS_1414_storz_regulondb,0.17647058823529413,18,16,CCACAAGGTCACGGAGAGAA,2,19003
TSS_1414_storz_regulondb,2.411764705882353,56,16,CCAAGGATAACGAAGGTAAG,40,69561
TSS_1414_storz_regulondb,0.11764705882352941,17,16,CAGGTTTAATGATGATAAGA,1,25697
TSS_1414_storz_regulondb,1.1176470588235294,34,16,CAGCGTGACTAGGTAAATCC,18,66217
TSS_1414_storz_regulondb,2.411764705882353,56,16,CAGATAATGGCATCAGCGAA,40,67704
TSS_1414_storz_regulondb,1.0,32,16,CAGAGTGTCACCATCAACTC,16,5734
TSS_1414_storz_regulondb,1.7058823529411764,44,16,CACTGGCTGCGTATTTTCGT,28,42819
TSS_1414_storz_regulondb,0.9411764705882353,31,16,CACTCCCGAGTGTGACATAT,15,46783
TSS_1414_storz_regulondb,4.647058823529412,94,16,CACCGGGACTGTAAATGTAC,78,30485
TSS_1414_storz_regulondb,2.4705882352941178,57,16,CACCCGACTAACAAGATAAA,41,21040
TSS_1414_storz_regulondb,0.9411764705882353,31,16,CAATTCGGCGTGTAAAGGAA,15,60348
TSS_1414_storz_regulondb,2.2941176470588234,54,16,CAATACGGCCTCCTCGACCG,38,50097
TSS_1414_storz_regulondb,0.11764705882352941,17,16,CAAGGTAGTGTCATTCCGCT,1,1456
TSS_1414_storz_regulondb,0.11764705882352941,17,16,CAAGGATGCCGATCGTTGCC,1,63889
TSS_1414_storz_regulondb,0.5294117647058824,24,16,CAACCTAGATTATACACTGC,8,68950
TSS_1414_storz_regulondb,1.6470588235294117,43,16,ATTGGTAGAAAACTTGCGAA,27,16842
TSS_1414_storz_regulondb,0.35294117647058826,21,16,ATTGGATCTTAGCGATTGGC,5,8824
TSS_1414_storz_regulondb,0.8823529411764706,30,16,ATTGAGTACCCATGTACAAA,14,33589
TSS_1414_storz_regulondb,7.0,134,16,ATGTCTCCTAAACTTTGTGC,118,32582
TSS_1414_storz_regulondb,1.3529411764705883,38,16,ATCTTGTTGGATCAGTGTTA,22,35845
TSS_1414_storz_regulondb,1.6470588235294117,43,16,ATCTCCGCGCCCGTGCGGAT,27,34301
TSS_1414_storz_regulondb,2.588235294117647,59,16,ATCTCATGCTCATAGTATAG,43,70592
TSS_1414_storz_regulondb,1.0588235294117647,33,16,ATATGGAACATTACTCCCCC,17,71173
TSS_1414_storz_regulondb,2.0,49,16,ATAGTGAACGAGATGTTGAG,33,5325
TSS_1414_storz_regulondb,1.1176470588235294,34,16,ATAGTCCCGGGTTCTCGACG,18,62054
TSS_1414_storz_regulondb,0.4117647058823529,22,16,ATACTGGCGTGAGGGAGTCC,6,1865
TSS_1414_storz_regulondb,2.8823529411764706,64,16,AGTTCATATTGTGCCCGGGT,48,8285
TSS_1414_storz_regulondb,3.176470588235294,69,16,AGTCGTCCATTCCTTGACGG,53,55414
TSS_1414_storz_regulondb,2.0,49,16,AGTATCTGTATTCGGGTTGT,33,42827
TSS_1414_storz_regulondb,15.529411764705882,279,16,AGTAAGTCCCCTGTTAAGTG,263,27519
TSS_1414_storz_regulondb,3.3529411764705883,72,16,AGTAACGGTCCTAACGACTT,56,46382
TSS_1414_storz_regulondb,0.47058823529411764,23,16,AGGTCGGGTTGCGCGTACCT,7,31357
TSS_1414_storz_regulondb,1.0588235294117647,33,16,AGGGTAATTAGCATGTATGG,17,53140
TSS_1414_storz_regulondb,3.764705882352941,79,16,AGCCTCAGATTGGTCGCAAC,63,62865
TSS_1414_storz_regulondb,2.8823529411764706,64,16,AGCAAAAAGCCCCGGGGTCA,48,51917
TSS_1414_storz_regulondb,2.235294117647059,53,16,AGATTTATAGGAATCATCGT,37,71425
TSS_1414_storz_regulondb,2.0588235294117645,50,16,AGAGCAGACACGAAAATGAC,34,33002
TSS_1414_storz_regulondb,0.6470588235294118,26,16,AGAACTCAAACGACGGAAAA,10,958
TSS_1414_storz_regulondb,0.8235294117647058,29,16,AGAAAGGCGTACAGCAAGGG,13,51973
TSS_1414_storz_regulondb,1.411764705882353,39,16,ACTTTACGTGTACAATAATT,23,31993
TSS_1414_storz_regulondb,1.588235294117647,42,16,ACGTCGTTGTTAACGAATTC,26,24400
TSS_1414_storz_regulondb,1.6470588235294117,43,16,ACGCTACACCCGCAGGGGCT,27,67992
TSS_1414_storz_regulondb,2.8823529411764706,64,16,ACCGAGTAGGTCTATATAGA,48,18180
TSS_1414_storz_regulondb,8.470588235294118,159,16,ACCCGGTCTCTTCCATACAG,143,42016
TSS_1414_storz_regulondb,0.8235294117647058,29,16,ACCCCTATAAGACATTTTGT,13,58713
TSS_1414_storz_regulondb,2.176470588235294,52,16,ACCCCCCGTGTAACTAGGTT,36,12390
TSS_1414_storz_regulondb,38.76470588235294,674,16,ACCATAACATCGCGGGACGT,658,23741
TSS_1414_storz_regulondb,0.7647058823529411,28,16,ACACCCATGTTCGGTCCGAT,12,3823
TSS_1414_storz_regulondb,0.11764705882352941,17,16,ACAATTAAGTCGGGGTGCTG,1,80092
TSS_1414_storz_regulondb,0.11764705882352941,17,16,ACAAACATCTACATGGGTCA,1,4445
TSS_1414_storz_regulondb,2.0,49,16,AATTGTCGCTTTATGTCTTT,33,42272
TSS_1414_storz_regulondb,16.941176470588236,303,16,AATATCTTAAACCTACCGGA,287,23746
TSS_1414_storz_regulondb,2.7058823529411766,61,16,AATAGGGCCGCTTTAGATGC,45,65522
TSS_1414_storz_regulondb,1.411764705882353,39,16,AATAATACGGGCATCGATGT,23,7554
TSS_1414_storz_regulondb,0.11764705882352941,17,16,AATAACACTGTTCGAGTTTT,1,31743
TSS_1414_storz_regulondb,1.8823529411764706,47,16,AATAAAGCTTTGACGCATTT,31,51878
TSS_1414_storz_regulondb,0.8823529411764706,30,16,AAGAGCTCTTAAATCAGATC,14,12053
TSS_1414_storz_regulondb,2.8823529411764706,64,16,AAATTCTATGCGACTACCAA,48,35337
TSS_1414_storz_regulondb,0.11764705882352941,17,16,AAAACAAGAATTATGCACAT,1,6262
TSS_1414_storz_regulondb,2.5625,55,15,TTTTCAACGATAGGCTCCCA,40,6202
TSS_1414_storz_regulondb,0.125,16,15,TTTCCGGGCTCAGACGTGCA,1,19004
TSS_1414_storz_regulondb,2.3125,51,15,TTTCCCACAATACAAGGAGC,36,11783
TSS_1414_storz_regulondb,2.3125,51,15,TTTACTTGTAGTTCAACTTT,36,36426
TSS_1414_storz_regulondb,2.4375,53,15,TTGTGGTATTGTGACTCGTA,38,12017
TSS_1414_storz_regulondb,0.125,16,15,TTGCTAATGGAGTCGTGGAT,1,51576
TSS_1414_storz_regulondb,2.75,58,15,TTGCGATTTCATTGGGAGAT,43,36865
TSS_1414_storz_regulondb,0.125,16,15,TTGCGAAGAGCTTCTGGCAA,1,68222
TSS_1414_storz_regulondb,1.375,36,15,TTGATGCTGCTTCATCGAAT,21,53148
TSS_1414_storz_regulondb,1.125,32,15,TTCTGTGTCCTCCTGTATTG,17,20940
TSS_1414_storz_regulondb,0.125,16,15,TTATTTAATCAGCCAAAAGG,1,33540
TSS_1414_storz_regulondb,1.3125,35,15,TTATAGAGTTCTATGTACAA,20,32889
TSS_1414_storz_regulondb,0.125,16,15,TTAGCTCAATTGGGAAGCCT,1,32319
TSS_1414_storz_regulondb,3.75,74,15,TGTTTGTCAGGGACCCTACC,59,62005
TSS_1414_storz_regulondb,3.25,66,15,TGTGCATTGTGGACCTTGCT,51,45064
TSS_1414_storz_regulondb,1.5625,39,15,TGTCTTGATCAGGTGAGTGA,24,19130
TSS_1414_storz_regulondb,2.0,46,15,TGTATGCCGCCCATGGAAAA,31,60622
TSS_1414_storz_regulondb,3.25,66,15,TGGCAACCGTGCCACCCTTG,51,18641
TSS_1414_storz_regulondb,1.6875,41,15,TGCGGTACACCCCGCAAAGT,26,58666
TSS_1414_storz_regulondb,0.125,16,15,TGCGCATGTGGAGCTTGCAA,1,1354
TSS_1414_storz_regulondb,4.1875,81,15,TGCATCGAGTACACTTCTCA,66,13521
TSS_1414_storz_regulondb,0.5625,23,15,TGAGGTGATGCGTCACGAGG,8,20447
TSS_1414_storz_regulondb,1.75,42,15,TGAGATTTCATGTGAGGTTC,27,29329
TSS_1414_storz_regulondb,2.125,48,15,TGAACAGGTAAGTCTTTGTT,33,13257
TSS_1414_storz_regulondb,0.125,16,15,TCTTCGGCTCCCTTGTTGCG,1,61770
TSS_1414_storz_regulondb,1.4375,37,15,TCTAAATCGAGTTGCGGATA,22,51552
TSS_1414_storz_regulondb,0.125,16,15,TCCAAGACCAGACAGACGGT,1,18638
TSS_1414_storz_regulondb,0.8125,27,15,TCATGAGCTGACACAAGGTG,12,9735
TSS_1414_storz_regulondb,2.0,46,15,TATTATATCGCTCACGTTTT,31,76699
TSS_1414_storz_regulondb,2.3125,51,15,TATGCATTTAGGATCTGAGT,36,14745
TSS_1414_storz_regulondb,4.1875,81,15,TATGACCCCCGAACCACGAG,66,67475
TSS_1414_storz_regulondb,1.6875,41,15,TATGAACTCGGCCAACAGCG,26,70084
TSS_1414_storz_regulondb,1.5625,39,15,TATCTAAGCGTGGACATAGC,24,37197
TSS_1414_storz_regulondb,3.75,74,15,TATAGGTAGTGGGGTGCGGA,59,62455
TSS_1414_storz_regulondb,1.3125,35,15,TAGGAAGCCAGGCGCGAGCG,20,71450
TSS_1414_storz_regulondb,2.0,46,15,TAGCCCCAGAGTTTGCTTCA,31,59459
TSS_1414_storz_regulondb,0.125,16,15,TAGCACGTATAGTACAATCG,1,13300
TSS_1414_storz_regulondb,0.6875,25,15,TACTGAGGGCCGCACGTGAT,10,4803
TSS_1414_storz_regulondb,0.875,28,15,TACTCTGCATGAGGCTGCTC,13,29767
TSS_1414_storz_regulondb,1.3125,35,15,TACTACTACCAATCGAAGTA,20,26601
TSS_1414_storz_regulondb,2.125,48,15,TACGTGACCTGATAAAACCT,33,27156
TSS_1414_storz_regulondb,1.375,36,15,TACGATGCATTAGTGATGCT,21,49785
TSS_1414_storz_regulondb,1.625,40,15,TAAGCTGAGGCTGGGGCACA,25,3743
TSS_1414_storz_regulondb,1.375,36,15,TAAAGTTCTTGCGGATTCGG,21,28060
TSS_1414_storz_regulondb,22.1875,369,15,GTTTCGGTGCCTTTTGAATA,354,9075
TSS_1414_storz_regulondb,0.1875,17,15,GTTGCTATTCATCGACTGTT,2,48856
TSS_1414_storz_regulondb,3.75,74,15,GTTGACGAATGTGCAGCTTA,59,64850
TSS_1414_storz_regulondb,0.125,16,15,GTTCTCCAATGATAGTATGC,1,34530
TSS_1414_storz_regulondb,2.9375,61,15,GTTCGGGTCAGCGGGGTGCA,46,22334
TSS_1414_storz_regulondb,0.8125,27,15,GTGTAACATCAGAATGCTTT,12,44012
TSS_1414_storz_regulondb,4.6875,89,15,GTGGGTATTATCCCAGCTTT,74,79166
TSS_1414_storz_regulondb,0.5625,23,15,GTGGAAGGTCCGACACAGAA,8,28445
TSS_1414_storz_regulondb,7.0625,127,15,GTGCGCAGTGTGTTTGGACC,112,73024
TSS_1414_storz_regulondb,0.125,16,15,GTGCACTCGTCAGCGCAATT,1,30975
TSS_1414_storz_regulondb,0.125,16,15,GTCTTTTCATGATAGTGAGT,1,17026
TSS_1414_storz_regulondb,0.125,16,15,GTCTAGCTGTTGGATTAGAT,1,40314
TSS_1414_storz_regulondb,1.8125,43,15,GTCGTTAAGACCTGTAGTAG,28,12015
TSS_1414_storz_regulondb,2.5625,55,15,GTCCAGCCTAGCGTCGGATA,40,31423
TSS_1414_storz_regulondb,3.5625,71,15,GTCACTGGGGGTCCTCTAGC,56,49224
TSS_1414_storz_regulondb,1.125,32,15,GTCAATCAAAGGACTGCGGT,17,28263
TSS_1414_storz_regulondb,4.875,92,15,GTATCATACAGAGTACGCGT,77,54294
TSS_1414_storz_regulondb,2.5,54,15,GTACGCGCCGGAGAAGCCGT,39,55816
TSS_1414_storz_regulondb,1.0,30,15,GTACACGGCCGAGTACAATA,15,52071
TSS_1414_storz_regulondb,1.4375,37,15,GTACAAGGGCACCTGTGGTT,22,71083
TSS_1414_storz_regulondb,1.125,32,15,GTAACCTCCGAAAGGCAGCT,17,25904
TSS_1414_storz_regulondb,1.8125,43,15,GTAAAAGAAAGATGGGTAGG,28,41198
TSS_1414_storz_regulondb,3.0625,63,15,GGTCGCTGCGCCGCTAGCCT,48,23667
TSS_1414_storz_regulondb,3.9375,77,15,GGTCAAACGGACCTCTCGTT,62,3149
TSS_1414_storz_regulondb,0.125,16,15,GGTATTGCTTCTCGTGTGGC,1,47554
TSS_1414_storz_regulondb,2.1875,49,15,GGTACCCGATCATATACAAT,34,65248
TSS_1414_storz_regulondb,2.0625,47,15,GGTAATTGCTCCGATGCTGA,32,41373
TSS_1414_storz_regulondb,3.25,66,15,GGGATGATATGGTCCCCGGC,51,37016
TSS_1414_storz_regulondb,1.9375,45,15,GGCGTGTAACCTGGTTATCA,30,70229
TSS_1414_storz_regulondb,1.25,34,15,GGCGTGAATATCAGATTCGA,19,58636
TSS_1414_storz_regulondb,2.375,52,15,GGCGCGTGGGTCAATCAGAA,37,30856
TSS_1414_storz_regulondb,5.3125,99,15,GGCGCCGGCTCATCGAGCGT,84,35863
TSS_1414_storz_regulondb,1.4375,37,15,GGATACTGCTGTAAGCCGAA,22,56058
TSS_1414_storz_regulondb,3.5625,71,15,GGAGGCACTCTAAGGCTCTG,56,19719
TSS_1414_storz_regulondb,5.125,96,15,GGACCCCCGTGGGGCTGGTG,81,54801
TSS_1414_storz_regulondb,3.5,70,15,GGACACTCGGGCGACCTGTT,55,54027
TSS_1414_storz_regulondb,1.4375,37,15,GCTGTAATATTGCTGTTGTA,22,52019
TSS_1414_storz_regulondb,1.375,36,15,GCTCGAGATTCCGGTTTTAT,21,62169
TSS_1414_storz_regulondb,2.0625,47,15,GCTAGTTCACCCTTGTGTGT,32,32595
TSS_1414_storz_regulondb,1.3125,35,15,GCTAGATGTAATTTGAACCG,20,62751
TSS_1414_storz_regulondb,1.0625,31,15,GCTACCCGTGGTATTGTTGT,16,55540
TSS_1414_storz_regulondb,1.5625,39,15,GCGGATCTTCCTGTAGGTGG,24,32989
TSS_1414_storz_regulondb,2.8125,59,15,GCGAATTATATTCGGCGTCT,44,37036
TSS_1414_storz_regulondb,0.375,20,15,GCCTGCGTTTGGCTTTGGCT,5,32864
TSS_1414_storz_regulondb,3.375,68,15,GCCTCGAGGATCAAACGCGT,53,56224
TSS_1414_storz_regulondb,3.3125,67,15,GCATGGAGCGTAAACGCACG,52,42407
TSS_1414_storz_regulondb,28.6875,473,15,GATTTGTTGCCATAGTAGCC,458,38493
TSS_1414_storz_regulondb,2.5625,55,15,GATTGTACGGAGATTTACAA,40,25519
TSS_1414_storz_regulondb,2.0625,47,15,GATTCGAGACGCAAAAGAGA,32,79711
TSS_1414_storz_regulondb,1.0,30,15,GATTACTTTCTTCTTCAGTT,15,39612
TSS_1414_storz_regulondb,1.8125,43,15,GATCCGTGAAGCACCAATCA,28,41288
TSS_1414_storz_regulondb,2.0,46,15,GAGGAAAATAGTAGGAACTA,31,268
TSS_1414_storz_regulondb,0.125,16,15,GAGCTTCCGGGGGCTGAGCA,1,62414
TSS_1414_storz_regulondb,2.8125,59,15,GAGCATCTTTTCCTCATGTT,44,78686
TSS_1414_storz_regulondb,1.6875,41,15,GAGCAAAGGTGGTTTGCTGA,26,42873
TSS_1414_storz_regulondb,1.9375,45,15,GAAGGTGCTTTTGAGAGCTA,30,27477
TSS_1414_storz_regulondb,3.625,72,15,CTTAAGTGCGTGGCGCATAT,57,39846
TSS_1414_storz_regulondb,1.1875,33,15,CTGCCATATTCATTTGTGAT,18,12862
TSS_1414_storz_regulondb,2.0,46,15,CTGCATGAGGGGCAGTATAA,31,45050
TSS_1414_storz_regulondb,1.4375,37,15,CTGAGGGCACGGTCTCGACT,22,20604
TSS_1414_storz_regulondb,2.3125,51,15,CTCTCAGTACATAAGTCTCA,36,49640
TSS_1414_storz_regulondb,2.3125,51,15,CTCCGATTGCAGGCTACCTC,36,59676
TSS_1414_storz_regulondb,0.125,16,15,CTCCCATACAACGATAGCTC,1,34099
TSS_1414_storz_regulondb,1.3125,35,15,CTCAACTCAAGATAGTGTTA,20,27744
TSS_1414_storz_regulondb,3.0625,63,15,CTATTAGGAAGTTAGGAAAC,48,77990
TSS_1414_storz_regulondb,2.875,60,15,CTATGTCTGCTCTAGAAGGT,45,50155
TSS_1414_storz_regulondb,2.8125,59,15,CTATCGTATAACCCAAACCT,44,61883
TSS_1414_storz_regulondb,1.9375,45,15,CTAAGATCCGTTTGTACCTC,30,12460
TSS_1414_storz_regulondb,1.625,40,15,CTAAGAATTCTTCCTGGCAA,25,35866
TSS_1414_storz_regulondb,1.6875,41,15,CGTGTCTTCTCGCACTCAAT,26,25772
TSS_1414_storz_regulondb,0.5,22,15,CGTCTCTACGGCGAATATCA,7,68602
TSS_1414_storz_regulondb,1.125,32,15,CGGTGAAGTCAGCTTAGCCA,17,62775
TSS_1414_storz_regulondb,0.125,16,15,CGGTCATTCCGTGCAAGTAG,1,22417
TSS_1414_storz_regulondb,1.625,40,15,CGGGAATGCTTGGCATGCCC,25,16091
TSS_1414_storz_regulondb,1.125,32,15,CGGCATAATCAAATCGAGCA,17,33435
TSS_1414_storz_regulondb,0.9375,29,15,CGGATTCCTTTTTACGGGGA,14,63443
TSS_1414_storz_regulondb,2.125,48,15,CGGAGCTGATATCATGGTTT,33,1652
TSS_1414_storz_regulondb,0.125,16,15,CGCGTGACCGCTCTGTGTGG,1,32535
TSS_1414_storz_regulondb,1.875,44,15,CGATTATCGGAAGCGTGCCC,29,66087
TSS_1414_storz_regulondb,1.375,36,15,CGAGGTTGTCTATTATCGAT,21,50369
TSS_1414_storz_regulondb,1.25,34,15,CGAGCCTTGCGCCATGGATT,19,12761
TSS_1414_storz_regulondb,0.125,16,15,CGACACATAATTTCCCAAAG,1,59586
TSS_1414_storz_regulondb,0.125,16,15,CGAATCTGTTGGCTCATTTG,1,35851
TSS_1414_storz_regulondb,1.25,34,15,CGAAGGGGACTTTACCGCGG,19,63651
TSS_1414_storz_regulondb,9.5,166,15,CGAACCGTCGTTTTCAGCCA,151,5400
TSS_1414_storz_regulondb,1.0625,31,15,CGAACAGCACAGCACATTAG,16,21289
TSS_1414_storz_regulondb,1.875,44,15,CCTTGGACGCGGAGCCACGG,29,25315
TSS_1414_storz_regulondb,1.9375,45,15,CCTTGAGCACTCGCCGCCCG,30,65723
TSS_1414_storz_regulondb,2.0625,47,15,CCTTCAATGCATATTTATCG,32,17129
TSS_1414_storz_regulondb,1.1875,33,15,CCTGGCGTCCGATATTATGA,18,42460
TSS_1414_storz_regulondb,0.125,16,15,CCGGGCGTATCTTTCTCAAT,1,59852
TSS_1414_storz_regulondb,1.4375,37,15,CCGGCACGGGTCTCTATCTA,22,8693
TSS_1414_storz_regulondb,1.5,38,15,CCGCACGGGACAGTCCCGGT,23,41612
TSS_1414_storz_regulondb,2.875,60,15,CCGAGGTCTCCCGTACACGG,45,20364
TSS_1414_storz_regulondb,2.75,58,15,CCGAAGAAGTAGCAGTCTAC,43,30799
TSS_1414_storz_regulondb,26.375,436,15,CCATGAGGCTGAGAGCCGGC,421,5379
TSS_1414_storz_regulondb,2.0625,47,15,CCAGAATAGGCCCTTAAGTA,32,8027
TSS_1414_storz_regulondb,3.75,74,15,CATGTTAGTTTCAAAAGGAT,59,75638
TSS_1414_storz_regulondb,2.5625,55,15,CATGGTTAATGTGGTGTTAT,40,5530
TSS_1414_storz_regulondb,2.75,58,15,CATAGATGTTTCATGGGGGA,43,37861
TSS_1414_storz_regulondb,1.4375,37,15,CATACACCCAAGGTCACTCC,22,43555
TSS_1414_storz_regulondb,2.6875,57,15,CAGGACGTCGAGTAATGCAG,42,67013
TSS_1414_storz_regulondb,0.125,16,15,CAGGAAACGGCGGCACGCAA,1,38757
TSS_1414_storz_regulondb,1.125,32,15,CAGCTCCAATCTCAGATAAT,17,78875
TSS_1414_storz_regulondb,1.75,42,15,CACGGGGAGAGCAAAAGTCA,27,8910
TSS_1414_storz_regulondb,1.3125,35,15,CACGGGAGAAACACTGCACC,20,4287
TSS_1414_storz_regulondb,1.875,44,15,CACCGCTGAAACATGTGCCT,29,29209
TSS_1414_storz_regulondb,1.0,30,15,CACAAACGAATTGAAGGGCA,15,10342
TSS_1414_storz_regulondb,1.875,44,15,CAATTGGCACGGAAACGCTG,29,54032
TSS_1414_storz_regulondb,3.1875,65,15,CAACTGGCTCCTAGAGCGAG,50,54856
TSS_1414_storz_regulondb,4.6875,89,15,CAACGTTACGTAAAGTCCTT,74,73410
TSS_1414_storz_regulondb,2.8125,59,15,CAACGCTTGCCGGTGCTCCT,44,33505
TSS_1414_storz_regulondb,4.0625,79,15,CAACAGACCCGTTCGTAAAA,64,56449
TSS_1414_storz_regulondb,0.125,16,15,CAAAGTAAAAGGTAATTCAA,1,70051
TSS_1414_storz_regulondb,1.9375,45,15,ATTTCCAACTACGGCCTAAA,30,49631
TSS_1414_storz_regulondb,0.125,16,15,ATTCATGGTCTAGGAAGTAA,1,39874
TSS_1414_storz_regulondb,0.9375,29,15,ATTAGTTATATGCAAGCGTG,14,1643
TSS_1414_storz_regulondb,1.5,38,15,ATTAGGCCGCCGGCCTACCA,23,69036
TSS_1414_storz_regulondb,3.75,74,15,ATGTGCACCACGGACATGAT,59,46365
TSS_1414_storz_regulondb,0.875,28,15,ATGTAGATACACAATTGGAA,13,33426
TSS_1414_storz_regulondb,0.125,16,15,ATGGAAGCGCAGTAACAGTA,1,39047
TSS_1414_storz_regulondb,0.125,16,15,ATGCAATCTCTAAGGATATG,1,36055
TSS_1414_storz_regulondb,2.0,46,15,ATCCTCATGGTAGCCATCTT,31,9498
TSS_1414_storz_regulondb,1.875,44,15,ATCCAAGCACCAGCGTCCTA,29,26614
TSS_1414_storz_regulondb,0.125,16,15,ATCATAACATTAAAGAATAG,1,65213
TSS_1414_storz_regulondb,1.6875,41,15,ATAGTAGTCGGTCAGGAATG,26,61142
TSS_1414_storz_regulondb,0.625,24,15,ATAGTAGGCTCCGCACGCAG,9,20502
TSS_1414_storz_regulondb,1.0625,31,15,ATACTCGGAGGATAAAGTAA,16,80662
TSS_1414_storz_regulondb,1.5625,39,15,ATACTCAAAACTCTTGGCCT,24,50112
TSS_1414_storz_regulondb,0.375,20,15,AGTTCTTTCCAACAGTATAC,5,60081
TSS_1414_storz_regulondb,1.5,38,15,AGTCGGCTGCGTTCGTTGCT,23,59589
TSS_1414_storz_regulondb,2.5625,55,15,AGTCCCTCGTGGCGTTTTTC,40,16059
TSS_1414_storz_regulondb,2.5625,55,15,AGGTCCGGGTCTAATCGATG,40,69928
TSS_1414_storz_regulondb,1.3125,35,15,AGGTAGTCTTCCGAGGCAAA,20,77140
TSS_1414_storz_regulondb,1.8125,43,15,AGCCTATACTAATACCGATT,28,16739
TSS_1414_storz_regulondb,3.9375,77,15,AGCATGGTATAAGACGAAGA,62,64726
TSS_1414_storz_regulondb,4.0625,79,15,AGATCCCCCAATCTTCTGTA,64,1571
TSS_1414_storz_regulondb,0.125,16,15,AGAGCTTACTCTCTACCGCG,1,1064
TSS_1414_storz_regulondb,1.0625,31,15,AGAATCCCGTCAATGGGGCA,16,76388
TSS_1414_storz_regulondb,0.3125,19,15,ACTTAAAGAATACCTGTCTC,4,67320
TSS_1414_storz_regulondb,1.3125,35,15,ACTATTAATAACCAGTCTTC,20,71907
TSS_1414_storz_regulondb,1.4375,37,15,ACGTATGACTTCCTCATTTA,22,56515
TSS_1414_storz_regulondb,1.4375,37,15,ACGGTCTGCTTTCCCTTTCC,22,33587
TSS_1414_storz_regulondb,0.5625,23,15,ACGAGGCACAGTTTACAATT,8,63695
TSS_1414_storz_regulondb,4.3125,83,15,ACGAATTTATTCCATTAGTC,68,20111
TSS_1414_storz_regulondb,1.75,42,15,ACCTTGTAGGCGGGTCTGTA,27,2807
TSS_1414_storz_regulondb,1.0625,31,15,ACCTCCTTGGCTAAGCTATA,16,2153
TSS_1414_storz_regulondb,0.125,16,15,ACCGGTCCGGTTATTCTTGA,1,19182
TSS_1414_storz_regulondb,3.0625,63,15,ACCCGTGTGATTCCGTGCGT,48,37821
TSS_1414_storz_regulondb,3.125,64,15,ACCCCGACCCTGACAGAGTG,49,18432
TSS_1414_storz_regulondb,0.125,16,15,ACATGCAGCTTCCATGGGTG,1,69597
TSS_1414_storz_regulondb,0.125,16,15,ACATGATTTATCGACAAATT,1,69276
TSS_1414_storz_regulondb,1.1875,33,15,ACAGCGAACCAGTGGGTAAG,18,5728
TSS_1414_storz_regulondb,0.625,24,15,ACAGCACAGGACCGAGGAAT,9,77407
TSS_1414_storz_regulondb,1.0625,31,15,ACAGATGCGTCAGCATGCCT,16,40527
TSS_1414_storz_regulondb,1.6875,41,15,ACAATGTCCGTGCAAGCCCT,26,18907
TSS_1414_storz_regulondb,0.125,16,15,AATTTAATGGTAACAATCGT,1,73115
TSS_1414_storz_regulondb,1.9375,45,15,AATTGCGTACCATACGGTTT,30,21820
TSS_1414_storz_regulondb,1.5625,39,15,AATCGCTACCCATTTTGGAA,24,2316
TSS_1414_storz_regulondb,3.5625,71,15,AATCATACAGGATATCGAAC,56,64352
TSS_1414_storz_regulondb,1.3125,35,15,AATATCAAGGTCAGACTGGA,20,28324
TSS_1414_storz_regulondb,1.9375,45,15,AATACCCCGGTTCATCGAAT,30,40587
TSS_1414_storz_regulondb,1.5625,39,15,AAGGGCTTAGGGACTACTCT,24,65850
TSS_1414_storz_regulondb,2.8125,59,15,AAGGCGTGTAGCGGGCGATG,44,35299
TSS_1414_storz_regulondb,1.3125,35,15,AAGCGGAGATTGCCTAAATT,20,3303
TSS_1414_storz_regulondb,3.375,68,15,AACTCAGACATTAGAGGGGA,53,13909
TSS_1414_storz_regulondb,1.75,42,15,AACGGCACCCTATCAGAAAT,27,64725
TSS_1414_storz_regulondb,0.125,16,15,AACAGCCTTTTGTGTGTAAA,1,65992
TSS_1414_storz_regulondb,12.125,208,15,AAACAGCGCCGCCGCAAGAT,193,56848
TSS_1414_storz_regulondb,0.25,18,15,AAACAATGCTGATTATTCGA,3,46154
TSS_1414_storz_regulondb,0.75,26,15,AAACAAGGGATCGGTAGCCG,11,76284
TSS_1414_storz_regulondb,1.1333333333333333,30,14,TTTTGCTTCGTGCCTAGGTC,16,19364
TSS_1414_storz_regulondb,1.0666666666666667,29,14,TTTGACCGCAGGAGTGCAGG,15,22759
TSS_1414_storz_regulondb,1.5333333333333334,36,14,TTTCACACAAAAATATCCAT,22,62266
TSS_1414_storz_regulondb,1.6666666666666667,38,14,TTTCAAACCTCCGAAGGAAC,24,54228
TSS_1414_storz_regulondb,2.2666666666666666,47,14,TTGTTTCCTAAATGTTTAGC,33,20234
TSS_1414_storz_regulondb,0.8666666666666667,26,14,TTGGAATGTAATATACATAT,12,32306
TSS_1414_storz_regulondb,3.0,58,14,TTGCTCCTCCCAAGGCGCAA,44,17138
TSS_1414_storz_regulondb,1.0,28,14,TTCGTCCGTACCATTACACC,14,69461
TSS_1414_storz_regulondb,3.933333333333333,72,14,TTCAGGCGTCAAAAGAGCAG,58,36799
TSS_1414_storz_regulondb,2.2666666666666666,47,14,TTATTTCTTGCCCCTCACGG,33,73661
TSS_1414_storz_regulondb,0.13333333333333333,15,14,TTAGAATAATAGCGTGTAAA,1,49031
TSS_1414_storz_regulondb,2.2,46,14,TTACTGGACGCGACCTCTCG,32,21258
TSS_1414_storz_regulondb,0.5333333333333333,21,14,TGTCGTGCATAGCGTAGGGT,7,74035
TSS_1414_storz_regulondb,2.7333333333333334,54,14,TGTCGCCAGGCAACAATTAA,40,70425
TSS_1414_storz_regulondb,0.2,16,14,TGGGGGCTAATCAGTACATT,2,51775
TSS_1414_storz_regulondb,1.8666666666666667,41,14,TGGCTCTCGCTAAGCCTGCT,27,15436
TSS_1414_storz_regulondb,2.1333333333333333,45,14,TGCGACGTTCACCCCCGTAA,31,56577
TSS_1414_storz_regulondb,0.8,25,14,TGCAGCAAAGGATGTAGGAA,11,64807
TSS_1414_storz_regulondb,1.7333333333333334,39,14,TGCACGGATGGAAGATACGC,25,30742
TSS_1414_storz_regulondb,1.0666666666666667,29,14,TGCAACGTGCGTTATGGACC,15,75076
TSS_1414_storz_regulondb,0.13333333333333333,15,14,TGACGACGGAAGGATTAGCT,1,46185
TSS_1414_storz_regulondb,0.4666666666666667,20,14,TCTGCTCCTCGTTTACTTTT,6,25871
TSS_1414_storz_regulondb,1.0666666666666667,29,14,TCTGCACAGGATGTTCGAAC,15,17492
TSS_1414_storz_regulondb,2.533333333333333,51,14,TCTAGTCCCTCCACCTGCAG,37,12952
TSS_1414_storz_regulondb,1.9333333333333333,42,14,TCGGCGGTTTACCTACGTCT,28,19190
TSS_1414_storz_regulondb,0.13333333333333333,15,14,TCGCTCGCGTTTGCCGAACA,1,60073
TSS_1414_storz_regulondb,0.5333333333333333,21,14,TCGATATCAGGACAGGCCAT,7,15605
TSS_1414_storz_regulondb,1.5333333333333334,36,14,TCGAGCCGTTGTTTAACTCA,22,20437
TSS_1414_storz_regulondb,0.13333333333333333,15,14,TCCTTTATGGGTATGAGCGG,1,8687
TSS_1414_storz_regulondb,2.7333333333333334,54,14,TCCTCTACTTGGTCATTACA,40,75389
TSS_1414_storz_regulondb,0.7333333333333333,24,14,TCCAGGTAATCAAAAATTTT,10,23229
TSS_1414_storz_regulondb,0.7333333333333333,24,14,TCAGCGACAGTATTCGGCCT,10,612
TSS_1414_storz_regulondb,0.4,19,14,TCAACAACGTGCACTCTCGC,5,2376
TSS_1414_storz_regulondb,1.8666666666666667,41,14,TCAAATGGTAGTCTCGAGAC,27,20200
TSS_1414_storz_regulondb,3.933333333333333,72,14,TCAAATATTGTATGGAGTTA,58,19239
TSS_1414_storz_regulondb,1.2,31,14,TCAAATAAGTGGTACATAGA,17,50002
TSS_1414_storz_regulondb,1.2666666666666666,32,14,TATTTTGAATCGGGGCCTCG,18,5525
TSS_1414_storz_regulondb,1.8666666666666667,41,14,TATTTTAGGGTACTGGATAA,27,60485
TSS_1414_storz_regulondb,1.4,34,14,TATTCCCATAACAGTCGATC,20,20124
TSS_1414_storz_regulondb,0.13333333333333333,15,14,TATGGCCCGCTACTGTAGGA,1,30097
TSS_1414_storz_regulondb,0.13333333333333333,15,14,TATCGGCGCCGCCCCGGACA,1,11115
TSS_1414_storz_regulondb,1.0,28,14,TATCCCAGAAGGGTCACGGC,14,41450
TSS_1414_storz_regulondb,3.533333333333333,66,14,TATCAAATACTAAGTCCGCG,52,28909
TSS_1414_storz_regulondb,2.0,43,14,TAGGTAACGGCTTAGCACGG,29,27211
TSS_1414_storz_regulondb,0.2,16,14,TACTGAAAGTTACAAACGGT,2,70382
TSS_1414_storz_regulondb,1.2666666666666666,32,14,TACGTCCCGTACCACGATAA,18,33425
TSS_1414_storz_regulondb,1.8666666666666667,41,14,TAATGCGGGTTCGATCCCGC,27,65551
TSS_1414_storz_regulondb,1.6666666666666667,38,14,TAATACGCAAAGCCTGTGGA,24,61742
TSS_1414_storz_regulondb,1.0666666666666667,29,14,TAAGTCTTAAGGACGGCGTT,15,29822
TSS_1414_storz_regulondb,2.1333333333333333,45,14,TAACGGGCTGTCCGAAGGGT,31,12609
TSS_1414_storz_regulondb,1.9333333333333333,42,14,TAACGAAACTCGACAGATCG,28,65520
TSS_1414_storz_regulondb,1.1333333333333333,30,14,TAAAGTTCCCCACCATCCAC,16,11728
TSS_1414_storz_regulondb,2.0,43,14,TAAAGTAGTCTCGCCTAGCA,29,15733
TSS_1414_storz_regulondb,2.1333333333333333,45,14,GTTTTTTGACGCTCGAGGTG,31,59897
TSS_1414_storz_regulondb,3.7333333333333334,69,14,GTTTGTGGCTAACGGGCATA,55,45776
TSS_1414_storz_regulondb,1.9333333333333333,42,14,GTTTCACGACATCAAGTACA,28,41751
TSS_1414_storz_regulondb,0.13333333333333333,15,14,GTTTAGAAACACCGAGTTTT,1,22243
TSS_1414_storz_regulondb,2.466666666666667,50,14,GTTGTCCGTGGTACATCAGA,36,75543
TSS_1414_storz_regulondb,1.4666666666666666,35,14,GTTGCGCTTGCGATATACGG,21,26444
TSS_1414_storz_regulondb,0.8666666666666667,26,14,GTTACAGTCTCGGTCGTGTG,12,32021
TSS_1414_storz_regulondb,3.466666666666667,65,14,GTGTTACCGTTGTATGATCT,51,31099
TSS_1414_storz_regulondb,1.8666666666666667,41,14,GTGTATGCGACTGGGGATGG,27,36868
TSS_1414_storz_regulondb,0.3333333333333333,18,14,GTGCGATTCGATGAGCACAT,4,65805
TSS_1414_storz_regulondb,2.0,43,14,GTGCCTGAGCCCCCTATAAG,29,8531
TSS_1414_storz_regulondb,0.7333333333333333,24,14,GTGCCACTCGGAAACCTCAC,10,78204
TSS_1414_storz_regulondb,4.266666666666667,77,14,GTGCAGAAGTCCCCGCGGTG,63,26162
TSS_1414_storz_regulondb,1.2,31,14,GTGAGCCAACACATTGCTAA,17,10258
TSS_1414_storz_regulondb,1.8,40,14,GTGAACGGCCGATCTAACTT,26,34533
TSS_1414_storz_regulondb,0.13333333333333333,15,14,GTCGGCCGCCCGCCGTAAGT,1,3343
TSS_1414_storz_regulondb,1.2666666666666666,32,14,GTCCTTTGTTGTGGAGACGT,18,51287
TSS_1414_storz_regulondb,1.8,40,14,GGTATGTGATTAAGTTGAGA,26,1988
TSS_1414_storz_regulondb,1.9333333333333333,42,14,GGGTGTCGTTCTGATCATCC,28,34238
TSS_1414_storz_regulondb,2.6666666666666665,53,14,GGGTGCAGCCGAGAAATCCT,39,36815
TSS_1414_storz_regulondb,2.2666666666666666,47,14,GGGGATGGGTGAATTGGCTA,33,29777
TSS_1414_storz_regulondb,2.466666666666667,50,14,GGGGAAAAGGAGCAACACGC,36,26143
TSS_1414_storz_regulondb,0.13333333333333333,15,14,GGGAATTGGGCCAGGTACTG,1,42505
TSS_1414_storz_regulondb,5.266666666666667,92,14,GGCTGAGAATGGGCTATCTT,78,4620
TSS_1414_storz_regulondb,3.8666666666666667,71,14,GGCGTTAATGGTAAGAGGAA,57,67591
TSS_1414_storz_regulondb,0.2,16,14,GGCGTAAGTCTTATGCTGAT,2,47281
TSS_1414_storz_regulondb,0.13333333333333333,15,14,GGCCTAAGAACCGTGGGAGA,1,662
TSS_1414_storz_regulondb,1.3333333333333333,33,14,GGCCCTCAAGGAACTCTAAC,19,8320
TSS_1414_storz_regulondb,17.8,280,14,GGCAGCACACCTGCTGGGGC,266,75053
TSS_1414_storz_regulondb,2.4,49,14,GGATTCAGGAATGGGAACAA,35,64490
TSS_1414_storz_regulondb,5.533333333333333,96,14,GGATGCACGCGGAAGCGTGG,82,27302
TSS_1414_storz_regulondb,1.2,31,14,GGATGATGTCCGGAAAACTA,17,17767
TSS_1414_storz_regulondb,1.4666666666666666,35,14,GGATCTACGAGAGTAATTAA,21,13397
TSS_1414_storz_regulondb,0.13333333333333333,15,14,GGATCACGGCATGTTTGACG,1,5935
TSS_1414_storz_regulondb,1.4666666666666666,35,14,GGAGTCCTGATGTTTTTCGA,21,58639
TSS_1414_storz_regulondb,2.533333333333333,51,14,GGACTGTCGGTTGAAGGGTA,37,60702
TSS_1414_storz_regulondb,0.26666666666666666,17,14,GGAATTCAATCGAACGCGTA,3,8048
TSS_1414_storz_regulondb,0.13333333333333333,15,14,GCGTTCGCTGAAGGCTCGTT,1,15858
TSS_1414_storz_regulondb,2.2,46,14,GCGTCTGAATAAGCTGCACA,32,42019
TSS_1414_storz_regulondb,0.13333333333333333,15,14,GCGTCGCCTAAGGGGCGGTA,1,66165
TSS_1414_storz_regulondb,0.8666666666666667,26,14,GCGGGGTAAGTGTTTTCAAA,12,36886
TSS_1414_storz_regulondb,2.0,43,14,GCGATCACAGACCGACGTCA,29,32458
TSS_1414_storz_regulondb,3.0,58,14,GCGAGGCGGGAGAGTGCGAA,44,68872
TSS_1414_storz_regulondb,4.066666666666666,74,14,GCGAATCTGGCAATGTATAA,60,38766
TSS_1414_storz_regulondb,2.2666666666666666,47,14,GCCGCCCCCCGAGCATCTCT,33,66300
TSS_1414_storz_regulondb,1.4666666666666666,35,14,GCAGGCAAGGCGAGCGCCAA,21,14282
TSS_1414_storz_regulondb,3.4,64,14,GATGCGACCTAATGCGGTAT,50,42018
TSS_1414_storz_regulondb,1.6666666666666667,38,14,GATAACCGCTTACCAGTTCG,24,37623
TSS_1414_storz_regulondb,1.6666666666666667,38,14,GAGTATCTCAGTGAGGGTAC,24,27566
TSS_1414_storz_regulondb,4.666666666666667,83,14,GAGGCGATTGGACAGAGGCT,69,49417
TSS_1414_storz_regulondb,2.8666666666666667,56,14,GAGGATGCACGCCATATGCC,42,37644
TSS_1414_storz_regulondb,3.2,61,14,GAGCCCCCTGCCAGGGCAGC,47,36244
TSS_1414_storz_regulondb,1.3333333333333333,33,14,GAGATGCTTGGGTCGGGCAG,19,20869
TSS_1414_storz_regulondb,0.2,16,14,GACCTTCGTTGTACGTTTCG,2,32769
TSS_1414_storz_regulondb,0.13333333333333333,15,14,GACCCGGTTTAAGTTTGGAC,1,10474
TSS_1414_storz_regulondb,2.0,43,14,GACACAAGCGCAGCACCTGT,29,50013
TSS_1414_storz_regulondb,1.6666666666666667,38,14,GAAGGCCGTATACTGTGCCC,24,62570
TSS_1414_storz_regulondb,1.2,31,14,GAACGTCTCGGTTTACCCCC,17,52718
TSS_1414_storz_regulondb,1.3333333333333333,33,14,GAAAGATGTTGCCGGCGGTT,19,38358
TSS_1414_storz_regulondb,0.13333333333333333,15,14,GAAAATACGTGCGAAATAAT,1,72404
TSS_1414_storz_regulondb,5.066666666666666,89,14,GAAAACCGCTATCTCAACCC,75,5840
TSS_1414_storz_regulondb,2.533333333333333,51,14,CTTTGCGCAACGCAGAGATT,37,68704
TSS_1414_storz_regulondb,1.6,37,14,CTTATGTCCCGGTCGCTGAA,23,5777
TSS_1414_storz_regulondb,3.6,67,14,CTGTACTTCTCATAGAGTCC,53,21828
TSS_1414_storz_regulondb,1.5333333333333334,36,14,CTGCTAGGCAGCAATCTCAT,22,45169
TSS_1414_storz_regulondb,1.3333333333333333,33,14,CTGCACAGAGCTCCTTTATC,19,12252
TSS_1414_storz_regulondb,2.2,46,14,CTCGTGATGTTTATAGTGAA,32,59098
TSS_1414_storz_regulondb,0.8,25,14,CTCGTCGGTATTGCAAAGGT,11,51076
TSS_1414_storz_regulondb,0.2,16,14,CTCGGTCCCAGGTGGCGAGG,2,12541
TSS_1414_storz_regulondb,1.2,31,14,CTCGCTGGATAGGATATATA,17,66616
TSS_1414_storz_regulondb,1.4,34,14,CTCCGACACGGTAGCTAGAT,20,22649
TSS_1414_storz_regulondb,1.4666666666666666,35,14,CTCCAGAGTAAGCCCTCTAT,21,57630
TSS_1414_storz_regulondb,6.6,112,14,CTCATTGTGTGTTGTTTATG,98,5561
TSS_1414_storz_regulondb,1.5333333333333334,36,14,CTCAGGAATTTGGGGGCCAT,22,21325
TSS_1414_storz_regulondb,0.4,19,14,CTCACCTGATAGGAAACTTG,5,1834
TSS_1414_storz_regulondb,2.2,46,14,CTCAATATGTCTGAGTCGCC,32,68600
TSS_1414_storz_regulondb,1.3333333333333333,33,14,CTATCGTAGATTTGGTTGTA,19,39607
TSS_1414_storz_regulondb,2.2666666666666666,47,14,CTAGACGGCTACGCCAGAAT,33,26988
TSS_1414_storz_regulondb,1.4666666666666666,35,14,CTACTCGGGCTATCACTTTT,21,28174
TSS_1414_storz_regulondb,0.7333333333333333,24,14,CTAATTTTAGGATGAGAGAG,10,80121
TSS_1414_storz_regulondb,1.0,28,14,CGTTCATGAAATGCGAGTGC,14,21541
TSS_1414_storz_regulondb,1.5333333333333334,36,14,CGTGGCCGTACCGGTCAGTT,22,19669
TSS_1414_storz_regulondb,7.4,124,14,CGTGATCGTCTGTCACCGTC,110,44837
TSS_1414_storz_regulondb,1.8,40,14,CGTCGCGCTTTACCCCAGTG,26,77143
TSS_1414_storz_regulondb,33.86666666666667,521,14,CGGGTGAGCCATTTATGAAC,507,75012
TSS_1414_storz_regulondb,11.866666666666667,191,14,CGGGCTTAGTAGTTGCCAAA,177,9089
TSS_1414_storz_regulondb,2.533333333333333,51,14,CGGGAGAAGATGAGGGGGAA,37,15193
TSS_1414_storz_regulondb,0.13333333333333333,15,14,CGGCTTCCAACTTGTCGATT,1,58168
TSS_1414_storz_regulondb,1.4666666666666666,35,14,CGGCGACTGGCTGTGCCCTG,21,68829
TSS_1414_storz_regulondb,1.6666666666666667,38,14,CGGCAGCAATAATAGACGAC,24,13250
TSS_1414_storz_regulondb,2.1333333333333333,45,14,CGGCACGCATTTCTTACGTC,31,37425
TSS_1414_storz_regulondb,2.1333333333333333,45,14,CGGATCGTGCCCGGCTCATA,31,20206
TSS_1414_storz_regulondb,29.733333333333334,459,14,CGGAGATTACGTCTATTAGT,445,52730
TSS_1414_storz_regulondb,11.2,181,14,CGGACCCGCCACCACTGCTA,167,5443
TSS_1414_storz_regulondb,1.6,37,14,CGCTTGGAAAATTCCTGGCT,23,41706
TSS_1414_storz_regulondb,7.0,118,14,CGCGGGTTACAGCTTGTGAT,104,68554
TSS_1414_storz_regulondb,11.0,178,14,CGCCTCCTGACTGTTATCGT,164,68844
TSS_1414_storz_regulondb,1.5333333333333334,36,14,CGAGGTGTCGGTCAGCGTTG,22,25714
TSS_1414_storz_regulondb,1.3333333333333333,33,14,CGAGAGAGTCTGGCAATTCG,19,41273
TSS_1414_storz_regulondb,1.8666666666666667,41,14,CGAGAATGACTCGTCCACAC,27,45615
TSS_1414_storz_regulondb,1.0,28,14,CGACCCCGCTTTCCCTAGAT,14,5246
TSS_1414_storz_regulondb,1.7333333333333334,39,14,CGAATATATTGACTCGTCTA,25,11093
TSS_1414_storz_regulondb,14.4,229,14,CCTTGATCGGCGGTCGCGAT,215,39514
TSS_1414_storz_regulondb,0.26666666666666666,17,14,CCTCGGTAACAGAGTAGCAT,3,53197
TSS_1414_storz_regulondb,2.466666666666667,50,14,CCTATCCCCGTGTCGTGATG,36,56347
TSS_1414_storz_regulondb,2.1333333333333333,45,14,CCTAGCCGATCCTTTTTAAA,31,54482
TSS_1414_storz_regulondb,0.13333333333333333,15,14,CCGGTCGAGCCGAAGGAAAG,1,27166
TSS_1414_storz_regulondb,2.466666666666667,50,14,CCGGCTGGTTCTTTGGATTG,36,70668
TSS_1414_storz_regulondb,2.466666666666667,50,14,CCGGAGCTAAAATATCTGTT,36,49238
TSS_1414_storz_regulondb,0.13333333333333333,15,14,CCGCGGCAATCAAACGCTTG,1,71739
TSS_1414_storz_regulondb,2.533333333333333,51,14,CCGCGCCTGGTACCGTTTAG,37,4988
TSS_1414_storz_regulondb,0.2,16,14,CCATTATGCTTGTACCACAA,2,33186
TSS_1414_storz_regulondb,2.2666666666666666,47,14,CCATGCAGGTTTAGATGCGT,33,16993
TSS_1414_storz_regulondb,1.2,31,14,CCATAGGGAAAAGAATTTAC,17,80390
TSS_1414_storz_regulondb,1.4,34,14,CCACTGAGAAAATAGTTACT,20,32401
TSS_1414_storz_regulondb,1.4666666666666666,35,14,CCACCAGAGACAAGATTCCT,21,54357
TSS_1414_storz_regulondb,0.13333333333333333,15,14,CCACATGGGGCGCTACTATT,1,32230
TSS_1414_storz_regulondb,2.1333333333333333,45,14,CATGGCTAGTCTATCGGGCG,31,24343
TSS_1414_storz_regulondb,0.13333333333333333,15,14,CATGCCCAATAGCGTCTTGA,1,18653
TSS_1414_storz_regulondb,3.466666666666667,65,14,CATCCTTTGAACCGGCGCCG,51,15228
TSS_1414_storz_regulondb,1.5333333333333334,36,14,CAGGTGCTTAGAGGGTATCG,22,78742
TSS_1414_storz_regulondb,0.9333333333333333,27,14,CAGGGTATGAGTTATTGTAT,13,65481
TSS_1414_storz_regulondb,1.9333333333333333,42,14,CAGGCCCACGGAAGCCCCCT,28,40214
TSS_1414_storz_regulondb,2.8,55,14,CAGGCAGGGGTTTGCAGTGT,41,44134
TSS_1414_storz_regulondb,0.7333333333333333,24,14,CAGACCCAATCGTGGAAGAC,10,60251
TSS_1414_storz_regulondb,2.4,49,14,CACTTCTCAGCAAAGTGTTT,35,16305
TSS_1414_storz_regulondb,0.4666666666666667,20,14,CACAGCAGAGAATGTCATAG,6,18490
TSS_1414_storz_regulondb,1.4,34,14,CAATCCTTGCAAGGCGCTAC,20,26155
TSS_1414_storz_regulondb,4.6,82,14,CAAGTACCAAAACTGCTGTA,68,80412
TSS_1414_storz_regulondb,0.13333333333333333,15,14,CAAGCTGAACGCCCCGATCA,1,36620
TSS_1414_storz_regulondb,3.7333333333333334,69,14,CAAGCCCGGGTGTCCTCATT,55,32513
TSS_1414_storz_regulondb,0.13333333333333333,15,14,CAAGACTATCATTCGAGGCA,1,17543
TSS_1414_storz_regulondb,0.4,19,14,CAACCGCCTGACGATCCATA,5,24888
TSS_1414_storz_regulondb,2.6666666666666665,53,14,ATTTCATCGTCGAAAGGCCA,39,12654
TSS_1414_storz_regulondb,4.133333333333334,75,14,ATTCGGGAACATGCAACATC,61,1720
TSS_1414_storz_regulondb,0.13333333333333333,15,14,ATTCCAACTGAAGACTGTAC,1,51932
TSS_1414_storz_regulondb,0.9333333333333333,27,14,ATTCAGTGCATACACCATAA,13,21647
TSS_1414_storz_regulondb,1.8666666666666667,41,14,ATTCACTAATGTAGGCATAA,27,59047
TSS_1414_storz_regulondb,3.6666666666666665,68,14,ATTATGTTAAGTTGGTGGAT,54,15470
TSS_1414_storz_regulondb,0.13333333333333333,15,14,ATGGTCCGGGACCGTGAATA,1,55040
TSS_1414_storz_regulondb,1.2666666666666666,32,14,ATGCCTTCAACGCAAATATT,18,55351
TSS_1414_storz_regulondb,1.4666666666666666,35,14,ATGCCAGAGTTAGGCGCCTA,21,50488
TSS_1414_storz_regulondb,4.6,82,14,ATGATTGGGGCCATTGGTCT,68,31244
TSS_1414_storz_regulondb,2.2666666666666666,47,14,ATGAATTAGGCGCATGGCCT,33,23236
TSS_1414_storz_regulondb,4.8,85,14,ATCTTTCTTCGTGTCCAACT,71,28134
TSS_1414_storz_regulondb,3.533333333333333,66,14,ATCTTGTATTGGGCTATCAT,52,32073
TSS_1414_storz_regulondb,0.8,25,14,ATCGTACCAGATACTCTCTT,11,10688
TSS_1414_storz_regulondb,0.13333333333333333,15,14,ATATACGACCCTGAGAGGAA,1,20662
TSS_1414_storz_regulondb,0.9333333333333333,27,14,ATAGGGTTACCTTTCTATGA,13,12662
TSS_1414_storz_regulondb,2.3333333333333335,48,14,ATACTTGTCACCTCAAGCAA,34,79167
TSS_1414_storz_regulondb,37.93333333333333,582,14,ATACTGCGGGTCCACACAGA,568,38472
TSS_1414_storz_regulondb,2.6,52,14,ATACGGACCATATGCGTGGA,38,71165
TSS_1414_storz_regulondb,2.2666666666666666,47,14,AGTGGCGGTTGGTTACCGTG,33,18755
TSS_1414_storz_regulondb,2.533333333333333,51,14,AGTAATACTTGGCAGTGAGG,37,58100
TSS_1414_storz_regulondb,1.9333333333333333,42,14,AGGGGGCGGGACCTGACCAG,28,71742
TSS_1414_storz_regulondb,1.8666666666666667,41,14,AGGGCGTTTGGTACAAGTTA,27,72558
TSS_1414_storz_regulondb,0.13333333333333333,15,14,AGGGCCGTTGGGAGAGTTGT,1,69757
TSS_1414_storz_regulondb,1.7333333333333334,39,14,AGGAGTATGATCTACTTGCC,25,37436
TSS_1414_storz_regulondb,2.0,43,14,AGCCTTCGTCAGGTTATGGA,29,6200
TSS_1414_storz_regulondb,1.4666666666666666,35,14,AGCACGCACGTTTCAAGCCG,21,3556
TSS_1414_storz_regulondb,0.2,16,14,AGCAACGCTGCGGTGTACCT,2,71530
TSS_1414_storz_regulondb,2.7333333333333334,54,14,AGATGTCAAGCGCGTCTGTG,40,16167
TSS_1414_storz_regulondb,5.0,88,14,AGATGCAGGCAGTTAATTCA,74,65519
TSS_1414_storz_regulondb,3.2,61,14,AGATCACGTCCTGAGGCTGG,47,54504
TSS_1414_storz_regulondb,1.2666666666666666,32,14,AGAGCCACAGACAACTCCGC,18,53127
TSS_1414_storz_regulondb,1.2,31,14,AGAGATTTAGAATATTTCAC,17,29464
TSS_1414_storz_regulondb,0.9333333333333333,27,14,AGAAGATAGTTGAAGATTAA,13,5985
TSS_1414_storz_regulondb,0.8,25,14,ACTGGGCGATCCTGGCGTGA,11,31100
TSS_1414_storz_regulondb,2.6,52,14,ACTCTTCGCTAGGGAGGTAC,38,14546
TSS_1414_storz_regulondb,48.4,739,14,ACTCGTGTTTCTGTGGCATG,725,10519
TSS_1414_storz_regulondb,3.533333333333333,66,14,ACTCCCGAAATTCCGGGTGG,52,63130
TSS_1414_storz_regulondb,1.7333333333333334,39,14,ACTAACAGATATACGGATCC,25,3802
TSS_1414_storz_regulondb,1.1333333333333333,30,14,ACGTTCCAATCGCGATCAGA,16,28627
TSS_1414_storz_regulondb,1.5333333333333334,36,14,ACGCACGAAATATGTGTTGA,22,73161
TSS_1414_storz_regulondb,0.13333333333333333,15,14,ACGAGCACATGTTTAAGATT,1,40298
TSS_1414_storz_regulondb,1.0,28,14,ACCGGATCGGACGGTCTGCA,14,25895
TSS_1414_storz_regulondb,2.933333333333333,57,14,ACCGCTCTGTCCGGTTAAGG,43,62555
TSS_1414_storz_regulondb,1.7333333333333334,39,14,ACCACGGCGGGAAGTGTCGT,25,17252
TSS_1414_storz_regulondb,0.9333333333333333,27,14,ACAGTTCGTTCACAATTGAT,13,45973
TSS_1414_storz_regulondb,0.9333333333333333,27,14,ACAGGACACAAAGGCCTCCA,13,70958
TSS_1414_storz_regulondb,8.2,136,14,ACAGAGCATTGGGGACTCAG,122,26157
TSS_1414_storz_regulondb,0.9333333333333333,27,14,AATCTTAAACTCCGATCCCT,13,41119
TSS_1414_storz_regulondb,1.5333333333333334,36,14,AATCGCAACCTTCGGTATGT,22,41973
TSS_1414_storz_regulondb,0.9333333333333333,27,14,AATATTCTGGAGCATAATTA,13,52945
TSS_1414_storz_regulondb,36.06666666666667,554,14,AAGTGCACCAACGAATCAAA,540,50991
TSS_1414_storz_regulondb,1.4,34,14,AAGTCGTAAAGCCCCGTCTA,20,38144
TSS_1414_storz_regulondb,1.7333333333333334,39,14,AAGTCCAAAGAAGTTAATCT,25,11447
TSS_1414_storz_regulondb,2.2,46,14,AAGGGCTTTTTGTTTGACCA,32,19313
TSS_1414_storz_regulondb,2.6,52,14,AAGGGATACTCATACAGTCT,38,28502
TSS_1414_storz_regulondb,2.466666666666667,50,14,AAGGATACACCTGTGACATA,36,4806
TSS_1414_storz_regulondb,4.266666666666667,77,14,AAGCCGCCGCATCCGATGAT,63,68823
TSS_1414_storz_regulondb,2.3333333333333335,48,14,AAGAACGCTTCAATCGCGGG,34,16792
TSS_1414_storz_regulondb,3.3333333333333335,63,14,AACGTCAGAATGGTGGGGCG,49,19595
TSS_1414_storz_regulondb,1.8,40,14,AACCCCATAGGTCGAGAAAT,26,35101
TSS_1414_storz_regulondb,2.1333333333333333,45,14,AAAGTGGTGCAGTTTAGGTT,31,43507
TSS_1414_storz_regulondb,2.466666666666667,50,14,AAACTACTATTGGTAGGGCG,36,33727
TSS_1414_storz_regulondb,2.7333333333333334,54,14,AAACGTGCAACGTGACGGAT,40,62560
TSS_1414_storz_regulondb,2.2142857142857144,43,13,TTTGCTCCCTGAGCTCACGG,30,44551
TSS_1414_storz_regulondb,0.14285714285714285,14,13,TTGTCTTTCACAAACCACGG,1,9658
TSS_1414_storz_regulondb,1.4285714285714286,32,13,TTGTCCATCTCGAAGACAGT,19,10770
TSS_1414_storz_regulondb,0.14285714285714285,14,13,TTGGGTCTCCGCAGGGTCCC,1,36804
TSS_1414_storz_regulondb,0.8571428571428571,24,13,TTGATTGAGTTAATACACAT,11,13558
TSS_1414_storz_regulondb,1.3571428571428572,31,13,TTCTGCGTGACTCGAAATTG,18,75327
TSS_1414_storz_regulondb,0.21428571428571427,15,13,TTCGGCAATGGTTAGACCGA,2,479
TSS_1414_storz_regulondb,1.3571428571428572,31,13,TTCGAGCGTTGACCTTGATG,18,75292
TSS_1414_storz_regulondb,1.6428571428571428,35,13,TTCACACTAGGCAGGCGAAA,22,41936
TSS_1414_storz_regulondb,0.9285714285714286,25,13,TTACCGGTAACCGCTCAGCT,12,80159
TSS_1414_storz_regulondb,3.0,54,13,TTAATCTAAAATTCCGTAAT,41,61966
TSS_1414_storz_regulondb,2.142857142857143,42,13,TTAAGGGAACATTAATCCGT,29,33528
TSS_1414_storz_regulondb,1.3571428571428572,31,13,TTAAGCGTGCGTTAACATGG,18,73355
TSS_1414_storz_regulondb,4.785714285714286,79,13,TTAACGTCAGTCAGGGTCGT,66,40278
TSS_1414_storz_regulondb,3.5714285714285716,62,13,TGGGGTTGGATTCAGGCGCG,49,8680
TSS_1414_storz_regulondb,0.5714285714285714,20,13,TGGCTTCGTTCCGGCTTTGC,7,50725
TSS_1414_storz_regulondb,1.4285714285714286,32,13,TGGCGTGACAAGTGAGGACA,19,51939
TSS_1414_storz_regulondb,2.7857142857142856,51,13,TGCTAGGACGTGTCGCAACG,38,79531
TSS_1414_storz_regulondb,0.7142857142857143,22,13,TGCACTATCCGGATGAAGAT,9,51853
TSS_1414_storz_regulondb,0.14285714285714285,14,13,TGCAATAATATTGTCGGCGG,1,55433
TSS_1414_storz_regulondb,3.142857142857143,56,13,TGAGTCGTGCTGGGTGGCAT,43,51352
TSS_1414_storz_regulondb,2.5,47,13,TGAGCGCCTACGTGCCCAGA,34,15634
TSS_1414_storz_regulondb,1.6428571428571428,35,13,TGACGTGGAGTTTTGGGACG,22,29790
TSS_1414_storz_regulondb,4.5,75,13,TCTTTTTTAACCAATATTCC,62,26737
TSS_1414_storz_regulondb,4.5,75,13,TCTTTTATATTATAGAATCG,62,25832
TSS_1414_storz_regulondb,2.5,47,13,TCTGGTGGCATTACAATTTT,34,40309
TSS_1414_storz_regulondb,0.7857142857142857,23,13,TCTGCTCAAGGTCAGTTAAA,10,7617
TSS_1414_storz_regulondb,2.7142857142857144,50,13,TCTAATTAGGTAGACGGCAA,37,7888
TSS_1414_storz_regulondb,1.6428571428571428,35,13,TCGGTAGGGCGGTGTGTTAC,22,25110
TSS_1414_storz_regulondb,1.8571428571428572,38,13,TCGGGTCGAGTAACCATAGG,25,61148
TSS_1414_storz_regulondb,3.0714285714285716,55,13,TCCGGGCCAGGCAGGTGGAT,42,34951
TSS_1414_storz_regulondb,1.5,33,13,TCCGGCCGAACTTTCGCTCT,20,19238
TSS_1414_storz_regulondb,1.5714285714285714,34,13,TCCGACGGGCCAAGCAACCC,21,24640
TSS_1414_storz_regulondb,0.35714285714285715,17,13,TCCCTTACTACGCCATCAGG,4,26487
TSS_1414_storz_regulondb,1.3571428571428572,31,13,TCCATAGGAGATCGCGTTAA,18,79571
TSS_1414_storz_regulondb,0.9285714285714286,25,13,TCAGTTATCGGTAACCTTGT,12,54918
TSS_1414_storz_regulondb,5.714285714285714,92,13,TCAGAAGAACAGGACCACCT,79,30623
TSS_1414_storz_regulondb,2.5714285714285716,48,13,TCACAGGTGATACGTACTCA,35,25553
TSS_1414_storz_regulondb,7.142857142857143,112,13,TCAAGTGGGGTTGTACCTTA,99,63644
TSS_1414_storz_regulondb,5.357142857142857,87,13,TATGAAGACTTTCACGCTAG,74,17137
TSS_1414_storz_regulondb,1.7857142857142858,37,13,TATCCGGAGAATTTGTTGAT,24,12909
TSS_1414_storz_regulondb,1.3571428571428572,31,13,TATATATTCCATTAGGACGG,18,45638
TSS_1414_storz_regulondb,4.357142857142857,73,13,TATACTGGCCGGGTACCCCG,60,54324
TSS_1414_storz_regulondb,0.21428571428571427,15,13,TAGCCCGGGGGTGTGGAAAT,2,14276
TSS_1414_storz_regulondb,2.357142857142857,45,13,TAGATCGCTAGATAGACGTG,32,22329
TSS_1414_storz_regulondb,1.2142857142857142,29,13,TAGACACACCTGTGGCAGGG,16,5601
TSS_1414_storz_regulondb,3.5,61,13,TACTTGTTGGGGGGTAATTA,48,59945
TSS_1414_storz_regulondb,3.0,54,13,TACGGCTCACACTTATAGGG,41,17988
TSS_1414_storz_regulondb,1.2857142857142858,30,13,TACGGATTGTGCCTGCAGAT,17,31256
TSS_1414_storz_regulondb,71.07142857142857,1007,13,TACACCACTGGTGTATTTCA,994,38470
TSS_1414_storz_regulondb,1.8571428571428572,38,13,TAAGAGATTCGACATGGTGA,25,71861
TSS_1414_storz_regulondb,0.7142857142857143,22,13,TAAAAGTCTCGGTCAAAATG,9,54107
TSS_1414_storz_regulondb,1.6428571428571428,35,13,GTTTCCGTGCACCCTTTGGG,22,13306
TSS_1414_storz_regulondb,1.9285714285714286,39,13,GTTTATTGTCTGTACCACGC,26,52326
TSS_1414_storz_regulondb,0.42857142857142855,18,13,GTTCATGGGAGCCAATTGCG,5,13
TSS_1414_storz_regulondb,4.071428571428571,69,13,GTTACCGGTCCCTCGATCGG,56,10337
TSS_1414_storz_regulondb,0.14285714285714285,14,13,GTGGTAGTCGCACGCTTGCG,1,128
TSS_1414_storz_regulondb,2.9285714285714284,53,13,GTGCGTTTTCGTTTTCAATG,40,80151
TSS_1414_storz_regulondb,0.14285714285714285,14,13,GTGCCGGCGAATCTGAAAAG,1,54982
TSS_1414_storz_regulondb,0.9285714285714286,25,13,GTGATCCTCCCACGTGGCAA,12,36653
TSS_1414_storz_regulondb,3.2142857142857144,57,13,GTCTGTTTACACGGATTTTA,44,72253
TSS_1414_storz_regulondb,1.7857142857142858,37,13,GTCTACGTGGGTCGTGATAT,24,13058
TSS_1414_storz_regulondb,1.4285714285714286,32,13,GTCGGTATTCCAGAGCTGTC,19,6120
TSS_1414_storz_regulondb,1.0714285714285714,27,13,GTCCGTAGGATCACCGTTCA,14,19632
TSS_1414_storz_regulondb,26.357142857142858,381,13,GTCCCTTCTGTGTGCGACAG,368,10510
TSS_1414_storz_regulondb,0.9285714285714286,25,13,GTATTGGCCCCGCGGTTTTG,12,73609
TSS_1414_storz_regulondb,2.0714285714285716,41,13,GTATTGACGTAGTCTCCACC,28,24107
TSS_1414_storz_regulondb,1.2857142857142858,30,13,GTATGTCTGATTCAGCGGCC,17,49822
TSS_1414_storz_regulondb,2.2857142857142856,44,13,GTATACCTAAGTCTATGGGT,31,6706
TSS_1414_storz_regulondb,3.2142857142857144,57,13,GTATAAGATTAAAGTTTCTA,44,1211
TSS_1414_storz_regulondb,2.7142857142857144,50,13,GTAGGTTGGCCCTAGTGTAT,37,76621
TSS_1414_storz_regulondb,21.571428571428573,314,13,GGTTCAAAATGCCTTCTCCC,301,26152
TSS_1414_storz_regulondb,2.0,40,13,GGTGTTCGAACTCGGCCCTG,27,66219
TSS_1414_storz_regulondb,1.4285714285714286,32,13,GGTCGAGGACTGGTATTAGG,19,80889
TSS_1414_storz_regulondb,0.21428571428571427,15,13,GGTACTCTAAAACCGCGCAG,2,7353
TSS_1414_storz_regulondb,2.2142857142857144,43,13,GGGTCTGGTTTGGCGTCAAC,30,13518
TSS_1414_storz_regulondb,1.4285714285714286,32,13,GGGTCGGAAGTCTCGGGTGA,19,41637
TSS_1414_storz_regulondb,0.9285714285714286,25,13,GGGGATAGTTAAAGCTTCCA,12,41932
TSS_1414_storz_regulondb,1.2142857142857142,29,13,GGGAACCATTACGGGTCTAA,16,37648
TSS_1414_storz_regulondb,4.071428571428571,69,13,GGCTCACTATCTTTTGCTAC,56,12223
TSS_1414_storz_regulondb,3.357142857142857,59,13,GGCCTCCTAGGATTCTGGTA,46,75078
TSS_1414_storz_regulondb,1.9285714285714286,39,13,GGCCATCAAGGCTTCGGAGG,26,70211
TSS_1414_storz_regulondb,2.4285714285714284,46,13,GGCATGTAGTTCGGATCCCC,33,79259
TSS_1414_storz_regulondb,0.9285714285714286,25,13,GGAGGTTCATACGTATAGAG,12,17969
TSS_1414_storz_regulondb,1.9285714285714286,39,13,GGACCCGACGTACCGGCCAA,26,73783
TSS_1414_storz_regulondb,1.0714285714285714,27,13,GCTTTTTAAGTCCTAACTAT,14,16379
TSS_1414_storz_regulondb,0.14285714285714285,14,13,GCTGCCCGGACTTGCCATGA,1,15231
TSS_1414_storz_regulondb,3.2857142857142856,58,13,GCTGAGGTGTATCAACTCCA,45,30854
TSS_1414_storz_regulondb,0.14285714285714285,14,13,GCTCGGAAGCCCTTCGTACG,1,22981
TSS_1414_storz_regulondb,0.7857142857142857,23,13,GCTACTTAGTAGGGTGGGTT,10,43962
TSS_1414_storz_regulondb,1.1428571428571428,28,13,GCGTTGGTGCACGGTTAGGG,15,7611
TSS_1414_storz_regulondb,0.14285714285714285,14,13,GCGTCGGAAGTGCGTTACAT,1,80338
TSS_1414_storz_regulondb,0.14285714285714285,14,13,GCGGGATTCGGAGAGATTAA,1,6576
TSS_1414_storz_regulondb,0.14285714285714285,14,13,GCGACCTGCACTTGCATCTC,1,66706
TSS_1414_storz_regulondb,0.5,19,13,GCCTGTGACCCCTATTGAAC,6,48812
TSS_1414_storz_regulondb,0.6428571428571429,21,13,GCCGCGTATCGCACGCTTCA,8,66007
TSS_1414_storz_regulondb,0.8571428571428571,24,13,GCCGCGCCCGAACAGGATCG,11,12524
TSS_1414_storz_regulondb,0.14285714285714285,14,13,GCATGTGGATCTAACTTAAT,1,39244
TSS_1414_storz_regulondb,1.1428571428571428,28,13,GCATGCAGCCGGGAGTGGTA,15,40257
TSS_1414_storz_regulondb,2.357142857142857,45,13,GCATAGCATGAGCCCGGCAA,32,75068
TSS_1414_storz_regulondb,0.14285714285714285,14,13,GCACCAGGTGTGCAATACTA,1,7307
TSS_1414_storz_regulondb,1.5,33,13,GCAAGTTTACGCGCCGCAGA,20,56134
TSS_1414_storz_regulondb,1.3571428571428572,31,13,GATTAACAACGTTAGGTAAA,18,65245
TSS_1414_storz_regulondb,2.0714285714285716,41,13,GATGGACTGGAAACCCCTAC,28,43231
TSS_1414_storz_regulondb,0.5714285714285714,20,13,GATCATCTTAATTTCTCCTT,7,17954
TSS_1414_storz_regulondb,3.357142857142857,59,13,GATATCCAACATCCTGTGTC,46,34111
TSS_1414_storz_regulondb,1.0714285714285714,27,13,GATAACCAAGCCATGTCCCT,14,54562
TSS_1414_storz_regulondb,0.14285714285714285,14,13,GAGTTTCGGGCACCTCCGTC,1,7273
TSS_1414_storz_regulondb,6.642857142857143,105,13,GAGGTGCAGCGCGCAAAGAT,92,34109
TSS_1414_storz_regulondb,2.9285714285714284,53,13,GAGCGCATCGTGCACATACT,40,75223
TSS_1414_storz_regulondb,6.928571428571429,109,13,GAGATTTACGACCGCCCGTT,96,34720
TSS_1414_storz_regulondb,1.3571428571428572,31,13,GAGATGACAGCTAGAGAAGT,18,12651
TSS_1414_storz_regulondb,3.642857142857143,63,13,GACCTCCGATTCCAGGAAAA,50,47663
TSS_1414_storz_regulondb,1.2142857142857142,29,13,GAATTCAGACAACACACCGA,16,53269
TSS_1414_storz_regulondb,2.142857142857143,42,13,GAATGGTCCCGGCATCTCAT,29,77363
TSS_1414_storz_regulondb,0.14285714285714285,14,13,GAAGGGCAACTTGGATGCAT,1,50197
TSS_1414_storz_regulondb,3.2142857142857144,57,13,CTTTTATGCTACGCACGCTC,44,49957
TSS_1414_storz_regulondb,0.14285714285714285,14,13,CTTTGTGAATGTGCCCATAA,1,48848
TSS_1414_storz_regulondb,0.8571428571428571,24,13,CTTGGCGTTGCGTATGGAAA,11,6672
TSS_1414_storz_regulondb,2.5,47,13,CTTGGCAGTCAAGGGCGCCC,34,44371
TSS_1414_storz_regulondb,1.2142857142857142,29,13,CTTGCCGAATTAACCTGCTT,16,66912
TSS_1414_storz_regulondb,1.7142857142857142,36,13,CTTACTGTTGATGGCTCGAA,23,11861
TSS_1414_storz_regulondb,1.0,26,13,CTGATGTCTTATCCCTCCTC,13,37981
TSS_1414_storz_regulondb,1.7142857142857142,36,13,CTCTCTGTTGTTAAAAGAAA,23,42354
TSS_1414_storz_regulondb,1.7857142857142858,37,13,CTCTCAGGCGGTTGGGTAAG,24,19002
TSS_1414_storz_regulondb,1.0,26,13,CTCGTCTTGTGGTTACGAAC,13,72751
TSS_1414_storz_regulondb,2.142857142857143,42,13,CTCGGAGCCACCTATATCGG,29,40128
TSS_1414_storz_regulondb,2.142857142857143,42,13,CTCGGAAGTTGCTTAAGGGG,29,24662
TSS_1414_storz_regulondb,0.14285714285714285,14,13,CTCCCTCATCCATTGGACTA,1,61022
TSS_1414_storz_regulondb,1.5714285714285714,34,13,CTCCATTTATGCCCCCACAG,21,22205
TSS_1414_storz_regulondb,3.642857142857143,63,13,CTATTAACATCCGACGCGCA,50,45435
TSS_1414_storz_regulondb,16.428571428571427,242,13,CTACGTTTGCCCGCTAGTGT,229,48700
TSS_1414_storz_regulondb,0.14285714285714285,14,13,CGTTAACCTAAGTGGGTAAG,1,43176
TSS_1414_storz_regulondb,1.0714285714285714,27,13,CGTATAGTATAGCGTGCTAT,14,20591
TSS_1414_storz_regulondb,3.857142857142857,66,13,CGGTTCCTTTGCAAAGGCCT,53,38848
TSS_1414_storz_regulondb,1.8571428571428572,38,13,CGGTCACAGTTGACGAAAGG,25,29354
TSS_1414_storz_regulondb,1.2142857142857142,29,13,CGGTCAATAACATCACGGGA,16,36397
TSS_1414_storz_regulondb,2.0,40,13,CGGGTGGCTGTAATGTTCAG,27,24279
TSS_1414_storz_regulondb,0.9285714285714286,25,13,CGGGGTTCTTTCGTTAAGCA,12,59950
TSS_1414_storz_regulondb,4.0,68,13,CGGATTTCGCCCCTGTATAA,55,38280
TSS_1414_storz_regulondb,2.0714285714285716,41,13,CGCGGTAGGGAAGGGCTGCA,28,22566
TSS_1414_storz_regulondb,0.7142857142857143,22,13,CGCATACGTAAACGAATCGG,9,11908
TSS_1414_storz_regulondb,1.4285714285714286,32,13,CGATTCTCGCGAAGAGGTCC,19,5645
TSS_1414_storz_regulondb,0.14285714285714285,14,13,CGAGGTAGATGGAGCGCCGA,1,69605
TSS_1414_storz_regulondb,2.2142857142857144,43,13,CGAGGCTCACCTTACACCCT,30,66216
TSS_1414_storz_regulondb,1.7857142857142858,37,13,CGAGCCCCATAGCCCTAGAC,24,20054
TSS_1414_storz_regulondb,1.2142857142857142,29,13,CCTTCTGCGCTCATATCCAT,16,48519
TSS_1414_storz_regulondb,1.6428571428571428,35,13,CCTCTCTCTGTACCTCAGTT,22,65172
TSS_1414_storz_regulondb,6.357142857142857,101,13,CCTCCTGACGCCGTGATCCT,88,28678
TSS_1414_storz_regulondb,2.7142857142857144,50,13,CCTATGGATGTTAGGTACAT,37,57462
TSS_1414_storz_regulondb,0.9285714285714286,25,13,CCTACACCTTGTGACACCGT,12,42511
TSS_1414_storz_regulondb,4.5,75,13,CCTAAGGAATTTATTCATTT,62,60853
TSS_1414_storz_regulondb,2.4285714285714284,46,13,CCGATGTAATCGCCTCTAAA,33,34733
TSS_1414_storz_regulondb,0.14285714285714285,14,13,CCGACCCCCTACAGGTGGAA,1,76178
TSS_1414_storz_regulondb,3.5714285714285716,62,13,CCCTGGAGCAAGTGCCGCCA,49,16128
TSS_1414_storz_regulondb,5.214285714285714,85,13,CCCTCGAAGCCAAAATCCGT,72,27417
TSS_1414_storz_regulondb,0.14285714285714285,14,13,CCCTCAGAATAGGTGAGGGG,1,67372
TSS_1414_storz_regulondb,1.5714285714285714,34,13,CCATCCAGGGCATCAAGGCA,21,10248
TSS_1414_storz_regulondb,2.7142857142857144,50,13,CCATACAAGTTCCTTCTTCA,37,50410
TSS_1414_storz_regulondb,1.2857142857142858,30,13,CCAGTGAGCATAACTCAGAT,17,59732
TSS_1414_storz_regulondb,2.7142857142857144,50,13,CCAGTAGCAATCTTTACGCC,37,38294
TSS_1414_storz_regulondb,1.8571428571428572,38,13,CCACAGACCGATACGATCTC,25,1914
TSS_1414_storz_regulondb,1.8571428571428572,38,13,CCAATTATCCCGGGATGCAA,25,28451
TSS_1414_storz_regulondb,1.1428571428571428,28,13,CCAATCTATATGTAACGTCT,15,47979
TSS_1414_storz_regulondb,0.14285714285714285,14,13,CCAAGTACCTAGTTCGTGAA,1,52567
TSS_1414_storz_regulondb,1.5,33,13,CATTTAGAATGGCAATATCC,20,1147
TSS_1414_storz_regulondb,2.142857142857143,42,13,CATGGCTTTCGATCCACTAC,29,44066
TSS_1414_storz_regulondb,1.8571428571428572,38,13,CATACCAGTTATCATTACCA,25,39206
TSS_1414_storz_regulondb,1.7142857142857142,36,13,CAGGCTTGACGGACGAGGGT,23,64831
TSS_1414_storz_regulondb,1.3571428571428572,31,13,CAGCCCCAGATCTAGTAAGC,18,19050
TSS_1414_storz_regulondb,2.2142857142857144,43,13,CAGCAGGGCCTCGCCGGTGA,30,5311
TSS_1414_storz_regulondb,2.7142857142857144,50,13,CAGCAGATCGCACTAACCTG,37,37253
TSS_1414_storz_regulondb,1.2857142857142858,30,13,CAGAAACCCTTTCCTGGAGG,17,13782
TSS_1414_storz_regulondb,1.1428571428571428,28,13,CACGATACACAATGTGTATC,15,25274
TSS_1414_storz_regulondb,2.2142857142857144,43,13,CACATCGAGTCGTATACAGG,30,1228
TSS_1414_storz_regulondb,0.5714285714285714,20,13,CACACTGTTCCCCGTGCTGG,7,55320
TSS_1414_storz_regulondb,3.7142857142857144,64,13,CACACCAGCAGCCCCTGGGT,51,47740
TSS_1414_storz_regulondb,1.5714285714285714,34,13,CAATCTAGGGTGACATCTCG,21,5736
TSS_1414_storz_regulondb,1.5714285714285714,34,13,CAAGGCATGGTATGAAGTGA,21,57932
TSS_1414_storz_regulondb,1.0,26,13,CAAACGCACAGCTACGGTTA,13,43959
TSS_1414_storz_regulondb,0.21428571428571427,15,13,ATTTTGCTATCACAGGGGGA,2,200
TSS_1414_storz_regulondb,2.2857142857142856,44,13,ATTTAATCATTTCTCCGCTC,31,16855
TSS_1414_storz_regulondb,4.5,75,13,ATTGCCCATTGGGCAGTGAC,62,5031
TSS_1414_storz_regulondb,3.2857142857142856,58,13,ATTGAACGGGGAGCCTGTGC,45,67483
TSS_1414_storz_regulondb,2.142857142857143,42,13,ATTCACCAGAAATGCAACCT,29,41196
TSS_1414_storz_regulondb,4.571428571428571,76,13,ATTACCAAAGATGAGAAGGA,63,59249
TSS_1414_storz_regulondb,2.357142857142857,45,13,ATTAAATACAATAAAAGAGC,32,25394
TSS_1414_storz_regulondb,3.4285714285714284,60,13,ATGGATTCCAGAAAGAGATA,47,43360
TSS_1414_storz_regulondb,6.214285714285714,99,13,ATGCATGGTTTGAGGGAATC,86,52433
TSS_1414_storz_regulondb,9.928571428571429,151,13,ATGATCGGCATGTGGCGTAA,138,27531
TSS_1414_storz_regulondb,3.2142857142857144,57,13,ATCTTTCCTAGCATCGATTG,44,42820
TSS_1414_storz_regulondb,0.14285714285714285,14,13,ATCTTGCATGTGTAATTGTT,1,3243
TSS_1414_storz_regulondb,1.6428571428571428,35,13,ATCTCAGATCTTATCTGGTA,22,68672
TSS_1414_storz_regulondb,2.5,47,13,ATCGAGACTTTGTGTCGGAG,34,25086
TSS_1414_storz_regulondb,0.8571428571428571,24,13,ATCACCTTTCGGCATGGATC,11,66158
TSS_1414_storz_regulondb,1.5714285714285714,34,13,ATCAACGACAACCACCGGAA,21,1349
TSS_1414_storz_regulondb,3.9285714285714284,67,13,ATATATGGCAACGCTCAGGT,54,70189
TSS_1414_storz_regulondb,2.7857142857142856,51,13,ATAGCGCCCGCTATGAATTA,38,22421
TSS_1414_storz_regulondb,2.2142857142857144,43,13,ATAGACGACCAGGGCCTAGT,30,25389
TSS_1414_storz_regulondb,0.14285714285714285,14,13,ATACTTTAAGCGCCCAGTTG,1,65466
TSS_1414_storz_regulondb,3.2857142857142856,58,13,AGTGATCATTCCTTTCTACC,45,66514
TSS_1414_storz_regulondb,3.7857142857142856,65,13,AGTAGCATCGTCGGCTCCAA,52,54850
TSS_1414_storz_regulondb,0.5,19,13,AGTAGACGGGATGTCCACTA,6,7646
TSS_1414_storz_regulondb,1.0714285714285714,27,13,AGGTGTGTCTCCAAGACCCA,14,79168
TSS_1414_storz_regulondb,1.8571428571428572,38,13,AGGTAATTAATCCGTCCATA,25,77653
TSS_1414_storz_regulondb,1.6428571428571428,35,13,AGGGATAAGCGTACAAGGGA,22,65585
TSS_1414_storz_regulondb,1.6428571428571428,35,13,AGGCGTCCAGAGACTGCATA,22,28126
TSS_1414_storz_regulondb,4.071428571428571,69,13,AGCGTAAGGGACTCTATGTG,56,14806
TSS_1414_storz_regulondb,4.071428571428571,69,13,AGCACCGACGATGACTCAGT,56,25487
TSS_1414_storz_regulondb,1.5,33,13,AGACGGGTATTCAACCTCCC,20,66479
TSS_1414_storz_regulondb,2.2142857142857144,43,13,AGAAGTGAAGTCACAAGATA,30,63530
TSS_1414_storz_regulondb,3.142857142857143,56,13,ACTGTCTAAGTACCATGGCG,43,12069
TSS_1414_storz_regulondb,3.642857142857143,63,13,ACGTTCTCCCTCCCAGTGTA,50,50728
TSS_1414_storz_regulondb,1.0,26,13,ACGTGACCAGTCTCATGGTA,13,30076
TSS_1414_storz_regulondb,1.5714285714285714,34,13,ACGTAAAGGATCTTCTCTTC,21,12214
TSS_1414_storz_regulondb,1.6428571428571428,35,13,ACGGTAGACAATACGACAAG,22,77343
TSS_1414_storz_regulondb,0.8571428571428571,24,13,ACGGGTCGGAACCTGTCGTG,11,26305
TSS_1414_storz_regulondb,1.0714285714285714,27,13,ACGCGTAGGGTACCAAGTAC,14,49432
TSS_1414_storz_regulondb,1.2142857142857142,29,13,ACGCACGAATAAGACCAAGG,16,6330
TSS_1414_storz_regulondb,1.3571428571428572,31,13,ACCGTAATATAGACCCTGGC,18,25096
TSS_1414_storz_regulondb,7.928571428571429,123,13,ACCCCTTTTGCACGGAAAAG,110,18590
TSS_1414_storz_regulondb,0.42857142857142855,18,13,ACCAACACAGGTGTTTACGA,5,14472
TSS_1414_storz_regulondb,0.7857142857142857,23,13,ACATGTATGGTTTCGGAATT,10,53611
TSS_1414_storz_regulondb,4.857142857142857,80,13,ACACGTGAATTACACTTCCC,67,1648
TSS_1414_storz_regulondb,1.8571428571428572,38,13,ACAAGCTCAGTTAGATCCAA,25,77339
TSS_1414_storz_regulondb,1.4285714285714286,32,13,ACAAAAGGCATTGGCACGGG,19,59171
TSS_1414_storz_regulondb,1.6428571428571428,35,13,AATTGGTACCGGCTTCGGTG,22,68974
TSS_1414_storz_regulondb,0.14285714285714285,14,13,AATGCCCATTCCGAGGAAAT,1,22467
TSS_1414_storz_regulondb,1.6428571428571428,35,13,AATGCCAATCGCTATACCTA,22,1577
TSS_1414_storz_regulondb,1.5714285714285714,34,13,AATCGCTCCTGACCTATAGA,21,1074
TSS_1414_storz_regulondb,1.5714285714285714,34,13,AATCCGGCAACTTTCACACC,21,43980
TSS_1414_storz_regulondb,0.8571428571428571,24,13,AAGTTAAAATACCGGCACGG,11,16215
TSS_1414_storz_regulondb,1.4285714285714286,32,13,AAGGCTGCCAAGAAGGCTAA,19,2070
TSS_1414_storz_regulondb,1.7142857142857142,36,13,AAGCCGGCTGGGGTAATAAC,23,24128
TSS_1414_storz_regulondb,0.14285714285714285,14,13,AAGATGTTCGCCTCGTATCG,1,27731
TSS_1414_storz_regulondb,1.5714285714285714,34,13,AACCCGGCGCCGGTATCTGC,21,15708
TSS_1414_storz_regulondb,5.285714285714286,86,13,AACCAGTCTGTGGGAGAGGG,73,9721
TSS_1414_storz_regulondb,2.0,40,13,AAAGTCCCTGCTCCCAGCCT,27,28697
TSS_1414_storz_regulondb,0.21428571428571427,15,13,AAACGCCCGTTAGTAAAAGA,2,2595
TSS_1414_storz_regulondb,1.7142857142857142,36,13,AAACGAAATCATTGTAGGTT,23,13248
TSS_1414_storz_regulondb,3.2142857142857144,57,13,AAAAGTTCCAGGTGCACCGT,44,13545
TSS_1414_storz_regulondb,2.5384615384615383,44,12,TTTTTACTGGATATGCTTAA,32,39820
TSS_1414_storz_regulondb,1.8461538461538463,35,12,TTTTACGCGTCCAGTTGTTT,23,77252
TSS_1414_storz_regulondb,0.5384615384615384,18,12,TTTGGGTCTCGACGTTGTGA,6,53345
TSS_1414_storz_regulondb,3.923076923076923,62,12,TTTGCACGCTTTTCGTGATA,50,12112
TSS_1414_storz_regulondb,4.6923076923076925,72,12,TTTGAATACTGTCCTCGTCA,60,46983
TSS_1414_storz_regulondb,1.6923076923076923,33,12,TTTACCCTTGGGTGGTATCA,21,30999
TSS_1414_storz_regulondb,2.230769230769231,40,12,TTGCGGGCGCCAGTGTGACA,28,17027
TSS_1414_storz_regulondb,1.6153846153846154,32,12,TTGCCAACCCGACGGATTTA,20,57855
TSS_1414_storz_regulondb,2.769230769230769,47,12,TTGCAACGCACAGTGAGGGT,35,60261
TSS_1414_storz_regulondb,13.307692307692308,184,12,TTGATTTCGCTTGAGAGAGT,172,39528
TSS_1414_storz_regulondb,3.6153846153846154,58,12,TTGACGGGAACTTCCGGCCT,46,58344
TSS_1414_storz_regulondb,1.4615384615384615,30,12,TTCCTCCTTAAGGCAAGGTA,18,38563
TSS_1414_storz_regulondb,1.2307692307692308,27,12,TTCCTCCTGAGTAGCCTAGT,15,51282
TSS_1414_storz_regulondb,0.15384615384615385,13,12,TTCAGTGTACTTCTCCCAGG,1,34323
TSS_1414_storz_regulondb,0.15384615384615385,13,12,TTCAGCGGATGGCGAAGATA,1,68826
TSS_1414_storz_regulondb,0.15384615384615385,13,12,TTCAAGCATAGGTTGTTTCG,1,63980
TSS_1414_storz_regulondb,8.76923076923077,125,12,TTATGCTACCAAAGACATGA,113,39513
TSS_1414_storz_regulondb,1.5384615384615385,31,12,TTACCCCTTGTTGAGTCCCA,19,56137
TSS_1414_storz_regulondb,3.3846153846153846,55,12,TTAAACCCCGAGACCCCATG,43,19125
TSS_1414_storz_regulondb,1.7692307692307692,34,12,TGTTCTCATTCGCGAAAATA,22,9026
TSS_1414_storz_regulondb,2.4615384615384617,43,12,TGTTCTATAAAACCATCCCT,31,30709
TSS_1414_storz_regulondb,1.0769230769230769,25,12,TGTTCGGCCCTAGTAGCAGA,13,24341
TSS_1414_storz_regulondb,0.15384615384615385,13,12,TGTTAACATCTTAGCTGGCA,1,6592
TSS_1414_storz_regulondb,1.9230769230769231,36,12,TGTGGCAAGGGTTTTACAAA,24,69798
TSS_1414_storz_regulondb,3.923076923076923,62,12,TGTGCGCCAAACCGTGACGT,50,29073
TSS_1414_storz_regulondb,2.3076923076923075,41,12,TGTGCCAGTTGTCACCCGCA,29,29527
TSS_1414_storz_regulondb,1.5384615384615385,31,12,TGTACGATCTCCGTCAGAGA,19,10283
TSS_1414_storz_regulondb,0.15384615384615385,13,12,TGTAATAAACGATTCGTGTA,1,64897
TSS_1414_storz_regulondb,1.7692307692307692,34,12,TGGTCTCGTTGGCGCGAGGA,22,5267
TSS_1414_storz_regulondb,0.15384615384615385,13,12,TGGTCGGTTTTATGCCGCCG,1,13112
TSS_1414_storz_regulondb,0.15384615384615385,13,12,TGGGAGCGTCACAAACTGGA,1,39109
TSS_1414_storz_regulondb,4.538461538461538,70,12,TGGCCTGATGAAAGGCCTAT,58,8478
TSS_1414_storz_regulondb,1.6923076923076923,33,12,TGGCAAATGAGAGGCTCCGG,21,46646
TSS_1414_storz_regulondb,0.15384615384615385,13,12,TGGACGACAGCGACTCGCTA,1,2337
TSS_1414_storz_regulondb,0.15384615384615385,13,12,TGCGACGTGCCAGCTTACTT,1,37156
TSS_1414_storz_regulondb,1.3076923076923077,28,12,TGCCCGGGACGGCCGCAAGA,16,596
TSS_1414_storz_regulondb,2.6153846153846154,45,12,TGCCCGCAGTTTGGCTCTAA,33,20946
TSS_1414_storz_regulondb,1.1538461538461537,26,12,TGAGGCCTTAGCGCCTAAAA,14,42242
TSS_1414_storz_regulondb,2.6923076923076925,46,12,TGACGAAACAAACTCAGATC,34,63216
TSS_1414_storz_regulondb,3.230769230769231,53,12,TGACAATGGGACACTATGGC,41,6376
TSS_1414_storz_regulondb,1.7692307692307692,34,12,TCTTGGACACTATGAATTAT,22,34360
TSS_1414_storz_regulondb,1.4615384615384615,30,12,TCTGGGTGCTCCTACGACGC,18,61137
TSS_1414_storz_regulondb,0.6153846153846154,19,12,TCTGGGTCTCCTACATTTTG,7,70520
TSS_1414_storz_regulondb,2.230769230769231,40,12,TCTGGACCGATCACCATGGC,28,39549
TSS_1414_storz_regulondb,1.7692307692307692,34,12,TCTGCTATGGTATGTAAACA,22,2961
TSS_1414_storz_regulondb,1.6153846153846154,32,12,TCTGAGTCATTATTGACGGC,20,19978
TSS_1414_storz_regulondb,3.6923076923076925,59,12,TCTCCCGAATCCCGAAACCT,47,21317
TSS_1414_storz_regulondb,1.3076923076923077,28,12,TCGTGATGAGACAATAGAGT,16,10644
TSS_1414_storz_regulondb,2.1538461538461537,39,12,TCGTCTATCAAGTGCCGTAA,27,23806
TSS_1414_storz_regulondb,1.5384615384615385,31,12,TCGTACATGACTGTGTGTTC,19,54350
TSS_1414_storz_regulondb,1.4615384615384615,30,12,TCGATCCACAATCTGGACTG,18,9566
TSS_1414_storz_regulondb,12.615384615384615,175,12,TCCTCAGGCTCGCCCGGGAA,163,23745
TSS_1414_storz_regulondb,0.15384615384615385,13,12,TCCCTTTCCTTTAGTTCATT,1,73939
TSS_1414_storz_regulondb,0.23076923076923078,14,12,TCCATTAGACGAGCTATCGT,2,26641
TSS_1414_storz_regulondb,0.15384615384615385,13,12,TCCATATTTAGCGCTTCGCA,1,21710
TSS_1414_storz_regulondb,6.0,89,12,TCACAGGTCATCCTCGTGGG,77,17603
TSS_1414_storz_regulondb,3.923076923076923,62,12,TCAAACTCCTCATGAGCGCT,50,11665
TSS_1414_storz_regulondb,0.7692307692307693,21,12,TATCGAAGACTTCGCGGTTA,9,947
TSS_1414_storz_regulondb,1.1538461538461537,26,12,TAGGACGGGTCATGGCCGTT,14,11330
TSS_1414_storz_regulondb,0.9230769230769231,23,12,TAGCTGGGAATATCAAATGT,11,46044
TSS_1414_storz_regulondb,3.1538461538461537,52,12,TAGCCGCCATCGTGGACTGG,40,49122
TSS_1414_storz_regulondb,2.1538461538461537,39,12,TAGCAGGTAGAACTGACTCA,27,29664
TSS_1414_storz_regulondb,1.3076923076923077,28,12,TAGCACCCCAGCCCTTCGAT,16,40642
TSS_1414_storz_regulondb,2.6153846153846154,45,12,TAGATGGATTATGTGATGTG,33,41471
TSS_1414_storz_regulondb,4.0,63,12,TAGATCCAATTGACTAGCAA,51,7148
TSS_1414_storz_regulondb,2.076923076923077,38,12,TACTGGTCACTCCAGAGTAG,26,32960
TSS_1414_storz_regulondb,1.7692307692307692,34,12,TACGGCGTGCGTTCTATTAT,22,33051
TSS_1414_storz_regulondb,0.7692307692307693,21,12,TAATGTTTACAGTTAAGATG,9,15801
TSS_1414_storz_regulondb,2.6153846153846154,45,12,TAATCGACCACGGGTCTCAG,33,43883
TSS_1414_storz_regulondb,1.8461538461538463,35,12,TAAGTTACCAGACCTACGCG,23,77081
TSS_1414_storz_regulondb,0.6153846153846154,19,12,TAAGCGCGTAGGTCAGATTG,7,4290
TSS_1414_storz_regulondb,2.076923076923077,38,12,TAAGCACAAGAAAAGGATTG,26,62392
TSS_1414_storz_regulondb,3.3076923076923075,54,12,TAACTTCGCCCCTCTATATC,42,29238
TSS_1414_storz_regulondb,0.15384615384615385,13,12,TAAAACTTACCGATATGGAT,1,24207
TSS_1414_storz_regulondb,3.6923076923076925,59,12,GTGTTAGATGCTAAGAGTTT,47,3689
TSS_1414_storz_regulondb,1.4615384615384615,30,12,GTGGTATAACCTCACCGGTT,18,32376
TSS_1414_storz_regulondb,5.538461538461538,83,12,GTGGGTGTCCATGACCGACG,71,33588
TSS_1414_storz_regulondb,8.0,115,12,GTGCTGCAATAAGACCCCTT,103,13956
TSS_1414_storz_regulondb,1.3076923076923077,28,12,GTCTTCTGGAGGCTGCAGTC,16,19959
TSS_1414_storz_regulondb,5.230769230769231,79,12,GTCTGGCGCAAACGGTCTTG,67,77683
TSS_1414_storz_regulondb,1.3846153846153846,29,12,GTCTGCAAACACGAAAGGAC,17,57663
TSS_1414_storz_regulondb,1.8461538461538463,35,12,GTCTCTTCACCCGCTAGAAT,23,42271
TSS_1414_storz_regulondb,1.2307692307692308,27,12,GTCCTCGCAAGTGAGATGTG,15,28960
TSS_1414_storz_regulondb,2.076923076923077,38,12,GTCATTGCTATCGAACAGTC,26,22028
TSS_1414_storz_regulondb,2.4615384615384617,43,12,GTCATATCGCCGAGTCAGGG,31,52875
TSS_1414_storz_regulondb,2.923076923076923,49,12,GTCAAGACACAATCTGAATC,37,19248
TSS_1414_storz_regulondb,2.230769230769231,40,12,GTATTCGAGCCCTATATGTG,28,40151
TSS_1414_storz_regulondb,1.9230769230769231,36,12,GTACGCCGATATACGCGATA,24,35922
TSS_1414_storz_regulondb,0.15384615384615385,13,12,GTACCGCGAGACAAGGGCCA,1,68212
TSS_1414_storz_regulondb,2.923076923076923,49,12,GTAACGTTCGCGACCCCGGT,37,22989
TSS_1414_storz_regulondb,0.9230769230769231,23,12,GTAACCGATTATAGCCCGGC,11,52329
TSS_1414_storz_regulondb,1.8461538461538463,35,12,GGTTGGAAGTCAAGCACCTA,23,29667
TSS_1414_storz_regulondb,1.2307692307692308,27,12,GGTGGGTGTGGGAAGATGGT,15,39196
TSS_1414_storz_regulondb,1.4615384615384615,30,12,GGTAGTCTGCCTTCTCAGCT,18,8906
TSS_1414_storz_regulondb,1.7692307692307692,34,12,GGGTAAGTCCCAAGTAAAGG,22,71235
TSS_1414_storz_regulondb,1.0,24,12,GGGGTGTCCGTCGGGCGAGT,12,37837
TSS_1414_storz_regulondb,1.6153846153846154,32,12,GGGGTCAACACCTAGGACAA,20,41142
TSS_1414_storz_regulondb,3.076923076923077,51,12,GGGAGTCTCCGAAAAAATTG,39,40850
TSS_1414_storz_regulondb,2.1538461538461537,39,12,GGCCGAGCCCCGGCGGACGC,27,53674
TSS_1414_storz_regulondb,2.4615384615384617,43,12,GGCAGGGATCTCGGCACGGT,31,62388
TSS_1414_storz_regulondb,8.23076923076923,118,12,GGCAAAGGATCGCCGTGATA,106,39792
TSS_1414_storz_regulondb,2.3846153846153846,42,12,GGACGATTGTGCCGGACATG,30,76884
TSS_1414_storz_regulondb,2.1538461538461537,39,12,GCTTAGACGGTATCAAACCA,27,80920
TSS_1414_storz_regulondb,0.15384615384615385,13,12,GCTTAAGATGGGGCTACCTA,1,8992
TSS_1414_storz_regulondb,0.15384615384615385,13,12,GCTGAATAATGGGAGTAGGC,1,14055
TSS_1414_storz_regulondb,2.0,37,12,GCTCGGTGAGGGATACGGTT,25,71047
TSS_1414_storz_regulondb,1.3846153846153846,29,12,GCTCGACTACCGCAGCTGTG,17,22336
TSS_1414_storz_regulondb,0.5384615384615384,18,12,GCTCACGTCGCCGTGCGTCA,6,22135
TSS_1414_storz_regulondb,0.15384615384615385,13,12,GCGGCTGGCGGTTTGCTTCA,1,31697
TSS_1414_storz_regulondb,1.6923076923076923,33,12,GCCTTTATGCGCCCAGTTTA,21,64041
TSS_1414_storz_regulondb,0.7692307692307693,21,12,GCCCTACTTTAGGACTCTAC,9,13830
TSS_1414_storz_regulondb,1.3846153846153846,29,12,GCCAGGCGACCAGGGTAGTC,17,70567
TSS_1414_storz_regulondb,1.7692307692307692,34,12,GCAAGGGGGTACGTGTCATA,22,49489
TSS_1414_storz_regulondb,2.076923076923077,38,12,GATTTTCGCCGAGCACGTAA,26,61104
TSS_1414_storz_regulondb,2.8461538461538463,48,12,GATGTTGCACTGGAACCTTT,36,31950
TSS_1414_storz_regulondb,3.076923076923077,51,12,GATCAATAAAAAGACTAACA,39,70884
TSS_1414_storz_regulondb,6.076923076923077,90,12,GATATCTCGTGGGACGGTAT,78,58476
TSS_1414_storz_regulondb,1.6153846153846154,32,12,GATAGTGCGCAAGTGGGTGA,20,70816
TSS_1414_storz_regulondb,1.1538461538461537,26,12,GATAAGGAGGCAGGGACGTA,14,39278
TSS_1414_storz_regulondb,0.15384615384615385,13,12,GAGTTAACGCGTTTCACGAT,1,15861
TSS_1414_storz_regulondb,0.15384615384615385,13,12,GAGCAGCCGCTATTTCCGTG,1,52310
TSS_1414_storz_regulondb,2.230769230769231,40,12,GACTACGCAGCGGCATGGGC,28,79032
TSS_1414_storz_regulondb,2.0,37,12,GACCCCCCTATTACTTCTCA,25,75426
TSS_1414_storz_regulondb,1.4615384615384615,30,12,GACATTTCCGGGACTACTCT,18,59750
TSS_1414_storz_regulondb,1.7692307692307692,34,12,GACATAGTAACGCTTTGAGA,22,28624
TSS_1414_storz_regulondb,1.6923076923076923,33,12,GACAACAATACCCTCCACCT,21,70392
TSS_1414_storz_regulondb,2.769230769230769,47,12,GAATTGAGGTCTTCACAATC,35,5383
TSS_1414_storz_regulondb,0.3076923076923077,15,12,GAATTCACGAGGCTTGAGGT,3,38652
TSS_1414_storz_regulondb,1.6153846153846154,32,12,GAATCGGGCAATCCGAAACT,20,78930
TSS_1414_storz_regulondb,2.0,37,12,GAACTGTAGTGCATAAACGG,25,9891
TSS_1414_storz_regulondb,2.230769230769231,40,12,GAACCGTTCGTCATTTATGG,28,63517
TSS_1414_storz_regulondb,0.8461538461538461,22,12,GAAATTTGGAACGCGGTTTA,10,3717
TSS_1414_storz_regulondb,2.1538461538461537,39,12,CTTGGGGAAGATTTATTGCG,27,64833
TSS_1414_storz_regulondb,0.15384615384615385,13,12,CTTGCAAAGGATCTGTAAAA,1,15496
TSS_1414_storz_regulondb,2.4615384615384617,43,12,CTTCTTCGTGGGGCATCACA,31,326
TSS_1414_storz_regulondb,0.8461538461538461,22,12,CTTCAGGGTTGTGCGCGTTA,10,28026
TSS_1414_storz_regulondb,1.5384615384615385,31,12,CTTAGCTACCCTCTGGCCGT,19,76839
TSS_1414_storz_regulondb,8.76923076923077,125,12,CTTAAGCAGGGTTGGAGAAA,113,29492
TSS_1414_storz_regulondb,2.076923076923077,38,12,CTGTAGGGAAGACTCATATT,26,25264
TSS_1414_storz_regulondb,4.769230769230769,73,12,CTGGCCACGCTATCGAACCA,61,80045
TSS_1414_storz_regulondb,1.3846153846153846,29,12,CTGGACGTTCCGATCTGACT,17,25256
TSS_1414_storz_regulondb,1.5384615384615385,31,12,CTGCTTCTGTCGTCGTCGGT,19,56201
TSS_1414_storz_regulondb,3.769230769230769,60,12,CTGAGGGCGACGCGATTCGC,48,24068
TSS_1414_storz_regulondb,1.8461538461538463,35,12,CTGACTCTGGGAACGCACAT,23,77089
TSS_1414_storz_regulondb,6.0,89,12,CTCTACGACTTCAGGCGAGT,77,33942
TSS_1414_storz_regulondb,1.3846153846153846,29,12,CTCGGAAATGTGTTATGAAA,17,72552
TSS_1414_storz_regulondb,1.3076923076923077,28,12,CTCCCAGGGAGTAACACAAG,16,69979
TSS_1414_storz_regulondb,2.3076923076923075,41,12,CTCATAGGGAGCGGAAATTT,29,77290
TSS_1414_storz_regulondb,1.0769230769230769,25,12,CTCAGGGCGGGGGAACACAA,13,60567
TSS_1414_storz_regulondb,0.3076923076923077,15,12,CTATCGAGCTTGCATGGACT,3,45353
TSS_1414_storz_regulondb,0.15384615384615385,13,12,CTATAGAATGGGATATAGCA,1,4941
TSS_1414_storz_regulondb,0.15384615384615385,13,12,CTAGTTATCATGGGAAGCAG,1,2536
TSS_1414_storz_regulondb,11.307692307692308,158,12,CTAATCCAACCATCGTCACT,146,31245
TSS_1414_storz_regulondb,1.7692307692307692,34,12,CGTTTACTTCTTTACATCGA,22,2542
TSS_1414_storz_regulondb,2.230769230769231,40,12,CGTATCGTGTACGCTAGTTA,28,56384
TSS_1414_storz_regulondb,2.076923076923077,38,12,CGTAGCGCCCTTCTTAGCTT,26,74213
TSS_1414_storz_regulondb,1.4615384615384615,30,12,CGGTTTCACGTGTACAAAAG,18,24454
TSS_1414_storz_regulondb,57.07692307692308,753,12,CGGGAGCAGGGCGGGATACA,741,38521
TSS_1414_storz_regulondb,1.3846153846153846,29,12,CGGATGCTCGCGTGACTACA,17,4850
TSS_1414_storz_regulondb,1.4615384615384615,30,12,CGCTTAACTCGAGTCGGGTG,18,11955
TSS_1414_storz_regulondb,2.0,37,12,CGCTGTAAGCTCGATGGTAC,25,68775
TSS_1414_storz_regulondb,2.230769230769231,40,12,CGCCTTCAGCTACAAGTCAT,28,12042
TSS_1414_storz_regulondb,0.15384615384615385,13,12,CGCCCAATTCTGTCTCACAA,1,24663
TSS_1414_storz_regulondb,0.5384615384615384,18,12,CGACAAAAGTGTGCTCAACG,6,53624
TSS_1414_storz_regulondb,5.615384615384615,84,12,CGAATAATGACGACGATCAA,72,64625
TSS_1414_storz_regulondb,1.0,24,12,CCTCCGTGACACAGATTATG,12,9272
TSS_1414_storz_regulondb,0.6923076923076923,20,12,CCGTGCAGATCCGCAGGGAC,8,11193
TSS_1414_storz_regulondb,1.6153846153846154,32,12,CCGTATGCAGAGACATCATG,20,25318
TSS_1414_storz_regulondb,1.2307692307692308,27,12,CCGTATAGCCACCGGAAGAC,15,58454
TSS_1414_storz_regulondb,1.3846153846153846,29,12,CCGCTAATGAATCTTCTCAC,17,71838
TSS_1414_storz_regulondb,1.5384615384615385,31,12,CCGAACCTGTCTGAGTGCAT,19,32373
TSS_1414_storz_regulondb,0.15384615384615385,13,12,CCCAACAGTGGCATAAACTC,1,11668
TSS_1414_storz_regulondb,3.5384615384615383,57,12,CCATCCGCTACTCAAGTCTC,45,70441
TSS_1414_storz_regulondb,0.15384615384615385,13,12,CCAGCCCCCGGAATTTATAT,1,22099
TSS_1414_storz_regulondb,1.4615384615384615,30,12,CCAGAGCTCCTAGACGGTAC,18,43529
TSS_1414_storz_regulondb,1.3846153846153846,29,12,CCAGAGACCAGGGACTTCCA,17,10952
TSS_1414_storz_regulondb,4.3076923076923075,67,12,CCACGTAATGGCCATGTTCA,55,36915
TSS_1414_storz_regulondb,2.3846153846153846,42,12,CCACGGCGGGGGGCCTCCGA,30,46494
TSS_1414_storz_regulondb,0.9230769230769231,23,12,CCAAATCTTCAGGGTACGAG,11,41597
TSS_1414_storz_regulondb,6.615384615384615,97,12,CATGTTATTACCTCCCTTGG,85,58925
TSS_1414_storz_regulondb,2.6153846153846154,45,12,CATCCCGTACAAATTAATAT,33,23624
TSS_1414_storz_regulondb,2.1538461538461537,39,12,CATATCAGGAGCTCCAACTC,27,75551
TSS_1414_storz_regulondb,0.15384615384615385,13,12,CAGTGTCCTAGGCCTTTATA,1,42877
TSS_1414_storz_regulondb,3.8461538461538463,61,12,CAGGGCACGACATTATTGGA,49,9898
TSS_1414_storz_regulondb,1.0,24,12,CAGGATTGGAGCCGAGCAGA,12,61246
TSS_1414_storz_regulondb,4.153846153846154,65,12,CAGATCCTAATTCCAGTGCT,53,20763
TSS_1414_storz_regulondb,1.9230769230769231,36,12,CACTACTGCTAAAAGAATAA,24,76254
TSS_1414_storz_regulondb,3.076923076923077,51,12,CACGGTGACAGTGTAGGCCC,39,26757
TSS_1414_storz_regulondb,1.5384615384615385,31,12,CACCCCTTGCGAGAGTCTGA,19,39855
TSS_1414_storz_regulondb,0.46153846153846156,17,12,CACCATACGGAGAGTGAAAG,5,77230
TSS_1414_storz_regulondb,1.7692307692307692,34,12,CAAGCTGATGCAGCCTCGCA,22,3234
TSS_1414_storz_regulondb,0.15384615384615385,13,12,CAACAATGTGGTAGCTCAGG,1,29572
TSS_1414_storz_regulondb,0.15384615384615385,13,12,ATTTGGTGTTCTTGGATCGT,1,19295
TSS_1414_storz_regulondb,2.076923076923077,38,12,ATTGATCCTCAATCCAGTGC,26,49128
TSS_1414_storz_regulondb,2.6923076923076925,46,12,ATTAGGGCGGCACTCCTTAC,34,58027
TSS_1414_storz_regulondb,1.1538461538461537,26,12,ATGTGGTGAGATGACATAGA,14,6605
TSS_1414_storz_regulondb,1.9230769230769231,36,12,ATGCTAACCGCGACATCCAT,24,23809
TSS_1414_storz_regulondb,2.076923076923077,38,12,ATGACTCTGAGTCCTGGCTC,26,51475
TSS_1414_storz_regulondb,0.23076923076923078,14,12,ATCTACACCGGCCTCTGTCC,2,37910
TSS_1414_storz_regulondb,0.9230769230769231,23,12,ATCGTGCCATGATTCGCCAT,11,76195
TSS_1414_storz_regulondb,0.15384615384615385,13,12,ATCACCGACAGGGTCTCATC,1,41235
TSS_1414_storz_regulondb,3.076923076923077,51,12,AGTTTCATACACCAGGTCAA,39,67507
TSS_1414_storz_regulondb,3.230769230769231,53,12,AGTTGCAGAATCACTGCGAC,41,24884
TSS_1414_storz_regulondb,1.2307692307692308,27,12,AGTTCGACTCTTTTATCCAA,15,41959
TSS_1414_storz_regulondb,5.153846153846154,78,12,AGTCAGGTATTGCCCTCACG,66,12016
TSS_1414_storz_regulondb,2.076923076923077,38,12,AGTACATAGAGTCCACTTTT,26,35943
TSS_1414_storz_regulondb,3.8461538461538463,61,12,AGGTAACTAATGGGAGCCCA,49,34529
TSS_1414_storz_regulondb,0.15384615384615385,13,12,AGGCATTCAGCCTCAATTAA,1,29561
TSS_1414_storz_regulondb,7.6923076923076925,111,12,AGGCAGGCCACATCCGCGTC,99,46865
TSS_1414_storz_regulondb,0.6923076923076923,20,12,AGGCAGCAGCGACCTTGTCT,8,72468
TSS_1414_storz_regulondb,1.3846153846153846,29,12,AGCGCCGGCTCATAAAAGTT,17,50063
TSS_1414_storz_regulondb,0.46153846153846156,17,12,AGCGACAGTATGGTTGACTA,5,37258
TSS_1414_storz_regulondb,0.3076923076923077,15,12,AGCCACGGGTTCTTCCTACT,3,18583
TSS_1414_storz_regulondb,2.0,37,12,AGCATGACCGTCAACTAAGA,25,57629
TSS_1414_storz_regulondb,0.15384615384615385,13,12,AGCAATGTAATACCTAAGAT,1,47106
TSS_1414_storz_regulondb,0.46153846153846156,17,12,AGATTTGTCAGTCCACATGC,5,1122
TSS_1414_storz_regulondb,3.8461538461538463,61,12,AGATGTGGCTTTAGAACAGA,49,35298
TSS_1414_storz_regulondb,1.5384615384615385,31,12,AGATACCGTTGTCTCACAGG,19,30074
TSS_1414_storz_regulondb,1.5384615384615385,31,12,AGAGGTGCGAACCCATTCAG,19,60154
TSS_1414_storz_regulondb,1.5384615384615385,31,12,AGAACTCGCCGTTGAATGGA,19,67537
TSS_1414_storz_regulondb,0.15384615384615385,13,12,ACTTTCCAGTAGGTAACAAT,1,31724
TSS_1414_storz_regulondb,0.23076923076923078,14,12,ACTTCTCTGCCGTACGGAAT,2,73525
TSS_1414_storz_regulondb,4.230769230769231,66,12,ACTGTGTCGTGCGCTAGGTG,54,67957
TSS_1414_storz_regulondb,1.7692307692307692,34,12,ACTATATATCAGTTGCTTGG,22,4450
TSS_1414_storz_regulondb,3.4615384615384617,56,12,ACTAGAAGGCTTCAGCTTGT,44,17940
TSS_1414_storz_regulondb,2.076923076923077,38,12,ACGTGGACCGGTCCTGGCTA,26,62561
TSS_1414_storz_regulondb,0.6923076923076923,20,12,ACGTAGGACCCGTCTACGCG,8,20370
TSS_1414_storz_regulondb,4.230769230769231,66,12,ACGGAACACACCAATCAGTA,54,60459
TSS_1414_storz_regulondb,0.15384615384615385,13,12,ACGCGCACCAAATCTACAAA,1,70540
TSS_1414_storz_regulondb,7.461538461538462,108,12,ACCGGGGGACGGGCGCTGTC,96,7916
TSS_1414_storz_regulondb,3.6923076923076925,59,12,ACCGGAGAATAAGCACCCAC,47,54445
TSS_1414_storz_regulondb,2.769230769230769,47,12,ACCGATTGAGTACTGGCATC,35,32688
TSS_1414_storz_regulondb,1.7692307692307692,34,12,ACCGACCCAGTAAGTGAAGG,22,31497
TSS_1414_storz_regulondb,0.9230769230769231,23,12,ACCATTTTTGGGGACCCCTT,11,4603
TSS_1414_storz_regulondb,1.3076923076923077,28,12,ACCACCAGTGGGCAGGCATT,16,41654
TSS_1414_storz_regulondb,3.076923076923077,51,12,ACCAACGTTTGGTAGGAGGA,39,40856
TSS_1414_storz_regulondb,1.3076923076923077,28,12,ACATTGAGCATCATTTAGGT,16,61390
TSS_1414_storz_regulondb,3.923076923076923,62,12,ACATACGGTTGATACGGGTT,50,41162
TSS_1414_storz_regulondb,1.8461538461538463,35,12,ACAGTTGGAGCTTTCCCTGA,23,71751
TSS_1414_storz_regulondb,0.15384615384615385,13,12,ACACGACATCAACATGTGGA,1,26951
TSS_1414_storz_regulondb,0.15384615384615385,13,12,ACACCGGGGTAAATCGGTGC,1,65464
TSS_1414_storz_regulondb,6.538461538461538,96,12,ACAAATCCTACTCTAGCTCT,84,2238
TSS_1414_storz_regulondb,0.38461538461538464,16,12,AATTTTATGTGAAGGGTACA,4,31327
TSS_1414_storz_regulondb,1.3846153846153846,29,12,AATCTATCCCAGGCTTGGTC,17,38697
TSS_1414_storz_regulondb,2.0,37,12,AATCTACAGGGCCAAGTGCA,25,28459
TSS_1414_storz_regulondb,3.3846153846153846,55,12,AATCGTGCCTAGCCATACTT,43,44552
TSS_1414_storz_regulondb,9.384615384615385,133,12,AATCAGGCGGCCCGATGGCC,121,17147
TSS_1414_storz_regulondb,0.15384615384615385,13,12,AATATCAGCTAGGCTGATGA,1,55439
TSS_1414_storz_regulondb,0.8461538461538461,22,12,AATAGTTGACAAGCACCATA,10,12188
TSS_1414_storz_regulondb,2.923076923076923,49,12,AAGTATTAGGTCCTACCAAA,37,24991
TSS_1414_storz_regulondb,1.9230769230769231,36,12,AAGGTATTCCAATCAGTGAA,24,38285
TSS_1414_storz_regulondb,3.6153846153846154,58,12,AAGGGCGAACCTGAAACCCT,46,43945
TSS_1414_storz_regulondb,1.5384615384615385,31,12,AAGCAGTGGCAGAAGTCTAG,19,4955
TSS_1414_storz_regulondb,0.15384615384615385,13,12,AAGCAGGTGTAGCAGAGTTG,1,29544
TSS_1414_storz_regulondb,1.0769230769230769,25,12,AACTCGAATGGCTAGACACC,13,10051
TSS_1414_storz_regulondb,1.3076923076923077,28,12,AACGGGACGCAAGAATGGGC,16,74913
TSS_1414_storz_regulondb,0.15384615384615385,13,12,AACCCCGATTGACCGACTCA,1,71817
TSS_1414_storz_regulondb,4.076923076923077,64,12,AACACGGTAAACTTATATGA,52,58964
TSS_1414_storz_regulondb,0.23076923076923078,14,12,AACAATCCGCACCTAGTCGG,2,36069
TSS_1414_storz_regulondb,1.0769230769230769,25,12,AAACGACCTCGTCCAAGCAG,13,4624
TSS_1414_storz_regulondb,3.0,50,12,AAAACTTATAGAATCCAACG,38,16435
TSS_1414_storz_regulondb,3.8461538461538463,61,12,AAAACTGCAAGCCAAAACCA,49,60501
TSS_1414_storz_regulondb,2.0833333333333335,35,11,TTTTCGCACGGTGCGACGTA,24,45176
TSS_1414_storz_regulondb,3.3333333333333335,50,11,TTTTACCACTCACCTGACTC,39,39544
TSS_1414_storz_regulondb,0.8333333333333334,20,11,TTTGCAGGTAGCAGGCGTAA,9,65456
TSS_1414_storz_regulondb,3.3333333333333335,50,11,TTTCTTACGGTAGGGCGAGT,39,36315
TSS_1414_storz_regulondb,12.833333333333334,164,11,TTTCTCCTTTTTATATAATG,153,32979
TSS_1414_storz_regulondb,3.5,52,11,TTTATCCTCGTATCAGAGGG,41,62404
TSS_1414_storz_regulondb,2.0,34,11,TTGGTAAATAACCGTTTATG,23,51544
TSS_1414_storz_regulondb,0.16666666666666666,12,11,TTGCTATTACAGAGGGGGAG,1,35921
TSS_1414_storz_regulondb,7.083333333333333,95,11,TTGCTACCACTCCACAACCA,84,69827
TSS_1414_storz_regulondb,0.16666666666666666,12,11,TTGCCTCCAAAGAGTCAGAC,1,79031
TSS_1414_storz_regulondb,0.16666666666666666,12,11,TTGAGACACGAGGAAGTGTG,1,15425
TSS_1414_storz_regulondb,0.5833333333333334,17,11,TTGACAACCCCTCTGGGAGG,6,72105
TSS_1414_storz_regulondb,1.8333333333333333,32,11,TTCGTTTATAGCGCGACGTT,21,18763
TSS_1414_storz_regulondb,5.416666666666667,75,11,TTCCTTCTGAAGCAGATAAT,64,66943
TSS_1414_storz_regulondb,2.4166666666666665,39,11,TTCCAGACAGTGGAGATTCA,28,29062
TSS_1414_storz_regulondb,0.16666666666666666,12,11,TTCAAATTAAATTGTCGAGA,1,61424
TSS_1414_storz_regulondb,0.16666666666666666,12,11,TTATTAGGCTCAATTCCGAT,1,16072
TSS_1414_storz_regulondb,2.9166666666666665,45,11,TTATGCTAACAGCTAGCGGA,34,58451
TSS_1414_storz_regulondb,0.8333333333333334,20,11,TTAGGGGTTATTAAGCCCAC,9,35831
TSS_1414_storz_regulondb,2.1666666666666665,36,11,TGTGGACTAAATTACCGCGA,25,64140
TSS_1414_storz_regulondb,0.4166666666666667,15,11,TGTCAACAAAGTCAAGTTAT,4,46101
TSS_1414_storz_regulondb,1.5,28,11,TGTCAAAGTTGGACCTCCAC,17,14205
TSS_1414_storz_regulondb,1.8333333333333333,32,11,TGTAGGATGTATCCGCCAGT,21,68851
TSS_1414_storz_regulondb,4.083333333333333,59,11,TGGGGAGTGGACCAATCTCA,48,23350
TSS_1414_storz_regulondb,10.25,133,11,TGGGCAATTCCATTACGCTT,122,52725
TSS_1414_storz_regulondb,4.333333333333333,62,11,TGGATCGTTGTGCCCGTACC,51,60941
TSS_1414_storz_regulondb,2.5,40,11,TGGAACAGAACCAGTAGTGG,29,29273
TSS_1414_storz_regulondb,0.16666666666666666,12,11,TGCGAAGGAGAAGCTTATAC,1,13061
TSS_1414_storz_regulondb,2.6666666666666665,42,11,TGCCTTCAAACGACATTGCA,31,74525
TSS_1414_storz_regulondb,2.6666666666666665,42,11,TGCCATTGGCCGGTAATCGA,31,44020
TSS_1414_storz_regulondb,2.5833333333333335,41,11,TGATCGTCACACTGGTTCAC,30,74604
TSS_1414_storz_regulondb,2.0833333333333335,35,11,TGATCACCACGGCCAATGAC,24,48076
TSS_1414_storz_regulondb,3.5833333333333335,53,11,TGAGCGTGTAGAAGGATGCA,42,55413
TSS_1414_storz_regulondb,5.75,79,11,TGAATTGTTCCTCATCGCCT,68,25042
TSS_1414_storz_regulondb,1.25,25,11,TCTGCGCGCCCCATGTCTCG,14,38534
TSS_1414_storz_regulondb,3.1666666666666665,48,11,TCTGAGGGATTTTCCTTGGC,37,28757
TSS_1414_storz_regulondb,2.5,40,11,TCTGAAGTGGCCAGAGAAGC,29,68136
TSS_1414_storz_regulondb,1.6666666666666667,30,11,TCTCGCTGGTCTGCTGTCCG,19,73322
TSS_1414_storz_regulondb,2.4166666666666665,39,11,TCTATCAGCCGGTACCCAAG,28,65467
TSS_1414_storz_regulondb,9.25,121,11,TCTAGGGATTGAGGATCGTT,110,15180
TSS_1414_storz_regulondb,4.75,67,11,TCGTACCTGGCGATTACCTA,56,78586
TSS_1414_storz_regulondb,1.9166666666666667,33,11,TCGGTATCAATGGTTAATAT,22,3032
TSS_1414_storz_regulondb,0.16666666666666666,12,11,TCGGGAGACTTCAAAGGCTG,1,41922
TSS_1414_storz_regulondb,4.583333333333333,65,11,TCGCATTCATCACTGTTCAC,54,29814
TSS_1414_storz_regulondb,0.16666666666666666,12,11,TCGAGTACGGAGAGTCGCTT,1,50474
TSS_1414_storz_regulondb,1.25,25,11,TCGAAACTGTTTTTTGATTG,14,15350
TSS_1414_storz_regulondb,4.166666666666667,60,11,TCCCTATGATTATTGGCTAC,49,10516
TSS_1414_storz_regulondb,2.3333333333333335,38,11,TCCCGGCTCTGCTTGAAACA,27,34472
TSS_1414_storz_regulondb,0.6666666666666666,18,11,TCCAACGCTTGAGATCCGTA,7,61042
TSS_1414_storz_regulondb,1.1666666666666667,24,11,TCCAAATGGTCTGATGCTAC,13,21025
TSS_1414_storz_regulondb,2.4166666666666665,39,11,TCATGGAAATGGACACTTCT,28,68668
TSS_1414_storz_regulondb,0.16666666666666666,12,11,TCATAGGGGGTGGGCACGGT,1,64987
TSS_1414_storz_regulondb,2.0,34,11,TCAGCCCTGTCGATTACAGT,23,33119
TSS_1414_storz_regulondb,0.16666666666666666,12,11,TCAGACCGTTTAACTCAGGA,1,16517
TSS_1414_storz_regulondb,3.0,46,11,TCACCGAACTGCCAAATTTC,35,51777
TSS_1414_storz_regulondb,1.6666666666666667,30,11,TCAATTAATTGGCTTGACAT,19,59729
TSS_1414_storz_regulondb,1.8333333333333333,32,11,TATTTACCTTCGTTATGCGT,21,41222
TSS_1414_storz_regulondb,4.416666666666667,63,11,TAGGCGAATCCTGCGCGATC,52,70783
TSS_1414_storz_regulondb,4.916666666666667,69,11,TAGGCCAGTAGACCGTAAGT,58,12416
TSS_1414_storz_regulondb,2.6666666666666665,42,11,TAGAGGGGGGAAATGTTGGG,31,52177
TSS_1414_storz_regulondb,31.333333333333332,386,11,TACTTTCGAAGGGGCTTATT,375,51008
TSS_1414_storz_regulondb,5.0,70,11,TACTATTTTTCGCATATTCG,59,64689
TSS_1414_storz_regulondb,0.16666666666666666,12,11,TACGGAGTGTTGGTGGCGCG,1,37976
TSS_1414_storz_regulondb,29.416666666666668,363,11,TAATGGACTTAGCCCTCCCA,352,10512
TSS_1414_storz_regulondb,5.416666666666667,75,11,TAAGTGATCAATACAGACGA,64,18595
TSS_1414_storz_regulondb,3.25,49,11,TAAGAGATGGCAATTCATAA,38,72767
TSS_1414_storz_regulondb,3.3333333333333335,50,11,TAACATGGATTATCTTGATT,39,46427
TSS_1414_storz_regulondb,6.25,85,11,TAAATAGGACCCCCGGAAGT,74,80487
TSS_1414_storz_regulondb,0.16666666666666666,12,11,TAAAGCGGTTGTCGGCATGT,1,29182
TSS_1414_storz_regulondb,4.25,61,11,TAAAATTAGAAGGAGAGCAT,50,68822
TSS_1414_storz_regulondb,2.0,34,11,GTTTCAGGGTGTCTAATGAG,23,24491
TSS_1414_storz_regulondb,0.16666666666666666,12,11,GTTTATTGGTTTGAATGCCC,1,24898
TSS_1414_storz_regulondb,0.8333333333333334,20,11,GTTTAGGAGAACACTCTAGT,9,21648
TSS_1414_storz_regulondb,1.6666666666666667,30,11,GTTTAACATAGCCGGTTAGT,19,65680
TSS_1414_storz_regulondb,3.5833333333333335,53,11,GTTGTGGGATTCCGGGTGTC,42,4526
TSS_1414_storz_regulondb,3.0833333333333335,47,11,GTTGTCTACAAGGCTTTTGG,36,48566
TSS_1414_storz_regulondb,0.16666666666666666,12,11,GTTCTGCCCCGTAGGTCTTC,1,7615
TSS_1414_storz_regulondb,1.5,28,11,GTTCCGTGAGTATCTCATTG,17,22585
TSS_1414_storz_regulondb,2.3333333333333335,38,11,GTTCACTCAGTCCGTGTAAC,27,71683
TSS_1414_storz_regulondb,0.8333333333333334,20,11,GTTACTATGTCTTAGCTATA,9,45893
TSS_1414_storz_regulondb,0.16666666666666666,12,11,GTTACACTATAACAATGGGA,1,54376
TSS_1414_storz_regulondb,0.5,16,11,GTGTGGACATGAATACTTAG,5,5293
TSS_1414_storz_regulondb,3.5833333333333335,53,11,GTGGTACCTCATTGGCCTGA,42,63137
TSS_1414_storz_regulondb,1.9166666666666667,33,11,GTGCGAAACCAGAAATTGGT,22,42245
TSS_1414_storz_regulondb,1.5,28,11,GTGCCAAGTGGGCCTGCTGC,17,80302
TSS_1414_storz_regulondb,8.75,115,11,GTGAAACGGGCGCCTTCAGA,104,31268
TSS_1414_storz_regulondb,7.083333333333333,95,11,GTCGTGGCTGGAACAATCTC,84,70245
TSS_1414_storz_regulondb,1.25,25,11,GTCGGAGTCACTACGAGCAG,14,41146
TSS_1414_storz_regulondb,1.6666666666666667,30,11,GTCATAAGACTCCAATTATT,19,9846
TSS_1414_storz_regulondb,1.4166666666666667,27,11,GTATCCTTGATCTCTATGTG,16,19481
TSS_1414_storz_regulondb,0.16666666666666666,12,11,GTAGGTCCTATTACGAAGTC,1,64232
TSS_1414_storz_regulondb,2.3333333333333335,38,11,GTAGGCGCTATGAGGCTGCA,27,4977
TSS_1414_storz_regulondb,2.5,40,11,GTACTTGGTCCACACACTAG,29,74780
TSS_1414_storz_regulondb,0.8333333333333334,20,11,GTACTCTAGTTGCTCACCTG,9,80422
TSS_1414_storz_regulondb,2.1666666666666665,36,11,GTACGGTTGCCGGACCGCTA,25,8921
TSS_1414_storz_regulondb,1.6666666666666667,30,11,GGTTTAAAGAGGGACGTAAG,19,28175
TSS_1414_storz_regulondb,2.5833333333333335,41,11,GGTTGTGCGGTGCTTCGCAG,30,79834
TSS_1414_storz_regulondb,0.16666666666666666,12,11,GGTGAGCCTCCACGGTCATG,1,74321
TSS_1414_storz_regulondb,1.3333333333333333,26,11,GGGTTCGTTCCAAGGGTAAT,15,12210
TSS_1414_storz_regulondb,1.75,31,11,GGGTCAATATATCATACCAC,20,11564
TSS_1414_storz_regulondb,2.6666666666666665,42,11,GGGCTCGCGAAGCTGATCCT,31,71740
TSS_1414_storz_regulondb,1.1666666666666667,24,11,GGGCCAACCAATCTGAGAAA,13,12295
TSS_1414_storz_regulondb,0.16666666666666666,12,11,GGGAGAATTCTATATCTGCG,1,38864
TSS_1414_storz_regulondb,3.75,55,11,GGCTTTCAGGCGAAGTGGGT,44,44410
TSS_1414_storz_regulondb,0.16666666666666666,12,11,GGCTTGTATTAATATCGCGC,1,41268
TSS_1414_storz_regulondb,1.1666666666666667,24,11,GGCTAGACGGTGTCACTGCC,13,68393
TSS_1414_storz_regulondb,1.75,31,11,GGCGGGTGCTTGGCGTGTTG,20,25778
TSS_1414_storz_regulondb,1.3333333333333333,26,11,GGCAGTATTAACGTCGCAAT,15,79479
TSS_1414_storz_regulondb,10.333333333333334,134,11,GGCACCCCTGGATAGAGGCT,123,24508
TSS_1414_storz_regulondb,0.16666666666666666,12,11,GGACCGCGCTAAGAACAGCC,1,12313
TSS_1414_storz_regulondb,0.3333333333333333,14,11,GGAATTGTCGAGTACGCGTA,3,72478
TSS_1414_storz_regulondb,1.1666666666666667,24,11,GGAATATATTTAACTTCCCG,13,1168
TSS_1414_storz_regulondb,1.75,31,11,GCTTGCGATTCCTAGAGTCT,20,25504
TSS_1414_storz_regulondb,1.8333333333333333,32,11,GCTTCTCCAGACCCATACGT,21,11638
TSS_1414_storz_regulondb,6.0,82,11,GCTTAGCAGACATCAGGTAA,71,23045
TSS_1414_storz_regulondb,1.3333333333333333,26,11,GCTCATTCGTAGACGGAGTA,15,81118
TSS_1414_storz_regulondb,0.8333333333333334,20,11,GCTATAAGTCACATTGGAGA,9,2408
TSS_1414_storz_regulondb,2.8333333333333335,44,11,GCGTTTATTCGTAGGGGGAG,33,44176
TSS_1414_storz_regulondb,3.25,49,11,GCGTAACTTTCGGAACGAGT,38,61767
TSS_1414_storz_regulondb,5.166666666666667,72,11,GCGGCGACGGCGCATTCTAT,61,37730
TSS_1414_storz_regulondb,1.3333333333333333,26,11,GCGCTACGCTTTCACACAGT,15,25843
TSS_1414_storz_regulondb,2.0833333333333335,35,11,GCGCCAGGTGCAATGATGCT,24,3710
TSS_1414_storz_regulondb,0.16666666666666666,12,11,GCGATCATCATAATTCGCAA,1,75311
TSS_1414_storz_regulondb,1.0,22,11,GCGATCATAAATGAGTATTT,11,52860
TSS_1414_storz_regulondb,1.5,28,11,GCGAGTAACCTCAAAGATGT,17,74203
TSS_1414_storz_regulondb,2.5,40,11,GCGAGCTCTTGGGGAGCGGT,29,58191
TSS_1414_storz_regulondb,1.3333333333333333,26,11,GCCTACTATCCGCCTGTAGT,15,3034
TSS_1414_storz_regulondb,5.5,76,11,GCCCCCTTGCTACTCACACC,65,17835
TSS_1414_storz_regulondb,38.416666666666664,471,11,GCCCCCTAGTTCTCAACTTT,460,10511
TSS_1414_storz_regulondb,1.5833333333333333,29,11,GCCAACTCTTGCTCTACGAA,18,31727
TSS_1414_storz_regulondb,2.5,40,11,GCATTTAGAGAAAGTGCAGG,29,4899
TSS_1414_storz_regulondb,0.16666666666666666,12,11,GCATAGCGGAGAATACAGGA,1,72662
TSS_1414_storz_regulondb,3.25,49,11,GCAGATCGCAAGTCCTGTTT,38,12901
TSS_1414_storz_regulondb,1.25,25,11,GCAGACTATCCTTGTAATGC,14,74878
TSS_1414_storz_regulondb,4.666666666666667,66,11,GCAAGATTTATACTTCGCAT,55,26160
TSS_1414_storz_regulondb,0.16666666666666666,12,11,GCAACCGTTTCAGATATCAG,1,66473
TSS_1414_storz_regulondb,3.0,46,11,GATCGACACCTGCTTTTTAA,35,65573
TSS_1414_storz_regulondb,3.4166666666666665,51,11,GATCACGAGCATAGAGCCAA,40,37565
TSS_1414_storz_regulondb,2.5833333333333335,41,11,GAGGCATCTTACCATATCAC,30,15419
TSS_1414_storz_regulondb,0.5,16,11,GAGCGCATCTTACTTTGCAA,5,69627
TSS_1414_storz_regulondb,1.1666666666666667,24,11,GAGCCGTCAAAGTAAGACCT,13,42243
TSS_1414_storz_regulondb,0.16666666666666666,12,11,GAGAAGGATTACTGGACAGA,1,78123
TSS_1414_storz_regulondb,1.1666666666666667,24,11,GACTCCTTGAAAGTTCTGGG,13,30274
TSS_1414_storz_regulondb,2.4166666666666665,39,11,GACGCTATATGGCCGAACCA,28,69898
TSS_1414_storz_regulondb,0.6666666666666666,18,11,GACGAGTGTTCATTCCGTTT,7,52511
TSS_1414_storz_regulondb,2.5,40,11,GACAGGTACGAAGTTCCTCA,29,31592
TSS_1414_storz_regulondb,2.25,37,11,GAACGCCGCGCGAGACCGGG,26,43899
TSS_1414_storz_regulondb,4.583333333333333,65,11,GAAAGGCGTATTCGCAGGGG,54,17300
TSS_1414_storz_regulondb,2.5,40,11,CTTTAGTCGCCCGGGGATTC,29,4264
TSS_1414_storz_regulondb,6.416666666666667,87,11,CTTGGGAGGGGCAGAAGGTC,76,6888
TSS_1414_storz_regulondb,0.16666666666666666,12,11,CTTGGCTGACCTGAATGGTT,1,7622
TSS_1414_storz_regulondb,1.9166666666666667,33,11,CTTGCAAGAACTACCCTGAA,22,73683
TSS_1414_storz_regulondb,0.16666666666666666,12,11,CTTGATATAAAGTGGCTGCA,1,27103
TSS_1414_storz_regulondb,1.9166666666666667,33,11,CTTCACCTGAACCACTCCAC,22,24961
TSS_1414_storz_regulondb,0.5833333333333334,17,11,CTGTCGCACACATAAGAGAA,6,50866
TSS_1414_storz_regulondb,1.9166666666666667,33,11,CTGGTTTTCCGGCTACGGCT,22,45482
TSS_1414_storz_regulondb,2.5833333333333335,41,11,CTGGCGGCGTGGCAGGTAGC,30,45140
TSS_1414_storz_regulondb,1.8333333333333333,32,11,CTGGACTCCTTAGGACAACT,21,57224
TSS_1414_storz_regulondb,0.25,13,11,CTCGGGAGTAGTGCCCCTCT,2,39548
TSS_1414_storz_regulondb,4.75,67,11,CTCGATTGTGTTTATTGCAG,56,71390
TSS_1414_storz_regulondb,0.16666666666666666,12,11,CTCGAGATCTGTGGTCCGTT,1,46640
TSS_1414_storz_regulondb,1.3333333333333333,26,11,CTCCATTTAGTTCCTTGGGG,15,39678
TSS_1414_storz_regulondb,3.1666666666666665,48,11,CTCCACGCGACCACCACAGT,37,70822
TSS_1414_storz_regulondb,3.0833333333333335,47,11,CTACCCTATCCACCCTGGAA,36,44992
TSS_1414_storz_regulondb,1.4166666666666667,27,11,CTACATTCCTAGGGACCCGG,16,66077
TSS_1414_storz_regulondb,4.0,58,11,CTACAGAAATATGGGTGTCT,47,9353
TSS_1414_storz_regulondb,1.8333333333333333,32,11,CTAAGGGTCTCATCTTTAGG,21,4503
TSS_1414_storz_regulondb,0.16666666666666666,12,11,CTAAATAGCAAATAGGTGGC,1,73745
TSS_1414_storz_regulondb,3.3333333333333335,50,11,CGTTGTGCAGGGTACAGAAG,39,13812
TSS_1414_storz_regulondb,4.0,58,11,CGTTGGGAACGAGCTAATAG,47,35387
TSS_1414_storz_regulondb,0.6666666666666666,18,11,CGTGACGCAGACTAAGCACG,7,29724
TSS_1414_storz_regulondb,2.6666666666666665,42,11,CGTACTTAATGTAGTTCAAA,31,73990
TSS_1414_storz_regulondb,1.9166666666666667,33,11,CGTAATGGCCAATGCGAAAA,22,5931
TSS_1414_storz_regulondb,0.25,13,11,CGTAAATCACAGATCTCTTC,2,44359
TSS_1414_storz_regulondb,0.9166666666666666,21,11,CGGGTGGGTTGGCTAGAAAG,10,24229
TSS_1414_storz_regulondb,0.16666666666666666,12,11,CGGGTACTCGTAAGGCCTCT,1,606
TSS_1414_storz_regulondb,1.5,28,11,CGGGCAGAGAGTAGTCCCCT,17,55956
TSS_1414_storz_regulondb,0.16666666666666666,12,11,CGGCCTTAGGTGGATGATGA,1,46631
TSS_1414_storz_regulondb,0.16666666666666666,12,11,CGCTGGGGGAAATAATTGCC,1,80143
TSS_1414_storz_regulondb,1.9166666666666667,33,11,CGCGGGACGTACGTTGGGGT,22,67289
TSS_1414_storz_regulondb,1.5,28,11,CGCGAGCTACCAGCCTGCCG,17,3816
TSS_1414_storz_regulondb,2.0833333333333335,35,11,CGCCGAACTGTTACCGTTCA,24,50062
TSS_1414_storz_regulondb,3.3333333333333335,50,11,CGCACAACAGGTGACGCCGG,39,63939
TSS_1414_storz_regulondb,0.16666666666666666,12,11,CGATTTTAATTGGTGCACAA,1,70427
TSS_1414_storz_regulondb,1.9166666666666667,33,11,CGATTGTAGTTATTTCCCTG,22,3789
TSS_1414_storz_regulondb,1.4166666666666667,27,11,CGATTGCTAGGTACGAAGTG,16,18857
TSS_1414_storz_regulondb,1.9166666666666667,33,11,CGAGTCTGTTTTACTCGTCA,22,5762
TSS_1414_storz_regulondb,2.0,34,11,CGAGAACGAACCTCCCCCCG,23,4170
TSS_1414_storz_regulondb,3.5,52,11,CGAATTGGGACCCATGCCTC,41,58172
TSS_1414_storz_regulondb,0.16666666666666666,12,11,CGAATTAGACCAAATCCAGG,1,52079
TSS_1414_storz_regulondb,0.4166666666666667,15,11,CGAAGGACCAGCGTAGCGCT,4,17812
TSS_1414_storz_regulondb,1.5833333333333333,29,11,CGAACAATGTCGCCTTCGGA,18,55029
TSS_1414_storz_regulondb,0.16666666666666666,12,11,CGAAACATCCATGATGGGTC,1,76674
TSS_1414_storz_regulondb,2.5833333333333335,41,11,CCGTGTATGGTCGGTCGTAA,30,41223
TSS_1414_storz_regulondb,0.25,13,11,CCGTCGGGACAACCATAGGT,2,63143
TSS_1414_storz_regulondb,0.16666666666666666,12,11,CCGGGCGGTCCTGGCGTTCC,1,67611
TSS_1414_storz_regulondb,1.6666666666666667,30,11,CCGGCTCCTCTTACTAGCCT,19,32148
TSS_1414_storz_regulondb,0.16666666666666666,12,11,CCGGCGGGTGGAGTCAACTG,1,78517
TSS_1414_storz_regulondb,10.833333333333334,140,11,CCGGAGTCATCATGAGCTAT,129,56849
TSS_1414_storz_regulondb,0.16666666666666666,12,11,CCGAACGTGGAGGTTATTCA,1,53713
TSS_1414_storz_regulondb,2.0833333333333335,35,11,CCCGTTCAGCCGGCACGCGT,24,72101
TSS_1414_storz_regulondb,2.0833333333333335,35,11,CCCGACTCAACGACTATTCT,24,71193
TSS_1414_storz_regulondb,2.1666666666666665,36,11,CCCCTGGGCTCAGCAGCCTA,25,50588
TSS_1414_storz_regulondb,1.5833333333333333,29,11,CCCATCAGTCCATTGTGATA,18,70284
TSS_1414_storz_regulondb,1.4166666666666667,27,11,CCCAGCCGAGTGGATTTATA,16,27999
TSS_1414_storz_regulondb,0.8333333333333334,20,11,CCATGAAATGTGTTCAAAGG,9,76073
TSS_1414_storz_regulondb,2.25,37,11,CCATATAAGATGTGCCCCTA,26,47745
TSS_1414_storz_regulondb,0.3333333333333333,14,11,CCATACTCCGGCCTCGGTTT,3,38916
TSS_1414_storz_regulondb,7.833333333333333,104,11,CCAGGTATCCGCTCTACCTT,93,44792
TSS_1414_storz_regulondb,1.9166666666666667,33,11,CCAGAAGCGATATGACAAGA,22,26993
TSS_1414_storz_regulondb,1.25,25,11,CATACGTGGAACGAAAACGA,14,25877
TSS_1414_storz_regulondb,1.0,22,11,CAGTTCTTGCGCTCTGCCTG,11,42947
TSS_1414_storz_regulondb,5.416666666666667,75,11,CAGGGCGTCTGACATCCCAG,64,5265
TSS_1414_storz_regulondb,0.16666666666666666,12,11,CACTGCTGGATCCCGTGGCT,1,68978
TSS_1414_storz_regulondb,2.25,37,11,CACGAAATAGCCGCTTTTAA,26,3023
TSS_1414_storz_regulondb,2.5,40,11,CACATCGGGGGTGGCCACGA,29,7383
TSS_1414_storz_regulondb,0.75,19,11,CACATAAGTTCAGGTTAAGA,8,13962
TSS_1414_storz_regulondb,0.16666666666666666,12,11,CACAGAACGGTTAGGCTCTC,1,37341
TSS_1414_storz_regulondb,0.75,19,11,CACACATAATCATGGAGCCA,8,12552
TSS_1414_storz_regulondb,0.16666666666666666,12,11,CACAATTATTGGATGGGTCT,1,58026
TSS_1414_storz_regulondb,0.75,19,11,CAAGTCTAGGCGCAACCCAG,8,3878
TSS_1414_storz_regulondb,2.0,34,11,CAACGGGCTTGGCAGAGCGG,23,60024
TSS_1414_storz_regulondb,2.5,40,11,ATTTTGTATTTTACGGTCTG,29,39273
TSS_1414_storz_regulondb,2.1666666666666665,36,11,ATTTATACCGAAAATGCTTA,25,22129
TSS_1414_storz_regulondb,2.6666666666666665,42,11,ATTGTACAGGGATAGCTGAT,31,55737
TSS_1414_storz_regulondb,3.75,55,11,ATTCCCGTTGTAGATACCGG,44,36481
TSS_1414_storz_regulondb,0.9166666666666666,21,11,ATTATTGCATCCGGATTGTG,10,5746
TSS_1414_storz_regulondb,0.25,13,11,ATGTGGGCGTAATCGAGATA,2,12257
TSS_1414_storz_regulondb,12.0,154,11,ATGGCTACCGACTTTACAGC,143,35237
TSS_1414_storz_regulondb,1.5,28,11,ATGGCCAACACCAGCTGAGG,17,62951
TSS_1414_storz_regulondb,1.9166666666666667,33,11,ATGATGTTGCAGAAACTCCA,22,22919
TSS_1414_storz_regulondb,4.25,61,11,ATGAGCAGTCTCCGCCGATT,50,72394
TSS_1414_storz_regulondb,1.8333333333333333,32,11,ATGACCAAATTTAGGAGGAC,21,76881
TSS_1414_storz_regulondb,3.3333333333333335,50,11,ATCGTAGACAAATGGGCTAT,39,9796
TSS_1414_storz_regulondb,0.5,16,11,ATCAGAACGGCCAAGAATAA,5,11975
TSS_1414_storz_regulondb,2.0833333333333335,35,11,ATAGCCAGTATACGTTAGAA,24,62048
TSS_1414_storz_regulondb,5.916666666666667,81,11,ATAGAGACGTCACGACCAGG,70,47012
TSS_1414_storz_regulondb,3.5,52,11,ATACCGATCTTCGGAAGTCG,41,32734
TSS_1414_storz_regulondb,1.9166666666666667,33,11,ATACACGCGGCCACTGTTAA,22,26852
TSS_1414_storz_regulondb,5.333333333333333,74,11,ATAATCCCACTAGAACAGCT,63,2514
TSS_1414_storz_regulondb,0.16666666666666666,12,11,ATAATAGGGGTCAATGAAAG,1,15055
TSS_1414_storz_regulondb,3.25,49,11,ATAATACGAGCGGCACAAGA,38,77094
TSS_1414_storz_regulondb,1.8333333333333333,32,11,ATAAGTGCAGGGGTAAGGAC,21,71642
TSS_1414_storz_regulondb,1.9166666666666667,33,11,AGTTTATTATGCGAAGCAAT,22,12538
TSS_1414_storz_regulondb,3.75,55,11,AGTGGTGTCTGTCCGTTCTG,44,29383
TSS_1414_storz_regulondb,1.0833333333333333,23,11,AGTCGTTCGGACGCGATGCC,12,27645
TSS_1414_storz_regulondb,0.3333333333333333,14,11,AGTACTACAATCTGGGCTCA,3,60340
TSS_1414_storz_regulondb,3.1666666666666665,48,11,AGGTCAGGACTTCCTAAGAC,37,59032
TSS_1414_storz_regulondb,12.833333333333334,164,11,AGGGCAAGGAACGCGTTCTT,153,68816
TSS_1414_storz_regulondb,1.4166666666666667,27,11,AGGACTTAGCGCACTGCGAA,16,39522
TSS_1414_storz_regulondb,0.16666666666666666,12,11,AGCTGATTTCTTGTAGACTT,1,687
TSS_1414_storz_regulondb,5.083333333333333,71,11,AGCTATGATGAGGGTTCATG,60,34727
TSS_1414_storz_regulondb,1.4166666666666667,27,11,AGCCGCCGCCAGCACACTTT,16,43018
TSS_1414_storz_regulondb,2.0833333333333335,35,11,AGCCACACGATTAGTCCGCG,24,38045
TSS_1414_storz_regulondb,2.0833333333333335,35,11,AGCCAAATCCATACGGGACG,24,28592
TSS_1414_storz_regulondb,1.5833333333333333,29,11,AGATGTTCAATGCTTTTTTT,18,29734
TSS_1414_storz_regulondb,1.6666666666666667,30,11,AGATCGGACCTCCTCTCGCT,19,15644
TSS_1414_storz_regulondb,4.5,64,11,AGACAGTCTTATTTGGAGAA,53,31248
TSS_1414_storz_regulondb,3.5,52,11,AGAACTGGGAATGCAACGGT,41,59890
TSS_1414_storz_regulondb,0.75,19,11,AGAAATGGACCCGCATATCC,8,63490
TSS_1414_storz_regulondb,1.0833333333333333,23,11,ACTTGGATATAGATTGCTCG,12,39853
TSS_1414_storz_regulondb,0.16666666666666666,12,11,ACTTCGTTATTCTCAAAGAC,1,24554
TSS_1414_storz_regulondb,1.3333333333333333,26,11,ACTTCACTATACTTTCTACT,15,47029
TSS_1414_storz_regulondb,0.16666666666666666,12,11,ACTTATTCGGCTATGGGGTA,1,12956
TSS_1414_storz_regulondb,1.4166666666666667,27,11,ACTGTCGTACTCCTTTAATA,16,36395
TSS_1414_storz_regulondb,0.9166666666666666,21,11,ACTGCGAGTGAACATTCTTC,10,18113
TSS_1414_storz_regulondb,1.25,25,11,ACTGAGTAACGACCTGCGGA,14,8491
TSS_1414_storz_regulondb,0.6666666666666666,18,11,ACTACACCAACCCATAGTTC,7,60867
TSS_1414_storz_regulondb,1.1666666666666667,24,11,ACGTCCATCCTCCTGTGAAT,13,11144
TSS_1414_storz_regulondb,1.1666666666666667,24,11,ACGTAGCAGTTGACCGAACA,13,77649
TSS_1414_storz_regulondb,2.1666666666666665,36,11,ACGCGGCTTTCCTGCCCGCT,25,70776
TSS_1414_storz_regulondb,1.6666666666666667,30,11,ACGCAGTTCCGCGTACTTTT,19,62113
TSS_1414_storz_regulondb,2.9166666666666665,45,11,ACGCAGTGAGGCCCGCGTAG,34,31826
TSS_1414_storz_regulondb,2.0833333333333335,35,11,ACGCACACGTTGTCCTGTTC,24,47863
TSS_1414_storz_regulondb,2.6666666666666665,42,11,ACGATTCGAATTTCGATTCA,31,24946
TSS_1414_storz_regulondb,3.75,55,11,ACGAGCAAGCTATGGAATCA,44,26208
TSS_1414_storz_regulondb,7.083333333333333,95,11,ACCTTTGCACGGCATGTCTA,84,28663
TSS_1414_storz_regulondb,2.1666666666666665,36,11,ACCTGCATCCGATTTAATTA,25,22538
TSS_1414_storz_regulondb,0.75,19,11,ACCTAGCTTCGATGGAGCTA,8,69508
TSS_1414_storz_regulondb,3.0833333333333335,47,11,ACCTAGAGAGCATGTGCCTC,36,58238
TSS_1414_storz_regulondb,1.75,31,11,ACCTAGAAGTTCATCGCGCG,20,9541
TSS_1414_storz_regulondb,0.9166666666666666,21,11,ACCGGTCGCCATTAAGAAGT,10,48908
TSS_1414_storz_regulondb,1.9166666666666667,33,11,ACCCTCCGAATGGGTTCTGG,22,72410
TSS_1414_storz_regulondb,1.5833333333333333,29,11,ACCCGTGCCCGGTCTTGTAT,18,43845
TSS_1414_storz_regulondb,6.0,82,11,ACCATGCCACTGATTAGTCT,71,73475
TSS_1414_storz_regulondb,4.083333333333333,59,11,ACCAAACACGCGCCCAAATG,48,43549
TSS_1414_storz_regulondb,0.75,19,11,ACACTACCGGGGAAACTCAG,8,8686
TSS_1414_storz_regulondb,0.75,19,11,ACACGAACGTGTGCCGTCGC,8,81077
TSS_1414_storz_regulondb,1.3333333333333333,26,11,AATTCCACGCGTTTCACTGT,15,53220
TSS_1414_storz_regulondb,1.5,28,11,AATTCACTGCTCGAGCGTAC,17,73958
TSS_1414_storz_regulondb,1.8333333333333333,32,11,AAGTCCGCTGAGGCAATTGA,21,62354
TSS_1414_storz_regulondb,1.0833333333333333,23,11,AAGGGCGTCAGCCTTACTAC,12,3415
TSS_1414_storz_regulondb,1.4166666666666667,27,11,AAGGCATTAGTGGCGCCCCA,16,3012
TSS_1414_storz_regulondb,4.0,58,11,AAGCAGGTTCTATCAAAGTA,47,32558
TSS_1414_storz_regulondb,2.3333333333333335,38,11,AAGCAATAGTTCTTGTCCTC,27,39100
TSS_1414_storz_regulondb,1.9166666666666667,33,11,AACGAGGACTCGTAAGTACA,22,36736
TSS_1414_storz_regulondb,1.3333333333333333,26,11,AACGACCTCTCTACGCGTTT,15,76383
TSS_1414_storz_regulondb,0.25,13,11,AACCTTAAACTCTATCTGGA,2,28121
TSS_1414_storz_regulondb,0.16666666666666666,12,11,AACCTCAAACAGATAGATTG,1,20499
TSS_1414_storz_regulondb,0.16666666666666666,12,11,AACAACGAAACTCTCATTGT,1,16644
TSS_1414_storz_regulondb,1.5833333333333333,29,11,AAATTTCTAGCGCCAAGTGA,18,45739
TSS_1414_storz_regulondb,2.9166666666666665,45,11,AAAGTTCCATTGGACTAATT,34,44027
TSS_1414_storz_regulondb,4.75,67,11,AAAGTACACGGGGCTTATGG,56,54786
TSS_1414_storz_regulondb,2.4166666666666665,39,11,AAAATCCTGGTAAAGTAACT,28,38149
TSS_1414_storz_regulondb,3.25,49,11,AAAAGAGCTGTGTACGAGCG,38,5249
TSS_1414_storz_regulondb,3.0,46,11,AAAAATCACATAGGAGGGAT,35,47283
TSS_1414_storz_regulondb,1.9166666666666667,33,11,AAAAAAGTAGAGGTCCCTGC,22,36154
TSS_1414_storz_regulondb,4.0,53,10,TTTTGACGCCGTCTAGGCTG,43,19856
TSS_1414_storz_regulondb,1.0909090909090908,21,10,TTTTATTAGTAGCACGGAGG,11,18034
TSS_1414_storz_regulondb,0.18181818181818182,11,10,TTTGCGTAAAGCGTGTTGTG,1,63229
TSS_1414_storz_regulondb,2.727272727272727,39,10,TTTGCGGCGACGTAAAAGAT,29,50880
TSS_1414_storz_regulondb,0.45454545454545453,14,10,TTTAACCTGCTTAGTAAATC,4,70478
TSS_1414_storz_regulondb,0.18181818181818182,11,10,TTGTTGTATCGGGCTCAATC,1,45769
TSS_1414_storz_regulondb,0.18181818181818182,11,10,TTGTCCGCCAAGAAAGCAAT,1,22105
TSS_1414_storz_regulondb,0.8181818181818182,18,10,TTGTACAGGCTCTCATGTCT,8,1573
TSS_1414_storz_regulondb,1.6363636363636365,27,10,TTGCGCTCACGCTCGGGCCG,17,10953
TSS_1414_storz_regulondb,0.18181818181818182,11,10,TTGCCCGGCATATCTAACAG,1,18502
TSS_1414_storz_regulondb,1.9090909090909092,30,10,TTGCCCCTGTCAATGTATGT,20,49375
TSS_1414_storz_regulondb,0.18181818181818182,11,10,TTGATTGCGGTCTTGAAGAG,1,17039
TSS_1414_storz_regulondb,1.8181818181818181,29,10,TTGACACCGATACATGTCGC,19,77555
TSS_1414_storz_regulondb,1.2727272727272727,23,10,TTCTTTTGCAGGCTTTAGGA,13,78614
TSS_1414_storz_regulondb,1.3636363636363635,24,10,TTCTCGGCTCACGGGTTCGG,14,18788
TSS_1414_storz_regulondb,2.727272727272727,39,10,TTCGGGATGCATTTTCCATG,29,37814
TSS_1414_storz_regulondb,4.454545454545454,58,10,TTATGAGTAAAGCATGGCTA,48,1440
TSS_1414_storz_regulondb,1.9090909090909092,30,10,TTACTGAAATTGATTGCATA,20,55537
TSS_1414_storz_regulondb,1.7272727272727273,28,10,TTACCGGGGCAAATTTCGTA,18,17939
TSS_1414_storz_regulondb,3.1818181818181817,44,10,TTACCCACTTTTTATTGTCC,34,17360
TSS_1414_storz_regulondb,3.6363636363636362,49,10,TTACATTGGTAAGGAACCTT,39,36036
TSS_1414_storz_regulondb,2.090909090909091,32,10,TTAAACGAAAAGTGTTTCTC,22,70959
TSS_1414_storz_regulondb,3.1818181818181817,44,10,TGTTTATCACAAAACGACAC,34,45114
TSS_1414_storz_regulondb,2.3636363636363638,35,10,TGTTCTCGAATTCGGACGTA,25,79835
TSS_1414_storz_regulondb,0.36363636363636365,13,10,TGTTCCGGGATGGCCCCTGA,3,19763
TSS_1414_storz_regulondb,9.181818181818182,110,10,TGTGAGCGAGTGGCTCTACA,100,68546
TSS_1414_storz_regulondb,3.6363636363636362,49,10,TGTCCTGTGACGGATGTCAG,39,31596
TSS_1414_storz_regulondb,1.2727272727272727,23,10,TGTCATCGACTAAAACCGGG,13,36398
TSS_1414_storz_regulondb,0.18181818181818182,11,10,TGTAGCATGGGTGCAAGAAA,1,51207
TSS_1414_storz_regulondb,2.0,31,10,TGGTCTTAACTTTCGTTCTA,21,49231
TSS_1414_storz_regulondb,12.545454545454545,147,10,TGGTAGCAAACAAGGTTCGA,137,78317
TSS_1414_storz_regulondb,6.0,75,10,TGGGTCGCATACACGTTATG,65,73120
TSS_1414_storz_regulondb,1.6363636363636365,27,10,TGGCATCCTCGTAGGCTCCG,17,28113
TSS_1414_storz_regulondb,0.18181818181818182,11,10,TGGCACAGAGGCGCGAAGTG,1,68005
TSS_1414_storz_regulondb,0.18181818181818182,11,10,TGGAGTCTGTGGTACTGTGA,1,22955
TSS_1414_storz_regulondb,0.18181818181818182,11,10,TGGAGCAGCATAACTTGGGG,1,48613
TSS_1414_storz_regulondb,3.0,42,10,TGGACTATGACTTAGCTCTA,32,21106
TSS_1414_storz_regulondb,2.272727272727273,34,10,TGCTCACGAATGAACTCGTT,24,77277
TSS_1414_storz_regulondb,2.0,31,10,TGCGTTGGCTATGGAATGTC,21,44975
TSS_1414_storz_regulondb,1.6363636363636365,27,10,TGCACGATGGAAGAGCTCTA,17,33580
TSS_1414_storz_regulondb,1.7272727272727273,28,10,TGAGGTTGTGCTTAGTGGTC,18,62614
TSS_1414_storz_regulondb,3.727272727272727,50,10,TGAGAATAACCCCGCTCGTA,40,54241
TSS_1414_storz_regulondb,0.18181818181818182,11,10,TGACCCGGTCCAGTTGGTGG,1,4266
TSS_1414_storz_regulondb,3.090909090909091,43,10,TCTTTAGGCCCATGAGGTTT,33,71087
TSS_1414_storz_regulondb,1.2727272727272727,23,10,TCTTGGGGGGGGGATGGGGG,13,68273
TSS_1414_storz_regulondb,0.6363636363636364,16,10,TCTGGGACCATCCAACAAAC,6,30075
TSS_1414_storz_regulondb,2.8181818181818183,40,10,TCTGATGGAAAGACGAGGTC,30,1615
TSS_1414_storz_regulondb,2.272727272727273,34,10,TCTCTCGAAATAATCCGCTG,24,61052
TSS_1414_storz_regulondb,3.5454545454545454,48,10,TCGGGACGAAGCTTCGGTCT,38,27079
TSS_1414_storz_regulondb,2.4545454545454546,36,10,TCGGGAATGGTCCTATAAAA,26,41734
TSS_1414_storz_regulondb,0.45454545454545453,14,10,TCGCCTGCCGATAAGAACCC,4,53586
TSS_1414_storz_regulondb,0.18181818181818182,11,10,TCGAGTACAGTTTTCTGGCA,1,33545
TSS_1414_storz_regulondb,1.7272727272727273,28,10,TCGACTCGCGTCCGGCTGCG,18,38319
TSS_1414_storz_regulondb,3.090909090909091,43,10,TCCGGCAAGGTTGGTCCAGA,33,74874
TSS_1414_storz_regulondb,2.5454545454545454,37,10,TCCCGTTAGATATTTAGCTA,27,39500
TSS_1414_storz_regulondb,2.3636363636363638,35,10,TCCCACAATGAATGCTGAGA,25,25025
TSS_1414_storz_regulondb,1.7272727272727273,28,10,TCCACCCAAGGATGACCGAA,18,50291
TSS_1414_storz_regulondb,1.8181818181818181,29,10,TCCAACCTATTCGGTCAAAT,19,36091
TSS_1414_storz_regulondb,4.0,53,10,TCATACCAGGCCCGGTAGGT,43,26183
TSS_1414_storz_regulondb,5.909090909090909,74,10,TCAGGAGGAACTTTGAATTC,64,57068
TSS_1414_storz_regulondb,1.5454545454545454,26,10,TCACGTTCACATGTTCTCGC,16,57968
TSS_1414_storz_regulondb,2.1818181818181817,33,10,TCAAGTGGCCCTGACGGCGC,23,61776
TSS_1414_storz_regulondb,1.0909090909090908,21,10,TATTGTCTCATGTTGATCGT,11,39551
TSS_1414_storz_regulondb,4.636363636363637,60,10,TATTGTAACTATAGATTCTC,50,47102
TSS_1414_storz_regulondb,3.8181818181818183,51,10,TATCGCGTCATGTAAGATAT,41,4433
TSS_1414_storz_regulondb,3.4545454545454546,47,10,TAGGCTGGTATCCACGACGT,37,40740
TSS_1414_storz_regulondb,0.18181818181818182,11,10,TAGCGCACGCAGTGAGCGGG,1,52052
TSS_1414_storz_regulondb,2.1818181818181817,33,10,TAGAGCCCACGACCGTAGAC,23,16384
TSS_1414_storz_regulondb,1.9090909090909092,30,10,TACTGACTGCGGACCATTGA,20,72251
TSS_1414_storz_regulondb,0.45454545454545453,14,10,TACTCCGTTCTACGACTCGC,4,42215
TSS_1414_storz_regulondb,2.6363636363636362,38,10,TACGCGGACGTACCATGTAG,28,42024
TSS_1414_storz_regulondb,2.1818181818181817,33,10,TACACGCGCAAAGTGAATGA,23,50093
TSS_1414_storz_regulondb,2.8181818181818183,40,10,TACAATTTGGCCCCCCATTG,30,4771
TSS_1414_storz_regulondb,2.5454545454545454,37,10,TAAGTGTTTGCAAGCTCTAC,27,68933
TSS_1414_storz_regulondb,1.3636363636363635,24,10,TAAATATGGGCGAGGTCGAA,14,66886
TSS_1414_storz_regulondb,1.8181818181818181,29,10,GTTTGCCGAGCTCGTCGAAT,19,75643
TSS_1414_storz_regulondb,1.1818181818181819,22,10,GTTCTTGCCATCTGCAATCT,12,57357
TSS_1414_storz_regulondb,3.272727272727273,45,10,GTTCTACCGCAGCAGGTGAC,35,50933
TSS_1414_storz_regulondb,20.727272727272727,237,10,GTTCCTTTATTGGGCAGTAC,227,75822
TSS_1414_storz_regulondb,3.0,42,10,GTTATTTTGAGGCATGGTCA,32,72332
TSS_1414_storz_regulondb,2.1818181818181817,33,10,GTTATTGTGGGGGACACAAA,23,20439
TSS_1414_storz_regulondb,0.18181818181818182,11,10,GTTATAAATTCGATTTATCA,1,15600
TSS_1414_storz_regulondb,3.1818181818181817,44,10,GTGCTAGAAATTGCTTCGCG,34,50491
TSS_1414_storz_regulondb,0.18181818181818182,11,10,GTGCCGTTGAACACTGAGAT,1,21989
TSS_1414_storz_regulondb,3.1818181818181817,44,10,GTGATTGGTATCCAAACTAT,34,7233
TSS_1414_storz_regulondb,2.3636363636363638,35,10,GTGACGGTCAGCTACGCTAC,25,23352
TSS_1414_storz_regulondb,0.7272727272727273,17,10,GTGACAACACAAGCTCTGGT,7,39368
TSS_1414_storz_regulondb,2.272727272727273,34,10,GTCTCGAGCGCGTTCTATGT,24,10542
TSS_1414_storz_regulondb,1.1818181818181819,22,10,GTCGTCTCCTTGCACTACCC,12,15390
TSS_1414_storz_regulondb,9.636363636363637,115,10,GTCGTCTCCCTAATTAACCC,105,77635
TSS_1414_storz_regulondb,2.0,31,10,GTCGAACTGTTCCCCAACAG,21,63501
TSS_1414_storz_regulondb,2.6363636363636362,38,10,GTCGAAACGGTTTCGTGTAG,28,3915
TSS_1414_storz_regulondb,2.272727272727273,34,10,GTCCGCCATAGCATTGATTA,24,3304
TSS_1414_storz_regulondb,3.090909090909091,43,10,GTATTTTGTCTGAGTTTCTT,33,53699
TSS_1414_storz_regulondb,2.0,31,10,GTATAGTTACCAAAGCCATT,21,50250
TSS_1414_storz_regulondb,2.4545454545454546,36,10,GTAGTTTTGAGGCGAAGGAA,26,35900
TSS_1414_storz_regulondb,6.181818181818182,77,10,GTAGTCATTGATCCTGTGGG,67,56842
TSS_1414_storz_regulondb,0.8181818181818182,18,10,GTACCGAATTTATCGAGACA,8,8246
TSS_1414_storz_regulondb,0.18181818181818182,11,10,GGTTGCTCCGATTGTGTTTG,1,77050
TSS_1414_storz_regulondb,0.18181818181818182,11,10,GGTTACCCGGCACAATTCCC,1,27852
TSS_1414_storz_regulondb,2.6363636363636362,38,10,GGTCGAGCGAGGCGCCAGTT,28,10254
TSS_1414_storz_regulondb,1.4545454545454546,25,10,GGGTTAAATTAGCAACGCAG,15,65822
TSS_1414_storz_regulondb,1.7272727272727273,28,10,GGGGTGTAACCCTTCGTGGG,18,20240
TSS_1414_storz_regulondb,0.9090909090909091,19,10,GGGATTTCTACACTGTTCCT,9,32241
TSS_1414_storz_regulondb,0.18181818181818182,11,10,GGGACTGCCACTGTTAATTC,1,46528
TSS_1414_storz_regulondb,6.454545454545454,80,10,GGGACCAGTGGAATTACGGC,70,40018
TSS_1414_storz_regulondb,1.5454545454545454,26,10,GGCTGTGTAGGAAACACTAA,16,9726
TSS_1414_storz_regulondb,3.6363636363636362,49,10,GGCTGTAATGCACTTCCTGA,39,24452
TSS_1414_storz_regulondb,5.2727272727272725,67,10,GGCGGGTGTCCTGGGATGGT,57,40383
TSS_1414_storz_regulondb,2.5454545454545454,37,10,GGCGACCGCAGGATTGTCGT,27,6211
TSS_1414_storz_regulondb,3.1818181818181817,44,10,GGCAGTTGTTCAGTAGGACT,34,20204
TSS_1414_storz_regulondb,0.18181818181818182,11,10,GGCACATCTTCAATGTCAGC,1,46240
TSS_1414_storz_regulondb,1.3636363636363635,24,10,GGCAAGATTTATATGTCAGT,14,45040
TSS_1414_storz_regulondb,5.0,64,10,GGCAACGTCAGGCTGATCAG,54,25247
TSS_1414_storz_regulondb,12.090909090909092,142,10,GGCAAACGGCAAAGACGCAT,132,35244
TSS_1414_storz_regulondb,0.18181818181818182,11,10,GGAGCTGGGGCACCCCATCG,1,74570
TSS_1414_storz_regulondb,3.8181818181818183,51,10,GGACCTACACGTGCTCTGTG,41,12959
TSS_1414_storz_regulondb,3.6363636363636362,49,10,GGAACCCTATAGATCCAGTT,39,61049
TSS_1414_storz_regulondb,4.545454545454546,59,10,GCTTTTCCCGATCATATTCT,49,26928
TSS_1414_storz_regulondb,3.3636363636363638,46,10,GCTTGCGTGTGCGGCGAGTT,36,68272
TSS_1414_storz_regulondb,1.3636363636363635,24,10,GCTTCTTACTTGATATATCC,14,35330
TSS_1414_storz_regulondb,0.6363636363636364,16,10,GCTTAGGGGAGGCGGCTAGA,6,79424
TSS_1414_storz_regulondb,1.4545454545454546,25,10,GCTGTTTTTAAATCGCGCAT,15,35233
TSS_1414_storz_regulondb,0.18181818181818182,11,10,GCTGCGCTGTGGACTCGGTA,1,71484
TSS_1414_storz_regulondb,13.909090909090908,162,10,GCTGCGCCCACTCCTGCCAT,152,5391
TSS_1414_storz_regulondb,0.5454545454545454,15,10,GCGGTCCCTCCTGAATCGGC,5,30130
TSS_1414_storz_regulondb,3.272727272727273,45,10,GCGGGGCGACGCCTACTACG,35,26173
TSS_1414_storz_regulondb,1.6363636363636365,27,10,GCGCTAACCGAGAATCTATA,17,58471
TSS_1414_storz_regulondb,1.3636363636363635,24,10,GCGCACTCCAACGACTAGCC,14,34473
TSS_1414_storz_regulondb,3.272727272727273,45,10,GCGACCTTGTGTAGATCCAT,35,63030
TSS_1414_storz_regulondb,1.8181818181818181,29,10,GCCTTGATCCTCTAGACGTC,19,60672
TSS_1414_storz_regulondb,1.4545454545454546,25,10,GCCTTAGTCGGGTCCCAGCT,15,22089
TSS_1414_storz_regulondb,1.4545454545454546,25,10,GCCGTCACTGTCGGGCCATC,15,79273
TSS_1414_storz_regulondb,1.4545454545454546,25,10,GCCGTAAAACGATGAAAAAA,15,7027
TSS_1414_storz_regulondb,0.18181818181818182,11,10,GCCGGCCTTCCTAACTGGCC,1,25290
TSS_1414_storz_regulondb,0.18181818181818182,11,10,GCCGCACTTCGCTTTCATTA,1,49694
TSS_1414_storz_regulondb,1.6363636363636365,27,10,GCCCTCAGACTAGGTTCTCC,17,80374
TSS_1414_storz_regulondb,2.4545454545454546,36,10,GCCCCTAAGCGACGATAATA,26,64743
TSS_1414_storz_regulondb,2.0,31,10,GCCATCCGTTAAAGCCAATG,21,8130
TSS_1414_storz_regulondb,2.1818181818181817,33,10,GCCAGTACCCTACGAACAAT,23,2865
TSS_1414_storz_regulondb,2.1818181818181817,33,10,GCATAAGTGTCTCAGGTGTT,23,69190
TSS_1414_storz_regulondb,0.7272727272727273,17,10,GCAGGTCTGTGTGAGGGATA,7,35452
TSS_1414_storz_regulondb,1.8181818181818181,29,10,GCAGCAGCTCCAAGATAGCC,19,16968
TSS_1414_storz_regulondb,1.0,20,10,GCACGGCCCGCGGGGGACAT,10,47130
TSS_1414_storz_regulondb,0.2727272727272727,12,10,GCACAAAGTGAGGCATCCCT,2,1079
TSS_1414_storz_regulondb,2.272727272727273,34,10,GCAAGACAACGTGATTCGCT,24,80494
TSS_1414_storz_regulondb,1.0909090909090908,21,10,GATGGGGAATAACCAAATCA,11,65587
TSS_1414_storz_regulondb,3.3636363636363638,46,10,GATCCGCTCTAAAAGGATAC,36,55094
TSS_1414_storz_regulondb,0.6363636363636364,16,10,GAGTAGTCTTCATCGCATGT,6,61939
TSS_1414_storz_regulondb,1.4545454545454546,25,10,GAGGAAGAGATCCGGAGCGC,15,27678
TSS_1414_storz_regulondb,2.1818181818181817,33,10,GAGCTTGTCCGTTTGGTCAC,23,15277
TSS_1414_storz_regulondb,1.4545454545454546,25,10,GAGCAGTGTCGGCGGGCTCC,15,65811
TSS_1414_storz_regulondb,3.272727272727273,45,10,GAGATAGCCTATTGATGCAA,35,71397
TSS_1414_storz_regulondb,2.3636363636363638,35,10,GAGACGCGAAATACCAACTG,25,73630
TSS_1414_storz_regulondb,0.18181818181818182,11,10,GACGGCTAATATGTCTACAG,1,72357
TSS_1414_storz_regulondb,0.18181818181818182,11,10,GACCGTGACCACTTCGGGCT,1,29801
TSS_1414_storz_regulondb,4.181818181818182,55,10,GAAGGTTTCAAAGAAGGATG,45,78745
TSS_1414_storz_regulondb,1.8181818181818181,29,10,GAACTCGACTATGCCCTGAT,19,58841
TSS_1414_storz_regulondb,5.2727272727272725,67,10,GAACGTGGCGAATCGTAAGA,57,6604
TSS_1414_storz_regulondb,3.3636363636363638,46,10,CTTTGTTGATATGCGTGTTG,36,70357
TSS_1414_storz_regulondb,5.363636363636363,68,10,CTTTGGTCCTTGGAGGATTG,58,8909
TSS_1414_storz_regulondb,1.5454545454545454,26,10,CTTATCCAGTAAGGAAAAAG,16,77492
TSS_1414_storz_regulondb,6.181818181818182,77,10,CTTAAACGGTTTTCGAAGTG,67,68975
TSS_1414_storz_regulondb,1.7272727272727273,28,10,CTGTATACCCCTGCCAAAAA,18,2203
TSS_1414_storz_regulondb,0.18181818181818182,11,10,CTGGGATAGCCCCCGCTGGC,1,43035
TSS_1414_storz_regulondb,0.18181818181818182,11,10,CTGGCGGGACATGCTGTTTG,1,74390
TSS_1414_storz_regulondb,0.18181818181818182,11,10,CTGGCAAACAGGTCTTGAGC,1,5593
TSS_1414_storz_regulondb,1.9090909090909092,30,10,CTGGAGTAGTGTGGACTTTT,20,68895
TSS_1414_storz_regulondb,1.7272727272727273,28,10,CTGGAATTTTGGGGTCACCT,18,25245
TSS_1414_storz_regulondb,1.7272727272727273,28,10,CTGCTACTCGATCACGGGGT,18,5458
TSS_1414_storz_regulondb,0.18181818181818182,11,10,CTGAGTAATATAGGTCGTTC,1,60352
TSS_1414_storz_regulondb,0.18181818181818182,11,10,CTGAGCGCAAAATTGAATGA,1,3227
TSS_1414_storz_regulondb,9.818181818181818,117,10,CTGAGCACTGCCAGTGTTCT,107,35272
TSS_1414_storz_regulondb,2.5454545454545454,37,10,CTGAACTCTAACTGATGGAT,27,4088
TSS_1414_storz_regulondb,5.636363636363637,71,10,CTCTACAGGGGGTGTCACTA,61,36404
TSS_1414_storz_regulondb,0.18181818181818182,11,10,CTCTAAGTTTGAGACTGCTC,1,448
TSS_1414_storz_regulondb,4.818181818181818,62,10,CTCGTTGCGTCTGGATTACA,52,68048
TSS_1414_storz_regulondb,4.7272727272727275,61,10,CTCGAGTTCGTGCTCATGTG,51,11321
TSS_1414_storz_regulondb,1.8181818181818181,29,10,CTCAAGGACGAGAGGAAAGG,19,30763
TSS_1414_storz_regulondb,0.18181818181818182,11,10,CTACACCTTAACGTAAAGCA,1,41266
TSS_1414_storz_regulondb,6.090909090909091,76,10,CTAAACACCAGCAGAAGGAA,66,20882
TSS_1414_storz_regulondb,2.727272727272727,39,10,CGTGGCCTCACAGTAAAATT,29,44469
TSS_1414_storz_regulondb,3.0,42,10,CGTGATGGCCAAAGTGCTTA,32,73300
TSS_1414_storz_regulondb,1.8181818181818181,29,10,CGTGAGTGGTTCTCCGGGTA,19,11634
TSS_1414_storz_regulondb,3.272727272727273,45,10,CGTCGGGGTTCATATAACTC,35,45403
TSS_1414_storz_regulondb,0.18181818181818182,11,10,CGTCCTCTACTTAAGTAATG,1,59867
TSS_1414_storz_regulondb,0.18181818181818182,11,10,CGTACGTTTAAGGAAACCTG,1,7380
TSS_1414_storz_regulondb,1.5454545454545454,26,10,CGTACCAGTATACCAGGGCA,16,67536
TSS_1414_storz_regulondb,1.6363636363636365,27,10,CGCTGGCTCCAAAAGCTAGC,17,44366
TSS_1414_storz_regulondb,1.0909090909090908,21,10,CGCTAACAATGTTTGGTGCA,11,17647
TSS_1414_storz_regulondb,2.1818181818181817,33,10,CGCGAATGACATCGAGGATT,23,15625
TSS_1414_storz_regulondb,4.818181818181818,62,10,CGCCTCAAGTATGCGAGGAG,52,80273
TSS_1414_storz_regulondb,2.5454545454545454,37,10,CGCCAGGCAACTACCTTTTA,27,70638
TSS_1414_storz_regulondb,1.6363636363636365,27,10,CGCATCTACTCATCGCATGT,17,53610
TSS_1414_storz_regulondb,0.8181818181818182,18,10,CGAGTAAATCGCTGAGGCGT,8,8485
TSS_1414_storz_regulondb,2.090909090909091,32,10,CGACATGGAATTGCCTACTA,22,77344
TSS_1414_storz_regulondb,1.5454545454545454,26,10,CGAACGACCGCATTAGTCAA,16,80981
TSS_1414_storz_regulondb,1.9090909090909092,30,10,CGAAACTCAAGGTAGACTTT,20,31451
TSS_1414_storz_regulondb,2.5454545454545454,37,10,CCTTTACCGTGAGCGCTATG,27,10946
TSS_1414_storz_regulondb,5.636363636363637,71,10,CCTTAGGGAGGCCCTGTTAA,61,51532
TSS_1414_storz_regulondb,2.8181818181818183,40,10,CCTCTCCTTATCGGTTTTCC,30,42048
TSS_1414_storz_regulondb,3.3636363636363638,46,10,CCTCGAGCATAGACCAAGGA,36,70429
TSS_1414_storz_regulondb,7.2727272727272725,89,10,CCTCGAGCAAATGATATCAT,79,71428
TSS_1414_storz_regulondb,2.1818181818181817,33,10,CCTCCTGGACCTAGTGCGGC,23,11237
TSS_1414_storz_regulondb,2.727272727272727,39,10,CCGTTCAAACACGCCTCATA,29,54976
TSS_1414_storz_regulondb,0.18181818181818182,11,10,CCGTATATTCCCATGCATGT,1,79597
TSS_1414_storz_regulondb,0.18181818181818182,11,10,CCGGTTATAGGCATGGTTAG,1,23854
TSS_1414_storz_regulondb,2.272727272727273,34,10,CCGCCGTCCTGCGACTCCGT,24,59258
TSS_1414_storz_regulondb,0.18181818181818182,11,10,CCGACTTCATTTCCTGGGAA,1,45651
TSS_1414_storz_regulondb,2.0,31,10,CCCTTATCGATTTATCTCCT,21,45167
TSS_1414_storz_regulondb,1.1818181818181819,22,10,CCCGTTAGAACAGGAAGAAT,12,139
TSS_1414_storz_regulondb,1.8181818181818181,29,10,CCCGTGTGTGACGTTAGGGT,19,49247
TSS_1414_storz_regulondb,2.4545454545454546,36,10,CCCGTACAATACCTGCGGGT,26,73059
TSS_1414_storz_regulondb,3.0,42,10,CCCCGGGATACTGAACTGAC,32,24896
TSS_1414_storz_regulondb,3.272727272727273,45,10,CCCCGCGGCTTGCACGCGAT,35,72957
TSS_1414_storz_regulondb,0.18181818181818182,11,10,CCCCGCACCCCTGGCGTTAG,1,3746
TSS_1414_storz_regulondb,1.3636363636363635,24,10,CCATCGGGCTGCTCTAGGAA,14,35262
TSS_1414_storz_regulondb,1.9090909090909092,30,10,CCACGAACCGGTTGTGCATG,20,14604
TSS_1414_storz_regulondb,4.454545454545454,58,10,CCACCCAGCTCTCTTTACTA,48,77934
TSS_1414_storz_regulondb,3.5454545454545454,48,10,CCAAGGTAGTGTGAGGTGCT,38,31293
TSS_1414_storz_regulondb,1.2727272727272727,23,10,CCAACATTGAAGTCCTTACT,13,34897
TSS_1414_storz_regulondb,2.0,31,10,CCAAAGGAGTCACGTGGTTA,21,36897
TSS_1414_storz_regulondb,1.7272727272727273,28,10,CATTTGTCGTCCGGGTACAT,18,42526
TSS_1414_storz_regulondb,2.727272727272727,39,10,CATTTACAAGAAGGATGGCA,29,73842
TSS_1414_storz_regulondb,2.3636363636363638,35,10,CATTACAGATGACGTATCAG,25,41547
TSS_1414_storz_regulondb,17.545454545454547,202,10,CATGTCGCTCAGGCTGTCCT,192,56837
TSS_1414_storz_regulondb,0.18181818181818182,11,10,CATGAAGCTTAGTTGTTTTG,1,55296
TSS_1414_storz_regulondb,0.2727272727272727,12,10,CATATGGTTAGATTATGACT,2,45106
TSS_1414_storz_regulondb,0.18181818181818182,11,10,CATAGTAGAAGCGGACCATT,1,72383
TSS_1414_storz_regulondb,2.909090909090909,41,10,CATAGAGTTCGACCATGTAC,31,17157
TSS_1414_storz_regulondb,3.3636363636363638,46,10,CAGTGGAACCAAATGGGTAT,36,27895
TSS_1414_storz_regulondb,5.7272727272727275,72,10,CAGTGACGGCCCCCTCGTAT,62,26188
TSS_1414_storz_regulondb,7.363636363636363,90,10,CAGTACGGGAAGCTCATCCA,80,42055
TSS_1414_storz_regulondb,2.090909090909091,32,10,CAGGTTAGGTCTGGGTTTTA,22,65368
TSS_1414_storz_regulondb,5.363636363636363,68,10,CAGGATAGCAAACGGGTCAT,58,28442
TSS_1414_storz_regulondb,4.090909090909091,54,10,CAGCTCCGCCTCCCATGTCA,44,42953
TSS_1414_storz_regulondb,7.181818181818182,88,10,CACTCCTTAATTTGTATCTA,78,40953
TSS_1414_storz_regulondb,4.818181818181818,62,10,CACATACTATCTGCGCACGT,52,77569
TSS_1414_storz_regulondb,0.2727272727272727,12,10,CAATTATTCGTGAGGCTGTC,2,49327
TSS_1414_storz_regulondb,0.9090909090909091,19,10,CAACGACTGATTTCATGCGC,9,34663
TSS_1414_storz_regulondb,1.4545454545454546,25,10,ATTTGGGTTAATCTTGGCTC,15,52618
TSS_1414_storz_regulondb,2.6363636363636362,38,10,ATTGATTCCGGTATAGCGCG,28,69608
TSS_1414_storz_regulondb,3.8181818181818183,51,10,ATTCTCTTGCATCCGCGACC,41,37065
TSS_1414_storz_regulondb,0.18181818181818182,11,10,ATTCTATGATTTGGACAGAA,1,65861
TSS_1414_storz_regulondb,0.18181818181818182,11,10,ATTATGAGGAGATGGACCGG,1,54302
TSS_1414_storz_regulondb,5.363636363636363,68,10,ATGCTGCGCGTACGGTATTG,58,57509
TSS_1414_storz_regulondb,1.3636363636363635,24,10,ATGCGCCTTGACCACGGATA,14,43153
TSS_1414_storz_regulondb,0.18181818181818182,11,10,ATGCCGATTCGCGTCTCTCC,1,39465
TSS_1414_storz_regulondb,4.363636363636363,57,10,ATGACTGTCCCGACTTTATT,47,63776
TSS_1414_storz_regulondb,2.909090909090909,41,10,ATGACGGTTAGGCTCAATGG,31,49866
TSS_1414_storz_regulondb,1.7272727272727273,28,10,ATCGCACTTAGTGTACGTAG,18,39919
TSS_1414_storz_regulondb,2.090909090909091,32,10,ATCCTGACTCTTCGACCAGT,22,65955
TSS_1414_storz_regulondb,2.3636363636363638,35,10,ATCCGGCCTTATGCCGGGCT,25,29846
TSS_1414_storz_regulondb,2.090909090909091,32,10,ATCCGCGTGTATCAGCTCGT,22,4352
TSS_1414_storz_regulondb,15.0,174,10,ATCATGCTGTGTATAGTCTG,164,42031
TSS_1414_storz_regulondb,0.2727272727272727,12,10,ATCAAAGGGCCGTGAGCTCA,2,32683
TSS_1414_storz_regulondb,8.636363636363637,104,10,ATATTGTGGCAGGGCCGATT,94,57533
TSS_1414_storz_regulondb,1.8181818181818181,29,10,ATATTGTAGATGGGCTGGGA,19,45891
TSS_1414_storz_regulondb,0.18181818181818182,11,10,ATATTAGTTCTGACCTGACT,1,59211
TSS_1414_storz_regulondb,1.2727272727272727,23,10,ATATGCAACTCTAGTTGGCA,13,32354
TSS_1414_storz_regulondb,4.090909090909091,54,10,ATAGCACGCTACGGATTCGA,44,21662
TSS_1414_storz_regulondb,2.0,31,10,ATACTGTATAATCAAATCGG,21,7175
TSS_1414_storz_regulondb,3.090909090909091,43,10,ATACCGCCCACAGACTTTCA,33,23590
TSS_1414_storz_regulondb,2.727272727272727,39,10,ATAAAGTCGGAATTGCATTA,29,39885
TSS_1414_storz_regulondb,2.8181818181818183,40,10,ATAAAAAGCATGCTATGAAT,30,33047
TSS_1414_storz_regulondb,2.0,31,10,AGTTTTTCATCTTCACGTCT,21,63147
TSS_1414_storz_regulondb,0.2727272727272727,12,10,AGTGGACCCTAATTTGCGCT,2,77568
TSS_1414_storz_regulondb,3.090909090909091,43,10,AGTCTACTTCCTACCCATCT,33,17653
TSS_1414_storz_regulondb,0.18181818181818182,11,10,AGTCCCTTGGGTAGTGACAG,1,31368
TSS_1414_storz_regulondb,1.4545454545454546,25,10,AGTAGGAACTCGCGTCATTA,15,37567
TSS_1414_storz_regulondb,2.909090909090909,41,10,AGGTTTAACACACCGGCTCG,31,11900
TSS_1414_storz_regulondb,2.090909090909091,32,10,AGGTTCGAGATCCTGTTAAG,22,7765
TSS_1414_storz_regulondb,1.9090909090909092,30,10,AGGTCGATCTTGCGTCTATT,20,71630
TSS_1414_storz_regulondb,2.090909090909091,32,10,AGGTCCACACCCGGAGACTA,22,7755
TSS_1414_storz_regulondb,0.18181818181818182,11,10,AGGGTATTCGCAACCTGACA,1,59600
TSS_1414_storz_regulondb,3.4545454545454546,47,10,AGGGTATCGCACTCGGATGT,37,26740
TSS_1414_storz_regulondb,1.3636363636363635,24,10,AGGGGACGCGTACACGACCT,14,29943
TSS_1414_storz_regulondb,0.18181818181818182,11,10,AGCGTGGGTCGCATATCCCA,1,57300
TSS_1414_storz_regulondb,2.3636363636363638,35,10,AGCGGCTCCACTCTCCCGAG,25,3394
TSS_1414_storz_regulondb,2.0,31,10,AGCCGCACATGCCGTTTAGA,21,24952
TSS_1414_storz_regulondb,2.1818181818181817,33,10,AGCCCGTTGGACGTGCAGGA,23,38665
TSS_1414_storz_regulondb,0.5454545454545454,15,10,AGCATTTTGAATTTTGTTGT,5,54016
TSS_1414_storz_regulondb,1.4545454545454546,25,10,AGCACGGGGGCTGACCGGAT,15,25780
TSS_1414_storz_regulondb,0.6363636363636364,16,10,AGCACGGAGTTCCTGAGAAT,6,65819
TSS_1414_storz_regulondb,3.0,42,10,AGCACCCTGACCACGGCCAT,32,37423
TSS_1414_storz_regulondb,3.272727272727273,45,10,AGATTTGCTTGAATTGCACT,35,25826
TSS_1414_storz_regulondb,4.090909090909091,54,10,AGAGTAGTACTGGCCGATGG,44,9171
TSS_1414_storz_regulondb,3.0,42,10,AGAGGGGTACGGCTGGCGTA,32,6306
TSS_1414_storz_regulondb,2.4545454545454546,36,10,AGACTGCAGCAGCCTGAATT,26,57337
TSS_1414_storz_regulondb,2.4545454545454546,36,10,ACTTTGCCGGGTCCTCCGGT,26,35937
TSS_1414_storz_regulondb,0.18181818181818182,11,10,ACTTAGGGTTGAGTGGGCTA,1,60784
TSS_1414_storz_regulondb,2.4545454545454546,36,10,ACTGGGGACCAGTGGGGGTT,26,52489
TSS_1414_storz_regulondb,1.7272727272727273,28,10,ACTCGTGAGGGGCATCCCCA,18,41508
TSS_1414_storz_regulondb,0.9090909090909091,19,10,ACTAGGGTGGCAACAGCCAA,9,42895
TSS_1414_storz_regulondb,0.8181818181818182,18,10,ACTACTGGTCCCGAAGGTTT,8,68151
TSS_1414_storz_regulondb,0.18181818181818182,11,10,ACTAAACGGCAAGAAAGGTA,1,25501
TSS_1414_storz_regulondb,3.1818181818181817,44,10,ACGTCCCTAAACCAGCGCCA,34,15509
TSS_1414_storz_regulondb,0.18181818181818182,11,10,ACGCGCTGCGTCACGCCAAT,1,49132
TSS_1414_storz_regulondb,1.9090909090909092,30,10,ACGCCATTTCAGCTCTAAGG,20,20017
TSS_1414_storz_regulondb,0.18181818181818182,11,10,ACGAGACTGAGCTCCAAACT,1,29135
TSS_1414_storz_regulondb,2.272727272727273,34,10,ACCGGGAGCTCCATCCCTAT,24,26919
TSS_1414_storz_regulondb,0.18181818181818182,11,10,ACCGCAGTCAAAAAAACGTT,1,49016
TSS_1414_storz_regulondb,1.4545454545454546,25,10,ACCCTGTCACAAGTTTATAA,15,33822
TSS_1414_storz_regulondb,0.18181818181818182,11,10,ACCCTGGTGCCGTCAGTCTC,1,50425
TSS_1414_storz_regulondb,1.0,20,10,ACCATGCTCTTCTCTTGTGG,10,30328
TSS_1414_storz_regulondb,3.090909090909091,43,10,ACCATAGGTTCCCATAAAGC,33,65535
TSS_1414_storz_regulondb,2.909090909090909,41,10,ACAGGCGTTCTCCTAATCCA,31,40869
TSS_1414_storz_regulondb,0.2727272727272727,12,10,ACACGGGGTTTACACACCGG,2,34862
TSS_1414_storz_regulondb,22.727272727272727,259,10,ACACAGATGATTAAATGCGA,249,7895
TSS_1414_storz_regulondb,1.2727272727272727,23,10,ACAATTAGATCCGGAAGCCG,13,29820
TSS_1414_storz_regulondb,1.1818181818181819,22,10,AATCTTCGCTCTCGCTGATG,12,34021
TSS_1414_storz_regulondb,0.18181818181818182,11,10,AATATTAGCAGACACATCTA,1,36343
TSS_1414_storz_regulondb,2.5454545454545454,37,10,AATAGGCTTTAAGCTTCCAA,27,20680
TSS_1414_storz_regulondb,2.3636363636363638,35,10,AATACTCATACAGTTGTTCA,25,64060
TSS_1414_storz_regulondb,1.0,20,10,AATACGCAGTGTAATAGAGC,10,17707
TSS_1414_storz_regulondb,3.090909090909091,43,10,AATAAAGATTAGGTTACCAC,33,22328
TSS_1414_storz_regulondb,0.18181818181818182,11,10,AAGTGCATCCGACGTGCGTA,1,35367
TSS_1414_storz_regulondb,4.2727272727272725,56,10,AAGTCGGCGTCTATCTTGTT,46,37527
TSS_1414_storz_regulondb,4.7272727272727275,61,10,AAGTCCAGCAAAGGGGTCCG,51,38295
TSS_1414_storz_regulondb,3.909090909090909,52,10,AAGTATGGTTCCCGAACCAC,42,33343
TSS_1414_storz_regulondb,2.0,31,10,AAGGGGTGGGCCGATTCCGA,21,1487
TSS_1414_storz_regulondb,2.909090909090909,41,10,AAGGGCTATGCACCCGGTTT,31,74875
TSS_1414_storz_regulondb,0.2727272727272727,12,10,AAGCTCTGGCGGAATGTGAT,2,71534
TSS_1414_storz_regulondb,6.909090909090909,85,10,AAGCCGTGATTTAATCTGTT,75,70892
TSS_1414_storz_regulondb,7.181818181818182,88,10,AACGTGGGCGTGGAGGGCGT,78,69178
TSS_1414_storz_regulondb,1.2727272727272727,23,10,AACGCTAGGACTTAATTCAT,13,75560
TSS_1414_storz_regulondb,0.45454545454545453,14,10,AACAAACACCCAGCTGTCGT,4,63910
TSS_1414_storz_regulondb,3.5454545454545454,48,10,AAATAGCGAGGTAGACAGTT,38,54396
TSS_1414_storz_regulondb,1.2727272727272727,23,10,AAAGGTTCTGGCAAGTTCAG,13,7152
TSS_1414_storz_regulondb,3.0,42,10,AAAGGGGTTTTACAGGTGCA,32,7329
TSS_1414_storz_regulondb,1.8181818181818181,29,10,AAACCGGGCCGTGAGATGGT,19,78677
TSS_1414_storz_regulondb,0.18181818181818182,11,10,AAACAGGAGTGGCACACTCC,1,4557
TSS_1414_storz_regulondb,6.363636363636363,79,10,AAAAGGCGTGCGAGTGGACT,69,15394
TSS_1414_storz_regulondb,2.0,31,10,AAAAGCCTGTCAATCACGAT,21,32754
TSS_1414_storz_regulondb,1.9090909090909092,30,10,AAAAACGTATAGTATCACCC,20,24975
TSS_1414_storz_regulondb,5.2,60,9,TTTTTCTCGCACCATCAGGG,51,71503
TSS_1414_storz_regulondb,4.0,48,9,TTTTGTACGATTAACCCATT,39,27047
TSS_1414_storz_regulondb,2.6,34,9,TTTGTGCAACACAAAACATC,25,20296
TSS_1414_storz_regulondb,0.2,10,9,TTTGGTGTGTGCTCCGGGCG,1,74794
TSS_1414_storz_regulondb,3.9,47,9,TTTCGTTCTCAGAAACGATG,38,6886
TSS_1414_storz_regulondb,4.8,56,9,TTTCGCGTATCGGGGTAACA,47,41977
TSS_1414_storz_regulondb,1.6,24,9,TTTCCCCTGTTCTGGCTAGC,15,12120
TSS_1414_storz_regulondb,2.0,28,9,TTTATCTTGTTACTGGAAGA,19,19976
TSS_1414_storz_regulondb,2.9,37,9,TTTAAGGGCACACAGTATCC,28,730
TSS_1414_storz_regulondb,5.6,64,9,TTGTGTGCCAGCGGTGTCTT,55,45112
TSS_1414_storz_regulondb,1.5,23,9,TTGTAGTAACCGCAAGTCCT,14,22717
TSS_1414_storz_regulondb,2.3,31,9,TTGTAGGTTGTATGTCTCAT,22,29595
TSS_1414_storz_regulondb,0.2,10,9,TTGCGCCTCCTTGTTATAGG,1,37029
TSS_1414_storz_regulondb,2.6,34,9,TTGAGTTCGGCGCTTTAAGA,25,8175
TSS_1414_storz_regulondb,6.1,69,9,TTGAGGTCCCGTATGATCAT,60,73013
TSS_1414_storz_regulondb,2.8,36,9,TTCTAAGTAAAGGCACCTAC,27,64071
TSS_1414_storz_regulondb,2.8,36,9,TTCGTCCAGACGCGAGGGCT,27,16007
TSS_1414_storz_regulondb,2.8,36,9,TTCGATGGATTCAGGCTTGC,27,55208
TSS_1414_storz_regulondb,1.5,23,9,TTCCTATTTCAAGATTATTG,14,58036
TSS_1414_storz_regulondb,1.4,22,9,TTCCATTACGCTGGTGGAAC,13,70636
TSS_1414_storz_regulondb,2.4,32,9,TTCCAATAGCGCTCAGTTCG,23,28565
TSS_1414_storz_regulondb,1.9,27,9,TTCAGTGTGCAGACGTAAGC,18,76118
TSS_1414_storz_regulondb,3.7,45,9,TTATTCAAAGTGCCTATTCA,36,56354
TSS_1414_storz_regulondb,3.7,45,9,TTAGACGGGCTATAGGTCTA,36,33876
TSS_1414_storz_regulondb,0.2,10,9,TTACGCCTACGAAGCACTTG,1,77316
TSS_1414_storz_regulondb,2.9,37,9,TGTTATATATAGGATCACTG,28,44127
TSS_1414_storz_regulondb,1.0,18,9,TGTGAGGTGGCGTACTCACC,9,73402
TSS_1414_storz_regulondb,0.8,16,9,TGTCTCATATCTTGGGCTAC,7,68874
TSS_1414_storz_regulondb,1.3,21,9,TGGGGTTGACTTCCTATCGC,12,50946
TSS_1414_storz_regulondb,0.5,13,9,TGGGCAAAACGCCGTGAGAC,4,73608
TSS_1414_storz_regulondb,2.3,31,9,TGGCTTCCGCGGCCAGGTAT,22,22256
TSS_1414_storz_regulondb,2.0,28,9,TGGCACGGTTCTATGGCTCG,19,16568
TSS_1414_storz_regulondb,2.6,34,9,TGGCACGGAAACCTGAGGAG,25,33986
TSS_1414_storz_regulondb,1.4,22,9,TGCTTCGGTGGATCTGGTGT,13,75545
TSS_1414_storz_regulondb,0.2,10,9,TGCTTATCGGCATCGGTTAT,1,36371
TSS_1414_storz_regulondb,3.4,42,9,TGCGCCCAGCTACTTATGCA,33,32600
TSS_1414_storz_regulondb,2.2,30,9,TGCGATCAAGACAAAGCCTT,21,22399
TSS_1414_storz_regulondb,3.8,46,9,TGCCAGCCGTATTCTGGACC,37,14207
TSS_1414_storz_regulondb,0.2,10,9,TGCCAACATATCGGTATGCC,1,39951
TSS_1414_storz_regulondb,4.0,48,9,TGCAGTCCGTGCAGAAGCCA,39,26026
TSS_1414_storz_regulondb,2.8,36,9,TGATATCTCCCGGACATGTG,27,43445
TSS_1414_storz_regulondb,2.2,30,9,TGATAGGTCCGCTGATAATA,21,30364
TSS_1414_storz_regulondb,2.0,28,9,TGAGTGTATCTCTCTGCCTG,19,260
TSS_1414_storz_regulondb,2.2,30,9,TGAGGGAGGTAGACGCCCAT,21,79737
TSS_1414_storz_regulondb,4.0,48,9,TGAGCTATATGCACTGCTTA,39,3075
TSS_1414_storz_regulondb,0.2,10,9,TGAGCAAGCACGAACATATT,1,12685
TSS_1414_storz_regulondb,0.2,10,9,TGAAATCATGGATCTTGCGG,1,12029
TSS_1414_storz_regulondb,0.2,10,9,TCTTGACACTCGAGTGGGAT,1,58053
TSS_1414_storz_regulondb,6.6,74,9,TCTTCTCGCAGTGACTTGTT,65,77240
TSS_1414_storz_regulondb,2.0,28,9,TCTGGCTAGAATTCAGTATA,19,31899
TSS_1414_storz_regulondb,1.3,21,9,TCTGCTTATAGGTCAAACCT,12,8694
TSS_1414_storz_regulondb,0.2,10,9,TCTGAGGCTCAGCGCTCTTG,1,56799
TSS_1414_storz_regulondb,1.8,26,9,TCTCGCGCATGGAGTCCAGT,17,747
TSS_1414_storz_regulondb,4.5,53,9,TCTCGAATGGCCGTGGTATT,44,10753
TSS_1414_storz_regulondb,6.2,70,9,TCTAGTGGGTGACACTTGTC,61,42064
TSS_1414_storz_regulondb,2.0,28,9,TCTAGAGCCGGTCACGCCTA,19,17437
TSS_1414_storz_regulondb,49.0,498,9,TCGGGCCGCCCATATCATTG,489,52722
TSS_1414_storz_regulondb,2.4,32,9,TCGGCGAAGCCACATCGGCG,23,52311
TSS_1414_storz_regulondb,5.5,63,9,TCGCGTGAGTCTCGTCATGT,54,81062
TSS_1414_storz_regulondb,2.7,35,9,TCGCGTATCAAAGGAAAAAT,26,62900
TSS_1414_storz_regulondb,3.2,40,9,TCGCGAATACCTTTGAATTT,31,35765
TSS_1414_storz_regulondb,1.6,24,9,TCGACTATCCGTCCTTTTGA,15,13387
TSS_1414_storz_regulondb,9.3,101,9,TCCTTCTTTTCGTATGGTGG,92,6335
TSS_1414_storz_regulondb,5.6,64,9,TCCTTCTCCTATGAACATTG,55,41586
TSS_1414_storz_regulondb,4.2,50,9,TCCTAATGCCACAAGCGATT,41,382
TSS_1414_storz_regulondb,1.8,26,9,TCATCGTGATGGATTATGGT,17,68936
TSS_1414_storz_regulondb,3.5,43,9,TCAGGATTTACAGGCCAGCA,34,29358
TSS_1414_storz_regulondb,1.6,24,9,TCACTGTGACTCATTTGGCG,15,73543
TSS_1414_storz_regulondb,2.1,29,9,TATGATTCACCCGACATAGC,20,44615
TSS_1414_storz_regulondb,2.3,31,9,TATCAGCCGTGGGCACATAG,22,67873
TSS_1414_storz_regulondb,2.0,28,9,TATAGTATTAAAATGGGCGC,19,27255
TSS_1414_storz_regulondb,0.2,10,9,TAGGTGCGACCATAGAAGGT,1,59768
TSS_1414_storz_regulondb,0.2,10,9,TAGGATTGGGGGTAGTGGTT,1,49227
TSS_1414_storz_regulondb,4.5,53,9,TAGCCCGCGGGATGGGCGAA,44,2382
TSS_1414_storz_regulondb,4.2,50,9,TACTATCAGTTATTTACATC,41,70823
TSS_1414_storz_regulondb,3.5,43,9,TACGTATTAGTGTTCGAGTG,34,35025
TSS_1414_storz_regulondb,3.3,41,9,TACGGATTAAAATGTAGCAA,32,12075
TSS_1414_storz_regulondb,3.4,42,9,TACATCCGTACACTGGAGTA,33,42937
TSS_1414_storz_regulondb,2.8,36,9,TAACCTACTCCGTAGATATT,27,7495
TSS_1414_storz_regulondb,1.9,27,9,TAACACGAGCAATGCCCGGG,18,19415
TSS_1414_storz_regulondb,2.1,29,9,GTTTTATATATCGCTAGTTG,20,20033
TSS_1414_storz_regulondb,4.2,50,9,GTTTCATGCAATACGGTCAG,41,47251
TSS_1414_storz_regulondb,2.6,34,9,GTTGGTGTCCTGCAATGCAT,25,44492
TSS_1414_storz_regulondb,0.2,10,9,GTTGCTAGAGTGAATCGATT,1,17996
TSS_1414_storz_regulondb,2.4,32,9,GTTCGATGGGGGGTCTTGAA,23,63703
TSS_1414_storz_regulondb,2.4,32,9,GTTAACAATTCTGTCCGGTA,23,40492
TSS_1414_storz_regulondb,1.1,19,9,GTGTGCTTATTCTATTTCCA,10,31726
TSS_1414_storz_regulondb,2.0,28,9,GTGGTGGACCTGGTATTGTA,19,72418
TSS_1414_storz_regulondb,1.5,23,9,GTGCTGTGATGACCCTTCGG,14,77139
TSS_1414_storz_regulondb,2.0,28,9,GTGCGTTGAAGATTGGTCCA,19,56429
TSS_1414_storz_regulondb,1.6,24,9,GTCTAATCCTCAGGGTACCT,15,19472
TSS_1414_storz_regulondb,1.1,19,9,GTCGGGGCTAACGTCCCTCT,10,74015
TSS_1414_storz_regulondb,1.9,27,9,GTCCTCTACGAGTTTCTGGT,18,55588
TSS_1414_storz_regulondb,2.8,36,9,GTCCGCCACTGGAGGTAATG,27,46090
TSS_1414_storz_regulondb,0.5,13,9,GTCCCCGTCAAGTGTTCATA,4,4267
TSS_1414_storz_regulondb,1.9,27,9,GTCATTTACGCGGCATCAGA,18,33447
TSS_1414_storz_regulondb,0.4,12,9,GTCAGATCACGTTATTGGTA,3,14613
TSS_1414_storz_regulondb,0.2,10,9,GTAGATTCCTTAACAGGTTT,1,75153
TSS_1414_storz_regulondb,2.0,28,9,GTACTCTCCTGGCTATCTCC,19,65307
TSS_1414_storz_regulondb,2.9,37,9,GTACGTGGGCGGGTTGCGGC,28,55831
TSS_1414_storz_regulondb,1.6,24,9,GTACCTCTTTTAAATATTCT,15,34913
TSS_1414_storz_regulondb,0.2,10,9,GGTTAGCTGCCCGGTAGGGA,1,42447
TSS_1414_storz_regulondb,2.3,31,9,GGTGTGCAATGTGTACCACT,22,23243
TSS_1414_storz_regulondb,2.1,29,9,GGTCCTTTCTCCCCAACCGG,20,31692
TSS_1414_storz_regulondb,19.3,201,9,GGGTCTCCTCGTGTTGCGTT,192,75821
TSS_1414_storz_regulondb,0.2,10,9,GGGGCAATAAGTCTTTAGAT,1,23829
TSS_1414_storz_regulondb,3.0,38,9,GGGGAGTTCGGCAAGATAGA,29,5526
TSS_1414_storz_regulondb,0.2,10,9,GGGCGGTCGGACGGGGCTCA,1,29479
TSS_1414_storz_regulondb,1.3,21,9,GGGATGCTCGGTCGTAGTGA,12,45869
TSS_1414_storz_regulondb,0.3,11,9,GGGATCCTATGGTGCGGTAA,2,69699
TSS_1414_storz_regulondb,0.2,10,9,GGCTTCTGTTATCCCACGTC,1,72256
TSS_1414_storz_regulondb,0.3,11,9,GGCTGTTGCGTCAACTCCGG,2,16772
TSS_1414_storz_regulondb,17.5,183,9,GGCTCTGCCCGCCCGATGTG,174,27517
TSS_1414_storz_regulondb,0.3,11,9,GGCCGTCCGGTTTAAAGTTT,2,45851
TSS_1414_storz_regulondb,0.2,10,9,GGATTAGCTTCGCTGCCTTC,1,29660
TSS_1414_storz_regulondb,1.4,22,9,GGATGTACATAATAGTAGGC,13,65721
TSS_1414_storz_regulondb,2.5,33,9,GCTTTCAGCAAATACAAGGG,24,48614
TSS_1414_storz_regulondb,2.9,37,9,GCTTAAGTCGGATATGAATG,28,74803
TSS_1414_storz_regulondb,3.7,45,9,GCTAACTGAGCTTCAATGCA,36,65928
TSS_1414_storz_regulondb,5.0,58,9,GCGGGGATCTGAAACGTCAG,49,6305
TSS_1414_storz_regulondb,1.3,21,9,GCGCGTGTTCACAAGGGGTC,12,31102
TSS_1414_storz_regulondb,1.4,22,9,GCGCAAGTCTCCTTCCGGTA,13,19185
TSS_1414_storz_regulondb,1.8,26,9,GCGACCATGGACGCGCTTCG,17,32088
TSS_1414_storz_regulondb,1.4,22,9,GCCGGATATCGGGTCCGGTT,13,61194
TSS_1414_storz_regulondb,1.6,24,9,GCCCTGCGGGAACCGGCCCA,15,29994
TSS_1414_storz_regulondb,2.8,36,9,GCCCTCAAGCGTCGGTGCGT,27,15429
TSS_1414_storz_regulondb,0.2,10,9,GCATGCACCGGGATCACGCT,1,72487
TSS_1414_storz_regulondb,1.9,27,9,GCACGGGATCCTTTATCCCT,18,17276
TSS_1414_storz_regulondb,0.2,10,9,GCAATTAACGCACCGTCGTA,1,26846
TSS_1414_storz_regulondb,2.1,29,9,GCAACTTGTAACATGTATCT,20,64046
TSS_1414_storz_regulondb,1.2,20,9,GCAAATCTCGCGTCTCAGTG,11,8897
TSS_1414_storz_regulondb,4.7,55,9,GCAAATATATGGAAAGAGGC,46,62217
TSS_1414_storz_regulondb,0.2,10,9,GATATTGGACTCAGAGACAA,1,46558
TSS_1414_storz_regulondb,0.2,10,9,GAGTGAATTGGTAAGTCGGA,1,39008
TSS_1414_storz_regulondb,2.5,33,9,GAGTCCCCCAATGCCTTATG,24,4843
TSS_1414_storz_regulondb,3.4,42,9,GAGGTTTTAATTGCTGGGAG,33,43129
TSS_1414_storz_regulondb,3.8,46,9,GAGATTTTAAGTGGTCGGAC,37,69296
TSS_1414_storz_regulondb,3.3,41,9,GAGATGAACCACCCGCTGGG,32,10500
TSS_1414_storz_regulondb,1.7,25,9,GACTCTCATGGGAAGAACTC,16,36724
TSS_1414_storz_regulondb,2.5,33,9,GACGCAGGCTGTAGGTCGTA,24,60722
TSS_1414_storz_regulondb,0.6,14,9,GAATTCTGTGTTAGTAAGCT,5,15772
TSS_1414_storz_regulondb,0.2,10,9,GAATGGTAGTCAGGTCCACA,1,81089
TSS_1414_storz_regulondb,2.3,31,9,GAAGTCCATTCACCAGTTGT,22,60183
TSS_1414_storz_regulondb,0.3,11,9,GAAGCTCTGATGCATGGGCT,2,19926
TSS_1414_storz_regulondb,2.4,32,9,GAACTGTACTGTACATGAGT,23,45183
TSS_1414_storz_regulondb,4.2,50,9,GAACATCGACGACGTGTTGC,41,64165
TSS_1414_storz_regulondb,0.5,13,9,GAACAACTATTAGGGCTTTA,4,67073
TSS_1414_storz_regulondb,2.6,34,9,GAAACCGTGACGTTAGAAGC,25,11327
TSS_1414_storz_regulondb,0.5,13,9,CTTTCTTGCCGTGAATCTCC,4,16955
TSS_1414_storz_regulondb,3.0,38,9,CTTTCGGAGGAACTAACTCA,29,11656
TSS_1414_storz_regulondb,0.2,10,9,CTTTATCATCCTGATTTCTA,1,51280
TSS_1414_storz_regulondb,3.0,38,9,CTTGTCTTGCTCGGAGTCAA,29,22657
TSS_1414_storz_regulondb,1.6,24,9,CTTGCGTTGTAAGTATAAAT,15,2242
TSS_1414_storz_regulondb,0.2,10,9,CTTGATAAGATTACAGCTTG,1,53828
TSS_1414_storz_regulondb,9.1,99,9,CTTCAAATTCCGGATGGGGA,90,3714
TSS_1414_storz_regulondb,1.6,24,9,CTTACTGTCTCCCGTAAATG,15,6043
TSS_1414_storz_regulondb,2.1,29,9,CTGGCTGTTAATCCTGGAAA,20,29306
TSS_1414_storz_regulondb,1.7,25,9,CTGACTAAGTTGGTTCAGAA,16,33953
TSS_1414_storz_regulondb,1.4,22,9,CTCTGCACAGGTATCTGAGA,13,37424
TSS_1414_storz_regulondb,3.0,38,9,CTCTCTGTGAGAGTGGGATT,29,45767
TSS_1414_storz_regulondb,2.6,34,9,CTCTCGACAGAAGGCGGGAA,25,49129
TSS_1414_storz_regulondb,1.7,25,9,CTCTATACAATTCCCCGCTT,16,19992
TSS_1414_storz_regulondb,2.0,28,9,CTCTACGTACGGTTCCCGCT,19,39911
TSS_1414_storz_regulondb,28.4,292,9,CTCGGTCCAGTGGCCAAGGG,283,72999
TSS_1414_storz_regulondb,6.2,70,9,CTCCGATAGCTCCCCCCAGA,61,18176
TSS_1414_storz_regulondb,0.3,11,9,CTCATTTACGAACTCAGTGT,2,42033
TSS_1414_storz_regulondb,2.6,34,9,CTCACAGCTCCAGTCAGGAG,25,79805
TSS_1414_storz_regulondb,17.9,187,9,CTATTTTTTTATGAATTGAT,178,9073
TSS_1414_storz_regulondb,1.3,21,9,CTATTTGCCACGTAAATTCA,12,14513
TSS_1414_storz_regulondb,1.2,20,9,CTATCGCTGAGCACCGGCAG,11,72878
TSS_1414_storz_regulondb,2.8,36,9,CTATCGCGATGATCTCAGAA,27,79959
TSS_1414_storz_regulondb,0.2,10,9,CTATATCCCCAACGAGCGGA,1,3691
TSS_1414_storz_regulondb,1.4,22,9,CTAGGATATAACTTGTGGAG,13,22518
TSS_1414_storz_regulondb,3.2,40,9,CTAGCAATCGAGACTATCGG,31,17045
TSS_1414_storz_regulondb,3.6,44,9,CTACGTCTCTAGGCGTTTCA,35,39006
TSS_1414_storz_regulondb,0.2,10,9,CGTTTCCTTAGCTTGGGAGA,1,30484
TSS_1414_storz_regulondb,2.0,28,9,CGTTGGTAGGTAAGTCTGGA,19,22532
TSS_1414_storz_regulondb,2.3,31,9,CGTCTTCATGTTCTCGATCA,22,72911
TSS_1414_storz_regulondb,1.4,22,9,CGTCTATAAAGGTTAGGCGC,13,55317
TSS_1414_storz_regulondb,0.2,10,9,CGTAGGGTGTAACCTAGCCG,1,62918
TSS_1414_storz_regulondb,7.0,78,9,CGTACTGAAGTTTTGAAATT,69,80034
TSS_1414_storz_regulondb,1.6,24,9,CGGTCGTCCTGTCCTTGTTC,15,44658
TSS_1414_storz_regulondb,0.9,17,9,CGGGAGCTGGGCTCGCGCGT,8,28510
TSS_1414_storz_regulondb,1.6,24,9,CGGCCCCTACTTTCATGCGC,15,34549
TSS_1414_storz_regulondb,1.7,25,9,CGCGTGGGCTGACTCCCCTG,16,31311
TSS_1414_storz_regulondb,1.8,26,9,CGCGGGATGCTCCCTGACTC,17,71014
TSS_1414_storz_regulondb,1.8,26,9,CGCGAACTACGTAATAGCTA,17,80543
TSS_1414_storz_regulondb,3.4,42,9,CGCCTCAAGGGTAACACGTG,33,39496
TSS_1414_storz_regulondb,2.3,31,9,CGCCGACGACGTTTCGGTAC,22,43242
TSS_1414_storz_regulondb,2.3,31,9,CGCAGTCAAGTGGGCAGCAT,22,56135
TSS_1414_storz_regulondb,2.3,31,9,CGACTCTGTGCCCAGGTATT,22,39826
TSS_1414_storz_regulondb,0.7,15,9,CGAACACGCGTTCGGTCGGC,6,54193
TSS_1414_storz_regulondb,6.4,72,9,CCTTGTTTTCGATTACCGTC,63,53632
TSS_1414_storz_regulondb,2.2,30,9,CCTGATCGTGCTTACCTTTG,21,24629
TSS_1414_storz_regulondb,1.8,26,9,CCTCGGCCCAACGATGGGCA,17,63824
TSS_1414_storz_regulondb,2.0,28,9,CCTCAGATGGACGCGGCTTG,19,14459
TSS_1414_storz_regulondb,4.5,53,9,CCGTACGCCTCCGCTGCTAG,44,39851
TSS_1414_storz_regulondb,1.7,25,9,CCGGACGTCTCACGCGAGCC,16,41532
TSS_1414_storz_regulondb,7.8,86,9,CCGATGTACTTACATGTCTC,77,68463
TSS_1414_storz_regulondb,3.9,47,9,CCGAAAGGTGGAACATTGTA,38,60888
TSS_1414_storz_regulondb,0.8,16,9,CCCTCATGAAGGGTCGCTGG,7,73758
TSS_1414_storz_regulondb,3.3,41,9,CCCGACAATGCGTATCGGAT,32,80884
TSS_1414_storz_regulondb,1.4,22,9,CCCGAAACCGGTCTCAGCTT,13,20187
TSS_1414_storz_regulondb,1.1,19,9,CCATGTGTAGTATACCATTG,10,22340
TSS_1414_storz_regulondb,2.2,30,9,CCAGTACTTACTTACTACAA,21,60007
TSS_1414_storz_regulondb,11.9,127,9,CCAGACCGAGCATCTCAACT,118,7898
TSS_1414_storz_regulondb,2.5,33,9,CCACTATTAGAGTATCCTGC,24,9280
TSS_1414_storz_regulondb,0.2,10,9,CCAACCCAATAGGAGGATGG,1,58450
TSS_1414_storz_regulondb,1.8,26,9,CATCGCGCTTGGCAGTGGTT,17,74531
TSS_1414_storz_regulondb,1.1,19,9,CAGTGGGGACCGGGCGTACC,10,61135
TSS_1414_storz_regulondb,5.1,59,9,CAGTAGAGAGGAGCGGCCCA,50,21805
TSS_1414_storz_regulondb,2.1,29,9,CAGGTGAACTAGGCGGCGGA,20,50668
TSS_1414_storz_regulondb,0.2,10,9,CAGGGTACAGGAAGACGGAC,1,73530
TSS_1414_storz_regulondb,2.1,29,9,CAGGGATGTTGTAACCTCTT,20,26007
TSS_1414_storz_regulondb,0.3,11,9,CAGCCAATTATCCCCGGCGG,2,27900
TSS_1414_storz_regulondb,1.4,22,9,CACTGTCTGGAGCGATCAGG,13,26991
TSS_1414_storz_regulondb,2.7,35,9,CACTACATTTAGGTTTGCCT,26,51745
TSS_1414_storz_regulondb,0.2,10,9,CACGTCTATCGGCGCGCTGT,1,4118
TSS_1414_storz_regulondb,7.5,83,9,CACCGTATGCAACTAAGCGT,74,41129
TSS_1414_storz_regulondb,2.6,34,9,CACCGTAAATATGTTGCGTC,25,6322
TSS_1414_storz_regulondb,3.1,39,9,CACCGCGTCCGACCTAGACA,30,78039
TSS_1414_storz_regulondb,2.1,29,9,CACATTGACCAGTCTATGTT,20,50592
TSS_1414_storz_regulondb,3.5,43,9,CACATAACATTCTGAGTGCT,34,43147
TSS_1414_storz_regulondb,0.7,15,9,CACAGGCTTAACAGCGTCGC,6,30605
TSS_1414_storz_regulondb,1.9,27,9,CAATATGTGAGTGGATGCGG,18,72508
TSS_1414_storz_regulondb,1.9,27,9,CAAGGCAACCATCAAATCAC,18,734
TSS_1414_storz_regulondb,6.8,76,9,CAAGCGACCCACAGCATTTT,67,38186
TSS_1414_storz_regulondb,2.2,30,9,CAAAGCAGCATCAATGTGAA,21,68147
TSS_1414_storz_regulondb,2.1,29,9,ATTTTGATCCCCAGTCAAAC,20,65818
TSS_1414_storz_regulondb,1.3,21,9,ATTTGCGCTTCGAGAGATGC,12,28935
TSS_1414_storz_regulondb,0.2,10,9,ATTTACACGTGTACTAAGAT,1,74495
TSS_1414_storz_regulondb,2.7,35,9,ATTGTCTATCTGGCGATCCA,26,7840
TSS_1414_storz_regulondb,1.7,25,9,ATTCACAGTCCTAGTGTTCG,16,4975
TSS_1414_storz_regulondb,1.9,27,9,ATTCAAAGAAACGGTCATTG,18,55865
TSS_1414_storz_regulondb,2.4,32,9,ATTACCTCATAGGGCTGCAT,23,11395
TSS_1414_storz_regulondb,4.3,51,9,ATTAATGAGGCAGCGTTCGA,42,27456
TSS_1414_storz_regulondb,1.4,22,9,ATGTAAAGCATGGGTAACAC,13,27301
TSS_1414_storz_regulondb,0.2,10,9,ATGGATGCGTGCTAGGGATA,1,34652
TSS_1414_storz_regulondb,27.5,283,9,ATGCGGCATAAATACACGCT,274,80218
TSS_1414_storz_regulondb,7.4,82,9,ATGCGATTATCAGAGCTTAT,73,17692
TSS_1414_storz_regulondb,1.7,25,9,ATGAGAAATGATGTGCATCA,16,1791
TSS_1414_storz_regulondb,1.5,23,9,ATCTATTCTCGGAATTGCTA,14,12170
TSS_1414_storz_regulondb,2.0,28,9,ATCCCAGTATGCGTTAACCC,19,72056
TSS_1414_storz_regulondb,0.2,10,9,ATCAGGCGAAAGGACGCGTT,1,16065
TSS_1414_storz_regulondb,3.2,40,9,ATATTATGTGCAGGTGCTGG,31,56853
TSS_1414_storz_regulondb,0.7,15,9,ATAGTACTTGCCTATAGACA,6,15630
TSS_1414_storz_regulondb,0.2,10,9,ATAGCAGATCTACTGTGAGG,1,37650
TSS_1414_storz_regulondb,6.9,77,9,ATACCCCCCCGTAAGGGCAT,68,51161
TSS_1414_storz_regulondb,1.1,19,9,ATAATATACCCTGCCTAGGT,10,46158
TSS_1414_storz_regulondb,6.2,70,9,ATAAACAGACCGTGATATTC,61,42757
TSS_1414_storz_regulondb,1.8,26,9,AGTTCTCAATTATTCGGATA,17,9335
TSS_1414_storz_regulondb,8.2,90,9,AGTGCTCAATTAAGTGAGAC,81,65926
TSS_1414_storz_regulondb,0.2,10,9,AGTGAGGGTCTCGGGTCCGT,1,9795
TSS_1414_storz_regulondb,2.1,29,9,AGTCGATCAAGAGCCGCCGG,20,72230
TSS_1414_storz_regulondb,5.6,64,9,AGTAGGGCGGGCGCTGGTAT,55,64386
TSS_1414_storz_regulondb,1.6,24,9,AGGTGCATAAGATTTTTTTT,15,22915
TSS_1414_storz_regulondb,11.4,122,9,AGGTCGCACGTATCGGCTGT,113,80211
TSS_1414_storz_regulondb,2.5,33,9,AGGTCATTTTATCATCCGTA,24,56299
TSS_1414_storz_regulondb,1.7,25,9,AGGTAATTCCGATCCCCGGG,16,30329
TSS_1414_storz_regulondb,1.8,26,9,AGGGGGCGCCCTGCTAAGAA,17,68396
TSS_1414_storz_regulondb,1.4,22,9,AGGCAGATAATAACAACGAA,13,14754
TSS_1414_storz_regulondb,0.3,11,9,AGGAAATGGAGTACGCGTGG,2,74316
TSS_1414_storz_regulondb,1.5,23,9,AGCTTGGAGCGCTCATATCC,14,17245
TSS_1414_storz_regulondb,0.9,17,9,AGCTGTTGAAGAAACATCAA,8,50485
TSS_1414_storz_regulondb,9.9,107,9,AGCCGCCAAAACCGAGCGTC,98,26156
TSS_1414_storz_regulondb,3.0,38,9,AGATTTGATACGTCTGCTGG,29,38418
TSS_1414_storz_regulondb,6.8,76,9,AGATGAATGATTCACTGTGA,67,38145
TSS_1414_storz_regulondb,3.1,39,9,AGATCCAGTATTCAATGTAT,30,26800
TSS_1414_storz_regulondb,1.7,25,9,AGAGTACAAGAAAGGCTCCG,16,49312
TSS_1414_storz_regulondb,0.2,10,9,AGAGCAATTGGCATCATCAG,1,47653
TSS_1414_storz_regulondb,1.8,26,9,AGACCACACTCCTGTATCAA,17,20769
TSS_1414_storz_regulondb,0.2,10,9,AGACAGTCCACCCTTACGTC,1,34128
TSS_1414_storz_regulondb,3.7,45,9,ACTTGTGGATGTTTCACGTT,36,31744
TSS_1414_storz_regulondb,4.9,57,9,ACTTCGATCGCTGTTCCAGA,48,12982
TSS_1414_storz_regulondb,2.7,35,9,ACTTACGCTCCGTCTCCGTA,26,15847
TSS_1414_storz_regulondb,0.2,10,9,ACTGCCGGTGCCACACATTG,1,42756
TSS_1414_storz_regulondb,1.4,22,9,ACTAGCCTGACCTTGCATTA,13,59891
TSS_1414_storz_regulondb,2.7,35,9,ACGTGTCAGGGTAAGCCTAA,26,33267
TSS_1414_storz_regulondb,2.9,37,9,ACGTCCTCATCGGAACTATA,28,41982
TSS_1414_storz_regulondb,0.2,10,9,ACGTCCCTCCACTCGCGTTA,1,60652
TSS_1414_storz_regulondb,0.8,16,9,ACGTAAGTAGATTCTATCCA,7,19136
TSS_1414_storz_regulondb,0.2,10,9,ACGCGCTCGTTAAGACACAG,1,29007
TSS_1414_storz_regulondb,1.7,25,9,ACGCGACTGGTCCATTCGGT,16,69407
TSS_1414_storz_regulondb,32.8,336,9,ACGACACACAGCCGTCAAGC,327,75004
TSS_1414_storz_regulondb,5.6,64,9,ACCTATATATTCCTGTAGTA,55,49839
TSS_1414_storz_regulondb,0.6,14,9,ACCCAGCAATTTCTACAGGA,5,43947
TSS_1414_storz_regulondb,6.6,74,9,ACCACTACAGTAAGAATTTC,65,45127
TSS_1414_storz_regulondb,8.6,94,9,ACCACGTTGGCCGCCTGATA,85,57511
TSS_1414_storz_regulondb,1.6,24,9,ACATGGGGTTCCGTCGGGGT,15,65963
TSS_1414_storz_regulondb,2.1,29,9,ACACTCCGTGGCTCTCGCAT,20,27662
TSS_1414_storz_regulondb,0.4,12,9,ACACCGTAAAATATGAAGAA,3,41044
TSS_1414_storz_regulondb,2.9,37,9,ACACCAAGGCTGGTTCGAGT,28,74042
TSS_1414_storz_regulondb,1.4,22,9,ACAAGGATAGCACATCCCAT,13,72905
TSS_1414_storz_regulondb,2.9,37,9,AATTCAAGGGAAAAAGATCT,28,18297
TSS_1414_storz_regulondb,8.6,94,9,AATTAGTTATAATTCGATAC,85,54798
TSS_1414_storz_regulondb,3.4,42,9,AATGTTGACGGATCTGGGAC,33,51620
TSS_1414_storz_regulondb,2.7,35,9,AATGTGTGCCGCTACAAATG,26,13014
TSS_1414_storz_regulondb,0.2,10,9,AATGATCAGATAAATAAATT,1,29585
TSS_1414_storz_regulondb,2.2,30,9,AATACGGCTCACAGGTCAGC,21,2967
TSS_1414_storz_regulondb,2.2,30,9,AAGTCGGACGAGCACGAGTG,21,7386
TSS_1414_storz_regulondb,0.2,10,9,AAGTACTAAACAGGCGAACA,1,30693
TSS_1414_storz_regulondb,1.4,22,9,AAGGCCCCCGTTTAACTGCT,13,10473
TSS_1414_storz_regulondb,3.4,42,9,AAGAGCGCGGAATTAGAACT,33,69764
TSS_1414_storz_regulondb,1.0,18,9,AAGAACAGTTCATAGTGTAC,9,5041
TSS_1414_storz_regulondb,1.5,23,9,AACTGCTGTTGCATTGTTGA,14,20029
TSS_1414_storz_regulondb,4.4,52,9,AACCTGTAGGCTAGATTGTA,43,33336
TSS_1414_storz_regulondb,0.2,10,9,AACCTGGAATCCCGGGTTGC,1,31992
TSS_1414_storz_regulondb,27.9,287,9,AACCCGGGCCTTCAACCTGT,278,80771
TSS_1414_storz_regulondb,0.8,16,9,AACATAATATTTTCTGATGA,7,18170
TSS_1414_storz_regulondb,1.3,21,9,AACAAACCGCCTAAGGGTTT,12,63609
TSS_1414_storz_regulondb,2.5,33,9,AAAGTGGTAACCGTCACTCA,24,20750
TSS_1414_storz_regulondb,2.3,31,9,AAAGGTGCCACTCTGAAAAG,22,12001
TSS_1414_storz_regulondb,0.4,12,9,AAAGAATACCTGCTTCCCAA,3,49133
TSS_1414_storz_regulondb,2.9,37,9,AAAATTACCATACCCGACGT,28,52675
TSS_1414_storz_regulondb,1.5,23,9,AAAATATATCTGTGGCGGAC,14,38868
TSS_1414_storz_regulondb,4.3,51,9,AAAATAAAGGTAATGAACGG,42,57564
TSS_1414_storz_regulondb,2.1,29,9,AAAAATGACTGACGCAACTA,20,68046
TSS_1414_storz_regulondb,4.777777777777778,50,8,TTTTTAGGCAAGTTTCATCA,42,27126
TSS_1414_storz_regulondb,0.2222222222222222,9,8,TTTTATGAGGTCGCAATCGT,1,60938
TSS_1414_storz_regulondb,0.2222222222222222,9,8,TTTCTGCTTTGTCTCAGTGT,1,69234
TSS_1414_storz_regulondb,1.6666666666666667,22,8,TTTCGGGAGCCGGCTTTCGG,14,35351
TSS_1414_storz_regulondb,0.7777777777777778,14,8,TTTCACAGGAAATGAGTATC,6,61529
TSS_1414_storz_regulondb,4.0,43,8,TTTATTCGGTCAGGGGAAAT,35,44537
TSS_1414_storz_regulondb,3.2222222222222223,36,8,TTTATGAGGGGCCGCGCACT,28,62776
TSS_1414_storz_regulondb,4.777777777777778,50,8,TTGGAGGCTCGGATCTTAAT,42,3661
TSS_1414_storz_regulondb,2.888888888888889,33,8,TTGATCAAGCGGCCTACTTA,25,32198
TSS_1414_storz_regulondb,4.666666666666667,49,8,TTGACAGATTTCGAATTCCT,41,15004
TSS_1414_storz_regulondb,5.0,52,8,TTCTTGCATGGATTGTCAAG,44,67043
TSS_1414_storz_regulondb,0.8888888888888888,15,8,TTCTAGTCTGGACATGCTAT,7,57222
TSS_1414_storz_regulondb,7.555555555555555,75,8,TTCTAAACGGAACCGCTAAT,67,13399
TSS_1414_storz_regulondb,0.2222222222222222,9,8,TTCGGGAAAAGCGATATTCG,1,61975
TSS_1414_storz_regulondb,1.4444444444444444,20,8,TTCGAACTAAACTCACTGCC,12,56190
TSS_1414_storz_regulondb,3.0,34,8,TTCATCTATGGTCGTCGTAG,26,34317
TSS_1414_storz_regulondb,1.3333333333333333,19,8,TTCAGGCTGCTAGTTTCCAT,11,68401
TSS_1414_storz_regulondb,2.3333333333333335,28,8,TTATTAGCATAATTCGCATC,20,23271
TSS_1414_storz_regulondb,3.6666666666666665,40,8,TTAGGACGAACACATCACTA,32,33959
TSS_1414_storz_regulondb,5.555555555555555,57,8,TTACAAAATCGAAGGCCAGC,49,32656
TSS_1414_storz_regulondb,4.444444444444445,47,8,TTAATGCTCTCAAACTTGTA,39,17381
TSS_1414_storz_regulondb,1.6666666666666667,22,8,TGTTGGGCAAGAAACAGAGG,14,27739
TSS_1414_storz_regulondb,3.0,34,8,TGTGTAGCGGCTATAATGAT,26,32323
TSS_1414_storz_regulondb,2.3333333333333335,28,8,TGTCAGTATCATGAAGGGAT,20,68814
TSS_1414_storz_regulondb,2.4444444444444446,29,8,TGTCAGCTAGTCCTGTCTTT,21,52505
TSS_1414_storz_regulondb,4.333333333333333,46,8,TGTCAGAGACCAAAGTATTG,38,25700
TSS_1414_storz_regulondb,4.0,43,8,TGTAGCTTGGACTCTTTAGT,35,79883
TSS_1414_storz_regulondb,2.6666666666666665,31,8,TGTAATGCGTATCAGCTGCT,23,46093
TSS_1414_storz_regulondb,3.0,34,8,TGTAACTTCCATCTAGGATT,26,38182
TSS_1414_storz_regulondb,2.111111111111111,26,8,TGGTAGATGGATCTTGCACT,18,71253
TSS_1414_storz_regulondb,1.1111111111111112,17,8,TGGGACTTAATTTCTACGGA,9,9622
TSS_1414_storz_regulondb,4.666666666666667,49,8,TGGCTCATTATCGGATAAGG,41,3359
TSS_1414_storz_regulondb,3.6666666666666665,40,8,TGGCTAGCACGGTTAACCAT,32,6689
TSS_1414_storz_regulondb,0.4444444444444444,11,8,TGGATGCTAGAATTTTTGGA,3,75260
TSS_1414_storz_regulondb,2.888888888888889,33,8,TGGAACTCGTTGTAGAATTA,25,4940
TSS_1414_storz_regulondb,4.0,43,8,TGCTTGTTCCAGACATCGTA,35,73126
TSS_1414_storz_regulondb,4.0,43,8,TGCTTGCGAGGTAGGCTCTG,35,74314
TSS_1414_storz_regulondb,1.0,16,8,TGCGTTAAAAAAAATGATTC,8,19915
TSS_1414_storz_regulondb,1.6666666666666667,22,8,TGCGTAGTTTCGGCACAGAC,14,66998
TSS_1414_storz_regulondb,4.555555555555555,48,8,TGCGACCTCGTAAAGAAACT,40,17308
TSS_1414_storz_regulondb,2.3333333333333335,28,8,TGCATGCCCCGCTCTAACGT,20,14825
TSS_1414_storz_regulondb,3.888888888888889,42,8,TGCAGTATACGCACTCGGCT,34,39817
TSS_1414_storz_regulondb,5.333333333333333,55,8,TGATACGTCTGTTCGTTCCA,47,55523
TSS_1414_storz_regulondb,3.5555555555555554,39,8,TGAGAGGTAGTCCGCCGATC,31,39611
TSS_1414_storz_regulondb,5.222222222222222,54,8,TGAGAAGGAAGAACTAGCTC,46,46463
TSS_1414_storz_regulondb,1.7777777777777777,23,8,TGACGCGCTGCCATAAATCA,15,39446
TSS_1414_storz_regulondb,2.5555555555555554,30,8,TGACCCGAGTACCTACTGGC,22,70897
TSS_1414_storz_regulondb,2.3333333333333335,28,8,TGACAACGTGAGTGGCCCAT,20,1502
TSS_1414_storz_regulondb,7.0,70,8,TCTGTCAGCCTGTGGTTCTT,62,47728
TSS_1414_storz_regulondb,0.6666666666666666,13,8,TCTCTATCTCCTTTCGCAAC,5,65597
TSS_1414_storz_regulondb,2.7777777777777777,32,8,TCTCGTCCTGATTTGGTAAC,24,38249
TSS_1414_storz_regulondb,4.333333333333333,46,8,TCTCAAGGAAAGGTTGTACA,38,63911
TSS_1414_storz_regulondb,5.111111111111111,53,8,TCGTCGCTTGCGACACTGCA,45,50630
TSS_1414_storz_regulondb,2.2222222222222223,27,8,TCGGCATTTTCGTTGTCCTT,19,65594
TSS_1414_storz_regulondb,2.111111111111111,26,8,TCGCTCCGTGTAACCGAGGT,18,3765
TSS_1414_storz_regulondb,2.2222222222222223,27,8,TCGCCTCATGTTCTTCTGAT,19,15072
TSS_1414_storz_regulondb,2.7777777777777777,32,8,TCGCATTATACGCGGACGGG,24,22347
TSS_1414_storz_regulondb,2.4444444444444446,29,8,TCGAGTTTACCGCGCGTCAG,21,41141
TSS_1414_storz_regulondb,0.2222222222222222,9,8,TCCTCGGTTACTTCAGTCTC,1,22343
TSS_1414_storz_regulondb,0.2222222222222222,9,8,TCCTCACGGTGACTAGCTCT,1,40737
TSS_1414_storz_regulondb,1.0,16,8,TCCTCAATCCCGCTTCGCAT,8,61295
TSS_1414_storz_regulondb,18.0,169,8,TCCCGAAGCGCAACGGGCAA,161,5374
TSS_1414_storz_regulondb,0.2222222222222222,9,8,TCATTTCGTCATCTTGACAA,1,59846
TSS_1414_storz_regulondb,1.7777777777777777,23,8,TCATTGGGATAGAGCTTTGA,15,27585
TSS_1414_storz_regulondb,1.8888888888888888,24,8,TCATGGGCGTGAGGGGGGCA,16,617
TSS_1414_storz_regulondb,5.222222222222222,54,8,TCATGAGCGTGTGTGTATGC,46,67553
TSS_1414_storz_regulondb,3.7777777777777777,41,8,TCACCACATAAGAATTTCTA,33,36864
TSS_1414_storz_regulondb,2.111111111111111,26,8,TCAAGCTCCCCCCGATGACC,18,80934
TSS_1414_storz_regulondb,3.888888888888889,42,8,TATTTGCCGGCCACTGGCAT,34,8492
TSS_1414_storz_regulondb,0.2222222222222222,9,8,TATGCGGGCCTTAGCGGGAC,1,40526
TSS_1414_storz_regulondb,4.222222222222222,45,8,TATCGGGGACCGAAAGGAGA,37,23490
TSS_1414_storz_regulondb,2.7777777777777777,32,8,TATCATCATTAGGACCTTTT,24,49748
TSS_1414_storz_regulondb,2.0,25,8,TATATGGCTTCTACATTACA,17,8144
TSS_1414_storz_regulondb,0.2222222222222222,9,8,TATACCATGAGACATGTAAT,1,48322
TSS_1414_storz_regulondb,2.3333333333333335,28,8,TAGGTCCGGCCGGCACCGTG,20,53957
TSS_1414_storz_regulondb,2.3333333333333335,28,8,TAGGGATACGTTGGCCACTC,20,2385
TSS_1414_storz_regulondb,2.2222222222222223,27,8,TAGGCAGGGGCAATGGCAAG,19,13773
TSS_1414_storz_regulondb,0.2222222222222222,9,8,TAGCTCTAACCGCGACACCG,1,64434
TSS_1414_storz_regulondb,3.0,34,8,TAGCGCTATTGCCGCTGGCA,26,68269
TSS_1414_storz_regulondb,1.6666666666666667,22,8,TAGAGCTTGCGGCGTACTAC,14,66367
TSS_1414_storz_regulondb,1.0,16,8,TAGACAAAGGGTCTCCCCAT,8,3591
TSS_1414_storz_regulondb,2.5555555555555554,30,8,TAGAAATCGACGGTCGCGGT,22,62457
TSS_1414_storz_regulondb,1.8888888888888888,24,8,TAGAAAGCGGTGTATTGAGC,16,7918
TSS_1414_storz_regulondb,0.2222222222222222,9,8,TACTGGGAAATTTGCGGTGC,1,33363
TSS_1414_storz_regulondb,10.666666666666666,103,8,TACCTTATTACAGTTATTTG,95,5386
TSS_1414_storz_regulondb,2.2222222222222223,27,8,TAATTCCCCCTGCGGCTCGA,19,48768
TSS_1414_storz_regulondb,1.0,16,8,TAATATTTGAGCCGAGCCTA,8,58046
TSS_1414_storz_regulondb,1.2222222222222223,18,8,TAATATAATACAAGTTCCGA,10,25186
TSS_1414_storz_regulondb,3.3333333333333335,37,8,TAAGTTTAATCGCTCATGCA,29,77280
TSS_1414_storz_regulondb,2.4444444444444446,29,8,TAACTCCGCTTCAGGGACAT,21,5688
TSS_1414_storz_regulondb,0.2222222222222222,9,8,GTTTGGCCATGGCATTAAAC,1,18631
TSS_1414_storz_regulondb,8.0,79,8,GTTTCTCTCCCCCAATGCCC,71,1124
TSS_1414_storz_regulondb,0.2222222222222222,9,8,GTTTAATAGTCCGTCACAGA,1,70081
TSS_1414_storz_regulondb,2.5555555555555554,30,8,GTTGCCAGGCCTGCTATAAT,22,10138
TSS_1414_storz_regulondb,3.111111111111111,35,8,GTTGATCTTCGTCATGGAGC,27,46114
TSS_1414_storz_regulondb,1.1111111111111112,17,8,GTTCCTTGAGGGACCACAGC,9,51408
TSS_1414_storz_regulondb,2.111111111111111,26,8,GTTACGCGGTCTGTCTCCAT,18,20872
TSS_1414_storz_regulondb,3.888888888888889,42,8,GTTACACTGACATCACGGCT,34,53041
TSS_1414_storz_regulondb,0.3333333333333333,10,8,GTGTTCAACCGCTTAAGCCA,2,12205
TSS_1414_storz_regulondb,2.3333333333333335,28,8,GTGTCTGTAGTGCTTGCAAA,20,22910
TSS_1414_storz_regulondb,3.3333333333333335,37,8,GTGTCCTCCCCGAATCCTGC,29,2604
TSS_1414_storz_regulondb,0.2222222222222222,9,8,GTGTCCACCTGCTAGCTCCT,1,36798
TSS_1414_storz_regulondb,1.3333333333333333,19,8,GTGGGTTCCTTAGAGGGTGG,11,76112
TSS_1414_storz_regulondb,5.333333333333333,55,8,GTGGATTTTACAGGGTTATA,47,22904
TSS_1414_storz_regulondb,2.6666666666666665,31,8,GTGGAGAAACCGTTAGTCCT,23,18903
TSS_1414_storz_regulondb,2.5555555555555554,30,8,GTGATTTGATCTGGAGAGCT,22,78898
TSS_1414_storz_regulondb,3.888888888888889,42,8,GTGAGGGGGATCAACCGCAA,34,47136
TSS_1414_storz_regulondb,0.7777777777777778,14,8,GTGAGCTAACAGGGGTAATT,6,29178
TSS_1414_storz_regulondb,3.7777777777777777,41,8,GTGACGCGGCAATAACGGGA,33,49824
TSS_1414_storz_regulondb,4.555555555555555,48,8,GTCTTATTGCGGATCCGACA,40,50695
TSS_1414_storz_regulondb,5.888888888888889,60,8,GTCGTGAGGATTCGTCACGA,52,6973
TSS_1414_storz_regulondb,4.888888888888889,51,8,GTCCAGGACCCTACATAGGC,43,15995
TSS_1414_storz_regulondb,1.5555555555555556,21,8,GTCACATAGGCGAGCATGTA,13,21832
TSS_1414_storz_regulondb,1.5555555555555556,21,8,GTAACGGACCTGAGAGCTAA,13,69610
TSS_1414_storz_regulondb,1.4444444444444444,20,8,GTAAAGATGGAAGGTAGGTC,12,17693
TSS_1414_storz_regulondb,2.111111111111111,26,8,GGTTTATAAGTGCTGATAGT,18,16298
TSS_1414_storz_regulondb,2.6666666666666665,31,8,GGTGACCTCAGAGCATCGTA,23,38220
TSS_1414_storz_regulondb,2.2222222222222223,27,8,GGTCTGTTGATCTCTGAGAT,19,39092
TSS_1414_storz_regulondb,2.4444444444444446,29,8,GGTCCCAACCCAGCGACATC,21,1007
TSS_1414_storz_regulondb,2.111111111111111,26,8,GGTCAGCCGATCATCGGTAA,18,68395
TSS_1414_storz_regulondb,1.3333333333333333,19,8,GGTCACACTCTAGCATTTCT,11,79057
TSS_1414_storz_regulondb,1.5555555555555556,21,8,GGTAGGCAGTGCCAAAAATC,13,26811
TSS_1414_storz_regulondb,2.6666666666666665,31,8,GGGGCAAAGTTCGTGACCCA,23,77909
TSS_1414_storz_regulondb,1.8888888888888888,24,8,GGGGAATCGAGTCTATTGCG,16,24300
TSS_1414_storz_regulondb,0.8888888888888888,15,8,GGGCTGCAAGCGGCACTCTT,7,38046
TSS_1414_storz_regulondb,2.888888888888889,33,8,GGCTTTGCGTGGCCGGTGCT,25,29657
TSS_1414_storz_regulondb,2.4444444444444446,29,8,GGCTCAGCGGTCAGAATGCA,21,35741
TSS_1414_storz_regulondb,2.6666666666666665,31,8,GGCGTGGCCTCCGAAGGTGC,23,77553
TSS_1414_storz_regulondb,0.2222222222222222,9,8,GGCCAGATACAGGTTCTGGG,1,203
TSS_1414_storz_regulondb,4.666666666666667,49,8,GGATTAACCTGGAAGAGTGG,41,79120
TSS_1414_storz_regulondb,5.555555555555555,57,8,GGATGTAATCAGGGCTGAGG,49,12186
TSS_1414_storz_regulondb,1.8888888888888888,24,8,GGATGGATACACGTGTGGAT,16,64531
TSS_1414_storz_regulondb,0.6666666666666666,13,8,GGATAAGGCTAAATGTTGCA,5,75380
TSS_1414_storz_regulondb,0.2222222222222222,9,8,GGAGCTTGCATGTCAATTAC,1,25953
TSS_1414_storz_regulondb,7.111111111111111,71,8,GGAGACGTATATCTATACTA,63,27454
TSS_1414_storz_regulondb,5.333333333333333,55,8,GGACATGCTCAGAGAGCCTG,47,49344
TSS_1414_storz_regulondb,2.7777777777777777,32,8,GGAATATCCTTAGTTCGACT,24,41158
TSS_1414_storz_regulondb,7.888888888888889,78,8,GCTGGACCAGGGGACTATCA,70,79517
TSS_1414_storz_regulondb,3.3333333333333335,37,8,GCTCTTCAATCTATTTCTGG,29,56966
TSS_1414_storz_regulondb,0.2222222222222222,9,8,GCTCGTGCTTTAGTGGGATT,1,71042
TSS_1414_storz_regulondb,1.2222222222222223,18,8,GCTATTGAATCGTTTTCTGA,10,22576
TSS_1414_storz_regulondb,0.6666666666666666,13,8,GCTAGGTGGTCGCATTAGGT,5,1149
TSS_1414_storz_regulondb,4.666666666666667,49,8,GCGTCACAGCAGTCTGACTC,41,37068
TSS_1414_storz_regulondb,0.8888888888888888,15,8,GCGGTCGCCTAGAATTGCCT,7,941
TSS_1414_storz_regulondb,1.8888888888888888,24,8,GCGGATGGTTGCCGTAGGGT,16,12620
TSS_1414_storz_regulondb,1.1111111111111112,17,8,GCCGCGAGGTGTACCTATAT,9,79383
TSS_1414_storz_regulondb,2.111111111111111,26,8,GCCCCAAGCGTCAAGGTTGC,18,69295
TSS_1414_storz_regulondb,2.3333333333333335,28,8,GCCATTGGAAATCACCTTGA,20,68985
TSS_1414_storz_regulondb,2.6666666666666665,31,8,GCCATTGCTGCTTGGGTAGT,23,16011
TSS_1414_storz_regulondb,1.6666666666666667,22,8,GCATTACATGAGTTGTCGGA,14,13855
TSS_1414_storz_regulondb,2.2222222222222223,27,8,GCACGTCGCCCTACGCGCGA,19,51455
TSS_1414_storz_regulondb,1.6666666666666667,22,8,GCACAGGAGGGCAAGAAATT,14,36872
TSS_1414_storz_regulondb,1.5555555555555556,21,8,GCAAACTCCATACGTACATT,13,33749
TSS_1414_storz_regulondb,1.3333333333333333,19,8,GATTGATGCCAAGGTAGGGT,11,50576
TSS_1414_storz_regulondb,3.3333333333333335,37,8,GATCTTGCGCAAAAAGGTCT,29,42088
TSS_1414_storz_regulondb,2.888888888888889,33,8,GATCATTTTGTGAGCATTCC,25,44797
TSS_1414_storz_regulondb,1.1111111111111112,17,8,GATATTAATTAAGGTTGAGA,9,6318
TSS_1414_storz_regulondb,44.44444444444444,407,8,GATAGGATATTCACATGCGA,399,52720
TSS_1414_storz_regulondb,5.777777777777778,59,8,GAGGGTGGCTTATCCATCAG,51,17593
TSS_1414_storz_regulondb,1.7777777777777777,23,8,GAGGGTGCCGCCAGCAGAAG,15,29813
TSS_1414_storz_regulondb,4.111111111111111,44,8,GAGCTACTCCTCCGATTTTA,36,9659
TSS_1414_storz_regulondb,2.2222222222222223,27,8,GAGCGCTGGCTCCACCCCCA,19,51185
TSS_1414_storz_regulondb,23.22222222222222,216,8,GAGCGAGAGCGTTGGTCACA,208,50992
TSS_1414_storz_regulondb,4.333333333333333,46,8,GAGAACTATCGGTATGAACA,38,396
TSS_1414_storz_regulondb,1.1111111111111112,17,8,GACTTAATAGGGGTCCCTTA,9,37993
TSS_1414_storz_regulondb,2.4444444444444446,29,8,GACTAGCCAAGTGGCGGTGC,21,68944
TSS_1414_storz_regulondb,3.111111111111111,35,8,GACTAGATAAGTGTATGAAT,27,41935
TSS_1414_storz_regulondb,3.0,34,8,GACTACCGCCCTGATACAGC,26,35553
TSS_1414_storz_regulondb,4.222222222222222,45,8,GACGTATGACAGACCGACCT,37,59535
TSS_1414_storz_regulondb,4.888888888888889,51,8,GACAAGGGGCAAAGACCCAT,43,48248
TSS_1414_storz_regulondb,2.0,25,8,GAAAGCGCCCTGTGCTCTGT,17,25379
TSS_1414_storz_regulondb,0.2222222222222222,9,8,GAAAGAATTTTCTTTCAGGT,1,15518
TSS_1414_storz_regulondb,2.2222222222222223,27,8,GAAACCAGGTGCACATATAG,19,33532
TSS_1414_storz_regulondb,11.0,106,8,CTTTCGAGCCTATTCCATCT,98,78122
TSS_1414_storz_regulondb,6.111111111111111,62,8,CTTCCCGGGTAGGATCCGGT,54,44411
TSS_1414_storz_regulondb,2.6666666666666665,31,8,CTTATGAGTCAGCTGGGCCA,23,8202
TSS_1414_storz_regulondb,1.7777777777777777,23,8,CTTAATCGGGGGAGTGCGCC,15,16616
TSS_1414_storz_regulondb,0.6666666666666666,13,8,CTTAACCCTTATTCACTAAT,5,53135
TSS_1414_storz_regulondb,5.333333333333333,55,8,CTGTTTATCAGATCGGACGT,47,45418
TSS_1414_storz_regulondb,2.0,25,8,CTGTTGGGCACACTACCAAC,17,10611
TSS_1414_storz_regulondb,5.666666666666667,58,8,CTGTGATTTCGTTTATGGGG,50,27687
TSS_1414_storz_regulondb,0.2222222222222222,9,8,CTGTATAGATAGACGCCACA,1,74063
TSS_1414_storz_regulondb,0.2222222222222222,9,8,CTGGGCAATTGGAAACTGCA,1,21650
TSS_1414_storz_regulondb,10.11111111111111,98,8,CTGGCGGATTTGAGTGTTCA,90,69169
TSS_1414_storz_regulondb,1.0,16,8,CTGCTGTCCATATTCAGGCG,8,64596
TSS_1414_storz_regulondb,3.111111111111111,35,8,CTCGATAAACATATCCAAAC,27,20832
TSS_1414_storz_regulondb,1.2222222222222223,18,8,CTCGACGGCAGTAATCACCT,10,70696
TSS_1414_storz_regulondb,0.5555555555555556,12,8,CTCCATACCTCCCTCGACGA,4,63830
TSS_1414_storz_regulondb,7.333333333333333,73,8,CTAGGCACCTTCCGGTGGCG,65,29478
TSS_1414_storz_regulondb,2.5555555555555554,30,8,CTACCGAATCCATTACCTGA,22,28046
TSS_1414_storz_regulondb,0.2222222222222222,9,8,CGTGGCCTAGGAAGTAACTA,1,52273
TSS_1414_storz_regulondb,2.888888888888889,33,8,CGTGCTGCCTATTGGCAACA,25,17456
TSS_1414_storz_regulondb,2.6666666666666665,31,8,CGTGCCTGAATTTAAAGAGG,23,6197
TSS_1414_storz_regulondb,4.333333333333333,46,8,CGTGACCTGAGGGACACTAT,38,56514
TSS_1414_storz_regulondb,0.2222222222222222,9,8,CGTGACCGCCGGGCCGAAAT,1,72421
TSS_1414_storz_regulondb,3.7777777777777777,41,8,CGTCGCGGGTTGTGTTAAAC,33,18752
TSS_1414_storz_regulondb,2.3333333333333335,28,8,CGTCCTGGAGGACCCGCCGT,20,46197
TSS_1414_storz_regulondb,4.777777777777778,50,8,CGGGTGGAGCTGTTCTGCCG,42,61019
TSS_1414_storz_regulondb,1.0,16,8,CGGGACGATAAGGCCATATT,8,35895
TSS_1414_storz_regulondb,3.111111111111111,35,8,CGGATCTTGATTAACGGAGA,27,72610
TSS_1414_storz_regulondb,4.555555555555555,48,8,CGGACAAAACCCGGTAAAGA,40,69996
TSS_1414_storz_regulondb,3.111111111111111,35,8,CGCTTCTGACACGAATGCGA,27,26938
TSS_1414_storz_regulondb,5.222222222222222,54,8,CGCTGATAAGGTGTCCGGTT,46,69692
TSS_1414_storz_regulondb,8.333333333333334,82,8,CGCGGCGGCGAAAGAAAGGA,74,38151
TSS_1414_storz_regulondb,3.3333333333333335,37,8,CGCCACGTCGATATCGGTCG,29,28702
TSS_1414_storz_regulondb,0.2222222222222222,9,8,CGCATTCTACCGCCAGCATA,1,21918
TSS_1414_storz_regulondb,0.2222222222222222,9,8,CGATTTGCGGCGAAGCAAGT,1,61997
TSS_1414_storz_regulondb,2.3333333333333335,28,8,CGAGTGTGGCCTTCACAGCA,20,5098
TSS_1414_storz_regulondb,0.8888888888888888,15,8,CGAGCGGCTAACCTACATGC,7,19553
TSS_1414_storz_regulondb,0.2222222222222222,9,8,CGAGCGCCAAAGGAGCAGAC,1,53608
TSS_1414_storz_regulondb,2.5555555555555554,30,8,CGACCCTCAATACGTTCCGT,22,78575
TSS_1414_storz_regulondb,2.4444444444444446,29,8,CGAATTCAGGGCTTTTGGGG,21,46156
TSS_1414_storz_regulondb,1.7777777777777777,23,8,CGAAAGGGTCGCCTGATTGC,15,25905
TSS_1414_storz_regulondb,1.1111111111111112,17,8,CCTGATACATACATATGGAC,9,75243
TSS_1414_storz_regulondb,0.2222222222222222,9,8,CCTGAATTGGTAGGGCGAGA,1,66422
TSS_1414_storz_regulondb,0.2222222222222222,9,8,CCTCTTTATGTCAAAGAATT,1,48412
TSS_1414_storz_regulondb,7.777777777777778,77,8,CCTATAGTACTCAGATCCCT,69,9924
TSS_1414_storz_regulondb,4.666666666666667,49,8,CCTAGCCTAGCGGGCCAGCT,41,29725
TSS_1414_storz_regulondb,1.4444444444444444,20,8,CCGTCGGCTAATGTATACCT,12,54492
TSS_1414_storz_regulondb,2.3333333333333335,28,8,CCGGACGAGAACTGGCCCTG,20,13334
TSS_1414_storz_regulondb,4.222222222222222,45,8,CCCCAGCTTTAGCGTTAAAC,37,50932
TSS_1414_storz_regulondb,13.88888888888889,132,8,CCAGTGAGCGGTGACAGTCT,124,27520
TSS_1414_storz_regulondb,0.2222222222222222,9,8,CCACTCTCGGTTCCGATTCC,1,1612
TSS_1414_storz_regulondb,5.444444444444445,56,8,CCAAATAGTATAACTTGTGG,48,13951
TSS_1414_storz_regulondb,4.111111111111111,44,8,CATTGCACGTTTCTGAGGAG,36,34790
TSS_1414_storz_regulondb,0.3333333333333333,10,8,CATCGGGCCTCTTAGGCGTA,2,61607
TSS_1414_storz_regulondb,2.4444444444444446,29,8,CATCCGGTTGCCCTCCACCA,21,60865
TSS_1414_storz_regulondb,0.2222222222222222,9,8,CATCCGGATTGCGGCTTAGG,1,22236
TSS_1414_storz_regulondb,2.0,25,8,CATCAATACAACACTCGTCG,17,80017
TSS_1414_storz_regulondb,3.111111111111111,35,8,CATATAGAAATCAGTTGGGC,27,9576
TSS_1414_storz_regulondb,4.888888888888889,51,8,CATACGCTGGGCGGGGTAGA,43,38152
TSS_1414_storz_regulondb,1.5555555555555556,21,8,CAGTTACTCGATAGATGATA,13,51612
TSS_1414_storz_regulondb,0.4444444444444444,11,8,CAGGTGCCCCTCCATTAGAG,3,29608
TSS_1414_storz_regulondb,2.888888888888889,33,8,CAGGTCGATTTTTTACGCGT,25,9007
TSS_1414_storz_regulondb,2.3333333333333335,28,8,CAGGCACTGGACGTGGACAA,20,15940
TSS_1414_storz_regulondb,3.111111111111111,35,8,CAGAGCCCCATGATATGGTT,27,76883
TSS_1414_storz_regulondb,8.777777777777779,86,8,CACTTCCTATGAACAAGGAT,78,73022
TSS_1414_storz_regulondb,0.2222222222222222,9,8,CACTTCAGGGGCGTTTATCA,1,6039
TSS_1414_storz_regulondb,1.6666666666666667,22,8,CACTAAGGCGGCTGGCTTAA,14,55616
TSS_1414_storz_regulondb,2.888888888888889,33,8,CACGGAGTAACAAGAGGTTA,25,32000
TSS_1414_storz_regulondb,1.7777777777777777,23,8,CACGCTGCTTAACGCATGTA,15,53068
TSS_1414_storz_regulondb,9.88888888888889,96,8,CACGCAACAAGGGTGCGCTA,88,44802
TSS_1414_storz_regulondb,1.4444444444444444,20,8,CACCGTAGCGAGTGGAGAGC,12,27842
TSS_1414_storz_regulondb,1.1111111111111112,17,8,CACATGCCGTGCCTTCGTTA,9,75564
TSS_1414_storz_regulondb,6.111111111111111,62,8,CAAGGCATATGAGCACGTTC,54,64335
TSS_1414_storz_regulondb,5.111111111111111,53,8,CAAGACCGGGTTCGACCATG,45,35260
TSS_1414_storz_regulondb,1.3333333333333333,19,8,CAACTCGTTGTTGTATCATA,11,79405
TSS_1414_storz_regulondb,1.4444444444444444,20,8,CAACGATAGACATTGGTACG,12,25621
TSS_1414_storz_regulondb,4.888888888888889,51,8,CAAAAGATACTGAAGTCAAT,43,52621
TSS_1414_storz_regulondb,1.8888888888888888,24,8,ATTTTGTGACGACGTACGAG,16,21819
TSS_1414_storz_regulondb,34.44444444444444,317,8,ATTTATGATATAGATTAGGT,309,51029
TSS_1414_storz_regulondb,2.3333333333333335,28,8,ATTTAGGTTCTGCTTGTATA,20,32233
TSS_1414_storz_regulondb,0.4444444444444444,11,8,ATTTAAGCCTGTCCTGGGAC,3,23043
TSS_1414_storz_regulondb,0.2222222222222222,9,8,ATTGTTATGGGCATCTGCTA,1,62291
TSS_1414_storz_regulondb,4.555555555555555,48,8,ATTGTAGGTTCATGTTCTAG,40,42056
TSS_1414_storz_regulondb,3.5555555555555554,39,8,ATTATAGGTATCCATTGCCT,31,11708
TSS_1414_storz_regulondb,12.444444444444445,119,8,ATTAGACTTTAGGTCGGTAC,111,54769
TSS_1414_storz_regulondb,3.5555555555555554,39,8,ATGGGAGACCGGTTGTCTGG,31,59040
TSS_1414_storz_regulondb,0.3333333333333333,10,8,ATGGAGATCACCTGGTTCTG,2,48641
TSS_1414_storz_regulondb,1.5555555555555556,21,8,ATGCACACTCTTTCAGGTTA,13,42350
TSS_1414_storz_regulondb,0.2222222222222222,9,8,ATGAGGGACGGCTCGCGAGT,1,8012
TSS_1414_storz_regulondb,3.2222222222222223,36,8,ATGACTTCTGGAGAGTCTTG,28,73894
TSS_1414_storz_regulondb,2.6666666666666665,31,8,ATGACGTAATTTTGGATGAT,23,22210
TSS_1414_storz_regulondb,1.7777777777777777,23,8,ATGAAGTAAAGATCTCACAC,15,76266
TSS_1414_storz_regulondb,3.4444444444444446,38,8,ATCTTTTTCATAGTTTGTCC,30,22371
TSS_1414_storz_regulondb,5.111111111111111,53,8,ATCTCTTACCCGGGAAGTTA,45,56489
TSS_1414_storz_regulondb,49.55555555555556,453,8,ATCGTATACCCGTACGCACA,445,38498
TSS_1414_storz_regulondb,0.2222222222222222,9,8,ATCCTCACGACTAAGCGGCC,1,73998
TSS_1414_storz_regulondb,5.888888888888889,60,8,ATCCCTCTGAAAATATATCT,52,37207
TSS_1414_storz_regulondb,1.2222222222222223,18,8,ATCCCATCAACAGAAAATCA,10,67708
TSS_1414_storz_regulondb,2.4444444444444446,29,8,ATCCATCCAAACGGGGGAGA,21,73843
TSS_1414_storz_regulondb,3.6666666666666665,40,8,ATCAGGTATAACCTTCAGTG,32,31242
TSS_1414_storz_regulondb,3.7777777777777777,41,8,ATATTTATCACCACGCCGAC,33,49488
TSS_1414_storz_regulondb,4.777777777777778,50,8,ATATGGATCTGTTGTAAATT,42,14985
TSS_1414_storz_regulondb,1.4444444444444444,20,8,ATATCGGGGACGATGAGTAG,12,19197
TSS_1414_storz_regulondb,1.8888888888888888,24,8,ATATCACCGGCGTGGTTCAC,16,30850
TSS_1414_storz_regulondb,0.2222222222222222,9,8,ATAGCAGCTACGTTTTGGAG,1,51083
TSS_1414_storz_regulondb,6.222222222222222,63,8,ATACCGGTGTACCCACTTCC,55,17938
TSS_1414_storz_regulondb,1.4444444444444444,20,8,ATACATACCAGCTGGTACCA,12,52627
TSS_1414_storz_regulondb,1.5555555555555556,21,8,ATAACCGGCTACCTTCCCAT,13,53034
TSS_1414_storz_regulondb,5.333333333333333,55,8,AGTTAGCGCTAGTAACGTGA,47,12925
TSS_1414_storz_regulondb,2.3333333333333335,28,8,AGTCATTCATAGGCAGTAAT,20,13377
TSS_1414_storz_regulondb,8.88888888888889,87,8,AGTCAGAGTAGCCTGCGCGA,79,29134
TSS_1414_storz_regulondb,4.777777777777778,50,8,AGTCAGAGCGGAATGTTTTT,42,813
TSS_1414_storz_regulondb,1.6666666666666667,22,8,AGTAGCCACAGCCGTCATGA,14,53354
TSS_1414_storz_regulondb,3.3333333333333335,37,8,AGGTTCAGGCCGGAGTGTTA,29,45113
TSS_1414_storz_regulondb,0.3333333333333333,10,8,AGGTCTTCCCGTCCTCTTGG,2,6954
TSS_1414_storz_regulondb,1.7777777777777777,23,8,AGGGACTCTTGACTGCCGCT,15,58565
TSS_1414_storz_regulondb,0.2222222222222222,9,8,AGGATACCCCGACCAGTACA,1,20404
TSS_1414_storz_regulondb,2.0,25,8,AGGAGATAAATGTTGTTTTT,17,29191
TSS_1414_storz_regulondb,1.6666666666666667,22,8,AGGACTAGGTTCCGGTATAA,14,44105
TSS_1414_storz_regulondb,0.2222222222222222,9,8,AGCGACACCCGTCAGTGTAA,1,18717
TSS_1414_storz_regulondb,3.4444444444444446,38,8,AGCCCTAGCGGCACCGCCAA,30,44650
TSS_1414_storz_regulondb,3.888888888888889,42,8,AGCAGCACGCAACGTTAGTA,34,46858
TSS_1414_storz_regulondb,2.6666666666666665,31,8,AGCAAACTGGACCCTGTTTG,23,46381
TSS_1414_storz_regulondb,0.2222222222222222,9,8,AGATTAGGGCCAAAGGTGTC,1,72944
TSS_1414_storz_regulondb,2.888888888888889,33,8,AGAGATCAGAAATGAATGCC,25,20725
TSS_1414_storz_regulondb,0.2222222222222222,9,8,AGACCGGGAGTTCCCATTAA,1,59170
TSS_1414_storz_regulondb,1.1111111111111112,17,8,ACTGTTCAGGATGAGCTTTA,9,1794
TSS_1414_storz_regulondb,2.3333333333333335,28,8,ACTGGGGAATACTACACAAT,20,27672
TSS_1414_storz_regulondb,10.666666666666666,103,8,ACTGGGCGAAAGCCTTGCGA,95,68556
TSS_1414_storz_regulondb,9.777777777777779,95,8,ACTGGCATGCCCTCGACTCA,87,70766
TSS_1414_storz_regulondb,1.4444444444444444,20,8,ACGTGAAGCGAAACCACGTT,12,45963
TSS_1414_storz_regulondb,2.888888888888889,33,8,ACGGCCCGGACTGGCTATAC,25,29462
TSS_1414_storz_regulondb,3.111111111111111,35,8,ACCTTTGCTATCTAACTAGT,27,29466
TSS_1414_storz_regulondb,2.888888888888889,33,8,ACCTTATCCTATCAACACGA,25,57109
TSS_1414_storz_regulondb,2.0,25,8,ACCTGCTCTAATTATGCTAT,17,55165
TSS_1414_storz_regulondb,0.2222222222222222,9,8,ACCTCTTTTTGCCTAGTCGG,1,68772
TSS_1414_storz_regulondb,9.555555555555555,93,8,ACCGGGTAATTCGTAGAGCC,85,47648
TSS_1414_storz_regulondb,0.8888888888888888,15,8,ACCGCTGGACGCATTGCCTG,7,22728
TSS_1414_storz_regulondb,0.2222222222222222,9,8,ACCGCAAAGATGTGCGAATG,1,56438
TSS_1414_storz_regulondb,0.2222222222222222,9,8,ACCCAGGCAGCTGTGTGCTA,1,30980
TSS_1414_storz_regulondb,0.2222222222222222,9,8,ACCCAAAGGCGGATCACAGC,1,25560
TSS_1414_storz_regulondb,3.0,34,8,ACCATAGGTATTCAACTTCT,26,34119
TSS_1414_storz_regulondb,2.111111111111111,26,8,ACCACGGTCTCGAACGGTGA,18,43770
TSS_1414_storz_regulondb,2.6666666666666665,31,8,ACCACATGATTAATCCCTAT,23,77314
TSS_1414_storz_regulondb,2.6666666666666665,31,8,ACATGGCCACTGTCTCTTGC,23,58683
TSS_1414_storz_regulondb,1.5555555555555556,21,8,ACAGACCCCGTACCCGATTT,13,3041
TSS_1414_storz_regulondb,1.4444444444444444,20,8,ACAATGGAGCTGTTTTTGTG,12,31063
TSS_1414_storz_regulondb,2.888888888888889,33,8,ACAAAGGACTGTTGCCGTCT,25,40431
TSS_1414_storz_regulondb,2.7777777777777777,32,8,AATTGCGATTGTAGTGAAGT,24,64329
TSS_1414_storz_regulondb,2.111111111111111,26,8,AATTATAAGCTAGGGGCACA,18,44309
TSS_1414_storz_regulondb,2.111111111111111,26,8,AATGGCGAGACGGGCACCGT,18,66555
TSS_1414_storz_regulondb,11.0,106,8,AAGGGGCACCCTAAAACAGC,98,10684
TSS_1414_storz_regulondb,3.888888888888889,42,8,AAGATGTCACGCACGCGATA,34,29161
TSS_1414_storz_regulondb,4.222222222222222,45,8,AAGACGACAACATGTAGGGT,37,30810
TSS_1414_storz_regulondb,2.4444444444444446,29,8,AACTGCAGGTATACCAGGTT,21,42927
TSS_1414_storz_regulondb,1.8888888888888888,24,8,AACTAAACCTAATCTGATCA,16,78313
TSS_1414_storz_regulondb,3.888888888888889,42,8,AACGCGTAAAAAACGCTAGT,34,70479
TSS_1414_storz_regulondb,2.2222222222222223,27,8,AACGCATTGCCCAGGAGGAG,19,11440
TSS_1414_storz_regulondb,1.7777777777777777,23,8,AACGAGTTGAATGTGAAACG,15,5313
TSS_1414_storz_regulondb,5.555555555555555,57,8,AACCCTATAAGACGAACTAA,49,80414
TSS_1414_storz_regulondb,0.3333333333333333,10,8,AAATTATTCCTTCCTATCCC,2,72493
TSS_1414_storz_regulondb,1.5555555555555556,21,8,AAATATTCAGGGTACCGCAG,13,32988
TSS_1414_storz_regulondb,2.7777777777777777,32,8,AAAGTATGAATTTACGTTCG,24,6471
TSS_1414_storz_regulondb,3.5555555555555554,39,8,AAACTTCAGGATTTGGATGG,31,11868
TSS_1414_storz_regulondb,2.888888888888889,33,8,AAACCCTAAGGTGGCTGAGG,25,9192
TSS_1414_storz_regulondb,5.333333333333333,55,8,AAACACTCCGGATGAAAAAA,47,66876
TSS_1414_storz_regulondb,7.555555555555555,75,8,AAAACTAGAATGCCAAGATT,67,33523
TSS_1414_storz_regulondb,1.625,19,7,TTTTTTAATAAGGTGGCCAT,12,74439
TSS_1414_storz_regulondb,2.75,28,7,TTTTACCGACAGGCGATCCA,21,32977
TSS_1414_storz_regulondb,4.625,43,7,TTTCCCAGGGCCTTTTGGTG,36,24851
TSS_1414_storz_regulondb,3.25,32,7,TTTCACTCGTTATTTGTAAC,25,31924
TSS_1414_storz_regulondb,4.0,38,7,TTTAATCCATGGAGGGTTAT,31,77883
TSS_1414_storz_regulondb,2.875,29,7,TTGTTTGTATAGTCCAGGAA,22,43458
TSS_1414_storz_regulondb,0.25,8,7,TTGTCGCTGATGGGGACAAA,1,72338
TSS_1414_storz_regulondb,4.5,42,7,TTGGGGTGGCTTCCATCCAC,35,16208
TSS_1414_storz_regulondb,2.875,29,7,TTGATTAGATACTGCGGCCA,22,11138
TSS_1414_storz_regulondb,0.625,11,7,TTCTGTAAACGGTTTTTGCT,4,28195
TSS_1414_storz_regulondb,4.625,43,7,TTCTATCGGCAATACATGCA,36,46370
TSS_1414_storz_regulondb,4.875,45,7,TTCGTCTGCGGACTATAACG,38,64859
TSS_1414_storz_regulondb,0.25,8,7,TTCGGGGCTGTACTGTACAG,1,24393
TSS_1414_storz_regulondb,3.25,32,7,TTCGGGATGTTTAAATTGCC,25,69387
TSS_1414_storz_regulondb,2.75,28,7,TTCGCCGTACCTTGTGCCAG,21,24510
TSS_1414_storz_regulondb,3.0,30,7,TTCCTACCGCCAACCAGAAC,23,70266
TSS_1414_storz_regulondb,8.875,77,7,TTCCCAAGGCATCCGGCTGT,70,23782
TSS_1414_storz_regulondb,4.25,40,7,TTCACGGTGCATTTATCTCA,33,35662
TSS_1414_storz_regulondb,3.875,37,7,TTATATCTGTGGGAAGCATC,30,60338
TSS_1414_storz_regulondb,3.0,30,7,TTATAATGCCTTACAATATT,23,11519
TSS_1414_storz_regulondb,4.375,41,7,TTACACTAACAAATGTGCGA,34,3690
TSS_1414_storz_regulondb,6.0,54,7,TGTTTTGTAGCTCCACATCT,47,29142
TSS_1414_storz_regulondb,12.875,109,7,TGTTATAAACTATTCTGTGA,102,79116
TSS_1414_storz_regulondb,2.875,29,7,TGTGTCATTATTCAACGTCT,22,35245
TSS_1414_storz_regulondb,2.5,26,7,TGTGGCATTTCGCACCTCCT,19,10266
TSS_1414_storz_regulondb,1.875,21,7,TGTAGTCGCAAACGACTACA,14,1315
TSS_1414_storz_regulondb,2.125,23,7,TGTAAGGGAAATGGAATCAC,16,10555
TSS_1414_storz_regulondb,1.875,21,7,TGGTGAGGAAGCGGTCAGCC,14,9561
TSS_1414_storz_regulondb,4.125,39,7,TGGTCTTGGATATTACTTGT,32,9175
TSS_1414_storz_regulondb,2.625,27,7,TGGTCAGGCCCATATCTATT,20,63602
TSS_1414_storz_regulondb,0.375,9,7,TGGGATCCCCATGTAAAACT,2,30138
TSS_1414_storz_regulondb,0.25,8,7,TGGGAGTGACTACGATAGAA,1,18451
TSS_1414_storz_regulondb,0.25,8,7,TGGGAGGTACATGTCCCCAG,1,41349
TSS_1414_storz_regulondb,6.0,54,7,TGGCTAATTCCTACTGTGGC,47,74817
TSS_1414_storz_regulondb,1.125,15,7,TGGCACACGTGCTTCTTATC,8,71094
TSS_1414_storz_regulondb,4.125,39,7,TGGATTTGTAAAGGTCCCTC,32,74605
TSS_1414_storz_regulondb,4.0,38,7,TGCTAGTTCGTAAGGTTTCG,31,69419
TSS_1414_storz_regulondb,3.5,34,7,TGCGTGACGTCGTCAGACCT,27,13310
TSS_1414_storz_regulondb,5.25,48,7,TGCATGGACTAGCTTGGGCT,41,71367
TSS_1414_storz_regulondb,2.5,26,7,TGATTCCCCATGATCCGTTA,19,73682
TSS_1414_storz_regulondb,0.25,8,7,TGATGGTAGGGGTTTCTGAT,1,47604
TSS_1414_storz_regulondb,2.625,27,7,TGATAGAACTTAACGCGGGT,20,81029
TSS_1414_storz_regulondb,3.875,37,7,TGACGTCACAATTAGAAGCT,30,2379
TSS_1414_storz_regulondb,2.25,24,7,TGACAGAACTGAGGCGATAT,17,30238
TSS_1414_storz_regulondb,5.0,46,7,TCTTATGCGGTGTCCGCGCG,39,69184
TSS_1414_storz_regulondb,2.125,23,7,TCTGGTTGTGGACCTAGAAG,16,22180
TSS_1414_storz_regulondb,2.375,25,7,TCTGGCTTAATTAATAGATT,18,6446
TSS_1414_storz_regulondb,4.0,38,7,TCTCCTCCTTCTAGAATGAG,31,9752
TSS_1414_storz_regulondb,5.0,46,7,TCTCCATCAATGGCCTATGA,39,22760
TSS_1414_storz_regulondb,6.5,58,7,TCTAAAGATTGTTACGGGGG,51,60815
TSS_1414_storz_regulondb,2.25,24,7,TCGTTTCGAAGTTGTATCAG,17,39529
TSS_1414_storz_regulondb,2.875,29,7,TCGTATTTCGGAAAGAAACC,22,76651
TSS_1414_storz_regulondb,3.5,34,7,TCGGTAAGTACTACAGTAAT,27,36179
TSS_1414_storz_regulondb,0.25,8,7,TCGCCTCGGGATGTAGTAGA,1,80816
TSS_1414_storz_regulondb,3.75,36,7,TCGCAGACATACGCGCTCCT,29,50566
TSS_1414_storz_regulondb,0.25,8,7,TCCGATGGAAATTCCGACCT,1,18457
TSS_1414_storz_regulondb,3.125,31,7,TCCGACACGCTCAATCTGCT,24,78547
TSS_1414_storz_regulondb,3.25,32,7,TCCCGGATTGGTACTTTTTA,25,32072
TSS_1414_storz_regulondb,2.5,26,7,TCCCGCTAAGGGTACCAAAG,19,18841
TSS_1414_storz_regulondb,0.25,8,7,TCCCAGCTAATATCGAGTCA,1,7414
TSS_1414_storz_regulondb,5.625,51,7,TCCACCATACGTCCGTGCGA,44,1128
TSS_1414_storz_regulondb,2.625,27,7,TCCAACTGAAGCACGTAAAC,20,36892
TSS_1414_storz_regulondb,0.25,8,7,TCAGGGTCGTATCAGGGATG,1,71533
TSS_1414_storz_regulondb,3.375,33,7,TCAGGATATGTTGACACATA,26,9182
TSS_1414_storz_regulondb,0.375,9,7,TCAGACCCATACAACCGTAA,2,18319
TSS_1414_storz_regulondb,1.0,14,7,TCAATCTTGTGACTGCCAGC,7,18248
TSS_1414_storz_regulondb,0.375,9,7,TCAAAAGCTAACTTGAACGT,2,68130
TSS_1414_storz_regulondb,6.125,55,7,TATTATTCTCCTGAAGATTT,48,58292
TSS_1414_storz_regulondb,1.5,18,7,TATTATTCAGTAATCTAGCG,11,19863
TSS_1414_storz_regulondb,3.5,34,7,TATGTCGGTTCACAGATCCT,27,46311
TSS_1414_storz_regulondb,1.75,20,7,TATGCCGTTTGAATCCGGTA,13,75312
TSS_1414_storz_regulondb,1.25,16,7,TAGCGATGGCTTAGGCATTA,9,16118
TSS_1414_storz_regulondb,22.125,183,7,TAGCACCTCCATTTCCAGTA,176,80203
TSS_1414_storz_regulondb,9.0,78,7,TAGATGGTCCCCCTCGTCCA,71,76177
TSS_1414_storz_regulondb,16.625,139,7,TAGAGTTTTGAAGGCCTGTA,132,47757
TSS_1414_storz_regulondb,6.25,56,7,TACATATTCCCAACAACTGT,49,387
TSS_1414_storz_regulondb,5.875,53,7,TACAGGAACAAGTCAGCAAG,46,75848
TSS_1414_storz_regulondb,2.5,26,7,TACAGACTACCGATCACATT,19,52495
TSS_1414_storz_regulondb,2.75,28,7,TAATAGCCCTTGTGTTATTC,21,47346
TSS_1414_storz_regulondb,10.125,87,7,TAAGTTTATGATCTTGGGTT,80,42021
TSS_1414_storz_regulondb,5.625,51,7,TAAGCGGGCAATAGGCCAAT,44,62146
TSS_1414_storz_regulondb,0.25,8,7,TAAGCATCAGTACAGCTTCC,1,572
TSS_1414_storz_regulondb,2.125,23,7,TAACTTGCATAATTTAAAGC,16,32935
TSS_1414_storz_regulondb,1.0,14,7,TAACATCTGGCCCTTCTGGC,7,79308
TSS_1414_storz_regulondb,4.25,40,7,TAAACAGGGCGGGTTTAGCA,33,42856
TSS_1414_storz_regulondb,2.625,27,7,GTTTTCTACGGCCGCAAAAT,20,8125
TSS_1414_storz_regulondb,1.75,20,7,GTTTTCGTAGGTAAGCGTGT,13,32384
TSS_1414_storz_regulondb,1.75,20,7,GTTTACTGGTGACGTGACTA,13,8476
TSS_1414_storz_regulondb,2.125,23,7,GTTGTGGTCTGAGTCTCGGT,16,56926
TSS_1414_storz_regulondb,1.75,20,7,GTTCTGTTGGGGTCCGACGC,13,46121
TSS_1414_storz_regulondb,0.375,9,7,GTTCTACGCGCTGCGGCGAA,2,34312
TSS_1414_storz_regulondb,5.75,52,7,GTTAGTCAAGCGTGGGGAGT,45,20830
TSS_1414_storz_regulondb,1.375,17,7,GTGTCCTGGCGGGATCATGT,10,856
TSS_1414_storz_regulondb,3.5,34,7,GTGGTAGCGAAGGGCACTCG,27,54621
TSS_1414_storz_regulondb,15.875,133,7,GTGGACCAAACCGCGGAGTT,126,23739
TSS_1414_storz_regulondb,10.0,86,7,GTGCTAAGTCGCAACTTGAT,79,7903
TSS_1414_storz_regulondb,0.25,8,7,GTGCAGTCCCAAATGTACTG,1,22983
TSS_1414_storz_regulondb,9.375,81,7,GTGCAAGTTACATTAACTGA,74,33017
TSS_1414_storz_regulondb,9.875,85,7,GTGAGCGATGCTGGAGAACA,78,44803
TSS_1414_storz_regulondb,2.625,27,7,GTCTCAGAGTGGATGCTACT,20,20227
TSS_1414_storz_regulondb,3.375,33,7,GTCCGCTAGGGAAACTCCCA,26,19873
TSS_1414_storz_regulondb,0.25,8,7,GTCCGCCTCTCATGTGTAAA,1,28755
TSS_1414_storz_regulondb,9.75,84,7,GTCCCGCTTCCGAGGTTACA,77,67477
TSS_1414_storz_regulondb,2.5,26,7,GTCCAGAGCTTGCGGTCATC,19,25077
TSS_1414_storz_regulondb,2.25,24,7,GTCATGTTTGACACTGAAAC,17,5491
TSS_1414_storz_regulondb,1.75,20,7,GTATTGCAGAGTTAACGTCA,13,3442
TSS_1414_storz_regulondb,5.375,49,7,GTATCTGTCTTTTAACGTTC,42,29471
TSS_1414_storz_regulondb,1.625,19,7,GTACCTGATTGATGGACCCA,12,49164
TSS_1414_storz_regulondb,3.625,35,7,GTAATCCCTTTATAGGACCG,28,7309
TSS_1414_storz_regulondb,6.875,61,7,GGTTTCTAGGTAGGTTGGGA,54,77943
TSS_1414_storz_regulondb,2.75,28,7,GGTCGCTATTCCGTCTCACA,21,38996
TSS_1414_storz_regulondb,4.125,39,7,GGTCATGTTACGTGACAGAA,32,43619
TSS_1414_storz_regulondb,3.75,36,7,GGTAGCGGGGAGCAACTCTA,29,78549
TSS_1414_storz_regulondb,2.25,24,7,GGGTGCGCTTAGGCTAAGGA,17,71746
TSS_1414_storz_regulondb,4.75,44,7,GGGTCTAATCGTGAGGTCCC,37,30622
TSS_1414_storz_regulondb,3.75,36,7,GGGGGGTCCTCGGTGGCGCT,29,64489
TSS_1414_storz_regulondb,1.625,19,7,GGGGAGCGTCGTTGATGTCA,12,56081
TSS_1414_storz_regulondb,1.0,14,7,GGGGAAGTATGGATGATGTT,7,14765
TSS_1414_storz_regulondb,2.125,23,7,GGGCATGGGTGACTACCAAG,16,31742
TSS_1414_storz_regulondb,2.5,26,7,GGGATGGTTGCAGGGACTAG,19,75362
TSS_1414_storz_regulondb,4.375,41,7,GGCTTTAAGTTTGGAACTTT,34,24022
TSS_1414_storz_regulondb,11.75,100,7,GGCTCACTTTGAATTAAATT,93,50794
TSS_1414_storz_regulondb,4.0,38,7,GGCTAAGTGCGGTGGCAAGA,31,20454
TSS_1414_storz_regulondb,0.25,8,7,GGCGGCGGTCCAATCAGTGC,1,45104
TSS_1414_storz_regulondb,4.625,43,7,GGCCGCACCGCGAACATACT,36,38726
TSS_1414_storz_regulondb,3.0,30,7,GGCATTGTAAGGACGTCTGC,23,47090
TSS_1414_storz_regulondb,0.25,8,7,GGCAACCAAGTTTCGGTCAG,1,22192
TSS_1414_storz_regulondb,3.875,37,7,GGATTGTCTGCACAAAGGAT,30,16081
TSS_1414_storz_regulondb,3.0,30,7,GGATTCGGGCGAACTCGAAG,23,44316
TSS_1414_storz_regulondb,4.0,38,7,GGATCGTCACCTTTGATACC,31,67492
TSS_1414_storz_regulondb,3.625,35,7,GGATAGTGAACGGTGTCGGC,28,47679
TSS_1414_storz_regulondb,0.25,8,7,GGAGTGAGTCAATACACGCA,1,13788
TSS_1414_storz_regulondb,2.5,26,7,GGAGGGCTCACGCGCTCCAG,19,28862
TSS_1414_storz_regulondb,4.5,42,7,GGAGCTTGCGAGGTTGTAAC,35,41138
TSS_1414_storz_regulondb,13.5,114,7,GGAGACTAGGGCAGTAAACC,107,35228
TSS_1414_storz_regulondb,11.875,101,7,GGACCTTCCCGACTAACAGT,94,25324
TSS_1414_storz_regulondb,2.375,25,7,GGAACCGTGCGCGCCAACGT,18,61231
TSS_1414_storz_regulondb,3.0,30,7,GCTGTCGATCGATACGGAGC,23,7090
TSS_1414_storz_regulondb,4.25,40,7,GCTGACGAACACGTATTATG,33,5843
TSS_1414_storz_regulondb,2.125,23,7,GCTATCTTGTCTATGCAGAG,16,26956
TSS_1414_storz_regulondb,2.125,23,7,GCTATAAGAAGATCGGATCG,16,37989
TSS_1414_storz_regulondb,1.125,15,7,GCTAATGCACCCCAAGCCAC,8,65255
TSS_1414_storz_regulondb,10.0,86,7,GCTAACCCTTACTGCTCAGA,79,5446
TSS_1414_storz_regulondb,0.375,9,7,GCGGGATACTATCGTCGCGC,2,19913
TSS_1414_storz_regulondb,5.375,49,7,GCGGATAGCCCCATCACTAG,42,59260
TSS_1414_storz_regulondb,13.0,110,7,GCCTTTTTCAGGTTAGCGAG,103,47730
TSS_1414_storz_regulondb,1.5,18,7,GCCCCAATATTAGTTATGAA,11,76176
TSS_1414_storz_regulondb,10.5,90,7,GCCACACGTGTAGCTGACGT,83,28944
TSS_1414_storz_regulondb,0.75,12,7,GCCAACTAATTAATTATCTG,5,42353
TSS_1414_storz_regulondb,3.125,31,7,GCATTGAGTGTTGTCTCACT,24,13724
TSS_1414_storz_regulondb,1.75,20,7,GCATTCCCGGGTTCGAGGCC,13,48411
TSS_1414_storz_regulondb,2.75,28,7,GCATGTTGTATGCTTATCGG,21,14813
TSS_1414_storz_regulondb,1.375,17,7,GCACTTGGATCCTCCAGAGT,10,14734
TSS_1414_storz_regulondb,4.125,39,7,GCACACCACCAGGGTACCCA,32,46909
TSS_1414_storz_regulondb,0.25,8,7,GCAAAGCCGGCTCGCGTTGA,1,19752
TSS_1414_storz_regulondb,0.375,9,7,GCAAAAAATGGATGTCGAAC,2,49838
TSS_1414_storz_regulondb,4.25,40,7,GATTTCATACCTTGGTTGCC,33,39161
TSS_1414_storz_regulondb,5.0,46,7,GATTGTCGAACGCATCCGAG,39,61745
TSS_1414_storz_regulondb,1.75,20,7,GATTAATTCATGCTGGTTCA,13,38566
TSS_1414_storz_regulondb,0.625,11,7,GATGTATCAAGCAGCGGTAG,4,44032
TSS_1414_storz_regulondb,2.5,26,7,GATGAAGGTGAGTGACATGG,19,4224
TSS_1414_storz_regulondb,2.375,25,7,GATCGACCCCATGGTGCGTG,18,51445
TSS_1414_storz_regulondb,7.75,68,7,GATACGTCTATCCTCTTGAA,61,62232
TSS_1414_storz_regulondb,0.25,8,7,GAGTGACACCAATTGGATCA,1,40574
TSS_1414_storz_regulondb,2.25,24,7,GAGTCCTACGCTGCGATTCT,17,79725
TSS_1414_storz_regulondb,1.875,21,7,GAGGGTCCTAAGAAGCAACT,14,35624
TSS_1414_storz_regulondb,2.25,24,7,GAGCTTGACATTGTCCGTTT,17,3747
TSS_1414_storz_regulondb,1.5,18,7,GAGCTTCTCTAGTAAAATCC,11,40035
TSS_1414_storz_regulondb,3.75,36,7,GACTGCCAAGCTGTAAAGCA,29,75468
TSS_1414_storz_regulondb,1.875,21,7,GACGGGGCTCATTATCCAGT,14,14192
TSS_1414_storz_regulondb,3.25,32,7,GACGGCGTATGGTCCTACTG,25,46675
TSS_1414_storz_regulondb,2.875,29,7,GACGCGCGAAGGTTACATCT,22,54681
TSS_1414_storz_regulondb,2.625,27,7,GACGCGCAACCCAATGCCTA,20,25660
TSS_1414_storz_regulondb,4.0,38,7,GACGAAATATACTAATTAGA,31,79572
TSS_1414_storz_regulondb,2.5,26,7,GACGAAAGGCTGTAACTTCT,19,55992
TSS_1414_storz_regulondb,2.875,29,7,GACATAGCGGGGAAGCGACC,22,45121
TSS_1414_storz_regulondb,0.5,10,7,GACAGGGAAACGGTCGGCAG,3,75463
TSS_1414_storz_regulondb,0.25,8,7,GACAGGATGGTGATATGTTA,1,32906
TSS_1414_storz_regulondb,0.25,8,7,GAATCGACCGATTGTAGTTG,1,38660
TSS_1414_storz_regulondb,3.25,32,7,GAATATCAGTGGTCCTTTGT,25,56373
TSS_1414_storz_regulondb,0.25,8,7,GAATAGAGTTGATAACGAGA,1,75338
TSS_1414_storz_regulondb,4.25,40,7,GAAGCACTATAATCCTCGAA,33,19664
TSS_1414_storz_regulondb,3.0,30,7,GAACTTTAGAACACTGCTAA,23,34974
TSS_1414_storz_regulondb,6.375,57,7,GAAAGTTCCGGACACGGCGT,50,57572
TSS_1414_storz_regulondb,2.0,22,7,CTTGTCTGGTCTGGCAATGG,15,3809
TSS_1414_storz_regulondb,3.625,35,7,CTTCCGATGCGGCCGCCGGG,28,1012
TSS_1414_storz_regulondb,1.0,14,7,CTTCATGGGGTGTCTATTGG,7,53799
TSS_1414_storz_regulondb,0.25,8,7,CTTATCCGTCAGCAACACCA,1,57287
TSS_1414_storz_regulondb,4.0,38,7,CTGTTACAGACATTGCCCGG,31,59411
TSS_1414_storz_regulondb,20.375,169,7,CTGTCCGGGCACTTTCGAAC,162,54818
TSS_1414_storz_regulondb,4.375,41,7,CTGGGTTCAACGTGAACAAT,34,40061
TSS_1414_storz_regulondb,4.0,38,7,CTGGGGCCAACTTTTTGATT,31,22342
TSS_1414_storz_regulondb,4.125,39,7,CTGGCTACAGTTACATGACT,32,28279
TSS_1414_storz_regulondb,3.875,37,7,CTGGAACGCCCATAGCTTAT,30,52626
TSS_1414_storz_regulondb,1.75,20,7,CTGCCGGAGCCTGGGCCATC,13,29606
TSS_1414_storz_regulondb,1.75,20,7,CTGCACCCAACAAGTTCCCA,13,14283
TSS_1414_storz_regulondb,4.625,43,7,CTGACCACAGGTCACTATGA,36,68715
TSS_1414_storz_regulondb,6.0,54,7,CTCTTCCGGTGTTCGGTGAG,47,25248
TSS_1414_storz_regulondb,2.75,28,7,CTCTAAGGGTATGTCTCATT,21,46373
TSS_1414_storz_regulondb,3.5,34,7,CTCGGGTCTGTCCCAGGAGG,27,20327
TSS_1414_storz_regulondb,1.375,17,7,CTCCTTCTTATCTGGGTGTG,10,37387
TSS_1414_storz_regulondb,4.0,38,7,CTATTGAGGATTTCGGGTAC,31,33472
TSS_1414_storz_regulondb,3.0,30,7,CTATTATGCTGTGTGGCGTT,23,22552
TSS_1414_storz_regulondb,41.0,334,7,CTATATTTGCACGTTGGACG,327,52747
TSS_1414_storz_regulondb,1.375,17,7,CTACCTCGATTAGCGTATGA,10,9125
TSS_1414_storz_regulondb,2.375,25,7,CTAACAAGTCTTCCCAAAGT,18,34966
TSS_1414_storz_regulondb,3.375,33,7,CGTTTCAGTAGGGTTCCGCT,26,77338
TSS_1414_storz_regulondb,3.0,30,7,CGTTACCTCGTCATGAGTTA,23,20303
TSS_1414_storz_regulondb,5.0,46,7,CGTGGCGTAGATTAGGGGTG,39,20034
TSS_1414_storz_regulondb,4.375,41,7,CGTGCATTTGCCTTGAATGA,34,42879
TSS_1414_storz_regulondb,1.75,20,7,CGTAAAAGTTCCATCCCGGC,13,75082
TSS_1414_storz_regulondb,0.25,8,7,CGGGTATCGGAAGTACAAAG,1,23899
TSS_1414_storz_regulondb,2.125,23,7,CGGCGTTCGTCTAGGGGGGT,16,27592
TSS_1414_storz_regulondb,2.375,25,7,CGGATGGCGTCTCAAGTTTG,18,79094
TSS_1414_storz_regulondb,1.25,16,7,CGGAGCTGACACTATTGTTA,9,57661
TSS_1414_storz_regulondb,1.375,17,7,CGGAGAGTTCAGGGGGTCTG,10,45279
TSS_1414_storz_regulondb,3.5,34,7,CGCTCTTGATCTCCTCCAGC,27,19932
TSS_1414_storz_regulondb,4.5,42,7,CGCCTTGGCACTTTTACTTA,35,41045
TSS_1414_storz_regulondb,1.75,20,7,CGCCGGAATTTTGCACATTA,13,69217
TSS_1414_storz_regulondb,2.375,25,7,CGCCGACTGGCATCATACGC,18,62576
TSS_1414_storz_regulondb,2.0,22,7,CGCCCCACTAGATCGCGGCA,15,50477
TSS_1414_storz_regulondb,1.5,18,7,CGCAATGCAGGACCCTCCGG,11,44381
TSS_1414_storz_regulondb,1.25,16,7,CGATTGGGTTAATGGGGATA,9,30030
TSS_1414_storz_regulondb,0.25,8,7,CGATGGTCCAACGGGACTTA,1,34962
TSS_1414_storz_regulondb,3.0,30,7,CGAAAATGCGTTACGGGCAA,23,9037
TSS_1414_storz_regulondb,2.875,29,7,CCTTTCTGTGATGAGTCTAT,22,24707
TSS_1414_storz_regulondb,2.5,26,7,CCTTCGCAGCACGGATGATA,19,20076
TSS_1414_storz_regulondb,2.625,27,7,CCTGTACTTGACCCCACCTT,20,60697
TSS_1414_storz_regulondb,4.125,39,7,CCTCTGGTTCAAGTTGTGTA,32,35344
TSS_1414_storz_regulondb,8.5,74,7,CCTCCTAGTTATCCTGCGTC,67,18902
TSS_1414_storz_regulondb,1.625,19,7,CCTCAGAACGACGCCCCTTT,12,9907
TSS_1414_storz_regulondb,7.25,64,7,CCTAGGCGATATAAACTACC,57,27317
TSS_1414_storz_regulondb,3.875,37,7,CCTAGAGGGAACCTCGGGTT,30,28854
TSS_1414_storz_regulondb,4.125,39,7,CCTACAATGGATGTTGCTGA,32,30631
TSS_1414_storz_regulondb,3.125,31,7,CCGTTTCCGTAGTAAGAGAT,24,35024
TSS_1414_storz_regulondb,5.875,53,7,CCGTCAGCCGGTTTAGAGTG,46,32334
TSS_1414_storz_regulondb,3.875,37,7,CCGTATCAAAATAAGATGGG,30,37048
TSS_1414_storz_regulondb,4.375,41,7,CCGGGTAGAGTACGCTGCGA,34,21454
TSS_1414_storz_regulondb,0.25,8,7,CCGGGCACTAAACCGGGTAC,1,8637
TSS_1414_storz_regulondb,2.375,25,7,CCGCTGCATGATATGGCTGA,18,71594
TSS_1414_storz_regulondb,3.625,35,7,CCGCACAAAGTTGTGACCGA,28,32900
TSS_1414_storz_regulondb,1.625,19,7,CCGACACTCGACGGCGCGTT,12,27814
TSS_1414_storz_regulondb,3.5,34,7,CCCTGTAGGCTATGTTGTAA,27,25703
TSS_1414_storz_regulondb,4.625,43,7,CCCTATTATTCGATGACATG,36,42037
TSS_1414_storz_regulondb,2.125,23,7,CCCCGCGCGATCGGCAGTAA,16,38671
TSS_1414_storz_regulondb,5.0,46,7,CCCCATTGCCACCGTCAGTC,39,47411
TSS_1414_storz_regulondb,5.0,46,7,CCCCAGATTCTCATCTCGCA,39,22358
TSS_1414_storz_regulondb,5.625,51,7,CCCATAAAGCAGATAATATC,44,29668
TSS_1414_storz_regulondb,0.875,13,7,CCCAAGTAACGACACGCAAG,6,9099
TSS_1414_storz_regulondb,3.125,31,7,CCAGTGAGTTATATTTATGC,24,79316
TSS_1414_storz_regulondb,2.125,23,7,CCAGGAGGGCAGGCAAATAC,16,52059
TSS_1414_storz_regulondb,2.375,25,7,CCACTGGTAATCAGTTCATT,18,64264
TSS_1414_storz_regulondb,3.375,33,7,CCAATGTAACTCGATGGACA,26,57211
TSS_1414_storz_regulondb,6.375,57,7,CCAATGCCCCCTTTGCTTAC,50,52403
TSS_1414_storz_regulondb,2.75,28,7,CATTTCACTAAATTTTGATG,21,13937
TSS_1414_storz_regulondb,0.25,8,7,CATTAGTCGCGCATTACCGC,1,66425
TSS_1414_storz_regulondb,3.0,30,7,CATGAGATGACCACGAGCGG,23,11061
TSS_1414_storz_regulondb,3.125,31,7,CATCGTCCTCATGGCTGAGA,24,25740
TSS_1414_storz_regulondb,3.75,36,7,CATAGACTTTATTATTTGAT,29,6707
TSS_1414_storz_regulondb,0.25,8,7,CAGTTGGGAACACGCCGCGT,1,51037
TSS_1414_storz_regulondb,8.875,77,7,CAGGCGAGAATCGCGATCAA,70,13958
TSS_1414_storz_regulondb,2.875,29,7,CAGCCCTCGTTTAGGAACAA,22,2799
TSS_1414_storz_regulondb,0.25,8,7,CAGCAGCGTTCGATGCGCCG,1,25
TSS_1414_storz_regulondb,6.125,55,7,CAGATCTCCGGGTCCAGTTT,48,62162
TSS_1414_storz_regulondb,1.0,14,7,CAGATCGGTGCTTATACTGA,7,3026
TSS_1414_storz_regulondb,0.25,8,7,CAGATCAGTTGGGTAGACAA,1,48053
TSS_1414_storz_regulondb,1.875,21,7,CAGATAGGTAGACACATCAA,14,42882
TSS_1414_storz_regulondb,2.125,23,7,CAGAGGGCTCCGACTCCAGA,16,32470
TSS_1414_storz_regulondb,5.5,50,7,CACTTATCGGCTTAGTGCGT,43,61851
TSS_1414_storz_regulondb,8.125,71,7,CACTCTGTCCCGTTGGATTT,64,41191
TSS_1414_storz_regulondb,19.625,163,7,CACATGCCACGCATGGCCTG,156,17584
TSS_1414_storz_regulondb,2.375,25,7,CACATGAACCCGCGGAATAA,18,77882
TSS_1414_storz_regulondb,3.375,33,7,CAAGTGGTGCGGCAATCCTT,26,14696
TSS_1414_storz_regulondb,5.75,52,7,CAAGGCGGCGCCTGGAACAA,45,16752
TSS_1414_storz_regulondb,3.125,31,7,CAAGATACTGTCCCTCTAGG,24,34100
TSS_1414_storz_regulondb,2.125,23,7,CAAATTACAACACGGAGCCA,16,1445
TSS_1414_storz_regulondb,6.875,61,7,ATTTTAGACTCCGATTCGAC,54,3341
TSS_1414_storz_regulondb,2.125,23,7,ATTTAGTAAGGCGCCAAGAA,16,29474
TSS_1414_storz_regulondb,2.75,28,7,ATTGATAGACTATATAAGGC,21,7899
TSS_1414_storz_regulondb,2.25,24,7,ATTCGACTGTTTCGGGTTGG,17,30989
TSS_1414_storz_regulondb,5.0,46,7,ATTCAGTTGCAGGCCTCTAT,39,63331
TSS_1414_storz_regulondb,3.125,31,7,ATGTGAGGAACATCAAACGA,24,47958
TSS_1414_storz_regulondb,3.5,34,7,ATGTCTCCAACAGATTTTCG,27,40074
TSS_1414_storz_regulondb,3.625,35,7,ATGTAAACTCTCGTGCGTTG,28,67570
TSS_1414_storz_regulondb,1.375,17,7,ATCTAGGGAGGAGTTGTGGA,10,33557
TSS_1414_storz_regulondb,3.25,32,7,ATCGGACGTAAGTTTACCTC,25,78613
TSS_1414_storz_regulondb,3.5,34,7,ATCGCGCTTGTGACAACAAG,27,23494
TSS_1414_storz_regulondb,1.75,20,7,ATCCGTCTCTGTCTAGGCAG,13,79348
TSS_1414_storz_regulondb,0.625,11,7,ATCATCGTGAAGAACGGTGG,4,26060
TSS_1414_storz_regulondb,6.75,60,7,ATCAGTATAAAACGCAAGTA,53,36589
TSS_1414_storz_regulondb,10.75,92,7,ATATTGGTTCGAGGGGGATT,85,44916
TSS_1414_storz_regulondb,5.125,47,7,ATATTGGCGTGTGGACTAGA,40,29769
TSS_1414_storz_regulondb,2.375,25,7,ATATTCGGCGAGGTTATGCG,18,62043
TSS_1414_storz_regulondb,3.625,35,7,ATATTATAATTGTCGGTGGC,28,21213
TSS_1414_storz_regulondb,0.25,8,7,ATATGGTCAACTAAGACTCA,1,36300
TSS_1414_storz_regulondb,1.625,19,7,ATATGGCGCTCCTGTAGGGG,12,68858
TSS_1414_storz_regulondb,5.75,52,7,ATATCTTGTTCAGGTTAACT,45,17142
TSS_1414_storz_regulondb,0.25,8,7,ATAGTTGCGTCCTCAGGGGA,1,52979
TSS_1414_storz_regulondb,3.125,31,7,ATAGCCCCTGGAGATGTCAT,24,75270
TSS_1414_storz_regulondb,1.5,18,7,ATAGCACCAGGAGAGGATGT,11,52604
TSS_1414_storz_regulondb,3.875,37,7,ATACAGAGTCCATCCGGATA,30,42375
TSS_1414_storz_regulondb,4.125,39,7,AGTTCGTTTACGGCAAGCTG,32,25435
TSS_1414_storz_regulondb,3.75,36,7,AGTTATCCACGATGCCGGAC,29,378
TSS_1414_storz_regulondb,3.25,32,7,AGTTAACTTATGTCCCAGAC,25,28023
TSS_1414_storz_regulondb,2.125,23,7,AGTGTTGTGAATGAATTTGC,16,39675
TSS_1414_storz_regulondb,8.625,75,7,AGTGGAGTCTGTTATGTTAC,68,39803
TSS_1414_storz_regulondb,2.0,22,7,AGTGCTTCCCTGGTGGAATT,15,33977
TSS_1414_storz_regulondb,4.75,44,7,AGTCGAATCCCGATAGGACT,37,73732
TSS_1414_storz_regulondb,4.5,42,7,AGTCCGCAATAACCTATTAC,35,35258
TSS_1414_storz_regulondb,1.25,16,7,AGTCCCTCTTCGAGCATTAC,9,8286
TSS_1414_storz_regulondb,0.25,8,7,AGTCATAATCAGCGTTAGGT,1,48161
TSS_1414_storz_regulondb,2.5,26,7,AGTCAGATGGCCATCGCGAC,19,61690
TSS_1414_storz_regulondb,0.875,13,7,AGTATACTATAGTGGACTTT,6,38790
TSS_1414_storz_regulondb,12.5,106,7,AGTAGCATTATAGCTCTATC,99,23750
TSS_1414_storz_regulondb,1.75,20,7,AGTACCTCTTTTTTTGTCAG,13,28490
TSS_1414_storz_regulondb,4.25,40,7,AGGTGGAGTTGGTGAAACGG,33,75642
TSS_1414_storz_regulondb,5.125,47,7,AGGTGCCTTCCAGGTACGGC,40,44608
TSS_1414_storz_regulondb,4.125,39,7,AGGTCGGTATTACCGCGGTT,32,71197
TSS_1414_storz_regulondb,1.5,18,7,AGGGCAGCAGAAATAGTAAC,11,22137
TSS_1414_storz_regulondb,2.25,24,7,AGGCGTGACTAAGGGTTACG,17,79106
TSS_1414_storz_regulondb,2.0,22,7,AGGCCCTCAATGAAGATCGA,15,17421
TSS_1414_storz_regulondb,7.25,64,7,AGCGGTCGATAATGGGGTCC,57,79444
TSS_1414_storz_regulondb,3.125,31,7,AGCCGTTGTGAATCGTGTAA,24,35309
TSS_1414_storz_regulondb,3.125,31,7,AGCCAAAAAATAGCACGCGA,24,32933
TSS_1414_storz_regulondb,3.875,37,7,AGCATTTCAGACATAATACA,30,22331
TSS_1414_storz_regulondb,3.125,31,7,AGCAGCTTTCCTTATTCCTG,24,55554
TSS_1414_storz_regulondb,10.5,90,7,AGCACTGCGCAAGTCACCGA,83,80199
TSS_1414_storz_regulondb,4.0,38,7,AGCACACGTGTCGTAGCTCT,31,52197
TSS_1414_storz_regulondb,0.75,12,7,AGATTCTCGACTAACCCTGA,5,31359
TSS_1414_storz_regulondb,12.25,104,7,AGATGCTTCTTATGGGTCCA,97,49833
TSS_1414_storz_regulondb,2.125,23,7,AGAGGAGGATAAAGAACGAG,16,38794
TSS_1414_storz_regulondb,1.75,20,7,AGACCGCGTGCAAAATTTTT,13,69768
TSS_1414_storz_regulondb,3.75,36,7,AGACCGCCCCTGTTCATCAT,29,78329
TSS_1414_storz_regulondb,1.75,20,7,ACTTGTGGAAATTTAGTAGA,13,78164
TSS_1414_storz_regulondb,0.25,8,7,ACTTACAGACTGGCCGATCG,1,24171
TSS_1414_storz_regulondb,9.5,82,7,ACTGCTCAGGATAGAGCCAC,75,40899
TSS_1414_storz_regulondb,3.0,30,7,ACTGACGACAGTCATAGCGC,23,42020
TSS_1414_storz_regulondb,4.5,42,7,ACTCCTGCTATAGAATGTTA,35,14004
TSS_1414_storz_regulondb,2.25,24,7,ACTCCCACCTTGGTAACCGT,17,14201
TSS_1414_storz_regulondb,3.25,32,7,ACTAAGATTTGGTACGCGGC,25,55598
TSS_1414_storz_regulondb,3.375,33,7,ACGGTAGTTCGAATGGTTTC,26,24112
TSS_1414_storz_regulondb,1.625,19,7,ACGCAAGCAGGGCCAGAACA,12,32143
TSS_1414_storz_regulondb,2.625,27,7,ACCGTAAAAGGGACCATCCA,20,22526
TSS_1414_storz_regulondb,13.375,113,7,ACCCAGACGCCTATTCCTGC,106,7887
TSS_1414_storz_regulondb,5.125,47,7,ACCAGTACGGCAGTAGTGAT,40,1656
TSS_1414_storz_regulondb,0.25,8,7,ACATTCCCTGTGAGGGCGGC,1,64677
TSS_1414_storz_regulondb,5.5,50,7,ACAGGTTATAGTTCATTTTC,43,32587
TSS_1414_storz_regulondb,5.25,48,7,ACAGGCAGCCCGACTTGCCA,41,59738
TSS_1414_storz_regulondb,1.0,14,7,ACAGGAACGGGGGTACCGTG,7,21469
TSS_1414_storz_regulondb,2.25,24,7,ACACCCTGCTTACGTGTTAA,17,47871
TSS_1414_storz_regulondb,1.75,20,7,AATTTAGTTTAGCTGCAGGA,13,51762
TSS_1414_storz_regulondb,3.125,31,7,AATGCACAGATCCTGGACAG,24,30935
TSS_1414_storz_regulondb,0.25,8,7,AATCCGGATACATAACACAA,1,52518
TSS_1414_storz_regulondb,1.75,20,7,AATAGGAAAAGGGAGACGTT,13,4005
TSS_1414_storz_regulondb,3.0,30,7,AATAGAAACCGGACATTTAC,23,27154
TSS_1414_storz_regulondb,3.5,34,7,AATACTCCGTCGGAACTGAG,27,71215
TSS_1414_storz_regulondb,2.125,23,7,AATACCGTCAACCCCATGTC,16,44655
TSS_1414_storz_regulondb,0.75,12,7,AAGTCAAAGTATCGCCCCTC,5,30797
TSS_1414_storz_regulondb,2.875,29,7,AAGTAATGTATTAAGCGCTT,22,59245
TSS_1414_storz_regulondb,10.375,89,7,AAGCTCCGTTAGGCGCGCGT,82,29359
TSS_1414_storz_regulondb,3.125,31,7,AAGCGGTGCGTATGCATGCT,24,18430
TSS_1414_storz_regulondb,4.625,43,7,AAGCAGATATATCCACGCTG,36,31791
TSS_1414_storz_regulondb,2.5,26,7,AAGCAAATCTCGCTGGAATA,19,69453
TSS_1414_storz_regulondb,1.5,18,7,AACTAGGACTCCCTGCGCAA,11,28743
TSS_1414_storz_regulondb,1.375,17,7,AACTACACTTAAACAGTACT,10,32142
TSS_1414_storz_regulondb,4.75,44,7,AACGTACTGTCTGGAGCATA,37,54106
TSS_1414_storz_regulondb,3.75,36,7,AACGTAATAGCCAGAGGAAG,29,41655
TSS_1414_storz_regulondb,3.5,34,7,AACGACCTGGACGCCAACCA,27,28281
TSS_1414_storz_regulondb,3.375,33,7,AACCATGAGCCATGTTAGCG,26,74399
TSS_1414_storz_regulondb,3.5,34,7,AACCAGGTACATAACCAGCA,27,54025
TSS_1414_storz_regulondb,24.125,199,7,AACCACGCGGAGTCCGTGCT,192,52724
TSS_1414_storz_regulondb,3.125,31,7,AACAGGGTTTCGAGAAAGTC,24,76885
TSS_1414_storz_regulondb,3.125,31,7,AACACTGCTCCACTTAAATT,24,61799
TSS_1414_storz_regulondb,2.5,26,7,AAAGTCGGACCCGTTGTGGT,19,70584
TSS_1414_storz_regulondb,3.0,30,7,AAAGAATCGTCGCTAATGAG,23,28829
TSS_1414_storz_regulondb,2.5,26,7,AAACCATAATATCGTACCCC,19,40626
TSS_1414_storz_regulondb,2.625,27,7,AAACAGCGCTGCGCATAGAA,20,78135
TSS_1414_storz_regulondb,0.25,8,7,AAACACTCTTCGTACACAAT,1,63140
TSS_1414_storz_regulondb,0.5,10,7,AAACAACGCCGAGTTCTAAG,3,17757
TSS_1414_storz_regulondb,3.2857142857142856,28,6,TTTTAACCATGGATGATATT,22,56442
TSS_1414_storz_regulondb,2.0,19,6,TTTGTCCGTGTATAAGGCAA,13,7970
TSS_1414_storz_regulondb,1.4285714285714286,15,6,TTTATCTACCCCTCCCCCTG,9,16253
TSS_1414_storz_regulondb,3.5714285714285716,30,6,TTTAGGCCAGCGGAACCCTA,24,53847
TSS_1414_storz_regulondb,3.5714285714285716,30,6,TTTAAGAGGCCTTACCAGTG,24,25656
TSS_1414_storz_regulondb,1.2857142857142858,14,6,TTGTGAAAAGTGCAGCTATA,8,78700
TSS_1414_storz_regulondb,2.4285714285714284,22,6,TTGTAAGTGCAACACCGGTC,16,51267
TSS_1414_storz_regulondb,2.0,19,6,TTGTAACCGTCGGGGGTCGT,13,59929
TSS_1414_storz_regulondb,0.8571428571428571,11,6,TTGGTAGCCGCTAATTCCCT,5,44207
TSS_1414_storz_regulondb,5.0,40,6,TTGGATCGACGTGGTCTCAT,34,13036
TSS_1414_storz_regulondb,2.142857142857143,20,6,TTGGAGATGGAGTGTGCTTG,14,71393
TSS_1414_storz_regulondb,3.142857142857143,27,6,TTGCGTCGTCGCCGATAAAT,21,42358
TSS_1414_storz_regulondb,2.2857142857142856,21,6,TTGCACAGTAAAACTACTCG,15,29472
TSS_1414_storz_regulondb,4.142857142857143,34,6,TTGCACACTCCTAGTGTCCT,28,17145
TSS_1414_storz_regulondb,1.2857142857142858,14,6,TTCTTTCGGCAGCTCGATCA,8,16525
TSS_1414_storz_regulondb,5.142857142857143,41,6,TTCTGGGTCATCAATGGGCT,35,18464
TSS_1414_storz_regulondb,6.857142857142857,53,6,TTCTGACTCGATTTTGTATA,47,7347
TSS_1414_storz_regulondb,0.5714285714285714,9,6,TTCGTAGCGGGGACTGTCTA,3,27434
TSS_1414_storz_regulondb,0.2857142857142857,7,6,TTCGGATGTAGTTGGTGCTT,1,66356
TSS_1414_storz_regulondb,3.0,26,6,TTCCGTCGGTTAAAGGAAGT,20,40022
TSS_1414_storz_regulondb,2.142857142857143,20,6,TTCCCAATATAGCCACGCAC,14,39881
TSS_1414_storz_regulondb,0.7142857142857143,10,6,TTCATGGAATTGCTCCTTCT,4,61393
TSS_1414_storz_regulondb,5.714285714285714,45,6,TTCATCGCTCTGCTGGTACT,39,58859
TSS_1414_storz_regulondb,0.5714285714285714,9,6,TTCATCCTTTCACTCCTTCT,3,69728
TSS_1414_storz_regulondb,5.714285714285714,45,6,TTCAGCCTGCTCCCTCTGCA,39,56025
TSS_1414_storz_regulondb,1.1428571428571428,13,6,TTAGCTTTCGCTCCTCCTGC,7,12199
TSS_1414_storz_regulondb,5.285714285714286,42,6,TTAGCACCGTGACTACCAGA,36,38232
TSS_1414_storz_regulondb,7.285714285714286,56,6,TGTTTATCGCGAGTTGATTA,50,77237
TSS_1414_storz_regulondb,3.7142857142857144,31,6,TGTTCCCTGCCACCTGGACT,25,29477
TSS_1414_storz_regulondb,3.5714285714285716,30,6,TGTTAGCATGGTGGGGCTCA,24,35783
TSS_1414_storz_regulondb,5.0,40,6,TGTTACGAGTCTGGACTTTA,34,6638
TSS_1414_storz_regulondb,2.2857142857142856,21,6,TGTGTGGTTTCGTCTTCCTC,15,1117
TSS_1414_storz_regulondb,0.42857142857142855,8,6,TGTGTGATGTCTACGCGCGG,2,74537
TSS_1414_storz_regulondb,1.5714285714285714,16,6,TGTGTAGCACATGCTATCTA,10,6146
TSS_1414_storz_regulondb,2.857142857142857,25,6,TGTCCCACGAAATCTACCTT,19,51786
TSS_1414_storz_regulondb,2.857142857142857,25,6,TGTATTAACATAGTTGGTAT,19,53943
TSS_1414_storz_regulondb,3.142857142857143,27,6,TGTATGGCTTCAAGCTCCGT,21,71574
TSS_1414_storz_regulondb,5.857142857142857,46,6,TGGTTCTTGGCGGACGTTCA,40,73730
TSS_1414_storz_regulondb,3.7142857142857144,31,6,TGGTGGATTCGGTTACCGTT,25,68155
TSS_1414_storz_regulondb,3.4285714285714284,29,6,TGGTCCAGCATGTGTTCATG,23,34303
TSS_1414_storz_regulondb,0.2857142857142857,7,6,TGGGGCATCAATACCATCTC,1,47397
TSS_1414_storz_regulondb,9.571428571428571,72,6,TGGGCGTTATGATCTGAGTT,66,52969
TSS_1414_storz_regulondb,4.0,33,6,TGGGCATGTATGAGAACAGG,27,59097
TSS_1414_storz_regulondb,3.5714285714285716,30,6,TGGGCAACGTCAGTCGAGTA,24,17486
TSS_1414_storz_regulondb,2.5714285714285716,23,6,TGGCACTCCGGAGACATTCT,17,58129
TSS_1414_storz_regulondb,0.2857142857142857,7,6,TGGACCTGCCCTATTGTTGT,1,61254
TSS_1414_storz_regulondb,0.42857142857142855,8,6,TGGACACACGAGAACGCCGA,2,75067
TSS_1414_storz_regulondb,4.428571428571429,36,6,TGCTATTTCCCTTGTATTCC,30,11401
TSS_1414_storz_regulondb,0.2857142857142857,7,6,TGCTACTGCGGGAGGCTGTG,1,2985
TSS_1414_storz_regulondb,0.2857142857142857,7,6,TGCCCGCGTATTCGTTTCGA,1,3586
TSS_1414_storz_regulondb,3.2857142857142856,28,6,TGCCAGATTTCGCAGAGATA,22,4973
TSS_1414_storz_regulondb,1.5714285714285714,16,6,TGCAGGGCCTCTGACATTAT,10,32978
TSS_1414_storz_regulondb,2.7142857142857144,24,6,TGCAGGGAACTCAAGTTTTA,18,44063
TSS_1414_storz_regulondb,1.2857142857142858,14,6,TGATGTCATGGGTCAAGCGA,8,16080
TSS_1414_storz_regulondb,0.2857142857142857,7,6,TGATGGCTCAGCACGGATGG,1,24616
TSS_1414_storz_regulondb,3.5714285714285716,30,6,TGAGAGAGGGCTATTGGGTC,24,47306
TSS_1414_storz_regulondb,7.857142857142857,60,6,TGAAGCGATATAAGCTTCGG,54,67547
TSS_1414_storz_regulondb,22.857142857142858,165,6,TGAAGCCCGCTTTTATGGGT,159,73004
TSS_1414_storz_regulondb,7.285714285714286,56,6,TGAAGACCGAGAAGGCACAA,50,75904
TSS_1414_storz_regulondb,0.5714285714285714,9,6,TCTGTCATTCGCCGTCCGGG,3,31356
TSS_1414_storz_regulondb,4.0,33,6,TCTGGGATAGCGCCTGGTTT,27,66121
TSS_1414_storz_regulondb,5.0,40,6,TCTCTTTCCGGTTAGGATGC,34,29412
TSS_1414_storz_regulondb,3.142857142857143,27,6,TCTATTCGCAGCCACTAGCG,21,16331
TSS_1414_storz_regulondb,2.4285714285714284,22,6,TCTACACCGGTACTGGCCGT,16,34278
TSS_1414_storz_regulondb,2.0,19,6,TCTAAGGGGGCGGCGGAAAA,13,32316
TSS_1414_storz_regulondb,0.2857142857142857,7,6,TCTAAGCTGGTTTGGTGTAG,1,19143
TSS_1414_storz_regulondb,2.0,19,6,TCGTTGCGTACATCTTGTGA,13,51827
TSS_1414_storz_regulondb,4.0,33,6,TCGGAGCGGCAAGACGGCCG,27,35885
TSS_1414_storz_regulondb,3.0,26,6,TCGCGGACGGTCTGGAATAT,20,27054
TSS_1414_storz_regulondb,8.857142857142858,67,6,TCGCCACCACCCCTGTGGTG,61,26215
TSS_1414_storz_regulondb,2.5714285714285716,23,6,TCGCCAACGTATGGTTGTGT,17,69706
TSS_1414_storz_regulondb,0.2857142857142857,7,6,TCGCATACAGTGCTCGTACT,1,28620
TSS_1414_storz_regulondb,4.857142857142857,39,6,TCGATTTAAGACGGAACGAC,33,44241
TSS_1414_storz_regulondb,2.4285714285714284,22,6,TCGATGCAGACGAGAGTTTT,16,59045
TSS_1414_storz_regulondb,2.0,19,6,TCGACAGTATCCCCGAATGT,13,39539
TSS_1414_storz_regulondb,2.142857142857143,20,6,TCGAACGTTTTCTCTTTTTC,14,76071
TSS_1414_storz_regulondb,0.2857142857142857,7,6,TCCGTCTTGTTGGCAGGGCT,1,19053
TSS_1414_storz_regulondb,3.2857142857142856,28,6,TCCGGATCGATCGCTCCAGG,22,61191
TSS_1414_storz_regulondb,3.2857142857142856,28,6,TCCGAGACCTCCGTGGAAAC,22,8755
TSS_1414_storz_regulondb,3.4285714285714284,29,6,TCCCGGTATCAGGCCGCAAA,23,77088
TSS_1414_storz_regulondb,2.4285714285714284,22,6,TCCCCAAGTCCACTATTTAT,16,80890
TSS_1414_storz_regulondb,5.285714285714286,42,6,TCCACAGGTCAATTCGGGAT,36,5933
TSS_1414_storz_regulondb,0.7142857142857143,10,6,TCATCCGTTCGGTGATGGCA,4,35674
TSS_1414_storz_regulondb,2.5714285714285716,23,6,TCACGCGGATCCGTTATACA,17,25280
TSS_1414_storz_regulondb,3.2857142857142856,28,6,TCACCCCCATTGGATTCTTG,22,48786
TSS_1414_storz_regulondb,23.0,166,6,TCAACCCAGAAATCGCTAGA,160,75025
TSS_1414_storz_regulondb,8.0,61,6,TCAAATACGGGACACGACTA,55,45940
TSS_1414_storz_regulondb,4.142857142857143,34,6,TCAAAGTGAACCACCGGGTT,28,81027
TSS_1414_storz_regulondb,8.857142857142858,67,6,TATTAATCCAAGGCCACCGG,61,2959
TSS_1414_storz_regulondb,2.142857142857143,20,6,TATCCAGTGTGTGCCCACCT,14,17646
TSS_1414_storz_regulondb,1.5714285714285714,16,6,TATATTTAAACGGAAAAGCA,10,22244
TSS_1414_storz_regulondb,2.142857142857143,20,6,TATAGTTAATACGCGCAGCG,14,24102
TSS_1414_storz_regulondb,0.42857142857142855,8,6,TATAGTGGGATCTCACTAAT,2,32138
TSS_1414_storz_regulondb,3.5714285714285716,30,6,TATAGCGGGCGATCACGTCA,24,79280
TSS_1414_storz_regulondb,2.4285714285714284,22,6,TATACCTGTCTTTGCACAAG,16,30145
TSS_1414_storz_regulondb,3.5714285714285716,30,6,TATAATGGATGTAACAGGCT,24,48339
TSS_1414_storz_regulondb,1.7142857142857142,17,6,TAGGGGCTCATGATGAATGT,11,29830
TSS_1414_storz_regulondb,1.4285714285714286,15,6,TAGGGCTCACCCGCTATCTA,9,80850
TSS_1414_storz_regulondb,0.42857142857142855,8,6,TAGCAGCAGAATGACAATGT,2,66728
TSS_1414_storz_regulondb,1.4285714285714286,15,6,TACTTTATCGCCAAGTGACC,9,22250
TSS_1414_storz_regulondb,3.7142857142857144,31,6,TACTAAACATCTGGTTTGCA,25,24517
TSS_1414_storz_regulondb,0.2857142857142857,7,6,TACCTGAATGATACTATTAA,1,53531
TSS_1414_storz_regulondb,2.0,19,6,TACCCAAGCGTTCGGCCCAG,13,31115
TSS_1414_storz_regulondb,2.142857142857143,20,6,TACATCGTACGCGCCGATGA,14,57965
TSS_1414_storz_regulondb,4.0,33,6,TAATCTATCCTGAATTCTGA,27,40483
TSS_1414_storz_regulondb,7.142857142857143,55,6,TAATCTAATTGGTGCGTTTG,49,37521
TSS_1414_storz_regulondb,3.142857142857143,27,6,TAAGCTACTCGGACGAAGAT,21,3474
TSS_1414_storz_regulondb,6.0,47,6,TAAGATATTCATGCAATTCT,41,17352
TSS_1414_storz_regulondb,3.7142857142857144,31,6,TAACCGCGATTATCGTAATT,25,39948
TSS_1414_storz_regulondb,2.0,19,6,TAAAGACGCAACCTGTATAA,13,30934
TSS_1414_storz_regulondb,5.428571428571429,43,6,TAAAAAATGTATCACGAAGG,37,9032
TSS_1414_storz_regulondb,0.2857142857142857,7,6,GTTGTTTCAGAGTCACTTTG,1,78927
TSS_1414_storz_regulondb,0.7142857142857143,10,6,GTTGATTCGAGTAGATGCCA,4,50279
TSS_1414_storz_regulondb,3.7142857142857144,31,6,GTTGAGCCGGGACTTAGGTC,25,72889
TSS_1414_storz_regulondb,4.857142857142857,39,6,GTTCTCGTCGCCCAGAAAAC,33,69410
TSS_1414_storz_regulondb,2.7142857142857144,24,6,GTTCTAAGTCGGATGTCTAT,18,58392
TSS_1414_storz_regulondb,8.285714285714286,63,6,GTTCGGTACCCCCCAGCTTT,57,37133
TSS_1414_storz_regulondb,4.142857142857143,34,6,GTTCCGCGGCAGATCTCGCA,28,39735
TSS_1414_storz_regulondb,4.571428571428571,37,6,GTTAAGTTAAACGGGGTCTC,31,62052
TSS_1414_storz_regulondb,1.8571428571428572,18,6,GTGCGGTACGAACACGCATA,12,37135
TSS_1414_storz_regulondb,1.8571428571428572,18,6,GTCTGAACAATCTTCCGTGG,12,43952
TSS_1414_storz_regulondb,2.4285714285714284,22,6,GTCGTCAAATGAAATCCGTT,16,35934
TSS_1414_storz_regulondb,0.2857142857142857,7,6,GTCGGAGCCCTATTTCTCAT,1,45253
TSS_1414_storz_regulondb,3.142857142857143,27,6,GTCGCTGTTACGGGGACAAA,21,59892
TSS_1414_storz_regulondb,0.2857142857142857,7,6,GTCCTAGGACGCACATCGGA,1,64609
TSS_1414_storz_regulondb,7.714285714285714,59,6,GTCCCCGTTAGAGGATGCGA,53,13704
TSS_1414_storz_regulondb,2.2857142857142856,21,6,GTCATGTGATAGGGTTGTGC,15,35865
TSS_1414_storz_regulondb,1.0,12,6,GTCAGCTGGCTTCTCTATCT,6,52321
TSS_1414_storz_regulondb,0.2857142857142857,7,6,GTCAGAGGGGCTTCCTCAGT,1,77530
TSS_1414_storz_regulondb,4.0,33,6,GTATGGGCTCCCGTTCCTTA,27,2433
TSS_1414_storz_regulondb,2.857142857142857,25,6,GTATCCCGCCCATCCCAGGT,19,59541
TSS_1414_storz_regulondb,3.142857142857143,27,6,GTAGATGGTGAATGCAGAGA,21,65142
TSS_1414_storz_regulondb,6.428571428571429,50,6,GGTTTTCCAGCAGCTATTCT,44,31947
TSS_1414_storz_regulondb,2.857142857142857,25,6,GGTTTCTAATTCCCCACGCT,19,34418
TSS_1414_storz_regulondb,3.4285714285714284,29,6,GGTTGGGCGACTGGACCATG,23,52678
TSS_1414_storz_regulondb,3.7142857142857144,31,6,GGTTAAAGTCGTCATAGGGG,25,640
TSS_1414_storz_regulondb,1.4285714285714286,15,6,GGTAGTGAGCTTTCCCTATG,9,77272
TSS_1414_storz_regulondb,4.285714285714286,35,6,GGTAGTCCAGTGGATCCTTA,29,32905
TSS_1414_storz_regulondb,2.0,19,6,GGGTGGCTAATCTTTCAAGT,13,1184
TSS_1414_storz_regulondb,0.2857142857142857,7,6,GGGTGATAAGAATTACTCGA,1,23509
TSS_1414_storz_regulondb,3.857142857142857,32,6,GGGTCCTGCTGTTATAACGG,26,65647
TSS_1414_storz_regulondb,2.4285714285714284,22,6,GGGTCAAAAATCCCTCTTCA,16,70346
TSS_1414_storz_regulondb,0.42857142857142855,8,6,GGGGTTTAGTTCATGCGGCA,2,57987
TSS_1414_storz_regulondb,0.2857142857142857,7,6,GGGGTATTTCAGAGAAAGGA,1,4604
TSS_1414_storz_regulondb,3.5714285714285716,30,6,GGGGCTGTTGGCAGTGCGTG,24,65787
TSS_1414_storz_regulondb,2.857142857142857,25,6,GGGGATCCAAAGTGCGTAAA,19,16225
TSS_1414_storz_regulondb,3.7142857142857144,31,6,GGGCTTGACTGTGGGGTAGG,25,80755
TSS_1414_storz_regulondb,0.2857142857142857,7,6,GGGCCTCTAGAATTTTTTTC,1,65687
TSS_1414_storz_regulondb,3.5714285714285716,30,6,GGGAACATCGTGCTAATGTG,24,67594
TSS_1414_storz_regulondb,4.857142857142857,39,6,GGCTAGATAGACCCCGTGTA,33,52944
TSS_1414_storz_regulondb,2.2857142857142856,21,6,GGCGGCCCCAGCATGAGGTG,15,56275
TSS_1414_storz_regulondb,8.857142857142858,67,6,GGCGCTGCACACTGAAAGAT,61,54796
TSS_1414_storz_regulondb,2.2857142857142856,21,6,GGCGAAGTCTGAATCACAGT,15,64653
TSS_1414_storz_regulondb,7.285714285714286,56,6,GGCCTGCGCGTAACCGATGG,50,25049
TSS_1414_storz_regulondb,6.571428571428571,51,6,GGCCCCGTCTCACTCTAGAC,45,42355
TSS_1414_storz_regulondb,5.857142857142857,46,6,GGATCATCACAACTCATTAC,40,3822
TSS_1414_storz_regulondb,1.2857142857142858,14,6,GGAGCAGCTATCGGCAGTAT,8,55368
TSS_1414_storz_regulondb,2.2857142857142856,21,6,GGACTCTCAGCCTCGGCGTT,15,36321
TSS_1414_storz_regulondb,0.7142857142857143,10,6,GGACCATTACGATCGTTCTC,4,56649
TSS_1414_storz_regulondb,12.571428571428571,93,6,GGACCACCCGGATCAGTTTA,87,54782
TSS_1414_storz_regulondb,4.285714285714286,35,6,GGACAATCGGATATGGATTA,29,37044
TSS_1414_storz_regulondb,4.857142857142857,39,6,GGACAAGGGAGGCGAATCTC,33,24416
TSS_1414_storz_regulondb,4.857142857142857,39,6,GCTTGTCTCAGGTTCTAGAT,33,54198
TSS_1414_storz_regulondb,4.142857142857143,34,6,GCTTCAATTGAGGCTCGGGA,28,16354
TSS_1414_storz_regulondb,6.857142857142857,53,6,GCTGATTCAATCCATGATGT,47,16090
TSS_1414_storz_regulondb,5.428571428571429,43,6,GCTCTCTTAAATTCCACCTC,37,29600
TSS_1414_storz_regulondb,3.7142857142857144,31,6,GCTCGTCATTAATGTGGCTG,25,59953
TSS_1414_storz_regulondb,11.714285714285714,87,6,GCTCGGGGTCCCCCTGCCCG,81,45117
TSS_1414_storz_regulondb,3.142857142857143,27,6,GCTATATGGAACAAATGTGG,21,62812
TSS_1414_storz_regulondb,3.857142857142857,32,6,GCTAATTACAATACAGTACT,26,69873
TSS_1414_storz_regulondb,3.2857142857142856,28,6,GCGGCTTGACCGCTGTCTGC,22,10786
TSS_1414_storz_regulondb,0.2857142857142857,7,6,GCGAGGGGCACCATGAGTAA,1,69279
TSS_1414_storz_regulondb,16.857142857142858,123,6,GCCTTTCACTTGGGGCTGGT,117,52731
TSS_1414_storz_regulondb,4.571428571428571,37,6,GCCTTTACGATTGCACCCTG,31,40216
TSS_1414_storz_regulondb,5.857142857142857,46,6,GCCTTCGCAGATTGATGCAT,40,22984
TSS_1414_storz_regulondb,3.4285714285714284,29,6,GCCTGCTAGGATGAATACCT,23,7268
TSS_1414_storz_regulondb,0.5714285714285714,9,6,GCCCTTCGCGATAGTACTTC,3,38508
TSS_1414_storz_regulondb,3.5714285714285716,30,6,GCCCTAGGAGTAACCCGTAC,24,2023
TSS_1414_storz_regulondb,0.2857142857142857,7,6,GCCCGCGGTAAATCGAAGGG,1,31174
TSS_1414_storz_regulondb,2.4285714285714284,22,6,GCCAGGCTCTTTAGAGCGGA,16,15692
TSS_1414_storz_regulondb,0.2857142857142857,7,6,GCATATCCGGACTTACGATC,1,76984
TSS_1414_storz_regulondb,3.2857142857142856,28,6,GCAGCTTATGTCCGAGGCTA,22,24308
TSS_1414_storz_regulondb,2.857142857142857,25,6,GCAACGCCGACTCCAAAGAC,19,6669
TSS_1414_storz_regulondb,5.428571428571429,43,6,GATTGCATGCGGCTCAACTT,37,34907
TSS_1414_storz_regulondb,2.0,19,6,GATTGACATCACGCAAGTCT,13,18283
TSS_1414_storz_regulondb,0.2857142857142857,7,6,GATTCATGTTATTACTTGTT,1,24345
TSS_1414_storz_regulondb,4.0,33,6,GATTAAGGAGGTGGACTGGT,27,43559
TSS_1414_storz_regulondb,33.142857142857146,237,6,GATCGACCATGGTCCCGATT,231,73001
TSS_1414_storz_regulondb,2.2857142857142856,21,6,GAGCTCGGTCATCACACGTC,15,63283
TSS_1414_storz_regulondb,3.2857142857142856,28,6,GAGAATGTGCGGATAGTTGT,22,7327
TSS_1414_storz_regulondb,1.0,12,6,GACTATGTGTGAGGTGGTGT,6,64938
TSS_1414_storz_regulondb,1.2857142857142858,14,6,GACGCGTGCCTCGTTGAGCT,8,41667
TSS_1414_storz_regulondb,8.142857142857142,62,6,GACGCAAACTGTTGCCGCAT,56,46927
TSS_1414_storz_regulondb,3.142857142857143,27,6,GACCTGACTAGAATCTGCAG,21,51965
TSS_1414_storz_regulondb,6.714285714285714,52,6,GACCTCATTCTTATCCCAGG,46,51780
TSS_1414_storz_regulondb,3.5714285714285716,30,6,GACCGTATCCTTTCGTTCGG,24,49999
TSS_1414_storz_regulondb,3.4285714285714284,29,6,GACCAGAACACCATTTTCTG,23,45250
TSS_1414_storz_regulondb,4.857142857142857,39,6,GAATTATTAGAGTACCGGGG,33,45695
TSS_1414_storz_regulondb,6.142857142857143,48,6,GAATGCCTCAAGCGTCTCGG,42,24883
TSS_1414_storz_regulondb,4.428571428571429,36,6,GAAGTGGACCGGTTAGCGAA,30,31965
TSS_1414_storz_regulondb,3.4285714285714284,29,6,GAAGTCAGACAAGGCTTGTA,23,60670
TSS_1414_storz_regulondb,0.2857142857142857,7,6,GAAGGAGAAAGTACGTTCGA,1,10285
TSS_1414_storz_regulondb,3.7142857142857144,31,6,GAAGCGTAAAGGCGGTCCTT,25,75614
TSS_1414_storz_regulondb,2.7142857142857144,24,6,GAAGAACTGACGACAGTCTT,18,19946
TSS_1414_storz_regulondb,2.142857142857143,20,6,GAAAGCATACACATTTCGCT,14,7834
TSS_1414_storz_regulondb,2.7142857142857144,24,6,GAAACAACAGTGTCGCGGAT,18,15235
TSS_1414_storz_regulondb,2.5714285714285716,23,6,CTTTATTGAATTGCGAGGGG,17,56488
TSS_1414_storz_regulondb,5.857142857142857,46,6,CTTCTGTAAAACCTGTAAAT,40,5639
TSS_1414_storz_regulondb,2.2857142857142856,21,6,CTTATGCCATCGCCGAGTGA,15,52339
TSS_1414_storz_regulondb,1.0,12,6,CTTACATGGCAAAAGACAGA,6,434
TSS_1414_storz_regulondb,1.7142857142857142,17,6,CTTAACAGCCGATTGAGGTT,11,7856
TSS_1414_storz_regulondb,2.2857142857142856,21,6,CTGTTATTTGAGAGCGTATT,15,31753
TSS_1414_storz_regulondb,1.0,12,6,CTGTGTTAACTCGACGACCA,6,19401
TSS_1414_storz_regulondb,3.4285714285714284,29,6,CTGTCTCCGCAATGACCACA,23,60356
TSS_1414_storz_regulondb,0.2857142857142857,7,6,CTGTAGAGGTAACGCTTGGT,1,45102
TSS_1414_storz_regulondb,2.857142857142857,25,6,CTGGCTCCATAAGGTGCGAC,19,46492
TSS_1414_storz_regulondb,0.2857142857142857,7,6,CTCTGACATGACATCTGAAT,1,8789
TSS_1414_storz_regulondb,7.142857142857143,55,6,CTCTAGCACTAAGTCCATGT,49,72177
TSS_1414_storz_regulondb,3.0,26,6,CTCGTTGTTCGTAATCACAG,20,56352
TSS_1414_storz_regulondb,3.7142857142857144,31,6,CTCGGCCGATCGCTGGAGTC,25,12111
TSS_1414_storz_regulondb,5.428571428571429,43,6,CTCGAGAATGGGTTGCCCTA,37,53589
TSS_1414_storz_regulondb,3.857142857142857,32,6,CTCGAATGGAGACATTGCCA,26,60871
TSS_1414_storz_regulondb,5.571428571428571,44,6,CTCCCTCCTTACCCACGTAA,38,32681
TSS_1414_storz_regulondb,3.142857142857143,27,6,CTCCACAGTAGGTTACATCG,21,11791
TSS_1414_storz_regulondb,4.0,33,6,CTCAGTCATAAGGGCTTGGT,27,12327
TSS_1414_storz_regulondb,2.4285714285714284,22,6,CTATGTTTCTTGGGCGTGGC,16,53672
TSS_1414_storz_regulondb,3.0,26,6,CTATCTAGGTAGCCAGTCTG,20,906
TSS_1414_storz_regulondb,1.1428571428571428,13,6,CTATCGATGGCGTACGCCCC,7,24495
TSS_1414_storz_regulondb,0.42857142857142855,8,6,CTATCACAGTCCATTGGGGA,2,41895
TSS_1414_storz_regulondb,3.142857142857143,27,6,CTAGCCGTCGGTGAAACTAC,21,49943
TSS_1414_storz_regulondb,3.7142857142857144,31,6,CTACGAGGGGCCTGCGGACT,25,14501
TSS_1414_storz_regulondb,10.857142857142858,81,6,CTAATTGGTCCCACCATGCT,75,75372
TSS_1414_storz_regulondb,3.142857142857143,27,6,CGTTTCATTTGGGCATTTCG,21,6340
TSS_1414_storz_regulondb,3.5714285714285716,30,6,CGTTATGTAATGGGGTCGCT,24,66994
TSS_1414_storz_regulondb,3.5714285714285716,30,6,CGTTATCTTCGGTAACACAA,24,75416
TSS_1414_storz_regulondb,3.7142857142857144,31,6,CGTGTAGCGATGTTTTAACT,25,61086
TSS_1414_storz_regulondb,10.714285714285714,80,6,CGTGGACTAGGAGGAGGCCT,74,9080
TSS_1414_storz_regulondb,6.0,47,6,CGTGCTTATACTAGCCTCCA,41,27329
TSS_1414_storz_regulondb,4.857142857142857,39,6,CGTCTGCGCATTTGTGCTTA,33,12980
TSS_1414_storz_regulondb,3.4285714285714284,29,6,CGTCTATTAACAGGGGAACG,23,30610
TSS_1414_storz_regulondb,4.428571428571429,36,6,CGTCTATCCTGGGTGGGCCT,30,2986
TSS_1414_storz_regulondb,0.2857142857142857,7,6,CGTCCAACCGTATCTGTCAG,1,14286
TSS_1414_storz_regulondb,4.142857142857143,34,6,CGTATCCAGTACATTGTGGG,28,38540
TSS_1414_storz_regulondb,5.428571428571429,43,6,CGGTTCTGGGCGCCCGTGAT,37,49692
TSS_1414_storz_regulondb,0.7142857142857143,10,6,CGGTTACTCATTCCGAGTCG,4,19011
TSS_1414_storz_regulondb,15.142857142857142,111,6,CGGTAGGCGCTGACTGTACA,105,54793
TSS_1414_storz_regulondb,3.2857142857142856,28,6,CGGTAACACGGTGGTCACAG,22,31250
TSS_1414_storz_regulondb,3.857142857142857,32,6,CGGGTGCGCGGTAATCAACC,26,34550
TSS_1414_storz_regulondb,1.5714285714285714,16,6,CGGCTCGTGCGACGGGTTTT,10,13654
TSS_1414_storz_regulondb,1.7142857142857142,17,6,CGGCCGTCCCCAATGGCTCA,11,49745
TSS_1414_storz_regulondb,4.428571428571429,36,6,CGCTGCTGCGGGGCAGAGTC,30,50814
TSS_1414_storz_regulondb,4.857142857142857,39,6,CGCGAGCGGGGCTGCCGGCA,33,12734
TSS_1414_storz_regulondb,0.2857142857142857,7,6,CGCAGGCGTAGCCTTGGTTG,1,69505
TSS_1414_storz_regulondb,1.5714285714285714,16,6,CGAGACGTTTACTGGTGATG,10,68693
TSS_1414_storz_regulondb,3.2857142857142856,28,6,CGACGTTAGCTCCAGATGAG,22,31974
TSS_1414_storz_regulondb,2.7142857142857144,24,6,CCTTAATTATTAAAAGTTTC,18,67551
TSS_1414_storz_regulondb,11.571428571428571,86,6,CCTGCCTAAACTTCGTGTAG,80,62089
TSS_1414_storz_regulondb,3.4285714285714284,29,6,CCTCGTGTGCGGTCCACGGC,23,27730
TSS_1414_storz_regulondb,1.0,12,6,CCTACTTAACCTCAATAGCT,6,23091
TSS_1414_storz_regulondb,3.7142857142857144,31,6,CCTAAGCGGACACGGCCCTA,25,57972
TSS_1414_storz_regulondb,2.0,19,6,CCTAACATTCGTACGCTACT,13,41913
TSS_1414_storz_regulondb,0.2857142857142857,7,6,CCGTTCAGCAAGTATACCTA,1,27722
TSS_1414_storz_regulondb,1.1428571428571428,13,6,CCGTGCATTATCACGTCCAA,7,54091
TSS_1414_storz_regulondb,1.8571428571428572,18,6,CCGTATGCGTTCACGATATG,12,64252
TSS_1414_storz_regulondb,0.2857142857142857,7,6,CCGTATATAAAGACGACTTG,1,47838
TSS_1414_storz_regulondb,4.857142857142857,39,6,CCGGGCTGGATGTGTACTAG,33,5548
TSS_1414_storz_regulondb,1.1428571428571428,13,6,CCGGCGCCGGGTCGCCAGGT,7,59770
TSS_1414_storz_regulondb,2.2857142857142856,21,6,CCGCTCTTAAATGGGCGAAG,15,29349
TSS_1414_storz_regulondb,5.714285714285714,45,6,CCGAGATAACTGTCCACCTA,39,26058
TSS_1414_storz_regulondb,3.2857142857142856,28,6,CCGACGGGCTTAAACCTGGC,22,59483
TSS_1414_storz_regulondb,6.428571428571429,50,6,CCGAATAGAAAGGTTCTGGG,44,13548
TSS_1414_storz_regulondb,3.857142857142857,32,6,CCCTAGTGATTGGTGGCTGG,26,12013
TSS_1414_storz_regulondb,4.714285714285714,38,6,CCCGTGACCTGCGCAGAGAA,32,80343
TSS_1414_storz_regulondb,3.4285714285714284,29,6,CCCGTCCTCCGACTTTTATA,23,47282
TSS_1414_storz_regulondb,1.0,12,6,CCCGGTGTAATAACCTGGAA,6,5395
TSS_1414_storz_regulondb,3.0,26,6,CCCCTGTACATCTCAGTGAT,20,15329
TSS_1414_storz_regulondb,2.2857142857142856,21,6,CCCCGGCTCATCTCGAAAGT,15,26855
TSS_1414_storz_regulondb,16.142857142857142,118,6,CCCCGCTCTATACTAGATGA,112,26154
TSS_1414_storz_regulondb,4.714285714285714,38,6,CCCCAGATGTCTCCAGTAAC,32,13261
TSS_1414_storz_regulondb,3.2857142857142856,28,6,CCCATGCTGTTTTGTGCCGT,22,19201
TSS_1414_storz_regulondb,1.8571428571428572,18,6,CCCAGGTTGTCTCGGGATTA,12,62241
TSS_1414_storz_regulondb,5.285714285714286,42,6,CCCACGGTTGTCTGTGTTCT,36,65554
TSS_1414_storz_regulondb,0.7142857142857143,10,6,CCAGCTGAAAATTTTTGGGT,4,50717
TSS_1414_storz_regulondb,4.285714285714286,35,6,CCACTTCCCCAGACGTTTTG,29,61854
TSS_1414_storz_regulondb,2.7142857142857144,24,6,CCACTGACACCGTGGGAGGG,18,15406
TSS_1414_storz_regulondb,4.428571428571429,36,6,CCACCCTCGTTCCGTGCCAC,30,19994
TSS_1414_storz_regulondb,2.7142857142857144,24,6,CCACCCGGTGGTGATGGCCA,18,59417
TSS_1414_storz_regulondb,1.2857142857142858,14,6,CCAATAGGGCTGAGCCAGAT,8,60529
TSS_1414_storz_regulondb,0.2857142857142857,7,6,CATTTCTGTCGGGGAATCCC,1,37928
TSS_1414_storz_regulondb,2.2857142857142856,21,6,CATTTCCTGTAGCTCTTACG,15,22829
TSS_1414_storz_regulondb,3.857142857142857,32,6,CATTACTTGGTATTTATGAT,26,4872
TSS_1414_storz_regulondb,2.4285714285714284,22,6,CATGTCCATAGTCAGTCTCG,16,30743
TSS_1414_storz_regulondb,6.857142857142857,53,6,CATACCCCGGAAGTTGGCCT,47,55666
TSS_1414_storz_regulondb,5.857142857142857,46,6,CAGGTGCACTATGCTAGTGA,40,19739
TSS_1414_storz_regulondb,4.714285714285714,38,6,CAGGCGTTCTAAGATCTCGT,32,46368
TSS_1414_storz_regulondb,3.7142857142857144,31,6,CAGGCATCTACGTTGTTGAA,25,873
TSS_1414_storz_regulondb,0.2857142857142857,7,6,CAGCCTTACCCTGTGGACCT,1,34011
TSS_1414_storz_regulondb,0.2857142857142857,7,6,CAGCCTGCGTTAGTCTGCAT,1,31684
TSS_1414_storz_regulondb,1.7142857142857142,17,6,CAGCATGTCTCTAAGGGAAA,11,58472
TSS_1414_storz_regulondb,0.2857142857142857,7,6,CAGCATGAGTCGATTGTTTA,1,30515
TSS_1414_storz_regulondb,2.7142857142857144,24,6,CAGACGTCCTGTCATCAACT,18,59646
TSS_1414_storz_regulondb,2.2857142857142856,21,6,CAGAATAAATCGAAGGGAAG,15,18304
TSS_1414_storz_regulondb,2.4285714285714284,22,6,CAGAACGTGATGACGGGGTG,16,30852
TSS_1414_storz_regulondb,4.714285714285714,38,6,CACTAAAGAGATTCTACTTC,32,69145
TSS_1414_storz_regulondb,0.2857142857142857,7,6,CACGCGCGTCCGTGACATAT,1,7198
TSS_1414_storz_regulondb,10.714285714285714,80,6,CACGAATTCCCCCTAGCTTG,74,24087
TSS_1414_storz_regulondb,3.7142857142857144,31,6,CACATGGATATATTCCCCCG,25,65257
TSS_1414_storz_regulondb,4.714285714285714,38,6,CACAGCCTAAGGACACGAAG,32,55590
TSS_1414_storz_regulondb,2.4285714285714284,22,6,CAATGTAATACAGAGTTGTA,16,4513
TSS_1414_storz_regulondb,2.5714285714285716,23,6,CAATAAACCGCTATCCATGA,17,7315
TSS_1414_storz_regulondb,3.142857142857143,27,6,CAACTTATAACCACTACTTG,21,26738
TSS_1414_storz_regulondb,2.4285714285714284,22,6,CAAATTTAAATGATGGTTAT,16,11971
TSS_1414_storz_regulondb,6.285714285714286,49,6,CAAATGCCTCGGAGCTTCGT,43,7907
TSS_1414_storz_regulondb,0.8571428571428571,11,6,ATTTAAGTCCAGACAACCCG,5,10454
TSS_1414_storz_regulondb,1.4285714285714286,15,6,ATTGTGTCGCGACTTTAGGG,9,52143
TSS_1414_storz_regulondb,1.7142857142857142,17,6,ATTGTATATAGTGGTAAGTA,11,50957
TSS_1414_storz_regulondb,2.2857142857142856,21,6,ATTCTCTATAATTGACTTCC,15,44404
TSS_1414_storz_regulondb,14.428571428571429,106,6,ATTCATGCGCGGCCTTGGAC,100,56838
TSS_1414_storz_regulondb,4.0,33,6,ATTATCTCTAGTTATATTCC,27,926
TSS_1414_storz_regulondb,2.0,19,6,ATTAGCTGTAGCGAACTCCT,13,57820
TSS_1414_storz_regulondb,5.714285714285714,45,6,ATTACCGGGGTGCCCTTCTT,39,8634
TSS_1414_storz_regulondb,7.142857142857143,55,6,ATTACAGAGTCAGCCACCGG,49,32139
TSS_1414_storz_regulondb,0.2857142857142857,7,6,ATTACAGAAGGCTAATCGTA,1,48075
TSS_1414_storz_regulondb,1.7142857142857142,17,6,ATGCTATCCCCCAACAAGAT,11,9774
TSS_1414_storz_regulondb,1.5714285714285714,16,6,ATGCGCATCTGACACCGGTA,10,72968
TSS_1414_storz_regulondb,6.285714285714286,49,6,ATGACGAGCGGGTGTATAGA,43,36768
TSS_1414_storz_regulondb,8.571428571428571,65,6,ATCTAACGGGTAACAAAGGA,59,67472
TSS_1414_storz_regulondb,4.428571428571429,36,6,ATCGTGGAAAAAAGCTGCTC,30,61408
TSS_1414_storz_regulondb,2.2857142857142856,21,6,ATCGTGCAAACGGCGGTGCA,15,39467
TSS_1414_storz_regulondb,19.428571428571427,141,6,ATCGTCAGGTTCCAGTCAGG,135,75006
TSS_1414_storz_regulondb,2.0,19,6,ATCGTAGCCAAATGGGTAGG,13,13959
TSS_1414_storz_regulondb,4.857142857142857,39,6,ATCAGATACTGTAAGATGTA,33,19121
TSS_1414_storz_regulondb,4.714285714285714,38,6,ATCACTGAGCACGGGATGGA,32,60933
TSS_1414_storz_regulondb,0.2857142857142857,7,6,ATCACAGACTGGGAGAGAAG,1,47127
TSS_1414_storz_regulondb,4.142857142857143,34,6,ATCAATCCGCTAACGAGACT,28,54956
TSS_1414_storz_regulondb,0.2857142857142857,7,6,ATATCGCGTATAGCGAGCGC,1,13448
TSS_1414_storz_regulondb,25.285714285714285,182,6,ATAGGTTGAGGGGGTCTAGT,176,27543
TSS_1414_storz_regulondb,2.2857142857142856,21,6,ATACGCGGCATACACATCTA,15,79403
TSS_1414_storz_regulondb,3.142857142857143,27,6,ATAAGTAACACGAGCCCCCA,21,56313
TSS_1414_storz_regulondb,2.2857142857142856,21,6,ATAACCCGACCAGTAACGGA,15,38756
TSS_1414_storz_regulondb,26.142857142857142,188,6,AGTGAAGCGCTAGTTTCAAT,182,75021
TSS_1414_storz_regulondb,1.4285714285714286,15,6,AGTGAAGCAGCCGTTCCGTG,9,57295
TSS_1414_storz_regulondb,0.2857142857142857,7,6,AGTCTCGGCATGCCAAAGTA,1,52330
TSS_1414_storz_regulondb,0.2857142857142857,7,6,AGTCAACGTATTGGCGTACG,1,68714
TSS_1414_storz_regulondb,6.857142857142857,53,6,AGTATTCTTACTCTTACTGT,47,54783
TSS_1414_storz_regulondb,2.0,19,6,AGTATGATTCGTTCGAATTA,13,18649
TSS_1414_storz_regulondb,3.7142857142857144,31,6,AGGTGATGATCTCTATTTTG,25,46987
TSS_1414_storz_regulondb,4.142857142857143,34,6,AGGTCACGATCGGACCATGC,28,18250
TSS_1414_storz_regulondb,3.2857142857142856,28,6,AGGGGTATTCAACGGTCCAT,22,73334
TSS_1414_storz_regulondb,4.0,33,6,AGGGCGAGCCGAATTACCGT,27,36642
TSS_1414_storz_regulondb,5.285714285714286,42,6,AGGCTTAGAGGTTTTCGGTA,36,65256
TSS_1414_storz_regulondb,2.4285714285714284,22,6,AGGCGAGGCATTCTGTGTCC,16,75889
TSS_1414_storz_regulondb,3.4285714285714284,29,6,AGGAGGTGTACCCTTTCACA,23,3949
TSS_1414_storz_regulondb,3.0,26,6,AGGACAGGAATTACTAAAGC,20,41015
TSS_1414_storz_regulondb,3.2857142857142856,28,6,AGCTTCGGTGTTTATCGCGA,22,5853
TSS_1414_storz_regulondb,2.2857142857142856,21,6,AGCTGACACAACATGACGAG,15,78563
TSS_1414_storz_regulondb,3.2857142857142856,28,6,AGCGCATGCACTCCGATTTA,22,45098
TSS_1414_storz_regulondb,4.571428571428571,37,6,AGCCTTCAGCACATCTGCTT,31,20554
TSS_1414_storz_regulondb,3.857142857142857,32,6,AGCCAGGGCCGCGCATGAGA,26,46423
TSS_1414_storz_regulondb,6.428571428571429,50,6,AGCATACTGTAGCCTAAACG,44,62860
TSS_1414_storz_regulondb,0.2857142857142857,7,6,AGCACGTATGATATGGTGCC,1,19257
TSS_1414_storz_regulondb,7.857142857142857,60,6,AGCACAGCCCCAGCTGCCTG,54,40469
TSS_1414_storz_regulondb,0.2857142857142857,7,6,AGCAAGTTCTCGAGGTCCTG,1,13118
TSS_1414_storz_regulondb,5.714285714285714,45,6,AGATCTTTGTAAAGTTTTTC,39,80097
TSS_1414_storz_regulondb,0.2857142857142857,7,6,AGATATCTCTGTGACCTGGC,1,70881
TSS_1414_storz_regulondb,12.142857142857142,90,6,AGAGTTGAAAGAGGATGCAA,84,68815
TSS_1414_storz_regulondb,4.428571428571429,36,6,AGAGGGTCCTTCAGGATGGA,30,58560
TSS_1414_storz_regulondb,3.142857142857143,27,6,AGAGCAGCTCTTTGCTTCGG,21,75228
TSS_1414_storz_regulondb,3.142857142857143,27,6,AGAGAGACCTTAGGACCCCT,21,215
TSS_1414_storz_regulondb,6.0,47,6,AGACTCGATGAGTGACCAAA,41,31997
TSS_1414_storz_regulondb,5.285714285714286,42,6,AGACGATAGTGCGGCTGTCG,36,44095
TSS_1414_storz_regulondb,5.285714285714286,42,6,AGACCTCTCGTTTAGGGCGC,36,61
TSS_1414_storz_regulondb,4.857142857142857,39,6,AGAAATCAGAAAACAACAGT,33,62657
TSS_1414_storz_regulondb,3.142857142857143,27,6,ACTTGCGGCATTCCTCCCTG,21,1070
TSS_1414_storz_regulondb,0.2857142857142857,7,6,ACTTCACGTGAAGCCGTTTC,1,71388
TSS_1414_storz_regulondb,0.2857142857142857,7,6,ACTATGCTGCTATATGTCGT,1,17981
TSS_1414_storz_regulondb,3.4285714285714284,29,6,ACTATCTGTGCATATCGGGC,23,7308
TSS_1414_storz_regulondb,3.142857142857143,27,6,ACGTTCCACGGACGCTAAAG,21,78371
TSS_1414_storz_regulondb,4.142857142857143,34,6,ACGTGGGTGACACGCACGAA,28,65057
TSS_1414_storz_regulondb,0.2857142857142857,7,6,ACGGGTTCTTAGAGCGGGCA,1,77417
TSS_1414_storz_regulondb,4.428571428571429,36,6,ACGGAGTTTAATTCGCAGAG,30,48210
TSS_1414_storz_regulondb,2.2857142857142856,21,6,ACGCTCCGAGACAGTACAAT,15,73960
TSS_1414_storz_regulondb,8.428571428571429,64,6,ACGCTATTCTGTCGTGATCT,58,35253
TSS_1414_storz_regulondb,0.2857142857142857,7,6,ACGCGGCACGGTCGTTGGGT,1,60414
TSS_1414_storz_regulondb,7.571428571428571,58,6,ACGCCTCTGGTCCCCTACAT,52,15303
TSS_1414_storz_regulondb,3.4285714285714284,29,6,ACGCAAGTCCTCACAACCAG,23,77519
TSS_1414_storz_regulondb,1.8571428571428572,18,6,ACGAGAGTCACTAGGTCAGT,12,22429
TSS_1414_storz_regulondb,5.0,40,6,ACCGCCCCCAAACATCGTGA,34,710
TSS_1414_storz_regulondb,0.5714285714285714,9,6,ACCCGGACAGAGGGATGTAG,3,66938
TSS_1414_storz_regulondb,2.2857142857142856,21,6,ACCCCTCGGGATACCGCTAT,15,40007
TSS_1414_storz_regulondb,1.8571428571428572,18,6,ACCATGAAACCGAATGGGTG,12,59783
TSS_1414_storz_regulondb,4.714285714285714,38,6,ACCAGCGGTCACTAGGCAAT,32,70645
TSS_1414_storz_regulondb,10.571428571428571,79,6,ACCACGAGGAGGAGTAGCCC,73,4861
TSS_1414_storz_regulondb,1.0,12,6,ACCACCGAGCAGATACGGGC,6,5563
TSS_1414_storz_regulondb,2.4285714285714284,22,6,ACCAAATATCTTCAAAGGTG,16,13953
TSS_1414_storz_regulondb,3.2857142857142856,28,6,ACATGCCAACTCACCAAAGT,22,69549
TSS_1414_storz_regulondb,2.0,19,6,ACATAAGGGCCTTTCCCGCT,13,12934
TSS_1414_storz_regulondb,4.0,33,6,ACAGCTCATCTGGGGAGGGA,27,5073
TSS_1414_storz_regulondb,3.4285714285714284,29,6,ACACCTTACATGGATCATGC,23,21707
TSS_1414_storz_regulondb,7.285714285714286,56,6,ACACACTGGGCACGTGTATG,50,35270
TSS_1414_storz_regulondb,5.428571428571429,43,6,ACAATTCAAGTGGATCGTCT,37,2200
TSS_1414_storz_regulondb,0.2857142857142857,7,6,ACAAGTTCTATCACCCCCGA,1,46655
TSS_1414_storz_regulondb,4.428571428571429,36,6,AATTTATTAAATCTTGATGA,30,63868
TSS_1414_storz_regulondb,0.2857142857142857,7,6,AATTAGGGCAACTGGTGTCC,1,71139
TSS_1414_storz_regulondb,3.7142857142857144,31,6,AATTAGACAGGTCGTGAAGG,25,72921
TSS_1414_storz_regulondb,4.285714285714286,35,6,AATGGTGGTCGTGCTTCGCT,29,40589
TSS_1414_storz_regulondb,2.4285714285714284,22,6,AATGGGCCAATGCTGACTGC,16,23330
TSS_1414_storz_regulondb,2.2857142857142856,21,6,AATCTGTCTCTATGCTAATA,15,56056
TSS_1414_storz_regulondb,0.2857142857142857,7,6,AATCAGAAGGATATCCGAAT,1,14504
TSS_1414_storz_regulondb,5.714285714285714,45,6,AATAGCAGTAAAGACAAGAG,39,44235
TSS_1414_storz_regulondb,7.428571428571429,57,6,AATACTTACGCTCGTCCTTT,51,64887
TSS_1414_storz_regulondb,6.571428571428571,51,6,AATAAGTTCCTGTGCCGCGT,45,69177
TSS_1414_storz_regulondb,5.142857142857143,41,6,AAGTTAAGTTCCTGCTAAAA,35,21839
TSS_1414_storz_regulondb,6.142857142857143,48,6,AAGTGGCGCTTAGTTTTCCT,42,5276
TSS_1414_storz_regulondb,3.2857142857142856,28,6,AAGTGGAACTTACCCAACCT,22,53681
TSS_1414_storz_regulondb,5.285714285714286,42,6,AAGGTTCGACATTAACTTGA,36,19074
TSS_1414_storz_regulondb,10.142857142857142,76,6,AAGGCGGTGCAGTTTTGATT,70,8292
TSS_1414_storz_regulondb,0.8571428571428571,11,6,AAGCGTGACGTCGCGTTGTG,5,31554
TSS_1414_storz_regulondb,3.4285714285714284,29,6,AAGCCAGGAAAATTCTAAAG,23,72107
TSS_1414_storz_regulondb,2.2857142857142856,21,6,AAGAGGATCTTCGGTCCTAG,15,33430
TSS_1414_storz_regulondb,1.4285714285714286,15,6,AAGACTGTTTCCCCCCATCT,9,19473
TSS_1414_storz_regulondb,4.571428571428571,37,6,AACTTTGGCGCCGGGTGCAG,31,20441
TSS_1414_storz_regulondb,0.2857142857142857,7,6,AACTTTGACTGCTCTTATTG,1,46028
TSS_1414_storz_regulondb,2.5714285714285716,23,6,AACTTCTTCGATTTGCACAC,17,8187
TSS_1414_storz_regulondb,3.7142857142857144,31,6,AACTTAATTAGTGGTACCAT,25,79665
TSS_1414_storz_regulondb,2.7142857142857144,24,6,AACTGGGCCCGTTCATTGAT,18,67345
TSS_1414_storz_regulondb,11.714285714285714,87,6,AACAGCTACCTCGTGACGGA,81,45863
TSS_1414_storz_regulondb,1.8571428571428572,18,6,AACAGCCTCCACACGGAAGA,12,48261
TSS_1414_storz_regulondb,1.1428571428571428,13,6,AACACTTGGGATTTAAGGAA,7,37302
TSS_1414_storz_regulondb,2.142857142857143,20,6,AACAACTGTTTCACAAGTAT,14,78662
TSS_1414_storz_regulondb,6.0,47,6,AAATTCCCCTAACGTTGTGT,41,57538
TSS_1414_storz_regulondb,5.857142857142857,46,6,AAATATTCAGTACAACGCAT,40,76374
TSS_1414_storz_regulondb,10.285714285714286,77,6,AAAGGTCTGTACTCGCTCCC,71,25619
TSS_1414_storz_regulondb,2.7142857142857144,24,6,AAAGGAGTAAGCGAGAGAAA,18,10793
TSS_1414_storz_regulondb,3.7142857142857144,31,6,AAAGCGCGTTGACGGCTCTA,25,39389
TSS_1414_storz_regulondb,3.142857142857143,27,6,AAACTATTGGGCGGCAAGAC,21,55907
TSS_1414_storz_regulondb,16.571428571428573,121,6,AAACGGCTCAGAGCGCGTGT,115,73018
TSS_1414_storz_regulondb,5.428571428571429,43,6,AAAACAAATAAATACCGTTT,37,29351
TSS_1414_storz_regulondb,3.3333333333333335,24,5,TTTGTAAATGGTCTACGGTT,19,26863
TSS_1414_storz_regulondb,4.166666666666667,29,5,TTTGCACTTCCTTGGCAGGT,24,8248
TSS_1414_storz_regulondb,6.666666666666667,44,5,TTTCAATTCAGTCCCAACCT,39,77582
TSS_1414_storz_regulondb,3.6666666666666665,26,5,TTTATGCTTAGCCCACAGTC,21,48795
TSS_1414_storz_regulondb,4.5,31,5,TTTAGAATCCATAGGCCGCC,26,25188
TSS_1414_storz_regulondb,5.333333333333333,36,5,TTTACTGTATTGGACATGAA,31,18256
TSS_1414_storz_regulondb,3.6666666666666665,26,5,TTTACGGAGCCTATCTTATT,21,42105
TSS_1414_storz_regulondb,0.5,7,5,TTGGCGTCGAGATCTAAGAG,2,38653
TSS_1414_storz_regulondb,0.3333333333333333,6,5,TTGGAAGCTGCAGTAGTGCA,1,43426
TSS_1414_storz_regulondb,9.166666666666666,59,5,TTGCCAGGCGAGAGAGCACG,54,56873
TSS_1414_storz_regulondb,1.3333333333333333,12,5,TTGAGTAAGACACTAGCCGG,7,34286
TSS_1414_storz_regulondb,0.3333333333333333,6,5,TTGAGCGGCCTGGTAGCCGT,1,6432
TSS_1414_storz_regulondb,1.6666666666666667,14,5,TTCTAACAGCTTGCACCGAA,9,77970
TSS_1414_storz_regulondb,0.3333333333333333,6,5,TTCGTGAAAAACCTTCTAGA,1,16122
TSS_1414_storz_regulondb,4.166666666666667,29,5,TTCGCTGGTGTTGTACTTTA,24,43810
TSS_1414_storz_regulondb,0.3333333333333333,6,5,TTCGCATACGAACGTCGGTT,1,48744
TSS_1414_storz_regulondb,2.6666666666666665,20,5,TTCGATTTGTCCGTGTTAAC,15,21380
TSS_1414_storz_regulondb,0.3333333333333333,6,5,TTCCGCGGAGCCGGTGGCCT,1,27920
TSS_1414_storz_regulondb,2.8333333333333335,21,5,TTCCCCGCTCACTGCTCCAC,16,78327
TSS_1414_storz_regulondb,2.8333333333333335,21,5,TTCACGGCAAACGTCCAACG,16,36924
TSS_1414_storz_regulondb,4.833333333333333,33,5,TTAGGACTTTTGATAAGTAT,28,36317
TSS_1414_storz_regulondb,10.5,67,5,TTAGCTTTGTATGGGGATGT,62,39515
TSS_1414_storz_regulondb,2.3333333333333335,18,5,TTACGTGCTGAGGATACTAA,13,5845
TSS_1414_storz_regulondb,0.3333333333333333,6,5,TTAAGCAATGTCTCAGGAAT,1,73179
TSS_1414_storz_regulondb,2.0,16,5,TTAAGAATTTCCTAGCCGGG,11,49637
TSS_1414_storz_regulondb,6.666666666666667,44,5,TGTTGTGTTTGAGCAGTTAC,39,8504
TSS_1414_storz_regulondb,3.6666666666666665,26,5,TGTTCTAGGGGTGCTTAGGT,21,77104
TSS_1414_storz_regulondb,4.666666666666667,32,5,TGTTCGGAGATGAGCCTTGA,27,80243
TSS_1414_storz_regulondb,4.666666666666667,32,5,TGTGGTGTAGGGGTTCCTTT,27,45704
TSS_1414_storz_regulondb,5.0,34,5,TGTGATCGCATGTCAGGTGA,29,15292
TSS_1414_storz_regulondb,3.3333333333333335,24,5,TGTCGCCGAATCGCTCGATA,19,71089
TSS_1414_storz_regulondb,1.6666666666666667,14,5,TGTCCAGATCGCACTACGAA,9,73944
TSS_1414_storz_regulondb,4.0,28,5,TGTCAAACTATTGCTAACAG,23,49186
TSS_1414_storz_regulondb,0.3333333333333333,6,5,TGGTGGTGTGCGGGTCTCGT,1,7647
TSS_1414_storz_regulondb,3.5,25,5,TGGTCCGGACTGGATCCTTC,20,79295
TSS_1414_storz_regulondb,2.0,16,5,TGGTACGTTGTCAAGGTGTC,11,55725
TSS_1414_storz_regulondb,3.5,25,5,TGGGACTGGATTCAGTGGCA,20,32634
TSS_1414_storz_regulondb,2.5,19,5,TGGGACGGTTCGTAAGCCTA,14,69651
TSS_1414_storz_regulondb,0.3333333333333333,6,5,TGGGAACAGGGGGTAAAGGA,1,65367
TSS_1414_storz_regulondb,2.5,19,5,TGGGAAAGTGTGTTAGCATG,14,618
TSS_1414_storz_regulondb,3.5,25,5,TGGCTCGAGTAGACCTTGGA,20,12428
TSS_1414_storz_regulondb,10.666666666666666,68,5,TGGCGATAGACTACCTATTG,63,24501
TSS_1414_storz_regulondb,2.6666666666666665,20,5,TGGCCTGGGTCCTGATCTAG,15,21810
TSS_1414_storz_regulondb,3.3333333333333335,24,5,TGGCCGCGCAAAGGTCTTGG,19,63041
TSS_1414_storz_regulondb,8.0,52,5,TGCTTACGTATACATCGAAT,47,79807
TSS_1414_storz_regulondb,4.5,31,5,TGCTGACAGGCCCTGTTATG,26,77047
TSS_1414_storz_regulondb,3.3333333333333335,24,5,TGCGTTAATGTGTCTGTCGC,19,38658
TSS_1414_storz_regulondb,2.3333333333333335,18,5,TGCGTATGGGAAAGAGGCAA,13,75910
TSS_1414_storz_regulondb,4.833333333333333,33,5,TGCCCGGTTCCTATTTGGAA,28,5399
TSS_1414_storz_regulondb,12.0,76,5,TGCCAAGGAGCATTCTCCTG,71,40425
TSS_1414_storz_regulondb,0.8333333333333334,9,5,TGCAGGGTCGCCGCTGTTAT,4,1132
TSS_1414_storz_regulondb,5.5,37,5,TGCAGCGCTGCTTCAAGTGG,32,32002
TSS_1414_storz_regulondb,3.0,22,5,TGCAGCCTCATGGGTAACAC,17,32549
TSS_1414_storz_regulondb,3.5,25,5,TGCAGCCGCGACTGAGTTGA,20,60458
TSS_1414_storz_regulondb,5.333333333333333,36,5,TGCAATTATGTTCTGTGATG,31,55362
TSS_1414_storz_regulondb,1.0,10,5,TGCAACGGCATGAAAGAAGT,5,57885
TSS_1414_storz_regulondb,2.0,16,5,TGAGTCATGATGGAATGCCT,11,35623
TSS_1414_storz_regulondb,4.5,31,5,TGAGGCGTGAGATTCCATCG,26,75935
TSS_1414_storz_regulondb,5.833333333333333,39,5,TGAGCGGTCCTAGCGGTAAA,34,36102
TSS_1414_storz_regulondb,0.5,7,5,TGAGAAATCTGAAAGTGTCA,2,68464
TSS_1414_storz_regulondb,7.666666666666667,50,5,TGACCGTTAGTCCTGGCTTC,45,10601
TSS_1414_storz_regulondb,5.0,34,5,TGACCGAGATTTGTTTAATG,29,15498
TSS_1414_storz_regulondb,2.5,19,5,TCTGTATCAATGGGTGGAGA,14,75246
TSS_1414_storz_regulondb,9.666666666666666,62,5,TCTGGTGATCCACGCCACAT,57,46870
TSS_1414_storz_regulondb,3.5,25,5,TCTGGAAAGTTCCGAGGACT,20,13078
TSS_1414_storz_regulondb,9.5,61,5,TCTGCGTCAATCCCGAGTAC,56,56881
TSS_1414_storz_regulondb,4.666666666666667,32,5,TCTCCGGGGCCTACGTTACT,27,50733
TSS_1414_storz_regulondb,1.5,13,5,TCTAGCAACTTCTATGTCTC,8,5732
TSS_1414_storz_regulondb,4.0,28,5,TCTACACGGATATGTCGCGA,23,4064
TSS_1414_storz_regulondb,4.833333333333333,33,5,TCGGGCAACCCACCACGGCC,28,62292
TSS_1414_storz_regulondb,0.3333333333333333,6,5,TCGCATCTAGCACTTCCTGG,1,776
TSS_1414_storz_regulondb,0.8333333333333334,9,5,TCGACCTAGGGCTCCCTTAC,4,23058
TSS_1414_storz_regulondb,4.166666666666667,29,5,TCCTTGAGGGAAGTACTATT,24,10338
TSS_1414_storz_regulondb,5.166666666666667,35,5,TCCTCCAAGAAGAAGCCACC,30,37603
TSS_1414_storz_regulondb,3.3333333333333335,24,5,TCCGTGCATTACCGAGCGTC,19,16060
TSS_1414_storz_regulondb,2.1666666666666665,17,5,TCCCGTTCTTTGTTGTTGGT,12,68438
TSS_1414_storz_regulondb,8.166666666666666,53,5,TCCATGGTTATAATAACTAA,48,1416
TSS_1414_storz_regulondb,1.5,13,5,TCCACGCGACAAATAGTGAC,8,9800
TSS_1414_storz_regulondb,5.5,37,5,TCAGCCTCCCCTATTAAGTT,32,44497
TSS_1414_storz_regulondb,4.166666666666667,29,5,TATGGTGGTAAGTTTTCCGG,24,55754
TSS_1414_storz_regulondb,3.3333333333333335,24,5,TATCACCCGGGTTTCTAGTA,19,57217
TSS_1414_storz_regulondb,0.3333333333333333,6,5,TATATACCGTTTAGAAAGTG,1,9277
TSS_1414_storz_regulondb,0.3333333333333333,6,5,TATAGGTGCCGCAGTCCCCG,1,56535
TSS_1414_storz_regulondb,2.3333333333333335,18,5,TATAATGTGGTATACAGTCC,13,78404
TSS_1414_storz_regulondb,4.833333333333333,33,5,TAGTCAGGTTCGAGGGCGGA,28,20209
TSS_1414_storz_regulondb,3.1666666666666665,23,5,TAGGTATATAGCACAGTCTA,18,67523
TSS_1414_storz_regulondb,3.5,25,5,TAGCGACCCAGAAGGCATAT,20,64698
TSS_1414_storz_regulondb,53.333333333333336,324,5,TAGCCACACATTGGGTTTCT,319,75803
TSS_1414_storz_regulondb,6.833333333333333,45,5,TAGAACTGGAAATTATCTGA,40,47027
TSS_1414_storz_regulondb,3.3333333333333335,24,5,TACTTTCGCGTGTTGTCACT,19,67468
TSS_1414_storz_regulondb,2.3333333333333335,18,5,TACTTAGATACCTATCGTCG,13,65223
TSS_1414_storz_regulondb,5.5,37,5,TACTTAACGGTTCCATCCCG,32,78760
TSS_1414_storz_regulondb,6.333333333333333,42,5,TACTGGCATGGTATATAACC,37,54608
TSS_1414_storz_regulondb,3.6666666666666665,26,5,TACTCGCGGATATCGATCAA,21,61813
TSS_1414_storz_regulondb,8.166666666666666,53,5,TACCTTCGGATCGGTCCCCC,48,34124
TSS_1414_storz_regulondb,5.0,34,5,TACAGTTAGAAAGTTGGCCC,29,14469
TSS_1414_storz_regulondb,6.5,43,5,TAATGAGGCCATTTATAAGG,38,69035
TSS_1414_storz_regulondb,5.333333333333333,36,5,TAATAGCATAAAGGACCGAA,31,52283
TSS_1414_storz_regulondb,1.0,10,5,TAACTCGGGGAAAGGCATGT,5,62562
TSS_1414_storz_regulondb,6.0,40,5,TAACTCGAGGCCTCGGAGTG,35,17136
TSS_1414_storz_regulondb,4.666666666666667,32,5,TAACGATCCGATACCCGGTC,27,78695
TSS_1414_storz_regulondb,3.6666666666666665,26,5,TAAATGCCAGGCGTAGTCTT,21,2126
TSS_1414_storz_regulondb,4.0,28,5,TAAAGTAACGCGGGTCTTTT,23,21756
TSS_1414_storz_regulondb,2.0,16,5,GTTTTCATTCCAATTCCGGC,11,74479
TSS_1414_storz_regulondb,0.3333333333333333,6,5,GTTTGATTGTTGCCTTGGGC,1,48340
TSS_1414_storz_regulondb,7.333333333333333,48,5,GTTTCTCCTCATTTGTAATC,43,65749
TSS_1414_storz_regulondb,4.666666666666667,32,5,GTTGTGAGGGGGCCTCTCTA,27,71721
TSS_1414_storz_regulondb,9.333333333333334,60,5,GTTCTCGCCGCCTAAGTACA,55,17282
TSS_1414_storz_regulondb,2.1666666666666665,17,5,GTTAACGTTACATGGTAATG,12,1182
TSS_1414_storz_regulondb,5.166666666666667,35,5,GTGTTTAATTGTGAGAATGA,30,39958
TSS_1414_storz_regulondb,1.8333333333333333,15,5,GTGTTAATAATCTCATCTAA,10,70531
TSS_1414_storz_regulondb,6.0,40,5,GTGTGCAGTTGCAACGGCAG,35,41573
TSS_1414_storz_regulondb,58.0,352,5,GTGTCTCAGTAGGGATATCG,347,23757
TSS_1414_storz_regulondb,1.8333333333333333,15,5,GTGGTGGGCGCGCCCTTTCA,10,67810
TSS_1414_storz_regulondb,7.166666666666667,47,5,GTGCCTGGGGACCGACTCTT,42,50567
TSS_1414_storz_regulondb,3.3333333333333335,24,5,GTCTGCGGCTCCAATCGCGA,19,55952
TSS_1414_storz_regulondb,0.3333333333333333,6,5,GTCTCCTCACTATAAAGCCA,1,74112
TSS_1414_storz_regulondb,2.3333333333333335,18,5,GTCTCAACGAGGCTCGAAAC,13,46562
TSS_1414_storz_regulondb,2.5,19,5,GTCTAAGGTGTATTCTGAGA,14,14632
TSS_1414_storz_regulondb,4.0,28,5,GTCGTCGTGCCCCACCTAGT,23,23439
TSS_1414_storz_regulondb,2.6666666666666665,20,5,GTCGTCCTCTTCGCATTGAA,15,79893
TSS_1414_storz_regulondb,2.8333333333333335,21,5,GTCGCCCGTTCAATGGCCAT,16,13981
TSS_1414_storz_regulondb,2.6666666666666665,20,5,GTCCCGGCTTTACAGAACAT,15,7439
TSS_1414_storz_regulondb,5.333333333333333,36,5,GTCACGACGTAGGTACAATA,31,41398
TSS_1414_storz_regulondb,5.666666666666667,38,5,GTATCCTCAGTATTCAGCCT,33,35339
TSS_1414_storz_regulondb,22.333333333333332,138,5,GTACGCATGCATGGTATGAC,133,66922
TSS_1414_storz_regulondb,3.6666666666666665,26,5,GTACCGCGGGTGCATTATCC,21,57348
TSS_1414_storz_regulondb,1.0,10,5,GGTTACGACAAATTTTAGAT,5,9841
TSS_1414_storz_regulondb,1.5,13,5,GGTTAAGCCTCTGCAACGCC,8,19357
TSS_1414_storz_regulondb,3.0,22,5,GGTCTCATCGCAAAGTACGC,17,59076
TSS_1414_storz_regulondb,2.1666666666666665,17,5,GGTCGATTGGTACGCGTCAG,12,77930
TSS_1414_storz_regulondb,3.3333333333333335,24,5,GGTAACTTTTATTACGCGGA,19,75304
TSS_1414_storz_regulondb,0.3333333333333333,6,5,GGTAACCCCGCATAGAACAC,1,40041
TSS_1414_storz_regulondb,6.333333333333333,42,5,GGGTTGAGACAGGCTTAACT,37,4638
TSS_1414_storz_regulondb,3.3333333333333335,24,5,GGGTTGAATGAGCCTATACT,19,25670
TSS_1414_storz_regulondb,3.1666666666666665,23,5,GGGTTCTTTAAGAAGCATCG,18,26744
TSS_1414_storz_regulondb,0.3333333333333333,6,5,GGGTGAGAATGGATTCAGTA,1,69288
TSS_1414_storz_regulondb,6.5,43,5,GGGTCTTAGAATACACTATA,38,69068
TSS_1414_storz_regulondb,4.666666666666667,32,5,GGGTACAGTGGCACTTAACG,27,19084
TSS_1414_storz_regulondb,3.6666666666666665,26,5,GGGGCGCGAAATTTTGATTG,21,34116
TSS_1414_storz_regulondb,5.666666666666667,38,5,GGGGCCTACACATCTCGAAA,33,70769
TSS_1414_storz_regulondb,15.666666666666666,98,5,GGGGAATTCGTTACGCGTCT,93,69173
TSS_1414_storz_regulondb,19.0,118,5,GGGCTAATCGGGGACTATTA,113,71389
TSS_1414_storz_regulondb,2.1666666666666665,17,5,GGGCGACACGCCCCAGGTGA,12,69198
TSS_1414_storz_regulondb,0.3333333333333333,6,5,GGGAGGACGCTAATAATCCG,1,69052
TSS_1414_storz_regulondb,0.5,7,5,GGCTTCTTATGGTTAACGCG,2,34647
TSS_1414_storz_regulondb,3.3333333333333335,24,5,GGCTCTGATTTTGTTGTCCA,19,58348
TSS_1414_storz_regulondb,4.5,31,5,GGCTCCAATCTTAATTCTGG,26,22602
TSS_1414_storz_regulondb,2.6666666666666665,20,5,GGCTCAGTCAATTTCATTAA,15,31603
TSS_1414_storz_regulondb,0.3333333333333333,6,5,GGCCTAGGCGTCCACCGAAT,1,70065
TSS_1414_storz_regulondb,2.5,19,5,GGCCGGCCAGGCTGTAAATG,14,50017
TSS_1414_storz_regulondb,7.0,46,5,GGCCGGAACCTTTTCAAATA,41,72948
TSS_1414_storz_regulondb,7.0,46,5,GGCCAAACGGGTTCATTACA,41,55745
TSS_1414_storz_regulondb,7.166666666666667,47,5,GGATCTGATGCTCAATATAT,42,41885
TSS_1414_storz_regulondb,4.666666666666667,32,5,GGATCTCGACCGTCATATAT,27,56554
TSS_1414_storz_regulondb,4.5,31,5,GGATAAACTTGGCTGGCGGT,26,24831
TSS_1414_storz_regulondb,0.3333333333333333,6,5,GCTTAAACTATAGTGCCGGA,1,796
TSS_1414_storz_regulondb,0.3333333333333333,6,5,GCTGTGTGCGTCTGGGCTAA,1,64520
TSS_1414_storz_regulondb,5.166666666666667,35,5,GCTGTAGCGCGTTCGCATAC,30,66877
TSS_1414_storz_regulondb,5.333333333333333,36,5,GCTGGCGCAATTCGAATACA,31,46455
TSS_1414_storz_regulondb,2.0,16,5,GCGGTTCCCCCGTCTTCGCT,11,12423
TSS_1414_storz_regulondb,3.5,25,5,GCGCGGGCAAGGGCGCGATT,20,65814
TSS_1414_storz_regulondb,4.666666666666667,32,5,GCGCAGAATTACTTGCTTGT,27,49451
TSS_1414_storz_regulondb,5.166666666666667,35,5,GCGATCGCTTCGCTATCGCT,30,80205
TSS_1414_storz_regulondb,3.3333333333333335,24,5,GCGATCCTAGTTCGGGGGGA,19,29487
TSS_1414_storz_regulondb,3.8333333333333335,27,5,GCGAGCTAAGACAAGGGTCT,22,62456
TSS_1414_storz_regulondb,8.833333333333334,57,5,GCCTTGAGTCTCACCGCCAA,52,27530
TSS_1414_storz_regulondb,4.5,31,5,GCCTGCGGTGGATCTACCAA,26,53964
TSS_1414_storz_regulondb,3.6666666666666665,26,5,GCCTGAACGCTTCATATGAA,21,48464
TSS_1414_storz_regulondb,2.5,19,5,GCCTCCTACCCGCCCTGTTT,14,80520
TSS_1414_storz_regulondb,2.8333333333333335,21,5,GCCCCAGACGAGCATGGCCC,16,36299
TSS_1414_storz_regulondb,3.0,22,5,GCAGGACTGCTAACGCTCAT,17,61327
TSS_1414_storz_regulondb,3.3333333333333335,24,5,GCAGACCGCTACTTGTGGTT,19,9623
TSS_1414_storz_regulondb,2.8333333333333335,21,5,GCAAGTAGGCCTAGAGCTGA,16,69235
TSS_1414_storz_regulondb,7.5,49,5,GCAAGGCCTAGGCGGTACAC,44,63040
TSS_1414_storz_regulondb,3.5,25,5,GCAAGCACTCGGAGCAGTCA,20,32478
TSS_1414_storz_regulondb,1.0,10,5,GATTCTGGAGTTCTGCAGTG,5,58620
TSS_1414_storz_regulondb,22.5,139,5,GATTCTCGAGGAATGTCATT,134,27518
TSS_1414_storz_regulondb,2.1666666666666665,17,5,GATTACGGCACACGTGGGAA,12,49393
TSS_1414_storz_regulondb,3.5,25,5,GATCCCTCGGTGAAGTTGAG,20,41402
TSS_1414_storz_regulondb,3.1666666666666665,23,5,GATCATGATAATGTGCTGAA,18,69420
TSS_1414_storz_regulondb,1.1666666666666667,11,5,GATAAGGCCCACTCACCGGG,6,3207
TSS_1414_storz_regulondb,6.833333333333333,45,5,GATAACTATCAGAAACGATC,40,1003
TSS_1414_storz_regulondb,6.0,40,5,GATAACGATCCTCCGGTATA,35,40432
TSS_1414_storz_regulondb,3.0,22,5,GATAAAATCCTAAGGTGACT,17,70091
TSS_1414_storz_regulondb,0.3333333333333333,6,5,GAGTTGCGGTGGACTGCTCT,1,70336
TSS_1414_storz_regulondb,4.833333333333333,33,5,GAGGGTCGGATCTTGCACAA,28,6303
TSS_1414_storz_regulondb,3.0,22,5,GAGCCCCGTGACTTTAAGCG,17,47492
TSS_1414_storz_regulondb,3.0,22,5,GAGACTGACAGTACGGTTAG,17,27118
TSS_1414_storz_regulondb,3.0,22,5,GAGACTCTGATCAAGCACTA,17,27125
TSS_1414_storz_regulondb,7.333333333333333,48,5,GAGAAGTTTGATCCACATAG,43,44804
TSS_1414_storz_regulondb,4.833333333333333,33,5,GACTATTCCCCCCGGCTATA,28,29979
TSS_1414_storz_regulondb,5.0,34,5,GACACAAGCCACGTACCCCC,29,71500
TSS_1414_storz_regulondb,6.833333333333333,45,5,GAATTCTTGACATTTATGCA,40,7930
TSS_1414_storz_regulondb,0.3333333333333333,6,5,GAATATCCTGATTTAATCTT,1,11560
TSS_1414_storz_regulondb,0.3333333333333333,6,5,GAAGCTCCTAATCCTTGCTA,1,52371
TSS_1414_storz_regulondb,6.5,43,5,GAAGACTTATAACTTAATTC,38,26382
TSS_1414_storz_regulondb,17.166666666666668,107,5,GAACGCAAGTCTTATCAAGT,102,9083
TSS_1414_storz_regulondb,3.1666666666666665,23,5,GAACATGTACCGGGTCGTGC,18,62072
TSS_1414_storz_regulondb,3.0,22,5,GAAACAGTGTGACCGATTAG,17,68
TSS_1414_storz_regulondb,0.3333333333333333,6,5,CTTTTGGTCCCTCTTGGCGT,1,18173
TSS_1414_storz_regulondb,3.5,25,5,CTTTGTAATTTGTCTCCAGT,20,28145
TSS_1414_storz_regulondb,3.3333333333333335,24,5,CTTTGCTACGGTGTAGCCAT,19,7557
TSS_1414_storz_regulondb,4.666666666666667,32,5,CTTTCTCTGGCACCGTACTT,27,49632
TSS_1414_storz_regulondb,5.333333333333333,36,5,CTTTAACGGAGTTTTGTTTC,31,76854
TSS_1414_storz_regulondb,2.3333333333333335,18,5,CTTGTATCCGGCCGTCGCTT,13,70771
TSS_1414_storz_regulondb,2.1666666666666665,17,5,CTTGGGCGCTGATCATTCCA,12,33008
TSS_1414_storz_regulondb,0.3333333333333333,6,5,CTTGCTGACGCCTTTGGCAT,1,76923
TSS_1414_storz_regulondb,3.5,25,5,CTTATTGGAGCGGTAGTCCT,20,14963
TSS_1414_storz_regulondb,4.0,28,5,CTTAGTAATCAAACTTCGGT,23,80032
TSS_1414_storz_regulondb,11.333333333333334,72,5,CTGTTGAATCCCGCAAATGG,67,58751
TSS_1414_storz_regulondb,6.0,40,5,CTGTGTTAGAGCACCGGAGA,35,76858
TSS_1414_storz_regulondb,5.666666666666667,38,5,CTGTATGACCTAATGATTAT,33,72039
TSS_1414_storz_regulondb,2.1666666666666665,17,5,CTGGCACGAGCCTCTTTCAA,12,62348
TSS_1414_storz_regulondb,2.1666666666666665,17,5,CTGCGGACCCCAGCGCTTTG,12,34434
TSS_1414_storz_regulondb,0.3333333333333333,6,5,CTGACCACCGCTACGGCCGA,1,39175
TSS_1414_storz_regulondb,2.0,16,5,CTGACCAAAAGGCGCGACGA,11,971
TSS_1414_storz_regulondb,9.5,61,5,CTCTGACGTAGCTAGCGAGG,56,44912
TSS_1414_storz_regulondb,2.0,16,5,CTCTCGACTCACTATTGGCG,11,63077
TSS_1414_storz_regulondb,2.1666666666666665,17,5,CTCCCACTTAAACCGTGCCT,12,14251
TSS_1414_storz_regulondb,8.0,52,5,CTATGTCCCGCCAAGCGGGT,47,56844
TSS_1414_storz_regulondb,0.3333333333333333,6,5,CTATAGTGGACGACTATCCC,1,24958
TSS_1414_storz_regulondb,86.0,520,5,CTAATACCGATTCTGCGGCT,515,75007
TSS_1414_storz_regulondb,0.3333333333333333,6,5,CTAACCACGTTAGGCTAATG,1,26843
TSS_1414_storz_regulondb,0.3333333333333333,6,5,CTAACCACACACGTCCCAAT,1,78780
TSS_1414_storz_regulondb,5.166666666666667,35,5,CTAACAGGGAGGACGGCAAG,30,60535
TSS_1414_storz_regulondb,0.3333333333333333,6,5,CTAAATGGCAATAAAAACGT,1,19849
TSS_1414_storz_regulondb,8.166666666666666,53,5,CGTTGGCTGAGGTCTGTGTA,48,47942
TSS_1414_storz_regulondb,0.5,7,5,CGTTCTTAACGTATTTGCTG,2,42503
TSS_1414_storz_regulondb,0.3333333333333333,6,5,CGTTCCAGGGTATGTTCTAC,1,47379
TSS_1414_storz_regulondb,3.1666666666666665,23,5,CGTTAACGCGCCCCCGGTCA,18,63175
TSS_1414_storz_regulondb,5.666666666666667,38,5,CGTGCCTATGAATGGCTGGA,33,51940
TSS_1414_storz_regulondb,4.833333333333333,33,5,CGTCGAGTCATGATCTTCTA,28,30390
TSS_1414_storz_regulondb,3.6666666666666665,26,5,CGTCATACGGGTACGTTAAG,21,40110
TSS_1414_storz_regulondb,2.3333333333333335,18,5,CGTACGAGGCGGTTGATCGA,13,80112
TSS_1414_storz_regulondb,5.5,37,5,CGGTGACTACGTCAAAGTTA,32,63759
TSS_1414_storz_regulondb,0.3333333333333333,6,5,CGGTCCATGGAGGAAACTCT,1,49232
TSS_1414_storz_regulondb,9.166666666666666,59,5,CGGGTTGCCCCGCATGCCAT,54,27932
TSS_1414_storz_regulondb,0.3333333333333333,6,5,CGGGACTGTTCCTTTTGGTT,1,61802
TSS_1414_storz_regulondb,7.666666666666667,50,5,CGGCTTGAGCCTTGAAGCTG,45,47935
TSS_1414_storz_regulondb,2.6666666666666665,20,5,CGGCAGGCTCACAAGTTACA,15,22519
TSS_1414_storz_regulondb,3.8333333333333335,27,5,CGGATGGGTAATGCAAAAGC,22,23089
TSS_1414_storz_regulondb,8.0,52,5,CGGATCATACATTCTTACCT,47,53356
TSS_1414_storz_regulondb,0.3333333333333333,6,5,CGGATAACGTTCCTGTATTA,1,6971
TSS_1414_storz_regulondb,2.0,16,5,CGGAGTCATTTGATAAACAT,11,60962
TSS_1414_storz_regulondb,8.0,52,5,CGCTTTCTACGTCGTATAAA,47,57221
TSS_1414_storz_regulondb,1.1666666666666667,11,5,CGCGCCTAACATTGACTCCA,6,46799
TSS_1414_storz_regulondb,9.833333333333334,63,5,CGCCTGAGGCAGGCTAAACA,58,34068
TSS_1414_storz_regulondb,2.6666666666666665,20,5,CGCAACGCCCTTAGAGCGCA,15,2811
TSS_1414_storz_regulondb,4.833333333333333,33,5,CGCAAATGCACGGGTACCTC,28,50894
TSS_1414_storz_regulondb,5.666666666666667,38,5,CGATTTTGGCGTGCTGAGCT,33,51283
TSS_1414_storz_regulondb,1.1666666666666667,11,5,CGATCTCGAAAAGCAAAGGA,6,7575
TSS_1414_storz_regulondb,2.6666666666666665,20,5,CGATCGTTTCAGGGGGCTCG,15,34373
TSS_1414_storz_regulondb,0.3333333333333333,6,5,CGACGCTGCCATCAGCGCAA,1,21665
TSS_1414_storz_regulondb,3.5,25,5,CGACACAGCCGACGAGGTAC,20,14093
TSS_1414_storz_regulondb,6.0,40,5,CGAAGGTCAGATTGATGCGA,35,50116
TSS_1414_storz_regulondb,3.3333333333333335,24,5,CGAAACGGGCGAGATTGGCT,19,42606
TSS_1414_storz_regulondb,10.333333333333334,66,5,CGAAACCCAAGAGTGAAAGA,61,33729
TSS_1414_storz_regulondb,1.0,10,5,CGAAAACGGTAATTTCCAAC,5,47032
TSS_1414_storz_regulondb,0.3333333333333333,6,5,CCTTGGGAAGTTTGCAAAGG,1,1841
TSS_1414_storz_regulondb,0.3333333333333333,6,5,CCTGTGAACAGGGACTCCCA,1,43720
TSS_1414_storz_regulondb,3.3333333333333335,24,5,CCTGTATGCCCTCTTGGAAG,19,7026
TSS_1414_storz_regulondb,2.6666666666666665,20,5,CCTGGGCTTGAGTCCTCGTA,15,72109
TSS_1414_storz_regulondb,3.3333333333333335,24,5,CCTATCAAGCTCGATAACTA,19,25242
TSS_1414_storz_regulondb,6.833333333333333,45,5,CCTATATGTCACAGCTTGCT,40,4125
TSS_1414_storz_regulondb,2.5,19,5,CCTACTGGGAGAATCCAACT,14,63184
TSS_1414_storz_regulondb,2.1666666666666665,17,5,CCGTAGAAACTTCAGTGGTA,12,41804
TSS_1414_storz_regulondb,3.1666666666666665,23,5,CCGGGCGCTGTGACCTGCCC,18,5087
TSS_1414_storz_regulondb,6.5,43,5,CCGCGGAGGTGTCCAATCTT,38,38546
TSS_1414_storz_regulondb,7.0,46,5,CCGCCCAGTGACCCGGGAAC,41,15420
TSS_1414_storz_regulondb,1.1666666666666667,11,5,CCGAACGGTAACGTTCACAG,6,74342
TSS_1414_storz_regulondb,3.5,25,5,CCGAAATTAGCCTCATATTG,20,57622
TSS_1414_storz_regulondb,0.3333333333333333,6,5,CCCTGCATGCGGATGCTGTC,1,4131
TSS_1414_storz_regulondb,5.0,34,5,CCCTGATATCTCGTAAGCCA,29,70052
TSS_1414_storz_regulondb,4.0,28,5,CCCTCCGAGCCGGCTACCTT,23,77605
TSS_1414_storz_regulondb,6.666666666666667,44,5,CCCGTCCCCGGCCCGATTAA,39,67127
TSS_1414_storz_regulondb,2.0,16,5,CCCCGGTGCCTGAGTAGCGG,11,61002
TSS_1414_storz_regulondb,1.0,10,5,CCATTTAGCAGACAGGAAAA,5,55307
TSS_1414_storz_regulondb,4.5,31,5,CCATTCTAGCCTGGGACTCT,26,48312
TSS_1414_storz_regulondb,0.3333333333333333,6,5,CCAGGTTGGTAGATGAGGGT,1,45736
TSS_1414_storz_regulondb,6.0,40,5,CCAGGTAGGTAGCGTTACCT,35,24500
TSS_1414_storz_regulondb,2.6666666666666665,20,5,CCACTTTGCATATTAAGCTG,15,78289
TSS_1414_storz_regulondb,4.5,31,5,CCACGTCCGGGCCAACGGCA,26,59054
TSS_1414_storz_regulondb,3.6666666666666665,26,5,CCACAATGGAGACGGCCCGG,21,44367
TSS_1414_storz_regulondb,7.0,46,5,CCAAAGGTTGGGTATGTATT,41,12226
TSS_1414_storz_regulondb,0.3333333333333333,6,5,CCAAAGCAAGTTCGGAGGCA,1,36574
TSS_1414_storz_regulondb,0.3333333333333333,6,5,CATTATGTAATTCCTCGAGA,1,15190
TSS_1414_storz_regulondb,5.166666666666667,35,5,CATGGAGGCCCACTTGTACC,30,46908
TSS_1414_storz_regulondb,3.5,25,5,CATCACTTGGGAATCTCAAG,20,52750
TSS_1414_storz_regulondb,2.5,19,5,CATATCCATGGACCAAGGAA,14,31443
TSS_1414_storz_regulondb,3.8333333333333335,27,5,CATATATTTGGCCGAATTCA,22,77633
TSS_1414_storz_regulondb,7.0,46,5,CAGTGGACAATGCCTTTGAC,41,57526
TSS_1414_storz_regulondb,12.0,76,5,CAGTACGGGGATGAGACCAA,71,45103
TSS_1414_storz_regulondb,15.333333333333334,96,5,CAGGGTAGCGCAAGCCCTCG,91,143
TSS_1414_storz_regulondb,2.0,16,5,CAGGCATTTCACCTCTTGGC,11,71705
TSS_1414_storz_regulondb,0.3333333333333333,6,5,CAGGAGTCTTGGAAACGAGC,1,68535
TSS_1414_storz_regulondb,0.3333333333333333,6,5,CAGCGCTATGCGCATTAAGT,1,50253
TSS_1414_storz_regulondb,3.8333333333333335,27,5,CAGATCGTCCGAAGTAATTT,22,78525
TSS_1414_storz_regulondb,4.166666666666667,29,5,CACTACTTCCCTCGATGGAC,24,23907
TSS_1414_storz_regulondb,0.3333333333333333,6,5,CACAGTTTCGACTGTATGCC,1,34898
TSS_1414_storz_regulondb,32.833333333333336,201,5,CACAAGCCTAGGGAGTATGT,196,5402
TSS_1414_storz_regulondb,3.5,25,5,CAATGCCCCTCCAGCGTCGT,20,62369
TSS_1414_storz_regulondb,0.3333333333333333,6,5,CAATGAAGTCGCAGCGGCTT,1,64810
TSS_1414_storz_regulondb,8.833333333333334,57,5,CAACTTAGCGTCCCGAACCT,52,51240
TSS_1414_storz_regulondb,0.3333333333333333,6,5,CAACCGTGTGTGTCTTTCAC,1,48302
TSS_1414_storz_regulondb,3.1666666666666665,23,5,CAAATAGGGGCTGACGTACA,18,35346
TSS_1414_storz_regulondb,3.3333333333333335,24,5,CAAAACGGCAACTTCGGACA,19,16282
TSS_1414_storz_regulondb,0.3333333333333333,6,5,ATTTTAATCACTGGGCAGCT,1,68977
TSS_1414_storz_regulondb,1.8333333333333333,15,5,ATTTGCTTTAATACGGGGTA,10,6324
TSS_1414_storz_regulondb,3.8333333333333335,27,5,ATTTGCGCCTACGGGACGAG,22,24250
TSS_1414_storz_regulondb,2.3333333333333335,18,5,ATTCTCTAGTTTTTCCGAGA,13,47791
TSS_1414_storz_regulondb,7.333333333333333,48,5,ATTCTAATAGGGTCAGTAGA,43,17605
TSS_1414_storz_regulondb,3.0,22,5,ATTCGTCCATCCAGTAGGAA,17,13160
TSS_1414_storz_regulondb,2.3333333333333335,18,5,ATTCGCTGTATAGTCCTTCA,13,10320
TSS_1414_storz_regulondb,0.3333333333333333,6,5,ATTCCCGAGATGACTGCAAT,1,8862
TSS_1414_storz_regulondb,15.333333333333334,96,5,ATTCAGTACATTGAGCGACA,91,68828
TSS_1414_storz_regulondb,5.333333333333333,36,5,ATTCAGTAACAAACATTTGT,31,9137
TSS_1414_storz_regulondb,10.666666666666666,68,5,ATGGGATATAAAACGGTCTT,63,29485
TSS_1414_storz_regulondb,2.0,16,5,ATGGAGGTACCCGGGACCCC,11,34326
TSS_1414_storz_regulondb,15.0,94,5,ATGCTTTGAAGTAATTCGCT,89,23918
TSS_1414_storz_regulondb,7.0,46,5,ATGCTCAAATTATCGATAGA,41,13452
TSS_1414_storz_regulondb,5.833333333333333,39,5,ATGCCCGAGGCTCTACCTGC,34,75221
TSS_1414_storz_regulondb,5.166666666666667,35,5,ATGCAGTTTGCTTACACCCC,30,46968
TSS_1414_storz_regulondb,2.0,16,5,ATGATTGAACAAGCCTCGTT,11,32011
TSS_1414_storz_regulondb,3.3333333333333335,24,5,ATGATAGAATTTAGAGGGGG,19,1146
TSS_1414_storz_regulondb,10.333333333333334,66,5,ATGAGGATGTATCGACCTTG,61,16378
TSS_1414_storz_regulondb,3.0,22,5,ATCTTAAGTCTGTGCGAGTT,17,35776
TSS_1414_storz_regulondb,1.6666666666666667,14,5,ATCTGGGTGGCAACGGGGCT,9,68741
TSS_1414_storz_regulondb,4.666666666666667,32,5,ATCTGAGTAGACGCGCCACA,27,17902
TSS_1414_storz_regulondb,2.6666666666666665,20,5,ATCTAAACATGTAATCTGAA,15,77839
TSS_1414_storz_regulondb,4.666666666666667,32,5,ATCGTTTCGCCCAGTACGAC,27,54362
TSS_1414_storz_regulondb,5.5,37,5,ATCGGTAATACTCCAAGTCG,32,42118
TSS_1414_storz_regulondb,2.5,19,5,ATCGCGCTAAAGTTAATATA,14,17786
TSS_1414_storz_regulondb,11.333333333333334,72,5,ATCCGCGTCTAGCAAGGTAT,67,75795
TSS_1414_storz_regulondb,5.5,37,5,ATCACTATCGGAGGTTGGAC,32,53340
TSS_1414_storz_regulondb,2.0,16,5,ATATTGGGTTGAGTTGATCA,11,24785
TSS_1414_storz_regulondb,5.5,37,5,ATATGATTCATCAGAGTGGC,32,3947
TSS_1414_storz_regulondb,4.666666666666667,32,5,ATATAATGGTGAATCCCGTC,27,2490
TSS_1414_storz_regulondb,4.333333333333333,30,5,ATAGTACATGCCACATACCA,25,75691
TSS_1414_storz_regulondb,3.3333333333333335,24,5,ATAGGGTCTAGGGAATACAT,19,13980
TSS_1414_storz_regulondb,0.5,7,5,ATACTACAGGTAACAAGTAG,2,33422
TSS_1414_storz_regulondb,4.833333333333333,33,5,ATAATTGTTCGGATAACCCG,28,80664
TSS_1414_storz_regulondb,7.166666666666667,47,5,ATAATATCTGCTTTCACAGG,42,35277
TSS_1414_storz_regulondb,7.5,49,5,ATAATAGCCTTTAAGTAACT,44,38980
TSS_1414_storz_regulondb,0.3333333333333333,6,5,AGTTCATCAATAACAGTTAA,1,36524
TSS_1414_storz_regulondb,0.3333333333333333,6,5,AGTGTGTGCTTTGAGCATTG,1,40005
TSS_1414_storz_regulondb,4.5,31,5,AGTGCGTCAACATTGCCAAG,26,48926
TSS_1414_storz_regulondb,7.833333333333333,51,5,AGTCTACATACATGGCAATT,46,55621
TSS_1414_storz_regulondb,4.833333333333333,33,5,AGTCCATTGTAAGATGGTTG,28,45763
TSS_1414_storz_regulondb,4.166666666666667,29,5,AGTAGCAGGAGCTGTAGCGT,24,71555
TSS_1414_storz_regulondb,2.3333333333333335,18,5,AGTAGAGAGGCGCACAGTAT,13,9851
TSS_1414_storz_regulondb,0.3333333333333333,6,5,AGTACTTCCACGAGTATGGT,1,54372
TSS_1414_storz_regulondb,3.0,22,5,AGGTGGCACCGGTAGCGGGT,17,28014
TSS_1414_storz_regulondb,0.8333333333333334,9,5,AGGTATCCTTCACGGTGGCG,4,33240
TSS_1414_storz_regulondb,0.3333333333333333,6,5,AGGGGACCAGGTCTGCGTCA,1,72890
TSS_1414_storz_regulondb,0.3333333333333333,6,5,AGGCTTCGGTGTAGAGGCCT,1,3434
TSS_1414_storz_regulondb,1.8333333333333333,15,5,AGGCGCTTTCATCACGTTTA,10,7989
TSS_1414_storz_regulondb,2.5,19,5,AGGCCTATCTCCTGTTCTGG,14,47553
TSS_1414_storz_regulondb,3.8333333333333335,27,5,AGGATGCCTGGGCTTTATGG,22,20460
TSS_1414_storz_regulondb,19.166666666666668,119,5,AGGAGTTCATGTGTGTGGCA,114,27513
TSS_1414_storz_regulondb,3.6666666666666665,26,5,AGGACTGAGTTACTTGACTA,21,50420
TSS_1414_storz_regulondb,3.3333333333333335,24,5,AGGAATACGTTTGTTTGAGA,19,11195
TSS_1414_storz_regulondb,5.5,37,5,AGCTTATACGTGAGGATAAA,32,57669
TSS_1414_storz_regulondb,5.5,37,5,AGCTCGATATACACATATGC,32,53881
TSS_1414_storz_regulondb,6.666666666666667,44,5,AGCCCTCTCAGGGTGTCTAG,39,35799
TSS_1414_storz_regulondb,4.333333333333333,30,5,AGCCCGGTGACATTGCCGAA,25,8307
TSS_1414_storz_regulondb,0.3333333333333333,6,5,AGCCCCGGTTGGACCTATCT,1,4985
TSS_1414_storz_regulondb,7.333333333333333,48,5,AGAGTGAGTGCTGGCATTAA,43,45300
TSS_1414_storz_regulondb,3.8333333333333335,27,5,AGACTGCAGTCCGCCGGTTC,22,67772
TSS_1414_storz_regulondb,1.3333333333333333,12,5,AGAACAATATATAGCTCTCG,7,68459
TSS_1414_storz_regulondb,3.1666666666666665,23,5,AGAAAGCCGTAACCTTTGTT,18,41411
TSS_1414_storz_regulondb,0.5,7,5,AGAAAATCGGATAAAACGGG,2,607
TSS_1414_storz_regulondb,3.8333333333333335,27,5,ACTTTTGCGCCGAAGTTCGT,22,56286
TSS_1414_storz_regulondb,5.333333333333333,36,5,ACTGGTGTAAAGGGTGACAA,31,56427
TSS_1414_storz_regulondb,0.3333333333333333,6,5,ACTCTACTAGCACGGAATGA,1,26184
TSS_1414_storz_regulondb,8.833333333333334,57,5,ACTCTACGAGATATGAATCA,52,27304
TSS_1414_storz_regulondb,5.5,37,5,ACTCCCAGATATATATTCGA,32,67373
TSS_1414_storz_regulondb,5.0,34,5,ACTAGACTACCCGACGGTAA,29,62637
TSS_1414_storz_regulondb,0.3333333333333333,6,5,ACTAATCAATACCATCTCGT,1,36249
TSS_1414_storz_regulondb,4.0,28,5,ACGTATAAGTGCCTCGATGA,23,29735
TSS_1414_storz_regulondb,7.833333333333333,51,5,ACGGTTCACCCGGCCCGGGG,46,41140
TSS_1414_storz_regulondb,4.166666666666667,29,5,ACGCTTATGTGACATTTAGC,24,43691
TSS_1414_storz_regulondb,3.6666666666666665,26,5,ACGCGGATGCGCTACAAAAG,21,12565
TSS_1414_storz_regulondb,2.6666666666666665,20,5,ACGCCATCGGCTATGGTTGA,15,5589
TSS_1414_storz_regulondb,4.666666666666667,32,5,ACGACGTACACCTGCTTCTA,27,50209
TSS_1414_storz_regulondb,2.8333333333333335,21,5,ACGAATGTTTCATCATCTCG,16,67156
TSS_1414_storz_regulondb,1.8333333333333333,15,5,ACGAATGTAGTCTTTATAGA,10,2656
TSS_1414_storz_regulondb,5.666666666666667,38,5,ACCTATAGAAAGGGCGCGCG,33,9892
TSS_1414_storz_regulondb,0.3333333333333333,6,5,ACCGTGGTGAAGGGCTCCTG,1,8976
TSS_1414_storz_regulondb,1.6666666666666667,14,5,ACCGATCAGCGAAGGTTTCG,9,70399
TSS_1414_storz_regulondb,1.8333333333333333,15,5,ACCCTCACGGAAACGCCTGT,10,17794
TSS_1414_storz_regulondb,2.6666666666666665,20,5,ACCATCATATTACTTCCCTT,15,19829
TSS_1414_storz_regulondb,2.3333333333333335,18,5,ACCACAGATCTTGCTATACG,13,18962
TSS_1414_storz_regulondb,3.8333333333333335,27,5,ACATCTGACATTGGTCTAGG,22,5650
TSS_1414_storz_regulondb,3.1666666666666665,23,5,ACATCCTCGGCGATTATCAC,18,11315
TSS_1414_storz_regulondb,4.5,31,5,ACATAAATGAATTTTGCCAC,26,68040
TSS_1414_storz_regulondb,4.333333333333333,30,5,ACAGTCGCTCTTTGGTTTAT,25,67945
TSS_1414_storz_regulondb,9.833333333333334,63,5,ACAGGATCTCGTGAGTTCGA,58,48718
TSS_1414_storz_regulondb,5.0,34,5,ACAGCGGTATATAGCACAGC,29,50226
TSS_1414_storz_regulondb,4.666666666666667,32,5,ACAGAAGTATGGCGTCCCAG,27,22468
TSS_1414_storz_regulondb,1.5,13,5,AATTTACTACCAGTTTTTAC,8,4514
TSS_1414_storz_regulondb,3.1666666666666665,23,5,AATTGATTGATTATGTCTAT,18,70421
TSS_1414_storz_regulondb,3.5,25,5,AATTACCGATGGGCGATCGC,20,50325
TSS_1414_storz_regulondb,19.5,121,5,AATGGCGGTCTTCACAGTGA,116,7908
TSS_1414_storz_regulondb,2.8333333333333335,21,5,AATGGACAATTATTAGAAAA,16,23367
TSS_1414_storz_regulondb,7.166666666666667,47,5,AATCTGTCCCGATCAACCAT,42,17168
TSS_1414_storz_regulondb,0.3333333333333333,6,5,AATCTCCTCGAGTTGGACCT,1,22842
TSS_1414_storz_regulondb,6.166666666666667,41,5,AATCGGGTGCGACCTGCTAA,36,57540
TSS_1414_storz_regulondb,3.1666666666666665,23,5,AATCATAGTGACTCCCTGTG,18,52925
TSS_1414_storz_regulondb,5.0,34,5,AATAACTTCCATGGGCCAAC,29,55864
TSS_1414_storz_regulondb,5.333333333333333,36,5,AAGTTTCGTTCTCGCTGCGC,31,27048
TSS_1414_storz_regulondb,0.3333333333333333,6,5,AAGGTGGAGACTACATACTT,1,26945
TSS_1414_storz_regulondb,4.0,28,5,AAGGTATTGCATAGTCAACT,23,36219
TSS_1414_storz_regulondb,3.6666666666666665,26,5,AAGGGGCGAGCAAGTCCATT,21,35842
TSS_1414_storz_regulondb,8.0,52,5,AAGGCTTCTGCCGGGTAAGG,47,69497
TSS_1414_storz_regulondb,0.8333333333333334,9,5,AAGGCATGGCTAATTTATTT,4,5767
TSS_1414_storz_regulondb,3.6666666666666665,26,5,AAGGATCAATATGCGAATGA,21,20212
TSS_1414_storz_regulondb,4.5,31,5,AAGGAACATTTCTCTACGAA,26,37564
TSS_1414_storz_regulondb,4.166666666666667,29,5,AAGATGCCTGCGGCATATCC,24,44901
TSS_1414_storz_regulondb,4.0,28,5,AAGAGACGGCCCATTGTCAG,23,31389
TSS_1414_storz_regulondb,39.333333333333336,240,5,AAGAAGGCCGCGCAACGGGG,235,54826
TSS_1414_storz_regulondb,2.8333333333333335,21,5,AACTTTAATTGTGACTGGTC,16,57307
TSS_1414_storz_regulondb,3.8333333333333335,27,5,AACTTCCTCCCTTTCTGCAT,22,45329
TSS_1414_storz_regulondb,2.8333333333333335,21,5,AACGTCTTTCAGGCCCGGGT,16,48016
TSS_1414_storz_regulondb,5.0,34,5,AACGCCCACGATTACCCCAT,29,74677
TSS_1414_storz_regulondb,0.3333333333333333,6,5,AACCGGCCTTCACGTGTATG,1,30101
TSS_1414_storz_regulondb,1.8333333333333333,15,5,AACCGGAGTAATATATAACA,10,67789
TSS_1414_storz_regulondb,8.0,52,5,AACAAAGTCGCGGGTAGGGG,47,23670
TSS_1414_storz_regulondb,0.6666666666666666,8,5,AAATATTATTTTGTTAGATT,3,32135
TSS_1414_storz_regulondb,0.3333333333333333,6,5,AAAGCGGATGGTAGAATCAC,1,77011
TSS_1414_storz_regulondb,0.3333333333333333,6,5,AAACATCGGACAGTCATGTC,1,78822
TSS_1414_storz_regulondb,12.4,65,4,TTTTAGGGTTGCCTTATCGC,61,5396
TSS_1414_storz_regulondb,3.6,21,4,TTTGTGGATTAACTTGGTTT,17,49362
TSS_1414_storz_regulondb,2.2,14,4,TTTGGGCTGGCAAGAATCAG,10,15694
TSS_1414_storz_regulondb,0.4,5,4,TTTGCTAGGAGATGTTACAA,1,70702
TSS_1414_storz_regulondb,1.2,9,4,TTTGAACCATTATGGAAGCT,5,50314
TSS_1414_storz_regulondb,1.4,10,4,TTTCATTATCCGCTGTAGTG,6,67138
TSS_1414_storz_regulondb,0.4,5,4,TTTATACGCTCAAATTCACT,1,65208
TSS_1414_storz_regulondb,2.0,13,4,TTTATACAACTCACGTATTG,9,22714
TSS_1414_storz_regulondb,12.4,65,4,TTTACCGCTTCTAAAACCTA,61,75234
TSS_1414_storz_regulondb,1.8,12,4,TTGTTGGCCGTTGACCACGT,8,26629
TSS_1414_storz_regulondb,4.4,25,4,TTGGACTGGGAATGCACATG,21,9861
TSS_1414_storz_regulondb,3.8,22,4,TTGCTTTAATCCTGTTACTC,18,48310
TSS_1414_storz_regulondb,3.4,20,4,TTGCGTATGTAAGCGCGCCA,16,58254
TSS_1414_storz_regulondb,4.4,25,4,TTGAGGGGCTTTACACCGGT,21,67705
TSS_1414_storz_regulondb,7.6,41,4,TTGACCCATTATTGCTGCTT,37,70786
TSS_1414_storz_regulondb,4.2,24,4,TTCTAGAAAGGTTTTACGCT,20,37354
TSS_1414_storz_regulondb,4.8,27,4,TTCCCGGGCATTGTTTTAGG,23,80453
TSS_1414_storz_regulondb,18.0,93,4,TTCAATGTGTCGTGGGATTA,89,73025
TSS_1414_storz_regulondb,4.8,27,4,TTAGTGGCATGACCAAATAT,23,58924
TSS_1414_storz_regulondb,2.6,16,4,TTAGTATCCCCCGCTCTTGC,12,24985
TSS_1414_storz_regulondb,4.0,23,4,TTACGCGCTTACATATCACG,19,20018
TSS_1414_storz_regulondb,8.4,45,4,TTACCTTTATGCGTATTTCC,41,16789
TSS_1414_storz_regulondb,7.6,41,4,TTACCAGTATCAAATGATAG,37,29829
TSS_1414_storz_regulondb,3.8,22,4,TTAACTTCTTGTTCTAGACT,18,73057
TSS_1414_storz_regulondb,3.6,21,4,TGTTTACGAATCAGCCCTCC,17,58126
TSS_1414_storz_regulondb,6.4,35,4,TGTTGAGACGCTCGTCGCGA,31,9306
TSS_1414_storz_regulondb,0.4,5,4,TGTTCTGGTATCAGATCAAC,1,79576
TSS_1414_storz_regulondb,5.0,28,4,TGTTCCCATGTCCGTATGGG,24,80051
TSS_1414_storz_regulondb,4.4,25,4,TGTGAACCTTATTCCGTGGC,21,7539
TSS_1414_storz_regulondb,5.6,31,4,TGTCATACAAGCGGCGTGCC,27,48218
TSS_1414_storz_regulondb,0.4,5,4,TGTCAAACGACACTGGAGTA,1,73645
TSS_1414_storz_regulondb,3.0,18,4,TGTACACAGTATCTTAGACC,14,63123
TSS_1414_storz_regulondb,3.4,20,4,TGGTCGAATGACCGAAACCC,16,5330
TSS_1414_storz_regulondb,6.0,33,4,TGGGGGGATTTTCCTCGGAC,29,52026
TSS_1414_storz_regulondb,6.4,35,4,TGGGGACAATCAGGCGGCTC,31,11715
TSS_1414_storz_regulondb,6.6,36,4,TGGGCATTACTTATGGAATT,32,80497
TSS_1414_storz_regulondb,21.0,108,4,TGGGACGCTCCTGATTGGGG,104,21431
TSS_1414_storz_regulondb,14.0,73,4,TGGACAAGTTTTTACGATGT,69,26176
TSS_1414_storz_regulondb,3.8,22,4,TGGAAGAACTATTTCACGAA,18,35878
TSS_1414_storz_regulondb,2.4,15,4,TGCTGTGAGTCTATGCCTCC,11,37200
TSS_1414_storz_regulondb,3.0,18,4,TGCTGTCCCAGTTACCGTCT,14,28464
TSS_1414_storz_regulondb,2.0,13,4,TGCTAGGGGATGGTCATAAG,9,59899
TSS_1414_storz_regulondb,4.6,26,4,TGCGACCACGTTTGGGTCAT,22,77941
TSS_1414_storz_regulondb,6.8,37,4,TGCAGACCACATACACCCTT,33,11873
TSS_1414_storz_regulondb,2.4,15,4,TGCAATACCCAGCGTTGATT,11,39457
TSS_1414_storz_regulondb,6.8,37,4,TGATGAGTGTGGTCGTTACA,33,35992
TSS_1414_storz_regulondb,6.2,34,4,TGATATCGGGATGTCTCTTT,30,7631
TSS_1414_storz_regulondb,0.4,5,4,TGAGCGCAAAGGATAATCTA,1,7762
TSS_1414_storz_regulondb,7.6,41,4,TGAGCACGGCGGGCTTGACA,37,56878
TSS_1414_storz_regulondb,2.2,14,4,TCGTTGGTTGGGTTGGTCTC,10,29839
TSS_1414_storz_regulondb,4.0,23,4,TCGTGAAGCGTCTGTCAGTC,19,28390
TSS_1414_storz_regulondb,2.6,16,4,TCGTCTGGAGGTAGCGTGTT,12,75613
TSS_1414_storz_regulondb,4.0,23,4,TCGTCTGCTTAACATGTCCT,19,51477
TSS_1414_storz_regulondb,5.6,31,4,TCGGCGCTATGCTGTGAATT,27,80519
TSS_1414_storz_regulondb,3.0,18,4,TCGCGCGGCGCTATTGACTT,14,74330
TSS_1414_storz_regulondb,0.4,5,4,TCGCGCCCGTTGAGGTGTTA,1,70763
TSS_1414_storz_regulondb,4.6,26,4,TCGACGAGCGTGCGGCGGCT,22,43526
TSS_1414_storz_regulondb,7.2,39,4,TCGACAAAGTCCGCAGTGAA,35,17949
TSS_1414_storz_regulondb,5.0,28,4,TCGAATTGCCACCTGCTATT,24,61628
TSS_1414_storz_regulondb,0.4,5,4,TCGAAAGTATGGGGTCGTTG,1,70077
TSS_1414_storz_regulondb,2.2,14,4,TCCTTGGTTCATAATTGTTA,10,68108
TSS_1414_storz_regulondb,15.2,79,4,TCCTATATAGTTTCCGCGCT,75,26751
TSS_1414_storz_regulondb,0.4,5,4,TCCGGTCGTCAGCCACCATT,1,208
TSS_1414_storz_regulondb,4.6,26,4,TCCGGACCGCGAAGACATCA,22,18041
TSS_1414_storz_regulondb,5.8,32,4,TCCGCCTTGGCTTGCTCATC,28,56138
TSS_1414_storz_regulondb,2.0,13,4,TCCGCCAGCATCTAAGCCCT,9,64615
TSS_1414_storz_regulondb,3.2,19,4,TCCCTAGAACCATAGTGTAG,15,2794
TSS_1414_storz_regulondb,3.6,21,4,TCCAAGGGTGCAGGTTATCT,17,65795
TSS_1414_storz_regulondb,4.0,23,4,TCATAGATCAGTTCGTTCAG,19,9184
TSS_1414_storz_regulondb,4.6,26,4,TCAGCTTCAGACGCCAGTTC,22,43586
TSS_1414_storz_regulondb,0.4,5,4,TCACATAGGACTGGGCAATG,1,37742
TSS_1414_storz_regulondb,4.2,24,4,TCAAACTGCCGTAAGGATTT,20,61147
TSS_1414_storz_regulondb,4.4,25,4,TATTGCAACTCAATGATGAA,21,20698
TSS_1414_storz_regulondb,3.6,21,4,TATTCTACAGTTAGGATCTC,17,80814
TSS_1414_storz_regulondb,7.4,40,4,TATGCCCCCTGCTGGGCAAT,36,64682
TSS_1414_storz_regulondb,6.2,34,4,TATGCAGCAAGAATGTAACT,30,69249
TSS_1414_storz_regulondb,0.4,5,4,TATAGCGTTCTAGCGATCGG,1,9429
TSS_1414_storz_regulondb,18.8,97,4,TATACCTGTTCTGCATTTTC,93,56862
TSS_1414_storz_regulondb,4.0,23,4,TAGGCGGTGGAATGTATTTA,19,17531
TSS_1414_storz_regulondb,11.6,61,4,TAGCGGTTGGGTCACAGAGG,57,34987
TSS_1414_storz_regulondb,0.4,5,4,TAGCCGGCCACCAATTAGTT,1,63309
TSS_1414_storz_regulondb,4.4,25,4,TAGAGGACGATGAAACCGTA,21,26781
TSS_1414_storz_regulondb,1.8,12,4,TACTTTGTCACTCTATTACG,8,31301
TSS_1414_storz_regulondb,0.4,5,4,TACTCTACGGGAAGATCTTC,1,61189
TSS_1414_storz_regulondb,0.4,5,4,TACTAGGAAATGAGTGTTGA,1,60456
TSS_1414_storz_regulondb,2.4,15,4,TACCTTATTAGATACGGGCT,11,79346
TSS_1414_storz_regulondb,2.4,15,4,TAAGTAGCGTCAAGCTCTGT,11,45031
TSS_1414_storz_regulondb,6.4,35,4,TAAGAGGCTCCGTAGGGGAA,31,27916
TSS_1414_storz_regulondb,6.6,36,4,TAACTTGTGGCATTAGCCAT,32,33340
TSS_1414_storz_regulondb,3.6,21,4,TAACTATCTAGAGGTGACCA,17,37042
TSS_1414_storz_regulondb,0.4,5,4,GTTTTGTGCTATAACCTCGT,1,25557
TSS_1414_storz_regulondb,3.0,18,4,GTTTGAACGCCGCCGACGGG,14,6823
TSS_1414_storz_regulondb,4.4,25,4,GTTTATTTAAGATCGATGTG,21,37734
TSS_1414_storz_regulondb,6.2,34,4,GTTGTTATATTCGGCGATCT,30,41837
TSS_1414_storz_regulondb,6.0,33,4,GTTGGTAACACCTGACTGCG,29,79445
TSS_1414_storz_regulondb,4.8,27,4,GTTGGCGAGCTTGGGTCCAA,23,69739
TSS_1414_storz_regulondb,0.6,6,4,GTTGCTCAGATGTATTTTTC,2,5859
TSS_1414_storz_regulondb,3.4,20,4,GTTATCATACATCTTATGGA,16,79778
TSS_1414_storz_regulondb,3.6,21,4,GTTAGTATACCGGGCAATTG,17,68973
TSS_1414_storz_regulondb,2.4,15,4,GTGTACTTAATGTGACTCCT,11,78900
TSS_1414_storz_regulondb,5.4,30,4,GTGGAGCACCTTCTCAAGGT,26,38308
TSS_1414_storz_regulondb,36.8,187,4,GTGGACCGTAAGCATGCGCT,183,75010
TSS_1414_storz_regulondb,5.0,28,4,GTGCTTGAGCCGACGGCACT,24,76954
TSS_1414_storz_regulondb,12.2,64,4,GTGCCTATTGGTTGTCTAGT,60,50561
TSS_1414_storz_regulondb,3.8,22,4,GTGCCTAACCGTAGTTAACA,18,66200
TSS_1414_storz_regulondb,5.4,30,4,GTGATTATAGCATAGATTGG,26,45108
TSS_1414_storz_regulondb,0.4,5,4,GTGAGTACTTGAGTGAAAAA,1,62170
TSS_1414_storz_regulondb,1.8,12,4,GTCTCGCGCGAGCTCCTGGC,8,37985
TSS_1414_storz_regulondb,23.4,120,4,GTCTCATCAATGTTATGCCG,116,27538
TSS_1414_storz_regulondb,0.4,5,4,GTCTAATAGGTGTGAGGCGG,1,29556
TSS_1414_storz_regulondb,2.0,13,4,GTCGTGTATCGTTCGCCCCT,9,48802
TSS_1414_storz_regulondb,3.8,22,4,GTCGCGGGCTTGCCTCGTGA,18,46570
TSS_1414_storz_regulondb,8.2,44,4,GTCCTCCTCGTGACCTCGGA,40,80430
TSS_1414_storz_regulondb,25.6,131,4,GTCCAGACCGATCGATGTTG,127,27515
TSS_1414_storz_regulondb,4.4,25,4,GTCAGAGTCGGGCGGCGACT,21,56191
TSS_1414_storz_regulondb,0.4,5,4,GTCAAATGCTCATAAACTTC,1,68062
TSS_1414_storz_regulondb,0.4,5,4,GTATTCCCAAGATGTTTGCT,1,58128
TSS_1414_storz_regulondb,2.6,16,4,GTATACAGAGATTATCACTA,12,64993
TSS_1414_storz_regulondb,15.4,80,4,GTACGGCTACGTGGGTACCT,76,56840
TSS_1414_storz_regulondb,5.6,31,4,GGTGTATTATTGCCAGTGTA,27,26290
TSS_1414_storz_regulondb,7.2,39,4,GGTGCTGGTTCGGAGGATTG,35,15579
TSS_1414_storz_regulondb,0.4,5,4,GGTGCTCTTCAGCGATCTGT,1,21605
TSS_1414_storz_regulondb,3.4,20,4,GGTATACGCGCGCTGTCGTG,16,27427
TSS_1414_storz_regulondb,16.8,87,4,GGTAGCACCGAGCTGGCGGG,83,63598
TSS_1414_storz_regulondb,3.8,22,4,GGTACTCCCGCAATCGGGCA,18,30725
TSS_1414_storz_regulondb,1.6,11,4,GGTACCGACCGTGGAACCAA,7,27581
TSS_1414_storz_regulondb,4.0,23,4,GGTAAGAAGGCTTGTATTAG,19,40539
TSS_1414_storz_regulondb,7.2,39,4,GGTAAAGATTGGCCAGACTT,35,61794
TSS_1414_storz_regulondb,8.2,44,4,GGGTTTTGCAGCACGTCGGG,40,56085
TSS_1414_storz_regulondb,4.2,24,4,GGGTGCCGCGTTCCCTACTA,20,8126
TSS_1414_storz_regulondb,3.2,19,4,GGGGCCAGTCTTCTGAGGCA,15,20677
TSS_1414_storz_regulondb,0.4,5,4,GGGCTTCGTCTCTGTGGTCT,1,54230
TSS_1414_storz_regulondb,2.0,13,4,GGGCTGGCGCTCATTCCGTC,9,58740
TSS_1414_storz_regulondb,8.8,47,4,GGGCGATGCAGCGGTGCCCA,43,12212
TSS_1414_storz_regulondb,4.0,23,4,GGGCACGGCGGCATGCCGAA,19,58468
TSS_1414_storz_regulondb,8.6,46,4,GGGACTCAAGGATATCACGC,42,18969
TSS_1414_storz_regulondb,5.6,31,4,GGCTCACCTGACTGTCTGGA,27,64055
TSS_1414_storz_regulondb,3.2,19,4,GGCGATGTTCTATTGCTTCG,15,40160
TSS_1414_storz_regulondb,4.8,27,4,GGCCGTACGGTGGTTGCTTT,23,4573
TSS_1414_storz_regulondb,15.0,78,4,GGCCCGTCGGCTAAACTCTT,74,15118
TSS_1414_storz_regulondb,5.6,31,4,GGCAGGGGGCGCATTTTGTC,27,74498
TSS_1414_storz_regulondb,5.8,32,4,GGCAGGGAATTGTCTTCGCA,28,72882
TSS_1414_storz_regulondb,3.6,21,4,GGCACTTACGTCCCTAGGAC,17,51537
TSS_1414_storz_regulondb,5.0,28,4,GGCACGTGAAGCCCTTGGCA,24,668
TSS_1414_storz_regulondb,5.2,29,4,GGATTTAATTTCATGCACGA,25,58780
TSS_1414_storz_regulondb,31.8,162,4,GGATTGCGGAGCGCCGCATT,158,50993
TSS_1414_storz_regulondb,3.0,18,4,GGAGTCCCCGCCCTGCAGCA,14,2092
TSS_1414_storz_regulondb,9.0,48,4,GGAGGCTATCAATCGTCCAA,44,47294
TSS_1414_storz_regulondb,4.0,23,4,GGAGCTAGTCATACTATCGC,19,9906
TSS_1414_storz_regulondb,8.6,46,4,GGACTGGCACGAACTGTATG,42,45968
TSS_1414_storz_regulondb,2.8,17,4,GGACCAGGGCCTCATTAAGC,13,38655
TSS_1414_storz_regulondb,5.8,32,4,GGACAGAGCAGAGTGAATCT,28,21534
TSS_1414_storz_regulondb,0.4,5,4,GCTTGTCGCTTCTCGTCAAA,1,47227
TSS_1414_storz_regulondb,0.4,5,4,GCTTAATGTGTGCGTGCGCT,1,24627
TSS_1414_storz_regulondb,1.6,11,4,GCTGGTGGTTGGGCTTAGGT,7,19446
TSS_1414_storz_regulondb,4.4,25,4,GCTCAGTGAGGAGCGTATAT,21,71046
TSS_1414_storz_regulondb,26.0,133,4,GCTAGCTGTTACAAGGTTGC,129,75802
TSS_1414_storz_regulondb,0.6,6,4,GCGTGGAAGATCTATCCCTA,2,72301
TSS_1414_storz_regulondb,8.0,43,4,GCGTGAACACTGGTAGAAAA,39,56527
TSS_1414_storz_regulondb,0.4,5,4,GCGCTCAGCGATGCGGGGGG,1,6189
TSS_1414_storz_regulondb,11.2,59,4,GCGCCTTCTGTTGTCCGAAT,55,67493
TSS_1414_storz_regulondb,29.0,148,4,GCGCCGGCAGTTTGCACTAG,144,23762
TSS_1414_storz_regulondb,4.6,26,4,GCGAGGCGCGTAACAGGGGT,22,26807
TSS_1414_storz_regulondb,6.4,35,4,GCGACTTAGTGGAGCGGGCA,31,60834
TSS_1414_storz_regulondb,8.6,46,4,GCCTTTGAATGTTCCATCTT,42,19191
TSS_1414_storz_regulondb,3.8,22,4,GCCTGATGTGGGCATGTTAA,18,5546
TSS_1414_storz_regulondb,4.6,26,4,GCCGTCCCACGAGCTATTTT,22,76291
TSS_1414_storz_regulondb,7.2,39,4,GCCCAGGGCAACGAAGGGAA,35,7285
TSS_1414_storz_regulondb,0.4,5,4,GCCAGGCGCATCCCGGAGGG,1,76571
TSS_1414_storz_regulondb,0.4,5,4,GCCAAGCCGAGCGATCCCTC,1,20748
TSS_1414_storz_regulondb,2.2,14,4,GCCAAAATACTGTGGCCGTA,10,58844
TSS_1414_storz_regulondb,4.6,26,4,GCATTCTATAATTCCCCTGA,22,75148
TSS_1414_storz_regulondb,3.2,19,4,GCATCGCAGCAGATCACTGA,15,5948
TSS_1414_storz_regulondb,4.2,24,4,GCACACTGGGCAGTACATAT,20,49878
TSS_1414_storz_regulondb,3.8,22,4,GATGTTGGGATCGGTTATCA,18,9654
TSS_1414_storz_regulondb,0.4,5,4,GATGTGTGCGACTAATTATA,1,49835
TSS_1414_storz_regulondb,2.2,14,4,GATGGCCGCCCAGGATCCCA,10,78652
TSS_1414_storz_regulondb,5.8,32,4,GATCTGTTTGGTGAGGGTTT,28,41726
TSS_1414_storz_regulondb,0.4,5,4,GATCGGTGCTGCTCGCCCAA,1,51545
TSS_1414_storz_regulondb,8.6,46,4,GATCGCACCGGTCAGTCCCG,42,38921
TSS_1414_storz_regulondb,4.4,25,4,GATCAAGGCAAGATCCTCGT,21,2909
TSS_1414_storz_regulondb,3.0,18,4,GATACACTTTTTAGTGGAAG,14,65970
TSS_1414_storz_regulondb,12.6,66,4,GATAAACCAGGTCAGTCCAA,62,25814
TSS_1414_storz_regulondb,7.8,42,4,GAGTCTCGCCGGGCGGATAT,38,36914
TSS_1414_storz_regulondb,4.4,25,4,GAGGGAGCCGTCGTTTGAAT,21,35490
TSS_1414_storz_regulondb,6.0,33,4,GAGCCGTCCTTGGATCATCA,29,26850
TSS_1414_storz_regulondb,0.4,5,4,GAGAACTGGAAGGTAAACTC,1,53149
TSS_1414_storz_regulondb,0.4,5,4,GACGGTTTGTAGAACAGCTT,1,34496
TSS_1414_storz_regulondb,6.4,35,4,GACGGCTTCCCAATTACACT,31,18167
TSS_1414_storz_regulondb,4.0,23,4,GACGCTAGCTCTGCAGCACC,19,21773
TSS_1414_storz_regulondb,3.6,21,4,GAAGTGGAGATTGGTTGCAA,17,73002
TSS_1414_storz_regulondb,5.6,31,4,GAACTCGAAGCCGATAAATA,27,23900
TSS_1414_storz_regulondb,22.6,116,4,GAACCCTCATCCTCACCACG,112,23780
TSS_1414_storz_regulondb,9.6,51,4,GAACAACCTTCCTGGTCTAA,47,47775
TSS_1414_storz_regulondb,6.0,33,4,GAAACGATGGAAGCACCTGG,29,23503
TSS_1414_storz_regulondb,1.4,10,4,GAAACACGTAAATCGTATCT,6,64042
TSS_1414_storz_regulondb,0.4,5,4,CTTTGTTGTTTTGAGATTGT,1,20300
TSS_1414_storz_regulondb,0.4,5,4,CTTTGAACTTGGGGAAAGGC,1,58357
TSS_1414_storz_regulondb,6.0,33,4,CTTTAATATCGGCTGGTGCC,29,76617
TSS_1414_storz_regulondb,1.8,12,4,CTTGTAGCTAGAGTCCTAAC,8,52022
TSS_1414_storz_regulondb,5.4,30,4,CTTGGATTTCGTCGTGTTCT,26,72041
TSS_1414_storz_regulondb,4.2,24,4,CTTCCATCCTCTCCCTTAAC,20,52209
TSS_1414_storz_regulondb,1.6,11,4,CTTCAGGTGTTTCAACACCT,7,46108
TSS_1414_storz_regulondb,5.4,30,4,CTTAGTGCCCACTGAAGTCT,26,43688
TSS_1414_storz_regulondb,0.4,5,4,CTTACGAGGAAAATTCTGCG,1,48637
TSS_1414_storz_regulondb,6.6,36,4,CTTAAATCTCTCGCCGGCGT,32,80043
TSS_1414_storz_regulondb,0.4,5,4,CTTAAAGTCAAAGGCTCGGT,1,59436
TSS_1414_storz_regulondb,5.0,28,4,CTGTTTTTACAGAAACTGGG,24,55941
TSS_1414_storz_regulondb,0.4,5,4,CTGTGGGGTTCGGGGACATA,1,1130
TSS_1414_storz_regulondb,7.2,39,4,CTGTGCCAACGGGGTCCGGA,35,40818
TSS_1414_storz_regulondb,2.6,16,4,CTGTAAGTGTTAATAGCCCA,12,44555
TSS_1414_storz_regulondb,0.6,6,4,CTGGTTAATAAGCTCCCCCT,2,75071
TSS_1414_storz_regulondb,12.6,66,4,CTGCATCAGCAGGTGAACGA,62,31953
TSS_1414_storz_regulondb,4.8,27,4,CTGAGCGCTTCCTGATAGCT,23,63088
TSS_1414_storz_regulondb,4.8,27,4,CTGACGTCACAGACTCCCGA,23,74979
TSS_1414_storz_regulondb,4.2,24,4,CTGAAATCTATGAAGCAGTA,20,80748
TSS_1414_storz_regulondb,2.6,16,4,CTCGAGACTTGCAGCGACAA,12,27151
TSS_1414_storz_regulondb,8.6,46,4,CTCCTTCGGCCGATCCAAGG,42,55479
TSS_1414_storz_regulondb,2.2,14,4,CTCCTGTCCCGGATAAAACG,10,34959
TSS_1414_storz_regulondb,2.6,16,4,CTCCGTACATGCCTGTAATG,12,10571
TSS_1414_storz_regulondb,4.4,25,4,CTCCGGTCGTTCGTGATGAT,21,10757
TSS_1414_storz_regulondb,4.0,23,4,CTCAGCCGTTCGGTGCACCC,19,4070
TSS_1414_storz_regulondb,8.6,46,4,CTATTGAAGCTAAATTGCAT,42,69404
TSS_1414_storz_regulondb,4.2,24,4,CTATGTAGAGACCTACCCAT,20,9281
TSS_1414_storz_regulondb,4.0,23,4,CTATCGTCTAAGTGCGCAAT,19,2307
TSS_1414_storz_regulondb,5.4,30,4,CTATCCGTATTAGGGCGCCG,26,48674
TSS_1414_storz_regulondb,6.2,34,4,CTATACCAGATCTGCATCGC,30,78532
TSS_1414_storz_regulondb,5.2,29,4,CTACTGATCAAAAGCAAGCC,25,29039
TSS_1414_storz_regulondb,8.6,46,4,CTACCTTGTCGGACCAGTTA,42,11526
TSS_1414_storz_regulondb,1.8,12,4,CTACCTCCTGCGGTCAAAAG,8,46835
TSS_1414_storz_regulondb,5.2,29,4,CGTTCCTTGAGCGGCCTGGG,25,11118
TSS_1414_storz_regulondb,0.4,5,4,CGTTAGAGGTTACCGTCGGT,1,55352
TSS_1414_storz_regulondb,3.6,21,4,CGTTAATCGGATGCGGCCGT,17,60781
TSS_1414_storz_regulondb,4.6,26,4,CGTGGGTTTAAACAGGAAAT,22,23581
TSS_1414_storz_regulondb,23.0,118,4,CGTGCACGTCGGGTACCGCG,114,5393
TSS_1414_storz_regulondb,4.6,26,4,CGTCTTCGGGGGGTACGGAC,22,79099
TSS_1414_storz_regulondb,1.6,11,4,CGTCCTTCCGATTTGTGAAA,7,22710
TSS_1414_storz_regulondb,3.8,22,4,CGTATACGTAAAGCGCGGAT,18,5819
TSS_1414_storz_regulondb,6.2,34,4,CGTACGTGACCATATGCGAT,30,75596
TSS_1414_storz_regulondb,7.8,42,4,CGTAATGTAAATAGACGCCT,38,63445
TSS_1414_storz_regulondb,2.8,17,4,CGGTGTACCGTTCGGTACAC,13,60593
TSS_1414_storz_regulondb,6.0,33,4,CGGTGCGACTATCTCGCAAA,29,69471
TSS_1414_storz_regulondb,24.6,126,4,CGGTGACTGCTGTCTTGGTC,122,47731
TSS_1414_storz_regulondb,2.0,13,4,CGGGGCATGTGGCACCCGGG,9,55995
TSS_1414_storz_regulondb,8.4,45,4,CGGGCAAATGTTGCACATAC,41,21854
TSS_1414_storz_regulondb,0.4,5,4,CGGCCAACCTAAGCGGCACT,1,15279
TSS_1414_storz_regulondb,3.0,18,4,CGGACGGGTTTAGGTATGAC,14,77838
TSS_1414_storz_regulondb,4.8,27,4,CGGAAAAATCTTTTATCCGT,23,26117
TSS_1414_storz_regulondb,2.6,16,4,CGCTAAGAACTGGCCTAACT,12,77636
TSS_1414_storz_regulondb,1.6,11,4,CGCCGAACAAGGGATTCTCT,7,78192
TSS_1414_storz_regulondb,5.0,28,4,CGCACTTTGTCCAGCTGAAA,24,17799
TSS_1414_storz_regulondb,3.2,19,4,CGATTACAGCCGGCGAACTT,15,4773
TSS_1414_storz_regulondb,4.6,26,4,CGATATGTCCACTGTGTCGG,22,33886
TSS_1414_storz_regulondb,22.0,113,4,CGAGGACAGTCAGGGCTGGA,109,7893
TSS_1414_storz_regulondb,1.2,9,4,CGACGCCCTCATCGGTTCTT,5,20444
TSS_1414_storz_regulondb,3.8,22,4,CGACCTCACCAAGGAGTCTT,18,16093
TSS_1414_storz_regulondb,4.8,27,4,CGACCCGGCATAGTTAAGAC,23,56194
TSS_1414_storz_regulondb,1.8,12,4,CGACACCAGGTCCTTTGGTC,8,35220
TSS_1414_storz_regulondb,5.6,31,4,CGAATAGACCACTTGTTAGA,27,12012
TSS_1414_storz_regulondb,3.4,20,4,CGAAGTCCTACCGGTGCTAA,16,40537
TSS_1414_storz_regulondb,0.4,5,4,CCTTTTAGATCTCTACATCG,1,26496
TSS_1414_storz_regulondb,9.6,51,4,CCTTGGTACTAACGTGTAGA,47,14460
TSS_1414_storz_regulondb,0.4,5,4,CCTGTGGATTTTCTATTCTT,1,18821
TSS_1414_storz_regulondb,6.6,36,4,CCTGGTATGGGTTAAGAAGG,32,37514
TSS_1414_storz_regulondb,0.6,6,4,CCTGACGATGCGGTCTAGTC,2,52023
TSS_1414_storz_regulondb,3.2,19,4,CCTCCTCTTAAGAGAACACG,15,28056
TSS_1414_storz_regulondb,0.4,5,4,CCTCCCAACCCAGACAATAG,1,31641
TSS_1414_storz_regulondb,65.0,328,4,CCTCAGAGAGATATCGCGTA,324,75005
TSS_1414_storz_regulondb,6.2,34,4,CCTCAACCCCGATTACTCGT,30,77461
TSS_1414_storz_regulondb,0.4,5,4,CCTATCATTGGAATTCTCGA,1,12741
TSS_1414_storz_regulondb,0.4,5,4,CCTAGTAATCGCCTATCACA,1,51729
TSS_1414_storz_regulondb,5.2,29,4,CCTAAACACGACGCGGACTC,25,27428
TSS_1414_storz_regulondb,12.6,66,4,CCGTTCGGCCTGATGGGTAA,62,13400
TSS_1414_storz_regulondb,0.4,5,4,CCGTTCAGGATTCACAATTA,1,19193
TSS_1414_storz_regulondb,5.2,29,4,CCGTTAGCCCAACTGTAGAT,25,66302
TSS_1414_storz_regulondb,4.4,25,4,CCGTGTGGCAAGTAGGGTGA,21,47939
TSS_1414_storz_regulondb,0.4,5,4,CCGTGGACAGCGGGGTGTCT,1,30858
TSS_1414_storz_regulondb,0.4,5,4,CCGTGCCCCCATTTGCAGCT,1,4775
TSS_1414_storz_regulondb,19.0,98,4,CCGTCAACCCCAGAAGTGCA,94,5264
TSS_1414_storz_regulondb,7.4,40,4,CCGGGTTTGAACGTTTGGTA,36,52307
TSS_1414_storz_regulondb,2.4,15,4,CCGGCGGCTACTACCTCGTT,11,57979
TSS_1414_storz_regulondb,0.6,6,4,CCGCCAGTGCATGGGTAATT,2,57336
TSS_1414_storz_regulondb,2.6,16,4,CCCTTACGACGCGGCTCGCC,12,59282
TSS_1414_storz_regulondb,4.6,26,4,CCCGTTGATAGGCTTTTACA,22,2621
TSS_1414_storz_regulondb,9.4,50,4,CCCGAGGGGGGCAACGTTCC,46,46852
TSS_1414_storz_regulondb,1.2,9,4,CCCATGCACAAGAATGTGTT,5,64383
TSS_1414_storz_regulondb,4.2,24,4,CCATCTATCTCGTGAGAATA,20,24988
TSS_1414_storz_regulondb,4.6,26,4,CCATCGAGGGTTCAAGCGAC,22,26626
TSS_1414_storz_regulondb,2.8,17,4,CCATCATTCTGATTCGCTCG,13,33325
TSS_1414_storz_regulondb,0.4,5,4,CCAGTGTTGCTGAAATACCA,1,43182
TSS_1414_storz_regulondb,3.2,19,4,CATTCTGCTCCTAAAGACGA,15,17554
TSS_1414_storz_regulondb,3.6,21,4,CATGTGGGGGGACATCCTTC,17,78224
TSS_1414_storz_regulondb,1.2,9,4,CATGACCCGCCCTTGAGTTT,5,56567
TSS_1414_storz_regulondb,2.2,14,4,CATCTAGCCCACATCTTACA,10,4653
TSS_1414_storz_regulondb,6.4,35,4,CATCCACATGGAGTAATAGT,31,44945
TSS_1414_storz_regulondb,3.0,18,4,CAGTTTTGTTGAACTGCTGA,14,46255
TSS_1414_storz_regulondb,7.2,39,4,CAGGTTGTGACCGAGTTAGG,35,41137
TSS_1414_storz_regulondb,0.8,7,4,CAGGGTGCAGAAAAAACCTG,3,58840
TSS_1414_storz_regulondb,0.4,5,4,CAGGGGTCCCCAAATCCGAA,1,3698
TSS_1414_storz_regulondb,6.8,37,4,CAGGGACTTCGGTTGGTACA,33,50976
TSS_1414_storz_regulondb,5.2,29,4,CAGGAGCTTGGATATCTGGT,25,7928
TSS_1414_storz_regulondb,4.4,25,4,CAGACCGAACTCGTACATAT,21,76239
TSS_1414_storz_regulondb,3.6,21,4,CAGAATGCGTATTGTCAACG,17,9086
TSS_1414_storz_regulondb,5.8,32,4,CACTTAGCACCGGCCTTCTC,28,7979
TSS_1414_storz_regulondb,4.6,26,4,CACTCGGATCACGGGGGGGT,22,15933
TSS_1414_storz_regulondb,2.4,15,4,CACGATATTACTGGATAGGT,11,37049
TSS_1414_storz_regulondb,0.8,7,4,CACGAATGGTAACAAGGCTA,3,80801
TSS_1414_storz_regulondb,8.2,44,4,CACACGCTATCTTGCACATC,40,77053
TSS_1414_storz_regulondb,14.2,74,4,CACAAGTTGGATATGTTCCT,70,21807
TSS_1414_storz_regulondb,0.4,5,4,CACAAGGGTATCATTCATTC,1,59344
TSS_1414_storz_regulondb,9.8,52,4,CACAAACCTATAGGAATAGG,48,68537
TSS_1414_storz_regulondb,2.8,17,4,CAATTAAGTTTGCATATCTA,13,47584
TSS_1414_storz_regulondb,7.4,40,4,CAAGGGTCGAGGCGGCCACG,36,80410
TSS_1414_storz_regulondb,5.2,29,4,CAAGCCAACCCATGTGAGTA,25,1977
TSS_1414_storz_regulondb,7.0,38,4,CAAGATGAATTCCGATAAAC,34,7177
TSS_1414_storz_regulondb,3.8,22,4,CAAGAGGGAATAACGGGCAA,18,76534
TSS_1414_storz_regulondb,0.4,5,4,CAACTCTTCAGGTCCCGGGC,1,17192
TSS_1414_storz_regulondb,4.6,26,4,CAACGTCTTGTGCTCGTTAA,22,68271
TSS_1414_storz_regulondb,0.4,5,4,CAACGTATTCGCTGCAGTAG,1,33048
TSS_1414_storz_regulondb,5.0,28,4,CAACGACAGAGCAAGGGATC,24,42416
TSS_1414_storz_regulondb,6.8,37,4,CAAATCTCGAATCGTTCCCT,33,64991
TSS_1414_storz_regulondb,45.2,229,4,CAAAGTTGCGTACTAAAGCA,225,75805
TSS_1414_storz_regulondb,3.8,22,4,CAAAGTGGCACGTTCGTGCA,18,32356
TSS_1414_storz_regulondb,14.6,76,4,ATTTTACCCCTAACGTCACT,72,36014
TSS_1414_storz_regulondb,4.8,27,4,ATTTGTTCAGTTGTATGCCC,23,79395
TSS_1414_storz_regulondb,2.2,14,4,ATTTGGTCATGCCATCTTAG,10,17602
TSS_1414_storz_regulondb,5.2,29,4,ATTTAATACAAATCTTCCAT,25,36305
TSS_1414_storz_regulondb,19.0,98,4,ATTGCAGCTAAGATCTGTAG,94,80427
TSS_1414_storz_regulondb,7.2,39,4,ATTGATGAAGTATTTCGGCT,35,75898
TSS_1414_storz_regulondb,4.4,25,4,ATTCTCCACCGTGGAAAAAC,21,13238
TSS_1414_storz_regulondb,9.6,51,4,ATTCGTAGACTTTGTGTCTG,47,29059
TSS_1414_storz_regulondb,7.0,38,4,ATTCGAAGTTAGAACTCAGC,34,48695
TSS_1414_storz_regulondb,2.6,16,4,ATTAGCAGGACCCGTGTCGT,12,16733
TSS_1414_storz_regulondb,4.2,24,4,ATGTGTGGCTTTCTGCCCAA,20,63387
TSS_1414_storz_regulondb,8.6,46,4,ATGGTGCGGTGGAGCCACGA,42,77234
TSS_1414_storz_regulondb,3.2,19,4,ATGCTTCCCAACAACGGAAA,15,53152
TSS_1414_storz_regulondb,0.4,5,4,ATGCGCTGCCGGCCTTACAG,1,22419
TSS_1414_storz_regulondb,1.2,9,4,ATCTGTGGCGGCCGGATGGA,5,44237
TSS_1414_storz_regulondb,5.4,30,4,ATCTCTACTTTAAGCGCCTG,26,1268
TSS_1414_storz_regulondb,5.6,31,4,ATCTCATACATATCACTGGC,27,45105
TSS_1414_storz_regulondb,6.2,34,4,ATCGCCGGGACTACAACAGA,30,43672
TSS_1414_storz_regulondb,3.4,20,4,ATCGCACATTCGACTCATGC,16,1892
TSS_1414_storz_regulondb,0.4,5,4,ATCCATAGCTTAATAGTGTC,1,59424
TSS_1414_storz_regulondb,11.4,60,4,ATATCATTCTACGTTGACCC,56,43249
TSS_1414_storz_regulondb,7.4,40,4,ATAGACCGCTTCGGTAGGTC,36,80635
TSS_1414_storz_regulondb,5.0,28,4,ATACTGGGAGGGCTCCCAAT,24,57504
TSS_1414_storz_regulondb,0.4,5,4,ATACTCGCGGACGATGTATG,1,3871
TSS_1414_storz_regulondb,0.4,5,4,ATAAGGTGTATTCGCAACAC,1,60903
TSS_1414_storz_regulondb,0.4,5,4,AGTTTAAAAGACGGGTCATT,1,30033
TSS_1414_storz_regulondb,2.2,14,4,AGTTGGCTGTCATATTGGGA,10,24804
TSS_1414_storz_regulondb,0.4,5,4,AGTCTGAGTAGACAAATTTC,1,18078
TSS_1414_storz_regulondb,4.0,23,4,AGTCGTGTTTTTCGCGTTGC,19,32861
TSS_1414_storz_regulondb,4.0,23,4,AGTCGGCGAATTGGCGCGTG,19,2499
TSS_1414_storz_regulondb,2.0,13,4,AGTCGGAGCGTACACCGCCC,9,48743
TSS_1414_storz_regulondb,7.6,41,4,AGTATATAGCAGGGAGGACA,37,18427
TSS_1414_storz_regulondb,5.2,29,4,AGGTTGTCTGCCAAACTTAC,25,26105
TSS_1414_storz_regulondb,7.4,40,4,AGGTCCTCCTCCGTTTCCGA,36,22527
TSS_1414_storz_regulondb,5.4,30,4,AGGTATAGAGGAGTTTGGCT,26,18838
TSS_1414_storz_regulondb,6.4,35,4,AGGCTTGACCCAAAAAGGTA,31,2839
TSS_1414_storz_regulondb,0.4,5,4,AGGCGATCGTTTTTTATCTC,1,19478
TSS_1414_storz_regulondb,6.6,36,4,AGGATCGGAAACATATTACA,32,22375
TSS_1414_storz_regulondb,17.2,89,4,AGGAGTATCGCCAACCTCTA,85,26185
TSS_1414_storz_regulondb,3.4,20,4,AGGAGCAACATTGGCTTGTG,16,28742
TSS_1414_storz_regulondb,6.6,36,4,AGCTATTAAGAGCTAGAACA,32,4052
TSS_1414_storz_regulondb,5.2,29,4,AGCTAGGCAATTCTGTGTTA,25,67455
TSS_1414_storz_regulondb,19.0,98,4,AGCGCCCAACTCATGTAATC,94,51484
TSS_1414_storz_regulondb,0.4,5,4,AGCCCAGTAATCTGCCAGAG,1,63656
TSS_1414_storz_regulondb,0.4,5,4,AGCATCTCTGTATATCGGGT,1,7443
TSS_1414_storz_regulondb,6.8,37,4,AGCATAGCTTGGCCTGAGAT,33,32466
TSS_1414_storz_regulondb,2.6,16,4,AGCAGATATTCCTGAAAGGT,12,9727
TSS_1414_storz_regulondb,6.4,35,4,AGATGCACTGCCCGTGACCC,31,65036
TSS_1414_storz_regulondb,10.0,53,4,AGATCGATCACAAAGGGCAT,49,70040
TSS_1414_storz_regulondb,47.6,241,4,AGAGGAACGCACCTACAGGC,237,75841
TSS_1414_storz_regulondb,4.6,26,4,AGACGTATGGCTGCACCGAA,22,36665
TSS_1414_storz_regulondb,0.4,5,4,AGAAAGAGCACAATGAATGT,1,35352
TSS_1414_storz_regulondb,3.0,18,4,ACTTGTTTTCCTTATTTCAC,14,40715
TSS_1414_storz_regulondb,0.4,5,4,ACTTGGATCAGTTTGAATAT,1,48888
TSS_1414_storz_regulondb,12.6,66,4,ACTTGATGCTTGAGCCAAGC,62,62765
TSS_1414_storz_regulondb,2.8,17,4,ACTGCTATGGATCCGGCGCT,13,40839
TSS_1414_storz_regulondb,20.0,103,4,ACTGCACCTTCGTAGATATG,99,39342
TSS_1414_storz_regulondb,1.8,12,4,ACTAGGTTTCAGAGTGCATT,8,19638
TSS_1414_storz_regulondb,6.6,36,4,ACTAGGGATTTCGATGGAGC,32,62121
TSS_1414_storz_regulondb,2.6,16,4,ACTAATTTTACTTACTCAGG,12,1222
TSS_1414_storz_regulondb,5.2,29,4,ACTAATTGCGATGTAGTCGT,25,11774
TSS_1414_storz_regulondb,3.0,18,4,ACTAACGTCTATTGCGTCTT,14,78206
TSS_1414_storz_regulondb,5.4,30,4,ACTAAAGTGCTCATCGTGCC,26,62472
TSS_1414_storz_regulondb,8.6,46,4,ACGTCATACCGGCTTAGTAC,42,32588
TSS_1414_storz_regulondb,3.0,18,4,ACGTACTAGCCACGGGAGAG,14,68357
TSS_1414_storz_regulondb,4.6,26,4,ACGGGTGGTGAATTTAAGCA,22,15184
TSS_1414_storz_regulondb,4.2,24,4,ACGGGCATGTTGGATCGGGA,20,37154
TSS_1414_storz_regulondb,8.2,44,4,ACGGGAGACTGATCCGAACA,40,36922
TSS_1414_storz_regulondb,3.2,19,4,ACGGCCCTCGTTTTCACTGA,15,28919
TSS_1414_storz_regulondb,7.0,38,4,ACGGACCTCTCTAGGCGTAT,34,68960
TSS_1414_storz_regulondb,1.8,12,4,ACGCTTTTAGCTTAGTGAAC,8,49293
TSS_1414_storz_regulondb,1.6,11,4,ACGCGCTTCTGTTGATTCTC,7,51381
TSS_1414_storz_regulondb,2.8,17,4,ACGATTGAGAGCAAACATCA,13,55238
TSS_1414_storz_regulondb,12.2,64,4,ACGAATGATTACTAGGATAT,60,1592
TSS_1414_storz_regulondb,9.0,48,4,ACCTTACTCTGCTTTAGGGA,44,58140
TSS_1414_storz_regulondb,4.2,24,4,ACCCTCCTTAGTGCTGAAAT,20,61749
TSS_1414_storz_regulondb,1.2,9,4,ACCCGACGACATAACAATAT,5,1566
TSS_1414_storz_regulondb,5.6,31,4,ACCCCTATGGTTTACGTCAG,27,35925
TSS_1414_storz_regulondb,3.2,19,4,ACATAATAAAATCCATTTGA,15,38829
TSS_1414_storz_regulondb,0.4,5,4,ACAGGAATAAGGATACGGCC,1,23121
TSS_1414_storz_regulondb,2.4,15,4,ACAGCTTATCTCCGAGTTAA,11,60396
TSS_1414_storz_regulondb,5.0,28,4,ACACTGCATTCACCATCCGC,24,46315
TSS_1414_storz_regulondb,0.4,5,4,ACACGTTCGGTCTACACAAT,1,46928
TSS_1414_storz_regulondb,11.8,62,4,ACACGTACGTTGCTTTTCAG,58,21814
TSS_1414_storz_regulondb,2.6,16,4,ACACCTACTACCCCTTACGA,12,166
TSS_1414_storz_regulondb,6.0,33,4,AATTTAGATTTCGTCAGAAT,29,26998
TSS_1414_storz_regulondb,1.6,11,4,AATTGCCTGGAAAATGTAGA,7,22569
TSS_1414_storz_regulondb,7.4,40,4,AATTCAAGATATTACTGGAG,36,51662
TSS_1414_storz_regulondb,3.2,19,4,AATTAGGAAGTCTCCGTCTC,15,23810
TSS_1414_storz_regulondb,3.0,18,4,AATCTGTATAACGGATAATG,14,12058
TSS_1414_storz_regulondb,4.8,27,4,AATCCCGAAAGAATTGAATC,23,21623
TSS_1414_storz_regulondb,3.2,19,4,AATATATCTTGGAGGGTCAG,15,26198
TSS_1414_storz_regulondb,0.4,5,4,AAGGATAAGTGTAAATAGTG,1,29094
TSS_1414_storz_regulondb,2.4,15,4,AAGCTCGAAAAAGGACGCTA,11,34226
TSS_1414_storz_regulondb,0.4,5,4,AAGCGTCGTGTGTCTCGCCA,1,19469
TSS_1414_storz_regulondb,2.6,16,4,AAGCACAGCGTATTGGGCGC,12,49402
TSS_1414_storz_regulondb,0.4,5,4,AAGAGATGGCCGTTGATACT,1,22922
TSS_1414_storz_regulondb,1.8,12,4,AAGACCTGTATAAGCGTAAC,8,57111
TSS_1414_storz_regulondb,6.0,33,4,AAGAAAGGCGTAGGCTAATT,29,59561
TSS_1414_storz_regulondb,6.8,37,4,AACTTTCTTGATCGTTAAGT,33,526
TSS_1414_storz_regulondb,6.4,35,4,AACGGTTCCGACCAGCATAT,31,64513
TSS_1414_storz_regulondb,0.4,5,4,AACGGTCGCGTGTCTGCCTC,1,8908
TSS_1414_storz_regulondb,0.4,5,4,AACGGACTTCTACAAGCGAC,1,31736
TSS_1414_storz_regulondb,0.4,5,4,AACGGACTCAATGCTATCAT,1,3824
TSS_1414_storz_regulondb,0.4,5,4,AACCGGCATAATAAGGCAAC,1,47571
TSS_1414_storz_regulondb,2.0,13,4,AACCCCAAATTTGCCAGCCC,9,29376
TSS_1414_storz_regulondb,4.2,24,4,AACATGGGAAACGTATGATA,20,12698
TSS_1414_storz_regulondb,0.4,5,4,AACAGGGGCTGGGGATCCAA,1,41700
TSS_1414_storz_regulondb,7.8,42,4,AAATAGCATGGTCTTGGAGT,38,69515
TSS_1414_storz_regulondb,7.4,40,4,AAATAAATACGACCCTAGCG,36,80031
TSS_1414_storz_regulondb,14.6,76,4,AAAGAGGGTTACGGTATGTT,72,65524
TSS_1414_storz_regulondb,4.0,23,4,AAACCGTCTAGCGCCGCGAC,19,75621
TSS_1414_storz_regulondb,7.5,32,3,TTTTGAGATTTCAATCGGCG,29,68350
TSS_1414_storz_regulondb,36.5,148,3,TTTTCTTGAAATTGGTCTCG,145,52723
TSS_1414_storz_regulondb,3.5,16,3,TTTTATCCGTGAGGGGGCCT,13,922
TSS_1414_storz_regulondb,0.5,4,3,TTTTATCCGGCCAGTGTGTC,1,39440
TSS_1414_storz_regulondb,6.25,27,3,TTTTAAACTAATTAGGTCTA,24,14759
TSS_1414_storz_regulondb,0.5,4,3,TTTGTATAGCAGGAATATTG,1,39056
TSS_1414_storz_regulondb,0.5,4,3,TTTGGCAAGTCTAGTGGCAT,1,6014
TSS_1414_storz_regulondb,2.25,11,3,TTTCTGATCTCCTAGAACCG,8,49952
TSS_1414_storz_regulondb,4.0,18,3,TTTCGGGCGTTAGATTACAC,15,5838
TSS_1414_storz_regulondb,8.75,37,3,TTTCCAATGCTAGAACGAAT,34,66155
TSS_1414_storz_regulondb,19.5,80,3,TTTCATTTACTAAGTCGTGT,77,79453
TSS_1414_storz_regulondb,6.0,26,3,TTTCACTTATCCCCCGGTCG,23,7009
TSS_1414_storz_regulondb,5.0,22,3,TTTCAACACATCCCATTTTG,19,70664
TSS_1414_storz_regulondb,4.0,18,3,TTTATGGGTTAGGTATGCCA,15,57256
TSS_1414_storz_regulondb,13.5,56,3,TTTAAACACGTTCGAGTTGC,53,38153
TSS_1414_storz_regulondb,0.5,4,3,TTGTTAGACTGGTGGGGAAC,1,39609
TSS_1414_storz_regulondb,8.75,37,3,TTGCTGGGTGACCCCGCGGA,34,64475
TSS_1414_storz_regulondb,3.5,16,3,TTGCTCGGCAACACTGACGC,13,2821
TSS_1414_storz_regulondb,3.25,15,3,TTGCTACTGGGCGTAACCTT,12,73026
TSS_1414_storz_regulondb,7.0,30,3,TTGCCTGCCTGGTACCAGAT,27,14760
TSS_1414_storz_regulondb,6.0,26,3,TTGACGACTGTTACAGTCAC,23,29817
TSS_1414_storz_regulondb,5.5,24,3,TTCTGGCGTCTAAGTGCCCG,21,53150
TSS_1414_storz_regulondb,4.75,21,3,TTCTCCCTCTCCAGCTTCCG,18,49922
TSS_1414_storz_regulondb,10.75,45,3,TTCGTCATCCTCTTAGTAAA,42,69662
TSS_1414_storz_regulondb,6.75,29,3,TTCGCTAGCTCAAGTATCAA,26,44416
TSS_1414_storz_regulondb,0.5,4,3,TTCGCCATACCCCGCAACAG,1,38050
TSS_1414_storz_regulondb,3.75,17,3,TTCGAGAGCCAGCTACAGGT,14,55592
TSS_1414_storz_regulondb,1.0,6,3,TTCCGGGGTGCATGGAGAAT,3,78988
TSS_1414_storz_regulondb,7.0,30,3,TTACTTCATATAGACGTGCA,27,14586
TSS_1414_storz_regulondb,6.75,29,3,TTAAGTCTGTATAGTTCAAC,26,25012
TSS_1414_storz_regulondb,6.25,27,3,TTAAGGTGAGCTGTCAGCCA,24,43127
TSS_1414_storz_regulondb,1.75,9,3,TTAAACTATCGCCAATTTCT,6,5054
TSS_1414_storz_regulondb,2.5,12,3,TGTTTGAAATGCAGGATAAA,9,57513
TSS_1414_storz_regulondb,1.75,9,3,TGTTCCGGTGGCACAGAATC,6,43695
TSS_1414_storz_regulondb,6.5,28,3,TGTTATGGTAGAAGAAATAT,25,39969
TSS_1414_storz_regulondb,4.25,19,3,TGTGTTAAACGTTGAAGCAA,16,27303
TSS_1414_storz_regulondb,0.5,4,3,TGTGTCCGAAACTCCATATG,1,60282
TSS_1414_storz_regulondb,3.25,15,3,TGTGCTTACTCTAGCAATTG,12,2014
TSS_1414_storz_regulondb,1.5,8,3,TGTGATTGCAGGCCAGTCGA,5,78732
TSS_1414_storz_regulondb,2.75,13,3,TGTCTCAGGGGGCAAGCATG,10,41803
TSS_1414_storz_regulondb,4.25,19,3,TGTCGTGGACTGAACATTCA,16,5773
TSS_1414_storz_regulondb,4.75,21,3,TGTCATAGTTCGCGTGCTCG,18,36185
TSS_1414_storz_regulondb,8.5,36,3,TGTACTTTGGGACACCTTGG,33,72103
TSS_1414_storz_regulondb,10.75,45,3,TGTACCAGGATTAAAGAGTA,42,365
TSS_1414_storz_regulondb,3.75,17,3,TGGTTTGTCATTAAATGTGT,14,24362
TSS_1414_storz_regulondb,3.25,15,3,TGGTCGCCTGTACGATTCTG,12,57084
TSS_1414_storz_regulondb,4.75,21,3,TGGTAGCTGCATGGGACGTC,18,71687
TSS_1414_storz_regulondb,0.5,4,3,TGGGTTAACAGGATTCATCC,1,40234
TSS_1414_storz_regulondb,7.5,32,3,TGGGGGGTCCGTGCCCAAGT,29,71095
TSS_1414_storz_regulondb,3.25,15,3,TGGGACCCATTGCCAGTTCG,12,1044
TSS_1414_storz_regulondb,5.5,24,3,TGGATGTGCGCTTGGGAGTT,21,34142
TSS_1414_storz_regulondb,8.0,34,3,TGGAGATTTTACCGTAACGA,31,55037
TSS_1414_storz_regulondb,7.75,33,3,TGGACGTGGACATCCCGCCC,30,56924
TSS_1414_storz_regulondb,14.0,58,3,TGCTTCACCATGAAGTATCA,55,54794
TSS_1414_storz_regulondb,15.5,64,3,TGCTATATAAATTTGGGATT,61,79985
TSS_1414_storz_regulondb,8.5,36,3,TGCTAAGCTGGTCGCGCCTC,33,23894
TSS_1414_storz_regulondb,9.75,41,3,TGCGGGATCCAGACCGTCCA,38,66575
TSS_1414_storz_regulondb,10.25,43,3,TGCGCGTTGGGGCGGCACTT,40,12059
TSS_1414_storz_regulondb,8.5,36,3,TGCGCGGATGCATGTAGTTT,33,15145
TSS_1414_storz_regulondb,4.0,18,3,TGCCCATGTATCTGAAGTCA,15,2418
TSS_1414_storz_regulondb,2.25,11,3,TGCATGTCCACCACCTCTAC,8,17355
TSS_1414_storz_regulondb,5.75,25,3,TGCATGCCACCCAATCCCTG,22,74040
TSS_1414_storz_regulondb,8.0,34,3,TGCAGGGTGTTCCCTGAGGA,31,11233
TSS_1414_storz_regulondb,8.25,35,3,TGCAACCACGGGGGTGGAAT,32,7322
TSS_1414_storz_regulondb,25.25,103,3,TGATAGTACTGGGCTTTGTT,100,38473
TSS_1414_storz_regulondb,0.5,4,3,TGATAAGCCATTCTACGCTT,1,42041
TSS_1414_storz_regulondb,0.5,4,3,TGAGTGGAACAGCCCCTCTG,1,67447
TSS_1414_storz_regulondb,6.0,26,3,TGAGTCCAAATTTCTGTCTA,23,56168
TSS_1414_storz_regulondb,7.75,33,3,TGAGGGTACGTCTAAAAGGA,30,28910
TSS_1414_storz_regulondb,7.0,30,3,TGAGAGCAATTTTACACTAA,27,13972
TSS_1414_storz_regulondb,9.5,40,3,TCTTGGTGGTGCCTTAATAA,37,52881
TSS_1414_storz_regulondb,6.0,26,3,TCTTGCCCGGGGCTATAAGT,23,17946
TSS_1414_storz_regulondb,13.5,56,3,TCTTCATAAGACCGCAAGAA,53,72013
TSS_1414_storz_regulondb,1.75,9,3,TCTCTTCACATGACGCAAGT,6,20050
TSS_1414_storz_regulondb,1.5,8,3,TCTCCCGAGGTGAATTTTGT,5,35402
TSS_1414_storz_regulondb,3.5,16,3,TCTCCCACCTGTTACCTAAT,13,63767
TSS_1414_storz_regulondb,4.0,18,3,TCTACTGTCGCACAGCGTGC,15,62294
TSS_1414_storz_regulondb,6.75,29,3,TCGTCTCCCCTTAGGGTTAT,26,41725
TSS_1414_storz_regulondb,6.0,26,3,TCGTAGGGGGCTTAGGCATG,23,81119
TSS_1414_storz_regulondb,7.5,32,3,TCGGTATGATGGCGGTTACT,29,26858
TSS_1414_storz_regulondb,3.5,16,3,TCGGGTTGTGTTGTTTGTTT,13,52833
TSS_1414_storz_regulondb,16.0,66,3,TCGCATGGACCATTCGCTCT,63,30603
TSS_1414_storz_regulondb,5.0,22,3,TCGAAATTATCTTCAGGAAC,19,27651
TSS_1414_storz_regulondb,8.5,36,3,TCGAAATGCATGCTAATGGT,33,61543
TSS_1414_storz_regulondb,0.75,5,3,TCCTGCAGCACGCCCGGCCA,2,25809
TSS_1414_storz_regulondb,24.0,98,3,TCCTGACTGTAGGTTTCCTT,95,35255
TSS_1414_storz_regulondb,5.0,22,3,TCCGTAGACCTGCGTCTCGC,19,28858
TSS_1414_storz_regulondb,14.75,61,3,TCCGTACTAGCTCATACACC,58,40928
TSS_1414_storz_regulondb,0.5,4,3,TCCCAGTGAATTAACGCGGG,1,60787
TSS_1414_storz_regulondb,11.25,47,3,TCATGATAGGCTGTGCTGAA,44,74472
TSS_1414_storz_regulondb,5.0,22,3,TCATACCATAGGTTGGCCTG,19,25161
TSS_1414_storz_regulondb,7.0,30,3,TCAGCGCAGCATTTAGGTGT,27,41325
TSS_1414_storz_regulondb,13.5,56,3,TCACATATACTCATCCGAAG,53,72883
TSS_1414_storz_regulondb,6.5,28,3,TCACAGCTACGGCATGTCAG,25,44753
TSS_1414_storz_regulondb,5.75,25,3,TCACAAACCGACGGTCTCCT,22,73588
TSS_1414_storz_regulondb,2.75,13,3,TCAATTACAGGTTCGTCTGC,10,22346
TSS_1414_storz_regulondb,3.0,14,3,TCAAGGCGAGTTGGAGGGAA,11,29307
TSS_1414_storz_regulondb,15.5,64,3,TCAAGCCAACGGGATATAGT,61,60480
TSS_1414_storz_regulondb,0.5,4,3,TATTTCAAAGCCTACTAACA,1,33210
TSS_1414_storz_regulondb,11.75,49,3,TATTCCTGCTGAGGACATAC,46,66820
TSS_1414_storz_regulondb,6.25,27,3,TATCCCCATCTAAATCTATC,24,50965
TSS_1414_storz_regulondb,9.0,38,3,TATAGTATCACGCGAAGAGC,35,11116
TSS_1414_storz_regulondb,9.5,40,3,TAGGGTTGGAAGACGGCACT,37,5170
TSS_1414_storz_regulondb,6.5,28,3,TAGGATTGATCCTCACAGCG,25,34107
TSS_1414_storz_regulondb,0.5,4,3,TAGCAGATGGTGAACACGAA,1,30619
TSS_1414_storz_regulondb,6.0,26,3,TACTTGTGCGTATGCAAGCA,23,32245
TSS_1414_storz_regulondb,3.25,15,3,TACTTAAAAAAGAGTTGACT,12,73137
TSS_1414_storz_regulondb,6.0,26,3,TACTGCCTAACCTTGCACCA,23,66976
TSS_1414_storz_regulondb,5.5,24,3,TACTCCGCTCACGGTCAAAA,21,19594
TSS_1414_storz_regulondb,8.25,35,3,TACTACTATGACGGATGCTA,32,68752
TSS_1414_storz_regulondb,4.25,19,3,TACGTGGCTAGGAAGTTTAT,16,1729
TSS_1414_storz_regulondb,11.5,48,3,TACCGAAGGTGTTTCAGTGT,45,65300
TSS_1414_storz_regulondb,6.25,27,3,TAATCGATTCGCTCCCCTTT,24,55409
TSS_1414_storz_regulondb,8.75,37,3,TAATCAAAGCTGTGAAGATC,34,33211
TSS_1414_storz_regulondb,9.25,39,3,TAACGAATCGAGCCCAGCTC,36,20062
TSS_1414_storz_regulondb,5.75,25,3,TAACCCCGGCTTCTACGTTT,22,62425
TSS_1414_storz_regulondb,5.0,22,3,GTTTTCTGACAAGCGTGTGA,19,47560
TSS_1414_storz_regulondb,11.5,48,3,GTTTGTAAGTCCGCGCTTTA,45,32246
TSS_1414_storz_regulondb,2.5,12,3,GTTTAAGGTTTCACACCTTC,9,56495
TSS_1414_storz_regulondb,4.0,18,3,GTTGGATACGGGTGCTCAAG,15,59064
TSS_1414_storz_regulondb,0.75,5,3,GTTACTCCCTCTGAGTCAGT,2,29936
TSS_1414_storz_regulondb,6.75,29,3,GTGTCTTCGTTCTCCTTGCT,26,66565
TSS_1414_storz_regulondb,72.0,290,3,GTGTCCCGGGAACTCGGCTT,287,75013
TSS_1414_storz_regulondb,14.75,61,3,GTGGGGTGTGTCAAAAGCTT,58,3900
TSS_1414_storz_regulondb,15.25,63,3,GTGGCACTGGGTTTGCCGGA,60,56841
TSS_1414_storz_regulondb,0.5,4,3,GTGCACACAATTTGCCCTTC,1,68995
TSS_1414_storz_regulondb,5.0,22,3,GTGAGGCAGGAAGCTATATA,19,48314
TSS_1414_storz_regulondb,3.25,15,3,GTGACTTGTATCCTTCCGTC,12,30857
TSS_1414_storz_regulondb,10.25,43,3,GTGAATACTCGAAACGCATT,40,65604
TSS_1414_storz_regulondb,0.75,5,3,GTCGCAGTACTGAGATGAGT,2,7619
TSS_1414_storz_regulondb,8.75,37,3,GTCGAAGGCACTTACGGGTC,34,21164
TSS_1414_storz_regulondb,5.25,23,3,GTCCGGCACAATTTCAGCGG,20,52011
TSS_1414_storz_regulondb,4.5,20,3,GTCAATGGCGGTTGGGGTGA,17,39923
TSS_1414_storz_regulondb,0.5,4,3,GTAGGCAACGGTCGCTGGAT,1,5037
TSS_1414_storz_regulondb,2.75,13,3,GTAGCATTTGGATAGTGGTC,10,57216
TSS_1414_storz_regulondb,0.5,4,3,GTACGCTAGCCAGAGCGGGG,1,30152
TSS_1414_storz_regulondb,76.5,308,3,GTACGCCACGATCTGGATTA,305,73027
TSS_1414_storz_regulondb,3.75,17,3,GGTTTTCCACCGTGAGTGAC,14,28362
TSS_1414_storz_regulondb,9.75,41,3,GGTGCGGCGTAGACCCTTGA,38,39374
TSS_1414_storz_regulondb,4.5,20,3,GGTGCAATTCGCTGGTCGCT,17,75305
TSS_1414_storz_regulondb,5.0,22,3,GGTCGGTACTCTATAGGCCC,19,72768
TSS_1414_storz_regulondb,8.25,35,3,GGGGGAGATAGGGTCGCTCG,32,22275
TSS_1414_storz_regulondb,7.25,31,3,GGGGACTCACCAGACTGCGA,28,35158
TSS_1414_storz_regulondb,0.5,4,3,GGGCCTAAGGCGCGCTTGTG,1,13346
TSS_1414_storz_regulondb,7.75,33,3,GGCTTTAGTTCTCAAAGGCC,30,26500
TSS_1414_storz_regulondb,6.0,26,3,GGCTGGGTTTATTTACAATA,23,32599
TSS_1414_storz_regulondb,6.0,26,3,GGCGCGAAACATCGTCAGCA,23,5371
TSS_1414_storz_regulondb,8.25,35,3,GGCCGGAGCACAAGCTGGAT,32,80885
TSS_1414_storz_regulondb,4.0,18,3,GGCCACAGTATTAGACGGGA,15,41384
TSS_1414_storz_regulondb,0.5,4,3,GGCACGGGGAAGATGTGTGT,1,73193
TSS_1414_storz_regulondb,21.5,88,3,GGATGGATAACTCACTGGTA,85,50994
TSS_1414_storz_regulondb,5.75,25,3,GGATACCCTTTTTGGGCTCA,22,47464
TSS_1414_storz_regulondb,65.25,263,3,GGATAAACTCCTACGGATCT,260,52732
TSS_1414_storz_regulondb,0.5,4,3,GGAGGTGGCGGGGATGAGCC,1,64877
TSS_1414_storz_regulondb,5.5,24,3,GGAGGACCCCTGAGATGGAT,21,12060
TSS_1414_storz_regulondb,4.25,19,3,GGAGCCATCAGAGACAACGA,16,69254
TSS_1414_storz_regulondb,4.0,18,3,GGAGAGAAGGCCCACACAAT,15,35762
TSS_1414_storz_regulondb,0.5,4,3,GGAATTTCGATAATCGTTAA,1,57332
TSS_1414_storz_regulondb,8.25,35,3,GGAATGACTATCACTACAGT,32,73169
TSS_1414_storz_regulondb,5.0,22,3,GCTTCGGCCAGTCCTGTTAT,19,12044
TSS_1414_storz_regulondb,7.75,33,3,GCTGATTTTACAACAACGGT,30,6128
TSS_1414_storz_regulondb,0.5,4,3,GCGTTCTCGGCCGCCGAGAA,1,32463
TSS_1414_storz_regulondb,6.25,27,3,GCGTGGCGTTACTGGCCGCT,24,80888
TSS_1414_storz_regulondb,6.75,29,3,GCGTCATCCTTCAAACTTGT,26,20324
TSS_1414_storz_regulondb,2.5,12,3,GCGCTGTTAAATCCGGTGTC,9,35628
TSS_1414_storz_regulondb,4.25,19,3,GCGAACTCGAGGCCGATGCA,16,79521
TSS_1414_storz_regulondb,6.5,28,3,GCCGTGTCGGGTGCGCCAAC,25,44538
TSS_1414_storz_regulondb,0.5,4,3,GCCCTGTGGTAGCTAGGCTT,1,64610
TSS_1414_storz_regulondb,5.0,22,3,GCCCTGCCAAGTGCTTCTCA,19,74460
TSS_1414_storz_regulondb,5.75,25,3,GCCCCGCAAAGTGACTTCTT,22,325
TSS_1414_storz_regulondb,8.25,35,3,GCCATGGTTCTTATTCGCAA,32,62551
TSS_1414_storz_regulondb,3.0,14,3,GCCAGAAAAGACGTTGATTG,11,69698
TSS_1414_storz_regulondb,4.5,20,3,GCCAAGTACAATTGGAACAA,17,72839
TSS_1414_storz_regulondb,5.75,25,3,GCCAAAAGAGGGTACCAAAG,22,19300
TSS_1414_storz_regulondb,0.5,4,3,GCATGGGGTGCACTGACGAA,1,9390
TSS_1414_storz_regulondb,2.75,13,3,GCAGTGGTCTGCTAACACGA,10,59004
TSS_1414_storz_regulondb,0.5,4,3,GCAGTCTCTACTTTGATTAG,1,64631
TSS_1414_storz_regulondb,7.25,31,3,GCACAGGTAAAAAGTTGGAA,28,51615
TSS_1414_storz_regulondb,0.5,4,3,GCACAAGTGTTTTGCTTCAC,1,55633
TSS_1414_storz_regulondb,5.25,23,3,GATTTACTGGGATCATGTTG,20,36301
TSS_1414_storz_regulondb,4.25,19,3,GATGTTGAGCGACCTCAGAC,16,66176
TSS_1414_storz_regulondb,5.5,24,3,GATCCGCACGCAGCTATAAA,21,62665
TSS_1414_storz_regulondb,1.0,6,3,GATACTATCAGCTCATGATG,3,76116
TSS_1414_storz_regulondb,6.75,29,3,GATACCGAGCTGCGTCTGCA,26,28578
TSS_1414_storz_regulondb,7.5,32,3,GAGGGGAGAGGGGGACGATA,29,64538
TSS_1414_storz_regulondb,4.75,21,3,GAGCCTCATAAATCAGTAAT,18,17596
TSS_1414_storz_regulondb,18.75,77,3,GACTAGACCGTCCAGGAAAG,74,72655
TSS_1414_storz_regulondb,3.25,15,3,GACTAATATTCAAAATAGAT,12,62073
TSS_1414_storz_regulondb,4.25,19,3,GACGTTTGGCGCTACCCAGT,16,37686
TSS_1414_storz_regulondb,4.75,21,3,GACGACACATAAGTCGTGGT,18,73786
TSS_1414_storz_regulondb,7.5,32,3,GACATGACAAGTTTTTTTAG,29,39396
TSS_1414_storz_regulondb,0.5,4,3,GAAGTCTTATGAGAATGGGG,1,1212
TSS_1414_storz_regulondb,0.5,4,3,GAAGGTTTACTGGAAATATG,1,46555
TSS_1414_storz_regulondb,4.75,21,3,GAAGGGTGGAAAACTGGTTA,18,61479
TSS_1414_storz_regulondb,6.0,26,3,GAACGGTTACTCCTTGACAG,23,23920
TSS_1414_storz_regulondb,2.0,10,3,GAACGAGTGTGAACTGTTTA,7,67812
TSS_1414_storz_regulondb,7.25,31,3,GAACACGGGGTCTAATTTAG,28,36766
TSS_1414_storz_regulondb,0.5,4,3,GAAATCTGTATCGGTTCAAC,1,43505
TSS_1414_storz_regulondb,2.5,12,3,GAAAGGCCACCATACCCACT,9,45212
TSS_1414_storz_regulondb,13.5,56,3,GAAACACCGACTTGTCTTAA,53,49648
TSS_1414_storz_regulondb,0.5,4,3,CTTGTTTATGGAGGTAAAGT,1,21997
TSS_1414_storz_regulondb,0.75,5,3,CTTGCCTAGGTTGCACGTGT,2,14989
TSS_1414_storz_regulondb,10.5,44,3,CTTCCGTACGCCCGGCGTAA,41,70773
TSS_1414_storz_regulondb,2.5,12,3,CTTCCCTTCGCCTGTAAAAA,9,14531
TSS_1414_storz_regulondb,9.5,40,3,CTTAAGCGGTCCCGCAATCC,37,79721
TSS_1414_storz_regulondb,4.75,21,3,CTGTGTCTCCCCATGTCAAA,18,70895
TSS_1414_storz_regulondb,0.5,4,3,CTGCTGCGTCGCAGTCGGAA,1,10262
TSS_1414_storz_regulondb,13.0,54,3,CTGCCGAACTACAATATACA,51,5423
TSS_1414_storz_regulondb,0.5,4,3,CTGATTGCGGTTCTCTGAGC,1,16302
TSS_1414_storz_regulondb,11.75,49,3,CTGACAAGCGTGGAAACCCA,46,35248
TSS_1414_storz_regulondb,11.75,49,3,CTCGGAGAAGTATGCTCCAA,46,30873
TSS_1414_storz_regulondb,13.75,57,3,CTCCGTCGTACGAACCCTTG,54,23760
TSS_1414_storz_regulondb,2.0,10,3,CTCAATCCGCACCCCCTAGA,7,70193
TSS_1414_storz_regulondb,0.5,4,3,CTATCTTTTCAGTCAATCCT,1,46038
TSS_1414_storz_regulondb,3.25,15,3,CTACTTCGCACCACTTCTGT,12,38537
TSS_1414_storz_regulondb,5.75,25,3,CTACCTTCTACTATGTTATG,22,75929
TSS_1414_storz_regulondb,8.75,37,3,CTACCGCCCGCGTACGGCTT,34,27071
TSS_1414_storz_regulondb,8.75,37,3,CTAATATGTGGTCGCTGGAG,34,22718
TSS_1414_storz_regulondb,41.75,169,3,CTAAGACCAGTTAGGATTTA,166,52774
TSS_1414_storz_regulondb,0.5,4,3,CGTTTCGGTATGTAGGGTGT,1,26013
TSS_1414_storz_regulondb,5.25,23,3,CGTTGTGGAAACGGTTCAGT,20,42093
TSS_1414_storz_regulondb,0.5,4,3,CGTCGTCCTATCTGCGGCCA,1,21097
TSS_1414_storz_regulondb,2.75,13,3,CGTATGCGGGTTGCGGCGAA,10,44838
TSS_1414_storz_regulondb,0.5,4,3,CGTAGTACAGAGTCGAAAAG,1,50326
TSS_1414_storz_regulondb,1.75,9,3,CGTAATGCAAGCCCTCGTAA,6,36499
TSS_1414_storz_regulondb,3.0,14,3,CGGTCCTCCTATATGTGCCA,11,69948
TSS_1414_storz_regulondb,3.5,16,3,CGGGCTCCTCTGGTCAATTC,13,71836
TSS_1414_storz_regulondb,8.75,37,3,CGGAGACTACCGAGAATTTG,34,42610
TSS_1414_storz_regulondb,9.25,39,3,CGGACCCTACGCCTAAAGGG,36,76551
TSS_1414_storz_regulondb,10.0,42,3,CGCTGAACACGTGCCCTTGC,39,44799
TSS_1414_storz_regulondb,3.25,15,3,CGCGTGCGATGGATCGGTCA,12,25627
TSS_1414_storz_regulondb,6.75,29,3,CGCGGATCTTCGGCGATATG,26,51218
TSS_1414_storz_regulondb,4.75,21,3,CGCCGCCTAAATAAGGTGTT,18,33816
TSS_1414_storz_regulondb,3.75,17,3,CGCATTTCGTATATTCACTA,14,45552
TSS_1414_storz_regulondb,6.0,26,3,CGCATCGCTGCTCGACCCCC,23,67488
TSS_1414_storz_regulondb,0.5,4,3,CGCACCATGGGGATGTCTGT,1,47956
TSS_1414_storz_regulondb,16.25,67,3,CGAGTGTGACACGCCGCCCC,64,47786
TSS_1414_storz_regulondb,19.5,80,3,CGAGAAGCGGCCCAACTTTA,77,75029
TSS_1414_storz_regulondb,0.5,4,3,CGACGTGTGCACCCACAAAG,1,1665
TSS_1414_storz_regulondb,7.0,30,3,CGACGAAGTGTCAGTAGTAG,27,72340
TSS_1414_storz_regulondb,9.0,38,3,CCTTTTACGCTAGACGACTC,35,9081
TSS_1414_storz_regulondb,5.5,24,3,CCTGTCTGAGCAAAGCTTAA,21,62774
TSS_1414_storz_regulondb,4.5,20,3,CCTCGTGGCCTTTTCTCCTG,17,58290
TSS_1414_storz_regulondb,3.25,15,3,CCTCGGGCGCGCCTAGACCT,12,4456
TSS_1414_storz_regulondb,8.0,34,3,CCTAATTTTTGTGAGTGTCC,31,75875
TSS_1414_storz_regulondb,0.5,4,3,CCGTTGGCTTGTTTACCTAA,1,50493
TSS_1414_storz_regulondb,6.5,28,3,CCGTTACAGAGAGTATTCGT,25,80036
TSS_1414_storz_regulondb,4.5,20,3,CCGTATTCAAACTACAGCAG,17,24962
TSS_1414_storz_regulondb,15.75,65,3,CCGGTGGTAGGCGAGGTCCC,62,27296
TSS_1414_storz_regulondb,5.5,24,3,CCGGTCAGTGTAGATAAAAA,21,3699
TSS_1414_storz_regulondb,0.75,5,3,CCGGCATAAATCCGGTCATT,2,70731
TSS_1414_storz_regulondb,16.25,67,3,CCGCTTGTGATACGTCAATC,64,35483
TSS_1414_storz_regulondb,14.75,61,3,CCGCGCGCTTGGTAAAAGAT,58,75801
TSS_1414_storz_regulondb,4.25,19,3,CCGCGACGGGCGTCGTCCAT,16,59160
TSS_1414_storz_regulondb,0.5,4,3,CCGCCAGTCTGCTGCCTTGT,1,49244
TSS_1414_storz_regulondb,10.5,44,3,CCGCCACTGACTCCAGACTG,41,25730
TSS_1414_storz_regulondb,7.5,32,3,CCGATTCAAGCGGGGAGAGC,29,55452
TSS_1414_storz_regulondb,18.5,76,3,CCGAATACTCCCAATAGTAT,73,1359
TSS_1414_storz_regulondb,13.5,56,3,CCCGTCCACCGGTGAGAGAC,53,71636
TSS_1414_storz_regulondb,5.0,22,3,CCCCAATATTATGAAATTAT,19,40302
TSS_1414_storz_regulondb,9.25,39,3,CCCATGCCGATTAAAGACAA,36,55794
TSS_1414_storz_regulondb,5.75,25,3,CCATGCGATCTCGGTATCAA,22,50003
TSS_1414_storz_regulondb,5.25,23,3,CCATAAGGCTCTTCCCGATC,20,36842
TSS_1414_storz_regulondb,9.0,38,3,CCAGATATAGAGGCTCAGGA,35,45122
TSS_1414_storz_regulondb,27.25,111,3,CCAATTGGAGGTAATCAATC,108,13791
TSS_1414_storz_regulondb,5.25,23,3,CCAAGAAACTCTCTATCCAC,20,53350
TSS_1414_storz_regulondb,7.0,30,3,CCAAAGTACAACCAGTGTAG,27,37645
TSS_1414_storz_regulondb,9.75,41,3,CATTGGGGCAAATTATTCCT,38,44736
TSS_1414_storz_regulondb,1.25,7,3,CATTGCAGCAGAAACAGCGC,4,31180
TSS_1414_storz_regulondb,0.5,4,3,CATGCAGCGTTCGGTGCATT,1,6033
TSS_1414_storz_regulondb,18.75,77,3,CATCTTACATCGCGCGTTGT,74,67471
TSS_1414_storz_regulondb,2.75,13,3,CATCGTATCACCAAAAGCAC,10,35181
TSS_1414_storz_regulondb,5.0,22,3,CATCGGGCAAGGCTAGATAT,19,11744
TSS_1414_storz_regulondb,14.5,60,3,CATCGAAGAAGTAGTGGTCA,57,9082
TSS_1414_storz_regulondb,4.0,18,3,CATCCAAAGTAGTTTAGGAC,15,29983
TSS_1414_storz_regulondb,0.5,4,3,CATCATTGGGACCTCTGGCT,1,24214
TSS_1414_storz_regulondb,3.5,16,3,CATCACGAATAGAACTTCAT,13,28235
TSS_1414_storz_regulondb,12.25,51,3,CATCAACAGAGGGGCACGGA,48,7911
TSS_1414_storz_regulondb,1.0,6,3,CATATCGGAAAAAGCCAAAT,3,26488
TSS_1414_storz_regulondb,7.0,30,3,CATAGCGTTGACTAGACCTA,27,67502
TSS_1414_storz_regulondb,9.0,38,3,CATACCGACGAGGGCGATAT,35,18334
TSS_1414_storz_regulondb,4.0,18,3,CAGTTTTTATTTATCACTAA,15,49138
TSS_1414_storz_regulondb,7.5,32,3,CAGTTCAGTTTACGTCCCAC,29,69218
TSS_1414_storz_regulondb,10.75,45,3,CAGTTCAACTAAGTCCATTC,42,67882
TSS_1414_storz_regulondb,6.25,27,3,CAGGCGATCTCGCAGTCGGC,24,69433
TSS_1414_storz_regulondb,3.75,17,3,CAGGAATAATTTCGAATATT,14,28917
TSS_1414_storz_regulondb,3.75,17,3,CAGCCATATGCCGCCCATTG,14,49413
TSS_1414_storz_regulondb,12.0,50,3,CAGATGGGAGTTCCCCAATT,47,65991
TSS_1414_storz_regulondb,7.0,30,3,CACCGTCACACGGCACGCTA,27,48713
TSS_1414_storz_regulondb,5.0,22,3,CACCGCCTATGGGTACGCAA,19,18640
TSS_1414_storz_regulondb,5.25,23,3,CACACGTTAGGTTCACCGCC,20,75334
TSS_1414_storz_regulondb,10.75,45,3,CAACTTTACGCCAATTCTGA,42,61426
TSS_1414_storz_regulondb,5.0,22,3,CAACTCTATCAACTGTTTGA,19,70331
TSS_1414_storz_regulondb,7.25,31,3,CAACCGGTGCACACAAAGAG,28,4912
TSS_1414_storz_regulondb,4.5,20,3,CAAAGAAGCTCAGGAAAGTG,17,49706
TSS_1414_storz_regulondb,6.0,26,3,ATTTTCGGAAAAGTCATAAA,23,19081
TSS_1414_storz_regulondb,3.25,15,3,ATTTGTTCAGAGACCAACGC,12,31258
TSS_1414_storz_regulondb,5.25,23,3,ATTTGATGCCACCCAAGCGT,20,59484
TSS_1414_storz_regulondb,13.25,55,3,ATTGTCTATTATCAGTATTG,52,25890
TSS_1414_storz_regulondb,5.25,23,3,ATTGCTAGAACCGTATAGAT,20,41971
TSS_1414_storz_regulondb,10.0,42,3,ATTGAAACAAACGTCCAGCG,39,25963
TSS_1414_storz_regulondb,8.5,36,3,ATTCACAATTCCGCAGCGTA,33,25707
TSS_1414_storz_regulondb,2.0,10,3,ATTATCAGCATCCTTGCTCG,7,27680
TSS_1414_storz_regulondb,0.5,4,3,ATTAGGCGATGCTGTCTCCA,1,59615
TSS_1414_storz_regulondb,12.0,50,3,ATTACCATACCCCTATGTGA,47,23967
TSS_1414_storz_regulondb,5.75,25,3,ATGTTATAGGCGTCTTGCTC,22,4517
TSS_1414_storz_regulondb,2.0,10,3,ATGGTTGGTACAGCAAGGCC,7,53223
TSS_1414_storz_regulondb,8.0,34,3,ATGGCACTGCTGCGGAAGAT,31,76846
TSS_1414_storz_regulondb,6.0,26,3,ATGCGAGAGAACTGACTTCC,23,56479
TSS_1414_storz_regulondb,9.5,40,3,ATGAGCGTCTATTGTTAGAG,37,80146
TSS_1414_storz_regulondb,5.25,23,3,ATGAAGGGATAGTAAACATA,20,48051
TSS_1414_storz_regulondb,3.0,14,3,ATGAAGAGCTTAACTGGTCC,11,16731
TSS_1414_storz_regulondb,0.5,4,3,ATCTATGCCAGGGCTGGATA,1,11244
TSS_1414_storz_regulondb,0.5,4,3,ATCGTTTGGCACTGATAATG,1,33224
TSS_1414_storz_regulondb,0.5,4,3,ATCGTTAATAAACTAAGAGG,1,57625
TSS_1414_storz_regulondb,0.5,4,3,ATCGCTGGTGACCCCTAGGC,1,41693
TSS_1414_storz_regulondb,20.5,84,3,ATCCTTGGTTTGACGTCTTT,81,75813
TSS_1414_storz_regulondb,12.0,50,3,ATATCGTATTTCACGTTTAT,47,13785
TSS_1414_storz_regulondb,4.0,18,3,ATATCCTACCTCGGGCTTTA,15,2323
TSS_1414_storz_regulondb,6.75,29,3,ATATCCAGAGACACAGTTGG,26,57964
TSS_1414_storz_regulondb,0.5,4,3,ATATCACGTGCCCTCTTCCC,1,28761
TSS_1414_storz_regulondb,6.5,28,3,ATATAGGGCCGACTGTTCGG,25,66504
TSS_1414_storz_regulondb,1.75,9,3,ATAGCACAGCCTATCAGTAT,6,78625
TSS_1414_storz_regulondb,12.0,50,3,ATAGAGGGGAGCGGCATTCC,47,28764
TSS_1414_storz_regulondb,5.75,25,3,ATACAGCTTGAATTACGAGG,22,43263
TSS_1414_storz_regulondb,4.25,19,3,ATAACTTCCCGGTTGTTCAT,16,1654
TSS_1414_storz_regulondb,4.75,21,3,AGTTTGTTCCCCCCGATCCA,18,31861
TSS_1414_storz_regulondb,3.5,16,3,AGTTGATACAAAATCGCCTA,13,59659
TSS_1414_storz_regulondb,7.25,31,3,AGTGGTGCAACACAAGATAC,28,11636
TSS_1414_storz_regulondb,20.25,83,3,AGTCGTCATATGGCGATCAA,80,51007
TSS_1414_storz_regulondb,0.5,4,3,AGTCACGGAGGTCCGAGGTG,1,60740
TSS_1414_storz_regulondb,7.5,32,3,AGTACTCAATGATTTGCTTG,29,34168
TSS_1414_storz_regulondb,3.75,17,3,AGTAATTCACGGTGAACGAA,14,40810
TSS_1414_storz_regulondb,7.5,32,3,AGGTGTTTATATGATCGAGA,29,27675
TSS_1414_storz_regulondb,4.0,18,3,AGGTCGGCTTAGTAGGTAGT,15,50800
TSS_1414_storz_regulondb,0.5,4,3,AGGGCATCTCCATGAGTCTA,1,35416
TSS_1414_storz_regulondb,8.0,34,3,AGGCTATAGTTTAGTGGACA,31,27442
TSS_1414_storz_regulondb,5.75,25,3,AGGCGTAGACATAGAAGGTT,22,2398
TSS_1414_storz_regulondb,0.5,4,3,AGCGTCTACTCGAAATGCTT,1,18261
TSS_1414_storz_regulondb,13.5,56,3,AGCGTCCGGGGTTCTCCTAC,53,37782
TSS_1414_storz_regulondb,5.75,25,3,AGCGACTCACTGTTCATCAT,22,54098
TSS_1414_storz_regulondb,0.5,4,3,AGCCCGTTCCAGACTGGTGC,1,27993
TSS_1414_storz_regulondb,11.0,46,3,AGCATATGCCCCCCATATCG,43,19546
TSS_1414_storz_regulondb,6.0,26,3,AGATGAACCCAATTGCCACG,23,21173
TSS_1414_storz_regulondb,7.25,31,3,AGATCCGCCATGCCAAGTGC,28,1374
TSS_1414_storz_regulondb,5.0,22,3,AGAGCGTTTTTTGCAATCCT,19,60076
TSS_1414_storz_regulondb,2.5,12,3,AGAGCACTACCCATAAAATC,9,65849
TSS_1414_storz_regulondb,2.75,13,3,AGACCTCTCACGACTCATAA,10,44243
TSS_1414_storz_regulondb,11.75,49,3,AGAAGTCAATAATTCGCTTC,46,35716
TSS_1414_storz_regulondb,0.5,4,3,ACTTACCGCCCCATCGTTAT,1,79912
TSS_1414_storz_regulondb,0.5,4,3,ACTTACCCACGTGACCCCTT,1,35040
TSS_1414_storz_regulondb,0.5,4,3,ACTGGTTACTGTTTTTTCGC,1,21099
TSS_1414_storz_regulondb,4.5,20,3,ACTGATCCTGTCCGAAATTT,17,26790
TSS_1414_storz_regulondb,5.5,24,3,ACTCAGGGCGTCCAAACGAG,21,16845
TSS_1414_storz_regulondb,4.75,21,3,ACTCAAGCGTATGTGGGGAC,18,79114
TSS_1414_storz_regulondb,8.5,36,3,ACGTACACAAGAGACATTCA,33,47675
TSS_1414_storz_regulondb,1.75,9,3,ACGGTAAGGTCACATCACCA,6,15409
TSS_1414_storz_regulondb,8.25,35,3,ACGGCGTCCGGATGCATGAG,32,31054
TSS_1414_storz_regulondb,1.5,8,3,ACGGCGAGATTATCCTCCTC,5,41505
TSS_1414_storz_regulondb,3.25,15,3,ACGCGCACGGTAGGACCCAT,12,4594
TSS_1414_storz_regulondb,12.75,53,3,ACGAGCTTCTTGTCTAATAC,50,20668
TSS_1414_storz_regulondb,6.5,28,3,ACGAGCCTTCGTCCATAATG,25,42039
TSS_1414_storz_regulondb,8.25,35,3,ACCTTACGCGCTTACACCCC,32,51293
TSS_1414_storz_regulondb,4.0,18,3,ACCTTAATATCTCAGTGTGC,15,71
TSS_1414_storz_regulondb,18.0,74,3,ACCTCCGATCCGCCCACGAT,71,12258
TSS_1414_storz_regulondb,0.5,4,3,ACCTAGGGGCTGAATGGCTC,1,65600
TSS_1414_storz_regulondb,4.75,21,3,ACCGTCTGGTGACTGGTTAG,18,38175
TSS_1414_storz_regulondb,10.5,44,3,ACCATCCCATCGTTCGACGA,41,27052
TSS_1414_storz_regulondb,4.25,19,3,ACCACGTAATGCACGGACGA,16,4524
TSS_1414_storz_regulondb,2.75,13,3,ACATTGGACGCCGAAGGAAA,10,35238
TSS_1414_storz_regulondb,6.25,27,3,ACATGGACGCCATAGCCAAA,24,69280
TSS_1414_storz_regulondb,5.25,23,3,ACATAGGGCTATCCCTGAGA,20,34788
TSS_1414_storz_regulondb,3.25,15,3,ACAGGCGGTGCCAAACCTTT,12,321
TSS_1414_storz_regulondb,5.5,24,3,ACAGAGGGGACGCATAAGCC,21,51292
TSS_1414_storz_regulondb,0.5,4,3,ACAGAGCGTTATTCAGAGGT,1,76250
TSS_1414_storz_regulondb,6.75,29,3,ACAGACTCAGTCGGATCATC,26,37242
TSS_1414_storz_regulondb,4.0,18,3,ACACTTACAGTAGGCTACTT,15,27309
TSS_1414_storz_regulondb,6.5,28,3,ACACGGGCACACTCGGGCGT,25,16992
TSS_1414_storz_regulondb,5.25,23,3,ACACGGCAACGGGTTACGCG,20,42357
TSS_1414_storz_regulondb,3.5,16,3,ACACAATCGTGCGGAAATCT,13,46208
TSS_1414_storz_regulondb,5.75,25,3,ACAACCCCGCGATATAGGAG,22,44540
TSS_1414_storz_regulondb,3.75,17,3,ACAAAACGGTAGCGGTCCCT,14,35645
TSS_1414_storz_regulondb,3.75,17,3,AATTGTTGCAACCAAGCGTT,14,19406
TSS_1414_storz_regulondb,6.0,26,3,AATGTGTACAATGTCCGGTT,23,24948
TSS_1414_storz_regulondb,0.5,4,3,AATGTGCCTTAGTGCACAGC,1,39610
TSS_1414_storz_regulondb,41.75,169,3,AATGTCGCACTCCAGAACGT,166,75839
TSS_1414_storz_regulondb,6.75,29,3,AATGCGACTCTATGGAGCAG,26,68945
TSS_1414_storz_regulondb,0.5,4,3,AATGCACCGTCTGTGTTAGC,1,63705
TSS_1414_storz_regulondb,1.75,9,3,AATCTTTCCCGCCGTAATGC,6,21174
TSS_1414_storz_regulondb,3.25,15,3,AATCGAAAAAGGTCATGGTG,12,61335
TSS_1414_storz_regulondb,8.25,35,3,AATCACTCCCAGAGCGGCAG,32,39248
TSS_1414_storz_regulondb,2.25,11,3,AATCACCCTCCACTCGCGAC,8,43873
TSS_1414_storz_regulondb,9.0,38,3,AATATTCATACAGGGCGCCT,35,71544
TSS_1414_storz_regulondb,45.5,184,3,AATATCAAAGGGGAGCAGAT,181,27521
TSS_1414_storz_regulondb,3.5,16,3,AATAACCATGCGGGTATCTT,13,81035
TSS_1414_storz_regulondb,6.75,29,3,AATAAAACTCAGGTCTGATC,26,66692
TSS_1414_storz_regulondb,4.25,19,3,AAGTGGCTGTAAAAACTGTG,16,10221
TSS_1414_storz_regulondb,23.25,95,3,AAGTCCGGATAGGCCCATGT,92,27534
TSS_1414_storz_regulondb,7.25,31,3,AAGGATATATTGCCTAAGGA,28,51916
TSS_1414_storz_regulondb,5.5,24,3,AAGCGTACGTCCAGGTGCGT,21,44730
TSS_1414_storz_regulondb,5.25,23,3,AAGCAGGAACTCTACACTTG,20,34738
TSS_1414_storz_regulondb,9.75,41,3,AAGACGTAGATTATTATGTA,38,60694
TSS_1414_storz_regulondb,6.25,27,3,AACTGTCATGCCTGAGCAGT,24,73972
TSS_1414_storz_regulondb,0.5,4,3,AACTAGAACATTTTCGTTGC,1,60546
TSS_1414_storz_regulondb,0.5,4,3,AACTAATATCAGTGTTTCCC,1,26390
TSS_1414_storz_regulondb,5.75,25,3,AACGCTCATAGCGGCCTCCC,22,57071
TSS_1414_storz_regulondb,0.5,4,3,AACGCAACTCCGGATGGGAT,1,6995
TSS_1414_storz_regulondb,15.5,64,3,AACCCGTGTCATTGGTGTCT,61,34115
TSS_1414_storz_regulondb,12.5,52,3,AACACTTTGTTCCATATGGA,49,77965
TSS_1414_storz_regulondb,2.75,13,3,AAATTCGGGTGCAACTTGGG,10,13602
TSS_1414_storz_regulondb,8.5,36,3,AAATTCGGACACGTCAAAAG,33,40224
TSS_1414_storz_regulondb,1.5,8,3,AAAGTTTACTCAAAAGTCAA,5,5040
TSS_1414_storz_regulondb,0.75,5,3,AAAGGCTGAACTCAGAATGG,2,54499
TSS_1414_storz_regulondb,11.75,49,3,AAACTTGGCGAGGTTATACG,46,18914
TSS_1414_storz_regulondb,3.25,15,3,AAACGAGGGGCCTTGATTCT,12,46529
TSS_1414_storz_regulondb,8.25,35,3,AAACCCACTCCGCCCAGTCT,32,57731
TSS_1414_storz_regulondb,8.666666666666666,27,2,TTTTTGGTTAGCGTGGTTAA,25,21148
TSS_1414_storz_regulondb,4.333333333333333,14,2,TTTTCATCAGGAGTATGCGC,12,64954
TSS_1414_storz_regulondb,8.0,25,2,TTTGTGGTATGGTTCGCCTT,23,74873
TSS_1414_storz_regulondb,9.0,28,2,TTTGTCGTCCGGTCAACACT,26,67317
TSS_1414_storz_regulondb,3.6666666666666665,12,2,TTTATAGTCTGGTGTTACGT,10,23668
TSS_1414_storz_regulondb,0.6666666666666666,3,2,TTGTGTTATCAAGGTGTACC,1,9852
TSS_1414_storz_regulondb,5.333333333333333,17,2,TTGTATAGATGAGACCCCCA,15,34541
TSS_1414_storz_regulondb,6.333333333333333,20,2,TTGGTCACCGGTTGTTTTGT,18,2162
TSS_1414_storz_regulondb,4.666666666666667,15,2,TTGGTATGACCATGGGATAG,13,4271
TSS_1414_storz_regulondb,6.333333333333333,20,2,TTGGCACTGCAATTATGGTT,18,28468
TSS_1414_storz_regulondb,4.0,13,2,TTGCCCGCGTATGCGCTACA,11,348
TSS_1414_storz_regulondb,1.6666666666666667,6,2,TTGATGTTCGCCCGCCCCCT,4,74410
TSS_1414_storz_regulondb,7.333333333333333,23,2,TTCTCCACCTCCAGGGTATT,21,75723
TSS_1414_storz_regulondb,1.6666666666666667,6,2,TTCTACTAGCGCTACCCCCT,4,42657
TSS_1414_storz_regulondb,1.0,4,2,TTCGGTTCACGTATACTTTC,2,20099
TSS_1414_storz_regulondb,6.666666666666667,21,2,TTCCTTACATCGCTTGTCCA,19,63489
TSS_1414_storz_regulondb,15.666666666666666,48,2,TTCCGGACTCGCAACGCACC,46,27529
TSS_1414_storz_regulondb,0.6666666666666666,3,2,TTCCCTAGTTCGTTCACAAT,1,27155
TSS_1414_storz_regulondb,12.0,37,2,TTCCCGATATGGACGACACA,35,50690
TSS_1414_storz_regulondb,74.0,223,2,TTCATCGTCGAAGAGTAGTT,221,75011
TSS_1414_storz_regulondb,8.666666666666666,27,2,TTCAGACAACCCCACATCGG,25,30985
TSS_1414_storz_regulondb,9.0,28,2,TTCAATGGTCGCGTCAGTCT,26,73019
TSS_1414_storz_regulondb,0.6666666666666666,3,2,TTATTCAATACGAACATTAT,1,65967
TSS_1414_storz_regulondb,6.0,19,2,TTACTTGATAATGGGTACTC,17,61999
TSS_1414_storz_regulondb,10.0,31,2,TTACGTCACATTTGTGACAG,29,77583
TSS_1414_storz_regulondb,10.333333333333334,32,2,TTACAGAATCGGTGGCCCTC,30,57705
TSS_1414_storz_regulondb,3.3333333333333335,11,2,TTACACGGGATGGGTTAAGC,9,30206
TSS_1414_storz_regulondb,12.666666666666666,39,2,TTAAGACACTATCCACCTCC,37,20992
TSS_1414_storz_regulondb,12.0,37,2,TTAACGGTGACCTGTTTAAA,35,38242
TSS_1414_storz_regulondb,19.333333333333332,59,2,TTAACACCAATATAGAGCCC,57,6469
TSS_1414_storz_regulondb,23.333333333333332,71,2,TGTTCGTTCGAGAGCCCACC,69,10520
TSS_1414_storz_regulondb,3.3333333333333335,11,2,TGTTCCAGCACGACGGAACA,9,8758
TSS_1414_storz_regulondb,5.666666666666667,18,2,TGTCTAGGCCCTGTAGCGAT,16,10614
TSS_1414_storz_regulondb,0.6666666666666666,3,2,TGTCGCGGATGTTTCTGTCA,1,69318
TSS_1414_storz_regulondb,11.0,34,2,TGTCCGTCAGATGTCTCCTA,32,3634
TSS_1414_storz_regulondb,3.3333333333333335,11,2,TGTAGTGTTATTACATCATG,9,25834
TSS_1414_storz_regulondb,0.6666666666666666,3,2,TGCTAGTGATCTCGTGATGT,1,79728
TSS_1414_storz_regulondb,0.6666666666666666,3,2,TGCCTTCTCCCTAATGTAGA,1,25782
TSS_1414_storz_regulondb,8.0,25,2,TGCCGTGCAAATATAACGAG,23,25837
TSS_1414_storz_regulondb,8.333333333333334,26,2,TGCCCTATTCGTTAACCATC,24,52063
TSS_1414_storz_regulondb,0.6666666666666666,3,2,TGCACACCATCTCATTGATG,1,60770
TSS_1414_storz_regulondb,4.333333333333333,14,2,TGATGAATGTAAAACTAAAG,12,11796
TSS_1414_storz_regulondb,2.3333333333333335,8,2,TGATAACAATAATTTCGATG,6,14679
TSS_1414_storz_regulondb,19.333333333333332,59,2,TGAGTTTGAAGCCCGAACTT,57,67522
TSS_1414_storz_regulondb,8.333333333333334,26,2,TGACCAAGGTTCGTAGTGAT,24,70212
TSS_1414_storz_regulondb,0.6666666666666666,3,2,TGAATTAGGCCTCGTTCTGA,1,61719
TSS_1414_storz_regulondb,10.666666666666666,33,2,TGAAAATCGCAGGTTTTAAT,31,11039
TSS_1414_storz_regulondb,18.333333333333332,56,2,TCTTTTCAGGGTAGCCAGTT,54,50619
TSS_1414_storz_regulondb,0.6666666666666666,3,2,TCTTTCGGCGTGGCTGGGAT,1,2797
TSS_1414_storz_regulondb,17.333333333333332,53,2,TCTTGATGCATATATCGGTT,51,54603
TSS_1414_storz_regulondb,6.666666666666667,21,2,TCTTCGCAGTCACTAAATGT,19,22132
TSS_1414_storz_regulondb,0.6666666666666666,3,2,TCTCCTAAGCGGAATAAGAG,1,69167
TSS_1414_storz_regulondb,7.666666666666667,24,2,TCTCAGGGCTGTGCTTTAAT,22,80089
TSS_1414_storz_regulondb,1.6666666666666667,6,2,TCTCACTGGTATCGGGGGCA,4,33755
TSS_1414_storz_regulondb,9.666666666666666,30,2,TCTATCGGGTCGAAGTGTAA,28,71294
TSS_1414_storz_regulondb,6.333333333333333,20,2,TCGTTCTTCTCCGCTAGCCA,18,36223
TSS_1414_storz_regulondb,17.0,52,2,TCGCCTGTATTCCAACACAA,50,80164
TSS_1414_storz_regulondb,12.333333333333334,38,2,TCGCCTCGCCGTCAATGTCG,36,54790
TSS_1414_storz_regulondb,5.0,16,2,TCGATAATGTTCCCTCTTCA,14,6674
TSS_1414_storz_regulondb,17.666666666666668,54,2,TCGACTAGGGCCGCGTGTTG,52,47759
TSS_1414_storz_regulondb,6.666666666666667,21,2,TCCTCCAACAGTGTTGAACA,19,14256
TSS_1414_storz_regulondb,7.333333333333333,23,2,TCCGAGGGGTTAAAGGGTAT,21,55657
TSS_1414_storz_regulondb,8.666666666666666,27,2,TCCCTCCTCTTCCGAGGGTC,25,8530
TSS_1414_storz_regulondb,4.666666666666667,15,2,TCCACCCTATTGTGAAACGG,13,41395
TSS_1414_storz_regulondb,5.666666666666667,18,2,TCATTCGCAGTCAGTTATGT,16,3099
TSS_1414_storz_regulondb,8.0,25,2,TCATAGCGCTGCTATAATGG,23,42770
TSS_1414_storz_regulondb,6.0,19,2,TCACAAACCGATTAATCAGA,17,76103
TSS_1414_storz_regulondb,17.0,52,2,TCAATTTAGGAAGAAACGGT,50,68560
TSS_1414_storz_regulondb,9.666666666666666,30,2,TCAAAGAAAGCATTGTGTCA,28,15432
TSS_1414_storz_regulondb,13.333333333333334,41,2,TATTGTACAAGGAAGCGACA,39,18648
TSS_1414_storz_regulondb,38.0,115,2,TATTCACGCACCTAGTATGT,113,68540
TSS_1414_storz_regulondb,10.333333333333334,32,2,TATTAGTCGGTCGGCTTCCG,30,75799
TSS_1414_storz_regulondb,14.0,43,2,TATGTGACTAACCAATGCTG,41,49235
TSS_1414_storz_regulondb,7.0,22,2,TATGGCACCATGTGAGATTC,20,78157
TSS_1414_storz_regulondb,7.0,22,2,TATGCCTAACAACGGACAAT,20,8617
TSS_1414_storz_regulondb,5.666666666666667,18,2,TATGATTTTGCTAGCTCCGT,16,9077
TSS_1414_storz_regulondb,11.0,34,2,TATCTAAAGTGGCCTCTTCA,32,55114
TSS_1414_storz_regulondb,11.666666666666666,36,2,TATCATGCTGTCAACTCATT,34,4730
TSS_1414_storz_regulondb,0.6666666666666666,3,2,TATCATAGAAATCAATGATG,1,54739
TSS_1414_storz_regulondb,12.666666666666666,39,2,TATAGTTACTAATGATTAAA,37,39665
TSS_1414_storz_regulondb,16.0,49,2,TAGTGACCACCTAAAGACGG,47,9899
TSS_1414_storz_regulondb,24.0,73,2,TAGGGAAATGATGAAAGCGT,71,5384
TSS_1414_storz_regulondb,3.3333333333333335,11,2,TAGGCCAGGGGCATGCAGTG,9,75314
TSS_1414_storz_regulondb,0.6666666666666666,3,2,TAGGCCAACAACAAAACAAT,1,51238
TSS_1414_storz_regulondb,9.333333333333334,29,2,TAGAGGCAGACCATTCGTGA,27,57114
TSS_1414_storz_regulondb,8.0,25,2,TAGAAGGTTAGATACTATTT,23,17413
TSS_1414_storz_regulondb,9.333333333333334,29,2,TACAGCAGAGATAGACTGAG,27,30034
TSS_1414_storz_regulondb,0.6666666666666666,3,2,TACACTCATACGGGTAATAG,1,6071
TSS_1414_storz_regulondb,3.3333333333333335,11,2,TAATCTACACTTCGTAACCC,9,36373
TSS_1414_storz_regulondb,7.333333333333333,23,2,TAAGCTTAGCTGTGATGTAA,21,10202
TSS_1414_storz_regulondb,0.6666666666666666,3,2,TAAGCAATTACGAAGCCATA,1,50200
TSS_1414_storz_regulondb,29.333333333333332,89,2,TAACGGCCCGCGAACGTGAA,87,68543
TSS_1414_storz_regulondb,6.333333333333333,20,2,TAACGGCACAGGTCTTATGT,18,11894
TSS_1414_storz_regulondb,0.6666666666666666,3,2,TAAATCCCCTGGGAGCGTTG,1,6816
TSS_1414_storz_regulondb,8.333333333333334,26,2,TAAAATTCGGGATAAAAGAG,24,22520
TSS_1414_storz_regulondb,18.333333333333332,56,2,GTTGGTGCACCATTTCGGTG,54,61915
TSS_1414_storz_regulondb,8.666666666666666,27,2,GTTAGTGTAGCACTGGAACC,25,68237
TSS_1414_storz_regulondb,5.0,16,2,GTTACTGTAAATTGGATGCC,14,54773
TSS_1414_storz_regulondb,10.333333333333334,32,2,GTTAACGTCCCTAGACTACC,30,69930
TSS_1414_storz_regulondb,6.0,19,2,GTGTGTAAGTTAAAGGAACA,17,44723
TSS_1414_storz_regulondb,8.666666666666666,27,2,GTGTCACGCTTTGGGGTTAA,25,17160
TSS_1414_storz_regulondb,8.333333333333334,26,2,GTGGGATTCTAGACCCCACA,24,64992
TSS_1414_storz_regulondb,9.666666666666666,30,2,GTGGAGTAATAAACGAGCGA,28,56491
TSS_1414_storz_regulondb,4.333333333333333,14,2,GTGAGCTGGGTCAAGATCTA,12,30897
TSS_1414_storz_regulondb,8.333333333333334,26,2,GTGAATATTGCCACCGAATT,24,22182
TSS_1414_storz_regulondb,0.6666666666666666,3,2,GTCTCGTGGTAGGGAGTTAC,1,33307
TSS_1414_storz_regulondb,6.666666666666667,21,2,GTCTATCGATGCGTTATACG,19,55346
TSS_1414_storz_regulondb,11.0,34,2,GTCCTAGTGGGCTTTTCATA,32,75266
TSS_1414_storz_regulondb,9.333333333333334,29,2,GTCCTACTCTGTGTGATACT,27,79235
TSS_1414_storz_regulondb,0.6666666666666666,3,2,GTCCATAGAGCAGGGTAATC,1,8112
TSS_1414_storz_regulondb,7.0,22,2,GTATGAACGTGGCAGGATTC,20,51571
TSS_1414_storz_regulondb,7.666666666666667,24,2,GTAGTTCATCCATGCACCCG,22,28358
TSS_1414_storz_regulondb,6.666666666666667,21,2,GTAGCGGTTGCTTTATTTAC,19,56376
TSS_1414_storz_regulondb,43.666666666666664,132,2,GTAGATGTGATCCTTCAAAA,130,80774
TSS_1414_storz_regulondb,8.333333333333334,26,2,GTAATGTGCCTACGGGAGGA,24,35418
TSS_1414_storz_regulondb,9.0,28,2,GGTTCGCATGCATTTAGGGT,26,31321
TSS_1414_storz_regulondb,9.666666666666666,30,2,GGTTAATCACAGATTAATCT,28,79002
TSS_1414_storz_regulondb,8.666666666666666,27,2,GGTGGGTTTTCGGCGGCGCA,25,9911
TSS_1414_storz_regulondb,4.666666666666667,15,2,GGTGCAGAACTCCCAGTTGA,13,19667
TSS_1414_storz_regulondb,17.333333333333332,53,2,GGTGAAGCGCCGCAGACACA,51,42108
TSS_1414_storz_regulondb,1.0,4,2,GGGTGTCCTCCGCCACTGTA,2,24956
TSS_1414_storz_regulondb,4.666666666666667,15,2,GGGGACGCCCTGGGTGCGGT,13,74963
TSS_1414_storz_regulondb,7.0,22,2,GGGGACCATGTGCTGAGTTG,20,7664
TSS_1414_storz_regulondb,0.6666666666666666,3,2,GGGATTCAGGCCGCTTTATC,1,23625
TSS_1414_storz_regulondb,1.3333333333333333,5,2,GGGACCCAACCCCCACTAGC,3,30517
TSS_1414_storz_regulondb,10.0,31,2,GGCTGGTTGGCCTTGATCAA,29,72285
TSS_1414_storz_regulondb,7.666666666666667,24,2,GGCGGTGCAATTGCGTTACA,22,30095
TSS_1414_storz_regulondb,7.0,22,2,GGCGGACACACTAGGACCAA,20,56273
TSS_1414_storz_regulondb,7.0,22,2,GGCATCTGGGGGCCTCTAAT,20,5388
TSS_1414_storz_regulondb,9.0,28,2,GGCATAAACTAGATATGCTT,26,58347
TSS_1414_storz_regulondb,8.0,25,2,GGAGCACTCAGGGCTCTCAA,23,28657
TSS_1414_storz_regulondb,6.0,19,2,GGACGTTGGGAGTTTAACCA,17,78650
TSS_1414_storz_regulondb,6.0,19,2,GGACGGACACAAGACGCACG,17,65546
TSS_1414_storz_regulondb,6.333333333333333,20,2,GGAAGTGATGGTGGGATCCT,18,56642
TSS_1414_storz_regulondb,1.3333333333333333,5,2,GCTTCAGTTCTTACCGTGTT,3,63972
TSS_1414_storz_regulondb,7.333333333333333,23,2,GCTGTTGCCTTCGGAAGAAG,21,4203
TSS_1414_storz_regulondb,3.3333333333333335,11,2,GCTCCTCGATAGATCTCAGG,9,50955
TSS_1414_storz_regulondb,9.0,28,2,GCTAGTATGACATATCGTCA,26,43135
TSS_1414_storz_regulondb,8.333333333333334,26,2,GCTAGCCCTTGCGCGACTGA,24,77687
TSS_1414_storz_regulondb,22.666666666666668,69,2,GCTAAATCAACCTTCAGGCT,67,33078
TSS_1414_storz_regulondb,8.666666666666666,27,2,GCGGGGACCTAGACTGGCTC,25,72946
TSS_1414_storz_regulondb,6.333333333333333,20,2,GCGCGTGACCCATCGGCTAT,18,13330
TSS_1414_storz_regulondb,0.6666666666666666,3,2,GCGCCAGCTTGCTCAGCCTG,1,64197
TSS_1414_storz_regulondb,7.666666666666667,24,2,GCGAGCGGCGGACGACTTCA,22,29452
TSS_1414_storz_regulondb,1.3333333333333333,5,2,GCCTTGGGCAACGCTTGTAC,3,44605
TSS_1414_storz_regulondb,4.333333333333333,14,2,GCCTTGATAATGTTTTTGAC,12,2599
TSS_1414_storz_regulondb,8.666666666666666,27,2,GCCCTTCTACGTGTTTCGGC,25,47977
TSS_1414_storz_regulondb,8.666666666666666,27,2,GCCCGGGTGAGAGGTGATTT,25,43557
TSS_1414_storz_regulondb,9.333333333333334,29,2,GCCCCATCTTGGTTGCTCCT,27,13608
TSS_1414_storz_regulondb,12.666666666666666,39,2,GCCCACGACCGAATGGCAAT,37,49844
TSS_1414_storz_regulondb,18.0,55,2,GCATGTTTGCGTCCCCATTG,53,64464
TSS_1414_storz_regulondb,0.6666666666666666,3,2,GCACTGTCTGTAGGGCCTAA,1,18193
TSS_1414_storz_regulondb,0.6666666666666666,3,2,GCACGCTGTTTTTCCCCTTA,1,55086
TSS_1414_storz_regulondb,8.666666666666666,27,2,GCAAGATTACCCCATGGCTC,25,42027
TSS_1414_storz_regulondb,4.666666666666667,15,2,GATTGCGTAAGCTGAAGACG,13,37510
TSS_1414_storz_regulondb,2.6666666666666665,9,2,GATTCAAAGTGTAGTCAATA,7,15078
TSS_1414_storz_regulondb,3.0,10,2,GATTAGGCGTTGTCGCAATC,8,50962
TSS_1414_storz_regulondb,4.666666666666667,15,2,GATGGCAACTTGCCGGCAGC,13,46375
TSS_1414_storz_regulondb,11.0,34,2,GATGATTAAGAGTATTCAAT,32,30617
TSS_1414_storz_regulondb,3.0,10,2,GATCGTCCGACGGAAAAGAT,8,73495
TSS_1414_storz_regulondb,3.3333333333333335,11,2,GAGTCTGTTGCTCGATAGTT,9,26275
TSS_1414_storz_regulondb,6.333333333333333,20,2,GAGTCATCGACCCCTGCAGT,18,80088
TSS_1414_storz_regulondb,8.0,25,2,GAGGTGTATCTATTGAAGAT,23,22577
TSS_1414_storz_regulondb,8.333333333333334,26,2,GAGGGTGGGCCAGATCCTTG,24,29395
TSS_1414_storz_regulondb,15.666666666666666,48,2,GAGGCAGCGGCTTTCGTTCA,46,7897
TSS_1414_storz_regulondb,4.333333333333333,14,2,GAGCATCAGTCGAAAACTGA,12,16391
TSS_1414_storz_regulondb,5.666666666666667,18,2,GAGCAAGAGGGCGTAGAGAG,16,2528
TSS_1414_storz_regulondb,5.0,16,2,GAGCAACGTAACTTTTCCCC,14,7764
TSS_1414_storz_regulondb,4.333333333333333,14,2,GACTGAATCCCAGCGTGGGG,12,11878
TSS_1414_storz_regulondb,0.6666666666666666,3,2,GACGTGATCGAAGATCCGTG,1,13784
TSS_1414_storz_regulondb,17.0,52,2,GACCCACGGGGAGGCCTTTT,50,56750
TSS_1414_storz_regulondb,15.0,46,2,GACAGGTCACTACTTAGCTG,44,2114
TSS_1414_storz_regulondb,5.666666666666667,18,2,GACAGATTCTGGCGCGCACC,16,17417
TSS_1414_storz_regulondb,10.333333333333334,32,2,GAATTAAACAAGCCGCATGC,30,76999
TSS_1414_storz_regulondb,9.666666666666666,30,2,GAATAATCGTGTAAAAATCG,28,64380
TSS_1414_storz_regulondb,6.0,19,2,GAAGCGCCCCCAAGTGTTTT,17,6381
TSS_1414_storz_regulondb,5.333333333333333,17,2,GAAGCCGGTAATCGCATAGT,15,46912
TSS_1414_storz_regulondb,4.666666666666667,15,2,GAAGCCGCACCTCTCCATTG,13,21677
TSS_1414_storz_regulondb,0.6666666666666666,3,2,GAACTTTGCAAGGCTACTAA,1,67108
TSS_1414_storz_regulondb,12.333333333333334,38,2,GAACTCCTAGGTGTCTTTAG,36,80217
TSS_1414_storz_regulondb,2.3333333333333335,8,2,GAACGCGGACCATCCCGTAT,6,45811
TSS_1414_storz_regulondb,6.0,19,2,GAACCTGATTCCATTTTCAT,17,8842
TSS_1414_storz_regulondb,0.6666666666666666,3,2,GAACCGGATCGTACCATCGG,1,8766
TSS_1414_storz_regulondb,9.0,28,2,GAAAAGTGTGTGAAATAGGA,26,12218
TSS_1414_storz_regulondb,8.333333333333334,26,2,CTTTTCAGGGACACTCTGAG,24,13802
TSS_1414_storz_regulondb,8.666666666666666,27,2,CTTGTTCGCTGCCCCGAAGA,25,21487
TSS_1414_storz_regulondb,16.0,49,2,CTTGCATGTTTGTTCTCGGC,47,1567
TSS_1414_storz_regulondb,6.333333333333333,20,2,CTTCCTCGGGGACGGGCAGT,18,20765
TSS_1414_storz_regulondb,11.333333333333334,35,2,CTTCAGAACCAGGTGGGGTC,33,57503
TSS_1414_storz_regulondb,68.66666666666667,207,2,CTTCACCCTATGTCAAAGTG,205,52721
TSS_1414_storz_regulondb,8.333333333333334,26,2,CTTAGGTACAGAGATACAGC,24,50929
TSS_1414_storz_regulondb,7.666666666666667,24,2,CTTAGGAGTTGAAGCGTCGC,22,47734
TSS_1414_storz_regulondb,12.666666666666666,39,2,CTGTTCGATCCTCTTCGCTA,37,44967
TSS_1414_storz_regulondb,15.0,46,2,CTGTCGTGTACGAGTTCTGC,44,22948
TSS_1414_storz_regulondb,4.666666666666667,15,2,CTGTCCTTTCTCCGGATCTA,13,12746
TSS_1414_storz_regulondb,12.333333333333334,38,2,CTGTCACCTCGTTCCAGTCT,36,48221
TSS_1414_storz_regulondb,4.0,13,2,CTGGGACCCTAGTGCCTATT,11,33129
TSS_1414_storz_regulondb,9.0,28,2,CTGGATGGTATACGGCATAA,26,76085
TSS_1414_storz_regulondb,0.6666666666666666,3,2,CTGCTTTCGCATCCTGAATG,1,39875
TSS_1414_storz_regulondb,0.6666666666666666,3,2,CTGCGGTTCGGAAATTTGTG,1,46995
TSS_1414_storz_regulondb,7.666666666666667,24,2,CTGCCATAAAGATATTCTAA,22,13462
TSS_1414_storz_regulondb,18.333333333333332,56,2,CTGAGATCACAGACATTTGG,54,17585
TSS_1414_storz_regulondb,18.0,55,2,CTGAACAGTATATGAGAGCT,53,15831
TSS_1414_storz_regulondb,0.6666666666666666,3,2,CTCTTACTACAGGCAGTCAA,1,49305
TSS_1414_storz_regulondb,0.6666666666666666,3,2,CTCGTCACGGAGCTCTAGAG,1,37339
TSS_1414_storz_regulondb,9.333333333333334,29,2,CTCGGAACCATACGTACAGG,27,22788
TSS_1414_storz_regulondb,70.33333333333333,212,2,CTCGAGATCATTATGGCATC,210,75008
TSS_1414_storz_regulondb,0.6666666666666666,3,2,CTCGAAGAATCCAGCGCCTA,1,67716
TSS_1414_storz_regulondb,9.0,28,2,CTCCTAAATGGTTGTCACGT,26,81120
TSS_1414_storz_regulondb,0.6666666666666666,3,2,CTCCGTTTCCACTCTCTAAG,1,29969
TSS_1414_storz_regulondb,5.333333333333333,17,2,CTCACCGGAGGGGTTGAACT,15,65957
TSS_1414_storz_regulondb,8.0,25,2,CTATTAACACCACGGTTCGT,23,13165
TSS_1414_storz_regulondb,8.666666666666666,27,2,CTATGTACCCTGTTAAGCTG,25,78730
TSS_1414_storz_regulondb,5.333333333333333,17,2,CTATACAACCGTTCCCGTAG,15,34961
TSS_1414_storz_regulondb,3.6666666666666665,12,2,CTAGCCCTCGGTGTGTGCTG,10,65252
TSS_1414_storz_regulondb,4.666666666666667,15,2,CTAGATCTTAGGATTAAATA,13,37268
TSS_1414_storz_regulondb,15.666666666666666,48,2,CTACGTGTGTTTACGCAAGG,46,22522
TSS_1414_storz_regulondb,12.333333333333334,38,2,CTAAGGTACTCCTGCATTAC,36,4212
TSS_1414_storz_regulondb,28.666666666666668,87,2,CGTGAGCCCGCCAGAAACGT,85,68533
TSS_1414_storz_regulondb,5.333333333333333,17,2,CGTCTGTTGTAGCTCCATGT,15,12645
TSS_1414_storz_regulondb,11.333333333333334,35,2,CGTCGAGACCCGGAATGTGT,33,76467
TSS_1414_storz_regulondb,4.333333333333333,14,2,CGTCCAGGACATATCCAAGG,12,9432
TSS_1414_storz_regulondb,0.6666666666666666,3,2,CGTATTACTTAAGCGAGGAC,1,73897
TSS_1414_storz_regulondb,19.333333333333332,59,2,CGTAGTTAGGCTTCTGATAT,57,40218
TSS_1414_storz_regulondb,6.333333333333333,20,2,CGGTGTCACGCCTGGGGAAA,18,26532
TSS_1414_storz_regulondb,12.333333333333334,38,2,CGGTGATGCACACAAAGATA,36,69931
TSS_1414_storz_regulondb,88.66666666666667,267,2,CGGGTGGATCCTAGCCTCGG,265,38474
TSS_1414_storz_regulondb,4.0,13,2,CGGGTCAGACTCGAGAAAGG,11,14021
TSS_1414_storz_regulondb,4.0,13,2,CGGGGTTATATGTTTTAAAA,11,46791
TSS_1414_storz_regulondb,2.6666666666666665,9,2,CGGGGCCAACTCTTCCATTG,7,16951
TSS_1414_storz_regulondb,7.666666666666667,24,2,CGGGGATGACCCTGAGGTAA,22,74467
TSS_1414_storz_regulondb,6.333333333333333,20,2,CGGGGAGTCCGTCGGGAAAA,18,57743
TSS_1414_storz_regulondb,4.666666666666667,15,2,CGGCTGGCCCATTCCGCGAT,13,75364
TSS_1414_storz_regulondb,0.6666666666666666,3,2,CGGCCTCTAGCGTCGATTTG,1,54295
TSS_1414_storz_regulondb,2.0,7,2,CGCTAGGTATCACTTCATCC,5,29468
TSS_1414_storz_regulondb,8.333333333333334,26,2,CGCACACGGAAAAAAATGGC,24,39608
TSS_1414_storz_regulondb,53.0,160,2,CGATTTGAAAACTTCCCAGA,158,44801
TSS_1414_storz_regulondb,4.333333333333333,14,2,CGATTCTTGGGGGTTTCTCT,12,47804
TSS_1414_storz_regulondb,0.6666666666666666,3,2,CGAACTGCCTACAGTCGTTC,1,65882
TSS_1414_storz_regulondb,9.666666666666666,30,2,CGAAAATACGAGTATTAGAA,28,68881
TSS_1414_storz_regulondb,10.333333333333334,32,2,CCTTCTATTAACATGATCAC,30,36639
TSS_1414_storz_regulondb,9.333333333333334,29,2,CCTGGACACCGCGATCTAGT,27,74964
TSS_1414_storz_regulondb,14.333333333333334,44,2,CCTGCGGTGATGACAGTTGA,42,23344
TSS_1414_storz_regulondb,8.333333333333334,26,2,CCTCGATCCTTATATACGCT,24,52823
TSS_1414_storz_regulondb,9.333333333333334,29,2,CCTATCTGCTGTAGAACATT,27,9191
TSS_1414_storz_regulondb,10.333333333333334,32,2,CCTATCGTGACACCGAATGA,30,66174
TSS_1414_storz_regulondb,5.333333333333333,17,2,CCTAGTATACGGCGAAACGA,15,50522
TSS_1414_storz_regulondb,3.3333333333333335,11,2,CCGTTAGCCGGCGCTCCGAT,9,41692
TSS_1414_storz_regulondb,0.6666666666666666,3,2,CCGTCAACCAGAGGAGCTTC,1,6866
TSS_1414_storz_regulondb,0.6666666666666666,3,2,CCGGTGACTGCGAGGTGACC,1,64678
TSS_1414_storz_regulondb,7.0,22,2,CCGGAGGAGCTTTGCCGATA,20,42811
TSS_1414_storz_regulondb,9.666666666666666,30,2,CCGGACAAAGCGGTGAGTGG,28,32301
TSS_1414_storz_regulondb,5.0,16,2,CCGCCGATGACTAGGGGCTA,14,16135
TSS_1414_storz_regulondb,11.666666666666666,36,2,CCGCATAACTAACGCCATTT,34,41546
TSS_1414_storz_regulondb,12.666666666666666,39,2,CCGATCCCGCTGGGGACAGA,37,38704
TSS_1414_storz_regulondb,7.0,22,2,CCGAGCGCCCGTTTACGCTT,20,3247
TSS_1414_storz_regulondb,0.6666666666666666,3,2,CCGAACCGGCTCCATGTTGT,1,56820
TSS_1414_storz_regulondb,46.666666666666664,141,2,CCCTATCATCAGAGCCCTCG,139,5376
TSS_1414_storz_regulondb,0.6666666666666666,3,2,CCCGCCAGTTAGAGCCGCGG,1,72031
TSS_1414_storz_regulondb,9.666666666666666,30,2,CCCGACCAAGTAAAGCCATC,28,51386
TSS_1414_storz_regulondb,9.666666666666666,30,2,CCCCTACAGTCAGAGTTAAT,28,44965
TSS_1414_storz_regulondb,0.6666666666666666,3,2,CCCCGGCCCTTGTACAAGTA,1,39963
TSS_1414_storz_regulondb,0.6666666666666666,3,2,CCCCAAGGAACTGTCCCGGT,1,41886
TSS_1414_storz_regulondb,10.333333333333334,32,2,CCCCAAAAACACTGCGGCCC,30,27952
TSS_1414_storz_regulondb,12.666666666666666,39,2,CCATCCGACAGTAGCTTTAT,37,74893
TSS_1414_storz_regulondb,7.666666666666667,24,2,CCAGTCTGCCTCCTGGCTCA,22,78323
TSS_1414_storz_regulondb,4.0,13,2,CCAGGCTGAACTAAGGGTTG,11,39614
TSS_1414_storz_regulondb,2.3333333333333335,8,2,CCAGGCGCCCCGAAAGACTT,6,43194
TSS_1414_storz_regulondb,0.6666666666666666,3,2,CCAGGAACGGTTCGGCAGCT,1,43461
TSS_1414_storz_regulondb,10.666666666666666,33,2,CCACGCAGAGTGAAGTAGGT,31,30288
TSS_1414_storz_regulondb,1.3333333333333333,5,2,CCAACCGTAGTACAGGCCTA,3,51360
TSS_1414_storz_regulondb,15.666666666666666,48,2,CCAAAAGGCCCATGTCCGCG,46,50584
TSS_1414_storz_regulondb,9.666666666666666,30,2,CATCTCACCTTCGCTTACAT,28,67856
TSS_1414_storz_regulondb,11.333333333333334,35,2,CATCCCTTGAGATACTTCCA,33,27546
TSS_1414_storz_regulondb,0.6666666666666666,3,2,CAGTTGCTACTTTGCTGAGG,1,14746
TSS_1414_storz_regulondb,0.6666666666666666,3,2,CAGTGATCAGCCAAGATCCG,1,68002
TSS_1414_storz_regulondb,0.6666666666666666,3,2,CAGTCAGAAATTCCGCCAAC,1,21207
TSS_1414_storz_regulondb,10.0,31,2,CAGTATTACCGGGCTTCGCA,29,29353
TSS_1414_storz_regulondb,0.6666666666666666,3,2,CAGTATCCTGCCCCCTACTA,1,17285
TSS_1414_storz_regulondb,5.0,16,2,CAGGGCGGGGATTGGGCGCA,14,38194
TSS_1414_storz_regulondb,9.333333333333334,29,2,CAGGGACACCTTCGTGCCAT,27,64123
TSS_1414_storz_regulondb,7.0,22,2,CAGCTTGGACCGAGCATGTT,20,78879
TSS_1414_storz_regulondb,8.666666666666666,27,2,CAGCTCAACTTAGTCCTCTC,25,10400
TSS_1414_storz_regulondb,5.666666666666667,18,2,CAGCGCGCCGAGCAGCAATA,16,67457
TSS_1414_storz_regulondb,3.0,10,2,CAGAGATTAAACCTATTTCG,8,75151
TSS_1414_storz_regulondb,4.0,13,2,CACTCCGGCGGTAACTCCGC,11,199
TSS_1414_storz_regulondb,7.666666666666667,24,2,CACGAGAGAGTGAGAGTATA,22,61612
TSS_1414_storz_regulondb,6.0,19,2,CACCTGAATAGATCAGGCAA,17,45850
TSS_1414_storz_regulondb,10.333333333333334,32,2,CACCAGACTTTAAACCTGTC,30,53959
TSS_1414_storz_regulondb,6.333333333333333,20,2,CACATTTTTACTTGTGCTAG,18,57567
TSS_1414_storz_regulondb,9.333333333333334,29,2,CACAGAACGGTCTATTGTTT,27,74441
TSS_1414_storz_regulondb,6.333333333333333,20,2,CAATTCAAGGATCCTTCTCT,18,61636
TSS_1414_storz_regulondb,0.6666666666666666,3,2,CAATATTCGCGAGCCACCCA,1,31355
TSS_1414_storz_regulondb,39.0,118,2,CAACCGGGTGACCAGGCTAT,116,80208
TSS_1414_storz_regulondb,6.0,19,2,ATTTAATTAAGACGACTTAC,17,80421
TSS_1414_storz_regulondb,4.0,13,2,ATTGCATATGATTATTCGTT,11,34548
TSS_1414_storz_regulondb,11.0,34,2,ATTGATTCGGCGCCTCCTAT,32,65529
TSS_1414_storz_regulondb,0.6666666666666666,3,2,ATTCTTGCTTCGGCTAATGC,1,60248
TSS_1414_storz_regulondb,12.0,37,2,ATTCTAAATTAGGTATTTGT,35,9095
TSS_1414_storz_regulondb,4.0,13,2,ATTCGGTGGCATTCCGCCCC,11,72967
TSS_1414_storz_regulondb,8.333333333333334,26,2,ATTCAGACTTGCCCCCATAT,24,29548
TSS_1414_storz_regulondb,2.3333333333333335,8,2,ATTATCTAAGCGTTACAGTT,6,77515
TSS_1414_storz_regulondb,10.0,31,2,ATTATCGACCATAAGCTCAA,29,68168
TSS_1414_storz_regulondb,6.333333333333333,20,2,ATGTTGAACAGGAGAAGCAA,18,11459
TSS_1414_storz_regulondb,4.666666666666667,15,2,ATGTGGAAATTGGTGTGATG,13,70815
TSS_1414_storz_regulondb,6.333333333333333,20,2,ATGTGAATGATGTAGCAATC,18,30338
TSS_1414_storz_regulondb,14.0,43,2,ATGTCCGGCCAAACTACTAC,41,47928
TSS_1414_storz_regulondb,13.333333333333334,41,2,ATGTCCAACCCACGGGTTGA,39,55809
TSS_1414_storz_regulondb,9.666666666666666,30,2,ATGGTCCATAAACCCTGGTG,28,9810
TSS_1414_storz_regulondb,1.3333333333333333,5,2,ATGGGGAGATGGCACGCGAA,3,59649
TSS_1414_storz_regulondb,6.0,19,2,ATGGGAGCTATATAACGAAG,17,80213
TSS_1414_storz_regulondb,6.333333333333333,20,2,ATGCCGAAGTCCGCAACGTG,18,15016
TSS_1414_storz_regulondb,0.6666666666666666,3,2,ATGAGTCCTTCACTGAAAAA,1,35734
TSS_1414_storz_regulondb,5.0,16,2,ATCGTTATGTTCGAGCCAGT,14,77163
TSS_1414_storz_regulondb,51.0,154,2,ATCCTCGTTTGATTGCCGGC,152,68549
TSS_1414_storz_regulondb,0.6666666666666666,3,2,ATCCGTAGACTACCCTATCA,1,64696
TSS_1414_storz_regulondb,11.333333333333334,35,2,ATCCGCTAACCGACAGGGGA,33,77310
TSS_1414_storz_regulondb,11.333333333333334,35,2,ATCATGCCACCTACGAATTA,33,56945
TSS_1414_storz_regulondb,13.666666666666666,42,2,ATCAAATCCAGGCACCATTG,40,69637
TSS_1414_storz_regulondb,8.666666666666666,27,2,ATATCTCAGCGTCGGCAAAA,25,36356
TSS_1414_storz_regulondb,6.666666666666667,21,2,ATAGTCTTGGAGAAAAGGTT,19,36194
TSS_1414_storz_regulondb,24.666666666666668,75,2,ATAGCTGTACACCTGCAGTT,73,68701
TSS_1414_storz_regulondb,8.0,25,2,ATAGCCATCGACGGTGTGGC,23,34953
TSS_1414_storz_regulondb,8.0,25,2,ATACTTTTCTGATTCCTAAC,23,47456
TSS_1414_storz_regulondb,10.333333333333334,32,2,ATACTGGGGCGGTAGGGCTG,30,79095
TSS_1414_storz_regulondb,34.666666666666664,105,2,ATACCCCATAAGCTGCCTCG,103,10521
TSS_1414_storz_regulondb,8.666666666666666,27,2,ATACATACTGCGCCCGTCCT,25,67840
TSS_1414_storz_regulondb,0.6666666666666666,3,2,ATAACGTGACAACCGATTTC,1,21342
TSS_1414_storz_regulondb,0.6666666666666666,3,2,ATAACCGGTGCCCACTGTCA,1,18600
TSS_1414_storz_regulondb,0.6666666666666666,3,2,ATAAACTAAATGACTGTGGG,1,21953
TSS_1414_storz_regulondb,5.666666666666667,18,2,AGTTTCGAGTGTGGCGGAGC,16,58564
TSS_1414_storz_regulondb,1.6666666666666667,6,2,AGTTCGCCACATGGTTTCTC,4,32213
TSS_1414_storz_regulondb,4.0,13,2,AGTTCCGGTACTGGAAGTGC,11,51979
TSS_1414_storz_regulondb,9.333333333333334,29,2,AGTTCCGCCGGAGTAGTGGC,27,36153
TSS_1414_storz_regulondb,8.666666666666666,27,2,AGTGCTATGAAGCGTTTGTT,25,10975
TSS_1414_storz_regulondb,10.666666666666666,33,2,AGTCTCGTTTTATTAGGTCA,31,73047
TSS_1414_storz_regulondb,10.0,31,2,AGTCACGGCAAGATACCGAC,29,80425
TSS_1414_storz_regulondb,4.333333333333333,14,2,AGTAGCGCAGTCATTCAGGG,12,45100
TSS_1414_storz_regulondb,5.666666666666667,18,2,AGGTACAGCCACTGGCGTAC,16,60920
TSS_1414_storz_regulondb,5.333333333333333,17,2,AGGGTGTGTTGAAAAACCTG,15,29069
TSS_1414_storz_regulondb,8.666666666666666,27,2,AGGGGTAGACGTGATGACAA,25,28270
TSS_1414_storz_regulondb,30.666666666666668,93,2,AGGGCCATGGCAGACCGCGA,91,68588
TSS_1414_storz_regulondb,9.0,28,2,AGGGACTCTGGCTCGTTTAT,26,63496
TSS_1414_storz_regulondb,13.666666666666666,42,2,AGGCTGGCGGCAGAATTTTA,40,33885
TSS_1414_storz_regulondb,0.6666666666666666,3,2,AGGCAGTCGTGAGGATCGCG,1,17133
TSS_1414_storz_regulondb,45.0,136,2,AGGCACATCTGGTCGGATAT,134,7902
TSS_1414_storz_regulondb,4.666666666666667,15,2,AGCTCTCAAATCGCTAGACA,13,13969
TSS_1414_storz_regulondb,10.666666666666666,33,2,AGCCGCGCTCCCTGTGCAGA,31,34318
TSS_1414_storz_regulondb,8.0,25,2,AGCCCTCACATCGTGCACGT,23,66363
TSS_1414_storz_regulondb,0.6666666666666666,3,2,AGCCCGTGCTTACCTGCGCA,1,52804
TSS_1414_storz_regulondb,0.6666666666666666,3,2,AGCCCATCGGGGCAGCGAGA,1,12748
TSS_1414_storz_regulondb,0.6666666666666666,3,2,AGCACGCGTCCAAAATAGAC,1,74945
TSS_1414_storz_regulondb,14.0,43,2,AGCACCCCGCGTTTACCAGA,41,72951
TSS_1414_storz_regulondb,6.333333333333333,20,2,AGCAATGGTGAGACGCTTCT,18,13960
TSS_1414_storz_regulondb,4.0,13,2,AGATAACTCGGCAGTCGTAG,11,79051
TSS_1414_storz_regulondb,5.0,16,2,AGAGGGGACTTCCCCTGGGC,14,41747
TSS_1414_storz_regulondb,0.6666666666666666,3,2,AGAGCTAACGGGGTGAGACG,1,44163
TSS_1414_storz_regulondb,27.666666666666668,84,2,AGAGAGGCCGGATCGAACCA,82,39332
TSS_1414_storz_regulondb,9.666666666666666,30,2,AGACTGCCGGTGAACTGTAG,28,72625
TSS_1414_storz_regulondb,6.333333333333333,20,2,AGACTGATGCCGGCAACTGA,18,54810
TSS_1414_storz_regulondb,0.6666666666666666,3,2,AGACTCGACGTCCGCGTAAC,1,24951
TSS_1414_storz_regulondb,8.333333333333334,26,2,AGACTATCCAGAACTCGAAC,24,19226
TSS_1414_storz_regulondb,8.333333333333334,26,2,AGACGCAGCGACGACTATAG,24,77097
TSS_1414_storz_regulondb,6.333333333333333,20,2,AGACCTGGCCACATGGGGTT,18,2022
TSS_1414_storz_regulondb,12.666666666666666,39,2,AGACATTGGATCGCAATGAC,37,18952
TSS_1414_storz_regulondb,11.666666666666666,36,2,ACTTTTTCGGATGACAAAGG,34,57846
TSS_1414_storz_regulondb,6.333333333333333,20,2,ACTTTTCTCCTGCAGAGGTA,18,20602
TSS_1414_storz_regulondb,8.333333333333334,26,2,ACTTTACTACCCGCTCAAAG,24,50495
TSS_1414_storz_regulondb,7.666666666666667,24,2,ACTTGAGGGGTGTTTAGAAC,22,50577
TSS_1414_storz_regulondb,4.0,13,2,ACTTAGCGGCCGATTCTGCT,11,6346
TSS_1414_storz_regulondb,15.333333333333334,47,2,ACTGCAGACGCCATTCTCGA,45,6490
TSS_1414_storz_regulondb,7.0,22,2,ACTCCAGGCTCCGTAAAGCG,20,56854
TSS_1414_storz_regulondb,7.666666666666667,24,2,ACTCAGGCTCTACAGTCTCA,22,58523
TSS_1414_storz_regulondb,0.6666666666666666,3,2,ACGTGTTATAAATCATTCAT,1,73942
TSS_1414_storz_regulondb,3.0,10,2,ACGGAAGGCTCCCGACCCCT,8,59292
TSS_1414_storz_regulondb,8.666666666666666,27,2,ACGCTACGGAACCCTAACGT,25,18271
TSS_1414_storz_regulondb,10.0,31,2,ACCTTCGAGGCTCCAAGATA,29,48727
TSS_1414_storz_regulondb,5.666666666666667,18,2,ACCTCTGGAGGAGCGGGCTG,16,76852
TSS_1414_storz_regulondb,23.0,70,2,ACCTCGCCGACGGCCTTGAT,68,52180
TSS_1414_storz_regulondb,1.6666666666666667,6,2,ACCTACGTAGACCAGCTTCA,4,27554
TSS_1414_storz_regulondb,2.3333333333333335,8,2,ACCGTTGGCATGTAGAGCGA,6,66641
TSS_1414_storz_regulondb,10.0,31,2,ACCGTCCAGCCGCTCGCAGA,29,7957
TSS_1414_storz_regulondb,6.0,19,2,ACCGTAATGCCGGAAGATTG,17,8190
TSS_1414_storz_regulondb,9.666666666666666,30,2,ACCGAGTATGTCCAAGGGGT,28,45355
TSS_1414_storz_regulondb,11.666666666666666,36,2,ACCCCTTGCCCGTTGGACAT,34,50997
TSS_1414_storz_regulondb,5.666666666666667,18,2,ACCCAGTTTCTGTTACCGTA,16,37062
TSS_1414_storz_regulondb,7.0,22,2,ACCAGTAACAAACCACAGAA,20,64291
TSS_1414_storz_regulondb,2.3333333333333335,8,2,ACCAATACAAAACCGCACTT,6,3452
TSS_1414_storz_regulondb,1.0,4,2,ACATGGTCCGAGATTCCAGA,2,78199
TSS_1414_storz_regulondb,5.666666666666667,18,2,ACATGAATGCATCCTGGGTT,16,39333
TSS_1414_storz_regulondb,32.0,97,2,ACACCTGAGTTTCCCATCAA,95,34067
TSS_1414_storz_regulondb,4.666666666666667,15,2,ACACAGGAGTCCAGGTCGGG,13,28908
TSS_1414_storz_regulondb,5.333333333333333,17,2,ACACACTGTTAATTCCTCAT,15,22377
TSS_1414_storz_regulondb,0.6666666666666666,3,2,ACAAGTGTTTTTAACCGTGC,1,43514
TSS_1414_storz_regulondb,7.0,22,2,ACAAACTGAAACGGGTCCAG,20,68558
TSS_1414_storz_regulondb,6.666666666666667,21,2,AATTTTGACCGGTTCTACGG,19,79189
TSS_1414_storz_regulondb,6.666666666666667,21,2,AATTACTCTTTAACCTTGAT,19,34853
TSS_1414_storz_regulondb,10.333333333333334,32,2,AATCTGGCGCTGAAAACATG,30,61750
TSS_1414_storz_regulondb,0.6666666666666666,3,2,AATCTACATGTTCACACTGT,1,19754
TSS_1414_storz_regulondb,5.666666666666667,18,2,AATCCGCTTTAAGTATACTT,16,66773
TSS_1414_storz_regulondb,8.333333333333334,26,2,AATAGGCTCTTTGACCTAAT,24,9437
TSS_1414_storz_regulondb,7.666666666666667,24,2,AAGTCATTTAGCAACCCCTA,22,32253
TSS_1414_storz_regulondb,0.6666666666666666,3,2,AAGGTGAACGACAAGCCTTT,1,32583
TSS_1414_storz_regulondb,10.0,31,2,AAGAGCAAGCTGCGTTTCAC,29,40428
TSS_1414_storz_regulondb,5.0,16,2,AACTGTTGCCAAATCAGAGC,14,53067
TSS_1414_storz_regulondb,9.333333333333334,29,2,AACTGGGAGAGCCCAATCAC,27,46462
TSS_1414_storz_regulondb,11.333333333333334,35,2,AACTAGCGACCCTAAAAGGT,33,63752
TSS_1414_storz_regulondb,4.333333333333333,14,2,AACGGACCCAACCCACAACT,12,38181
TSS_1414_storz_regulondb,0.6666666666666666,3,2,AACGCGGTCAAACGGTCGAG,1,64084
TSS_1414_storz_regulondb,11.666666666666666,36,2,AACCTGTAGCTTTTGGAAGC,34,2862
TSS_1414_storz_regulondb,14.666666666666666,45,2,AACCCCGGATATAACATAAA,43,35243
TSS_1414_storz_regulondb,4.0,13,2,AACAGCGTATATAGTGCCCC,11,59912
TSS_1414_storz_regulondb,12.333333333333334,38,2,AAATTGTAGTAGTAGCGTTT,36,35297
TSS_1414_storz_regulondb,13.0,40,2,AAAGTAGGTTAAAACATTTG,38,5284
TSS_1414_storz_regulondb,0.6666666666666666,3,2,AAAGGCCCACGGACTGTCGA,1,15100
TSS_1414_storz_regulondb,10.0,31,2,AAAGCGACCTTGCGGGTCCG,29,65075
TSS_1414_storz_regulondb,13.333333333333334,41,2,AAAGCCAAAGGTTTAGCAGA,39,9489
TSS_1414_storz_regulondb,3.0,10,2,AAACGTTCAGATTAGTCGGC,8,78357
TSS_1414_storz_regulondb,3.0,10,2,AAACGTGGAGACGTGGCGTG,8,36414
TSS_1414_storz_regulondb,7.333333333333333,23,2,AAACCCAGTTATAGCATTAT,21,53976
TSS_1414_storz_regulondb,1.3333333333333333,5,2,AAACAGGCAATATTCCTCTT,3,45149
TSS_1414_storz_regulondb,35.5,71,1,TTTTGACGGGAATGGTCAGA,70,52735
TSS_1414_storz_regulondb,18.0,36,1,TTTCTAGCCCCGACCTTCCT,35,71835
TSS_1414_storz_regulondb,1.0,2,1,TTTCCCCACGGCGGCCCACC,1,43898
TSS_1414_storz_regulondb,1.0,2,1,TTTACGCCGACATGGACGTT,1,22860
TSS_1414_storz_regulondb,6.0,12,1,TTGTTATAGGCACTGCGTGT,11,73773
TSS_1414_storz_regulondb,13.0,26,1,TTGGGCGCCAAGTGAGGTGG,25,2815
TSS_1414_storz_regulondb,14.0,28,1,TTGGCTGTCCTGCAGTTTAT,27,21889
TSS_1414_storz_regulondb,47.5,95,1,TTGGCTCCGTCGCACAACTC,94,68550
TSS_1414_storz_regulondb,21.0,42,1,TTGGAGCCATAGTAAACTGC,41,78260
TSS_1414_storz_regulondb,14.0,28,1,TTGCGGTTCGTGTCGAAAAT,27,48603
TSS_1414_storz_regulondb,25.0,50,1,TTGCAAATATATGCATAGAT,49,5389
TSS_1414_storz_regulondb,12.0,24,1,TTGATACACTGGTGGTGAGA,23,52939
TSS_1414_storz_regulondb,16.5,33,1,TTGAGCCCCCCGAGGACCAG,32,54875
TSS_1414_storz_regulondb,15.5,31,1,TTGAGATGTAGTACGAGATA,30,62142
TSS_1414_storz_regulondb,11.0,22,1,TTGAAGGTCCGTCGCGAGTG,21,17961
TSS_1414_storz_regulondb,1.5,3,1,TTCTGGGTGAGGCCAATCCG,2,65930
TSS_1414_storz_regulondb,1.0,2,1,TTCTGGCTGAGACGTTGTAA,1,37860
TSS_1414_storz_regulondb,13.0,26,1,TTCTGCCCCCGGATCGTTCC,25,45684
TSS_1414_storz_regulondb,15.0,30,1,TTCTCCGATATGCTATACCA,29,63382
TSS_1414_storz_regulondb,12.5,25,1,TTCGTCAGGTTGTGATCAGA,24,77570
TSS_1414_storz_regulondb,6.0,12,1,TTCCCCGAATAATCAGTTGT,11,75018
TSS_1414_storz_regulondb,19.5,39,1,TTCCACTCCACGGACTGGCG,38,44824
TSS_1414_storz_regulondb,8.0,16,1,TTATTGACCGTATTTTTTGG,15,59239
TSS_1414_storz_regulondb,5.0,10,1,TTATGGGCCGCGCGTCTTGG,9,59656
TSS_1414_storz_regulondb,1.0,2,1,TTATCTCCCTTCAGGGCCGT,1,51096
TSS_1414_storz_regulondb,6.0,12,1,TTATAGCCAGCACAATACCT,11,47741
TSS_1414_storz_regulondb,31.0,62,1,TTATACTAATCTATTTCGTC,61,79446
TSS_1414_storz_regulondb,1.0,2,1,TTACTGTCGGGTGGGCGTGA,1,9914
TSS_1414_storz_regulondb,1.0,2,1,TTACGCTTCACACCTGCGAC,1,15256
TSS_1414_storz_regulondb,15.5,31,1,TTACACGCAGCGCGAGACTA,30,2748
TSS_1414_storz_regulondb,1.0,2,1,TTACAAAAAATCTCTTCAAG,1,58247
TSS_1414_storz_regulondb,9.0,18,1,TTAACGGGCGTCCTTATCTA,17,6996
TSS_1414_storz_regulondb,26.0,52,1,TTAAAGAAGCTACGGGTAGA,51,49881
TSS_1414_storz_regulondb,7.5,15,1,TGTTAAAATTCTACGTCCTG,14,64856
TSS_1414_storz_regulondb,17.0,34,1,TGTATTCGTTCTTGCTCCTT,33,35733
TSS_1414_storz_regulondb,10.5,21,1,TGTACAGGGAGTATAACCTG,20,45796
TSS_1414_storz_regulondb,1.0,2,1,TGTAAACGGGTAAGCGGTAC,1,69192
TSS_1414_storz_regulondb,2.5,5,1,TGGTAGGTTTAGAAGTCCGC,4,44913
TSS_1414_storz_regulondb,14.5,29,1,TGGGTGGAGCCTTACGAGAG,28,7064
TSS_1414_storz_regulondb,23.0,46,1,TGGGGATGACCGGTGGCTGT,45,80246
TSS_1414_storz_regulondb,24.0,48,1,TGGGCAAGATATCGAGGACA,47,33526
TSS_1414_storz_regulondb,4.0,8,1,TGGGAGACTTTGATTCCCCT,7,29061
TSS_1414_storz_regulondb,14.0,28,1,TGGCTCTGTCTATAGCGCAA,27,44888
TSS_1414_storz_regulondb,1.0,2,1,TGGCGGCGAGGCTCGGCCAA,1,35107
TSS_1414_storz_regulondb,18.5,37,1,TGGCACTTGTAAGGGGTCGC,36,28148
TSS_1414_storz_regulondb,16.5,33,1,TGCTCCTTTTCCGTCAGAGG,32,91
TSS_1414_storz_regulondb,11.0,22,1,TGCGTCAACTATCAGGCGTG,21,37756
TSS_1414_storz_regulondb,5.5,11,1,TGCGCTTAGGTTAGGGAGGG,10,77985
TSS_1414_storz_regulondb,1.0,2,1,TGCCCGAGTTCGTGAAACGG,1,56371
TSS_1414_storz_regulondb,13.5,27,1,TGCAAGTTACCCAGGGTAAT,26,66312
TSS_1414_storz_regulondb,7.0,14,1,TGATTGTGCGGCTACGTCCT,13,51396
TSS_1414_storz_regulondb,2.5,5,1,TGATCGGGTCCGTAGCCGGG,4,60146
TSS_1414_storz_regulondb,15.0,30,1,TGATCCACCAAGCCTTATGA,29,6023
TSS_1414_storz_regulondb,48.0,96,1,TGAGGACGGAACTAGATGCA,95,27562
TSS_1414_storz_regulondb,12.0,24,1,TGAATGTTTAAGTTTGTTCT,23,47099
TSS_1414_storz_regulondb,2.5,5,1,TGAAGCGCTAGTTGCTCGGG,4,71361
TSS_1414_storz_regulondb,9.5,19,1,TGAACTAAGCAGGTTTAGCT,18,57510
TSS_1414_storz_regulondb,28.5,57,1,TCTGGTGGAGGGGACGCTAA,56,23751
TSS_1414_storz_regulondb,9.5,19,1,TCTGGGTCGGTGACAGTAAT,18,73016
TSS_1414_storz_regulondb,15.0,30,1,TCTCGCGCACTCCAAACGGC,29,32234
TSS_1414_storz_regulondb,16.0,32,1,TCTCCAGGACAGACCAACTA,31,57364
TSS_1414_storz_regulondb,20.0,40,1,TCTAGTTGGAATATCTACTA,39,27550
TSS_1414_storz_regulondb,4.5,9,1,TCGTAACACTGCTATGCTCA,8,63058
TSS_1414_storz_regulondb,8.0,16,1,TCGGCCCCTTGAGTCAAATA,15,22816
TSS_1414_storz_regulondb,8.5,17,1,TCGCATGTCCGGTACGATAA,16,55253
TSS_1414_storz_regulondb,1.0,2,1,TCGAGGTCCGCAGCTTATGT,1,59958
TSS_1414_storz_regulondb,12.0,24,1,TCCTAAGGAGGCGGTTACCA,23,25840
TSS_1414_storz_regulondb,12.0,24,1,TCCGGTTACAATAGTTCGTA,23,21080
TSS_1414_storz_regulondb,6.0,12,1,TCCCGCGACACGGGATTCTG,11,18230
TSS_1414_storz_regulondb,16.5,33,1,TCCATCAACCAATGACGACT,32,31500
TSS_1414_storz_regulondb,40.0,80,1,TCATCCGAAACACACGTCAC,79,10506
TSS_1414_storz_regulondb,10.0,20,1,TCATATTTGCTAAAGCTCTA,19,37160
TSS_1414_storz_regulondb,13.5,27,1,TCAGTTCGTACCTGCAACGG,26,77578
TSS_1414_storz_regulondb,5.5,11,1,TCAGTTCCGGAATTGTGCTC,10,51418
TSS_1414_storz_regulondb,12.0,24,1,TCAGGGCGGGATGCCAGTAG,23,70050
TSS_1414_storz_regulondb,16.5,33,1,TCAGGACTACTGTTAGCGCC,32,81049
TSS_1414_storz_regulondb,20.0,40,1,TCACGCTGATAATAATGTGT,39,8683
TSS_1414_storz_regulondb,11.0,22,1,TCACCACGAGGCGGACAGGA,21,4987
TSS_1414_storz_regulondb,15.0,30,1,TCAATGCACACCAGGGCGAA,29,67504
TSS_1414_storz_regulondb,1.0,2,1,TCAAGATCGACGACTTCTAG,1,3101
TSS_1414_storz_regulondb,4.5,9,1,TCAAAGAACGCCGCATCGTC,8,8464
TSS_1414_storz_regulondb,1.0,2,1,TATTTTTTCACCACGGGTCT,1,9729
TSS_1414_storz_regulondb,14.0,28,1,TATTGGCTATATCCTGGCCT,27,16705
TSS_1414_storz_regulondb,18.0,36,1,TATTCCACCAATGTGAAACT,35,47755
TSS_1414_storz_regulondb,21.5,43,1,TATACTGCAGAATCGGGCTA,42,5248
TSS_1414_storz_regulondb,23.5,47,1,TAGGACTGTCACGGCTTGTA,46,80744
TSS_1414_storz_regulondb,11.0,22,1,TAGCTCTGTCCCACTCCCAC,21,31179
TSS_1414_storz_regulondb,25.5,51,1,TACTGGGCACATAAAGCAGA,50,80207
TSS_1414_storz_regulondb,24.5,49,1,TACTGGGAGTGTTTATCTGG,48,5930
TSS_1414_storz_regulondb,1.0,2,1,TACTCATGAGGAGATCCCCT,1,51043
TSS_1414_storz_regulondb,8.0,16,1,TACGACTAATACAGGCTCAC,15,73694
TSS_1414_storz_regulondb,1.5,3,1,TACGAATCTTCCCAGTCAGT,2,67442
TSS_1414_storz_regulondb,15.5,31,1,TACGAAACTACTCCTTCACC,30,23748
TSS_1414_storz_regulondb,20.0,40,1,TACCGCGCATACGCCGCCAT,39,77561
TSS_1414_storz_regulondb,16.5,33,1,TACCCGCTCTGCATATAAGC,32,76575
TSS_1414_storz_regulondb,18.0,36,1,TAATTGGGCTATTGTAGATA,35,18724
TSS_1414_storz_regulondb,15.5,31,1,TAAGCTGGTATGCCGTCATG,30,66365
TSS_1414_storz_regulondb,18.0,36,1,TAAATAGCACGGTACTTACC,35,53535
TSS_1414_storz_regulondb,19.0,38,1,TAAAGCTCAAGTTCATGGTC,37,50687
TSS_1414_storz_regulondb,4.5,9,1,TAAACATGTCAACAAAAGAG,8,74664
TSS_1414_storz_regulondb,9.0,18,1,TAAAACGAAGGAAATCCGAT,17,16935
TSS_1414_storz_regulondb,11.5,23,1,GTTTTCCACGCCTAAGCCTG,22,25634
TSS_1414_storz_regulondb,120.5,241,1,GTTTGCCTGGCCTATCTCCT,240,54815
TSS_1414_storz_regulondb,15.0,30,1,GTTGGTTGAAAATGTGATTC,29,5444
TSS_1414_storz_regulondb,10.0,20,1,GTTGCACACACAAATGCTTG,19,62049
TSS_1414_storz_regulondb,5.5,11,1,GTTCGCATGCGGCTAAGTGT,10,8212
TSS_1414_storz_regulondb,1.0,2,1,GTTCGACGTGGCTTACACTC,1,65265
TSS_1414_storz_regulondb,12.0,24,1,GTTCCCCGTTTATGGGTGAT,23,68446
TSS_1414_storz_regulondb,10.5,21,1,GTTCAGGGTTATGGCGATCA,20,38154
TSS_1414_storz_regulondb,6.0,12,1,GTTAGTTTCGCTCCAGGGCC,11,4121
TSS_1414_storz_regulondb,10.0,20,1,GTTACGGACGATTATGTCAG,19,78591
TSS_1414_storz_regulondb,16.5,33,1,GTGTACTCGGGCGCGCCGAA,32,29973
TSS_1414_storz_regulondb,19.0,38,1,GTGGGGAGCGCTACATGCAA,37,56852
TSS_1414_storz_regulondb,1.0,2,1,GTGCTACGTTTGGGTTCGTG,1,7044
TSS_1414_storz_regulondb,10.0,20,1,GTGCGGTAGCACTTATGGGT,19,76204
TSS_1414_storz_regulondb,82.0,164,1,GTGCAGACGGCCATTTAAAC,163,75015
TSS_1414_storz_regulondb,11.0,22,1,GTGAAGTCTAGAGAACTCCA,21,37413
TSS_1414_storz_regulondb,10.5,21,1,GTCGGATAAGTTCACGCGGC,20,44446
TSS_1414_storz_regulondb,82.5,165,1,GTCGCGAAGTGAGGACTGGG,164,75849
TSS_1414_storz_regulondb,7.5,15,1,GTCGCGAAGCGCGTCTCAAG,14,26756
TSS_1414_storz_regulondb,9.0,18,1,GTCCCCACCGGGGCTTTGGT,17,19206
TSS_1414_storz_regulondb,2.0,4,1,GTATGGCGATCAGGGGGTCA,3,36740
TSS_1414_storz_regulondb,13.0,26,1,GTATCTTTGGACTAGATTCT,25,71206
TSS_1414_storz_regulondb,15.5,31,1,GTATATCAATCGATTAAGCC,30,64481
TSS_1414_storz_regulondb,1.0,2,1,GTAGTTGGTTTGCGGTACAT,1,32014
TSS_1414_storz_regulondb,12.0,24,1,GTAGGTTCGGAATGGGCTGG,23,28883
TSS_1414_storz_regulondb,10.5,21,1,GTACTGGTCACTAAATACGT,20,31189
TSS_1414_storz_regulondb,1.0,2,1,GTACTGCTAGATGACTATAT,1,71204
TSS_1414_storz_regulondb,10.0,20,1,GTACGCCTCCACTATGGAGT,19,3229
TSS_1414_storz_regulondb,1.0,2,1,GTAAGCCGTAGGCTTTATGC,1,15962
TSS_1414_storz_regulondb,1.0,2,1,GTAACGTGCTCCGCTACAGC,1,33257
TSS_1414_storz_regulondb,1.0,2,1,GTAACCGGGACGAGCATCTC,1,17641
TSS_1414_storz_regulondb,1.0,2,1,GGTGGGCAGAGACCTAGCTG,1,19298
TSS_1414_storz_regulondb,6.0,12,1,GGTCGTTGGCACGGAATAGG,11,11462
TSS_1414_storz_regulondb,1.0,2,1,GGTCCGGGTTCATCAGTCTT,1,12027
TSS_1414_storz_regulondb,10.5,21,1,GGTAGTGTGTCTAGGCAAAT,20,33799
TSS_1414_storz_regulondb,5.0,10,1,GGTACCTCGCGCTCTAGAGC,9,42368
TSS_1414_storz_regulondb,11.0,22,1,GGGTCCTCGGACAGGAAATC,21,44418
TSS_1414_storz_regulondb,14.5,29,1,GGGGTGTAACGGGGAAAAAT,28,71505
TSS_1414_storz_regulondb,11.0,22,1,GGGGCACATACCGGATGCGG,21,11241
TSS_1414_storz_regulondb,7.0,14,1,GGGCTGAATGAGCCATGGAT,13,12215
TSS_1414_storz_regulondb,4.0,8,1,GGGCTACGACATGGCCCGCT,7,36013
TSS_1414_storz_regulondb,17.0,34,1,GGGCGTACGCGCTAATCCAG,33,27902
TSS_1414_storz_regulondb,10.0,20,1,GGGATAAGGTCTGGTTCAAA,19,16933
TSS_1414_storz_regulondb,14.5,29,1,GGCTGACCGAATTAGTTGAT,28,57531
TSS_1414_storz_regulondb,11.0,22,1,GGCTATGCTAAGGGGGTCGC,21,43313
TSS_1414_storz_regulondb,63.5,127,1,GGCCTGTGCAAATAGGTCCG,126,68534
TSS_1414_storz_regulondb,44.0,88,1,GGCCCAGTCGGCCGGGTAAC,87,42017
TSS_1414_storz_regulondb,29.5,59,1,GGCATGAATCGCCGTATTCC,58,38960
TSS_1414_storz_regulondb,1.0,2,1,GGAGCGGGTCTCGGGGTCTG,1,62724
TSS_1414_storz_regulondb,10.0,20,1,GGAGCCTGGTTACCCGGACT,19,27315
TSS_1414_storz_regulondb,2.0,4,1,GGAGAACGCACGTACTCCCT,3,68343
TSS_1414_storz_regulondb,4.5,9,1,GGACGCTTTCCATAATTCAC,8,36486
TSS_1414_storz_regulondb,1.0,2,1,GGACCCGTAAGGCGGTCCAT,1,35874
TSS_1414_storz_regulondb,8.0,16,1,GGACAGTGGAATGTCGGCAA,15,69181
TSS_1414_storz_regulondb,20.5,41,1,GCTGGGGCGATGTAATTGGG,40,28180
TSS_1414_storz_regulondb,8.5,17,1,GCTGATATCGAACCACTATA,16,75192
TSS_1414_storz_regulondb,11.5,23,1,GCTGAAGGGTCTAGTCTGGG,22,26167
TSS_1414_storz_regulondb,13.0,26,1,GCTCTACGCCGGGGAACCAT,25,52681
TSS_1414_storz_regulondb,31.5,63,1,GCTATGCCAATTCGAGCCTG,62,27903
TSS_1414_storz_regulondb,40.5,81,1,GCTATCCCGTTCTCTACGAA,80,73007
TSS_1414_storz_regulondb,9.0,18,1,GCGTCTCAATGAGTTAGAAT,17,58096
TSS_1414_storz_regulondb,13.0,26,1,GCGTCAAAATTACCGGAGTT,25,69245
TSS_1414_storz_regulondb,4.0,8,1,GCGTAAACAGGCAGCAGAGG,7,40792
TSS_1414_storz_regulondb,8.5,17,1,GCGGGCACCTGAATCGTTGC,16,13329
TSS_1414_storz_regulondb,6.5,13,1,GCGGCCCTGCGCAAGATCGG,12,78153
TSS_1414_storz_regulondb,58.0,116,1,GCGCGTCAGTTATCGGCCAA,115,38506
TSS_1414_storz_regulondb,9.5,19,1,GCGCATCTGGGTCCGCCTGA,18,66187
TSS_1414_storz_regulondb,9.0,18,1,GCGCAGTTTTGAGGTTCTCT,17,80486
TSS_1414_storz_regulondb,1.0,2,1,GCGACCAAGCTTCACATTAT,1,12465
TSS_1414_storz_regulondb,13.0,26,1,GCCGTATGACAGCCAACAAG,25,18308
TSS_1414_storz_regulondb,11.5,23,1,GCCGGGGAACATGCCGCATG,22,74767
TSS_1414_storz_regulondb,13.0,26,1,GCACATGGCACTTAATGTGT,25,34968
TSS_1414_storz_regulondb,80.0,160,1,GCAACGGTGTCTGCTGACTT,159,38484
TSS_1414_storz_regulondb,1.0,2,1,GATTTGTGTCCGTCTCACCG,1,5847
TSS_1414_storz_regulondb,15.5,31,1,GATTTATTCGTACGAAATAT,30,61520
TSS_1414_storz_regulondb,7.0,14,1,GATTGCTAACCTGTAGACAG,13,65472
TSS_1414_storz_regulondb,12.0,24,1,GATAGTCATGCCTAGGAACA,23,10628
TSS_1414_storz_regulondb,12.0,24,1,GATAACCCGTCCACTGCGGC,23,26056
TSS_1414_storz_regulondb,13.0,26,1,GAGTTTACATTTCCAAGCCG,25,66554
TSS_1414_storz_regulondb,26.5,53,1,GAGTTCCCTCGGGATCATCG,52,1725
TSS_1414_storz_regulondb,12.0,24,1,GAGGTGATAGTGGTGCTATT,23,35437
TSS_1414_storz_regulondb,7.5,15,1,GAGGAGGTCCCAACGCGTAT,14,48611
TSS_1414_storz_regulondb,5.0,10,1,GAGCTCCTTAAGGCGTAAGA,9,57308
TSS_1414_storz_regulondb,16.0,32,1,GAGAGGTAGAGTGTGGCGAA,31,41575
TSS_1414_storz_regulondb,9.0,18,1,GACGATCATTTGCAGCTTAG,17,38656
TSS_1414_storz_regulondb,10.0,20,1,GACAGTCGTGGGTGGAGTGC,19,50532
TSS_1414_storz_regulondb,3.0,6,1,GACACGGTATAGTACCGCTA,5,7783
TSS_1414_storz_regulondb,1.0,2,1,GAAGCAAGACATGAGAAGGT,1,9493
TSS_1414_storz_regulondb,11.5,23,1,GAAGCAAACTGGGCTACTAC,22,54463
TSS_1414_storz_regulondb,8.5,17,1,GAACAGAGTTTGATGACCGG,16,36346
TSS_1414_storz_regulondb,11.5,23,1,GAACAATTTGATGAATTGAG,22,9815
TSS_1414_storz_regulondb,8.0,16,1,CTTTGAGCCGAATCATTTAA,15,44477
TSS_1414_storz_regulondb,9.0,18,1,CTTGAGAGCGCCGACGGTCT,17,50841
TSS_1414_storz_regulondb,1.0,2,1,CTTGAGAAAGCACCGATGCT,1,46855
TSS_1414_storz_regulondb,9.5,19,1,CTTCAATCTGGAAATAACCT,18,11996
TSS_1414_storz_regulondb,8.0,16,1,CTTAGTACCTGACGCCGTGT,15,52819
TSS_1414_storz_regulondb,1.0,2,1,CTTACGAGAGCGGTATTGCA,1,41254
TSS_1414_storz_regulondb,8.5,17,1,CTGGTGGGTCGTGTACCAAT,16,40790
TSS_1414_storz_regulondb,1.0,2,1,CTGGCCGGCGCCGAGGTTAA,1,18983
TSS_1414_storz_regulondb,11.0,22,1,CTGCTTGTTCTTGTTTGTTG,21,69165
TSS_1414_storz_regulondb,11.0,22,1,CTGCGGTACTGAGGAGCGGC,21,10150
TSS_1414_storz_regulondb,11.5,23,1,CTGCGAGCCGGCCAAGACGT,22,47229
TSS_1414_storz_regulondb,7.5,15,1,CTGATTAAGGTTGAACGGAT,14,23060
TSS_1414_storz_regulondb,7.0,14,1,CTGATGCGCAGAGCCACGAG,13,72307
TSS_1414_storz_regulondb,6.5,13,1,CTGATGATGTCCTATCTGCA,12,23985
TSS_1414_storz_regulondb,9.0,18,1,CTCTTCCACCAGAGTCGAAT,17,35300
TSS_1414_storz_regulondb,8.0,16,1,CTCTATTTGGCAAAGCGCCT,15,69325
TSS_1414_storz_regulondb,17.5,35,1,CTCTATTACTGATAGCCAGT,34,41910
TSS_1414_storz_regulondb,9.5,19,1,CTCGTCCGCATAGAACATTG,18,32514
TSS_1414_storz_regulondb,19.5,39,1,CTCGATTTTGCACCCGAGGA,38,36927
TSS_1414_storz_regulondb,26.0,52,1,CTCCCGTACAGTACCTCAGG,51,23049
TSS_1414_storz_regulondb,15.0,30,1,CTCCCGCCGGCGTCCCCGGC,29,29482
TSS_1414_storz_regulondb,5.5,11,1,CTCCATAGGACTTCTATCTC,10,32337
TSS_1414_storz_regulondb,12.0,24,1,CTATAGCGCGCAGAGGCAGC,23,73988
TSS_1414_storz_regulondb,32.0,64,1,CTATACATTTAGGAGTGCCC,63,50315
TSS_1414_storz_regulondb,63.5,127,1,CTATAAACCTCCTCGACGGG,126,52760
TSS_1414_storz_regulondb,6.5,13,1,CTAGCCGATGTACATATCCG,12,76718
TSS_1414_storz_regulondb,92.5,185,1,CTACGTACTTGTGTATTCAG,184,52728
TSS_1414_storz_regulondb,1.0,2,1,CTAATGCGCCAGACCATGCA,1,70578
TSS_1414_storz_regulondb,12.5,25,1,CTAAGAAGCTGCTATAACAA,24,34863
TSS_1414_storz_regulondb,9.0,18,1,CTAAAGCCTTCCCTGGTAAA,17,24617
TSS_1414_storz_regulondb,14.5,29,1,CTAAAAACGGATTTGGTGAC,28,53430
TSS_1414_storz_regulondb,13.0,26,1,CGTTTGCGAATCTAGCTAGG,25,30753
TSS_1414_storz_regulondb,12.0,24,1,CGTTCGTAACGCATAGAGGC,23,17336
TSS_1414_storz_regulondb,8.5,17,1,CGTTCGAGGGAAAATAAAAC,16,52726
TSS_1414_storz_regulondb,11.5,23,1,CGTTAATATTCCCTTTAATC,22,63787
TSS_1414_storz_regulondb,10.5,21,1,CGTGACGCGCTACAGCAAAA,20,35701
TSS_1414_storz_regulondb,2.0,4,1,CGTCACGTCTGACTTTAGAA,3,69666
TSS_1414_storz_regulondb,21.0,42,1,CGTATGTCGCTGCTGCCCCT,41,65475
TSS_1414_storz_regulondb,16.0,32,1,CGTAACGAGTGCAGACTTTA,31,72841
TSS_1414_storz_regulondb,25.0,50,1,CGTAACACACCTACGTTATC,49,63065
TSS_1414_storz_regulondb,9.5,19,1,CGGTTCGCTATTGAATTTCA,18,38056
TSS_1414_storz_regulondb,7.5,15,1,CGGTCGTCAACCCTCACACC,14,11880
TSS_1414_storz_regulondb,1.0,2,1,CGGTAAACTCCATGCCCTAT,1,56356
TSS_1414_storz_regulondb,12.5,25,1,CGGGACGCATCGGATGGGAC,24,8779
TSS_1414_storz_regulondb,20.5,41,1,CGGGAACTTAGTGGGGCTCG,40,44854
TSS_1414_storz_regulondb,9.5,19,1,CGGCGATTTGTCGATCAACA,18,44829
TSS_1414_storz_regulondb,9.5,19,1,CGGCCGGATCCAAAAGGGAT,18,39296
TSS_1414_storz_regulondb,6.0,12,1,CGGCCAAGGGACATCTAGAC,11,80503
TSS_1414_storz_regulondb,12.0,24,1,CGCTTTTATGTCAATTCTAG,23,70323
TSS_1414_storz_regulondb,8.5,17,1,CGCTGAACCTTTCCACTAGC,16,59898
TSS_1414_storz_regulondb,9.5,19,1,CGCGTGGACGGTTGCTCAAC,18,50385
TSS_1414_storz_regulondb,8.0,16,1,CGCGGATCGCACTAGGCTAC,15,79540
TSS_1414_storz_regulondb,10.0,20,1,CGCGAACTCTAGGTTTTCAC,19,63035
TSS_1414_storz_regulondb,5.0,10,1,CGCCCGATCCTACGCTAATG,9,12121
TSS_1414_storz_regulondb,12.0,24,1,CGATGCCGAGTAAACGACCT,23,28055
TSS_1414_storz_regulondb,43.5,87,1,CGAGATCTGCGGCTTTCCGT,86,11864
TSS_1414_storz_regulondb,4.5,9,1,CGAGAAGGCTTGGAGTCCAA,8,68583
TSS_1414_storz_regulondb,13.5,27,1,CGACATAATATGCCACACTC,26,50517
TSS_1414_storz_regulondb,12.0,24,1,CCTTCTTCAGAATGACTCAA,23,33005
TSS_1414_storz_regulondb,1.0,2,1,CCTTAGGTCCGGTAATTTTG,1,69250
TSS_1414_storz_regulondb,7.5,15,1,CCTGTTATTCTATTGATTTA,14,32692
TSS_1414_storz_regulondb,21.0,42,1,CCTGGACGCTAAGGGCAGAT,41,10498
TSS_1414_storz_regulondb,12.0,24,1,CCTCTGAACATATCAGTGTT,23,50896
TSS_1414_storz_regulondb,25.5,51,1,CCTCGGAAACCTGCTTAGCC,50,52031
TSS_1414_storz_regulondb,12.0,24,1,CCTATGTGCTATCCCTAACT,23,10063
TSS_1414_storz_regulondb,13.5,27,1,CCTATCCCAGTAGATCGAAA,26,66736
TSS_1414_storz_regulondb,24.0,48,1,CCTACATTATGGGATTGAGG,47,80035
TSS_1414_storz_regulondb,5.0,10,1,CCGTACCTTCCAATATTCTC,9,40452
TSS_1414_storz_regulondb,1.0,2,1,CCGGGATTCATAACTAATTT,1,79713
TSS_1414_storz_regulondb,9.5,19,1,CCGGCTATTCAAAATTTAAA,18,30986
TSS_1414_storz_regulondb,3.5,7,1,CCGCTTTAGGAACAAACGAT,6,54907
TSS_1414_storz_regulondb,72.5,145,1,CCGCTACATCAAAGATGACC,144,38476
TSS_1414_storz_regulondb,1.0,2,1,CCGAGATAATCGCCGAAGTC,1,20382
TSS_1414_storz_regulondb,2.5,5,1,CCGAACGAGGCATCGAAATC,4,36852
TSS_1414_storz_regulondb,3.0,6,1,CCCTACCGGCGCTGGAAATA,5,22223
TSS_1414_storz_regulondb,13.5,27,1,CCCGCTTGCATGACCCCTAA,26,9151
TSS_1414_storz_regulondb,7.0,14,1,CCCGCCCCTCAAGGAGGCAT,13,79263
TSS_1414_storz_regulondb,3.5,7,1,CCCCTGGGCAACTAATAGCG,6,58647
TSS_1414_storz_regulondb,11.5,23,1,CCCCACTCTCTATCATGTTT,22,9621
TSS_1414_storz_regulondb,7.5,15,1,CCATCTGAAACTAGGGGGAG,14,56497
TSS_1414_storz_regulondb,5.0,10,1,CCAGTTCGCACAACTCCAAT,9,21133
TSS_1414_storz_regulondb,7.0,14,1,CCAGAGCCTCGTGATGTCCC,13,23357
TSS_1414_storz_regulondb,5.5,11,1,CCAGAAGTCGAAGTTTCAAG,10,60590
TSS_1414_storz_regulondb,7.5,15,1,CCACCTCCAGGGGCACGCGA,14,80590
TSS_1414_storz_regulondb,7.5,15,1,CATTTCTCCTTGATCCTCCA,14,66626
TSS_1414_storz_regulondb,3.0,6,1,CATTCTCGTTCTCCACGCTT,5,56022
TSS_1414_storz_regulondb,9.0,18,1,CATTAAGTACTTTCTAGTCA,17,35429
TSS_1414_storz_regulondb,12.5,25,1,CATCAGTTTGGATATAGAAG,24,48721
TSS_1414_storz_regulondb,50.0,100,1,CAGTATCCGTTTACCGCCAT,99,23742
TSS_1414_storz_regulondb,16.0,32,1,CAGCGGTTACATGGGAGTCA,31,29175
TSS_1414_storz_regulondb,11.0,22,1,CAGCCTCTAAACGCCAATAG,21,70777
TSS_1414_storz_regulondb,1.5,3,1,CAGCCGTTTCGGCCAGTGCT,2,47224
TSS_1414_storz_regulondb,7.5,15,1,CAGAGAAACCGGAGACTTAG,14,61655
TSS_1414_storz_regulondb,59.0,118,1,CAGAAGGGGCTTTGACCCAC,117,80756
TSS_1414_storz_regulondb,12.0,24,1,CACTCTGAAGTACATAAGTG,23,64354
TSS_1414_storz_regulondb,13.0,26,1,CACGCGGACTCGATCCCATC,25,40987
TSS_1414_storz_regulondb,13.5,27,1,CACCCAAATTAGTTACACCA,26,62131
TSS_1414_storz_regulondb,16.5,33,1,CACCAGTAAATCTCGCTGGA,32,23061
TSS_1414_storz_regulondb,1.0,2,1,CACACCTAACGGTCGGGGAC,1,21028
TSS_1414_storz_regulondb,7.0,14,1,CACAACTCACGTGGTGCTCG,13,9098
TSS_1414_storz_regulondb,13.5,27,1,CAATGCGGTCTCATTGGTAC,26,75915
TSS_1414_storz_regulondb,10.5,21,1,CAATCCCTTCGGTTGAGCTA,20,61397
TSS_1414_storz_regulondb,79.0,158,1,CAAGCGTTTGCGCGACACAT,157,38471
TSS_1414_storz_regulondb,24.5,49,1,CAAGCGTACTGGTTCGGCGT,48,17830
TSS_1414_storz_regulondb,14.5,29,1,CAACCCCCATGCGCTCCAAA,28,80394
TSS_1414_storz_regulondb,14.0,28,1,CAAATACTGTCGGTCAAGGG,27,14841
TSS_1414_storz_regulondb,10.5,21,1,CAAAACATCTGGCTGTTGCC,20,74263
TSS_1414_storz_regulondb,13.0,26,1,ATTTGCCCTCTGGATCCGTA,25,28806
TSS_1414_storz_regulondb,4.5,9,1,ATTTATCCTGGGCCAGCCTC,8,56970
TSS_1414_storz_regulondb,14.5,29,1,ATTTACGAGAAAAGGGCGTT,28,37206
TSS_1414_storz_regulondb,3.5,7,1,ATTGATCTCCAGTCATGCGC,6,61429
TSS_1414_storz_regulondb,18.0,36,1,ATTGAGTCCAGACCAATTTA,35,68542
TSS_1414_storz_regulondb,31.5,63,1,ATTCGATTTCCTTGGTGATT,62,34950
TSS_1414_storz_regulondb,13.5,27,1,ATTCAATGGACTGGGGTGCC,26,1136
TSS_1414_storz_regulondb,30.0,60,1,ATTACTGTACTTCTGGTATT,59,48233
TSS_1414_storz_regulondb,1.0,2,1,ATTACGAGTGCGGATTCTAG,1,70675
TSS_1414_storz_regulondb,1.0,2,1,ATGTTCACAAAACCGCGCTT,1,27849
TSS_1414_storz_regulondb,16.0,32,1,ATGGGGTGTCGATCGGGGCT,31,48632
TSS_1414_storz_regulondb,13.0,26,1,ATGCCCCGTACTGCTTTCTC,25,42097
TSS_1414_storz_regulondb,14.5,29,1,ATGATTCCGTCGCGTAGGCG,28,79988
TSS_1414_storz_regulondb,7.0,14,1,ATGACACCCTAGTAGAACAT,13,58860
TSS_1414_storz_regulondb,17.0,34,1,ATGAAGATTGTCCACTTACT,33,78752
TSS_1414_storz_regulondb,8.5,17,1,ATGAAACCCGCTCCTTGGGT,16,1944
TSS_1414_storz_regulondb,1.0,2,1,ATCTTGGTGGATCGATCTCT,1,23052
TSS_1414_storz_regulondb,12.0,24,1,ATCTTCACGTTCTAGTCTAT,23,9113
TSS_1414_storz_regulondb,14.5,29,1,ATCGTTGGCGCACCTCCTCC,28,3904
TSS_1414_storz_regulondb,1.5,3,1,ATCGTAAGATTCGAAAGTTA,2,65588
TSS_1414_storz_regulondb,1.0,2,1,ATCGGGATCCTAACACAAGT,1,74494
TSS_1414_storz_regulondb,18.0,36,1,ATCAAGGGCGGTGTACTGGC,35,57164
TSS_1414_storz_regulondb,75.0,150,1,ATATCGTGAAGCGGCTATGT,149,38502
TSS_1414_storz_regulondb,1.0,2,1,ATAGTCCTATCCGATTCTGC,1,61693
TSS_1414_storz_regulondb,1.0,2,1,ATAAGCGTTGTAGGTGTGCA,1,19837
TSS_1414_storz_regulondb,15.5,31,1,AGTTCGGTTCGCGGTAGGTA,30,27753
TSS_1414_storz_regulondb,7.5,15,1,AGTGTAATGACGTTTACGGA,14,55828
TSS_1414_storz_regulondb,1.5,3,1,AGTGGATTAGACCTAGGGAT,2,436
TSS_1414_storz_regulondb,7.0,14,1,AGTCTACGTTTAAATTAGCA,13,72408
TSS_1414_storz_regulondb,14.0,28,1,AGTCGGACCTACATTCTCCC,27,46398
TSS_1414_storz_regulondb,12.0,24,1,AGTCGATCGGATATAAAGCA,23,8445
TSS_1414_storz_regulondb,1.0,2,1,AGTACAGTATAAGGTGCTGA,1,74421
TSS_1414_storz_regulondb,9.5,19,1,AGGTCAGGACGGGACAGGAC,18,45075
TSS_1414_storz_regulondb,11.0,22,1,AGGTAGTTCGTTCGACCGGG,21,15104
TSS_1414_storz_regulondb,19.0,38,1,AGGGTAACCGTCAGTTTCAT,37,55772
TSS_1414_storz_regulondb,22.0,44,1,AGGGAGGAAGCTGACATTGC,43,33266
TSS_1414_storz_regulondb,12.5,25,1,AGGACCGCTTACAGGTTAAC,24,65601
TSS_1414_storz_regulondb,13.5,27,1,AGGAACACATTACTTTAGGC,26,56006
TSS_1414_storz_regulondb,6.0,12,1,AGCGGGAAGGTCAGTCTAGA,11,50266
TSS_1414_storz_regulondb,123.5,247,1,AGCCTCTTCGACAAACGGTT,246,52736
TSS_1414_storz_regulondb,5.0,10,1,AGCATTATCGTCTTAATATA,9,7255
TSS_1414_storz_regulondb,11.0,22,1,AGCAGTACCGGAAGAATACG,21,57113
TSS_1414_storz_regulondb,9.0,18,1,AGCAGGTTGGGCATTTGCAT,17,3463
TSS_1414_storz_regulondb,14.0,28,1,AGATCCCTTGGCCTCGAGAT,27,9102
TSS_1414_storz_regulondb,1.0,2,1,AGAGGTGGCTTAAATAGGAT,1,42101
TSS_1414_storz_regulondb,13.5,27,1,AGAGCGGATACTATACATAT,26,25781
TSS_1414_storz_regulondb,1.0,2,1,AGAAGCGTTCGGCTGCGATT,1,73329
TSS_1414_storz_regulondb,1.0,2,1,ACTTGCAGATTCCAGGGATC,1,22079
TSS_1414_storz_regulondb,1.0,2,1,ACTTCGAAACGTCAACGTTA,1,73097
TSS_1414_storz_regulondb,1.0,2,1,ACTTAGTAGTTGCTGGAAAG,1,6338
TSS_1414_storz_regulondb,5.0,10,1,ACTTAGGCCGACCACTTTCA,9,29832
TSS_1414_storz_regulondb,8.5,17,1,ACTGTGTACACTTACTTGCT,16,73080
TSS_1414_storz_regulondb,1.0,2,1,ACTGATTAGCTCTAATAGTG,1,61423
TSS_1414_storz_regulondb,36.0,72,1,ACTGACCTTAACAGAAGTCG,71,44809
TSS_1414_storz_regulondb,11.0,22,1,ACTCGCGTTTAGTCCCCCCA,21,2017
TSS_1414_storz_regulondb,21.5,43,1,ACTCACAATTGTATCCCCCA,42,16860
TSS_1414_storz_regulondb,5.5,11,1,ACTATGCCTAGCTAAAAGTT,10,79575
TSS_1414_storz_regulondb,11.5,23,1,ACGTTCATCTCCGTAACTAA,22,67938
TSS_1414_storz_regulondb,20.5,41,1,ACGCTGACGATTGCCTAGTC,40,68585
TSS_1414_storz_regulondb,13.0,26,1,ACGCGGAGGCTACTTGCTCC,25,5271
TSS_1414_storz_regulondb,10.5,21,1,ACCTTGATTCAGGGATCCGG,20,78692
TSS_1414_storz_regulondb,10.0,20,1,ACCTTCTTAAACTGGTAAAG,19,29863
TSS_1414_storz_regulondb,15.0,30,1,ACCGATCCGCGATGAACAGC,29,9631
TSS_1414_storz_regulondb,10.5,21,1,ACCGAGTCTTGATCTGATCC,20,8066
TSS_1414_storz_regulondb,15.0,30,1,ACCCTGGACTTGTTAGTGTA,29,54785
TSS_1414_storz_regulondb,14.0,28,1,ACCCGCTTGGAAGCTGATCT,27,12764
TSS_1414_storz_regulondb,13.5,27,1,ACCCCTCCCAAGAGACGACC,26,78933
TSS_1414_storz_regulondb,6.5,13,1,ACCCCGATAATCCAAGGTTG,12,15573
TSS_1414_storz_regulondb,11.5,23,1,ACCAGCCTGTAAGGATTTCC,22,18818
TSS_1414_storz_regulondb,6.5,13,1,ACCAACCGTGTCTCGTGCTT,12,61878
TSS_1414_storz_regulondb,10.5,21,1,ACATGCCGGTCTCGTGATCT,20,22711
TSS_1414_storz_regulondb,12.0,24,1,ACAGATCACCGTCTAGCCCA,23,932
TSS_1414_storz_regulondb,14.0,28,1,ACAGAACTCGTAGTCATGTC,27,73224
TSS_1414_storz_regulondb,23.0,46,1,ACACCTCTTGGATCGAGACC,45,27420
TSS_1414_storz_regulondb,15.0,30,1,ACACATAGGTCACACCTGCC,29,47738
TSS_1414_storz_regulondb,10.5,21,1,ACACATACGGCAATCGCCGG,20,36870
TSS_1414_storz_regulondb,117.5,235,1,ACAACGGATAGAAGCTATGG,234,38483
TSS_1414_storz_regulondb,9.0,18,1,ACAAATCATGCAATGAATGT,17,70832
TSS_1414_storz_regulondb,13.0,26,1,ACAAAGGTCCACATTTCGGA,25,9661
TSS_1414_storz_regulondb,13.5,27,1,AATTGTGATTCCTGGGTGCA,26,41379
TSS_1414_storz_regulondb,8.0,16,1,AATTGTCGCCCAGCGGACTT,15,27466
TSS_1414_storz_regulondb,14.5,29,1,AATTGCTCCGGTGTCCGTGT,28,48474
TSS_1414_storz_regulondb,1.0,2,1,AATTATTTGTGGGCGGTTTC,1,66491
TSS_1414_storz_regulondb,18.0,36,1,AATTATATTCAGGCCGATTT,35,48881
TSS_1414_storz_regulondb,50.5,101,1,AATGTTGTCTGGCCTTATGG,100,7901
TSS_1414_storz_regulondb,3.0,6,1,AATGTGAGTATCTGTATTTT,5,6708
TSS_1414_storz_regulondb,9.0,18,1,AATCCGCGCACTAGCTATAT,17,45829
TSS_1414_storz_regulondb,15.5,31,1,AATAAGTGACTACAAGTGGA,30,61541
TSS_1414_storz_regulondb,13.0,26,1,AAGTGACGTCCTAGGGCTGA,25,9464
TSS_1414_storz_regulondb,8.5,17,1,AAGGTTTCCTACCTGCTATA,16,13394
TSS_1414_storz_regulondb,1.0,2,1,AAGGTCTAAGGGATTCGCGC,1,6356
TSS_1414_storz_regulondb,30.5,61,1,AAGGTCCCCACCTTCACATC,60,62588
TSS_1414_storz_regulondb,12.5,25,1,AAGGGAGGTTCCTCTATCTA,24,60849
TSS_1414_storz_regulondb,16.0,32,1,AAGGCAGTGCACAGTATCAG,31,27677
TSS_1414_storz_regulondb,16.0,32,1,AAGCGTCCGGTAACCAAGCT,31,36482
TSS_1414_storz_regulondb,3.0,6,1,AAGCCGGCCCGCCGCCCATC,5,12021
TSS_1414_storz_regulondb,26.5,53,1,AACTTTTCAGAGGGGAATAT,52,80424
TSS_1414_storz_regulondb,6.0,12,1,AACTTCACCACCGTTAGCCT,11,18688
TSS_1414_storz_regulondb,6.5,13,1,AACTTACGTCTGTGATTCCA,12,42023
TSS_1414_storz_regulondb,1.0,2,1,AACGGATATCACCGAGCTAG,1,63292
TSS_1414_storz_regulondb,1.0,2,1,AACCTAAGGTCGTACAGGAC,1,68812
TSS_1414_storz_regulondb,11.5,23,1,AACCGGGCGTACAACACCCT,22,57780
TSS_1414_storz_regulondb,17.5,35,1,AACCAGGTGAAAATGCTAGT,34,19203
TSS_1414_storz_regulondb,39.5,79,1,AACAGGCGGGATGTTATCGT,78,75020
TSS_1414_storz_regulondb,4.0,8,1,AACACTTGCATCAATCCGAG,7,13466
TSS_1414_storz_regulondb,12.0,24,1,AACACGTGCTCTGTTTGCAT,23,17958
TSS_1414_storz_regulondb,1.0,2,1,AACAATGGGTCACACCGCTT,1,56665
TSS_1414_storz_regulondb,21.5,43,1,AACAACATCTTCCCAAATTG,42,68617
TSS_1414_storz_regulondb,11.0,22,1,AACAAACTCTCCGGCCAGTG,21,36307
TSS_1414_storz_regulondb,26.5,53,1,AAAGTATGACATCTTGGAAA,52,13045
TSS_1414_storz_regulondb,33.5,67,1,AAAGCGGAGTTTCAAGTCAC,66,75019
TSS_1414_storz_regulondb,11.0,22,1,AAAGCGCCGCTCATCATTGT,21,51074
TSS_1414_storz_regulondb,2.0,4,1,AAAGCCACGGACTAAATCCT,3,42758
TSS_1414_storz_regulondb,6.5,13,1,AAACGTTGAAATTGGTTTAA,12,15890
TSS_1414_storz_regulondb,8.0,16,1,AAACCGTTTCGTCCATTCGA,15,74447
TSS_1414_storz_regulondb,18.0,36,1,AAACAGAACCTGATTTGACT,35,22954
TSS_1414_storz_regulondb,16.0,32,1,AAAAGGAACTGAATTCAGGT,31,15033
TSS_1414_storz_regulondb,3.0,6,1,AAAACGAAATGCTCACGGCA,5,30707
TSS_1414_storz_regulondb,0.013513513513513514,73,73,TGGCACTGTGAATTATTGAT,0,45342
TSS_1414_storz_regulondb,0.014925373134328358,66,66,ACCGGTTCGAGGTACCGATA,0,16896
TSS_1414_storz_regulondb,0.015151515151515152,65,65,TGTTCTGGCATAAATTAGAT,0,38530
TSS_1414_storz_regulondb,0.015625,63,63,CGGTTGACCGTCCGGCAATT,0,18298
TSS_1414_storz_regulondb,0.015873015873015872,62,62,TCCTATAGAGCACGAAGGAA,0,57326
TSS_1414_storz_regulondb,0.01694915254237288,58,58,CGGATTCGGCACATGATGGA,0,5189
TSS_1414_storz_regulondb,0.017241379310344827,57,57,GGGAACGTAGTGTCGGGAGT,0,37373
TSS_1414_storz_regulondb,0.017241379310344827,57,57,GCATTAGGTTAGATAAAGGT,0,50022
TSS_1414_storz_regulondb,0.017241379310344827,57,57,CAGAGGGAACTCAGCAACCA,0,6590
TSS_1414_storz_regulondb,0.017543859649122806,56,56,GACCGTAACTTGGATTGGAT,0,3948
TSS_1414_storz_regulondb,0.017543859649122806,56,56,ATTAGTGGAATGTCAATGTT,0,10056
TSS_1414_storz_regulondb,0.018518518518518517,53,53,AACTTATAACGGAACACCAG,0,25418
TSS_1414_storz_regulondb,0.018867924528301886,52,52,GCGTCTATTTGCTAGGGCTA,0,45836
TSS_1414_storz_regulondb,0.018867924528301886,52,52,CAAGTCTCCGGGGCGCGGAG,0,35476
TSS_1414_storz_regulondb,0.018867924528301886,52,52,ATTACTTGATGCCTCGCGGT,0,8750
TSS_1414_storz_regulondb,0.019230769230769232,51,51,TGCTGTACCTCGAGATTCAT,0,20359
TSS_1414_storz_regulondb,0.019230769230769232,51,51,GTACTACGGTTATAGAGGAC,0,458
TSS_1414_storz_regulondb,0.019230769230769232,51,51,CCCAAGTAAAGTGAGAGAAG,0,6427
TSS_1414_storz_regulondb,0.0196078431372549,50,50,TCCGGAAGGTACGCTCGTGT,0,54599
TSS_1414_storz_regulondb,0.0196078431372549,50,50,GTGGAACACAGCGAATGTCA,0,8895
TSS_1414_storz_regulondb,0.02,49,49,GCGCCGGACTATTATCGGAC,0,1345
TSS_1414_storz_regulondb,0.02,49,49,AGTAAGAGACGGTCTAGCTA,0,50027
TSS_1414_storz_regulondb,0.02,49,49,ACTTCTGGTCGGTCATGACC,0,54305
TSS_1414_storz_regulondb,0.02040816326530612,48,48,CCGGCCTTGCGAGAATGTTT,0,34895
TSS_1414_storz_regulondb,0.02040816326530612,48,48,AATGTACCTCAGAACGTTTT,0,34787
TSS_1414_storz_regulondb,0.020833333333333332,47,47,ATTCAGATAGCGATAGCATA,0,54008
TSS_1414_storz_regulondb,0.020833333333333332,47,47,AGGAGTCTTATTTTCGGGGT,0,49351
TSS_1414_storz_regulondb,0.020833333333333332,47,47,AAACCACTCTTCTGCATAAT,0,55090
TSS_1414_storz_regulondb,0.02127659574468085,46,46,TTAGTCAGTCATACGAATCA,0,5727
TSS_1414_storz_regulondb,0.02127659574468085,46,46,GGCTGTCTCACTTTATATTG,0,21004
TSS_1414_storz_regulondb,0.02127659574468085,46,46,CTGAAAGGCCCTACTGTATA,0,70523
TSS_1414_storz_regulondb,0.02127659574468085,46,46,ATGTGGTAACAACTGTCAGT,0,62301
TSS_1414_storz_regulondb,0.02127659574468085,46,46,AATATTCTTCCGCGGTCAGC,0,45558
TSS_1414_storz_regulondb,0.021739130434782608,45,45,TGCTGGGGTTTATTCAGACA,0,35014
TSS_1414_storz_regulondb,0.021739130434782608,45,45,GTTGGCCTTTACTGAAGGGT,0,12859
TSS_1414_storz_regulondb,0.021739130434782608,45,45,GTGTCGCGATGTCCGGCTTC,0,47543
TSS_1414_storz_regulondb,0.021739130434782608,45,45,CGTCACCGGGTATAATGGCG,0,8369
TSS_1414_storz_regulondb,0.021739130434782608,45,45,CCTCCTGACTCGCCGCTGAT,0,3363
TSS_1414_storz_regulondb,0.021739130434782608,45,45,AACTTAGAAGGGGAATGTAG,0,32824
TSS_1414_storz_regulondb,0.022222222222222223,44,44,TTAAGGGTCCGTGGTCTTTT,0,1609
TSS_1414_storz_regulondb,0.022222222222222223,44,44,TATCGGAATGCCAAAGGGCA,0,31428
TSS_1414_storz_regulondb,0.022222222222222223,44,44,GTCACTCCTGTAGGTAGCGT,0,8056
TSS_1414_storz_regulondb,0.022222222222222223,44,44,CTTGGCGGTCCCGGTATATG,0,37385
TSS_1414_storz_regulondb,0.022222222222222223,44,44,CGCTTCTTGGCCTACAGGGA,0,997
TSS_1414_storz_regulondb,0.022222222222222223,44,44,CCATGGGACCTTCTATGTTA,0,48459
TSS_1414_storz_regulondb,0.022222222222222223,44,44,CATCTTATGTGCCCAATTAA,0,29932
TSS_1414_storz_regulondb,0.022222222222222223,44,44,AAAACCCGATACCGCGCGTG,0,51444
TSS_1414_storz_regulondb,0.022727272727272728,43,43,GTAAGGGACGAGGTGCCTGT,0,64101
TSS_1414_storz_regulondb,0.022727272727272728,43,43,GGACGGCAGCTATTTTTTGG,0,71120
TSS_1414_storz_regulondb,0.022727272727272728,43,43,CTTAAAGCAGCGACCGGGGT,0,11433
TSS_1414_storz_regulondb,0.022727272727272728,43,43,CGACGGGCATCTTCCGAAGG,0,54005
TSS_1414_storz_regulondb,0.022727272727272728,43,43,CGAACATAATCCGTGCGTCG,0,38986
TSS_1414_storz_regulondb,0.022727272727272728,43,43,ATTAACTGACGCGCACATGG,0,36634
TSS_1414_storz_regulondb,0.022727272727272728,43,43,ACCTTCGGATCGAAGGCCTC,0,67947
TSS_1414_storz_regulondb,0.022727272727272728,43,43,ACACGGGATTTAACTTCTGC,0,66703
TSS_1414_storz_regulondb,0.022727272727272728,43,43,AACAATCCTGACTAGGCGTT,0,58980
TSS_1414_storz_regulondb,0.023255813953488372,42,42,TTTTAATTAGTGTGTCGTGA,0,8658
TSS_1414_storz_regulondb,0.023255813953488372,42,42,TGCTAAGAGTATCTGTGGCA,0,21271
TSS_1414_storz_regulondb,0.023255813953488372,42,42,GTGAAAGAATCCGATCATGG,0,24392
TSS_1414_storz_regulondb,0.023255813953488372,42,42,GCCAATTATGTGGACTTGCA,0,38911
TSS_1414_storz_regulondb,0.023255813953488372,42,42,ACAGGATATAACGGCTCGAA,0,54112
TSS_1414_storz_regulondb,0.023809523809523808,41,41,TTACGAATAGGGGCGGGTCA,0,31795
TSS_1414_storz_regulondb,0.023809523809523808,41,41,GTCCTTGACCCGGCGCTCGC,0,61912
TSS_1414_storz_regulondb,0.023809523809523808,41,41,GGTGTAAAGGGTTAGCGCGA,0,53070
TSS_1414_storz_regulondb,0.023809523809523808,41,41,CACTGCCGCGCCGCGAGGGG,0,80250
TSS_1414_storz_regulondb,0.023809523809523808,41,41,AAATCGACCCTTCAGACCAT,0,45578
TSS_1414_storz_regulondb,0.024390243902439025,40,40,TTCTGCGCATACAGCCGAAT,0,2311
TSS_1414_storz_regulondb,0.024390243902439025,40,40,TGCTTTGTAGTTGATGAACA,0,9023
TSS_1414_storz_regulondb,0.024390243902439025,40,40,CTACGACTTATGGTTGTGAT,0,25555
TSS_1414_storz_regulondb,0.024390243902439025,40,40,CCCAAGCAAAGGTACTACGT,0,21179
TSS_1414_storz_regulondb,0.024390243902439025,40,40,ATCATTATCGGGAGAACTGT,0,27942
TSS_1414_storz_regulondb,0.024390243902439025,40,40,ACGCATAAATTCAATTAAAT,0,15623
TSS_1414_storz_regulondb,0.025,39,39,CATTCCAGCGCTGCCGCCGT,0,721
TSS_1414_storz_regulondb,0.025,39,39,ATTGCGTCTGATGGCGAACT,0,51209
TSS_1414_storz_regulondb,0.025,39,39,AGACTAGACTAGAAGTCAAC,0,71304
TSS_1414_storz_regulondb,0.02564102564102564,38,38,TGTTTTACCGACCGACACGT,0,792
TSS_1414_storz_regulondb,0.02564102564102564,38,38,TCCATATGGCTTCTTACGAT,0,8122
TSS_1414_storz_regulondb,0.02564102564102564,38,38,TAGACGGCGTGAGGAGCGAG,0,37137
TSS_1414_storz_regulondb,0.02564102564102564,38,38,GGCTACGCCTACGAGGCGTA,0,7008
TSS_1414_storz_regulondb,0.02564102564102564,38,38,GATGAGTCCCACCCGCCAAG,0,22761
TSS_1414_storz_regulondb,0.02564102564102564,38,38,CCAAGGTGACTATGATTACT,0,64811
TSS_1414_storz_regulondb,0.02564102564102564,38,38,AGTGAGCCCAGTTTGATCGT,0,28541
TSS_1414_storz_regulondb,0.02564102564102564,38,38,AGCTTACATGGGTGTCGCCA,0,67316
TSS_1414_storz_regulondb,0.02564102564102564,38,38,ACGTTAATCTTTACATTCTG,0,44300
TSS_1414_storz_regulondb,0.02564102564102564,38,38,AAAGGCGCTACCCTTTGAGA,0,55140
TSS_1414_storz_regulondb,0.02564102564102564,38,38,AAAGGCCCTGTTTACTCTGA,0,27825
TSS_1414_storz_regulondb,0.02564102564102564,38,38,AAAAGAGGTATGGCCCTCGT,0,21644
TSS_1414_storz_regulondb,0.02631578947368421,37,37,TTGGTAATTCCTCTGCTCGG,0,65478
TSS_1414_storz_regulondb,0.02631578947368421,37,37,TTCGCCGAAACATACCAAAT,0,65782
TSS_1414_storz_regulondb,0.02631578947368421,37,37,TTCCTCTTATTGGGAAGCGA,0,8752
TSS_1414_storz_regulondb,0.02631578947368421,37,37,TATAAACCTATGGCTAAATG,0,52808
TSS_1414_storz_regulondb,0.02631578947368421,37,37,GTGCCCATGGGGCACCGCTT,0,19379
TSS_1414_storz_regulondb,0.02631578947368421,37,37,GGGTTAACTAATCAGGATAA,0,23427
TSS_1414_storz_regulondb,0.02631578947368421,37,37,CCGGGAGGATCTGTGCAGGG,0,55044
TSS_1414_storz_regulondb,0.02631578947368421,37,37,CAACTAAGCCTTCATTTAGT,0,30267
TSS_1414_storz_regulondb,0.02631578947368421,37,37,ATACGAATTGCAAGTTTGTT,0,67641
TSS_1414_storz_regulondb,0.02631578947368421,37,37,AGATCACGGAAGGTTACCCA,0,5089
TSS_1414_storz_regulondb,0.02631578947368421,37,37,ACACACGGGAGGATTAATCT,0,23477
TSS_1414_storz_regulondb,0.02631578947368421,37,37,AATAAGCACTGGCTAACTCG,0,8426
TSS_1414_storz_regulondb,0.02702702702702703,36,36,TTAGGGTGGTTGTATTTAAA,0,37055
TSS_1414_storz_regulondb,0.02702702702702703,36,36,TGGTTTAGCAGAGCCGCTTC,0,36817
TSS_1414_storz_regulondb,0.02702702702702703,36,36,TGGGGCGGGGAAAGGTAGTC,0,60921
TSS_1414_storz_regulondb,0.02702702702702703,36,36,TCGACGGATTACAGGGGAAT,0,15932
TSS_1414_storz_regulondb,0.02702702702702703,36,36,TCAACGTTGATATCAACGAA,0,35079
TSS_1414_storz_regulondb,0.02702702702702703,36,36,GTCACGAATTCCAAAACCGT,0,39667
TSS_1414_storz_regulondb,0.02702702702702703,36,36,GCATTCAAGCGAGGAGGATA,0,59247
TSS_1414_storz_regulondb,0.02702702702702703,36,36,GCATACAGGGGGCGGGAAAG,0,78154
TSS_1414_storz_regulondb,0.02702702702702703,36,36,GACGATGCAATTCCAGTTGC,0,26490
TSS_1414_storz_regulondb,0.02702702702702703,36,36,GAAGTACGTGCAAGACCGAG,0,41028
TSS_1414_storz_regulondb,0.02702702702702703,36,36,CGGGTTCGCAGTAGACTTTA,0,27370
TSS_1414_storz_regulondb,0.02702702702702703,36,36,CGGGGTCTACGTTCGTGCTT,0,30293
TSS_1414_storz_regulondb,0.02702702702702703,36,36,CGGGGGTATCGATGTCCGTG,0,50258
TSS_1414_storz_regulondb,0.02702702702702703,36,36,CACTCTGCGGCCGCGTGTGA,0,67406
TSS_1414_storz_regulondb,0.02702702702702703,36,36,CAATCTGGCCCTAGAAGAGA,0,7007
TSS_1414_storz_regulondb,0.02702702702702703,36,36,ATCGAAGGTGCGGCTAACAT,0,54944
TSS_1414_storz_regulondb,0.02702702702702703,36,36,ATAGAGAAGCCTTGAAAGTT,0,7819
TSS_1414_storz_regulondb,0.02702702702702703,36,36,ATACTATACCTCGTTTAAAG,0,13389
TSS_1414_storz_regulondb,0.02702702702702703,36,36,AGGCCGGGACTGACTCACAA,0,27572
TSS_1414_storz_regulondb,0.02702702702702703,36,36,AATTTTCGGAAGCGACAGCA,0,33381
TSS_1414_storz_regulondb,0.027777777777777776,35,35,TGCGTCAGCAGTCGCTATTA,0,29868
TSS_1414_storz_regulondb,0.027777777777777776,35,35,TGAGCTACGAGCGGGGCAAT,0,27934
TSS_1414_storz_regulondb,0.027777777777777776,35,35,TCCCAATAGCTCAAGTCTAT,0,25139
TSS_1414_storz_regulondb,0.027777777777777776,35,35,TAATGTCTGTTTAGCCACAG,0,45346
TSS_1414_storz_regulondb,0.027777777777777776,35,35,GGGTGACGTGGCAGAGGTAG,0,36366
TSS_1414_storz_regulondb,0.027777777777777776,35,35,GGCTTAAGCGCTTTACTTAT,0,55730
TSS_1414_storz_regulondb,0.027777777777777776,35,35,GCGCAACACGCGAGCGGTGC,0,46231
TSS_1414_storz_regulondb,0.027777777777777776,35,35,GAGGTTGGAGATTGTTGCTT,0,30497
TSS_1414_storz_regulondb,0.027777777777777776,35,35,GAGGAGCACAGCCGACTGAC,0,52397
TSS_1414_storz_regulondb,0.027777777777777776,35,35,CGGCCTGGCTCAATAAGAAT,0,64226
TSS_1414_storz_regulondb,0.027777777777777776,35,35,CGCTCGGCTGGGTTAATCCA,0,80254
TSS_1414_storz_regulondb,0.027777777777777776,35,35,CGCCGTACGCAGGATCTGAA,0,23047
TSS_1414_storz_regulondb,0.027777777777777776,35,35,CCTTATACTCCCTGGGCTAC,0,24206
TSS_1414_storz_regulondb,0.027777777777777776,35,35,CCTGTACTCCTTGGCCCATA,0,8635
TSS_1414_storz_regulondb,0.027777777777777776,35,35,CCGCCAACGCGCCCAGCCAT,0,67773
TSS_1414_storz_regulondb,0.027777777777777776,35,35,CCACTCCCCTAGTTTTTCAA,0,6110
TSS_1414_storz_regulondb,0.027777777777777776,35,35,ATGGTTAGAGGTATATAACA,0,58538
TSS_1414_storz_regulondb,0.027777777777777776,35,35,ACTGATACAACCCCTGCTGG,0,59449
TSS_1414_storz_regulondb,0.027777777777777776,35,35,ACAAGGCGAGTCAAACTCAG,0,59594
TSS_1414_storz_regulondb,0.02857142857142857,34,34,TTGCCGGACTCAATGGCAGT,0,35532
TSS_1414_storz_regulondb,0.02857142857142857,34,34,TTCAGCACAGCTTGCGCATG,0,25827
TSS_1414_storz_regulondb,0.02857142857142857,34,34,TTCACGATTCCAGTCGAATC,0,47460
TSS_1414_storz_regulondb,0.02857142857142857,34,34,TGATTGTCCTACTGATCTTA,0,70322
TSS_1414_storz_regulondb,0.02857142857142857,34,34,TGATAGCGCCCGTACTCGAA,0,27067
TSS_1414_storz_regulondb,0.02857142857142857,34,34,TAACCTTGCTCTACCAGAGC,0,54606
TSS_1414_storz_regulondb,0.02857142857142857,34,34,GCTACTCGTCACTTCGAATT,0,78401
TSS_1414_storz_regulondb,0.02857142857142857,34,34,CCCGAGCACTATGCACAGCG,0,30440
TSS_1414_storz_regulondb,0.02857142857142857,34,34,CCAGTCGTTGGGCACAGGAC,0,42494
TSS_1414_storz_regulondb,0.02857142857142857,34,34,CCAAGACTGTCGGTGGACGG,0,37554
TSS_1414_storz_regulondb,0.02857142857142857,34,34,CAGTGCCAGGTGTCTGACAG,0,18122
TSS_1414_storz_regulondb,0.02857142857142857,34,34,CAGTCTATGACGAGAGAGGT,0,26538
TSS_1414_storz_regulondb,0.02857142857142857,34,34,CAGAATCTTAAACGTGAAAT,0,3781
TSS_1414_storz_regulondb,0.02857142857142857,34,34,ACAACCTGTCTCACACTTAT,0,71394
TSS_1414_storz_regulondb,0.02857142857142857,34,34,AACTCAACGAAGACGTGACA,0,39430
TSS_1414_storz_regulondb,0.02857142857142857,34,34,AACCGTTGGCTGACATGGAA,0,15410
TSS_1414_storz_regulondb,0.029411764705882353,33,33,TTCGTAGAACACGCGATAAT,0,30441
TSS_1414_storz_regulondb,0.029411764705882353,33,33,TCCTGCTCAAGTTACAGAGC,0,31027
TSS_1414_storz_regulondb,0.029411764705882353,33,33,GTGCCCATCGCCGCTATTGT,0,8677
TSS_1414_storz_regulondb,0.029411764705882353,33,33,GTATAGTACCATCAAGGGAC,0,45647
TSS_1414_storz_regulondb,0.029411764705882353,33,33,GAGGCTATGGTAACCCTCTG,0,24324
TSS_1414_storz_regulondb,0.029411764705882353,33,33,GAGATCGGTTCTTTTCAAAC,0,5927
TSS_1414_storz_regulondb,0.029411764705882353,33,33,CTGTCTTAAAACGTGGTAGT,0,16293
TSS_1414_storz_regulondb,0.029411764705882353,33,33,CTAGAGGAGGTTTTAGACTG,0,69094
TSS_1414_storz_regulondb,0.029411764705882353,33,33,CTACGTCCGACCTGCCCTAG,0,53085
TSS_1414_storz_regulondb,0.029411764705882353,33,33,CGAGGAAATTTGTGTGGGTA,0,34671
TSS_1414_storz_regulondb,0.029411764705882353,33,33,CGACGGATTAGTCATCGATA,0,50475
TSS_1414_storz_regulondb,0.029411764705882353,33,33,CCGTCGTTTTCAAGGCGCTT,0,6426
TSS_1414_storz_regulondb,0.029411764705882353,33,33,CAAGTCCTAAAACGGTGGTA,0,41842
TSS_1414_storz_regulondb,0.029411764705882353,33,33,ATATCGTCTACCTATTGTTT,0,48855
TSS_1414_storz_regulondb,0.029411764705882353,33,33,ACGGACTCGCGACCTTGATT,0,8961
TSS_1414_storz_regulondb,0.029411764705882353,33,33,AAGCAGACCGTGTGCAAGAA,0,58732
TSS_1414_storz_regulondb,0.030303030303030304,32,32,TTTTTATTCGGGTGCAACAG,0,17662
TSS_1414_storz_regulondb,0.030303030303030304,32,32,TGTTGCCAAAGTGGAGCTAT,0,75320
TSS_1414_storz_regulondb,0.030303030303030304,32,32,TGTATATTTACCGGAACCCG,0,25275
TSS_1414_storz_regulondb,0.030303030303030304,32,32,TCTATCGATGTCTGGGAGAA,0,19803
TSS_1414_storz_regulondb,0.030303030303030304,32,32,TCGAACGGCAATTATATAGG,0,44060
TSS_1414_storz_regulondb,0.030303030303030304,32,32,TCCATCAGTGCCTTTACAGT,0,45929
TSS_1414_storz_regulondb,0.030303030303030304,32,32,TAGGTTTATTGCAGAAAAAG,0,55229
TSS_1414_storz_regulondb,0.030303030303030304,32,32,GGTACAGGTCGCAGTCTACA,0,1610
TSS_1414_storz_regulondb,0.030303030303030304,32,32,GCCGCGGAGAACAAACCTTA,0,39357
TSS_1414_storz_regulondb,0.030303030303030304,32,32,GATTTGTGACGCTGTGAGGA,0,34698
TSS_1414_storz_regulondb,0.030303030303030304,32,32,GATACTCCATTCCTATGAAT,0,22422
TSS_1414_storz_regulondb,0.030303030303030304,32,32,CTGGCGTGATGGCTCCCGAG,0,11711
TSS_1414_storz_regulondb,0.030303030303030304,32,32,CTCCGTGGAAACTAGGTTAT,0,4428
TSS_1414_storz_regulondb,0.030303030303030304,32,32,CTACCCAGGTAATCGACTCG,0,72512
TSS_1414_storz_regulondb,0.030303030303030304,32,32,CGAAAGCGGGGCTTTTTGGT,0,4116
TSS_1414_storz_regulondb,0.030303030303030304,32,32,CCGAAGTAGAACGGCACGGC,0,65854
TSS_1414_storz_regulondb,0.030303030303030304,32,32,CCCTAATGAATTACGACGCG,0,63723
TSS_1414_storz_regulondb,0.030303030303030304,32,32,AGAGAGTGATTATGTGTGAT,0,73225
TSS_1414_storz_regulondb,0.030303030303030304,32,32,ACTGTCTACCATAATAATGG,0,72403
TSS_1414_storz_regulondb,0.030303030303030304,32,32,ACGTCAGGGCATCAGGATTG,0,46069
TSS_1414_storz_regulondb,0.030303030303030304,32,32,ACCACCCCCCCTGAATTCTT,0,35389
TSS_1414_storz_regulondb,0.03125,31,31,TTATCTCGACCAGTGGGCAA,0,11308
TSS_1414_storz_regulondb,0.03125,31,31,TGGGAAAGCTTTACGGTATA,0,27374
TSS_1414_storz_regulondb,0.03125,31,31,TGCTCCTTGCGAGGGTGGAT,0,2373
TSS_1414_storz_regulondb,0.03125,31,31,TCTCCTCAAACCTCTTGGAT,0,34667
TSS_1414_storz_regulondb,0.03125,31,31,TCACTTTAGTTAATCGGTCG,0,66878
TSS_1414_storz_regulondb,0.03125,31,31,GTCCTGGACGACCGTTCCTC,0,78249
TSS_1414_storz_regulondb,0.03125,31,31,GGGGGCGAACTGTACCACTG,0,28677
TSS_1414_storz_regulondb,0.03125,31,31,GGGAGAGAGGGCATAAGATT,0,376
TSS_1414_storz_regulondb,0.03125,31,31,GGGACCAATCCACCCCGGGG,0,4527
TSS_1414_storz_regulondb,0.03125,31,31,GCTGGTAGAACCAGTTCCCA,0,74093
TSS_1414_storz_regulondb,0.03125,31,31,GAGTAGTCAAATGCGAGCGG,0,55031
TSS_1414_storz_regulondb,0.03125,31,31,GAGGGAGATTATCCGGACTG,0,73051
TSS_1414_storz_regulondb,0.03125,31,31,GACCGAGTCCGTCGTTAGCT,0,48742
TSS_1414_storz_regulondb,0.03125,31,31,CGGGGAAAGCCGAGATCTTT,0,79582
TSS_1414_storz_regulondb,0.03125,31,31,CCCGGGACATAGTACATGCA,0,71814
TSS_1414_storz_regulondb,0.03125,31,31,CCCCTTAAGGTAAGTTCATA,0,67054
TSS_1414_storz_regulondb,0.03125,31,31,CATGTACTTATGTGATAGTC,0,30112
TSS_1414_storz_regulondb,0.03125,31,31,CATGACGTTAAGACGTCGTG,0,4829
TSS_1414_storz_regulondb,0.03125,31,31,CACTAAACTTCGACAACGCG,0,3860
TSS_1414_storz_regulondb,0.03125,31,31,CAACCTGTGGTGACAGCCGT,0,75436
TSS_1414_storz_regulondb,0.03125,31,31,ATACTTTGCCGTGTACGACT,0,66476
TSS_1414_storz_regulondb,0.03125,31,31,AGGGATTGCTACGCCGAATG,0,80375
TSS_1414_storz_regulondb,0.03125,31,31,AGCTACGGTCGCGTGAAGCG,0,5923
TSS_1414_storz_regulondb,0.03125,31,31,AGAGTAAATGGAGTCCCATT,0,72748
TSS_1414_storz_regulondb,0.03125,31,31,ACTGGTGAGATCCGGTAATG,0,63765
TSS_1414_storz_regulondb,0.03125,31,31,ACGGGAAGCGTTTTGGACCA,0,73373
TSS_1414_storz_regulondb,0.03125,31,31,AAGTTATCAGGTGTGGAGGG,0,45508
TSS_1414_storz_regulondb,0.03125,31,31,AACCCGGAGCCCGTGGAAAC,0,23498
TSS_1414_storz_regulondb,0.03125,31,31,AAATCCGGGTCCACATGGAT,0,2606
TSS_1414_storz_regulondb,0.03225806451612903,30,30,TGGTTTTTTTTCCCCGGAGC,0,34347
TSS_1414_storz_regulondb,0.03225806451612903,30,30,TGGCAACGCACTCGGAGAGA,0,68482
TSS_1414_storz_regulondb,0.03225806451612903,30,30,TGCAGGCCCCAACACGGACA,0,43436
TSS_1414_storz_regulondb,0.03225806451612903,30,30,TCTGTAGAGTGGCAAGTCGT,0,17877
TSS_1414_storz_regulondb,0.03225806451612903,30,30,TCGGTCCATTCCCGCAGAGG,0,4048
TSS_1414_storz_regulondb,0.03225806451612903,30,30,TCGGGCATAGTTACTCACAT,0,55600
TSS_1414_storz_regulondb,0.03225806451612903,30,30,TCAGGCCCAACAGCTAAGCA,0,79879
TSS_1414_storz_regulondb,0.03225806451612903,30,30,TATCTGAGGTGAAAAACAGG,0,31918
TSS_1414_storz_regulondb,0.03225806451612903,30,30,TAGGGACAGGCGACGTTTGA,0,43300
TSS_1414_storz_regulondb,0.03225806451612903,30,30,GGTGCGAGAATTAAGAGGAA,0,13053
TSS_1414_storz_regulondb,0.03225806451612903,30,30,GGGTTGCCAGTGCAGCGTTT,0,5206
TSS_1414_storz_regulondb,0.03225806451612903,30,30,GCTGAGCTTTCAGGTTGGGA,0,43510
TSS_1414_storz_regulondb,0.03225806451612903,30,30,GCTATAGTAGTCCGAGATCG,0,60695
TSS_1414_storz_regulondb,0.03225806451612903,30,30,GCGCGGCCTTGATCAATCAA,0,15209
TSS_1414_storz_regulondb,0.03225806451612903,30,30,GCCATCGCAACCATGTAGCG,0,3016
TSS_1414_storz_regulondb,0.03225806451612903,30,30,GAGAGGGAGTACCTCCTGCA,0,39044
TSS_1414_storz_regulondb,0.03225806451612903,30,30,GACGCGTATTGCACGAGTGC,0,33510
TSS_1414_storz_regulondb,0.03225806451612903,30,30,CCTGAGCGAATTACTACTCA,0,19360
TSS_1414_storz_regulondb,0.03225806451612903,30,30,ATCGATAACACGGCGCTGCG,0,18538
TSS_1414_storz_regulondb,0.03225806451612903,30,30,ATCCCGCGACCCATTGGCGT,0,4844
TSS_1414_storz_regulondb,0.03225806451612903,30,30,ATACGGTCATGCTGGACCAT,0,41136
TSS_1414_storz_regulondb,0.03225806451612903,30,30,ATAATAAATCTTGCTCGCGA,0,28262
TSS_1414_storz_regulondb,0.03225806451612903,30,30,AGGTCGGCCAGCTTGGAGAT,0,50698
TSS_1414_storz_regulondb,0.03225806451612903,30,30,AGGGCTCTTACCTCAGTGAA,0,39386
TSS_1414_storz_regulondb,0.03225806451612903,30,30,AGCGAGTATGTTAGAATTGT,0,65988
TSS_1414_storz_regulondb,0.03225806451612903,30,30,AGCCCTAATCTGCGCGTTAA,0,9387
TSS_1414_storz_regulondb,0.03225806451612903,30,30,ACAGTGCACCGCACTCTGAA,0,62638
TSS_1414_storz_regulondb,0.03225806451612903,30,30,AAGTTCCGAAACTGAGCGAA,0,65242
TSS_1414_storz_regulondb,0.03225806451612903,30,30,AACGACAAAACATTGTATGA,0,63234
TSS_1414_storz_regulondb,0.03333333333333333,29,29,TTCGTCCGATAGATTCAGTT,0,45665
TSS_1414_storz_regulondb,0.03333333333333333,29,29,TTAGCCCTAGACGACCCGTA,0,66623
TSS_1414_storz_regulondb,0.03333333333333333,29,29,TGGCATTACGAAATGGAAAA,0,68389
TSS_1414_storz_regulondb,0.03333333333333333,29,29,TGACCGCTTTACGATACTGG,0,24447
TSS_1414_storz_regulondb,0.03333333333333333,29,29,TCAATCAAAAGACGTACATG,0,77432
TSS_1414_storz_regulondb,0.03333333333333333,29,29,TAGGTAGCGGGGTCGCCTTA,0,36974
TSS_1414_storz_regulondb,0.03333333333333333,29,29,TAGCCGACTTCACTGGGATA,0,58794
TSS_1414_storz_regulondb,0.03333333333333333,29,29,GGTTTGCCATCTGAAAATAC,0,66210
TSS_1414_storz_regulondb,0.03333333333333333,29,29,GGTTAGTTGATGCTTGGAGT,0,47424
TSS_1414_storz_regulondb,0.03333333333333333,29,29,GGTATCCGCGGGTGCTGCTG,0,7826
TSS_1414_storz_regulondb,0.03333333333333333,29,29,GGGTCATCTTCTTGTCACTA,0,794
TSS_1414_storz_regulondb,0.03333333333333333,29,29,GGCGTGGACAAAATGATAGA,0,9717
TSS_1414_storz_regulondb,0.03333333333333333,29,29,GGCGCTTCGGGCGGCTCTTG,0,29357
TSS_1414_storz_regulondb,0.03333333333333333,29,29,GAGCCCTAGTTCTCTCATTA,0,69118
TSS_1414_storz_regulondb,0.03333333333333333,29,29,CTTGCCTAACTGTATTGCAG,0,49017
TSS_1414_storz_regulondb,0.03333333333333333,29,29,CGACGTTTGCGATGTTTAAA,0,4972
TSS_1414_storz_regulondb,0.03333333333333333,29,29,CCGCGCGTCCATTTACAAGA,0,72608
TSS_1414_storz_regulondb,0.03333333333333333,29,29,CCGACATACCTCATCGCGAC,0,3150
TSS_1414_storz_regulondb,0.03333333333333333,29,29,CCCGGCGTCCTTGCGTTTTG,0,1166
TSS_1414_storz_regulondb,0.03333333333333333,29,29,CATGATGCGGCATCGGTTTC,0,73994
TSS_1414_storz_regulondb,0.03333333333333333,29,29,CACAAATCTGTTGACTACTG,0,67045
TSS_1414_storz_regulondb,0.03333333333333333,29,29,ATCAAGTTAGCCTGCAATCA,0,80818
TSS_1414_storz_regulondb,0.03333333333333333,29,29,ACGCCTGCTACACCAGCACC,0,8584
TSS_1414_storz_regulondb,0.03333333333333333,29,29,AAGTTTAGGATACTCATGAT,0,51448
TSS_1414_storz_regulondb,0.03333333333333333,29,29,AACGCTGAGCGAAAAGGCAG,0,53873
TSS_1414_storz_regulondb,0.03333333333333333,29,29,AAAATGTAATTAAAAAAGGG,0,46966
TSS_1414_storz_regulondb,0.034482758620689655,28,28,TTTCTGACCAAGTGCTCCGC,0,18312
TSS_1414_storz_regulondb,0.034482758620689655,28,28,TTACCGTGGAGCAAAGGTTT,0,51871
TSS_1414_storz_regulondb,0.034482758620689655,28,28,TTAACCGAGTGATCTAAAGG,0,39725
TSS_1414_storz_regulondb,0.034482758620689655,28,28,TGTCTTACTAATTCGAATGC,0,11484
TSS_1414_storz_regulondb,0.034482758620689655,28,28,TGGCCTTATATAGACGCTGA,0,7238
TSS_1414_storz_regulondb,0.034482758620689655,28,28,TGCCCAGGCGCGCTACGCCC,0,58029
TSS_1414_storz_regulondb,0.034482758620689655,28,28,TGACGTGGCCAACGAAGTTA,0,11451
TSS_1414_storz_regulondb,0.034482758620689655,28,28,TCTTGCTGTGAATCTGCCAA,0,54916
TSS_1414_storz_regulondb,0.034482758620689655,28,28,TCGGGGGAATGAGCCGCTGT,0,40925
TSS_1414_storz_regulondb,0.034482758620689655,28,28,TAGGGGTTCAAGCAACATGG,0,46914
TSS_1414_storz_regulondb,0.034482758620689655,28,28,TACTTTCGCTCGACTGTTTT,0,26802
TSS_1414_storz_regulondb,0.034482758620689655,28,28,TACATCCGTGCAAGGAGTAA,0,13249
TSS_1414_storz_regulondb,0.034482758620689655,28,28,TAAGGTTTCAATTAACTTGT,0,56011
TSS_1414_storz_regulondb,0.034482758620689655,28,28,TAAGCGATTAATCGGTGTCG,0,9274
TSS_1414_storz_regulondb,0.034482758620689655,28,28,TAACGGGGTGGTCGGTGGCC,0,69758
TSS_1414_storz_regulondb,0.034482758620689655,28,28,GTAATCGCCAAGTTCAAGTG,0,31354
TSS_1414_storz_regulondb,0.034482758620689655,28,28,GTAAACTACTCTACGCAAGT,0,13596
TSS_1414_storz_regulondb,0.034482758620689655,28,28,GGGGTGGTACATTGAATTAG,0,74723
TSS_1414_storz_regulondb,0.034482758620689655,28,28,GGGCCATACGCTTCGCGGCA,0,36294
TSS_1414_storz_regulondb,0.034482758620689655,28,28,GGCGGAGTGGGTCCACAGTT,0,61677
TSS_1414_storz_regulondb,0.034482758620689655,28,28,GCTCCCGACTTAGCGAGATC,0,47676
TSS_1414_storz_regulondb,0.034482758620689655,28,28,GCGGTGTCTGGCAGCGCTGT,0,3500
TSS_1414_storz_regulondb,0.034482758620689655,28,28,GAGTCAGGTAAGTCGTACTT,0,34797
TSS_1414_storz_regulondb,0.034482758620689655,28,28,GAGCCGGGACGGGACCGTGC,0,9180
TSS_1414_storz_regulondb,0.034482758620689655,28,28,GACGTATTATTTTCAGCACC,0,14699
TSS_1414_storz_regulondb,0.034482758620689655,28,28,CTGGCATCGAGAAAGTGTTG,0,16791
TSS_1414_storz_regulondb,0.034482758620689655,28,28,CTCGTCGGTGAGTGTCACAG,0,60923
TSS_1414_storz_regulondb,0.034482758620689655,28,28,CTCGGGGTATCGGGCATCGG,0,53129
TSS_1414_storz_regulondb,0.034482758620689655,28,28,CTAGTATTGCCGAACTTCAA,0,34874
TSS_1414_storz_regulondb,0.034482758620689655,28,28,CGTCTCAAAGCGAGGGTCAT,0,51653
TSS_1414_storz_regulondb,0.034482758620689655,28,28,CGGTACCCTCAAGGTGGATT,0,28738
TSS_1414_storz_regulondb,0.034482758620689655,28,28,CGATTTACCGATGACACAAG,0,43540
TSS_1414_storz_regulondb,0.034482758620689655,28,28,CCATACCAAGCGGACGCCTT,0,48208
TSS_1414_storz_regulondb,0.034482758620689655,28,28,CCAATGTGGAACTCAAATGA,0,37665
TSS_1414_storz_regulondb,0.034482758620689655,28,28,CATTGACGTGTAGATCGGAT,0,8529
TSS_1414_storz_regulondb,0.034482758620689655,28,28,CAGTTCCTGGAGCGCTCGCC,0,79297
TSS_1414_storz_regulondb,0.034482758620689655,28,28,CAGAACACTGACTATGTTGT,0,4964
TSS_1414_storz_regulondb,0.034482758620689655,28,28,ATGAAAGGACATGAGGGCAA,0,10250
TSS_1414_storz_regulondb,0.034482758620689655,28,28,ATATGATCCGTACGTTGCAG,0,66308
TSS_1414_storz_regulondb,0.034482758620689655,28,28,AGGGCTGTCAGTAGTCAGGT,0,37132
TSS_1414_storz_regulondb,0.034482758620689655,28,28,AGGGCAGTCGGATCACATGT,0,6259
TSS_1414_storz_regulondb,0.034482758620689655,28,28,AGGGACTAACCCTATCATTA,0,29303
TSS_1414_storz_regulondb,0.034482758620689655,28,28,AGGAGTTAGTTTTTCGCCAT,0,53302
TSS_1414_storz_regulondb,0.034482758620689655,28,28,ACTGAATATTCTAAAAAGTT,0,25369
TSS_1414_storz_regulondb,0.034482758620689655,28,28,ACGCGTCGGGATTGTACTCT,0,35084
TSS_1414_storz_regulondb,0.034482758620689655,28,28,ACGAGAATTCGTGCGCATCT,0,58072
TSS_1414_storz_regulondb,0.034482758620689655,28,28,ACATTCTTAATATTTGTTTG,0,65199
TSS_1414_storz_regulondb,0.034482758620689655,28,28,AAACCCGATGGCCTGTTAAT,0,26666
TSS_1414_storz_regulondb,0.034482758620689655,28,28,AAAACCCGCGACTTTACACA,0,30019
TSS_1414_storz_regulondb,0.03571428571428571,27,27,TTGCTGTGTAATGCTTCGTA,0,18125
TSS_1414_storz_regulondb,0.03571428571428571,27,27,TTACACGCTTATTAAGATTA,0,45652
TSS_1414_storz_regulondb,0.03571428571428571,27,27,TGTGCGATGTGGGTTGCTAC,0,45735
TSS_1414_storz_regulondb,0.03571428571428571,27,27,TGGGATGAGTTATGCTTTTG,0,17951
TSS_1414_storz_regulondb,0.03571428571428571,27,27,TGGATGTGACTCTGGGGATC,0,59543
TSS_1414_storz_regulondb,0.03571428571428571,27,27,TGCTGCCGCGATGAGGCAGG,0,70713
TSS_1414_storz_regulondb,0.03571428571428571,27,27,TGCCGAACCTCTTGCGTATA,0,58890
TSS_1414_storz_regulondb,0.03571428571428571,27,27,TCTTTCGGGCAGCAGAACCA,0,33207
TSS_1414_storz_regulondb,0.03571428571428571,27,27,TCGGACATTCTTACATGTTG,0,51487
TSS_1414_storz_regulondb,0.03571428571428571,27,27,TCGATAGGGCCGCACAAGTA,0,20320
TSS_1414_storz_regulondb,0.03571428571428571,27,27,TCGAAAACTAGCTTATAAGT,0,10539
TSS_1414_storz_regulondb,0.03571428571428571,27,27,TATTCAACGTTACTCGCGAT,0,35829
TSS_1414_storz_regulondb,0.03571428571428571,27,27,TACGGTTATGAGAACCTTTT,0,38222
TSS_1414_storz_regulondb,0.03571428571428571,27,27,TAAGCGGGAGGCCATCTTCC,0,19096
TSS_1414_storz_regulondb,0.03571428571428571,27,27,GTTAAACATGGCCATCCTGC,0,33260
TSS_1414_storz_regulondb,0.03571428571428571,27,27,GTGTGGGAGTGCGCGGTTTA,0,49689
TSS_1414_storz_regulondb,0.03571428571428571,27,27,GTGCGGATATCGACGACCTA,0,55310
TSS_1414_storz_regulondb,0.03571428571428571,27,27,GTGAATGGGCTCTCTGTATA,0,6127
TSS_1414_storz_regulondb,0.03571428571428571,27,27,GTAGGACTCAGAGGTGAAAA,0,28038
TSS_1414_storz_regulondb,0.03571428571428571,27,27,GGTTCCGGATGCAGGATGCT,0,54190
TSS_1414_storz_regulondb,0.03571428571428571,27,27,GGTGTTGGCCACAGTATGCG,0,62693
TSS_1414_storz_regulondb,0.03571428571428571,27,27,GGAGTATGTCGTTTCTATGC,0,46627
TSS_1414_storz_regulondb,0.03571428571428571,27,27,GCTTGGCACGGGACCGAATG,0,74396
TSS_1414_storz_regulondb,0.03571428571428571,27,27,GCAGGGCCATAGGTATCGTA,0,17202
TSS_1414_storz_regulondb,0.03571428571428571,27,27,GACGCGTGGGGGCGGACTTT,0,69329
TSS_1414_storz_regulondb,0.03571428571428571,27,27,GAACTAAGTCGGGAGGTGGT,0,40795
TSS_1414_storz_regulondb,0.03571428571428571,27,27,CTTTTCACCGTAATGTAACG,0,5587
TSS_1414_storz_regulondb,0.03571428571428571,27,27,CTTCTAGCCTAAGTACGGTG,0,19356
TSS_1414_storz_regulondb,0.03571428571428571,27,27,CTGATACGGTGACCATTACA,0,6165
TSS_1414_storz_regulondb,0.03571428571428571,27,27,CTCAGTAGGCAACCGCTTCT,0,36801
TSS_1414_storz_regulondb,0.03571428571428571,27,27,CTAAATCTATATAGCGATAC,0,73895
TSS_1414_storz_regulondb,0.03571428571428571,27,27,CGGTTTGCAAGGCGTAAAAC,0,75493
TSS_1414_storz_regulondb,0.03571428571428571,27,27,CGATCTCAGGTAAACCCAGC,0,38555
TSS_1414_storz_regulondb,0.03571428571428571,27,27,CCGTGCACGGTTGTGAGAAG,0,6560
TSS_1414_storz_regulondb,0.03571428571428571,27,27,CCGGGTGACTTTTTCTTGAC,0,34569
TSS_1414_storz_regulondb,0.03571428571428571,27,27,CCGACCACAATCAGGTGAGT,0,320
TSS_1414_storz_regulondb,0.03571428571428571,27,27,CCAGGTTATAGTTCTTGGGG,0,47982
TSS_1414_storz_regulondb,0.03571428571428571,27,27,CATTTAGCAGAAGTGTACAA,0,19236
TSS_1414_storz_regulondb,0.03571428571428571,27,27,CACGTCAAGATTTTGAAAAT,0,9799
TSS_1414_storz_regulondb,0.03571428571428571,27,27,CAAGGCATCGCTGGCCAGGG,0,48782
TSS_1414_storz_regulondb,0.03571428571428571,27,27,ATTTGAGCTTTGAGCTAGGT,0,7385
TSS_1414_storz_regulondb,0.03571428571428571,27,27,ATGGGTAGGCAGTCACGGTA,0,38701
TSS_1414_storz_regulondb,0.03571428571428571,27,27,ATGAACGGTAAGCGGCGAAC,0,68325
TSS_1414_storz_regulondb,0.03571428571428571,27,27,ATGAAAGGCACACGACTCGG,0,3749
TSS_1414_storz_regulondb,0.03571428571428571,27,27,ATCCTTCGGCACGCGAGTAA,0,22978
TSS_1414_storz_regulondb,0.03571428571428571,27,27,ATATCGTGGCTCTAGCCTGA,0,37336
TSS_1414_storz_regulondb,0.03571428571428571,27,27,ATAGAGCTGACGATGCAATA,0,3022
TSS_1414_storz_regulondb,0.03571428571428571,27,27,ATACGGATGTGAGGAAACGC,0,17530
TSS_1414_storz_regulondb,0.03571428571428571,27,27,AGTTTATGACCGTGGGTATT,0,6431
TSS_1414_storz_regulondb,0.03571428571428571,27,27,AGTCAAGTTCCGATCGCCTC,0,53339
TSS_1414_storz_regulondb,0.03571428571428571,27,27,AGGCATAGGTTTAGGTCAGA,0,44868
TSS_1414_storz_regulondb,0.03571428571428571,27,27,AGGAATCGTGGGTCAGGTAT,0,26408
TSS_1414_storz_regulondb,0.03571428571428571,27,27,ACGCGGAAATAGTTTGGTTT,0,56
TSS_1414_storz_regulondb,0.03571428571428571,27,27,AATGGCCGAAGCTCGAAATA,0,12540
TSS_1414_storz_regulondb,0.03571428571428571,27,27,AACACGCTGTAAAGCGCGGT,0,48377
TSS_1414_storz_regulondb,0.03571428571428571,27,27,AAATCTGCAAATCAATGGAG,0,6801
TSS_1414_storz_regulondb,0.037037037037037035,26,26,TTTGAGAGTACGTACATCTC,0,34362
TSS_1414_storz_regulondb,0.037037037037037035,26,26,TTTAGGGACAGGGGCAGTTT,0,17472
TSS_1414_storz_regulondb,0.037037037037037035,26,26,TTGCGGGCCTACAGCTGGAC,0,75330
TSS_1414_storz_regulondb,0.037037037037037035,26,26,TTGAATGTGACTAACTGCAG,0,60298
TSS_1414_storz_regulondb,0.037037037037037035,26,26,TTCAGTTGATGCCTATGTTA,0,48123
TSS_1414_storz_regulondb,0.037037037037037035,26,26,TTATTTCCAATGGGTGATAA,0,12399
TSS_1414_storz_regulondb,0.037037037037037035,26,26,TTATGCAAACCTAATTGTGA,0,18120
TSS_1414_storz_regulondb,0.037037037037037035,26,26,TGTTTAATACGATCCTAAGT,0,4628
TSS_1414_storz_regulondb,0.037037037037037035,26,26,TGTCGTCTGGGGTAGTGAAA,0,51265
TSS_1414_storz_regulondb,0.037037037037037035,26,26,TGGGGAGATCAGCGCACATT,0,5480
TSS_1414_storz_regulondb,0.037037037037037035,26,26,TGGCCATAAGTTCAACACTG,0,16016
TSS_1414_storz_regulondb,0.037037037037037035,26,26,TGGCACTACTGGCCCGGATA,0,52017
TSS_1414_storz_regulondb,0.037037037037037035,26,26,TGCAGAACCCCCCGTCCGAG,0,63639
TSS_1414_storz_regulondb,0.037037037037037035,26,26,TCGTACTGCGGACTTTCCTA,0,73316
TSS_1414_storz_regulondb,0.037037037037037035,26,26,TCCGTGGCTTGTAGATCCAT,0,58279
TSS_1414_storz_regulondb,0.037037037037037035,26,26,TCATGCGGTTCCAGTGGTGC,0,53875
TSS_1414_storz_regulondb,0.037037037037037035,26,26,TCAAGGGCAAACTGGTACAT,0,46592
TSS_1414_storz_regulondb,0.037037037037037035,26,26,TATGATTCACGTGAAAGTGT,0,37642
TSS_1414_storz_regulondb,0.037037037037037035,26,26,TAGATGCGGCCTCATAAGGA,0,55451
TSS_1414_storz_regulondb,0.037037037037037035,26,26,TAATAGATAGCATACGCTAG,0,37263
TSS_1414_storz_regulondb,0.037037037037037035,26,26,TAAGTTGTGATGGTAGGGGT,0,34415
TSS_1414_storz_regulondb,0.037037037037037035,26,26,GTTGGATTACTCTAAATGCT,0,40490
TSS_1414_storz_regulondb,0.037037037037037035,26,26,GTTACCTATTGGTGTCGTAC,0,50693
TSS_1414_storz_regulondb,0.037037037037037035,26,26,GTGTGTATGCGGAGGTCAAA,0,26252
TSS_1414_storz_regulondb,0.037037037037037035,26,26,GTCCATGACGACATAATTCG,0,15154
TSS_1414_storz_regulondb,0.037037037037037035,26,26,GGGTCAGAAACCGGCGTATC,0,7378
TSS_1414_storz_regulondb,0.037037037037037035,26,26,GGGGTTATGGCATCCGTTAA,0,36297
TSS_1414_storz_regulondb,0.037037037037037035,26,26,GGGCAACAAAGCGACAAGGT,0,3637
TSS_1414_storz_regulondb,0.037037037037037035,26,26,GGCAAGCACTGCCCTCTATA,0,68200
TSS_1414_storz_regulondb,0.037037037037037035,26,26,GGAGCGCAAAACGCTCGGCT,0,1595
TSS_1414_storz_regulondb,0.037037037037037035,26,26,GCTAAATGATGCCGTAGCCG,0,27813
TSS_1414_storz_regulondb,0.037037037037037035,26,26,GCATGAGACGACTTATAAGT,0,20494
TSS_1414_storz_regulondb,0.037037037037037035,26,26,GCAGAACAAGGATGTATGGA,0,46917
TSS_1414_storz_regulondb,0.037037037037037035,26,26,GCACAATTATTGTGAGATTG,0,33658
TSS_1414_storz_regulondb,0.037037037037037035,26,26,GAGTCTTGTTCTCCATCCCA,0,68090
TSS_1414_storz_regulondb,0.037037037037037035,26,26,GAACTCCTTGGGTGATGTTG,0,2040
TSS_1414_storz_regulondb,0.037037037037037035,26,26,CTTTGGGCGGTCACCCTTTG,0,40736
TSS_1414_storz_regulondb,0.037037037037037035,26,26,CTTTCTCACGGGCCGCTTTT,0,40156
TSS_1414_storz_regulondb,0.037037037037037035,26,26,CTGACAATTACTGCCCATCG,0,3454
TSS_1414_storz_regulondb,0.037037037037037035,26,26,CTCGGCACCGACGTGTGTAT,0,48301
TSS_1414_storz_regulondb,0.037037037037037035,26,26,CTAGCGGCATACTTCGGTTT,0,45303
TSS_1414_storz_regulondb,0.037037037037037035,26,26,CGGCCAGTTAGGGACAACGA,0,16582
TSS_1414_storz_regulondb,0.037037037037037035,26,26,CGACTCAATCACACTTGTTT,0,45961
TSS_1414_storz_regulondb,0.037037037037037035,26,26,CCTTCTGGGAGCTTATCAGG,0,34215
TSS_1414_storz_regulondb,0.037037037037037035,26,26,CCTCGGTTTATCGGTCGGAT,0,127
TSS_1414_storz_regulondb,0.037037037037037035,26,26,CCGACTTTGTACCAGCAAGG,0,27041
TSS_1414_storz_regulondb,0.037037037037037035,26,26,CCATTTGTAATTCTGTCGGA,0,49294
TSS_1414_storz_regulondb,0.037037037037037035,26,26,CCACCCGGGTCCCGTTGCGT,0,53216
TSS_1414_storz_regulondb,0.037037037037037035,26,26,CATGATTGGGTCTTGCATAA,0,8196
TSS_1414_storz_regulondb,0.037037037037037035,26,26,CATCCCAGTTGTCAGGGGGA,0,61048
TSS_1414_storz_regulondb,0.037037037037037035,26,26,CATAGGGCGTACCTGGACAA,0,14132
TSS_1414_storz_regulondb,0.037037037037037035,26,26,CACACTGTCGTTTTGCTTCC,0,73462
TSS_1414_storz_regulondb,0.037037037037037035,26,26,ATTCGGCATCTAGGGCACTA,0,30263
TSS_1414_storz_regulondb,0.037037037037037035,26,26,ATTACCACGAACTTGCAATT,0,61587
TSS_1414_storz_regulondb,0.037037037037037035,26,26,ATGTGATTGGGCTAAAGATG,0,41676
TSS_1414_storz_regulondb,0.037037037037037035,26,26,ATGCGCTATGGCAAATGCTT,0,66059
TSS_1414_storz_regulondb,0.037037037037037035,26,26,AGTGCTCTCCAAGGCGTTAT,0,44302
TSS_1414_storz_regulondb,0.037037037037037035,26,26,AGTAGACAACTCCTCGGTAT,0,80806
TSS_1414_storz_regulondb,0.037037037037037035,26,26,AGGGCTGGTTCCGAGTATTA,0,54917
TSS_1414_storz_regulondb,0.037037037037037035,26,26,AGGCCCCGTATTTGCTTAGA,0,39606
TSS_1414_storz_regulondb,0.037037037037037035,26,26,AGCTTTGTGGCGAAAAGGAC,0,45980
TSS_1414_storz_regulondb,0.037037037037037035,26,26,AGCAAAACTTCAGGACCTGT,0,17879
TSS_1414_storz_regulondb,0.037037037037037035,26,26,ACGACTGTTTCTATGGAGCA,0,20016
TSS_1414_storz_regulondb,0.037037037037037035,26,26,AATGAGCGGCTGGGTTTCTA,0,72102
TSS_1414_storz_regulondb,0.037037037037037035,26,26,AATGAGCGCACAACAGACCT,0,41916
TSS_1414_storz_regulondb,0.037037037037037035,26,26,AAGCGGTGAGGCCAAGAAAG,0,39441
TSS_1414_storz_regulondb,0.037037037037037035,26,26,AAATGTATCGCTCTTGTCTA,0,29528
TSS_1414_storz_regulondb,0.037037037037037035,26,26,AAAATAACGTTTAACCCATT,0,52067
TSS_1414_storz_regulondb,0.038461538461538464,25,25,TTTCTCTCGTCCTCTATGGT,0,55857
TSS_1414_storz_regulondb,0.038461538461538464,25,25,TTTATGCCCGGGCACTTCAT,0,51968
TSS_1414_storz_regulondb,0.038461538461538464,25,25,TTACTTACCTACTACGGACT,0,34621
TSS_1414_storz_regulondb,0.038461538461538464,25,25,TGTACTGGCATAGGCCAAAT,0,18644
TSS_1414_storz_regulondb,0.038461538461538464,25,25,TGAGCCACTGAAGGGTATCC,0,36725
TSS_1414_storz_regulondb,0.038461538461538464,25,25,TCTGAAGCCATCGCGTCGCG,0,1126
TSS_1414_storz_regulondb,0.038461538461538464,25,25,TCTACAGTATAGGAGCCTCA,0,79300
TSS_1414_storz_regulondb,0.038461538461538464,25,25,TCGTCCCGGGCCAATATGTA,0,10880
TSS_1414_storz_regulondb,0.038461538461538464,25,25,TCCATTAGGGGCACCTTATG,0,75612
TSS_1414_storz_regulondb,0.038461538461538464,25,25,TAGCGGCTTACCATCCGCCA,0,77730
TSS_1414_storz_regulondb,0.038461538461538464,25,25,TACTCCCAGGGGGTTCTACA,0,62396
TSS_1414_storz_regulondb,0.038461538461538464,25,25,TACGGAAAATCTAGGACCTA,0,79404
TSS_1414_storz_regulondb,0.038461538461538464,25,25,TACGCAGAGGGCCAAACGAA,0,35026
TSS_1414_storz_regulondb,0.038461538461538464,25,25,TAAGGGTGAGAGGTTTGCCA,0,8176
TSS_1414_storz_regulondb,0.038461538461538464,25,25,GTACGTACGTTCCCGCAGGA,0,55196
TSS_1414_storz_regulondb,0.038461538461538464,25,25,GTACAAGGTCTTCTAGTAGG,0,5637
TSS_1414_storz_regulondb,0.038461538461538464,25,25,GGTGTGACCGATCTACTGAG,0,40927
TSS_1414_storz_regulondb,0.038461538461538464,25,25,GGTGCTCCCGCCTCTGCACA,0,48296
TSS_1414_storz_regulondb,0.038461538461538464,25,25,GGTGAGTGTATGAATGGAGT,0,57566
TSS_1414_storz_regulondb,0.038461538461538464,25,25,GGCATTGTCTAACCGAGGAC,0,64541
TSS_1414_storz_regulondb,0.038461538461538464,25,25,GGCAACCTTCGCTACATAGA,0,37809
TSS_1414_storz_regulondb,0.038461538461538464,25,25,GGAACATGGAGCGGGCGTTA,0,47104
TSS_1414_storz_regulondb,0.038461538461538464,25,25,GCGAAATGCAGAGGATCGCT,0,17029
TSS_1414_storz_regulondb,0.038461538461538464,25,25,GCCATTTAGCCCGCCCAGGT,0,41040
TSS_1414_storz_regulondb,0.038461538461538464,25,25,GCACCATGGGGAAATGTGGC,0,64617
TSS_1414_storz_regulondb,0.038461538461538464,25,25,GATTTGGACGCCTTAACCCA,0,69939
TSS_1414_storz_regulondb,0.038461538461538464,25,25,GATTTCTCGCATTTCTGCAA,0,24933
TSS_1414_storz_regulondb,0.038461538461538464,25,25,GATATTCGATGGTACTATTT,0,3557
TSS_1414_storz_regulondb,0.038461538461538464,25,25,GAGCGGACAGTGGGACAGTG,0,33981
TSS_1414_storz_regulondb,0.038461538461538464,25,25,GAGAACCATTTTATTGAGTT,0,51439
TSS_1414_storz_regulondb,0.038461538461538464,25,25,GACTGCAACCGGGTAATTTC,0,23123
TSS_1414_storz_regulondb,0.038461538461538464,25,25,CTTTTAGGGGGAGGCGCACT,0,3014
TSS_1414_storz_regulondb,0.038461538461538464,25,25,CTTCGGGTTATATGGGGCCA,0,19597
TSS_1414_storz_regulondb,0.038461538461538464,25,25,CTCCGGGCGGCGAGATGTAG,0,15610
TSS_1414_storz_regulondb,0.038461538461538464,25,25,CTACGTCATTGGGCGCAGTG,0,55858
TSS_1414_storz_regulondb,0.038461538461538464,25,25,CTAAGGGGCCACGTCTTGGA,0,21006
TSS_1414_storz_regulondb,0.038461538461538464,25,25,CGTTAATTCGCTGCTGCTAT,0,80800
TSS_1414_storz_regulondb,0.038461538461538464,25,25,CGTGTGCGTGAAATCAGCCT,0,59320
TSS_1414_storz_regulondb,0.038461538461538464,25,25,CGGGTTAAAGGATCAACGCT,0,60637
TSS_1414_storz_regulondb,0.038461538461538464,25,25,CGCGGTGCAGGAAACCTCGG,0,12738
TSS_1414_storz_regulondb,0.038461538461538464,25,25,CGACCCCCGACACAAAGACT,0,64476
TSS_1414_storz_regulondb,0.038461538461538464,25,25,CCTAACGTAGTTCTAAGCAG,0,47335
TSS_1414_storz_regulondb,0.038461538461538464,25,25,CCGTCGATGGCCTCGAGCGC,0,72790
TSS_1414_storz_regulondb,0.038461538461538464,25,25,CCAAACTGCTTCATCGGGTA,0,33507
TSS_1414_storz_regulondb,0.038461538461538464,25,25,CATGCGAGGAGCGTTCCCTA,0,13262
TSS_1414_storz_regulondb,0.038461538461538464,25,25,CAGATAGCTGAGGGGTTACT,0,40701
TSS_1414_storz_regulondb,0.038461538461538464,25,25,CAGAGAATAGCCTAAAGTGT,0,72843
TSS_1414_storz_regulondb,0.038461538461538464,25,25,CAAAAGAGTTACAGGAGTTA,0,53029
TSS_1414_storz_regulondb,0.038461538461538464,25,25,ATCTTGACCACGCAGTGGAA,0,75196
TSS_1414_storz_regulondb,0.038461538461538464,25,25,AGTAGCCTACCAATAAATGA,0,28591
TSS_1414_storz_regulondb,0.038461538461538464,25,25,AGAGGGTGAGATTTGGTGCT,0,79989
TSS_1414_storz_regulondb,0.038461538461538464,25,25,AGAGCTTAGCGCCTCACACA,0,10188
TSS_1414_storz_regulondb,0.038461538461538464,25,25,ACTAATGAGAAAAAACGTTG,0,27057
TSS_1414_storz_regulondb,0.038461538461538464,25,25,ACGGTTGCTCTGATGCGCCA,0,25159
TSS_1414_storz_regulondb,0.038461538461538464,25,25,ACGGAAACTAAATGGCCAAG,0,11065
TSS_1414_storz_regulondb,0.038461538461538464,25,25,ACCTTACACGATAGCGCAGA,0,18302
TSS_1414_storz_regulondb,0.038461538461538464,25,25,ACCTGCTGTTGGCTCTGAAG,0,53214
TSS_1414_storz_regulondb,0.038461538461538464,25,25,ACATTTGAATATGATTCGAT,0,71828
TSS_1414_storz_regulondb,0.038461538461538464,25,25,AATTTTATCATTGACCGGAG,0,2439
TSS_1414_storz_regulondb,0.038461538461538464,25,25,AAGGTTGGGACATTCCGAAG,0,65483
TSS_1414_storz_regulondb,0.038461538461538464,25,25,AAGGCCATCCTCTTGTGTAC,0,18075
TSS_1414_storz_regulondb,0.038461538461538464,25,25,AAGCCCGGAGTTTTCATTGC,0,45502
TSS_1414_storz_regulondb,0.038461538461538464,25,25,AACCAAGTAGTATATTGTAC,0,56114
TSS_1414_storz_regulondb,0.04,24,24,TTCTTCACCTGACATACGGA,0,21475
TSS_1414_storz_regulondb,0.04,24,24,TCGTAGATCGTCTTGCAAAT,0,17333
TSS_1414_storz_regulondb,0.04,24,24,TCGGCATGAGAAGGATAGGG,0,7994
TSS_1414_storz_regulondb,0.04,24,24,TCGAAGTTTCGAATCAATGT,0,1717
TSS_1414_storz_regulondb,0.04,24,24,TCCGATCGGGTTTCAGGTAG,0,47293
TSS_1414_storz_regulondb,0.04,24,24,TATCACTTAAGCTGCGCGCT,0,528
TSS_1414_storz_regulondb,0.04,24,24,TACTGCGCTAATCGTTACTC,0,46976
TSS_1414_storz_regulondb,0.04,24,24,TAAAATGGGGAGAGCCCCCT,0,43084
TSS_1414_storz_regulondb,0.04,24,24,GTTTATATTATTGTGACGTT,0,76197
TSS_1414_storz_regulondb,0.04,24,24,GTGCCGGCAGTAGCTATTGA,0,52800
TSS_1414_storz_regulondb,0.04,24,24,GTGAGGTACTGGGCTCATAC,0,21846
TSS_1414_storz_regulondb,0.04,24,24,GTCTAATAATCAGGTTCCAA,0,7624
TSS_1414_storz_regulondb,0.04,24,24,GTAGGTAACGCAAAATCTTT,0,4979
TSS_1414_storz_regulondb,0.04,24,24,GTACACGCTTCACCGGCCTA,0,79954
TSS_1414_storz_regulondb,0.04,24,24,GTAAATGTTAACGTGAATCT,0,59206
TSS_1414_storz_regulondb,0.04,24,24,GGGCTGGTAGGATAATCGAG,0,23365
TSS_1414_storz_regulondb,0.04,24,24,GGCGCTGACGGTTTCGGCCA,0,27209
TSS_1414_storz_regulondb,0.04,24,24,GCTATTTATACTTTCTTGTC,0,9279
TSS_1414_storz_regulondb,0.04,24,24,GCACGAAGTAAGGAGGATCA,0,2432
TSS_1414_storz_regulondb,0.04,24,24,GATGTAGCGAGTACTCTCTA,0,72330
TSS_1414_storz_regulondb,0.04,24,24,GACTAGCACTGTTGTTAGGT,0,61685
TSS_1414_storz_regulondb,0.04,24,24,CTCACATGGTATGAGCCGAC,0,73053
TSS_1414_storz_regulondb,0.04,24,24,CGTAGGGAAATACCAGGGGA,0,27933
TSS_1414_storz_regulondb,0.04,24,24,CGGAACAACAACAATGCGTA,0,74092
TSS_1414_storz_regulondb,0.04,24,24,CGAATATTTGAAAAGCATTT,0,19057
TSS_1414_storz_regulondb,0.04,24,24,CGAAGTCGGCTCGAGTCAGG,0,44360
TSS_1414_storz_regulondb,0.04,24,24,CCGGGCGGGATAGCAGGGTA,0,59633
TSS_1414_storz_regulondb,0.04,24,24,CCCCATTGAGTATGTCTTTT,0,58680
TSS_1414_storz_regulondb,0.04,24,24,CCAGATCCGGCGCGTGCAGA,0,30601
TSS_1414_storz_regulondb,0.04,24,24,CCAATCGGTCCATGGACTAG,0,38740
TSS_1414_storz_regulondb,0.04,24,24,CAGTTAAGGAGTCGCCAAAG,0,47082
TSS_1414_storz_regulondb,0.04,24,24,CAGGCTTAATGCCGCACGGA,0,45517
TSS_1414_storz_regulondb,0.04,24,24,CACCTCCGCAATGGATTTTG,0,53039
TSS_1414_storz_regulondb,0.04,24,24,CAAGCGGCGCCTTTATGTTA,0,28079
TSS_1414_storz_regulondb,0.04,24,24,CAACGCATCTTATTATTTAG,0,66726
TSS_1414_storz_regulondb,0.04,24,24,ATTTCCTAGTCACAAGGGTC,0,79400
TSS_1414_storz_regulondb,0.04,24,24,ATTGTGTAAATTCCTGCGCT,0,11221
TSS_1414_storz_regulondb,0.04,24,24,ATGTAGCAAACAGTGAGCAA,0,76299
TSS_1414_storz_regulondb,0.04,24,24,ATGGGACCACAGGTACATGT,0,65272
TSS_1414_storz_regulondb,0.04,24,24,ATGGAGTCCTGAGTCATAGC,0,25147
TSS_1414_storz_regulondb,0.04,24,24,ATGCATCACCAAAAGATCCC,0,76020
TSS_1414_storz_regulondb,0.04,24,24,ATCTGCACTTTCTGAGGCTT,0,71261
TSS_1414_storz_regulondb,0.04,24,24,AGCACCCTTGGACTGGTTTA,0,25908
TSS_1414_storz_regulondb,0.04,24,24,AGCAAATAACAACCTCTGTG,0,50146
TSS_1414_storz_regulondb,0.04,24,24,AGAGCTTGGGCTTGCAAGAT,0,9776
TSS_1414_storz_regulondb,0.04,24,24,AGACTCCGTTTAACACGTAG,0,37198
TSS_1414_storz_regulondb,0.04,24,24,AGAATACAGCCAGGTCCCGT,0,14204
TSS_1414_storz_regulondb,0.04,24,24,ACTCTTGAAGAGCGCTCTGA,0,52077
TSS_1414_storz_regulondb,0.04,24,24,ACGTTCTGGAAACCCGGTAA,0,51676
TSS_1414_storz_regulondb,0.04,24,24,ACGGGGCCTGGCCGAATGCA,0,6275
TSS_1414_storz_regulondb,0.04,24,24,ACGATCTCCGGGCGGGGCGT,0,67702
TSS_1414_storz_regulondb,0.04,24,24,ACCGACCCTAACACAAGCTA,0,74576
TSS_1414_storz_regulondb,0.04,24,24,ACAGGCATTGATAAACGGCG,0,24803
TSS_1414_storz_regulondb,0.04,24,24,AATGGGGCGCGTTCGGGTCA,0,35386
TSS_1414_storz_regulondb,0.041666666666666664,23,23,TTGTCATTTTAATGCGCTGA,0,64051
TSS_1414_storz_regulondb,0.041666666666666664,23,23,TTGGTTCCGGCGCCGACCGA,0,9751
TSS_1414_storz_regulondb,0.041666666666666664,23,23,TTGCCGTACCCATACAAATA,0,49828
TSS_1414_storz_regulondb,0.041666666666666664,23,23,TTATTACGCCACACAAGTTT,0,29409
TSS_1414_storz_regulondb,0.041666666666666664,23,23,TTAACCACCGTTGACTTCAA,0,70263
TSS_1414_storz_regulondb,0.041666666666666664,23,23,TGTGGATGAGCCCCAGAGAG,0,61249
TSS_1414_storz_regulondb,0.041666666666666664,23,23,TGTACCGAGCGTCTAGACCA,0,6562
TSS_1414_storz_regulondb,0.041666666666666664,23,23,TGGTCGGGTCGCGGGAACGC,0,48842
TSS_1414_storz_regulondb,0.041666666666666664,23,23,TGGGGAGTCGGGAGGCTGGG,0,16738
TSS_1414_storz_regulondb,0.041666666666666664,23,23,TGGGGAATGGCGTCGGTCAA,0,52459
TSS_1414_storz_regulondb,0.041666666666666664,23,23,TGGCTTACGGCTATGGCATT,0,5199
TSS_1414_storz_regulondb,0.041666666666666664,23,23,TGCTAGCAAAAACGGAGGAT,0,53679
TSS_1414_storz_regulondb,0.041666666666666664,23,23,TGCACAGATCTCTACCCATT,0,33208
TSS_1414_storz_regulondb,0.041666666666666664,23,23,TGACCAGCGAAGTCCTCGAT,0,74392
TSS_1414_storz_regulondb,0.041666666666666664,23,23,TCTGGGAGGGACAAAGGGGA,0,41950
TSS_1414_storz_regulondb,0.041666666666666664,23,23,TCGGTAACGTGAGCTGGGAA,0,71346
TSS_1414_storz_regulondb,0.041666666666666664,23,23,TCGGGACCACCCCTGTTGTT,0,7521
TSS_1414_storz_regulondb,0.041666666666666664,23,23,TCCGTTGGTAGCTTTTTCGG,0,68770
TSS_1414_storz_regulondb,0.041666666666666664,23,23,TCCGCTAATACGATATCGCA,0,29130
TSS_1414_storz_regulondb,0.041666666666666664,23,23,TCCAGCCAGAACTGCTTTAT,0,5850
TSS_1414_storz_regulondb,0.041666666666666664,23,23,TAGGGCAACGCAGTACGACT,0,80666
TSS_1414_storz_regulondb,0.041666666666666664,23,23,TACCATAACCAGCGATCGGT,0,58083
TSS_1414_storz_regulondb,0.041666666666666664,23,23,TACAGTACCACTTCGTTCAT,0,8865
TSS_1414_storz_regulondb,0.041666666666666664,23,23,GTTAGGGACGAGTCGGTAAT,0,55259
TSS_1414_storz_regulondb,0.041666666666666664,23,23,GTGTAGAATCAATGCGAGAA,0,13762
TSS_1414_storz_regulondb,0.041666666666666664,23,23,GTGCAATCTCTTCACCTGCA,0,37390
TSS_1414_storz_regulondb,0.041666666666666664,23,23,GTCAACGGTGAGCAAGCCAA,0,67986
TSS_1414_storz_regulondb,0.041666666666666664,23,23,GTATCTGCGAAGCCATGGCA,0,49300
TSS_1414_storz_regulondb,0.041666666666666664,23,23,GTAGCAAGCTAACCAGTCTT,0,8427
TSS_1414_storz_regulondb,0.041666666666666664,23,23,GTACAGGTTTCAGTTCTTAG,0,50834
TSS_1414_storz_regulondb,0.041666666666666664,23,23,GGTTATGAGGGTTAGTAAGA,0,55829
TSS_1414_storz_regulondb,0.041666666666666664,23,23,GGTTAGGGTGGCAGTTGGCA,0,63698
TSS_1414_storz_regulondb,0.041666666666666664,23,23,GGTACCACACTGTGTCGGTT,0,58031
TSS_1414_storz_regulondb,0.041666666666666664,23,23,GGGTTGACAGAGCCATATGA,0,27894
TSS_1414_storz_regulondb,0.041666666666666664,23,23,GGGTGTGCAGCAGAGCGCGT,0,48846
TSS_1414_storz_regulondb,0.041666666666666664,23,23,GGGGAATTAACCGTATTTGA,0,39223
TSS_1414_storz_regulondb,0.041666666666666664,23,23,GGGCGACCGGAGGCTCGGTG,0,62615
TSS_1414_storz_regulondb,0.041666666666666664,23,23,GGGAAGCCAACACCGCTCTC,0,49135
TSS_1414_storz_regulondb,0.041666666666666664,23,23,GGATTCGCGCGGCCGACAAT,0,62482
TSS_1414_storz_regulondb,0.041666666666666664,23,23,GGATGTACGAGAGTAGCGAG,0,5315
TSS_1414_storz_regulondb,0.041666666666666664,23,23,GCGTGGTCTCGGTTGCCCAA,0,15494
TSS_1414_storz_regulondb,0.041666666666666664,23,23,GCATAAGGGGATCCATTGAC,0,3874
TSS_1414_storz_regulondb,0.041666666666666664,23,23,GCAAGATTATCGAAGAGTCC,0,67318
TSS_1414_storz_regulondb,0.041666666666666664,23,23,GATCTGTATCAATAACAAAC,0,30448
TSS_1414_storz_regulondb,0.041666666666666664,23,23,GATACTAATCAATAGTACAT,0,36142
TSS_1414_storz_regulondb,0.041666666666666664,23,23,GACATTTCGTGTCTACCCAG,0,13383
TSS_1414_storz_regulondb,0.041666666666666664,23,23,GAAGGTGGCGTTCGGTCAGG,0,10255
TSS_1414_storz_regulondb,0.041666666666666664,23,23,GAAACCGTGTGAACAAATAA,0,7484
TSS_1414_storz_regulondb,0.041666666666666664,23,23,CTTTGAACGGTTTCTCTCAC,0,16524
TSS_1414_storz_regulondb,0.041666666666666664,23,23,CTTCGCCGCTCTTACCACTG,0,7052
TSS_1414_storz_regulondb,0.041666666666666664,23,23,CTGGAGCTTTAAGTTTGAAA,0,4429
TSS_1414_storz_regulondb,0.041666666666666664,23,23,CTGAATTTAGTTGGACTATA,0,6035
TSS_1414_storz_regulondb,0.041666666666666664,23,23,CGTGATCAGCCGCCGCCCCC,0,56017
TSS_1414_storz_regulondb,0.041666666666666664,23,23,CGGGGGTACGTCACGCTGCG,0,60780
TSS_1414_storz_regulondb,0.041666666666666664,23,23,CGGGAACAGAACGTAATAGG,0,68242
TSS_1414_storz_regulondb,0.041666666666666664,23,23,CGCCCTGTCAGAGCTTATGT,0,35413
TSS_1414_storz_regulondb,0.041666666666666664,23,23,CGCCAGCACTATGACTGAGC,0,34483
TSS_1414_storz_regulondb,0.041666666666666664,23,23,CGATTGCGTAACGAGATCTC,0,1167
TSS_1414_storz_regulondb,0.041666666666666664,23,23,CGAGCAACTCGCATGACTGC,0,48430
TSS_1414_storz_regulondb,0.041666666666666664,23,23,CCTCATTAGTTAGCCTGTAG,0,70837
TSS_1414_storz_regulondb,0.041666666666666664,23,23,CCGTGTGAGCCGGCTCCAAA,0,30754
TSS_1414_storz_regulondb,0.041666666666666664,23,23,CCAGGCGAGTCATTCCCAGC,0,39199
TSS_1414_storz_regulondb,0.041666666666666664,23,23,CATCCAATGTCTTGAAGCGT,0,80799
TSS_1414_storz_regulondb,0.041666666666666664,23,23,CACTTCGCACCGACTACCGC,0,48299
TSS_1414_storz_regulondb,0.041666666666666664,23,23,CACACGTAGGATAACGTTGT,0,41501
TSS_1414_storz_regulondb,0.041666666666666664,23,23,CAATCCTGTATATCCCGAAG,0,4832
TSS_1414_storz_regulondb,0.041666666666666664,23,23,CAAGTTCAGCCCGGAGGCGT,0,9651
TSS_1414_storz_regulondb,0.041666666666666664,23,23,CAACGAGTTGTTTCTACGGC,0,60890
TSS_1414_storz_regulondb,0.041666666666666664,23,23,ATTTCCGTCGTCCCCTATAT,0,20741
TSS_1414_storz_regulondb,0.041666666666666664,23,23,ATTAAGTGTGCATTCCCGCG,0,70873
TSS_1414_storz_regulondb,0.041666666666666664,23,23,ATTAAGAAGCGAGATATTCA,0,29121
TSS_1414_storz_regulondb,0.041666666666666664,23,23,ATAGCTGATACAGCGTTCGT,0,78110
TSS_1414_storz_regulondb,0.041666666666666664,23,23,ATAAAAGCCACTACGGCCAA,0,46170
TSS_1414_storz_regulondb,0.041666666666666664,23,23,AGTGCTAACTCTTTCGAACG,0,60693
TSS_1414_storz_regulondb,0.041666666666666664,23,23,AGTCGTTGTTACGGGAATAT,0,78412
TSS_1414_storz_regulondb,0.041666666666666664,23,23,AGTACTGGGCGCCAAATAAC,0,20361
TSS_1414_storz_regulondb,0.041666666666666664,23,23,AGCCGTGGGTTACTTCCGTA,0,69277
TSS_1414_storz_regulondb,0.041666666666666664,23,23,AGCAAATGAGAGACTTATCA,0,6489
TSS_1414_storz_regulondb,0.041666666666666664,23,23,AGAGTCGGGGGTGCGCTCGT,0,35328
TSS_1414_storz_regulondb,0.041666666666666664,23,23,AGACGTAAAAGTTACGAAGT,0,35375
TSS_1414_storz_regulondb,0.041666666666666664,23,23,AGACAGCTTCTACATTTTCA,0,73856
TSS_1414_storz_regulondb,0.041666666666666664,23,23,AGAATGGTGGGCTGCGCAGG,0,11907
TSS_1414_storz_regulondb,0.041666666666666664,23,23,ACGCTGTCACCACATCGGTC,0,9248
TSS_1414_storz_regulondb,0.041666666666666664,23,23,ACCGCGTGTCATGAGACATA,0,19361
TSS_1414_storz_regulondb,0.041666666666666664,23,23,ACCGATGGGGCGTATACCCC,0,35923
TSS_1414_storz_regulondb,0.041666666666666664,23,23,ACCGACGATAGACACCCACG,0,78770
TSS_1414_storz_regulondb,0.041666666666666664,23,23,ACCGAAGATCCGACAGGTTT,0,76576
TSS_1414_storz_regulondb,0.041666666666666664,23,23,ACATATCATCGTCTATTCTG,0,15848
TSS_1414_storz_regulondb,0.041666666666666664,23,23,AATGCATGTTGCTTATGGTA,0,44238
TSS_1414_storz_regulondb,0.041666666666666664,23,23,AATACAGGGTACTGGCAGCA,0,27426
TSS_1414_storz_regulondb,0.041666666666666664,23,23,AATACACCGAACTACAGAGT,0,10595
TSS_1414_storz_regulondb,0.041666666666666664,23,23,AAGTTCCGATAGCAGGGAAT,0,79921
TSS_1414_storz_regulondb,0.041666666666666664,23,23,AAGGGGTCCAGTGCGACGAC,0,45410
TSS_1414_storz_regulondb,0.041666666666666664,23,23,AAAAGAATATAGAACGCGCG,0,9179
TSS_1414_storz_regulondb,0.043478260869565216,22,22,TTGGCGTGGTGACACAACCA,0,61084
TSS_1414_storz_regulondb,0.043478260869565216,22,22,TTGGCACGTTTGAGGGTTCT,0,55480
TSS_1414_storz_regulondb,0.043478260869565216,22,22,TTGGAAACATGCGGACACTG,0,3957
TSS_1414_storz_regulondb,0.043478260869565216,22,22,TTGAGTGGATTAGACTCCTA,0,22676
TSS_1414_storz_regulondb,0.043478260869565216,22,22,TTATTACACGATTCTCGTCT,0,46030
TSS_1414_storz_regulondb,0.043478260869565216,22,22,TGTCGTTCGCTAGTAATCGC,0,40778
TSS_1414_storz_regulondb,0.043478260869565216,22,22,TGGCGTCGAGGCATTCGACC,0,13107
TSS_1414_storz_regulondb,0.043478260869565216,22,22,TCCATAGTATCTAGTGGATG,0,74124
TSS_1414_storz_regulondb,0.043478260869565216,22,22,TCAGTTCGTAGATTATCCGT,0,66868
TSS_1414_storz_regulondb,0.043478260869565216,22,22,TCACTGCGTAGTCCTAGCGG,0,1425
TSS_1414_storz_regulondb,0.043478260869565216,22,22,TCAAGTCTGAATCGGTATGT,0,34376
TSS_1414_storz_regulondb,0.043478260869565216,22,22,TAACGGGTAGCGGTAAGAGT,0,64284
TSS_1414_storz_regulondb,0.043478260869565216,22,22,TAAACCATAATGAGCTAATC,0,33722
TSS_1414_storz_regulondb,0.043478260869565216,22,22,GTGGAAGAGGCTATCGAGCA,0,1283
TSS_1414_storz_regulondb,0.043478260869565216,22,22,GTGCATGAGTATCAGAACAC,0,36478
TSS_1414_storz_regulondb,0.043478260869565216,22,22,GTCGTTGCTGAAGCTCTCGT,0,6952
TSS_1414_storz_regulondb,0.043478260869565216,22,22,GTCCGATAAGACCCTGAGCA,0,21334
TSS_1414_storz_regulondb,0.043478260869565216,22,22,GTCAGATGAAATGCTTGCGA,0,28852
TSS_1414_storz_regulondb,0.043478260869565216,22,22,GTAAGGTTGCGTCAATTGTT,0,21360
TSS_1414_storz_regulondb,0.043478260869565216,22,22,GGTGACTCGACGTGGAGCCT,0,63126
TSS_1414_storz_regulondb,0.043478260869565216,22,22,GGGTAAAATCCAAGAGCGGG,0,2438
TSS_1414_storz_regulondb,0.043478260869565216,22,22,GGGGCGTGCGGCCATATCGG,0,59003
TSS_1414_storz_regulondb,0.043478260869565216,22,22,GGAGTGACTGGAAAGGGGAT,0,68117
TSS_1414_storz_regulondb,0.043478260869565216,22,22,GCTTCGCCGCCGATGTACAT,0,36637
TSS_1414_storz_regulondb,0.043478260869565216,22,22,GCTGGGTAAATCAGTCGCTA,0,27266
TSS_1414_storz_regulondb,0.043478260869565216,22,22,GCTGAACCTGGCGAAGAATG,0,48214
TSS_1414_storz_regulondb,0.043478260869565216,22,22,GCTCGTACCTTGGCGGCGCT,0,40692
TSS_1414_storz_regulondb,0.043478260869565216,22,22,GCGCGCCGTGAGATGCAGCT,0,37311
TSS_1414_storz_regulondb,0.043478260869565216,22,22,GCGAATCGTTGGTGCTCCAG,0,69568
TSS_1414_storz_regulondb,0.043478260869565216,22,22,GCAAACCGAATTGTGTATCT,0,48490
TSS_1414_storz_regulondb,0.043478260869565216,22,22,GAGTCGGTAAAAACGGCATG,0,787
TSS_1414_storz_regulondb,0.043478260869565216,22,22,GACTGCCCATCTAGGCCGAC,0,33893
TSS_1414_storz_regulondb,0.043478260869565216,22,22,GACTGACGGCAGTGTTGTTA,0,17085
TSS_1414_storz_regulondb,0.043478260869565216,22,22,GACATCCTGTTTGAAATTGA,0,25813
TSS_1414_storz_regulondb,0.043478260869565216,22,22,GAATTTTTCGCAGTGGATTG,0,61514
TSS_1414_storz_regulondb,0.043478260869565216,22,22,GAAGATGCAGCAGAAGTATA,0,57584
TSS_1414_storz_regulondb,0.043478260869565216,22,22,GAAACCGTGATCCTTTCAAA,0,79329
TSS_1414_storz_regulondb,0.043478260869565216,22,22,CTTCATCTCGAGTTCATGTT,0,46806
TSS_1414_storz_regulondb,0.043478260869565216,22,22,CTGGACGTGCCAGGTAATTG,0,68375
TSS_1414_storz_regulondb,0.043478260869565216,22,22,CTGAAGTTTTATACGTACTC,0,46779
TSS_1414_storz_regulondb,0.043478260869565216,22,22,CTAGGGAAAGGGCGCTGGTT,0,4900
TSS_1414_storz_regulondb,0.043478260869565216,22,22,CTACTTCACGACAGAATCTA,0,8380
TSS_1414_storz_regulondb,0.043478260869565216,22,22,CTAAGATACGCTTAGCATTA,0,37335
TSS_1414_storz_regulondb,0.043478260869565216,22,22,CGTTCAACCGGTGGTCTATG,0,1181
TSS_1414_storz_regulondb,0.043478260869565216,22,22,CGGCGACACGCCTCGGGAGA,0,51270
TSS_1414_storz_regulondb,0.043478260869565216,22,22,CGGACCCTAGGCGGTGGTAT,0,19362
TSS_1414_storz_regulondb,0.043478260869565216,22,22,CGCTTATGCGCGAAAGCGGA,0,35719
TSS_1414_storz_regulondb,0.043478260869565216,22,22,CGCCTTCACCGGATTGGTAA,0,12231
TSS_1414_storz_regulondb,0.043478260869565216,22,22,CGCACACCCAACCAATAGGG,0,80853
TSS_1414_storz_regulondb,0.043478260869565216,22,22,CGAAATGGGTTCACCGTAAT,0,36188
TSS_1414_storz_regulondb,0.043478260869565216,22,22,CCGTCCGAATTACCGTGAAA,0,48785
TSS_1414_storz_regulondb,0.043478260869565216,22,22,CCGAACTTGTGCGACAGAAT,0,50363
TSS_1414_storz_regulondb,0.043478260869565216,22,22,CCCGACGGAAAGGCCTGAGT,0,56663
TSS_1414_storz_regulondb,0.043478260869565216,22,22,CCATGCGGGCTTGGCGGTTT,0,8058
TSS_1414_storz_regulondb,0.043478260869565216,22,22,CCATACTAGGACATTGAAAG,0,49140
TSS_1414_storz_regulondb,0.043478260869565216,22,22,CCACCCTGTTGTGAGAGCTA,0,77080
TSS_1414_storz_regulondb,0.043478260869565216,22,22,CATTCGGGAATTTAAAAGCC,0,61095
TSS_1414_storz_regulondb,0.043478260869565216,22,22,CATCATTTCGGCCCCATCGA,0,18179
TSS_1414_storz_regulondb,0.043478260869565216,22,22,CATAACTCACTCGTTTCTGT,0,46973
TSS_1414_storz_regulondb,0.043478260869565216,22,22,CAGTCCGATTTGCAGGACCT,0,27277
TSS_1414_storz_regulondb,0.043478260869565216,22,22,CACCTGACACGCATTTATGG,0,25554
TSS_1414_storz_regulondb,0.043478260869565216,22,22,CAACGACAGCCCGTCCATAA,0,6316
TSS_1414_storz_regulondb,0.043478260869565216,22,22,ATTCTGTTAAGCTGAGTGCT,0,72798
TSS_1414_storz_regulondb,0.043478260869565216,22,22,ATTAACCTGGCATTAGGATC,0,53427
TSS_1414_storz_regulondb,0.043478260869565216,22,22,ATGGGTGCCGTTTCGATCAC,0,54725
TSS_1414_storz_regulondb,0.043478260869565216,22,22,ATGGATATCTGGCCCAAGGT,0,73471
TSS_1414_storz_regulondb,0.043478260869565216,22,22,ATCATTAGTCTGCCCAAGCA,0,15673
TSS_1414_storz_regulondb,0.043478260869565216,22,22,ATCAGCTCTCTGGGTGCACG,0,40536
TSS_1414_storz_regulondb,0.043478260869565216,22,22,ATAAGGGGTCGAATTAAGCA,0,72407
TSS_1414_storz_regulondb,0.043478260869565216,22,22,AGGCAGATACCGCTTCACTT,0,72543
TSS_1414_storz_regulondb,0.043478260869565216,22,22,AGATCTAGTCGTTTGATTCT,0,9948
TSS_1414_storz_regulondb,0.043478260869565216,22,22,AGAGTACGTTGATAGGGTCT,0,65465
TSS_1414_storz_regulondb,0.043478260869565216,22,22,AGACACGACAGGCCAGACCC,0,73445
TSS_1414_storz_regulondb,0.043478260869565216,22,22,ACTCACGTGTCCACTGTGGC,0,57664
TSS_1414_storz_regulondb,0.043478260869565216,22,22,ACGTTCCACACCGGCGTACA,0,59979
TSS_1414_storz_regulondb,0.043478260869565216,22,22,AAGTCCAGCGACCCGCCTCG,0,29869
TSS_1414_storz_regulondb,0.043478260869565216,22,22,AAATGAAATGATCACGGTCA,0,34680
TSS_1414_storz_regulondb,0.043478260869565216,22,22,AAAAAAAATGAGCGAGGGCG,0,21362
TSS_1414_storz_regulondb,0.045454545454545456,21,21,TTTGCGAGAGTTGTTTAATA,0,62913
TSS_1414_storz_regulondb,0.045454545454545456,21,21,TTTCTTCATTGAAGTAATGT,0,37921
TSS_1414_storz_regulondb,0.045454545454545456,21,21,TTTAGCTTCTCCTAAGACTA,0,25144
TSS_1414_storz_regulondb,0.045454545454545456,21,21,TTTACGCCGCAACGGGGAAA,0,58612
TSS_1414_storz_regulondb,0.045454545454545456,21,21,TTGTAATGGGTAATCAAGTA,0,45174
TSS_1414_storz_regulondb,0.045454545454545456,21,21,TTCCCTCCGCGTCAGGTCTG,0,350
TSS_1414_storz_regulondb,0.045454545454545456,21,21,TTCAGGAGATAACGTGAATG,0,7429
TSS_1414_storz_regulondb,0.045454545454545456,21,21,TTAGGGAACAGATTTGTCCT,0,17764
TSS_1414_storz_regulondb,0.045454545454545456,21,21,TTACCACCGCTAGTGCGTCT,0,64730
TSS_1414_storz_regulondb,0.045454545454545456,21,21,TGTATCGCGTCTGGTAGCAG,0,29526
TSS_1414_storz_regulondb,0.045454545454545456,21,21,TGTAGCGCAACGAAGTACTT,0,31681
TSS_1414_storz_regulondb,0.045454545454545456,21,21,TGGTCCGGCAATTCAATATG,0,67128
TSS_1414_storz_regulondb,0.045454545454545456,21,21,TGGCCTTGGGAGCGAGGAAT,0,22198
TSS_1414_storz_regulondb,0.045454545454545456,21,21,TGCTGTTCTACCTCGGATTG,0,38912
TSS_1414_storz_regulondb,0.045454545454545456,21,21,TCTTAGTTACCGGCGACAAA,0,34742
TSS_1414_storz_regulondb,0.045454545454545456,21,21,TCGGGATTGCAGTTCGGTAT,0,30584
TSS_1414_storz_regulondb,0.045454545454545456,21,21,TCGGCTTCCCGGGATACTAA,0,49287
TSS_1414_storz_regulondb,0.045454545454545456,21,21,TCCGCCACGACTTGGCCGCT,0,28683
TSS_1414_storz_regulondb,0.045454545454545456,21,21,TCCATTAGTACCGGCTTCAA,0,40788
TSS_1414_storz_regulondb,0.045454545454545456,21,21,TCCATCTGGACAAGTAACGA,0,46535
TSS_1414_storz_regulondb,0.045454545454545456,21,21,TCCAAATGAATTTTGATTGG,0,2912
TSS_1414_storz_regulondb,0.045454545454545456,21,21,TATGCTTTTATGCCGGAGGA,0,45765
TSS_1414_storz_regulondb,0.045454545454545456,21,21,TATCTATGGCGCCAGTATCA,0,52259
TSS_1414_storz_regulondb,0.045454545454545456,21,21,TATAACCGTAGGTTGATTAG,0,76890
TSS_1414_storz_regulondb,0.045454545454545456,21,21,TAGGCAAATCGTTATTATCA,0,72395
TSS_1414_storz_regulondb,0.045454545454545456,21,21,TACCCAGACTACAGCAACAC,0,78001
TSS_1414_storz_regulondb,0.045454545454545456,21,21,TACAGCGATTGGTGAAAAAT,0,66159
TSS_1414_storz_regulondb,0.045454545454545456,21,21,TACACAACGCGTGGTGGGTC,0,9123
TSS_1414_storz_regulondb,0.045454545454545456,21,21,TAAGCGACGGTCGTAAATTA,0,67322
TSS_1414_storz_regulondb,0.045454545454545456,21,21,TAACAGAGCTTTAACTTCCA,0,43552
TSS_1414_storz_regulondb,0.045454545454545456,21,21,GTTTTTATTTAGTCCGCACC,0,22905
TSS_1414_storz_regulondb,0.045454545454545456,21,21,GTTACAATAGACTACGAAGT,0,65047
TSS_1414_storz_regulondb,0.045454545454545456,21,21,GTGTATGTTTAAACGCGCTT,0,14359
TSS_1414_storz_regulondb,0.045454545454545456,21,21,GTCCTGTATAACAGAATTGT,0,19874
TSS_1414_storz_regulondb,0.045454545454545456,21,21,GTCCACTTAGGGCGATGGGG,0,32827
TSS_1414_storz_regulondb,0.045454545454545456,21,21,GTATTACATTCGGAGCGGAC,0,59043
TSS_1414_storz_regulondb,0.045454545454545456,21,21,GTAGGGGGAACCACACCACA,0,6232
TSS_1414_storz_regulondb,0.045454545454545456,21,21,GTAAGGAGCGAGGACCATGA,0,65792
TSS_1414_storz_regulondb,0.045454545454545456,21,21,GTAAGCGAATCTGTTTTGAG,0,19204
TSS_1414_storz_regulondb,0.045454545454545456,21,21,GTAAGCAAAGAATAACTTTT,0,63533
TSS_1414_storz_regulondb,0.045454545454545456,21,21,GTAACCTGGTGACAACCAAT,0,8793
TSS_1414_storz_regulondb,0.045454545454545456,21,21,GGTTTGAGCAGGCGTCCTGT,0,56351
TSS_1414_storz_regulondb,0.045454545454545456,21,21,GGTTTAGACATATATCGGCC,0,63699
TSS_1414_storz_regulondb,0.045454545454545456,21,21,GGGAGCAGGCAACCACTCCA,0,79783
TSS_1414_storz_regulondb,0.045454545454545456,21,21,GGCAAAAAACCAAAGGTTTT,0,60361
TSS_1414_storz_regulondb,0.045454545454545456,21,21,GGATTTATACTTTCGGGTCA,0,36465
TSS_1414_storz_regulondb,0.045454545454545456,21,21,GGAGCCCTAAATCCCAAAAA,0,26994
TSS_1414_storz_regulondb,0.045454545454545456,21,21,GCTGGCACGCGGGGATGAAT,0,2416
TSS_1414_storz_regulondb,0.045454545454545456,21,21,GCTCCAAGTATACCCGAGCA,0,56633
TSS_1414_storz_regulondb,0.045454545454545456,21,21,GCGGTTGCAGGGCAGAGTTC,0,67650
TSS_1414_storz_regulondb,0.045454545454545456,21,21,GCGGCTTGCCTGAGTTATGA,0,59570
TSS_1414_storz_regulondb,0.045454545454545456,21,21,GCGGATGTAGGCGTCAAAAT,0,52799
TSS_1414_storz_regulondb,0.045454545454545456,21,21,GCAGCAACTATGGCCCTTTG,0,23345
TSS_1414_storz_regulondb,0.045454545454545456,21,21,GCACAAAACGTTCAGCTTAT,0,61092
TSS_1414_storz_regulondb,0.045454545454545456,21,21,GATCGAACTTAACCACTGGC,0,13894
TSS_1414_storz_regulondb,0.045454545454545456,21,21,GAGTACTATGTCTGGAGGTT,0,69800
TSS_1414_storz_regulondb,0.045454545454545456,21,21,GACGCTACGGAAAGAGTTTT,0,23428
TSS_1414_storz_regulondb,0.045454545454545456,21,21,GACACGGTTGTGGTAGGAGT,0,12964
TSS_1414_storz_regulondb,0.045454545454545456,21,21,GAATCGGTCACTTAGTACCT,0,18930
TSS_1414_storz_regulondb,0.045454545454545456,21,21,CTTTGCAAGTCTTGTCAGCA,0,72254
TSS_1414_storz_regulondb,0.045454545454545456,21,21,CTTTAGGCTGCATGTACTAC,0,50446
TSS_1414_storz_regulondb,0.045454545454545456,21,21,CTTTACCCGGCGCAAAACAA,0,49543
TSS_1414_storz_regulondb,0.045454545454545456,21,21,CTTGAAGAGACGTAGCCAGC,0,58237
TSS_1414_storz_regulondb,0.045454545454545456,21,21,CTTCCACCACACGAACTGTG,0,81003
TSS_1414_storz_regulondb,0.045454545454545456,21,21,CTGTAAGTTTAGCACTGCAG,0,41442
TSS_1414_storz_regulondb,0.045454545454545456,21,21,CTGACATTACTATTCAGCTT,0,29731
TSS_1414_storz_regulondb,0.045454545454545456,21,21,CTAAGCCGGCACATGTCGTG,0,61447
TSS_1414_storz_regulondb,0.045454545454545456,21,21,CGGGCGGTCAAAAAGTGCCT,0,2305
TSS_1414_storz_regulondb,0.045454545454545456,21,21,CGGCGCGATTTAGGAGTCGT,0,37980
TSS_1414_storz_regulondb,0.045454545454545456,21,21,CGGAAATGCTTGGCATCTGT,0,32416
TSS_1414_storz_regulondb,0.045454545454545456,21,21,CGCGTCGCAACGCGGATGAG,0,53131
TSS_1414_storz_regulondb,0.045454545454545456,21,21,CGCGCGTCTTACTTGGTCCT,0,33214
TSS_1414_storz_regulondb,0.045454545454545456,21,21,CGCGAGCGACGATGCTTTAG,0,65664
TSS_1414_storz_regulondb,0.045454545454545456,21,21,CGCCGAATAGCATATAAGTA,0,75396
TSS_1414_storz_regulondb,0.045454545454545456,21,21,CGAATTTACTGGCTTGACTA,0,53933
TSS_1414_storz_regulondb,0.045454545454545456,21,21,CCTGTTCCCAACTGAGTAAA,0,12405
TSS_1414_storz_regulondb,0.045454545454545456,21,21,CCGCAATAGGTCCTACAGCA,0,30802
TSS_1414_storz_regulondb,0.045454545454545456,21,21,CCCGGAGGGCGTGCCCTCCA,0,40303
TSS_1414_storz_regulondb,0.045454545454545456,21,21,CCCGAGAACTCCGGGGTGAA,0,22225
TSS_1414_storz_regulondb,0.045454545454545456,21,21,CCAGTGAACTATACCGGGGG,0,57280
TSS_1414_storz_regulondb,0.045454545454545456,21,21,CATCCTCCGCTGTATGGGAG,0,39252
TSS_1414_storz_regulondb,0.045454545454545456,21,21,CAGACGGGCCGATTCGTTCT,0,32546
TSS_1414_storz_regulondb,0.045454545454545456,21,21,ATTTATCCCTGCATCGAGAC,0,22173
TSS_1414_storz_regulondb,0.045454545454545456,21,21,ATTTAATGGTCCTAGTTCAC,0,73186
TSS_1414_storz_regulondb,0.045454545454545456,21,21,ATTCACAGATAGCCTACTGT,0,73470
TSS_1414_storz_regulondb,0.045454545454545456,21,21,ATTATCAGGGTGTTAGGTTT,0,54103
TSS_1414_storz_regulondb,0.045454545454545456,21,21,ATGTGTTGGTTGTCAAAGAT,0,73166
TSS_1414_storz_regulondb,0.045454545454545456,21,21,ATGGGACGCTCACTGGGGTC,0,609
TSS_1414_storz_regulondb,0.045454545454545456,21,21,ATGGCGGGGGGGACTCGTGT,0,71707
TSS_1414_storz_regulondb,0.045454545454545456,21,21,ATGGCCACAACCAAGAACCA,0,51363
TSS_1414_storz_regulondb,0.045454545454545456,21,21,ATGCTTCGAATTACGAGTAA,0,16022
TSS_1414_storz_regulondb,0.045454545454545456,21,21,ATGCTGTGACAGAGTGTGGT,0,4078
TSS_1414_storz_regulondb,0.045454545454545456,21,21,ATGAGGAAACATGGTGGAAT,0,58171
TSS_1414_storz_regulondb,0.045454545454545456,21,21,AGTGCGGTGAATCTCCAAAA,0,39733
TSS_1414_storz_regulondb,0.045454545454545456,21,21,AGTATTTTCCAACAAGTTGC,0,12374
TSS_1414_storz_regulondb,0.045454545454545456,21,21,AGGGTTACCGAAGGAATTAA,0,12602
TSS_1414_storz_regulondb,0.045454545454545456,21,21,AGCCTATGTGACTCATAGGT,0,44880
TSS_1414_storz_regulondb,0.045454545454545456,21,21,AGCCGTAGCGGGCGTCCTGT,0,56798
TSS_1414_storz_regulondb,0.045454545454545456,21,21,AGCCGGAAGCACCAGTATGT,0,34073
TSS_1414_storz_regulondb,0.045454545454545456,21,21,AGCATAGCCTTGACGGACGG,0,52265
TSS_1414_storz_regulondb,0.045454545454545456,21,21,AGATAGGATAGTTTAGGGTA,0,6887
TSS_1414_storz_regulondb,0.045454545454545456,21,21,AGAGGTATACGAGTTCGCTA,0,70364
TSS_1414_storz_regulondb,0.045454545454545456,21,21,AGACTTCGGGGCGCGCACAG,0,77475
TSS_1414_storz_regulondb,0.045454545454545456,21,21,AGAAGGTCCCATTGCTCATA,0,21780
TSS_1414_storz_regulondb,0.045454545454545456,21,21,ACTCGTGGCATTGATCGGAC,0,25774
TSS_1414_storz_regulondb,0.045454545454545456,21,21,ACTCACATCCCCCGCAAGAT,0,15499
TSS_1414_storz_regulondb,0.045454545454545456,21,21,ACTACAAAGCGACCGTGTGC,0,43649
TSS_1414_storz_regulondb,0.045454545454545456,21,21,ACGTGGGTGCCATAGTACAT,0,74718
TSS_1414_storz_regulondb,0.045454545454545456,21,21,ACGTCGTGAAGCAATCGTTA,0,30017
TSS_1414_storz_regulondb,0.045454545454545456,21,21,ACGGTCCCATGACGCGCAAA,0,18882
TSS_1414_storz_regulondb,0.045454545454545456,21,21,ACGGGTGTCAGTCGCATTTG,0,73616
TSS_1414_storz_regulondb,0.045454545454545456,21,21,ACGGGGCTAGCCATCGATAT,0,47643
TSS_1414_storz_regulondb,0.045454545454545456,21,21,ACGGCATGGGTATCGCTGTA,0,37383
TSS_1414_storz_regulondb,0.045454545454545456,21,21,ACGCAGTTCCGTAAGACTTC,0,47094
TSS_1414_storz_regulondb,0.045454545454545456,21,21,ACGATGTGAACGAGCAGATG,0,77003
TSS_1414_storz_regulondb,0.045454545454545456,21,21,ACCGGGAAGCGGGTACCTCG,0,33126
TSS_1414_storz_regulondb,0.045454545454545456,21,21,ACAGCTGTGATAGGGTTTTC,0,74835
TSS_1414_storz_regulondb,0.045454545454545456,21,21,ACACTTGGGTTTCTTCTCAC,0,30987
TSS_1414_storz_regulondb,0.045454545454545456,21,21,AATAGGCCTTGAAATTCTAG,0,27937
TSS_1414_storz_regulondb,0.045454545454545456,21,21,AATACAGACAGCCGTCTTGA,0,12747
TSS_1414_storz_regulondb,0.045454545454545456,21,21,AAGTAAGTGATCGCCTATCA,0,8077
TSS_1414_storz_regulondb,0.045454545454545456,21,21,AAGGTCAGTGCGGAACGGAT,0,24226
TSS_1414_storz_regulondb,0.045454545454545456,21,21,AAGCAACTCGCTGAAGAATT,0,3
TSS_1414_storz_regulondb,0.045454545454545456,21,21,AACCCTTCCCGATCCGACTT,0,33664
TSS_1414_storz_regulondb,0.045454545454545456,21,21,AAAGGGGAGCACATTGGATA,0,75115
TSS_1414_storz_regulondb,0.047619047619047616,20,20,TTTTGCCGCTGACTAGAAAA,0,14274
TSS_1414_storz_regulondb,0.047619047619047616,20,20,TTTCGATGCGTCTTAGCTAT,0,40325
TSS_1414_storz_regulondb,0.047619047619047616,20,20,TTTCAGGCTACTAACCGGAA,0,21139
TSS_1414_storz_regulondb,0.047619047619047616,20,20,TTGTAACCTGGTAGACCGAC,0,25581
TSS_1414_storz_regulondb,0.047619047619047616,20,20,TTGGCTGTCTAACATCATAG,0,56002
TSS_1414_storz_regulondb,0.047619047619047616,20,20,TTGCGATGCTTTAATGTCGG,0,20286
TSS_1414_storz_regulondb,0.047619047619047616,20,20,TTCTCCACAAGCCAAGGTCA,0,30847
TSS_1414_storz_regulondb,0.047619047619047616,20,20,TGTTTTTAGATAGGTTATGG,0,8182
TSS_1414_storz_regulondb,0.047619047619047616,20,20,TGGTGAGGGCGTACCGCTCT,0,52971
TSS_1414_storz_regulondb,0.047619047619047616,20,20,TGGGTATACGAGATGCATCA,0,59517
TSS_1414_storz_regulondb,0.047619047619047616,20,20,TGGATTGGATTGTGCGTGAC,0,55552
TSS_1414_storz_regulondb,0.047619047619047616,20,20,TGGACAAACGTTTAGGAGTC,0,42963
TSS_1414_storz_regulondb,0.047619047619047616,20,20,TGCTCCTTGGAAAGCTGACC,0,59604
TSS_1414_storz_regulondb,0.047619047619047616,20,20,TGCAGATACTAGCTGTGGCA,0,16254
TSS_1414_storz_regulondb,0.047619047619047616,20,20,TGCACTGAATCGCTTTGTCT,0,11225
TSS_1414_storz_regulondb,0.047619047619047616,20,20,TGAGAGTATGTCCGTCTAAT,0,73787
TSS_1414_storz_regulondb,0.047619047619047616,20,20,TGACTATTGGGAGCAAGTCC,0,46316
TSS_1414_storz_regulondb,0.047619047619047616,20,20,TGACCACGGTCCGACGATCC,0,33598
TSS_1414_storz_regulondb,0.047619047619047616,20,20,TGAAGGTGTGATCTTTCGTT,0,71984
TSS_1414_storz_regulondb,0.047619047619047616,20,20,TCTTGATGGAATCCCAATTA,0,27764
TSS_1414_storz_regulondb,0.047619047619047616,20,20,TCTGTTTGCCTAGCGTGCCC,0,50868
TSS_1414_storz_regulondb,0.047619047619047616,20,20,TCTGATTCTTGTAGACCTGT,0,43423
TSS_1414_storz_regulondb,0.047619047619047616,20,20,TCTCGGCGTCCACATTTTAG,0,64134
TSS_1414_storz_regulondb,0.047619047619047616,20,20,TCGTCCACATCGGCCCGTAT,0,65689
TSS_1414_storz_regulondb,0.047619047619047616,20,20,TCGATAACCACACCGGCCCT,0,43716
TSS_1414_storz_regulondb,0.047619047619047616,20,20,TCGAGCCGTCATGGAAGGTC,0,61868
TSS_1414_storz_regulondb,0.047619047619047616,20,20,TCCGTGATGTGACTATTATA,0,19219
TSS_1414_storz_regulondb,0.047619047619047616,20,20,TCCGATGGTCCCAACGCACA,0,44131
TSS_1414_storz_regulondb,0.047619047619047616,20,20,TCATGGCGTGAGTCACCGGT,0,8296
TSS_1414_storz_regulondb,0.047619047619047616,20,20,TCATAAGGCCGTGCAAGAAT,0,20285
TSS_1414_storz_regulondb,0.047619047619047616,20,20,TCAGCCTGGTTCGGTGCAGT,0,21147
TSS_1414_storz_regulondb,0.047619047619047616,20,20,TCACTAACCCACGAGTCTTT,0,45298
TSS_1414_storz_regulondb,0.047619047619047616,20,20,TCACGTGGGAGCGGTAGGCA,0,69501
TSS_1414_storz_regulondb,0.047619047619047616,20,20,TCAATCTCGCCTGCTAGTTA,0,39540
TSS_1414_storz_regulondb,0.047619047619047616,20,20,TAGCCTATACGCCTCCCATT,0,31003
TSS_1414_storz_regulondb,0.047619047619047616,20,20,TAACTTATCTGGACGGGGAT,0,64652
TSS_1414_storz_regulondb,0.047619047619047616,20,20,TAACTCTTGACTAGGTACAG,0,21503
TSS_1414_storz_regulondb,0.047619047619047616,20,20,TAAACCCCCTTAATGCGTAT,0,77178
TSS_1414_storz_regulondb,0.047619047619047616,20,20,GTTTGCGCTTCTTGGGAGAT,0,736
TSS_1414_storz_regulondb,0.047619047619047616,20,20,GTTCTAATGGGAGCAAAGGT,0,40644
TSS_1414_storz_regulondb,0.047619047619047616,20,20,GTTACGCGCGCTCGCGCATG,0,52282
TSS_1414_storz_regulondb,0.047619047619047616,20,20,GTGCGACAAAGCCGGCCCTC,0,34859
TSS_1414_storz_regulondb,0.047619047619047616,20,20,GTGCACAGGAGACACTTAAT,0,45732
TSS_1414_storz_regulondb,0.047619047619047616,20,20,GTCTTAAGTCGGTCTCCGGG,0,76660
TSS_1414_storz_regulondb,0.047619047619047616,20,20,GTCTTAAGCAGCAATCCGTA,0,6527
TSS_1414_storz_regulondb,0.047619047619047616,20,20,GTCTGCACGTCGCCCTGCCA,0,55944
TSS_1414_storz_regulondb,0.047619047619047616,20,20,GTCAGGACGAATAAGGCGAA,0,31589
TSS_1414_storz_regulondb,0.047619047619047616,20,20,GTATTGGTCGGCGACTTGGT,0,9761
TSS_1414_storz_regulondb,0.047619047619047616,20,20,GTATCCCAATATGTACGAAT,0,15140
TSS_1414_storz_regulondb,0.047619047619047616,20,20,GTAGGACGGCGATAATAATG,0,73948
TSS_1414_storz_regulondb,0.047619047619047616,20,20,GTAGACAAAACCTGTGTCCA,0,40620
TSS_1414_storz_regulondb,0.047619047619047616,20,20,GGTTATAAATCGGGTACAAG,0,12767
TSS_1414_storz_regulondb,0.047619047619047616,20,20,GGTCCTTTTCAGTGTCTGAG,0,67777
TSS_1414_storz_regulondb,0.047619047619047616,20,20,GGGTTATAGGAGCAATTAAT,0,17242
TSS_1414_storz_regulondb,0.047619047619047616,20,20,GGGTCATAACCGAATTAGGG,0,46926
TSS_1414_storz_regulondb,0.047619047619047616,20,20,GGGCGTTCCAAGCAAGGAAT,0,32350
TSS_1414_storz_regulondb,0.047619047619047616,20,20,GGCGCTTCAATTAGCGGATT,0,67939
TSS_1414_storz_regulondb,0.047619047619047616,20,20,GGCGAGGTTCGTTGGTTGAT,0,59148
TSS_1414_storz_regulondb,0.047619047619047616,20,20,GGCCGGTTAAACCTAGAACA,0,57913
TSS_1414_storz_regulondb,0.047619047619047616,20,20,GGCCCGCCTGTTTCAAGGGC,0,76558
TSS_1414_storz_regulondb,0.047619047619047616,20,20,GGAGTGTTTGCTACTGTGCG,0,46488
TSS_1414_storz_regulondb,0.047619047619047616,20,20,GGAGTCCACCATTAATGGAC,0,34071
TSS_1414_storz_regulondb,0.047619047619047616,20,20,GGAATTTTTCTAGGAAAATG,0,40545
TSS_1414_storz_regulondb,0.047619047619047616,20,20,GCTGTCGGGCCTGCACCAGT,0,52874
TSS_1414_storz_regulondb,0.047619047619047616,20,20,GCGGGAGGATTTCTGAGAAT,0,36251
TSS_1414_storz_regulondb,0.047619047619047616,20,20,GCCTGTATGGAGGACTTTAG,0,59178
TSS_1414_storz_regulondb,0.047619047619047616,20,20,GCCAGTAATGTCGTTGCGGA,0,9736
TSS_1414_storz_regulondb,0.047619047619047616,20,20,GCATTGTGTCACATCGAGAC,0,7753
TSS_1414_storz_regulondb,0.047619047619047616,20,20,GATGCCGAATAGCCGTGATA,0,13598
TSS_1414_storz_regulondb,0.047619047619047616,20,20,GATATTAATGGACACCGGGG,0,15493
TSS_1414_storz_regulondb,0.047619047619047616,20,20,GATAGCTTTATCTAGTTAAG,0,20899
TSS_1414_storz_regulondb,0.047619047619047616,20,20,GATACAACGCCTAGGCGTCC,0,11910
TSS_1414_storz_regulondb,0.047619047619047616,20,20,GAGTCAGAAAATATGACATA,0,49690
TSS_1414_storz_regulondb,0.047619047619047616,20,20,GAGGTATGAGATCTAAATAC,0,46487
TSS_1414_storz_regulondb,0.047619047619047616,20,20,GAGGGGTTGGTTCGGCAGAA,0,44361
TSS_1414_storz_regulondb,0.047619047619047616,20,20,GAGGATGCTGTCCGCAGCGA,0,10963
TSS_1414_storz_regulondb,0.047619047619047616,20,20,GAGACGCGTACCGAGCCCAT,0,26236
TSS_1414_storz_regulondb,0.047619047619047616,20,20,GACTGTTAAGGATCCAAATC,0,59151
TSS_1414_storz_regulondb,0.047619047619047616,20,20,GAATCTGCGATTGCGTTCAG,0,34471
TSS_1414_storz_regulondb,0.047619047619047616,20,20,GAAGGGTTGTCTTCAGACCA,0,21643
TSS_1414_storz_regulondb,0.047619047619047616,20,20,GAAAGTGACCAGCGCTATGA,0,67606
TSS_1414_storz_regulondb,0.047619047619047616,20,20,CTGCACCACAGCCGCAGGGG,0,29136
TSS_1414_storz_regulondb,0.047619047619047616,20,20,CTCGCCTAATGAGCATTTAA,0,43312
TSS_1414_storz_regulondb,0.047619047619047616,20,20,CTCGAAAGCGTACAACGGCC,0,55219
TSS_1414_storz_regulondb,0.047619047619047616,20,20,CTATTCTAGTAAACTTGAAC,0,72291
TSS_1414_storz_regulondb,0.047619047619047616,20,20,CTATCCAGGCGGGATCGAAA,0,6958
TSS_1414_storz_regulondb,0.047619047619047616,20,20,CGTTTTGGTCACACTTCAGA,0,35175
TSS_1414_storz_regulondb,0.047619047619047616,20,20,CGTTCACCTTAACTCCGCGA,0,45340
TSS_1414_storz_regulondb,0.047619047619047616,20,20,CGCCTGGTACTATAAAAAGA,0,56437
TSS_1414_storz_regulondb,0.047619047619047616,20,20,CGCAATACGCGAGTACTATG,0,15629
TSS_1414_storz_regulondb,0.047619047619047616,20,20,CGAACGGGTTACGCCAGTCG,0,28081
TSS_1414_storz_regulondb,0.047619047619047616,20,20,CCGCGCGTCACGATTGAGTA,0,69319
TSS_1414_storz_regulondb,0.047619047619047616,20,20,CCCATGGCCATCAGGTTCAA,0,293
TSS_1414_storz_regulondb,0.047619047619047616,20,20,CCAGGGCACGATACAACACG,0,37019
TSS_1414_storz_regulondb,0.047619047619047616,20,20,CCAGGACGGACACCAAGAGC,0,80083
TSS_1414_storz_regulondb,0.047619047619047616,20,20,CCACAGCAGATAAATGCAGT,0,81023
TSS_1414_storz_regulondb,0.047619047619047616,20,20,CATGTTCTCGCAGCGTTTTC,0,21112
TSS_1414_storz_regulondb,0.047619047619047616,20,20,CATGGGTACGGCAGTAGTAC,0,73532
TSS_1414_storz_regulondb,0.047619047619047616,20,20,CATGCGCCGAAGTTCTACTG,0,71100
TSS_1414_storz_regulondb,0.047619047619047616,20,20,CAGTGTTAAATTTCTCGTGA,0,16940
TSS_1414_storz_regulondb,0.047619047619047616,20,20,CAGGGGATGTACGGATTCTG,0,37566
TSS_1414_storz_regulondb,0.047619047619047616,20,20,CAGGGCATTGGCCTAGGGCG,0,40455
TSS_1414_storz_regulondb,0.047619047619047616,20,20,CAGGCCAGGCTTAAACGAAA,0,8481
TSS_1414_storz_regulondb,0.047619047619047616,20,20,CAGCTAGCTATCTACGCTCA,0,31
TSS_1414_storz_regulondb,0.047619047619047616,20,20,CAGCGCAAGCGACGTCTCAT,0,79536
TSS_1414_storz_regulondb,0.047619047619047616,20,20,CAGACAAAGAGATCATCCGA,0,19237
TSS_1414_storz_regulondb,0.047619047619047616,20,20,CACTTGGCGGTTAGATCGTT,0,42435
TSS_1414_storz_regulondb,0.047619047619047616,20,20,CAATTAAGAGTTTGATTGCT,0,57697
TSS_1414_storz_regulondb,0.047619047619047616,20,20,CAAGAGATCTTTCGAAACTA,0,77318
TSS_1414_storz_regulondb,0.047619047619047616,20,20,CAACAGGGTTGTACGCCTCT,0,11387
TSS_1414_storz_regulondb,0.047619047619047616,20,20,ATGTGCGCGATGTACAGGAC,0,44545
TSS_1414_storz_regulondb,0.047619047619047616,20,20,ATGGTCGGCTGGTAGCCTCT,0,46176
TSS_1414_storz_regulondb,0.047619047619047616,20,20,ATGCCGTACCAGGTTATAAG,0,17778
TSS_1414_storz_regulondb,0.047619047619047616,20,20,ATGATGGGGGTCGGATGCAA,0,57125
TSS_1414_storz_regulondb,0.047619047619047616,20,20,ATCAAGGCGGGCGCTAGCCA,0,57402
TSS_1414_storz_regulondb,0.047619047619047616,20,20,ATAGTCGTTTTACCCGGATC,0,12667
TSS_1414_storz_regulondb,0.047619047619047616,20,20,ATACGCGTACTGTGAAGCCA,0,72612
TSS_1414_storz_regulondb,0.047619047619047616,20,20,AGTCGGTGTTGGTGTCTCGT,0,12217
TSS_1414_storz_regulondb,0.047619047619047616,20,20,AGTAACCTCGGGGAGGTGTC,0,45688
TSS_1414_storz_regulondb,0.047619047619047616,20,20,AGGTCACAGCTAGTATCAGT,0,46889
TSS_1414_storz_regulondb,0.047619047619047616,20,20,AGGGTGGGTATTATCGGGAC,0,10058
TSS_1414_storz_regulondb,0.047619047619047616,20,20,AGCTAGCATTTGGCATAATG,0,25539
TSS_1414_storz_regulondb,0.047619047619047616,20,20,AGCAATTGTTTAGTTTGTCT,0,44692
TSS_1414_storz_regulondb,0.047619047619047616,20,20,AGATGGAGTTCCGGAAGCTA,0,11323
TSS_1414_storz_regulondb,0.047619047619047616,20,20,AGACCTACTAGGATGTGCGG,0,72750
TSS_1414_storz_regulondb,0.047619047619047616,20,20,ACTTGCATCTGCCAGTGGCA,0,41675
TSS_1414_storz_regulondb,0.047619047619047616,20,20,ACGGACAGGGTAGTCGCAGC,0,30791
TSS_1414_storz_regulondb,0.047619047619047616,20,20,ACGCCCGTAAAAGCTGTTAA,0,6191
TSS_1414_storz_regulondb,0.047619047619047616,20,20,ACGCACGACGATCTACACTA,0,39572
TSS_1414_storz_regulondb,0.047619047619047616,20,20,ACGATGCCATAGCGCCAATG,0,71893
TSS_1414_storz_regulondb,0.047619047619047616,20,20,ACCCTATGACAGCCCTATGG,0,36469
TSS_1414_storz_regulondb,0.047619047619047616,20,20,ACAATGTTCACATCTTTAAC,0,41202
TSS_1414_storz_regulondb,0.047619047619047616,20,20,AATCGTAACTTGTATTTGTC,0,6036
TSS_1414_storz_regulondb,0.047619047619047616,20,20,AATCATAACAGTAGGGTTAA,0,8062
TSS_1414_storz_regulondb,0.047619047619047616,20,20,AAGTTTAGGTCGAACTCTTT,0,50052
TSS_1414_storz_regulondb,0.047619047619047616,20,20,AAGTAGCTCCCTACGAAGTA,0,77608
TSS_1414_storz_regulondb,0.047619047619047616,20,20,AAGGGTACTAATGTACTTGA,0,34614
TSS_1414_storz_regulondb,0.047619047619047616,20,20,AACCCAGGATCGAACGATTG,0,40323
TSS_1414_storz_regulondb,0.047619047619047616,20,20,AAAAGCGGTTTCAAGACTGT,0,39694
TSS_1414_storz_regulondb,0.05,19,19,TTTGCCCGTGTGTTCGGAGT,0,50723
TSS_1414_storz_regulondb,0.05,19,19,TTTACTTTTTAACGAAAAGT,0,39719
TSS_1414_storz_regulondb,0.05,19,19,TTGTGATATTGTGGGTACTT,0,19420
TSS_1414_storz_regulondb,0.05,19,19,TTGACCTCTACGGCGTTTCC,0,63654
TSS_1414_storz_regulondb,0.05,19,19,TTCCGTAGGCTTCTGGCTTC,0,75222
TSS_1414_storz_regulondb,0.05,19,19,TTCCGTACGGGTCGCATAGA,0,30876
TSS_1414_storz_regulondb,0.05,19,19,TTATGCTCCCGCTGACGGGG,0,38706
TSS_1414_storz_regulondb,0.05,19,19,TTATCGTCTCAATGTCTTTG,0,8601
TSS_1414_storz_regulondb,0.05,19,19,TTAGGTATCCGCGCTAAGCA,0,489
TSS_1414_storz_regulondb,0.05,19,19,TTACGCTACCTCTGGTGTGG,0,10835
TSS_1414_storz_regulondb,0.05,19,19,TTAACGCAAAAATAGAGAAG,0,19335
TSS_1414_storz_regulondb,0.05,19,19,TGTTATGAAATCTTGAAGTA,0,32030
TSS_1414_storz_regulondb,0.05,19,19,TGTGTAGGGGCGCTGAATTG,0,78983
TSS_1414_storz_regulondb,0.05,19,19,TGGGTTTTTTTGGATGCTGT,0,54386
TSS_1414_storz_regulondb,0.05,19,19,TGGGGAGCTCGGCTAGAACG,0,40687
TSS_1414_storz_regulondb,0.05,19,19,TGGGCCTAGGCTGTTGTACA,0,1776
TSS_1414_storz_regulondb,0.05,19,19,TGCTTTACTCTTCGAGGCCA,0,8118
TSS_1414_storz_regulondb,0.05,19,19,TGCCATTAAGACTAGATTTA,0,66558
TSS_1414_storz_regulondb,0.05,19,19,TGATAACGGGACGTGTCGAT,0,62664
TSS_1414_storz_regulondb,0.05,19,19,TGAGGAAAGGTTTGCCTGAT,0,9809
TSS_1414_storz_regulondb,0.05,19,19,TGAAGTGTCGGAATTTGAAG,0,16831
TSS_1414_storz_regulondb,0.05,19,19,TGAAGCTGTGTTAGTGTACC,0,24352
TSS_1414_storz_regulondb,0.05,19,19,TCTTATTCCTATTGTTGCAA,0,19610
TSS_1414_storz_regulondb,0.05,19,19,TCTATGCGGACCCACTAAAT,0,30198
TSS_1414_storz_regulondb,0.05,19,19,TCTAGGTGACACTTCGGAAC,0,75460
TSS_1414_storz_regulondb,0.05,19,19,TCGGTCGTCCTAATGAGTCA,0,42588
TSS_1414_storz_regulondb,0.05,19,19,TCGGGAGCATACGCGGGCAT,0,74189
TSS_1414_storz_regulondb,0.05,19,19,TCGCTACTGTCTGTCTCACA,0,23682
TSS_1414_storz_regulondb,0.05,19,19,TCGACGCTCAAAGCTTGCGT,0,50149
TSS_1414_storz_regulondb,0.05,19,19,TCCTTTATCTAGAAACCACA,0,61134
TSS_1414_storz_regulondb,0.05,19,19,TCCAATAGAGGGAATAACTT,0,43304
TSS_1414_storz_regulondb,0.05,19,19,TCATTCGGCGGAAGTCTTCT,0,7988
TSS_1414_storz_regulondb,0.05,19,19,TCACCTTATTTGTTAGTAAT,0,73457
TSS_1414_storz_regulondb,0.05,19,19,TATTCCCTGATGCCCGGGGG,0,37440
TSS_1414_storz_regulondb,0.05,19,19,TATTAGCAACCGCGAATGTA,0,19178
TSS_1414_storz_regulondb,0.05,19,19,TATGGTCCTTGTAACGGGGT,0,21072
TSS_1414_storz_regulondb,0.05,19,19,TACATACGTTATGTTGACTA,0,54703
TSS_1414_storz_regulondb,0.05,19,19,TACAGGTTCGGGCACAGCGG,0,55564
TSS_1414_storz_regulondb,0.05,19,19,GTTAGCTAGAACAGGTGAAA,0,13842
TSS_1414_storz_regulondb,0.05,19,19,GTGCGCCGGGCCAAGAAATT,0,68099
TSS_1414_storz_regulondb,0.05,19,19,GTGCACCCAAACGGTATATA,0,60979
TSS_1414_storz_regulondb,0.05,19,19,GTCGGATTAATGGCATTCAT,0,28533
TSS_1414_storz_regulondb,0.05,19,19,GTCACAGTACAGGATAAAAA,0,72213
TSS_1414_storz_regulondb,0.05,19,19,GTATGTACACTTCACTGCTA,0,42812
TSS_1414_storz_regulondb,0.05,19,19,GTACGGAAACAGCCTAGCAT,0,15603
TSS_1414_storz_regulondb,0.05,19,19,GTACACGGCCAACGTCCTAG,0,57458
TSS_1414_storz_regulondb,0.05,19,19,GTAAGACTCGATAGGTCTGT,0,10914
TSS_1414_storz_regulondb,0.05,19,19,GGTGGGGATTGGTTATGCTT,0,74156
TSS_1414_storz_regulondb,0.05,19,19,GGTATACGGCTAAACAGGTC,0,69596
TSS_1414_storz_regulondb,0.05,19,19,GGGCGTCGCTTTCTGGATAA,0,53151
TSS_1414_storz_regulondb,0.05,19,19,GGGACTTAGCGGACCTAGCT,0,11628
TSS_1414_storz_regulondb,0.05,19,19,GGCGTCCGTAAGGTCCCGCG,0,66571
TSS_1414_storz_regulondb,0.05,19,19,GGCATCGTAAGTGCGACTGT,0,48173
TSS_1414_storz_regulondb,0.05,19,19,GGACGCCTGCGTGGTCGTTA,0,44384
TSS_1414_storz_regulondb,0.05,19,19,GCTTCAGGGGTACTCTGTAC,0,47943
TSS_1414_storz_regulondb,0.05,19,19,GCTGTGACTGCCGGGACAAT,0,16311
TSS_1414_storz_regulondb,0.05,19,19,GCGGGTCTTCACACGATGGT,0,77408
TSS_1414_storz_regulondb,0.05,19,19,GCCTTTGGAAGAGACCCGCA,0,35179
TSS_1414_storz_regulondb,0.05,19,19,GCCGTGAGTTCCGGGTGACT,0,26775
TSS_1414_storz_regulondb,0.05,19,19,GCCGGAGAAGACGGAAGTTT,0,19657
TSS_1414_storz_regulondb,0.05,19,19,GCAGATCAACGTACGGAGTT,0,51154
TSS_1414_storz_regulondb,0.05,19,19,GCACAAAAGCTACGGCACAC,0,34236
TSS_1414_storz_regulondb,0.05,19,19,GATTCCATTCCATCAGCAAA,0,74307
TSS_1414_storz_regulondb,0.05,19,19,GAGAATTCTCAGGGTATGGA,0,8641
TSS_1414_storz_regulondb,0.05,19,19,GACTACATTAGCCATGAGAA,0,41983
TSS_1414_storz_regulondb,0.05,19,19,GACGTTGAACCAATTCGGAG,0,78624
TSS_1414_storz_regulondb,0.05,19,19,GACATATAGGCGGTGGGATA,0,40378
TSS_1414_storz_regulondb,0.05,19,19,GAATATGGGTCAACGGGAAA,0,34661
TSS_1414_storz_regulondb,0.05,19,19,GAAGGTTTGTCTGGTATCGT,0,5631
TSS_1414_storz_regulondb,0.05,19,19,GAAGGATTATATTGTGCCGG,0,73480
TSS_1414_storz_regulondb,0.05,19,19,CTCGACAGTATCAACGTCTT,0,34479
TSS_1414_storz_regulondb,0.05,19,19,CTCCACTTGCTACGCGAAGA,0,64674
TSS_1414_storz_regulondb,0.05,19,19,CTCAAAAGAACAGATCGCCA,0,59993
TSS_1414_storz_regulondb,0.05,19,19,CTATTGCGGGTACATACCTT,0,29677
TSS_1414_storz_regulondb,0.05,19,19,CGTTGGTTTCTACGCGCGTA,0,39362
TSS_1414_storz_regulondb,0.05,19,19,CGTGGCGAGACTTACGAAAG,0,59213
TSS_1414_storz_regulondb,0.05,19,19,CGTGCGTTGATCCGGATGAT,0,10407
TSS_1414_storz_regulondb,0.05,19,19,CGTATGAAGTCGATTCCTCT,0,2093
TSS_1414_storz_regulondb,0.05,19,19,CGGTGGGAAAGCTTACCAAA,0,49188
TSS_1414_storz_regulondb,0.05,19,19,CGGTAGGCATTAACGGCAAT,0,56796
TSS_1414_storz_regulondb,0.05,19,19,CGGCTGGAACTCCGGATCGC,0,76110
TSS_1414_storz_regulondb,0.05,19,19,CGGCGTTTAGTTCAATATTA,0,48052
TSS_1414_storz_regulondb,0.05,19,19,CGGCCATAGAAAATTAAATT,0,58676
TSS_1414_storz_regulondb,0.05,19,19,CGCTTATTCAACTGCCACAT,0,18145
TSS_1414_storz_regulondb,0.05,19,19,CGCCAGAAATGACATCCAGT,0,64474
TSS_1414_storz_regulondb,0.05,19,19,CGCATCTTGGCGTAATTTAG,0,6136
TSS_1414_storz_regulondb,0.05,19,19,CGAAGTAACGGCGCCCCGTT,0,6451
TSS_1414_storz_regulondb,0.05,19,19,CCTGTTAACGCCGCAATCTC,0,51529
TSS_1414_storz_regulondb,0.05,19,19,CCGTCGGCGCGTGGAATCAT,0,20804
TSS_1414_storz_regulondb,0.05,19,19,CCGATGGTCCTGTTGAGCAT,0,77828
TSS_1414_storz_regulondb,0.05,19,19,CCGAGCTCCAAAATAGGTTA,0,3100
TSS_1414_storz_regulondb,0.05,19,19,CCGACGTCTTCCGATTTCCG,0,13836
TSS_1414_storz_regulondb,0.05,19,19,CCCCAGAGGGTTCCGCCTTG,0,51237
TSS_1414_storz_regulondb,0.05,19,19,CCCATGTACCTCATGTTGGA,0,44566
TSS_1414_storz_regulondb,0.05,19,19,CCAATGCTTGATATTAGCCT,0,81026
TSS_1414_storz_regulondb,0.05,19,19,CATCCCACAGTCCACACCCA,0,22448
TSS_1414_storz_regulondb,0.05,19,19,CATCAAGTCGCCAATCCATG,0,7304
TSS_1414_storz_regulondb,0.05,19,19,CATACTTGGCGCCATTTTAG,0,34416
TSS_1414_storz_regulondb,0.05,19,19,CAGTGTGTGTTTGCCCTGCA,0,39139
TSS_1414_storz_regulondb,0.05,19,19,CAGTGAGGTTAGACGTAGAG,0,26948
TSS_1414_storz_regulondb,0.05,19,19,CAGGTCGTCACTCAGGCAAC,0,18184
TSS_1414_storz_regulondb,0.05,19,19,CAAGACCTACTTTCCTTGTA,0,42838
TSS_1414_storz_regulondb,0.05,19,19,ATTCACTTGCCGTTAACCCC,0,8533
TSS_1414_storz_regulondb,0.05,19,19,ATTACCAGAATATCACAGGT,0,7379
TSS_1414_storz_regulondb,0.05,19,19,ATTAAAACGACCTTTAATTC,0,16010
TSS_1414_storz_regulondb,0.05,19,19,ATAGTCCCCCGCAGAAACGT,0,71250
TSS_1414_storz_regulondb,0.05,19,19,ATAGGTCGTCACCTCTATCT,0,57890
TSS_1414_storz_regulondb,0.05,19,19,ATAGCAGAGAAATCCTGTTG,0,3073
TSS_1414_storz_regulondb,0.05,19,19,ATACTTAGGCCTCCGGCGGG,0,4496
TSS_1414_storz_regulondb,0.05,19,19,ATACGGTTTATGGTCCCATA,0,40006
TSS_1414_storz_regulondb,0.05,19,19,ATACACGCCTCTGCTCTATA,0,41282
TSS_1414_storz_regulondb,0.05,19,19,AGTTAGAGGGCCAAGGTTGA,0,20358
TSS_1414_storz_regulondb,0.05,19,19,AGTGTATCATCGCGAGGAGA,0,36962
TSS_1414_storz_regulondb,0.05,19,19,AGTATTCGAAGAGTTGAAAA,0,10680
TSS_1414_storz_regulondb,0.05,19,19,AGGTGTGCGATAGACTATAT,0,11785
TSS_1414_storz_regulondb,0.05,19,19,AGGCTACTTGGCAACTGCCT,0,54870
TSS_1414_storz_regulondb,0.05,19,19,AGGCAGTTTAAAAGGCTCGG,0,33147
TSS_1414_storz_regulondb,0.05,19,19,AGGACCTTGTATACCGCGGC,0,43025
TSS_1414_storz_regulondb,0.05,19,19,AGCCAGACACTGGGATTGCT,0,15020
TSS_1414_storz_regulondb,0.05,19,19,AGCAACGTCTACGTTGGTAT,0,2
TSS_1414_storz_regulondb,0.05,19,19,AGATGGCGGTGCGTGGTCTC,0,57260
TSS_1414_storz_regulondb,0.05,19,19,AGATGATGCGAATCATACGA,0,40529
TSS_1414_storz_regulondb,0.05,19,19,AGAAACGTCAAACTTTACAT,0,46385
TSS_1414_storz_regulondb,0.05,19,19,ACTTGACAAACGTCAACCGT,0,11302
TSS_1414_storz_regulondb,0.05,19,19,ACTGGGCGATTGGGCTACTC,0,37371
TSS_1414_storz_regulondb,0.05,19,19,ACGTGACCGGCACATGGGAT,0,38061
TSS_1414_storz_regulondb,0.05,19,19,ACGGTGATATGTAATATCAT,0,56199
TSS_1414_storz_regulondb,0.05,19,19,ACATTCCTTCGCTGCAGAGT,0,56550
TSS_1414_storz_regulondb,0.05,19,19,ACACTGTTCACGGATGTGAC,0,54486
TSS_1414_storz_regulondb,0.05,19,19,AATGTTTATTAATTTGTGTC,0,23968
TSS_1414_storz_regulondb,0.05,19,19,AATATTTGGAGTAAGTGAAG,0,61340
TSS_1414_storz_regulondb,0.05,19,19,AAGTAGCAGCTATCCTCCGT,0,65188
TSS_1414_storz_regulondb,0.05,19,19,AAGATGTTGTATTATCGGAC,0,80330
TSS_1414_storz_regulondb,0.05,19,19,AACTACTTTAATGAACTTAG,0,56061
TSS_1414_storz_regulondb,0.05,19,19,AACGGATGGCCGGTGGGCTT,0,71629
TSS_1414_storz_regulondb,0.05,19,19,AAATTCCGCCAGGTACGGCG,0,51718
TSS_1414_storz_regulondb,0.05,19,19,AAAGCTAGTTGGTATGGCAT,0,36462
TSS_1414_storz_regulondb,0.05263157894736842,18,18,TTTCATTAGTATTCGTTATG,0,73724
TSS_1414_storz_regulondb,0.05263157894736842,18,18,TTGATCCGGTATGATGGCCA,0,38439
TSS_1414_storz_regulondb,0.05263157894736842,18,18,TTGACTGTTTTCAAAGCACA,0,12869
TSS_1414_storz_regulondb,0.05263157894736842,18,18,TTCTTGAGTGTCTAGTACTG,0,71034
TSS_1414_storz_regulondb,0.05263157894736842,18,18,TTCCTAGTAGGCCCACGGGT,0,45164
TSS_1414_storz_regulondb,0.05263157894736842,18,18,TTCCAATGCGGAGTAGATCA,0,11770
TSS_1414_storz_regulondb,0.05263157894736842,18,18,TTCATTTACTGAAGGGTCCA,0,79474
TSS_1414_storz_regulondb,0.05263157894736842,18,18,TTCATCGGTAGGCATTTTCA,0,21214
TSS_1414_storz_regulondb,0.05263157894736842,18,18,TTCAGGCATTAGGAGTAGGC,0,38825
TSS_1414_storz_regulondb,0.05263157894736842,18,18,TTATCTGTCAACCGGTATGC,0,60850
TSS_1414_storz_regulondb,0.05263157894736842,18,18,TTACGTTAACGGCCATGGAC,0,41938
TSS_1414_storz_regulondb,0.05263157894736842,18,18,TTAATGAGCCCCGCTCAATG,0,54951
TSS_1414_storz_regulondb,0.05263157894736842,18,18,TTAAAGTTACCAGCGATTGT,0,55862
TSS_1414_storz_regulondb,0.05263157894736842,18,18,TGTGCACGCCTATAGATCGG,0,54300
TSS_1414_storz_regulondb,0.05263157894736842,18,18,TGGTCGTCATGCTTATGACC,0,73680
TSS_1414_storz_regulondb,0.05263157894736842,18,18,TGGGGATGAAGCACATGTTA,0,43692
TSS_1414_storz_regulondb,0.05263157894736842,18,18,TGGCTCGATGGGGGTAGTAT,0,52882
TSS_1414_storz_regulondb,0.05263157894736842,18,18,TGGACAGGGACGAGGTGGCC,0,29961
TSS_1414_storz_regulondb,0.05263157894736842,18,18,TGCGCCTGAGCGCCGGGTAT,0,12739
TSS_1414_storz_regulondb,0.05263157894736842,18,18,TGCGACGTTTGCAGGCTCCA,0,60164
TSS_1414_storz_regulondb,0.05263157894736842,18,18,TGCCGGTCCGCGCGTGGTGT,0,48160
TSS_1414_storz_regulondb,0.05263157894736842,18,18,TGCCCTGGAATGAACGGGCA,0,73579
TSS_1414_storz_regulondb,0.05263157894736842,18,18,TGCCACTTCATGCCGCCAAT,0,47096
TSS_1414_storz_regulondb,0.05263157894736842,18,18,TGAGTAAGTCTTTATAAAGG,0,19914
TSS_1414_storz_regulondb,0.05263157894736842,18,18,TGAGTAAGTAGCGTGCTGTC,0,36818
TSS_1414_storz_regulondb,0.05263157894736842,18,18,TCTTCTACGGTCTTAATTCT,0,16171
TSS_1414_storz_regulondb,0.05263157894736842,18,18,TCTCCGTCAATCGGAGTGTC,0,12403
TSS_1414_storz_regulondb,0.05263157894736842,18,18,TCTCCACGTCCATTGGCGCT,0,19119
TSS_1414_storz_regulondb,0.05263157894736842,18,18,TCGGGTTGCTGAGGGAAAAA,0,50417
TSS_1414_storz_regulondb,0.05263157894736842,18,18,TCCTTTAACAATAGTATGTT,0,11021
TSS_1414_storz_regulondb,0.05263157894736842,18,18,TCATTGGTGGAGGGTCTGAT,0,34954
TSS_1414_storz_regulondb,0.05263157894736842,18,18,TCACCCGGTGTCATGCGCTC,0,17698
TSS_1414_storz_regulondb,0.05263157894736842,18,18,TCAATTGTCCTACAGGGGTA,0,31465
TSS_1414_storz_regulondb,0.05263157894736842,18,18,TATTCGTGGTACACGTACCG,0,61303
TSS_1414_storz_regulondb,0.05263157894736842,18,18,TACTTTTCCTTAGAAGCCCC,0,55544
TSS_1414_storz_regulondb,0.05263157894736842,18,18,TACTTGATGGTAAGATCGCG,0,31857
TSS_1414_storz_regulondb,0.05263157894736842,18,18,TACTGCAGTTCTTTGTGGTA,0,8050
TSS_1414_storz_regulondb,0.05263157894736842,18,18,TACCAATCAACTAAAGGGGT,0,18707
TSS_1414_storz_regulondb,0.05263157894736842,18,18,TAATGCTGCGCAATGCAATC,0,79143
TSS_1414_storz_regulondb,0.05263157894736842,18,18,TAAGGTCGTCCCAGGAGTGT,0,33666
TSS_1414_storz_regulondb,0.05263157894736842,18,18,TAAGCTTGCCCCGTCATTTA,0,3439
TSS_1414_storz_regulondb,0.05263157894736842,18,18,TAACATGACTGGTGGTTTGC,0,53527
TSS_1414_storz_regulondb,0.05263157894736842,18,18,GTTCTACGGCTGTGAATCTT,0,60692
TSS_1414_storz_regulondb,0.05263157894736842,18,18,GTTAATCATATGAGCAATTA,0,47133
TSS_1414_storz_regulondb,0.05263157894736842,18,18,GTTAACTGAAAATGCATCGT,0,20184
TSS_1414_storz_regulondb,0.05263157894736842,18,18,GTTAAAAGCCTCGCGGCCTA,0,45456
TSS_1414_storz_regulondb,0.05263157894736842,18,18,GTGGTAGAAACGCCTCGAGT,0,13182
TSS_1414_storz_regulondb,0.05263157894736842,18,18,GTGGCTGAAGAGTGCGACGG,0,45497
TSS_1414_storz_regulondb,0.05263157894736842,18,18,GTGGAGAATAAGTGATGGCG,0,7243
TSS_1414_storz_regulondb,0.05263157894736842,18,18,GTGCGCGACCCGCGTAGCAT,0,80536
TSS_1414_storz_regulondb,0.05263157894736842,18,18,GTGATATTAGCGGGTCTGAA,0,4833
TSS_1414_storz_regulondb,0.05263157894736842,18,18,GTGAGTTGAGGCCGAATAAT,0,38245
TSS_1414_storz_regulondb,0.05263157894736842,18,18,GTCGTCGCTCGCGGAAGCAT,0,26690
TSS_1414_storz_regulondb,0.05263157894736842,18,18,GTCGGTAACCCGACCCAATA,0,23218
TSS_1414_storz_regulondb,0.05263157894736842,18,18,GTCCCTCGGCTTGGACATTA,0,58632
TSS_1414_storz_regulondb,0.05263157894736842,18,18,GTCCCAAGGGACCGGGGAAA,0,48374
TSS_1414_storz_regulondb,0.05263157894736842,18,18,GTCCACACGCATGATCGGAT,0,33512
TSS_1414_storz_regulondb,0.05263157894736842,18,18,GTATGGCAGGAGGCGGCTAC,0,30169
TSS_1414_storz_regulondb,0.05263157894736842,18,18,GTATGCGACGTGCTCACCAA,0,64237
TSS_1414_storz_regulondb,0.05263157894736842,18,18,GTATCCGTCTGACCACGTAC,0,66009
TSS_1414_storz_regulondb,0.05263157894736842,18,18,GTACGAGCCCGGGCCAGCTC,0,44257
TSS_1414_storz_regulondb,0.05263157894736842,18,18,GTAAGGGATGGCGGTCGGGC,0,49800
TSS_1414_storz_regulondb,0.05263157894736842,18,18,GGTGGCAGCACATCCACTGA,0,58374
TSS_1414_storz_regulondb,0.05263157894736842,18,18,GGTCCGCGGCGTAGCGCCGT,0,34221
TSS_1414_storz_regulondb,0.05263157894736842,18,18,GGGTGAGCATGTGCTCTCAG,0,21300
TSS_1414_storz_regulondb,0.05263157894736842,18,18,GGGATCTTATAGGGGTCGCG,0,27476
TSS_1414_storz_regulondb,0.05263157894736842,18,18,GGGACGTACGTGTACCGACG,0,2178
TSS_1414_storz_regulondb,0.05263157894736842,18,18,GGGAATGGGATCTCTCCACC,0,77735
TSS_1414_storz_regulondb,0.05263157894736842,18,18,GGCTTACAATGTTCTTAAGT,0,52643
TSS_1414_storz_regulondb,0.05263157894736842,18,18,GGCGGCGGTTCCGGAATAAT,0,50201
TSS_1414_storz_regulondb,0.05263157894736842,18,18,GGAGACGCGGTAATCGCGAA,0,129
TSS_1414_storz_regulondb,0.05263157894736842,18,18,GGAATCCCGCTGTCAAGCCA,0,61530
TSS_1414_storz_regulondb,0.05263157894736842,18,18,GCTGAGTCTATCAGCTTGGA,0,36380
TSS_1414_storz_regulondb,0.05263157894736842,18,18,GCTCTAATCGTGGCCAGAGC,0,16567
TSS_1414_storz_regulondb,0.05263157894736842,18,18,GCTAGGCCCGATATCAGAAT,0,70093
TSS_1414_storz_regulondb,0.05263157894736842,18,18,GCGAATCACAACTAGACAAA,0,78936
TSS_1414_storz_regulondb,0.05263157894736842,18,18,GCCCGATGGCCGAGGCAAAT,0,2435
TSS_1414_storz_regulondb,0.05263157894736842,18,18,GCCAGCCGGTCTTGGTGTTT,0,58948
TSS_1414_storz_regulondb,0.05263157894736842,18,18,GCCAAAGTGCGAGCAGACAA,0,13003
TSS_1414_storz_regulondb,0.05263157894736842,18,18,GCATACTCAATCCGCGGGCG,0,3906
TSS_1414_storz_regulondb,0.05263157894736842,18,18,GCACCCGTAGGCTTCCCGTC,0,23807
TSS_1414_storz_regulondb,0.05263157894736842,18,18,GCAATTAAGATCTCGGTATA,0,73734
TSS_1414_storz_regulondb,0.05263157894736842,18,18,GCAAGCTTCATATTTTTGGC,0,10876
TSS_1414_storz_regulondb,0.05263157894736842,18,18,GATGGTGCTTCTTATCGAGT,0,9968
TSS_1414_storz_regulondb,0.05263157894736842,18,18,GATGCGTACCTATGCAAGAT,0,71982
TSS_1414_storz_regulondb,0.05263157894736842,18,18,GATCCACTCTGACCGAAGAG,0,55536
TSS_1414_storz_regulondb,0.05263157894736842,18,18,GATAACGTAGAGAATACGCT,0,58644
TSS_1414_storz_regulondb,0.05263157894736842,18,18,GAGTCCGATCAATCGACGAC,0,16603
TSS_1414_storz_regulondb,0.05263157894736842,18,18,GACATTAGAATCAGTCCAGA,0,25906
TSS_1414_storz_regulondb,0.05263157894736842,18,18,GAAGGCCGTTAAGTGCCCAT,0,30701
TSS_1414_storz_regulondb,0.05263157894736842,18,18,GAACAAAGCTCTGTATATAT,0,12737
TSS_1414_storz_regulondb,0.05263157894736842,18,18,GAAAGCCGCGTTTGGAGCCT,0,78738
TSS_1414_storz_regulondb,0.05263157894736842,18,18,CTTAGAATCAAACCAAGGTT,0,16962
TSS_1414_storz_regulondb,0.05263157894736842,18,18,CTGTCTCGACACAGCGAGGC,0,11383
TSS_1414_storz_regulondb,0.05263157894736842,18,18,CTGACCTGTTACTTAACAAC,0,45361
TSS_1414_storz_regulondb,0.05263157894736842,18,18,CTCGGCTTCAGACACGGAGC,0,19373
TSS_1414_storz_regulondb,0.05263157894736842,18,18,CTCGCAATAGAGGTGATTCA,0,53432
TSS_1414_storz_regulondb,0.05263157894736842,18,18,CTCCACACGTTCTACTGGCA,0,2356
TSS_1414_storz_regulondb,0.05263157894736842,18,18,CTATTACATTAAGATCAGTA,0,16124
TSS_1414_storz_regulondb,0.05263157894736842,18,18,CTAATTCTCGCTTCTACATC,0,42502
TSS_1414_storz_regulondb,0.05263157894736842,18,18,CGTCGAGATCACACTTGCAT,0,36362
TSS_1414_storz_regulondb,0.05263157894736842,18,18,CGGGTCTATTGAATCCTTAA,0,47644
TSS_1414_storz_regulondb,0.05263157894736842,18,18,CGGAGCCATTACCAGGCGGC,0,51357
TSS_1414_storz_regulondb,0.05263157894736842,18,18,CGATAGGATCAGACATCGGG,0,66787
TSS_1414_storz_regulondb,0.05263157894736842,18,18,CGAAGGACCTGAACCAGAGA,0,79039
TSS_1414_storz_regulondb,0.05263157894736842,18,18,CCTGGGTTGGGTGTCCGTTA,0,27256
TSS_1414_storz_regulondb,0.05263157894736842,18,18,CCTCGTAGACCGTTAGGCGT,0,38450
TSS_1414_storz_regulondb,0.05263157894736842,18,18,CCTACCGGTTATTCATGAGT,0,65602
TSS_1414_storz_regulondb,0.05263157894736842,18,18,CCGTCCTCGATAGGTGACAG,0,78295
TSS_1414_storz_regulondb,0.05263157894736842,18,18,CCCGTGGGGAGTGTGTGTTG,0,66660
TSS_1414_storz_regulondb,0.05263157894736842,18,18,CCCAAGGAAGGCTAGCATTA,0,36229
TSS_1414_storz_regulondb,0.05263157894736842,18,18,CCAAACGGAGCTAAGCGCCG,0,35356
TSS_1414_storz_regulondb,0.05263157894736842,18,18,CATTACGGTCTGGAGCCAGG,0,13051
TSS_1414_storz_regulondb,0.05263157894736842,18,18,CATGCTCCAGGGCCATCAGG,0,24666
TSS_1414_storz_regulondb,0.05263157894736842,18,18,CATCACTTGCGGTCTCTTGT,0,25570
TSS_1414_storz_regulondb,0.05263157894736842,18,18,CAGTTTTCACTGGGGGATTA,0,23592
TSS_1414_storz_regulondb,0.05263157894736842,18,18,CAGCGGACGTGTTATCCGAT,0,18191
TSS_1414_storz_regulondb,0.05263157894736842,18,18,CAGCCTATTTGGTTCCGCAG,0,66586
TSS_1414_storz_regulondb,0.05263157894736842,18,18,CAGCCACACCTGACCGAAAT,0,46531
TSS_1414_storz_regulondb,0.05263157894736842,18,18,CAGATCGCTAGTCTTTGTCA,0,1837
TSS_1414_storz_regulondb,0.05263157894736842,18,18,CAGACCGATGGTAAGCCGTG,0,10910
TSS_1414_storz_regulondb,0.05263157894736842,18,18,CAGACAGTGACTGCATTGTA,0,77758
TSS_1414_storz_regulondb,0.05263157894736842,18,18,CAGAAGGCTGGTCATTTCGA,0,65652
TSS_1414_storz_regulondb,0.05263157894736842,18,18,CAATCCGACTCAACGCCTAG,0,79490
TSS_1414_storz_regulondb,0.05263157894736842,18,18,CAACTCAAGAGGCAAAAACA,0,77847
TSS_1414_storz_regulondb,0.05263157894736842,18,18,CAACCGATCCTCGCTTGACT,0,36245
TSS_1414_storz_regulondb,0.05263157894736842,18,18,ATGGGGTTATTCCATAGCGT,0,21646
TSS_1414_storz_regulondb,0.05263157894736842,18,18,ATGATCTATTGACCCGATGT,0,28745
TSS_1414_storz_regulondb,0.05263157894736842,18,18,ATCTTGTTAGTGGCACAGCT,0,8431
TSS_1414_storz_regulondb,0.05263157894736842,18,18,ATCTGCTTGCTGTCGTCCCA,0,15869
TSS_1414_storz_regulondb,0.05263157894736842,18,18,ATCGAAGGTGAAAGCAAGTG,0,60608
TSS_1414_storz_regulondb,0.05263157894736842,18,18,ATCAGTTTCGGGCCTAGTCT,0,43698
TSS_1414_storz_regulondb,0.05263157894736842,18,18,ATCAGAATTTGATTATCAGT,0,78440
TSS_1414_storz_regulondb,0.05263157894736842,18,18,AGTTTGGGCTCGCAGGGTTT,0,18985
TSS_1414_storz_regulondb,0.05263157894736842,18,18,AGTTTAGGTTTCAGCGGAGT,0,24374
TSS_1414_storz_regulondb,0.05263157894736842,18,18,AGTTCTCCACGGATCTCGAG,0,46219
TSS_1414_storz_regulondb,0.05263157894736842,18,18,AGTTCGGTGATGATCAAAGG,0,60665
TSS_1414_storz_regulondb,0.05263157894736842,18,18,AGTGTTCCTACTGAAGGGAC,0,46310
TSS_1414_storz_regulondb,0.05263157894736842,18,18,AGTGCGAAGGGAGAATCAAT,0,47523
TSS_1414_storz_regulondb,0.05263157894736842,18,18,AGTCCTTTGAATGCGTTGTA,0,18299
TSS_1414_storz_regulondb,0.05263157894736842,18,18,AGTAACTGGGTTACTTACCT,0,42257
TSS_1414_storz_regulondb,0.05263157894736842,18,18,AGGTCATGATGCAACGACAG,0,75112
TSS_1414_storz_regulondb,0.05263157894736842,18,18,AGGGTTCCAATATACTAAGA,0,66067
TSS_1414_storz_regulondb,0.05263157894736842,18,18,AGGGGAAGATAACGTAGACA,0,23578
TSS_1414_storz_regulondb,0.05263157894736842,18,18,AGGAATGGAGGGAGGGAGAA,0,9715
TSS_1414_storz_regulondb,0.05263157894736842,18,18,AGCGGTGGGGTTTCGAATGA,0,251
TSS_1414_storz_regulondb,0.05263157894736842,18,18,AGCGCTTCTCCTTAATGCAA,0,29406
TSS_1414_storz_regulondb,0.05263157894736842,18,18,AGCCCCAACCGAGCGAGTTG,0,16899
TSS_1414_storz_regulondb,0.05263157894736842,18,18,AGCAACGCTATCGCTGTTTA,0,35190
TSS_1414_storz_regulondb,0.05263157894736842,18,18,AGAGTACATATGCTTTTGTT,0,70700
TSS_1414_storz_regulondb,0.05263157894736842,18,18,AGAGGTGTATAAGCCCCCTA,0,27271
TSS_1414_storz_regulondb,0.05263157894736842,18,18,AGACGACGAGATCTGGGACA,0,66770
TSS_1414_storz_regulondb,0.05263157894736842,18,18,ACTTGGATCGAGGCGACGCA,0,25143
TSS_1414_storz_regulondb,0.05263157894736842,18,18,ACTTGAAGGGTCCGGTGATC,0,51212
TSS_1414_storz_regulondb,0.05263157894736842,18,18,ACTGTTTCTAGGACTCCGGA,0,74762
TSS_1414_storz_regulondb,0.05263157894736842,18,18,ACTGATTGGTGGGGCACGGA,0,17936
TSS_1414_storz_regulondb,0.05263157894736842,18,18,ACTCTCTCCCAGGAACGCTA,0,76431
TSS_1414_storz_regulondb,0.05263157894736842,18,18,ACTCTCGTGAACATACCCAT,0,52485
TSS_1414_storz_regulondb,0.05263157894736842,18,18,ACTCAGAGGCGACCCCGGAT,0,55109
TSS_1414_storz_regulondb,0.05263157894736842,18,18,ACGGCCTGCAAGTGGACCAT,0,54858
TSS_1414_storz_regulondb,0.05263157894736842,18,18,ACGATTAGTACTCGTTTTGG,0,53380
TSS_1414_storz_regulondb,0.05263157894736842,18,18,ACGAAGTTACGCTGGGCGGA,0,41974
TSS_1414_storz_regulondb,0.05263157894736842,18,18,ACAAGCTCCAGAGAGACGAA,0,34074
TSS_1414_storz_regulondb,0.05263157894736842,18,18,ACAACCTGCGCCCGCCCCTC,0,56545
TSS_1414_storz_regulondb,0.05263157894736842,18,18,AATCGTTCACCACGATCTAC,0,34791
TSS_1414_storz_regulondb,0.05263157894736842,18,18,AAGTTCCCTTAAGACGGTAA,0,77380
TSS_1414_storz_regulondb,0.05263157894736842,18,18,AAGGACTAGGTGCTGACCAA,0,68709
TSS_1414_storz_regulondb,0.05263157894736842,18,18,AAGCCGCTCCGGCTTATGCG,0,70598
TSS_1414_storz_regulondb,0.05263157894736842,18,18,AAGAGCAAGAGAACAACTTG,0,12554
TSS_1414_storz_regulondb,0.05263157894736842,18,18,AACTGTGGTGGTAATAGTGC,0,6276
TSS_1414_storz_regulondb,0.05263157894736842,18,18,AACATAGGACCGGTTTTTAG,0,66557
TSS_1414_storz_regulondb,0.05263157894736842,18,18,AACAGGCAAGTTTCCGGGGT,0,9598
TSS_1414_storz_regulondb,0.05263157894736842,18,18,AAATAATGTTAATCGACACA,0,7866
TSS_1414_storz_regulondb,0.05263157894736842,18,18,AAATAATCGTTCATGTCAGA,0,12052
TSS_1414_storz_regulondb,0.05263157894736842,18,18,AAAATCCCAGTGAGTTTTTC,0,79812
TSS_1414_storz_regulondb,0.05263157894736842,18,18,AAAACCCGAGGGGCCTAGTA,0,79333
TSS_1414_storz_regulondb,0.05555555555555555,17,17,TTTTTTCACAGTGTGGAATG,0,58280
TSS_1414_storz_regulondb,0.05555555555555555,17,17,TTTCGTCAGGTTACTTCAGA,0,72283
TSS_1414_storz_regulondb,0.05555555555555555,17,17,TTTAGTTCGTGTCCAGGCGC,0,44161
TSS_1414_storz_regulondb,0.05555555555555555,17,17,TTGGCAATATTGAATAGACT,0,12279
TSS_1414_storz_regulondb,0.05555555555555555,17,17,TTCCGAAGAGATGCCTGGTA,0,50370
TSS_1414_storz_regulondb,0.05555555555555555,17,17,TTATCTGGCTTTACCACGCG,0,69033
TSS_1414_storz_regulondb,0.05555555555555555,17,17,TTAGCTGCACATCTGCTGGC,0,3568
TSS_1414_storz_regulondb,0.05555555555555555,17,17,TTAGAGGCCCGATAAGCCTT,0,62345
TSS_1414_storz_regulondb,0.05555555555555555,17,17,TTAACTGGAGCTAGTTACGT,0,60155
TSS_1414_storz_regulondb,0.05555555555555555,17,17,TGTTTACTGTACTGTTTAGA,0,73354
TSS_1414_storz_regulondb,0.05555555555555555,17,17,TGTTGTCTCCACCCTATTCA,0,11041
TSS_1414_storz_regulondb,0.05555555555555555,17,17,TGTTCGGCTAAATTCCCAAC,0,36394
TSS_1414_storz_regulondb,0.05555555555555555,17,17,TGTGCTACACCGGGGCCCTT,0,1048
TSS_1414_storz_regulondb,0.05555555555555555,17,17,TGTGAGAAGGACAAGTGAAT,0,39360
TSS_1414_storz_regulondb,0.05555555555555555,17,17,TGTACCCGAGGGCTCTCGGC,0,18633
TSS_1414_storz_regulondb,0.05555555555555555,17,17,TGGTCGCCTCTCGTCGGGTA,0,48179
TSS_1414_storz_regulondb,0.05555555555555555,17,17,TGGTAAGTGTCGGACGGCAA,0,64542
TSS_1414_storz_regulondb,0.05555555555555555,17,17,TGGGGGATATGCTTCGGTGT,0,54559
TSS_1414_storz_regulondb,0.05555555555555555,17,17,TGGGATAGGGATTCTAGGAT,0,58949
TSS_1414_storz_regulondb,0.05555555555555555,17,17,TGGCCTCAACGGATGTCGCA,0,71105
TSS_1414_storz_regulondb,0.05555555555555555,17,17,TGCGACGGTTAATGGCACGA,0,78965
TSS_1414_storz_regulondb,0.05555555555555555,17,17,TGCCTTTTCATTGATCGCGT,0,79534
TSS_1414_storz_regulondb,0.05555555555555555,17,17,TGCATCACAGTTGTAACCTC,0,75660
TSS_1414_storz_regulondb,0.05555555555555555,17,17,TGCAGCCGGCTACCGGAACG,0,51540
TSS_1414_storz_regulondb,0.05555555555555555,17,17,TGATGGCCTGACAGCGGCAG,0,26808
TSS_1414_storz_regulondb,0.05555555555555555,17,17,TGATCTCGGGCCTCGTCGAT,0,26301
TSS_1414_storz_regulondb,0.05555555555555555,17,17,TGAGGTAGGCAGTGTGAAAA,0,44293
TSS_1414_storz_regulondb,0.05555555555555555,17,17,TCTTCTGAGCCGAGGGCACT,0,55660
TSS_1414_storz_regulondb,0.05555555555555555,17,17,TCTGCGCAGTCTTGGATGCG,0,61646
TSS_1414_storz_regulondb,0.05555555555555555,17,17,TCGTTCCGGATCCATCCGTA,0,44711
TSS_1414_storz_regulondb,0.05555555555555555,17,17,TCGTACAAATATCAGACTAT,0,32075
TSS_1414_storz_regulondb,0.05555555555555555,17,17,TCGTAACGGTTAGCAATTCA,0,76646
TSS_1414_storz_regulondb,0.05555555555555555,17,17,TCGCGTACACTTGTCGGAGG,0,29823
TSS_1414_storz_regulondb,0.05555555555555555,17,17,TCCCCCTTTAACTCTCGTAT,0,57362
TSS_1414_storz_regulondb,0.05555555555555555,17,17,TCCAATGGGTAATGATCTTG,0,29253
TSS_1414_storz_regulondb,0.05555555555555555,17,17,TCATCTGGAAGGCCAAGGCG,0,48126
TSS_1414_storz_regulondb,0.05555555555555555,17,17,TCATCACATCGGTGGACGAT,0,68109
TSS_1414_storz_regulondb,0.05555555555555555,17,17,TCATAGCCCCCGCCCCGAGA,0,25240
TSS_1414_storz_regulondb,0.05555555555555555,17,17,TCACGAGGGAAAGCGCTTTG,0,64681
TSS_1414_storz_regulondb,0.05555555555555555,17,17,TATTTTTGGCATCTTCGGTA,0,65635
TSS_1414_storz_regulondb,0.05555555555555555,17,17,TATGGATGGCGTGGTCAATT,0,65190
TSS_1414_storz_regulondb,0.05555555555555555,17,17,TATCTGTGGCCGGGTCGGTG,0,9298
TSS_1414_storz_regulondb,0.05555555555555555,17,17,TAGGGCTTGATTGGGGGGGG,0,22652
TSS_1414_storz_regulondb,0.05555555555555555,17,17,TAGGCAAGATACCCACCACA,0,32164
TSS_1414_storz_regulondb,0.05555555555555555,17,17,TACTGCATACCACGGGGAGT,0,38754
TSS_1414_storz_regulondb,0.05555555555555555,17,17,TACTACTCAGGCAGTGTCTG,0,61465
TSS_1414_storz_regulondb,0.05555555555555555,17,17,TACCAACAATTGATCGAGTC,0,72792
TSS_1414_storz_regulondb,0.05555555555555555,17,17,TACATGAGTTTTAAGGTCCT,0,3620
TSS_1414_storz_regulondb,0.05555555555555555,17,17,TACAGAGGGGTTCAGATAAG,0,63604
TSS_1414_storz_regulondb,0.05555555555555555,17,17,TACAAGCGTGGGCACCCTGA,0,75544
TSS_1414_storz_regulondb,0.05555555555555555,17,17,TAAGCGCGGAATTCATCCGA,0,57426
TSS_1414_storz_regulondb,0.05555555555555555,17,17,GTTTACACCCGCGAGCACTA,0,63493
TSS_1414_storz_regulondb,0.05555555555555555,17,17,GTTGACTTAGGACTGAAATC,0,70001
TSS_1414_storz_regulondb,0.05555555555555555,17,17,GTTATCCCTCCTGGACACGT,0,73469
TSS_1414_storz_regulondb,0.05555555555555555,17,17,GTGTCCAAGCGGTTTTTGTG,0,66310
TSS_1414_storz_regulondb,0.05555555555555555,17,17,GTGAAAGAGCTCAGCGCTCA,0,75073
TSS_1414_storz_regulondb,0.05555555555555555,17,17,GTCTGTGACGAAGCCGCGGC,0,29125
TSS_1414_storz_regulondb,0.05555555555555555,17,17,GTCGCGCCTATTAACTGTAA,0,17244
TSS_1414_storz_regulondb,0.05555555555555555,17,17,GTCACAATATTGCGAAAGAG,0,47787
TSS_1414_storz_regulondb,0.05555555555555555,17,17,GTAGCCACGGATGCTCTTCA,0,14133
TSS_1414_storz_regulondb,0.05555555555555555,17,17,GGTTGGCTCCTGACTGTTTT,0,23638
TSS_1414_storz_regulondb,0.05555555555555555,17,17,GGTGCGTCTACCGGGCCGAC,0,54281
TSS_1414_storz_regulondb,0.05555555555555555,17,17,GGTGAGTTCAAGCGAGAGCG,0,10183
TSS_1414_storz_regulondb,0.05555555555555555,17,17,GGTCTTGGACCCTGCGAAGT,0,9488
TSS_1414_storz_regulondb,0.05555555555555555,17,17,GGGCCGCCAGGCGGCTTCGG,0,12731
TSS_1414_storz_regulondb,0.05555555555555555,17,17,GGCCCAACAAGACTAGACAT,0,30932
TSS_1414_storz_regulondb,0.05555555555555555,17,17,GGATTGTTGACGGCCGCTCA,0,67878
TSS_1414_storz_regulondb,0.05555555555555555,17,17,GGAGGCCCACTGCATAGGCG,0,49654
TSS_1414_storz_regulondb,0.05555555555555555,17,17,GGACGAACCTCCCACAGGGA,0,4314
TSS_1414_storz_regulondb,0.05555555555555555,17,17,GGACCAGTTGTAGGAATTCT,0,20590
TSS_1414_storz_regulondb,0.05555555555555555,17,17,GGAATGTCAGGAATAAAGGC,0,50
TSS_1414_storz_regulondb,0.05555555555555555,17,17,GGAAAAAGCACTCCCGAGAC,0,64461
TSS_1414_storz_regulondb,0.05555555555555555,17,17,GCTGGGGGGTCAGGCCCACT,0,18455
TSS_1414_storz_regulondb,0.05555555555555555,17,17,GCTGGCAGTTTGCGAAACTC,0,48397
TSS_1414_storz_regulondb,0.05555555555555555,17,17,GCTGAAAAAGTCACATTGTC,0,29316
TSS_1414_storz_regulondb,0.05555555555555555,17,17,GCTATTTCAATTACCGCGCT,0,19131
TSS_1414_storz_regulondb,0.05555555555555555,17,17,GCTATGAGCGCCGAGTGCCA,0,66638
TSS_1414_storz_regulondb,0.05555555555555555,17,17,GCGTGGATAACTGAGTATTA,0,61686
TSS_1414_storz_regulondb,0.05555555555555555,17,17,GCGTGACCGTTTTTAATGCA,0,9562
TSS_1414_storz_regulondb,0.05555555555555555,17,17,GCGTAAGGCCTGGGTTGTAT,0,18426
TSS_1414_storz_regulondb,0.05555555555555555,17,17,GCGGGGGTAAGAAGTATCCC,0,24808
TSS_1414_storz_regulondb,0.05555555555555555,17,17,GCGCCATCCGACACCTATGT,0,67129
TSS_1414_storz_regulondb,0.05555555555555555,17,17,GCGATCGCGTGTTAAAAGAA,0,76017
TSS_1414_storz_regulondb,0.05555555555555555,17,17,GCGACCAGATGGAGAGCTAT,0,13020
TSS_1414_storz_regulondb,0.05555555555555555,17,17,GCATGCTGTATACACTGCCA,0,10190
TSS_1414_storz_regulondb,0.05555555555555555,17,17,GCAGTTGAGTCCCAGCTGAA,0,47232
TSS_1414_storz_regulondb,0.05555555555555555,17,17,GCACCCGGCAAAGGACCGGT,0,5503
TSS_1414_storz_regulondb,0.05555555555555555,17,17,GCACCCCAGATGGCGGGCCT,0,16352
TSS_1414_storz_regulondb,0.05555555555555555,17,17,GCACAGAGCTCGGCCCGGGG,0,36587
TSS_1414_storz_regulondb,0.05555555555555555,17,17,GCACAAAGACCAACCCTCCC,0,25093
TSS_1414_storz_regulondb,0.05555555555555555,17,17,GCAACTATAGTCCGTCGTGC,0,66881
TSS_1414_storz_regulondb,0.05555555555555555,17,17,GCAACCAATATTAGTTGATA,0,20106
TSS_1414_storz_regulondb,0.05555555555555555,17,17,GCAACAATACGACCCCCGAG,0,48215
TSS_1414_storz_regulondb,0.05555555555555555,17,17,GAGTGTGTCAATCGTCTAAG,0,8234
TSS_1414_storz_regulondb,0.05555555555555555,17,17,GAGGCAGGGTTCCCGCCCCG,0,72647
TSS_1414_storz_regulondb,0.05555555555555555,17,17,GACGTGTTCGCCATCAAACG,0,19716
TSS_1414_storz_regulondb,0.05555555555555555,17,17,GACCCCTGTATTCTTAAAAT,0,40882
TSS_1414_storz_regulondb,0.05555555555555555,17,17,GACCACCAGGTGATTTTTAT,0,45882
TSS_1414_storz_regulondb,0.05555555555555555,17,17,GACACGCGGCCCCGCGGTAG,0,64905
TSS_1414_storz_regulondb,0.05555555555555555,17,17,GACACAGGGCTCACCGGAGT,0,19972
TSS_1414_storz_regulondb,0.05555555555555555,17,17,GAATCTCGGCAAGTTCTCTG,0,74955
TSS_1414_storz_regulondb,0.05555555555555555,17,17,GAATAGTGTGTGTGTGGTCA,0,8007
TSS_1414_storz_regulondb,0.05555555555555555,17,17,GAAATCAAACCCGACATGGA,0,64650
TSS_1414_storz_regulondb,0.05555555555555555,17,17,CTTCAGTTCAACACGGCGGC,0,13386
TSS_1414_storz_regulondb,0.05555555555555555,17,17,CTTAAACACGAGTGCCGCTG,0,65207
TSS_1414_storz_regulondb,0.05555555555555555,17,17,CTGAAGAGCGCTATTGCATG,0,9773
TSS_1414_storz_regulondb,0.05555555555555555,17,17,CTCTTCGCATGCACTCCTGA,0,26416
TSS_1414_storz_regulondb,0.05555555555555555,17,17,CTCGTGTTATAGTGATGTTT,0,15227
TSS_1414_storz_regulondb,0.05555555555555555,17,17,CTATTGAAATTATCAGAATA,0,41195
TSS_1414_storz_regulondb,0.05555555555555555,17,17,CTATTCTTACTGTGTTGTTC,0,58889
TSS_1414_storz_regulondb,0.05555555555555555,17,17,CTATTACTTTCATAACGTTG,0,27633
TSS_1414_storz_regulondb,0.05555555555555555,17,17,CTATGTGATCCACCCTGGGC,0,47150
TSS_1414_storz_regulondb,0.05555555555555555,17,17,CGTTGGCCTCAATGCCGTCC,0,52517
TSS_1414_storz_regulondb,0.05555555555555555,17,17,CGTTCCAGACGCCCCGGAGA,0,49691
TSS_1414_storz_regulondb,0.05555555555555555,17,17,CGTCTCTTACTGTATGAAGC,0,19192
TSS_1414_storz_regulondb,0.05555555555555555,17,17,CGGTTGATTACCTTATTGAA,0,8647
TSS_1414_storz_regulondb,0.05555555555555555,17,17,CGGTCCGTATGCCTATCATG,0,68206
TSS_1414_storz_regulondb,0.05555555555555555,17,17,CGGTAGTCTATCGCCATCGC,0,52347
TSS_1414_storz_regulondb,0.05555555555555555,17,17,CGGTAAGGGCTAATGAACTT,0,47662
TSS_1414_storz_regulondb,0.05555555555555555,17,17,CGGGCAGATACAAGACCGGT,0,10686
TSS_1414_storz_regulondb,0.05555555555555555,17,17,CGGGAGCATGAGGAATTTCT,0,9015
TSS_1414_storz_regulondb,0.05555555555555555,17,17,CGGAATAATCCAGTGCGACA,0,61452
TSS_1414_storz_regulondb,0.05555555555555555,17,17,CGGAAAGACCCATCCCCAGC,0,31780
TSS_1414_storz_regulondb,0.05555555555555555,17,17,CGCGGAGCGGGGCTTTCTGG,0,42212
TSS_1414_storz_regulondb,0.05555555555555555,17,17,CGCCTGTTGCCCCAATGTAT,0,53660
TSS_1414_storz_regulondb,0.05555555555555555,17,17,CGCCCCCGGCATGTTGTGGT,0,71987
TSS_1414_storz_regulondb,0.05555555555555555,17,17,CGCATTCGGATGTCAGAGCC,0,63221
TSS_1414_storz_regulondb,0.05555555555555555,17,17,CGCAAGTATTCTGCATGTGA,0,27043
TSS_1414_storz_regulondb,0.05555555555555555,17,17,CGATCGGCAAGTCTTAAGCT,0,11081
TSS_1414_storz_regulondb,0.05555555555555555,17,17,CGACAGATAGTGACTGAGGG,0,7237
TSS_1414_storz_regulondb,0.05555555555555555,17,17,CCTGGGGGTCCCCTCGGGTG,0,76899
TSS_1414_storz_regulondb,0.05555555555555555,17,17,CCTCGTCTAGTTAGATTACT,0,79782
TSS_1414_storz_regulondb,0.05555555555555555,17,17,CCTACCGTCCATAAGCTTGC,0,34644
TSS_1414_storz_regulondb,0.05555555555555555,17,17,CCCGATTACTGCTGGGAACT,0,46557
TSS_1414_storz_regulondb,0.05555555555555555,17,17,CCAGTTCCCCGATACCAACT,0,31009
TSS_1414_storz_regulondb,0.05555555555555555,17,17,CCAGTCAGAATGAGGATTCA,0,64939
TSS_1414_storz_regulondb,0.05555555555555555,17,17,CCAGGTATAGACATTTTAAG,0,5555
TSS_1414_storz_regulondb,0.05555555555555555,17,17,CCACTGACCGCCCGTGTCGT,0,70699
TSS_1414_storz_regulondb,0.05555555555555555,17,17,CCAACCGACTACACTGCGTT,0,31358
TSS_1414_storz_regulondb,0.05555555555555555,17,17,CATTTACGTCTCAGTTCAGA,0,41859
TSS_1414_storz_regulondb,0.05555555555555555,17,17,CATCGAAAAGCGTTTATTAT,0,31732
TSS_1414_storz_regulondb,0.05555555555555555,17,17,CATAGAAGTGGAAAGCATCT,0,16574
TSS_1414_storz_regulondb,0.05555555555555555,17,17,CAGTAACACCGGAATGCATA,0,54616
TSS_1414_storz_regulondb,0.05555555555555555,17,17,CAGGTCCCTTTACCACCGGG,0,24456
TSS_1414_storz_regulondb,0.05555555555555555,17,17,CAGGCTTCAACGGGTTGTGC,0,4504
TSS_1414_storz_regulondb,0.05555555555555555,17,17,CAGAATGGTCAAATATAGAA,0,58616
TSS_1414_storz_regulondb,0.05555555555555555,17,17,CACGGGCATATGCCGTATCT,0,1269
TSS_1414_storz_regulondb,0.05555555555555555,17,17,CACGCATCTGCCGAGCAAAT,0,54955
TSS_1414_storz_regulondb,0.05555555555555555,17,17,CACAGCGGGACATTTTCGAA,0,6385
TSS_1414_storz_regulondb,0.05555555555555555,17,17,CACAAGAGGCAGAAAAATAA,0,18468
TSS_1414_storz_regulondb,0.05555555555555555,17,17,CAATCCGGCATTTAGCGTAA,0,31190
TSS_1414_storz_regulondb,0.05555555555555555,17,17,CAAGGTAGCTGACCGCGTTT,0,49284
TSS_1414_storz_regulondb,0.05555555555555555,17,17,CAAGGCCGTACATGGCCCAT,0,22766
TSS_1414_storz_regulondb,0.05555555555555555,17,17,CAAGCAGTATGTGGGCTTCT,0,14755
TSS_1414_storz_regulondb,0.05555555555555555,17,17,CAACAACGTCAACCCACCTA,0,18852
TSS_1414_storz_regulondb,0.05555555555555555,17,17,CAAAGTGGGGGCCTTATCAA,0,23903
TSS_1414_storz_regulondb,0.05555555555555555,17,17,ATTTCAATCCGTAGGACCGT,0,61525
TSS_1414_storz_regulondb,0.05555555555555555,17,17,ATTGGGTATTCACAGGCCGA,0,54545
TSS_1414_storz_regulondb,0.05555555555555555,17,17,ATTCGCTTTGATCATAGACG,0,39674
TSS_1414_storz_regulondb,0.05555555555555555,17,17,ATGGTTTTATGCCAACCAAC,0,64595
TSS_1414_storz_regulondb,0.05555555555555555,17,17,ATGGTGTGACAGAGCGAAAA,0,74974
TSS_1414_storz_regulondb,0.05555555555555555,17,17,ATGCTTAGGCATAGAAAAAA,0,56525
TSS_1414_storz_regulondb,0.05555555555555555,17,17,ATGAGAAGGCATACTCGAAC,0,71692
TSS_1414_storz_regulondb,0.05555555555555555,17,17,ATCTGATGTTTAGACCCGGG,0,56753
TSS_1414_storz_regulondb,0.05555555555555555,17,17,ATCACTAACAAGACGTACTG,0,670
TSS_1414_storz_regulondb,0.05555555555555555,17,17,ATAGTATATTAGGGGAAGCT,0,55722
TSS_1414_storz_regulondb,0.05555555555555555,17,17,ATAGCAAGGTCATTTCTAGA,0,12430
TSS_1414_storz_regulondb,0.05555555555555555,17,17,ATACGTTGTTTAACCTGTTT,0,70490
TSS_1414_storz_regulondb,0.05555555555555555,17,17,ATACGTAGTTGCAATCCTTG,0,37376
TSS_1414_storz_regulondb,0.05555555555555555,17,17,ATACCAACTGCTCGTTTGAT,0,41679
TSS_1414_storz_regulondb,0.05555555555555555,17,17,ATACAGCTAGGTCAGTTTGA,0,7513
TSS_1414_storz_regulondb,0.05555555555555555,17,17,ATAACTGCCACCCGATAAAA,0,29176
TSS_1414_storz_regulondb,0.05555555555555555,17,17,ATAAACTTGTTGCCATACGC,0,31020
TSS_1414_storz_regulondb,0.05555555555555555,17,17,AGTGGAGACAATCGGGCGAA,0,14067
TSS_1414_storz_regulondb,0.05555555555555555,17,17,AGTATAGGTGTTTTCTAATT,0,77263
TSS_1414_storz_regulondb,0.05555555555555555,17,17,AGTAGGGCTCGTGGGCGAAG,0,72044
TSS_1414_storz_regulondb,0.05555555555555555,17,17,AGGGTCTGCCCGGGGTAATC,0,18285
TSS_1414_storz_regulondb,0.05555555555555555,17,17,AGGCCACTCTGCAACTCCAG,0,16371
TSS_1414_storz_regulondb,0.05555555555555555,17,17,AGCTTTCTCTTACGTGGGCA,0,38111
TSS_1414_storz_regulondb,0.05555555555555555,17,17,AGCTGGACGGCAGCACCGAA,0,2036
TSS_1414_storz_regulondb,0.05555555555555555,17,17,AGCCCGGAGGCTAACAGCTG,0,26701
TSS_1414_storz_regulondb,0.05555555555555555,17,17,AGAGAGGCACGGTTAGGGAC,0,47981
TSS_1414_storz_regulondb,0.05555555555555555,17,17,ACTACTGTCAGGATCTTTCT,0,3853
TSS_1414_storz_regulondb,0.05555555555555555,17,17,ACGTAGAACACATTCATAGG,0,24437
TSS_1414_storz_regulondb,0.05555555555555555,17,17,ACGTAACCATCTAGAGGGTA,0,16422
TSS_1414_storz_regulondb,0.05555555555555555,17,17,ACGCAGGCCAGAGCAATTAA,0,42501
TSS_1414_storz_regulondb,0.05555555555555555,17,17,ACCTGAGGGATCTCGGGGGT,0,40195
TSS_1414_storz_regulondb,0.05555555555555555,17,17,ACCTACGTTGTTTTAGTCCA,0,18872
TSS_1414_storz_regulondb,0.05555555555555555,17,17,ACCGGGGCACTTCGCCAGGG,0,49712
TSS_1414_storz_regulondb,0.05555555555555555,17,17,ACCAGTATGGCCAGGTAATA,0,20446
TSS_1414_storz_regulondb,0.05555555555555555,17,17,ACATTCTGTCTCGATTGATT,0,69496
TSS_1414_storz_regulondb,0.05555555555555555,17,17,ACATGCATCCGTGATTTCCA,0,39428
TSS_1414_storz_regulondb,0.05555555555555555,17,17,ACAGTTGGTTAAACGAGTAA,0,69513
TSS_1414_storz_regulondb,0.05555555555555555,17,17,ACAGCGGCCCCGCAATAAAT,0,36347
TSS_1414_storz_regulondb,0.05555555555555555,17,17,AATCGCCCACAAATGGCTCA,0,37508
TSS_1414_storz_regulondb,0.05555555555555555,17,17,AAGCTCCTGACCATATTCGC,0,10678
TSS_1414_storz_regulondb,0.05555555555555555,17,17,AAATTCTAGGACGAACGAGA,0,45924
TSS_1414_storz_regulondb,0.05555555555555555,17,17,AAATGTTTTATGCTCGCAGT,0,13486
TSS_1414_storz_regulondb,0.05555555555555555,17,17,AAATGTAAGGACCTACAGTC,0,56635
TSS_1414_storz_regulondb,0.05555555555555555,17,17,AAAGACATATAAGTCGTGGT,0,37437
TSS_1414_storz_regulondb,0.05555555555555555,17,17,AAAACCATGTACATGGATGG,0,6190
TSS_1414_storz_regulondb,0.058823529411764705,16,16,TTTTTGACTCCGACTCGCAA,0,37059
TSS_1414_storz_regulondb,0.058823529411764705,16,16,TTTGGCATGGTGACGTTGCT,0,36197
TSS_1414_storz_regulondb,0.058823529411764705,16,16,TTTGAGTATAGCTATGATCT,0,4809
TSS_1414_storz_regulondb,0.058823529411764705,16,16,TTTCTACAAGCTAAATCGCT,0,33948
TSS_1414_storz_regulondb,0.058823529411764705,16,16,TTTCAGGGGAATCCTGGATT,0,17697
TSS_1414_storz_regulondb,0.058823529411764705,16,16,TTTAGAAGTGAACAACTACA,0,16602
TSS_1414_storz_regulondb,0.058823529411764705,16,16,TTTAATACCGTGCAAACCCG,0,25956
TSS_1414_storz_regulondb,0.058823529411764705,16,16,TTTAAATCCACAAGCTTGTA,0,9786
TSS_1414_storz_regulondb,0.058823529411764705,16,16,TTGGGACGAGTCCTGAGCTG,0,40696
TSS_1414_storz_regulondb,0.058823529411764705,16,16,TTGGAATTGAACGAAATTGA,0,15278
TSS_1414_storz_regulondb,0.058823529411764705,16,16,TTCTCCTTCACTGGGTTCTA,0,17191
TSS_1414_storz_regulondb,0.058823529411764705,16,16,TTCAAGAACGTGCTGAATGG,0,16903
TSS_1414_storz_regulondb,0.058823529411764705,16,16,TTAGAGCAGATAATGCACTT,0,3202
TSS_1414_storz_regulondb,0.058823529411764705,16,16,TTACCACTTGTTCGCGATGA,0,47313
TSS_1414_storz_regulondb,0.058823529411764705,16,16,TTACCAAAATGCGTTACTTC,0,1236
TSS_1414_storz_regulondb,0.058823529411764705,16,16,TGTTCGAGAAGACCAGTAAC,0,51492
TSS_1414_storz_regulondb,0.058823529411764705,16,16,TGTCTTGCTCACATGCGTAT,0,2789
TSS_1414_storz_regulondb,0.058823529411764705,16,16,TGCTCTCACATCCTTGGGTC,0,70965
TSS_1414_storz_regulondb,0.058823529411764705,16,16,TGCTCGCCTACGGTACTCCG,0,22169
TSS_1414_storz_regulondb,0.058823529411764705,16,16,TGCGCATTGGCCACGGTTCC,0,17028
TSS_1414_storz_regulondb,0.058823529411764705,16,16,TGATAGCTTAAACATGTTCG,0,41688
TSS_1414_storz_regulondb,0.058823529411764705,16,16,TGAGGGGCGCGATCATCCAT,0,6119
TSS_1414_storz_regulondb,0.058823529411764705,16,16,TGACCGGCGTCTGCTGGCTA,0,20546
TSS_1414_storz_regulondb,0.058823529411764705,16,16,TGAAGGCAGTCAGATTGTCA,0,51379
TSS_1414_storz_regulondb,0.058823529411764705,16,16,TCTTGGTAAACGCTATTTAG,0,23994
TSS_1414_storz_regulondb,0.058823529411764705,16,16,TCTCGGAAAAAGAAATGGGT,0,2208
TSS_1414_storz_regulondb,0.058823529411764705,16,16,TCGCTTGAGCATACAATCCC,0,913
TSS_1414_storz_regulondb,0.058823529411764705,16,16,TCGCACAAGGTGAGCTAGAC,0,38835
TSS_1414_storz_regulondb,0.058823529411764705,16,16,TCACAGTTCTAGCACTACCT,0,25983
TSS_1414_storz_regulondb,0.058823529411764705,16,16,TCAAATATCACAGATCGCAA,0,51156
TSS_1414_storz_regulondb,0.058823529411764705,16,16,TATTTCGACGATATCTCCGG,0,53028
TSS_1414_storz_regulondb,0.058823529411764705,16,16,TATTGACCGCGGTGGTAGAT,0,65750
TSS_1414_storz_regulondb,0.058823529411764705,16,16,TATTCGGTGACTGCCTGGTA,0,52129
TSS_1414_storz_regulondb,0.058823529411764705,16,16,TATTCGCGCTCGCATTTGGT,0,39433
TSS_1414_storz_regulondb,0.058823529411764705,16,16,TATGGCGCTCAATTCTAGAC,0,42683
TSS_1414_storz_regulondb,0.058823529411764705,16,16,TATGCTCTAGTGCAAGACTA,0,35082
TSS_1414_storz_regulondb,0.058823529411764705,16,16,TATATTTCAGTCGGTTACCG,0,44094
TSS_1414_storz_regulondb,0.058823529411764705,16,16,TATATAATATCCGTTATGTG,0,54149
TSS_1414_storz_regulondb,0.058823529411764705,16,16,TATAGTTTCAGCTATAAATT,0,22360
TSS_1414_storz_regulondb,0.058823529411764705,16,16,TATACCATACTTGATCCCCA,0,32414
TSS_1414_storz_regulondb,0.058823529411764705,16,16,TATACCAGTGTGACGCCCAT,0,8757
TSS_1414_storz_regulondb,0.058823529411764705,16,16,TAGTAGCAAGGCCGTCGTCT,0,78349
TSS_1414_storz_regulondb,0.058823529411764705,16,16,TAGGGTCTTGGAAATCATGT,0,56033
TSS_1414_storz_regulondb,0.058823529411764705,16,16,TACTGTCCAGCTGTCCACTA,0,51769
TSS_1414_storz_regulondb,0.058823529411764705,16,16,TACGTCAAATCGACCAAAAT,0,10948
TSS_1414_storz_regulondb,0.058823529411764705,16,16,TACCACTCGTCCGCGAGATC,0,63219
TSS_1414_storz_regulondb,0.058823529411764705,16,16,TACACTTCAATAAAACGTTC,0,14608
TSS_1414_storz_regulondb,0.058823529411764705,16,16,TAATATTTAGGACGAGATGA,0,52622
TSS_1414_storz_regulondb,0.058823529411764705,16,16,TAAGGGTCAACGTGTTTGGA,0,33786
TSS_1414_storz_regulondb,0.058823529411764705,16,16,TAAGCAGTTGACAGTATCGC,0,910
TSS_1414_storz_regulondb,0.058823529411764705,16,16,TAACGTAAGCTGTAGAAAGG,0,20386
TSS_1414_storz_regulondb,0.058823529411764705,16,16,TAACCTTTGGCAAAGGCACG,0,53979
TSS_1414_storz_regulondb,0.058823529411764705,16,16,GTTTCAGACGACCGGCAATG,0,59324
TSS_1414_storz_regulondb,0.058823529411764705,16,16,GTTTAGAGAGCAGCTCGTAG,0,73306
TSS_1414_storz_regulondb,0.058823529411764705,16,16,GTTCGGATTTCTAGAGTACA,0,773
TSS_1414_storz_regulondb,0.058823529411764705,16,16,GTGTCTTGGGTGACTTGCCT,0,51920
TSS_1414_storz_regulondb,0.058823529411764705,16,16,GTGGCGCGCCCAAGGTCGTC,0,51823
TSS_1414_storz_regulondb,0.058823529411764705,16,16,GTGCGAAGTTCCGCCGGGTC,0,14325
TSS_1414_storz_regulondb,0.058823529411764705,16,16,GTGATCCTTGCAGCTGGTAT,0,34079
TSS_1414_storz_regulondb,0.058823529411764705,16,16,GTGAGTAACAGTTGTGCAGA,0,18698
TSS_1414_storz_regulondb,0.058823529411764705,16,16,GTCTTATGTACGACAAACCC,0,37381
TSS_1414_storz_regulondb,0.058823529411764705,16,16,GTCTATCGATTCTCGCTTAG,0,13904
TSS_1414_storz_regulondb,0.058823529411764705,16,16,GTCGCCCATAGAAGCCCTGT,0,53824
TSS_1414_storz_regulondb,0.058823529411764705,16,16,GTCCTATGCTTGGCCGTCAC,0,49818
TSS_1414_storz_regulondb,0.058823529411764705,16,16,GTCACGACATTTTATCTCGT,0,63647
TSS_1414_storz_regulondb,0.058823529411764705,16,16,GTATGAATGAGTGTGTTCTT,0,64244
TSS_1414_storz_regulondb,0.058823529411764705,16,16,GTAGGCCGCTGCGCCTGGAT,0,21198
TSS_1414_storz_regulondb,0.058823529411764705,16,16,GTAAAGCCAGGACACGCCAC,0,27007
TSS_1414_storz_regulondb,0.058823529411764705,16,16,GGTGTGTACATATGAGGCCT,0,5314
TSS_1414_storz_regulondb,0.058823529411764705,16,16,GGTAGCGCATGCATTAGCTA,0,16390
TSS_1414_storz_regulondb,0.058823529411764705,16,16,GGTAATACGGGGACCGTCTC,0,49615
TSS_1414_storz_regulondb,0.058823529411764705,16,16,GGGTTGCAAAGGGTACCATC,0,1140
TSS_1414_storz_regulondb,0.058823529411764705,16,16,GGGTCTAGGTCGTAGGATGC,0,51976
TSS_1414_storz_regulondb,0.058823529411764705,16,16,GGGTCCAGAGATACGCTCTC,0,23188
TSS_1414_storz_regulondb,0.058823529411764705,16,16,GGGGTCGTGGACAGGGCCAA,0,15844
TSS_1414_storz_regulondb,0.058823529411764705,16,16,GGGGCTACTGGTGTATTTAC,0,75393
TSS_1414_storz_regulondb,0.058823529411764705,16,16,GGGGAGAACCTCACTGGTCC,0,46836
TSS_1414_storz_regulondb,0.058823529411764705,16,16,GGGCCATCGCGTCTCAGTTT,0,76433
TSS_1414_storz_regulondb,0.058823529411764705,16,16,GGCTCTTCACAGACGTAGAG,0,57242
TSS_1414_storz_regulondb,0.058823529411764705,16,16,GGCTCGGTTACGGATCGGAT,0,49435
TSS_1414_storz_regulondb,0.058823529411764705,16,16,GGCGTAATAGTGTGAGTGGT,0,60766
TSS_1414_storz_regulondb,0.058823529411764705,16,16,GGCGGAAGTTAGAGGATCGT,0,43443
TSS_1414_storz_regulondb,0.058823529411764705,16,16,GGCCTGTATACACGGCCGGC,0,75220
TSS_1414_storz_regulondb,0.058823529411764705,16,16,GGCCTGATACTTGATCGAGA,0,20356
TSS_1414_storz_regulondb,0.058823529411764705,16,16,GGCCTCGACCGCTAAGCTCC,0,33331
TSS_1414_storz_regulondb,0.058823529411764705,16,16,GGCCGGGCATACCACTTGAT,0,23126
TSS_1414_storz_regulondb,0.058823529411764705,16,16,GGCCCTCCGACGGAGAAAAA,0,66306
TSS_1414_storz_regulondb,0.058823529411764705,16,16,GGCAATAAATAGATACTCTC,0,38696
TSS_1414_storz_regulondb,0.058823529411764705,16,16,GGATGACTTACAGTCCGCGC,0,65143
TSS_1414_storz_regulondb,0.058823529411764705,16,16,GGACGATGCAAACACTGTGA,0,35154
TSS_1414_storz_regulondb,0.058823529411764705,16,16,GGAAACGGTACCGGTGGGTG,0,37808
TSS_1414_storz_regulondb,0.058823529411764705,16,16,GCTCTTCGTGGTATAAACGG,0,47223
TSS_1414_storz_regulondb,0.058823529411764705,16,16,GCGTTCTGTTTCAATTGGCC,0,56289
TSS_1414_storz_regulondb,0.058823529411764705,16,16,GCGTCAGCCAGGCAAACACG,0,42253
TSS_1414_storz_regulondb,0.058823529411764705,16,16,GCGTACTAAACCCGCTCTAG,0,26625
TSS_1414_storz_regulondb,0.058823529411764705,16,16,GCGCTGGCACCAGTTTCGTT,0,42546
TSS_1414_storz_regulondb,0.058823529411764705,16,16,GCGATCCTCTAGTGGGCTTG,0,63874
TSS_1414_storz_regulondb,0.058823529411764705,16,16,GCCTGTCTTTAGCGCCAATA,0,31432
TSS_1414_storz_regulondb,0.058823529411764705,16,16,GCCGTTTGTCGCCAGGGAAC,0,2029
TSS_1414_storz_regulondb,0.058823529411764705,16,16,GCATGTCCGGTAGTATCGGC,0,21363
TSS_1414_storz_regulondb,0.058823529411764705,16,16,GCAGAGATCTCACGCACAGG,0,20873
TSS_1414_storz_regulondb,0.058823529411764705,16,16,GATTTGGTCCCACAGCGTTC,0,48209
TSS_1414_storz_regulondb,0.058823529411764705,16,16,GATTGGCTGTGCCATCCCAA,0,13255
TSS_1414_storz_regulondb,0.058823529411764705,16,16,GATAACGTCGTATCGTGCAT,0,78743
TSS_1414_storz_regulondb,0.058823529411764705,16,16,GAGGTACGGCTAGGTCCGTA,0,68069
TSS_1414_storz_regulondb,0.058823529411764705,16,16,GAGGGCCGCTCGGCTCAAAT,0,17529
TSS_1414_storz_regulondb,0.058823529411764705,16,16,GAGCCTCGGAGGTAAGTTCT,0,74656
TSS_1414_storz_regulondb,0.058823529411764705,16,16,GAGAAGGAGCTGCTTGAATC,0,11320
TSS_1414_storz_regulondb,0.058823529411764705,16,16,GAGAAAAGCACAGTTCTTAA,0,4051
TSS_1414_storz_regulondb,0.058823529411764705,16,16,GACCCCCCGACTACATGGGA,0,80886
TSS_1414_storz_regulondb,0.058823529411764705,16,16,GAATTCACCGGGTTCAACCT,0,38322
TSS_1414_storz_regulondb,0.058823529411764705,16,16,GAAATACGTTCGCTGTAAGC,0,77648
TSS_1414_storz_regulondb,0.058823529411764705,16,16,CTTGCTCGGTGCAACGGCCT,0,37844
TSS_1414_storz_regulondb,0.058823529411764705,16,16,CTTGACGGTGACTGTGTAGA,0,30261
TSS_1414_storz_regulondb,0.058823529411764705,16,16,CTTCCGAGAGAGCCTACATG,0,36180
TSS_1414_storz_regulondb,0.058823529411764705,16,16,CTGTTCACAGTTGATGCATA,0,13382
TSS_1414_storz_regulondb,0.058823529411764705,16,16,CTGTCCGGTTTAGCTCTAGT,0,71678
TSS_1414_storz_regulondb,0.058823529411764705,16,16,CTGGGATCCAGAGAGATGTT,0,10969
TSS_1414_storz_regulondb,0.058823529411764705,16,16,CTGAGATAACACACCGTGAT,0,8452
TSS_1414_storz_regulondb,0.058823529411764705,16,16,CTCTAGCAATGGGAAAGGTG,0,9949
TSS_1414_storz_regulondb,0.058823529411764705,16,16,CTCGTATCGTCAATAGCGGT,0,16576
TSS_1414_storz_regulondb,0.058823529411764705,16,16,CTCGGAACTCTGACAGGGTA,0,29819
TSS_1414_storz_regulondb,0.058823529411764705,16,16,CTATCGTAAGGCAAAATGAG,0,53803
TSS_1414_storz_regulondb,0.058823529411764705,16,16,CTAGCAGTTACAAGCAAATT,0,21928
TSS_1414_storz_regulondb,0.058823529411764705,16,16,CGTTTCTCTTACTATGGTTC,0,60096
TSS_1414_storz_regulondb,0.058823529411764705,16,16,CGTTCGGCAGATCAGCGACG,0,8827
TSS_1414_storz_regulondb,0.058823529411764705,16,16,CGTCTTTTTCCAGCCCGTGT,0,57406
TSS_1414_storz_regulondb,0.058823529411764705,16,16,CGTCACCTCTGGTTGGGGTG,0,62059
TSS_1414_storz_regulondb,0.058823529411764705,16,16,CGTATTATGCGCATTAGAAG,0,34728
TSS_1414_storz_regulondb,0.058823529411764705,16,16,CGGTCTCGCTTTTTCTAGCA,0,12871
TSS_1414_storz_regulondb,0.058823529411764705,16,16,CGGGGGCGCAAACACTAGCT,0,41390
TSS_1414_storz_regulondb,0.058823529411764705,16,16,CGGGAGTAGCCCAGCCCCAT,0,40593
TSS_1414_storz_regulondb,0.058823529411764705,16,16,CGGCGGCGAGGAATGAACCC,0,77413
TSS_1414_storz_regulondb,0.058823529411764705,16,16,CGGATAGAGATGCTGCCGAT,0,19857
TSS_1414_storz_regulondb,0.058823529411764705,16,16,CGCTAGTCTGGGTCACCTTA,0,45404
TSS_1414_storz_regulondb,0.058823529411764705,16,16,CGCGCGGTTATACGTGAATG,0,29224
TSS_1414_storz_regulondb,0.058823529411764705,16,16,CGCGAATAGCAAGATTTCGT,0,64549
TSS_1414_storz_regulondb,0.058823529411764705,16,16,CGCCTCCCGAGCCCACTCAA,0,30363
TSS_1414_storz_regulondb,0.058823529411764705,16,16,CGCATTAAAGGGCCTACCCA,0,60468
TSS_1414_storz_regulondb,0.058823529411764705,16,16,CGATGCCGACGCCGGTGGTC,0,25235
TSS_1414_storz_regulondb,0.058823529411764705,16,16,CGATCGGAGTGAAAGCGGTT,0,33029
TSS_1414_storz_regulondb,0.058823529411764705,16,16,CCTTTAATAATGGCATGAAA,0,72935
TSS_1414_storz_regulondb,0.058823529411764705,16,16,CCTAAGCTGCGGTTCCCATA,0,61399
TSS_1414_storz_regulondb,0.058823529411764705,16,16,CCGCCTATAGCTCACCCAGA,0,4434
TSS_1414_storz_regulondb,0.058823529411764705,16,16,CCGACCCAGATAAAACTGGG,0,24700
TSS_1414_storz_regulondb,0.058823529411764705,16,16,CCCGGCCGATGAGGCATTAA,0,25417
TSS_1414_storz_regulondb,0.058823529411764705,16,16,CCCCATACTTGTACGTGTGT,0,52430
TSS_1414_storz_regulondb,0.058823529411764705,16,16,CCATGGAAGTAATTTGGCTG,0,22123
TSS_1414_storz_regulondb,0.058823529411764705,16,16,CCAAGTGTACCATCCGTATA,0,12608
TSS_1414_storz_regulondb,0.058823529411764705,16,16,CATTGCTTTTAACTTTTCAT,0,70043
TSS_1414_storz_regulondb,0.058823529411764705,16,16,CATCATAGTACCAAAAGAAA,0,2430
TSS_1414_storz_regulondb,0.058823529411764705,16,16,CATACAGGCAACCACCCTGA,0,19890
TSS_1414_storz_regulondb,0.058823529411764705,16,16,CATAACGGGCCTTTAAGCTA,0,37150
TSS_1414_storz_regulondb,0.058823529411764705,16,16,CAGTTCTTCTTCGCCCAAGA,0,60602
TSS_1414_storz_regulondb,0.058823529411764705,16,16,CAGCGCTCGCTACACGTAGT,0,57361
TSS_1414_storz_regulondb,0.058823529411764705,16,16,CAGAAAGACAGTTTTGCAAA,0,10927
TSS_1414_storz_regulondb,0.058823529411764705,16,16,CACTGGTTAAATGAACCGAA,0,60339
TSS_1414_storz_regulondb,0.058823529411764705,16,16,CACAGAATCGCTCCATTGGT,0,43427
TSS_1414_storz_regulondb,0.058823529411764705,16,16,CAAGTATGTAGCTACCAGCA,0,50672
TSS_1414_storz_regulondb,0.058823529411764705,16,16,CAAATCACCTCCAAAGGGCT,0,81121
TSS_1414_storz_regulondb,0.058823529411764705,16,16,CAAAATCTTCTGTAGGGGCA,0,45358
TSS_1414_storz_regulondb,0.058823529411764705,16,16,CAAAATCGTGTATGATGCGC,0,77786
TSS_1414_storz_regulondb,0.058823529411764705,16,16,ATTGATGGGTCAGCCCCTCT,0,52345
TSS_1414_storz_regulondb,0.058823529411764705,16,16,ATTCGGCAGGGTGGCAGTCT,0,60718
TSS_1414_storz_regulondb,0.058823529411764705,16,16,ATTAAAGTCCCTAGAGCTTT,0,77734
TSS_1414_storz_regulondb,0.058823529411764705,16,16,ATGTTGCCTATTGACCTGTC,0,61553
TSS_1414_storz_regulondb,0.058823529411764705,16,16,ATGTATTGCAGTGAATGGCT,0,52337
TSS_1414_storz_regulondb,0.058823529411764705,16,16,ATGTACAACCCCGCTGCCTG,0,9339
TSS_1414_storz_regulondb,0.058823529411764705,16,16,ATGGTTGACATAGCAGGCTT,0,52181
TSS_1414_storz_regulondb,0.058823529411764705,16,16,ATGGTATTGAGCAGGTTTAA,0,16006
TSS_1414_storz_regulondb,0.058823529411764705,16,16,ATGGGAGAGGGTATACCGGT,0,3116
TSS_1414_storz_regulondb,0.058823529411764705,16,16,ATCGCCAGATACTTTCTCTG,0,65862
TSS_1414_storz_regulondb,0.058823529411764705,16,16,ATCACTAGAGTGTGCATGCA,0,60782
TSS_1414_storz_regulondb,0.058823529411764705,16,16,ATAGGCAGCACGGTGCGGGG,0,53045
TSS_1414_storz_regulondb,0.058823529411764705,16,16,ATAATCCCCATCACATCAGG,0,8580
TSS_1414_storz_regulondb,0.058823529411764705,16,16,ATAAGTTGGTCGTTACACCT,0,58561
TSS_1414_storz_regulondb,0.058823529411764705,16,16,ATAACTGTCCACATAAAGGT,0,2613
TSS_1414_storz_regulondb,0.058823529411764705,16,16,AGTTTGGAACGGTGAGACTC,0,66887
TSS_1414_storz_regulondb,0.058823529411764705,16,16,AGTTGGCCGTACCTAGCAAC,0,23535
TSS_1414_storz_regulondb,0.058823529411764705,16,16,AGTGGTACTAATCGAGCACT,0,59256
TSS_1414_storz_regulondb,0.058823529411764705,16,16,AGTGCCGAGTGTCAGCTACT,0,61047
TSS_1414_storz_regulondb,0.058823529411764705,16,16,AGTGAAGGGTGAAAGACCGG,0,78585
TSS_1414_storz_regulondb,0.058823529411764705,16,16,AGGGGCAAAGGCAGAGGGAA,0,43944
TSS_1414_storz_regulondb,0.058823529411764705,16,16,AGGGCACGAGTAGGAACCTG,0,14932
TSS_1414_storz_regulondb,0.058823529411764705,16,16,AGGACATCTAAAGCGTATTA,0,61313
TSS_1414_storz_regulondb,0.058823529411764705,16,16,AGAGCATCGTATGCATGGGC,0,72299
TSS_1414_storz_regulondb,0.058823529411764705,16,16,AGACCAGGTCGGTGTTTTCA,0,19006
TSS_1414_storz_regulondb,0.058823529411764705,16,16,ACTGCCCCAATGCGCTAACC,0,8605
TSS_1414_storz_regulondb,0.058823529411764705,16,16,ACTCCTGGGGGATGGTAATG,0,11437
TSS_1414_storz_regulondb,0.058823529411764705,16,16,ACTATCCGGGACTGCAGAGT,0,37755
TSS_1414_storz_regulondb,0.058823529411764705,16,16,ACGTGGAACCACCGGGACTT,0,25128
TSS_1414_storz_regulondb,0.058823529411764705,16,16,ACGGTTGCGACTTCGAGTCC,0,49352
TSS_1414_storz_regulondb,0.058823529411764705,16,16,ACGGAGATAGCGCCTTTCCT,0,18842
TSS_1414_storz_regulondb,0.058823529411764705,16,16,ACGCACTTCAGCCGACTTGA,0,15674
TSS_1414_storz_regulondb,0.058823529411764705,16,16,ACGAGATTGTAGATATTCCA,0,54714
TSS_1414_storz_regulondb,0.058823529411764705,16,16,ACCTGACGCGCGACATTAAC,0,18460
TSS_1414_storz_regulondb,0.058823529411764705,16,16,ACCGCCAGCTTTGCAAATAC,0,63780
TSS_1414_storz_regulondb,0.058823529411764705,16,16,ACCCTAAGGCGACTTTTAGA,0,8565
TSS_1414_storz_regulondb,0.058823529411764705,16,16,ACCCCGTGACTTTCGCTGCT,0,72793
TSS_1414_storz_regulondb,0.058823529411764705,16,16,ACCCACTATGAGTCCCCTGC,0,64593
TSS_1414_storz_regulondb,0.058823529411764705,16,16,ACATGATACAGATAGGACTC,0,38225
TSS_1414_storz_regulondb,0.058823529411764705,16,16,ACACTCAGCAGATGGTGCAT,0,63749
TSS_1414_storz_regulondb,0.058823529411764705,16,16,AATGGTAGTTTTGGAGAGAT,0,35832
TSS_1414_storz_regulondb,0.058823529411764705,16,16,AATGGGACGCGTCCACGATT,0,21920
TSS_1414_storz_regulondb,0.058823529411764705,16,16,AATCTCGTTGTACAATGCGG,0,19055
TSS_1414_storz_regulondb,0.058823529411764705,16,16,AATCTAGATTACTATAACGC,0,21651
TSS_1414_storz_regulondb,0.058823529411764705,16,16,AATCCTTGTAAAGGTGACCT,0,3540
TSS_1414_storz_regulondb,0.058823529411764705,16,16,AATCAGGATAGGGGCAGGAA,0,77551
TSS_1414_storz_regulondb,0.058823529411764705,16,16,AATATTGAACTCAGGGGTAA,0,53544
TSS_1414_storz_regulondb,0.058823529411764705,16,16,AATAGGTAATTTGCGACGTT,0,8272
TSS_1414_storz_regulondb,0.058823529411764705,16,16,AATACCCTCGCATAAAGTTG,0,21936
TSS_1414_storz_regulondb,0.058823529411764705,16,16,AAGTTCGAAGCAGGGCATCT,0,60466
TSS_1414_storz_regulondb,0.058823529411764705,16,16,AAGTCTCCGCTTAGATTTTT,0,39564
TSS_1414_storz_regulondb,0.058823529411764705,16,16,AAGTCAAGCCGATTCCGTAG,0,38841
TSS_1414_storz_regulondb,0.058823529411764705,16,16,AAGGGCGGGATCATGGCAGT,0,55492
TSS_1414_storz_regulondb,0.058823529411764705,16,16,AAGAGCCTAACTTCGGTCCA,0,74133
TSS_1414_storz_regulondb,0.058823529411764705,16,16,AACTGTTTATGCGGTAGCAA,0,37372
TSS_1414_storz_regulondb,0.058823529411764705,16,16,AACTCTCGGTCATCGGTTAT,0,58686
TSS_1414_storz_regulondb,0.058823529411764705,16,16,AACGCTCTGATACCTCTCGG,0,39869
TSS_1414_storz_regulondb,0.058823529411764705,16,16,AACCGATCTACGTAGATGGA,0,69236
TSS_1414_storz_regulondb,0.058823529411764705,16,16,AACAGCTGGGCTAGCAGTGC,0,46190
TSS_1414_storz_regulondb,0.058823529411764705,16,16,AAATGATCTTGCGATGGTGA,0,55677
TSS_1414_storz_regulondb,0.058823529411764705,16,16,AAATACCGCCCAGCGCACTA,0,9189
TSS_1414_storz_regulondb,0.058823529411764705,16,16,AAAGTTTGCTCCGTGTATCT,0,78036
TSS_1414_storz_regulondb,0.058823529411764705,16,16,AAAGAACATGACTTGGGTTC,0,51478
TSS_1414_storz_regulondb,0.058823529411764705,16,16,AAACACGGAGTAGCCGAGGC,0,65249
TSS_1414_storz_regulondb,0.058823529411764705,16,16,AAAATCATCTTTTAAAGGCA,0,27607
TSS_1414_storz_regulondb,0.058823529411764705,16,16,AAAAAGAGGTGTTAAGGATC,0,73995
TSS_1414_storz_regulondb,0.0625,15,15,TTTAAGGCCGAAGCACGTTA,0,77652
TSS_1414_storz_regulondb,0.0625,15,15,TTGGCGTGCCTGAATACAGA,0,43995
TSS_1414_storz_regulondb,0.0625,15,15,TTGAGTGAGACAACGTAGAC,0,31208
TSS_1414_storz_regulondb,0.0625,15,15,TTGACGAATGGACAATCACT,0,46168
TSS_1414_storz_regulondb,0.0625,15,15,TTGAACGGGCATGTAGTAGA,0,20491
TSS_1414_storz_regulondb,0.0625,15,15,TTCGCTTGTTTTGTGACGAC,0,65949
TSS_1414_storz_regulondb,0.0625,15,15,TTCGAATTGCTCAGTGCGGC,0,69657
TSS_1414_storz_regulondb,0.0625,15,15,TTCCCCTTATCGCGGGGTCT,0,31919
TSS_1414_storz_regulondb,0.0625,15,15,TTCATTATCCATTGTCGGCG,0,12966
TSS_1414_storz_regulondb,0.0625,15,15,TTATGATCGTGCTTAGAGAA,0,15947
TSS_1414_storz_regulondb,0.0625,15,15,TTATAATGAGTTGTTCCTTT,0,73739
TSS_1414_storz_regulondb,0.0625,15,15,TTAGTTCGCGTCGAAACTGG,0,52235
TSS_1414_storz_regulondb,0.0625,15,15,TTACTTACGCCCCGCAGTAG,0,76329
TSS_1414_storz_regulondb,0.0625,15,15,TTAACACAACCTCAACCCCC,0,58455
TSS_1414_storz_regulondb,0.0625,15,15,TTAAAGCTTCCTACTTGGAC,0,73064
TSS_1414_storz_regulondb,0.0625,15,15,TGTGTCGTGCGGGCGACGTA,0,4789
TSS_1414_storz_regulondb,0.0625,15,15,TGTCTTTCACTTTTATAATG,0,71458
TSS_1414_storz_regulondb,0.0625,15,15,TGTACGTGTCCCCTGGATGA,0,65543
TSS_1414_storz_regulondb,0.0625,15,15,TGGCGCTTGCATACAGCCTA,0,58729
TSS_1414_storz_regulondb,0.0625,15,15,TGGATTTCGAGGAGCTGGGG,0,4919
TSS_1414_storz_regulondb,0.0625,15,15,TGCTTCTAAGTATTAAGAAA,0,38044
TSS_1414_storz_regulondb,0.0625,15,15,TGCGCGGTTACACGTAGCCA,0,57828
TSS_1414_storz_regulondb,0.0625,15,15,TGCGCGCACGTGGAGCTGGC,0,71085
TSS_1414_storz_regulondb,0.0625,15,15,TGCGAATGCGTTAGTTTTTG,0,28189
TSS_1414_storz_regulondb,0.0625,15,15,TGCATGAATGCGGACTAAGT,0,28754
TSS_1414_storz_regulondb,0.0625,15,15,TGATTGGAGTGCGGACTCTA,0,44648
TSS_1414_storz_regulondb,0.0625,15,15,TGATCGTGTTGAGGCCATAC,0,23256
TSS_1414_storz_regulondb,0.0625,15,15,TGATATAAATTTATCACGAC,0,16692
TSS_1414_storz_regulondb,0.0625,15,15,TGAGTTACTGGATGTTGCTG,0,37082
TSS_1414_storz_regulondb,0.0625,15,15,TGAGGTTGTGGCCCCTGATC,0,3970
TSS_1414_storz_regulondb,0.0625,15,15,TGACTGGCTGGCCTATGGTT,0,19598
TSS_1414_storz_regulondb,0.0625,15,15,TGAATCGGAATCATTATCCT,0,59408
TSS_1414_storz_regulondb,0.0625,15,15,TCTTTTGCCATTGCGGTATA,0,3627
TSS_1414_storz_regulondb,0.0625,15,15,TCTTGTGACGAAACGGATGT,0,18719
TSS_1414_storz_regulondb,0.0625,15,15,TCTAAGTGCATACTTCAATT,0,16380
TSS_1414_storz_regulondb,0.0625,15,15,TCTAACTCTGCTGAGTTGCG,0,41201
TSS_1414_storz_regulondb,0.0625,15,15,TCGTTACCTTGTGGGTCGTG,0,10788
TSS_1414_storz_regulondb,0.0625,15,15,TCGTCGATGCGAGGGTTAAT,0,11569
TSS_1414_storz_regulondb,0.0625,15,15,TCGCCTAAATATGAACGTGT,0,55520
TSS_1414_storz_regulondb,0.0625,15,15,TCGACTGCAGACTATGTTGG,0,33080
TSS_1414_storz_regulondb,0.0625,15,15,TCCGGGACGAGCTAGACCTA,0,50641
TSS_1414_storz_regulondb,0.0625,15,15,TCCCCGCTCGCAGAGTGCGT,0,24101
TSS_1414_storz_regulondb,0.0625,15,15,TCCCACCTCATCTCTGGACT,0,63213
TSS_1414_storz_regulondb,0.0625,15,15,TCCATGGGGGGCGCACGGGC,0,46504
TSS_1414_storz_regulondb,0.0625,15,15,TCATATAACTTTGGTCCGAG,0,46630
TSS_1414_storz_regulondb,0.0625,15,15,TATTCTGGTACAGCGCTTTA,0,25485
TSS_1414_storz_regulondb,0.0625,15,15,TATAGCAGGAACATGGTGAT,0,7093
TSS_1414_storz_regulondb,0.0625,15,15,TAGATAAAATCCACATGGGG,0,20700
TSS_1414_storz_regulondb,0.0625,15,15,TAATCGGTTAAATGCCTTAA,0,45500
TSS_1414_storz_regulondb,0.0625,15,15,TAATACCACCCACATTCAGG,0,18303
TSS_1414_storz_regulondb,0.0625,15,15,TAAGTTTCGGGCAGTGTTTT,0,47466
TSS_1414_storz_regulondb,0.0625,15,15,TAAGTAAGAGCCAGCGAAGG,0,56660
TSS_1414_storz_regulondb,0.0625,15,15,TAAGAACGTGTCAAGTTGGC,0,18860
TSS_1414_storz_regulondb,0.0625,15,15,GTTCACGACTCGCGCGGTTC,0,5924
TSS_1414_storz_regulondb,0.0625,15,15,GTTAGAAAAATGGCCCGTCA,0,5560
TSS_1414_storz_regulondb,0.0625,15,15,GTTAAGTGTTCTGTCCGAGC,0,33661
TSS_1414_storz_regulondb,0.0625,15,15,GTGTAAGGCCCTGCGATGGT,0,43527
TSS_1414_storz_regulondb,0.0625,15,15,GTGGCTGATTAGCGGTTAAA,0,23351
TSS_1414_storz_regulondb,0.0625,15,15,GTGCTCTACCGCCGGTCCGT,0,34032
TSS_1414_storz_regulondb,0.0625,15,15,GTGCGCATTTTGGTTCCCAT,0,79949
TSS_1414_storz_regulondb,0.0625,15,15,GTGATTGTACTCGTATAGTA,0,49540
TSS_1414_storz_regulondb,0.0625,15,15,GTGAGCTCCCTCCGGCAGAT,0,32493
TSS_1414_storz_regulondb,0.0625,15,15,GTCTGTCGAAGAGAAGAGTA,0,11531
TSS_1414_storz_regulondb,0.0625,15,15,GTCGTGGATGCAGGCTTTTG,0,72520
TSS_1414_storz_regulondb,0.0625,15,15,GTCGCCAAACGGCATCACGA,0,73533
TSS_1414_storz_regulondb,0.0625,15,15,GTCCTGTAACTATATTTGTA,0,30995
TSS_1414_storz_regulondb,0.0625,15,15,GTCAGGTCACGGTCTGCATT,0,78764
TSS_1414_storz_regulondb,0.0625,15,15,GTCAATTAACCTGAACCGGG,0,25243
TSS_1414_storz_regulondb,0.0625,15,15,GTCAAAGCGCCCAGGGAGAT,0,74559
TSS_1414_storz_regulondb,0.0625,15,15,GTATCGCATGAACGATGAAA,0,74476
TSS_1414_storz_regulondb,0.0625,15,15,GGTTTATTTTCTAAGGCCCG,0,74154
TSS_1414_storz_regulondb,0.0625,15,15,GGTTGAAAGTGCGAACTGTT,0,18941
TSS_1414_storz_regulondb,0.0625,15,15,GGTTAACTGACTGCAAAAAC,0,2945
TSS_1414_storz_regulondb,0.0625,15,15,GGTGGTGTCAGGAGAAGACA,0,8778
TSS_1414_storz_regulondb,0.0625,15,15,GGTATAAACGCGATGTAAGA,0,13256
TSS_1414_storz_regulondb,0.0625,15,15,GGTACGGCTGTGGGAAATTT,0,65589
TSS_1414_storz_regulondb,0.0625,15,15,GGTACAAGCGCAGTGTGTTT,0,19487
TSS_1414_storz_regulondb,0.0625,15,15,GGGTGCATCATGAGGGCCAG,0,44936
TSS_1414_storz_regulondb,0.0625,15,15,GGGTCCTATACTATCTTTCT,0,71314
TSS_1414_storz_regulondb,0.0625,15,15,GGGTAGTTGGGGCTGCTGCG,0,58048
TSS_1414_storz_regulondb,0.0625,15,15,GGGGAACCCTAAGAACCTTT,0,29900
TSS_1414_storz_regulondb,0.0625,15,15,GGGATGACGGATTGTTTCTT,0,46387
TSS_1414_storz_regulondb,0.0625,15,15,GGCTCTTGCATATCACAGAC,0,18513
TSS_1414_storz_regulondb,0.0625,15,15,GGCAGTTCGACACGGAGGCC,0,17528
TSS_1414_storz_regulondb,0.0625,15,15,GGAGTCCGGCACTGCCCCTT,0,27761
TSS_1414_storz_regulondb,0.0625,15,15,GGAGTATATTTGATCCAGTC,0,25699
TSS_1414_storz_regulondb,0.0625,15,15,GGACAAGGGACCAAAACCGA,0,68606
TSS_1414_storz_regulondb,0.0625,15,15,GGAAGGTGTGACCTTTCCAT,0,68670
TSS_1414_storz_regulondb,0.0625,15,15,GCTCTTTCAGGGTTCGGCTT,0,37139
TSS_1414_storz_regulondb,0.0625,15,15,GCTCGCTCTCCTAGACATAA,0,69801
TSS_1414_storz_regulondb,0.0625,15,15,GCTAATTTTTGCCGAATTAA,0,50571
TSS_1414_storz_regulondb,0.0625,15,15,GCGTGAAGCCAGCTGATCAA,0,50635
TSS_1414_storz_regulondb,0.0625,15,15,GCGTCTGATTCCAAACCAGG,0,48130
TSS_1414_storz_regulondb,0.0625,15,15,GCGGTGGAGCTCACGGATCG,0,59302
TSS_1414_storz_regulondb,0.0625,15,15,GCGGAGCCAACCCCTAGCTA,0,46070
TSS_1414_storz_regulondb,0.0625,15,15,GCGCGTGCGTCTATGGCCGC,0,25319
TSS_1414_storz_regulondb,0.0625,15,15,GCGAAGCTGTGGTACAGTCT,0,24118
TSS_1414_storz_regulondb,0.0625,15,15,GCCTGAAGGGTGATTCGAGC,0,30018
TSS_1414_storz_regulondb,0.0625,15,15,GCCGAGGCATTGAGTTAGTG,0,76648
TSS_1414_storz_regulondb,0.0625,15,15,GCCCTTGAATTTATGATACT,0,59977
TSS_1414_storz_regulondb,0.0625,15,15,GCCCCTTGATGAATGGCTCG,0,28372
TSS_1414_storz_regulondb,0.0625,15,15,GCCCAAGCGATTATAATTAT,0,68382
TSS_1414_storz_regulondb,0.0625,15,15,GCCAATGAGTAGGGATAAGG,0,26495
TSS_1414_storz_regulondb,0.0625,15,15,GCCAAGTAAGGCGACATTTT,0,79858
TSS_1414_storz_regulondb,0.0625,15,15,GCATCGAATACTGCCGTAGG,0,75731
TSS_1414_storz_regulondb,0.0625,15,15,GATTGTTTGTCAGGATACGT,0,10796
TSS_1414_storz_regulondb,0.0625,15,15,GATGTGCAGTTGATTACTAA,0,76879
TSS_1414_storz_regulondb,0.0625,15,15,GATCTGCATGGCTTGCAGTA,0,68383
TSS_1414_storz_regulondb,0.0625,15,15,GATCCATTGACAGGCTCCTG,0,8261
TSS_1414_storz_regulondb,0.0625,15,15,GAGTTCATGAGGAGGTTTGA,0,52821
TSS_1414_storz_regulondb,0.0625,15,15,GAGCCTTCTCAGGGAGTGGA,0,20607
TSS_1414_storz_regulondb,0.0625,15,15,GAGCATATCCAGGTGAGTAG,0,5805
TSS_1414_storz_regulondb,0.0625,15,15,GAGATCAGTCCCAACGAATT,0,70566
TSS_1414_storz_regulondb,0.0625,15,15,GACGGCCGGACTCTCTAATC,0,49536
TSS_1414_storz_regulondb,0.0625,15,15,GACGCCTGGGCAGTGCGGAT,0,45261
TSS_1414_storz_regulondb,0.0625,15,15,GAAGGATTACGGAATATTCT,0,43429
TSS_1414_storz_regulondb,0.0625,15,15,CTTTTAAACTATAGAGTTTC,0,54192
TSS_1414_storz_regulondb,0.0625,15,15,CTTTCGTGAGACGGCACTGA,0,6149
TSS_1414_storz_regulondb,0.0625,15,15,CTTTAAAGGATTCGTCTAAT,0,11389
TSS_1414_storz_regulondb,0.0625,15,15,CTTCTGAACCGGACTGCGGA,0,10813
TSS_1414_storz_regulondb,0.0625,15,15,CTTCTCTAATTAAAACCACA,0,73163
TSS_1414_storz_regulondb,0.0625,15,15,CTTCGTATGGAGCTTGACCG,0,41139
TSS_1414_storz_regulondb,0.0625,15,15,CTTCAGACAGTTCGTCAAGG,0,52178
TSS_1414_storz_regulondb,0.0625,15,15,CTTAAGCCGCCTGGACTAAA,0,20957
TSS_1414_storz_regulondb,0.0625,15,15,CTTAACGACCAATTAGACGT,0,18555
TSS_1414_storz_regulondb,0.0625,15,15,CTGCGTCTAGGTGGCTACCG,0,60774
TSS_1414_storz_regulondb,0.0625,15,15,CTGAACTTAGCTCAACACAT,0,81106
TSS_1414_storz_regulondb,0.0625,15,15,CTGAAATGCTATGCAGCATG,0,51969
TSS_1414_storz_regulondb,0.0625,15,15,CTCGGTATGCTGTTGCACCT,0,51106
TSS_1414_storz_regulondb,0.0625,15,15,CTCGAGGGGGCTCCGATCGC,0,65918
TSS_1414_storz_regulondb,0.0625,15,15,CTAGTAAAAGTTAACGGTCA,0,8051
TSS_1414_storz_regulondb,0.0625,15,15,CTACGCCTTACGGACAGGCT,0,16164
TSS_1414_storz_regulondb,0.0625,15,15,CTAATTGCTCGGCGTCAGAG,0,33597
TSS_1414_storz_regulondb,0.0625,15,15,CGTTTCAGTCTTATTGCGCC,0,79652
TSS_1414_storz_regulondb,0.0625,15,15,CGTGGACGTGACGTTTCAAA,0,14662
TSS_1414_storz_regulondb,0.0625,15,15,CGGCGATGCATAAATCCGTT,0,49826
TSS_1414_storz_regulondb,0.0625,15,15,CGGAATTTTCTCCCACTCGA,0,51382
TSS_1414_storz_regulondb,0.0625,15,15,CGGAACTATGGTATCGTGGT,0,53300
TSS_1414_storz_regulondb,0.0625,15,15,CGCTACCAATAAAAGCTTGA,0,79806
TSS_1414_storz_regulondb,0.0625,15,15,CGCGCAGCGGAAACCACCCA,0,15841
TSS_1414_storz_regulondb,0.0625,15,15,CGATTTTAGGGGACTGAGTC,0,67348
TSS_1414_storz_regulondb,0.0625,15,15,CGACAGGGAGGGCTAAATGT,0,3958
TSS_1414_storz_regulondb,0.0625,15,15,CGAAATATAGGAGAGCTGCT,0,20612
TSS_1414_storz_regulondb,0.0625,15,15,CGAAAAAGCAGCATCAGTAC,0,70640
TSS_1414_storz_regulondb,0.0625,15,15,CCTTTGCTCTATCCTTACTC,0,67987
TSS_1414_storz_regulondb,0.0625,15,15,CCTTTCGTCCGTTGAAATTA,0,36515
TSS_1414_storz_regulondb,0.0625,15,15,CCTTATCTAAGGGACGGGTA,0,41380
TSS_1414_storz_regulondb,0.0625,15,15,CCTCTACCTTTTTGTGTTAT,0,46502
TSS_1414_storz_regulondb,0.0625,15,15,CCTCCGTCTTTAGACGGAAA,0,70672
TSS_1414_storz_regulondb,0.0625,15,15,CCTCATGGGATGTGTAAATG,0,142
TSS_1414_storz_regulondb,0.0625,15,15,CCTCAGGAACTTGGGAGCGT,0,7758
TSS_1414_storz_regulondb,0.0625,15,15,CCTAACGGTATGCGTGGAAT,0,12733
TSS_1414_storz_regulondb,0.0625,15,15,CCTAAACACGGCGTCAGCTG,0,45443
TSS_1414_storz_regulondb,0.0625,15,15,CCGTAGCCATCTAAATTGGC,0,35053
TSS_1414_storz_regulondb,0.0625,15,15,CCGTAAGCACACTGAAACGA,0,13380
TSS_1414_storz_regulondb,0.0625,15,15,CCGATAGAATTCAAGGGCAT,0,6807
TSS_1414_storz_regulondb,0.0625,15,15,CCCTCTACCGACCTCTAAGT,0,21923
TSS_1414_storz_regulondb,0.0625,15,15,CCCGCGCGGAGGCGTTGGTT,0,21524
TSS_1414_storz_regulondb,0.0625,15,15,CCCGAGGGTTAGACATCAGG,0,18922
TSS_1414_storz_regulondb,0.0625,15,15,CCCACTAAGGCGCAACAATT,0,29442
TSS_1414_storz_regulondb,0.0625,15,15,CCAAATTGACTGGGTCTTTG,0,10543
TSS_1414_storz_regulondb,0.0625,15,15,CATGGGTTAGGTCTCGGTCT,0,39030
TSS_1414_storz_regulondb,0.0625,15,15,CATATTCCGCAGCGCAACCA,0,72347
TSS_1414_storz_regulondb,0.0625,15,15,CATAGTAATTCAGCTGAAGG,0,35692
TSS_1414_storz_regulondb,0.0625,15,15,CATACGGAATCTACGCGGTG,0,76502
TSS_1414_storz_regulondb,0.0625,15,15,CAGTTCAGCCCTAAGCGTAG,0,41262
TSS_1414_storz_regulondb,0.0625,15,15,CAGTAGGACGGACTAACCTT,0,18203
TSS_1414_storz_regulondb,0.0625,15,15,CAGCACAGGTAGGGGATTTT,0,50422
TSS_1414_storz_regulondb,0.0625,15,15,CACTGTATACTCGCGCCGAA,0,22564
TSS_1414_storz_regulondb,0.0625,15,15,CACTGGAGCTCATATTTAGA,0,6525
TSS_1414_storz_regulondb,0.0625,15,15,CACTGGAACGGGGGACCGGA,0,11797
TSS_1414_storz_regulondb,0.0625,15,15,CACGGTAAACCGGGGCTGAA,0,69949
TSS_1414_storz_regulondb,0.0625,15,15,CACAGTGTGGGCTTGTCACA,0,45663
TSS_1414_storz_regulondb,0.0625,15,15,CACAATCCGTACGGGTTCAT,0,15412
TSS_1414_storz_regulondb,0.0625,15,15,CAATTCCCACCGGTGTACAC,0,11306
TSS_1414_storz_regulondb,0.0625,15,15,CAATCCCCCAAAGCAGGCAT,0,47573
TSS_1414_storz_regulondb,0.0625,15,15,CAATATTTGTTGATCTTGGA,0,57283
TSS_1414_storz_regulondb,0.0625,15,15,CAAATGCATGGCGTAAACTA,0,5674
TSS_1414_storz_regulondb,0.0625,15,15,CAAATATAGTTTGAATGCAG,0,36969
TSS_1414_storz_regulondb,0.0625,15,15,CAAAGGAAGTAGGAGTTCAC,0,19187
TSS_1414_storz_regulondb,0.0625,15,15,ATTCTCGCCTCTCAGCCAAA,0,73210
TSS_1414_storz_regulondb,0.0625,15,15,ATTATGGACTTGAGCGTCCT,0,64695
TSS_1414_storz_regulondb,0.0625,15,15,ATGGCACCGAACCGTGGGTA,0,62328
TSS_1414_storz_regulondb,0.0625,15,15,ATGCTGGGTGGTGGCTCGTG,0,17712
TSS_1414_storz_regulondb,0.0625,15,15,ATGCTGGCCTCCCTGCCGAA,0,76465
TSS_1414_storz_regulondb,0.0625,15,15,ATGAATTCCCGGGCGGTGTA,0,36813
TSS_1414_storz_regulondb,0.0625,15,15,ATGAAGCCCCGCTCCCGCCT,0,25488
TSS_1414_storz_regulondb,0.0625,15,15,ATCGGGTTACAACGGCTCAC,0,19866
TSS_1414_storz_regulondb,0.0625,15,15,ATCCTCTGTACAGGAACATC,0,33725
TSS_1414_storz_regulondb,0.0625,15,15,ATCCGTGATGCGCCAAGAAC,0,5191
TSS_1414_storz_regulondb,0.0625,15,15,ATCCGGCCGAACGTTGTGAC,0,47236
TSS_1414_storz_regulondb,0.0625,15,15,ATATGACGCATAAGGGAATT,0,66644
TSS_1414_storz_regulondb,0.0625,15,15,ATAGGGTTTGTTGATTGCGT,0,30405
TSS_1414_storz_regulondb,0.0625,15,15,ATAAGGAGGTTATATCTTCA,0,31205
TSS_1414_storz_regulondb,0.0625,15,15,ATAACGAAATTTGGGTCAGG,0,46545
TSS_1414_storz_regulondb,0.0625,15,15,ATAAATTGGTATTGTGGTCA,0,58916
TSS_1414_storz_regulondb,0.0625,15,15,ATAAAGGTGCCGCACCCCAC,0,26110
TSS_1414_storz_regulondb,0.0625,15,15,AGTGCTTCGTCTAGTCCCAC,0,59994
TSS_1414_storz_regulondb,0.0625,15,15,AGTGCTGACTTCGACCATCT,0,71016
TSS_1414_storz_regulondb,0.0625,15,15,AGTCTCGAGAGGTGTGGAAT,0,69710
TSS_1414_storz_regulondb,0.0625,15,15,AGTCATTGGAATGATCCCCA,0,42949
TSS_1414_storz_regulondb,0.0625,15,15,AGTAGGGAGGATGTGCGAAC,0,77118
TSS_1414_storz_regulondb,0.0625,15,15,AGGTGACGCGGAAACAACTT,0,77043
TSS_1414_storz_regulondb,0.0625,15,15,AGGTCCGCGCCACAAACATA,0,33592
TSS_1414_storz_regulondb,0.0625,15,15,AGGGGCAGGGACCGAACGCA,0,11563
TSS_1414_storz_regulondb,0.0625,15,15,AGGCCGGTCAGAAAGTGGAG,0,51926
TSS_1414_storz_regulondb,0.0625,15,15,AGGAATCGATATGCGAACAT,0,74478
TSS_1414_storz_regulondb,0.0625,15,15,AGCTTCCACGTGTCACAAGA,0,36274
TSS_1414_storz_regulondb,0.0625,15,15,AGCGTAATCTAGAATACTCA,0,74181
TSS_1414_storz_regulondb,0.0625,15,15,AGCGGTGCAAACGCTGCACA,0,33284
TSS_1414_storz_regulondb,0.0625,15,15,AGCGGTATTCGGACCTTACA,0,6561
TSS_1414_storz_regulondb,0.0625,15,15,AGCAGCTCTTATCTTATCTA,0,4724
TSS_1414_storz_regulondb,0.0625,15,15,AGAGAGCTAAGAGGAACGAG,0,19821
TSS_1414_storz_regulondb,0.0625,15,15,AGAGACAATCCTACACGCGT,0,49233
TSS_1414_storz_regulondb,0.0625,15,15,AGACGAATGCACTCTTGACA,0,22140
TSS_1414_storz_regulondb,0.0625,15,15,AGACCTGCAATATATGTATA,0,56153
TSS_1414_storz_regulondb,0.0625,15,15,AGAAGGTATCGGAGGGCTTG,0,20588
TSS_1414_storz_regulondb,0.0625,15,15,ACTTTTTCGGTCGCTGGCTT,0,48154
TSS_1414_storz_regulondb,0.0625,15,15,ACTCTGGCCCGGACCTCGAT,0,57831
TSS_1414_storz_regulondb,0.0625,15,15,ACTCCCGCGCTCTGTCTTCA,0,9040
TSS_1414_storz_regulondb,0.0625,15,15,ACGGCTCAAGTCGATAGTTC,0,23067
TSS_1414_storz_regulondb,0.0625,15,15,ACGCGGCGTACGGCTCGGGG,0,3038
TSS_1414_storz_regulondb,0.0625,15,15,ACGCATCGCTCGACCTACAG,0,28201
TSS_1414_storz_regulondb,0.0625,15,15,ACGCAACGGCGGTTAACCCT,0,57721
TSS_1414_storz_regulondb,0.0625,15,15,ACGAGCACTCGACCGGCTTG,0,7820
TSS_1414_storz_regulondb,0.0625,15,15,ACGAAACGGGGCTCCCCGCA,0,80647
TSS_1414_storz_regulondb,0.0625,15,15,ACCATTCAATGAAAAGGCGG,0,45455
TSS_1414_storz_regulondb,0.0625,15,15,ACATCTTGCCGGGGAGCGGA,0,38578
TSS_1414_storz_regulondb,0.0625,15,15,ACAGCTGCATGTCTAGCCTA,0,41239
TSS_1414_storz_regulondb,0.0625,15,15,AATTGAACCGCCTCTTTGTG,0,38594
TSS_1414_storz_regulondb,0.0625,15,15,AATGGCGATTTTGGGAAAGC,0,73164
TSS_1414_storz_regulondb,0.0625,15,15,AATAGGGAGCATGGGAACAT,0,36965
TSS_1414_storz_regulondb,0.0625,15,15,AATAAATGCGGAATCCGTAA,0,19608
TSS_1414_storz_regulondb,0.0625,15,15,AAGGTAACGGGATAGTCCTA,0,74950
TSS_1414_storz_regulondb,0.0625,15,15,AAGGGTCTACTGCCGCACGT,0,34607
TSS_1414_storz_regulondb,0.0625,15,15,AAGAGGCATCGGCAACTCGA,0,61544
TSS_1414_storz_regulondb,0.0625,15,15,AACGGGTCACTTGGCACGCA,0,8949
TSS_1414_storz_regulondb,0.0625,15,15,AACGCGGTCCCCCCGAGAGC,0,20846
TSS_1414_storz_regulondb,0.0625,15,15,AAATTTATCGCCTCTAACTT,0,10685
TSS_1414_storz_regulondb,0.0625,15,15,AAAGTATTACCCGAGTTAAC,0,30503
TSS_1414_storz_regulondb,0.0625,15,15,AAACAGTTGGATGCCTCGAT,0,34452
TSS_1414_storz_regulondb,0.06666666666666667,14,14,TTTTGCATTCATTTCGCACA,0,28812
TSS_1414_storz_regulondb,0.06666666666666667,14,14,TTTTAGAGGCATACTGAGTC,0,17035
TSS_1414_storz_regulondb,0.06666666666666667,14,14,TTTTACGTCAAGTGGTATTT,0,4939
TSS_1414_storz_regulondb,0.06666666666666667,14,14,TTTGATTCACCTTTCCTGAG,0,72350
TSS_1414_storz_regulondb,0.06666666666666667,14,14,TTTGACCGGGCTTGTCGGGA,0,67884
TSS_1414_storz_regulondb,0.06666666666666667,14,14,TTTCCTCTTTGAGGGTAATT,0,32294
TSS_1414_storz_regulondb,0.06666666666666667,14,14,TTTAGGAAACCCGGTTGGTG,0,12520
TSS_1414_storz_regulondb,0.06666666666666667,14,14,TTGTTTGGACCCGTGGGGGG,0,21728
TSS_1414_storz_regulondb,0.06666666666666667,14,14,TTGTATACATTGGGGGTCGG,0,12791
TSS_1414_storz_regulondb,0.06666666666666667,14,14,TTGTACATACTAGATAGCCC,0,9580
TSS_1414_storz_regulondb,0.06666666666666667,14,14,TTCTAGTTATAATATAGGAA,0,41574
TSS_1414_storz_regulondb,0.06666666666666667,14,14,TTCGCTCACGAGAAAACACT,0,10350
TSS_1414_storz_regulondb,0.06666666666666667,14,14,TTAGTTTTTTTACCGAAATA,0,63862
TSS_1414_storz_regulondb,0.06666666666666667,14,14,TTAGTTCTACAAATACTCAT,0,79651
TSS_1414_storz_regulondb,0.06666666666666667,14,14,TTAGTCAAGCATGAGCCCAT,0,56955
TSS_1414_storz_regulondb,0.06666666666666667,14,14,TTAGTATGCAGCGCGGACGT,0,63385
TSS_1414_storz_regulondb,0.06666666666666667,14,14,TTAGAGGTGGTGTCTTTTTT,0,40258
TSS_1414_storz_regulondb,0.06666666666666667,14,14,TTAAGTTGCCTGGGACGATT,0,75541
TSS_1414_storz_regulondb,0.06666666666666667,14,14,TGTTGTCGGAATGAGATTCA,0,20392
TSS_1414_storz_regulondb,0.06666666666666667,14,14,TGTTCTGCGTCTCAAGGATT,0,74720
TSS_1414_storz_regulondb,0.06666666666666667,14,14,TGTTCCCAAAGAGCCTTCTG,0,44601
TSS_1414_storz_regulondb,0.06666666666666667,14,14,TGTGCCGTCCATCCAAGTTG,0,12024
TSS_1414_storz_regulondb,0.06666666666666667,14,14,TGTCGGTCGGGAGCAACGGG,0,63748
TSS_1414_storz_regulondb,0.06666666666666667,14,14,TGGTTTCACGTCGCAGACTA,0,67887
TSS_1414_storz_regulondb,0.06666666666666667,14,14,TGGTGTCCATACTGTGACGT,0,47850
TSS_1414_storz_regulondb,0.06666666666666667,14,14,TGGTGCCCGCTCAATGATCT,0,9586
TSS_1414_storz_regulondb,0.06666666666666667,14,14,TGGTAGCGTCGGGTCGCATT,0,204
TSS_1414_storz_regulondb,0.06666666666666667,14,14,TGGGTAGTCATAAAATGGGT,0,10632
TSS_1414_storz_regulondb,0.06666666666666667,14,14,TGGGCGAGAGTATTTCGTAA,0,22672
TSS_1414_storz_regulondb,0.06666666666666667,14,14,TGGCGTCGCCCCGTAAAGAT,0,29701
TSS_1414_storz_regulondb,0.06666666666666667,14,14,TGGCCACAGGTGCGCACATA,0,38915
TSS_1414_storz_regulondb,0.06666666666666667,14,14,TGGATATTACTCGTAGCAAC,0,13838
TSS_1414_storz_regulondb,0.06666666666666667,14,14,TGGAGACTGCACCATAGTAA,0,17716
TSS_1414_storz_regulondb,0.06666666666666667,14,14,TGGACTCTGCGTAGGGGTTT,0,74195
TSS_1414_storz_regulondb,0.06666666666666667,14,14,TGGAATGCGTTCCATCGCAA,0,5184
TSS_1414_storz_regulondb,0.06666666666666667,14,14,TGCTCAGTCGCGTTCGAGTA,0,72341
TSS_1414_storz_regulondb,0.06666666666666667,14,14,TGCTATATGGGTTTGGCTGG,0,8121
TSS_1414_storz_regulondb,0.06666666666666667,14,14,TGCGTCGTGCGATATTGTAA,0,39857
TSS_1414_storz_regulondb,0.06666666666666667,14,14,TGATGCCGCTGAAAGGCCCC,0,1129
TSS_1414_storz_regulondb,0.06666666666666667,14,14,TGATCTGTCACGATACTCAT,0,34631
TSS_1414_storz_regulondb,0.06666666666666667,14,14,TGATACAGGACAGTGAGGAC,0,65665
TSS_1414_storz_regulondb,0.06666666666666667,14,14,TGATAAAGCTGCACGGTTAT,0,67951
TSS_1414_storz_regulondb,0.06666666666666667,14,14,TGAGTGAGGGTCATCACGCA,0,77705
TSS_1414_storz_regulondb,0.06666666666666667,14,14,TGAGCAAACCTACATAAAAG,0,28356
TSS_1414_storz_regulondb,0.06666666666666667,14,14,TGAGAAAAGACAGGGAACCT,0,23898
TSS_1414_storz_regulondb,0.06666666666666667,14,14,TGACTAGCTCCGGACTTAAC,0,70877
TSS_1414_storz_regulondb,0.06666666666666667,14,14,TGACGTTTGGTCGTCCGAAC,0,19807
TSS_1414_storz_regulondb,0.06666666666666667,14,14,TCTGCTGAAGTGGCGACCTC,0,14313
TSS_1414_storz_regulondb,0.06666666666666667,14,14,TCTGCATGCTTGATCGGCCG,0,78268
TSS_1414_storz_regulondb,0.06666666666666667,14,14,TCTATCGGAGGTGTACGGAG,0,69598
TSS_1414_storz_regulondb,0.06666666666666667,14,14,TCTAGCTTCATATGCAAAGG,0,12265
TSS_1414_storz_regulondb,0.06666666666666667,14,14,TCTACGGCGGGGGGAAATTC,0,24960
TSS_1414_storz_regulondb,0.06666666666666667,14,14,TCGGTTCGGTCAGGCTTGCG,0,41263
TSS_1414_storz_regulondb,0.06666666666666667,14,14,TCGGTGCGCGTCCGCAACCA,0,74391
TSS_1414_storz_regulondb,0.06666666666666667,14,14,TCGGATCGCAGGCGCGATAT,0,79982
TSS_1414_storz_regulondb,0.06666666666666667,14,14,TCGACGCGAACTACCTCTAC,0,45245
TSS_1414_storz_regulondb,0.06666666666666667,14,14,TCCTTTAGTGTGGGCAAAAC,0,19713
TSS_1414_storz_regulondb,0.06666666666666667,14,14,TCCGATTTTGCAGTCACATT,0,19919
TSS_1414_storz_regulondb,0.06666666666666667,14,14,TCCGATTTTAGGCGGTGTAG,0,46892
TSS_1414_storz_regulondb,0.06666666666666667,14,14,TCCATGCCCAGGCTTCAGTC,0,7487
TSS_1414_storz_regulondb,0.06666666666666667,14,14,TCAGGTGGTGTAGGTGAGTT,0,64888
TSS_1414_storz_regulondb,0.06666666666666667,14,14,TCAGGTGGCAGCTGACTTCC,0,19245
TSS_1414_storz_regulondb,0.06666666666666667,14,14,TCAGACTACCGGCTGCCGGG,0,18456
TSS_1414_storz_regulondb,0.06666666666666667,14,14,TCACGTTGTACACGGTTAAC,0,61941
TSS_1414_storz_regulondb,0.06666666666666667,14,14,TCAAGAGGCTACACGAGGTA,0,43901
TSS_1414_storz_regulondb,0.06666666666666667,14,14,TATGGTTAGGCGAAATTCTG,0,30692
TSS_1414_storz_regulondb,0.06666666666666667,14,14,TATGCTGTGGCACCCTCTCC,0,28660
TSS_1414_storz_regulondb,0.06666666666666667,14,14,TATCGGGCAGATAGAGAGTG,0,17036
TSS_1414_storz_regulondb,0.06666666666666667,14,14,TATCACGGGGGAAAAAGTAC,0,81053
TSS_1414_storz_regulondb,0.06666666666666667,14,14,TAGGTGGATTTCTTAAGGTT,0,34848
TSS_1414_storz_regulondb,0.06666666666666667,14,14,TAGCGGAGTATAGACGCGGG,0,54195
TSS_1414_storz_regulondb,0.06666666666666667,14,14,TAGCCCAGTCCCAATGTCCA,0,34799
TSS_1414_storz_regulondb,0.06666666666666667,14,14,TAGACCTGGGATGTCAACGC,0,34368
TSS_1414_storz_regulondb,0.06666666666666667,14,14,TAGAATCATCATCCGTCGTA,0,31049
TSS_1414_storz_regulondb,0.06666666666666667,14,14,TACGTGCTCGAGGGCAACTT,0,58682
TSS_1414_storz_regulondb,0.06666666666666667,14,14,TACGGGCGTCGAAGCATTTT,0,72218
TSS_1414_storz_regulondb,0.06666666666666667,14,14,TAATTGGAACACCTTCCTGT,0,4120
TSS_1414_storz_regulondb,0.06666666666666667,14,14,GTTGGCTGATAAAATTTTAG,0,32773
TSS_1414_storz_regulondb,0.06666666666666667,14,14,GTTGCGATTAACGTATCGCT,0,77975
TSS_1414_storz_regulondb,0.06666666666666667,14,14,GTTCACAAGTAGCATGCTTC,0,32887
TSS_1414_storz_regulondb,0.06666666666666667,14,14,GTTATTGGTCGTCGGTTATC,0,62111
TSS_1414_storz_regulondb,0.06666666666666667,14,14,GTGTGCGGCGGGCAAAGTTC,0,3361
TSS_1414_storz_regulondb,0.06666666666666667,14,14,GTCTGGTGGATAATGCCCAA,0,52070
TSS_1414_storz_regulondb,0.06666666666666667,14,14,GTCTAAATGCATTTGCCCTT,0,19127
TSS_1414_storz_regulondb,0.06666666666666667,14,14,GTCGTGAAGGTGATATCTAA,0,31787
TSS_1414_storz_regulondb,0.06666666666666667,14,14,GTCGTCTCTACTAGAAGGAG,0,23343
TSS_1414_storz_regulondb,0.06666666666666667,14,14,GTATTCGCCCAGCCCCCAAT,0,27734
TSS_1414_storz_regulondb,0.06666666666666667,14,14,GTAGGTCAAACCCATCACTG,0,67111
TSS_1414_storz_regulondb,0.06666666666666667,14,14,GTACAACAAGATTGAGCCTA,0,17828
TSS_1414_storz_regulondb,0.06666666666666667,14,14,GTAAATTTACAACGGTTCCA,0,38831
TSS_1414_storz_regulondb,0.06666666666666667,14,14,GTAAATATATGGTGGCATTA,0,23929
TSS_1414_storz_regulondb,0.06666666666666667,14,14,GGTAAGGACGTCGGATGGCT,0,29405
TSS_1414_storz_regulondb,0.06666666666666667,14,14,GGGTTTCGGCCCAGTGGATA,0,67368
TSS_1414_storz_regulondb,0.06666666666666667,14,14,GGGTCCCAGGGCTTACCGAT,0,8989
TSS_1414_storz_regulondb,0.06666666666666667,14,14,GGGGCTAAATTCGGTACTCC,0,68103
TSS_1414_storz_regulondb,0.06666666666666667,14,14,GGGAGTTATCGTGGGTAGAA,0,17272
TSS_1414_storz_regulondb,0.06666666666666667,14,14,GGGAGGAGAGTACACAAATG,0,33281
TSS_1414_storz_regulondb,0.06666666666666667,14,14,GGCTTGGTTCTGAAGTGAAA,0,16082
TSS_1414_storz_regulondb,0.06666666666666667,14,14,GGCTGCTGGCACTAAATCTT,0,30443
TSS_1414_storz_regulondb,0.06666666666666667,14,14,GGCCTGCGACACACGTGACC,0,67117
TSS_1414_storz_regulondb,0.06666666666666667,14,14,GGCATGTTACAAGACCGCCT,0,19702
TSS_1414_storz_regulondb,0.06666666666666667,14,14,GGCAGGGAGGATCAAATTAT,0,60597
TSS_1414_storz_regulondb,0.06666666666666667,14,14,GGCAGATACCTCGAAAATCA,0,18325
TSS_1414_storz_regulondb,0.06666666666666667,14,14,GGCACGGGATTATGTTCCCT,0,71695
TSS_1414_storz_regulondb,0.06666666666666667,14,14,GGCACCCTGCAACCAAGGTA,0,63360
TSS_1414_storz_regulondb,0.06666666666666667,14,14,GGATTGCGTGGTTGGTGATT,0,70834
TSS_1414_storz_regulondb,0.06666666666666667,14,14,GGATAGGCGTCGTGAACGCT,0,24999
TSS_1414_storz_regulondb,0.06666666666666667,14,14,GGAGTATAGGCAGTGTATTC,0,56932
TSS_1414_storz_regulondb,0.06666666666666667,14,14,GGAGTACATTCGGGTGTTCC,0,64907
TSS_1414_storz_regulondb,0.06666666666666667,14,14,GGACGGCACGTTACAACTTG,0,19315
TSS_1414_storz_regulondb,0.06666666666666667,14,14,GGACCTATTTTTAGACTGGG,0,16646
TSS_1414_storz_regulondb,0.06666666666666667,14,14,GCTTCGATTACTCGCTTAAT,0,66002
TSS_1414_storz_regulondb,0.06666666666666667,14,14,GCTCAATGGATCCGGTTCAA,0,43264
TSS_1414_storz_regulondb,0.06666666666666667,14,14,GCTAGTTCCGTATAGTGGGT,0,48244
TSS_1414_storz_regulondb,0.06666666666666667,14,14,GCGTGGCGTGGAACTCGCTT,0,74876
TSS_1414_storz_regulondb,0.06666666666666667,14,14,GCGGGTCGCTGTAGGGCTGC,0,29990
TSS_1414_storz_regulondb,0.06666666666666667,14,14,GCGCCGCCAAGTTAGATGTT,0,15937
TSS_1414_storz_regulondb,0.06666666666666667,14,14,GCGAGACTACTTAGTCTGAA,0,73081
TSS_1414_storz_regulondb,0.06666666666666667,14,14,GCCTTGTAAGCACGCCTCCA,0,11485
TSS_1414_storz_regulondb,0.06666666666666667,14,14,GCCTGCAACTTTATGAAACA,0,69991
TSS_1414_storz_regulondb,0.06666666666666667,14,14,GCCGAGGTGTTTGTAGGATG,0,29215
TSS_1414_storz_regulondb,0.06666666666666667,14,14,GCCCTCGGGTCAGTGCCACC,0,13524
TSS_1414_storz_regulondb,0.06666666666666667,14,14,GCCCTACTGGTTGAAAAGAA,0,78034
TSS_1414_storz_regulondb,0.06666666666666667,14,14,GCATTACTCTGTGAGTGTTT,0,72483
TSS_1414_storz_regulondb,0.06666666666666667,14,14,GCATCCCCATATATAATGCC,0,47217
TSS_1414_storz_regulondb,0.06666666666666667,14,14,GCATAACGTAAGCATGTGTA,0,18850
TSS_1414_storz_regulondb,0.06666666666666667,14,14,GCAAACCTGGGGCTCGATTA,0,31655
TSS_1414_storz_regulondb,0.06666666666666667,14,14,GATGGACTCATATCCATTAT,0,13109
TSS_1414_storz_regulondb,0.06666666666666667,14,14,GATACCTAAGACTTCAACTA,0,80064
TSS_1414_storz_regulondb,0.06666666666666667,14,14,GAGTCAGGATAAAAATGCTA,0,34585
TSS_1414_storz_regulondb,0.06666666666666667,14,14,GAGGGTTTTGGGCGAGCATT,0,73304
TSS_1414_storz_regulondb,0.06666666666666667,14,14,GAGGAGGACTAAAGCTCTTG,0,28973
TSS_1414_storz_regulondb,0.06666666666666667,14,14,GAGCAGTGTCCTACGTACCA,0,68890
TSS_1414_storz_regulondb,0.06666666666666667,14,14,GAGAGACACTCAGCAGGTCG,0,36258
TSS_1414_storz_regulondb,0.06666666666666667,14,14,GACCTTTGCATTACCGTCTA,0,64070
TSS_1414_storz_regulondb,0.06666666666666667,14,14,GACCGTATCCTAGTCCATCG,0,1121
TSS_1414_storz_regulondb,0.06666666666666667,14,14,GAATCCCGACACATTGATTT,0,35725
TSS_1414_storz_regulondb,0.06666666666666667,14,14,GAATCAAATGCTTTCGGTCA,0,14534
TSS_1414_storz_regulondb,0.06666666666666667,14,14,GAATATATGCGTAATTCCTG,0,40688
TSS_1414_storz_regulondb,0.06666666666666667,14,14,GAAGGATGGTGCATAATATA,0,26668
TSS_1414_storz_regulondb,0.06666666666666667,14,14,GAACCGGACGTTATATCTTG,0,31352
TSS_1414_storz_regulondb,0.06666666666666667,14,14,GAACAATGGCTGCATAATTT,0,52803
TSS_1414_storz_regulondb,0.06666666666666667,14,14,GAAAGTGTCAGAGAATGTTG,0,13599
TSS_1414_storz_regulondb,0.06666666666666667,14,14,CTTGAGATCATTGTTAACGG,0,61744
TSS_1414_storz_regulondb,0.06666666666666667,14,14,CTTGAGAGAGAAAGGCTTCA,0,4353
TSS_1414_storz_regulondb,0.06666666666666667,14,14,CTTATGTAGTCGCGAATTAA,0,47134
TSS_1414_storz_regulondb,0.06666666666666667,14,14,CTTACTCCGGGCCGTGGAGT,0,54867
TSS_1414_storz_regulondb,0.06666666666666667,14,14,CTGGTATTGCCCGTCACTAT,0,70835
TSS_1414_storz_regulondb,0.06666666666666667,14,14,CTGGCCTCTTAACGGTGAGT,0,38246
TSS_1414_storz_regulondb,0.06666666666666667,14,14,CTCGACTCTGGATACTCAAC,0,52974
TSS_1414_storz_regulondb,0.06666666666666667,14,14,CTCCAAGGTGAATTGGTCTT,0,56385
TSS_1414_storz_regulondb,0.06666666666666667,14,14,CTCATGAATGGGGGTAACGA,0,78825
TSS_1414_storz_regulondb,0.06666666666666667,14,14,CTATTGCGCCTCCATGCGCT,0,12543
TSS_1414_storz_regulondb,0.06666666666666667,14,14,CTATCCCTGCGAAGACTGAT,0,20151
TSS_1414_storz_regulondb,0.06666666666666667,14,14,CTATATCGGTGTCGTCCATG,0,1125
TSS_1414_storz_regulondb,0.06666666666666667,14,14,CTAGGTTAATTGTATCCAAG,0,77834
TSS_1414_storz_regulondb,0.06666666666666667,14,14,CTACTCGGTCGGAGTTACCG,0,70198
TSS_1414_storz_regulondb,0.06666666666666667,14,14,CTACACAATCCCGACGACGA,0,64550
TSS_1414_storz_regulondb,0.06666666666666667,14,14,CGTGTTTCGCACCTGTCAAT,0,74534
TSS_1414_storz_regulondb,0.06666666666666667,14,14,CGTCGATAACCAGGAGCGTA,0,30047
TSS_1414_storz_regulondb,0.06666666666666667,14,14,CGTACGATGATCCGCCTTCA,0,27953
TSS_1414_storz_regulondb,0.06666666666666667,14,14,CGGTTCACAGCAGTCAAGAG,0,55689
TSS_1414_storz_regulondb,0.06666666666666667,14,14,CGGTTACAGGCCTACTCTTC,0,60882
TSS_1414_storz_regulondb,0.06666666666666667,14,14,CGGTGGCTTAATGCAAGACA,0,47380
TSS_1414_storz_regulondb,0.06666666666666667,14,14,CGGTGGATCTACATTGCGCT,0,1773
TSS_1414_storz_regulondb,0.06666666666666667,14,14,CGGGGTTGAAAAAAGGTATC,0,49225
TSS_1414_storz_regulondb,0.06666666666666667,14,14,CGGGGTGGGGCGCATTCGTT,0,59908
TSS_1414_storz_regulondb,0.06666666666666667,14,14,CGGGGGGTCCGGATGCGAGA,0,54654
TSS_1414_storz_regulondb,0.06666666666666667,14,14,CGGGCAGGTTTAATTCGATA,0,77465
TSS_1414_storz_regulondb,0.06666666666666667,14,14,CGGCGTAGCTAGAGGGATAC,0,80289
TSS_1414_storz_regulondb,0.06666666666666667,14,14,CGGCCGATCATATCCCATTT,0,78382
TSS_1414_storz_regulondb,0.06666666666666667,14,14,CGGACTGGCTTCGAGTCAAC,0,4981
TSS_1414_storz_regulondb,0.06666666666666667,14,14,CGGAATTATCGTGTAACGGA,0,32299
TSS_1414_storz_regulondb,0.06666666666666667,14,14,CGGAAACTCATATAAACGTT,0,70324
TSS_1414_storz_regulondb,0.06666666666666667,14,14,CGCTCAAGCTGTATAACAAT,0,66992
TSS_1414_storz_regulondb,0.06666666666666667,14,14,CGCTAGAGACTGTGGGTTTT,0,31834
TSS_1414_storz_regulondb,0.06666666666666667,14,14,CGCTAACCGGGCGGTATACT,0,21140
TSS_1414_storz_regulondb,0.06666666666666667,14,14,CGCGGATACTAACACCGCAG,0,58091
TSS_1414_storz_regulondb,0.06666666666666667,14,14,CGCCTTATCCTAGTGGAAAG,0,21011
TSS_1414_storz_regulondb,0.06666666666666667,14,14,CGCCGAAATTTTCTGTGTAA,0,31733
TSS_1414_storz_regulondb,0.06666666666666667,14,14,CGATCTGTCTCGGCCGCCGT,0,17715
TSS_1414_storz_regulondb,0.06666666666666667,14,14,CGAGGGGGCTCATAATTCCG,0,31936
TSS_1414_storz_regulondb,0.06666666666666667,14,14,CGAGCTGGTCCCTCGAAAGG,0,44932
TSS_1414_storz_regulondb,0.06666666666666667,14,14,CGAGCCATCCTAGCCATGTA,0,75557
TSS_1414_storz_regulondb,0.06666666666666667,14,14,CGACATGGGTCACGATACGT,0,60357
TSS_1414_storz_regulondb,0.06666666666666667,14,14,CGAACTGCACTCTAGGCGGT,0,38871
TSS_1414_storz_regulondb,0.06666666666666667,14,14,CGAACTCACAAAGGCTGTTG,0,39876
TSS_1414_storz_regulondb,0.06666666666666667,14,14,CCTGTGCTCTACTTATCATA,0,41291
TSS_1414_storz_regulondb,0.06666666666666667,14,14,CCTGGTCGTAAGCATGTGAA,0,54235
TSS_1414_storz_regulondb,0.06666666666666667,14,14,CCTCGGGCAGTTACGGGCAT,0,43735
TSS_1414_storz_regulondb,0.06666666666666667,14,14,CCTCGAAGAATTTACCGCCC,0,212
TSS_1414_storz_regulondb,0.06666666666666667,14,14,CCTAGTAGAGGGACCCCTGG,0,33072
TSS_1414_storz_regulondb,0.06666666666666667,14,14,CCTAGGGTGGTATGTCCACT,0,19430
TSS_1414_storz_regulondb,0.06666666666666667,14,14,CCGTCGGCATTAGACTTATC,0,7116
TSS_1414_storz_regulondb,0.06666666666666667,14,14,CCGTCACGGAGACGAAAGGA,0,66205
TSS_1414_storz_regulondb,0.06666666666666667,14,14,CCGTAGACCTCTCGGGGCAT,0,39251
TSS_1414_storz_regulondb,0.06666666666666667,14,14,CCGCGTTTAGCCCCTGGTGT,0,49552
TSS_1414_storz_regulondb,0.06666666666666667,14,14,CCGCGATGAACATAACTGTA,0,28037
TSS_1414_storz_regulondb,0.06666666666666667,14,14,CCGCACGCACTGAAGCTAGG,0,73160
TSS_1414_storz_regulondb,0.06666666666666667,14,14,CCGATCATCATCATATCTCT,0,46781
TSS_1414_storz_regulondb,0.06666666666666667,14,14,CCGACGGCGTCTAAGTTTGA,0,6662
TSS_1414_storz_regulondb,0.06666666666666667,14,14,CCGAATATAAGTGTTGAGGC,0,32032
TSS_1414_storz_regulondb,0.06666666666666667,14,14,CCCTAGCATGAATTCATGGG,0,6114
TSS_1414_storz_regulondb,0.06666666666666667,14,14,CCCGTTGGCCAGCGCTAAAC,0,65298
TSS_1414_storz_regulondb,0.06666666666666667,14,14,CCCGTGGCAATTAAGCTTAT,0,12162
TSS_1414_storz_regulondb,0.06666666666666667,14,14,CCCGTACGAAAGAAGGCCTT,0,39254
TSS_1414_storz_regulondb,0.06666666666666667,14,14,CCCGGACCTGAAGGTCTCTT,0,63528
TSS_1414_storz_regulondb,0.06666666666666667,14,14,CCCCGGGAATCCGCAGAACT,0,47795
TSS_1414_storz_regulondb,0.06666666666666667,14,14,CCCATGCTGTACGGCGCATA,0,76230
TSS_1414_storz_regulondb,0.06666666666666667,14,14,CCCATACTGGTCAAAATGAG,0,4551
TSS_1414_storz_regulondb,0.06666666666666667,14,14,CCCACGCGAGGGGTCTGGTG,0,57255
TSS_1414_storz_regulondb,0.06666666666666667,14,14,CCCAAGAGGTTTGCAAACTC,0,21261
TSS_1414_storz_regulondb,0.06666666666666667,14,14,CCATGATGACGAGCGACTCA,0,22917
TSS_1414_storz_regulondb,0.06666666666666667,14,14,CCAGTTTCGTGTAAATGGGA,0,10184
TSS_1414_storz_regulondb,0.06666666666666667,14,14,CCAACGCTCAACTCATATCA,0,41326
TSS_1414_storz_regulondb,0.06666666666666667,14,14,CATTTGTCTCATATCTATGG,0,48180
TSS_1414_storz_regulondb,0.06666666666666667,14,14,CATTTGTCGCGCAGTTTGTT,0,31422
TSS_1414_storz_regulondb,0.06666666666666667,14,14,CATCGACTGCGCGTCGATGG,0,71443
TSS_1414_storz_regulondb,0.06666666666666667,14,14,CATAGTTCCTAGAACGTAGA,0,67290
TSS_1414_storz_regulondb,0.06666666666666667,14,14,CATAGTGTCCCACGGATAAA,0,34627
TSS_1414_storz_regulondb,0.06666666666666667,14,14,CAGTTAGCCTCCCAATCCAT,0,38932
TSS_1414_storz_regulondb,0.06666666666666667,14,14,CAGTCTTTTTACGTACGTGC,0,9808
TSS_1414_storz_regulondb,0.06666666666666667,14,14,CAGGTGCTTGCCGTGACCGG,0,27818
TSS_1414_storz_regulondb,0.06666666666666667,14,14,CAGCCTCCAGACAGGGTTGC,0,52883
TSS_1414_storz_regulondb,0.06666666666666667,14,14,CACTTAGCTTCCAGTGGTAG,0,50427
TSS_1414_storz_regulondb,0.06666666666666667,14,14,CACTGTTCTGTTGCCGCGTC,0,12736
TSS_1414_storz_regulondb,0.06666666666666667,14,14,CACGCTAATTTAGAGCACTT,0,536
TSS_1414_storz_regulondb,0.06666666666666667,14,14,CACGAATGTGCACCCCAGGG,0,41969
TSS_1414_storz_regulondb,0.06666666666666667,14,14,CACACGCAGACTGGCCGTCA,0,12779
TSS_1414_storz_regulondb,0.06666666666666667,14,14,CAATTTTTGAACATGGCCGT,0,8751
TSS_1414_storz_regulondb,0.06666666666666667,14,14,CAATGTACATGCGCTTTATT,0,71639
TSS_1414_storz_regulondb,0.06666666666666667,14,14,CAATGATCTTCGCTGATCTT,0,7306
TSS_1414_storz_regulondb,0.06666666666666667,14,14,CAAGGTTTGACATGGGGTTA,0,60394
TSS_1414_storz_regulondb,0.06666666666666667,14,14,CAACTGACTATTTCGACTAC,0,56200
TSS_1414_storz_regulondb,0.06666666666666667,14,14,CAACAGTCAATCAAGCAGAA,0,3869
TSS_1414_storz_regulondb,0.06666666666666667,14,14,CAAAGACGCGCTTGGCTGCA,0,520
TSS_1414_storz_regulondb,0.06666666666666667,14,14,ATTTTTGTAGCACAACGAGG,0,20720
TSS_1414_storz_regulondb,0.06666666666666667,14,14,ATTTCGATTCGACTAACGTA,0,3240
TSS_1414_storz_regulondb,0.06666666666666667,14,14,ATTGAACCTCAAATTACGAA,0,22943
TSS_1414_storz_regulondb,0.06666666666666667,14,14,ATTCCGAGAGCCCCGTGTGA,0,44139
TSS_1414_storz_regulondb,0.06666666666666667,14,14,ATGGTAACGATGTAGGGCAT,0,17899
TSS_1414_storz_regulondb,0.06666666666666667,14,14,ATGCAATTCTTTTGACTTGT,0,69995
TSS_1414_storz_regulondb,0.06666666666666667,14,14,ATGACGAGTTCGTCACCTCA,0,18584
TSS_1414_storz_regulondb,0.06666666666666667,14,14,ATGAAACGCTGCTCTGCATC,0,15182
TSS_1414_storz_regulondb,0.06666666666666667,14,14,ATCTACAGACAAAGTGAACG,0,72560
TSS_1414_storz_regulondb,0.06666666666666667,14,14,ATCATAAACATGAGGTAGTA,0,5694
TSS_1414_storz_regulondb,0.06666666666666667,14,14,ATCACATAGGACATGTCAGC,0,2506
TSS_1414_storz_regulondb,0.06666666666666667,14,14,ATATTTAATGTGTAAAATTC,0,73693
TSS_1414_storz_regulondb,0.06666666666666667,14,14,ATATCTAGAAGCCTGTACTG,0,46050
TSS_1414_storz_regulondb,0.06666666666666667,14,14,ATAGACGGTGGCATTACCAA,0,12172
TSS_1414_storz_regulondb,0.06666666666666667,14,14,ATACTTTATTGCATCTGAAA,0,51056
TSS_1414_storz_regulondb,0.06666666666666667,14,14,ATAAGAGACGCTGCCTCCCA,0,42495
TSS_1414_storz_regulondb,0.06666666666666667,14,14,AGTTTTCGGGTTATGAGGAT,0,44358
TSS_1414_storz_regulondb,0.06666666666666667,14,14,AGTGGGGTGGTTAGCCCATA,0,13308
TSS_1414_storz_regulondb,0.06666666666666667,14,14,AGTGGGAGAGAATTTAGGTC,0,23574
TSS_1414_storz_regulondb,0.06666666666666667,14,14,AGTGAGATGTATAACGGCAG,0,51142
TSS_1414_storz_regulondb,0.06666666666666667,14,14,AGGTGGGAGGGTGTTTACAT,0,28352
TSS_1414_storz_regulondb,0.06666666666666667,14,14,AGGTCGGCCTCCTAGCTAGC,0,1273
TSS_1414_storz_regulondb,0.06666666666666667,14,14,AGGTCCCGTCAGCCACCAAA,0,75566
TSS_1414_storz_regulondb,0.06666666666666667,14,14,AGGTACGAGAGTGAAACATT,0,37966
TSS_1414_storz_regulondb,0.06666666666666667,14,14,AGGGCGCATAATGACTATAA,0,54866
TSS_1414_storz_regulondb,0.06666666666666667,14,14,AGGCTTCTCTACCTTCGGAC,0,4536
TSS_1414_storz_regulondb,0.06666666666666667,14,14,AGGCTCCCGTAAACTTTCTC,0,58537
TSS_1414_storz_regulondb,0.06666666666666667,14,14,AGGAGCGTTGAAGTTCGTCT,0,53876
TSS_1414_storz_regulondb,0.06666666666666667,14,14,AGCTGATTACAAGGCAGTCT,0,62894
TSS_1414_storz_regulondb,0.06666666666666667,14,14,AGCGCGAGCATTAAGCGCTT,0,51495
TSS_1414_storz_regulondb,0.06666666666666667,14,14,AGCCACGGTATGGGCGACCG,0,69089
TSS_1414_storz_regulondb,0.06666666666666667,14,14,AGCAGAACATTAGGCCAGAC,0,32753
TSS_1414_storz_regulondb,0.06666666666666667,14,14,AGCAACGCGCCAGCACGATA,0,16440
TSS_1414_storz_regulondb,0.06666666666666667,14,14,AGAGCCCTCCATTCCCTTTA,0,13899
TSS_1414_storz_regulondb,0.06666666666666667,14,14,AGAGCATCAACGACGTGGGT,0,9271
TSS_1414_storz_regulondb,0.06666666666666667,14,14,AGAGCACGAGTGGGAAAATA,0,15955
TSS_1414_storz_regulondb,0.06666666666666667,14,14,AGAATATAAATAACACGGTA,0,30209
TSS_1414_storz_regulondb,0.06666666666666667,14,14,ACTTCGTAGAAGCCGGAGTA,0,23960
TSS_1414_storz_regulondb,0.06666666666666667,14,14,ACTGTGCGGTACACCTTGGT,0,18050
TSS_1414_storz_regulondb,0.06666666666666667,14,14,ACTGTGCGGCGAATGTCCAA,0,66890
TSS_1414_storz_regulondb,0.06666666666666667,14,14,ACTGGCTACTGGTATGCTGT,0,50316
TSS_1414_storz_regulondb,0.06666666666666667,14,14,ACTGGCCATAAATATCGGCA,0,42648
TSS_1414_storz_regulondb,0.06666666666666667,14,14,ACTGCGAGACATTTCAGTTT,0,27351
TSS_1414_storz_regulondb,0.06666666666666667,14,14,ACGTGTATGGGGGCAACCCT,0,15116
TSS_1414_storz_regulondb,0.06666666666666667,14,14,ACGGATGGAATAGAAGTATA,0,19072
TSS_1414_storz_regulondb,0.06666666666666667,14,14,ACGCATGAGCGTAGGTCGAG,0,50145
TSS_1414_storz_regulondb,0.06666666666666667,14,14,ACGAATCTAAGGTGGCGTAA,0,20378
TSS_1414_storz_regulondb,0.06666666666666667,14,14,ACCTTCGCAATGCACCATGC,0,16640
TSS_1414_storz_regulondb,0.06666666666666667,14,14,ACATTGAGTACTTCTGTAAC,0,9901
TSS_1414_storz_regulondb,0.06666666666666667,14,14,ACAGCACGGGTGGAACCGCT,0,48728
TSS_1414_storz_regulondb,0.06666666666666667,14,14,ACACCTGTGTTTTAGGGCAT,0,73871
TSS_1414_storz_regulondb,0.06666666666666667,14,14,ACACATTAACCGCAATATAT,0,78975
TSS_1414_storz_regulondb,0.06666666666666667,14,14,AATTTGGTACCACATGGGTT,0,37415
TSS_1414_storz_regulondb,0.06666666666666667,14,14,AATTGAACACGGTGGGATGA,0,33157
TSS_1414_storz_regulondb,0.06666666666666667,14,14,AATGGGATGGCGTCACTGCG,0,64142
TSS_1414_storz_regulondb,0.06666666666666667,14,14,AATGCTTCATCGACATATCC,0,69452
TSS_1414_storz_regulondb,0.06666666666666667,14,14,AATGCAACTCAGTATCTTCC,0,15320
TSS_1414_storz_regulondb,0.06666666666666667,14,14,AATGATTGTGAAAGGGTCCG,0,36195
TSS_1414_storz_regulondb,0.06666666666666667,14,14,AATCCGTCGTTGCGCACCCT,0,34081
TSS_1414_storz_regulondb,0.06666666666666667,14,14,AATCATAGCTATGATCGGCG,0,14199
TSS_1414_storz_regulondb,0.06666666666666667,14,14,AATAGTCACGGGGATCTCCG,0,16019
TSS_1414_storz_regulondb,0.06666666666666667,14,14,AATAGGTTGCAGAGCGGCTG,0,71313
TSS_1414_storz_regulondb,0.06666666666666667,14,14,AATAATAGACGAGACATGTT,0,10748
TSS_1414_storz_regulondb,0.06666666666666667,14,14,AATAAGGACTTTAAGGAGCA,0,58032
TSS_1414_storz_regulondb,0.06666666666666667,14,14,AATAAAATCGGGCGATGTAA,0,26720
TSS_1414_storz_regulondb,0.06666666666666667,14,14,AAGTAGCTGCATCTGAGTGT,0,43130
TSS_1414_storz_regulondb,0.06666666666666667,14,14,AAGAGCCGGAGCTGCTCAAC,0,74211
TSS_1414_storz_regulondb,0.06666666666666667,14,14,AACTGTGATCCGAGGTTAGA,0,10013
TSS_1414_storz_regulondb,0.06666666666666667,14,14,AACTACAGTCTCATAATTGA,0,67124
TSS_1414_storz_regulondb,0.06666666666666667,14,14,AACGTAATCAGGCCATTCAA,0,10751
TSS_1414_storz_regulondb,0.06666666666666667,14,14,AACGGGGACGATTCATGTCC,0,15834
TSS_1414_storz_regulondb,0.06666666666666667,14,14,AACCGTACAACTGGTCCGTT,0,16569
TSS_1414_storz_regulondb,0.06666666666666667,14,14,AACATGTGTCAATGGCGTTT,0,1783
TSS_1414_storz_regulondb,0.06666666666666667,14,14,AACAAACGTTAGTCGGTTCT,0,65189
TSS_1414_storz_regulondb,0.06666666666666667,14,14,AACAAAAGGTATGTCGAAGA,0,14
TSS_1414_storz_regulondb,0.06666666666666667,14,14,AAATATACTCCGTTCCGTTA,0,77191
TSS_1414_storz_regulondb,0.06666666666666667,14,14,AAAGCTAGGCTGCGTTTAGT,0,43841
TSS_1414_storz_regulondb,0.07142857142857142,13,13,TTTTTTCTACAACTCTAATG,0,77988
TSS_1414_storz_regulondb,0.07142857142857142,13,13,TTTTCTAAGTGTCTAGGGCA,0,65846
TSS_1414_storz_regulondb,0.07142857142857142,13,13,TTTTCAAGTGTTGGCGGCTA,0,65875
TSS_1414_storz_regulondb,0.07142857142857142,13,13,TTTAAGCCTCCACTCTATTA,0,43250
TSS_1414_storz_regulondb,0.07142857142857142,13,13,TTGTTATGATTTATTCTATG,0,1
TSS_1414_storz_regulondb,0.07142857142857142,13,13,TTGTATCACGGTAGACCACT,0,45468
TSS_1414_storz_regulondb,0.07142857142857142,13,13,TTGCTAACTTCGCCGTAAGA,0,68942
TSS_1414_storz_regulondb,0.07142857142857142,13,13,TTGCAAGGATTTGCAGAAGT,0,28456
TSS_1414_storz_regulondb,0.07142857142857142,13,13,TTCTGACCGAAAAATGCCTT,0,64334
TSS_1414_storz_regulondb,0.07142857142857142,13,13,TTCTCACCTATGTTGAATTA,0,62488
TSS_1414_storz_regulondb,0.07142857142857142,13,13,TTCGTGATGGAAGAGCGTAA,0,31467
TSS_1414_storz_regulondb,0.07142857142857142,13,13,TTCGTACGCTACGAGGGAGT,0,19129
TSS_1414_storz_regulondb,0.07142857142857142,13,13,TTCGGCGCGTGCACGATAAC,0,76114
TSS_1414_storz_regulondb,0.07142857142857142,13,13,TTCCGGCGACTGCGCGTAGG,0,77320
TSS_1414_storz_regulondb,0.07142857142857142,13,13,TTCCATATTACCCGCTCTGA,0,65847
TSS_1414_storz_regulondb,0.07142857142857142,13,13,TTCATTTTTGTTCTCGGCTT,0,57360
TSS_1414_storz_regulondb,0.07142857142857142,13,13,TTCAAATGCCGATCGTATGG,0,37573
TSS_1414_storz_regulondb,0.07142857142857142,13,13,TTATCACAAGGCGCGGACCA,0,48859
TSS_1414_storz_regulondb,0.07142857142857142,13,13,TTAGTGCAAGGACTCTGGCA,0,40926
TSS_1414_storz_regulondb,0.07142857142857142,13,13,TTAGTGAGGTGTCCTCCTCG,0,51934
TSS_1414_storz_regulondb,0.07142857142857142,13,13,TTAGAGATTCGTCTGGCGAG,0,8844
TSS_1414_storz_regulondb,0.07142857142857142,13,13,TTAGAACATACCACCGAGAT,0,56925
TSS_1414_storz_regulondb,0.07142857142857142,13,13,TTACTATAGAAAGCGTATGT,0,2403
TSS_1414_storz_regulondb,0.07142857142857142,13,13,TTAATTGTGAACGTTCAGGT,0,4831
TSS_1414_storz_regulondb,0.07142857142857142,13,13,TTAATGAGATGGGTAGGTAT,0,46486
TSS_1414_storz_regulondb,0.07142857142857142,13,13,TTAAAAATTATCATGAGCGT,0,53899
TSS_1414_storz_regulondb,0.07142857142857142,13,13,TGTTCGTTGATCGTTGTGAT,0,1214
TSS_1414_storz_regulondb,0.07142857142857142,13,13,TGTTACCAGAAAGTCGGGTG,0,43968
TSS_1414_storz_regulondb,0.07142857142857142,13,13,TGTGGATGAGCATGTGCCTT,0,32397
TSS_1414_storz_regulondb,0.07142857142857142,13,13,TGTCTTTAATCCCGTAAGTT,0,8428
TSS_1414_storz_regulondb,0.07142857142857142,13,13,TGTCGGGTCTGCAACAGAGG,0,63867
TSS_1414_storz_regulondb,0.07142857142857142,13,13,TGGGGTCCGTGCCAACCAGG,0,20994
TSS_1414_storz_regulondb,0.07142857142857142,13,13,TGGCGAGGGATGCATCAAAG,0,35761
TSS_1414_storz_regulondb,0.07142857142857142,13,13,TGGCCCAGTGGTCGGCTCAG,0,26801
TSS_1414_storz_regulondb,0.07142857142857142,13,13,TGGAAGTCCTCCGTTGTATG,0,43075
TSS_1414_storz_regulondb,0.07142857142857142,13,13,TGCTGACTAAGTAGAACAGT,0,22765
TSS_1414_storz_regulondb,0.07142857142857142,13,13,TGCCTGCCCTGAGCCCGAGC,0,46320
TSS_1414_storz_regulondb,0.07142857142857142,13,13,TGCCCGACGATCCCGTGCCG,0,49830
TSS_1414_storz_regulondb,0.07142857142857142,13,13,TGCCAACGTTCAATTAGGGG,0,32192
TSS_1414_storz_regulondb,0.07142857142857142,13,13,TGCAAACTAATTCTTACTAT,0,23893
TSS_1414_storz_regulondb,0.07142857142857142,13,13,TGATTTGATGACGTGGATGA,0,8682
TSS_1414_storz_regulondb,0.07142857142857142,13,13,TGATTGGTGTCGGAAACTAT,0,47288
TSS_1414_storz_regulondb,0.07142857142857142,13,13,TGATATGTCATTTTTTCATG,0,11568
TSS_1414_storz_regulondb,0.07142857142857142,13,13,TGATAACTCCATATTCGGGT,0,57667
TSS_1414_storz_regulondb,0.07142857142857142,13,13,TGAGTCCGTCTCTTCCGGTA,0,35496
TSS_1414_storz_regulondb,0.07142857142857142,13,13,TGAATTTAGGTACTTATCTA,0,44486
TSS_1414_storz_regulondb,0.07142857142857142,13,13,TCTTATTAATTGTAGTCAAG,0,20751
TSS_1414_storz_regulondb,0.07142857142857142,13,13,TCTACCGAATGGTTTTTTGT,0,80326
TSS_1414_storz_regulondb,0.07142857142857142,13,13,TCGTCCGGTTGGATATTGTC,0,69999
TSS_1414_storz_regulondb,0.07142857142857142,13,13,TCGGGACTTTACCATTCCGT,0,67042
TSS_1414_storz_regulondb,0.07142857142857142,13,13,TCGGCGTGTAGATTGCACTA,0,60362
TSS_1414_storz_regulondb,0.07142857142857142,13,13,TCGATCCGTCACCGATGCTC,0,30205
TSS_1414_storz_regulondb,0.07142857142857142,13,13,TCCTGCGCGTACTAACTCCA,0,76226
TSS_1414_storz_regulondb,0.07142857142857142,13,13,TCCTCCAGCCGGGGATTTGC,0,31495
TSS_1414_storz_regulondb,0.07142857142857142,13,13,TCCTAGAGGTCACCAAGGTG,0,19802
TSS_1414_storz_regulondb,0.07142857142857142,13,13,TCCGCTACTTGTGTAATTGT,0,51816
TSS_1414_storz_regulondb,0.07142857142857142,13,13,TCCGCCATCTTAATCAAGGC,0,70311
TSS_1414_storz_regulondb,0.07142857142857142,13,13,TCCATTCGTACTTCTATGTT,0,7056
TSS_1414_storz_regulondb,0.07142857142857142,13,13,TCCATACCGGCAAATAAGGC,0,66979
TSS_1414_storz_regulondb,0.07142857142857142,13,13,TCAGGTCCCCCATACGAGAA,0,71456
TSS_1414_storz_regulondb,0.07142857142857142,13,13,TCAGGGGGGCGCTAGATCGG,0,57079
TSS_1414_storz_regulondb,0.07142857142857142,13,13,TCACTCAAGGAGCACGACTT,0,57163
TSS_1414_storz_regulondb,0.07142857142857142,13,13,TATTTTCCCTCCAGGGGGGA,0,32685
TSS_1414_storz_regulondb,0.07142857142857142,13,13,TATGTGCCCTACGGCCAGCC,0,64009
TSS_1414_storz_regulondb,0.07142857142857142,13,13,TATGGTTCGTATATAAGTTG,0,9967
TSS_1414_storz_regulondb,0.07142857142857142,13,13,TATGATGATTCCCGGCGGAT,0,8239
TSS_1414_storz_regulondb,0.07142857142857142,13,13,TATGAGTCGTGCACGGCGAG,0,51987
TSS_1414_storz_regulondb,0.07142857142857142,13,13,TATCAAGGACGTGCGGGTGA,0,9093
TSS_1414_storz_regulondb,0.07142857142857142,13,13,TACTACCGACGCTCATTAAG,0,52314
TSS_1414_storz_regulondb,0.07142857142857142,13,13,TACCACTGGGGCGAGGGTGC,0,18912
TSS_1414_storz_regulondb,0.07142857142857142,13,13,TAAGCGTTGAAAAAATCTCT,0,63000
TSS_1414_storz_regulondb,0.07142857142857142,13,13,TAAGCAGACACCGGCGAGGT,0,67658
TSS_1414_storz_regulondb,0.07142857142857142,13,13,TAACGTGATCTCAGGTGTCA,0,28853
TSS_1414_storz_regulondb,0.07142857142857142,13,13,TAACCCGAAATTCTCGTCAC,0,65048
TSS_1414_storz_regulondb,0.07142857142857142,13,13,TAAACTCCTCTGCGCACATA,0,33276
TSS_1414_storz_regulondb,0.07142857142857142,13,13,GTTTAAAGTCATCTGGGCTC,0,44376
TSS_1414_storz_regulondb,0.07142857142857142,13,13,GTTATAGTTCAGTGACTTCC,0,46364
TSS_1414_storz_regulondb,0.07142857142857142,13,13,GTGGTTTTACGTGGTTATTG,0,8753
TSS_1414_storz_regulondb,0.07142857142857142,13,13,GTGGTGTCAATTGCGGTCAA,0,76512
TSS_1414_storz_regulondb,0.07142857142857142,13,13,GTGGTAACCCCGGCGATCCT,0,76461
TSS_1414_storz_regulondb,0.07142857142857142,13,13,GTGATACAGCCGGCCGTTCT,0,67638
TSS_1414_storz_regulondb,0.07142857142857142,13,13,GTGAGCCTTTTGGCTGGAAC,0,52625
TSS_1414_storz_regulondb,0.07142857142857142,13,13,GTCTTAGAAATGGTCGGGCT,0,50847
TSS_1414_storz_regulondb,0.07142857142857142,13,13,GTCGTGGGGGTGTACGGATT,0,57927
TSS_1414_storz_regulondb,0.07142857142857142,13,13,GTCGAGGATTGTGCCACCCC,0,1143
TSS_1414_storz_regulondb,0.07142857142857142,13,13,GTCCCATGACTGATTTATGA,0,77759
TSS_1414_storz_regulondb,0.07142857142857142,13,13,GTCATGAGTGCGTGTCAACC,0,37513
TSS_1414_storz_regulondb,0.07142857142857142,13,13,GTCACAGGAAACTGAGATTA,0,20198
TSS_1414_storz_regulondb,0.07142857142857142,13,13,GTATTGCCCCAAAGGTCAAA,0,53822
TSS_1414_storz_regulondb,0.07142857142857142,13,13,GTATGTGTGTGTAGAGCATG,0,77412
TSS_1414_storz_regulondb,0.07142857142857142,13,13,GTATGCTTTGGGGGCCAAAT,0,48082
TSS_1414_storz_regulondb,0.07142857142857142,13,13,GTAGTGTGAAAGTCGGTAAT,0,17650
TSS_1414_storz_regulondb,0.07142857142857142,13,13,GTAGAGTTGCGAACGACAAT,0,77552
TSS_1414_storz_regulondb,0.07142857142857142,13,13,GTACCAAGTCAATCTCTGCG,0,50365
TSS_1414_storz_regulondb,0.07142857142857142,13,13,GTAACTATCGCGCCAGGTTT,0,41551
TSS_1414_storz_regulondb,0.07142857142857142,13,13,GTAAAGTATCAGGCGCCAGT,0,1428
TSS_1414_storz_regulondb,0.07142857142857142,13,13,GGTTAGTGGTCCTAAGCACA,0,18711
TSS_1414_storz_regulondb,0.07142857142857142,13,13,GGTGCCCCGATCACAGCTCC,0,66997
TSS_1414_storz_regulondb,0.07142857142857142,13,13,GGTCGGAACCTTATATGTTG,0,22000
TSS_1414_storz_regulondb,0.07142857142857142,13,13,GGTCCAAGAGGTCCGTAGCT,0,73855
TSS_1414_storz_regulondb,0.07142857142857142,13,13,GGTCAAGGCGGGACGGGATA,0,9802
TSS_1414_storz_regulondb,0.07142857142857142,13,13,GGTCAACGGGGCATTCAAAA,0,63708
TSS_1414_storz_regulondb,0.07142857142857142,13,13,GGTACGTGGTTGTGTTGTGT,0,69034
TSS_1414_storz_regulondb,0.07142857142857142,13,13,GGTAAGTCCTCAAAGCGAGT,0,73652
TSS_1414_storz_regulondb,0.07142857142857142,13,13,GGGTGTTGTTATTGTTGTAA,0,27858
TSS_1414_storz_regulondb,0.07142857142857142,13,13,GGGTGCAGATCTTGTGTGTT,0,10794
TSS_1414_storz_regulondb,0.07142857142857142,13,13,GGGTAGTCGTCAAAGTCCTC,0,15843
TSS_1414_storz_regulondb,0.07142857142857142,13,13,GGGGTTCAAGCACATCAAGA,0,26320
TSS_1414_storz_regulondb,0.07142857142857142,13,13,GGGCTTTGATCTCGAAGTAA,0,21299
TSS_1414_storz_regulondb,0.07142857142857142,13,13,GGGAAGAAGATTCTTGGGCA,0,29198
TSS_1414_storz_regulondb,0.07142857142857142,13,13,GGCTGTGACCAGGCCCGAAG,0,29364
TSS_1414_storz_regulondb,0.07142857142857142,13,13,GGCGGTCGATACACTGATGA,0,16376
TSS_1414_storz_regulondb,0.07142857142857142,13,13,GGCGCCGTTCGGGTTCCAGT,0,45654
TSS_1414_storz_regulondb,0.07142857142857142,13,13,GGCCTCTCCTCGACTTCAGA,0,17269
TSS_1414_storz_regulondb,0.07142857142857142,13,13,GGCCTCCGGACTAAGGGGGT,0,59537
TSS_1414_storz_regulondb,0.07142857142857142,13,13,GGCCCCTGGAAACGAGTTTC,0,64160
TSS_1414_storz_regulondb,0.07142857142857142,13,13,GGCCACGGTGAGATACGGGC,0,47586
TSS_1414_storz_regulondb,0.07142857142857142,13,13,GGCAATGCCTTGGACGCGCG,0,69119
TSS_1414_storz_regulondb,0.07142857142857142,13,13,GGATAGAGGGCTGTCAACAG,0,2586
TSS_1414_storz_regulondb,0.07142857142857142,13,13,GGATACGACGTGCTTGACGA,0,57778
TSS_1414_storz_regulondb,0.07142857142857142,13,13,GGATACACTCTTTCGTCTAC,0,56215
TSS_1414_storz_regulondb,0.07142857142857142,13,13,GGAGCCAAGGCAGCCTGACT,0,56674
TSS_1414_storz_regulondb,0.07142857142857142,13,13,GGACCGTACACACTTACCTG,0,44079
TSS_1414_storz_regulondb,0.07142857142857142,13,13,GGAATGAGGGTCTTGCTCCC,0,49285
TSS_1414_storz_regulondb,0.07142857142857142,13,13,GGAAGTCGGGGTAATACGGA,0,35106
TSS_1414_storz_regulondb,0.07142857142857142,13,13,GCTGTAGTGACCATTATCTA,0,7746
TSS_1414_storz_regulondb,0.07142857142857142,13,13,GCTCGTAGACCCGAAGTTCG,0,19977
TSS_1414_storz_regulondb,0.07142857142857142,13,13,GCTACGGTGGCGGGAGGTCC,0,25505
TSS_1414_storz_regulondb,0.07142857142857142,13,13,GCTAAAGCGCGGGGCGCAAT,0,32147
TSS_1414_storz_regulondb,0.07142857142857142,13,13,GCGGCGTTAATGATGTGGAA,0,12519
TSS_1414_storz_regulondb,0.07142857142857142,13,13,GCGGAGCTAGGACAGGTAGC,0,53879
TSS_1414_storz_regulondb,0.07142857142857142,13,13,GCGGAAGCAGAATTCGCGTC,0,17482
TSS_1414_storz_regulondb,0.07142857142857142,13,13,GCGCTATTACTCCCCTTGTG,0,63574
TSS_1414_storz_regulondb,0.07142857142857142,13,13,GCGCGCGCCATCACGTACTA,0,52805
TSS_1414_storz_regulondb,0.07142857142857142,13,13,GCATTGGGAACCAGGGCTAG,0,27099
TSS_1414_storz_regulondb,0.07142857142857142,13,13,GCATGTGCCACCTCACTTTA,0,51656
TSS_1414_storz_regulondb,0.07142857142857142,13,13,GCATGAGAGTATTCTCCGGT,0,51276
TSS_1414_storz_regulondb,0.07142857142857142,13,13,GCATCATTAACGCTGGGCGC,0,50157
TSS_1414_storz_regulondb,0.07142857142857142,13,13,GCAGCCTCCGATGAGATCTT,0,11973
TSS_1414_storz_regulondb,0.07142857142857142,13,13,GCAATCGTAGTAATGGAAGA,0,50047
TSS_1414_storz_regulondb,0.07142857142857142,13,13,GCAAATAGAGGCCCGGATCT,0,68773
TSS_1414_storz_regulondb,0.07142857142857142,13,13,GATTGCAGGCTTTTTCTACG,0,18757
TSS_1414_storz_regulondb,0.07142857142857142,13,13,GATTCCTCTTGTAGGGCACT,0,26809
TSS_1414_storz_regulondb,0.07142857142857142,13,13,GATTAAGGAGGGTTGACACT,0,63087
TSS_1414_storz_regulondb,0.07142857142857142,13,13,GATGACTGTGCAACCGTTAC,0,68392
TSS_1414_storz_regulondb,0.07142857142857142,13,13,GATCGGTGACTGGCTTGTAG,0,15143
TSS_1414_storz_regulondb,0.07142857142857142,13,13,GATCCCGGATGAAGTCATGT,0,31365
TSS_1414_storz_regulondb,0.07142857142857142,13,13,GATAGCTCGGGGGAGGGAGT,0,52986
TSS_1414_storz_regulondb,0.07142857142857142,13,13,GATAGATGTAATGCGATGAT,0,49299
TSS_1414_storz_regulondb,0.07142857142857142,13,13,GATAATTAACACGTTCGAAG,0,35531
TSS_1414_storz_regulondb,0.07142857142857142,13,13,GATAAGGACAGTGGCTACAA,0,49067
TSS_1414_storz_regulondb,0.07142857142857142,13,13,GAGTTTTTGGACCAACAACT,0,12922
TSS_1414_storz_regulondb,0.07142857142857142,13,13,GACTTTCTAGCGAAGTCAGG,0,70191
TSS_1414_storz_regulondb,0.07142857142857142,13,13,GACTTATTAATTATGTTAGT,0,53075
TSS_1414_storz_regulondb,0.07142857142857142,13,13,GACGTCCGTGTCAAGATTGA,0,3443
TSS_1414_storz_regulondb,0.07142857142857142,13,13,GACCAACTAGCTAGAGCAAT,0,36545
TSS_1414_storz_regulondb,0.07142857142857142,13,13,GACCAAACAAGAGCTCCCGT,0,6041
TSS_1414_storz_regulondb,0.07142857142857142,13,13,GACATGATGAGGCTCCGTTA,0,68318
TSS_1414_storz_regulondb,0.07142857142857142,13,13,GACACTTCTTAACCCTGCAC,0,28068
TSS_1414_storz_regulondb,0.07142857142857142,13,13,GACACATAAACAACGGGTAC,0,68055
TSS_1414_storz_regulondb,0.07142857142857142,13,13,GAATGCCTCGGCAGAACGTA,0,67965
TSS_1414_storz_regulondb,0.07142857142857142,13,13,GAATCTTACCAAGTCCGGCC,0,23348
TSS_1414_storz_regulondb,0.07142857142857142,13,13,GAATCTATGATAATGTCGAT,0,1985
TSS_1414_storz_regulondb,0.07142857142857142,13,13,GAAATCTTCATCCGTCTATT,0,16303
TSS_1414_storz_regulondb,0.07142857142857142,13,13,GAAAAGGGTGAGTTGTCTAA,0,46636
TSS_1414_storz_regulondb,0.07142857142857142,13,13,CTTTCAAGCTATAGCGTGTA,0,19544
TSS_1414_storz_regulondb,0.07142857142857142,13,13,CTTGTCGGGCCAGAATTATA,0,68720
TSS_1414_storz_regulondb,0.07142857142857142,13,13,CTTGGGCCACAGCTTCGAAT,0,71126
TSS_1414_storz_regulondb,0.07142857142857142,13,13,CTTGGGAGTCGGTTTGTCTT,0,14001
TSS_1414_storz_regulondb,0.07142857142857142,13,13,CTTAACATATCGGTATGACA,0,52818
TSS_1414_storz_regulondb,0.07142857142857142,13,13,CTGTGAATCCCCACCGCGCC,0,13741
TSS_1414_storz_regulondb,0.07142857142857142,13,13,CTGTCGGAGATAGTCTTATT,0,65320
TSS_1414_storz_regulondb,0.07142857142857142,13,13,CTGTATACGAGATCGAGCAT,0,53545
TSS_1414_storz_regulondb,0.07142857142857142,13,13,CTGGTCGTTAGTACGTTGCT,0,11489
TSS_1414_storz_regulondb,0.07142857142857142,13,13,CTGCCATCTTGTGAGCTCCG,0,23567
TSS_1414_storz_regulondb,0.07142857142857142,13,13,CTGATAATACAGAGAACGGC,0,3018
TSS_1414_storz_regulondb,0.07142857142857142,13,13,CTGAAAGTGGGAGGAAGGTT,0,80615
TSS_1414_storz_regulondb,0.07142857142857142,13,13,CTGAAAGTGCGTTCTCCGTA,0,69502
TSS_1414_storz_regulondb,0.07142857142857142,13,13,CTCTAACTTGTTTCAGTAGC,0,26266
TSS_1414_storz_regulondb,0.07142857142857142,13,13,CTCGTACCCTGCACAAGAGA,0,16991
TSS_1414_storz_regulondb,0.07142857142857142,13,13,CTCGAAGGTGCAATTCAGGC,0,34844
TSS_1414_storz_regulondb,0.07142857142857142,13,13,CTCCCACGGATTGAGACAGA,0,28258
TSS_1414_storz_regulondb,0.07142857142857142,13,13,CTATGGAGATGCTAGTCTTA,0,7458
TSS_1414_storz_regulondb,0.07142857142857142,13,13,CTATCGCCACAGCCCCTCAC,0,73747
TSS_1414_storz_regulondb,0.07142857142857142,13,13,CTAGATTAGGGTGTTAGGAT,0,68080
TSS_1414_storz_regulondb,0.07142857142857142,13,13,CTAAGTTGAGATGTTCTGAG,0,4163
TSS_1414_storz_regulondb,0.07142857142857142,13,13,CGTGGGTTGCCCCAGTGCAA,0,29004
TSS_1414_storz_regulondb,0.07142857142857142,13,13,CGTGACACGCTGAGTCCGAG,0,9130
TSS_1414_storz_regulondb,0.07142857142857142,13,13,CGTCTACTCGACATCGGCGA,0,63747
TSS_1414_storz_regulondb,0.07142857142857142,13,13,CGTCGCATACGTAAGCCGGG,0,20837
TSS_1414_storz_regulondb,0.07142857142857142,13,13,CGTATCCTACCGGGCGCACC,0,3632
TSS_1414_storz_regulondb,0.07142857142857142,13,13,CGTAGTCGATAACGCAGCTA,0,9590
TSS_1414_storz_regulondb,0.07142857142857142,13,13,CGGGTAGGTCAGCTATCACA,0,4544
TSS_1414_storz_regulondb,0.07142857142857142,13,13,CGGCTTTCGAGGCTTGCTTC,0,24826
TSS_1414_storz_regulondb,0.07142857142857142,13,13,CGCTTCCTAGCGTTGCGACT,0,12243
TSS_1414_storz_regulondb,0.07142857142857142,13,13,CGCTGGGATCGGCTGAATGG,0,72049
TSS_1414_storz_regulondb,0.07142857142857142,13,13,CGCTCCTGTAACTTGGGGAG,0,24885
TSS_1414_storz_regulondb,0.07142857142857142,13,13,CGCCGCATACTCTCGCGTAT,0,15281
TSS_1414_storz_regulondb,0.07142857142857142,13,13,CGCCATGTTATAGCCTGAGC,0,58741
TSS_1414_storz_regulondb,0.07142857142857142,13,13,CGCATACATCGTGCAGTTTT,0,34487
TSS_1414_storz_regulondb,0.07142857142857142,13,13,CGATTCTCAGACGTTGGATG,0,71989
TSS_1414_storz_regulondb,0.07142857142857142,13,13,CGAGCCTTGCAGTCATCTTA,0,69133
TSS_1414_storz_regulondb,0.07142857142857142,13,13,CGAAAACCTGTTGACGCGCC,0,10346
TSS_1414_storz_regulondb,0.07142857142857142,13,13,CCTTCTTGTATGCACGTAGG,0,39617
TSS_1414_storz_regulondb,0.07142857142857142,13,13,CCTGTGGTAGGCCCAGCATC,0,51291
TSS_1414_storz_regulondb,0.07142857142857142,13,13,CCTGCTTTCCAACCGTTGCA,0,64427
TSS_1414_storz_regulondb,0.07142857142857142,13,13,CCTGCGTGTTGGTGAGATAC,0,21640
TSS_1414_storz_regulondb,0.07142857142857142,13,13,CCTGCACCTCGTGTGTACAA,0,52527
TSS_1414_storz_regulondb,0.07142857142857142,13,13,CCTCTGACCGTTCGGAGGCG,0,24313
TSS_1414_storz_regulondb,0.07142857142857142,13,13,CCGTTTTCAGGTGAATTGAC,0,52412
TSS_1414_storz_regulondb,0.07142857142857142,13,13,CCGGGTAAATAGAGAGTGTA,0,6274
TSS_1414_storz_regulondb,0.07142857142857142,13,13,CCGGGCGTCAATGCCCAATT,0,78291
TSS_1414_storz_regulondb,0.07142857142857142,13,13,CCGCAACGAGGTCGCTGGTT,0,42312
TSS_1414_storz_regulondb,0.07142857142857142,13,13,CCGACTCGGTGATATTCACT,0,1707
TSS_1414_storz_regulondb,0.07142857142857142,13,13,CCGACACGCGGACGTTGAAT,0,44246
TSS_1414_storz_regulondb,0.07142857142857142,13,13,CCCTTGGAGCCTGTCTGGGT,0,9487
TSS_1414_storz_regulondb,0.07142857142857142,13,13,CCCGTTGGCATACGCCAGCA,0,11075
TSS_1414_storz_regulondb,0.07142857142857142,13,13,CCCGGTCAGTTGAGTATCGA,0,62836
TSS_1414_storz_regulondb,0.07142857142857142,13,13,CCCCTTGCAAAGTTGCTTCA,0,26022
TSS_1414_storz_regulondb,0.07142857142857142,13,13,CCCCTCCATGTCCAATATCG,0,64934
TSS_1414_storz_regulondb,0.07142857142857142,13,13,CCCCAATAACTGGAGGCCAG,0,43850
TSS_1414_storz_regulondb,0.07142857142857142,13,13,CCATATGGAGTCAGGCTAGT,0,41581
TSS_1414_storz_regulondb,0.07142857142857142,13,13,CCATATACGCTGGGGGGGAT,0,69272
TSS_1414_storz_regulondb,0.07142857142857142,13,13,CCAATATCAGCATCGCAATC,0,11782
TSS_1414_storz_regulondb,0.07142857142857142,13,13,CCAAGTAGGTGTCGTGACAG,0,78085
TSS_1414_storz_regulondb,0.07142857142857142,13,13,CCAAGGTTTAGTGCGCACGT,0,20592
TSS_1414_storz_regulondb,0.07142857142857142,13,13,CCAAACGTTTCCTAGTCACC,0,60423
TSS_1414_storz_regulondb,0.07142857142857142,13,13,CATTCAGCAGAGTCTTGCGG,0,3010
TSS_1414_storz_regulondb,0.07142857142857142,13,13,CATGCGGACTAGGACGCAGT,0,73421
TSS_1414_storz_regulondb,0.07142857142857142,13,13,CATGCGACGAAAGAGCCAAA,0,75923
TSS_1414_storz_regulondb,0.07142857142857142,13,13,CATCTTGGCTTTTAGCGGCT,0,40528
TSS_1414_storz_regulondb,0.07142857142857142,13,13,CATACGTAAGGAATTCACGG,0,41677
TSS_1414_storz_regulondb,0.07142857142857142,13,13,CAGGGGGAGTCTAGGTACAA,0,8284
TSS_1414_storz_regulondb,0.07142857142857142,13,13,CAGGGCATGGTGCCCAGTTC,0,68996
TSS_1414_storz_regulondb,0.07142857142857142,13,13,CAGCATATTCATTCATCGCT,0,38064
TSS_1414_storz_regulondb,0.07142857142857142,13,13,CAGATCTAATTGGACAATGT,0,60260
TSS_1414_storz_regulondb,0.07142857142857142,13,13,CACTGCGCTCGGTACGGTTG,0,55142
TSS_1414_storz_regulondb,0.07142857142857142,13,13,CACGCTTTTCACCCGGTAAC,0,20553
TSS_1414_storz_regulondb,0.07142857142857142,13,13,CACGAACTCCTTGATGTCTA,0,47092
TSS_1414_storz_regulondb,0.07142857142857142,13,13,CACCGGGACAGAGTTTTCAG,0,70386
TSS_1414_storz_regulondb,0.07142857142857142,13,13,CACAGGCTCCACCTCTGACT,0,56060
TSS_1414_storz_regulondb,0.07142857142857142,13,13,CACAAGAACTGGCCGTCGCA,0,31199
TSS_1414_storz_regulondb,0.07142857142857142,13,13,CAATAGTGCACTAGATAGAG,0,51438
TSS_1414_storz_regulondb,0.07142857142857142,13,13,CAAGTAGTAAGGTTAAAAGC,0,16898
TSS_1414_storz_regulondb,0.07142857142857142,13,13,CAACGTATCTAGGACAGCGA,0,2214
TSS_1414_storz_regulondb,0.07142857142857142,13,13,CAACATCTGTATCCATCGGC,0,11439
TSS_1414_storz_regulondb,0.07142857142857142,13,13,CAAAAAAATCTTGGCCACAC,0,1780
TSS_1414_storz_regulondb,0.07142857142857142,13,13,ATTGACAGGTGGGGGGAAGT,0,11226
TSS_1414_storz_regulondb,0.07142857142857142,13,13,ATTGACAACGAACGTACGTT,0,76384
TSS_1414_storz_regulondb,0.07142857142857142,13,13,ATTCGGACCTATCTCGTCAA,0,10703
TSS_1414_storz_regulondb,0.07142857142857142,13,13,ATTCACATAGGGAAAGTAAC,0,44963
TSS_1414_storz_regulondb,0.07142857142857142,13,13,ATTATCCCCTGCGACCATCA,0,5939
TSS_1414_storz_regulondb,0.07142857142857142,13,13,ATGTGTGACAGCATTTGCAT,0,15898
TSS_1414_storz_regulondb,0.07142857142857142,13,13,ATGTCTTCCAAGCATTTGTT,0,56523
TSS_1414_storz_regulondb,0.07142857142857142,13,13,ATGGGCTCAATGTGGATTAG,0,31657
TSS_1414_storz_regulondb,0.07142857142857142,13,13,ATGCGGTGCCGGAGTACGTA,0,50113
TSS_1414_storz_regulondb,0.07142857142857142,13,13,ATGCGCAGTCCCCTAGTTCA,0,29002
TSS_1414_storz_regulondb,0.07142857142857142,13,13,ATGCCTAAGGTTCAGTCTCT,0,73052
TSS_1414_storz_regulondb,0.07142857142857142,13,13,ATGATTCCGGGCCTACCGGT,0,20594
TSS_1414_storz_regulondb,0.07142857142857142,13,13,ATGAGACAACTGACCGGATG,0,27392
TSS_1414_storz_regulondb,0.07142857142857142,13,13,ATGAAATAAATCATGTGTAT,0,25957
TSS_1414_storz_regulondb,0.07142857142857142,13,13,ATCTTTAAGCCTTAGCGCCA,0,58025
TSS_1414_storz_regulondb,0.07142857142857142,13,13,ATCTCTTATGCGGGTGAAAT,0,25698
TSS_1414_storz_regulondb,0.07142857142857142,13,13,ATCCGTTATTCTGTCGGCCA,0,25568
TSS_1414_storz_regulondb,0.07142857142857142,13,13,ATCCGTGATAGACATGCCCC,0,56212
TSS_1414_storz_regulondb,0.07142857142857142,13,13,ATCAATTCCAATCCGACTGA,0,8160
TSS_1414_storz_regulondb,0.07142857142857142,13,13,ATATACGAGAGTTGCCGGAT,0,51206
TSS_1414_storz_regulondb,0.07142857142857142,13,13,ATAGGCGATACTGTCACGCC,0,11969
TSS_1414_storz_regulondb,0.07142857142857142,13,13,ATAGCGTATGGTAATATATA,0,61007
TSS_1414_storz_regulondb,0.07142857142857142,13,13,ATAAGCTGACGCTTGCCCCG,0,17895
TSS_1414_storz_regulondb,0.07142857142857142,13,13,ATAAAACAGGATCGAGATAA,0,37765
TSS_1414_storz_regulondb,0.07142857142857142,13,13,AGTTTTGGTAATGTTGTGTC,0,64053
TSS_1414_storz_regulondb,0.07142857142857142,13,13,AGTTTGACTCCTAGAGCAGA,0,9273
TSS_1414_storz_regulondb,0.07142857142857142,13,13,AGTTTGAATCTCTTTAGTTT,0,76072
TSS_1414_storz_regulondb,0.07142857142857142,13,13,AGTTTATATAGGGTACTGGA,0,46331
TSS_1414_storz_regulondb,0.07142857142857142,13,13,AGTACCGGCCGGGGTTGGCA,0,10950
TSS_1414_storz_regulondb,0.07142857142857142,13,13,AGGTTCGAATTTCACCTGGA,0,673
TSS_1414_storz_regulondb,0.07142857142857142,13,13,AGGTGAGCCAAGCTTCTTGG,0,51210
TSS_1414_storz_regulondb,0.07142857142857142,13,13,AGGTACTCGGTAGAAAAGCG,0,44076
TSS_1414_storz_regulondb,0.07142857142857142,13,13,AGGATAGGTGGTCCTAAACA,0,79339
TSS_1414_storz_regulondb,0.07142857142857142,13,13,AGGACGTGAAGGAATGTCTT,0,23675
TSS_1414_storz_regulondb,0.07142857142857142,13,13,AGCTTATACGTGAGAGTCAC,0,54511
TSS_1414_storz_regulondb,0.07142857142857142,13,13,AGCTGAAAGAGCAAAAGCAA,0,37338
TSS_1414_storz_regulondb,0.07142857142857142,13,13,AGCGCCTGCCCACGTTAGTT,0,53661
TSS_1414_storz_regulondb,0.07142857142857142,13,13,AGCCGCCAGATCCTGCGGAT,0,30271
TSS_1414_storz_regulondb,0.07142857142857142,13,13,AGCATGCTTAGCCCCCCCAG,0,19880
TSS_1414_storz_regulondb,0.07142857142857142,13,13,AGCAGGTAGCGTTCATGTGC,0,29726
TSS_1414_storz_regulondb,0.07142857142857142,13,13,AGCACGGCTACACGCTTCAG,0,15502
TSS_1414_storz_regulondb,0.07142857142857142,13,13,AGCAAGTTGTTGCCAATGAT,0,13320
TSS_1414_storz_regulondb,0.07142857142857142,13,13,AGCAAATAGAATTGATTTAA,0,6401
TSS_1414_storz_regulondb,0.07142857142857142,13,13,AGATTTGGAATGACTTTGTT,0,43894
TSS_1414_storz_regulondb,0.07142857142857142,13,13,AGATGGGCTGGGGCTCTTCC,0,29538
TSS_1414_storz_regulondb,0.07142857142857142,13,13,AGATCGTTTGCGCTACGGTT,0,67298
TSS_1414_storz_regulondb,0.07142857142857142,13,13,AGATCGTATCGTCGTTTTAA,0,47381
TSS_1414_storz_regulondb,0.07142857142857142,13,13,AGAGTCAACCAATCGGTCTT,0,68387
TSS_1414_storz_regulondb,0.07142857142857142,13,13,AGAGGTACACCCCAAGTTCC,0,3945
TSS_1414_storz_regulondb,0.07142857142857142,13,13,AGAGCTGCGGCGCAGAATTG,0,9211
TSS_1414_storz_regulondb,0.07142857142857142,13,13,AGAGAACGTAAAGGAACATA,0,42686
TSS_1414_storz_regulondb,0.07142857142857142,13,13,AGACCTTCACGTGGGTCGTT,0,51036
TSS_1414_storz_regulondb,0.07142857142857142,13,13,AGACACCCAATTAACAATAT,0,4864
TSS_1414_storz_regulondb,0.07142857142857142,13,13,AGAAGGACGTGAAACTGAAA,0,78903
TSS_1414_storz_regulondb,0.07142857142857142,13,13,ACTTCGTATAGTCCAGGAGG,0,61428
TSS_1414_storz_regulondb,0.07142857142857142,13,13,ACTGGGCGGGTACCCTGGTC,0,30077
TSS_1414_storz_regulondb,0.07142857142857142,13,13,ACTGCAGTAAACTGGGACGT,0,68020
TSS_1414_storz_regulondb,0.07142857142857142,13,13,ACTCTGCCGTTTTGATGGCT,0,28316
TSS_1414_storz_regulondb,0.07142857142857142,13,13,ACTCGTAGATGCGTTCGACA,0,63446
TSS_1414_storz_regulondb,0.07142857142857142,13,13,ACTACATTTCGCAATGTGAG,0,68776
TSS_1414_storz_regulondb,0.07142857142857142,13,13,ACGTCGTAAGTTATGGCTTT,0,67404
TSS_1414_storz_regulondb,0.07142857142857142,13,13,ACGGTTTTTAACACGCCGTA,0,26755
TSS_1414_storz_regulondb,0.07142857142857142,13,13,ACGGGAAACGGTATCCTGCA,0,74011
TSS_1414_storz_regulondb,0.07142857142857142,13,13,ACGATGGTCAGCTTGGAAAT,0,47849
TSS_1414_storz_regulondb,0.07142857142857142,13,13,ACGAGCTTTAGGATTTGTAT,0,40787
TSS_1414_storz_regulondb,0.07142857142857142,13,13,ACCTATTGAAGCTTTAAAAT,0,5772
TSS_1414_storz_regulondb,0.07142857142857142,13,13,ACCTAAATTCAGGACTGAAC,0,53204
TSS_1414_storz_regulondb,0.07142857142857142,13,13,ACCACGCGAGTTCGACGTAG,0,795
TSS_1414_storz_regulondb,0.07142857142857142,13,13,ACATGGAACTGCGGCGGGTT,0,33590
TSS_1414_storz_regulondb,0.07142857142857142,13,13,ACAGGAGACAAGTGCGCGAC,0,60857
TSS_1414_storz_regulondb,0.07142857142857142,13,13,ACAGCAAATTCGCAAACTTC,0,4320
TSS_1414_storz_regulondb,0.07142857142857142,13,13,ACACCAACTAATACCTTTTA,0,68112
TSS_1414_storz_regulondb,0.07142857142857142,13,13,ACAATTATCTCACAAATTTG,0,15742
TSS_1414_storz_regulondb,0.07142857142857142,13,13,ACAATGGTCTAACTTAAAAT,0,64822
TSS_1414_storz_regulondb,0.07142857142857142,13,13,AATGGTGGCGCAGCTTGGAT,0,50829
TSS_1414_storz_regulondb,0.07142857142857142,13,13,AATGAACTGCGCGGATAGAG,0,78151
TSS_1414_storz_regulondb,0.07142857142857142,13,13,AATCTTTCAAAGGCACTCGT,0,8108
TSS_1414_storz_regulondb,0.07142857142857142,13,13,AATCATCAGCAACCCATGCG,0,723
TSS_1414_storz_regulondb,0.07142857142857142,13,13,AATATATACCGGTAGTGTAG,0,24680
TSS_1414_storz_regulondb,0.07142857142857142,13,13,AATAGCGCCGAGCACATGAC,0,21993
TSS_1414_storz_regulondb,0.07142857142857142,13,13,AAGTCTGGGCAAGTTGTACG,0,16647
TSS_1414_storz_regulondb,0.07142857142857142,13,13,AAGGAGAAATTGTTGTGAAT,0,71076
TSS_1414_storz_regulondb,0.07142857142857142,13,13,AAGCTGCGGTTCGTGCATTT,0,37963
TSS_1414_storz_regulondb,0.07142857142857142,13,13,AAGCACGTGAATTCGAATAT,0,50249
TSS_1414_storz_regulondb,0.07142857142857142,13,13,AAGATGAGTTGCCGACGACG,0,65866
TSS_1414_storz_regulondb,0.07142857142857142,13,13,AAGATATATAAGACACTGGG,0,21162
TSS_1414_storz_regulondb,0.07142857142857142,13,13,AAGATAGGAGTGTCCAACAT,0,69564
TSS_1414_storz_regulondb,0.07142857142857142,13,13,AACGGCGAAAGGGCGATAAT,0,72796
TSS_1414_storz_regulondb,0.07142857142857142,13,13,AACGGATGGGCTCGACTCGA,0,50105
TSS_1414_storz_regulondb,0.07142857142857142,13,13,AACGCTACAAGGTTATTTGC,0,40979
TSS_1414_storz_regulondb,0.07142857142857142,13,13,AACGCGCTAGGCCCGGGCGG,0,69954
TSS_1414_storz_regulondb,0.07142857142857142,13,13,AACGCAGCGCGTCGGATGTT,0,36311
TSS_1414_storz_regulondb,0.07142857142857142,13,13,AACGACTACCGTTGGTCCAT,0,19371
TSS_1414_storz_regulondb,0.07142857142857142,13,13,AACCATGGGCGTCTACCATT,0,22696
TSS_1414_storz_regulondb,0.07142857142857142,13,13,AACATCGTGACACCTAGCGA,0,79093
TSS_1414_storz_regulondb,0.07142857142857142,13,13,AACAAACTGTTTGGCATCCA,0,13000
TSS_1414_storz_regulondb,0.07142857142857142,13,13,AAAGGCAAGGCAGGCGGAAG,0,22086
TSS_1414_storz_regulondb,0.07142857142857142,13,13,AAAATATCATAGGATTACTA,0,23669
TSS_1414_storz_regulondb,0.07142857142857142,13,13,AAAACGGGCGCAAATCTCTC,0,62389
TSS_1414_storz_regulondb,0.07142857142857142,13,13,AAAACCTAGCCCCCTGCCAA,0,57435
TSS_1414_storz_regulondb,0.07692307692307693,12,12,TTTTGACCTAAACAAGGAGG,0,60246
TSS_1414_storz_regulondb,0.07692307692307693,12,12,TTTTCATTTCCAGGTTCTCC,0,7610
TSS_1414_storz_regulondb,0.07692307692307693,12,12,TTTGAGAACTCGAATAACAA,0,41763
TSS_1414_storz_regulondb,0.07692307692307693,12,12,TTTCTTCCATCGCAGCGAAA,0,55686
TSS_1414_storz_regulondb,0.07692307692307693,12,12,TTTCACCTTCTATAATGTAG,0,26395
TSS_1414_storz_regulondb,0.07692307692307693,12,12,TTTATTCGCTCAATTAAGGA,0,48139
TSS_1414_storz_regulondb,0.07692307692307693,12,12,TTGTTATTCGTACGCGACTC,0,69369
TSS_1414_storz_regulondb,0.07692307692307693,12,12,TTGTATAGTACGCACCTATG,0,45679
TSS_1414_storz_regulondb,0.07692307692307693,12,12,TTGTAACCGCACGATTTCGG,0,18124
TSS_1414_storz_regulondb,0.07692307692307693,12,12,TTGCTTTAGAATATACAGTC,0,44185
TSS_1414_storz_regulondb,0.07692307692307693,12,12,TTGCGTATCTGCCCAATTGT,0,68495
TSS_1414_storz_regulondb,0.07692307692307693,12,12,TTGACATTAGCCAGCATCTG,0,19918
TSS_1414_storz_regulondb,0.07692307692307693,12,12,TTGACACGTGGTTGTTTGTA,0,30431
TSS_1414_storz_regulondb,0.07692307692307693,12,12,TTCTTGGTCAGGAGCTGTAT,0,30703
TSS_1414_storz_regulondb,0.07692307692307693,12,12,TTCTGCCAGTACTACATCTC,0,15126
TSS_1414_storz_regulondb,0.07692307692307693,12,12,TTCGCTGCCCTGTATAGGGA,0,74632
TSS_1414_storz_regulondb,0.07692307692307693,12,12,TTCGCGAGGTTATTAGTGAA,0,8987
TSS_1414_storz_regulondb,0.07692307692307693,12,12,TTCCTGATACCTTGCTTCTC,0,58678
TSS_1414_storz_regulondb,0.07692307692307693,12,12,TTCAGGTCTTTGGCATAATA,0,72896
TSS_1414_storz_regulondb,0.07692307692307693,12,12,TTATTTTTCAACAGAGTCAG,0,322
TSS_1414_storz_regulondb,0.07692307692307693,12,12,TTATGACAGACGCATCACAT,0,13363
TSS_1414_storz_regulondb,0.07692307692307693,12,12,TTAGCTGTACCGTCAGCCTT,0,19975
TSS_1414_storz_regulondb,0.07692307692307693,12,12,TTACGGCCATCCTACTGGAC,0,77008
TSS_1414_storz_regulondb,0.07692307692307693,12,12,TTACGGACTGCAAAGAAATC,0,79899
TSS_1414_storz_regulondb,0.07692307692307693,12,12,TTAATTTCATTCCTTAGGGG,0,7982
TSS_1414_storz_regulondb,0.07692307692307693,12,12,TTAACTATCGCAGCGAACAT,0,13303
TSS_1414_storz_regulondb,0.07692307692307693,12,12,TTAACCACCAACCTTATCTA,0,2816
TSS_1414_storz_regulondb,0.07692307692307693,12,12,TGTTTTGTGAGTGTTCCCGC,0,6808
TSS_1414_storz_regulondb,0.07692307692307693,12,12,TGTTGATAACGGACACAATG,0,23904
TSS_1414_storz_regulondb,0.07692307692307693,12,12,TGTTATCTGATGAGAATTGT,0,1282
TSS_1414_storz_regulondb,0.07692307692307693,12,12,TGTTATCCCAGGGATTCCTC,0,38978
TSS_1414_storz_regulondb,0.07692307692307693,12,12,TGTTACCCAGCCTACATCGA,0,23975
TSS_1414_storz_regulondb,0.07692307692307693,12,12,TGTTAACAATAACGCTGTAA,0,44062
TSS_1414_storz_regulondb,0.07692307692307693,12,12,TGTGGGCGCCTTCCAGAACT,0,3498
TSS_1414_storz_regulondb,0.07692307692307693,12,12,TGTCGCCGGTAAAACGTAGA,0,54929
TSS_1414_storz_regulondb,0.07692307692307693,12,12,TGTATATGGGAATGGACATA,0,19198
TSS_1414_storz_regulondb,0.07692307692307693,12,12,TGTAGGCATGTGCAGTATCT,0,62842
TSS_1414_storz_regulondb,0.07692307692307693,12,12,TGGTGTTGGTGTCTTGGAAA,0,56481
TSS_1414_storz_regulondb,0.07692307692307693,12,12,TGGTCTATTCTCGGAAAAGC,0,74564
TSS_1414_storz_regulondb,0.07692307692307693,12,12,TGGTCGCATAGTTCCCCGGA,0,15982
TSS_1414_storz_regulondb,0.07692307692307693,12,12,TGGGTATAGACGGATGCAAA,0,42310
TSS_1414_storz_regulondb,0.07692307692307693,12,12,TGGGGGACCCTAACTGTCAC,0,39020
TSS_1414_storz_regulondb,0.07692307692307693,12,12,TGGGCATGAGCCATTCAATG,0,45770
TSS_1414_storz_regulondb,0.07692307692307693,12,12,TGGGATGCTCGCCCTCTGAT,0,30982
TSS_1414_storz_regulondb,0.07692307692307693,12,12,TGGATTTAGCAGTTTTGCGT,0,79581
TSS_1414_storz_regulondb,0.07692307692307693,12,12,TGCGTATCCTTTGATGTAGA,0,37974
TSS_1414_storz_regulondb,0.07692307692307693,12,12,TGCGGTAGGCTAGTCGTCCA,0,11378
TSS_1414_storz_regulondb,0.07692307692307693,12,12,TGCGGAAAACAGGTCAAGTA,0,12294
TSS_1414_storz_regulondb,0.07692307692307693,12,12,TGCGCTCAGAGTCATAACAT,0,2128
TSS_1414_storz_regulondb,0.07692307692307693,12,12,TGCGAGCAAGTCTTTTTAAT,0,5691
TSS_1414_storz_regulondb,0.07692307692307693,12,12,TGCGACCCCCCGATAAACGA,0,74907
TSS_1414_storz_regulondb,0.07692307692307693,12,12,TGCCGTGGGGCGAGGCCGGT,0,51964
TSS_1414_storz_regulondb,0.07692307692307693,12,12,TGCCCTCAAGCCGGGCCTCA,0,53802
TSS_1414_storz_regulondb,0.07692307692307693,12,12,TGCATCAGCTGTTGTCCTAT,0,33283
TSS_1414_storz_regulondb,0.07692307692307693,12,12,TGCAGGATGAGTGGCTGCGC,0,69618
TSS_1414_storz_regulondb,0.07692307692307693,12,12,TGCACTTACGGTGTTGACTG,0,17820
TSS_1414_storz_regulondb,0.07692307692307693,12,12,TGATTTTGCCAGGTCGGCTC,0,13593
TSS_1414_storz_regulondb,0.07692307692307693,12,12,TGACTCGCATGCCTGGTGCA,0,9565
TSS_1414_storz_regulondb,0.07692307692307693,12,12,TGACGGCTGGTTCTTTCAGA,0,65932
TSS_1414_storz_regulondb,0.07692307692307693,12,12,TGACGCTCATGAGCAAGCCT,0,42249
TSS_1414_storz_regulondb,0.07692307692307693,12,12,TGACACGCAATAAAAGCGCC,0,35972
TSS_1414_storz_regulondb,0.07692307692307693,12,12,TGACAACGGCTCACAGCGGA,0,44272
TSS_1414_storz_regulondb,0.07692307692307693,12,12,TGAATGAATATGGTTAAAAG,0,49823
TSS_1414_storz_regulondb,0.07692307692307693,12,12,TCTTTTCGCCTGCTCGGTCA,0,35600
TSS_1414_storz_regulondb,0.07692307692307693,12,12,TCTTTGAGAAGCTAAGTTAG,0,34618
TSS_1414_storz_regulondb,0.07692307692307693,12,12,TCTGTATCAGGCTTAATATA,0,21528
TSS_1414_storz_regulondb,0.07692307692307693,12,12,TCTGGCCAATAAGTACATAC,0,20103
TSS_1414_storz_regulondb,0.07692307692307693,12,12,TCGTTTTTTCGGGAGTAGTA,0,55405
TSS_1414_storz_regulondb,0.07692307692307693,12,12,TCGGTAAAGCGGCGAGAGTA,0,60918
TSS_1414_storz_regulondb,0.07692307692307693,12,12,TCGGGGCTGATCATCGGTGC,0,56605
TSS_1414_storz_regulondb,0.07692307692307693,12,12,TCGCTCAGTGGGGCGTGACC,0,31143
TSS_1414_storz_regulondb,0.07692307692307693,12,12,TCGCCAAATGATCGGAGGAG,0,7983
TSS_1414_storz_regulondb,0.07692307692307693,12,12,TCGATACACCGCGGGACTGG,0,23424
TSS_1414_storz_regulondb,0.07692307692307693,12,12,TCGAGGCTAGCCGGCAGTTC,0,12481
TSS_1414_storz_regulondb,0.07692307692307693,12,12,TCGACTCTCAGAGGTACTTT,0,11575
TSS_1414_storz_regulondb,0.07692307692307693,12,12,TCCTGGAGCGCAATGAACTT,0,27368
TSS_1414_storz_regulondb,0.07692307692307693,12,12,TCCGTCCTCAGGATTGGTAA,0,63531
TSS_1414_storz_regulondb,0.07692307692307693,12,12,TCCCTCTTATATGACAACAC,0,8688
TSS_1414_storz_regulondb,0.07692307692307693,12,12,TCCCGGTCGCAGTTGTGGGA,0,75548
TSS_1414_storz_regulondb,0.07692307692307693,12,12,TCCCGGGAGAGCCTTGTGTT,0,57069
TSS_1414_storz_regulondb,0.07692307692307693,12,12,TCCAACGTGTCGGCGCCCCC,0,49419
TSS_1414_storz_regulondb,0.07692307692307693,12,12,TCATGGTTTGCCACCGTCGT,0,43670
TSS_1414_storz_regulondb,0.07692307692307693,12,12,TCATCTCGATAGGCTTAGGA,0,10034
TSS_1414_storz_regulondb,0.07692307692307693,12,12,TCATACTTAATCGTGCGCCA,0,64898
TSS_1414_storz_regulondb,0.07692307692307693,12,12,TCAGGTCCGACCTAAGGACA,0,79027
TSS_1414_storz_regulondb,0.07692307692307693,12,12,TATTCACGCTAGGCAATGAT,0,42755
TSS_1414_storz_regulondb,0.07692307692307693,12,12,TATTCAACATCGCATCGCAT,0,10949
TSS_1414_storz_regulondb,0.07692307692307693,12,12,TATGTCATATGAGGTTTTAC,0,27571
TSS_1414_storz_regulondb,0.07692307692307693,12,12,TATCTTGGGCCCACTCGATT,0,53722
TSS_1414_storz_regulondb,0.07692307692307693,12,12,TATCTCCTACTGTCGTTGAA,0,80698
TSS_1414_storz_regulondb,0.07692307692307693,12,12,TATCTCCGGATGCGTGTGCT,0,46843
TSS_1414_storz_regulondb,0.07692307692307693,12,12,TATACTGTAGCACCTCGTTC,0,47280
TSS_1414_storz_regulondb,0.07692307692307693,12,12,TATAAATGTGATCTCTACGA,0,64468
TSS_1414_storz_regulondb,0.07692307692307693,12,12,TAGCTCCGTGCGGCGCTTGA,0,77981
TSS_1414_storz_regulondb,0.07692307692307693,12,12,TAGATTCCGTGTTCCTTGTA,0,60090
TSS_1414_storz_regulondb,0.07692307692307693,12,12,TAGATCAGTTAGGTCCCTTC,0,42632
TSS_1414_storz_regulondb,0.07692307692307693,12,12,TAGAGAAAAAGAAGCGAGTT,0,24763
TSS_1414_storz_regulondb,0.07692307692307693,12,12,TAGACCAGACGAAAATATCA,0,76268
TSS_1414_storz_regulondb,0.07692307692307693,12,12,TAGAAGACACATGGACTCTA,0,9232
TSS_1414_storz_regulondb,0.07692307692307693,12,12,TACTAGGCGCTGTGTTGAGA,0,45614
TSS_1414_storz_regulondb,0.07692307692307693,12,12,TACGTTCGCCGGCTCAGCTT,0,13055
TSS_1414_storz_regulondb,0.07692307692307693,12,12,TACGTGGTTTACAATGTAGC,0,27363
TSS_1414_storz_regulondb,0.07692307692307693,12,12,TACGCAAAAATCTGCAGTCC,0,477
TSS_1414_storz_regulondb,0.07692307692307693,12,12,TACGATAAACGGAGCAGAAT,0,46664
TSS_1414_storz_regulondb,0.07692307692307693,12,12,TACCACAGGCTTATCAAACT,0,70385
TSS_1414_storz_regulondb,0.07692307692307693,12,12,TAATTGCTCTATTAACGATG,0,6595
TSS_1414_storz_regulondb,0.07692307692307693,12,12,TAATGTGTTTGCGGTCTGAT,0,59587
TSS_1414_storz_regulondb,0.07692307692307693,12,12,TAATGTCATTTCAGGCAATG,0,21268
TSS_1414_storz_regulondb,0.07692307692307693,12,12,TAATAAAGTGTCCAAAGGCT,0,35364
TSS_1414_storz_regulondb,0.07692307692307693,12,12,TAAGTCCTGATAGCCGCACA,0,55990
TSS_1414_storz_regulondb,0.07692307692307693,12,12,TAAGTCACCTTAGTATATTT,0,55489
TSS_1414_storz_regulondb,0.07692307692307693,12,12,TAAGGTTCTATCGGGTGTCT,0,75988
TSS_1414_storz_regulondb,0.07692307692307693,12,12,TAACTTTGCGCCATTAGACA,0,76076
TSS_1414_storz_regulondb,0.07692307692307693,12,12,TAACTATGTTCCCGGCCGGA,0,1631
TSS_1414_storz_regulondb,0.07692307692307693,12,12,TAACCGCACCTGTCCCGTTC,0,65851
TSS_1414_storz_regulondb,0.07692307692307693,12,12,TAACAAATACCGGCGGCGTG,0,66828
TSS_1414_storz_regulondb,0.07692307692307693,12,12,TAAACTCAGCTAGTCAGAAC,0,61046
TSS_1414_storz_regulondb,0.07692307692307693,12,12,TAAAAGTCCACCCATCATTT,0,2210
TSS_1414_storz_regulondb,0.07692307692307693,12,12,GTTTCGTGGTCTCCCTCAAC,0,50193
TSS_1414_storz_regulondb,0.07692307692307693,12,12,GTTTCGCTGCCTGGTACCGG,0,7769
TSS_1414_storz_regulondb,0.07692307692307693,12,12,GTTGGACATGGGATTCGATT,0,50484
TSS_1414_storz_regulondb,0.07692307692307693,12,12,GTTGCCTTATGCGGGTAAAG,0,61370
TSS_1414_storz_regulondb,0.07692307692307693,12,12,GTTCGAGATCTAATGGCTAG,0,37770
TSS_1414_storz_regulondb,0.07692307692307693,12,12,GTGGTCAAGGGCGGACCGTG,0,12191
TSS_1414_storz_regulondb,0.07692307692307693,12,12,GTGGGGCGATACGTCGGTCA,0,11153
TSS_1414_storz_regulondb,0.07692307692307693,12,12,GTGGGCTTGCTAGGTCGCTA,0,32553
TSS_1414_storz_regulondb,0.07692307692307693,12,12,GTGGCCCCAGGGCACGTGGG,0,57368
TSS_1414_storz_regulondb,0.07692307692307693,12,12,GTGCTGAAGTGGCGTCCTGT,0,44873
TSS_1414_storz_regulondb,0.07692307692307693,12,12,GTGCTCCGATACGAACTATG,0,37964
TSS_1414_storz_regulondb,0.07692307692307693,12,12,GTGCCCGTAATGCTGACATT,0,72032
TSS_1414_storz_regulondb,0.07692307692307693,12,12,GTGCAGCTAGTCTAAGACTC,0,53605
TSS_1414_storz_regulondb,0.07692307692307693,12,12,GTGATTGGCGATGGTACCTG,0,24444
TSS_1414_storz_regulondb,0.07692307692307693,12,12,GTGAACCCTCGGCATTTTTA,0,48389
TSS_1414_storz_regulondb,0.07692307692307693,12,12,GTCTTACGCTGGCTGGCCTT,0,16961
TSS_1414_storz_regulondb,0.07692307692307693,12,12,GTCTGGTCCGTTAAGTATGA,0,10566
TSS_1414_storz_regulondb,0.07692307692307693,12,12,GTCGGTTGCAAGTGCAGGTT,0,16153
TSS_1414_storz_regulondb,0.07692307692307693,12,12,GTCCGCTTGGATGTGATTGC,0,54457
TSS_1414_storz_regulondb,0.07692307692307693,12,12,GTCCAGGCCACGAAGCGCTT,0,56197
TSS_1414_storz_regulondb,0.07692307692307693,12,12,GTCCAATTGGGCGCAAAAGG,0,13187
TSS_1414_storz_regulondb,0.07692307692307693,12,12,GTATGGTATATAGGTAGCAA,0,33668
TSS_1414_storz_regulondb,0.07692307692307693,12,12,GTATCCACACACGACTTAGG,0,50143
TSS_1414_storz_regulondb,0.07692307692307693,12,12,GTAGTAGCCAGGAGCCGAAT,0,75549
TSS_1414_storz_regulondb,0.07692307692307693,12,12,GTAGGGGGGGACGTGTCACG,0,74557
TSS_1414_storz_regulondb,0.07692307692307693,12,12,GTAGCTTTGGCCACGGCCGA,0,43538
TSS_1414_storz_regulondb,0.07692307692307693,12,12,GGTTTGGTTCGATGCAGAAA,0,52124
TSS_1414_storz_regulondb,0.07692307692307693,12,12,GGTGCGGCGCACATACCACA,0,31281
TSS_1414_storz_regulondb,0.07692307692307693,12,12,GGTGACTATTGGATGGAAAC,0,73077
TSS_1414_storz_regulondb,0.07692307692307693,12,12,GGTCTTCCGACGGGAAAGGA,0,53098
TSS_1414_storz_regulondb,0.07692307692307693,12,12,GGTCCGCGACTGAGTACATG,0,52179
TSS_1414_storz_regulondb,0.07692307692307693,12,12,GGTACCCTTGTGTGTAGTTT,0,65074
TSS_1414_storz_regulondb,0.07692307692307693,12,12,GGTAAGAACGTCGGGGCGTT,0,45001
TSS_1414_storz_regulondb,0.07692307692307693,12,12,GGGTTCCAAGACGAAGAAAG,0,51622
TSS_1414_storz_regulondb,0.07692307692307693,12,12,GGGGAGGTCTAAAAGAGGTA,0,72549
TSS_1414_storz_regulondb,0.07692307692307693,12,12,GGGGAAACCAGTTCTGTCAA,0,25169
TSS_1414_storz_regulondb,0.07692307692307693,12,12,GGGCTAGCTGCATTAGTCTG,0,80376
TSS_1414_storz_regulondb,0.07692307692307693,12,12,GGGACAGTAAAAGTAGAACA,0,60353
TSS_1414_storz_regulondb,0.07692307692307693,12,12,GGGAAGTAGGCGACAGCTCT,0,23859
TSS_1414_storz_regulondb,0.07692307692307693,12,12,GGCTGGTGCGAACCGTGCCA,0,40786
TSS_1414_storz_regulondb,0.07692307692307693,12,12,GGCTATACGATGTCCGAGCA,0,54521
TSS_1414_storz_regulondb,0.07692307692307693,12,12,GGCGTCACCATCGATGGCGC,0,68491
TSS_1414_storz_regulondb,0.07692307692307693,12,12,GGCGGGGAATATTAGGCGAT,0,12658
TSS_1414_storz_regulondb,0.07692307692307693,12,12,GGCGCTCGCGGAGTCGTGAT,0,44737
TSS_1414_storz_regulondb,0.07692307692307693,12,12,GGCGATTTAGTATTTTTGAG,0,22654
TSS_1414_storz_regulondb,0.07692307692307693,12,12,GGCCCGTTTCTCTCATTGAT,0,70521
TSS_1414_storz_regulondb,0.07692307692307693,12,12,GGCCATCCGATTCTTCGTCC,0,28176
TSS_1414_storz_regulondb,0.07692307692307693,12,12,GGCCAAGATGTAGATAAATT,0,43005
TSS_1414_storz_regulondb,0.07692307692307693,12,12,GGCAACTACCACTATCAGGC,0,54408
TSS_1414_storz_regulondb,0.07692307692307693,12,12,GGATTTTGGCGATAGGGACC,0,49613
TSS_1414_storz_regulondb,0.07692307692307693,12,12,GGATTTATGGCGCGATATAC,0,77311
TSS_1414_storz_regulondb,0.07692307692307693,12,12,GGATGTGACGAAGCACGTCA,0,47439
TSS_1414_storz_regulondb,0.07692307692307693,12,12,GGAGTTAAAGGCTTCACTCA,0,46076
TSS_1414_storz_regulondb,0.07692307692307693,12,12,GGAGCTCTACTTTGAACAAA,0,75077
TSS_1414_storz_regulondb,0.07692307692307693,12,12,GGAGCGTTGGGTGGAGCTGA,0,24677
TSS_1414_storz_regulondb,0.07692307692307693,12,12,GGAGCCGCTCGAGACTAAGC,0,20419
TSS_1414_storz_regulondb,0.07692307692307693,12,12,GGAGAAAGGGTTGACAACCT,0,28690
TSS_1414_storz_regulondb,0.07692307692307693,12,12,GGACCAACGTTGTCAATATA,0,54579
TSS_1414_storz_regulondb,0.07692307692307693,12,12,GGACATATCGCGGCCCACGT,0,791
TSS_1414_storz_regulondb,0.07692307692307693,12,12,GGACACGTAGGTTCACCTCA,0,11911
TSS_1414_storz_regulondb,0.07692307692307693,12,12,GGAAAGGCAGGGGTATTTAA,0,79655
TSS_1414_storz_regulondb,0.07692307692307693,12,12,GCTTCGCCCCCAGAGTATCA,0,46443
TSS_1414_storz_regulondb,0.07692307692307693,12,12,GCTTATGTTCAGGCCGATCT,0,41727
TSS_1414_storz_regulondb,0.07692307692307693,12,12,GCTGTCACTCATAGCGATAG,0,34082
TSS_1414_storz_regulondb,0.07692307692307693,12,12,GCTGCTAAGGTTACGCCAAA,0,11064
TSS_1414_storz_regulondb,0.07692307692307693,12,12,GCTCGGACTTGGGACCGATC,0,69366
TSS_1414_storz_regulondb,0.07692307692307693,12,12,GCTCCCTAAGACATTATATA,0,11643
TSS_1414_storz_regulondb,0.07692307692307693,12,12,GCTATGACCGCCAAACATCT,0,29676
TSS_1414_storz_regulondb,0.07692307692307693,12,12,GCGTGTGGGCGCCCTCGGGA,0,51080
TSS_1414_storz_regulondb,0.07692307692307693,12,12,GCGTCCCGGAAAGATGTGCA,0,59981
TSS_1414_storz_regulondb,0.07692307692307693,12,12,GCGCGGCTTTCAACTGCGGT,0,30792
TSS_1414_storz_regulondb,0.07692307692307693,12,12,GCCCTCTCAACCCCTTTGAT,0,38486
TSS_1414_storz_regulondb,0.07692307692307693,12,12,GCCCGAATGCAGGTTCCGAG,0,12391
TSS_1414_storz_regulondb,0.07692307692307693,12,12,GCCAGAATCGTCACACGCTT,0,12810
TSS_1414_storz_regulondb,0.07692307692307693,12,12,GCATCAAACAACTTAGGTTA,0,32843
TSS_1414_storz_regulondb,0.07692307692307693,12,12,GCAGCGCGGAGAGGCTAATA,0,69772
TSS_1414_storz_regulondb,0.07692307692307693,12,12,GCAGCAACGTCAGGTTTAAG,0,10965
TSS_1414_storz_regulondb,0.07692307692307693,12,12,GCACGTTGTAGCCGGCCGGA,0,52826
TSS_1414_storz_regulondb,0.07692307692307693,12,12,GCACGGTCGTGGCTCGGGTA,0,28349
TSS_1414_storz_regulondb,0.07692307692307693,12,12,GCAACGCTCCTATGGAATAA,0,58985
TSS_1414_storz_regulondb,0.07692307692307693,12,12,GCAACAGGGTCAGTCAGAGG,0,74459
TSS_1414_storz_regulondb,0.07692307692307693,12,12,GATTTGGAAGTATGTTTTCT,0,70439
TSS_1414_storz_regulondb,0.07692307692307693,12,12,GATGGCCTGAGCACAAGCAT,0,70889
TSS_1414_storz_regulondb,0.07692307692307693,12,12,GAGCCCTTCGACGTTCAACA,0,57842
TSS_1414_storz_regulondb,0.07692307692307693,12,12,GAGATGTTCGATCACGCGCT,0,52192
TSS_1414_storz_regulondb,0.07692307692307693,12,12,GACTGTGGCTCACAGAGTAA,0,57933
TSS_1414_storz_regulondb,0.07692307692307693,12,12,GACCTGACCCCGGCGCAGTG,0,35627
TSS_1414_storz_regulondb,0.07692307692307693,12,12,GACATTTAGAGCCTTCTCAG,0,78998
TSS_1414_storz_regulondb,0.07692307692307693,12,12,GACATCGATCTCTGGCTCGG,0,7321
TSS_1414_storz_regulondb,0.07692307692307693,12,12,GACATCGAAGTGTTATGTCG,0,51683
TSS_1414_storz_regulondb,0.07692307692307693,12,12,GACAACTATATTCTGGATTA,0,29883
TSS_1414_storz_regulondb,0.07692307692307693,12,12,GAAGCCTGCGTACAAGGTTT,0,44292
TSS_1414_storz_regulondb,0.07692307692307693,12,12,GAACGCTGACACAACGCTCG,0,48157
TSS_1414_storz_regulondb,0.07692307692307693,12,12,GAAATGACGACGACCTACCG,0,10141
TSS_1414_storz_regulondb,0.07692307692307693,12,12,GAAAGTCAGGGTTGGGCGAA,0,14064
TSS_1414_storz_regulondb,0.07692307692307693,12,12,GAAAACCCGCTACCTGAGCA,0,41218
TSS_1414_storz_regulondb,0.07692307692307693,12,12,CTTTGTGATTACAGACGATC,0,44535
TSS_1414_storz_regulondb,0.07692307692307693,12,12,CTTTGTAGGCTACGACCCAT,0,60253
TSS_1414_storz_regulondb,0.07692307692307693,12,12,CTTTAGCATGTATGAATACT,0,27736
TSS_1414_storz_regulondb,0.07692307692307693,12,12,CTTGCGTGAGGCGTGTAAAA,0,43308
TSS_1414_storz_regulondb,0.07692307692307693,12,12,CTTCTCGGAAGTGTACCCCC,0,78954
TSS_1414_storz_regulondb,0.07692307692307693,12,12,CTTATGAATTTCGATGCTAG,0,931
TSS_1414_storz_regulondb,0.07692307692307693,12,12,CTGTGCTGAACATCCGCCCT,0,35188
TSS_1414_storz_regulondb,0.07692307692307693,12,12,CTGTCTACTTCACTCCTTAG,0,76570
TSS_1414_storz_regulondb,0.07692307692307693,12,12,CTGTCACTACGTGCGAAGAT,0,8247
TSS_1414_storz_regulondb,0.07692307692307693,12,12,CTGTAAACGGGGGTAGGCGT,0,74815
TSS_1414_storz_regulondb,0.07692307692307693,12,12,CTGGGTCACGCCAAGGTTGA,0,23259
TSS_1414_storz_regulondb,0.07692307692307693,12,12,CTGGGGCTCGTTCATTTCAA,0,7498
TSS_1414_storz_regulondb,0.07692307692307693,12,12,CTGATGTTGCATCTCTCACT,0,44652
TSS_1414_storz_regulondb,0.07692307692307693,12,12,CTCTGCCGAATCGTCACAAA,0,56636
TSS_1414_storz_regulondb,0.07692307692307693,12,12,CTCTCGCACAGATTATAACG,0,26825
TSS_1414_storz_regulondb,0.07692307692307693,12,12,CTCGGTGTATAATCTCACTT,0,2429
TSS_1414_storz_regulondb,0.07692307692307693,12,12,CTCGCTCGGGCACCTCTTGT,0,70738
TSS_1414_storz_regulondb,0.07692307692307693,12,12,CTCGCTACAGTATATGCCAT,0,9578
TSS_1414_storz_regulondb,0.07692307692307693,12,12,CTCCTGCGCTGTCGGCTCGA,0,69096
TSS_1414_storz_regulondb,0.07692307692307693,12,12,CTCCCGGCAGTTCCTGCTGA,0,1749
TSS_1414_storz_regulondb,0.07692307692307693,12,12,CTCATGAAACCGCGAGTCTG,0,41596
TSS_1414_storz_regulondb,0.07692307692307693,12,12,CTCAAGGGGGTGCTTCGTGA,0,31730
TSS_1414_storz_regulondb,0.07692307692307693,12,12,CTATTTATAAGTCTCTCTCG,0,51160
TSS_1414_storz_regulondb,0.07692307692307693,12,12,CTATATGGGGACTGGATAGC,0,27602
TSS_1414_storz_regulondb,0.07692307692307693,12,12,CTATACCACCTTTTTCATTA,0,50941
TSS_1414_storz_regulondb,0.07692307692307693,12,12,CTATACATCAGGAAACCGAG,0,16358
TSS_1414_storz_regulondb,0.07692307692307693,12,12,CTAGTGCCCTGATTGGTAGG,0,23189
TSS_1414_storz_regulondb,0.07692307692307693,12,12,CTAGGGCAAACATGCAAGAC,0,11557
TSS_1414_storz_regulondb,0.07692307692307693,12,12,CTACGCCCCTCCTGTTATAG,0,74226
TSS_1414_storz_regulondb,0.07692307692307693,12,12,CTACGCATTGGCGAAGGCTG,0,21532
TSS_1414_storz_regulondb,0.07692307692307693,12,12,CTAAGAAAGGTGCCGGACCA,0,45255
TSS_1414_storz_regulondb,0.07692307692307693,12,12,CTAAAGATCCTTATGGGTCG,0,7109
TSS_1414_storz_regulondb,0.07692307692307693,12,12,CGTTTTCCACAACGAGTTTG,0,22876
TSS_1414_storz_regulondb,0.07692307692307693,12,12,CGTTTATACTCGCGAAATGT,0,18617
TSS_1414_storz_regulondb,0.07692307692307693,12,12,CGTTGCCAGTATACGTAACT,0,52263
TSS_1414_storz_regulondb,0.07692307692307693,12,12,CGTGCGTGACTATCGACCTT,0,53419
TSS_1414_storz_regulondb,0.07692307692307693,12,12,CGTGCGAGGTCAAATTATAA,0,31369
TSS_1414_storz_regulondb,0.07692307692307693,12,12,CGTCATCGTACGGAATGCAA,0,71538
TSS_1414_storz_regulondb,0.07692307692307693,12,12,CGGTTTGTCAACTCGGTATA,0,11983
TSS_1414_storz_regulondb,0.07692307692307693,12,12,CGGTACTGAGCACATAGATG,0,77679
TSS_1414_storz_regulondb,0.07692307692307693,12,12,CGGGATTCATGACGCTGTTC,0,18543
TSS_1414_storz_regulondb,0.07692307692307693,12,12,CGGCGTCGGCTGATCTGGTT,0,42452
TSS_1414_storz_regulondb,0.07692307692307693,12,12,CGGCCTCTTTAAGGGCCTTT,0,20134
TSS_1414_storz_regulondb,0.07692307692307693,12,12,CGGCAGCGAAGAGTCTGCTA,0,63304
TSS_1414_storz_regulondb,0.07692307692307693,12,12,CGGATTTATAGCGTTCATAA,0,13116
TSS_1414_storz_regulondb,0.07692307692307693,12,12,CGGAGCTTCGAATGTTTCCC,0,13449
TSS_1414_storz_regulondb,0.07692307692307693,12,12,CGCGGTTTTATCACGTCCTG,0,760
TSS_1414_storz_regulondb,0.07692307692307693,12,12,CGCGGTAACGTGTTTCATTT,0,46428
TSS_1414_storz_regulondb,0.07692307692307693,12,12,CGCCTGAGATTGGTAGTTCA,0,38764
TSS_1414_storz_regulondb,0.07692307692307693,12,12,CGCAGTACGTTGGGATCTGA,0,38709
TSS_1414_storz_regulondb,0.07692307692307693,12,12,CGCAAGACGGCCGATTTTTT,0,61913
TSS_1414_storz_regulondb,0.07692307692307693,12,12,CGATTAGATTTACGGGGTCT,0,15575
TSS_1414_storz_regulondb,0.07692307692307693,12,12,CGATGTGAGCCTTAGGTGTA,0,21523
TSS_1414_storz_regulondb,0.07692307692307693,12,12,CGAGGGAAGGTCCGACAAGG,0,42267
TSS_1414_storz_regulondb,0.07692307692307693,12,12,CGAGCGGACTCGGGACGTCC,0,38755
TSS_1414_storz_regulondb,0.07692307692307693,12,12,CGACTTGGCGACAACTAATT,0,80276
TSS_1414_storz_regulondb,0.07692307692307693,12,12,CGACCTTGGGTCATGGGTGT,0,61293
TSS_1414_storz_regulondb,0.07692307692307693,12,12,CGAATTAGCGCGATCGTCCA,0,10769
TSS_1414_storz_regulondb,0.07692307692307693,12,12,CGAATCGTCATGCATCTGCG,0,29532
TSS_1414_storz_regulondb,0.07692307692307693,12,12,CGAAGTAGGGAAGGATTGTT,0,70225
TSS_1414_storz_regulondb,0.07692307692307693,12,12,CCTTGTCCCCGGTTTCTCAA,0,33616
TSS_1414_storz_regulondb,0.07692307692307693,12,12,CCTGCTCTATAGGGGTATTA,0,67071
TSS_1414_storz_regulondb,0.07692307692307693,12,12,CCTCGGTTCAGAAGTAGTGC,0,37811
TSS_1414_storz_regulondb,0.07692307692307693,12,12,CCTCAGAAGTACGTGGCAAT,0,33997
TSS_1414_storz_regulondb,0.07692307692307693,12,12,CCTATCCTCGAGATATGCAT,0,24342
TSS_1414_storz_regulondb,0.07692307692307693,12,12,CCGTGGACCCGGCCCTCAGT,0,17080
TSS_1414_storz_regulondb,0.07692307692307693,12,12,CCGGTGACGCAGGCTCCGGC,0,68786
TSS_1414_storz_regulondb,0.07692307692307693,12,12,CCGGGACACATCATAGATAA,0,20043
TSS_1414_storz_regulondb,0.07692307692307693,12,12,CCGCTCATTGAGGCACTGTT,0,71452
TSS_1414_storz_regulondb,0.07692307692307693,12,12,CCGCGAAAGCAAAGTCATTC,0,15746
TSS_1414_storz_regulondb,0.07692307692307693,12,12,CCGCCACACGCTAATCAAAC,0,71467
TSS_1414_storz_regulondb,0.07692307692307693,12,12,CCGCACATACAGCTTGTACT,0,52413
TSS_1414_storz_regulondb,0.07692307692307693,12,12,CCGCACACGAGTCTCATCAG,0,48129
TSS_1414_storz_regulondb,0.07692307692307693,12,12,CCGATCAGTAGCGTGGCTTG,0,21284
TSS_1414_storz_regulondb,0.07692307692307693,12,12,CCGATAACGAGTACGGGGTA,0,31685
TSS_1414_storz_regulondb,0.07692307692307693,12,12,CCGACAGCGGTACAGCTGTG,0,22024
TSS_1414_storz_regulondb,0.07692307692307693,12,12,CCCTTGCACAAGGCGAGTAT,0,74407
TSS_1414_storz_regulondb,0.07692307692307693,12,12,CCCGTCCATGAGAATTCCGG,0,23504
TSS_1414_storz_regulondb,0.07692307692307693,12,12,CCCCGATAGTGCTGACTCTA,0,4223
TSS_1414_storz_regulondb,0.07692307692307693,12,12,CCCCCCACCAACACACCTCA,0,27945
TSS_1414_storz_regulondb,0.07692307692307693,12,12,CCCATGAATCCCAAACATAG,0,31378
TSS_1414_storz_regulondb,0.07692307692307693,12,12,CCCAAGGGAATTCCTCATAG,0,69705
TSS_1414_storz_regulondb,0.07692307692307693,12,12,CCCAACATTGCAAGCGGAAG,0,23095
TSS_1414_storz_regulondb,0.07692307692307693,12,12,CCATGTATGGATTCATAGCT,0,26492
TSS_1414_storz_regulondb,0.07692307692307693,12,12,CCATATGCATGCGGCAGTTA,0,11453
TSS_1414_storz_regulondb,0.07692307692307693,12,12,CCATACAGCTTGGCAATCCA,0,10887
TSS_1414_storz_regulondb,0.07692307692307693,12,12,CCAGCGCGGGTTTCTAGCGT,0,50166
TSS_1414_storz_regulondb,0.07692307692307693,12,12,CCAGCCCAAATCATGGATTT,0,81094
TSS_1414_storz_regulondb,0.07692307692307693,12,12,CCAGATTACGACTCGTCTAA,0,4071
TSS_1414_storz_regulondb,0.07692307692307693,12,12,CCACTATGGTCTTCTCCTCA,0,5925
TSS_1414_storz_regulondb,0.07692307692307693,12,12,CCAATGTGTCACCGCGGCTA,0,69907
TSS_1414_storz_regulondb,0.07692307692307693,12,12,CCAAGGAGGCTGGATGCCTG,0,45840
TSS_1414_storz_regulondb,0.07692307692307693,12,12,CATTTGGCGCGCCCATCACA,0,74409
TSS_1414_storz_regulondb,0.07692307692307693,12,12,CATTTATTTTATTCCTATGT,0,41029
TSS_1414_storz_regulondb,0.07692307692307693,12,12,CATTCAAGACGTTCTTCAGG,0,18175
TSS_1414_storz_regulondb,0.07692307692307693,12,12,CATTAGAGCTACTAAGGGGT,0,30988
TSS_1414_storz_regulondb,0.07692307692307693,12,12,CATGGTGCCTAGCCACCTTA,0,21653
TSS_1414_storz_regulondb,0.07692307692307693,12,12,CATCCGACCGGCACAGAGAT,0,2427
TSS_1414_storz_regulondb,0.07692307692307693,12,12,CATATCGGCAAAGGCAGATG,0,48715
TSS_1414_storz_regulondb,0.07692307692307693,12,12,CAGTTGGGGAGGCATAGGTC,0,45366
TSS_1414_storz_regulondb,0.07692307692307693,12,12,CAGTCCCGTATTGGTAAGGG,0,43563
TSS_1414_storz_regulondb,0.07692307692307693,12,12,CAGGTGGACACGATCGCTAG,0,57281
TSS_1414_storz_regulondb,0.07692307692307693,12,12,CAGCATGGTTCTGAGTCTAC,0,63700
TSS_1414_storz_regulondb,0.07692307692307693,12,12,CAGATAGCTCCGAAGGGTTG,0,34083
TSS_1414_storz_regulondb,0.07692307692307693,12,12,CAGAACACAGCACCCAGGGG,0,42955
TSS_1414_storz_regulondb,0.07692307692307693,12,12,CACTTGCAAAAAGTGCAGGC,0,7437
TSS_1414_storz_regulondb,0.07692307692307693,12,12,CACTTAATTCCTACCATCTT,0,50206
TSS_1414_storz_regulondb,0.07692307692307693,12,12,CACGGGGCCATGACTACTCT,0,22240
TSS_1414_storz_regulondb,0.07692307692307693,12,12,CACCTCGTGTCCGGTAAAGC,0,33293
TSS_1414_storz_regulondb,0.07692307692307693,12,12,CACCTAGCTGGAGGACGTTT,0,31682
TSS_1414_storz_regulondb,0.07692307692307693,12,12,CACCATGGCAGATTTGCTTA,0,38773
TSS_1414_storz_regulondb,0.07692307692307693,12,12,CACATTCGATTGGCCGGTAT,0,80928
TSS_1414_storz_regulondb,0.07692307692307693,12,12,CAAGATCTGCTAGTTGACCA,0,27624
TSS_1414_storz_regulondb,0.07692307692307693,12,12,CAAGATACCAATTTCGTTAC,0,27828
TSS_1414_storz_regulondb,0.07692307692307693,12,12,CAACCTTTTTTTGGATTCAC,0,68703
TSS_1414_storz_regulondb,0.07692307692307693,12,12,ATTTGGAGTAATTCGTAGTT,0,25507
TSS_1414_storz_regulondb,0.07692307692307693,12,12,ATTGACATCCTCGTTCTGCA,0,60320
TSS_1414_storz_regulondb,0.07692307692307693,12,12,ATTCTCTTCCTTGGCACCTG,0,74818
TSS_1414_storz_regulondb,0.07692307692307693,12,12,ATTCTAAAAGAGGGAGGCGG,0,20878
TSS_1414_storz_regulondb,0.07692307692307693,12,12,ATTCGAGTTTTCGAGACCTT,0,55870
TSS_1414_storz_regulondb,0.07692307692307693,12,12,ATTCATTCAGGCAGCTTTGA,0,11635
TSS_1414_storz_regulondb,0.07692307692307693,12,12,ATTATCGCTTATGTCTAGGC,0,10049
TSS_1414_storz_regulondb,0.07692307692307693,12,12,ATGTTCTCCAGGTTATTGGT,0,4917
TSS_1414_storz_regulondb,0.07692307692307693,12,12,ATGGTGGCTTTCACGACAAG,0,5085
TSS_1414_storz_regulondb,0.07692307692307693,12,12,ATGGTAGGATCGGTGAGTAG,0,56521
TSS_1414_storz_regulondb,0.07692307692307693,12,12,ATGGCTTGAAATAGGAAGCT,0,51356
TSS_1414_storz_regulondb,0.07692307692307693,12,12,ATGCGAGGGCCTCGCACGAG,0,62133
TSS_1414_storz_regulondb,0.07692307692307693,12,12,ATGCATGAGTAAGCTGCAGT,0,50654
TSS_1414_storz_regulondb,0.07692307692307693,12,12,ATCGGCCCAATGGTGTGGGA,0,76160
TSS_1414_storz_regulondb,0.07692307692307693,12,12,ATCGGACTCACCCTTGTGTA,0,39872
TSS_1414_storz_regulondb,0.07692307692307693,12,12,ATCCAGTGCCATTGGGACCC,0,7501
TSS_1414_storz_regulondb,0.07692307692307693,12,12,ATCACTTGTTGAGAATTCTT,0,47222
TSS_1414_storz_regulondb,0.07692307692307693,12,12,ATATCACCTTAACTGCGTCA,0,64188
TSS_1414_storz_regulondb,0.07692307692307693,12,12,ATAGTGAGGCTGCATAGAGA,0,67004
TSS_1414_storz_regulondb,0.07692307692307693,12,12,ATAGGTCACAGTCCCCAGTC,0,78158
TSS_1414_storz_regulondb,0.07692307692307693,12,12,ATACCCATTTGGGATTTTTC,0,45960
TSS_1414_storz_regulondb,0.07692307692307693,12,12,ATACATGTGTTCTGTATATA,0,42206
TSS_1414_storz_regulondb,0.07692307692307693,12,12,ATAAGCAGACCGGAGAAGTA,0,72104
TSS_1414_storz_regulondb,0.07692307692307693,12,12,ATAAAAGACTACCTTTCGAT,0,11566
TSS_1414_storz_regulondb,0.07692307692307693,12,12,AGTTTGTGTGTAGAGACGTT,0,70438
TSS_1414_storz_regulondb,0.07692307692307693,12,12,AGTTCGGCGGCGTCAATCAC,0,77801
TSS_1414_storz_regulondb,0.07692307692307693,12,12,AGTGGAAAGCTAATTTCATT,0,26067
TSS_1414_storz_regulondb,0.07692307692307693,12,12,AGTGCCTGTTGTTGGCGAAT,0,43910
TSS_1414_storz_regulondb,0.07692307692307693,12,12,AGTGAGTTACCTCCGCACCG,0,21589
TSS_1414_storz_regulondb,0.07692307692307693,12,12,AGTGACCTGGATCTACGCTG,0,1660
TSS_1414_storz_regulondb,0.07692307692307693,12,12,AGTCTTTGATACATGGTCGG,0,31129
TSS_1414_storz_regulondb,0.07692307692307693,12,12,AGTCTTATCGTAATCCACAC,0,1583
TSS_1414_storz_regulondb,0.07692307692307693,12,12,AGTCTGCCCGACTTGCTTTG,0,55207
TSS_1414_storz_regulondb,0.07692307692307693,12,12,AGTATGAGGGCTCCACAATT,0,72281
TSS_1414_storz_regulondb,0.07692307692307693,12,12,AGGTTGGGCTCCCTTCTAGA,0,33212
TSS_1414_storz_regulondb,0.07692307692307693,12,12,AGGTTGACGATCCACATTAC,0,32464
TSS_1414_storz_regulondb,0.07692307692307693,12,12,AGGTAAAGCGCCTAGAAAGG,0,57782
TSS_1414_storz_regulondb,0.07692307692307693,12,12,AGGGTATGGTGAAGTTGTAT,0,33935
TSS_1414_storz_regulondb,0.07692307692307693,12,12,AGGGGGCCTAGCTTTACAAA,0,43908
TSS_1414_storz_regulondb,0.07692307692307693,12,12,AGGCGTTTCCTTTCGCGAGG,0,50499
TSS_1414_storz_regulondb,0.07692307692307693,12,12,AGGCGGCGAGCAGTCAAAAG,0,74193
TSS_1414_storz_regulondb,0.07692307692307693,12,12,AGGACTGTGCTTGGACCAAA,0,24316
TSS_1414_storz_regulondb,0.07692307692307693,12,12,AGGACCCTGTACTTAACACA,0,49808
TSS_1414_storz_regulondb,0.07692307692307693,12,12,AGCTTGTCTTCTCCGGGTAT,0,66933
TSS_1414_storz_regulondb,0.07692307692307693,12,12,AGCTCCAAGAATTCTAAGAG,0,78354
TSS_1414_storz_regulondb,0.07692307692307693,12,12,AGCGGACCGATCCCGACTAC,0,35887
TSS_1414_storz_regulondb,0.07692307692307693,12,12,AGCGCCCCCGGTTTTACTAT,0,32352
TSS_1414_storz_regulondb,0.07692307692307693,12,12,AGCCCGTTCAGTTCATTTCA,0,75146
TSS_1414_storz_regulondb,0.07692307692307693,12,12,AGCCACGGTCCATCCGGTGT,0,49126
TSS_1414_storz_regulondb,0.07692307692307693,12,12,AGATCTAACTTGTCCATATT,0,8830
TSS_1414_storz_regulondb,0.07692307692307693,12,12,AGATATCGAAGCAGAGGTGG,0,42951
TSS_1414_storz_regulondb,0.07692307692307693,12,12,AGATACCGCATCATACTGAA,0,78551
TSS_1414_storz_regulondb,0.07692307692307693,12,12,AGATAAGGCTAAATCTACAG,0,61183
TSS_1414_storz_regulondb,0.07692307692307693,12,12,AGACACCAAGCAGGGATCTG,0,68674
TSS_1414_storz_regulondb,0.07692307692307693,12,12,AGAATGTCGAATAAGCCTTG,0,8429
TSS_1414_storz_regulondb,0.07692307692307693,12,12,AGAACCTCTCACGGAGGCTC,0,30125
TSS_1414_storz_regulondb,0.07692307692307693,12,12,ACTTGTACCAGAGATTAGCT,0,49666
TSS_1414_storz_regulondb,0.07692307692307693,12,12,ACTTGAAATATGCGTCCATT,0,39098
TSS_1414_storz_regulondb,0.07692307692307693,12,12,ACTGATGTTCAGAACACGCG,0,71262
TSS_1414_storz_regulondb,0.07692307692307693,12,12,ACTAGAATCGGAACGTAAGA,0,74440
TSS_1414_storz_regulondb,0.07692307692307693,12,12,ACGCTGGATGTCGCACCTGC,0,5019
TSS_1414_storz_regulondb,0.07692307692307693,12,12,ACGATGAAAGTGAGGAGCTA,0,9664
TSS_1414_storz_regulondb,0.07692307692307693,12,12,ACGACCTAGCACCAACATTT,0,60013
TSS_1414_storz_regulondb,0.07692307692307693,12,12,ACGACATGCTGAAATTCTAG,0,75539
TSS_1414_storz_regulondb,0.07692307692307693,12,12,ACCTGGCATCCCACAATGTC,0,53254
TSS_1414_storz_regulondb,0.07692307692307693,12,12,ACCGGTTACGCTTCGAGACA,0,59660
TSS_1414_storz_regulondb,0.07692307692307693,12,12,ACCGCACAATTATGGGCCGA,0,55028
TSS_1414_storz_regulondb,0.07692307692307693,12,12,ACCGATTTGCGGGGGTAAAA,0,72284
TSS_1414_storz_regulondb,0.07692307692307693,12,12,ACCCGGTTCTAGAGGGGGAA,0,22030
TSS_1414_storz_regulondb,0.07692307692307693,12,12,ACATTTTGACCCATACCTTA,0,33803
TSS_1414_storz_regulondb,0.07692307692307693,12,12,ACACTAACAATCAACTGCTT,0,58752
TSS_1414_storz_regulondb,0.07692307692307693,12,12,ACAATCGGACCCCCACAGAT,0,21113
TSS_1414_storz_regulondb,0.07692307692307693,12,12,ACAAGTGTTCTCATACGTGG,0,59648
TSS_1414_storz_regulondb,0.07692307692307693,12,12,ACAAGCCCGGCAAAGGGGTC,0,43627
TSS_1414_storz_regulondb,0.07692307692307693,12,12,AATGCTCCCACATTGAGATT,0,51815
TSS_1414_storz_regulondb,0.07692307692307693,12,12,AATCTGTTTGGTCTGGCTTC,0,4444
TSS_1414_storz_regulondb,0.07692307692307693,12,12,AATCCATCGATATAATTAAA,0,68049
TSS_1414_storz_regulondb,0.07692307692307693,12,12,AATCAATCCCCCTATCACGT,0,41841
TSS_1414_storz_regulondb,0.07692307692307693,12,12,AATCAATATGGCTCACAGAG,0,10476
TSS_1414_storz_regulondb,0.07692307692307693,12,12,AATATGAACGAAGTCACTTA,0,16386
TSS_1414_storz_regulondb,0.07692307692307693,12,12,AATAGGCACGACTCCAGTAG,0,78468
TSS_1414_storz_regulondb,0.07692307692307693,12,12,AAGTGCCCGGTGGTATTATT,0,61011
TSS_1414_storz_regulondb,0.07692307692307693,12,12,AAGTAGCCTGCGGGAAAGTC,0,49021
TSS_1414_storz_regulondb,0.07692307692307693,12,12,AAGGGGTCGGGTCAATTGTG,0,40280
TSS_1414_storz_regulondb,0.07692307692307693,12,12,AAGCGCATCTTTGTAGAGTA,0,43449
TSS_1414_storz_regulondb,0.07692307692307693,12,12,AACTGACGAGACAGTCGCGG,0,57573
TSS_1414_storz_regulondb,0.07692307692307693,12,12,AACTCCTGATAAAACACCTG,0,24306
TSS_1414_storz_regulondb,0.07692307692307693,12,12,AACGTTCCTCGGAGAATGGC,0,63838
TSS_1414_storz_regulondb,0.07692307692307693,12,12,AACGCGAACATGGGCAGAGA,0,30168
TSS_1414_storz_regulondb,0.07692307692307693,12,12,AACAGAGACGTCTTTTCATC,0,24044
TSS_1414_storz_regulondb,0.07692307692307693,12,12,AACACATTTATGGATTGTAG,0,1390
TSS_1414_storz_regulondb,0.07692307692307693,12,12,AAATTAGTAAACTAAGGTAT,0,72547
TSS_1414_storz_regulondb,0.07692307692307693,12,12,AAATGTTCGGGCCGACATAG,0,77693
TSS_1414_storz_regulondb,0.07692307692307693,12,12,AAATAACCCACGTGTCCCAT,0,67041
TSS_1414_storz_regulondb,0.07692307692307693,12,12,AAAGTGTGCCATCTTTTGTG,0,30805
TSS_1414_storz_regulondb,0.07692307692307693,12,12,AAAGATATCTACCCAGTGCA,0,44085
TSS_1414_storz_regulondb,0.07692307692307693,12,12,AAAGAGGGGTATGGTACCGT,0,26663
TSS_1414_storz_regulondb,0.07692307692307693,12,12,AAACTGCTGCAACGGTAGGG,0,33520
TSS_1414_storz_regulondb,0.07692307692307693,12,12,AAACAGTGCGAGATGTCACG,0,46969
TSS_1414_storz_regulondb,0.07692307692307693,12,12,AAAAGGATTCCCAGCTTCTG,0,60001
TSS_1414_storz_regulondb,0.07692307692307693,12,12,AAAAGATCCGCATACCTGAT,0,8636
TSS_1414_storz_regulondb,0.08333333333333333,11,11,TTTTTTCCGGTTTCCCTCAT,0,49634
TSS_1414_storz_regulondb,0.08333333333333333,11,11,TTTTTCGGGTAGCCGCGCGC,0,6917
TSS_1414_storz_regulondb,0.08333333333333333,11,11,TTTTGGCTCCAGGGTCACGG,0,69291
TSS_1414_storz_regulondb,0.08333333333333333,11,11,TTTTCGCTAACTCCGACAGG,0,70299
TSS_1414_storz_regulondb,0.08333333333333333,11,11,TTTGGGTGCAGCTCACTGTC,0,57269
TSS_1414_storz_regulondb,0.08333333333333333,11,11,TTTGAGCATCACACCACGGA,0,72650
TSS_1414_storz_regulondb,0.08333333333333333,11,11,TTTCGTTCAGTGGCGGAATT,0,3692
TSS_1414_storz_regulondb,0.08333333333333333,11,11,TTTCGGGACTATGAGTCTGC,0,54035
TSS_1414_storz_regulondb,0.08333333333333333,11,11,TTTCCTAGGCGCTATTATGA,0,41791
TSS_1414_storz_regulondb,0.08333333333333333,11,11,TTTCACGGAGGTTATACTGA,0,15562
TSS_1414_storz_regulondb,0.08333333333333333,11,11,TTTATAACAACAATTCTACC,0,33823
TSS_1414_storz_regulondb,0.08333333333333333,11,11,TTTAGTCATGCAAACATGTG,0,21259
TSS_1414_storz_regulondb,0.08333333333333333,11,11,TTTACGATCTGCAAGTCTAT,0,31474
TSS_1414_storz_regulondb,0.08333333333333333,11,11,TTTAATCAATTAAAGATGTA,0,71248
TSS_1414_storz_regulondb,0.08333333333333333,11,11,TTGTTGGGGTTGACTTGCGT,0,58305
TSS_1414_storz_regulondb,0.08333333333333333,11,11,TTGTGCCTTCCGAGGGTTAA,0,65945
TSS_1414_storz_regulondb,0.08333333333333333,11,11,TTGGTGTTTGGCGGTCGGTA,0,75198
TSS_1414_storz_regulondb,0.08333333333333333,11,11,TTGGTGGGGCAAGCTGTTGC,0,32475
TSS_1414_storz_regulondb,0.08333333333333333,11,11,TTGGCGGCGACGTCGTGGAT,0,32755
TSS_1414_storz_regulondb,0.08333333333333333,11,11,TTGGAGCGCAGGCCGGTTCA,0,46241
TSS_1414_storz_regulondb,0.08333333333333333,11,11,TTGCTGGTGCAGATTAACCA,0,3995
TSS_1414_storz_regulondb,0.08333333333333333,11,11,TTGCCTCGCGGCGGGACTTG,0,17760
TSS_1414_storz_regulondb,0.08333333333333333,11,11,TTCTTGCGCCGGTCCATAAT,0,28350
TSS_1414_storz_regulondb,0.08333333333333333,11,11,TTCTCCCCTCGTCAGATCGA,0,994
TSS_1414_storz_regulondb,0.08333333333333333,11,11,TTCGTGACGGTTAAATTTAT,0,2334
TSS_1414_storz_regulondb,0.08333333333333333,11,11,TTCGCGTCATCATCATTGGG,0,72644
TSS_1414_storz_regulondb,0.08333333333333333,11,11,TTCCGTATCATATTTGGGGT,0,70911
TSS_1414_storz_regulondb,0.08333333333333333,11,11,TTCCGACGAGCATACCGCTC,0,24213
TSS_1414_storz_regulondb,0.08333333333333333,11,11,TTCACAGTCTCCCTGGCCGG,0,19009
TSS_1414_storz_regulondb,0.08333333333333333,11,11,TTCACAGAGGCAGGCCCTGA,0,71263
TSS_1414_storz_regulondb,0.08333333333333333,11,11,TTCAACCCGTATATGACTAT,0,6258
TSS_1414_storz_regulondb,0.08333333333333333,11,11,TTAGGGATTCTCTGTATTGT,0,27943
TSS_1414_storz_regulondb,0.08333333333333333,11,11,TTACCAGCATTGGCAGTACT,0,36352
TSS_1414_storz_regulondb,0.08333333333333333,11,11,TTACCACATTCAGACGGGAA,0,5317
TSS_1414_storz_regulondb,0.08333333333333333,11,11,TTAAACCTGGAGGGGGGGCG,0,45425
TSS_1414_storz_regulondb,0.08333333333333333,11,11,TTAAAATTAGGCGTGAACGA,0,39152
TSS_1414_storz_regulondb,0.08333333333333333,11,11,TGTTTTTATAACTACGGGAT,0,39563
TSS_1414_storz_regulondb,0.08333333333333333,11,11,TGTTGTTGCTTCAGGCGGAG,0,72355
TSS_1414_storz_regulondb,0.08333333333333333,11,11,TGTGTAAGCAGCACACGCTT,0,46318
TSS_1414_storz_regulondb,0.08333333333333333,11,11,TGTACTAGCTGAGCTCTTAG,0,32730
TSS_1414_storz_regulondb,0.08333333333333333,11,11,TGTAATTTTAATTCGTCAAT,0,952
TSS_1414_storz_regulondb,0.08333333333333333,11,11,TGTAAGCCGTAGCCTCCTAA,0,10452
TSS_1414_storz_regulondb,0.08333333333333333,11,11,TGGGTCACCAGGCGGAGCAA,0,26256
TSS_1414_storz_regulondb,0.08333333333333333,11,11,TGGGGCGGGATCCGAAGAGA,0,67534
TSS_1414_storz_regulondb,0.08333333333333333,11,11,TGGGCTAAGCTCTCAGGGTC,0,13148
TSS_1414_storz_regulondb,0.08333333333333333,11,11,TGGCTGATCATCGCTACCAG,0,72814
TSS_1414_storz_regulondb,0.08333333333333333,11,11,TGGCTCGGCGAGCACCTCTC,0,18728
TSS_1414_storz_regulondb,0.08333333333333333,11,11,TGGCCTATATTATTGGGGTT,0,5833
TSS_1414_storz_regulondb,0.08333333333333333,11,11,TGGCCATAAAATGTGTCCTA,0,62797
TSS_1414_storz_regulondb,0.08333333333333333,11,11,TGGAGGGAATATCGCGGATG,0,27237
TSS_1414_storz_regulondb,0.08333333333333333,11,11,TGGACAATAAACCTCGACGG,0,51075
TSS_1414_storz_regulondb,0.08333333333333333,11,11,TGCGTATCCGCTCATACAGG,0,47387
TSS_1414_storz_regulondb,0.08333333333333333,11,11,TGCGTACTAAATACATGCGT,0,39478
TSS_1414_storz_regulondb,0.08333333333333333,11,11,TGCGGCACTTATGTTATGAT,0,45656
TSS_1414_storz_regulondb,0.08333333333333333,11,11,TGCCTGTCTCCGCTTTGTCA,0,72176
TSS_1414_storz_regulondb,0.08333333333333333,11,11,TGCCTACAACTCTTGGCTCA,0,63702
TSS_1414_storz_regulondb,0.08333333333333333,11,11,TGCCCATGGAGTCGCCTGAC,0,44891
TSS_1414_storz_regulondb,0.08333333333333333,11,11,TGCCCAGCGGGCTGTGGGAA,0,43262
TSS_1414_storz_regulondb,0.08333333333333333,11,11,TGCAGTAAGTGTGCGGCACC,0,49479
TSS_1414_storz_regulondb,0.08333333333333333,11,11,TGCACCGGCTGGAGATGCGC,0,57568
TSS_1414_storz_regulondb,0.08333333333333333,11,11,TGATGACTCATCTGCTGTCC,0,11771
TSS_1414_storz_regulondb,0.08333333333333333,11,11,TGATCGACGACGTGGGTAAC,0,16218
TSS_1414_storz_regulondb,0.08333333333333333,11,11,TGATAGGCGCGTGTAAGGCA,0,8540
TSS_1414_storz_regulondb,0.08333333333333333,11,11,TGATAGGAGGGTCCAGCCGC,0,16243
TSS_1414_storz_regulondb,0.08333333333333333,11,11,TGACGGGATTCGCCCGCCCC,0,42026
TSS_1414_storz_regulondb,0.08333333333333333,11,11,TGAACGTTTGTGTTTGGATC,0,23303
TSS_1414_storz_regulondb,0.08333333333333333,11,11,TGAAATGCAGGGGAACGCCC,0,1901
TSS_1414_storz_regulondb,0.08333333333333333,11,11,TCTGTCTCAATAGCGGGGGG,0,36345
TSS_1414_storz_regulondb,0.08333333333333333,11,11,TCTGGTTTGGAGCCCTTAGA,0,12545
TSS_1414_storz_regulondb,0.08333333333333333,11,11,TCTCGACATCGGATCATGGG,0,18713
TSS_1414_storz_regulondb,0.08333333333333333,11,11,TCTCCGCGTTTGCAGATTGA,0,79967
TSS_1414_storz_regulondb,0.08333333333333333,11,11,TCTCATTGATGAGAATACTT,0,11655
TSS_1414_storz_regulondb,0.08333333333333333,11,11,TCTATTTGCTGGTTGTCTTA,0,74731
TSS_1414_storz_regulondb,0.08333333333333333,11,11,TCTACCTAGCTAGATCTTTA,0,7226
TSS_1414_storz_regulondb,0.08333333333333333,11,11,TCTACAAACCGAACCATTAT,0,39059
TSS_1414_storz_regulondb,0.08333333333333333,11,11,TCTAAGACGCATAATCACGA,0,18236
TSS_1414_storz_regulondb,0.08333333333333333,11,11,TCGTCTAGTAAGACAAGTCA,0,38844
TSS_1414_storz_regulondb,0.08333333333333333,11,11,TCGGGCTGGAATGCCTTCAT,0,76956
TSS_1414_storz_regulondb,0.08333333333333333,11,11,TCGCATATATGGAACATCAG,0,22568
TSS_1414_storz_regulondb,0.08333333333333333,11,11,TCGCAGTATAAGATAGGTTA,0,19368
TSS_1414_storz_regulondb,0.08333333333333333,11,11,TCGAGTTGTTCCTGCATGTC,0,29192
TSS_1414_storz_regulondb,0.08333333333333333,11,11,TCCGCGGTTTGTTGAAGCAG,0,20293
TSS_1414_storz_regulondb,0.08333333333333333,11,11,TCCGCGAGTGTTTACACGGG,0,74144
TSS_1414_storz_regulondb,0.08333333333333333,11,11,TCCGAGTTTGCGACCGCATT,0,8138
TSS_1414_storz_regulondb,0.08333333333333333,11,11,TCCCGACCATGCATTCTAGC,0,56713
TSS_1414_storz_regulondb,0.08333333333333333,11,11,TCCAACGCTTGCACAATCAG,0,1239
TSS_1414_storz_regulondb,0.08333333333333333,11,11,TCATTACAACAATCGTACTA,0,30310
TSS_1414_storz_regulondb,0.08333333333333333,11,11,TCATCGTCAGTTAATTAGTT,0,35997
TSS_1414_storz_regulondb,0.08333333333333333,11,11,TCATCGGTTCGTAGAGGCAA,0,72754
TSS_1414_storz_regulondb,0.08333333333333333,11,11,TCATATGGAAAGGCCTACAC,0,69275
TSS_1414_storz_regulondb,0.08333333333333333,11,11,TCATATGCGGGCGGTTGGTT,0,73367
TSS_1414_storz_regulondb,0.08333333333333333,11,11,TCAGTTTCGCGGCTTTACGG,0,58291
TSS_1414_storz_regulondb,0.08333333333333333,11,11,TCAGTCACTAAAATAGTGCT,0,52878
TSS_1414_storz_regulondb,0.08333333333333333,11,11,TCACGTACGCCATATAATAC,0,46842
TSS_1414_storz_regulondb,0.08333333333333333,11,11,TCAATCCCCGCCCGCGATTG,0,48234
TSS_1414_storz_regulondb,0.08333333333333333,11,11,TATTTTGGACTGTAGTCAAC,0,78318
TSS_1414_storz_regulondb,0.08333333333333333,11,11,TATTTTCTTTTTTATGCCAG,0,2309
TSS_1414_storz_regulondb,0.08333333333333333,11,11,TATTTCGCCTGACTAAACAG,0,63324
TSS_1414_storz_regulondb,0.08333333333333333,11,11,TATTACACTGTTACCTTTAG,0,60035
TSS_1414_storz_regulondb,0.08333333333333333,11,11,TATTAATAGTCCTTCATGAC,0,44029
TSS_1414_storz_regulondb,0.08333333333333333,11,11,TATGGCAGTGCTAAGCTCCT,0,2598
TSS_1414_storz_regulondb,0.08333333333333333,11,11,TATGCAGCTATGTTTTCTTG,0,29088
TSS_1414_storz_regulondb,0.08333333333333333,11,11,TATCCCGAGATAGAAGCATG,0,76468
TSS_1414_storz_regulondb,0.08333333333333333,11,11,TATCACGACAGGTAGCTATT,0,5597
TSS_1414_storz_regulondb,0.08333333333333333,11,11,TATATACTCGAACGTTTCCA,0,11734
TSS_1414_storz_regulondb,0.08333333333333333,11,11,TATAGGTATTCAATATCGAC,0,20097
TSS_1414_storz_regulondb,0.08333333333333333,11,11,TATAGAACGCTCATCTCAGA,0,17126
TSS_1414_storz_regulondb,0.08333333333333333,11,11,TATACGATAGTATCATGGAT,0,10985
TSS_1414_storz_regulondb,0.08333333333333333,11,11,TATAAACTCCGAGTTGTCTT,0,26559
TSS_1414_storz_regulondb,0.08333333333333333,11,11,TAGGGATGCGCAATCACACT,0,51049
TSS_1414_storz_regulondb,0.08333333333333333,11,11,TAGGACTGTGTTCATGAATC,0,64479
TSS_1414_storz_regulondb,0.08333333333333333,11,11,TAGCCGATATGAAGAACTCT,0,52287
TSS_1414_storz_regulondb,0.08333333333333333,11,11,TAGCAGCCCTAAGCTCCAAG,0,80271
TSS_1414_storz_regulondb,0.08333333333333333,11,11,TAGCACGCCTCGGATTTAAT,0,75114
TSS_1414_storz_regulondb,0.08333333333333333,11,11,TAGCAAACCGCGAACTTCTC,0,77361
TSS_1414_storz_regulondb,0.08333333333333333,11,11,TAGATCCCCACTCCACGATC,0,2012
TSS_1414_storz_regulondb,0.08333333333333333,11,11,TAGAGCGATTTACACAGTGA,0,12286
TSS_1414_storz_regulondb,0.08333333333333333,11,11,TAGACGAGGAATCAAACCTC,0,37635
TSS_1414_storz_regulondb,0.08333333333333333,11,11,TAGAAGACCTCTGGGACGGC,0,80538
TSS_1414_storz_regulondb,0.08333333333333333,11,11,TACCAGATGAGTACAATATC,0,31710
TSS_1414_storz_regulondb,0.08333333333333333,11,11,TACATGTGACGAAGAACACT,0,25353
TSS_1414_storz_regulondb,0.08333333333333333,11,11,TACATCACGTGCCGCGCACC,0,59530
TSS_1414_storz_regulondb,0.08333333333333333,11,11,TAATTGAATCTCCTCAAGTG,0,52690
TSS_1414_storz_regulondb,0.08333333333333333,11,11,TAATGCGCAGTTCCTAACGG,0,69517
TSS_1414_storz_regulondb,0.08333333333333333,11,11,TAATCGATGGCTTTGGGAAA,0,10251
TSS_1414_storz_regulondb,0.08333333333333333,11,11,TAAGCAAGTTTTTTTTTCTA,0,55743
TSS_1414_storz_regulondb,0.08333333333333333,11,11,TAAAAAAACGGTCCAGAAAT,0,58287
TSS_1414_storz_regulondb,0.08333333333333333,11,11,GTTTTCTCTCTCAAACCGCT,0,1585
TSS_1414_storz_regulondb,0.08333333333333333,11,11,GTTGTAGCCGATTTATTGTC,0,8133
TSS_1414_storz_regulondb,0.08333333333333333,11,11,GTTGGTTGTAAGACCTGCGC,0,33872
TSS_1414_storz_regulondb,0.08333333333333333,11,11,GTTCGGGGATTATCACAGCC,0,31784
TSS_1414_storz_regulondb,0.08333333333333333,11,11,GTTCGAGCCAATCCATTGAC,0,74036
TSS_1414_storz_regulondb,0.08333333333333333,11,11,GTTCACATGCGCCTGAGTAT,0,42965
TSS_1414_storz_regulondb,0.08333333333333333,11,11,GTTATAAGGTACTTTCGTAA,0,60960
TSS_1414_storz_regulondb,0.08333333333333333,11,11,GTGTTAGGGCCTGAAGGCAT,0,49376
TSS_1414_storz_regulondb,0.08333333333333333,11,11,GTGTCTCGCCGGCCATCACT,0,64616
TSS_1414_storz_regulondb,0.08333333333333333,11,11,GTGTCCACTGTTAGAACGGT,0,30884
TSS_1414_storz_regulondb,0.08333333333333333,11,11,GTGTAAGGAGCTGCACTGAT,0,61272
TSS_1414_storz_regulondb,0.08333333333333333,11,11,GTGGTGCGTTCGTCAATAGG,0,33057
TSS_1414_storz_regulondb,0.08333333333333333,11,11,GTGCTTCCCCTGTGGTGATT,0,78609
TSS_1414_storz_regulondb,0.08333333333333333,11,11,GTGCTTAATATCAGTCCGGT,0,34214
TSS_1414_storz_regulondb,0.08333333333333333,11,11,GTGAATGTGATAATGTTGGC,0,34793
TSS_1414_storz_regulondb,0.08333333333333333,11,11,GTCTCACGTTTTTTTCCTAT,0,71274
TSS_1414_storz_regulondb,0.08333333333333333,11,11,GTCGCTGACGCACGGCCAAA,0,18174
TSS_1414_storz_regulondb,0.08333333333333333,11,11,GTCCGTCCGCGCGGTGGGCT,0,33726
TSS_1414_storz_regulondb,0.08333333333333333,11,11,GTCCCTAATACTGTTAGCTT,0,63665
TSS_1414_storz_regulondb,0.08333333333333333,11,11,GTCCACGGGAATGCCTTTCA,0,72613
TSS_1414_storz_regulondb,0.08333333333333333,11,11,GTCCACCACCGACACCCACT,0,42848
TSS_1414_storz_regulondb,0.08333333333333333,11,11,GTCAGATACTCGCGGGCCAG,0,24034
TSS_1414_storz_regulondb,0.08333333333333333,11,11,GTAGTGCTGCTTTTCGATTA,0,48640
TSS_1414_storz_regulondb,0.08333333333333333,11,11,GTAGTGCGGTGATTACATCC,0,65212
TSS_1414_storz_regulondb,0.08333333333333333,11,11,GTAGTGCCCTGGTGTGCCAA,0,13732
TSS_1414_storz_regulondb,0.08333333333333333,11,11,GTAGGAGTGGTTTTATCGAT,0,12817
TSS_1414_storz_regulondb,0.08333333333333333,11,11,GTACCCTTAGTGACATGTAA,0,14101
TSS_1414_storz_regulondb,0.08333333333333333,11,11,GTAAGGTAGCGGTTATTTTA,0,19810
TSS_1414_storz_regulondb,0.08333333333333333,11,11,GTAAGCTTTCTTGGCACTTA,0,20822
TSS_1414_storz_regulondb,0.08333333333333333,11,11,GTAAGAGAAGCGCGCAATAG,0,58609
TSS_1414_storz_regulondb,0.08333333333333333,11,11,GGTTTATTGCATAGATGCGT,0,11487
TSS_1414_storz_regulondb,0.08333333333333333,11,11,GGTTTAAGTCGCAGGCACGC,0,63240
TSS_1414_storz_regulondb,0.08333333333333333,11,11,GGTTATATACAGCCACTGCC,0,58567
TSS_1414_storz_regulondb,0.08333333333333333,11,11,GGTGGTAAATACTCAGATCT,0,58524
TSS_1414_storz_regulondb,0.08333333333333333,11,11,GGTCTGTCGATCTGACTAGC,0,28345
TSS_1414_storz_regulondb,0.08333333333333333,11,11,GGTCTCTACGCCGGCTTCTC,0,69766
TSS_1414_storz_regulondb,0.08333333333333333,11,11,GGTCTCCCCAACGCGGAAAC,0,42346
TSS_1414_storz_regulondb,0.08333333333333333,11,11,GGTCCGAAGGACATTTAGTT,0,32980
TSS_1414_storz_regulondb,0.08333333333333333,11,11,GGGTTTATTAGGTTCATACA,0,14622
TSS_1414_storz_regulondb,0.08333333333333333,11,11,GGGTGTGACAAGAGATGGTA,0,48404
TSS_1414_storz_regulondb,0.08333333333333333,11,11,GGGTAGGACCTAGATCTTGA,0,17926
TSS_1414_storz_regulondb,0.08333333333333333,11,11,GGGTACGCCCCATGTAAACT,0,54489
TSS_1414_storz_regulondb,0.08333333333333333,11,11,GGGGATTTGGTATCCAGCCA,0,24006
TSS_1414_storz_regulondb,0.08333333333333333,11,11,GGGCTTCCGTGGCGAGAGTC,0,33503
TSS_1414_storz_regulondb,0.08333333333333333,11,11,GGGATAATGGCACAGGATTC,0,62057
TSS_1414_storz_regulondb,0.08333333333333333,11,11,GGGAGTCGCTCAAGAACCGT,0,55436
TSS_1414_storz_regulondb,0.08333333333333333,11,11,GGGAGTATGCATTGGATATG,0,19726
TSS_1414_storz_regulondb,0.08333333333333333,11,11,GGCTTATTCCCGATCGCATA,0,76030
TSS_1414_storz_regulondb,0.08333333333333333,11,11,GGCTGGCAGCTCGTTCGTAC,0,68699
TSS_1414_storz_regulondb,0.08333333333333333,11,11,GGCTCCCTTTTGTAGTGGTT,0,62911
TSS_1414_storz_regulondb,0.08333333333333333,11,11,GGCTATTTTCATACAGCCCC,0,39585
TSS_1414_storz_regulondb,0.08333333333333333,11,11,GGCCTGACGAGGACATCTCG,0,73727
TSS_1414_storz_regulondb,0.08333333333333333,11,11,GGCCGTACGTGCCATATTGT,0,74786
TSS_1414_storz_regulondb,0.08333333333333333,11,11,GGCATGTGTGAGCCATTACC,0,36763
TSS_1414_storz_regulondb,0.08333333333333333,11,11,GGCATAGGGTGGAGCGATTA,0,52976
TSS_1414_storz_regulondb,0.08333333333333333,11,11,GGCAAGCTCATATTGAGCGT,0,21337
TSS_1414_storz_regulondb,0.08333333333333333,11,11,GGATTCAAAATGAGGGGGAT,0,12689
TSS_1414_storz_regulondb,0.08333333333333333,11,11,GGATGGGATCATACCTTCGG,0,62673
TSS_1414_storz_regulondb,0.08333333333333333,11,11,GGATGACTTGAGTAATGATT,0,13258
TSS_1414_storz_regulondb,0.08333333333333333,11,11,GGATCGTTGTTATATAGTCT,0,1858
TSS_1414_storz_regulondb,0.08333333333333333,11,11,GGATATCACGGGTTGTAGAG,0,31748
TSS_1414_storz_regulondb,0.08333333333333333,11,11,GGAGCTTCAGGCATTGTGAA,0,55175
TSS_1414_storz_regulondb,0.08333333333333333,11,11,GGACATGTTTAGGCCCACGC,0,25933
TSS_1414_storz_regulondb,0.08333333333333333,11,11,GGAACGTGCGTTCGGTGAAG,0,58982
TSS_1414_storz_regulondb,0.08333333333333333,11,11,GCTTAGGTTCATATGCGGAA,0,2320
TSS_1414_storz_regulondb,0.08333333333333333,11,11,GCTTAGGCCACGATACCTGC,0,64169
TSS_1414_storz_regulondb,0.08333333333333333,11,11,GCTGTACTGATCAGAGAAAG,0,20757
TSS_1414_storz_regulondb,0.08333333333333333,11,11,GCTGAAGTAAGGCGGGGATG,0,25162
TSS_1414_storz_regulondb,0.08333333333333333,11,11,GCTCCTTATCGCCGTAATCT,0,8828
TSS_1414_storz_regulondb,0.08333333333333333,11,11,GCTAGAGCAGTTTGAAGTAT,0,36476
TSS_1414_storz_regulondb,0.08333333333333333,11,11,GCGTTTTGTATCGTATGAAG,0,60554
TSS_1414_storz_regulondb,0.08333333333333333,11,11,GCGTTTGGAGAGTCACTACA,0,57185
TSS_1414_storz_regulondb,0.08333333333333333,11,11,GCGTACTCCGGGCGGAAGTT,0,62166
TSS_1414_storz_regulondb,0.08333333333333333,11,11,GCGGGCATGGTAGCAAGTGC,0,70818
TSS_1414_storz_regulondb,0.08333333333333333,11,11,GCGGCAGCCAAGTACTGAAC,0,2249
TSS_1414_storz_regulondb,0.08333333333333333,11,11,GCGAGTTGGACTTGATAGAC,0,48217
TSS_1414_storz_regulondb,0.08333333333333333,11,11,GCGACGGGTGGGTAGACATA,0,30939
TSS_1414_storz_regulondb,0.08333333333333333,11,11,GCGACCGTTCCCGTCTAGGG,0,70383
TSS_1414_storz_regulondb,0.08333333333333333,11,11,GCGAACCACGTCCCGGTAAG,0,80857
TSS_1414_storz_regulondb,0.08333333333333333,11,11,GCCTTGAATTTTCTATAACC,0,11794
TSS_1414_storz_regulondb,0.08333333333333333,11,11,GCCTGTTTATTATGGCGATT,0,39405
TSS_1414_storz_regulondb,0.08333333333333333,11,11,GCCTGCGTAATCAAAATATC,0,37977
TSS_1414_storz_regulondb,0.08333333333333333,11,11,GCCTCTTAATTGAAGCTCTA,0,8834
TSS_1414_storz_regulondb,0.08333333333333333,11,11,GCCTCGCGAAAAAAAAGGCA,0,31816
TSS_1414_storz_regulondb,0.08333333333333333,11,11,GCCGATTATAGAATAGGCAA,0,68992
TSS_1414_storz_regulondb,0.08333333333333333,11,11,GCCGATAAGTCGGCACCTAG,0,57401
TSS_1414_storz_regulondb,0.08333333333333333,11,11,GCCGACTTAAGACGCGACTC,0,48644
TSS_1414_storz_regulondb,0.08333333333333333,11,11,GCCCGGAACGACAAGAACTA,0,33531
TSS_1414_storz_regulondb,0.08333333333333333,11,11,GCCCCTGATGAAAATCCGGA,0,23395
TSS_1414_storz_regulondb,0.08333333333333333,11,11,GCCAGCCCAGAGAAGATCCG,0,53546
TSS_1414_storz_regulondb,0.08333333333333333,11,11,GCCACAGCTCAGGGCGGGCA,0,64341
TSS_1414_storz_regulondb,0.08333333333333333,11,11,GCATTTACTTAGCCCGCGAA,0,4368
TSS_1414_storz_regulondb,0.08333333333333333,11,11,GCATCTCGGATCATTATTGA,0,9971
TSS_1414_storz_regulondb,0.08333333333333333,11,11,GCATAGACAGAGCACCGCCA,0,32982
TSS_1414_storz_regulondb,0.08333333333333333,11,11,GCAGTCCACCTCAGTCAAGT,0,46239
TSS_1414_storz_regulondb,0.08333333333333333,11,11,GCAGCACAGGGTATGGGAAC,0,60156
TSS_1414_storz_regulondb,0.08333333333333333,11,11,GCAGATCTGGAACAGGCTTG,0,13536
TSS_1414_storz_regulondb,0.08333333333333333,11,11,GCACTTCGCTCATCTAAATG,0,64393
TSS_1414_storz_regulondb,0.08333333333333333,11,11,GCACCTTCTCCGTCGCCACA,0,48334
TSS_1414_storz_regulondb,0.08333333333333333,11,11,GCACCATCGGGTAGGCTAGG,0,77809
TSS_1414_storz_regulondb,0.08333333333333333,11,11,GCACAAATTCATATATAACT,0,12113
TSS_1414_storz_regulondb,0.08333333333333333,11,11,GCAAGGTCATAGCTCGACTG,0,44019
TSS_1414_storz_regulondb,0.08333333333333333,11,11,GATTTTGAAGACGCTTGACT,0,14718
TSS_1414_storz_regulondb,0.08333333333333333,11,11,GATTTGTGGCCTATCTAATT,0,13902
TSS_1414_storz_regulondb,0.08333333333333333,11,11,GATTGGGTACACTAGCTCAG,0,31144
TSS_1414_storz_regulondb,0.08333333333333333,11,11,GATTCGTCGTGGGAGGGAAC,0,13147
TSS_1414_storz_regulondb,0.08333333333333333,11,11,GATTCCCTATGGAGATTGGA,0,6067
TSS_1414_storz_regulondb,0.08333333333333333,11,11,GATTATGGTGAACAGCCCAC,0,22280
TSS_1414_storz_regulondb,0.08333333333333333,11,11,GATGTCGGAGAAGGAACGGT,0,53662
TSS_1414_storz_regulondb,0.08333333333333333,11,11,GATGGCATCGGTCTACGGAG,0,30789
TSS_1414_storz_regulondb,0.08333333333333333,11,11,GATGCGGTTTCTTCAAAAGG,0,23821
TSS_1414_storz_regulondb,0.08333333333333333,11,11,GATCTATATAGGCACCGTTC,0,16657
TSS_1414_storz_regulondb,0.08333333333333333,11,11,GATCCGGGTCTCGGGCCGTG,0,24561
TSS_1414_storz_regulondb,0.08333333333333333,11,11,GAGTCTGTAGGGACACGCGT,0,5857
TSS_1414_storz_regulondb,0.08333333333333333,11,11,GAGTATTGTGTGCTTGTTAG,0,39445
TSS_1414_storz_regulondb,0.08333333333333333,11,11,GAGTACAGGTGAACGTGTTC,0,44015
TSS_1414_storz_regulondb,0.08333333333333333,11,11,GAGGGCAGGAGTACGCGTCA,0,463
TSS_1414_storz_regulondb,0.08333333333333333,11,11,GAGGCCAATAAAAGACTTAA,0,47454
TSS_1414_storz_regulondb,0.08333333333333333,11,11,GAGCTTCGGGCCTGCGCCTC,0,80878
TSS_1414_storz_regulondb,0.08333333333333333,11,11,GAGCGGCTACGGCGAGCAAT,0,63677
TSS_1414_storz_regulondb,0.08333333333333333,11,11,GAGCGGCGTAGAAATGGGCT,0,4286
TSS_1414_storz_regulondb,0.08333333333333333,11,11,GAGCAAGAAATGTCATAACT,0,4494
TSS_1414_storz_regulondb,0.08333333333333333,11,11,GAGATCGGTAGGGGAAGCCA,0,55565
TSS_1414_storz_regulondb,0.08333333333333333,11,11,GAGACGTTACACTTTCAAGG,0,68987
TSS_1414_storz_regulondb,0.08333333333333333,11,11,GAGACGATACTCACAGTCAT,0,23166
TSS_1414_storz_regulondb,0.08333333333333333,11,11,GACCACAGGCTGGGTATTCC,0,8692
TSS_1414_storz_regulondb,0.08333333333333333,11,11,GACAGGAGTTCATCGTCACT,0,46148
TSS_1414_storz_regulondb,0.08333333333333333,11,11,GACACTTCGGCCGCATTCCT,0,20371
TSS_1414_storz_regulondb,0.08333333333333333,11,11,GACACGACCGAGTAATGAAG,0,29223
TSS_1414_storz_regulondb,0.08333333333333333,11,11,GAATTTCGACATTCGAAGTT,0,14962
TSS_1414_storz_regulondb,0.08333333333333333,11,11,GAACTGTGAATAGAGACATG,0,21847
TSS_1414_storz_regulondb,0.08333333333333333,11,11,GAACCGGGAAGGAGCTAGAA,0,54543
TSS_1414_storz_regulondb,0.08333333333333333,11,11,GAAAGCGAGTATCTAGAGGT,0,44487
TSS_1414_storz_regulondb,0.08333333333333333,11,11,GAAAAAGGTGCCGGCATCAT,0,23311
TSS_1414_storz_regulondb,0.08333333333333333,11,11,GAAAAAAGTACGCCTTTAGT,0,9027
TSS_1414_storz_regulondb,0.08333333333333333,11,11,CTTTGCATTCATTTTACGTC,0,67879
TSS_1414_storz_regulondb,0.08333333333333333,11,11,CTTTCTCGGCCGTGCAGTAG,0,55302
TSS_1414_storz_regulondb,0.08333333333333333,11,11,CTTTCGGTTGTAGGTGGTTG,0,15013
TSS_1414_storz_regulondb,0.08333333333333333,11,11,CTTTCGCTTGTTAGATTAGG,0,26821
TSS_1414_storz_regulondb,0.08333333333333333,11,11,CTTGTAGTATTTGTAGCAGC,0,43550
TSS_1414_storz_regulondb,0.08333333333333333,11,11,CTTGGCAGAGAGCCCTTCCA,0,44726
TSS_1414_storz_regulondb,0.08333333333333333,11,11,CTTGGATACTTGGATATCTT,0,41199
TSS_1414_storz_regulondb,0.08333333333333333,11,11,CTTCATTACACGAGCCCGAT,0,65006
TSS_1414_storz_regulondb,0.08333333333333333,11,11,CTTCAGCTAAGATCTTCGAG,0,66212
TSS_1414_storz_regulondb,0.08333333333333333,11,11,CTGTCTAGACTCTCAAACTA,0,36092
TSS_1414_storz_regulondb,0.08333333333333333,11,11,CTGTCAGGAACCTTGGTGTT,0,73159
TSS_1414_storz_regulondb,0.08333333333333333,11,11,CTGCTACAAGGCCCAGCGCC,0,60366
TSS_1414_storz_regulondb,0.08333333333333333,11,11,CTGCCCTTCTTCGTGTCGCG,0,55591
TSS_1414_storz_regulondb,0.08333333333333333,11,11,CTGCACTCAAAGCAGCTCTC,0,2751
TSS_1414_storz_regulondb,0.08333333333333333,11,11,CTGATGTGCCCTGAGATTAA,0,66550
TSS_1414_storz_regulondb,0.08333333333333333,11,11,CTGATACTGCGATTTTCCTA,0,1965
TSS_1414_storz_regulondb,0.08333333333333333,11,11,CTCTTTAGCATCGGCAATAT,0,49680
TSS_1414_storz_regulondb,0.08333333333333333,11,11,CTCTTCCGACATCCCAGTGC,0,1229
TSS_1414_storz_regulondb,0.08333333333333333,11,11,CTCTTAGGAGCGTTGCTAAT,0,18650
TSS_1414_storz_regulondb,0.08333333333333333,11,11,CTCGGACTGGATCTTTTATT,0,19427
TSS_1414_storz_regulondb,0.08333333333333333,11,11,CTCCACAGTAGCTTTCGTCC,0,60589
TSS_1414_storz_regulondb,0.08333333333333333,11,11,CTCATGTTCGAGCGTGGTCT,0,7225
TSS_1414_storz_regulondb,0.08333333333333333,11,11,CTCATGTCAACGGTTGCACT,0,76967
TSS_1414_storz_regulondb,0.08333333333333333,11,11,CTCATGGGAGCGCACCACAG,0,34701
TSS_1414_storz_regulondb,0.08333333333333333,11,11,CTCATAGTACAAGCCACTTC,0,40957
TSS_1414_storz_regulondb,0.08333333333333333,11,11,CTCAGCGCAATACGTACAAC,0,65394
TSS_1414_storz_regulondb,0.08333333333333333,11,11,CTCAAGGGCATCCGGGCACT,0,32883
TSS_1414_storz_regulondb,0.08333333333333333,11,11,CTCAAGAATGGCTTAATACT,0,53717
TSS_1414_storz_regulondb,0.08333333333333333,11,11,CTCAACCTATAACAACACAT,0,57951
TSS_1414_storz_regulondb,0.08333333333333333,11,11,CTAGTCACTCGGAGCTTAGA,0,78520
TSS_1414_storz_regulondb,0.08333333333333333,11,11,CTAGCGGACATCCAAGGTAC,0,11956
TSS_1414_storz_regulondb,0.08333333333333333,11,11,CTACTGGCCTTCCGCGAGTG,0,2589
TSS_1414_storz_regulondb,0.08333333333333333,11,11,CTAACCGAGATCAATTTTAT,0,15786
TSS_1414_storz_regulondb,0.08333333333333333,11,11,CGTTTAGTGCGACAGTAGCT,0,59343
TSS_1414_storz_regulondb,0.08333333333333333,11,11,CGTTGTTTGGTCGTACACTA,0,30513
TSS_1414_storz_regulondb,0.08333333333333333,11,11,CGTTGTCAACGCTAGCTCTA,0,67586
TSS_1414_storz_regulondb,0.08333333333333333,11,11,CGTGGGGCCGTTTGAAATCT,0,478
TSS_1414_storz_regulondb,0.08333333333333333,11,11,CGTCTGCTGACTGGGGTCTG,0,4182
TSS_1414_storz_regulondb,0.08333333333333333,11,11,CGTCGAGGGCTATCGCGTTG,0,50379
TSS_1414_storz_regulondb,0.08333333333333333,11,11,CGTATGCGGAACCGGTACAT,0,70825
TSS_1414_storz_regulondb,0.08333333333333333,11,11,CGGTGCAGTAATGGTAGGCA,0,22571
TSS_1414_storz_regulondb,0.08333333333333333,11,11,CGGGGGTCCAGGCGGATGGA,0,18009
TSS_1414_storz_regulondb,0.08333333333333333,11,11,CGGGGCAATATGGCTAAGTG,0,12864
TSS_1414_storz_regulondb,0.08333333333333333,11,11,CGGGAGTGCATCCTAGTGAA,0,18855
TSS_1414_storz_regulondb,0.08333333333333333,11,11,CGGGAGCTACTAGCGTATCT,0,63390
TSS_1414_storz_regulondb,0.08333333333333333,11,11,CGGCCTGCGTTTCAAATAGG,0,33679
TSS_1414_storz_regulondb,0.08333333333333333,11,11,CGGCAAAGGGATGTCGCCCT,0,49695
TSS_1414_storz_regulondb,0.08333333333333333,11,11,CGGATTGGGATAGGTCGGTA,0,20812
TSS_1414_storz_regulondb,0.08333333333333333,11,11,CGGAGGGCCAAGCGCAGCAA,0,79624
TSS_1414_storz_regulondb,0.08333333333333333,11,11,CGCGTTTTCATTGTGTAGAC,0,76480
TSS_1414_storz_regulondb,0.08333333333333333,11,11,CGCGTGGTGTATACGAAGAG,0,13682
TSS_1414_storz_regulondb,0.08333333333333333,11,11,CGCGTACGGCATCTTTCGAA,0,70692
TSS_1414_storz_regulondb,0.08333333333333333,11,11,CGCGGCCTTGGGCTCGGCTA,0,56640
TSS_1414_storz_regulondb,0.08333333333333333,11,11,CGCGCCTACCATTTCCTCCA,0,31898
TSS_1414_storz_regulondb,0.08333333333333333,11,11,CGCCTTGATTTGGAAATTGT,0,47991
TSS_1414_storz_regulondb,0.08333333333333333,11,11,CGCCTCTCATGAATCAACTG,0,74177
TSS_1414_storz_regulondb,0.08333333333333333,11,11,CGCCGTGTGCGCTACTGCAG,0,8116
TSS_1414_storz_regulondb,0.08333333333333333,11,11,CGCCGGGAGCGGCGTCTCAC,0,59253
TSS_1414_storz_regulondb,0.08333333333333333,11,11,CGCCAGCCTACGAGGCCACA,0,52093
TSS_1414_storz_regulondb,0.08333333333333333,11,11,CGCCAGAAAAACGACCCTCT,0,923
TSS_1414_storz_regulondb,0.08333333333333333,11,11,CGCAGTCACGGGTGGGGAGT,0,59623
TSS_1414_storz_regulondb,0.08333333333333333,11,11,CGCACGGGTCGCGCGGCTCA,0,41334
TSS_1414_storz_regulondb,0.08333333333333333,11,11,CGCAATAACAGGGTGCGGAA,0,48619
TSS_1414_storz_regulondb,0.08333333333333333,11,11,CGCAAGTGGCCATAGTCGGG,0,25004
TSS_1414_storz_regulondb,0.08333333333333333,11,11,CGCAAAGGGGCGGCGCCCCA,0,939
TSS_1414_storz_regulondb,0.08333333333333333,11,11,CGATGTCTGGAGGATTGGCA,0,70603
TSS_1414_storz_regulondb,0.08333333333333333,11,11,CGAGTTTAAAGTAAGTTAAA,0,19886
TSS_1414_storz_regulondb,0.08333333333333333,11,11,CGACTCTCGCAAGGACTGGT,0,63772
TSS_1414_storz_regulondb,0.08333333333333333,11,11,CGACGCTACGCGGGTGCATT,0,7247
TSS_1414_storz_regulondb,0.08333333333333333,11,11,CGACCCCTGACTGAGCTGGA,0,58606
TSS_1414_storz_regulondb,0.08333333333333333,11,11,CGAACCGTGGGTGGGCCTCT,0,36638
TSS_1414_storz_regulondb,0.08333333333333333,11,11,CCTTTTTAGTGCGGGACAGG,0,48167
TSS_1414_storz_regulondb,0.08333333333333333,11,11,CCTTCTCCGAAGCGGTGAGG,0,8761
TSS_1414_storz_regulondb,0.08333333333333333,11,11,CCTTCCGGGGCCTCTCGAGC,0,9269
TSS_1414_storz_regulondb,0.08333333333333333,11,11,CCTGGCAGTTACTTCGGATG,0,62666
TSS_1414_storz_regulondb,0.08333333333333333,11,11,CCTGACGGCTACGGAAATGA,0,32157
TSS_1414_storz_regulondb,0.08333333333333333,11,11,CCTCGATTATCACAACAGCA,0,3298
TSS_1414_storz_regulondb,0.08333333333333333,11,11,CCGATTTCGTCGGACTGTTG,0,24173
TSS_1414_storz_regulondb,0.08333333333333333,11,11,CCGATGAGCGTGGCAGTTGG,0,3633
TSS_1414_storz_regulondb,0.08333333333333333,11,11,CCGAGGTGGGTACACATAGG,0,53069
TSS_1414_storz_regulondb,0.08333333333333333,11,11,CCGAACAGCTACTACTGAAA,0,80638
TSS_1414_storz_regulondb,0.08333333333333333,11,11,CCCTTATGCGCACGGGGGAC,0,69554
TSS_1414_storz_regulondb,0.08333333333333333,11,11,CCCTGAGTCCAAAGCGCGGT,0,9241
TSS_1414_storz_regulondb,0.08333333333333333,11,11,CCCTACTCGATCGCTACCTC,0,33870
TSS_1414_storz_regulondb,0.08333333333333333,11,11,CCCTAAGTTCCTTTGCTGTC,0,30794
TSS_1414_storz_regulondb,0.08333333333333333,11,11,CCCTAACTTACAGGCTTTTG,0,33416
TSS_1414_storz_regulondb,0.08333333333333333,11,11,CCCGTTTGCCCGATGTGGAT,0,3469
TSS_1414_storz_regulondb,0.08333333333333333,11,11,CCCGCTGCTTACTCAGTCTC,0,58790
TSS_1414_storz_regulondb,0.08333333333333333,11,11,CCCGCGTACCATAATTACAG,0,55874
TSS_1414_storz_regulondb,0.08333333333333333,11,11,CCCGACCTGTCTAGATTGAC,0,15096
TSS_1414_storz_regulondb,0.08333333333333333,11,11,CCCCAGGAGTATAGGAGGGT,0,32365
TSS_1414_storz_regulondb,0.08333333333333333,11,11,CCCCACATATCGTGTACCGA,0,21787
TSS_1414_storz_regulondb,0.08333333333333333,11,11,CCCAAGACAAGAACAATACT,0,73934
TSS_1414_storz_regulondb,0.08333333333333333,11,11,CCATGTAGGCATCACCCAGT,0,50706
TSS_1414_storz_regulondb,0.08333333333333333,11,11,CCAGTAGCAGTGTAACACAT,0,18181
TSS_1414_storz_regulondb,0.08333333333333333,11,11,CCAGGACCGAGTGTCTCGGG,0,24157
TSS_1414_storz_regulondb,0.08333333333333333,11,11,CCAGCATGCGCAGATTTACT,0,41130
TSS_1414_storz_regulondb,0.08333333333333333,11,11,CCACGACGCAAACAGGGGCT,0,16076
TSS_1414_storz_regulondb,0.08333333333333333,11,11,CCACCTATACCCCGGGTAAC,0,67892
TSS_1414_storz_regulondb,0.08333333333333333,11,11,CCACCGGAGAGGGGCTTCCA,0,56073
TSS_1414_storz_regulondb,0.08333333333333333,11,11,CCAACTACATAGTATCACGC,0,54651
TSS_1414_storz_regulondb,0.08333333333333333,11,11,CCAAATCTGTATCATAGTCA,0,79024
TSS_1414_storz_regulondb,0.08333333333333333,11,11,CCAAACGGACTGGTCGAGCG,0,43253
TSS_1414_storz_regulondb,0.08333333333333333,11,11,CATTTTGGCGAGTCTATAGA,0,24397
TSS_1414_storz_regulondb,0.08333333333333333,11,11,CATTTGAAATCACCTAGGCT,0,24825
TSS_1414_storz_regulondb,0.08333333333333333,11,11,CATTTCCCAATGATCGGGGC,0,30803
TSS_1414_storz_regulondb,0.08333333333333333,11,11,CATTGCTTCGGTTGACAATA,0,12487
TSS_1414_storz_regulondb,0.08333333333333333,11,11,CATTGCGCCTTCCCAGCCTA,0,71143
TSS_1414_storz_regulondb,0.08333333333333333,11,11,CATTCATCGGCCCTTGTTCT,0,4202
TSS_1414_storz_regulondb,0.08333333333333333,11,11,CATTCATATGGCTGCAACAT,0,35028
TSS_1414_storz_regulondb,0.08333333333333333,11,11,CATGAGACCCCTCTCTGCGA,0,53827
TSS_1414_storz_regulondb,0.08333333333333333,11,11,CATCTCATTATCACATGACT,0,527
TSS_1414_storz_regulondb,0.08333333333333333,11,11,CATCTATACGCGATAATTTA,0,60255
TSS_1414_storz_regulondb,0.08333333333333333,11,11,CATATAGCGGGATTTTCTGC,0,64409
TSS_1414_storz_regulondb,0.08333333333333333,11,11,CAGTTTGCTGGAGTTGGTGG,0,10785
TSS_1414_storz_regulondb,0.08333333333333333,11,11,CAGTTCAGACAATAGGTTAC,0,13712
TSS_1414_storz_regulondb,0.08333333333333333,11,11,CAGTCCTCTTAGCCACTATG,0,14457
TSS_1414_storz_regulondb,0.08333333333333333,11,11,CAGGGGCAGGACGAGCATCC,0,60202
TSS_1414_storz_regulondb,0.08333333333333333,11,11,CAGCTTAATTTGTGCGATTA,0,6308
TSS_1414_storz_regulondb,0.08333333333333333,11,11,CAGCGCAGGCTTGCCTGGCT,0,71200
TSS_1414_storz_regulondb,0.08333333333333333,11,11,CAGACTTAAACCCTACATGA,0,35336
TSS_1414_storz_regulondb,0.08333333333333333,11,11,CAGACTGGGGCACACATGAG,0,76454
TSS_1414_storz_regulondb,0.08333333333333333,11,11,CAGACCGCCGACCCTAGAGA,0,41213
TSS_1414_storz_regulondb,0.08333333333333333,11,11,CACTCTGGTCATGTCGCTGG,0,34796
TSS_1414_storz_regulondb,0.08333333333333333,11,11,CACTATTGCGCCTCGGGTAT,0,14812
TSS_1414_storz_regulondb,0.08333333333333333,11,11,CACCTCAGAATTGCGACTTG,0,18762
TSS_1414_storz_regulondb,0.08333333333333333,11,11,CACCACCGCGGTACCACAGA,0,61457
TSS_1414_storz_regulondb,0.08333333333333333,11,11,CACATGGGTCAGGGTCAGCA,0,24395
TSS_1414_storz_regulondb,0.08333333333333333,11,11,CACATGACGTAAACAACGTA,0,72238
TSS_1414_storz_regulondb,0.08333333333333333,11,11,CAAGGACTGGAGTGGGATGT,0,37248
TSS_1414_storz_regulondb,0.08333333333333333,11,11,CAAGAATTTGGTAGGTAAAA,0,15626
TSS_1414_storz_regulondb,0.08333333333333333,11,11,CAACTAGGGGGGCTGGCCTC,0,59353
TSS_1414_storz_regulondb,0.08333333333333333,11,11,CAAATTCAGGCTAGGGCTAC,0,55440
TSS_1414_storz_regulondb,0.08333333333333333,11,11,ATTTCGGAGGTATGCACTGC,0,52486
TSS_1414_storz_regulondb,0.08333333333333333,11,11,ATTGTGTCCGCCGAGATCGG,0,19336
TSS_1414_storz_regulondb,0.08333333333333333,11,11,ATTGTATCTCTCACTCATTG,0,23636
TSS_1414_storz_regulondb,0.08333333333333333,11,11,ATTGTATACCACTTTCAGAT,0,47794
TSS_1414_storz_regulondb,0.08333333333333333,11,11,ATTGGGCTACAGGCTCGCCT,0,78041
TSS_1414_storz_regulondb,0.08333333333333333,11,11,ATTGGACGGCTCCGCACGCC,0,73061
TSS_1414_storz_regulondb,0.08333333333333333,11,11,ATTGCTGGGCGCCCGGTAAA,0,58605
TSS_1414_storz_regulondb,0.08333333333333333,11,11,ATTGAAGGGATATACTTGCT,0,59472
TSS_1414_storz_regulondb,0.08333333333333333,11,11,ATTCGTCCAGCGAAACGATT,0,76314
TSS_1414_storz_regulondb,0.08333333333333333,11,11,ATTAGACCGGGGGGTTACTT,0,78798
TSS_1414_storz_regulondb,0.08333333333333333,11,11,ATTACGGGACATCTCTGAGC,0,56350
TSS_1414_storz_regulondb,0.08333333333333333,11,11,ATTAACTATCCCATCCACTT,0,58731
TSS_1414_storz_regulondb,0.08333333333333333,11,11,ATGTGGCATTGTCGGGTGTA,0,57621
TSS_1414_storz_regulondb,0.08333333333333333,11,11,ATGTGCTAACAGTACGGACT,0,44240
TSS_1414_storz_regulondb,0.08333333333333333,11,11,ATGTCGGTGATAGTTCCGAT,0,19922
TSS_1414_storz_regulondb,0.08333333333333333,11,11,ATGGTGCCTAGCAACTGGAG,0,30150
TSS_1414_storz_regulondb,0.08333333333333333,11,11,ATGGGTGCGTAGCGATCTGG,0,9778
TSS_1414_storz_regulondb,0.08333333333333333,11,11,ATGCGTTACCGGAGGCCTAA,0,16734
TSS_1414_storz_regulondb,0.08333333333333333,11,11,ATGCGAGTATCAGCCGTGAC,0,44332
TSS_1414_storz_regulondb,0.08333333333333333,11,11,ATGATGGGTTGTCAGTTGTA,0,51925
TSS_1414_storz_regulondb,0.08333333333333333,11,11,ATCTTTACACCTGCCGCGTA,0,12873
TSS_1414_storz_regulondb,0.08333333333333333,11,11,ATCTGAAGTTCTAGCCGTTG,0,10199
TSS_1414_storz_regulondb,0.08333333333333333,11,11,ATCGGTCCAGTATTCAAATA,0,79603
TSS_1414_storz_regulondb,0.08333333333333333,11,11,ATCGATGATTATTTGGGTTA,0,29864
TSS_1414_storz_regulondb,0.08333333333333333,11,11,ATCCGACGGCAGCCCCGCCC,0,24917
TSS_1414_storz_regulondb,0.08333333333333333,11,11,ATCCAGCACTTCCCTAGCCT,0,66316
TSS_1414_storz_regulondb,0.08333333333333333,11,11,ATCATCGTATAGGTCCTCGA,0,73361
TSS_1414_storz_regulondb,0.08333333333333333,11,11,ATCAGTCTGGACTCGGATTG,0,17891
TSS_1414_storz_regulondb,0.08333333333333333,11,11,ATCAGGCCCACTCCTACAAT,0,63210
TSS_1414_storz_regulondb,0.08333333333333333,11,11,ATCAGCTGTCGTTCAGATGG,0,70957
TSS_1414_storz_regulondb,0.08333333333333333,11,11,ATCAACGCCCTTGGCAATTC,0,52975
TSS_1414_storz_regulondb,0.08333333333333333,11,11,ATATTCAGGCAAGTATTGAA,0,13772
TSS_1414_storz_regulondb,0.08333333333333333,11,11,ATATCTACAGGCAAGATCGA,0,77180
TSS_1414_storz_regulondb,0.08333333333333333,11,11,ATAGCACACTCATTCAAGAA,0,22088
TSS_1414_storz_regulondb,0.08333333333333333,11,11,ATACTCATAATCGGTCCGAG,0,16299
TSS_1414_storz_regulondb,0.08333333333333333,11,11,ATACGGCAACCTCGTTGCAT,0,5032
TSS_1414_storz_regulondb,0.08333333333333333,11,11,ATACAACCCCGGGGGTCTGA,0,65592
TSS_1414_storz_regulondb,0.08333333333333333,11,11,AGTTCGGGCTGATATGCTTA,0,8484
TSS_1414_storz_regulondb,0.08333333333333333,11,11,AGTGTCACGCCGGCATGAAG,0,54252
TSS_1414_storz_regulondb,0.08333333333333333,11,11,AGTGGGGAGCCATAAATAAC,0,64067
TSS_1414_storz_regulondb,0.08333333333333333,11,11,AGTGATGTCAGAATAGCGGT,0,362
TSS_1414_storz_regulondb,0.08333333333333333,11,11,AGTCGCTCCTTTAGCGTGTG,0,36405
TSS_1414_storz_regulondb,0.08333333333333333,11,11,AGTAGGCCAACAGTATTCTG,0,59501
TSS_1414_storz_regulondb,0.08333333333333333,11,11,AGGTGTCCGTAAACCTCGGT,0,17452
TSS_1414_storz_regulondb,0.08333333333333333,11,11,AGGTCGGAAACCTAATGAAG,0,55482
TSS_1414_storz_regulondb,0.08333333333333333,11,11,AGGGTCATTTATAGAGGGGG,0,23255
TSS_1414_storz_regulondb,0.08333333333333333,11,11,AGGGTAGCTACATGCAGGTT,0,9953
TSS_1414_storz_regulondb,0.08333333333333333,11,11,AGGGGGCTACACACAGGCAA,0,31833
TSS_1414_storz_regulondb,0.08333333333333333,11,11,AGGGGCCGCACTTAACAAAC,0,49420
TSS_1414_storz_regulondb,0.08333333333333333,11,11,AGGGAGCTCCAGTTTAGAAA,0,9396
TSS_1414_storz_regulondb,0.08333333333333333,11,11,AGCTTAATTTTGGGGTATCT,0,27221
TSS_1414_storz_regulondb,0.08333333333333333,11,11,AGCCCTCAGGCATTGGTCAC,0,11385
TSS_1414_storz_regulondb,0.08333333333333333,11,11,AGCCCGCTTCACTCCACGTT,0,26999
TSS_1414_storz_regulondb,0.08333333333333333,11,11,AGATTAAAGCTTAAACTGCA,0,64902
TSS_1414_storz_regulondb,0.08333333333333333,11,11,AGATCTGTAAGTTAAGAAAC,0,41544
TSS_1414_storz_regulondb,0.08333333333333333,11,11,AGATATAGTGTAAGTACAAC,0,4799
TSS_1414_storz_regulondb,0.08333333333333333,11,11,AGAGAACTTGGACTATAGCA,0,69807
TSS_1414_storz_regulondb,0.08333333333333333,11,11,AGACCTGGAGTCACGCGTCT,0,2946
TSS_1414_storz_regulondb,0.08333333333333333,11,11,AGAATCATAAGAAGATAGGT,0,28650
TSS_1414_storz_regulondb,0.08333333333333333,11,11,AGAAGCGGGTTACCCACGTT,0,5124
TSS_1414_storz_regulondb,0.08333333333333333,11,11,AGAAATATTCTAGATGTTGA,0,66604
TSS_1414_storz_regulondb,0.08333333333333333,11,11,ACTTAACGGTTTCCGTTGTA,0,37768
TSS_1414_storz_regulondb,0.08333333333333333,11,11,ACTGTTTTACCCCGGTCCTT,0,73099
TSS_1414_storz_regulondb,0.08333333333333333,11,11,ACTGCCTGCATAACCTCAGT,0,72012
TSS_1414_storz_regulondb,0.08333333333333333,11,11,ACTCGATCCCACCCATATAT,0,6486
TSS_1414_storz_regulondb,0.08333333333333333,11,11,ACTCAACAGAAGAAAAGTAG,0,20235
TSS_1414_storz_regulondb,0.08333333333333333,11,11,ACTACTACATTTTGTACCGA,0,54732
TSS_1414_storz_regulondb,0.08333333333333333,11,11,ACTACCAACGGCAGTGAGGA,0,37969
TSS_1414_storz_regulondb,0.08333333333333333,11,11,ACTACATGCACTCATGGGCC,0,13213
TSS_1414_storz_regulondb,0.08333333333333333,11,11,ACTAATGGTACGGGTAAGAG,0,63617
TSS_1414_storz_regulondb,0.08333333333333333,11,11,ACGTTTCCTACGGGCTGTTT,0,78104
TSS_1414_storz_regulondb,0.08333333333333333,11,11,ACGTTAATCGGCCTCAGTTT,0,71587
TSS_1414_storz_regulondb,0.08333333333333333,11,11,ACGTGGGGGTATACGTATGA,0,68416
TSS_1414_storz_regulondb,0.08333333333333333,11,11,ACGTCTGCCCGTCAACAGAA,0,5188
TSS_1414_storz_regulondb,0.08333333333333333,11,11,ACGTAGGGTGAAGCGCATGA,0,29374
TSS_1414_storz_regulondb,0.08333333333333333,11,11,ACGCGGACGAAGTTATTTTT,0,8684
TSS_1414_storz_regulondb,0.08333333333333333,11,11,ACGCCAGCTCTTGTCACCAT,0,4926
TSS_1414_storz_regulondb,0.08333333333333333,11,11,ACGAGCCGTATGCTGCTTTA,0,36063
TSS_1414_storz_regulondb,0.08333333333333333,11,11,ACCTCGGTTAACTCCGACCC,0,71691
TSS_1414_storz_regulondb,0.08333333333333333,11,11,ACCGTCTCGATTCGATAGCA,0,1376
TSS_1414_storz_regulondb,0.08333333333333333,11,11,ACCCTTTCCCTAGATATTCC,0,45943
TSS_1414_storz_regulondb,0.08333333333333333,11,11,ACCCGATGCTCAGTCCTTCT,0,26325
TSS_1414_storz_regulondb,0.08333333333333333,11,11,ACCCCTAGAGATCCGAGACG,0,70634
TSS_1414_storz_regulondb,0.08333333333333333,11,11,ACCAGCCCCCTTTTGGTTCC,0,22768
TSS_1414_storz_regulondb,0.08333333333333333,11,11,ACCACTTTCTTACGTTGTCG,0,30609
TSS_1414_storz_regulondb,0.08333333333333333,11,11,ACCAATGCAGGTGAATTTAT,0,8730
TSS_1414_storz_regulondb,0.08333333333333333,11,11,ACCAAATGGTGGGAAGTACG,0,31904
TSS_1414_storz_regulondb,0.08333333333333333,11,11,ACCAAAGTTCCGTCTTCGCT,0,76117
TSS_1414_storz_regulondb,0.08333333333333333,11,11,ACATGTCCATAAGCGCTGCT,0,62422
TSS_1414_storz_regulondb,0.08333333333333333,11,11,ACATGCACATCTGCCTAGGA,0,22658
TSS_1414_storz_regulondb,0.08333333333333333,11,11,ACAGTAGCCGCCCCCTCGAA,0,77430
TSS_1414_storz_regulondb,0.08333333333333333,11,11,ACAGGAAAGTTTCTAGCTTT,0,8541
TSS_1414_storz_regulondb,0.08333333333333333,11,11,ACACGTCTGTACCTGGGGTG,0,49018
TSS_1414_storz_regulondb,0.08333333333333333,11,11,ACAACTGGAGAGATCCAGTG,0,30690
TSS_1414_storz_regulondb,0.08333333333333333,11,11,ACAAAAGAAAACGTTACGTG,0,15695
TSS_1414_storz_regulondb,0.08333333333333333,11,11,AATTTAGCTCTCAATACGAG,0,36652
TSS_1414_storz_regulondb,0.08333333333333333,11,11,AATTAGACGAGGAACCCTCG,0,29152
TSS_1414_storz_regulondb,0.08333333333333333,11,11,AATCGAGATAGATCGCGACT,0,22021
TSS_1414_storz_regulondb,0.08333333333333333,11,11,AATCATGGCCGAAGCACGTA,0,41131
TSS_1414_storz_regulondb,0.08333333333333333,11,11,AATATAGGGCAGTCGCATAT,0,25322
TSS_1414_storz_regulondb,0.08333333333333333,11,11,AATAGAGGTCATTATTGAAT,0,61058
TSS_1414_storz_regulondb,0.08333333333333333,11,11,AAGTATATATACTAATTAGT,0,76349
TSS_1414_storz_regulondb,0.08333333333333333,11,11,AAGTACATACCGCGGATGCC,0,68771
TSS_1414_storz_regulondb,0.08333333333333333,11,11,AAGCCTAAAACCGGGTTAGC,0,66635
TSS_1414_storz_regulondb,0.08333333333333333,11,11,AAGATTCGGAATATGTGGTG,0,60620
TSS_1414_storz_regulondb,0.08333333333333333,11,11,AAGAACCATGCTACCCCAGG,0,40739
TSS_1414_storz_regulondb,0.08333333333333333,11,11,AACTTTCGTTCCACCGCATA,0,72453
TSS_1414_storz_regulondb,0.08333333333333333,11,11,AACGGCGAAGAAAACTCTGT,0,48492
TSS_1414_storz_regulondb,0.08333333333333333,11,11,AACGGAGGCGGTTTCCGCCT,0,13706
TSS_1414_storz_regulondb,0.08333333333333333,11,11,AACGCTCAGTTACCGGGTTT,0,47856
TSS_1414_storz_regulondb,0.08333333333333333,11,11,AACGCCGTTGGACTCTGAAG,0,64884
TSS_1414_storz_regulondb,0.08333333333333333,11,11,AACGCAATGAACAGAATCAA,0,37340
TSS_1414_storz_regulondb,0.08333333333333333,11,11,AACGATGCATTAGTATTCGG,0,16127
TSS_1414_storz_regulondb,0.08333333333333333,11,11,AACCTACACGTTTATTGCCT,0,68215
TSS_1414_storz_regulondb,0.08333333333333333,11,11,AACCCCGAATAGCTTACGGC,0,28680
TSS_1414_storz_regulondb,0.08333333333333333,11,11,AACCATCCCATACCCTTCGT,0,70568
TSS_1414_storz_regulondb,0.08333333333333333,11,11,AAATCAATTCGGTCCAGACG,0,59998
TSS_1414_storz_regulondb,0.08333333333333333,11,11,AAAGGACTCCAGAGCTGACT,0,16876
TSS_1414_storz_regulondb,0.08333333333333333,11,11,AAAGCGAGCCTTAGTCGTCT,0,73846
TSS_1414_storz_regulondb,0.08333333333333333,11,11,AAACTACTCACGGAAGGGTT,0,6380
TSS_1414_storz_regulondb,0.08333333333333333,11,11,AAACTAAGAGGTAGAAGCCT,0,48609
TSS_1414_storz_regulondb,0.08333333333333333,11,11,AAAATTCTGTCCTCCGCGGG,0,17659
TSS_1414_storz_regulondb,0.08333333333333333,11,11,AAAATGTCGGCGTTTGCTAT,0,6383
TSS_1414_storz_regulondb,0.09090909090909091,10,10,TTTTGCGAACAGCATCTGTC,0,65468
TSS_1414_storz_regulondb,0.09090909090909091,10,10,TTTTGATAAGCATCGGTGGT,0,49037
TSS_1414_storz_regulondb,0.09090909090909091,10,10,TTTGTTCGGTACAGAAAGAT,0,45798
TSS_1414_storz_regulondb,0.09090909090909091,10,10,TTTGGGGACGTTTAATTGAC,0,891
TSS_1414_storz_regulondb,0.09090909090909091,10,10,TTTCTCACGATGCCGCCTGA,0,78038
TSS_1414_storz_regulondb,0.09090909090909091,10,10,TTTCGCCGAGCAACTAGATG,0,57956
TSS_1414_storz_regulondb,0.09090909090909091,10,10,TTTCATTCACAGCCGTAAAT,0,37350
TSS_1414_storz_regulondb,0.09090909090909091,10,10,TTTCAAAGTGAGGCCTACGT,0,76338
TSS_1414_storz_regulondb,0.09090909090909091,10,10,TTTATTCCGAATGCCTGGGT,0,10854
TSS_1414_storz_regulondb,0.09090909090909091,10,10,TTTATACAACACCCAGCTGA,0,59458
TSS_1414_storz_regulondb,0.09090909090909091,10,10,TTTAGGCATCAAACAACTGG,0,49588
TSS_1414_storz_regulondb,0.09090909090909091,10,10,TTTACCATCACGGTTGAGAA,0,70743
TSS_1414_storz_regulondb,0.09090909090909091,10,10,TTTACAGGAAGGTGATCGTT,0,10128
TSS_1414_storz_regulondb,0.09090909090909091,10,10,TTTAAGTTGAAGTACGTGCA,0,53579
TSS_1414_storz_regulondb,0.09090909090909091,10,10,TTTAACTTGGCTTGCGACAT,0,50042
TSS_1414_storz_regulondb,0.09090909090909091,10,10,TTGTGACCAGGTCTCCAGAC,0,51373
TSS_1414_storz_regulondb,0.09090909090909091,10,10,TTGGTTCAATTGCCCGTAAG,0,8772
TSS_1414_storz_regulondb,0.09090909090909091,10,10,TTGGTAGAGGGGCACACAAT,0,3566
TSS_1414_storz_regulondb,0.09090909090909091,10,10,TTGGGGATAGTAGGTTAGGC,0,41542
TSS_1414_storz_regulondb,0.09090909090909091,10,10,TTGGGCGTCGTTAAAGTCCA,0,3944
TSS_1414_storz_regulondb,0.09090909090909091,10,10,TTGGCCATTTGGGCACATCA,0,76887
TSS_1414_storz_regulondb,0.09090909090909091,10,10,TTGGAGTGAGATTAGTGATG,0,62805
TSS_1414_storz_regulondb,0.09090909090909091,10,10,TTGCTTAAGGCGTACGATCA,0,59209
TSS_1414_storz_regulondb,0.09090909090909091,10,10,TTGCTAAGGTAGAGGCGTAG,0,64339
TSS_1414_storz_regulondb,0.09090909090909091,10,10,TTGCATGATAGAGTGGTGAG,0,53158
TSS_1414_storz_regulondb,0.09090909090909091,10,10,TTGACGATTTTCGTTAGTTG,0,65108
TSS_1414_storz_regulondb,0.09090909090909091,10,10,TTGACATCTTTTTTGCATCA,0,78496
TSS_1414_storz_regulondb,0.09090909090909091,10,10,TTGAACAACGCTAACGAAAT,0,49893
TSS_1414_storz_regulondb,0.09090909090909091,10,10,TTCTTATGGGACCGGGCAAG,0,69220
TSS_1414_storz_regulondb,0.09090909090909091,10,10,TTCTCCGCGTATGTGGTTCT,0,64705
TSS_1414_storz_regulondb,0.09090909090909091,10,10,TTCGTTTGCCGGGGCATGCT,0,51724
TSS_1414_storz_regulondb,0.09090909090909091,10,10,TTCGTGCTCGCCGATGTTGC,0,16445
TSS_1414_storz_regulondb,0.09090909090909091,10,10,TTCGGCACCAACATCGTTGC,0,57792
TSS_1414_storz_regulondb,0.09090909090909091,10,10,TTCGCTTGGCCATTGTGTCG,0,21790
TSS_1414_storz_regulondb,0.09090909090909091,10,10,TTCGCGACTCAAGCGCACGA,0,6617
TSS_1414_storz_regulondb,0.09090909090909091,10,10,TTCGAGCGGCAATCCTCCTG,0,56594
TSS_1414_storz_regulondb,0.09090909090909091,10,10,TTCCATGACTATTCGCATAC,0,41193
TSS_1414_storz_regulondb,0.09090909090909091,10,10,TTCAATCTACCTTATTTCGC,0,67048
TSS_1414_storz_regulondb,0.09090909090909091,10,10,TTCAATAGAGACTGGCAAAT,0,73190
TSS_1414_storz_regulondb,0.09090909090909091,10,10,TTCAAGAGGGGTTTGGAGGC,0,53245
TSS_1414_storz_regulondb,0.09090909090909091,10,10,TTATGGCGGGCGTCCTACCA,0,61034
TSS_1414_storz_regulondb,0.09090909090909091,10,10,TTATGCTGTAGAGACGGAAC,0,25142
TSS_1414_storz_regulondb,0.09090909090909091,10,10,TTATATTTCAGCAACAAAAT,0,68483
TSS_1414_storz_regulondb,0.09090909090909091,10,10,TTATACGGTTAAATTTCTGA,0,44610
TSS_1414_storz_regulondb,0.09090909090909091,10,10,TTAGCGTAGAACCCGCGTTT,0,38011
TSS_1414_storz_regulondb,0.09090909090909091,10,10,TTAGATTCACCTCCTCTTCT,0,26061
TSS_1414_storz_regulondb,0.09090909090909091,10,10,TTACGGCGCTGAAGGACGAA,0,15740
TSS_1414_storz_regulondb,0.09090909090909091,10,10,TTACGCTCTCCCTCCAGGGT,0,1080
TSS_1414_storz_regulondb,0.09090909090909091,10,10,TTAAGGCCGCGATTTGGTAT,0,20993
TSS_1414_storz_regulondb,0.09090909090909091,10,10,TGTTTGTTACAATTAAGCCC,0,43673
TSS_1414_storz_regulondb,0.09090909090909091,10,10,TGTTTAGCTTCCCTAAAGCA,0,2377
TSS_1414_storz_regulondb,0.09090909090909091,10,10,TGTTATAATGTTCGCCGGAG,0,20847
TSS_1414_storz_regulondb,0.09090909090909091,10,10,TGTTAGCCGGTTTACGATTG,0,37063
TSS_1414_storz_regulondb,0.09090909090909091,10,10,TGTGGGTTGCACTCCTCCAG,0,76955
TSS_1414_storz_regulondb,0.09090909090909091,10,10,TGTGACCCTCCAATGGCACA,0,48991
TSS_1414_storz_regulondb,0.09090909090909091,10,10,TGTCGCCCACTCTGGTCCTT,0,27847
TSS_1414_storz_regulondb,0.09090909090909091,10,10,TGTCCAAGAAGCGCCGCACG,0,56949
TSS_1414_storz_regulondb,0.09090909090909091,10,10,TGTCAGTATATCAGCGCAAA,0,11136
TSS_1414_storz_regulondb,0.09090909090909091,10,10,TGTAGAGATTTCACTAGAAA,0,3510
TSS_1414_storz_regulondb,0.09090909090909091,10,10,TGTAAGTTTAATAATCTGGA,0,2976
TSS_1414_storz_regulondb,0.09090909090909091,10,10,TGTAAACGCTGTGTTCAAAT,0,79809
TSS_1414_storz_regulondb,0.09090909090909091,10,10,TGGTCTTCTGCGCATTACTG,0,56528
TSS_1414_storz_regulondb,0.09090909090909091,10,10,TGGTCGAAAGAATCCAAATG,0,17547
TSS_1414_storz_regulondb,0.09090909090909091,10,10,TGGGACCGTCGGACTTTTGA,0,64720
TSS_1414_storz_regulondb,0.09090909090909091,10,10,TGGCGAACTATCATTAGCTG,0,33124
TSS_1414_storz_regulondb,0.09090909090909091,10,10,TGGAGTCGTGGGGTCATTAT,0,23341
TSS_1414_storz_regulondb,0.09090909090909091,10,10,TGGAGAATACTAATCGTAAA,0,73737
TSS_1414_storz_regulondb,0.09090909090909091,10,10,TGGAAACAAAAACCGATTCG,0,1277
TSS_1414_storz_regulondb,0.09090909090909091,10,10,TGCTTTTCGGCGATTCGGCT,0,24291
TSS_1414_storz_regulondb,0.09090909090909091,10,10,TGCTCGAGAGCTACAAGACT,0,65706
TSS_1414_storz_regulondb,0.09090909090909091,10,10,TGCTAATGGTTAATGCTTTT,0,20876
TSS_1414_storz_regulondb,0.09090909090909091,10,10,TGCCATGGGTGTCCGATTCA,0,11436
TSS_1414_storz_regulondb,0.09090909090909091,10,10,TGCAGTCGCTCCCGAGCCAC,0,70673
TSS_1414_storz_regulondb,0.09090909090909091,10,10,TGCACGAAAGCACCAGTCTC,0,19359
TSS_1414_storz_regulondb,0.09090909090909091,10,10,TGCACACGTTTTTTGTAGGG,0,61103
TSS_1414_storz_regulondb,0.09090909090909091,10,10,TGATTCGAAGTTAGTGAAAA,0,24668
TSS_1414_storz_regulondb,0.09090909090909091,10,10,TGATCGAAAATTCATTTCGA,0,37403
TSS_1414_storz_regulondb,0.09090909090909091,10,10,TGAGCACGCACCATTCCCCC,0,78773
TSS_1414_storz_regulondb,0.09090909090909091,10,10,TGACTCGTCCGCGGCAAGCT,0,16472
TSS_1414_storz_regulondb,0.09090909090909091,10,10,TGACGGAGCCGACTCAGAAG,0,72963
TSS_1414_storz_regulondb,0.09090909090909091,10,10,TGACGAGTGCACTTGCGATA,0,68274
TSS_1414_storz_regulondb,0.09090909090909091,10,10,TGAAGCAGCGGAGGGGGTCA,0,4373
TSS_1414_storz_regulondb,0.09090909090909091,10,10,TGAAATCGGCTACGGCGGAC,0,27050
TSS_1414_storz_regulondb,0.09090909090909091,10,10,TCTTTGTTTGTAAAGCTTAC,0,48608
TSS_1414_storz_regulondb,0.09090909090909091,10,10,TCTTTAGGGCGCCAAAGTAC,0,8534
TSS_1414_storz_regulondb,0.09090909090909091,10,10,TCTGGTTCTAGGAGACTAAC,0,23306
TSS_1414_storz_regulondb,0.09090909090909091,10,10,TCTGGTCCTTTTATAAGGCA,0,22418
TSS_1414_storz_regulondb,0.09090909090909091,10,10,TCTCTGAACGCGGGGTGAGG,0,74651
TSS_1414_storz_regulondb,0.09090909090909091,10,10,TCTCCTCATGACGTCACGTG,0,49928
TSS_1414_storz_regulondb,0.09090909090909091,10,10,TCTCCATAGCGCATACGGCC,0,73131
TSS_1414_storz_regulondb,0.09090909090909091,10,10,TCGTCTGCCGGCGGGTGTAC,0,36105
TSS_1414_storz_regulondb,0.09090909090909091,10,10,TCGGGTAAGAAGATAACATG,0,2304
TSS_1414_storz_regulondb,0.09090909090909091,10,10,TCGGCTAGATGGCCGTATTA,0,9290
TSS_1414_storz_regulondb,0.09090909090909091,10,10,TCGCATATCGGGATCCAGCT,0,32369
TSS_1414_storz_regulondb,0.09090909090909091,10,10,TCGATCTGTTCGTAAAGTAG,0,57600
TSS_1414_storz_regulondb,0.09090909090909091,10,10,TCGAGTGAATCTGAGGGCTG,0,46797
TSS_1414_storz_regulondb,0.09090909090909091,10,10,TCGAATGCTCTCGAGATCGC,0,29728
TSS_1414_storz_regulondb,0.09090909090909091,10,10,TCCTTTGGCGTGCTATCTAT,0,52333
TSS_1414_storz_regulondb,0.09090909090909091,10,10,TCCTGCCCTCGAGGGTAGTT,0,15321
TSS_1414_storz_regulondb,0.09090909090909091,10,10,TCCTATCTCCAAAGAACATG,0,34280
TSS_1414_storz_regulondb,0.09090909090909091,10,10,TCCGCCAATTGTCATTCACA,0,20887
TSS_1414_storz_regulondb,0.09090909090909091,10,10,TCCGATCTAGATTTGAAAAC,0,31375
TSS_1414_storz_regulondb,0.09090909090909091,10,10,TCCGACAAAGCGATCTTGCA,0,50927
TSS_1414_storz_regulondb,0.09090909090909091,10,10,TCCCAAGGGATAACTCCGGT,0,67784
TSS_1414_storz_regulondb,0.09090909090909091,10,10,TCCATGGCTGTTCCCTACGG,0,27578
TSS_1414_storz_regulondb,0.09090909090909091,10,10,TCCATCTTAAGATTGACAGT,0,70611
TSS_1414_storz_regulondb,0.09090909090909091,10,10,TCCAGTCAGCGTAGTTCCAT,0,79006
TSS_1414_storz_regulondb,0.09090909090909091,10,10,TCCAGCGGCGTAACAACTTC,0,51856
TSS_1414_storz_regulondb,0.09090909090909091,10,10,TCCAGCAATAGCCTTGCCAC,0,47697
TSS_1414_storz_regulondb,0.09090909090909091,10,10,TCCACGGCTGCTATCCAGAT,0,31206
TSS_1414_storz_regulondb,0.09090909090909091,10,10,TCCAACAAGTATATTTTGTC,0,77680
TSS_1414_storz_regulondb,0.09090909090909091,10,10,TCATTATCCGCTTTTGAATC,0,26542
TSS_1414_storz_regulondb,0.09090909090909091,10,10,TCATGAGCATTACCTGCACA,0,4921
TSS_1414_storz_regulondb,0.09090909090909091,10,10,TCATATATAGGCAGCGGTAA,0,1120
TSS_1414_storz_regulondb,0.09090909090909091,10,10,TCAGATCATACCCGGCTCCC,0,65848
TSS_1414_storz_regulondb,0.09090909090909091,10,10,TCAGAAAGGCAGGAGATCTG,0,5204
TSS_1414_storz_regulondb,0.09090909090909091,10,10,TCACGTAAGCCTCCGTCGCA,0,2180
TSS_1414_storz_regulondb,0.09090909090909091,10,10,TCACGGACATCGCTTAGGAT,0,61692
TSS_1414_storz_regulondb,0.09090909090909091,10,10,TCACCGCTATTCTTAGTTGC,0,73394
TSS_1414_storz_regulondb,0.09090909090909091,10,10,TCAAGTTCTCATAAGGTCTA,0,48724
TSS_1414_storz_regulondb,0.09090909090909091,10,10,TCAAAGAGGTTATCCCGCTC,0,35499
TSS_1414_storz_regulondb,0.09090909090909091,10,10,TATTGGGATAATGTTCAAAG,0,28469
TSS_1414_storz_regulondb,0.09090909090909091,10,10,TATTACTCGACAAATTGATG,0,66553
TSS_1414_storz_regulondb,0.09090909090909091,10,10,TATGTTCTCTTTAGGAAAGT,0,29131
TSS_1414_storz_regulondb,0.09090909090909091,10,10,TATGGGGTGGTCACAGTCTC,0,55658
TSS_1414_storz_regulondb,0.09090909090909091,10,10,TATGCTATATATACTCGAGG,0,26854
TSS_1414_storz_regulondb,0.09090909090909091,10,10,TATGCTAATCGAACTTCCAA,0,15396
TSS_1414_storz_regulondb,0.09090909090909091,10,10,TATGATGCGGCACACCACGT,0,52515
TSS_1414_storz_regulondb,0.09090909090909091,10,10,TATGATAGACACACGCGGTT,0,72615
TSS_1414_storz_regulondb,0.09090909090909091,10,10,TATATCCTCATGCTTAATCT,0,69056
TSS_1414_storz_regulondb,0.09090909090909091,10,10,TATAGGAAACTGGGTCCCGT,0,20239
TSS_1414_storz_regulondb,0.09090909090909091,10,10,TATACATAATTTGAGCTCTC,0,77645
TSS_1414_storz_regulondb,0.09090909090909091,10,10,TAGGTGGTTTGCTACTGGCG,0,4567
TSS_1414_storz_regulondb,0.09090909090909091,10,10,TAGGTAGGTCAGAGTTTACT,0,51311
TSS_1414_storz_regulondb,0.09090909090909091,10,10,TAGGTAATGAAGGTTCGCCT,0,79904
TSS_1414_storz_regulondb,0.09090909090909091,10,10,TAGGCCTCATGCTGTTGGAG,0,22383
TSS_1414_storz_regulondb,0.09090909090909091,10,10,TAGGAACGATGGCGTCCGTC,0,38395
TSS_1414_storz_regulondb,0.09090909090909091,10,10,TAGCTTGTAATCTCAAGTTT,0,30135
TSS_1414_storz_regulondb,0.09090909090909091,10,10,TAGCCCTGGGAAGTCACTGA,0,54135
TSS_1414_storz_regulondb,0.09090909090909091,10,10,TAGCATGCTTTGCTGTTAGA,0,28259
TSS_1414_storz_regulondb,0.09090909090909091,10,10,TAGATTCGACGCTCGTGCCG,0,22014
TSS_1414_storz_regulondb,0.09090909090909091,10,10,TAGAAAGACGAGATCTAGAG,0,70270
TSS_1414_storz_regulondb,0.09090909090909091,10,10,TACTGAAACTGTGCACAATG,0,67395
TSS_1414_storz_regulondb,0.09090909090909091,10,10,TACATTCGACCTTCCACCGT,0,5999
TSS_1414_storz_regulondb,0.09090909090909091,10,10,TACAACACGAGAACTTAAAG,0,78912
TSS_1414_storz_regulondb,0.09090909090909091,10,10,TAAGTCGGTGTCATCCAGGT,0,23241
TSS_1414_storz_regulondb,0.09090909090909091,10,10,TAAGAGTTTGCAATGGCTTA,0,27231
TSS_1414_storz_regulondb,0.09090909090909091,10,10,TAAGAGGGAATATGCGCTGG,0,58352
TSS_1414_storz_regulondb,0.09090909090909091,10,10,TAACCGATTCGCTCGGTTAT,0,65088
TSS_1414_storz_regulondb,0.09090909090909091,10,10,TAACAACGGCCTTTGTCAGT,0,61425
TSS_1414_storz_regulondb,0.09090909090909091,10,10,TAAACGCTGGCTTGTCAACA,0,60595
TSS_1414_storz_regulondb,0.09090909090909091,10,10,GTTGGGAGAGTTACTGCTTG,0,55228
TSS_1414_storz_regulondb,0.09090909090909091,10,10,GTTGGAAAGAAAAGACGGGA,0,46547
TSS_1414_storz_regulondb,0.09090909090909091,10,10,GTTCTGATCATACTGACGAC,0,31636
TSS_1414_storz_regulondb,0.09090909090909091,10,10,GTTCTAGAGATCTTGCACTT,0,26103
TSS_1414_storz_regulondb,0.09090909090909091,10,10,GTTCGCGGCGTACCAAGAAT,0,15338
TSS_1414_storz_regulondb,0.09090909090909091,10,10,GTTCATTTCTAAAATCGTAT,0,48491
TSS_1414_storz_regulondb,0.09090909090909091,10,10,GTTCAATTGATATCGCATCA,0,29530
TSS_1414_storz_regulondb,0.09090909090909091,10,10,GTTATTTAAATTGGAGAGGG,0,34538
TSS_1414_storz_regulondb,0.09090909090909091,10,10,GTGTTTAGGTTTACCAAAGC,0,47887
TSS_1414_storz_regulondb,0.09090909090909091,10,10,GTGTAGCGGGAAACTTTTCC,0,63497
TSS_1414_storz_regulondb,0.09090909090909091,10,10,GTGTAAGATGCCCGTCAGTG,0,28523
TSS_1414_storz_regulondb,0.09090909090909091,10,10,GTGGACGATAGTCGATTAAT,0,7021
TSS_1414_storz_regulondb,0.09090909090909091,10,10,GTGCTGTTAGCTGCACTAAA,0,66959
TSS_1414_storz_regulondb,0.09090909090909091,10,10,GTGCGGCGACGTAGTGTGCA,0,27001
TSS_1414_storz_regulondb,0.09090909090909091,10,10,GTGCAGCTACCACCATTGGC,0,35057
TSS_1414_storz_regulondb,0.09090909090909091,10,10,GTGCAGCAACGGACATGTCC,0,25251
TSS_1414_storz_regulondb,0.09090909090909091,10,10,GTGAGAGGCAAAGTGTGAAA,0,67438
TSS_1414_storz_regulondb,0.09090909090909091,10,10,GTCTCAAGCGTCGAACCGGT,0,75727
TSS_1414_storz_regulondb,0.09090909090909091,10,10,GTCGTCTGACCTTTAGTGTC,0,39623
TSS_1414_storz_regulondb,0.09090909090909091,10,10,GTCGATGTCGGAATAGGGAT,0,21010
TSS_1414_storz_regulondb,0.09090909090909091,10,10,GTCGAGATTGGCTCATTGTA,0,62341
TSS_1414_storz_regulondb,0.09090909090909091,10,10,GTCGAAGGCCTTCGAACCCT,0,53673
TSS_1414_storz_regulondb,0.09090909090909091,10,10,GTCCGCCCTTCGATTTGCAA,0,39390
TSS_1414_storz_regulondb,0.09090909090909091,10,10,GTCACCCAGGTCCCTGGCAT,0,38735
TSS_1414_storz_regulondb,0.09090909090909091,10,10,GTCACATCTTTCAATGAACG,0,20682
TSS_1414_storz_regulondb,0.09090909090909091,10,10,GTCAAGTGGCGGCTGCGATA,0,30930
TSS_1414_storz_regulondb,0.09090909090909091,10,10,GTATGCCTCGCGCGGCACAT,0,36296
TSS_1414_storz_regulondb,0.09090909090909091,10,10,GTATCCGTCAGTGTGCATCC,0,16897
TSS_1414_storz_regulondb,0.09090909090909091,10,10,GTATACGTGGGCTACGTTTT,0,24705
TSS_1414_storz_regulondb,0.09090909090909091,10,10,GTACTACATAATAGGTGTCT,0,60930
TSS_1414_storz_regulondb,0.09090909090909091,10,10,GTACGGACTGCGAAATCACG,0,25659
TSS_1414_storz_regulondb,0.09090909090909091,10,10,GTAAAAGAGGGTCTCGGAAG,0,3758
TSS_1414_storz_regulondb,0.09090909090909091,10,10,GGTGTTTAGCGTTATTAATC,0,58887
TSS_1414_storz_regulondb,0.09090909090909091,10,10,GGTGTGTTACTTGTTTATAA,0,37427
TSS_1414_storz_regulondb,0.09090909090909091,10,10,GGTGTATGGGAGGTTTGCCT,0,48655
TSS_1414_storz_regulondb,0.09090909090909091,10,10,GGTGATGCTCGGTGAATCGT,0,28286
TSS_1414_storz_regulondb,0.09090909090909091,10,10,GGTGAGGGCTGACTTCGATA,0,76192
TSS_1414_storz_regulondb,0.09090909090909091,10,10,GGTCTCCTCTAGACCGGTTC,0,8180
TSS_1414_storz_regulondb,0.09090909090909091,10,10,GGTCCATCTACAATCACGGG,0,42213
TSS_1414_storz_regulondb,0.09090909090909091,10,10,GGTCCAACGCCGAGTATTAT,0,17714
TSS_1414_storz_regulondb,0.09090909090909091,10,10,GGTATTTAGGCCAGACGTGG,0,45742
TSS_1414_storz_regulondb,0.09090909090909091,10,10,GGTATTCCTTGCGGCAAGAA,0,55435
TSS_1414_storz_regulondb,0.09090909090909091,10,10,GGTAGCTTGGGTTAGCTCAC,0,6819
TSS_1414_storz_regulondb,0.09090909090909091,10,10,GGTAGCAGCCTTCGCTACGC,0,51183
TSS_1414_storz_regulondb,0.09090909090909091,10,10,GGTACTGGGACGTATATGAG,0,2910
TSS_1414_storz_regulondb,0.09090909090909091,10,10,GGTACCATAGAGACCGGGTC,0,54876
TSS_1414_storz_regulondb,0.09090909090909091,10,10,GGTAATCAAGCGCTATTATA,0,30385
TSS_1414_storz_regulondb,0.09090909090909091,10,10,GGTAAATCTGAGGTCGTGTA,0,64539
TSS_1414_storz_regulondb,0.09090909090909091,10,10,GGTAAAACGCCTCACGCAGC,0,23998
TSS_1414_storz_regulondb,0.09090909090909091,10,10,GGGTGGCTTGCTATTACTCA,0,67943
TSS_1414_storz_regulondb,0.09090909090909091,10,10,GGGTAAGAGTCCCTCCCGTT,0,30694
TSS_1414_storz_regulondb,0.09090909090909091,10,10,GGGGAGGGGATTTGCGGCGT,0,16849
TSS_1414_storz_regulondb,0.09090909090909091,10,10,GGGCTTTATTTCGTACTCAT,0,70138
TSS_1414_storz_regulondb,0.09090909090909091,10,10,GGGCTTGGTCTGATCACTCG,0,53361
TSS_1414_storz_regulondb,0.09090909090909091,10,10,GGGCTCGAAGATCGGCCCTG,0,73371
TSS_1414_storz_regulondb,0.09090909090909091,10,10,GGGACCGCCGTGTAGTATTT,0,72480
TSS_1414_storz_regulondb,0.09090909090909091,10,10,GGCTCATGATCGTGTCAGGA,0,38700
TSS_1414_storz_regulondb,0.09090909090909091,10,10,GGCTCAACGTAGATTTTGTA,0,17713
TSS_1414_storz_regulondb,0.09090909090909091,10,10,GGCGGTTATGCTCCGGCAGT,0,32679
TSS_1414_storz_regulondb,0.09090909090909091,10,10,GGCGCGGGATCTCATACATT,0,78592
TSS_1414_storz_regulondb,0.09090909090909091,10,10,GGCGACCGGCATACTGATCC,0,72235
TSS_1414_storz_regulondb,0.09090909090909091,10,10,GGCGACCACAGTTCTGCATC,0,15417
TSS_1414_storz_regulondb,0.09090909090909091,10,10,GGCCGGGTGTTGTCCGTATC,0,67597
TSS_1414_storz_regulondb,0.09090909090909091,10,10,GGCCCGAGCGAAACAAACAT,0,43967
TSS_1414_storz_regulondb,0.09090909090909091,10,10,GGCATTGTGGCATTCTCTTG,0,46290
TSS_1414_storz_regulondb,0.09090909090909091,10,10,GGCATTAGAATAGTGTCCGC,0,13316
TSS_1414_storz_regulondb,0.09090909090909091,10,10,GGCATAACGAGAGTCTATTC,0,55203
TSS_1414_storz_regulondb,0.09090909090909091,10,10,GGCACCCCCGGGGAACGGTA,0,15846
TSS_1414_storz_regulondb,0.09090909090909091,10,10,GGCAAGCGGATTTCGACACA,0,37906
TSS_1414_storz_regulondb,0.09090909090909091,10,10,GGAGTCCTTGGGGCTTTTAG,0,20493
TSS_1414_storz_regulondb,0.09090909090909091,10,10,GGAGTATCCCCCTATAGTAT,0,67449
TSS_1414_storz_regulondb,0.09090909090909091,10,10,GGAGGTTCGTACACAGAGTT,0,18306
TSS_1414_storz_regulondb,0.09090909090909091,10,10,GGAGGGGCACGCTACGCACA,0,40300
TSS_1414_storz_regulondb,0.09090909090909091,10,10,GGAGAAGGGTATTAAGGCCA,0,69521
TSS_1414_storz_regulondb,0.09090909090909091,10,10,GGACTGTCGGGCGGACATGT,0,60667
TSS_1414_storz_regulondb,0.09090909090909091,10,10,GGACTGCTCGCGAGTATCGA,0,67383
TSS_1414_storz_regulondb,0.09090909090909091,10,10,GGAATGCTATGGTATCTACA,0,59769
TSS_1414_storz_regulondb,0.09090909090909091,10,10,GGAAGCCGGCGGGTATCCAG,0,42884
TSS_1414_storz_regulondb,0.09090909090909091,10,10,GGAACGGATGATACACCGGG,0,36841
TSS_1414_storz_regulondb,0.09090909090909091,10,10,GGAACAGCACATCCCTCGAA,0,39729
TSS_1414_storz_regulondb,0.09090909090909091,10,10,GCTTCAGGCATGGGGTAGAA,0,79544
TSS_1414_storz_regulondb,0.09090909090909091,10,10,GCTTATCCGAACTGGAGTAC,0,64775
TSS_1414_storz_regulondb,0.09090909090909091,10,10,GCTGCTGATCGCCTCACTAT,0,54963
TSS_1414_storz_regulondb,0.09090909090909091,10,10,GCTGCTATTATTTCGGTTTA,0,42085
TSS_1414_storz_regulondb,0.09090909090909091,10,10,GCTGAAAACATATCTGGCGT,0,25706
TSS_1414_storz_regulondb,0.09090909090909091,10,10,GCTCAATATGTAAAGATTTC,0,9295
TSS_1414_storz_regulondb,0.09090909090909091,10,10,GCGTATTAGAAAGGTGATAA,0,18781
TSS_1414_storz_regulondb,0.09090909090909091,10,10,GCGTACGTTTGGCAAATTGT,0,30027
TSS_1414_storz_regulondb,0.09090909090909091,10,10,GCGTACGACCTTGTGGATCG,0,14162
TSS_1414_storz_regulondb,0.09090909090909091,10,10,GCGTAACGTTGTTCGCCACA,0,78929
TSS_1414_storz_regulondb,0.09090909090909091,10,10,GCGGACAAGAAACCGAGAGT,0,20214
TSS_1414_storz_regulondb,0.09090909090909091,10,10,GCGCTGACTGCTTTGATTGT,0,46313
TSS_1414_storz_regulondb,0.09090909090909091,10,10,GCGCCTATCACCGGAGACTG,0,17878
TSS_1414_storz_regulondb,0.09090909090909091,10,10,GCGCAACAGACGCAGAAGAG,0,19556
TSS_1414_storz_regulondb,0.09090909090909091,10,10,GCGATCCGAGCGAAGCGCAG,0,69556
TSS_1414_storz_regulondb,0.09090909090909091,10,10,GCGAGAGTCGTTAACAGTTT,0,40409
TSS_1414_storz_regulondb,0.09090909090909091,10,10,GCGACTTTGTCTGATGAAGG,0,888
TSS_1414_storz_regulondb,0.09090909090909091,10,10,GCGAATGGATCTCAAGTGGA,0,40020
TSS_1414_storz_regulondb,0.09090909090909091,10,10,GCCTCGTGAGGGGTATTAAT,0,22986
TSS_1414_storz_regulondb,0.09090909090909091,10,10,GCCTCGCAGAACCATTTAGG,0,27232
TSS_1414_storz_regulondb,0.09090909090909091,10,10,GCCGACACACCACACTAGCT,0,52619
TSS_1414_storz_regulondb,0.09090909090909091,10,10,GCCCGCGTAAGCGGGTTTAC,0,25954
TSS_1414_storz_regulondb,0.09090909090909091,10,10,GCCCCGTGAAGGTACTCAAC,0,51728
TSS_1414_storz_regulondb,0.09090909090909091,10,10,GCCCAGTGGCGCACAATTGA,0,464
TSS_1414_storz_regulondb,0.09090909090909091,10,10,GCCAGCCGGTGCGCTTTCGT,0,17271
TSS_1414_storz_regulondb,0.09090909090909091,10,10,GCATTGGATGGTCAAGCTTC,0,24114
TSS_1414_storz_regulondb,0.09090909090909091,10,10,GCATGCTCTAGGCGTTTGGT,0,19381
TSS_1414_storz_regulondb,0.09090909090909091,10,10,GCAGGCCGTGGTAGAGGCGA,0,55718
TSS_1414_storz_regulondb,0.09090909090909091,10,10,GCAATGGTAATTTTTTTCCA,0,55560
TSS_1414_storz_regulondb,0.09090909090909091,10,10,GCAATCGCGTGGCTCATGAG,0,44603
TSS_1414_storz_regulondb,0.09090909090909091,10,10,GCAAGGTTAAACGAGACTGT,0,10747
TSS_1414_storz_regulondb,0.09090909090909091,10,10,GCAAGGTACGCTCCGCGTCG,0,19658
TSS_1414_storz_regulondb,0.09090909090909091,10,10,GCAAACAGTGGTATTGGAAT,0,46834
TSS_1414_storz_regulondb,0.09090909090909091,10,10,GATTGAACTTGCTCTCCCAA,0,67076
TSS_1414_storz_regulondb,0.09090909090909091,10,10,GATTCGTTCTCGTAATGTCT,0,50889
TSS_1414_storz_regulondb,0.09090909090909091,10,10,GATTCCCTCAGGCATAGGAT,0,4057
TSS_1414_storz_regulondb,0.09090909090909091,10,10,GATTCACTTTTAGGTTTGAT,0,17964
TSS_1414_storz_regulondb,0.09090909090909091,10,10,GATGGTAGCTCGGATGGTAC,0,20871
TSS_1414_storz_regulondb,0.09090909090909091,10,10,GATGACGACGCAATTATCAT,0,8356
TSS_1414_storz_regulondb,0.09090909090909091,10,10,GATAGTAGACCGAGTAATCC,0,13945
TSS_1414_storz_regulondb,0.09090909090909091,10,10,GATACTGTAATAGCCGCAAG,0,67952
TSS_1414_storz_regulondb,0.09090909090909091,10,10,GATACTCCATGCGACGTAAG,0,57635
TSS_1414_storz_regulondb,0.09090909090909091,10,10,GATAAGCCCGCTGACGGGGA,0,68878
TSS_1414_storz_regulondb,0.09090909090909091,10,10,GAGTGGTTATACAGTGGCTT,0,78286
TSS_1414_storz_regulondb,0.09090909090909091,10,10,GAGTGGCCCGCTATCATCTT,0,60036
TSS_1414_storz_regulondb,0.09090909090909091,10,10,GAGGTAGTATGCATTGTAGT,0,60851
TSS_1414_storz_regulondb,0.09090909090909091,10,10,GAGGCTCACGATGAAGTAGG,0,63927
TSS_1414_storz_regulondb,0.09090909090909091,10,10,GAGGACTTTGGGGGTAAGTA,0,70821
TSS_1414_storz_regulondb,0.09090909090909091,10,10,GAGCCCGACTGTACATGGGT,0,15331
TSS_1414_storz_regulondb,0.09090909090909091,10,10,GAGCAGCGGACTCTGCGTGT,0,54528
TSS_1414_storz_regulondb,0.09090909090909091,10,10,GAGCACACGAGGCCCGTGGC,0,4905
TSS_1414_storz_regulondb,0.09090909090909091,10,10,GAGAATTAAAACGGTGTTCC,0,21022
TSS_1414_storz_regulondb,0.09090909090909091,10,10,GACTTTAGGGAGTACCAGGT,0,69042
TSS_1414_storz_regulondb,0.09090909090909091,10,10,GACTCCGGGCACGGCGATCG,0,5846
TSS_1414_storz_regulondb,0.09090909090909091,10,10,GACGTACCATGTTAGCGACT,0,70171
TSS_1414_storz_regulondb,0.09090909090909091,10,10,GACGGCCGTACTCTGGTCGC,0,76393
TSS_1414_storz_regulondb,0.09090909090909091,10,10,GACGATTAGTCACGATAAGG,0,48382
TSS_1414_storz_regulondb,0.09090909090909091,10,10,GACCTTTGTGCCGCGTCTGC,0,69732
TSS_1414_storz_regulondb,0.09090909090909091,10,10,GACCGGATAAGTCCACAACA,0,24104
TSS_1414_storz_regulondb,0.09090909090909091,10,10,GACCCAGGGAGTCATAACTA,0,851
TSS_1414_storz_regulondb,0.09090909090909091,10,10,GACCCACAATCGCTATGTGT,0,26078
TSS_1414_storz_regulondb,0.09090909090909091,10,10,GACAGTTCGCCGTGGCGCCT,0,44325
TSS_1414_storz_regulondb,0.09090909090909091,10,10,GACAATAAGAAATTAGTGCT,0,34316
TSS_1414_storz_regulondb,0.09090909090909091,10,10,GAATGAATCGAGAGCGGGGT,0,36068
TSS_1414_storz_regulondb,0.09090909090909091,10,10,GAACTGTCAACCGTTAAGAG,0,57410
TSS_1414_storz_regulondb,0.09090909090909091,10,10,GAACGCATGTAATCTGCCAT,0,21821
TSS_1414_storz_regulondb,0.09090909090909091,10,10,GAACCAAATTTTCTGAATAT,0,78726
TSS_1414_storz_regulondb,0.09090909090909091,10,10,GAACACCAATAGGAGTTAAA,0,78973
TSS_1414_storz_regulondb,0.09090909090909091,10,10,GAAATTCTGAGCATGCATCA,0,63228
TSS_1414_storz_regulondb,0.09090909090909091,10,10,GAAATGCTCGAGAGCTGCAT,0,41377
TSS_1414_storz_regulondb,0.09090909090909091,10,10,CTTTCAGTGGTTCCGTCCAC,0,6173
TSS_1414_storz_regulondb,0.09090909090909091,10,10,CTTTCACCATCGTGCAGTAA,0,37970
TSS_1414_storz_regulondb,0.09090909090909091,10,10,CTTTAGAGGCTGACCATGGA,0,68377
TSS_1414_storz_regulondb,0.09090909090909091,10,10,CTTTAATAAATGTCGGTGCT,0,14584
TSS_1414_storz_regulondb,0.09090909090909091,10,10,CTTGTCGTAGTTGACGTTAC,0,42825
TSS_1414_storz_regulondb,0.09090909090909091,10,10,CTTGTCAGTGAGCCCGTTGT,0,68077
TSS_1414_storz_regulondb,0.09090909090909091,10,10,CTTGCAGAGTGTTCACCAGT,0,22846
TSS_1414_storz_regulondb,0.09090909090909091,10,10,CTTCGCCCGGACAGTCTGTC,0,32706
TSS_1414_storz_regulondb,0.09090909090909091,10,10,CTTAGATCTAACCAACCGGT,0,41744
TSS_1414_storz_regulondb,0.09090909090909091,10,10,CTTACAGGACGGGAGAGCTT,0,53716
TSS_1414_storz_regulondb,0.09090909090909091,10,10,CTGTTTTCTCGTGTAATGGC,0,61217
TSS_1414_storz_regulondb,0.09090909090909091,10,10,CTGGGATAAGTCAGGACACG,0,53962
TSS_1414_storz_regulondb,0.09090909090909091,10,10,CTGGCAACGGTTAAGTTGGG,0,29232
TSS_1414_storz_regulondb,0.09090909090909091,10,10,CTGGACTGGCAAAGCATTCT,0,77083
TSS_1414_storz_regulondb,0.09090909090909091,10,10,CTGCTATGGACCAAATGGGA,0,12464
TSS_1414_storz_regulondb,0.09090909090909091,10,10,CTGAGCCATTTTATATAACT,0,33796
TSS_1414_storz_regulondb,0.09090909090909091,10,10,CTGAGAGGTACACGGAGCGC,0,52018
TSS_1414_storz_regulondb,0.09090909090909091,10,10,CTGAAGGGGGTACGCGTAAA,0,76379
TSS_1414_storz_regulondb,0.09090909090909091,10,10,CTCTTGGATACACCAGAAAT,0,58837
TSS_1414_storz_regulondb,0.09090909090909091,10,10,CTCTTACAGCTACTCGCACG,0,17430
TSS_1414_storz_regulondb,0.09090909090909091,10,10,CTCTTACACGAGCGCAGCCT,0,5131
TSS_1414_storz_regulondb,0.09090909090909091,10,10,CTCTGGCGTTGATACCGCAT,0,49996
TSS_1414_storz_regulondb,0.09090909090909091,10,10,CTCTACCTTGAGCCGCCGTG,0,47129
TSS_1414_storz_regulondb,0.09090909090909091,10,10,CTCGTCGTGATTTCCTGGAG,0,65735
TSS_1414_storz_regulondb,0.09090909090909091,10,10,CTCGGGGTAAGTCCTCACAA,0,49676
TSS_1414_storz_regulondb,0.09090909090909091,10,10,CTCGGGGCAGGTGCACATCA,0,1850
TSS_1414_storz_regulondb,0.09090909090909091,10,10,CTCGGAGGGCCGGAACATTT,0,69215
TSS_1414_storz_regulondb,0.09090909090909091,10,10,CTATGGTTAGAGACTTCAGT,0,78490
TSS_1414_storz_regulondb,0.09090909090909091,10,10,CTATGGAACGGGCGAAGCCT,0,1630
TSS_1414_storz_regulondb,0.09090909090909091,10,10,CTATATAGCTCCCCGTCGTG,0,53884
TSS_1414_storz_regulondb,0.09090909090909091,10,10,CTAGGGTAGCTTTCCTATGA,0,54196
TSS_1414_storz_regulondb,0.09090909090909091,10,10,CTAGCCTGAAAGTGGAGGTT,0,33795
TSS_1414_storz_regulondb,0.09090909090909091,10,10,CTAGACTCGGTTGAGAACCT,0,71580
TSS_1414_storz_regulondb,0.09090909090909091,10,10,CTACGTGAACGTAGGGCACA,0,47549
TSS_1414_storz_regulondb,0.09090909090909091,10,10,CTACGAGTAACAAGCCGGCC,0,73570
TSS_1414_storz_regulondb,0.09090909090909091,10,10,CTACCTGCATGTGGATCTAG,0,26598
TSS_1414_storz_regulondb,0.09090909090909091,10,10,CTACCGGGTCATATCGACGA,0,79023
TSS_1414_storz_regulondb,0.09090909090909091,10,10,CTACCCACGGGGGGAAGAAG,0,3079
TSS_1414_storz_regulondb,0.09090909090909091,10,10,CTACCAAGGATTGTTCGTCC,0,76978
TSS_1414_storz_regulondb,0.09090909090909091,10,10,CTACATTATAGCGATCGATT,0,19650
TSS_1414_storz_regulondb,0.09090909090909091,10,10,CTACATGGCTCAACTGGAAG,0,18652
TSS_1414_storz_regulondb,0.09090909090909091,10,10,CTAATGAATAAGGGTCTATG,0,62064
TSS_1414_storz_regulondb,0.09090909090909091,10,10,CTAACGATTCACATACGGAT,0,49701
TSS_1414_storz_regulondb,0.09090909090909091,10,10,CTAAATGCGCATAGCTGAAC,0,46104
TSS_1414_storz_regulondb,0.09090909090909091,10,10,CGTTACCGGTTACGGATGAC,0,17888
TSS_1414_storz_regulondb,0.09090909090909091,10,10,CGTGTTCTTATCCCTTGCAG,0,78696
TSS_1414_storz_regulondb,0.09090909090909091,10,10,CGTGTAAAGTATCTTGAGGT,0,24200
TSS_1414_storz_regulondb,0.09090909090909091,10,10,CGTGGAGGTCCGAGGGGCTC,0,17002
TSS_1414_storz_regulondb,0.09090909090909091,10,10,CGTGGACGTGGTCATGGGTC,0,11516
TSS_1414_storz_regulondb,0.09090909090909091,10,10,CGTGGACGACCTATAGCGTT,0,44933
TSS_1414_storz_regulondb,0.09090909090909091,10,10,CGTGAGCGCTCGATGAAGGT,0,9379
TSS_1414_storz_regulondb,0.09090909090909091,10,10,CGTGACGTTCCTTCTCACAT,0,12839
TSS_1414_storz_regulondb,0.09090909090909091,10,10,CGTCTTCGTGCTCATTAACA,0,71064
TSS_1414_storz_regulondb,0.09090909090909091,10,10,CGTCGGCATCTGGTAGTTGT,0,61881
TSS_1414_storz_regulondb,0.09090909090909091,10,10,CGTCCGTAAAGCTCTGGAAA,0,24699
TSS_1414_storz_regulondb,0.09090909090909091,10,10,CGTCAGTCGCCGTCGCGCTC,0,41641
TSS_1414_storz_regulondb,0.09090909090909091,10,10,CGTAGTAGAGATATGTACAT,0,2629
TSS_1414_storz_regulondb,0.09090909090909091,10,10,CGTACGCCCCTCATGGGCAG,0,3625
TSS_1414_storz_regulondb,0.09090909090909091,10,10,CGTACGACGAGTATCTCAAT,0,80989
TSS_1414_storz_regulondb,0.09090909090909091,10,10,CGTAAGGCTTTTTTTCAAGA,0,68098
TSS_1414_storz_regulondb,0.09090909090909091,10,10,CGGTGACCAAATGTTTTTGT,0,6805
TSS_1414_storz_regulondb,0.09090909090909091,10,10,CGGTCTATCAGGAGCGGGAT,0,23871
TSS_1414_storz_regulondb,0.09090909090909091,10,10,CGGTCTAGGCTCGGTGGGGT,0,37020
TSS_1414_storz_regulondb,0.09090909090909091,10,10,CGGGTCCGGCCCGCGCGTAA,0,37186
TSS_1414_storz_regulondb,0.09090909090909091,10,10,CGGGTATGGGTATGTCGCAA,0,11559
TSS_1414_storz_regulondb,0.09090909090909091,10,10,CGGGTATAATTACCTTGGTT,0,43915
TSS_1414_storz_regulondb,0.09090909090909091,10,10,CGGCTCATCCTGTTGACGAT,0,59152
TSS_1414_storz_regulondb,0.09090909090909091,10,10,CGGCCGGTAGAATCGACCGA,0,50512
TSS_1414_storz_regulondb,0.09090909090909091,10,10,CGGCCATGCCGATCGTGGTT,0,61133
TSS_1414_storz_regulondb,0.09090909090909091,10,10,CGGCAGCCCTTACCCTGTGT,0,57417
TSS_1414_storz_regulondb,0.09090909090909091,10,10,CGGATCTCGATGTCGCGTAA,0,3898
TSS_1414_storz_regulondb,0.09090909090909091,10,10,CGGAGCTATCTTGACAGCTA,0,72492
TSS_1414_storz_regulondb,0.09090909090909091,10,10,CGGAGACTGCGACATTCACT,0,38787
TSS_1414_storz_regulondb,0.09090909090909091,10,10,CGGACTTACGTCTACTACAG,0,18307
TSS_1414_storz_regulondb,0.09090909090909091,10,10,CGGACCTTTTCTGGGAATGA,0,72108
TSS_1414_storz_regulondb,0.09090909090909091,10,10,CGGAAGTGGGCGCAAACCTG,0,33539
TSS_1414_storz_regulondb,0.09090909090909091,10,10,CGCTTGGCCTTTTTTTTCAT,0,28536
TSS_1414_storz_regulondb,0.09090909090909091,10,10,CGCTGTAATTGCTTGTTCTA,0,19600
TSS_1414_storz_regulondb,0.09090909090909091,10,10,CGCTGGGTTCGACGCCTCAT,0,71650
TSS_1414_storz_regulondb,0.09090909090909091,10,10,CGCTAACTCCTGATGGATAT,0,76654
TSS_1414_storz_regulondb,0.09090909090909091,10,10,CGCTAACCGGTAACTTATAG,0,22859
TSS_1414_storz_regulondb,0.09090909090909091,10,10,CGCGGTTTGCGCAACCTGAT,0,77889
TSS_1414_storz_regulondb,0.09090909090909091,10,10,CGCGCGGGCGACTATTTTTA,0,58283
TSS_1414_storz_regulondb,0.09090909090909091,10,10,CGCCCACTGAACGCGACGCG,0,2545
TSS_1414_storz_regulondb,0.09090909090909091,10,10,CGCATGTTTCCAGACTTCAC,0,51330
TSS_1414_storz_regulondb,0.09090909090909091,10,10,CGCAGTAGCGCACTGAAATA,0,29309
TSS_1414_storz_regulondb,0.09090909090909091,10,10,CGCAGCCCATCCTTCATCAT,0,21372
TSS_1414_storz_regulondb,0.09090909090909091,10,10,CGCAAGAATCACCTGGGAGC,0,48658
TSS_1414_storz_regulondb,0.09090909090909091,10,10,CGATTTTTTGCCTTCGAATG,0,45594
TSS_1414_storz_regulondb,0.09090909090909091,10,10,CGATTCGCTCATACCTATAA,0,626
TSS_1414_storz_regulondb,0.09090909090909091,10,10,CGAGCCATCAAACCAACCAG,0,20548
TSS_1414_storz_regulondb,0.09090909090909091,10,10,CGAAGGCCGGTACCGAACAC,0,2047
TSS_1414_storz_regulondb,0.09090909090909091,10,10,CGAACTTGCGGCGGCGCGTA,0,40531
TSS_1414_storz_regulondb,0.09090909090909091,10,10,CGAACGGCAAGGTACAGGAG,0,26597
TSS_1414_storz_regulondb,0.09090909090909091,10,10,CGAAACGACTGGTAGTTTCC,0,22554
TSS_1414_storz_regulondb,0.09090909090909091,10,10,CCTTCTGATGGCGGTTATGT,0,81030
TSS_1414_storz_regulondb,0.09090909090909091,10,10,CCTTCGTGTGTTCGTTTTCT,0,74142
TSS_1414_storz_regulondb,0.09090909090909091,10,10,CCTTACAGCTACCGCATTTC,0,36792
TSS_1414_storz_regulondb,0.09090909090909091,10,10,CCTGTGCCCGCCAATATATT,0,9056
TSS_1414_storz_regulondb,0.09090909090909091,10,10,CCTGAAGAGCCTAATATGCT,0,51033
TSS_1414_storz_regulondb,0.09090909090909091,10,10,CCTCACAACTCTGGCGCCAC,0,12397
TSS_1414_storz_regulondb,0.09090909090909091,10,10,CCGTCCCTCCGTAACCCGGA,0,24117
TSS_1414_storz_regulondb,0.09090909090909091,10,10,CCGGCCTCGAATAAGACACC,0,48376
TSS_1414_storz_regulondb,0.09090909090909091,10,10,CCGCCTGTTTTGTGAGTATT,0,52962
TSS_1414_storz_regulondb,0.09090909090909091,10,10,CCGCCTGACGCCAAAGGCTC,0,13658
TSS_1414_storz_regulondb,0.09090909090909091,10,10,CCGCCTAAGGAAACCGACGG,0,63504
TSS_1414_storz_regulondb,0.09090909090909091,10,10,CCGAGCGTCTATCCTGCATC,0,48801
TSS_1414_storz_regulondb,0.09090909090909091,10,10,CCGACGAGCAATGGGCCTAG,0,61708
TSS_1414_storz_regulondb,0.09090909090909091,10,10,CCGACCTTCCAAGCATATCT,0,80387
TSS_1414_storz_regulondb,0.09090909090909091,10,10,CCGAAGTTCGGGCGTAGGGT,0,1506
TSS_1414_storz_regulondb,0.09090909090909091,10,10,CCCTTACTCATCGCGCGCAA,0,5020
TSS_1414_storz_regulondb,0.09090909090909091,10,10,CCCTATGCTATATTCAATTT,0,5748
TSS_1414_storz_regulondb,0.09090909090909091,10,10,CCCGTATCTTAATTAGGGAT,0,40301
TSS_1414_storz_regulondb,0.09090909090909091,10,10,CCCGGATTTACGCATATTTT,0,33418
TSS_1414_storz_regulondb,0.09090909090909091,10,10,CCCGCTAATCCTGTCCCCTA,0,16946
TSS_1414_storz_regulondb,0.09090909090909091,10,10,CCCCCGCTTCTCTGAAACGT,0,36302
TSS_1414_storz_regulondb,0.09090909090909091,10,10,CCCACGAGGCTGAACCCGTT,0,46386
TSS_1414_storz_regulondb,0.09090909090909091,10,10,CCATTCCGAACCGGATGCTA,0,73635
TSS_1414_storz_regulondb,0.09090909090909091,10,10,CCATAGTCGTGATGCTAGAG,0,12398
TSS_1414_storz_regulondb,0.09090909090909091,10,10,CCATAATTTCGGTCTAGATC,0,31595
TSS_1414_storz_regulondb,0.09090909090909091,10,10,CCAGGTCGGATTAGTTCAAA,0,1000
TSS_1414_storz_regulondb,0.09090909090909091,10,10,CCAGAGCTAATTGGAGCCAT,0,22836
TSS_1414_storz_regulondb,0.09090909090909091,10,10,CCACGGATCGGAGGGTATAC,0,47972
TSS_1414_storz_regulondb,0.09090909090909091,10,10,CCAAGCCAAACGTGGCCGCC,0,34451
TSS_1414_storz_regulondb,0.09090909090909091,10,10,CCAACCGGAACCAGTACGAG,0,74286
TSS_1414_storz_regulondb,0.09090909090909091,10,10,CCAACCCGCTGCAAACGCTT,0,12740
TSS_1414_storz_regulondb,0.09090909090909091,10,10,CATTGCTTGGTGTAGTATTG,0,77789
TSS_1414_storz_regulondb,0.09090909090909091,10,10,CATTCCAGTGACGGGAGATG,0,77315
TSS_1414_storz_regulondb,0.09090909090909091,10,10,CATGGCGTTCCCTACCCGCG,0,38142
TSS_1414_storz_regulondb,0.09090909090909091,10,10,CATACAGCAACTAATTCGGT,0,77841
TSS_1414_storz_regulondb,0.09090909090909091,10,10,CATAAGGACCTAAGGAGGTA,0,20500
TSS_1414_storz_regulondb,0.09090909090909091,10,10,CATAAAACGTTAACGTACGT,0,11977
TSS_1414_storz_regulondb,0.09090909090909091,10,10,CAGTCGGGCAGACAGTCATA,0,3579
TSS_1414_storz_regulondb,0.09090909090909091,10,10,CAGGTTTGTTTCGGCTCGGT,0,34170
TSS_1414_storz_regulondb,0.09090909090909091,10,10,CAGGCGGCATCGAACTCAAG,0,63919
TSS_1414_storz_regulondb,0.09090909090909091,10,10,CAGGAAACAGCGCAAGTAGC,0,64536
TSS_1414_storz_regulondb,0.09090909090909091,10,10,CAGCCTCGAGACAGCCATCA,0,12760
TSS_1414_storz_regulondb,0.09090909090909091,10,10,CAGCAAAGCTGCGGGTCTCT,0,9730
TSS_1414_storz_regulondb,0.09090909090909091,10,10,CAGATGTCAATTTCCACCGT,0,49372
TSS_1414_storz_regulondb,0.09090909090909091,10,10,CAGAGGACAAAAGACGAGTT,0,51918
TSS_1414_storz_regulondb,0.09090909090909091,10,10,CACTTATGTTGACGTCACAA,0,70097
TSS_1414_storz_regulondb,0.09090909090909091,10,10,CACTGCCCTAAGGCTCATGT,0,54285
TSS_1414_storz_regulondb,0.09090909090909091,10,10,CACTGCACGGGGTGTGGTGA,0,7537
TSS_1414_storz_regulondb,0.09090909090909091,10,10,CACTACCGACAGGAGGCTGT,0,60252
TSS_1414_storz_regulondb,0.09090909090909091,10,10,CACGGCGTCATATATCTTAT,0,25558
TSS_1414_storz_regulondb,0.09090909090909091,10,10,CACGATTCTCTATCCGATCG,0,71597
TSS_1414_storz_regulondb,0.09090909090909091,10,10,CACAGTACCAACCTCAGAGG,0,14062
TSS_1414_storz_regulondb,0.09090909090909091,10,10,CAATTGCAAGCCCGTTCCGA,0,70327
TSS_1414_storz_regulondb,0.09090909090909091,10,10,CAATTGAGCCCTTAGCCCAA,0,43134
TSS_1414_storz_regulondb,0.09090909090909091,10,10,CAATGGAGGCGATATAATAA,0,51835
TSS_1414_storz_regulondb,0.09090909090909091,10,10,CAATCGGGCTAAGAGAAAGT,0,80965
TSS_1414_storz_regulondb,0.09090909090909091,10,10,CAAGGTATTCGTTAGATGGT,0,72262
TSS_1414_storz_regulondb,0.09090909090909091,10,10,CAAGATGCGCTGCACTTCTT,0,31619
TSS_1414_storz_regulondb,0.09090909090909091,10,10,CAACGTGTTTCCAGAGAAAA,0,52336
TSS_1414_storz_regulondb,0.09090909090909091,10,10,CAACGGCCTTTGAGCCGATT,0,43439
TSS_1414_storz_regulondb,0.09090909090909091,10,10,ATTTGGCTATAGCAGTGCGA,0,45605
TSS_1414_storz_regulondb,0.09090909090909091,10,10,ATTGGTATACGGGTGATGAG,0,53892
TSS_1414_storz_regulondb,0.09090909090909091,10,10,ATTGCTGGATTCCATCAACT,0,5256
TSS_1414_storz_regulondb,0.09090909090909091,10,10,ATTGCCTGTCATTTCTCGCG,0,31830
TSS_1414_storz_regulondb,0.09090909090909091,10,10,ATTCTTTTGTTGTCGCAGTT,0,29975
TSS_1414_storz_regulondb,0.09090909090909091,10,10,ATTCTAAGGTAAAAAGCCGC,0,37802
TSS_1414_storz_regulondb,0.09090909090909091,10,10,ATTCAACCGTACATTGGCCC,0,54519
TSS_1414_storz_regulondb,0.09090909090909091,10,10,ATTAAAGCGAGTGTAGAGGT,0,48175
TSS_1414_storz_regulondb,0.09090909090909091,10,10,ATGTGAACGCATGAGTGGTT,0,57306
TSS_1414_storz_regulondb,0.09090909090909091,10,10,ATGTCTCTTCGAGTACCCTG,0,69221
TSS_1414_storz_regulondb,0.09090909090909091,10,10,ATGTAATAGGTAGTTAGTGA,0,72111
TSS_1414_storz_regulondb,0.09090909090909091,10,10,ATGGTGAGAGGGTGTGTCTT,0,789
TSS_1414_storz_regulondb,0.09090909090909091,10,10,ATGGTAAGCTTCGGCAAGTA,0,63582
TSS_1414_storz_regulondb,0.09090909090909091,10,10,ATGGCGTACGGCCAATACTG,0,72858
TSS_1414_storz_regulondb,0.09090909090909091,10,10,ATGCTTAGCCATTAATTGTC,0,52674
TSS_1414_storz_regulondb,0.09090909090909091,10,10,ATGCACCATGCAAACCATGA,0,44064
TSS_1414_storz_regulondb,0.09090909090909091,10,10,ATGAGGAGGTTTTGGCAAAA,0,29589
TSS_1414_storz_regulondb,0.09090909090909091,10,10,ATGACACTCCGTCTGGACTA,0,39448
TSS_1414_storz_regulondb,0.09090909090909091,10,10,ATCTGGAGGGACTGACGTCT,0,54292
TSS_1414_storz_regulondb,0.09090909090909091,10,10,ATCTGAGACGGGTGCCAGGT,0,65322
TSS_1414_storz_regulondb,0.09090909090909091,10,10,ATCGCTTGGTGACCAGTAGT,0,40544
TSS_1414_storz_regulondb,0.09090909090909091,10,10,ATCGAATTTTCTCGCGAATT,0,14141
TSS_1414_storz_regulondb,0.09090909090909091,10,10,ATCCTTCGTAGTCTGACGGA,0,52578
TSS_1414_storz_regulondb,0.09090909090909091,10,10,ATCCGGGCTACACTCGCCAC,0,6253
TSS_1414_storz_regulondb,0.09090909090909091,10,10,ATCCCACCTTCCTGGTAGAA,0,35827
TSS_1414_storz_regulondb,0.09090909090909091,10,10,ATCAAAGACGATCTAGTCAC,0,38994
TSS_1414_storz_regulondb,0.09090909090909091,10,10,ATATTAAAACGTCTCGAATC,0,79184
TSS_1414_storz_regulondb,0.09090909090909091,10,10,ATATGCCTTGACCTGGTCTG,0,61434
TSS_1414_storz_regulondb,0.09090909090909091,10,10,ATATCGGCCCAATCGATGGG,0,28211
TSS_1414_storz_regulondb,0.09090909090909091,10,10,ATAGTAGCCACGCGTACTTG,0,8852
TSS_1414_storz_regulondb,0.09090909090909091,10,10,ATAGGTCATGACGGCAATGT,0,45177
TSS_1414_storz_regulondb,0.09090909090909091,10,10,ATAGGGCTGACTTCTTCGGT,0,76462
TSS_1414_storz_regulondb,0.09090909090909091,10,10,ATAGGCACCCAATCAACCCC,0,53275
TSS_1414_storz_regulondb,0.09090909090909091,10,10,ATAGCATTGCGAGCCTGGAT,0,15514
TSS_1414_storz_regulondb,0.09090909090909091,10,10,ATAGACCTGACGTAAGAAAC,0,54417
TSS_1414_storz_regulondb,0.09090909090909091,10,10,ATAATATGTTGTCCAAGCCT,0,23587
TSS_1414_storz_regulondb,0.09090909090909091,10,10,ATAAGTTACCCCTAAGATCC,0,20870
TSS_1414_storz_regulondb,0.09090909090909091,10,10,ATAAGAAATGGACCATGACA,0,65112
TSS_1414_storz_regulondb,0.09090909090909091,10,10,AGTCATTTCGAAGACAATAG,0,20828
TSS_1414_storz_regulondb,0.09090909090909091,10,10,AGTATGATAGCGGGACAGGA,0,80144
TSS_1414_storz_regulondb,0.09090909090909091,10,10,AGTATGATAACCGGACACAT,0,39859
TSS_1414_storz_regulondb,0.09090909090909091,10,10,AGTAACCTTCACCCTGATTT,0,41148
TSS_1414_storz_regulondb,0.09090909090909091,10,10,AGGTTGCATGTCCGCGGTTC,0,65785
TSS_1414_storz_regulondb,0.09090909090909091,10,10,AGGTCACATTATCTTTGGAA,0,79631
TSS_1414_storz_regulondb,0.09090909090909091,10,10,AGGTATCTCAGGGCATTGAA,0,20829
TSS_1414_storz_regulondb,0.09090909090909091,10,10,AGGGTGAGAGAATTCCTTCG,0,66657
TSS_1414_storz_regulondb,0.09090909090909091,10,10,AGGGGTATCGTTACCTCGGG,0,64099
TSS_1414_storz_regulondb,0.09090909090909091,10,10,AGGGGCCTCTCAGTCTCCAT,0,1999
TSS_1414_storz_regulondb,0.09090909090909091,10,10,AGGGGATCGTGCTTACCCAG,0,36756
TSS_1414_storz_regulondb,0.09090909090909091,10,10,AGGGCGGGTTACATTCATGA,0,39358
TSS_1414_storz_regulondb,0.09090909090909091,10,10,AGGCCTACTTGCTCAACAAA,0,48345
TSS_1414_storz_regulondb,0.09090909090909091,10,10,AGGATTCGAGTCCGATGACT,0,19930
TSS_1414_storz_regulondb,0.09090909090909091,10,10,AGGAATGGTAGATGTCTCTT,0,42319
TSS_1414_storz_regulondb,0.09090909090909091,10,10,AGCTTAGATTGACAAGGTCG,0,6491
TSS_1414_storz_regulondb,0.09090909090909091,10,10,AGCTGCATCTCATCTGAAAG,0,8052
TSS_1414_storz_regulondb,0.09090909090909091,10,10,AGCTCCGGTTGTGGGTCAAT,0,27939
TSS_1414_storz_regulondb,0.09090909090909091,10,10,AGCCTCCCACACGCCTGGGG,0,25246
TSS_1414_storz_regulondb,0.09090909090909091,10,10,AGCCTACGCCCGATTGCCTC,0,38828
TSS_1414_storz_regulondb,0.09090909090909091,10,10,AGCCCTTGTGCGGACCCTTA,0,6970
TSS_1414_storz_regulondb,0.09090909090909091,10,10,AGCATGGGATGTGCACGCTT,0,43542
TSS_1414_storz_regulondb,0.09090909090909091,10,10,AGCATACCATACACTATCCA,0,40225
TSS_1414_storz_regulondb,0.09090909090909091,10,10,AGCACCTGCATGCTTTGAAT,0,48799
TSS_1414_storz_regulondb,0.09090909090909091,10,10,AGAGGCCATGCGACAGCTAC,0,26120
TSS_1414_storz_regulondb,0.09090909090909091,10,10,AGAGCGTCAACCATGCCCGA,0,45780
TSS_1414_storz_regulondb,0.09090909090909091,10,10,AGACGGTGTGTATTTGAAGG,0,39167
TSS_1414_storz_regulondb,0.09090909090909091,10,10,AGACGACGCATGCGTGAGCT,0,70200
TSS_1414_storz_regulondb,0.09090909090909091,10,10,AGAACGCGTACCAGGTCAGT,0,60765
TSS_1414_storz_regulondb,0.09090909090909091,10,10,ACTTTGTCTTCGAGAGCGTG,0,15726
TSS_1414_storz_regulondb,0.09090909090909091,10,10,ACTTTGCCTACGTCTGTGTG,0,49131
TSS_1414_storz_regulondb,0.09090909090909091,10,10,ACTTTCCAGTGTTTGCGTTT,0,51668
TSS_1414_storz_regulondb,0.09090909090909091,10,10,ACTTCAATCCAAACTCTCGC,0,26371
TSS_1414_storz_regulondb,0.09090909090909091,10,10,ACTTAAATGGATGGGGTAAC,0,11509
TSS_1414_storz_regulondb,0.09090909090909091,10,10,ACTGTGCAGTTTTGGTTGTT,0,10425
TSS_1414_storz_regulondb,0.09090909090909091,10,10,ACTGCGTTGGGCGATTCCGA,0,35440
TSS_1414_storz_regulondb,0.09090909090909091,10,10,ACTGCAGAGTCTCTGCACAT,0,72113
TSS_1414_storz_regulondb,0.09090909090909091,10,10,ACTCTGGAAATTAAGCGCTG,0,37426
TSS_1414_storz_regulondb,0.09090909090909091,10,10,ACTAGAAGTATCTGGGTCTA,0,37018
TSS_1414_storz_regulondb,0.09090909090909091,10,10,ACTACACATACTAGGTCCGT,0,37249
TSS_1414_storz_regulondb,0.09090909090909091,10,10,ACGTAATGCTGTAATTGCGT,0,65728
TSS_1414_storz_regulondb,0.09090909090909091,10,10,ACGGGTAGCTTGCTTAGTAA,0,16980
TSS_1414_storz_regulondb,0.09090909090909091,10,10,ACGGGCGATTCTAGTAGATT,0,33736
TSS_1414_storz_regulondb,0.09090909090909091,10,10,ACGGCTCTGGGTGCACTATC,0,35018
TSS_1414_storz_regulondb,0.09090909090909091,10,10,ACGCTCATCCACGGTACCAC,0,8898
TSS_1414_storz_regulondb,0.09090909090909091,10,10,ACGCTCAAGGCGTGAGCGGG,0,16119
TSS_1414_storz_regulondb,0.09090909090909091,10,10,ACGCTACACTCTGTTTGCTC,0,70662
TSS_1414_storz_regulondb,0.09090909090909091,10,10,ACGCCCAGAGTTCTCAGCGT,0,10012
TSS_1414_storz_regulondb,0.09090909090909091,10,10,ACGCATGCGCCTAAGGTCTA,0,66705
TSS_1414_storz_regulondb,0.09090909090909091,10,10,ACGATCGAGTGTCTCCATCT,0,7790
TSS_1414_storz_regulondb,0.09090909090909091,10,10,ACGACTCGGTTAACGACCTT,0,4278
TSS_1414_storz_regulondb,0.09090909090909091,10,10,ACCTTGGCGGATGACGCACG,0,59450
TSS_1414_storz_regulondb,0.09090909090909091,10,10,ACCTGTTCACTCAAAAAGAG,0,80729
TSS_1414_storz_regulondb,0.09090909090909091,10,10,ACCTGACTAAAATCGCGCCG,0,31309
TSS_1414_storz_regulondb,0.09090909090909091,10,10,ACCGTTAAGCGTCTACCGTA,0,67718
TSS_1414_storz_regulondb,0.09090909090909091,10,10,ACCGGGAAGATTTATCAGGA,0,13479
TSS_1414_storz_regulondb,0.09090909090909091,10,10,ACCCATTTGTGTTAATTTAG,0,59454
TSS_1414_storz_regulondb,0.09090909090909091,10,10,ACCATTCCAACGAAATTTTT,0,80247
TSS_1414_storz_regulondb,0.09090909090909091,10,10,ACCACCGGCTCGGATTCTGA,0,42408
TSS_1414_storz_regulondb,0.09090909090909091,10,10,ACATACGGCATTGCCGACGT,0,31384
TSS_1414_storz_regulondb,0.09090909090909091,10,10,ACAGGGCCGCCTATGGCAAC,0,8488
TSS_1414_storz_regulondb,0.09090909090909091,10,10,ACAGATATTGACGCAGGTAA,0,6056
TSS_1414_storz_regulondb,0.09090909090909091,10,10,ACAGATAAGTTGTACTCAAT,0,47458
TSS_1414_storz_regulondb,0.09090909090909091,10,10,ACACTTCGGCGAGCGATCTG,0,73893
TSS_1414_storz_regulondb,0.09090909090909091,10,10,ACACCGCTCTAGGAATGCCT,0,9579
TSS_1414_storz_regulondb,0.09090909090909091,10,10,ACAATGTGGTGGGGCTCAGA,0,65399
TSS_1414_storz_regulondb,0.09090909090909091,10,10,AATTATCCCTAGTTATCGCT,0,63831
TSS_1414_storz_regulondb,0.09090909090909091,10,10,AATGGGTGACAAACCGGTGT,0,5013
TSS_1414_storz_regulondb,0.09090909090909091,10,10,AATGCTAAGTTAAAAGTCAC,0,9716
TSS_1414_storz_regulondb,0.09090909090909091,10,10,AATCACGGCGGGAGGCCATA,0,25980
TSS_1414_storz_regulondb,0.09090909090909091,10,10,AATATACTGCCAGGCCGTCG,0,33414
TSS_1414_storz_regulondb,0.09090909090909091,10,10,AATATAAGGGCAGCACTGGG,0,6181
TSS_1414_storz_regulondb,0.09090909090909091,10,10,AATAGCAAGCGGCCTATGTT,0,64714
TSS_1414_storz_regulondb,0.09090909090909091,10,10,AATAAAAAAGTCGCTAAGTA,0,49941
TSS_1414_storz_regulondb,0.09090909090909091,10,10,AAGTTTAGTTTAAATAATAG,0,18865
TSS_1414_storz_regulondb,0.09090909090909091,10,10,AAGTCCGATCTTCCGTCTTG,0,78668
TSS_1414_storz_regulondb,0.09090909090909091,10,10,AAGTCATAGCTTGATCATAG,0,45316
TSS_1414_storz_regulondb,0.09090909090909091,10,10,AAGCTTAACCTTTAGTGTCG,0,36746
TSS_1414_storz_regulondb,0.09090909090909091,10,10,AAGATTGTAATCGCGTAGTG,0,43784
TSS_1414_storz_regulondb,0.09090909090909091,10,10,AAGATTGGCATCAACGGTCA,0,23208
TSS_1414_storz_regulondb,0.09090909090909091,10,10,AAGACGCAAGGAGCCCTATG,0,15119
TSS_1414_storz_regulondb,0.09090909090909091,10,10,AACTTATAGGTACCCAAGAC,0,67766
TSS_1414_storz_regulondb,0.09090909090909091,10,10,AACGTTCATTCACGTGAGAC,0,16420
TSS_1414_storz_regulondb,0.09090909090909091,10,10,AACGGCGTGCGCCAACCATC,0,21496
TSS_1414_storz_regulondb,0.09090909090909091,10,10,AACCTGGAATTCATTTGATC,0,78033
TSS_1414_storz_regulondb,0.09090909090909091,10,10,AACCGGAAAGCATTTATTCA,0,33120
TSS_1414_storz_regulondb,0.09090909090909091,10,10,AACCGCACTTCGATTATCGA,0,47988
TSS_1414_storz_regulondb,0.09090909090909091,10,10,AAATTTCTCCCGTACGCGCC,0,41933
TSS_1414_storz_regulondb,0.09090909090909091,10,10,AAATCGTCCCGAGGCAACTT,0,74550
TSS_1414_storz_regulondb,0.09090909090909091,10,10,AAATAAATTTCTAGCGGTTA,0,12078
TSS_1414_storz_regulondb,0.09090909090909091,10,10,AAAGCGGCACTAGATCCGTG,0,21822
TSS_1414_storz_regulondb,0.09090909090909091,10,10,AAAGCCGTTCCGAGCAGTTT,0,67147
TSS_1414_storz_regulondb,0.09090909090909091,10,10,AAAGACGGAGGGACATGTGG,0,65198
TSS_1414_storz_regulondb,0.09090909090909091,10,10,AAAGACAGGGACAATGGGAC,0,10059
TSS_1414_storz_regulondb,0.09090909090909091,10,10,AAACGCTCCGTCTGCTTGGT,0,64818
TSS_1414_storz_regulondb,0.09090909090909091,10,10,AAACATCAAAGTCTGAAAAG,0,64876
TSS_1414_storz_regulondb,0.09090909090909091,10,10,AAAATTTAAGGTTGAACGGC,0,54021
TSS_1414_storz_regulondb,0.09090909090909091,10,10,AAAAGCCTGTCGCTTTCCAG,0,34066
TSS_1414_storz_regulondb,0.09090909090909091,10,10,AAAAGCCCAAATCCGAGCTG,0,60072
TSS_1414_storz_regulondb,0.09090909090909091,10,10,AAAAATCCAGATATTGCTGA,0,11790
TSS_1414_storz_regulondb,0.1,9,9,TTTTTTTAAAAGTTTTCTCG,0,35396
TSS_1414_storz_regulondb,0.1,9,9,TTTTGTTCCAAGTTGCTACT,0,25958
TSS_1414_storz_regulondb,0.1,9,9,TTTTGGAGTGTTCTCGGTTT,0,58144
TSS_1414_storz_regulondb,0.1,9,9,TTTTGCCTTCTGGTCACTAG,0,16905
TSS_1414_storz_regulondb,0.1,9,9,TTTGGTGGCGAGTTAGGTGT,0,40058
TSS_1414_storz_regulondb,0.1,9,9,TTTGGTACTGCAGGAGGGCA,0,30382
TSS_1414_storz_regulondb,0.1,9,9,TTTGGCGTATGGGGCCAAGC,0,5730
TSS_1414_storz_regulondb,0.1,9,9,TTTCCGCTTAGGACTTTCCT,0,36986
TSS_1414_storz_regulondb,0.1,9,9,TTTCATAGGTGCCGACAAAG,0,32461
TSS_1414_storz_regulondb,0.1,9,9,TTTCACACGTAAACCCTGCA,0,33389
TSS_1414_storz_regulondb,0.1,9,9,TTTAACGGGTTCTTCACAGT,0,65732
TSS_1414_storz_regulondb,0.1,9,9,TTGTTATGATGCCCTTACAC,0,59466
TSS_1414_storz_regulondb,0.1,9,9,TTGTTAGGACTTCTTTCCGA,0,46925
TSS_1414_storz_regulondb,0.1,9,9,TTGTGCTGAGCAGGGGCAAT,0,16251
TSS_1414_storz_regulondb,0.1,9,9,TTGTGACTCGGCCTTCTACA,0,10909
TSS_1414_storz_regulondb,0.1,9,9,TTGTCTACTCTTAGTAGTGC,0,33049
TSS_1414_storz_regulondb,0.1,9,9,TTGTCGTTTGGACGGTACAC,0,74616
TSS_1414_storz_regulondb,0.1,9,9,TTGTCGTTGGGGATACAATT,0,16571
TSS_1414_storz_regulondb,0.1,9,9,TTGTCAGTCTATTGGCCGTC,0,41851
TSS_1414_storz_regulondb,0.1,9,9,TTGTATTGTCGTTCTCAAGT,0,12923
TSS_1414_storz_regulondb,0.1,9,9,TTGTAAGTATTCGTTGATCG,0,75913
TSS_1414_storz_regulondb,0.1,9,9,TTGCTTCCTACACAGGTGTT,0,18080
TSS_1414_storz_regulondb,0.1,9,9,TTGCGGACCGGTCGGTGGAT,0,7103
TSS_1414_storz_regulondb,0.1,9,9,TTGCACATGTTGACGCCAAT,0,25257
TSS_1414_storz_regulondb,0.1,9,9,TTGCACATATGGACGTACAA,0,1680
TSS_1414_storz_regulondb,0.1,9,9,TTCTTGACTTCGTTGTCAAG,0,6044
TSS_1414_storz_regulondb,0.1,9,9,TTCGTCCCACCCCCTAAGAG,0,71582
TSS_1414_storz_regulondb,0.1,9,9,TTCGGTTCCCTTTGCTGAAG,0,47932
TSS_1414_storz_regulondb,0.1,9,9,TTCGGAGAAGCATCTAAGGT,0,3134
TSS_1414_storz_regulondb,0.1,9,9,TTCGGAACGATAGCCTCACT,0,35426
TSS_1414_storz_regulondb,0.1,9,9,TTCGCGGTTGTTGGCTGGAC,0,19451
TSS_1414_storz_regulondb,0.1,9,9,TTCAGGGTCCGCCTCGAGGA,0,26853
TSS_1414_storz_regulondb,0.1,9,9,TTCAGGCACTGTTACATGAC,0,47216
TSS_1414_storz_regulondb,0.1,9,9,TTCACTGTGGCATCATCAGA,0,74909
TSS_1414_storz_regulondb,0.1,9,9,TTCAAGGGAAAAATTTTTGT,0,24005
TSS_1414_storz_regulondb,0.1,9,9,TTCAACCCAGACCAACCAGT,0,8598
TSS_1414_storz_regulondb,0.1,9,9,TTATGGAGCGAGACAAACGT,0,69777
TSS_1414_storz_regulondb,0.1,9,9,TTATGCCAGCACGGTGAGGA,0,38365
TSS_1414_storz_regulondb,0.1,9,9,TTAGGATACATGCAATATTA,0,48101
TSS_1414_storz_regulondb,0.1,9,9,TTACTGAGGTAGCTTAGTGT,0,1127
TSS_1414_storz_regulondb,0.1,9,9,TTACTCCGGCACGCGCTTAA,0,25354
TSS_1414_storz_regulondb,0.1,9,9,TTACGAAAAGATAAATGTTC,0,11919
TSS_1414_storz_regulondb,0.1,9,9,TTACCTCGTCGGCGTTTCGT,0,12819
TSS_1414_storz_regulondb,0.1,9,9,TTAATCAACCTGCTCGGCGA,0,24760
TSS_1414_storz_regulondb,0.1,9,9,TTAAGCTAGGTGCGGAAGGT,0,43781
TSS_1414_storz_regulondb,0.1,9,9,TTAACACGGTCCTGGTGTAA,0,63575
TSS_1414_storz_regulondb,0.1,9,9,TGTGATGCTATCGGCCAGGT,0,47589
TSS_1414_storz_regulondb,0.1,9,9,TGTGATCCAATTACCCGTAT,0,74425
TSS_1414_storz_regulondb,0.1,9,9,TGTGATAGTGATGCGAGGTT,0,4540
TSS_1414_storz_regulondb,0.1,9,9,TGTGAAAGAAAGGAGATCGA,0,20944
TSS_1414_storz_regulondb,0.1,9,9,TGTCGGTCTCGTCAACGTGG,0,56173
TSS_1414_storz_regulondb,0.1,9,9,TGTCCGCACCTAGTAGGATA,0,32538
TSS_1414_storz_regulondb,0.1,9,9,TGTCCACCCTAAAGTCAGCC,0,26314
TSS_1414_storz_regulondb,0.1,9,9,TGTCACCTCGGCGTGTGTTT,0,79790
TSS_1414_storz_regulondb,0.1,9,9,TGGTGCGCGGATCGGATTAT,0,51449
TSS_1414_storz_regulondb,0.1,9,9,TGGTGCATTGGACATCCGGG,0,31805
TSS_1414_storz_regulondb,0.1,9,9,TGGTAACTGGCACAGTCTCT,0,45764
TSS_1414_storz_regulondb,0.1,9,9,TGGGTTTAATCCGCAGGGCT,0,11789
TSS_1414_storz_regulondb,0.1,9,9,TGGGGTGTGTAGCTATAGAA,0,55233
TSS_1414_storz_regulondb,0.1,9,9,TGGGCGTCATATCGCAGGAA,0,52281
TSS_1414_storz_regulondb,0.1,9,9,TGGGCAGACCTCACGAGGGC,0,62264
TSS_1414_storz_regulondb,0.1,9,9,TGGCGTTCTAGCGTGACCAC,0,78748
TSS_1414_storz_regulondb,0.1,9,9,TGGCGTGTTATATGCAAATC,0,50620
TSS_1414_storz_regulondb,0.1,9,9,TGGCCCGCACTCGGTTGGGT,0,47026
TSS_1414_storz_regulondb,0.1,9,9,TGGCAGGCTCTATCATTGTA,0,50920
TSS_1414_storz_regulondb,0.1,9,9,TGGAAGCGGACGGAGCGGAT,0,61100
TSS_1414_storz_regulondb,0.1,9,9,TGCTTCAGTGATGTGCGACT,0,54123
TSS_1414_storz_regulondb,0.1,9,9,TGCGTCGTATCGATCTCAGT,0,51719
TSS_1414_storz_regulondb,0.1,9,9,TGCGGTTGTTCCCTGGATTG,0,59947
TSS_1414_storz_regulondb,0.1,9,9,TGCGGGTTTAACGGCCAAAT,0,35335
TSS_1414_storz_regulondb,0.1,9,9,TGCGCAAATAATCATCTACT,0,32300
TSS_1414_storz_regulondb,0.1,9,9,TGCGAGGAGCATAATGTTGA,0,6210
TSS_1414_storz_regulondb,0.1,9,9,TGCGAATGCGTGGCTGGGCT,0,62518
TSS_1414_storz_regulondb,0.1,9,9,TGCCGCCGGTACGGGGCTAA,0,31056
TSS_1414_storz_regulondb,0.1,9,9,TGCCCTATCTTAGCAGTGAT,0,48211
TSS_1414_storz_regulondb,0.1,9,9,TGCCAGCCAAGGGATAAATA,0,32214
TSS_1414_storz_regulondb,0.1,9,9,TGCATGCCGATGATTGTATT,0,78565
TSS_1414_storz_regulondb,0.1,9,9,TGCAGGACTGTACGAGTATC,0,50217
TSS_1414_storz_regulondb,0.1,9,9,TGCAGATAGTGTGTGGTACT,0,57821
TSS_1414_storz_regulondb,0.1,9,9,TGCAAGTACAGATAGCCTAA,0,79090
TSS_1414_storz_regulondb,0.1,9,9,TGATTGTGATATCATGTCAC,0,55704
TSS_1414_storz_regulondb,0.1,9,9,TGATTCCGTCGGGCACCTTG,0,46378
TSS_1414_storz_regulondb,0.1,9,9,TGATGCGCGCAAGACACATG,0,80377
TSS_1414_storz_regulondb,0.1,9,9,TGATCATATGGACACAGAAC,0,5989
TSS_1414_storz_regulondb,0.1,9,9,TGAGGTCTGCCAGAGAGAGC,0,54020
TSS_1414_storz_regulondb,0.1,9,9,TGAGGAGGGTGAGGAGTCCA,0,28396
TSS_1414_storz_regulondb,0.1,9,9,TGAGCTGGCGGCCCGCGGAG,0,70045
TSS_1414_storz_regulondb,0.1,9,9,TGACTTAAGCCTGTGGCACG,0,13845
TSS_1414_storz_regulondb,0.1,9,9,TGACGGCTATGCGAACTGGA,0,76951
TSS_1414_storz_regulondb,0.1,9,9,TGACCGGCAAGCATGGACAT,0,79341
TSS_1414_storz_regulondb,0.1,9,9,TGAAGGCTTGACGACGTTCG,0,76573
TSS_1414_storz_regulondb,0.1,9,9,TGAAGCGGTTCGGGTCGATG,0,58050
TSS_1414_storz_regulondb,0.1,9,9,TGAAGATTTAGTTCCTTGAA,0,52229
TSS_1414_storz_regulondb,0.1,9,9,TCTTTTGTAAAGGTCGCGCT,0,1616
TSS_1414_storz_regulondb,0.1,9,9,TCTTTGTCAAGGTTCACCTT,0,18990
TSS_1414_storz_regulondb,0.1,9,9,TCTTTGTACAGTAAACGGGG,0,11589
TSS_1414_storz_regulondb,0.1,9,9,TCTTGATTTACGAGTTTAAT,0,16175
TSS_1414_storz_regulondb,0.1,9,9,TCTGTCGGCTTTCCCCCAAT,0,39904
TSS_1414_storz_regulondb,0.1,9,9,TCTGGATTCGCAGCAATTTT,0,65989
TSS_1414_storz_regulondb,0.1,9,9,TCTGAGAGATTTCACATGGT,0,18958
TSS_1414_storz_regulondb,0.1,9,9,TCTCTGTATTGCCAAATTGA,0,29367
TSS_1414_storz_regulondb,0.1,9,9,TCTCCTCTGGCGCTATTTAA,0,34609
TSS_1414_storz_regulondb,0.1,9,9,TCTCCGAACAAAAGGTTAGG,0,22831
TSS_1414_storz_regulondb,0.1,9,9,TCTCAGTGCCAATGCATTCT,0,10791
TSS_1414_storz_regulondb,0.1,9,9,TCTCACGCAGGCCCCACGAG,0,65206
TSS_1414_storz_regulondb,0.1,9,9,TCTAGCACATCCGGTATAAG,0,27605
TSS_1414_storz_regulondb,0.1,9,9,TCGTGTGTAAACTAATTTCA,0,15756
TSS_1414_storz_regulondb,0.1,9,9,TCGTCGTCTTGATAACCCTG,0,44995
TSS_1414_storz_regulondb,0.1,9,9,TCGGGCATGGTCTTCCAGGC,0,195
TSS_1414_storz_regulondb,0.1,9,9,TCGGCGGGGGGCGGGAGGTT,0,60257
TSS_1414_storz_regulondb,0.1,9,9,TCGCTTCGAACCTGGGCCGG,0,20102
TSS_1414_storz_regulondb,0.1,9,9,TCGCTACCATCTCTCCGTCC,0,3057
TSS_1414_storz_regulondb,0.1,9,9,TCGCGGTCATTCGACGCAAC,0,75219
TSS_1414_storz_regulondb,0.1,9,9,TCGCCTTGGACTCAAGATCT,0,77424
TSS_1414_storz_regulondb,0.1,9,9,TCGCCAAGTAAGGTACGATC,0,34734
TSS_1414_storz_regulondb,0.1,9,9,TCGATATATTCCTGGCCCTG,0,3863
TSS_1414_storz_regulondb,0.1,9,9,TCGACTTTATGATAGTTCGG,0,47993
TSS_1414_storz_regulondb,0.1,9,9,TCGACTATAAAGAGTGACAT,0,28758
TSS_1414_storz_regulondb,0.1,9,9,TCGACATAGATTACGAAAAT,0,18784
TSS_1414_storz_regulondb,0.1,9,9,TCCTATTAAAGCATAGTGGT,0,68683
TSS_1414_storz_regulondb,0.1,9,9,TCCGCTAGGGCAAAAACCTA,0,70058
TSS_1414_storz_regulondb,0.1,9,9,TCCGCGTAGGTTCGCCGGTG,0,31213
TSS_1414_storz_regulondb,0.1,9,9,TCCGCGACGCAGGGCAAAAT,0,38227
TSS_1414_storz_regulondb,0.1,9,9,TCCCTGGTTGCGGTACACGA,0,13226
TSS_1414_storz_regulondb,0.1,9,9,TCCCGGCCTCGGCAAGGCCT,0,23262
TSS_1414_storz_regulondb,0.1,9,9,TCATTTCAGGTAAGGTACAA,0,26739
TSS_1414_storz_regulondb,0.1,9,9,TCATGTGATGATATATTGGT,0,3524
TSS_1414_storz_regulondb,0.1,9,9,TCATCGCCCTACACGTGATA,0,31188
TSS_1414_storz_regulondb,0.1,9,9,TCAGGGTGTATCCGCCAAAC,0,24566
TSS_1414_storz_regulondb,0.1,9,9,TCACCCGTCCTGCATACAAG,0,55300
TSS_1414_storz_regulondb,0.1,9,9,TCAAATGACCGTGACAGCCT,0,36438
TSS_1414_storz_regulondb,0.1,9,9,TATGCATACTAATCTACGTG,0,70260
TSS_1414_storz_regulondb,0.1,9,9,TATGAAGCCCGCATTTTGAG,0,6252
TSS_1414_storz_regulondb,0.1,9,9,TATCCCGGAGCACTCGGTTA,0,53126
TSS_1414_storz_regulondb,0.1,9,9,TATCCCAAGCGAAACCTCTA,0,65304
TSS_1414_storz_regulondb,0.1,9,9,TATATAACTTTAGAAATGTT,0,11630
TSS_1414_storz_regulondb,0.1,9,9,TATAGGACGTCTGTACTCGA,0,71099
TSS_1414_storz_regulondb,0.1,9,9,TATAATAGTCCTCTTGAGCC,0,51165
TSS_1414_storz_regulondb,0.1,9,9,TAGGTCTTTCATGTGTCACC,0,58675
TSS_1414_storz_regulondb,0.1,9,9,TAGCGTACGAAATAGTCCGC,0,45039
TSS_1414_storz_regulondb,0.1,9,9,TAGCCTGGGACTGAGAGACC,0,77013
TSS_1414_storz_regulondb,0.1,9,9,TACTTCTACTCACGAATTTT,0,57463
TSS_1414_storz_regulondb,0.1,9,9,TACTTAGAGATCTTACCCCG,0,41527
TSS_1414_storz_regulondb,0.1,9,9,TACTCTACGGAATGGTAATA,0,77406
TSS_1414_storz_regulondb,0.1,9,9,TACTCATTGCATGCAGCCCT,0,34219
TSS_1414_storz_regulondb,0.1,9,9,TACGCTGTGAGCAAACCGGG,0,9784
TSS_1414_storz_regulondb,0.1,9,9,TACGCATTTTTGAACAAACT,0,68405
TSS_1414_storz_regulondb,0.1,9,9,TACGATTAGTTTTGGGCGCA,0,59611
TSS_1414_storz_regulondb,0.1,9,9,TACCGCTCTAGCCACGCTAC,0,41857
TSS_1414_storz_regulondb,0.1,9,9,TACCGAGGTGTGCGAGGGGG,0,35634
TSS_1414_storz_regulondb,0.1,9,9,TACATTAAGCCGTATCTCTT,0,51859
TSS_1414_storz_regulondb,0.1,9,9,TACATGAGCAACTTCTCAGC,0,32468
TSS_1414_storz_regulondb,0.1,9,9,TACAACTCAAATGCGTGAAA,0,10798
TSS_1414_storz_regulondb,0.1,9,9,TAATGCGATCGATTCACGCG,0,338
TSS_1414_storz_regulondb,0.1,9,9,TAATCGGTCAGCTGTAAATC,0,36829
TSS_1414_storz_regulondb,0.1,9,9,TAATCAACCCAGGAGTTGGG,0,7115
TSS_1414_storz_regulondb,0.1,9,9,TAATACCGGAAGTTATATAT,0,8005
TSS_1414_storz_regulondb,0.1,9,9,TAAGTTTAACGGTCCAGGCC,0,6824
TSS_1414_storz_regulondb,0.1,9,9,TAAGTCAGGTTCTCTGTTAA,0,25385
TSS_1414_storz_regulondb,0.1,9,9,TAACTTGTAGTGGGAGATGC,0,13863
TSS_1414_storz_regulondb,0.1,9,9,TAACCGGACACCCTGTAAGT,0,47645
TSS_1414_storz_regulondb,0.1,9,9,TAACACGTTCCAGAACAGAA,0,36555
TSS_1414_storz_regulondb,0.1,9,9,TAAAAGGGGAACTTCATCGA,0,64243
TSS_1414_storz_regulondb,0.1,9,9,GTTTTTGCGTTCATGATAGG,0,74593
TSS_1414_storz_regulondb,0.1,9,9,GTTTCTGTATCACTCGGGTT,0,60005
TSS_1414_storz_regulondb,0.1,9,9,GTTTCTCCGCGGGCTTGCAT,0,78159
TSS_1414_storz_regulondb,0.1,9,9,GTTTCGATCCAGAATGGCGA,0,31013
TSS_1414_storz_regulondb,0.1,9,9,GTTTCAGTGGCGGTTAGATG,0,19909
TSS_1414_storz_regulondb,0.1,9,9,GTTGGGTTCGTGCCCCGACA,0,3239
TSS_1414_storz_regulondb,0.1,9,9,GTTGAAAAAGAACGCCATAG,0,20816
TSS_1414_storz_regulondb,0.1,9,9,GTTCTCATTCGGGATGCTCC,0,1290
TSS_1414_storz_regulondb,0.1,9,9,GTTCATGGACCTGAGCCTTA,0,74538
TSS_1414_storz_regulondb,0.1,9,9,GTGTTGACGTAACTCCAGCT,0,60272
TSS_1414_storz_regulondb,0.1,9,9,GTGTGCTTGTCTATCATCAT,0,32891
TSS_1414_storz_regulondb,0.1,9,9,GTGTGCGCTCCTGTAAGAAT,0,62216
TSS_1414_storz_regulondb,0.1,9,9,GTGTGCGCCACTGGCAGGGT,0,76179
TSS_1414_storz_regulondb,0.1,9,9,GTGTCCTCGACTTTTGAGGG,0,40548
TSS_1414_storz_regulondb,0.1,9,9,GTGTCCGAAAGTAGCAGAGC,0,36295
TSS_1414_storz_regulondb,0.1,9,9,GTGTCCCCCAGCATAAACCA,0,15840
TSS_1414_storz_regulondb,0.1,9,9,GTGTCCAACGATGTCGCAAA,0,38351
TSS_1414_storz_regulondb,0.1,9,9,GTGTAGTCGAGATGGTTTTT,0,41446
TSS_1414_storz_regulondb,0.1,9,9,GTGTAGGGGCACGGATTCCA,0,80856
TSS_1414_storz_regulondb,0.1,9,9,GTGTAGATCTGTGCTTTAGT,0,26547
TSS_1414_storz_regulondb,0.1,9,9,GTGGGCACCCGCCACGGCTG,0,11779
TSS_1414_storz_regulondb,0.1,9,9,GTGGAGATTTCCACTTTCGC,0,36998
TSS_1414_storz_regulondb,0.1,9,9,GTGGAATGACCGAACGAGAT,0,20479
TSS_1414_storz_regulondb,0.1,9,9,GTGCCTAACGCTATATAGGC,0,20904
TSS_1414_storz_regulondb,0.1,9,9,GTGCCGATCTATTGGGCGTA,0,69831
TSS_1414_storz_regulondb,0.1,9,9,GTGATGCGCCCAGAGAGCGG,0,43440
TSS_1414_storz_regulondb,0.1,9,9,GTGACCCATAGCTGGTCACG,0,12335
TSS_1414_storz_regulondb,0.1,9,9,GTGAACTCCTATAATGTTTT,0,74308
TSS_1414_storz_regulondb,0.1,9,9,GTCTTCCATGTACTTTGAGC,0,46489
TSS_1414_storz_regulondb,0.1,9,9,GTCTCGGAAATCCAACTGCT,0,36483
TSS_1414_storz_regulondb,0.1,9,9,GTCTCCGCCAGCTCAGCCAT,0,1968
TSS_1414_storz_regulondb,0.1,9,9,GTCTCAGGCTCATATCGCAG,0,48060
TSS_1414_storz_regulondb,0.1,9,9,GTCGGGATCCACGTTAGTTT,0,47983
TSS_1414_storz_regulondb,0.1,9,9,GTCGGACCGAGAATACAACG,0,62792
TSS_1414_storz_regulondb,0.1,9,9,GTCGAACTCAACGGCGGTTG,0,20919
TSS_1414_storz_regulondb,0.1,9,9,GTCCTATTTTCTAGCTGTGC,0,59983
TSS_1414_storz_regulondb,0.1,9,9,GTCCCAAGTCAGACTTCCAT,0,71018
TSS_1414_storz_regulondb,0.1,9,9,GTCATGGTTCGAAAGTCCGT,0,79303
TSS_1414_storz_regulondb,0.1,9,9,GTATTGAGGGAAAACAGCAG,0,861
TSS_1414_storz_regulondb,0.1,9,9,GTATGCAACGTAAGACCAGA,0,2449
TSS_1414_storz_regulondb,0.1,9,9,GTATCTGAAGGCATATCGTG,0,63323
TSS_1414_storz_regulondb,0.1,9,9,GTATCGAAGCTTCTATAAAG,0,55998
TSS_1414_storz_regulondb,0.1,9,9,GTAGTTTCCAACACCATTTA,0,44320
TSS_1414_storz_regulondb,0.1,9,9,GTAGCGACTCGGTCCAAACC,0,51626
TSS_1414_storz_regulondb,0.1,9,9,GTACGGAGCTCTGTCACTTA,0,63092
TSS_1414_storz_regulondb,0.1,9,9,GTACGCTACCGCTACGGGCA,0,65722
TSS_1414_storz_regulondb,0.1,9,9,GTACCATGACGTTAGTCCTA,0,25303
TSS_1414_storz_regulondb,0.1,9,9,GTACCATAAAGCGAGATGGA,0,19407
TSS_1414_storz_regulondb,0.1,9,9,GTACCAGTCCGGAGCAACGG,0,1219
TSS_1414_storz_regulondb,0.1,9,9,GTAAGATTGTATAACTCACT,0,3738
TSS_1414_storz_regulondb,0.1,9,9,GTAACGGAAAATACTACCTA,0,40159
TSS_1414_storz_regulondb,0.1,9,9,GTAAATTTCCTAGGCCCGAA,0,62611
TSS_1414_storz_regulondb,0.1,9,9,GTAAAACATCTGACTTGCTT,0,54012
TSS_1414_storz_regulondb,0.1,9,9,GGTTTCTTCGCACCGGTGAT,0,47788
TSS_1414_storz_regulondb,0.1,9,9,GGTTGGCAGAAGAGACGTCG,0,20609
TSS_1414_storz_regulondb,0.1,9,9,GGTTGATCAGGCCCAGACGA,0,64613
TSS_1414_storz_regulondb,0.1,9,9,GGTTCTATGTCATTGTCGCC,0,30691
TSS_1414_storz_regulondb,0.1,9,9,GGTTCCTTAACAGAGAGATC,0,30956
TSS_1414_storz_regulondb,0.1,9,9,GGTCTCAATTCAGCAAGAAG,0,12659
TSS_1414_storz_regulondb,0.1,9,9,GGTCAATAGAACTCCGTTAC,0,16740
TSS_1414_storz_regulondb,0.1,9,9,GGTAGTGGTGGTAGTAAGCT,0,61139
TSS_1414_storz_regulondb,0.1,9,9,GGTAGCACGTGTGAGCGTCC,0,7137
TSS_1414_storz_regulondb,0.1,9,9,GGTACTGTGTTGTGCCCGAT,0,80094
TSS_1414_storz_regulondb,0.1,9,9,GGTAATAGGTCGATTTTAAC,0,44107
TSS_1414_storz_regulondb,0.1,9,9,GGTAAATTATCCTATTCCGT,0,9343
TSS_1414_storz_regulondb,0.1,9,9,GGGGTATTGATCGCCCCGGC,0,32862
TSS_1414_storz_regulondb,0.1,9,9,GGGGGTGTAGGCCACGCCTA,0,6613
TSS_1414_storz_regulondb,0.1,9,9,GGGGGTAACACTGCTAGTCA,0,39437
TSS_1414_storz_regulondb,0.1,9,9,GGGGGACGGACAGGAGAAGA,0,7070
TSS_1414_storz_regulondb,0.1,9,9,GGGCTCTACGGGGCGTCAAT,0,35709
TSS_1414_storz_regulondb,0.1,9,9,GGGATGGAGGACCTGCGATG,0,57827
TSS_1414_storz_regulondb,0.1,9,9,GGGAGTTCTACAATAACTAT,0,47425
TSS_1414_storz_regulondb,0.1,9,9,GGGAGGAGCTATGTACACTT,0,70880
TSS_1414_storz_regulondb,0.1,9,9,GGGACTGAAAGCCGGCCATT,0,28656
TSS_1414_storz_regulondb,0.1,9,9,GGGAATTGGCGGTTACGAAT,0,43897
TSS_1414_storz_regulondb,0.1,9,9,GGGAACGAAGAACCGTTGTT,0,80930
TSS_1414_storz_regulondb,0.1,9,9,GGGAAATACATCCGGGTCAC,0,37724
TSS_1414_storz_regulondb,0.1,9,9,GGCTGAGTCGAAAGCTCAGG,0,27121
TSS_1414_storz_regulondb,0.1,9,9,GGCTCCCTCAGGGTCAAGGG,0,26425
TSS_1414_storz_regulondb,0.1,9,9,GGCTAATCATTAACTTGACC,0,56983
TSS_1414_storz_regulondb,0.1,9,9,GGCGGGTTACTGTAAACCGT,0,63543
TSS_1414_storz_regulondb,0.1,9,9,GGCGCCTCATCGGCTTGCGC,0,17840
TSS_1414_storz_regulondb,0.1,9,9,GGCGAGTGACAAACCACAAA,0,9486
TSS_1414_storz_regulondb,0.1,9,9,GGCCGGCAGCGATTCCTGCA,0,13096
TSS_1414_storz_regulondb,0.1,9,9,GGCCGCGAGGGGCTGCTCTA,0,54979
TSS_1414_storz_regulondb,0.1,9,9,GGCCGAGAAACGAATACTAG,0,19134
TSS_1414_storz_regulondb,0.1,9,9,GGCCATATCATCCGGCAAAT,0,54205
TSS_1414_storz_regulondb,0.1,9,9,GGCCAAGCAAGTGGAGAGTC,0,34967
TSS_1414_storz_regulondb,0.1,9,9,GGCACTCTGGGTCGTCACAT,0,59115
TSS_1414_storz_regulondb,0.1,9,9,GGCACCATCTTATGCATTCT,0,27399
TSS_1414_storz_regulondb,0.1,9,9,GGCAACAGGCAGGGAAGGTT,0,41772
TSS_1414_storz_regulondb,0.1,9,9,GGATTAACCCTCTCGAGTAA,0,29888
TSS_1414_storz_regulondb,0.1,9,9,GGATGGATCAGACGAAGGAT,0,53418
TSS_1414_storz_regulondb,0.1,9,9,GGATCTTGTAGCCATGCTAC,0,3225
TSS_1414_storz_regulondb,0.1,9,9,GGATCACGGTGATCACGAAT,0,63352
TSS_1414_storz_regulondb,0.1,9,9,GGAGTTCAGAGTACCACATC,0,34439
TSS_1414_storz_regulondb,0.1,9,9,GGACTTAAACGTTGTCCACA,0,12868
TSS_1414_storz_regulondb,0.1,9,9,GGACTGCGCTAAGAATGCCA,0,80851
TSS_1414_storz_regulondb,0.1,9,9,GGACGCTGAACGACGAAGCG,0,32001
TSS_1414_storz_regulondb,0.1,9,9,GGAATGTGTTTAACAGTACA,0,44324
TSS_1414_storz_regulondb,0.1,9,9,GGAAGGGACACGCTGTATGA,0,4976
TSS_1414_storz_regulondb,0.1,9,9,GCTTTCGGGCCATAGAACGT,0,17195
TSS_1414_storz_regulondb,0.1,9,9,GCTTGTGTTTCGGTGGTCGT,0,7092
TSS_1414_storz_regulondb,0.1,9,9,GCTTCAGAACGTGCTAGGTC,0,45314
TSS_1414_storz_regulondb,0.1,9,9,GCTGGTAATACCCAGGCCTA,0,50753
TSS_1414_storz_regulondb,0.1,9,9,GCTCTGACGGCTGGACCAAA,0,40217
TSS_1414_storz_regulondb,0.1,9,9,GCTCTGACCCAACGTAGTAC,0,62124
TSS_1414_storz_regulondb,0.1,9,9,GCTCTCACTGCCTCACGGAT,0,59300
TSS_1414_storz_regulondb,0.1,9,9,GCTAGAGTCATCGTTCAACA,0,34896
TSS_1414_storz_regulondb,0.1,9,9,GCTACCGCGAACCCTTTTAA,0,25835
TSS_1414_storz_regulondb,0.1,9,9,GCTAAGTTATACACGGCGAA,0,35977
TSS_1414_storz_regulondb,0.1,9,9,GCTAAGGAAAGGAGTCACAT,0,3740
TSS_1414_storz_regulondb,0.1,9,9,GCGTTCGTTCCGGCTTGCGC,0,65820
TSS_1414_storz_regulondb,0.1,9,9,GCGTGCACCAGAGTAATGTA,0,40130
TSS_1414_storz_regulondb,0.1,9,9,GCGTATTTTGTCTTAAGAAC,0,69871
TSS_1414_storz_regulondb,0.1,9,9,GCGTATGGATAAGTCTTACA,0,4858
TSS_1414_storz_regulondb,0.1,9,9,GCGGTGGCAACAGGGACGGT,0,62097
TSS_1414_storz_regulondb,0.1,9,9,GCGGTCGAGTAGTCCGACTG,0,78147
TSS_1414_storz_regulondb,0.1,9,9,GCGGGAACATCGTGGGCGTC,0,46073
TSS_1414_storz_regulondb,0.1,9,9,GCGGAGGATCATGTAACCGG,0,75521
TSS_1414_storz_regulondb,0.1,9,9,GCGCGTGCGCGGTTTGTATG,0,15683
TSS_1414_storz_regulondb,0.1,9,9,GCGCGGGCCAGCTGCCGGGC,0,61156
TSS_1414_storz_regulondb,0.1,9,9,GCGCCCGGATGGACAGTTGT,0,1348
TSS_1414_storz_regulondb,0.1,9,9,GCGCATCCACTACCTACACT,0,74558
TSS_1414_storz_regulondb,0.1,9,9,GCGCACTGTCCTGACATCAC,0,59191
TSS_1414_storz_regulondb,0.1,9,9,GCGCAAACAAACCTAGATTT,0,55495
TSS_1414_storz_regulondb,0.1,9,9,GCGATCTTCGGGCACGATCC,0,16270
TSS_1414_storz_regulondb,0.1,9,9,GCCTGTTAGATGCCTGGGAT,0,54359
TSS_1414_storz_regulondb,0.1,9,9,GCCTAGCATCGCCTTCGGGC,0,19244
TSS_1414_storz_regulondb,0.1,9,9,GCCGGTCAATTTGTTAGAGG,0,25120
TSS_1414_storz_regulondb,0.1,9,9,GCCGCCAGATAAGAGGGAGT,0,31506
TSS_1414_storz_regulondb,0.1,9,9,GCCGCAAGGCAAGACGGGAC,0,28679
TSS_1414_storz_regulondb,0.1,9,9,GCCGACAAGGATGCTAGATT,0,28212
TSS_1414_storz_regulondb,0.1,9,9,GCCCTGATTGCTCCAGTTTT,0,12614
TSS_1414_storz_regulondb,0.1,9,9,GCCCGTACTTGGGCTCAGTG,0,17864
TSS_1414_storz_regulondb,0.1,9,9,GCCCGCGCGATGAACTGCTG,0,8829
TSS_1414_storz_regulondb,0.1,9,9,GCCCCGTAATTCTGCCAGAC,0,58808
TSS_1414_storz_regulondb,0.1,9,9,GCCAGGTAGCAGTTAATAAC,0,70405
TSS_1414_storz_regulondb,0.1,9,9,GCCACTAAGGCCGGTCCGAT,0,13470
TSS_1414_storz_regulondb,0.1,9,9,GCATGGCAGCAAGGAATTAA,0,77980
TSS_1414_storz_regulondb,0.1,9,9,GCACGGTAAAGGAGAGGTTT,0,5991
TSS_1414_storz_regulondb,0.1,9,9,GCACCTCACCCTACATGGTC,0,5163
TSS_1414_storz_regulondb,0.1,9,9,GCACAGGTGCAATCGCCATA,0,30737
TSS_1414_storz_regulondb,0.1,9,9,GCAACTCGGTTAAATCAATT,0,67003
TSS_1414_storz_regulondb,0.1,9,9,GCAAAGCGAACGCCGTGCGA,0,60862
TSS_1414_storz_regulondb,0.1,9,9,GATTAACTTACGGTGCATGT,0,32330
TSS_1414_storz_regulondb,0.1,9,9,GATGGCAGAGGCCGTCCAGC,0,54210
TSS_1414_storz_regulondb,0.1,9,9,GATGCTACAGCCAGTTCTGG,0,31253
TSS_1414_storz_regulondb,0.1,9,9,GATGCCCATCTCCATTAGGT,0,16088
TSS_1414_storz_regulondb,0.1,9,9,GATGAGTACGTGCGGGGTCT,0,35059
TSS_1414_storz_regulondb,0.1,9,9,GATCGTGGAGACTATGGACT,0,66220
TSS_1414_storz_regulondb,0.1,9,9,GATCCCGGGAACTCCACACT,0,52460
TSS_1414_storz_regulondb,0.1,9,9,GATCACCTGCCTGGACCCTG,0,46501
TSS_1414_storz_regulondb,0.1,9,9,GATACATCACTCTGCTGTGT,0,35103
TSS_1414_storz_regulondb,0.1,9,9,GATAACACTAAACTGTTCCT,0,23570
TSS_1414_storz_regulondb,0.1,9,9,GAGTGAGAGCGTATAGGGGA,0,4134
TSS_1414_storz_regulondb,0.1,9,9,GAGTAATCGCGTACACGTGA,0,44607
TSS_1414_storz_regulondb,0.1,9,9,GAGGTCTTGCTAACCTGAGT,0,12656
TSS_1414_storz_regulondb,0.1,9,9,GAGGCTCCGAAATAAGTATG,0,47513
TSS_1414_storz_regulondb,0.1,9,9,GAGCGCTTTTCACGGGTAAA,0,58041
TSS_1414_storz_regulondb,0.1,9,9,GAGCCCACGATATGTTCTGG,0,66135
TSS_1414_storz_regulondb,0.1,9,9,GACTGCCCTGCGACGGAGTA,0,62387
TSS_1414_storz_regulondb,0.1,9,9,GACGTACCATCTCGCTCTAT,0,75520
TSS_1414_storz_regulondb,0.1,9,9,GACGGCCGAAAAGAAATACT,0,60299
TSS_1414_storz_regulondb,0.1,9,9,GACCTAGGGCATGTGCGCGG,0,2202
TSS_1414_storz_regulondb,0.1,9,9,GACCGAGACGTAAGGAAATC,0,63223
TSS_1414_storz_regulondb,0.1,9,9,GACCCTAGCGCGACAAACTT,0,25838
TSS_1414_storz_regulondb,0.1,9,9,GACCAAGCTTACAAGTGCAC,0,21912
TSS_1414_storz_regulondb,0.1,9,9,GACAGTGTTTATTACTCATC,0,13655
TSS_1414_storz_regulondb,0.1,9,9,GAATTCCCTCTGATTAGGAC,0,8103
TSS_1414_storz_regulondb,0.1,9,9,GAATGTCCAAAGAGGTGTGC,0,51716
TSS_1414_storz_regulondb,0.1,9,9,GAATAGCTCCCTTGAGAAAT,0,70283
TSS_1414_storz_regulondb,0.1,9,9,GAATACAGCCCGGAGTCCGT,0,59102
TSS_1414_storz_regulondb,0.1,9,9,GAAGTCTATTAACATTTGTT,0,70305
TSS_1414_storz_regulondb,0.1,9,9,GAAGGCATCGTAGGAACGGG,0,16758
TSS_1414_storz_regulondb,0.1,9,9,GAAGCACCGTAGTATTAAGC,0,25622
TSS_1414_storz_regulondb,0.1,9,9,GAACTCTGGGTCCGGGCATA,0,11326
TSS_1414_storz_regulondb,0.1,9,9,GAACGAGGCGCTACCGAAAT,0,15374
TSS_1414_storz_regulondb,0.1,9,9,GAAAGAATTCGAGCCAGTGA,0,38998
TSS_1414_storz_regulondb,0.1,9,9,GAAACCAGATCCGATCGAAT,0,55367
TSS_1414_storz_regulondb,0.1,9,9,GAAACAGGGGATTGTTTCAG,0,59488
TSS_1414_storz_regulondb,0.1,9,9,GAAAATTCGTTCGGGCAGAA,0,54247
TSS_1414_storz_regulondb,0.1,9,9,GAAAACCAGGTTTTCCGCTC,0,206
TSS_1414_storz_regulondb,0.1,9,9,CTTTCAGACACATCTGGTAA,0,50180
TSS_1414_storz_regulondb,0.1,9,9,CTTGGGCAGTTGTGGTTCCA,0,67410
TSS_1414_storz_regulondb,0.1,9,9,CTTGCATCTAGCTAGTACAC,0,50120
TSS_1414_storz_regulondb,0.1,9,9,CTTCTTTAGAGGCACACGAT,0,23849
TSS_1414_storz_regulondb,0.1,9,9,CTTCTATATCGAGTGCCCCA,0,25109
TSS_1414_storz_regulondb,0.1,9,9,CTTCCCATACTCTTGCACGT,0,18760
TSS_1414_storz_regulondb,0.1,9,9,CTTCATGGCTCTCACTTAAC,0,31051
TSS_1414_storz_regulondb,0.1,9,9,CTTCAGGTATGAACCCGCGG,0,59123
TSS_1414_storz_regulondb,0.1,9,9,CTTCAATATCAACGTACGAA,0,77698
TSS_1414_storz_regulondb,0.1,9,9,CTGTTTTTATCTGAGAGTTC,0,17943
TSS_1414_storz_regulondb,0.1,9,9,CTGTGGTGCCTATCATATAC,0,20696
TSS_1414_storz_regulondb,0.1,9,9,CTGTCTCCCTGAATGCTATG,0,58090
TSS_1414_storz_regulondb,0.1,9,9,CTGGCCGAAGAGAGCAATGC,0,274
TSS_1414_storz_regulondb,0.1,9,9,CTGGAGAAGCTTAAAGCTTA,0,37256
TSS_1414_storz_regulondb,0.1,9,9,CTGCTTAATTCATTGTGCAC,0,35035
TSS_1414_storz_regulondb,0.1,9,9,CTGCACGACGCACTTTCACT,0,46924
TSS_1414_storz_regulondb,0.1,9,9,CTGAGGTTTCACATTGAACA,0,77266
TSS_1414_storz_regulondb,0.1,9,9,CTCTGGCGTCTAGCCACCCA,0,58482
TSS_1414_storz_regulondb,0.1,9,9,CTCTATATAGGTCGGTCTCT,0,30800
TSS_1414_storz_regulondb,0.1,9,9,CTCGGGGCGTCTTCCTAGCT,0,22080
TSS_1414_storz_regulondb,0.1,9,9,CTCGACTACCTCTTGTATTC,0,22171
TSS_1414_storz_regulondb,0.1,9,9,CTCATAGGTGGGTCAGCACT,0,70551
TSS_1414_storz_regulondb,0.1,9,9,CTATCTGACAGAACGTATTC,0,40511
TSS_1414_storz_regulondb,0.1,9,9,CTATCACCGGCTTCATTATG,0,46532
TSS_1414_storz_regulondb,0.1,9,9,CTATCACAGAGTCTACAAAT,0,8595
TSS_1414_storz_regulondb,0.1,9,9,CTATACGCGGAGCATGTTCA,0,31728
TSS_1414_storz_regulondb,0.1,9,9,CTAGGTCTATGTTATCATGT,0,16432
TSS_1414_storz_regulondb,0.1,9,9,CTAGGGTATCCCTCGCCGTG,0,8233
TSS_1414_storz_regulondb,0.1,9,9,CTAGCGAAAGTCGGTCCGCA,0,39734
TSS_1414_storz_regulondb,0.1,9,9,CTAATCGGGACTGTACGTTT,0,16599
TSS_1414_storz_regulondb,0.1,9,9,CTAACCGGCGGCCTCTTGAA,0,67016
TSS_1414_storz_regulondb,0.1,9,9,CTAAATCGAAAACTAACACC,0,72832
TSS_1414_storz_regulondb,0.1,9,9,CGTGTACCTAAGACCCGCTC,0,25694
TSS_1414_storz_regulondb,0.1,9,9,CGTGGAGTCGCAATACCGCG,0,59267
TSS_1414_storz_regulondb,0.1,9,9,CGTCATCCGCTACCTGTAGT,0,53306
TSS_1414_storz_regulondb,0.1,9,9,CGTCAGTTCCCAGCGGATGA,0,73066
TSS_1414_storz_regulondb,0.1,9,9,CGTATATACTAAGACGTCCA,0,43669
TSS_1414_storz_regulondb,0.1,9,9,CGGTTCATCTATGACAAGGG,0,1512
TSS_1414_storz_regulondb,0.1,9,9,CGGTGGCAAGATGGGGATGA,0,58528
TSS_1414_storz_regulondb,0.1,9,9,CGGTCTTGCCCGGCGGACAT,0,59848
TSS_1414_storz_regulondb,0.1,9,9,CGGGTCAACATCGTTACAAT,0,34247
TSS_1414_storz_regulondb,0.1,9,9,CGGGACTTCTGATACACCGG,0,38830
TSS_1414_storz_regulondb,0.1,9,9,CGGGACTTCTCCTCCAGGGG,0,9310
TSS_1414_storz_regulondb,0.1,9,9,CGGCTTAAATGCACAGGAGT,0,56383
TSS_1414_storz_regulondb,0.1,9,9,CGGCTCCGCACAGACTCAAT,0,9964
TSS_1414_storz_regulondb,0.1,9,9,CGGCGCCGGTCAGCCCTGTT,0,34616
TSS_1414_storz_regulondb,0.1,9,9,CGGCCAATGCCGAGGCGTTC,0,69239
TSS_1414_storz_regulondb,0.1,9,9,CGGATTCCTAGAGGATAGGT,0,15229
TSS_1414_storz_regulondb,0.1,9,9,CGGAGAGTAGAGCGTCCTCC,0,18721
TSS_1414_storz_regulondb,0.1,9,9,CGGAAGCCGCACCCAGGAGT,0,7057
TSS_1414_storz_regulondb,0.1,9,9,CGCTCTTACGCGTCTCTTGT,0,48467
TSS_1414_storz_regulondb,0.1,9,9,CGCTCCATGAGCGCACGACA,0,42902
TSS_1414_storz_regulondb,0.1,9,9,CGCGAGTGGTCCGGGACAGG,0,53613
TSS_1414_storz_regulondb,0.1,9,9,CGCGAATCTAATAGTTAAAG,0,15001
TSS_1414_storz_regulondb,0.1,9,9,CGCGAACTGCCGCTGTCTAA,0,74834
TSS_1414_storz_regulondb,0.1,9,9,CGCCTGGAAATACAGCATTC,0,21488
TSS_1414_storz_regulondb,0.1,9,9,CGCCGGGCTTTAGCAATTAT,0,46247
TSS_1414_storz_regulondb,0.1,9,9,CGCCGATAGTGAAAAGTGGG,0,71194
TSS_1414_storz_regulondb,0.1,9,9,CGCCCAAATGACAGGGTTTA,0,15645
TSS_1414_storz_regulondb,0.1,9,9,CGCATGGTGAGTAGGACAAC,0,69601
TSS_1414_storz_regulondb,0.1,9,9,CGCAGCTTTCAGCTCCCCAC,0,26109
TSS_1414_storz_regulondb,0.1,9,9,CGCACGTCAGCTAGCGTGCT,0,1194
TSS_1414_storz_regulondb,0.1,9,9,CGATGCACGGGTGGGTAGGG,0,22073
TSS_1414_storz_regulondb,0.1,9,9,CGAGTAGCGCACAGGGCGAT,0,78195
TSS_1414_storz_regulondb,0.1,9,9,CGAGCCCGTGACGCCATCCC,0,19054
TSS_1414_storz_regulondb,0.1,9,9,CGACTGGCCTATCTCCTATT,0,14588
TSS_1414_storz_regulondb,0.1,9,9,CGACTATCCTTACAGGGTGC,0,35231
TSS_1414_storz_regulondb,0.1,9,9,CGACCAGGTTCTCTGAGCTC,0,53528
TSS_1414_storz_regulondb,0.1,9,9,CGAATTATATTCCCTGACGG,0,74870
TSS_1414_storz_regulondb,0.1,9,9,CGAATTACCAGTAGATGACT,0,4350
TSS_1414_storz_regulondb,0.1,9,9,CGAAATCCGTAACAATCTCT,0,16353
TSS_1414_storz_regulondb,0.1,9,9,CGAAACTACTCAACTATATT,0,53031
TSS_1414_storz_regulondb,0.1,9,9,CCTTGTTTGTAGATTCATCT,0,53671
TSS_1414_storz_regulondb,0.1,9,9,CCTTGGATAAACGTATAGGT,0,39429
TSS_1414_storz_regulondb,0.1,9,9,CCTTAATACATGTGTCAACA,0,459
TSS_1414_storz_regulondb,0.1,9,9,CCTGTGTAGTACGTACGAGG,0,22734
TSS_1414_storz_regulondb,0.1,9,9,CCTGGAGATCATTGCGCGAA,0,62903
TSS_1414_storz_regulondb,0.1,9,9,CCTGATTGGAATACTGGCGG,0,49355
TSS_1414_storz_regulondb,0.1,9,9,CCTGAGATAAAGCTCAAGTT,0,80604
TSS_1414_storz_regulondb,0.1,9,9,CCTCTTCACTGGCATGCCAT,0,22909
TSS_1414_storz_regulondb,0.1,9,9,CCTCGCCTTAGTGGCCTACA,0,29216
TSS_1414_storz_regulondb,0.1,9,9,CCTCGCCACCGGACACACGA,0,53557
TSS_1414_storz_regulondb,0.1,9,9,CCTCGACAGTAAGGGATCCA,0,19291
TSS_1414_storz_regulondb,0.1,9,9,CCTCCCTTTATTAGCAGGTG,0,74787
TSS_1414_storz_regulondb,0.1,9,9,CCTCAGGTTCGCGCCTACTT,0,26883
TSS_1414_storz_regulondb,0.1,9,9,CCTCACTACGGTCATAACCA,0,47800
TSS_1414_storz_regulondb,0.1,9,9,CCTCAAGAAAAGCAGGTCTC,0,27733
TSS_1414_storz_regulondb,0.1,9,9,CCTATAGAGGGGTGGTGATG,0,69937
TSS_1414_storz_regulondb,0.1,9,9,CCTAAGACGAAGCATATTCT,0,72853
TSS_1414_storz_regulondb,0.1,9,9,CCGTGAACTAATGTTATTGA,0,65000
TSS_1414_storz_regulondb,0.1,9,9,CCGTCACCGGGCGCGATCTA,0,17775
TSS_1414_storz_regulondb,0.1,9,9,CCGTAGTTGCTCACGCACGT,0,16741
TSS_1414_storz_regulondb,0.1,9,9,CCGCAGGCCTCATTGTGCAT,0,28178
TSS_1414_storz_regulondb,0.1,9,9,CCGACTTGGAGGCTGGGTCT,0,62858
TSS_1414_storz_regulondb,0.1,9,9,CCGACGCCGTCCGGGGATAG,0,38918
TSS_1414_storz_regulondb,0.1,9,9,CCCTGATGTAGCAGTCCGTA,0,12135
TSS_1414_storz_regulondb,0.1,9,9,CCCGATGCTACCGTAGCCGG,0,60660
TSS_1414_storz_regulondb,0.1,9,9,CCCCTTACAATCAAGGCACC,0,161
TSS_1414_storz_regulondb,0.1,9,9,CCCCTAGCAACAGCAACCGT,0,60619
TSS_1414_storz_regulondb,0.1,9,9,CCCCGTGGACACTGAGCGAC,0,47853
TSS_1414_storz_regulondb,0.1,9,9,CCCCCCAGTCGCAGGGCCTA,0,50270
TSS_1414_storz_regulondb,0.1,9,9,CCCAGAGGTGCTATGCGATT,0,59599
TSS_1414_storz_regulondb,0.1,9,9,CCCACTCGTCACATGGCCAC,0,30146
TSS_1414_storz_regulondb,0.1,9,9,CCCACCGGAACTGGCGGGTT,0,65196
TSS_1414_storz_regulondb,0.1,9,9,CCCAACTTATTACTGCTTAT,0,66865
TSS_1414_storz_regulondb,0.1,9,9,CCATTCTATGCAACCGGGGA,0,49557
TSS_1414_storz_regulondb,0.1,9,9,CCATTCCCGCACAGATACCT,0,23491
TSS_1414_storz_regulondb,0.1,9,9,CCATGATGAAACCGGGCCAA,0,74726
TSS_1414_storz_regulondb,0.1,9,9,CCAGTTCCGCGTCCCGCCAT,0,24710
TSS_1414_storz_regulondb,0.1,9,9,CCACCTCGAGGTGCAACGGT,0,77755
TSS_1414_storz_regulondb,0.1,9,9,CCACAGGATATGCACAAAAT,0,8551
TSS_1414_storz_regulondb,0.1,9,9,CCACACGGTCGTGTTGATAC,0,36953
TSS_1414_storz_regulondb,0.1,9,9,CCAATCCGTGGGTCCACTTG,0,2975
TSS_1414_storz_regulondb,0.1,9,9,CCAACACCGCCCTGCATCAG,0,19543
TSS_1414_storz_regulondb,0.1,9,9,CATTCGGTACAGTATTGGGT,0,22049
TSS_1414_storz_regulondb,0.1,9,9,CATTCGGGAGGGAGCGCTTC,0,40367
TSS_1414_storz_regulondb,0.1,9,9,CATGCCTAAGAATTCTTAAT,0,15875
TSS_1414_storz_regulondb,0.1,9,9,CATGAGATAGAAAGGAGGGG,0,68284
TSS_1414_storz_regulondb,0.1,9,9,CATCAGGCCTGCCCCCGGGT,0,63419
TSS_1414_storz_regulondb,0.1,9,9,CATAGTGTCGAGGGTTGGAG,0,60247
TSS_1414_storz_regulondb,0.1,9,9,CATAGCCTGTTGTTTGGAGC,0,42498
TSS_1414_storz_regulondb,0.1,9,9,CAGTTGTATTCATCCTCTCA,0,55669
TSS_1414_storz_regulondb,0.1,9,9,CAGGTGGGATGGAACATGTT,0,59437
TSS_1414_storz_regulondb,0.1,9,9,CAGGTCACGCGTGATTCTTA,0,79152
TSS_1414_storz_regulondb,0.1,9,9,CAGGGGGTCTCCCAAGTCAG,0,34195
TSS_1414_storz_regulondb,0.1,9,9,CAGGCGTCTGGGCGCATGGG,0,42591
TSS_1414_storz_regulondb,0.1,9,9,CAGGCGGTTAATTTCGTTAT,0,12177
TSS_1414_storz_regulondb,0.1,9,9,CAGGATCGAAGGCATAAATT,0,48552
TSS_1414_storz_regulondb,0.1,9,9,CAGCTAAAGTGTGTGGGGGA,0,145
TSS_1414_storz_regulondb,0.1,9,9,CAGCGTATGCATATGCGGTA,0,43509
TSS_1414_storz_regulondb,0.1,9,9,CAGCATAAGGTCAGTTCTAC,0,25250
TSS_1414_storz_regulondb,0.1,9,9,CAGCACCCGGATGATAATGT,0,24458
TSS_1414_storz_regulondb,0.1,9,9,CAGATATACCGCTTGTTAGC,0,5700
TSS_1414_storz_regulondb,0.1,9,9,CAGAGGATAGAATCTTTTAA,0,70432
TSS_1414_storz_regulondb,0.1,9,9,CAGACCTGCTTACTCTGTGC,0,73991
TSS_1414_storz_regulondb,0.1,9,9,CACTAGCGCTAAAGAATTGT,0,50481
TSS_1414_storz_regulondb,0.1,9,9,CACGTCAGGGGGTAGTGTCT,0,77651
TSS_1414_storz_regulondb,0.1,9,9,CACGTACTATTCGCATGTAT,0,24467
TSS_1414_storz_regulondb,0.1,9,9,CACATGTTAAAAAATTGACC,0,9888
TSS_1414_storz_regulondb,0.1,9,9,CACATACTGGGCGTTGTGCT,0,60563
TSS_1414_storz_regulondb,0.1,9,9,CAATGGTACCAACATTTGCG,0,48528
TSS_1414_storz_regulondb,0.1,9,9,CAATGCCCTATTCCCGTAAT,0,69886
TSS_1414_storz_regulondb,0.1,9,9,CAATCTGGGCATTCAGATTA,0,66305
TSS_1414_storz_regulondb,0.1,9,9,CAATCGCGGTTTGTTATCCC,0,47234
TSS_1414_storz_regulondb,0.1,9,9,CAAGTCATTCGCCTCTCGAA,0,4396
TSS_1414_storz_regulondb,0.1,9,9,CAAGGTTGTCGTTATATGCC,0,1272
TSS_1414_storz_regulondb,0.1,9,9,CAAGGGCCGACCGGGACACA,0,79337
TSS_1414_storz_regulondb,0.1,9,9,CAAGCAGCCTGACACCTGCT,0,30491
TSS_1414_storz_regulondb,0.1,9,9,CAACGGCTGTAGCCCGCAGC,0,60345
TSS_1414_storz_regulondb,0.1,9,9,CAAATCCCCCCCCAGCCTCG,0,31060
TSS_1414_storz_regulondb,0.1,9,9,CAAATCAGACGAAGGGTATG,0,74798
TSS_1414_storz_regulondb,0.1,9,9,CAAAGATTATTAGAGGACCT,0,29534
TSS_1414_storz_regulondb,0.1,9,9,CAAAATCGTTCCATTAAGCC,0,7499
TSS_1414_storz_regulondb,0.1,9,9,CAAAATAGGCTGGAGTTTTT,0,52978
TSS_1414_storz_regulondb,0.1,9,9,CAAAATACCATGCGGTTTTG,0,66054
TSS_1414_storz_regulondb,0.1,9,9,CAAAACTCGCATTATGGATG,0,64792
TSS_1414_storz_regulondb,0.1,9,9,CAAAAACCCTCAGAAAAAGT,0,55338
TSS_1414_storz_regulondb,0.1,9,9,ATTTCAGGCCTTTCAGGTTA,0,10844
TSS_1414_storz_regulondb,0.1,9,9,ATTTACTGATCATTACGTTC,0,34308
TSS_1414_storz_regulondb,0.1,9,9,ATTGTGGCTCCTCTTTGCCA,0,21551
TSS_1414_storz_regulondb,0.1,9,9,ATTGGGGAATGGCCCACAAC,0,67540
TSS_1414_storz_regulondb,0.1,9,9,ATTGGCTCCAACTCGAATCA,0,57340
TSS_1414_storz_regulondb,0.1,9,9,ATTGGAAGCGGCCAGTGGCT,0,16795
TSS_1414_storz_regulondb,0.1,9,9,ATTGCGCCTTTATGAACTGT,0,3658
TSS_1414_storz_regulondb,0.1,9,9,ATTGATGCGATATTCGTATC,0,6778
TSS_1414_storz_regulondb,0.1,9,9,ATTCTCTGGTTTTTTTATCA,0,73114
TSS_1414_storz_regulondb,0.1,9,9,ATTCTATCAACTAGCGCTTT,0,27113
TSS_1414_storz_regulondb,0.1,9,9,ATTCTAATAGTCAATTTGGG,0,10408
TSS_1414_storz_regulondb,0.1,9,9,ATTCGCTAGTTTTGTAAGTC,0,51746
TSS_1414_storz_regulondb,0.1,9,9,ATTCCGACTGATTTGCTGGC,0,24486
TSS_1414_storz_regulondb,0.1,9,9,ATTCCCTGGTAGGATATCTT,0,21913
TSS_1414_storz_regulondb,0.1,9,9,ATTCCAACGTGTTATTTAGT,0,68324
TSS_1414_storz_regulondb,0.1,9,9,ATTAGCAGCCCGGCCCCAAC,0,11846
TSS_1414_storz_regulondb,0.1,9,9,ATGTGTTTGGCTGCAAATGA,0,38162
TSS_1414_storz_regulondb,0.1,9,9,ATGTCTAGAGTCTATTGGGT,0,28146
TSS_1414_storz_regulondb,0.1,9,9,ATGGGCGTACACTATCGACT,0,9276
TSS_1414_storz_regulondb,0.1,9,9,ATGGCCCCACACATCAGTCG,0,40745
TSS_1414_storz_regulondb,0.1,9,9,ATGGAAATTTCGGCGGCTCC,0,40535
TSS_1414_storz_regulondb,0.1,9,9,ATGCTTTTCAGCGGAATGAT,0,51035
TSS_1414_storz_regulondb,0.1,9,9,ATGCGTACCCAGAGTTTACG,0,42883
TSS_1414_storz_regulondb,0.1,9,9,ATGCCTATGCCGGGCTTCCA,0,47646
TSS_1414_storz_regulondb,0.1,9,9,ATGCCGATCTCCTACTCGCA,0,75899
TSS_1414_storz_regulondb,0.1,9,9,ATGCATGAGCTGGGGCTGGA,0,73055
TSS_1414_storz_regulondb,0.1,9,9,ATGCAACTCGACTATATGAT,0,49239
TSS_1414_storz_regulondb,0.1,9,9,ATGATCTTATTAATAGCGTC,0,48628
TSS_1414_storz_regulondb,0.1,9,9,ATGATCCTGATGAATCTTTT,0,60776
TSS_1414_storz_regulondb,0.1,9,9,ATCTTGAAGTGTGTCGGTTA,0,52261
TSS_1414_storz_regulondb,0.1,9,9,ATCGTAGAGACTGCGCATGT,0,51494
TSS_1414_storz_regulondb,0.1,9,9,ATCGGCTTTTAGCCGCTTAT,0,41207
TSS_1414_storz_regulondb,0.1,9,9,ATCGCTTCCACGGTCAGGTT,0,9641
TSS_1414_storz_regulondb,0.1,9,9,ATCGCCTGCTTTAAGTTGGT,0,79891
TSS_1414_storz_regulondb,0.1,9,9,ATCGACTTGGTGAATTGTTC,0,56267
TSS_1414_storz_regulondb,0.1,9,9,ATCCGGACGCAGAGGATAGA,0,36399
TSS_1414_storz_regulondb,0.1,9,9,ATCCAGAGAAGACTAAAATA,0,65194
TSS_1414_storz_regulondb,0.1,9,9,ATATGAGGTCGTCCCCCTGT,0,62695
TSS_1414_storz_regulondb,0.1,9,9,ATATCGTGCCCATTTCTGTA,0,31696
TSS_1414_storz_regulondb,0.1,9,9,ATATATTCATGCAGTGGCAA,0,67885
TSS_1414_storz_regulondb,0.1,9,9,ATAGGATAAAGGGGCTTCGC,0,3687
TSS_1414_storz_regulondb,0.1,9,9,ATAGGACAGAGCCACACGAA,0,38301
TSS_1414_storz_regulondb,0.1,9,9,ATAGCTTGTCCCTAGCTCAC,0,68676
TSS_1414_storz_regulondb,0.1,9,9,ATACGCTTACTAAAACGTCC,0,15392
TSS_1414_storz_regulondb,0.1,9,9,ATACGCCCCCAAAATCCCAC,0,2211
TSS_1414_storz_regulondb,0.1,9,9,ATACAACAGACGTCTAAGGA,0,13318
TSS_1414_storz_regulondb,0.1,9,9,ATAATGATCCCTTGTGCGGC,0,30929
TSS_1414_storz_regulondb,0.1,9,9,ATAAGGGGTAGCGCCTGGAA,0,12897
TSS_1414_storz_regulondb,0.1,9,9,ATAAGGCAATTCGAGTAAAT,0,24520
TSS_1414_storz_regulondb,0.1,9,9,ATAACAACGACAGGAGGTAT,0,28257
TSS_1414_storz_regulondb,0.1,9,9,AGTTGCAGCCAGAATTGGGC,0,12446
TSS_1414_storz_regulondb,0.1,9,9,AGTTCGCCGGTCAGATTGTA,0,36617
TSS_1414_storz_regulondb,0.1,9,9,AGTGTCTACCTTAACTATTA,0,9176
TSS_1414_storz_regulondb,0.1,9,9,AGTCCGTCTACCCGCCATCG,0,49255
TSS_1414_storz_regulondb,0.1,9,9,AGTCAAGTCCCGGACGATAT,0,65395
TSS_1414_storz_regulondb,0.1,9,9,AGTACGGGTATGTGGGTTTC,0,4924
TSS_1414_storz_regulondb,0.1,9,9,AGGTTTTTCTCCACAAGGAG,0,9947
TSS_1414_storz_regulondb,0.1,9,9,AGGTTAAAACCTCACCGGGC,0,37531
TSS_1414_storz_regulondb,0.1,9,9,AGGTGGGTTGTGGTTACAGT,0,22524
TSS_1414_storz_regulondb,0.1,9,9,AGGTGCACTTTGAGCGACAA,0,28744
TSS_1414_storz_regulondb,0.1,9,9,AGGTATCGTTCTCAGCTCTG,0,46425
TSS_1414_storz_regulondb,0.1,9,9,AGGTAGGGATGCGCGCATTA,0,51533
TSS_1414_storz_regulondb,0.1,9,9,AGGGTTGGACTCTAAAGTCA,0,19218
TSS_1414_storz_regulondb,0.1,9,9,AGGGGCATCAGAGGGGTCAG,0,47660
TSS_1414_storz_regulondb,0.1,9,9,AGGGGAACCAATAAATCTGA,0,48004
TSS_1414_storz_regulondb,0.1,9,9,AGGGATAAACAGTAATGTCC,0,51930
TSS_1414_storz_regulondb,0.1,9,9,AGGCTTGCCTGGTACACAAC,0,66783
TSS_1414_storz_regulondb,0.1,9,9,AGGCGCGAACAGAAGGTTCT,0,18541
TSS_1414_storz_regulondb,0.1,9,9,AGGCCCATAGCGTTTGATAA,0,66214
TSS_1414_storz_regulondb,0.1,9,9,AGGCCCAAGAGACGATAAAC,0,31050
TSS_1414_storz_regulondb,0.1,9,9,AGGATGACGCTACACACTGG,0,59666
TSS_1414_storz_regulondb,0.1,9,9,AGGATATCTCAAGACTCTCA,0,2020
TSS_1414_storz_regulondb,0.1,9,9,AGGAGTGTAGTTTGTAAGAC,0,6817
TSS_1414_storz_regulondb,0.1,9,9,AGCTTGTTCATTATCGGGTA,0,28752
TSS_1414_storz_regulondb,0.1,9,9,AGCTTGGCGGAAGGTCTCCT,0,77045
TSS_1414_storz_regulondb,0.1,9,9,AGCTTGGAGCTCTCCTGCAT,0,10597
TSS_1414_storz_regulondb,0.1,9,9,AGCTGGGGATGATTGTTTAG,0,65825
TSS_1414_storz_regulondb,0.1,9,9,AGCTGCCATCATCGCGGTAG,0,62046
TSS_1414_storz_regulondb,0.1,9,9,AGCTCTTGTTTAGGTCTCAT,0,78360
TSS_1414_storz_regulondb,0.1,9,9,AGCTCACCAAACTCTGTATT,0,26788
TSS_1414_storz_regulondb,0.1,9,9,AGCGTGGGTCCGCTTCACGA,0,74981
TSS_1414_storz_regulondb,0.1,9,9,AGCGCTCTAAGTACGTCAAT,0,73914
TSS_1414_storz_regulondb,0.1,9,9,AGCGCGTGGCGCTAATCGGA,0,42598
TSS_1414_storz_regulondb,0.1,9,9,AGCGACGTACTATGGCGGAT,0,55444
TSS_1414_storz_regulondb,0.1,9,9,AGCCGATCGGCTAAAACTTA,0,34681
TSS_1414_storz_regulondb,0.1,9,9,AGCATTGGCCAGAAGGACTC,0,52142
TSS_1414_storz_regulondb,0.1,9,9,AGCACATCGAACTTTGAGGA,0,9585
TSS_1414_storz_regulondb,0.1,9,9,AGATTGGATCAAACGTGGAC,0,21817
TSS_1414_storz_regulondb,0.1,9,9,AGATTCATCACGTGTGCCGC,0,45136
TSS_1414_storz_regulondb,0.1,9,9,AGATTCACCACACCTTCAGG,0,49020
TSS_1414_storz_regulondb,0.1,9,9,AGATTAGGCCTGTGATTGTA,0,72221
TSS_1414_storz_regulondb,0.1,9,9,AGATGTGAAAACGGAGATGC,0,45839
TSS_1414_storz_regulondb,0.1,9,9,AGATCTCGACCCGGATATCC,0,67801
TSS_1414_storz_regulondb,0.1,9,9,AGATCCTAGGTGGATCATTT,0,8179
TSS_1414_storz_regulondb,0.1,9,9,AGATATACGTGCTTGTCACT,0,15391
TSS_1414_storz_regulondb,0.1,9,9,AGATAAAAGCATCCTTACGA,0,53136
TSS_1414_storz_regulondb,0.1,9,9,AGAGTTTGCTTCAAGACACA,0,1417
TSS_1414_storz_regulondb,0.1,9,9,AGAGTATTCGATATTCAGTT,0,68601
TSS_1414_storz_regulondb,0.1,9,9,AGAACTTCTTCTCATTAGAT,0,74404
TSS_1414_storz_regulondb,0.1,9,9,AGAACGCGACCATGGTTTAG,0,58571
TSS_1414_storz_regulondb,0.1,9,9,ACTTCGGTAATGATCCCACT,0,21759
TSS_1414_storz_regulondb,0.1,9,9,ACTTAGCATGTTTCTATGTT,0,80810
TSS_1414_storz_regulondb,0.1,9,9,ACTTAAGTGACTCCGGTAGA,0,37419
TSS_1414_storz_regulondb,0.1,9,9,ACTGAGACCGAGAGAATCGT,0,45248
TSS_1414_storz_regulondb,0.1,9,9,ACTCGCTGTTGAGCGGTGAG,0,21609
TSS_1414_storz_regulondb,0.1,9,9,ACTCAACGGTGCAACTTACC,0,53646
TSS_1414_storz_regulondb,0.1,9,9,ACTACACAGGGCTAAAAGGT,0,44480
TSS_1414_storz_regulondb,0.1,9,9,ACGTGGATTATGGTGTCATT,0,44579
TSS_1414_storz_regulondb,0.1,9,9,ACGTCAGGGGCGGATTTCAA,0,13301
TSS_1414_storz_regulondb,0.1,9,9,ACGTACTCAGCCTGTGCGTA,0,1647
TSS_1414_storz_regulondb,0.1,9,9,ACGTAACGGGGGTTACATAC,0,57169
TSS_1414_storz_regulondb,0.1,9,9,ACGGTTACGACATCGCCGGG,0,69172
TSS_1414_storz_regulondb,0.1,9,9,ACGGTATTTCTAACTCAGCA,0,53072
TSS_1414_storz_regulondb,0.1,9,9,ACGGAGAGGTCTGGAACTGG,0,26329
TSS_1414_storz_regulondb,0.1,9,9,ACGGACACCGGTTGAATGAC,0,46042
TSS_1414_storz_regulondb,0.1,9,9,ACGCTGGGCTGCGAGGTGCA,0,28569
TSS_1414_storz_regulondb,0.1,9,9,ACGCGGCCTTGAGGTATATG,0,16403
TSS_1414_storz_regulondb,0.1,9,9,ACGAAGGAACAAACGGTGGA,0,67103
TSS_1414_storz_regulondb,0.1,9,9,ACGAACCCTGACAATCGTGC,0,39993
TSS_1414_storz_regulondb,0.1,9,9,ACGAAATATGGTTGTGCGTT,0,79179
TSS_1414_storz_regulondb,0.1,9,9,ACCTGGAGCGCGATTCATAA,0,45683
TSS_1414_storz_regulondb,0.1,9,9,ACCTCGGACAAGTGAATCGT,0,79548
TSS_1414_storz_regulondb,0.1,9,9,ACCGTCCGCCATTTACTCGT,0,22239
TSS_1414_storz_regulondb,0.1,9,9,ACCGTCATATGCTACATTTA,0,35869
TSS_1414_storz_regulondb,0.1,9,9,ACCGCCACCCAGGGACTATA,0,4095
TSS_1414_storz_regulondb,0.1,9,9,ACCGCAAACGTGTGCACGGC,0,64779
TSS_1414_storz_regulondb,0.1,9,9,ACCCTACGGTTAATTCCGGC,0,55625
TSS_1414_storz_regulondb,0.1,9,9,ACCCCTAGGGAAACTCTTTA,0,16089
TSS_1414_storz_regulondb,0.1,9,9,ACCATCTTTTTAAGCGAGCA,0,45611
TSS_1414_storz_regulondb,0.1,9,9,ACATTTCCCGTCCACCAACC,0,3214
TSS_1414_storz_regulondb,0.1,9,9,ACATTCCCGGGCAGGTAATT,0,13299
TSS_1414_storz_regulondb,0.1,9,9,ACATTACTCATTAAGGCGAC,0,8433
TSS_1414_storz_regulondb,0.1,9,9,ACATGCGAGTCAGGCTATAC,0,18657
TSS_1414_storz_regulondb,0.1,9,9,ACATCTCTCCGAGATGGTGC,0,62480
TSS_1414_storz_regulondb,0.1,9,9,ACATCGGGTTTTAAGGCCAG,0,16455
TSS_1414_storz_regulondb,0.1,9,9,ACATATAGATGGTTAGTAAA,0,64768
TSS_1414_storz_regulondb,0.1,9,9,ACAGGGTTCTTTTGGAGCCA,0,7430
TSS_1414_storz_regulondb,0.1,9,9,ACAGATACTTAAAGGGCTAT,0,22942
TSS_1414_storz_regulondb,0.1,9,9,ACAGATAAGCAATTTGCTGG,0,76508
TSS_1414_storz_regulondb,0.1,9,9,ACAGATAACATCAAGTTGGT,0,43174
TSS_1414_storz_regulondb,0.1,9,9,ACAGACAGCACCAAGGCGCA,0,21829
TSS_1414_storz_regulondb,0.1,9,9,ACAAATCGCATCTATATCAC,0,48872
TSS_1414_storz_regulondb,0.1,9,9,AATTGAGGAGCGACCGTCTG,0,3817
TSS_1414_storz_regulondb,0.1,9,9,AATTCGTTGCTCGTAGATAG,0,59980
TSS_1414_storz_regulondb,0.1,9,9,AATTCGACTCATCATAACTG,0,9890
TSS_1414_storz_regulondb,0.1,9,9,AATGCTGGTACCGAGCCAAT,0,73529
TSS_1414_storz_regulondb,0.1,9,9,AATGCAAACGTTGTTTGTAA,0,12639
TSS_1414_storz_regulondb,0.1,9,9,AATGAGTTCCGGGGGAGCTC,0,44172
TSS_1414_storz_regulondb,0.1,9,9,AATCTGTTGCCATTATTACA,0,39957
TSS_1414_storz_regulondb,0.1,9,9,AATCTCTCTCAGTGCGACAA,0,50749
TSS_1414_storz_regulondb,0.1,9,9,AATCTCAAACTGGGCACACT,0,43072
TSS_1414_storz_regulondb,0.1,9,9,AATCGGTAGGGGGCTGAGAG,0,11633
TSS_1414_storz_regulondb,0.1,9,9,AAGTGAGGAGTCAAAAAATT,0,38643
TSS_1414_storz_regulondb,0.1,9,9,AAGTCTCAGGTGGGGTGCCC,0,80156
TSS_1414_storz_regulondb,0.1,9,9,AAGTACGCAGAGTGCCTGGT,0,41579
TSS_1414_storz_regulondb,0.1,9,9,AAGGCCTTAAATCTGCTCAT,0,23571
TSS_1414_storz_regulondb,0.1,9,9,AAGGAAGGGACAGATTCGAA,0,17831
TSS_1414_storz_regulondb,0.1,9,9,AAGACATGAGATAGAGGGGG,0,73372
TSS_1414_storz_regulondb,0.1,9,9,AAGAAGAAGTAAGGACAAAA,0,31113
TSS_1414_storz_regulondb,0.1,9,9,AACTTACTCCGAAGCGTAAC,0,61807
TSS_1414_storz_regulondb,0.1,9,9,AACTCAGTCCTGCGGCGATG,0,77265
TSS_1414_storz_regulondb,0.1,9,9,AACGTCGCGTTTCGGACTCG,0,71101
TSS_1414_storz_regulondb,0.1,9,9,AACGCCTAATCGCACTCACT,0,31847
TSS_1414_storz_regulondb,0.1,9,9,AACCTCAGGCCAGTGCAGAT,0,79528
TSS_1414_storz_regulondb,0.1,9,9,AACCGAACCACCTTGGGCCT,0,21642
TSS_1414_storz_regulondb,0.1,9,9,AACAGGGGTGTCTGCAGGAT,0,15398
TSS_1414_storz_regulondb,0.1,9,9,AACACGATTCTTCTAAGTAA,0,24441
TSS_1414_storz_regulondb,0.1,9,9,AACACCGTGTTGCCGTAGGG,0,69273
TSS_1414_storz_regulondb,0.1,9,9,AACAACAGGTTGGGATCGTC,0,61348
TSS_1414_storz_regulondb,0.1,9,9,AAATTTGATACCCAACACGC,0,36109
TSS_1414_storz_regulondb,0.1,9,9,AAATTAAATCATCTCACAAA,0,32756
TSS_1414_storz_regulondb,0.1,9,9,AAATGCGAACGAGTAATCGT,0,65219
TSS_1414_storz_regulondb,0.1,9,9,AAATGATGAGTCGCCGCACA,0,45359
TSS_1414_storz_regulondb,0.1,9,9,AAAGTACAATGGGCACTCAA,0,19310
TSS_1414_storz_regulondb,0.1,9,9,AAAGCGGGAAGTCACCTATT,0,34469
TSS_1414_storz_regulondb,0.1,9,9,AAACTACCGAGAGACGCAAA,0,40524
TSS_1414_storz_regulondb,0.1,9,9,AAACGGCCTGGGCGTCTAGT,0,72440
TSS_1414_storz_regulondb,0.1,9,9,AAACGCGGGATCAACAGATT,0,30496
TSS_1414_storz_regulondb,0.1,9,9,AAACCACAGGTACTTCAGTC,0,25171
TSS_1414_storz_regulondb,0.1,9,9,AAAAGATTCTATAGGTCTGT,0,45493
TSS_1414_storz_regulondb,0.1111111111111111,8,8,TTTTTCAGGGAGCACCAAGG,0,36364
TSS_1414_storz_regulondb,0.1111111111111111,8,8,TTTTCGGATATTCTGGACGA,0,45029
TSS_1414_storz_regulondb,0.1111111111111111,8,8,TTTGGCATCAGCGACTGATG,0,6363
TSS_1414_storz_regulondb,0.1111111111111111,8,8,TTTGAGGGACATTGAAGCTG,0,10911
TSS_1414_storz_regulondb,0.1111111111111111,8,8,TTTCTGTATATTAAGATGGA,0,19970
TSS_1414_storz_regulondb,0.1111111111111111,8,8,TTTCTGACATCATTTCCTGT,0,33792
TSS_1414_storz_regulondb,0.1111111111111111,8,8,TTTCGCCGAGCTATCATGTT,0,35833
TSS_1414_storz_regulondb,0.1111111111111111,8,8,TTTCGCAATCGACAGACAAA,0,9587
TSS_1414_storz_regulondb,0.1111111111111111,8,8,TTTCAGTGTTCAGCGCGAGA,0,68745
TSS_1414_storz_regulondb,0.1111111111111111,8,8,TTTATACTTCTAATTGGATA,0,31501
TSS_1414_storz_regulondb,0.1111111111111111,8,8,TTTACTGGTTATTTTTGTTT,0,69626
TSS_1414_storz_regulondb,0.1111111111111111,8,8,TTGTTCCAAACAGAAAAGGA,0,3105
TSS_1414_storz_regulondb,0.1111111111111111,8,8,TTGTTACCTGTTCCTGGTTC,0,17411
TSS_1414_storz_regulondb,0.1111111111111111,8,8,TTGGTTTACTAGAAGAACCT,0,49635
TSS_1414_storz_regulondb,0.1111111111111111,8,8,TTGGTTGTCTGCTGGGTGGT,0,69512
TSS_1414_storz_regulondb,0.1111111111111111,8,8,TTGGGGTGACCCTAGATTCA,0,61935
TSS_1414_storz_regulondb,0.1111111111111111,8,8,TTGCCGGCTAGTAAGCGGTA,0,10677
TSS_1414_storz_regulondb,0.1111111111111111,8,8,TTGCCCGTGAAAATGTCCAG,0,16505
TSS_1414_storz_regulondb,0.1111111111111111,8,8,TTGATTATCTGGTTGGCTGC,0,77892
TSS_1414_storz_regulondb,0.1111111111111111,8,8,TTCTTTGAGCTTGCATCAGC,0,61361
TSS_1414_storz_regulondb,0.1111111111111111,8,8,TTCTTATGCAAGAACGATAT,0,11623
TSS_1414_storz_regulondb,0.1111111111111111,8,8,TTCTTATCCTCGTAACGGGT,0,42029
TSS_1414_storz_regulondb,0.1111111111111111,8,8,TTCTTAACCAGGGGATTCAA,0,1347
TSS_1414_storz_regulondb,0.1111111111111111,8,8,TTCTGCCAGCCTATTAAGGT,0,39217
TSS_1414_storz_regulondb,0.1111111111111111,8,8,TTCTGATGTACAATTAGGGC,0,65864
TSS_1414_storz_regulondb,0.1111111111111111,8,8,TTCTGAAACAGGGCAGTTCA,0,26771
TSS_1414_storz_regulondb,0.1111111111111111,8,8,TTCTCGCAGCAACCGCGCTA,0,48621
TSS_1414_storz_regulondb,0.1111111111111111,8,8,TTCTCCGTCAGCATGGCTTC,0,2041
TSS_1414_storz_regulondb,0.1111111111111111,8,8,TTCGTGTGTGGTTCCAGCCA,0,75501
TSS_1414_storz_regulondb,0.1111111111111111,8,8,TTCGGCGTCATACTTGGGGT,0,63150
TSS_1414_storz_regulondb,0.1111111111111111,8,8,TTCGGAAGTCCAACCTTGGC,0,65768
TSS_1414_storz_regulondb,0.1111111111111111,8,8,TTCGAGTATGCGTGGTCTGC,0,55897
TSS_1414_storz_regulondb,0.1111111111111111,8,8,TTCCTCAGGTCGAATCAAGG,0,2240
TSS_1414_storz_regulondb,0.1111111111111111,8,8,TTCCGCAAAGCAGCTTGGGG,0,31858
TSS_1414_storz_regulondb,0.1111111111111111,8,8,TTCCGACGCTGTACGCATTC,0,22398
TSS_1414_storz_regulondb,0.1111111111111111,8,8,TTCATGCAGCGTTTGTGGTT,0,73246
TSS_1414_storz_regulondb,0.1111111111111111,8,8,TTCAGTGGATTTCTCGACCT,0,50441
TSS_1414_storz_regulondb,0.1111111111111111,8,8,TTCAGTAGCTCCTCCCGAGC,0,13120
TSS_1414_storz_regulondb,0.1111111111111111,8,8,TTCAGGCGCAGTTAAGGCAT,0,43659
TSS_1414_storz_regulondb,0.1111111111111111,8,8,TTCAGAACCTTGTCGGTTTT,0,24583
TSS_1414_storz_regulondb,0.1111111111111111,8,8,TTCAAGATAAACCACCCAGC,0,52188
TSS_1414_storz_regulondb,0.1111111111111111,8,8,TTCAAGAGCACTCGAATTCA,0,78542
TSS_1414_storz_regulondb,0.1111111111111111,8,8,TTATGGTCACGGTATCAAAA,0,34252
TSS_1414_storz_regulondb,0.1111111111111111,8,8,TTATCGGGCTGAGAATTATG,0,38454
TSS_1414_storz_regulondb,0.1111111111111111,8,8,TTATCACGTATTACGAGCAC,0,72820
TSS_1414_storz_regulondb,0.1111111111111111,8,8,TTATACTATACTTTTAATAG,0,56063
TSS_1414_storz_regulondb,0.1111111111111111,8,8,TTAGGTCAGAAACGCCTCCC,0,73121
TSS_1414_storz_regulondb,0.1111111111111111,8,8,TTAGCGAGGGACATAGACAC,0,58527
TSS_1414_storz_regulondb,0.1111111111111111,8,8,TTAGCAGCATCTTGTTTCAT,0,78254
TSS_1414_storz_regulondb,0.1111111111111111,8,8,TTAGAGTGTTGAACGTATTT,0,33992
TSS_1414_storz_regulondb,0.1111111111111111,8,8,TTACGTCTAGTCTCGATAGC,0,28576
TSS_1414_storz_regulondb,0.1111111111111111,8,8,TTACATCATCTATACTGTAT,0,865
TSS_1414_storz_regulondb,0.1111111111111111,8,8,TTACAATTCCGCCTTGCTAG,0,65390
TSS_1414_storz_regulondb,0.1111111111111111,8,8,TTAATAAGAACCCGGCTTGT,0,46424
TSS_1414_storz_regulondb,0.1111111111111111,8,8,TTAAGGATCGGAAGTGATAG,0,39439
TSS_1414_storz_regulondb,0.1111111111111111,8,8,TTAACTAGCATACTAACTGT,0,77973
TSS_1414_storz_regulondb,0.1111111111111111,8,8,TTAACCCGGCGTACATAAAG,0,74766
TSS_1414_storz_regulondb,0.1111111111111111,8,8,TTAAAAGGACATCGAAAATT,0,21477
TSS_1414_storz_regulondb,0.1111111111111111,8,8,TGTTTGGTGCTCACCCTTCG,0,28693
TSS_1414_storz_regulondb,0.1111111111111111,8,8,TGTTTCTATCTTTAGCGGAT,0,59010
TSS_1414_storz_regulondb,0.1111111111111111,8,8,TGTTGGGTCCAGATCTATTA,0,20104
TSS_1414_storz_regulondb,0.1111111111111111,8,8,TGTTGCCACATGCTTGAATC,0,24473
TSS_1414_storz_regulondb,0.1111111111111111,8,8,TGTTCTCGGGTATTACATTG,0,57223
TSS_1414_storz_regulondb,0.1111111111111111,8,8,TGTGTTGGTTAATCATGAGT,0,6915
TSS_1414_storz_regulondb,0.1111111111111111,8,8,TGTGTATCAAGATGAGTAGT,0,7147
TSS_1414_storz_regulondb,0.1111111111111111,8,8,TGTCTTTGTCTTGGCTTTGC,0,34666
TSS_1414_storz_regulondb,0.1111111111111111,8,8,TGTCGGTAGCACCCTGACAA,0,69091
TSS_1414_storz_regulondb,0.1111111111111111,8,8,TGTCACTCTAGCGGTGTTAG,0,51094
TSS_1414_storz_regulondb,0.1111111111111111,8,8,TGTATCTGAGGAGTTTGGAG,0,31498
TSS_1414_storz_regulondb,0.1111111111111111,8,8,TGTAGGAGCCTACTGAGTGT,0,79678
TSS_1414_storz_regulondb,0.1111111111111111,8,8,TGTAGCGGTTCGTGGTATAG,0,69282
TSS_1414_storz_regulondb,0.1111111111111111,8,8,TGTACGAAGGGGTACGAAGG,0,70501
TSS_1414_storz_regulondb,0.1111111111111111,8,8,TGGTGTCTGTAGGAGCGCAG,0,3481
TSS_1414_storz_regulondb,0.1111111111111111,8,8,TGGTGAGCAATTGGCGAACG,0,49237
TSS_1414_storz_regulondb,0.1111111111111111,8,8,TGGGTTATGATATAAACGAA,0,40095
TSS_1414_storz_regulondb,0.1111111111111111,8,8,TGGGTATCTAAACTCCCATA,0,79520
TSS_1414_storz_regulondb,0.1111111111111111,8,8,TGGGCCAGGCCGTTCAGGCC,0,72960
TSS_1414_storz_regulondb,0.1111111111111111,8,8,TGGGCACTGAGTTTTGATAA,0,61009
TSS_1414_storz_regulondb,0.1111111111111111,8,8,TGGCTCGCACACAGTGCGTC,0,53570
TSS_1414_storz_regulondb,0.1111111111111111,8,8,TGGCTATTTCTGGCCGATAA,0,288
TSS_1414_storz_regulondb,0.1111111111111111,8,8,TGGCGTAACAACACATGAAT,0,67056
TSS_1414_storz_regulondb,0.1111111111111111,8,8,TGGCATTCGCTGACAGAGAC,0,10790
TSS_1414_storz_regulondb,0.1111111111111111,8,8,TGGACCTCTGAAGTTACACG,0,1353
TSS_1414_storz_regulondb,0.1111111111111111,8,8,TGGAAATGGGCCAGGTGAGA,0,70998
TSS_1414_storz_regulondb,0.1111111111111111,8,8,TGCTTTCGATCCAGAGCCCA,0,69745
TSS_1414_storz_regulondb,0.1111111111111111,8,8,TGCTTCCCTACGAACCAATA,0,31832
TSS_1414_storz_regulondb,0.1111111111111111,8,8,TGCTACGTACGGCAACCGAT,0,2318
TSS_1414_storz_regulondb,0.1111111111111111,8,8,TGCGGGCTCAACCAGTTCAC,0,74775
TSS_1414_storz_regulondb,0.1111111111111111,8,8,TGCGCTCATAGCGAGTATTG,0,54283
TSS_1414_storz_regulondb,0.1111111111111111,8,8,TGCCAGCCGAGCGAACTGAT,0,63157
TSS_1414_storz_regulondb,0.1111111111111111,8,8,TGCACTGGCCAACTCGACAT,0,20305
TSS_1414_storz_regulondb,0.1111111111111111,8,8,TGATTTTCATGTGCCGAGGC,0,33265
TSS_1414_storz_regulondb,0.1111111111111111,8,8,TGATTCCAAGGGCCGCCCCC,0,27222
TSS_1414_storz_regulondb,0.1111111111111111,8,8,TGATAGTCCTTTTAGAGGAA,0,61796
TSS_1414_storz_regulondb,0.1111111111111111,8,8,TGAGCAGACACGCCCGTGTC,0,74094
TSS_1414_storz_regulondb,0.1111111111111111,8,8,TGAGAGTCGTACGCTCAAGA,0,34480
TSS_1414_storz_regulondb,0.1111111111111111,8,8,TGACGGCAGTTGGGAGAGAG,0,9564
TSS_1414_storz_regulondb,0.1111111111111111,8,8,TGACATGGCAGGGTACTGAG,0,46579
TSS_1414_storz_regulondb,0.1111111111111111,8,8,TCTTGGCGGGTCTCATTAGG,0,68115
TSS_1414_storz_regulondb,0.1111111111111111,8,8,TCTTGATCGTATAAGTCATG,0,53588
TSS_1414_storz_regulondb,0.1111111111111111,8,8,TCTTACGTCTAAAGGAGATG,0,17390
TSS_1414_storz_regulondb,0.1111111111111111,8,8,TCTGTTATTCAGCTTCGCAG,0,69818
TSS_1414_storz_regulondb,0.1111111111111111,8,8,TCTGTAACTATCCAGTGTGA,0,13572
TSS_1414_storz_regulondb,0.1111111111111111,8,8,TCTGCCCGTGGACCGTTGCT,0,12921
TSS_1414_storz_regulondb,0.1111111111111111,8,8,TCTGACAGATAGCGGGTAGA,0,62928
TSS_1414_storz_regulondb,0.1111111111111111,8,8,TCTGAACTACTGCCTGCATG,0,37450
TSS_1414_storz_regulondb,0.1111111111111111,8,8,TCTCTTCTAGTGTTCGGTCT,0,21527
TSS_1414_storz_regulondb,0.1111111111111111,8,8,TCTCAAAAAACCCTTGGGAG,0,37681
TSS_1414_storz_regulondb,0.1111111111111111,8,8,TCTATCATATCAGGTGCACG,0,56999
TSS_1414_storz_regulondb,0.1111111111111111,8,8,TCGTTTACTATGTATATGTT,0,36968
TSS_1414_storz_regulondb,0.1111111111111111,8,8,TCGTGTAACGGAACAGCGAA,0,49296
TSS_1414_storz_regulondb,0.1111111111111111,8,8,TCGTACGCACGTTTTACCGG,0,12674
TSS_1414_storz_regulondb,0.1111111111111111,8,8,TCGGTTAATCCACATCTATC,0,69500
TSS_1414_storz_regulondb,0.1111111111111111,8,8,TCGGGTTACGTGACAATGTG,0,23697
TSS_1414_storz_regulondb,0.1111111111111111,8,8,TCGGGCTTAGTTGTGATGAT,0,36370
TSS_1414_storz_regulondb,0.1111111111111111,8,8,TCGGGAATGGCCGAGCTCTG,0,1787
TSS_1414_storz_regulondb,0.1111111111111111,8,8,TCGGATATAGATAGGGTGAT,0,42859
TSS_1414_storz_regulondb,0.1111111111111111,8,8,TCGCTTCGGGGATGGCAGAT,0,79524
TSS_1414_storz_regulondb,0.1111111111111111,8,8,TCGCTGATTCACGATCGGCG,0,28684
TSS_1414_storz_regulondb,0.1111111111111111,8,8,TCGCGTCTCGGTCTTGCTCA,0,4907
TSS_1414_storz_regulondb,0.1111111111111111,8,8,TCGCGGTGGGCCACAGATTA,0,60106
TSS_1414_storz_regulondb,0.1111111111111111,8,8,TCGCCCCAGTCACAGGGACA,0,16504
TSS_1414_storz_regulondb,0.1111111111111111,8,8,TCGATTTCATCATCGGACGT,0,40292
TSS_1414_storz_regulondb,0.1111111111111111,8,8,TCGAATTGAACACGGGAGGG,0,31628
TSS_1414_storz_regulondb,0.1111111111111111,8,8,TCGAAGGTTCGCCGTCCCGA,0,68251
TSS_1414_storz_regulondb,0.1111111111111111,8,8,TCGAAGAGTAGCGCGGATCG,0,44337
TSS_1414_storz_regulondb,0.1111111111111111,8,8,TCCTGAGAATGAAAAATCCC,0,28043
TSS_1414_storz_regulondb,0.1111111111111111,8,8,TCCTCAATCTCAGTTGTTGG,0,35021
TSS_1414_storz_regulondb,0.1111111111111111,8,8,TCCGGGAGGCAGCTAATTAA,0,74400
TSS_1414_storz_regulondb,0.1111111111111111,8,8,TCCGGAGCGGTCACGAATAC,0,37100
TSS_1414_storz_regulondb,0.1111111111111111,8,8,TCCCCTTATTTACAGCATTT,0,77176
TSS_1414_storz_regulondb,0.1111111111111111,8,8,TCCATTATCCGCCTCTTCGA,0,3825
TSS_1414_storz_regulondb,0.1111111111111111,8,8,TCCAGTTAGGCATCTTACGG,0,59161
TSS_1414_storz_regulondb,0.1111111111111111,8,8,TCATTATGGGATCGCTTGCA,0,52394
TSS_1414_storz_regulondb,0.1111111111111111,8,8,TCATTATCATTTACGTATGA,0,23363
TSS_1414_storz_regulondb,0.1111111111111111,8,8,TCATTAAAACCAGCAATCAT,0,32826
TSS_1414_storz_regulondb,0.1111111111111111,8,8,TCATGGGTGTCTTGATACCC,0,8679
TSS_1414_storz_regulondb,0.1111111111111111,8,8,TCATCGGCTTCGACAAGGAG,0,1533
TSS_1414_storz_regulondb,0.1111111111111111,8,8,TCAGTTATCCCAAGATCGGA,0,29324
TSS_1414_storz_regulondb,0.1111111111111111,8,8,TCAGCGTCATCGCCCTTAAA,0,51138
TSS_1414_storz_regulondb,0.1111111111111111,8,8,TCACGGGGATGTCCCTTTTT,0,73822
TSS_1414_storz_regulondb,0.1111111111111111,8,8,TCACGACCATGCAAGCCGAA,0,79017
TSS_1414_storz_regulondb,0.1111111111111111,8,8,TCAATACGAACAGTGTCGGA,0,30045
TSS_1414_storz_regulondb,0.1111111111111111,8,8,TCAACATCGACCTTGTCAGG,0,42458
TSS_1414_storz_regulondb,0.1111111111111111,8,8,TATTCTCCTAGGACTGAGAA,0,8024
TSS_1414_storz_regulondb,0.1111111111111111,8,8,TATTCCTCAGAGTCGCACCA,0,17758
TSS_1414_storz_regulondb,0.1111111111111111,8,8,TATTCAAGTGATTGGATGGT,0,54208
TSS_1414_storz_regulondb,0.1111111111111111,8,8,TATTAGAGAGTGGATTTACC,0,15599
TSS_1414_storz_regulondb,0.1111111111111111,8,8,TATGCATAACTCACGAAGAG,0,51501
TSS_1414_storz_regulondb,0.1111111111111111,8,8,TATGCAGAGTATTCGCACTC,0,68702
TSS_1414_storz_regulondb,0.1111111111111111,8,8,TATCGTACCCACGAAACTGA,0,42367
TSS_1414_storz_regulondb,0.1111111111111111,8,8,TATCGGCAACGCGGCTACTA,0,46160
TSS_1414_storz_regulondb,0.1111111111111111,8,8,TATAGGATACATGGAAGGGG,0,13918
TSS_1414_storz_regulondb,0.1111111111111111,8,8,TATACGATCAAAACACTCTT,0,58952
TSS_1414_storz_regulondb,0.1111111111111111,8,8,TATACCGGGGAGTATCGTGA,0,1505
TSS_1414_storz_regulondb,0.1111111111111111,8,8,TATACCCAAGGAAGGGCTCG,0,39561
TSS_1414_storz_regulondb,0.1111111111111111,8,8,TATACATTGAAACAGCGGGA,0,23672
TSS_1414_storz_regulondb,0.1111111111111111,8,8,TAGGTGAGCCTTATGGATAA,0,23381
TSS_1414_storz_regulondb,0.1111111111111111,8,8,TAGGCGAAACACTAGCAGAT,0,49547
TSS_1414_storz_regulondb,0.1111111111111111,8,8,TAGCGAGATCGGACGGCAAG,0,56258
TSS_1414_storz_regulondb,0.1111111111111111,8,8,TAGCAATCCTTTCATCAAAG,0,21422
TSS_1414_storz_regulondb,0.1111111111111111,8,8,TAGAATCCAATTATTAGCTA,0,65080
TSS_1414_storz_regulondb,0.1111111111111111,8,8,TAGAACTGGCATGCTTAAGC,0,42304
TSS_1414_storz_regulondb,0.1111111111111111,8,8,TACTACAGCCTCGCGGTTTA,0,32145
TSS_1414_storz_regulondb,0.1111111111111111,8,8,TACGGTTGTCCTTCACTGGT,0,59663
TSS_1414_storz_regulondb,0.1111111111111111,8,8,TACGGCGTCCGCGGGCAGTG,0,47162
TSS_1414_storz_regulondb,0.1111111111111111,8,8,TACGGCGACGTAGAGATCGC,0,65365
TSS_1414_storz_regulondb,0.1111111111111111,8,8,TACGATATTGGTTCGTAAGT,0,77431
TSS_1414_storz_regulondb,0.1111111111111111,8,8,TACGAGGTGGACGATTTATT,0,21543
TSS_1414_storz_regulondb,0.1111111111111111,8,8,TACCTGAAGTCGGTTAAATG,0,24834
TSS_1414_storz_regulondb,0.1111111111111111,8,8,TACCTCATTCGTCACAAGAT,0,33511
TSS_1414_storz_regulondb,0.1111111111111111,8,8,TACCGGCCCAACGCATATGG,0,21320
TSS_1414_storz_regulondb,0.1111111111111111,8,8,TACCCATGTGAATTAACACG,0,47564
TSS_1414_storz_regulondb,0.1111111111111111,8,8,TACCATGTTAATTCGCAGGG,0,1173
TSS_1414_storz_regulondb,0.1111111111111111,8,8,TACATTAACGGCAGAAGATG,0,38768
TSS_1414_storz_regulondb,0.1111111111111111,8,8,TACATAAGGTGGTTAGGACA,0,1285
TSS_1414_storz_regulondb,0.1111111111111111,8,8,TACACCGGGCCAGTTGGTAC,0,33660
TSS_1414_storz_regulondb,0.1111111111111111,8,8,TAATGCGCCTAATGTTAGTC,0,48487
TSS_1414_storz_regulondb,0.1111111111111111,8,8,TAATGAAAATCGTACAGGGA,0,20908
TSS_1414_storz_regulondb,0.1111111111111111,8,8,TAAGTTGGTCAGGAGTGGGA,0,45707
TSS_1414_storz_regulondb,0.1111111111111111,8,8,TAAGTGGACTGCGTTATCAT,0,35931
TSS_1414_storz_regulondb,0.1111111111111111,8,8,TAAGTGCGAATTGAGACTAA,0,64739
TSS_1414_storz_regulondb,0.1111111111111111,8,8,TAAGTCAGTTAGTATAGAGT,0,80600
TSS_1414_storz_regulondb,0.1111111111111111,8,8,TAAGTATTCCCACCTACACT,0,27149
TSS_1414_storz_regulondb,0.1111111111111111,8,8,TAAGCGCGACACTCCAGAGG,0,66249
TSS_1414_storz_regulondb,0.1111111111111111,8,8,TAAGCCCACCTTAACTGTCC,0,4522
TSS_1414_storz_regulondb,0.1111111111111111,8,8,TAACGTGGAGGATGTTGAGC,0,3815
TSS_1414_storz_regulondb,0.1111111111111111,8,8,TAACGCGCCTAACCCATAGT,0,39372
TSS_1414_storz_regulondb,0.1111111111111111,8,8,TAACCACCCGCCTCTCGAAT,0,13660
TSS_1414_storz_regulondb,0.1111111111111111,8,8,TAAATGGCTTTCCGCTACTG,0,38990
TSS_1414_storz_regulondb,0.1111111111111111,8,8,TAAAGTTGCCAAAAAGTTCG,0,62648
TSS_1414_storz_regulondb,0.1111111111111111,8,8,TAAACTGCAGGATCTGATGT,0,53542
TSS_1414_storz_regulondb,0.1111111111111111,8,8,TAAACCGCGTGCAACCCGAT,0,25944
TSS_1414_storz_regulondb,0.1111111111111111,8,8,TAAAAAATAGCGAGGTACGA,0,30337
TSS_1414_storz_regulondb,0.1111111111111111,8,8,GTTTGCGTGCCTCCGGGGTA,0,18753
TSS_1414_storz_regulondb,0.1111111111111111,8,8,GTTGTTAGTGATTGTAGGAG,0,77688
TSS_1414_storz_regulondb,0.1111111111111111,8,8,GTTGTGGGGAAACTACACTG,0,45861
TSS_1414_storz_regulondb,0.1111111111111111,8,8,GTTCTTAGCGCTCAAGGCTA,0,72255
TSS_1414_storz_regulondb,0.1111111111111111,8,8,GTTCGCACCGCGGGTTCGAA,0,48207
TSS_1414_storz_regulondb,0.1111111111111111,8,8,GTTCCTGAATGAGCAGCAGC,0,55161
TSS_1414_storz_regulondb,0.1111111111111111,8,8,GTTCCGGATCAGAGCTCGGA,0,45608
TSS_1414_storz_regulondb,0.1111111111111111,8,8,GTTACTGCTTAAGGGAGCAT,0,6844
TSS_1414_storz_regulondb,0.1111111111111111,8,8,GTGTCTCCGGGGCCTCCACG,0,46326
TSS_1414_storz_regulondb,0.1111111111111111,8,8,GTGGTGTCCAGAGAAGAGAG,0,17175
TSS_1414_storz_regulondb,0.1111111111111111,8,8,GTGGTGAATTGTGATGTGGT,0,43981
TSS_1414_storz_regulondb,0.1111111111111111,8,8,GTGGGGTGGCTTGTTTATAT,0,40372
TSS_1414_storz_regulondb,0.1111111111111111,8,8,GTGGGGAAGCAGGGCGGTAT,0,32083
TSS_1414_storz_regulondb,0.1111111111111111,8,8,GTGGGACTCAAATTTTCGGT,0,59772
TSS_1414_storz_regulondb,0.1111111111111111,8,8,GTGGAGGCAAACATATCTCC,0,17847
TSS_1414_storz_regulondb,0.1111111111111111,8,8,GTGGAGCAAATGGCCTACGG,0,41323
TSS_1414_storz_regulondb,0.1111111111111111,8,8,GTGCGGGGTTAGGCCGGCTC,0,24108
TSS_1414_storz_regulondb,0.1111111111111111,8,8,GTGCCGTATGGCCCAGGCCT,0,72110
TSS_1414_storz_regulondb,0.1111111111111111,8,8,GTCTTCACCCTCATGCTCTG,0,32231
TSS_1414_storz_regulondb,0.1111111111111111,8,8,GTCTGTCGGGAGGTGCAACA,0,30941
TSS_1414_storz_regulondb,0.1111111111111111,8,8,GTCTGGTGAGACCCGAAGAG,0,50875
TSS_1414_storz_regulondb,0.1111111111111111,8,8,GTCTGCGTTAGTTTGAACGC,0,79635
TSS_1414_storz_regulondb,0.1111111111111111,8,8,GTCTGAAACTGGGGATTGAG,0,43636
TSS_1414_storz_regulondb,0.1111111111111111,8,8,GTCTCGCAGTTTCATGAGCC,0,21414
TSS_1414_storz_regulondb,0.1111111111111111,8,8,GTCTAAAAGTTTTAGCCGCA,0,21426
TSS_1414_storz_regulondb,0.1111111111111111,8,8,GTCGTACTGTCGTGGGGTGT,0,21827
TSS_1414_storz_regulondb,0.1111111111111111,8,8,GTCGTACTGGTAGTTTGAAC,0,12768
TSS_1414_storz_regulondb,0.1111111111111111,8,8,GTCGGCCCGGTACGAAGACA,0,19012
TSS_1414_storz_regulondb,0.1111111111111111,8,8,GTCATCTTTACATTAGGTGG,0,56430
TSS_1414_storz_regulondb,0.1111111111111111,8,8,GTCACCACAGAGGGACTCGC,0,65095
TSS_1414_storz_regulondb,0.1111111111111111,8,8,GTCACAGTAGGTCAGGGAAC,0,58619
TSS_1414_storz_regulondb,0.1111111111111111,8,8,GTATGGGGAAGAGCGGGGAT,0,30322
TSS_1414_storz_regulondb,0.1111111111111111,8,8,GTATGAGATCATTATTAAGT,0,49415
TSS_1414_storz_regulondb,0.1111111111111111,8,8,GTATGAGAGACTAGCGCAAG,0,5731
TSS_1414_storz_regulondb,0.1111111111111111,8,8,GTAGGCTTCGTCGGCCTACG,0,56202
TSS_1414_storz_regulondb,0.1111111111111111,8,8,GTAGATGCTCAGCCTACTTG,0,23506
TSS_1414_storz_regulondb,0.1111111111111111,8,8,GTAGATAAATATTTACTAAA,0,46645
TSS_1414_storz_regulondb,0.1111111111111111,8,8,GTAGAAAACATAAAGCACAT,0,40879
TSS_1414_storz_regulondb,0.1111111111111111,8,8,GTACGCACTACCCTGTAGCT,0,19714
TSS_1414_storz_regulondb,0.1111111111111111,8,8,GTACCAAAGCGTCCGGATCG,0,16332
TSS_1414_storz_regulondb,0.1111111111111111,8,8,GTAACTTGGCGCGTATAGCG,0,69342
TSS_1414_storz_regulondb,0.1111111111111111,8,8,GTAACCCTCGAATATTAAAA,0,19670
TSS_1414_storz_regulondb,0.1111111111111111,8,8,GGTTGGACACCGTATAGTAG,0,13635
TSS_1414_storz_regulondb,0.1111111111111111,8,8,GGTTGATCGCCCGGTATTGC,0,24672
TSS_1414_storz_regulondb,0.1111111111111111,8,8,GGTTCATCTGCAGTGCCAAT,0,10276
TSS_1414_storz_regulondb,0.1111111111111111,8,8,GGTTAGAAAGTCAATCCGAT,0,22213
TSS_1414_storz_regulondb,0.1111111111111111,8,8,GGTGCCTACATTGTAGAGGC,0,60939
TSS_1414_storz_regulondb,0.1111111111111111,8,8,GGTGCATTTCAAGACGCTTG,0,21471
TSS_1414_storz_regulondb,0.1111111111111111,8,8,GGTGACAATCGAGATACGCA,0,30506
TSS_1414_storz_regulondb,0.1111111111111111,8,8,GGTGAAGCTTTTCATCAACT,0,44303
TSS_1414_storz_regulondb,0.1111111111111111,8,8,GGTCTGTCGGACTACGTCAC,0,49256
TSS_1414_storz_regulondb,0.1111111111111111,8,8,GGTCTCCCGGTGGAGTCCTG,0,8764
TSS_1414_storz_regulondb,0.1111111111111111,8,8,GGTCTATAATTGGGAAAATG,0,74442
TSS_1414_storz_regulondb,0.1111111111111111,8,8,GGTCTAGGGTCAAGGGGCGG,0,20759
TSS_1414_storz_regulondb,0.1111111111111111,8,8,GGTCCTGTACGGCTTCCCTG,0,37582
TSS_1414_storz_regulondb,0.1111111111111111,8,8,GGTCATAGGTATTCTCGATT,0,46859
TSS_1414_storz_regulondb,0.1111111111111111,8,8,GGTATACGTATTGAACCATC,0,59616
TSS_1414_storz_regulondb,0.1111111111111111,8,8,GGTATACGGGGCTTATTCGT,0,44301
TSS_1414_storz_regulondb,0.1111111111111111,8,8,GGTAGGTACGCATCAATGCG,0,50311
TSS_1414_storz_regulondb,0.1111111111111111,8,8,GGTACCGGCGGGTCTTACCA,0,55115
TSS_1414_storz_regulondb,0.1111111111111111,8,8,GGGTTCCTAGGTCTGCCATA,0,71581
TSS_1414_storz_regulondb,0.1111111111111111,8,8,GGGTGGACTGGTTGACGGGG,0,37038
TSS_1414_storz_regulondb,0.1111111111111111,8,8,GGGTGCGGATGTGTGTAAAG,0,71190
TSS_1414_storz_regulondb,0.1111111111111111,8,8,GGGTGCAGGGGCAAGGACAA,0,48212
TSS_1414_storz_regulondb,0.1111111111111111,8,8,GGGTCCATAGGAATTCGCTA,0,8552
TSS_1414_storz_regulondb,0.1111111111111111,8,8,GGGTCAAGCCAGGTACTACC,0,31687
TSS_1414_storz_regulondb,0.1111111111111111,8,8,GGGGTTTGGATTTTAGATCA,0,53872
TSS_1414_storz_regulondb,0.1111111111111111,8,8,GGGGTACCCAGCGAATTTTA,0,64772
TSS_1414_storz_regulondb,0.1111111111111111,8,8,GGGGGAAAATTAGATTTCGG,0,13522
TSS_1414_storz_regulondb,0.1111111111111111,8,8,GGGGATTGAGGACCTCGGGA,0,69219
TSS_1414_storz_regulondb,0.1111111111111111,8,8,GGGGAGGTACCGCGATTCCC,0,27263
TSS_1414_storz_regulondb,0.1111111111111111,8,8,GGGGAGCATCCTCGTGTAAA,0,56089
TSS_1414_storz_regulondb,0.1111111111111111,8,8,GGGCCAGAGGTGACTAGCAA,0,28864
TSS_1414_storz_regulondb,0.1111111111111111,8,8,GGGCACATGGGCAATTATGG,0,38143
TSS_1414_storz_regulondb,0.1111111111111111,8,8,GGGATCGTCAAACTAGACGT,0,8003
TSS_1414_storz_regulondb,0.1111111111111111,8,8,GGGAGTCAATGAGGTCTAGG,0,59481
TSS_1414_storz_regulondb,0.1111111111111111,8,8,GGCTTACCGTACACCTTTAG,0,10901
TSS_1414_storz_regulondb,0.1111111111111111,8,8,GGCTGTCTCATTTAATGGTA,0,6654
TSS_1414_storz_regulondb,0.1111111111111111,8,8,GGCTGGCCTTAGGCACGGAT,0,27350
TSS_1414_storz_regulondb,0.1111111111111111,8,8,GGCGGGGCGCTCCAGAGAAG,0,49555
TSS_1414_storz_regulondb,0.1111111111111111,8,8,GGCGAACAACGGGCCATGGA,0,52946
TSS_1414_storz_regulondb,0.1111111111111111,8,8,GGCCTTACTGGTCGGGAACA,0,24219
TSS_1414_storz_regulondb,0.1111111111111111,8,8,GGCCCAGGATTAAATTAGGT,0,29732
TSS_1414_storz_regulondb,0.1111111111111111,8,8,GGCCACCGGCTAAATGCCGC,0,74190
TSS_1414_storz_regulondb,0.1111111111111111,8,8,GGCAGAAAGTCTGTCCAGCA,0,36312
TSS_1414_storz_regulondb,0.1111111111111111,8,8,GGCACTCAGCATAGCTTATC,0,66807
TSS_1414_storz_regulondb,0.1111111111111111,8,8,GGCAATATGTAGTTAAGAAT,0,5954
TSS_1414_storz_regulondb,0.1111111111111111,8,8,GGATTCCAGTAGATCGTCCT,0,48572
TSS_1414_storz_regulondb,0.1111111111111111,8,8,GGATCAAGGCGAGAACTGCT,0,34846
TSS_1414_storz_regulondb,0.1111111111111111,8,8,GGAGTCATTCGGACTGGTAT,0,50194
TSS_1414_storz_regulondb,0.1111111111111111,8,8,GGAGTATAATTGAGCCAACT,0,45244
TSS_1414_storz_regulondb,0.1111111111111111,8,8,GGAGGGGTGAAAGCTTGTTG,0,43481
TSS_1414_storz_regulondb,0.1111111111111111,8,8,GGAGCTGCAAATCACGGAGG,0,65053
TSS_1414_storz_regulondb,0.1111111111111111,8,8,GGACTTCAGATCCTAGGTCG,0,58585
TSS_1414_storz_regulondb,0.1111111111111111,8,8,GGAATTGTGGTCGCGCACTC,0,27349
TSS_1414_storz_regulondb,0.1111111111111111,8,8,GGAATTCGCGAACCATACGC,0,14579
TSS_1414_storz_regulondb,0.1111111111111111,8,8,GGAAGGGCAGAGGTGTTTAG,0,18028
TSS_1414_storz_regulondb,0.1111111111111111,8,8,GGAAAGACTCGACCCTTCTT,0,77472
TSS_1414_storz_regulondb,0.1111111111111111,8,8,GCTTTCTCGCGGCTACAGGG,0,57282
TSS_1414_storz_regulondb,0.1111111111111111,8,8,GCTTCAGTCATCAGCGTGTT,0,62819
TSS_1414_storz_regulondb,0.1111111111111111,8,8,GCTGTTGGTAAACTGATTGT,0,79780
TSS_1414_storz_regulondb,0.1111111111111111,8,8,GCTGTCGATGAGACCACTAT,0,66483
TSS_1414_storz_regulondb,0.1111111111111111,8,8,GCTCTTTTTATGTGAAACCA,0,27106
TSS_1414_storz_regulondb,0.1111111111111111,8,8,GCTCGGGGTGGCGCTGCAAT,0,32786
TSS_1414_storz_regulondb,0.1111111111111111,8,8,GCTCGAGTTGCGCTCCGTAG,0,76440
TSS_1414_storz_regulondb,0.1111111111111111,8,8,GCTCACGCTACGCTGCCTAA,0,57873
TSS_1414_storz_regulondb,0.1111111111111111,8,8,GCTATGGGCTGAGTACTTCA,0,4061
TSS_1414_storz_regulondb,0.1111111111111111,8,8,GCGTGCACAGCCAGGAAACC,0,31424
TSS_1414_storz_regulondb,0.1111111111111111,8,8,GCGTGACTGACTAGATGGAG,0,50276
TSS_1414_storz_regulondb,0.1111111111111111,8,8,GCGTCTGTCTACCAGATCCA,0,54598
TSS_1414_storz_regulondb,0.1111111111111111,8,8,GCGGCTTGTTGCATGTCGGC,0,4736
TSS_1414_storz_regulondb,0.1111111111111111,8,8,GCGGAGGAAACTGGCCGCAT,0,11667
TSS_1414_storz_regulondb,0.1111111111111111,8,8,GCGCGTAGTGGTACTGTTCA,0,54061
TSS_1414_storz_regulondb,0.1111111111111111,8,8,GCGCGACTTTATCTAGTGTA,0,69830
TSS_1414_storz_regulondb,0.1111111111111111,8,8,GCGCATAGTTCGGGTATGGG,0,37193
TSS_1414_storz_regulondb,0.1111111111111111,8,8,GCGATTACATACTACGGACA,0,7028
TSS_1414_storz_regulondb,0.1111111111111111,8,8,GCGATATTTCCTAAACCGGG,0,33615
TSS_1414_storz_regulondb,0.1111111111111111,8,8,GCGACAACGTAGAATCGCAG,0,39956
TSS_1414_storz_regulondb,0.1111111111111111,8,8,GCCTTCAGAAGCACTGTGAT,0,4063
TSS_1414_storz_regulondb,0.1111111111111111,8,8,GCCTAGGGTCATTTGCACCG,0,27897
TSS_1414_storz_regulondb,0.1111111111111111,8,8,GCCTACGCTTCCTGAATTCA,0,62331
TSS_1414_storz_regulondb,0.1111111111111111,8,8,GCCGGTGGGCTAGGTCGTTC,0,38260
TSS_1414_storz_regulondb,0.1111111111111111,8,8,GCCGGGTATTCGATCCCAGT,0,27360
TSS_1414_storz_regulondb,0.1111111111111111,8,8,GCCGCCTTGGATTGACCCAG,0,62184
TSS_1414_storz_regulondb,0.1111111111111111,8,8,GCCGAGGAGCCTTCCCTACA,0,35926
TSS_1414_storz_regulondb,0.1111111111111111,8,8,GCCCGGGCAGCGGGGGCACA,0,26309
TSS_1414_storz_regulondb,0.1111111111111111,8,8,GCCCCGCCAGTATCATTGCA,0,64989
TSS_1414_storz_regulondb,0.1111111111111111,8,8,GCCCCCCCAGAACTTACATT,0,50354
TSS_1414_storz_regulondb,0.1111111111111111,8,8,GCCAGGTTATGAATCGCCTT,0,52224
TSS_1414_storz_regulondb,0.1111111111111111,8,8,GCCAGGGAAATTTCGTCATA,0,69108
TSS_1414_storz_regulondb,0.1111111111111111,8,8,GCCAGCGCGGTTAACACCCT,0,51921
TSS_1414_storz_regulondb,0.1111111111111111,8,8,GCCAGAATGTACCTAATAAC,0,36683
TSS_1414_storz_regulondb,0.1111111111111111,8,8,GCATCATGCGTCTCGTGAAC,0,46525
TSS_1414_storz_regulondb,0.1111111111111111,8,8,GCATCAGCCTTGGTTCTTAA,0,25888
TSS_1414_storz_regulondb,0.1111111111111111,8,8,GCAGTTTCGTCCTGTTGTTA,0,64880
TSS_1414_storz_regulondb,0.1111111111111111,8,8,GCAGGGTAGTTTTAGCTCAT,0,14079
TSS_1414_storz_regulondb,0.1111111111111111,8,8,GCAGGCGCAGCCCGCCTGTA,0,44194
TSS_1414_storz_regulondb,0.1111111111111111,8,8,GCAGGCGAACCGACCGGATG,0,75509
TSS_1414_storz_regulondb,0.1111111111111111,8,8,GCAGCTACTGTCGCTGAGGA,0,55892
TSS_1414_storz_regulondb,0.1111111111111111,8,8,GCAGCCATCATGTGGCAATG,0,75649
TSS_1414_storz_regulondb,0.1111111111111111,8,8,GCAGAACTGGTTGCAAGATA,0,31911
TSS_1414_storz_regulondb,0.1111111111111111,8,8,GCACTGACCGATGGCGGAAT,0,30042
TSS_1414_storz_regulondb,0.1111111111111111,8,8,GCACGGGCGTAGCAGTGCTA,0,3453
TSS_1414_storz_regulondb,0.1111111111111111,8,8,GCACGCGAGTACCGCGGAGC,0,59539
TSS_1414_storz_regulondb,0.1111111111111111,8,8,GCACAGCTCCGGACAGTCAA,0,56361
TSS_1414_storz_regulondb,0.1111111111111111,8,8,GCAATTACCCTTACGGCCGG,0,26370
TSS_1414_storz_regulondb,0.1111111111111111,8,8,GCAAGAGCTGCTGAGGGGGC,0,80048
TSS_1414_storz_regulondb,0.1111111111111111,8,8,GATTGGCTCCTTCTAAGAAA,0,40014
TSS_1414_storz_regulondb,0.1111111111111111,8,8,GATTAATGGGAATATAGGTG,0,23814
TSS_1414_storz_regulondb,0.1111111111111111,8,8,GATGGAACGTATTAACGGTC,0,57993
TSS_1414_storz_regulondb,0.1111111111111111,8,8,GATGCACCTAAACATACCCG,0,42499
TSS_1414_storz_regulondb,0.1111111111111111,8,8,GATCTATTTTAGACGCAAAC,0,18646
TSS_1414_storz_regulondb,0.1111111111111111,8,8,GATCTACTCTCTCGAATTAT,0,28520
TSS_1414_storz_regulondb,0.1111111111111111,8,8,GATCCTCCCTGCGTCGAGCC,0,68042
TSS_1414_storz_regulondb,0.1111111111111111,8,8,GATCAGAGCATATTTCGCGG,0,5417
TSS_1414_storz_regulondb,0.1111111111111111,8,8,GATCACCTATACGTAAGTCA,0,8697
TSS_1414_storz_regulondb,0.1111111111111111,8,8,GATATGCGGCGGGTAACCTA,0,20925
TSS_1414_storz_regulondb,0.1111111111111111,8,8,GAGTTGGCACCTTTGTTTTT,0,23873
TSS_1414_storz_regulondb,0.1111111111111111,8,8,GAGTGGTAAACTACGTATAC,0,53066
TSS_1414_storz_regulondb,0.1111111111111111,8,8,GAGTGCGCATACTGTGGTCT,0,57818
TSS_1414_storz_regulondb,0.1111111111111111,8,8,GAGTCTGGAGGTGCTTCGTT,0,64908
TSS_1414_storz_regulondb,0.1111111111111111,8,8,GAGGTTTGGAGCTAAGCTAT,0,45702
TSS_1414_storz_regulondb,0.1111111111111111,8,8,GAGGCAATTATCATATGTTG,0,59350
TSS_1414_storz_regulondb,0.1111111111111111,8,8,GAGGATCTGTGCGAGACTTA,0,48870
TSS_1414_storz_regulondb,0.1111111111111111,8,8,GAGGAACCGACACATCATAC,0,41217
TSS_1414_storz_regulondb,0.1111111111111111,8,8,GAGCCTAGGACTCCGGTCTT,0,49937
TSS_1414_storz_regulondb,0.1111111111111111,8,8,GAGCCTAAACTGTACGACCA,0,35076
TSS_1414_storz_regulondb,0.1111111111111111,8,8,GAGCAGCTGGCCATGGGCAT,0,42638
TSS_1414_storz_regulondb,0.1111111111111111,8,8,GACTTTCCTCAAAATCGCGC,0,74264
TSS_1414_storz_regulondb,0.1111111111111111,8,8,GACTTCGCGGTGTAACGTTG,0,8955
TSS_1414_storz_regulondb,0.1111111111111111,8,8,GACTGCCCGGATAGTAATTA,0,38177
TSS_1414_storz_regulondb,0.1111111111111111,8,8,GACTCTATACCTGTCCGGCG,0,66164
TSS_1414_storz_regulondb,0.1111111111111111,8,8,GACTCATATGTGCGATTAGC,0,11482
TSS_1414_storz_regulondb,0.1111111111111111,8,8,GACTAAACAGTCCGAAGCGT,0,50168
TSS_1414_storz_regulondb,0.1111111111111111,8,8,GACGTATGGATTGTGGCGGA,0,39236
TSS_1414_storz_regulondb,0.1111111111111111,8,8,GACGGCGAGTTATAGCTCGG,0,29219
TSS_1414_storz_regulondb,0.1111111111111111,8,8,GACGGCCAACTCTTGCGAAC,0,34722
TSS_1414_storz_regulondb,0.1111111111111111,8,8,GACCGGGTCGAAAATTTACA,0,24968
TSS_1414_storz_regulondb,0.1111111111111111,8,8,GACCGCCGCGGCGAGCGCGC,0,18029
TSS_1414_storz_regulondb,0.1111111111111111,8,8,GACCATTATAAATAAACACA,0,24498
TSS_1414_storz_regulondb,0.1111111111111111,8,8,GACCACCGTACCATGGGGTT,0,12634
TSS_1414_storz_regulondb,0.1111111111111111,8,8,GACCAAATCACAAGGGAGTC,0,25680
TSS_1414_storz_regulondb,0.1111111111111111,8,8,GACATGAAGGGACCGCACAA,0,47400
TSS_1414_storz_regulondb,0.1111111111111111,8,8,GACAGGGTCATGGGGGTGCT,0,70202
TSS_1414_storz_regulondb,0.1111111111111111,8,8,GACACGCAGGTGGATGGGTT,0,58782
TSS_1414_storz_regulondb,0.1111111111111111,8,8,GACAAGTGGTAACTTAACAG,0,59972
TSS_1414_storz_regulondb,0.1111111111111111,8,8,GAATCGGCTGTTTGCCTGGG,0,58816
TSS_1414_storz_regulondb,0.1111111111111111,8,8,GAAGTTCTTCGAGAAGGGTT,0,57854
TSS_1414_storz_regulondb,0.1111111111111111,8,8,GAAGTATAAGTGAGACTCCG,0,76968
TSS_1414_storz_regulondb,0.1111111111111111,8,8,GAAGGCGCAAGAAACACGGG,0,37737
TSS_1414_storz_regulondb,0.1111111111111111,8,8,GAACGGCCGTTGTGCGACCA,0,54972
TSS_1414_storz_regulondb,0.1111111111111111,8,8,GAACACGTCAAGTCGGAGAG,0,61357
TSS_1414_storz_regulondb,0.1111111111111111,8,8,GAAAGACATGTAGAAGCGTA,0,23338
TSS_1414_storz_regulondb,0.1111111111111111,8,8,GAAACTGTTTGCCGTCCAAC,0,19297
TSS_1414_storz_regulondb,0.1111111111111111,8,8,GAAACCTGCCCGCCTCTAGG,0,71529
TSS_1414_storz_regulondb,0.1111111111111111,8,8,GAAAATTTCGGGGGCTCCGC,0,34361
TSS_1414_storz_regulondb,0.1111111111111111,8,8,GAAAAGACAGCCTTAGACGG,0,34254
TSS_1414_storz_regulondb,0.1111111111111111,8,8,GAAAACTATAGAACGTGTGA,0,30795
TSS_1414_storz_regulondb,0.1111111111111111,8,8,GAAAACCTACAGAAATCGGG,0,60584
TSS_1414_storz_regulondb,0.1111111111111111,8,8,CTTTTCAACCTAGCTTCAGA,0,35150
TSS_1414_storz_regulondb,0.1111111111111111,8,8,CTTTGTCTCTATCCTGGTAT,0,32576
TSS_1414_storz_regulondb,0.1111111111111111,8,8,CTTTCTCTTCAAAATCACAG,0,32406
TSS_1414_storz_regulondb,0.1111111111111111,8,8,CTTTCATAGGATCATCGGCT,0,46147
TSS_1414_storz_regulondb,0.1111111111111111,8,8,CTTTAGACAACGATCGATTT,0,1778
TSS_1414_storz_regulondb,0.1111111111111111,8,8,CTTGGCGGGGTTATATAAGT,0,43895
TSS_1414_storz_regulondb,0.1111111111111111,8,8,CTTGGATACTAGCTCTTGGT,0,62942
TSS_1414_storz_regulondb,0.1111111111111111,8,8,CTTGGAAGTACAGCAAACCT,0,9600
TSS_1414_storz_regulondb,0.1111111111111111,8,8,CTTCTCTTCCTGTCCGGTTA,0,70715
TSS_1414_storz_regulondb,0.1111111111111111,8,8,CTTCGGAAGCTTACCGACGT,0,75562
TSS_1414_storz_regulondb,0.1111111111111111,8,8,CTTACGAGGGTCAGAACTCT,0,73223
TSS_1414_storz_regulondb,0.1111111111111111,8,8,CTTAACTGGGTTACCATGTA,0,20522
TSS_1414_storz_regulondb,0.1111111111111111,8,8,CTGTTAGTTAGCTTGATGAT,0,1899
TSS_1414_storz_regulondb,0.1111111111111111,8,8,CTGTCTCCGGTTACCGATGG,0,34838
TSS_1414_storz_regulondb,0.1111111111111111,8,8,CTGTCATGGATCTTTATCAT,0,8858
TSS_1414_storz_regulondb,0.1111111111111111,8,8,CTGGGTGGTAGTGGATACAT,0,8556
TSS_1414_storz_regulondb,0.1111111111111111,8,8,CTGGGAGTGAGCGGTAGAAT,0,35500
TSS_1414_storz_regulondb,0.1111111111111111,8,8,CTGCTAGATAGACAAATAGA,0,54503
TSS_1414_storz_regulondb,0.1111111111111111,8,8,CTGCGGTTGCTGTTCCCGAA,0,41684
TSS_1414_storz_regulondb,0.1111111111111111,8,8,CTGCGCGACTAATTTTACTT,0,16249
TSS_1414_storz_regulondb,0.1111111111111111,8,8,CTGCGCACTCAGGGCTGCCG,0,42892
TSS_1414_storz_regulondb,0.1111111111111111,8,8,CTGCGAACCGCATTCTAGAA,0,67664
TSS_1414_storz_regulondb,0.1111111111111111,8,8,CTGCCGAGGTGACGTCGTGG,0,66942
TSS_1414_storz_regulondb,0.1111111111111111,8,8,CTGCAGATGTACGATCCGGG,0,6899
TSS_1414_storz_regulondb,0.1111111111111111,8,8,CTGAGTGGCCCATGAAACAA,0,23084
TSS_1414_storz_regulondb,0.1111111111111111,8,8,CTGACAAAATAAGTCCGGGT,0,4516
TSS_1414_storz_regulondb,0.1111111111111111,8,8,CTGAACAGGTCAGCGAGGTA,0,59311
TSS_1414_storz_regulondb,0.1111111111111111,8,8,CTCTGGTAGATTCAGTTTCC,0,48616
TSS_1414_storz_regulondb,0.1111111111111111,8,8,CTCGAAACAGGCGCTCTAAA,0,46979
TSS_1414_storz_regulondb,0.1111111111111111,8,8,CTCCTTGAGCAAAGCTGTTG,0,37612
TSS_1414_storz_regulondb,0.1111111111111111,8,8,CTCCTGGTTCCGTGCGTATC,0,4465
TSS_1414_storz_regulondb,0.1111111111111111,8,8,CTCCTCCTATACAGTTAGAA,0,30509
TSS_1414_storz_regulondb,0.1111111111111111,8,8,CTCCGTTTGCCCAAGGGCAG,0,57155
TSS_1414_storz_regulondb,0.1111111111111111,8,8,CTCCCGGTATGGGTTATGTC,0,44379
TSS_1414_storz_regulondb,0.1111111111111111,8,8,CTCCATCAAGAGGAGATGAC,0,34556
TSS_1414_storz_regulondb,0.1111111111111111,8,8,CTCCAGACGATCTGGTGTAT,0,53830
TSS_1414_storz_regulondb,0.1111111111111111,8,8,CTCCACTTCCGTATGACCTC,0,58243
TSS_1414_storz_regulondb,0.1111111111111111,8,8,CTCAGTTCCGATCGTAGTCC,0,27002
TSS_1414_storz_regulondb,0.1111111111111111,8,8,CTCAGTTCAAGGCTTGTCCG,0,15093
TSS_1414_storz_regulondb,0.1111111111111111,8,8,CTCACGACGAGCACCAGAGT,0,8954
TSS_1414_storz_regulondb,0.1111111111111111,8,8,CTATTCTGGTCGCTCAAGTA,0,78398
TSS_1414_storz_regulondb,0.1111111111111111,8,8,CTATGGTCTTCGAAGAGATT,0,3759
TSS_1414_storz_regulondb,0.1111111111111111,8,8,CTATCTGGGCTACACACGGC,0,47836
TSS_1414_storz_regulondb,0.1111111111111111,8,8,CTATACTCGCTAATTCCCAG,0,21919
TSS_1414_storz_regulondb,0.1111111111111111,8,8,CTAGGGTAACTACATACAAT,0,15356
TSS_1414_storz_regulondb,0.1111111111111111,8,8,CTAGCATAGTTATCACCTAT,0,4132
TSS_1414_storz_regulondb,0.1111111111111111,8,8,CTACCTTCCAGGTGGGGAGA,0,80490
TSS_1414_storz_regulondb,0.1111111111111111,8,8,CTACCGGAACACAAAAATGC,0,78241
TSS_1414_storz_regulondb,0.1111111111111111,8,8,CTACAGATGTATTGAGACGG,0,27393
TSS_1414_storz_regulondb,0.1111111111111111,8,8,CTAATTAAACGGGTCAAGAA,0,21490
TSS_1414_storz_regulondb,0.1111111111111111,8,8,CTAAGGAGAATAACGCAACT,0,22881
TSS_1414_storz_regulondb,0.1111111111111111,8,8,CTAAGAGATGCCGGCACCCT,0,38307
TSS_1414_storz_regulondb,0.1111111111111111,8,8,CTAACGGACACTATACTCAA,0,35019
TSS_1414_storz_regulondb,0.1111111111111111,8,8,CGTTTTAGAAGGAATTATGT,0,9296
TSS_1414_storz_regulondb,0.1111111111111111,8,8,CGTTTCGTCGCTGAAACTCG,0,43727
TSS_1414_storz_regulondb,0.1111111111111111,8,8,CGTTTATCCTACAGTGCCAA,0,47195
TSS_1414_storz_regulondb,0.1111111111111111,8,8,CGTTGGAACTTATCACAACC,0,7492
TSS_1414_storz_regulondb,0.1111111111111111,8,8,CGTGTTAGAGTTCTCCCATT,0,61401
TSS_1414_storz_regulondb,0.1111111111111111,8,8,CGTGGAGCAGTGGCAGGATC,0,42822
TSS_1414_storz_regulondb,0.1111111111111111,8,8,CGTGCCCGCACTACAGTTTG,0,7189
TSS_1414_storz_regulondb,0.1111111111111111,8,8,CGTGCCATGAAGGTCCTGCG,0,55270
TSS_1414_storz_regulondb,0.1111111111111111,8,8,CGTCTCCACTCGAGTTCACC,0,77416
TSS_1414_storz_regulondb,0.1111111111111111,8,8,CGTAGAACCAAAGGAGGAAT,0,76182
TSS_1414_storz_regulondb,0.1111111111111111,8,8,CGGTTGCTCAATATGTTGAA,0,26313
TSS_1414_storz_regulondb,0.1111111111111111,8,8,CGGTTACAAGTAAGCAATTT,0,66663
TSS_1414_storz_regulondb,0.1111111111111111,8,8,CGGTCAAGCGGTGTGCAGGT,0,20455
TSS_1414_storz_regulondb,0.1111111111111111,8,8,CGGTAGTTTGGATACTCCTG,0,42779
TSS_1414_storz_regulondb,0.1111111111111111,8,8,CGGTACGTCTTGCATACCAC,0,55643
TSS_1414_storz_regulondb,0.1111111111111111,8,8,CGGTAATGTGTCGCCCGCGC,0,18239
TSS_1414_storz_regulondb,0.1111111111111111,8,8,CGGGTCTCAAGTCTCACAGA,0,69842
TSS_1414_storz_regulondb,0.1111111111111111,8,8,CGGGATTGGGACCGTGGTAC,0,9173
TSS_1414_storz_regulondb,0.1111111111111111,8,8,CGGCTGATACAAGCGTAATA,0,73981
TSS_1414_storz_regulondb,0.1111111111111111,8,8,CGGCGTGCAAGAGACGCCGT,0,61160
TSS_1414_storz_regulondb,0.1111111111111111,8,8,CGGCGGCGACGTGCTGCGTG,0,68006
TSS_1414_storz_regulondb,0.1111111111111111,8,8,CGGCCAAGGGAAAGCGTGCC,0,11454
TSS_1414_storz_regulondb,0.1111111111111111,8,8,CGGAATCTCGTCGGGTATCG,0,40499
TSS_1414_storz_regulondb,0.1111111111111111,8,8,CGCTTCCCTGGACGATATCT,0,31975
TSS_1414_storz_regulondb,0.1111111111111111,8,8,CGCTGGGCGCACACCCCCAT,0,78878
TSS_1414_storz_regulondb,0.1111111111111111,8,8,CGCTCTACTGGGGACTATGA,0,80803
TSS_1414_storz_regulondb,0.1111111111111111,8,8,CGCTCGAGGTTTGAGTTCTA,0,60289
TSS_1414_storz_regulondb,0.1111111111111111,8,8,CGCTCCCTGAACATGAACTC,0,32309
TSS_1414_storz_regulondb,0.1111111111111111,8,8,CGCGGGGGCTTCCCCTGATT,0,131
TSS_1414_storz_regulondb,0.1111111111111111,8,8,CGCGAGGGGGGATAGTGTGG,0,47230
TSS_1414_storz_regulondb,0.1111111111111111,8,8,CGCCTCATCTCTGACATTTC,0,73619
TSS_1414_storz_regulondb,0.1111111111111111,8,8,CGCCGATTCCTCCGAGTCCC,0,18978
TSS_1414_storz_regulondb,0.1111111111111111,8,8,CGCAAATATATGGTCATTAT,0,44016
TSS_1414_storz_regulondb,0.1111111111111111,8,8,CGATTGCGTACGGTTCCGTA,0,20719
TSS_1414_storz_regulondb,0.1111111111111111,8,8,CGATTCTCACACCTTGACAT,0,4605
TSS_1414_storz_regulondb,0.1111111111111111,8,8,CGATTACTTATATCAAAAGT,0,71266
TSS_1414_storz_regulondb,0.1111111111111111,8,8,CGATGAGAAAACTATCACTC,0,64072
TSS_1414_storz_regulondb,0.1111111111111111,8,8,CGATATGCGTGCTTAACGAC,0,1402
TSS_1414_storz_regulondb,0.1111111111111111,8,8,CGAGTGGTGTAGCGTATGGA,0,24847
TSS_1414_storz_regulondb,0.1111111111111111,8,8,CGAGTAAGCTCCGGGACGGG,0,12022
TSS_1414_storz_regulondb,0.1111111111111111,8,8,CGAGGTGTGTGTTTATCTCC,0,29617
TSS_1414_storz_regulondb,0.1111111111111111,8,8,CGAGGGATGATTCATGCTCT,0,26992
TSS_1414_storz_regulondb,0.1111111111111111,8,8,CGAGCCATCGGGTAGACGGT,0,18043
TSS_1414_storz_regulondb,0.1111111111111111,8,8,CGACGTGAAGGACTCGTACG,0,71395
TSS_1414_storz_regulondb,0.1111111111111111,8,8,CGACGATCGCAGATCGTCGC,0,52989
TSS_1414_storz_regulondb,0.1111111111111111,8,8,CGACAAACGGTCGATCTCTA,0,36684
TSS_1414_storz_regulondb,0.1111111111111111,8,8,CGAAGGCAATACAGTATATG,0,43878
TSS_1414_storz_regulondb,0.1111111111111111,8,8,CGAAGCTGTCGGTCAAGAGC,0,78523
TSS_1414_storz_regulondb,0.1111111111111111,8,8,CGAAATGCTGACGGCCCACG,0,1699
TSS_1414_storz_regulondb,0.1111111111111111,8,8,CGAAAACTAATGTCGTGGGC,0,46906
TSS_1414_storz_regulondb,0.1111111111111111,8,8,CCTTTTCGCCTATATCGTCT,0,52990
TSS_1414_storz_regulondb,0.1111111111111111,8,8,CCTTGTCCGTAAACGGCCGC,0,38769
TSS_1414_storz_regulondb,0.1111111111111111,8,8,CCTTGAGAGTCATTAGCTAA,0,31922
TSS_1414_storz_regulondb,0.1111111111111111,8,8,CCTTCGGAAGCGAGTTTCTA,0,19186
TSS_1414_storz_regulondb,0.1111111111111111,8,8,CCTTCGAAGATATAATGTGC,0,18963
TSS_1414_storz_regulondb,0.1111111111111111,8,8,CCTGTCAAGTGAAGCGTTGA,0,47999
TSS_1414_storz_regulondb,0.1111111111111111,8,8,CCTCTCCCCTGGCTAGTCCG,0,35929
TSS_1414_storz_regulondb,0.1111111111111111,8,8,CCTCTACTGGGCCAGTACGG,0,56357
TSS_1414_storz_regulondb,0.1111111111111111,8,8,CCTATGGTGTTCGTGAGTAA,0,65250
TSS_1414_storz_regulondb,0.1111111111111111,8,8,CCTATCTCTGTTGCTTTAGT,0,8767
TSS_1414_storz_regulondb,0.1111111111111111,8,8,CCTATCCGTCACGAAGGGTC,0,65389
TSS_1414_storz_regulondb,0.1111111111111111,8,8,CCTATAAATGCAGCAACATA,0,42833
TSS_1414_storz_regulondb,0.1111111111111111,8,8,CCTAGGTGTAAATGATCACC,0,63611
TSS_1414_storz_regulondb,0.1111111111111111,8,8,CCTAGGGTTGACGATTATTG,0,49401
TSS_1414_storz_regulondb,0.1111111111111111,8,8,CCGGGTTTCTTGCGTTGTTG,0,39157
TSS_1414_storz_regulondb,0.1111111111111111,8,8,CCGGATTACCGTTCAGTTTA,0,6087
TSS_1414_storz_regulondb,0.1111111111111111,8,8,CCGGATCCGAAGTTTAATAC,0,70277
TSS_1414_storz_regulondb,0.1111111111111111,8,8,CCGCTGCGCCCGCTCCGATC,0,69797
TSS_1414_storz_regulondb,0.1111111111111111,8,8,CCGCGGACATCCCAAATATC,0,27274
TSS_1414_storz_regulondb,0.1111111111111111,8,8,CCGCATTTGGCTGATAGGTA,0,45265
TSS_1414_storz_regulondb,0.1111111111111111,8,8,CCGCACTTATCTACTATTTA,0,38913
TSS_1414_storz_regulondb,0.1111111111111111,8,8,CCGCAATACTCACGTAAAAC,0,48375
TSS_1414_storz_regulondb,0.1111111111111111,8,8,CCGCAAAGCACATCAGCACA,0,56359
TSS_1414_storz_regulondb,0.1111111111111111,8,8,CCGACACAGCACGCACGGTA,0,68303
TSS_1414_storz_regulondb,0.1111111111111111,8,8,CCCTTCAGCCTCCATCGTGC,0,63359
TSS_1414_storz_regulondb,0.1111111111111111,8,8,CCCGTCCTGACGGTAGGCCA,0,37624
TSS_1414_storz_regulondb,0.1111111111111111,8,8,CCCGTAGGTTAGCTCTAGTT,0,50096
TSS_1414_storz_regulondb,0.1111111111111111,8,8,CCCGTAGGTACAGTATGGAG,0,77070
TSS_1414_storz_regulondb,0.1111111111111111,8,8,CCCGGTCTATAATAGGTCTC,0,54915
TSS_1414_storz_regulondb,0.1111111111111111,8,8,CCCGGGGCGCGGGCCTTCCT,0,16252
TSS_1414_storz_regulondb,0.1111111111111111,8,8,CCCGGCTGTGTCTTGCGATC,0,52407
TSS_1414_storz_regulondb,0.1111111111111111,8,8,CCCATCGAGAGGTCAACCAG,0,726
TSS_1414_storz_regulondb,0.1111111111111111,8,8,CCCATATGCGCTGCTCAGTG,0,5208
TSS_1414_storz_regulondb,0.1111111111111111,8,8,CCCAGTAGGAAAGTGTCAGG,0,21257
TSS_1414_storz_regulondb,0.1111111111111111,8,8,CCATTCCGAGACGGAGTCGG,0,67379
TSS_1414_storz_regulondb,0.1111111111111111,8,8,CCATTCCATACCTTTGGAGC,0,35884
TSS_1414_storz_regulondb,0.1111111111111111,8,8,CCATTATCGAGAGTAGCGCT,0,57935
TSS_1414_storz_regulondb,0.1111111111111111,8,8,CCAGTTGCATACAAACTATC,0,27569
TSS_1414_storz_regulondb,0.1111111111111111,8,8,CCAGTACTGAGACGTGGTAG,0,39046
TSS_1414_storz_regulondb,0.1111111111111111,8,8,CCAGCGTGATCTCGTAGTAT,0,43782
TSS_1414_storz_regulondb,0.1111111111111111,8,8,CCAGCCGGTGACGGTAGGAT,0,65815
TSS_1414_storz_regulondb,0.1111111111111111,8,8,CCAGCAGAACAGTTAGCATA,0,79050
TSS_1414_storz_regulondb,0.1111111111111111,8,8,CCAGAGTCTCATACATGCCT,0,6045
TSS_1414_storz_regulondb,0.1111111111111111,8,8,CCAGAGCGTTCTTAATTTGG,0,49704
TSS_1414_storz_regulondb,0.1111111111111111,8,8,CCACGGTATAAAACAACCAG,0,73526
TSS_1414_storz_regulondb,0.1111111111111111,8,8,CCACCTACCCGACGCTGAAG,0,34792
TSS_1414_storz_regulondb,0.1111111111111111,8,8,CCACCGCCCTGGCATAGCAT,0,45737
TSS_1414_storz_regulondb,0.1111111111111111,8,8,CCACCATTTGCCGTTCTCAT,0,38834
TSS_1414_storz_regulondb,0.1111111111111111,8,8,CCACCACAGAATATTCTTTT,0,23632
TSS_1414_storz_regulondb,0.1111111111111111,8,8,CCACAGAGACCAAAAATATA,0,58175
TSS_1414_storz_regulondb,0.1111111111111111,8,8,CCACAAGTTCGGGGGCAATT,0,59104
TSS_1414_storz_regulondb,0.1111111111111111,8,8,CCAAGTCTCTTGGATACGGG,0,63033
TSS_1414_storz_regulondb,0.1111111111111111,8,8,CCAAAAACTAAGGTTTAAAA,0,10366
TSS_1414_storz_regulondb,0.1111111111111111,8,8,CATTCCCCTTGTGAGTTGAT,0,64662
TSS_1414_storz_regulondb,0.1111111111111111,8,8,CATTCCAGTAGGGGCTTATA,0,43506
TSS_1414_storz_regulondb,0.1111111111111111,8,8,CATGCCATTGCGTCCCGCGA,0,76629
TSS_1414_storz_regulondb,0.1111111111111111,8,8,CATCGTCCTGCGCTCCCCGA,0,67118
TSS_1414_storz_regulondb,0.1111111111111111,8,8,CATCGCTTTCGTTAATGTTC,0,77192
TSS_1414_storz_regulondb,0.1111111111111111,8,8,CATCGATAACACAGATGTGA,0,42409
TSS_1414_storz_regulondb,0.1111111111111111,8,8,CATATGTAAGTCAGTTAGCT,0,70727
TSS_1414_storz_regulondb,0.1111111111111111,8,8,CATATACATCAGGAAGATCT,0,3920
TSS_1414_storz_regulondb,0.1111111111111111,8,8,CATAGCGGCCCGATGCGTAG,0,81097
TSS_1414_storz_regulondb,0.1111111111111111,8,8,CATAGCAACGAGATCAGTGG,0,8075
TSS_1414_storz_regulondb,0.1111111111111111,8,8,CATAATCCCCATATCATCAT,0,66725
TSS_1414_storz_regulondb,0.1111111111111111,8,8,CATAAGGTGAGGGACAGCGT,0,48445
TSS_1414_storz_regulondb,0.1111111111111111,8,8,CAGTAGGGGCTGCTCTCCCA,0,74524
TSS_1414_storz_regulondb,0.1111111111111111,8,8,CAGGTTGTCATGCCTCGCTT,0,74946
TSS_1414_storz_regulondb,0.1111111111111111,8,8,CAGGTATAGCAGTCCAACGA,0,28774
TSS_1414_storz_regulondb,0.1111111111111111,8,8,CAGGGGGTGACTAGCTCCTA,0,14142
TSS_1414_storz_regulondb,0.1111111111111111,8,8,CAGGGAAAGGCAGAATGTAC,0,41212
TSS_1414_storz_regulondb,0.1111111111111111,8,8,CAGGAAAGCACGCCGATGGA,0,61004
TSS_1414_storz_regulondb,0.1111111111111111,8,8,CAGCGTATGGTTGGGGTTAA,0,24706
TSS_1414_storz_regulondb,0.1111111111111111,8,8,CAGCCCATGACGCAGGGATA,0,28760
TSS_1414_storz_regulondb,0.1111111111111111,8,8,CAGCAGGTGGGTGTGTTCTC,0,32161
TSS_1414_storz_regulondb,0.1111111111111111,8,8,CAGATCCGTGCAACATGCAG,0,55599
TSS_1414_storz_regulondb,0.1111111111111111,8,8,CAGACCTGTCACAGTCAAAG,0,54920
TSS_1414_storz_regulondb,0.1111111111111111,8,8,CACTGTTGGAGTCGGGCGTG,0,29740
TSS_1414_storz_regulondb,0.1111111111111111,8,8,CACTGCGGGGCGTTGAAAGC,0,27019
TSS_1414_storz_regulondb,0.1111111111111111,8,8,CACGGGCGTCGCCGTCGGCA,0,6293
TSS_1414_storz_regulondb,0.1111111111111111,8,8,CACGGACCCAGGGGAAAGTG,0,25576
TSS_1414_storz_regulondb,0.1111111111111111,8,8,CACGATAGAGAATTGACAAG,0,42685
TSS_1414_storz_regulondb,0.1111111111111111,8,8,CACCTACCCGGGGAGTTGTT,0,19398
TSS_1414_storz_regulondb,0.1111111111111111,8,8,CACCCAATAAAAATAGCGCA,0,47431
TSS_1414_storz_regulondb,0.1111111111111111,8,8,CACACCGCGTAGGGAGGAAA,0,70576
TSS_1414_storz_regulondb,0.1111111111111111,8,8,CAATTCAGTGGTGCGATCCC,0,24634
TSS_1414_storz_regulondb,0.1111111111111111,8,8,CAAGTCTCATGCGCAGTAAT,0,71813
TSS_1414_storz_regulondb,0.1111111111111111,8,8,CAAGGTCCAGTGGGGACCCC,0,41104
TSS_1414_storz_regulondb,0.1111111111111111,8,8,CAAGATACGCCTCCTAATGG,0,75721
TSS_1414_storz_regulondb,0.1111111111111111,8,8,CAACTGGTTGGTTGTAAATC,0,34674
TSS_1414_storz_regulondb,0.1111111111111111,8,8,CAACTCAGCCAGGGCCTCTG,0,14194
TSS_1414_storz_regulondb,0.1111111111111111,8,8,CAAACGGATCAATTTTCGAT,0,50504
TSS_1414_storz_regulondb,0.1111111111111111,8,8,CAAACAACGTGAAAGGCAAT,0,76837
TSS_1414_storz_regulondb,0.1111111111111111,8,8,CAAAAGTTGCTTATCACCTC,0,78144
TSS_1414_storz_regulondb,0.1111111111111111,8,8,CAAAAGGGTGGCATAGCCAA,0,16444
TSS_1414_storz_regulondb,0.1111111111111111,8,8,ATTTTGAGGGTATGCCGCCA,0,2643
TSS_1414_storz_regulondb,0.1111111111111111,8,8,ATTTTAGAGCTGTAGGGACG,0,24560
TSS_1414_storz_regulondb,0.1111111111111111,8,8,ATTTGGTCCACCCTAAATCA,0,73615
TSS_1414_storz_regulondb,0.1111111111111111,8,8,ATTTGGAAGCGGACTTTGGA,0,27000
TSS_1414_storz_regulondb,0.1111111111111111,8,8,ATTTGCCGGAATACATGAGC,0,7088
TSS_1414_storz_regulondb,0.1111111111111111,8,8,ATTTCTTTACATGTGGCACA,0,78086
TSS_1414_storz_regulondb,0.1111111111111111,8,8,ATTTAGTTATAAGGCTTTCG,0,11536
TSS_1414_storz_regulondb,0.1111111111111111,8,8,ATTGGCATTCGGTTTTTACG,0,8467
TSS_1414_storz_regulondb,0.1111111111111111,8,8,ATTCAAGGTCCGTGCGTGAG,0,52510
TSS_1414_storz_regulondb,0.1111111111111111,8,8,ATTATTAGACACTTCGAGGC,0,4080
TSS_1414_storz_regulondb,0.1111111111111111,8,8,ATTATGAGGCTAACAGCGCG,0,56177
TSS_1414_storz_regulondb,0.1111111111111111,8,8,ATTATCGAGCGGTGGCAGCA,0,55738
TSS_1414_storz_regulondb,0.1111111111111111,8,8,ATGTCCTTCCTCGGGTTTAT,0,10017
TSS_1414_storz_regulondb,0.1111111111111111,8,8,ATGTATTGGTGTTCCAGCCC,0,7091
TSS_1414_storz_regulondb,0.1111111111111111,8,8,ATGTAGTAGCATCCGTCCTG,0,46024
TSS_1414_storz_regulondb,0.1111111111111111,8,8,ATGGGAATGGCGACCGCATG,0,2908
TSS_1414_storz_regulondb,0.1111111111111111,8,8,ATGGCATGGTTTTGTTTCTC,0,71307
TSS_1414_storz_regulondb,0.1111111111111111,8,8,ATGGATGTACGACTCGGCTG,0,18482
TSS_1414_storz_regulondb,0.1111111111111111,8,8,ATGGACTCCCCATCATCGAT,0,22528
TSS_1414_storz_regulondb,0.1111111111111111,8,8,ATGGACGTTCAATCTTGCCA,0,46784
TSS_1414_storz_regulondb,0.1111111111111111,8,8,ATGCGCGTGTGCCGACTTGA,0,70572
TSS_1414_storz_regulondb,0.1111111111111111,8,8,ATGCATACGCTTGATCTTAT,0,59634
TSS_1414_storz_regulondb,0.1111111111111111,8,8,ATGCACCGTTATCACTAACG,0,4086
TSS_1414_storz_regulondb,0.1111111111111111,8,8,ATGCACAATGCCCAGACGAA,0,20807
TSS_1414_storz_regulondb,0.1111111111111111,8,8,ATGATGTCAGGCAAGCCAGT,0,24862
TSS_1414_storz_regulondb,0.1111111111111111,8,8,ATGACAATTGGGATCTTGGG,0,21850
TSS_1414_storz_regulondb,0.1111111111111111,8,8,ATGAATCGTTCGGACTTCCG,0,19542
TSS_1414_storz_regulondb,0.1111111111111111,8,8,ATCTTACGCTCCCAAAACAT,0,31793
TSS_1414_storz_regulondb,0.1111111111111111,8,8,ATCTGTAGCACAAAAATAGT,0,40791
TSS_1414_storz_regulondb,0.1111111111111111,8,8,ATCTAGTTTAACGGATTTAG,0,32875
TSS_1414_storz_regulondb,0.1111111111111111,8,8,ATCGTGCCTACAAAGTCGGA,0,37243
TSS_1414_storz_regulondb,0.1111111111111111,8,8,ATCGGTAGAGGAACGTTTAT,0,69284
TSS_1414_storz_regulondb,0.1111111111111111,8,8,ATCGGACAAACACGGGCAGC,0,17723
TSS_1414_storz_regulondb,0.1111111111111111,8,8,ATCGCAGAGGGGTATACGCA,0,1024
TSS_1414_storz_regulondb,0.1111111111111111,8,8,ATCCTATACTATTTGTTCAT,0,23666
TSS_1414_storz_regulondb,0.1111111111111111,8,8,ATCCGCGGACCGTTAATATC,0,63753
TSS_1414_storz_regulondb,0.1111111111111111,8,8,ATCCATCCCAATGGGCAATG,0,34447
TSS_1414_storz_regulondb,0.1111111111111111,8,8,ATCCACGTCGAAAAAAGAGC,0,57166
TSS_1414_storz_regulondb,0.1111111111111111,8,8,ATCACGGCATCCTGGAGTTA,0,56953
TSS_1414_storz_regulondb,0.1111111111111111,8,8,ATCAAAATGGCACTGTAATT,0,19413
TSS_1414_storz_regulondb,0.1111111111111111,8,8,ATATTACGGTGCGGAGGGTA,0,73152
TSS_1414_storz_regulondb,0.1111111111111111,8,8,ATATGCCTCATCCCGTAATG,0,50958
TSS_1414_storz_regulondb,0.1111111111111111,8,8,ATATCTTCCAGGGGGTCACT,0,4507
TSS_1414_storz_regulondb,0.1111111111111111,8,8,ATATCTACCCTATCCTGTCT,0,51139
TSS_1414_storz_regulondb,0.1111111111111111,8,8,ATATAGCTGAGATAAATTGG,0,35552
TSS_1414_storz_regulondb,0.1111111111111111,8,8,ATAGTAGACGTGCGCGTAAT,0,16309
TSS_1414_storz_regulondb,0.1111111111111111,8,8,ATAGAGCCTACTTGGTTTGG,0,788
TSS_1414_storz_regulondb,0.1111111111111111,8,8,ATAGAGACTATTGCATAAAA,0,39635
TSS_1414_storz_regulondb,0.1111111111111111,8,8,ATACTGCTTTGGTGACTCTT,0,78191
TSS_1414_storz_regulondb,0.1111111111111111,8,8,ATACTCAAGAGATTGTTCTC,0,36369
TSS_1414_storz_regulondb,0.1111111111111111,8,8,ATACGGATAGGATCTGTTCC,0,4822
TSS_1414_storz_regulondb,0.1111111111111111,8,8,ATACGAACTTTAAAGATGCT,0,48213
TSS_1414_storz_regulondb,0.1111111111111111,8,8,ATAAGGGAGTGCCCGCCGTG,0,38955
TSS_1414_storz_regulondb,0.1111111111111111,8,8,AGTTTTCACCTCATATGAGG,0,69694
TSS_1414_storz_regulondb,0.1111111111111111,8,8,AGTTGCCTCCTGGAAGTCAA,0,47952
TSS_1414_storz_regulondb,0.1111111111111111,8,8,AGTGTGGTAGGTTCACCGCT,0,13757
TSS_1414_storz_regulondb,0.1111111111111111,8,8,AGTGGACATAGCTAGCAGCT,0,57824
TSS_1414_storz_regulondb,0.1111111111111111,8,8,AGTGCCTGAGTTAAAGAATG,0,68265
TSS_1414_storz_regulondb,0.1111111111111111,8,8,AGTGCCGTAAGAAGTCCTAA,0,1727
TSS_1414_storz_regulondb,0.1111111111111111,8,8,AGTGCACGCTTCACCGGCAT,0,4226
TSS_1414_storz_regulondb,0.1111111111111111,8,8,AGTCGTGGGTCCATAATTAT,0,41968
TSS_1414_storz_regulondb,0.1111111111111111,8,8,AGTCGATTAATGGGTAGATG,0,56036
TSS_1414_storz_regulondb,0.1111111111111111,8,8,AGTCCTTCGTGACGTCGGCA,0,51483
TSS_1414_storz_regulondb,0.1111111111111111,8,8,AGTCCGTTCCAGACAATATA,0,45958
TSS_1414_storz_regulondb,0.1111111111111111,8,8,AGTCCCGGCCCTCACGCCAA,0,67444
TSS_1414_storz_regulondb,0.1111111111111111,8,8,AGTACCCATCCAAGTGGTAA,0,30270
TSS_1414_storz_regulondb,0.1111111111111111,8,8,AGTAACAGGACAGGCTAATC,0,39474
TSS_1414_storz_regulondb,0.1111111111111111,8,8,AGGTTTCGTTCAACGTCGAA,0,40269
TSS_1414_storz_regulondb,0.1111111111111111,8,8,AGGTTTCCCTCTTCTTCATC,0,11322
TSS_1414_storz_regulondb,0.1111111111111111,8,8,AGGTGTCGCTTTTAAGGTGA,0,27137
TSS_1414_storz_regulondb,0.1111111111111111,8,8,AGGTGACCGTCCATCCACGA,0,17494
TSS_1414_storz_regulondb,0.1111111111111111,8,8,AGGTCTGGTTACGTTATGCA,0,4835
TSS_1414_storz_regulondb,0.1111111111111111,8,8,AGGGGTAACTTGGCATGCGA,0,63572
TSS_1414_storz_regulondb,0.1111111111111111,8,8,AGGGGGCAATCTTGCTCGCT,0,5370
TSS_1414_storz_regulondb,0.1111111111111111,8,8,AGGGGATTTTTGTACACGTA,0,54058
TSS_1414_storz_regulondb,0.1111111111111111,8,8,AGGGGAGCTAATGTGGATCT,0,731
TSS_1414_storz_regulondb,0.1111111111111111,8,8,AGGCTTTTGGAGATCTGACT,0,43261
TSS_1414_storz_regulondb,0.1111111111111111,8,8,AGGCTGCCTCAACTCATATA,0,27851
TSS_1414_storz_regulondb,0.1111111111111111,8,8,AGGCGGACCCCGGTCACAAG,0,33222
TSS_1414_storz_regulondb,0.1111111111111111,8,8,AGGCCATGGCAGATGCCATA,0,23168
TSS_1414_storz_regulondb,0.1111111111111111,8,8,AGGCATGGCGTGGGATCTGT,0,50007
TSS_1414_storz_regulondb,0.1111111111111111,8,8,AGGCACCGCGTTCGAAGATG,0,2375
TSS_1414_storz_regulondb,0.1111111111111111,8,8,AGGAAGGTGTACCTCAGGAC,0,9181
TSS_1414_storz_regulondb,0.1111111111111111,8,8,AGCTTTCTAATTATTAATGA,0,36750
TSS_1414_storz_regulondb,0.1111111111111111,8,8,AGCTTATGACGCACGTTCCT,0,55498
TSS_1414_storz_regulondb,0.1111111111111111,8,8,AGCGTTGCTCTTGGACGGTA,0,28265
TSS_1414_storz_regulondb,0.1111111111111111,8,8,AGCGTCCTTTGTGCCTTCCG,0,51289
TSS_1414_storz_regulondb,0.1111111111111111,8,8,AGCGTATGGCCCCCAAAATA,0,37205
TSS_1414_storz_regulondb,0.1111111111111111,8,8,AGCGGCAAGTCTAAAGGGGT,0,69803
TSS_1414_storz_regulondb,0.1111111111111111,8,8,AGCGATCGGTACGAACTGGC,0,56519
TSS_1414_storz_regulondb,0.1111111111111111,8,8,AGCCTGTTCGACTTTCTCAA,0,75593
TSS_1414_storz_regulondb,0.1111111111111111,8,8,AGCCTAATACACCTGCACTT,0,60486
TSS_1414_storz_regulondb,0.1111111111111111,8,8,AGCCGTTGTCTAGATGGCAG,0,74589
TSS_1414_storz_regulondb,0.1111111111111111,8,8,AGCCCCACAGATATCGGATG,0,60249
TSS_1414_storz_regulondb,0.1111111111111111,8,8,AGCCCACACATGATATGTTA,0,40752
TSS_1414_storz_regulondb,0.1111111111111111,8,8,AGCCCAAGATTCCACAACAG,0,6112
TSS_1414_storz_regulondb,0.1111111111111111,8,8,AGCAAGCGGATCTTACGCAG,0,50102
TSS_1414_storz_regulondb,0.1111111111111111,8,8,AGCAAGAATAACATACTTCG,0,2127
TSS_1414_storz_regulondb,0.1111111111111111,8,8,AGATTTAGCGCCAAGTACGA,0,25157
TSS_1414_storz_regulondb,0.1111111111111111,8,8,AGATATCCTCTCGCCGTGAT,0,14703
TSS_1414_storz_regulondb,0.1111111111111111,8,8,AGAGGGCCATTCTGTACTGC,0,51116
TSS_1414_storz_regulondb,0.1111111111111111,8,8,AGAGGAACGTTGCTACTGTG,0,25145
TSS_1414_storz_regulondb,0.1111111111111111,8,8,AGACGCAGAATCCCCTAACT,0,32750
TSS_1414_storz_regulondb,0.1111111111111111,8,8,AGACGATGACGTAGCCAGCA,0,24756
TSS_1414_storz_regulondb,0.1111111111111111,8,8,AGACCCATGGGCAGTGGTCT,0,62820
TSS_1414_storz_regulondb,0.1111111111111111,8,8,AGACCACCGTGCTGATTATG,0,56988
TSS_1414_storz_regulondb,0.1111111111111111,8,8,AGACATGGAAGAGGATATGA,0,37647
TSS_1414_storz_regulondb,0.1111111111111111,8,8,AGACATGAAATTATCTATAC,0,67720
TSS_1414_storz_regulondb,0.1111111111111111,8,8,AGAATGTCCTACGTTGTCAC,0,35274
TSS_1414_storz_regulondb,0.1111111111111111,8,8,AGAACACGGCATATTAGTCA,0,19916
TSS_1414_storz_regulondb,0.1111111111111111,8,8,ACTTGCCTCGATTCTGGCAA,0,33536
TSS_1414_storz_regulondb,0.1111111111111111,8,8,ACTTCTCAACGTAAACGCTT,0,66062
TSS_1414_storz_regulondb,0.1111111111111111,8,8,ACTTAGTGGTGCAGAACACC,0,49872
TSS_1414_storz_regulondb,0.1111111111111111,8,8,ACTGGTGTGGAGCAGATCAT,0,49185
TSS_1414_storz_regulondb,0.1111111111111111,8,8,ACTGGACATCGCTGGCAGAA,0,13862
TSS_1414_storz_regulondb,0.1111111111111111,8,8,ACTGCTACATAGAGATTGAG,0,44935
TSS_1414_storz_regulondb,0.1111111111111111,8,8,ACTGACAGATAACATTGTGT,0,68641
TSS_1414_storz_regulondb,0.1111111111111111,8,8,ACTCAGCCGATACCTTGGGT,0,79211
TSS_1414_storz_regulondb,0.1111111111111111,8,8,ACTAGATTCTCATAGCAACA,0,63909
TSS_1414_storz_regulondb,0.1111111111111111,8,8,ACTAACTGATCGTTTAGAGG,0,34564
TSS_1414_storz_regulondb,0.1111111111111111,8,8,ACTAACGCAGTAGAAGGCCC,0,55110
TSS_1414_storz_regulondb,0.1111111111111111,8,8,ACGTAGCAATTCCGAGTAGA,0,34126
TSS_1414_storz_regulondb,0.1111111111111111,8,8,ACGTACGGTCAGCGCAATAA,0,64882
TSS_1414_storz_regulondb,0.1111111111111111,8,8,ACGTACCATGGACTGTACAG,0,24811
TSS_1414_storz_regulondb,0.1111111111111111,8,8,ACGGTTGAGTTTTATTTACA,0,20463
TSS_1414_storz_regulondb,0.1111111111111111,8,8,ACGCCTTCCAACACTACCGT,0,14828
TSS_1414_storz_regulondb,0.1111111111111111,8,8,ACGATGCTTGCTTCATAGTT,0,52657
TSS_1414_storz_regulondb,0.1111111111111111,8,8,ACGACTTGCAACCTTAAGAA,0,37904
TSS_1414_storz_regulondb,0.1111111111111111,8,8,ACGACTCATTCCACCACCTA,0,65294
TSS_1414_storz_regulondb,0.1111111111111111,8,8,ACGACGAATACGCGGTTACA,0,13331
TSS_1414_storz_regulondb,0.1111111111111111,8,8,ACGACCAGCGGAGTTGCATC,0,1157
TSS_1414_storz_regulondb,0.1111111111111111,8,8,ACGAATAAACCGCTTTACTG,0,5494
TSS_1414_storz_regulondb,0.1111111111111111,8,8,ACGAACTGTACCTTACGATG,0,46524
TSS_1414_storz_regulondb,0.1111111111111111,8,8,ACCTGCGGTAGAGCTCGTCG,0,2137
TSS_1414_storz_regulondb,0.1111111111111111,8,8,ACCGTGGCACTGCACCCGAT,0,75429
TSS_1414_storz_regulondb,0.1111111111111111,8,8,ACCGGAATGTATTCAGATCG,0,32459
TSS_1414_storz_regulondb,0.1111111111111111,8,8,ACCCTTGGTTCCATCTTTGG,0,43890
TSS_1414_storz_regulondb,0.1111111111111111,8,8,ACCCCAGGGAAAGTCCGAAC,0,11217
TSS_1414_storz_regulondb,0.1111111111111111,8,8,ACCCATGCGCTGGACGCAAT,0,41385
TSS_1414_storz_regulondb,0.1111111111111111,8,8,ACCCACCTCGTACTTGCGCA,0,29920
TSS_1414_storz_regulondb,0.1111111111111111,8,8,ACCATTCCGCGCGTTTACCT,0,55583
TSS_1414_storz_regulondb,0.1111111111111111,8,8,ACCAGACACTACCTTGCCCA,0,76706
TSS_1414_storz_regulondb,0.1111111111111111,8,8,ACCAATGTTATGTTGTCGTG,0,69763
TSS_1414_storz_regulondb,0.1111111111111111,8,8,ACATGACATCAAATAGCAAA,0,33733
TSS_1414_storz_regulondb,0.1111111111111111,8,8,ACATCTTCGTGTAACCAGTT,0,26540
TSS_1414_storz_regulondb,0.1111111111111111,8,8,ACATATGCATTCACAGTGGA,0,1020
TSS_1414_storz_regulondb,0.1111111111111111,8,8,ACAGGTTGAAGAAAGACTTT,0,51721
TSS_1414_storz_regulondb,0.1111111111111111,8,8,ACAGGGCCAATTGTGAGATA,0,34240
TSS_1414_storz_regulondb,0.1111111111111111,8,8,ACAGGATACGAAGAGTTGAG,0,22357
TSS_1414_storz_regulondb,0.1111111111111111,8,8,ACAGGAATCGACCGTTGCGA,0,54466
TSS_1414_storz_regulondb,0.1111111111111111,8,8,ACAGCGTAAAAGTAGACGAT,0,60273
TSS_1414_storz_regulondb,0.1111111111111111,8,8,ACAGCAGGCATAGCTATTAC,0,37815
TSS_1414_storz_regulondb,0.1111111111111111,8,8,ACACGACACAAGGTGTATAA,0,30489
TSS_1414_storz_regulondb,0.1111111111111111,8,8,ACACAACAACTCACACCGAC,0,4195
TSS_1414_storz_regulondb,0.1111111111111111,8,8,ACAACGTGAAGTCGAATCTT,0,10803
TSS_1414_storz_regulondb,0.1111111111111111,8,8,ACAAATTGACCTAACGACAC,0,48642
TSS_1414_storz_regulondb,0.1111111111111111,8,8,ACAAATCCGGCCTTCATGAA,0,17887
TSS_1414_storz_regulondb,0.1111111111111111,8,8,AATTTTGTGTGTCGATTGTT,0,77686
TSS_1414_storz_regulondb,0.1111111111111111,8,8,AATTTATAAGAACTCGGACT,0,6540
TSS_1414_storz_regulondb,0.1111111111111111,8,8,AATTGGTTGAAACTTGTGGC,0,12635
TSS_1414_storz_regulondb,0.1111111111111111,8,8,AATTGAATCGAGTTAAACGC,0,61549
TSS_1414_storz_regulondb,0.1111111111111111,8,8,AATTCTATTTCAATTCATAT,0,31080
TSS_1414_storz_regulondb,0.1111111111111111,8,8,AATTCCGAGGAGACGGGTAT,0,67715
TSS_1414_storz_regulondb,0.1111111111111111,8,8,AATGGCAACGGACACTTCCT,0,64879
TSS_1414_storz_regulondb,0.1111111111111111,8,8,AATGCATCAGCCCCATTCAC,0,38234
TSS_1414_storz_regulondb,0.1111111111111111,8,8,AATCTCCAAGCCAGATTCAG,0,8045
TSS_1414_storz_regulondb,0.1111111111111111,8,8,AATCGTCCATCAAGGACGGA,0,53425
TSS_1414_storz_regulondb,0.1111111111111111,8,8,AATCGCCACAGGAGATAGCT,0,68943
TSS_1414_storz_regulondb,0.1111111111111111,8,8,AATCATATCACGGGTCTTAC,0,7221
TSS_1414_storz_regulondb,0.1111111111111111,8,8,AATCAGGTTAGTCCCAGGAT,0,47974
TSS_1414_storz_regulondb,0.1111111111111111,8,8,AATCAGCTGTTTACCCTGCA,0,58087
TSS_1414_storz_regulondb,0.1111111111111111,8,8,AATATACTGGCATAGTCCTT,0,2758
TSS_1414_storz_regulondb,0.1111111111111111,8,8,AATAACGAACTATTGCCTGG,0,67107
TSS_1414_storz_regulondb,0.1111111111111111,8,8,AAGTTTACACGGGCGTTGGG,0,33925
TSS_1414_storz_regulondb,0.1111111111111111,8,8,AAGTCTTGAACCCACCGAGA,0,35797
TSS_1414_storz_regulondb,0.1111111111111111,8,8,AAGTATGGGCTGTGAAGTTG,0,44946
TSS_1414_storz_regulondb,0.1111111111111111,8,8,AAGTAAGGCTATTCGAAGCA,0,31098
TSS_1414_storz_regulondb,0.1111111111111111,8,8,AAGGTAATGTAACCCGGCGT,0,20752
TSS_1414_storz_regulondb,0.1111111111111111,8,8,AAGGCTGACCCGTTGCACAT,0,27955
TSS_1414_storz_regulondb,0.1111111111111111,8,8,AAGGCTAACGGAACAGCCTA,0,66492
TSS_1414_storz_regulondb,0.1111111111111111,8,8,AAGGCCACGGTTTACAAGTT,0,23374
TSS_1414_storz_regulondb,0.1111111111111111,8,8,AAGGCACACGTTTTTTTATG,0,45860
TSS_1414_storz_regulondb,0.1111111111111111,8,8,AAGGAACTCACCGAGGCTTC,0,72344
TSS_1414_storz_regulondb,0.1111111111111111,8,8,AAGCTCTGAAGCCAAGTCCT,0,46181
TSS_1414_storz_regulondb,0.1111111111111111,8,8,AAGCAGCTCATTCAAGTTAG,0,80027
TSS_1414_storz_regulondb,0.1111111111111111,8,8,AAGATGACATCGGATCCCTT,0,53558
TSS_1414_storz_regulondb,0.1111111111111111,8,8,AAGAATAAGCTGATCTACAT,0,24396
TSS_1414_storz_regulondb,0.1111111111111111,8,8,AACTTGTGTGTTTCCTATAC,0,17837
TSS_1414_storz_regulondb,0.1111111111111111,8,8,AACTTCCGCGATGTTCATCT,0,17218
TSS_1414_storz_regulondb,0.1111111111111111,8,8,AACTCTTAATGTAAGGGCAA,0,36210
TSS_1414_storz_regulondb,0.1111111111111111,8,8,AACTCGATATGGTTTAACCA,0,6271
TSS_1414_storz_regulondb,0.1111111111111111,8,8,AACTCAGCGAATATCTACTC,0,14815
TSS_1414_storz_regulondb,0.1111111111111111,8,8,AACGGGACTAGCACGAGACT,0,47946
TSS_1414_storz_regulondb,0.1111111111111111,8,8,AACGCGATACACACGGTTCT,0,44565
TSS_1414_storz_regulondb,0.1111111111111111,8,8,AACGCAAAGCCACTCACGCT,0,26876
TSS_1414_storz_regulondb,0.1111111111111111,8,8,AACGCAAAAATATTAATTCT,0,2505
TSS_1414_storz_regulondb,0.1111111111111111,8,8,AACGACGTAGCGGATCAAAG,0,65090
TSS_1414_storz_regulondb,0.1111111111111111,8,8,AACGAAAGTAAGGGCGCCAA,0,13847
TSS_1414_storz_regulondb,0.1111111111111111,8,8,AACCCTGGATGTTAGCTGGT,0,10919
TSS_1414_storz_regulondb,0.1111111111111111,8,8,AACCCAAATAGATCTAGCAG,0,54170
TSS_1414_storz_regulondb,0.1111111111111111,8,8,AACATTAAATCACTGCCAGG,0,62623
TSS_1414_storz_regulondb,0.1111111111111111,8,8,AACAGATTATTTTTTTAACT,0,42599
TSS_1414_storz_regulondb,0.1111111111111111,8,8,AACAGAGACAGAAGGACCAA,0,15851
TSS_1414_storz_regulondb,0.1111111111111111,8,8,AACACTTGTCAGACCTGCAG,0,13767
TSS_1414_storz_regulondb,0.1111111111111111,8,8,AACAAAAGATGTACTGGCGG,0,68105
TSS_1414_storz_regulondb,0.1111111111111111,8,8,AACAAAAGATAACTTATTGT,0,1066
TSS_1414_storz_regulondb,0.1111111111111111,8,8,AAATTAGTCAGACCCGCCCG,0,71028
TSS_1414_storz_regulondb,0.1111111111111111,8,8,AAATGGCGAGGGTGATAGAC,0,57078
TSS_1414_storz_regulondb,0.1111111111111111,8,8,AAATCACGCAGTGTCGAAGA,0,71265
TSS_1414_storz_regulondb,0.1111111111111111,8,8,AAAGTTTTTATGCTGGGTAA,0,59654
TSS_1414_storz_regulondb,0.1111111111111111,8,8,AAACTCGTCAGACAATCTGG,0,41173
TSS_1414_storz_regulondb,0.1111111111111111,8,8,AAACAAACAGCGCCCCTAAG,0,56271
TSS_1414_storz_regulondb,0.1111111111111111,8,8,AAAAATCTAAGCCGTTCACA,0,12310
TSS_1414_storz_regulondb,0.125,7,7,TTTTTGGCTGATTATGCGAC,0,63124
TSS_1414_storz_regulondb,0.125,7,7,TTTTCCCCATGGAAGCGTAT,0,3000
TSS_1414_storz_regulondb,0.125,7,7,TTTTAGGTCATAGAGGTGGC,0,50489
TSS_1414_storz_regulondb,0.125,7,7,TTTTAGCAAGTTCGGAGTGC,0,32876
TSS_1414_storz_regulondb,0.125,7,7,TTTTACCTTAACGCGAGAAA,0,28365
TSS_1414_storz_regulondb,0.125,7,7,TTTGGGTGTTCTGCACGAGG,0,7638
TSS_1414_storz_regulondb,0.125,7,7,TTTGGATCTAGTTCCACTGT,0,39751
TSS_1414_storz_regulondb,0.125,7,7,TTTCGTGGGGTCGGTAAAAT,0,49427
TSS_1414_storz_regulondb,0.125,7,7,TTTCCGGCACCGGGTGCAAG,0,54947
TSS_1414_storz_regulondb,0.125,7,7,TTTCCCCGCGCTTCTCATGA,0,51852
TSS_1414_storz_regulondb,0.125,7,7,TTTCCCAACTTTCAAAAGCA,0,16063
TSS_1414_storz_regulondb,0.125,7,7,TTTATCCTTCGTCATGGTGT,0,22988
TSS_1414_storz_regulondb,0.125,7,7,TTTAAGTAGGGACCGCTCAA,0,31546
TSS_1414_storz_regulondb,0.125,7,7,TTTAACGCCCGGCTAGAGTA,0,148
TSS_1414_storz_regulondb,0.125,7,7,TTGTCCATGATGTCACACAA,0,76372
TSS_1414_storz_regulondb,0.125,7,7,TTGTAAGGGCTCGCCTAGGT,0,4568
TSS_1414_storz_regulondb,0.125,7,7,TTGCTGCGCGACGCCGCGTG,0,47238
TSS_1414_storz_regulondb,0.125,7,7,TTGCTAGCCGGGCAGGCTCA,0,10130
TSS_1414_storz_regulondb,0.125,7,7,TTGCGCCACATGGAGGACTC,0,72438
TSS_1414_storz_regulondb,0.125,7,7,TTGCCTATGAAGAGTAATAT,0,20473
TSS_1414_storz_regulondb,0.125,7,7,TTGCCGCTGAGAGATCGGGT,0,49319
TSS_1414_storz_regulondb,0.125,7,7,TTGCCCTTAAATGTGGTATC,0,5033
TSS_1414_storz_regulondb,0.125,7,7,TTGCACTCATTTAGATAATT,0,14467
TSS_1414_storz_regulondb,0.125,7,7,TTGCAATCCAGTACAGCTCC,0,24954
TSS_1414_storz_regulondb,0.125,7,7,TTGACACGCGGCTGCGCGAG,0,2935
TSS_1414_storz_regulondb,0.125,7,7,TTCTTCGAACAGTTTCATTC,0,78527
TSS_1414_storz_regulondb,0.125,7,7,TTCTGCGATTTTTGTGGAGT,0,45810
TSS_1414_storz_regulondb,0.125,7,7,TTCTAATGGTGTCGGATTCG,0,69658
TSS_1414_storz_regulondb,0.125,7,7,TTCGTGTAAGTTATGCGTAA,0,31605
TSS_1414_storz_regulondb,0.125,7,7,TTCGTGAGTGGACAAACGAA,0,21446
TSS_1414_storz_regulondb,0.125,7,7,TTCGTCGTAAGCGCCCTTCA,0,79476
TSS_1414_storz_regulondb,0.125,7,7,TTCGCGGGCACATATGATAG,0,29266
TSS_1414_storz_regulondb,0.125,7,7,TTCGATTACCAGATTGGGAG,0,27749
TSS_1414_storz_regulondb,0.125,7,7,TTCGACTGGGGCGACTGTAA,0,18764
TSS_1414_storz_regulondb,0.125,7,7,TTCCATTTACACAAGGAATG,0,17074
TSS_1414_storz_regulondb,0.125,7,7,TTCATCCACGTGCACAAATG,0,55812
TSS_1414_storz_regulondb,0.125,7,7,TTCACCGGGTGCCGTCTTCT,0,30053
TSS_1414_storz_regulondb,0.125,7,7,TTATGGGCTCCCCATCAAGC,0,72840
TSS_1414_storz_regulondb,0.125,7,7,TTATGAAGGAAACTCTCACC,0,73933
TSS_1414_storz_regulondb,0.125,7,7,TTAGTTGGACACGTCTTGGT,0,41001
TSS_1414_storz_regulondb,0.125,7,7,TTACCCTTTTGATTCCCAGA,0,36053
TSS_1414_storz_regulondb,0.125,7,7,TTACCCCGGGCCTATTAGCG,0,48524
TSS_1414_storz_regulondb,0.125,7,7,TTACCAAGTACCAAGGATAC,0,34909
TSS_1414_storz_regulondb,0.125,7,7,TTACATTTCGAATTTATGCA,0,22041
TSS_1414_storz_regulondb,0.125,7,7,TTACAGTCGCTAACCTCATG,0,35015
TSS_1414_storz_regulondb,0.125,7,7,TTAATGATATAGCCGCCGAC,0,8952
TSS_1414_storz_regulondb,0.125,7,7,TTAACGCTTGCTGCTCCATG,0,39670
TSS_1414_storz_regulondb,0.125,7,7,TTAACCGTTGACTGTAGTGC,0,47128
TSS_1414_storz_regulondb,0.125,7,7,TTAAATTTTAACTGGTTAGA,0,35020
TSS_1414_storz_regulondb,0.125,7,7,TTAAAGTGGGAATGCGACGT,0,35554
TSS_1414_storz_regulondb,0.125,7,7,TGTTGCTGTCGTATCGAGAG,0,27941
TSS_1414_storz_regulondb,0.125,7,7,TGTTGCCAATCGTAAAGGGA,0,7188
TSS_1414_storz_regulondb,0.125,7,7,TGTGTATGATAGGCATATTT,0,18357
TSS_1414_storz_regulondb,0.125,7,7,TGTGATTTGGTTTTAGCGTT,0,67880
TSS_1414_storz_regulondb,0.125,7,7,TGTCTTGCCCTCACGAAGAG,0,54419
TSS_1414_storz_regulondb,0.125,7,7,TGTCTGGCCTAATCTCCGTT,0,964
TSS_1414_storz_regulondb,0.125,7,7,TGTCCGAGCCACCCGTGTGG,0,20894
TSS_1414_storz_regulondb,0.125,7,7,TGTCATGGATCTTCCCCGGG,0,4126
TSS_1414_storz_regulondb,0.125,7,7,TGTCAGCAGCTAGTCAAGTT,0,69789
TSS_1414_storz_regulondb,0.125,7,7,TGTCACGATTAAAGCATCTT,0,3926
TSS_1414_storz_regulondb,0.125,7,7,TGTCACATCTTGAGTCTATA,0,59154
TSS_1414_storz_regulondb,0.125,7,7,TGTATGCCTAAATTGGTGAC,0,59406
TSS_1414_storz_regulondb,0.125,7,7,TGTATGAATACCAAGCCCCA,0,27278
TSS_1414_storz_regulondb,0.125,7,7,TGTAGGAGGCCGCCCCACGG,0,44756
TSS_1414_storz_regulondb,0.125,7,7,TGTAGGACCTGACTTGCACT,0,32015
TSS_1414_storz_regulondb,0.125,7,7,TGTAGGACCGGGAATCGGGC,0,36187
TSS_1414_storz_regulondb,0.125,7,7,TGTAAGTCTCTCAGTACGCT,0,68515
TSS_1414_storz_regulondb,0.125,7,7,TGTAAACCTACCCGTAGTGA,0,3987
TSS_1414_storz_regulondb,0.125,7,7,TGGTCAGTTCCAGAGCGTGC,0,17351
TSS_1414_storz_regulondb,0.125,7,7,TGGTAAGGCTCCTTGTGTAT,0,4301
TSS_1414_storz_regulondb,0.125,7,7,TGGGTTACGTCTGGTTGCGA,0,36685
TSS_1414_storz_regulondb,0.125,7,7,TGGGTGCAGATTCATTATTT,0,78088
TSS_1414_storz_regulondb,0.125,7,7,TGGGGAGATCTCTTGTCGGC,0,29015
TSS_1414_storz_regulondb,0.125,7,7,TGGGATCTGTACCGGACTTG,0,22523
TSS_1414_storz_regulondb,0.125,7,7,TGGCTACCGAGGATTACTGA,0,25344
TSS_1414_storz_regulondb,0.125,7,7,TGGCCCTTCGCCATCAAGTG,0,21141
TSS_1414_storz_regulondb,0.125,7,7,TGGCCACGTAAACGGGGAAT,0,66619
TSS_1414_storz_regulondb,0.125,7,7,TGGCAGCACGCAAGCAGAAA,0,71844
TSS_1414_storz_regulondb,0.125,7,7,TGGAGTACATCCTGCCCCTT,0,30344
TSS_1414_storz_regulondb,0.125,7,7,TGGAGGCCAGGGACGTTGTA,0,21659
TSS_1414_storz_regulondb,0.125,7,7,TGGAGGCACCCAGGACTGGA,0,7491
TSS_1414_storz_regulondb,0.125,7,7,TGGAGGACCGCCCAAGCATA,0,18358
TSS_1414_storz_regulondb,0.125,7,7,TGGAGCGAATACTTTCCGAA,0,48304
TSS_1414_storz_regulondb,0.125,7,7,TGGAGCCGAGCGTACGAATC,0,43951
TSS_1414_storz_regulondb,0.125,7,7,TGGAACTCTCGTGATTTAGG,0,5484
TSS_1414_storz_regulondb,0.125,7,7,TGCTCTCGTACAGCAAAGCG,0,69099
TSS_1414_storz_regulondb,0.125,7,7,TGCGGATTCGATACCTTTGG,0,42417
TSS_1414_storz_regulondb,0.125,7,7,TGCGCGTCAACGATACCTAA,0,47862
TSS_1414_storz_regulondb,0.125,7,7,TGCGCGGAAACTAGGGAGAG,0,11486
TSS_1414_storz_regulondb,0.125,7,7,TGCGACAGGACACCACGCTA,0,53571
TSS_1414_storz_regulondb,0.125,7,7,TGCCGATGGCATTTAGTCTT,0,37255
TSS_1414_storz_regulondb,0.125,7,7,TGCATGCATCAATTCCTGAT,0,62939
TSS_1414_storz_regulondb,0.125,7,7,TGCATAGTGTGTCGATGTAC,0,42349
TSS_1414_storz_regulondb,0.125,7,7,TGCAGTTAAGGCGATGGGCT,0,72649
TSS_1414_storz_regulondb,0.125,7,7,TGCAGCTGCTCAAGTCAGAC,0,17345
TSS_1414_storz_regulondb,0.125,7,7,TGCACAGCAGGGGTCTTGTG,0,15472
TSS_1414_storz_regulondb,0.125,7,7,TGCAATTTTGTATTTCGAGT,0,63981
TSS_1414_storz_regulondb,0.125,7,7,TGATTTGTCTAGCGATCTAT,0,16074
TSS_1414_storz_regulondb,0.125,7,7,TGATTTGAAGGACGCTCGTT,0,68644
TSS_1414_storz_regulondb,0.125,7,7,TGATTGAGAGGCTGATTAGG,0,37247
TSS_1414_storz_regulondb,0.125,7,7,TGATTCTCGCTTGCCAGATT,0,43012
TSS_1414_storz_regulondb,0.125,7,7,TGATTAGACGGTCATAAATG,0,53421
TSS_1414_storz_regulondb,0.125,7,7,TGATTAAATCTTAAACACAC,0,74671
TSS_1414_storz_regulondb,0.125,7,7,TGATGTTGAGTGAAGGCGTT,0,66330
TSS_1414_storz_regulondb,0.125,7,7,TGATGGCCTGTACCGATGGT,0,77690
TSS_1414_storz_regulondb,0.125,7,7,TGATAGGTGCTGATAGCTGA,0,6895
TSS_1414_storz_regulondb,0.125,7,7,TGAGTTTTTTGCTCCGAGCG,0,31066
TSS_1414_storz_regulondb,0.125,7,7,TGAGTGTCCCACATAACTGT,0,71743
TSS_1414_storz_regulondb,0.125,7,7,TGAGATCTGGTTGTAATACT,0,31252
TSS_1414_storz_regulondb,0.125,7,7,TGAGAAAAGACCGCCCTGCA,0,44247
TSS_1414_storz_regulondb,0.125,7,7,TGACTCGATCGACGCGATTC,0,15407
TSS_1414_storz_regulondb,0.125,7,7,TGAATCGGCTGGTTCAGGCC,0,48752
TSS_1414_storz_regulondb,0.125,7,7,TGAATATCGATTTCATCTTC,0,60527
TSS_1414_storz_regulondb,0.125,7,7,TGAATAGCGGATACTTTTGC,0,33947
TSS_1414_storz_regulondb,0.125,7,7,TGAAAGTGTAGCTGAAGAGC,0,49836
TSS_1414_storz_regulondb,0.125,7,7,TGAAAGTGGAAGACACGTGA,0,13062
TSS_1414_storz_regulondb,0.125,7,7,TCTTCGGAGAATTTAAAGCT,0,26245
TSS_1414_storz_regulondb,0.125,7,7,TCTGTGCGTTCCTGAAAGGT,0,78211
TSS_1414_storz_regulondb,0.125,7,7,TCTGTCAAGCACGAGCATAG,0,14947
TSS_1414_storz_regulondb,0.125,7,7,TCTGGCGTAAGGCTTAAAAT,0,59487
TSS_1414_storz_regulondb,0.125,7,7,TCTCGTACAGGGTGGCACTA,0,66503
TSS_1414_storz_regulondb,0.125,7,7,TCTCGCGGCGAGTGATGCTT,0,50925
TSS_1414_storz_regulondb,0.125,7,7,TCTCGCATGTCTTTTGGGTT,0,79483
TSS_1414_storz_regulondb,0.125,7,7,TCTCGACTTACTACCGAATA,0,37569
TSS_1414_storz_regulondb,0.125,7,7,TCTAGTGTGCTCAAAGGCCA,0,61259
TSS_1414_storz_regulondb,0.125,7,7,TCTAGCAGGATCTATCCTTC,0,921
TSS_1414_storz_regulondb,0.125,7,7,TCTACTCGTGCCATATTCGA,0,31786
TSS_1414_storz_regulondb,0.125,7,7,TCTACCCCAAATGGTTGCCA,0,41441
TSS_1414_storz_regulondb,0.125,7,7,TCTAAGTTCAGCATGTCTAA,0,41041
TSS_1414_storz_regulondb,0.125,7,7,TCTAAGTTATTGCAAGTGTT,0,6969
TSS_1414_storz_regulondb,0.125,7,7,TCGTTGCAATACAGGGAAAA,0,32160
TSS_1414_storz_regulondb,0.125,7,7,TCGTGCTTCGTGATCGGTCT,0,71430
TSS_1414_storz_regulondb,0.125,7,7,TCGTGCCGATTGCACATGAC,0,55493
TSS_1414_storz_regulondb,0.125,7,7,TCGTGAGGCATGCTTATTGT,0,35126
TSS_1414_storz_regulondb,0.125,7,7,TCGTCTTTAATTGGTTGCCG,0,38548
TSS_1414_storz_regulondb,0.125,7,7,TCGGTGTCTCTTGAGTAGGA,0,73
TSS_1414_storz_regulondb,0.125,7,7,TCGGGTTCGCAGCTCCACGA,0,35766
TSS_1414_storz_regulondb,0.125,7,7,TCGGGTATCTCCCGACTTAT,0,38065
TSS_1414_storz_regulondb,0.125,7,7,TCGGCCCGAAACAGTACCAA,0,79650
TSS_1414_storz_regulondb,0.125,7,7,TCGGATCATTAGAAGTATGT,0,65737
TSS_1414_storz_regulondb,0.125,7,7,TCGCGTTGCGTTTAGTGCCT,0,75175
TSS_1414_storz_regulondb,0.125,7,7,TCGCGGCTGTTGCGCCGTCC,0,61090
TSS_1414_storz_regulondb,0.125,7,7,TCGCCGACATGCGTGGCCCC,0,69790
TSS_1414_storz_regulondb,0.125,7,7,TCGATTCTGGCCCCTCGGCT,0,33123
TSS_1414_storz_regulondb,0.125,7,7,TCGAGGTCACGTGGATGTTC,0,52404
TSS_1414_storz_regulondb,0.125,7,7,TCGACGAGTTAACCGACGGG,0,3763
TSS_1414_storz_regulondb,0.125,7,7,TCCTTTAGTTTCTGTCCGTT,0,14507
TSS_1414_storz_regulondb,0.125,7,7,TCCTGGAAACTGACACGTCC,0,21596
TSS_1414_storz_regulondb,0.125,7,7,TCCTCTGTTTATTAAGCGGA,0,66827
TSS_1414_storz_regulondb,0.125,7,7,TCCGTCATCGCTTAAGGATT,0,18537
TSS_1414_storz_regulondb,0.125,7,7,TCCGCTCTACGTAGGCATTT,0,16902
TSS_1414_storz_regulondb,0.125,7,7,TCCCTGGGAATTTGTTGTCA,0,28047
TSS_1414_storz_regulondb,0.125,7,7,TCCCTACGCAGGTGCGAAAA,0,5712
TSS_1414_storz_regulondb,0.125,7,7,TCCCGTCCAGCTGACCCAGA,0,75559
TSS_1414_storz_regulondb,0.125,7,7,TCCCGGAGAATTAATGGGTT,0,64770
TSS_1414_storz_regulondb,0.125,7,7,TCCCGAGTGATCACGTGTTA,0,63640
TSS_1414_storz_regulondb,0.125,7,7,TCCCATTAGCTCCTGACCTA,0,64572
TSS_1414_storz_regulondb,0.125,7,7,TCATTCCGTAACAAGCTGAC,0,36012
TSS_1414_storz_regulondb,0.125,7,7,TCAGGCCGTGTATTGTCCCA,0,15568
TSS_1414_storz_regulondb,0.125,7,7,TCAGGCCCCGGTTATATCAC,0,10982
TSS_1414_storz_regulondb,0.125,7,7,TCAGACGATCTCACCCGATG,0,15430
TSS_1414_storz_regulondb,0.125,7,7,TCAGAACCTTCACATGCAGA,0,77611
TSS_1414_storz_regulondb,0.125,7,7,TCAGAAAGTAGGCGCCCGGA,0,72216
TSS_1414_storz_regulondb,0.125,7,7,TCACTGTGCGTAATTACTAA,0,1786
TSS_1414_storz_regulondb,0.125,7,7,TCACTCAATGTGATGAACTT,0,24613
TSS_1414_storz_regulondb,0.125,7,7,TCACGGACACGCATTTAACC,0,28511
TSS_1414_storz_regulondb,0.125,7,7,TCACGCGAGTTAACGGACCT,0,77933
TSS_1414_storz_regulondb,0.125,7,7,TCAATGTACCGAGCGCGGGG,0,30375
TSS_1414_storz_regulondb,0.125,7,7,TCAATGCAAGGTCTAATGGG,0,23694
TSS_1414_storz_regulondb,0.125,7,7,TCAAGCAAGATGACGACCTA,0,63745
TSS_1414_storz_regulondb,0.125,7,7,TCAAATCGCCTGCGAACTGG,0,64286
TSS_1414_storz_regulondb,0.125,7,7,TCAAAGCTTGTTTCAATTTC,0,54204
TSS_1414_storz_regulondb,0.125,7,7,TATTTTGGCGTTACTTCGGT,0,21661
TSS_1414_storz_regulondb,0.125,7,7,TATTGGTGGGTTCTACCGGG,0,68976
TSS_1414_storz_regulondb,0.125,7,7,TATTCTGTAATCTATACCCA,0,25007
TSS_1414_storz_regulondb,0.125,7,7,TATTAGAACTTGCCGAAGGG,0,13832
TSS_1414_storz_regulondb,0.125,7,7,TATTACACCAAACCCTCGCG,0,7850
TSS_1414_storz_regulondb,0.125,7,7,TATTAAATCGTTGAGCACTA,0,19981
TSS_1414_storz_regulondb,0.125,7,7,TATGGATCACGGACCCGCTG,0,24424
TSS_1414_storz_regulondb,0.125,7,7,TATGGACACCCACCGTAGGA,0,23911
TSS_1414_storz_regulondb,0.125,7,7,TATGCTCAACGTTTAGTGTT,0,3450
TSS_1414_storz_regulondb,0.125,7,7,TATGCAGGTTATATGTAGTC,0,36484
TSS_1414_storz_regulondb,0.125,7,7,TATGCACGCTCGATCTACGT,0,13252
TSS_1414_storz_regulondb,0.125,7,7,TATGCACATACGGCTACTGT,0,39359
TSS_1414_storz_regulondb,0.125,7,7,TATCTTAGGAACAGTTTACA,0,62327
TSS_1414_storz_regulondb,0.125,7,7,TATCTAGGCATGACGTCCAT,0,80676
TSS_1414_storz_regulondb,0.125,7,7,TATCCACGAACCTTGACTAA,0,56091
TSS_1414_storz_regulondb,0.125,7,7,TATCATTGGGAAGCCAAACC,0,78287
TSS_1414_storz_regulondb,0.125,7,7,TATCAAGACCATTCGAGCTG,0,7162
TSS_1414_storz_regulondb,0.125,7,7,TATACTCGTGTAGGTTTCGA,0,65633
TSS_1414_storz_regulondb,0.125,7,7,TAGGTTCTGCGGGGGTCGTG,0,44654
TSS_1414_storz_regulondb,0.125,7,7,TAGGTAATCACTCGCTCTTA,0,54887
TSS_1414_storz_regulondb,0.125,7,7,TAGGTAACCTCTGTTGGTGA,0,30217
TSS_1414_storz_regulondb,0.125,7,7,TAGGATTACTGATGGTCGGC,0,36157
TSS_1414_storz_regulondb,0.125,7,7,TAGCTTCTAGGGCGGTATTA,0,25701
TSS_1414_storz_regulondb,0.125,7,7,TAGCTCGTGGACCCTTTATG,0,45653
TSS_1414_storz_regulondb,0.125,7,7,TAGCTCAAAAGATGAGCCTT,0,44761
TSS_1414_storz_regulondb,0.125,7,7,TAGCGGACCATTCCTCTTGT,0,12808
TSS_1414_storz_regulondb,0.125,7,7,TAGCACGTGCCAGTGCCTAA,0,4553
TSS_1414_storz_regulondb,0.125,7,7,TAGCAACAATTTGGGATATG,0,74975
TSS_1414_storz_regulondb,0.125,7,7,TAGATTTGGCGAGTAGAGGT,0,19806
TSS_1414_storz_regulondb,0.125,7,7,TAGATCCTCGGCCTAGGTTC,0,16092
TSS_1414_storz_regulondb,0.125,7,7,TACTTTGTCATTGCAGAAGA,0,28070
TSS_1414_storz_regulondb,0.125,7,7,TACGTTTAAGCGTAATGTGA,0,50557
TSS_1414_storz_regulondb,0.125,7,7,TACGCCGGGGGCTATCTTGT,0,45301
TSS_1414_storz_regulondb,0.125,7,7,TACGAGACGCACCAACGGAG,0,40376
TSS_1414_storz_regulondb,0.125,7,7,TACCTCTCTCTTCCACCGAT,0,45152
TSS_1414_storz_regulondb,0.125,7,7,TACCCGTTGGACTCTACCAT,0,19454
TSS_1414_storz_regulondb,0.125,7,7,TACCCGCTCCTCGGAAGACC,0,68951
TSS_1414_storz_regulondb,0.125,7,7,TACATCTCCATTCCTTTCTA,0,23486
TSS_1414_storz_regulondb,0.125,7,7,TACATCAAGGAACGATCTGT,0,51496
TSS_1414_storz_regulondb,0.125,7,7,TACAGCACGGGAAAACCACT,0,41990
TSS_1414_storz_regulondb,0.125,7,7,TACAAGCGTCGGAGTTTGTG,0,59613
TSS_1414_storz_regulondb,0.125,7,7,TAAGCCGAGGTTAGTGGCCC,0,15566
TSS_1414_storz_regulondb,0.125,7,7,TAACTCTTTTTATGGCTTTA,0,49925
TSS_1414_storz_regulondb,0.125,7,7,TAACGCCACTAAGCACTTAA,0,25672
TSS_1414_storz_regulondb,0.125,7,7,TAACCTGAGCATCCTTGGTC,0,11130
TSS_1414_storz_regulondb,0.125,7,7,TAACCTCTTATATCGGCAAC,0,3528
TSS_1414_storz_regulondb,0.125,7,7,TAACCGGTCTGACCTACTGG,0,68736
TSS_1414_storz_regulondb,0.125,7,7,TAACCGAACATACAGGGGAG,0,39256
TSS_1414_storz_regulondb,0.125,7,7,TAACAGGGGTTGGATTTGAG,0,72476
TSS_1414_storz_regulondb,0.125,7,7,TAACACTTGTTCACGACGTT,0,59480
TSS_1414_storz_regulondb,0.125,7,7,TAAATGGTTGTTTACAAACT,0,33415
TSS_1414_storz_regulondb,0.125,7,7,TAAAGTGCGTGGTAACCCAA,0,19734
TSS_1414_storz_regulondb,0.125,7,7,TAAAATCACAACCGGTTAAA,0,14455
TSS_1414_storz_regulondb,0.125,7,7,TAAAAATGTCCACGGTACGT,0,23258
TSS_1414_storz_regulondb,0.125,7,7,GTTTTATGTATTCGGTGGCA,0,54297
TSS_1414_storz_regulondb,0.125,7,7,GTTTGTATGGGTTAGGACAC,0,69499
TSS_1414_storz_regulondb,0.125,7,7,GTTGTTCATTGCTAATTAGT,0,24967
TSS_1414_storz_regulondb,0.125,7,7,GTTGTTAAATTCTCACCCGG,0,61291
TSS_1414_storz_regulondb,0.125,7,7,GTTGTCAAGTATTATAGAGG,0,63553
TSS_1414_storz_regulondb,0.125,7,7,GTTGGATGCGGCTGAAAAAG,0,20800
TSS_1414_storz_regulondb,0.125,7,7,GTTGCTATCCAGGGTCTATC,0,30136
TSS_1414_storz_regulondb,0.125,7,7,GTTGCCTCTCTAAGTTAGTG,0,74784
TSS_1414_storz_regulondb,0.125,7,7,GTTGAGGGGGCAGTATTGTT,0,65246
TSS_1414_storz_regulondb,0.125,7,7,GTTCGAGACAACCATACTCA,0,36821
TSS_1414_storz_regulondb,0.125,7,7,GTTCCGAGCATGAGCAGATA,0,30582
TSS_1414_storz_regulondb,0.125,7,7,GTTCCAGGCATTCACACGGT,0,66667
TSS_1414_storz_regulondb,0.125,7,7,GTTATTCCGGTCAAGTACTC,0,52565
TSS_1414_storz_regulondb,0.125,7,7,GTTATATAATCAAGTAACTC,0,17114
TSS_1414_storz_regulondb,0.125,7,7,GTTAGTCGCCGCAAATAACG,0,73589
TSS_1414_storz_regulondb,0.125,7,7,GTTAGCAAGTACGGATTATA,0,71113
TSS_1414_storz_regulondb,0.125,7,7,GTTAAGCCCGATTGTATGGG,0,18924
TSS_1414_storz_regulondb,0.125,7,7,GTGTGCTTGTCCGTGTTCTT,0,71679
TSS_1414_storz_regulondb,0.125,7,7,GTGTCGGGCGTGATTCGCAG,0,38257
TSS_1414_storz_regulondb,0.125,7,7,GTGTAGGCGCTTTGGGAGCT,0,13810
TSS_1414_storz_regulondb,0.125,7,7,GTGTAATTTGATGACTCCAC,0,36586
TSS_1414_storz_regulondb,0.125,7,7,GTGTAAGATAGGGAGTGTCC,0,35078
TSS_1414_storz_regulondb,0.125,7,7,GTGGTCCGCGTTCCGCTGCA,0,78042
TSS_1414_storz_regulondb,0.125,7,7,GTGGTAAAGCGGTGATTGAA,0,16947
TSS_1414_storz_regulondb,0.125,7,7,GTGGGGGACAATCGGCGGAC,0,55673
TSS_1414_storz_regulondb,0.125,7,7,GTGGAGGATTCTATTTTATG,0,69731
TSS_1414_storz_regulondb,0.125,7,7,GTGGAAGCTCGGTTAATGCC,0,27045
TSS_1414_storz_regulondb,0.125,7,7,GTGCGTTAAAGCTCAAGGTT,0,70975
TSS_1414_storz_regulondb,0.125,7,7,GTGCCTGGTTAATCCGATTT,0,36729
TSS_1414_storz_regulondb,0.125,7,7,GTGCAAATGGAGCGCATACC,0,41336
TSS_1414_storz_regulondb,0.125,7,7,GTGAACTAAGGGGCGCAAAG,0,41275
TSS_1414_storz_regulondb,0.125,7,7,GTCCTTTGAGCGTGCAAGCA,0,6483
TSS_1414_storz_regulondb,0.125,7,7,GTCCTAAAACCCTGGTCTTA,0,46641
TSS_1414_storz_regulondb,0.125,7,7,GTCCGTCGCGGCTTCAACTT,0,56130
TSS_1414_storz_regulondb,0.125,7,7,GTCCGACTGGGCCGTGGCCG,0,45838
TSS_1414_storz_regulondb,0.125,7,7,GTCCCGGGGAACACCGTTGT,0,1724
TSS_1414_storz_regulondb,0.125,7,7,GTCCCGCAAACACGAGATAT,0,55050
TSS_1414_storz_regulondb,0.125,7,7,GTCCCCTAGTTCACAAGAAC,0,48329
TSS_1414_storz_regulondb,0.125,7,7,GTCCAACTTAGTCCCGCCAG,0,13227
TSS_1414_storz_regulondb,0.125,7,7,GTCATTATGAAGCGTATGAC,0,76649
TSS_1414_storz_regulondb,0.125,7,7,GTCATCGTGGTGTGACGAAG,0,45648
TSS_1414_storz_regulondb,0.125,7,7,GTCATCGATGCTACATATAG,0,18131
TSS_1414_storz_regulondb,0.125,7,7,GTCAGGTTGAAATAGGATTC,0,71539
TSS_1414_storz_regulondb,0.125,7,7,GTCAGGCAGGTCCTGAACTT,0,75407
TSS_1414_storz_regulondb,0.125,7,7,GTCAGCTTCAAAATTACAAA,0,80428
TSS_1414_storz_regulondb,0.125,7,7,GTCACAGAGGCCCTATACGT,0,10073
TSS_1414_storz_regulondb,0.125,7,7,GTCAATCGAGGTGAGCCGTG,0,33634
TSS_1414_storz_regulondb,0.125,7,7,GTCAATAACTTAATGAGATA,0,16510
TSS_1414_storz_regulondb,0.125,7,7,GTCAAGATCCGAAGGGTTAC,0,34691
TSS_1414_storz_regulondb,0.125,7,7,GTATTGTAAATAGCATCCAA,0,798
TSS_1414_storz_regulondb,0.125,7,7,GTATTCTATCGGTACTCGCG,0,29866
TSS_1414_storz_regulondb,0.125,7,7,GTATGTCATGAATGAAGGTT,0,49381
TSS_1414_storz_regulondb,0.125,7,7,GTATGTAGTAACATACTATA,0,40717
TSS_1414_storz_regulondb,0.125,7,7,GTATGGCTTCACACGTATCC,0,2437
TSS_1414_storz_regulondb,0.125,7,7,GTATGGCAACCGTCATATTG,0,51608
TSS_1414_storz_regulondb,0.125,7,7,GTATCTCGCATGAAGCCTCC,0,28668
TSS_1414_storz_regulondb,0.125,7,7,GTATCGTGAGTGCGGAGGAT,0,50538
TSS_1414_storz_regulondb,0.125,7,7,GTATAGACTGAGCCCGTATT,0,8374
TSS_1414_storz_regulondb,0.125,7,7,GTAGTACAATCTAGAAGGTC,0,58361
TSS_1414_storz_regulondb,0.125,7,7,GTAGGTCATTCGTCTTCGTA,0,6113
TSS_1414_storz_regulondb,0.125,7,7,GTAGGAAGCCCCCACATCGG,0,41954
TSS_1414_storz_regulondb,0.125,7,7,GTAGACCTATACGATCTCAC,0,57963
TSS_1414_storz_regulondb,0.125,7,7,GTACGCCCGGATGGTAATCT,0,48916
TSS_1414_storz_regulondb,0.125,7,7,GTACCGGCAGAGTGCTCTCT,0,77303
TSS_1414_storz_regulondb,0.125,7,7,GTACCCGTGCCCGAGACGTT,0,9896
TSS_1414_storz_regulondb,0.125,7,7,GTACCACAGCGCAGCATGAC,0,31246
TSS_1414_storz_regulondb,0.125,7,7,GTACAACTGGGCGGTTGTCC,0,24220
TSS_1414_storz_regulondb,0.125,7,7,GTAATTGTCTCCTCGAAGTA,0,2659
TSS_1414_storz_regulondb,0.125,7,7,GTAAGCGCTTTCCGCAAGGT,0,41724
TSS_1414_storz_regulondb,0.125,7,7,GTAAGCAGATTTTGGCACAT,0,7433
TSS_1414_storz_regulondb,0.125,7,7,GTAACCCAAGGAAACGCTCG,0,66643
TSS_1414_storz_regulondb,0.125,7,7,GGTTTGTCAAGCGGCTTACG,0,11146
TSS_1414_storz_regulondb,0.125,7,7,GGTTGGCTAGTTGAATTATG,0,75587
TSS_1414_storz_regulondb,0.125,7,7,GGTTAGGATCAGTGTGCTTA,0,67815
TSS_1414_storz_regulondb,0.125,7,7,GGTGTGACATTATCCACGCA,0,22434
TSS_1414_storz_regulondb,0.125,7,7,GGTGGACTTAGGTGGGGCTT,0,76445
TSS_1414_storz_regulondb,0.125,7,7,GGTCTAGGCCGTCTGATTGT,0,32829
TSS_1414_storz_regulondb,0.125,7,7,GGTCGTCCGGTGTAGGCTTA,0,78543
TSS_1414_storz_regulondb,0.125,7,7,GGTCGCTGTCAGTTCTTTCT,0,74480
TSS_1414_storz_regulondb,0.125,7,7,GGTCGATAGACAGACAACCG,0,67014
TSS_1414_storz_regulondb,0.125,7,7,GGTCCTTCTATCACAGTCTG,0,62261
TSS_1414_storz_regulondb,0.125,7,7,GGTCCTGCTCCCAGGGTCCA,0,77631
TSS_1414_storz_regulondb,0.125,7,7,GGTCAGTTTGCCATTCCATA,0,15723
TSS_1414_storz_regulondb,0.125,7,7,GGTCACACTATTAGCCGAGC,0,78648
TSS_1414_storz_regulondb,0.125,7,7,GGTATTCACATATACCGTGT,0,4055
TSS_1414_storz_regulondb,0.125,7,7,GGTATCTGCTCCACCGCGCT,0,25620
TSS_1414_storz_regulondb,0.125,7,7,GGTATCTCCAGGCTTCTTCG,0,47996
TSS_1414_storz_regulondb,0.125,7,7,GGTAGGTGGAGATATAAGGG,0,62590
TSS_1414_storz_regulondb,0.125,7,7,GGTAGGGTGTTCGGCGTCCA,0,44718
TSS_1414_storz_regulondb,0.125,7,7,GGTAGACATAAATGAATCGA,0,56355
TSS_1414_storz_regulondb,0.125,7,7,GGTAAAAATGAGTGTATGGG,0,57407
TSS_1414_storz_regulondb,0.125,7,7,GGGTGTCCATAAAGTTCTGG,0,14508
TSS_1414_storz_regulondb,0.125,7,7,GGGTGCCTGCACGTTCAGTC,0,5185
TSS_1414_storz_regulondb,0.125,7,7,GGGTCGCCTCCGACACAGAA,0,50409
TSS_1414_storz_regulondb,0.125,7,7,GGGTACTTAATCTATTGGTG,0,66048
TSS_1414_storz_regulondb,0.125,7,7,GGGGTGTCAATCACTTATAA,0,2333
TSS_1414_storz_regulondb,0.125,7,7,GGGGTATCTATGTAGCAGTG,0,59639
TSS_1414_storz_regulondb,0.125,7,7,GGGGGGTATGAAGAAGTCAG,0,57302
TSS_1414_storz_regulondb,0.125,7,7,GGGGGGTAGGCATGGAACAC,0,16693
TSS_1414_storz_regulondb,0.125,7,7,GGGGGATCGCTGCTTGAGTG,0,4781
TSS_1414_storz_regulondb,0.125,7,7,GGGGCACTTGAACGCTGGCT,0,33165
TSS_1414_storz_regulondb,0.125,7,7,GGGGAAACTATGGTCTCTGT,0,15791
TSS_1414_storz_regulondb,0.125,7,7,GGGCGATCGTTGGGTCTGGA,0,75896
TSS_1414_storz_regulondb,0.125,7,7,GGGCAGGTGCAAGGGCTCTT,0,55149
TSS_1414_storz_regulondb,0.125,7,7,GGGAGTATCGACTCTGTGAC,0,54677
TSS_1414_storz_regulondb,0.125,7,7,GGGAAGTATGCTGCAGGGCT,0,46565
TSS_1414_storz_regulondb,0.125,7,7,GGGAAGGTCGGCATCTCCCA,0,21215
TSS_1414_storz_regulondb,0.125,7,7,GGGAACTGGACTATTTCACA,0,73708
TSS_1414_storz_regulondb,0.125,7,7,GGCTTTTGGCCCCGTATCTT,0,17772
TSS_1414_storz_regulondb,0.125,7,7,GGCTTACCGGTGTTCGAATA,0,43073
TSS_1414_storz_regulondb,0.125,7,7,GGCTTAATATGCGAGTACCA,0,53537
TSS_1414_storz_regulondb,0.125,7,7,GGCTGTCTTAAGGAAGGAAC,0,4127
TSS_1414_storz_regulondb,0.125,7,7,GGCTGTATCGCTTAACTCAA,0,79623
TSS_1414_storz_regulondb,0.125,7,7,GGCTGGTGTGCCCGAGAATT,0,30447
TSS_1414_storz_regulondb,0.125,7,7,GGCTGCTTATGCTGATATTG,0,33638
TSS_1414_storz_regulondb,0.125,7,7,GGCTGATGAGAGCGGGGGAT,0,63339
TSS_1414_storz_regulondb,0.125,7,7,GGCTCGGACTTATATGAGGT,0,70261
TSS_1414_storz_regulondb,0.125,7,7,GGCTCGCCCCTAAGTTCTCA,0,46117
TSS_1414_storz_regulondb,0.125,7,7,GGCTAGTTTTTAACGTAGTG,0,74927
TSS_1414_storz_regulondb,0.125,7,7,GGCTAGCTCATACTCCCCGG,0,55678
TSS_1414_storz_regulondb,0.125,7,7,GGCGTTGCATTATCGATCCT,0,63027
TSS_1414_storz_regulondb,0.125,7,7,GGCGTGCCCCGTTGTTACAG,0,9611
TSS_1414_storz_regulondb,0.125,7,7,GGCGTGCACCGAAGGTAGCG,0,72128
TSS_1414_storz_regulondb,0.125,7,7,GGCGGTCAGACGGGCTCCTT,0,60651
TSS_1414_storz_regulondb,0.125,7,7,GGCGAGCTTTCCACATGGAA,0,45938
TSS_1414_storz_regulondb,0.125,7,7,GGCCTTCTATAGAAGAGTGT,0,80329
TSS_1414_storz_regulondb,0.125,7,7,GGCCGCCAGATCCCTAAGCA,0,53751
TSS_1414_storz_regulondb,0.125,7,7,GGCCCTTCCAGTCTCTAGGT,0,11194
TSS_1414_storz_regulondb,0.125,7,7,GGCCCCGGGGAGTGTCATGG,0,29665
TSS_1414_storz_regulondb,0.125,7,7,GGCATGATACGCATGCAAGG,0,9029
TSS_1414_storz_regulondb,0.125,7,7,GGCACTTCGACCATATGACT,0,65934
TSS_1414_storz_regulondb,0.125,7,7,GGCAATGGAGTCCCACAATG,0,22893
TSS_1414_storz_regulondb,0.125,7,7,GGATCTCAAACAGCATTAGG,0,40941
TSS_1414_storz_regulondb,0.125,7,7,GGAGGTATTGCCAGCAAATG,0,61096
TSS_1414_storz_regulondb,0.125,7,7,GGAGCTGCGATTTTCGGTAT,0,37285
TSS_1414_storz_regulondb,0.125,7,7,GGAGACGCGACGAACACGCT,0,36519
TSS_1414_storz_regulondb,0.125,7,7,GGACTTTATTTGAGGTCTCT,0,37729
TSS_1414_storz_regulondb,0.125,7,7,GGACTTCTCAGCCCCGACGT,0,12198
TSS_1414_storz_regulondb,0.125,7,7,GGACTGCTTACTGACGTTAG,0,61336
TSS_1414_storz_regulondb,0.125,7,7,GGACTCTACGGAGACGTTGA,0,30041
TSS_1414_storz_regulondb,0.125,7,7,GGACGCAGTGTTTGCAGAGA,0,39793
TSS_1414_storz_regulondb,0.125,7,7,GGACGATATTGCGACTTTTT,0,65404
TSS_1414_storz_regulondb,0.125,7,7,GGACCCGTCGTTTCGTACTA,0,40652
TSS_1414_storz_regulondb,0.125,7,7,GGACATGGAGCAAGTAGCTG,0,13323
TSS_1414_storz_regulondb,0.125,7,7,GGAACTCGAGCGTGTAGGCA,0,65211
TSS_1414_storz_regulondb,0.125,7,7,GCTTTGCAGGGCGAAGATGG,0,1617
TSS_1414_storz_regulondb,0.125,7,7,GCTTGGCGTCTGACGAGGCT,0,24492
TSS_1414_storz_regulondb,0.125,7,7,GCTTCTTGTATGCCTGAGTA,0,13457
TSS_1414_storz_regulondb,0.125,7,7,GCTTACTAAACGTTGCAACA,0,41293
TSS_1414_storz_regulondb,0.125,7,7,GCTGTATATCCCACGCGGGA,0,77986
TSS_1414_storz_regulondb,0.125,7,7,GCTGCTCTGATAGACGCAAT,0,42347
TSS_1414_storz_regulondb,0.125,7,7,GCTGCACGCGTGTAATGGGT,0,21170
TSS_1414_storz_regulondb,0.125,7,7,GCTGATCTTACAACTAGGGA,0,55277
TSS_1414_storz_regulondb,0.125,7,7,GCTGAAATATTGTCACCGTT,0,77654
TSS_1414_storz_regulondb,0.125,7,7,GCTCTGTCGTGGATCTTTTC,0,40493
TSS_1414_storz_regulondb,0.125,7,7,GCTCGGTAAGGAAAAACAAG,0,42110
TSS_1414_storz_regulondb,0.125,7,7,GCTCAGACCACCTCCTGAGT,0,31855
TSS_1414_storz_regulondb,0.125,7,7,GCTCAATAAAATGAACCCGA,0,72756
TSS_1414_storz_regulondb,0.125,7,7,GCTAACCCGACAAGGACCAA,0,79147
TSS_1414_storz_regulondb,0.125,7,7,GCGTTACTGCACGGTCCCAC,0,23373
TSS_1414_storz_regulondb,0.125,7,7,GCGTATCGGGGGTATATATA,0,24903
TSS_1414_storz_regulondb,0.125,7,7,GCGTAGCTCTGACTGTTGCT,0,50091
TSS_1414_storz_regulondb,0.125,7,7,GCGGTGGCTTATGTCAGGCT,0,31598
TSS_1414_storz_regulondb,0.125,7,7,GCGGCTGTAGTCACCAAGAC,0,23307
TSS_1414_storz_regulondb,0.125,7,7,GCGGAACTCTAAGATTGCTA,0,34223
TSS_1414_storz_regulondb,0.125,7,7,GCGCTGTGTAAATGAGGCTC,0,20883
TSS_1414_storz_regulondb,0.125,7,7,GCGCTGTCGAGAAACGGCTT,0,68666
TSS_1414_storz_regulondb,0.125,7,7,GCGCTGATGGCTCTTTTTCG,0,30444
TSS_1414_storz_regulondb,0.125,7,7,GCGCTATGGGTGCTTGTAGG,0,74953
TSS_1414_storz_regulondb,0.125,7,7,GCGCGTCTGTTACCGTTCCT,0,5704
TSS_1414_storz_regulondb,0.125,7,7,GCGCACAAAAGGCCGACTGG,0,45427
TSS_1414_storz_regulondb,0.125,7,7,GCGATGAATTAACAGCAGTC,0,74883
TSS_1414_storz_regulondb,0.125,7,7,GCGAGATCCAGAGATTAAGA,0,18444
TSS_1414_storz_regulondb,0.125,7,7,GCGACCGGATAGATCTCCGG,0,61087
TSS_1414_storz_regulondb,0.125,7,7,GCGAATGCCTACATATGGAT,0,63270
TSS_1414_storz_regulondb,0.125,7,7,GCCTTGCACTTGTCGGGGTA,0,16996
TSS_1414_storz_regulondb,0.125,7,7,GCCTTAGGGCCACATATATA,0,42998
TSS_1414_storz_regulondb,0.125,7,7,GCCTCCCTGTGAATCAGTGT,0,3506
TSS_1414_storz_regulondb,0.125,7,7,GCCTATTGTGAGGCTCTCGA,0,69901
TSS_1414_storz_regulondb,0.125,7,7,GCCTAGTTCCCTGTGCTTTT,0,11631
TSS_1414_storz_regulondb,0.125,7,7,GCCGGATCGGCAAAGTACAA,0,32465
TSS_1414_storz_regulondb,0.125,7,7,GCCGCTTCAGGTCATAGTAA,0,73744
TSS_1414_storz_regulondb,0.125,7,7,GCCCTAAATAGCGGTAGACG,0,56751
TSS_1414_storz_regulondb,0.125,7,7,GCCCGGGTCTTACGTGATAG,0,64990
TSS_1414_storz_regulondb,0.125,7,7,GCCCCGATTGACAAAATCGC,0,51
TSS_1414_storz_regulondb,0.125,7,7,GCCCAGTAAGCTAGCGACAA,0,59429
TSS_1414_storz_regulondb,0.125,7,7,GCCATCAAATGTGTTGGTGA,0,15039
TSS_1414_storz_regulondb,0.125,7,7,GCCAGATCAAAAGGTACGAT,0,43547
TSS_1414_storz_regulondb,0.125,7,7,GCCACTGTGATGCGCCGACC,0,41855
TSS_1414_storz_regulondb,0.125,7,7,GCCACCGATTATACGCCAAC,0,70579
TSS_1414_storz_regulondb,0.125,7,7,GCCACACAAACGTCTCATGA,0,17844
TSS_1414_storz_regulondb,0.125,7,7,GCCAAATTCTGCTTACTATC,0,64429
TSS_1414_storz_regulondb,0.125,7,7,GCATCGCAATAACAGGAGCA,0,10569
TSS_1414_storz_regulondb,0.125,7,7,GCATCATAAGAACGGGGTCG,0,36734
TSS_1414_storz_regulondb,0.125,7,7,GCAGTAGTTTACGGTGGAGT,0,58793
TSS_1414_storz_regulondb,0.125,7,7,GCAGGTTGGGTGACTGGGTA,0,8317
TSS_1414_storz_regulondb,0.125,7,7,GCAGGCCCTGCGCTAGAATA,0,9720
TSS_1414_storz_regulondb,0.125,7,7,GCACTTCCCCGGCCATCATG,0,23969
TSS_1414_storz_regulondb,0.125,7,7,GCACTCAGTCATAACTTGGT,0,19501
TSS_1414_storz_regulondb,0.125,7,7,GCACGTCGCCGCGGGTATAT,0,13560
TSS_1414_storz_regulondb,0.125,7,7,GCACGAGGGCAAGAACGAAA,0,39849
TSS_1414_storz_regulondb,0.125,7,7,GCACATTTCTCGTTCTCTCA,0,48155
TSS_1414_storz_regulondb,0.125,7,7,GCAAACAAAACCGGCAAGAT,0,80844
TSS_1414_storz_regulondb,0.125,7,7,GATTTGGTGAGTGACTAAAC,0,47159
TSS_1414_storz_regulondb,0.125,7,7,GATTGAGTGCCCTAGGGTTG,0,8069
TSS_1414_storz_regulondb,0.125,7,7,GATTCTTCAACTGATTTTGG,0,54355
TSS_1414_storz_regulondb,0.125,7,7,GATTCCACACCATCCTAGTT,0,2917
TSS_1414_storz_regulondb,0.125,7,7,GATTACCCAATGTTCGTTCG,0,39021
TSS_1414_storz_regulondb,0.125,7,7,GATGCGACAGTTCACACACA,0,7672
TSS_1414_storz_regulondb,0.125,7,7,GATGCAATTACACAACTGAC,0,79515
TSS_1414_storz_regulondb,0.125,7,7,GATGATCACGCATTCCGGAA,0,42874
TSS_1414_storz_regulondb,0.125,7,7,GATGACACAGCACTCCCCAA,0,75033
TSS_1414_storz_regulondb,0.125,7,7,GATCTTAGTAGCCGATAGTC,0,5988
TSS_1414_storz_regulondb,0.125,7,7,GATCTCAGTCCATTTGTGGT,0,7035
TSS_1414_storz_regulondb,0.125,7,7,GATAGAGGCATTCGCGTAAT,0,47590
TSS_1414_storz_regulondb,0.125,7,7,GATACTGGCACCTGATACAT,0,68712
TSS_1414_storz_regulondb,0.125,7,7,GATACGTTAAGTGCGACAAG,0,2426
TSS_1414_storz_regulondb,0.125,7,7,GATACCCGAAAGCTCAATTG,0,57286
TSS_1414_storz_regulondb,0.125,7,7,GATAATTCTGACACCCGAAA,0,62454
TSS_1414_storz_regulondb,0.125,7,7,GAGTTCTAATGTACCTATCA,0,79359
TSS_1414_storz_regulondb,0.125,7,7,GAGTGTTTTCGGTGCCTCTG,0,55251
TSS_1414_storz_regulondb,0.125,7,7,GAGTACGTAGGAACCAGATA,0,132
TSS_1414_storz_regulondb,0.125,7,7,GAGGTAATGCGCGTCCCGTG,0,20183
TSS_1414_storz_regulondb,0.125,7,7,GAGGGTCAAGGACCCCGACT,0,41861
TSS_1414_storz_regulondb,0.125,7,7,GAGGGGAATGGCCTTATGAG,0,32320
TSS_1414_storz_regulondb,0.125,7,7,GAGGATAGGACGGAGACCGT,0,78755
TSS_1414_storz_regulondb,0.125,7,7,GAGGAAGGTTTAATAGTATA,0,1280
TSS_1414_storz_regulondb,0.125,7,7,GAGCTTAATGGCGGTACGTG,0,15245
TSS_1414_storz_regulondb,0.125,7,7,GAGCTGCTTATCAGTTGTTC,0,78621
TSS_1414_storz_regulondb,0.125,7,7,GAGCGGGATCAGTACGGCAA,0,34789
TSS_1414_storz_regulondb,0.125,7,7,GAGCGCGGGCCCCTCTGGAG,0,33216
TSS_1414_storz_regulondb,0.125,7,7,GAGCCCGCTGTACGGGTAAT,0,55168
TSS_1414_storz_regulondb,0.125,7,7,GAGCCCGAAGACAGTTTCCT,0,18843
TSS_1414_storz_regulondb,0.125,7,7,GAGCCACAGACTTACCCTCA,0,47524
TSS_1414_storz_regulondb,0.125,7,7,GAGAGTAAGCCTGTGTGACG,0,7173
TSS_1414_storz_regulondb,0.125,7,7,GAGAATGAACGAATGAACAG,0,35345
TSS_1414_storz_regulondb,0.125,7,7,GAGAATCGCTACCTCTCAGT,0,53096
TSS_1414_storz_regulondb,0.125,7,7,GAGAAGTCGATTGGAAGATT,0,55369
TSS_1414_storz_regulondb,0.125,7,7,GAGAAGGTTAAAATAGTTCT,0,43709
TSS_1414_storz_regulondb,0.125,7,7,GACTTTAGAGTATCCTATAT,0,73681
TSS_1414_storz_regulondb,0.125,7,7,GACTTGCTAGACAGTCACGA,0,38858
TSS_1414_storz_regulondb,0.125,7,7,GACTGTGAATCTCTTCCCGT,0,61697
TSS_1414_storz_regulondb,0.125,7,7,GACTGCTGGTGCGGGTGATA,0,14364
TSS_1414_storz_regulondb,0.125,7,7,GACTCCGATATGGGGGACAA,0,6260
TSS_1414_storz_regulondb,0.125,7,7,GACGTTAGATAAACATTCGC,0,51659
TSS_1414_storz_regulondb,0.125,7,7,GACGTCTACCATGAACTGCA,0,50418
TSS_1414_storz_regulondb,0.125,7,7,GACGGATCAAACTCTAGTGC,0,1782
TSS_1414_storz_regulondb,0.125,7,7,GACGATTAAATCCCAAGGGA,0,73531
TSS_1414_storz_regulondb,0.125,7,7,GACCGTAAAGGGGCAAGAGG,0,19586
TSS_1414_storz_regulondb,0.125,7,7,GACCGGTTCTTGCTTAGACT,0,43433
TSS_1414_storz_regulondb,0.125,7,7,GACCCGCCAACGGGCAAGTC,0,79043
TSS_1414_storz_regulondb,0.125,7,7,GACCATCTACAGGAGCCAAC,0,15443
TSS_1414_storz_regulondb,0.125,7,7,GACATTCGAGGAGTACGAGT,0,40749
TSS_1414_storz_regulondb,0.125,7,7,GACAGTTATAGTTCGCTGGT,0,33121
TSS_1414_storz_regulondb,0.125,7,7,GACAGATGTGGAGTGTGACC,0,57819
TSS_1414_storz_regulondb,0.125,7,7,GACAGATCAGTCGGAATGCT,0,68718
TSS_1414_storz_regulondb,0.125,7,7,GACACGCGGGGTAAGCACGC,0,18529
TSS_1414_storz_regulondb,0.125,7,7,GACACACATGGTCAACAGAG,0,31665
TSS_1414_storz_regulondb,0.125,7,7,GAATCGATAACACGCGGACA,0,48303
TSS_1414_storz_regulondb,0.125,7,7,GAATAGGTCAAGCTAACTAC,0,1975
TSS_1414_storz_regulondb,0.125,7,7,GAAGGGATAGGGGATCCGAT,0,44407
TSS_1414_storz_regulondb,0.125,7,7,GAACTCGATATGGGAGGTGA,0,20766
TSS_1414_storz_regulondb,0.125,7,7,GAACCATATGTTTTTAGTCC,0,49012
TSS_1414_storz_regulondb,0.125,7,7,GAACATCAAAAGGAGGGAGG,0,66172
TSS_1414_storz_regulondb,0.125,7,7,GAAATGGTGCTCCTGCGTGG,0,10054
TSS_1414_storz_regulondb,0.125,7,7,GAAACCTCCTATAGGGCATA,0,29558
TSS_1414_storz_regulondb,0.125,7,7,CTTTCCTGGATTAATAAATT,0,18773
TSS_1414_storz_regulondb,0.125,7,7,CTTTAGCTAAGATACATGTT,0,31963
TSS_1414_storz_regulondb,0.125,7,7,CTTTAAGTACTAGATTGCCA,0,43482
TSS_1414_storz_regulondb,0.125,7,7,CTTGGGCGAACTTTAACAAA,0,28749
TSS_1414_storz_regulondb,0.125,7,7,CTTGCGTCGTATAGTGAGAA,0,74364
TSS_1414_storz_regulondb,0.125,7,7,CTTCTTGTGACTTCCTTGGT,0,31362
TSS_1414_storz_regulondb,0.125,7,7,CTTCGAGAACGTGGTTGCGC,0,13585
TSS_1414_storz_regulondb,0.125,7,7,CTTAATCTGGGTCTTCACCG,0,36466
TSS_1414_storz_regulondb,0.125,7,7,CTTAACTACCTCCCCCAACG,0,52795
TSS_1414_storz_regulondb,0.125,7,7,CTGTTGAGGCCGTCAAGTAT,0,18
TSS_1414_storz_regulondb,0.125,7,7,CTGTTGAAAATCTCTGCAGT,0,9380
TSS_1414_storz_regulondb,0.125,7,7,CTGTCCAAGATATCGCATAA,0,40929
TSS_1414_storz_regulondb,0.125,7,7,CTGGCCTCGTCCCCTAAGAC,0,65876
TSS_1414_storz_regulondb,0.125,7,7,CTGGCCGTTTCGGGTACACA,0,59655
TSS_1414_storz_regulondb,0.125,7,7,CTGGAGTCACCCGGACGCGT,0,34845
TSS_1414_storz_regulondb,0.125,7,7,CTGCTTGCGCACTTAGTAAG,0,15711
TSS_1414_storz_regulondb,0.125,7,7,CTGCTTAAAGGTTTGCCTAA,0,21942
TSS_1414_storz_regulondb,0.125,7,7,CTGCGGGGCTACTGTTCGTT,0,63249
TSS_1414_storz_regulondb,0.125,7,7,CTGCGCCACATCGAGCCTAA,0,37379
TSS_1414_storz_regulondb,0.125,7,7,CTGCAACATGATTTGTATGC,0,78108
TSS_1414_storz_regulondb,0.125,7,7,CTGAGGCTGTCGTGCGTCAA,0,27219
TSS_1414_storz_regulondb,0.125,7,7,CTGAGCGCAGCTCATTAATC,0,3986
TSS_1414_storz_regulondb,0.125,7,7,CTGACCGCCAGCCTCTCGCT,0,10060
TSS_1414_storz_regulondb,0.125,7,7,CTGAATTGACCAACCGGTGA,0,6251
TSS_1414_storz_regulondb,0.125,7,7,CTCTTGTCCCTAGGTCGAAT,0,59415
TSS_1414_storz_regulondb,0.125,7,7,CTCTGTAAGCTTTAGGGAAT,0,41269
TSS_1414_storz_regulondb,0.125,7,7,CTCTGCCAATACAGGTGGCT,0,9131
TSS_1414_storz_regulondb,0.125,7,7,CTCTATCTCGCGGGTTCAGG,0,16436
TSS_1414_storz_regulondb,0.125,7,7,CTCGGCGCTACACCTCGAAC,0,14478
TSS_1414_storz_regulondb,0.125,7,7,CTCGCTTATATTATGTTGAT,0,51369
TSS_1414_storz_regulondb,0.125,7,7,CTCCGGTAATGTCGCGGCAT,0,47252
TSS_1414_storz_regulondb,0.125,7,7,CTCATGGCATGGCCGTTGGA,0,30501
TSS_1414_storz_regulondb,0.125,7,7,CTCATGCGTGTGTACGATAT,0,58579
TSS_1414_storz_regulondb,0.125,7,7,CTCATGCACAAGTGATGGGA,0,26545
TSS_1414_storz_regulondb,0.125,7,7,CTCACGCCCTTGTAATAGGA,0,32026
TSS_1414_storz_regulondb,0.125,7,7,CTCACAAAATCCATACCAGT,0,2883
TSS_1414_storz_regulondb,0.125,7,7,CTCAAAAAGTATATATGACA,0,2205
TSS_1414_storz_regulondb,0.125,7,7,CTATTGATGCACAGATCGAA,0,34613
TSS_1414_storz_regulondb,0.125,7,7,CTATGTGACCTCATCACATA,0,55032
TSS_1414_storz_regulondb,0.125,7,7,CTATGGAGAAGTCTCACTCC,0,17782
TSS_1414_storz_regulondb,0.125,7,7,CTATCGCATATGGGCTAGGA,0,55478
TSS_1414_storz_regulondb,0.125,7,7,CTATCCAGGGAAAAGTCCTC,0,30127
TSS_1414_storz_regulondb,0.125,7,7,CTATACAACCACCATAAGCC,0,72334
TSS_1414_storz_regulondb,0.125,7,7,CTAGTTTACAACTGGCTCGA,0,24904
TSS_1414_storz_regulondb,0.125,7,7,CTAGTCCGGAATACTAGATG,0,61065
TSS_1414_storz_regulondb,0.125,7,7,CTAGTAACAGTGTGAGTTTT,0,56260
TSS_1414_storz_regulondb,0.125,7,7,CTAGCGGGCGCCCCTTCCAA,0,27163
TSS_1414_storz_regulondb,0.125,7,7,CTACAGATGGAGGAGCTATT,0,5733
TSS_1414_storz_regulondb,0.125,7,7,CTAATTTCGTTACCATCCTG,0,53130
TSS_1414_storz_regulondb,0.125,7,7,CTAATCGCCGCGGCGTTTTA,0,44270
TSS_1414_storz_regulondb,0.125,7,7,CTAAAGTCTGAAATATCGGG,0,3223
TSS_1414_storz_regulondb,0.125,7,7,CTAAAGAGGCGACGGAAGGA,0,67614
TSS_1414_storz_regulondb,0.125,7,7,CGTTTCTGCGAGCTTGTCAT,0,42656
TSS_1414_storz_regulondb,0.125,7,7,CGTTTAAGTATAACGGCACT,0,13852
TSS_1414_storz_regulondb,0.125,7,7,CGTTGAGGCTGAACGGACGG,0,16308
TSS_1414_storz_regulondb,0.125,7,7,CGTTCCGGGCTGAAACTCAG,0,20955
TSS_1414_storz_regulondb,0.125,7,7,CGTGAGTCGCGATTTCACCC,0,13364
TSS_1414_storz_regulondb,0.125,7,7,CGTGACGCGGTAGGGCCTGT,0,51402
TSS_1414_storz_regulondb,0.125,7,7,CGTCGTTGGTGCCTGTTTTA,0,12986
TSS_1414_storz_regulondb,0.125,7,7,CGTATGTCGATGCCCCCGGC,0,7230
TSS_1414_storz_regulondb,0.125,7,7,CGTAGCATGAACTTTACCTA,0,16018
TSS_1414_storz_regulondb,0.125,7,7,CGTACTGAGGTTATGGAGGG,0,54957
TSS_1414_storz_regulondb,0.125,7,7,CGGTTGTCAAGCCATTACTT,0,69322
TSS_1414_storz_regulondb,0.125,7,7,CGGTTCTTGAAAAGTGGAGA,0,79559
TSS_1414_storz_regulondb,0.125,7,7,CGGTTCGGGTATCAAGGTAG,0,60710
TSS_1414_storz_regulondb,0.125,7,7,CGGTGTAGTGAAACAGTGCG,0,64227
TSS_1414_storz_regulondb,0.125,7,7,CGGTGACCCAAATCCAATCG,0,46920
TSS_1414_storz_regulondb,0.125,7,7,CGGTCGGCATCGCGGGCGTC,0,70669
TSS_1414_storz_regulondb,0.125,7,7,CGGGCACCATCCTCGCTGGG,0,11777
TSS_1414_storz_regulondb,0.125,7,7,CGGGATCGTATGGTTTGGTA,0,71227
TSS_1414_storz_regulondb,0.125,7,7,CGGCGGGAGCCGGTTCGTGC,0,34443
TSS_1414_storz_regulondb,0.125,7,7,CGGCGAGCACTGTACACCGG,0,15884
TSS_1414_storz_regulondb,0.125,7,7,CGGCCGTTTTCCCTGAATCC,0,40611
TSS_1414_storz_regulondb,0.125,7,7,CGGATTAAGGCTGGTGGATA,0,42596
TSS_1414_storz_regulondb,0.125,7,7,CGGAGGCTAAAGTTATACTC,0,25666
TSS_1414_storz_regulondb,0.125,7,7,CGCTTGTCAGTTATCAGGCC,0,45419
TSS_1414_storz_regulondb,0.125,7,7,CGCTTCCTTGAGGTCAAAGA,0,41335
TSS_1414_storz_regulondb,0.125,7,7,CGCTTATGCGGCAGGAAGGT,0,72065
TSS_1414_storz_regulondb,0.125,7,7,CGCTAAAGTGCGAATACTCA,0,43925
TSS_1414_storz_regulondb,0.125,7,7,CGCGTTGCCTCACAACGAGC,0,7149
TSS_1414_storz_regulondb,0.125,7,7,CGCGTACTCCCGTGAAGGTC,0,64251
TSS_1414_storz_regulondb,0.125,7,7,CGCGTAAAGGTAAGCGTAAA,0,12664
TSS_1414_storz_regulondb,0.125,7,7,CGCGCAACGGGCACAACGGT,0,49518
TSS_1414_storz_regulondb,0.125,7,7,CGCCTGGCAATCCTTAGGAG,0,18662
TSS_1414_storz_regulondb,0.125,7,7,CGCCTCTTGGATGTGGCTAG,0,80535
TSS_1414_storz_regulondb,0.125,7,7,CGCCTCAACTAGGTCTGAAT,0,6879
TSS_1414_storz_regulondb,0.125,7,7,CGCCTAGAGGAATACCGTCT,0,61304
TSS_1414_storz_regulondb,0.125,7,7,CGCCGCTAAGCGAGTATCCA,0,71192
TSS_1414_storz_regulondb,0.125,7,7,CGCCCTGGGGTGTATCGTGA,0,15061
TSS_1414_storz_regulondb,0.125,7,7,CGCCCAGTTTATATGCTGCC,0,33912
TSS_1414_storz_regulondb,0.125,7,7,CGCCAGTCAGGGTAACGACT,0,8599
TSS_1414_storz_regulondb,0.125,7,7,CGCATGTTAATTGGTCATTG,0,47487
TSS_1414_storz_regulondb,0.125,7,7,CGCAGAAACCTACTGTACTA,0,31313
TSS_1414_storz_regulondb,0.125,7,7,CGATGATATCAAGGTTACTC,0,71111
TSS_1414_storz_regulondb,0.125,7,7,CGATAGGGGTCGCTCAGTCA,0,7377
TSS_1414_storz_regulondb,0.125,7,7,CGAGGGTCGGGTGATGGAAT,0,47655
TSS_1414_storz_regulondb,0.125,7,7,CGAGAGGTATTCCGCGGAAG,0,51358
TSS_1414_storz_regulondb,0.125,7,7,CGAGACAAGTCATGGGGAGC,0,30465
TSS_1414_storz_regulondb,0.125,7,7,CGACTTCGCGTGACAACAAG,0,60763
TSS_1414_storz_regulondb,0.125,7,7,CGACCCTGCGTGAGAGAGAT,0,58539
TSS_1414_storz_regulondb,0.125,7,7,CGACCAATCCATCGCCATTA,0,12604
TSS_1414_storz_regulondb,0.125,7,7,CGACAGCGTATCCTCAATGC,0,41697
TSS_1414_storz_regulondb,0.125,7,7,CGACAGCAATTGGAAAACGT,0,62361
TSS_1414_storz_regulondb,0.125,7,7,CGAAGCGGCGCACCAAACTC,0,69464
TSS_1414_storz_regulondb,0.125,7,7,CGAAGATCAGGCCCGGACTC,0,3663
TSS_1414_storz_regulondb,0.125,7,7,CGAAGAGTTGCCTAGCTTGT,0,32358
TSS_1414_storz_regulondb,0.125,7,7,CGAACTAATGAGGCCTGTTT,0,67430
TSS_1414_storz_regulondb,0.125,7,7,CGAACAGGTCGCACCTTAAG,0,53767
TSS_1414_storz_regulondb,0.125,7,7,CGAAATAGACATATAAGATT,0,20186
TSS_1414_storz_regulondb,0.125,7,7,CGAAAGGATTGCAGCCACTA,0,49502
TSS_1414_storz_regulondb,0.125,7,7,CGAAACTGGTCGTAGTGTAC,0,36758
TSS_1414_storz_regulondb,0.125,7,7,CCTTTAGGATGTGTGTCCTT,0,64310
TSS_1414_storz_regulondb,0.125,7,7,CCTTAGACGTCTAAAGCGAG,0,25911
TSS_1414_storz_regulondb,0.125,7,7,CCTTAACGTGAGCCCCGGCT,0,70105
TSS_1414_storz_regulondb,0.125,7,7,CCTTAAACTCGTGATCGTTG,0,68457
TSS_1414_storz_regulondb,0.125,7,7,CCTGGTTGCTATGCAATTTC,0,43210
TSS_1414_storz_regulondb,0.125,7,7,CCTGGGACCCATAGGCGCAG,0,13050
TSS_1414_storz_regulondb,0.125,7,7,CCTGCGTCCCTTTTAAACGG,0,71988
TSS_1414_storz_regulondb,0.125,7,7,CCTGCCCCACCGCTATGCAG,0,56097
TSS_1414_storz_regulondb,0.125,7,7,CCTGACCGTGTAGACCCAGT,0,25051
TSS_1414_storz_regulondb,0.125,7,7,CCTGAATACCGCTGATAGCA,0,34656
TSS_1414_storz_regulondb,0.125,7,7,CCTCTTGGTCTCAATCAGCC,0,50661
TSS_1414_storz_regulondb,0.125,7,7,CCTCTCTTCGGTCACTAGCT,0,52396
TSS_1414_storz_regulondb,0.125,7,7,CCTAGCGCGATTCACGGGGA,0,63514
TSS_1414_storz_regulondb,0.125,7,7,CCTAAATGGACATGGAACAC,0,19931
TSS_1414_storz_regulondb,0.125,7,7,CCGTTAATTGAACGGCGGGA,0,7833
TSS_1414_storz_regulondb,0.125,7,7,CCGTGGTATAATCGGCAGAA,0,46642
TSS_1414_storz_regulondb,0.125,7,7,CCGGCGGCTATAATTGAAAA,0,3423
TSS_1414_storz_regulondb,0.125,7,7,CCGGCCCCGCAGTATCGTTT,0,55034
TSS_1414_storz_regulondb,0.125,7,7,CCGGAGTTAATCGAGAGATA,0,79061
TSS_1414_storz_regulondb,0.125,7,7,CCGGAGGAGTGCCACTCACG,0,38751
TSS_1414_storz_regulondb,0.125,7,7,CCGGACTACTTCACTGAATA,0,44427
TSS_1414_storz_regulondb,0.125,7,7,CCGCTTAGAGTGTGGTTTCG,0,18473
TSS_1414_storz_regulondb,0.125,7,7,CCGCTGCGCAGGTTCTTTTT,0,71825
TSS_1414_storz_regulondb,0.125,7,7,CCGCGAGTCAACCATGTAAT,0,54989
TSS_1414_storz_regulondb,0.125,7,7,CCGCCCGCAGCGCCATGAAA,0,46159
TSS_1414_storz_regulondb,0.125,7,7,CCGCCCCGAGACCTGAGTTA,0,62874
TSS_1414_storz_regulondb,0.125,7,7,CCGCCAGGATTGTAACTTAA,0,53349
TSS_1414_storz_regulondb,0.125,7,7,CCGCCACATTGCCCCCGGCA,0,46035
TSS_1414_storz_regulondb,0.125,7,7,CCGCAGCCAATTTCGCATTA,0,76533
TSS_1414_storz_regulondb,0.125,7,7,CCGCAACTGATTCAATCGCT,0,57092
TSS_1414_storz_regulondb,0.125,7,7,CCGAGCACGACGAGGGAGAT,0,80914
TSS_1414_storz_regulondb,0.125,7,7,CCGAGACTACCGAAACCTCG,0,538
TSS_1414_storz_regulondb,0.125,7,7,CCCTTCGCGTGACAATTAGG,0,67326
TSS_1414_storz_regulondb,0.125,7,7,CCCTGTGGCTGATTGAGTTG,0,77869
TSS_1414_storz_regulondb,0.125,7,7,CCCTGAACTCCCTAGGGCCA,0,35570
TSS_1414_storz_regulondb,0.125,7,7,CCCTAGGGCAGGTTGTCTCG,0,17448
TSS_1414_storz_regulondb,0.125,7,7,CCCGGCTTCCGGGATAAGAC,0,64119
TSS_1414_storz_regulondb,0.125,7,7,CCCGGCAACACGGCTAACGT,0,21727
TSS_1414_storz_regulondb,0.125,7,7,CCCGAAGAATAAGGATTGCC,0,25896
TSS_1414_storz_regulondb,0.125,7,7,CCCCTTTTATTTAGTTAAAT,0,11386
TSS_1414_storz_regulondb,0.125,7,7,CCCCTAGCGAGTGGTTATCC,0,46245
TSS_1414_storz_regulondb,0.125,7,7,CCCCATCATTTGGCGGTCTC,0,9334
TSS_1414_storz_regulondb,0.125,7,7,CCCCAGTAATGATCTCTGCC,0,1755
TSS_1414_storz_regulondb,0.125,7,7,CCCCACCCGAACCACCATAA,0,66320
TSS_1414_storz_regulondb,0.125,7,7,CCCATTTAGTTCATAGGGTA,0,5690
TSS_1414_storz_regulondb,0.125,7,7,CCATGGCATATGTCGTCCGT,0,62869
TSS_1414_storz_regulondb,0.125,7,7,CCAGAAGAGATCCACTCAAG,0,22
TSS_1414_storz_regulondb,0.125,7,7,CCACGCTGGCGCTGTGACCG,0,50263
TSS_1414_storz_regulondb,0.125,7,7,CCACCCACAAGCTAGCGAAC,0,5836
TSS_1414_storz_regulondb,0.125,7,7,CCACATGGACGGATGTAAAT,0,50332
TSS_1414_storz_regulondb,0.125,7,7,CCACATCAGGGCCTCGGTCA,0,67562
TSS_1414_storz_regulondb,0.125,7,7,CCACACCGCCATAGAATGAC,0,77638
TSS_1414_storz_regulondb,0.125,7,7,CCACAATACCACGTGATTGG,0,36507
TSS_1414_storz_regulondb,0.125,7,7,CCAACTGACCCTGAGTTTAG,0,28278
TSS_1414_storz_regulondb,0.125,7,7,CCAACCAGGATTTCAGTTCA,0,12283
TSS_1414_storz_regulondb,0.125,7,7,CATTCAAGAGACTACCGTGA,0,74147
TSS_1414_storz_regulondb,0.125,7,7,CATGGTCTTTAGCCGGAGTC,0,12965
TSS_1414_storz_regulondb,0.125,7,7,CATGCTCCTCTATGGAAAAG,0,66157
TSS_1414_storz_regulondb,0.125,7,7,CATGATTTACTTCGAGGACG,0,61089
TSS_1414_storz_regulondb,0.125,7,7,CATGACTTGCCGTCCCCAGA,0,27742
TSS_1414_storz_regulondb,0.125,7,7,CATCACGTAATGGCGAGGTC,0,77356
TSS_1414_storz_regulondb,0.125,7,7,CATATAATTGCTTGGTTACG,0,30608
TSS_1414_storz_regulondb,0.125,7,7,CATATAACGGTGTTGCAGGA,0,9478
TSS_1414_storz_regulondb,0.125,7,7,CATAGATCGGTGGGCCCAAT,0,18911
TSS_1414_storz_regulondb,0.125,7,7,CATACTCGTTCAAAAAACCC,0,30943
TSS_1414_storz_regulondb,0.125,7,7,CATAATTACGGGTCTGCTTT,0,11161
TSS_1414_storz_regulondb,0.125,7,7,CAGTTTTGACCCTATCCGTC,0,7490
TSS_1414_storz_regulondb,0.125,7,7,CAGGTGGCGCGGCCATCCCC,0,61041
TSS_1414_storz_regulondb,0.125,7,7,CAGGTGCAATCACTTCTTCG,0,63579
TSS_1414_storz_regulondb,0.125,7,7,CAGGTCGCCGTATTGAACTC,0,14722
TSS_1414_storz_regulondb,0.125,7,7,CAGGCGTAAAGAATGCAGGT,0,70694
TSS_1414_storz_regulondb,0.125,7,7,CAGCTACGGCGCACCACCGC,0,52365
TSS_1414_storz_regulondb,0.125,7,7,CAGCGTCGCTGGCAGTGGTG,0,48250
TSS_1414_storz_regulondb,0.125,7,7,CAGCAGTCTGTCGTCAAGGA,0,11658
TSS_1414_storz_regulondb,0.125,7,7,CAGCACGGGGCCTGTCGAAA,0,65534
TSS_1414_storz_regulondb,0.125,7,7,CAGATGTTGGGGAGCAGGAT,0,41972
TSS_1414_storz_regulondb,0.125,7,7,CAGATCGTTCAACAAGTCCA,0,24303
TSS_1414_storz_regulondb,0.125,7,7,CAGAGTGCCCGGGGTAATGC,0,55121
TSS_1414_storz_regulondb,0.125,7,7,CAGAGATGAGACACACGAGC,0,11621
TSS_1414_storz_regulondb,0.125,7,7,CAGAACCTATACCTGACCCG,0,44412
TSS_1414_storz_regulondb,0.125,7,7,CACTTGGGTAATCAGTGGAC,0,19920
TSS_1414_storz_regulondb,0.125,7,7,CACTGAGCTATCTGGCACGT,0,12778
TSS_1414_storz_regulondb,0.125,7,7,CACTAGATGGTGTGACTATC,0,27003
TSS_1414_storz_regulondb,0.125,7,7,CACGCCTGGAAGACTTGGTA,0,53343
TSS_1414_storz_regulondb,0.125,7,7,CACGACAATACATGGGGAAC,0,58157
TSS_1414_storz_regulondb,0.125,7,7,CACCGTCCTAGGGGAAGATT,0,4294
TSS_1414_storz_regulondb,0.125,7,7,CACCCGCTTGTATCTGCGTT,0,3811
TSS_1414_storz_regulondb,0.125,7,7,CACCAGGACGCTCTACATGG,0,4152
TSS_1414_storz_regulondb,0.125,7,7,CACAGCTGTCGTGGGAACAA,0,9828
TSS_1414_storz_regulondb,0.125,7,7,CACAAACTATCAGTACAGCG,0,43546
TSS_1414_storz_regulondb,0.125,7,7,CAATTTCCCGTGAGGCAGAG,0,56774
TSS_1414_storz_regulondb,0.125,7,7,CAATGGGAAAACAAAAATCA,0,20171
TSS_1414_storz_regulondb,0.125,7,7,CAATCTTGCTAAGCTTGTGC,0,70216
TSS_1414_storz_regulondb,0.125,7,7,CAATACCGCGGGTTGTGGGA,0,72257
TSS_1414_storz_regulondb,0.125,7,7,CAATAATACCCAGTTCAATA,0,24514
TSS_1414_storz_regulondb,0.125,7,7,CAAGTCTTACCAGCGTTCAG,0,29537
TSS_1414_storz_regulondb,0.125,7,7,CAAGCGGGTGCCCGAAGGTG,0,57279
TSS_1414_storz_regulondb,0.125,7,7,CAAGCCTTGTCTTGCAAGAC,0,8385
TSS_1414_storz_regulondb,0.125,7,7,CAACTTCAGAATAGCGATGA,0,32859
TSS_1414_storz_regulondb,0.125,7,7,CAACGTTACTTTTCTTAGAG,0,44581
TSS_1414_storz_regulondb,0.125,7,7,CAACGGGTGGGTGAAGAGAG,0,35705
TSS_1414_storz_regulondb,0.125,7,7,CAACAATGTTCGCCGATATA,0,43126
TSS_1414_storz_regulondb,0.125,7,7,CAAAGTCGTTCTTCCTGCCT,0,27261
TSS_1414_storz_regulondb,0.125,7,7,CAAAGTCGAGCAAGTAGGGA,0,78236
TSS_1414_storz_regulondb,0.125,7,7,ATTTTTTCGTGTAGGGACTT,0,76376
TSS_1414_storz_regulondb,0.125,7,7,ATTTTGTATACCTAATCGGC,0,14940
TSS_1414_storz_regulondb,0.125,7,7,ATTTTAGGCGGCCTAATATG,0,18007
TSS_1414_storz_regulondb,0.125,7,7,ATTTAAGACCCAGAGCGACA,0,179
TSS_1414_storz_regulondb,0.125,7,7,ATTGTAGTCGGGCTATCTCG,0,31095
TSS_1414_storz_regulondb,0.125,7,7,ATTGCAGTATTGCTCGAAAT,0,12296
TSS_1414_storz_regulondb,0.125,7,7,ATTCGGGCGACACAGGAGTG,0,73726
TSS_1414_storz_regulondb,0.125,7,7,ATTCAATGCGGTCAATCAGA,0,41818
TSS_1414_storz_regulondb,0.125,7,7,ATTCAAGTTTAGTCAGATAT,0,10905
TSS_1414_storz_regulondb,0.125,7,7,ATTACCGGGTTAACCGTCAG,0,55182
TSS_1414_storz_regulondb,0.125,7,7,ATTAAGTATCATTGAAATAA,0,25673
TSS_1414_storz_regulondb,0.125,7,7,ATTAACACGAGTTGTAAATA,0,157
TSS_1414_storz_regulondb,0.125,7,7,ATGTTTTTCCTTGTAACCGG,0,61250
TSS_1414_storz_regulondb,0.125,7,7,ATGTTCGGATGACGCCAAGT,0,58700
TSS_1414_storz_regulondb,0.125,7,7,ATGTTAACGAGGCCATGGTC,0,43024
TSS_1414_storz_regulondb,0.125,7,7,ATGTGGGACAATGGGCCGCT,0,64011
TSS_1414_storz_regulondb,0.125,7,7,ATGTGAAAAATCTCGATAAT,0,16928
TSS_1414_storz_regulondb,0.125,7,7,ATGTCCCCAACTATCATGGT,0,39569
TSS_1414_storz_regulondb,0.125,7,7,ATGTCAAGAACAGAGGCGGG,0,78458
TSS_1414_storz_regulondb,0.125,7,7,ATGTAAAGGTGGAAGGCATA,0,79302
TSS_1414_storz_regulondb,0.125,7,7,ATGGTTGATCTTGAATCAAG,0,25492
TSS_1414_storz_regulondb,0.125,7,7,ATGGGTCCTGCGCAAGTTAT,0,65
TSS_1414_storz_regulondb,0.125,7,7,ATGGCTAGTCCCATGCCTAA,0,21762
TSS_1414_storz_regulondb,0.125,7,7,ATGGCGGCGAATTAGTGATG,0,3441
TSS_1414_storz_regulondb,0.125,7,7,ATGGCATACGGTTTCTGTCT,0,36825
TSS_1414_storz_regulondb,0.125,7,7,ATGGCAGTAGACGTAACTCT,0,37035
TSS_1414_storz_regulondb,0.125,7,7,ATGGCAGACTCGTCCAAATA,0,45609
TSS_1414_storz_regulondb,0.125,7,7,ATGCTGCGGTACATTTTACT,0,16222
TSS_1414_storz_regulondb,0.125,7,7,ATGCTGCCTGATTCGTACCT,0,43020
TSS_1414_storz_regulondb,0.125,7,7,ATGCAAATCCCTCTCCGTAC,0,26106
TSS_1414_storz_regulondb,0.125,7,7,ATGATGTCCATTGTCGGTAA,0,51227
TSS_1414_storz_regulondb,0.125,7,7,ATGATGTATGGACATATTAT,0,56934
TSS_1414_storz_regulondb,0.125,7,7,ATGATCTCAGGCCACGCAGG,0,12461
TSS_1414_storz_regulondb,0.125,7,7,ATGAGTTAACTATTTGAGTC,0,23586
TSS_1414_storz_regulondb,0.125,7,7,ATGAGGCCGGTAGAGGATTG,0,63891
TSS_1414_storz_regulondb,0.125,7,7,ATGACAGTTTACTCTGAATG,0,8794
TSS_1414_storz_regulondb,0.125,7,7,ATCTGTGTTGGGTTGTAGCA,0,60777
TSS_1414_storz_regulondb,0.125,7,7,ATCTCGTTGTTCGCTCGCTT,0,78057
TSS_1414_storz_regulondb,0.125,7,7,ATCGGTCAGCCTCCGGTATA,0,29023
TSS_1414_storz_regulondb,0.125,7,7,ATCGGATGTCTTAACTAGAC,0,45512
TSS_1414_storz_regulondb,0.125,7,7,ATCGCGGTTAATAGTGAGGG,0,62295
TSS_1414_storz_regulondb,0.125,7,7,ATCGCGATGTTGTAATGTGT,0,58833
TSS_1414_storz_regulondb,0.125,7,7,ATCCTGGTCCTTTGGGTAAT,0,32936
TSS_1414_storz_regulondb,0.125,7,7,ATCCGCGTTGTAGATTAGTG,0,12886
TSS_1414_storz_regulondb,0.125,7,7,ATCCCGGCTTCGTTCCTGGA,0,28568
TSS_1414_storz_regulondb,0.125,7,7,ATCCACCATTCTTTCAAAAA,0,45423
TSS_1414_storz_regulondb,0.125,7,7,ATATGAATGGTTAGAACAGG,0,68493
TSS_1414_storz_regulondb,0.125,7,7,ATATCTTTAACGCTTAGCTC,0,37030
TSS_1414_storz_regulondb,0.125,7,7,ATAGTTCCTGGAGCTAGCAG,0,75181
TSS_1414_storz_regulondb,0.125,7,7,ATAGTACATCTTGCTAAGTC,0,35892
TSS_1414_storz_regulondb,0.125,7,7,ATAGGGTGGAAGGGCCAATC,0,39197
TSS_1414_storz_regulondb,0.125,7,7,ATAGGGCAGTGCAAATCGAG,0,12686
TSS_1414_storz_regulondb,0.125,7,7,ATAGCATGCAAGCCATGCAT,0,14557
TSS_1414_storz_regulondb,0.125,7,7,ATACGCCCAAGCCGCAGTGA,0,10640
TSS_1414_storz_regulondb,0.125,7,7,ATACATGGTCTATCGGACCA,0,1022
TSS_1414_storz_regulondb,0.125,7,7,ATAATGATGAATGATTGTCA,0,19867
TSS_1414_storz_regulondb,0.125,7,7,ATAAGTCAGGCGGACTACTG,0,12402
TSS_1414_storz_regulondb,0.125,7,7,ATAAGCAAACGTTGTGCGGT,0,79299
TSS_1414_storz_regulondb,0.125,7,7,ATAAGATATAGGGGGAAGTC,0,19140
TSS_1414_storz_regulondb,0.125,7,7,ATAACACTGCTCTACTTGGC,0,5120
TSS_1414_storz_regulondb,0.125,7,7,ATAAAGCCTATGCCGGGCCT,0,14189
TSS_1414_storz_regulondb,0.125,7,7,ATAAACCAGGTCTATAGACA,0,146
TSS_1414_storz_regulondb,0.125,7,7,ATAAAATTTCTGGCTCTTCA,0,10705
TSS_1414_storz_regulondb,0.125,7,7,AGTTTGCTCAGGAATAACGG,0,27051
TSS_1414_storz_regulondb,0.125,7,7,AGTTGGGTAAGGGGTGACAA,0,74661
TSS_1414_storz_regulondb,0.125,7,7,AGTTCCTCCGGATCAATACC,0,40387
TSS_1414_storz_regulondb,0.125,7,7,AGTTCATGTCAGGCTGTATG,0,29157
TSS_1414_storz_regulondb,0.125,7,7,AGTTATTGTGCGGCAGGCGT,0,27411
TSS_1414_storz_regulondb,0.125,7,7,AGTTATATTTCTAAGTCCCA,0,28294
TSS_1414_storz_regulondb,0.125,7,7,AGTGTCAATACAGGCGCGTT,0,40847
TSS_1414_storz_regulondb,0.125,7,7,AGTGAGCTTTGGCACATGAT,0,77987
TSS_1414_storz_regulondb,0.125,7,7,AGTCTTCAGAGAAGAATCTC,0,52508
TSS_1414_storz_regulondb,0.125,7,7,AGTCTTCAAAGTGCTATCGC,0,64467
TSS_1414_storz_regulondb,0.125,7,7,AGTCATAGTAAATGGGCGGA,0,9606
TSS_1414_storz_regulondb,0.125,7,7,AGTATTATAGACGGTAATCT,0,15187
TSS_1414_storz_regulondb,0.125,7,7,AGTATCGATTGCACTTCTAT,0,5316
TSS_1414_storz_regulondb,0.125,7,7,AGTAGAGTGGGACGTGGCTC,0,46421
TSS_1414_storz_regulondb,0.125,7,7,AGTACGGGACGATCCGTAGT,0,1538
TSS_1414_storz_regulondb,0.125,7,7,AGTAAGGAGTTTGGTCTTGA,0,68982
TSS_1414_storz_regulondb,0.125,7,7,AGTAAACAGACGCAATTACT,0,13640
TSS_1414_storz_regulondb,0.125,7,7,AGGTGTCGGCCCCAGCAGAG,0,43082
TSS_1414_storz_regulondb,0.125,7,7,AGGTGGACGTTTCGCATTAG,0,71490
TSS_1414_storz_regulondb,0.125,7,7,AGGTGCGCATAATCCCAGAC,0,44313
TSS_1414_storz_regulondb,0.125,7,7,AGGTGAGTCTCGGAAGGAGG,0,10797
TSS_1414_storz_regulondb,0.125,7,7,AGGTCAGCTGCTCATAAAAT,0,49641
TSS_1414_storz_regulondb,0.125,7,7,AGGTAGCTCGACCTTAGTCC,0,70433
TSS_1414_storz_regulondb,0.125,7,7,AGGGGGTTGGCTAAAAAAAA,0,33135
TSS_1414_storz_regulondb,0.125,7,7,AGGGCGTTCGAATCAGACAC,0,40019
TSS_1414_storz_regulondb,0.125,7,7,AGGGAGCAACGATTTGAATT,0,21220
TSS_1414_storz_regulondb,0.125,7,7,AGGCTTCCGGCATAATCATC,0,41578
TSS_1414_storz_regulondb,0.125,7,7,AGGCACCTGCTAGCTACGGT,0,53729
TSS_1414_storz_regulondb,0.125,7,7,AGGATGGGTGCTTTGACAAT,0,26671
TSS_1414_storz_regulondb,0.125,7,7,AGGACGCGTTGGGGTATCTT,0,34325
TSS_1414_storz_regulondb,0.125,7,7,AGGACAGGTAATGTCAGTAT,0,18027
TSS_1414_storz_regulondb,0.125,7,7,AGCTGGACGAGATTCACCAA,0,77791
TSS_1414_storz_regulondb,0.125,7,7,AGCTCGGACACTCGGAGCAT,0,36126
TSS_1414_storz_regulondb,0.125,7,7,AGCTAGCTTGTCGGTAAACT,0,59428
TSS_1414_storz_regulondb,0.125,7,7,AGCGTCCCTGGGGTGGTGCT,0,50264
TSS_1414_storz_regulondb,0.125,7,7,AGCGTATACTATAGCTCAGT,0,79714
TSS_1414_storz_regulondb,0.125,7,7,AGCGGTTCCGGTAGCGCCCA,0,34610
TSS_1414_storz_regulondb,0.125,7,7,AGCGCTGTTACGGTCAGTGT,0,35871
TSS_1414_storz_regulondb,0.125,7,7,AGCGCGCACAGGTACTCTCG,0,73725
TSS_1414_storz_regulondb,0.125,7,7,AGCGCGAGCAATGCCCACGG,0,13977
TSS_1414_storz_regulondb,0.125,7,7,AGCGATAGGCTGAAAGTAAC,0,68267
TSS_1414_storz_regulondb,0.125,7,7,AGCCTTACCGAGAACTCTAA,0,60188
TSS_1414_storz_regulondb,0.125,7,7,AGCCTGCATATCGAAGCTTT,0,36970
TSS_1414_storz_regulondb,0.125,7,7,AGCCTAGGCAAAGCTGGATG,0,44755
TSS_1414_storz_regulondb,0.125,7,7,AGCCGAAGTCTTGAGATACT,0,54284
TSS_1414_storz_regulondb,0.125,7,7,AGCCCGCCAGAAGTCATATA,0,61703
TSS_1414_storz_regulondb,0.125,7,7,AGCCCCTCGTCCACCAGAAG,0,61791
TSS_1414_storz_regulondb,0.125,7,7,AGCCATCCTTCGACGCCCAT,0,49544
TSS_1414_storz_regulondb,0.125,7,7,AGCCAGTGAAGTTTAAAAAA,0,6193
TSS_1414_storz_regulondb,0.125,7,7,AGCCAATGGCGTACCGAACA,0,17488
TSS_1414_storz_regulondb,0.125,7,7,AGCATAGTATATGCACTTGA,0,1036
TSS_1414_storz_regulondb,0.125,7,7,AGCAACTGTGACGAGCGTAG,0,20115
TSS_1414_storz_regulondb,0.125,7,7,AGATGTTTCCCTAGTGCGAC,0,79970
TSS_1414_storz_regulondb,0.125,7,7,AGAGTGGCCCGTATATTAAA,0,73401
TSS_1414_storz_regulondb,0.125,7,7,AGAGGGACACCAATTAGTCA,0,19624
TSS_1414_storz_regulondb,0.125,7,7,AGAGGCGATAAGGAATGTTT,0,22350
TSS_1414_storz_regulondb,0.125,7,7,AGAGCTTAAGTCTCGCGTAG,0,2069
TSS_1414_storz_regulondb,0.125,7,7,AGAGCCTGTCCAGTCGTACA,0,16573
TSS_1414_storz_regulondb,0.125,7,7,AGACTACGGTCAAGCACTCA,0,58603
TSS_1414_storz_regulondb,0.125,7,7,AGACGGGCGAGGGGTCCGCG,0,18557
TSS_1414_storz_regulondb,0.125,7,7,AGACCGGGGGTGGCGTGTTA,0,2588
TSS_1414_storz_regulondb,0.125,7,7,AGACACGATAACTCGGGGTT,0,10081
TSS_1414_storz_regulondb,0.125,7,7,AGACACACACTTGCCATGGG,0,78139
TSS_1414_storz_regulondb,0.125,7,7,AGAAGTCACCCGAACAACGT,0,73986
TSS_1414_storz_regulondb,0.125,7,7,AGAAGGGCTTCACTTTAGCC,0,29633
TSS_1414_storz_regulondb,0.125,7,7,AGAAGGCTTTTGCTAGCTTT,0,64491
TSS_1414_storz_regulondb,0.125,7,7,AGAACCTTAAGTGTGAGTAT,0,5652
TSS_1414_storz_regulondb,0.125,7,7,AGAACATTTTTCCGCCGTGT,0,59987
TSS_1414_storz_regulondb,0.125,7,7,AGAAATGAATACGTATAATG,0,46552
TSS_1414_storz_regulondb,0.125,7,7,AGAAAGTAGAGTAGGGCCGT,0,13543
TSS_1414_storz_regulondb,0.125,7,7,AGAAACTAGGGCCAGCATGT,0,33552
TSS_1414_storz_regulondb,0.125,7,7,ACTTGGGGATGCTCCTTTTC,0,59637
TSS_1414_storz_regulondb,0.125,7,7,ACTTGGCATCACTCGATTGA,0,16981
TSS_1414_storz_regulondb,0.125,7,7,ACTTGCACAAGGAAGCATCA,0,11121
TSS_1414_storz_regulondb,0.125,7,7,ACTTCGCGGCAGATCACGGT,0,19731
TSS_1414_storz_regulondb,0.125,7,7,ACTTATCAACGCAGGGCTCG,0,25658
TSS_1414_storz_regulondb,0.125,7,7,ACTTATAATAAATAACGCTT,0,69320
TSS_1414_storz_regulondb,0.125,7,7,ACTGATCGTTGCGGCGACCT,0,55904
TSS_1414_storz_regulondb,0.125,7,7,ACTCTTTACGGATAGTTCAG,0,49291
TSS_1414_storz_regulondb,0.125,7,7,ACTCTGCGCCAGGCGTGGAC,0,43662
TSS_1414_storz_regulondb,0.125,7,7,ACTCGCTTCTTAAGATAGAA,0,29475
TSS_1414_storz_regulondb,0.125,7,7,ACTCATCAGACCTGAGCGAG,0,72897
TSS_1414_storz_regulondb,0.125,7,7,ACTCACTAAATTTTAGACAG,0,11957
TSS_1414_storz_regulondb,0.125,7,7,ACTATATGATATGCTTTAAA,0,12649
TSS_1414_storz_regulondb,0.125,7,7,ACGTTGGCAAGTTTTTAGAT,0,40942
TSS_1414_storz_regulondb,0.125,7,7,ACGTCTAAACCCTAATAACA,0,28050
TSS_1414_storz_regulondb,0.125,7,7,ACGTCGCAGTCCTAGAACGG,0,52999
TSS_1414_storz_regulondb,0.125,7,7,ACGTCCGAGGCTCTCGGTTA,0,3522
TSS_1414_storz_regulondb,0.125,7,7,ACGTACATTGGGCGTTTGAA,0,12220
TSS_1414_storz_regulondb,0.125,7,7,ACGGGGCCGTCAGGCATGTT,0,9845
TSS_1414_storz_regulondb,0.125,7,7,ACGGATGGGATTTAAGACCA,0,62921
TSS_1414_storz_regulondb,0.125,7,7,ACGGAGTGCTTACAACTTAC,0,80832
TSS_1414_storz_regulondb,0.125,7,7,ACGGAGGAGATCGATGCGGA,0,44496
TSS_1414_storz_regulondb,0.125,7,7,ACGGACTATCTGACCCTCTA,0,58997
TSS_1414_storz_regulondb,0.125,7,7,ACGCTTTTCAGGTAACAATA,0,78129
TSS_1414_storz_regulondb,0.125,7,7,ACGCTATGGATTTGTGAAAT,0,36648
TSS_1414_storz_regulondb,0.125,7,7,ACGCCTCATGTCAGATGCAA,0,4830
TSS_1414_storz_regulondb,0.125,7,7,ACGCAGAGAGTCCGCCACCT,0,36496
TSS_1414_storz_regulondb,0.125,7,7,ACGATTTGTTCGGGAAAGGT,0,4143
TSS_1414_storz_regulondb,0.125,7,7,ACGACTTTGCTCAGCGCTCA,0,59538
TSS_1414_storz_regulondb,0.125,7,7,ACCTTTCTATGATCTTCTGC,0,14817
TSS_1414_storz_regulondb,0.125,7,7,ACCTGTCGTCTGTTCCGGGG,0,52706
TSS_1414_storz_regulondb,0.125,7,7,ACCTGTCGCAGGTCTTATGG,0,21394
TSS_1414_storz_regulondb,0.125,7,7,ACCTACAGGCGTCATAACAG,0,36147
TSS_1414_storz_regulondb,0.125,7,7,ACCTAATGCAAGATGTCTCT,0,2757
TSS_1414_storz_regulondb,0.125,7,7,ACCGGGTCGGACTACTGGCC,0,80153
TSS_1414_storz_regulondb,0.125,7,7,ACCGCTGAAGGCAACAAACA,0,3950
TSS_1414_storz_regulondb,0.125,7,7,ACCCCGAGGACAGTTTCCTA,0,36431
TSS_1414_storz_regulondb,0.125,7,7,ACCCCAGGCTGGTGACGGTT,0,42216
TSS_1414_storz_regulondb,0.125,7,7,ACCCAGGGTCACACCGCATC,0,7609
TSS_1414_storz_regulondb,0.125,7,7,ACCCAAGAAGAACCTGAACC,0,21077
TSS_1414_storz_regulondb,0.125,7,7,ACCAGGGGTGACCCTATACA,0,57888
TSS_1414_storz_regulondb,0.125,7,7,ACCAGCTGGTCGGTACGAGT,0,58913
TSS_1414_storz_regulondb,0.125,7,7,ACCACTCGATCCACTAGAAC,0,8722
TSS_1414_storz_regulondb,0.125,7,7,ACATGCCGCCGAAGTTCTTG,0,10416
TSS_1414_storz_regulondb,0.125,7,7,ACATAGGCGTGCAATTAGCA,0,73258
TSS_1414_storz_regulondb,0.125,7,7,ACAGTAGCCCGCCAGCTGAA,0,20756
TSS_1414_storz_regulondb,0.125,7,7,ACAGGTTTTTTTTTGCAGTT,0,53656
TSS_1414_storz_regulondb,0.125,7,7,ACAGAAGTGTTACGAAGCAT,0,14287
TSS_1414_storz_regulondb,0.125,7,7,ACACTTGATGCCACAGCAGC,0,72621
TSS_1414_storz_regulondb,0.125,7,7,ACACTCTTGTGTTGCGGCTT,0,22787
TSS_1414_storz_regulondb,0.125,7,7,ACACATGTATGGGTCTTTGA,0,6629
TSS_1414_storz_regulondb,0.125,7,7,ACAAATGGACTGTGTACTAT,0,22204
TSS_1414_storz_regulondb,0.125,7,7,ACAAATCCGACTTGGCATAT,0,23582
TSS_1414_storz_regulondb,0.125,7,7,ACAAATAATCTTCGGCGCAT,0,52994
TSS_1414_storz_regulondb,0.125,7,7,AATTGTGGCTATATCAATAC,0,29818
TSS_1414_storz_regulondb,0.125,7,7,AATTCTCAGCCGTCCTGATG,0,56645
TSS_1414_storz_regulondb,0.125,7,7,AATTATGTACCATTTTTATC,0,3436
TSS_1414_storz_regulondb,0.125,7,7,AATGTGGGGCTCCCGGACCA,0,61053
TSS_1414_storz_regulondb,0.125,7,7,AATGCCATAGTTCAAAAATA,0,32567
TSS_1414_storz_regulondb,0.125,7,7,AATGAGAGTAGCTCTTGCGC,0,28327
TSS_1414_storz_regulondb,0.125,7,7,AATGACCTTACTCGTAATGC,0,57465
TSS_1414_storz_regulondb,0.125,7,7,AATGACAATAAATACCACGC,0,46399
TSS_1414_storz_regulondb,0.125,7,7,AATGAATTTATGTATTCCTT,0,7607
TSS_1414_storz_regulondb,0.125,7,7,AATCGGTTCATGCGGCCTAG,0,27770
TSS_1414_storz_regulondb,0.125,7,7,AATCACCTCTCCTTATAGTG,0,1902
TSS_1414_storz_regulondb,0.125,7,7,AATAGCTACGAGGCCCATTG,0,24762
TSS_1414_storz_regulondb,0.125,7,7,AATAGAGGTGCCGAGCACGT,0,62406
TSS_1414_storz_regulondb,0.125,7,7,AATACTCTATTCTCGGATGC,0,67357
TSS_1414_storz_regulondb,0.125,7,7,AATACGGCCTGGTCTTATGG,0,10451
TSS_1414_storz_regulondb,0.125,7,7,AAGTTTCATTCGGCGATACC,0,17475
TSS_1414_storz_regulondb,0.125,7,7,AAGTTTAACGTATGACGCAT,0,47083
TSS_1414_storz_regulondb,0.125,7,7,AAGTTGTTGAACTGCGATCA,0,35481
TSS_1414_storz_regulondb,0.125,7,7,AAGTTCAGTTACGCGCCTTG,0,15144
TSS_1414_storz_regulondb,0.125,7,7,AAGTTAACGGGAACCGGGTT,0,40243
TSS_1414_storz_regulondb,0.125,7,7,AAGTGATGATAAGTTGAGGT,0,30895
TSS_1414_storz_regulondb,0.125,7,7,AAGTGACCAAGAAACAGCGG,0,68937
TSS_1414_storz_regulondb,0.125,7,7,AAGTCTCTGCAATAAGGATT,0,3866
TSS_1414_storz_regulondb,0.125,7,7,AAGTATAGGATGACGGGTAT,0,34380
TSS_1414_storz_regulondb,0.125,7,7,AAGTAGTAGTATCGTTGGAT,0,34334
TSS_1414_storz_regulondb,0.125,7,7,AAGGTGCGTTGCATTGTACT,0,39233
TSS_1414_storz_regulondb,0.125,7,7,AAGGTAAAGCCCAAAGCGCT,0,19491
TSS_1414_storz_regulondb,0.125,7,7,AAGGCATAGACTATTCGACA,0,21845
TSS_1414_storz_regulondb,0.125,7,7,AAGGAATCTGACGGCGTGGG,0,3651
TSS_1414_storz_regulondb,0.125,7,7,AAGCTGAAAGACTGAGCCTC,0,23051
TSS_1414_storz_regulondb,0.125,7,7,AAGCAGATAAGGAGTGGCGA,0,79145
TSS_1414_storz_regulondb,0.125,7,7,AAGACGTGCGTTACTAGGTC,0,71869
TSS_1414_storz_regulondb,0.125,7,7,AAGAATTACATTAGGCTATA,0,5332
TSS_1414_storz_regulondb,0.125,7,7,AAGAAAATGGGTATTGTTGT,0,76888
TSS_1414_storz_regulondb,0.125,7,7,AACTTACTTCGCTACACCCT,0,65327
TSS_1414_storz_regulondb,0.125,7,7,AACTAGATAATACTATTGCT,0,42647
TSS_1414_storz_regulondb,0.125,7,7,AACGTTCCAAGAGCCCAGGA,0,18244
TSS_1414_storz_regulondb,0.125,7,7,AACGGGTTTCCACGGGCGAA,0,55250
TSS_1414_storz_regulondb,0.125,7,7,AACGGCTCCAGTTCGCGTTG,0,73363
TSS_1414_storz_regulondb,0.125,7,7,AACGGCCGTGCATGTACGCA,0,25830
TSS_1414_storz_regulondb,0.125,7,7,AACGAGATACCGCCTAGCTT,0,76504
TSS_1414_storz_regulondb,0.125,7,7,AACCGCGATCGAAGGTAGAT,0,74596
TSS_1414_storz_regulondb,0.125,7,7,AACCGAGGGTAATGTGATAC,0,7838
TSS_1414_storz_regulondb,0.125,7,7,AACCCTGCAAGGTTGGGTTG,0,36738
TSS_1414_storz_regulondb,0.125,7,7,AACCCATGGTACTGGTAAGG,0,7810
TSS_1414_storz_regulondb,0.125,7,7,AACCATTACACTACACTAGG,0,29549
TSS_1414_storz_regulondb,0.125,7,7,AACCAACCGTCCTAGCTAGG,0,29583
TSS_1414_storz_regulondb,0.125,7,7,AACAGGCCACGGTCGGATGG,0,27055
TSS_1414_storz_regulondb,0.125,7,7,AACAGACTCGCATTCGGACG,0,33423
TSS_1414_storz_regulondb,0.125,7,7,AACAAAAAACTTCCCTTAAT,0,37825
TSS_1414_storz_regulondb,0.125,7,7,AAATGGAGATAGCTACGGCT,0,40689
TSS_1414_storz_regulondb,0.125,7,7,AAATCGCTATGACTTCGCGC,0,29588
TSS_1414_storz_regulondb,0.125,7,7,AAATACGGGAAGGTAGCAGC,0,3433
TSS_1414_storz_regulondb,0.125,7,7,AAAGCACGAGAGCGGTCTAA,0,14532
TSS_1414_storz_regulondb,0.125,7,7,AAAGACTTTCGAATCCAGTC,0,16429
TSS_1414_storz_regulondb,0.125,7,7,AAACGCACCTGACGAGACGA,0,61561
TSS_1414_storz_regulondb,0.125,7,7,AAACCGTCTGTACTGGTATT,0,2955
TSS_1414_storz_regulondb,0.125,7,7,AAAATCGTTAAGGCTGCAAA,0,69822
TSS_1414_storz_regulondb,0.125,7,7,AAAAGTCCTCAGACCTGATC,0,4881
TSS_1414_storz_regulondb,0.125,7,7,AAAACTCCCCTACAGGTATA,0,56608
TSS_1414_storz_regulondb,0.125,7,7,AAAAATCGATCCTGAGGAGC,0,17883
TSS_1414_storz_regulondb,0.125,7,7,AAAAAGTGATTGAAGCCAGT,0,50044
TSS_1414_storz_regulondb,0.125,7,7,AAAAAGCGGACCTTTTCGTA,0,63667
TSS_1414_storz_regulondb,0.14285714285714285,6,6,TTTTTTCACTTGTATGTTCC,0,29755
TSS_1414_storz_regulondb,0.14285714285714285,6,6,TTTTTGTTCTCGTGGGGCAA,0,66474
TSS_1414_storz_regulondb,0.14285714285714285,6,6,TTTTGATTATGTGGGGGCAG,0,1925
TSS_1414_storz_regulondb,0.14285714285714285,6,6,TTTTCTGGATTCTGGGGAAG,0,29672
TSS_1414_storz_regulondb,0.14285714285714285,6,6,TTTTCGAATACTGTGATCGG,0,61507
TSS_1414_storz_regulondb,0.14285714285714285,6,6,TTTTATTCGAGACGGGCTGA,0,37461
TSS_1414_storz_regulondb,0.14285714285714285,6,6,TTTGTTTAGATGGGATTACA,0,5693
TSS_1414_storz_regulondb,0.14285714285714285,6,6,TTTGGTTCGTTTCGGGGTCA,0,63722
TSS_1414_storz_regulondb,0.14285714285714285,6,6,TTTGGATGGGGCGGAGAACT,0,1148
TSS_1414_storz_regulondb,0.14285714285714285,6,6,TTTGCTGGTTGTGCCTCAGT,0,36640
TSS_1414_storz_regulondb,0.14285714285714285,6,6,TTTGCCTCATACTTATCATA,0,37433
TSS_1414_storz_regulondb,0.14285714285714285,6,6,TTTGATAAAATTTGCAGTTT,0,11622
TSS_1414_storz_regulondb,0.14285714285714285,6,6,TTTCGTGGTCTCTCCATGCA,0,22906
TSS_1414_storz_regulondb,0.14285714285714285,6,6,TTTCGCCCGATAGCGGTCAT,0,40267
TSS_1414_storz_regulondb,0.14285714285714285,6,6,TTTCGATGAGGCTTCTCGGG,0,213
TSS_1414_storz_regulondb,0.14285714285714285,6,6,TTTCACTCCGACCAGTCGTG,0,34327
TSS_1414_storz_regulondb,0.14285714285714285,6,6,TTTCACCGGGGGGTGCTCAT,0,10353
TSS_1414_storz_regulondb,0.14285714285714285,6,6,TTTCAATCTATCGCTTCTAC,0,33633
TSS_1414_storz_regulondb,0.14285714285714285,6,6,TTTATCGGTGTTAAGGGTCT,0,30102
TSS_1414_storz_regulondb,0.14285714285714285,6,6,TTTAGGCCGTAAACTTTTTG,0,78673
TSS_1414_storz_regulondb,0.14285714285714285,6,6,TTTACTTACAAACTTGGTGA,0,63966
TSS_1414_storz_regulondb,0.14285714285714285,6,6,TTTACTGTGTGTTAATTATC,0,47287
TSS_1414_storz_regulondb,0.14285714285714285,6,6,TTTACTAGCATGGCTTGTAT,0,40903
TSS_1414_storz_regulondb,0.14285714285714285,6,6,TTGTTCATATAGGTAATGAA,0,59733
TSS_1414_storz_regulondb,0.14285714285714285,6,6,TTGTCTGAGGTCTCGATGGC,0,47131
TSS_1414_storz_regulondb,0.14285714285714285,6,6,TTGTCCCTGTGCTTAAGTCC,0,70188
TSS_1414_storz_regulondb,0.14285714285714285,6,6,TTGTCCATCGGGGAGACCAG,0,7781
TSS_1414_storz_regulondb,0.14285714285714285,6,6,TTGTATCAGTCTACCTCGGC,0,26665
TSS_1414_storz_regulondb,0.14285714285714285,6,6,TTGGTCTGGGGAGATGTATT,0,15216
TSS_1414_storz_regulondb,0.14285714285714285,6,6,TTGGGTCACACTTATGTGCA,0,6468
TSS_1414_storz_regulondb,0.14285714285714285,6,6,TTGGGGGCAGCGTAGAGCAC,0,27056
TSS_1414_storz_regulondb,0.14285714285714285,6,6,TTGCGTCCCCGTCGCCGGCC,0,9038
TSS_1414_storz_regulondb,0.14285714285714285,6,6,TTGCGGCATACTTTCTTCAG,0,15650
TSS_1414_storz_regulondb,0.14285714285714285,6,6,TTGCCTTATGTACGGTCCGT,0,73877
TSS_1414_storz_regulondb,0.14285714285714285,6,6,TTGATCGTGGTCTAGCCTGT,0,49955
TSS_1414_storz_regulondb,0.14285714285714285,6,6,TTGAGGATTACCCACAACCT,0,73442
TSS_1414_storz_regulondb,0.14285714285714285,6,6,TTGAGCGCGGCTCGGAGCTT,0,3762
TSS_1414_storz_regulondb,0.14285714285714285,6,6,TTGAGATGGAGGGAAGAACC,0,28822
TSS_1414_storz_regulondb,0.14285714285714285,6,6,TTGACTCCACAACCTATCTG,0,33603
TSS_1414_storz_regulondb,0.14285714285714285,6,6,TTGACCCGGGATGGTGTCAG,0,7488
TSS_1414_storz_regulondb,0.14285714285714285,6,6,TTGAATCGACTCAGGGTGTA,0,42316
TSS_1414_storz_regulondb,0.14285714285714285,6,6,TTCTTGGAGATCCGGTAGCA,0,61815
TSS_1414_storz_regulondb,0.14285714285714285,6,6,TTCTTGAACCGTAGCGCTAC,0,72354
TSS_1414_storz_regulondb,0.14285714285714285,6,6,TTCTTCTACAAAAACTCGCA,0,16844
TSS_1414_storz_regulondb,0.14285714285714285,6,6,TTCTGCACATCATGATTGCC,0,13792
TSS_1414_storz_regulondb,0.14285714285714285,6,6,TTCTGACGGCGTAACTTAAC,0,23901
TSS_1414_storz_regulondb,0.14285714285714285,6,6,TTCTATGATGTTAGGTGTGT,0,66485
TSS_1414_storz_regulondb,0.14285714285714285,6,6,TTCTACGAATGGGGGCGGTT,0,77623
TSS_1414_storz_regulondb,0.14285714285714285,6,6,TTCTACCGGTACATGCGGGT,0,39796
TSS_1414_storz_regulondb,0.14285714285714285,6,6,TTCGTATAACGGCAGAAGGC,0,21208
TSS_1414_storz_regulondb,0.14285714285714285,6,6,TTCGTAGACCAAGTTAGGCT,0,48386
TSS_1414_storz_regulondb,0.14285714285714285,6,6,TTCGGTTGTTCGCCGCGACA,0,35240
TSS_1414_storz_regulondb,0.14285714285714285,6,6,TTCGGCCGCTATGCCGAATT,0,68335
TSS_1414_storz_regulondb,0.14285714285714285,6,6,TTCGCTCCAGCCGTATTGTG,0,29063
TSS_1414_storz_regulondb,0.14285714285714285,6,6,TTCGACGTACAGGTGGCCTC,0,6256
TSS_1414_storz_regulondb,0.14285714285714285,6,6,TTCCGATCAGGTTAACGCTA,0,33833
TSS_1414_storz_regulondb,0.14285714285714285,6,6,TTCCATGGACAGAGTCGGCT,0,15854
TSS_1414_storz_regulondb,0.14285714285714285,6,6,TTCCAGGTACTCAGACGAGG,0,34693
TSS_1414_storz_regulondb,0.14285714285714285,6,6,TTCCACTGCGCGTCCGATTT,0,68202
TSS_1414_storz_regulondb,0.14285714285714285,6,6,TTCATTTAGCCTCACGAGTG,0,58939
TSS_1414_storz_regulondb,0.14285714285714285,6,6,TTCAACGAGTTGCTTGTCTC,0,28052
TSS_1414_storz_regulondb,0.14285714285714285,6,6,TTCAACACTAAGAAGGTGTT,0,69246
TSS_1414_storz_regulondb,0.14285714285714285,6,6,TTCAAAGGGTTGAGCATTAC,0,14823
TSS_1414_storz_regulondb,0.14285714285714285,6,6,TTATTGGCCGTTAGATACAG,0,74957
TSS_1414_storz_regulondb,0.14285714285714285,6,6,TTATGCCTTATCAGCTGCTA,0,23981
TSS_1414_storz_regulondb,0.14285714285714285,6,6,TTATATACCACGCTAAACGG,0,16469
TSS_1414_storz_regulondb,0.14285714285714285,6,6,TTATAGAGCCGGTAATGTGA,0,37378
TSS_1414_storz_regulondb,0.14285714285714285,6,6,TTAGGTACATCCACAGTAGG,0,6810
TSS_1414_storz_regulondb,0.14285714285714285,6,6,TTAGGGTCAGAAAGTTACGA,0,59392
TSS_1414_storz_regulondb,0.14285714285714285,6,6,TTAGCTATTAGTTTCTTCCA,0,59452
TSS_1414_storz_regulondb,0.14285714285714285,6,6,TTAGAAACTGGAGAGAGAAG,0,6680
TSS_1414_storz_regulondb,0.14285714285714285,6,6,TTACGCGTACCTTCGTGTTT,0,57786
TSS_1414_storz_regulondb,0.14285714285714285,6,6,TTACACCCCCCCCGGCTGGC,0,62689
TSS_1414_storz_regulondb,0.14285714285714285,6,6,TTAATTTAGGCTTGGAGGAC,0,63561
TSS_1414_storz_regulondb,0.14285714285714285,6,6,TTAATGGTTCCGAAGGGTCA,0,20489
TSS_1414_storz_regulondb,0.14285714285714285,6,6,TTAAGGGCACGTATCGGACA,0,56162
TSS_1414_storz_regulondb,0.14285714285714285,6,6,TTAAGAGCGCACGGCTTACG,0,47665
TSS_1414_storz_regulondb,0.14285714285714285,6,6,TGTTTACGCCCATCATCAGT,0,25574
TSS_1414_storz_regulondb,0.14285714285714285,6,6,TGTTGACCGAGGATGTGGGT,0,58075
TSS_1414_storz_regulondb,0.14285714285714285,6,6,TGTTAGCCGGCTGCGCGAGT,0,1063
TSS_1414_storz_regulondb,0.14285714285714285,6,6,TGTTACACGGTTCATCGCAT,0,73083
TSS_1414_storz_regulondb,0.14285714285714285,6,6,TGTTAATAATGAAGTTTTAT,0,59285
TSS_1414_storz_regulondb,0.14285714285714285,6,6,TGTGTTCTACAAACGTCCTT,0,72371
TSS_1414_storz_regulondb,0.14285714285714285,6,6,TGTCTATCTATATCAAGAAT,0,64809
TSS_1414_storz_regulondb,0.14285714285714285,6,6,TGTCTATATGTTCCCTGCTA,0,34708
TSS_1414_storz_regulondb,0.14285714285714285,6,6,TGTCGTACCATACCGTCCGT,0,9979
TSS_1414_storz_regulondb,0.14285714285714285,6,6,TGTCGAAAGAGGATCGAATA,0,38375
TSS_1414_storz_regulondb,0.14285714285714285,6,6,TGTCCAAGTCCAGTCGAGGA,0,2636
TSS_1414_storz_regulondb,0.14285714285714285,6,6,TGTATAATTGGATCTTCGGA,0,46546
TSS_1414_storz_regulondb,0.14285714285714285,6,6,TGTAGCATGCTCTGTTTCCC,0,68054
TSS_1414_storz_regulondb,0.14285714285714285,6,6,TGTACGTCGTGACGAAGTAG,0,63300
TSS_1414_storz_regulondb,0.14285714285714285,6,6,TGTAATTGGCAACAGGGACG,0,23993
TSS_1414_storz_regulondb,0.14285714285714285,6,6,TGTAACTACACGATTCATGA,0,78061
TSS_1414_storz_regulondb,0.14285714285714285,6,6,TGGTTTTTGGATTGAGAGCT,0,55696
TSS_1414_storz_regulondb,0.14285714285714285,6,6,TGGTTGAGTGGAGCAGAGAA,0,52563
TSS_1414_storz_regulondb,0.14285714285714285,6,6,TGGTGGCCCGTCACGCTAAG,0,66361
TSS_1414_storz_regulondb,0.14285714285714285,6,6,TGGTATAAATCCTTGAGTTT,0,27673
TSS_1414_storz_regulondb,0.14285714285714285,6,6,TGGTACGCTGCACGGCCCCA,0,76255
TSS_1414_storz_regulondb,0.14285714285714285,6,6,TGGGTGGGTAGTTATTCTCT,0,59512
TSS_1414_storz_regulondb,0.14285714285714285,6,6,TGGGTGGACAAGAAGGGTCA,0,73365
TSS_1414_storz_regulondb,0.14285714285714285,6,6,TGGGGCGCTTACGGCGATCC,0,43921
TSS_1414_storz_regulondb,0.14285714285714285,6,6,TGGGGCACAATCTGAGTGTC,0,33980
TSS_1414_storz_regulondb,0.14285714285714285,6,6,TGGGACTTAACGTTACTCCC,0,42545
TSS_1414_storz_regulondb,0.14285714285714285,6,6,TGGCTGCGTGATTCTGGGGA,0,3054
TSS_1414_storz_regulondb,0.14285714285714285,6,6,TGGCTGCAGAGTCGGCAGGA,0,75502
TSS_1414_storz_regulondb,0.14285714285714285,6,6,TGGCTCAGAGCTTTCATGTC,0,347
TSS_1414_storz_regulondb,0.14285714285714285,6,6,TGGCACTTCCTCCTCGCCAT,0,42281
TSS_1414_storz_regulondb,0.14285714285714285,6,6,TGGCACGCCTGTAGCCCGAA,0,6889
TSS_1414_storz_regulondb,0.14285714285714285,6,6,TGGAGTTGGTCATTACGTAA,0,15335
TSS_1414_storz_regulondb,0.14285714285714285,6,6,TGGAACTTGTCTGTTGGGCT,0,57668
TSS_1414_storz_regulondb,0.14285714285714285,6,6,TGCGTTGCAAGGGCCACTGA,0,14533
TSS_1414_storz_regulondb,0.14285714285714285,6,6,TGCGTACTCGGAACTTACCA,0,19729
TSS_1414_storz_regulondb,0.14285714285714285,6,6,TGCGGCTAAGTGGCATTTAT,0,77972
TSS_1414_storz_regulondb,0.14285714285714285,6,6,TGCGGCATCAAAATGAACTG,0,16846
TSS_1414_storz_regulondb,0.14285714285714285,6,6,TGCGCATCATGAAAACCGTA,0,77235
TSS_1414_storz_regulondb,0.14285714285714285,6,6,TGCGCAGGAAAAGCTGCAAA,0,19505
TSS_1414_storz_regulondb,0.14285714285714285,6,6,TGCGATTAATGTGGTAAGGC,0,29138
TSS_1414_storz_regulondb,0.14285714285714285,6,6,TGCGATACTGCACGAGCGCA,0,70330
TSS_1414_storz_regulondb,0.14285714285714285,6,6,TGCCTTAAAACGCACTCGAT,0,6533
TSS_1414_storz_regulondb,0.14285714285714285,6,6,TGCCGTTTTGGGGCAGACCT,0,66322
TSS_1414_storz_regulondb,0.14285714285714285,6,6,TGCCCGCCCGCTCATCAATT,0,6599
TSS_1414_storz_regulondb,0.14285714285714285,6,6,TGCCCCATGTTGCGGTCGCC,0,37997
TSS_1414_storz_regulondb,0.14285714285714285,6,6,TGCATCCCTAATAACCCGAT,0,56109
TSS_1414_storz_regulondb,0.14285714285714285,6,6,TGCAATGTACTATTTGGGGA,0,51277
TSS_1414_storz_regulondb,0.14285714285714285,6,6,TGCAACTGCTCCAAGGTCTA,0,17966
TSS_1414_storz_regulondb,0.14285714285714285,6,6,TGATTTGGCAATATCAAGGA,0,262
TSS_1414_storz_regulondb,0.14285714285714285,6,6,TGATTATTCAAATAGAATTA,0,51922
TSS_1414_storz_regulondb,0.14285714285714285,6,6,TGATGCGACTGGGAAGATAA,0,60296
TSS_1414_storz_regulondb,0.14285714285714285,6,6,TGATAACCAGTTAAAGGTCC,0,2978
TSS_1414_storz_regulondb,0.14285714285714285,6,6,TGAGTCCGTGCTAACGAAAG,0,69310
TSS_1414_storz_regulondb,0.14285714285714285,6,6,TGAGTATATAAATTTATTAG,0,47852
TSS_1414_storz_regulondb,0.14285714285714285,6,6,TGAGCTTGTGTATCACTTAA,0,67861
TSS_1414_storz_regulondb,0.14285714285714285,6,6,TGAGATTAAATGCTGCATCA,0,26866
TSS_1414_storz_regulondb,0.14285714285714285,6,6,TGAGATGCTTTGGTGGGACA,0,42910
TSS_1414_storz_regulondb,0.14285714285714285,6,6,TGAGAATTGCTTTTCATACT,0,73707
TSS_1414_storz_regulondb,0.14285714285714285,6,6,TGACCACACTTTTCTGTCTC,0,49598
TSS_1414_storz_regulondb,0.14285714285714285,6,6,TGACAAGCAGCTTGCCTTAA,0,79863
TSS_1414_storz_regulondb,0.14285714285714285,6,6,TGACAAAGATGGTTCTCGGG,0,55272
TSS_1414_storz_regulondb,0.14285714285714285,6,6,TGAATGGAGAGTTTCCTAGT,0,26373
TSS_1414_storz_regulondb,0.14285714285714285,6,6,TGAACTAGATCTGCTGCAGT,0,60988
TSS_1414_storz_regulondb,0.14285714285714285,6,6,TCTTTTCAAGAGCATAGAGC,0,61586
TSS_1414_storz_regulondb,0.14285714285714285,6,6,TCTTGTCTCTTCGGATTATA,0,76844
TSS_1414_storz_regulondb,0.14285714285714285,6,6,TCTTGAAGGGAGATAACTAC,0,63395
TSS_1414_storz_regulondb,0.14285714285714285,6,6,TCTTCGATGTTAGGAGGAAT,0,3471
TSS_1414_storz_regulondb,0.14285714285714285,6,6,TCTGGTACCCTGGGTGGTGT,0,67881
TSS_1414_storz_regulondb,0.14285714285714285,6,6,TCTGGATCAAGAGGTATTCT,0,8303
TSS_1414_storz_regulondb,0.14285714285714285,6,6,TCTGCGAAGAAAGTGGGACA,0,30203
TSS_1414_storz_regulondb,0.14285714285714285,6,6,TCTGAGCAAGCAAACGAAAT,0,27864
TSS_1414_storz_regulondb,0.14285714285714285,6,6,TCTCTGGCATCAAAGGTCAG,0,75992
TSS_1414_storz_regulondb,0.14285714285714285,6,6,TCTCTCAAGGCTCAGTTTGA,0,69904
TSS_1414_storz_regulondb,0.14285714285714285,6,6,TCTCTACTACCATAGGAGAA,0,72451
TSS_1414_storz_regulondb,0.14285714285714285,6,6,TCTCGATGCATAGCGAATAT,0,62000
TSS_1414_storz_regulondb,0.14285714285714285,6,6,TCTCGATATGAGACTTAGTG,0,29424
TSS_1414_storz_regulondb,0.14285714285714285,6,6,TCTCCAAATATCCTCTACAC,0,58855
TSS_1414_storz_regulondb,0.14285714285714285,6,6,TCTCAGCATGATCAACTTAA,0,36649
TSS_1414_storz_regulondb,0.14285714285714285,6,6,TCTATGTGCGGGGAAAAAGG,0,49414
TSS_1414_storz_regulondb,0.14285714285714285,6,6,TCTATCGGTGGGGAAGGGTT,0,64546
TSS_1414_storz_regulondb,0.14285714285714285,6,6,TCTATCCTATAGGGGCACAT,0,66445
TSS_1414_storz_regulondb,0.14285714285714285,6,6,TCTAGCTTGGCAATACCTGA,0,70080
TSS_1414_storz_regulondb,0.14285714285714285,6,6,TCTAGCTGCGTTGTAAAATA,0,43551
TSS_1414_storz_regulondb,0.14285714285714285,6,6,TCTACCATTAGGCAAGGTTG,0,20697
TSS_1414_storz_regulondb,0.14285714285714285,6,6,TCTACCACAATTGACCAGGG,0,47167
TSS_1414_storz_regulondb,0.14285714285714285,6,6,TCTAATATGAAAGTTGGTAC,0,14145
TSS_1414_storz_regulondb,0.14285714285714285,6,6,TCGTTGTCTCATGAGTCAGG,0,36342
TSS_1414_storz_regulondb,0.14285714285714285,6,6,TCGTTCCCTAGCCACAACTT,0,27010
TSS_1414_storz_regulondb,0.14285714285714285,6,6,TCGTCAGTACGTATTAGCAT,0,18942
TSS_1414_storz_regulondb,0.14285714285714285,6,6,TCGTCAATTTTTCCTTCTTG,0,30204
TSS_1414_storz_regulondb,0.14285714285714285,6,6,TCGTCAAGCCATCGTTGGTA,0,27966
TSS_1414_storz_regulondb,0.14285714285714285,6,6,TCGTAAGTTACTACATGGCT,0,50257
TSS_1414_storz_regulondb,0.14285714285714285,6,6,TCGGTGGTTGTATTTGTTAA,0,39204
TSS_1414_storz_regulondb,0.14285714285714285,6,6,TCGGTGGTCCGGTTCAGGCC,0,57631
TSS_1414_storz_regulondb,0.14285714285714285,6,6,TCGGTCGTGGCCCGTACAGG,0,12236
TSS_1414_storz_regulondb,0.14285714285714285,6,6,TCGGTAGTCTCAGGAGCCAT,0,34911
TSS_1414_storz_regulondb,0.14285714285714285,6,6,TCGGGCATCGGGATTTCCAG,0,16656
TSS_1414_storz_regulondb,0.14285714285714285,6,6,TCGGCTGGGTTGGTACGGTG,0,18913
TSS_1414_storz_regulondb,0.14285714285714285,6,6,TCGCTGACGCCGCTCATAAC,0,52980
TSS_1414_storz_regulondb,0.14285714285714285,6,6,TCGCGCGTCACGTAGTCAGT,0,58089
TSS_1414_storz_regulondb,0.14285714285714285,6,6,TCGCGAAAACCGGGTCTTCA,0,43965
TSS_1414_storz_regulondb,0.14285714285714285,6,6,TCGAGGGGCCAGGGTAGAGC,0,22131
TSS_1414_storz_regulondb,0.14285714285714285,6,6,TCGACGGCTGTTGACATGGA,0,48499
TSS_1414_storz_regulondb,0.14285714285714285,6,6,TCGAAGGCAGGGGAGGACGA,0,68957
TSS_1414_storz_regulondb,0.14285714285714285,6,6,TCCTTTCCTACACGCTCAGC,0,65049
TSS_1414_storz_regulondb,0.14285714285714285,6,6,TCCTACGTCTCATGAGCTAC,0,18314
TSS_1414_storz_regulondb,0.14285714285714285,6,6,TCCTACCAACGTGATTCCTC,0,30025
TSS_1414_storz_regulondb,0.14285714285714285,6,6,TCCTAACGGCGCGAATACCG,0,73483
TSS_1414_storz_regulondb,0.14285714285714285,6,6,TCCGTCTCGGGGACCGCCTT,0,28622
TSS_1414_storz_regulondb,0.14285714285714285,6,6,TCCGGGGGCCATATGGAACA,0,40326
TSS_1414_storz_regulondb,0.14285714285714285,6,6,TCCGGCACCGTACCGGAGGA,0,50646
TSS_1414_storz_regulondb,0.14285714285714285,6,6,TCCGCTACAGTTTGGTTTCA,0,79751
TSS_1414_storz_regulondb,0.14285714285714285,6,6,TCCGCGAGAAGTAATTTGAA,0,34670
TSS_1414_storz_regulondb,0.14285714285714285,6,6,TCCGAGCCGCAAGGAGGATT,0,67061
TSS_1414_storz_regulondb,0.14285714285714285,6,6,TCCCGGGGGGCCGTTCCAGG,0,22671
TSS_1414_storz_regulondb,0.14285714285714285,6,6,TCCCCATATTCAGAGGCATT,0,19945
TSS_1414_storz_regulondb,0.14285714285714285,6,6,TCCCCAAAGCAATAACCCGA,0,70725
TSS_1414_storz_regulondb,0.14285714285714285,6,6,TCCCAACTTGTCTATTTGTT,0,214
TSS_1414_storz_regulondb,0.14285714285714285,6,6,TCCATAACTCGTTTCACACC,0,52644
TSS_1414_storz_regulondb,0.14285714285714285,6,6,TCATGTAGATTAATGGGATA,0,66475
TSS_1414_storz_regulondb,0.14285714285714285,6,6,TCATGAGTCGCGCTCTATCT,0,5934
TSS_1414_storz_regulondb,0.14285714285714285,6,6,TCATCGGAACAACGGAACAT,0,60343
TSS_1414_storz_regulondb,0.14285714285714285,6,6,TCATCAGGGCACCGGTAGTT,0,44752
TSS_1414_storz_regulondb,0.14285714285714285,6,6,TCAGTTTCGGCTAGTGCTGC,0,14744
TSS_1414_storz_regulondb,0.14285714285714285,6,6,TCAGGGCACCGAGGATCAGG,0,32467
TSS_1414_storz_regulondb,0.14285714285714285,6,6,TCAGGAGAGGCCTAGTTCGT,0,74587
TSS_1414_storz_regulondb,0.14285714285714285,6,6,TCACCCCTAGACCAAGACAT,0,62263
TSS_1414_storz_regulondb,0.14285714285714285,6,6,TCACCCCACGTTGGTTTGCC,0,76174
TSS_1414_storz_regulondb,0.14285714285714285,6,6,TCACATAGACTTAAGCCCCT,0,5936
TSS_1414_storz_regulondb,0.14285714285714285,6,6,TCACACGCATTCCAACCCAT,0,25696
TSS_1414_storz_regulondb,0.14285714285714285,6,6,TCACACCATAAGGACGGAGA,0,77639
TSS_1414_storz_regulondb,0.14285714285714285,6,6,TCAACTGCTGTGTGTGTCAC,0,54236
TSS_1414_storz_regulondb,0.14285714285714285,6,6,TCAACCCGTGCTTTAGACTA,0,37287
TSS_1414_storz_regulondb,0.14285714285714285,6,6,TCAAATTCGTCGCCACGAAT,0,10548
TSS_1414_storz_regulondb,0.14285714285714285,6,6,TCAAATTCAAGAACGGTACG,0,19425
TSS_1414_storz_regulondb,0.14285714285714285,6,6,TCAAAGCGAAGGCACCGAAT,0,62897
TSS_1414_storz_regulondb,0.14285714285714285,6,6,TATTTCTTGGGCTCAAACGA,0,60482
TSS_1414_storz_regulondb,0.14285714285714285,6,6,TATTTATCACGCGGGAAGAC,0,73362
TSS_1414_storz_regulondb,0.14285714285714285,6,6,TATTCTGAGAGCGCGAAAGC,0,20291
TSS_1414_storz_regulondb,0.14285714285714285,6,6,TATTCCTTCACTAGGACATT,0,7087
TSS_1414_storz_regulondb,0.14285714285714285,6,6,TATGTTTGGGCCGATCTTGG,0,1726
TSS_1414_storz_regulondb,0.14285714285714285,6,6,TATGTCGTCTTTACTGGTCT,0,71753
TSS_1414_storz_regulondb,0.14285714285714285,6,6,TATGGGGATTAGGAGGCTTA,0,49074
TSS_1414_storz_regulondb,0.14285714285714285,6,6,TATGGCTACTGGGGTAATTC,0,34901
TSS_1414_storz_regulondb,0.14285714285714285,6,6,TATGCTTCCAAAATTCCATG,0,5752
TSS_1414_storz_regulondb,0.14285714285714285,6,6,TATCTCTATCCCTTGGGAGC,0,41607
TSS_1414_storz_regulondb,0.14285714285714285,6,6,TATCTCGAGTTGCCATTCTC,0,34904
TSS_1414_storz_regulondb,0.14285714285714285,6,6,TATCTAATTCGGTTCGATTA,0,35572
TSS_1414_storz_regulondb,0.14285714285714285,6,6,TATCGTGCGCGTGTTGGCCT,0,24168
TSS_1414_storz_regulondb,0.14285714285714285,6,6,TATCGAGATGCAGGGAGAAT,0,79435
TSS_1414_storz_regulondb,0.14285714285714285,6,6,TATATAGTGCAGTCTGAAAT,0,80433
TSS_1414_storz_regulondb,0.14285714285714285,6,6,TATAGCGTAGGAACCTAATC,0,8892
TSS_1414_storz_regulondb,0.14285714285714285,6,6,TATACTTGTCTAGGGACATT,0,31553
TSS_1414_storz_regulondb,0.14285714285714285,6,6,TATAAGTTACATAATGCCGA,0,74021
TSS_1414_storz_regulondb,0.14285714285714285,6,6,TATAAGACGATTCGCCGTAA,0,38733
TSS_1414_storz_regulondb,0.14285714285714285,6,6,TAGGTTGATGACCTGTGGCT,0,13402
TSS_1414_storz_regulondb,0.14285714285714285,6,6,TAGGGTGCGGTACTGATCGT,0,59506
TSS_1414_storz_regulondb,0.14285714285714285,6,6,TAGGGTGATGGGCGTGCTCT,0,50212
TSS_1414_storz_regulondb,0.14285714285714285,6,6,TAGGGTCCGGGCAGGAGGAC,0,5565
TSS_1414_storz_regulondb,0.14285714285714285,6,6,TAGGGAACGCGGCATGAACC,0,75926
TSS_1414_storz_regulondb,0.14285714285714285,6,6,TAGGCTGTAGCTAGGATAAC,0,51546
TSS_1414_storz_regulondb,0.14285714285714285,6,6,TAGGCTCTACCTTTAGTGCA,0,69775
TSS_1414_storz_regulondb,0.14285714285714285,6,6,TAGGCCGGTGAAGTTCACTG,0,50751
TSS_1414_storz_regulondb,0.14285714285714285,6,6,TAGGATTAAAATTTTTAAGT,0,14624
TSS_1414_storz_regulondb,0.14285714285714285,6,6,TAGGACATAAGATTACGCCG,0,1853
TSS_1414_storz_regulondb,0.14285714285714285,6,6,TAGCTATGCCATAGGGAGGC,0,4136
TSS_1414_storz_regulondb,0.14285714285714285,6,6,TAGCGTAGTCGTATGCCTCC,0,48819
TSS_1414_storz_regulondb,0.14285714285714285,6,6,TAGCAGTCGCATTGGATGAT,0,12125
TSS_1414_storz_regulondb,0.14285714285714285,6,6,TAGCAATTTCGCGTTGATAA,0,13801
TSS_1414_storz_regulondb,0.14285714285714285,6,6,TAGATGGTTCAATAGATAGG,0,54500
TSS_1414_storz_regulondb,0.14285714285714285,6,6,TAGACTAGCGTACTACTAAC,0,31502
TSS_1414_storz_regulondb,0.14285714285714285,6,6,TAGAATTGGCGTTGGCCCAT,0,16443
TSS_1414_storz_regulondb,0.14285714285714285,6,6,TACTGTAAGTACGTATGTAC,0,3241
TSS_1414_storz_regulondb,0.14285714285714285,6,6,TACTGCAGATGGGGTTAAGC,0,16482
TSS_1414_storz_regulondb,0.14285714285714285,6,6,TACTCGAGTGGCTGGATGGG,0,75494
TSS_1414_storz_regulondb,0.14285714285714285,6,6,TACTCATGTAAATGGACCCA,0,56249
TSS_1414_storz_regulondb,0.14285714285714285,6,6,TACTACACATAACATGTTCT,0,19133
TSS_1414_storz_regulondb,0.14285714285714285,6,6,TACGTTCGACCGCACATAGG,0,71396
TSS_1414_storz_regulondb,0.14285714285714285,6,6,TACGCTCAAAGTACTATTTG,0,44306
TSS_1414_storz_regulondb,0.14285714285714285,6,6,TACGCGTATACAGCAGCGGG,0,5670
TSS_1414_storz_regulondb,0.14285714285714285,6,6,TACGATCTGGGTGATTGTTA,0,53178
TSS_1414_storz_regulondb,0.14285714285714285,6,6,TACCTTGGTCCCAGCTTAAG,0,66717
TSS_1414_storz_regulondb,0.14285714285714285,6,6,TACCTGTCGCATTAATTTTT,0,12299
TSS_1414_storz_regulondb,0.14285714285714285,6,6,TACCAACGCCAGGGTAAAGT,0,80181
TSS_1414_storz_regulondb,0.14285714285714285,6,6,TACATGGAAATCAGTATTAC,0,78935
TSS_1414_storz_regulondb,0.14285714285714285,6,6,TACAGGTGCTTTAACTAGCG,0,36660
TSS_1414_storz_regulondb,0.14285714285714285,6,6,TAATTATCCTCTAGCATACG,0,23331
TSS_1414_storz_regulondb,0.14285714285714285,6,6,TAATCCGCGTTAGGGCTATG,0,48084
TSS_1414_storz_regulondb,0.14285714285714285,6,6,TAAGGTCTCTGTAAGATCAT,0,51507
TSS_1414_storz_regulondb,0.14285714285714285,6,6,TAAGCGAGTATCCGAGCGTC,0,36269
TSS_1414_storz_regulondb,0.14285714285714285,6,6,TAAGCATGGGACTTGGTAAT,0,34000
TSS_1414_storz_regulondb,0.14285714285714285,6,6,TAACATCCACGTGGTGTATC,0,61598
TSS_1414_storz_regulondb,0.14285714285714285,6,6,TAACAGTTAATCCATCTTCT,0,41032
TSS_1414_storz_regulondb,0.14285714285714285,6,6,TAAATTTACGGTCGTTGGGT,0,60091
TSS_1414_storz_regulondb,0.14285714285714285,6,6,TAAATCGTCATATCTGATAG,0,48409
TSS_1414_storz_regulondb,0.14285714285714285,6,6,TAAAGACCCGCCAGGTTTCC,0,41086
TSS_1414_storz_regulondb,0.14285714285714285,6,6,TAAAATCCTAAGCTACGTAT,0,60250
TSS_1414_storz_regulondb,0.14285714285714285,6,6,GTTTTAGTATGGATGCACTG,0,28646
TSS_1414_storz_regulondb,0.14285714285714285,6,6,GTTTGTATCGGTACTTCAAG,0,8854
TSS_1414_storz_regulondb,0.14285714285714285,6,6,GTTTGTAGTCAATCGGACTA,0,75001
TSS_1414_storz_regulondb,0.14285714285714285,6,6,GTTTACGCCGCGATAATCGA,0,44196
TSS_1414_storz_regulondb,0.14285714285714285,6,6,GTTGTGTGCCTTACTCAGTG,0,5668
TSS_1414_storz_regulondb,0.14285714285714285,6,6,GTTGTCCGTACGACCTCCCA,0,44884
TSS_1414_storz_regulondb,0.14285714285714285,6,6,GTTGTATCTCTGCCCGGCAT,0,33609
TSS_1414_storz_regulondb,0.14285714285714285,6,6,GTTGGTATGGCCTTCACAGG,0,71827
TSS_1414_storz_regulondb,0.14285714285714285,6,6,GTTGCCTAGAGCCGCTTGCA,0,79802
TSS_1414_storz_regulondb,0.14285714285714285,6,6,GTTGCAGTCCCAGTCAATTT,0,34539
TSS_1414_storz_regulondb,0.14285714285714285,6,6,GTTGATGTACCGGCTTCATT,0,64540
TSS_1414_storz_regulondb,0.14285714285714285,6,6,GTTGATGCGCCAAACGCGAT,0,55924
TSS_1414_storz_regulondb,0.14285714285714285,6,6,GTTCTCGACTAACATTATAC,0,67647
TSS_1414_storz_regulondb,0.14285714285714285,6,6,GTTCTCCACACTCCCGTCTT,0,61435
TSS_1414_storz_regulondb,0.14285714285714285,6,6,GTTCGTATTAGCACGTAGGA,0,8457
TSS_1414_storz_regulondb,0.14285714285714285,6,6,GTTCGCACTCAGACCTGGTT,0,48493
TSS_1414_storz_regulondb,0.14285714285714285,6,6,GTTCAAGTTCTCGTAAGGTA,0,5998
TSS_1414_storz_regulondb,0.14285714285714285,6,6,GTGTTGAGTTGAATCAAAAT,0,33223
TSS_1414_storz_regulondb,0.14285714285714285,6,6,GTGTGGGATCGAATGGTCGC,0,31386
TSS_1414_storz_regulondb,0.14285714285714285,6,6,GTGTATGTCACGTCGTGAGA,0,39907
TSS_1414_storz_regulondb,0.14285714285714285,6,6,GTGTAGAATTGCTGGTCTGA,0,9691
TSS_1414_storz_regulondb,0.14285714285714285,6,6,GTGGTGTGAGTTGACCACAT,0,34474
TSS_1414_storz_regulondb,0.14285714285714285,6,6,GTGGGGCAATCCTAGCGTCC,0,3702
TSS_1414_storz_regulondb,0.14285714285714285,6,6,GTGGCCAATGGACCTAGCCA,0,71997
TSS_1414_storz_regulondb,0.14285714285714285,6,6,GTGGCACCATTGGGGACGCC,0,4737
TSS_1414_storz_regulondb,0.14285714285714285,6,6,GTGGATGAATTAGTGACTCG,0,4442
TSS_1414_storz_regulondb,0.14285714285714285,6,6,GTGGAATCAATGAGTACTTC,0,40021
TSS_1414_storz_regulondb,0.14285714285714285,6,6,GTGCTGCACCGGTGAGCATG,0,24063
TSS_1414_storz_regulondb,0.14285714285714285,6,6,GTGCGGGTTTGGCAAACATC,0,4994
TSS_1414_storz_regulondb,0.14285714285714285,6,6,GTGCGAGCAAGAGTACGTTA,0,55662
TSS_1414_storz_regulondb,0.14285714285714285,6,6,GTGCCCATCGACATGGGTAA,0,43125
TSS_1414_storz_regulondb,0.14285714285714285,6,6,GTGCATCAAGGTATGCTGCG,0,63908
TSS_1414_storz_regulondb,0.14285714285714285,6,6,GTGCAGGCGAAGAGCCCAAA,0,74659
TSS_1414_storz_regulondb,0.14285714285714285,6,6,GTGCAACGCCTGATTTGTTG,0,37144
TSS_1414_storz_regulondb,0.14285714285714285,6,6,GTGAGGCAGTTACCTGTTGT,0,51152
TSS_1414_storz_regulondb,0.14285714285714285,6,6,GTGAGAGCCAATGATTGTCG,0,32616
TSS_1414_storz_regulondb,0.14285714285714285,6,6,GTGACAGACTATTGCTAAGT,0,9319
TSS_1414_storz_regulondb,0.14285714285714285,6,6,GTGACAATCTGGCAACACTG,0,53655
TSS_1414_storz_regulondb,0.14285714285714285,6,6,GTCTTAAATCTTTACACTGA,0,19735
TSS_1414_storz_regulondb,0.14285714285714285,6,6,GTCTGCATTTTCGTCCCTCT,0,32675
TSS_1414_storz_regulondb,0.14285714285714285,6,6,GTCTACTGACCATTCCGATG,0,53224
TSS_1414_storz_regulondb,0.14285714285714285,6,6,GTCGTAACCTTTACCGATCT,0,13677
TSS_1414_storz_regulondb,0.14285714285714285,6,6,GTCGGGAAATTGCCAAGAGC,0,10838
TSS_1414_storz_regulondb,0.14285714285714285,6,6,GTCGCGTTCCAAGACCGAGC,0,80627
TSS_1414_storz_regulondb,0.14285714285714285,6,6,GTCGCAGACATGAACCATTT,0,4740
TSS_1414_storz_regulondb,0.14285714285714285,6,6,GTCGCAATCCGCTTAATGGA,0,1692
TSS_1414_storz_regulondb,0.14285714285714285,6,6,GTCGAGACTCGGTGGATCGT,0,9435
TSS_1414_storz_regulondb,0.14285714285714285,6,6,GTCCTCGCGGGACCACAAAC,0,34319
TSS_1414_storz_regulondb,0.14285714285714285,6,6,GTCCGTACTTATGGGTTCAA,0,56915
TSS_1414_storz_regulondb,0.14285714285714285,6,6,GTCCAAGGCGTCACCGTTTA,0,29068
TSS_1414_storz_regulondb,0.14285714285714285,6,6,GTCCAAGACAGCTGCTTGGG,0,70652
TSS_1414_storz_regulondb,0.14285714285714285,6,6,GTCATTGGAAATCTCGGTGA,0,2341
TSS_1414_storz_regulondb,0.14285714285714285,6,6,GTCATGCCGACTTACAAATC,0,30233
TSS_1414_storz_regulondb,0.14285714285714285,6,6,GTCATAGATGACTACCTGCA,0,66562
TSS_1414_storz_regulondb,0.14285714285714285,6,6,GTCAGGATTCGCTTTAGTCG,0,16704
TSS_1414_storz_regulondb,0.14285714285714285,6,6,GTCAGCGGCTAGTTTATCCG,0,78801
TSS_1414_storz_regulondb,0.14285714285714285,6,6,GTCACGTTAACATCCAGTTG,0,59860
TSS_1414_storz_regulondb,0.14285714285714285,6,6,GTCACATGAGCATAGGTTGC,0,61526
TSS_1414_storz_regulondb,0.14285714285714285,6,6,GTCAATATCCTGCTTCATCG,0,56294
TSS_1414_storz_regulondb,0.14285714285714285,6,6,GTATGAACTAGGATAGGACG,0,58737
TSS_1414_storz_regulondb,0.14285714285714285,6,6,GTAGTTTGAACGAGCAAGCA,0,13336
TSS_1414_storz_regulondb,0.14285714285714285,6,6,GTAGTTGGGTCTGGTGAATG,0,49181
TSS_1414_storz_regulondb,0.14285714285714285,6,6,GTAGTCGAAGGTGCTCGATT,0,4427
TSS_1414_storz_regulondb,0.14285714285714285,6,6,GTAGGTGCCCAAGTCGCTGA,0,15798
TSS_1414_storz_regulondb,0.14285714285714285,6,6,GTAGGGGTAGGGATGGTCGG,0,17128
TSS_1414_storz_regulondb,0.14285714285714285,6,6,GTAGGGCTTACCTTCTGCGT,0,60019
TSS_1414_storz_regulondb,0.14285714285714285,6,6,GTAGCGCTCGGCTACTACGG,0,60406
TSS_1414_storz_regulondb,0.14285714285714285,6,6,GTAGATAGGGCCGGGGCTTG,0,42263
TSS_1414_storz_regulondb,0.14285714285714285,6,6,GTAGATAGGAACGGCCTGAA,0,62408
TSS_1414_storz_regulondb,0.14285714285714285,6,6,GTAGAACGTGTTACTGGGAA,0,71091
TSS_1414_storz_regulondb,0.14285714285714285,6,6,GTAGAAAGGTATAGGCCGTA,0,58930
TSS_1414_storz_regulondb,0.14285714285714285,6,6,GTACTGTAATTGTGCGAGAC,0,35332
TSS_1414_storz_regulondb,0.14285714285714285,6,6,GTACTCATTTCGTTTCCGGC,0,72348
TSS_1414_storz_regulondb,0.14285714285714285,6,6,GTACGTATTGTAGTCTATAC,0,79944
TSS_1414_storz_regulondb,0.14285714285714285,6,6,GTACGCGGTGACGACGTCGT,0,22435
TSS_1414_storz_regulondb,0.14285714285714285,6,6,GTACCCCGTGTTTATTGTCA,0,733
TSS_1414_storz_regulondb,0.14285714285714285,6,6,GTACACAGAGCACGCGGGCT,0,33599
TSS_1414_storz_regulondb,0.14285714285714285,6,6,GTAATTGATTGCCTTGTATG,0,31532
TSS_1414_storz_regulondb,0.14285714285714285,6,6,GTAAGTATCTCATACACACG,0,52993
TSS_1414_storz_regulondb,0.14285714285714285,6,6,GTAAGGTTAGAAGCGAGTCT,0,57685
TSS_1414_storz_regulondb,0.14285714285714285,6,6,GTAACGCGAGCAAGCCGTGA,0,7822
TSS_1414_storz_regulondb,0.14285714285714285,6,6,GGTTTTAAGGCCGCTCAGGG,0,42889
TSS_1414_storz_regulondb,0.14285714285714285,6,6,GGTTGGGCGAGGCAGAAAGC,0,74725
TSS_1414_storz_regulondb,0.14285714285714285,6,6,GGTTGGATATGGTACAGCCC,0,25041
TSS_1414_storz_regulondb,0.14285714285714285,6,6,GGTTGCAGGGTGCTTTGCTA,0,7832
TSS_1414_storz_regulondb,0.14285714285714285,6,6,GGTTATTAGTGACTGGCAAA,0,44315
TSS_1414_storz_regulondb,0.14285714285714285,6,6,GGTTATGGACAGCCTGTAGA,0,48110
TSS_1414_storz_regulondb,0.14285714285714285,6,6,GGTTAGTGGATTCGCACGGC,0,4315
TSS_1414_storz_regulondb,0.14285714285714285,6,6,GGTTACAGCCAGTTTCACGC,0,28366
TSS_1414_storz_regulondb,0.14285714285714285,6,6,GGTTAAACACGGCTACACGT,0,71579
TSS_1414_storz_regulondb,0.14285714285714285,6,6,GGTGTGGACGTCTCCTCACC,0,26368
TSS_1414_storz_regulondb,0.14285714285714285,6,6,GGTGAAAATCCCTATCAAAC,0,78262
TSS_1414_storz_regulondb,0.14285714285714285,6,6,GGTCTTCGACGGGCCAGCGA,0,72050
TSS_1414_storz_regulondb,0.14285714285714285,6,6,GGTCTCCTGCTCAGAGTGGT,0,43157
TSS_1414_storz_regulondb,0.14285714285714285,6,6,GGTCTCAGGCGGCGGCTAAT,0,25959
TSS_1414_storz_regulondb,0.14285714285714285,6,6,GGTCGGCGTAAGAACCAAGA,0,74824
TSS_1414_storz_regulondb,0.14285714285714285,6,6,GGTCCCCTATAGACACATGA,0,17342
TSS_1414_storz_regulondb,0.14285714285714285,6,6,GGTCAGGACCGACTCCCAAA,0,6268
TSS_1414_storz_regulondb,0.14285714285714285,6,6,GGTAAAAACGGACGTGGGGG,0,24165
TSS_1414_storz_regulondb,0.14285714285714285,6,6,GGGTTTTAATTCGAACTGAG,0,10432
TSS_1414_storz_regulondb,0.14285714285714285,6,6,GGGTGCGAGATGCGACCGCA,0,71191
TSS_1414_storz_regulondb,0.14285714285714285,6,6,GGGTCTTGTTTTGATCGTAG,0,45844
TSS_1414_storz_regulondb,0.14285714285714285,6,6,GGGTCGTTGGGGGAACCCGA,0,24083
TSS_1414_storz_regulondb,0.14285714285714285,6,6,GGGTCACTGGTGCGCTAATC,0,61412
TSS_1414_storz_regulondb,0.14285714285714285,6,6,GGGTCAATATTCGCAGGTAT,0,52877
TSS_1414_storz_regulondb,0.14285714285714285,6,6,GGGGTTGAGGCAAAACTTTG,0,1223
TSS_1414_storz_regulondb,0.14285714285714285,6,6,GGGGTTCAGGACGGACTGGG,0,63290
TSS_1414_storz_regulondb,0.14285714285714285,6,6,GGGGTCCTTAAAGCAAACTG,0,10207
TSS_1414_storz_regulondb,0.14285714285714285,6,6,GGGGTCCGGATTCTATTCCA,0,18643
TSS_1414_storz_regulondb,0.14285714285714285,6,6,GGGGCAAATGCGCCACTCGT,0,45370
TSS_1414_storz_regulondb,0.14285714285714285,6,6,GGGGAGTTAATAGAAGCCTG,0,3212
TSS_1414_storz_regulondb,0.14285714285714285,6,6,GGGCTGAGTGACCGCAGACA,0,49659
TSS_1414_storz_regulondb,0.14285714285714285,6,6,GGGCGCCACGGGGAGTCATC,0,80601
TSS_1414_storz_regulondb,0.14285714285714285,6,6,GGGCCCAGTGGACCTGCTTG,0,13766
TSS_1414_storz_regulondb,0.14285714285714285,6,6,GGGCAGGTGCCTCTGACTCA,0,43964
TSS_1414_storz_regulondb,0.14285714285714285,6,6,GGGCAAGGTGACCCTTTCAT,0,45518
TSS_1414_storz_regulondb,0.14285714285714285,6,6,GGGATGGACTCGACTGGCCT,0,64553
TSS_1414_storz_regulondb,0.14285714285714285,6,6,GGGATATCGCTTCGGGTGCA,0,21260
TSS_1414_storz_regulondb,0.14285714285714285,6,6,GGGAGATCCACATCCGACTA,0,10616
TSS_1414_storz_regulondb,0.14285714285714285,6,6,GGGAAAGTAAAGTATCCGAG,0,42361
TSS_1414_storz_regulondb,0.14285714285714285,6,6,GGCTTCGCTAGGGTAACTGC,0,7752
TSS_1414_storz_regulondb,0.14285714285714285,6,6,GGCTTAGCTGTTAAACACGG,0,44713
TSS_1414_storz_regulondb,0.14285714285714285,6,6,GGCGCTCTTCCGATCTAACA,0,51482
TSS_1414_storz_regulondb,0.14285714285714285,6,6,GGCGCCAACGAAAGGTCAAC,0,11028
TSS_1414_storz_regulondb,0.14285714285714285,6,6,GGCCGTAATCGGAGTTTATG,0,22006
TSS_1414_storz_regulondb,0.14285714285714285,6,6,GGCCGGTAGCTTAGGAGGTT,0,29185
TSS_1414_storz_regulondb,0.14285714285714285,6,6,GGCCGGTAGCAATCGAAACT,0,52201
TSS_1414_storz_regulondb,0.14285714285714285,6,6,GGCCCTGCGCCTCGAGGTTG,0,25900
TSS_1414_storz_regulondb,0.14285714285714285,6,6,GGCCATTCGCCAACTTGCCT,0,27131
TSS_1414_storz_regulondb,0.14285714285714285,6,6,GGCCAATGCGCGTTGGTGCA,0,26437
TSS_1414_storz_regulondb,0.14285714285714285,6,6,GGCATCCCATGGCTTCCACT,0,34919
TSS_1414_storz_regulondb,0.14285714285714285,6,6,GGCAGGGACAGGAATATCCG,0,42538
TSS_1414_storz_regulondb,0.14285714285714285,6,6,GGCACAATTGGCCACGTTAT,0,11495
TSS_1414_storz_regulondb,0.14285714285714285,6,6,GGCAATCTGGTCGATCAGTC,0,62134
TSS_1414_storz_regulondb,0.14285714285714285,6,6,GGCAACAGATAACACATCGT,0,37913
TSS_1414_storz_regulondb,0.14285714285714285,6,6,GGATTTGCTGAAAGATTTCG,0,30798
TSS_1414_storz_regulondb,0.14285714285714285,6,6,GGATTATCTTATAAAATTAC,0,66370
TSS_1414_storz_regulondb,0.14285714285714285,6,6,GGATGCCTAAGCTAAGCTAG,0,77830
TSS_1414_storz_regulondb,0.14285714285714285,6,6,GGATCTCCATACTTTGCTCT,0,47114
TSS_1414_storz_regulondb,0.14285714285714285,6,6,GGATCCCGTTATTAGCGACG,0,31799
TSS_1414_storz_regulondb,0.14285714285714285,6,6,GGATCATGGTAGTACCCTTG,0,19412
TSS_1414_storz_regulondb,0.14285714285714285,6,6,GGATCAAAGTGAAATCTCAC,0,22918
TSS_1414_storz_regulondb,0.14285714285714285,6,6,GGAGGCCAGCAGACGAGCCC,0,70079
TSS_1414_storz_regulondb,0.14285714285714285,6,6,GGAGCGACTGAGTGGAGACG,0,433
TSS_1414_storz_regulondb,0.14285714285714285,6,6,GGAGAGGACAGTTCTCTTGT,0,65873
TSS_1414_storz_regulondb,0.14285714285714285,6,6,GGAGAGCGATAAATGTCAAG,0,40140
TSS_1414_storz_regulondb,0.14285714285714285,6,6,GGACGTTTACATTTCGTATA,0,16533
TSS_1414_storz_regulondb,0.14285714285714285,6,6,GGACGGAGTTGGATGAATAA,0,13779
TSS_1414_storz_regulondb,0.14285714285714285,6,6,GGACACTGGCCGTCCAGCTC,0,37670
TSS_1414_storz_regulondb,0.14285714285714285,6,6,GGAATAGGATGCCCGCATTA,0,75492
TSS_1414_storz_regulondb,0.14285714285714285,6,6,GGAAGCTTGTCTTTCAGAGG,0,28101
TSS_1414_storz_regulondb,0.14285714285714285,6,6,GGAACCCGGAGGCTCCAAGC,0,4430
TSS_1414_storz_regulondb,0.14285714285714285,6,6,GGAAACGGGACCCCCAGGCA,0,9656
TSS_1414_storz_regulondb,0.14285714285714285,6,6,GCTTTGGACATACTTTACAC,0,50010
TSS_1414_storz_regulondb,0.14285714285714285,6,6,GCTTTAAGGATCGTATCCTT,0,9850
TSS_1414_storz_regulondb,0.14285714285714285,6,6,GCTTGTGACGCTACCCCGTT,0,70428
TSS_1414_storz_regulondb,0.14285714285714285,6,6,GCTTCAGCGAGTCGGATGGC,0,32885
TSS_1414_storz_regulondb,0.14285714285714285,6,6,GCTTAGCTTACTATCCTTTG,0,37515
TSS_1414_storz_regulondb,0.14285714285714285,6,6,GCTGTGGGAGACTATTATAG,0,257
TSS_1414_storz_regulondb,0.14285714285714285,6,6,GCTGTGCACGCTTTAGGCAA,0,53146
TSS_1414_storz_regulondb,0.14285714285714285,6,6,GCTGTGATCGCGATTTGTAT,0,44214
TSS_1414_storz_regulondb,0.14285714285714285,6,6,GCTGGCGGGCTCCTACCTTC,0,41157
TSS_1414_storz_regulondb,0.14285714285714285,6,6,GCTGGAATTTAGAAGGCACG,0,58684
TSS_1414_storz_regulondb,0.14285714285714285,6,6,GCTGATTGTGGTTCCTTCAC,0,76201
TSS_1414_storz_regulondb,0.14285714285714285,6,6,GCTGATAAATAACACCATGC,0,22241
TSS_1414_storz_regulondb,0.14285714285714285,6,6,GCTCTCGGTCTACTGATTAG,0,79243
TSS_1414_storz_regulondb,0.14285714285714285,6,6,GCTCAGGACGGCTTGGCGGG,0,78918
TSS_1414_storz_regulondb,0.14285714285714285,6,6,GCTAGTTAAGCAGGTGATTG,0,63540
TSS_1414_storz_regulondb,0.14285714285714285,6,6,GCTAGATAGGCCTAATTGCG,0,20897
TSS_1414_storz_regulondb,0.14285714285714285,6,6,GCGTTGTTAAGTCAGAAAGT,0,79686
TSS_1414_storz_regulondb,0.14285714285714285,6,6,GCGTGTCGGAAATACTATGA,0,44181
TSS_1414_storz_regulondb,0.14285714285714285,6,6,GCGTAGTAACGTGCGCATTG,0,49025
TSS_1414_storz_regulondb,0.14285714285714285,6,6,GCGTAGGGGCGATTGTCGGG,0,26017
TSS_1414_storz_regulondb,0.14285714285714285,6,6,GCGTACATCACGTATGCGCC,0,41760
TSS_1414_storz_regulondb,0.14285714285714285,6,6,GCGGGTGTGCCAAACCTGAG,0,13652
TSS_1414_storz_regulondb,0.14285714285714285,6,6,GCGGCGACGCGGGAACCGGT,0,10622
TSS_1414_storz_regulondb,0.14285714285714285,6,6,GCGCTAGCTACCGGCCAGGG,0,33675
TSS_1414_storz_regulondb,0.14285714285714285,6,6,GCGCGCAATGGCGTATCCGG,0,1095
TSS_1414_storz_regulondb,0.14285714285714285,6,6,GCGCCCGCCCACCTCGACGG,0,75909
TSS_1414_storz_regulondb,0.14285714285714285,6,6,GCGCCAGGCTTTCCAATTAA,0,15257
TSS_1414_storz_regulondb,0.14285714285714285,6,6,GCGCATTGTTGCTGTGTGGA,0,78148
TSS_1414_storz_regulondb,0.14285714285714285,6,6,GCGCACCCTATCTACAAGCA,0,15310
TSS_1414_storz_regulondb,0.14285714285714285,6,6,GCGATCAAAGAGAGTCGGTG,0,39211
TSS_1414_storz_regulondb,0.14285714285714285,6,6,GCGAGGGGGCCTTCACTTAT,0,56614
TSS_1414_storz_regulondb,0.14285714285714285,6,6,GCGAGGAGTAGAGGCGATTG,0,77309
TSS_1414_storz_regulondb,0.14285714285714285,6,6,GCCTTTACGGGGCCAGTCCC,0,22367
TSS_1414_storz_regulondb,0.14285714285714285,6,6,GCCTCTAAGTTGGGTGCGGT,0,7536
TSS_1414_storz_regulondb,0.14285714285714285,6,6,GCCTATGCAGATTAGACTTA,0,20271
TSS_1414_storz_regulondb,0.14285714285714285,6,6,GCCTAGGGCATTGCGTTATA,0,49602
TSS_1414_storz_regulondb,0.14285714285714285,6,6,GCCTAAGCCACCTCGGGTAT,0,31952
TSS_1414_storz_regulondb,0.14285714285714285,6,6,GCCGTCGTCGAGTCAATATC,0,38409
TSS_1414_storz_regulondb,0.14285714285714285,6,6,GCCGCCAGAGGTGTACGATT,0,58101
TSS_1414_storz_regulondb,0.14285714285714285,6,6,GCCATGTTTATCTGAGGAGA,0,55589
TSS_1414_storz_regulondb,0.14285714285714285,6,6,GCCACACCTCCTGGGCCGGA,0,26946
TSS_1414_storz_regulondb,0.14285714285714285,6,6,GCCAACCCGTTGCGTCCGCG,0,49143
TSS_1414_storz_regulondb,0.14285714285714285,6,6,GCATTTGGTCGGCATTGTAG,0,53941
TSS_1414_storz_regulondb,0.14285714285714285,6,6,GCATGTACTCATTACCGATG,0,71865
TSS_1414_storz_regulondb,0.14285714285714285,6,6,GCATGGGATTGTCACAGCCC,0,742
TSS_1414_storz_regulondb,0.14285714285714285,6,6,GCATGAGTGCGTAGTGAGAG,0,78514
TSS_1414_storz_regulondb,0.14285714285714285,6,6,GCATCTTCGATTGTTCTCGG,0,41942
TSS_1414_storz_regulondb,0.14285714285714285,6,6,GCATCGCCTCCGTTCGGAAT,0,13309
TSS_1414_storz_regulondb,0.14285714285714285,6,6,GCAGGGACGTGCTGCACAAC,0,38094
TSS_1414_storz_regulondb,0.14285714285714285,6,6,GCAGCTGGAAAGTTCTTTAA,0,56678
TSS_1414_storz_regulondb,0.14285714285714285,6,6,GCAGATCAATGACCTTAGGA,0,69171
TSS_1414_storz_regulondb,0.14285714285714285,6,6,GCACTAAGAGCTTTGCGGCC,0,52037
TSS_1414_storz_regulondb,0.14285714285714285,6,6,GCACGTTGTGCGCGAATATA,0,32265
TSS_1414_storz_regulondb,0.14285714285714285,6,6,GCACCGCTGTGCAGCTTTGT,0,56918
TSS_1414_storz_regulondb,0.14285714285714285,6,6,GCACCAATTTAGTAGGCCTT,0,37666
TSS_1414_storz_regulondb,0.14285714285714285,6,6,GCAATTAGTCCGGTACTACA,0,8640
TSS_1414_storz_regulondb,0.14285714285714285,6,6,GCAAGTGTGTTTCTGAAGTA,0,17666
TSS_1414_storz_regulondb,0.14285714285714285,6,6,GCAAGGGTCCCACGCTTGGA,0,66180
TSS_1414_storz_regulondb,0.14285714285714285,6,6,GCAAGGCGGGAGGATACGGT,0,13173
TSS_1414_storz_regulondb,0.14285714285714285,6,6,GCAAGACACTAGTCCATATT,0,33073
TSS_1414_storz_regulondb,0.14285714285714285,6,6,GCAACTTGCAAAGTTTGTGC,0,45741
TSS_1414_storz_regulondb,0.14285714285714285,6,6,GCAAAACAACGTCAGGCAGA,0,72684
TSS_1414_storz_regulondb,0.14285714285714285,6,6,GATTTGGGACAAGCGTACCC,0,54226
TSS_1414_storz_regulondb,0.14285714285714285,6,6,GATTTCATTGTCCGCTTATC,0,51385
TSS_1414_storz_regulondb,0.14285714285714285,6,6,GATTCTTACCGTGGCCCACT,0,76150
TSS_1414_storz_regulondb,0.14285714285714285,6,6,GATTCTGACCGTGTGGAGTG,0,71088
TSS_1414_storz_regulondb,0.14285714285714285,6,6,GATTCCTTCACGGGTAAGTC,0,49348
TSS_1414_storz_regulondb,0.14285714285714285,6,6,GATTCCCACTCGCAAAAGTC,0,71576
TSS_1414_storz_regulondb,0.14285714285714285,6,6,GATTAAAATGGACACCGGTG,0,47401
TSS_1414_storz_regulondb,0.14285714285714285,6,6,GATGTGGGGATACCTTGCAG,0,30990
TSS_1414_storz_regulondb,0.14285714285714285,6,6,GATGTCCTTTTGAGATGTCT,0,8152
TSS_1414_storz_regulondb,0.14285714285714285,6,6,GATGTAACACACTATAAAAA,0,30331
TSS_1414_storz_regulondb,0.14285714285714285,6,6,GATGGATCCTCCGGAGTGAA,0,57141
TSS_1414_storz_regulondb,0.14285714285714285,6,6,GATGCTTGGACGAGCGTCGT,0,43646
TSS_1414_storz_regulondb,0.14285714285714285,6,6,GATCTGGGCACGGGAATCTG,0,18877
TSS_1414_storz_regulondb,0.14285714285714285,6,6,GATCTAAGCCGTGTGGCCCG,0,45858
TSS_1414_storz_regulondb,0.14285714285714285,6,6,GATCGGACTCGCAACTAAGC,0,13627
TSS_1414_storz_regulondb,0.14285714285714285,6,6,GATCGCTCTAGCACAAAAGA,0,74212
TSS_1414_storz_regulondb,0.14285714285714285,6,6,GATCGCTAGTTCCGGTGGAA,0,22461
TSS_1414_storz_regulondb,0.14285714285714285,6,6,GATCGCGGGGCCATCCCTTC,0,81093
TSS_1414_storz_regulondb,0.14285714285714285,6,6,GATCGACCATTATATCACGG,0,36770
TSS_1414_storz_regulondb,0.14285714285714285,6,6,GATCAGCAAACTCGCTGTCC,0,8477
TSS_1414_storz_regulondb,0.14285714285714285,6,6,GATCACCTGTCGTAGTGTTG,0,18267
TSS_1414_storz_regulondb,0.14285714285714285,6,6,GATATGGAACATATCGATTC,0,48107
TSS_1414_storz_regulondb,0.14285714285714285,6,6,GATAGTCACACAGATTACGA,0,53077
TSS_1414_storz_regulondb,0.14285714285714285,6,6,GATAGGAAAAGATTGGGGTT,0,54710
TSS_1414_storz_regulondb,0.14285714285714285,6,6,GATACTAGAATACAGTACTA,0,21078
TSS_1414_storz_regulondb,0.14285714285714285,6,6,GATACAATCCTGCTGCGGCT,0,24900
TSS_1414_storz_regulondb,0.14285714285714285,6,6,GATAATGGTCTCACGGAACA,0,54493
TSS_1414_storz_regulondb,0.14285714285714285,6,6,GAGTTTCGGGCAACGTGAGT,0,44716
TSS_1414_storz_regulondb,0.14285714285714285,6,6,GAGTTAGCGGCAGTCATCCC,0,7436
TSS_1414_storz_regulondb,0.14285714285714285,6,6,GAGTGCCCTCATATTGCCCA,0,11982
TSS_1414_storz_regulondb,0.14285714285714285,6,6,GAGTCGCTACAGGCGCTGGG,0,39061
TSS_1414_storz_regulondb,0.14285714285714285,6,6,GAGTAAGGAGGCAAACGTTA,0,48081
TSS_1414_storz_regulondb,0.14285714285714285,6,6,GAGGTAGATTGGTGGGTGCA,0,28128
TSS_1414_storz_regulondb,0.14285714285714285,6,6,GAGGCATAGGGCAGCACCAC,0,60914
TSS_1414_storz_regulondb,0.14285714285714285,6,6,GAGGCAACACATGAGCAGGT,0,38557
TSS_1414_storz_regulondb,0.14285714285714285,6,6,GAGGATAACCTGGCTTTTAA,0,60290
TSS_1414_storz_regulondb,0.14285714285714285,6,6,GAGCCGGCGAATGGAGCGAA,0,68423
TSS_1414_storz_regulondb,0.14285714285714285,6,6,GAGCCAGTTCCTAGGCAATG,0,54849
TSS_1414_storz_regulondb,0.14285714285714285,6,6,GAGCAGTCAACAACGAGCTT,0,66722
TSS_1414_storz_regulondb,0.14285714285714285,6,6,GAGCAAAGTCGCGCTTAACT,0,17533
TSS_1414_storz_regulondb,0.14285714285714285,6,6,GAGATAATAGGGGCTCTGGT,0,32743
TSS_1414_storz_regulondb,0.14285714285714285,6,6,GAGAATGATTGGTTAGATCC,0,7399
TSS_1414_storz_regulondb,0.14285714285714285,6,6,GAGAAACTTATATGACAACC,0,22287
TSS_1414_storz_regulondb,0.14285714285714285,6,6,GACTTTTAACCACAATGAGC,0,49303
TSS_1414_storz_regulondb,0.14285714285714285,6,6,GACTTTCGGGCAAAACTTAT,0,58529
TSS_1414_storz_regulondb,0.14285714285714285,6,6,GACTTGTCTTCGAAGGCACA,0,29699
TSS_1414_storz_regulondb,0.14285714285714285,6,6,GACTTGGTCATTCTAGCCTG,0,10858
TSS_1414_storz_regulondb,0.14285714285714285,6,6,GACTTGCCAGGGGTAGGCAT,0,14719
TSS_1414_storz_regulondb,0.14285714285714285,6,6,GACTCCTTCTTCCGGTACCA,0,41302
TSS_1414_storz_regulondb,0.14285714285714285,6,6,GACGCTTGGTGCTAGAGTTA,0,60308
TSS_1414_storz_regulondb,0.14285714285714285,6,6,GACGCCGCGGGTCCGACCGC,0,48176
TSS_1414_storz_regulondb,0.14285714285714285,6,6,GACGAGGAGTTCAAGGTCCG,0,68154
TSS_1414_storz_regulondb,0.14285714285714285,6,6,GACCTGTTGGGGCTCACGCA,0,23422
TSS_1414_storz_regulondb,0.14285714285714285,6,6,GACCGGGCACCAGGTCGTGC,0,4732
TSS_1414_storz_regulondb,0.14285714285714285,6,6,GACCCTGCTGGCCTAACTTA,0,28851
TSS_1414_storz_regulondb,0.14285714285714285,6,6,GACCCAAAGCGGTAGAGCGG,0,75866
TSS_1414_storz_regulondb,0.14285714285714285,6,6,GACCAGTCATATCTCACCAC,0,13265
TSS_1414_storz_regulondb,0.14285714285714285,6,6,GACAAGTGATACCCTACTAA,0,23246
TSS_1414_storz_regulondb,0.14285714285714285,6,6,GACAAACTTGCCGGCCCATA,0,64195
TSS_1414_storz_regulondb,0.14285714285714285,6,6,GAATTAAATTAATTCGTGTG,0,62512
TSS_1414_storz_regulondb,0.14285714285714285,6,6,GAATCAGCCTAGTCTATAGA,0,62713
TSS_1414_storz_regulondb,0.14285714285714285,6,6,GAATCACTGTTCAGCACTAA,0,70734
TSS_1414_storz_regulondb,0.14285714285714285,6,6,GAATATGTCCAGGTGATGGT,0,64485
TSS_1414_storz_regulondb,0.14285714285714285,6,6,GAAGTTGTTTAGGCAGGGCT,0,7643
TSS_1414_storz_regulondb,0.14285714285714285,6,6,GAAGTTGTTAACACACATGA,0,77056
TSS_1414_storz_regulondb,0.14285714285714285,6,6,GAAGCGGGCTGTACAGTGCG,0,57516
TSS_1414_storz_regulondb,0.14285714285714285,6,6,GAACTCTGCGGAACTATTAG,0,13054
TSS_1414_storz_regulondb,0.14285714285714285,6,6,GAACGAAATGCCGTAAGGCC,0,24692
TSS_1414_storz_regulondb,0.14285714285714285,6,6,GAACAGGTGTAATTATGAGT,0,76343
TSS_1414_storz_regulondb,0.14285714285714285,6,6,GAACACGTCATTATCCCACC,0,3745
TSS_1414_storz_regulondb,0.14285714285714285,6,6,GAACAACTACTTTAAAGTCT,0,291
TSS_1414_storz_regulondb,0.14285714285714285,6,6,GAAATTAAGTTGAAACCATC,0,57226
TSS_1414_storz_regulondb,0.14285714285714285,6,6,GAAATCATGGGAAAACAGTG,0,44440
TSS_1414_storz_regulondb,0.14285714285714285,6,6,GAAAGGCTCATGGTTGGGCG,0,41332
TSS_1414_storz_regulondb,0.14285714285714285,6,6,GAAACTCATATCCAGCTGCC,0,25681
TSS_1414_storz_regulondb,0.14285714285714285,6,6,GAAAAAAATGGGTGCATACT,0,72136
TSS_1414_storz_regulondb,0.14285714285714285,6,6,CTTTTCTAACTCAAGTCATT,0,66658
TSS_1414_storz_regulondb,0.14285714285714285,6,6,CTTTGTGTGCTTATGCTGGC,0,62922
TSS_1414_storz_regulondb,0.14285714285714285,6,6,CTTTGGAAGGACAGAATCGA,0,51923
TSS_1414_storz_regulondb,0.14285714285714285,6,6,CTTTCGTGGCAGGTACTGGC,0,20754
TSS_1414_storz_regulondb,0.14285714285714285,6,6,CTTGTTTGAGCGACCTCACT,0,16005
TSS_1414_storz_regulondb,0.14285714285714285,6,6,CTTGTTACCGGATAGTTGAC,0,77463
TSS_1414_storz_regulondb,0.14285714285714285,6,6,CTTGTTAAGTACTTACTTTC,0,60773
TSS_1414_storz_regulondb,0.14285714285714285,6,6,CTTGTAGGTTTATTTACCGT,0,27826
TSS_1414_storz_regulondb,0.14285714285714285,6,6,CTTGCCCCGACCAGCGCACT,0,78180
TSS_1414_storz_regulondb,0.14285714285714285,6,6,CTTGATCAGCAGAACCTCTT,0,49574
TSS_1414_storz_regulondb,0.14285714285714285,6,6,CTTCGCGTTAAATGCTGAAC,0,47973
TSS_1414_storz_regulondb,0.14285714285714285,6,6,CTTCGACTCCGACCCATCAA,0,38236
TSS_1414_storz_regulondb,0.14285714285714285,6,6,CTTCCGTTATCGTATAACGT,0,17644
TSS_1414_storz_regulondb,0.14285714285714285,6,6,CTTCCCTTCACTATTCCGGC,0,56348
TSS_1414_storz_regulondb,0.14285714285714285,6,6,CTTCCCGGGCACTTTAAGAG,0,1179
TSS_1414_storz_regulondb,0.14285714285714285,6,6,CTTCAGCATGGTCGCACGTC,0,38230
TSS_1414_storz_regulondb,0.14285714285714285,6,6,CTTCAAGTAGCTATGCGTGC,0,47388
TSS_1414_storz_regulondb,0.14285714285714285,6,6,CTTATTCCGGTTTTTAACAT,0,24821
TSS_1414_storz_regulondb,0.14285714285714285,6,6,CTTATAATTTATTCATGTGT,0,53910
TSS_1414_storz_regulondb,0.14285714285714285,6,6,CTTAGGCCGATGACTAAGAG,0,16020
TSS_1414_storz_regulondb,0.14285714285714285,6,6,CTTACTCGAGGTAGTTGCGG,0,11629
TSS_1414_storz_regulondb,0.14285714285714285,6,6,CTTAAAAGCGCTGTCGGAAT,0,49102
TSS_1414_storz_regulondb,0.14285714285714285,6,6,CTGTGAGACCGTACTACTAA,0,25173
TSS_1414_storz_regulondb,0.14285714285714285,6,6,CTGGTCAGGCACTCGCGCAG,0,61083
TSS_1414_storz_regulondb,0.14285714285714285,6,6,CTGGTAGCTAGGGGGAAGGT,0,71680
TSS_1414_storz_regulondb,0.14285714285714285,6,6,CTGGGTGTGGCGTTAGTCCA,0,65003
TSS_1414_storz_regulondb,0.14285714285714285,6,6,CTGGGGCTAACTAGATCGGG,0,16520
TSS_1414_storz_regulondb,0.14285714285714285,6,6,CTGGCGTAGTCCAAATCTCG,0,68039
TSS_1414_storz_regulondb,0.14285714285714285,6,6,CTGCTTCCTCGGGACCAGAC,0,37538
TSS_1414_storz_regulondb,0.14285714285714285,6,6,CTGCTAGAACAAACCTTCTG,0,43178
TSS_1414_storz_regulondb,0.14285714285714285,6,6,CTGCCAAAAACCCGCCAAAA,0,35384
TSS_1414_storz_regulondb,0.14285714285714285,6,6,CTGCATGCAATTGGCTAATG,0,30046
TSS_1414_storz_regulondb,0.14285714285714285,6,6,CTGATTCTGGTGAGTGCTTA,0,42515
TSS_1414_storz_regulondb,0.14285714285714285,6,6,CTGAGAAAGGCCCCGTGTGT,0,44665
TSS_1414_storz_regulondb,0.14285714285714285,6,6,CTGACGGCAAGATCCAGGTT,0,8439
TSS_1414_storz_regulondb,0.14285714285714285,6,6,CTGAAGCACCAGGGCTTCCA,0,26677
TSS_1414_storz_regulondb,0.14285714285714285,6,6,CTGAAAGTGTAATAAGAACC,0,69397
TSS_1414_storz_regulondb,0.14285714285714285,6,6,CTCTGGATATGGCAATACTT,0,43846
TSS_1414_storz_regulondb,0.14285714285714285,6,6,CTCTGCGGACAAGGCCTTTC,0,1909
TSS_1414_storz_regulondb,0.14285714285714285,6,6,CTCTGATCTGCACGAGCGAT,0,12229
TSS_1414_storz_regulondb,0.14285714285714285,6,6,CTCTCCGTAGAAGGAATCTG,0,32302
TSS_1414_storz_regulondb,0.14285714285714285,6,6,CTCTATAGGCGCGGTCACCG,0,26953
TSS_1414_storz_regulondb,0.14285714285714285,6,6,CTCTACGGGCCAACGCATTA,0,73817
TSS_1414_storz_regulondb,0.14285714285714285,6,6,CTCTAAATGGGGACGTGTAT,0,25713
TSS_1414_storz_regulondb,0.14285714285714285,6,6,CTCGTCTGTCCAAAAAACTT,0,75284
TSS_1414_storz_regulondb,0.14285714285714285,6,6,CTCCCGCGCTTCTTTGGTTT,0,1213
TSS_1414_storz_regulondb,0.14285714285714285,6,6,CTCCCATTCTGGGATCGAAT,0,17334
TSS_1414_storz_regulondb,0.14285714285714285,6,6,CTCATGTTCAGCTTGTCCGG,0,3246
TSS_1414_storz_regulondb,0.14285714285714285,6,6,CTCACGGGCACCCCGTTCGA,0,54569
TSS_1414_storz_regulondb,0.14285714285714285,6,6,CTCAACGGCAATCGCGGTAT,0,75428
TSS_1414_storz_regulondb,0.14285714285714285,6,6,CTATACGATGCCTATCGGTC,0,23369
TSS_1414_storz_regulondb,0.14285714285714285,6,6,CTATACCATGCCAAACTGGC,0,60696
TSS_1414_storz_regulondb,0.14285714285714285,6,6,CTATAACGTGGCGTTCAGCC,0,48781
TSS_1414_storz_regulondb,0.14285714285714285,6,6,CTAGGTATTTCGGAGAGCTG,0,21992
TSS_1414_storz_regulondb,0.14285714285714285,6,6,CTAGGGGAGGGTATAGTCTG,0,62631
TSS_1414_storz_regulondb,0.14285714285714285,6,6,CTAGGGCGCACGTGAGCAGT,0,5943
TSS_1414_storz_regulondb,0.14285714285714285,6,6,CTAGAGCCGACCCACAATTA,0,17907
TSS_1414_storz_regulondb,0.14285714285714285,6,6,CTAGACACATATTCCCGGGT,0,34355
TSS_1414_storz_regulondb,0.14285714285714285,6,6,CTACGGTGTCACTATAGTGT,0,6434
TSS_1414_storz_regulondb,0.14285714285714285,6,6,CTACGACAGAGCCTCTACTG,0,34356
TSS_1414_storz_regulondb,0.14285714285714285,6,6,CTACCCGTCGGAATCTCCAA,0,70633
TSS_1414_storz_regulondb,0.14285714285714285,6,6,CTAAGAATTCCCGCGCTTAG,0,48924
TSS_1414_storz_regulondb,0.14285714285714285,6,6,CTAACCTCACGATGTCGCCA,0,55494
TSS_1414_storz_regulondb,0.14285714285714285,6,6,CGTTTGATGCATATTTTCAA,0,2219
TSS_1414_storz_regulondb,0.14285714285714285,6,6,CGTTTCGTTTCTGGAATGGG,0,22813
TSS_1414_storz_regulondb,0.14285714285714285,6,6,CGTTTCAATCGCGTCTCTTC,0,14671
TSS_1414_storz_regulondb,0.14285714285714285,6,6,CGTGCTTTTCTGCACTTTCA,0,49345
TSS_1414_storz_regulondb,0.14285714285714285,6,6,CGTGCCTGCAGCGCAAGTTA,0,57627
TSS_1414_storz_regulondb,0.14285714285714285,6,6,CGTCTTCACGTGCGAGTGGC,0,3084
TSS_1414_storz_regulondb,0.14285714285714285,6,6,CGTCTATAGTCTTAAATGTA,0,53893
TSS_1414_storz_regulondb,0.14285714285714285,6,6,CGTCGTGTACCATCAAAGTG,0,10857
TSS_1414_storz_regulondb,0.14285714285714285,6,6,CGTCGTGGGTACTTAAACCA,0,7550
TSS_1414_storz_regulondb,0.14285714285714285,6,6,CGTCGTCCTTCGTCAAGCGT,0,76094
TSS_1414_storz_regulondb,0.14285714285714285,6,6,CGTCGGCCCGAGGTTACCTG,0,40533
TSS_1414_storz_regulondb,0.14285714285714285,6,6,CGTCCTACGTCCCTCGGTTA,0,76098
TSS_1414_storz_regulondb,0.14285714285714285,6,6,CGTATCCCCCCCTACTACAC,0,1904
TSS_1414_storz_regulondb,0.14285714285714285,6,6,CGTATATTGCTTCCGGGACG,0,16216
TSS_1414_storz_regulondb,0.14285714285714285,6,6,CGTAGGGCAATTCAGGGTAA,0,8378
TSS_1414_storz_regulondb,0.14285714285714285,6,6,CGTAGCACGGTTCTTAGTCG,0,67009
TSS_1414_storz_regulondb,0.14285714285714285,6,6,CGTACTACTTCATGGAGAGA,0,73613
TSS_1414_storz_regulondb,0.14285714285714285,6,6,CGTACGCCGCGGTCATCTCA,0,43299
TSS_1414_storz_regulondb,0.14285714285714285,6,6,CGTACACGACGGGGTCAAAG,0,13857
TSS_1414_storz_regulondb,0.14285714285714285,6,6,CGTACACGAATCCTCACGAT,0,28447
TSS_1414_storz_regulondb,0.14285714285714285,6,6,CGTAAAGGCCAATAAGGAGC,0,24406
TSS_1414_storz_regulondb,0.14285714285714285,6,6,CGGTGGGTAGTGCTTAAAGA,0,75069
TSS_1414_storz_regulondb,0.14285714285714285,6,6,CGGTACGGGGGAATTGCTTG,0,1603
TSS_1414_storz_regulondb,0.14285714285714285,6,6,CGGTAACCAAACGTGCGCTC,0,45447
TSS_1414_storz_regulondb,0.14285714285714285,6,6,CGGTAAAATTAGCTTCCTTT,0,75390
TSS_1414_storz_regulondb,0.14285714285714285,6,6,CGGGTGGGGCATCCTGCTCT,0,15009
TSS_1414_storz_regulondb,0.14285714285714285,6,6,CGGGTCGTCCTCCCAATTGT,0,72142
TSS_1414_storz_regulondb,0.14285714285714285,6,6,CGGGGTACTCGATTCGTCAA,0,28446
TSS_1414_storz_regulondb,0.14285714285714285,6,6,CGGGGTAACCCGCCTTGCCT,0,15214
TSS_1414_storz_regulondb,0.14285714285714285,6,6,CGGGGAGGCACCTTCAGACG,0,65038
TSS_1414_storz_regulondb,0.14285714285714285,6,6,CGGGATCAATGGTACTGTTG,0,19014
TSS_1414_storz_regulondb,0.14285714285714285,6,6,CGGCGCCGGGAAAACCTTAG,0,28123
TSS_1414_storz_regulondb,0.14285714285714285,6,6,CGGCAGGTCGTATCTAAAAC,0,61059
TSS_1414_storz_regulondb,0.14285714285714285,6,6,CGGATGAAGAGAGCGGTGTA,0,33682
TSS_1414_storz_regulondb,0.14285714285714285,6,6,CGGAGTCAATCCGATGGTTA,0,54371
TSS_1414_storz_regulondb,0.14285714285714285,6,6,CGGAAGCAGAGAAAGCTACT,0,63671
TSS_1414_storz_regulondb,0.14285714285714285,6,6,CGCTTCGTCCTGGATCAGTC,0,8367
TSS_1414_storz_regulondb,0.14285714285714285,6,6,CGCTTCCGTGGGGAGGGGAC,0,66892
TSS_1414_storz_regulondb,0.14285714285714285,6,6,CGCTTCATGATACTATTCAG,0,75916
TSS_1414_storz_regulondb,0.14285714285714285,6,6,CGCTTCAGTTGGATTTCACA,0,62297
TSS_1414_storz_regulondb,0.14285714285714285,6,6,CGCTGGCCGCCCCCGGCCAA,0,36310
TSS_1414_storz_regulondb,0.14285714285714285,6,6,CGCTATGGTTCTAATGATTT,0,66648
TSS_1414_storz_regulondb,0.14285714285714285,6,6,CGCGTGTTCCGCAGCCAAGT,0,38417
TSS_1414_storz_regulondb,0.14285714285714285,6,6,CGCGGTAGCACACTAACCAA,0,23332
TSS_1414_storz_regulondb,0.14285714285714285,6,6,CGCGGGGATTAGTGTCGCTC,0,65865
TSS_1414_storz_regulondb,0.14285714285714285,6,6,CGCGCCCTCAGGAGGAACGC,0,3503
TSS_1414_storz_regulondb,0.14285714285714285,6,6,CGCGAGTGAAATCGTTCGGT,0,10
TSS_1414_storz_regulondb,0.14285714285714285,6,6,CGCCTGCTTGAAAATGCTTA,0,22277
TSS_1414_storz_regulondb,0.14285714285714285,6,6,CGCCTCGAACCGCTGCGTAT,0,69179
TSS_1414_storz_regulondb,0.14285714285714285,6,6,CGCCGCCGGACTGGGGCGTG,0,54459
TSS_1414_storz_regulondb,0.14285714285714285,6,6,CGCCCACTGAAGAACAAGTT,0,59230
TSS_1414_storz_regulondb,0.14285714285714285,6,6,CGCCAGGTCCCACGTTTACA,0,77340
TSS_1414_storz_regulondb,0.14285714285714285,6,6,CGCATCTGCCGATGGCAGAA,0,64234
TSS_1414_storz_regulondb,0.14285714285714285,6,6,CGCAGTAGCCTTTAGGCACT,0,70291
TSS_1414_storz_regulondb,0.14285714285714285,6,6,CGCAGCGTGGCAGGACCTCA,0,52275
TSS_1414_storz_regulondb,0.14285714285714285,6,6,CGCACGGGTCAGTCGGGTCA,0,74949
TSS_1414_storz_regulondb,0.14285714285714285,6,6,CGCACGGGTAGGCGGGATGG,0,15945
TSS_1414_storz_regulondb,0.14285714285714285,6,6,CGCACATGCGACCCCTGTCA,0,33877
TSS_1414_storz_regulondb,0.14285714285714285,6,6,CGCAATATGACGGAGGTCTA,0,37283
TSS_1414_storz_regulondb,0.14285714285714285,6,6,CGCAAAGATTTACGGCAGAC,0,13915
TSS_1414_storz_regulondb,0.14285714285714285,6,6,CGATGTGACCTTGTTCCCCC,0,23128
TSS_1414_storz_regulondb,0.14285714285714285,6,6,CGATGGAATTGTTACACCAT,0,70739
TSS_1414_storz_regulondb,0.14285714285714285,6,6,CGATCGAGGGGGAACTAGCA,0,16749
TSS_1414_storz_regulondb,0.14285714285714285,6,6,CGATCCAGCACGGGGTTTTT,0,80614
TSS_1414_storz_regulondb,0.14285714285714285,6,6,CGATACACCAATTAGTAATG,0,25043
TSS_1414_storz_regulondb,0.14285714285714285,6,6,CGAGGCGGACTTGTAGATGC,0,12213
TSS_1414_storz_regulondb,0.14285714285714285,6,6,CGAGCTAAATACGCTCTACG,0,7324
TSS_1414_storz_regulondb,0.14285714285714285,6,6,CGAGATTAGAAAGGTTGTGT,0,48349
TSS_1414_storz_regulondb,0.14285714285714285,6,6,CGAGAATTCCCAGTAGCTGT,0,25428
TSS_1414_storz_regulondb,0.14285714285714285,6,6,CGACTACAGAAACGAGATCG,0,18742
TSS_1414_storz_regulondb,0.14285714285714285,6,6,CGACCTACGAGTTCGGACCA,0,67774
TSS_1414_storz_regulondb,0.14285714285714285,6,6,CGACCGGGTCTTAGGTAAAG,0,17544
TSS_1414_storz_regulondb,0.14285714285714285,6,6,CGACCGCGCGAATTCGGATA,0,4974
TSS_1414_storz_regulondb,0.14285714285714285,6,6,CGACATCTGTTGACGTCCCA,0,57434
TSS_1414_storz_regulondb,0.14285714285714285,6,6,CGAAGTTGGCCGAGCTCCGT,0,47284
TSS_1414_storz_regulondb,0.14285714285714285,6,6,CGAAGGCCAGAGAGCTTCCA,0,4467
TSS_1414_storz_regulondb,0.14285714285714285,6,6,CGAAGAAGTATTATTAAGGT,0,23325
TSS_1414_storz_regulondb,0.14285714285714285,6,6,CCTTTGCACGATAAAATCGA,0,36410
TSS_1414_storz_regulondb,0.14285714285714285,6,6,CCTTGCCCCGACGATGTTTC,0,43002
TSS_1414_storz_regulondb,0.14285714285714285,6,6,CCTTCGTATGTAACGTGCCT,0,52493
TSS_1414_storz_regulondb,0.14285714285714285,6,6,CCTTCGCGACGCGTAAGGAC,0,22937
TSS_1414_storz_regulondb,0.14285714285714285,6,6,CCTTCCGAGGGCAAAAATGC,0,54761
TSS_1414_storz_regulondb,0.14285714285714285,6,6,CCTTAGTTTCCGTGTTGCTG,0,7451
TSS_1414_storz_regulondb,0.14285714285714285,6,6,CCTGGTGCAATGTTGTACTT,0,75496
TSS_1414_storz_regulondb,0.14285714285714285,6,6,CCTCTGGCTTGACCAGAAGA,0,19858
TSS_1414_storz_regulondb,0.14285714285714285,6,6,CCTCGGCATGATAGGCGTCG,0,28881
TSS_1414_storz_regulondb,0.14285714285714285,6,6,CCTCGACAAGTCCGGCAGAC,0,11305
TSS_1414_storz_regulondb,0.14285714285714285,6,6,CCTACGGCACGTATTTGGTG,0,53901
TSS_1414_storz_regulondb,0.14285714285714285,6,6,CCTACCCATCCGCCAGAGCG,0,57804
TSS_1414_storz_regulondb,0.14285714285714285,6,6,CCTAACCGCCGCAACTCTAG,0,36780
TSS_1414_storz_regulondb,0.14285714285714285,6,6,CCGTTCACATCGGCGGTTGA,0,22979
TSS_1414_storz_regulondb,0.14285714285714285,6,6,CCGTCTTAATTCCGGCTGAG,0,54506
TSS_1414_storz_regulondb,0.14285714285714285,6,6,CCGTCCTTGGTTCTCCCCAG,0,38052
TSS_1414_storz_regulondb,0.14285714285714285,6,6,CCGTCCCGATTGTTTAAGCA,0,39162
TSS_1414_storz_regulondb,0.14285714285714285,6,6,CCGTAATTCTCTTGATATTC,0,59593
TSS_1414_storz_regulondb,0.14285714285714285,6,6,CCGTAACGATGCGGATAGTG,0,10489
TSS_1414_storz_regulondb,0.14285714285714285,6,6,CCGGTGTTACTAGATCAGAT,0,76959
TSS_1414_storz_regulondb,0.14285714285714285,6,6,CCGGTCTCATAGTACGGACC,0,50731
TSS_1414_storz_regulondb,0.14285714285714285,6,6,CCGGTCGTAATCGATGATGT,0,80583
TSS_1414_storz_regulondb,0.14285714285714285,6,6,CCGGGTTAGTGGAGAATAGC,0,40694
TSS_1414_storz_regulondb,0.14285714285714285,6,6,CCGGGTGCCGCTTTACAGAA,0,3156
TSS_1414_storz_regulondb,0.14285714285714285,6,6,CCGGGACCTCTGCCTTCAAA,0,49202
TSS_1414_storz_regulondb,0.14285714285714285,6,6,CCGCCGGCGCTTAAATCGGG,0,58845
TSS_1414_storz_regulondb,0.14285714285714285,6,6,CCGCCACCACCACACCGTCT,0,72912
TSS_1414_storz_regulondb,0.14285714285714285,6,6,CCGCAAATTCATATTCGATC,0,33874
TSS_1414_storz_regulondb,0.14285714285714285,6,6,CCGATTATCGGTACTCCACT,0,8268
TSS_1414_storz_regulondb,0.14285714285714285,6,6,CCGATTAATACCAATCGTAT,0,17885
TSS_1414_storz_regulondb,0.14285714285714285,6,6,CCGATAAAGACTGATGCCGT,0,73594
TSS_1414_storz_regulondb,0.14285714285714285,6,6,CCGACATATTTCAACTTTGT,0,37149
TSS_1414_storz_regulondb,0.14285714285714285,6,6,CCGAATCGTGTCTTGCGACA,0,46096
TSS_1414_storz_regulondb,0.14285714285714285,6,6,CCCTGTTGTTCATTGTGTTG,0,66968
TSS_1414_storz_regulondb,0.14285714285714285,6,6,CCCTGGTGGGGTTCAAAGAG,0,56560
TSS_1414_storz_regulondb,0.14285714285714285,6,6,CCCTCTGTGTCCGCAAATGC,0,17254
TSS_1414_storz_regulondb,0.14285714285714285,6,6,CCCTATGACTCGTTGTGTCA,0,9237
TSS_1414_storz_regulondb,0.14285714285714285,6,6,CCCGTGATCAGACTTCCATG,0,18542
TSS_1414_storz_regulondb,0.14285714285714285,6,6,CCCGGTCGCAGGCAAGTGAT,0,36425
TSS_1414_storz_regulondb,0.14285714285714285,6,6,CCCGGCCTACATATTATCGT,0,58372
TSS_1414_storz_regulondb,0.14285714285714285,6,6,CCCGCTATGGATTGTAACGA,0,55038
TSS_1414_storz_regulondb,0.14285714285714285,6,6,CCCGCGACTGCGCTAGACTT,0,56529
TSS_1414_storz_regulondb,0.14285714285714285,6,6,CCCCGGGTTAGAGCTCATCG,0,17346
TSS_1414_storz_regulondb,0.14285714285714285,6,6,CCCCGACTTACCATTAACTA,0,61359
TSS_1414_storz_regulondb,0.14285714285714285,6,6,CCCCAGTTTATTGAATCCAG,0,68381
TSS_1414_storz_regulondb,0.14285714285714285,6,6,CCCATAGACCGTCTAGAGCG,0,2098
TSS_1414_storz_regulondb,0.14285714285714285,6,6,CCCAGTCGGTATGGACGATC,0,34979
TSS_1414_storz_regulondb,0.14285714285714285,6,6,CCCAGTAGTTCGCCTATCCT,0,76435
TSS_1414_storz_regulondb,0.14285714285714285,6,6,CCCAGGAGCAAGTAGAGTAT,0,48503
TSS_1414_storz_regulondb,0.14285714285714285,6,6,CCCACTCTGCCCTAGCGCGC,0,46945
TSS_1414_storz_regulondb,0.14285714285714285,6,6,CCCACGAATGGGGGAGGTGA,0,16075
TSS_1414_storz_regulondb,0.14285714285714285,6,6,CCATGTGGTCACCATTCTGG,0,11496
TSS_1414_storz_regulondb,0.14285714285714285,6,6,CCATGAACATCAGCGAAGAG,0,14146
TSS_1414_storz_regulondb,0.14285714285714285,6,6,CCATCTGGCCAGAGGACACT,0,29079
TSS_1414_storz_regulondb,0.14285714285714285,6,6,CCAGTGGATAGGTACGTGGC,0,72885
TSS_1414_storz_regulondb,0.14285714285714285,6,6,CCAGGATGTTCGTACTATGT,0,64931
TSS_1414_storz_regulondb,0.14285714285714285,6,6,CCAGCTTCTTAGTGAATGCC,0,44922
TSS_1414_storz_regulondb,0.14285714285714285,6,6,CCAGCAACAACTTGGCACTA,0,70388
TSS_1414_storz_regulondb,0.14285714285714285,6,6,CCAGAGCTTGTTCATTTCGT,0,53761
TSS_1414_storz_regulondb,0.14285714285714285,6,6,CCACGAGGTCGCATACCCTT,0,13763
TSS_1414_storz_regulondb,0.14285714285714285,6,6,CCAATCGACAGGCGCGTCAG,0,46183
TSS_1414_storz_regulondb,0.14285714285714285,6,6,CCAAGTGGTGGGGTGTTGGT,0,68024
TSS_1414_storz_regulondb,0.14285714285714285,6,6,CCAAGATCCGCAGGGCCGCT,0,45323
TSS_1414_storz_regulondb,0.14285714285714285,6,6,CCAAATAATCGGGGGTAAAG,0,48008
TSS_1414_storz_regulondb,0.14285714285714285,6,6,CCAAACAACTCGAAATCGAT,0,80464
TSS_1414_storz_regulondb,0.14285714285714285,6,6,CATTTGCGACATTATAGCGT,0,10367
TSS_1414_storz_regulondb,0.14285714285714285,6,6,CATTTATGCTTACGTAAGAC,0,74357
TSS_1414_storz_regulondb,0.14285714285714285,6,6,CATTGCCTTTACGACAATTT,0,77351
TSS_1414_storz_regulondb,0.14285714285714285,6,6,CATTACGTCTAAGCTCCAAA,0,19184
TSS_1414_storz_regulondb,0.14285714285714285,6,6,CATGTCACTGGCTTACCCCA,0,4860
TSS_1414_storz_regulondb,0.14285714285714285,6,6,CATGGTTATGCTCCATTGTA,0,69336
TSS_1414_storz_regulondb,0.14285714285714285,6,6,CATGGTAGAATCTCGACGGT,0,34606
TSS_1414_storz_regulondb,0.14285714285714285,6,6,CATGCACACAGCACAAGACG,0,78716
TSS_1414_storz_regulondb,0.14285714285714285,6,6,CATGAGTCTCTTTGGGGGAG,0,39546
TSS_1414_storz_regulondb,0.14285714285714285,6,6,CATCTGTTTAGATGCTATTA,0,71199
TSS_1414_storz_regulondb,0.14285714285714285,6,6,CATCTCGAATATGCAGTGAG,0,57118
TSS_1414_storz_regulondb,0.14285714285714285,6,6,CATCGCTTCCGCGATACGCG,0,16307
TSS_1414_storz_regulondb,0.14285714285714285,6,6,CATCGAAGATTGAGCATGCG,0,61257
TSS_1414_storz_regulondb,0.14285714285714285,6,6,CATCAGCTAAAGGAACGCTC,0,32367
TSS_1414_storz_regulondb,0.14285714285714285,6,6,CATACATAACAGTAAGGACT,0,80612
TSS_1414_storz_regulondb,0.14285714285714285,6,6,CAGTGTTTGTCCCCTAGGGC,0,58445
TSS_1414_storz_regulondb,0.14285714285714285,6,6,CAGTGTTGTAAGTGTATCGA,0,72561
TSS_1414_storz_regulondb,0.14285714285714285,6,6,CAGTGTTCAGTATCTTTACC,0,60604
TSS_1414_storz_regulondb,0.14285714285714285,6,6,CAGTGTCATGGGAGGTGGAT,0,43848
TSS_1414_storz_regulondb,0.14285714285714285,6,6,CAGTCAATTCCACGGAGGTT,0,50867
TSS_1414_storz_regulondb,0.14285714285714285,6,6,CAGGTCGTTGCAAAGTGCTC,0,5757
TSS_1414_storz_regulondb,0.14285714285714285,6,6,CAGGGTGGATCATACGGTCC,0,63233
TSS_1414_storz_regulondb,0.14285714285714285,6,6,CAGGGGGAATACTACCTCTC,0,5117
TSS_1414_storz_regulondb,0.14285714285714285,6,6,CAGGCACGGAGCCTGATAAC,0,24305
TSS_1414_storz_regulondb,0.14285714285714285,6,6,CAGGAGCTTCGTAGAGAACC,0,36956
TSS_1414_storz_regulondb,0.14285714285714285,6,6,CAGCTAAATAACAACGGCCA,0,41407
TSS_1414_storz_regulondb,0.14285714285714285,6,6,CAGCGATTAGAAGCAATTGT,0,39592
TSS_1414_storz_regulondb,0.14285714285714285,6,6,CAGCCACCTGATACAATCTC,0,44609
TSS_1414_storz_regulondb,0.14285714285714285,6,6,CAGCAGTAGATACTACGTCA,0,73592
TSS_1414_storz_regulondb,0.14285714285714285,6,6,CAGCAGGAGGCCTATAGACA,0,61396
TSS_1414_storz_regulondb,0.14285714285714285,6,6,CAGCACAGTATTCAGCAAGA,0,50739
TSS_1414_storz_regulondb,0.14285714285714285,6,6,CAGAGATTGCGTGTACAACA,0,80671
TSS_1414_storz_regulondb,0.14285714285714285,6,6,CAGAAGCAAAGGAATGCCGA,0,41937
TSS_1414_storz_regulondb,0.14285714285714285,6,6,CAGAAGATTTACCTCATTAT,0,6164
TSS_1414_storz_regulondb,0.14285714285714285,6,6,CACTTTTGCTCGACTAGCCG,0,27367
TSS_1414_storz_regulondb,0.14285714285714285,6,6,CACTTTAAACGGGGTTGGTT,0,17041
TSS_1414_storz_regulondb,0.14285714285714285,6,6,CACTTCTCGTATTCAGGAAA,0,27104
TSS_1414_storz_regulondb,0.14285714285714285,6,6,CACTCCCGCACGCACTAGAT,0,65523
TSS_1414_storz_regulondb,0.14285714285714285,6,6,CACGTGTGACACCATCTGCA,0,45054
TSS_1414_storz_regulondb,0.14285714285714285,6,6,CACGTGGTTGGAGCTAGGCA,0,23652
TSS_1414_storz_regulondb,0.14285714285714285,6,6,CACGTGGGAATAGGCTCTAC,0,68319
TSS_1414_storz_regulondb,0.14285714285714285,6,6,CACGGCATAGGGCTGTTGTG,0,77187
TSS_1414_storz_regulondb,0.14285714285714285,6,6,CACGCTTAGCATTGGGGCAT,0,3623
TSS_1414_storz_regulondb,0.14285714285714285,6,6,CACGATTCGCTCATGAATGT,0,15507
TSS_1414_storz_regulondb,0.14285714285714285,6,6,CACGAGTCGTCACCGCAAGT,0,3455
TSS_1414_storz_regulondb,0.14285714285714285,6,6,CACCTGCTTCTGGAACTCAA,0,23906
TSS_1414_storz_regulondb,0.14285714285714285,6,6,CACCGGCAGGGGTAATTACT,0,35543
TSS_1414_storz_regulondb,0.14285714285714285,6,6,CACCGAAGGACGTTTTATAA,0,45795
TSS_1414_storz_regulondb,0.14285714285714285,6,6,CACCCCGCGGGAGGCTGGTA,0,6329
TSS_1414_storz_regulondb,0.14285714285714285,6,6,CACCAAATCGAGGATGAACC,0,77833
TSS_1414_storz_regulondb,0.14285714285714285,6,6,CACATTCCTGAGCTTCTGTC,0,1915
TSS_1414_storz_regulondb,0.14285714285714285,6,6,CACATCAAGAAGCCTGGTGG,0,61300
TSS_1414_storz_regulondb,0.14285714285714285,6,6,CACAGAAGATCTAGGCTTCC,0,7546
TSS_1414_storz_regulondb,0.14285714285714285,6,6,CACAGAACGCATATCGAGGA,0,20767
TSS_1414_storz_regulondb,0.14285714285714285,6,6,CACACCTTATCTAATACCGG,0,12025
TSS_1414_storz_regulondb,0.14285714285714285,6,6,CACAATGGGGGAATGCTTGG,0,12180
TSS_1414_storz_regulondb,0.14285714285714285,6,6,CAATTTGATATAACCCTCGT,0,2466
TSS_1414_storz_regulondb,0.14285714285714285,6,6,CAAGGTCTACTCGCGGACTA,0,77971
TSS_1414_storz_regulondb,0.14285714285714285,6,6,CAAGGCCGTCCGATCAATTG,0,44657
TSS_1414_storz_regulondb,0.14285714285714285,6,6,CAAGCAAGGAGCGATGGTGA,0,13837
TSS_1414_storz_regulondb,0.14285714285714285,6,6,CAACGTGGCGGTTTATGACT,0,32093
TSS_1414_storz_regulondb,0.14285714285714285,6,6,CAACGTCAGACAGTTGTGCC,0,61088
TSS_1414_storz_regulondb,0.14285714285714285,6,6,CAACCATCGTACTCACGGGT,0,77159
TSS_1414_storz_regulondb,0.14285714285714285,6,6,CAACACTCAGGCGGGGAGTT,0,75170
TSS_1414_storz_regulondb,0.14285714285714285,6,6,CAACACGATGGTTGTCTCGT,0,19397
TSS_1414_storz_regulondb,0.14285714285714285,6,6,CAAAGTCGCTCAAACTAAGT,0,16292
TSS_1414_storz_regulondb,0.14285714285714285,6,6,CAAAGCTTCCCCGAGCCAGT,0,3444
TSS_1414_storz_regulondb,0.14285714285714285,6,6,CAAAGAGTCGATTAATATCG,0,43026
TSS_1414_storz_regulondb,0.14285714285714285,6,6,CAAACCTATCCAATAGAGAT,0,43620
TSS_1414_storz_regulondb,0.14285714285714285,6,6,ATTTGTTTCGGATAAGCGAC,0,64773
TSS_1414_storz_regulondb,0.14285714285714285,6,6,ATTTCTAGTCGTACACTTTG,0,19318
TSS_1414_storz_regulondb,0.14285714285714285,6,6,ATTTCCTCCACATATGGCAG,0,16695
TSS_1414_storz_regulondb,0.14285714285714285,6,6,ATTTATGTGTTTTGGAGAGT,0,29407
TSS_1414_storz_regulondb,0.14285714285714285,6,6,ATTGTGGATTGTTTTGTTAT,0,75144
TSS_1414_storz_regulondb,0.14285714285714285,6,6,ATTGTGCGAGTTACCCCGGG,0,78604
TSS_1414_storz_regulondb,0.14285714285714285,6,6,ATTGGTTAATTGGTCTGTCA,0,46881
TSS_1414_storz_regulondb,0.14285714285714285,6,6,ATTGGCTGATCACGTCTTCT,0,28011
TSS_1414_storz_regulondb,0.14285714285714285,6,6,ATTGCTAGCATCTTCCCGGA,0,56433
TSS_1414_storz_regulondb,0.14285714285714285,6,6,ATTGCGAGTATCCCAGGGAG,0,61420
TSS_1414_storz_regulondb,0.14285714285714285,6,6,ATTGATGCTTGGACCGATAA,0,3024
TSS_1414_storz_regulondb,0.14285714285714285,6,6,ATTCGGCTTTCCGTCCTCCC,0,79355
TSS_1414_storz_regulondb,0.14285714285714285,6,6,ATTATAGTCAGAAGCGCCTT,0,31533
TSS_1414_storz_regulondb,0.14285714285714285,6,6,ATTACAACCGAGCGGCTCAA,0,12337
TSS_1414_storz_regulondb,0.14285714285714285,6,6,ATTAACGATTTACAAAGTGA,0,13048
TSS_1414_storz_regulondb,0.14285714285714285,6,6,ATGTTTCTTAGTTGATCTAA,0,43066
TSS_1414_storz_regulondb,0.14285714285714285,6,6,ATGTTAACAATCTGTGACTT,0,59221
TSS_1414_storz_regulondb,0.14285714285714285,6,6,ATGTGCTCGTATTAAAGTAT,0,72266
TSS_1414_storz_regulondb,0.14285714285714285,6,6,ATGTCATTTAGAGAGAGCAG,0,44668
TSS_1414_storz_regulondb,0.14285714285714285,6,6,ATGGGTCAGAAGTAAGTAGG,0,79397
TSS_1414_storz_regulondb,0.14285714285714285,6,6,ATGGGATTATAATTACTGTA,0,45949
TSS_1414_storz_regulondb,0.14285714285714285,6,6,ATGGCAAACGCTGACTTGTG,0,51114
TSS_1414_storz_regulondb,0.14285714285714285,6,6,ATGCTTACATTACAGCGCGT,0,29310
TSS_1414_storz_regulondb,0.14285714285714285,6,6,ATGCGGGTGCTGGGTTTGCA,0,17407
TSS_1414_storz_regulondb,0.14285714285714285,6,6,ATGCGAATTAGCACTTACGG,0,49416
TSS_1414_storz_regulondb,0.14285714285714285,6,6,ATGCAGAGACTCAGGTAGAC,0,17540
TSS_1414_storz_regulondb,0.14285714285714285,6,6,ATGAGAACCGCTTACTGGCC,0,30227
TSS_1414_storz_regulondb,0.14285714285714285,6,6,ATGAATCAATTCAAACAGTC,0,53532
TSS_1414_storz_regulondb,0.14285714285714285,6,6,ATCTTGAGTCAGGTATGATA,0,49891
TSS_1414_storz_regulondb,0.14285714285714285,6,6,ATCTGTGGCGATCAGACCAA,0,38053
TSS_1414_storz_regulondb,0.14285714285714285,6,6,ATCTGCTACAAAACGGGGCA,0,26063
TSS_1414_storz_regulondb,0.14285714285714285,6,6,ATCTATATGCAACTCCAGTG,0,78413
TSS_1414_storz_regulondb,0.14285714285714285,6,6,ATCTAAAGGCCGCTTACTAG,0,53033
TSS_1414_storz_regulondb,0.14285714285714285,6,6,ATCGGTTAAGACGCAGTATG,0,60472
TSS_1414_storz_regulondb,0.14285714285714285,6,6,ATCGGCCTTTGTATCTTTAA,0,78970
TSS_1414_storz_regulondb,0.14285714285714285,6,6,ATCGCTTTGGGGGGCCATCA,0,13131
TSS_1414_storz_regulondb,0.14285714285714285,6,6,ATCGATACACCTTCACATGA,0,8501
TSS_1414_storz_regulondb,0.14285714285714285,6,6,ATCGAATCGTCAGTACTCAG,0,68831
TSS_1414_storz_regulondb,0.14285714285714285,6,6,ATCCTGTGGATCCTTGCGAT,0,66119
TSS_1414_storz_regulondb,0.14285714285714285,6,6,ATCCTAGGGTTCACAACTGC,0,19649
TSS_1414_storz_regulondb,0.14285714285714285,6,6,ATCCGTCGTGCATGGGACAC,0,49027
TSS_1414_storz_regulondb,0.14285714285714285,6,6,ATCCCCGCGCGAGCAGATGT,0,52295
TSS_1414_storz_regulondb,0.14285714285714285,6,6,ATCCATTGGAGGAAGTGCCT,0,21999
TSS_1414_storz_regulondb,0.14285714285714285,6,6,ATCCAGGACCGGGCACACAC,0,54029
TSS_1414_storz_regulondb,0.14285714285714285,6,6,ATCATGCTCTGTGTTGGTTA,0,48979
TSS_1414_storz_regulondb,0.14285714285714285,6,6,ATCATACCAGGACCGGTTGA,0,47326
TSS_1414_storz_regulondb,0.14285714285714285,6,6,ATCAGTTGGGCCGGCCGCTT,0,1174
TSS_1414_storz_regulondb,0.14285714285714285,6,6,ATCACGCGGACCACGTGTAA,0,35340
TSS_1414_storz_regulondb,0.14285714285714285,6,6,ATCACGCCCAGAGTAGTCCT,0,35221
TSS_1414_storz_regulondb,0.14285714285714285,6,6,ATATCTGCAACCTGGGTGGA,0,79238
TSS_1414_storz_regulondb,0.14285714285714285,6,6,ATATCGGCGTACAAGGTGGG,0,1746
TSS_1414_storz_regulondb,0.14285714285714285,6,6,ATATCGAGGTTACATCCGTT,0,35052
TSS_1414_storz_regulondb,0.14285714285714285,6,6,ATATCAAGCACCTGGTCCCG,0,31448
TSS_1414_storz_regulondb,0.14285714285714285,6,6,ATAGTGTTAATACGTCAGGT,0,42880
TSS_1414_storz_regulondb,0.14285714285714285,6,6,ATAGGTTGTAGACGTTGAAA,0,6265
TSS_1414_storz_regulondb,0.14285714285714285,6,6,ATAGGTGATTATAGAGGACG,0,43047
TSS_1414_storz_regulondb,0.14285714285714285,6,6,ATAGGACAAACGCGTCTAGA,0,23630
TSS_1414_storz_regulondb,0.14285714285714285,6,6,ATAGCAAGTAACCGTCGCGC,0,79340
TSS_1414_storz_regulondb,0.14285714285714285,6,6,ATAGATTTAAATAGATCGAC,0,15449
TSS_1414_storz_regulondb,0.14285714285714285,6,6,ATAGATGTCATCCTAGCAGA,0,67433
TSS_1414_storz_regulondb,0.14285714285714285,6,6,ATAGATCAACGTAAAGGTAA,0,44618
TSS_1414_storz_regulondb,0.14285714285714285,6,6,ATAGACAAGGTGGTACTATA,0,28109
TSS_1414_storz_regulondb,0.14285714285714285,6,6,ATACTGGCAAGCGAAGAGCC,0,6687
TSS_1414_storz_regulondb,0.14285714285714285,6,6,ATACTGATGTTCGACAACGT,0,51970
TSS_1414_storz_regulondb,0.14285714285714285,6,6,ATACGATAGATTCAGGAAGC,0,36749
TSS_1414_storz_regulondb,0.14285714285714285,6,6,ATACGACCTCTGAAAGCATT,0,17941
TSS_1414_storz_regulondb,0.14285714285714285,6,6,ATACATCTCTATGTACCGAT,0,72000
TSS_1414_storz_regulondb,0.14285714285714285,6,6,ATACACAGAAATGATCCCCC,0,13829
TSS_1414_storz_regulondb,0.14285714285714285,6,6,ATACAAGGCCCGCCGAGAGC,0,11078
TSS_1414_storz_regulondb,0.14285714285714285,6,6,ATAATGAAGTTTTTGTCGGA,0,47154
TSS_1414_storz_regulondb,0.14285714285714285,6,6,ATAAGTTGGAGGTAATTTCA,0,47851
TSS_1414_storz_regulondb,0.14285714285714285,6,6,ATAACCCGCATTAAAGCAAT,0,45771
TSS_1414_storz_regulondb,0.14285714285714285,6,6,ATAAATATGACTGAGTCGCA,0,78876
TSS_1414_storz_regulondb,0.14285714285714285,6,6,AGTTGGGAAGTTACCACTGG,0,29008
TSS_1414_storz_regulondb,0.14285714285714285,6,6,AGTTCCAACAAAGACTCTAT,0,57882
TSS_1414_storz_regulondb,0.14285714285714285,6,6,AGTTAGAGTAGCAGAGTACT,0,36500
TSS_1414_storz_regulondb,0.14285714285714285,6,6,AGTGGATATGTCAACCTACA,0,65632
TSS_1414_storz_regulondb,0.14285714285714285,6,6,AGTGCGTACTGGATGAACTG,0,22599
TSS_1414_storz_regulondb,0.14285714285714285,6,6,AGTGAACCTGGTATGAATGC,0,44018
TSS_1414_storz_regulondb,0.14285714285714285,6,6,AGTAGGTCGTCTCCCTTTGA,0,75070
TSS_1414_storz_regulondb,0.14285714285714285,6,6,AGTAGACTTCGGCGGATGCG,0,38127
TSS_1414_storz_regulondb,0.14285714285714285,6,6,AGGTCTTGGCCGGCGGAAAA,0,41695
TSS_1414_storz_regulondb,0.14285714285714285,6,6,AGGTCCTCAGCTCCGGGGTT,0,19662
TSS_1414_storz_regulondb,0.14285714285714285,6,6,AGGGTGATGTCGATTGAATA,0,60917
TSS_1414_storz_regulondb,0.14285714285714285,6,6,AGGGGAAATCAGGGCAGAAG,0,47532
TSS_1414_storz_regulondb,0.14285714285714285,6,6,AGGGCTGTATCCATCGCGGG,0,11257
TSS_1414_storz_regulondb,0.14285714285714285,6,6,AGGGCCGTTAGGACGGATAA,0,67948
TSS_1414_storz_regulondb,0.14285714285714285,6,6,AGGGCCGTCTTGGATACAGT,0,26944
TSS_1414_storz_regulondb,0.14285714285714285,6,6,AGGGCAATCGGTAGCGAATG,0,68225
TSS_1414_storz_regulondb,0.14285714285714285,6,6,AGGCGTCTTTCACTGGTTAC,0,20048
TSS_1414_storz_regulondb,0.14285714285714285,6,6,AGGCGGGACGGGAATACCTT,0,155
TSS_1414_storz_regulondb,0.14285714285714285,6,6,AGGCGGCTGGTCTAAGGCGC,0,73271
TSS_1414_storz_regulondb,0.14285714285714285,6,6,AGGCGGCTCTTGCTGTGATT,0,42602
TSS_1414_storz_regulondb,0.14285714285714285,6,6,AGGCGGCATGAACTGTGCCC,0,43961
TSS_1414_storz_regulondb,0.14285714285714285,6,6,AGGCGCATTGCTTGTCGGAT,0,3665
TSS_1414_storz_regulondb,0.14285714285714285,6,6,AGGCCATCCGGTATGCCTCA,0,50796
TSS_1414_storz_regulondb,0.14285714285714285,6,6,AGGCAGGCCTCGCTGTATCA,0,77872
TSS_1414_storz_regulondb,0.14285714285714285,6,6,AGGCACTGTGGATACAGAGA,0,75729
TSS_1414_storz_regulondb,0.14285714285714285,6,6,AGGCAAGCATCTATACCGAT,0,16762
TSS_1414_storz_regulondb,0.14285714285714285,6,6,AGGACTCAGGACTTTCAGCT,0,60496
TSS_1414_storz_regulondb,0.14285714285714285,6,6,AGGACAGAAGTGTAAGACAG,0,70875
TSS_1414_storz_regulondb,0.14285714285714285,6,6,AGCTTTCACCGTAAGGTACA,0,23974
TSS_1414_storz_regulondb,0.14285714285714285,6,6,AGCTTTAGCATAGCTAGCAG,0,49646
TSS_1414_storz_regulondb,0.14285714285714285,6,6,AGCTTCTTCCCGGCAAATCG,0,23263
TSS_1414_storz_regulondb,0.14285714285714285,6,6,AGCTTCCAATAGGGAAGTCC,0,50055
TSS_1414_storz_regulondb,0.14285714285714285,6,6,AGCTCGATCACGTATGCGTT,0,53975
TSS_1414_storz_regulondb,0.14285714285714285,6,6,AGCGTAAGACATAGAATCCA,0,35171
TSS_1414_storz_regulondb,0.14285714285714285,6,6,AGCGGCGGTATGGTACAACG,0,3558
TSS_1414_storz_regulondb,0.14285714285714285,6,6,AGCGCTCTTTCTCGAGTTAA,0,63176
TSS_1414_storz_regulondb,0.14285714285714285,6,6,AGCGCCACGAAGGGTCCCCC,0,60504
TSS_1414_storz_regulondb,0.14285714285714285,6,6,AGCCGCTGCTGGACTTAGAC,0,40741
TSS_1414_storz_regulondb,0.14285714285714285,6,6,AGCCGACCCTCCGCTTCAGC,0,11970
TSS_1414_storz_regulondb,0.14285714285714285,6,6,AGCCCGGAACGACGAACCAG,0,54102
TSS_1414_storz_regulondb,0.14285714285714285,6,6,AGCCATTGGAGTGACCGGGA,0,29446
TSS_1414_storz_regulondb,0.14285714285714285,6,6,AGCCACTCATGGCCTTAACT,0,61689
TSS_1414_storz_regulondb,0.14285714285714285,6,6,AGCATCATTAGTACAAACGA,0,79334
TSS_1414_storz_regulondb,0.14285714285714285,6,6,AGCAGTCCTAGGCGGAAGAC,0,43310
TSS_1414_storz_regulondb,0.14285714285714285,6,6,AGCACCGTCAGCAGACGGGA,0,22209
TSS_1414_storz_regulondb,0.14285714285714285,6,6,AGCAAATTCACCCGAGGTAA,0,5333
TSS_1414_storz_regulondb,0.14285714285714285,6,6,AGATTTCGCCTAAAGGTCAG,0,47580
TSS_1414_storz_regulondb,0.14285714285714285,6,6,AGATGTAGGGGTTACAGGTT,0,1421
TSS_1414_storz_regulondb,0.14285714285714285,6,6,AGATGGCCGCTGCAAAAGGC,0,637
TSS_1414_storz_regulondb,0.14285714285714285,6,6,AGATGCTATGCGCACGAAAT,0,4356
TSS_1414_storz_regulondb,0.14285714285714285,6,6,AGATGCGCTAAAGTTTCCGG,0,26934
TSS_1414_storz_regulondb,0.14285714285714285,6,6,AGATCTGCCCCAGTTCTACG,0,21479
TSS_1414_storz_regulondb,0.14285714285714285,6,6,AGATCCGATAGGTCTATAAT,0,15517
TSS_1414_storz_regulondb,0.14285714285714285,6,6,AGATCAATCGCGACACTCGA,0,50694
TSS_1414_storz_regulondb,0.14285714285714285,6,6,AGATAGCGGTGAAATTAGAC,0,50255
TSS_1414_storz_regulondb,0.14285714285714285,6,6,AGAGTATCCGTACGCGAAGC,0,71985
TSS_1414_storz_regulondb,0.14285714285714285,6,6,AGAGCTACACCCGGTGCTAA,0,5776
TSS_1414_storz_regulondb,0.14285714285714285,6,6,AGAGATCCGCTGTCGCCAGC,0,63912
TSS_1414_storz_regulondb,0.14285714285714285,6,6,AGAGAGTATCAATTGGGTAA,0,1010
TSS_1414_storz_regulondb,0.14285714285714285,6,6,AGAGAGCTGGTGCATAAGCA,0,31175
TSS_1414_storz_regulondb,0.14285714285714285,6,6,AGAGACCACCAACAGGCGAG,0,60203
TSS_1414_storz_regulondb,0.14285714285714285,6,6,AGACTCAGCGATTGACGAAG,0,30562
TSS_1414_storz_regulondb,0.14285714285714285,6,6,AGAAGCGGCTTATCAACTAT,0,52205
TSS_1414_storz_regulondb,0.14285714285714285,6,6,AGAACTTCACCACCGATGGA,0,55033
TSS_1414_storz_regulondb,0.14285714285714285,6,6,AGAACCGGGGGCAAAGGCTT,0,54921
TSS_1414_storz_regulondb,0.14285714285714285,6,6,AGAACACTATGACCCGCAGG,0,42214
TSS_1414_storz_regulondb,0.14285714285714285,6,6,AGAAATTGCCACGAGTGCAA,0,61747
TSS_1414_storz_regulondb,0.14285714285714285,6,6,AGAAAGATCAGCTTGTTGAT,0,66740
TSS_1414_storz_regulondb,0.14285714285714285,6,6,ACTTTTCATGTGGGTCGATA,0,24113
TSS_1414_storz_regulondb,0.14285714285714285,6,6,ACTTTACCAGGTCCCCGTAG,0,53065
TSS_1414_storz_regulondb,0.14285714285714285,6,6,ACTTCTTGGGTTCTGTTCAC,0,18785
TSS_1414_storz_regulondb,0.14285714285714285,6,6,ACTTCATTCTTGGCGAAGAG,0,2107
TSS_1414_storz_regulondb,0.14285714285714285,6,6,ACTTCATCCGGGGGCCTTTA,0,28209
TSS_1414_storz_regulondb,0.14285714285714285,6,6,ACTTAGCGAGGGCGGGCAAT,0,9392
TSS_1414_storz_regulondb,0.14285714285714285,6,6,ACTTACCGATTGGGGGTATA,0,38001
TSS_1414_storz_regulondb,0.14285714285714285,6,6,ACTTACAGATTTGTGAGAAG,0,24445
TSS_1414_storz_regulondb,0.14285714285714285,6,6,ACTCTTGTTGTGGCTCGCAG,0,57404
TSS_1414_storz_regulondb,0.14285714285714285,6,6,ACTCTGTTCCATTCCCATCG,0,65636
TSS_1414_storz_regulondb,0.14285714285714285,6,6,ACTCTATGGTAGAGTTTGCT,0,54731
TSS_1414_storz_regulondb,0.14285714285714285,6,6,ACTCCCTCAGGGGAATAGAC,0,70497
TSS_1414_storz_regulondb,0.14285714285714285,6,6,ACTCAGGGTGTTATTGGCTA,0,17416
TSS_1414_storz_regulondb,0.14285714285714285,6,6,ACTCACAGTATCGTGGAGTG,0,68100
TSS_1414_storz_regulondb,0.14285714285714285,6,6,ACTAGGGTACCCCCTGGTGA,0,7346
TSS_1414_storz_regulondb,0.14285714285714285,6,6,ACTACTTGGACGGCAGGTGG,0,2367
TSS_1414_storz_regulondb,0.14285714285714285,6,6,ACTACCTTGGACAATGTGCG,0,9382
TSS_1414_storz_regulondb,0.14285714285714285,6,6,ACTAAGCGATTGCGGAGAAA,0,25664
TSS_1414_storz_regulondb,0.14285714285714285,6,6,ACGTTTTACAAACTAATCAC,0,17429
TSS_1414_storz_regulondb,0.14285714285714285,6,6,ACGTTGATAGAGCTCCACGC,0,24349
TSS_1414_storz_regulondb,0.14285714285714285,6,6,ACGTTCCAAGGCTCTCAACG,0,59107
TSS_1414_storz_regulondb,0.14285714285714285,6,6,ACGTTCACCCAAGTTGTCAA,0,65658
TSS_1414_storz_regulondb,0.14285714285714285,6,6,ACGTTATTTTGGTTGGGATC,0,56659
TSS_1414_storz_regulondb,0.14285714285714285,6,6,ACGTGGCAAGGCAAAAGGCA,0,64285
TSS_1414_storz_regulondb,0.14285714285714285,6,6,ACGTCATCCGCGCCAGTGGA,0,5899
TSS_1414_storz_regulondb,0.14285714285714285,6,6,ACGTATAAACGCGCTCAACA,0,74059
TSS_1414_storz_regulondb,0.14285714285714285,6,6,ACGGTCTCTTTGAGTCACTA,0,80944
TSS_1414_storz_regulondb,0.14285714285714285,6,6,ACGGTCAATCGGAGTCCGTA,0,36529
TSS_1414_storz_regulondb,0.14285714285714285,6,6,ACGGGCATGTAGGTGGCACA,0,31747
TSS_1414_storz_regulondb,0.14285714285714285,6,6,ACGGCCGCGATACCGAGGCA,0,75743
TSS_1414_storz_regulondb,0.14285714285714285,6,6,ACGGAGCTCCTCGTACGGTT,0,29350
TSS_1414_storz_regulondb,0.14285714285714285,6,6,ACGGAAGTTCAGGAAATCGG,0,71457
TSS_1414_storz_regulondb,0.14285714285714285,6,6,ACGCCCCTTCATGGCAGCAG,0,77560
TSS_1414_storz_regulondb,0.14285714285714285,6,6,ACGCCATGCTGGACGCCTGA,0,79041
TSS_1414_storz_regulondb,0.14285714285714285,6,6,ACGCAATCTGGCTAAGCCGT,0,39662
TSS_1414_storz_regulondb,0.14285714285714285,6,6,ACGAGGCTAGCGGGGGAAGT,0,80152
TSS_1414_storz_regulondb,0.14285714285714285,6,6,ACGAGGCGACCATTTTTGGT,0,39451
TSS_1414_storz_regulondb,0.14285714285714285,6,6,ACGAGCCAATTATTTGGTAC,0,19548
TSS_1414_storz_regulondb,0.14285714285714285,6,6,ACGACTCTCTCTTTCACTTT,0,33971
TSS_1414_storz_regulondb,0.14285714285714285,6,6,ACGACAAATAGGAAGCACCT,0,44541
TSS_1414_storz_regulondb,0.14285714285714285,6,6,ACGAACTTGACTTTTCAAAT,0,3344
TSS_1414_storz_regulondb,0.14285714285714285,6,6,ACGAACTGTGTTCCCACGTA,0,6885
TSS_1414_storz_regulondb,0.14285714285714285,6,6,ACCTTTTCACCGGGCGAAGT,0,18044
TSS_1414_storz_regulondb,0.14285714285714285,6,6,ACCTTCTTTGCAAGAACGCC,0,79343
TSS_1414_storz_regulondb,0.14285714285714285,6,6,ACCTTAGGATACGACTGGTT,0,76972
TSS_1414_storz_regulondb,0.14285714285714285,6,6,ACCTGCCAACGGTGAAGGAT,0,79335
TSS_1414_storz_regulondb,0.14285714285714285,6,6,ACCTCATCTTTTCTCTCAAC,0,35089
TSS_1414_storz_regulondb,0.14285714285714285,6,6,ACCTCAGCTACTGAAATTGA,0,40011
TSS_1414_storz_regulondb,0.14285714285714285,6,6,ACCTCAAACGATCATATCGA,0,76334
TSS_1414_storz_regulondb,0.14285714285714285,6,6,ACCTACTTAGGTATCTTCTA,0,63325
TSS_1414_storz_regulondb,0.14285714285714285,6,6,ACCCGGCTCGACGTAAGAGC,0,60605
TSS_1414_storz_regulondb,0.14285714285714285,6,6,ACCCCTCATCGTTCTGCCGG,0,80272
TSS_1414_storz_regulondb,0.14285714285714285,6,6,ACATTGTCTCTAGACGGCTA,0,40530
TSS_1414_storz_regulondb,0.14285714285714285,6,6,ACATTAGTGCAGTGGAAGTG,0,47406
TSS_1414_storz_regulondb,0.14285714285714285,6,6,ACATCGCAACCTGAAGAATC,0,55532
TSS_1414_storz_regulondb,0.14285714285714285,6,6,ACAGTTGCGCATAGACTCTG,0,27771
TSS_1414_storz_regulondb,0.14285714285714285,6,6,ACAGTCACCATTCATATTAG,0,42721
TSS_1414_storz_regulondb,0.14285714285714285,6,6,ACAGGTAAGTTGGCAACGGG,0,60803
TSS_1414_storz_regulondb,0.14285714285714285,6,6,ACAGGGACCTCGGACTTCAG,0,6343
TSS_1414_storz_regulondb,0.14285714285714285,6,6,ACAGCTTGATCGTTTAAGAC,0,23680
TSS_1414_storz_regulondb,0.14285714285714285,6,6,ACAGCTGCCAACTAATCCAT,0,35772
TSS_1414_storz_regulondb,0.14285714285714285,6,6,ACAGCTCTGGAGGGATAGTA,0,58801
TSS_1414_storz_regulondb,0.14285714285714285,6,6,ACAGCTCATCCACGTACTGT,0,75523
TSS_1414_storz_regulondb,0.14285714285714285,6,6,ACAGAGTTACATCCAAACTC,0,25154
TSS_1414_storz_regulondb,0.14285714285714285,6,6,ACACTTCACGCATTGCCAAG,0,49204
TSS_1414_storz_regulondb,0.14285714285714285,6,6,ACACTTACCCCGAGCCTTTT,0,16370
TSS_1414_storz_regulondb,0.14285714285714285,6,6,ACACGGGGCGGGCTCTAGAA,0,65052
TSS_1414_storz_regulondb,0.14285714285714285,6,6,ACACCTGCTAAGAGACTAAA,0,74216
TSS_1414_storz_regulondb,0.14285714285714285,6,6,ACACCGAACGGCGGTAACCA,0,41732
TSS_1414_storz_regulondb,0.14285714285714285,6,6,ACACAATCGGTTCTCTTTGT,0,74268
TSS_1414_storz_regulondb,0.14285714285714285,6,6,ACACAAGATGGGATCAATCT,0,78804
TSS_1414_storz_regulondb,0.14285714285714285,6,6,ACAAGCAGGTCTCCACCTAC,0,54323
TSS_1414_storz_regulondb,0.14285714285714285,6,6,ACAAGATTGCGCAAACCAGC,0,8014
TSS_1414_storz_regulondb,0.14285714285714285,6,6,ACAAATGGGCCGAGTGAATC,0,58917
TSS_1414_storz_regulondb,0.14285714285714285,6,6,ACAAAACTGTAAGCCAGCTT,0,51509
TSS_1414_storz_regulondb,0.14285714285714285,6,6,ACAAAACCACCTGCCGGCCA,0,22712
TSS_1414_storz_regulondb,0.14285714285714285,6,6,ACAAAAACGTACGCGACGGG,0,12173
TSS_1414_storz_regulondb,0.14285714285714285,6,6,AATTTGTAGACTTATAAGAA,0,6571
TSS_1414_storz_regulondb,0.14285714285714285,6,6,AATTGTGCCGTTTGCGCTTG,0,79353
TSS_1414_storz_regulondb,0.14285714285714285,6,6,AATTCTCGATATCCGGAGGT,0,5099
TSS_1414_storz_regulondb,0.14285714285714285,6,6,AATTCGGTGTTACGATATGG,0,66053
TSS_1414_storz_regulondb,0.14285714285714285,6,6,AATTACCCTTCTCATTTTAA,0,73464
TSS_1414_storz_regulondb,0.14285714285714285,6,6,AATGCATCAGCAACAGCTGC,0,23858
TSS_1414_storz_regulondb,0.14285714285714285,6,6,AATGATGATGCGATTGGGGA,0,50364
TSS_1414_storz_regulondb,0.14285714285714285,6,6,AATGAGGGTGATATACACGG,0,41979
TSS_1414_storz_regulondb,0.14285714285714285,6,6,AATCTCATAGACGGTGGTTG,0,50195
TSS_1414_storz_regulondb,0.14285714285714285,6,6,AATCCTCCACAAAGCTGCGC,0,46548
TSS_1414_storz_regulondb,0.14285714285714285,6,6,AATCCCTCGAAATAACGGGT,0,78165
TSS_1414_storz_regulondb,0.14285714285714285,6,6,AATCCCCGGAAGCCCGTTGG,0,53874
TSS_1414_storz_regulondb,0.14285714285714285,6,6,AATCATGTTTAGGTGGCATC,0,35151
TSS_1414_storz_regulondb,0.14285714285714285,6,6,AATCATGTGAATGGGACATA,0,38719
TSS_1414_storz_regulondb,0.14285714285714285,6,6,AATCAGCTAACCTGGGGCAT,0,33384
TSS_1414_storz_regulondb,0.14285714285714285,6,6,AATCACGCTCGTAGTCGCGT,0,34717
TSS_1414_storz_regulondb,0.14285714285714285,6,6,AATCAAGTGACTTCTTTAGA,0,51374
TSS_1414_storz_regulondb,0.14285714285714285,6,6,AATAGTTTCCTTGGACAGTT,0,66593
TSS_1414_storz_regulondb,0.14285714285714285,6,6,AATAGGAATCGTGTGCGTCT,0,25261
TSS_1414_storz_regulondb,0.14285714285714285,6,6,AATAGCCCGCTTATATCGAT,0,9952
TSS_1414_storz_regulondb,0.14285714285714285,6,6,AAGTTGCTCCCCAGGATAAG,0,38836
TSS_1414_storz_regulondb,0.14285714285714285,6,6,AAGTTCCTTTGCTGGTCGGT,0,47516
TSS_1414_storz_regulondb,0.14285714285714285,6,6,AAGTCCTTAGCAGATATTGT,0,1027
TSS_1414_storz_regulondb,0.14285714285714285,6,6,AAGTCCCCCCCTTCCTGATA,0,73175
TSS_1414_storz_regulondb,0.14285714285714285,6,6,AAGGTGCGGGAGGCACCAAT,0,41939
TSS_1414_storz_regulondb,0.14285714285714285,6,6,AAGGTCGTCTGGGGATATGT,0,10471
TSS_1414_storz_regulondb,0.14285714285714285,6,6,AAGGGTTTCAGGGTCATAAT,0,800
TSS_1414_storz_regulondb,0.14285714285714285,6,6,AAGGCAAGAAGAAGCTACGC,0,53748
TSS_1414_storz_regulondb,0.14285714285714285,6,6,AAGCTGGCCTAGATGGGTTA,0,35795
TSS_1414_storz_regulondb,0.14285714285714285,6,6,AAGCGCGGCACGGCAGTATA,0,75518
TSS_1414_storz_regulondb,0.14285714285714285,6,6,AAGCCAGCTCATTCCCGCGG,0,11695
TSS_1414_storz_regulondb,0.14285714285714285,6,6,AAGCACTTCCGTCTAGTGCA,0,34818
TSS_1414_storz_regulondb,0.14285714285714285,6,6,AAGATGATGTCGGTACAAGT,0,45784
TSS_1414_storz_regulondb,0.14285714285714285,6,6,AACTTACCTCAATTTACGAC,0,48317
TSS_1414_storz_regulondb,0.14285714285714285,6,6,AACTGTCACGTTAGCATTTT,0,69628
TSS_1414_storz_regulondb,0.14285714285714285,6,6,AACTGGAGTGTGAATAATGC,0,43779
TSS_1414_storz_regulondb,0.14285714285714285,6,6,AACTGCCATCTCTCTCCAGG,0,6598
TSS_1414_storz_regulondb,0.14285714285714285,6,6,AACTGAGTACTATAGTCAGA,0,55736
TSS_1414_storz_regulondb,0.14285714285714285,6,6,AACGTAATCTTATCGTTAGC,0,19189
TSS_1414_storz_regulondb,0.14285714285714285,6,6,AACGCCGGGGATAAGTGAAT,0,3518
TSS_1414_storz_regulondb,0.14285714285714285,6,6,AACGACGGTTACTATGGGTC,0,46084
TSS_1414_storz_regulondb,0.14285714285714285,6,6,AACCTACTATGGGAAGATTG,0,4521
TSS_1414_storz_regulondb,0.14285714285714285,6,6,AACCGGATCGGGCCGTATCA,0,25228
TSS_1414_storz_regulondb,0.14285714285714285,6,6,AACCGCGGGTAGCACTGAAG,0,12858
TSS_1414_storz_regulondb,0.14285714285714285,6,6,AACATTGTGCACGTCCCTGT,0,9283
TSS_1414_storz_regulondb,0.14285714285714285,6,6,AACAGGTAGGCAGAACTCAG,0,11071
TSS_1414_storz_regulondb,0.14285714285714285,6,6,AACAGCTCAGACATCGTGTT,0,2391
TSS_1414_storz_regulondb,0.14285714285714285,6,6,AACAGACGAGCCACGTCGTA,0,872
TSS_1414_storz_regulondb,0.14285714285714285,6,6,AACAGAAGTTTCTTGCATCG,0,66838
TSS_1414_storz_regulondb,0.14285714285714285,6,6,AACACGGTCGGGTTGACTCG,0,55254
TSS_1414_storz_regulondb,0.14285714285714285,6,6,AACACACCCTGCGCTACTTA,0,25160
TSS_1414_storz_regulondb,0.14285714285714285,6,6,AACAAGTTCGGCTTTCAGCA,0,55525
TSS_1414_storz_regulondb,0.14285714285714285,6,6,AAATTGCGCTACGTTCGGTC,0,60341
TSS_1414_storz_regulondb,0.14285714285714285,6,6,AAATTCAGCACGATTTTGAA,0,5692
TSS_1414_storz_regulondb,0.14285714285714285,6,6,AAATAAGTTCAAAGGTTGAT,0,45311
TSS_1414_storz_regulondb,0.14285714285714285,6,6,AAAGTGTATGAAGGCTTTGA,0,20996
TSS_1414_storz_regulondb,0.14285714285714285,6,6,AAAGGTGAAGGGCCATTAAC,0,29949
TSS_1414_storz_regulondb,0.14285714285714285,6,6,AAAGGTACAGTCGTTCGCGT,0,39086
TSS_1414_storz_regulondb,0.14285714285714285,6,6,AAAGGGTCATGGATTCCTAT,0,52119
TSS_1414_storz_regulondb,0.14285714285714285,6,6,AAAGGCCCATTAGTTCTCTT,0,42104
TSS_1414_storz_regulondb,0.14285714285714285,6,6,AAACTGTGTAACGTGCTCGG,0,77091
TSS_1414_storz_regulondb,0.14285714285714285,6,6,AAACGCTTATGGCGCTCCGA,0,9668
TSS_1414_storz_regulondb,0.14285714285714285,6,6,AAACGCAATATGAAGCTTAT,0,66083
TSS_1414_storz_regulondb,0.14285714285714285,6,6,AAACAGCGGGTCCAACTTGG,0,38536
TSS_1414_storz_regulondb,0.14285714285714285,6,6,AAAACCGAGATTTTAATTCA,0,68471
TSS_1414_storz_regulondb,0.14285714285714285,6,6,AAAAAAATGACTCCGAGGGG,0,41197
TSS_1414_storz_regulondb,0.16666666666666666,5,5,TTTTTCGATAATTGTTTCGT,0,61977
TSS_1414_storz_regulondb,0.16666666666666666,5,5,TTTTGACTGCGTCGGATGGC,0,32232
TSS_1414_storz_regulondb,0.16666666666666666,5,5,TTTTCTGTTCAGCGTGTGAT,0,15200
TSS_1414_storz_regulondb,0.16666666666666666,5,5,TTTGGGATATACTATTGTAT,0,32171
TSS_1414_storz_regulondb,0.16666666666666666,5,5,TTTGGCGATAAGAGTGGCAT,0,12885
TSS_1414_storz_regulondb,0.16666666666666666,5,5,TTTGCGAAATGACACCTTGG,0,42252
TSS_1414_storz_regulondb,0.16666666666666666,5,5,TTTGATCGGTCAAGGCGGTT,0,44080
TSS_1414_storz_regulondb,0.16666666666666666,5,5,TTTCTTTTATGCAAATTGCC,0,50850
TSS_1414_storz_regulondb,0.16666666666666666,5,5,TTTCTCTAGACACGAACAAC,0,25851
TSS_1414_storz_regulondb,0.16666666666666666,5,5,TTTCGGCAGGTGATACCGCT,0,41817
TSS_1414_storz_regulondb,0.16666666666666666,5,5,TTTCGCGGGTTCGAGACCCA,0,30948
TSS_1414_storz_regulondb,0.16666666666666666,5,5,TTTCGAATCAAGGAAGGATG,0,12392
TSS_1414_storz_regulondb,0.16666666666666666,5,5,TTTCAGGTCACAACAGCTAT,0,604
TSS_1414_storz_regulondb,0.16666666666666666,5,5,TTTAGTCGGAGATGGAGTCG,0,12227
TSS_1414_storz_regulondb,0.16666666666666666,5,5,TTTAGCCCAACAGTGCCGAA,0,13714
TSS_1414_storz_regulondb,0.16666666666666666,5,5,TTTACAGGCCTAACTACCGC,0,30144
TSS_1414_storz_regulondb,0.16666666666666666,5,5,TTTAAGTTGGTAGGATATTT,0,74331
TSS_1414_storz_regulondb,0.16666666666666666,5,5,TTTAAGTTATCACAAATGAG,0,31612
TSS_1414_storz_regulondb,0.16666666666666666,5,5,TTTAACCAGCGATCAGCTAG,0,28051
TSS_1414_storz_regulondb,0.16666666666666666,5,5,TTTAACAGGATCCTATTCCA,0,13455
TSS_1414_storz_regulondb,0.16666666666666666,5,5,TTGTCCTAGAAATGGGGAGT,0,23075
TSS_1414_storz_regulondb,0.16666666666666666,5,5,TTGTCCCCGGAAATTATAAA,0,36641
TSS_1414_storz_regulondb,0.16666666666666666,5,5,TTGTATGGGTTATTTAGGTA,0,55434
TSS_1414_storz_regulondb,0.16666666666666666,5,5,TTGTACTGGTCGGAGGTGCC,0,46629
TSS_1414_storz_regulondb,0.16666666666666666,5,5,TTGGTGTGCGCGCGGGTAAT,0,5835
TSS_1414_storz_regulondb,0.16666666666666666,5,5,TTGGTACTTCTCTGTTTTCT,0,50627
TSS_1414_storz_regulondb,0.16666666666666666,5,5,TTGGGGTTGTAGCGAATGGT,0,60451
TSS_1414_storz_regulondb,0.16666666666666666,5,5,TTGGGGGCATCGTATAGCAT,0,67729
TSS_1414_storz_regulondb,0.16666666666666666,5,5,TTGGGCGACCCTTGAAAAGC,0,15624
TSS_1414_storz_regulondb,0.16666666666666666,5,5,TTGGCCCCGTGGAATACAAC,0,58173
TSS_1414_storz_regulondb,0.16666666666666666,5,5,TTGGCAAGTCAGGTCTAAGG,0,51616
TSS_1414_storz_regulondb,0.16666666666666666,5,5,TTGGAATGATTCGGGAGATA,0,58625
TSS_1414_storz_regulondb,0.16666666666666666,5,5,TTGCTCCCTGCGCGTGAACC,0,46153
TSS_1414_storz_regulondb,0.16666666666666666,5,5,TTGCACGGCGAGTGAATTCC,0,25991
TSS_1414_storz_regulondb,0.16666666666666666,5,5,TTGCACGGACATATCACTCG,0,11399
TSS_1414_storz_regulondb,0.16666666666666666,5,5,TTGCAATTAATTTTACAAGT,0,67888
TSS_1414_storz_regulondb,0.16666666666666666,5,5,TTGACGCACGTAACAGGTTT,0,28691
TSS_1414_storz_regulondb,0.16666666666666666,5,5,TTCTTGATGGTAAATACAAG,0,46089
TSS_1414_storz_regulondb,0.16666666666666666,5,5,TTCTTCCCGCCAGGTCGGCG,0,67895
TSS_1414_storz_regulondb,0.16666666666666666,5,5,TTCTGGTGTTAGCAGCATTC,0,68026
TSS_1414_storz_regulondb,0.16666666666666666,5,5,TTCTGCTCACTGTTATCGCT,0,37266
TSS_1414_storz_regulondb,0.16666666666666666,5,5,TTCTGATTCGCAGCCCAGGC,0,8786
TSS_1414_storz_regulondb,0.16666666666666666,5,5,TTCTCAGTGGAATCCAAGTT,0,49357
TSS_1414_storz_regulondb,0.16666666666666666,5,5,TTCTATGCAGCCGAATTAGA,0,69887
TSS_1414_storz_regulondb,0.16666666666666666,5,5,TTCTAACTAATTCAGTCTTG,0,76736
TSS_1414_storz_regulondb,0.16666666666666666,5,5,TTCGTGACGTAAATCTAGGG,0,2644
TSS_1414_storz_regulondb,0.16666666666666666,5,5,TTCGTCAGCCGAATTCGACC,0,81039
TSS_1414_storz_regulondb,0.16666666666666666,5,5,TTCGCTTTCAGTCAACGTAG,0,58236
TSS_1414_storz_regulondb,0.16666666666666666,5,5,TTCGCTTCCTCCGCTCGTCT,0,69655
TSS_1414_storz_regulondb,0.16666666666666666,5,5,TTCGCGGAGCTTTCACATGG,0,27938
TSS_1414_storz_regulondb,0.16666666666666666,5,5,TTCGATGCATTGCGCCTGCC,0,16297
TSS_1414_storz_regulondb,0.16666666666666666,5,5,TTCGAACTGTTTAATAAAGT,0,71097
TSS_1414_storz_regulondb,0.16666666666666666,5,5,TTCCTCGTGTACATCAGGAT,0,31406
TSS_1414_storz_regulondb,0.16666666666666666,5,5,TTCCGGACATTCCTCTGGAA,0,65823
TSS_1414_storz_regulondb,0.16666666666666666,5,5,TTCCCGGGGTTAGGGCTTCT,0,79997
TSS_1414_storz_regulondb,0.16666666666666666,5,5,TTCCCAGGCTTATGCCAGCT,0,35905
TSS_1414_storz_regulondb,0.16666666666666666,5,5,TTCCCACTGATGATGGTATA,0,5095
TSS_1414_storz_regulondb,0.16666666666666666,5,5,TTCCACTCCTCGGGGCCAAT,0,80720
TSS_1414_storz_regulondb,0.16666666666666666,5,5,TTCATTCAGTTTAAATTCGC,0,57674
TSS_1414_storz_regulondb,0.16666666666666666,5,5,TTCATCGCGACGATTCACTA,0,22083
TSS_1414_storz_regulondb,0.16666666666666666,5,5,TTCATCAGCGATAGTGTGAT,0,41050
TSS_1414_storz_regulondb,0.16666666666666666,5,5,TTCACAGCTGAGGACCCTAC,0,48022
TSS_1414_storz_regulondb,0.16666666666666666,5,5,TTCACAAAAGTCCGAAGGTC,0,27823
TSS_1414_storz_regulondb,0.16666666666666666,5,5,TTATTCAAGCGTCATCACAT,0,27354
TSS_1414_storz_regulondb,0.16666666666666666,5,5,TTATTATAATGCCGGCACGT,0,72074
TSS_1414_storz_regulondb,0.16666666666666666,5,5,TTATGTACCTGCAAACTAGA,0,7680
TSS_1414_storz_regulondb,0.16666666666666666,5,5,TTATGGCGTGGTTTACGCAT,0,819
TSS_1414_storz_regulondb,0.16666666666666666,5,5,TTATCGAGTATAGCTCGCGT,0,34986
TSS_1414_storz_regulondb,0.16666666666666666,5,5,TTATCCTACGGATCGTCCGT,0,21530
TSS_1414_storz_regulondb,0.16666666666666666,5,5,TTATCATTCATATTGATGAC,0,53759
TSS_1414_storz_regulondb,0.16666666666666666,5,5,TTATCAAGCGTGCACAACGG,0,51960
TSS_1414_storz_regulondb,0.16666666666666666,5,5,TTATAATATCCGAATTCCTT,0,70403
TSS_1414_storz_regulondb,0.16666666666666666,5,5,TTATAACCTTCAATACGGAT,0,53315
TSS_1414_storz_regulondb,0.16666666666666666,5,5,TTAGCGGGCCTAGTAGCCTC,0,12256
TSS_1414_storz_regulondb,0.16666666666666666,5,5,TTACAGGCTATGCGGTTACT,0,60085
TSS_1414_storz_regulondb,0.16666666666666666,5,5,TTAATTGTAATCCTGTTTCC,0,23499
TSS_1414_storz_regulondb,0.16666666666666666,5,5,TTAATTATTGATCGTGCGAG,0,18714
TSS_1414_storz_regulondb,0.16666666666666666,5,5,TTAAGTGCTATCGCAGGATC,0,10427
TSS_1414_storz_regulondb,0.16666666666666666,5,5,TTAAGGCCTCGGCCAGACCC,0,52949
TSS_1414_storz_regulondb,0.16666666666666666,5,5,TTAACGCGGAGTCGCCAATT,0,1089
TSS_1414_storz_regulondb,0.16666666666666666,5,5,TTAACCGCTCGTCATAAGAG,0,61430
TSS_1414_storz_regulondb,0.16666666666666666,5,5,TTAAAGGCAGACAGGGCCGT,0,71366
TSS_1414_storz_regulondb,0.16666666666666666,5,5,TTAAAATGGATCTCTACACT,0,52068
TSS_1414_storz_regulondb,0.16666666666666666,5,5,TGTTTGTCTGCCAGCCTAAT,0,36793
TSS_1414_storz_regulondb,0.16666666666666666,5,5,TGTTGCCATAACGTATCGGA,0,37807
TSS_1414_storz_regulondb,0.16666666666666666,5,5,TGTTCTTGTATTTTATGTTC,0,6117
TSS_1414_storz_regulondb,0.16666666666666666,5,5,TGTTCTCGGGGCGCGGCCTC,0,32686
TSS_1414_storz_regulondb,0.16666666666666666,5,5,TGTTCGGCCCTTAAAGCCTC,0,19541
TSS_1414_storz_regulondb,0.16666666666666666,5,5,TGTTCCGCTACATTCAAAAT,0,17344
TSS_1414_storz_regulondb,0.16666666666666666,5,5,TGTTATACTGTTTCCAATAT,0,5488
TSS_1414_storz_regulondb,0.16666666666666666,5,5,TGTGTGCTTTCTTCAAGTTA,0,37908
TSS_1414_storz_regulondb,0.16666666666666666,5,5,TGTGTGCAGACTGACGTGGA,0,24623
TSS_1414_storz_regulondb,0.16666666666666666,5,5,TGTGGGCACATCGAGCTATT,0,71552
TSS_1414_storz_regulondb,0.16666666666666666,5,5,TGTGGCACTTCGTCCACTCT,0,10475
TSS_1414_storz_regulondb,0.16666666666666666,5,5,TGTGCGACATTCTTCACTGC,0,27574
TSS_1414_storz_regulondb,0.16666666666666666,5,5,TGTGATTGCGGCAATCTTCC,0,21159
TSS_1414_storz_regulondb,0.16666666666666666,5,5,TGTCTCGGGGAGGATCGAAG,0,52691
TSS_1414_storz_regulondb,0.16666666666666666,5,5,TGTCTCAGGTGCAAGTTCCG,0,50057
TSS_1414_storz_regulondb,0.16666666666666666,5,5,TGTCTAATTCAGATGATCGG,0,14583
TSS_1414_storz_regulondb,0.16666666666666666,5,5,TGTCCCAAGTCTAAGCGAGG,0,55461
TSS_1414_storz_regulondb,0.16666666666666666,5,5,TGTCACATGAGCTCTCCTAC,0,40758
TSS_1414_storz_regulondb,0.16666666666666666,5,5,TGTATTACCGGGACTGGTTA,0,80044
TSS_1414_storz_regulondb,0.16666666666666666,5,5,TGTAGGTCGCTTATTAGCAT,0,73274
TSS_1414_storz_regulondb,0.16666666666666666,5,5,TGTACAACTATGTGCGAAGT,0,55548
TSS_1414_storz_regulondb,0.16666666666666666,5,5,TGTAAGATCAGGGGGGATCG,0,13212
TSS_1414_storz_regulondb,0.16666666666666666,5,5,TGGTGAGTATATATGTATTC,0,32877
TSS_1414_storz_regulondb,0.16666666666666666,5,5,TGGTCGTGTACGGATCTTTA,0,41535
TSS_1414_storz_regulondb,0.16666666666666666,5,5,TGGTAGACCCAGGTTTTACC,0,43643
TSS_1414_storz_regulondb,0.16666666666666666,5,5,TGGTACAGATGCGATCATTG,0,29862
TSS_1414_storz_regulondb,0.16666666666666666,5,5,TGGGGATAATATGCGGATCC,0,52633
TSS_1414_storz_regulondb,0.16666666666666666,5,5,TGGGGAGAGAATTGGAAGTC,0,2508
TSS_1414_storz_regulondb,0.16666666666666666,5,5,TGGGGAAGAAGCGTCGTCAC,0,7612
TSS_1414_storz_regulondb,0.16666666666666666,5,5,TGGGAGCAGCAGCCTTAGGG,0,1657
TSS_1414_storz_regulondb,0.16666666666666666,5,5,TGGCTGTGTGTGATTGCCTA,0,41274
TSS_1414_storz_regulondb,0.16666666666666666,5,5,TGGCTGAGCTCCTTCGGGCA,0,19157
TSS_1414_storz_regulondb,0.16666666666666666,5,5,TGGCTAGATCGATCTATGCT,0,56129
TSS_1414_storz_regulondb,0.16666666666666666,5,5,TGGCGCAACGACCTAGTGTC,0,57884
TSS_1414_storz_regulondb,0.16666666666666666,5,5,TGGCAGTGGCTTCCATGCAT,0,44722
TSS_1414_storz_regulondb,0.16666666666666666,5,5,TGGATTTCAGTAATAATATC,0,19188
TSS_1414_storz_regulondb,0.16666666666666666,5,5,TGGATGCACCAGTCGGAGGT,0,23137
TSS_1414_storz_regulondb,0.16666666666666666,5,5,TGGATGACCATAAGTGAACT,0,75204
TSS_1414_storz_regulondb,0.16666666666666666,5,5,TGGAGCCAGGTTGCAGGTCA,0,8912
TSS_1414_storz_regulondb,0.16666666666666666,5,5,TGGAGACGTCGTAGAAGCCC,0,46356
TSS_1414_storz_regulondb,0.16666666666666666,5,5,TGGACGATCGAGTGCCCCTA,0,37961
TSS_1414_storz_regulondb,0.16666666666666666,5,5,TGGAAGCGCGTATCAATGTT,0,63254
TSS_1414_storz_regulondb,0.16666666666666666,5,5,TGGAAAGGCCAACCGTCGCA,0,25453
TSS_1414_storz_regulondb,0.16666666666666666,5,5,TGCTTGATACTTCAGCGCAA,0,32897
TSS_1414_storz_regulondb,0.16666666666666666,5,5,TGCTGTGCAGTCTCGGGTCC,0,66487
TSS_1414_storz_regulondb,0.16666666666666666,5,5,TGCTGCACTGTTTTATGGTA,0,34562
TSS_1414_storz_regulondb,0.16666666666666666,5,5,TGCTGAGGGCACTGGCTAGG,0,19470
TSS_1414_storz_regulondb,0.16666666666666666,5,5,TGCTGACACGGATGAATACG,0,45158
TSS_1414_storz_regulondb,0.16666666666666666,5,5,TGCTCTTATGGGGCAGCGCG,0,50873
TSS_1414_storz_regulondb,0.16666666666666666,5,5,TGCTCGCTTCAAAGAGCAGC,0,77001
TSS_1414_storz_regulondb,0.16666666666666666,5,5,TGCTCACACACGTGGAAGGG,0,70484
TSS_1414_storz_regulondb,0.16666666666666666,5,5,TGCGTGTGATTGCGTAGGGT,0,50774
TSS_1414_storz_regulondb,0.16666666666666666,5,5,TGCGTCCGTTAGGCCGTTAA,0,80617
TSS_1414_storz_regulondb,0.16666666666666666,5,5,TGCGTAAGAATAAATTGCTG,0,42567
TSS_1414_storz_regulondb,0.16666666666666666,5,5,TGCGGGGCGTCCATCAGCTT,0,8306
TSS_1414_storz_regulondb,0.16666666666666666,5,5,TGCGCGAGGCTTCTGGTGTC,0,7613
TSS_1414_storz_regulondb,0.16666666666666666,5,5,TGCCTTAACCATGCATAGAT,0,6606
TSS_1414_storz_regulondb,0.16666666666666666,5,5,TGCCATCTCCCTTGGCATAG,0,59621
TSS_1414_storz_regulondb,0.16666666666666666,5,5,TGCATTTCCGCCGGTATATA,0,51619
TSS_1414_storz_regulondb,0.16666666666666666,5,5,TGCATGAGGGGCTGGACATC,0,3224
TSS_1414_storz_regulondb,0.16666666666666666,5,5,TGCATCTGAGTACTGCTCCT,0,8769
TSS_1414_storz_regulondb,0.16666666666666666,5,5,TGCATAAAAGAGCTTTAGCA,0,39554
TSS_1414_storz_regulondb,0.16666666666666666,5,5,TGCAGTTAAAGCGGCTCATA,0,42674
TSS_1414_storz_regulondb,0.16666666666666666,5,5,TGCAGTATCAAAACGTCTAA,0,7341
TSS_1414_storz_regulondb,0.16666666666666666,5,5,TGCAGGGTTAGAGCGCCGGT,0,9440
TSS_1414_storz_regulondb,0.16666666666666666,5,5,TGATTTCATCAGCAAAGAAA,0,54374
TSS_1414_storz_regulondb,0.16666666666666666,5,5,TGATTGTTGACTCTTGTTAG,0,17548
TSS_1414_storz_regulondb,0.16666666666666666,5,5,TGATGAAGCTTCTAACGTTG,0,19568
TSS_1414_storz_regulondb,0.16666666666666666,5,5,TGATCTTAATGAAGCCACAA,0,30978
TSS_1414_storz_regulondb,0.16666666666666666,5,5,TGATCAGAAGGGCCGCCCAT,0,36816
TSS_1414_storz_regulondb,0.16666666666666666,5,5,TGATAGGGAACAGCGCAAAC,0,12318
TSS_1414_storz_regulondb,0.16666666666666666,5,5,TGAGGTATGGCGACCCATGG,0,32361
TSS_1414_storz_regulondb,0.16666666666666666,5,5,TGAGGAATTCCTTAGCCTTG,0,42523
TSS_1414_storz_regulondb,0.16666666666666666,5,5,TGAGCGAACCCTCAAAGGAC,0,35077
TSS_1414_storz_regulondb,0.16666666666666666,5,5,TGAGCGAAACTTAACTTTTC,0,35948
TSS_1414_storz_regulondb,0.16666666666666666,5,5,TGAGACTGGCGTATTCGTCA,0,20703
TSS_1414_storz_regulondb,0.16666666666666666,5,5,TGACGCGGTTATTGGGTAAT,0,26332
TSS_1414_storz_regulondb,0.16666666666666666,5,5,TGAATTACCACACTATGCGC,0,16847
TSS_1414_storz_regulondb,0.16666666666666666,5,5,TGAATGCCAAAAAGGTCTCA,0,30859
TSS_1414_storz_regulondb,0.16666666666666666,5,5,TGAATGATAATCTCGCTACA,0,75640
TSS_1414_storz_regulondb,0.16666666666666666,5,5,TGAAGAGGATCTGGGATCTT,0,16746
TSS_1414_storz_regulondb,0.16666666666666666,5,5,TGAAGAAGGGATATCAAGGA,0,60937
TSS_1414_storz_regulondb,0.16666666666666666,5,5,TGAACCTCAACAACGGGAAC,0,1921
TSS_1414_storz_regulondb,0.16666666666666666,5,5,TGAACAGGGGAGGTCCCGCT,0,60706
TSS_1414_storz_regulondb,0.16666666666666666,5,5,TGAACAGACCCCTGACCATA,0,77850
TSS_1414_storz_regulondb,0.16666666666666666,5,5,TGAAAGAGATATTCACCGAA,0,6317
TSS_1414_storz_regulondb,0.16666666666666666,5,5,TGAAACCACCAGTTGACGGG,0,73612
TSS_1414_storz_regulondb,0.16666666666666666,5,5,TGAAAAGAAACGTAGTGGCG,0,8400
TSS_1414_storz_regulondb,0.16666666666666666,5,5,TCTTTCTCAGGCGGGGAAAG,0,47241
TSS_1414_storz_regulondb,0.16666666666666666,5,5,TCTTAAATAGGGACGTGCAT,0,49626
TSS_1414_storz_regulondb,0.16666666666666666,5,5,TCTGTCTCCTCCTTCACCTA,0,45926
TSS_1414_storz_regulondb,0.16666666666666666,5,5,TCTGTCGCGGCTCTGCTCCA,0,76416
TSS_1414_storz_regulondb,0.16666666666666666,5,5,TCTGGTTAGCCACGCTGGCC,0,33825
TSS_1414_storz_regulondb,0.16666666666666666,5,5,TCTGGCCCAATCCGCCTCTA,0,52116
TSS_1414_storz_regulondb,0.16666666666666666,5,5,TCTGCAGGTATGGAGCCAGC,0,7926
TSS_1414_storz_regulondb,0.16666666666666666,5,5,TCTGCAAGGAGCTGAGACGA,0,59672
TSS_1414_storz_regulondb,0.16666666666666666,5,5,TCTGAGTGGGAACGGATGGA,0,36198
TSS_1414_storz_regulondb,0.16666666666666666,5,5,TCTGAGAGAAGAGCTCATTG,0,3910
TSS_1414_storz_regulondb,0.16666666666666666,5,5,TCTCGCCCCACGGCGTGCAG,0,19647
TSS_1414_storz_regulondb,0.16666666666666666,5,5,TCTCGCCAGAGCGAAGGCGA,0,6222
TSS_1414_storz_regulondb,0.16666666666666666,5,5,TCTCACTTGTCCGATTCGAA,0,57328
TSS_1414_storz_regulondb,0.16666666666666666,5,5,TCTCACCGCCGTGCCATTAC,0,35183
TSS_1414_storz_regulondb,0.16666666666666666,5,5,TCTATGCCAGAGCCTGGCAA,0,26628
TSS_1414_storz_regulondb,0.16666666666666666,5,5,TCTATCCCTTTGCGGCTGAG,0,77073
TSS_1414_storz_regulondb,0.16666666666666666,5,5,TCTATACACTGCTCGGAAGA,0,75671
TSS_1414_storz_regulondb,0.16666666666666666,5,5,TCTAGGCGAGTTTGGCAACC,0,28273
TSS_1414_storz_regulondb,0.16666666666666666,5,5,TCTACAAGTGAGTAACGTCT,0,43085
TSS_1414_storz_regulondb,0.16666666666666666,5,5,TCGTTATGTTTATTGCGCTC,0,55729
TSS_1414_storz_regulondb,0.16666666666666666,5,5,TCGTGTGACATGAAGTAAAC,0,76469
TSS_1414_storz_regulondb,0.16666666666666666,5,5,TCGTCCGCACGAGGCGCTGT,0,79996
TSS_1414_storz_regulondb,0.16666666666666666,5,5,TCGTCCAGTCGTGGTATGTT,0,30634
TSS_1414_storz_regulondb,0.16666666666666666,5,5,TCGGTGCGGGGCACCTAAAG,0,2624
TSS_1414_storz_regulondb,0.16666666666666666,5,5,TCGGGTTATAAACCCGGAGC,0,47392
TSS_1414_storz_regulondb,0.16666666666666666,5,5,TCGGGCAGCTGACACCGTCG,0,23480
TSS_1414_storz_regulondb,0.16666666666666666,5,5,TCGGACGTGGCCTTAGGATA,0,43749
TSS_1414_storz_regulondb,0.16666666666666666,5,5,TCGCTACTTGTATAGCCGGA,0,28689
TSS_1414_storz_regulondb,0.16666666666666666,5,5,TCGCATAACCCTGAGGCGGT,0,46171
TSS_1414_storz_regulondb,0.16666666666666666,5,5,TCGCAAGGTGGAGGACTGCG,0,22582
TSS_1414_storz_regulondb,0.16666666666666666,5,5,TCGAGCCGGTCCTCGAAGTC,0,72484
TSS_1414_storz_regulondb,0.16666666666666666,5,5,TCGACCGCCGGCGGGGTGTG,0,23683
TSS_1414_storz_regulondb,0.16666666666666666,5,5,TCGAAGCTAGGATTGAGTAA,0,41238
TSS_1414_storz_regulondb,0.16666666666666666,5,5,TCGAAAATGGGCGACATATT,0,14956
TSS_1414_storz_regulondb,0.16666666666666666,5,5,TCCTGTTAACGGACTTTAGC,0,66338
TSS_1414_storz_regulondb,0.16666666666666666,5,5,TCCTCGCGGAGAAATGTATG,0,62825
TSS_1414_storz_regulondb,0.16666666666666666,5,5,TCCTCACCATTAATCCCCCG,0,6711
TSS_1414_storz_regulondb,0.16666666666666666,5,5,TCCGTTGGCATGGTAGCGAA,0,50827
TSS_1414_storz_regulondb,0.16666666666666666,5,5,TCCGTGATCGAAGTATAAGC,0,3299
TSS_1414_storz_regulondb,0.16666666666666666,5,5,TCCGGGTCTGCAGCAGGGGG,0,11444
TSS_1414_storz_regulondb,0.16666666666666666,5,5,TCCGCCGCCACTGTGGCTTC,0,5100
TSS_1414_storz_regulondb,0.16666666666666666,5,5,TCCGCACCCTCCATGCCAAG,0,63411
TSS_1414_storz_regulondb,0.16666666666666666,5,5,TCCGATAGCCTGGTGTAGAC,0,70575
TSS_1414_storz_regulondb,0.16666666666666666,5,5,TCCGACCGGTCACGTAGGTT,0,55318
TSS_1414_storz_regulondb,0.16666666666666666,5,5,TCCCGTAGTACGGTTTGTAG,0,25190
TSS_1414_storz_regulondb,0.16666666666666666,5,5,TCCCGCAAGTAGACAGGGAG,0,60795
TSS_1414_storz_regulondb,0.16666666666666666,5,5,TCCCGATTAAGATGAATGAT,0,59041
TSS_1414_storz_regulondb,0.16666666666666666,5,5,TCCCCTCATTTCGTCTGAAC,0,80163
TSS_1414_storz_regulondb,0.16666666666666666,5,5,TCCCCAGGGCCCTAGCGACT,0,21645
TSS_1414_storz_regulondb,0.16666666666666666,5,5,TCCCATATCGGTCTCGCCAC,0,69057
TSS_1414_storz_regulondb,0.16666666666666666,5,5,TCCATCTTTTTTTACATTAT,0,21861
TSS_1414_storz_regulondb,0.16666666666666666,5,5,TCCATCACATTCGCAGTCCG,0,73898
TSS_1414_storz_regulondb,0.16666666666666666,5,5,TCCAGTCCGCGTACTTGAAC,0,8101
TSS_1414_storz_regulondb,0.16666666666666666,5,5,TCCACGTTTCGGGCTCGTAA,0,34723
TSS_1414_storz_regulondb,0.16666666666666666,5,5,TCATGAGGGGTCCCTGTTAC,0,59184
TSS_1414_storz_regulondb,0.16666666666666666,5,5,TCATGACTTAAACGGGATGC,0,17881
TSS_1414_storz_regulondb,0.16666666666666666,5,5,TCATCATCGAACCGCGCGCG,0,36191
TSS_1414_storz_regulondb,0.16666666666666666,5,5,TCATAAAAAGTCCAGGTGCC,0,53329
TSS_1414_storz_regulondb,0.16666666666666666,5,5,TCAGTCCAAACGTTATTCAG,0,330
TSS_1414_storz_regulondb,0.16666666666666666,5,5,TCAGGGACACGTAAGAGACG,0,44244
TSS_1414_storz_regulondb,0.16666666666666666,5,5,TCAGGCCCCGAAATCAGTAT,0,26766
TSS_1414_storz_regulondb,0.16666666666666666,5,5,TCAGCGTCATCGCCCTTAAC,0,51105
TSS_1414_storz_regulondb,0.16666666666666666,5,5,TCAGCGGGAATAATTGTTGG,0,57520
TSS_1414_storz_regulondb,0.16666666666666666,5,5,TCACTCGAGACCCGTCGGTA,0,76752
TSS_1414_storz_regulondb,0.16666666666666666,5,5,TCACGCCTACTGCGATGTTG,0,18639
TSS_1414_storz_regulondb,0.16666666666666666,5,5,TCACCATTTTGAGCAAGGTG,0,51986
TSS_1414_storz_regulondb,0.16666666666666666,5,5,TCAAGCCCGATAGGCCCGGG,0,80373
TSS_1414_storz_regulondb,0.16666666666666666,5,5,TCAAGAAAGGTCCATCATAT,0,31261
TSS_1414_storz_regulondb,0.16666666666666666,5,5,TCAAACTGGGCTCCCCGGGG,0,12167
TSS_1414_storz_regulondb,0.16666666666666666,5,5,TATTTACCCCTCACCTACAA,0,27949
TSS_1414_storz_regulondb,0.16666666666666666,5,5,TATTGTATGTTGATTGGTCC,0,53378
TSS_1414_storz_regulondb,0.16666666666666666,5,5,TATTGTACCCGTCCCGCGAG,0,51032
TSS_1414_storz_regulondb,0.16666666666666666,5,5,TATTCCTCACAATCGTTGTT,0,41109
TSS_1414_storz_regulondb,0.16666666666666666,5,5,TATTCAACCCTTGGACTTGC,0,71407
TSS_1414_storz_regulondb,0.16666666666666666,5,5,TATGGTCCACGTGCGAACAT,0,48583
TSS_1414_storz_regulondb,0.16666666666666666,5,5,TATGGAGTCTTGCGAGTATC,0,15857
TSS_1414_storz_regulondb,0.16666666666666666,5,5,TATGCTTTAGAATGGGAACT,0,26602
TSS_1414_storz_regulondb,0.16666666666666666,5,5,TATCTATCGATTGTATTTCA,0,50426
TSS_1414_storz_regulondb,0.16666666666666666,5,5,TATCCTTATCGGAGGGCATA,0,33987
TSS_1414_storz_regulondb,0.16666666666666666,5,5,TATCCTGTAAACAGTGTGAC,0,62624
TSS_1414_storz_regulondb,0.16666666666666666,5,5,TATCCCTAGTAACCGTAAAG,0,62783
TSS_1414_storz_regulondb,0.16666666666666666,5,5,TATCCAGGCTGGCACGCTTT,0,17539
TSS_1414_storz_regulondb,0.16666666666666666,5,5,TATCAACGCTGTCGTAAGTG,0,27679
TSS_1414_storz_regulondb,0.16666666666666666,5,5,TATAGCAACAGGATGGAGGC,0,40494
TSS_1414_storz_regulondb,0.16666666666666666,5,5,TATAATTAGGCTAACTCCAT,0,6162
TSS_1414_storz_regulondb,0.16666666666666666,5,5,TATAAGATGTGATCTTGTCC,0,21427
TSS_1414_storz_regulondb,0.16666666666666666,5,5,TATAACGTCGCTATTCCAGG,0,37083
TSS_1414_storz_regulondb,0.16666666666666666,5,5,TATAAAAAGCAGGACTACAA,0,55524
TSS_1414_storz_regulondb,0.16666666666666666,5,5,TAGTTACGGCTAACCGCGCG,0,42086
TSS_1414_storz_regulondb,0.16666666666666666,5,5,TAGGTTGGGAGTTGCCACAA,0,23462
TSS_1414_storz_regulondb,0.16666666666666666,5,5,TAGGTGCGCGTCTTATACCA,0,67409
TSS_1414_storz_regulondb,0.16666666666666666,5,5,TAGGTCTTCAGCATCTGCTT,0,29935
TSS_1414_storz_regulondb,0.16666666666666666,5,5,TAGGCAGTCGGCACCTGCAG,0,20595
TSS_1414_storz_regulondb,0.16666666666666666,5,5,TAGCTTGGCCTAAGCCGTCG,0,39555
TSS_1414_storz_regulondb,0.16666666666666666,5,5,TAGCTAGTATGCATTCGTGA,0,19982
TSS_1414_storz_regulondb,0.16666666666666666,5,5,TAGCGGAAGCTTACTGGGTC,0,29009
TSS_1414_storz_regulondb,0.16666666666666666,5,5,TAGCGCTTAAGATGTCCGCT,0,8293
TSS_1414_storz_regulondb,0.16666666666666666,5,5,TAGCAGATCCAAGTGGTACT,0,45841
TSS_1414_storz_regulondb,0.16666666666666666,5,5,TAGATGCAATTGATCTCGCT,0,77269
TSS_1414_storz_regulondb,0.16666666666666666,5,5,TAGATCGAGTAGTTTGGGAA,0,24360
TSS_1414_storz_regulondb,0.16666666666666666,5,5,TAGAGTCATTGAACCTCCGC,0,56257
TSS_1414_storz_regulondb,0.16666666666666666,5,5,TAGAACCCTCGATCTTAAAT,0,65306
TSS_1414_storz_regulondb,0.16666666666666666,5,5,TACTTTCAAATATGCTGGGT,0,27356
TSS_1414_storz_regulondb,0.16666666666666666,5,5,TACTTGCATTCGTAGGTACA,0,22731
TSS_1414_storz_regulondb,0.16666666666666666,5,5,TACTTCCATAGACAGCTGGG,0,46243
TSS_1414_storz_regulondb,0.16666666666666666,5,5,TACGATACGTCGCTCCGCCG,0,21914
TSS_1414_storz_regulondb,0.16666666666666666,5,5,TACGAGGCATCGACGGCTCC,0,80682
TSS_1414_storz_regulondb,0.16666666666666666,5,5,TACGAAGCAGGGCCTCGCGA,0,80108
TSS_1414_storz_regulondb,0.16666666666666666,5,5,TACCTTTGAAAACTACCTGT,0,27940
TSS_1414_storz_regulondb,0.16666666666666666,5,5,TACCTAATTGCTTGGTGGCT,0,63584
TSS_1414_storz_regulondb,0.16666666666666666,5,5,TACCGTTATACACATCGACT,0,20809
TSS_1414_storz_regulondb,0.16666666666666666,5,5,TACAGTAGATCACGCTTTAT,0,60474
TSS_1414_storz_regulondb,0.16666666666666666,5,5,TACACTCGCTGCATGGAGTA,0,20958
TSS_1414_storz_regulondb,0.16666666666666666,5,5,TACACTACTCCAACTCTGGG,0,45503
TSS_1414_storz_regulondb,0.16666666666666666,5,5,TACACGTCTGGACCTATTCA,0,67293
TSS_1414_storz_regulondb,0.16666666666666666,5,5,TACACATGCCGTTGGATGGC,0,521
TSS_1414_storz_regulondb,0.16666666666666666,5,5,TACAATCTATTCGTAAAGGT,0,14166
TSS_1414_storz_regulondb,0.16666666666666666,5,5,TACAAATAGGAGTAGATCAT,0,36248
TSS_1414_storz_regulondb,0.16666666666666666,5,5,TACAAAACAAAGTATAGGCG,0,58749
TSS_1414_storz_regulondb,0.16666666666666666,5,5,TAATTGGTTAAAGCTGAAAA,0,71032
TSS_1414_storz_regulondb,0.16666666666666666,5,5,TAATGTCATCTTATGGCCCT,0,9760
TSS_1414_storz_regulondb,0.16666666666666666,5,5,TAATCCCCGACAGGGCATTT,0,8569
TSS_1414_storz_regulondb,0.16666666666666666,5,5,TAATCATCGCAATTGTCCAG,0,55793
TSS_1414_storz_regulondb,0.16666666666666666,5,5,TAATATAATTATACACCGAT,0,41112
TSS_1414_storz_regulondb,0.16666666666666666,5,5,TAATAAGGTGTGAATACGCA,0,13913
TSS_1414_storz_regulondb,0.16666666666666666,5,5,TAAGTGTACGTAGCAGGAAG,0,38356
TSS_1414_storz_regulondb,0.16666666666666666,5,5,TAAGTGGTTGTGCCATCCGG,0,3310
TSS_1414_storz_regulondb,0.16666666666666666,5,5,TAAGTCGCACTTGTCACAAG,0,43722
TSS_1414_storz_regulondb,0.16666666666666666,5,5,TAAGCTACAGCTCAATAATT,0,32347
TSS_1414_storz_regulondb,0.16666666666666666,5,5,TAAGAGACTAAACCTTCAAA,0,54
TSS_1414_storz_regulondb,0.16666666666666666,5,5,TAACAGTACCGAGGGGGCAG,0,76315
TSS_1414_storz_regulondb,0.16666666666666666,5,5,TAAATGCTGACAGTAAAACA,0,55923
TSS_1414_storz_regulondb,0.16666666666666666,5,5,TAAAGGCTCTACTGGCAGGG,0,22252
TSS_1414_storz_regulondb,0.16666666666666666,5,5,TAAAGCGAATTAGCTGCGGT,0,40735
TSS_1414_storz_regulondb,0.16666666666666666,5,5,GTTTTCGGGGTGCTCCTAGT,0,77142
TSS_1414_storz_regulondb,0.16666666666666666,5,5,GTTTGTCTACAGGTGGGGCG,0,68516
TSS_1414_storz_regulondb,0.16666666666666666,5,5,GTTTGGTCGATTCGGCTTCT,0,67277
TSS_1414_storz_regulondb,0.16666666666666666,5,5,GTTTGGCAGTAGCGGCCACG,0,51670
TSS_1414_storz_regulondb,0.16666666666666666,5,5,GTTTGACGCACCTACCGGTC,0,23054
TSS_1414_storz_regulondb,0.16666666666666666,5,5,GTTTCATTCTTTAGGCCGAA,0,66509
TSS_1414_storz_regulondb,0.16666666666666666,5,5,GTTTCATAAGTGGTTTCAAG,0,1659
TSS_1414_storz_regulondb,0.16666666666666666,5,5,GTTTAGTGAGGCCAATGCTA,0,13393
TSS_1414_storz_regulondb,0.16666666666666666,5,5,GTTGGTGAGGAGTTAAAGGC,0,59588
TSS_1414_storz_regulondb,0.16666666666666666,5,5,GTTGGACCTTGGGTCTCATT,0,40027
TSS_1414_storz_regulondb,0.16666666666666666,5,5,GTTGGAAGCAAACTGATGAC,0,6270
TSS_1414_storz_regulondb,0.16666666666666666,5,5,GTTGATTCTGTTTATAAATC,0,17542
TSS_1414_storz_regulondb,0.16666666666666666,5,5,GTTCTTATGCAAAGAGCATC,0,9141
TSS_1414_storz_regulondb,0.16666666666666666,5,5,GTTCATTCTGCGCCTAATAC,0,6695
TSS_1414_storz_regulondb,0.16666666666666666,5,5,GTTCAGGCGGGCAGAGATCT,0,17286
TSS_1414_storz_regulondb,0.16666666666666666,5,5,GTTATGGTGTGAGGTTAAGT,0,67993
TSS_1414_storz_regulondb,0.16666666666666666,5,5,GTTATGGGTATAGGGTACTC,0,71645
TSS_1414_storz_regulondb,0.16666666666666666,5,5,GTTATCCTGTAAGACGAGAA,0,38762
TSS_1414_storz_regulondb,0.16666666666666666,5,5,GTTAGTCACGCATGGGAACT,0,63542
TSS_1414_storz_regulondb,0.16666666666666666,5,5,GTTAGTCACAGTAATCCTAT,0,39387
TSS_1414_storz_regulondb,0.16666666666666666,5,5,GTTAGACGCGGTCCGGAGTC,0,63641
TSS_1414_storz_regulondb,0.16666666666666666,5,5,GTTAAAGACTACAGTTGAGC,0,48792
TSS_1414_storz_regulondb,0.16666666666666666,5,5,GTGTGCACCTCGCGTCTCAA,0,25438
TSS_1414_storz_regulondb,0.16666666666666666,5,5,GTGTGAACCCTTAGTGATGT,0,60719
TSS_1414_storz_regulondb,0.16666666666666666,5,5,GTGGTCAATCAAGTCCGTCT,0,29602
TSS_1414_storz_regulondb,0.16666666666666666,5,5,GTGGGTTTTTCACCATCACA,0,78095
TSS_1414_storz_regulondb,0.16666666666666666,5,5,GTGGGGCCCGCTCGTGGATG,0,64255
TSS_1414_storz_regulondb,0.16666666666666666,5,5,GTGGGCCACTACGTTCAATG,0,58594
TSS_1414_storz_regulondb,0.16666666666666666,5,5,GTGGCGCCCGGCGATTACGT,0,63653
TSS_1414_storz_regulondb,0.16666666666666666,5,5,GTGGCGATCATATAGGCATA,0,55373
TSS_1414_storz_regulondb,0.16666666666666666,5,5,GTGGACGCAGTTTCAGCTCG,0,52937
TSS_1414_storz_regulondb,0.16666666666666666,5,5,GTGCGGGATATACGGCTGGA,0,55945
TSS_1414_storz_regulondb,0.16666666666666666,5,5,GTGCGGATCTGCCTAGCTAC,0,67059
TSS_1414_storz_regulondb,0.16666666666666666,5,5,GTGCGATGTCGATAATGCGT,0,59013
TSS_1414_storz_regulondb,0.16666666666666666,5,5,GTGCCCAAAACTGTTTCCAC,0,13335
TSS_1414_storz_regulondb,0.16666666666666666,5,5,GTGCCAGCACGGTTTCGTAG,0,71649
TSS_1414_storz_regulondb,0.16666666666666666,5,5,GTGCAACTGCAACAGGCTGG,0,35223
TSS_1414_storz_regulondb,0.16666666666666666,5,5,GTGAACGCGTAATGCGCGAG,0,69874
TSS_1414_storz_regulondb,0.16666666666666666,5,5,GTCTTTAGCGGAATCAGAAA,0,75567
TSS_1414_storz_regulondb,0.16666666666666666,5,5,GTCTGAATTTGACACGGACA,0,12900
TSS_1414_storz_regulondb,0.16666666666666666,5,5,GTCTCAATGTCTTGGGCCAC,0,32036
TSS_1414_storz_regulondb,0.16666666666666666,5,5,GTCGTTACAACCCTTGCATT,0,6192
TSS_1414_storz_regulondb,0.16666666666666666,5,5,GTCGGAGCGCACGAGGCGAA,0,59957
TSS_1414_storz_regulondb,0.16666666666666666,5,5,GTCGCTAAAGAGGGACCCAC,0,9342
TSS_1414_storz_regulondb,0.16666666666666666,5,5,GTCGAGTTTGCGGAGCGTAA,0,77550
TSS_1414_storz_regulondb,0.16666666666666666,5,5,GTCCTTATATGATCCGGAAT,0,27234
TSS_1414_storz_regulondb,0.16666666666666666,5,5,GTCCGCCTCGGCTCTGCAAT,0,8373
TSS_1414_storz_regulondb,0.16666666666666666,5,5,GTCCCGAAAATTGAGGGATC,0,45931
TSS_1414_storz_regulondb,0.16666666666666666,5,5,GTCATAGCCGAGTTATTACT,0,51473
TSS_1414_storz_regulondb,0.16666666666666666,5,5,GTCATAATAGATAGCTGCGG,0,70522
TSS_1414_storz_regulondb,0.16666666666666666,5,5,GTCATAAAGCATAAAACTGG,0,51919
TSS_1414_storz_regulondb,0.16666666666666666,5,5,GTCACAGCGGTTCCCCAGAT,0,33474
TSS_1414_storz_regulondb,0.16666666666666666,5,5,GTCAACACGGGTTGACTTTT,0,63545
TSS_1414_storz_regulondb,0.16666666666666666,5,5,GTATGCATATTGATCGCGTC,0,56822
TSS_1414_storz_regulondb,0.16666666666666666,5,5,GTATCATTAGTAGCACGGCA,0,66939
TSS_1414_storz_regulondb,0.16666666666666666,5,5,GTAGTGGTCTCGATGGCTGG,0,74351
TSS_1414_storz_regulondb,0.16666666666666666,5,5,GTAGTAGTTAATACATCCTT,0,12406
TSS_1414_storz_regulondb,0.16666666666666666,5,5,GTAGTACTAGCGGGGGAAGG,0,58197
TSS_1414_storz_regulondb,0.16666666666666666,5,5,GTAGTAACACACTCATCGGG,0,73728
TSS_1414_storz_regulondb,0.16666666666666666,5,5,GTAGGAGATGCCGATTGGAA,0,5878
TSS_1414_storz_regulondb,0.16666666666666666,5,5,GTAGCGCACGCTATGTACTT,0,79276
TSS_1414_storz_regulondb,0.16666666666666666,5,5,GTAGCCGGTGAGCCAACCTG,0,28295
TSS_1414_storz_regulondb,0.16666666666666666,5,5,GTAGAAATAATATGAGCGTC,0,59215
TSS_1414_storz_regulondb,0.16666666666666666,5,5,GTACGCTGTCACAGGCGCAG,0,23130
TSS_1414_storz_regulondb,0.16666666666666666,5,5,GTACCCGACTAGGTGTACAC,0,37659
TSS_1414_storz_regulondb,0.16666666666666666,5,5,GTACCCCGGCAATGATATCA,0,11544
TSS_1414_storz_regulondb,0.16666666666666666,5,5,GTACATGCTGGGGCAAAACA,0,30717
TSS_1414_storz_regulondb,0.16666666666666666,5,5,GTACACTGGTAGATGTCGTC,0,22845
TSS_1414_storz_regulondb,0.16666666666666666,5,5,GTAATTTGACTCAAATCAAC,0,40649
TSS_1414_storz_regulondb,0.16666666666666666,5,5,GTAATGAATAACCGACCGGG,0,14852
TSS_1414_storz_regulondb,0.16666666666666666,5,5,GTAACTGGCATATACATTCA,0,77177
TSS_1414_storz_regulondb,0.16666666666666666,5,5,GTAACTCGTTCCTACCATAT,0,71130
TSS_1414_storz_regulondb,0.16666666666666666,5,5,GTAAATTTGTACTAGGGGTC,0,40880
TSS_1414_storz_regulondb,0.16666666666666666,5,5,GTAAATTCTTTATAGTCTTC,0,4498
TSS_1414_storz_regulondb,0.16666666666666666,5,5,GTAAACGTGGGCGAGATGCA,0,17106
TSS_1414_storz_regulondb,0.16666666666666666,5,5,GGTTTTTTTTGGATGTTCGA,0,2828
TSS_1414_storz_regulondb,0.16666666666666666,5,5,GGTTTTAGACGGGTTACCGT,0,47558
TSS_1414_storz_regulondb,0.16666666666666666,5,5,GGTTTTACAAATGTAGCGGG,0,14648
TSS_1414_storz_regulondb,0.16666666666666666,5,5,GGTTGCCCTGGATGCGAATC,0,46242
TSS_1414_storz_regulondb,0.16666666666666666,5,5,GGTTCGCGCTTCTTCATCGT,0,56290
TSS_1414_storz_regulondb,0.16666666666666666,5,5,GGTTCCCTAGCTATCGGCTG,0,40438
TSS_1414_storz_regulondb,0.16666666666666666,5,5,GGTTATTCTAGAGTTTGGGG,0,73485
TSS_1414_storz_regulondb,0.16666666666666666,5,5,GGTTATCTCCTGGGATGCTC,0,75317
TSS_1414_storz_regulondb,0.16666666666666666,5,5,GGTGTTACCGGGAGTTAATT,0,13391
TSS_1414_storz_regulondb,0.16666666666666666,5,5,GGTGTGACAATGCTTCTGAT,0,27
TSS_1414_storz_regulondb,0.16666666666666666,5,5,GGTGTCAAGCAACGGACGCA,0,14705
TSS_1414_storz_regulondb,0.16666666666666666,5,5,GGTGGTGAGTGCATATAGTC,0,27159
TSS_1414_storz_regulondb,0.16666666666666666,5,5,GGTGGATGAGGGCTGGTTCT,0,16864
TSS_1414_storz_regulondb,0.16666666666666666,5,5,GGTGCAGAGTTGTTTTACGA,0,57472
TSS_1414_storz_regulondb,0.16666666666666666,5,5,GGTGAGAGGTAACGCCGGAT,0,24357
TSS_1414_storz_regulondb,0.16666666666666666,5,5,GGTGAAGACGTTCTTTCTAG,0,64715
TSS_1414_storz_regulondb,0.16666666666666666,5,5,GGTCTAAGTGTCCCAGCGTG,0,24813
TSS_1414_storz_regulondb,0.16666666666666666,5,5,GGTCGCCTTGGTTGATAGGG,0,62895
TSS_1414_storz_regulondb,0.16666666666666666,5,5,GGTCATAGCATGAGCGTTAT,0,40315
TSS_1414_storz_regulondb,0.16666666666666666,5,5,GGTCACTGGAATCGGTGTAC,0,58546
TSS_1414_storz_regulondb,0.16666666666666666,5,5,GGTCAAGATCCCGACAGTTG,0,39909
TSS_1414_storz_regulondb,0.16666666666666666,5,5,GGTATGTTACGGTAAATAAT,0,42797
TSS_1414_storz_regulondb,0.16666666666666666,5,5,GGTATGAGATGGGGGATGCG,0,1169
TSS_1414_storz_regulondb,0.16666666666666666,5,5,GGTAGTGGGCCGTCTCACAA,0,60101
TSS_1414_storz_regulondb,0.16666666666666666,5,5,GGTAGTCCATCAAATGGAAC,0,72228
TSS_1414_storz_regulondb,0.16666666666666666,5,5,GGTACCCGTCACAGCACGTG,0,22825
TSS_1414_storz_regulondb,0.16666666666666666,5,5,GGTAAGGCTCAGTGTGCCAC,0,63873
TSS_1414_storz_regulondb,0.16666666666666666,5,5,GGTAACTCTCGTTAGATTTA,0,29305
TSS_1414_storz_regulondb,0.16666666666666666,5,5,GGTAACGGCGGAATTATAAA,0,55297
TSS_1414_storz_regulondb,0.16666666666666666,5,5,GGGTTTGATAATGAGACCGC,0,48199
TSS_1414_storz_regulondb,0.16666666666666666,5,5,GGGTCGCTGTCCATGAGATT,0,37056
TSS_1414_storz_regulondb,0.16666666666666666,5,5,GGGTAGCGTTGCTGTAGCCA,0,43805
TSS_1414_storz_regulondb,0.16666666666666666,5,5,GGGTACGACGGGATACTAAG,0,34531
TSS_1414_storz_regulondb,0.16666666666666666,5,5,GGGTAAGTGACTGTACGTCT,0,14368
TSS_1414_storz_regulondb,0.16666666666666666,5,5,GGGGTTTCCAGCGGGATAAA,0,42952
TSS_1414_storz_regulondb,0.16666666666666666,5,5,GGGGTGTTTCTCTAAGCATC,0,51681
TSS_1414_storz_regulondb,0.16666666666666666,5,5,GGGGGCACCTCTGTACTTCA,0,15750
TSS_1414_storz_regulondb,0.16666666666666666,5,5,GGGGGAAGGTTTGAGGTTTT,0,54704
TSS_1414_storz_regulondb,0.16666666666666666,5,5,GGGGCACAGTGGCAACCATT,0,62702
TSS_1414_storz_regulondb,0.16666666666666666,5,5,GGGGAGTCCTATGAGACAAG,0,76428
TSS_1414_storz_regulondb,0.16666666666666666,5,5,GGGGACGGGGGAAACCACAT,0,79234
TSS_1414_storz_regulondb,0.16666666666666666,5,5,GGGCTTGTATCCGAGAATAC,0,63090
TSS_1414_storz_regulondb,0.16666666666666666,5,5,GGGCTTGGTTATTTTCGAGC,0,32415
TSS_1414_storz_regulondb,0.16666666666666666,5,5,GGGCTATATAAAACTGTTAC,0,46388
TSS_1414_storz_regulondb,0.16666666666666666,5,5,GGGCGGTCCAACAACGTCGG,0,78127
TSS_1414_storz_regulondb,0.16666666666666666,5,5,GGGCATTGGTTGCATTTGGT,0,57232
TSS_1414_storz_regulondb,0.16666666666666666,5,5,GGGCATACGCGGCTCTGCAA,0,13188
TSS_1414_storz_regulondb,0.16666666666666666,5,5,GGGCACAGTTGGCTTTTACT,0,41560
TSS_1414_storz_regulondb,0.16666666666666666,5,5,GGGATTCTTAATTTAGGAAC,0,73749
TSS_1414_storz_regulondb,0.16666666666666666,5,5,GGGATCGTCCCGCCCTCGTC,0,64829
TSS_1414_storz_regulondb,0.16666666666666666,5,5,GGGAGGTGACTCCACCGATA,0,26871
TSS_1414_storz_regulondb,0.16666666666666666,5,5,GGGAGCTGTAGCTCAATGCG,0,69340
TSS_1414_storz_regulondb,0.16666666666666666,5,5,GGGACTCCTGAACCCGCGAC,0,26856
TSS_1414_storz_regulondb,0.16666666666666666,5,5,GGGACACCGCCAAACGCCCG,0,24886
TSS_1414_storz_regulondb,0.16666666666666666,5,5,GGGAATTGGTGAATTGGTTC,0,50729
TSS_1414_storz_regulondb,0.16666666666666666,5,5,GGGAACTGCCATCACCATAG,0,21273
TSS_1414_storz_regulondb,0.16666666666666666,5,5,GGCTTGCACTCCGCGAATGA,0,71331
TSS_1414_storz_regulondb,0.16666666666666666,5,5,GGCTGGCCGAGTTTTAGCGC,0,72411
TSS_1414_storz_regulondb,0.16666666666666666,5,5,GGCTGAATAACCGAAAAAGC,0,56656
TSS_1414_storz_regulondb,0.16666666666666666,5,5,GGCTCAAGCGAAAGCTAGAA,0,81098
TSS_1414_storz_regulondb,0.16666666666666666,5,5,GGCTATAATACCTATTCGGT,0,3306
TSS_1414_storz_regulondb,0.16666666666666666,5,5,GGCTAGGTAAAAACATGCCT,0,28293
TSS_1414_storz_regulondb,0.16666666666666666,5,5,GGCGGTCAAGGTGGCGCTTC,0,42286
TSS_1414_storz_regulondb,0.16666666666666666,5,5,GGCGGCAGAGGGCACAGTTT,0,10903
TSS_1414_storz_regulondb,0.16666666666666666,5,5,GGCGCTCTATCTGGAAAATA,0,51223
TSS_1414_storz_regulondb,0.16666666666666666,5,5,GGCGCGACAGTCGGTATCTA,0,1784
TSS_1414_storz_regulondb,0.16666666666666666,5,5,GGCCTTTTGCCACAACTCGG,0,4748
TSS_1414_storz_regulondb,0.16666666666666666,5,5,GGCCTAGCCTGTAAACCCAG,0,56306
TSS_1414_storz_regulondb,0.16666666666666666,5,5,GGCCGCAGCCAGGCCGTAGC,0,72288
TSS_1414_storz_regulondb,0.16666666666666666,5,5,GGCCCCGTTGATTGCTCTCA,0,79192
TSS_1414_storz_regulondb,0.16666666666666666,5,5,GGCCCAGGGATCGCTGACGT,0,42560
TSS_1414_storz_regulondb,0.16666666666666666,5,5,GGCATTATTCTACACGATTG,0,30920
TSS_1414_storz_regulondb,0.16666666666666666,5,5,GGCATATGGCCCATGCTCTG,0,15836
TSS_1414_storz_regulondb,0.16666666666666666,5,5,GGCATATCAGAGCGAAGTTA,0,30565
TSS_1414_storz_regulondb,0.16666666666666666,5,5,GGCAGTTATACGTCGAGTAA,0,65560
TSS_1414_storz_regulondb,0.16666666666666666,5,5,GGCACGTCCTTAGGTATGTA,0,80630
TSS_1414_storz_regulondb,0.16666666666666666,5,5,GGCACCGCAATCGACTCAAC,0,24470
TSS_1414_storz_regulondb,0.16666666666666666,5,5,GGCAAGGATAACTTACTTGC,0,60935
TSS_1414_storz_regulondb,0.16666666666666666,5,5,GGATTAACCTTCGCCACGGA,0,33347
TSS_1414_storz_regulondb,0.16666666666666666,5,5,GGATTAACCCTGGTTCGGTG,0,63672
TSS_1414_storz_regulondb,0.16666666666666666,5,5,GGATGGGTCTGCAAACTGGA,0,58346
TSS_1414_storz_regulondb,0.16666666666666666,5,5,GGATGAGACCGGGCGGGAAG,0,12967
TSS_1414_storz_regulondb,0.16666666666666666,5,5,GGATCTAACAGCGCATCCAG,0,7146
TSS_1414_storz_regulondb,0.16666666666666666,5,5,GGAGTGATGCATGGCATTGC,0,41345
TSS_1414_storz_regulondb,0.16666666666666666,5,5,GGAGGTCGGGTGCATAGGAA,0,49509
TSS_1414_storz_regulondb,0.16666666666666666,5,5,GGAGGTAACCCCGTAGTTAT,0,62405
TSS_1414_storz_regulondb,0.16666666666666666,5,5,GGAGGCGTAATCTATAGGTT,0,74799
TSS_1414_storz_regulondb,0.16666666666666666,5,5,GGAGGAGCCTGAGTCATAAA,0,44422
TSS_1414_storz_regulondb,0.16666666666666666,5,5,GGAGCTGGAGTGAGATTCAC,0,70939
TSS_1414_storz_regulondb,0.16666666666666666,5,5,GGAGCGTGTGCGAATGCAGA,0,31854
TSS_1414_storz_regulondb,0.16666666666666666,5,5,GGAGCCGACTGTAGTATAAT,0,20560
TSS_1414_storz_regulondb,0.16666666666666666,5,5,GGAGAGCTGCCAGAAAGCCT,0,48383
TSS_1414_storz_regulondb,0.16666666666666666,5,5,GGACTCATTGATGATTTGGT,0,21399
TSS_1414_storz_regulondb,0.16666666666666666,5,5,GGACGTGAGGGAAGCTACTG,0,33424
TSS_1414_storz_regulondb,0.16666666666666666,5,5,GGACCGGCATTGGAGCCGCA,0,35119
TSS_1414_storz_regulondb,0.16666666666666666,5,5,GGACATTTTAACACTCGGGA,0,55558
TSS_1414_storz_regulondb,0.16666666666666666,5,5,GGAATTTTATACTAGGTCAC,0,10869
TSS_1414_storz_regulondb,0.16666666666666666,5,5,GGAATATCAGAGTGTCCGTA,0,43775
TSS_1414_storz_regulondb,0.16666666666666666,5,5,GCTTTTTATGTAACAAGAAA,0,32150
TSS_1414_storz_regulondb,0.16666666666666666,5,5,GCTTTCCTTCCGATAGGATT,0,61862
TSS_1414_storz_regulondb,0.16666666666666666,5,5,GCTTTACCGGGGTGAATAGG,0,45107
TSS_1414_storz_regulondb,0.16666666666666666,5,5,GCTTGGCTATTCAATCACGC,0,33455
TSS_1414_storz_regulondb,0.16666666666666666,5,5,GCTTCCTTGCTATCCCAGTG,0,5426
TSS_1414_storz_regulondb,0.16666666666666666,5,5,GCTTAGTTGATATGTTTTCT,0,8889
TSS_1414_storz_regulondb,0.16666666666666666,5,5,GCTGGTTTCACAGCGATGGT,0,65369
TSS_1414_storz_regulondb,0.16666666666666666,5,5,GCTGCTCTAAGGTTTCGAGG,0,2216
TSS_1414_storz_regulondb,0.16666666666666666,5,5,GCTGCTCCGGAAATATTGTT,0,55768
TSS_1414_storz_regulondb,0.16666666666666666,5,5,GCTGAGCCTCCGAATGTAAT,0,9788
TSS_1414_storz_regulondb,0.16666666666666666,5,5,GCTCTATTCGAAATGCAGAT,0,36186
TSS_1414_storz_regulondb,0.16666666666666666,5,5,GCTCGTGCTACTGTTAGAAG,0,24781
TSS_1414_storz_regulondb,0.16666666666666666,5,5,GCTCGCCATCTTAAACGGTT,0,72660
TSS_1414_storz_regulondb,0.16666666666666666,5,5,GCTATTGATGGTCCTTGTTG,0,66584
TSS_1414_storz_regulondb,0.16666666666666666,5,5,GCTATTAAATTGGTCACCTC,0,68669
TSS_1414_storz_regulondb,0.16666666666666666,5,5,GCTATCACGTGAATACAGAG,0,22770
TSS_1414_storz_regulondb,0.16666666666666666,5,5,GCTAGTCTCTATACTGGTAC,0,45598
TSS_1414_storz_regulondb,0.16666666666666666,5,5,GCTAGGACAGCGAACGACGT,0,19471
TSS_1414_storz_regulondb,0.16666666666666666,5,5,GCTACTGTTAAATTCATAGT,0,49688
TSS_1414_storz_regulondb,0.16666666666666666,5,5,GCGTTTATAGCACGGAACCC,0,71038
TSS_1414_storz_regulondb,0.16666666666666666,5,5,GCGTTCTCACCTTGGTTTGT,0,32454
TSS_1414_storz_regulondb,0.16666666666666666,5,5,GCGTTCGGAGTGTGCTTTCC,0,35225
TSS_1414_storz_regulondb,0.16666666666666666,5,5,GCGTTACCGCCACTTCCAAG,0,68488
TSS_1414_storz_regulondb,0.16666666666666666,5,5,GCGTGTCGTCTAACCGTTAA,0,19929
TSS_1414_storz_regulondb,0.16666666666666666,5,5,GCGTGGCTGGTAGATGCAAG,0,58954
TSS_1414_storz_regulondb,0.16666666666666666,5,5,GCGTGGCAGAATGGGACCTA,0,1275
TSS_1414_storz_regulondb,0.16666666666666666,5,5,GCGTCGGCGATATGGGTCTC,0,63659
TSS_1414_storz_regulondb,0.16666666666666666,5,5,GCGGCGTATGTAACTTATTT,0,79044
TSS_1414_storz_regulondb,0.16666666666666666,5,5,GCGGCGTAAATCTGCGGTTT,0,8610
TSS_1414_storz_regulondb,0.16666666666666666,5,5,GCGGATTCATAAGATATAGG,0,55526
TSS_1414_storz_regulondb,0.16666666666666666,5,5,GCGGACTAACCACGTAGCCC,0,34535
TSS_1414_storz_regulondb,0.16666666666666666,5,5,GCGCTTTTTCATACCTCTTT,0,23050
TSS_1414_storz_regulondb,0.16666666666666666,5,5,GCGCTCGTGCTCGAGAGCTT,0,54711
TSS_1414_storz_regulondb,0.16666666666666666,5,5,GCGCGGCACATACTTTCGAA,0,19251
TSS_1414_storz_regulondb,0.16666666666666666,5,5,GCGCATATGGCATAGACACG,0,44941
TSS_1414_storz_regulondb,0.16666666666666666,5,5,GCGCATACTAGCATACCGGT,0,4506
TSS_1414_storz_regulondb,0.16666666666666666,5,5,GCGCAGCTTCTTGGACTTGT,0,58085
TSS_1414_storz_regulondb,0.16666666666666666,5,5,GCGCACTCTTGAGGTGTTCA,0,9626
TSS_1414_storz_regulondb,0.16666666666666666,5,5,GCGCAAGCGTACCTGTAGGG,0,27890
TSS_1414_storz_regulondb,0.16666666666666666,5,5,GCGATTCCCGTACAGCAGGA,0,80649
TSS_1414_storz_regulondb,0.16666666666666666,5,5,GCGATGGCGGTCGATGTAAT,0,67384
TSS_1414_storz_regulondb,0.16666666666666666,5,5,GCGAGGGGTCACCATCCGCG,0,21319
TSS_1414_storz_regulondb,0.16666666666666666,5,5,GCGAGCTCACGGGGTATTTA,0,67897
TSS_1414_storz_regulondb,0.16666666666666666,5,5,GCGACTTAGGTCGAACATTT,0,54494
TSS_1414_storz_regulondb,0.16666666666666666,5,5,GCGACACTTCTCCATCGGTG,0,8656
TSS_1414_storz_regulondb,0.16666666666666666,5,5,GCGAAATTGAAATTCATTTA,0,66079
TSS_1414_storz_regulondb,0.16666666666666666,5,5,GCGAAAGTCATCGTAATCGT,0,55541
TSS_1414_storz_regulondb,0.16666666666666666,5,5,GCGAAAGGACACAATTGTAC,0,9508
TSS_1414_storz_regulondb,0.16666666666666666,5,5,GCCTTAAGATCTCGCAATGT,0,5162
TSS_1414_storz_regulondb,0.16666666666666666,5,5,GCCTGTGTGTAACGCGGCGT,0,32494
TSS_1414_storz_regulondb,0.16666666666666666,5,5,GCCTCGGACATGTGTAACGA,0,4909
TSS_1414_storz_regulondb,0.16666666666666666,5,5,GCCTCACTGATCTAAGGGAA,0,735
TSS_1414_storz_regulondb,0.16666666666666666,5,5,GCCTCAATATAGTCCAGGCC,0,69046
TSS_1414_storz_regulondb,0.16666666666666666,5,5,GCCTATTAGGTTCACCGGTC,0,59345
TSS_1414_storz_regulondb,0.16666666666666666,5,5,GCCTAACGAAGGAAAGGCGA,0,50319
TSS_1414_storz_regulondb,0.16666666666666666,5,5,GCCGTGTCTCCCAGTTAGAT,0,9781
TSS_1414_storz_regulondb,0.16666666666666666,5,5,GCCGGGCGGTGAACAATGAC,0,39949
TSS_1414_storz_regulondb,0.16666666666666666,5,5,GCCGGAGTAGGGGATACGCA,0,41515
TSS_1414_storz_regulondb,0.16666666666666666,5,5,GCCGCCGGCTCACCACACGG,0,76584
TSS_1414_storz_regulondb,0.16666666666666666,5,5,GCCCTTCGTTTTCCAAGTAC,0,5130
TSS_1414_storz_regulondb,0.16666666666666666,5,5,GCCCTCAAGTTGGAATAATG,0,11965
TSS_1414_storz_regulondb,0.16666666666666666,5,5,GCCCTAGAGCTCTGAGAGTA,0,80807
TSS_1414_storz_regulondb,0.16666666666666666,5,5,GCCCGTCTTTCATCGCTAGG,0,57441
TSS_1414_storz_regulondb,0.16666666666666666,5,5,GCCCAGTAACAAGGCATATT,0,66307
TSS_1414_storz_regulondb,0.16666666666666666,5,5,GCCCAGAATACAGACGCCTC,0,61680
TSS_1414_storz_regulondb,0.16666666666666666,5,5,GCCATTATAAGAACGGGCAA,0,9731
TSS_1414_storz_regulondb,0.16666666666666666,5,5,GCCACGGCGGGCTTGGTGGC,0,23119
TSS_1414_storz_regulondb,0.16666666666666666,5,5,GCCAATGTCGGGAGGGACAT,0,40033
TSS_1414_storz_regulondb,0.16666666666666666,5,5,GCCAATGGACGGCGGCGTCT,0,66724
TSS_1414_storz_regulondb,0.16666666666666666,5,5,GCATTTCCCGTCACCCAATC,0,52202
TSS_1414_storz_regulondb,0.16666666666666666,5,5,GCATTGTGAAAAGGAATAAG,0,47894
TSS_1414_storz_regulondb,0.16666666666666666,5,5,GCATTCCATGAGGGACTAAG,0,40059
TSS_1414_storz_regulondb,0.16666666666666666,5,5,GCATATTGTGAACCGGGCTG,0,31757
TSS_1414_storz_regulondb,0.16666666666666666,5,5,GCATAGGCCTCCCGGCGCGG,0,74356
TSS_1414_storz_regulondb,0.16666666666666666,5,5,GCATAACACTGAAGGAGCTT,0,35456
TSS_1414_storz_regulondb,0.16666666666666666,5,5,GCAGTGGTACGAACACGTTG,0,41167
TSS_1414_storz_regulondb,0.16666666666666666,5,5,GCAGTCCAATCGCAGGCGAT,0,23324
TSS_1414_storz_regulondb,0.16666666666666666,5,5,GCAGTAGAGGGGCTTATGAC,0,54465
TSS_1414_storz_regulondb,0.16666666666666666,5,5,GCAGGAGTGGCTGAAGTTGA,0,6492
TSS_1414_storz_regulondb,0.16666666666666666,5,5,GCAGAGATCGGAGATGGAGT,0,14630
TSS_1414_storz_regulondb,0.16666666666666666,5,5,GCACTCATGCCTGTTCGGAG,0,26302
TSS_1414_storz_regulondb,0.16666666666666666,5,5,GCACACGGTTTGAGACTACG,0,41060
TSS_1414_storz_regulondb,0.16666666666666666,5,5,GCAAATTGAGGGCCTCGCAT,0,39033
TSS_1414_storz_regulondb,0.16666666666666666,5,5,GCAAAGCTCCAGTGTGCTTG,0,79376
TSS_1414_storz_regulondb,0.16666666666666666,5,5,GCAAAGAAGATGATGACCTG,0,33326
TSS_1414_storz_regulondb,0.16666666666666666,5,5,GCAAACAAATTTCATCACAA,0,49616
TSS_1414_storz_regulondb,0.16666666666666666,5,5,GATTTGAGAAAGTAATGAAC,0,54853
TSS_1414_storz_regulondb,0.16666666666666666,5,5,GATTGGTGAACAAGTACCTT,0,40657
TSS_1414_storz_regulondb,0.16666666666666666,5,5,GATTGGACCCAAAGCCCTCT,0,613
TSS_1414_storz_regulondb,0.16666666666666666,5,5,GATTGCTAAGGGCGACAGTA,0,12780
TSS_1414_storz_regulondb,0.16666666666666666,5,5,GATGGTAATCTGAGGAATTC,0,80001
TSS_1414_storz_regulondb,0.16666666666666666,5,5,GATGCGGGCCAAGAACTTTG,0,17696
TSS_1414_storz_regulondb,0.16666666666666666,5,5,GATCGATCGCAGGGAGGTAG,0,5902
TSS_1414_storz_regulondb,0.16666666666666666,5,5,GATCCTATGTTAACTAAGAC,0,23580
TSS_1414_storz_regulondb,0.16666666666666666,5,5,GATCCGGCCTCTTTTTGGCA,0,40859
TSS_1414_storz_regulondb,0.16666666666666666,5,5,GATCATGGGACCGGAAACGG,0,14506
TSS_1414_storz_regulondb,0.16666666666666666,5,5,GATCACCAGCTAAAGAGTTC,0,72125
TSS_1414_storz_regulondb,0.16666666666666666,5,5,GATAGCGGGAAAATGGAGAC,0,58730
TSS_1414_storz_regulondb,0.16666666666666666,5,5,GATACATGTTTTGAGATACA,0,43508
TSS_1414_storz_regulondb,0.16666666666666666,5,5,GATAAGCGGTACCTAAAGAG,0,26549
TSS_1414_storz_regulondb,0.16666666666666666,5,5,GAGTTGATTATGGCTGCGTG,0,3951
TSS_1414_storz_regulondb,0.16666666666666666,5,5,GAGTGTCAGCAAGGTGTTGG,0,66309
TSS_1414_storz_regulondb,0.16666666666666666,5,5,GAGTCATCGCGGGAGGACGC,0,79900
TSS_1414_storz_regulondb,0.16666666666666666,5,5,GAGTATAGGGTACACATCAA,0,41538
TSS_1414_storz_regulondb,0.16666666666666666,5,5,GAGTAATGATCGCGACAGCG,0,43788
TSS_1414_storz_regulondb,0.16666666666666666,5,5,GAGGTTAGTGAAAACGTCTA,0,66168
TSS_1414_storz_regulondb,0.16666666666666666,5,5,GAGGTATCCGGAACGTGCGC,0,79293
TSS_1414_storz_regulondb,0.16666666666666666,5,5,GAGGGCAGTTCATGGGACTT,0,53437
TSS_1414_storz_regulondb,0.16666666666666666,5,5,GAGGATGCTGTCTAGACCCT,0,53347
TSS_1414_storz_regulondb,0.16666666666666666,5,5,GAGCGCCCTAAGGTTCCGCT,0,67158
TSS_1414_storz_regulondb,0.16666666666666666,5,5,GAGCCCATATGGGCTATGTA,0,14957
TSS_1414_storz_regulondb,0.16666666666666666,5,5,GAGCATGGAACAACCTTTCC,0,60304
TSS_1414_storz_regulondb,0.16666666666666666,5,5,GAGAGCGAGGCCATAGAATT,0,4847
TSS_1414_storz_regulondb,0.16666666666666666,5,5,GACTGGATTCTATCCAGAAC,0,49289
TSS_1414_storz_regulondb,0.16666666666666666,5,5,GACTCGGGCTTCGGGAGGGG,0,11527
TSS_1414_storz_regulondb,0.16666666666666666,5,5,GACTCGGGCAACATACCCAG,0,68904
TSS_1414_storz_regulondb,0.16666666666666666,5,5,GACTAGATGTTGAATAGGTT,0,31906
TSS_1414_storz_regulondb,0.16666666666666666,5,5,GACGGTGATCACATATACAT,0,25224
TSS_1414_storz_regulondb,0.16666666666666666,5,5,GACGCGGATTTGATCACGCT,0,10391
TSS_1414_storz_regulondb,0.16666666666666666,5,5,GACGAGTGGTGTAGCTCCAT,0,1918
TSS_1414_storz_regulondb,0.16666666666666666,5,5,GACCGGGACTATCCCTTTTT,0,36755
TSS_1414_storz_regulondb,0.16666666666666666,5,5,GACCGCCTCGTTCGTCGGGC,0,14695
TSS_1414_storz_regulondb,0.16666666666666666,5,5,GACCGAGCCGAGTAGAGTAG,0,54516
TSS_1414_storz_regulondb,0.16666666666666666,5,5,GACATGTTTGGCATTTGATT,0,63935
TSS_1414_storz_regulondb,0.16666666666666666,5,5,GACATACCAACGCGTTACTA,0,10444
TSS_1414_storz_regulondb,0.16666666666666666,5,5,GACAGCATCAACAGCCCCTT,0,44378
TSS_1414_storz_regulondb,0.16666666666666666,5,5,GACAGACGATATGAAGCAGG,0,69332
TSS_1414_storz_regulondb,0.16666666666666666,5,5,GACACTTTGCGTTTTCTACC,0,22694
TSS_1414_storz_regulondb,0.16666666666666666,5,5,GACACGTCACAGTCGGTAAT,0,75116
TSS_1414_storz_regulondb,0.16666666666666666,5,5,GACAACCGTTACTCAGCCAC,0,16214
TSS_1414_storz_regulondb,0.16666666666666666,5,5,GAATCTTGTTTGTCAGAAAC,0,68275
TSS_1414_storz_regulondb,0.16666666666666666,5,5,GAATACCTGCTAATCATGTT,0,16453
TSS_1414_storz_regulondb,0.16666666666666666,5,5,GAAGGGTGTTTACGTCCGCA,0,76840
TSS_1414_storz_regulondb,0.16666666666666666,5,5,GAAGCCGTACCACACAGTGA,0,58093
TSS_1414_storz_regulondb,0.16666666666666666,5,5,GAAGCCCTAGGCTACGCTAC,0,62163
TSS_1414_storz_regulondb,0.16666666666666666,5,5,GAAGATATACTAACAACTAG,0,4838
TSS_1414_storz_regulondb,0.16666666666666666,5,5,GAACCTATGGACCCTTCAAC,0,62347
TSS_1414_storz_regulondb,0.16666666666666666,5,5,GAACACCTGGTTGATGACCA,0,41354
TSS_1414_storz_regulondb,0.16666666666666666,5,5,GAAATTGGGTTCGAAGGCGG,0,30937
TSS_1414_storz_regulondb,0.16666666666666666,5,5,GAAAGCTTACACCTCGTCGC,0,52020
TSS_1414_storz_regulondb,0.16666666666666666,5,5,GAAAGCCTCCAGCCCCCCTA,0,23482
TSS_1414_storz_regulondb,0.16666666666666666,5,5,GAAAGCAACTCGGTTCAGAT,0,73403
TSS_1414_storz_regulondb,0.16666666666666666,5,5,CTTTGACCAGCACGGAGGAT,0,2140
TSS_1414_storz_regulondb,0.16666666666666666,5,5,CTTTGACCAAGGCTTGTCGC,0,27659
TSS_1414_storz_regulondb,0.16666666666666666,5,5,CTTTACGATTCGGACAGTGG,0,36097
TSS_1414_storz_regulondb,0.16666666666666666,5,5,CTTTACATACCGAAGATCGT,0,2003
TSS_1414_storz_regulondb,0.16666666666666666,5,5,CTTGTCCGATGCGTTAGTGT,0,46878
TSS_1414_storz_regulondb,0.16666666666666666,5,5,CTTGTACGCAATCGTGTTAG,0,18901
TSS_1414_storz_regulondb,0.16666666666666666,5,5,CTTGGTTTGACCACTGCCCA,0,76401
TSS_1414_storz_regulondb,0.16666666666666666,5,5,CTTGGTGAACTTGAGCCTTG,0,59443
TSS_1414_storz_regulondb,0.16666666666666666,5,5,CTTGAGCACCGACCTATGTA,0,80895
TSS_1414_storz_regulondb,0.16666666666666666,5,5,CTTCTATGACTGGGAATTGT,0,54460
TSS_1414_storz_regulondb,0.16666666666666666,5,5,CTTCGGAATGCGCGAAACGC,0,63534
TSS_1414_storz_regulondb,0.16666666666666666,5,5,CTTCGCTCAACTAGGTTCAG,0,10955
TSS_1414_storz_regulondb,0.16666666666666666,5,5,CTTCCTGCCCGGCTGAATAA,0,57311
TSS_1414_storz_regulondb,0.16666666666666666,5,5,CTTAAGATCCTTCCGAGCCA,0,22200
TSS_1414_storz_regulondb,0.16666666666666666,5,5,CTTAACCTGGCTACCACACA,0,14753
TSS_1414_storz_regulondb,0.16666666666666666,5,5,CTGTTTTGGTTGAGCAACAA,0,18263
TSS_1414_storz_regulondb,0.16666666666666666,5,5,CTGTGGTACAGAGCCGCCAA,0,2228
TSS_1414_storz_regulondb,0.16666666666666666,5,5,CTGTATCTCAGTTAGAATCT,0,56084
TSS_1414_storz_regulondb,0.16666666666666666,5,5,CTGTACTGAGGTTAAGTGAG,0,21559
TSS_1414_storz_regulondb,0.16666666666666666,5,5,CTGGCTTTTTATTAACGCGT,0,8706
TSS_1414_storz_regulondb,0.16666666666666666,5,5,CTGGCCCCATCCGCCGTTGT,0,14216
TSS_1414_storz_regulondb,0.16666666666666666,5,5,CTGGAGGAAATGCAAACCGT,0,49984
TSS_1414_storz_regulondb,0.16666666666666666,5,5,CTGGACCGTAATCTATAGAG,0,44534
TSS_1414_storz_regulondb,0.16666666666666666,5,5,CTGGAATGGCCAAGCCCTCC,0,1896
TSS_1414_storz_regulondb,0.16666666666666666,5,5,CTGGAACCAGCTGCTCAAAA,0,41061
TSS_1414_storz_regulondb,0.16666666666666666,5,5,CTGGAAAGATTCCTCATAAA,0,2314
TSS_1414_storz_regulondb,0.16666666666666666,5,5,CTGCTTTTGTATAACCGGAA,0,36512
TSS_1414_storz_regulondb,0.16666666666666666,5,5,CTGCTTGAAACTTTCGTCAG,0,15997
TSS_1414_storz_regulondb,0.16666666666666666,5,5,CTGCCACTTTAACTTATCAT,0,15950
TSS_1414_storz_regulondb,0.16666666666666666,5,5,CTGATGCTACGATTAAGTCT,0,42958
TSS_1414_storz_regulondb,0.16666666666666666,5,5,CTGAGGGAATCTCGTTGTAC,0,45415
TSS_1414_storz_regulondb,0.16666666666666666,5,5,CTGAGGAGTTAAAGACAAGG,0,39669
TSS_1414_storz_regulondb,0.16666666666666666,5,5,CTGAGCATGTGGACGGTGCT,0,47642
TSS_1414_storz_regulondb,0.16666666666666666,5,5,CTGAGAGTGGATAGTGAGCG,0,47997
TSS_1414_storz_regulondb,0.16666666666666666,5,5,CTGAGAACTAGCTTGTAGTT,0,3245
TSS_1414_storz_regulondb,0.16666666666666666,5,5,CTGACCCCTAAATTCCGAGC,0,78661
TSS_1414_storz_regulondb,0.16666666666666666,5,5,CTCTTTATAAGGGGATTGCT,0,51727
TSS_1414_storz_regulondb,0.16666666666666666,5,5,CTCTTGCGGCTACCTTCCAT,0,15210
TSS_1414_storz_regulondb,0.16666666666666666,5,5,CTCTGGCGAGCGCCCACTAT,0,66000
TSS_1414_storz_regulondb,0.16666666666666666,5,5,CTCTCGTAGGGGTGGTATCA,0,76345
TSS_1414_storz_regulondb,0.16666666666666666,5,5,CTCTAGTGTGGGTTCCCACC,0,58796
TSS_1414_storz_regulondb,0.16666666666666666,5,5,CTCTACGACGTGCTTCAGCG,0,63893
TSS_1414_storz_regulondb,0.16666666666666666,5,5,CTCGCTCCGACATAGCCTTT,0,19855
TSS_1414_storz_regulondb,0.16666666666666666,5,5,CTCGCGTGAGATAGTAGTTT,0,11592
TSS_1414_storz_regulondb,0.16666666666666666,5,5,CTCGCGCAGAGCAAGGCAGT,0,46309
TSS_1414_storz_regulondb,0.16666666666666666,5,5,CTCCTTTCGGACTCATCATA,0,36513
TSS_1414_storz_regulondb,0.16666666666666666,5,5,CTCCGTTGCGGACCTCAGTT,0,1067
TSS_1414_storz_regulondb,0.16666666666666666,5,5,CTCCGATCGGGCTTACCGAA,0,25359
TSS_1414_storz_regulondb,0.16666666666666666,5,5,CTCCATTGGGTCGATTATAA,0,28319
TSS_1414_storz_regulondb,0.16666666666666666,5,5,CTCAGGAGTGTTGGGTTAGG,0,17248
TSS_1414_storz_regulondb,0.16666666666666666,5,5,CTCACTTTTGTCACAACTAC,0,69550
TSS_1414_storz_regulondb,0.16666666666666666,5,5,CTCACCAAGCCTCAGAATAG,0,26638
TSS_1414_storz_regulondb,0.16666666666666666,5,5,CTATTGCCAAGCAGTAGTTT,0,34694
TSS_1414_storz_regulondb,0.16666666666666666,5,5,CTATTATTTCCTCATTCAGG,0,57957
TSS_1414_storz_regulondb,0.16666666666666666,5,5,CTATTAAGAAAACTACTCAC,0,52264
TSS_1414_storz_regulondb,0.16666666666666666,5,5,CTATGTCTTGACTGCTGTAC,0,3226
TSS_1414_storz_regulondb,0.16666666666666666,5,5,CTATGCTTGCTGATGGACAG,0,63037
TSS_1414_storz_regulondb,0.16666666666666666,5,5,CTATGCATAAGTCTCTAGGG,0,75667
TSS_1414_storz_regulondb,0.16666666666666666,5,5,CTATCGGTAGTCAGGTAGTC,0,47467
TSS_1414_storz_regulondb,0.16666666666666666,5,5,CTATAGTATCTGGCGCGGGT,0,68102
TSS_1414_storz_regulondb,0.16666666666666666,5,5,CTAGTGATCTAGCTAAGCAC,0,38570
TSS_1414_storz_regulondb,0.16666666666666666,5,5,CTAGTAGTTGTAGAACACTT,0,13385
TSS_1414_storz_regulondb,0.16666666666666666,5,5,CTAGTACTAATTATGGAGGG,0,22432
TSS_1414_storz_regulondb,0.16666666666666666,5,5,CTAGGTTGCTTAGCTGGGTC,0,649
TSS_1414_storz_regulondb,0.16666666666666666,5,5,CTAGGTCTAATCTCCTGCAG,0,51272
TSS_1414_storz_regulondb,0.16666666666666666,5,5,CTAGGAATTCGGTAAAGATG,0,26529
TSS_1414_storz_regulondb,0.16666666666666666,5,5,CTAGCCGCGTGATAGGCAGA,0,21825
TSS_1414_storz_regulondb,0.16666666666666666,5,5,CTAGATCGTACGGGACGCTA,0,33427
TSS_1414_storz_regulondb,0.16666666666666666,5,5,CTAGAATGAGTTGAATCGAT,0,78000
TSS_1414_storz_regulondb,0.16666666666666666,5,5,CTACTGGAGACTCCTACGCT,0,36498
TSS_1414_storz_regulondb,0.16666666666666666,5,5,CTACTGATTTTAAAGGCCCT,0,26133
TSS_1414_storz_regulondb,0.16666666666666666,5,5,CTACGTGATGATCGATCATA,0,65816
TSS_1414_storz_regulondb,0.16666666666666666,5,5,CTACATAGCATTCAATCAGC,0,34428
TSS_1414_storz_regulondb,0.16666666666666666,5,5,CTACAGAGGTAGTCAAGCGT,0,37342
TSS_1414_storz_regulondb,0.16666666666666666,5,5,CTACAACGTGGATGTCCCTG,0,50338
TSS_1414_storz_regulondb,0.16666666666666666,5,5,CTAATGAACCATAAACAAAA,0,65333
TSS_1414_storz_regulondb,0.16666666666666666,5,5,CTAAGTAGTCTTGGGGTACG,0,44403
TSS_1414_storz_regulondb,0.16666666666666666,5,5,CTAACTAGATCCTAGGACAA,0,34070
TSS_1414_storz_regulondb,0.16666666666666666,5,5,CTAAATGATGACACCCGAGA,0,34366
TSS_1414_storz_regulondb,0.16666666666666666,5,5,CGTTTGATTTATATCATTAT,0,23421
TSS_1414_storz_regulondb,0.16666666666666666,5,5,CGTTCCCACCGCCAAGCTGA,0,44190
TSS_1414_storz_regulondb,0.16666666666666666,5,5,CGTTACAACGAAGGGCCAGA,0,72287
TSS_1414_storz_regulondb,0.16666666666666666,5,5,CGTGTATATCCATCTGTAAG,0,17161
TSS_1414_storz_regulondb,0.16666666666666666,5,5,CGTGTAGCCCAGCTGGTCGT,0,20407
TSS_1414_storz_regulondb,0.16666666666666666,5,5,CGTGGCCCCAGTTGTAGGCC,0,7236
TSS_1414_storz_regulondb,0.16666666666666666,5,5,CGTGCGGGTTCATGCGAATG,0,36819
TSS_1414_storz_regulondb,0.16666666666666666,5,5,CGTGACAGTAACCTGTGTAA,0,74250
TSS_1414_storz_regulondb,0.16666666666666666,5,5,CGTCTCCAAGTCACGCGAGG,0,30553
TSS_1414_storz_regulondb,0.16666666666666666,5,5,CGTCGTCGGGTTACAGCTCG,0,71334
TSS_1414_storz_regulondb,0.16666666666666666,5,5,CGTCGGAACGATTCCAAAGT,0,26544
TSS_1414_storz_regulondb,0.16666666666666666,5,5,CGTCGAGATCACAAGAGTAG,0,11266
TSS_1414_storz_regulondb,0.16666666666666666,5,5,CGTCAAGGCGCGAGTGTCGC,0,26075
TSS_1414_storz_regulondb,0.16666666666666666,5,5,CGTATATGGTTACACTGAGT,0,48884
TSS_1414_storz_regulondb,0.16666666666666666,5,5,CGTAGTAGACACATGACATG,0,22263
TSS_1414_storz_regulondb,0.16666666666666666,5,5,CGTAGAAGGTCGGCATTCCG,0,40384
TSS_1414_storz_regulondb,0.16666666666666666,5,5,CGTACTTGTGACAATCGGGA,0,77814
TSS_1414_storz_regulondb,0.16666666666666666,5,5,CGTACAAAGGCACACCTGTG,0,25584
TSS_1414_storz_regulondb,0.16666666666666666,5,5,CGTAATATTCAGGAGCCTCA,0,75658
TSS_1414_storz_regulondb,0.16666666666666666,5,5,CGTAATAAAACGTTAATAGA,0,33618
TSS_1414_storz_regulondb,0.16666666666666666,5,5,CGTAACTATGCATGCAAGTC,0,34122
TSS_1414_storz_regulondb,0.16666666666666666,5,5,CGTAAAGCAGGGACCTTGAT,0,25661
TSS_1414_storz_regulondb,0.16666666666666666,5,5,CGGTTTCTCGTGAACCCGGT,0,40803
TSS_1414_storz_regulondb,0.16666666666666666,5,5,CGGTGCTACTCCGGGAGCTC,0,77634
TSS_1414_storz_regulondb,0.16666666666666666,5,5,CGGTGATGCTGAATGCGAAA,0,39567
TSS_1414_storz_regulondb,0.16666666666666666,5,5,CGGTCTGGATAGTGGTGGCG,0,41386
TSS_1414_storz_regulondb,0.16666666666666666,5,5,CGGTCTAGGTTTCCTGAGTT,0,63215
TSS_1414_storz_regulondb,0.16666666666666666,5,5,CGGTCAAGTAAAGGTCAAGA,0,33421
TSS_1414_storz_regulondb,0.16666666666666666,5,5,CGGTAGCGGAGGCCTATTGT,0,54988
TSS_1414_storz_regulondb,0.16666666666666666,5,5,CGGGTTGTGACTTCAAGCAA,0,468
TSS_1414_storz_regulondb,0.16666666666666666,5,5,CGGGTGGTCACAGAATAACG,0,12811
TSS_1414_storz_regulondb,0.16666666666666666,5,5,CGGGTCCCCAGGTCTTAGCG,0,76148
TSS_1414_storz_regulondb,0.16666666666666666,5,5,CGGGGTCTCGGTCATGGCGG,0,68421
TSS_1414_storz_regulondb,0.16666666666666666,5,5,CGGGGGTCTCTAACGGTTAA,0,46684
TSS_1414_storz_regulondb,0.16666666666666666,5,5,CGGGCTAAGTTTTAATCGGA,0,1943
TSS_1414_storz_regulondb,0.16666666666666666,5,5,CGGGCGGGAATGCCCAGCGA,0,8315
TSS_1414_storz_regulondb,0.16666666666666666,5,5,CGGGCGCTCACGATTAGAGA,0,53654
TSS_1414_storz_regulondb,0.16666666666666666,5,5,CGGGAGGGCGCGTCTGCCGG,0,2767
TSS_1414_storz_regulondb,0.16666666666666666,5,5,CGGCTGTAGGCTATTCGCAT,0,24125
TSS_1414_storz_regulondb,0.16666666666666666,5,5,CGGCTGATTTCTAGGGCGAT,0,80327
TSS_1414_storz_regulondb,0.16666666666666666,5,5,CGGCTCTCTTGTTCAAACGT,0,42649
TSS_1414_storz_regulondb,0.16666666666666666,5,5,CGGCGGCTGGCAATGGCAAT,0,25368
TSS_1414_storz_regulondb,0.16666666666666666,5,5,CGGCGCAATGATAGCACATG,0,40430
TSS_1414_storz_regulondb,0.16666666666666666,5,5,CGGCCCTACAGATTCGAATT,0,72447
TSS_1414_storz_regulondb,0.16666666666666666,5,5,CGGCAGATGGCGAGTCTCTA,0,52242
TSS_1414_storz_regulondb,0.16666666666666666,5,5,CGGATGGTAATATTGTTCGG,0,34744
TSS_1414_storz_regulondb,0.16666666666666666,5,5,CGGATATTCGGCGTGACCAG,0,41071
TSS_1414_storz_regulondb,0.16666666666666666,5,5,CGGAGGGGCGCCGGAGACGT,0,7500
TSS_1414_storz_regulondb,0.16666666666666666,5,5,CGGACATGCAAGCTCGCATA,0,996
TSS_1414_storz_regulondb,0.16666666666666666,5,5,CGGAAAGTTCCGAATACTCA,0,73578
TSS_1414_storz_regulondb,0.16666666666666666,5,5,CGCTCGAATGACATCGTTAT,0,31091
TSS_1414_storz_regulondb,0.16666666666666666,5,5,CGCTCATTCGCCGCACACCT,0,70995
TSS_1414_storz_regulondb,0.16666666666666666,5,5,CGCGGCCAGCTAATTAACTA,0,2265
TSS_1414_storz_regulondb,0.16666666666666666,5,5,CGCGCGTGTACTAAAAAGCT,0,19606
TSS_1414_storz_regulondb,0.16666666666666666,5,5,CGCGAAATTTGGTATATTGT,0,31571
TSS_1414_storz_regulondb,0.16666666666666666,5,5,CGCCTTAGGGTGAAGTCCAT,0,80460
TSS_1414_storz_regulondb,0.16666666666666666,5,5,CGCCTCGACAAGGTAGGGAC,0,41459
TSS_1414_storz_regulondb,0.16666666666666666,5,5,CGCCTATCTTTATTGGCGAG,0,8236
TSS_1414_storz_regulondb,0.16666666666666666,5,5,CGCCCTACTGGGTTACAGCG,0,5533
TSS_1414_storz_regulondb,0.16666666666666666,5,5,CGCCCTAAACAATCGTCAGT,0,19852
TSS_1414_storz_regulondb,0.16666666666666666,5,5,CGCCCGTACAGCTTTTCAGA,0,4908
TSS_1414_storz_regulondb,0.16666666666666666,5,5,CGCCCGGCGGGTGCGACAAA,0,16523
TSS_1414_storz_regulondb,0.16666666666666666,5,5,CGCCCACGAGTTCGCGTCGC,0,64917
TSS_1414_storz_regulondb,0.16666666666666666,5,5,CGCCCACCGTACCGGGGCCC,0,65391
TSS_1414_storz_regulondb,0.16666666666666666,5,5,CGCATTAGTAGAGATGACAT,0,40331
TSS_1414_storz_regulondb,0.16666666666666666,5,5,CGCATCTGGCATCGTGTCCC,0,47659
TSS_1414_storz_regulondb,0.16666666666666666,5,5,CGCATCGGACGCTTGAGACG,0,39203
TSS_1414_storz_regulondb,0.16666666666666666,5,5,CGCAGCATGACAAAAGCCTC,0,66603
TSS_1414_storz_regulondb,0.16666666666666666,5,5,CGCAGAAATCTAAGGCCAGA,0,59252
TSS_1414_storz_regulondb,0.16666666666666666,5,5,CGCACCTCCAAGATGTAAGA,0,42315
TSS_1414_storz_regulondb,0.16666666666666666,5,5,CGCACACGGCGGATGCGTGA,0,29905
TSS_1414_storz_regulondb,0.16666666666666666,5,5,CGATTTGATGAGGCAACTAA,0,74580
TSS_1414_storz_regulondb,0.16666666666666666,5,5,CGATTCCGGGGACAAGCTCG,0,66194
TSS_1414_storz_regulondb,0.16666666666666666,5,5,CGATGGCTCGGGGTACAAAA,0,24676
TSS_1414_storz_regulondb,0.16666666666666666,5,5,CGATGACTATAGTTCTGTTT,0,65222
TSS_1414_storz_regulondb,0.16666666666666666,5,5,CGAGTCAACGGGGACACCCC,0,16586
TSS_1414_storz_regulondb,0.16666666666666666,5,5,CGAGTAAACTTGGGGTTGCA,0,3349
TSS_1414_storz_regulondb,0.16666666666666666,5,5,CGAGCTCACATAAACCATCT,0,32696
TSS_1414_storz_regulondb,0.16666666666666666,5,5,CGAGAGCCTGTGCGGCCTAC,0,12919
TSS_1414_storz_regulondb,0.16666666666666666,5,5,CGAGAAGACTCTTCCTGGGT,0,8849
TSS_1414_storz_regulondb,0.16666666666666666,5,5,CGACTATAACACGCGCTCTA,0,74598
TSS_1414_storz_regulondb,0.16666666666666666,5,5,CGACGGCGGCTTTAGAGGCT,0,8071
TSS_1414_storz_regulondb,0.16666666666666666,5,5,CGACATGCTGTCTGTTTGGA,0,54754
TSS_1414_storz_regulondb,0.16666666666666666,5,5,CGACATAAAAGGGTAAATGT,0,15749
TSS_1414_storz_regulondb,0.16666666666666666,5,5,CGACACAGCCTGACTACAAA,0,56251
TSS_1414_storz_regulondb,0.16666666666666666,5,5,CGAATTACGGCAATCGTAGC,0,11992
TSS_1414_storz_regulondb,0.16666666666666666,5,5,CGAAGTGAGCCACTCCTAGT,0,44656
TSS_1414_storz_regulondb,0.16666666666666666,5,5,CGAAGTCTTGATGCGTGAAA,0,40164
TSS_1414_storz_regulondb,0.16666666666666666,5,5,CGAAGTCACGCCGGGCGTTA,0,75622
TSS_1414_storz_regulondb,0.16666666666666666,5,5,CGAAGCCCAGGCGCGTTGCT,0,76346
TSS_1414_storz_regulondb,0.16666666666666666,5,5,CGAACAACGGGTGATCGCTA,0,77232
TSS_1414_storz_regulondb,0.16666666666666666,5,5,CCTTTTTTGCCTATAACGTC,0,51931
TSS_1414_storz_regulondb,0.16666666666666666,5,5,CCTTGGAATGATGCGATGGA,0,32868
TSS_1414_storz_regulondb,0.16666666666666666,5,5,CCTTGAAGCTTCTAGCCCCT,0,5793
TSS_1414_storz_regulondb,0.16666666666666666,5,5,CCTTCTGTTCAGGCTTAGCA,0,15631
TSS_1414_storz_regulondb,0.16666666666666666,5,5,CCTTAGCAGGTCCTTTAGGT,0,72248
TSS_1414_storz_regulondb,0.16666666666666666,5,5,CCTGGCTGCTTGTGCAGGTG,0,58896
TSS_1414_storz_regulondb,0.16666666666666666,5,5,CCTGGATTGAGCTAGGTTAA,0,45247
TSS_1414_storz_regulondb,0.16666666666666666,5,5,CCTGCAGTGTCTAAAAATGG,0,53429
TSS_1414_storz_regulondb,0.16666666666666666,5,5,CCTGAAAAATATCCGCAGTA,0,28658
TSS_1414_storz_regulondb,0.16666666666666666,5,5,CCTCTGTAACTTGCGCCACA,0,52521
TSS_1414_storz_regulondb,0.16666666666666666,5,5,CCTCGAGCACGGTCCCTTTA,0,13525
TSS_1414_storz_regulondb,0.16666666666666666,5,5,CCTCCCAGATGTGTGTAATG,0,45657
TSS_1414_storz_regulondb,0.16666666666666666,5,5,CCTATTCAGGGGATATGTAA,0,64287
TSS_1414_storz_regulondb,0.16666666666666666,5,5,CCTATCACGCCCTATTTACT,0,58870
TSS_1414_storz_regulondb,0.16666666666666666,5,5,CCTAGAAATGATTCAACGGT,0,26768
TSS_1414_storz_regulondb,0.16666666666666666,5,5,CCTACCGGGAACTTGAATTT,0,27286
TSS_1414_storz_regulondb,0.16666666666666666,5,5,CCGTTTATAGTAGCCGGAGA,0,48925
TSS_1414_storz_regulondb,0.16666666666666666,5,5,CCGTGGAACGAGACACCTCT,0,47556
TSS_1414_storz_regulondb,0.16666666666666666,5,5,CCGTCCCGACGCACGACGTG,0,1568
TSS_1414_storz_regulondb,0.16666666666666666,5,5,CCGTCAAATTGGCGTGTATT,0,3751
TSS_1414_storz_regulondb,0.16666666666666666,5,5,CCGTATCTGCCATTGCGTGA,0,74272
TSS_1414_storz_regulondb,0.16666666666666666,5,5,CCGGGTGTTCATCCGTAAGT,0,48388
TSS_1414_storz_regulondb,0.16666666666666666,5,5,CCGGGTCTAACAGTCTGTCC,0,76563
TSS_1414_storz_regulondb,0.16666666666666666,5,5,CCGGGGGAACTTGCCCCTTG,0,2600
TSS_1414_storz_regulondb,0.16666666666666666,5,5,CCGGCTAGCGCAGTCGTTCA,0,44938
TSS_1414_storz_regulondb,0.16666666666666666,5,5,CCGCTAGCGCCCCCGTTTAT,0,3532
TSS_1414_storz_regulondb,0.16666666666666666,5,5,CCGCGTCACTAAACTGGGAC,0,48379
TSS_1414_storz_regulondb,0.16666666666666666,5,5,CCGCGTAGCTCCAAAAGGGT,0,74276
TSS_1414_storz_regulondb,0.16666666666666666,5,5,CCGCGGAAAGCGTACGTGAT,0,36824
TSS_1414_storz_regulondb,0.16666666666666666,5,5,CCGCACTATGTCAAATTACC,0,29656
TSS_1414_storz_regulondb,0.16666666666666666,5,5,CCGCAAGAAGTATTGTACCT,0,73535
TSS_1414_storz_regulondb,0.16666666666666666,5,5,CCGCAACCGGTCTCAATTAT,0,14280
TSS_1414_storz_regulondb,0.16666666666666666,5,5,CCGATTCACTAATTCATGTT,0,50016
TSS_1414_storz_regulondb,0.16666666666666666,5,5,CCGATGTGTGGCCTCGTCAA,0,67545
TSS_1414_storz_regulondb,0.16666666666666666,5,5,CCGATCCGGGTGTGAATTAT,0,12531
TSS_1414_storz_regulondb,0.16666666666666666,5,5,CCGATCCCATGAAGAGCTTG,0,42697
TSS_1414_storz_regulondb,0.16666666666666666,5,5,CCGAGGGGGAAAAGATTAAG,0,25674
TSS_1414_storz_regulondb,0.16666666666666666,5,5,CCGACCGAGGCCAATTTGGG,0,30300
TSS_1414_storz_regulondb,0.16666666666666666,5,5,CCCTCTTCATACTTCTATAT,0,56516
TSS_1414_storz_regulondb,0.16666666666666666,5,5,CCCTCTCTTCTGAGGACTCA,0,54263
TSS_1414_storz_regulondb,0.16666666666666666,5,5,CCCTCACCGTTTTCCATCAC,0,76582
TSS_1414_storz_regulondb,0.16666666666666666,5,5,CCCGTTGAAACGAGCAGCAC,0,38843
TSS_1414_storz_regulondb,0.16666666666666666,5,5,CCCGAGTGGGTGGTGCGTCG,0,16392
TSS_1414_storz_regulondb,0.16666666666666666,5,5,CCCGAACTATGCCGCGGGCA,0,18185
TSS_1414_storz_regulondb,0.16666666666666666,5,5,CCCGAAAGTGTGCATAGGTG,0,52809
TSS_1414_storz_regulondb,0.16666666666666666,5,5,CCCCGTAAAGTAATTGCGAG,0,19421
TSS_1414_storz_regulondb,0.16666666666666666,5,5,CCCCGGATAGTGGGTCCGTC,0,58176
TSS_1414_storz_regulondb,0.16666666666666666,5,5,CCCCGAGCGTAGACCCTCTC,0,9222
TSS_1414_storz_regulondb,0.16666666666666666,5,5,CCCCGACAATTAATGGGTTA,0,60461
TSS_1414_storz_regulondb,0.16666666666666666,5,5,CCCCGAAAGTGAGCCTAATC,0,43645
TSS_1414_storz_regulondb,0.16666666666666666,5,5,CCCCCTCGATCCAACCTAGG,0,64098
TSS_1414_storz_regulondb,0.16666666666666666,5,5,CCCCATACTGAGCTAGTAGT,0,67590
TSS_1414_storz_regulondb,0.16666666666666666,5,5,CCCATGGTCGAGGCCTGCAG,0,76618
TSS_1414_storz_regulondb,0.16666666666666666,5,5,CCCAGTGCCTCGCGTCAAAA,0,33386
TSS_1414_storz_regulondb,0.16666666666666666,5,5,CCCAGTACCCTATGTGGGAA,0,11722
TSS_1414_storz_regulondb,0.16666666666666666,5,5,CCCACGAGGGGTCCTATTAA,0,65343
TSS_1414_storz_regulondb,0.16666666666666666,5,5,CCCACCCAGATGAGCTCGGC,0,62400
TSS_1414_storz_regulondb,0.16666666666666666,5,5,CCCAAATGATAAATTGTGGT,0,66386
TSS_1414_storz_regulondb,0.16666666666666666,5,5,CCCAAAATACCGCATCGGCC,0,49125
TSS_1414_storz_regulondb,0.16666666666666666,5,5,CCATGGTAAGCATCATAAGG,0,36518
TSS_1414_storz_regulondb,0.16666666666666666,5,5,CCATGGACTTCCATTTGGCT,0,70882
TSS_1414_storz_regulondb,0.16666666666666666,5,5,CCATCTACCTAAGTTTACAA,0,35403
TSS_1414_storz_regulondb,0.16666666666666666,5,5,CCATCGACATACGGTTGGAT,0,65260
TSS_1414_storz_regulondb,0.16666666666666666,5,5,CCATACCTACTTAACCGGAG,0,16209
TSS_1414_storz_regulondb,0.16666666666666666,5,5,CCATACAGGATACACCTCGA,0,30216
TSS_1414_storz_regulondb,0.16666666666666666,5,5,CCAGTTTCCCCGGCGTTGCG,0,15647
TSS_1414_storz_regulondb,0.16666666666666666,5,5,CCAGTTGGAAACATCATCCG,0,36908
TSS_1414_storz_regulondb,0.16666666666666666,5,5,CCAGGGTGGTCTCCTAGAAT,0,74892
TSS_1414_storz_regulondb,0.16666666666666666,5,5,CCAGGGACTGAAGGAACCAG,0,37344
TSS_1414_storz_regulondb,0.16666666666666666,5,5,CCAGGACCGGGTTAGCTGTT,0,11676
TSS_1414_storz_regulondb,0.16666666666666666,5,5,CCAGCTTGCGGACCCCGTTG,0,56950
TSS_1414_storz_regulondb,0.16666666666666666,5,5,CCAGCTTGCAGAGAGCCTAC,0,40405
TSS_1414_storz_regulondb,0.16666666666666666,5,5,CCAGCGCGTATACCAAAATG,0,72172
TSS_1414_storz_regulondb,0.16666666666666666,5,5,CCAGAGTGCGGTTCATCACA,0,56008
TSS_1414_storz_regulondb,0.16666666666666666,5,5,CCAGACATGCACAGACGGGT,0,25069
TSS_1414_storz_regulondb,0.16666666666666666,5,5,CCACGGTAATCGCGCGGTGA,0,40482
TSS_1414_storz_regulondb,0.16666666666666666,5,5,CCACCTACACTGCTCGACGG,0,31181
TSS_1414_storz_regulondb,0.16666666666666666,5,5,CCACACGCGGCTAGTCCTTG,0,18214
TSS_1414_storz_regulondb,0.16666666666666666,5,5,CCAATGATTGCAATATGTCC,0,834
TSS_1414_storz_regulondb,0.16666666666666666,5,5,CCAAGTGGTCGTCTACACCG,0,5192
TSS_1414_storz_regulondb,0.16666666666666666,5,5,CCAAACATGGACGATGCGAG,0,76685
TSS_1414_storz_regulondb,0.16666666666666666,5,5,CATTGAGTACGACCGTGTGT,0,70236
TSS_1414_storz_regulondb,0.16666666666666666,5,5,CATTCTCCAGTATTGATTCA,0,41168
TSS_1414_storz_regulondb,0.16666666666666666,5,5,CATTATGTTTGGTCAGGTCA,0,47416
TSS_1414_storz_regulondb,0.16666666666666666,5,5,CATGTCGGCCATTCTAGAGT,0,2796
TSS_1414_storz_regulondb,0.16666666666666666,5,5,CATGGATACACCATTTACAC,0,35016
TSS_1414_storz_regulondb,0.16666666666666666,5,5,CATGGAGGCTCCGTTATCAC,0,13454
TSS_1414_storz_regulondb,0.16666666666666666,5,5,CATGCTGCGCCAATCCACTA,0,6675
TSS_1414_storz_regulondb,0.16666666666666666,5,5,CATGCCAGGATCCAGGTTCA,0,20911
TSS_1414_storz_regulondb,0.16666666666666666,5,5,CATCTCTATTAGCAAAGACA,0,37252
TSS_1414_storz_regulondb,0.16666666666666666,5,5,CATCGCTTACACATTCTGAT,0,27532
TSS_1414_storz_regulondb,0.16666666666666666,5,5,CATCGCTAAGGGTTTACATA,0,2921
TSS_1414_storz_regulondb,0.16666666666666666,5,5,CATCGAGGCAAGCTTATACT,0,2926
TSS_1414_storz_regulondb,0.16666666666666666,5,5,CATCGAAACATGTAAGGCAA,0,65946
TSS_1414_storz_regulondb,0.16666666666666666,5,5,CATCCGATGCGCCTTGCGGA,0,11870
TSS_1414_storz_regulondb,0.16666666666666666,5,5,CATCATCGCGGAACTTTGAA,0,15739
TSS_1414_storz_regulondb,0.16666666666666666,5,5,CATCAGGTTGGTCTTTAGTT,0,73537
TSS_1414_storz_regulondb,0.16666666666666666,5,5,CATATTTGTGATGCGAAGGA,0,31581
TSS_1414_storz_regulondb,0.16666666666666666,5,5,CATATTGTTCAGTTTAACGA,0,7187
TSS_1414_storz_regulondb,0.16666666666666666,5,5,CATATGGGACGGGCTGAGCC,0,69958
TSS_1414_storz_regulondb,0.16666666666666666,5,5,CATAGCTCATCTAGGAACCT,0,75142
TSS_1414_storz_regulondb,0.16666666666666666,5,5,CATAGCATCCCTTCACCCTA,0,17989
TSS_1414_storz_regulondb,0.16666666666666666,5,5,CATAGACAATGACTATTTGT,0,68365
TSS_1414_storz_regulondb,0.16666666666666666,5,5,CATACTGGCTAGACATTACG,0,67281
TSS_1414_storz_regulondb,0.16666666666666666,5,5,CATACAGAGTTTCTGTGTGA,0,14596
TSS_1414_storz_regulondb,0.16666666666666666,5,5,CAGTTGGGTTCGTTCGGCTG,0,26637
TSS_1414_storz_regulondb,0.16666666666666666,5,5,CAGTGTCAGGAACCTTCTGA,0,8704
TSS_1414_storz_regulondb,0.16666666666666666,5,5,CAGTCTCATGCGTGATCGGT,0,48012
TSS_1414_storz_regulondb,0.16666666666666666,5,5,CAGTCGAGAACCGGCCTACA,0,6688
TSS_1414_storz_regulondb,0.16666666666666666,5,5,CAGTCCCGCGGGCCGTCCAC,0,11863
TSS_1414_storz_regulondb,0.16666666666666666,5,5,CAGTACGGAGCCGAGAAACA,0,58723
TSS_1414_storz_regulondb,0.16666666666666666,5,5,CAGTACAACGCCTTAATCAT,0,4431
TSS_1414_storz_regulondb,0.16666666666666666,5,5,CAGGGTAACTGCTCATGTTG,0,68104
TSS_1414_storz_regulondb,0.16666666666666666,5,5,CAGGGGACCAGCACGAGATG,0,78838
TSS_1414_storz_regulondb,0.16666666666666666,5,5,CAGGGAGTTTTGGATTTCAC,0,912
TSS_1414_storz_regulondb,0.16666666666666666,5,5,CAGGCTTTTAATCGACCCAA,0,14275
TSS_1414_storz_regulondb,0.16666666666666666,5,5,CAGGCTGCTGGCTGGAGTGC,0,59264
TSS_1414_storz_regulondb,0.16666666666666666,5,5,CAGGCCGAAATGTATACCTT,0,13709
TSS_1414_storz_regulondb,0.16666666666666666,5,5,CAGGCAAACGAGCGATGTCC,0,13571
TSS_1414_storz_regulondb,0.16666666666666666,5,5,CAGGAACGGGGGGGTGGGGT,0,27836
TSS_1414_storz_regulondb,0.16666666666666666,5,5,CAGCGTGGCTGTAAGTGAGT,0,61258
TSS_1414_storz_regulondb,0.16666666666666666,5,5,CAGCCGAGCACAGCCATGTA,0,43268
TSS_1414_storz_regulondb,0.16666666666666666,5,5,CAGCAATGAATAATATTCAA,0,17255
TSS_1414_storz_regulondb,0.16666666666666666,5,5,CAGATTGTTACATGCGGATT,0,52115
TSS_1414_storz_regulondb,0.16666666666666666,5,5,CAGATGTCCCATCAAAAAAC,0,40068
TSS_1414_storz_regulondb,0.16666666666666666,5,5,CAGAGTATTAACCGTGTGTC,0,50621
TSS_1414_storz_regulondb,0.16666666666666666,5,5,CAGAGAAAGGTTATGTTAAT,0,41756
TSS_1414_storz_regulondb,0.16666666666666666,5,5,CAGAAGCTATCTTGCAAGGG,0,42590
TSS_1414_storz_regulondb,0.16666666666666666,5,5,CACTTTGAATCGCTTGCACA,0,79570
TSS_1414_storz_regulondb,0.16666666666666666,5,5,CACTGTGACAACGACGGATA,0,28652
TSS_1414_storz_regulondb,0.16666666666666666,5,5,CACTCGACTCGCGAATACTA,0,32802
TSS_1414_storz_regulondb,0.16666666666666666,5,5,CACTAATTTAAACACACGTG,0,72849
TSS_1414_storz_regulondb,0.16666666666666666,5,5,CACTAATCAAGGGTGGACGC,0,64935
TSS_1414_storz_regulondb,0.16666666666666666,5,5,CACTAATATTATATAATAAT,0,35407
TSS_1414_storz_regulondb,0.16666666666666666,5,5,CACGGGCTTGCGCCGTTCTC,0,19489
TSS_1414_storz_regulondb,0.16666666666666666,5,5,CACGCTGAACAACAGCTAAT,0,40442
TSS_1414_storz_regulondb,0.16666666666666666,5,5,CACGCTAGGCTAGCTTGGGA,0,31837
TSS_1414_storz_regulondb,0.16666666666666666,5,5,CACGAATTTAAGCACTGCCA,0,42540
TSS_1414_storz_regulondb,0.16666666666666666,5,5,CACCCGCACCACGGATGTTA,0,29267
TSS_1414_storz_regulondb,0.16666666666666666,5,5,CACCAATAGGGTCGTGGGAT,0,6182
TSS_1414_storz_regulondb,0.16666666666666666,5,5,CACATTAAAATTTAATTCCA,0,78919
TSS_1414_storz_regulondb,0.16666666666666666,5,5,CACATCGTGCCAGCACTCGG,0,70078
TSS_1414_storz_regulondb,0.16666666666666666,5,5,CACATAGCGAGGTGGCGAGG,0,66323
TSS_1414_storz_regulondb,0.16666666666666666,5,5,CACACGGTCTGACATACTGT,0,20067
TSS_1414_storz_regulondb,0.16666666666666666,5,5,CACAACGGCGCGAACAACTC,0,33459
TSS_1414_storz_regulondb,0.16666666666666666,5,5,CACAACAGTTGCTCAGCATG,0,29559
TSS_1414_storz_regulondb,0.16666666666666666,5,5,CAATGTTCTACGACTGTAAC,0,49998
TSS_1414_storz_regulondb,0.16666666666666666,5,5,CAATCTCGCCGAAACACAAC,0,62479
TSS_1414_storz_regulondb,0.16666666666666666,5,5,CAATCGCTGGGGTAGTTACT,0,45825
TSS_1414_storz_regulondb,0.16666666666666666,5,5,CAATCCCCTAGCAACTACGT,0,54709
TSS_1414_storz_regulondb,0.16666666666666666,5,5,CAATATTGGCCAGCCCCCGT,0,21339
TSS_1414_storz_regulondb,0.16666666666666666,5,5,CAATATTAACTATCCACAGG,0,41766
TSS_1414_storz_regulondb,0.16666666666666666,5,5,CAAGGGTAACCCACCGGGAG,0,15689
TSS_1414_storz_regulondb,0.16666666666666666,5,5,CAAGGAGTCGGATTCAGCCC,0,7120
TSS_1414_storz_regulondb,0.16666666666666666,5,5,CAAGCGATTGTCTGATCCCA,0,51639
TSS_1414_storz_regulondb,0.16666666666666666,5,5,CAAGATCGGATTCCGCTCTG,0,28131
TSS_1414_storz_regulondb,0.16666666666666666,5,5,CAACTGGGTCTTCTCTATTA,0,28320
TSS_1414_storz_regulondb,0.16666666666666666,5,5,CAACTGCTTATATAGAGAGG,0,45440
TSS_1414_storz_regulondb,0.16666666666666666,5,5,CAACTGACGGCGCATTTTGA,0,46312
TSS_1414_storz_regulondb,0.16666666666666666,5,5,CAACAGTACTGGTAATGACT,0,73146
TSS_1414_storz_regulondb,0.16666666666666666,5,5,CAACACTGCACCAGTAGGAC,0,33282
TSS_1414_storz_regulondb,0.16666666666666666,5,5,CAAATTTCGAATTTAGATCA,0,24053
TSS_1414_storz_regulondb,0.16666666666666666,5,5,CAAAGAGGTGAAGACGGATC,0,62180
TSS_1414_storz_regulondb,0.16666666666666666,5,5,CAAAACGGCTCCTAAAGGGC,0,46260
TSS_1414_storz_regulondb,0.16666666666666666,5,5,CAAAAAGCGAATACGCGCCG,0,80732
TSS_1414_storz_regulondb,0.16666666666666666,5,5,ATTTTTTTGCTTGTCGGCCC,0,3111
TSS_1414_storz_regulondb,0.16666666666666666,5,5,ATTTTTCGTTTGTACCAATA,0,13642
TSS_1414_storz_regulondb,0.16666666666666666,5,5,ATTTTTCCGGGTTTTAACAA,0,26443
TSS_1414_storz_regulondb,0.16666666666666666,5,5,ATTTTGACTTTAATGACAGG,0,35012
TSS_1414_storz_regulondb,0.16666666666666666,5,5,ATTTTACCGAGGAAATCTCC,0,46833
TSS_1414_storz_regulondb,0.16666666666666666,5,5,ATTTGGGCCGGATAGCCAAA,0,46634
TSS_1414_storz_regulondb,0.16666666666666666,5,5,ATTTGAGAGGCCCTCCAATA,0,75511
TSS_1414_storz_regulondb,0.16666666666666666,5,5,ATTTAGTTCATACCCCCTAA,0,62878
TSS_1414_storz_regulondb,0.16666666666666666,5,5,ATTGTTATCTGCGGTTGGAC,0,68270
TSS_1414_storz_regulondb,0.16666666666666666,5,5,ATTGGTCTCGCGCGGAAAAG,0,31427
TSS_1414_storz_regulondb,0.16666666666666666,5,5,ATTGCGCCGCAGTGCTGTAG,0,16408
TSS_1414_storz_regulondb,0.16666666666666666,5,5,ATTGCCTAGGATAAGATGCT,0,7514
TSS_1414_storz_regulondb,0.16666666666666666,5,5,ATTGCCAGGGGCAAGCCCAC,0,56702
TSS_1414_storz_regulondb,0.16666666666666666,5,5,ATTCTGCCGGCGGGTCATTT,0,35246
TSS_1414_storz_regulondb,0.16666666666666666,5,5,ATTCTAGTGTTGTACGTAAA,0,20024
TSS_1414_storz_regulondb,0.16666666666666666,5,5,ATTCTACAAAGTTTGGTCGC,0,5068
TSS_1414_storz_regulondb,0.16666666666666666,5,5,ATTCGGAGGAGGTATGGAAG,0,80458
TSS_1414_storz_regulondb,0.16666666666666666,5,5,ATTCCTCTAGTACGTTAGTA,0,55119
TSS_1414_storz_regulondb,0.16666666666666666,5,5,ATTCATCTCGATAGGAGCAA,0,59511
TSS_1414_storz_regulondb,0.16666666666666666,5,5,ATTATAGTAACGCAGGGCAA,0,46916
TSS_1414_storz_regulondb,0.16666666666666666,5,5,ATTACACGTACATATTGGTT,0,27904
TSS_1414_storz_regulondb,0.16666666666666666,5,5,ATTACACGGGTGGCACAACG,0,30272
TSS_1414_storz_regulondb,0.16666666666666666,5,5,ATTAAAATTATACTGGGACA,0,21769
TSS_1414_storz_regulondb,0.16666666666666666,5,5,ATGTGCGTTCAACGACGTAA,0,31774
TSS_1414_storz_regulondb,0.16666666666666666,5,5,ATGTGAGTTACGGCCACTTA,0,76322
TSS_1414_storz_regulondb,0.16666666666666666,5,5,ATGTCTGGTGCTATTTGCTC,0,29151
TSS_1414_storz_regulondb,0.16666666666666666,5,5,ATGTCTCCGTAGGTGATTAT,0,60022
TSS_1414_storz_regulondb,0.16666666666666666,5,5,ATGTCGCAGATCTAGCTGTT,0,9124
TSS_1414_storz_regulondb,0.16666666666666666,5,5,ATGTCAGCCACATTAGCTAT,0,33604
TSS_1414_storz_regulondb,0.16666666666666666,5,5,ATGTATTCGCTACTTTCCCG,0,43806
TSS_1414_storz_regulondb,0.16666666666666666,5,5,ATGGTCGTAAGGAACCAGAG,0,17358
TSS_1414_storz_regulondb,0.16666666666666666,5,5,ATGGGGCCTTATAAAGGTAA,0,64997
TSS_1414_storz_regulondb,0.16666666666666666,5,5,ATGGGATTTGGATCCATTAA,0,52168
TSS_1414_storz_regulondb,0.16666666666666666,5,5,ATGGGACAGGATGCACGTGC,0,10650
TSS_1414_storz_regulondb,0.16666666666666666,5,5,ATGGCAACAGTACCCGTGGA,0,56771
TSS_1414_storz_regulondb,0.16666666666666666,5,5,ATGGATCGCGTTTCGGAACT,0,8366
TSS_1414_storz_regulondb,0.16666666666666666,5,5,ATGGATATGAGGATGGAAGT,0,11149
TSS_1414_storz_regulondb,0.16666666666666666,5,5,ATGGAGGGGGTGTTTGTAAA,0,60800
TSS_1414_storz_regulondb,0.16666666666666666,5,5,ATGGAATTGGCCTACGAAAC,0,19305
TSS_1414_storz_regulondb,0.16666666666666666,5,5,ATGCGGTAAGTGTGTTTTCT,0,45932
TSS_1414_storz_regulondb,0.16666666666666666,5,5,ATGCAAGTTTTGTTTTAAAA,0,43142
TSS_1414_storz_regulondb,0.16666666666666666,5,5,ATGATGACCTGTGCAATTGA,0,74265
TSS_1414_storz_regulondb,0.16666666666666666,5,5,ATGATCTCAAGCCATCCTTG,0,30660
TSS_1414_storz_regulondb,0.16666666666666666,5,5,ATGAGGACCCTGTAGGATGC,0,13223
TSS_1414_storz_regulondb,0.16666666666666666,5,5,ATGAGCCCAAACGACATGAT,0,11400
TSS_1414_storz_regulondb,0.16666666666666666,5,5,ATGACAAAATTATCAAGGTG,0,35286
TSS_1414_storz_regulondb,0.16666666666666666,5,5,ATGAACGATCTCTTTCAGAC,0,20308
TSS_1414_storz_regulondb,0.16666666666666666,5,5,ATCTTCTTTGCTTATAGGTA,0,11328
TSS_1414_storz_regulondb,0.16666666666666666,5,5,ATCTTATACTTCATACGTGC,0,47519
TSS_1414_storz_regulondb,0.16666666666666666,5,5,ATCTTAGGAAGGCTAGTAAA,0,31954
TSS_1414_storz_regulondb,0.16666666666666666,5,5,ATCTTAAGAAGGCCTTTACT,0,55982
TSS_1414_storz_regulondb,0.16666666666666666,5,5,ATCTGGGACGGGGGTATGCA,0,8759
TSS_1414_storz_regulondb,0.16666666666666666,5,5,ATCTGGCCGGTCTGATGCGA,0,6065
TSS_1414_storz_regulondb,0.16666666666666666,5,5,ATCTGCCATCATGGTCTGGG,0,55855
TSS_1414_storz_regulondb,0.16666666666666666,5,5,ATCTCGTTCCGCAGATGACA,0,7022
TSS_1414_storz_regulondb,0.16666666666666666,5,5,ATCTAGTAAGACTGACTGGT,0,41768
TSS_1414_storz_regulondb,0.16666666666666666,5,5,ATCTACGGCCCGCCCTCCAT,0,75370
TSS_1414_storz_regulondb,0.16666666666666666,5,5,ATCGTTGCTTAATTACTTTA,0,77
TSS_1414_storz_regulondb,0.16666666666666666,5,5,ATCGTCCCCACAGTCTTGGG,0,48014
TSS_1414_storz_regulondb,0.16666666666666666,5,5,ATCGGTTTCTAACCATGGTT,0,36658
TSS_1414_storz_regulondb,0.16666666666666666,5,5,ATCGCGTTGCGCTCCCGCTG,0,3196
TSS_1414_storz_regulondb,0.16666666666666666,5,5,ATCGCGCTAGGCCCGCGGAG,0,37097
TSS_1414_storz_regulondb,0.16666666666666666,5,5,ATCGAACAAACGAGGTGAAT,0,6634
TSS_1414_storz_regulondb,0.16666666666666666,5,5,ATCCTTTGACGCCTCTGACA,0,46540
TSS_1414_storz_regulondb,0.16666666666666666,5,5,ATCCTCGATAGAACCGTGGT,0,15048
TSS_1414_storz_regulondb,0.16666666666666666,5,5,ATCCCTGCTCCGATACACGA,0,79577
TSS_1414_storz_regulondb,0.16666666666666666,5,5,ATCCCGGGATGTGTACAGGG,0,45592
TSS_1414_storz_regulondb,0.16666666666666666,5,5,ATCCACGGGTGCCTTACAGA,0,45251
TSS_1414_storz_regulondb,0.16666666666666666,5,5,ATCCACCGGAACACTCTCAA,0,51993
TSS_1414_storz_regulondb,0.16666666666666666,5,5,ATCCACCCCTCCCGTCATCC,0,29123
TSS_1414_storz_regulondb,0.16666666666666666,5,5,ATCAGGACCGATATGCTTGT,0,17091
TSS_1414_storz_regulondb,0.16666666666666666,5,5,ATCAGCGTGGGTCCCGTCCA,0,36354
TSS_1414_storz_regulondb,0.16666666666666666,5,5,ATCAGATAAATTCCTGATTG,0,34547
TSS_1414_storz_regulondb,0.16666666666666666,5,5,ATCACTCACCACAACTAGAG,0,23908
TSS_1414_storz_regulondb,0.16666666666666666,5,5,ATATGTTGTACGACTTACGG,0,78358
TSS_1414_storz_regulondb,0.16666666666666666,5,5,ATATGTCCCATGATAGCCCG,0,3870
TSS_1414_storz_regulondb,0.16666666666666666,5,5,ATATGATTCTCCTCTTATAC,0,7460
TSS_1414_storz_regulondb,0.16666666666666666,5,5,ATATATGGACTTTCGGAATG,0,38561
TSS_1414_storz_regulondb,0.16666666666666666,5,5,ATAGTGTGTACTAAACCAAT,0,64511
TSS_1414_storz_regulondb,0.16666666666666666,5,5,ATAGGTGAAGGCAACGCAAG,0,38461
TSS_1414_storz_regulondb,0.16666666666666666,5,5,ATAGGTAGGCAAGTCATTCA,0,13451
TSS_1414_storz_regulondb,0.16666666666666666,5,5,ATAGGGCCAGGGTTAAGGTA,0,8698
TSS_1414_storz_regulondb,0.16666666666666666,5,5,ATAGGCAAGCGCTGCAATAA,0,42853
TSS_1414_storz_regulondb,0.16666666666666666,5,5,ATAGGAGGCCCAACAGATCT,0,78197
TSS_1414_storz_regulondb,0.16666666666666666,5,5,ATAGCTACGCTTGGCGGCCG,0,61380
TSS_1414_storz_regulondb,0.16666666666666666,5,5,ATAGCGTGGAGAATATTGCC,0,61436
TSS_1414_storz_regulondb,0.16666666666666666,5,5,ATAGAGTAATGCCCGAGCAT,0,4511
TSS_1414_storz_regulondb,0.16666666666666666,5,5,ATAGAAACAAGCTTTCCGGT,0,76375
TSS_1414_storz_regulondb,0.16666666666666666,5,5,ATACTTTCCGAAATCCATTC,0,76697
TSS_1414_storz_regulondb,0.16666666666666666,5,5,ATACGCAGGTTCTGGCTTGC,0,47994
TSS_1414_storz_regulondb,0.16666666666666666,5,5,ATACGAAGACCGCGTATTCC,0,17034
TSS_1414_storz_regulondb,0.16666666666666666,5,5,ATACCCGGCTCATACAAAAT,0,37395
TSS_1414_storz_regulondb,0.16666666666666666,5,5,ATACACGGTATTCAAGGGTA,0,24076
TSS_1414_storz_regulondb,0.16666666666666666,5,5,ATAATTATGTTCTTAATAAA,0,79266
TSS_1414_storz_regulondb,0.16666666666666666,5,5,ATAATGGAACCTAATTTATT,0,43856
TSS_1414_storz_regulondb,0.16666666666666666,5,5,ATAAGACACGTTAAGATGGT,0,33690
TSS_1414_storz_regulondb,0.16666666666666666,5,5,ATAACGAAACACTTGCCGGA,0,61075
TSS_1414_storz_regulondb,0.16666666666666666,5,5,ATAACCGCACAGAGCCGAAC,0,47861
TSS_1414_storz_regulondb,0.16666666666666666,5,5,ATAAATTATGCGCGTTTTGG,0,45347
TSS_1414_storz_regulondb,0.16666666666666666,5,5,ATAAAGCGGCTCAGCGGAGG,0,66793
TSS_1414_storz_regulondb,0.16666666666666666,5,5,AGTTTGAAGTGGAATTGCCT,0,69695
TSS_1414_storz_regulondb,0.16666666666666666,5,5,AGTTTCGGCTACCGGTCAAG,0,69368
TSS_1414_storz_regulondb,0.16666666666666666,5,5,AGTTCCTTTTGCTCGCCCTT,0,49286
TSS_1414_storz_regulondb,0.16666666666666666,5,5,AGTTCAAGGCTAGCCGCAGG,0,59225
TSS_1414_storz_regulondb,0.16666666666666666,5,5,AGTTAGCACACATAATTTTA,0,26249
TSS_1414_storz_regulondb,0.16666666666666666,5,5,AGTGTGTTTGAACGACCTGC,0,1971
TSS_1414_storz_regulondb,0.16666666666666666,5,5,AGTGTGTGAGTCCGCTAAGG,0,57683
TSS_1414_storz_regulondb,0.16666666666666666,5,5,AGTGTCTGATATTGTACGCG,0,78751
TSS_1414_storz_regulondb,0.16666666666666666,5,5,AGTGTCAGTTTGGAACAAGC,0,14209
TSS_1414_storz_regulondb,0.16666666666666666,5,5,AGTGTATGCAGATTAAGATG,0,7311
TSS_1414_storz_regulondb,0.16666666666666666,5,5,AGTGTAAACGAGCCAAAATC,0,44259
TSS_1414_storz_regulondb,0.16666666666666666,5,5,AGTGGGCCTTGCAGTCAGTC,0,71303
TSS_1414_storz_regulondb,0.16666666666666666,5,5,AGTGGCTCAAGCGTAACGTC,0,43370
TSS_1414_storz_regulondb,0.16666666666666666,5,5,AGTGGCCGACCTACTGGAGG,0,44083
TSS_1414_storz_regulondb,0.16666666666666666,5,5,AGTCGTACTCGTTCGACCCG,0,69816
TSS_1414_storz_regulondb,0.16666666666666666,5,5,AGTCGGCCATCGAAAGTTAA,0,3960
TSS_1414_storz_regulondb,0.16666666666666666,5,5,AGTCGGAATGTCTTGCAAAA,0,1435
TSS_1414_storz_regulondb,0.16666666666666666,5,5,AGTCGATTTCGGGTATTGAG,0,19260
TSS_1414_storz_regulondb,0.16666666666666666,5,5,AGTCCTACGAGAAGAACGCG,0,5175
TSS_1414_storz_regulondb,0.16666666666666666,5,5,AGTCCGCGGTTAGGGTTTCG,0,15807
TSS_1414_storz_regulondb,0.16666666666666666,5,5,AGTCATGCTATTTTCAACCA,0,51883
TSS_1414_storz_regulondb,0.16666666666666666,5,5,AGTCAGCATCGAAACACTCG,0,15327
TSS_1414_storz_regulondb,0.16666666666666666,5,5,AGTCACCTAATCTTATCTAA,0,22774
TSS_1414_storz_regulondb,0.16666666666666666,5,5,AGTAGGGGGGCAACGTAGTG,0,66339
TSS_1414_storz_regulondb,0.16666666666666666,5,5,AGTAGGCCTATAAAGTCGCG,0,17708
TSS_1414_storz_regulondb,0.16666666666666666,5,5,AGTAGATAGGTGATTAGAGG,0,13895
TSS_1414_storz_regulondb,0.16666666666666666,5,5,AGTAGACGACCGTAGCTGCT,0,79856
TSS_1414_storz_regulondb,0.16666666666666666,5,5,AGTACAATCCAGAAAATAAG,0,77685
TSS_1414_storz_regulondb,0.16666666666666666,5,5,AGTAATCTTAGTACTTTCTC,0,79375
TSS_1414_storz_regulondb,0.16666666666666666,5,5,AGGTCGCCGACTCAGATCGA,0,47789
TSS_1414_storz_regulondb,0.16666666666666666,5,5,AGGTCGAGACATGACTTCAG,0,21441
TSS_1414_storz_regulondb,0.16666666666666666,5,5,AGGGTTGGTAGCATTAAGCG,0,57776
TSS_1414_storz_regulondb,0.16666666666666666,5,5,AGGGTATAGGGCTTGAGTCG,0,40029
TSS_1414_storz_regulondb,0.16666666666666666,5,5,AGGGGTTCTTCCTATTTTCC,0,16099
TSS_1414_storz_regulondb,0.16666666666666666,5,5,AGGGGGTTCTTGATCGACAT,0,28585
TSS_1414_storz_regulondb,0.16666666666666666,5,5,AGGGCAGGCTCGTCAGGACA,0,26059
TSS_1414_storz_regulondb,0.16666666666666666,5,5,AGGGAGCTATTTTGATGTGA,0,38060
TSS_1414_storz_regulondb,0.16666666666666666,5,5,AGGCTTTGGCGAGCTCGCGG,0,32456
TSS_1414_storz_regulondb,0.16666666666666666,5,5,AGGCTTCGCTCAGCTAAATA,0,37045
TSS_1414_storz_regulondb,0.16666666666666666,5,5,AGGCTTCAAATTCACTGGGG,0,28567
TSS_1414_storz_regulondb,0.16666666666666666,5,5,AGGCTTATCGAGTCACTCGC,0,53653
TSS_1414_storz_regulondb,0.16666666666666666,5,5,AGGCTCGATCACTACGGGGT,0,29208
TSS_1414_storz_regulondb,0.16666666666666666,5,5,AGGCTCGACGTCTTGTAGGT,0,54232
TSS_1414_storz_regulondb,0.16666666666666666,5,5,AGGCGATTCTCGCCGGAACT,0,48063
TSS_1414_storz_regulondb,0.16666666666666666,5,5,AGGCATCCCATGACCGAGGT,0,76212
TSS_1414_storz_regulondb,0.16666666666666666,5,5,AGGCATATAACTATCCCCCA,0,49876
TSS_1414_storz_regulondb,0.16666666666666666,5,5,AGGCATACCCCAATGACTCA,0,18130
TSS_1414_storz_regulondb,0.16666666666666666,5,5,AGGCACGATCACTGGACTGA,0,66993
TSS_1414_storz_regulondb,0.16666666666666666,5,5,AGGCAAGTGGGGCGTGTAGT,0,78690
TSS_1414_storz_regulondb,0.16666666666666666,5,5,AGGATTCTGCGACTGTTCGT,0,62441
TSS_1414_storz_regulondb,0.16666666666666666,5,5,AGGATGCCATTAGCGATGCT,0,50053
TSS_1414_storz_regulondb,0.16666666666666666,5,5,AGGATGAGTGCAAGACGGCA,0,19071
TSS_1414_storz_regulondb,0.16666666666666666,5,5,AGGATCATTAATTCGTAGCC,0,40327
TSS_1414_storz_regulondb,0.16666666666666666,5,5,AGGACTATTAGGACAATTAG,0,8145
TSS_1414_storz_regulondb,0.16666666666666666,5,5,AGCTTCACTACTTTCATCAG,0,58023
TSS_1414_storz_regulondb,0.16666666666666666,5,5,AGCTTAGGGCCAACACGGTA,0,44715
TSS_1414_storz_regulondb,0.16666666666666666,5,5,AGCTGTGCGCTGTCCTAAGA,0,74058
TSS_1414_storz_regulondb,0.16666666666666666,5,5,AGCTGGTCTCAGCCAAAGGG,0,13215
TSS_1414_storz_regulondb,0.16666666666666666,5,5,AGCGTATGCTATAGGGGGGT,0,77681
TSS_1414_storz_regulondb,0.16666666666666666,5,5,AGCGTAAAATCGATGCTGCC,0,16797
TSS_1414_storz_regulondb,0.16666666666666666,5,5,AGCGGAGCATAAACAATGCT,0,10212
TSS_1414_storz_regulondb,0.16666666666666666,5,5,AGCGATCAGGTTAATTTTAG,0,56401
TSS_1414_storz_regulondb,0.16666666666666666,5,5,AGCGACACGACAGAAAACAA,0,63965
TSS_1414_storz_regulondb,0.16666666666666666,5,5,AGCGAATTCAAATACTCCGA,0,10550
TSS_1414_storz_regulondb,0.16666666666666666,5,5,AGCCTGTTCTTCACATTCTT,0,46840
TSS_1414_storz_regulondb,0.16666666666666666,5,5,AGCCTCCTGTTGTGCACGAA,0,11384
TSS_1414_storz_regulondb,0.16666666666666666,5,5,AGCCTCCAAAGAGCGGCGTC,0,26421
TSS_1414_storz_regulondb,0.16666666666666666,5,5,AGCCGTCTTAGCAGAAAGTG,0,67593
TSS_1414_storz_regulondb,0.16666666666666666,5,5,AGCCGGGAGCATGCAATTTG,0,44659
TSS_1414_storz_regulondb,0.16666666666666666,5,5,AGCCGACGCGTGCACGGCTA,0,22216
TSS_1414_storz_regulondb,0.16666666666666666,5,5,AGCCGACCGTTCCTCAACAT,0,39418
TSS_1414_storz_regulondb,0.16666666666666666,5,5,AGCCCTGAACTCCGGAACCC,0,1186
TSS_1414_storz_regulondb,0.16666666666666666,5,5,AGCCAGCTTGAACCAGGTTG,0,70600
TSS_1414_storz_regulondb,0.16666666666666666,5,5,AGCCAGCTCAGTAAAATGCG,0,77085
TSS_1414_storz_regulondb,0.16666666666666666,5,5,AGCCAAATTGTGGACGATCG,0,48936
TSS_1414_storz_regulondb,0.16666666666666666,5,5,AGCATTATACGTTCGGTCTG,0,24689
TSS_1414_storz_regulondb,0.16666666666666666,5,5,AGCATCTTACCACAAATGAG,0,10637
TSS_1414_storz_regulondb,0.16666666666666666,5,5,AGCATCCAAAGATATATCGG,0,41729
TSS_1414_storz_regulondb,0.16666666666666666,5,5,AGCAGGTTGCTTGTGACCGT,0,33672
TSS_1414_storz_regulondb,0.16666666666666666,5,5,AGCACGAACCAGGGGTGTTT,0,41093
TSS_1414_storz_regulondb,0.16666666666666666,5,5,AGCAAGGAGATCCGATAATC,0,11304
TSS_1414_storz_regulondb,0.16666666666666666,5,5,AGCAAATGCCTGATTTTCAC,0,44660
TSS_1414_storz_regulondb,0.16666666666666666,5,5,AGATGTTCCATCTGACTTGG,0,74260
TSS_1414_storz_regulondb,0.16666666666666666,5,5,AGATGGGGGAAGCGTGCCTA,0,1547
TSS_1414_storz_regulondb,0.16666666666666666,5,5,AGATGGGATATTGCAGGTCC,0,25356
TSS_1414_storz_regulondb,0.16666666666666666,5,5,AGATGGCCATGTGACTCTTG,0,17700
TSS_1414_storz_regulondb,0.16666666666666666,5,5,AGATCTTGCTAGCTAGACGG,0,45658
TSS_1414_storz_regulondb,0.16666666666666666,5,5,AGATCTCACAGCATAGAGTT,0,58621
TSS_1414_storz_regulondb,0.16666666666666666,5,5,AGATCTACGTAAGCTTCCGT,0,8894
TSS_1414_storz_regulondb,0.16666666666666666,5,5,AGAGTCCAGCCCGAACTCCT,0,53114
TSS_1414_storz_regulondb,0.16666666666666666,5,5,AGAGCGCCAAGCCTTGGGGG,0,39050
TSS_1414_storz_regulondb,0.16666666666666666,5,5,AGAGCATGTAGACAGATTGC,0,40793
TSS_1414_storz_regulondb,0.16666666666666666,5,5,AGACGGTCGCTCCTCACGGA,0,5292
TSS_1414_storz_regulondb,0.16666666666666666,5,5,AGACGGGGCCTATTGTAGGC,0,61201
TSS_1414_storz_regulondb,0.16666666666666666,5,5,AGACCTTCGATAGTTTCTTA,0,53935
TSS_1414_storz_regulondb,0.16666666666666666,5,5,AGACCTGCTGCAGGGGAAAG,0,5615
TSS_1414_storz_regulondb,0.16666666666666666,5,5,AGACCAGAGTGGGATAAATT,0,66421
TSS_1414_storz_regulondb,0.16666666666666666,5,5,AGACAGAAGGGTGGCAGCGT,0,46905
TSS_1414_storz_regulondb,0.16666666666666666,5,5,AGAAGTACAGCGCGTCGCTG,0,38057
TSS_1414_storz_regulondb,0.16666666666666666,5,5,AGAAGCTACTTACAGCATTG,0,60431
TSS_1414_storz_regulondb,0.16666666666666666,5,5,AGAAGCGGATCTCCCAAGTC,0,48220
TSS_1414_storz_regulondb,0.16666666666666666,5,5,AGAACCGACTGAAGCATATA,0,49963
TSS_1414_storz_regulondb,0.16666666666666666,5,5,AGAAATGCGAATCGATTGGG,0,57838
TSS_1414_storz_regulondb,0.16666666666666666,5,5,AGAAACGGATCATCTGAATA,0,17415
TSS_1414_storz_regulondb,0.16666666666666666,5,5,ACTTTCGACCGCGGGCGCGT,0,60329
TSS_1414_storz_regulondb,0.16666666666666666,5,5,ACTTGGTGTAGGCCTCGTGA,0,55604
TSS_1414_storz_regulondb,0.16666666666666666,5,5,ACTTATTATGTGCATCCAGA,0,18964
TSS_1414_storz_regulondb,0.16666666666666666,5,5,ACTTAAAGGGCGCCAAGCTA,0,15232
TSS_1414_storz_regulondb,0.16666666666666666,5,5,ACTCTATCCCCATAACGGTT,0,11961
TSS_1414_storz_regulondb,0.16666666666666666,5,5,ACTCTAGAAACGGAATGCAA,0,40711
TSS_1414_storz_regulondb,0.16666666666666666,5,5,ACTCGGTAAAAAGCCGGCGT,0,76452
TSS_1414_storz_regulondb,0.16666666666666666,5,5,ACTCGAGGCGTTCAATTGTC,0,30782
TSS_1414_storz_regulondb,0.16666666666666666,5,5,ACTCAGTTATAAATACGCCA,0,74763
TSS_1414_storz_regulondb,0.16666666666666666,5,5,ACTCAAGATCAGATTGACTG,0,78214
TSS_1414_storz_regulondb,0.16666666666666666,5,5,ACTATTCCCGGGTGATATGT,0,51753
TSS_1414_storz_regulondb,0.16666666666666666,5,5,ACTAGCCGCGATCCAAGGCT,0,10343
TSS_1414_storz_regulondb,0.16666666666666666,5,5,ACTAGCAGCGAAAGCCATAT,0,29708
TSS_1414_storz_regulondb,0.16666666666666666,5,5,ACTACAGGGGTAACCATCGT,0,740
TSS_1414_storz_regulondb,0.16666666666666666,5,5,ACTAATCGCGGGTCAGTACG,0,48231
TSS_1414_storz_regulondb,0.16666666666666666,5,5,ACTAAACCCCCCAACTCCAT,0,74052
TSS_1414_storz_regulondb,0.16666666666666666,5,5,ACTAAACAGTCTATAAAACT,0,63383
TSS_1414_storz_regulondb,0.16666666666666666,5,5,ACGTTGTCACCATCGACGGT,0,74890
TSS_1414_storz_regulondb,0.16666666666666666,5,5,ACGTTATATCAGTTGATTGC,0,59771
TSS_1414_storz_regulondb,0.16666666666666666,5,5,ACGTTAGATCAGGGCACGGA,0,37463
TSS_1414_storz_regulondb,0.16666666666666666,5,5,ACGTGTTCGGCAGGCGCTAC,0,25253
TSS_1414_storz_regulondb,0.16666666666666666,5,5,ACGTGTAGTACCTCAGTACT,0,53780
TSS_1414_storz_regulondb,0.16666666666666666,5,5,ACGTGCCCTGCTTAGCCAAC,0,19422
TSS_1414_storz_regulondb,0.16666666666666666,5,5,ACGTGAAGCGCCTATCGTTG,0,10352
TSS_1414_storz_regulondb,0.16666666666666666,5,5,ACGTATTAGGGGCTCGACAC,0,64515
TSS_1414_storz_regulondb,0.16666666666666666,5,5,ACGTAGAGTATTCCTTCCGA,0,77831
TSS_1414_storz_regulondb,0.16666666666666666,5,5,ACGGTCTGCCAGTGCCGGAT,0,54566
TSS_1414_storz_regulondb,0.16666666666666666,5,5,ACGGCGGATACCCCACGGGA,0,58748
TSS_1414_storz_regulondb,0.16666666666666666,5,5,ACGGCCGTCACCGGCAGAGC,0,27212
TSS_1414_storz_regulondb,0.16666666666666666,5,5,ACGGAACTCCGGAATAGTCC,0,61354
TSS_1414_storz_regulondb,0.16666666666666666,5,5,ACGCTTTGTTGGTTTGGCCG,0,65429
TSS_1414_storz_regulondb,0.16666666666666666,5,5,ACGCTGTTTGGGTGTGGTAT,0,52303
TSS_1414_storz_regulondb,0.16666666666666666,5,5,ACGCTCTGATCGCTCTGGGT,0,81
TSS_1414_storz_regulondb,0.16666666666666666,5,5,ACGCGGGTGAGTTCGGTCAG,0,62861
TSS_1414_storz_regulondb,0.16666666666666666,5,5,ACGCGCGTAAAAGACCTTTA,0,21368
TSS_1414_storz_regulondb,0.16666666666666666,5,5,ACGCGCGCTAGCCCATGTAT,0,67894
TSS_1414_storz_regulondb,0.16666666666666666,5,5,ACGCCAGACGACATGCTCTT,0,27183
TSS_1414_storz_regulondb,0.16666666666666666,5,5,ACGCAGTATGTATTTTTTTG,0,57868
TSS_1414_storz_regulondb,0.16666666666666666,5,5,ACGATTCAGGTTATAAATGA,0,47866
TSS_1414_storz_regulondb,0.16666666666666666,5,5,ACGATACAATGCAGTGAAAT,0,29625
TSS_1414_storz_regulondb,0.16666666666666666,5,5,ACGAGCTAGTTACTCTATAC,0,38109
TSS_1414_storz_regulondb,0.16666666666666666,5,5,ACGACGTCGATTTGGAGTAA,0,28085
TSS_1414_storz_regulondb,0.16666666666666666,5,5,ACGACCCATGGTCAGGGGCG,0,65527
TSS_1414_storz_regulondb,0.16666666666666666,5,5,ACGAATAACCCACGCGCATC,0,13716
TSS_1414_storz_regulondb,0.16666666666666666,5,5,ACCTGTTGGTTTTCTGTATA,0,13930
TSS_1414_storz_regulondb,0.16666666666666666,5,5,ACCTGTAAGAAGTTACCGAC,0,13040
TSS_1414_storz_regulondb,0.16666666666666666,5,5,ACCTCTAGTGGGATCCTGGG,0,42831
TSS_1414_storz_regulondb,0.16666666666666666,5,5,ACCTCGACCCTCGGCACCTA,0,78275
TSS_1414_storz_regulondb,0.16666666666666666,5,5,ACCTAGGCTATCCATGTCTG,0,54254
TSS_1414_storz_regulondb,0.16666666666666666,5,5,ACCGTCGGCGTCGAAATACC,0,15633
TSS_1414_storz_regulondb,0.16666666666666666,5,5,ACCGTCCCGGATATTCTACG,0,24262
TSS_1414_storz_regulondb,0.16666666666666666,5,5,ACCGGGGGAGGTCGTTTGGT,0,57334
TSS_1414_storz_regulondb,0.16666666666666666,5,5,ACCGGCCAGTGGACGTGGGC,0,51539
TSS_1414_storz_regulondb,0.16666666666666666,5,5,ACCGGCCACGTGGAGCTAAT,0,24404
TSS_1414_storz_regulondb,0.16666666666666666,5,5,ACCGCGACAGCGGGAATCCC,0,64565
TSS_1414_storz_regulondb,0.16666666666666666,5,5,ACCGATGTTTATGCAATTGT,0,28572
TSS_1414_storz_regulondb,0.16666666666666666,5,5,ACCCTGTGTTAGCACTTGAG,0,28686
TSS_1414_storz_regulondb,0.16666666666666666,5,5,ACCCGCGCGGAGCAACCCTT,0,42961
TSS_1414_storz_regulondb,0.16666666666666666,5,5,ACCCACCGCTGCTCCGGCTT,0,24133
TSS_1414_storz_regulondb,0.16666666666666666,5,5,ACCCAATAACCACCTCGTAT,0,52193
TSS_1414_storz_regulondb,0.16666666666666666,5,5,ACCCAAGGGACGGTGCGAGT,0,15059
TSS_1414_storz_regulondb,0.16666666666666666,5,5,ACCATTGTCACCGCGTTATT,0,65476
TSS_1414_storz_regulondb,0.16666666666666666,5,5,ACCATCTTAGCTATAGATAG,0,36400
TSS_1414_storz_regulondb,0.16666666666666666,5,5,ACCATATCGTTTAATGCGTG,0,29230
TSS_1414_storz_regulondb,0.16666666666666666,5,5,ACCATAGATAGAGAATCGAT,0,995
TSS_1414_storz_regulondb,0.16666666666666666,5,5,ACCACTATCGGAGCGGCTTC,0,25329
TSS_1414_storz_regulondb,0.16666666666666666,5,5,ACCACGGCCTGAGGATTATT,0,71511
TSS_1414_storz_regulondb,0.16666666666666666,5,5,ACCACAGTATCCATACAGGG,0,28354
TSS_1414_storz_regulondb,0.16666666666666666,5,5,ACCAATCACAGTAAAGAATC,0,61968
TSS_1414_storz_regulondb,0.16666666666666666,5,5,ACCAAACACCATAGAGCTAG,0,46802
TSS_1414_storz_regulondb,0.16666666666666666,5,5,ACATTTCTGTGGACAAGCAT,0,36866
TSS_1414_storz_regulondb,0.16666666666666666,5,5,ACATTCGAGAGCCATTAGCA,0,67122
TSS_1414_storz_regulondb,0.16666666666666666,5,5,ACATTACTCATAGGAATATG,0,14356
TSS_1414_storz_regulondb,0.16666666666666666,5,5,ACATTAATCGCGGGAGCGTA,0,35737
TSS_1414_storz_regulondb,0.16666666666666666,5,5,ACATGACGACGAGCAAGCGC,0,42904
TSS_1414_storz_regulondb,0.16666666666666666,5,5,ACATAGGTATTAGCCACCTA,0,67703
TSS_1414_storz_regulondb,0.16666666666666666,5,5,ACATAGAACGTGTCGTATTT,0,71741
TSS_1414_storz_regulondb,0.16666666666666666,5,5,ACAGTTCGGGCGTTTCTATT,0,76653
TSS_1414_storz_regulondb,0.16666666666666666,5,5,ACAGTGCATTTGGACTATTG,0,12300
TSS_1414_storz_regulondb,0.16666666666666666,5,5,ACAGGGTTCAGCGTAAAAGA,0,46434
TSS_1414_storz_regulondb,0.16666666666666666,5,5,ACAGCGCTATGAGAAGCTAA,0,44387
TSS_1414_storz_regulondb,0.16666666666666666,5,5,ACAGCCCCCAAGGCGGACTC,0,40206
TSS_1414_storz_regulondb,0.16666666666666666,5,5,ACAGAGTAACTATTGATTGA,0,11962
TSS_1414_storz_regulondb,0.16666666666666666,5,5,ACACTGGTTTGCAGAGTACA,0,8853
TSS_1414_storz_regulondb,0.16666666666666666,5,5,ACACCGGTCCTCTTACGGGA,0,16798
TSS_1414_storz_regulondb,0.16666666666666666,5,5,ACACCAGTATGTGGGCTGTA,0,69297
TSS_1414_storz_regulondb,0.16666666666666666,5,5,ACACAATTGTCGCCCGGTGA,0,30362
TSS_1414_storz_regulondb,0.16666666666666666,5,5,ACAATCCATTTCTGTCGGGG,0,43875
TSS_1414_storz_regulondb,0.16666666666666666,5,5,ACAATAAGATTTGCTGACAC,0,25451
TSS_1414_storz_regulondb,0.16666666666666666,5,5,ACAAGGTTTCGTCATCAACC,0,22563
TSS_1414_storz_regulondb,0.16666666666666666,5,5,ACAAGGAATGTCTTCAACAC,0,36086
TSS_1414_storz_regulondb,0.16666666666666666,5,5,ACAACCCACGCCAGAGTGGT,0,44834
TSS_1414_storz_regulondb,0.16666666666666666,5,5,ACAAATTCAGGCCCGGTTTT,0,41776
TSS_1414_storz_regulondb,0.16666666666666666,5,5,AATTTCAGAGCGTTCGTACG,0,67030
TSS_1414_storz_regulondb,0.16666666666666666,5,5,AATTTAAGCTGATTCAGATC,0,42244
TSS_1414_storz_regulondb,0.16666666666666666,5,5,AATTGTTAGTTGTGAGGACG,0,80328
TSS_1414_storz_regulondb,0.16666666666666666,5,5,AATTGCCTCCGGCCCAACGC,0,78829
TSS_1414_storz_regulondb,0.16666666666666666,5,5,AATTGCATTGGTAGCAGTGC,0,20298
TSS_1414_storz_regulondb,0.16666666666666666,5,5,AATTCTTTAACCCACAACAG,0,49337
TSS_1414_storz_regulondb,0.16666666666666666,5,5,AATTCTTGCCCGAGCTCCCC,0,44626
TSS_1414_storz_regulondb,0.16666666666666666,5,5,AATTCGGTACTACGTTATTA,0,39629
TSS_1414_storz_regulondb,0.16666666666666666,5,5,AATTCAAAGAATGCTCCCCA,0,58039
TSS_1414_storz_regulondb,0.16666666666666666,5,5,AATTATGTTGGGGTACGCCG,0,58589
TSS_1414_storz_regulondb,0.16666666666666666,5,5,AATTATCCTCGGGTTCGGGT,0,76198
TSS_1414_storz_regulondb,0.16666666666666666,5,5,AATTACAGAAATCAAAACGT,0,49497
TSS_1414_storz_regulondb,0.16666666666666666,5,5,AATTAAGCTGGGGGCGGGAC,0,13865
TSS_1414_storz_regulondb,0.16666666666666666,5,5,AATGTGGGGGTTGGGTGTCT,0,12978
TSS_1414_storz_regulondb,0.16666666666666666,5,5,AATGTCCACTTTCTGGCCGG,0,45853
TSS_1414_storz_regulondb,0.16666666666666666,5,5,AATGTATTTTCGCGCTCTGT,0,52566
TSS_1414_storz_regulondb,0.16666666666666666,5,5,AATGGAATTCGAACACTTCA,0,67443
TSS_1414_storz_regulondb,0.16666666666666666,5,5,AATGCAAGCGATCGCTTGGG,0,7493
TSS_1414_storz_regulondb,0.16666666666666666,5,5,AATCGGGCAGATTACAGAGG,0,21308
TSS_1414_storz_regulondb,0.16666666666666666,5,5,AATCAGTTCGAGACAGAATA,0,54014
TSS_1414_storz_regulondb,0.16666666666666666,5,5,AATCAATAGCACGATCCCGT,0,37237
TSS_1414_storz_regulondb,0.16666666666666666,5,5,AATATGTGTTCGTTGTGCGA,0,17928
TSS_1414_storz_regulondb,0.16666666666666666,5,5,AATATCGAAACAGTCCGCGC,0,64225
TSS_1414_storz_regulondb,0.16666666666666666,5,5,AATAGCGCTAACGATAGATC,0,50928
TSS_1414_storz_regulondb,0.16666666666666666,5,5,AAGTTGCAGTAACGTGCCAG,0,80642
TSS_1414_storz_regulondb,0.16666666666666666,5,5,AAGTGTTGCTGGTAGCACAT,0,15643
TSS_1414_storz_regulondb,0.16666666666666666,5,5,AAGTGCATACCTAACTCGGA,0,37653
TSS_1414_storz_regulondb,0.16666666666666666,5,5,AAGTCTTGCGTCCTCAAAGG,0,41529
TSS_1414_storz_regulondb,0.16666666666666666,5,5,AAGTCTGAATAGTGGCATTG,0,78655
TSS_1414_storz_regulondb,0.16666666666666666,5,5,AAGTCGGCCGATCACTCGAT,0,17418
TSS_1414_storz_regulondb,0.16666666666666666,5,5,AAGTAACTACGGTGAGACGT,0,40945
TSS_1414_storz_regulondb,0.16666666666666666,5,5,AAGGTGCCGTACTTAGACAC,0,53969
TSS_1414_storz_regulondb,0.16666666666666666,5,5,AAGGGTTAGCCCAATTGTCA,0,1905
TSS_1414_storz_regulondb,0.16666666666666666,5,5,AAGGGCGCGCGTAAGCCCGT,0,71029
TSS_1414_storz_regulondb,0.16666666666666666,5,5,AAGGCCCGCAGTCTTAGTGG,0,15437
TSS_1414_storz_regulondb,0.16666666666666666,5,5,AAGGATCGCATAGAGCCGGT,0,46798
TSS_1414_storz_regulondb,0.16666666666666666,5,5,AAGGAACGCGAATCTTCGGT,0,24846
TSS_1414_storz_regulondb,0.16666666666666666,5,5,AAGCTACGAGACTTCTCATA,0,70449
TSS_1414_storz_regulondb,0.16666666666666666,5,5,AAGCCGTTACCCCGGATTGG,0,42247
TSS_1414_storz_regulondb,0.16666666666666666,5,5,AAGCCCGTTCTTGGTTGTGT,0,72115
TSS_1414_storz_regulondb,0.16666666666666666,5,5,AAGAGATTTGGGCTGCTCAG,0,27655
TSS_1414_storz_regulondb,0.16666666666666666,5,5,AAGAAGAGGTTTTTAAGGCA,0,8843
TSS_1414_storz_regulondb,0.16666666666666666,5,5,AACTTACCCATGATCGCGCT,0,69402
TSS_1414_storz_regulondb,0.16666666666666666,5,5,AACTGTGGGAGGGTGGAATG,0,54919
TSS_1414_storz_regulondb,0.16666666666666666,5,5,AACTGGTTGCGCTACCTGAA,0,49765
TSS_1414_storz_regulondb,0.16666666666666666,5,5,AACTGGGTTTTCACCACCTA,0,45421
TSS_1414_storz_regulondb,0.16666666666666666,5,5,AACTGCGATATAGGTGCCCT,0,68236
TSS_1414_storz_regulondb,0.16666666666666666,5,5,AACTCTACTTTTACCACGCT,0,30646
TSS_1414_storz_regulondb,0.16666666666666666,5,5,AACTCGGTGATCCAATTAGA,0,9417
TSS_1414_storz_regulondb,0.16666666666666666,5,5,AACTACCCTCCGGGCCTAGA,0,73220
TSS_1414_storz_regulondb,0.16666666666666666,5,5,AACGTGCACCTGACATAAAT,0,51378
TSS_1414_storz_regulondb,0.16666666666666666,5,5,AACGTGCAATCTGAGTATAG,0,44386
TSS_1414_storz_regulondb,0.16666666666666666,5,5,AACGTCATTCGGATCAGTGC,0,66324
TSS_1414_storz_regulondb,0.16666666666666666,5,5,AACGTCAACCGTGGCCCTAT,0,9903
TSS_1414_storz_regulondb,0.16666666666666666,5,5,AACGGCTTGAAGCCGGGCAT,0,56380
TSS_1414_storz_regulondb,0.16666666666666666,5,5,AACGATAAAACGGAAGCGAT,0,39905
TSS_1414_storz_regulondb,0.16666666666666666,5,5,AACCTATGGATCTAGCAACA,0,28688
TSS_1414_storz_regulondb,0.16666666666666666,5,5,AACCGGTTATGAACGACGTG,0,26244
TSS_1414_storz_regulondb,0.16666666666666666,5,5,AACCCGACCGAGCAGTGCTG,0,66175
TSS_1414_storz_regulondb,0.16666666666666666,5,5,AACCCACGGGTCAAGACAGT,0,23880
TSS_1414_storz_regulondb,0.16666666666666666,5,5,AACCAGCCAACGCGCCGGGG,0,73785
TSS_1414_storz_regulondb,0.16666666666666666,5,5,AACATACCGTTTACACAGAG,0,14131
TSS_1414_storz_regulondb,0.16666666666666666,5,5,AACAGGTCAAGCCAAAGTAG,0,2670
TSS_1414_storz_regulondb,0.16666666666666666,5,5,AACAGGGAATGACACTCGGT,0,5673
TSS_1414_storz_regulondb,0.16666666666666666,5,5,AACAGATGATCAGGTGTCGC,0,46581
TSS_1414_storz_regulondb,0.16666666666666666,5,5,AACACACCTTTCACAAAAGG,0,56646
TSS_1414_storz_regulondb,0.16666666666666666,5,5,AACAATTGTGGTCCCGTCTG,0,58133
TSS_1414_storz_regulondb,0.16666666666666666,5,5,AACAAATCCCGACATCACAG,0,11857
TSS_1414_storz_regulondb,0.16666666666666666,5,5,AAATGCTCCCCCATTGAATT,0,17882
TSS_1414_storz_regulondb,0.16666666666666666,5,5,AAATGATCCCATAATGCTTT,0,63701
TSS_1414_storz_regulondb,0.16666666666666666,5,5,AAATGAGTCAGAAAGTTGCG,0,55706
TSS_1414_storz_regulondb,0.16666666666666666,5,5,AAAGTCTAGGCTTGTGTTAA,0,46485
TSS_1414_storz_regulondb,0.16666666666666666,5,5,AAAGGTAAGGCCAGTAAGTG,0,26218
TSS_1414_storz_regulondb,0.16666666666666666,5,5,AAAGGCATCACTCACCCGTA,0,3502
TSS_1414_storz_regulondb,0.16666666666666666,5,5,AAAGAGACGGGTGGTGAAGT,0,29352
TSS_1414_storz_regulondb,0.16666666666666666,5,5,AAAGAACCAGTGGTGAGCTT,0,4711
TSS_1414_storz_regulondb,0.16666666666666666,5,5,AAACTATCTGCCAGCATTAT,0,42693
TSS_1414_storz_regulondb,0.16666666666666666,5,5,AAACGTCATAGCGTCTCATT,0,56693
TSS_1414_storz_regulondb,0.16666666666666666,5,5,AAACGGGGTGAATCTCATAC,0,3158
TSS_1414_storz_regulondb,0.16666666666666666,5,5,AAACGCGTCCGAGAGGGGGG,0,35708
TSS_1414_storz_regulondb,0.16666666666666666,5,5,AAACGAGTATTAACTGGTTC,0,16169
TSS_1414_storz_regulondb,0.16666666666666666,5,5,AAACCTGTAGAGAGCTGCAA,0,8194
TSS_1414_storz_regulondb,0.16666666666666666,5,5,AAACCGGGCCAAGCCGCTGG,0,76970
TSS_1414_storz_regulondb,0.16666666666666666,5,5,AAACATCAAGTCAACAGTCA,0,34199
TSS_1414_storz_regulondb,0.16666666666666666,5,5,AAACATACACGTCGTAATAA,0,59730
TSS_1414_storz_regulondb,0.16666666666666666,5,5,AAAATAGGAAAGTCTTTTTC,0,98
TSS_1414_storz_regulondb,0.16666666666666666,5,5,AAAAGTTATCGCTTCGAAAA,0,24938
TSS_1414_storz_regulondb,0.16666666666666666,5,5,AAAAGCCGGCAACGTGGGGG,0,35037
TSS_1414_storz_regulondb,0.16666666666666666,5,5,AAAACAAAGTACCTCCGAGA,0,20573
TSS_1414_storz_regulondb,0.16666666666666666,5,5,AAAAAGGGTCTTCCGCAACT,0,30695
TSS_1414_storz_regulondb,0.16666666666666666,5,5,AAAAAGAGCATATGACTGCT,0,27260
TSS_1414_storz_regulondb,0.2,4,4,TTTTGTTTGGGCTTACTGGA,0,15700
TSS_1414_storz_regulondb,0.2,4,4,TTTTGGTTAACGTCTACGGG,0,3200
TSS_1414_storz_regulondb,0.2,4,4,TTTTGAATCCTGGTGGGCAT,0,57704
TSS_1414_storz_regulondb,0.2,4,4,TTTTGAACAAATAGGAGGTC,0,35247
TSS_1414_storz_regulondb,0.2,4,4,TTTTCTTCGTGATCAAGGTA,0,78391
TSS_1414_storz_regulondb,0.2,4,4,TTTTAGACGCAGCACTGCGT,0,45823
TSS_1414_storz_regulondb,0.2,4,4,TTTTAAGACCCGTTATCACA,0,31683
TSS_1414_storz_regulondb,0.2,4,4,TTTGTATTCCGCGCCTTGTG,0,12411
TSS_1414_storz_regulondb,0.2,4,4,TTTGGGCATGCGGTCGTCCT,0,5034
TSS_1414_storz_regulondb,0.2,4,4,TTTGCGTCGTTTATAAGCGT,0,20976
TSS_1414_storz_regulondb,0.2,4,4,TTTGAGACATGATATACAGT,0,39776
TSS_1414_storz_regulondb,0.2,4,4,TTTGAACCCTAGTCTGAGCC,0,15595
TSS_1414_storz_regulondb,0.2,4,4,TTTCTTTGGCAGGCTGGTAT,0,72826
TSS_1414_storz_regulondb,0.2,4,4,TTTCTGGGCCTCGTTTAGGT,0,45381
TSS_1414_storz_regulondb,0.2,4,4,TTTCTCCAAACGTGATGCAA,0,75558
TSS_1414_storz_regulondb,0.2,4,4,TTTCTCAGGTCTTACATATT,0,1856
TSS_1414_storz_regulondb,0.2,4,4,TTTCTACGACAGTGACAAAC,0,29821
TSS_1414_storz_regulondb,0.2,4,4,TTTCGTTGGCCACTTCGGAG,0,58062
TSS_1414_storz_regulondb,0.2,4,4,TTTCGGGTTCACGTCGGATA,0,72112
TSS_1414_storz_regulondb,0.2,4,4,TTTCCCAGACTTATGTTGTA,0,62136
TSS_1414_storz_regulondb,0.2,4,4,TTTCAGTCACCGGTGACGCA,0,19720
TSS_1414_storz_regulondb,0.2,4,4,TTTCAGATGGTATGGGCGCA,0,15298
TSS_1414_storz_regulondb,0.2,4,4,TTTATGGTCCTGTATCGCGC,0,60612
TSS_1414_storz_regulondb,0.2,4,4,TTTATGGCGTCATACCTTCG,0,8359
TSS_1414_storz_regulondb,0.2,4,4,TTTAGATGTCACCAGCAAGT,0,54360
TSS_1414_storz_regulondb,0.2,4,4,TTTAGACCACGCTCTGTCAC,0,18549
TSS_1414_storz_regulondb,0.2,4,4,TTGTTCTCGACCTCACCAGT,0,60002
TSS_1414_storz_regulondb,0.2,4,4,TTGTTCCAAATTCTAAAGAC,0,38355
TSS_1414_storz_regulondb,0.2,4,4,TTGTTAAATACGTCACTGAA,0,45730
TSS_1414_storz_regulondb,0.2,4,4,TTGTGATCTTTGACTCGCAG,0,2212
TSS_1414_storz_regulondb,0.2,4,4,TTGTGAATAACTCATCTTGA,0,41322
TSS_1414_storz_regulondb,0.2,4,4,TTGTCGAGTCTTGATAAACA,0,54715
TSS_1414_storz_regulondb,0.2,4,4,TTGTCCTTTCTAACATCGGT,0,2143
TSS_1414_storz_regulondb,0.2,4,4,TTGTATCAGCGAGTGACGCT,0,66423
TSS_1414_storz_regulondb,0.2,4,4,TTGTAACTCCAACGCTTCAC,0,79945
TSS_1414_storz_regulondb,0.2,4,4,TTGGTTACTTTGTGGGAGCT,0,68892
TSS_1414_storz_regulondb,0.2,4,4,TTGGGTGACTCATGCTCAGC,0,78200
TSS_1414_storz_regulondb,0.2,4,4,TTGGGTCTTTTTGCGAAGGC,0,18594
TSS_1414_storz_regulondb,0.2,4,4,TTGGGGTCCTTACCGATCAT,0,4432
TSS_1414_storz_regulondb,0.2,4,4,TTGGGGCTATTATTGTTTTG,0,37457
TSS_1414_storz_regulondb,0.2,4,4,TTGGCTTACTGTTCCGCTTC,0,25776
TSS_1414_storz_regulondb,0.2,4,4,TTGGCCCCAGTTATTCCATT,0,33527
TSS_1414_storz_regulondb,0.2,4,4,TTGGCATACGCTGTTCCGAT,0,1650
TSS_1414_storz_regulondb,0.2,4,4,TTGGCAGAGGTGATCCCGCT,0,70184
TSS_1414_storz_regulondb,0.2,4,4,TTGGAGCCCAGGTGCTGCGC,0,74944
TSS_1414_storz_regulondb,0.2,4,4,TTGGAGACCAATTACTTATT,0,31901
TSS_1414_storz_regulondb,0.2,4,4,TTGGACCCTGGCGCCTCGAA,0,70230
TSS_1414_storz_regulondb,0.2,4,4,TTGCTCTTTAACTGATTGTT,0,10290
TSS_1414_storz_regulondb,0.2,4,4,TTGCGGTACCCCACCTTGCT,0,31541
TSS_1414_storz_regulondb,0.2,4,4,TTGCCTCGGAGAAAACTACC,0,44129
TSS_1414_storz_regulondb,0.2,4,4,TTGCCTACAGCGAGTCCGTG,0,5344
TSS_1414_storz_regulondb,0.2,4,4,TTGCCAGTGCGAAAGAATCA,0,46046
TSS_1414_storz_regulondb,0.2,4,4,TTGCACGTGCAGTACACTGT,0,23203
TSS_1414_storz_regulondb,0.2,4,4,TTGCACACTGGCCGGGATCA,0,56834
TSS_1414_storz_regulondb,0.2,4,4,TTGATTTACGCTTGGGCGGG,0,78363
TSS_1414_storz_regulondb,0.2,4,4,TTGAGTTCCCCTAGATTATG,0,15401
TSS_1414_storz_regulondb,0.2,4,4,TTGAATCGCATTAATCTCCG,0,72544
TSS_1414_storz_regulondb,0.2,4,4,TTGAAGCATCCTCTGTAGCC,0,29810
TSS_1414_storz_regulondb,0.2,4,4,TTCTGGCCCGGTAATCGTGG,0,74049
TSS_1414_storz_regulondb,0.2,4,4,TTCTGCAACCTGACGAATAC,0,44077
TSS_1414_storz_regulondb,0.2,4,4,TTCTATTTACTCGGTTGCTC,0,73687
TSS_1414_storz_regulondb,0.2,4,4,TTCTATACTCATGAGCAGGT,0,59591
TSS_1414_storz_regulondb,0.2,4,4,TTCTAACCAATAATCCAGCA,0,3752
TSS_1414_storz_regulondb,0.2,4,4,TTCGTGTAGCCCAGAGGTGG,0,23538
TSS_1414_storz_regulondb,0.2,4,4,TTCGTAATGAACTATACCCT,0,64658
TSS_1414_storz_regulondb,0.2,4,4,TTCGGTAAGACTCAGGTATA,0,8918
TSS_1414_storz_regulondb,0.2,4,4,TTCGCTGGTCGGATGAATGG,0,15655
TSS_1414_storz_regulondb,0.2,4,4,TTCGACGTTGCTTGTAATGG,0,58343
TSS_1414_storz_regulondb,0.2,4,4,TTCGAATGCGTTTGATGCAA,0,7384
TSS_1414_storz_regulondb,0.2,4,4,TTCGAAGTCCTCGGGCTGTC,0,19290
TSS_1414_storz_regulondb,0.2,4,4,TTCCTGAGGTGTTCCCTCAG,0,29387
TSS_1414_storz_regulondb,0.2,4,4,TTCCTACTATACTGGCTCAG,0,63438
TSS_1414_storz_regulondb,0.2,4,4,TTCCGCTCGTGGTCTTCTGT,0,79162
TSS_1414_storz_regulondb,0.2,4,4,TTCCCGGCAGCCTCACGTCC,0,53027
TSS_1414_storz_regulondb,0.2,4,4,TTCCAGCCAGTCTGTTGAAA,0,38066
TSS_1414_storz_regulondb,0.2,4,4,TTCCAGAATAGCCACAGAGT,0,10851
TSS_1414_storz_regulondb,0.2,4,4,TTCATTTGACTGAAGCTCCC,0,3354
TSS_1414_storz_regulondb,0.2,4,4,TTCAGAGGAAGCGCGGGGGG,0,29220
TSS_1414_storz_regulondb,0.2,4,4,TTCAGACATCTGCTCTTGGT,0,68101
TSS_1414_storz_regulondb,0.2,4,4,TTCAGAATGGTCAGTTCCAG,0,59636
TSS_1414_storz_regulondb,0.2,4,4,TTCAACGTATGGGAAGTAGA,0,5814
TSS_1414_storz_regulondb,0.2,4,4,TTCAAATTTAATAGGCTCGC,0,17441
TSS_1414_storz_regulondb,0.2,4,4,TTCAAACATCTGCCAGCCAG,0,2220
TSS_1414_storz_regulondb,0.2,4,4,TTCAAAAAGTCGGGCTAGCA,0,41091
TSS_1414_storz_regulondb,0.2,4,4,TTATTTGTTGGGCCAAGACT,0,18844
TSS_1414_storz_regulondb,0.2,4,4,TTATTGGATTTTAGGCTAAG,0,18318
TSS_1414_storz_regulondb,0.2,4,4,TTATGCGTTTGGCTCCGAGT,0,18936
TSS_1414_storz_regulondb,0.2,4,4,TTATGCCGGTGACTTCTCAT,0,2276
TSS_1414_storz_regulondb,0.2,4,4,TTATCGGAGTGCGCTCGGAA,0,13356
TSS_1414_storz_regulondb,0.2,4,4,TTATCCGTTCATCTTGTCAA,0,45913
TSS_1414_storz_regulondb,0.2,4,4,TTATAGGTGGGGTAGCCCAC,0,42828
TSS_1414_storz_regulondb,0.2,4,4,TTATAATTCACTGAACCCTT,0,74468
TSS_1414_storz_regulondb,0.2,4,4,TTATAAGGAGCCTATACCGC,0,64103
TSS_1414_storz_regulondb,0.2,4,4,TTAGCTATCACCCAAAAGAC,0,56211
TSS_1414_storz_regulondb,0.2,4,4,TTAGCTAACTCCGCCTCATT,0,44311
TSS_1414_storz_regulondb,0.2,4,4,TTAGCGGCACTGCGTTATCA,0,19416
TSS_1414_storz_regulondb,0.2,4,4,TTAGCCCGGCAAGGGTTAAG,0,29878
TSS_1414_storz_regulondb,0.2,4,4,TTAGATGGACCGAGTACCTC,0,6697
TSS_1414_storz_regulondb,0.2,4,4,TTACCTGGGGCGGTCAACGC,0,64680
TSS_1414_storz_regulondb,0.2,4,4,TTAATGGGAGTCGTTCTCCC,0,1086
TSS_1414_storz_regulondb,0.2,4,4,TTAAGTTTAGTGAAAAGATA,0,52118
TSS_1414_storz_regulondb,0.2,4,4,TTAAGTATATCCGCTGACCC,0,7620
TSS_1414_storz_regulondb,0.2,4,4,TTAAGGGTATATCATGGGCT,0,27105
TSS_1414_storz_regulondb,0.2,4,4,TTAACGTAAATTTTTGGTGG,0,77788
TSS_1414_storz_regulondb,0.2,4,4,TTAACGGACTGAAAGGAGCC,0,71864
TSS_1414_storz_regulondb,0.2,4,4,TTAACGAGTCTCGGACTATC,0,11067
TSS_1414_storz_regulondb,0.2,4,4,TGTTTGTTAGCTATATCAAA,0,18036
TSS_1414_storz_regulondb,0.2,4,4,TGTTGTTGGTGCGAATTATC,0,4569
TSS_1414_storz_regulondb,0.2,4,4,TGTTGGGCCTTTTTTGAATT,0,59216
TSS_1414_storz_regulondb,0.2,4,4,TGTTGCAGAATCTATACAGA,0,661
TSS_1414_storz_regulondb,0.2,4,4,TGTTGAAAACCGTGGCAAGT,0,16799
TSS_1414_storz_regulondb,0.2,4,4,TGTTCATTTTTTGTATGGAC,0,5729
TSS_1414_storz_regulondb,0.2,4,4,TGTTCACCAATTGCTCGAGA,0,58582
TSS_1414_storz_regulondb,0.2,4,4,TGTTAACGAGAACTCAGCAG,0,28466
TSS_1414_storz_regulondb,0.2,4,4,TGTGTGTCACACTAGGAGTT,0,59055
TSS_1414_storz_regulondb,0.2,4,4,TGTGGCCGACCAGGTCCACC,0,51273
TSS_1414_storz_regulondb,0.2,4,4,TGTGGAAACCCGTCGCACGT,0,29234
TSS_1414_storz_regulondb,0.2,4,4,TGTGCTGAGTTCCGTTTGGA,0,4438
TSS_1414_storz_regulondb,0.2,4,4,TGTGCACGATTGGGTCATTT,0,16994
TSS_1414_storz_regulondb,0.2,4,4,TGTGACATCCGGATTAATCG,0,55249
TSS_1414_storz_regulondb,0.2,4,4,TGTGACAAGTCTCTAGACAG,0,32828
TSS_1414_storz_regulondb,0.2,4,4,TGTCGGTATAAAATTCAGTA,0,21276
TSS_1414_storz_regulondb,0.2,4,4,TGTCCACTTCCGCAGGCCTA,0,76471
TSS_1414_storz_regulondb,0.2,4,4,TGTCAACGGGCCAGCGGTCA,0,66743
TSS_1414_storz_regulondb,0.2,4,4,TGTATTTACTCTATTAGATG,0,29974
TSS_1414_storz_regulondb,0.2,4,4,TGTATGATACCACTTGTACG,0,55354
TSS_1414_storz_regulondb,0.2,4,4,TGTACCAGGATGCGGTATAA,0,29599
TSS_1414_storz_regulondb,0.2,4,4,TGTAAGAAGGTGGCTGGGTA,0,8840
TSS_1414_storz_regulondb,0.2,4,4,TGTAACCATGTAAAGCGGGT,0,29659
TSS_1414_storz_regulondb,0.2,4,4,TGTAAACTCGCCCGCGCTGC,0,33393
TSS_1414_storz_regulondb,0.2,4,4,TGGTTTATCCGCTTTGGTAG,0,59150
TSS_1414_storz_regulondb,0.2,4,4,TGGTCAGAGGGTATGAAGCG,0,43504
TSS_1414_storz_regulondb,0.2,4,4,TGGTACATAACGTGGGGGAA,0,43922
TSS_1414_storz_regulondb,0.2,4,4,TGGGTCTCGTCCAAATATAT,0,19095
TSS_1414_storz_regulondb,0.2,4,4,TGGGGTTCCGGAATAGCTTC,0,47298
TSS_1414_storz_regulondb,0.2,4,4,TGGGGGTATGCACGGTACCT,0,80713
TSS_1414_storz_regulondb,0.2,4,4,TGGGGGGCTTTGCCAAAATC,0,49545
TSS_1414_storz_regulondb,0.2,4,4,TGGGGGCAAAGGGTTCATAT,0,32550
TSS_1414_storz_regulondb,0.2,4,4,TGGGCTGGTGGGCTTACAGA,0,76430
TSS_1414_storz_regulondb,0.2,4,4,TGGGCCTAGTGAGAATACGC,0,2067
TSS_1414_storz_regulondb,0.2,4,4,TGGGCAAGGCCGCGAGAGAA,0,10411
TSS_1414_storz_regulondb,0.2,4,4,TGGGCAACAGGCAAAATCGG,0,67195
TSS_1414_storz_regulondb,0.2,4,4,TGGGAAAGTTTTGGGACTTT,0,1068
TSS_1414_storz_regulondb,0.2,4,4,TGGCGAACGCAGGTAGCAAC,0,23658
TSS_1414_storz_regulondb,0.2,4,4,TGGACATTTTTACAGTGTAT,0,53658
TSS_1414_storz_regulondb,0.2,4,4,TGCTTTGCGGTCAAGAGGCG,0,14279
TSS_1414_storz_regulondb,0.2,4,4,TGCTGCTCATCCACCCACGG,0,78361
TSS_1414_storz_regulondb,0.2,4,4,TGCTCTGAAGATGTTAGCCT,0,44090
TSS_1414_storz_regulondb,0.2,4,4,TGCTCCTCTCGAATAACAGT,0,8831
TSS_1414_storz_regulondb,0.2,4,4,TGCTCCATTCATTCTGGGGA,0,81085
TSS_1414_storz_regulondb,0.2,4,4,TGCTAGACAATCGGGGGATC,0,64010
TSS_1414_storz_regulondb,0.2,4,4,TGCGTGGAGCCATATCTTAT,0,11721
TSS_1414_storz_regulondb,0.2,4,4,TGCGTCTTTTGCTTCGGCGC,0,6054
TSS_1414_storz_regulondb,0.2,4,4,TGCGTATTTAAATACGATAC,0,6442
TSS_1414_storz_regulondb,0.2,4,4,TGCGGTGTTTATGTGGGGGG,0,33277
TSS_1414_storz_regulondb,0.2,4,4,TGCGGGCGTAATTTTAGTCC,0,27684
TSS_1414_storz_regulondb,0.2,4,4,TGCGGCCTTATGACTGGCAG,0,42387
TSS_1414_storz_regulondb,0.2,4,4,TGCGGCCCCGAGGCCGGACA,0,14483
TSS_1414_storz_regulondb,0.2,4,4,TGCGATTTCCAAACTAAGAT,0,1142
TSS_1414_storz_regulondb,0.2,4,4,TGCGATCCATAACCATCCGT,0,47081
TSS_1414_storz_regulondb,0.2,4,4,TGCCTCACATCGGGAGTCAC,0,13046
TSS_1414_storz_regulondb,0.2,4,4,TGCAGAGTTGCAGCCATGAG,0,23576
TSS_1414_storz_regulondb,0.2,4,4,TGCAGAGCTGCTAATTCCGA,0,77327
TSS_1414_storz_regulondb,0.2,4,4,TGCACGCATGACAGACAGGG,0,20490
TSS_1414_storz_regulondb,0.2,4,4,TGCACATGGGCCGAGGCAAT,0,60029
TSS_1414_storz_regulondb,0.2,4,4,TGCACAAGTGAAATCGACGG,0,20624
TSS_1414_storz_regulondb,0.2,4,4,TGCAACCAAGTCAATAACTT,0,61458
TSS_1414_storz_regulondb,0.2,4,4,TGATTCATTTGGTCTCTATA,0,535
TSS_1414_storz_regulondb,0.2,4,4,TGATGTTTACAGTATGGTTT,0,74197
TSS_1414_storz_regulondb,0.2,4,4,TGATATGGCGAGTTCTGGCG,0,68517
TSS_1414_storz_regulondb,0.2,4,4,TGAGTAGCTAACAACACAGC,0,76010
TSS_1414_storz_regulondb,0.2,4,4,TGAGTACCTTTGCACTATGC,0,66213
TSS_1414_storz_regulondb,0.2,4,4,TGAGGTGCGTTGAAATTGAT,0,13519
TSS_1414_storz_regulondb,0.2,4,4,TGAGCCCGCGTAGGTATGCC,0,63211
TSS_1414_storz_regulondb,0.2,4,4,TGAGATGGAGACCATTCCCC,0,17092
TSS_1414_storz_regulondb,0.2,4,4,TGAGATGCGCAGGCCTATGT,0,59782
TSS_1414_storz_regulondb,0.2,4,4,TGAGATATTTGCAAATCCTC,0,42852
TSS_1414_storz_regulondb,0.2,4,4,TGAGAGGACCGCTCTGTTCA,0,66105
TSS_1414_storz_regulondb,0.2,4,4,TGACGACGTCGCATACGGCA,0,73547
TSS_1414_storz_regulondb,0.2,4,4,TGACCGTGTATTTATCAGCA,0,23550
TSS_1414_storz_regulondb,0.2,4,4,TGAATGTTTACTGTGTTTCC,0,27021
TSS_1414_storz_regulondb,0.2,4,4,TGAATCGCGTTGTGGCGACA,0,55202
TSS_1414_storz_regulondb,0.2,4,4,TGAATAAAGGACATCAGTAT,0,23059
TSS_1414_storz_regulondb,0.2,4,4,TGAAAGTGGTAGATCGTTCT,0,17591
TSS_1414_storz_regulondb,0.2,4,4,TGAAACCCACCCGTCGTGCT,0,6676
TSS_1414_storz_regulondb,0.2,4,4,TCTTTTTACTCGAATGTTTG,0,39253
TSS_1414_storz_regulondb,0.2,4,4,TCTTTTAGGTAGCAATCCAG,0,21060
TSS_1414_storz_regulondb,0.2,4,4,TCTTTCGTATTTCGGGTCAA,0,38543
TSS_1414_storz_regulondb,0.2,4,4,TCTTTCAATTGGGCGCGACC,0,47886
TSS_1414_storz_regulondb,0.2,4,4,TCTTTAGAGTATAGTGTCCG,0,13796
TSS_1414_storz_regulondb,0.2,4,4,TCTTCGCAGGTTGGGGCATT,0,17497
TSS_1414_storz_regulondb,0.2,4,4,TCTTCACTCATCCTCCCGGT,0,30159
TSS_1414_storz_regulondb,0.2,4,4,TCTTAGTAATTAGTTAGCTA,0,67967
TSS_1414_storz_regulondb,0.2,4,4,TCTTAACGTGGGTACGGTTC,0,69649
TSS_1414_storz_regulondb,0.2,4,4,TCTGTCCGGGGGTCAGCAGC,0,26610
TSS_1414_storz_regulondb,0.2,4,4,TCTGGCCTTAGTCTCAAGGC,0,58981
TSS_1414_storz_regulondb,0.2,4,4,TCTGCTTACTATCAGCGGTT,0,12773
TSS_1414_storz_regulondb,0.2,4,4,TCTGAAATCCACCCGTTCAC,0,5086
TSS_1414_storz_regulondb,0.2,4,4,TCTCCCAGCCGAGGGGGCTA,0,33988
TSS_1414_storz_regulondb,0.2,4,4,TCTCACCTTGTGCTATTCGG,0,22848
TSS_1414_storz_regulondb,0.2,4,4,TCTATCCCTGGACATTTAAG,0,15873
TSS_1414_storz_regulondb,0.2,4,4,TCTAGCGAGCCTTACAGCTT,0,43679
TSS_1414_storz_regulondb,0.2,4,4,TCTAGACTCGACACATGGGG,0,19477
TSS_1414_storz_regulondb,0.2,4,4,TCTACTTGGTCTAACGTGCT,0,26387
TSS_1414_storz_regulondb,0.2,4,4,TCTACTCCCCGAGAGTAAAA,0,56520
TSS_1414_storz_regulondb,0.2,4,4,TCTACGCTAGAGCGAGCTCT,0,45812
TSS_1414_storz_regulondb,0.2,4,4,TCTAAGAAGGAAAGCTTGCT,0,70272
TSS_1414_storz_regulondb,0.2,4,4,TCGTTCAGATTCTGAAAATG,0,2775
TSS_1414_storz_regulondb,0.2,4,4,TCGTGGTCTATGATAGAAAT,0,71547
TSS_1414_storz_regulondb,0.2,4,4,TCGTGAAATCACGTAGAGTT,0,33521
TSS_1414_storz_regulondb,0.2,4,4,TCGTCGGACTTTGTATATCT,0,41730
TSS_1414_storz_regulondb,0.2,4,4,TCGTCCCAATTAGTTGCTCG,0,40500
TSS_1414_storz_regulondb,0.2,4,4,TCGGTACCATAATAGCCTCA,0,57230
TSS_1414_storz_regulondb,0.2,4,4,TCGGGGGCATGGTTTAGGGT,0,79922
TSS_1414_storz_regulondb,0.2,4,4,TCGGGGCACGTCACTCATGG,0,66240
TSS_1414_storz_regulondb,0.2,4,4,TCGGGGAGCTGAGGTTACCT,0,76577
TSS_1414_storz_regulondb,0.2,4,4,TCGGGCGAAGAAGCAGTACT,0,61145
TSS_1414_storz_regulondb,0.2,4,4,TCGGCATTGGCAAGGTCGGG,0,44021
TSS_1414_storz_regulondb,0.2,4,4,TCGGCAGCGAACCTTAAGAT,0,16674
TSS_1414_storz_regulondb,0.2,4,4,TCGGAGCCCCTTTGGGAGGT,0,44763
TSS_1414_storz_regulondb,0.2,4,4,TCGCGAGTTTTTCGGTGAAG,0,37867
TSS_1414_storz_regulondb,0.2,4,4,TCGCCTCGGAAAACTGCCGA,0,17500
TSS_1414_storz_regulondb,0.2,4,4,TCGCCGATAGGTAGTTAGGC,0,30826
TSS_1414_storz_regulondb,0.2,4,4,TCGCAATAACGTGTACGCTG,0,13123
TSS_1414_storz_regulondb,0.2,4,4,TCGATATAAGCGGTGATTCC,0,51779
TSS_1414_storz_regulondb,0.2,4,4,TCGATACTGAAGACGGACTT,0,7486
TSS_1414_storz_regulondb,0.2,4,4,TCGAGAGTGATGTGTCGTGG,0,48922
TSS_1414_storz_regulondb,0.2,4,4,TCGACATCCGCGGGGGGTCA,0,16516
TSS_1414_storz_regulondb,0.2,4,4,TCGAATCTGCCCAAGGTCCA,0,63578
TSS_1414_storz_regulondb,0.2,4,4,TCGAAATGCAAATCGTCACT,0,4461
TSS_1414_storz_regulondb,0.2,4,4,TCCTGTTCTACCCGAAAGGC,0,23004
TSS_1414_storz_regulondb,0.2,4,4,TCCTGGCCGTTCATGCGTTT,0,29985
TSS_1414_storz_regulondb,0.2,4,4,TCCTCAAGTGTATGTTGTAA,0,23481
TSS_1414_storz_regulondb,0.2,4,4,TCCGTTGGTCTTTAACGGTT,0,61482
TSS_1414_storz_regulondb,0.2,4,4,TCCGGTCCGCACCTCAGTTA,0,35843
TSS_1414_storz_regulondb,0.2,4,4,TCCGGGCCTAATCTAACTAT,0,14930
TSS_1414_storz_regulondb,0.2,4,4,TCCGGCTGCTCAATGGCTAC,0,35567
TSS_1414_storz_regulondb,0.2,4,4,TCCGCGGGGGTCTATACAAC,0,65050
TSS_1414_storz_regulondb,0.2,4,4,TCCCTCCGTTAACTCAAGGG,0,39200
TSS_1414_storz_regulondb,0.2,4,4,TCCCATCGACGAATCAATGG,0,74547
TSS_1414_storz_regulondb,0.2,4,4,TCCCAACATTTACCGATGTC,0,19740
TSS_1414_storz_regulondb,0.2,4,4,TCCATCGTCGGAAATAATGA,0,71024
TSS_1414_storz_regulondb,0.2,4,4,TCCACGCGGGTGGGGTTTAA,0,6494
TSS_1414_storz_regulondb,0.2,4,4,TCCACAGTTCTATATGTCAC,0,68817
TSS_1414_storz_regulondb,0.2,4,4,TCCAATTCTGCCTAATGGAA,0,21370
TSS_1414_storz_regulondb,0.2,4,4,TCATTCGTCAAGCGTCACGC,0,9961
TSS_1414_storz_regulondb,0.2,4,4,TCATGTATGGTAAGCCCTGC,0,14593
TSS_1414_storz_regulondb,0.2,4,4,TCATGGGACACACCTTCCGT,0,65195
TSS_1414_storz_regulondb,0.2,4,4,TCATGCGACCTGGCGCGAAG,0,70371
TSS_1414_storz_regulondb,0.2,4,4,TCATCTACTCTAAGCGCCCC,0,80007
TSS_1414_storz_regulondb,0.2,4,4,TCAGTAGTGCGAACGACAAA,0,58467
TSS_1414_storz_regulondb,0.2,4,4,TCAGGTACGAGCAATTCCTA,0,22355
TSS_1414_storz_regulondb,0.2,4,4,TCAGGAGTAAAGGCGAGTCC,0,49537
TSS_1414_storz_regulondb,0.2,4,4,TCAGCGGACCCTAGTACGAG,0,12771
TSS_1414_storz_regulondb,0.2,4,4,TCAGAATGCCCCTTCACTGA,0,15150
TSS_1414_storz_regulondb,0.2,4,4,TCACTGGGCGTCTCACAGGC,0,49560
TSS_1414_storz_regulondb,0.2,4,4,TCACGTCCCTTACCTCTAGT,0,49230
TSS_1414_storz_regulondb,0.2,4,4,TCACCAATAATTTCCCCTTA,0,14323
TSS_1414_storz_regulondb,0.2,4,4,TCACATGAGTCAAAGAGTGG,0,42255
TSS_1414_storz_regulondb,0.2,4,4,TCAATTGCTCAACGTTGCAG,0,18774
TSS_1414_storz_regulondb,0.2,4,4,TCAATCATAGTTGGGTACTC,0,52947
TSS_1414_storz_regulondb,0.2,4,4,TCAAGTGCATATGCGATCGA,0,32571
TSS_1414_storz_regulondb,0.2,4,4,TCAAGTCGTGAACAGTCTTC,0,50640
TSS_1414_storz_regulondb,0.2,4,4,TCAAGTCAGAGAAGATCATC,0,50871
TSS_1414_storz_regulondb,0.2,4,4,TCAAAACGGGCACGTCACGA,0,10347
TSS_1414_storz_regulondb,0.2,4,4,TATTTTTAGTTTCGGGCCTC,0,60759
TSS_1414_storz_regulondb,0.2,4,4,TATTTGGGGTGGAAAATATA,0,41278
TSS_1414_storz_regulondb,0.2,4,4,TATTTCTTTGCCCTATACTG,0,62773
TSS_1414_storz_regulondb,0.2,4,4,TATTGACAGAGAGCGCCAAA,0,73165
TSS_1414_storz_regulondb,0.2,4,4,TATTCCTCGATGCCCTTCAA,0,11680
TSS_1414_storz_regulondb,0.2,4,4,TATTATTAGGTTCAACGGGA,0,51078
TSS_1414_storz_regulondb,0.2,4,4,TATGTATTCAGTCCCTTATA,0,41843
TSS_1414_storz_regulondb,0.2,4,4,TATGTATGGTACACACTGTC,0,59774
TSS_1414_storz_regulondb,0.2,4,4,TATGGTACCGGGCTTGGGAA,0,34673
TSS_1414_storz_regulondb,0.2,4,4,TATGGACACATAAATCACAA,0,70436
TSS_1414_storz_regulondb,0.2,4,4,TATCTGGAGGCGCAAGGTTG,0,27182
TSS_1414_storz_regulondb,0.2,4,4,TATCTCCGGCCAAATGACCG,0,12603
TSS_1414_storz_regulondb,0.2,4,4,TATCGAGAAAACGGCAAAAA,0,3138
TSS_1414_storz_regulondb,0.2,4,4,TATCCTCGCATATGTGATTT,0,5591
TSS_1414_storz_regulondb,0.2,4,4,TATCCCTGGTACTCCGTTCT,0,78513
TSS_1414_storz_regulondb,0.2,4,4,TATCCACACCTAGGGTGAGT,0,55303
TSS_1414_storz_regulondb,0.2,4,4,TATAGGCAGGCTACCCCGAA,0,72784
TSS_1414_storz_regulondb,0.2,4,4,TATACATCGGGGGAGGGTCA,0,1548
TSS_1414_storz_regulondb,0.2,4,4,TATAACCTTCGGAGGTGGTT,0,17152
TSS_1414_storz_regulondb,0.2,4,4,TAGTCGTCCTTGGGTAGACT,0,16911
TSS_1414_storz_regulondb,0.2,4,4,TAGGGAGAGTTCCTGCTTGC,0,72884
TSS_1414_storz_regulondb,0.2,4,4,TAGGCTCGAGGATACGAGAC,0,32703
TSS_1414_storz_regulondb,0.2,4,4,TAGGCTACACGCGACTGTTC,0,8436
TSS_1414_storz_regulondb,0.2,4,4,TAGGCGGCCTTTGCAGTACA,0,11985
TSS_1414_storz_regulondb,0.2,4,4,TAGGCCAGTGAGGGGTGAGA,0,34679
TSS_1414_storz_regulondb,0.2,4,4,TAGCTCAGGTGATAACTGGC,0,27382
TSS_1414_storz_regulondb,0.2,4,4,TAGCGTCGCTACTTTCAGAT,0,58351
TSS_1414_storz_regulondb,0.2,4,4,TAGCGCATAAAGGACAACGC,0,79718
TSS_1414_storz_regulondb,0.2,4,4,TAGCATTGAAACAATCATAT,0,31379
TSS_1414_storz_regulondb,0.2,4,4,TAGATTCACTCTGAGTTCGC,0,13492
TSS_1414_storz_regulondb,0.2,4,4,TAGATCGTAAGGCCTTTAGC,0,10070
TSS_1414_storz_regulondb,0.2,4,4,TAGATCGCCAGTAATCTATG,0,4502
TSS_1414_storz_regulondb,0.2,4,4,TAGATCAAACATCATTCGAC,0,65127
TSS_1414_storz_regulondb,0.2,4,4,TAGACTCGCAGGCGACGGCA,0,26577
TSS_1414_storz_regulondb,0.2,4,4,TAGACTCACCGCAACTAGAA,0,24620
TSS_1414_storz_regulondb,0.2,4,4,TAGAAGTCTCGGGATACCGT,0,54999
TSS_1414_storz_regulondb,0.2,4,4,TAGAAAGTAGCGGGGAAGTT,0,58458
TSS_1414_storz_regulondb,0.2,4,4,TACTTCTTTACGGTGTCCAA,0,32832
TSS_1414_storz_regulondb,0.2,4,4,TACTGCAAGTCACCTTATGA,0,205
TSS_1414_storz_regulondb,0.2,4,4,TACTCACTTTGGCTCTATTA,0,33899
TSS_1414_storz_regulondb,0.2,4,4,TACTCACCTTTCCCGTCATC,0,32137
TSS_1414_storz_regulondb,0.2,4,4,TACTCACATTAGTTACAGTT,0,63218
TSS_1414_storz_regulondb,0.2,4,4,TACTATTGATGGGGCTAAAA,0,72212
TSS_1414_storz_regulondb,0.2,4,4,TACTAGCACCCCTCCACCGA,0,54776
TSS_1414_storz_regulondb,0.2,4,4,TACGTTGTTAAACAGCGACA,0,48356
TSS_1414_storz_regulondb,0.2,4,4,TACGTCCTAATCCCACCTGG,0,33264
TSS_1414_storz_regulondb,0.2,4,4,TACGTCAGGCTAAATCATTG,0,15582
TSS_1414_storz_regulondb,0.2,4,4,TACGGTACGTAATCAACAAA,0,63333
TSS_1414_storz_regulondb,0.2,4,4,TACGGCTTCTACTCCACTTA,0,2266
TSS_1414_storz_regulondb,0.2,4,4,TACGGCCAAGGGACCTATTT,0,55327
TSS_1414_storz_regulondb,0.2,4,4,TACGCGTCTGGCTGGCTCTA,0,13088
TSS_1414_storz_regulondb,0.2,4,4,TACGCCGCTGGTTCGGCATC,0,25833
TSS_1414_storz_regulondb,0.2,4,4,TACCTTTCGGATTAAGGCAT,0,24852
TSS_1414_storz_regulondb,0.2,4,4,TACCTTCACGCTCTCGAGGT,0,1597
TSS_1414_storz_regulondb,0.2,4,4,TACCGACGAAAAACTCCGAT,0,6139
TSS_1414_storz_regulondb,0.2,4,4,TACCCCTGTGGGTAGTTGCA,0,41365
TSS_1414_storz_regulondb,0.2,4,4,TACCCAGAGGAGTCAGGCCG,0,41858
TSS_1414_storz_regulondb,0.2,4,4,TACCAGCCTCTTTCTGTCCA,0,76382
TSS_1414_storz_regulondb,0.2,4,4,TACCAGATTAACCACTTGTA,0,65566
TSS_1414_storz_regulondb,0.2,4,4,TACCACACTTGTCGGGTCGA,0,39737
TSS_1414_storz_regulondb,0.2,4,4,TACATTTGTCAACCCTACAA,0,35779
TSS_1414_storz_regulondb,0.2,4,4,TACATCACTATGTCCTAAGT,0,49328
TSS_1414_storz_regulondb,0.2,4,4,TACAGGCGGTTGGTTAAAAA,0,54684
TSS_1414_storz_regulondb,0.2,4,4,TACAGGCATCTCATGGTCTG,0,6878
TSS_1414_storz_regulondb,0.2,4,4,TACACATGTTCCGAGTGGCA,0,38869
TSS_1414_storz_regulondb,0.2,4,4,TACACACTAGAACAGACCTG,0,73996
TSS_1414_storz_regulondb,0.2,4,4,TAATTAAGGTATATATTCAT,0,9200
TSS_1414_storz_regulondb,0.2,4,4,TAATGGCTCCTTCAGCCCGC,0,5771
TSS_1414_storz_regulondb,0.2,4,4,TAATGGCCCGTCCCTCGGGT,0,50969
TSS_1414_storz_regulondb,0.2,4,4,TAATGGCCCGACCACATGAT,0,40266
TSS_1414_storz_regulondb,0.2,4,4,TAATGGATCAGCGTCTTTCA,0,18077
TSS_1414_storz_regulondb,0.2,4,4,TAATGCGGGTGGTGGCGCAG,0,64492
TSS_1414_storz_regulondb,0.2,4,4,TAATCGCTATGCGGGTAGCT,0,33979
TSS_1414_storz_regulondb,0.2,4,4,TAATCCCAAACGAATGGTGA,0,45898
TSS_1414_storz_regulondb,0.2,4,4,TAATATATGACGGATCAGTT,0,7573
TSS_1414_storz_regulondb,0.2,4,4,TAAGTTTGCCCTCGAATTTT,0,65105
TSS_1414_storz_regulondb,0.2,4,4,TAAGGGGTGGGAGTTGAATG,0,26664
TSS_1414_storz_regulondb,0.2,4,4,TAAGGGGACCTCGGCGGGTA,0,72663
TSS_1414_storz_regulondb,0.2,4,4,TAAGGCAGGCTCTGAGCAAA,0,4978
TSS_1414_storz_regulondb,0.2,4,4,TAAGCGGCTACGTGTGCCTC,0,47995
TSS_1414_storz_regulondb,0.2,4,4,TAAGCCGATTATTATTGCTG,0,34228
TSS_1414_storz_regulondb,0.2,4,4,TAACGTAGCAGGATATCACG,0,79991
TSS_1414_storz_regulondb,0.2,4,4,TAACGGTCAAAACATTTATC,0,37541
TSS_1414_storz_regulondb,0.2,4,4,TAACGGGCTATAAGCTTCAT,0,52308
TSS_1414_storz_regulondb,0.2,4,4,TAACGAACGTCCGGCTGTGG,0,41805
TSS_1414_storz_regulondb,0.2,4,4,TAACAGATAAAAAGTCGCCC,0,72397
TSS_1414_storz_regulondb,0.2,4,4,TAACAACCGCGTAGGTTGTG,0,8394
TSS_1414_storz_regulondb,0.2,4,4,TAACAAACCAGGCAATCACC,0,10129
TSS_1414_storz_regulondb,0.2,4,4,TAAATTGTTCTTACCTTTAT,0,15598
TSS_1414_storz_regulondb,0.2,4,4,TAAATCGGGCTTATCTATTT,0,61635
TSS_1414_storz_regulondb,0.2,4,4,TAAAGTATCGTGATGGCCGC,0,43118
TSS_1414_storz_regulondb,0.2,4,4,TAAAGGCACGTGTGAGGCTC,0,47210
TSS_1414_storz_regulondb,0.2,4,4,TAAAGCGGACGATAAGACTA,0,58687
TSS_1414_storz_regulondb,0.2,4,4,TAAACGAAAGGTATGTAGAT,0,4561
TSS_1414_storz_regulondb,0.2,4,4,TAAAAGCGGAACTACCTGGC,0,24678
TSS_1414_storz_regulondb,0.2,4,4,TAAAAATATAGAGGCGTTGA,0,64466
TSS_1414_storz_regulondb,0.2,4,4,GTTTTGCGTTACTAAACTAC,0,60186
TSS_1414_storz_regulondb,0.2,4,4,GTTTTCAGTTAAAAGACAGA,0,68266
TSS_1414_storz_regulondb,0.2,4,4,GTTTGGAGATTACCTACGCT,0,19973
TSS_1414_storz_regulondb,0.2,4,4,GTTTGAGGCACGCTATAGTA,0,221
TSS_1414_storz_regulondb,0.2,4,4,GTTTCTAGCAACGCGTTATT,0,23501
TSS_1414_storz_regulondb,0.2,4,4,GTTTCTACGAGGGCCGCCAC,0,7489
TSS_1414_storz_regulondb,0.2,4,4,GTTTCGTTTTCTGTATCATA,0,51568
TSS_1414_storz_regulondb,0.2,4,4,GTTTCCTCGACCTCCACCCC,0,48909
TSS_1414_storz_regulondb,0.2,4,4,GTTTCACAACCCAAGTAAGC,0,69855
TSS_1414_storz_regulondb,0.2,4,4,GTTTATGTTGGGAGGCATCT,0,37278
TSS_1414_storz_regulondb,0.2,4,4,GTTGTTCGGTCTATTGTGGT,0,74446
TSS_1414_storz_regulondb,0.2,4,4,GTTGTGCATGCACCCTCGTA,0,46049
TSS_1414_storz_regulondb,0.2,4,4,GTTGTGATGTATCACCCGTT,0,33361
TSS_1414_storz_regulondb,0.2,4,4,GTTGTACCACTTTGCATTAG,0,52277
TSS_1414_storz_regulondb,0.2,4,4,GTTGGTAAAGTACCTCGCAA,0,5221
TSS_1414_storz_regulondb,0.2,4,4,GTTGGAGTGCAAGCGTGACA,0,33209
TSS_1414_storz_regulondb,0.2,4,4,GTTGATGGTACACTGCTATC,0,13321
TSS_1414_storz_regulondb,0.2,4,4,GTTCTATCAACGCAACATCG,0,60785
TSS_1414_storz_regulondb,0.2,4,4,GTTCTAATGGGTTACCATGG,0,34404
TSS_1414_storz_regulondb,0.2,4,4,GTTCCGTGGCACTCTAGAAA,0,46150
TSS_1414_storz_regulondb,0.2,4,4,GTTCCGAAGATGGTGACCTA,0,67655
TSS_1414_storz_regulondb,0.2,4,4,GTTCCACGGTGCTAGATAGA,0,54400
TSS_1414_storz_regulondb,0.2,4,4,GTTCATTACCGGGATTGATG,0,26604
TSS_1414_storz_regulondb,0.2,4,4,GTTAGTCAGTACGCATCCTG,0,58164
TSS_1414_storz_regulondb,0.2,4,4,GTTAGGCGGTCTATAGGCCG,0,2078
TSS_1414_storz_regulondb,0.2,4,4,GTTAGATATTCAGAGTTCAG,0,68630
TSS_1414_storz_regulondb,0.2,4,4,GTTAGACACAGACAACCTTC,0,80157
TSS_1414_storz_regulondb,0.2,4,4,GTTACTATGTATAAGCGGAA,0,49831
TSS_1414_storz_regulondb,0.2,4,4,GTTAAGTATTACCCCCTATA,0,41712
TSS_1414_storz_regulondb,0.2,4,4,GTTAAATTGGTGACCGCAGC,0,74324
TSS_1414_storz_regulondb,0.2,4,4,GTTAAATGAACGCAAACCCC,0,61715
TSS_1414_storz_regulondb,0.2,4,4,GTGTGGACGATACTGGGGTT,0,68673
TSS_1414_storz_regulondb,0.2,4,4,GTGTGAAGGAACCATAGGTC,0,10309
TSS_1414_storz_regulondb,0.2,4,4,GTGTCGCATAAACGGAGGAT,0,55608
TSS_1414_storz_regulondb,0.2,4,4,GTGTAGCCCGTCTACGACTA,0,23811
TSS_1414_storz_regulondb,0.2,4,4,GTGGTTGGTTTAAACCTATA,0,34900
TSS_1414_storz_regulondb,0.2,4,4,GTGGGTGAAACGCTATTGTC,0,19636
TSS_1414_storz_regulondb,0.2,4,4,GTGGGCAAATAAAGACGCCT,0,42957
TSS_1414_storz_regulondb,0.2,4,4,GTGGCTGCTGCGCCAGTGCT,0,42594
TSS_1414_storz_regulondb,0.2,4,4,GTGCCCCCTGATACCCGAGA,0,36889
TSS_1414_storz_regulondb,0.2,4,4,GTGCATCTGAGTAGTAAGCG,0,24570
TSS_1414_storz_regulondb,0.2,4,4,GTGCAAGCCCTATATAGATT,0,17691
TSS_1414_storz_regulondb,0.2,4,4,GTGCAAGAAGCCAACCAGCA,0,50021
TSS_1414_storz_regulondb,0.2,4,4,GTGACCCAGAGTTTTATGTG,0,24838
TSS_1414_storz_regulondb,0.2,4,4,GTGACATTGCGAAAAATTTA,0,20006
TSS_1414_storz_regulondb,0.2,4,4,GTGAATAGGGTATTACAAAC,0,16948
TSS_1414_storz_regulondb,0.2,4,4,GTCTTTCGTCGCCGGCTCTG,0,4265
TSS_1414_storz_regulondb,0.2,4,4,GTCTCTGCGGAAATATGGAC,0,11933
TSS_1414_storz_regulondb,0.2,4,4,GTCTAGATGCCGCAGTGGAA,0,37211
TSS_1414_storz_regulondb,0.2,4,4,GTCGGAGACACTGAAGAGTG,0,74191
TSS_1414_storz_regulondb,0.2,4,4,GTCGCAGTGGGTGACTGATG,0,44073
TSS_1414_storz_regulondb,0.2,4,4,GTCGCACATATCTTGGAGTT,0,36181
TSS_1414_storz_regulondb,0.2,4,4,GTCCTTTACCGGAGAGGTCC,0,3076
TSS_1414_storz_regulondb,0.2,4,4,GTCCTCGGCGCGACCGCCTT,0,65377
TSS_1414_storz_regulondb,0.2,4,4,GTCCCTTGAAGGCCACATTC,0,5867
TSS_1414_storz_regulondb,0.2,4,4,GTCCCGACGGGCTACGTCCG,0,4619
TSS_1414_storz_regulondb,0.2,4,4,GTCCCCTGGGCACGGCAGCA,0,15272
TSS_1414_storz_regulondb,0.2,4,4,GTCCAACGGACAGATAGCGC,0,14530
TSS_1414_storz_regulondb,0.2,4,4,GTCACTTACGGAGCACTGAT,0,50101
TSS_1414_storz_regulondb,0.2,4,4,GTCACTCCGCTAAGCGATTG,0,13533
TSS_1414_storz_regulondb,0.2,4,4,GTCACTAAGCTACTCAGCAT,0,52580
TSS_1414_storz_regulondb,0.2,4,4,GTCAAGTTGACCTCGAGGCC,0,40592
TSS_1414_storz_regulondb,0.2,4,4,GTCAACATGAACTTCCGACC,0,16539
TSS_1414_storz_regulondb,0.2,4,4,GTATGATGAAGTGCGCGCAA,0,51303
TSS_1414_storz_regulondb,0.2,4,4,GTATCGGGTAGAATTCATCC,0,72525
TSS_1414_storz_regulondb,0.2,4,4,GTATCGATCACACGACCAAA,0,23525
TSS_1414_storz_regulondb,0.2,4,4,GTATATAAAAGCTCAGAATA,0,67300
TSS_1414_storz_regulondb,0.2,4,4,GTATAAGCGCATAGAGGACA,0,54301
TSS_1414_storz_regulondb,0.2,4,4,GTAGTTGGATTCGGAAACAT,0,45842
TSS_1414_storz_regulondb,0.2,4,4,GTAGGTCGCAGGATCATGCC,0,53301
TSS_1414_storz_regulondb,0.2,4,4,GTAGGTATTGAGTTACGGGA,0,66711
TSS_1414_storz_regulondb,0.2,4,4,GTAGGAAGCATTATCCACCA,0,26032
TSS_1414_storz_regulondb,0.2,4,4,GTAGAAGTCCGATCTGGGTG,0,62734
TSS_1414_storz_regulondb,0.2,4,4,GTACTTACGTCTCTTGAGAA,0,63
TSS_1414_storz_regulondb,0.2,4,4,GTACTATGGTCCAACACGCA,0,34256
TSS_1414_storz_regulondb,0.2,4,4,GTACTAGCGGCGACGGTCGG,0,15127
TSS_1414_storz_regulondb,0.2,4,4,GTACGTTGTATGTTGGGCCT,0,16949
TSS_1414_storz_regulondb,0.2,4,4,GTACGGGATTTTATTGCCAA,0,639
TSS_1414_storz_regulondb,0.2,4,4,GTACGATACAATAACTAAAT,0,7480
TSS_1414_storz_regulondb,0.2,4,4,GTACCGTTCTACCTTGCTTA,0,4225
TSS_1414_storz_regulondb,0.2,4,4,GTACCCTTTTACTACATCAC,0,49541
TSS_1414_storz_regulondb,0.2,4,4,GTAATGAACCTAGACTGGAA,0,62650
TSS_1414_storz_regulondb,0.2,4,4,GTAAGGGGCAGGTGTATATG,0,75633
TSS_1414_storz_regulondb,0.2,4,4,GTAACACAAAAAATAACCTA,0,79241
TSS_1414_storz_regulondb,0.2,4,4,GGTTTCGTACCCTACTTTAT,0,9702
TSS_1414_storz_regulondb,0.2,4,4,GGTTTCAAAATGCTACTCCG,0,72616
TSS_1414_storz_regulondb,0.2,4,4,GGTTGGCCGCATGACGCAAA,0,34840
TSS_1414_storz_regulondb,0.2,4,4,GGTTGCTCGGTTCTCATGTA,0,62633
TSS_1414_storz_regulondb,0.2,4,4,GGTTCGTGGCCATTCCGTCC,0,47088
TSS_1414_storz_regulondb,0.2,4,4,GGTTCACTTTAGACAACAGC,0,8564
TSS_1414_storz_regulondb,0.2,4,4,GGTTATGGTTCTCTACTCCT,0,49324
TSS_1414_storz_regulondb,0.2,4,4,GGTTACGGTTGTGTGGCGTA,0,10390
TSS_1414_storz_regulondb,0.2,4,4,GGTGTGTAATATAACGCTAG,0,27913
TSS_1414_storz_regulondb,0.2,4,4,GGTGTCAGTTCAGGGAGCGT,0,263
TSS_1414_storz_regulondb,0.2,4,4,GGTGTAGCCTTAGAAAGGCA,0,72439
TSS_1414_storz_regulondb,0.2,4,4,GGTGTAAGGACCCTGGTCGT,0,70485
TSS_1414_storz_regulondb,0.2,4,4,GGTGGATGAGGGGGATTTTC,0,13178
TSS_1414_storz_regulondb,0.2,4,4,GGTGCTGTTCGTGGAGAAAA,0,78932
TSS_1414_storz_regulondb,0.2,4,4,GGTGCTGTACTTACGACAAG,0,22426
TSS_1414_storz_regulondb,0.2,4,4,GGTGCCGCATTTGGGTCCTT,0,44741
TSS_1414_storz_regulondb,0.2,4,4,GGTGATGGCCCATGAAGGAG,0,74911
TSS_1414_storz_regulondb,0.2,4,4,GGTGACCTTTCGGTCATACC,0,75324
TSS_1414_storz_regulondb,0.2,4,4,GGTGAATGAAATGAAACCGT,0,13459
TSS_1414_storz_regulondb,0.2,4,4,GGTGAACTCGGAAGTTATCG,0,76119
TSS_1414_storz_regulondb,0.2,4,4,GGTCTGGTCCAGCGAACACA,0,11441
TSS_1414_storz_regulondb,0.2,4,4,GGTCGCGCGTTTAGTACACA,0,78524
TSS_1414_storz_regulondb,0.2,4,4,GGTCCGGTTCACAGGAGCTG,0,55176
TSS_1414_storz_regulondb,0.2,4,4,GGTACATCGCGGGCTCCAGG,0,69285
TSS_1414_storz_regulondb,0.2,4,4,GGTACAGCTGGGACCAAAGG,0,79924
TSS_1414_storz_regulondb,0.2,4,4,GGTAACCCAACTCTGAAAGC,0,65817
TSS_1414_storz_regulondb,0.2,4,4,GGTAAACGATGGGGTAGAAC,0,66642
TSS_1414_storz_regulondb,0.2,4,4,GGGTTTGTTCTCGACATCAT,0,19697
TSS_1414_storz_regulondb,0.2,4,4,GGGTTTCCGGCTTTATGCAC,0,74006
TSS_1414_storz_regulondb,0.2,4,4,GGGTTGCGGAGTCCCGTGAC,0,22062
TSS_1414_storz_regulondb,0.2,4,4,GGGTTATTCACTCGGGTATA,0,29311
TSS_1414_storz_regulondb,0.2,4,4,GGGTATGTGCGGACATCAAG,0,9133
TSS_1414_storz_regulondb,0.2,4,4,GGGTACCCCCCTACAGGCCA,0,50497
TSS_1414_storz_regulondb,0.2,4,4,GGGTAATCCTAGGCAACGGG,0,10875
TSS_1414_storz_regulondb,0.2,4,4,GGGGTACTTAGCGCTTTGGA,0,33734
TSS_1414_storz_regulondb,0.2,4,4,GGGGACTGAGGTGCCGCGAC,0,32053
TSS_1414_storz_regulondb,0.2,4,4,GGGCTCGACCAGCCCGTGCA,0,16377
TSS_1414_storz_regulondb,0.2,4,4,GGGCTATGATGTCGATTGGA,0,12431
TSS_1414_storz_regulondb,0.2,4,4,GGGCGTGGGGCATGAGTACT,0,10980
TSS_1414_storz_regulondb,0.2,4,4,GGGCGTAACGGCCGGCTTTC,0,66064
TSS_1414_storz_regulondb,0.2,4,4,GGGCGAACGAGACCGCCCGT,0,72656
TSS_1414_storz_regulondb,0.2,4,4,GGGCCGGGTTGGTGCGCCTC,0,4610
TSS_1414_storz_regulondb,0.2,4,4,GGGCCGACGGAACCGTGGTC,0,12812
TSS_1414_storz_regulondb,0.2,4,4,GGGCCACTACTAGGTGGCTC,0,36598
TSS_1414_storz_regulondb,0.2,4,4,GGGCATCCCTTCCGTCATGG,0,70179
TSS_1414_storz_regulondb,0.2,4,4,GGGCACGATACTCTAACGCA,0,60922
TSS_1414_storz_regulondb,0.2,4,4,GGGATTTGGACCCGGTTAGA,0,44264
TSS_1414_storz_regulondb,0.2,4,4,GGGAGGTGCCGTACGGATCT,0,1569
TSS_1414_storz_regulondb,0.2,4,4,GGGACGTATAACCAAAGTCT,0,53947
TSS_1414_storz_regulondb,0.2,4,4,GGGACGCTTCAATCTCCCGA,0,33687
TSS_1414_storz_regulondb,0.2,4,4,GGGACCTAGAGCGACAAATG,0,14701
TSS_1414_storz_regulondb,0.2,4,4,GGGAATTGAATATGTAGGAT,0,30365
TSS_1414_storz_regulondb,0.2,4,4,GGGAATCTTAACGCGATCAG,0,54747
TSS_1414_storz_regulondb,0.2,4,4,GGGAAGCAAGAGAGAGAATA,0,40436
TSS_1414_storz_regulondb,0.2,4,4,GGGAAGAGGTAAGTCCCTGA,0,17200
TSS_1414_storz_regulondb,0.2,4,4,GGCTTTTCGGGTACCGATCG,0,69188
TSS_1414_storz_regulondb,0.2,4,4,GGCTTGTTCCGTAGGTCGAT,0,11048
TSS_1414_storz_regulondb,0.2,4,4,GGCTTGGGCTTATACGCCGG,0,77236
TSS_1414_storz_regulondb,0.2,4,4,GGCTGGGTTAAGGGATGAGT,0,76210
TSS_1414_storz_regulondb,0.2,4,4,GGCTGGAGGACAGGCGTTGT,0,66223
TSS_1414_storz_regulondb,0.2,4,4,GGCTGCAAGTAGTGTCTGGT,0,70712
TSS_1414_storz_regulondb,0.2,4,4,GGCTCTGTCGTCTCCTGTTT,0,10639
TSS_1414_storz_regulondb,0.2,4,4,GGCTCCTGTCCTGGCGTTAC,0,21607
TSS_1414_storz_regulondb,0.2,4,4,GGCTCCCGGGAAGAGGGTTA,0,43314
TSS_1414_storz_regulondb,0.2,4,4,GGCTCATCCATATGCGATTG,0,41271
TSS_1414_storz_regulondb,0.2,4,4,GGCTCAGCTAAGACTTCCTA,0,73686
TSS_1414_storz_regulondb,0.2,4,4,GGCTCACAGCTACGCAGCTG,0,54954
TSS_1414_storz_regulondb,0.2,4,4,GGCTAATAGGTGGCAGTCTA,0,41383
TSS_1414_storz_regulondb,0.2,4,4,GGCGGTGCGTATAGAAAGTG,0,42090
TSS_1414_storz_regulondb,0.2,4,4,GGCGCCTTCTTGTATGGTTT,0,50014
TSS_1414_storz_regulondb,0.2,4,4,GGCCTTTTTGGGATCATCTT,0,46174
TSS_1414_storz_regulondb,0.2,4,4,GGCCTACCAGGGCCAAATCT,0,20568
TSS_1414_storz_regulondb,0.2,4,4,GGCCTAACGTTTCCTCAGAA,0,31197
TSS_1414_storz_regulondb,0.2,4,4,GGCCGTGGCGTGTGATGCCT,0,4376
TSS_1414_storz_regulondb,0.2,4,4,GGCCGCCGGTCTCCCCCACG,0,5043
TSS_1414_storz_regulondb,0.2,4,4,GGCCCTTGATCGGGCCATGC,0,7446
TSS_1414_storz_regulondb,0.2,4,4,GGCCCCTCAGCTGGGTGGAG,0,53081
TSS_1414_storz_regulondb,0.2,4,4,GGCCCATGGATAAGATTATA,0,17084
TSS_1414_storz_regulondb,0.2,4,4,GGCCACCGCAAGCCCGACTA,0,28725
TSS_1414_storz_regulondb,0.2,4,4,GGCCACCCGCAGAGCGTTAG,0,36140
TSS_1414_storz_regulondb,0.2,4,4,GGCCACCAAATGCGCGGATT,0,54686
TSS_1414_storz_regulondb,0.2,4,4,GGCATTCCCACTTGCAACGG,0,58342
TSS_1414_storz_regulondb,0.2,4,4,GGCATGTTTGCAAGGTTACT,0,68281
TSS_1414_storz_regulondb,0.2,4,4,GGCAGTGTCGCTTGTTTTGC,0,61301
TSS_1414_storz_regulondb,0.2,4,4,GGCAGTCCAAAAGGTGTCGG,0,67324
TSS_1414_storz_regulondb,0.2,4,4,GGCAGGGTTTCGTAAGGGTA,0,61044
TSS_1414_storz_regulondb,0.2,4,4,GGCAGGAGATTACCTATAAC,0,26311
TSS_1414_storz_regulondb,0.2,4,4,GGCAGCTATCCTGATAAACC,0,16008
TSS_1414_storz_regulondb,0.2,4,4,GGCACTCGGGCTGGAAATCA,0,58745
TSS_1414_storz_regulondb,0.2,4,4,GGCACACCAGCGGCCATGCG,0,59265
TSS_1414_storz_regulondb,0.2,4,4,GGCAATGGGCTCTAGCTTCA,0,5129
TSS_1414_storz_regulondb,0.2,4,4,GGCAATACTTCGTGCGAGCC,0,28625
TSS_1414_storz_regulondb,0.2,4,4,GGCAATAAATACTTGTAAAG,0,64673
TSS_1414_storz_regulondb,0.2,4,4,GGATTTGGGCTTTCATGCTG,0,20496
TSS_1414_storz_regulondb,0.2,4,4,GGATTGATCCAGCCAGGAGT,0,17422
TSS_1414_storz_regulondb,0.2,4,4,GGATGGTTTACGCAAGATGC,0,20395
TSS_1414_storz_regulondb,0.2,4,4,GGATATATTGGCCCACCGCG,0,71019
TSS_1414_storz_regulondb,0.2,4,4,GGATAAGCAACTATCGCCGA,0,18812
TSS_1414_storz_regulondb,0.2,4,4,GGAGTAATGCTAGGTTGAGA,0,49938
TSS_1414_storz_regulondb,0.2,4,4,GGAGGACCGTAGTATTGGTG,0,14563
TSS_1414_storz_regulondb,0.2,4,4,GGAGCCGACGCAGACCGCAT,0,36657
TSS_1414_storz_regulondb,0.2,4,4,GGAGCAATGCCGAGTAAATC,0,76559
TSS_1414_storz_regulondb,0.2,4,4,GGACTCTCCGCGAACCCTCC,0,10699
TSS_1414_storz_regulondb,0.2,4,4,GGACGTTATGTAGTTAATTA,0,62115
TSS_1414_storz_regulondb,0.2,4,4,GGACGTCGCCGCCAAAATGT,0,54717
TSS_1414_storz_regulondb,0.2,4,4,GGACATTGTAGTGATAGAAT,0,28571
TSS_1414_storz_regulondb,0.2,4,4,GGAAGGTTTGACGGTTTGGT,0,21599
TSS_1414_storz_regulondb,0.2,4,4,GGAAGCCTCGGATGGTGATC,0,7417
TSS_1414_storz_regulondb,0.2,4,4,GGAAAGTATAACCAGCTGGT,0,33834
TSS_1414_storz_regulondb,0.2,4,4,GGAAAGGTAACGCTGGTACG,0,67942
TSS_1414_storz_regulondb,0.2,4,4,GGAAAACTGCGCAGGTCTGC,0,8430
TSS_1414_storz_regulondb,0.2,4,4,GCTTTAAATGCATAAGGAAT,0,18143
TSS_1414_storz_regulondb,0.2,4,4,GCTTGTAAAATCCGGGTTAG,0,57310
TSS_1414_storz_regulondb,0.2,4,4,GCTTCGTCGCCTTACGAGTG,0,66429
TSS_1414_storz_regulondb,0.2,4,4,GCTTAGGGTACGGCAGGTCT,0,20302
TSS_1414_storz_regulondb,0.2,4,4,GCTTAGCACGCCTATCAGCA,0,40907
TSS_1414_storz_regulondb,0.2,4,4,GCTTAAAGCACCAGCGTTAG,0,70233
TSS_1414_storz_regulondb,0.2,4,4,GCTGTTTTTATGGTCTGTTA,0,8905
TSS_1414_storz_regulondb,0.2,4,4,GCTGGTCAGTTAGTCTTTTC,0,40443
TSS_1414_storz_regulondb,0.2,4,4,GCTGGTACGAAAGAGCAAGT,0,20947
TSS_1414_storz_regulondb,0.2,4,4,GCTGCTATATCTTCGCGGCT,0,62123
TSS_1414_storz_regulondb,0.2,4,4,GCTGCCACTACTGGGGCCAC,0,46186
TSS_1414_storz_regulondb,0.2,4,4,GCTCTTACTCGATTTTGCCC,0,50256
TSS_1414_storz_regulondb,0.2,4,4,GCTCTCCTTTGGCTCGTTGT,0,18454
TSS_1414_storz_regulondb,0.2,4,4,GCTCGGGAACGCAGTACAGG,0,11157
TSS_1414_storz_regulondb,0.2,4,4,GCTCCTGTGAGAATTACATC,0,76965
TSS_1414_storz_regulondb,0.2,4,4,GCTCCGCACTATTCAGAATA,0,45398
TSS_1414_storz_regulondb,0.2,4,4,GCTCATTTCCCCCCTCGGAA,0,26254
TSS_1414_storz_regulondb,0.2,4,4,GCTCAGGGAACCGTGGTAAT,0,66120
TSS_1414_storz_regulondb,0.2,4,4,GCTCACCATAGATCCGTATC,0,55833
TSS_1414_storz_regulondb,0.2,4,4,GCTCAACCCATGGTGGAGCA,0,31108
TSS_1414_storz_regulondb,0.2,4,4,GCTCAAAGCATTTAGCAGAA,0,4571
TSS_1414_storz_regulondb,0.2,4,4,GCTATTTAACAGACTACTGT,0,60477
TSS_1414_storz_regulondb,0.2,4,4,GCTATCTTCGATTGGGGTAT,0,73713
TSS_1414_storz_regulondb,0.2,4,4,GCTAGGCAAGTTCCCACGGC,0,51865
TSS_1414_storz_regulondb,0.2,4,4,GCTAGCCGGTGTTTCTCGAA,0,70088
TSS_1414_storz_regulondb,0.2,4,4,GCTACGGTGCCCTTGATAGA,0,66366
TSS_1414_storz_regulondb,0.2,4,4,GCTACGGGATCATGGGCTTC,0,62453
TSS_1414_storz_regulondb,0.2,4,4,GCTAACATCTTAGGGGCCCT,0,51817
TSS_1414_storz_regulondb,0.2,4,4,GCTAACATCGGCCCGTTTCT,0,11331
TSS_1414_storz_regulondb,0.2,4,4,GCGTGGACGGGACAAGAAGG,0,8291
TSS_1414_storz_regulondb,0.2,4,4,GCGTGCTATTTCTAGTGACA,0,16295
TSS_1414_storz_regulondb,0.2,4,4,GCGTCTCGTCTTAGGTCGTT,0,34558
TSS_1414_storz_regulondb,0.2,4,4,GCGTATGGCTCTTGTCATCC,0,55065
TSS_1414_storz_regulondb,0.2,4,4,GCGTAGTCCTGGCTACCAGT,0,43726
TSS_1414_storz_regulondb,0.2,4,4,GCGTAGGGTATGCGCTGAGA,0,66821
TSS_1414_storz_regulondb,0.2,4,4,GCGTAGCCCAATTAAGGATC,0,34802
TSS_1414_storz_regulondb,0.2,4,4,GCGTACCACGTCACTCTCTA,0,25362
TSS_1414_storz_regulondb,0.2,4,4,GCGGTCTTGAGGTATGCGTC,0,45845
TSS_1414_storz_regulondb,0.2,4,4,GCGGTAGGTTTGAGAGGGGC,0,74523
TSS_1414_storz_regulondb,0.2,4,4,GCGGTACTCGGATCACGACG,0,66552
TSS_1414_storz_regulondb,0.2,4,4,GCGGCGTCTAGCACCTTTAC,0,1893
TSS_1414_storz_regulondb,0.2,4,4,GCGGCGCTGAAACCAGATCT,0,28972
TSS_1414_storz_regulondb,0.2,4,4,GCGGCCACGACAAACCTTAA,0,5959
TSS_1414_storz_regulondb,0.2,4,4,GCGGAATCTTCTTGCCACGC,0,13145
TSS_1414_storz_regulondb,0.2,4,4,GCGCTCGTAGGGAGGAACGC,0,37525
TSS_1414_storz_regulondb,0.2,4,4,GCGCCTCCGTTTACGGTGGA,0,23678
TSS_1414_storz_regulondb,0.2,4,4,GCGCCAAAATGACCATGGGT,0,48230
TSS_1414_storz_regulondb,0.2,4,4,GCGCAGTGTAGGCCGTAACG,0,858
TSS_1414_storz_regulondb,0.2,4,4,GCGAGGGTAGGTGTAGGGTT,0,860
TSS_1414_storz_regulondb,0.2,4,4,GCGACCCCTGTCGGCTATGC,0,55806
TSS_1414_storz_regulondb,0.2,4,4,GCGAAGCTGCCCCTCCCACG,0,41533
TSS_1414_storz_regulondb,0.2,4,4,GCGAAGCAAAGTGTCGGTTA,0,11920
TSS_1414_storz_regulondb,0.2,4,4,GCCTTTCAGATTAATTATAT,0,17131
TSS_1414_storz_regulondb,0.2,4,4,GCCTTCACTCACACACGCTG,0,7388
TSS_1414_storz_regulondb,0.2,4,4,GCCTGTACGCGCGTCCTACT,0,61546
TSS_1414_storz_regulondb,0.2,4,4,GCCTGGCTAAAGGCTGTAGG,0,43219
TSS_1414_storz_regulondb,0.2,4,4,GCCTATTCAATCCTCTTCGT,0,59128
TSS_1414_storz_regulondb,0.2,4,4,GCCTACACTAATGTACGGCA,0,45133
TSS_1414_storz_regulondb,0.2,4,4,GCCGTCCCGGGAATTTCCGC,0,39461
TSS_1414_storz_regulondb,0.2,4,4,GCCGTAGTGAGTGTGGGCGG,0,40704
TSS_1414_storz_regulondb,0.2,4,4,GCCGATCAAGGAGTGCACAT,0,35083
TSS_1414_storz_regulondb,0.2,4,4,GCCCTCTCCATGTATCCCAT,0,12652
TSS_1414_storz_regulondb,0.2,4,4,GCCCGGTAGTGCTGGGGCGA,0,22839
TSS_1414_storz_regulondb,0.2,4,4,GCCCGAATTGCACGGGAAGT,0,6911
TSS_1414_storz_regulondb,0.2,4,4,GCCCAGGCCAGGTGTCCACA,0,16274
TSS_1414_storz_regulondb,0.2,4,4,GCCATAAACCTGTTGCCATC,0,50869
TSS_1414_storz_regulondb,0.2,4,4,GCCACTTCCATCCTTGTTGT,0,47084
TSS_1414_storz_regulondb,0.2,4,4,GCCACGGTCTATCAAAGGGA,0,44385
TSS_1414_storz_regulondb,0.2,4,4,GCCAATAAAAGTTTTCAGAA,0,79712
TSS_1414_storz_regulondb,0.2,4,4,GCATTATCGAGTAAATTACA,0,47746
TSS_1414_storz_regulondb,0.2,4,4,GCATGATCATATACGATGGG,0,44546
TSS_1414_storz_regulondb,0.2,4,4,GCATCGGCCGGGGGGACTAA,0,25521
TSS_1414_storz_regulondb,0.2,4,4,GCATATAACTGTTACTTGCG,0,35882
TSS_1414_storz_regulondb,0.2,4,4,GCATAAATTCCTATACTAGA,0,51621
TSS_1414_storz_regulondb,0.2,4,4,GCAGTCATGTGTCTGCATAT,0,23068
TSS_1414_storz_regulondb,0.2,4,4,GCAGTCATAGACTCAGAGTT,0,57773
TSS_1414_storz_regulondb,0.2,4,4,GCAGGATCAACTATGCACCC,0,58130
TSS_1414_storz_regulondb,0.2,4,4,GCAGCTTTCTCGTTGGTTGA,0,9872
TSS_1414_storz_regulondb,0.2,4,4,GCAGCTTTCTCCATCTCGGG,0,54411
TSS_1414_storz_regulondb,0.2,4,4,GCAGCTTTATGAGGTAGAGG,0,40937
TSS_1414_storz_regulondb,0.2,4,4,GCAGCGCAACAGCTTTTGCT,0,12281
TSS_1414_storz_regulondb,0.2,4,4,GCAGACTAGCCTGACATTTA,0,55076
TSS_1414_storz_regulondb,0.2,4,4,GCACTCAACATAGGACATCA,0,59405
TSS_1414_storz_regulondb,0.2,4,4,GCACGGCGTCGATTCGGTGG,0,16921
TSS_1414_storz_regulondb,0.2,4,4,GCACCTTGAACTCCAGGTGA,0,69308
TSS_1414_storz_regulondb,0.2,4,4,GCACCTACCACAGATTGAGT,0,49519
TSS_1414_storz_regulondb,0.2,4,4,GCACCGGGACCCTAGGGCCA,0,28965
TSS_1414_storz_regulondb,0.2,4,4,GCACACTTAGTAACGATACG,0,8235
TSS_1414_storz_regulondb,0.2,4,4,GCACACTGCACGATAGGTCC,0,71039
TSS_1414_storz_regulondb,0.2,4,4,GCACAAGCCTCGTAATGTGG,0,45746
TSS_1414_storz_regulondb,0.2,4,4,GCAATGGTCAACTGAAAGCA,0,47393
TSS_1414_storz_regulondb,0.2,4,4,GCAATCGACCACCACTGTTG,0,18459
TSS_1414_storz_regulondb,0.2,4,4,GCAAGACCTCACGAAATGCA,0,36602
TSS_1414_storz_regulondb,0.2,4,4,GCAACTTTAAACTTATAAAG,0,33443
TSS_1414_storz_regulondb,0.2,4,4,GCAACTATAAAAGACCCTGG,0,40638
TSS_1414_storz_regulondb,0.2,4,4,GCAACGTACGGCAGGTACCC,0,4500
TSS_1414_storz_regulondb,0.2,4,4,GCAAAAGTGTTCTAGGCACA,0,43247
TSS_1414_storz_regulondb,0.2,4,4,GATTGCAAGGTCTCTGCACT,0,55901
TSS_1414_storz_regulondb,0.2,4,4,GATTAATGTAAACCTGAATA,0,32577
TSS_1414_storz_regulondb,0.2,4,4,GATTAAGGTCTTTAGTATCA,0,70344
TSS_1414_storz_regulondb,0.2,4,4,GATTAAAGTGCCCAGCAACG,0,61914
TSS_1414_storz_regulondb,0.2,4,4,GATGTCTTCGAAATGGATGA,0,65786
TSS_1414_storz_regulondb,0.2,4,4,GATGTACATCGGCTCGTTTC,0,37656
TSS_1414_storz_regulondb,0.2,4,4,GATGCGCCAAATTCCAGGTT,0,64417
TSS_1414_storz_regulondb,0.2,4,4,GATGCATGCAGCAATACCCT,0,2378
TSS_1414_storz_regulondb,0.2,4,4,GATGAGTATGAATAGACGGC,0,79817
TSS_1414_storz_regulondb,0.2,4,4,GATCTTGTGGGTAGAAAGAG,0,43902
TSS_1414_storz_regulondb,0.2,4,4,GATCTCTAGCCCACTCTACC,0,30071
TSS_1414_storz_regulondb,0.2,4,4,GATCTCGCCCAACTTCATAG,0,42209
TSS_1414_storz_regulondb,0.2,4,4,GATCGAGTCATCCTTACCTT,0,63756
TSS_1414_storz_regulondb,0.2,4,4,GATCCTCTATGCTCCAATGT,0,35714
TSS_1414_storz_regulondb,0.2,4,4,GATCCATTAGGTGTGAATGC,0,80382
TSS_1414_storz_regulondb,0.2,4,4,GATCCATACCACTGGCCAAC,0,77095
TSS_1414_storz_regulondb,0.2,4,4,GATCACGAAACCATATCCGA,0,3460
TSS_1414_storz_regulondb,0.2,4,4,GATATTGTGATGCATGTAAT,0,48309
TSS_1414_storz_regulondb,0.2,4,4,GATAGCTACGCGAGAATTCG,0,73647
TSS_1414_storz_regulondb,0.2,4,4,GATAGAGTTCCAAACGTACA,0,31831
TSS_1414_storz_regulondb,0.2,4,4,GATAATTGGCAAGGAACCCA,0,26763
TSS_1414_storz_regulondb,0.2,4,4,GAGTTGGGGAAACTCTAGGA,0,13562
TSS_1414_storz_regulondb,0.2,4,4,GAGTGCCCCGCCCCAGGCCC,0,32168
TSS_1414_storz_regulondb,0.2,4,4,GAGTCGAGTCAAGTCGGTAG,0,4284
TSS_1414_storz_regulondb,0.2,4,4,GAGTATGGGTTGATTCTTGG,0,6391
TSS_1414_storz_regulondb,0.2,4,4,GAGGGCTGTACACGACCCAT,0,41956
TSS_1414_storz_regulondb,0.2,4,4,GAGGCCTGACTCGCACATGT,0,33237
TSS_1414_storz_regulondb,0.2,4,4,GAGGCATGTAAAGGGATCCA,0,26603
TSS_1414_storz_regulondb,0.2,4,4,GAGGACAAGTGGCCCTCACG,0,18839
TSS_1414_storz_regulondb,0.2,4,4,GAGGAATTGGCCAGCGCATC,0,72811
TSS_1414_storz_regulondb,0.2,4,4,GAGCTCCTGCGCGGATAAGT,0,33440
TSS_1414_storz_regulondb,0.2,4,4,GAGCGTCAGCCTGGTATGGG,0,77744
TSS_1414_storz_regulondb,0.2,4,4,GAGCCTTCGAGCTTATTACG,0,50006
TSS_1414_storz_regulondb,0.2,4,4,GAGCAGTCTCGAGGCAATGT,0,34430
TSS_1414_storz_regulondb,0.2,4,4,GAGAGGGATCTCCCTCCTCA,0,79038
TSS_1414_storz_regulondb,0.2,4,4,GAGAGCGTTACATACGTTGA,0,75499
TSS_1414_storz_regulondb,0.2,4,4,GAGAATTGGTTTCGCGGTAG,0,68376
TSS_1414_storz_regulondb,0.2,4,4,GAGAAGTCTATCCCCTATAG,0,33684
TSS_1414_storz_regulondb,0.2,4,4,GAGAAGTCACCATTAAGTTG,0,18517
TSS_1414_storz_regulondb,0.2,4,4,GACTTTTCACGTTGCAAACA,0,70902
TSS_1414_storz_regulondb,0.2,4,4,GACTGGTATCCGTGACGGCA,0,52186
TSS_1414_storz_regulondb,0.2,4,4,GACTGCGAAAATCGTCTACT,0,11514
TSS_1414_storz_regulondb,0.2,4,4,GACTCGTGTCTATAAAGGCT,0,61917
TSS_1414_storz_regulondb,0.2,4,4,GACTCGGTCATACGCTCGGG,0,41639
TSS_1414_storz_regulondb,0.2,4,4,GACTCCAACTTGTCATTGTA,0,18836
TSS_1414_storz_regulondb,0.2,4,4,GACGTGGCCCTAGTCGGACG,0,71540
TSS_1414_storz_regulondb,0.2,4,4,GACGTACTTATCTGTACCTT,0,29545
TSS_1414_storz_regulondb,0.2,4,4,GACGGCTGCAGCACTATTTT,0,4558
TSS_1414_storz_regulondb,0.2,4,4,GACGCTACGAGAAGGGAGTA,0,5540
TSS_1414_storz_regulondb,0.2,4,4,GACGCAAAACGATCCGGCTA,0,23866
TSS_1414_storz_regulondb,0.2,4,4,GACGAGGGTATGGCTGCGTT,0,46809
TSS_1414_storz_regulondb,0.2,4,4,GACCTCTAAAGTCGAACAGA,0,4811
TSS_1414_storz_regulondb,0.2,4,4,GACCGGACTCCCGTTGCGTG,0,79747
TSS_1414_storz_regulondb,0.2,4,4,GACCGAATGGCCGCCTCGGA,0,35950
TSS_1414_storz_regulondb,0.2,4,4,GACCATTATCCTAGGTGCCC,0,24072
TSS_1414_storz_regulondb,0.2,4,4,GACAGTGACTAGCTTAAAGA,0,55667
TSS_1414_storz_regulondb,0.2,4,4,GACAGTCGATGTATATTAGA,0,16513
TSS_1414_storz_regulondb,0.2,4,4,GACAGGCATATTATTTAGAC,0,52009
TSS_1414_storz_regulondb,0.2,4,4,GACACTGTGCGCACATGTGT,0,49713
TSS_1414_storz_regulondb,0.2,4,4,GACACGGCCTGCGAGATAGC,0,51730
TSS_1414_storz_regulondb,0.2,4,4,GACAAAATCGGTAGCCCTTA,0,26472
TSS_1414_storz_regulondb,0.2,4,4,GAATGTTTAACGTAGATAAG,0,25234
TSS_1414_storz_regulondb,0.2,4,4,GAATAGACGGGGAGTGGTGT,0,49753
TSS_1414_storz_regulondb,0.2,4,4,GAAGTTCGCGACTGTGGGTA,0,61256
TSS_1414_storz_regulondb,0.2,4,4,GAAGGCAGGGCGTCCGCAGC,0,34042
TSS_1414_storz_regulondb,0.2,4,4,GAAGCGCGAGACCTCATTAA,0,20469
TSS_1414_storz_regulondb,0.2,4,4,GAAGCCGGCTTGGGTCTACT,0,33517
TSS_1414_storz_regulondb,0.2,4,4,GAAGCCCAAGAGGAACGGGT,0,13424
TSS_1414_storz_regulondb,0.2,4,4,GAAGAGAGTGATCGACACGA,0,77790
TSS_1414_storz_regulondb,0.2,4,4,GAAGACTGTATGGTGACAGC,0,46847
TSS_1414_storz_regulondb,0.2,4,4,GAACTTTGCCGGTACCCGCA,0,4845
TSS_1414_storz_regulondb,0.2,4,4,GAACTTAACTCTGTCCGGCC,0,45590
TSS_1414_storz_regulondb,0.2,4,4,GAACTACTGGTCTTGACCTC,0,5323
TSS_1414_storz_regulondb,0.2,4,4,GAACCGTTGACCCGAGAAGT,0,64516
TSS_1414_storz_regulondb,0.2,4,4,GAACAACGCCGAGTCGTGGC,0,15511
TSS_1414_storz_regulondb,0.2,4,4,GAAAGTGGGAGCCTGGCTTT,0,41640
TSS_1414_storz_regulondb,0.2,4,4,GAAACGCTCGCCGGGTCGTA,0,65994
TSS_1414_storz_regulondb,0.2,4,4,GAAACCAAGGTTCGTGGATT,0,52669
TSS_1414_storz_regulondb,0.2,4,4,GAAACACTCCTACTTTTTAT,0,6882
TSS_1414_storz_regulondb,0.2,4,4,GAAAAGGAAGAGTGTTTCGT,0,582
TSS_1414_storz_regulondb,0.2,4,4,GAAAACGCATGTAACCTGAT,0,55746
TSS_1414_storz_regulondb,0.2,4,4,GAAAAACGCGACGATAGAGG,0,64505
TSS_1414_storz_regulondb,0.2,4,4,CTTTTGGCGCCTAGTCAGTC,0,37933
TSS_1414_storz_regulondb,0.2,4,4,CTTTGTATTTTTATTCAGGG,0,33738
TSS_1414_storz_regulondb,0.2,4,4,CTTTGCATGGTAGGCACATC,0,55810
TSS_1414_storz_regulondb,0.2,4,4,CTTTGATTAGCGCGACATCT,0,77355
TSS_1414_storz_regulondb,0.2,4,4,CTTTGAGGGTCAGATTCTGA,0,4859
TSS_1414_storz_regulondb,0.2,4,4,CTTTGAAGGCTGTTCAAGAT,0,5855
TSS_1414_storz_regulondb,0.2,4,4,CTTTCGTGGTTAAGCCCTTC,0,4633
TSS_1414_storz_regulondb,0.2,4,4,CTTTCAGTTTATACATTACG,0,74137
TSS_1414_storz_regulondb,0.2,4,4,CTTTCAAAGCGGGCTACCGT,0,60475
TSS_1414_storz_regulondb,0.2,4,4,CTTGGGTCTAAAGTGGGGGA,0,35848
TSS_1414_storz_regulondb,0.2,4,4,CTTGGCGGTCACGTTCCAAC,0,39164
TSS_1414_storz_regulondb,0.2,4,4,CTTGATACTAAGAAATATTT,0,27844
TSS_1414_storz_regulondb,0.2,4,4,CTTGAAATGAATACGTAACG,0,31415
TSS_1414_storz_regulondb,0.2,4,4,CTTCTGGATAAAGCTCACAA,0,37507
TSS_1414_storz_regulondb,0.2,4,4,CTTCGTGATGCGACTCTTGC,0,55727
TSS_1414_storz_regulondb,0.2,4,4,CTTCGGGTTCTCTAGTGCCG,0,37827
TSS_1414_storz_regulondb,0.2,4,4,CTTATTCACCTTAAGTCTTG,0,58809
TSS_1414_storz_regulondb,0.2,4,4,CTTATCTAAACACTGTCTCA,0,22335
TSS_1414_storz_regulondb,0.2,4,4,CTTATCGGACCATTTATGGG,0,66647
TSS_1414_storz_regulondb,0.2,4,4,CTTATATAGGAGTAGCTTTA,0,1073
TSS_1414_storz_regulondb,0.2,4,4,CTTAGGACTGATTTGCAGCG,0,44441
TSS_1414_storz_regulondb,0.2,4,4,CTTAGCAGAGAAACACGTGT,0,37421
TSS_1414_storz_regulondb,0.2,4,4,CTTAATCATGCGTTGAAGCA,0,60347
TSS_1414_storz_regulondb,0.2,4,4,CTTAATAGAAAAACACCGAC,0,12459
TSS_1414_storz_regulondb,0.2,4,4,CTTAAGGTCTCTGTACACGC,0,71745
TSS_1414_storz_regulondb,0.2,4,4,CTGTTTGGGCACCGCGGCAG,0,10679
TSS_1414_storz_regulondb,0.2,4,4,CTGTTACGGGTGGGCAGATA,0,21410
TSS_1414_storz_regulondb,0.2,4,4,CTGTCAGGTTTGTTATGGCC,0,56705
TSS_1414_storz_regulondb,0.2,4,4,CTGTAGGACACATAGACTGT,0,49875
TSS_1414_storz_regulondb,0.2,4,4,CTGGTTGTCGTACCTCCTAA,0,15274
TSS_1414_storz_regulondb,0.2,4,4,CTGGTTAAGTGTATCGGGGT,0,21388
TSS_1414_storz_regulondb,0.2,4,4,CTGGGGGGGGCTTACACATT,0,3622
TSS_1414_storz_regulondb,0.2,4,4,CTGGCTCTGGTTTAACCTGA,0,75157
TSS_1414_storz_regulondb,0.2,4,4,CTGGCGTCTAAGCTTAGGTG,0,74967
TSS_1414_storz_regulondb,0.2,4,4,CTGGAGTATCGGTGCGAGTC,0,34478
TSS_1414_storz_regulondb,0.2,4,4,CTGGAGGGAGGGCCTGAATC,0,79305
TSS_1414_storz_regulondb,0.2,4,4,CTGGACTGTGCTGGCCGTAG,0,72804
TSS_1414_storz_regulondb,0.2,4,4,CTGCTGTGGTGGTACCAACC,0,16509
TSS_1414_storz_regulondb,0.2,4,4,CTGCGGTACCATTGAATCCA,0,18311
TSS_1414_storz_regulondb,0.2,4,4,CTGCGCCGCAATGGTAAACA,0,61727
TSS_1414_storz_regulondb,0.2,4,4,CTGCCGGCCACAAAGAAAAA,0,13963
TSS_1414_storz_regulondb,0.2,4,4,CTGCCGCAGTTTTGTCTCTC,0,21071
TSS_1414_storz_regulondb,0.2,4,4,CTGCATAGGCGACAGCGCAT,0,68481
TSS_1414_storz_regulondb,0.2,4,4,CTGCAGTTCCTGGTCTCCGC,0,27832
TSS_1414_storz_regulondb,0.2,4,4,CTGCAGACAAACTAGGTCCA,0,63315
TSS_1414_storz_regulondb,0.2,4,4,CTGATGTGTGCGCTTCGGGC,0,78522
TSS_1414_storz_regulondb,0.2,4,4,CTGATCTTTTATCCGCATTA,0,74956
TSS_1414_storz_regulondb,0.2,4,4,CTGATATGTAAATCTGTCCA,0,7016
TSS_1414_storz_regulondb,0.2,4,4,CTGAGCTACAGCGTTTCATC,0,806
TSS_1414_storz_regulondb,0.2,4,4,CTGAGCGTTGCTATGCAGAG,0,26741
TSS_1414_storz_regulondb,0.2,4,4,CTGAGAGGCGCGGCCCCTCG,0,58341
TSS_1414_storz_regulondb,0.2,4,4,CTCTTTATGCTGATGATCTT,0,40744
TSS_1414_storz_regulondb,0.2,4,4,CTCTTCACGTTAGAGTAGTT,0,13220
TSS_1414_storz_regulondb,0.2,4,4,CTCTACAGCCGAGAAGGTTG,0,77007
TSS_1414_storz_regulondb,0.2,4,4,CTCGTCTTCTTGCGTAAGCC,0,27369
TSS_1414_storz_regulondb,0.2,4,4,CTCGTCATATGGAGTTAAAG,0,57679
TSS_1414_storz_regulondb,0.2,4,4,CTCGTATACAATCGTGCCTT,0,71454
TSS_1414_storz_regulondb,0.2,4,4,CTCGGGGCGTGAACACTATT,0,13884
TSS_1414_storz_regulondb,0.2,4,4,CTCGGAACAATAATTGGCCT,0,43256
TSS_1414_storz_regulondb,0.2,4,4,CTCGCGGTTTTCCAAAATGT,0,59222
TSS_1414_storz_regulondb,0.2,4,4,CTCGCGCTGTCAACGCGATG,0,47100
TSS_1414_storz_regulondb,0.2,4,4,CTCGCCACCGCGTCCAGTCG,0,36329
TSS_1414_storz_regulondb,0.2,4,4,CTCGAAAGGTGGACAGGACA,0,60032
TSS_1414_storz_regulondb,0.2,4,4,CTCCTTAGGCAGAAGCAATG,0,47520
TSS_1414_storz_regulondb,0.2,4,4,CTCCTTAGCTACGAGCAATA,0,66708
TSS_1414_storz_regulondb,0.2,4,4,CTCCGGCGGTTTCTTTGACA,0,74159
TSS_1414_storz_regulondb,0.2,4,4,CTCCGAAGGTGGTCTATGAC,0,32079
TSS_1414_storz_regulondb,0.2,4,4,CTCCCGGTGTCCGTCGACTT,0,79200
TSS_1414_storz_regulondb,0.2,4,4,CTCCCCGCATTCAACCACGA,0,46164
TSS_1414_storz_regulondb,0.2,4,4,CTCCCCAATAGGGGCCGTTG,0,69680
TSS_1414_storz_regulondb,0.2,4,4,CTCCAGCCGTGGCTATGTGT,0,71577
TSS_1414_storz_regulondb,0.2,4,4,CTCACTTGGTCGGCGTGATT,0,50840
TSS_1414_storz_regulondb,0.2,4,4,CTCACTGTCCAGCGATTTGC,0,51082
TSS_1414_storz_regulondb,0.2,4,4,CTCAAGAGACAGAGGCTCGC,0,40439
TSS_1414_storz_regulondb,0.2,4,4,CTCAAGACGCGTCTCTCAGT,0,75481
TSS_1414_storz_regulondb,0.2,4,4,CTATTTTTGACCCAGTACTC,0,73618
TSS_1414_storz_regulondb,0.2,4,4,CTATTTCCGCTCCCAAGCCG,0,40746
TSS_1414_storz_regulondb,0.2,4,4,CTATTTATGGCGGTCCGCCG,0,68480
TSS_1414_storz_regulondb,0.2,4,4,CTATTCTACTTCAGCAAGCA,0,77358
TSS_1414_storz_regulondb,0.2,4,4,CTATGCGAGGTCAGTCGGCA,0,4275
TSS_1414_storz_regulondb,0.2,4,4,CTATCAGCATTTAAGCCGAA,0,19366
TSS_1414_storz_regulondb,0.2,4,4,CTATATCTTTGGGCACTTCA,0,10807
TSS_1414_storz_regulondb,0.2,4,4,CTAGTGGGCCATCCCCGATT,0,3984
TSS_1414_storz_regulondb,0.2,4,4,CTAGGTATGCCGGGACCCAG,0,56269
TSS_1414_storz_regulondb,0.2,4,4,CTAGGCGGTCTTACTGTTTG,0,64008
TSS_1414_storz_regulondb,0.2,4,4,CTAGCGGGTATAAATGTTGC,0,78212
TSS_1414_storz_regulondb,0.2,4,4,CTAGCCGGGGGCCGCGTAGG,0,7628
TSS_1414_storz_regulondb,0.2,4,4,CTAGCCGCGCTACTATTAGA,0,40690
TSS_1414_storz_regulondb,0.2,4,4,CTAGACGTGGCTTAAACCTC,0,63826
TSS_1414_storz_regulondb,0.2,4,4,CTACTTCTCTAGTGGCTCAG,0,42689
TSS_1414_storz_regulondb,0.2,4,4,CTACTTCCTGAGTATTGGCT,0,60012
TSS_1414_storz_regulondb,0.2,4,4,CTACTAAAACCGATGCACTG,0,37069
TSS_1414_storz_regulondb,0.2,4,4,CTACGTCTAGAAGGCTTATG,0,37462
TSS_1414_storz_regulondb,0.2,4,4,CTACGGGACATCACAATCGA,0,78482
TSS_1414_storz_regulondb,0.2,4,4,CTACGGAACCAGGATGCGAA,0,40329
TSS_1414_storz_regulondb,0.2,4,4,CTACGCTAGGAGTCTCTTTT,0,29071
TSS_1414_storz_regulondb,0.2,4,4,CTACGATGTAGCCGATTACT,0,47883
TSS_1414_storz_regulondb,0.2,4,4,CTACCGTTCACGATCCCATG,0,9383
TSS_1414_storz_regulondb,0.2,4,4,CTACCGGAATACCATAACTG,0,9187
TSS_1414_storz_regulondb,0.2,4,4,CTACCGCAGGGACACAGCGG,0,27576
TSS_1414_storz_regulondb,0.2,4,4,CTACCGAGGAAGACACCAAC,0,71328
TSS_1414_storz_regulondb,0.2,4,4,CTACCGAATCTTGGTGTAGG,0,12813
TSS_1414_storz_regulondb,0.2,4,4,CTACAGTTACGAATGGCTGC,0,31556
TSS_1414_storz_regulondb,0.2,4,4,CTACAATCACGGTCGCCTAC,0,56928
TSS_1414_storz_regulondb,0.2,4,4,CTAAGTGCGAACCTGGCGAT,0,44368
TSS_1414_storz_regulondb,0.2,4,4,CTAACTACGTCTGTCCGCAG,0,79125
TSS_1414_storz_regulondb,0.2,4,4,CTAACGGAAATCTAAGAGCC,0,42318
TSS_1414_storz_regulondb,0.2,4,4,CTAAAACCACAGACATGGAG,0,7778
TSS_1414_storz_regulondb,0.2,4,4,CGTTTCGCTTTTGCGAAGTC,0,28061
TSS_1414_storz_regulondb,0.2,4,4,CGTTTACAAATATGGTTAGG,0,49356
TSS_1414_storz_regulondb,0.2,4,4,CGTTGGTTGTCGTAAGCGGG,0,48236
TSS_1414_storz_regulondb,0.2,4,4,CGTTGAGAGTTTAGGGCTTG,0,33724
TSS_1414_storz_regulondb,0.2,4,4,CGTTCTGCGCCCGAAGACGG,0,24578
TSS_1414_storz_regulondb,0.2,4,4,CGTTCTGCCCGATGAACAGT,0,35011
TSS_1414_storz_regulondb,0.2,4,4,CGTTCGGAGGATCCCGATCA,0,7013
TSS_1414_storz_regulondb,0.2,4,4,CGTTCCTCTGACTCGGCTGG,0,65318
TSS_1414_storz_regulondb,0.2,4,4,CGTTCACCCAGCCCTCGCTC,0,36038
TSS_1414_storz_regulondb,0.2,4,4,CGTTCAACCCGTGTGTGTTC,0,51471
TSS_1414_storz_regulondb,0.2,4,4,CGTGGGCCGGGCGCGTATGC,0,36026
TSS_1414_storz_regulondb,0.2,4,4,CGTGGGCATGGTGGCGGGCG,0,44344
TSS_1414_storz_regulondb,0.2,4,4,CGTGCAATCCCGATGCGTAA,0,70092
TSS_1414_storz_regulondb,0.2,4,4,CGTCGGTTCGCTTGGCATTA,0,65598
TSS_1414_storz_regulondb,0.2,4,4,CGTCCCAGAGGATTGCTAGA,0,57626
TSS_1414_storz_regulondb,0.2,4,4,CGTATTGATAGGGAGCGGGG,0,66651
TSS_1414_storz_regulondb,0.2,4,4,CGTATCTAGCTTAGGTATGT,0,17436
TSS_1414_storz_regulondb,0.2,4,4,CGTAGGTCTAGATAGAGCAG,0,20879
TSS_1414_storz_regulondb,0.2,4,4,CGTAGCCACGATGGTATGCG,0,59261
TSS_1414_storz_regulondb,0.2,4,4,CGTACCCGACCCTCTTGGAC,0,6046
TSS_1414_storz_regulondb,0.2,4,4,CGGTGTCTCTGTCCATAAGG,0,23979
TSS_1414_storz_regulondb,0.2,4,4,CGGTGGTGCGTGGCGTTGAT,0,74721
TSS_1414_storz_regulondb,0.2,4,4,CGGTGCGCTGCTTGCGTCAT,0,39576
TSS_1414_storz_regulondb,0.2,4,4,CGGTGCACCAATACAGAACT,0,53006
TSS_1414_storz_regulondb,0.2,4,4,CGGTCTCTTCGATATTGGTG,0,44132
TSS_1414_storz_regulondb,0.2,4,4,CGGTCGAACGATAATGCCCT,0,9770
TSS_1414_storz_regulondb,0.2,4,4,CGGTCCCGAGGCCAACCCGC,0,7197
TSS_1414_storz_regulondb,0.2,4,4,CGGTAGGCCTATTTAATTGA,0,45069
TSS_1414_storz_regulondb,0.2,4,4,CGGTAGCAATTCAGTCACCT,0,76034
TSS_1414_storz_regulondb,0.2,4,4,CGGGTCGTAGCCTGGAAAAA,0,3626
TSS_1414_storz_regulondb,0.2,4,4,CGGGTCGGCACCGGAGGTTG,0,11795
TSS_1414_storz_regulondb,0.2,4,4,CGGGTATTGATTTTGTCGAA,0,55355
TSS_1414_storz_regulondb,0.2,4,4,CGGGTATTACGGATTGTGAG,0,41759
TSS_1414_storz_regulondb,0.2,4,4,CGGGGCGGGACGAGAAAGGG,0,25918
TSS_1414_storz_regulondb,0.2,4,4,CGGGCTTGAGTTCTTAACTC,0,60398
TSS_1414_storz_regulondb,0.2,4,4,CGGGATGTGAAGGGGAATAA,0,39266
TSS_1414_storz_regulondb,0.2,4,4,CGGGACTCGCTGGCCGGAGT,0,58002
TSS_1414_storz_regulondb,0.2,4,4,CGGGAATGGACTAATGCAGT,0,60404
TSS_1414_storz_regulondb,0.2,4,4,CGGGAAACGCGGCGCACACA,0,16587
TSS_1414_storz_regulondb,0.2,4,4,CGGCTTGGGTGGCGAGCCTC,0,26515
TSS_1414_storz_regulondb,0.2,4,4,CGGCTAGCAGTGTGGGGGCT,0,21726
TSS_1414_storz_regulondb,0.2,4,4,CGGCGGTGTGTTGAGGAATG,0,19718
TSS_1414_storz_regulondb,0.2,4,4,CGGCCTAGTCATCTGGCGCC,0,24690
TSS_1414_storz_regulondb,0.2,4,4,CGGCCCCTTCCACCAGTCAC,0,55721
TSS_1414_storz_regulondb,0.2,4,4,CGGCATAGTACAACCAAATG,0,4217
TSS_1414_storz_regulondb,0.2,4,4,CGGAGCGAAACTGGACCCTA,0,19443
TSS_1414_storz_regulondb,0.2,4,4,CGGAGATTCGTGGCTGCCTC,0,47565
TSS_1414_storz_regulondb,0.2,4,4,CGGACTTGTGACCATACGTT,0,12085
TSS_1414_storz_regulondb,0.2,4,4,CGGACCGGACGTAGCAGTCT,0,55441
TSS_1414_storz_regulondb,0.2,4,4,CGGACCAGTATCGAAGCCGG,0,8528
TSS_1414_storz_regulondb,0.2,4,4,CGGACATGATAGTGTTAGCA,0,13113
TSS_1414_storz_regulondb,0.2,4,4,CGGAAAGTGGAATCGACTTA,0,56000
TSS_1414_storz_regulondb,0.2,4,4,CGGAAAATGCATGATGCGGC,0,70612
TSS_1414_storz_regulondb,0.2,4,4,CGCTTTCGTGAGATCAGGGT,0,60209
TSS_1414_storz_regulondb,0.2,4,4,CGCTTCGCCTTACGTTGGGG,0,47457
TSS_1414_storz_regulondb,0.2,4,4,CGCTTAAGAATCTCCCTGGT,0,9384
TSS_1414_storz_regulondb,0.2,4,4,CGCTGCGTCGCCCCGGCTGG,0,29691
TSS_1414_storz_regulondb,0.2,4,4,CGCTCGTAATTTCAAGGGGC,0,62690
TSS_1414_storz_regulondb,0.2,4,4,CGCTATACATATGTTTTACT,0,26644
TSS_1414_storz_regulondb,0.2,4,4,CGCTAAGAAATAGTGTTTAC,0,27870
TSS_1414_storz_regulondb,0.2,4,4,CGCGTTGACTATTGTGGTGT,0,48610
TSS_1414_storz_regulondb,0.2,4,4,CGCGCTAAGTGAGCTGACTT,0,11820
TSS_1414_storz_regulondb,0.2,4,4,CGCGACTACCAGCCTGTCAA,0,7234
TSS_1414_storz_regulondb,0.2,4,4,CGCCTCGTTAACCCCTCAGT,0,20670
TSS_1414_storz_regulondb,0.2,4,4,CGCCCTTGGACCGGAGGTTT,0,67539
TSS_1414_storz_regulondb,0.2,4,4,CGCCCAGCCGTAGATGGAAC,0,13461
TSS_1414_storz_regulondb,0.2,4,4,CGCCCACCAGGTTGCCGCCT,0,54610
TSS_1414_storz_regulondb,0.2,4,4,CGCATTTCGGTAGGCGGAGC,0,53309
TSS_1414_storz_regulondb,0.2,4,4,CGCATGGGTATTATCAATCC,0,33771
TSS_1414_storz_regulondb,0.2,4,4,CGCATCGGGGGCAGGGTTCT,0,35091
TSS_1414_storz_regulondb,0.2,4,4,CGCAGCGTGATTGGGAATTA,0,36298
TSS_1414_storz_regulondb,0.2,4,4,CGCACGGTCCTGGGGTGCAG,0,6336
TSS_1414_storz_regulondb,0.2,4,4,CGCACACGAAAGGGCAGTTT,0,48845
TSS_1414_storz_regulondb,0.2,4,4,CGCAATTTGGTCACAGGCAA,0,57366
TSS_1414_storz_regulondb,0.2,4,4,CGCAAACTTTGCTCGTATCA,0,35166
TSS_1414_storz_regulondb,0.2,4,4,CGCAAACGTGATTCATGTAC,0,22592
TSS_1414_storz_regulondb,0.2,4,4,CGATGCCTAAATGAAGGAGT,0,41771
TSS_1414_storz_regulondb,0.2,4,4,CGATGAGAGCTCTAGGCGGC,0,14015
TSS_1414_storz_regulondb,0.2,4,4,CGATATATTAGGACAAGCAA,0,30366
TSS_1414_storz_regulondb,0.2,4,4,CGAGTTGTGGTCAACCCTTC,0,37831
TSS_1414_storz_regulondb,0.2,4,4,CGAGTCTAAAATCCGGGGTA,0,71487
TSS_1414_storz_regulondb,0.2,4,4,CGAGAATCGTCCGAGTTTGT,0,30522
TSS_1414_storz_regulondb,0.2,4,4,CGACTCTCTTCGTCATTTAC,0,37025
TSS_1414_storz_regulondb,0.2,4,4,CGACGCTCGTTCAGCGAGTT,0,49579
TSS_1414_storz_regulondb,0.2,4,4,CGACCATTCATTAACCAGTC,0,13251
TSS_1414_storz_regulondb,0.2,4,4,CGAATATTCCAAATTCATTC,0,70408
TSS_1414_storz_regulondb,0.2,4,4,CGAAGCGTGGCCGTGGCTAG,0,22022
TSS_1414_storz_regulondb,0.2,4,4,CGAACGTTCACCTGCCCGTT,0,3907
TSS_1414_storz_regulondb,0.2,4,4,CGAACCTCCGGAGAAGATCT,0,73106
TSS_1414_storz_regulondb,0.2,4,4,CGAACAATACCAGAATGACT,0,39260
TSS_1414_storz_regulondb,0.2,4,4,CGAAAGTCTGAAAAATCGAG,0,11653
TSS_1414_storz_regulondb,0.2,4,4,CCTTTTTTGATGTCTACCCG,0,61859
TSS_1414_storz_regulondb,0.2,4,4,CCTTTATCCCACGGAACGAT,0,18987
TSS_1414_storz_regulondb,0.2,4,4,CCTTGCCTTGGAAAAGAGAA,0,16900
TSS_1414_storz_regulondb,0.2,4,4,CCTTGAGGGGTGCAAAAGGG,0,53667
TSS_1414_storz_regulondb,0.2,4,4,CCTTCCTGGTCAAAGCCCAG,0,31846
TSS_1414_storz_regulondb,0.2,4,4,CCTTAGCTTGACGCGAATCT,0,48229
TSS_1414_storz_regulondb,0.2,4,4,CCTTAGCTATCTTGGGGGTT,0,60433
TSS_1414_storz_regulondb,0.2,4,4,CCTTACGCCTGCTGCTGTCC,0,21000
TSS_1414_storz_regulondb,0.2,4,4,CCTGTCGGGTCGGCTGAAGT,0,70355
TSS_1414_storz_regulondb,0.2,4,4,CCTGCGCGCTCGATGCTCAA,0,38407
TSS_1414_storz_regulondb,0.2,4,4,CCTGCCTGACCGAGGTTGTA,0,61792
TSS_1414_storz_regulondb,0.2,4,4,CCTCTCGTACCGCTTTCGAC,0,43728
TSS_1414_storz_regulondb,0.2,4,4,CCTCGGAATTTGAGATGCAG,0,36336
TSS_1414_storz_regulondb,0.2,4,4,CCTCCGCCACACGCTATTGC,0,69872
TSS_1414_storz_regulondb,0.2,4,4,CCTCCGAATGCATCTTGCCG,0,53271
TSS_1414_storz_regulondb,0.2,4,4,CCTCCCAGGCTACTCAAGAC,0,17944
TSS_1414_storz_regulondb,0.2,4,4,CCTCATGTTGCACATCGGGT,0,50555
TSS_1414_storz_regulondb,0.2,4,4,CCTATCTGACAAAGGTTCCG,0,1133
TSS_1414_storz_regulondb,0.2,4,4,CCTATCATCAATAACGGGTC,0,51819
TSS_1414_storz_regulondb,0.2,4,4,CCTATAAACATTGCTATTGA,0,31910
TSS_1414_storz_regulondb,0.2,4,4,CCTAGCTTAGACGAAAAACT,0,12601
TSS_1414_storz_regulondb,0.2,4,4,CCTAACCAGCATCCTAGAGC,0,72842
TSS_1414_storz_regulondb,0.2,4,4,CCGTGGTGTCCGGATAGCTA,0,78198
TSS_1414_storz_regulondb,0.2,4,4,CCGTGGTAGCGAAAGATTCG,0,73935
TSS_1414_storz_regulondb,0.2,4,4,CCGTGGGGTAGGGGTTTGTC,0,7279
TSS_1414_storz_regulondb,0.2,4,4,CCGTGGCTCTACTACTGGGT,0,70735
TSS_1414_storz_regulondb,0.2,4,4,CCGTGGAATCGCACTGCTAA,0,52215
TSS_1414_storz_regulondb,0.2,4,4,CCGTCAATTTGAGGCCACTA,0,24907
TSS_1414_storz_regulondb,0.2,4,4,CCGTAGCTTATTGCTGGCAG,0,32169
TSS_1414_storz_regulondb,0.2,4,4,CCGTAGCCCTGATCATATTA,0,1966
TSS_1414_storz_regulondb,0.2,4,4,CCGGTTTCTGGGTTCCACCT,0,14054
TSS_1414_storz_regulondb,0.2,4,4,CCGGTGTTTATCGACTTGAT,0,35327
TSS_1414_storz_regulondb,0.2,4,4,CCGGTGGAGTGCAAACTTAA,0,24724
TSS_1414_storz_regulondb,0.2,4,4,CCGGTGCAAGGCGCCCATAG,0,59077
TSS_1414_storz_regulondb,0.2,4,4,CCGGTACATTCATACTACGG,0,56952
TSS_1414_storz_regulondb,0.2,4,4,CCGGGTGAGGTGTCATATTT,0,55613
TSS_1414_storz_regulondb,0.2,4,4,CCGGGGGATGTCATCGATAT,0,76247
TSS_1414_storz_regulondb,0.2,4,4,CCGGGCGACCGTTTTTTAAG,0,3153
TSS_1414_storz_regulondb,0.2,4,4,CCGGCCTTCAATATTGCAGC,0,57754
TSS_1414_storz_regulondb,0.2,4,4,CCGGCATCTAGCTTAATTCA,0,40060
TSS_1414_storz_regulondb,0.2,4,4,CCGGCACCGGTGTAACACTG,0,16988
TSS_1414_storz_regulondb,0.2,4,4,CCGCTTTCACCTGCTGATAA,0,50134
TSS_1414_storz_regulondb,0.2,4,4,CCGCTTCCGTCCCGGGTTAG,0,65742
TSS_1414_storz_regulondb,0.2,4,4,CCGCTGGGCATATAGCCGTC,0,72760
TSS_1414_storz_regulondb,0.2,4,4,CCGCGAGCCTTAGGCAGGTA,0,9934
TSS_1414_storz_regulondb,0.2,4,4,CCGCCGGTCTAGGTCGTTGG,0,18475
TSS_1414_storz_regulondb,0.2,4,4,CCGCCCTTCGCGCAACGACG,0,37482
TSS_1414_storz_regulondb,0.2,4,4,CCGCACGCAGGCCCAACAAC,0,9499
TSS_1414_storz_regulondb,0.2,4,4,CCGATTCGTCACTTGGTGGA,0,48941
TSS_1414_storz_regulondb,0.2,4,4,CCGATGATGCTTGTACGTAG,0,42414
TSS_1414_storz_regulondb,0.2,4,4,CCGATACGCCGTACAACCCG,0,72406
TSS_1414_storz_regulondb,0.2,4,4,CCGAGGGGATTAGGGTGAGT,0,18559
TSS_1414_storz_regulondb,0.2,4,4,CCGAGGAGCAGTTCGGGAGT,0,2234
TSS_1414_storz_regulondb,0.2,4,4,CCGAGATCAACAGCCTCGCA,0,54368
TSS_1414_storz_regulondb,0.2,4,4,CCGACCCGGCGTCGATAATC,0,54894
TSS_1414_storz_regulondb,0.2,4,4,CCGAAGGGGGCAAATACGCA,0,13616
TSS_1414_storz_regulondb,0.2,4,4,CCCTTTCCTGCGTTAGCCAT,0,41958
TSS_1414_storz_regulondb,0.2,4,4,CCCTTGATGAAGAGACTTTT,0,24023
TSS_1414_storz_regulondb,0.2,4,4,CCCTGGAGCTCCAGCAATTG,0,31785
TSS_1414_storz_regulondb,0.2,4,4,CCCTCAGACCTAGCAAGTGG,0,919
TSS_1414_storz_regulondb,0.2,4,4,CCCTCACTACGTGGGGTCCA,0,54981
TSS_1414_storz_regulondb,0.2,4,4,CCCTAGTATTTGTTTTTATT,0,28380
TSS_1414_storz_regulondb,0.2,4,4,CCCGTTTCGCCAGCCGGACT,0,68210
TSS_1414_storz_regulondb,0.2,4,4,CCCGTGTTTGGCCAGCCCTC,0,7219
TSS_1414_storz_regulondb,0.2,4,4,CCCGTGGTTTAAACCTCCTG,0,54161
TSS_1414_storz_regulondb,0.2,4,4,CCCGTCACGCCTCCGTGGAG,0,34672
TSS_1414_storz_regulondb,0.2,4,4,CCCGGAGTGTTTCGGCCGGG,0,70990
TSS_1414_storz_regulondb,0.2,4,4,CCCGGAATAATTACTATTTT,0,10048
TSS_1414_storz_regulondb,0.2,4,4,CCCGCGATTAAGTCAGACGC,0,64823
TSS_1414_storz_regulondb,0.2,4,4,CCCGACCACAACCTTGGTCA,0,1377
TSS_1414_storz_regulondb,0.2,4,4,CCCGAATGATGATGACATGT,0,14244
TSS_1414_storz_regulondb,0.2,4,4,CCCCTGTGTACAGGACCTAC,0,61527
TSS_1414_storz_regulondb,0.2,4,4,CCCCTCAGCTGATCCGTCGT,0,22187
TSS_1414_storz_regulondb,0.2,4,4,CCCCGTTAGGGGCCGTGAAA,0,56270
TSS_1414_storz_regulondb,0.2,4,4,CCCCGGGCGGGCCGCTCTCC,0,25704
TSS_1414_storz_regulondb,0.2,4,4,CCCCGGCTAGAGAAATCTTC,0,77701
TSS_1414_storz_regulondb,0.2,4,4,CCCCGGCCCCTGCCGTTTCA,0,11869
TSS_1414_storz_regulondb,0.2,4,4,CCCCGGAGGGAGTGATAGTC,0,57342
TSS_1414_storz_regulondb,0.2,4,4,CCCCACAGAAAGGGACGCGG,0,3470
TSS_1414_storz_regulondb,0.2,4,4,CCCATTTCAGCCACTGTTTC,0,63369
TSS_1414_storz_regulondb,0.2,4,4,CCCAGATTCGTGCAGTGGCA,0,75741
TSS_1414_storz_regulondb,0.2,4,4,CCCACTTCATCGGACAGACT,0,79040
TSS_1414_storz_regulondb,0.2,4,4,CCCACTGTTTTGAATCTCAC,0,31642
TSS_1414_storz_regulondb,0.2,4,4,CCCAATCCCGGTGCAGCCAA,0,22301
TSS_1414_storz_regulondb,0.2,4,4,CCCAAATCGAGACAAAGGAA,0,32797
TSS_1414_storz_regulondb,0.2,4,4,CCCAAAGCCCCTGCGGAGAG,0,39146
TSS_1414_storz_regulondb,0.2,4,4,CCATTTCTAGCAAAAGCAGG,0,41839
TSS_1414_storz_regulondb,0.2,4,4,CCATTCAGGAATCCAATTCA,0,34762
TSS_1414_storz_regulondb,0.2,4,4,CCATGGTAGGTATATGATGA,0,33431
TSS_1414_storz_regulondb,0.2,4,4,CCATATTCCTTTTTATGCAG,0,61853
TSS_1414_storz_regulondb,0.2,4,4,CCATATAGGTGATGGCGACT,0,13420
TSS_1414_storz_regulondb,0.2,4,4,CCATAGGGGAATATTGGAGG,0,77411
TSS_1414_storz_regulondb,0.2,4,4,CCATAAATTGTTTCTGGGAG,0,80947
TSS_1414_storz_regulondb,0.2,4,4,CCAGTCTGAAAAACAACTCC,0,55948
TSS_1414_storz_regulondb,0.2,4,4,CCAGTCAACGCCTATCTCTT,0,55468
TSS_1414_storz_regulondb,0.2,4,4,CCAGGTGTTACCATGAGAAA,0,72989
TSS_1414_storz_regulondb,0.2,4,4,CCAGGACTGCCGCTCTAGTA,0,39147
TSS_1414_storz_regulondb,0.2,4,4,CCAGCTTGGGTAGGGGAGAG,0,78969
TSS_1414_storz_regulondb,0.2,4,4,CCAGCTGGACACCCGGTCGG,0,18168
TSS_1414_storz_regulondb,0.2,4,4,CCAGCGGGTCTTCGCGGCTA,0,22949
TSS_1414_storz_regulondb,0.2,4,4,CCAGCCGTCACTCGTCCAAT,0,49040
TSS_1414_storz_regulondb,0.2,4,4,CCAGCCCTTACCCCACGTGC,0,79036
TSS_1414_storz_regulondb,0.2,4,4,CCAGACATTCCGGGTGTGGT,0,36966
TSS_1414_storz_regulondb,0.2,4,4,CCAGAAGCCACTATTCGCGA,0,70468
TSS_1414_storz_regulondb,0.2,4,4,CCACTTGTACGCGGTGGCAA,0,3096
TSS_1414_storz_regulondb,0.2,4,4,CCACTTCCTATACGATACGG,0,67771
TSS_1414_storz_regulondb,0.2,4,4,CCACGTCGGCGACCTCAAAC,0,24106
TSS_1414_storz_regulondb,0.2,4,4,CCACGCTCCGCACAGTTATT,0,19823
TSS_1414_storz_regulondb,0.2,4,4,CCACGATCCGGCAATAGCTT,0,1690
TSS_1414_storz_regulondb,0.2,4,4,CCACCTATTATCGTCATATT,0,77884
TSS_1414_storz_regulondb,0.2,4,4,CCACCGTAGCGAGCCAGATG,0,15852
TSS_1414_storz_regulondb,0.2,4,4,CCACACCGGGAGACTTATAA,0,10657
TSS_1414_storz_regulondb,0.2,4,4,CCAACGCCCCTTTCGAATTG,0,47739
TSS_1414_storz_regulondb,0.2,4,4,CCAAAGAACTGCGTCCGCAA,0,79281
TSS_1414_storz_regulondb,0.2,4,4,CCAAACCAAAGGTGGTGGGT,0,14458
TSS_1414_storz_regulondb,0.2,4,4,CATTTTAGCATTCAAAGCAA,0,1437
TSS_1414_storz_regulondb,0.2,4,4,CATTTCTAATGCCATACCGT,0,53837
TSS_1414_storz_regulondb,0.2,4,4,CATTGGGTCACGCCGATGTA,0,77739
TSS_1414_storz_regulondb,0.2,4,4,CATTGGCAAACGGGAAGGCC,0,49228
TSS_1414_storz_regulondb,0.2,4,4,CATTGGAGGACACAAGCGAA,0,45659
TSS_1414_storz_regulondb,0.2,4,4,CATTCGGTGACTGTTGCAGT,0,69902
TSS_1414_storz_regulondb,0.2,4,4,CATTCCATCCACACCATCAA,0,35704
TSS_1414_storz_regulondb,0.2,4,4,CATTAGTCTGTAACATAGTG,0,79475
TSS_1414_storz_regulondb,0.2,4,4,CATTAGATAACGTACGGTGG,0,69126
TSS_1414_storz_regulondb,0.2,4,4,CATTAGACAGGAAATACGTC,0,5763
TSS_1414_storz_regulondb,0.2,4,4,CATGTGCCGCGCGTGCCAGG,0,51354
TSS_1414_storz_regulondb,0.2,4,4,CATGTACAAGCGTTCCGTGG,0,76194
TSS_1414_storz_regulondb,0.2,4,4,CATGGGTGCAAGTCTTTATG,0,18722
TSS_1414_storz_regulondb,0.2,4,4,CATGGGCGAAACGGGGCAAG,0,27449
TSS_1414_storz_regulondb,0.2,4,4,CATGGCGGACATAAAGGGGA,0,40342
TSS_1414_storz_regulondb,0.2,4,4,CATGGAACCATATTGCTTGG,0,29189
TSS_1414_storz_regulondb,0.2,4,4,CATGCTACAATTCATCCTAT,0,54680
TSS_1414_storz_regulondb,0.2,4,4,CATCTCTAGGCCTCCCCGAG,0,25071
TSS_1414_storz_regulondb,0.2,4,4,CATCGTCGGGGTGCACCAGC,0,11009
TSS_1414_storz_regulondb,0.2,4,4,CATCGGCGTAGTGTTTGGGA,0,43251
TSS_1414_storz_regulondb,0.2,4,4,CATCCGTACTGTAGCCCTCC,0,75271
TSS_1414_storz_regulondb,0.2,4,4,CATCCGCAGCCCTGGAGGCA,0,56732
TSS_1414_storz_regulondb,0.2,4,4,CATCCAGTTGTGCCGTGGCT,0,38155
TSS_1414_storz_regulondb,0.2,4,4,CATATTTTGATAAAATCCAT,0,70085
TSS_1414_storz_regulondb,0.2,4,4,CATATTTGGCGGTAAAAAAC,0,27208
TSS_1414_storz_regulondb,0.2,4,4,CATATTCGCGCGGAGAGGAT,0,17765
TSS_1414_storz_regulondb,0.2,4,4,CATAGCATGTTTACGGGCGG,0,76175
TSS_1414_storz_regulondb,0.2,4,4,CATACGGAACAAGCCGCGAC,0,54602
TSS_1414_storz_regulondb,0.2,4,4,CATACCTCATTGGCAAGCAA,0,1185
TSS_1414_storz_regulondb,0.2,4,4,CATAATTAGTTATAGCCGAT,0,63963
TSS_1414_storz_regulondb,0.2,4,4,CAGTTTGCCGGGGTCGGCGT,0,11860
TSS_1414_storz_regulondb,0.2,4,4,CAGTTTAAATCCATAGTAGA,0,34304
TSS_1414_storz_regulondb,0.2,4,4,CAGTTCGGTCTCCATAGCCA,0,46536
TSS_1414_storz_regulondb,0.2,4,4,CAGTTAGTGATCCATGCTTT,0,62045
TSS_1414_storz_regulondb,0.2,4,4,CAGTGTGGAGGTGTTGGGCG,0,32251
TSS_1414_storz_regulondb,0.2,4,4,CAGTGCCTATTAGTACCCGG,0,61106
TSS_1414_storz_regulondb,0.2,4,4,CAGTCTTATGTCAGGGAGTA,0,66885
TSS_1414_storz_regulondb,0.2,4,4,CAGTCTCCGTGCCTGCCACT,0,55371
TSS_1414_storz_regulondb,0.2,4,4,CAGTCATGTCTAGACACGAC,0,69504
TSS_1414_storz_regulondb,0.2,4,4,CAGTATCGGTCCTGACTAAG,0,59952
TSS_1414_storz_regulondb,0.2,4,4,CAGTAGATCCTTTGTGCTAC,0,42457
TSS_1414_storz_regulondb,0.2,4,4,CAGTACTGCAACGTAGTTCT,0,80628
TSS_1414_storz_regulondb,0.2,4,4,CAGGTTTAACAGACCTTTAC,0,76237
TSS_1414_storz_regulondb,0.2,4,4,CAGGTACATTACCCAGTTGA,0,76622
TSS_1414_storz_regulondb,0.2,4,4,CAGGGGAGGCGGTACAGAAA,0,11918
TSS_1414_storz_regulondb,0.2,4,4,CAGGCTGAATGGGCGATCGC,0,17956
TSS_1414_storz_regulondb,0.2,4,4,CAGGCGGGGGTTCGAAGTCA,0,63541
TSS_1414_storz_regulondb,0.2,4,4,CAGGAGTAGGCTTGACTGCC,0,20181
TSS_1414_storz_regulondb,0.2,4,4,CAGGACTGTAATTGGGTGAG,0,34422
TSS_1414_storz_regulondb,0.2,4,4,CAGGAAAATGATCTGCTAAC,0,54114
TSS_1414_storz_regulondb,0.2,4,4,CAGCTCTCAGTCGCTTCGAA,0,38411
TSS_1414_storz_regulondb,0.2,4,4,CAGCGTAAGTTGACGCGTTA,0,48780
TSS_1414_storz_regulondb,0.2,4,4,CAGCGCGGTTAGCCATCCGT,0,8972
TSS_1414_storz_regulondb,0.2,4,4,CAGCGACGGATAGGGTACAC,0,31305
TSS_1414_storz_regulondb,0.2,4,4,CAGCATCGGTCCGGTCTCTC,0,68063
TSS_1414_storz_regulondb,0.2,4,4,CAGCACACGACCCCACTCTC,0,30574
TSS_1414_storz_regulondb,0.2,4,4,CAGATTGCCTATCTCCGTGT,0,12164
TSS_1414_storz_regulondb,0.2,4,4,CAGATTATAGGAAGTAGGGA,0,72685
TSS_1414_storz_regulondb,0.2,4,4,CAGATAAGGTTTTAGGTAGA,0,60915
TSS_1414_storz_regulondb,0.2,4,4,CACTTAAGTGGATAGCTAGC,0,22817
TSS_1414_storz_regulondb,0.2,4,4,CACTCAGGCTATTGACACTG,0,73845
TSS_1414_storz_regulondb,0.2,4,4,CACGGCTCACTTTTTTGCCC,0,41374
TSS_1414_storz_regulondb,0.2,4,4,CACGCGACTAACTTGCATGT,0,11929
TSS_1414_storz_regulondb,0.2,4,4,CACGATCAGTTATGAACTTT,0,33787
TSS_1414_storz_regulondb,0.2,4,4,CACCTTAATCTAGCTGATAT,0,79092
TSS_1414_storz_regulondb,0.2,4,4,CACCTCCATATAAGATAGTG,0,8376
TSS_1414_storz_regulondb,0.2,4,4,CACCATGCTAGTGGATAGTG,0,7496
TSS_1414_storz_regulondb,0.2,4,4,CACCAATCCCGATTTAAAGG,0,28958
TSS_1414_storz_regulondb,0.2,4,4,CACAGGGGTTCTAATGCCGA,0,21031
TSS_1414_storz_regulondb,0.2,4,4,CACACTGAGCTTGGATTCAC,0,65537
TSS_1414_storz_regulondb,0.2,4,4,CACACTCGAGTGCGAATCTT,0,51228
TSS_1414_storz_regulondb,0.2,4,4,CAATTGCGGTACGCCGACGC,0,5424
TSS_1414_storz_regulondb,0.2,4,4,CAATTGACCTATACTTCGTC,0,28063
TSS_1414_storz_regulondb,0.2,4,4,CAATGGAAACCCGGTCGTTG,0,76014
TSS_1414_storz_regulondb,0.2,4,4,CAATACGCGCCCTGGGGTGT,0,3814
TSS_1414_storz_regulondb,0.2,4,4,CAATACATCGAAGTCTTCCT,0,15679
TSS_1414_storz_regulondb,0.2,4,4,CAAGGTTTTAGCGGATCATC,0,24130
TSS_1414_storz_regulondb,0.2,4,4,CAAGGTCCCTAGAGGCGTCA,0,27901
TSS_1414_storz_regulondb,0.2,4,4,CAAGGGGACTTCAGCGTGGG,0,46173
TSS_1414_storz_regulondb,0.2,4,4,CAAGGGCTGGATCAATCCGT,0,51390
TSS_1414_storz_regulondb,0.2,4,4,CAAGGAGATATCGCTAGCGC,0,43515
TSS_1414_storz_regulondb,0.2,4,4,CAAGGACTGCGTCAGACGTT,0,60122
TSS_1414_storz_regulondb,0.2,4,4,CAAGGACCTCGTTACATATC,0,49144
TSS_1414_storz_regulondb,0.2,4,4,CAAGCTTGCTAGTCGCTTGA,0,37535
TSS_1414_storz_regulondb,0.2,4,4,CAAGCCAATTAGGATTGTAA,0,23447
TSS_1414_storz_regulondb,0.2,4,4,CAAGAGGCAGAGCCCAAGGC,0,25361
TSS_1414_storz_regulondb,0.2,4,4,CAAGAAACAGCCAGCCAAGC,0,1356
TSS_1414_storz_regulondb,0.2,4,4,CAACGGTTCGGAGACCAACG,0,18588
TSS_1414_storz_regulondb,0.2,4,4,CAACGGCAACTAATCTTCGA,0,4784
TSS_1414_storz_regulondb,0.2,4,4,CAACGAGTGCAAATTTTATC,0,15
TSS_1414_storz_regulondb,0.2,4,4,CAACGAGAACCTGAGGCGTT,0,27162
TSS_1414_storz_regulondb,0.2,4,4,CAACCGCATCGGCGGCCATA,0,30518
TSS_1414_storz_regulondb,0.2,4,4,CAACCCTACCTAGCCGATCA,0,24615
TSS_1414_storz_regulondb,0.2,4,4,CAACATGGTCGAACGAGATA,0,42593
TSS_1414_storz_regulondb,0.2,4,4,CAACATAACTGCAGAGTAGG,0,28506
TSS_1414_storz_regulondb,0.2,4,4,CAAATCGAAGCCCGTTCTTA,0,39158
TSS_1414_storz_regulondb,0.2,4,4,CAAATAATCGTGGCCGGGGC,0,47259
TSS_1414_storz_regulondb,0.2,4,4,CAAAAGCCCTTACAACGCTA,0,5482
TSS_1414_storz_regulondb,0.2,4,4,CAAAAAGTACTGAAGTAGAT,0,42392
TSS_1414_storz_regulondb,0.2,4,4,ATTTTGGACTTACTGTCCTC,0,18182
TSS_1414_storz_regulondb,0.2,4,4,ATTTTGATATGGATCGCAGC,0,43843
TSS_1414_storz_regulondb,0.2,4,4,ATTTTCATTGGCTAATGTGG,0,24440
TSS_1414_storz_regulondb,0.2,4,4,ATTTTCAAAGAGCTATCCCA,0,22502
TSS_1414_storz_regulondb,0.2,4,4,ATTTGTTACAATTTAGAAAT,0,56092
TSS_1414_storz_regulondb,0.2,4,4,ATTTCGTCGTCGAAAACGAT,0,9415
TSS_1414_storz_regulondb,0.2,4,4,ATTTCCGTTTTAACCTTTCC,0,46161
TSS_1414_storz_regulondb,0.2,4,4,ATTTCACCGGAGGGTTTTGT,0,37583
TSS_1414_storz_regulondb,0.2,4,4,ATTTCACATTCCTTCCGCGT,0,62495
TSS_1414_storz_regulondb,0.2,4,4,ATTTCAATATACCTGAATGG,0,22332
TSS_1414_storz_regulondb,0.2,4,4,ATTTAGAGGTACCCCATGAA,0,54851
TSS_1414_storz_regulondb,0.2,4,4,ATTGTAGACACAAGAGAAGG,0,23856
TSS_1414_storz_regulondb,0.2,4,4,ATTGTAACGCAACGCGATCT,0,37678
TSS_1414_storz_regulondb,0.2,4,4,ATTGGGCATCTTGTAACTGC,0,65253
TSS_1414_storz_regulondb,0.2,4,4,ATTGCTGGATGAAAGTGACG,0,69331
TSS_1414_storz_regulondb,0.2,4,4,ATTGCGAGCTACATTCTCGA,0,38827
TSS_1414_storz_regulondb,0.2,4,4,ATTGCAAAAAGAGCGAGGAT,0,75202
TSS_1414_storz_regulondb,0.2,4,4,ATTGAGATCTGGGCTGGAGC,0,4196
TSS_1414_storz_regulondb,0.2,4,4,ATTGACTATAGCGCAACACA,0,61017
TSS_1414_storz_regulondb,0.2,4,4,ATTCTGTAGACATAAATAGA,0,30861
TSS_1414_storz_regulondb,0.2,4,4,ATTCTCTTGACCTAATGTGT,0,67797
TSS_1414_storz_regulondb,0.2,4,4,ATTCTACCTACTTGGATTAA,0,50327
TSS_1414_storz_regulondb,0.2,4,4,ATTCCCTACGACTTAACAGA,0,20105
TSS_1414_storz_regulondb,0.2,4,4,ATTCAGGCATAGGGTTATTC,0,70916
TSS_1414_storz_regulondb,0.2,4,4,ATTAGCCGGGGAGTCAAGGA,0,74641
TSS_1414_storz_regulondb,0.2,4,4,ATTACGTGCCCCTCTTCTCT,0,70453
TSS_1414_storz_regulondb,0.2,4,4,ATTACACGTGTGACTTACCA,0,9431
TSS_1414_storz_regulondb,0.2,4,4,ATTAACCGTTTCTAGTGCTT,0,59982
TSS_1414_storz_regulondb,0.2,4,4,ATGTTATTTGTCATGATATT,0,61247
TSS_1414_storz_regulondb,0.2,4,4,ATGTGTTTCTAGATTGGGTT,0,22149
TSS_1414_storz_regulondb,0.2,4,4,ATGTGTTCAAGTCAACCTTG,0,19061
TSS_1414_storz_regulondb,0.2,4,4,ATGTGGGGAGGTCCCGGACA,0,40947
TSS_1414_storz_regulondb,0.2,4,4,ATGTGCGGAATCTTTCATTT,0,61548
TSS_1414_storz_regulondb,0.2,4,4,ATGTGCATACGGTTGTTGTG,0,52577
TSS_1414_storz_regulondb,0.2,4,4,ATGTGCAGGGCTGGGTTTCT,0,48790
TSS_1414_storz_regulondb,0.2,4,4,ATGTGAATGTTCGACCTTAT,0,11610
TSS_1414_storz_regulondb,0.2,4,4,ATGTCTTGCCCGGCTAGCAT,0,22818
TSS_1414_storz_regulondb,0.2,4,4,ATGTACTACCCCGAACAAGC,0,56424
TSS_1414_storz_regulondb,0.2,4,4,ATGGTTGAAGAGGACTGCGG,0,70526
TSS_1414_storz_regulondb,0.2,4,4,ATGGTGTAACGCATATGGAC,0,39414
TSS_1414_storz_regulondb,0.2,4,4,ATGGTCCATTCCTATACATG,0,62391
TSS_1414_storz_regulondb,0.2,4,4,ATGGGGGAGTTATGACTATG,0,30294
TSS_1414_storz_regulondb,0.2,4,4,ATGGGAACATTACTAACCCT,0,25141
TSS_1414_storz_regulondb,0.2,4,4,ATGGCTACGGGCGTTCTCAC,0,69095
TSS_1414_storz_regulondb,0.2,4,4,ATGGCGAATGAAAGAAAAAG,0,11483
TSS_1414_storz_regulondb,0.2,4,4,ATGGCCTGTGGCCCCGAACG,0,64514
TSS_1414_storz_regulondb,0.2,4,4,ATGGAGAGAATCGTAATCCG,0,26907
TSS_1414_storz_regulondb,0.2,4,4,ATGCTGGATAAACCTGAATT,0,46980
TSS_1414_storz_regulondb,0.2,4,4,ATGCTGCATGTTACAGCGTC,0,79918
TSS_1414_storz_regulondb,0.2,4,4,ATGCTCTCTGAAGGGACACA,0,63870
TSS_1414_storz_regulondb,0.2,4,4,ATGCGGGGCCTCTGTATTGC,0,47512
TSS_1414_storz_regulondb,0.2,4,4,ATGCGGGCAGCTTATACGGC,0,37948
TSS_1414_storz_regulondb,0.2,4,4,ATGCGCCGGACGACTGCATG,0,37944
TSS_1414_storz_regulondb,0.2,4,4,ATGCCTTAAATGTCGAGGTG,0,75945
TSS_1414_storz_regulondb,0.2,4,4,ATGCCTGTGGCCGTAAAACT,0,22824
TSS_1414_storz_regulondb,0.2,4,4,ATGCCATAGTCAGTGCTTAA,0,11769
TSS_1414_storz_regulondb,0.2,4,4,ATGCCAGGAGTGGCGCACGA,0,42896
TSS_1414_storz_regulondb,0.2,4,4,ATGCCAACGCAAGGCAGAGT,0,59001
TSS_1414_storz_regulondb,0.2,4,4,ATGATTACAAGGGCACATAT,0,804
TSS_1414_storz_regulondb,0.2,4,4,ATGATCCCCGATACGGCCTT,0,49307
TSS_1414_storz_regulondb,0.2,4,4,ATGAGTCACCGATACCGGCC,0,31106
TSS_1414_storz_regulondb,0.2,4,4,ATGAGGCTGGGGATGTCGCG,0,67279
TSS_1414_storz_regulondb,0.2,4,4,ATGACGAACGAGGGCACACA,0,66076
TSS_1414_storz_regulondb,0.2,4,4,ATGACCTTCATTCCAAGATA,0,37630
TSS_1414_storz_regulondb,0.2,4,4,ATGAAGATTACATTTGAGTA,0,62527
TSS_1414_storz_regulondb,0.2,4,4,ATCTTTACACACACTGGGCT,0,48854
TSS_1414_storz_regulondb,0.2,4,4,ATCTTGATTTTTCCAACCAT,0,64891
TSS_1414_storz_regulondb,0.2,4,4,ATCTTACGAAGAACCTGACC,0,60658
TSS_1414_storz_regulondb,0.2,4,4,ATCTCCGATCTATCGCACAA,0,36359
TSS_1414_storz_regulondb,0.2,4,4,ATCTATCTGGGTATTTATGA,0,14730
TSS_1414_storz_regulondb,0.2,4,4,ATCTATACGCAGGAATCTCC,0,38172
TSS_1414_storz_regulondb,0.2,4,4,ATCGTGTCGTCGCGGCGCGC,0,3446
TSS_1414_storz_regulondb,0.2,4,4,ATCGTGGAAAATTGCAGTGC,0,13012
TSS_1414_storz_regulondb,0.2,4,4,ATCGTGATTTTCCTATGGGC,0,47078
TSS_1414_storz_regulondb,0.2,4,4,ATCGCTCTTTCGCTACTCCT,0,28360
TSS_1414_storz_regulondb,0.2,4,4,ATCGCTCGTAAAAATCCCGG,0,3899
TSS_1414_storz_regulondb,0.2,4,4,ATCGCACAGGAAATCGTTTC,0,21203
TSS_1414_storz_regulondb,0.2,4,4,ATCGAGGGTTGGTTGGAGGG,0,69776
TSS_1414_storz_regulondb,0.2,4,4,ATCGAAGTATTCGAACAGGT,0,79594
TSS_1414_storz_regulondb,0.2,4,4,ATCCTATGGCAAGTCTGACT,0,73266
TSS_1414_storz_regulondb,0.2,4,4,ATCCAGCGAACTCAAGTGCA,0,8184
TSS_1414_storz_regulondb,0.2,4,4,ATCCAAAAATGAATTACTCC,0,65521
TSS_1414_storz_regulondb,0.2,4,4,ATCATTGGCACATTTAAGAA,0,42987
TSS_1414_storz_regulondb,0.2,4,4,ATCATCCAGAGCGAATTATG,0,12216
TSS_1414_storz_regulondb,0.2,4,4,ATCATAACCAGATGAGTGTC,0,42268
TSS_1414_storz_regulondb,0.2,4,4,ATCAGCAGAAGGTTCTTGTA,0,33839
TSS_1414_storz_regulondb,0.2,4,4,ATCAGCAACTTCCTTATTGA,0,64106
TSS_1414_storz_regulondb,0.2,4,4,ATCAAGGGTTAGTCGAGGCT,0,78187
TSS_1414_storz_regulondb,0.2,4,4,ATCAACACAATGCGAGGCAC,0,32410
TSS_1414_storz_regulondb,0.2,4,4,ATATTCTCGACAAGTTGATG,0,47089
TSS_1414_storz_regulondb,0.2,4,4,ATATTAGGTACATAATTAAG,0,51359
TSS_1414_storz_regulondb,0.2,4,4,ATATGGCGATTTTGTGCCCT,0,61433
TSS_1414_storz_regulondb,0.2,4,4,ATATGACGGTTCCAGCTAAG,0,68010
TSS_1414_storz_regulondb,0.2,4,4,ATATGAATCAGCCTTAAGAA,0,75542
TSS_1414_storz_regulondb,0.2,4,4,ATATCGCCTGTCTGCCGGCG,0,67765
TSS_1414_storz_regulondb,0.2,4,4,ATATACTGCAACTTGAAAGG,0,19604
TSS_1414_storz_regulondb,0.2,4,4,ATAGTGTGGTCTTGGGCTCG,0,29671
TSS_1414_storz_regulondb,0.2,4,4,ATAGTCAGGGGCCACCAGAA,0,34839
TSS_1414_storz_regulondb,0.2,4,4,ATAGGTGTTAAAAGTACGGT,0,11660
TSS_1414_storz_regulondb,0.2,4,4,ATAGGTAGAGATCCGGGCTC,0,13253
TSS_1414_storz_regulondb,0.2,4,4,ATAGATCGGGATGCAAACGG,0,38849
TSS_1414_storz_regulondb,0.2,4,4,ATACTGCGGGCGTAGGCCAA,0,74813
TSS_1414_storz_regulondb,0.2,4,4,ATACTACGGTTACAGATGCT,0,40352
TSS_1414_storz_regulondb,0.2,4,4,ATACGGTTCTGTGATTTACC,0,56923
TSS_1414_storz_regulondb,0.2,4,4,ATACGGATGGGGAGTGTAGG,0,57619
TSS_1414_storz_regulondb,0.2,4,4,ATACGGATCAAGGCCGGCCG,0,9812
TSS_1414_storz_regulondb,0.2,4,4,ATACCGTTCTTCGTATACGT,0,76330
TSS_1414_storz_regulondb,0.2,4,4,ATACATTGTGTTTCAACGAT,0,44675
TSS_1414_storz_regulondb,0.2,4,4,ATACATCCTGATTTCGCGTA,0,9501
TSS_1414_storz_regulondb,0.2,4,4,ATAATGTCTCGGCTATTAGC,0,59352
TSS_1414_storz_regulondb,0.2,4,4,ATAATCCGCCCCTGGAATAT,0,26865
TSS_1414_storz_regulondb,0.2,4,4,ATAAGTTTGTCTTGATATGC,0,8681
TSS_1414_storz_regulondb,0.2,4,4,ATAAGGCGTCATTCGTCGTG,0,35852
TSS_1414_storz_regulondb,0.2,4,4,ATAAAGCTTCTCTTACTTTT,0,10296
TSS_1414_storz_regulondb,0.2,4,4,ATAAAATTGTAACCGGGACT,0,71578
TSS_1414_storz_regulondb,0.2,4,4,AGTTTTTGTATTCCTGTCAA,0,76231
TSS_1414_storz_regulondb,0.2,4,4,AGTTTCGTGCAGCCTAGTCT,0,8561
TSS_1414_storz_regulondb,0.2,4,4,AGTTGGTTGTGTAGTTATTC,0,3946
TSS_1414_storz_regulondb,0.2,4,4,AGTTGGTATTCGGCGGAGGA,0,69811
TSS_1414_storz_regulondb,0.2,4,4,AGTTCCCCGGGTTCTCTAGG,0,19299
TSS_1414_storz_regulondb,0.2,4,4,AGTTCAGCAAGCTTCTCCTG,0,21315
TSS_1414_storz_regulondb,0.2,4,4,AGTTATCAGGATTCTACTGT,0,8399
TSS_1414_storz_regulondb,0.2,4,4,AGTGTTCCTCGATGTAAGTC,0,19727
TSS_1414_storz_regulondb,0.2,4,4,AGTGTGTGGCTCACTTAATT,0,2619
TSS_1414_storz_regulondb,0.2,4,4,AGTGTCTGGGAACCCGGGGG,0,17905
TSS_1414_storz_regulondb,0.2,4,4,AGTGGATTGACCGTACGAAA,0,74028
TSS_1414_storz_regulondb,0.2,4,4,AGTGAGGTTAACGCCTGGAT,0,48562
TSS_1414_storz_regulondb,0.2,4,4,AGTGAGAGTCCACCTCTGAA,0,74001
TSS_1414_storz_regulondb,0.2,4,4,AGTGAAGCGGGGGCTATCCA,0,10339
TSS_1414_storz_regulondb,0.2,4,4,AGTCTCTCAGCTGTTCTAAG,0,56253
TSS_1414_storz_regulondb,0.2,4,4,AGTCGTTGACATTCTAGTAT,0,71229
TSS_1414_storz_regulondb,0.2,4,4,AGTCCCAGGGTCCAAATTGG,0,32086
TSS_1414_storz_regulondb,0.2,4,4,AGTCAGCACCGCTCGTAATA,0,50004
TSS_1414_storz_regulondb,0.2,4,4,AGTCAGAGAAAGTGATAATA,0,7566
TSS_1414_storz_regulondb,0.2,4,4,AGTCACGTGTTCTTTCTGGC,0,2131
TSS_1414_storz_regulondb,0.2,4,4,AGTATAACGGATATCAGCAA,0,24069
TSS_1414_storz_regulondb,0.2,4,4,AGTAGATGCCGTGGGAGGTG,0,72550
TSS_1414_storz_regulondb,0.2,4,4,AGTACTGGCTAGAGCTGGTC,0,68321
TSS_1414_storz_regulondb,0.2,4,4,AGTACTATGGAAAGTAATAA,0,34465
TSS_1414_storz_regulondb,0.2,4,4,AGTACGGTGGAAGTCAAGTT,0,14102
TSS_1414_storz_regulondb,0.2,4,4,AGGTTTTCTTCTTAGAGAGT,0,54718
TSS_1414_storz_regulondb,0.2,4,4,AGGTTCTAGCCGCGTTGATG,0,18803
TSS_1414_storz_regulondb,0.2,4,4,AGGTTCGCTGCCAATGGAGA,0,39207
TSS_1414_storz_regulondb,0.2,4,4,AGGTTCAAAGACCGGGGAGC,0,64851
TSS_1414_storz_regulondb,0.2,4,4,AGGTTAGAAGACTCTGCATA,0,53449
TSS_1414_storz_regulondb,0.2,4,4,AGGTTAACGACCTCAATCGA,0,36727
TSS_1414_storz_regulondb,0.2,4,4,AGGTTAAACTGACATGATAC,0,58968
TSS_1414_storz_regulondb,0.2,4,4,AGGTGTGCGATCTTGACCAG,0,22269
TSS_1414_storz_regulondb,0.2,4,4,AGGTGATAGGTTAAATCAGG,0,49187
TSS_1414_storz_regulondb,0.2,4,4,AGGTCGTGGCTTCGGCTGAA,0,63670
TSS_1414_storz_regulondb,0.2,4,4,AGGTCACGACACCGCCAGCT,0,24709
TSS_1414_storz_regulondb,0.2,4,4,AGGTCACCCGTGCACCAGCC,0,26803
TSS_1414_storz_regulondb,0.2,4,4,AGGTATTTCTGCTGCGCCGT,0,68113
TSS_1414_storz_regulondb,0.2,4,4,AGGTAGTAAGATATTTTTCA,0,50899
TSS_1414_storz_regulondb,0.2,4,4,AGGTAAAACAAAAGAGGGGA,0,79929
TSS_1414_storz_regulondb,0.2,4,4,AGGGTTTGTGGGCAATAATT,0,7576
TSS_1414_storz_regulondb,0.2,4,4,AGGGGTCGGTAGACGGCCCT,0,44651
TSS_1414_storz_regulondb,0.2,4,4,AGGGGGTACTTTTTCGGTGA,0,72854
TSS_1414_storz_regulondb,0.2,4,4,AGGGGAGAAAAGTCCGGGTA,0,34646
TSS_1414_storz_regulondb,0.2,4,4,AGGGCAACGGCCTGGAGTGT,0,56658
TSS_1414_storz_regulondb,0.2,4,4,AGGGATTGGCTTTCCGAGGC,0,52585
TSS_1414_storz_regulondb,0.2,4,4,AGGGAGAGGCGCAAAGCCGA,0,74398
TSS_1414_storz_regulondb,0.2,4,4,AGGGAAACGAGTCACGATGA,0,47105
TSS_1414_storz_regulondb,0.2,4,4,AGGGAAAATAAGGTAAAGCA,0,75394
TSS_1414_storz_regulondb,0.2,4,4,AGGCTGGGTGCTGTGGGGGC,0,68501
TSS_1414_storz_regulondb,0.2,4,4,AGGCGTGTGACACAGCGCCC,0,56397
TSS_1414_storz_regulondb,0.2,4,4,AGGCGTAGACATGGCTCGCA,0,5213
TSS_1414_storz_regulondb,0.2,4,4,AGGCGGTTCTTTTCCAGATT,0,71689
TSS_1414_storz_regulondb,0.2,4,4,AGGCCGCATGCGCAAATCTC,0,68983
TSS_1414_storz_regulondb,0.2,4,4,AGGCCCTCCTAGCTTAAAAC,0,4362
TSS_1414_storz_regulondb,0.2,4,4,AGGCATCTATCTACGCGAGT,0,73416
TSS_1414_storz_regulondb,0.2,4,4,AGGCAGATCGCCCTGTCTCA,0,62929
TSS_1414_storz_regulondb,0.2,4,4,AGGCAATATAAAAAAGTAAC,0,12743
TSS_1414_storz_regulondb,0.2,4,4,AGGATGTTCTGATCCTCGTC,0,75414
TSS_1414_storz_regulondb,0.2,4,4,AGGATCAGTATCTTGATCCA,0,35401
TSS_1414_storz_regulondb,0.2,4,4,AGGATAGATCCGGACCCCGT,0,62845
TSS_1414_storz_regulondb,0.2,4,4,AGGAGCGTGCTCTGTTTTAT,0,70698
TSS_1414_storz_regulondb,0.2,4,4,AGGACTATTGCAAGATGCAA,0,49182
TSS_1414_storz_regulondb,0.2,4,4,AGGACAGGGATACACTCTTT,0,65247
TSS_1414_storz_regulondb,0.2,4,4,AGGAATCCAAGTAAACAAAT,0,2905
TSS_1414_storz_regulondb,0.2,4,4,AGGAAAGAGGTGACCTCTGC,0,67099
TSS_1414_storz_regulondb,0.2,4,4,AGCTTCACTGATAAGGTGTG,0,63755
TSS_1414_storz_regulondb,0.2,4,4,AGCTGGGTCTAACACGCTTA,0,58903
TSS_1414_storz_regulondb,0.2,4,4,AGCTGGCGTTCGAACCTTCA,0,27028
TSS_1414_storz_regulondb,0.2,4,4,AGCTGAGGGGACATTCGAGA,0,61644
TSS_1414_storz_regulondb,0.2,4,4,AGCTCTGGTCCGGTTGTTGC,0,37024
TSS_1414_storz_regulondb,0.2,4,4,AGCTCGTGGCGTACACGTAG,0,49805
TSS_1414_storz_regulondb,0.2,4,4,AGCTACGCCGTACCGGCAGA,0,29982
TSS_1414_storz_regulondb,0.2,4,4,AGCTACCTGTGGTCAACTTC,0,44372
TSS_1414_storz_regulondb,0.2,4,4,AGCGGCAAATTCCCCCAACG,0,14731
TSS_1414_storz_regulondb,0.2,4,4,AGCGGATGTGCATACGGGGC,0,30117
TSS_1414_storz_regulondb,0.2,4,4,AGCGCGTCCATCTTTTGATA,0,10812
TSS_1414_storz_regulondb,0.2,4,4,AGCGCCCATCCTCACACAAG,0,74921
TSS_1414_storz_regulondb,0.2,4,4,AGCGATATACGACTATAGCC,0,15324
TSS_1414_storz_regulondb,0.2,4,4,AGCGAGAAAGACGTCATCTC,0,924
TSS_1414_storz_regulondb,0.2,4,4,AGCCTCCCTCGTCACGTTCT,0,10259
TSS_1414_storz_regulondb,0.2,4,4,AGCCTACGCTGGAAAAGACT,0,31323
TSS_1414_storz_regulondb,0.2,4,4,AGCCTACATAAACAGTGTTC,0,74095
TSS_1414_storz_regulondb,0.2,4,4,AGCCGTAAGTTCCTTTCAGA,0,34524
TSS_1414_storz_regulondb,0.2,4,4,AGCCGGCGGTCAATTTGGCG,0,28181
TSS_1414_storz_regulondb,0.2,4,4,AGCCCCAATTCTAGAGAGCT,0,38243
TSS_1414_storz_regulondb,0.2,4,4,AGCCAGCGAGGGGATGAACG,0,38668
TSS_1414_storz_regulondb,0.2,4,4,AGCCAGAGTTTTCATGTTCA,0,30787
TSS_1414_storz_regulondb,0.2,4,4,AGCATAGCTACAGGTGCTGA,0,21288
TSS_1414_storz_regulondb,0.2,4,4,AGCAGGATCGACCCTTCAAT,0,54449
TSS_1414_storz_regulondb,0.2,4,4,AGCAGCGTTCGGATCTTCCA,0,35266
TSS_1414_storz_regulondb,0.2,4,4,AGCACCGGTAATGAGACGCC,0,23897
TSS_1414_storz_regulondb,0.2,4,4,AGCAATCCAAACCCATGCCA,0,42836
TSS_1414_storz_regulondb,0.2,4,4,AGATTTGAGGTATTGTCCCT,0,26469
TSS_1414_storz_regulondb,0.2,4,4,AGATTCGGGATCACAAAGTA,0,63322
TSS_1414_storz_regulondb,0.2,4,4,AGATTAGCAACCAGAGCGTC,0,25929
TSS_1414_storz_regulondb,0.2,4,4,AGATGGTAAGGTTCAACATC,0,45809
TSS_1414_storz_regulondb,0.2,4,4,AGATATTAACTGCTTAACTC,0,37534
TSS_1414_storz_regulondb,0.2,4,4,AGATAGAAGCATTCGTGGCG,0,42288
TSS_1414_storz_regulondb,0.2,4,4,AGAGTCCAGATTCCGGGCTA,0,25183
TSS_1414_storz_regulondb,0.2,4,4,AGAGGTTTTCGAGGACCGCC,0,10630
TSS_1414_storz_regulondb,0.2,4,4,AGAGGGTGGGGATTAGCCCC,0,37136
TSS_1414_storz_regulondb,0.2,4,4,AGAGGAAGGCCTATCTTTAC,0,60588
TSS_1414_storz_regulondb,0.2,4,4,AGAGCGGGGCTTTGAAGCTA,0,40710
TSS_1414_storz_regulondb,0.2,4,4,AGAGCGCCACGCACCCCTTT,0,69600
TSS_1414_storz_regulondb,0.2,4,4,AGAGATAGCATACAGCTCGT,0,40083
TSS_1414_storz_regulondb,0.2,4,4,AGAGATAAACGCATACCAAT,0,4863
TSS_1414_storz_regulondb,0.2,4,4,AGACTGACCCGCCTGGGTCT,0,12238
TSS_1414_storz_regulondb,0.2,4,4,AGACTCGGAATCGCTCCATT,0,9775
TSS_1414_storz_regulondb,0.2,4,4,AGACGTCAAGTTGTTTTAAT,0,52150
TSS_1414_storz_regulondb,0.2,4,4,AGACGTACGCAAGAAACTTA,0,54286
TSS_1414_storz_regulondb,0.2,4,4,AGACGCGGGGACGTGCAGAA,0,36344
TSS_1414_storz_regulondb,0.2,4,4,AGACCTCAATCCCGAGGCTG,0,32312
TSS_1414_storz_regulondb,0.2,4,4,AGACAAAAAAAGAACGCTAA,0,35566
TSS_1414_storz_regulondb,0.2,4,4,AGAATGTGGTTAAAGCGCCC,0,66777
TSS_1414_storz_regulondb,0.2,4,4,AGAAGATTAATGTATTATTT,0,74530
TSS_1414_storz_regulondb,0.2,4,4,AGAAGAGGGCGGAGTCTTTT,0,53233
TSS_1414_storz_regulondb,0.2,4,4,AGAACGGTGATTTCAAGCAT,0,66747
TSS_1414_storz_regulondb,0.2,4,4,AGAACGGCGAGGCATCTAGT,0,38196
TSS_1414_storz_regulondb,0.2,4,4,AGAACGACTCGCACGCTGAT,0,32744
TSS_1414_storz_regulondb,0.2,4,4,AGAACACGGTAGCGCTCGGA,0,55601
TSS_1414_storz_regulondb,0.2,4,4,AGAAAGCGCCGAAGGCTGTG,0,19410
TSS_1414_storz_regulondb,0.2,4,4,AGAAACATAGCACTATGTGA,0,22575
TSS_1414_storz_regulondb,0.2,4,4,ACTTGAGCCCCTGACTCACT,0,58480
TSS_1414_storz_regulondb,0.2,4,4,ACTTCGGGGTGACACGTTCC,0,11463
TSS_1414_storz_regulondb,0.2,4,4,ACTTCCTGTAGTCGTATTTG,0,20910
TSS_1414_storz_regulondb,0.2,4,4,ACTTCATTAAGTCGCCAGGC,0,35778
TSS_1414_storz_regulondb,0.2,4,4,ACTTATTTGAAGTGACTGCC,0,79059
TSS_1414_storz_regulondb,0.2,4,4,ACTTATTACGGGATAAAGTA,0,15428
TSS_1414_storz_regulondb,0.2,4,4,ACTTAGGCAAGTGCTCCTGT,0,32693
TSS_1414_storz_regulondb,0.2,4,4,ACTGTCCGGGTGTTAACGTG,0,74232
TSS_1414_storz_regulondb,0.2,4,4,ACTGGTGCGGGCGCTTAATT,0,27946
TSS_1414_storz_regulondb,0.2,4,4,ACTGCTCCAAGGTGCGGTGA,0,70273
TSS_1414_storz_regulondb,0.2,4,4,ACTGAAGAATCCCAAGATAA,0,27450
TSS_1414_storz_regulondb,0.2,4,4,ACTCTGGAGGGTCATTGTCA,0,44685
TSS_1414_storz_regulondb,0.2,4,4,ACTCTGCCAGGATCGCGGGG,0,1365
TSS_1414_storz_regulondb,0.2,4,4,ACTCGGACTCCATCGCCAAG,0,68875
TSS_1414_storz_regulondb,0.2,4,4,ACTCGCGGATTAACCGCGTG,0,398
TSS_1414_storz_regulondb,0.2,4,4,ACTCGAGTCCTCAGTACAAG,0,60610
TSS_1414_storz_regulondb,0.2,4,4,ACTCCTCAATCGTTGTATTC,0,43571
TSS_1414_storz_regulondb,0.2,4,4,ACTCCGGTAAACGATGTTAA,0,3838
TSS_1414_storz_regulondb,0.2,4,4,ACTCCCGGAGGAGGAACTCC,0,8639
TSS_1414_storz_regulondb,0.2,4,4,ACTCCAGCCGACTGCACTTA,0,49283
TSS_1414_storz_regulondb,0.2,4,4,ACTCATTGATAAGGCCATTC,0,48863
TSS_1414_storz_regulondb,0.2,4,4,ACTCACGGCTTAGAGCACAT,0,69623
TSS_1414_storz_regulondb,0.2,4,4,ACTATGGCCGGGCACGCTAG,0,69337
TSS_1414_storz_regulondb,0.2,4,4,ACTAGAGTTGTAAACCAAGA,0,19715
TSS_1414_storz_regulondb,0.2,4,4,ACTACCACTTGTATCAAGAG,0,48064
TSS_1414_storz_regulondb,0.2,4,4,ACGTTCGACCTGGAACGTGC,0,58892
TSS_1414_storz_regulondb,0.2,4,4,ACGTGTTTAATCGACCTGGC,0,45413
TSS_1414_storz_regulondb,0.2,4,4,ACGTGGGTGGGGGCCAGCAG,0,47796
TSS_1414_storz_regulondb,0.2,4,4,ACGTGGGTACCGCAATATTT,0,26304
TSS_1414_storz_regulondb,0.2,4,4,ACGTACAACTGGAAGGTGGC,0,52338
TSS_1414_storz_regulondb,0.2,4,4,ACGGTTGGAGTTCATTACGG,0,61993
TSS_1414_storz_regulondb,0.2,4,4,ACGGGCCAAATAGCACATGA,0,52268
TSS_1414_storz_regulondb,0.2,4,4,ACGGGAGTTTAGAAGTGCCC,0,64727
TSS_1414_storz_regulondb,0.2,4,4,ACGGCATGTTGTATGAATCG,0,70426
TSS_1414_storz_regulondb,0.2,4,4,ACGGCAAAGCAGGGCTTCAA,0,73133
TSS_1414_storz_regulondb,0.2,4,4,ACGGAGTCAAACGGCTTATC,0,70118
TSS_1414_storz_regulondb,0.2,4,4,ACGGACCAGGCGAAATTACT,0,73719
TSS_1414_storz_regulondb,0.2,4,4,ACGCGTGCTCAAGCCCTCAT,0,28188
TSS_1414_storz_regulondb,0.2,4,4,ACGCGCATGCACACTTCTAA,0,46986
TSS_1414_storz_regulondb,0.2,4,4,ACGCAAGTGTGAACACTGAT,0,59708
TSS_1414_storz_regulondb,0.2,4,4,ACGAGTTAAGGTAATCCAGA,0,7847
TSS_1414_storz_regulondb,0.2,4,4,ACGAGTGACCTATTGCCGTA,0,61402
TSS_1414_storz_regulondb,0.2,4,4,ACGAGAACGCTAGGGTGAAG,0,29447
TSS_1414_storz_regulondb,0.2,4,4,ACGACAACTTGGATAAACAG,0,41941
TSS_1414_storz_regulondb,0.2,4,4,ACGAATCCGCCTTCTGGTGT,0,70898
TSS_1414_storz_regulondb,0.2,4,4,ACGAATAGAGACGGTATTCA,0,26969
TSS_1414_storz_regulondb,0.2,4,4,ACGAACTCGAAGCTACGCCG,0,80345
TSS_1414_storz_regulondb,0.2,4,4,ACGAACGTTAAATCTCGCGC,0,14561
TSS_1414_storz_regulondb,0.2,4,4,ACCTGTAAGTTGGTCTCTAG,0,551
TSS_1414_storz_regulondb,0.2,4,4,ACCTGGGGTAACGTCGTTCA,0,65295
TSS_1414_storz_regulondb,0.2,4,4,ACCTATAGTTCAAATTGACA,0,8993
TSS_1414_storz_regulondb,0.2,4,4,ACCGTTGGATCACGAATTTC,0,57797
TSS_1414_storz_regulondb,0.2,4,4,ACCGGTCAGTGGTTCTAGAA,0,62050
TSS_1414_storz_regulondb,0.2,4,4,ACCGGAACACAGTTAGTAGC,0,51800
TSS_1414_storz_regulondb,0.2,4,4,ACCGCTGGTACGCTCATTAT,0,21587
TSS_1414_storz_regulondb,0.2,4,4,ACCGCGGGTTGGCATGATAC,0,1774
TSS_1414_storz_regulondb,0.2,4,4,ACCGACATGGGTATGACCCT,0,42022
TSS_1414_storz_regulondb,0.2,4,4,ACCCGCTAATTCGCCGACCA,0,70706
TSS_1414_storz_regulondb,0.2,4,4,ACCCGCGCGACGTTGTGTGA,0,34861
TSS_1414_storz_regulondb,0.2,4,4,ACCCGCAAAGCAAAAGCGTA,0,18794
TSS_1414_storz_regulondb,0.2,4,4,ACCCGACACGCGTTAAATCT,0,40318
TSS_1414_storz_regulondb,0.2,4,4,ACCCCAACGGTCGGGTCAGT,0,12613
TSS_1414_storz_regulondb,0.2,4,4,ACCCAGCGGACCAAAGTGCA,0,40631
TSS_1414_storz_regulondb,0.2,4,4,ACCAGGCGTACGAGTATAAT,0,79401
TSS_1414_storz_regulondb,0.2,4,4,ACCAGCGTGTGTTGATACGA,0,54985
TSS_1414_storz_regulondb,0.2,4,4,ACCAATCCTCGTGCCGAGGG,0,58792
TSS_1414_storz_regulondb,0.2,4,4,ACATTGTGCATGCGGCTATC,0,73253
TSS_1414_storz_regulondb,0.2,4,4,ACATGCCCTCAAGGTCGTTG,0,74205
TSS_1414_storz_regulondb,0.2,4,4,ACATCTGCGTTTATTCCCAG,0,39259
TSS_1414_storz_regulondb,0.2,4,4,ACATCCATACGTGATTCACT,0,78644
TSS_1414_storz_regulondb,0.2,4,4,ACATAGAACCGAAACCTCCC,0,67370
TSS_1414_storz_regulondb,0.2,4,4,ACAGTAGCCTAGTTACAAAC,0,180
TSS_1414_storz_regulondb,0.2,4,4,ACAGGTATAGTCGCCTGAAA,0,18085
TSS_1414_storz_regulondb,0.2,4,4,ACAGGATGGCTTCAGGCAGA,0,24810
TSS_1414_storz_regulondb,0.2,4,4,ACAGCTCTATCAAGTGGGAT,0,20220
TSS_1414_storz_regulondb,0.2,4,4,ACAGAGCTCAAATGGGTACG,0,26447
TSS_1414_storz_regulondb,0.2,4,4,ACAGACTTGCGCTGACATCA,0,13404
TSS_1414_storz_regulondb,0.2,4,4,ACACTGTTATGAGGCAGCTG,0,27954
TSS_1414_storz_regulondb,0.2,4,4,ACACGGTCTAGGGGCGAGCA,0,37905
TSS_1414_storz_regulondb,0.2,4,4,ACACGAAACAGGGTTGTACG,0,49883
TSS_1414_storz_regulondb,0.2,4,4,ACACCCCCGGTCCGTACCTC,0,15136
TSS_1414_storz_regulondb,0.2,4,4,ACACCAGTTCTTTTACATTC,0,66559
TSS_1414_storz_regulondb,0.2,4,4,ACACACGCAAATTATAAGCT,0,66133
TSS_1414_storz_regulondb,0.2,4,4,ACAATGCCGCGGATAAAATA,0,6960
TSS_1414_storz_regulondb,0.2,4,4,ACAAGAGCTTCTTATATCGT,0,66065
TSS_1414_storz_regulondb,0.2,4,4,ACAAGAGCCAAAACGGTTAG,0,69795
TSS_1414_storz_regulondb,0.2,4,4,ACAACTGGTGAACTCCTATG,0,80259
TSS_1414_storz_regulondb,0.2,4,4,ACAACTCAATCTTATGGGAA,0,56066
TSS_1414_storz_regulondb,0.2,4,4,ACAAACGTAAAATGACGATG,0,79815
TSS_1414_storz_regulondb,0.2,4,4,AATTTTGTCAATAGTATCTA,0,15158
TSS_1414_storz_regulondb,0.2,4,4,AATTTTGCTAAATTGATTAG,0,14702
TSS_1414_storz_regulondb,0.2,4,4,AATTTCTTTCGGCGTCTAAC,0,21003
TSS_1414_storz_regulondb,0.2,4,4,AATTGGGTAAGTCCTTCGTA,0,37218
TSS_1414_storz_regulondb,0.2,4,4,AATTGGGGTTAAACCGCTGC,0,50631
TSS_1414_storz_regulondb,0.2,4,4,AATTGGCGGCTGGTACGCAA,0,39391
TSS_1414_storz_regulondb,0.2,4,4,AATTGCGGTCGGAGGTCATT,0,18767
TSS_1414_storz_regulondb,0.2,4,4,AATTGCAGCGGAGTGCCCCC,0,14462
TSS_1414_storz_regulondb,0.2,4,4,AATTCTCGAAGTACCAGATA,0,35155
TSS_1414_storz_regulondb,0.2,4,4,AATTATTTAGCGGCGGCAGA,0,57218
TSS_1414_storz_regulondb,0.2,4,4,AATGTTGCGTCAGATGTCTA,0,37687
TSS_1414_storz_regulondb,0.2,4,4,AATGTGCTCAGCTCACTACC,0,28042
TSS_1414_storz_regulondb,0.2,4,4,AATCTTTTGTGCCGTTTTCG,0,72631
TSS_1414_storz_regulondb,0.2,4,4,AATCTGGAGGGAGGAAGGAA,0,20223
TSS_1414_storz_regulondb,0.2,4,4,AATCTCTTGTAGAGAGTAGA,0,27252
TSS_1414_storz_regulondb,0.2,4,4,AATCGGAGAGACACTTCGCA,0,23432
TSS_1414_storz_regulondb,0.2,4,4,AATCCCTCCGTATTGCATCG,0,54626
TSS_1414_storz_regulondb,0.2,4,4,AATATTCTTTCATCATCCTT,0,63664
TSS_1414_storz_regulondb,0.2,4,4,AATATGTACTTAGACGCTGT,0,56342
TSS_1414_storz_regulondb,0.2,4,4,AATATAGATAACAGTCCTGA,0,46061
TSS_1414_storz_regulondb,0.2,4,4,AATATACTGGGCGGTAGTCC,0,21470
TSS_1414_storz_regulondb,0.2,4,4,AATAGTTCGGCCAATTATAG,0,62743
TSS_1414_storz_regulondb,0.2,4,4,AATACCGTGGTTGGATGTCA,0,39398
TSS_1414_storz_regulondb,0.2,4,4,AATAAGGGGTCTCTTAGGGT,0,41057
TSS_1414_storz_regulondb,0.2,4,4,AATAACAGCACATGATTAGT,0,80341
TSS_1414_storz_regulondb,0.2,4,4,AAGTTTGTACAGGAGCCACC,0,15438
TSS_1414_storz_regulondb,0.2,4,4,AAGTGAGAGGCGTAGCACCC,0,79526
TSS_1414_storz_regulondb,0.2,4,4,AAGGTTCAGCGAGCGGGATG,0,4587
TSS_1414_storz_regulondb,0.2,4,4,AAGGTTCAGAACGCCTGCGA,0,33151
TSS_1414_storz_regulondb,0.2,4,4,AAGGTAATTTGGAAAGAGAA,0,53229
TSS_1414_storz_regulondb,0.2,4,4,AAGGGTGCGCGAGAATAGCA,0,55939
TSS_1414_storz_regulondb,0.2,4,4,AAGGGTCTGGTGAAAACTGC,0,60877
TSS_1414_storz_regulondb,0.2,4,4,AAGGGGAGCTCTGTGGACGA,0,48811
TSS_1414_storz_regulondb,0.2,4,4,AAGGCAAACACTAAGAATCA,0,50303
TSS_1414_storz_regulondb,0.2,4,4,AAGGATCCGTAGTTCAGATA,0,59130
TSS_1414_storz_regulondb,0.2,4,4,AAGGACCTCCTTGTCAGACA,0,32208
TSS_1414_storz_regulondb,0.2,4,4,AAGCTGCGGTATTCACTCTG,0,30084
TSS_1414_storz_regulondb,0.2,4,4,AAGCGTTGGAAATGTAAGGT,0,76680
TSS_1414_storz_regulondb,0.2,4,4,AAGCGTGTTAACTACTACAT,0,47805
TSS_1414_storz_regulondb,0.2,4,4,AAGCGGGTGCAGGTTACCAT,0,51660
TSS_1414_storz_regulondb,0.2,4,4,AAGCCGATGATTCCCTCGCG,0,24771
TSS_1414_storz_regulondb,0.2,4,4,AAGCATGAAACAGCAAGAAA,0,35267
TSS_1414_storz_regulondb,0.2,4,4,AAGATCAAGGGCGAGTGGCG,0,12759
TSS_1414_storz_regulondb,0.2,4,4,AAGAGTAATGGAGCAATAGA,0,60613
TSS_1414_storz_regulondb,0.2,4,4,AAGAGGTGCAGGGGTGACCA,0,45179
TSS_1414_storz_regulondb,0.2,4,4,AAGACACACGGTTCTCGTCG,0,74758
TSS_1414_storz_regulondb,0.2,4,4,AAGAAGGCCTAAGACTCCGT,0,47035
TSS_1414_storz_regulondb,0.2,4,4,AACTTGACCCTTATCTTCGC,0,14009
TSS_1414_storz_regulondb,0.2,4,4,AACTTCCGAAAGGAGGGGCG,0,17967
TSS_1414_storz_regulondb,0.2,4,4,AACTCGGCATTGTGTACCGT,0,64309
TSS_1414_storz_regulondb,0.2,4,4,AACGTTCGGAATCCGGGCCT,0,38767
TSS_1414_storz_regulondb,0.2,4,4,AACGTTATCTGTGTTGTTCA,0,35951
TSS_1414_storz_regulondb,0.2,4,4,AACGGTAGTACTAGCCACTA,0,65484
TSS_1414_storz_regulondb,0.2,4,4,AACGCTCCGACTCATTAAGG,0,35095
TSS_1414_storz_regulondb,0.2,4,4,AACGACGGTCAGTGTGAAGT,0,49234
TSS_1414_storz_regulondb,0.2,4,4,AACGAATCTGGGCCTGACAA,0,13622
TSS_1414_storz_regulondb,0.2,4,4,AACCGCGAGCGTCCTCAGCT,0,43731
TSS_1414_storz_regulondb,0.2,4,4,AACATGTGCTACCGAAATTT,0,75081
TSS_1414_storz_regulondb,0.2,4,4,AACACCCAGTTGATCCTTCT,0,60684
TSS_1414_storz_regulondb,0.2,4,4,AACAAGGGGATGCTCTCACA,0,52983
TSS_1414_storz_regulondb,0.2,4,4,AACAAACTCCGTATTGGGTG,0,46841
TSS_1414_storz_regulondb,0.2,4,4,AAATTGTGTTCCTCTCGCTT,0,31614
TSS_1414_storz_regulondb,0.2,4,4,AAATTGACCGTACTGTATAG,0,49155
TSS_1414_storz_regulondb,0.2,4,4,AAATTCGCACCATTGGTATA,0,39376
TSS_1414_storz_regulondb,0.2,4,4,AAATGATATGACGCCGCATT,0,39144
TSS_1414_storz_regulondb,0.2,4,4,AAATCTCAATTGTGGTTCCT,0,40423
TSS_1414_storz_regulondb,0.2,4,4,AAATCGAGGTTTAGTTGAAC,0,158
TSS_1414_storz_regulondb,0.2,4,4,AAATCCCGGAGTAGAGCACG,0,56214
TSS_1414_storz_regulondb,0.2,4,4,AAATCAAGTAGGACATAGGT,0,76880
TSS_1414_storz_regulondb,0.2,4,4,AAATATTCATTCATCACACC,0,65455
TSS_1414_storz_regulondb,0.2,4,4,AAATAGCAAGACGCCCGCTG,0,29666
TSS_1414_storz_regulondb,0.2,4,4,AAATACATCGGCCGTATGAT,0,15414
TSS_1414_storz_regulondb,0.2,4,4,AAAGTAGTTATGTCCTCTGT,0,32353
TSS_1414_storz_regulondb,0.2,4,4,AAAGGGGTGGCAGTGAGACT,0,11872
TSS_1414_storz_regulondb,0.2,4,4,AAAGGGGGTTGGGTCTGAGT,0,1303
TSS_1414_storz_regulondb,0.2,4,4,AAAGCGGGGAGGTAATCGTC,0,69121
TSS_1414_storz_regulondb,0.2,4,4,AAAGAACGAATCTGATAGAG,0,29661
TSS_1414_storz_regulondb,0.2,4,4,AAACTTTGTGTGCCGCCACG,0,6050
TSS_1414_storz_regulondb,0.2,4,4,AAACGTTACCAAGGGTTCAA,0,19824
TSS_1414_storz_regulondb,0.2,4,4,AAACGGTTACAACATTTGTA,0,267
TSS_1414_storz_regulondb,0.2,4,4,AAACGGTAATTCAAGAGTTT,0,50199
TSS_1414_storz_regulondb,0.2,4,4,AAACGAGGTCTTGACTCAGC,0,60644
TSS_1414_storz_regulondb,0.2,4,4,AAACCGTCCATATTTGGGCA,0,33931
TSS_1414_storz_regulondb,0.2,4,4,AAACAAAGAGATAATGGCTT,0,2951
TSS_1414_storz_regulondb,0.2,4,4,AAAACCGAGACCTAAGATGT,0,11119
TSS_1414_storz_regulondb,0.2,4,4,AAAACATGTTGGTACACCTT,0,1821
TSS_1414_storz_regulondb,0.2,4,4,AAAAAGAGGGTAGAATCGGG,0,3250
TSS_1414_storz_regulondb,0.25,3,3,TTTTTTATCTCTTTTTCTTT,0,70970
TSS_1414_storz_regulondb,0.25,3,3,TTTTTTAATCAAGTAGAGGA,0,11307
TSS_1414_storz_regulondb,0.25,3,3,TTTTTATCTACTTGAGGGGT,0,46943
TSS_1414_storz_regulondb,0.25,3,3,TTTTCAATCTGCGGGTTACC,0,69413
TSS_1414_storz_regulondb,0.25,3,3,TTTTAGTTCGTGTATCGAAG,0,33243
TSS_1414_storz_regulondb,0.25,3,3,TTTTAGAGTCTTCACGCTCC,0,5813
TSS_1414_storz_regulondb,0.25,3,3,TTTTAACACGGATCATCATC,0,72246
TSS_1414_storz_regulondb,0.25,3,3,TTTGTTTTTGATAGTTGGAC,0,9674
TSS_1414_storz_regulondb,0.25,3,3,TTTGTAGGTAACCCGCGCTG,0,41143
TSS_1414_storz_regulondb,0.25,3,3,TTTGGTTAGCTTCTACTGGT,0,13708
TSS_1414_storz_regulondb,0.25,3,3,TTTGGTCGTCATCCGGTGAA,0,28272
TSS_1414_storz_regulondb,0.25,3,3,TTTGGGGTAAGACCGTTCGC,0,7547
TSS_1414_storz_regulondb,0.25,3,3,TTTGCTATTGGACTAAGCCA,0,28183
TSS_1414_storz_regulondb,0.25,3,3,TTTGCCTGGAACCGTTTCTT,0,70985
TSS_1414_storz_regulondb,0.25,3,3,TTTGCAGCATGATACCTCCT,0,79872
TSS_1414_storz_regulondb,0.25,3,3,TTTGCAACGCTAGAGTTTAG,0,62066
TSS_1414_storz_regulondb,0.25,3,3,TTTGCAACGCACGATTGGCC,0,10410
TSS_1414_storz_regulondb,0.25,3,3,TTTGAATAATCGTATGCAGT,0,36189
TSS_1414_storz_regulondb,0.25,3,3,TTTCTCACAAAGCTTTCGAG,0,70741
TSS_1414_storz_regulondb,0.25,3,3,TTTCGCTCGAAGAAGATCTT,0,23216
TSS_1414_storz_regulondb,0.25,3,3,TTTCGAAATACTCGAGGAGA,0,80335
TSS_1414_storz_regulondb,0.25,3,3,TTTCCTTACTGTCGCGGCAT,0,38856
TSS_1414_storz_regulondb,0.25,3,3,TTTCCATGCCCTCCCGAAGC,0,45962
TSS_1414_storz_regulondb,0.25,3,3,TTTCCAGGGAACCTCATAAT,0,73261
TSS_1414_storz_regulondb,0.25,3,3,TTTCAGGATGTATGTCCTGT,0,816
TSS_1414_storz_regulondb,0.25,3,3,TTTCAGAAGACCGCCTCGAT,0,52189
TSS_1414_storz_regulondb,0.25,3,3,TTTATTTATCCCACGCTCGC,0,24635
TSS_1414_storz_regulondb,0.25,3,3,TTTATATTTTAATGGCCCGA,0,62700
TSS_1414_storz_regulondb,0.25,3,3,TTTAATATTATAGACCCGTC,0,40180
TSS_1414_storz_regulondb,0.25,3,3,TTTAAAGCCTAGCTGTATTA,0,32050
TSS_1414_storz_regulondb,0.25,3,3,TTGTTTTCGTTGCGTATGGG,0,72985
TSS_1414_storz_regulondb,0.25,3,3,TTGTTTGTAGAACGCCCCGT,0,33659
TSS_1414_storz_regulondb,0.25,3,3,TTGTTACAAGCTACGTAGGT,0,75273
TSS_1414_storz_regulondb,0.25,3,3,TTGTGTAAGTCGAGTATATG,0,2319
TSS_1414_storz_regulondb,0.25,3,3,TTGTGGTGCGGGCAGTGTGA,0,40450
TSS_1414_storz_regulondb,0.25,3,3,TTGTGGTCAAGACATGAAAA,0,27738
TSS_1414_storz_regulondb,0.25,3,3,TTGTCAGGTACCAGAGGGAA,0,22136
TSS_1414_storz_regulondb,0.25,3,3,TTGGGAGTTGAGGTGTAGAG,0,66712
TSS_1414_storz_regulondb,0.25,3,3,TTGGCAACGCGTAATATAGA,0,52680
TSS_1414_storz_regulondb,0.25,3,3,TTGCTGTTTGGTCCATACGA,0,53247
TSS_1414_storz_regulondb,0.25,3,3,TTGCGCTCGGGCTCTATCGA,0,72513
TSS_1414_storz_regulondb,0.25,3,3,TTGCGACCAGCTGGTCCGTG,0,16314
TSS_1414_storz_regulondb,0.25,3,3,TTGCGAAGGGAGCTTGGAAG,0,14231
TSS_1414_storz_regulondb,0.25,3,3,TTGCCACCGTATAGTGCGCG,0,64044
TSS_1414_storz_regulondb,0.25,3,3,TTGAGTGAGGTCAGGGCAGC,0,59248
TSS_1414_storz_regulondb,0.25,3,3,TTGAGGGTCGCAGATCCTGG,0,26016
TSS_1414_storz_regulondb,0.25,3,3,TTGAGCGCAAAATCCTATGA,0,20236
TSS_1414_storz_regulondb,0.25,3,3,TTGACTTTCGAGAGTCCTTC,0,58339
TSS_1414_storz_regulondb,0.25,3,3,TTGACGATATGTTGAAGCTA,0,51595
TSS_1414_storz_regulondb,0.25,3,3,TTGAATTGTATAGCCCACCC,0,66767
TSS_1414_storz_regulondb,0.25,3,3,TTGAAGTCGGAATTAGGATA,0,66151
TSS_1414_storz_regulondb,0.25,3,3,TTCTTCGGTTAACCATATAG,0,17503
TSS_1414_storz_regulondb,0.25,3,3,TTCTTACGCTTGAATCTCAT,0,73233
TSS_1414_storz_regulondb,0.25,3,3,TTCTGTTTACTCGCTTTAAG,0,72794
TSS_1414_storz_regulondb,0.25,3,3,TTCTGTCACGCAGTTTGTGC,0,52069
TSS_1414_storz_regulondb,0.25,3,3,TTCTCCCAGCGCTGTACGCT,0,18809
TSS_1414_storz_regulondb,0.25,3,3,TTCTACTTTGCAAACAATCC,0,2812
TSS_1414_storz_regulondb,0.25,3,3,TTCTACTGTAGGTGGAACTG,0,65547
TSS_1414_storz_regulondb,0.25,3,3,TTCTACCGCGACGTTAAGAA,0,33830
TSS_1414_storz_regulondb,0.25,3,3,TTCGTTGTCCATCAGATGTC,0,30383
TSS_1414_storz_regulondb,0.25,3,3,TTCGGGCGTTCGGGAAGATT,0,63129
TSS_1414_storz_regulondb,0.25,3,3,TTCGGGCCTTTCTAAGGCCC,0,74009
TSS_1414_storz_regulondb,0.25,3,3,TTCGGATGGGTCCTTTGAAT,0,35051
TSS_1414_storz_regulondb,0.25,3,3,TTCGCCACGTCATAACTTTC,0,35338
TSS_1414_storz_regulondb,0.25,3,3,TTCGCATCTTTCTGGCCAGG,0,79178
TSS_1414_storz_regulondb,0.25,3,3,TTCGAGAGTCAGGGAATTTT,0,43327
TSS_1414_storz_regulondb,0.25,3,3,TTCGACTTCGCCAGGGCGGT,0,74645
TSS_1414_storz_regulondb,0.25,3,3,TTCGACACCTAATGGTCAGG,0,74151
TSS_1414_storz_regulondb,0.25,3,3,TTCCTTACATGGCGTGTATG,0,80041
TSS_1414_storz_regulondb,0.25,3,3,TTCCTGCAATGAACTATTGT,0,42094
TSS_1414_storz_regulondb,0.25,3,3,TTCCGTAGTGACTGGCCTCC,0,10247
TSS_1414_storz_regulondb,0.25,3,3,TTCCGGTTAAAACGACCATG,0,48013
TSS_1414_storz_regulondb,0.25,3,3,TTCCGGGAACATAGCATGTA,0,41745
TSS_1414_storz_regulondb,0.25,3,3,TTCCGGCCAATTACAGGACA,0,40960
TSS_1414_storz_regulondb,0.25,3,3,TTCCGGCATAGGAGACTGTG,0,24394
TSS_1414_storz_regulondb,0.25,3,3,TTCCGATCACTGTTGGGCAT,0,78202
TSS_1414_storz_regulondb,0.25,3,3,TTCCCGCAGCGCACGCACAG,0,66362
TSS_1414_storz_regulondb,0.25,3,3,TTCCAGGCGCTGCCTGGTCG,0,49123
TSS_1414_storz_regulondb,0.25,3,3,TTCATCTGGGACGGCAAAAT,0,12127
TSS_1414_storz_regulondb,0.25,3,3,TTCAGTAATGCGCGTTATCG,0,64141
TSS_1414_storz_regulondb,0.25,3,3,TTCAGGGCGACCTGGCTATT,0,65631
TSS_1414_storz_regulondb,0.25,3,3,TTCACAGGATTTATTTAAAT,0,73746
TSS_1414_storz_regulondb,0.25,3,3,TTCAATGAGCCGATCTCCTT,0,64450
TSS_1414_storz_regulondb,0.25,3,3,TTCAAAGGATACCTCCGCAC,0,8896
TSS_1414_storz_regulondb,0.25,3,3,TTATAGCCATGATATTAACC,0,70974
TSS_1414_storz_regulondb,0.25,3,3,TTATAACTCTCCGATACTCG,0,55402
TSS_1414_storz_regulondb,0.25,3,3,TTAGTTTTCCGTATGACAGA,0,76738
TSS_1414_storz_regulondb,0.25,3,3,TTAGTAGGCGGAAGGTTTTG,0,45000
TSS_1414_storz_regulondb,0.25,3,3,TTAGGTGATGTAGGGCTCTG,0,31645
TSS_1414_storz_regulondb,0.25,3,3,TTAGCTTTGCAGGGCTCAGC,0,76075
TSS_1414_storz_regulondb,0.25,3,3,TTAGCGCGGTAGTTTCAGCA,0,52549
TSS_1414_storz_regulondb,0.25,3,3,TTAGCGAGCCCGAGAGAAAT,0,64065
TSS_1414_storz_regulondb,0.25,3,3,TTAGCCTTGTCCCTGTGACG,0,9150
TSS_1414_storz_regulondb,0.25,3,3,TTAGCATGTAGCACGTCTTG,0,41750
TSS_1414_storz_regulondb,0.25,3,3,TTACTTGATCCTTATCCGTA,0,33077
TSS_1414_storz_regulondb,0.25,3,3,TTACTTCTGGATGAGAGGGT,0,6957
TSS_1414_storz_regulondb,0.25,3,3,TTACTGCATTTCATACGTCG,0,75184
TSS_1414_storz_regulondb,0.25,3,3,TTACTATTCTGGCGGTGACC,0,64050
TSS_1414_storz_regulondb,0.25,3,3,TTACGTACAAGGAATACAAA,0,70217
TSS_1414_storz_regulondb,0.25,3,3,TTACGGACAGCGCTCGTCCT,0,7351
TSS_1414_storz_regulondb,0.25,3,3,TTACGATAATAAAGAAAGAT,0,46393
TSS_1414_storz_regulondb,0.25,3,3,TTACCAGGATTTAGGCGGGC,0,15495
TSS_1414_storz_regulondb,0.25,3,3,TTACCACATCTGGGTACTAT,0,28288
TSS_1414_storz_regulondb,0.25,3,3,TTAATTACAAGGTTGGTGAT,0,32398
TSS_1414_storz_regulondb,0.25,3,3,TTAATGTATCAGGGTCAGGC,0,79819
TSS_1414_storz_regulondb,0.25,3,3,TTAATAGCGTTAAGTGCCTA,0,20675
TSS_1414_storz_regulondb,0.25,3,3,TTAATACTAATCTCCGCTGA,0,25063
TSS_1414_storz_regulondb,0.25,3,3,TTAAGACGCTCTTGCCTCTC,0,40596
TSS_1414_storz_regulondb,0.25,3,3,TTAACTCGCCAGATAGGAAT,0,31931
TSS_1414_storz_regulondb,0.25,3,3,TTAACCGTGTTTCAGCACGG,0,67126
TSS_1414_storz_regulondb,0.25,3,3,TTAAAGGTTTGCGTGGCACA,0,57788
TSS_1414_storz_regulondb,0.25,3,3,TTAAAATGAAGAAATGGGCG,0,34899
TSS_1414_storz_regulondb,0.25,3,3,TGTTTTTGCGCGCATCCGTA,0,20615
TSS_1414_storz_regulondb,0.25,3,3,TGTTTCGCGCCCACCGGTGG,0,61196
TSS_1414_storz_regulondb,0.25,3,3,TGTTGGATTCATCGGGCACG,0,29776
TSS_1414_storz_regulondb,0.25,3,3,TGTTGGATCGTAAATCGGAT,0,68295
TSS_1414_storz_regulondb,0.25,3,3,TGTGTCAAATTAGGCGAGTA,0,46040
TSS_1414_storz_regulondb,0.25,3,3,TGTGGGTTATTCGTCATATG,0,25230
TSS_1414_storz_regulondb,0.25,3,3,TGTGGCCACAAGGTTACTCG,0,78651
TSS_1414_storz_regulondb,0.25,3,3,TGTGGAGTCCTCATAAAGGC,0,31198
TSS_1414_storz_regulondb,0.25,3,3,TGTGCACCTTGTGGTGTTAG,0,45180
TSS_1414_storz_regulondb,0.25,3,3,TGTGATGTGCTGGCCGCTCA,0,63336
TSS_1414_storz_regulondb,0.25,3,3,TGTGATAATACGTGCACGGC,0,44670
TSS_1414_storz_regulondb,0.25,3,3,TGTGAGAAACCACCTCGATA,0,70384
TSS_1414_storz_regulondb,0.25,3,3,TGTCGTTGTCTTGAGATCGG,0,48227
TSS_1414_storz_regulondb,0.25,3,3,TGTCGTGGCCTTCGTGGGGT,0,10349
TSS_1414_storz_regulondb,0.25,3,3,TGTCGCCCCCGCTATCCATA,0,34963
TSS_1414_storz_regulondb,0.25,3,3,TGTCGCATGCGCGTTAAGTT,0,27401
TSS_1414_storz_regulondb,0.25,3,3,TGTCAAGCAATGAAGCCTCG,0,79250
TSS_1414_storz_regulondb,0.25,3,3,TGTATTCTGCGGGCATTGTA,0,13531
TSS_1414_storz_regulondb,0.25,3,3,TGTATGGCATCACGGATGGG,0,67568
TSS_1414_storz_regulondb,0.25,3,3,TGTAGTTTCAATCCTTTCGA,0,3754
TSS_1414_storz_regulondb,0.25,3,3,TGTAGGTTGCTCTAATTTAC,0,12219
TSS_1414_storz_regulondb,0.25,3,3,TGTAGGACACTTCGGCTACG,0,45928
TSS_1414_storz_regulondb,0.25,3,3,TGTACGCTAGGGAGTCTCAT,0,16814
TSS_1414_storz_regulondb,0.25,3,3,TGTACCAATTAAGGTAGTGA,0,55741
TSS_1414_storz_regulondb,0.25,3,3,TGTAACAGAACCCGACTTCT,0,70190
TSS_1414_storz_regulondb,0.25,3,3,TGGTTTGAGGGGCCTCGAAG,0,48133
TSS_1414_storz_regulondb,0.25,3,3,TGGTTCAGCGCGACGCATGG,0,49669
TSS_1414_storz_regulondb,0.25,3,3,TGGTGGTTGTTGTTTATGCG,0,6439
TSS_1414_storz_regulondb,0.25,3,3,TGGTGGGCCGGTGTTAATTA,0,58800
TSS_1414_storz_regulondb,0.25,3,3,TGGTGGCAGGATGGCTAGAT,0,19480
TSS_1414_storz_regulondb,0.25,3,3,TGGTGCACTTTTGGTAAAAC,0,46091
TSS_1414_storz_regulondb,0.25,3,3,TGGTGATGGGTAGCGAAATA,0,31658
TSS_1414_storz_regulondb,0.25,3,3,TGGTCCGTAGAGGTTACCCA,0,62091
TSS_1414_storz_regulondb,0.25,3,3,TGGTCCGCGAATATACACAA,0,59751
TSS_1414_storz_regulondb,0.25,3,3,TGGTATAAGCGCGATTAGAT,0,2027
TSS_1414_storz_regulondb,0.25,3,3,TGGTAGAGCAGGGGAGGTGG,0,36632
TSS_1414_storz_regulondb,0.25,3,3,TGGGTGCTATCAGGAAGTTT,0,78245
TSS_1414_storz_regulondb,0.25,3,3,TGGGTAAGCTTGCGTGTTAT,0,20188
TSS_1414_storz_regulondb,0.25,3,3,TGGGGTCAGATTCTAGGTAA,0,20109
TSS_1414_storz_regulondb,0.25,3,3,TGGGGCCTACTCCTAAGATC,0,51000
TSS_1414_storz_regulondb,0.25,3,3,TGGGCTGGGGACATCTTGTA,0,18868
TSS_1414_storz_regulondb,0.25,3,3,TGGGCCGTGCCGAGGACTGG,0,68114
TSS_1414_storz_regulondb,0.25,3,3,TGGGAGCACGCCCGGTTGCT,0,71871
TSS_1414_storz_regulondb,0.25,3,3,TGGCTTCGCGAACACCAATT,0,56929
TSS_1414_storz_regulondb,0.25,3,3,TGGCGTCTCGAGCACGTACG,0,5862
TSS_1414_storz_regulondb,0.25,3,3,TGGCCTAAACCATCTCTGTG,0,27446
TSS_1414_storz_regulondb,0.25,3,3,TGGCCCCGTCATGTCTGAGT,0,26990
TSS_1414_storz_regulondb,0.25,3,3,TGGCCCCACCTATCGTGTTG,0,15570
TSS_1414_storz_regulondb,0.25,3,3,TGGCAATAGGTTTAGGTCCC,0,78423
TSS_1414_storz_regulondb,0.25,3,3,TGGATCGATGACACTGTTAA,0,11663
TSS_1414_storz_regulondb,0.25,3,3,TGGATCGAGGGTTGCCCCTT,0,74018
TSS_1414_storz_regulondb,0.25,3,3,TGGATCCAGTTCGGTCCAGA,0,76963
TSS_1414_storz_regulondb,0.25,3,3,TGGAGTTGCTTCGTAGGAGT,0,77746
TSS_1414_storz_regulondb,0.25,3,3,TGGAGTGTAGAAGGAGACAT,0,43042
TSS_1414_storz_regulondb,0.25,3,3,TGGAATAGCCCAACGCGCAA,0,46894
TSS_1414_storz_regulondb,0.25,3,3,TGCTTTTGATTGATGGTATA,0,77796
TSS_1414_storz_regulondb,0.25,3,3,TGCTTACCTCGGGGTGTCTC,0,51401
TSS_1414_storz_regulondb,0.25,3,3,TGCTCGCCTGTTCAGGTAAT,0,52204
TSS_1414_storz_regulondb,0.25,3,3,TGCGTAGTCAATTGATGCGA,0,26674
TSS_1414_storz_regulondb,0.25,3,3,TGCGGTTAAAGTGCTGTTTA,0,7031
TSS_1414_storz_regulondb,0.25,3,3,TGCGGGTGTAATATTTAGGA,0,24082
TSS_1414_storz_regulondb,0.25,3,3,TGCGGATGCGAGGGGGTCCC,0,70387
TSS_1414_storz_regulondb,0.25,3,3,TGCGCTGCTAACTATTGAGC,0,55200
TSS_1414_storz_regulondb,0.25,3,3,TGCGCCGTGTGGAACCTCGA,0,72061
TSS_1414_storz_regulondb,0.25,3,3,TGCGCAGCCTTGTAGTTGAT,0,44424
TSS_1414_storz_regulondb,0.25,3,3,TGCGCAAATGAACACGACAA,0,8264
TSS_1414_storz_regulondb,0.25,3,3,TGCGAGCCTGCTCCGCTATG,0,79240
TSS_1414_storz_regulondb,0.25,3,3,TGCGAGCATGGGCCTTCTAG,0,52703
TSS_1414_storz_regulondb,0.25,3,3,TGCCTTCTTAGCTCCCTAAG,0,33377
TSS_1414_storz_regulondb,0.25,3,3,TGCCATGTAAATTTGTAGGT,0,18845
TSS_1414_storz_regulondb,0.25,3,3,TGCCAGTTGCTACGCTGACT,0,62688
TSS_1414_storz_regulondb,0.25,3,3,TGCCACTCTCCGTGCAGACC,0,21598
TSS_1414_storz_regulondb,0.25,3,3,TGCACGGGCTGTCAGTTGCT,0,51506
TSS_1414_storz_regulondb,0.25,3,3,TGCAACAGTGACCCGGCTTT,0,70732
TSS_1414_storz_regulondb,0.25,3,3,TGATTTCAACCAGCCGTATT,0,56009
TSS_1414_storz_regulondb,0.25,3,3,TGATTCGAAAGCGTCTATGA,0,17904
TSS_1414_storz_regulondb,0.25,3,3,TGATGGATGGTAGCACGGAC,0,20710
TSS_1414_storz_regulondb,0.25,3,3,TGATGGAGGACTGAGTTGCA,0,46244
TSS_1414_storz_regulondb,0.25,3,3,TGATCATAGATGCGGTGAAA,0,45803
TSS_1414_storz_regulondb,0.25,3,3,TGATACCAGTAAGAACGGAC,0,63370
TSS_1414_storz_regulondb,0.25,3,3,TGATACAGATAGAATACGGA,0,18833
TSS_1414_storz_regulondb,0.25,3,3,TGAGTTCCATTAACAACGAT,0,764
TSS_1414_storz_regulondb,0.25,3,3,TGAGTTCATGATTAAGCAGG,0,63236
TSS_1414_storz_regulondb,0.25,3,3,TGAGTAACTAACCCGCAAAT,0,34173
TSS_1414_storz_regulondb,0.25,3,3,TGAGGTATTATGGAACGTAA,0,34920
TSS_1414_storz_regulondb,0.25,3,3,TGAGCGTAAGAGTTAGAAAG,0,80176
TSS_1414_storz_regulondb,0.25,3,3,TGAGATGGCCGGACTGAAAG,0,60355
TSS_1414_storz_regulondb,0.25,3,3,TGAGAACCCTTCACAAGCAT,0,52211
TSS_1414_storz_regulondb,0.25,3,3,TGAGAACACGTTGTGGGATG,0,6881
TSS_1414_storz_regulondb,0.25,3,3,TGAGAAAACGATTCAAGAAC,0,78556
TSS_1414_storz_regulondb,0.25,3,3,TGACTTAGCATACCACCGCT,0,33419
TSS_1414_storz_regulondb,0.25,3,3,TGACTGATTGAATACACAAG,0,65303
TSS_1414_storz_regulondb,0.25,3,3,TGACTATATGGTAGGTGGAT,0,13520
TSS_1414_storz_regulondb,0.25,3,3,TGACGGTCCGTGCTCTAAAT,0,48523
TSS_1414_storz_regulondb,0.25,3,3,TGACGCATACCATTGGTGCG,0,65414
TSS_1414_storz_regulondb,0.25,3,3,TGACGATGCAGTACAAGGAC,0,23895
TSS_1414_storz_regulondb,0.25,3,3,TGACCACATGGAACATTCGA,0,41333
TSS_1414_storz_regulondb,0.25,3,3,TGACAGTATCCGGCAGCGAT,0,42881
TSS_1414_storz_regulondb,0.25,3,3,TGACAACACTAGACACATGT,0,5094
TSS_1414_storz_regulondb,0.25,3,3,TGAATTCTTTGACCGGTTGC,0,53800
TSS_1414_storz_regulondb,0.25,3,3,TGAATGTGTGTAACCATAAA,0,69070
TSS_1414_storz_regulondb,0.25,3,3,TGAATCAGACATCTTACGGA,0,74335
TSS_1414_storz_regulondb,0.25,3,3,TGAAGTGCTACAAAGGCGAA,0,37143
TSS_1414_storz_regulondb,0.25,3,3,TGAACGTGAAGCGGTGGGTC,0,44373
TSS_1414_storz_regulondb,0.25,3,3,TGAAAAATTGGCTGTCCTAT,0,38478
TSS_1414_storz_regulondb,0.25,3,3,TCTTTCGTGGTGTCTGTTAA,0,38914
TSS_1414_storz_regulondb,0.25,3,3,TCTTTATGGCTGGCAGTCGG,0,13853
TSS_1414_storz_regulondb,0.25,3,3,TCTTTAATCCTGAAGATGCT,0,16177
TSS_1414_storz_regulondb,0.25,3,3,TCTTGCGTAACCCCATATAT,0,9138
TSS_1414_storz_regulondb,0.25,3,3,TCTTGCGCAATACTGCACGA,0,26369
TSS_1414_storz_regulondb,0.25,3,3,TCTTATATCGGGGTTCAATC,0,24064
TSS_1414_storz_regulondb,0.25,3,3,TCTTAGCGTACGTCTACACT,0,66072
TSS_1414_storz_regulondb,0.25,3,3,TCTTAAGTTACTTGACCAAG,0,36635
TSS_1414_storz_regulondb,0.25,3,3,TCTTAACTCATAGCAACGTC,0,74706
TSS_1414_storz_regulondb,0.25,3,3,TCTGTCTTATTGGCAGATCT,0,69876
TSS_1414_storz_regulondb,0.25,3,3,TCTGTAGAGTCAGGATTTTT,0,31318
TSS_1414_storz_regulondb,0.25,3,3,TCTGGGAGACAACGGATCGT,0,25702
TSS_1414_storz_regulondb,0.25,3,3,TCTGCATGGCCGGTGTATCG,0,15799
TSS_1414_storz_regulondb,0.25,3,3,TCTGATCTAACCGTAGGCCC,0,38662
TSS_1414_storz_regulondb,0.25,3,3,TCTCGCAATTGTAACGACTG,0,63599
TSS_1414_storz_regulondb,0.25,3,3,TCTCCTTTTCGGTTGCCGAC,0,61889
TSS_1414_storz_regulondb,0.25,3,3,TCTCACGTTTGCGTGGCCTT,0,39720
TSS_1414_storz_regulondb,0.25,3,3,TCTATTTCTGCGAAGTACCT,0,33524
TSS_1414_storz_regulondb,0.25,3,3,TCTATTGGAGTCTGGACTAA,0,68485
TSS_1414_storz_regulondb,0.25,3,3,TCTAGGTAATGAACTGGATA,0,40597
TSS_1414_storz_regulondb,0.25,3,3,TCTAGGGACTGCTAGGATTT,0,49766
TSS_1414_storz_regulondb,0.25,3,3,TCTACAGTTTTATTTTTAGC,0,78037
TSS_1414_storz_regulondb,0.25,3,3,TCTAAGGTAGTTCTGGTGAT,0,27440
TSS_1414_storz_regulondb,0.25,3,3,TCTAAATAGGAAGGGGGCAA,0,39566
TSS_1414_storz_regulondb,0.25,3,3,TCTAAAGTAATTCTCTACCA,0,34905
TSS_1414_storz_regulondb,0.25,3,3,TCTAAAAGAACGGTCACATC,0,61991
TSS_1414_storz_regulondb,0.25,3,3,TCGTTTGCCCCCTTGGTGTC,0,1065
TSS_1414_storz_regulondb,0.25,3,3,TCGTTAGGAAGTTAAGGGTG,0,20506
TSS_1414_storz_regulondb,0.25,3,3,TCGTGTCTCCTACTATCAGA,0,68045
TSS_1414_storz_regulondb,0.25,3,3,TCGTGGGAGCGCTAAGAGGA,0,38591
TSS_1414_storz_regulondb,0.25,3,3,TCGTGGAAAACCGGCTCGTT,0,13259
TSS_1414_storz_regulondb,0.25,3,3,TCGTCGTATCTGCGTATGAT,0,32076
TSS_1414_storz_regulondb,0.25,3,3,TCGTCATCGTCAGGATCAAA,0,46162
TSS_1414_storz_regulondb,0.25,3,3,TCGTCACAAGGTGCTCCTAA,0,41523
TSS_1414_storz_regulondb,0.25,3,3,TCGGGGTGACATGAGGAGGT,0,63340
TSS_1414_storz_regulondb,0.25,3,3,TCGGGGACACTGGCCTTAAC,0,68435
TSS_1414_storz_regulondb,0.25,3,3,TCGGGACGCGTGCATCGGAT,0,46094
TSS_1414_storz_regulondb,0.25,3,3,TCGGCTATCACTTGCAAAAT,0,2585
TSS_1414_storz_regulondb,0.25,3,3,TCGGCGACTGTCAAGTCATA,0,35901
TSS_1414_storz_regulondb,0.25,3,3,TCGGCCGGTGACTCATGACA,0,74038
TSS_1414_storz_regulondb,0.25,3,3,TCGGATTCTAGTTTGGGCTT,0,26761
TSS_1414_storz_regulondb,0.25,3,3,TCGGAATCGGCAGAACGACG,0,20297
TSS_1414_storz_regulondb,0.25,3,3,TCGCTCTAGTGCTGCCGTCG,0,69675
TSS_1414_storz_regulondb,0.25,3,3,TCGCGACCTCAGTGCCCAAT,0,25397
TSS_1414_storz_regulondb,0.25,3,3,TCGCCTTTCACAGTGGCCAT,0,14253
TSS_1414_storz_regulondb,0.25,3,3,TCGCCGAGGGCACCTAATCG,0,1662
TSS_1414_storz_regulondb,0.25,3,3,TCGCCCGTACCGGGGCTAAG,0,74796
TSS_1414_storz_regulondb,0.25,3,3,TCGCCAAGGGGGAAGACGAT,0,70154
TSS_1414_storz_regulondb,0.25,3,3,TCGCATGTCTATAATAGCGC,0,13108
TSS_1414_storz_regulondb,0.25,3,3,TCGCAGGGATTGCGGTGTTT,0,73172
TSS_1414_storz_regulondb,0.25,3,3,TCGCAAGTGATCAAGATACT,0,47680
TSS_1414_storz_regulondb,0.25,3,3,TCGATTCCTGTTGGACCAGA,0,41438
TSS_1414_storz_regulondb,0.25,3,3,TCGATTAACGTTTTTACATC,0,59557
TSS_1414_storz_regulondb,0.25,3,3,TCGATGTAGTATGATTTCCA,0,75724
TSS_1414_storz_regulondb,0.25,3,3,TCGAGCCTCTGCACGTCCGC,0,34551
TSS_1414_storz_regulondb,0.25,3,3,TCGAGATCCGCATTCGCTGT,0,23862
TSS_1414_storz_regulondb,0.25,3,3,TCGAGAGACGTACACTGAGA,0,26034
TSS_1414_storz_regulondb,0.25,3,3,TCGACATCCGTCTCGAGCGA,0,16315
TSS_1414_storz_regulondb,0.25,3,3,TCGAATATGCAACCATCAAT,0,17610
TSS_1414_storz_regulondb,0.25,3,3,TCGAACTTCGACTACGGAGT,0,18779
TSS_1414_storz_regulondb,0.25,3,3,TCCTGTCTCAAGCTCAAGAA,0,8978
TSS_1414_storz_regulondb,0.25,3,3,TCCTGGCTAACACGGGCGAC,0,8021
TSS_1414_storz_regulondb,0.25,3,3,TCCTCCTTAGCTCGTTTCGA,0,67866
TSS_1414_storz_regulondb,0.25,3,3,TCCTCCCCTACGGTATTAGA,0,13905
TSS_1414_storz_regulondb,0.25,3,3,TCCTAAGTTAGAAGGGCTGT,0,46941
TSS_1414_storz_regulondb,0.25,3,3,TCCGTTAGTAATGCCCAAGC,0,75105
TSS_1414_storz_regulondb,0.25,3,3,TCCGGTCATTTGGTTACATA,0,36032
TSS_1414_storz_regulondb,0.25,3,3,TCCGGTAGACTCAGAGTCAT,0,14475
TSS_1414_storz_regulondb,0.25,3,3,TCCGATGGGGATGACCCATA,0,59547
TSS_1414_storz_regulondb,0.25,3,3,TCCGATGGATTGAGGATCTT,0,27816
TSS_1414_storz_regulondb,0.25,3,3,TCCCTTGTGTGCAGTTGTAA,0,72753
TSS_1414_storz_regulondb,0.25,3,3,TCCCTGATAAACGGCGGCCG,0,6179
TSS_1414_storz_regulondb,0.25,3,3,TCCCAGCAGTTTATGACGGG,0,50832
TSS_1414_storz_regulondb,0.25,3,3,TCCATTTGAAGGAGGATAGT,0,10072
TSS_1414_storz_regulondb,0.25,3,3,TCCATTATAATTGCCCGCTC,0,57971
TSS_1414_storz_regulondb,0.25,3,3,TCCATGGGATTGGTCCCGCT,0,34490
TSS_1414_storz_regulondb,0.25,3,3,TCCATGCGGTATTCGACTGG,0,44911
TSS_1414_storz_regulondb,0.25,3,3,TCCAGCTACACCTATGCTCG,0,56760
TSS_1414_storz_regulondb,0.25,3,3,TCCACGGAGCACGATCCTAG,0,54551
TSS_1414_storz_regulondb,0.25,3,3,TCCACATTACGTCCATCGAG,0,76847
TSS_1414_storz_regulondb,0.25,3,3,TCCAAGGTGCGAAGACACTT,0,60802
TSS_1414_storz_regulondb,0.25,3,3,TCCAAATATGAATATTCATA,0,2517
TSS_1414_storz_regulondb,0.25,3,3,TCATTGCTTTAAATCCGCCA,0,40391
TSS_1414_storz_regulondb,0.25,3,3,TCATGCCGCTGACCAGAGTC,0,25663
TSS_1414_storz_regulondb,0.25,3,3,TCATCCAGCCTCGTGGCTGA,0,56962
TSS_1414_storz_regulondb,0.25,3,3,TCATAGCCGTCAGGTAATAA,0,45417
TSS_1414_storz_regulondb,0.25,3,3,TCATACGATAAGCCTCAAGC,0,44211
TSS_1414_storz_regulondb,0.25,3,3,TCATAAAACATTGCTTCCCG,0,51275
TSS_1414_storz_regulondb,0.25,3,3,TCAGTTTGCTCTTGCTGTAC,0,18765
TSS_1414_storz_regulondb,0.25,3,3,TCAGTGGCTCTCGTGGACCC,0,78974
TSS_1414_storz_regulondb,0.25,3,3,TCAGTGGCTATGCCAAGGAG,0,13254
TSS_1414_storz_regulondb,0.25,3,3,TCAGTCGGCTTCAGGCTAGC,0,44125
TSS_1414_storz_regulondb,0.25,3,3,TCAGTCCTCAAAGCCCGGTA,0,677
TSS_1414_storz_regulondb,0.25,3,3,TCAGTATTAAAGGGTCAAAA,0,31124
TSS_1414_storz_regulondb,0.25,3,3,TCAGGTGTCACAATAACGCA,0,54891
TSS_1414_storz_regulondb,0.25,3,3,TCAGGTAGAAACTACGGTAT,0,14749
TSS_1414_storz_regulondb,0.25,3,3,TCAGGCTGTACAACCGGTCT,0,5941
TSS_1414_storz_regulondb,0.25,3,3,TCAGGCGTGCTTTCAGAAAT,0,18710
TSS_1414_storz_regulondb,0.25,3,3,TCAGGAATCAAGTAGAACGA,0,45336
TSS_1414_storz_regulondb,0.25,3,3,TCAGCCGCCAGCGCTGAACA,0,70486
TSS_1414_storz_regulondb,0.25,3,3,TCAGCCATGAACCGCGTGAA,0,66138
TSS_1414_storz_regulondb,0.25,3,3,TCAGCATCCCCTCCACCTGA,0,46041
TSS_1414_storz_regulondb,0.25,3,3,TCAGACTAGGGGGTTGGCCA,0,70409
TSS_1414_storz_regulondb,0.25,3,3,TCACGTGTAGCCGGTTATAT,0,3996
TSS_1414_storz_regulondb,0.25,3,3,TCACGGATGGAGACGCGTGA,0,26337
TSS_1414_storz_regulondb,0.25,3,3,TCACCTAATACTGCCGACAT,0,16537
TSS_1414_storz_regulondb,0.25,3,3,TCAATTTTCCATCTGGGTTA,0,78370
TSS_1414_storz_regulondb,0.25,3,3,TCAATTTAATTGTTTGCCAT,0,37497
TSS_1414_storz_regulondb,0.25,3,3,TCAATTAATGCTTGGGAGTA,0,31514
TSS_1414_storz_regulondb,0.25,3,3,TCAATGCTGTTGGAACCGGC,0,62407
TSS_1414_storz_regulondb,0.25,3,3,TCAATCGTAGTCATTGGTTG,0,64025
TSS_1414_storz_regulondb,0.25,3,3,TCAACCCATGTGATCGCGTT,0,74673
TSS_1414_storz_regulondb,0.25,3,3,TCAACACAATTGGGAGCGAC,0,51266
TSS_1414_storz_regulondb,0.25,3,3,TCAAATCATGATTCGCGTGA,0,52132
TSS_1414_storz_regulondb,0.25,3,3,TCAAAATGGTGTTAGACATA,0,54752
TSS_1414_storz_regulondb,0.25,3,3,TATTTGCGCGACTCCGTTCA,0,3021
TSS_1414_storz_regulondb,0.25,3,3,TATTTCCTCAGAGGGGTAGT,0,44128
TSS_1414_storz_regulondb,0.25,3,3,TATTGGGGCCTATGCTCATG,0,47045
TSS_1414_storz_regulondb,0.25,3,3,TATTGGATTATTGTTACGTA,0,78021
TSS_1414_storz_regulondb,0.25,3,3,TATTGAAAGACCGATTGACT,0,13891
TSS_1414_storz_regulondb,0.25,3,3,TATTCTGCTCGGGGAGTGGG,0,42878
TSS_1414_storz_regulondb,0.25,3,3,TATTCACCTCGTGGTTTACG,0,54953
TSS_1414_storz_regulondb,0.25,3,3,TATTATTAGGTCTCCCAGGG,0,61637
TSS_1414_storz_regulondb,0.25,3,3,TATGTAGGAACGCCGTCATC,0,66944
TSS_1414_storz_regulondb,0.25,3,3,TATGGGGTTTCGAGGGAAGA,0,63495
TSS_1414_storz_regulondb,0.25,3,3,TATGCAAACTCGCTTAACGA,0,19762
TSS_1414_storz_regulondb,0.25,3,3,TATGACGAGGATCGGCGGAA,0,18893
TSS_1414_storz_regulondb,0.25,3,3,TATGAAAGTTGTCGTTCCCT,0,2460
TSS_1414_storz_regulondb,0.25,3,3,TATCTGAGGACTGCAGTTTG,0,50147
TSS_1414_storz_regulondb,0.25,3,3,TATCTAGAATGAGACTTACA,0,56419
TSS_1414_storz_regulondb,0.25,3,3,TATCGTGAGCCATGACCAGG,0,17339
TSS_1414_storz_regulondb,0.25,3,3,TATCGCGGGTGGCATAAACC,0,28473
TSS_1414_storz_regulondb,0.25,3,3,TATCGCCTCGTGTACGCCGT,0,264
TSS_1414_storz_regulondb,0.25,3,3,TATCCGTGTTCGGCCGAAGT,0,25449
TSS_1414_storz_regulondb,0.25,3,3,TATCCGACAGCATAAGGCGA,0,61141
TSS_1414_storz_regulondb,0.25,3,3,TATCCCTTAAAGAATTTCAT,0,7200
TSS_1414_storz_regulondb,0.25,3,3,TATATGATCTCGGAAAATTA,0,42589
TSS_1414_storz_regulondb,0.25,3,3,TATATAGTTTCTCCTTATGG,0,57640
TSS_1414_storz_regulondb,0.25,3,3,TATATACTACATTCGCCAGT,0,48525
TSS_1414_storz_regulondb,0.25,3,3,TATAGCGGGGTATTTTGTAA,0,17038
TSS_1414_storz_regulondb,0.25,3,3,TATAGAGCGCCGACAAAAGC,0,71553
TSS_1414_storz_regulondb,0.25,3,3,TATACATGACCAAAGACACG,0,33146
TSS_1414_storz_regulondb,0.25,3,3,TAGTAGCCGGTATCCGAGAT,0,40388
TSS_1414_storz_regulondb,0.25,3,3,TAGGTCTGAGGATGAGGACC,0,79315
TSS_1414_storz_regulondb,0.25,3,3,TAGGTCGAACAGTGTATAGG,0,55886
TSS_1414_storz_regulondb,0.25,3,3,TAGGTACAGACGCTTTGGTT,0,35227
TSS_1414_storz_regulondb,0.25,3,3,TAGGGGCGGTGTAGGCGGCC,0,70265
TSS_1414_storz_regulondb,0.25,3,3,TAGGGCGTATTCTGGGTCTT,0,18035
TSS_1414_storz_regulondb,0.25,3,3,TAGGGAGTAGGATCATGCAT,0,65233
TSS_1414_storz_regulondb,0.25,3,3,TAGGGAAGAAAAATGGATAA,0,7909
TSS_1414_storz_regulondb,0.25,3,3,TAGGCAGCAGAAGGGCGAGC,0,39295
TSS_1414_storz_regulondb,0.25,3,3,TAGGCAATAGCCCATGAGCT,0,32678
TSS_1414_storz_regulondb,0.25,3,3,TAGGAGTTTACCGTCCACAG,0,53944
TSS_1414_storz_regulondb,0.25,3,3,TAGGAGTACTCCAGACGATG,0,66594
TSS_1414_storz_regulondb,0.25,3,3,TAGGACGCGCCTCCGCCGAC,0,56720
TSS_1414_storz_regulondb,0.25,3,3,TAGCGCTGTATATCAATCTT,0,76891
TSS_1414_storz_regulondb,0.25,3,3,TAGCGCGCCTCGTAATTCCA,0,63380
TSS_1414_storz_regulondb,0.25,3,3,TAGCGAGTACCGGTTTTTTA,0,44249
TSS_1414_storz_regulondb,0.25,3,3,TAGCCGACAGTTAACAGATG,0,18976
TSS_1414_storz_regulondb,0.25,3,3,TAGCACTGGGGGCTGAGTTC,0,6488
TSS_1414_storz_regulondb,0.25,3,3,TAGATTTGATCACGTACCTA,0,28746
TSS_1414_storz_regulondb,0.25,3,3,TAGATTTATCTAGAGCCCCC,0,63430
TSS_1414_storz_regulondb,0.25,3,3,TAGATTACCATTAACGGGGA,0,8119
TSS_1414_storz_regulondb,0.25,3,3,TAGAGATCGTTACTGATAGT,0,16360
TSS_1414_storz_regulondb,0.25,3,3,TAGAAGGTTAGCCCCATTAC,0,21591
TSS_1414_storz_regulondb,0.25,3,3,TAGAAACGTGCCCGGGGATT,0,48162
TSS_1414_storz_regulondb,0.25,3,3,TAGAAAAAGAGCGTTAATAG,0,55135
TSS_1414_storz_regulondb,0.25,3,3,TACTTTACGACTGTTCTGTT,0,36954
TSS_1414_storz_regulondb,0.25,3,3,TACTTGGGTCCGCCGTAACA,0,43028
TSS_1414_storz_regulondb,0.25,3,3,TACTGGCGGTGCCGCTTGTT,0,13407
TSS_1414_storz_regulondb,0.25,3,3,TACTCTGGCAGGACGGTGCA,0,12683
TSS_1414_storz_regulondb,0.25,3,3,TACTCTGGATTCGACCCGCA,0,2843
TSS_1414_storz_regulondb,0.25,3,3,TACTCCGGAAATTAAAAATA,0,54817
TSS_1414_storz_regulondb,0.25,3,3,TACTAGCAATTAAGGGACCA,0,60225
TSS_1414_storz_regulondb,0.25,3,3,TACTACCGCTCAGCGCCCTG,0,39249
TSS_1414_storz_regulondb,0.25,3,3,TACTAAGGACTCCGGTTGGA,0,44023
TSS_1414_storz_regulondb,0.25,3,3,TACGTTACGCATCGTGAATA,0,56784
TSS_1414_storz_regulondb,0.25,3,3,TACGCCCACCAGGAAGTCTT,0,29388
TSS_1414_storz_regulondb,0.25,3,3,TACGATCTACCTCGCGGAGC,0,30719
TSS_1414_storz_regulondb,0.25,3,3,TACGAGTCCTTATGTGAAGT,0,1790
TSS_1414_storz_regulondb,0.25,3,3,TACCGTTATGTCGGCTATGT,0,27580
TSS_1414_storz_regulondb,0.25,3,3,TACCGTAGTGCAGCTGGAGC,0,51042
TSS_1414_storz_regulondb,0.25,3,3,TACCGCAGACTCTTATACGT,0,24344
TSS_1414_storz_regulondb,0.25,3,3,TACCGACCGTAAACTCCTAC,0,57437
TSS_1414_storz_regulondb,0.25,3,3,TACCCTATGCTAGAACACAC,0,47043
TSS_1414_storz_regulondb,0.25,3,3,TACCCGTTTACTCTATGGTT,0,5035
TSS_1414_storz_regulondb,0.25,3,3,TACCCGTCGCGGGAGAGATG,0,5605
TSS_1414_storz_regulondb,0.25,3,3,TACCATGACTCGTGAAAAGT,0,40799
TSS_1414_storz_regulondb,0.25,3,3,TACCAGTTGGAGCTCCAGTT,0,72376
TSS_1414_storz_regulondb,0.25,3,3,TACCAGGCTGGGTCCAATCT,0,35487
TSS_1414_storz_regulondb,0.25,3,3,TACATCTGCAAGATATAGAA,0,9226
TSS_1414_storz_regulondb,0.25,3,3,TACAGTCCTGGGGTTTGCGG,0,74515
TSS_1414_storz_regulondb,0.25,3,3,TACAGAGCGAAGAAAGGTAT,0,77565
TSS_1414_storz_regulondb,0.25,3,3,TACAGACCCACATTTGCAGT,0,41073
TSS_1414_storz_regulondb,0.25,3,3,TACACTCACTGTCCAAGCTA,0,46553
TSS_1414_storz_regulondb,0.25,3,3,TACAAGTTGACAAGGGCAGC,0,50510
TSS_1414_storz_regulondb,0.25,3,3,TAATGCACTGTCGGCGAACA,0,76319
TSS_1414_storz_regulondb,0.25,3,3,TAATGAAAGCTCGTGTGTGC,0,68158
TSS_1414_storz_regulondb,0.25,3,3,TAATCTACGGGGCGGAGTTG,0,2400
TSS_1414_storz_regulondb,0.25,3,3,TAATCCAGCCTAGCTCGTTG,0,19860
TSS_1414_storz_regulondb,0.25,3,3,TAATCACAGTGCCGTTGCGT,0,21027
TSS_1414_storz_regulondb,0.25,3,3,TAAGTCGCACTGATTGCTGA,0,80879
TSS_1414_storz_regulondb,0.25,3,3,TAAGGTTCCTGGGCGGCCGC,0,70278
TSS_1414_storz_regulondb,0.25,3,3,TAAGGCCTTTAACGTTTCAT,0,34757
TSS_1414_storz_regulondb,0.25,3,3,TAAGCTGGCCTGACGGAGTT,0,9287
TSS_1414_storz_regulondb,0.25,3,3,TAAGAGGCCAACTCATTTGA,0,5798
TSS_1414_storz_regulondb,0.25,3,3,TAACGTGGCCGGGCGAGTTT,0,9783
TSS_1414_storz_regulondb,0.25,3,3,TAACGGCCCAATAGTGTTCA,0,72174
TSS_1414_storz_regulondb,0.25,3,3,TAACGCCCCAGTAGGAGCAT,0,56282
TSS_1414_storz_regulondb,0.25,3,3,TAACGATCTAGCATCTCCTC,0,33537
TSS_1414_storz_regulondb,0.25,3,3,TAACGAGGGCCCGGGCCTTA,0,48216
TSS_1414_storz_regulondb,0.25,3,3,TAACCTGAGTTAGGGCGGAG,0,29222
TSS_1414_storz_regulondb,0.25,3,3,TAACCTATTCGACGTCATAA,0,21083
TSS_1414_storz_regulondb,0.25,3,3,TAAACGAAGAACAGATACAG,0,31669
TSS_1414_storz_regulondb,0.25,3,3,TAAACCGCGTCGCGTGGAAA,0,61070
TSS_1414_storz_regulondb,0.25,3,3,TAAACAAAACTACCAACCGG,0,37995
TSS_1414_storz_regulondb,0.25,3,3,TAAAACATATGTCGAAAGTC,0,37764
TSS_1414_storz_regulondb,0.25,3,3,GTTTTGTTCAATAGCCGTAC,0,70535
TSS_1414_storz_regulondb,0.25,3,3,GTTTTGCACCACGAGAGACT,0,65094
TSS_1414_storz_regulondb,0.25,3,3,GTTTTCACACATGCGTATTA,0,49196
TSS_1414_storz_regulondb,0.25,3,3,GTTTTACAGTTTAGAATCAT,0,17335
TSS_1414_storz_regulondb,0.25,3,3,GTTTTAAACCTCCTTGTTTT,0,17072
TSS_1414_storz_regulondb,0.25,3,3,GTTTGGGTCTTGAACCTTTA,0,56571
TSS_1414_storz_regulondb,0.25,3,3,GTTTGCTCGGGCATGTACGC,0,38148
TSS_1414_storz_regulondb,0.25,3,3,GTTTGCGCAGTCGTGGTAGT,0,41352
TSS_1414_storz_regulondb,0.25,3,3,GTTTCCAGAATCTTTGATTG,0,41359
TSS_1414_storz_regulondb,0.25,3,3,GTTTCATGTGAGAGGCCGCG,0,67329
TSS_1414_storz_regulondb,0.25,3,3,GTTTCACACCGCATTTCGGG,0,37377
TSS_1414_storz_regulondb,0.25,3,3,GTTGGGATCTCTCAATGACT,0,42087
TSS_1414_storz_regulondb,0.25,3,3,GTTGGAAGATCATCCATGGG,0,59920
TSS_1414_storz_regulondb,0.25,3,3,GTTGCTCTATGGGGCGACTC,0,36123
TSS_1414_storz_regulondb,0.25,3,3,GTTGCCGCAAGGAGGCGATA,0,7543
TSS_1414_storz_regulondb,0.25,3,3,GTTCTTTCTCTCGATAGAGT,0,40858
TSS_1414_storz_regulondb,0.25,3,3,GTTCTCGCGGCCGGGAAGCT,0,49028
TSS_1414_storz_regulondb,0.25,3,3,GTTCTCCTTCCCTACCCGGA,0,71589
TSS_1414_storz_regulondb,0.25,3,3,GTTCCCCCTGGTATCATTTA,0,52820
TSS_1414_storz_regulondb,0.25,3,3,GTTCACAGGGTCGTTTCATT,0,18906
TSS_1414_storz_regulondb,0.25,3,3,GTTATTGAGACTACAGGGTG,0,60351
TSS_1414_storz_regulondb,0.25,3,3,GTTATTATCGCCTGCGCCGT,0,30869
TSS_1414_storz_regulondb,0.25,3,3,GTTATATTGGCAGTACATGT,0,11805
TSS_1414_storz_regulondb,0.25,3,3,GTTAGGGCAACTAAGGCAGG,0,71832
TSS_1414_storz_regulondb,0.25,3,3,GTTAGCTCGTTCGTCGTCTT,0,56432
TSS_1414_storz_regulondb,0.25,3,3,GTTAGACCCCGAAGTGGTAC,0,6961
TSS_1414_storz_regulondb,0.25,3,3,GTTACTCAGAGCTATTGTGT,0,43860
TSS_1414_storz_regulondb,0.25,3,3,GTTACTAACAGTCAATCGGA,0,25624
TSS_1414_storz_regulondb,0.25,3,3,GTTAACGCAAGCGGGATGGC,0,62848
TSS_1414_storz_regulondb,0.25,3,3,GTGTTCTCTGAGCGGGGGGA,0,9164
TSS_1414_storz_regulondb,0.25,3,3,GTGTTCGCAGCCTGAGGGCA,0,24124
TSS_1414_storz_regulondb,0.25,3,3,GTGTTATTGGAAGAGGTCTA,0,27820
TSS_1414_storz_regulondb,0.25,3,3,GTGTTACTGGTAGGAAATAT,0,35694
TSS_1414_storz_regulondb,0.25,3,3,GTGTTAATCCCTAAAGATAA,0,18827
TSS_1414_storz_regulondb,0.25,3,3,GTGTGCAGCAGTTTAGGGGA,0,49924
TSS_1414_storz_regulondb,0.25,3,3,GTGTCTCTCTGCGCTTAGCA,0,30445
TSS_1414_storz_regulondb,0.25,3,3,GTGTCCAACTTCGTTTAGAG,0,65672
TSS_1414_storz_regulondb,0.25,3,3,GTGGTTAAGGGCTAGTTATT,0,77108
TSS_1414_storz_regulondb,0.25,3,3,GTGGTCTTCCTTCCCGCAGG,0,25785
TSS_1414_storz_regulondb,0.25,3,3,GTGGTCCGGTATATAATCTG,0,65239
TSS_1414_storz_regulondb,0.25,3,3,GTGGGTTGTTACCGACAAAC,0,18659
TSS_1414_storz_regulondb,0.25,3,3,GTGGGGGATTAGTGCAAAAC,0,20211
TSS_1414_storz_regulondb,0.25,3,3,GTGGGAGTTGGAGTTTTGTT,0,71761
TSS_1414_storz_regulondb,0.25,3,3,GTGGGAAGTCACTGAACTTC,0,2282
TSS_1414_storz_regulondb,0.25,3,3,GTGCTGTCGAGTGACGGAAT,0,76093
TSS_1414_storz_regulondb,0.25,3,3,GTGCGAGTCTCTTCCGAGGG,0,77742
TSS_1414_storz_regulondb,0.25,3,3,GTGCAACGTCCACAACGTTG,0,64361
TSS_1414_storz_regulondb,0.25,3,3,GTGATCCGGCACGAGTACAG,0,32772
TSS_1414_storz_regulondb,0.25,3,3,GTGATCATTCCCCCCGATGG,0,54009
TSS_1414_storz_regulondb,0.25,3,3,GTGAGCTGCAAACGACGAGG,0,16655
TSS_1414_storz_regulondb,0.25,3,3,GTCTTCATGATTTTCTAAGT,0,74143
TSS_1414_storz_regulondb,0.25,3,3,GTCTTAACGTCGGCAACGCT,0,34137
TSS_1414_storz_regulondb,0.25,3,3,GTCTGTGAGTATTTCTCTAA,0,76457
TSS_1414_storz_regulondb,0.25,3,3,GTCTGAGTGTACAGCTTACT,0,2308
TSS_1414_storz_regulondb,0.25,3,3,GTCTCTCACGGCAAGGTTGT,0,79733
TSS_1414_storz_regulondb,0.25,3,3,GTCTCGTGTACAGATTGAAT,0,3867
TSS_1414_storz_regulondb,0.25,3,3,GTCTCCGTCTACATCCTGTT,0,9511
TSS_1414_storz_regulondb,0.25,3,3,GTCTCCCTGCCGCAGAAGCA,0,48725
TSS_1414_storz_regulondb,0.25,3,3,GTCTCAGCCGCATACAGCTC,0,9876
TSS_1414_storz_regulondb,0.25,3,3,GTCTAAGGTAGATCTTTGTT,0,26271
TSS_1414_storz_regulondb,0.25,3,3,GTCGTAATACGCATAGCTTT,0,62535
TSS_1414_storz_regulondb,0.25,3,3,GTCGGGTCGGGAAAACAGGG,0,26096
TSS_1414_storz_regulondb,0.25,3,3,GTCGGGGTTAGCAGGAAGGA,0,47904
TSS_1414_storz_regulondb,0.25,3,3,GTCGGATTCGATCCTCTCAT,0,12528
TSS_1414_storz_regulondb,0.25,3,3,GTCGGATTACGTTTGCTTAC,0,76455
TSS_1414_storz_regulondb,0.25,3,3,GTCGGAGGTCTATCTAGTGC,0,78444
TSS_1414_storz_regulondb,0.25,3,3,GTCGCAGGTGACGCTCATGG,0,67724
TSS_1414_storz_regulondb,0.25,3,3,GTCGAGTCTGGACTATGGCT,0,72593
TSS_1414_storz_regulondb,0.25,3,3,GTCGAGCCGACGAGGGTGGG,0,22659
TSS_1414_storz_regulondb,0.25,3,3,GTCGAGAGGTGTGGATTGTT,0,57294
TSS_1414_storz_regulondb,0.25,3,3,GTCCTCTATCGTGGCAAGTA,0,46511
TSS_1414_storz_regulondb,0.25,3,3,GTCCTCGTATGTTCATGGCT,0,30231
TSS_1414_storz_regulondb,0.25,3,3,GTCCTATGACGATATCAATT,0,15668
TSS_1414_storz_regulondb,0.25,3,3,GTCCGTCCATGAATATGTGA,0,19871
TSS_1414_storz_regulondb,0.25,3,3,GTCCGGTGCTTGCAATGCCT,0,21626
TSS_1414_storz_regulondb,0.25,3,3,GTCCGGGCCTCCTATAGCAT,0,49899
TSS_1414_storz_regulondb,0.25,3,3,GTCCGGACTAATACTAGGCA,0,71658
TSS_1414_storz_regulondb,0.25,3,3,GTCCGGAACCAAGATGAGGC,0,16536
TSS_1414_storz_regulondb,0.25,3,3,GTCCGCCAGGCACACTCATG,0,21376
TSS_1414_storz_regulondb,0.25,3,3,GTCCCGAGTCCGGGATGAAT,0,23209
TSS_1414_storz_regulondb,0.25,3,3,GTCCCATGCTAAGTGATCTG,0,391
TSS_1414_storz_regulondb,0.25,3,3,GTCCATACATGGTGTCGGTA,0,21418
TSS_1414_storz_regulondb,0.25,3,3,GTCCAATAAATGGTGCCTAT,0,67096
TSS_1414_storz_regulondb,0.25,3,3,GTCATCTAAACCCCCTTACA,0,32597
TSS_1414_storz_regulondb,0.25,3,3,GTCATAGTATAACATTAAAC,0,77243
TSS_1414_storz_regulondb,0.25,3,3,GTCAGCTTGGGGGGCGAATT,0,46940
TSS_1414_storz_regulondb,0.25,3,3,GTCACTCCTAGGTAACATCC,0,23865
TSS_1414_storz_regulondb,0.25,3,3,GTCACGAGCAGTTTGCCAGT,0,14230
TSS_1414_storz_regulondb,0.25,3,3,GTCACCGCCATTAAGCAATC,0,17645
TSS_1414_storz_regulondb,0.25,3,3,GTCACCCAGTCTATTGAGTG,0,40445
TSS_1414_storz_regulondb,0.25,3,3,GTCACAATACGGCTTAGCAC,0,28054
TSS_1414_storz_regulondb,0.25,3,3,GTCAATGTGATGCCATAGAG,0,10412
TSS_1414_storz_regulondb,0.25,3,3,GTCAATGGACTACCAGGGCG,0,73411
TSS_1414_storz_regulondb,0.25,3,3,GTCAATGACCATACAGTCAA,0,11406
TSS_1414_storz_regulondb,0.25,3,3,GTCAAATCCCCGTAGCAGAA,0,13169
TSS_1414_storz_regulondb,0.25,3,3,GTATTGTTCGAAGCCTCAGA,0,31466
TSS_1414_storz_regulondb,0.25,3,3,GTATGGCAGCACCACTGCTC,0,28926
TSS_1414_storz_regulondb,0.25,3,3,GTATGATGCGAGCTACGGCG,0,11303
TSS_1414_storz_regulondb,0.25,3,3,GTATCAGTTATGAACTGTAC,0,73058
TSS_1414_storz_regulondb,0.25,3,3,GTATCAACGCGAATGTCAGT,0,55949
TSS_1414_storz_regulondb,0.25,3,3,GTATATCTCAACTGAAGCTC,0,22982
TSS_1414_storz_regulondb,0.25,3,3,GTATACTAAGGTACCAACTG,0,66764
TSS_1414_storz_regulondb,0.25,3,3,GTATAAGCAGGCTAGGTGTG,0,15975
TSS_1414_storz_regulondb,0.25,3,3,GTAGTTTCGGTGCGAGTCAG,0,26736
TSS_1414_storz_regulondb,0.25,3,3,GTAGTTAAAGTGGCAGCAGT,0,34437
TSS_1414_storz_regulondb,0.25,3,3,GTAGGAAAGTACGTACAGCA,0,71820
TSS_1414_storz_regulondb,0.25,3,3,GTAGATAGCAGAGATATAGG,0,20467
TSS_1414_storz_regulondb,0.25,3,3,GTACTTAACCCACGCTCATG,0,66525
TSS_1414_storz_regulondb,0.25,3,3,GTACTCGACACACGGACGAT,0,58143
TSS_1414_storz_regulondb,0.25,3,3,GTACTCCAAGGTCGGTCGGG,0,63968
TSS_1414_storz_regulondb,0.25,3,3,GTACTCACATATGCACGGAT,0,20966
TSS_1414_storz_regulondb,0.25,3,3,GTACCGCCGCGCTGGTGTAT,0,29680
TSS_1414_storz_regulondb,0.25,3,3,GTACCAGTAATTTTGGACGA,0,47147
TSS_1414_storz_regulondb,0.25,3,3,GTACACAGGAATCGGCGAGC,0,12663
TSS_1414_storz_regulondb,0.25,3,3,GTACAAGTCACACATAATTA,0,41691
TSS_1414_storz_regulondb,0.25,3,3,GTAAGTTGGGTGCGCGGTTG,0,56252
TSS_1414_storz_regulondb,0.25,3,3,GTAAGGGAGTACGTAGGCTG,0,58811
TSS_1414_storz_regulondb,0.25,3,3,GTAACTAGATCGCATTGTAA,0,24261
TSS_1414_storz_regulondb,0.25,3,3,GTAAACGTGATGGAGTGTAC,0,47975
TSS_1414_storz_regulondb,0.25,3,3,GGTTTTTTTCAGGCTTCCTA,0,2254
TSS_1414_storz_regulondb,0.25,3,3,GGTTTGCGGTGATTTCGTCA,0,22669
TSS_1414_storz_regulondb,0.25,3,3,GGTTTCGTTTTACAATCTAA,0,30767
TSS_1414_storz_regulondb,0.25,3,3,GGTTGGGCGCACCTGGAGCA,0,930
TSS_1414_storz_regulondb,0.25,3,3,GGTTATGAACAACTCAATTT,0,26385
TSS_1414_storz_regulondb,0.25,3,3,GGTTAGAGTGCCACCGCTGG,0,68645
TSS_1414_storz_regulondb,0.25,3,3,GGTTACGTATCATAATACTA,0,36355
TSS_1414_storz_regulondb,0.25,3,3,GGTTAAGGCATTTTTTTTTA,0,14490
TSS_1414_storz_regulondb,0.25,3,3,GGTGTGACGTCATAAACGGG,0,52705
TSS_1414_storz_regulondb,0.25,3,3,GGTGTCCGAACGAAGTTCCA,0,72123
TSS_1414_storz_regulondb,0.25,3,3,GGTGGTATGCATGGGGGCAG,0,34475
TSS_1414_storz_regulondb,0.25,3,3,GGTGGTAGCACGTCACGAAA,0,16697
TSS_1414_storz_regulondb,0.25,3,3,GGTGGGTCGTGGATATAGTC,0,49612
TSS_1414_storz_regulondb,0.25,3,3,GGTGGACCCGGCCGTCTCTC,0,62641
TSS_1414_storz_regulondb,0.25,3,3,GGTGCATTATGCATCATAGT,0,23355
TSS_1414_storz_regulondb,0.25,3,3,GGTGCACGATCCGTCGTCTT,0,45520
TSS_1414_storz_regulondb,0.25,3,3,GGTGATCTGCGTATACATGA,0,16815
TSS_1414_storz_regulondb,0.25,3,3,GGTGAGGCCTAGAGGTTACG,0,25100
TSS_1414_storz_regulondb,0.25,3,3,GGTGAGCCGAACATGGACTC,0,46857
TSS_1414_storz_regulondb,0.25,3,3,GGTCTGGTGACTTATACGGT,0,11816
TSS_1414_storz_regulondb,0.25,3,3,GGTCTGAAGCCTGACCACCG,0,64732
TSS_1414_storz_regulondb,0.25,3,3,GGTCGAAGCTGTGCGGGCGA,0,5193
TSS_1414_storz_regulondb,0.25,3,3,GGTCCACAATCCCTTGGATG,0,30022
TSS_1414_storz_regulondb,0.25,3,3,GGTCCAATTGACGTTCTCCA,0,25229
TSS_1414_storz_regulondb,0.25,3,3,GGTCACCCCACCATAAACGT,0,62965
TSS_1414_storz_regulondb,0.25,3,3,GGTATAGTAGCTGGGGGATC,0,66130
TSS_1414_storz_regulondb,0.25,3,3,GGTAGTGGTGGGCGAATAAT,0,20366
TSS_1414_storz_regulondb,0.25,3,3,GGTAGTGGGCACCTCGGGTC,0,74262
TSS_1414_storz_regulondb,0.25,3,3,GGTAGTATGAAGTTCAGTTC,0,55958
TSS_1414_storz_regulondb,0.25,3,3,GGTAGCCGGGTGAATCTCCT,0,46549
TSS_1414_storz_regulondb,0.25,3,3,GGTAATTGCGAATTACATAC,0,43136
TSS_1414_storz_regulondb,0.25,3,3,GGTAAGTGCCCAGAATGACC,0,80087
TSS_1414_storz_regulondb,0.25,3,3,GGTAAGCAGAAGAGGTAATA,0,8455
TSS_1414_storz_regulondb,0.25,3,3,GGGTTGACTCTTATGGGTTA,0,18255
TSS_1414_storz_regulondb,0.25,3,3,GGGTTCTTTCGGATGCAAAC,0,3499
TSS_1414_storz_regulondb,0.25,3,3,GGGTTCAAAACAGGGCCGAG,0,45033
TSS_1414_storz_regulondb,0.25,3,3,GGGTGTTTGCAGCGGTAAGT,0,10094
TSS_1414_storz_regulondb,0.25,3,3,GGGTGGGCCTGCTATTACGC,0,37816
TSS_1414_storz_regulondb,0.25,3,3,GGGTGCCGCTACTATGCAAC,0,74290
TSS_1414_storz_regulondb,0.25,3,3,GGGTGATTTTGCATGGCTAA,0,71340
TSS_1414_storz_regulondb,0.25,3,3,GGGTGAGTCATTGAGTTCTT,0,43780
TSS_1414_storz_regulondb,0.25,3,3,GGGTAGCTAAGGTTCTCTAC,0,42359
TSS_1414_storz_regulondb,0.25,3,3,GGGTAACTAGCCTTGCGTGT,0,41902
TSS_1414_storz_regulondb,0.25,3,3,GGGTAAACCAGACCCGGGCT,0,63942
TSS_1414_storz_regulondb,0.25,3,3,GGGGGGATTCTATATGCACA,0,80967
TSS_1414_storz_regulondb,0.25,3,3,GGGGGCACGGACGAGAGACT,0,78864
TSS_1414_storz_regulondb,0.25,3,3,GGGGGACCCCATGCTCGGAT,0,48849
TSS_1414_storz_regulondb,0.25,3,3,GGGGCTTTGAGTTGGGATCA,0,41297
TSS_1414_storz_regulondb,0.25,3,3,GGGGCGACCCTCGCTTAAAA,0,43765
TSS_1414_storz_regulondb,0.25,3,3,GGGGCATATCGCGCCGGTCA,0,69759
TSS_1414_storz_regulondb,0.25,3,3,GGGGATCTACTTTGGAGGGA,0,41132
TSS_1414_storz_regulondb,0.25,3,3,GGGGAAGCACCGCAAGGTGA,0,62118
TSS_1414_storz_regulondb,0.25,3,3,GGGCTTGCGTTTGCTTGCAT,0,37817
TSS_1414_storz_regulondb,0.25,3,3,GGGCTTCCATCATTCTGCGA,0,38760
TSS_1414_storz_regulondb,0.25,3,3,GGGCTGTCCTTTTTGACAAA,0,12122
TSS_1414_storz_regulondb,0.25,3,3,GGGCTCGCAGCTAAGTCGTT,0,37540
TSS_1414_storz_regulondb,0.25,3,3,GGGCTAGATCCAGCTCATAG,0,55015
TSS_1414_storz_regulondb,0.25,3,3,GGGCGTCCGACAGACAAGCA,0,65673
TSS_1414_storz_regulondb,0.25,3,3,GGGCCTCCACTTAGGTGGTC,0,52049
TSS_1414_storz_regulondb,0.25,3,3,GGGCCGGTCTTGGATTATAT,0,73625
TSS_1414_storz_regulondb,0.25,3,3,GGGCAGGGATATAGCTGGAT,0,62811
TSS_1414_storz_regulondb,0.25,3,3,GGGCACAACTCTAGTTAATG,0,29114
TSS_1414_storz_regulondb,0.25,3,3,GGGATTGACATACATCGTTC,0,50119
TSS_1414_storz_regulondb,0.25,3,3,GGGATGGCGACAAGTTCCAA,0,10198
TSS_1414_storz_regulondb,0.25,3,3,GGGAGCGTACCCCCCCGACG,0,23362
TSS_1414_storz_regulondb,0.25,3,3,GGGACTTTTGGGAGGTGCCA,0,80602
TSS_1414_storz_regulondb,0.25,3,3,GGGACTCGGGGGCGCTGCCG,0,59552
TSS_1414_storz_regulondb,0.25,3,3,GGGACTCGGAATTGTATACA,0,26499
TSS_1414_storz_regulondb,0.25,3,3,GGGACACCTAATATGTGGTT,0,19296
TSS_1414_storz_regulondb,0.25,3,3,GGGACAAGCGGAGGTGGCAG,0,33516
TSS_1414_storz_regulondb,0.25,3,3,GGGAATAGCTGATTGTCGAT,0,53877
TSS_1414_storz_regulondb,0.25,3,3,GGGAAGAGTGACTCCGTATA,0,13550
TSS_1414_storz_regulondb,0.25,3,3,GGGAAAGGGTCATCGGCTAT,0,48852
TSS_1414_storz_regulondb,0.25,3,3,GGGAAAGAGGGTTATATTGA,0,30454
TSS_1414_storz_regulondb,0.25,3,3,GGCTTTGGCATTAAGTGATC,0,4772
TSS_1414_storz_regulondb,0.25,3,3,GGCTTTGATCAACTCCGCGA,0,33879
TSS_1414_storz_regulondb,0.25,3,3,GGCTTTATGAGTATCCATAT,0,10395
TSS_1414_storz_regulondb,0.25,3,3,GGCTTGGGTCTGTCTCGCAA,0,7292
TSS_1414_storz_regulondb,0.25,3,3,GGCTTCAATCTGTCCCTTCT,0,64820
TSS_1414_storz_regulondb,0.25,3,3,GGCTGTTCTGGAATAAAACG,0,1846
TSS_1414_storz_regulondb,0.25,3,3,GGCTGGCGCATCGCTGCAAC,0,21715
TSS_1414_storz_regulondb,0.25,3,3,GGCTGACACCTACATATATT,0,8222
TSS_1414_storz_regulondb,0.25,3,3,GGCTCTGATCCATCTGTGTC,0,15594
TSS_1414_storz_regulondb,0.25,3,3,GGCTCGGCAGGTCACCTGGA,0,76336
TSS_1414_storz_regulondb,0.25,3,3,GGCTATAACGGATAGAAACA,0,34759
TSS_1414_storz_regulondb,0.25,3,3,GGCTAGGCGATGACTATCAC,0,27227
TSS_1414_storz_regulondb,0.25,3,3,GGCTACAACAGCGGGTTGAG,0,525
TSS_1414_storz_regulondb,0.25,3,3,GGCTAAGGTTACCGTAGGTA,0,23078
TSS_1414_storz_regulondb,0.25,3,3,GGCGTGACGCTGCCACTAAA,0,74526
TSS_1414_storz_regulondb,0.25,3,3,GGCGGGCGGTCCGCTCCATG,0,47101
TSS_1414_storz_regulondb,0.25,3,3,GGCGGCGCGAAGAGTGGCTG,0,53426
TSS_1414_storz_regulondb,0.25,3,3,GGCGGACATGTTTGTCTAGT,0,6978
TSS_1414_storz_regulondb,0.25,3,3,GGCGCTCGTAACAGACAAGT,0,34668
TSS_1414_storz_regulondb,0.25,3,3,GGCGCCAACTAATGGTTAGC,0,23125
TSS_1414_storz_regulondb,0.25,3,3,GGCGCAAGAACCTCAAGGTT,0,31298
TSS_1414_storz_regulondb,0.25,3,3,GGCGATACTAATCGCGAGAA,0,9789
TSS_1414_storz_regulondb,0.25,3,3,GGCGAGCGCGTGATTAAATG,0,826
TSS_1414_storz_regulondb,0.25,3,3,GGCGACTGGCATGCCCGCGA,0,69537
TSS_1414_storz_regulondb,0.25,3,3,GGCGACGCCCCGTCCCTCAT,0,50159
TSS_1414_storz_regulondb,0.25,3,3,GGCCTGCTGGGGATAAAGGA,0,49200
TSS_1414_storz_regulondb,0.25,3,3,GGCCGTGTCGCAGGAGCGCC,0,47120
TSS_1414_storz_regulondb,0.25,3,3,GGCCCTCCCAACTCCGATCG,0,69214
TSS_1414_storz_regulondb,0.25,3,3,GGCCCCCCGTGGCGTTTGAC,0,29727
TSS_1414_storz_regulondb,0.25,3,3,GGCCAATCCCAATTCATTCT,0,50912
TSS_1414_storz_regulondb,0.25,3,3,GGCATTCCGAGGGATATGAC,0,26939
TSS_1414_storz_regulondb,0.25,3,3,GGCATACCACCTATATCAGT,0,64910
TSS_1414_storz_regulondb,0.25,3,3,GGCAGTGTTCAGTCAAAATG,0,49370
TSS_1414_storz_regulondb,0.25,3,3,GGCAGCACGGGCTAGCACAC,0,17040
TSS_1414_storz_regulondb,0.25,3,3,GGCACTCTGACAACGAAATC,0,48055
TSS_1414_storz_regulondb,0.25,3,3,GGCACCTGCAGCTAGGAACA,0,35654
TSS_1414_storz_regulondb,0.25,3,3,GGCACCGAGGTAGGCTTAGC,0,49450
TSS_1414_storz_regulondb,0.25,3,3,GGCACAGGTATGCCAGGTTA,0,49220
TSS_1414_storz_regulondb,0.25,3,3,GGATTGGCTAGACACTCCTG,0,43441
TSS_1414_storz_regulondb,0.25,3,3,GGATTGAGGTGTGCTCCTAG,0,80285
TSS_1414_storz_regulondb,0.25,3,3,GGATTCCGACTGCAAGCGTC,0,72009
TSS_1414_storz_regulondb,0.25,3,3,GGATCAGATTTGCCTTCGCG,0,19617
TSS_1414_storz_regulondb,0.25,3,3,GGATAGAACCGAAACGTAGC,0,62896
TSS_1414_storz_regulondb,0.25,3,3,GGATACTAAAAGGTAGATGA,0,62634
TSS_1414_storz_regulondb,0.25,3,3,GGATACCCCAAACAACTTTA,0,34682
TSS_1414_storz_regulondb,0.25,3,3,GGAGTTGCCTGATTTCCTTT,0,38581
TSS_1414_storz_regulondb,0.25,3,3,GGAGTGGCCGGACGCTCTTT,0,19869
TSS_1414_storz_regulondb,0.25,3,3,GGAGGGATTAGCGATGGAAT,0,3600
TSS_1414_storz_regulondb,0.25,3,3,GGAGGACTCACCCCATAACG,0,49837
TSS_1414_storz_regulondb,0.25,3,3,GGAGCGAGTGGACCCCGAAC,0,37254
TSS_1414_storz_regulondb,0.25,3,3,GGAGATTTGTCTAAGAAGGT,0,67097
TSS_1414_storz_regulondb,0.25,3,3,GGAGATCTTGGTGAAGCAAG,0,55027
TSS_1414_storz_regulondb,0.25,3,3,GGAGAGTAAGTAGTTCAGCC,0,60526
TSS_1414_storz_regulondb,0.25,3,3,GGAGAAGTATGTGCGGGTAC,0,16230
TSS_1414_storz_regulondb,0.25,3,3,GGAGAAGCCCTCTCACTCGT,0,76505
TSS_1414_storz_regulondb,0.25,3,3,GGACTTCTAGTTCGACCATA,0,29013
TSS_1414_storz_regulondb,0.25,3,3,GGACTGCTGACCGAACGTTT,0,15936
TSS_1414_storz_regulondb,0.25,3,3,GGACGGTGCGTGTATAGTAT,0,20842
TSS_1414_storz_regulondb,0.25,3,3,GGACGCAAATCGATCGTTCC,0,23561
TSS_1414_storz_regulondb,0.25,3,3,GGACACTTATCGGGAGTACT,0,40489
TSS_1414_storz_regulondb,0.25,3,3,GGACACGCTCTTTGCAATGA,0,71791
TSS_1414_storz_regulondb,0.25,3,3,GGACACGAGAAAAGTAAAAA,0,64633
TSS_1414_storz_regulondb,0.25,3,3,GGACAAGCCGCGTACGGCAA,0,46449
TSS_1414_storz_regulondb,0.25,3,3,GGAATTCCGTCAATCGAATA,0,45299
TSS_1414_storz_regulondb,0.25,3,3,GGAATGGTCTCACGTTAAGA,0,14143
TSS_1414_storz_regulondb,0.25,3,3,GGAATAATAGGAAACGCCAG,0,78837
TSS_1414_storz_regulondb,0.25,3,3,GGAACATTACTCACGAGCTA,0,67022
TSS_1414_storz_regulondb,0.25,3,3,GGAAATAACCATAACCAGAC,0,60151
TSS_1414_storz_regulondb,0.25,3,3,GGAAACTGGGGCACCTGATA,0,19034
TSS_1414_storz_regulondb,0.25,3,3,GCTTTTTAATTCTATGGATA,0,23018
TSS_1414_storz_regulondb,0.25,3,3,GCTTTTAATCGTTTGAGGCC,0,53076
TSS_1414_storz_regulondb,0.25,3,3,GCTTGCGATGGTATGATGAT,0,18172
TSS_1414_storz_regulondb,0.25,3,3,GCTTGAGATTATCTATATTT,0,54705
TSS_1414_storz_regulondb,0.25,3,3,GCTTCCAGCGTCATCTCAAG,0,56221
TSS_1414_storz_regulondb,0.25,3,3,GCTTACCCGAGAATGTTCTG,0,3002
TSS_1414_storz_regulondb,0.25,3,3,GCTTAAAGACCTTGTGGAAC,0,39057
TSS_1414_storz_regulondb,0.25,3,3,GCTGGCGCCCTCAGGTATGT,0,5338
TSS_1414_storz_regulondb,0.25,3,3,GCTGCATTAACACGTGAATT,0,65995
TSS_1414_storz_regulondb,0.25,3,3,GCTGAGCAATGTCAGAGGAA,0,68041
TSS_1414_storz_regulondb,0.25,3,3,GCTCTGTCGCTCTCGCACGG,0,70635
TSS_1414_storz_regulondb,0.25,3,3,GCTCTAGCCGCACTTAGTCT,0,22436
TSS_1414_storz_regulondb,0.25,3,3,GCTCCGGTTTTACATTGGAG,0,72286
TSS_1414_storz_regulondb,0.25,3,3,GCTCCAGTCCCTGCGAAGAA,0,36812
TSS_1414_storz_regulondb,0.25,3,3,GCTATTCGTGGCGCGCGTCC,0,73012
TSS_1414_storz_regulondb,0.25,3,3,GCTATGGCGCTTTGGTCCCG,0,4747
TSS_1414_storz_regulondb,0.25,3,3,GCTATAGCCTATCAGCGGTT,0,51530
TSS_1414_storz_regulondb,0.25,3,3,GCTAGGTTGACGGGTGCAGT,0,69945
TSS_1414_storz_regulondb,0.25,3,3,GCTAGACGGTCGCTCGCACG,0,48033
TSS_1414_storz_regulondb,0.25,3,3,GCTACCGTGAGCGATTTTGA,0,37528
TSS_1414_storz_regulondb,0.25,3,3,GCTAAGCATAGCGCTTTTAC,0,64229
TSS_1414_storz_regulondb,0.25,3,3,GCGTTTAGGTATGTGTCACG,0,37735
TSS_1414_storz_regulondb,0.25,3,3,GCGTTCGCGGGCCGGCAGAC,0,4989
TSS_1414_storz_regulondb,0.25,3,3,GCGTTACATGACGTGTCAGG,0,55760
TSS_1414_storz_regulondb,0.25,3,3,GCGTGTACTCAGGTCCACAC,0,60858
TSS_1414_storz_regulondb,0.25,3,3,GCGTGATAAAAGCAGCTCTC,0,12970
TSS_1414_storz_regulondb,0.25,3,3,GCGTCGTTCGGCCGATGTGC,0,62277
TSS_1414_storz_regulondb,0.25,3,3,GCGTCACTACAAGCCTTTAG,0,47540
TSS_1414_storz_regulondb,0.25,3,3,GCGGTTTCCGACGGACAATA,0,49979
TSS_1414_storz_regulondb,0.25,3,3,GCGGTTGGACCAACGTTTGA,0,22773
TSS_1414_storz_regulondb,0.25,3,3,GCGGTTCTTCGGTGTCGATT,0,52880
TSS_1414_storz_regulondb,0.25,3,3,GCGGGACTCGCCTTGGTGCT,0,13794
TSS_1414_storz_regulondb,0.25,3,3,GCGGGACGATAGCACTGGTA,0,18259
TSS_1414_storz_regulondb,0.25,3,3,GCGGCGTGGTTCCTTGCCAA,0,10623
TSS_1414_storz_regulondb,0.25,3,3,GCGGCGACCGGCACGAAATA,0,68981
TSS_1414_storz_regulondb,0.25,3,3,GCGGCCAATTGGATCAATCA,0,17724
TSS_1414_storz_regulondb,0.25,3,3,GCGCTAGCTAAGCGGGCATC,0,53971
TSS_1414_storz_regulondb,0.25,3,3,GCGCTACCTTTTTCGACACA,0,44326
TSS_1414_storz_regulondb,0.25,3,3,GCGCGGCTTTGTAAGCCTCA,0,13469
TSS_1414_storz_regulondb,0.25,3,3,GCGCAACCGGCGGCCATTTA,0,68208
TSS_1414_storz_regulondb,0.25,3,3,GCGAGTATAGCTGTCTATCG,0,39456
TSS_1414_storz_regulondb,0.25,3,3,GCGAGGATGAGAGTGTGAGC,0,16231
TSS_1414_storz_regulondb,0.25,3,3,GCGAGACTGGCAGCTCCATA,0,73610
TSS_1414_storz_regulondb,0.25,3,3,GCGAATATATGGTTAGAAGC,0,4889
TSS_1414_storz_regulondb,0.25,3,3,GCCTTCCACACATGCTCATT,0,37251
TSS_1414_storz_regulondb,0.25,3,3,GCCTGAGTTCAGGATTCACT,0,48551
TSS_1414_storz_regulondb,0.25,3,3,GCCTCAGTGTATAAACAACG,0,2441
TSS_1414_storz_regulondb,0.25,3,3,GCCTATGCGTATGACCCGCG,0,56007
TSS_1414_storz_regulondb,0.25,3,3,GCCTATATATTGTATAACGT,0,20735
TSS_1414_storz_regulondb,0.25,3,3,GCCTACGCCATGTCTATCGG,0,20161
TSS_1414_storz_regulondb,0.25,3,3,GCCGTGGGAGCTTACTTTTA,0,2043
TSS_1414_storz_regulondb,0.25,3,3,GCCGTCAAATCTGGACGTGC,0,30946
TSS_1414_storz_regulondb,0.25,3,3,GCCGGTATCGCTCCTATAGT,0,67015
TSS_1414_storz_regulondb,0.25,3,3,GCCGAGGCGGCCATTGCCCT,0,54031
TSS_1414_storz_regulondb,0.25,3,3,GCCGACGGGTTAAGATTAAT,0,65204
TSS_1414_storz_regulondb,0.25,3,3,GCCGAATGTTCTGGGGTAAT,0,66563
TSS_1414_storz_regulondb,0.25,3,3,GCCGAAAGTATTCCGACGCC,0,75392
TSS_1414_storz_regulondb,0.25,3,3,GCCCTTCTGGAAAAGATGTA,0,6221
TSS_1414_storz_regulondb,0.25,3,3,GCCCTAAACGTTGGGGTAAT,0,72197
TSS_1414_storz_regulondb,0.25,3,3,GCCCGTCTTTACGCGCATTA,0,31958
TSS_1414_storz_regulondb,0.25,3,3,GCCCGTAGTCATATAACGAG,0,70879
TSS_1414_storz_regulondb,0.25,3,3,GCCCCGGTAGCTTAGATGTC,0,43617
TSS_1414_storz_regulondb,0.25,3,3,GCCCCAGTATAGAGCAGTTT,0,72456
TSS_1414_storz_regulondb,0.25,3,3,GCCCCACAACTCAGAGCTGC,0,7541
TSS_1414_storz_regulondb,0.25,3,3,GCCCATTATTTGGGTACCTC,0,34925
TSS_1414_storz_regulondb,0.25,3,3,GCCCAATCTTAGACAAGTTC,0,46314
TSS_1414_storz_regulondb,0.25,3,3,GCCCAAGTTAGCGGGTTTGC,0,7302
TSS_1414_storz_regulondb,0.25,3,3,GCCATTGGTGACTTCGGGTG,0,27108
TSS_1414_storz_regulondb,0.25,3,3,GCCATTAAATGCAGCGATAT,0,42813
TSS_1414_storz_regulondb,0.25,3,3,GCCATCATGTTACGTAAGGG,0,45258
TSS_1414_storz_regulondb,0.25,3,3,GCCATACGGAACATTAAGCA,0,1808
TSS_1414_storz_regulondb,0.25,3,3,GCCATAATCACGATGGTTTT,0,56026
TSS_1414_storz_regulondb,0.25,3,3,GCCAGGGCGATCCCAGCGGG,0,2374
TSS_1414_storz_regulondb,0.25,3,3,GCCAGCTCGGGTATCTCCCA,0,70660
TSS_1414_storz_regulondb,0.25,3,3,GCCAGCCCGCAAGAGTGACA,0,65739
TSS_1414_storz_regulondb,0.25,3,3,GCCACACAGAAGCGAAGGCA,0,59056
TSS_1414_storz_regulondb,0.25,3,3,GCCAACTGTTGGTCTAGCCG,0,47324
TSS_1414_storz_regulondb,0.25,3,3,GCCAACTGGCAGCTTGGAAG,0,65353
TSS_1414_storz_regulondb,0.25,3,3,GCCAAAGCTGGACTCAGTCC,0,33480
TSS_1414_storz_regulondb,0.25,3,3,GCATTACACATATACACCCT,0,1032
TSS_1414_storz_regulondb,0.25,3,3,GCATGCCTGCCCAGGGAAGG,0,45923
TSS_1414_storz_regulondb,0.25,3,3,GCATGCAGTCCGTACAGCCA,0,65724
TSS_1414_storz_regulondb,0.25,3,3,GCATCTCGTGGTCCATCACC,0,68496
TSS_1414_storz_regulondb,0.25,3,3,GCATCCAGCCATCCGACTGT,0,64471
TSS_1414_storz_regulondb,0.25,3,3,GCATACGGGGGGTTGTGTTA,0,54683
TSS_1414_storz_regulondb,0.25,3,3,GCATAACAATCTAGCTTTTA,0,58115
TSS_1414_storz_regulondb,0.25,3,3,GCAGTCCCCTACAAGGTATA,0,60615
TSS_1414_storz_regulondb,0.25,3,3,GCAGTACGGTCGCCACGGGT,0,75655
TSS_1414_storz_regulondb,0.25,3,3,GCAGGTCGGTTGCCGAACTC,0,81084
TSS_1414_storz_regulondb,0.25,3,3,GCAGGCGCTACCAGTATCCT,0,14526
TSS_1414_storz_regulondb,0.25,3,3,GCAGGAGGGCAGGGGGGGTG,0,74206
TSS_1414_storz_regulondb,0.25,3,3,GCAGCTGATTGCAAAAGGAG,0,45354
TSS_1414_storz_regulondb,0.25,3,3,GCAGCTCCGTACCACAAAGG,0,79628
TSS_1414_storz_regulondb,0.25,3,3,GCAGCGCTGTGCATCACAAG,0,77890
TSS_1414_storz_regulondb,0.25,3,3,GCAGCGCGTGTCGGTGATAC,0,53147
TSS_1414_storz_regulondb,0.25,3,3,GCAGATTTGGATGGGGACAG,0,5669
TSS_1414_storz_regulondb,0.25,3,3,GCAGATGGCAGCTTTTGGAT,0,37706
TSS_1414_storz_regulondb,0.25,3,3,GCAGATGGAGGCGGTAGGGA,0,57896
TSS_1414_storz_regulondb,0.25,3,3,GCAGATCTAATCTCTAGCGC,0,78319
TSS_1414_storz_regulondb,0.25,3,3,GCAGACAACTACCCGGTTCT,0,21359
TSS_1414_storz_regulondb,0.25,3,3,GCAGAAAGCTCTAGTGCCAC,0,50411
TSS_1414_storz_regulondb,0.25,3,3,GCACTCTGACGTGGGATCAA,0,29689
TSS_1414_storz_regulondb,0.25,3,3,GCACTCGCCCACACGACACG,0,69821
TSS_1414_storz_regulondb,0.25,3,3,GCACGCCGAGCCGCAAGGGA,0,3697
TSS_1414_storz_regulondb,0.25,3,3,GCACGCAGGCGCCTCGGGAA,0,35224
TSS_1414_storz_regulondb,0.25,3,3,GCACCTACCCAATGTAGTTG,0,39470
TSS_1414_storz_regulondb,0.25,3,3,GCACCGCACAACGCTAATAT,0,58107
TSS_1414_storz_regulondb,0.25,3,3,GCACCCCTAATGGTTCACCC,0,7745
TSS_1414_storz_regulondb,0.25,3,3,GCACCATGTTGGCACTTGGG,0,24993
TSS_1414_storz_regulondb,0.25,3,3,GCAATTGACGTAACGGTTGC,0,57874
TSS_1414_storz_regulondb,0.25,3,3,GCAAGGGCTGTCAAACACAT,0,14555
TSS_1414_storz_regulondb,0.25,3,3,GCAAGACACCAGCTGCTATT,0,13840
TSS_1414_storz_regulondb,0.25,3,3,GCAAATTTTAAGAACAATAA,0,54353
TSS_1414_storz_regulondb,0.25,3,3,GCAAATCACCAAACCCGAAT,0,15195
TSS_1414_storz_regulondb,0.25,3,3,GCAAAGGCCTCGAGTCTAAT,0,4085
TSS_1414_storz_regulondb,0.25,3,3,GCAAACTTATACCCTTTTAA,0,19917
TSS_1414_storz_regulondb,0.25,3,3,GATTTTTTTAGATTCGTAGG,0,627
TSS_1414_storz_regulondb,0.25,3,3,GATTGCTGTCTTAGCGGATT,0,18273
TSS_1414_storz_regulondb,0.25,3,3,GATTATGCCCGTTTTCTATT,0,70980
TSS_1414_storz_regulondb,0.25,3,3,GATGTTAGTCCGTGACGCCA,0,1380
TSS_1414_storz_regulondb,0.25,3,3,GATGGTGTTGGCTACACTCT,0,12292
TSS_1414_storz_regulondb,0.25,3,3,GATGGGCAGGCATTTATGGC,0,75307
TSS_1414_storz_regulondb,0.25,3,3,GATGGCTTAAAACCGTTTGA,0,48505
TSS_1414_storz_regulondb,0.25,3,3,GATGCTGCACGCCTCAAACC,0,80463
TSS_1414_storz_regulondb,0.25,3,3,GATGAGCTGTCCCGTATCAC,0,5874
TSS_1414_storz_regulondb,0.25,3,3,GATCTACAATAACGTAATTC,0,35268
TSS_1414_storz_regulondb,0.25,3,3,GATCGGCACTGTCCGTGTTC,0,66163
TSS_1414_storz_regulondb,0.25,3,3,GATCGCACGTCCCAGCACCT,0,1503
TSS_1414_storz_regulondb,0.25,3,3,GATCATCGCTCCCAGAGTGA,0,8111
TSS_1414_storz_regulondb,0.25,3,3,GATCAGGGCCGGGTGGGGGA,0,69676
TSS_1414_storz_regulondb,0.25,3,3,GATATTGCCGATAGACAGGA,0,72474
TSS_1414_storz_regulondb,0.25,3,3,GATATGCCATCATGGCAGGC,0,35477
TSS_1414_storz_regulondb,0.25,3,3,GATATCAACCCGACAGCTTA,0,18493
TSS_1414_storz_regulondb,0.25,3,3,GATATAAGAGCGTACAGTTG,0,7259
TSS_1414_storz_regulondb,0.25,3,3,GATAGTTTGACTCTCTTGTT,0,28964
TSS_1414_storz_regulondb,0.25,3,3,GATAGAATACTCAGCCGGTC,0,21602
TSS_1414_storz_regulondb,0.25,3,3,GATACTTGACGATATTGGAA,0,5869
TSS_1414_storz_regulondb,0.25,3,3,GAGTTCGCGATCCAACTGTC,0,9575
TSS_1414_storz_regulondb,0.25,3,3,GAGTTCAGCGCCGATTGATG,0,14858
TSS_1414_storz_regulondb,0.25,3,3,GAGTTAAAACGCCAATACTA,0,75949
TSS_1414_storz_regulondb,0.25,3,3,GAGTCGCGTGTGCTCTCTAT,0,34423
TSS_1414_storz_regulondb,0.25,3,3,GAGTCAGAGTATTGGCCTCT,0,1457
TSS_1414_storz_regulondb,0.25,3,3,GAGTACCTAATGCCGCCATC,0,80532
TSS_1414_storz_regulondb,0.25,3,3,GAGGTCCGATTCAGGTACCA,0,38456
TSS_1414_storz_regulondb,0.25,3,3,GAGGTCATTGCGCCTTGTCT,0,64321
TSS_1414_storz_regulondb,0.25,3,3,GAGGGTCAGGATTCACGGGT,0,20317
TSS_1414_storz_regulondb,0.25,3,3,GAGGGGTTGCATTTTTCATT,0,4774
TSS_1414_storz_regulondb,0.25,3,3,GAGGGCAATTGGTCGTTAGG,0,31195
TSS_1414_storz_regulondb,0.25,3,3,GAGGCCACAGACGCGATGAA,0,3703
TSS_1414_storz_regulondb,0.25,3,3,GAGGCAACTATCTGGTGGAC,0,78488
TSS_1414_storz_regulondb,0.25,3,3,GAGGACTCGCTAGGAACGTT,0,47581
TSS_1414_storz_regulondb,0.25,3,3,GAGCGTGGATGGGCTTGCTA,0,67291
TSS_1414_storz_regulondb,0.25,3,3,GAGCATGGCTCCTAGGCAAT,0,65704
TSS_1414_storz_regulondb,0.25,3,3,GAGCAGGGATGCTGTAGGAT,0,63786
TSS_1414_storz_regulondb,0.25,3,3,GAGCACTACTCGTTACCAGT,0,37518
TSS_1414_storz_regulondb,0.25,3,3,GAGCACCCCATATTGGGGAA,0,6327
TSS_1414_storz_regulondb,0.25,3,3,GAGCAATTCTGGAACATTTC,0,2801
TSS_1414_storz_regulondb,0.25,3,3,GAGATAATGGAGTTTGTTAA,0,74599
TSS_1414_storz_regulondb,0.25,3,3,GAGAGGACAGGTCCAATGTT,0,960
TSS_1414_storz_regulondb,0.25,3,3,GAGAGCGTGACGGCGGTTCG,0,44468
TSS_1414_storz_regulondb,0.25,3,3,GAGACTTTGGAGGTCCGCCG,0,72312
TSS_1414_storz_regulondb,0.25,3,3,GAGACTACATAGTGGAATCC,0,18943
TSS_1414_storz_regulondb,0.25,3,3,GAGACGATGACTCCGTTGAA,0,8192
TSS_1414_storz_regulondb,0.25,3,3,GAGAATTCAGTCGGGAATTA,0,47455
TSS_1414_storz_regulondb,0.25,3,3,GAGAATGGCTTGGGCGCACT,0,12605
TSS_1414_storz_regulondb,0.25,3,3,GAGAATCACAGGGCCTTTTG,0,29914
TSS_1414_storz_regulondb,0.25,3,3,GAGAACGTGGCGTCTCGGAA,0,33263
TSS_1414_storz_regulondb,0.25,3,3,GAGAACACACGTCGCCCAGG,0,52309
TSS_1414_storz_regulondb,0.25,3,3,GAGAAATGTATTTCGTTGAT,0,77207
TSS_1414_storz_regulondb,0.25,3,3,GACTTTCTTACGTTGAGCCT,0,67958
TSS_1414_storz_regulondb,0.25,3,3,GACTTTCAACCAAAGTGTTT,0,22148
TSS_1414_storz_regulondb,0.25,3,3,GACTGGCCAGCTCACGGAAT,0,60268
TSS_1414_storz_regulondb,0.25,3,3,GACTGGACGACGAACAAACA,0,67890
TSS_1414_storz_regulondb,0.25,3,3,GACTGCCTAGGCGGGCTAAG,0,68122
TSS_1414_storz_regulondb,0.25,3,3,GACTCCCCATCTTGCCATGA,0,36958
TSS_1414_storz_regulondb,0.25,3,3,GACTACATGGATTAGAGTGA,0,28387
TSS_1414_storz_regulondb,0.25,3,3,GACTAACATCTGGCAATTGA,0,34553
TSS_1414_storz_regulondb,0.25,3,3,GACGTGCCTCAATCATACTT,0,18212
TSS_1414_storz_regulondb,0.25,3,3,GACGTGATGAAACCCCTTTA,0,10018
TSS_1414_storz_regulondb,0.25,3,3,GACGTAGGGCTTCCACCTGG,0,40424
TSS_1414_storz_regulondb,0.25,3,3,GACGTAAAAGGGAGAATTGA,0,14277
TSS_1414_storz_regulondb,0.25,3,3,GACGCTTCGGGCCTATCTCT,0,80242
TSS_1414_storz_regulondb,0.25,3,3,GACGCTCTTATGTAGCATGC,0,58562
TSS_1414_storz_regulondb,0.25,3,3,GACGCGTATAGAAGCCTAAC,0,29976
TSS_1414_storz_regulondb,0.25,3,3,GACGCGTAACATAGAAAATG,0,73992
TSS_1414_storz_regulondb,0.25,3,3,GACGCGATGGTTTGCTTTGT,0,35334
TSS_1414_storz_regulondb,0.25,3,3,GACGAACTCCGCTATGAAAC,0,57655
TSS_1414_storz_regulondb,0.25,3,3,GACCTATAGTTTTAGTCCTA,0,3438
TSS_1414_storz_regulondb,0.25,3,3,GACCTAATGCCTTAAAGCGA,0,6133
TSS_1414_storz_regulondb,0.25,3,3,GACCCGGAACGTCTACGCCA,0,60265
TSS_1414_storz_regulondb,0.25,3,3,GACCCGAATCTAGTCAAAAT,0,40031
TSS_1414_storz_regulondb,0.25,3,3,GACCCCGACAAGTTCGAAGT,0,66313
TSS_1414_storz_regulondb,0.25,3,3,GACCATCAATCGCTGCACGA,0,45915
TSS_1414_storz_regulondb,0.25,3,3,GACCAGACTTCCCGGCTTTT,0,68618
TSS_1414_storz_regulondb,0.25,3,3,GACCAACGTTCGTCGGGTCT,0,28144
TSS_1414_storz_regulondb,0.25,3,3,GACATGTCTAGCCCTACTCT,0,75197
TSS_1414_storz_regulondb,0.25,3,3,GACATACGGGGATATAGGTA,0,16068
TSS_1414_storz_regulondb,0.25,3,3,GACACCGACAGCACACCACA,0,63453
TSS_1414_storz_regulondb,0.25,3,3,GACAATAGTGCCGAAGGGTT,0,42563
TSS_1414_storz_regulondb,0.25,3,3,GACAAGCAGATTTGCACCTA,0,56716
TSS_1414_storz_regulondb,0.25,3,3,GACAAGAGCATTAGCGCTTC,0,42832
TSS_1414_storz_regulondb,0.25,3,3,GACAAACACATACATTGTCG,0,31227
TSS_1414_storz_regulondb,0.25,3,3,GAATTAATGCTCAACTCACA,0,38063
TSS_1414_storz_regulondb,0.25,3,3,GAATCCAGTCCTTGCCAAAA,0,17289
TSS_1414_storz_regulondb,0.25,3,3,GAATATCCGGCGTGCCTCAC,0,11150
TSS_1414_storz_regulondb,0.25,3,3,GAATACAGCTTCACTAGGCA,0,115
TSS_1414_storz_regulondb,0.25,3,3,GAAGTGTCCGACATATCTTC,0,47820
TSS_1414_storz_regulondb,0.25,3,3,GAAGTCGTCCACGGAGGGAT,0,50735
TSS_1414_storz_regulondb,0.25,3,3,GAAGGCCTTTCGAGAGCCAT,0,15344
TSS_1414_storz_regulondb,0.25,3,3,GAAGGATACGCTGCGTGCTT,0,47839
TSS_1414_storz_regulondb,0.25,3,3,GAAGGAAGTTACACTCTCCC,0,25227
TSS_1414_storz_regulondb,0.25,3,3,GAAGCTCAAGCAGATGCGGC,0,53374
TSS_1414_storz_regulondb,0.25,3,3,GAAGCCGCGCCCTGGCTGGA,0,33929
TSS_1414_storz_regulondb,0.25,3,3,GAAGATGCATGCTTTACGAG,0,61001
TSS_1414_storz_regulondb,0.25,3,3,GAAGATAATCCTAAGTTTAT,0,29231
TSS_1414_storz_regulondb,0.25,3,3,GAACTTGCTCCCTCGCAAAG,0,72166
TSS_1414_storz_regulondb,0.25,3,3,GAACTTCACTACGGTCCCAT,0,20659
TSS_1414_storz_regulondb,0.25,3,3,GAACTGGTTGCTAATGTGGA,0,73976
TSS_1414_storz_regulondb,0.25,3,3,GAACGGTGGCCTCTATTGCA,0,3488
TSS_1414_storz_regulondb,0.25,3,3,GAACAATGGTGCATCCATCC,0,43359
TSS_1414_storz_regulondb,0.25,3,3,GAAATTATACCTAGGAATTT,0,19225
TSS_1414_storz_regulondb,0.25,3,3,GAAACTAAGGTTAAACCAGA,0,48328
TSS_1414_storz_regulondb,0.25,3,3,GAAACATCCATCCATACATC,0,51614
TSS_1414_storz_regulondb,0.25,3,3,GAAAATAATAACGTCGGTAG,0,403
TSS_1414_storz_regulondb,0.25,3,3,GAAAAAGGAATCATAGAAAC,0,56607
TSS_1414_storz_regulondb,0.25,3,3,GAAAAAATGCCTATAAAGGA,0,68949
TSS_1414_storz_regulondb,0.25,3,3,CTTTGTTGCGTCCTCTGAGC,0,31471
TSS_1414_storz_regulondb,0.25,3,3,CTTTGTCATGAGGAAATGGT,0,73902
TSS_1414_storz_regulondb,0.25,3,3,CTTTGCCTATCGGTACACTC,0,30745
TSS_1414_storz_regulondb,0.25,3,3,CTTTCTGGATTCCCTTGGTG,0,25872
TSS_1414_storz_regulondb,0.25,3,3,CTTTCTGCTTCCGATAGATG,0,46652
TSS_1414_storz_regulondb,0.25,3,3,CTTTCGCATAATACAACATA,0,28206
TSS_1414_storz_regulondb,0.25,3,3,CTTTCGACACATGCAAATAT,0,35550
TSS_1414_storz_regulondb,0.25,3,3,CTTTATTCCTATTCGAGGCG,0,10344
TSS_1414_storz_regulondb,0.25,3,3,CTTTAATCTGGGTTGGCATT,0,28363
TSS_1414_storz_regulondb,0.25,3,3,CTTGTGGGAGTTTCCATCGA,0,17795
TSS_1414_storz_regulondb,0.25,3,3,CTTGGGGTACCTGTCACCTC,0,35568
TSS_1414_storz_regulondb,0.25,3,3,CTTGGATTATGGCCCTTCCA,0,23982
TSS_1414_storz_regulondb,0.25,3,3,CTTGCTATAAAGGGAGCGAT,0,7985
TSS_1414_storz_regulondb,0.25,3,3,CTTGCGACGTAATGTCCACA,0,63648
TSS_1414_storz_regulondb,0.25,3,3,CTTGAGAAAGTGAATTGTGG,0,31704
TSS_1414_storz_regulondb,0.25,3,3,CTTCTTGTGACTATTCGATG,0,77961
TSS_1414_storz_regulondb,0.25,3,3,CTTCTGGTAAACCCAGTAGT,0,60860
TSS_1414_storz_regulondb,0.25,3,3,CTTCTGAATGTGTCGCGAAC,0,44380
TSS_1414_storz_regulondb,0.25,3,3,CTTCTCGTCACCGTGCTTGA,0,25841
TSS_1414_storz_regulondb,0.25,3,3,CTTCCCATCAGCTGATAGGG,0,76342
TSS_1414_storz_regulondb,0.25,3,3,CTTCATCGTTTCTTCTCAGT,0,22489
TSS_1414_storz_regulondb,0.25,3,3,CTTCAGTAGTTTCCATATTA,0,70274
TSS_1414_storz_regulondb,0.25,3,3,CTTCACGCGGGCAGAGTGTT,0,36060
TSS_1414_storz_regulondb,0.25,3,3,CTTATCAGCATCTAACGCTG,0,15465
TSS_1414_storz_regulondb,0.25,3,3,CTTAGTAAGCTTATTGGTTC,0,164
TSS_1414_storz_regulondb,0.25,3,3,CTTAATGTGTGTTCGGCCAA,0,3267
TSS_1414_storz_regulondb,0.25,3,3,CTTAAGTAGGGTTCATTTAA,0,26600
TSS_1414_storz_regulondb,0.25,3,3,CTTAAGCAGGCTGTGGCGTA,0,67333
TSS_1414_storz_regulondb,0.25,3,3,CTTAAGACACTGAGATATGA,0,70395
TSS_1414_storz_regulondb,0.25,3,3,CTTAACACTTCAAAAGGTGA,0,29773
TSS_1414_storz_regulondb,0.25,3,3,CTGTTGTACCGCACAGGCAA,0,45690
TSS_1414_storz_regulondb,0.25,3,3,CTGTGGACTTGACTTCAATT,0,2515
TSS_1414_storz_regulondb,0.25,3,3,CTGTCATCCGGTCTGGGCCG,0,9414
TSS_1414_storz_regulondb,0.25,3,3,CTGTATGGAATCAGTGCGTT,0,69128
TSS_1414_storz_regulondb,0.25,3,3,CTGTAAGGCGTTAGATCGAC,0,36505
TSS_1414_storz_regulondb,0.25,3,3,CTGGTTTGATCGGCGGCAAC,0,46392
TSS_1414_storz_regulondb,0.25,3,3,CTGGGTTGACAGTGCGCAAT,0,39802
TSS_1414_storz_regulondb,0.25,3,3,CTGGGGGTCCATGGCCACGT,0,58611
TSS_1414_storz_regulondb,0.25,3,3,CTGGGCTTACCTCTCTAGGT,0,56621
TSS_1414_storz_regulondb,0.25,3,3,CTGGGCAGTGTCGAACTGTA,0,13130
TSS_1414_storz_regulondb,0.25,3,3,CTGGGCAATCTGGTGCCGGT,0,16437
TSS_1414_storz_regulondb,0.25,3,3,CTGGCGGCATTTTCTTTTCC,0,78741
TSS_1414_storz_regulondb,0.25,3,3,CTGGCGCGAGGCAACAAGCA,0,1276
TSS_1414_storz_regulondb,0.25,3,3,CTGGCCGTTCCCTGAACGCA,0,81105
TSS_1414_storz_regulondb,0.25,3,3,CTGGCAGATTCAGAGGATAC,0,66494
TSS_1414_storz_regulondb,0.25,3,3,CTGGAAGAAAATATGTGGCG,0,47052
TSS_1414_storz_regulondb,0.25,3,3,CTGGAAACTGCCCCGCTACA,0,24530
TSS_1414_storz_regulondb,0.25,3,3,CTGCTCCAGCAGTTAAGGAC,0,10704
TSS_1414_storz_regulondb,0.25,3,3,CTGCGGGACGGTATTGCTGG,0,36000
TSS_1414_storz_regulondb,0.25,3,3,CTGCCTCGCGATCCTGGTAT,0,12007
TSS_1414_storz_regulondb,0.25,3,3,CTGCCGGGCAGTTCCGGAAC,0,51536
TSS_1414_storz_regulondb,0.25,3,3,CTGCAACGTATGTTGGCCGG,0,36957
TSS_1414_storz_regulondb,0.25,3,3,CTGATGGTGGGGATGCCTAG,0,75908
TSS_1414_storz_regulondb,0.25,3,3,CTGATGCAAGACACGAAGGA,0,59962
TSS_1414_storz_regulondb,0.25,3,3,CTGAGGCCACATGGAGGGCG,0,62902
TSS_1414_storz_regulondb,0.25,3,3,CTGACTCTATTTCCTCACCT,0,67098
TSS_1414_storz_regulondb,0.25,3,3,CTGAAGGAAAGATGAACTGA,0,62618
TSS_1414_storz_regulondb,0.25,3,3,CTGAAGCGCCCCACTGACCT,0,34571
TSS_1414_storz_regulondb,0.25,3,3,CTGAACTGAGTTTTGGGAAT,0,53280
TSS_1414_storz_regulondb,0.25,3,3,CTGAACGGCTCGAACTATGA,0,35306
TSS_1414_storz_regulondb,0.25,3,3,CTGAAATGCGTCGCACCCAC,0,28449
TSS_1414_storz_regulondb,0.25,3,3,CTCTTTTACTCAGGAGAGTG,0,38568
TSS_1414_storz_regulondb,0.25,3,3,CTCTTGTCCTCGGGGACCGG,0,58300
TSS_1414_storz_regulondb,0.25,3,3,CTCTTCTACAGTTGCTTGTG,0,16066
TSS_1414_storz_regulondb,0.25,3,3,CTCTTAGTCGCCCCTGTCAT,0,21149
TSS_1414_storz_regulondb,0.25,3,3,CTCTGTCGTGCTAATTTCGG,0,19293
TSS_1414_storz_regulondb,0.25,3,3,CTCTGTAGTCGCAAGAGATC,0,44317
TSS_1414_storz_regulondb,0.25,3,3,CTCTGGGACGTATATTGCAG,0,31109
TSS_1414_storz_regulondb,0.25,3,3,CTCTGCCAGCGTAAGATGTA,0,39704
TSS_1414_storz_regulondb,0.25,3,3,CTCTGCATCAGATCGCCTAT,0,53784
TSS_1414_storz_regulondb,0.25,3,3,CTCTCTCTTAAAAGAACCAT,0,71451
TSS_1414_storz_regulondb,0.25,3,3,CTCTCCTTTTAGGCTTGCTC,0,52436
TSS_1414_storz_regulondb,0.25,3,3,CTCTCCCACGTTTATGCCGC,0,57675
TSS_1414_storz_regulondb,0.25,3,3,CTCTCAGAAGTCGTAGTTCT,0,53883
TSS_1414_storz_regulondb,0.25,3,3,CTCTATAATTAAAGGTACGA,0,28595
TSS_1414_storz_regulondb,0.25,3,3,CTCGGGGTCTCCGGATCGGA,0,5735
TSS_1414_storz_regulondb,0.25,3,3,CTCGGCCCATAATGAACTAT,0,40062
TSS_1414_storz_regulondb,0.25,3,3,CTCGCATACTAGGTCCTTAC,0,35941
TSS_1414_storz_regulondb,0.25,3,3,CTCGAGCATGCGCCGGTAGG,0,64231
TSS_1414_storz_regulondb,0.25,3,3,CTCGAGAATGTGGCATTGAG,0,16839
TSS_1414_storz_regulondb,0.25,3,3,CTCCGGGTGGGGTTAGCCTA,0,13632
TSS_1414_storz_regulondb,0.25,3,3,CTCCGAAGGGAGGTTTGCGG,0,12323
TSS_1414_storz_regulondb,0.25,3,3,CTCCCCTTTGTCATTTGCCT,0,15399
TSS_1414_storz_regulondb,0.25,3,3,CTCCACGATATCTGAGATTT,0,50090
TSS_1414_storz_regulondb,0.25,3,3,CTCATAGACCCCTAGAGTCG,0,7504
TSS_1414_storz_regulondb,0.25,3,3,CTCACAAAGTTCACACGGTA,0,53366
TSS_1414_storz_regulondb,0.25,3,3,CTCAATGTTCCCGCGTTGGA,0,23964
TSS_1414_storz_regulondb,0.25,3,3,CTCAAGCGGAATATGAGAGC,0,62813
TSS_1414_storz_regulondb,0.25,3,3,CTCAAGCGATGGTTCTTCGG,0,44646
TSS_1414_storz_regulondb,0.25,3,3,CTATTTGCTTCGTGTTTCCA,0,12100
TSS_1414_storz_regulondb,0.25,3,3,CTATTAAAGCGTGGGGGCGC,0,55717
TSS_1414_storz_regulondb,0.25,3,3,CTATGGTTCTAACGCACGAG,0,32429
TSS_1414_storz_regulondb,0.25,3,3,CTATGGCAACGGACCAAACA,0,13541
TSS_1414_storz_regulondb,0.25,3,3,CTATCATTGGCAGACGATGT,0,14516
TSS_1414_storz_regulondb,0.25,3,3,CTATACCGACTTCTCCATTA,0,34635
TSS_1414_storz_regulondb,0.25,3,3,CTAGGTTTCAAAACATAAAT,0,3813
TSS_1414_storz_regulondb,0.25,3,3,CTAGCTTGGCCTAGACAGAC,0,53728
TSS_1414_storz_regulondb,0.25,3,3,CTAGCTTAGGTGGTTCAATT,0,45666
TSS_1414_storz_regulondb,0.25,3,3,CTAGCTGCTCCACGCTAGGT,0,9357
TSS_1414_storz_regulondb,0.25,3,3,CTAGCCACTGTGGGCGTGCG,0,6966
TSS_1414_storz_regulondb,0.25,3,3,CTAGAGGTTTTTCAGTGAAC,0,76719
TSS_1414_storz_regulondb,0.25,3,3,CTAGAGGACGTACAGCCTGA,0,20569
TSS_1414_storz_regulondb,0.25,3,3,CTACTACTTTTCATTAGCTA,0,43301
TSS_1414_storz_regulondb,0.25,3,3,CTACGGGAGATCCTTGACTG,0,35347
TSS_1414_storz_regulondb,0.25,3,3,CTACGCACGAGTAGAGGTTG,0,6457
TSS_1414_storz_regulondb,0.25,3,3,CTACCGTGTCGCATGGCTTG,0,11408
TSS_1414_storz_regulondb,0.25,3,3,CTACCGCTTTACGGTTTCTC,0,62767
TSS_1414_storz_regulondb,0.25,3,3,CTACCGAGGAACTCAGGTCG,0,6530
TSS_1414_storz_regulondb,0.25,3,3,CTACCCGAGAACAATGAGAC,0,10859
TSS_1414_storz_regulondb,0.25,3,3,CTACAAGATACAAAAAGGAT,0,73689
TSS_1414_storz_regulondb,0.25,3,3,CTACAACCGACCTGAGTACA,0,58308
TSS_1414_storz_regulondb,0.25,3,3,CTACAACAAGTCGTATATAC,0,32255
TSS_1414_storz_regulondb,0.25,3,3,CTAATGGATTCACAAGAAGG,0,60107
TSS_1414_storz_regulondb,0.25,3,3,CTAATACGGGAAAGCCATCA,0,55039
TSS_1414_storz_regulondb,0.25,3,3,CTAAGCCCGAGTTAACATTT,0,62925
TSS_1414_storz_regulondb,0.25,3,3,CTAAACCGTAGGAGCATATT,0,4181
TSS_1414_storz_regulondb,0.25,3,3,CGTTTGTCTTACCCTAGACG,0,67125
TSS_1414_storz_regulondb,0.25,3,3,CGTTTCAGATTCCGTGCCTA,0,52587
TSS_1414_storz_regulondb,0.25,3,3,CGTTGTGTGGGAGTACGCCC,0,73486
TSS_1414_storz_regulondb,0.25,3,3,CGTTGTATAAGAGGGCAAGT,0,25688
TSS_1414_storz_regulondb,0.25,3,3,CGTTGGGTCAGTGAATGTAT,0,56721
TSS_1414_storz_regulondb,0.25,3,3,CGTTCCACAGTTGCCGCGGA,0,44542
TSS_1414_storz_regulondb,0.25,3,3,CGTTCAGGGCCATCTCTTAT,0,32407
TSS_1414_storz_regulondb,0.25,3,3,CGTTATACTAAAAAAAGGCA,0,6178
TSS_1414_storz_regulondb,0.25,3,3,CGTTACAGTGCACCTATGAA,0,72924
TSS_1414_storz_regulondb,0.25,3,3,CGTGTCACTAATCGGCTTCG,0,39749
TSS_1414_storz_regulondb,0.25,3,3,CGTGTAACGAGGCGTCTGTA,0,16250
TSS_1414_storz_regulondb,0.25,3,3,CGTGCAACGTGCTTTGTGTA,0,40628
TSS_1414_storz_regulondb,0.25,3,3,CGTGAGCGATGGTCAGGTTA,0,57160
TSS_1414_storz_regulondb,0.25,3,3,CGTGAGCCGACCCGCCTCAT,0,10840
TSS_1414_storz_regulondb,0.25,3,3,CGTCTGATTCCTCGACATGT,0,9723
TSS_1414_storz_regulondb,0.25,3,3,CGTCTCGCTCCGGAGGGCAA,0,39432
TSS_1414_storz_regulondb,0.25,3,3,CGTCGTCTGCGGTCATTTAA,0,63920
TSS_1414_storz_regulondb,0.25,3,3,CGTCGGGTCCACTAGCTCAT,0,79770
TSS_1414_storz_regulondb,0.25,3,3,CGTCGGCTACAGTTAAAGAT,0,17656
TSS_1414_storz_regulondb,0.25,3,3,CGTCCGTTCTTACCGCTCTG,0,38119
TSS_1414_storz_regulondb,0.25,3,3,CGTCCCAGAACCAGACTGGG,0,59734
TSS_1414_storz_regulondb,0.25,3,3,CGTCATTGCTACCTTCGCCC,0,19671
TSS_1414_storz_regulondb,0.25,3,3,CGTATCAGCCTGCTTATAAG,0,46152
TSS_1414_storz_regulondb,0.25,3,3,CGTACGCGACGTTGTGTGGC,0,55467
TSS_1414_storz_regulondb,0.25,3,3,CGGTTTGCAAAGGTGTACTG,0,71160
TSS_1414_storz_regulondb,0.25,3,3,CGGTTTCGACCTATGGGACG,0,35342
TSS_1414_storz_regulondb,0.25,3,3,CGGTTGGTCAATAGCTCTAT,0,59018
TSS_1414_storz_regulondb,0.25,3,3,CGGTTAGTATACTGATGGTT,0,8807
TSS_1414_storz_regulondb,0.25,3,3,CGGTTACCTGCTCCCGACGA,0,72477
TSS_1414_storz_regulondb,0.25,3,3,CGGTGCGGTTCCTCGTTCAG,0,26632
TSS_1414_storz_regulondb,0.25,3,3,CGGGTACATCAGAAACTGGA,0,37537
TSS_1414_storz_regulondb,0.25,3,3,CGGGGGCGTACCGGCTTTGA,0,8839
TSS_1414_storz_regulondb,0.25,3,3,CGGGGATAGTTCTTGAGATT,0,50051
TSS_1414_storz_regulondb,0.25,3,3,CGGGAGTTGAAGGATCTTTA,0,64185
TSS_1414_storz_regulondb,0.25,3,3,CGGCTACCCTGCTCCCCTAC,0,40624
TSS_1414_storz_regulondb,0.25,3,3,CGGCCCTCGCATATGATTGG,0,36597
TSS_1414_storz_regulondb,0.25,3,3,CGGCCATGTAGGGATGCTCA,0,46418
TSS_1414_storz_regulondb,0.25,3,3,CGGCCAGGGAGTCTATCAAC,0,15242
TSS_1414_storz_regulondb,0.25,3,3,CGGCCAGGCATTGGTCAATC,0,70750
TSS_1414_storz_regulondb,0.25,3,3,CGGCAAGCTTGACGACTGTC,0,30571
TSS_1414_storz_regulondb,0.25,3,3,CGGCAAAAATCTGTGAGCCA,0,26613
TSS_1414_storz_regulondb,0.25,3,3,CGGATCTGTCCTCTTCAGAA,0,6564
TSS_1414_storz_regulondb,0.25,3,3,CGGATAGAGACTACTAAATG,0,32351
TSS_1414_storz_regulondb,0.25,3,3,CGGATACGGCTACCGGAAGA,0,71602
TSS_1414_storz_regulondb,0.25,3,3,CGGAGTACAAAGAAGTTCTC,0,34864
TSS_1414_storz_regulondb,0.25,3,3,CGGAGGCAGTTCTTGCAGAG,0,78872
TSS_1414_storz_regulondb,0.25,3,3,CGGAGCTTCCGAGGGAAGAC,0,45514
TSS_1414_storz_regulondb,0.25,3,3,CGGACCGTGGGTATGAGTAA,0,22994
TSS_1414_storz_regulondb,0.25,3,3,CGGACCGCCCATCATCACGG,0,23274
TSS_1414_storz_regulondb,0.25,3,3,CGGACACAGCAGAATATTGG,0,45297
TSS_1414_storz_regulondb,0.25,3,3,CGGAAGCTACAGGGCAATCA,0,31111
TSS_1414_storz_regulondb,0.25,3,3,CGCTTATTGCCAAAAATGAG,0,14697
TSS_1414_storz_regulondb,0.25,3,3,CGCTTAGGTTCCCTTCATAC,0,65086
TSS_1414_storz_regulondb,0.25,3,3,CGCTGTCCGGGTCATGTACA,0,75719
TSS_1414_storz_regulondb,0.25,3,3,CGCTGGGGGATTCACAAATA,0,5195
TSS_1414_storz_regulondb,0.25,3,3,CGCTCTAAGGGAGCACCATC,0,22579
TSS_1414_storz_regulondb,0.25,3,3,CGCTAGACACTCACGTCTCT,0,21706
TSS_1414_storz_regulondb,0.25,3,3,CGCGTTGACGCTCAAGCCTA,0,29673
TSS_1414_storz_regulondb,0.25,3,3,CGCGTGGTACATCGTTGGGT,0,44248
TSS_1414_storz_regulondb,0.25,3,3,CGCGGTTGTGGTCAAAAAGT,0,76950
TSS_1414_storz_regulondb,0.25,3,3,CGCGGATGTGCCCTAGAATA,0,11828
TSS_1414_storz_regulondb,0.25,3,3,CGCGCCATGCGATTCAGATC,0,7497
TSS_1414_storz_regulondb,0.25,3,3,CGCGCCACTTTTTCCCGTCG,0,29128
TSS_1414_storz_regulondb,0.25,3,3,CGCGCACGGGAAGCTATCAA,0,49663
TSS_1414_storz_regulondb,0.25,3,3,CGCGATCATACCGGGATGGT,0,7763
TSS_1414_storz_regulondb,0.25,3,3,CGCCTTGGGCCCCCATGCAT,0,48225
TSS_1414_storz_regulondb,0.25,3,3,CGCCTTACGGAGCTAAATAA,0,14243
TSS_1414_storz_regulondb,0.25,3,3,CGCCTGGGGGGGACACGATA,0,81007
TSS_1414_storz_regulondb,0.25,3,3,CGCCTCACTGTAAGCGCTTT,0,52477
TSS_1414_storz_regulondb,0.25,3,3,CGCCGTAACCAGAATTAACT,0,30341
TSS_1414_storz_regulondb,0.25,3,3,CGCCGCCGGTTTTAAGTACG,0,35157
TSS_1414_storz_regulondb,0.25,3,3,CGCCGCAGCCGAGAGCCCTG,0,14645
TSS_1414_storz_regulondb,0.25,3,3,CGCCCTAGGAATTTAACAGT,0,3445
TSS_1414_storz_regulondb,0.25,3,3,CGCCCGATTCGAGGTTAGGT,0,44620
TSS_1414_storz_regulondb,0.25,3,3,CGCCATGTTTTATCCTGGAA,0,30977
TSS_1414_storz_regulondb,0.25,3,3,CGCCACGCCAGATTTTGAAA,0,62367
TSS_1414_storz_regulondb,0.25,3,3,CGCCAAGTTCGCTTGTGGAC,0,39403
TSS_1414_storz_regulondb,0.25,3,3,CGCATTCCTTAGCGCCAGCC,0,30716
TSS_1414_storz_regulondb,0.25,3,3,CGCAGTCCCGTTTCAGCATA,0,38163
TSS_1414_storz_regulondb,0.25,3,3,CGCACGACGTCAGGCACTTT,0,26287
TSS_1414_storz_regulondb,0.25,3,3,CGATTCGCGTGTTTGGCACA,0,62705
TSS_1414_storz_regulondb,0.25,3,3,CGATTCGCCATTGCCTCGAA,0,59520
TSS_1414_storz_regulondb,0.25,3,3,CGATTACACATCCGGGGGGT,0,32591
TSS_1414_storz_regulondb,0.25,3,3,CGATGTGGCTGAAGCTTGGG,0,68767
TSS_1414_storz_regulondb,0.25,3,3,CGATGGGGATCGGCTCTTCC,0,73750
TSS_1414_storz_regulondb,0.25,3,3,CGATCTCTTTCAGTGATAAA,0,36814
TSS_1414_storz_regulondb,0.25,3,3,CGATCGGACTATCGCAAATT,0,28662
TSS_1414_storz_regulondb,0.25,3,3,CGATCCAACCACAAGTACAG,0,77572
TSS_1414_storz_regulondb,0.25,3,3,CGAGTTTGACAGGGGGATTT,0,64048
TSS_1414_storz_regulondb,0.25,3,3,CGAGTAGGATGAAGAGGGTT,0,80386
TSS_1414_storz_regulondb,0.25,3,3,CGAGTAACGCCCCCCGGGAA,0,73684
TSS_1414_storz_regulondb,0.25,3,3,CGAGCTGTTCCCGCCTATCA,0,51304
TSS_1414_storz_regulondb,0.25,3,3,CGAGCTCGCTAGAAAATGAC,0,727
TSS_1414_storz_regulondb,0.25,3,3,CGAGCTATACGGGCGTACCG,0,20363
TSS_1414_storz_regulondb,0.25,3,3,CGAGCCGATGCTGAATCATC,0,4325
TSS_1414_storz_regulondb,0.25,3,3,CGAGCCCTGCCTGAGTCTAT,0,65557
TSS_1414_storz_regulondb,0.25,3,3,CGAGCAGTCTATCTACAAAA,0,3371
TSS_1414_storz_regulondb,0.25,3,3,CGAGATAAATGCATACCCTT,0,17312
TSS_1414_storz_regulondb,0.25,3,3,CGACTTATCCTGGATGTAGA,0,71281
TSS_1414_storz_regulondb,0.25,3,3,CGACTCTTCGATCTTTGCTT,0,51508
TSS_1414_storz_regulondb,0.25,3,3,CGACGGGGGCATTTGTACTA,0,75874
TSS_1414_storz_regulondb,0.25,3,3,CGACGGCATTAATAGGCTGT,0,276
TSS_1414_storz_regulondb,0.25,3,3,CGACCTCCCACATACCGCAG,0,69102
TSS_1414_storz_regulondb,0.25,3,3,CGACCCGTGTGCCCTAATCC,0,27599
TSS_1414_storz_regulondb,0.25,3,3,CGACCCCAGGAGATCGGCCA,0,43611
TSS_1414_storz_regulondb,0.25,3,3,CGACCCAGCTGGCGTATACG,0,76186
TSS_1414_storz_regulondb,0.25,3,3,CGACCACGTATTTCCTACTC,0,42734
TSS_1414_storz_regulondb,0.25,3,3,CGACATTGGATTACGCCCCC,0,60370
TSS_1414_storz_regulondb,0.25,3,3,CGACAGGCTATGGAATCTCA,0,54148
TSS_1414_storz_regulondb,0.25,3,3,CGAATCCCGCAGCTCGTACG,0,6412
TSS_1414_storz_regulondb,0.25,3,3,CGAATAGTAGTTGACTCTGC,0,23687
TSS_1414_storz_regulondb,0.25,3,3,CGAACGGAGCGAGACCGTGC,0,24997
TSS_1414_storz_regulondb,0.25,3,3,CGAACCTACCCCTCATAAAC,0,16165
TSS_1414_storz_regulondb,0.25,3,3,CGAACCCATCATATGTCGTA,0,21016
TSS_1414_storz_regulondb,0.25,3,3,CGAAATCTGGGAGTGCTCTA,0,11859
TSS_1414_storz_regulondb,0.25,3,3,CCTTTGGGTACCGTAAAAGT,0,73313
TSS_1414_storz_regulondb,0.25,3,3,CCTTTCGTCGGCCTGGTTCA,0,13043
TSS_1414_storz_regulondb,0.25,3,3,CCTTGTAGTAATAGACTCCT,0,70641
TSS_1414_storz_regulondb,0.25,3,3,CCTTGCTCCTGAAGTAAAAG,0,54351
TSS_1414_storz_regulondb,0.25,3,3,CCTTCGATCGGTATGTAGCG,0,59661
TSS_1414_storz_regulondb,0.25,3,3,CCTTAGTTGCCCAGCGTTCC,0,73668
TSS_1414_storz_regulondb,0.25,3,3,CCTTAAAGACAAGTCAGTAG,0,75927
TSS_1414_storz_regulondb,0.25,3,3,CCTGTTGAGCGTGGACTACA,0,50158
TSS_1414_storz_regulondb,0.25,3,3,CCTGTTAAGGTGATATGCGA,0,27878
TSS_1414_storz_regulondb,0.25,3,3,CCTGTTAACGTGATGTCATT,0,44305
TSS_1414_storz_regulondb,0.25,3,3,CCTGGGTGTACCTTCAGATT,0,26933
TSS_1414_storz_regulondb,0.25,3,3,CCTGGGGTCCAACCATACGA,0,28767
TSS_1414_storz_regulondb,0.25,3,3,CCTGGGCTTACAGTGTAGGA,0,62164
TSS_1414_storz_regulondb,0.25,3,3,CCTGGGACCCATCTCTAAGG,0,64296
TSS_1414_storz_regulondb,0.25,3,3,CCTGGCCACGACACTGACAC,0,45596
TSS_1414_storz_regulondb,0.25,3,3,CCTGCTGATGGTTCCTCGTT,0,16396
TSS_1414_storz_regulondb,0.25,3,3,CCTGCCTCGCCTAAGAGAGT,0,58069
TSS_1414_storz_regulondb,0.25,3,3,CCTGAGTTTGTAAGGGGGGA,0,3901
TSS_1414_storz_regulondb,0.25,3,3,CCTGAGCCGCTCTGCCCAGT,0,57411
TSS_1414_storz_regulondb,0.25,3,3,CCTGACTGGTGGCTGCCGCT,0,6255
TSS_1414_storz_regulondb,0.25,3,3,CCTCTGGGGCAATAATGTCG,0,51624
TSS_1414_storz_regulondb,0.25,3,3,CCTCTCTAGAAATTCGTTAG,0,34314
TSS_1414_storz_regulondb,0.25,3,3,CCTCCGGCTTTCAATTAAGT,0,65769
TSS_1414_storz_regulondb,0.25,3,3,CCTCCGCTATGAATTGGCAT,0,48256
TSS_1414_storz_regulondb,0.25,3,3,CCTCCCCGGACAAGGATTAG,0,52504
TSS_1414_storz_regulondb,0.25,3,3,CCTCCCAGGCGACTAGTAGG,0,21222
TSS_1414_storz_regulondb,0.25,3,3,CCTCCCAGCTCACCTAATTT,0,78666
TSS_1414_storz_regulondb,0.25,3,3,CCTCCATTACCTGTCCTATG,0,68043
TSS_1414_storz_regulondb,0.25,3,3,CCTCAGGGGAGCAGTGTACC,0,48612
TSS_1414_storz_regulondb,0.25,3,3,CCTCAGGATGCGCGCCAGCC,0,33744
TSS_1414_storz_regulondb,0.25,3,3,CCTCACATAACCTTCAGCAA,0,4855
TSS_1414_storz_regulondb,0.25,3,3,CCTATTTAAGCGCGGTTCCT,0,79354
TSS_1414_storz_regulondb,0.25,3,3,CCTATATTATGGAAGTCGGC,0,7263
TSS_1414_storz_regulondb,0.25,3,3,CCTAGGCCATAGGGCCAGAC,0,51566
TSS_1414_storz_regulondb,0.25,3,3,CCTACTAAACTAGCTCTGGT,0,25901
TSS_1414_storz_regulondb,0.25,3,3,CCTACATCGTGTTAAGGAGA,0,21369
TSS_1414_storz_regulondb,0.25,3,3,CCTAAGTCTTAGGTCCTGTG,0,48405
TSS_1414_storz_regulondb,0.25,3,3,CCTAAGCATCGGGCTTGTTG,0,28064
TSS_1414_storz_regulondb,0.25,3,3,CCTAAAGCGGCGGGGGTAAA,0,44255
TSS_1414_storz_regulondb,0.25,3,3,CCGTTTGAGGGAGCTTGTCA,0,26489
TSS_1414_storz_regulondb,0.25,3,3,CCGTTCGGGCCGTATGTATA,0,79952
TSS_1414_storz_regulondb,0.25,3,3,CCGTGGGCCGATTCGCTAGG,0,36565
TSS_1414_storz_regulondb,0.25,3,3,CCGTGCGAGGGGGTCTTGTA,0,7751
TSS_1414_storz_regulondb,0.25,3,3,CCGTGCGACGCCACCAGAGC,0,56149
TSS_1414_storz_regulondb,0.25,3,3,CCGTCCCCGGGCTCTGCTCA,0,66167
TSS_1414_storz_regulondb,0.25,3,3,CCGTATATGCCGGTGAGTTA,0,4851
TSS_1414_storz_regulondb,0.25,3,3,CCGTAGGCAGCGCTACACTA,0,35838
TSS_1414_storz_regulondb,0.25,3,3,CCGTAGAGGGTCCGATGATG,0,12968
TSS_1414_storz_regulondb,0.25,3,3,CCGGTTAATCCATCTAACTA,0,14631
TSS_1414_storz_regulondb,0.25,3,3,CCGGTACTAGACGTGTGACC,0,7835
TSS_1414_storz_regulondb,0.25,3,3,CCGGTACTAATCATAACGTT,0,8381
TSS_1414_storz_regulondb,0.25,3,3,CCGGTAATATATCATACCCC,0,46676
TSS_1414_storz_regulondb,0.25,3,3,CCGGGCACGTGGTTACCTGC,0,78968
TSS_1414_storz_regulondb,0.25,3,3,CCGGCTCTGTACTTGCGGTT,0,1071
TSS_1414_storz_regulondb,0.25,3,3,CCGGCGTGGATCTATGGCCC,0,52561
TSS_1414_storz_regulondb,0.25,3,3,CCGGCGTCATGTATCAGCGA,0,43842
TSS_1414_storz_regulondb,0.25,3,3,CCGGCCCGCAGTCTACCACT,0,35965
TSS_1414_storz_regulondb,0.25,3,3,CCGGCACTCTGGGCACCATG,0,43768
TSS_1414_storz_regulondb,0.25,3,3,CCGGCACGCTACGTAACGGG,0,37220
TSS_1414_storz_regulondb,0.25,3,3,CCGGAGGTGGACACCGCGGT,0,74691
TSS_1414_storz_regulondb,0.25,3,3,CCGCTTTGCAAAAACCTTGG,0,27093
TSS_1414_storz_regulondb,0.25,3,3,CCGCTCGTTTCTAGCTTTTC,0,6199
TSS_1414_storz_regulondb,0.25,3,3,CCGCTAAGACCGAGGGTTGA,0,40725
TSS_1414_storz_regulondb,0.25,3,3,CCGCGTCCATGCCGGCGGGA,0,33052
TSS_1414_storz_regulondb,0.25,3,3,CCGCGGTAACCAACGGCGAG,0,58994
TSS_1414_storz_regulondb,0.25,3,3,CCGCGCATACAATGTTGTCC,0,50647
TSS_1414_storz_regulondb,0.25,3,3,CCGCCGAATTTGGGACGTAG,0,63649
TSS_1414_storz_regulondb,0.25,3,3,CCGCCATTTCTCCTTCCGGT,0,60490
TSS_1414_storz_regulondb,0.25,3,3,CCGCCAAACAGTAGAAACAT,0,66794
TSS_1414_storz_regulondb,0.25,3,3,CCGCAGGGAAGTCACATACA,0,64171
TSS_1414_storz_regulondb,0.25,3,3,CCGCAGAATAGGAGTCCAGC,0,21018
TSS_1414_storz_regulondb,0.25,3,3,CCGCACGCCCGTTCCGCATA,0,71764
TSS_1414_storz_regulondb,0.25,3,3,CCGATGCGTGCGTATGTCTA,0,14585
TSS_1414_storz_regulondb,0.25,3,3,CCGAGTGCAACCACCTCTAT,0,35622
TSS_1414_storz_regulondb,0.25,3,3,CCGAAATACGGTAGAGACAG,0,4787
TSS_1414_storz_regulondb,0.25,3,3,CCCTTTCCTTGAACGAAGGG,0,63244
TSS_1414_storz_regulondb,0.25,3,3,CCCTTCGTCGCATCTTTATG,0,32457
TSS_1414_storz_regulondb,0.25,3,3,CCCTGCCGGGACGTATCGCA,0,37277
TSS_1414_storz_regulondb,0.25,3,3,CCCTCTTTACGATACATCCC,0,6038
TSS_1414_storz_regulondb,0.25,3,3,CCCTACAATTTGGCTTATCC,0,12955
TSS_1414_storz_regulondb,0.25,3,3,CCCTAACCCATAAGGCACAT,0,17474
TSS_1414_storz_regulondb,0.25,3,3,CCCGTTTTGCAACGGCAGCT,0,22247
TSS_1414_storz_regulondb,0.25,3,3,CCCGTGTAGTACTTGAACTC,0,17987
TSS_1414_storz_regulondb,0.25,3,3,CCCGTGGGCATGTCCTAGGC,0,63298
TSS_1414_storz_regulondb,0.25,3,3,CCCGTGAATCTGGGATCGAT,0,43893
TSS_1414_storz_regulondb,0.25,3,3,CCCGGTCGCCACTGACATAA,0,33278
TSS_1414_storz_regulondb,0.25,3,3,CCCGCTTGAAACCGCAACGC,0,32677
TSS_1414_storz_regulondb,0.25,3,3,CCCGCTGTCAATTCCTAGGC,0,58289
TSS_1414_storz_regulondb,0.25,3,3,CCCGCTGTATTTTGTCCTAA,0,6569
TSS_1414_storz_regulondb,0.25,3,3,CCCGCGTGGCAGAAAACCCG,0,72035
TSS_1414_storz_regulondb,0.25,3,3,CCCGCGCCCTTAAAGTGTCG,0,23042
TSS_1414_storz_regulondb,0.25,3,3,CCCGCCCTTTAGCTAATCCA,0,29177
TSS_1414_storz_regulondb,0.25,3,3,CCCGCAAGGCTAAGTCCCTC,0,608
TSS_1414_storz_regulondb,0.25,3,3,CCCCTTAAATTCTTGCCATC,0,67643
TSS_1414_storz_regulondb,0.25,3,3,CCCCTCTCCGATTTAGGATA,0,38213
TSS_1414_storz_regulondb,0.25,3,3,CCCCTCGTGCCGGGTTGATA,0,14057
TSS_1414_storz_regulondb,0.25,3,3,CCCCGTCAGCATTATGTAGC,0,38128
TSS_1414_storz_regulondb,0.25,3,3,CCCCGGTGAGTAAACAGGTA,0,25726
TSS_1414_storz_regulondb,0.25,3,3,CCCCCCCGCGGCAACGCCTC,0,58758
TSS_1414_storz_regulondb,0.25,3,3,CCCCCCCCGCAAATGTGCAA,0,45979
TSS_1414_storz_regulondb,0.25,3,3,CCCCACAGCGCGATATCATT,0,49575
TSS_1414_storz_regulondb,0.25,3,3,CCCATGCTGGTGCGATGGCG,0,36220
TSS_1414_storz_regulondb,0.25,3,3,CCCATCGCACAAGATGTCTA,0,72626
TSS_1414_storz_regulondb,0.25,3,3,CCCACCATCTACCACTCGAT,0,23371
TSS_1414_storz_regulondb,0.25,3,3,CCATTCGTGATCTCGGCCCG,0,1622
TSS_1414_storz_regulondb,0.25,3,3,CCATGTGAGTCATGAAGGAA,0,36803
TSS_1414_storz_regulondb,0.25,3,3,CCATGGCACATTCGAAACCA,0,63726
TSS_1414_storz_regulondb,0.25,3,3,CCATCCACGGGACATTGGGC,0,16593
TSS_1414_storz_regulondb,0.25,3,3,CCATAGTGGTTGGTCGATGA,0,43835
TSS_1414_storz_regulondb,0.25,3,3,CCAGGGTCGTACGTGCAGCC,0,46032
TSS_1414_storz_regulondb,0.25,3,3,CCAGGCCTTCCATGCCATGC,0,57589
TSS_1414_storz_regulondb,0.25,3,3,CCAGCGCGATATCCGATGGC,0,29824
TSS_1414_storz_regulondb,0.25,3,3,CCAGCCTTTACCCAGTACTA,0,43718
TSS_1414_storz_regulondb,0.25,3,3,CCAGACTGTAAGTTGGTAAA,0,13663
TSS_1414_storz_regulondb,0.25,3,3,CCAGAATTTCACAGCTTCTC,0,8747
TSS_1414_storz_regulondb,0.25,3,3,CCACTTGTTCTTCAACCTGA,0,11809
TSS_1414_storz_regulondb,0.25,3,3,CCACTGCGGATTATAGACCA,0,36830
TSS_1414_storz_regulondb,0.25,3,3,CCACGCCCCGTCTTTGCATC,0,33122
TSS_1414_storz_regulondb,0.25,3,3,CCACGACCGTAATCCACGGC,0,25215
TSS_1414_storz_regulondb,0.25,3,3,CCACCCGTCTGTTGATCATT,0,29590
TSS_1414_storz_regulondb,0.25,3,3,CCACCCCTGGGAACTGAGTT,0,3968
TSS_1414_storz_regulondb,0.25,3,3,CCACATACTAGACAAGGCTA,0,8566
TSS_1414_storz_regulondb,0.25,3,3,CCACATAAGGGCGCGGCACT,0,36183
TSS_1414_storz_regulondb,0.25,3,3,CCACAGCAAACGTTTACTGG,0,9025
TSS_1414_storz_regulondb,0.25,3,3,CCAAGACGTAGACCACCAGG,0,24761
TSS_1414_storz_regulondb,0.25,3,3,CCAACCTCCTGTCCGCGGCG,0,57171
TSS_1414_storz_regulondb,0.25,3,3,CCAAATCAGCGGCTAACTCA,0,12784
TSS_1414_storz_regulondb,0.25,3,3,CATTTTATGGTTATGATCCC,0,36923
TSS_1414_storz_regulondb,0.25,3,3,CATTTGGTATTTATCGTTAT,0,44265
TSS_1414_storz_regulondb,0.25,3,3,CATTTCATTTGTCCTCGCTG,0,56369
TSS_1414_storz_regulondb,0.25,3,3,CATTGTAACAGGAATTTTTT,0,29733
TSS_1414_storz_regulondb,0.25,3,3,CATTCGGAGCCCTGCTCCTC,0,48946
TSS_1414_storz_regulondb,0.25,3,3,CATTCCCAGCTCAGCAAGCA,0,80541
TSS_1414_storz_regulondb,0.25,3,3,CATTATTCTGGCCCATAGGG,0,53353
TSS_1414_storz_regulondb,0.25,3,3,CATGTTTTTTTCTGTACGGT,0,33677
TSS_1414_storz_regulondb,0.25,3,3,CATGTTTTTCAATACCATGA,0,75863
TSS_1414_storz_regulondb,0.25,3,3,CATGTTAGGGGGAGGAACCA,0,761
TSS_1414_storz_regulondb,0.25,3,3,CATGTGATAGACGTAAACTC,0,27691
TSS_1414_storz_regulondb,0.25,3,3,CATGTCCCCGGAAGGACCAT,0,35438
TSS_1414_storz_regulondb,0.25,3,3,CATGGTCCGTTGTGCACACG,0,41506
TSS_1414_storz_regulondb,0.25,3,3,CATGGGATGCTTAGGAAATT,0,33867
TSS_1414_storz_regulondb,0.25,3,3,CATGGACGGACGGGATACAA,0,70125
TSS_1414_storz_regulondb,0.25,3,3,CATGGACGAGTACTTCTAAG,0,34730
TSS_1414_storz_regulondb,0.25,3,3,CATGCCTTGTGCGTCATGTA,0,74908
TSS_1414_storz_regulondb,0.25,3,3,CATGCCGCCGTCGTCGCACG,0,31509
TSS_1414_storz_regulondb,0.25,3,3,CATGAGAACCGGCTTGCATC,0,25571
TSS_1414_storz_regulondb,0.25,3,3,CATGACTGTCACAGGTGGAT,0,22261
TSS_1414_storz_regulondb,0.25,3,3,CATGACCCGAGCTTTGCGCC,0,16156
TSS_1414_storz_regulondb,0.25,3,3,CATGAAAGGAAACGATTACA,0,35834
TSS_1414_storz_regulondb,0.25,3,3,CATCTTAAGCAACCAGATTC,0,3562
TSS_1414_storz_regulondb,0.25,3,3,CATCTGGTGGTCCACCTGTT,0,64555
TSS_1414_storz_regulondb,0.25,3,3,CATCGGTAATAACAGCTCAC,0,29555
TSS_1414_storz_regulondb,0.25,3,3,CATCGGATATGGGGAACGTG,0,32638
TSS_1414_storz_regulondb,0.25,3,3,CATCCGGGACAATCCTACGC,0,73456
TSS_1414_storz_regulondb,0.25,3,3,CATCCGGCTACCGAACTGCT,0,51173
TSS_1414_storz_regulondb,0.25,3,3,CATCCCGAGCACAGGTCCCG,0,72545
TSS_1414_storz_regulondb,0.25,3,3,CATCCCGAAAACCTACACCT,0,66714
TSS_1414_storz_regulondb,0.25,3,3,CATCAGCTACAGAATGACTG,0,1983
TSS_1414_storz_regulondb,0.25,3,3,CATCAACAACCAGTGTCTAA,0,68870
TSS_1414_storz_regulondb,0.25,3,3,CATATTGTTCACTGACAAGG,0,73069
TSS_1414_storz_regulondb,0.25,3,3,CATATCCGGTGGCAACCCCG,0,61832
TSS_1414_storz_regulondb,0.25,3,3,CATAGTTGAGGATTCATACG,0,60349
TSS_1414_storz_regulondb,0.25,3,3,CATAGAGTCAATAGAGATGT,0,8645
TSS_1414_storz_regulondb,0.25,3,3,CATAACGACAGATAGTGCGG,0,63849
TSS_1414_storz_regulondb,0.25,3,3,CAGTTTAGAAAAGATCACGA,0,41192
TSS_1414_storz_regulondb,0.25,3,3,CAGTTGAGAATTTCTGCACC,0,1038
TSS_1414_storz_regulondb,0.25,3,3,CAGTTCGCGGGCGTCGCGCG,0,79433
TSS_1414_storz_regulondb,0.25,3,3,CAGTTCCGAAGACAAACTTG,0,54062
TSS_1414_storz_regulondb,0.25,3,3,CAGTGCGTCAAGCATCTTTT,0,65662
TSS_1414_storz_regulondb,0.25,3,3,CAGTGCGGTAGTATTGTTTT,0,80363
TSS_1414_storz_regulondb,0.25,3,3,CAGTGCCAACATCAGGGAAA,0,61746
TSS_1414_storz_regulondb,0.25,3,3,CAGTGAGTGATGTCTCGCGG,0,18905
TSS_1414_storz_regulondb,0.25,3,3,CAGTACGGCACACAGGTGAT,0,33429
TSS_1414_storz_regulondb,0.25,3,3,CAGTACAAAAAAGTCTAAGC,0,38392
TSS_1414_storz_regulondb,0.25,3,3,CAGTAATTGGGTTGAGCTAG,0,57089
TSS_1414_storz_regulondb,0.25,3,3,CAGGTGAACTCGTATGGCCT,0,71762
TSS_1414_storz_regulondb,0.25,3,3,CAGGGTTTCGGAGTAAATGA,0,6449
TSS_1414_storz_regulondb,0.25,3,3,CAGGAGGGGCATTGCGTTTC,0,8490
TSS_1414_storz_regulondb,0.25,3,3,CAGGAATTGTAGACCTAACT,0,6645
TSS_1414_storz_regulondb,0.25,3,3,CAGCTTCGTTTTACTGGCGT,0,397
TSS_1414_storz_regulondb,0.25,3,3,CAGCTGCTGATACACGGGCT,0,20304
TSS_1414_storz_regulondb,0.25,3,3,CAGCTCTGCGGGTGACATAA,0,25244
TSS_1414_storz_regulondb,0.25,3,3,CAGCTAATTTGGCATCCTTC,0,4906
TSS_1414_storz_regulondb,0.25,3,3,CAGCGCGGTATAGGTGAGAC,0,58631
TSS_1414_storz_regulondb,0.25,3,3,CAGCCCTTAGGTCTCACAGG,0,43548
TSS_1414_storz_regulondb,0.25,3,3,CAGCCCGTACTGACTCGCCG,0,2146
TSS_1414_storz_regulondb,0.25,3,3,CAGCCAATTTGGAAGGACGG,0,2011
TSS_1414_storz_regulondb,0.25,3,3,CAGCCAACGTTTGTTTATGT,0,26506
TSS_1414_storz_regulondb,0.25,3,3,CAGCAGGAGCTCCAAGGTCC,0,39682
TSS_1414_storz_regulondb,0.25,3,3,CAGCAGATGGCATTAATTAA,0,1658
TSS_1414_storz_regulondb,0.25,3,3,CAGCACGGCCCGACTGCCTG,0,30393
TSS_1414_storz_regulondb,0.25,3,3,CAGAGTCGCTCCCCCGAGGA,0,50652
TSS_1414_storz_regulondb,0.25,3,3,CAGAGCTCCGTGCAACTAGA,0,54758
TSS_1414_storz_regulondb,0.25,3,3,CAGAGCCGTCTCACACGGCA,0,72051
TSS_1414_storz_regulondb,0.25,3,3,CAGAGAGAACCACCTTACAC,0,67768
TSS_1414_storz_regulondb,0.25,3,3,CAGACTCCGGGGTTCTGTCA,0,71531
TSS_1414_storz_regulondb,0.25,3,3,CAGACGGTATCGAAACTGAG,0,70657
TSS_1414_storz_regulondb,0.25,3,3,CAGACGCAAGGTCTGACCAT,0,46379
TSS_1414_storz_regulondb,0.25,3,3,CAGACGAGGTATTGCTGTGT,0,77527
TSS_1414_storz_regulondb,0.25,3,3,CAGAAGCGTGAAGTGCGAGT,0,30295
TSS_1414_storz_regulondb,0.25,3,3,CAGAAGAACGCAGCTTTCAT,0,63716
TSS_1414_storz_regulondb,0.25,3,3,CAGAACAGACATCTATTCGA,0,27723
TSS_1414_storz_regulondb,0.25,3,3,CACTTAGCCACCCCGTCCGA,0,41846
TSS_1414_storz_regulondb,0.25,3,3,CACTTAATACAGCAGTCGGA,0,2850
TSS_1414_storz_regulondb,0.25,3,3,CACTGTTGACCGGTGAGTAT,0,50639
TSS_1414_storz_regulondb,0.25,3,3,CACTGGTTTTTATACAGCGA,0,29036
TSS_1414_storz_regulondb,0.25,3,3,CACTGGTTTGTCTTGAAAGT,0,28269
TSS_1414_storz_regulondb,0.25,3,3,CACTGGGTTGGCAATCCCGA,0,30082
TSS_1414_storz_regulondb,0.25,3,3,CACTGGAGCAATATGGGAAG,0,58371
TSS_1414_storz_regulondb,0.25,3,3,CACTGCCAACGTTCAATAGC,0,75651
TSS_1414_storz_regulondb,0.25,3,3,CACGTCGGTGACTGGACCTG,0,19242
TSS_1414_storz_regulondb,0.25,3,3,CACGTATCAACGGCGCAAGT,0,34080
TSS_1414_storz_regulondb,0.25,3,3,CACGGCTATCAAGGCGAGGC,0,9531
TSS_1414_storz_regulondb,0.25,3,3,CACGGCGTCCCTCACGTCAG,0,64548
TSS_1414_storz_regulondb,0.25,3,3,CACGGAGGCCCGTTTCGTAG,0,31426
TSS_1414_storz_regulondb,0.25,3,3,CACGCGCTCGACAATTCCGG,0,25447
TSS_1414_storz_regulondb,0.25,3,3,CACGCGCCGTGAGCCCCCAA,0,69721
TSS_1414_storz_regulondb,0.25,3,3,CACGCATCTCACTGGCTGCT,0,65639
TSS_1414_storz_regulondb,0.25,3,3,CACGATGCATGGGGCCTTCA,0,78904
TSS_1414_storz_regulondb,0.25,3,3,CACGATCATACCACCGAGGG,0,68710
TSS_1414_storz_regulondb,0.25,3,3,CACCGCTGGGTACACACCAA,0,71770
TSS_1414_storz_regulondb,0.25,3,3,CACCCTCTATAGAATGTTTC,0,20949
TSS_1414_storz_regulondb,0.25,3,3,CACCCCTGGCCAGGCGTCTA,0,12948
TSS_1414_storz_regulondb,0.25,3,3,CACCATATTTCGAAGGATCA,0,77977
TSS_1414_storz_regulondb,0.25,3,3,CACATCTTTCGAATAGAGAA,0,63307
TSS_1414_storz_regulondb,0.25,3,3,CACATCGCGTAGTCTACGAC,0,54873
TSS_1414_storz_regulondb,0.25,3,3,CACAGGTACTGAAGGGAGCG,0,45673
TSS_1414_storz_regulondb,0.25,3,3,CACAGGCCGTATTGTTACAA,0,39483
TSS_1414_storz_regulondb,0.25,3,3,CACACTTTCGGCGCACTACG,0,44013
TSS_1414_storz_regulondb,0.25,3,3,CACACGGAAGCTCCACAACG,0,73338
TSS_1414_storz_regulondb,0.25,3,3,CACACGCTGACGTAAACTGG,0,33217
TSS_1414_storz_regulondb,0.25,3,3,CACACCGCCCTAACGTGGTT,0,28472
TSS_1414_storz_regulondb,0.25,3,3,CACACCCCTGCCAACTGTTT,0,32516
TSS_1414_storz_regulondb,0.25,3,3,CACAATTGGAGTACGGCCAC,0,19303
TSS_1414_storz_regulondb,0.25,3,3,CAATGGGAATCAGCCGGTCA,0,30264
TSS_1414_storz_regulondb,0.25,3,3,CAATCATCACAGCTTGCGAC,0,43736
TSS_1414_storz_regulondb,0.25,3,3,CAATAGCACATGCCGGGTTT,0,21183
TSS_1414_storz_regulondb,0.25,3,3,CAAGTGTCACCTCTGATGGC,0,69180
TSS_1414_storz_regulondb,0.25,3,3,CAAGTGGATACAAACGCCAA,0,78616
TSS_1414_storz_regulondb,0.25,3,3,CAAGGCGTGCGCGGTCTAAA,0,53112
TSS_1414_storz_regulondb,0.25,3,3,CAAGCTGGACCATTGCATTG,0,69365
TSS_1414_storz_regulondb,0.25,3,3,CAAGCACAGTGCGCCTTACT,0,23896
TSS_1414_storz_regulondb,0.25,3,3,CAAGAGGACTTCGTCGGTAA,0,47673
TSS_1414_storz_regulondb,0.25,3,3,CAACTTAGACCATTTAAGGT,0,3140
TSS_1414_storz_regulondb,0.25,3,3,CAACTGGGGAATGGTTGTTA,0,34445
TSS_1414_storz_regulondb,0.25,3,3,CAACCGAGCGGCCGGGTCGT,0,21525
TSS_1414_storz_regulondb,0.25,3,3,CAACATCTAGGTGGGATAAG,0,35998
TSS_1414_storz_regulondb,0.25,3,3,CAAATTCAACTCCGACTTGC,0,56537
TSS_1414_storz_regulondb,0.25,3,3,CAAATCCCGCGCATCCTGTA,0,8560
TSS_1414_storz_regulondb,0.25,3,3,CAAAGTTATCCTAAATGGCC,0,64170
TSS_1414_storz_regulondb,0.25,3,3,CAAAGCGCAAGATTGGGTTA,0,58192
TSS_1414_storz_regulondb,0.25,3,3,CAAAGCCCCTAGATCAGATA,0,57643
TSS_1414_storz_regulondb,0.25,3,3,CAAAGATGTGGACGTAATCC,0,6455
TSS_1414_storz_regulondb,0.25,3,3,CAAACTCGCTTCAGATATTG,0,4083
TSS_1414_storz_regulondb,0.25,3,3,CAAACGCGGAGGGCCTGTCA,0,15868
TSS_1414_storz_regulondb,0.25,3,3,CAAACCCCGGGAGGGATACA,0,9966
TSS_1414_storz_regulondb,0.25,3,3,ATTTCGGGGATACCAAATGA,0,65319
TSS_1414_storz_regulondb,0.25,3,3,ATTTATTCGCATGAGCTTGG,0,20567
TSS_1414_storz_regulondb,0.25,3,3,ATTGTCCCAAGCTTGCGTGT,0,43696
TSS_1414_storz_regulondb,0.25,3,3,ATTGGTTAAGGACACTGTGA,0,43353
TSS_1414_storz_regulondb,0.25,3,3,ATTGGGGCGGGACTGGCGCC,0,73254
TSS_1414_storz_regulondb,0.25,3,3,ATTGCGTTTACCTGGGCTCG,0,36503
TSS_1414_storz_regulondb,0.25,3,3,ATTGAGCAGGTTTCAGAACA,0,51988
TSS_1414_storz_regulondb,0.25,3,3,ATTGAATTAGAGATTCCGGA,0,13164
TSS_1414_storz_regulondb,0.25,3,3,ATTCTTTAGACCACTCTCAC,0,29205
TSS_1414_storz_regulondb,0.25,3,3,ATTCTAGCCGGTGGCCGCGT,0,23056
TSS_1414_storz_regulondb,0.25,3,3,ATTCGTGATCGACTGTTCGT,0,35219
TSS_1414_storz_regulondb,0.25,3,3,ATTCGAGAATACACTATCTT,0,14751
TSS_1414_storz_regulondb,0.25,3,3,ATTCCTCTTGGTTAGAATGT,0,55606
TSS_1414_storz_regulondb,0.25,3,3,ATTCCACCGCGTGGATTTAT,0,70621
TSS_1414_storz_regulondb,0.25,3,3,ATTCCACAAGCGCGGACATG,0,64712
TSS_1414_storz_regulondb,0.25,3,3,ATTCCAAGGACCGGGGCTGC,0,17893
TSS_1414_storz_regulondb,0.25,3,3,ATTCATAGGAGGCATTAATT,0,61775
TSS_1414_storz_regulondb,0.25,3,3,ATTCACTCTGAAGCTAAAGG,0,53942
TSS_1414_storz_regulondb,0.25,3,3,ATTCAACGGTATTATCACCA,0,26861
TSS_1414_storz_regulondb,0.25,3,3,ATTATGTCACTCCGGCTGTC,0,7995
TSS_1414_storz_regulondb,0.25,3,3,ATTAGGGCGGTCAGTGACAG,0,11648
TSS_1414_storz_regulondb,0.25,3,3,ATTAGGACACGTTATGTGTA,0,32860
TSS_1414_storz_regulondb,0.25,3,3,ATTAGCTAGGCGTAGTATAT,0,17694
TSS_1414_storz_regulondb,0.25,3,3,ATTACTATGTCGAATTCTCT,0,20365
TSS_1414_storz_regulondb,0.25,3,3,ATTACCTTATAACACCTCGT,0,9035
TSS_1414_storz_regulondb,0.25,3,3,ATTACCGTGGGGATCAAATG,0,25031
TSS_1414_storz_regulondb,0.25,3,3,ATTAACCACCGGAAGGAGGT,0,78858
TSS_1414_storz_regulondb,0.25,3,3,ATGTTGTTTAACGGTGTAAG,0,547
TSS_1414_storz_regulondb,0.25,3,3,ATGTTGTATGCCCAACAGTT,0,52327
TSS_1414_storz_regulondb,0.25,3,3,ATGTTACCTCGGCTAGGCGT,0,805
TSS_1414_storz_regulondb,0.25,3,3,ATGTCTTGGTTTCTTATTCC,0,18134
TSS_1414_storz_regulondb,0.25,3,3,ATGTCTTCGCCGCGTCCTGG,0,60805
TSS_1414_storz_regulondb,0.25,3,3,ATGTCGGTAGGTTATGGGGT,0,13504
TSS_1414_storz_regulondb,0.25,3,3,ATGTCAGAACTGAAGGCGCT,0,62565
TSS_1414_storz_regulondb,0.25,3,3,ATGTAACATCTGGTGAACAA,0,76316
TSS_1414_storz_regulondb,0.25,3,3,ATGGTTGGGGTCCCGTTAAA,0,4686
TSS_1414_storz_regulondb,0.25,3,3,ATGGTGCGTCCTCGGAAAAA,0,49394
TSS_1414_storz_regulondb,0.25,3,3,ATGGTCAGGGTAAACCTTGG,0,16812
TSS_1414_storz_regulondb,0.25,3,3,ATGGTATTTAAGAATGGGGA,0,49298
TSS_1414_storz_regulondb,0.25,3,3,ATGGGTTTTATCGTGGATGG,0,64692
TSS_1414_storz_regulondb,0.25,3,3,ATGGGTGCACTAGCTGCTCC,0,65197
TSS_1414_storz_regulondb,0.25,3,3,ATGGGGAGCAATTCCGAAGC,0,20362
TSS_1414_storz_regulondb,0.25,3,3,ATGGGCGCTTAGAGTCTCGC,0,11124
TSS_1414_storz_regulondb,0.25,3,3,ATGGCTTATTTTGGGCGTAA,0,25489
TSS_1414_storz_regulondb,0.25,3,3,ATGGCATTCTGTACAAGATT,0,68795
TSS_1414_storz_regulondb,0.25,3,3,ATGGCACTCGAGGGATGGGG,0,78142
TSS_1414_storz_regulondb,0.25,3,3,ATGGCAAGAGGTCGGGGTGT,0,33612
TSS_1414_storz_regulondb,0.25,3,3,ATGGATTCGGTGATAGCTCC,0,47810
TSS_1414_storz_regulondb,0.25,3,3,ATGGATGATGTCGTTAAGGC,0,60198
TSS_1414_storz_regulondb,0.25,3,3,ATGCTTGGGCTGGGGTCTGT,0,45778
TSS_1414_storz_regulondb,0.25,3,3,ATGCTGGCTTCGCTATCGGT,0,55856
TSS_1414_storz_regulondb,0.25,3,3,ATGCTCAGGTTAACTTATCA,0,78750
TSS_1414_storz_regulondb,0.25,3,3,ATGCTAACACACAGGGGATA,0,36292
TSS_1414_storz_regulondb,0.25,3,3,ATGCGTCATTCTAGTAGAAT,0,70234
TSS_1414_storz_regulondb,0.25,3,3,ATGCCCTAATACATGCCATT,0,44604
TSS_1414_storz_regulondb,0.25,3,3,ATGCCATGCCCGACTGACGT,0,6663
TSS_1414_storz_regulondb,0.25,3,3,ATGCATGACCGAAGATCTCC,0,28417
TSS_1414_storz_regulondb,0.25,3,3,ATGCATACGCAGACTGGGAA,0,26278
TSS_1414_storz_regulondb,0.25,3,3,ATGCATAAATCCACCCATCA,0,35055
TSS_1414_storz_regulondb,0.25,3,3,ATGAGCCTGAGTATCCGGTA,0,57351
TSS_1414_storz_regulondb,0.25,3,3,ATGAGAAACGCCACTCTACA,0,24669
TSS_1414_storz_regulondb,0.25,3,3,ATGACTATCCATTCAGATCT,0,56248
TSS_1414_storz_regulondb,0.25,3,3,ATGACGAGGGAGATGACGCA,0,57822
TSS_1414_storz_regulondb,0.25,3,3,ATGACGAATCACTCCTATGT,0,37736
TSS_1414_storz_regulondb,0.25,3,3,ATGACCTCAGCAATCTGTCG,0,16807
TSS_1414_storz_regulondb,0.25,3,3,ATCTTTATTTGAATCCCGTC,0,56392
TSS_1414_storz_regulondb,0.25,3,3,ATCTTGGCGCGCAGAACGTA,0,41452
TSS_1414_storz_regulondb,0.25,3,3,ATCTGATCGAAGGTACCAAC,0,64440
TSS_1414_storz_regulondb,0.25,3,3,ATCTCTGGCTCGTCGGAGTT,0,26516
TSS_1414_storz_regulondb,0.25,3,3,ATCTCGATCCGCGCCTAAGC,0,41388
TSS_1414_storz_regulondb,0.25,3,3,ATCTCCATATAGAATGGATG,0,16581
TSS_1414_storz_regulondb,0.25,3,3,ATCTATTACGAGACCAGCGG,0,63356
TSS_1414_storz_regulondb,0.25,3,3,ATCTACTCAGGTGTTTTTTT,0,35341
TSS_1414_storz_regulondb,0.25,3,3,ATCTAAATGGCGGTTGTCAG,0,55867
TSS_1414_storz_regulondb,0.25,3,3,ATCGTGTGGGCAATTTAGTG,0,7946
TSS_1414_storz_regulondb,0.25,3,3,ATCGGCAAGGAATTTAAAAA,0,38055
TSS_1414_storz_regulondb,0.25,3,3,ATCGGATAACAAGGCCCGCT,0,29809
TSS_1414_storz_regulondb,0.25,3,3,ATCGCTTATTACCAATAAAG,0,79761
TSS_1414_storz_regulondb,0.25,3,3,ATCGCGTATTCCTACGCTCT,0,50838
TSS_1414_storz_regulondb,0.25,3,3,ATCGCCCGGATAATATACCC,0,138
TSS_1414_storz_regulondb,0.25,3,3,ATCGCCCACATCGGCGTTCA,0,61269
TSS_1414_storz_regulondb,0.25,3,3,ATCGATAAGGAACCCGGCTA,0,75340
TSS_1414_storz_regulondb,0.25,3,3,ATCCTTGCGCTACCGAAGTT,0,60758
TSS_1414_storz_regulondb,0.25,3,3,ATCCTGAAGGACTTAAGGCC,0,80700
TSS_1414_storz_regulondb,0.25,3,3,ATCCTAGTAGCTCGTTCCAA,0,22941
TSS_1414_storz_regulondb,0.25,3,3,ATCCGGGGCCGAATGTTACA,0,46939
TSS_1414_storz_regulondb,0.25,3,3,ATCCGGCCTCGCAGTAGCTG,0,33093
TSS_1414_storz_regulondb,0.25,3,3,ATCCGCAGGGCACCTATTAG,0,21129
TSS_1414_storz_regulondb,0.25,3,3,ATCCGAACTATCAGTGATTA,0,62646
TSS_1414_storz_regulondb,0.25,3,3,ATCCCTTAAATGGTCTTTGT,0,78744
TSS_1414_storz_regulondb,0.25,3,3,ATCCCTGGTTATGCTGGTTA,0,3989
TSS_1414_storz_regulondb,0.25,3,3,ATCCCGAAGATTTGGGTCAT,0,54967
TSS_1414_storz_regulondb,0.25,3,3,ATCATAGATAGACGGGCTGT,0,80080
TSS_1414_storz_regulondb,0.25,3,3,ATCAGGTGTGTCGGAGATAA,0,24980
TSS_1414_storz_regulondb,0.25,3,3,ATCACTTCGGACGTTAGCGG,0,77748
TSS_1414_storz_regulondb,0.25,3,3,ATCAAGAATTCTTTTTCGCC,0,14355
TSS_1414_storz_regulondb,0.25,3,3,ATCAACATGTGCTTTGCCGA,0,1835
TSS_1414_storz_regulondb,0.25,3,3,ATCAACAGCTCCTGTTCGTT,0,44479
TSS_1414_storz_regulondb,0.25,3,3,ATCAAAATTGGGAGCACCAC,0,60869
TSS_1414_storz_regulondb,0.25,3,3,ATATTATAATGAGTTAGCAT,0,7991
TSS_1414_storz_regulondb,0.25,3,3,ATATGCTAAGACTGCCATCA,0,13990
TSS_1414_storz_regulondb,0.25,3,3,ATATCGTCCGTTTCACTCTA,0,62537
TSS_1414_storz_regulondb,0.25,3,3,ATATATAAGAGCCAACTCCT,0,12769
TSS_1414_storz_regulondb,0.25,3,3,ATATACTGTAGTCGTTAGTT,0,23935
TSS_1414_storz_regulondb,0.25,3,3,ATATACGTATGTATAAGGAT,0,33995
TSS_1414_storz_regulondb,0.25,3,3,ATATACGGTTATTAATTCAT,0,66325
TSS_1414_storz_regulondb,0.25,3,3,ATATACATATTAGTACTGGA,0,28116
TSS_1414_storz_regulondb,0.25,3,3,ATATAAGTCTAGCTGTAGGT,0,33262
TSS_1414_storz_regulondb,0.25,3,3,ATATAAGAGCTACGCAACAG,0,27947
TSS_1414_storz_regulondb,0.25,3,3,ATAGGACTGGATGTTCCTGC,0,51214
TSS_1414_storz_regulondb,0.25,3,3,ATAGGACCGCTTAAGAGAGT,0,33392
TSS_1414_storz_regulondb,0.25,3,3,ATAGGACACTGTAGGCTGGA,0,66920
TSS_1414_storz_regulondb,0.25,3,3,ATAGGAAAATGCGGATGATC,0,26661
TSS_1414_storz_regulondb,0.25,3,3,ATAGCGCTAGCACTAGCTCT,0,21264
TSS_1414_storz_regulondb,0.25,3,3,ATAGCCAGCATGGTCTACAG,0,23135
TSS_1414_storz_regulondb,0.25,3,3,ATAGATATTTCCGTTCGTCA,0,70402
TSS_1414_storz_regulondb,0.25,3,3,ATAGAATCATAACAACGTGA,0,38720
TSS_1414_storz_regulondb,0.25,3,3,ATAGAAACCGAGCCGGTACG,0,56877
TSS_1414_storz_regulondb,0.25,3,3,ATACTCCGAGAGCCCGTTGA,0,8996
TSS_1414_storz_regulondb,0.25,3,3,ATACGTTGAGGAGACAGGTC,0,25986
TSS_1414_storz_regulondb,0.25,3,3,ATACGTTCTAGACCTCGTAG,0,50808
TSS_1414_storz_regulondb,0.25,3,3,ATACGGCGGCTCTGATGTCG,0,43628
TSS_1414_storz_regulondb,0.25,3,3,ATACGGATAGAGCTCCAAGG,0,64506
TSS_1414_storz_regulondb,0.25,3,3,ATACGCGGTAGTCAAACAAC,0,35331
TSS_1414_storz_regulondb,0.25,3,3,ATACGAGTACTGCCACAAGC,0,64717
TSS_1414_storz_regulondb,0.25,3,3,ATACCGACCAGTGTCACTAG,0,49845
TSS_1414_storz_regulondb,0.25,3,3,ATACCACTACAGGATACGCA,0,12815
TSS_1414_storz_regulondb,0.25,3,3,ATACATTTCGATGCAGTGGA,0,19008
TSS_1414_storz_regulondb,0.25,3,3,ATACATGAAAATATCCATCC,0,10340
TSS_1414_storz_regulondb,0.25,3,3,ATAATGAAAGGTGTTTTTAC,0,79986
TSS_1414_storz_regulondb,0.25,3,3,ATAATAAGTCTTTGAAGTCA,0,65122
TSS_1414_storz_regulondb,0.25,3,3,ATAAGAGTTAACGTGGTTCT,0,70297
TSS_1414_storz_regulondb,0.25,3,3,ATAACTTTATAAGGTCTGTC,0,30128
TSS_1414_storz_regulondb,0.25,3,3,ATAAAGAGAGTTGGCGGGTG,0,58679
TSS_1414_storz_regulondb,0.25,3,3,ATAAACCCGGGATTGAGGTG,0,72171
TSS_1414_storz_regulondb,0.25,3,3,AGTTTTCTGCCCAGGTAACA,0,72892
TSS_1414_storz_regulondb,0.25,3,3,AGTTTGTCCCTTCTATGGTC,0,67712
TSS_1414_storz_regulondb,0.25,3,3,AGTTTCGTGGAGAATGCGGA,0,29884
TSS_1414_storz_regulondb,0.25,3,3,AGTTGTAAATCGCGGCTTGA,0,59585
TSS_1414_storz_regulondb,0.25,3,3,AGTTGCTACTCGCTGTTATT,0,78713
TSS_1414_storz_regulondb,0.25,3,3,AGTTGACGCGCTTTCCACTC,0,40868
TSS_1414_storz_regulondb,0.25,3,3,AGTTACTCGGCTGAACCAGG,0,65342
TSS_1414_storz_regulondb,0.25,3,3,AGTTACACGCGAGGCTATAG,0,42199
TSS_1414_storz_regulondb,0.25,3,3,AGTTAAGCTTGTATGAGCGT,0,27625
TSS_1414_storz_regulondb,0.25,3,3,AGTGTAGCTCAACGGTCCCG,0,13781
TSS_1414_storz_regulondb,0.25,3,3,AGTGTAAACACAGATTCAGA,0,21954
TSS_1414_storz_regulondb,0.25,3,3,AGTGGCTCTTCGCAAACCGA,0,77991
TSS_1414_storz_regulondb,0.25,3,3,AGTGGCAGGAGCGGCCAAGT,0,60206
TSS_1414_storz_regulondb,0.25,3,3,AGTGGATCCTTGCAAATAAA,0,7621
TSS_1414_storz_regulondb,0.25,3,3,AGTGCTCGGTTTTTGTACCA,0,30554
TSS_1414_storz_regulondb,0.25,3,3,AGTGCTCCCAGTGGACAGTA,0,36293
TSS_1414_storz_regulondb,0.25,3,3,AGTGAGGGCGACACTTATAT,0,75275
TSS_1414_storz_regulondb,0.25,3,3,AGTCTTGAATGAAAACGAAT,0,69553
TSS_1414_storz_regulondb,0.25,3,3,AGTCGGTATTCTCCTAACCT,0,49314
TSS_1414_storz_regulondb,0.25,3,3,AGTCGAAGCCGGCATGGCGA,0,19925
TSS_1414_storz_regulondb,0.25,3,3,AGTCCCAATGCATTAAGACC,0,10036
TSS_1414_storz_regulondb,0.25,3,3,AGTCCAAACGCTTTCCAATA,0,63281
TSS_1414_storz_regulondb,0.25,3,3,AGTCAGAGTATGCATATCAT,0,36196
TSS_1414_storz_regulondb,0.25,3,3,AGTCAATGACGGTTTCAGTC,0,14362
TSS_1414_storz_regulondb,0.25,3,3,AGTCAAGATTATCAGAATTC,0,68827
TSS_1414_storz_regulondb,0.25,3,3,AGTATTGCGTTTGGTGAGGT,0,7010
TSS_1414_storz_regulondb,0.25,3,3,AGTAGCGATAATGGTCCAAT,0,74315
TSS_1414_storz_regulondb,0.25,3,3,AGTAGCCTTAAAATGCGTGT,0,62857
TSS_1414_storz_regulondb,0.25,3,3,AGTAGCAGTCTGAAACGAGT,0,16969
TSS_1414_storz_regulondb,0.25,3,3,AGTACCAAATTATCTAATCT,0,22992
TSS_1414_storz_regulondb,0.25,3,3,AGTAAAGACTACAGTTGTGT,0,26031
TSS_1414_storz_regulondb,0.25,3,3,AGGTTTTGACATGCATTGAG,0,78746
TSS_1414_storz_regulondb,0.25,3,3,AGGTTAATTGCTTTGACCTG,0,30550
TSS_1414_storz_regulondb,0.25,3,3,AGGTGAGACAATGCTCAGGT,0,62257
TSS_1414_storz_regulondb,0.25,3,3,AGGTGACTCTACAAACTGTA,0,12877
TSS_1414_storz_regulondb,0.25,3,3,AGGTCTTAACAGGGTGCGTT,0,53885
TSS_1414_storz_regulondb,0.25,3,3,AGGTCTATGGAATGCGCTTT,0,2315
TSS_1414_storz_regulondb,0.25,3,3,AGGTCGTTGCATTGTGACAC,0,37829
TSS_1414_storz_regulondb,0.25,3,3,AGGTCGGTGGGTTTCTCTCC,0,9969
TSS_1414_storz_regulondb,0.25,3,3,AGGTCGGATTACTGAGTGGT,0,77726
TSS_1414_storz_regulondb,0.25,3,3,AGGTCATCACTTCATGGTCA,0,48311
TSS_1414_storz_regulondb,0.25,3,3,AGGTCACACAGATCAACATA,0,52798
TSS_1414_storz_regulondb,0.25,3,3,AGGTAGTCGGCAACCTTGTA,0,13749
TSS_1414_storz_regulondb,0.25,3,3,AGGTAAAGTCGGAGGCGGGC,0,30604
TSS_1414_storz_regulondb,0.25,3,3,AGGGTTAATGAGCGTAGTGG,0,59461
TSS_1414_storz_regulondb,0.25,3,3,AGGGTGTGAGTTGGAAAGGT,0,29463
TSS_1414_storz_regulondb,0.25,3,3,AGGGTGGAACAGTACAGATA,0,60737
TSS_1414_storz_regulondb,0.25,3,3,AGGGTGCCGTTACATATTAG,0,74654
TSS_1414_storz_regulondb,0.25,3,3,AGGGTCGGCTTCGTGGGGCA,0,3221
TSS_1414_storz_regulondb,0.25,3,3,AGGGTCCGCTAACTTGGTTT,0,76339
TSS_1414_storz_regulondb,0.25,3,3,AGGGTCCCGGTACGCAACCA,0,44024
TSS_1414_storz_regulondb,0.25,3,3,AGGGGCCAGTCCGCTATTCT,0,63768
TSS_1414_storz_regulondb,0.25,3,3,AGGGCGGTTACCATAGGGAA,0,18076
TSS_1414_storz_regulondb,0.25,3,3,AGGGCATATCTGGGGTCTGC,0,7793
TSS_1414_storz_regulondb,0.25,3,3,AGGGCACGCGAGCTCCGGGC,0,65315
TSS_1414_storz_regulondb,0.25,3,3,AGGGATCCCGATTCCTCGGG,0,79481
TSS_1414_storz_regulondb,0.25,3,3,AGGGAGCTGCGGCATTGGTC,0,5741
TSS_1414_storz_regulondb,0.25,3,3,AGGGACCTGCGGGGTCAGTT,0,28617
TSS_1414_storz_regulondb,0.25,3,3,AGGCTGTGGGTGCAAACATT,0,69918
TSS_1414_storz_regulondb,0.25,3,3,AGGCTGGACGCACCTTCTCG,0,40362
TSS_1414_storz_regulondb,0.25,3,3,AGGCGGCGCGTCTGATAAAT,0,52196
TSS_1414_storz_regulondb,0.25,3,3,AGGCGCCATAAGACATCCTA,0,79180
TSS_1414_storz_regulondb,0.25,3,3,AGGCAGTAGTATCACAGTAT,0,19676
TSS_1414_storz_regulondb,0.25,3,3,AGGCACTGTTCCATATTAGT,0,40828
TSS_1414_storz_regulondb,0.25,3,3,AGGCAAATTTTTGTGACGCG,0,77396
TSS_1414_storz_regulondb,0.25,3,3,AGGATGCAGTTTCACCCGGG,0,56815
TSS_1414_storz_regulondb,0.25,3,3,AGGATACCTACGTGGATGGT,0,34936
TSS_1414_storz_regulondb,0.25,3,3,AGGAGTATAGAGCTTGAGTA,0,859
TSS_1414_storz_regulondb,0.25,3,3,AGGACCGCATTTCGGTGTCA,0,10132
TSS_1414_storz_regulondb,0.25,3,3,AGGAAAGCGGCCCAGCTCCT,0,52491
TSS_1414_storz_regulondb,0.25,3,3,AGCTTTCAATTAATAATAAG,0,72637
TSS_1414_storz_regulondb,0.25,3,3,AGCTTCTTTGGGAGGAGGTA,0,66753
TSS_1414_storz_regulondb,0.25,3,3,AGCTTAATGTCAAGGACGGG,0,50772
TSS_1414_storz_regulondb,0.25,3,3,AGCTCTCTCTTTTAAGACAC,0,56166
TSS_1414_storz_regulondb,0.25,3,3,AGCTCTCCGGGGATATTCTG,0,30823
TSS_1414_storz_regulondb,0.25,3,3,AGCGTGTTGATATGCTGCGC,0,69398
TSS_1414_storz_regulondb,0.25,3,3,AGCGGTATGCGGAAAATTCT,0,9570
TSS_1414_storz_regulondb,0.25,3,3,AGCGGCAACCAAAAAAAGTA,0,56279
TSS_1414_storz_regulondb,0.25,3,3,AGCCGTCACTCATAGGCATC,0,34186
TSS_1414_storz_regulondb,0.25,3,3,AGCCGTAAGCACAACTACGG,0,30114
TSS_1414_storz_regulondb,0.25,3,3,AGCCGGTATTCGACATGTCC,0,11999
TSS_1414_storz_regulondb,0.25,3,3,AGCCGGCTGCATCATAGGCA,0,32275
TSS_1414_storz_regulondb,0.25,3,3,AGCCGCGGGATCTGTCCGAA,0,71693
TSS_1414_storz_regulondb,0.25,3,3,AGCCCTGAAGCGATACTCCG,0,30463
TSS_1414_storz_regulondb,0.25,3,3,AGCCCATACGTGGGTTTGAG,0,21468
TSS_1414_storz_regulondb,0.25,3,3,AGCCCACTAGGCTTATACGT,0,31951
TSS_1414_storz_regulondb,0.25,3,3,AGCCATGCGGCGCGTGTTCC,0,76263
TSS_1414_storz_regulondb,0.25,3,3,AGCCATCAGCTTTTAGCATA,0,10256
TSS_1414_storz_regulondb,0.25,3,3,AGCATCACAGATGGATCTTC,0,66524
TSS_1414_storz_regulondb,0.25,3,3,AGCATATTACGGTCTCAAAA,0,68479
TSS_1414_storz_regulondb,0.25,3,3,AGCAGCGGGAATAAAAGGTA,0,24624
TSS_1414_storz_regulondb,0.25,3,3,AGCAGATCCACGCAAGAGAC,0,37982
TSS_1414_storz_regulondb,0.25,3,3,AGCACTGCAATCTTTACCTG,0,23334
TSS_1414_storz_regulondb,0.25,3,3,AGCACTAGAATCTAAATAAA,0,65007
TSS_1414_storz_regulondb,0.25,3,3,AGCACGCGCTTTCAGCGAGA,0,29186
TSS_1414_storz_regulondb,0.25,3,3,AGCACAGGTAATGCCGTGAC,0,80098
TSS_1414_storz_regulondb,0.25,3,3,AGCACACATAGTGGCTGAAA,0,19460
TSS_1414_storz_regulondb,0.25,3,3,AGCAAGCAGATATTGGCAAT,0,27076
TSS_1414_storz_regulondb,0.25,3,3,AGATTCTCGCATCATCAGAC,0,68953
TSS_1414_storz_regulondb,0.25,3,3,AGATGGCGAGAGAGTCGGCG,0,6849
TSS_1414_storz_regulondb,0.25,3,3,AGATGAAAGACGTCAATCGC,0,1764
TSS_1414_storz_regulondb,0.25,3,3,AGATCTTTTTCGAAGTGCTA,0,24953
TSS_1414_storz_regulondb,0.25,3,3,AGATCCGAAGGTCTCCAAGA,0,72401
TSS_1414_storz_regulondb,0.25,3,3,AGATAGATTCGAAGCACATC,0,49756
TSS_1414_storz_regulondb,0.25,3,3,AGATACTGCGAGCTGTACAT,0,2814
TSS_1414_storz_regulondb,0.25,3,3,AGAGTCGGCTGCTCGCGGGA,0,17731
TSS_1414_storz_regulondb,0.25,3,3,AGAGTCGAAGGTTAGAGCGT,0,54099
TSS_1414_storz_regulondb,0.25,3,3,AGAGTATACTTGGGCTTGTA,0,31137
TSS_1414_storz_regulondb,0.25,3,3,AGAGGCCCAGACTCTGGTGT,0,53042
TSS_1414_storz_regulondb,0.25,3,3,AGAGCTCAACCGACGTAGGG,0,8299
TSS_1414_storz_regulondb,0.25,3,3,AGACCAACGTACCCGAAATC,0,64948
TSS_1414_storz_regulondb,0.25,3,3,AGAATATGTCACACGATTGC,0,71373
TSS_1414_storz_regulondb,0.25,3,3,AGAAGAATCGTATGTTGGGT,0,58957
TSS_1414_storz_regulondb,0.25,3,3,AGAAGAAGATAACAGATACG,0,36536
TSS_1414_storz_regulondb,0.25,3,3,AGAACTTCATAGGCTAGGTC,0,34924
TSS_1414_storz_regulondb,0.25,3,3,AGAACTCACCTAGTTCGGCT,0,43864
TSS_1414_storz_regulondb,0.25,3,3,AGAACTCAAATTGCCACAAG,0,2306
TSS_1414_storz_regulondb,0.25,3,3,AGAACCCTTTTGCATCGTAA,0,45766
TSS_1414_storz_regulondb,0.25,3,3,ACTTTTCGGTGACCACACAT,0,27153
TSS_1414_storz_regulondb,0.25,3,3,ACTTTGCTAGAAAAGTTTCG,0,43766
TSS_1414_storz_regulondb,0.25,3,3,ACTTTCCACCGCTGGCACTG,0,74748
TSS_1414_storz_regulondb,0.25,3,3,ACTTGGCCCATTGCGTCTCA,0,39762
TSS_1414_storz_regulondb,0.25,3,3,ACTTGATGAGGCGCGGTCTG,0,17354
TSS_1414_storz_regulondb,0.25,3,3,ACTTGACGGACTCGGGGTGA,0,68414
TSS_1414_storz_regulondb,0.25,3,3,ACTTCTTTGCCTGCGTACCC,0,59036
TSS_1414_storz_regulondb,0.25,3,3,ACTTCCTACTAGATCGTTGT,0,39685
TSS_1414_storz_regulondb,0.25,3,3,ACTTAGTTTTTCCCATCAAA,0,40931
TSS_1414_storz_regulondb,0.25,3,3,ACTTACGATATTTTATGTGG,0,54481
TSS_1414_storz_regulondb,0.25,3,3,ACTTAAATACAATGGTGTCA,0,7981
TSS_1414_storz_regulondb,0.25,3,3,ACTGGTTGTAGTCTCACGGA,0,36495
TSS_1414_storz_regulondb,0.25,3,3,ACTGGGACGTGGGAGGGCTC,0,33125
TSS_1414_storz_regulondb,0.25,3,3,ACTGCGTTGCAAACGCTCAA,0,3771
TSS_1414_storz_regulondb,0.25,3,3,ACTGCGCTTCGCAAACGATG,0,31120
TSS_1414_storz_regulondb,0.25,3,3,ACTGATAGTACGCGACTGGA,0,54721
TSS_1414_storz_regulondb,0.25,3,3,ACTCCGCCAAAGCGACCTCG,0,9286
TSS_1414_storz_regulondb,0.25,3,3,ACTCACGGTCAGTAGTGTAC,0,50141
TSS_1414_storz_regulondb,0.25,3,3,ACTATTCCGTGTCAGTTTGG,0,36952
TSS_1414_storz_regulondb,0.25,3,3,ACTATGTTTCAGCAGGAAGA,0,78516
TSS_1414_storz_regulondb,0.25,3,3,ACTATGAAGGGTCAACAGAT,0,74350
TSS_1414_storz_regulondb,0.25,3,3,ACTAAATGGGTGAGCATATG,0,70110
TSS_1414_storz_regulondb,0.25,3,3,ACTAAAGACGAATAATAGAT,0,47568
TSS_1414_storz_regulondb,0.25,3,3,ACGTTTCTCACCTGGGGCCA,0,74107
TSS_1414_storz_regulondb,0.25,3,3,ACGTTACTCCTGCTTCCGAT,0,231
TSS_1414_storz_regulondb,0.25,3,3,ACGTTAAAGAGCTTCCCGTA,0,67552
TSS_1414_storz_regulondb,0.25,3,3,ACGTGTAAATTTTTTAATAT,0,54296
TSS_1414_storz_regulondb,0.25,3,3,ACGTGGTCTACGGGCTGGCA,0,77241
TSS_1414_storz_regulondb,0.25,3,3,ACGTCGGCGCTTTTCAGGCG,0,62816
TSS_1414_storz_regulondb,0.25,3,3,ACGTCCGTGATGTGGTTATT,0,10052
TSS_1414_storz_regulondb,0.25,3,3,ACGTATCGTCGCACCGAGCT,0,271
TSS_1414_storz_regulondb,0.25,3,3,ACGGTTCGGATCTTACAGAT,0,67538
TSS_1414_storz_regulondb,0.25,3,3,ACGGTGAAGCGTTTCCAAGG,0,48394
TSS_1414_storz_regulondb,0.25,3,3,ACGGTCGAGACGGGCTGGAT,0,56507
TSS_1414_storz_regulondb,0.25,3,3,ACGGGCTGGAGTGGCCCCGA,0,28398
TSS_1414_storz_regulondb,0.25,3,3,ACGGGACAGTCTACGGATGC,0,76398
TSS_1414_storz_regulondb,0.25,3,3,ACGGATGGTTGGATCTTCGA,0,30848
TSS_1414_storz_regulondb,0.25,3,3,ACGCTCAAGTGCGCTCATGA,0,58056
TSS_1414_storz_regulondb,0.25,3,3,ACGCTACCAAGTGAGTTAAG,0,77554
TSS_1414_storz_regulondb,0.25,3,3,ACGCAGGACGTGCGGCCCTT,0,25420
TSS_1414_storz_regulondb,0.25,3,3,ACGCACTGAAGAACTTCCAC,0,80811
TSS_1414_storz_regulondb,0.25,3,3,ACGCACCCGGCAATCGGACT,0,77102
TSS_1414_storz_regulondb,0.25,3,3,ACGCACAGGAGAGTGGAAAT,0,39964
TSS_1414_storz_regulondb,0.25,3,3,ACGCAAACGTGGGCCTGGAG,0,61493
TSS_1414_storz_regulondb,0.25,3,3,ACGATACAGTTGGCTCTGGT,0,32432
TSS_1414_storz_regulondb,0.25,3,3,ACGACATGAGACCGTTACTT,0,3969
TSS_1414_storz_regulondb,0.25,3,3,ACGAACGGTCTAAGCAGGGA,0,73611
TSS_1414_storz_regulondb,0.25,3,3,ACCTTGAGTTAAACAGAGCT,0,1570
TSS_1414_storz_regulondb,0.25,3,3,ACCTGGAGCGATAAGAATGA,0,6975
TSS_1414_storz_regulondb,0.25,3,3,ACCTGCCGGAGAACTGAGCC,0,47115
TSS_1414_storz_regulondb,0.25,3,3,ACCTGAACGCACCCGGTTCC,0,45406
TSS_1414_storz_regulondb,0.25,3,3,ACCTCGCCTTGATTCAGTCA,0,59269
TSS_1414_storz_regulondb,0.25,3,3,ACCGTTTTCTATCAGTTCAA,0,21921
TSS_1414_storz_regulondb,0.25,3,3,ACCGCTTGAAGACGTTTCAG,0,10711
TSS_1414_storz_regulondb,0.25,3,3,ACCGCTTCGCTTAAACCTAA,0,36264
TSS_1414_storz_regulondb,0.25,3,3,ACCGACCGATCCCTGTTTAT,0,37877
TSS_1414_storz_regulondb,0.25,3,3,ACCCTGGTTGCGCACCAAGG,0,62760
TSS_1414_storz_regulondb,0.25,3,3,ACCCTCATAGTTGGAGAATA,0,26891
TSS_1414_storz_regulondb,0.25,3,3,ACCCTAACAGGCGCCATCAT,0,37675
TSS_1414_storz_regulondb,0.25,3,3,ACCCGTTCTGACGGCTTCTA,0,7516
TSS_1414_storz_regulondb,0.25,3,3,ACCCGTACATTGTTGCTGGC,0,56069
TSS_1414_storz_regulondb,0.25,3,3,ACCCGGTGTCATGTCTCGTA,0,72374
TSS_1414_storz_regulondb,0.25,3,3,ACCCCGCCTATGAGTCAACA,0,57938
TSS_1414_storz_regulondb,0.25,3,3,ACCCCAGTCTCCGATTTCAT,0,60655
TSS_1414_storz_regulondb,0.25,3,3,ACCCATCTGTCCGCCGATAC,0,39622
TSS_1414_storz_regulondb,0.25,3,3,ACCATTGAGGTACGATTGGG,0,15602
TSS_1414_storz_regulondb,0.25,3,3,ACCAGGTCCTACACCTTGGT,0,76015
TSS_1414_storz_regulondb,0.25,3,3,ACCAGCTGCAGGCGCTGTCA,0,45505
TSS_1414_storz_regulondb,0.25,3,3,ACCACGACGGCAGCAGCGAA,0,19432
TSS_1414_storz_regulondb,0.25,3,3,ACCACCGTTTCGCGCTGTCG,0,68235
TSS_1414_storz_regulondb,0.25,3,3,ACCAACAGACAAAAAGGCCT,0,7153
TSS_1414_storz_regulondb,0.25,3,3,ACCAAAGGGGACCCTGATTC,0,60635
TSS_1414_storz_regulondb,0.25,3,3,ACATGGGGTTGCAAGTATAC,0,2101
TSS_1414_storz_regulondb,0.25,3,3,ACATCTTGTCATGGAATCTT,0,77485
TSS_1414_storz_regulondb,0.25,3,3,ACATCGGATTTAGCTGTGTG,0,13110
TSS_1414_storz_regulondb,0.25,3,3,ACATAGGCGAAGTGGATCTT,0,66
TSS_1414_storz_regulondb,0.25,3,3,ACAGTTTTCGGGTCGGAATG,0,74705
TSS_1414_storz_regulondb,0.25,3,3,ACAGTGATGCAGAGGAAACC,0,80378
TSS_1414_storz_regulondb,0.25,3,3,ACAGTAACTTCAACGGGGTT,0,74138
TSS_1414_storz_regulondb,0.25,3,3,ACAGTAAAGCTCGGTTCTCG,0,5050
TSS_1414_storz_regulondb,0.25,3,3,ACAGGTTATGGTCGGGGGAG,0,66925
TSS_1414_storz_regulondb,0.25,3,3,ACAGGTATCACTCAGATTGT,0,45970
TSS_1414_storz_regulondb,0.25,3,3,ACAGGCACGGAGTTTTCATG,0,11029
TSS_1414_storz_regulondb,0.25,3,3,ACAGGAGACACATAAGTTCC,0,19547
TSS_1414_storz_regulondb,0.25,3,3,ACAGATCAAGCTCTATTTCT,0,39925
TSS_1414_storz_regulondb,0.25,3,3,ACACTGTTTCGCGCAGATTT,0,23425
TSS_1414_storz_regulondb,0.25,3,3,ACACTGGGTGATGGCTCGGG,0,2015
TSS_1414_storz_regulondb,0.25,3,3,ACACTGAGGCAATCCGAAAA,0,51828
TSS_1414_storz_regulondb,0.25,3,3,ACACGTCCTTCGACGCCCTC,0,9818
TSS_1414_storz_regulondb,0.25,3,3,ACACGGTATTTGTCCTCCAG,0,44560
TSS_1414_storz_regulondb,0.25,3,3,ACACGCGTCCCGGGTGAAAG,0,3316
TSS_1414_storz_regulondb,0.25,3,3,ACACCTTGCGCTGGCATCGT,0,56020
TSS_1414_storz_regulondb,0.25,3,3,ACACCGTCGGAGGGCAGGAC,0,59550
TSS_1414_storz_regulondb,0.25,3,3,ACACCCAATTGATAAGGTGT,0,69333
TSS_1414_storz_regulondb,0.25,3,3,ACACCAATCGGAGATGTTTA,0,20599
TSS_1414_storz_regulondb,0.25,3,3,ACACACAAGCGCATGCCCAC,0,44448
TSS_1414_storz_regulondb,0.25,3,3,ACAATTCAGGGCCTGTATCG,0,11700
TSS_1414_storz_regulondb,0.25,3,3,ACAATCATTCCTGATATCTC,0,36963
TSS_1414_storz_regulondb,0.25,3,3,ACAAGTCAATAGAGTTATTT,0,66245
TSS_1414_storz_regulondb,0.25,3,3,ACAAGACTTCGTTCGGCAGG,0,42410
TSS_1414_storz_regulondb,0.25,3,3,ACAACTGATCGCGGAAGCAT,0,59067
TSS_1414_storz_regulondb,0.25,3,3,ACAACTAGCTTAGGCGAAAA,0,63690
TSS_1414_storz_regulondb,0.25,3,3,ACAAAGTTCCGTCACATTTG,0,21124
TSS_1414_storz_regulondb,0.25,3,3,ACAAAGTGTTTCGCTCTGGT,0,8447
TSS_1414_storz_regulondb,0.25,3,3,AATTGGGGTACTTGACCCAC,0,45977
TSS_1414_storz_regulondb,0.25,3,3,AATTGGGCGTTCGATAAGAG,0,72415
TSS_1414_storz_regulondb,0.25,3,3,AATTCTATGTGGCAGTATGC,0,78779
TSS_1414_storz_regulondb,0.25,3,3,AATTCGAGGTGTACACATTC,0,16625
TSS_1414_storz_regulondb,0.25,3,3,AATTCGACCCGACAGTGTGT,0,55279
TSS_1414_storz_regulondb,0.25,3,3,AATTCACGGGCCGACTGTGT,0,26510
TSS_1414_storz_regulondb,0.25,3,3,AATTCACCGGTATGAAATGG,0,41737
TSS_1414_storz_regulondb,0.25,3,3,AATTCACCGGGCGTATGTAA,0,23202
TSS_1414_storz_regulondb,0.25,3,3,AATTATGGTCGTTCAACTTA,0,8310
TSS_1414_storz_regulondb,0.25,3,3,AATTAGCAGATTAAAAGGGT,0,25429
TSS_1414_storz_regulondb,0.25,3,3,AATTACTAGAACAATGTCCC,0,55166
TSS_1414_storz_regulondb,0.25,3,3,AATTACGCGAGTGATGTTTA,0,77031
TSS_1414_storz_regulondb,0.25,3,3,AATTACCAGCAAAAACCCCA,0,64913
TSS_1414_storz_regulondb,0.25,3,3,AATGTTTACAGGCGTAGCAT,0,14974
TSS_1414_storz_regulondb,0.25,3,3,AATGTCCCCCTGGTTTATAA,0,65119
TSS_1414_storz_regulondb,0.25,3,3,AATGTACACCGCGGCGCAGG,0,79836
TSS_1414_storz_regulondb,0.25,3,3,AATGGTCACAGACGGTCCGG,0,53451
TSS_1414_storz_regulondb,0.25,3,3,AATGGGGTCGCAAGTCCACT,0,16313
TSS_1414_storz_regulondb,0.25,3,3,AATGGGGCAGTAACGATGAG,0,13052
TSS_1414_storz_regulondb,0.25,3,3,AATGGCAACGTGCTCCCCGC,0,39213
TSS_1414_storz_regulondb,0.25,3,3,AATGCTGCCCTCATCCGCCA,0,25210
TSS_1414_storz_regulondb,0.25,3,3,AATGATGGCTATTGCTAAAT,0,18625
TSS_1414_storz_regulondb,0.25,3,3,AATGATCACGATAGTGGGGC,0,77054
TSS_1414_storz_regulondb,0.25,3,3,AATGAAAGCGCTCGGGGTTT,0,79875
TSS_1414_storz_regulondb,0.25,3,3,AATCTGAAAGGACTTCACAG,0,52030
TSS_1414_storz_regulondb,0.25,3,3,AATCGTCCCTCAGTTATATC,0,73005
TSS_1414_storz_regulondb,0.25,3,3,AATCGGCATTGGCACTAAAT,0,43857
TSS_1414_storz_regulondb,0.25,3,3,AATCGCTTGACCCATAAGGG,0,30236
TSS_1414_storz_regulondb,0.25,3,3,AATCGCTAACCGGCTCAACC,0,40118
TSS_1414_storz_regulondb,0.25,3,3,AATCGATTTGCAGTTCGGAC,0,50801
TSS_1414_storz_regulondb,0.25,3,3,AATCGAACATCATTCTCTTA,0,21096
TSS_1414_storz_regulondb,0.25,3,3,AATCAGTAGTTCTTTGATAA,0,61969
TSS_1414_storz_regulondb,0.25,3,3,AATATTAACCGGTCCATAGT,0,50221
TSS_1414_storz_regulondb,0.25,3,3,AATATGGCTGCGCCAATATG,0,20674
TSS_1414_storz_regulondb,0.25,3,3,AATATCAAGCCTCATAACAT,0,13177
TSS_1414_storz_regulondb,0.25,3,3,AATAGGTGCTAAGATCTTAC,0,41735
TSS_1414_storz_regulondb,0.25,3,3,AATAGAGTTGATTAAATCGG,0,67775
TSS_1414_storz_regulondb,0.25,3,3,AATACTGTTTTGGGTAAAGA,0,10617
TSS_1414_storz_regulondb,0.25,3,3,AATAAAGTCCATATGGTGCT,0,21432
TSS_1414_storz_regulondb,0.25,3,3,AATAAAGATTGGGGCACAGG,0,21994
TSS_1414_storz_regulondb,0.25,3,3,AAGTTTCTACCTAGGCTCAC,0,64499
TSS_1414_storz_regulondb,0.25,3,3,AAGTGCTGGTCTAAAATGAA,0,41166
TSS_1414_storz_regulondb,0.25,3,3,AAGTCGGAAGAGCTCATGCC,0,15332
TSS_1414_storz_regulondb,0.25,3,3,AAGTCCGCGAGTATGGGTTC,0,32159
TSS_1414_storz_regulondb,0.25,3,3,AAGTCCCCGCTGCAATGCGT,0,25690
TSS_1414_storz_regulondb,0.25,3,3,AAGTCAGCGAGGTGGGTTAG,0,52279
TSS_1414_storz_regulondb,0.25,3,3,AAGTATAGGCATAAGGGCGG,0,16699
TSS_1414_storz_regulondb,0.25,3,3,AAGTAGCAGTGAGGATATTG,0,72846
TSS_1414_storz_regulondb,0.25,3,3,AAGTACTGATAACGCATCTT,0,59776
TSS_1414_storz_regulondb,0.25,3,3,AAGTACGGCACAATTCAAGG,0,64470
TSS_1414_storz_regulondb,0.25,3,3,AAGGTGCAGGTGCTTTGAAG,0,25913
TSS_1414_storz_regulondb,0.25,3,3,AAGGTCCACAGCGATCTTCC,0,16664
TSS_1414_storz_regulondb,0.25,3,3,AAGGGTTGTAGGTACTCCAC,0,51818
TSS_1414_storz_regulondb,0.25,3,3,AAGGGGTACCGACATGGCCT,0,57507
TSS_1414_storz_regulondb,0.25,3,3,AAGGGGGGTTTAGCACAAAT,0,60218
TSS_1414_storz_regulondb,0.25,3,3,AAGGGGCCAAGCTTTCATTC,0,74338
TSS_1414_storz_regulondb,0.25,3,3,AAGGGGATGCACCGGCATTT,0,28753
TSS_1414_storz_regulondb,0.25,3,3,AAGGGCGGTTCCCCAAAGAT,0,76976
TSS_1414_storz_regulondb,0.25,3,3,AAGGGACGAGATTGCTGGAA,0,61611
TSS_1414_storz_regulondb,0.25,3,3,AAGGGAAGGGACGGAATCCA,0,14107
TSS_1414_storz_regulondb,0.25,3,3,AAGGCTTGCGCCGGATCCTA,0,76007
TSS_1414_storz_regulondb,0.25,3,3,AAGGCTGGTGCCACATGCAT,0,52274
TSS_1414_storz_regulondb,0.25,3,3,AAGCTTGGTGATGTCAAGGT,0,29948
TSS_1414_storz_regulondb,0.25,3,3,AAGCTCGGTTTTGTAGTTCA,0,5932
TSS_1414_storz_regulondb,0.25,3,3,AAGCTAAGCTCGGATATCTG,0,67069
TSS_1414_storz_regulondb,0.25,3,3,AAGCGTTTCCCTGCTGCTCA,0,32508
TSS_1414_storz_regulondb,0.25,3,3,AAGCGTAACTGTGTCCGGTC,0,26539
TSS_1414_storz_regulondb,0.25,3,3,AAGCGGATTTGGTGTCCGCG,0,30330
TSS_1414_storz_regulondb,0.25,3,3,AAGCGCTGTGCCCGCATCCC,0,15738
TSS_1414_storz_regulondb,0.25,3,3,AAGCCCATGTGGACAGCGCC,0,8444
TSS_1414_storz_regulondb,0.25,3,3,AAGATTAGTAACACAGGACC,0,10143
TSS_1414_storz_regulondb,0.25,3,3,AAGATGTGGCGCTCCAGGAA,0,71459
TSS_1414_storz_regulondb,0.25,3,3,AAGATGGTAAAGAGGCGAAA,0,71986
TSS_1414_storz_regulondb,0.25,3,3,AAGATCGGTACGAACCCGCC,0,29741
TSS_1414_storz_regulondb,0.25,3,3,AAGAGGGTTGAGCCAGCTAA,0,49755
TSS_1414_storz_regulondb,0.25,3,3,AAGAGCGGACTAGCTCGGTT,0,55940
TSS_1414_storz_regulondb,0.25,3,3,AAGAGAGGAGCAGGTTCGTT,0,66471
TSS_1414_storz_regulondb,0.25,3,3,AAGAAGCCGACCTGACCCCT,0,10881
TSS_1414_storz_regulondb,0.25,3,3,AAGAACGGGTAAGAGTGAGA,0,20387
TSS_1414_storz_regulondb,0.25,3,3,AAGAACGGCTCTGTTAGGCT,0,39106
TSS_1414_storz_regulondb,0.25,3,3,AACTTGTCTACCCGACGTAG,0,11014
TSS_1414_storz_regulondb,0.25,3,3,AACTGGCGTAGCAGACTTCT,0,55655
TSS_1414_storz_regulondb,0.25,3,3,AACTGCTTCACCTGGCTGAC,0,28455
TSS_1414_storz_regulondb,0.25,3,3,AACTCTACCGCGCGTAAGAA,0,25808
TSS_1414_storz_regulondb,0.25,3,3,AACTCGGCCTTAAGCTGGTC,0,75226
TSS_1414_storz_regulondb,0.25,3,3,AACGTTATGGCTGGTTGCGG,0,19877
TSS_1414_storz_regulondb,0.25,3,3,AACGCTTACAGTCGTCACTG,0,16512
TSS_1414_storz_regulondb,0.25,3,3,AACGCTCCGTCAATTTTCAT,0,39416
TSS_1414_storz_regulondb,0.25,3,3,AACGCGATTAGAAAGATACG,0,79070
TSS_1414_storz_regulondb,0.25,3,3,AACGCGATGTAATGTTCCGT,0,12576
TSS_1414_storz_regulondb,0.25,3,3,AACGCATATTCATAGATTTG,0,48156
TSS_1414_storz_regulondb,0.25,3,3,AACGAGGGCTGCAAACGTTT,0,16973
TSS_1414_storz_regulondb,0.25,3,3,AACGACCGCTGACATTTAGA,0,58288
TSS_1414_storz_regulondb,0.25,3,3,AACGACACCGGTTAAGTTCT,0,2077
TSS_1414_storz_regulondb,0.25,3,3,AACCTTGCTACGTTGCTCTG,0,13710
TSS_1414_storz_regulondb,0.25,3,3,AACCTGCCCAGGTCATGCAT,0,27447
TSS_1414_storz_regulondb,0.25,3,3,AACCGTTAAGCTAGGGTGTG,0,63791
TSS_1414_storz_regulondb,0.25,3,3,AACCCGCTTTGTCAGGTGCC,0,7040
TSS_1414_storz_regulondb,0.25,3,3,AACCCAGTCCGAAATTGGTG,0,28277
TSS_1414_storz_regulondb,0.25,3,3,AACCAAATCGCCACCAGGAT,0,50509
TSS_1414_storz_regulondb,0.25,3,3,AACATGGAGAATTTTTAGAC,0,2424
TSS_1414_storz_regulondb,0.25,3,3,AACATCGCGACTAAAAATAA,0,53812
TSS_1414_storz_regulondb,0.25,3,3,AACACCTTACGAAGCGCCCC,0,74650
TSS_1414_storz_regulondb,0.25,3,3,AACAATCCTTTACGACCTGA,0,79029
TSS_1414_storz_regulondb,0.25,3,3,AACAAGTGTTTATCTCTTTT,0,15581
TSS_1414_storz_regulondb,0.25,3,3,AAATTTCGAGGCTAGCCGAT,0,24671
TSS_1414_storz_regulondb,0.25,3,3,AAATGTGGCCTAAAGTTGCG,0,64052
TSS_1414_storz_regulondb,0.25,3,3,AAATGCTAACGTAGCGGTCT,0,15084
TSS_1414_storz_regulondb,0.25,3,3,AAATGCGCTGTTTCATCGGA,0,62466
TSS_1414_storz_regulondb,0.25,3,3,AAATGATGGAGGGCGCCCCG,0,50413
TSS_1414_storz_regulondb,0.25,3,3,AAATCGTTCGCGGTTACGGT,0,36375
TSS_1414_storz_regulondb,0.25,3,3,AAATCGGACTAACAGGTACA,0,7125
TSS_1414_storz_regulondb,0.25,3,3,AAATCCGGTGATGCATTCGT,0,30748
TSS_1414_storz_regulondb,0.25,3,3,AAATCCACGCAGTTACGTAG,0,58904
TSS_1414_storz_regulondb,0.25,3,3,AAATCACTTGGGCGGTCTTA,0,67321
TSS_1414_storz_regulondb,0.25,3,3,AAATAGTGCGGCAGCGCATT,0,17985
TSS_1414_storz_regulondb,0.25,3,3,AAATAGTCACTCGTAAGCCT,0,15236
TSS_1414_storz_regulondb,0.25,3,3,AAATACCCCTATATGTGATC,0,65971
TSS_1414_storz_regulondb,0.25,3,3,AAATACACCAGAACGTATCA,0,47091
TSS_1414_storz_regulondb,0.25,3,3,AAAGGTATGTACGAATAATT,0,60161
TSS_1414_storz_regulondb,0.25,3,3,AAAGGCCGCAGGCTCTAATC,0,26312
TSS_1414_storz_regulondb,0.25,3,3,AAAGCGGATCTATCGCAACA,0,70871
TSS_1414_storz_regulondb,0.25,3,3,AAAGCAGGGTTTACTACCTA,0,3961
TSS_1414_storz_regulondb,0.25,3,3,AAAGAGAGATGGGCACTGAG,0,47040
TSS_1414_storz_regulondb,0.25,3,3,AAAGACAGTCTTCATGGCCC,0,7418
TSS_1414_storz_regulondb,0.25,3,3,AAACTTTTCCTGCCGGGTAC,0,32451
TSS_1414_storz_regulondb,0.25,3,3,AAACTTGATTATTTTCCTTA,0,19601
TSS_1414_storz_regulondb,0.25,3,3,AAACTCTGAACTTCAATGCT,0,8365
TSS_1414_storz_regulondb,0.25,3,3,AAACTCACTGAAAACATCCA,0,7779
TSS_1414_storz_regulondb,0.25,3,3,AAACTCAATCTAAACCCGTA,0,45246
TSS_1414_storz_regulondb,0.25,3,3,AAACTCAACCGCGGAGGATA,0,72886
TSS_1414_storz_regulondb,0.25,3,3,AAACGCCTCGATACACCGGG,0,75922
TSS_1414_storz_regulondb,0.25,3,3,AAACCGCTGCCTAAAGGTTC,0,51103
TSS_1414_storz_regulondb,0.25,3,3,AAACACGAGAGTACCAGTAT,0,49929
TSS_1414_storz_regulondb,0.25,3,3,AAAATGACCTCCGTCGCGAA,0,63538
TSS_1414_storz_regulondb,0.25,3,3,AAAATATCCAGGCACCATCA,0,49178
TSS_1414_storz_regulondb,0.25,3,3,AAAAGGCCGCCTTTCTCGAT,0,60831
TSS_1414_storz_regulondb,0.25,3,3,AAAAGCCTAGTGCCGCCCGG,0,29187
TSS_1414_storz_regulondb,0.25,3,3,AAAACTGATATATCGGCAAC,0,21770
TSS_1414_storz_regulondb,0.25,3,3,AAAACGTGTCTTAAATCACT,0,65869
TSS_1414_storz_regulondb,0.25,3,3,AAAACGGCCTGTAGGAATGT,0,36028
TSS_1414_storz_regulondb,0.25,3,3,AAAACACGTAGCGCATAGAC,0,60471
TSS_1414_storz_regulondb,0.25,3,3,AAAAATAATTTCACGCGTGG,0,13739
TSS_1414_storz_regulondb,0.25,3,3,AAAAAATTAGGGTCACGTGA,0,38299
TSS_1414_storz_regulondb,0.25,3,3,AAAAAATTAAATCATCAGCT,0,71392
TSS_1414_storz_regulondb,0.3333333333333333,2,2,TTTTTTCGGAGATATTCAGA,0,14212
TSS_1414_storz_regulondb,0.3333333333333333,2,2,TTTTTGATGAGTCATGGATT,0,11230
TSS_1414_storz_regulondb,0.3333333333333333,2,2,TTTTGTGTAATCACTCAAAG,0,19292
TSS_1414_storz_regulondb,0.3333333333333333,2,2,TTTTGCCGTGTGGAAAGGGA,0,64248
TSS_1414_storz_regulondb,0.3333333333333333,2,2,TTTTCGTTGAAGCCCCGCTC,0,34626
TSS_1414_storz_regulondb,0.3333333333333333,2,2,TTTTCGTTACTAACTCAGTC,0,67989
TSS_1414_storz_regulondb,0.3333333333333333,2,2,TTTTCGCACACTTAACTCTC,0,20708
TSS_1414_storz_regulondb,0.3333333333333333,2,2,TTTTACGCACGTTTACACAT,0,47237
TSS_1414_storz_regulondb,0.3333333333333333,2,2,TTTTAAGGCAGTAGCATACG,0,59384
TSS_1414_storz_regulondb,0.3333333333333333,2,2,TTTTAAACTTTCACGACTAA,0,11989
TSS_1414_storz_regulondb,0.3333333333333333,2,2,TTTGTCTGATTGATGCTGAG,0,55961
TSS_1414_storz_regulondb,0.3333333333333333,2,2,TTTGGCGCAACTGATTAGCG,0,71815
TSS_1414_storz_regulondb,0.3333333333333333,2,2,TTTGGCCCTCAGTAACTAAC,0,71812
TSS_1414_storz_regulondb,0.3333333333333333,2,2,TTTGCTCAAGTCAAGAATCA,0,9516
TSS_1414_storz_regulondb,0.3333333333333333,2,2,TTTGCGCCGCCATGGCCAAA,0,73447
TSS_1414_storz_regulondb,0.3333333333333333,2,2,TTTGAGCTCGTGACTCGTCA,0,7150
TSS_1414_storz_regulondb,0.3333333333333333,2,2,TTTGAGCTAATAAATTGGAT,0,62286
TSS_1414_storz_regulondb,0.3333333333333333,2,2,TTTGACTGTAATTGTATACC,0,13833
TSS_1414_storz_regulondb,0.3333333333333333,2,2,TTTGACGGATAGGTATGGGT,0,48518
TSS_1414_storz_regulondb,0.3333333333333333,2,2,TTTGACCACTCTTTTGCACC,0,21755
TSS_1414_storz_regulondb,0.3333333333333333,2,2,TTTGACACTCACTATTTTAA,0,56959
TSS_1414_storz_regulondb,0.3333333333333333,2,2,TTTCGTGTAGGACAAAGAGA,0,16326
TSS_1414_storz_regulondb,0.3333333333333333,2,2,TTTCGGTTGTAGGGCTTCCA,0,73122
TSS_1414_storz_regulondb,0.3333333333333333,2,2,TTTCGCACTTTTCCGAATTC,0,55163
TSS_1414_storz_regulondb,0.3333333333333333,2,2,TTTCCGTACCAATTGGGTTG,0,37489
TSS_1414_storz_regulondb,0.3333333333333333,2,2,TTTCATCGCGGGAGGTAAAC,0,26388
TSS_1414_storz_regulondb,0.3333333333333333,2,2,TTTCAATCGGTCTATGGCGA,0,6838
TSS_1414_storz_regulondb,0.3333333333333333,2,2,TTTCAAATGGATTCGTCGTA,0,21533
TSS_1414_storz_regulondb,0.3333333333333333,2,2,TTTATTTAACGAGCCTTGCA,0,39640
TSS_1414_storz_regulondb,0.3333333333333333,2,2,TTTATCTTACGTCACGTAGA,0,15580
TSS_1414_storz_regulondb,0.3333333333333333,2,2,TTTAGTTCGGTTCCTACCGT,0,1054
TSS_1414_storz_regulondb,0.3333333333333333,2,2,TTTAGCGCCCGTTCGTACTC,0,56272
TSS_1414_storz_regulondb,0.3333333333333333,2,2,TTTAGCGAGATGCCTGGGGC,0,53880
TSS_1414_storz_regulondb,0.3333333333333333,2,2,TTTAGACGTGATCGTGGCGC,0,2129
TSS_1414_storz_regulondb,0.3333333333333333,2,2,TTTACGTGATCCTTTTGGGT,0,48927
TSS_1414_storz_regulondb,0.3333333333333333,2,2,TTTAATCACGCACGGGTGCT,0,55043
TSS_1414_storz_regulondb,0.3333333333333333,2,2,TTTAAATCGTGGGTGTATTG,0,25288
TSS_1414_storz_regulondb,0.3333333333333333,2,2,TTTAAAACTTCCCTGCGGGA,0,65502
TSS_1414_storz_regulondb,0.3333333333333333,2,2,TTGTGTCCTTGAATGTGGCA,0,38457
TSS_1414_storz_regulondb,0.3333333333333333,2,2,TTGTGAGCGGAAGCCATAAA,0,77319
TSS_1414_storz_regulondb,0.3333333333333333,2,2,TTGTGACAGGCAACCACCGC,0,8754
TSS_1414_storz_regulondb,0.3333333333333333,2,2,TTGTCTTGACCAGCGCCGTT,0,71462
TSS_1414_storz_regulondb,0.3333333333333333,2,2,TTGTCCGTGACAGTTCAGCA,0,60411
TSS_1414_storz_regulondb,0.3333333333333333,2,2,TTGTCCATCTTACTACGCCG,0,63261
TSS_1414_storz_regulondb,0.3333333333333333,2,2,TTGTATATGCGATCAAGACA,0,20189
TSS_1414_storz_regulondb,0.3333333333333333,2,2,TTGTATACGTTAGTGTTAGT,0,16584
TSS_1414_storz_regulondb,0.3333333333333333,2,2,TTGTAACCATTAGTCCCACC,0,61740
TSS_1414_storz_regulondb,0.3333333333333333,2,2,TTGGTTTCAGATAACGGTCT,0,50118
TSS_1414_storz_regulondb,0.3333333333333333,2,2,TTGGTTATAGTACCATAGAG,0,13874
TSS_1414_storz_regulondb,0.3333333333333333,2,2,TTGGTGGCGTATTCTTAACC,0,766
TSS_1414_storz_regulondb,0.3333333333333333,2,2,TTGGTGCCTGCACAGTATTC,0,23732
TSS_1414_storz_regulondb,0.3333333333333333,2,2,TTGGTAAAGATTCAAGATTA,0,60778
TSS_1414_storz_regulondb,0.3333333333333333,2,2,TTGGGTGCAGGAAATGAGTA,0,26823
TSS_1414_storz_regulondb,0.3333333333333333,2,2,TTGGGTCACCTGTTCTCCTA,0,22249
TSS_1414_storz_regulondb,0.3333333333333333,2,2,TTGGGTAGTCCGTAGACGGA,0,40274
TSS_1414_storz_regulondb,0.3333333333333333,2,2,TTGGGCGTGGATACGAGCGT,0,74970
TSS_1414_storz_regulondb,0.3333333333333333,2,2,TTGGGATTAATGTGCAACTT,0,65856
TSS_1414_storz_regulondb,0.3333333333333333,2,2,TTGGATACGTTCCTTCCATA,0,44137
TSS_1414_storz_regulondb,0.3333333333333333,2,2,TTGGAGGCTCTGCATGTGTG,0,29236
TSS_1414_storz_regulondb,0.3333333333333333,2,2,TTGGACGAGGGGCTAAATGG,0,4082
TSS_1414_storz_regulondb,0.3333333333333333,2,2,TTGCTTTTTGATAGAGGTCG,0,1666
TSS_1414_storz_regulondb,0.3333333333333333,2,2,TTGCTCCCATGCGGGGCTGA,0,72443
TSS_1414_storz_regulondb,0.3333333333333333,2,2,TTGCGTGTAATTGTTTAATG,0,21757
TSS_1414_storz_regulondb,0.3333333333333333,2,2,TTGCGTCTGTGAACACTCAT,0,11932
TSS_1414_storz_regulondb,0.3333333333333333,2,2,TTGCGCTATAACTTCGAAAC,0,27973
TSS_1414_storz_regulondb,0.3333333333333333,2,2,TTGCGCCTAGATTGCGTTAA,0,58696
TSS_1414_storz_regulondb,0.3333333333333333,2,2,TTGCAGTGACAGGTCCACCC,0,1596
TSS_1414_storz_regulondb,0.3333333333333333,2,2,TTGCACCTTGTGCAGGAAAT,0,549
TSS_1414_storz_regulondb,0.3333333333333333,2,2,TTGCAATTGACTCGCCTAGC,0,65936
TSS_1414_storz_regulondb,0.3333333333333333,2,2,TTGCAACATAGGTTGTCCGA,0,27377
TSS_1414_storz_regulondb,0.3333333333333333,2,2,TTGATGAACCTGAGCGCCTC,0,21049
TSS_1414_storz_regulondb,0.3333333333333333,2,2,TTGAGCATTGTACGGATTCT,0,22623
TSS_1414_storz_regulondb,0.3333333333333333,2,2,TTGAGAACGCAAACCGGTAT,0,34091
TSS_1414_storz_regulondb,0.3333333333333333,2,2,TTGACGGTACCCTGCCTTAT,0,21415
TSS_1414_storz_regulondb,0.3333333333333333,2,2,TTGACGCATTTAACCACGGG,0,49645
TSS_1414_storz_regulondb,0.3333333333333333,2,2,TTGACCTAGTGCTCGCCAAT,0,39922
TSS_1414_storz_regulondb,0.3333333333333333,2,2,TTGACATGTGTCCGCGCCCT,0,46169
TSS_1414_storz_regulondb,0.3333333333333333,2,2,TTGAATGCGAAATGTGCCAC,0,4242
TSS_1414_storz_regulondb,0.3333333333333333,2,2,TTCTTCATGTCCCGGGGGTT,0,14633
TSS_1414_storz_regulondb,0.3333333333333333,2,2,TTCTGTTGCCGCCATTTGAA,0,13877
TSS_1414_storz_regulondb,0.3333333333333333,2,2,TTCTGCTCACGGGTAGACGA,0,76964
TSS_1414_storz_regulondb,0.3333333333333333,2,2,TTCTCGGGCCACGGAAGTGG,0,23430
TSS_1414_storz_regulondb,0.3333333333333333,2,2,TTCTCCGGAGCCAGGGGGTG,0,16979
TSS_1414_storz_regulondb,0.3333333333333333,2,2,TTCTATAGACGCAAGGGGTA,0,72838
TSS_1414_storz_regulondb,0.3333333333333333,2,2,TTCTAGTATGTGTCGTCACC,0,74826
TSS_1414_storz_regulondb,0.3333333333333333,2,2,TTCTAGGGTCCAGAGGATTT,0,79068
TSS_1414_storz_regulondb,0.3333333333333333,2,2,TTCTACATCAATTACGGCTG,0,16182
TSS_1414_storz_regulondb,0.3333333333333333,2,2,TTCGTTAAGGGAGGCCTACC,0,58350
TSS_1414_storz_regulondb,0.3333333333333333,2,2,TTCGTGTGACGGCCATTCTC,0,41809
TSS_1414_storz_regulondb,0.3333333333333333,2,2,TTCGTATCGGCTTGTGCTGT,0,33742
TSS_1414_storz_regulondb,0.3333333333333333,2,2,TTCGGTCCAGTCTTGCGGTC,0,20952
TSS_1414_storz_regulondb,0.3333333333333333,2,2,TTCGGTATGAAGATTCCGGC,0,64598
TSS_1414_storz_regulondb,0.3333333333333333,2,2,TTCGGCTACGACTTCTATGT,0,4280
TSS_1414_storz_regulondb,0.3333333333333333,2,2,TTCGCTATGTTCACCTATGA,0,74157
TSS_1414_storz_regulondb,0.3333333333333333,2,2,TTCGCCGGTCCCAAGGGTCT,0,53078
TSS_1414_storz_regulondb,0.3333333333333333,2,2,TTCCTGTACTTCTTTCTCTA,0,58184
TSS_1414_storz_regulondb,0.3333333333333333,2,2,TTCCTCGAGGACCAAAAGTG,0,5102
TSS_1414_storz_regulondb,0.3333333333333333,2,2,TTCCGTGTCGCCCCTTATTC,0,36104
TSS_1414_storz_regulondb,0.3333333333333333,2,2,TTCCGGGGCTGGAACGGCTG,0,39870
TSS_1414_storz_regulondb,0.3333333333333333,2,2,TTCCGATTCGTTACGATCCT,0,74275
TSS_1414_storz_regulondb,0.3333333333333333,2,2,TTCCAGTCGCACTCTAGGAC,0,78385
TSS_1414_storz_regulondb,0.3333333333333333,2,2,TTCCAGAGGAGACCGCTTGC,0,31903
TSS_1414_storz_regulondb,0.3333333333333333,2,2,TTCCAGAATAGGAACCTATT,0,66215
TSS_1414_storz_regulondb,0.3333333333333333,2,2,TTCATCGTCGGGTCAAGTAA,0,19640
TSS_1414_storz_regulondb,0.3333333333333333,2,2,TTCAGGGCCTGTCAGTTAGG,0,46561
TSS_1414_storz_regulondb,0.3333333333333333,2,2,TTCAGGCACGGCTAGACTAA,0,70210
TSS_1414_storz_regulondb,0.3333333333333333,2,2,TTCAGCGACTTCTCAAATGT,0,9401
TSS_1414_storz_regulondb,0.3333333333333333,2,2,TTCAGATCCCGGACATAAGC,0,8384
TSS_1414_storz_regulondb,0.3333333333333333,2,2,TTCAGACAAAATAAGCCCCG,0,18637
TSS_1414_storz_regulondb,0.3333333333333333,2,2,TTCACTCACTCGGGGACTTC,0,23193
TSS_1414_storz_regulondb,0.3333333333333333,2,2,TTCACCTGTACTTTCCTTAG,0,5538
TSS_1414_storz_regulondb,0.3333333333333333,2,2,TTCAATCTTTGTCGGGAACG,0,46787
TSS_1414_storz_regulondb,0.3333333333333333,2,2,TTCAAGGTCGCATTCTCTGA,0,67114
TSS_1414_storz_regulondb,0.3333333333333333,2,2,TTATTTGCTAAAAGGACCTC,0,39115
TSS_1414_storz_regulondb,0.3333333333333333,2,2,TTATTTATTTTACGAACTAT,0,64146
TSS_1414_storz_regulondb,0.3333333333333333,2,2,TTATTGTCTCACGTCATAGG,0,38354
TSS_1414_storz_regulondb,0.3333333333333333,2,2,TTATTGTATTTATTGTAGGT,0,41609
TSS_1414_storz_regulondb,0.3333333333333333,2,2,TTATTGGGGTGGCTTGACCT,0,41171
TSS_1414_storz_regulondb,0.3333333333333333,2,2,TTATTAAGATACGTGCCCTC,0,57870
TSS_1414_storz_regulondb,0.3333333333333333,2,2,TTATGGTCTTTGTATCACTT,0,70185
TSS_1414_storz_regulondb,0.3333333333333333,2,2,TTATGATCTTAAGATTGCAT,0,9249
TSS_1414_storz_regulondb,0.3333333333333333,2,2,TTATGATAAAAACGTGGTGT,0,14966
TSS_1414_storz_regulondb,0.3333333333333333,2,2,TTATCCTTGCCTATGATTGA,0,59255
TSS_1414_storz_regulondb,0.3333333333333333,2,2,TTATCCTACTCGGAATGCGG,0,22688
TSS_1414_storz_regulondb,0.3333333333333333,2,2,TTATAGTCGTAGTGAGAGGA,0,24989
TSS_1414_storz_regulondb,0.3333333333333333,2,2,TTAGTTTCATGGTGTTCTAA,0,19363
TSS_1414_storz_regulondb,0.3333333333333333,2,2,TTAGTCGGCTTAAGAGGTTC,0,16507
TSS_1414_storz_regulondb,0.3333333333333333,2,2,TTAGTAGCTACTAAATCTTA,0,16816
TSS_1414_storz_regulondb,0.3333333333333333,2,2,TTAGGAGCGGCAGTCTCACA,0,78162
TSS_1414_storz_regulondb,0.3333333333333333,2,2,TTAGCAGGTGTGTGAGAGTA,0,11801
TSS_1414_storz_regulondb,0.3333333333333333,2,2,TTAGACCGGATTTAGGTCGC,0,60408
TSS_1414_storz_regulondb,0.3333333333333333,2,2,TTAGAAGGACATTCTGTTGT,0,64241
TSS_1414_storz_regulondb,0.3333333333333333,2,2,TTACTTGCCTGTTTTCTCGT,0,50202
TSS_1414_storz_regulondb,0.3333333333333333,2,2,TTACTGGGTCCATGCAATTT,0,36735
TSS_1414_storz_regulondb,0.3333333333333333,2,2,TTACTCTCCCTTGTATCTCT,0,36664
TSS_1414_storz_regulondb,0.3333333333333333,2,2,TTACGTTACCGGCCGGTCTC,0,10968
TSS_1414_storz_regulondb,0.3333333333333333,2,2,TTACCACCGCTTCGATATGA,0,2221
TSS_1414_storz_regulondb,0.3333333333333333,2,2,TTACACTCTTCGAAATTCCT,0,12928
TSS_1414_storz_regulondb,0.3333333333333333,2,2,TTACACATGTTTATGCGGGG,0,42891
TSS_1414_storz_regulondb,0.3333333333333333,2,2,TTAATATTGCGTTTATTCAA,0,9671
TSS_1414_storz_regulondb,0.3333333333333333,2,2,TTAAGCCGTCCTATAAGAAT,0,25561
TSS_1414_storz_regulondb,0.3333333333333333,2,2,TTAACCAAGTTCGCTCTCAG,0,62226
TSS_1414_storz_regulondb,0.3333333333333333,2,2,TTAAAGAACCCCGGTTGCAA,0,31437
TSS_1414_storz_regulondb,0.3333333333333333,2,2,TGTTGTTATTTTGATTTATT,0,12867
TSS_1414_storz_regulondb,0.3333333333333333,2,2,TGTTGTAGGCCACGCAGCGA,0,80336
TSS_1414_storz_regulondb,0.3333333333333333,2,2,TGTTGGCCCATTCCGGTTAG,0,52629
TSS_1414_storz_regulondb,0.3333333333333333,2,2,TGTTGCGTTATTTTAGCATT,0,66897
TSS_1414_storz_regulondb,0.3333333333333333,2,2,TGTTCCCTGTCTCTTTGCTT,0,43234
TSS_1414_storz_regulondb,0.3333333333333333,2,2,TGTTATTATATGCTAACAGT,0,7867
TSS_1414_storz_regulondb,0.3333333333333333,2,2,TGTTAGTGTGCCTGGTAACA,0,66374
TSS_1414_storz_regulondb,0.3333333333333333,2,2,TGTTAAGCCCGCTACTTTTG,0,10387
TSS_1414_storz_regulondb,0.3333333333333333,2,2,TGTGTACCTCATAATCGGCC,0,69123
TSS_1414_storz_regulondb,0.3333333333333333,2,2,TGTGGTTATAGAAATGACCC,0,55442
TSS_1414_storz_regulondb,0.3333333333333333,2,2,TGTGGTGTCTGCATTGGTGG,0,34182
TSS_1414_storz_regulondb,0.3333333333333333,2,2,TGTGGGTCGAAAAACGGATG,0,21012
TSS_1414_storz_regulondb,0.3333333333333333,2,2,TGTGGGGCAGCTTTTGGTGG,0,21703
TSS_1414_storz_regulondb,0.3333333333333333,2,2,TGTGGCGAGGACTTTGGTTG,0,21951
TSS_1414_storz_regulondb,0.3333333333333333,2,2,TGTGAGGGAACTAGGCTCGA,0,76387
TSS_1414_storz_regulondb,0.3333333333333333,2,2,TGTCTCGTGTTCCACAATTA,0,74662
TSS_1414_storz_regulondb,0.3333333333333333,2,2,TGTCGTTACGCGAACCCGGG,0,21617
TSS_1414_storz_regulondb,0.3333333333333333,2,2,TGTCGTATGCTCAACGAAAA,0,20906
TSS_1414_storz_regulondb,0.3333333333333333,2,2,TGTCGCATTTCGTGTGGGGG,0,8780
TSS_1414_storz_regulondb,0.3333333333333333,2,2,TGTCCGGTGCGGGCCTATTC,0,62360
TSS_1414_storz_regulondb,0.3333333333333333,2,2,TGTCCCTCTCCGGAGCGTCG,0,53688
TSS_1414_storz_regulondb,0.3333333333333333,2,2,TGTCCAGGTTCGAGGGTTTC,0,44536
TSS_1414_storz_regulondb,0.3333333333333333,2,2,TGTATGGAGTTAAGGTAGGA,0,57253
TSS_1414_storz_regulondb,0.3333333333333333,2,2,TGTATCGAGGGACCGCTAGC,0,57096
TSS_1414_storz_regulondb,0.3333333333333333,2,2,TGTATACAGAGCCAGCATTC,0,54974
TSS_1414_storz_regulondb,0.3333333333333333,2,2,TGTAGTAACCACGGACCGAC,0,15763
TSS_1414_storz_regulondb,0.3333333333333333,2,2,TGTAGCGGATAGATGGGAGC,0,77852
TSS_1414_storz_regulondb,0.3333333333333333,2,2,TGTAAGGATGCCAGCTGACT,0,21563
TSS_1414_storz_regulondb,0.3333333333333333,2,2,TGTAAACTGTTCCTGTATCA,0,5104
TSS_1414_storz_regulondb,0.3333333333333333,2,2,TGGTTTGGGGAACTATAACT,0,7122
TSS_1414_storz_regulondb,0.3333333333333333,2,2,TGGTTGAGAGGAAATGGGGC,0,13117
TSS_1414_storz_regulondb,0.3333333333333333,2,2,TGGTTCCGCGCGTCGCAAGA,0,52131
TSS_1414_storz_regulondb,0.3333333333333333,2,2,TGGTTCACGATGGTCTCTCG,0,27822
TSS_1414_storz_regulondb,0.3333333333333333,2,2,TGGTGTTCTGCTGCGTGGTA,0,76843
TSS_1414_storz_regulondb,0.3333333333333333,2,2,TGGTGGCGGCTTATTACACC,0,5327
TSS_1414_storz_regulondb,0.3333333333333333,2,2,TGGTGACGAATATGCAAGGT,0,47833
TSS_1414_storz_regulondb,0.3333333333333333,2,2,TGGTCGTTAGAATCGGCCTA,0,36677
TSS_1414_storz_regulondb,0.3333333333333333,2,2,TGGTCCTCTAGGAGTGGGAG,0,28929
TSS_1414_storz_regulondb,0.3333333333333333,2,2,TGGTCCTAGGTTTATCGCGT,0,70708
TSS_1414_storz_regulondb,0.3333333333333333,2,2,TGGTCATACCCTCGTCGCAG,0,55975
TSS_1414_storz_regulondb,0.3333333333333333,2,2,TGGTAGCTCAACTGCTGTTC,0,75930
TSS_1414_storz_regulondb,0.3333333333333333,2,2,TGGTACTGAACCAAGATGGC,0,19911
TSS_1414_storz_regulondb,0.3333333333333333,2,2,TGGGTCCGCCTGGGCCTTGT,0,59310
TSS_1414_storz_regulondb,0.3333333333333333,2,2,TGGGTACCGGAAGATTAAGC,0,6130
TSS_1414_storz_regulondb,0.3333333333333333,2,2,TGGGGTCTGGGATTGTAGCA,0,59309
TSS_1414_storz_regulondb,0.3333333333333333,2,2,TGGGGCAGTTAGTCGGAGCC,0,18437
TSS_1414_storz_regulondb,0.3333333333333333,2,2,TGGGCAGGGAGTCCTATGGT,0,50106
TSS_1414_storz_regulondb,0.3333333333333333,2,2,TGGGATTAGAAGATGAAGTC,0,32298
TSS_1414_storz_regulondb,0.3333333333333333,2,2,TGGGATGGATGTGCGAAGTT,0,1039
TSS_1414_storz_regulondb,0.3333333333333333,2,2,TGGGATCGCAGTCCCTGAAT,0,56632
TSS_1414_storz_regulondb,0.3333333333333333,2,2,TGGGAGGCTCAATTAGCGAC,0,73945
TSS_1414_storz_regulondb,0.3333333333333333,2,2,TGGGAAGCGAAATAAAATGA,0,39930
TSS_1414_storz_regulondb,0.3333333333333333,2,2,TGGCTTAGCTTTTCCAAGGG,0,32296
TSS_1414_storz_regulondb,0.3333333333333333,2,2,TGGCTGGCGACATAGGGTGA,0,29086
TSS_1414_storz_regulondb,0.3333333333333333,2,2,TGGCTCTGAGCTTATACAAA,0,61455
TSS_1414_storz_regulondb,0.3333333333333333,2,2,TGGCTATGCAATCTAGACGC,0,34559
TSS_1414_storz_regulondb,0.3333333333333333,2,2,TGGCTAGTAACGTGGTCTCT,0,64180
TSS_1414_storz_regulondb,0.3333333333333333,2,2,TGGCGTTCAATCCGCTGTAG,0,52801
TSS_1414_storz_regulondb,0.3333333333333333,2,2,TGGCGGAAATCGTATAGAGT,0,9347
TSS_1414_storz_regulondb,0.3333333333333333,2,2,TGGCGAGACGTTGCCGACCA,0,855
TSS_1414_storz_regulondb,0.3333333333333333,2,2,TGGCGACTATCGGTTTTCCA,0,4945
TSS_1414_storz_regulondb,0.3333333333333333,2,2,TGGCCTATGAGCAGTCTGTA,0,31611
TSS_1414_storz_regulondb,0.3333333333333333,2,2,TGGCCCTCCTAAAGTCTAAA,0,6498
TSS_1414_storz_regulondb,0.3333333333333333,2,2,TGGCCCGCTCGCGCCGGAAG,0,26662
TSS_1414_storz_regulondb,0.3333333333333333,2,2,TGGCAGTGAATGAAATTGGT,0,8000
TSS_1414_storz_regulondb,0.3333333333333333,2,2,TGGCACACAAAATGAGCGAA,0,77365
TSS_1414_storz_regulondb,0.3333333333333333,2,2,TGGCAATAGAGCCTCTGGAT,0,32111
TSS_1414_storz_regulondb,0.3333333333333333,2,2,TGGATTCCTCCCGCAAGTCT,0,77084
TSS_1414_storz_regulondb,0.3333333333333333,2,2,TGGATCATAGTACCCGCCCC,0,51866
TSS_1414_storz_regulondb,0.3333333333333333,2,2,TGGATAAAAGATGCATGGTA,0,74088
TSS_1414_storz_regulondb,0.3333333333333333,2,2,TGGAGACCCTAACAAACTCC,0,32403
TSS_1414_storz_regulondb,0.3333333333333333,2,2,TGGACTCTAGGTAACGGATG,0,35753
TSS_1414_storz_regulondb,0.3333333333333333,2,2,TGGACTATCATTTTCATCAC,0,32059
TSS_1414_storz_regulondb,0.3333333333333333,2,2,TGGACCAGTTATGACATTGA,0,71733
TSS_1414_storz_regulondb,0.3333333333333333,2,2,TGGACATGTACTTATGCCGT,0,40743
TSS_1414_storz_regulondb,0.3333333333333333,2,2,TGCTTTCGATACGCATTATT,0,7241
TSS_1414_storz_regulondb,0.3333333333333333,2,2,TGCTTATTATTGATCACTTT,0,66418
TSS_1414_storz_regulondb,0.3333333333333333,2,2,TGCTTAAGTTCAGCCCATAC,0,37568
TSS_1414_storz_regulondb,0.3333333333333333,2,2,TGCTGTTGCGGAGATAGCTG,0,29826
TSS_1414_storz_regulondb,0.3333333333333333,2,2,TGCTGGGAAACACGATTCGT,0,76196
TSS_1414_storz_regulondb,0.3333333333333333,2,2,TGCTGCATTGGGTTCAACTC,0,41101
TSS_1414_storz_regulondb,0.3333333333333333,2,2,TGCTCGCGCCGTACTGGTAA,0,58623
TSS_1414_storz_regulondb,0.3333333333333333,2,2,TGCTCCCAGGGAGCACGGAC,0,55720
TSS_1414_storz_regulondb,0.3333333333333333,2,2,TGCTATTTTCGCAGTGCGTT,0,73387
TSS_1414_storz_regulondb,0.3333333333333333,2,2,TGCTATGGCCTGCCTCAGTC,0,13897
TSS_1414_storz_regulondb,0.3333333333333333,2,2,TGCGTGTTGACCAAGCACCG,0,22946
TSS_1414_storz_regulondb,0.3333333333333333,2,2,TGCGGAGAGGCCAATAGACT,0,58489
TSS_1414_storz_regulondb,0.3333333333333333,2,2,TGCGCGATGGTCACAGCCCT,0,40700
TSS_1414_storz_regulondb,0.3333333333333333,2,2,TGCGCGAGAATCTGTAATTA,0,27023
TSS_1414_storz_regulondb,0.3333333333333333,2,2,TGCGACCCCAGTACTCGATG,0,42595
TSS_1414_storz_regulondb,0.3333333333333333,2,2,TGCCTTGAACACTCTCCCTA,0,2521
TSS_1414_storz_regulondb,0.3333333333333333,2,2,TGCCTAGGAGAACTTATGGC,0,69237
TSS_1414_storz_regulondb,0.3333333333333333,2,2,TGCCGTTACCGCGAAATCGC,0,10351
TSS_1414_storz_regulondb,0.3333333333333333,2,2,TGCCGCTCCTAACCGAATCA,0,18037
TSS_1414_storz_regulondb,0.3333333333333333,2,2,TGCCCATCGGGGTCTCGTTT,0,59462
TSS_1414_storz_regulondb,0.3333333333333333,2,2,TGCCATGCCACGCAAACTAT,0,6804
TSS_1414_storz_regulondb,0.3333333333333333,2,2,TGCACTTAACAAATTACCGC,0,76488
TSS_1414_storz_regulondb,0.3333333333333333,2,2,TGCAATTCGCAGCGTGTGAT,0,13889
TSS_1414_storz_regulondb,0.3333333333333333,2,2,TGCAACATCTCGTTCCTTCC,0,71106
TSS_1414_storz_regulondb,0.3333333333333333,2,2,TGCAACAGCTTCAGACGGGG,0,35538
TSS_1414_storz_regulondb,0.3333333333333333,2,2,TGATTTACTTCGAGAAAAAT,0,50366
TSS_1414_storz_regulondb,0.3333333333333333,2,2,TGATTGTATTCCGCATCCCA,0,24626
TSS_1414_storz_regulondb,0.3333333333333333,2,2,TGATGTGTAATACGTAAATT,0,1274
TSS_1414_storz_regulondb,0.3333333333333333,2,2,TGATGTAGTACCTTCCGGCG,0,35038
TSS_1414_storz_regulondb,0.3333333333333333,2,2,TGATGAGTACGGGGGCGTTT,0,18654
TSS_1414_storz_regulondb,0.3333333333333333,2,2,TGATCGGCAATAGCAGACTC,0,37208
TSS_1414_storz_regulondb,0.3333333333333333,2,2,TGATCAGATTAGACGTCCTA,0,13917
TSS_1414_storz_regulondb,0.3333333333333333,2,2,TGATAAAGGTGACTACGCAG,0,24443
TSS_1414_storz_regulondb,0.3333333333333333,2,2,TGAGTCATTGCGTAACAAGG,0,20549
TSS_1414_storz_regulondb,0.3333333333333333,2,2,TGAGTAGCTCTGCCCTAGAA,0,45843
TSS_1414_storz_regulondb,0.3333333333333333,2,2,TGAGATTTCAGCGAAAGATC,0,70466
TSS_1414_storz_regulondb,0.3333333333333333,2,2,TGAGACAAGCTACAACTTCC,0,36213
TSS_1414_storz_regulondb,0.3333333333333333,2,2,TGAGAACATTACGTGAGTTC,0,17717
TSS_1414_storz_regulondb,0.3333333333333333,2,2,TGACTTCGACGCTAGGTTCT,0,32495
TSS_1414_storz_regulondb,0.3333333333333333,2,2,TGACTTCCCGACGTGGGTAT,0,22260
TSS_1414_storz_regulondb,0.3333333333333333,2,2,TGACTGGCGGTCTTGCCTTG,0,12640
TSS_1414_storz_regulondb,0.3333333333333333,2,2,TGACTCGTAAACAGGTACCA,0,7509
TSS_1414_storz_regulondb,0.3333333333333333,2,2,TGACGGGTTTCTCAGTCAAT,0,10847
TSS_1414_storz_regulondb,0.3333333333333333,2,2,TGACGGCGTATGCTGCGCAA,0,31374
TSS_1414_storz_regulondb,0.3333333333333333,2,2,TGACAACGTTACAGCCGCTC,0,76668
TSS_1414_storz_regulondb,0.3333333333333333,2,2,TGAATCATTCTCACACCATT,0,34017
TSS_1414_storz_regulondb,0.3333333333333333,2,2,TGAATACACATGGTTACCTA,0,80860
TSS_1414_storz_regulondb,0.3333333333333333,2,2,TGAACTTATGAAGAGCTCAA,0,11076
TSS_1414_storz_regulondb,0.3333333333333333,2,2,TGAACTAGGACATTTAAAGG,0,61687
TSS_1414_storz_regulondb,0.3333333333333333,2,2,TGAACCTCTCGGGTCTACAG,0,14708
TSS_1414_storz_regulondb,0.3333333333333333,2,2,TGAACACGACTACTTTTACT,0,23076
TSS_1414_storz_regulondb,0.3333333333333333,2,2,TGAAATGGAGTATGGTTATC,0,10260
TSS_1414_storz_regulondb,0.3333333333333333,2,2,TCTTTTCCCTATCATAAGAT,0,55488
TSS_1414_storz_regulondb,0.3333333333333333,2,2,TCTTTGGACTAAGGAACAGG,0,8392
TSS_1414_storz_regulondb,0.3333333333333333,2,2,TCTTTCAAGTGAAATGTAGA,0,8963
TSS_1414_storz_regulondb,0.3333333333333333,2,2,TCTTGTGACCGTCGCTACGA,0,16073
TSS_1414_storz_regulondb,0.3333333333333333,2,2,TCTTGGATCGGAGTGAACAT,0,71364
TSS_1414_storz_regulondb,0.3333333333333333,2,2,TCTTACTCGCGCTTAACAAG,0,56239
TSS_1414_storz_regulondb,0.3333333333333333,2,2,TCTTAAGTGTCGAGGTTCGT,0,19927
TSS_1414_storz_regulondb,0.3333333333333333,2,2,TCTTAAGCCGTGCGAAGGTT,0,65181
TSS_1414_storz_regulondb,0.3333333333333333,2,2,TCTTAACTTCTATTGCTATA,0,33804
TSS_1414_storz_regulondb,0.3333333333333333,2,2,TCTGTACCCGATCCTGGGGA,0,20924
TSS_1414_storz_regulondb,0.3333333333333333,2,2,TCTGGGCAACGTTCACTACG,0,72302
TSS_1414_storz_regulondb,0.3333333333333333,2,2,TCTGGCGGTGTGTACTTTCA,0,59638
TSS_1414_storz_regulondb,0.3333333333333333,2,2,TCTGCTCTCAGATCGGTGAT,0,13392
TSS_1414_storz_regulondb,0.3333333333333333,2,2,TCTGCTCAGCTAAGAGCTTC,0,15134
TSS_1414_storz_regulondb,0.3333333333333333,2,2,TCTGCGAGGAATATTACGGT,0,16711
TSS_1414_storz_regulondb,0.3333333333333333,2,2,TCTGCAATCTTGAATTCACA,0,7864
TSS_1414_storz_regulondb,0.3333333333333333,2,2,TCTGATCATCCACAGCGTTC,0,940
TSS_1414_storz_regulondb,0.3333333333333333,2,2,TCTGAGTAGGATCATTGAGT,0,1093
TSS_1414_storz_regulondb,0.3333333333333333,2,2,TCTGAGTACAGATGCCTAGA,0,26073
TSS_1414_storz_regulondb,0.3333333333333333,2,2,TCTGAGCAAGTTGGTCAGGC,0,15097
TSS_1414_storz_regulondb,0.3333333333333333,2,2,TCTGAAAACAAGGTGTAGAT,0,58608
TSS_1414_storz_regulondb,0.3333333333333333,2,2,TCTCTCGGCAACCTGGGCAT,0,21917
TSS_1414_storz_regulondb,0.3333333333333333,2,2,TCTCTAACGTTGGAAGACAA,0,34112
TSS_1414_storz_regulondb,0.3333333333333333,2,2,TCTCGGCGCCAGCAAATCCC,0,15690
TSS_1414_storz_regulondb,0.3333333333333333,2,2,TCTCGCTTAAACCCTCAGGC,0,19724
TSS_1414_storz_regulondb,0.3333333333333333,2,2,TCTCGCGAAAAGGGTAGACT,0,62132
TSS_1414_storz_regulondb,0.3333333333333333,2,2,TCTCGAAGTCTTTCATCCAA,0,73298
TSS_1414_storz_regulondb,0.3333333333333333,2,2,TCTCCAGAAGCAGCGCGTAC,0,80737
TSS_1414_storz_regulondb,0.3333333333333333,2,2,TCTCCAACGTCTTGGCCGAG,0,2154
TSS_1414_storz_regulondb,0.3333333333333333,2,2,TCTCATGACAGGCGCAGGGA,0,59590
TSS_1414_storz_regulondb,0.3333333333333333,2,2,TCTCATCAGCGACTTTACTC,0,70192
TSS_1414_storz_regulondb,0.3333333333333333,2,2,TCTCAGGTCTGCCGACCCCC,0,77418
TSS_1414_storz_regulondb,0.3333333333333333,2,2,TCTCACCGGGTAAGTTTACA,0,66599
TSS_1414_storz_regulondb,0.3333333333333333,2,2,TCTCAAACAAGTCACATGTA,0,31139
TSS_1414_storz_regulondb,0.3333333333333333,2,2,TCTATATGCTCGCCACTTAT,0,14878
TSS_1414_storz_regulondb,0.3333333333333333,2,2,TCTATAAGGTAGGGAGCAAC,0,66869
TSS_1414_storz_regulondb,0.3333333333333333,2,2,TCTAGTGGTGTTGTTGATTT,0,4273
TSS_1414_storz_regulondb,0.3333333333333333,2,2,TCTACTTACTGAGCGTCCTG,0,8318
TSS_1414_storz_regulondb,0.3333333333333333,2,2,TCTACTGCCGATCCCCTTCC,0,17135
TSS_1414_storz_regulondb,0.3333333333333333,2,2,TCTACGGTCTAAAGATTCGT,0,73851
TSS_1414_storz_regulondb,0.3333333333333333,2,2,TCTAAAGGATCCCGGTGGTA,0,64480
TSS_1414_storz_regulondb,0.3333333333333333,2,2,TCGTTGCCGTCTATCATGTG,0,22439
TSS_1414_storz_regulondb,0.3333333333333333,2,2,TCGTTATAGCCGGAGGCTTA,0,51362
TSS_1414_storz_regulondb,0.3333333333333333,2,2,TCGTTACAAGTTCCCTAAGG,0,60874
TSS_1414_storz_regulondb,0.3333333333333333,2,2,TCGTCTTCCACCGGTTTTGG,0,597
TSS_1414_storz_regulondb,0.3333333333333333,2,2,TCGTCTCACATCTGCCCAGA,0,39450
TSS_1414_storz_regulondb,0.3333333333333333,2,2,TCGTCGAAGAGAATCACGAT,0,71735
TSS_1414_storz_regulondb,0.3333333333333333,2,2,TCGTATATGAGGGTAGTAAT,0,17484
TSS_1414_storz_regulondb,0.3333333333333333,2,2,TCGTACAACGTCATCAAGAC,0,77087
TSS_1414_storz_regulondb,0.3333333333333333,2,2,TCGGTAGTTCACTTCTTCAT,0,4635
TSS_1414_storz_regulondb,0.3333333333333333,2,2,TCGGTAGTCTAACGACCCGC,0,76475
TSS_1414_storz_regulondb,0.3333333333333333,2,2,TCGGGTGAGAGCTCGGCTGG,0,43196
TSS_1414_storz_regulondb,0.3333333333333333,2,2,TCGGGGGCGCGCCGTGTCTC,0,64724
TSS_1414_storz_regulondb,0.3333333333333333,2,2,TCGGGGAGTTGCCACGTGAC,0,71375
TSS_1414_storz_regulondb,0.3333333333333333,2,2,TCGGCTTATGAGCAAGGAGC,0,60707
TSS_1414_storz_regulondb,0.3333333333333333,2,2,TCGGCCCTTTTTGGAATACG,0,61760
TSS_1414_storz_regulondb,0.3333333333333333,2,2,TCGGCACCCGCTCTCGCTTA,0,36667
TSS_1414_storz_regulondb,0.3333333333333333,2,2,TCGGACGCGGACAATCGGCC,0,42905
TSS_1414_storz_regulondb,0.3333333333333333,2,2,TCGGACGAGCAGATGGTTCG,0,1578
TSS_1414_storz_regulondb,0.3333333333333333,2,2,TCGCTGATTGACCGACTTAG,0,50487
TSS_1414_storz_regulondb,0.3333333333333333,2,2,TCGCGTATTGGTATTCTATT,0,21775
TSS_1414_storz_regulondb,0.3333333333333333,2,2,TCGCGGGTCCACGATTCTAT,0,69836
TSS_1414_storz_regulondb,0.3333333333333333,2,2,TCGCGCCAGCAACGTAGTAT,0,49359
TSS_1414_storz_regulondb,0.3333333333333333,2,2,TCGCGCACCCTCGTGCACGG,0,17023
TSS_1414_storz_regulondb,0.3333333333333333,2,2,TCGCGAGCTTTTTTGCTAAG,0,60493
TSS_1414_storz_regulondb,0.3333333333333333,2,2,TCGCCTGGTTTGAGAGCCCT,0,6350
TSS_1414_storz_regulondb,0.3333333333333333,2,2,TCGCCGGGGACTCCAATTCT,0,8841
TSS_1414_storz_regulondb,0.3333333333333333,2,2,TCGCCGCCCACTTGATGGAC,0,54712
TSS_1414_storz_regulondb,0.3333333333333333,2,2,TCGCCATTCTGATCCTAGGC,0,69467
TSS_1414_storz_regulondb,0.3333333333333333,2,2,TCGCATTGCAGCTGCACGCT,0,65243
TSS_1414_storz_regulondb,0.3333333333333333,2,2,TCGCAGTTCATACGCACTAT,0,35199
TSS_1414_storz_regulondb,0.3333333333333333,2,2,TCGCAATTCAGACGTCCTTA,0,9958
TSS_1414_storz_regulondb,0.3333333333333333,2,2,TCGATGTCTAGCGAAATCTT,0,41964
TSS_1414_storz_regulondb,0.3333333333333333,2,2,TCGAGGCCCTACGACACCCA,0,74527
TSS_1414_storz_regulondb,0.3333333333333333,2,2,TCGAATTCTCATAGTTGGTC,0,8397
TSS_1414_storz_regulondb,0.3333333333333333,2,2,TCGAAATGTCCCCTTTGCCT,0,30219
TSS_1414_storz_regulondb,0.3333333333333333,2,2,TCGAAAGGTTTAGAATGACA,0,38185
TSS_1414_storz_regulondb,0.3333333333333333,2,2,TCCTTCTGAGGGCTGTGTTT,0,48559
TSS_1414_storz_regulondb,0.3333333333333333,2,2,TCCTGTCCTTTTTGCCTTGT,0,55522
TSS_1414_storz_regulondb,0.3333333333333333,2,2,TCCTCGGGCAGCGCGAACTA,0,43288
TSS_1414_storz_regulondb,0.3333333333333333,2,2,TCCGTTCTCGAAAGACTGTA,0,16361
TSS_1414_storz_regulondb,0.3333333333333333,2,2,TCCGTTCGTAGGCGGCTGTC,0,59146
TSS_1414_storz_regulondb,0.3333333333333333,2,2,TCCGTCCGTCGCAAAATCGT,0,1711
TSS_1414_storz_regulondb,0.3333333333333333,2,2,TCCGGTTGTCGAGAGTCGGT,0,27326
TSS_1414_storz_regulondb,0.3333333333333333,2,2,TCCGGGATCGGCCGTTACAA,0,74505
TSS_1414_storz_regulondb,0.3333333333333333,2,2,TCCGGCAATCATCCCTCTAG,0,37196
TSS_1414_storz_regulondb,0.3333333333333333,2,2,TCCGCTCAGCCTGCCCTTCT,0,54874
TSS_1414_storz_regulondb,0.3333333333333333,2,2,TCCCTTGAGGCCGCCCACTC,0,66888
TSS_1414_storz_regulondb,0.3333333333333333,2,2,TCCCTTCCGATTCCCTACAC,0,24533
TSS_1414_storz_regulondb,0.3333333333333333,2,2,TCCCGTCGCGCTTGCAGGTA,0,50269
TSS_1414_storz_regulondb,0.3333333333333333,2,2,TCCCGGGATTATATAAATAG,0,9942
TSS_1414_storz_regulondb,0.3333333333333333,2,2,TCCCGCCCGGGTGCTGTTAA,0,33055
TSS_1414_storz_regulondb,0.3333333333333333,2,2,TCCCCCACTCCAAGAACGGT,0,1627
TSS_1414_storz_regulondb,0.3333333333333333,2,2,TCCCATGGATGGCCTCTCGC,0,22987
TSS_1414_storz_regulondb,0.3333333333333333,2,2,TCCCAGGATCTATCTACATA,0,52357
TSS_1414_storz_regulondb,0.3333333333333333,2,2,TCCAGTCCAGTGAATGACCT,0,52066
TSS_1414_storz_regulondb,0.3333333333333333,2,2,TCCACGTGGCCCTAGAAGGA,0,67335
TSS_1414_storz_regulondb,0.3333333333333333,2,2,TCCACCCCCAGAGATGTCAA,0,68877
TSS_1414_storz_regulondb,0.3333333333333333,2,2,TCCACAGGAAGGTCAACTAC,0,69243
TSS_1414_storz_regulondb,0.3333333333333333,2,2,TCCAACCAAGGCAAGCCCAA,0,48651
TSS_1414_storz_regulondb,0.3333333333333333,2,2,TCATTTTCCTATGCCAAGAG,0,7555
TSS_1414_storz_regulondb,0.3333333333333333,2,2,TCATTATTGCGTCTTGACCA,0,4495
TSS_1414_storz_regulondb,0.3333333333333333,2,2,TCATGTCCCTCGTATTGTGC,0,55104
TSS_1414_storz_regulondb,0.3333333333333333,2,2,TCATGCACCTTCGTAGACGG,0,66830
TSS_1414_storz_regulondb,0.3333333333333333,2,2,TCATGATACCCTGAGCCCTT,0,73301
TSS_1414_storz_regulondb,0.3333333333333333,2,2,TCATCAACAGCTTGGATTTT,0,39291
TSS_1414_storz_regulondb,0.3333333333333333,2,2,TCATATAACACTGAGTACTC,0,28950
TSS_1414_storz_regulondb,0.3333333333333333,2,2,TCATACACCGACGGTGGCGA,0,41963
TSS_1414_storz_regulondb,0.3333333333333333,2,2,TCAGTCCTATAAAGCGTTTA,0,53307
TSS_1414_storz_regulondb,0.3333333333333333,2,2,TCAGTCCCTTCTTGCTGCCG,0,28978
TSS_1414_storz_regulondb,0.3333333333333333,2,2,TCAGTCATAGACAGTGTACG,0,41605
TSS_1414_storz_regulondb,0.3333333333333333,2,2,TCAGGTCGCAGAGCTTTTAC,0,48240
TSS_1414_storz_regulondb,0.3333333333333333,2,2,TCAGGGGATATCTAACTTGA,0,75903
TSS_1414_storz_regulondb,0.3333333333333333,2,2,TCAGGCATTGGCCTCACGAA,0,64777
TSS_1414_storz_regulondb,0.3333333333333333,2,2,TCAGCCTGCTAGGTCAGTAA,0,54298
TSS_1414_storz_regulondb,0.3333333333333333,2,2,TCAGCAGGCATTGAGACCCT,0,46278
TSS_1414_storz_regulondb,0.3333333333333333,2,2,TCAGATCAAAAGTCTGTCAA,0,36004
TSS_1414_storz_regulondb,0.3333333333333333,2,2,TCAGACATTACCTTGCACGC,0,22292
TSS_1414_storz_regulondb,0.3333333333333333,2,2,TCACCTTTACAAGTGCTTCT,0,23830
TSS_1414_storz_regulondb,0.3333333333333333,2,2,TCACCTGGCGGGGAACGTTA,0,53534
TSS_1414_storz_regulondb,0.3333333333333333,2,2,TCACCTCTTCTATGTCTGCT,0,78126
TSS_1414_storz_regulondb,0.3333333333333333,2,2,TCACATCAATAAGCCCGGTA,0,3237
TSS_1414_storz_regulondb,0.3333333333333333,2,2,TCACACAGTGTCATTTCTGC,0,75699
TSS_1414_storz_regulondb,0.3333333333333333,2,2,TCAATATCGCGTGTATATTA,0,54485
TSS_1414_storz_regulondb,0.3333333333333333,2,2,TCAAGTCTGGCACAACAAGT,0,52574
TSS_1414_storz_regulondb,0.3333333333333333,2,2,TCAAGGATAAGCCGGCCCTC,0,40950
TSS_1414_storz_regulondb,0.3333333333333333,2,2,TCAACGGTCTATCAGGCGAC,0,10137
TSS_1414_storz_regulondb,0.3333333333333333,2,2,TCAACGGACTCTTGTGATCT,0,18472
TSS_1414_storz_regulondb,0.3333333333333333,2,2,TATTTTTGCAGTATGTATAG,0,38984
TSS_1414_storz_regulondb,0.3333333333333333,2,2,TATTTCATTAGGCCGAGCGC,0,73644
TSS_1414_storz_regulondb,0.3333333333333333,2,2,TATTTAGGGTATGCCCAGAA,0,31200
TSS_1414_storz_regulondb,0.3333333333333333,2,2,TATTGGAGTATGCCAAATAC,0,70341
TSS_1414_storz_regulondb,0.3333333333333333,2,2,TATTGCGAATATTCCAGTCC,0,2819
TSS_1414_storz_regulondb,0.3333333333333333,2,2,TATTCATTCAGGCCCGGAAG,0,1732
TSS_1414_storz_regulondb,0.3333333333333333,2,2,TATTAGCTGATGAGCCATTG,0,53949
TSS_1414_storz_regulondb,0.3333333333333333,2,2,TATTAGCGTGCAGGTCAGAA,0,4729
TSS_1414_storz_regulondb,0.3333333333333333,2,2,TATGGCCATATGCTAAACGG,0,493
TSS_1414_storz_regulondb,0.3333333333333333,2,2,TATGCGACAGGTTTGCCGTG,0,57139
TSS_1414_storz_regulondb,0.3333333333333333,2,2,TATGAGTTGCGTTCCTCTTA,0,28457
TSS_1414_storz_regulondb,0.3333333333333333,2,2,TATGAGTCAGACTTCCGCTT,0,11184
TSS_1414_storz_regulondb,0.3333333333333333,2,2,TATGAATAAGACATCAACCT,0,56553
TSS_1414_storz_regulondb,0.3333333333333333,2,2,TATCTTGCAATGTGCTCGAG,0,26815
TSS_1414_storz_regulondb,0.3333333333333333,2,2,TATCTTGACAATGACTTTCA,0,8802
TSS_1414_storz_regulondb,0.3333333333333333,2,2,TATCTAAAGCAGAGAGGTCA,0,62116
TSS_1414_storz_regulondb,0.3333333333333333,2,2,TATCGCCCTCTAGTACTTGG,0,19199
TSS_1414_storz_regulondb,0.3333333333333333,2,2,TATCCGACCGAATGATGTAA,0,51680
TSS_1414_storz_regulondb,0.3333333333333333,2,2,TATCATTCACAAATGACGAG,0,33808
TSS_1414_storz_regulondb,0.3333333333333333,2,2,TATCATCAGAGGGTTTGTAT,0,55067
TSS_1414_storz_regulondb,0.3333333333333333,2,2,TATCAACAGCAGTAGCCTTC,0,40308
TSS_1414_storz_regulondb,0.3333333333333333,2,2,TATATGTCTTCCCTAATTCT,0,41085
TSS_1414_storz_regulondb,0.3333333333333333,2,2,TATATCAAGAATTGTCTCGT,0,34233
TSS_1414_storz_regulondb,0.3333333333333333,2,2,TATAGGCCTCGTGGGTTGCT,0,25443
TSS_1414_storz_regulondb,0.3333333333333333,2,2,TATAGAACAGAATTCATCAA,0,36918
TSS_1414_storz_regulondb,0.3333333333333333,2,2,TATACTCTCTATTCCTACGT,0,59330
TSS_1414_storz_regulondb,0.3333333333333333,2,2,TAGGTTTGGCTAATAGGAGA,0,79396
TSS_1414_storz_regulondb,0.3333333333333333,2,2,TAGGTTGCTGCGAAGAGAAT,0,33269
TSS_1414_storz_regulondb,0.3333333333333333,2,2,TAGGTGGGGCCACAAGCCCG,0,10789
TSS_1414_storz_regulondb,0.3333333333333333,2,2,TAGGGGATAATTGCCACAGT,0,29539
TSS_1414_storz_regulondb,0.3333333333333333,2,2,TAGGGCCACTTACGCATTCA,0,4735
TSS_1414_storz_regulondb,0.3333333333333333,2,2,TAGGCAGAGCACAGCTACAA,0,66568
TSS_1414_storz_regulondb,0.3333333333333333,2,2,TAGGATAAAGGGTCTTTTGT,0,78740
TSS_1414_storz_regulondb,0.3333333333333333,2,2,TAGGAGGCGGCTACAGACTC,0,5461
TSS_1414_storz_regulondb,0.3333333333333333,2,2,TAGCTGTCGGGATGGTTTTC,0,5250
TSS_1414_storz_regulondb,0.3333333333333333,2,2,TAGCTGGCTCAGATTCCGTC,0,24559
TSS_1414_storz_regulondb,0.3333333333333333,2,2,TAGCTCCGTTGGTTTTCGCA,0,71819
TSS_1414_storz_regulondb,0.3333333333333333,2,2,TAGCTAGACGTTGCTCATTG,0,50881
TSS_1414_storz_regulondb,0.3333333333333333,2,2,TAGCTACGCTTTTATCATGA,0,67319
TSS_1414_storz_regulondb,0.3333333333333333,2,2,TAGCGTTCAAGAAACGGATC,0,43009
TSS_1414_storz_regulondb,0.3333333333333333,2,2,TAGCGGGGAAAGTTGGTTGA,0,61352
TSS_1414_storz_regulondb,0.3333333333333333,2,2,TAGCGAACGTATCGTGTAGG,0,68385
TSS_1414_storz_regulondb,0.3333333333333333,2,2,TAGCCTCGGTTCTACCCCAA,0,36261
TSS_1414_storz_regulondb,0.3333333333333333,2,2,TAGCCATTGACCACGCGACA,0,76920
TSS_1414_storz_regulondb,0.3333333333333333,2,2,TAGCATCAGCCCAAAACTAC,0,23148
TSS_1414_storz_regulondb,0.3333333333333333,2,2,TAGATCACGAGCTACATTGC,0,4535
TSS_1414_storz_regulondb,0.3333333333333333,2,2,TAGATCACCGCTGATCGTGC,0,41770
TSS_1414_storz_regulondb,0.3333333333333333,2,2,TAGATATTACAATGGCGCTG,0,61438
TSS_1414_storz_regulondb,0.3333333333333333,2,2,TAGAGGCGATCAAGAGGGGT,0,56606
TSS_1414_storz_regulondb,0.3333333333333333,2,2,TAGACAACATTTGGACTCCA,0,857
TSS_1414_storz_regulondb,0.3333333333333333,2,2,TAGAACTATATTTACTGAGA,0,68347
TSS_1414_storz_regulondb,0.3333333333333333,2,2,TAGAACATCACACATGTTTC,0,79361
TSS_1414_storz_regulondb,0.3333333333333333,2,2,TACTGTCTGCTGTTCCTGGA,0,31946
TSS_1414_storz_regulondb,0.3333333333333333,2,2,TACTCTGCGCACATCCAAGG,0,34202
TSS_1414_storz_regulondb,0.3333333333333333,2,2,TACTCGGAACCAATCGATGT,0,8191
TSS_1414_storz_regulondb,0.3333333333333333,2,2,TACTCCTAGGAAAGGGTGTT,0,73649
TSS_1414_storz_regulondb,0.3333333333333333,2,2,TACTCCGCTGGCCCAGAGTC,0,45989
TSS_1414_storz_regulondb,0.3333333333333333,2,2,TACTCAATTGGTTGTCTCGG,0,5067
TSS_1414_storz_regulondb,0.3333333333333333,2,2,TACTAAATGTCCAGGCAGGG,0,78238
TSS_1414_storz_regulondb,0.3333333333333333,2,2,TACGCTCGGTACCCAAGCGT,0,17614
TSS_1414_storz_regulondb,0.3333333333333333,2,2,TACGAATAGTCTTGACCGCC,0,22012
TSS_1414_storz_regulondb,0.3333333333333333,2,2,TACCTACTGATTAGGCAAGA,0,36921
TSS_1414_storz_regulondb,0.3333333333333333,2,2,TACCGGGTGTCGGGTGCGGC,0,13778
TSS_1414_storz_regulondb,0.3333333333333333,2,2,TACCGGCCCGCGCGAAGTTA,0,72405
TSS_1414_storz_regulondb,0.3333333333333333,2,2,TACCAGCGCAACCGCACGCC,0,9196
TSS_1414_storz_regulondb,0.3333333333333333,2,2,TACCACACGTACAGTCATTT,0,16485
TSS_1414_storz_regulondb,0.3333333333333333,2,2,TACCACACACTTTAACAACT,0,6526
TSS_1414_storz_regulondb,0.3333333333333333,2,2,TACCAATCCGTCAGATTGCT,0,71584
TSS_1414_storz_regulondb,0.3333333333333333,2,2,TACATTGGTCCGTGACAAGT,0,46077
TSS_1414_storz_regulondb,0.3333333333333333,2,2,TACATGGTTCGCACGGCGCT,0,23530
TSS_1414_storz_regulondb,0.3333333333333333,2,2,TACATGCTGTAGTTCGCTGA,0,68876
TSS_1414_storz_regulondb,0.3333333333333333,2,2,TACATAGTTAAGGAACAATT,0,10086
TSS_1414_storz_regulondb,0.3333333333333333,2,2,TACACCTCACAGTAACAGTA,0,76949
TSS_1414_storz_regulondb,0.3333333333333333,2,2,TACACCCGCGTGGCAACTAG,0,55535
TSS_1414_storz_regulondb,0.3333333333333333,2,2,TACACCATCCTGCTCGGGGT,0,55908
TSS_1414_storz_regulondb,0.3333333333333333,2,2,TACAACTTAGGGTGTTGTGA,0,8773
TSS_1414_storz_regulondb,0.3333333333333333,2,2,TACAAATGAGCTTCGGTCGT,0,28371
TSS_1414_storz_regulondb,0.3333333333333333,2,2,TAATTTTCTCTACTGAGTCA,0,69120
TSS_1414_storz_regulondb,0.3333333333333333,2,2,TAATTTAAGGCCCAACAGAA,0,20581
TSS_1414_storz_regulondb,0.3333333333333333,2,2,TAATTGCGTATGGCTTAGGG,0,38077
TSS_1414_storz_regulondb,0.3333333333333333,2,2,TAATGGAGAAGGTGTTGTGT,0,66036
TSS_1414_storz_regulondb,0.3333333333333333,2,2,TAATGCGCAAAGCGCTAAGT,0,7387
TSS_1414_storz_regulondb,0.3333333333333333,2,2,TAATGAAAGACATTCTTCTT,0,27646
TSS_1414_storz_regulondb,0.3333333333333333,2,2,TAATCCTTGCCGGAATACTT,0,31353
TSS_1414_storz_regulondb,0.3333333333333333,2,2,TAATCATCGTCCGTGCACGT,0,5123
TSS_1414_storz_regulondb,0.3333333333333333,2,2,TAATAAGAGGCACAGTGATC,0,76930
TSS_1414_storz_regulondb,0.3333333333333333,2,2,TAAGTTGTTACCACCGGACT,0,48906
TSS_1414_storz_regulondb,0.3333333333333333,2,2,TAAGTTGAATGGCCTTGAAC,0,29194
TSS_1414_storz_regulondb,0.3333333333333333,2,2,TAAGTTACGTTTTCTGGTCG,0,77785
TSS_1414_storz_regulondb,0.3333333333333333,2,2,TAAGTGCGACCCATGTTGAC,0,14642
TSS_1414_storz_regulondb,0.3333333333333333,2,2,TAAGGTGCCGGAGTGTGGTT,0,54958
TSS_1414_storz_regulondb,0.3333333333333333,2,2,TAAGGGTTATGATAGATTCG,0,7363
TSS_1414_storz_regulondb,0.3333333333333333,2,2,TAAGGCTTCAGAACCCTCAC,0,10398
TSS_1414_storz_regulondb,0.3333333333333333,2,2,TAAGGACTTGAGGATTAATC,0,9174
TSS_1414_storz_regulondb,0.3333333333333333,2,2,TAAGGACGCAGTCTTCACGA,0,30612
TSS_1414_storz_regulondb,0.3333333333333333,2,2,TAAGCCAAGGGATCCCTCGG,0,78645
TSS_1414_storz_regulondb,0.3333333333333333,2,2,TAAGCATTTTCCACTCCACG,0,48078
TSS_1414_storz_regulondb,0.3333333333333333,2,2,TAAGATTCAAAGAGTCATGT,0,66252
TSS_1414_storz_regulondb,0.3333333333333333,2,2,TAAGAATGACCGGGCTAAAG,0,77713
TSS_1414_storz_regulondb,0.3333333333333333,2,2,TAACTCGGGTAAGAAAACAT,0,74779
TSS_1414_storz_regulondb,0.3333333333333333,2,2,TAACGGATTGCACGCTCTGG,0,56940
TSS_1414_storz_regulondb,0.3333333333333333,2,2,TAACGAGGGGGGGGAAAAAC,0,63537
TSS_1414_storz_regulondb,0.3333333333333333,2,2,TAACCAGACTCGTACAGTGA,0,23708
TSS_1414_storz_regulondb,0.3333333333333333,2,2,TAACACAGTCTCTCGACGGA,0,31695
TSS_1414_storz_regulondb,0.3333333333333333,2,2,TAACAATCCAAACGGGCGAG,0,43671
TSS_1414_storz_regulondb,0.3333333333333333,2,2,TAACAACCAGGCTCAGAGGG,0,15006
TSS_1414_storz_regulondb,0.3333333333333333,2,2,TAAATAGCGTAGAATCGCGT,0,10804
TSS_1414_storz_regulondb,0.3333333333333333,2,2,TAAATAGATTATTTGCTGAT,0,57624
TSS_1414_storz_regulondb,0.3333333333333333,2,2,TAAATAATACTACTGGAGAT,0,47201
TSS_1414_storz_regulondb,0.3333333333333333,2,2,TAAAGAAAGACGCTATCAGG,0,77262
TSS_1414_storz_regulondb,0.3333333333333333,2,2,TAAACGTAGGCCTCCGTATA,0,41702
TSS_1414_storz_regulondb,0.3333333333333333,2,2,TAAACCAAACAGAAATCGTA,0,43914
TSS_1414_storz_regulondb,0.3333333333333333,2,2,TAAACATTCGCTTTGTAAGA,0,20886
TSS_1414_storz_regulondb,0.3333333333333333,2,2,TAAAATCACGTGCCCCCTTA,0,35394
TSS_1414_storz_regulondb,0.3333333333333333,2,2,TAAAAGAAGGCCAGGTACCA,0,45581
TSS_1414_storz_regulondb,0.3333333333333333,2,2,GTTTTCACAGTCCCCTAACG,0,31680
TSS_1414_storz_regulondb,0.3333333333333333,2,2,GTTTTATTAAGTGAATAGCC,0,50688
TSS_1414_storz_regulondb,0.3333333333333333,2,2,GTTTGTTCCCGAAATCTCCT,0,854
TSS_1414_storz_regulondb,0.3333333333333333,2,2,GTTTGGGGGCGGCAAGGGTT,0,48238
TSS_1414_storz_regulondb,0.3333333333333333,2,2,GTTTGACACCTTCTGATGAT,0,75374
TSS_1414_storz_regulondb,0.3333333333333333,2,2,GTTTCATTACGCACAACCTC,0,6435
TSS_1414_storz_regulondb,0.3333333333333333,2,2,GTTTCAGATTCGCTGTTTTT,0,35721
TSS_1414_storz_regulondb,0.3333333333333333,2,2,GTTTAAGCTGTGCGCGATTC,0,44719
TSS_1414_storz_regulondb,0.3333333333333333,2,2,GTTGTTGGTAGACTGGGCGG,0,45820
TSS_1414_storz_regulondb,0.3333333333333333,2,2,GTTGTTCGTGGGATGTTATA,0,6008
TSS_1414_storz_regulondb,0.3333333333333333,2,2,GTTGGCCTTGTCTTGGTAGA,0,55205
TSS_1414_storz_regulondb,0.3333333333333333,2,2,GTTGGACAGACGTCAGGAGA,0,54950
TSS_1414_storz_regulondb,0.3333333333333333,2,2,GTTGCTTGTAGGGTAGGTAT,0,69696
TSS_1414_storz_regulondb,0.3333333333333333,2,2,GTTGCCGTCCAAGCAATCAG,0,77152
TSS_1414_storz_regulondb,0.3333333333333333,2,2,GTTGCCCGGATGGTAAGATC,0,3808
TSS_1414_storz_regulondb,0.3333333333333333,2,2,GTTGCACGAAGCAGTGCAGC,0,6517
TSS_1414_storz_regulondb,0.3333333333333333,2,2,GTTGATTTAATGCTCGACGG,0,77556
TSS_1414_storz_regulondb,0.3333333333333333,2,2,GTTGAAGACCGGCTATTCTG,0,13297
TSS_1414_storz_regulondb,0.3333333333333333,2,2,GTTGAAAGTTCCCGCACATA,0,61734
TSS_1414_storz_regulondb,0.3333333333333333,2,2,GTTCTCGAACACCGGCGCAA,0,39454
TSS_1414_storz_regulondb,0.3333333333333333,2,2,GTTCGGTACGTACTCTAATT,0,60757
TSS_1414_storz_regulondb,0.3333333333333333,2,2,GTTCCGTAACACGCCATGTC,0,57415
TSS_1414_storz_regulondb,0.3333333333333333,2,2,GTTCCGGGATACCCTAAGAC,0,41739
TSS_1414_storz_regulondb,0.3333333333333333,2,2,GTTCCGGACCAAATTTGGTT,0,74039
TSS_1414_storz_regulondb,0.3333333333333333,2,2,GTTCCGCGTTTTCTCGGGGT,0,67044
TSS_1414_storz_regulondb,0.3333333333333333,2,2,GTTCCCGCCTCGATCCGGTC,0,48332
TSS_1414_storz_regulondb,0.3333333333333333,2,2,GTTCCCCGGTCCGGAGATGT,0,58685
TSS_1414_storz_regulondb,0.3333333333333333,2,2,GTTCATTCAGGGAGCAGGAA,0,46593
TSS_1414_storz_regulondb,0.3333333333333333,2,2,GTTCACACGATACGGCATAA,0,48615
TSS_1414_storz_regulondb,0.3333333333333333,2,2,GTTCAAAAAGGCGATTTTAC,0,2275
TSS_1414_storz_regulondb,0.3333333333333333,2,2,GTTATGCACATAATCCTTTT,0,58189
TSS_1414_storz_regulondb,0.3333333333333333,2,2,GTTAGTGGTGCTCATCAAAA,0,50793
TSS_1414_storz_regulondb,0.3333333333333333,2,2,GTTAGCGTTTAGGATCCACC,0,13629
TSS_1414_storz_regulondb,0.3333333333333333,2,2,GTTACGGGTTATCTGGGATT,0,32487
TSS_1414_storz_regulondb,0.3333333333333333,2,2,GTTACGCGATTCGCACAGGT,0,58736
TSS_1414_storz_regulondb,0.3333333333333333,2,2,GTTACAACCGCTCTAGAAAG,0,74225
TSS_1414_storz_regulondb,0.3333333333333333,2,2,GTGTTTACGGGACGAACCAA,0,11072
TSS_1414_storz_regulondb,0.3333333333333333,2,2,GTGTTAGCGTAATCAAGAAG,0,45465
TSS_1414_storz_regulondb,0.3333333333333333,2,2,GTGTGTTTCGCTAAATATCA,0,52701
TSS_1414_storz_regulondb,0.3333333333333333,2,2,GTGTCTGATCTTAGGGCCCA,0,59895
TSS_1414_storz_regulondb,0.3333333333333333,2,2,GTGTCCACCCGCGACATAAC,0,4804
TSS_1414_storz_regulondb,0.3333333333333333,2,2,GTGTCAGGCCGGGTGCGATA,0,42042
TSS_1414_storz_regulondb,0.3333333333333333,2,2,GTGTATGGCTGGCGCCCGGT,0,78772
TSS_1414_storz_regulondb,0.3333333333333333,2,2,GTGTAATTTAGCATCGAGGT,0,9950
TSS_1414_storz_regulondb,0.3333333333333333,2,2,GTGGTTGTTGTTATCCGGGT,0,52062
TSS_1414_storz_regulondb,0.3333333333333333,2,2,GTGGTTCCGACTTTAACTCT,0,72452
TSS_1414_storz_regulondb,0.3333333333333333,2,2,GTGGTGCCTCCCCAGGTCGT,0,5557
TSS_1414_storz_regulondb,0.3333333333333333,2,2,GTGGTAGGCCCTATCTATAA,0,69576
TSS_1414_storz_regulondb,0.3333333333333333,2,2,GTGGTAATGAGGCTTCCTGT,0,11511
TSS_1414_storz_regulondb,0.3333333333333333,2,2,GTGGGTTCCAATGAGACTAG,0,77414
TSS_1414_storz_regulondb,0.3333333333333333,2,2,GTGGGTCTTTCCAGTGCAGA,0,39620
TSS_1414_storz_regulondb,0.3333333333333333,2,2,GTGGGTCGTTGTTTATATAC,0,54669
TSS_1414_storz_regulondb,0.3333333333333333,2,2,GTGGGGCTAATGATGGCTTC,0,64043
TSS_1414_storz_regulondb,0.3333333333333333,2,2,GTGGGCCTTCAGAACGGGTG,0,17727
TSS_1414_storz_regulondb,0.3333333333333333,2,2,GTGGGCCTGCTAGTCGATCA,0,44539
TSS_1414_storz_regulondb,0.3333333333333333,2,2,GTGGGCCATGAAGTTAAGCT,0,63597
TSS_1414_storz_regulondb,0.3333333333333333,2,2,GTGGCGTTCGACCCAGGTTA,0,45057
TSS_1414_storz_regulondb,0.3333333333333333,2,2,GTGGCGGACCCTAGAACTGG,0,72746
TSS_1414_storz_regulondb,0.3333333333333333,2,2,GTGGCATTATGTACAAAATC,0,41205
TSS_1414_storz_regulondb,0.3333333333333333,2,2,GTGGCAGCGCTCGCGTACAG,0,52815
TSS_1414_storz_regulondb,0.3333333333333333,2,2,GTGGAAGTATTGGACTGCGG,0,16300
TSS_1414_storz_regulondb,0.3333333333333333,2,2,GTGCTAGATCTTCTTATCCA,0,68989
TSS_1414_storz_regulondb,0.3333333333333333,2,2,GTGCGGGGCGGTTTTAGTAA,0,16518
TSS_1414_storz_regulondb,0.3333333333333333,2,2,GTGCGATTTCGTTCGTACTT,0,48390
TSS_1414_storz_regulondb,0.3333333333333333,2,2,GTGCCCCAGGGCCGCAACAA,0,9448
TSS_1414_storz_regulondb,0.3333333333333333,2,2,GTGCCAATAGTGGGCGCCAT,0,80626
TSS_1414_storz_regulondb,0.3333333333333333,2,2,GTGCATTTGTCCTCCGTTAT,0,12754
TSS_1414_storz_regulondb,0.3333333333333333,2,2,GTGCAGTGTCTTAAGTAGGG,0,25668
TSS_1414_storz_regulondb,0.3333333333333333,2,2,GTGCAGGACCATCTCGAATT,0,27861
TSS_1414_storz_regulondb,0.3333333333333333,2,2,GTGCACTGCCACGGGTCATG,0,67473
TSS_1414_storz_regulondb,0.3333333333333333,2,2,GTGCAATGCTACCAGGATCT,0,54946
TSS_1414_storz_regulondb,0.3333333333333333,2,2,GTGATTAAGTGACAGTGAGG,0,44286
TSS_1414_storz_regulondb,0.3333333333333333,2,2,GTGATGCGTCCTACTCCTTA,0,66570
TSS_1414_storz_regulondb,0.3333333333333333,2,2,GTGATGACCAAAGAGAGTTC,0,52034
TSS_1414_storz_regulondb,0.3333333333333333,2,2,GTGAGGCATTACTGCCCTGA,0,49207
TSS_1414_storz_regulondb,0.3333333333333333,2,2,GTGACAAGATCCACCGAATC,0,54249
TSS_1414_storz_regulondb,0.3333333333333333,2,2,GTGAATGTGCGCTACAACTC,0,53581
TSS_1414_storz_regulondb,0.3333333333333333,2,2,GTCTGTGTGATCGGTTGAAT,0,36159
TSS_1414_storz_regulondb,0.3333333333333333,2,2,GTCTGTCGAACAATGAATCG,0,52816
TSS_1414_storz_regulondb,0.3333333333333333,2,2,GTCTCTTATCGTATTAATAA,0,42709
TSS_1414_storz_regulondb,0.3333333333333333,2,2,GTCTCTCTAAAATTCAACGA,0,3300
TSS_1414_storz_regulondb,0.3333333333333333,2,2,GTCTCGCGAAAGATCGGGGG,0,31018
TSS_1414_storz_regulondb,0.3333333333333333,2,2,GTCTCCTTGACATATGTGTT,0,35835
TSS_1414_storz_regulondb,0.3333333333333333,2,2,GTCTAATCCTCGCTGACCCA,0,52475
TSS_1414_storz_regulondb,0.3333333333333333,2,2,GTCGGAGAAATCGCAGAAGA,0,36732
TSS_1414_storz_regulondb,0.3333333333333333,2,2,GTCGCTGGCTCGGCTCTGCC,0,24696
TSS_1414_storz_regulondb,0.3333333333333333,2,2,GTCGCCGCAGCGCCGATGAC,0,25825
TSS_1414_storz_regulondb,0.3333333333333333,2,2,GTCGATTAGTGGGCGATTGT,0,57288
TSS_1414_storz_regulondb,0.3333333333333333,2,2,GTCGATCTCTTGGGCGCTTA,0,12628
TSS_1414_storz_regulondb,0.3333333333333333,2,2,GTCGAGCACCCGGGACATAG,0,52390
TSS_1414_storz_regulondb,0.3333333333333333,2,2,GTCCTGCCGACTAAGCTGAA,0,73985
TSS_1414_storz_regulondb,0.3333333333333333,2,2,GTCCTCATGATATGAGATAA,0,15722
TSS_1414_storz_regulondb,0.3333333333333333,2,2,GTCCGTGGATTTTACATGAT,0,44206
TSS_1414_storz_regulondb,0.3333333333333333,2,2,GTCCGGCAGGACTGAAAAGC,0,22155
TSS_1414_storz_regulondb,0.3333333333333333,2,2,GTCCGCAGAGAGTTACCAAG,0,49564
TSS_1414_storz_regulondb,0.3333333333333333,2,2,GTCCCACAAAGGCTTTTATC,0,15393
TSS_1414_storz_regulondb,0.3333333333333333,2,2,GTCCATGTAGGACGTAAGTG,0,61045
TSS_1414_storz_regulondb,0.3333333333333333,2,2,GTCCATATGGGTAACCGGTC,0,22047
TSS_1414_storz_regulondb,0.3333333333333333,2,2,GTCCACTGGCTTCCTGGTGC,0,71368
TSS_1414_storz_regulondb,0.3333333333333333,2,2,GTCATTTGATTACTGAGTGT,0,75512
TSS_1414_storz_regulondb,0.3333333333333333,2,2,GTCATTGGCCTCTAACCATA,0,65163
TSS_1414_storz_regulondb,0.3333333333333333,2,2,GTCATGAGGAGCAATAGATG,0,68730
TSS_1414_storz_regulondb,0.3333333333333333,2,2,GTCAGTGATGCCCGAGGGAT,0,23239
TSS_1414_storz_regulondb,0.3333333333333333,2,2,GTCAGCACTCCGTCATGGCC,0,59640
TSS_1414_storz_regulondb,0.3333333333333333,2,2,GTCAGAAGACCCGTGGGCAG,0,52469
TSS_1414_storz_regulondb,0.3333333333333333,2,2,GTCACGGAATCAGTTTCTTT,0,20704
TSS_1414_storz_regulondb,0.3333333333333333,2,2,GTCACCACTTTGTTGGGCCT,0,46915
TSS_1414_storz_regulondb,0.3333333333333333,2,2,GTCAACGGCACACCTGGACT,0,23629
TSS_1414_storz_regulondb,0.3333333333333333,2,2,GTATTTGTGGCGACGTCATA,0,58037
TSS_1414_storz_regulondb,0.3333333333333333,2,2,GTATTCGTATCGACCTGTAA,0,16580
TSS_1414_storz_regulondb,0.3333333333333333,2,2,GTATTCATTGAGAAGACTCA,0,40145
TSS_1414_storz_regulondb,0.3333333333333333,2,2,GTATGTTTCTTCGCGTCGGT,0,80127
TSS_1414_storz_regulondb,0.3333333333333333,2,2,GTATGTTATTTCGAAATTAG,0,78250
TSS_1414_storz_regulondb,0.3333333333333333,2,2,GTATGACGAGGCCGGGTGTT,0,55873
TSS_1414_storz_regulondb,0.3333333333333333,2,2,GTATGAATTGGCCTTACCAG,0,35121
TSS_1414_storz_regulondb,0.3333333333333333,2,2,GTATCCCAGGAGAAACCCAA,0,58177
TSS_1414_storz_regulondb,0.3333333333333333,2,2,GTATCAGTCGCAGCGAGGCT,0,74301
TSS_1414_storz_regulondb,0.3333333333333333,2,2,GTATAAGGTCTGCAATTAGT,0,2167
TSS_1414_storz_regulondb,0.3333333333333333,2,2,GTATAAACCAGAATGTTACT,0,71252
TSS_1414_storz_regulondb,0.3333333333333333,2,2,GTAGTCTTTGCTTGGTAGTA,0,51770
TSS_1414_storz_regulondb,0.3333333333333333,2,2,GTAGTCAGCGTCCGGCCCGA,0,9762
TSS_1414_storz_regulondb,0.3333333333333333,2,2,GTAGTATGGAATCGTATCTA,0,13333
TSS_1414_storz_regulondb,0.3333333333333333,2,2,GTAGCGAAGGAGAACGAGCT,0,76632
TSS_1414_storz_regulondb,0.3333333333333333,2,2,GTAGCCAAGGATCCAGCAAG,0,7112
TSS_1414_storz_regulondb,0.3333333333333333,2,2,GTACTCTTCCGTCTGTCCTA,0,33334
TSS_1414_storz_regulondb,0.3333333333333333,2,2,GTACTACCAATTCTTCGGTA,0,75732
TSS_1414_storz_regulondb,0.3333333333333333,2,2,GTACCTCCACGCTATAAAAT,0,1139
TSS_1414_storz_regulondb,0.3333333333333333,2,2,GTACCGGGTCGTGAAGATTA,0,52133
TSS_1414_storz_regulondb,0.3333333333333333,2,2,GTACCGAACAACTTTGTTAA,0,3345
TSS_1414_storz_regulondb,0.3333333333333333,2,2,GTACCCTACGAACACACAGG,0,42716
TSS_1414_storz_regulondb,0.3333333333333333,2,2,GTACCATTTGGTGAATCACT,0,54120
TSS_1414_storz_regulondb,0.3333333333333333,2,2,GTAATGTATTGTGTCCCGAC,0,45170
TSS_1414_storz_regulondb,0.3333333333333333,2,2,GTAATGGACAACCGGTGCCA,0,10585
TSS_1414_storz_regulondb,0.3333333333333333,2,2,GTAATCGCCAGGTCATTACA,0,26688
TSS_1414_storz_regulondb,0.3333333333333333,2,2,GTAATAGAGCAAAGTCTACT,0,28012
TSS_1414_storz_regulondb,0.3333333333333333,2,2,GTAATAGAGAAACTTGGCTT,0,10021
TSS_1414_storz_regulondb,0.3333333333333333,2,2,GTAAGGCGAGTAGAGTACGA,0,33203
TSS_1414_storz_regulondb,0.3333333333333333,2,2,GTAAGACCAACACGTCTTCG,0,12929
TSS_1414_storz_regulondb,0.3333333333333333,2,2,GTAACTATAATCATGATTAC,0,5768
TSS_1414_storz_regulondb,0.3333333333333333,2,2,GTAACATGTTGGCACTACAG,0,32304
TSS_1414_storz_regulondb,0.3333333333333333,2,2,GTAACATATTTTAATTTGCA,0,16447
TSS_1414_storz_regulondb,0.3333333333333333,2,2,GTAAATTGTATAGTGTTCAC,0,21145
TSS_1414_storz_regulondb,0.3333333333333333,2,2,GTAAAGCTGAGCTCGCAATG,0,12882
TSS_1414_storz_regulondb,0.3333333333333333,2,2,GTAAAAGTACCAGACCCACT,0,69946
TSS_1414_storz_regulondb,0.3333333333333333,2,2,GGTTTTGAAAAGCTCTGGAC,0,485
TSS_1414_storz_regulondb,0.3333333333333333,2,2,GGTTTCTCTCTACCTAGGAT,0,1346
TSS_1414_storz_regulondb,0.3333333333333333,2,2,GGTTTAGGGATGGGAGCGAT,0,25252
TSS_1414_storz_regulondb,0.3333333333333333,2,2,GGTTGTCGGGGCCAGTGGGC,0,25320
TSS_1414_storz_regulondb,0.3333333333333333,2,2,GGTTGATTGTGCTTATCTCG,0,50350
TSS_1414_storz_regulondb,0.3333333333333333,2,2,GGTTGAGCACTCATCGTGCT,0,31133
TSS_1414_storz_regulondb,0.3333333333333333,2,2,GGTTACTAGACGACGAACGC,0,24565
TSS_1414_storz_regulondb,0.3333333333333333,2,2,GGTTACGCGAGACCGATCTG,0,33380
TSS_1414_storz_regulondb,0.3333333333333333,2,2,GGTGTTGGATTGACATAGAC,0,57750
TSS_1414_storz_regulondb,0.3333333333333333,2,2,GGTGTGAGTTTCAACTTCTG,0,19550
TSS_1414_storz_regulondb,0.3333333333333333,2,2,GGTGGGTGTTGACGGTTCAA,0,56178
TSS_1414_storz_regulondb,0.3333333333333333,2,2,GGTGGGGGTAGGAAAAAATC,0,48497
TSS_1414_storz_regulondb,0.3333333333333333,2,2,GGTGGGACAGTAAACCGCTA,0,78417
TSS_1414_storz_regulondb,0.3333333333333333,2,2,GGTGGATCGAGCGCGGAGCA,0,44481
TSS_1414_storz_regulondb,0.3333333333333333,2,2,GGTGGAATTGGCAGGCATAA,0,28187
TSS_1414_storz_regulondb,0.3333333333333333,2,2,GGTGCCTTGGGTAACATGAG,0,15049
TSS_1414_storz_regulondb,0.3333333333333333,2,2,GGTGCCGAGGGGAATCGAGC,0,75771
TSS_1414_storz_regulondb,0.3333333333333333,2,2,GGTGCCCAACAGCCCGAGAG,0,39953
TSS_1414_storz_regulondb,0.3333333333333333,2,2,GGTGCACGGTGCCAGAGCAT,0,44377
TSS_1414_storz_regulondb,0.3333333333333333,2,2,GGTGAGCGCTACCGCGCATT,0,15564
TSS_1414_storz_regulondb,0.3333333333333333,2,2,GGTGAACACCCGATAATCTA,0,25430
TSS_1414_storz_regulondb,0.3333333333333333,2,2,GGTCTTACCATTTATGGGCA,0,73006
TSS_1414_storz_regulondb,0.3333333333333333,2,2,GGTCTGGATTCCACAAAACC,0,10064
TSS_1414_storz_regulondb,0.3333333333333333,2,2,GGTCGGTCAACGCCAGAGGG,0,5987
TSS_1414_storz_regulondb,0.3333333333333333,2,2,GGTCGCTCGGCCAGCCTCTA,0,14716
TSS_1414_storz_regulondb,0.3333333333333333,2,2,GGTCCGTATAGGCTATGGGT,0,63061
TSS_1414_storz_regulondb,0.3333333333333333,2,2,GGTCCGAGCCTGGGTGTGAC,0,78481
TSS_1414_storz_regulondb,0.3333333333333333,2,2,GGTCCGACGGGTGATCAGTG,0,11166
TSS_1414_storz_regulondb,0.3333333333333333,2,2,GGTCCCTACCGACGACAGGA,0,46632
TSS_1414_storz_regulondb,0.3333333333333333,2,2,GGTCCCATTCTACGTATATC,0,73896
TSS_1414_storz_regulondb,0.3333333333333333,2,2,GGTCAGCAGAAGCGTCTAAA,0,63510
TSS_1414_storz_regulondb,0.3333333333333333,2,2,GGTCACTGGCCTCCGACCGG,0,17606
TSS_1414_storz_regulondb,0.3333333333333333,2,2,GGTCAATCGGTACGTACTCC,0,62844
TSS_1414_storz_regulondb,0.3333333333333333,2,2,GGTCAAAGCTAGATTGTCTA,0,34493
TSS_1414_storz_regulondb,0.3333333333333333,2,2,GGTATTATGCTATACTTCAT,0,68671
TSS_1414_storz_regulondb,0.3333333333333333,2,2,GGTAGGACCACAATGTGGAT,0,49656
TSS_1414_storz_regulondb,0.3333333333333333,2,2,GGTAGATAACATAAGGAACG,0,37512
TSS_1414_storz_regulondb,0.3333333333333333,2,2,GGTACTACATTAGGAGCGGC,0,79885
TSS_1414_storz_regulondb,0.3333333333333333,2,2,GGTACGTGTCCTCGATTAGT,0,76701
TSS_1414_storz_regulondb,0.3333333333333333,2,2,GGTACGAAGGTCGAGAGTAT,0,12222
TSS_1414_storz_regulondb,0.3333333333333333,2,2,GGTAAGGAACAAACGAGGGT,0,26107
TSS_1414_storz_regulondb,0.3333333333333333,2,2,GGTAAGCACACTTGGCGCAA,0,46344
TSS_1414_storz_regulondb,0.3333333333333333,2,2,GGTAAGCAATACTAAGAACA,0,60401
TSS_1414_storz_regulondb,0.3333333333333333,2,2,GGTAACTCGCAAGGACAACC,0,25586
TSS_1414_storz_regulondb,0.3333333333333333,2,2,GGTAACGGAAATAAAATTAC,0,35530
TSS_1414_storz_regulondb,0.3333333333333333,2,2,GGTAAAGGCAGCTATCCCGG,0,11915
TSS_1414_storz_regulondb,0.3333333333333333,2,2,GGGTTGCTTATCCAGTAGCA,0,47218
TSS_1414_storz_regulondb,0.3333333333333333,2,2,GGGTTAGTTCTTATCCGAAG,0,45304
TSS_1414_storz_regulondb,0.3333333333333333,2,2,GGGTTAGTCGCTCAGTTAAA,0,79213
TSS_1414_storz_regulondb,0.3333333333333333,2,2,GGGTGTGTTTAAGCCAACTA,0,49661
TSS_1414_storz_regulondb,0.3333333333333333,2,2,GGGTGACTTACGGCGTTCGA,0,13807
TSS_1414_storz_regulondb,0.3333333333333333,2,2,GGGTCCTACCGGCGACCAGT,0,18869
TSS_1414_storz_regulondb,0.3333333333333333,2,2,GGGTCAGCCTTTCCTTTCAA,0,23443
TSS_1414_storz_regulondb,0.3333333333333333,2,2,GGGTCAAACCCCAATTCCCG,0,49469
TSS_1414_storz_regulondb,0.3333333333333333,2,2,GGGTAGGCTTCATTAGAAAG,0,2253
TSS_1414_storz_regulondb,0.3333333333333333,2,2,GGGGTGGGTTCTGATGAGAT,0,3019
TSS_1414_storz_regulondb,0.3333333333333333,2,2,GGGGTGCCTACTAACATGCG,0,63595
TSS_1414_storz_regulondb,0.3333333333333333,2,2,GGGGTCGCTCCGCACCCAAT,0,36661
TSS_1414_storz_regulondb,0.3333333333333333,2,2,GGGGTCAATAATGGCAAGCA,0,31203
TSS_1414_storz_regulondb,0.3333333333333333,2,2,GGGGTATCGCCAGGAGATAG,0,64895
TSS_1414_storz_regulondb,0.3333333333333333,2,2,GGGGGTCCCCTATCCTATAC,0,69562
TSS_1414_storz_regulondb,0.3333333333333333,2,2,GGGGGACACGGACCGGTTTT,0,28009
TSS_1414_storz_regulondb,0.3333333333333333,2,2,GGGGCTGCACAATCCGATCC,0,27371
TSS_1414_storz_regulondb,0.3333333333333333,2,2,GGGGCAGTCTGACCCGCGAA,0,72295
TSS_1414_storz_regulondb,0.3333333333333333,2,2,GGGGCACATGTAGTAAAAAC,0,28832
TSS_1414_storz_regulondb,0.3333333333333333,2,2,GGGGATCTCGGCCGGCTCGT,0,57978
TSS_1414_storz_regulondb,0.3333333333333333,2,2,GGGGACTGGCTAGGCAACAA,0,23783
TSS_1414_storz_regulondb,0.3333333333333333,2,2,GGGGAATGAAGCTGTCTTCC,0,3295
TSS_1414_storz_regulondb,0.3333333333333333,2,2,GGGGAAGATTTTAGCTCATT,0,33064
TSS_1414_storz_regulondb,0.3333333333333333,2,2,GGGCTTGCGGACCCGGAAAG,0,58947
TSS_1414_storz_regulondb,0.3333333333333333,2,2,GGGCTTACTCGACTCACATC,0,9221
TSS_1414_storz_regulondb,0.3333333333333333,2,2,GGGCTCCACCCCGTTCTTCG,0,32700
TSS_1414_storz_regulondb,0.3333333333333333,2,2,GGGCTATAGACTTTGCGGCA,0,57381
TSS_1414_storz_regulondb,0.3333333333333333,2,2,GGGCGTATACGCCGATATGA,0,36228
TSS_1414_storz_regulondb,0.3333333333333333,2,2,GGGCGGATTTTTTCAGTTAA,0,38058
TSS_1414_storz_regulondb,0.3333333333333333,2,2,GGGCCTGCGGTGCCTTTTAA,0,13268
TSS_1414_storz_regulondb,0.3333333333333333,2,2,GGGCCGCGGCAAGTACAGTA,0,7100
TSS_1414_storz_regulondb,0.3333333333333333,2,2,GGGCCGACGACAGTTGGAGG,0,24625
TSS_1414_storz_regulondb,0.3333333333333333,2,2,GGGCCCGTGCCAAAGGCCGG,0,37446
TSS_1414_storz_regulondb,0.3333333333333333,2,2,GGGATTTACGCAACTTTAAC,0,67109
TSS_1414_storz_regulondb,0.3333333333333333,2,2,GGGATGGTTATCCGTAGGTC,0,39701
TSS_1414_storz_regulondb,0.3333333333333333,2,2,GGGATGGCTGGGTCAGTGAT,0,73208
TSS_1414_storz_regulondb,0.3333333333333333,2,2,GGGATAGAACATTGACATGA,0,69547
TSS_1414_storz_regulondb,0.3333333333333333,2,2,GGGATAAATCTTTAAAGAAG,0,75647
TSS_1414_storz_regulondb,0.3333333333333333,2,2,GGGAGGAGGCTCATTGGGGA,0,27674
TSS_1414_storz_regulondb,0.3333333333333333,2,2,GGGACGGCCCGCTTGGTTCT,0,17523
TSS_1414_storz_regulondb,0.3333333333333333,2,2,GGGACATGTCTGTCGAAGAC,0,54926
TSS_1414_storz_regulondb,0.3333333333333333,2,2,GGGAATTTGGAAGCCAGCCA,0,46556
TSS_1414_storz_regulondb,0.3333333333333333,2,2,GGGAACTGTACGAGTGATGC,0,57119
TSS_1414_storz_regulondb,0.3333333333333333,2,2,GGCTTTCCATCCACGTCTTC,0,75339
TSS_1414_storz_regulondb,0.3333333333333333,2,2,GGCTTGTATCAGTTTCATTC,0,29010
TSS_1414_storz_regulondb,0.3333333333333333,2,2,GGCTTCGGCTTATTTTAGCC,0,24894
TSS_1414_storz_regulondb,0.3333333333333333,2,2,GGCTGGACTATCCTCTCCAG,0,28768
TSS_1414_storz_regulondb,0.3333333333333333,2,2,GGCTGACCACTGGAACACTG,0,916
TSS_1414_storz_regulondb,0.3333333333333333,2,2,GGCTACAGTAGGGTAACTGC,0,14602
TSS_1414_storz_regulondb,0.3333333333333333,2,2,GGCGTCCTCGGATGCGACAA,0,40629
TSS_1414_storz_regulondb,0.3333333333333333,2,2,GGCGGAGGTATTCTCTACTG,0,66871
TSS_1414_storz_regulondb,0.3333333333333333,2,2,GGCGCTTGAGTTAGTCCGCA,0,56285
TSS_1414_storz_regulondb,0.3333333333333333,2,2,GGCGAGTTATGAACTGTCCG,0,15168
TSS_1414_storz_regulondb,0.3333333333333333,2,2,GGCCTTGTACCTCAACCGAC,0,16233
TSS_1414_storz_regulondb,0.3333333333333333,2,2,GGCCTTCACTGCCTCCATAG,0,58319
TSS_1414_storz_regulondb,0.3333333333333333,2,2,GGCCTTAGGGTTTCGATAAG,0,66139
TSS_1414_storz_regulondb,0.3333333333333333,2,2,GGCCTCTTAAAGCAGTGCGA,0,46250
TSS_1414_storz_regulondb,0.3333333333333333,2,2,GGCCTAGTTTCACAGCAGGT,0,7862
TSS_1414_storz_regulondb,0.3333333333333333,2,2,GGCCGGTGACGGCACTACTT,0,29944
TSS_1414_storz_regulondb,0.3333333333333333,2,2,GGCCGGCGGCGCTCGGTAAA,0,68900
TSS_1414_storz_regulondb,0.3333333333333333,2,2,GGCCCTAGCTTTGGAATTAA,0,69634
TSS_1414_storz_regulondb,0.3333333333333333,2,2,GGCCCATATATCCAACCTGT,0,18281
TSS_1414_storz_regulondb,0.3333333333333333,2,2,GGCCCACTATTGTGCGGACA,0,48307
TSS_1414_storz_regulondb,0.3333333333333333,2,2,GGCCATGTGGGGTCCCCGCA,0,20314
TSS_1414_storz_regulondb,0.3333333333333333,2,2,GGCCAGGATTTGGAAGGGTT,0,65999
TSS_1414_storz_regulondb,0.3333333333333333,2,2,GGCCACGACAATGTCGTCCC,0,40948
TSS_1414_storz_regulondb,0.3333333333333333,2,2,GGCATTATAGCCTCCCAGTA,0,44280
TSS_1414_storz_regulondb,0.3333333333333333,2,2,GGCATCGAATAATCTATGGT,0,28193
TSS_1414_storz_regulondb,0.3333333333333333,2,2,GGCAGGCTAGCCATGGTCTT,0,13631
TSS_1414_storz_regulondb,0.3333333333333333,2,2,GGCAGCTTAGTTTAATGAAA,0,77808
TSS_1414_storz_regulondb,0.3333333333333333,2,2,GGCAGCACCAGGGGGACTGG,0,1613
TSS_1414_storz_regulondb,0.3333333333333333,2,2,GGCAGAACATTAGCGCTCTA,0,65684
TSS_1414_storz_regulondb,0.3333333333333333,2,2,GGCACGGTCATACGAATAAC,0,74037
TSS_1414_storz_regulondb,0.3333333333333333,2,2,GGCAATTCCGACGACCCGGT,0,5059
TSS_1414_storz_regulondb,0.3333333333333333,2,2,GGCAAGTGCATGTAGCGGGG,0,30224
TSS_1414_storz_regulondb,0.3333333333333333,2,2,GGCAAGAACGGACCTGGTCG,0,71241
TSS_1414_storz_regulondb,0.3333333333333333,2,2,GGCAACGCCATTCGGGATAA,0,54644
TSS_1414_storz_regulondb,0.3333333333333333,2,2,GGCAACACACGGCAATTATA,0,68388
TSS_1414_storz_regulondb,0.3333333333333333,2,2,GGCAAACGGCCCTCCCAGAG,0,4983
TSS_1414_storz_regulondb,0.3333333333333333,2,2,GGCAAAACCATTATCTTCCA,0,53266
TSS_1414_storz_regulondb,0.3333333333333333,2,2,GGATTCAAGGAACGAACTTA,0,72775
TSS_1414_storz_regulondb,0.3333333333333333,2,2,GGATTATACTCTGCGTGTGT,0,29800
TSS_1414_storz_regulondb,0.3333333333333333,2,2,GGATTAATATGAGGGTGCTT,0,2958
TSS_1414_storz_regulondb,0.3333333333333333,2,2,GGATGACAGGGCCGTCTTTC,0,60607
TSS_1414_storz_regulondb,0.3333333333333333,2,2,GGATGAACGGGGAGAATATT,0,76740
TSS_1414_storz_regulondb,0.3333333333333333,2,2,GGATCCGCGACGTTGTTCAC,0,48783
TSS_1414_storz_regulondb,0.3333333333333333,2,2,GGATCATTACGTGAATAGGC,0,30790
TSS_1414_storz_regulondb,0.3333333333333333,2,2,GGATAGTACTGGCGGCGGGT,0,39688
TSS_1414_storz_regulondb,0.3333333333333333,2,2,GGATAGACCCAGGGCAAATT,0,29304
TSS_1414_storz_regulondb,0.3333333333333333,2,2,GGAGTTATGGCGAACGAAAC,0,42967
TSS_1414_storz_regulondb,0.3333333333333333,2,2,GGAGTCGGAATCAGGATGCT,0,3792
TSS_1414_storz_regulondb,0.3333333333333333,2,2,GGAGTCCCTACGGTGTGAAC,0,24009
TSS_1414_storz_regulondb,0.3333333333333333,2,2,GGAGTCCCGGGACTCAACCA,0,72339
TSS_1414_storz_regulondb,0.3333333333333333,2,2,GGAGGTGATGTACCTAGTCG,0,27907
TSS_1414_storz_regulondb,0.3333333333333333,2,2,GGAGGCACTACGTTCGTTAA,0,41035
TSS_1414_storz_regulondb,0.3333333333333333,2,2,GGAGAGGCTCAAGCTGGGTT,0,490
TSS_1414_storz_regulondb,0.3333333333333333,2,2,GGAGAAACCCAGGCCCAGGC,0,78182
TSS_1414_storz_regulondb,0.3333333333333333,2,2,GGACTGTCACATATATTGCC,0,67341
TSS_1414_storz_regulondb,0.3333333333333333,2,2,GGACTCTTCAAAGTGCATAT,0,47221
TSS_1414_storz_regulondb,0.3333333333333333,2,2,GGACTACGCCCGGACGCATT,0,3262
TSS_1414_storz_regulondb,0.3333333333333333,2,2,GGACGTAATGGTTTAAAGCG,0,56485
TSS_1414_storz_regulondb,0.3333333333333333,2,2,GGACGGCGGGTTAATGGAGA,0,12342
TSS_1414_storz_regulondb,0.3333333333333333,2,2,GGACGGCCAAACCATGCGAC,0,8115
TSS_1414_storz_regulondb,0.3333333333333333,2,2,GGACGCCTTTATATGAGAAA,0,22381
TSS_1414_storz_regulondb,0.3333333333333333,2,2,GGACGACCTTAAGTGTTTTT,0,1017
TSS_1414_storz_regulondb,0.3333333333333333,2,2,GGACCTCTGAGTATGATGGG,0,50835
TSS_1414_storz_regulondb,0.3333333333333333,2,2,GGACCGCATGGGTTGAGCCT,0,2919
TSS_1414_storz_regulondb,0.3333333333333333,2,2,GGAATTGACGTTTGTCCACT,0,75166
TSS_1414_storz_regulondb,0.3333333333333333,2,2,GGAATGCTGCCTGATCGGTT,0,72446
TSS_1414_storz_regulondb,0.3333333333333333,2,2,GGAATGCAGTTTTCGTCCGT,0,39257
TSS_1414_storz_regulondb,0.3333333333333333,2,2,GGAAGCGACATGCTCCACTT,0,42903
TSS_1414_storz_regulondb,0.3333333333333333,2,2,GGAACTCAAGTACTATTGGA,0,26423
TSS_1414_storz_regulondb,0.3333333333333333,2,2,GGAACGGATTAACGCGACCG,0,55399
TSS_1414_storz_regulondb,0.3333333333333333,2,2,GGAACGCTTGGCGAAGCGTG,0,69238
TSS_1414_storz_regulondb,0.3333333333333333,2,2,GGAAATAAGGATTTGGAGAC,0,68941
TSS_1414_storz_regulondb,0.3333333333333333,2,2,GGAAAGCAATTTAACATACA,0,40824
TSS_1414_storz_regulondb,0.3333333333333333,2,2,GGAAAGATGGGCCACATAAG,0,3978
TSS_1414_storz_regulondb,0.3333333333333333,2,2,GCTTGCCGCGCCTAGATGCC,0,39198
TSS_1414_storz_regulondb,0.3333333333333333,2,2,GCTTCATGCTCACCGGATAT,0,57413
TSS_1414_storz_regulondb,0.3333333333333333,2,2,GCTTCAAGAGTAGTCCAGCG,0,14463
TSS_1414_storz_regulondb,0.3333333333333333,2,2,GCTTATTCATATTACGATAA,0,37141
TSS_1414_storz_regulondb,0.3333333333333333,2,2,GCTTAGGGGCGCGCTTCACC,0,47533
TSS_1414_storz_regulondb,0.3333333333333333,2,2,GCTTAATCTAAACTGAGTTT,0,14236
TSS_1414_storz_regulondb,0.3333333333333333,2,2,GCTGTGTAGAGTATTCCGGG,0,51629
TSS_1414_storz_regulondb,0.3333333333333333,2,2,GCTGTGTACTTCCCGTCGGA,0,8080
TSS_1414_storz_regulondb,0.3333333333333333,2,2,GCTGTCTATGCCCCAATACA,0,61478
TSS_1414_storz_regulondb,0.3333333333333333,2,2,GCTGTCAATGTCGTCCACGT,0,78942
TSS_1414_storz_regulondb,0.3333333333333333,2,2,GCTGTATAGAGGGTTCCGCG,0,45715
TSS_1414_storz_regulondb,0.3333333333333333,2,2,GCTGGTTATGTGACATACGT,0,51189
TSS_1414_storz_regulondb,0.3333333333333333,2,2,GCTGGCGAATAGCTTAAACT,0,28564
TSS_1414_storz_regulondb,0.3333333333333333,2,2,GCTGGATAAATGTACTAAAG,0,40750
TSS_1414_storz_regulondb,0.3333333333333333,2,2,GCTGCATTTGTGCGTAGAAG,0,66551
TSS_1414_storz_regulondb,0.3333333333333333,2,2,GCTCGTTACATAAGATAAGG,0,24363
TSS_1414_storz_regulondb,0.3333333333333333,2,2,GCTCGTCTCATCTATAGAAG,0,78768
TSS_1414_storz_regulondb,0.3333333333333333,2,2,GCTCGGCCTTACCTCTCGCC,0,53988
TSS_1414_storz_regulondb,0.3333333333333333,2,2,GCTCGCCCGGATTTCGATCA,0,76313
TSS_1414_storz_regulondb,0.3333333333333333,2,2,GCTCCCTCACTGAGAACTAC,0,78388
TSS_1414_storz_regulondb,0.3333333333333333,2,2,GCTCCCACGAAAACTTACTA,0,69852
TSS_1414_storz_regulondb,0.3333333333333333,2,2,GCTCAAGTACGTCCGTCGGG,0,80587
TSS_1414_storz_regulondb,0.3333333333333333,2,2,GCTATTTACATAACACAACA,0,47328
TSS_1414_storz_regulondb,0.3333333333333333,2,2,GCTATCTAGTGAAAGCCGAA,0,11011
TSS_1414_storz_regulondb,0.3333333333333333,2,2,GCTAGGGGGGGTAGAAAAGT,0,41595
TSS_1414_storz_regulondb,0.3333333333333333,2,2,GCTAGAGGCAATGCGGGTGA,0,24065
TSS_1414_storz_regulondb,0.3333333333333333,2,2,GCTACATTTATTAAGGCAGA,0,72908
TSS_1414_storz_regulondb,0.3333333333333333,2,2,GCGTTGCGCGAGCTCCGTGG,0,15376
TSS_1414_storz_regulondb,0.3333333333333333,2,2,GCGTTATATCTTTTCTGCCG,0,68747
TSS_1414_storz_regulondb,0.3333333333333333,2,2,GCGTGGAGTCAGCCTCAAGA,0,37061
TSS_1414_storz_regulondb,0.3333333333333333,2,2,GCGTGGAATGTATTGGCACA,0,51900
TSS_1414_storz_regulondb,0.3333333333333333,2,2,GCGTGGAAGTCAGACCGGGG,0,11505
TSS_1414_storz_regulondb,0.3333333333333333,2,2,GCGTCTCGTGCCACACCGCC,0,4282
TSS_1414_storz_regulondb,0.3333333333333333,2,2,GCGTATGAAAAAAACGCTAA,0,1507
TSS_1414_storz_regulondb,0.3333333333333333,2,2,GCGTAGCAAGTTCCGACCTC,0,30151
TSS_1414_storz_regulondb,0.3333333333333333,2,2,GCGGTTCAAATCAATGGTGG,0,22348
TSS_1414_storz_regulondb,0.3333333333333333,2,2,GCGGTATTTACTTAAGGCGT,0,10050
TSS_1414_storz_regulondb,0.3333333333333333,2,2,GCGGGTCGAATACCCGGTTG,0,71862
TSS_1414_storz_regulondb,0.3333333333333333,2,2,GCGGCTCCTAAATCTCAGCG,0,25258
TSS_1414_storz_regulondb,0.3333333333333333,2,2,GCGGATCGCCCTTCGAATGT,0,25343
TSS_1414_storz_regulondb,0.3333333333333333,2,2,GCGGAGTGTGCCTTGGCGGC,0,24466
TSS_1414_storz_regulondb,0.3333333333333333,2,2,GCGGAGCGTATACGCTCAGT,0,1912
TSS_1414_storz_regulondb,0.3333333333333333,2,2,GCGGAGAGTAACTTGCCTCC,0,69994
TSS_1414_storz_regulondb,0.3333333333333333,2,2,GCGGAACCCCTCGGAGCCAC,0,3730
TSS_1414_storz_regulondb,0.3333333333333333,2,2,GCGGAAATCCCAGAACGCAG,0,78316
TSS_1414_storz_regulondb,0.3333333333333333,2,2,GCGCTCAAGGTAGATGGTGA,0,4727
TSS_1414_storz_regulondb,0.3333333333333333,2,2,GCGCGCCACGCCCCCCGTCT,0,34114
TSS_1414_storz_regulondb,0.3333333333333333,2,2,GCGCGATGTCAATTCATAAC,0,44554
TSS_1414_storz_regulondb,0.3333333333333333,2,2,GCGCGACCCTGATCCCCCCA,0,79275
TSS_1414_storz_regulondb,0.3333333333333333,2,2,GCGCCGGGGGACTCAAGAGG,0,55266
TSS_1414_storz_regulondb,0.3333333333333333,2,2,GCGCATCGTTTTTCACGAGA,0,5632
TSS_1414_storz_regulondb,0.3333333333333333,2,2,GCGCATATGGGGGGCCGAAT,0,17153
TSS_1414_storz_regulondb,0.3333333333333333,2,2,GCGCACAATTTGTGGCGGAA,0,7411
TSS_1414_storz_regulondb,0.3333333333333333,2,2,GCGATGGAATCCAGCATGTA,0,65743
TSS_1414_storz_regulondb,0.3333333333333333,2,2,GCGATCAAGGTAGTCGCGCT,0,32126
TSS_1414_storz_regulondb,0.3333333333333333,2,2,GCGAGAGGTAGTTGCCCGTC,0,20707
TSS_1414_storz_regulondb,0.3333333333333333,2,2,GCGACTGTATCGCATCTATG,0,35664
TSS_1414_storz_regulondb,0.3333333333333333,2,2,GCGACTCTCGGCCCAAAAAG,0,69641
TSS_1414_storz_regulondb,0.3333333333333333,2,2,GCGACCGTTTATAATGGGCG,0,35400
TSS_1414_storz_regulondb,0.3333333333333333,2,2,GCGACCCAGTCAAGAACAGA,0,294
TSS_1414_storz_regulondb,0.3333333333333333,2,2,GCGACCAGTTCCCGACGTCA,0,12888
TSS_1414_storz_regulondb,0.3333333333333333,2,2,GCCTGGCGTATCCCTTGACA,0,15872
TSS_1414_storz_regulondb,0.3333333333333333,2,2,GCCTGCGTGTTCTCGGACCG,0,20658
TSS_1414_storz_regulondb,0.3333333333333333,2,2,GCCTGATCGGGTCAGTCAGC,0,55051
TSS_1414_storz_regulondb,0.3333333333333333,2,2,GCCTCTTTGCTGCGGATACG,0,77524
TSS_1414_storz_regulondb,0.3333333333333333,2,2,GCCTCTTAACGTCGTTAACG,0,54310
TSS_1414_storz_regulondb,0.3333333333333333,2,2,GCCTACCATAAGGGTGTCCC,0,62192
TSS_1414_storz_regulondb,0.3333333333333333,2,2,GCCGTTTGCCACCATTCAGG,0,65266
TSS_1414_storz_regulondb,0.3333333333333333,2,2,GCCGTACAGCTAGAGCAACG,0,1738
TSS_1414_storz_regulondb,0.3333333333333333,2,2,GCCGGTCCATAAGATGGAAA,0,10514
TSS_1414_storz_regulondb,0.3333333333333333,2,2,GCCGGTACCCGTCGGCAATT,0,68417
TSS_1414_storz_regulondb,0.3333333333333333,2,2,GCCGGGTAATGCATCACGAT,0,61109
TSS_1414_storz_regulondb,0.3333333333333333,2,2,GCCGGGCTACCACGTACCAT,0,4630
TSS_1414_storz_regulondb,0.3333333333333333,2,2,GCCGGGAAATCCGCTATCAT,0,6633
TSS_1414_storz_regulondb,0.3333333333333333,2,2,GCCGGCGTAATTAAAAGCAT,0,34662
TSS_1414_storz_regulondb,0.3333333333333333,2,2,GCCGGAAAATTAATCTATGC,0,79579
TSS_1414_storz_regulondb,0.3333333333333333,2,2,GCCGCTTCTAGCGGCCTGTG,0,15546
TSS_1414_storz_regulondb,0.3333333333333333,2,2,GCCGCTCACTTCGGAAATTA,0,80927
TSS_1414_storz_regulondb,0.3333333333333333,2,2,GCCGCGAATACGTACTGACC,0,72304
TSS_1414_storz_regulondb,0.3333333333333333,2,2,GCCGCATCTTGGTGAGTTTG,0,43576
TSS_1414_storz_regulondb,0.3333333333333333,2,2,GCCGAGTACCTTTGCTAAGC,0,13789
TSS_1414_storz_regulondb,0.3333333333333333,2,2,GCCGAGAGCGCGCAAGGGGG,0,63876
TSS_1414_storz_regulondb,0.3333333333333333,2,2,GCCCTGCCGATGTCTGTTTG,0,4556
TSS_1414_storz_regulondb,0.3333333333333333,2,2,GCCCTAACTGCCTTTGGCTC,0,28552
TSS_1414_storz_regulondb,0.3333333333333333,2,2,GCCCGTCGGAGAACTACAAG,0,69669
TSS_1414_storz_regulondb,0.3333333333333333,2,2,GCCCGGTTTCCCGTGCGTTA,0,15503
TSS_1414_storz_regulondb,0.3333333333333333,2,2,GCCCGAAACAATCGGTTGCT,0,33999
TSS_1414_storz_regulondb,0.3333333333333333,2,2,GCCCCCTATAAGAAATTCGT,0,18647
TSS_1414_storz_regulondb,0.3333333333333333,2,2,GCCCACGCGATATGATCACG,0,74680
TSS_1414_storz_regulondb,0.3333333333333333,2,2,GCCCACCTTCCGCGCCTGGT,0,53355
TSS_1414_storz_regulondb,0.3333333333333333,2,2,GCCATTCTACTACGAGGGTG,0,48902
TSS_1414_storz_regulondb,0.3333333333333333,2,2,GCCATGGGTGATGCTAGGTT,0,4283
TSS_1414_storz_regulondb,0.3333333333333333,2,2,GCCATATTGTAGCAGGCGAT,0,31185
TSS_1414_storz_regulondb,0.3333333333333333,2,2,GCCAGTAAGGACATTTAATG,0,48953
TSS_1414_storz_regulondb,0.3333333333333333,2,2,GCCACGCTTCGGGTTATATT,0,19329
TSS_1414_storz_regulondb,0.3333333333333333,2,2,GCCAATCCTAGCATCGGTCA,0,75516
TSS_1414_storz_regulondb,0.3333333333333333,2,2,GCCAAGGGAGAGAACTGCGT,0,30381
TSS_1414_storz_regulondb,0.3333333333333333,2,2,GCATTGGACCTGGCCGAAAG,0,54209
TSS_1414_storz_regulondb,0.3333333333333333,2,2,GCATTCGACGTGCCCGATTG,0,56105
TSS_1414_storz_regulondb,0.3333333333333333,2,2,GCATCTTTGAAGTTAGCTGT,0,75912
TSS_1414_storz_regulondb,0.3333333333333333,2,2,GCATCTATGAGGGCAACCCG,0,80488
TSS_1414_storz_regulondb,0.3333333333333333,2,2,GCATCCCCCCAACCGAGTCA,0,28143
TSS_1414_storz_regulondb,0.3333333333333333,2,2,GCATATTGGGGTGGCCCGCG,0,56765
TSS_1414_storz_regulondb,0.3333333333333333,2,2,GCATAGCTCTTCGTTACTGG,0,22933
TSS_1414_storz_regulondb,0.3333333333333333,2,2,GCATACCGCATCTGAACGAT,0,21035
TSS_1414_storz_regulondb,0.3333333333333333,2,2,GCATACAATGATGTCGGTGT,0,3254
TSS_1414_storz_regulondb,0.3333333333333333,2,2,GCAGTGCATAGGTCATCAAA,0,30577
TSS_1414_storz_regulondb,0.3333333333333333,2,2,GCAGTCCACTGCCTCAAGTA,0,11207
TSS_1414_storz_regulondb,0.3333333333333333,2,2,GCAGGGGAGACCCAAGCAAG,0,40402
TSS_1414_storz_regulondb,0.3333333333333333,2,2,GCAGCTCCCTAAGGCTATAT,0,31380
TSS_1414_storz_regulondb,0.3333333333333333,2,2,GCAGCTAATCTGATCACCTT,0,73617
TSS_1414_storz_regulondb,0.3333333333333333,2,2,GCAGCATAAACAAGGCCCTT,0,9722
TSS_1414_storz_regulondb,0.3333333333333333,2,2,GCAGAGTATTAAGGCTGTTG,0,57473
TSS_1414_storz_regulondb,0.3333333333333333,2,2,GCACTCAGGCCCTAAGTTAG,0,741
TSS_1414_storz_regulondb,0.3333333333333333,2,2,GCACTCACCAATAGCTACAT,0,59099
TSS_1414_storz_regulondb,0.3333333333333333,2,2,GCACGTTAAAGGCCTCCCAT,0,29550
TSS_1414_storz_regulondb,0.3333333333333333,2,2,GCACGTCAACCTTTAAACAA,0,50626
TSS_1414_storz_regulondb,0.3333333333333333,2,2,GCACGCCACTCTAAATGAAG,0,67854
TSS_1414_storz_regulondb,0.3333333333333333,2,2,GCACCTTGGTTCCCATCGCT,0,30268
TSS_1414_storz_regulondb,0.3333333333333333,2,2,GCACCGGATCAGGTTAGGCC,0,4229
TSS_1414_storz_regulondb,0.3333333333333333,2,2,GCACCCTGTGGAAAGCGGGT,0,74349
TSS_1414_storz_regulondb,0.3333333333333333,2,2,GCACCCTGACTACCGCCCGT,0,23253
TSS_1414_storz_regulondb,0.3333333333333333,2,2,GCACATATGGTCGTGCATGT,0,65729
TSS_1414_storz_regulondb,0.3333333333333333,2,2,GCAATGGGGTGGCCGCCCCA,0,21680
TSS_1414_storz_regulondb,0.3333333333333333,2,2,GCAATGCTAAGGTGTTTGGG,0,62609
TSS_1414_storz_regulondb,0.3333333333333333,2,2,GCAATCACGGAGAATGGCGA,0,19940
TSS_1414_storz_regulondb,0.3333333333333333,2,2,GCAATACGCGCGATGAAGGC,0,45252
TSS_1414_storz_regulondb,0.3333333333333333,2,2,GCAAGTTCATTTTACTCAGT,0,78056
TSS_1414_storz_regulondb,0.3333333333333333,2,2,GCAAGGGAAACATCATCAAA,0,7179
TSS_1414_storz_regulondb,0.3333333333333333,2,2,GCAACTCTGGATGAGAAGCC,0,25779
TSS_1414_storz_regulondb,0.3333333333333333,2,2,GCAACCTGCCAAGTCTCACG,0,43269
TSS_1414_storz_regulondb,0.3333333333333333,2,2,GCAAATACCACGCGTGCTGA,0,51274
TSS_1414_storz_regulondb,0.3333333333333333,2,2,GATTGGCTCATAGTGGACTT,0,68107
TSS_1414_storz_regulondb,0.3333333333333333,2,2,GATTGGAGTCCAGGCTCGGT,0,24066
TSS_1414_storz_regulondb,0.3333333333333333,2,2,GATTGACTCTGATTTCCGCG,0,37803
TSS_1414_storz_regulondb,0.3333333333333333,2,2,GATTCTTTTGGAGGTAGCAC,0,20023
TSS_1414_storz_regulondb,0.3333333333333333,2,2,GATTCTGACATCTGTAAACG,0,48722
TSS_1414_storz_regulondb,0.3333333333333333,2,2,GATTCCTTGCGTGTATTAAA,0,15770
TSS_1414_storz_regulondb,0.3333333333333333,2,2,GATTAGGGAAGCTCCAGAAA,0,24998
TSS_1414_storz_regulondb,0.3333333333333333,2,2,GATTACATATCGCATGGGCA,0,35203
TSS_1414_storz_regulondb,0.3333333333333333,2,2,GATTACAACCCTACTTTGCA,0,6142
TSS_1414_storz_regulondb,0.3333333333333333,2,2,GATTAAACCACCGGCCAAAC,0,27906
TSS_1414_storz_regulondb,0.3333333333333333,2,2,GATGTCATACTAGATCCGAC,0,3955
TSS_1414_storz_regulondb,0.3333333333333333,2,2,GATGGAGGAGCCCCAGCTGA,0,23855
TSS_1414_storz_regulondb,0.3333333333333333,2,2,GATGCCTATAGCGTGTAAGC,0,14000
TSS_1414_storz_regulondb,0.3333333333333333,2,2,GATGCAACATCTACTTGTAG,0,44558
TSS_1414_storz_regulondb,0.3333333333333333,2,2,GATGACGTGCCCCCACTGAC,0,74769
TSS_1414_storz_regulondb,0.3333333333333333,2,2,GATGAACTCCCGCCAGGGAC,0,32237
TSS_1414_storz_regulondb,0.3333333333333333,2,2,GATCTTGGGAGCTCCAACTG,0,25631
TSS_1414_storz_regulondb,0.3333333333333333,2,2,GATCTGCTATACCGTCACGT,0,33339
TSS_1414_storz_regulondb,0.3333333333333333,2,2,GATCTATACATACATGGCCA,0,62714
TSS_1414_storz_regulondb,0.3333333333333333,2,2,GATCGTCATCGGGCTTTCCC,0,12735
TSS_1414_storz_regulondb,0.3333333333333333,2,2,GATCGGGCTGTCAGGTTCGA,0,75779
TSS_1414_storz_regulondb,0.3333333333333333,2,2,GATCGCGTAGGGATATCCTT,0,77016
TSS_1414_storz_regulondb,0.3333333333333333,2,2,GATCCGGTGGTTCACGCCTA,0,57231
TSS_1414_storz_regulondb,0.3333333333333333,2,2,GATCAGCGCGAGGAATAAAA,0,8539
TSS_1414_storz_regulondb,0.3333333333333333,2,2,GATCAAAAAGGAGGTTAGAA,0,35348
TSS_1414_storz_regulondb,0.3333333333333333,2,2,GATATTGGGCACTGCTGGCA,0,16702
TSS_1414_storz_regulondb,0.3333333333333333,2,2,GATATGTCTGGTCCTATAGA,0,79550
TSS_1414_storz_regulondb,0.3333333333333333,2,2,GATATGAACTGAGCCTCTAG,0,5133
TSS_1414_storz_regulondb,0.3333333333333333,2,2,GATACAATTCGGTGTCTAGT,0,61193
TSS_1414_storz_regulondb,0.3333333333333333,2,2,GATAATTTGACGCGTTCAAT,0,49476
TSS_1414_storz_regulondb,0.3333333333333333,2,2,GATAAGGTCCACTGGATTAT,0,8606
TSS_1414_storz_regulondb,0.3333333333333333,2,2,GATAAGAACGCGCGGGACTA,0,9737
TSS_1414_storz_regulondb,0.3333333333333333,2,2,GATAACGCGGCTTCGAGTCC,0,2813
TSS_1414_storz_regulondb,0.3333333333333333,2,2,GATAACCACGCTCGTTTGTA,0,32899
TSS_1414_storz_regulondb,0.3333333333333333,2,2,GAGTTCTAGGAGGGTACATG,0,3872
TSS_1414_storz_regulondb,0.3333333333333333,2,2,GAGTTCGACCTCCGGTTGGC,0,74678
TSS_1414_storz_regulondb,0.3333333333333333,2,2,GAGTTACTCGCTTTAAGACA,0,3103
TSS_1414_storz_regulondb,0.3333333333333333,2,2,GAGTGGACAATCGGAAGGAC,0,17146
TSS_1414_storz_regulondb,0.3333333333333333,2,2,GAGTCGGGCACGACCGGACC,0,71377
TSS_1414_storz_regulondb,0.3333333333333333,2,2,GAGTCCTATTCCGAGTTGGT,0,5634
TSS_1414_storz_regulondb,0.3333333333333333,2,2,GAGTCACCGAGGACGCCCTC,0,47415
TSS_1414_storz_regulondb,0.3333333333333333,2,2,GAGTATTTGCGTAGTTGCCC,0,25614
TSS_1414_storz_regulondb,0.3333333333333333,2,2,GAGTAGTGCGGGAGTGCCCT,0,32007
TSS_1414_storz_regulondb,0.3333333333333333,2,2,GAGTAGCGACTGCGAGTCAA,0,22356
TSS_1414_storz_regulondb,0.3333333333333333,2,2,GAGTACGCGACGAACGAATC,0,2622
TSS_1414_storz_regulondb,0.3333333333333333,2,2,GAGTAAGTGGCCGGCACGGG,0,41678
TSS_1414_storz_regulondb,0.3333333333333333,2,2,GAGTAACGTGTAATATCAGA,0,40185
TSS_1414_storz_regulondb,0.3333333333333333,2,2,GAGGTTATCCAACCGAACAT,0,62173
TSS_1414_storz_regulondb,0.3333333333333333,2,2,GAGGTTAGTTCTGTAGGCAA,0,42762
TSS_1414_storz_regulondb,0.3333333333333333,2,2,GAGGTCGTTACCTGGCGACT,0,29204
TSS_1414_storz_regulondb,0.3333333333333333,2,2,GAGGGGTTACTCATCATGGT,0,50275
TSS_1414_storz_regulondb,0.3333333333333333,2,2,GAGGGACCCCCATGAAGCGA,0,63764
TSS_1414_storz_regulondb,0.3333333333333333,2,2,GAGGCGCTTTGGTTATTCCG,0,1312
TSS_1414_storz_regulondb,0.3333333333333333,2,2,GAGGCCAACGCTTAGGATTC,0,2831
TSS_1414_storz_regulondb,0.3333333333333333,2,2,GAGGAAGCTATCTTCGGAAT,0,79101
TSS_1414_storz_regulondb,0.3333333333333333,2,2,GAGCTGTACCTCGTACACAC,0,12476
TSS_1414_storz_regulondb,0.3333333333333333,2,2,GAGCTCGCATAATGGCTGGA,0,78161
TSS_1414_storz_regulondb,0.3333333333333333,2,2,GAGCGTGTCGTGATCGGGGT,0,49045
TSS_1414_storz_regulondb,0.3333333333333333,2,2,GAGCGAGGCTAGCCTTCAAA,0,79625
TSS_1414_storz_regulondb,0.3333333333333333,2,2,GAGCCGCCCATCGCGTTCAA,0,27458
TSS_1414_storz_regulondb,0.3333333333333333,2,2,GAGCAGATAGCACATGGGCA,0,67709
TSS_1414_storz_regulondb,0.3333333333333333,2,2,GAGCACGTCTCTAGATTAAA,0,37296
TSS_1414_storz_regulondb,0.3333333333333333,2,2,GAGCAAATCGTTGTCTCCAA,0,23853
TSS_1414_storz_regulondb,0.3333333333333333,2,2,GAGATTCCGCATTATAAAGC,0,36099
TSS_1414_storz_regulondb,0.3333333333333333,2,2,GAGATCGATATAAATCTCTG,0,14300
TSS_1414_storz_regulondb,0.3333333333333333,2,2,GAGATCATTGGATGACTGTC,0,59208
TSS_1414_storz_regulondb,0.3333333333333333,2,2,GAGAGATCAACAGCGGTGAC,0,10625
TSS_1414_storz_regulondb,0.3333333333333333,2,2,GAGACACCCTGATTGAGTGA,0,59951
TSS_1414_storz_regulondb,0.3333333333333333,2,2,GAGAATTAGTCTCTCTCACG,0,46436
TSS_1414_storz_regulondb,0.3333333333333333,2,2,GAGAATACGTGTAGTTTGTC,0,55916
TSS_1414_storz_regulondb,0.3333333333333333,2,2,GAGAACGGCACCCAAGATCT,0,71403
TSS_1414_storz_regulondb,0.3333333333333333,2,2,GAGAACACTTTAATTCCTCT,0,14951
TSS_1414_storz_regulondb,0.3333333333333333,2,2,GAGAAACCTGTCACCTGGCA,0,74269
TSS_1414_storz_regulondb,0.3333333333333333,2,2,GACTTGCATCGCGGGGGGGG,0,29258
TSS_1414_storz_regulondb,0.3333333333333333,2,2,GACTGTTAGACTTACCAGTA,0,36762
TSS_1414_storz_regulondb,0.3333333333333333,2,2,GACTGTAAACGTCTCGTCGG,0,57120
TSS_1414_storz_regulondb,0.3333333333333333,2,2,GACTGCGGTCCATCGAAATA,0,59949
TSS_1414_storz_regulondb,0.3333333333333333,2,2,GACTACGCTATACCTGCGTG,0,20539
TSS_1414_storz_regulondb,0.3333333333333333,2,2,GACTACCCTCGAATGTAATG,0,60626
TSS_1414_storz_regulondb,0.3333333333333333,2,2,GACTACCCGGAATGCCCCAT,0,48521
TSS_1414_storz_regulondb,0.3333333333333333,2,2,GACGTGACAGATGGATCTAG,0,57707
TSS_1414_storz_regulondb,0.3333333333333333,2,2,GACGTACGAACACGAGCAAT,0,74090
TSS_1414_storz_regulondb,0.3333333333333333,2,2,GACGGGAGTACGGCCGAGAT,0,74502
TSS_1414_storz_regulondb,0.3333333333333333,2,2,GACGCAGCGGTCCAAATCCT,0,40895
TSS_1414_storz_regulondb,0.3333333333333333,2,2,GACGAGTGTGTGGGGAGCGG,0,58530
TSS_1414_storz_regulondb,0.3333333333333333,2,2,GACGAGCTTTCATGACCGAT,0,29834
TSS_1414_storz_regulondb,0.3333333333333333,2,2,GACCTGCGCGCGGTCGGGAC,0,8262
TSS_1414_storz_regulondb,0.3333333333333333,2,2,GACCGGTGCTCAAGGTTAAA,0,54487
TSS_1414_storz_regulondb,0.3333333333333333,2,2,GACCGCGTGCACCTACACGT,0,998
TSS_1414_storz_regulondb,0.3333333333333333,2,2,GACCATCGGCGTCCGATAAT,0,33012
TSS_1414_storz_regulondb,0.3333333333333333,2,2,GACCACGCGACATAGGTGGA,0,65470
TSS_1414_storz_regulondb,0.3333333333333333,2,2,GACATTTAAGAGATGAGGGT,0,19741
TSS_1414_storz_regulondb,0.3333333333333333,2,2,GACATCTCTGGAGGAGCATC,0,41392
TSS_1414_storz_regulondb,0.3333333333333333,2,2,GACATACGACAAGCGTGCTT,0,48418
TSS_1414_storz_regulondb,0.3333333333333333,2,2,GACAGTGCAGGCCAGTCACA,0,70793
TSS_1414_storz_regulondb,0.3333333333333333,2,2,GACAGCCACGTCTTCCGGGT,0,2158
TSS_1414_storz_regulondb,0.3333333333333333,2,2,GACAATTGACACGGGAGCGA,0,51364
TSS_1414_storz_regulondb,0.3333333333333333,2,2,GACAACTGCGCCCTTTCGGA,0,57693
TSS_1414_storz_regulondb,0.3333333333333333,2,2,GACAAACTGGGCGGTTTTGC,0,41576
TSS_1414_storz_regulondb,0.3333333333333333,2,2,GACAAACCGCTGGATAGTAG,0,15710
TSS_1414_storz_regulondb,0.3333333333333333,2,2,GAATTTCTCGTAGTTATTTA,0,65794
TSS_1414_storz_regulondb,0.3333333333333333,2,2,GAATTGTTCATCCCTTTTAG,0,64437
TSS_1414_storz_regulondb,0.3333333333333333,2,2,GAATTGCTACACCAGAATTT,0,48325
TSS_1414_storz_regulondb,0.3333333333333333,2,2,GAATTGCCATAGAGGCGCCC,0,31338
TSS_1414_storz_regulondb,0.3333333333333333,2,2,GAATTGAGAGGTCAGCCATT,0,45046
TSS_1414_storz_regulondb,0.3333333333333333,2,2,GAATTATTCTTGTTCGACCT,0,12616
TSS_1414_storz_regulondb,0.3333333333333333,2,2,GAATTACTATGGCGCCCAGA,0,64356
TSS_1414_storz_regulondb,0.3333333333333333,2,2,GAATGTAACAGGCGACCATT,0,42376
TSS_1414_storz_regulondb,0.3333333333333333,2,2,GAATGGCACTCGGCGATCTG,0,70573
TSS_1414_storz_regulondb,0.3333333333333333,2,2,GAATGGACTGTATTTTGATC,0,65870
TSS_1414_storz_regulondb,0.3333333333333333,2,2,GAATGAGGTGGCCCTGAACT,0,70338
TSS_1414_storz_regulondb,0.3333333333333333,2,2,GAATCGATTCCGTGAGCGGG,0,67297
TSS_1414_storz_regulondb,0.3333333333333333,2,2,GAATCCGTGAACGCCAGCGT,0,30423
TSS_1414_storz_regulondb,0.3333333333333333,2,2,GAATCATGGCCCGAAACATC,0,51654
TSS_1414_storz_regulondb,0.3333333333333333,2,2,GAATAGCTGTTGATCGCGTT,0,27686
TSS_1414_storz_regulondb,0.3333333333333333,2,2,GAATAACCCGCCAGCCTTTA,0,58007
TSS_1414_storz_regulondb,0.3333333333333333,2,2,GAAGTGGGTGACTACGGTTG,0,11154
TSS_1414_storz_regulondb,0.3333333333333333,2,2,GAAGTGAAACAGTGGGTATG,0,17947
TSS_1414_storz_regulondb,0.3333333333333333,2,2,GAAGTCCCACTTCTTGGGTT,0,37611
TSS_1414_storz_regulondb,0.3333333333333333,2,2,GAAGGACTAGGGCGTATGTG,0,65210
TSS_1414_storz_regulondb,0.3333333333333333,2,2,GAAGCTAGTAAATTATGACA,0,36845
TSS_1414_storz_regulondb,0.3333333333333333,2,2,GAAGCATTTGTAACACGGTC,0,7020
TSS_1414_storz_regulondb,0.3333333333333333,2,2,GAAGCAATCATGTGAACTAA,0,19732
TSS_1414_storz_regulondb,0.3333333333333333,2,2,GAAGAGGGTCTTTTTGGGAT,0,66257
TSS_1414_storz_regulondb,0.3333333333333333,2,2,GAAGAACAACAGAATCGGAA,0,55512
TSS_1414_storz_regulondb,0.3333333333333333,2,2,GAACTTGGTCAGGGTTGGTT,0,51972
TSS_1414_storz_regulondb,0.3333333333333333,2,2,GAACTCTTGGGCCGTGGAGT,0,62193
TSS_1414_storz_regulondb,0.3333333333333333,2,2,GAACACTTCTGGCTAGAAAG,0,74660
TSS_1414_storz_regulondb,0.3333333333333333,2,2,GAAATGGTACATGTAAAATG,0,71332
TSS_1414_storz_regulondb,0.3333333333333333,2,2,GAAATGGAATTACCCTGTCA,0,67649
TSS_1414_storz_regulondb,0.3333333333333333,2,2,GAAATCCTCCACGCGTTTGC,0,15111
TSS_1414_storz_regulondb,0.3333333333333333,2,2,GAAATCAACCTCCATGACGC,0,15677
TSS_1414_storz_regulondb,0.3333333333333333,2,2,GAAAGTCAATTGTAGGCTGC,0,36246
TSS_1414_storz_regulondb,0.3333333333333333,2,2,GAAAGCCCTCATTTACCCGC,0,63614
TSS_1414_storz_regulondb,0.3333333333333333,2,2,GAAAGACTTTAATGCGACTA,0,23007
TSS_1414_storz_regulondb,0.3333333333333333,2,2,GAAACGGGTAGATCAGGATC,0,61757
TSS_1414_storz_regulondb,0.3333333333333333,2,2,GAAACGAGGCAGCACTCTCA,0,17409
TSS_1414_storz_regulondb,0.3333333333333333,2,2,GAAACCCGGCGGCATTCCGC,0,2326
TSS_1414_storz_regulondb,0.3333333333333333,2,2,GAAACCCATATCGAGACGTG,0,50432
TSS_1414_storz_regulondb,0.3333333333333333,2,2,GAAAAGGTCAGCGTAGAAGT,0,54690
TSS_1414_storz_regulondb,0.3333333333333333,2,2,GAAAAGATATTCTATTGGGC,0,135
TSS_1414_storz_regulondb,0.3333333333333333,2,2,GAAAAACGCCGTCTTATTTC,0,70787
TSS_1414_storz_regulondb,0.3333333333333333,2,2,CTTTTCAGCAACAGATGGAT,0,30583
TSS_1414_storz_regulondb,0.3333333333333333,2,2,CTTTTAGTTTATGGCTTAAT,0,37677
TSS_1414_storz_regulondb,0.3333333333333333,2,2,CTTTTACGTGCGCAAGATAG,0,1069
TSS_1414_storz_regulondb,0.3333333333333333,2,2,CTTTGGTTATAAAACAGGCC,0,54211
TSS_1414_storz_regulondb,0.3333333333333333,2,2,CTTTGGCTTAGCGGGGAAAG,0,36979
TSS_1414_storz_regulondb,0.3333333333333333,2,2,CTTTGAGGTCTAGGCCGAGT,0,64381
TSS_1414_storz_regulondb,0.3333333333333333,2,2,CTTTCTTGGGCAAGCATCAC,0,64752
TSS_1414_storz_regulondb,0.3333333333333333,2,2,CTTTCCAAGCATATGCTTCG,0,49191
TSS_1414_storz_regulondb,0.3333333333333333,2,2,CTTTCAGTTGCGGTAGGGGT,0,72903
TSS_1414_storz_regulondb,0.3333333333333333,2,2,CTTTCAGGGGAGATTCAGAG,0,23817
TSS_1414_storz_regulondb,0.3333333333333333,2,2,CTTTACATCCTGACTCACCC,0,75239
TSS_1414_storz_regulondb,0.3333333333333333,2,2,CTTGGCCATTGCTTTTGTAA,0,57412
TSS_1414_storz_regulondb,0.3333333333333333,2,2,CTTGGCAATTCTAGGATGCC,0,64690
TSS_1414_storz_regulondb,0.3333333333333333,2,2,CTTGGCAATATGCTCAGCCC,0,16145
TSS_1414_storz_regulondb,0.3333333333333333,2,2,CTTGCGTAGTCTACAAACAC,0,51736
TSS_1414_storz_regulondb,0.3333333333333333,2,2,CTTGCCACCAGAATCATCCA,0,73795
TSS_1414_storz_regulondb,0.3333333333333333,2,2,CTTGAGCGTCGCTGGCTGAT,0,61077
TSS_1414_storz_regulondb,0.3333333333333333,2,2,CTTGACTCTGTAAGCCTCTC,0,50205
TSS_1414_storz_regulondb,0.3333333333333333,2,2,CTTGACCGCCGGCCAGACAC,0,15638
TSS_1414_storz_regulondb,0.3333333333333333,2,2,CTTCTCCGTGTATGTAGCTC,0,40375
TSS_1414_storz_regulondb,0.3333333333333333,2,2,CTTCGCACTCGGACAAGTGT,0,59220
TSS_1414_storz_regulondb,0.3333333333333333,2,2,CTTCCTCGTTCAGGCAGGAT,0,68441
TSS_1414_storz_regulondb,0.3333333333333333,2,2,CTTCCAGTAATTTCAGCTTC,0,64395
TSS_1414_storz_regulondb,0.3333333333333333,2,2,CTTCAGTTTTCTGCGATCAA,0,66073
TSS_1414_storz_regulondb,0.3333333333333333,2,2,CTTCACTAAAGTTATCGGGC,0,68133
TSS_1414_storz_regulondb,0.3333333333333333,2,2,CTTATGCACGGCACCACTAT,0,13197
TSS_1414_storz_regulondb,0.3333333333333333,2,2,CTTATCTCGCTGGACAGGAG,0,73245
TSS_1414_storz_regulondb,0.3333333333333333,2,2,CTTAGGGTTTTGATAGTACT,0,69560
TSS_1414_storz_regulondb,0.3333333333333333,2,2,CTTAGGAGACGAGGTAAAGT,0,55634
TSS_1414_storz_regulondb,0.3333333333333333,2,2,CTTAGACAGCGGGGGCCATT,0,36982
TSS_1414_storz_regulondb,0.3333333333333333,2,2,CTTACTGATCGGTCGGGGCT,0,66329
TSS_1414_storz_regulondb,0.3333333333333333,2,2,CTTACCACGTGATGTCAGCT,0,58474
TSS_1414_storz_regulondb,0.3333333333333333,2,2,CTTACAGGGCGTCTGCGTCC,0,9572
TSS_1414_storz_regulondb,0.3333333333333333,2,2,CTTAATTTCCTTTCTGCGAT,0,76009
TSS_1414_storz_regulondb,0.3333333333333333,2,2,CTTAATTCACAGCCTTCTCG,0,60618
TSS_1414_storz_regulondb,0.3333333333333333,2,2,CTTAATCTGGTATATGGTTC,0,71632
TSS_1414_storz_regulondb,0.3333333333333333,2,2,CTTAACTACTCCCTGGCGGT,0,53161
TSS_1414_storz_regulondb,0.3333333333333333,2,2,CTTAAATGCATTCCCAATGG,0,73614
TSS_1414_storz_regulondb,0.3333333333333333,2,2,CTTAAAAGTCTAATACCAGA,0,37578
TSS_1414_storz_regulondb,0.3333333333333333,2,2,CTGTGGCGGTACGAGTACCA,0,59321
TSS_1414_storz_regulondb,0.3333333333333333,2,2,CTGTGGCCGACTGACCTTGG,0,43013
TSS_1414_storz_regulondb,0.3333333333333333,2,2,CTGTCTTATACGTGTGATTT,0,42369
TSS_1414_storz_regulondb,0.3333333333333333,2,2,CTGTCCGTAGTCTCTTGGCA,0,73145
TSS_1414_storz_regulondb,0.3333333333333333,2,2,CTGTCCGCTTCGTTTATCAA,0,66532
TSS_1414_storz_regulondb,0.3333333333333333,2,2,CTGTCAGTTAAGGACATACA,0,5628
TSS_1414_storz_regulondb,0.3333333333333333,2,2,CTGTCAAACATAGGCTATTA,0,48228
TSS_1414_storz_regulondb,0.3333333333333333,2,2,CTGTAGCCTTGTCCGAAATC,0,7095
TSS_1414_storz_regulondb,0.3333333333333333,2,2,CTGTACCGACACAATGTAGT,0,5220
TSS_1414_storz_regulondb,0.3333333333333333,2,2,CTGTACAACGCACACCTCAC,0,44475
TSS_1414_storz_regulondb,0.3333333333333333,2,2,CTGGTCGTGGGATCTCCATT,0,17722
TSS_1414_storz_regulondb,0.3333333333333333,2,2,CTGGTAGGCACGCCTCACTC,0,76245
TSS_1414_storz_regulondb,0.3333333333333333,2,2,CTGGGGTTGGGATCATTAGG,0,74960
TSS_1414_storz_regulondb,0.3333333333333333,2,2,CTGGGGTCACTGGTTCATAC,0,40978
TSS_1414_storz_regulondb,0.3333333333333333,2,2,CTGGGATTGTGATATTGATT,0,37271
TSS_1414_storz_regulondb,0.3333333333333333,2,2,CTGGGACACTCGGGTAACGG,0,53804
TSS_1414_storz_regulondb,0.3333333333333333,2,2,CTGGCATCCCTAGAGGGTAT,0,18042
TSS_1414_storz_regulondb,0.3333333333333333,2,2,CTGGCACGTTATGGATCATT,0,31781
TSS_1414_storz_regulondb,0.3333333333333333,2,2,CTGCTACCGTGAATACGCTT,0,21204
TSS_1414_storz_regulondb,0.3333333333333333,2,2,CTGCCTCCTTGCCTCGTTTG,0,4901
TSS_1414_storz_regulondb,0.3333333333333333,2,2,CTGCCGTGCGCCTCCGGCGA,0,57840
TSS_1414_storz_regulondb,0.3333333333333333,2,2,CTGCATTAGAGGACTGTATG,0,69614
TSS_1414_storz_regulondb,0.3333333333333333,2,2,CTGCACCAATCTGCGCTCGC,0,79190
TSS_1414_storz_regulondb,0.3333333333333333,2,2,CTGATTCACCGTGAAAGTCG,0,2285
TSS_1414_storz_regulondb,0.3333333333333333,2,2,CTGAGTTGTTGATGGAGCAT,0,16668
TSS_1414_storz_regulondb,0.3333333333333333,2,2,CTGAGTCTGACCTTAGGTAT,0,33446
TSS_1414_storz_regulondb,0.3333333333333333,2,2,CTGAGTCACTGGCAGTTATG,0,2516
TSS_1414_storz_regulondb,0.3333333333333333,2,2,CTGACTTTACGTTATGATGT,0,25016
TSS_1414_storz_regulondb,0.3333333333333333,2,2,CTGACGTTTTGCCATATCCC,0,58693
TSS_1414_storz_regulondb,0.3333333333333333,2,2,CTGAAGTCGATTAGGGGGGC,0,9904
TSS_1414_storz_regulondb,0.3333333333333333,2,2,CTGAAGGACCAGGGCACGCA,0,64564
TSS_1414_storz_regulondb,0.3333333333333333,2,2,CTGAACAGGCACATGTGAAA,0,26680
TSS_1414_storz_regulondb,0.3333333333333333,2,2,CTGAAAGGCATATGACCGCG,0,79804
TSS_1414_storz_regulondb,0.3333333333333333,2,2,CTCTTTGACAATATCCGACA,0,27715
TSS_1414_storz_regulondb,0.3333333333333333,2,2,CTCTTGATCGATACTCAGAG,0,34121
TSS_1414_storz_regulondb,0.3333333333333333,2,2,CTCTTCCGGAGTTGTCGCCC,0,40980
TSS_1414_storz_regulondb,0.3333333333333333,2,2,CTCTGGGATTAACCGATTGT,0,32932
TSS_1414_storz_regulondb,0.3333333333333333,2,2,CTCTGGCAAGCCAATTAATA,0,80699
TSS_1414_storz_regulondb,0.3333333333333333,2,2,CTCTGCAATAGACGATTGAG,0,13063
TSS_1414_storz_regulondb,0.3333333333333333,2,2,CTCTGATCGGATAGTACTTC,0,64249
TSS_1414_storz_regulondb,0.3333333333333333,2,2,CTCTCTCGGATTGAATTCAT,0,64311
TSS_1414_storz_regulondb,0.3333333333333333,2,2,CTCTCGTCGTTATGGCTATA,0,57570
TSS_1414_storz_regulondb,0.3333333333333333,2,2,CTCTCGTCGAACTACCCGGC,0,48276
TSS_1414_storz_regulondb,0.3333333333333333,2,2,CTCTCCGAGGGACCCTACGT,0,65023
TSS_1414_storz_regulondb,0.3333333333333333,2,2,CTCTAACATGCCGTTTAAAG,0,47289
TSS_1414_storz_regulondb,0.3333333333333333,2,2,CTCGTACAGTGCGCTATGTG,0,53801
TSS_1414_storz_regulondb,0.3333333333333333,2,2,CTCGGCTTGACCATAAGGGG,0,72697
TSS_1414_storz_regulondb,0.3333333333333333,2,2,CTCGGCGGACCACTCAGAGG,0,42658
TSS_1414_storz_regulondb,0.3333333333333333,2,2,CTCGGAGTAGCCCTAAATGT,0,52185
TSS_1414_storz_regulondb,0.3333333333333333,2,2,CTCGGAAGCCGCCAGCGGGA,0,55438
TSS_1414_storz_regulondb,0.3333333333333333,2,2,CTCGCTGTGGAGGGGTACAG,0,54961
TSS_1414_storz_regulondb,0.3333333333333333,2,2,CTCGCGTTAAGACTCGGACA,0,32092
TSS_1414_storz_regulondb,0.3333333333333333,2,2,CTCGCCGGCTCTACATGTGT,0,13670
TSS_1414_storz_regulondb,0.3333333333333333,2,2,CTCCTTCGGTATCTCTGTAA,0,59489
TSS_1414_storz_regulondb,0.3333333333333333,2,2,CTCCTGGCTCCTGGCTCATC,0,61782
TSS_1414_storz_regulondb,0.3333333333333333,2,2,CTCCGTTTGTCATGAGCCTA,0,30829
TSS_1414_storz_regulondb,0.3333333333333333,2,2,CTCCGTCCCGGACTGTCAAA,0,49015
TSS_1414_storz_regulondb,0.3333333333333333,2,2,CTCCCTAACCGCGACGTGTA,0,2157
TSS_1414_storz_regulondb,0.3333333333333333,2,2,CTCCCATGTGACCGAGATAG,0,5487
TSS_1414_storz_regulondb,0.3333333333333333,2,2,CTCCAGCCAAAACATGTGCC,0,78646
TSS_1414_storz_regulondb,0.3333333333333333,2,2,CTCCACTTGGCTTTATTTGG,0,6079
TSS_1414_storz_regulondb,0.3333333333333333,2,2,CTCCAATTGGACCGGGGGTA,0,78647
TSS_1414_storz_regulondb,0.3333333333333333,2,2,CTCCAAAAATGTGCTGAGTT,0,77063
TSS_1414_storz_regulondb,0.3333333333333333,2,2,CTCATGGCTGAGCTCGCCCT,0,18790
TSS_1414_storz_regulondb,0.3333333333333333,2,2,CTCATCGGACAGTACTCTGG,0,10683
TSS_1414_storz_regulondb,0.3333333333333333,2,2,CTCAGCACACACGTTGTAAG,0,78784
TSS_1414_storz_regulondb,0.3333333333333333,2,2,CTCAGATATCATGATGCAGA,0,52217
TSS_1414_storz_regulondb,0.3333333333333333,2,2,CTCAGAAATCTGGTCCCCGC,0,35533
TSS_1414_storz_regulondb,0.3333333333333333,2,2,CTCACTCTAGGCATACGCTA,0,26686
TSS_1414_storz_regulondb,0.3333333333333333,2,2,CTCACGCCCTTCGTGATGAC,0,79494
TSS_1414_storz_regulondb,0.3333333333333333,2,2,CTCAAGGAGGTTTATTCACG,0,38283
TSS_1414_storz_regulondb,0.3333333333333333,2,2,CTCAAGCGGCACCTCAATAG,0,75268
TSS_1414_storz_regulondb,0.3333333333333333,2,2,CTATTCTTACGCTGATCACA,0,76405
TSS_1414_storz_regulondb,0.3333333333333333,2,2,CTATTAACCCCGGTTTTAGT,0,41711
TSS_1414_storz_regulondb,0.3333333333333333,2,2,CTATGTCGCACAAATGGCGC,0,69031
TSS_1414_storz_regulondb,0.3333333333333333,2,2,CTATGTCCATTGAGTACCGA,0,49353
TSS_1414_storz_regulondb,0.3333333333333333,2,2,CTATGGGATGTGTGGGCATG,0,65951
TSS_1414_storz_regulondb,0.3333333333333333,2,2,CTATGAAAATTACGTCGGTA,0,22447
TSS_1414_storz_regulondb,0.3333333333333333,2,2,CTATCCTCGCTGGTGCAAGC,0,28470
TSS_1414_storz_regulondb,0.3333333333333333,2,2,CTATATCCATCTTCATCTCA,0,35715
TSS_1414_storz_regulondb,0.3333333333333333,2,2,CTAGTCCTTCCTGTACACGG,0,44993
TSS_1414_storz_regulondb,0.3333333333333333,2,2,CTAGGTCATACTTTTCACAT,0,28424
TSS_1414_storz_regulondb,0.3333333333333333,2,2,CTAGGATGAGACCGGTAGAT,0,70300
TSS_1414_storz_regulondb,0.3333333333333333,2,2,CTAGCGTGTAAGGTCATAAG,0,29768
TSS_1414_storz_regulondb,0.3333333333333333,2,2,CTAGCGCTCAAGCCCGGATT,0,64288
TSS_1414_storz_regulondb,0.3333333333333333,2,2,CTAGCCTCGTTAAAAGTATG,0,14500
TSS_1414_storz_regulondb,0.3333333333333333,2,2,CTAGAGTGCTATGGGCGCAA,0,52848
TSS_1414_storz_regulondb,0.3333333333333333,2,2,CTACTGCCTTCCACAATCCG,0,50376
TSS_1414_storz_regulondb,0.3333333333333333,2,2,CTACTAAGTCCGTTAGACTT,0,15682
TSS_1414_storz_regulondb,0.3333333333333333,2,2,CTACGTCTTGACCAGCCCTG,0,61094
TSS_1414_storz_regulondb,0.3333333333333333,2,2,CTACGGCCGCCCCAAACCAC,0,45774
TSS_1414_storz_regulondb,0.3333333333333333,2,2,CTACGCGAGAGCCAACAAGT,0,11588
TSS_1414_storz_regulondb,0.3333333333333333,2,2,CTACCCTGCTTCTCGTAACG,0,66003
TSS_1414_storz_regulondb,0.3333333333333333,2,2,CTACCCACAGCGTCATGTCT,0,26028
TSS_1414_storz_regulondb,0.3333333333333333,2,2,CTACATCGGGACTAGCTGGC,0,20805
TSS_1414_storz_regulondb,0.3333333333333333,2,2,CTAAGGGGTGCCGTATTTGT,0,7449
TSS_1414_storz_regulondb,0.3333333333333333,2,2,CTAAGCTCATCCGATATGAT,0,8506
TSS_1414_storz_regulondb,0.3333333333333333,2,2,CTAACTGTGCTATACGAGAT,0,61481
TSS_1414_storz_regulondb,0.3333333333333333,2,2,CTAACGTGAAGGACAACCCT,0,54121
TSS_1414_storz_regulondb,0.3333333333333333,2,2,CGTTTTAATCCCGGCAGGCA,0,16211
TSS_1414_storz_regulondb,0.3333333333333333,2,2,CGTTTGACGTTTGTACCTGA,0,60368
TSS_1414_storz_regulondb,0.3333333333333333,2,2,CGTTTCTCGGCAAAGACGGC,0,35551
TSS_1414_storz_regulondb,0.3333333333333333,2,2,CGTTTCAAGTGTATGTCACA,0,26393
TSS_1414_storz_regulondb,0.3333333333333333,2,2,CGTTGCAACGTAATGTGAGA,0,56657
TSS_1414_storz_regulondb,0.3333333333333333,2,2,CGTTGACAACACCTGCGTAC,0,63593
TSS_1414_storz_regulondb,0.3333333333333333,2,2,CGTTCTACACGGCGAGCTAC,0,18572
TSS_1414_storz_regulondb,0.3333333333333333,2,2,CGTTCGCAGGAGACGGACAA,0,16824
TSS_1414_storz_regulondb,0.3333333333333333,2,2,CGTTCGAGACGACCTCTGGG,0,22767
TSS_1414_storz_regulondb,0.3333333333333333,2,2,CGTTCCCTCATACATCTGTT,0,28820
TSS_1414_storz_regulondb,0.3333333333333333,2,2,CGTTCATCGGCGTGTTTGCT,0,37741
TSS_1414_storz_regulondb,0.3333333333333333,2,2,CGTTCATCATCCATCCGGAA,0,62761
TSS_1414_storz_regulondb,0.3333333333333333,2,2,CGTGTTTTTCGAACCCAGGG,0,47792
TSS_1414_storz_regulondb,0.3333333333333333,2,2,CGTGTGACATGCATCAGATT,0,2443
TSS_1414_storz_regulondb,0.3333333333333333,2,2,CGTGGTCATGAGATATCATC,0,29977
TSS_1414_storz_regulondb,0.3333333333333333,2,2,CGTGGGCCCTATCGTGGGTT,0,32396
TSS_1414_storz_regulondb,0.3333333333333333,2,2,CGTGGCTTTTCCCTATTCAT,0,23001
TSS_1414_storz_regulondb,0.3333333333333333,2,2,CGTGCTCAAACCGGACACGA,0,69082
TSS_1414_storz_regulondb,0.3333333333333333,2,2,CGTGCGAACCGGCGATTGAC,0,51045
TSS_1414_storz_regulondb,0.3333333333333333,2,2,CGTGCATGGAAAGGCCGCCT,0,61453
TSS_1414_storz_regulondb,0.3333333333333333,2,2,CGTGATTCTTGGCATAAGCC,0,40073
TSS_1414_storz_regulondb,0.3333333333333333,2,2,CGTGATCACTCCCGAGCTCT,0,48384
TSS_1414_storz_regulondb,0.3333333333333333,2,2,CGTCGTAGCGTCCTCTATTT,0,61085
TSS_1414_storz_regulondb,0.3333333333333333,2,2,CGTCCTCGTCTGGTCACATT,0,75377
TSS_1414_storz_regulondb,0.3333333333333333,2,2,CGTCCCATGTAATATCACGA,0,19322
TSS_1414_storz_regulondb,0.3333333333333333,2,2,CGTCCAAGGAGTCTGGACCC,0,24515
TSS_1414_storz_regulondb,0.3333333333333333,2,2,CGTCAGAGAATATGACGTCC,0,56941
TSS_1414_storz_regulondb,0.3333333333333333,2,2,CGTCACTTCAGCTTTTATTT,0,9304
TSS_1414_storz_regulondb,0.3333333333333333,2,2,CGTCAAGCTTGCGTTCCGGC,0,25461
TSS_1414_storz_regulondb,0.3333333333333333,2,2,CGTATTAACCGCTTGTAGCA,0,60893
TSS_1414_storz_regulondb,0.3333333333333333,2,2,CGTATGCGTCGTACAGGTAA,0,71877
TSS_1414_storz_regulondb,0.3333333333333333,2,2,CGTATAAGTACGCGAGCTAA,0,18465
TSS_1414_storz_regulondb,0.3333333333333333,2,2,CGTAGTCTGTCAATGCTACA,0,16577
TSS_1414_storz_regulondb,0.3333333333333333,2,2,CGTAGCTTTACAGAATACTT,0,70905
TSS_1414_storz_regulondb,0.3333333333333333,2,2,CGTAGCCTGAAACGTATTCA,0,68288
TSS_1414_storz_regulondb,0.3333333333333333,2,2,CGTAGAGACGTGAAACTTTG,0,15508
TSS_1414_storz_regulondb,0.3333333333333333,2,2,CGTACGGAGCCGAACCGTCA,0,37826
TSS_1414_storz_regulondb,0.3333333333333333,2,2,CGTACCCCAGCCGTCAGTTT,0,8983
TSS_1414_storz_regulondb,0.3333333333333333,2,2,CGTACAGGACCATTTAGCCA,0,23653
TSS_1414_storz_regulondb,0.3333333333333333,2,2,CGTACACCAAGGCTAAGAGT,0,19482
TSS_1414_storz_regulondb,0.3333333333333333,2,2,CGTACAAATCACCTAAAGCC,0,18200
TSS_1414_storz_regulondb,0.3333333333333333,2,2,CGTAATCCACGGGCTACCGT,0,80059
TSS_1414_storz_regulondb,0.3333333333333333,2,2,CGTAATAAGTGAATTCCTGA,0,21416
TSS_1414_storz_regulondb,0.3333333333333333,2,2,CGGTTGTTTCTCAAATAACA,0,54469
TSS_1414_storz_regulondb,0.3333333333333333,2,2,CGGTTCATTCAAGACTGGAT,0,57073
TSS_1414_storz_regulondb,0.3333333333333333,2,2,CGGTTAATTTCTTAGACTCG,0,64852
TSS_1414_storz_regulondb,0.3333333333333333,2,2,CGGTGTACGCGCAATTAGCA,0,35564
TSS_1414_storz_regulondb,0.3333333333333333,2,2,CGGTGCTGACCGGTTGATTA,0,40599
TSS_1414_storz_regulondb,0.3333333333333333,2,2,CGGTGCTACGATACAGCGTC,0,64462
TSS_1414_storz_regulondb,0.3333333333333333,2,2,CGGTGCATTCACTAAATGTT,0,23826
TSS_1414_storz_regulondb,0.3333333333333333,2,2,CGGTGAAATCTAGAGCATTG,0,23728
TSS_1414_storz_regulondb,0.3333333333333333,2,2,CGGTCTTCTGGCCTCCTGCC,0,16817
TSS_1414_storz_regulondb,0.3333333333333333,2,2,CGGTCCTGCGGCCAATTTCC,0,72909
TSS_1414_storz_regulondb,0.3333333333333333,2,2,CGGTCACGGTACTGGGCAGA,0,55218
TSS_1414_storz_regulondb,0.3333333333333333,2,2,CGGTATTAGTGACCGTGCGT,0,5253
TSS_1414_storz_regulondb,0.3333333333333333,2,2,CGGTATTAGATCGGGCCACT,0,44133
TSS_1414_storz_regulondb,0.3333333333333333,2,2,CGGTACACAGATACCTCGCG,0,54990
TSS_1414_storz_regulondb,0.3333333333333333,2,2,CGGGTTAGCAGACGACTTGT,0,28041
TSS_1414_storz_regulondb,0.3333333333333333,2,2,CGGGTGCCCCCCCGCTGTGG,0,15577
TSS_1414_storz_regulondb,0.3333333333333333,2,2,CGGGTCCGATTTTATTCCCA,0,60663
TSS_1414_storz_regulondb,0.3333333333333333,2,2,CGGGTCAGTCATCGGTATCC,0,63589
TSS_1414_storz_regulondb,0.3333333333333333,2,2,CGGGTAACCTAGGGAATAAC,0,62923
TSS_1414_storz_regulondb,0.3333333333333333,2,2,CGGGGTGGGCCAGGGTGGGT,0,79100
TSS_1414_storz_regulondb,0.3333333333333333,2,2,CGGGGTGCACGGGGTTGGGA,0,67470
TSS_1414_storz_regulondb,0.3333333333333333,2,2,CGGGGGCTAGATGAGCCAAG,0,40231
TSS_1414_storz_regulondb,0.3333333333333333,2,2,CGGGGGAATGGGTGTTTCGA,0,50843
TSS_1414_storz_regulondb,0.3333333333333333,2,2,CGGGGCATAGATAGAACCGA,0,21793
TSS_1414_storz_regulondb,0.3333333333333333,2,2,CGGGGAGATAAAGGCGTTCC,0,29064
TSS_1414_storz_regulondb,0.3333333333333333,2,2,CGGGCTGGATTACCGGTAAA,0,19040
TSS_1414_storz_regulondb,0.3333333333333333,2,2,CGGGCTAAATAATTCACAGA,0,66739
TSS_1414_storz_regulondb,0.3333333333333333,2,2,CGGGACCTGCTGCCTATCTA,0,46701
TSS_1414_storz_regulondb,0.3333333333333333,2,2,CGGCTTGCACTTCCGGGGAT,0,17301
TSS_1414_storz_regulondb,0.3333333333333333,2,2,CGGCTGGCTTTGAACGTGTT,0,78581
TSS_1414_storz_regulondb,0.3333333333333333,2,2,CGGCTAACTTCATATAGCAG,0,9960
TSS_1414_storz_regulondb,0.3333333333333333,2,2,CGGCGATTTTCTTCATACAT,0,57199
TSS_1414_storz_regulondb,0.3333333333333333,2,2,CGGCCACTTCCTTAGCGAGA,0,22365
TSS_1414_storz_regulondb,0.3333333333333333,2,2,CGGCATTCATGGCTCGTTCA,0,49653
TSS_1414_storz_regulondb,0.3333333333333333,2,2,CGGCATGGCTTGAAGTTCAG,0,45312
TSS_1414_storz_regulondb,0.3333333333333333,2,2,CGGCATCGGACATTAGCTGT,0,24801
TSS_1414_storz_regulondb,0.3333333333333333,2,2,CGGCAGGGGGCAACGATGAC,0,2631
TSS_1414_storz_regulondb,0.3333333333333333,2,2,CGGCAGAAGCATTCAGTGAT,0,77275
TSS_1414_storz_regulondb,0.3333333333333333,2,2,CGGCAATGCGCTAGCAGCGT,0,80286
TSS_1414_storz_regulondb,0.3333333333333333,2,2,CGGATTGCTGCCAGCTAGAG,0,5055
TSS_1414_storz_regulondb,0.3333333333333333,2,2,CGGATTGCAGTCTTACAGCA,0,1809
TSS_1414_storz_regulondb,0.3333333333333333,2,2,CGGATCTTACTGAAGACACC,0,43503
TSS_1414_storz_regulondb,0.3333333333333333,2,2,CGGATCGTGAGGTAAAATCT,0,57124
TSS_1414_storz_regulondb,0.3333333333333333,2,2,CGGATATAAGCAACCGATGA,0,56004
TSS_1414_storz_regulondb,0.3333333333333333,2,2,CGGATAATGAATACGCGAGT,0,60594
TSS_1414_storz_regulondb,0.3333333333333333,2,2,CGGATAATAGCGGAAACTGG,0,30126
TSS_1414_storz_regulondb,0.3333333333333333,2,2,CGGAGTAAAGAAGGCGCCAT,0,3315
TSS_1414_storz_regulondb,0.3333333333333333,2,2,CGGAGGTTTGTTGTGTTGCG,0,2993
TSS_1414_storz_regulondb,0.3333333333333333,2,2,CGGAGGCGGGCAACTAGATG,0,79512
TSS_1414_storz_regulondb,0.3333333333333333,2,2,CGGAGGCCGCAAGGCGTGAT,0,1678
TSS_1414_storz_regulondb,0.3333333333333333,2,2,CGGAGGCATCATGCAAGAGG,0,37238
TSS_1414_storz_regulondb,0.3333333333333333,2,2,CGGACGAGGCATATCTTAAC,0,44413
TSS_1414_storz_regulondb,0.3333333333333333,2,2,CGGAAGTGCCACTGTCGCGT,0,67817
TSS_1414_storz_regulondb,0.3333333333333333,2,2,CGCTTGAAATAGCGTTACAC,0,29498
TSS_1414_storz_regulondb,0.3333333333333333,2,2,CGCTTAAGCTTTCTTAATTC,0,20374
TSS_1414_storz_regulondb,0.3333333333333333,2,2,CGCTGCCGGTACAAGGGAGA,0,54864
TSS_1414_storz_regulondb,0.3333333333333333,2,2,CGCTGAGGTATGTAAACAGC,0,36627
TSS_1414_storz_regulondb,0.3333333333333333,2,2,CGCTGACGCCGACTGCGCTA,0,71119
TSS_1414_storz_regulondb,0.3333333333333333,2,2,CGCTCTGTTTATTTTAGATT,0,70111
TSS_1414_storz_regulondb,0.3333333333333333,2,2,CGCGTTCACAGGCCTCAAAT,0,70347
TSS_1414_storz_regulondb,0.3333333333333333,2,2,CGCGTTATTGCGGGGGCGCA,0,76657
TSS_1414_storz_regulondb,0.3333333333333333,2,2,CGCGTACGACGATCTTCGCA,0,27929
TSS_1414_storz_regulondb,0.3333333333333333,2,2,CGCGTAAGCCAGGCTCCTGG,0,65799
TSS_1414_storz_regulondb,0.3333333333333333,2,2,CGCGGCAAATGAGACCTACA,0,28967
TSS_1414_storz_regulondb,0.3333333333333333,2,2,CGCGCTCGCTGATGCGGTTT,0,9540
TSS_1414_storz_regulondb,0.3333333333333333,2,2,CGCGCGTACCGCGAGTATAA,0,37994
TSS_1414_storz_regulondb,0.3333333333333333,2,2,CGCGCCCCCTGTTCAGTCCA,0,54266
TSS_1414_storz_regulondb,0.3333333333333333,2,2,CGCGCCACGCTCGTCCTGCA,0,69053
TSS_1414_storz_regulondb,0.3333333333333333,2,2,CGCGAGGACGGGCCAACGCA,0,16596
TSS_1414_storz_regulondb,0.3333333333333333,2,2,CGCGAGCACCTGCCGGAATA,0,80694
TSS_1414_storz_regulondb,0.3333333333333333,2,2,CGCCTTTCGCTTGGGAGTAG,0,79953
TSS_1414_storz_regulondb,0.3333333333333333,2,2,CGCCTTAACACGTAGGGGAG,0,41372
TSS_1414_storz_regulondb,0.3333333333333333,2,2,CGCCTGCCTTAATGCCTATT,0,17759
TSS_1414_storz_regulondb,0.3333333333333333,2,2,CGCCGGGTGTGCTATGGCAT,0,12328
TSS_1414_storz_regulondb,0.3333333333333333,2,2,CGCCGGCTAAGGCAATACAT,0,47290
TSS_1414_storz_regulondb,0.3333333333333333,2,2,CGCCGCTAGAGGATGATAGA,0,14149
TSS_1414_storz_regulondb,0.3333333333333333,2,2,CGCCCCGGTCATCAAGACTG,0,27064
TSS_1414_storz_regulondb,0.3333333333333333,2,2,CGCCCCAGGTGCGAATAACT,0,74223
TSS_1414_storz_regulondb,0.3333333333333333,2,2,CGCCCCACACATTACGGTTC,0,46324
TSS_1414_storz_regulondb,0.3333333333333333,2,2,CGCCAGGTTTTAAAACTCCA,0,17096
TSS_1414_storz_regulondb,0.3333333333333333,2,2,CGCCAGGGCTCTTTCAACAT,0,4022
TSS_1414_storz_regulondb,0.3333333333333333,2,2,CGCCAGAGAAATCGTGTAAA,0,55223
TSS_1414_storz_regulondb,0.3333333333333333,2,2,CGCCAGAAAGCTGCGCTGTG,0,70961
TSS_1414_storz_regulondb,0.3333333333333333,2,2,CGCATCCACTCAGTCCGAAT,0,24783
TSS_1414_storz_regulondb,0.3333333333333333,2,2,CGCAGTATAAAGTTAGCCGG,0,30788
TSS_1414_storz_regulondb,0.3333333333333333,2,2,CGCAGAGGCAGTTAATCGCA,0,8197
TSS_1414_storz_regulondb,0.3333333333333333,2,2,CGCACTCTCTAACCCATTTG,0,14949
TSS_1414_storz_regulondb,0.3333333333333333,2,2,CGCAACCTTCTCGTAAGAAA,0,73459
TSS_1414_storz_regulondb,0.3333333333333333,2,2,CGCAAATATATATCAAATGG,0,4053
TSS_1414_storz_regulondb,0.3333333333333333,2,2,CGATTGCGTAGGCGCTCCCC,0,58615
TSS_1414_storz_regulondb,0.3333333333333333,2,2,CGATTCTCATTGCTCGCCCG,0,15838
TSS_1414_storz_regulondb,0.3333333333333333,2,2,CGATTAGCGCAGGGACTGGG,0,12232
TSS_1414_storz_regulondb,0.3333333333333333,2,2,CGATTACTGAGTCCAATTCA,0,47611
TSS_1414_storz_regulondb,0.3333333333333333,2,2,CGATGGGCGGAGAGCGCTTG,0,38083
TSS_1414_storz_regulondb,0.3333333333333333,2,2,CGATGGCGATGCATAACCCT,0,77891
TSS_1414_storz_regulondb,0.3333333333333333,2,2,CGATGGCACCTTATCCCGGT,0,33444
TSS_1414_storz_regulondb,0.3333333333333333,2,2,CGATGCGATTCTCTTGCGGC,0,53595
TSS_1414_storz_regulondb,0.3333333333333333,2,2,CGATGCAACAGATGCTTTAT,0,23240
TSS_1414_storz_regulondb,0.3333333333333333,2,2,CGATGAGCGCGTGCAGGGGT,0,32780
TSS_1414_storz_regulondb,0.3333333333333333,2,2,CGATCGTGTCACGTACGAAG,0,55755
TSS_1414_storz_regulondb,0.3333333333333333,2,2,CGATCGGCGGCTAGCGGTCG,0,10598
TSS_1414_storz_regulondb,0.3333333333333333,2,2,CGATACGTTCAGGCTACCGA,0,53463
TSS_1414_storz_regulondb,0.3333333333333333,2,2,CGAGTAAGAACAGGTAGACA,0,39705
TSS_1414_storz_regulondb,0.3333333333333333,2,2,CGAGTAACGCTCTTAGTGTG,0,33563
TSS_1414_storz_regulondb,0.3333333333333333,2,2,CGAGGAGAAGGACCCTAAAT,0,5542
TSS_1414_storz_regulondb,0.3333333333333333,2,2,CGAGCTCTGGTTACTGCAAC,0,39434
TSS_1414_storz_regulondb,0.3333333333333333,2,2,CGAGCGTTCTGGAATGAGTA,0,881
TSS_1414_storz_regulondb,0.3333333333333333,2,2,CGAGCGCACATGCCCGGGGA,0,41404
TSS_1414_storz_regulondb,0.3333333333333333,2,2,CGAGCCGCACGACCCAATGT,0,56283
TSS_1414_storz_regulondb,0.3333333333333333,2,2,CGAGCACAGCGCGCTTGACC,0,39473
TSS_1414_storz_regulondb,0.3333333333333333,2,2,CGAGAGTGGCCCGGATAAGC,0,11573
TSS_1414_storz_regulondb,0.3333333333333333,2,2,CGACTAAGAATGAATGAGAC,0,79910
TSS_1414_storz_regulondb,0.3333333333333333,2,2,CGACGTAGAGCGTCAACAGG,0,57691
TSS_1414_storz_regulondb,0.3333333333333333,2,2,CGACGGCTTTCGTCTATGTC,0,6528
TSS_1414_storz_regulondb,0.3333333333333333,2,2,CGACGAGTTACTAAGGGATA,0,53693
TSS_1414_storz_regulondb,0.3333333333333333,2,2,CGACGAGCGCATTTAACGAG,0,41685
TSS_1414_storz_regulondb,0.3333333333333333,2,2,CGACGACCCAGGCGCTGTGT,0,61443
TSS_1414_storz_regulondb,0.3333333333333333,2,2,CGACGAAGAAGGACACGAAC,0,76138
TSS_1414_storz_regulondb,0.3333333333333333,2,2,CGACCTCCAGGTAAACATCA,0,77609
TSS_1414_storz_regulondb,0.3333333333333333,2,2,CGACCCAAGGGTCTCATAAT,0,74352
TSS_1414_storz_regulondb,0.3333333333333333,2,2,CGACATAAGACGTTGTGATA,0,48975
TSS_1414_storz_regulondb,0.3333333333333333,2,2,CGAATTGGTCACCCATTCTT,0,28112
TSS_1414_storz_regulondb,0.3333333333333333,2,2,CGAACAATCTGGTCTTGAAG,0,33945
TSS_1414_storz_regulondb,0.3333333333333333,2,2,CGAAACGTTACAGGCCGGAG,0,8576
TSS_1414_storz_regulondb,0.3333333333333333,2,2,CGAAAATAAAGCTGCTTCGT,0,46794
TSS_1414_storz_regulondb,0.3333333333333333,2,2,CCTTTTGCTAAGCCATCACC,0,17977
TSS_1414_storz_regulondb,0.3333333333333333,2,2,CCTTTCCATTCCGACGCTAC,0,81033
TSS_1414_storz_regulondb,0.3333333333333333,2,2,CCTTTACTTTTTCACAGAGC,0,50943
TSS_1414_storz_regulondb,0.3333333333333333,2,2,CCTTGCTTACCGACACCCGG,0,72222
TSS_1414_storz_regulondb,0.3333333333333333,2,2,CCTTCAGAGAATGGACTCAC,0,60354
TSS_1414_storz_regulondb,0.3333333333333333,2,2,CCTTATGGGTCAAGAGTCCC,0,47470
TSS_1414_storz_regulondb,0.3333333333333333,2,2,CCTTAGCCTGCATATACGAT,0,43110
TSS_1414_storz_regulondb,0.3333333333333333,2,2,CCTTAGCACTCGTGCTACGC,0,12643
TSS_1414_storz_regulondb,0.3333333333333333,2,2,CCTGTTGACCTGACCCAGAG,0,78939
TSS_1414_storz_regulondb,0.3333333333333333,2,2,CCTGTGATACTGAACAGGAA,0,59608
TSS_1414_storz_regulondb,0.3333333333333333,2,2,CCTGGTTCTTACAGAGCACA,0,43719
TSS_1414_storz_regulondb,0.3333333333333333,2,2,CCTGGTGTCTATTAAACGGT,0,29122
TSS_1414_storz_regulondb,0.3333333333333333,2,2,CCTGGTGGGTTATAGCTCAT,0,20152
TSS_1414_storz_regulondb,0.3333333333333333,2,2,CCTGGTCGTGGACGAATGAG,0,7094
TSS_1414_storz_regulondb,0.3333333333333333,2,2,CCTGGTATTATCGACGGCAG,0,34915
TSS_1414_storz_regulondb,0.3333333333333333,2,2,CCTGGCCTCTCTAACAGTGT,0,68070
TSS_1414_storz_regulondb,0.3333333333333333,2,2,CCTGGACGAGGGCTCAATAA,0,81057
TSS_1414_storz_regulondb,0.3333333333333333,2,2,CCTGAGTTACATGGAGATGA,0,54299
TSS_1414_storz_regulondb,0.3333333333333333,2,2,CCTGACGCCTGCACTGGGAC,0,62332
TSS_1414_storz_regulondb,0.3333333333333333,2,2,CCTGACCGTACAATCGCGGC,0,19554
TSS_1414_storz_regulondb,0.3333333333333333,2,2,CCTGAACCAATGTGTGTTGG,0,18846
TSS_1414_storz_regulondb,0.3333333333333333,2,2,CCTCTTAAGAACGCCGAATT,0,40543
TSS_1414_storz_regulondb,0.3333333333333333,2,2,CCTCTCTAAAGCCAAGAGGT,0,44733
TSS_1414_storz_regulondb,0.3333333333333333,2,2,CCTCTCATATAGGGGTAGAA,0,18535
TSS_1414_storz_regulondb,0.3333333333333333,2,2,CCTCGGGTATCCAAGATCTA,0,69328
TSS_1414_storz_regulondb,0.3333333333333333,2,2,CCTCCACGTATTCTGTGTAA,0,9292
TSS_1414_storz_regulondb,0.3333333333333333,2,2,CCTCCACCGCCCACGGAGGG,0,69327
TSS_1414_storz_regulondb,0.3333333333333333,2,2,CCTCACCGATCATTTTAGTT,0,37636
TSS_1414_storz_regulondb,0.3333333333333333,2,2,CCTATTGCACAAGGTTGCTA,0,67592
TSS_1414_storz_regulondb,0.3333333333333333,2,2,CCTATAGGACTAATAGTATC,0,20295
TSS_1414_storz_regulondb,0.3333333333333333,2,2,CCTAGTATCGTCCAGGTTTC,0,55925
TSS_1414_storz_regulondb,0.3333333333333333,2,2,CCTAGGCATAAGTTGAATGG,0,35999
TSS_1414_storz_regulondb,0.3333333333333333,2,2,CCTAGCTCGTGCCCTCCCTG,0,51503
TSS_1414_storz_regulondb,0.3333333333333333,2,2,CCTAGAGCGATCGGAAGCAG,0,51978
TSS_1414_storz_regulondb,0.3333333333333333,2,2,CCTAGAGCACCACATGTGAA,0,79431
TSS_1414_storz_regulondb,0.3333333333333333,2,2,CCTACTCGGTTGTTTTAGCG,0,76565
TSS_1414_storz_regulondb,0.3333333333333333,2,2,CCTACGAAAGCCAATCTTTG,0,24909
TSS_1414_storz_regulondb,0.3333333333333333,2,2,CCTACCTAGTATAACCTTTT,0,25095
TSS_1414_storz_regulondb,0.3333333333333333,2,2,CCTACCGCTAAAGGGCACTA,0,36810
TSS_1414_storz_regulondb,0.3333333333333333,2,2,CCTACATACCGGCACTTTTC,0,68931
TSS_1414_storz_regulondb,0.3333333333333333,2,2,CCTAAGTTGTGGTGCGGTCA,0,33141
TSS_1414_storz_regulondb,0.3333333333333333,2,2,CCTAAGCAACGGAACGAATT,0,26460
TSS_1414_storz_regulondb,0.3333333333333333,2,2,CCTAAACTTGTGGAAGAAGA,0,46567
TSS_1414_storz_regulondb,0.3333333333333333,2,2,CCTAAACCGGGGGCGAGGGA,0,19216
TSS_1414_storz_regulondb,0.3333333333333333,2,2,CCGTTTTCCGTAGTGCATTT,0,27892
TSS_1414_storz_regulondb,0.3333333333333333,2,2,CCGTTTTAGGTACCTAGCTG,0,10908
TSS_1414_storz_regulondb,0.3333333333333333,2,2,CCGTTTGCGCTCGAGGTTGA,0,77640
TSS_1414_storz_regulondb,0.3333333333333333,2,2,CCGTTCGGAACCCGAGCACT,0,9505
TSS_1414_storz_regulondb,0.3333333333333333,2,2,CCGTGCTCACACAACTAATT,0,46575
TSS_1414_storz_regulondb,0.3333333333333333,2,2,CCGTGAAATAGACGTTCCGT,0,18799
TSS_1414_storz_regulondb,0.3333333333333333,2,2,CCGTCTAAGTACAGGAACAA,0,28687
TSS_1414_storz_regulondb,0.3333333333333333,2,2,CCGTCGGGGGGGTAGATCGC,0,46401
TSS_1414_storz_regulondb,0.3333333333333333,2,2,CCGTCCGGTGATTGAGCGTA,0,42443
TSS_1414_storz_regulondb,0.3333333333333333,2,2,CCGTAAAAATTCTGGGCGGT,0,60131
TSS_1414_storz_regulondb,0.3333333333333333,2,2,CCGGTTGACTGGATCCGTCG,0,66967
TSS_1414_storz_regulondb,0.3333333333333333,2,2,CCGGTAGTTGAGGGCTAATG,0,63750
TSS_1414_storz_regulondb,0.3333333333333333,2,2,CCGGGTGGTCAAGTTCGATC,0,6814
TSS_1414_storz_regulondb,0.3333333333333333,2,2,CCGGGTCCTCGCTCTAATGA,0,13662
TSS_1414_storz_regulondb,0.3333333333333333,2,2,CCGGGAGACTTCACCCCAGC,0,32114
TSS_1414_storz_regulondb,0.3333333333333333,2,2,CCGGGAAGGCACTATGCAAT,0,28002
TSS_1414_storz_regulondb,0.3333333333333333,2,2,CCGGCTAGCGGTCTAGAAGC,0,48761
TSS_1414_storz_regulondb,0.3333333333333333,2,2,CCGGCCTTACTAGGCCCTTC,0,48067
TSS_1414_storz_regulondb,0.3333333333333333,2,2,CCGGAGTTCTGGCATATAGA,0,1730
TSS_1414_storz_regulondb,0.3333333333333333,2,2,CCGGAAACCCGTATGCGCCT,0,6397
TSS_1414_storz_regulondb,0.3333333333333333,2,2,CCGCTGATTTTGAGACGGTC,0,23755
TSS_1414_storz_regulondb,0.3333333333333333,2,2,CCGCTAACACAATGGAGAGC,0,66057
TSS_1414_storz_regulondb,0.3333333333333333,2,2,CCGCGTATTAGCGATTAGGA,0,66670
TSS_1414_storz_regulondb,0.3333333333333333,2,2,CCGCGGTGCTATCGCAGAAT,0,21417
TSS_1414_storz_regulondb,0.3333333333333333,2,2,CCGCGGTAGACCGAGTTTGC,0,41251
TSS_1414_storz_regulondb,0.3333333333333333,2,2,CCGCGCCGCGGGCGTTTTCA,0,19211
TSS_1414_storz_regulondb,0.3333333333333333,2,2,CCGCCCTGTGCTTTAATTTA,0,69802
TSS_1414_storz_regulondb,0.3333333333333333,2,2,CCGCCCCACTACGCTATTGG,0,74337
TSS_1414_storz_regulondb,0.3333333333333333,2,2,CCGCAATTTGTCATACCATG,0,21109
TSS_1414_storz_regulondb,0.3333333333333333,2,2,CCGAGTCTAGAGTGAACTAG,0,62458
TSS_1414_storz_regulondb,0.3333333333333333,2,2,CCGAGTCCCTGAACTGGTTG,0,66969
TSS_1414_storz_regulondb,0.3333333333333333,2,2,CCGACCGTGGGGCAGGTCAG,0,55483
TSS_1414_storz_regulondb,0.3333333333333333,2,2,CCGAACTCACGCTCGCAACT,0,12979
TSS_1414_storz_regulondb,0.3333333333333333,2,2,CCGAAAGCATAACGTCCTGG,0,54660
TSS_1414_storz_regulondb,0.3333333333333333,2,2,CCCTTATAATCTAGGAGTCT,0,25103
TSS_1414_storz_regulondb,0.3333333333333333,2,2,CCCTCCATGACCGAATAGAG,0,70607
TSS_1414_storz_regulondb,0.3333333333333333,2,2,CCCTCATGGTTTTATTGACT,0,53939
TSS_1414_storz_regulondb,0.3333333333333333,2,2,CCCGTTCACGCACATTGAGG,0,12174
TSS_1414_storz_regulondb,0.3333333333333333,2,2,CCCGTATATCGTGGGGTATC,0,22856
TSS_1414_storz_regulondb,0.3333333333333333,2,2,CCCGGAACAGAGATCCCATG,0,62058
TSS_1414_storz_regulondb,0.3333333333333333,2,2,CCCGCTTCTTGCGGTACTCA,0,24126
TSS_1414_storz_regulondb,0.3333333333333333,2,2,CCCGCTCTGAAGACACCTTT,0,72479
TSS_1414_storz_regulondb,0.3333333333333333,2,2,CCCGCTACAAAAGCACGCGG,0,13690
TSS_1414_storz_regulondb,0.3333333333333333,2,2,CCCGACGCAGCCGGAGGAGG,0,39684
TSS_1414_storz_regulondb,0.3333333333333333,2,2,CCCGACCCGGTCAAGCCAGC,0,4215
TSS_1414_storz_regulondb,0.3333333333333333,2,2,CCCGACAAAGGATGTAGTAA,0,42740
TSS_1414_storz_regulondb,0.3333333333333333,2,2,CCCGAAACAGGGAAAACTGG,0,21069
TSS_1414_storz_regulondb,0.3333333333333333,2,2,CCCCTCATGGTTTCTATGTG,0,33465
TSS_1414_storz_regulondb,0.3333333333333333,2,2,CCCCGTCCGTGTGGAGTCTT,0,63299
TSS_1414_storz_regulondb,0.3333333333333333,2,2,CCCCGGGCTCTTGTTCGGAT,0,18932
TSS_1414_storz_regulondb,0.3333333333333333,2,2,CCCCGGATGACGTAACACAC,0,56914
TSS_1414_storz_regulondb,0.3333333333333333,2,2,CCCCCTTGTAGCTAGCGGGC,0,47654
TSS_1414_storz_regulondb,0.3333333333333333,2,2,CCCCCGCCTTTGGCACAGAT,0,68568
TSS_1414_storz_regulondb,0.3333333333333333,2,2,CCCCCACCAAGGGGATGTGG,0,6800
TSS_1414_storz_regulondb,0.3333333333333333,2,2,CCCCAGCAAATATTGCATGA,0,65473
TSS_1414_storz_regulondb,0.3333333333333333,2,2,CCCCAGAATACGGGGGTTCT,0,71600
TSS_1414_storz_regulondb,0.3333333333333333,2,2,CCCCACTGCCCTACGCGCGT,0,65734
TSS_1414_storz_regulondb,0.3333333333333333,2,2,CCCATGTTCCAACCGCTGTG,0,67544
TSS_1414_storz_regulondb,0.3333333333333333,2,2,CCCATAGAGGTTAATAATAA,0,18425
TSS_1414_storz_regulondb,0.3333333333333333,2,2,CCCATAAGCGAGTTACGATT,0,37733
TSS_1414_storz_regulondb,0.3333333333333333,2,2,CCCAGTCGTTAGCCGTAAAT,0,45897
TSS_1414_storz_regulondb,0.3333333333333333,2,2,CCCAGTCCCTAGGGGGGATA,0,14228
TSS_1414_storz_regulondb,0.3333333333333333,2,2,CCCAGGCCAAAATTATCGTT,0,62061
TSS_1414_storz_regulondb,0.3333333333333333,2,2,CCCACTGGAAATGCCCGGCC,0,53079
TSS_1414_storz_regulondb,0.3333333333333333,2,2,CCCACTCCAAGACCATGATC,0,55896
TSS_1414_storz_regulondb,0.3333333333333333,2,2,CCCACGGGGCGAGACGCGGT,0,63846
TSS_1414_storz_regulondb,0.3333333333333333,2,2,CCCACGAGAATTTGATAAGT,0,73627
TSS_1414_storz_regulondb,0.3333333333333333,2,2,CCCACGACACTAGCTTTGGT,0,6185
TSS_1414_storz_regulondb,0.3333333333333333,2,2,CCCACCATTAAGACTGGCGT,0,57445
TSS_1414_storz_regulondb,0.3333333333333333,2,2,CCCACAGGCCTCGCCGGGGA,0,60053
TSS_1414_storz_regulondb,0.3333333333333333,2,2,CCCAATGCAAACCGGTGTTT,0,9525
TSS_1414_storz_regulondb,0.3333333333333333,2,2,CCATTCTGGGACCGCCGCCA,0,10627
TSS_1414_storz_regulondb,0.3333333333333333,2,2,CCATTAGCTACTAAGCCGCA,0,42307
TSS_1414_storz_regulondb,0.3333333333333333,2,2,CCATGCGGTCGCAGAGGTAC,0,4460
TSS_1414_storz_regulondb,0.3333333333333333,2,2,CCATCGAGCCAGATCAGAAC,0,23626
TSS_1414_storz_regulondb,0.3333333333333333,2,2,CCATCGACCGGCCTTCTATA,0,61928
TSS_1414_storz_regulondb,0.3333333333333333,2,2,CCATCCGCGGTGGTCCGAAA,0,33390
TSS_1414_storz_regulondb,0.3333333333333333,2,2,CCATCACGGCCTTGTAGGGC,0,62843
TSS_1414_storz_regulondb,0.3333333333333333,2,2,CCATAGTACTGTCCCGCGGA,0,80033
TSS_1414_storz_regulondb,0.3333333333333333,2,2,CCATAGGGTACCCACTTGCC,0,50565
TSS_1414_storz_regulondb,0.3333333333333333,2,2,CCATAGGGGCCTGTCTAAAG,0,35707
TSS_1414_storz_regulondb,0.3333333333333333,2,2,CCATACTGCCTTGATCAAAG,0,73020
TSS_1414_storz_regulondb,0.3333333333333333,2,2,CCATACGGGACCCACATGAG,0,56826
TSS_1414_storz_regulondb,0.3333333333333333,2,2,CCAGTCTACTCATTACACTG,0,8432
TSS_1414_storz_regulondb,0.3333333333333333,2,2,CCAGGTGAAAGCGAGTAGTA,0,48588
TSS_1414_storz_regulondb,0.3333333333333333,2,2,CCAGGCTACCAGTACAATCT,0,1037
TSS_1414_storz_regulondb,0.3333333333333333,2,2,CCAGGCGGTCAGCCAGTATT,0,10108
TSS_1414_storz_regulondb,0.3333333333333333,2,2,CCAGGATATAGATACGCTTA,0,11500
TSS_1414_storz_regulondb,0.3333333333333333,2,2,CCAGCTATGCCTGTCAATGA,0,53188
TSS_1414_storz_regulondb,0.3333333333333333,2,2,CCAGAGTCAGTTCTCGCTGA,0,13756
TSS_1414_storz_regulondb,0.3333333333333333,2,2,CCAGAGGGTCCCCTGGCGTT,0,19332
TSS_1414_storz_regulondb,0.3333333333333333,2,2,CCACTTTCATAGAGTTCGGA,0,28032
TSS_1414_storz_regulondb,0.3333333333333333,2,2,CCACTCTAAATACACGTTGA,0,4130
TSS_1414_storz_regulondb,0.3333333333333333,2,2,CCACTATTATCGTGCAAAAG,0,42885
TSS_1414_storz_regulondb,0.3333333333333333,2,2,CCACGGTTGACAATCAAGAA,0,2949
TSS_1414_storz_regulondb,0.3333333333333333,2,2,CCACGAGAACTACAGAAACC,0,38702
TSS_1414_storz_regulondb,0.3333333333333333,2,2,CCACCGCGTTTAGATCGAAC,0,81047
TSS_1414_storz_regulondb,0.3333333333333333,2,2,CCACCCTCGGTATCTGGCTT,0,23912
TSS_1414_storz_regulondb,0.3333333333333333,2,2,CCACCCGTGAATAGTAGGCG,0,3456
TSS_1414_storz_regulondb,0.3333333333333333,2,2,CCAATTCATAAGGAACCCCT,0,36728
TSS_1414_storz_regulondb,0.3333333333333333,2,2,CCAAGAGCGGAGAACTCCGA,0,62835
TSS_1414_storz_regulondb,0.3333333333333333,2,2,CCAACGGTGCTCCTGACTGG,0,20995
TSS_1414_storz_regulondb,0.3333333333333333,2,2,CCAACCTATGAGAATACGTA,0,57997
TSS_1414_storz_regulondb,0.3333333333333333,2,2,CCAACCGGGGTATAGCGCCC,0,78379
TSS_1414_storz_regulondb,0.3333333333333333,2,2,CCAAATGCATAGGCCTTCCG,0,24794
TSS_1414_storz_regulondb,0.3333333333333333,2,2,CATTTTATGCATTCCTGCGA,0,1898
TSS_1414_storz_regulondb,0.3333333333333333,2,2,CATTGTTTTCTCCAGTATAG,0,8668
TSS_1414_storz_regulondb,0.3333333333333333,2,2,CATTGTTTCTACAGGCCACG,0,11452
TSS_1414_storz_regulondb,0.3333333333333333,2,2,CATTGCGAGCGTCGGCGGGT,0,8110
TSS_1414_storz_regulondb,0.3333333333333333,2,2,CATTGAACCACCCTCATAGA,0,34234
TSS_1414_storz_regulondb,0.3333333333333333,2,2,CATTCGCGAGTCAACTTAAA,0,12525
TSS_1414_storz_regulondb,0.3333333333333333,2,2,CATTAGTGCCCGAGGTGAGC,0,34166
TSS_1414_storz_regulondb,0.3333333333333333,2,2,CATTACGAATTACTCGTGTA,0,19038
TSS_1414_storz_regulondb,0.3333333333333333,2,2,CATGTTACCCAATGTGGTTA,0,36712
TSS_1414_storz_regulondb,0.3333333333333333,2,2,CATGTGGTATTAAGGCGTAG,0,13911
TSS_1414_storz_regulondb,0.3333333333333333,2,2,CATGCATGTGTAAAGAGATG,0,60201
TSS_1414_storz_regulondb,0.3333333333333333,2,2,CATGCATCAAAGAACTTTTT,0,39070
TSS_1414_storz_regulondb,0.3333333333333333,2,2,CATCTTTCGGGGTCGAAAAG,0,46321
TSS_1414_storz_regulondb,0.3333333333333333,2,2,CATCTCATGGCGAAGCCGGG,0,74192
TSS_1414_storz_regulondb,0.3333333333333333,2,2,CATCGTTCGTCTCGATCGTA,0,44198
TSS_1414_storz_regulondb,0.3333333333333333,2,2,CATCGTGGAGGTATAATCTG,0,72758
TSS_1414_storz_regulondb,0.3333333333333333,2,2,CATCGCACCAGACAGGAGGG,0,15317
TSS_1414_storz_regulondb,0.3333333333333333,2,2,CATCCGGGTTTGGTGATATG,0,23261
TSS_1414_storz_regulondb,0.3333333333333333,2,2,CATCAGAGGAGGTTGCGGAA,0,18927
TSS_1414_storz_regulondb,0.3333333333333333,2,2,CATCAAGGCATTTTCTAACC,0,10226
TSS_1414_storz_regulondb,0.3333333333333333,2,2,CATATGAGGTCGTGCGGACT,0,64307
TSS_1414_storz_regulondb,0.3333333333333333,2,2,CATATGAGAGATGCGCAGAC,0,75862
TSS_1414_storz_regulondb,0.3333333333333333,2,2,CATATCTTTCTAGATGCTTC,0,41585
TSS_1414_storz_regulondb,0.3333333333333333,2,2,CATATCGTTGGCCGAATGAC,0,9874
TSS_1414_storz_regulondb,0.3333333333333333,2,2,CATATCGGTCCAGGCGCCGA,0,58268
TSS_1414_storz_regulondb,0.3333333333333333,2,2,CATATAGGGTTTCCGGAATT,0,24409
TSS_1414_storz_regulondb,0.3333333333333333,2,2,CATAGTGTACTTGCTGTGAA,0,28268
TSS_1414_storz_regulondb,0.3333333333333333,2,2,CATAGGGAGTGGAAGCACCA,0,35086
TSS_1414_storz_regulondb,0.3333333333333333,2,2,CATAGGAATGTGAGACGAGG,0,43255
TSS_1414_storz_regulondb,0.3333333333333333,2,2,CATAGCCTAGGTGAAGGTTA,0,78718
TSS_1414_storz_regulondb,0.3333333333333333,2,2,CATAGATTCCTCCTGTTTCT,0,22595
TSS_1414_storz_regulondb,0.3333333333333333,2,2,CATACCGTATTCCAATCCTT,0,4918
TSS_1414_storz_regulondb,0.3333333333333333,2,2,CATACAATCACCCACATCTT,0,2512
TSS_1414_storz_regulondb,0.3333333333333333,2,2,CATAAGTAAACGTCGTCGGC,0,38801
TSS_1414_storz_regulondb,0.3333333333333333,2,2,CATAACCCTTAAGGCGTAGA,0,7111
TSS_1414_storz_regulondb,0.3333333333333333,2,2,CAGTTTCATTCAGGCAAATA,0,702
TSS_1414_storz_regulondb,0.3333333333333333,2,2,CAGTTTATGGGAATCTAGAC,0,19941
TSS_1414_storz_regulondb,0.3333333333333333,2,2,CAGTTATAGGGCTACTAATA,0,34231
TSS_1414_storz_regulondb,0.3333333333333333,2,2,CAGTGTAAAGTCCATATTCA,0,69725
TSS_1414_storz_regulondb,0.3333333333333333,2,2,CAGTGGTTCCGGCTATGTGT,0,24844
TSS_1414_storz_regulondb,0.3333333333333333,2,2,CAGTGGTGGGGGCGTTTCTC,0,15797
TSS_1414_storz_regulondb,0.3333333333333333,2,2,CAGTGCTTAGGTCTCAGTTT,0,46811
TSS_1414_storz_regulondb,0.3333333333333333,2,2,CAGTGCTATCTGCTATGTCA,0,79740
TSS_1414_storz_regulondb,0.3333333333333333,2,2,CAGTGCGGGGGAAGGGGGGA,0,65270
TSS_1414_storz_regulondb,0.3333333333333333,2,2,CAGTGAGAGAACCCTGCGAC,0,25421
TSS_1414_storz_regulondb,0.3333333333333333,2,2,CAGTCACGTTAAAGGACCCT,0,7774
TSS_1414_storz_regulondb,0.3333333333333333,2,2,CAGTAGTCCTTTGTTTGGCA,0,26505
TSS_1414_storz_regulondb,0.3333333333333333,2,2,CAGTAGCGTACGCTTATGAA,0,23681
TSS_1414_storz_regulondb,0.3333333333333333,2,2,CAGTAAGGATGTTGACTCTA,0,17299
TSS_1414_storz_regulondb,0.3333333333333333,2,2,CAGGTTTGTCCCTCGGCGCG,0,56800
TSS_1414_storz_regulondb,0.3333333333333333,2,2,CAGGTATAACCCACACCCCC,0,10269
TSS_1414_storz_regulondb,0.3333333333333333,2,2,CAGGTAATACTGCTGATTTG,0,78824
TSS_1414_storz_regulondb,0.3333333333333333,2,2,CAGGGTCACGGTCTGTAGTG,0,22376
TSS_1414_storz_regulondb,0.3333333333333333,2,2,CAGGGTATTTGGACCTTAAA,0,68203
TSS_1414_storz_regulondb,0.3333333333333333,2,2,CAGGGGGAGCGCGAGTTGGC,0,46021
TSS_1414_storz_regulondb,0.3333333333333333,2,2,CAGGCTTCATACTATCCGCC,0,43245
TSS_1414_storz_regulondb,0.3333333333333333,2,2,CAGGCGTCCAGCTTATTTTG,0,20028
TSS_1414_storz_regulondb,0.3333333333333333,2,2,CAGGATCGCACCAGGAGCCT,0,38628
TSS_1414_storz_regulondb,0.3333333333333333,2,2,CAGGAGGCTGGTCAATTAGC,0,71335
TSS_1414_storz_regulondb,0.3333333333333333,2,2,CAGCTCACCACGCGAAAGCG,0,42759
TSS_1414_storz_regulondb,0.3333333333333333,2,2,CAGCCTGGGCATATAGTGCG,0,74477
TSS_1414_storz_regulondb,0.3333333333333333,2,2,CAGCCCTGTATAGCAAGAAT,0,70606
TSS_1414_storz_regulondb,0.3333333333333333,2,2,CAGCCCTACTCAGTAACCGC,0,44419
TSS_1414_storz_regulondb,0.3333333333333333,2,2,CAGCAAAATGTCAATAGACT,0,26742
TSS_1414_storz_regulondb,0.3333333333333333,2,2,CAGATACAGATAAGTCTATA,0,28922
TSS_1414_storz_regulondb,0.3333333333333333,2,2,CAGACTTTGGTTTTATCATG,0,29980
TSS_1414_storz_regulondb,0.3333333333333333,2,2,CAGACTATCGGTAAGGGTCA,0,1788
TSS_1414_storz_regulondb,0.3333333333333333,2,2,CAGACCCGTGCTGGCGTACC,0,21812
TSS_1414_storz_regulondb,0.3333333333333333,2,2,CAGACACCCGCCGCTTTTCT,0,10709
TSS_1414_storz_regulondb,0.3333333333333333,2,2,CACTGTTCGATGAATGTTCC,0,54243
TSS_1414_storz_regulondb,0.3333333333333333,2,2,CACTGTGATATGTACCAGGT,0,16982
TSS_1414_storz_regulondb,0.3333333333333333,2,2,CACTCAGTCGAGCGGGTGTT,0,66489
TSS_1414_storz_regulondb,0.3333333333333333,2,2,CACTAGGGCGTACCCAGTAC,0,8480
TSS_1414_storz_regulondb,0.3333333333333333,2,2,CACTACCAGGGCCGCCAGGA,0,59058
TSS_1414_storz_regulondb,0.3333333333333333,2,2,CACGTGACAGGAAGTACGCA,0,57889
TSS_1414_storz_regulondb,0.3333333333333333,2,2,CACGTAGCGCCGACCTGAAT,0,61167
TSS_1414_storz_regulondb,0.3333333333333333,2,2,CACGGCGGACCAGACAGTTT,0,50700
TSS_1414_storz_regulondb,0.3333333333333333,2,2,CACGATGCGAAATAGTCTGC,0,77642
TSS_1414_storz_regulondb,0.3333333333333333,2,2,CACCGTGGCAGGTTATGGGA,0,176
TSS_1414_storz_regulondb,0.3333333333333333,2,2,CACCGCCAAAGTGGCCTGTG,0,48860
TSS_1414_storz_regulondb,0.3333333333333333,2,2,CACCAGGACATAGTAGATAC,0,70976
TSS_1414_storz_regulondb,0.3333333333333333,2,2,CACCAGCTCGGGGCACCACC,0,30397
TSS_1414_storz_regulondb,0.3333333333333333,2,2,CACATAGGCCTGTATACTGA,0,14590
TSS_1414_storz_regulondb,0.3333333333333333,2,2,CACACAGGCGTCTAAGGGAT,0,41280
TSS_1414_storz_regulondb,0.3333333333333333,2,2,CACAAACTGGCGTTTGTCAG,0,18171
TSS_1414_storz_regulondb,0.3333333333333333,2,2,CAATTTCCGAGAAGCGCACA,0,57112
TSS_1414_storz_regulondb,0.3333333333333333,2,2,CAATTGGTGTCCAGACTTTG,0,64187
TSS_1414_storz_regulondb,0.3333333333333333,2,2,CAATTGATAGGAGTGTTTAA,0,65471
TSS_1414_storz_regulondb,0.3333333333333333,2,2,CAATCCGAGAGATGAAAAGG,0,36145
TSS_1414_storz_regulondb,0.3333333333333333,2,2,CAATAGTATGCCACCTGATG,0,73484
TSS_1414_storz_regulondb,0.3333333333333333,2,2,CAATAGTACCACTCTCGGTA,0,1855
TSS_1414_storz_regulondb,0.3333333333333333,2,2,CAATACCGCGCCCGTGCGAC,0,13813
TSS_1414_storz_regulondb,0.3333333333333333,2,2,CAAGTGCCGCGGGCGAAGCA,0,64365
TSS_1414_storz_regulondb,0.3333333333333333,2,2,CAAGTCTTATACGGCCCCAA,0,80278
TSS_1414_storz_regulondb,0.3333333333333333,2,2,CAAGTCTCTTTTTTAGGTGT,0,31703
TSS_1414_storz_regulondb,0.3333333333333333,2,2,CAAGTATTGGCAAGCCCATT,0,46072
TSS_1414_storz_regulondb,0.3333333333333333,2,2,CAAGGTGTTTTCCTAATGTG,0,3406
TSS_1414_storz_regulondb,0.3333333333333333,2,2,CAAGGGCATAGAGCCATATT,0,67725
TSS_1414_storz_regulondb,0.3333333333333333,2,2,CAAGGATCAATCGGTACCAC,0,55562
TSS_1414_storz_regulondb,0.3333333333333333,2,2,CAAGCCGAGCATCATTTAAC,0,78777
TSS_1414_storz_regulondb,0.3333333333333333,2,2,CAAGAGTTAATTCAGTAACA,0,41346
TSS_1414_storz_regulondb,0.3333333333333333,2,2,CAACTGTAGAACATTGCTAG,0,67676
TSS_1414_storz_regulondb,0.3333333333333333,2,2,CAACTCGGACATCGAGAGGT,0,37428
TSS_1414_storz_regulondb,0.3333333333333333,2,2,CAACGTGGAGACGCTTTGAG,0,13681
TSS_1414_storz_regulondb,0.3333333333333333,2,2,CAACCGGGCTGAAGTGGTCA,0,61202
TSS_1414_storz_regulondb,0.3333333333333333,2,2,CAACATACCAAGGACCTCAT,0,24162
TSS_1414_storz_regulondb,0.3333333333333333,2,2,CAACAATCCTCTAGAGGACC,0,49620
TSS_1414_storz_regulondb,0.3333333333333333,2,2,CAAAGTACTGAGATGCAGAT,0,73536
TSS_1414_storz_regulondb,0.3333333333333333,2,2,CAAAGCACGAGCGTCAGTCG,0,29460
TSS_1414_storz_regulondb,0.3333333333333333,2,2,CAAAGCACCCGTCTGCGGAT,0,52425
TSS_1414_storz_regulondb,0.3333333333333333,2,2,CAAACGGCGCTGCATTCGGG,0,44189
TSS_1414_storz_regulondb,0.3333333333333333,2,2,ATTTTCTTTTCATTCGACAC,0,13968
TSS_1414_storz_regulondb,0.3333333333333333,2,2,ATTTGTATTTCCAACTGGCT,0,3646
TSS_1414_storz_regulondb,0.3333333333333333,2,2,ATTTGACGCACTGATGGGTG,0,80086
TSS_1414_storz_regulondb,0.3333333333333333,2,2,ATTTCTGAGTCGAGAAATAG,0,75269
TSS_1414_storz_regulondb,0.3333333333333333,2,2,ATTTCGTCGCTTGTCGGCAA,0,67543
TSS_1414_storz_regulondb,0.3333333333333333,2,2,ATTTCAGAGGTTTGCTTTCC,0,72189
TSS_1414_storz_regulondb,0.3333333333333333,2,2,ATTTATTGGGCATACGAGAC,0,31444
TSS_1414_storz_regulondb,0.3333333333333333,2,2,ATTTATGGGTTGCTCGGCCA,0,68051
TSS_1414_storz_regulondb,0.3333333333333333,2,2,ATTTAGTAATCGGATTCCGT,0,43776
TSS_1414_storz_regulondb,0.3333333333333333,2,2,ATTTAAGTCAGAGGGACCTG,0,21494
TSS_1414_storz_regulondb,0.3333333333333333,2,2,ATTGTTCGGACTAGCGACCA,0,3161
TSS_1414_storz_regulondb,0.3333333333333333,2,2,ATTGTTACAGCGGTTGCAGT,0,24398
TSS_1414_storz_regulondb,0.3333333333333333,2,2,ATTGTGCGTCGCGGCGTCTC,0,27697
TSS_1414_storz_regulondb,0.3333333333333333,2,2,ATTGGTGAGGAAGGTCTAGG,0,11242
TSS_1414_storz_regulondb,0.3333333333333333,2,2,ATTGGATCTGTGTAGGCAGC,0,3597
TSS_1414_storz_regulondb,0.3333333333333333,2,2,ATTGGAGAGGCAGGTACTCA,0,23510
TSS_1414_storz_regulondb,0.3333333333333333,2,2,ATTGAGTACATCCTGTGCAA,0,21641
TSS_1414_storz_regulondb,0.3333333333333333,2,2,ATTGACGACGTATTCAATAG,0,44187
TSS_1414_storz_regulondb,0.3333333333333333,2,2,ATTCTCGATCGCTTGCTACT,0,41847
TSS_1414_storz_regulondb,0.3333333333333333,2,2,ATTCGTATCTTGACGAGGTC,0,31135
TSS_1414_storz_regulondb,0.3333333333333333,2,2,ATTCGGATATTTTCTCCATG,0,15416
TSS_1414_storz_regulondb,0.3333333333333333,2,2,ATTCCTTTGGGGCTAGTGGA,0,15201
TSS_1414_storz_regulondb,0.3333333333333333,2,2,ATTCCTTGAGTAACCTGGGC,0,40853
TSS_1414_storz_regulondb,0.3333333333333333,2,2,ATTCCGGTGTATAGGCGGCG,0,38944
TSS_1414_storz_regulondb,0.3333333333333333,2,2,ATTCCGACAGAAAAGCTTAC,0,48847
TSS_1414_storz_regulondb,0.3333333333333333,2,2,ATTCCATAATTGTTGGCTGC,0,22453
TSS_1414_storz_regulondb,0.3333333333333333,2,2,ATTCCAGACTAGATAGTCTT,0,41957
TSS_1414_storz_regulondb,0.3333333333333333,2,2,ATTCCAAACCGAGATTCAAG,0,47570
TSS_1414_storz_regulondb,0.3333333333333333,2,2,ATTCATTAGGCCAAGAGCTT,0,63177
TSS_1414_storz_regulondb,0.3333333333333333,2,2,ATTCATGCAGAAAGCCCTGT,0,17790
TSS_1414_storz_regulondb,0.3333333333333333,2,2,ATTCAAAATTAAAAGATAAA,0,52682
TSS_1414_storz_regulondb,0.3333333333333333,2,2,ATTAGGTTGCATAAAGTTAT,0,26941
TSS_1414_storz_regulondb,0.3333333333333333,2,2,ATTAGGGTATCGTATCCCTC,0,70972
TSS_1414_storz_regulondb,0.3333333333333333,2,2,ATTAGGCCCACTACCCAGAA,0,19319
TSS_1414_storz_regulondb,0.3333333333333333,2,2,ATTAGCCCGGATTTCACTTT,0,52501
TSS_1414_storz_regulondb,0.3333333333333333,2,2,ATTAGAGCACGAGTGCGATT,0,16997
TSS_1414_storz_regulondb,0.3333333333333333,2,2,ATTAGAACGCAGTCCGGTGA,0,25773
TSS_1414_storz_regulondb,0.3333333333333333,2,2,ATTACTTTGCAGAGGGTAGT,0,13661
TSS_1414_storz_regulondb,0.3333333333333333,2,2,ATTAAACGGGAGTCGTTAGG,0,53092
TSS_1414_storz_regulondb,0.3333333333333333,2,2,ATTAAAAGTGGTTCTTTCAC,0,30494
TSS_1414_storz_regulondb,0.3333333333333333,2,2,ATGTTTGCCCGGTTCAGATA,0,58604
TSS_1414_storz_regulondb,0.3333333333333333,2,2,ATGTTGCCGCTACGCAGGAA,0,31505
TSS_1414_storz_regulondb,0.3333333333333333,2,2,ATGTTCTTTGGTAAGAGTGC,0,76876
TSS_1414_storz_regulondb,0.3333333333333333,2,2,ATGTTCCGGATGAGTGAAAT,0,21593
TSS_1414_storz_regulondb,0.3333333333333333,2,2,ATGTGGTCGTGGTGGCATCA,0,35097
TSS_1414_storz_regulondb,0.3333333333333333,2,2,ATGTGCTTATGCCTGACGCA,0,52918
TSS_1414_storz_regulondb,0.3333333333333333,2,2,ATGTGCGTCAGTTCCAGTGC,0,67962
TSS_1414_storz_regulondb,0.3333333333333333,2,2,ATGTGCGGGGGCGTTACTGG,0,17408
TSS_1414_storz_regulondb,0.3333333333333333,2,2,ATGTGATTAACTGGGATGGC,0,11966
TSS_1414_storz_regulondb,0.3333333333333333,2,2,ATGTGATCACGTTTCCAAAG,0,41613
TSS_1414_storz_regulondb,0.3333333333333333,2,2,ATGTCTCTCACCATACGTTG,0,39276
TSS_1414_storz_regulondb,0.3333333333333333,2,2,ATGTCATGCGACCTTATACT,0,79717
TSS_1414_storz_regulondb,0.3333333333333333,2,2,ATGTCAATAAGCGTGGAAGG,0,40935
TSS_1414_storz_regulondb,0.3333333333333333,2,2,ATGTATCTGACGTTCTGGCA,0,24410
TSS_1414_storz_regulondb,0.3333333333333333,2,2,ATGTAGCAACGAGTGCGGGA,0,44562
TSS_1414_storz_regulondb,0.3333333333333333,2,2,ATGTAAAAAAAGTATGTATC,0,11518
TSS_1414_storz_regulondb,0.3333333333333333,2,2,ATGGTCGCAGTCGAAGACAT,0,42126
TSS_1414_storz_regulondb,0.3333333333333333,2,2,ATGGTCCTTTCTCTCCGGTC,0,54689
TSS_1414_storz_regulondb,0.3333333333333333,2,2,ATGGTAGCTGGAGTCCGGTG,0,18030
TSS_1414_storz_regulondb,0.3333333333333333,2,2,ATGGTACCGGGCATGGCGAT,0,57936
TSS_1414_storz_regulondb,0.3333333333333333,2,2,ATGGGTACTCGGACTGACAG,0,9925
TSS_1414_storz_regulondb,0.3333333333333333,2,2,ATGGCTCGTGTTCCCATCGT,0,33928
TSS_1414_storz_regulondb,0.3333333333333333,2,2,ATGGCGGAAACCAAACCAGG,0,6670
TSS_1414_storz_regulondb,0.3333333333333333,2,2,ATGGCCGTATATCTGCGAAT,0,39388
TSS_1414_storz_regulondb,0.3333333333333333,2,2,ATGGCAACATCAAGCATTAA,0,26422
TSS_1414_storz_regulondb,0.3333333333333333,2,2,ATGGAATTCCGGGTCATGTA,0,78951
TSS_1414_storz_regulondb,0.3333333333333333,2,2,ATGCTTAGGGTCCGGTTCGA,0,5979
TSS_1414_storz_regulondb,0.3333333333333333,2,2,ATGCTCAGAGTCACCGGATT,0,53346
TSS_1414_storz_regulondb,0.3333333333333333,2,2,ATGCTACTACTTGTCGAAGA,0,39400
TSS_1414_storz_regulondb,0.3333333333333333,2,2,ATGCTAACAGTTCCGTGTTC,0,22053
TSS_1414_storz_regulondb,0.3333333333333333,2,2,ATGCGTCAAAGTTTCCAGAG,0,6273
TSS_1414_storz_regulondb,0.3333333333333333,2,2,ATGCGCGGCCTGAATACCAA,0,62053
TSS_1414_storz_regulondb,0.3333333333333333,2,2,ATGCGATTTTAACCCGGTGG,0,31438
TSS_1414_storz_regulondb,0.3333333333333333,2,2,ATGCGACAATTCATTGCGAT,0,21826
TSS_1414_storz_regulondb,0.3333333333333333,2,2,ATGCCTTGTCGCCCGGTCCA,0,38716
TSS_1414_storz_regulondb,0.3333333333333333,2,2,ATGCCGTCCATGAGTTAAGT,0,25113
TSS_1414_storz_regulondb,0.3333333333333333,2,2,ATGCCAATCTCGACTCGTCC,0,52689
TSS_1414_storz_regulondb,0.3333333333333333,2,2,ATGCAGCCCAAGGATGACCC,0,1536
TSS_1414_storz_regulondb,0.3333333333333333,2,2,ATGCACTTTTGCCACTACTA,0,62557
TSS_1414_storz_regulondb,0.3333333333333333,2,2,ATGCACAGGTGCGCAGTAGA,0,75237
TSS_1414_storz_regulondb,0.3333333333333333,2,2,ATGATTGGCAACCCAATAGT,0,4537
TSS_1414_storz_regulondb,0.3333333333333333,2,2,ATGATGGGCATGCTTTCATC,0,8011
TSS_1414_storz_regulondb,0.3333333333333333,2,2,ATGATGAAGAGATTCGACTT,0,17197
TSS_1414_storz_regulondb,0.3333333333333333,2,2,ATGATCCCGTCTGGCGGCGT,0,76327
TSS_1414_storz_regulondb,0.3333333333333333,2,2,ATGAGTTGACATCGCGATAC,0,50362
TSS_1414_storz_regulondb,0.3333333333333333,2,2,ATGAGTACAGACATCAACCA,0,70329
TSS_1414_storz_regulondb,0.3333333333333333,2,2,ATGAGCGACACCCGCGTCCA,0,43008
TSS_1414_storz_regulondb,0.3333333333333333,2,2,ATGAGAGCAGGCCGCGACGG,0,65055
TSS_1414_storz_regulondb,0.3333333333333333,2,2,ATGAATCGGTAATCTGTTGC,0,34922
TSS_1414_storz_regulondb,0.3333333333333333,2,2,ATGAAAGCAGGACCGATCCA,0,40623
TSS_1414_storz_regulondb,0.3333333333333333,2,2,ATCTTGTTGTAGCTTAAGGA,0,37718
TSS_1414_storz_regulondb,0.3333333333333333,2,2,ATCTTGGAGCACGGGGGCGG,0,24359
TSS_1414_storz_regulondb,0.3333333333333333,2,2,ATCTTCTGTCAGATGGCCAT,0,64269
TSS_1414_storz_regulondb,0.3333333333333333,2,2,ATCTAGGTTTCAGAGAAAAA,0,27320
TSS_1414_storz_regulondb,0.3333333333333333,2,2,ATCGGTGAGGTGTAAGCTTG,0,43570
TSS_1414_storz_regulondb,0.3333333333333333,2,2,ATCGGGCGGGGCCGAGGCCT,0,5205
TSS_1414_storz_regulondb,0.3333333333333333,2,2,ATCGGATAGCGTAGGTGTTT,0,41588
TSS_1414_storz_regulondb,0.3333333333333333,2,2,ATCGCTAGTGGTCGCGTTAG,0,3852
TSS_1414_storz_regulondb,0.3333333333333333,2,2,ATCGCGGGTCGGCCCGGGGC,0,59276
TSS_1414_storz_regulondb,0.3333333333333333,2,2,ATCGCGATTACCCTTCACAA,0,48056
TSS_1414_storz_regulondb,0.3333333333333333,2,2,ATCGATACCCCTGAGCAATC,0,36594
TSS_1414_storz_regulondb,0.3333333333333333,2,2,ATCGAGGTGAAATAATTCTG,0,79519
TSS_1414_storz_regulondb,0.3333333333333333,2,2,ATCGAGACGCTCAAATGAAT,0,76215
TSS_1414_storz_regulondb,0.3333333333333333,2,2,ATCCTTGGGTCTTGTATGTG,0,39754
TSS_1414_storz_regulondb,0.3333333333333333,2,2,ATCCGGTACGATGGGAGCCT,0,34075
TSS_1414_storz_regulondb,0.3333333333333333,2,2,ATCCGCTCCAGGAACATGCA,0,51811
TSS_1414_storz_regulondb,0.3333333333333333,2,2,ATCCGCCAGTCCTCATTGTA,0,34268
TSS_1414_storz_regulondb,0.3333333333333333,2,2,ATCCGCACTCCCCCGGTCCT,0,15755
TSS_1414_storz_regulondb,0.3333333333333333,2,2,ATCCCCCTCCCAATCGGACG,0,13871
TSS_1414_storz_regulondb,0.3333333333333333,2,2,ATCCACTCTGTGATAAGTGA,0,51627
TSS_1414_storz_regulondb,0.3333333333333333,2,2,ATCATCGTTATCGTAAACAG,0,52074
TSS_1414_storz_regulondb,0.3333333333333333,2,2,ATCATCCAGCTCAGGGCGCT,0,38997
TSS_1414_storz_regulondb,0.3333333333333333,2,2,ATCAGTATGGGTATTGGACT,0,25994
TSS_1414_storz_regulondb,0.3333333333333333,2,2,ATCAGGCACGTAACCCGACA,0,27855
TSS_1414_storz_regulondb,0.3333333333333333,2,2,ATCAGCACTTCCCGAGAGAT,0,42308
TSS_1414_storz_regulondb,0.3333333333333333,2,2,ATCAGCACGTCCCACTTGAT,0,74318
TSS_1414_storz_regulondb,0.3333333333333333,2,2,ATCAGAGGTTTTTCTTCCTA,0,35544
TSS_1414_storz_regulondb,0.3333333333333333,2,2,ATCACTGTGCGACACTGACC,0,33248
TSS_1414_storz_regulondb,0.3333333333333333,2,2,ATCACTGGGGCGAGTATTAG,0,49931
TSS_1414_storz_regulondb,0.3333333333333333,2,2,ATCACGGACGCAACTCCGCG,0,52415
TSS_1414_storz_regulondb,0.3333333333333333,2,2,ATCAATATGTTTATCGTTTC,0,35545
TSS_1414_storz_regulondb,0.3333333333333333,2,2,ATATTTACGAGTTTTCGCGG,0,23928
TSS_1414_storz_regulondb,0.3333333333333333,2,2,ATATTCTGCACCACTGACCA,0,16070
TSS_1414_storz_regulondb,0.3333333333333333,2,2,ATATTCAATTAGATCGCAGT,0,52331
TSS_1414_storz_regulondb,0.3333333333333333,2,2,ATATGTATCGGGGGTGCGCT,0,55946
TSS_1414_storz_regulondb,0.3333333333333333,2,2,ATATGCGGCTGACATTTTTT,0,37228
TSS_1414_storz_regulondb,0.3333333333333333,2,2,ATATGCGCCCTGGGTAGAAG,0,64230
TSS_1414_storz_regulondb,0.3333333333333333,2,2,ATATCTGACCATTTACGTTG,0,12963
TSS_1414_storz_regulondb,0.3333333333333333,2,2,ATATCATTAGGAAAGATTCA,0,12870
TSS_1414_storz_regulondb,0.3333333333333333,2,2,ATATCAGAACGGGAAAGCTA,0,55775
TSS_1414_storz_regulondb,0.3333333333333333,2,2,ATATAGGGCCTTCATGGGTT,0,43386
TSS_1414_storz_regulondb,0.3333333333333333,2,2,ATATACATCCAGCCAGCGAT,0,14059
TSS_1414_storz_regulondb,0.3333333333333333,2,2,ATAGTTGCCTCCGACTACGT,0,64830
TSS_1414_storz_regulondb,0.3333333333333333,2,2,ATAGTTCTTGTCCTGCACCC,0,8846
TSS_1414_storz_regulondb,0.3333333333333333,2,2,ATAGTGTTTATCTATTCCTG,0,47664
TSS_1414_storz_regulondb,0.3333333333333333,2,2,ATAGTATGCTTGTTCGTAAA,0,72658
TSS_1414_storz_regulondb,0.3333333333333333,2,2,ATAGTATATTTGCCCTGGTT,0,39745
TSS_1414_storz_regulondb,0.3333333333333333,2,2,ATAGGGTACAGCGTTACCGT,0,77052
TSS_1414_storz_regulondb,0.3333333333333333,2,2,ATAGCCCGCTCCATTGGGAC,0,66505
TSS_1414_storz_regulondb,0.3333333333333333,2,2,ATAGCACGGTCGAACGTTCA,0,2322
TSS_1414_storz_regulondb,0.3333333333333333,2,2,ATAGCACCTGTTTGGATAGC,0,63613
TSS_1414_storz_regulondb,0.3333333333333333,2,2,ATAGATTATTGTTATGGATG,0,31383
TSS_1414_storz_regulondb,0.3333333333333333,2,2,ATACTTGAGAATTGGGGTAT,0,50738
TSS_1414_storz_regulondb,0.3333333333333333,2,2,ATACGTTGAACTTGACTCAT,0,679
TSS_1414_storz_regulondb,0.3333333333333333,2,2,ATACGTGGTCACGTGGGGAA,0,4466
TSS_1414_storz_regulondb,0.3333333333333333,2,2,ATACGTACAAACGGTGATCT,0,13352
TSS_1414_storz_regulondb,0.3333333333333333,2,2,ATACGGGTACGGCTCGAATC,0,67476
TSS_1414_storz_regulondb,0.3333333333333333,2,2,ATACGCCATCTACTTAAGAT,0,33404
TSS_1414_storz_regulondb,0.3333333333333333,2,2,ATACCTACGGCATCAAACCC,0,28861
TSS_1414_storz_regulondb,0.3333333333333333,2,2,ATACCGGATAATGGTAGCAC,0,6194
TSS_1414_storz_regulondb,0.3333333333333333,2,2,ATACCGAAAATACAGTGTAG,0,29040
TSS_1414_storz_regulondb,0.3333333333333333,2,2,ATACCACGGGCGTTAGTAGC,0,54367
TSS_1414_storz_regulondb,0.3333333333333333,2,2,ATACACGTATAACTACTGTA,0,62019
TSS_1414_storz_regulondb,0.3333333333333333,2,2,ATACACCGAGTCTATGTAGG,0,13555
TSS_1414_storz_regulondb,0.3333333333333333,2,2,ATAATTCTATGCGGTCTTCA,0,21228
TSS_1414_storz_regulondb,0.3333333333333333,2,2,ATAACTCTTTCGGCACGAGC,0,20025
TSS_1414_storz_regulondb,0.3333333333333333,2,2,ATAACTCTCCACCTGTTGAG,0,3193
TSS_1414_storz_regulondb,0.3333333333333333,2,2,ATAACGGTCTCGGCCACTGA,0,56372
TSS_1414_storz_regulondb,0.3333333333333333,2,2,ATAACGGGAGTGTTGGAAGT,0,32153
TSS_1414_storz_regulondb,0.3333333333333333,2,2,ATAACAGTTGACGCGGGAAA,0,53402
TSS_1414_storz_regulondb,0.3333333333333333,2,2,ATAACAGGTTATTCACCCAA,0,46391
TSS_1414_storz_regulondb,0.3333333333333333,2,2,ATAACAGGGCCTTCCAGTTC,0,4361
TSS_1414_storz_regulondb,0.3333333333333333,2,2,ATAAATAAAATTTTCGACAA,0,72557
TSS_1414_storz_regulondb,0.3333333333333333,2,2,AGTTTTATCAAGAAGTCCAT,0,22993
TSS_1414_storz_regulondb,0.3333333333333333,2,2,AGTTTCTTACCGTATATCTG,0,25033
TSS_1414_storz_regulondb,0.3333333333333333,2,2,AGTTCTGCAGTAACGGGTAT,0,4602
TSS_1414_storz_regulondb,0.3333333333333333,2,2,AGTTCGGCGTGTTCACGCCT,0,73420
TSS_1414_storz_regulondb,0.3333333333333333,2,2,AGTTAATTGAGGCTACGAGA,0,61284
TSS_1414_storz_regulondb,0.3333333333333333,2,2,AGTTAATGGTGTAGCCAGGG,0,52352
TSS_1414_storz_regulondb,0.3333333333333333,2,2,AGTTAAGTCATGCTGTATAA,0,50625
TSS_1414_storz_regulondb,0.3333333333333333,2,2,AGTGTGTGGCCTGGATGGCT,0,31364
TSS_1414_storz_regulondb,0.3333333333333333,2,2,AGTGTCCTTATTGTTTCTGA,0,26165
TSS_1414_storz_regulondb,0.3333333333333333,2,2,AGTGTAGGCAGCGTATAGGC,0,14114
TSS_1414_storz_regulondb,0.3333333333333333,2,2,AGTGCGACTTCGAGCAAGAT,0,1863
TSS_1414_storz_regulondb,0.3333333333333333,2,2,AGTGCATAAGGGCCACCGGT,0,17025
TSS_1414_storz_regulondb,0.3333333333333333,2,2,AGTGAGACCCACACGATTAG,0,18741
TSS_1414_storz_regulondb,0.3333333333333333,2,2,AGTGACTAACAGCGATCCTG,0,22651
TSS_1414_storz_regulondb,0.3333333333333333,2,2,AGTCTTTAAAGGTAGTACGA,0,68627
TSS_1414_storz_regulondb,0.3333333333333333,2,2,AGTCTCTGGCTCATGGTGCC,0,58358
TSS_1414_storz_regulondb,0.3333333333333333,2,2,AGTCTCAAACATTGGTGTGG,0,39954
TSS_1414_storz_regulondb,0.3333333333333333,2,2,AGTCGGTTGGTAGTCTACGA,0,56752
TSS_1414_storz_regulondb,0.3333333333333333,2,2,AGTCGGGTATAGAAAGTCGC,0,23815
TSS_1414_storz_regulondb,0.3333333333333333,2,2,AGTCGCCATTTCCGTCTGCG,0,80825
TSS_1414_storz_regulondb,0.3333333333333333,2,2,AGTCATTTCACAAGTGCCGA,0,21009
TSS_1414_storz_regulondb,0.3333333333333333,2,2,AGTCAGCATACGTGGTTTCC,0,474
TSS_1414_storz_regulondb,0.3333333333333333,2,2,AGTCACCTGCACGTCGGAGA,0,19980
TSS_1414_storz_regulondb,0.3333333333333333,2,2,AGTCAAGGTTTGAGTGCTAG,0,54237
TSS_1414_storz_regulondb,0.3333333333333333,2,2,AGTATTGGCGCAGAATTAGA,0,26430
TSS_1414_storz_regulondb,0.3333333333333333,2,2,AGTATTGAGGAATGCGCTCT,0,31299
TSS_1414_storz_regulondb,0.3333333333333333,2,2,AGTAGTAGAAAACACGCATT,0,45783
TSS_1414_storz_regulondb,0.3333333333333333,2,2,AGTAGGTAACGTTTCGAAGG,0,2215
TSS_1414_storz_regulondb,0.3333333333333333,2,2,AGTAGCGCACTCGTCTTCGG,0,29840
TSS_1414_storz_regulondb,0.3333333333333333,2,2,AGTACGCCAGGTGACTTAAT,0,34118
TSS_1414_storz_regulondb,0.3333333333333333,2,2,AGTACAACGTTGGCCGTCAT,0,28093
TSS_1414_storz_regulondb,0.3333333333333333,2,2,AGTAAATCAGAGCCATGTTG,0,74513
TSS_1414_storz_regulondb,0.3333333333333333,2,2,AGTAAACGGGATTGTAGGGT,0,16872
TSS_1414_storz_regulondb,0.3333333333333333,2,2,AGGTTGTCTACCGTATGTCG,0,58607
TSS_1414_storz_regulondb,0.3333333333333333,2,2,AGGTTGGTTTGTGTGCTACG,0,42508
TSS_1414_storz_regulondb,0.3333333333333333,2,2,AGGTTGCTTAGGTGTGAGGT,0,9785
TSS_1414_storz_regulondb,0.3333333333333333,2,2,AGGTTGCCAATTGTACGGCA,0,18313
TSS_1414_storz_regulondb,0.3333333333333333,2,2,AGGTGTCATAGGCGAACAAC,0,28878
TSS_1414_storz_regulondb,0.3333333333333333,2,2,AGGTGACGTAGGCCGCGAGA,0,35265
TSS_1414_storz_regulondb,0.3333333333333333,2,2,AGGTCTAGCCCCAGAAGTTG,0,35033
TSS_1414_storz_regulondb,0.3333333333333333,2,2,AGGTCACATGGGCGATAGAC,0,55411
TSS_1414_storz_regulondb,0.3333333333333333,2,2,AGGTATTAGGGAGAGGAAAT,0,22580
TSS_1414_storz_regulondb,0.3333333333333333,2,2,AGGTATGAACTTGCCGGGTA,0,17912
TSS_1414_storz_regulondb,0.3333333333333333,2,2,AGGTATCTTGACAAGGGAGT,0,43422
TSS_1414_storz_regulondb,0.3333333333333333,2,2,AGGGTGTCCATGATTAGGTA,0,53393
TSS_1414_storz_regulondb,0.3333333333333333,2,2,AGGGTGATTACGTTCAACCC,0,5753
TSS_1414_storz_regulondb,0.3333333333333333,2,2,AGGGGGAATCAAGTAACTTA,0,5
TSS_1414_storz_regulondb,0.3333333333333333,2,2,AGGGGAGTGACATGGTAACG,0,64503
TSS_1414_storz_regulondb,0.3333333333333333,2,2,AGGGGAATTTTCGTTTTGGC,0,54984
TSS_1414_storz_regulondb,0.3333333333333333,2,2,AGGGCTATGTCAGCGCCAGA,0,30456
TSS_1414_storz_regulondb,0.3333333333333333,2,2,AGGGCGTTGGCCGGGGTTAT,0,23196
TSS_1414_storz_regulondb,0.3333333333333333,2,2,AGGGCGTCTTCGGTGGTTTT,0,32952
TSS_1414_storz_regulondb,0.3333333333333333,2,2,AGGGATAAGACAGGTTTTTA,0,29260
TSS_1414_storz_regulondb,0.3333333333333333,2,2,AGGGAATGAACTACTGGGGT,0,79149
TSS_1414_storz_regulondb,0.3333333333333333,2,2,AGGGAAAAGTGCTAGTACTT,0,30195
TSS_1414_storz_regulondb,0.3333333333333333,2,2,AGGCTTCGTTCGAAATAATG,0,11310
TSS_1414_storz_regulondb,0.3333333333333333,2,2,AGGCTAGCTGGTGGAAAAAG,0,30134
TSS_1414_storz_regulondb,0.3333333333333333,2,2,AGGCTACGCTTGAATAGGGG,0,28059
TSS_1414_storz_regulondb,0.3333333333333333,2,2,AGGCGGTGCGTTATATTTCG,0,34458
TSS_1414_storz_regulondb,0.3333333333333333,2,2,AGGCCTAAGATTGTGGTCGG,0,27152
TSS_1414_storz_regulondb,0.3333333333333333,2,2,AGGCCGGCTTCTAGCCGGAT,0,65530
TSS_1414_storz_regulondb,0.3333333333333333,2,2,AGGCCATCGGGTCTTCGCGC,0,76041
TSS_1414_storz_regulondb,0.3333333333333333,2,2,AGGCAAATGCTAACCCTATT,0,32896
TSS_1414_storz_regulondb,0.3333333333333333,2,2,AGGATTGACGGCGGGGGCGG,0,41905
TSS_1414_storz_regulondb,0.3333333333333333,2,2,AGGATCTAGCGGATCTGCTG,0,70981
TSS_1414_storz_regulondb,0.3333333333333333,2,2,AGGATCGGGGATCATTTGCA,0,33013
TSS_1414_storz_regulondb,0.3333333333333333,2,2,AGGATCGCTATAAATACGTC,0,22584
TSS_1414_storz_regulondb,0.3333333333333333,2,2,AGGAGTTGGTCGTATTCTGG,0,30505
TSS_1414_storz_regulondb,0.3333333333333333,2,2,AGGAGTGCAAATGTACCGGG,0,47334
TSS_1414_storz_regulondb,0.3333333333333333,2,2,AGGAGCCAGTTGGACTCGAC,0,14986
TSS_1414_storz_regulondb,0.3333333333333333,2,2,AGGACGAGCTTCAAACGGGT,0,9824
TSS_1414_storz_regulondb,0.3333333333333333,2,2,AGGACCAGCTACAAAGACAA,0,27935
TSS_1414_storz_regulondb,0.3333333333333333,2,2,AGGACAGATGCGTAGGCTTT,0,253
TSS_1414_storz_regulondb,0.3333333333333333,2,2,AGGAATGTTCTCCAGCCCTA,0,6026
TSS_1414_storz_regulondb,0.3333333333333333,2,2,AGGAATGCTTTCATATGCTG,0,37832
TSS_1414_storz_regulondb,0.3333333333333333,2,2,AGGAACTGTCCGAGAATGAC,0,7768
TSS_1414_storz_regulondb,0.3333333333333333,2,2,AGGAAAGCAATGCGTCGTGA,0,61978
TSS_1414_storz_regulondb,0.3333333333333333,2,2,AGGAAACAATTCTAACTTCC,0,39615
TSS_1414_storz_regulondb,0.3333333333333333,2,2,AGCTTGATGAAACAAAGCGT,0,14524
TSS_1414_storz_regulondb,0.3333333333333333,2,2,AGCTTATATGGGGTCCAAAT,0,27803
TSS_1414_storz_regulondb,0.3333333333333333,2,2,AGCTTAACATGTTTAGGTTC,0,3011
TSS_1414_storz_regulondb,0.3333333333333333,2,2,AGCTGGGCTCCTGACTGGCA,0,19794
TSS_1414_storz_regulondb,0.3333333333333333,2,2,AGCTGGATTCGGATGAATGA,0,44779
TSS_1414_storz_regulondb,0.3333333333333333,2,2,AGCTGACTAATGGCTGAAAC,0,70963
TSS_1414_storz_regulondb,0.3333333333333333,2,2,AGCTCTAAGTATGCATGTTA,0,9672
TSS_1414_storz_regulondb,0.3333333333333333,2,2,AGCTCGGGGCCAGGGCGTCC,0,40117
TSS_1414_storz_regulondb,0.3333333333333333,2,2,AGCTATGTGCGTGGTCGTTT,0,42976
TSS_1414_storz_regulondb,0.3333333333333333,2,2,AGCTACTCCCGTGAGATTGA,0,54287
TSS_1414_storz_regulondb,0.3333333333333333,2,2,AGCTAATTCTTGATCCAACG,0,53358
TSS_1414_storz_regulondb,0.3333333333333333,2,2,AGCGTTAGTTGAGCGCTTAA,0,8042
TSS_1414_storz_regulondb,0.3333333333333333,2,2,AGCGTAGCTTGCGAATGGTA,0,53052
TSS_1414_storz_regulondb,0.3333333333333333,2,2,AGCGGATACACATTCCTGAG,0,57469
TSS_1414_storz_regulondb,0.3333333333333333,2,2,AGCGCTATCACATATGAAAA,0,77731
TSS_1414_storz_regulondb,0.3333333333333333,2,2,AGCGACACCTCAGGTGTGCG,0,33622
TSS_1414_storz_regulondb,0.3333333333333333,2,2,AGCGAACAGCAATTTAGGCC,0,2310
TSS_1414_storz_regulondb,0.3333333333333333,2,2,AGCGAACACTCCGCTTTAGA,0,39267
TSS_1414_storz_regulondb,0.3333333333333333,2,2,AGCCTCAGTGGGCTGAGAAG,0,65676
TSS_1414_storz_regulondb,0.3333333333333333,2,2,AGCCTCAGGTTTGTGTACTT,0,75066
TSS_1414_storz_regulondb,0.3333333333333333,2,2,AGCCGCTCTCTAGCAGTTAT,0,33063
TSS_1414_storz_regulondb,0.3333333333333333,2,2,AGCCGACTGGTAAGGACACG,0,77428
TSS_1414_storz_regulondb,0.3333333333333333,2,2,AGCCCTTGGGCACACCGGAA,0,64507
TSS_1414_storz_regulondb,0.3333333333333333,2,2,AGCCCTGCCCGCCTAACCCT,0,70056
TSS_1414_storz_regulondb,0.3333333333333333,2,2,AGCCCGTGCGTTAAAAAGAT,0,69281
TSS_1414_storz_regulondb,0.3333333333333333,2,2,AGCCCGGTTCGGCTTATAAA,0,5886
TSS_1414_storz_regulondb,0.3333333333333333,2,2,AGCCCCCGAAATCTGCAATG,0,62964
TSS_1414_storz_regulondb,0.3333333333333333,2,2,AGCATGCCCGTTAGTAACCC,0,60582
TSS_1414_storz_regulondb,0.3333333333333333,2,2,AGCATCTACATCGACGTCAC,0,73938
TSS_1414_storz_regulondb,0.3333333333333333,2,2,AGCATACGCTCTAAGGCGGA,0,74422
TSS_1414_storz_regulondb,0.3333333333333333,2,2,AGCAGTGGGTGCCTCCTTCA,0,37572
TSS_1414_storz_regulondb,0.3333333333333333,2,2,AGCAGGCGTCCATCCTTGTA,0,17293
TSS_1414_storz_regulondb,0.3333333333333333,2,2,AGCAGAGCAAGTTTTGAGAT,0,78884
TSS_1414_storz_regulondb,0.3333333333333333,2,2,AGCAAAAAAGAGGGCTGACA,0,12693
TSS_1414_storz_regulondb,0.3333333333333333,2,2,AGATTCGGTACTAGCTGTAT,0,28876
TSS_1414_storz_regulondb,0.3333333333333333,2,2,AGATGTAGATGCAAACGCAA,0,69136
TSS_1414_storz_regulondb,0.3333333333333333,2,2,AGATGGCTGAGCCGATGCTC,0,53328
TSS_1414_storz_regulondb,0.3333333333333333,2,2,AGATGGCCATCCTTGGTTGC,0,69338
TSS_1414_storz_regulondb,0.3333333333333333,2,2,AGATCCTGGCTTAAGACTTT,0,79956
TSS_1414_storz_regulondb,0.3333333333333333,2,2,AGATCAAGTCTACTCATTCG,0,35710
TSS_1414_storz_regulondb,0.3333333333333333,2,2,AGATAGTCTCAGTAGCGCGG,0,63338
TSS_1414_storz_regulondb,0.3333333333333333,2,2,AGATAGTATGATAGCGTCTG,0,17340
TSS_1414_storz_regulondb,0.3333333333333333,2,2,AGATAGGAAATGGAGGACCC,0,47231
TSS_1414_storz_regulondb,0.3333333333333333,2,2,AGATACTGAGTCGCATCTAA,0,14197
TSS_1414_storz_regulondb,0.3333333333333333,2,2,AGATAAAACGGCTAACGTAT,0,20890
TSS_1414_storz_regulondb,0.3333333333333333,2,2,AGAGTGTCCTAAAACTCGAC,0,66636
TSS_1414_storz_regulondb,0.3333333333333333,2,2,AGAGTCAAGCACAGCGAACG,0,40894
TSS_1414_storz_regulondb,0.3333333333333333,2,2,AGAGGTTCGGGCTGCTGCAA,0,59793
TSS_1414_storz_regulondb,0.3333333333333333,2,2,AGAGGGGGTTAACCAGTGCC,0,54277
TSS_1414_storz_regulondb,0.3333333333333333,2,2,AGAGGCAGTGCTCGTGCTGA,0,55708
TSS_1414_storz_regulondb,0.3333333333333333,2,2,AGAGCGGACGGCTACAGCTT,0,24012
TSS_1414_storz_regulondb,0.3333333333333333,2,2,AGAGAGAAATGTATAAAGGC,0,44082
TSS_1414_storz_regulondb,0.3333333333333333,2,2,AGAGACAAGTGCTCTCGAAA,0,3083
TSS_1414_storz_regulondb,0.3333333333333333,2,2,AGACTTGCGATCTGGCAACA,0,29417
TSS_1414_storz_regulondb,0.3333333333333333,2,2,AGACTCAGCAAGGCCTATCA,0,34230
TSS_1414_storz_regulondb,0.3333333333333333,2,2,AGACTATCTACAGCATCCAT,0,37034
TSS_1414_storz_regulondb,0.3333333333333333,2,2,AGACTAGACCGCGTGGTTAA,0,45881
TSS_1414_storz_regulondb,0.3333333333333333,2,2,AGACGACTTGCTTGCAACCT,0,9285
TSS_1414_storz_regulondb,0.3333333333333333,2,2,AGACGAAATTGAAGTTGACT,0,76859
TSS_1414_storz_regulondb,0.3333333333333333,2,2,AGACCCGCTTGATTACTCTG,0,49153
TSS_1414_storz_regulondb,0.3333333333333333,2,2,AGACCAAGATGATGCCAAAT,0,70524
TSS_1414_storz_regulondb,0.3333333333333333,2,2,AGACAGCCCGGGATTAGTGG,0,68781
TSS_1414_storz_regulondb,0.3333333333333333,2,2,AGAATTTCTGATCGGAGATG,0,21549
TSS_1414_storz_regulondb,0.3333333333333333,2,2,AGAATTACTTCGCACAATGC,0,50844
TSS_1414_storz_regulondb,0.3333333333333333,2,2,AGAATCGAACTTTGCAATCA,0,80802
TSS_1414_storz_regulondb,0.3333333333333333,2,2,AGAATAGTATTGGGGGCGAG,0,13744
TSS_1414_storz_regulondb,0.3333333333333333,2,2,AGAAGCGCTTTCCCGCGGGG,0,42970
TSS_1414_storz_regulondb,0.3333333333333333,2,2,AGAACTAATCGCGTTCCTTG,0,43561
TSS_1414_storz_regulondb,0.3333333333333333,2,2,AGAACCGTTCTGGGCTTGGA,0,39562
TSS_1414_storz_regulondb,0.3333333333333333,2,2,AGAAATTATGAATATTCTGC,0,9275
TSS_1414_storz_regulondb,0.3333333333333333,2,2,AGAAAGGGTTGGTGTGATGA,0,75942
TSS_1414_storz_regulondb,0.3333333333333333,2,2,AGAAAATGTGATCCTGCATT,0,77046
TSS_1414_storz_regulondb,0.3333333333333333,2,2,AGAAAATAAGGATTCGAGCA,0,689
TSS_1414_storz_regulondb,0.3333333333333333,2,2,ACTTTGTTAACAGACCAGCT,0,47193
TSS_1414_storz_regulondb,0.3333333333333333,2,2,ACTTTGGACAGCGGAGTTTG,0,27745
TSS_1414_storz_regulondb,0.3333333333333333,2,2,ACTTTGAAAGACGGGATTGA,0,53143
TSS_1414_storz_regulondb,0.3333333333333333,2,2,ACTTTAGGCGTTGGTCGGAC,0,60786
TSS_1414_storz_regulondb,0.3333333333333333,2,2,ACTTGTATTGTAATGCGATC,0,51211
TSS_1414_storz_regulondb,0.3333333333333333,2,2,ACTTGCAAGAATTTACATAG,0,77150
TSS_1414_storz_regulondb,0.3333333333333333,2,2,ACTGTTATCGGGTACCATTA,0,4327
TSS_1414_storz_regulondb,0.3333333333333333,2,2,ACTGTGTCAGAAGTATCTGC,0,17440
TSS_1414_storz_regulondb,0.3333333333333333,2,2,ACTGTACTGCACTTCGTATA,0,62943
TSS_1414_storz_regulondb,0.3333333333333333,2,2,ACTGGAGTAACAGCTCGTAA,0,50623
TSS_1414_storz_regulondb,0.3333333333333333,2,2,ACTGGACTTATAGTGCCCAC,0,79881
TSS_1414_storz_regulondb,0.3333333333333333,2,2,ACTGCTTGGACCAAGCGGTT,0,2587
TSS_1414_storz_regulondb,0.3333333333333333,2,2,ACTGCGGACATCTAGAGATT,0,74730
TSS_1414_storz_regulondb,0.3333333333333333,2,2,ACTGCGCTTTAGAATTAAAG,0,27223
TSS_1414_storz_regulondb,0.3333333333333333,2,2,ACTCTGGTTACAAGTGGTTG,0,11652
TSS_1414_storz_regulondb,0.3333333333333333,2,2,ACTCTGAGCAAGAAATCATT,0,7425
TSS_1414_storz_regulondb,0.3333333333333333,2,2,ACTCTCAGCGTAAGACAGGT,0,55128
TSS_1414_storz_regulondb,0.3333333333333333,2,2,ACTCTACAGCGTCCTGAGTC,0,1795
TSS_1414_storz_regulondb,0.3333333333333333,2,2,ACTCGTTTCATAGGATACGA,0,61973
TSS_1414_storz_regulondb,0.3333333333333333,2,2,ACTCGGAAGGTTTTATATCA,0,47577
TSS_1414_storz_regulondb,0.3333333333333333,2,2,ACTCGCTAACATCCACGGGA,0,69030
TSS_1414_storz_regulondb,0.3333333333333333,2,2,ACTCGCCTTGAACCGCGACT,0,9391
TSS_1414_storz_regulondb,0.3333333333333333,2,2,ACTCCTCGCGTTATATCATG,0,47550
TSS_1414_storz_regulondb,0.3333333333333333,2,2,ACTCCGAGGTTTGATATGGT,0,43091
TSS_1414_storz_regulondb,0.3333333333333333,2,2,ACTCAGCATCACAAACTGAG,0,60932
TSS_1414_storz_regulondb,0.3333333333333333,2,2,ACTCACGGGGTGACGCTGAC,0,2617
TSS_1414_storz_regulondb,0.3333333333333333,2,2,ACTCACCCGGGGGACGTAGG,0,57961
TSS_1414_storz_regulondb,0.3333333333333333,2,2,ACTATTTATGTACCATGATG,0,30502
TSS_1414_storz_regulondb,0.3333333333333333,2,2,ACTAGGTCGAATCGTACATG,0,20142
TSS_1414_storz_regulondb,0.3333333333333333,2,2,ACTAGGCTGATTAAAACGGG,0,21485
TSS_1414_storz_regulondb,0.3333333333333333,2,2,ACTAGATCAGGCATTCCCGG,0,60952
TSS_1414_storz_regulondb,0.3333333333333333,2,2,ACTAGATACCTGGTTCGGAG,0,39926
TSS_1414_storz_regulondb,0.3333333333333333,2,2,ACTAGAGGGCATCGGAGGCA,0,29968
TSS_1414_storz_regulondb,0.3333333333333333,2,2,ACTACTGTATGGGTTGAGGG,0,74600
TSS_1414_storz_regulondb,0.3333333333333333,2,2,ACTACCTTGATACTGCACGT,0,40174
TSS_1414_storz_regulondb,0.3333333333333333,2,2,ACTACCGTCTCGCTGCGGGG,0,10422
TSS_1414_storz_regulondb,0.3333333333333333,2,2,ACGTTGGGCATCGAACGAAA,0,56261
TSS_1414_storz_regulondb,0.3333333333333333,2,2,ACGTTGACGGGGGCGCTCAA,0,20717
TSS_1414_storz_regulondb,0.3333333333333333,2,2,ACGTGGTCCCGCAACATCGT,0,67450
TSS_1414_storz_regulondb,0.3333333333333333,2,2,ACGTCTGTATTTAGGTGTAG,0,51393
TSS_1414_storz_regulondb,0.3333333333333333,2,2,ACGTCGATTCATCCTGGAAC,0,71315
TSS_1414_storz_regulondb,0.3333333333333333,2,2,ACGTATTTGAGTCCCGTATT,0,61091
TSS_1414_storz_regulondb,0.3333333333333333,2,2,ACGTATCTGCCTGGACGCTG,0,76408
TSS_1414_storz_regulondb,0.3333333333333333,2,2,ACGTAGAGCGTCTCGGTGGC,0,18104
TSS_1414_storz_regulondb,0.3333333333333333,2,2,ACGGTTGGCATGAGTTTCCC,0,75547
TSS_1414_storz_regulondb,0.3333333333333333,2,2,ACGGTTCACGATTAGGTTAA,0,36955
TSS_1414_storz_regulondb,0.3333333333333333,2,2,ACGGTGGGACTATTCGTAAC,0,71470
TSS_1414_storz_regulondb,0.3333333333333333,2,2,ACGGGCTTAAAACACACCGT,0,61857
TSS_1414_storz_regulondb,0.3333333333333333,2,2,ACGGCGCGGCCCCCGCAAGG,0,70617
TSS_1414_storz_regulondb,0.3333333333333333,2,2,ACGGCAAGGTTCTAAAGGGA,0,1671
TSS_1414_storz_regulondb,0.3333333333333333,2,2,ACGGATGCTACAGTGCCAGT,0,34506
TSS_1414_storz_regulondb,0.3333333333333333,2,2,ACGGATCATAAGCATCCGGC,0,16210
TSS_1414_storz_regulondb,0.3333333333333333,2,2,ACGGAACATGCAAACGTTTG,0,69690
TSS_1414_storz_regulondb,0.3333333333333333,2,2,ACGGAAATGAAGTCAAAATT,0,32775
TSS_1414_storz_regulondb,0.3333333333333333,2,2,ACGCTTCATTAGGCGTTCTA,0,64477
TSS_1414_storz_regulondb,0.3333333333333333,2,2,ACGCTCTGGGCCAAATTGTC,0,79928
TSS_1414_storz_regulondb,0.3333333333333333,2,2,ACGCTAAAACAAGTAGTATC,0,55863
TSS_1414_storz_regulondb,0.3333333333333333,2,2,ACGCGTTCAGACTCGAAAAC,0,54413
TSS_1414_storz_regulondb,0.3333333333333333,2,2,ACGCGGCGACAGTAGTCAAC,0,75552
TSS_1414_storz_regulondb,0.3333333333333333,2,2,ACGCATCACTCTTTGGATAT,0,53852
TSS_1414_storz_regulondb,0.3333333333333333,2,2,ACGCATACCATCTGCACTAA,0,69498
TSS_1414_storz_regulondb,0.3333333333333333,2,2,ACGCAGTGTCGGTCATGTTG,0,22145
TSS_1414_storz_regulondb,0.3333333333333333,2,2,ACGCAGTCTGCACTTATGTT,0,45120
TSS_1414_storz_regulondb,0.3333333333333333,2,2,ACGCACGCAGTCCGTACTGA,0,55091
TSS_1414_storz_regulondb,0.3333333333333333,2,2,ACGCACCGGGCCGATAAGAC,0,38353
TSS_1414_storz_regulondb,0.3333333333333333,2,2,ACGATCTACACACTACGGCT,0,34906
TSS_1414_storz_regulondb,0.3333333333333333,2,2,ACGATCTAACCGGAATCGGA,0,52190
TSS_1414_storz_regulondb,0.3333333333333333,2,2,ACGAGGGAGTTTTGGACAGC,0,44768
TSS_1414_storz_regulondb,0.3333333333333333,2,2,ACGAGGCAGGGTGGTAGCAA,0,55728
TSS_1414_storz_regulondb,0.3333333333333333,2,2,ACGAGATCCTTTGTGAACTT,0,54666
TSS_1414_storz_regulondb,0.3333333333333333,2,2,ACGACTTTCGGCAAACTCCA,0,80129
TSS_1414_storz_regulondb,0.3333333333333333,2,2,ACGACTATCCGATTGGTCGC,0,7359
TSS_1414_storz_regulondb,0.3333333333333333,2,2,ACGAAGCGACAATACAGGTA,0,20074
TSS_1414_storz_regulondb,0.3333333333333333,2,2,ACGAACGTCTCCTAAAGGGG,0,18934
TSS_1414_storz_regulondb,0.3333333333333333,2,2,ACGAACGTCCGCGGATCTTT,0,61822
TSS_1414_storz_regulondb,0.3333333333333333,2,2,ACCTTGCAAGTTGAAACTCC,0,2519
TSS_1414_storz_regulondb,0.3333333333333333,2,2,ACCTTGCAAATGACTGTTTG,0,34536
TSS_1414_storz_regulondb,0.3333333333333333,2,2,ACCTTAGTTGCATGATGCGA,0,4597
TSS_1414_storz_regulondb,0.3333333333333333,2,2,ACCTGGTGCCCCCATCGCAC,0,17246
TSS_1414_storz_regulondb,0.3333333333333333,2,2,ACCTGAAGCTGAGACGTCCC,0,47633
TSS_1414_storz_regulondb,0.3333333333333333,2,2,ACCTCCTTTTTCCGTCGGAT,0,19405
TSS_1414_storz_regulondb,0.3333333333333333,2,2,ACCTATTATGTTGTTATCAT,0,62399
TSS_1414_storz_regulondb,0.3333333333333333,2,2,ACCTACCCCATGTTGGTGCT,0,220
TSS_1414_storz_regulondb,0.3333333333333333,2,2,ACCTACATCGGTTAGGAAAC,0,80595
TSS_1414_storz_regulondb,0.3333333333333333,2,2,ACCGTTAGAGAGTCACTTCA,0,1418
TSS_1414_storz_regulondb,0.3333333333333333,2,2,ACCGTCTAGTGGGAATTAAT,0,54525
TSS_1414_storz_regulondb,0.3333333333333333,2,2,ACCGTCCGAGAACTCTAACT,0,22420
TSS_1414_storz_regulondb,0.3333333333333333,2,2,ACCGTACTGAGGTCCAAAGC,0,42351
TSS_1414_storz_regulondb,0.3333333333333333,2,2,ACCGGGCAAGGCTTTGCGCC,0,523
TSS_1414_storz_regulondb,0.3333333333333333,2,2,ACCGGCCTGGTTGTGCGAGG,0,73835
TSS_1414_storz_regulondb,0.3333333333333333,2,2,ACCGGACGCCAACACAACCT,0,40949
TSS_1414_storz_regulondb,0.3333333333333333,2,2,ACCGCGGTCGCGTAATACGT,0,53617
TSS_1414_storz_regulondb,0.3333333333333333,2,2,ACCGATGGGACTAATGAGCC,0,22814
TSS_1414_storz_regulondb,0.3333333333333333,2,2,ACCCTTGTGCTGCCCCAGGC,0,68697
TSS_1414_storz_regulondb,0.3333333333333333,2,2,ACCCTTACATGAGGTTGATA,0,19551
TSS_1414_storz_regulondb,0.3333333333333333,2,2,ACCCGCATGAAAAGGTAGTG,0,16014
TSS_1414_storz_regulondb,0.3333333333333333,2,2,ACCCGATCCGGGTACAGCGA,0,48241
TSS_1414_storz_regulondb,0.3333333333333333,2,2,ACCCAGGTGACGCGTGGGAT,0,10409
TSS_1414_storz_regulondb,0.3333333333333333,2,2,ACCCACTGCGTTTAATCCCT,0,51840
TSS_1414_storz_regulondb,0.3333333333333333,2,2,ACCCAAAGCCAGATGTAGTT,0,45467
TSS_1414_storz_regulondb,0.3333333333333333,2,2,ACCATGTCACAAGCGCCTGG,0,18495
TSS_1414_storz_regulondb,0.3333333333333333,2,2,ACCATAATCGCAATGCACGT,0,75278
TSS_1414_storz_regulondb,0.3333333333333333,2,2,ACCATAAAGGGGGTTCGGAG,0,13007
TSS_1414_storz_regulondb,0.3333333333333333,2,2,ACCAGTTGCGGGCTACGATG,0,43839
TSS_1414_storz_regulondb,0.3333333333333333,2,2,ACCAGAGGGAAACAGTAGAC,0,39051
TSS_1414_storz_regulondb,0.3333333333333333,2,2,ACCACCGAAAGCGGGAGAAC,0,32955
TSS_1414_storz_regulondb,0.3333333333333333,2,2,ACCAATTTTTACACTGTTAC,0,13086
TSS_1414_storz_regulondb,0.3333333333333333,2,2,ACCAATTAGGCGGGACCCCT,0,28696
TSS_1414_storz_regulondb,0.3333333333333333,2,2,ACATTCTCCCTCACGTCCGC,0,16986
TSS_1414_storz_regulondb,0.3333333333333333,2,2,ACATTAGCCAGCGTGGTCGC,0,45405
TSS_1414_storz_regulondb,0.3333333333333333,2,2,ACATCTTCACTATGGATACT,0,43572
TSS_1414_storz_regulondb,0.3333333333333333,2,2,ACATCAAACAACTGGGGCTT,0,51366
TSS_1414_storz_regulondb,0.3333333333333333,2,2,ACATATATGAGGCCGAGATG,0,54889
TSS_1414_storz_regulondb,0.3333333333333333,2,2,ACAGGGCTAAATACGGGACG,0,63384
TSS_1414_storz_regulondb,0.3333333333333333,2,2,ACAGGGATGTGGTCCAAGCG,0,31439
TSS_1414_storz_regulondb,0.3333333333333333,2,2,ACAGGGAATAAACTTTACCG,0,32515
TSS_1414_storz_regulondb,0.3333333333333333,2,2,ACAGCTACTCAGTTACACAG,0,42321
TSS_1414_storz_regulondb,0.3333333333333333,2,2,ACACGCTTACCGCTAGGTTG,0,80705
TSS_1414_storz_regulondb,0.3333333333333333,2,2,ACACGCGGTGCATCTGGGAT,0,70298
TSS_1414_storz_regulondb,0.3333333333333333,2,2,ACACCGGGGCTCTTCGAATA,0,4792
TSS_1414_storz_regulondb,0.3333333333333333,2,2,ACACCGAAGTAGGTACCTAT,0,69183
TSS_1414_storz_regulondb,0.3333333333333333,2,2,ACACCCTTCTTACAACTCCA,0,73545
TSS_1414_storz_regulondb,0.3333333333333333,2,2,ACACACAATGTAGTATTAGT,0,10842
TSS_1414_storz_regulondb,0.3333333333333333,2,2,ACAATTGTATTCTTATACCT,0,74692
TSS_1414_storz_regulondb,0.3333333333333333,2,2,ACAATGCTCAGGCATTGTAT,0,58302
TSS_1414_storz_regulondb,0.3333333333333333,2,2,ACAAGTCGTTGGGAGGTAGA,0,18047
TSS_1414_storz_regulondb,0.3333333333333333,2,2,ACAAGGACCCCAGTACCCCC,0,16719
TSS_1414_storz_regulondb,0.3333333333333333,2,2,ACAAGCTGGTGCCAGACAGT,0,57839
TSS_1414_storz_regulondb,0.3333333333333333,2,2,ACAAGCCTAGAAAAACTTAG,0,28554
TSS_1414_storz_regulondb,0.3333333333333333,2,2,ACAACTCGCCGCAATTTATT,0,41949
TSS_1414_storz_regulondb,0.3333333333333333,2,2,ACAACACTCTTAGAAGTCGC,0,9584
TSS_1414_storz_regulondb,0.3333333333333333,2,2,ACAAATTGTAGGTATAGTCC,0,22251
TSS_1414_storz_regulondb,0.3333333333333333,2,2,ACAAATTGGTAGAGTGGTCT,0,61353
TSS_1414_storz_regulondb,0.3333333333333333,2,2,ACAAATGACGCGGATGCGAT,0,16478
TSS_1414_storz_regulondb,0.3333333333333333,2,2,ACAAAGAGGTGCGAACCTCG,0,65492
TSS_1414_storz_regulondb,0.3333333333333333,2,2,ACAAACACTGGTGCAACGCT,0,32371
TSS_1414_storz_regulondb,0.3333333333333333,2,2,AATTGTGCTAGATTGTCTCT,0,7990
TSS_1414_storz_regulondb,0.3333333333333333,2,2,AATTGGTTAGGAGTTTAGCA,0,35702
TSS_1414_storz_regulondb,0.3333333333333333,2,2,AATTGCGCTCAGAAGCACTG,0,75772
TSS_1414_storz_regulondb,0.3333333333333333,2,2,AATTGCCTATGCATAGGGTG,0,58785
TSS_1414_storz_regulondb,0.3333333333333333,2,2,AATTCTGTACGTCTACCCAG,0,33261
TSS_1414_storz_regulondb,0.3333333333333333,2,2,AATTCTGGGGTGGAAGTCGT,0,53538
TSS_1414_storz_regulondb,0.3333333333333333,2,2,AATTCGCAGGTCAACAGTAT,0,77954
TSS_1414_storz_regulondb,0.3333333333333333,2,2,AATTCAGGCTAAAAGATTTT,0,63220
TSS_1414_storz_regulondb,0.3333333333333333,2,2,AATTATAGGGTGAGCCCATG,0,62219
TSS_1414_storz_regulondb,0.3333333333333333,2,2,AATTAGGTCATGGATTGATA,0,60598
TSS_1414_storz_regulondb,0.3333333333333333,2,2,AATTACACGCTTTTCCCTGC,0,12809
TSS_1414_storz_regulondb,0.3333333333333333,2,2,AATGTTATACGAATAGAGAT,0,10106
TSS_1414_storz_regulondb,0.3333333333333333,2,2,AATGGGTGCCCACAAAGGTA,0,71894
TSS_1414_storz_regulondb,0.3333333333333333,2,2,AATGGGTCGGGAGCCCCTGA,0,5952
TSS_1414_storz_regulondb,0.3333333333333333,2,2,AATGGGGAGATAGAATCGCA,0,60883
TSS_1414_storz_regulondb,0.3333333333333333,2,2,AATGGATTCCAAGTTACCTG,0,52417
TSS_1414_storz_regulondb,0.3333333333333333,2,2,AATGCTAACATTGTTTCTTA,0,25269
TSS_1414_storz_regulondb,0.3333333333333333,2,2,AATGAGCCAGGTATACCGTT,0,46157
TSS_1414_storz_regulondb,0.3333333333333333,2,2,AATGAGAATAATCTGAGAGA,0,61866
TSS_1414_storz_regulondb,0.3333333333333333,2,2,AATCTGCTGTGATCGGTGTA,0,29196
TSS_1414_storz_regulondb,0.3333333333333333,2,2,AATCTCCCATACTAGCCTCG,0,29991
TSS_1414_storz_regulondb,0.3333333333333333,2,2,AATCGCGCATTCGAACGTAT,0,65432
TSS_1414_storz_regulondb,0.3333333333333333,2,2,AATCGATGCCCAGGGCCGGA,0,52138
TSS_1414_storz_regulondb,0.3333333333333333,2,2,AATCCATTGGACCTAATGCT,0,35096
TSS_1414_storz_regulondb,0.3333333333333333,2,2,AATCATTCCCAGGGCAGTTT,0,51442
TSS_1414_storz_regulondb,0.3333333333333333,2,2,AATCATAGTCCGAATTGCCA,0,33387
TSS_1414_storz_regulondb,0.3333333333333333,2,2,AATATTAAGGGACCTGGGTA,0,79331
TSS_1414_storz_regulondb,0.3333333333333333,2,2,AATATGGGTCAGCGGTTAAA,0,19059
TSS_1414_storz_regulondb,0.3333333333333333,2,2,AATATCGTGTCGGGCTTCCA,0,24674
TSS_1414_storz_regulondb,0.3333333333333333,2,2,AATATAGTTCCCCCAAATAT,0,23186
TSS_1414_storz_regulondb,0.3333333333333333,2,2,AATAGTGTACTTCTATGCAA,0,10956
TSS_1414_storz_regulondb,0.3333333333333333,2,2,AATAGTCACGTCTACTCGGT,0,46222
TSS_1414_storz_regulondb,0.3333333333333333,2,2,AATAGCGATTGTAAGCCGTT,0,40144
TSS_1414_storz_regulondb,0.3333333333333333,2,2,AATAGCCGAAGAATAGTAGT,0,51870
TSS_1414_storz_regulondb,0.3333333333333333,2,2,AATACATAAGCTGTCTTTAT,0,71260
TSS_1414_storz_regulondb,0.3333333333333333,2,2,AATACACTTAACGCCTTCAC,0,78908
TSS_1414_storz_regulondb,0.3333333333333333,2,2,AATAATCTCAGGGCGTGTTA,0,9655
TSS_1414_storz_regulondb,0.3333333333333333,2,2,AATAATAATAGATTAACAGT,0,45738
TSS_1414_storz_regulondb,0.3333333333333333,2,2,AATAAGTAACTTGCAAAATT,0,56706
TSS_1414_storz_regulondb,0.3333333333333333,2,2,AATAAGGCGGTCGAAAGGGT,0,48555
TSS_1414_storz_regulondb,0.3333333333333333,2,2,AATAACTGTGCTCGGTGGCA,0,31562
TSS_1414_storz_regulondb,0.3333333333333333,2,2,AATAAAGTTCGACGACATCA,0,3979
TSS_1414_storz_regulondb,0.3333333333333333,2,2,AAGTTGCCGGAAATAAACGT,0,53760
TSS_1414_storz_regulondb,0.3333333333333333,2,2,AAGTGAGACTTCGATTTGCG,0,39224
TSS_1414_storz_regulondb,0.3333333333333333,2,2,AAGTCTTCGCTGTCACAGAA,0,15938
TSS_1414_storz_regulondb,0.3333333333333333,2,2,AAGTCGGTCCATTTTGCTGG,0,59910
TSS_1414_storz_regulondb,0.3333333333333333,2,2,AAGTCGCTGTCAGACAATGC,0,57999
TSS_1414_storz_regulondb,0.3333333333333333,2,2,AAGTAAATAGTGACGCCTTA,0,43086
TSS_1414_storz_regulondb,0.3333333333333333,2,2,AAGGTTCACTCAAATTTTGT,0,33376
TSS_1414_storz_regulondb,0.3333333333333333,2,2,AAGGTCAGGGCAATGTGTCC,0,63444
TSS_1414_storz_regulondb,0.3333333333333333,2,2,AAGGGCCCGGCAGTTCTGTA,0,55198
TSS_1414_storz_regulondb,0.3333333333333333,2,2,AAGGCGGTTCCGGGAAATCA,0,20815
TSS_1414_storz_regulondb,0.3333333333333333,2,2,AAGGCAAGGACGTCATGTCA,0,22004
TSS_1414_storz_regulondb,0.3333333333333333,2,2,AAGGACTGGCGCGGCAAAAA,0,3546
TSS_1414_storz_regulondb,0.3333333333333333,2,2,AAGCTGTGCGTTGGGGTCGT,0,74821
TSS_1414_storz_regulondb,0.3333333333333333,2,2,AAGCTGCAGCGAGCTTCTCA,0,51582
TSS_1414_storz_regulondb,0.3333333333333333,2,2,AAGCTGAGCGTAGTGGTTGT,0,44653
TSS_1414_storz_regulondb,0.3333333333333333,2,2,AAGCGTCGGTCGCCCCGTTG,0,9185
TSS_1414_storz_regulondb,0.3333333333333333,2,2,AAGCCTTTGACAGCGAAGTC,0,466
TSS_1414_storz_regulondb,0.3333333333333333,2,2,AAGCCATTTTGTGAGATAGG,0,40541
TSS_1414_storz_regulondb,0.3333333333333333,2,2,AAGCATTTCAACGGAGGACA,0,55423
TSS_1414_storz_regulondb,0.3333333333333333,2,2,AAGCATAGGACTTGACTTAA,0,48223
TSS_1414_storz_regulondb,0.3333333333333333,2,2,AAGCAAAGTAGTACAGGCCT,0,65173
TSS_1414_storz_regulondb,0.3333333333333333,2,2,AAGATTGCTGCTATTTGGGA,0,53128
TSS_1414_storz_regulondb,0.3333333333333333,2,2,AAGATGGTCCCGCGCGATTT,0,27967
TSS_1414_storz_regulondb,0.3333333333333333,2,2,AAGACTGACCTTGGGTGGCC,0,28075
TSS_1414_storz_regulondb,0.3333333333333333,2,2,AAGACGTGGGCTTAATCCTA,0,71118
TSS_1414_storz_regulondb,0.3333333333333333,2,2,AAGACGCATGAGTTCAGATA,0,58895
TSS_1414_storz_regulondb,0.3333333333333333,2,2,AAGACCGTCCCGGGATAATG,0,44676
TSS_1414_storz_regulondb,0.3333333333333333,2,2,AAGACAAGGTTCTAGGCGCA,0,78564
TSS_1414_storz_regulondb,0.3333333333333333,2,2,AACTTGGGGACACTCTTTCA,0,64392
TSS_1414_storz_regulondb,0.3333333333333333,2,2,AACTGGCGGATACGCCCGCG,0,62806
TSS_1414_storz_regulondb,0.3333333333333333,2,2,AACTGCCTGCTACTATGCAA,0,51086
TSS_1414_storz_regulondb,0.3333333333333333,2,2,AACTGCACGTCGCCTAAGCC,0,12860
TSS_1414_storz_regulondb,0.3333333333333333,2,2,AACTGAACATTACCGGCATC,0,12522
TSS_1414_storz_regulondb,0.3333333333333333,2,2,AACTCGTGAGTCCCGTTAAT,0,39626
TSS_1414_storz_regulondb,0.3333333333333333,2,2,AACTCGGAATTTATCCCTTT,0,60264
TSS_1414_storz_regulondb,0.3333333333333333,2,2,AACTATAGGGTCCTCGCCTT,0,54733
TSS_1414_storz_regulondb,0.3333333333333333,2,2,AACGTGGTACGCGTCAGGCC,0,12355
TSS_1414_storz_regulondb,0.3333333333333333,2,2,AACGGTTTAACCCCTGTTCA,0,32604
TSS_1414_storz_regulondb,0.3333333333333333,2,2,AACGGGTTTCAACTCCAGGT,0,57261
TSS_1414_storz_regulondb,0.3333333333333333,2,2,AACGGACGGGAATTGCTCCT,0,41951
TSS_1414_storz_regulondb,0.3333333333333333,2,2,AACGCGCTCCGTGTAAATCA,0,62564
TSS_1414_storz_regulondb,0.3333333333333333,2,2,AACGCCGTTCGGCCAGTCTG,0,80693
TSS_1414_storz_regulondb,0.3333333333333333,2,2,AACGCCATGCGTGTATTCTT,0,16620
TSS_1414_storz_regulondb,0.3333333333333333,2,2,AACGATGAGCAGATCCGCCC,0,71686
TSS_1414_storz_regulondb,0.3333333333333333,2,2,AACGACGATTGGGCTGGGTA,0,59859
TSS_1414_storz_regulondb,0.3333333333333333,2,2,AACCGCTCCTGGCTAAGCTG,0,50163
TSS_1414_storz_regulondb,0.3333333333333333,2,2,AACCGATCCGGGCCATTAAT,0,78589
TSS_1414_storz_regulondb,0.3333333333333333,2,2,AACCCTAGTCCTTTTCTACA,0,74940
TSS_1414_storz_regulondb,0.3333333333333333,2,2,AACCCGTCCTCTACGTTCCC,0,63833
TSS_1414_storz_regulondb,0.3333333333333333,2,2,AACCCAGATTTCTACTCAGT,0,73054
TSS_1414_storz_regulondb,0.3333333333333333,2,2,AACCATTCTTACCGACTCCG,0,76841
TSS_1414_storz_regulondb,0.3333333333333333,2,2,AACATACCAGCCTCACATAG,0,46820
TSS_1414_storz_regulondb,0.3333333333333333,2,2,AACAGTTCTGAGGCGCATTA,0,10855
TSS_1414_storz_regulondb,0.3333333333333333,2,2,AACAGTATCACGATACCCAA,0,51447
TSS_1414_storz_regulondb,0.3333333333333333,2,2,AACAGATGTTTTACAGCGCT,0,7048
TSS_1414_storz_regulondb,0.3333333333333333,2,2,AACAGAGCGCCACGCAGTGC,0,28486
TSS_1414_storz_regulondb,0.3333333333333333,2,2,AACAACCAACGTGTCCCTAA,0,57858
TSS_1414_storz_regulondb,0.3333333333333333,2,2,AACAAATGGACGCGCGTCTG,0,7845
TSS_1414_storz_regulondb,0.3333333333333333,2,2,AAATTGTTTTCGGTCCTGCT,0,58146
TSS_1414_storz_regulondb,0.3333333333333333,2,2,AAATGTGTCATTTTAATTCG,0,53746
TSS_1414_storz_regulondb,0.3333333333333333,2,2,AAATGGTGATTTCTCCAGGC,0,666
TSS_1414_storz_regulondb,0.3333333333333333,2,2,AAATGCCAACTTCTGTTATA,0,17179
TSS_1414_storz_regulondb,0.3333333333333333,2,2,AAATCTGTATGATGTCAGAT,0,8139
TSS_1414_storz_regulondb,0.3333333333333333,2,2,AAATCGTAGATTCATCGTTG,0,36178
TSS_1414_storz_regulondb,0.3333333333333333,2,2,AAATCGGCCGGTCCGGGTCA,0,25675
TSS_1414_storz_regulondb,0.3333333333333333,2,2,AAATCGGACATTATAAGGCA,0,50324
TSS_1414_storz_regulondb,0.3333333333333333,2,2,AAATCGAGCAGGTTCGTTAC,0,74565
TSS_1414_storz_regulondb,0.3333333333333333,2,2,AAATACTAGACCTTACCGTT,0,22822
TSS_1414_storz_regulondb,0.3333333333333333,2,2,AAAGTGCAACCCAATTTCAC,0,72563
TSS_1414_storz_regulondb,0.3333333333333333,2,2,AAAGTGAGCCGTCGAAAACG,0,30421
TSS_1414_storz_regulondb,0.3333333333333333,2,2,AAAGTGAAAAAGATATTAAA,0,32997
TSS_1414_storz_regulondb,0.3333333333333333,2,2,AAAGTACCTATTTAGTTATA,0,24237
TSS_1414_storz_regulondb,0.3333333333333333,2,2,AAAGGTCACAACACAAGCAG,0,56390
TSS_1414_storz_regulondb,0.3333333333333333,2,2,AAAGCTTGTGGTATAGTTGC,0,76172
TSS_1414_storz_regulondb,0.3333333333333333,2,2,AAAGCGAACCAAATTCGGGG,0,50278
TSS_1414_storz_regulondb,0.3333333333333333,2,2,AAAGCACCTCGCGTTTATAA,0,21925
TSS_1414_storz_regulondb,0.3333333333333333,2,2,AAAGATGGCACGCTGCAGGT,0,47819
TSS_1414_storz_regulondb,0.3333333333333333,2,2,AAAGATAGCTTCGTTTTTGG,0,74153
TSS_1414_storz_regulondb,0.3333333333333333,2,2,AAAGAGTACTAACATACATT,0,20270
TSS_1414_storz_regulondb,0.3333333333333333,2,2,AAACTGCGAAGCAAGAGTCA,0,30158
TSS_1414_storz_regulondb,0.3333333333333333,2,2,AAACTCGCAGGTCACTCGCT,0,68988
TSS_1414_storz_regulondb,0.3333333333333333,2,2,AAACTATCAGGGTAGTATCT,0,67327
TSS_1414_storz_regulondb,0.3333333333333333,2,2,AAACTACACGTACCCGGGCC,0,42327
TSS_1414_storz_regulondb,0.3333333333333333,2,2,AAACGGAGACGGATTTCTGG,0,5044
TSS_1414_storz_regulondb,0.3333333333333333,2,2,AAACGCTTAAGTAGTGGACT,0,72261
TSS_1414_storz_regulondb,0.3333333333333333,2,2,AAACCTCGCGACACGAGGGT,0,4519
TSS_1414_storz_regulondb,0.3333333333333333,2,2,AAACCGGAGACGGACCGAGT,0,32865
TSS_1414_storz_regulondb,0.3333333333333333,2,2,AAACATGAGGTCTCCATAAT,0,26280
TSS_1414_storz_regulondb,0.3333333333333333,2,2,AAACAGAGTATTACGATGTT,0,12527
TSS_1414_storz_regulondb,0.3333333333333333,2,2,AAACAATACGAACATCTCAA,0,35667
TSS_1414_storz_regulondb,0.3333333333333333,2,2,AAACAAGTTTGTTTCACTAC,0,55235
TSS_1414_storz_regulondb,0.3333333333333333,2,2,AAAATTCTGAACATTAAGCC,0,59493
TSS_1414_storz_regulondb,0.3333333333333333,2,2,AAAATTATGCCAGGCTGTGT,0,24889
TSS_1414_storz_regulondb,0.3333333333333333,2,2,AAAATGATGGACAAAGAACA,0,67548
TSS_1414_storz_regulondb,0.3333333333333333,2,2,AAAATCGGCGTCCATCACGG,0,29603
TSS_1414_storz_regulondb,0.3333333333333333,2,2,AAAATATTCAAAAACTAGAT,0,3093
TSS_1414_storz_regulondb,0.3333333333333333,2,2,AAAATAGCTGGAAGACATTA,0,15789
TSS_1414_storz_regulondb,0.3333333333333333,2,2,AAAACCTACGGTCGTTTCCA,0,56367
TSS_1414_storz_regulondb,0.3333333333333333,2,2,AAAAATTGTTGCGTACCACT,0,245
TSS_1414_storz_regulondb,0.3333333333333333,2,2,AAAAATGTTGCAACGAAGCG,0,63403
TSS_1414_storz_regulondb,0.5,1,1,TTTTTTAGTGGGACCTGAGT,0,18321
TSS_1414_storz_regulondb,0.5,1,1,TTTTTCGAAGAAATTTTTCC,0,74043
TSS_1414_storz_regulondb,0.5,1,1,TTTTGTTCCCCACTCCTCTT,0,51122
TSS_1414_storz_regulondb,0.5,1,1,TTTTCTGGAATCGGGGTTCT,0,55668
TSS_1414_storz_regulondb,0.5,1,1,TTTTCGGCGCATCATTTAAA,0,4219
TSS_1414_storz_regulondb,0.5,1,1,TTTTCCGATCTAGGGTTGTT,0,64430
TSS_1414_storz_regulondb,0.5,1,1,TTTTCATAACTTATAGTGGC,0,38554
TSS_1414_storz_regulondb,0.5,1,1,TTTTATGCAATGATTTATGA,0,36752
TSS_1414_storz_regulondb,0.5,1,1,TTTTAGACGGCGCCCAGTAG,0,10364
TSS_1414_storz_regulondb,0.5,1,1,TTTTACTGGGTCATTAAAGG,0,46075
TSS_1414_storz_regulondb,0.5,1,1,TTTGTGCAGAAGTATTACAC,0,59095
TSS_1414_storz_regulondb,0.5,1,1,TTTGTCCTTAATGGGATTAC,0,5796
TSS_1414_storz_regulondb,0.5,1,1,TTTGTAATAACCGTTCAACT,0,20705
TSS_1414_storz_regulondb,0.5,1,1,TTTGGTTAGTCTATGGTTAC,0,67429
TSS_1414_storz_regulondb,0.5,1,1,TTTGGCAGCGTAGACCGCTT,0,53723
TSS_1414_storz_regulondb,0.5,1,1,TTTGCTTGGCCCGTATGACT,0,10401
TSS_1414_storz_regulondb,0.5,1,1,TTTGCCGTATCGATCGGTTT,0,5474
TSS_1414_storz_regulondb,0.5,1,1,TTTGCCGGCAGCCGAGTCCG,0,41108
TSS_1414_storz_regulondb,0.5,1,1,TTTGCCAGCGCGAAGGGGAA,0,43011
TSS_1414_storz_regulondb,0.5,1,1,TTTGCACTATTCCAGGTCGG,0,53420
TSS_1414_storz_regulondb,0.5,1,1,TTTGCACATTAGGTATGCGT,0,7239
TSS_1414_storz_regulondb,0.5,1,1,TTTGCAACGTTTGGCTCTCC,0,37773
TSS_1414_storz_regulondb,0.5,1,1,TTTGATTATTCTTCGTCAAA,0,37138
TSS_1414_storz_regulondb,0.5,1,1,TTTGAGGGGCCACAATTAAA,0,47006
TSS_1414_storz_regulondb,0.5,1,1,TTTGAGGCAGAACTGAGGGT,0,58525
TSS_1414_storz_regulondb,0.5,1,1,TTTGAATGTCTCCGTTGAAG,0,21813
TSS_1414_storz_regulondb,0.5,1,1,TTTCTGTGGACGAAAAAGAT,0,17721
TSS_1414_storz_regulondb,0.5,1,1,TTTCTGGCAATGTAACCTGC,0,79183
TSS_1414_storz_regulondb,0.5,1,1,TTTCTGGCAAACAGACCTTG,0,72759
TSS_1414_storz_regulondb,0.5,1,1,TTTCTCGCTCGTACTCGGCG,0,4117
TSS_1414_storz_regulondb,0.5,1,1,TTTCGGTTTTCAAGCAGTAT,0,14607
TSS_1414_storz_regulondb,0.5,1,1,TTTCGGCCAACAGCCCGCAA,0,60190
TSS_1414_storz_regulondb,0.5,1,1,TTTCGAGTATTTTTATTCGA,0,22985
TSS_1414_storz_regulondb,0.5,1,1,TTTCATTGGGCTAAGTAGAA,0,29933
TSS_1414_storz_regulondb,0.5,1,1,TTTCAGGTTATAGAGGTAAT,0,9480
TSS_1414_storz_regulondb,0.5,1,1,TTTCAGGCGTTTATGGTGGG,0,60678
TSS_1414_storz_regulondb,0.5,1,1,TTTCACGTTCCTCATTATTG,0,42381
TSS_1414_storz_regulondb,0.5,1,1,TTTCAATGATATGACCTTGC,0,70971
TSS_1414_storz_regulondb,0.5,1,1,TTTATTCATCCATCTCTCGG,0,75680
TSS_1414_storz_regulondb,0.5,1,1,TTTATTACGGGGCAGGCTTG,0,64342
TSS_1414_storz_regulondb,0.5,1,1,TTTATCGGGTCGATACACGT,0,63294
TSS_1414_storz_regulondb,0.5,1,1,TTTATAGCTCACAGCAAGAG,0,51628
TSS_1414_storz_regulondb,0.5,1,1,TTTAGGAAGTTCCTTATTTC,0,58747
TSS_1414_storz_regulondb,0.5,1,1,TTTACTGATCAGTACCGAAC,0,52900
TSS_1414_storz_regulondb,0.5,1,1,TTTACTAGAAGATGGTTTTA,0,24648
TSS_1414_storz_regulondb,0.5,1,1,TTTACGTTTCCGCTTCAAGT,0,40328
TSS_1414_storz_regulondb,0.5,1,1,TTTACGATACGAGGTGGGGT,0,25232
TSS_1414_storz_regulondb,0.5,1,1,TTTACCCACCGTTTCCTTAG,0,1864
TSS_1414_storz_regulondb,0.5,1,1,TTTACAATTGCAACAGGGAT,0,19663
TSS_1414_storz_regulondb,0.5,1,1,TTTAAGCACGTCAGCCCTGA,0,76265
TSS_1414_storz_regulondb,0.5,1,1,TTTAACGTTACTTGCTTTGG,0,26889
TSS_1414_storz_regulondb,0.5,1,1,TTGTTAGGCAGTTCTTTAGC,0,54110
TSS_1414_storz_regulondb,0.5,1,1,TTGTGTAAGTGGTAAGACCC,0,40510
TSS_1414_storz_regulondb,0.5,1,1,TTGTGCTGGTTATGGCTAGA,0,38437
TSS_1414_storz_regulondb,0.5,1,1,TTGTGCACAAGAATGCAAAT,0,80072
TSS_1414_storz_regulondb,0.5,1,1,TTGTGAAATTAAGTTTGTAG,0,39712
TSS_1414_storz_regulondb,0.5,1,1,TTGTGAAATGACAAGCCGGA,0,2271
TSS_1414_storz_regulondb,0.5,1,1,TTGTCTCGTACTACTCCAAA,0,28546
TSS_1414_storz_regulondb,0.5,1,1,TTGTCTATCAGTGGCGTCAC,0,70102
TSS_1414_storz_regulondb,0.5,1,1,TTGTCGGAGAAAATCTCATG,0,71727
TSS_1414_storz_regulondb,0.5,1,1,TTGTATTCGCTGAAGAGTAT,0,11574
TSS_1414_storz_regulondb,0.5,1,1,TTGTACGTGCCGATCTGTTT,0,80557
TSS_1414_storz_regulondb,0.5,1,1,TTGGTTTTGGTTAATGCGGT,0,64182
TSS_1414_storz_regulondb,0.5,1,1,TTGGTGTATGCCTCAAGTTC,0,52241
TSS_1414_storz_regulondb,0.5,1,1,TTGGTCCCACGATAGTTTTT,0,74304
TSS_1414_storz_regulondb,0.5,1,1,TTGGTCACCCATTAATCCGT,0,73688
TSS_1414_storz_regulondb,0.5,1,1,TTGGGCTCAGCGAAGAACAC,0,43977
TSS_1414_storz_regulondb,0.5,1,1,TTGGGAATCATCCCTCTATA,0,57448
TSS_1414_storz_regulondb,0.5,1,1,TTGGCGAGTCGGACACAGGT,0,26310
TSS_1414_storz_regulondb,0.5,1,1,TTGGCAGTGACTACCATAGT,0,28393
TSS_1414_storz_regulondb,0.5,1,1,TTGCTGTAATCGCCATAGCT,0,47390
TSS_1414_storz_regulondb,0.5,1,1,TTGCTGCGCTGGGACCGAAT,0,49318
TSS_1414_storz_regulondb,0.5,1,1,TTGCTCATGAAGACCAGTGG,0,595
TSS_1414_storz_regulondb,0.5,1,1,TTGCGGGCAATTGTTTCAAG,0,35944
TSS_1414_storz_regulondb,0.5,1,1,TTGCGCGCACCGTGCTGCAT,0,71646
TSS_1414_storz_regulondb,0.5,1,1,TTGCGCAGAACTCTCAGCTC,0,80298
TSS_1414_storz_regulondb,0.5,1,1,TTGCGACAAAATTCTGCAAG,0,61162
TSS_1414_storz_regulondb,0.5,1,1,TTGCCGTGGAGTGTCTGAGA,0,153
TSS_1414_storz_regulondb,0.5,1,1,TTGCCGTGCCTGGCTAAGAG,0,24670
TSS_1414_storz_regulondb,0.5,1,1,TTGCCCGCGCGCCCGCTAGC,0,74363
TSS_1414_storz_regulondb,0.5,1,1,TTGCCATTGGTTTGAGCTGC,0,35189
TSS_1414_storz_regulondb,0.5,1,1,TTGCATATAATGGCGTCGCA,0,73085
TSS_1414_storz_regulondb,0.5,1,1,TTGCAGTCGATTACTCAAAG,0,63610
TSS_1414_storz_regulondb,0.5,1,1,TTGATGCGCCTCATAAGAGC,0,55484
TSS_1414_storz_regulondb,0.5,1,1,TTGATCTCCGTTTAGGTATC,0,56919
TSS_1414_storz_regulondb,0.5,1,1,TTGATAAGATCTCGCCTTTG,0,69552
TSS_1414_storz_regulondb,0.5,1,1,TTGAGGTCTTTATCTTGTTA,0,25523
TSS_1414_storz_regulondb,0.5,1,1,TTGAGATGTGAGTCCGGCAA,0,63872
TSS_1414_storz_regulondb,0.5,1,1,TTGACCAGCGCTGGAAGGTC,0,70219
TSS_1414_storz_regulondb,0.5,1,1,TTGACATAGCTCGTCGGTTT,0,77437
TSS_1414_storz_regulondb,0.5,1,1,TTGACAACTTGTCATCGACT,0,65379
TSS_1414_storz_regulondb,0.5,1,1,TTGAAGGCCGGCCTATCGCG,0,22245
TSS_1414_storz_regulondb,0.5,1,1,TTCTTTCTTTGCCCGAGTAG,0,61072
TSS_1414_storz_regulondb,0.5,1,1,TTCTTTCTTACTCGTAGAAT,0,41406
TSS_1414_storz_regulondb,0.5,1,1,TTCTGGCTTGCCTATTTGTC,0,51634
TSS_1414_storz_regulondb,0.5,1,1,TTCTCCTCTCCTGGGCTGTG,0,24442
TSS_1414_storz_regulondb,0.5,1,1,TTCTACGACAAACCAAGCCA,0,48246
TSS_1414_storz_regulondb,0.5,1,1,TTCTACAACATATAGTCAAT,0,19812
TSS_1414_storz_regulondb,0.5,1,1,TTCTAAGTAGGAAACTATGT,0,31835
TSS_1414_storz_regulondb,0.5,1,1,TTCTAACGAAGGGAGGCCGG,0,39182
TSS_1414_storz_regulondb,0.5,1,1,TTCGTTTCCACCGAGATTAG,0,61025
TSS_1414_storz_regulondb,0.5,1,1,TTCGTTGAAATGCACAAGGA,0,12179
TSS_1414_storz_regulondb,0.5,1,1,TTCGTTCCTCGACATCAGGA,0,44310
TSS_1414_storz_regulondb,0.5,1,1,TTCGTTAAAGAAGGGGTTAT,0,11360
TSS_1414_storz_regulondb,0.5,1,1,TTCGTCCGTGCGCGTAACTT,0,23088
TSS_1414_storz_regulondb,0.5,1,1,TTCGGTGCGGAGTCTTATGA,0,31204
TSS_1414_storz_regulondb,0.5,1,1,TTCGGATCGTCAACAGGCCA,0,36654
TSS_1414_storz_regulondb,0.5,1,1,TTCGGACACTAAAAACGTAG,0,20057
TSS_1414_storz_regulondb,0.5,1,1,TTCGCAACGGCTTCGGACCT,0,21306
TSS_1414_storz_regulondb,0.5,1,1,TTCGAGGACCGAATTTTGTA,0,56001
TSS_1414_storz_regulondb,0.5,1,1,TTCCTTTGGAAAAGATACAA,0,58814
TSS_1414_storz_regulondb,0.5,1,1,TTCCGGTCTGTTGCCACGCG,0,28140
TSS_1414_storz_regulondb,0.5,1,1,TTCCGGGCTGCCAACCGACG,0,48399
TSS_1414_storz_regulondb,0.5,1,1,TTCCGCTTAATTGCCCGTTG,0,58991
TSS_1414_storz_regulondb,0.5,1,1,TTCCCGGCTGGCGCAGACCT,0,13150
TSS_1414_storz_regulondb,0.5,1,1,TTCCCCGGACTGGTTTGCAT,0,28957
TSS_1414_storz_regulondb,0.5,1,1,TTCCAGGCCTTTGAATTGGA,0,37585
TSS_1414_storz_regulondb,0.5,1,1,TTCCACGACTCTGCATGTTA,0,60464
TSS_1414_storz_regulondb,0.5,1,1,TTCCAATTCCAGCACATAGT,0,30451
TSS_1414_storz_regulondb,0.5,1,1,TTCCAAATCAAGATTGAAGC,0,48432
TSS_1414_storz_regulondb,0.5,1,1,TTCCAAAGGCTCCGCACCTA,0,7508
TSS_1414_storz_regulondb,0.5,1,1,TTCATGATCGGCCTATGACC,0,11792
TSS_1414_storz_regulondb,0.5,1,1,TTCATGATATACATACTTAC,0,53043
TSS_1414_storz_regulondb,0.5,1,1,TTCATCAGCGCGTTTATCGC,0,76283
TSS_1414_storz_regulondb,0.5,1,1,TTCATACTTGAAAATAAACA,0,25917
TSS_1414_storz_regulondb,0.5,1,1,TTCAGCGTGCATTGCTGTCA,0,28659
TSS_1414_storz_regulondb,0.5,1,1,TTCAGCGTATATATATCAGC,0,48002
TSS_1414_storz_regulondb,0.5,1,1,TTCACTACAGCTGGTGGATG,0,41651
TSS_1414_storz_regulondb,0.5,1,1,TTCACAATGGGCTTCGACTG,0,77260
TSS_1414_storz_regulondb,0.5,1,1,TTCAATATTATATATCATAT,0,41774
TSS_1414_storz_regulondb,0.5,1,1,TTCAAGATGAGCGCCGGCAT,0,5743
TSS_1414_storz_regulondb,0.5,1,1,TTCAACTATACTGGACGCGG,0,65733
TSS_1414_storz_regulondb,0.5,1,1,TTCAACGATAATGGCAGCGT,0,48714
TSS_1414_storz_regulondb,0.5,1,1,TTCAACCCCGGTCTTCGTTA,0,13324
TSS_1414_storz_regulondb,0.5,1,1,TTCAAAGAAATCTATGCTAA,0,52696
TSS_1414_storz_regulondb,0.5,1,1,TTCAAAACTCCTACGACTTG,0,54542
TSS_1414_storz_regulondb,0.5,1,1,TTATTGAGTCGCAGGGCGGG,0,707
TSS_1414_storz_regulondb,0.5,1,1,TTATTATACAAGTAGATCCG,0,38235
TSS_1414_storz_regulondb,0.5,1,1,TTATCGAGGTGTTTCGGAGA,0,40380
TSS_1414_storz_regulondb,0.5,1,1,TTATCGAGAATTTAAGGACA,0,76650
TSS_1414_storz_regulondb,0.5,1,1,TTATCCGGGAGTGTTGGTGG,0,1620
TSS_1414_storz_regulondb,0.5,1,1,TTATCACAGGGGTATGTACA,0,16015
TSS_1414_storz_regulondb,0.5,1,1,TTATATCGGTTCAACGTGTA,0,542
TSS_1414_storz_regulondb,0.5,1,1,TTATAACAGTGGTCAAGTCA,0,51559
TSS_1414_storz_regulondb,0.5,1,1,TTATAAAAGCTAGCCGGGCA,0,49166
TSS_1414_storz_regulondb,0.5,1,1,TTAGTTCACCACTGTTCGAA,0,49578
TSS_1414_storz_regulondb,0.5,1,1,TTAGTGCTCACACGGATCTG,0,70841
TSS_1414_storz_regulondb,0.5,1,1,TTAGTGCGTATATTAGCGAG,0,21283
TSS_1414_storz_regulondb,0.5,1,1,TTAGGCCCAGTCTGTGCGCA,0,22451
TSS_1414_storz_regulondb,0.5,1,1,TTAGGCAAACGGGTCAGATA,0,56145
TSS_1414_storz_regulondb,0.5,1,1,TTAGCATGTCGTTTCGTCAC,0,27042
TSS_1414_storz_regulondb,0.5,1,1,TTAGACAGTATTAACATCAC,0,11333
TSS_1414_storz_regulondb,0.5,1,1,TTAGACAAAGTTACCGAAGA,0,53231
TSS_1414_storz_regulondb,0.5,1,1,TTACTTTTGTTCCGGGGCGC,0,75500
TSS_1414_storz_regulondb,0.5,1,1,TTACTTGGTCTCTTTTTGGT,0,57290
TSS_1414_storz_regulondb,0.5,1,1,TTACTCTTCTCGCCTTTTTA,0,7
TSS_1414_storz_regulondb,0.5,1,1,TTACTCGTACGAGCTTGTAC,0,45674
TSS_1414_storz_regulondb,0.5,1,1,TTACTCATTTCCTGGTGGCT,0,51943
TSS_1414_storz_regulondb,0.5,1,1,TTACTAACTTCGGCGGGTGC,0,65205
TSS_1414_storz_regulondb,0.5,1,1,TTACGTCTCGTCACACTGCC,0,64168
TSS_1414_storz_regulondb,0.5,1,1,TTACGGTCTGCTTAATCTCT,0,1811
TSS_1414_storz_regulondb,0.5,1,1,TTACCGTTTTGTTAAACTTT,0,11713
TSS_1414_storz_regulondb,0.5,1,1,TTACCGTTATGCCCGAATGG,0,72844
TSS_1414_storz_regulondb,0.5,1,1,TTACACTAAGGCCAAAGCAT,0,31398
TSS_1414_storz_regulondb,0.5,1,1,TTACACTAAATCCCCCGTCC,0,24071
TSS_1414_storz_regulondb,0.5,1,1,TTAATTTCTTCGTCTATCAC,0,3512
TSS_1414_storz_regulondb,0.5,1,1,TTAATGTGCATCGGCCGGTC,0,27365
TSS_1414_storz_regulondb,0.5,1,1,TTAATCCTCACATTCTAACC,0,15538
TSS_1414_storz_regulondb,0.5,1,1,TTAATCCCCGATTGGCGAGT,0,22237
TSS_1414_storz_regulondb,0.5,1,1,TTAATCATGTTGGGAGGTAA,0,76012
TSS_1414_storz_regulondb,0.5,1,1,TTAATATTCGGAGCTAAAGG,0,59984
TSS_1414_storz_regulondb,0.5,1,1,TTAAGTTACAAGGAACGTAG,0,22458
TSS_1414_storz_regulondb,0.5,1,1,TTAAGTACGCTTCTACGATG,0,63250
TSS_1414_storz_regulondb,0.5,1,1,TTAAGGAGTGCACTTTCTAG,0,22363
TSS_1414_storz_regulondb,0.5,1,1,TTAAGAGGCACCCCGTTAGG,0,24353
TSS_1414_storz_regulondb,0.5,1,1,TTAAGAACATTGCATCCCCG,0,63335
TSS_1414_storz_regulondb,0.5,1,1,TTAACTAGTTAGGCAAGCGC,0,5498
TSS_1414_storz_regulondb,0.5,1,1,TTAACCACGTTCGTCTGATA,0,52362
TSS_1414_storz_regulondb,0.5,1,1,TTAACAATGGCAGCAAAACT,0,45327
TSS_1414_storz_regulondb,0.5,1,1,TTAAAGTGTTAAGAGGCTAG,0,30979
TSS_1414_storz_regulondb,0.5,1,1,TTAAACGTTCAGACCGCAAG,0,37023
TSS_1414_storz_regulondb,0.5,1,1,TTAAAATTTATGCGCTCTGT,0,36621
TSS_1414_storz_regulondb,0.5,1,1,TGTTGTCTGAGTTGGACCGT,0,51054
TSS_1414_storz_regulondb,0.5,1,1,TGTTGGCATCTGGAAAATAG,0,1205
TSS_1414_storz_regulondb,0.5,1,1,TGTTGCGAAAACGTGCCGGC,0,3236
TSS_1414_storz_regulondb,0.5,1,1,TGTTCTCCACGTCTGACTGA,0,73664
TSS_1414_storz_regulondb,0.5,1,1,TGTTCTCAGTCAGCTTGAGG,0,66700
TSS_1414_storz_regulondb,0.5,1,1,TGTTCTAGGCTGGGCCACGG,0,6679
TSS_1414_storz_regulondb,0.5,1,1,TGTTCTAGGCATCCACGTAT,0,77419
TSS_1414_storz_regulondb,0.5,1,1,TGTTCTAGCGCTCCGGAAAA,0,43855
TSS_1414_storz_regulondb,0.5,1,1,TGTTCTAGCGATCCAGTCTT,0,20430
TSS_1414_storz_regulondb,0.5,1,1,TGTTCGTTGCATTAAGCACC,0,54533
TSS_1414_storz_regulondb,0.5,1,1,TGTTCGCGTCTAGTCAGGGA,0,36800
TSS_1414_storz_regulondb,0.5,1,1,TGTTCGAGTGATGGAGCCAG,0,72651
TSS_1414_storz_regulondb,0.5,1,1,TGTTCCCTTTCGGACAGGCA,0,37760
TSS_1414_storz_regulondb,0.5,1,1,TGTTCCCGTGAACCATTTGG,0,2846
TSS_1414_storz_regulondb,0.5,1,1,TGTTCCACCTTCTAAGCTTG,0,77151
TSS_1414_storz_regulondb,0.5,1,1,TGTTATCGTTTGTCTAATAG,0,32691
TSS_1414_storz_regulondb,0.5,1,1,TGTTATCGGCGGCAATCTGA,0,33290
TSS_1414_storz_regulondb,0.5,1,1,TGTTACGTCCGAGTCCATTA,0,23279
TSS_1414_storz_regulondb,0.5,1,1,TGTGTCTAATACGCCAAGTA,0,11152
TSS_1414_storz_regulondb,0.5,1,1,TGTGTAGACCAAGGCTGAAT,0,20147
TSS_1414_storz_regulondb,0.5,1,1,TGTGGGCAGAGCGAGCGGAG,0,55734
TSS_1414_storz_regulondb,0.5,1,1,TGTGGGAGCTTTCGAAGTAC,0,12124
TSS_1414_storz_regulondb,0.5,1,1,TGTGCCTGGCTATCTGGTAC,0,9987
TSS_1414_storz_regulondb,0.5,1,1,TGTGATTTGGCGCCCAGGCT,0,2605
TSS_1414_storz_regulondb,0.5,1,1,TGTGAGGGGGTCCATGGGAC,0,17256
TSS_1414_storz_regulondb,0.5,1,1,TGTGAGATTGAGTGATAAAA,0,40473
TSS_1414_storz_regulondb,0.5,1,1,TGTGACCACATAGTCAGGTT,0,13798
TSS_1414_storz_regulondb,0.5,1,1,TGTGAAAGAATTGCAAAGAT,0,76842
TSS_1414_storz_regulondb,0.5,1,1,TGTCTTGTAGAAGTGTACCA,0,29439
TSS_1414_storz_regulondb,0.5,1,1,TGTCTGGCTATAGCGCTCAA,0,11958
TSS_1414_storz_regulondb,0.5,1,1,TGTCGGATGAGGACCTCGCC,0,59257
TSS_1414_storz_regulondb,0.5,1,1,TGTCGCCGTACTTAATCTCA,0,61518
TSS_1414_storz_regulondb,0.5,1,1,TGTCGATGGGTTCATGATGT,0,745
TSS_1414_storz_regulondb,0.5,1,1,TGTCGAGATGTGACTTAAGT,0,55579
TSS_1414_storz_regulondb,0.5,1,1,TGTCGAGAATAATTAATTAG,0,66344
TSS_1414_storz_regulondb,0.5,1,1,TGTCGAATTCTTGAGGCCAA,0,52797
TSS_1414_storz_regulondb,0.5,1,1,TGTCCTTAGTCCCGTTCAGA,0,40667
TSS_1414_storz_regulondb,0.5,1,1,TGTCATAGGGAAGTACCCGC,0,56538
TSS_1414_storz_regulondb,0.5,1,1,TGTCAGTCCTCCAATGAATG,0,39995
TSS_1414_storz_regulondb,0.5,1,1,TGTCACAGTTACACTCCCAA,0,28299
TSS_1414_storz_regulondb,0.5,1,1,TGTATTTGCCGAGACATGCC,0,26517
TSS_1414_storz_regulondb,0.5,1,1,TGTAGGATAGGGAGAGCTCT,0,70601
TSS_1414_storz_regulondb,0.5,1,1,TGTAGAAGTTTTATTGAACT,0,30024
TSS_1414_storz_regulondb,0.5,1,1,TGTACCGAAAATGAAGGCTT,0,53115
TSS_1414_storz_regulondb,0.5,1,1,TGTACAGTGGCTTTAAGGGA,0,57898
TSS_1414_storz_regulondb,0.5,1,1,TGTAATATGATTTGCTACTA,0,41978
TSS_1414_storz_regulondb,0.5,1,1,TGGTTCGTTATTGATATAGC,0,27063
TSS_1414_storz_regulondb,0.5,1,1,TGGTGGTTTGCCGTGCCCGT,0,50886
TSS_1414_storz_regulondb,0.5,1,1,TGGTGGAGACAAGACACGAA,0,14076
TSS_1414_storz_regulondb,0.5,1,1,TGGTGATGGCGGCTCCGTCA,0,69175
TSS_1414_storz_regulondb,0.5,1,1,TGGTCGAGCGCAGAGGCTGG,0,17535
TSS_1414_storz_regulondb,0.5,1,1,TGGTCACCCCTTTCTACCTA,0,65611
TSS_1414_storz_regulondb,0.5,1,1,TGGTAGCGTTCGTCGCCCCC,0,30755
TSS_1414_storz_regulondb,0.5,1,1,TGGTACTGTTCACGAATGCA,0,16365
TSS_1414_storz_regulondb,0.5,1,1,TGGGTTCCACGACATTTCCA,0,5196
TSS_1414_storz_regulondb,0.5,1,1,TGGGTGAGAACTACGGGTGA,0,73908
TSS_1414_storz_regulondb,0.5,1,1,TGGGTCTAAGAAGTTCGAAT,0,11492
TSS_1414_storz_regulondb,0.5,1,1,TGGGTCGCCAGCCTAAGTAC,0,73303
TSS_1414_storz_regulondb,0.5,1,1,TGGGTCACTTGGACGGCCCG,0,18083
TSS_1414_storz_regulondb,0.5,1,1,TGGGGGTTATCACTGCATGG,0,34820
TSS_1414_storz_regulondb,0.5,1,1,TGGGCTCCCCGAATTTTAAG,0,54659
TSS_1414_storz_regulondb,0.5,1,1,TGGGCCGTAGCTAGTTATCT,0,36233
TSS_1414_storz_regulondb,0.5,1,1,TGGGCCACCGGTGTGACCTA,0,5280
TSS_1414_storz_regulondb,0.5,1,1,TGGGCATCCGTCCTCGTATC,0,48880
TSS_1414_storz_regulondb,0.5,1,1,TGGGCACTGCGGCGGAGTGG,0,36190
TSS_1414_storz_regulondb,0.5,1,1,TGGGCACGTGCTTTCGAGAG,0,40645
TSS_1414_storz_regulondb,0.5,1,1,TGGGCAACGGTCACAGATGA,0,13149
TSS_1414_storz_regulondb,0.5,1,1,TGGGACGCTCCAGGGGAACG,0,7756
TSS_1414_storz_regulondb,0.5,1,1,TGGGAAAGTGGGCGCTGAGG,0,5664
TSS_1414_storz_regulondb,0.5,1,1,TGGCTGCTCACATCTCTTCG,0,41746
TSS_1414_storz_regulondb,0.5,1,1,TGGCTAGCGCGTCCAGTCAT,0,60364
TSS_1414_storz_regulondb,0.5,1,1,TGGCGGTATACGCGTTGTTT,0,68056
TSS_1414_storz_regulondb,0.5,1,1,TGGCGGACGACGCTTCTGGC,0,16941
TSS_1414_storz_regulondb,0.5,1,1,TGGCGAGTTAGTGCTTTGCT,0,27735
TSS_1414_storz_regulondb,0.5,1,1,TGGCGAATGACTTAGCAACA,0,12831
TSS_1414_storz_regulondb,0.5,1,1,TGGCCTTGGGTACGCAACCC,0,16670
TSS_1414_storz_regulondb,0.5,1,1,TGGCCGCTCTAACATCTACA,0,47436
TSS_1414_storz_regulondb,0.5,1,1,TGGCCCGAAGCAATCAGCGG,0,10011
TSS_1414_storz_regulondb,0.5,1,1,TGGCATCGCTGACGTTCGGA,0,15648
TSS_1414_storz_regulondb,0.5,1,1,TGGCAGCCAGCCCTGCGGCA,0,66701
TSS_1414_storz_regulondb,0.5,1,1,TGGCAAGGACGGTGAGAATT,0,70870
TSS_1414_storz_regulondb,0.5,1,1,TGGCAAACTTATTAAGGTCA,0,7633
TSS_1414_storz_regulondb,0.5,1,1,TGGATTAGCGGCTGCCTTTT,0,36919
TSS_1414_storz_regulondb,0.5,1,1,TGGATCCGCATGTGGCGCAC,0,21255
TSS_1414_storz_regulondb,0.5,1,1,TGGATACAACCTACTAAGGA,0,30983
TSS_1414_storz_regulondb,0.5,1,1,TGGAGGTACACACAGACCAT,0,21655
TSS_1414_storz_regulondb,0.5,1,1,TGGAGGGGCTTTATAGCGAG,0,55116
TSS_1414_storz_regulondb,0.5,1,1,TGGAGGAGTCTCCTCATCCT,0,78012
TSS_1414_storz_regulondb,0.5,1,1,TGGAGCTCGCACTGTAACCA,0,20785
TSS_1414_storz_regulondb,0.5,1,1,TGGACTTCACGCTCCTTACA,0,7637
TSS_1414_storz_regulondb,0.5,1,1,TGGACGGTTTTCGCAGGTTT,0,17903
TSS_1414_storz_regulondb,0.5,1,1,TGGACCGATATATTCAACCT,0,63235
TSS_1414_storz_regulondb,0.5,1,1,TGGACAGGACCGTGTTGTCA,0,48594
TSS_1414_storz_regulondb,0.5,1,1,TGGAATTGCTGAGTTGGTCT,0,58734
TSS_1414_storz_regulondb,0.5,1,1,TGGAACGGAACGAATTGTGT,0,11050
TSS_1414_storz_regulondb,0.5,1,1,TGGAACATAGAAAAATCATG,0,77783
TSS_1414_storz_regulondb,0.5,1,1,TGCTTGTAGGTGTAGAAGCC,0,31402
TSS_1414_storz_regulondb,0.5,1,1,TGCTTCGCGTTCGAAGTAAC,0,43541
TSS_1414_storz_regulondb,0.5,1,1,TGCTTATAGACTGGAATAAG,0,45768
TSS_1414_storz_regulondb,0.5,1,1,TGCTCTGCGTGTTAGTGATA,0,59163
TSS_1414_storz_regulondb,0.5,1,1,TGCTCTAGGCACAGGTCGTG,0,33791
TSS_1414_storz_regulondb,0.5,1,1,TGCTCGTGTGCCAAATTCAA,0,3232
TSS_1414_storz_regulondb,0.5,1,1,TGCTCCGGTATCAGTTCCAC,0,31610
TSS_1414_storz_regulondb,0.5,1,1,TGCTAGTTCGTAACGGATAC,0,60302
TSS_1414_storz_regulondb,0.5,1,1,TGCTACGGGCTGAGAGCGAT,0,19249
TSS_1414_storz_regulondb,0.5,1,1,TGCTAAACCACAGGACTTCT,0,23368
TSS_1414_storz_regulondb,0.5,1,1,TGCGTTCGTGGACTTTAACC,0,22606
TSS_1414_storz_regulondb,0.5,1,1,TGCGTTCCTAAAGTTTGTCA,0,62873
TSS_1414_storz_regulondb,0.5,1,1,TGCGTAGTGGGTTACAGCTA,0,71492
TSS_1414_storz_regulondb,0.5,1,1,TGCGTAGGTGTCCACTTCTA,0,51039
TSS_1414_storz_regulondb,0.5,1,1,TGCGGGCTGGCCTCTATGCG,0,252
TSS_1414_storz_regulondb,0.5,1,1,TGCGGGACATGTACTAAACA,0,11903
TSS_1414_storz_regulondb,0.5,1,1,TGCGGCGCGGTTAAGTTGGG,0,14721
TSS_1414_storz_regulondb,0.5,1,1,TGCGGAATGACACTACGAGG,0,2954
TSS_1414_storz_regulondb,0.5,1,1,TGCGCTCAACCAAAATCTAC,0,28513
TSS_1414_storz_regulondb,0.5,1,1,TGCGCATCTACGCTAAATGT,0,5928
TSS_1414_storz_regulondb,0.5,1,1,TGCGATGATACTGGCACTCA,0,13076
TSS_1414_storz_regulondb,0.5,1,1,TGCGATCGTTAAATCCTAAC,0,59944
TSS_1414_storz_regulondb,0.5,1,1,TGCGACACCGGTGGGTCATT,0,70389
TSS_1414_storz_regulondb,0.5,1,1,TGCCTCGTCCAGGGTGATGA,0,48740
TSS_1414_storz_regulondb,0.5,1,1,TGCCTAAACCAGCCGACTCG,0,2312
TSS_1414_storz_regulondb,0.5,1,1,TGCCCTGAGGCTTACAGTCC,0,38775
TSS_1414_storz_regulondb,0.5,1,1,TGCCCCGTCAAAGCACTTCT,0,20116
TSS_1414_storz_regulondb,0.5,1,1,TGCCCACTTCTAAAATTAGA,0,33306
TSS_1414_storz_regulondb,0.5,1,1,TGCCCAAAAAGATCCTCACT,0,50636
TSS_1414_storz_regulondb,0.5,1,1,TGCCATCCCCTGCACTATGC,0,14717
TSS_1414_storz_regulondb,0.5,1,1,TGCCAGTTGAAAACACCTAA,0,68539
TSS_1414_storz_regulondb,0.5,1,1,TGCCAGGGTTTTTTGAAGTA,0,41004
TSS_1414_storz_regulondb,0.5,1,1,TGCCAACCGACCACGATCAT,0,5105
TSS_1414_storz_regulondb,0.5,1,1,TGCATTCCCCGGATCAAATT,0,64543
TSS_1414_storz_regulondb,0.5,1,1,TGCATGTTGAGAGTGACTTA,0,35093
TSS_1414_storz_regulondb,0.5,1,1,TGCATAATCTTGCTCATCAT,0,77439
TSS_1414_storz_regulondb,0.5,1,1,TGCAGCTGTAGGGAAAATTA,0,35928
TSS_1414_storz_regulondb,0.5,1,1,TGCAGCATCATCTTTTTACC,0,60814
TSS_1414_storz_regulondb,0.5,1,1,TGCAGATGCTTACCCCGATC,0,52027
TSS_1414_storz_regulondb,0.5,1,1,TGCACCGGTAGAGATCTAGG,0,80082
TSS_1414_storz_regulondb,0.5,1,1,TGCAATAGATCAAATCAATG,0,55894
TSS_1414_storz_regulondb,0.5,1,1,TGCAATACCAACACAGTATG,0,55058
TSS_1414_storz_regulondb,0.5,1,1,TGCAAGTCCACCCGGGAATC,0,27628
TSS_1414_storz_regulondb,0.5,1,1,TGCAAGATTTTCGTATGAGG,0,80188
TSS_1414_storz_regulondb,0.5,1,1,TGCAAGAATTGGGCATTCGT,0,2868
TSS_1414_storz_regulondb,0.5,1,1,TGATTTGATGTGCCTAGGAT,0,70736
TSS_1414_storz_regulondb,0.5,1,1,TGATTTATTATGGCCTCTGA,0,77055
TSS_1414_storz_regulondb,0.5,1,1,TGATTTATCTCATAAGTAAG,0,16575
TSS_1414_storz_regulondb,0.5,1,1,TGATTTATAATCCTCTCAAA,0,10110
TSS_1414_storz_regulondb,0.5,1,1,TGATGATAAACCCCCTGTGG,0,77754
TSS_1414_storz_regulondb,0.5,1,1,TGATCTTCCCATTTTTTAGT,0,34419
TSS_1414_storz_regulondb,0.5,1,1,TGATCATGGTCTAACACGAG,0,74919
TSS_1414_storz_regulondb,0.5,1,1,TGATATAAGGAGAGATGTAC,0,48911
TSS_1414_storz_regulondb,0.5,1,1,TGATAGAAATTCAGCCAAGA,0,5486
TSS_1414_storz_regulondb,0.5,1,1,TGATACTGTTGGTTGTGACT,0,48933
TSS_1414_storz_regulondb,0.5,1,1,TGATAATTGGCCGCTACGGA,0,64279
TSS_1414_storz_regulondb,0.5,1,1,TGATAATGTTGGGGGCATCC,0,65518
TSS_1414_storz_regulondb,0.5,1,1,TGAGTTTTATGGCTAGAACA,0,8214
TSS_1414_storz_regulondb,0.5,1,1,TGAGGATGAGTCTGGAGGCC,0,8186
TSS_1414_storz_regulondb,0.5,1,1,TGAGGAGCATTGAACGGTGT,0,59882
TSS_1414_storz_regulondb,0.5,1,1,TGAGCATGGCCCCTAACGCG,0,69311
TSS_1414_storz_regulondb,0.5,1,1,TGAGCATATTTGTGTTGTAG,0,15103
TSS_1414_storz_regulondb,0.5,1,1,TGAGACATGGTCCAGAGTAA,0,62658
TSS_1414_storz_regulondb,0.5,1,1,TGACTTTAAGGGGACCTCCT,0,28190
TSS_1414_storz_regulondb,0.5,1,1,TGACTGTATTCTCTCATACG,0,59894
TSS_1414_storz_regulondb,0.5,1,1,TGACTGATTTAATATATCTC,0,47285
TSS_1414_storz_regulondb,0.5,1,1,TGACTCGTAACGTTCTTTCT,0,25587
TSS_1414_storz_regulondb,0.5,1,1,TGACGCGACCTCATTGTGAG,0,18442
TSS_1414_storz_regulondb,0.5,1,1,TGACGATAGCACAGACGTAC,0,25050
TSS_1414_storz_regulondb,0.5,1,1,TGACCTAGGGCCTTGGCACG,0,77181
TSS_1414_storz_regulondb,0.5,1,1,TGACCCTCGTCGGGGCGCAT,0,29326
TSS_1414_storz_regulondb,0.5,1,1,TGACAAACCGTACCGCACTG,0,42633
TSS_1414_storz_regulondb,0.5,1,1,TGAAGGTGGTATTGTCCCTC,0,18782
TSS_1414_storz_regulondb,0.5,1,1,TGAAGGATCAAGTCCTACAT,0,4001
TSS_1414_storz_regulondb,0.5,1,1,TGAAGGAGAACCTTACGCTA,0,80215
TSS_1414_storz_regulondb,0.5,1,1,TGAACTTGTTAGTTTCTATA,0,77244
TSS_1414_storz_regulondb,0.5,1,1,TGAACTTAGACACTTTGACG,0,45862
TSS_1414_storz_regulondb,0.5,1,1,TGAACTGTCGCTGCATCACA,0,57372
TSS_1414_storz_regulondb,0.5,1,1,TGAACATCCGAGGCTTGCAC,0,52879
TSS_1414_storz_regulondb,0.5,1,1,TGAAACAGGTGCTCCTCTTC,0,23803
TSS_1414_storz_regulondb,0.5,1,1,TGAAAAGTCAGGGCTATACC,0,21484
TSS_1414_storz_regulondb,0.5,1,1,TCTTTTGTGCAAAGATTGAG,0,46071
TSS_1414_storz_regulondb,0.5,1,1,TCTTTGCTATTTAAGGTTTT,0,40271
TSS_1414_storz_regulondb,0.5,1,1,TCTTTCGAGATGACTGGAGG,0,44866
TSS_1414_storz_regulondb,0.5,1,1,TCTTTAACTGTTGTTGCTAA,0,30351
TSS_1414_storz_regulondb,0.5,1,1,TCTTGGGTCTGGTGAACTGG,0,37328
TSS_1414_storz_regulondb,0.5,1,1,TCTTGGGGTTGAAGCCTGAC,0,43876
TSS_1414_storz_regulondb,0.5,1,1,TCTTGCGTCTGGACCAGCCT,0,31688
TSS_1414_storz_regulondb,0.5,1,1,TCTTGCCAAGGAAGCGTCAG,0,10662
TSS_1414_storz_regulondb,0.5,1,1,TCTTCGCTTGAGCATTGCTA,0,47476
TSS_1414_storz_regulondb,0.5,1,1,TCTTAGTTTGACCGGCAGTG,0,44576
TSS_1414_storz_regulondb,0.5,1,1,TCTTAGGTGAAGCAAATGCC,0,51665
TSS_1414_storz_regulondb,0.5,1,1,TCTTAGGGGGAAAGATTTCC,0,57476
TSS_1414_storz_regulondb,0.5,1,1,TCTTAACCAATGCAAGCCGT,0,17971
TSS_1414_storz_regulondb,0.5,1,1,TCTGTTCGGTCTACAGAGGC,0,20289
TSS_1414_storz_regulondb,0.5,1,1,TCTGGGGATGCCGTTGGTTA,0,72152
TSS_1414_storz_regulondb,0.5,1,1,TCTGGGATCGGCTTCTACTG,0,36090
TSS_1414_storz_regulondb,0.5,1,1,TCTGGAAGTTGAGGCTTTGC,0,27184
TSS_1414_storz_regulondb,0.5,1,1,TCTGCCCAGTCTGGCTAAAG,0,68681
TSS_1414_storz_regulondb,0.5,1,1,TCTGATGGCGCCACCCCACA,0,40625
TSS_1414_storz_regulondb,0.5,1,1,TCTGAGCACCGGCCTGTTTA,0,4723
TSS_1414_storz_regulondb,0.5,1,1,TCTCTTGATCTGGTTCAACC,0,54656
TSS_1414_storz_regulondb,0.5,1,1,TCTCTCCACCTACTGTGATC,0,17761
TSS_1414_storz_regulondb,0.5,1,1,TCTCGTGTTGCGCATGTTCT,0,31662
TSS_1414_storz_regulondb,0.5,1,1,TCTCGTCGAAACGAACAATC,0,58838
TSS_1414_storz_regulondb,0.5,1,1,TCTCCGCCGACTGACGAATA,0,9977
TSS_1414_storz_regulondb,0.5,1,1,TCTCCACCGTCTATTGCAAC,0,61642
TSS_1414_storz_regulondb,0.5,1,1,TCTCATTTTGTTCCGATGGA,0,52646
TSS_1414_storz_regulondb,0.5,1,1,TCTCATTCACACAGCCTGGG,0,71537
TSS_1414_storz_regulondb,0.5,1,1,TCTCAGCAGGCGGTGCTAGT,0,25682
TSS_1414_storz_regulondb,0.5,1,1,TCTATTGCAATTCGGGGTAT,0,22821
TSS_1414_storz_regulondb,0.5,1,1,TCTATTGATAGCTGCAATAC,0,28823
TSS_1414_storz_regulondb,0.5,1,1,TCTATTCGTTACGCCCCCTC,0,50049
TSS_1414_storz_regulondb,0.5,1,1,TCTATGCGGTATTTCTGGTG,0,26832
TSS_1414_storz_regulondb,0.5,1,1,TCTATGATTAGCCATTTTAA,0,60559
TSS_1414_storz_regulondb,0.5,1,1,TCTAGTATCCGACGGTATCA,0,35195
TSS_1414_storz_regulondb,0.5,1,1,TCTAGTAGTAACTAGCTTCT,0,60284
TSS_1414_storz_regulondb,0.5,1,1,TCTACGAGATTATGTCCTGT,0,52107
TSS_1414_storz_regulondb,0.5,1,1,TCTAAAATGTGATCGAAAGG,0,59744
TSS_1414_storz_regulondb,0.5,1,1,TCGTTTTTGGGCGCCGGTAT,0,72894
TSS_1414_storz_regulondb,0.5,1,1,TCGTTGTCCCTGGCATCGTG,0,52223
TSS_1414_storz_regulondb,0.5,1,1,TCGTTGCAGCCTAGCCTTCT,0,21437
TSS_1414_storz_regulondb,0.5,1,1,TCGTTCGAAGACTAAGGAAT,0,39661
TSS_1414_storz_regulondb,0.5,1,1,TCGTTCCTGTCTTTTATAAC,0,69889
TSS_1414_storz_regulondb,0.5,1,1,TCGTTATCGTGCATTTAAAC,0,59262
TSS_1414_storz_regulondb,0.5,1,1,TCGTTACGGCGCGCTCAACT,0,12195
TSS_1414_storz_regulondb,0.5,1,1,TCGTTAAAGGTCTAACATGA,0,44621
TSS_1414_storz_regulondb,0.5,1,1,TCGTGGATGAACACTACCTT,0,27373
TSS_1414_storz_regulondb,0.5,1,1,TCGTGCGGCGTAATGATATT,0,25019
TSS_1414_storz_regulondb,0.5,1,1,TCGTGCGACTTTGAAATCTC,0,69714
TSS_1414_storz_regulondb,0.5,1,1,TCGTCTGCGGTTCCTGCAAA,0,27046
TSS_1414_storz_regulondb,0.5,1,1,TCGTCCTGCCCAACGCCAAG,0,36059
TSS_1414_storz_regulondb,0.5,1,1,TCGTATGCATATAGTTTATG,0,79248
TSS_1414_storz_regulondb,0.5,1,1,TCGTATAAAGCCCGCACCCC,0,34477
TSS_1414_storz_regulondb,0.5,1,1,TCGTAAGGACGTTGAGTCTA,0,55675
TSS_1414_storz_regulondb,0.5,1,1,TCGGTTCGATTAAGGCAATA,0,64172
TSS_1414_storz_regulondb,0.5,1,1,TCGGTGGTTTTTCTCTAACC,0,66784
TSS_1414_storz_regulondb,0.5,1,1,TCGGTCCATACCGACTACAT,0,53973
TSS_1414_storz_regulondb,0.5,1,1,TCGGTAAAAGGGTTAGTTCT,0,35167
TSS_1414_storz_regulondb,0.5,1,1,TCGGGGTGCGTGGATATGAG,0,39634
TSS_1414_storz_regulondb,0.5,1,1,TCGGCTATACACTAACGGTG,0,26812
TSS_1414_storz_regulondb,0.5,1,1,TCGGCCGCGCCTATGCCGGT,0,46317
TSS_1414_storz_regulondb,0.5,1,1,TCGGCCACTAATGCTGCCAT,0,71017
TSS_1414_storz_regulondb,0.5,1,1,TCGGCAGTACATAATCCAGA,0,12660
TSS_1414_storz_regulondb,0.5,1,1,TCGGAGTGCCGAAGGAAAGG,0,31558
TSS_1414_storz_regulondb,0.5,1,1,TCGCTCCCGCCAAAGGGTAT,0,29536
TSS_1414_storz_regulondb,0.5,1,1,TCGCTCAGTTTTCCTGGTGG,0,78449
TSS_1414_storz_regulondb,0.5,1,1,TCGCCCAGTCTCAGACCCCA,0,43315
TSS_1414_storz_regulondb,0.5,1,1,TCGCATCAGGCCCGGTGTGA,0,65618
TSS_1414_storz_regulondb,0.5,1,1,TCGCACAGAAAGAAAGATCA,0,80724
TSS_1414_storz_regulondb,0.5,1,1,TCGCAATAAGGTAGCCGGCA,0,11069
TSS_1414_storz_regulondb,0.5,1,1,TCGATGGTTACTAGCTTGTA,0,45407
TSS_1414_storz_regulondb,0.5,1,1,TCGAGTTACTCGCGTACCAC,0,71596
TSS_1414_storz_regulondb,0.5,1,1,TCGAGTAGCCAAATCGGTAC,0,4160
TSS_1414_storz_regulondb,0.5,1,1,TCGAGGTTCCCAATTACTTA,0,57209
TSS_1414_storz_regulondb,0.5,1,1,TCGAGGGCATCACCAGCATC,0,77253
TSS_1414_storz_regulondb,0.5,1,1,TCGAGCTGAGCTAACCCAGA,0,14936
TSS_1414_storz_regulondb,0.5,1,1,TCGAGCTATATCATTCTCTT,0,30567
TSS_1414_storz_regulondb,0.5,1,1,TCGAGATGGGCCATCGGTGC,0,50689
TSS_1414_storz_regulondb,0.5,1,1,TCGAGAACCACGAGATTGAT,0,65897
TSS_1414_storz_regulondb,0.5,1,1,TCGAATTCGGCACAGTCGCA,0,32853
TSS_1414_storz_regulondb,0.5,1,1,TCGAAGTGCGGTGTCCCTGA,0,41784
TSS_1414_storz_regulondb,0.5,1,1,TCGAAGTCTGCAAGCTAACC,0,8548
TSS_1414_storz_regulondb,0.5,1,1,TCGAAGCTTTGATGGGGCAA,0,19723
TSS_1414_storz_regulondb,0.5,1,1,TCGAAGAGTCTCTTTGTTAA,0,55615
TSS_1414_storz_regulondb,0.5,1,1,TCGAAGAACTACAGTGCACA,0,57157
TSS_1414_storz_regulondb,0.5,1,1,TCCTTTTGGTATTTTTACTT,0,28621
TSS_1414_storz_regulondb,0.5,1,1,TCCTTGGGACAGGTTATAAG,0,71750
TSS_1414_storz_regulondb,0.5,1,1,TCCTGATGCTCTTTTCCTAA,0,57146
TSS_1414_storz_regulondb,0.5,1,1,TCCTGAGGGCGAAATAAGTG,0,2859
TSS_1414_storz_regulondb,0.5,1,1,TCCTCGATATGGAACGTCTC,0,68735
TSS_1414_storz_regulondb,0.5,1,1,TCCTCCGACGCCTGACTTTA,0,40075
TSS_1414_storz_regulondb,0.5,1,1,TCCTATAAATACCAGAGCTC,0,58955
TSS_1414_storz_regulondb,0.5,1,1,TCCTAGGTGTCTAACAGGGA,0,21391
TSS_1414_storz_regulondb,0.5,1,1,TCCTACTAACTTCTGCCAGC,0,58610
TSS_1414_storz_regulondb,0.5,1,1,TCCTACGTATAGGACAAGAG,0,55538
TSS_1414_storz_regulondb,0.5,1,1,TCCTAAGAGATCATGTCACG,0,16611
TSS_1414_storz_regulondb,0.5,1,1,TCCGTCCTTCCTACTTCGCT,0,64189
TSS_1414_storz_regulondb,0.5,1,1,TCCGTAGGTGGCCTATTATA,0,50524
TSS_1414_storz_regulondb,0.5,1,1,TCCGGATTGATGCTTGTTGG,0,32581
TSS_1414_storz_regulondb,0.5,1,1,TCCGGATCTAGTGGACGAAA,0,22378
TSS_1414_storz_regulondb,0.5,1,1,TCCGGAGGAGGTCTATCGCG,0,57117
TSS_1414_storz_regulondb,0.5,1,1,TCCGCGTTTATTATGCGGGG,0,35377
TSS_1414_storz_regulondb,0.5,1,1,TCCGACTTCCAAGCTAGTAG,0,27762
TSS_1414_storz_regulondb,0.5,1,1,TCCGACTCGCTTCAGCGTAT,0,12792
TSS_1414_storz_regulondb,0.5,1,1,TCCGAACGGAGACCCAAGCT,0,24460
TSS_1414_storz_regulondb,0.5,1,1,TCCCTAGAGTTCACCAGCGG,0,49019
TSS_1414_storz_regulondb,0.5,1,1,TCCCGTTTTCGCCGCTGGGA,0,1867
TSS_1414_storz_regulondb,0.5,1,1,TCCCCTCTGGGTAACTTTGA,0,49559
TSS_1414_storz_regulondb,0.5,1,1,TCCCCTAAGTAGTGGTTCAT,0,64174
TSS_1414_storz_regulondb,0.5,1,1,TCCCCGTACAGGCTAAAGAG,0,45965
TSS_1414_storz_regulondb,0.5,1,1,TCCCCGCGGCTGGATTACAT,0,49290
TSS_1414_storz_regulondb,0.5,1,1,TCCCCGCGAAGTGCAATGCC,0,41194
TSS_1414_storz_regulondb,0.5,1,1,TCCCCGAGTCGTCGAAGCCG,0,3027
TSS_1414_storz_regulondb,0.5,1,1,TCCCCATGTTGTACATAGGT,0,49056
TSS_1414_storz_regulondb,0.5,1,1,TCCCAGAATCACTGCTCAGT,0,1881
TSS_1414_storz_regulondb,0.5,1,1,TCCCAATACTCGAGACGAGT,0,45885
TSS_1414_storz_regulondb,0.5,1,1,TCCATTTAAAACCTCTGGGG,0,58063
TSS_1414_storz_regulondb,0.5,1,1,TCCATTGTTCGTAGTTAGTG,0,37374
TSS_1414_storz_regulondb,0.5,1,1,TCCATTGATCTAAATTCTCG,0,30137
TSS_1414_storz_regulondb,0.5,1,1,TCCATGTATTCCTTGTTTGT,0,47350
TSS_1414_storz_regulondb,0.5,1,1,TCCATCATGTGGGTATGGCG,0,62031
TSS_1414_storz_regulondb,0.5,1,1,TCCATCAGCTGCCCTCCTCC,0,9910
TSS_1414_storz_regulondb,0.5,1,1,TCCATAAGAGCCCTGCAATT,0,12655
TSS_1414_storz_regulondb,0.5,1,1,TCCAGTGATAACTCACCTCT,0,65756
TSS_1414_storz_regulondb,0.5,1,1,TCCAGGTGGAGGTCAACTCT,0,38705
TSS_1414_storz_regulondb,0.5,1,1,TCCAGCCTGGCGCCAGGGCA,0,13817
TSS_1414_storz_regulondb,0.5,1,1,TCCAGAATTAGTTCAGGCGG,0,14056
TSS_1414_storz_regulondb,0.5,1,1,TCCAGAAAATTCACCTGGAA,0,41994
TSS_1414_storz_regulondb,0.5,1,1,TCCACATTTTTGCTTTAGAG,0,61705
TSS_1414_storz_regulondb,0.5,1,1,TCCAACGGGATCTTTATAAG,0,16061
TSS_1414_storz_regulondb,0.5,1,1,TCCAACAGTCGTTTAAGTTG,0,53725
TSS_1414_storz_regulondb,0.5,1,1,TCCAAACTAGCGCAGCGGTA,0,29799
TSS_1414_storz_regulondb,0.5,1,1,TCATTTTTTACCATAATTAG,0,17489
TSS_1414_storz_regulondb,0.5,1,1,TCATTGGACCTCCTTTTGTA,0,36093
TSS_1414_storz_regulondb,0.5,1,1,TCATTGACATTACATTGTTG,0,65753
TSS_1414_storz_regulondb,0.5,1,1,TCATTCCACCAAGTCCCCGT,0,5275
TSS_1414_storz_regulondb,0.5,1,1,TCATTACAGGAGATAACCGG,0,80462
TSS_1414_storz_regulondb,0.5,1,1,TCATTAAGCGTACACGCCAA,0,26342
TSS_1414_storz_regulondb,0.5,1,1,TCATCGCAGCTGGTCCGATT,0,18615
TSS_1414_storz_regulondb,0.5,1,1,TCATCAGGGGAAGGTAGGGT,0,68128
TSS_1414_storz_regulondb,0.5,1,1,TCAGTGTCTATGATCTGGAC,0,18106
TSS_1414_storz_regulondb,0.5,1,1,TCAGTCGTGTAAATACCGTA,0,790
TSS_1414_storz_regulondb,0.5,1,1,TCAGGTTTATTAGATCTTGA,0,19449
TSS_1414_storz_regulondb,0.5,1,1,TCAGGTCTCCGCCAGATGGT,0,18084
TSS_1414_storz_regulondb,0.5,1,1,TCAGGTCAGAAGCGGAGGTG,0,16264
TSS_1414_storz_regulondb,0.5,1,1,TCAGGAAGGGCGTATTGGAG,0,16850
TSS_1414_storz_regulondb,0.5,1,1,TCAGCTGTAAGTGGTGTAAT,0,50162
TSS_1414_storz_regulondb,0.5,1,1,TCAGCCCGAGCGAAACTTTG,0,29129
TSS_1414_storz_regulondb,0.5,1,1,TCAGCCATGCAATATAGGTT,0,40774
TSS_1414_storz_regulondb,0.5,1,1,TCAGATACCATGTGGGCATA,0,26799
TSS_1414_storz_regulondb,0.5,1,1,TCAGAGTAATACGTGAGTGG,0,21476
TSS_1414_storz_regulondb,0.5,1,1,TCAGAACTTATTAAGTGGTC,0,29634
TSS_1414_storz_regulondb,0.5,1,1,TCACTAATCTTCATTAAGAT,0,49430
TSS_1414_storz_regulondb,0.5,1,1,TCACCTCTCCGGATTGGATG,0,25148
TSS_1414_storz_regulondb,0.5,1,1,TCACCTAGGCGGCCCTCGGT,0,14068
TSS_1414_storz_regulondb,0.5,1,1,TCACATCTAGGCCGCTCCGC,0,72511
TSS_1414_storz_regulondb,0.5,1,1,TCACAGGTAAAGCATCTTCA,0,2858
TSS_1414_storz_regulondb,0.5,1,1,TCACAGGATTACCCTAGACC,0,51446
TSS_1414_storz_regulondb,0.5,1,1,TCACAGCCAGTTTCTCTAAA,0,67926
TSS_1414_storz_regulondb,0.5,1,1,TCAATTGGTAAGCTGTTAAG,0,37293
TSS_1414_storz_regulondb,0.5,1,1,TCAATGAGCCCAACACTTAT,0,72160
TSS_1414_storz_regulondb,0.5,1,1,TCAATAACAGTTACTGCCAG,0,15767
TSS_1414_storz_regulondb,0.5,1,1,TCAAGGGCAATTGATGGTTC,0,35542
TSS_1414_storz_regulondb,0.5,1,1,TCAACAGGCTGGACATAGGC,0,79236
TSS_1414_storz_regulondb,0.5,1,1,TCAACACACGTCTTACTCGC,0,43677
TSS_1414_storz_regulondb,0.5,1,1,TCAAATGCAAATGCCCATGT,0,623
TSS_1414_storz_regulondb,0.5,1,1,TCAAATCCGGCAAGCTCTTT,0,38562
TSS_1414_storz_regulondb,0.5,1,1,TCAAAGTGGGTGGACGCAAC,0,76219
TSS_1414_storz_regulondb,0.5,1,1,TCAAAAGGACGTGCCGTGAT,0,4577
TSS_1414_storz_regulondb,0.5,1,1,TCAAAACTGATTGTTGGTTA,0,75121
TSS_1414_storz_regulondb,0.5,1,1,TATTTTGATATTTGAGATGT,0,6717
TSS_1414_storz_regulondb,0.5,1,1,TATTTTAGAGATTCAGCCGC,0,80562
TSS_1414_storz_regulondb,0.5,1,1,TATTTCCGGCTTAGGCAAAC,0,14600
TSS_1414_storz_regulondb,0.5,1,1,TATTGCTAAGCTTAAAGAAA,0,22258
TSS_1414_storz_regulondb,0.5,1,1,TATTGCCGCGAGGAAAATAC,0,46483
TSS_1414_storz_regulondb,0.5,1,1,TATTCGTAGACCCGTTGCTA,0,15705
TSS_1414_storz_regulondb,0.5,1,1,TATTCAGCTGCTTGATTCGT,0,22911
TSS_1414_storz_regulondb,0.5,1,1,TATTCAAAAGCCGCGTCTCC,0,25483
TSS_1414_storz_regulondb,0.5,1,1,TATTAGGTGCCGCTGTCCGT,0,35796
TSS_1414_storz_regulondb,0.5,1,1,TATTACGTATGGATGAATGC,0,15597
TSS_1414_storz_regulondb,0.5,1,1,TATTACCACTGCCCGCTAAT,0,31032
TSS_1414_storz_regulondb,0.5,1,1,TATGTTGGAGTATGGGTTCA,0,41753
TSS_1414_storz_regulondb,0.5,1,1,TATGTTCCACGTCCTATCTT,0,69944
TSS_1414_storz_regulondb,0.5,1,1,TATGTTATAAGTTAAATCAC,0,7332
TSS_1414_storz_regulondb,0.5,1,1,TATGTGAATGTCAGACGCTA,0,1679
TSS_1414_storz_regulondb,0.5,1,1,TATGTACCACTGAGAACGGA,0,52920
TSS_1414_storz_regulondb,0.5,1,1,TATGGAGGTAACCCTCAGAT,0,70654
TSS_1414_storz_regulondb,0.5,1,1,TATGGAGAGGAGTCGTGTGG,0,67857
TSS_1414_storz_regulondb,0.5,1,1,TATGCTAAGAGCAAGTCTCA,0,8959
TSS_1414_storz_regulondb,0.5,1,1,TATGCAAGTTGGTCAAAAGA,0,25151
TSS_1414_storz_regulondb,0.5,1,1,TATGATTTACAGGATATTGC,0,3971
TSS_1414_storz_regulondb,0.5,1,1,TATGACGTGGCATATACGAG,0,47199
TSS_1414_storz_regulondb,0.5,1,1,TATGACGAACAGCCAACTCA,0,62960
TSS_1414_storz_regulondb,0.5,1,1,TATCTGTTTGGCGCCTGCGA,0,42707
TSS_1414_storz_regulondb,0.5,1,1,TATCTGTAGAAAGTGGGTAC,0,51953
TSS_1414_storz_regulondb,0.5,1,1,TATCTGGCACCATGAAGCGG,0,11087
TSS_1414_storz_regulondb,0.5,1,1,TATCTCGATTATTGGGCCAA,0,44871
TSS_1414_storz_regulondb,0.5,1,1,TATCTCACGGTCTCAAGGTA,0,56204
TSS_1414_storz_regulondb,0.5,1,1,TATCGTATGTATTGTGCTTT,0,1389
TSS_1414_storz_regulondb,0.5,1,1,TATCGTAGAACAAGCAGCCT,0,55999
TSS_1414_storz_regulondb,0.5,1,1,TATCGTAAAATCCCCAAGTT,0,5499
TSS_1414_storz_regulondb,0.5,1,1,TATCCCACACAGTTGGATAC,0,25759
TSS_1414_storz_regulondb,0.5,1,1,TATCCAAGAGCGAGACAGGC,0,12471
TSS_1414_storz_regulondb,0.5,1,1,TATCAGAAAAATGGAAACAC,0,69041
TSS_1414_storz_regulondb,0.5,1,1,TATCACGAACGGATGGTGTA,0,9059
TSS_1414_storz_regulondb,0.5,1,1,TATCAAACCAGATTCGAATG,0,37751
TSS_1414_storz_regulondb,0.5,1,1,TATATTGTTCGGGATCTCTG,0,5950
TSS_1414_storz_regulondb,0.5,1,1,TATATGTTGACCGTCTCGCG,0,58019
TSS_1414_storz_regulondb,0.5,1,1,TATATGTATTGTATCAAGAG,0,73307
TSS_1414_storz_regulondb,0.5,1,1,TATATGACTGTCCTACCGAA,0,62002
TSS_1414_storz_regulondb,0.5,1,1,TATAGGTCCGACGGCCCGCA,0,71221
TSS_1414_storz_regulondb,0.5,1,1,TATAGGTAACTAGGTCGCTC,0,12046
TSS_1414_storz_regulondb,0.5,1,1,TATAGCGTCCCACCTACCTC,0,74287
TSS_1414_storz_regulondb,0.5,1,1,TATAGAAACACTGAGTGCAT,0,45473
TSS_1414_storz_regulondb,0.5,1,1,TATACGGGCCTATCCCGGGA,0,29028
TSS_1414_storz_regulondb,0.5,1,1,TATAATGGACCTGCATAATT,0,34928
TSS_1414_storz_regulondb,0.5,1,1,TATAAGGTGGCGTGTTACGA,0,59106
TSS_1414_storz_regulondb,0.5,1,1,TATAACCAAGCGGTAAGTAC,0,58709
TSS_1414_storz_regulondb,0.5,1,1,TATAACAAAGCAAGATATTA,0,22854
TSS_1414_storz_regulondb,0.5,1,1,TAGTCAATTCTACAAGAGCA,0,48392
TSS_1414_storz_regulondb,0.5,1,1,TAGGTTCTAGGATCTCGGGT,0,70549
TSS_1414_storz_regulondb,0.5,1,1,TAGGGTAGGTTCGGAAGCAT,0,4062
TSS_1414_storz_regulondb,0.5,1,1,TAGGGGGTTCGCATCTTGTA,0,13987
TSS_1414_storz_regulondb,0.5,1,1,TAGGGGATAGTAGTCCATTC,0,42383
TSS_1414_storz_regulondb,0.5,1,1,TAGGGATTGTTAGTCTTAGG,0,30073
TSS_1414_storz_regulondb,0.5,1,1,TAGGCAGATTTCGTTTTACG,0,33967
TSS_1414_storz_regulondb,0.5,1,1,TAGGCACACACTCTGTGGGT,0,41947
TSS_1414_storz_regulondb,0.5,1,1,TAGGATATTTACGGCAAATA,0,49147
TSS_1414_storz_regulondb,0.5,1,1,TAGGACAAGCACATATGGCT,0,70207
TSS_1414_storz_regulondb,0.5,1,1,TAGCTTGATTTAGGACAGGG,0,34143
TSS_1414_storz_regulondb,0.5,1,1,TAGCTTAGTTTGCAAAGCGG,0,43684
TSS_1414_storz_regulondb,0.5,1,1,TAGCTAGCGGGGACCGGGAC,0,25064
TSS_1414_storz_regulondb,0.5,1,1,TAGCGTTCCTTCTATCCTAT,0,47854
TSS_1414_storz_regulondb,0.5,1,1,TAGCGGCGTCAACTGGACAG,0,31907
TSS_1414_storz_regulondb,0.5,1,1,TAGCGCTACGCCCTATCCGT,0,12436
TSS_1414_storz_regulondb,0.5,1,1,TAGCGCACGGGGCAGCAGGA,0,37380
TSS_1414_storz_regulondb,0.5,1,1,TAGCGATTAGCGCAGCAGAT,0,35726
TSS_1414_storz_regulondb,0.5,1,1,TAGCAAAGCTTCATGCTGCC,0,31849
TSS_1414_storz_regulondb,0.5,1,1,TAGAGTCGAAAGTACGCGCC,0,40008
TSS_1414_storz_regulondb,0.5,1,1,TAGAGACCTGCCGGAAAAGG,0,8678
TSS_1414_storz_regulondb,0.5,1,1,TAGACTATGGTCAGGTCACA,0,31149
TSS_1414_storz_regulondb,0.5,1,1,TAGAACGCGTACGGTTGAGA,0,24557
TSS_1414_storz_regulondb,0.5,1,1,TAGAAACCCTATGTCAGCGG,0,79525
TSS_1414_storz_regulondb,0.5,1,1,TACTTATCTTGTCCAGCATA,0,25575
TSS_1414_storz_regulondb,0.5,1,1,TACTGTGTTGGGAATATCGG,0,62397
TSS_1414_storz_regulondb,0.5,1,1,TACTCTTACAGCGACATAAA,0,28885
TSS_1414_storz_regulondb,0.5,1,1,TACTCTGGGTCGAACACGTA,0,23252
TSS_1414_storz_regulondb,0.5,1,1,TACTCGTGTTGGGGTAGCGG,0,41036
TSS_1414_storz_regulondb,0.5,1,1,TACTATCCGTAAGCCAGTTC,0,47636
TSS_1414_storz_regulondb,0.5,1,1,TACTAGGACAATGCCCGCCA,0,49724
TSS_1414_storz_regulondb,0.5,1,1,TACGTCTAATGTATGCGTTC,0,26434
TSS_1414_storz_regulondb,0.5,1,1,TACGGTGTTTCCGGACTGCG,0,55356
TSS_1414_storz_regulondb,0.5,1,1,TACGGTAAGATTGTCAAAAT,0,24109
TSS_1414_storz_regulondb,0.5,1,1,TACGGGAATATCTTTTGGAG,0,74882
TSS_1414_storz_regulondb,0.5,1,1,TACGGACAGTCAGACAAGGA,0,51021
TSS_1414_storz_regulondb,0.5,1,1,TACGGAAGGTTTCAGGGGTA,0,71152
TSS_1414_storz_regulondb,0.5,1,1,TACGCTAGCTTCGGCAAACA,0,67901
TSS_1414_storz_regulondb,0.5,1,1,TACGCTACGCACCAATGGGG,0,21916
TSS_1414_storz_regulondb,0.5,1,1,TACGCGGAGGGGAGAATTTG,0,50736
TSS_1414_storz_regulondb,0.5,1,1,TACGCCTAGCTAGAAGGCGC,0,3595
TSS_1414_storz_regulondb,0.5,1,1,TACGATCGTTAGTTCTACAA,0,64757
TSS_1414_storz_regulondb,0.5,1,1,TACGATAAGATGGCGCTTCA,0,71493
TSS_1414_storz_regulondb,0.5,1,1,TACGAGGGCCGCCCTACAGA,0,50934
TSS_1414_storz_regulondb,0.5,1,1,TACGAGCGTTCTTATGTACG,0,22025
TSS_1414_storz_regulondb,0.5,1,1,TACCTTCATCGGGAGATGAG,0,50174
TSS_1414_storz_regulondb,0.5,1,1,TACCTCTGAATACTTTGGAG,0,36753
TSS_1414_storz_regulondb,0.5,1,1,TACCTACTACACCGTGCGCG,0,30700
TSS_1414_storz_regulondb,0.5,1,1,TACCGGCCCCAGGATCGCGC,0,18915
TSS_1414_storz_regulondb,0.5,1,1,TACCCTGAAACCCGTTGGAG,0,27072
TSS_1414_storz_regulondb,0.5,1,1,TACCATGCAGGTTAATTGGG,0,30814
TSS_1414_storz_regulondb,0.5,1,1,TACCAGATAACAAAGTGTTC,0,15340
TSS_1414_storz_regulondb,0.5,1,1,TACATTGTGTGGATAAAGTG,0,61228
TSS_1414_storz_regulondb,0.5,1,1,TACATTGAGTAGAAAGCGCG,0,44455
TSS_1414_storz_regulondb,0.5,1,1,TACATGTTGGGTAATGTGGG,0,64684
TSS_1414_storz_regulondb,0.5,1,1,TACATGTCATGAATGTGTCG,0,25011
TSS_1414_storz_regulondb,0.5,1,1,TACATACAGACCGCCTTAAA,0,31132
TSS_1414_storz_regulondb,0.5,1,1,TACATAAATGACGGAAATAT,0,79683
TSS_1414_storz_regulondb,0.5,1,1,TACATAAAGATCATCTGTCG,0,60654
TSS_1414_storz_regulondb,0.5,1,1,TACAGCTAGCGCGTCTCGTC,0,31734
TSS_1414_storz_regulondb,0.5,1,1,TACAGCGGATCGATGCAGAA,0,55825
TSS_1414_storz_regulondb,0.5,1,1,TACACACGAAGCTATATTAT,0,41946
TSS_1414_storz_regulondb,0.5,1,1,TAATTGTCCCTTGGCCATCC,0,22645
TSS_1414_storz_regulondb,0.5,1,1,TAATTATACTAGCCACCCGC,0,64108
TSS_1414_storz_regulondb,0.5,1,1,TAATTACTCAAAACTCGCCT,0,65877
TSS_1414_storz_regulondb,0.5,1,1,TAATGGCAAGAACATTTTAC,0,64575
TSS_1414_storz_regulondb,0.5,1,1,TAATGCCGCGAACCGGTGTT,0,27649
TSS_1414_storz_regulondb,0.5,1,1,TAATGAGTCGAGTCGTGGGA,0,31897
TSS_1414_storz_regulondb,0.5,1,1,TAATATGTCCCGGGTTTTGA,0,68447
TSS_1414_storz_regulondb,0.5,1,1,TAATAGTAGTCGGCAGTATA,0,73231
TSS_1414_storz_regulondb,0.5,1,1,TAATAGGGTCCCCTTTGTGA,0,70899
TSS_1414_storz_regulondb,0.5,1,1,TAATAGGAGGACGTACGAGA,0,18766
TSS_1414_storz_regulondb,0.5,1,1,TAATACCCATAGAAAACACA,0,21143
TSS_1414_storz_regulondb,0.5,1,1,TAATAATATTGCTGCCGGGA,0,19522
TSS_1414_storz_regulondb,0.5,1,1,TAATAAGGCTAACAGGCGGT,0,11640
TSS_1414_storz_regulondb,0.5,1,1,TAAGTCAGGTGACCGACGTA,0,39692
TSS_1414_storz_regulondb,0.5,1,1,TAAGGGCGAGAGATCTTGAA,0,30091
TSS_1414_storz_regulondb,0.5,1,1,TAAGGGCGACATAGCTCGCT,0,58533
TSS_1414_storz_regulondb,0.5,1,1,TAAGGGATGGTGTACGTCCT,0,34459
TSS_1414_storz_regulondb,0.5,1,1,TAAGGACGTATGCTACCATG,0,31838
TSS_1414_storz_regulondb,0.5,1,1,TAAGCTGGAGACGCTCCATC,0,2756
TSS_1414_storz_regulondb,0.5,1,1,TAAGCGCAGTGTCTGGAATA,0,70709
TSS_1414_storz_regulondb,0.5,1,1,TAAGCACCTAGTCAATAGTG,0,61739
TSS_1414_storz_regulondb,0.5,1,1,TAAGACGGCTTTAGACCTAC,0,57298
TSS_1414_storz_regulondb,0.5,1,1,TAACTTCCTCGTTATGATTA,0,67999
TSS_1414_storz_regulondb,0.5,1,1,TAACTTATGTTAGGGGTGCA,0,37649
TSS_1414_storz_regulondb,0.5,1,1,TAACTTAAGGTTCTATTGTA,0,57996
TSS_1414_storz_regulondb,0.5,1,1,TAACTGGGGCCGCGCGCTGT,0,53073
TSS_1414_storz_regulondb,0.5,1,1,TAACTGGGGACTACTCGGTA,0,22431
TSS_1414_storz_regulondb,0.5,1,1,TAACTATGATTGGGTTTCCT,0,17842
TSS_1414_storz_regulondb,0.5,1,1,TAACGTCCAACGTGAATTAC,0,78607
TSS_1414_storz_regulondb,0.5,1,1,TAACGGCCCGGAATGTCTTG,0,40590
TSS_1414_storz_regulondb,0.5,1,1,TAACGCCATGGGATTTAGAG,0,64127
TSS_1414_storz_regulondb,0.5,1,1,TAACCTTGTTGCCCCTTCTC,0,2225
TSS_1414_storz_regulondb,0.5,1,1,TAACAGAGACCGCTAAGCCG,0,73964
TSS_1414_storz_regulondb,0.5,1,1,TAACACTATGGTAACGAATT,0,8774
TSS_1414_storz_regulondb,0.5,1,1,TAACAAGGAGGTCAGTTTGG,0,47351
TSS_1414_storz_regulondb,0.5,1,1,TAAATTGTTGTACGCTTTAT,0,52431
TSS_1414_storz_regulondb,0.5,1,1,TAAATTCGGGAAGAAGGTCC,0,56029
TSS_1414_storz_regulondb,0.5,1,1,TAAATCAACTTAGTGAGACC,0,24922
TSS_1414_storz_regulondb,0.5,1,1,TAAATAATCCATTAAACTTC,0,49553
TSS_1414_storz_regulondb,0.5,1,1,TAAAGTGTGGAACAGTACGT,0,28080
TSS_1414_storz_regulondb,0.5,1,1,TAAAGCTAACCTTGGGAGTA,0,739
TSS_1414_storz_regulondb,0.5,1,1,TAAAGCCTCCCATCCCTCCC,0,19609
TSS_1414_storz_regulondb,0.5,1,1,TAAAGATCAGTCTCCGACGT,0,47061
TSS_1414_storz_regulondb,0.5,1,1,TAAACGGGCACAGACGAAGC,0,70086
TSS_1414_storz_regulondb,0.5,1,1,TAAAAGTGTAGTACTTGTGC,0,27768
TSS_1414_storz_regulondb,0.5,1,1,TAAAACGCTGGCATAACGGA,0,57986
TSS_1414_storz_regulondb,0.5,1,1,TAAAAATATCTACCGGGCGC,0,20379
TSS_1414_storz_regulondb,0.5,1,1,GTTTTTTTAGTGATGTTGAT,0,73358
TSS_1414_storz_regulondb,0.5,1,1,GTTTTTCGCTCAGAACTCTT,0,53431
TSS_1414_storz_regulondb,0.5,1,1,GTTTTGGTACTACTGAGATT,0,69749
TSS_1414_storz_regulondb,0.5,1,1,GTTTTGAACCCTCATTGGGG,0,47292
TSS_1414_storz_regulondb,0.5,1,1,GTTTTCTTCGTTAGCAGTTT,0,5481
TSS_1414_storz_regulondb,0.5,1,1,GTTTTCAATGCTGGGCCAGG,0,1857
TSS_1414_storz_regulondb,0.5,1,1,GTTTTATAGAGTGAGCGAGC,0,33978
TSS_1414_storz_regulondb,0.5,1,1,GTTTTAATTAGGCGTAATAG,0,51489
TSS_1414_storz_regulondb,0.5,1,1,GTTTTAAATAGTTCGCGACA,0,1009
TSS_1414_storz_regulondb,0.5,1,1,GTTTCTCCCCTAACCAAACC,0,48124
TSS_1414_storz_regulondb,0.5,1,1,GTTTCGTTCCGAGGCAGCGC,0,36256
TSS_1414_storz_regulondb,0.5,1,1,GTTTATTCGGTCAGTGGTTG,0,6713
TSS_1414_storz_regulondb,0.5,1,1,GTTTACGCATCGACGACGCG,0,42530
TSS_1414_storz_regulondb,0.5,1,1,GTTGTCTGTCTGACATTATA,0,60986
TSS_1414_storz_regulondb,0.5,1,1,GTTGTCGGCTCGCCTCATCT,0,55872
TSS_1414_storz_regulondb,0.5,1,1,GTTGTCAACTACGAACATAT,0,17657
TSS_1414_storz_regulondb,0.5,1,1,GTTGGCTTTAGGTACCATAG,0,30495
TSS_1414_storz_regulondb,0.5,1,1,GTTGGATAGTGGCCCGAGTA,0,56213
TSS_1414_storz_regulondb,0.5,1,1,GTTGCTTTGGCCTTACAGCT,0,7507
TSS_1414_storz_regulondb,0.5,1,1,GTTGCTCGTTGTTCGTCCTA,0,62959
TSS_1414_storz_regulondb,0.5,1,1,GTTGCGAAGTGTCTCGTAAA,0,71777
TSS_1414_storz_regulondb,0.5,1,1,GTTGCCTGATGATACTACGT,0,60542
TSS_1414_storz_regulondb,0.5,1,1,GTTGCCGGATTCTTTGACGA,0,45351
TSS_1414_storz_regulondb,0.5,1,1,GTTGCCACTAATCCAGCCAA,0,11393
TSS_1414_storz_regulondb,0.5,1,1,GTTGCAGATTACATTTTTGC,0,38863
TSS_1414_storz_regulondb,0.5,1,1,GTTGCAAAACGGGTTGCCAT,0,2873
TSS_1414_storz_regulondb,0.5,1,1,GTTGATAAGGTATGCGTGTG,0,7316
TSS_1414_storz_regulondb,0.5,1,1,GTTGAGTCTGTACAGTGGCT,0,42462
TSS_1414_storz_regulondb,0.5,1,1,GTTGAGGTCCAGCTCTCCGG,0,3836
TSS_1414_storz_regulondb,0.5,1,1,GTTGAGATTAAGAGTTTATA,0,12633
TSS_1414_storz_regulondb,0.5,1,1,GTTGACGCCAGGCCGAAGCC,0,41272
TSS_1414_storz_regulondb,0.5,1,1,GTTCTTGTCACGGCTATTGG,0,72565
TSS_1414_storz_regulondb,0.5,1,1,GTTCGAGACAATACGTCGTT,0,37040
TSS_1414_storz_regulondb,0.5,1,1,GTTCCGTCACATCAATATTC,0,36559
TSS_1414_storz_regulondb,0.5,1,1,GTTCCCCATGAGGTGCGCTC,0,55256
TSS_1414_storz_regulondb,0.5,1,1,GTTCCCAAATCCGGCATTAT,0,65670
TSS_1414_storz_regulondb,0.5,1,1,GTTCATCATTTGCCCTAATA,0,34364
TSS_1414_storz_regulondb,0.5,1,1,GTTCATACGCATGGCTAGCG,0,55802
TSS_1414_storz_regulondb,0.5,1,1,GTTCAGGCATCTGCAGCCGT,0,12763
TSS_1414_storz_regulondb,0.5,1,1,GTTCAATTGCTTTCTTCGAT,0,67047
TSS_1414_storz_regulondb,0.5,1,1,GTTATTCTGCGCAGAGGATT,0,44307
TSS_1414_storz_regulondb,0.5,1,1,GTTATTCGAGAAGCTGGCTG,0,40865
TSS_1414_storz_regulondb,0.5,1,1,GTTATTCCCCCTGCTGAATA,0,48327
TSS_1414_storz_regulondb,0.5,1,1,GTTATGAATGTAATAAGCAC,0,51519
TSS_1414_storz_regulondb,0.5,1,1,GTTATCGAACGGGATATCGG,0,34010
TSS_1414_storz_regulondb,0.5,1,1,GTTATCAATACAGGAGAAGA,0,26211
TSS_1414_storz_regulondb,0.5,1,1,GTTATAGTGGACATGGGGTC,0,2071
TSS_1414_storz_regulondb,0.5,1,1,GTTAGTCGTGTTCCTGACAT,0,75939
TSS_1414_storz_regulondb,0.5,1,1,GTTAGTATATCCTCCATCCT,0,36556
TSS_1414_storz_regulondb,0.5,1,1,GTTAGGCTGTACAATCAGGC,0,21269
TSS_1414_storz_regulondb,0.5,1,1,GTTAGGCAACAGCCTGTGGT,0,64958
TSS_1414_storz_regulondb,0.5,1,1,GTTAGCGAAAAAATAAAAGG,0,925
TSS_1414_storz_regulondb,0.5,1,1,GTTACGGGGGGACAGGGATG,0,44151
TSS_1414_storz_regulondb,0.5,1,1,GTTACGACTATACCGGGAGC,0,49944
TSS_1414_storz_regulondb,0.5,1,1,GTTACCGCGTTTCAAACATC,0,8804
TSS_1414_storz_regulondb,0.5,1,1,GTTACATTTCCGTCCATCTG,0,53665
TSS_1414_storz_regulondb,0.5,1,1,GTTACATAGGATGTGTGGGT,0,12019
TSS_1414_storz_regulondb,0.5,1,1,GTTAATCGGCTGAATAATTA,0,2651
TSS_1414_storz_regulondb,0.5,1,1,GTTAATCCCGAGAAAAGTTC,0,71104
TSS_1414_storz_regulondb,0.5,1,1,GTTAAACGTAACAGTAATAG,0,9340
TSS_1414_storz_regulondb,0.5,1,1,GTGTTCATGGCTTAATCCAG,0,17199
TSS_1414_storz_regulondb,0.5,1,1,GTGTTACTTAGTGTTACCGT,0,40837
TSS_1414_storz_regulondb,0.5,1,1,GTGTGCTTGGGGTTATCGAC,0,43173
TSS_1414_storz_regulondb,0.5,1,1,GTGTGCACACCACTCGTCTT,0,37634
TSS_1414_storz_regulondb,0.5,1,1,GTGTCGGTCTACATCTATTA,0,27424
TSS_1414_storz_regulondb,0.5,1,1,GTGTCATTGGTACAATTATC,0,52127
TSS_1414_storz_regulondb,0.5,1,1,GTGTACTGATTAACACACAT,0,80257
TSS_1414_storz_regulondb,0.5,1,1,GTGGTGGCTCATTACGTACA,0,26008
TSS_1414_storz_regulondb,0.5,1,1,GTGGTATATGCGGGCCGTGT,0,6058
TSS_1414_storz_regulondb,0.5,1,1,GTGGGTGGGCCTACCGTCTG,0,25272
TSS_1414_storz_regulondb,0.5,1,1,GTGGGGGTTAAAAATCCTCA,0,47569
TSS_1414_storz_regulondb,0.5,1,1,GTGGGGCCGGGTATTATGTT,0,24809
TSS_1414_storz_regulondb,0.5,1,1,GTGGGGCAACTTGTCATGAT,0,28880
TSS_1414_storz_regulondb,0.5,1,1,GTGGGGAGAACTACGAAGTT,0,13175
TSS_1414_storz_regulondb,0.5,1,1,GTGGGCGAACAAGATCACGT,0,9893
TSS_1414_storz_regulondb,0.5,1,1,GTGGCACCTAGGTAGTGGGA,0,13597
TSS_1414_storz_regulondb,0.5,1,1,GTGGCAAAGGAGTTGAGCGT,0,10727
TSS_1414_storz_regulondb,0.5,1,1,GTGGATTGCACGCACCTTAA,0,37563
TSS_1414_storz_regulondb,0.5,1,1,GTGGACCGATCGAAACTCCA,0,65719
TSS_1414_storz_regulondb,0.5,1,1,GTGGAACGTGCCGGCTATAT,0,9388
TSS_1414_storz_regulondb,0.5,1,1,GTGCTACCATCGAGCGGAAC,0,46422
TSS_1414_storz_regulondb,0.5,1,1,GTGCTACAATCAGTTATCGG,0,14319
TSS_1414_storz_regulondb,0.5,1,1,GTGCGATGGAGCACGGGACA,0,34857
TSS_1414_storz_regulondb,0.5,1,1,GTGCCGAGTGCAGGAAACAA,0,59780
TSS_1414_storz_regulondb,0.5,1,1,GTGCAGTAGTTCAGGGGTCA,0,51836
TSS_1414_storz_regulondb,0.5,1,1,GTGCAGACCGTCCTAAAGGA,0,38054
TSS_1414_storz_regulondb,0.5,1,1,GTGATGCTTTAAGGAGCCTC,0,10837
TSS_1414_storz_regulondb,0.5,1,1,GTGATCCAAAAACGGCGTTT,0,68748
TSS_1414_storz_regulondb,0.5,1,1,GTGATCATACAGCAGAATGC,0,52562
TSS_1414_storz_regulondb,0.5,1,1,GTGAGTATCCCGCCTTTAAC,0,76898
TSS_1414_storz_regulondb,0.5,1,1,GTGAGGCGGGGCCATCATCT,0,58888
TSS_1414_storz_regulondb,0.5,1,1,GTGAGAGGCCTAGACATGAG,0,24036
TSS_1414_storz_regulondb,0.5,1,1,GTGAGAAGGACAGGTGTATC,0,21888
TSS_1414_storz_regulondb,0.5,1,1,GTGACGCAAGTAGTGAGGCT,0,29597
TSS_1414_storz_regulondb,0.5,1,1,GTGACGACATCTCTTACCAA,0,72043
TSS_1414_storz_regulondb,0.5,1,1,GTGACCAGCCGGGTTCTTCT,0,73857
TSS_1414_storz_regulondb,0.5,1,1,GTGACATTTGTTTAGGTTAA,0,45655
TSS_1414_storz_regulondb,0.5,1,1,GTGAATTGCGAGGACTGCCC,0,22647
TSS_1414_storz_regulondb,0.5,1,1,GTGAAGAGTAACGTCTGGTT,0,80504
TSS_1414_storz_regulondb,0.5,1,1,GTGAAAGAGTGCTGTCAAGC,0,42332
TSS_1414_storz_regulondb,0.5,1,1,GTGAAACCTGCAATCAGATA,0,38867
TSS_1414_storz_regulondb,0.5,1,1,GTCTTAGAGAGTTGGTTTGT,0,72429
TSS_1414_storz_regulondb,0.5,1,1,GTCTTACGCCTGCAAAAATA,0,45896
TSS_1414_storz_regulondb,0.5,1,1,GTCTGTTCTTTAGAGGCTGT,0,4902
TSS_1414_storz_regulondb,0.5,1,1,GTCTGTCTTTTAGTAGGGGG,0,14637
TSS_1414_storz_regulondb,0.5,1,1,GTCTGTCTGTAGTAAAATCC,0,1870
TSS_1414_storz_regulondb,0.5,1,1,GTCTGACCACGTAAATTGGA,0,31804
TSS_1414_storz_regulondb,0.5,1,1,GTCTCCGTATTAGCCGTAAG,0,21384
TSS_1414_storz_regulondb,0.5,1,1,GTCTCAGCCGCCTTATATGA,0,16861
TSS_1414_storz_regulondb,0.5,1,1,GTCTACTATGCCCTAGGTCC,0,24315
TSS_1414_storz_regulondb,0.5,1,1,GTCTACGCCAAGTTGCACGA,0,22543
TSS_1414_storz_regulondb,0.5,1,1,GTCTAACTGGTTAGTCCATT,0,76331
TSS_1414_storz_regulondb,0.5,1,1,GTCGTCGTCCATCGACGTTG,0,59748
TSS_1414_storz_regulondb,0.5,1,1,GTCGTCCGGAGTAAATAGGG,0,54066
TSS_1414_storz_regulondb,0.5,1,1,GTCGGGGGAATTTCGGCCCC,0,44345
TSS_1414_storz_regulondb,0.5,1,1,GTCGGGATCCATCAACGTTG,0,26201
TSS_1414_storz_regulondb,0.5,1,1,GTCGGCCTAGTCTGGCGATG,0,71090
TSS_1414_storz_regulondb,0.5,1,1,GTCGGAGGGGAGATGCACGT,0,58541
TSS_1414_storz_regulondb,0.5,1,1,GTCGCGGTTATCCAGTACCA,0,9218
TSS_1414_storz_regulondb,0.5,1,1,GTCGCGGGGTAGTGTGGGTA,0,13473
TSS_1414_storz_regulondb,0.5,1,1,GTCGCCGACGACTGTAGTGT,0,49363
TSS_1414_storz_regulondb,0.5,1,1,GTCGCACTACAGATTGCTAT,0,29557
TSS_1414_storz_regulondb,0.5,1,1,GTCGAGGAACCGGTGAATAG,0,18093
TSS_1414_storz_regulondb,0.5,1,1,GTCCTATACCATACATGCGA,0,329
TSS_1414_storz_regulondb,0.5,1,1,GTCCTAATACCCGTCAAAAC,0,54852
TSS_1414_storz_regulondb,0.5,1,1,GTCCGTTGACACGAGTAGTT,0,36994
TSS_1414_storz_regulondb,0.5,1,1,GTCCGTGCTCGGTCCCAGGG,0,28118
TSS_1414_storz_regulondb,0.5,1,1,GTCCGTCAAGGCCAGACGTG,0,29076
TSS_1414_storz_regulondb,0.5,1,1,GTCCGATGTTCTGGTGCCAT,0,66225
TSS_1414_storz_regulondb,0.5,1,1,GTCCATTTTAGTGCCAGTTT,0,55400
TSS_1414_storz_regulondb,0.5,1,1,GTCCAGATCGCGTGGTAGGT,0,42723
TSS_1414_storz_regulondb,0.5,1,1,GTCCAGAGGGCAACACAGGG,0,51550
TSS_1414_storz_regulondb,0.5,1,1,GTCCAGACGATTTCGGTGAG,0,19261
TSS_1414_storz_regulondb,0.5,1,1,GTCCACGGGCACGGTAAACC,0,10186
TSS_1414_storz_regulondb,0.5,1,1,GTCCAAACTTAACCACAAAT,0,68283
TSS_1414_storz_regulondb,0.5,1,1,GTCATGACAGCAGGCTCTAA,0,299
TSS_1414_storz_regulondb,0.5,1,1,GTCATAGGTTTGCTACAGTT,0,21618
TSS_1414_storz_regulondb,0.5,1,1,GTCATAAGCAGTGATCATCA,0,4276
TSS_1414_storz_regulondb,0.5,1,1,GTCAGTAGCAATGATGTCGT,0,19552
TSS_1414_storz_regulondb,0.5,1,1,GTCAGAGACCTCTTTCTTAA,0,4364
TSS_1414_storz_regulondb,0.5,1,1,GTCAGAAGCTATCTCTGCGA,0,39742
TSS_1414_storz_regulondb,0.5,1,1,GTCACCGTGCCTCCCTGTGT,0,2637
TSS_1414_storz_regulondb,0.5,1,1,GTCAATTACCTTGTATGGGA,0,23077
TSS_1414_storz_regulondb,0.5,1,1,GTCAATCAAGTTTGGGCTAG,0,56722
TSS_1414_storz_regulondb,0.5,1,1,GTCAAAAGTAGGGGAGGATG,0,17433
TSS_1414_storz_regulondb,0.5,1,1,GTATGGGGTGGTTGCAATGG,0,60060
TSS_1414_storz_regulondb,0.5,1,1,GTATGGATAAATAATCAAGC,0,34232
TSS_1414_storz_regulondb,0.5,1,1,GTATGAGCTAAGGAATGCTG,0,23309
TSS_1414_storz_regulondb,0.5,1,1,GTATCGAACAACTCTAGCAG,0,60187
TSS_1414_storz_regulondb,0.5,1,1,GTATATTCGATCCAGTTCTG,0,75609
TSS_1414_storz_regulondb,0.5,1,1,GTATACTGTGATATAACTTG,0,58951
TSS_1414_storz_regulondb,0.5,1,1,GTATACGCATTTTTTGTCCC,0,154
TSS_1414_storz_regulondb,0.5,1,1,GTAGTGCAGAGACGACCTGG,0,15612
TSS_1414_storz_regulondb,0.5,1,1,GTAGGTGTGTTGGTGTTAGA,0,59739
TSS_1414_storz_regulondb,0.5,1,1,GTAGGGTAGAACGCTAGAGA,0,79894
TSS_1414_storz_regulondb,0.5,1,1,GTAGGGGATACGCGTATCGC,0,49829
TSS_1414_storz_regulondb,0.5,1,1,GTAGGGATGATATTCCCCGA,0,46796
TSS_1414_storz_regulondb,0.5,1,1,GTAGGCTCACAGGGATTGAA,0,10942
TSS_1414_storz_regulondb,0.5,1,1,GTAGGCCAGAGATTAGGGAC,0,55819
TSS_1414_storz_regulondb,0.5,1,1,GTAGCGTTATCAGGAGCAGG,0,17735
TSS_1414_storz_regulondb,0.5,1,1,GTAGCGGTGTAGACGGGATC,0,64896
TSS_1414_storz_regulondb,0.5,1,1,GTAGCAAGTAGTCTGCTATC,0,68684
TSS_1414_storz_regulondb,0.5,1,1,GTAGATTGCGGACGTCTCCT,0,40377
TSS_1414_storz_regulondb,0.5,1,1,GTAGATCATGGATGGCGGGT,0,62828
TSS_1414_storz_regulondb,0.5,1,1,GTAGAAAGCACGAGGCAAGG,0,60118
TSS_1414_storz_regulondb,0.5,1,1,GTAGAAACTCGCGCTAGGGC,0,10802
TSS_1414_storz_regulondb,0.5,1,1,GTACTCAGCCGGTAATTGAA,0,37654
TSS_1414_storz_regulondb,0.5,1,1,GTACGATAGGCGTCTAGGAA,0,38857
TSS_1414_storz_regulondb,0.5,1,1,GTACCTGGGGAAAGCACACA,0,65857
TSS_1414_storz_regulondb,0.5,1,1,GTACCGTTTGCCGTAGGTGT,0,71708
TSS_1414_storz_regulondb,0.5,1,1,GTACCGTATTACTCGGCGAA,0,80439
TSS_1414_storz_regulondb,0.5,1,1,GTACCGCTGAAGCGTAACAA,0,52140
TSS_1414_storz_regulondb,0.5,1,1,GTACCGCGCAGTGTGTAGCA,0,71535
TSS_1414_storz_regulondb,0.5,1,1,GTACATGGTAACCTATTATA,0,65259
TSS_1414_storz_regulondb,0.5,1,1,GTACATACGTCGAAGAAGAG,0,25325
TSS_1414_storz_regulondb,0.5,1,1,GTACACTTGTAACGGACCGG,0,50476
TSS_1414_storz_regulondb,0.5,1,1,GTACAAAGAAGAATTCCCTC,0,16207
TSS_1414_storz_regulondb,0.5,1,1,GTAATTTTTTTAAGGCTAAA,0,42095
TSS_1414_storz_regulondb,0.5,1,1,GTAATTCAAAGGGACACGAC,0,21760
TSS_1414_storz_regulondb,0.5,1,1,GTAATATTATACCTGATTTT,0,29591
TSS_1414_storz_regulondb,0.5,1,1,GTAAGTGTGAATACGCAATA,0,41030
TSS_1414_storz_regulondb,0.5,1,1,GTAAGTGTCAGTTTGGGTTT,0,27357
TSS_1414_storz_regulondb,0.5,1,1,GTAAGGCCTTAGTGAAACTA,0,54655
TSS_1414_storz_regulondb,0.5,1,1,GTAAGGAGAATTAAAAGTCT,0,21015
TSS_1414_storz_regulondb,0.5,1,1,GTAAGCTGAGGTTACCATAA,0,8353
TSS_1414_storz_regulondb,0.5,1,1,GTAAGCGGACTCATTCGAGT,0,29262
TSS_1414_storz_regulondb,0.5,1,1,GTAAGCCCTGATGCCCCGAC,0,25194
TSS_1414_storz_regulondb,0.5,1,1,GTAAGCAGGTTAGAGGGAAG,0,66184
TSS_1414_storz_regulondb,0.5,1,1,GTAAGACCTCAACGCGGAAA,0,51558
TSS_1414_storz_regulondb,0.5,1,1,GTAAATTCTGAGGTTTTCTT,0,10695
TSS_1414_storz_regulondb,0.5,1,1,GGTTTGTTGCACCCGGCAGT,0,37179
TSS_1414_storz_regulondb,0.5,1,1,GGTTTGGGTATTCCGTATAA,0,24996
TSS_1414_storz_regulondb,0.5,1,1,GGTTTGGGAGAGTTTACATG,0,27877
TSS_1414_storz_regulondb,0.5,1,1,GGTTTCGTTGGGCTTAACTC,0,10456
TSS_1414_storz_regulondb,0.5,1,1,GGTTGGGTGAAACATCTCCG,0,32077
TSS_1414_storz_regulondb,0.5,1,1,GGTTGATTCATTGACAATCC,0,50367
TSS_1414_storz_regulondb,0.5,1,1,GGTTCTGAGCGCGGGCAGTT,0,36776
TSS_1414_storz_regulondb,0.5,1,1,GGTTCGATAAATAGTATATC,0,24777
TSS_1414_storz_regulondb,0.5,1,1,GGTTCGAGCGCTTGACCGGC,0,60444
TSS_1414_storz_regulondb,0.5,1,1,GGTTATTGCCTTCGCGCAAA,0,9962
TSS_1414_storz_regulondb,0.5,1,1,GGTTATTCGTGGCAGCTGTC,0,71110
TSS_1414_storz_regulondb,0.5,1,1,GGTGTCATGAACCCATGACC,0,2073
TSS_1414_storz_regulondb,0.5,1,1,GGTGTCAACCCAGAGTTAAT,0,36208
TSS_1414_storz_regulondb,0.5,1,1,GGTGGGACGGATTGTGCTTG,0,16732
TSS_1414_storz_regulondb,0.5,1,1,GGTGCGCTAGCAAGGTGCTT,0,24332
TSS_1414_storz_regulondb,0.5,1,1,GGTGCGAGGAGCCGGATTAA,0,75861
TSS_1414_storz_regulondb,0.5,1,1,GGTGCAGTCTTAAGATAAAC,0,18032
TSS_1414_storz_regulondb,0.5,1,1,GGTGAGCATCCGGTAATGAG,0,8696
TSS_1414_storz_regulondb,0.5,1,1,GGTGACGTAATCTAGGAAGT,0,6073
TSS_1414_storz_regulondb,0.5,1,1,GGTCTTATAGGCACACTCAG,0,23237
TSS_1414_storz_regulondb,0.5,1,1,GGTCTGTCGAGATTATATAA,0,61938
TSS_1414_storz_regulondb,0.5,1,1,GGTCTGAGGGCATGCAGTTA,0,4555
TSS_1414_storz_regulondb,0.5,1,1,GGTCTCGTTCGAGGCGCGAT,0,76142
TSS_1414_storz_regulondb,0.5,1,1,GGTCTCGGGACTGGGGGCTT,0,51868
TSS_1414_storz_regulondb,0.5,1,1,GGTCGGACGTGCAAAATGGC,0,5682
TSS_1414_storz_regulondb,0.5,1,1,GGTCGCGGCAAGGTCTGCGC,0,75662
TSS_1414_storz_regulondb,0.5,1,1,GGTCGCCGACTGGAACACCC,0,29627
TSS_1414_storz_regulondb,0.5,1,1,GGTCGAGGCCTTTGCGAATC,0,1541
TSS_1414_storz_regulondb,0.5,1,1,GGTCCTAGACTTTTCATTTT,0,74270
TSS_1414_storz_regulondb,0.5,1,1,GGTCATTCAGGACGCATCAT,0,33215
TSS_1414_storz_regulondb,0.5,1,1,GGTCAATACCAATTACGTTA,0,22570
TSS_1414_storz_regulondb,0.5,1,1,GGTATTGTTGAATTAACGAG,0,8559
TSS_1414_storz_regulondb,0.5,1,1,GGTATCGCCATTGGGGTTAA,0,62394
TSS_1414_storz_regulondb,0.5,1,1,GGTATAGATGAGCACAGGCG,0,56757
TSS_1414_storz_regulondb,0.5,1,1,GGTAGTTGGGTACCCTTTCC,0,58618
TSS_1414_storz_regulondb,0.5,1,1,GGTAGTCACGACGGAATAAA,0,45282
TSS_1414_storz_regulondb,0.5,1,1,GGTAGTAGTAGGAGCTCATG,0,74614
TSS_1414_storz_regulondb,0.5,1,1,GGTAGCGCCTGATCACGGGT,0,136
TSS_1414_storz_regulondb,0.5,1,1,GGTAGCCACGCTCAACCCTT,0,62244
TSS_1414_storz_regulondb,0.5,1,1,GGTACTGTTCGCTTGTCAAA,0,10717
TSS_1414_storz_regulondb,0.5,1,1,GGTACAGACGGGACTGAGAG,0,18591
TSS_1414_storz_regulondb,0.5,1,1,GGTAAGATAAGCGGACATCT,0,50331
TSS_1414_storz_regulondb,0.5,1,1,GGTAACGCGTTTGAATTACC,0,11710
TSS_1414_storz_regulondb,0.5,1,1,GGTAACCGCGAGCCTATCTA,0,15342
TSS_1414_storz_regulondb,0.5,1,1,GGGTTGGTTCAGGAGGCCTA,0,16645
TSS_1414_storz_regulondb,0.5,1,1,GGGTTCAATAGGTAGGGAGA,0,32937
TSS_1414_storz_regulondb,0.5,1,1,GGGTGTTTAAAAACTCCCTC,0,5834
TSS_1414_storz_regulondb,0.5,1,1,GGGTGTGGTACGAAGTTATA,0,24025
TSS_1414_storz_regulondb,0.5,1,1,GGGTGTCTGACAGCTAGCCG,0,73623
TSS_1414_storz_regulondb,0.5,1,1,GGGTGTAACCAGGTTGGGGA,0,60438
TSS_1414_storz_regulondb,0.5,1,1,GGGTGAGGTTATACGCGTAA,0,65545
TSS_1414_storz_regulondb,0.5,1,1,GGGTGAGGGTGGTTATCAAC,0,67121
TSS_1414_storz_regulondb,0.5,1,1,GGGTCTGAAGCTCTTACCAG,0,10923
TSS_1414_storz_regulondb,0.5,1,1,GGGTCTCCGGCCGGACCATG,0,30119
TSS_1414_storz_regulondb,0.5,1,1,GGGTCGCCGTAATGGTTTTT,0,53757
TSS_1414_storz_regulondb,0.5,1,1,GGGTCGCACGCAATACTAGG,0,62947
TSS_1414_storz_regulondb,0.5,1,1,GGGTCCTCGAGTATCTCGCA,0,61341
TSS_1414_storz_regulondb,0.5,1,1,GGGTATTAGGGCACGCAGAA,0,20888
TSS_1414_storz_regulondb,0.5,1,1,GGGTACGGTACTATTCTGTT,0,78356
TSS_1414_storz_regulondb,0.5,1,1,GGGTAAGACCTATGTTTATC,0,66564
TSS_1414_storz_regulondb,0.5,1,1,GGGTAAAGACGGGCGGGTTC,0,23487
TSS_1414_storz_regulondb,0.5,1,1,GGGTAAAATAAGTATGTCAC,0,37396
TSS_1414_storz_regulondb,0.5,1,1,GGGGTTGATCCGCAGGGCAG,0,45052
TSS_1414_storz_regulondb,0.5,1,1,GGGGTGTTTCGGGCGTCAGC,0,65135
TSS_1414_storz_regulondb,0.5,1,1,GGGGTGCATTGAACGCCTGA,0,66614
TSS_1414_storz_regulondb,0.5,1,1,GGGGTGCAACCCTGTAGTGA,0,27653
TSS_1414_storz_regulondb,0.5,1,1,GGGGTCTGTCATGGCAGGGT,0,40646
TSS_1414_storz_regulondb,0.5,1,1,GGGGGTTTATGATGGCGGAC,0,1042
TSS_1414_storz_regulondb,0.5,1,1,GGGGGTTAACCTTTTATACA,0,56939
TSS_1414_storz_regulondb,0.5,1,1,GGGGGGTGTATCGGGACCCC,0,58570
TSS_1414_storz_regulondb,0.5,1,1,GGGGGCAGGAACTGGGCTAA,0,61748
TSS_1414_storz_regulondb,0.5,1,1,GGGGCTGTGCATACACTATA,0,73626
TSS_1414_storz_regulondb,0.5,1,1,GGGGCGGCATTAGCGTCTTC,0,51217
TSS_1414_storz_regulondb,0.5,1,1,GGGGCGCTTTAATCGCATTT,0,77002
TSS_1414_storz_regulondb,0.5,1,1,GGGGATATCACTTGGACCTC,0,11238
TSS_1414_storz_regulondb,0.5,1,1,GGGGAGTTGCAACCGGGATA,0,28267
TSS_1414_storz_regulondb,0.5,1,1,GGGGACTGTAAGTCTCTCTT,0,78089
TSS_1414_storz_regulondb,0.5,1,1,GGGCTTGGGCGGTGTGGGAA,0,636
TSS_1414_storz_regulondb,0.5,1,1,GGGCTAGGATGTGAGGAAGG,0,50878
TSS_1414_storz_regulondb,0.5,1,1,GGGCGCGGTAATCGTGGTAG,0,6836
TSS_1414_storz_regulondb,0.5,1,1,GGGCGAGTTTGGGGCCGTGT,0,56254
TSS_1414_storz_regulondb,0.5,1,1,GGGCCTTGTGTTGTAAGTAG,0,40558
TSS_1414_storz_regulondb,0.5,1,1,GGGCCTCGGCCTGGCTGGCA,0,36809
TSS_1414_storz_regulondb,0.5,1,1,GGGCCGATTTCCACCAGCGA,0,54588
TSS_1414_storz_regulondb,0.5,1,1,GGGCCAGGTATTCGGCGAGG,0,31528
TSS_1414_storz_regulondb,0.5,1,1,GGGCATCTGCTATACTCGCG,0,16854
TSS_1414_storz_regulondb,0.5,1,1,GGGCATCCCCAATTGGGTCT,0,76704
TSS_1414_storz_regulondb,0.5,1,1,GGGCACGGGTGAGATGTCTA,0,25777
TSS_1414_storz_regulondb,0.5,1,1,GGGCACAACTAATGTAATTG,0,31978
TSS_1414_storz_regulondb,0.5,1,1,GGGATTGAATTTTAGAGCGC,0,53138
TSS_1414_storz_regulondb,0.5,1,1,GGGATTCGTCAGCCCTTAGT,0,15497
TSS_1414_storz_regulondb,0.5,1,1,GGGATGACCTCAAATAACTG,0,2366
TSS_1414_storz_regulondb,0.5,1,1,GGGATCTCCGCCGGGTCCTA,0,26006
TSS_1414_storz_regulondb,0.5,1,1,GGGATATACGCATTGCCACA,0,64178
TSS_1414_storz_regulondb,0.5,1,1,GGGAGGGCCTAAACACGCAA,0,75555
TSS_1414_storz_regulondb,0.5,1,1,GGGAGATTTCTGTCGCGGCT,0,27310
TSS_1414_storz_regulondb,0.5,1,1,GGGAGACTCATAGGGCTGTT,0,14495
TSS_1414_storz_regulondb,0.5,1,1,GGGAGACCAACATGTTGCCC,0,51102
TSS_1414_storz_regulondb,0.5,1,1,GGGACGGACATATAATAAGG,0,6242
TSS_1414_storz_regulondb,0.5,1,1,GGGACATAGCCTCTCTGGTG,0,63616
TSS_1414_storz_regulondb,0.5,1,1,GGGAATAGAACTGCGTCTGT,0,56298
TSS_1414_storz_regulondb,0.5,1,1,GGGAACCAGCAGGGTGTTTC,0,64619
TSS_1414_storz_regulondb,0.5,1,1,GGGAAAAGCAACCCCTTGTT,0,48135
TSS_1414_storz_regulondb,0.5,1,1,GGCTTTATTCTTGCGTAACG,0,60460
TSS_1414_storz_regulondb,0.5,1,1,GGCTTGGAGGGGCCTGTGTA,0,56227
TSS_1414_storz_regulondb,0.5,1,1,GGCTGTCGCACACATGATAT,0,61652
TSS_1414_storz_regulondb,0.5,1,1,GGCTGCAGCTGTTACAGGCG,0,65428
TSS_1414_storz_regulondb,0.5,1,1,GGCTCTGTCTAGATTGAGTA,0,14614
TSS_1414_storz_regulondb,0.5,1,1,GGCTCTGTAGGGGGCCATTT,0,9745
TSS_1414_storz_regulondb,0.5,1,1,GGCTCTGCAGAGTAAAACAA,0,16229
TSS_1414_storz_regulondb,0.5,1,1,GGCTCGAGGAGCTAGTATCT,0,48254
TSS_1414_storz_regulondb,0.5,1,1,GGCTATGGTAACACGAATCG,0,48298
TSS_1414_storz_regulondb,0.5,1,1,GGCTATATCCTTGAAACCGA,0,80887
TSS_1414_storz_regulondb,0.5,1,1,GGCTACCGAATTCGGGAAAT,0,14935
TSS_1414_storz_regulondb,0.5,1,1,GGCTAACGGAAACTTGGTCT,0,70053
TSS_1414_storz_regulondb,0.5,1,1,GGCGTGACGATAGTCTGGCG,0,16660
TSS_1414_storz_regulondb,0.5,1,1,GGCGTATACTTTTGGAGAAA,0,33330
TSS_1414_storz_regulondb,0.5,1,1,GGCGGCTTACGAAGAATGGA,0,70648
TSS_1414_storz_regulondb,0.5,1,1,GGCGGCGCATAACTCCTCGC,0,57578
TSS_1414_storz_regulondb,0.5,1,1,GGCGGCATGGCTCTATTGAG,0,17774
TSS_1414_storz_regulondb,0.5,1,1,GGCGCATTGTAAGCACGGGA,0,47142
TSS_1414_storz_regulondb,0.5,1,1,GGCGACTTGACCAGTATTAT,0,71854
TSS_1414_storz_regulondb,0.5,1,1,GGCCTAACCGTGCGTAATTT,0,68145
TSS_1414_storz_regulondb,0.5,1,1,GGCCGTAAAAAACTGAAAAA,0,35027
TSS_1414_storz_regulondb,0.5,1,1,GGCCCTCATCCTTACAGTCA,0,8643
TSS_1414_storz_regulondb,0.5,1,1,GGCCCCTTCTGTGCGACGGT,0,19788
TSS_1414_storz_regulondb,0.5,1,1,GGCCCACGCTGCCGCCAGCT,0,18759
TSS_1414_storz_regulondb,0.5,1,1,GGCCCAAGCGGGCTGGGGCT,0,70908
TSS_1414_storz_regulondb,0.5,1,1,GGCCACCTCCACAGGGGGTA,0,43094
TSS_1414_storz_regulondb,0.5,1,1,GGCCACCCTGAGCCAGGAAA,0,69826
TSS_1414_storz_regulondb,0.5,1,1,GGCATGCAAGTGGATATGTA,0,56288
TSS_1414_storz_regulondb,0.5,1,1,GGCATCAAGCGCCTCAGTAG,0,59266
TSS_1414_storz_regulondb,0.5,1,1,GGCAGTTTTAAGCAAAGGTC,0,40119
TSS_1414_storz_regulondb,0.5,1,1,GGCAGTGGATTTGTGGTTGG,0,38837
TSS_1414_storz_regulondb,0.5,1,1,GGCAGGTTCTTACAGTGCGC,0,51666
TSS_1414_storz_regulondb,0.5,1,1,GGCAGGTGTAAGCACAAGTA,0,67794
TSS_1414_storz_regulondb,0.5,1,1,GGCAGGAGAACTTGAGCTCT,0,24981
TSS_1414_storz_regulondb,0.5,1,1,GGCAGCGAGACAGCGTGGGT,0,2695
TSS_1414_storz_regulondb,0.5,1,1,GGCACTATCCCCAGTCTAAA,0,55506
TSS_1414_storz_regulondb,0.5,1,1,GGCACCGGTAGATGTTCACT,0,78753
TSS_1414_storz_regulondb,0.5,1,1,GGCACCATGTAAGCTCCTAG,0,19637
TSS_1414_storz_regulondb,0.5,1,1,GGCACAAGTTAGATAGATGT,0,80418
TSS_1414_storz_regulondb,0.5,1,1,GGCAATACCCAGTCCTTTAC,0,59534
TSS_1414_storz_regulondb,0.5,1,1,GGCAAGTGACCATTTGACGA,0,18556
TSS_1414_storz_regulondb,0.5,1,1,GGCAAGCCGACTTAATACCT,0,46795
TSS_1414_storz_regulondb,0.5,1,1,GGATTTCGTCACCACTGGTA,0,2244
TSS_1414_storz_regulondb,0.5,1,1,GGATTTCACAAGTGGGCTCT,0,51091
TSS_1414_storz_regulondb,0.5,1,1,GGATTGGTGACCAATTCTTG,0,5549
TSS_1414_storz_regulondb,0.5,1,1,GGATTGCACAAACTGCTTTC,0,18775
TSS_1414_storz_regulondb,0.5,1,1,GGATGTCGCCATCACACGTC,0,28817
TSS_1414_storz_regulondb,0.5,1,1,GGATGTCACCCATACAGGGA,0,32562
TSS_1414_storz_regulondb,0.5,1,1,GGATGGGCAGCCCCATCCTG,0,72441
TSS_1414_storz_regulondb,0.5,1,1,GGATGCGCTCAACGCCGGAT,0,14354
TSS_1414_storz_regulondb,0.5,1,1,GGATGCGCGACGCGGCGAGT,0,21529
TSS_1414_storz_regulondb,0.5,1,1,GGATCTGGCTCCCAGTCTGC,0,71196
TSS_1414_storz_regulondb,0.5,1,1,GGATCGATTCGGCTATAAGC,0,7824
TSS_1414_storz_regulondb,0.5,1,1,GGATATTGGACTGATTCCCT,0,81071
TSS_1414_storz_regulondb,0.5,1,1,GGATATGTACACACGGAACC,0,18435
TSS_1414_storz_regulondb,0.5,1,1,GGATAAAGGAGACGAGCTTA,0,44370
TSS_1414_storz_regulondb,0.5,1,1,GGAGTGAACCAGAAGGGACT,0,27150
TSS_1414_storz_regulondb,0.5,1,1,GGAGTCACTTCCATTGTCGC,0,23183
TSS_1414_storz_regulondb,0.5,1,1,GGAGTAATGAAGGCGCTTAC,0,3475
TSS_1414_storz_regulondb,0.5,1,1,GGAGGTCACTTGTAAGGGTA,0,11590
TSS_1414_storz_regulondb,0.5,1,1,GGAGGGGTTGTTGAGCTGAG,0,41722
TSS_1414_storz_regulondb,0.5,1,1,GGAGGCGGCGTTTATGTGTA,0,71255
TSS_1414_storz_regulondb,0.5,1,1,GGAGGCCACAGCCCAGCACG,0,44200
TSS_1414_storz_regulondb,0.5,1,1,GGAGGAGTAGATGGAGCAAC,0,57726
TSS_1414_storz_regulondb,0.5,1,1,GGAGAGTAACTTTTGTAACC,0,17934
TSS_1414_storz_regulondb,0.5,1,1,GGAGACGACTGCCTTCATTA,0,67877
TSS_1414_storz_regulondb,0.5,1,1,GGAGAAGCGGAGAGGAAGGA,0,46569
TSS_1414_storz_regulondb,0.5,1,1,GGAGAAACAGGTCGCATTAT,0,72053
TSS_1414_storz_regulondb,0.5,1,1,GGACTTGGTAGGTAAAACCT,0,18279
TSS_1414_storz_regulondb,0.5,1,1,GGACTCGTTGCGTGTTGTGA,0,80669
TSS_1414_storz_regulondb,0.5,1,1,GGACTCAGTGTATGTGGCTT,0,67711
TSS_1414_storz_regulondb,0.5,1,1,GGACGGACCGGTAGTGTTAA,0,23864
TSS_1414_storz_regulondb,0.5,1,1,GGACGCTGGGGCGCTATTGG,0,14577
TSS_1414_storz_regulondb,0.5,1,1,GGACGCATATGCCAATTTGG,0,6520
TSS_1414_storz_regulondb,0.5,1,1,GGACCTCACTGAATCCTATC,0,57173
TSS_1414_storz_regulondb,0.5,1,1,GGACCGTAGGGTTGGCCATG,0,71781
TSS_1414_storz_regulondb,0.5,1,1,GGACCGAGTGACCGCAAACC,0,19485
TSS_1414_storz_regulondb,0.5,1,1,GGACATTTGGGGAGAACCTT,0,61545
TSS_1414_storz_regulondb,0.5,1,1,GGACAGCAATGGTTGCAATA,0,76948
TSS_1414_storz_regulondb,0.5,1,1,GGAATGGTCATAACTGAATC,0,75921
TSS_1414_storz_regulondb,0.5,1,1,GGAATATCAGTCATGAACCC,0,61768
TSS_1414_storz_regulondb,0.5,1,1,GGAAGGGCTTGCAGTTCTTC,0,24945
TSS_1414_storz_regulondb,0.5,1,1,GGAAGCGATATGGGTCAGCG,0,62120
TSS_1414_storz_regulondb,0.5,1,1,GGAAATCGTAATCTAGCCCA,0,1326
TSS_1414_storz_regulondb,0.5,1,1,GGAAAGTGGACCCAAATCAG,0,2083
TSS_1414_storz_regulondb,0.5,1,1,GGAAAGCCCGACCTATGCCC,0,14512
TSS_1414_storz_regulondb,0.5,1,1,GGAAACGTCCACCAGACCTT,0,2754
TSS_1414_storz_regulondb,0.5,1,1,GCTTTGTAGCTGAGTGTGAG,0,19474
TSS_1414_storz_regulondb,0.5,1,1,GCTTTCCTGTTCGCTTAGTC,0,45528
TSS_1414_storz_regulondb,0.5,1,1,GCTTTCCCCCCAATGAATCT,0,79716
TSS_1414_storz_regulondb,0.5,1,1,GCTTTCAACGTAGGCTGCAA,0,59271
TSS_1414_storz_regulondb,0.5,1,1,GCTTTACTACACGAGCCCGC,0,3834
TSS_1414_storz_regulondb,0.5,1,1,GCTTGTTGTGTCCCCAGTGG,0,4156
TSS_1414_storz_regulondb,0.5,1,1,GCTTGTTAAGTTAAGTGATA,0,79943
TSS_1414_storz_regulondb,0.5,1,1,GCTTGTGAGTACCAATAAAA,0,64064
TSS_1414_storz_regulondb,0.5,1,1,GCTTGGAGAAGCACGCTGAA,0,36731
TSS_1414_storz_regulondb,0.5,1,1,GCTTGCTAATTTCCCACATT,0,36150
TSS_1414_storz_regulondb,0.5,1,1,GCTTCGTTGGTTTAAGCGAC,0,72802
TSS_1414_storz_regulondb,0.5,1,1,GCTTCGCTACAGCTGGCCTC,0,26949
TSS_1414_storz_regulondb,0.5,1,1,GCTTAAGTTAACTACGCCGT,0,4367
TSS_1414_storz_regulondb,0.5,1,1,GCTGTGGTACTACATCTTGC,0,30614
TSS_1414_storz_regulondb,0.5,1,1,GCTGTCTGCATTACTAAGCG,0,60771
TSS_1414_storz_regulondb,0.5,1,1,GCTGGTTACAGAATTTTCTC,0,17972
TSS_1414_storz_regulondb,0.5,1,1,GCTGGGCACGCACTGCCGGC,0,46149
TSS_1414_storz_regulondb,0.5,1,1,GCTGGCTTTTTGGCTCCGCT,0,725
TSS_1414_storz_regulondb,0.5,1,1,GCTGGCGTGAAAATTTATCT,0,61014
TSS_1414_storz_regulondb,0.5,1,1,GCTGGAAGGATATACTTTAG,0,59203
TSS_1414_storz_regulondb,0.5,1,1,GCTGCGGGGTAGTAGAAGAA,0,53905
TSS_1414_storz_regulondb,0.5,1,1,GCTGCCGCGAAACTCTGGTA,0,54983
TSS_1414_storz_regulondb,0.5,1,1,GCTGCAACCATTGTATAAAT,0,34956
TSS_1414_storz_regulondb,0.5,1,1,GCTGATGCTCGAACAGGGTT,0,64721
TSS_1414_storz_regulondb,0.5,1,1,GCTCTTCTGTATACGGTTCC,0,63986
TSS_1414_storz_regulondb,0.5,1,1,GCTCTCGCCCAACTACCCGG,0,36349
TSS_1414_storz_regulondb,0.5,1,1,GCTCTACTTTATGTAAGCCG,0,36511
TSS_1414_storz_regulondb,0.5,1,1,GCTCTACGACTGGATGCTTA,0,9291
TSS_1414_storz_regulondb,0.5,1,1,GCTCGTCCGAGGACTGGAAC,0,76308
TSS_1414_storz_regulondb,0.5,1,1,GCTCGGTCAACCGCTGCGCA,0,16083
TSS_1414_storz_regulondb,0.5,1,1,GCTCGCAATTATCCATTATA,0,13633
TSS_1414_storz_regulondb,0.5,1,1,GCTCAAACCCATGTATGGCC,0,13764
TSS_1414_storz_regulondb,0.5,1,1,GCTATCTTTGGCCTAAGTAC,0,49573
TSS_1414_storz_regulondb,0.5,1,1,GCTATAAATGCATCCGGCTT,0,17711
TSS_1414_storz_regulondb,0.5,1,1,GCTAGTCATCCCGCTGACTG,0,70308
TSS_1414_storz_regulondb,0.5,1,1,GCTAGGTTAGCCGCAATTAT,0,73823
TSS_1414_storz_regulondb,0.5,1,1,GCTAGACTCGACGGCGCACA,0,2401
TSS_1414_storz_regulondb,0.5,1,1,GCTACTCATAAACGGTACAG,0,46440
TSS_1414_storz_regulondb,0.5,1,1,GCTACCGTCATTGGTATAGT,0,47514
TSS_1414_storz_regulondb,0.5,1,1,GCTACCGATTGTGAAACGCT,0,48866
TSS_1414_storz_regulondb,0.5,1,1,GCTAAGTCACAATGTCTTGA,0,36003
TSS_1414_storz_regulondb,0.5,1,1,GCGTTTCAAGTTCACATTAT,0,39099
TSS_1414_storz_regulondb,0.5,1,1,GCGTTGCTCAGTTGTCACTT,0,42411
TSS_1414_storz_regulondb,0.5,1,1,GCGTTCCTGCACATGAGTGA,0,38780
TSS_1414_storz_regulondb,0.5,1,1,GCGTGCGGTCTCACTTGGGT,0,14378
TSS_1414_storz_regulondb,0.5,1,1,GCGTGCCGAGGTGGGGTTGT,0,22530
TSS_1414_storz_regulondb,0.5,1,1,GCGTGCCAAAAGAAGTGCTA,0,1427
TSS_1414_storz_regulondb,0.5,1,1,GCGTGCACAGACCCGGTTGC,0,71275
TSS_1414_storz_regulondb,0.5,1,1,GCGTGAGTTTAATCCGACAA,0,60080
TSS_1414_storz_regulondb,0.5,1,1,GCGTGAGGCGGGATGATCTC,0,46932
TSS_1414_storz_regulondb,0.5,1,1,GCGTCTGAATAAAGTTATGT,0,5505
TSS_1414_storz_regulondb,0.5,1,1,GCGTCTCGCAGTTCATCAGC,0,27107
TSS_1414_storz_regulondb,0.5,1,1,GCGTCGGACCTATAATGCAG,0,502
TSS_1414_storz_regulondb,0.5,1,1,GCGTCCAGAGGCTTGTGAGT,0,18715
TSS_1414_storz_regulondb,0.5,1,1,GCGTACCGCGGATTCGGACA,0,216
TSS_1414_storz_regulondb,0.5,1,1,GCGGTTTGCTCCGGTACGAC,0,25348
TSS_1414_storz_regulondb,0.5,1,1,GCGGTTTCCCGGCTCCAAGT,0,23370
TSS_1414_storz_regulondb,0.5,1,1,GCGGTTCTATGCAGGAGAAT,0,13153
TSS_1414_storz_regulondb,0.5,1,1,GCGGTGGTTATTGCATTTAT,0,29173
TSS_1414_storz_regulondb,0.5,1,1,GCGGTCGCCACAAGGTCGCA,0,60325
TSS_1414_storz_regulondb,0.5,1,1,GCGGTCCCGGTGAAACTCCA,0,15882
TSS_1414_storz_regulondb,0.5,1,1,GCGGTAACCACTAGGTCCAA,0,38035
TSS_1414_storz_regulondb,0.5,1,1,GCGGGTTTAGCCAAAGGAAT,0,80258
TSS_1414_storz_regulondb,0.5,1,1,GCGGGCGTGATACGACCGCC,0,61986
TSS_1414_storz_regulondb,0.5,1,1,GCGGGATGACTGCAGCAAAA,0,8962
TSS_1414_storz_regulondb,0.5,1,1,GCGGGAGCGACCGTGGGCCG,0,79653
TSS_1414_storz_regulondb,0.5,1,1,GCGGGACAACCCGGGAATTA,0,33934
TSS_1414_storz_regulondb,0.5,1,1,GCGGCGCGCACTCGCAGATT,0,11080
TSS_1414_storz_regulondb,0.5,1,1,GCGGCGCAATGCTTTGGCGT,0,67646
TSS_1414_storz_regulondb,0.5,1,1,GCGGCCGTGATCATGCGCGG,0,49506
TSS_1414_storz_regulondb,0.5,1,1,GCGGCATCGGTTGAAGGCTC,0,64
TSS_1414_storz_regulondb,0.5,1,1,GCGGCACGATCACTTGAACG,0,20605
TSS_1414_storz_regulondb,0.5,1,1,GCGGACTACCTTTAGAGGCC,0,10805
TSS_1414_storz_regulondb,0.5,1,1,GCGGAAGGTCAAGGCGTAAC,0,47479
TSS_1414_storz_regulondb,0.5,1,1,GCGCTTGCGGCGGGAGACGT,0,14638
TSS_1414_storz_regulondb,0.5,1,1,GCGCTTCGCCATGACTTTCA,0,60017
TSS_1414_storz_regulondb,0.5,1,1,GCGCTTAGTTTCATCGAGTC,0,16877
TSS_1414_storz_regulondb,0.5,1,1,GCGCGTGGGGTCCTTAGCCA,0,70533
TSS_1414_storz_regulondb,0.5,1,1,GCGCGGGTGATTTTGACTTG,0,80966
TSS_1414_storz_regulondb,0.5,1,1,GCGCCTTCCTCACGACAACT,0,61117
TSS_1414_storz_regulondb,0.5,1,1,GCGCCCGGTGACGGCCTAGA,0,33509
TSS_1414_storz_regulondb,0.5,1,1,GCGCCACAACGCTTACGGTC,0,16035
TSS_1414_storz_regulondb,0.5,1,1,GCGCACCATTGAAAAGGCCA,0,53417
TSS_1414_storz_regulondb,0.5,1,1,GCGCAATTTGGGGCCAGTGT,0,55261
TSS_1414_storz_regulondb,0.5,1,1,GCGCAAGGGCGCGGTGTGTT,0,53634
TSS_1414_storz_regulondb,0.5,1,1,GCGATTCAGGTGACGAACTC,0,56209
TSS_1414_storz_regulondb,0.5,1,1,GCGATGTTCGGAAGGGAGGA,0,67478
TSS_1414_storz_regulondb,0.5,1,1,GCGATGATTTAGTGGACGCA,0,15474
TSS_1414_storz_regulondb,0.5,1,1,GCGATCATGCAAGGATCTTG,0,8660
TSS_1414_storz_regulondb,0.5,1,1,GCGAGTTGTTACGTCGCGAA,0,64501
TSS_1414_storz_regulondb,0.5,1,1,GCGAGGAGAGATTAAATTAG,0,68737
TSS_1414_storz_regulondb,0.5,1,1,GCGAGCCTAAATTTGGGACA,0,71013
TSS_1414_storz_regulondb,0.5,1,1,GCGAGCCCCATAGGACGGTA,0,10681
TSS_1414_storz_regulondb,0.5,1,1,GCGACCGTGATCTTCCAATA,0,4742
TSS_1414_storz_regulondb,0.5,1,1,GCGACCGCGCGTTAAATTAA,0,47518
TSS_1414_storz_regulondb,0.5,1,1,GCGAATCATTGGGGAGTCTT,0,35909
TSS_1414_storz_regulondb,0.5,1,1,GCCTTCGACACAACGGGGCA,0,60674
TSS_1414_storz_regulondb,0.5,1,1,GCCTTATGTGTCGGGCGCTC,0,35013
TSS_1414_storz_regulondb,0.5,1,1,GCCTTACGGGCATATCTATC,0,36708
TSS_1414_storz_regulondb,0.5,1,1,GCCTGACAGGGCCTCGCACT,0,31512
TSS_1414_storz_regulondb,0.5,1,1,GCCTCTCAACCACAAAAGGT,0,1510
TSS_1414_storz_regulondb,0.5,1,1,GCCTCCCTATGTGGACTGAA,0,11215
TSS_1414_storz_regulondb,0.5,1,1,GCCTATGGACCTATGGTGCC,0,47340
TSS_1414_storz_regulondb,0.5,1,1,GCCTATCGCACGGGTAAATC,0,4210
TSS_1414_storz_regulondb,0.5,1,1,GCCTATATAAATTTCGGCTG,0,6207
TSS_1414_storz_regulondb,0.5,1,1,GCCTAATAGAGTGAGGTCCG,0,72399
TSS_1414_storz_regulondb,0.5,1,1,GCCGTCCATGGTGGGAGAAT,0,6196
TSS_1414_storz_regulondb,0.5,1,1,GCCGTAGTAATTCGCGATGG,0,80385
TSS_1414_storz_regulondb,0.5,1,1,GCCGGTAGGTCAGCAAGATG,0,57484
TSS_1414_storz_regulondb,0.5,1,1,GCCGGCTAGTGGTGGGATGA,0,27262
TSS_1414_storz_regulondb,0.5,1,1,GCCGGCCGATCTTGACACAT,0,16013
TSS_1414_storz_regulondb,0.5,1,1,GCCGGAGACGCACGGGGCGT,0,25935
TSS_1414_storz_regulondb,0.5,1,1,GCCGCCTTAACAAACACGGT,0,27172
TSS_1414_storz_regulondb,0.5,1,1,GCCGCACTGCCTTCTTTCTT,0,45701
TSS_1414_storz_regulondb,0.5,1,1,GCCGAGAGAGCTGTGTCCAA,0,80703
TSS_1414_storz_regulondb,0.5,1,1,GCCGAGAATATTGGCATATT,0,51636
TSS_1414_storz_regulondb,0.5,1,1,GCCGACCCCGTCGCACGTGT,0,27018
TSS_1414_storz_regulondb,0.5,1,1,GCCGAAATCGGGATCGGAAA,0,18447
TSS_1414_storz_regulondb,0.5,1,1,GCCCGTTTCCTTCGAATTGC,0,35749
TSS_1414_storz_regulondb,0.5,1,1,GCCCGTATGGTGTCAGACTA,0,34841
TSS_1414_storz_regulondb,0.5,1,1,GCCCGGTCGAGAAAAGGCTT,0,52981
TSS_1414_storz_regulondb,0.5,1,1,GCCCGCTGTGAACATCGTTA,0,30642
TSS_1414_storz_regulondb,0.5,1,1,GCCCGCGATCGCGGGCGGGA,0,63152
TSS_1414_storz_regulondb,0.5,1,1,GCCCGAGGGTCAGCAGGGCT,0,53447
TSS_1414_storz_regulondb,0.5,1,1,GCCCCGGCAGCCCGTCCAAC,0,18467
TSS_1414_storz_regulondb,0.5,1,1,GCCCCCAGTGTAAAATGTAC,0,61209
TSS_1414_storz_regulondb,0.5,1,1,GCCCCATATGAATTAAAAGC,0,53805
TSS_1414_storz_regulondb,0.5,1,1,GCCCAGCTTTATGCATATAC,0,20290
TSS_1414_storz_regulondb,0.5,1,1,GCCCACGGAGGCTGACATAG,0,39832
TSS_1414_storz_regulondb,0.5,1,1,GCCATGGTAGCTGTGCTTCG,0,49843
TSS_1414_storz_regulondb,0.5,1,1,GCCATGGGTGTGTTAGGCTG,0,43632
TSS_1414_storz_regulondb,0.5,1,1,GCCAGTGGGCCTTATCGGAT,0,68621
TSS_1414_storz_regulondb,0.5,1,1,GCCAGTGACTTGTGTGAAAC,0,70391
TSS_1414_storz_regulondb,0.5,1,1,GCCAGGATGGTCCATGCGAA,0,141
TSS_1414_storz_regulondb,0.5,1,1,GCCAGCCCTGATGGGAATAC,0,54046
TSS_1414_storz_regulondb,0.5,1,1,GCCAGATCATGGGAAACGAC,0,50015
TSS_1414_storz_regulondb,0.5,1,1,GCCAGAAGGTAGGATCAGCT,0,21603
TSS_1414_storz_regulondb,0.5,1,1,GCCACCCAAGTTACACGAGT,0,61516
TSS_1414_storz_regulondb,0.5,1,1,GCCAATGTGATATCTGGGTT,0,4786
TSS_1414_storz_regulondb,0.5,1,1,GCCAAGGAGTGAAAATCTTC,0,57677
TSS_1414_storz_regulondb,0.5,1,1,GCATGTCAGTTTAACGCTGG,0,78131
TSS_1414_storz_regulondb,0.5,1,1,GCATGGTAGAACCGCGATAG,0,9568
TSS_1414_storz_regulondb,0.5,1,1,GCATGGCCACGGGAAATTAG,0,69548
TSS_1414_storz_regulondb,0.5,1,1,GCATCTTCTCCTCAACACAT,0,75405
TSS_1414_storz_regulondb,0.5,1,1,GCATCAGGATTAGAGAATTT,0,23533
TSS_1414_storz_regulondb,0.5,1,1,GCATATAGTTATCATATTGC,0,45061
TSS_1414_storz_regulondb,0.5,1,1,GCATACGAGTGCCACACGGT,0,7224
TSS_1414_storz_regulondb,0.5,1,1,GCATACCGCGGAAATAAAGA,0,59268
TSS_1414_storz_regulondb,0.5,1,1,GCATAATACTAAAAATGATC,0,60872
TSS_1414_storz_regulondb,0.5,1,1,GCAGTTTGATGCACAGCGGC,0,21087
TSS_1414_storz_regulondb,0.5,1,1,GCAGTTACGCGTGAAAATGT,0,8
TSS_1414_storz_regulondb,0.5,1,1,GCAGTCTCCAGGTGCCATTA,0,6499
TSS_1414_storz_regulondb,0.5,1,1,GCAGGCATGTGTGGCTCCTT,0,11446
TSS_1414_storz_regulondb,0.5,1,1,GCAGCGTTCCGTCTGTAGGC,0,13414
TSS_1414_storz_regulondb,0.5,1,1,GCAGCGGTTCCTTCGTGGAC,0,8250
TSS_1414_storz_regulondb,0.5,1,1,GCAGCGAGCGTTCAGTGCCA,0,42507
TSS_1414_storz_regulondb,0.5,1,1,GCAGCCTTATCTATTTATGG,0,34193
TSS_1414_storz_regulondb,0.5,1,1,GCAGCACTGGGTGAGCTATC,0,5058
TSS_1414_storz_regulondb,0.5,1,1,GCACTCCTAAGGCATGAGCA,0,21871
TSS_1414_storz_regulondb,0.5,1,1,GCACTAGCATCTCCGTGATA,0,71219
TSS_1414_storz_regulondb,0.5,1,1,GCACGAAGGTTGGCAAATTG,0,2922
TSS_1414_storz_regulondb,0.5,1,1,GCACCGCCTAGCGGATATTG,0,72659
TSS_1414_storz_regulondb,0.5,1,1,GCACCGAATGGAAGGGACAA,0,15967
TSS_1414_storz_regulondb,0.5,1,1,GCACCATTGGGATCGATCCG,0,10304
TSS_1414_storz_regulondb,0.5,1,1,GCACCACGGGGGGTGCGGCG,0,73206
TSS_1414_storz_regulondb,0.5,1,1,GCACCAACAGGCACACGATA,0,80002
TSS_1414_storz_regulondb,0.5,1,1,GCACATCCTGCCATATTGCA,0,73364
TSS_1414_storz_regulondb,0.5,1,1,GCACAGGTTGTTAGAGTAGG,0,74487
TSS_1414_storz_regulondb,0.5,1,1,GCACACCGTGGCACTGTGAC,0,31996
TSS_1414_storz_regulondb,0.5,1,1,GCAAGGTAGATAACATGTGC,0,71247
TSS_1414_storz_regulondb,0.5,1,1,GCAAGGAGCTCTGTGAAATA,0,38669
TSS_1414_storz_regulondb,0.5,1,1,GCAAGCCCATTAATGTGGGG,0,32867
TSS_1414_storz_regulondb,0.5,1,1,GCAAGAGGATTGCCGGTCAG,0,48809
TSS_1414_storz_regulondb,0.5,1,1,GCAACCCTGACTTCAGCTCT,0,41492
TSS_1414_storz_regulondb,0.5,1,1,GCAAAGCTGATCCAAGAAGG,0,58349
TSS_1414_storz_regulondb,0.5,1,1,GCAAAGAGCTAGTACATCGT,0,60039
TSS_1414_storz_regulondb,0.5,1,1,GCAAAAGTCCATTTCACGCA,0,15747
TSS_1414_storz_regulondb,0.5,1,1,GCAAAACCGTCCGATCGGGC,0,50691
TSS_1414_storz_regulondb,0.5,1,1,GATTTTTATCCACTGAGATC,0,56948
TSS_1414_storz_regulondb,0.5,1,1,GATTTTAGCAAACGTCGCCT,0,77736
TSS_1414_storz_regulondb,0.5,1,1,GATTTGAGCAGGGGGACTTA,0,31370
TSS_1414_storz_regulondb,0.5,1,1,GATTGGGCTAATATACAGGT,0,25836
TSS_1414_storz_regulondb,0.5,1,1,GATTGACACCAAGTTAATAA,0,25023
TSS_1414_storz_regulondb,0.5,1,1,GATTGAAAATCCACAAAACC,0,80284
TSS_1414_storz_regulondb,0.5,1,1,GATTCGAGAAAGCGATTGGT,0,20035
TSS_1414_storz_regulondb,0.5,1,1,GATTATGAGTGGGGACCGGA,0,37732
TSS_1414_storz_regulondb,0.5,1,1,GATTACCGTAATAGGTCTTT,0,61418
TSS_1414_storz_regulondb,0.5,1,1,GATGTAAATGAGACATGAGG,0,7748
TSS_1414_storz_regulondb,0.5,1,1,GATGGTTGTAACTGGATTAC,0,47465
TSS_1414_storz_regulondb,0.5,1,1,GATGGTCGCAGGTCGCACGT,0,63560
TSS_1414_storz_regulondb,0.5,1,1,GATGGGGATGGTCTATCCCG,0,35311
TSS_1414_storz_regulondb,0.5,1,1,GATGCTACGAACGCTTAGTC,0,47555
TSS_1414_storz_regulondb,0.5,1,1,GATGCGCAGTCGCCGCATTC,0,3378
TSS_1414_storz_regulondb,0.5,1,1,GATGCCCTGATTAGTGGATT,0,69224
TSS_1414_storz_regulondb,0.5,1,1,GATGCCAATCAAAGTTCTTC,0,28612
TSS_1414_storz_regulondb,0.5,1,1,GATGATCTCACAGTAAGCAA,0,75433
TSS_1414_storz_regulondb,0.5,1,1,GATGACCTTGCTAGTTTATT,0,35563
TSS_1414_storz_regulondb,0.5,1,1,GATGAACCACGGGCGAGACC,0,540
TSS_1414_storz_regulondb,0.5,1,1,GATCTTTATAATTAAAGGTC,0,46080
TSS_1414_storz_regulondb,0.5,1,1,GATCTCGCATGTTACGTGGG,0,32878
TSS_1414_storz_regulondb,0.5,1,1,GATCTAGCTGAGTAATATAT,0,46166
TSS_1414_storz_regulondb,0.5,1,1,GATCTACCAGAAATCAACAG,0,30316
TSS_1414_storz_regulondb,0.5,1,1,GATCGCGCCGCGTTAGAGAA,0,68116
TSS_1414_storz_regulondb,0.5,1,1,GATCGAGCGTATACGGGGAC,0,6883
TSS_1414_storz_regulondb,0.5,1,1,GATCCTATAAAGTACGGGAG,0,3448
TSS_1414_storz_regulondb,0.5,1,1,GATCCATGTCTTTTAAATAG,0,62465
TSS_1414_storz_regulondb,0.5,1,1,GATCAGCGCAGCCTCAATTC,0,35153
TSS_1414_storz_regulondb,0.5,1,1,GATCACCGGTTAACATAGTA,0,42313
TSS_1414_storz_regulondb,0.5,1,1,GATATTGAGGTCACGGGGAT,0,80634
TSS_1414_storz_regulondb,0.5,1,1,GATATGCAGAGGGCCGCGGG,0,45782
TSS_1414_storz_regulondb,0.5,1,1,GATATCTATGCCCGAAGGCG,0,64986
TSS_1414_storz_regulondb,0.5,1,1,GATATAATTTTGTTGATTTA,0,63291
TSS_1414_storz_regulondb,0.5,1,1,GATAGGTACCCAACCGCGTC,0,72265
TSS_1414_storz_regulondb,0.5,1,1,GATAGCCCACGAGAGTCTCC,0,61292
TSS_1414_storz_regulondb,0.5,1,1,GATAGCCACGCAGTACTGGC,0,9257
TSS_1414_storz_regulondb,0.5,1,1,GATAGAGGGCCAAAGGACAG,0,34262
TSS_1414_storz_regulondb,0.5,1,1,GATAGACGATTCCTCTTACT,0,29379
TSS_1414_storz_regulondb,0.5,1,1,GATACTGTGAGTCCCTTGTC,0,6891
TSS_1414_storz_regulondb,0.5,1,1,GATAAGCACTCGTATAGTTC,0,43613
TSS_1414_storz_regulondb,0.5,1,1,GATAACCGAAAACATGGACA,0,12526
TSS_1414_storz_regulondb,0.5,1,1,GAGTTCGATTAATTCACTGG,0,80004
TSS_1414_storz_regulondb,0.5,1,1,GAGTTATCTACATAAGGTGA,0,35206
TSS_1414_storz_regulondb,0.5,1,1,GAGTGGGCGCTGATGTCACC,0,49858
TSS_1414_storz_regulondb,0.5,1,1,GAGTGCGCTGTGTTCCCAAG,0,32385
TSS_1414_storz_regulondb,0.5,1,1,GAGTGCCGGCCAAGACACCA,0,2072
TSS_1414_storz_regulondb,0.5,1,1,GAGTGACCTATATAACGACT,0,48222
TSS_1414_storz_regulondb,0.5,1,1,GAGTCTACGGTTCGGCCTGA,0,46188
TSS_1414_storz_regulondb,0.5,1,1,GAGTATTGGAAGATTGTCTT,0,42112
TSS_1414_storz_regulondb,0.5,1,1,GAGTATACGACCACGGAACT,0,51310
TSS_1414_storz_regulondb,0.5,1,1,GAGTAGACGCGTGGAGCTGT,0,16673
TSS_1414_storz_regulondb,0.5,1,1,GAGTACGGATCTATGAGCCT,0,16541
TSS_1414_storz_regulondb,0.5,1,1,GAGGTTGCCATATTTACTTA,0,66995
TSS_1414_storz_regulondb,0.5,1,1,GAGGTGTCGGATGGTGAGGC,0,70123
TSS_1414_storz_regulondb,0.5,1,1,GAGGTGAATGCGTGAATCGA,0,2033
TSS_1414_storz_regulondb,0.5,1,1,GAGGTATTTGCGCGTATGAG,0,44275
TSS_1414_storz_regulondb,0.5,1,1,GAGGGGGTTTGCGCAATTTA,0,14670
TSS_1414_storz_regulondb,0.5,1,1,GAGGCGCAACCACTTGTTAC,0,40560
TSS_1414_storz_regulondb,0.5,1,1,GAGGCCGGAGACCCGCACGT,0,44437
TSS_1414_storz_regulondb,0.5,1,1,GAGGATATCAAAATTGACAG,0,17310
TSS_1414_storz_regulondb,0.5,1,1,GAGGATACAGCTTTACTCGG,0,38029
TSS_1414_storz_regulondb,0.5,1,1,GAGGAGTTATATCATCTATA,0,59072
TSS_1414_storz_regulondb,0.5,1,1,GAGGAGGTAATCCCGGAATG,0,41307
TSS_1414_storz_regulondb,0.5,1,1,GAGCTTCCCTGCTAACCTAT,0,20205
TSS_1414_storz_regulondb,0.5,1,1,GAGCTCCAACCAATTAGCTC,0,56185
TSS_1414_storz_regulondb,0.5,1,1,GAGCGTTCCCTCGATACGCA,0,29124
TSS_1414_storz_regulondb,0.5,1,1,GAGCGTCGCGCATACCATAT,0,62413
TSS_1414_storz_regulondb,0.5,1,1,GAGCGAGTACCGCAGTTGCA,0,71324
TSS_1414_storz_regulondb,0.5,1,1,GAGCCGTCTAGTGGTGATCA,0,53279
TSS_1414_storz_regulondb,0.5,1,1,GAGCCGGCCTGATCAATGTC,0,65651
TSS_1414_storz_regulondb,0.5,1,1,GAGCCCTAAGTGACGTCGGC,0,51705
TSS_1414_storz_regulondb,0.5,1,1,GAGCCCCCTTAAGTAAGGGA,0,51937
TSS_1414_storz_regulondb,0.5,1,1,GAGCCCAGGATGCCGGGGGT,0,1544
TSS_1414_storz_regulondb,0.5,1,1,GAGCATTTTACGTGCGCGTC,0,58894
TSS_1414_storz_regulondb,0.5,1,1,GAGCAGTCCTTCATAATCTT,0,53817
TSS_1414_storz_regulondb,0.5,1,1,GAGCAAGATGGAACAACGTT,0,79796
TSS_1414_storz_regulondb,0.5,1,1,GAGATGCGTTCTTCTTGGTT,0,53967
TSS_1414_storz_regulondb,0.5,1,1,GAGATCTAGCAGTCGAGCAT,0,79574
TSS_1414_storz_regulondb,0.5,1,1,GAGATATGAGGAGGGCGCCA,0,43928
TSS_1414_storz_regulondb,0.5,1,1,GAGATAACTATGGCTTTGTA,0,18797
TSS_1414_storz_regulondb,0.5,1,1,GAGAGTTCACTACCAATAGG,0,80249
TSS_1414_storz_regulondb,0.5,1,1,GAGAGTTAAGCGCCACTTCT,0,62272
TSS_1414_storz_regulondb,0.5,1,1,GAGAGCAATGTAGCAATGCA,0,41889
TSS_1414_storz_regulondb,0.5,1,1,GAGAGAACAGGATATGCCTT,0,57582
TSS_1414_storz_regulondb,0.5,1,1,GAGACGTCTTGCACAAATTG,0,7330
TSS_1414_storz_regulondb,0.5,1,1,GAGACGGGACGTTTCCAGAA,0,56869
TSS_1414_storz_regulondb,0.5,1,1,GAGACCGGCTATGCGAGTGA,0,55502
TSS_1414_storz_regulondb,0.5,1,1,GAGACAATAATGCATAGAAT,0,27157
TSS_1414_storz_regulondb,0.5,1,1,GAGAATCGGGCGTTACACGT,0,3768
TSS_1414_storz_regulondb,0.5,1,1,GACTTTTTTCAACCGGATCT,0,77027
TSS_1414_storz_regulondb,0.5,1,1,GACTTTCGTGTCCGTCAATG,0,44754
TSS_1414_storz_regulondb,0.5,1,1,GACTTGGCTATGCAGGAAGT,0,7922
TSS_1414_storz_regulondb,0.5,1,1,GACTTCGCCGCGACGCAGAG,0,47980
TSS_1414_storz_regulondb,0.5,1,1,GACTAAGTGTAATCGTTTGG,0,8010
TSS_1414_storz_regulondb,0.5,1,1,GACGTAGTTCTAAAAATCTG,0,63853
TSS_1414_storz_regulondb,0.5,1,1,GACGGGGTGTGGAGGATCTT,0,17719
TSS_1414_storz_regulondb,0.5,1,1,GACGGGAATCTGGTAGAAGT,0,64015
TSS_1414_storz_regulondb,0.5,1,1,GACGGCGGCGGTCACGGTAG,0,36306
TSS_1414_storz_regulondb,0.5,1,1,GACGGAAGGAGGTGGACCTC,0,37557
TSS_1414_storz_regulondb,0.5,1,1,GACGAGGGGCGGCGGGTGGT,0,43069
TSS_1414_storz_regulondb,0.5,1,1,GACGAGCGAGTTAATACCAA,0,28703
TSS_1414_storz_regulondb,0.5,1,1,GACGAGAATATAGGGCTCGG,0,49481
TSS_1414_storz_regulondb,0.5,1,1,GACGAATGATGGTGTGTCCA,0,56117
TSS_1414_storz_regulondb,0.5,1,1,GACCTTTAAACATGAGTTAG,0,77955
TSS_1414_storz_regulondb,0.5,1,1,GACCTTGTCTACGGGACCCG,0,21088
TSS_1414_storz_regulondb,0.5,1,1,GACCTGGTTGACCTGAGCGA,0,6227
TSS_1414_storz_regulondb,0.5,1,1,GACCTCAAGGGTTATACTAG,0,22007
TSS_1414_storz_regulondb,0.5,1,1,GACCGATACGACCTCGAGTA,0,46992
TSS_1414_storz_regulondb,0.5,1,1,GACATCCAATTGCCTGCGCT,0,57891
TSS_1414_storz_regulondb,0.5,1,1,GACATCACATATCATCAAAA,0,10071
TSS_1414_storz_regulondb,0.5,1,1,GACATATGTCTATCATTGCC,0,73314
TSS_1414_storz_regulondb,0.5,1,1,GACATACGACATGATGGCCA,0,78960
TSS_1414_storz_regulondb,0.5,1,1,GACAGCTCATTTATGATACC,0,34040
TSS_1414_storz_regulondb,0.5,1,1,GACAGACCTCGTTGGACCGA,0,60224
TSS_1414_storz_regulondb,0.5,1,1,GACAGAAGTCGGGGTCAGTG,0,28970
TSS_1414_storz_regulondb,0.5,1,1,GACACGGATTACGATTGTAT,0,19694
TSS_1414_storz_regulondb,0.5,1,1,GACACAAAGGTCTGGTTCCT,0,19749
TSS_1414_storz_regulondb,0.5,1,1,GACAACCCATGATCCGACGT,0,67542
TSS_1414_storz_regulondb,0.5,1,1,GAATTCGGCTGCTGCAGGGT,0,53049
TSS_1414_storz_regulondb,0.5,1,1,GAATTCAATCAACGGACTTA,0,75986
TSS_1414_storz_regulondb,0.5,1,1,GAATTATTCACACCTCGGCA,0,11375
TSS_1414_storz_regulondb,0.5,1,1,GAATGTCCCTTATAACAGTG,0,56295
TSS_1414_storz_regulondb,0.5,1,1,GAATGCTTTTGTCATTCTGT,0,61296
TSS_1414_storz_regulondb,0.5,1,1,GAATGCCCAGTTTTCCGACC,0,15326
TSS_1414_storz_regulondb,0.5,1,1,GAATCTTACGAACCTCTCAG,0,17063
TSS_1414_storz_regulondb,0.5,1,1,GAATCGCGTTGTTTTACCAG,0,36005
TSS_1414_storz_regulondb,0.5,1,1,GAATCCGGTGACGGCTTATT,0,12672
TSS_1414_storz_regulondb,0.5,1,1,GAATCCCTCAGGGGTCCTGC,0,23863
TSS_1414_storz_regulondb,0.5,1,1,GAATCAATTCCATTATATCA,0,27014
TSS_1414_storz_regulondb,0.5,1,1,GAATATTGGACACATGAGGC,0,45870
TSS_1414_storz_regulondb,0.5,1,1,GAATAATCAGGCCGTACTGT,0,48788
TSS_1414_storz_regulondb,0.5,1,1,GAAGTTTGGCCGATGCTGTC,0,40713
TSS_1414_storz_regulondb,0.5,1,1,GAAGTGATGGGTAGCCGGTG,0,11591
TSS_1414_storz_regulondb,0.5,1,1,GAAGGGGCCAGTGACAATCA,0,64037
TSS_1414_storz_regulondb,0.5,1,1,GAAGCCGCGAGTCTCAGAAT,0,49945
TSS_1414_storz_regulondb,0.5,1,1,GAAGCATAAGGGACCTAACG,0,53435
TSS_1414_storz_regulondb,0.5,1,1,GAAGCATAAATGGCGTCAGG,0,66884
TSS_1414_storz_regulondb,0.5,1,1,GAAGCACTTATTTTTTCTGG,0,69647
TSS_1414_storz_regulondb,0.5,1,1,GAAGCACGTGTGCACGGCGC,0,63078
TSS_1414_storz_regulondb,0.5,1,1,GAAGCACGGGGTCTAGGAGA,0,61597
TSS_1414_storz_regulondb,0.5,1,1,GAAGAGGACCCCGGGTTGTA,0,9512
TSS_1414_storz_regulondb,0.5,1,1,GAACTTAGCTGAAACGCGCG,0,69813
TSS_1414_storz_regulondb,0.5,1,1,GAACTGCACGCCACGTTGTA,0,10026
TSS_1414_storz_regulondb,0.5,1,1,GAACGTACCAAGATATAGGC,0,41439
TSS_1414_storz_regulondb,0.5,1,1,GAACGGGCAACCTCCTAGCG,0,75497
TSS_1414_storz_regulondb,0.5,1,1,GAACGCAGGCACTGTGGCGT,0,74923
TSS_1414_storz_regulondb,0.5,1,1,GAACGACCACACATCCCGGT,0,62168
TSS_1414_storz_regulondb,0.5,1,1,GAACCTCGCATAGAATCTCA,0,15520
TSS_1414_storz_regulondb,0.5,1,1,GAACCGCAGCTGATCAAGAT,0,77373
TSS_1414_storz_regulondb,0.5,1,1,GAACCGAGATCGCACAAAGT,0,60966
TSS_1414_storz_regulondb,0.5,1,1,GAACCCAACAAGGGGGGTGC,0,23139
TSS_1414_storz_regulondb,0.5,1,1,GAACCATAGAAGACGGGCAA,0,75093
TSS_1414_storz_regulondb,0.5,1,1,GAACAGGTTGACTCATATCA,0,75639
TSS_1414_storz_regulondb,0.5,1,1,GAACACCAGGGCCGTTCATA,0,75664
TSS_1414_storz_regulondb,0.5,1,1,GAACAATGGCCTGATTGTTG,0,73376
TSS_1414_storz_regulondb,0.5,1,1,GAAATGTAGTTCACTGAAAG,0,26942
TSS_1414_storz_regulondb,0.5,1,1,GAAAGGGCCGGCCAAGTCGT,0,71549
TSS_1414_storz_regulondb,0.5,1,1,GAAACCGGGGTTTGAAATAG,0,24610
TSS_1414_storz_regulondb,0.5,1,1,GAAACCCGCGAGGAACGGAA,0,72566
TSS_1414_storz_regulondb,0.5,1,1,GAAACATCAGGTGCCCTAAT,0,15106
TSS_1414_storz_regulondb,0.5,1,1,GAAACAGCCCATCACAGGCG,0,52671
TSS_1414_storz_regulondb,0.5,1,1,GAAAATCTAGTATTGCTACC,0,66058
TSS_1414_storz_regulondb,0.5,1,1,GAAAATACTTTAAGTCGCGC,0,79661
TSS_1414_storz_regulondb,0.5,1,1,CTTTTTAGGTTCAAACGACA,0,65067
TSS_1414_storz_regulondb,0.5,1,1,CTTTTGCGTTGGTACTACGA,0,17699
TSS_1414_storz_regulondb,0.5,1,1,CTTTGGGCGGGACACTTGGA,0,68716
TSS_1414_storz_regulondb,0.5,1,1,CTTTCGGTTGACCACTAAAT,0,56725
TSS_1414_storz_regulondb,0.5,1,1,CTTTCGGCTTTCCTTCAGGC,0,16488
TSS_1414_storz_regulondb,0.5,1,1,CTTTAAATTTCATAAGGCTC,0,51955
TSS_1414_storz_regulondb,0.5,1,1,CTTGTGTGTCTTACATCAAC,0,11964
TSS_1414_storz_regulondb,0.5,1,1,CTTGTCCGATAGCACAAGAG,0,25131
TSS_1414_storz_regulondb,0.5,1,1,CTTGGTCTCCATCTGCGTGT,0,63201
TSS_1414_storz_regulondb,0.5,1,1,CTTGGACTACTCGGACTACC,0,31314
TSS_1414_storz_regulondb,0.5,1,1,CTTGCGGCACCTCGATATAT,0,62271
TSS_1414_storz_regulondb,0.5,1,1,CTTGCCATCCGGGTGAGTTA,0,38113
TSS_1414_storz_regulondb,0.5,1,1,CTTGCATTGCCGCTCGGCAT,0,24329
TSS_1414_storz_regulondb,0.5,1,1,CTTGCACCCACGAGAGAGCT,0,15112
TSS_1414_storz_regulondb,0.5,1,1,CTTGATACCGTTCGAAGCAT,0,17636
TSS_1414_storz_regulondb,0.5,1,1,CTTGACTTCGCTGCGGTTGG,0,79169
TSS_1414_storz_regulondb,0.5,1,1,CTTCTGGATCTCTAGGGGTG,0,11464
TSS_1414_storz_regulondb,0.5,1,1,CTTCTATGAATGATGTGAGG,0,2340
TSS_1414_storz_regulondb,0.5,1,1,CTTCTACTTTGCTAGACATC,0,3431
TSS_1414_storz_regulondb,0.5,1,1,CTTCTACACGCGTCAGACTG,0,51663
TSS_1414_storz_regulondb,0.5,1,1,CTTCGCAGATTCGGTATCAA,0,44672
TSS_1414_storz_regulondb,0.5,1,1,CTTCCTGTATCGGCGAAGAC,0,61606
TSS_1414_storz_regulondb,0.5,1,1,CTTCCCTTGTCTCGCAGATC,0,60886
TSS_1414_storz_regulondb,0.5,1,1,CTTCCAAGGCGCACGGTTTG,0,7871
TSS_1414_storz_regulondb,0.5,1,1,CTTCAGGGATATATTAAGGA,0,25938
TSS_1414_storz_regulondb,0.5,1,1,CTTCAGGCATTAAGGGCTGT,0,11261
TSS_1414_storz_regulondb,0.5,1,1,CTTCACGGCAACGAAGCTTA,0,21403
TSS_1414_storz_regulondb,0.5,1,1,CTTATGGGATTTTAACATCC,0,17942
TSS_1414_storz_regulondb,0.5,1,1,CTTATAATTGGGAGAGGAAA,0,70599
TSS_1414_storz_regulondb,0.5,1,1,CTTAGGGAAGCGCTATAATG,0,13056
TSS_1414_storz_regulondb,0.5,1,1,CTTACCGCAATTCCCCCCTC,0,63326
TSS_1414_storz_regulondb,0.5,1,1,CTTAAGGCTTACAGATGACG,0,42834
TSS_1414_storz_regulondb,0.5,1,1,CTTAACATAATAGAGTTTAA,0,72533
TSS_1414_storz_regulondb,0.5,1,1,CTTAAAACGGAACTTTGTAC,0,23301
TSS_1414_storz_regulondb,0.5,1,1,CTGTTTCTATATAGGTCGGG,0,28318
TSS_1414_storz_regulondb,0.5,1,1,CTGTTCACGGGGGCAAGCAG,0,27634
TSS_1414_storz_regulondb,0.5,1,1,CTGTGTCGTTCGGTGCCTAA,0,70570
TSS_1414_storz_regulondb,0.5,1,1,CTGTGCGGAGTAGGCCTCGG,0,4596
TSS_1414_storz_regulondb,0.5,1,1,CTGTGCAATGGAAACGAGGA,0,38221
TSS_1414_storz_regulondb,0.5,1,1,CTGTCCTCCCTAGTCCTTGA,0,20114
TSS_1414_storz_regulondb,0.5,1,1,CTGTCAACGCCCCTGGGTGA,0,65894
TSS_1414_storz_regulondb,0.5,1,1,CTGTAGGAGTGCAGCGGAAG,0,74267
TSS_1414_storz_regulondb,0.5,1,1,CTGTAGATAACGGGTATCCA,0,38698
TSS_1414_storz_regulondb,0.5,1,1,CTGTACTTTCTCGACGGTAG,0,17935
TSS_1414_storz_regulondb,0.5,1,1,CTGGTGACAACAGTATGAAC,0,10605
TSS_1414_storz_regulondb,0.5,1,1,CTGGTGAAATACTCTTAAAT,0,1087
TSS_1414_storz_regulondb,0.5,1,1,CTGGGTTAGCTTAGGCCACG,0,21379
TSS_1414_storz_regulondb,0.5,1,1,CTGGGCTTCAGTCACAAATG,0,36823
TSS_1414_storz_regulondb,0.5,1,1,CTGGGATCATAGAGTATGCC,0,78535
TSS_1414_storz_regulondb,0.5,1,1,CTGGGATACTTTCAGGAATA,0,59460
TSS_1414_storz_regulondb,0.5,1,1,CTGGGAATCTTTATCGCTAA,0,52416
TSS_1414_storz_regulondb,0.5,1,1,CTGGCTTAGGGTTAGGAGAG,0,23360
TSS_1414_storz_regulondb,0.5,1,1,CTGGCTCGCAATTGCAACGA,0,33990
TSS_1414_storz_regulondb,0.5,1,1,CTGGCGGGTCGCACGGTGAT,0,76526
TSS_1414_storz_regulondb,0.5,1,1,CTGGCGATAATTCGTCCGGA,0,383
TSS_1414_storz_regulondb,0.5,1,1,CTGGCCCGGGTCACTACCGG,0,74051
TSS_1414_storz_regulondb,0.5,1,1,CTGGCCATCCTAGATGCTTT,0,55543
TSS_1414_storz_regulondb,0.5,1,1,CTGGCAAGTAGGGCCAAACT,0,79188
TSS_1414_storz_regulondb,0.5,1,1,CTGGACCTTAATACTCGTTG,0,19005
TSS_1414_storz_regulondb,0.5,1,1,CTGGACATGACTCGATAAAT,0,69230
TSS_1414_storz_regulondb,0.5,1,1,CTGGAAAGACACTAAGTCCT,0,38567
TSS_1414_storz_regulondb,0.5,1,1,CTGCTGTTGGCCGGTTATGT,0,15501
TSS_1414_storz_regulondb,0.5,1,1,CTGCGTAATTTGCATCCCTT,0,35947
TSS_1414_storz_regulondb,0.5,1,1,CTGCGGGCGATTCGTGAAGG,0,52363
TSS_1414_storz_regulondb,0.5,1,1,CTGCGCGGAATAAACAGAAT,0,26238
TSS_1414_storz_regulondb,0.5,1,1,CTGCCCGTTACCACCTAGAG,0,13647
TSS_1414_storz_regulondb,0.5,1,1,CTGCCCAAGTTATTCCTGTT,0,20903
TSS_1414_storz_regulondb,0.5,1,1,CTGATTCAAACCTTCTAATA,0,29896
TSS_1414_storz_regulondb,0.5,1,1,CTGATGCCGTGGAGAGAATG,0,14367
TSS_1414_storz_regulondb,0.5,1,1,CTGATATTGATCAGTTCATC,0,32273
TSS_1414_storz_regulondb,0.5,1,1,CTGATAGGCTACAACAACGA,0,31011
TSS_1414_storz_regulondb,0.5,1,1,CTGAGGCTCATTAACTACGT,0,503
TSS_1414_storz_regulondb,0.5,1,1,CTGAGCGCAACGGATGCCTA,0,26918
TSS_1414_storz_regulondb,0.5,1,1,CTGACGGGATGAAAACCCTG,0,37783
TSS_1414_storz_regulondb,0.5,1,1,CTGACGGATACTCCACTTTT,0,40951
TSS_1414_storz_regulondb,0.5,1,1,CTGACCGTATCGGGTCTTAG,0,54650
TSS_1414_storz_regulondb,0.5,1,1,CTGACACTTCGTGCTCTTCC,0,56913
TSS_1414_storz_regulondb,0.5,1,1,CTGAATTATCGATGATGGTA,0,24011
TSS_1414_storz_regulondb,0.5,1,1,CTGAAGCCGCGCGTTTAAGG,0,36943
TSS_1414_storz_regulondb,0.5,1,1,CTGAACTATATACTGCGCCG,0,6775
TSS_1414_storz_regulondb,0.5,1,1,CTGAACAGAGCCGTTCAAGA,0,21610
TSS_1414_storz_regulondb,0.5,1,1,CTCTTCCCCTTTACGGTATC,0,58950
TSS_1414_storz_regulondb,0.5,1,1,CTCTGGTCAATGGTGCCTTT,0,20635
TSS_1414_storz_regulondb,0.5,1,1,CTCTCGTCTATCCTATCTCT,0,49565
TSS_1414_storz_regulondb,0.5,1,1,CTCTCGGATTGGCAGAATGC,0,47701
TSS_1414_storz_regulondb,0.5,1,1,CTCTCGGAATTGGGCTGGTC,0,32687
TSS_1414_storz_regulondb,0.5,1,1,CTCTCAGCAACGGCATCGCC,0,55486
TSS_1414_storz_regulondb,0.5,1,1,CTCTATTGAAACCCCGCGGG,0,78721
TSS_1414_storz_regulondb,0.5,1,1,CTCTACGCTTGGAGATATAC,0,41039
TSS_1414_storz_regulondb,0.5,1,1,CTCTACAATTAATCTGTGAA,0,61107
TSS_1414_storz_regulondb,0.5,1,1,CTCTAAGCCAGCTGCCACCC,0,43470
TSS_1414_storz_regulondb,0.5,1,1,CTCTAACTCGCCAGTACATC,0,78519
TSS_1414_storz_regulondb,0.5,1,1,CTCGTTGGCACGGTGGACAA,0,10915
TSS_1414_storz_regulondb,0.5,1,1,CTCGTTATTGGGTATATGAC,0,23970
TSS_1414_storz_regulondb,0.5,1,1,CTCGTGAAAACATGGACGTT,0,8057
TSS_1414_storz_regulondb,0.5,1,1,CTCGGTAGAAAACTTTAGGC,0,55822
TSS_1414_storz_regulondb,0.5,1,1,CTCGCGCTTGGCACAATGGT,0,27487
TSS_1414_storz_regulondb,0.5,1,1,CTCGCATTCAGTGTTTGTGG,0,33061
TSS_1414_storz_regulondb,0.5,1,1,CTCGATTCTCAGTGGTGTCA,0,35501
TSS_1414_storz_regulondb,0.5,1,1,CTCGAGTCGCATTCAGAACC,0,78747
TSS_1414_storz_regulondb,0.5,1,1,CTCCGTGATAACATTTATCA,0,51570
TSS_1414_storz_regulondb,0.5,1,1,CTCCGTCAGGCTTTAGTTTG,0,33256
TSS_1414_storz_regulondb,0.5,1,1,CTCCGGGTCCCGTCTAACCC,0,17709
TSS_1414_storz_regulondb,0.5,1,1,CTCCGCGACCCATTTGTGGG,0,61444
TSS_1414_storz_regulondb,0.5,1,1,CTCCGCCTCCAAGCTGATGG,0,1419
TSS_1414_storz_regulondb,0.5,1,1,CTCCGCAACTACATACAAGG,0,28072
TSS_1414_storz_regulondb,0.5,1,1,CTCCCCGCATAATCCTGGGC,0,8775
TSS_1414_storz_regulondb,0.5,1,1,CTCCCCAATGCATAAGGGCG,0,74804
TSS_1414_storz_regulondb,0.5,1,1,CTCCATCTGCCGATCTGCTT,0,43651
TSS_1414_storz_regulondb,0.5,1,1,CTCCACTGTTATATTCCTTT,0,22923
TSS_1414_storz_regulondb,0.5,1,1,CTCCACCTCTCATCTGGCGT,0,35058
TSS_1414_storz_regulondb,0.5,1,1,CTCCAATCGTCACGACCAAT,0,12115
TSS_1414_storz_regulondb,0.5,1,1,CTCCAATAGGCTTCCAGACA,0,12937
TSS_1414_storz_regulondb,0.5,1,1,CTCCAAAAGGCCACGAAAAC,0,78643
TSS_1414_storz_regulondb,0.5,1,1,CTCATGGAGCACAATGCCGA,0,1886
TSS_1414_storz_regulondb,0.5,1,1,CTCAGTCCGGGGTCGTGGGC,0,7174
TSS_1414_storz_regulondb,0.5,1,1,CTCAGGCACCATCTTTAAGG,0,10839
TSS_1414_storz_regulondb,0.5,1,1,CTCAGGATTTCTCTTTCCTG,0,35127
TSS_1414_storz_regulondb,0.5,1,1,CTCAGCGGCAATAGCCATAA,0,44684
TSS_1414_storz_regulondb,0.5,1,1,CTCAGCCTCCTATCAGACGC,0,43751
TSS_1414_storz_regulondb,0.5,1,1,CTCACAGAGTCAAACAGAAT,0,72809
TSS_1414_storz_regulondb,0.5,1,1,CTCAAGGCGCATCAAGCAGT,0,62717
TSS_1414_storz_regulondb,0.5,1,1,CTCAACCCTCTTCGATTGCT,0,66109
TSS_1414_storz_regulondb,0.5,1,1,CTCAACACAGCGGGAGACTA,0,73129
TSS_1414_storz_regulondb,0.5,1,1,CTCAAATCCGAAGTCCGAGA,0,69191
TSS_1414_storz_regulondb,0.5,1,1,CTCAAACTTCAGATAACTTA,0,70290
TSS_1414_storz_regulondb,0.5,1,1,CTCAAACCCGGCCAATGTAT,0,77162
TSS_1414_storz_regulondb,0.5,1,1,CTATTTATCCAAAAATCCTG,0,73430
TSS_1414_storz_regulondb,0.5,1,1,CTATTGGCTGCGAAGCAGTG,0,51640
TSS_1414_storz_regulondb,0.5,1,1,CTATTGAAAATGTTACGTGA,0,50001
TSS_1414_storz_regulondb,0.5,1,1,CTATTCTCTTATTCGTAGGT,0,45892
TSS_1414_storz_regulondb,0.5,1,1,CTATTATACTGATAGTGGGA,0,55571
TSS_1414_storz_regulondb,0.5,1,1,CTATGAAGCACTGTCGGGAG,0,40564
TSS_1414_storz_regulondb,0.5,1,1,CTATCTTCTCAGAGGGAATA,0,22931
TSS_1414_storz_regulondb,0.5,1,1,CTATCATGCTAAACGCACGT,0,32242
TSS_1414_storz_regulondb,0.5,1,1,CTATAGCAAACAACCCGGTA,0,29678
TSS_1414_storz_regulondb,0.5,1,1,CTATAATATCTTAATCACGA,0,44231
TSS_1414_storz_regulondb,0.5,1,1,CTAGTTTGATACGGCCAGAC,0,62539
TSS_1414_storz_regulondb,0.5,1,1,CTAGTGCGTACGGTCTGTGT,0,39123
TSS_1414_storz_regulondb,0.5,1,1,CTAGTCTGTCATACGTCCAT,0,65922
TSS_1414_storz_regulondb,0.5,1,1,CTAGTCAAGGGCGGTAATTC,0,71830
TSS_1414_storz_regulondb,0.5,1,1,CTAGGGGGAATAGTAATTGT,0,64735
TSS_1414_storz_regulondb,0.5,1,1,CTAGCGAAGTAATAAAAACC,0,15159
TSS_1414_storz_regulondb,0.5,1,1,CTAGCCAGGCAACGTCGATC,0,55204
TSS_1414_storz_regulondb,0.5,1,1,CTAGCCAGGACCCATACGTA,0,42092
TSS_1414_storz_regulondb,0.5,1,1,CTAGAGTATTTGTGACGTAG,0,26192
TSS_1414_storz_regulondb,0.5,1,1,CTAGAAAGTCTGTGCAATTC,0,62353
TSS_1414_storz_regulondb,0.5,1,1,CTACTTTACTACGTAACCCC,0,45772
TSS_1414_storz_regulondb,0.5,1,1,CTACTGGGAACGATGCCATC,0,45317
TSS_1414_storz_regulondb,0.5,1,1,CTACTGCTGGCACACGTTTA,0,69880
TSS_1414_storz_regulondb,0.5,1,1,CTACTCGTGCGTAGCGTCTT,0,70503
TSS_1414_storz_regulondb,0.5,1,1,CTACTCATATCCTGGCGATT,0,13653
TSS_1414_storz_regulondb,0.5,1,1,CTACGCTTTGGGAGGATGGT,0,24167
TSS_1414_storz_regulondb,0.5,1,1,CTACCTCGAGACCTCACCTA,0,35880
TSS_1414_storz_regulondb,0.5,1,1,CTACCTAATTCGTTGATGGT,0,22219
TSS_1414_storz_regulondb,0.5,1,1,CTACCCGGATGGAACAGGTT,0,7936
TSS_1414_storz_regulondb,0.5,1,1,CTACCAAGCGCTGTCAGGCG,0,54131
TSS_1414_storz_regulondb,0.5,1,1,CTACAGGTGCTTTCCGAGTT,0,25821
TSS_1414_storz_regulondb,0.5,1,1,CTAATTTTCCAAGGTTCACT,0,16405
TSS_1414_storz_regulondb,0.5,1,1,CTAATTGTAGCACAGTCCTA,0,71142
TSS_1414_storz_regulondb,0.5,1,1,CTAATTGGGTCGCCGCTACT,0,63182
TSS_1414_storz_regulondb,0.5,1,1,CTAATTAATCGACAAACTTC,0,68700
TSS_1414_storz_regulondb,0.5,1,1,CTAATAGAGCAGACCCACTT,0,65511
TSS_1414_storz_regulondb,0.5,1,1,CTAAGTCTAGATTTACAGCA,0,1967
TSS_1414_storz_regulondb,0.5,1,1,CTAAGGACCGCTGACCATAT,0,7258
TSS_1414_storz_regulondb,0.5,1,1,CTAAGGAAAATTTATGAGGA,0,64105
TSS_1414_storz_regulondb,0.5,1,1,CTAACGGTACGCAAGGATTT,0,60841
TSS_1414_storz_regulondb,0.5,1,1,CTAACGGGTATTGTAGTGAC,0,16641
TSS_1414_storz_regulondb,0.5,1,1,CTAACGGCATTGTGACAGTT,0,3530
TSS_1414_storz_regulondb,0.5,1,1,CTAACCGGTAAGGGAGGTAA,0,51881
TSS_1414_storz_regulondb,0.5,1,1,CTAACCGAACGTGCTCCCCA,0,25454
TSS_1414_storz_regulondb,0.5,1,1,CTAACCCCGTCACGTCCCCA,0,16471
TSS_1414_storz_regulondb,0.5,1,1,CTAAAGGTAACCCCCATTTA,0,33728
TSS_1414_storz_regulondb,0.5,1,1,CTAAAGCGGGAATGTCGCAT,0,8900
TSS_1414_storz_regulondb,0.5,1,1,CTAAAGATTCCCGATCCACT,0,29111
TSS_1414_storz_regulondb,0.5,1,1,CTAAACCGTCTGCTTTCGAG,0,16967
TSS_1414_storz_regulondb,0.5,1,1,CGTTTCTACACAAGGACTCG,0,24832
TSS_1414_storz_regulondb,0.5,1,1,CGTTTCCCACACCGACCGAG,0,71640
TSS_1414_storz_regulondb,0.5,1,1,CGTTGAAGATCAGACTGTTG,0,16852
TSS_1414_storz_regulondb,0.5,1,1,CGTTCTGGCTTTCGCCGAGT,0,37776
TSS_1414_storz_regulondb,0.5,1,1,CGTTCTCCCCTGATCGTCGG,0,61536
TSS_1414_storz_regulondb,0.5,1,1,CGTTCCGTTGGTTATGGATA,0,52361
TSS_1414_storz_regulondb,0.5,1,1,CGTTCCACTAAAGGGGAAAA,0,32511
TSS_1414_storz_regulondb,0.5,1,1,CGTTATCCGCCATGCCGGGG,0,7038
TSS_1414_storz_regulondb,0.5,1,1,CGTTAGACAGCTAGAGGCGG,0,63696
TSS_1414_storz_regulondb,0.5,1,1,CGTTACTGGTGACGTACGTT,0,44256
TSS_1414_storz_regulondb,0.5,1,1,CGTTAACCCAATGACCGTAG,0,73523
TSS_1414_storz_regulondb,0.5,1,1,CGTGTTTTGTCCAGATATGT,0,29085
TSS_1414_storz_regulondb,0.5,1,1,CGTGTTAAATATTCGTAGCT,0,266
TSS_1414_storz_regulondb,0.5,1,1,CGTGTATTCGACAAGCGAGG,0,15896
TSS_1414_storz_regulondb,0.5,1,1,CGTGTATACAAGGGGACGGC,0,72845
TSS_1414_storz_regulondb,0.5,1,1,CGTGGTATAAAGCAGGGCTG,0,78237
TSS_1414_storz_regulondb,0.5,1,1,CGTGGGGGAGCGCTGCACGA,0,48686
TSS_1414_storz_regulondb,0.5,1,1,CGTGGCAACCCGATCAGGAC,0,45080
TSS_1414_storz_regulondb,0.5,1,1,CGTGCTTTAGTTCTAGGACT,0,11074
TSS_1414_storz_regulondb,0.5,1,1,CGTGCGCGTGGTGTGACGGA,0,81069
TSS_1414_storz_regulondb,0.5,1,1,CGTGCCTTAAATACGTTAGC,0,27931
TSS_1414_storz_regulondb,0.5,1,1,CGTGATCCAACATCACTTTT,0,23493
TSS_1414_storz_regulondb,0.5,1,1,CGTGAGCCACAATAAGAGAG,0,42919
TSS_1414_storz_regulondb,0.5,1,1,CGTGACAGCGCACCACTTCG,0,28182
TSS_1414_storz_regulondb,0.5,1,1,CGTGAAGCGCTCTGGACACT,0,13221
TSS_1414_storz_regulondb,0.5,1,1,CGTGAACCATCTGGTGCTGT,0,69506
TSS_1414_storz_regulondb,0.5,1,1,CGTCTTTATGAAGCGGTTGC,0,57115
TSS_1414_storz_regulondb,0.5,1,1,CGTCGCCCACTCGTAGTCCG,0,63864
TSS_1414_storz_regulondb,0.5,1,1,CGTCGAAGCGCGACGGCTGG,0,10626
TSS_1414_storz_regulondb,0.5,1,1,CGTCCGTGAGCGTACGCTTC,0,6441
TSS_1414_storz_regulondb,0.5,1,1,CGTCCGGAAATACTTCGGTT,0,52692
TSS_1414_storz_regulondb,0.5,1,1,CGTCCGATCTAGATTCCCAG,0,5861
TSS_1414_storz_regulondb,0.5,1,1,CGTCATGGCCCTGTGACATA,0,68205
TSS_1414_storz_regulondb,0.5,1,1,CGTCAGATCCATCTGTTTTC,0,44391
TSS_1414_storz_regulondb,0.5,1,1,CGTATCGCAACCGTCTCTAG,0,43675
TSS_1414_storz_regulondb,0.5,1,1,CGTATATTCCCTGTTATGCA,0,34220
TSS_1414_storz_regulondb,0.5,1,1,CGTATAGCGCCGACCCTCAA,0,55324
TSS_1414_storz_regulondb,0.5,1,1,CGTATACGACAGGCTGTCGG,0,72400
TSS_1414_storz_regulondb,0.5,1,1,CGTATACGACAAGCACTCAC,0,17565
TSS_1414_storz_regulondb,0.5,1,1,CGTATAAGCAAGCGCCTCGC,0,68211
TSS_1414_storz_regulondb,0.5,1,1,CGTAGTTAGGATACCATGAT,0,759
TSS_1414_storz_regulondb,0.5,1,1,CGTAGAGTGCTATTCATTGA,0,61676
TSS_1414_storz_regulondb,0.5,1,1,CGTACCAGGAGGGTATTGGC,0,56065
TSS_1414_storz_regulondb,0.5,1,1,CGTAAAGTGCAGCTCCGGTG,0,1170
TSS_1414_storz_regulondb,0.5,1,1,CGTAAAGGAAGAATCTTAAT,0,39142
TSS_1414_storz_regulondb,0.5,1,1,CGTAAAGCGAAAGGCTCTGG,0,15934
TSS_1414_storz_regulondb,0.5,1,1,CGGTTTGGTGGCACCTGCAG,0,60585
TSS_1414_storz_regulondb,0.5,1,1,CGGTTCGGTGTACAATCTAT,0,57830
TSS_1414_storz_regulondb,0.5,1,1,CGGTTCGCTTTACGGGGAAC,0,80618
TSS_1414_storz_regulondb,0.5,1,1,CGGTTATCAGCAAGTGTACT,0,63668
TSS_1414_storz_regulondb,0.5,1,1,CGGTGCGCCTTCATATCTTG,0,28186
TSS_1414_storz_regulondb,0.5,1,1,CGGTGCCTACAGCTCTTCAA,0,7538
TSS_1414_storz_regulondb,0.5,1,1,CGGTGCCAGCCGGCATGAGG,0,39690
TSS_1414_storz_regulondb,0.5,1,1,CGGTGCACAAGGTCGGTTTG,0,3135
TSS_1414_storz_regulondb,0.5,1,1,CGGTGATGCCCGTGTCCAAG,0,25337
TSS_1414_storz_regulondb,0.5,1,1,CGGTGACTTGCACGTGGAAG,0,67550
TSS_1414_storz_regulondb,0.5,1,1,CGGTGAATTTCCGCGGCCCC,0,9663
TSS_1414_storz_regulondb,0.5,1,1,CGGTCGCGATTGACATCCGG,0,62856
TSS_1414_storz_regulondb,0.5,1,1,CGGTCGATCTAGTGGCAGAT,0,52250
TSS_1414_storz_regulondb,0.5,1,1,CGGTCACTCGTCCGCCGTGT,0,45959
TSS_1414_storz_regulondb,0.5,1,1,CGGTAGTCGTTGTCTCTAAT,0,45920
TSS_1414_storz_regulondb,0.5,1,1,CGGTACTCCGGTGGCCAATA,0,19435
TSS_1414_storz_regulondb,0.5,1,1,CGGGTCTGGCTGGATCGGCT,0,10030
TSS_1414_storz_regulondb,0.5,1,1,CGGGTCGTCAGAAGAAGAAC,0,47683
TSS_1414_storz_regulondb,0.5,1,1,CGGGTCCTCGCTATTCACGT,0,79622
TSS_1414_storz_regulondb,0.5,1,1,CGGGGGGACGCCCTAAGGGG,0,24294
TSS_1414_storz_regulondb,0.5,1,1,CGGGGCGGGCCAAATCCCAG,0,499
TSS_1414_storz_regulondb,0.5,1,1,CGGGGCATCAGTCAATCCAC,0,66081
TSS_1414_storz_regulondb,0.5,1,1,CGGGCTGGGGGTTGGTTCCA,0,80062
TSS_1414_storz_regulondb,0.5,1,1,CGGGCGAAACATTTCGTTTG,0,32566
TSS_1414_storz_regulondb,0.5,1,1,CGGGCCTACTCAGATTGTAA,0,5858
TSS_1414_storz_regulondb,0.5,1,1,CGGGCCAGTCCCATAGCTAC,0,22008
TSS_1414_storz_regulondb,0.5,1,1,CGGGCATATTCGGCACTCAC,0,34952
TSS_1414_storz_regulondb,0.5,1,1,CGGGCATAGGAGAACAGTGG,0,71644
TSS_1414_storz_regulondb,0.5,1,1,CGGGATTCGAATGAAATATA,0,22369
TSS_1414_storz_regulondb,0.5,1,1,CGGGATCTGGACCTTAGTTG,0,39285
TSS_1414_storz_regulondb,0.5,1,1,CGGGAATTTCCGCAACAGCG,0,26824
TSS_1414_storz_regulondb,0.5,1,1,CGGGAAACCGGGGATATATG,0,11494
TSS_1414_storz_regulondb,0.5,1,1,CGGCTGGAAGTCGCGAGATA,0,39589
TSS_1414_storz_regulondb,0.5,1,1,CGGCTCGGGAGGATCTAGAG,0,47582
TSS_1414_storz_regulondb,0.5,1,1,CGGCTACTCCCGATACTGAG,0,14535
TSS_1414_storz_regulondb,0.5,1,1,CGGCGTTTTTTTTGGTGATG,0,50945
TSS_1414_storz_regulondb,0.5,1,1,CGGCGTTTAAAATTCCTTAA,0,5500
TSS_1414_storz_regulondb,0.5,1,1,CGGCCCCTAGAGAAGGGGCT,0,51977
TSS_1414_storz_regulondb,0.5,1,1,CGGCCAGTGCCCTTTGTTCT,0,61920
TSS_1414_storz_regulondb,0.5,1,1,CGGCATGCCTAAATAAACAA,0,71839
TSS_1414_storz_regulondb,0.5,1,1,CGGCACAGACAATACTCACC,0,25433
TSS_1414_storz_regulondb,0.5,1,1,CGGCAATTCCCGGGATGTTA,0,599
TSS_1414_storz_regulondb,0.5,1,1,CGGAGGAATCCAGTCATTAT,0,74947
TSS_1414_storz_regulondb,0.5,1,1,CGGAGCGGGGCTTCCGGGAT,0,49179
TSS_1414_storz_regulondb,0.5,1,1,CGGAGACCGTCTCCGTAAGA,0,47710
TSS_1414_storz_regulondb,0.5,1,1,CGGAGAACTTCGTACTCTCT,0,66507
TSS_1414_storz_regulondb,0.5,1,1,CGGACTATGGTTCCCCTTAT,0,57576
TSS_1414_storz_regulondb,0.5,1,1,CGGACGTGCAATGAAATCAA,0,67243
TSS_1414_storz_regulondb,0.5,1,1,CGGACGCAACGTTTTACAGA,0,18928
TSS_1414_storz_regulondb,0.5,1,1,CGGACCTTTGCACTGACCAA,0,66127
TSS_1414_storz_regulondb,0.5,1,1,CGGACAATTCCGTTTGCAAT,0,60733
TSS_1414_storz_regulondb,0.5,1,1,CGGACAATGTGCTTAAGTTG,0,17836
TSS_1414_storz_regulondb,0.5,1,1,CGGAAGTTCCAATCGATGGT,0,62330
TSS_1414_storz_regulondb,0.5,1,1,CGGAAGTTAGTATCCTTGTT,0,61550
TSS_1414_storz_regulondb,0.5,1,1,CGGAAAGCTAGCGAATCTTG,0,48738
TSS_1414_storz_regulondb,0.5,1,1,CGCTTGGCTTTATCGAAGGT,0,79788
TSS_1414_storz_regulondb,0.5,1,1,CGCTTGCCGCATATCGACGT,0,68665
TSS_1414_storz_regulondb,0.5,1,1,CGCTTCGTTCTGGACTGCAA,0,22781
TSS_1414_storz_regulondb,0.5,1,1,CGCTTAGGGACAGATCACAA,0,28928
TSS_1414_storz_regulondb,0.5,1,1,CGCTTAAGGTAGCTTGTTAC,0,76572
TSS_1414_storz_regulondb,0.5,1,1,CGCTGTGTATCCACACAGCC,0,48636
TSS_1414_storz_regulondb,0.5,1,1,CGCTGTCCATGAGATAGTTG,0,44362
TSS_1414_storz_regulondb,0.5,1,1,CGCTGTATCACACTGGAATC,0,22020
TSS_1414_storz_regulondb,0.5,1,1,CGCTGCCGGAGTGCCCTGCT,0,16029
TSS_1414_storz_regulondb,0.5,1,1,CGCTGACGGGTCGCCGAGCC,0,69689
TSS_1414_storz_regulondb,0.5,1,1,CGCTCTTAAAGGTCCATTTT,0,46853
TSS_1414_storz_regulondb,0.5,1,1,CGCTCTGGCTAGCAGAGCCC,0,10014
TSS_1414_storz_regulondb,0.5,1,1,CGCTCATATGTGACTGCAGA,0,30764
TSS_1414_storz_regulondb,0.5,1,1,CGCTCATATAGACTAGCCCA,0,62280
TSS_1414_storz_regulondb,0.5,1,1,CGCTATCTAGTAAACTGAAA,0,39715
TSS_1414_storz_regulondb,0.5,1,1,CGCTACTGGCGGCCGGGGCA,0,62656
TSS_1414_storz_regulondb,0.5,1,1,CGCGTTTTGAGCGGAGTATG,0,76171
TSS_1414_storz_regulondb,0.5,1,1,CGCGTGTGGGCATTTTTCGT,0,33828
TSS_1414_storz_regulondb,0.5,1,1,CGCGTGCGGCAGGCTTGACC,0,14227
TSS_1414_storz_regulondb,0.5,1,1,CGCGTCTCTAGGATCTACGG,0,42609
TSS_1414_storz_regulondb,0.5,1,1,CGCGTATGCTAAGAACGTTA,0,38303
TSS_1414_storz_regulondb,0.5,1,1,CGCGTACGGCCCCGATATCA,0,72607
TSS_1414_storz_regulondb,0.5,1,1,CGCGGTGTCGCGTTGCACGA,0,29148
TSS_1414_storz_regulondb,0.5,1,1,CGCGGTCCGTTAACCGCTAA,0,4986
TSS_1414_storz_regulondb,0.5,1,1,CGCGGTCCGAAATTGTGACC,0,73125
TSS_1414_storz_regulondb,0.5,1,1,CGCGGTATCATCAAGTGGTC,0,27658
TSS_1414_storz_regulondb,0.5,1,1,CGCGGGCAAAGGTTATCACA,0,78762
TSS_1414_storz_regulondb,0.5,1,1,CGCGGCCATCGCGGTCCTCG,0,74871
TSS_1414_storz_regulondb,0.5,1,1,CGCGGATTACACCGTGGATA,0,44952
TSS_1414_storz_regulondb,0.5,1,1,CGCGCTCGTGCCCCGTACCT,0,51271
TSS_1414_storz_regulondb,0.5,1,1,CGCGCCCTCTCAACTCTTGA,0,19607
TSS_1414_storz_regulondb,0.5,1,1,CGCGAGGAGAGCCTGGTTAT,0,77268
TSS_1414_storz_regulondb,0.5,1,1,CGCGAGGACCACCAGCTATA,0,34871
TSS_1414_storz_regulondb,0.5,1,1,CGCGACCACGTGACGTCACT,0,47592
TSS_1414_storz_regulondb,0.5,1,1,CGCGAACTCTTTATCAAATA,0,50872
TSS_1414_storz_regulondb,0.5,1,1,CGCCGGGGGATTGAAAGATC,0,52497
TSS_1414_storz_regulondb,0.5,1,1,CGCCGATACTTGTCGCGGAT,0,33593
TSS_1414_storz_regulondb,0.5,1,1,CGCCGAAGGAGCTGGTTCGG,0,59532
TSS_1414_storz_regulondb,0.5,1,1,CGCCGAAACGGGCACGGTTG,0,69716
TSS_1414_storz_regulondb,0.5,1,1,CGCCCTTGAACAGCTGTCCT,0,64486
TSS_1414_storz_regulondb,0.5,1,1,CGCCCTGCCGAGTATTGGTA,0,369
TSS_1414_storz_regulondb,0.5,1,1,CGCCCGAGTAAGGCGGCGGG,0,33332
TSS_1414_storz_regulondb,0.5,1,1,CGCCATATCATCATGATGAC,0,19246
TSS_1414_storz_regulondb,0.5,1,1,CGCCAGATCTTTGGGGGGCT,0,3238
TSS_1414_storz_regulondb,0.5,1,1,CGCCAGATCATGTCGGTTGG,0,43892
TSS_1414_storz_regulondb,0.5,1,1,CGCCAGACAACAAGTTAGAA,0,77749
TSS_1414_storz_regulondb,0.5,1,1,CGCCACCCGGCCAATAGCTG,0,47463
TSS_1414_storz_regulondb,0.5,1,1,CGCCAAAGTTGGGTACTCCC,0,46430
TSS_1414_storz_regulondb,0.5,1,1,CGCATCCGGTCTCCATGAAT,0,69225
TSS_1414_storz_regulondb,0.5,1,1,CGCAGGTGGTCGGTGCGGAT,0,65738
TSS_1414_storz_regulondb,0.5,1,1,CGCAGCATCGTACATTAAGT,0,53182
TSS_1414_storz_regulondb,0.5,1,1,CGCAGAGCCTGTCCCGCGTG,0,50104
TSS_1414_storz_regulondb,0.5,1,1,CGCACTGTAATAATTCTGGT,0,44516
TSS_1414_storz_regulondb,0.5,1,1,CGCACGCTGATGTCGTTTGT,0,49465
TSS_1414_storz_regulondb,0.5,1,1,CGCACCATAGTTCAACCTCA,0,22776
TSS_1414_storz_regulondb,0.5,1,1,CGCAAGACCAGGGATCCATA,0,12765
TSS_1414_storz_regulondb,0.5,1,1,CGCAAATAAACGCAGGCGTT,0,26896
TSS_1414_storz_regulondb,0.5,1,1,CGATTTCCAACGTGCATACG,0,1894
TSS_1414_storz_regulondb,0.5,1,1,CGATTGTCTCATATGGGCAT,0,77968
TSS_1414_storz_regulondb,0.5,1,1,CGATTGTATGTGAGAGGATA,0,80929
TSS_1414_storz_regulondb,0.5,1,1,CGATTGAGACGGCACCTAAT,0,44405
TSS_1414_storz_regulondb,0.5,1,1,CGATGTGTGAATCTCAGAGT,0,31902
TSS_1414_storz_regulondb,0.5,1,1,CGATGGGCGAGAGGAGCCAC,0,39738
TSS_1414_storz_regulondb,0.5,1,1,CGATGCAGTTCACCGGCATG,0,2498
TSS_1414_storz_regulondb,0.5,1,1,CGATCCCTTATATAGGAGCA,0,15972
TSS_1414_storz_regulondb,0.5,1,1,CGATCCCGGCAGGGGGAAGT,0,48001
TSS_1414_storz_regulondb,0.5,1,1,CGATCAATCTGGAGTCGTGT,0,37667
TSS_1414_storz_regulondb,0.5,1,1,CGATCAAGGTTCTCCGCGGC,0,56062
TSS_1414_storz_regulondb,0.5,1,1,CGATATAATTGCGGTAAGAG,0,6269
TSS_1414_storz_regulondb,0.5,1,1,CGATAGACAGCCGGCGCTGC,0,55450
TSS_1414_storz_regulondb,0.5,1,1,CGATACTCTGAATGCAAATC,0,31062
TSS_1414_storz_regulondb,0.5,1,1,CGATACCCCGAGGGAACAGG,0,52702
TSS_1414_storz_regulondb,0.5,1,1,CGATAATGAATGTGAAGTGG,0,54973
TSS_1414_storz_regulondb,0.5,1,1,CGAGTTTCTACTCCAACCTA,0,3400
TSS_1414_storz_regulondb,0.5,1,1,CGAGTTCCGGCGCCAGGTCA,0,37140
TSS_1414_storz_regulondb,0.5,1,1,CGAGTCATATTCTCAACGTC,0,66768
TSS_1414_storz_regulondb,0.5,1,1,CGAGTCACGCAGTTTGAATC,0,33989
TSS_1414_storz_regulondb,0.5,1,1,CGAGTAGGGGGAATGATTCA,0,70004
TSS_1414_storz_regulondb,0.5,1,1,CGAGGGAGTTTCCTTTCGAG,0,6115
TSS_1414_storz_regulondb,0.5,1,1,CGAGGCTGAAACGAGCAACA,0,21712
TSS_1414_storz_regulondb,0.5,1,1,CGAGCTTTTGTCACGGGGCA,0,33337
TSS_1414_storz_regulondb,0.5,1,1,CGAGCCTACACCTCAGGAAT,0,74405
TSS_1414_storz_regulondb,0.5,1,1,CGAGCCGTATTCGAACCTCA,0,1352
TSS_1414_storz_regulondb,0.5,1,1,CGAGCCAACGAGACCTACTC,0,63179
TSS_1414_storz_regulondb,0.5,1,1,CGAGAAAGGTCTGATCAAAG,0,40842
TSS_1414_storz_regulondb,0.5,1,1,CGACTTCGGCGATGTCGAGT,0,15744
TSS_1414_storz_regulondb,0.5,1,1,CGACTCGCAACCGTACATAT,0,29541
TSS_1414_storz_regulondb,0.5,1,1,CGACTCCGCGCCGCCACGGA,0,16389
TSS_1414_storz_regulondb,0.5,1,1,CGACTCAAGTTGCCGGTACG,0,29587
TSS_1414_storz_regulondb,0.5,1,1,CGACCCCAATCAAAACGGGT,0,23606
TSS_1414_storz_regulondb,0.5,1,1,CGACCATGAGCAGGCCCAAG,0,36910
TSS_1414_storz_regulondb,0.5,1,1,CGACCAGCCGTACGTATCAG,0,3693
TSS_1414_storz_regulondb,0.5,1,1,CGACAGACGCACGTGCTTGT,0,25364
TSS_1414_storz_regulondb,0.5,1,1,CGACACTGATCACGAGCATA,0,73690
TSS_1414_storz_regulondb,0.5,1,1,CGACACCTGTTGTTTACTCA,0,42506
TSS_1414_storz_regulondb,0.5,1,1,CGACAATTTGAGGCGCGGGT,0,12917
TSS_1414_storz_regulondb,0.5,1,1,CGACAATGTTGTTCAACAGC,0,54977
TSS_1414_storz_regulondb,0.5,1,1,CGACAATAAATTGGTAGTTC,0,69274
TSS_1414_storz_regulondb,0.5,1,1,CGAATTTGTGCCGATGAGAT,0,47250
TSS_1414_storz_regulondb,0.5,1,1,CGAATTAGACCGTATCTTTC,0,76528
TSS_1414_storz_regulondb,0.5,1,1,CGAATGGCGAGTGTAAATAT,0,37819
TSS_1414_storz_regulondb,0.5,1,1,CGAATCGTCATTAGTGCGTC,0,55357
TSS_1414_storz_regulondb,0.5,1,1,CGAAGTTCGTACAGTCTAGA,0,68667
TSS_1414_storz_regulondb,0.5,1,1,CGAACTAATGCAGAGCGCTG,0,10800
TSS_1414_storz_regulondb,0.5,1,1,CGAACGATGGTGATTAAGCA,0,66781
TSS_1414_storz_regulondb,0.5,1,1,CGAAAATTTGATAGGTCTAT,0,61394
TSS_1414_storz_regulondb,0.5,1,1,CGAAAATTGAGCCGGCAGTT,0,61271
TSS_1414_storz_regulondb,0.5,1,1,CGAAAATCCCCAATTCTCGG,0,31525
TSS_1414_storz_regulondb,0.5,1,1,CGAAAAATCGGAAGCAGGAA,0,22017
TSS_1414_storz_regulondb,0.5,1,1,CCTTTTTGTTCAGATGTAAA,0,42652
TSS_1414_storz_regulondb,0.5,1,1,CCTTTTGGACGATTGTAAGA,0,24050
TSS_1414_storz_regulondb,0.5,1,1,CCTTTTCTGACGCTGTTTGA,0,10069
TSS_1414_storz_regulondb,0.5,1,1,CCTTTTCCGGTCATTCGGGT,0,47987
TSS_1414_storz_regulondb,0.5,1,1,CCTTTGGTTTCATCCAAGAG,0,74424
TSS_1414_storz_regulondb,0.5,1,1,CCTTTATGTGACCTCCTAGC,0,67788
TSS_1414_storz_regulondb,0.5,1,1,CCTTTACATTAATCCGCAAC,0,4566
TSS_1414_storz_regulondb,0.5,1,1,CCTTGTTCTTAAGAACTTCA,0,46714
TSS_1414_storz_regulondb,0.5,1,1,CCTTGTAGCGGCTTAGAGAC,0,61346
TSS_1414_storz_regulondb,0.5,1,1,CCTTGAAATGCCGGTTCGCC,0,56360
TSS_1414_storz_regulondb,0.5,1,1,CCTTAGGATAACCGGGGCCA,0,43175
TSS_1414_storz_regulondb,0.5,1,1,CCTTAGACTGAAGTGTTGTT,0,80539
TSS_1414_storz_regulondb,0.5,1,1,CCTTAATCGCAGCAGTGGCA,0,62556
TSS_1414_storz_regulondb,0.5,1,1,CCTTAACGACCTGGGCCAGC,0,46246
TSS_1414_storz_regulondb,0.5,1,1,CCTTAAACGCGGAGCTCCTG,0,67722
TSS_1414_storz_regulondb,0.5,1,1,CCTGTTACATCAGCGTCGCT,0,17720
TSS_1414_storz_regulondb,0.5,1,1,CCTGGTCACCCTGAATAATT,0,16684
TSS_1414_storz_regulondb,0.5,1,1,CCTGGGTGGGACTCCCGGGA,0,8494
TSS_1414_storz_regulondb,0.5,1,1,CCTGGGGGTTAGTGTTGTGC,0,61456
TSS_1414_storz_regulondb,0.5,1,1,CCTGGGGACCATGAGTTTGA,0,12535
TSS_1414_storz_regulondb,0.5,1,1,CCTGCTTCGCGGATAGGGTT,0,20834
TSS_1414_storz_regulondb,0.5,1,1,CCTGCTGCAAAGAAGTCGGA,0,11269
TSS_1414_storz_regulondb,0.5,1,1,CCTGCTCATGGTATTACGGC,0,15506
TSS_1414_storz_regulondb,0.5,1,1,CCTGAGGCTTAGGGGTACTC,0,19028
TSS_1414_storz_regulondb,0.5,1,1,CCTGAGACTGCTAAAATACA,0,36993
TSS_1414_storz_regulondb,0.5,1,1,CCTCTACGTGGGCGCATGAT,0,3293
TSS_1414_storz_regulondb,0.5,1,1,CCTCGTCGCGCCAGGTCACG,0,13119
TSS_1414_storz_regulondb,0.5,1,1,CCTCGCTAAGATAGGTCAGT,0,2982
TSS_1414_storz_regulondb,0.5,1,1,CCTCGCACACTCATAGGGCG,0,76515
TSS_1414_storz_regulondb,0.5,1,1,CCTCGATATTAGGTATGTTG,0,30467
TSS_1414_storz_regulondb,0.5,1,1,CCTCCTTGCGAATTGGGGTT,0,16885
TSS_1414_storz_regulondb,0.5,1,1,CCTCCGTGCAAACCGCGAAC,0,54483
TSS_1414_storz_regulondb,0.5,1,1,CCTCCGTCCAGCGGTCTTAG,0,63552
TSS_1414_storz_regulondb,0.5,1,1,CCTCAACATGGCACGAGGAC,0,80994
TSS_1414_storz_regulondb,0.5,1,1,CCTATCGAGAGAGAAGGTGA,0,14329
TSS_1414_storz_regulondb,0.5,1,1,CCTATCACAACACAGTGGGC,0,15337
TSS_1414_storz_regulondb,0.5,1,1,CCTAGTTGGGCAGATGACTA,0,43641
TSS_1414_storz_regulondb,0.5,1,1,CCTAGCTCGTGTATATCTTA,0,26497
TSS_1414_storz_regulondb,0.5,1,1,CCTAGCGATGCCATAGCTTT,0,6955
TSS_1414_storz_regulondb,0.5,1,1,CCTAGAGCTTGGATGAGTCA,0,21219
TSS_1414_storz_regulondb,0.5,1,1,CCTACGCAGGTCCGGGTTTT,0,52219
TSS_1414_storz_regulondb,0.5,1,1,CCTACCTTTAAAAAAGCATA,0,55733
TSS_1414_storz_regulondb,0.5,1,1,CCTACAAAATTATAATGTAG,0,42634
TSS_1414_storz_regulondb,0.5,1,1,CCTAAGGGGTATGGTCCATC,0,46253
TSS_1414_storz_regulondb,0.5,1,1,CCTAAATGGAGTATTAAAGT,0,79659
TSS_1414_storz_regulondb,0.5,1,1,CCTAAAATATGTCAAGTGCT,0,61152
TSS_1414_storz_regulondb,0.5,1,1,CCGTGTGTTTCAATACGGAT,0,76569
TSS_1414_storz_regulondb,0.5,1,1,CCGTGAATCAACATCTGGTT,0,28100
TSS_1414_storz_regulondb,0.5,1,1,CCGTCTCTACCCAGGGAGTA,0,66204
TSS_1414_storz_regulondb,0.5,1,1,CCGTCGCAAAGGTTTGTGTG,0,76377
TSS_1414_storz_regulondb,0.5,1,1,CCGGTTTGAGTCCGCGTTTT,0,3641
TSS_1414_storz_regulondb,0.5,1,1,CCGGGTCACCTGTTTAGTGA,0,4200
TSS_1414_storz_regulondb,0.5,1,1,CCGGGTACGACTATGCGCTG,0,16470
TSS_1414_storz_regulondb,0.5,1,1,CCGGGATGCGGCCCGTGGAT,0,33758
TSS_1414_storz_regulondb,0.5,1,1,CCGGCTGGCTTCTGGGGCAA,0,20728
TSS_1414_storz_regulondb,0.5,1,1,CCGGCGTACTTCGGACCTAA,0,41445
TSS_1414_storz_regulondb,0.5,1,1,CCGGCGCGGAGACCCTATGT,0,23288
TSS_1414_storz_regulondb,0.5,1,1,CCGGCAGCGGCGGGCATGCG,0,30951
TSS_1414_storz_regulondb,0.5,1,1,CCGGAGGGCCAGTCACTGTA,0,45438
TSS_1414_storz_regulondb,0.5,1,1,CCGGAAGTAGGAGTCATTCC,0,79480
TSS_1414_storz_regulondb,0.5,1,1,CCGGAACTTATGGGCAGAAC,0,69083
TSS_1414_storz_regulondb,0.5,1,1,CCGCTTAGAGCATATCCGAC,0,34180
TSS_1414_storz_regulondb,0.5,1,1,CCGCTGAGCGAGCTGCTCGA,0,3956
TSS_1414_storz_regulondb,0.5,1,1,CCGCTAGTTGTTTGCGACAA,0,3688
TSS_1414_storz_regulondb,0.5,1,1,CCGCGTTGTGTGTGGGCGCT,0,38784
TSS_1414_storz_regulondb,0.5,1,1,CCGCGTCTAGTCAGTTCGCA,0,80550
TSS_1414_storz_regulondb,0.5,1,1,CCGCGGTAGTTCGTCCTTCA,0,20306
TSS_1414_storz_regulondb,0.5,1,1,CCGCGAGTTCCCCTAAAATG,0,37967
TSS_1414_storz_regulondb,0.5,1,1,CCGCGACTCCTCATGCATTT,0,20718
TSS_1414_storz_regulondb,0.5,1,1,CCGCCGGCTCCCCAAGAGTG,0,63168
TSS_1414_storz_regulondb,0.5,1,1,CCGCCGACGAGCTTTATTGG,0,43742
TSS_1414_storz_regulondb,0.5,1,1,CCGCCGAAATTCTCCGAGAG,0,47219
TSS_1414_storz_regulondb,0.5,1,1,CCGCATGCCCCTCATTTCCC,0,55298
TSS_1414_storz_regulondb,0.5,1,1,CCGCACGGGTTTAAGTCCAA,0,3890
TSS_1414_storz_regulondb,0.5,1,1,CCGATTGACTACCTTCATGG,0,5090
TSS_1414_storz_regulondb,0.5,1,1,CCGATGTTTTTGTCATCACA,0,80168
TSS_1414_storz_regulondb,0.5,1,1,CCGATACTTTGTCAGTCTGC,0,1513
TSS_1414_storz_regulondb,0.5,1,1,CCGACTCAGGTGAAGATTCG,0,4734
TSS_1414_storz_regulondb,0.5,1,1,CCGACGAGGTTCAAGTGGGT,0,74412
TSS_1414_storz_regulondb,0.5,1,1,CCGACGAATTGTTCTCGTTA,0,25384
TSS_1414_storz_regulondb,0.5,1,1,CCGACCACTTCGAAAGACAT,0,57970
TSS_1414_storz_regulondb,0.5,1,1,CCGAATTTAAAGAGTGAGTG,0,72067
TSS_1414_storz_regulondb,0.5,1,1,CCGAAGTCTTCACGGAACGC,0,19742
TSS_1414_storz_regulondb,0.5,1,1,CCGAAGGTGTGCCTACGCTA,0,10976
TSS_1414_storz_regulondb,0.5,1,1,CCGAAGATCGAGTGCGTTTA,0,76016
TSS_1414_storz_regulondb,0.5,1,1,CCGAACGGGATATTGAACCC,0,26932
TSS_1414_storz_regulondb,0.5,1,1,CCGAACGGCAGTACACCTCT,0,16483
TSS_1414_storz_regulondb,0.5,1,1,CCGAACCATATACGTTTAGG,0,13603
TSS_1414_storz_regulondb,0.5,1,1,CCGAACACTGGGTACTCATA,0,25684
TSS_1414_storz_regulondb,0.5,1,1,CCGAAAGGGACGGTGGTCTT,0,37663
TSS_1414_storz_regulondb,0.5,1,1,CCCTTTCGAACATTCACGAG,0,34260
TSS_1414_storz_regulondb,0.5,1,1,CCCTTCCAACCACACTGCGC,0,46793
TSS_1414_storz_regulondb,0.5,1,1,CCCTTAGGTTCATTCCATAG,0,72448
TSS_1414_storz_regulondb,0.5,1,1,CCCTGTTATTCAGCTTCTAT,0,68511
TSS_1414_storz_regulondb,0.5,1,1,CCCTGAAATGGTATGGATAT,0,14213
TSS_1414_storz_regulondb,0.5,1,1,CCCTCTTGGATTAGTTTCTA,0,23445
TSS_1414_storz_regulondb,0.5,1,1,CCCTCGTCAGCTCGAAGTAG,0,8390
TSS_1414_storz_regulondb,0.5,1,1,CCCTCCTGCGTGGAGTAGGC,0,23522
TSS_1414_storz_regulondb,0.5,1,1,CCCTCCCACCTATCCTATTA,0,39618
TSS_1414_storz_regulondb,0.5,1,1,CCCTCAATTCCAGAATGGAT,0,72576
TSS_1414_storz_regulondb,0.5,1,1,CCCTATGCCCATTGACACTA,0,58710
TSS_1414_storz_regulondb,0.5,1,1,CCCTATCCTGGGTTCTCCCT,0,10541
TSS_1414_storz_regulondb,0.5,1,1,CCCGTTTGTGGGACACAACT,0,71343
TSS_1414_storz_regulondb,0.5,1,1,CCCGTTGGTGGGACGCGGGA,0,6603
TSS_1414_storz_regulondb,0.5,1,1,CCCGTGTGTTTGTAGGGGCA,0,16609
TSS_1414_storz_regulondb,0.5,1,1,CCCGTGTACCATCGAGGAAC,0,46623
TSS_1414_storz_regulondb,0.5,1,1,CCCGTGGTTCAACGAGCCGT,0,67176
TSS_1414_storz_regulondb,0.5,1,1,CCCGTAAGGGGTGTCTAGCG,0,45367
TSS_1414_storz_regulondb,0.5,1,1,CCCGGTCCGATGGAAGCGTA,0,55131
TSS_1414_storz_regulondb,0.5,1,1,CCCGGTACTGTCACCAAACG,0,11694
TSS_1414_storz_regulondb,0.5,1,1,CCCGGGGGGTCGTACTCTGG,0,52323
TSS_1414_storz_regulondb,0.5,1,1,CCCGGCCATCTATGCTCTAT,0,46360
TSS_1414_storz_regulondb,0.5,1,1,CCCGCGGGTCACAGTAAGGT,0,2772
TSS_1414_storz_regulondb,0.5,1,1,CCCGCGGCTATTCGCCCATT,0,41339
TSS_1414_storz_regulondb,0.5,1,1,CCCGCGCTACGATACAGTTC,0,13355
TSS_1414_storz_regulondb,0.5,1,1,CCCGCATGACGCTGTTATCT,0,57110
TSS_1414_storz_regulondb,0.5,1,1,CCCGCAAAGCGGCTTTAGAC,0,58781
TSS_1414_storz_regulondb,0.5,1,1,CCCGATGCGCCTCCAGGAAG,0,37297
TSS_1414_storz_regulondb,0.5,1,1,CCCGATGAGGGTACGATTAC,0,757
TSS_1414_storz_regulondb,0.5,1,1,CCCGAGAAAAGTTCCTCCTT,0,11778
TSS_1414_storz_regulondb,0.5,1,1,CCCGACAGCCGGCCTCAGCT,0,39732
TSS_1414_storz_regulondb,0.5,1,1,CCCCTTGCCATGGGTATTAT,0,26669
TSS_1414_storz_regulondb,0.5,1,1,CCCCGCTGTGGGCAAATAAT,0,15115
TSS_1414_storz_regulondb,0.5,1,1,CCCCGCGCGTTCTTAGGCAC,0,12516
TSS_1414_storz_regulondb,0.5,1,1,CCCCGAGTATGCCGAACACT,0,60641
TSS_1414_storz_regulondb,0.5,1,1,CCCCGAAACGGCACCCAAGG,0,68400
TSS_1414_storz_regulondb,0.5,1,1,CCCCCGGGCATGTCCTCCCA,0,39114
TSS_1414_storz_regulondb,0.5,1,1,CCCCAGGATAGTATAACATG,0,48425
TSS_1414_storz_regulondb,0.5,1,1,CCCATGTGTTGGTTGCCTTT,0,296
TSS_1414_storz_regulondb,0.5,1,1,CCCATGCTCAGCGACGACAA,0,67315
TSS_1414_storz_regulondb,0.5,1,1,CCCAGGTCAAAAGTCTTCGT,0,75356
TSS_1414_storz_regulondb,0.5,1,1,CCCAGGATGAACGTAGCAAA,0,26151
TSS_1414_storz_regulondb,0.5,1,1,CCCAGAGTACCTGACTTTTG,0,58984
TSS_1414_storz_regulondb,0.5,1,1,CCCAGAGGGGGCTCCGACCC,0,28821
TSS_1414_storz_regulondb,0.5,1,1,CCCAGACTACAAACATTTCA,0,30954
TSS_1414_storz_regulondb,0.5,1,1,CCCACTGCCAAGAATCGTGG,0,42950
TSS_1414_storz_regulondb,0.5,1,1,CCCACTGACCTAGTGAATGG,0,64473
TSS_1414_storz_regulondb,0.5,1,1,CCCAATAAGGTACACCATAC,0,36959
TSS_1414_storz_regulondb,0.5,1,1,CCCAACCTCTCTCCCCTGAG,0,38406
TSS_1414_storz_regulondb,0.5,1,1,CCCAAAAATGGCAGCGCACA,0,80240
TSS_1414_storz_regulondb,0.5,1,1,CCATTTAACAACGCATGCTC,0,8015
TSS_1414_storz_regulondb,0.5,1,1,CCATTCATTTGACTGAGGTC,0,38087
TSS_1414_storz_regulondb,0.5,1,1,CCATGTGAACAGTGCAATTT,0,80290
TSS_1414_storz_regulondb,0.5,1,1,CCATCGGAACCATCTCAGCC,0,66192
TSS_1414_storz_regulondb,0.5,1,1,CCATCCTACATTCCACACAT,0,27062
TSS_1414_storz_regulondb,0.5,1,1,CCATCCGGTATCCGAAGTTG,0,71494
TSS_1414_storz_regulondb,0.5,1,1,CCATATCATACGTGCGGCTA,0,8137
TSS_1414_storz_regulondb,0.5,1,1,CCATATATGTGATCTCTTGA,0,62220
TSS_1414_storz_regulondb,0.5,1,1,CCATAGTTATACGTTCCCAC,0,8542
TSS_1414_storz_regulondb,0.5,1,1,CCATAGGGGAATACTGGCTG,0,22529
TSS_1414_storz_regulondb,0.5,1,1,CCATAGCCTCGTGCATACTT,0,62358
TSS_1414_storz_regulondb,0.5,1,1,CCAGTTTTGGCTGGAAACTC,0,61990
TSS_1414_storz_regulondb,0.5,1,1,CCAGTTCAATCCACTGAGCG,0,30650
TSS_1414_storz_regulondb,0.5,1,1,CCAGTAGTGATTTCCGCACC,0,10544
TSS_1414_storz_regulondb,0.5,1,1,CCAGTAACGTTGCAGTACCC,0,78901
TSS_1414_storz_regulondb,0.5,1,1,CCAGGTCTCTAGTGCTGTGA,0,40995
TSS_1414_storz_regulondb,0.5,1,1,CCAGGTCATTTAATGAACAC,0,54424
TSS_1414_storz_regulondb,0.5,1,1,CCAGGCCATATACAGATCAT,0,29867
TSS_1414_storz_regulondb,0.5,1,1,CCAGCTATGGTCCGGGGAAT,0,44364
TSS_1414_storz_regulondb,0.5,1,1,CCAGCTACGAGCGAGCTTTA,0,13049
TSS_1414_storz_regulondb,0.5,1,1,CCAGCGTTAGGCACCATTCC,0,688
TSS_1414_storz_regulondb,0.5,1,1,CCAGACGGTCCAACCACCTT,0,71900
TSS_1414_storz_regulondb,0.5,1,1,CCAGACACGTACGGACGTAT,0,16334
TSS_1414_storz_regulondb,0.5,1,1,CCAGACAACGGGTAGTCCGT,0,27307
TSS_1414_storz_regulondb,0.5,1,1,CCACTTAGGCGCAGACTCGA,0,79350
TSS_1414_storz_regulondb,0.5,1,1,CCACTGGCATAGGGCGAAAT,0,59491
TSS_1414_storz_regulondb,0.5,1,1,CCACGTCGGTGAGAGTTTTT,0,79958
TSS_1414_storz_regulondb,0.5,1,1,CCACGGCTTTTGCACAGCTG,0,1763
TSS_1414_storz_regulondb,0.5,1,1,CCACGCCAGTTTCTAAACGG,0,17439
TSS_1414_storz_regulondb,0.5,1,1,CCACCGAATTACTAACTCAC,0,73946
TSS_1414_storz_regulondb,0.5,1,1,CCACCGAAGAGATGCAAGTC,0,53232
TSS_1414_storz_regulondb,0.5,1,1,CCACAGGACTTACGGTGGGT,0,28711
TSS_1414_storz_regulondb,0.5,1,1,CCACACTCTACACGCGGAGA,0,66579
TSS_1414_storz_regulondb,0.5,1,1,CCACACACTTTAGTTGGCGA,0,12061
TSS_1414_storz_regulondb,0.5,1,1,CCACACAAGAACGAGGCTCC,0,3739
TSS_1414_storz_regulondb,0.5,1,1,CCACAAACCATTGAGACTGG,0,68378
TSS_1414_storz_regulondb,0.5,1,1,CCAATTTGTGAACACAGTAT,0,74788
TSS_1414_storz_regulondb,0.5,1,1,CCAATTATCGGCTGTTAAGA,0,26108
TSS_1414_storz_regulondb,0.5,1,1,CCAATCTCTAGGCTTTCTTC,0,19399
TSS_1414_storz_regulondb,0.5,1,1,CCAATCAGAGCCGTTCAATG,0,75313
TSS_1414_storz_regulondb,0.5,1,1,CCAATAGTCAATATTGGACC,0,36795
TSS_1414_storz_regulondb,0.5,1,1,CCAATAATGCTACTGTACGC,0,39438
TSS_1414_storz_regulondb,0.5,1,1,CCAAGGGTATCAACAAGCAA,0,26055
TSS_1414_storz_regulondb,0.5,1,1,CCAAGCTGCAATGCTGGCAT,0,50482
TSS_1414_storz_regulondb,0.5,1,1,CCAAGAGGTGCGGTCCGGCT,0,23700
TSS_1414_storz_regulondb,0.5,1,1,CCAACGTCAGGTACCTATGT,0,61170
TSS_1414_storz_regulondb,0.5,1,1,CCAAAGTGTTAAGCGACAAG,0,7667
TSS_1414_storz_regulondb,0.5,1,1,CCAAAAATGGACGGTAATTA,0,76267
TSS_1414_storz_regulondb,0.5,1,1,CATTTTAGCGCACTGAGAGC,0,36739
TSS_1414_storz_regulondb,0.5,1,1,CATTTGTTTATAGCGTAGCA,0,8771
TSS_1414_storz_regulondb,0.5,1,1,CATTTGTATTCTCTACACCT,0,31262
TSS_1414_storz_regulondb,0.5,1,1,CATTTGACGTCAATAATACG,0,63141
TSS_1414_storz_regulondb,0.5,1,1,CATTTCTTGTAACTGCGGGA,0,37202
TSS_1414_storz_regulondb,0.5,1,1,CATTTCGGGGCCTGTGAGAA,0,72770
TSS_1414_storz_regulondb,0.5,1,1,CATTTCCCAAGTGTATCGTA,0,60726
TSS_1414_storz_regulondb,0.5,1,1,CATTTAAATAAGACTCAGTA,0,34340
TSS_1414_storz_regulondb,0.5,1,1,CATTGCACTCGTTACTTGCT,0,37728
TSS_1414_storz_regulondb,0.5,1,1,CATTGAATAATTAAACAGAC,0,31670
TSS_1414_storz_regulondb,0.5,1,1,CATTCTCACAATTTTGCATG,0,26844
TSS_1414_storz_regulondb,0.5,1,1,CATTCGGCCATTATCCAAGC,0,37050
TSS_1414_storz_regulondb,0.5,1,1,CATTCGAAGCGTGGTTTTTG,0,51822
TSS_1414_storz_regulondb,0.5,1,1,CATTATGAAGTACATGATCA,0,3807
TSS_1414_storz_regulondb,0.5,1,1,CATTAGGAGAATCGAAGTAT,0,68339
TSS_1414_storz_regulondb,0.5,1,1,CATTAAAGCTTCCTCTTAGT,0,37304
TSS_1414_storz_regulondb,0.5,1,1,CATTAAAAAGCGTGCTGCGA,0,78452
TSS_1414_storz_regulondb,0.5,1,1,CATGTGAGGAATCGGCACGT,0,51239
TSS_1414_storz_regulondb,0.5,1,1,CATGGTTATCCCTGCGTCTT,0,62793
TSS_1414_storz_regulondb,0.5,1,1,CATGGGCGGAAGACAAGGAT,0,7759
TSS_1414_storz_regulondb,0.5,1,1,CATGGCTCAGTTATCATCCC,0,12307
TSS_1414_storz_regulondb,0.5,1,1,CATGGCACTGGATAGAACTA,0,54795
TSS_1414_storz_regulondb,0.5,1,1,CATGCGGTGGGGGAGACGGC,0,76519
TSS_1414_storz_regulondb,0.5,1,1,CATGAGCATAGTTTGATCTA,0,14620
TSS_1414_storz_regulondb,0.5,1,1,CATGACGCGATTTGTTAGAA,0,40349
TSS_1414_storz_regulondb,0.5,1,1,CATCGGGTCAGCTGAGCGTT,0,59617
TSS_1414_storz_regulondb,0.5,1,1,CATCGCTGCGTGCTTATCGT,0,38091
TSS_1414_storz_regulondb,0.5,1,1,CATCGCTGAGTAGAAAAGGT,0,67744
TSS_1414_storz_regulondb,0.5,1,1,CATCGCTAGTGACGCTGACC,0,76260
TSS_1414_storz_regulondb,0.5,1,1,CATCCGGGCTCCGTTCGCTG,0,64250
TSS_1414_storz_regulondb,0.5,1,1,CATCCCTTCGCCATTCCGTG,0,80670
TSS_1414_storz_regulondb,0.5,1,1,CATCCATATAAACAAGTCTA,0,73571
TSS_1414_storz_regulondb,0.5,1,1,CATCACTCCACCCGATCCTG,0,38397
TSS_1414_storz_regulondb,0.5,1,1,CATCAAAAAAAATGAATAGC,0,37394
TSS_1414_storz_regulondb,0.5,1,1,CATATTGGATATCCCAATGT,0,3194
TSS_1414_storz_regulondb,0.5,1,1,CATATATAGTTGGGTTACTT,0,34038
TSS_1414_storz_regulondb,0.5,1,1,CATATAGTCGTGTTTATCCT,0,46647
TSS_1414_storz_regulondb,0.5,1,1,CATATAGTATGGGGCGCTGG,0,2063
TSS_1414_storz_regulondb,0.5,1,1,CATAGTCCCCCACGAGCAGC,0,77893
TSS_1414_storz_regulondb,0.5,1,1,CATAGGTTATCGACAGGCGT,0,30143
TSS_1414_storz_regulondb,0.5,1,1,CATAGCCAAATCACGTGTAT,0,66080
TSS_1414_storz_regulondb,0.5,1,1,CATAATCGCGATCCGGGTTT,0,26420
TSS_1414_storz_regulondb,0.5,1,1,CATAAACGTGATTGACCCAG,0,9433
TSS_1414_storz_regulondb,0.5,1,1,CATAAAAAAGGTAGTGATAC,0,35621
TSS_1414_storz_regulondb,0.5,1,1,CAGTTTATAATTCTGTCCGA,0,11309
TSS_1414_storz_regulondb,0.5,1,1,CAGTTTACACTGCACCGGGG,0,13898
TSS_1414_storz_regulondb,0.5,1,1,CAGTTGGAATAGTCGTTGCT,0,63967
TSS_1414_storz_regulondb,0.5,1,1,CAGTTAGCTGGGGTCATCTC,0,19761
TSS_1414_storz_regulondb,0.5,1,1,CAGTGGACAGGAGGCTGTCA,0,62893
TSS_1414_storz_regulondb,0.5,1,1,CAGTCTACTTGCTACCCCGT,0,20775
TSS_1414_storz_regulondb,0.5,1,1,CAGTCGGCATGGAGTCGTCG,0,1392
TSS_1414_storz_regulondb,0.5,1,1,CAGTATGTTTATCCTTTTGT,0,69870
TSS_1414_storz_regulondb,0.5,1,1,CAGTAGGGGGGTGTTGAGGT,0,65637
TSS_1414_storz_regulondb,0.5,1,1,CAGTAACCGATATGAGATCT,0,20833
TSS_1414_storz_regulondb,0.5,1,1,CAGGTTGTTGATTCCACTTA,0,15635
TSS_1414_storz_regulondb,0.5,1,1,CAGGTAGGCGCATTGTGAAA,0,50676
TSS_1414_storz_regulondb,0.5,1,1,CAGGGTATCGATTCCCCGTA,0,64338
TSS_1414_storz_regulondb,0.5,1,1,CAGGCTTGCGAGGGTCCCAG,0,69709
TSS_1414_storz_regulondb,0.5,1,1,CAGGCGACATGGTTCTGAAG,0,38250
TSS_1414_storz_regulondb,0.5,1,1,CAGGCCTCAATTAGGCCTGA,0,22578
TSS_1414_storz_regulondb,0.5,1,1,CAGGATCATATGCTTCTCGC,0,6500
TSS_1414_storz_regulondb,0.5,1,1,CAGGAGACCCAAGGGATTGT,0,23184
TSS_1414_storz_regulondb,0.5,1,1,CAGGACCTCTTCTGTATAAG,0,52942
TSS_1414_storz_regulondb,0.5,1,1,CAGCTTGTAATTCATGAGGC,0,3810
TSS_1414_storz_regulondb,0.5,1,1,CAGCGTTCTCCTGAGACTGG,0,59091
TSS_1414_storz_regulondb,0.5,1,1,CAGCGAATTGTCGCGGCGCG,0,64943
TSS_1414_storz_regulondb,0.5,1,1,CAGCGAATAGTATTAGACTA,0,8486
TSS_1414_storz_regulondb,0.5,1,1,CAGCCGTCTTAAAAGTACTC,0,14998
TSS_1414_storz_regulondb,0.5,1,1,CAGCCGCGCGCGGTTTAGTC,0,3357
TSS_1414_storz_regulondb,0.5,1,1,CAGCATATTGAAGACTTACA,0,2817
TSS_1414_storz_regulondb,0.5,1,1,CAGCATACCCTTGTTTAGCT,0,13166
TSS_1414_storz_regulondb,0.5,1,1,CAGCAGTGAGTAACACTCGT,0,81028
TSS_1414_storz_regulondb,0.5,1,1,CAGCACTTGGCGGGCTCGGG,0,10710
TSS_1414_storz_regulondb,0.5,1,1,CAGCACAACGCTAAGCCCTC,0,49699
TSS_1414_storz_regulondb,0.5,1,1,CAGATCTTCGGTAATTAAAA,0,51898
TSS_1414_storz_regulondb,0.5,1,1,CAGATCTGGTGCACTAGCGT,0,70893
TSS_1414_storz_regulondb,0.5,1,1,CAGAGTCTGAGACCGCATTT,0,63894
TSS_1414_storz_regulondb,0.5,1,1,CAGAGTCGTGAGTGCGAGCC,0,76700
TSS_1414_storz_regulondb,0.5,1,1,CAGAGGGGAGGCAATCGGAT,0,68854
TSS_1414_storz_regulondb,0.5,1,1,CAGAGCGGTCCCTATTAGTG,0,30625
TSS_1414_storz_regulondb,0.5,1,1,CAGAGCAAGCATCAGCCCCA,0,76562
TSS_1414_storz_regulondb,0.5,1,1,CAGAGATGTGTCGCACCGTA,0,917
TSS_1414_storz_regulondb,0.5,1,1,CAGACGTAAATATGATCAAA,0,51741
TSS_1414_storz_regulondb,0.5,1,1,CAGACCTGTACAGATTACGG,0,16024
TSS_1414_storz_regulondb,0.5,1,1,CAGACAGAATCGCCTGCCCG,0,29133
TSS_1414_storz_regulondb,0.5,1,1,CAGAATAGGACGAGACTTTG,0,18469
TSS_1414_storz_regulondb,0.5,1,1,CAGAAGGTACGAATGGGACG,0,54859
TSS_1414_storz_regulondb,0.5,1,1,CAGAAGCTCAACACGGGTTG,0,19325
TSS_1414_storz_regulondb,0.5,1,1,CAGAAGAGAAGAAAATCACA,0,32830
TSS_1414_storz_regulondb,0.5,1,1,CAGAACCCGCACACCAATTG,0,74789
TSS_1414_storz_regulondb,0.5,1,1,CACTTGGTGCACCCCCCCCC,0,2925
TSS_1414_storz_regulondb,0.5,1,1,CACTTACAGGTAATCTTCGC,0,73296
TSS_1414_storz_regulondb,0.5,1,1,CACTGGTCCGGTGTTCCTGA,0,24468
TSS_1414_storz_regulondb,0.5,1,1,CACTACACGATACGGCGCTC,0,33442
TSS_1414_storz_regulondb,0.5,1,1,CACTAATCAAATTTTATGAA,0,9652
TSS_1414_storz_regulondb,0.5,1,1,CACGTTAGGGACGGCGGCGT,0,16686
TSS_1414_storz_regulondb,0.5,1,1,CACGTGTACCTACGCGGGTA,0,4868
TSS_1414_storz_regulondb,0.5,1,1,CACGTCCGATCGAGAAATTT,0,30511
TSS_1414_storz_regulondb,0.5,1,1,CACGTAATGTGACATCATCA,0,64558
TSS_1414_storz_regulondb,0.5,1,1,CACGGCTCCTGAGGCCGCCT,0,23270
TSS_1414_storz_regulondb,0.5,1,1,CACGGCCGTGTGGCCAATAA,0,70543
TSS_1414_storz_regulondb,0.5,1,1,CACGCGCACCCAGTCGGGAG,0,58045
TSS_1414_storz_regulondb,0.5,1,1,CACGCATAGTGTGGTGCCCA,0,51230
TSS_1414_storz_regulondb,0.5,1,1,CACCGGCTAAGACTGTATAC,0,4499
TSS_1414_storz_regulondb,0.5,1,1,CACCGAGCCAATCCGGCGCG,0,70646
TSS_1414_storz_regulondb,0.5,1,1,CACCGAATCCTCGTATATCG,0,19264
TSS_1414_storz_regulondb,0.5,1,1,CACCAATTTGCAAGATGGTG,0,72232
TSS_1414_storz_regulondb,0.5,1,1,CACCAATCGGTGCGAAATTA,0,6203
TSS_1414_storz_regulondb,0.5,1,1,CACCAAGTTCCACCAGTACA,0,7797
TSS_1414_storz_regulondb,0.5,1,1,CACCAAGGTTGAATGGGTCC,0,67511
TSS_1414_storz_regulondb,0.5,1,1,CACCAACGTTGCGTAGGAGT,0,11729
TSS_1414_storz_regulondb,0.5,1,1,CACCAACAAGCTCTCGAGTG,0,4454
TSS_1414_storz_regulondb,0.5,1,1,CACATTTTGGGGAGTTCAAT,0,12969
TSS_1414_storz_regulondb,0.5,1,1,CACATGCCGGGAATACGGAT,0,62635
TSS_1414_storz_regulondb,0.5,1,1,CACATGCCCTCGTTCATAAT,0,16281
TSS_1414_storz_regulondb,0.5,1,1,CACATGATTCGCATGGTTCT,0,33994
TSS_1414_storz_regulondb,0.5,1,1,CACAGCAGTAATCCGATAGT,0,75333
TSS_1414_storz_regulondb,0.5,1,1,CACACTCAATTCCAATCGTA,0,77189
TSS_1414_storz_regulondb,0.5,1,1,CACAAGGAGATCCTGTAACC,0,53622
TSS_1414_storz_regulondb,0.5,1,1,CACAACCGTCTGTGGGACAC,0,20377
TSS_1414_storz_regulondb,0.5,1,1,CACAACCAATCAGTGGTTAG,0,18260
TSS_1414_storz_regulondb,0.5,1,1,CACAAATTCTGAAGTTGCGT,0,58645
TSS_1414_storz_regulondb,0.5,1,1,CACAAATATCGGGCACGGCC,0,39929
TSS_1414_storz_regulondb,0.5,1,1,CACAAAGCTCATCGGCCGAA,0,26787
TSS_1414_storz_regulondb,0.5,1,1,CAATTCGTATGTAAGGGGTG,0,43537
TSS_1414_storz_regulondb,0.5,1,1,CAATTATCAACGGGTAGTCA,0,36006
TSS_1414_storz_regulondb,0.5,1,1,CAATTAAGCATTGCGGGCCA,0,69566
TSS_1414_storz_regulondb,0.5,1,1,CAATCGTCAGCGACGCTGGA,0,15714
TSS_1414_storz_regulondb,0.5,1,1,CAATCGACTGAATATCAGCC,0,67893
TSS_1414_storz_regulondb,0.5,1,1,CAATCCTAATTTAACTAAGT,0,45257
TSS_1414_storz_regulondb,0.5,1,1,CAATCATGAACACATCTCGA,0,66301
TSS_1414_storz_regulondb,0.5,1,1,CAATATCGTCATCACAAGTT,0,39568
TSS_1414_storz_regulondb,0.5,1,1,CAAGTGTAAAGAGAGTGCAG,0,35160
TSS_1414_storz_regulondb,0.5,1,1,CAAGTGGAGAGTTTATTTTT,0,32074
TSS_1414_storz_regulondb,0.5,1,1,CAAGTGGACAATTATTAGTC,0,65762
TSS_1414_storz_regulondb,0.5,1,1,CAAGGTGCCTTCAGCGGATC,0,24858
TSS_1414_storz_regulondb,0.5,1,1,CAAGGGAAAATCGATTCGCC,0,79488
TSS_1414_storz_regulondb,0.5,1,1,CAAGGATAGTGTAATAGCAT,0,46435
TSS_1414_storz_regulondb,0.5,1,1,CAAGGAAAGGGCACCCGCTT,0,14154
TSS_1414_storz_regulondb,0.5,1,1,CAAGCTGTAGTACGTACGCA,0,61338
TSS_1414_storz_regulondb,0.5,1,1,CAAGCGGGTAAGCCCCCCAA,0,8013
TSS_1414_storz_regulondb,0.5,1,1,CAAGCGAGGACTTCCATGAG,0,38759
TSS_1414_storz_regulondb,0.5,1,1,CAAGCCTCTAATTAGAGTGT,0,21590
TSS_1414_storz_regulondb,0.5,1,1,CAAGATATTGAGGACTACTC,0,75434
TSS_1414_storz_regulondb,0.5,1,1,CAACTTGGCCCTCCTCACGA,0,21430
TSS_1414_storz_regulondb,0.5,1,1,CAACTGTACGCAGAATGCGT,0,18736
TSS_1414_storz_regulondb,0.5,1,1,CAACGTGCGACGCAGTTGCT,0,68140
TSS_1414_storz_regulondb,0.5,1,1,CAACGCGCCTCATATATGGA,0,10716
TSS_1414_storz_regulondb,0.5,1,1,CAACCGTACCCAATTTCGCA,0,15345
TSS_1414_storz_regulondb,0.5,1,1,CAACCGGCTGCAGTAGTCAG,0,22611
TSS_1414_storz_regulondb,0.5,1,1,CAACATTTCTGCTATCGAGT,0,56977
TSS_1414_storz_regulondb,0.5,1,1,CAACATGAGTCTCAACAAGT,0,48624
TSS_1414_storz_regulondb,0.5,1,1,CAACAGCCAGAACATACTGA,0,6972
TSS_1414_storz_regulondb,0.5,1,1,CAACAAGTTGTTGTGTCGGC,0,61771
TSS_1414_storz_regulondb,0.5,1,1,CAAATTTGTGTTTAAGCTTA,0,73663
TSS_1414_storz_regulondb,0.5,1,1,CAAATTCAAACTTGATGATC,0,23913
TSS_1414_storz_regulondb,0.5,1,1,CAAATGACCCTGCTACGGGT,0,78043
TSS_1414_storz_regulondb,0.5,1,1,CAAATACTGCGCCGGATACC,0,52892
TSS_1414_storz_regulondb,0.5,1,1,CAAAGTAGCTTTGTACGTTT,0,13546
TSS_1414_storz_regulondb,0.5,1,1,CAAAGCAAACATTATCAATG,0,18805
TSS_1414_storz_regulondb,0.5,1,1,CAAAGAGGAGCTCTAGACAT,0,13304
TSS_1414_storz_regulondb,0.5,1,1,CAAAGAAGAGGGGAGGATAG,0,15205
TSS_1414_storz_regulondb,0.5,1,1,CAAACATAATGTCCGGTATA,0,99
TSS_1414_storz_regulondb,0.5,1,1,CAAAATTGTCACAAGAGAAT,0,67687
TSS_1414_storz_regulondb,0.5,1,1,CAAAACCCTGTCCGCGTATA,0,3862
TSS_1414_storz_regulondb,0.5,1,1,CAAAACCCCTGCTTTACTTC,0,58547
TSS_1414_storz_regulondb,0.5,1,1,CAAAAATTCACTCGGTCATC,0,78776
TSS_1414_storz_regulondb,0.5,1,1,CAAAAAATCGTTGCCACCAC,0,51254
TSS_1414_storz_regulondb,0.5,1,1,ATTTTGGGAAATCAAAAATA,0,44011
TSS_1414_storz_regulondb,0.5,1,1,ATTTTCTCGCTACCAGGCAT,0,10724
TSS_1414_storz_regulondb,0.5,1,1,ATTTTATTGCAGCGTACTCT,0,75812
TSS_1414_storz_regulondb,0.5,1,1,ATTTTAGCGACAATGGGCGC,0,30415
TSS_1414_storz_regulondb,0.5,1,1,ATTTGCTTTATTAGATTGAA,0,35864
TSS_1414_storz_regulondb,0.5,1,1,ATTTGACTCTCTCGCCCATT,0,81072
TSS_1414_storz_regulondb,0.5,1,1,ATTTGAATTGGTATATCGCG,0,27461
TSS_1414_storz_regulondb,0.5,1,1,ATTTCTCAGAAGAAATTACA,0,11015
TSS_1414_storz_regulondb,0.5,1,1,ATTTCGCATCTTCCAGGAAT,0,17704
TSS_1414_storz_regulondb,0.5,1,1,ATTTCGAGGATGCTTTTGTA,0,2852
TSS_1414_storz_regulondb,0.5,1,1,ATTTCAACTACCGGTCTGGG,0,14946
TSS_1414_storz_regulondb,0.5,1,1,ATTTCAAAATTTGCAACGGC,0,57479
TSS_1414_storz_regulondb,0.5,1,1,ATTTATATCCGAGCAATGCC,0,69693
TSS_1414_storz_regulondb,0.5,1,1,ATTTAGGGGCAGAGAGGTTA,0,65526
TSS_1414_storz_regulondb,0.5,1,1,ATTTAGAAGGTAGAGGAAGA,0,60256
TSS_1414_storz_regulondb,0.5,1,1,ATTGTTACCATGCCGCATCC,0,8974
TSS_1414_storz_regulondb,0.5,1,1,ATTGTGGCTTAGAGAAGTAC,0,45123
TSS_1414_storz_regulondb,0.5,1,1,ATTGTGAGTCAACGGGCAGG,0,57843
TSS_1414_storz_regulondb,0.5,1,1,ATTGTCTTTTAAACTGGAGA,0,24221
TSS_1414_storz_regulondb,0.5,1,1,ATTGTCGTGCTAGAGAGACC,0,26888
TSS_1414_storz_regulondb,0.5,1,1,ATTGTCAGTTGGAGAAGTGA,0,75661
TSS_1414_storz_regulondb,0.5,1,1,ATTGTAGCCGCACTTCTTCA,0,59382
TSS_1414_storz_regulondb,0.5,1,1,ATTGGTATTCCATCTCCAGA,0,51813
TSS_1414_storz_regulondb,0.5,1,1,ATTGGCAATACATGACGTGA,0,43089
TSS_1414_storz_regulondb,0.5,1,1,ATTGCTTGACAGCCCTACCT,0,47482
TSS_1414_storz_regulondb,0.5,1,1,ATTGCAGACCTACAAAGCGC,0,28152
TSS_1414_storz_regulondb,0.5,1,1,ATTGCAACGTTTAGCATCGC,0,40067
TSS_1414_storz_regulondb,0.5,1,1,ATTGACCGGTACCAACTGCA,0,9245
TSS_1414_storz_regulondb,0.5,1,1,ATTGAAAAGCGGTCCCAAGA,0,633
TSS_1414_storz_regulondb,0.5,1,1,ATTCTGTGCCAGGCCCACGA,0,59297
TSS_1414_storz_regulondb,0.5,1,1,ATTCTCTCGCGGCGAAGTAG,0,13607
TSS_1414_storz_regulondb,0.5,1,1,ATTCGTTCATCAACGTCGAG,0,3117
TSS_1414_storz_regulondb,0.5,1,1,ATTCGGCAGTTCGAGGGTGT,0,33871
TSS_1414_storz_regulondb,0.5,1,1,ATTCGGAGCTTGGTATAGAC,0,10990
TSS_1414_storz_regulondb,0.5,1,1,ATTCGCTCTTAGTACTCGAT,0,54364
TSS_1414_storz_regulondb,0.5,1,1,ATTCGCACGTATATCTAAAC,0,24373
TSS_1414_storz_regulondb,0.5,1,1,ATTCGATTTGTCGAGAAAGA,0,56543
TSS_1414_storz_regulondb,0.5,1,1,ATTCGAAGACACATACGAAG,0,33070
TSS_1414_storz_regulondb,0.5,1,1,ATTCCGCCTCATTTTTATGG,0,15397
TSS_1414_storz_regulondb,0.5,1,1,ATTCCGAGTATAAAAGAGGC,0,79578
TSS_1414_storz_regulondb,0.5,1,1,ATTCCCGTAAGTCCAACTAT,0,7869
TSS_1414_storz_regulondb,0.5,1,1,ATTATTCACCGTCATTCGGT,0,47515
TSS_1414_storz_regulondb,0.5,1,1,ATTATGCGTCTACCCCGATC,0,20369
TSS_1414_storz_regulondb,0.5,1,1,ATTATCCTAGATTCCTTCGA,0,7042
TSS_1414_storz_regulondb,0.5,1,1,ATTATATCACGGCTTCTGAA,0,134
TSS_1414_storz_regulondb,0.5,1,1,ATTATAGCATACGGTACGTC,0,38981
TSS_1414_storz_regulondb,0.5,1,1,ATTAGTGGATCGAATCTAGT,0,64348
TSS_1414_storz_regulondb,0.5,1,1,ATTAGTAAAATCAGCGTTAA,0,80432
TSS_1414_storz_regulondb,0.5,1,1,ATTAGCCACAAGTCATATTA,0,48396
TSS_1414_storz_regulondb,0.5,1,1,ATTAGAGCGAAGGTGTTCCC,0,52075
TSS_1414_storz_regulondb,0.5,1,1,ATTACTAACGCGGAAGTACG,0,62265
TSS_1414_storz_regulondb,0.5,1,1,ATTACGTGTTGCGCAGTGGA,0,69809
TSS_1414_storz_regulondb,0.5,1,1,ATTACGGCCAGGGTGGGATC,0,25024
TSS_1414_storz_regulondb,0.5,1,1,ATTAAGTCCGCGGTCGCGCA,0,1981
TSS_1414_storz_regulondb,0.5,1,1,ATTAAGGCGAGGCCATCAAC,0,46648
TSS_1414_storz_regulondb,0.5,1,1,ATTAACCTATGATATGCCTT,0,17265
TSS_1414_storz_regulondb,0.5,1,1,ATGTTTTGTTATGATGGTCA,0,40017
TSS_1414_storz_regulondb,0.5,1,1,ATGTTCAGGGACGTCCGGGT,0,16617
TSS_1414_storz_regulondb,0.5,1,1,ATGTTAGCTCTCCGTATTTT,0,5212
TSS_1414_storz_regulondb,0.5,1,1,ATGTGCTTGAAGATATCTTC,0,40934
TSS_1414_storz_regulondb,0.5,1,1,ATGTGCGCATCAGTTCGCAA,0,44661
TSS_1414_storz_regulondb,0.5,1,1,ATGTGACGGGATACACACGT,0,24814
TSS_1414_storz_regulondb,0.5,1,1,ATGTCTTTGAGCAGCGCGCG,0,7267
TSS_1414_storz_regulondb,0.5,1,1,ATGTCCCTTGCTACAATAAA,0,53086
TSS_1414_storz_regulondb,0.5,1,1,ATGTCATCTAACTTCCATGA,0,4020
TSS_1414_storz_regulondb,0.5,1,1,ATGTATACGGGGCACGAATC,0,73984
TSS_1414_storz_regulondb,0.5,1,1,ATGTAAGGGTGCAACGGAAG,0,79398
TSS_1414_storz_regulondb,0.5,1,1,ATGTAAACCGTCAAAGAATA,0,74709
TSS_1414_storz_regulondb,0.5,1,1,ATGGTTTTCAATAATTGTAC,0,41264
TSS_1414_storz_regulondb,0.5,1,1,ATGGTTTAGTAACGCCGGGT,0,71879
TSS_1414_storz_regulondb,0.5,1,1,ATGGTTGCGTTTGGTATTTG,0,11670
TSS_1414_storz_regulondb,0.5,1,1,ATGGTTGATCGAGCGGGCAT,0,78689
TSS_1414_storz_regulondb,0.5,1,1,ATGGTCATCTATGCGAGACT,0,52488
TSS_1414_storz_regulondb,0.5,1,1,ATGGGTTTCTAGATTTGAAA,0,46371
TSS_1414_storz_regulondb,0.5,1,1,ATGGGTTCTGAAAATGTGGG,0,22850
TSS_1414_storz_regulondb,0.5,1,1,ATGGGGGCTAAGATAAGTTG,0,60488
TSS_1414_storz_regulondb,0.5,1,1,ATGGGCCCGGGCGGGAGTAT,0,44876
TSS_1414_storz_regulondb,0.5,1,1,ATGGGATACGGTAAGGAATT,0,32884
TSS_1414_storz_regulondb,0.5,1,1,ATGGGAGCCTCGCAACTTGC,0,42726
TSS_1414_storz_regulondb,0.5,1,1,ATGGGACGCCTTGATTATAA,0,72954
TSS_1414_storz_regulondb,0.5,1,1,ATGGCTTCATCATCCCCTCA,0,79005
TSS_1414_storz_regulondb,0.5,1,1,ATGGCTGACATAGACCTGAA,0,25332
TSS_1414_storz_regulondb,0.5,1,1,ATGGCGAGGACTTTGCGAGT,0,69412
TSS_1414_storz_regulondb,0.5,1,1,ATGGCGACTAAGTGCTTAAA,0,25556
TSS_1414_storz_regulondb,0.5,1,1,ATGGCGACGGTATAGTAGCC,0,14995
TSS_1414_storz_regulondb,0.5,1,1,ATGGCAAGATATTACGTGAT,0,76238
TSS_1414_storz_regulondb,0.5,1,1,ATGGCAAAAATTGCAATCTT,0,73295
TSS_1414_storz_regulondb,0.5,1,1,ATGGATCCGACGTTTACGAC,0,8537
TSS_1414_storz_regulondb,0.5,1,1,ATGGAAAGTTGGATAAATGT,0,55881
TSS_1414_storz_regulondb,0.5,1,1,ATGCTTTTGCATAATGTTGC,0,73784
TSS_1414_storz_regulondb,0.5,1,1,ATGCTTTTCATGATCACGCT,0,34293
TSS_1414_storz_regulondb,0.5,1,1,ATGCTTGCCGTCAGTGAGTA,0,60422
TSS_1414_storz_regulondb,0.5,1,1,ATGCTTCAACACTTTCTTCA,0,9346
TSS_1414_storz_regulondb,0.5,1,1,ATGCTGCGTCTATCAGGTAC,0,50984
TSS_1414_storz_regulondb,0.5,1,1,ATGCTGACGATCATCAGGTT,0,14013
TSS_1414_storz_regulondb,0.5,1,1,ATGCGTGAATCGACCGGGCT,0,60583
TSS_1414_storz_regulondb,0.5,1,1,ATGCGTCACCCAAATATCAG,0,23756
TSS_1414_storz_regulondb,0.5,1,1,ATGCGTATAATAGTATTATC,0,17449
TSS_1414_storz_regulondb,0.5,1,1,ATGCGTACTTAAGTGGTCGC,0,25860
TSS_1414_storz_regulondb,0.5,1,1,ATGCGGGCTACAAGTGAACA,0,44068
TSS_1414_storz_regulondb,0.5,1,1,ATGCGCTGGTCAATCTTAGT,0,66547
TSS_1414_storz_regulondb,0.5,1,1,ATGCGCGCGGCAACGGTCAG,0,7503
TSS_1414_storz_regulondb,0.5,1,1,ATGCGCATGGTACATCCGAG,0,45883
TSS_1414_storz_regulondb,0.5,1,1,ATGCGAGGTCGGAACGCCAA,0,30635
TSS_1414_storz_regulondb,0.5,1,1,ATGCCTTCTGACCGTAATGG,0,66177
TSS_1414_storz_regulondb,0.5,1,1,ATGCCTGCAAATTGAAGACA,0,56556
TSS_1414_storz_regulondb,0.5,1,1,ATGCCGTCCGCTTCGGTAAC,0,22384
TSS_1414_storz_regulondb,0.5,1,1,ATGCCGCGAAATCCGACTCA,0,19017
TSS_1414_storz_regulondb,0.5,1,1,ATGCCCCGGCACGGCCTTGC,0,26091
TSS_1414_storz_regulondb,0.5,1,1,ATGCCCAGTTAAACTACAAC,0,30860
TSS_1414_storz_regulondb,0.5,1,1,ATGATGATTCGGATTTGTTC,0,60222
TSS_1414_storz_regulondb,0.5,1,1,ATGATCTCCTCTGCTCCGAC,0,39858
TSS_1414_storz_regulondb,0.5,1,1,ATGATATTTTTCGTGTCCGA,0,61542
TSS_1414_storz_regulondb,0.5,1,1,ATGATATGGGTGCTAGCAGA,0,44671
TSS_1414_storz_regulondb,0.5,1,1,ATGATAGTCGGCACATAGAA,0,60109
TSS_1414_storz_regulondb,0.5,1,1,ATGAGTGTACTTGATAAACA,0,60395
TSS_1414_storz_regulondb,0.5,1,1,ATGAGTAGGAATAACGATGT,0,57379
TSS_1414_storz_regulondb,0.5,1,1,ATGAGGCCCTACAGATGGCA,0,54227
TSS_1414_storz_regulondb,0.5,1,1,ATGACTTGACTTTCTGACAT,0,64642
TSS_1414_storz_regulondb,0.5,1,1,ATGACTTCGGTCTGCTTGAA,0,38412
TSS_1414_storz_regulondb,0.5,1,1,ATGACTGAACGCGCGGAGGA,0,80060
TSS_1414_storz_regulondb,0.5,1,1,ATGACGGGGAGGTAGGTGGT,0,29934
TSS_1414_storz_regulondb,0.5,1,1,ATGACGAAAATCCGGTCGAT,0,34794
TSS_1414_storz_regulondb,0.5,1,1,ATGACCCTCCCGTGTGCGTT,0,48436
TSS_1414_storz_regulondb,0.5,1,1,ATGAACTCAAGCTTATGCCC,0,73706
TSS_1414_storz_regulondb,0.5,1,1,ATCTTTAACAGTTACAGTCT,0,920
TSS_1414_storz_regulondb,0.5,1,1,ATCTTGGACATGCAGCTTCT,0,63822
TSS_1414_storz_regulondb,0.5,1,1,ATCTTGACGAGCGCCGTAAA,0,3388
TSS_1414_storz_regulondb,0.5,1,1,ATCTTCTTTCCGCATGATGT,0,61884
TSS_1414_storz_regulondb,0.5,1,1,ATCTTCTGGACATTATTGAT,0,29483
TSS_1414_storz_regulondb,0.5,1,1,ATCTTCGGTTTCTAGAGCAG,0,51284
TSS_1414_storz_regulondb,0.5,1,1,ATCTTCCTGCTCAACTTCGT,0,17005
TSS_1414_storz_regulondb,0.5,1,1,ATCTGTGATTGCGTCCGCCA,0,65254
TSS_1414_storz_regulondb,0.5,1,1,ATCTGGTTTCCATTCATTGT,0,78138
TSS_1414_storz_regulondb,0.5,1,1,ATCTGAATCACTGTTCCGAA,0,43622
TSS_1414_storz_regulondb,0.5,1,1,ATCTCTTCACTATAGGCCGC,0,8004
TSS_1414_storz_regulondb,0.5,1,1,ATCTCTGTCACAACGGCGCA,0,50321
TSS_1414_storz_regulondb,0.5,1,1,ATCTCTGGGAGGCGATGCCC,0,18597
TSS_1414_storz_regulondb,0.5,1,1,ATCTCTCTATGGGACCGTCA,0,7986
TSS_1414_storz_regulondb,0.5,1,1,ATCTCGTGTCAACTTTGCGA,0,80843
TSS_1414_storz_regulondb,0.5,1,1,ATCTCGCGCCAGAGCCCTGG,0,39159
TSS_1414_storz_regulondb,0.5,1,1,ATCTCCCCAGCATCCACCAG,0,59052
TSS_1414_storz_regulondb,0.5,1,1,ATCTATTTGTGTTACAGGAG,0,32
TSS_1414_storz_regulondb,0.5,1,1,ATCTATCGGTAATCGCGGTT,0,77764
TSS_1414_storz_regulondb,0.5,1,1,ATCTAGGGCAGCCCCGATAA,0,19549
TSS_1414_storz_regulondb,0.5,1,1,ATCTACCAGTCCGAAAGGGG,0,61439
TSS_1414_storz_regulondb,0.5,1,1,ATCGTGTGAGTGCTAACGCA,0,43813
TSS_1414_storz_regulondb,0.5,1,1,ATCGGCAGCATGGGGGAAAA,0,17994
TSS_1414_storz_regulondb,0.5,1,1,ATCGCTGCGTGTGACTCTAC,0,54676
TSS_1414_storz_regulondb,0.5,1,1,ATCGCTAAGTAGCTTATTCG,0,59961
TSS_1414_storz_regulondb,0.5,1,1,ATCGCCCAGAAGATATCGAT,0,75777
TSS_1414_storz_regulondb,0.5,1,1,ATCGCCAAAATCACGACGAG,0,492
TSS_1414_storz_regulondb,0.5,1,1,ATCGCAGCCAAAATCCTTTC,0,54352
TSS_1414_storz_regulondb,0.5,1,1,ATCGACCATGGGACAGACTT,0,37077
TSS_1414_storz_regulondb,0.5,1,1,ATCCTAACAATCGAAGCCTC,0,9197
TSS_1414_storz_regulondb,0.5,1,1,ATCCGTCTTTGGCTAAACAT,0,58242
TSS_1414_storz_regulondb,0.5,1,1,ATCCGGGATGTCCTGCGAAG,0,31797
TSS_1414_storz_regulondb,0.5,1,1,ATCCGCAGGAGTTGGCCGAA,0,68780
TSS_1414_storz_regulondb,0.5,1,1,ATCCGATGGTAGAGCTATTT,0,68379
TSS_1414_storz_regulondb,0.5,1,1,ATCCCGACTTTTGCATATTA,0,46946
TSS_1414_storz_regulondb,0.5,1,1,ATCCCCTGTCGGTCGGGTTT,0,9297
TSS_1414_storz_regulondb,0.5,1,1,ATCCCCAACGAGCCATCTAT,0,66833
TSS_1414_storz_regulondb,0.5,1,1,ATCATTCGGTTGCGTAGTTG,0,48324
TSS_1414_storz_regulondb,0.5,1,1,ATCATTCCACCAGACTGATC,0,38968
TSS_1414_storz_regulondb,0.5,1,1,ATCATGGCGTATTCATATTC,0,70063
TSS_1414_storz_regulondb,0.5,1,1,ATCATGCACAACCATGATGT,0,66247
TSS_1414_storz_regulondb,0.5,1,1,ATCATACCGAGTATGTATGA,0,19479
TSS_1414_storz_regulondb,0.5,1,1,ATCAGGGTGTTTTTAAAGGC,0,80951
TSS_1414_storz_regulondb,0.5,1,1,ATCAGGCTGTGCACGGCGAA,0,69050
TSS_1414_storz_regulondb,0.5,1,1,ATCAGACGCAGTGCGCGGTT,0,31617
TSS_1414_storz_regulondb,0.5,1,1,ATCAGAACGTGGAACACACT,0,23074
TSS_1414_storz_regulondb,0.5,1,1,ATCACGCCCTTACTGACGAG,0,15012
TSS_1414_storz_regulondb,0.5,1,1,ATCAATATATCAACTCTCGA,0,9900
TSS_1414_storz_regulondb,0.5,1,1,ATCAACAAATGACATACCTC,0,54349
TSS_1414_storz_regulondb,0.5,1,1,ATCAAATGGTTTAAAAGCTA,0,25181
TSS_1414_storz_regulondb,0.5,1,1,ATATTTGGTGCGACCGTAAT,0,68728
TSS_1414_storz_regulondb,0.5,1,1,ATATTTGCGACAAGCCGGAG,0,38019
TSS_1414_storz_regulondb,0.5,1,1,ATATTGAGATTGCTGCCCAG,0,68126
TSS_1414_storz_regulondb,0.5,1,1,ATATTAAGATCTTAAGCCCA,0,48561
TSS_1414_storz_regulondb,0.5,1,1,ATATGTTCGCGTGGTCGATG,0,36074
TSS_1414_storz_regulondb,0.5,1,1,ATATGTGGCTATACCGTTCA,0,61818
TSS_1414_storz_regulondb,0.5,1,1,ATATGGCTCGCACCTGGAGT,0,60409
TSS_1414_storz_regulondb,0.5,1,1,ATATGGCAGCTCGGCACATG,0,41133
TSS_1414_storz_regulondb,0.5,1,1,ATATGGACGTACGATGAAAC,0,53826
TSS_1414_storz_regulondb,0.5,1,1,ATATGGACAGTTGGCGGCTC,0,39026
TSS_1414_storz_regulondb,0.5,1,1,ATATGACCTCTATGCGAATA,0,63402
TSS_1414_storz_regulondb,0.5,1,1,ATATGAAGCCCCCACGCGCT,0,60473
TSS_1414_storz_regulondb,0.5,1,1,ATATCTTGGATGGTCAGCGG,0,1621
TSS_1414_storz_regulondb,0.5,1,1,ATATCTTAGTTGCGATACGG,0,49558
TSS_1414_storz_regulondb,0.5,1,1,ATATCTAGGCTCACACGTGC,0,44428
TSS_1414_storz_regulondb,0.5,1,1,ATATCGCTGCGGCTCACTGA,0,35557
TSS_1414_storz_regulondb,0.5,1,1,ATATCCCGTGCATACCAGTG,0,4250
TSS_1414_storz_regulondb,0.5,1,1,ATATCAAGAGAGGAGGCTTT,0,46083
TSS_1414_storz_regulondb,0.5,1,1,ATATAGGGTGCGGCAAAAAA,0,80389
TSS_1414_storz_regulondb,0.5,1,1,ATAGTTGGATTGGTTCAGAC,0,36802
TSS_1414_storz_regulondb,0.5,1,1,ATAGTTCGCAGTGGTAACCT,0,30269
TSS_1414_storz_regulondb,0.5,1,1,ATAGTTAGAAGTGTGGGCAG,0,80897
TSS_1414_storz_regulondb,0.5,1,1,ATAGTCTCCGAGTAACAGTA,0,18890
TSS_1414_storz_regulondb,0.5,1,1,ATAGGGGATAGAGTAGTGGA,0,35991
TSS_1414_storz_regulondb,0.5,1,1,ATAGGAAGGCGCCTGCCCGG,0,38207
TSS_1414_storz_regulondb,0.5,1,1,ATAGCTACTGCAGCACTTAA,0,44725
TSS_1414_storz_regulondb,0.5,1,1,ATAGCGGACCTGATTTGGTT,0,11916
TSS_1414_storz_regulondb,0.5,1,1,ATAGCCTGCTATACGATTCT,0,26479
TSS_1414_storz_regulondb,0.5,1,1,ATAGCACACAGAGATTGAAA,0,29438
TSS_1414_storz_regulondb,0.5,1,1,ATAGATCTTAAACGCGGGGC,0,15395
TSS_1414_storz_regulondb,0.5,1,1,ATAGATAAGACAGGGTCAGC,0,18716
TSS_1414_storz_regulondb,0.5,1,1,ATAGAGGTCGTGGGATATAT,0,72106
TSS_1414_storz_regulondb,0.5,1,1,ATAGACGGCCTGGTACAAAT,0,18862
TSS_1414_storz_regulondb,0.5,1,1,ATACGTTACTCCGCGTAGGA,0,66837
TSS_1414_storz_regulondb,0.5,1,1,ATACGTTAAACACACAAGTT,0,70201
TSS_1414_storz_regulondb,0.5,1,1,ATACGGTGCATGGATCACCT,0,35684
TSS_1414_storz_regulondb,0.5,1,1,ATACGGCTATTGGGAAACGA,0,2451
TSS_1414_storz_regulondb,0.5,1,1,ATACCTTGCTAGTTCACGAA,0,54546
TSS_1414_storz_regulondb,0.5,1,1,ATACCGATATTCAGATGCTT,0,57254
TSS_1414_storz_regulondb,0.5,1,1,ATACAGAGTCACAGCGCCCC,0,64603
TSS_1414_storz_regulondb,0.5,1,1,ATACAGAAGTGATGCGCACT,0,6337
TSS_1414_storz_regulondb,0.5,1,1,ATACACGAACGGGGTTTAGA,0,13916
TSS_1414_storz_regulondb,0.5,1,1,ATACACATTAGCTTCGCGCC,0,74555
TSS_1414_storz_regulondb,0.5,1,1,ATAATTAAGGGCGCAGCTTT,0,53322
TSS_1414_storz_regulondb,0.5,1,1,ATAAGTAGTGGTTGTAAGTT,0,822
TSS_1414_storz_regulondb,0.5,1,1,ATAAGCTGGAACCGTGAACC,0,11
TSS_1414_storz_regulondb,0.5,1,1,ATAAGCATTCTGTCGATGGG,0,50502
TSS_1414_storz_regulondb,0.5,1,1,ATAACCCGGTGTCAGCTCGT,0,53889
TSS_1414_storz_regulondb,0.5,1,1,ATAACCAAACTCGCCCTTGC,0,4779
TSS_1414_storz_regulondb,0.5,1,1,ATAACATGTCAGGGATATCT,0,51231
TSS_1414_storz_regulondb,0.5,1,1,ATAACAGGGGGCCGTCTCGC,0,24820
TSS_1414_storz_regulondb,0.5,1,1,ATAAATCACCGGCGGTTCGA,0,55528
TSS_1414_storz_regulondb,0.5,1,1,ATAAACGGGGGTTGCAGTCT,0,24503
TSS_1414_storz_regulondb,0.5,1,1,AGTTTTACTCTCATGCAAGG,0,49361
TSS_1414_storz_regulondb,0.5,1,1,AGTTTGAATGGGGCCTACTC,0,37996
TSS_1414_storz_regulondb,0.5,1,1,AGTTTCTCGCCACGAATGTT,0,12758
TSS_1414_storz_regulondb,0.5,1,1,AGTTGTGGCAGACTCTGGCC,0,38081
TSS_1414_storz_regulondb,0.5,1,1,AGTTGTGCTCTTGGGACTAA,0,51163
TSS_1414_storz_regulondb,0.5,1,1,AGTTGGGGCACCCATCTTGG,0,19717
TSS_1414_storz_regulondb,0.5,1,1,AGTTGCACAATAGATAGGGT,0,79245
TSS_1414_storz_regulondb,0.5,1,1,AGTTGACTCACGCTAACCGT,0,47873
TSS_1414_storz_regulondb,0.5,1,1,AGTTCGGAGCTGGAATTAGC,0,66415
TSS_1414_storz_regulondb,0.5,1,1,AGTTCCGGGGACGTCGCGGA,0,67469
TSS_1414_storz_regulondb,0.5,1,1,AGTTCCCACCTGTAGTGGCG,0,3398
TSS_1414_storz_regulondb,0.5,1,1,AGTTCATGTATGAATGAGGA,0,9956
TSS_1414_storz_regulondb,0.5,1,1,AGTTACCACTAGAAGGGTGA,0,69456
TSS_1414_storz_regulondb,0.5,1,1,AGTGTCCCGTAGGAATATCT,0,32394
TSS_1414_storz_regulondb,0.5,1,1,AGTGTCAAACCATATGTCAT,0,20779
TSS_1414_storz_regulondb,0.5,1,1,AGTGGTTTGGCGGTTGGGGT,0,50227
TSS_1414_storz_regulondb,0.5,1,1,AGTGCTTACTTTCAGCTTGT,0,66082
TSS_1414_storz_regulondb,0.5,1,1,AGTGCTCGATCTTGTTTCAG,0,71123
TSS_1414_storz_regulondb,0.5,1,1,AGTGCGTAGCGCTTATGTCG,0,70876
TSS_1414_storz_regulondb,0.5,1,1,AGTGCCCGCCCAGCCCTATT,0,58873
TSS_1414_storz_regulondb,0.5,1,1,AGTGCCAAGGCGACTTAATG,0,56203
TSS_1414_storz_regulondb,0.5,1,1,AGTGCAATGATGGCATATCA,0,29389
TSS_1414_storz_regulondb,0.5,1,1,AGTGATGATGTCCAACTAGC,0,78882
TSS_1414_storz_regulondb,0.5,1,1,AGTGAGGCAAGGGTTATTGA,0,2431
TSS_1414_storz_regulondb,0.5,1,1,AGTGAGACGCATTCGCGCGC,0,8297
TSS_1414_storz_regulondb,0.5,1,1,AGTGAAGTAACGGGGGCCAC,0,31366
TSS_1414_storz_regulondb,0.5,1,1,AGTCTTCTTGTTGGGAAAGC,0,15698
TSS_1414_storz_regulondb,0.5,1,1,AGTCTCATGGCTCGTGCTAG,0,16543
TSS_1414_storz_regulondb,0.5,1,1,AGTCTACGTTTGATATCTTC,0,80175
TSS_1414_storz_regulondb,0.5,1,1,AGTCGGTGACGCGACTGGCG,0,45972
TSS_1414_storz_regulondb,0.5,1,1,AGTCGGTCTACGTCTACCCC,0,11148
TSS_1414_storz_regulondb,0.5,1,1,AGTCGCAGAACTAGGTGCTT,0,46003
TSS_1414_storz_regulondb,0.5,1,1,AGTCCGGCAACACGGTCGGC,0,65939
TSS_1414_storz_regulondb,0.5,1,1,AGTCATTGCCAGTTTTGTTC,0,59847
TSS_1414_storz_regulondb,0.5,1,1,AGTCACTAACCCGGCGAATG,0,26557
TSS_1414_storz_regulondb,0.5,1,1,AGTCACCTGATATGTTAGCC,0,22038
TSS_1414_storz_regulondb,0.5,1,1,AGTATTATCACTCCGGGCAT,0,36415
TSS_1414_storz_regulondb,0.5,1,1,AGTATGCCAGTAGCTTCACA,0,67944
TSS_1414_storz_regulondb,0.5,1,1,AGTAGGAGTGCATTTTGGAC,0,67104
TSS_1414_storz_regulondb,0.5,1,1,AGTAGCGGGGCAAAATAATG,0,23716
TSS_1414_storz_regulondb,0.5,1,1,AGTAGCCTGTCACGGTAGTC,0,79053
TSS_1414_storz_regulondb,0.5,1,1,AGTAGACAAACGCGTCCTTT,0,55497
TSS_1414_storz_regulondb,0.5,1,1,AGTACGAACTTGAGACTGGT,0,10551
TSS_1414_storz_regulondb,0.5,1,1,AGTAATCGCGTCGGTATGCA,0,3905
TSS_1414_storz_regulondb,0.5,1,1,AGTAATAGTCATAGGGGTGA,0,66482
TSS_1414_storz_regulondb,0.5,1,1,AGTAAGCTGTATCGGCGGTA,0,18737
TSS_1414_storz_regulondb,0.5,1,1,AGTAAGAATTCGTTCTACTG,0,53721
TSS_1414_storz_regulondb,0.5,1,1,AGTAACGTCCTGGGAAACTC,0,13155
TSS_1414_storz_regulondb,0.5,1,1,AGGTTGCTAGAATTGTAGTG,0,53490
TSS_1414_storz_regulondb,0.5,1,1,AGGTTAGCGTGGTACGAAGG,0,33632
TSS_1414_storz_regulondb,0.5,1,1,AGGTTAAGCGCGGCGAACTC,0,67499
TSS_1414_storz_regulondb,0.5,1,1,AGGTGTCCTGGGTTAACAAA,0,140
TSS_1414_storz_regulondb,0.5,1,1,AGGTGGCTGGCTGTGTACGT,0,48789
TSS_1414_storz_regulondb,0.5,1,1,AGGTGCTTTAGGGCCCGGCA,0,54179
TSS_1414_storz_regulondb,0.5,1,1,AGGTGAACAATCCGAGAGGC,0,6565
TSS_1414_storz_regulondb,0.5,1,1,AGGTCTCAACCATTGGCCAT,0,20810
TSS_1414_storz_regulondb,0.5,1,1,AGGTCAATCTATACACTTGC,0,52191
TSS_1414_storz_regulondb,0.5,1,1,AGGTATGCCCAAATCGGCGC,0,17588
TSS_1414_storz_regulondb,0.5,1,1,AGGTATACTAGTTTTTGTAC,0,46351
TSS_1414_storz_regulondb,0.5,1,1,AGGGTTGCCAGGCATGCAAT,0,63191
TSS_1414_storz_regulondb,0.5,1,1,AGGGTTAAGAAATCTGATTA,0,32239
TSS_1414_storz_regulondb,0.5,1,1,AGGGTAGGTAAAGTCTTACG,0,25920
TSS_1414_storz_regulondb,0.5,1,1,AGGGGTTGTGCATTGAATCT,0,30361
TSS_1414_storz_regulondb,0.5,1,1,AGGGGTCTCGCGTACTGAAA,0,36569
TSS_1414_storz_regulondb,0.5,1,1,AGGGGAGGTACCTGTTGAGA,0,30712
TSS_1414_storz_regulondb,0.5,1,1,AGGGGAATTACCAATCCGCC,0,31123
TSS_1414_storz_regulondb,0.5,1,1,AGGGGAATAAGTTGTCCCTA,0,24950
TSS_1414_storz_regulondb,0.5,1,1,AGGGCTGAGTCCAGGGTTCC,0,7913
TSS_1414_storz_regulondb,0.5,1,1,AGGGCTCACCCACCTTAGAT,0,28361
TSS_1414_storz_regulondb,0.5,1,1,AGGGCGCGGTCATCCGGAGA,0,40598
TSS_1414_storz_regulondb,0.5,1,1,AGGGCGCCATGGAAGGTTCT,0,70096
TSS_1414_storz_regulondb,0.5,1,1,AGGGCAAGTCAATCGTTCCT,0,17170
TSS_1414_storz_regulondb,0.5,1,1,AGGGATTTTACCAAGCAGCG,0,7993
TSS_1414_storz_regulondb,0.5,1,1,AGGGAGATCTCTTCCAGAGA,0,40230
TSS_1414_storz_regulondb,0.5,1,1,AGGGACTTACCGGAACCGTT,0,59434
TSS_1414_storz_regulondb,0.5,1,1,AGGGAATCTGCTGAGACTAG,0,31458
TSS_1414_storz_regulondb,0.5,1,1,AGGCTTGAGCATCTCGGCGA,0,23377
TSS_1414_storz_regulondb,0.5,1,1,AGGCTTCGGACCATGGCGAC,0,30713
TSS_1414_storz_regulondb,0.5,1,1,AGGCTGGATACCATTAACAG,0,11651
TSS_1414_storz_regulondb,0.5,1,1,AGGCTCGACATCTTCCAGAC,0,20808
TSS_1414_storz_regulondb,0.5,1,1,AGGCTAATGTAATTCACGCT,0,29663
TSS_1414_storz_regulondb,0.5,1,1,AGGCGTTCGGCGGAGCATCG,0,78538
TSS_1414_storz_regulondb,0.5,1,1,AGGCGGTCTTTAGTCCTGAA,0,23479
TSS_1414_storz_regulondb,0.5,1,1,AGGCCCGCTTTATGCAAATG,0,67521
TSS_1414_storz_regulondb,0.5,1,1,AGGCCACTGTTAACTGGGTT,0,48393
TSS_1414_storz_regulondb,0.5,1,1,AGGCAGCTGTCCGGCTCACA,0,19374
TSS_1414_storz_regulondb,0.5,1,1,AGGCAGCCTTCATATGTGTC,0,59597
TSS_1414_storz_regulondb,0.5,1,1,AGGCACTAGATAGCGCGCTA,0,814
TSS_1414_storz_regulondb,0.5,1,1,AGGCACTAATGCGGGTGCGG,0,61026
TSS_1414_storz_regulondb,0.5,1,1,AGGCAACTGCGCATTTCAAC,0,22091
TSS_1414_storz_regulondb,0.5,1,1,AGGATTTACGCCTGACATAA,0,31317
TSS_1414_storz_regulondb,0.5,1,1,AGGATTCCCCGTGCCTGTGG,0,42470
TSS_1414_storz_regulondb,0.5,1,1,AGGATGTGGTGGAGTGGACA,0,78874
TSS_1414_storz_regulondb,0.5,1,1,AGGATCTTATTACAAACAAA,0,277
TSS_1414_storz_regulondb,0.5,1,1,AGGATCGGTTCCGCGTGCGT,0,74590
TSS_1414_storz_regulondb,0.5,1,1,AGGATAGTTCGCCCGTAGTG,0,55308
TSS_1414_storz_regulondb,0.5,1,1,AGGATAAGGTGCGGTGCTTT,0,19439
TSS_1414_storz_regulondb,0.5,1,1,AGGATAACTCCGACTCATAA,0,29082
TSS_1414_storz_regulondb,0.5,1,1,AGGAGTAGCAATCAGCCAAT,0,35414
TSS_1414_storz_regulondb,0.5,1,1,AGGAGGCGTACCGTCTATTG,0,57339
TSS_1414_storz_regulondb,0.5,1,1,AGGAGCTAACTTTAGAGTTA,0,29408
TSS_1414_storz_regulondb,0.5,1,1,AGGAGCACACAGGGATCCCT,0,21537
TSS_1414_storz_regulondb,0.5,1,1,AGGACTCACGAATAGCGACT,0,26546
TSS_1414_storz_regulondb,0.5,1,1,AGGACAGTCATCGGTGTTTG,0,30955
TSS_1414_storz_regulondb,0.5,1,1,AGGAACAATCGGGCGTTATC,0,31979
TSS_1414_storz_regulondb,0.5,1,1,AGGAAACTCTTACAAAGGCA,0,8113
TSS_1414_storz_regulondb,0.5,1,1,AGCTTTCGGGGCTTCGAGGT,0,61936
TSS_1414_storz_regulondb,0.5,1,1,AGCTTGGGGAATAAGTCTCG,0,78587
TSS_1414_storz_regulondb,0.5,1,1,AGCTTGGAGGGATCGTGCCT,0,17651
TSS_1414_storz_regulondb,0.5,1,1,AGCTTCTAGCTACTTCCCGG,0,8633
TSS_1414_storz_regulondb,0.5,1,1,AGCTGGGCCCAGGATAATTG,0,44069
TSS_1414_storz_regulondb,0.5,1,1,AGCTGGACCTGGACGGTGTG,0,71363
TSS_1414_storz_regulondb,0.5,1,1,AGCTCTTATGGGAAGCCGCG,0,43329
TSS_1414_storz_regulondb,0.5,1,1,AGCTCGTTGGAACGGTGCCT,0,22040
TSS_1414_storz_regulondb,0.5,1,1,AGCTCGCACGTACCCAGTGG,0,78441
TSS_1414_storz_regulondb,0.5,1,1,AGCTCCGTTTAGTTCTCTAC,0,67452
TSS_1414_storz_regulondb,0.5,1,1,AGCTCCGAGTTTACACAGTA,0,16184
TSS_1414_storz_regulondb,0.5,1,1,AGCTAGTGGTTTGTACATAG,0,210
TSS_1414_storz_regulondb,0.5,1,1,AGCTAACGAAGTGCCATATA,0,75546
TSS_1414_storz_regulondb,0.5,1,1,AGCGGTGTGTGGCAGTTGCT,0,548
TSS_1414_storz_regulondb,0.5,1,1,AGCGGGCCAGAATGTGTGCG,0,9436
TSS_1414_storz_regulondb,0.5,1,1,AGCGGCGATTCTACTTGTCT,0,74999
TSS_1414_storz_regulondb,0.5,1,1,AGCGGCGACGGGCTTCGCCG,0,35650
TSS_1414_storz_regulondb,0.5,1,1,AGCGGCATGATCGCTAAAGC,0,50569
TSS_1414_storz_regulondb,0.5,1,1,AGCGCTTACGGCTGTGTTAG,0,19939
TSS_1414_storz_regulondb,0.5,1,1,AGCGCTCATACTCCGGTGTT,0,14831
TSS_1414_storz_regulondb,0.5,1,1,AGCGCGGTGGGGGCTTCTCG,0,70087
TSS_1414_storz_regulondb,0.5,1,1,AGCGACTCGAAAAATAAGGC,0,21210
TSS_1414_storz_regulondb,0.5,1,1,AGCCTATCAAGGAGGTCGTA,0,67871
TSS_1414_storz_regulondb,0.5,1,1,AGCCTAGGCGATTCTTCTTG,0,12469
TSS_1414_storz_regulondb,0.5,1,1,AGCCGCTGCATTGTATACAT,0,23932
TSS_1414_storz_regulondb,0.5,1,1,AGCCGACTAAGCGCAAATTA,0,45249
TSS_1414_storz_regulondb,0.5,1,1,AGCCCCTGTTGCCGGGGCTT,0,55316
TSS_1414_storz_regulondb,0.5,1,1,AGCCCCACGCCACAGAAAGT,0,60483
TSS_1414_storz_regulondb,0.5,1,1,AGCCCATAAAGAGTTCGAAC,0,80692
TSS_1414_storz_regulondb,0.5,1,1,AGCCCAAGGGATAGTCTTGA,0,10694
TSS_1414_storz_regulondb,0.5,1,1,AGCCATACTGTTTACGAACA,0,4139
TSS_1414_storz_regulondb,0.5,1,1,AGCCACGATGTCGTCTTTCA,0,78156
TSS_1414_storz_regulondb,0.5,1,1,AGCCAACTATTAGCAATTTA,0,9739
TSS_1414_storz_regulondb,0.5,1,1,AGCATTCCGAGAGTAGGCTA,0,4437
TSS_1414_storz_regulondb,0.5,1,1,AGCAGTCACTCCCGAGATGA,0,40677
TSS_1414_storz_regulondb,0.5,1,1,AGCAGCCGTTCCTTGCCAGT,0,72755
TSS_1414_storz_regulondb,0.5,1,1,AGCACGTCCCTCAACCGAGC,0,80295
TSS_1414_storz_regulondb,0.5,1,1,AGCAATGCGCGCACAGGATG,0,62809
TSS_1414_storz_regulondb,0.5,1,1,AGCAAACGGAGCATAAAGCT,0,17405
TSS_1414_storz_regulondb,0.5,1,1,AGCAAAACCCAAGTCTAACA,0,69442
TSS_1414_storz_regulondb,0.5,1,1,AGATTTCTTGACAATACTTC,0,46214
TSS_1414_storz_regulondb,0.5,1,1,AGATTTAAAGGCGGGATCCA,0,7432
TSS_1414_storz_regulondb,0.5,1,1,AGATTGGCAAAATCTCCTCG,0,28816
TSS_1414_storz_regulondb,0.5,1,1,AGATTAGGTGAACTGATCAA,0,63964
TSS_1414_storz_regulondb,0.5,1,1,AGATGGATGTGTAATGTTTA,0,47468
TSS_1414_storz_regulondb,0.5,1,1,AGATGCTTCCGTAGGGTCCC,0,77881
TSS_1414_storz_regulondb,0.5,1,1,AGATGCGTGGGCTGTGCTCA,0,44712
TSS_1414_storz_regulondb,0.5,1,1,AGATGCGTACAACTGGTGTA,0,14939
TSS_1414_storz_regulondb,0.5,1,1,AGATCTGTATGGGCTCCAGG,0,1964
TSS_1414_storz_regulondb,0.5,1,1,AGATCTGCGCGTATGCGCCA,0,29669
TSS_1414_storz_regulondb,0.5,1,1,AGATCTAGGTCAACGTACCA,0,29675
TSS_1414_storz_regulondb,0.5,1,1,AGATCGGATCTAAGAGCAGC,0,44260
TSS_1414_storz_regulondb,0.5,1,1,AGATCACAATGTCGTTCGGC,0,5986
TSS_1414_storz_regulondb,0.5,1,1,AGATATTGAACTCCAGGTCT,0,33143
TSS_1414_storz_regulondb,0.5,1,1,AGATATGGGTAATAGTGCGT,0,26065
TSS_1414_storz_regulondb,0.5,1,1,AGATATCGAGAATGAAGCAT,0,61819
TSS_1414_storz_regulondb,0.5,1,1,AGATACGGTTAAAGTAGCTT,0,38377
TSS_1414_storz_regulondb,0.5,1,1,AGAGGCGGAGTATATGTTAA,0,36669
TSS_1414_storz_regulondb,0.5,1,1,AGAGCTTTGGCGTTTTGCAA,0,32295
TSS_1414_storz_regulondb,0.5,1,1,AGAGCGCTCCGCAACTAACT,0,21808
TSS_1414_storz_regulondb,0.5,1,1,AGAGCAGTCCGTGCATCCGT,0,65215
TSS_1414_storz_regulondb,0.5,1,1,AGAGCAAGACCGCCGTAAAA,0,37260
TSS_1414_storz_regulondb,0.5,1,1,AGAGAGTGAACGGCTGTGCT,0,79301
TSS_1414_storz_regulondb,0.5,1,1,AGAGAGAGTGCGGATTGCAA,0,18301
TSS_1414_storz_regulondb,0.5,1,1,AGAGAGAGACGTTGAAGGAT,0,16402
TSS_1414_storz_regulondb,0.5,1,1,AGAGAAGGATGAGCACATTC,0,35099
TSS_1414_storz_regulondb,0.5,1,1,AGAGAACGGCCGAGCGCTTA,0,23711
TSS_1414_storz_regulondb,0.5,1,1,AGACTTGAGAAGTCGGGCGA,0,67738
TSS_1414_storz_regulondb,0.5,1,1,AGACTCTAAAGTGTGCCTAA,0,3501
TSS_1414_storz_regulondb,0.5,1,1,AGACTCAAGGGCGTTGACCA,0,74161
TSS_1414_storz_regulondb,0.5,1,1,AGACTCAAAGGTCATGCCAT,0,60998
TSS_1414_storz_regulondb,0.5,1,1,AGACGGCGATTAGAGCCTCA,0,52500
TSS_1414_storz_regulondb,0.5,1,1,AGACGCGCTCGTCCAGAGTG,0,65948
TSS_1414_storz_regulondb,0.5,1,1,AGACCTTACCTGACGCATTT,0,77931
TSS_1414_storz_regulondb,0.5,1,1,AGACCATGGCCTATCGACCA,0,73892
TSS_1414_storz_regulondb,0.5,1,1,AGACATTCCGCAATAATCTG,0,35897
TSS_1414_storz_regulondb,0.5,1,1,AGACAACGTACGGAGATCGA,0,67083
TSS_1414_storz_regulondb,0.5,1,1,AGAATTGCCTGTAAATGGTC,0,14709
TSS_1414_storz_regulondb,0.5,1,1,AGAATTAACCACATAATAAT,0,23459
TSS_1414_storz_regulondb,0.5,1,1,AGAATGTATCTCTACCTTGG,0,74948
TSS_1414_storz_regulondb,0.5,1,1,AGAATGGGACCGGACTTAGA,0,35329
TSS_1414_storz_regulondb,0.5,1,1,AGAATGACCGGGGCGCCATA,0,55199
TSS_1414_storz_regulondb,0.5,1,1,AGAAGACCTTAATGTATAAC,0,1877
TSS_1414_storz_regulondb,0.5,1,1,AGAACTCCGGATACGTTGAA,0,71499
TSS_1414_storz_regulondb,0.5,1,1,AGAACATTGCATGCATACCG,0,26014
TSS_1414_storz_regulondb,0.5,1,1,AGAACACCGCTTAATTTAGA,0,41514
TSS_1414_storz_regulondb,0.5,1,1,AGAAAGTCCCACCCCGCTTG,0,38852
TSS_1414_storz_regulondb,0.5,1,1,AGAAAGGGTACGGGGGGGAG,0,18486
TSS_1414_storz_regulondb,0.5,1,1,ACTTTTCCAGAGTTTGATTT,0,37738
TSS_1414_storz_regulondb,0.5,1,1,ACTTTGTTCCAAGTAAGGCT,0,32612
TSS_1414_storz_regulondb,0.5,1,1,ACTTTGCGTGACAGTGAACA,0,59108
TSS_1414_storz_regulondb,0.5,1,1,ACTTTGAGTCAAAGCCAGCA,0,48548
TSS_1414_storz_regulondb,0.5,1,1,ACTTTGACTTGGGCTGGGCG,0,17629
TSS_1414_storz_regulondb,0.5,1,1,ACTTTCGAGGATTTAGCAGA,0,1574
TSS_1414_storz_regulondb,0.5,1,1,ACTTTCCGGTCTCTACGTGC,0,37940
TSS_1414_storz_regulondb,0.5,1,1,ACTTTCCACTCCGTACCACA,0,79332
TSS_1414_storz_regulondb,0.5,1,1,ACTTGTGTGTATAGCACAAG,0,66378
TSS_1414_storz_regulondb,0.5,1,1,ACTTGTGAAGGGGCGGTAGA,0,63660
TSS_1414_storz_regulondb,0.5,1,1,ACTTGTCCATAGGCGCAGTA,0,64883
TSS_1414_storz_regulondb,0.5,1,1,ACTTGGATTTATCTCGTGCA,0,21209
TSS_1414_storz_regulondb,0.5,1,1,ACTTGCGCCCGAATGGTCGC,0,45837
TSS_1414_storz_regulondb,0.5,1,1,ACTTGATGTTAGTGATCTCG,0,56508
TSS_1414_storz_regulondb,0.5,1,1,ACTTCTGCACACTGAGTGAA,0,10809
TSS_1414_storz_regulondb,0.5,1,1,ACTTCGGTAGATCATGATAT,0,73320
TSS_1414_storz_regulondb,0.5,1,1,ACTTCCGAATATCACAGTCG,0,38730
TSS_1414_storz_regulondb,0.5,1,1,ACTTCAACGCGCGCTGGACA,0,64655
TSS_1414_storz_regulondb,0.5,1,1,ACTTACCGTGATAGTCAATG,0,16228
TSS_1414_storz_regulondb,0.5,1,1,ACTGTTCACAGCCACCGCTG,0,64111
TSS_1414_storz_regulondb,0.5,1,1,ACTGTGTATGGCAGACTCTT,0,79896
TSS_1414_storz_regulondb,0.5,1,1,ACTGTGCGTGTTCTGCGGCA,0,9030
TSS_1414_storz_regulondb,0.5,1,1,ACTGTCGGCCATAGGAAAAC,0,68298
TSS_1414_storz_regulondb,0.5,1,1,ACTGTAAAGCCGTGCACATC,0,57579
TSS_1414_storz_regulondb,0.5,1,1,ACTGGTCCTATGGCTCATCG,0,17347
TSS_1414_storz_regulondb,0.5,1,1,ACTGGGAGGCAGGTCTCATA,0,50579
TSS_1414_storz_regulondb,0.5,1,1,ACTGGGAGGACCTTGGAAAC,0,8948
TSS_1414_storz_regulondb,0.5,1,1,ACTGGCATATTTATCTAATC,0,43519
TSS_1414_storz_regulondb,0.5,1,1,ACTGGAACAAGCCTACCTCC,0,9573
TSS_1414_storz_regulondb,0.5,1,1,ACTGCGTTCCCGGAATGTCA,0,57082
TSS_1414_storz_regulondb,0.5,1,1,ACTGCCCTCATGTAAAATCA,0,61609
TSS_1414_storz_regulondb,0.5,1,1,ACTCTTGCCGGAGGGGCAGA,0,40769
TSS_1414_storz_regulondb,0.5,1,1,ACTCTGTTAAGGCTCAGAAG,0,48463
TSS_1414_storz_regulondb,0.5,1,1,ACTCTGCGTTTCTAAGTGCG,0,60112
TSS_1414_storz_regulondb,0.5,1,1,ACTCTCGTCAACCGGTGGAG,0,48910
TSS_1414_storz_regulondb,0.5,1,1,ACTCTACAACGCCTCTAACT,0,66574
TSS_1414_storz_regulondb,0.5,1,1,ACTCGCTGTGCCCGTACTGC,0,33894
TSS_1414_storz_regulondb,0.5,1,1,ACTCGAAATATCGCATGTCC,0,40129
TSS_1414_storz_regulondb,0.5,1,1,ACTCGAAAAAGCCGGCAATT,0,58124
TSS_1414_storz_regulondb,0.5,1,1,ACTCATCGTTCTTGATTACT,0,58141
TSS_1414_storz_regulondb,0.5,1,1,ACTCACGGATGAACAATGAC,0,58856
TSS_1414_storz_regulondb,0.5,1,1,ACTCAATTACACCAGGTATT,0,73116
TSS_1414_storz_regulondb,0.5,1,1,ACTCAAACGTACCATATGGA,0,30446
TSS_1414_storz_regulondb,0.5,1,1,ACTATTCGCAGAGGGTCGAA,0,19456
TSS_1414_storz_regulondb,0.5,1,1,ACTATGTGTACCCGTCCCCT,0,1697
TSS_1414_storz_regulondb,0.5,1,1,ACTATGTCACCGTTCTTGGA,0,80804
TSS_1414_storz_regulondb,0.5,1,1,ACTATCAGCCGTTGCAACTA,0,75203
TSS_1414_storz_regulondb,0.5,1,1,ACTATAGCCTGGTCGTCTCT,0,4947
TSS_1414_storz_regulondb,0.5,1,1,ACTAGTGGACCTCAGATCTT,0,24202
TSS_1414_storz_regulondb,0.5,1,1,ACTAGATAGGAGGACGACGC,0,32552
TSS_1414_storz_regulondb,0.5,1,1,ACTAGAGCTCTCAACCTAGG,0,37871
TSS_1414_storz_regulondb,0.5,1,1,ACTACGGCGGGAACTCCATC,0,20998
TSS_1414_storz_regulondb,0.5,1,1,ACTACGATCGGAATCATATC,0,39992
TSS_1414_storz_regulondb,0.5,1,1,ACTACCAAACATGTGTGCTT,0,18353
TSS_1414_storz_regulondb,0.5,1,1,ACTACATCGGCACATGTAGG,0,37365
TSS_1414_storz_regulondb,0.5,1,1,ACTAATGGGGCCTCTGAAGG,0,15133
TSS_1414_storz_regulondb,0.5,1,1,ACTAATCGGTGGGCTGACCG,0,51974
TSS_1414_storz_regulondb,0.5,1,1,ACTAAGCCATAAATGGTCCA,0,22833
TSS_1414_storz_regulondb,0.5,1,1,ACGTTTCTTCGTGCGCGTTG,0,33955
TSS_1414_storz_regulondb,0.5,1,1,ACGTTGAATTCCCTGTGTTC,0,10618
TSS_1414_storz_regulondb,0.5,1,1,ACGTTCGGGGTGCGTGGATT,0,20020
TSS_1414_storz_regulondb,0.5,1,1,ACGTGTCAGCAGTCCACCGT,0,21719
TSS_1414_storz_regulondb,0.5,1,1,ACGTGGTCCCTCGCCTAAGA,0,6403
TSS_1414_storz_regulondb,0.5,1,1,ACGTGGGACAGCTAACATAT,0,78399
TSS_1414_storz_regulondb,0.5,1,1,ACGTGCCGGATACGTCTAGG,0,28751
TSS_1414_storz_regulondb,0.5,1,1,ACGTCTTTTGCCAAAACGAT,0,28219
TSS_1414_storz_regulondb,0.5,1,1,ACGTCTCGCCGGACGAGTGG,0,16084
TSS_1414_storz_regulondb,0.5,1,1,ACGTCCTACTATAGCAAACA,0,38284
TSS_1414_storz_regulondb,0.5,1,1,ACGTCATCGTTATTTCGTAT,0,23254
TSS_1414_storz_regulondb,0.5,1,1,ACGTAGATCAGGACCTAGGA,0,53789
TSS_1414_storz_regulondb,0.5,1,1,ACGTAATTAAGAATTATATG,0,59849
TSS_1414_storz_regulondb,0.5,1,1,ACGTAATACCGGGCCTTAGG,0,35050
TSS_1414_storz_regulondb,0.5,1,1,ACGTAAAATGTTGTTCGGAG,0,1775
TSS_1414_storz_regulondb,0.5,1,1,ACGGTGGTTAGACTCAGCGA,0,72272
TSS_1414_storz_regulondb,0.5,1,1,ACGGTGGCTGAACGAGAGTG,0,18000
TSS_1414_storz_regulondb,0.5,1,1,ACGGTATTGCCATATACGGA,0,43612
TSS_1414_storz_regulondb,0.5,1,1,ACGGTATGGAGGGTTTGTTC,0,18065
TSS_1414_storz_regulondb,0.5,1,1,ACGGGGCCTCACATACCTGA,0,54728
TSS_1414_storz_regulondb,0.5,1,1,ACGGGCCAATGAGCAAGTCT,0,62508
TSS_1414_storz_regulondb,0.5,1,1,ACGGCGGCATTGTTTGGTGT,0,34444
TSS_1414_storz_regulondb,0.5,1,1,ACGGAAGCGGAAAACTGCTG,0,73797
TSS_1414_storz_regulondb,0.5,1,1,ACGCTTGTTTGACCCGTGCC,0,16736
TSS_1414_storz_regulondb,0.5,1,1,ACGCTGAAACGGACACTTAT,0,4300
TSS_1414_storz_regulondb,0.5,1,1,ACGCGCCAATTGGTCGGGGT,0,33382
TSS_1414_storz_regulondb,0.5,1,1,ACGCCTGCGTGCATCAACGC,0,77832
TSS_1414_storz_regulondb,0.5,1,1,ACGCCCCTCCTCAACTGACC,0,37606
TSS_1414_storz_regulondb,0.5,1,1,ACGCATATCTCAGCCTGGAT,0,23356
TSS_1414_storz_regulondb,0.5,1,1,ACGCAGGATAGTACATTTAA,0,79173
TSS_1414_storz_regulondb,0.5,1,1,ACGCACTTCTCAACAACGTG,0,63209
TSS_1414_storz_regulondb,0.5,1,1,ACGCACTGCAAGTTAAATGG,0,68460
TSS_1414_storz_regulondb,0.5,1,1,ACGATGTATTCCTCGCGGTT,0,6006
TSS_1414_storz_regulondb,0.5,1,1,ACGATCGTGTTAATGATAAG,0,30462
TSS_1414_storz_regulondb,0.5,1,1,ACGATCCCCTTGGTACAGTC,0,80261
TSS_1414_storz_regulondb,0.5,1,1,ACGAGTCTTTGATCCAATGT,0,38931
TSS_1414_storz_regulondb,0.5,1,1,ACGAGGGCATCGAGTTGCCA,0,7852
TSS_1414_storz_regulondb,0.5,1,1,ACGAGCGGTTTCGCCTTGAA,0,63769
TSS_1414_storz_regulondb,0.5,1,1,ACGAGAGTGATAAGAGTCCA,0,45263
TSS_1414_storz_regulondb,0.5,1,1,ACGACCTGCAATACACACAT,0,59306
TSS_1414_storz_regulondb,0.5,1,1,ACGACCAGATCGATGTGATA,0,62491
TSS_1414_storz_regulondb,0.5,1,1,ACCTTTTTATAGACCACGAT,0,18854
TSS_1414_storz_regulondb,0.5,1,1,ACCTTCAACGTCCAACATTC,0,25894
TSS_1414_storz_regulondb,0.5,1,1,ACCTGGGAACCGTACGTGCC,0,41752
TSS_1414_storz_regulondb,0.5,1,1,ACCTGGATCATGGTCAAAAT,0,57423
TSS_1414_storz_regulondb,0.5,1,1,ACCTGAGTCTTCTCACTGGA,0,12938
TSS_1414_storz_regulondb,0.5,1,1,ACCTCCTTTCACTCGATGTC,0,4360
TSS_1414_storz_regulondb,0.5,1,1,ACCTCCCTGAAGGCGTTTAT,0,54391
TSS_1414_storz_regulondb,0.5,1,1,ACCTCAGGACTTGTCAGGCC,0,35529
TSS_1414_storz_regulondb,0.5,1,1,ACCTAGCCTTCCAGACCCAC,0,76285
TSS_1414_storz_regulondb,0.5,1,1,ACCTACTAGAGCGGCTTAAA,0,71633
TSS_1414_storz_regulondb,0.5,1,1,ACCGTGTTCGGCCTAACTTT,0,24209
TSS_1414_storz_regulondb,0.5,1,1,ACCGTAAGTGCAAATGCCAG,0,36268
TSS_1414_storz_regulondb,0.5,1,1,ACCGGAGTTTCGTCTTGCGT,0,63567
TSS_1414_storz_regulondb,0.5,1,1,ACCGGAATATGACGAAACCT,0,77438
TSS_1414_storz_regulondb,0.5,1,1,ACCGGAAAAAAGGGAGTCCT,0,16157
TSS_1414_storz_regulondb,0.5,1,1,ACCGAAGGCAGTTACTCGAG,0,59865
TSS_1414_storz_regulondb,0.5,1,1,ACCCTGATGGCATCGCCCGT,0,1789
TSS_1414_storz_regulondb,0.5,1,1,ACCCGGTGTAAGATAATTAC,0,39668
TSS_1414_storz_regulondb,0.5,1,1,ACCCGGGTTCCGTCGGCCTT,0,11073
TSS_1414_storz_regulondb,0.5,1,1,ACCCGAGGCTACACCGGTCT,0,35370
TSS_1414_storz_regulondb,0.5,1,1,ACCCACATTTTGGTTTCTCA,0,47135
TSS_1414_storz_regulondb,0.5,1,1,ACCAGTTGTGTGATCAAAGC,0,78765
TSS_1414_storz_regulondb,0.5,1,1,ACCAGGTGTTAGCAGCACAG,0,61682
TSS_1414_storz_regulondb,0.5,1,1,ACCAGCACCGGACGTTAAGC,0,359
TSS_1414_storz_regulondb,0.5,1,1,ACCAGAACGTCGCTCTAGTC,0,47938
TSS_1414_storz_regulondb,0.5,1,1,ACCACTTGGGCTGTCGTATG,0,37391
TSS_1414_storz_regulondb,0.5,1,1,ACCACGGGCTGGGATTCATA,0,73091
TSS_1414_storz_regulondb,0.5,1,1,ACCACAGGGCATGTGCGTGT,0,54862
TSS_1414_storz_regulondb,0.5,1,1,ACCAAGCAATCATGTCGTTG,0,21311
TSS_1414_storz_regulondb,0.5,1,1,ACATTTTAGACTAACTCACA,0,42311
TSS_1414_storz_regulondb,0.5,1,1,ACATTCTTTTATGGAGTAAG,0,24490
TSS_1414_storz_regulondb,0.5,1,1,ACATTCATTATCGTGGTCAA,0,10554
TSS_1414_storz_regulondb,0.5,1,1,ACATTCACGTGACAATATTA,0,68386
TSS_1414_storz_regulondb,0.5,1,1,ACATTACCCCCATCCGGGGT,0,45676
TSS_1414_storz_regulondb,0.5,1,1,ACATGGCTAGGCAACTCGTT,0,55224
TSS_1414_storz_regulondb,0.5,1,1,ACATCTAGCCAGTGAGCCGG,0,15571
TSS_1414_storz_regulondb,0.5,1,1,ACATCCGCGGTCACCCTAAT,0,35933
TSS_1414_storz_regulondb,0.5,1,1,ACAGTTGGTATAGGCCAACC,0,14762
TSS_1414_storz_regulondb,0.5,1,1,ACAGTTGATACCTCATAGCA,0,73852
TSS_1414_storz_regulondb,0.5,1,1,ACAGTCACGGGGAATAAACC,0,41405
TSS_1414_storz_regulondb,0.5,1,1,ACAGGTTTCACGTATCGTAA,0,72437
TSS_1414_storz_regulondb,0.5,1,1,ACAGGTGGAGAGTGACTTGA,0,11499
TSS_1414_storz_regulondb,0.5,1,1,ACAGGTCATAAAAGAGACAG,0,65017
TSS_1414_storz_regulondb,0.5,1,1,ACAGGCGGCGGTACGGAAAG,0,80632
TSS_1414_storz_regulondb,0.5,1,1,ACAGCGACGCCGGAACCGGT,0,59263
TSS_1414_storz_regulondb,0.5,1,1,ACAGAGGCTGGGAAGACGGT,0,75507
TSS_1414_storz_regulondb,0.5,1,1,ACAGACATGTCTAATTCAAG,0,23605
TSS_1414_storz_regulondb,0.5,1,1,ACACTGAGAAGGAACGGTGC,0,79736
TSS_1414_storz_regulondb,0.5,1,1,ACACTCCGGTCTCCCCGCTA,0,3215
TSS_1414_storz_regulondb,0.5,1,1,ACACGCATATATGAGAGCCA,0,74841
TSS_1414_storz_regulondb,0.5,1,1,ACACATCGTAGCCGCTCATT,0,63529
TSS_1414_storz_regulondb,0.5,1,1,ACAATGGAGTTGCAGCGGGG,0,31177
TSS_1414_storz_regulondb,0.5,1,1,ACAAGTTTATATCACACCTT,0,65565
TSS_1414_storz_regulondb,0.5,1,1,ACAAGTTCTAATAACTGGTA,0,31160
TSS_1414_storz_regulondb,0.5,1,1,ACAACTTGACTGGTCAAGGA,0,31431
TSS_1414_storz_regulondb,0.5,1,1,ACAAATGTTCACTTCAAGCA,0,2223
TSS_1414_storz_regulondb,0.5,1,1,ACAAATATGACTTAGTCAGG,0,70717
TSS_1414_storz_regulondb,0.5,1,1,ACAAACGTCGCCAGTATCGG,0,11724
TSS_1414_storz_regulondb,0.5,1,1,AATTTTGGCTTAACAGGCCG,0,38317
TSS_1414_storz_regulondb,0.5,1,1,AATTTATTAATTGTTGAGGC,0,74402
TSS_1414_storz_regulondb,0.5,1,1,AATTGTCTACTCGCACCTTA,0,54128
TSS_1414_storz_regulondb,0.5,1,1,AATTGTAGCGGGAATGGTGT,0,23647
TSS_1414_storz_regulondb,0.5,1,1,AATTGTAGCCAGCGAGCTCA,0,55766
TSS_1414_storz_regulondb,0.5,1,1,AATTCCGTTTAAGTTGTACA,0,15532
TSS_1414_storz_regulondb,0.5,1,1,AATTATTCTTCGACAGGTCG,0,12479
TSS_1414_storz_regulondb,0.5,1,1,AATTAGGACGGTGTATCGAA,0,41914
TSS_1414_storz_regulondb,0.5,1,1,AATGGTGGGAAAGTTGGTAT,0,61431
TSS_1414_storz_regulondb,0.5,1,1,AATGGAGTAGACGAACTATA,0,25358
TSS_1414_storz_regulondb,0.5,1,1,AATGCTTAGGTGTTTTGCCG,0,32471
TSS_1414_storz_regulondb,0.5,1,1,AATGCTACCCCACTAGGAAG,0,35256
TSS_1414_storz_regulondb,0.5,1,1,AATGCCCCTCGGCTCTGAAC,0,17054
TSS_1414_storz_regulondb,0.5,1,1,AATGCATTCAACTAATCGGA,0,78554
TSS_1414_storz_regulondb,0.5,1,1,AATGCATCTCCGCGCCAGAA,0,30283
TSS_1414_storz_regulondb,0.5,1,1,AATGCAATGTGCTACAATAT,0,54206
TSS_1414_storz_regulondb,0.5,1,1,AATGATTGGCGTTGCGAGTT,0,5042
TSS_1414_storz_regulondb,0.5,1,1,AATGAACTGCAAAGGTCCGA,0,13260
TSS_1414_storz_regulondb,0.5,1,1,AATCTCAGTGTCGCTTTCCT,0,70968
TSS_1414_storz_regulondb,0.5,1,1,AATCGTCTCAGAACTCTCCA,0,24154
TSS_1414_storz_regulondb,0.5,1,1,AATCGGATGGCGTGCTTACC,0,18040
TSS_1414_storz_regulondb,0.5,1,1,AATCGCTTGTGTAAGCCGAA,0,21242
TSS_1414_storz_regulondb,0.5,1,1,AATCATTCGGCACCTACTTA,0,60540
TSS_1414_storz_regulondb,0.5,1,1,AATCATGTCTACTGTAACCA,0,73173
TSS_1414_storz_regulondb,0.5,1,1,AATCAGGTGGGGTATGATTT,0,13353
TSS_1414_storz_regulondb,0.5,1,1,AATATTTCGTTGGGGTAAAT,0,79877
TSS_1414_storz_regulondb,0.5,1,1,AATATTATGACCTACGTAAA,0,75090
TSS_1414_storz_regulondb,0.5,1,1,AATATGGCTCCCTGACTGTG,0,47138
TSS_1414_storz_regulondb,0.5,1,1,AATATGGATGCGTTTCTCGT,0,28866
TSS_1414_storz_regulondb,0.5,1,1,AATATCTCACGGAATAAGTA,0,59737
TSS_1414_storz_regulondb,0.5,1,1,AATATCTATCGGAGTCTTAA,0,24131
TSS_1414_storz_regulondb,0.5,1,1,AATATCCCGAATGCGCAAAG,0,54245
TSS_1414_storz_regulondb,0.5,1,1,AATATCCCCCAGGTGCGCCA,0,58842
TSS_1414_storz_regulondb,0.5,1,1,AATATAGTTGAGAACGGGTA,0,54530
TSS_1414_storz_regulondb,0.5,1,1,AATAGTGTTATACTTAACAG,0,44336
TSS_1414_storz_regulondb,0.5,1,1,AATAGGCATTCTACGAGTGA,0,61360
TSS_1414_storz_regulondb,0.5,1,1,AATAGGCATGGGCTAAGAGT,0,33432
TSS_1414_storz_regulondb,0.5,1,1,AATAGGAGTTACCCGGACGA,0,37591
TSS_1414_storz_regulondb,0.5,1,1,AATACGTTATTACAATGTCT,0,3435
TSS_1414_storz_regulondb,0.5,1,1,AATACGCAACTAGGTAAGCG,0,48843
TSS_1414_storz_regulondb,0.5,1,1,AATACCGCTCCAGCCATGTC,0,11017
TSS_1414_storz_regulondb,0.5,1,1,AATAAGATACGTACACCTCG,0,42305
TSS_1414_storz_regulondb,0.5,1,1,AATAAGAGATAGATTGCCTT,0,77896
TSS_1414_storz_regulondb,0.5,1,1,AATAACAAGGATGCGAGGAT,0,8535
TSS_1414_storz_regulondb,0.5,1,1,AAGTTTGGAGGGCATTTACC,0,61916
TSS_1414_storz_regulondb,0.5,1,1,AAGTTTCTATGGACGCTTCA,0,39270
TSS_1414_storz_regulondb,0.5,1,1,AAGTTGTATTAGCTGAGAAG,0,68990
TSS_1414_storz_regulondb,0.5,1,1,AAGTTGTATGCGAAACTTTT,0,42220
TSS_1414_storz_regulondb,0.5,1,1,AAGTTGAGGATTGACTGTGC,0,29228
TSS_1414_storz_regulondb,0.5,1,1,AAGTGGAGTTTAGGAACGGG,0,29465
TSS_1414_storz_regulondb,0.5,1,1,AAGTGAATTGCGACGGTACT,0,61840
TSS_1414_storz_regulondb,0.5,1,1,AAGTCTCCTGGCTGGAGTAT,0,30336
TSS_1414_storz_regulondb,0.5,1,1,AAGTCGAGCTTGATTTTGTA,0,60311
TSS_1414_storz_regulondb,0.5,1,1,AAGTAATAATGGTAGCTAGG,0,46971
TSS_1414_storz_regulondb,0.5,1,1,AAGTAAAACTGCTTGTAACT,0,32004
TSS_1414_storz_regulondb,0.5,1,1,AAGGTTAGGCGAAGTCCATA,0,72233
TSS_1414_storz_regulondb,0.5,1,1,AAGGTGATTGACGGTACCTA,0,30181
TSS_1414_storz_regulondb,0.5,1,1,AAGGTCGTGCTTGTGTGAGA,0,35060
TSS_1414_storz_regulondb,0.5,1,1,AAGGTAGAGGAAAGCCAATA,0,57962
TSS_1414_storz_regulondb,0.5,1,1,AAGGTACTCGCGATATAAGA,0,71718
TSS_1414_storz_regulondb,0.5,1,1,AAGGGTTTGCCACGTCCCGT,0,23124
TSS_1414_storz_regulondb,0.5,1,1,AAGGGTGTAGGCCGTCCTAG,0,43870
TSS_1414_storz_regulondb,0.5,1,1,AAGGGAGACCATCAATGCGC,0,55201
TSS_1414_storz_regulondb,0.5,1,1,AAGGATATCTAACGCCACCT,0,7235
TSS_1414_storz_regulondb,0.5,1,1,AAGGAGCTGTTATAGTTGGG,0,218
TSS_1414_storz_regulondb,0.5,1,1,AAGGAGAGTAGCTCATGATA,0,31322
TSS_1414_storz_regulondb,0.5,1,1,AAGCTTGGTAGCCCTCTTTT,0,53304
TSS_1414_storz_regulondb,0.5,1,1,AAGCTCTTTTTGTACAAAAC,0,38678
TSS_1414_storz_regulondb,0.5,1,1,AAGCTCCGGCGTTCTGGCAG,0,4006
TSS_1414_storz_regulondb,0.5,1,1,AAGCGTGGTTGACTCAGATT,0,46384
TSS_1414_storz_regulondb,0.5,1,1,AAGCGTACTTACCCCGTGGC,0,63120
TSS_1414_storz_regulondb,0.5,1,1,AAGCGCTCAGATCGAGATCG,0,5828
TSS_1414_storz_regulondb,0.5,1,1,AAGCCTGACAACACGGTGAT,0,81019
TSS_1414_storz_regulondb,0.5,1,1,AAGCCATAGGCGCGTTATCA,0,58578
TSS_1414_storz_regulondb,0.5,1,1,AAGCAGCTGGGAGAGCCCTA,0,57692
TSS_1414_storz_regulondb,0.5,1,1,AAGCACCTGACTTCAGCAGG,0,23637
TSS_1414_storz_regulondb,0.5,1,1,AAGCAATTAACGTGGTGATT,0,8951
TSS_1414_storz_regulondb,0.5,1,1,AAGCAAAAATCGGATACACT,0,79662
TSS_1414_storz_regulondb,0.5,1,1,AAGATACAAAGGTTAGGTAA,0,13464
TSS_1414_storz_regulondb,0.5,1,1,AAGAGTAGTGTATCGGTTGA,0,63798
TSS_1414_storz_regulondb,0.5,1,1,AAGAGACTACGGTCGGGTAT,0,281
TSS_1414_storz_regulondb,0.5,1,1,AAGACGAATTTACGTAGGTT,0,44729
TSS_1414_storz_regulondb,0.5,1,1,AACTTGGGCTAGATAGCCGT,0,79839
TSS_1414_storz_regulondb,0.5,1,1,AACTGGCCCTCAATTAGAAT,0,68503
TSS_1414_storz_regulondb,0.5,1,1,AACTGAGATAATCAGATCGG,0,853
TSS_1414_storz_regulondb,0.5,1,1,AACTCTATGCAACAGAGTGT,0,23194
TSS_1414_storz_regulondb,0.5,1,1,AACTCGGACGGCAACACGGT,0,62769
TSS_1414_storz_regulondb,0.5,1,1,AACTCGCGTGAAATTTGGTA,0,45513
TSS_1414_storz_regulondb,0.5,1,1,AACTCCTAAGGACCAATTAC,0,2916
TSS_1414_storz_regulondb,0.5,1,1,AACTCCTAAATAGCACATCT,0,30199
TSS_1414_storz_regulondb,0.5,1,1,AACTCATCGAAGTGCCCTCG,0,77388
TSS_1414_storz_regulondb,0.5,1,1,AACTCATAGTCATATCTCGC,0,35764
TSS_1414_storz_regulondb,0.5,1,1,AACTATCCGTTCGGTTACAC,0,10638
TSS_1414_storz_regulondb,0.5,1,1,AACTAGCATGGGAGACGTCT,0,8379
TSS_1414_storz_regulondb,0.5,1,1,AACTAAGCGCTAGTACGCTT,0,2964
TSS_1414_storz_regulondb,0.5,1,1,AACGTTAATTGCACTAGGCG,0,51003
TSS_1414_storz_regulondb,0.5,1,1,AACGTGCAGCCGGGCTGATT,0,10906
TSS_1414_storz_regulondb,0.5,1,1,AACGTAGGATATTCTTGATT,0,56956
TSS_1414_storz_regulondb,0.5,1,1,AACGGTGCTGAAAGGTTCAG,0,26774
TSS_1414_storz_regulondb,0.5,1,1,AACGGGGCGGTATGATAGAC,0,58125
TSS_1414_storz_regulondb,0.5,1,1,AACGGGCATCACGGGAGTAG,0,3593
TSS_1414_storz_regulondb,0.5,1,1,AACGCTCAGCGTTTGACCAA,0,35964
TSS_1414_storz_regulondb,0.5,1,1,AACGCCTCAGGTTGGGATCC,0,39209
TSS_1414_storz_regulondb,0.5,1,1,AACGATGCCAGTGATTGTAC,0,58996
TSS_1414_storz_regulondb,0.5,1,1,AACGACTTGCTCACCGGTAG,0,22633
TSS_1414_storz_regulondb,0.5,1,1,AACGAATCGCTGTAACGCAA,0,17999
TSS_1414_storz_regulondb,0.5,1,1,AACCTTTTAACCGGAGCTTG,0,12677
TSS_1414_storz_regulondb,0.5,1,1,AACCTGGAAGCGCTTTACTC,0,34544
TSS_1414_storz_regulondb,0.5,1,1,AACCTGAGCCCGTGGGGCTA,0,29951
TSS_1414_storz_regulondb,0.5,1,1,AACCTCCAACATGTTGAGGG,0,13516
TSS_1414_storz_regulondb,0.5,1,1,AACCTCAATGGTGTGACGTT,0,32794
TSS_1414_storz_regulondb,0.5,1,1,AACCTATTTCGAAGGACTGC,0,29014
TSS_1414_storz_regulondb,0.5,1,1,AACCTAGCCATCGGGGGACC,0,16362
TSS_1414_storz_regulondb,0.5,1,1,AACCGTGTTTAGCTTTAACA,0,26893
TSS_1414_storz_regulondb,0.5,1,1,AACCCTTCCGCAATTACGTG,0,75162
TSS_1414_storz_regulondb,0.5,1,1,AACCCCCGTGTCCGTTGCAA,0,56160
TSS_1414_storz_regulondb,0.5,1,1,AACCATATTACAAGGGACTT,0,50483
TSS_1414_storz_regulondb,0.5,1,1,AACCAAGATAACACAGGAAA,0,50115
TSS_1414_storz_regulondb,0.5,1,1,AACCAAGAACCACCACTGCG,0,61779
TSS_1414_storz_regulondb,0.5,1,1,AACCAACTGCACCCACAACA,0,48779
TSS_1414_storz_regulondb,0.5,1,1,AACATGCTCCATAATACCGG,0,21266
TSS_1414_storz_regulondb,0.5,1,1,AACATAGCATTTGAGAAGCG,0,57647
TSS_1414_storz_regulondb,0.5,1,1,AACAGTCTCCCAGGACGGGA,0,35793
TSS_1414_storz_regulondb,0.5,1,1,AACACTGGACGCGGACCGTT,0,48305
TSS_1414_storz_regulondb,0.5,1,1,AACACTACCAGAGATTGGCT,0,1381
TSS_1414_storz_regulondb,0.5,1,1,AACAATCGAGCAGTAACCTC,0,52016
TSS_1414_storz_regulondb,0.5,1,1,AACAAGGTTCTACGCCAGGT,0,78902
TSS_1414_storz_regulondb,0.5,1,1,AACAAAATTATCTCATATGT,0,34018
TSS_1414_storz_regulondb,0.5,1,1,AACAAAAGAGTTAGGCACGA,0,66242
TSS_1414_storz_regulondb,0.5,1,1,AAATTCAGGCTTGACGGATT,0,6425
TSS_1414_storz_regulondb,0.5,1,1,AAATCCTCTGAGTCACCATC,0,80040
TSS_1414_storz_regulondb,0.5,1,1,AAATCCGACGTCATTGCGAA,0,8132
TSS_1414_storz_regulondb,0.5,1,1,AAATCCCGAATTCGCTCTGA,0,59887
TSS_1414_storz_regulondb,0.5,1,1,AAATATATTTATGAATGCGT,0,73733
TSS_1414_storz_regulondb,0.5,1,1,AAATACGGCGTCGAGAGCAC,0,78605
TSS_1414_storz_regulondb,0.5,1,1,AAAGTGTGCTCATAGGCCTA,0,75685
TSS_1414_storz_regulondb,0.5,1,1,AAAGTCCATGCCCATCTATC,0,46910
TSS_1414_storz_regulondb,0.5,1,1,AAAGTCAATCTTAAAATAGA,0,39632
TSS_1414_storz_regulondb,0.5,1,1,AAAGGCAGTTAGCTAGCAAA,0,74284
TSS_1414_storz_regulondb,0.5,1,1,AAAGGAAGAACAAGCATCCT,0,49797
TSS_1414_storz_regulondb,0.5,1,1,AAAGCGTTACATCTGTATGT,0,59567
TSS_1414_storz_regulondb,0.5,1,1,AAAGCCCAGATTTAAGCTAC,0,48158
TSS_1414_storz_regulondb,0.5,1,1,AAAGCCAACAAAGTAAATTC,0,44001
TSS_1414_storz_regulondb,0.5,1,1,AAAGCAGGTTGCACACCTAG,0,1933
TSS_1414_storz_regulondb,0.5,1,1,AAAGCAAACACTTGAAATTT,0,30032
TSS_1414_storz_regulondb,0.5,1,1,AAAGACAGATTACTGTTATT,0,44943
TSS_1414_storz_regulondb,0.5,1,1,AAAGAATCAAACCAGCGCAA,0,65517
TSS_1414_storz_regulondb,0.5,1,1,AAACTTTCAAACAAGACAAC,0,53285
TSS_1414_storz_regulondb,0.5,1,1,AAACTCGCAGTACAGGCGGT,0,57920
TSS_1414_storz_regulondb,0.5,1,1,AAACTCCTGCATCTCCCTCC,0,1123
TSS_1414_storz_regulondb,0.5,1,1,AAACGCTGGCCAGTATAGGA,0,62438
TSS_1414_storz_regulondb,0.5,1,1,AAACGACAGGTAAATAAATT,0,47934
TSS_1414_storz_regulondb,0.5,1,1,AAACCAGTGTAGATGCATGT,0,40310
TSS_1414_storz_regulondb,0.5,1,1,AAACCACGTATCGGCCCGTA,0,5262
TSS_1414_storz_regulondb,0.5,1,1,AAACCAATACAATTAGCCGC,0,80847
TSS_1414_storz_regulondb,0.5,1,1,AAACCAAGGCTCATCTAGGT,0,23699
TSS_1414_storz_regulondb,0.5,1,1,AAACATCAAGTACAGTTCTC,0,52442
TSS_1414_storz_regulondb,0.5,1,1,AAACAGTCTTCTGTTTAGCT,0,966
TSS_1414_storz_regulondb,0.5,1,1,AAACAGCTTAGCGGTCACCA,0,3972
TSS_1414_storz_regulondb,0.5,1,1,AAACAGCCAGTAGCTGAGAT,0,51543
TSS_1414_storz_regulondb,0.5,1,1,AAAATAATCCTTGCATGGCC,0,6597
TSS_1414_storz_regulondb,0.5,1,1,AAAAGGCCGGTTTCGTCTCA,0,42091
TSS_1414_storz_regulondb,0.5,1,1,AAAAGAGAATAACATCAGTG,0,7757
TSS_1414_storz_regulondb,0.5,1,1,AAAAATGATTCCGCTGGATG,0,35492
TSS_1414_storz_regulondb,0.5,1,1,AAAAAGCGTCATGGTCGTCA,0,28708
TSS_1414_storz_regulondb,0.5,1,1,AAAAACGCGCATTTCCCTGA,0,38192
TSS_1414_storz_regulondb,0.5,1,1,AAAAACCCACCAGAATGGCA,0,1623
TSS_1414_storz_regulondb,0.5,1,1,AAAAACAGTCGGTTGTCTGC,0,79592
TSS_1414_storz_regulondb,110.0,109,0,ATTCCTAGGATACAACACAT,109,11677
TSS_1414_storz_regulondb,103.0,102,0,CGCGCCTGGCGATACGGCTC,102,80746
TSS_1414_storz_regulondb,99.0,98,0,ACCGGTGTACGGGACGGACC,98,51015
TSS_1414_storz_regulondb,91.0,90,0,GTGTAATTATCCCGCCAAAG,90,42034
TSS_1414_storz_regulondb,90.0,89,0,AAAACGTTTTCCAGGTCGTA,89,54835
TSS_1414_storz_regulondb,85.0,84,0,AATTTAGGCATGTCGGGTAC,84,80200
TSS_1414_storz_regulondb,80.0,79,0,CACGAAGGACTCGGAATAGA,79,50995
TSS_1414_storz_regulondb,78.0,77,0,CTCAAATCCTCACTATTTAT,77,7896
TSS_1414_storz_regulondb,74.0,73,0,GTAGGTACAAACGGCGTCCA,73,5416
TSS_1414_storz_regulondb,69.0,68,0,GGTAAAAACCGTGTCCCACA,68,52784
TSS_1414_storz_regulondb,65.0,64,0,TTCCGACAGAATAAAACAAA,64,16703
TSS_1414_storz_regulondb,65.0,64,0,AGAAGTATGACGGCGGGAGG,64,52768
TSS_1414_storz_regulondb,63.0,62,0,ACCGGGGGACGGGCCAAGGT,62,7924
TSS_1414_storz_regulondb,62.0,61,0,TGGCTTATTGGAGAAAGCGT,61,75022
TSS_1414_storz_regulondb,61.0,60,0,TTCGGGTCAGATAACAGACG,60,52741
TSS_1414_storz_regulondb,60.0,59,0,GGTGCGTATTATCGCGCTTA,59,54789
TSS_1414_storz_regulondb,58.0,57,0,GGGATAGTGGCCGCCTATCT,57,56866
TSS_1414_storz_regulondb,56.0,55,0,GCTTTTAAGCACATACCGGT,55,80781
TSS_1414_storz_regulondb,56.0,55,0,ATTTAGAGTATAGTATGGTA,55,51012
TSS_1414_storz_regulondb,56.0,55,0,ACTAGGCGCTTTACTGCTGT,55,17130
TSS_1414_storz_regulondb,56.0,55,0,ACATTGGCGCATACGATAGC,55,47754
TSS_1414_storz_regulondb,55.0,54,0,TACGTAATTTATTAGCGGTG,54,70090
TSS_1414_storz_regulondb,55.0,54,0,CTTGTGATGTCGTAACGACT,54,31101
TSS_1414_storz_regulondb,55.0,54,0,ACGCCGTCATTGTTCACAGG,54,15234
TSS_1414_storz_regulondb,54.0,53,0,AACACGCGCGCGGGGTGATT,53,9114
TSS_1414_storz_regulondb,53.0,52,0,TGCCGACAGCCGCAAGTTCT,52,18258
TSS_1414_storz_regulondb,52.0,51,0,TGTATCGTAGCAAATTCACT,51,42059
TSS_1414_storz_regulondb,51.0,50,0,GAGCGGCTAAAGTGGTACAC,50,75117
TSS_1414_storz_regulondb,50.0,49,0,TGTGAGTAAGTAACCTAATT,49,75917
TSS_1414_storz_regulondb,49.0,48,0,TAAGATGCGATCATAAGTAA,48,77979
TSS_1414_storz_regulondb,49.0,48,0,GATTTTCAATCATACGAACC,48,54805
TSS_1414_storz_regulondb,48.0,47,0,TGCCCCGACTATCCATCCGT,47,52727
TSS_1414_storz_regulondb,47.0,46,0,CGGGTAAAGGAAATAGGGAC,46,27563
TSS_1414_storz_regulondb,46.0,45,0,TGCCGCCATACGTCAGATAC,45,23087
TSS_1414_storz_regulondb,46.0,45,0,CGTGATGTAAATCTATTCGG,45,44795
TSS_1414_storz_regulondb,46.0,45,0,ATGACCGATGCGCGGGTGCT,45,52060
TSS_1414_storz_regulondb,45.0,44,0,CTGCACTAGGTCCTGGGCTC,44,65931
TSS_1414_storz_regulondb,45.0,44,0,AGTATAATGTCCTATGTGCC,44,69003
TSS_1414_storz_regulondb,44.0,43,0,GGAAAGAACTTCCATTTTAA,43,23776
TSS_1414_storz_regulondb,44.0,43,0,GCACGATATGCGACGACGGC,43,65136
TSS_1414_storz_regulondb,44.0,43,0,CTGTCCTGACGCAGGCCATG,43,24990
TSS_1414_storz_regulondb,43.0,42,0,TTATCCCAGCGAGACAGCGA,42,34955
TSS_1414_storz_regulondb,43.0,42,0,TGGCCGTTATGCTGCTGAAC,42,55066
TSS_1414_storz_regulondb,43.0,42,0,TGGATAACCCAACGTTTGGT,42,22742
TSS_1414_storz_regulondb,43.0,42,0,GTTTAGATGGTTTGTTCAGT,42,52991
TSS_1414_storz_regulondb,43.0,42,0,ATGCGCCGCTACAATGGCGC,42,15270
TSS_1414_storz_regulondb,43.0,42,0,ACTTATATGGTTTCTTGACC,42,63082
TSS_1414_storz_regulondb,42.0,41,0,TTCGGGAACCCTGGTCGTCT,41,31266
TSS_1414_storz_regulondb,42.0,41,0,TGGAGATGAACGCAGCGTAA,41,69426
TSS_1414_storz_regulondb,42.0,41,0,TCACTAAACGTTAACTTGCG,41,80438
TSS_1414_storz_regulondb,42.0,41,0,GGCACCATTCTTGATTGGAC,41,35169
TSS_1414_storz_regulondb,42.0,41,0,CTAAGATAGGGGAATACTCG,41,7892
TSS_1414_storz_regulondb,42.0,41,0,AATAATACCAGACGACTCTT,41,7905
TSS_1414_storz_regulondb,41.0,40,0,GGCAGGTAGCTATGACCCGT,40,58274
TSS_1414_storz_regulondb,40.0,39,0,GGCGCATGGTGCATGTTCCT,39,20913
TSS_1414_storz_regulondb,39.0,38,0,GTATTCCATTATCCAGTATC,38,39681
TSS_1414_storz_regulondb,39.0,38,0,GATCTTCCTATCTTCCACAC,38,24135
TSS_1414_storz_regulondb,39.0,38,0,CAAGGCACGGTGTTCCTTCT,38,6027
TSS_1414_storz_regulondb,39.0,38,0,ATTCTCCTGGGGACTATAAT,38,38120
TSS_1414_storz_regulondb,39.0,38,0,AAAAGTGTGGCGCGGCAGGT,38,44924
TSS_1414_storz_regulondb,38.0,37,0,TACTTAAATAAGTTCATCTC,37,64961
TSS_1414_storz_regulondb,38.0,37,0,GTTGTCGGTGGGCTTCAAGT,37,4903
TSS_1414_storz_regulondb,38.0,37,0,GTCCGTCCGTCTCTAAGACT,37,37445
TSS_1414_storz_regulondb,38.0,37,0,GGAATCGAGACGAGGCGGCA,37,73949
TSS_1414_storz_regulondb,38.0,37,0,CCTAAAAAAGGACTTGACTT,37,37631
TSS_1414_storz_regulondb,38.0,37,0,ATTTAAAGGCCAGGCCTAGA,37,32279
TSS_1414_storz_regulondb,38.0,37,0,ATCAATTCTAGCTGGTACCT,37,77813
TSS_1414_storz_regulondb,38.0,37,0,ACCAGAGAGTTTTGGAAGAT,37,14623
TSS_1414_storz_regulondb,38.0,37,0,AAATCCCATCAGGATAATCC,37,79239
TSS_1414_storz_regulondb,37.0,36,0,TTATGCACACTGTAGTGAGA,36,49889
TSS_1414_storz_regulondb,37.0,36,0,TATGAGAGGGCATTTGATAG,36,7551
TSS_1414_storz_regulondb,37.0,36,0,TAGCGTGAGGCGCTGCTGGA,36,29470
TSS_1414_storz_regulondb,37.0,36,0,TAGAGAAGAGAGAAAATGTA,36,67907
TSS_1414_storz_regulondb,37.0,36,0,GTCTGGTCGTATGCGAACGA,36,53005
TSS_1414_storz_regulondb,37.0,36,0,GGTACTTGGCCTAGTTCGTC,36,75907
TSS_1414_storz_regulondb,37.0,36,0,CTTCCAACGGTCCAACTTTG,36,23743
TSS_1414_storz_regulondb,37.0,36,0,CTGTATGTGGCCCTGATGAG,36,39516
TSS_1414_storz_regulondb,37.0,36,0,CGGGTGGAACGTTCAATCAG,36,43303
TSS_1414_storz_regulondb,37.0,36,0,CCTCGGGTTTAATATGTGTA,36,51565
TSS_1414_storz_regulondb,37.0,36,0,AGGTTCTAGTCCATCATGGG,36,58544
TSS_1414_storz_regulondb,37.0,36,0,AGCTAGCAGGCACGGGTGAG,36,69557
TSS_1414_storz_regulondb,37.0,36,0,ACAGCTATCCCACGGCCCGT,36,66664
TSS_1414_storz_regulondb,37.0,36,0,AATGACTCAAGTGGTCTCGC,36,8857
TSS_1414_storz_regulondb,37.0,36,0,AAGGTGAGGCATCTAATGCC,36,29181
TSS_1414_storz_regulondb,36.0,35,0,TCTGAACAAGAGCAGCGTAC,35,62528
TSS_1414_storz_regulondb,36.0,35,0,GATTTCCAAGCACCTACACC,35,11768
TSS_1414_storz_regulondb,36.0,35,0,CCGTATACCCGTCTACGCCA,35,58575
TSS_1414_storz_regulondb,36.0,35,0,ATTAGGTCACAATGCCTTTA,35,8733
TSS_1414_storz_regulondb,35.0,34,0,TGGAATGCATGGGGCTTCGA,34,29377
TSS_1414_storz_regulondb,35.0,34,0,GTGGTGTCGGTAGGCTGAGT,34,52745
TSS_1414_storz_regulondb,35.0,34,0,GTCCGGTGCATCGTTCTCTA,34,28788
TSS_1414_storz_regulondb,35.0,34,0,GCTTTCCGGCATCCTACGGA,34,37626
TSS_1414_storz_regulondb,35.0,34,0,AACTATTCTCGAGCGACTCT,34,12434
TSS_1414_storz_regulondb,34.0,33,0,GGACGCCGGATACGGCAATT,33,58469
TSS_1414_storz_regulondb,34.0,33,0,GGAACATGTCTTGGCTTCAG,33,51325
TSS_1414_storz_regulondb,34.0,33,0,CCTACCACGAGCTTTGGCTC,33,77019
TSS_1414_storz_regulondb,34.0,33,0,AGATGAATGATCGCGCCGTT,33,14850
TSS_1414_storz_regulondb,34.0,33,0,ACTGGAAGCTACGGCGGACT,33,26291
TSS_1414_storz_regulondb,33.0,32,0,TTTAAGCTGGCGCAGGCACT,32,8586
TSS_1414_storz_regulondb,33.0,32,0,TGGATTGCGAATTACAAGAC,32,76039
TSS_1414_storz_regulondb,33.0,32,0,TCCGTGCCCGGACAGATATT,32,1739
TSS_1414_storz_regulondb,33.0,32,0,TCAGTGTCGGTGTAATAATT,32,14338
TSS_1414_storz_regulondb,33.0,32,0,GTCTTAGGATGGTGGTGTAA,32,14217
TSS_1414_storz_regulondb,33.0,32,0,GCCCACGACATTGCTGTATC,32,80149
TSS_1414_storz_regulondb,33.0,32,0,CGGTTGTATCAACATCAGCG,32,42456
TSS_1414_storz_regulondb,33.0,32,0,CATGTAATTCTTGGGACCTA,32,23359
TSS_1414_storz_regulondb,33.0,32,0,CAAGCACTTTCCGTTGTACT,32,67445
TSS_1414_storz_regulondb,32.0,31,0,TTAAAGACTCAACCAGGGGT,31,21983
TSS_1414_storz_regulondb,32.0,31,0,TGTCGTGTGTCCCCTTCTTT,31,39327
TSS_1414_storz_regulondb,32.0,31,0,TCAAGTGATAATAACGTCCT,31,20120
TSS_1414_storz_regulondb,32.0,31,0,GTATCGGGCAAATTGGAAGG,31,1736
TSS_1414_storz_regulondb,32.0,31,0,CTGTTGCATGCGGCGTGTGT,31,5378
TSS_1414_storz_regulondb,32.0,31,0,CAGTGCGGCTCAAATTCTAA,31,68484
TSS_1414_storz_regulondb,31.0,30,0,TAGCAAATTAATGAACAACC,30,68536
TSS_1414_storz_regulondb,31.0,30,0,GTTCCAAGACTAGGAGATCC,30,49825
TSS_1414_storz_regulondb,31.0,30,0,GCCTCTCTAAGGCGAGACCA,30,2808
TSS_1414_storz_regulondb,31.0,30,0,GATCACCGTGGATAGCTGTC,30,69933
TSS_1414_storz_regulondb,31.0,30,0,CTTGTAGCGGGGTGCCATCG,30,15724
TSS_1414_storz_regulondb,31.0,30,0,CGCGATGCTAGCGTATAACT,30,74937
TSS_1414_storz_regulondb,31.0,30,0,CGCCAAGTTTTTTGCTAAAA,30,42519
TSS_1414_storz_regulondb,31.0,30,0,ATTGGAGAGGGTTTCGGAAA,30,16058
TSS_1414_storz_regulondb,31.0,30,0,AGCTGAGGCTATTCTTTCAA,30,13964
TSS_1414_storz_regulondb,31.0,30,0,AGATAGCTGGTCGCTGCGGG,30,68695
TSS_1414_storz_regulondb,31.0,30,0,ACTAATCACTGGTTCTGGGT,30,51127
TSS_1414_storz_regulondb,31.0,30,0,AATCTTAGGGGTTGGGGACG,30,7747
TSS_1414_storz_regulondb,30.0,29,0,TCCCCGAAACAGTCCTTCTC,29,45041
TSS_1414_storz_regulondb,30.0,29,0,GCGAGGTCACATCTGGATAC,29,62909
TSS_1414_storz_regulondb,30.0,29,0,GCAATGCAGCAGCCTAGGCT,29,45604
TSS_1414_storz_regulondb,30.0,29,0,GATAGTTAGTATTCTGCATC,29,75382
TSS_1414_storz_regulondb,30.0,29,0,CGACAGGTCGGCGCTGATTT,29,65959
TSS_1414_storz_regulondb,30.0,29,0,CCTCGTATCCCCCATACGTA,29,45190
TSS_1414_storz_regulondb,30.0,29,0,CCGAACGATCTGCAGGATAC,29,28579
TSS_1414_storz_regulondb,30.0,29,0,ATGAGAGATGGACCCTAGAC,29,61931
TSS_1414_storz_regulondb,30.0,29,0,AGCCTTAATAGTTTGCCTTC,29,49264
TSS_1414_storz_regulondb,30.0,29,0,ACCACGTAGCAACCGGGGAG,29,64258
TSS_1414_storz_regulondb,30.0,29,0,ACAGTAGGGTCATTGCTTGG,29,13967
TSS_1414_storz_regulondb,29.0,28,0,TGTTAACAGGCTAGACGGTT,28,45131
TSS_1414_storz_regulondb,29.0,28,0,TGACCCCGTCACGCTCAGTC,28,79449
TSS_1414_storz_regulondb,29.0,28,0,TCCTCTGCCAGTTTTCAGCC,28,73033
TSS_1414_storz_regulondb,29.0,28,0,TAGGGGATAGGGACTTCCAG,28,49364
TSS_1414_storz_regulondb,29.0,28,0,TAGAGGGTAATGGCTAGAAC,28,80416
TSS_1414_storz_regulondb,29.0,28,0,GAGCTTGCAGTAGGTCTTTC,28,12560
TSS_1414_storz_regulondb,29.0,28,0,CGACAGTTAGCTAAGGCATG,28,10921
TSS_1414_storz_regulondb,29.0,28,0,CAAGTTCCCACGAGCAAAAC,28,48090
TSS_1414_storz_regulondb,29.0,28,0,ATGAAGCAGACTACCCCCAT,28,14190
TSS_1414_storz_regulondb,29.0,28,0,ATCCCCCCCTGGACACTTTC,28,27087
TSS_1414_storz_regulondb,29.0,28,0,AGCATTCCTTAGTTAGTCCA,28,61800
TSS_1414_storz_regulondb,28.0,27,0,TTTACACCGGCAAGCGAAGC,27,35397
TSS_1414_storz_regulondb,28.0,27,0,GGCGAGCACGGATTTTAAAA,27,32307
TSS_1414_storz_regulondb,28.0,27,0,GCCGATGCGAGAGGTGGTTA,27,34774
TSS_1414_storz_regulondb,28.0,27,0,CATTCGGCAAGTAGGCCTTG,27,11723
TSS_1414_storz_regulondb,28.0,27,0,CACTGTGATCCCAACTAAAC,27,22427
TSS_1414_storz_regulondb,28.0,27,0,CACAATCCGGAAGGGTGGAA,27,54497
TSS_1414_storz_regulondb,28.0,27,0,ATTGACGTAACTATTCTAGT,27,80568
TSS_1414_storz_regulondb,28.0,27,0,ATGTTAGTTCGGGCAAAGTG,27,57581
TSS_1414_storz_regulondb,28.0,27,0,ATAGCCGTAGCATATAATAA,27,62285
TSS_1414_storz_regulondb,28.0,27,0,AGAAGTATCTAATGCGAGCC,27,18824
TSS_1414_storz_regulondb,28.0,27,0,ACCCGGGTAAGACTATGTGT,27,7337
TSS_1414_storz_regulondb,28.0,27,0,AAAATTGCATACCCAACCTA,27,60856
TSS_1414_storz_regulondb,27.0,26,0,TTCCGTGAAATTTTATTCAC,26,17703
TSS_1414_storz_regulondb,27.0,26,0,TCGTGCCGAAAGGACCCTTC,26,69409
TSS_1414_storz_regulondb,27.0,26,0,TATCTTTTTTACTCGAGTCT,26,1731
TSS_1414_storz_regulondb,27.0,26,0,GTTGGGGATGCTGTCCCATA,26,59177
TSS_1414_storz_regulondb,27.0,26,0,GTAGTATGAGAAGTGGTCGC,26,29833
TSS_1414_storz_regulondb,27.0,26,0,GGTTGTATGTAATGAATATT,26,1651
TSS_1414_storz_regulondb,27.0,26,0,CTTGACGAGCCGAGGATTGG,26,19068
TSS_1414_storz_regulondb,27.0,26,0,CTCGGATGCCACTTCTAAAC,26,39831
TSS_1414_storz_regulondb,27.0,26,0,CGGTGTAGTGTCGTTTAATA,26,36880
TSS_1414_storz_regulondb,27.0,26,0,CGGAAATAGTATGACAGTCG,26,27541
TSS_1414_storz_regulondb,27.0,26,0,CAGCCGTAGGAGTTCACGGG,26,22337
TSS_1414_storz_regulondb,27.0,26,0,ATGCAACGAGTACACGTGGC,26,44794
TSS_1414_storz_regulondb,27.0,26,0,ATAGGCACAATCCCCTGGTT,26,30981
TSS_1414_storz_regulondb,27.0,26,0,ATACCCTTGAAGGGCAAAGT,26,12035
TSS_1414_storz_regulondb,27.0,26,0,AAGTGGGGCGCCCCCAATCC,26,73527
TSS_1414_storz_regulondb,26.0,25,0,TCCTTTCTCCATGCGGTCCC,25,70534
TSS_1414_storz_regulondb,26.0,25,0,TCCACTAAGTTTTGATGCGG,25,43430
TSS_1414_storz_regulondb,26.0,25,0,GTCAAAATAGTCATTGTCTG,25,21366
TSS_1414_storz_regulondb,26.0,25,0,GGTACGCAACCCAAGGGGTT,25,21660
TSS_1414_storz_regulondb,26.0,25,0,GCGAGACCCGCGCAGTTTTG,25,46723
TSS_1414_storz_regulondb,26.0,25,0,GCCTTTCGATGACTGCCGAG,25,53308
TSS_1414_storz_regulondb,26.0,25,0,CGGAACACCTTTCTCGAGGT,25,9687
TSS_1414_storz_regulondb,26.0,25,0,CGAAACCCGCCTCGGTCATG,25,32155
TSS_1414_storz_regulondb,26.0,25,0,CAGCCCTCGCCTTCTATACC,25,32162
TSS_1414_storz_regulondb,26.0,25,0,CACAAGATACCCGGCCACAC,25,72624
TSS_1414_storz_regulondb,26.0,25,0,AGTGGTCAGTATACGCGTCA,25,66952
TSS_1414_storz_regulondb,26.0,25,0,AGGTTTGCTCGCCAGGCACA,25,70604
TSS_1414_storz_regulondb,26.0,25,0,AGGGCAGAGCCACGTAAGGC,25,62075
TSS_1414_storz_regulondb,26.0,25,0,ACAAGTTCCTCCATAGTGGC,25,32594
TSS_1414_storz_regulondb,26.0,25,0,AAGTACAGTTCAGCTAACCT,25,75168
TSS_1414_storz_regulondb,25.0,24,0,TGTGAAGTCGAGGCGCTATA,24,69712
TSS_1414_storz_regulondb,25.0,24,0,TGATTTGATGTCCCATCAAA,24,59497
TSS_1414_storz_regulondb,25.0,24,0,TCTAGTCGCCCGACGAGGCA,24,48540
TSS_1414_storz_regulondb,25.0,24,0,GGTATGGCACGCGCGTTATG,24,63845
TSS_1414_storz_regulondb,25.0,24,0,GGTAAAATGCCATGGCAGAA,24,43076
TSS_1414_storz_regulondb,25.0,24,0,CTTGTAGCGTCGTCTGCATT,24,75654
TSS_1414_storz_regulondb,25.0,24,0,CTCAAGCTCGCGACCGATTA,24,62172
TSS_1414_storz_regulondb,25.0,24,0,CATCCTCAGCTAGGGAGGTC,24,6884
TSS_1414_storz_regulondb,25.0,24,0,AGTGGTAGGGTTATGGTCTT,24,14853
TSS_1414_storz_regulondb,25.0,24,0,ACCACCCTTGTTAGAGGCAG,24,17841
TSS_1414_storz_regulondb,25.0,24,0,AATGACGGAAAATTCTGCAT,24,9033
TSS_1414_storz_regulondb,24.0,23,0,TATTGGTGGACTTAGTAATC,23,66789
TSS_1414_storz_regulondb,24.0,23,0,TACTTTTCGCTTTACAACAT,23,28859
TSS_1414_storz_regulondb,24.0,23,0,TACAAAGGCAACCATCGTGA,23,63091
TSS_1414_storz_regulondb,24.0,23,0,GTGAGTGTAGTATTGAACTC,23,80125
TSS_1414_storz_regulondb,24.0,23,0,GAGGCAGGAGCACGGATTCC,23,6600
TSS_1414_storz_regulondb,24.0,23,0,GAGATAGGTTGGAATGAGAC,23,11392
TSS_1414_storz_regulondb,24.0,23,0,CTGGTGGTCCTAAAGGCCTA,23,38564
TSS_1414_storz_regulondb,24.0,23,0,CGGGGCAAAAGCCCTGGGCT,23,24764
TSS_1414_storz_regulondb,24.0,23,0,CCGAGCGCTCACGTTATCCT,23,2618
TSS_1414_storz_regulondb,24.0,23,0,CATTGCTCGGGGTTACAGAA,23,37306
TSS_1414_storz_regulondb,24.0,23,0,CACGTACTCGGCGAGTGGTC,23,68294
TSS_1414_storz_regulondb,24.0,23,0,ATTGGCAGGTGTCCCCAAGA,23,15157
TSS_1414_storz_regulondb,24.0,23,0,ATGGCTACGTGCTAACCAAG,23,7978
TSS_1414_storz_regulondb,24.0,23,0,ATAAAAGCCCGGTTGGGCCA,23,38481
TSS_1414_storz_regulondb,24.0,23,0,AGATCTCTGACTTGGAACTG,23,4011
TSS_1414_storz_regulondb,24.0,23,0,ACGACGACGCGTTAGTGTTA,23,72336
TSS_1414_storz_regulondb,23.0,22,0,TGGGCACCATCTGGACGGAT,22,62554
TSS_1414_storz_regulondb,23.0,22,0,TCGGTACGTATTTAGCCGCG,22,75810
TSS_1414_storz_regulondb,23.0,22,0,TCCACGGCCACTTGGCTGCT,22,7914
TSS_1414_storz_regulondb,23.0,22,0,TATCTGCGGCAAATCAATAG,22,18756
TSS_1414_storz_regulondb,23.0,22,0,GTCGAAAATCGGAGTAGGAA,22,71429
TSS_1414_storz_regulondb,23.0,22,0,GGAATCCCCATGATAAGTAA,22,17963
TSS_1414_storz_regulondb,23.0,22,0,GCTGTTCCAAACACCGGGCG,22,21869
TSS_1414_storz_regulondb,23.0,22,0,GAACCGTCCCAGGGACGGCT,22,60196
TSS_1414_storz_regulondb,23.0,22,0,CTGCCTCAGAGCGATAGTAA,22,62701
TSS_1414_storz_regulondb,23.0,22,0,CGGGCATATTCGCGAACCAT,22,10806
TSS_1414_storz_regulondb,23.0,22,0,CCGGCTGTCTACCTCCTACT,22,35444
TSS_1414_storz_regulondb,23.0,22,0,CAAGTCACCCTAGAGAGAGG,22,56879
TSS_1414_storz_regulondb,23.0,22,0,ATCGGGCAGGGACGGGTACA,22,915
TSS_1414_storz_regulondb,23.0,22,0,AGCGACAAACTTATGCTGAG,22,63068
TSS_1414_storz_regulondb,23.0,22,0,AGAAGAATCGAGACGAACTT,22,11353
TSS_1414_storz_regulondb,22.0,21,0,TTGGGCAGTCGTTCAAACCC,21,65093
TSS_1414_storz_regulondb,22.0,21,0,TCCATAGCCGTAAGGCATCA,21,69054
TSS_1414_storz_regulondb,22.0,21,0,TACGTGGACTCGCAGACGAT,21,47093
TSS_1414_storz_regulondb,22.0,21,0,GTCCTCTGATTCTGGCAATC,21,34534
TSS_1414_storz_regulondb,22.0,21,0,GGAGGTCCCCATGAGTTCCC,21,22093
TSS_1414_storz_regulondb,22.0,21,0,GAACCCTACTTGCAGTACAT,21,63034
TSS_1414_storz_regulondb,22.0,21,0,CTGGTAACCTGTAGGGCTTA,21,62071
TSS_1414_storz_regulondb,22.0,21,0,CTGGGGGAATCTCCTGGGAT,21,41267
TSS_1414_storz_regulondb,22.0,21,0,CTGCCGGTAACCCGTCATCG,21,69615
TSS_1414_storz_regulondb,22.0,21,0,ACTGTGCCGATTAGGTACTG,21,38475
TSS_1414_storz_regulondb,22.0,21,0,ACGTTATATAGTGAATTCCC,21,66577
TSS_1414_storz_regulondb,22.0,21,0,ACACTGACAATATACCACGC,21,1047
TSS_1414_storz_regulondb,22.0,21,0,AAGCTGACCTCGACGAACCA,21,80081
TSS_1414_storz_regulondb,22.0,21,0,AACTGGAGAAGTGTCTCCTG,21,70842
TSS_1414_storz_regulondb,21.0,20,0,TTTACTCAAACCACGAGAGG,20,202
TSS_1414_storz_regulondb,21.0,20,0,TGATATGCCAACCATCGGGA,20,74887
TSS_1414_storz_regulondb,21.0,20,0,TCACAGGCGCCAGTGAATGT,20,14002
TSS_1414_storz_regulondb,21.0,20,0,TATTTGAACGGTCGCTTATA,20,70848
TSS_1414_storz_regulondb,21.0,20,0,GTTGCCACCCAGATACCCCC,20,6307
TSS_1414_storz_regulondb,21.0,20,0,GTCTACCAATTCGGAGCCGT,20,54996
TSS_1414_storz_regulondb,21.0,20,0,GGTGAACGTCGATATGCCGA,20,7931
TSS_1414_storz_regulondb,21.0,20,0,GCCTAATTGCCGTAGCGAAG,20,752
TSS_1414_storz_regulondb,21.0,20,0,GAATCACTCACATACGGTCA,20,40801
TSS_1414_storz_regulondb,21.0,20,0,GAAGACTACACGCCGATCGG,20,54553
TSS_1414_storz_regulondb,21.0,20,0,CTATTGTTTTAAAAGGGACG,20,57960
TSS_1414_storz_regulondb,21.0,20,0,CGCTTTAATGGGGCTGCTAA,20,79249
TSS_1414_storz_regulondb,21.0,20,0,CCCGTGACCGCTTCGTTCAG,20,27757
TSS_1414_storz_regulondb,21.0,20,0,CAGTCACACTTAAGACCGAG,20,62243
TSS_1414_storz_regulondb,21.0,20,0,CAATCAGATGAAATTTCATA,20,70135
TSS_1414_storz_regulondb,21.0,20,0,ATGCATGAGAGAATGAAGCA,20,47733
TSS_1414_storz_regulondb,21.0,20,0,AATACGACTCCACAGTCATA,20,30602
TSS_1414_storz_regulondb,21.0,20,0,AAGAACCATACAGCATTCTT,20,5412
TSS_1414_storz_regulondb,21.0,20,0,AAACGGTTAAACTAGGTTAG,20,29508
TSS_1414_storz_regulondb,20.0,19,0,TGATTGCAACCAGACGGTTT,19,35242
TSS_1414_storz_regulondb,20.0,19,0,TATCTGATTAATCCAGACGG,19,953
TSS_1414_storz_regulondb,20.0,19,0,GGGCCTCACCATTTCTCCTA,19,58803
TSS_1414_storz_regulondb,20.0,19,0,GCGCAATTATCGTGGACGCA,19,69223
TSS_1414_storz_regulondb,20.0,19,0,CTCCCCACGGCCTATAAGAT,19,78977
TSS_1414_storz_regulondb,20.0,19,0,CTAGTGCCGTCGAACAGGGC,19,45754
TSS_1414_storz_regulondb,20.0,19,0,CGTGGATACAATAAATTCTC,19,65344
TSS_1414_storz_regulondb,20.0,19,0,CCGTTCGCTTAATGGTCTCC,19,8252
TSS_1414_storz_regulondb,20.0,19,0,CCAGATGACGCGAGATCGTG,19,62672
TSS_1414_storz_regulondb,20.0,19,0,ATAGTCATATTTTTCCGCGC,19,43763
TSS_1414_storz_regulondb,20.0,19,0,ATAAAGTAGCTGTTTGTCTA,19,66162
TSS_1414_storz_regulondb,20.0,19,0,ACTTGCCTTTTTATCATAGT,19,58294
TSS_1414_storz_regulondb,20.0,19,0,ACGTAACTTTAAAGGGGTGA,19,28865
TSS_1414_storz_regulondb,19.0,18,0,TGGATAATCCAGACATATAT,18,65920
TSS_1414_storz_regulondb,19.0,18,0,TAGGGGACGTGTGACTCTAT,18,39392
TSS_1414_storz_regulondb,19.0,18,0,TAGGCCCCCGGGACACGGCT,18,17154
TSS_1414_storz_regulondb,19.0,18,0,GTAACCGTGGGTACAGTACG,18,56301
TSS_1414_storz_regulondb,19.0,18,0,GAATCCGTAGCGCTCTGACA,18,40449
TSS_1414_storz_regulondb,19.0,18,0,CTGCGTCATTCCGAGAGCAT,18,32497
TSS_1414_storz_regulondb,19.0,18,0,CGTTAGACAACCGAATTTGG,18,1226
TSS_1414_storz_regulondb,19.0,18,0,CGGTCCCCACTGTGGGGACA,18,80238
TSS_1414_storz_regulondb,19.0,18,0,CCGCGTGTAGTGACGTTGTG,18,72823
TSS_1414_storz_regulondb,19.0,18,0,ATTCTTGTGTTTTGTTCAAC,18,47945
TSS_1414_storz_regulondb,19.0,18,0,ATGGACGAGTCGGGGCACCT,18,20282
TSS_1414_storz_regulondb,19.0,18,0,ACGAAGAGCGCATACGTCCC,18,39950
TSS_1414_storz_regulondb,18.0,17,0,TGTGTAGGTAGCTCTATTGT,17,1242
TSS_1414_storz_regulondb,18.0,17,0,TGTATTCCTCCTCTACACGT,17,44547
TSS_1414_storz_regulondb,18.0,17,0,TGGTCGTCTAGACGTTAGAG,17,58836
TSS_1414_storz_regulondb,18.0,17,0,TGATGCCGCAGGGGATAGCC,17,12049
TSS_1414_storz_regulondb,18.0,17,0,TCGCATTTCGGCCGGGGCGG,17,60143
TSS_1414_storz_regulondb,18.0,17,0,TCAAATTGAGCATCCTGAAG,17,67737
TSS_1414_storz_regulondb,18.0,17,0,GTTCTTTAAAATCCCTAATG,17,25968
TSS_1414_storz_regulondb,18.0,17,0,GTCAGGAGGGGGGTCGAAAG,17,32382
TSS_1414_storz_regulondb,18.0,17,0,GTATTTGGACATACCTTCAC,17,21867
TSS_1414_storz_regulondb,18.0,17,0,GGGAAGTAGCATGATCCACG,17,80019
TSS_1414_storz_regulondb,18.0,17,0,GGCGGTAGGCCTCCTATCGA,17,74155
TSS_1414_storz_regulondb,18.0,17,0,GCTTCTGATCTAGGCTCCAA,17,32598
TSS_1414_storz_regulondb,18.0,17,0,GCTACTCAATTAAGCCTTGC,17,32554
TSS_1414_storz_regulondb,18.0,17,0,CTTTTTCCTCGGGGCCTGTT,17,76932
TSS_1414_storz_regulondb,18.0,17,0,CGTTCCCACGACGTATGCCA,17,28194
TSS_1414_storz_regulondb,18.0,17,0,CGTTATTTCTCTGGATAGTT,17,32586
TSS_1414_storz_regulondb,18.0,17,0,CCCTGGCATAGAAGGCGAAT,17,58239
TSS_1414_storz_regulondb,18.0,17,0,CCCCGTCCTGGAAGTACCTT,17,10074
TSS_1414_storz_regulondb,18.0,17,0,CACATTCTCTCTCGGTTACG,17,41943
TSS_1414_storz_regulondb,18.0,17,0,CAAGACGGGATTGAGGCATT,17,63139
TSS_1414_storz_regulondb,18.0,17,0,ATCACTCAAAACGACGTCTT,17,27419
TSS_1414_storz_regulondb,18.0,17,0,ATACCACGGCCGAGGCCCCG,17,19447
TSS_1414_storz_regulondb,18.0,17,0,AGTAGGGCTTTAAACACATT,17,68234
TSS_1414_storz_regulondb,18.0,17,0,ACTGGGGTAATGTATCGTAG,17,28153
TSS_1414_storz_regulondb,18.0,17,0,AAGTTGACTTCGGTAAATGG,17,60026
TSS_1414_storz_regulondb,18.0,17,0,AAGTCGTACCAACGTTGCCG,17,69259
TSS_1414_storz_regulondb,18.0,17,0,AAGCCATTGCTAGCCTGTCC,17,1532
TSS_1414_storz_regulondb,17.0,16,0,TTCTTTCTGCTGATCCGTGG,16,80202
TSS_1414_storz_regulondb,17.0,16,0,TGGGTAGTTCTCGCATTCTA,16,78402
TSS_1414_storz_regulondb,17.0,16,0,TGAAGCGCATATTAATTGCG,16,15676
TSS_1414_storz_regulondb,17.0,16,0,TCGGCGTCTACAAGTAGAGG,16,72175
TSS_1414_storz_regulondb,17.0,16,0,TAAATCATTGTTATCAAGTC,16,56891
TSS_1414_storz_regulondb,17.0,16,0,TAAAGCGCATTTTGCGCCAT,16,28712
TSS_1414_storz_regulondb,17.0,16,0,GGTGCGGCTCAGTAGGAGAA,16,10499
TSS_1414_storz_regulondb,17.0,16,0,GGGTAGTTGTGGGCTAAAGT,16,19933
TSS_1414_storz_regulondb,17.0,16,0,GCTGGTTGATGCACGCGATG,16,64092
TSS_1414_storz_regulondb,17.0,16,0,CTAGAATGAAGCTTGTCTTA,16,51773
TSS_1414_storz_regulondb,17.0,16,0,CCAACTGCGGGTATTTTTGT,16,22665
TSS_1414_storz_regulondb,17.0,16,0,CCAAACGTCTCAGCAGTGCA,16,18187
TSS_1414_storz_regulondb,17.0,16,0,ATCTTTGCGAGCTTTCCGCG,16,35261
TSS_1414_storz_regulondb,17.0,16,0,ATCCATCGTAAGATAAGCTT,16,27536
TSS_1414_storz_regulondb,17.0,16,0,AATCCAATCGGTACCCACAA,16,60983
TSS_1414_storz_regulondb,17.0,16,0,AACAGATGATCCCATGCATC,16,19149
TSS_1414_storz_regulondb,17.0,16,0,AAAAGCGAATCCCAACTGCA,16,68149
TSS_1414_storz_regulondb,16.0,15,0,TTCCCGAGTACGAGCGAGGG,15,54105
TSS_1414_storz_regulondb,16.0,15,0,TGTCTGTGGTTCCGTTTAGG,15,1099
TSS_1414_storz_regulondb,16.0,15,0,TGTCGCACACTGGCCACGTG,15,52738
TSS_1414_storz_regulondb,16.0,15,0,TGGCGACTGTGTATTGATAT,15,63321
TSS_1414_storz_regulondb,16.0,15,0,TGGAAAACACTGTCTCCCAG,15,24746
TSS_1414_storz_regulondb,16.0,15,0,TAGAAGTAGCCCGTTAGTGA,15,45384
TSS_1414_storz_regulondb,16.0,15,0,TAAGCAGGACGCAAGCTGTA,15,39323
TSS_1414_storz_regulondb,16.0,15,0,GTGTATATGGCTAGCACCTA,15,14845
TSS_1414_storz_regulondb,16.0,15,0,GGTACACTGCCGCCCCGGAA,15,3780
TSS_1414_storz_regulondb,16.0,15,0,GGCAAATGGCGATCTCTCCG,15,62112
TSS_1414_storz_regulondb,16.0,15,0,GCGGGGTCGAATTCCCGTAT,15,57708
TSS_1414_storz_regulondb,16.0,15,0,GCGAAGCTATGATCCTAACC,15,29066
TSS_1414_storz_regulondb,16.0,15,0,GCCTAGGTGACCCAATTCGA,15,8327
TSS_1414_storz_regulondb,16.0,15,0,GATATTCTGACCTATGAATC,15,13217
TSS_1414_storz_regulondb,16.0,15,0,CTTGAGTGCGTGACCCACCC,15,12987
TSS_1414_storz_regulondb,16.0,15,0,CTGACCCGGGGCTCCGACCC,15,49852
TSS_1414_storz_regulondb,16.0,15,0,CGTTATGTTCAGAAAGCACC,15,69166
TSS_1414_storz_regulondb,16.0,15,0,CGTGACTGTTAGTAGTAGGT,15,58628
TSS_1414_storz_regulondb,16.0,15,0,CGGGTACCACAATTACCTTC,15,64028
TSS_1414_storz_regulondb,16.0,15,0,CCCAACTCGTAAGCTTGCGC,15,15252
TSS_1414_storz_regulondb,16.0,15,0,CAGTGGATGTTCGTTCGTTA,15,65800
TSS_1414_storz_regulondb,16.0,15,0,ATTTTACAGATCGTTAGTAG,15,12221
TSS_1414_storz_regulondb,16.0,15,0,ATTACTGCCCACCAATACAA,15,10879
TSS_1414_storz_regulondb,16.0,15,0,ACTGCATATTGAGGAGTGAT,15,16502
TSS_1414_storz_regulondb,15.0,14,0,TTTCTTACTCCTTGGGCAAT,14,38490
TSS_1414_storz_regulondb,15.0,14,0,TTTACAAGTGGTTTACGTAA,14,66486
TSS_1414_storz_regulondb,15.0,14,0,TCGGAGCCTCCGACTTTGTT,14,56855
TSS_1414_storz_regulondb,15.0,14,0,GGTATCCGGCCCCATTAGCC,14,53810
TSS_1414_storz_regulondb,15.0,14,0,GCCAAGTCGATGTGGTCCAC,14,78620
TSS_1414_storz_regulondb,15.0,14,0,GACCGTGTAGAAGGAACAAA,14,52328
TSS_1414_storz_regulondb,15.0,14,0,CTCCGGCGATAGTTCCCGGT,14,59420
TSS_1414_storz_regulondb,15.0,14,0,CTACGTTTAGACGGCAGTAT,14,41610
TSS_1414_storz_regulondb,15.0,14,0,CGTAGATATACCTCCAGCTG,14,12992
TSS_1414_storz_regulondb,15.0,14,0,CGGGGCGGTGTCGTTGAAAC,14,6677
TSS_1414_storz_regulondb,15.0,14,0,CGGCACTCCAGGACAGGTGT,14,64637
TSS_1414_storz_regulondb,15.0,14,0,CCCCTGAAGCGGAGGTCATA,14,69427
TSS_1414_storz_regulondb,15.0,14,0,CATCAGCATGACCCATGCCC,14,52884
TSS_1414_storz_regulondb,15.0,14,0,CACGTTTAGCATAAATGAAC,14,48816
TSS_1414_storz_regulondb,15.0,14,0,CACACTATGACGTGGTACTT,14,6456
TSS_1414_storz_regulondb,15.0,14,0,ATGCCAGAATGTAACTAGAA,14,11624
TSS_1414_storz_regulondb,14.0,13,0,TTGTCTTTCGAGAAGGCCAT,13,7561
TSS_1414_storz_regulondb,14.0,13,0,TGTCCTAGAACATGTGTAGA,13,29879
TSS_1414_storz_regulondb,14.0,13,0,TATCGGAATTGAACATCGCA,13,57440
TSS_1414_storz_regulondb,14.0,13,0,GTGGCGGAAAACTCTTTCGG,13,24322
TSS_1414_storz_regulondb,14.0,13,0,GGGGGGCCACGACAAGTTTG,13,75023
TSS_1414_storz_regulondb,14.0,13,0,GGGCTCGTAAAATGCCACGA,13,41577
TSS_1414_storz_regulondb,14.0,13,0,GGGACATCGGGGGTTACTGA,13,48627
TSS_1414_storz_regulondb,14.0,13,0,GATGTTCTTTGGTCACAGCT,13,9873
TSS_1414_storz_regulondb,14.0,13,0,CGAGGAAGGGTTTTGCAAAA,13,8911
TSS_1414_storz_regulondb,14.0,13,0,CCTCGCAACAAGCAGGATCG,13,6135
TSS_1414_storz_regulondb,14.0,13,0,CCCCCTGAGGAAGCTGGCTG,13,46322
TSS_1414_storz_regulondb,14.0,13,0,CCAGGGTCTCGAGCAGTCGG,13,60534
TSS_1414_storz_regulondb,14.0,13,0,ACAGGTAGCATGCGACCCTA,13,12504
TSS_1414_storz_regulondb,13.0,12,0,TTTTTTGGCCGTACTGATAT,12,42543
TSS_1414_storz_regulondb,13.0,12,0,TTGGATTGCCTCGTGCGTCA,12,7310
TSS_1414_storz_regulondb,13.0,12,0,TTAGCTGCGTGAATCTAATG,12,45564
TSS_1414_storz_regulondb,13.0,12,0,TTAAGCCAGGCTCGACGTGA,12,19991
TSS_1414_storz_regulondb,13.0,12,0,TGTAGTAGCCACCAAGAGTG,12,18332
TSS_1414_storz_regulondb,13.0,12,0,TGATGGCAAAATCAACGACC,12,11084
TSS_1414_storz_regulondb,13.0,12,0,TCCCTGAACGTCTTGGGTTA,12,8964
TSS_1414_storz_regulondb,13.0,12,0,TACTGCCTTGAATAAACGCA,12,48649
TSS_1414_storz_regulondb,13.0,12,0,GTAGCAGTGATACCTTTATC,12,57967
TSS_1414_storz_regulondb,13.0,12,0,GGCACCACGGGACACAGTCC,12,1409
TSS_1414_storz_regulondb,13.0,12,0,GCCAAGACCACTATTTTCTT,12,31643
TSS_1414_storz_regulondb,13.0,12,0,CTGTAACAGCTCTATCTACT,12,11127
TSS_1414_storz_regulondb,13.0,12,0,CATCGGAGCCGGTTAGGTCA,12,17173
TSS_1414_storz_regulondb,13.0,12,0,ATTTAGACAGGACTTTGGCT,12,50573
TSS_1414_storz_regulondb,13.0,12,0,ATCCGGACGTCTACCCTTCG,12,37201
TSS_1414_storz_regulondb,13.0,12,0,ATAGCTGGTATCGGAGAACA,12,2509
TSS_1414_storz_regulondb,12.0,11,0,CGGCAAGGTGAACATGTTTT,11,27311
TSS_1414_storz_regulondb,12.0,11,0,CGCACAGCATCGGATTTGCT,11,23836
TSS_1414_storz_regulondb,12.0,11,0,CGAGAAGGATTTGAGAATAT,11,18787
TSS_1414_storz_regulondb,12.0,11,0,CCCCGTTCGGTACTTTAGCC,11,62114
TSS_1414_storz_regulondb,12.0,11,0,AGCGGTTCTCCTCCTCCCAG,11,17424
TSS_1414_storz_regulondb,12.0,11,0,ACTGTCGCTGCCCCGAATTA,11,71610
TSS_1414_storz_regulondb,11.0,10,0,TTTTCCTCGCGTCAAAGATA,10,5410
TSS_1414_storz_regulondb,11.0,10,0,TGTCCATGATAGGCGTATAT,10,33820
TSS_1414_storz_regulondb,11.0,10,0,TACTACACGATCTAAGGTTT,10,78823
TSS_1414_storz_regulondb,11.0,10,0,GTCTTTTGATCCCGATTTCT,10,35699
TSS_1414_storz_regulondb,11.0,10,0,GGACACGGAATCCGATTCTT,10,13412
TSS_1414_storz_regulondb,11.0,10,0,GATTAAAGCTCCTCCACATG,10,69196
TSS_1414_storz_regulondb,11.0,10,0,CCCGGCAGAGACTCCTACCT,10,31297
TSS_1414_storz_regulondb,11.0,10,0,ATAGACGCCGGAGGATCAAC,10,72450
TSS_1414_storz_regulondb,11.0,10,0,AGTGATAAGCCGACTTCTGT,10,60281
TSS_1414_storz_regulondb,11.0,10,0,ACCACCGGGATCCCCTCAGG,10,14386
TSS_1414_storz_regulondb,11.0,10,0,AAAGTGGTCATCGAGATTAC,10,42765
TSS_1414_storz_regulondb,10.0,9,0,TCGCCGAGACTTCCCGTAAT,9,46085
TSS_1414_storz_regulondb,10.0,9,0,TACCCAAAAGCTTAACGAAA,9,79458
TSS_1414_storz_regulondb,10.0,9,0,GGATCGGTATCTTGGATGCT,9,78665
TSS_1414_storz_regulondb,10.0,9,0,CAGTGGCCCCGTGCGTCGCT,9,25516
TSS_1414_storz_regulondb,10.0,9,0,CACCCTGCAGAGGTGTGAGC,9,61528
TSS_1414_storz_regulondb,10.0,9,0,AGCCATGTTTAAATGCAAGC,9,17296
TSS_1414_storz_regulondb,10.0,9,0,ACTACCGTTATCACCCCGAG,9,58134
TSS_1414_storz_regulondb,10.0,9,0,AACCCGTACGATTGTTTGAG,9,5537
TSS_1414_storz_regulondb,9.0,8,0,TTAGTACAGCAATCACTCGT,8,46845
TSS_1414_storz_regulondb,9.0,8,0,TGGCCATAGAGACTCGTTAC,8,69736
TSS_1414_storz_regulondb,9.0,8,0,TGCATATTGTCCGAAGACTT,8,31823
TSS_1414_storz_regulondb,9.0,8,0,TACTTCAGTGATGGGTGATA,8,4128
TSS_1414_storz_regulondb,9.0,8,0,GTTGCCCCCTAGTGCACGAT,8,20600
TSS_1414_storz_regulondb,9.0,8,0,GCAATTCTATGACAGTCTTG,8,5273
TSS_1414_storz_regulondb,8.0,7,0,TTTTGTCGAATCCCATACGT,7,15805
TSS_1414_storz_regulondb,8.0,7,0,TTTGGGGAGTTTACCCGTAC,7,41134
TSS_1414_storz_regulondb,8.0,7,0,TATCCCCGGCTCTGCGTGGG,7,70772
TSS_1414_storz_regulondb,8.0,7,0,GGGTTTTGGCCGATCCCGCT,7,43305
TSS_1414_storz_regulondb,8.0,7,0,GAGATGCCCTTCATATTTAC,7,17586
TSS_1414_storz_regulondb,8.0,7,0,CCTCTTCTCGTGAACGCAAC,7,76514
TSS_1414_storz_regulondb,8.0,7,0,CCCGGCCGCCAGAATGGCGG,7,25419
TSS_1414_storz_regulondb,8.0,7,0,CCACAGTTTTAACGTCCAAG,7,64306
TSS_1414_storz_regulondb,8.0,7,0,CATGGTGGGCACGGAAGCGA,7,75804
TSS_1414_storz_regulondb,8.0,7,0,CATGAAAAGTTATCCCAACC,7,32804
TSS_1414_storz_regulondb,8.0,7,0,ATTATGGCTCTCCATCCATC,7,32235
TSS_1414_storz_regulondb,8.0,7,0,AGGCCCATACCTAGCGGTCA,7,23717
TSS_1414_storz_regulondb,7.0,6,0,TCGGTTAATGAGTTGCTGTA,6,62024
TSS_1414_storz_regulondb,7.0,6,0,GCTTTTTGACTGAAGTATTA,6,78778
TSS_1414_storz_regulondb,7.0,6,0,GCTTGATCTTACGTTGTAGT,6,42688
TSS_1414_storz_regulondb,7.0,6,0,GATTGCAACGCTGATCACCT,6,54784
TSS_1414_storz_regulondb,7.0,6,0,ACTGTAACCTCAGCGGCCAG,6,70768
TSS_1414_storz_regulondb,6.0,5,0,TTTACCATAAGAGCTCCGGT,5,19254
TSS_1414_storz_regulondb,6.0,5,0,TGGACCACGTTTTCAATGCA,5,27422
TSS_1414_storz_regulondb,6.0,5,0,TCGGAATCTGTGTCGTCATT,5,56293
TSS_1414_storz_regulondb,6.0,5,0,TATTAGATCGCGTCCCTCCC,5,7323
TSS_1414_storz_regulondb,6.0,5,0,GTCACTGTCTTTTCCCCTTC,5,61617
TSS_1414_storz_regulondb,6.0,5,0,GGCTTATAGAGCTTCACCTT,5,49587
TSS_1414_storz_regulondb,6.0,5,0,CTGACATCCGCCACTTCGGG,5,52734
TSS_1414_storz_regulondb,6.0,5,0,CGTTTCATTCGTTTTTGCCT,5,70165
TSS_1414_storz_regulondb,6.0,5,0,CATGCGATGTCCATGCCTGG,5,54652
TSS_1414_storz_regulondb,6.0,5,0,ACCATCCAGTCTTCCTCCTT,5,78691
TSS_1414_storz_regulondb,5.0,4,0,GCCAAAACTACAAAGAACTG,4,16983
TSS_1414_storz_regulondb,5.0,4,0,CATGCAGCTCATCATCTCAC,4,65463
TSS_1414_storz_regulondb,5.0,4,0,CAATATTCATCAGGCCGTGT,4,7012
TSS_1414_storz_regulondb,5.0,4,0,AGATCTGACCGGAATGGGAT,4,18022
TSS_1414_storz_regulondb,5.0,4,0,ACTTGCAGCTAATAGTGGTA,4,37027
TSS_1414_storz_regulondb,4.0,3,0,TCCGCGGACGTTTGTCGGAT,3,5547
TSS_1414_storz_regulondb,4.0,3,0,GGTAGATTACATCGCTTGTG,3,77541
TSS_1414_storz_regulondb,4.0,3,0,GCGTTGCTATCCCGGGAACC,3,26868
TSS_1414_storz_regulondb,4.0,3,0,CGGTCATCCAAGATCACATT,3,67434
TSS_1414_storz_regulondb,4.0,3,0,ACGTAGATGAGTCCTACCAT,3,48606
TSS_1414_storz_regulondb,4.0,3,0,AAGAGTGTGGTAGGCGATTG,3,71117
TSS_1414_storz_regulondb,3.0,2,0,TTTTCCTCAAGCACCCCTCT,2,380
TSS_1414_storz_regulondb,3.0,2,0,TGCTACATGCTCATCTTCCT,2,75925
TSS_1414_storz_regulondb,3.0,2,0,CCCTTGCAACGTAGGACTTG,2,52636
TSS_1414_storz_regulondb,3.0,2,0,AGAGTTCACCCGTCGTCCCT,2,31078
TSS_1414_storz_regulondb,3.0,2,0,AATGCTAACTTTTATCAAGC,2,11432
TSS_1414_storz_regulondb,3.0,2,0,AAGACGCCCCAGGTGACCGA,2,43616
TSS_1414_storz_regulondb,2.0,1,0,TTTTAGCCCTGGCAACTAAT,1,62919
TSS_1414_storz_regulondb,2.0,1,0,TTTTACCAGATACGCCGTTG,1,20453
TSS_1414_storz_regulondb,2.0,1,0,TTGTATTTGAGGATTAAGTC,1,23308
TSS_1414_storz_regulondb,2.0,1,0,TTGGTTGGTCTCCATAACTC,1,49807
TSS_1414_storz_regulondb,2.0,1,0,TTGCGTTTCATTGCCCACGA,1,56133
TSS_1414_storz_regulondb,2.0,1,0,TTATAGGGCGGGCGAAACGT,1,39320
TSS_1414_storz_regulondb,2.0,1,0,TGTATACGGTGGATGATTTG,1,71102
TSS_1414_storz_regulondb,2.0,1,0,TGGGCTGGCTTACCAACTAA,1,7015
TSS_1414_storz_regulondb,2.0,1,0,TGCGTGTTTGGACAATTCTC,1,19755
TSS_1414_storz_regulondb,2.0,1,0,TGAAAGGGTTATGGTGCTAC,1,20197
TSS_1414_storz_regulondb,2.0,1,0,TCTTAACGGGTCAGTGAGTG,1,25055
TSS_1414_storz_regulondb,2.0,1,0,TCTGCAATCACTGTCTTTTC,1,28086
TSS_1414_storz_regulondb,2.0,1,0,TCTCGTACTTTCGACTGTAG,1,65542
TSS_1414_storz_regulondb,2.0,1,0,TCTAATTTGCAGGATACAGG,1,62323
TSS_1414_storz_regulondb,2.0,1,0,TCGGTCAGTTGGAATAATCA,1,3294
TSS_1414_storz_regulondb,2.0,1,0,TCGCACTAAGGGCCTCGCTG,1,15334
TSS_1414_storz_regulondb,2.0,1,0,TCGAGCGTAGTGCCGCTTTT,1,71203
TSS_1414_storz_regulondb,2.0,1,0,TATGTTGGACACTTCTCCTC,1,69395
TSS_1414_storz_regulondb,2.0,1,0,GTTGACTAGCCCGTTAGATG,1,62003
TSS_1414_storz_regulondb,2.0,1,0,GTGTCTAGGCTTATGACCCA,1,54291
TSS_1414_storz_regulondb,2.0,1,0,GTCGATTCATATCGGGTGGT,1,41100
TSS_1414_storz_regulondb,2.0,1,0,GTACTTTCCGCTCTTGCACG,1,62225
TSS_1414_storz_regulondb,2.0,1,0,GTACCCGGATTTTACGGCAA,1,6894
TSS_1414_storz_regulondb,2.0,1,0,GGTTCGACTCTATCCCATTA,1,1668
TSS_1414_storz_regulondb,2.0,1,0,GGGTTCAACTGTGGTCTCCC,1,24129
TSS_1414_storz_regulondb,2.0,1,0,GGGTACCCCACTAACAGCAC,1,44222
TSS_1414_storz_regulondb,2.0,1,0,GGGCTCTTCTGGCCAGCACC,1,58905
TSS_1414_storz_regulondb,2.0,1,0,GGGCAATCGTTGGAGTGGGG,1,50998
TSS_1414_storz_regulondb,2.0,1,0,GGGAGCCTCGGTTGGAAGCA,1,15788
TSS_1414_storz_regulondb,2.0,1,0,GGATCCAGCTTGGCAGGAGG,1,53819
TSS_1414_storz_regulondb,2.0,1,0,GGATAGAATACCGATTTGGA,1,39331
TSS_1414_storz_regulondb,2.0,1,0,GGACTAGCGTGTCATTCTGT,1,5807
TSS_1414_storz_regulondb,2.0,1,0,GCGGCCGGATACGCGCACAG,1,30780
TSS_1414_storz_regulondb,2.0,1,0,GCCATAGGTGGCATGGTGTT,1,44586
TSS_1414_storz_regulondb,2.0,1,0,GAGTATGAGCATTATATTTC,1,9100
TSS_1414_storz_regulondb,2.0,1,0,GACTCGGGAGTGGCATATGG,1,55496
TSS_1414_storz_regulondb,2.0,1,0,GACCAGCACGGGAAGCAAGA,1,10795
TSS_1414_storz_regulondb,2.0,1,0,GAAGCTTCTACCGGTGACCA,1,5534
TSS_1414_storz_regulondb,2.0,1,0,GAAAAAGGATGCCCTGCCTC,1,78758
TSS_1414_storz_regulondb,2.0,1,0,CTTTAATATTTGCCGGGCTC,1,14334
TSS_1414_storz_regulondb,2.0,1,0,CTGGGCGCTATACCGGCGTG,1,17773
TSS_1414_storz_regulondb,2.0,1,0,CTCGATGAAGCCTGATGATT,1,21536
TSS_1414_storz_regulondb,2.0,1,0,CTAGTTTGATAAATCATTGA,1,9602
TSS_1414_storz_regulondb,2.0,1,0,CTAAGGGGGTAGACTCATAT,1,15408
TSS_1414_storz_regulondb,2.0,1,0,CTAAAACTTAAGAGGGGCGC,1,60077
TSS_1414_storz_regulondb,2.0,1,0,CGTTTAACCGGTAATACAAG,1,5761
TSS_1414_storz_regulondb,2.0,1,0,CGTTCCATTCTTTCGGTTCC,1,48717
TSS_1414_storz_regulondb,2.0,1,0,CGTGGCTGAGCCTCCTCGTA,1,35774
TSS_1414_storz_regulondb,2.0,1,0,CGTCGCTCAGTTAATCTCCT,1,32018
TSS_1414_storz_regulondb,2.0,1,0,CGGTCTGCATTGAGCGAGCC,1,69463
TSS_1414_storz_regulondb,2.0,1,0,CGGAAACCGGCGAACAAACG,1,73799
TSS_1414_storz_regulondb,2.0,1,0,CGAAATATGTGCCTAGCAAA,1,48336
TSS_1414_storz_regulondb,2.0,1,0,CCTCATGATTGGGGCAGTCT,1,3192
TSS_1414_storz_regulondb,2.0,1,0,CCGCTCGCATACGTGAAATC,1,26246
TSS_1414_storz_regulondb,2.0,1,0,CCGCAGTTTCTTCTTCATTC,1,29533
TSS_1414_storz_regulondb,2.0,1,0,CCCTGTCTGTGGATAAGCCT,1,3621
TSS_1414_storz_regulondb,2.0,1,0,CCAGTCTTATGGGATGGTAC,1,26037
TSS_1414_storz_regulondb,2.0,1,0,CCAATAGTGACGGCACGACG,1,45535
TSS_1414_storz_regulondb,2.0,1,0,CACGGTTTTATAAAGTTAAA,1,34313
TSS_1414_storz_regulondb,2.0,1,0,CACGCGAACCCTTCACGAGG,1,76130
TSS_1414_storz_regulondb,2.0,1,0,CAAGGGATAAAGCAATCCCT,1,11445
TSS_1414_storz_regulondb,2.0,1,0,CAACCGTTGCAGGTAAATGT,1,29415
TSS_1414_storz_regulondb,2.0,1,0,CAAACTCTCATCTTGGCGCA,1,4956
TSS_1414_storz_regulondb,2.0,1,0,CAAACGCTGTAGTTCACGTC,1,73628
TSS_1414_storz_regulondb,2.0,1,0,CAAACCGATATAGGCCCAAG,1,55269
TSS_1414_storz_regulondb,2.0,1,0,CAAAAAGATTCGGGCAACCG,1,56309
TSS_1414_storz_regulondb,2.0,1,0,ATTGCAAGCGCTCCTTCCCC,1,50360
TSS_1414_storz_regulondb,2.0,1,0,ATTCGAGCAATTCTGAGTAG,1,7954
TSS_1414_storz_regulondb,2.0,1,0,ATGGAGTGTTAAGTCTTGCA,1,67990
TSS_1414_storz_regulondb,2.0,1,0,ATGGAGATACGTATTTATGT,1,46163
TSS_1414_storz_regulondb,2.0,1,0,ATGCCCACCCCAGAAACAAA,1,19627
TSS_1414_storz_regulondb,2.0,1,0,ATGCAATTCGGAACTGCGCG,1,79518
TSS_1414_storz_regulondb,2.0,1,0,ATCGTACTAGGTTTCCGCCG,1,75517
TSS_1414_storz_regulondb,2.0,1,0,ATCAGCCTCGCCGCTGTTCG,1,45445
TSS_1414_storz_regulondb,2.0,1,0,ATAAGCACTCGCGTCGCCTC,1,3884
TSS_1414_storz_regulondb,2.0,1,0,AGGAACGACTGCCTATGACA,1,14616
TSS_1414_storz_regulondb,2.0,1,0,AGCTAGCGACTGTTAATGCA,1,71145
TSS_1414_storz_regulondb,2.0,1,0,AGCGTGCGTAAACGTATCCA,1,37684
TSS_1414_storz_regulondb,2.0,1,0,AGAAAAAGTAAAAGCGGACT,1,39018
TSS_1414_storz_regulondb,2.0,1,0,ACTTGATGCGCAGGAAACTA,1,78274
TSS_1414_storz_regulondb,2.0,1,0,ACTCTATTGCTTTGCAGTCC,1,26995
TSS_1414_storz_regulondb,2.0,1,0,ACGTGTACTGTAAAGGTAGG,1,31473
TSS_1414_storz_regulondb,2.0,1,0,ACATGTATATTTCGTACCAT,1,38489
TSS_1414_storz_regulondb,2.0,1,0,AATATAGTATGAAATGGGTC,1,5539
TSS_1414_storz_regulondb,2.0,1,0,AAAACAAACACCCTCCTGTA,1,47361
