name,relative_counts,ct,ct_0,barcode,ct_1,barcode_ind
yahL_predicted,0.02023121387283237,351,345,AAAGGTCACAATGTTCAAGT,6,4512555
yahL_predicted,0.022388059701492536,135,133,ACCAAGGGAACCCTTCCAAC,2,4512316
yahL_predicted,0.021052631578947368,95,94,CCATGCTTGTGGGAGTGGAT,1,4512654
yahL_predicted,0.06097560975609756,85,81,AAAGAACGTCTAGACAACAA,4,4514116
yahL_predicted,4.1466666666666665,384,74,GTTCTGTATGGCCGATAGCT,310,4512099
yahL_predicted,0.04054054054054054,75,73,CCATTCTGACATGATCATGT,2,4512512
yahL_predicted,4.140845070422535,363,70,CTTTACTATGATTTCGCGCA,293,4529859
yahL_predicted,0.04411764705882353,69,67,TGTCCATTAGTCATGCTTCC,2,4539300
yahL_predicted,0.030303030303030304,66,65,CTTGATGGGATTGGTCTAAG,1,4512197
yahL_predicted,0.03125,64,63,CCTGTCCGCGTATGGCACTT,1,4512956
yahL_predicted,0.03225806451612903,62,61,GCGGTCGAATCCACGCTCAC,1,4514731
yahL_predicted,0.03225806451612903,62,61,GCCACTACTCGGGCACATTA,1,4529892
yahL_predicted,0.03278688524590164,61,60,TGGGGGGACTCCCCAGGCAG,1,4533308
yahL_predicted,5.180327868852459,375,60,GGTGTGCAAACCAACTGTGG,315,4540240
yahL_predicted,0.034482758620689655,58,57,GTTTTCGCTGACACCATGCA,1,4514216
yahL_predicted,0.03508771929824561,57,56,TAGTCAAATTCAGACATTCT,1,4515557
yahL_predicted,0.03508771929824561,57,56,ACTAATACATCTGTAGTTGG,1,4512496
yahL_predicted,0.03636363636363636,55,54,GCCACATTCGACAGGGCAAA,1,4539572
yahL_predicted,0.03636363636363636,55,54,CGGTTATCCGTATCAGGGAT,1,4520296
yahL_predicted,0.1111111111111111,58,53,ATGATCCTCCCGAGTGCGTA,5,4521505
yahL_predicted,0.03773584905660377,53,52,TTCTTATCAACAAACAGGCA,1,4517590
yahL_predicted,4.387755102040816,262,48,GGGGCCACAGGGAATCGTAA,214,4543462
yahL_predicted,0.0625,49,47,GGAGGTGTTGGTGTGGGTCG,2,4517558
yahL_predicted,0.0425531914893617,47,46,GGGCATTATCGGTAGGATCA,1,4534218
yahL_predicted,0.0851063829787234,49,46,GGCCATCATCTGTCCATCCT,3,4516659
yahL_predicted,5.673913043478261,305,45,TTTAGGTTTCTTTACAACGA,260,4512574
yahL_predicted,0.10869565217391304,49,45,GGGTATTTAGAAGTGATCTC,4,4513968
yahL_predicted,0.043478260869565216,46,45,GCCGGCAAGCTTTTGGCCTC,1,4520463
yahL_predicted,0.043478260869565216,46,45,GAGTGGCACAGGAGTGGGAT,1,4519637
yahL_predicted,3.422222222222222,197,44,GATTAGGACCGAAGTTTCAT,153,4538614
yahL_predicted,0.06818181818181818,45,43,ACTTAGGATCTTCCATATTG,2,4516635
yahL_predicted,0.11627906976744186,46,42,TGGTATAGTGTAATCTCGTA,4,4523918
yahL_predicted,0.046511627906976744,43,42,GGTCGAAGGCGGATGTAGCT,1,4519137
yahL_predicted,0.047619047619047616,42,41,TTGTAGGGCGTACTTACACA,1,4517081
yahL_predicted,0.047619047619047616,42,41,TCTGAATGGCCGTATAAAAG,1,4517319
yahL_predicted,0.09523809523809523,44,41,GCGACCTGAAGTCTTAGATA,3,4512936
yahL_predicted,0.047619047619047616,42,41,AGAATTCGGGATAACGGCCT,1,4539154
yahL_predicted,0.04878048780487805,41,40,GGGTTCACCCCCTCTGACCT,1,4527310
yahL_predicted,0.04878048780487805,41,40,AGGGGGACAGGCTGACTGTA,1,4526373
yahL_predicted,6.3,290,39,TTGAGACTTCTTCGGATCGG,251,4520397
yahL_predicted,3.325,171,39,GTCGCTAAACGTTGCATCTC,132,4520547
yahL_predicted,5.325,251,39,GCAACAGTGGGACCTGTCGG,212,4515260
yahL_predicted,0.15384615384615385,43,38,TGCAGCTACAAGGGCGACCC,5,4516681
yahL_predicted,0.1282051282051282,42,38,CCCGTGGTTGCCTGGGTCTT,4,4527920
yahL_predicted,7.605263157894737,325,37,TCCCCATCTTTGGAACGAAT,288,4525036
yahL_predicted,0.07894736842105263,39,37,GAACCCGTATAAGCAACCTG,2,4523203
yahL_predicted,0.05263157894736842,38,37,CCTTAATATACTCGTCGCAT,1,4543168
yahL_predicted,0.05405405405405406,37,36,CGACACGCGACCTATTCTCA,1,4522093
yahL_predicted,0.13513513513513514,40,36,CCTTCATATGTACCCACAAG,4,4517505
yahL_predicted,0.05555555555555555,36,35,GTCTCACCATGTTCATCCCA,1,4512804
yahL_predicted,0.05555555555555555,36,35,GTCGATGCCAGTGCGAGTGC,1,4535740
yahL_predicted,7.222222222222222,294,35,ACTAAGTGCAGCTTAAGGTA,259,4512831
yahL_predicted,0.08571428571428572,36,34,TCTGAGCAGTTGCTGATCAA,2,4526640
yahL_predicted,0.08571428571428572,36,34,GCTAGGAACCCGGGTAATGG,2,4538040
yahL_predicted,0.05714285714285714,35,34,GAAACAGTTGACTACGTACG,1,4521527
yahL_predicted,0.05714285714285714,35,34,AGTACTAACTTTACGAATCT,1,4516569
yahL_predicted,8.352941176470589,316,33,TGTGCGCACAGGAAGACCTA,283,4526716
yahL_predicted,0.058823529411764705,34,33,GACTGAGTCTGCTTGTCGAT,1,4514336
yahL_predicted,9.882352941176471,368,33,GAACTATCCTGCGTCTACCT,335,4515082
yahL_predicted,4.333333333333333,174,32,TCTGTCATGAGCGATACCTT,142,4513114
yahL_predicted,0.06060606060606061,33,32,GGGTACTCGTCTGACAAGTT,1,4538666
yahL_predicted,0.12121212121212122,35,32,CTCCCAGGGCGATTTCAGGT,3,4517739
yahL_predicted,0.09090909090909091,34,32,CCACGAGCATGGTGATGTAG,2,4531975
yahL_predicted,0.06060606060606061,33,32,CATAGCACTATAACCGGGAA,1,4515372
yahL_predicted,4.333333333333333,174,32,ACCGGTCACCTCGCTGGATA,142,4535233
yahL_predicted,0.09090909090909091,34,32,AACGGGGGGCGTCCTAACCG,2,4513026
yahL_predicted,8.75,310,31,TTTGGAGCAAGCATTTAGGT,279,4543284
yahL_predicted,0.0625,32,31,CATAATGGACAAGTCTGCGA,1,4527476
yahL_predicted,0.0625,32,31,AGCTGATCTGTGAGTATACG,1,4536376
yahL_predicted,4.25,166,31,AAGATCACGGCTAGATACCG,135,4526932
yahL_predicted,0.0625,32,31,AAAGGACCATAGAGAGCATT,1,4518640
yahL_predicted,8.483870967741936,292,30,TTTAGCAGGATCAAAAAACT,262,4519959
yahL_predicted,0.06451612903225806,31,30,GTACACGGCCATAAAGTCAT,1,4530441
yahL_predicted,8.451612903225806,291,30,GAATATGCGGGTTAACTTAA,261,4519576
yahL_predicted,0.06451612903225806,31,30,CGCTGGGACCAGAAGCAATG,1,4521576
yahL_predicted,0.06666666666666667,30,29,TTTAACAGACAGTTGCAGCC,1,4525876
yahL_predicted,9.266666666666667,306,29,TCCTGAGAACAAAGTTGATT,277,4515995
yahL_predicted,0.06896551724137931,29,28,TTGAGGTATACGTTTGATCG,1,4520913
yahL_predicted,0.06896551724137931,29,28,TATGGTATGTTGACCATCTC,1,4530753
yahL_predicted,0.06896551724137931,29,28,GTTCGATCTTGGTTTGCGCA,1,4535209
yahL_predicted,0.06896551724137931,29,28,GGGGCCTCAAACGGGGACGG,1,4530793
yahL_predicted,0.06896551724137931,29,28,CCGATAAGTCCTAATTTAAC,1,4533855
yahL_predicted,0.06896551724137931,29,28,CCCTGTATCGCCTCTAGGAG,1,4519914
yahL_predicted,0.10344827586206896,30,28,CATCCGGGAATTTGTTATCG,2,4539225
yahL_predicted,0.10714285714285714,29,27,TTCAGCAGGGAGAAACACGT,2,4526840
yahL_predicted,5.678571428571429,185,27,GTGTCGATCCGCACTAACGA,158,4541536
yahL_predicted,0.07142857142857142,28,27,GCTAGGCTGAGTCCAGGACT,1,4537414
yahL_predicted,0.07142857142857142,28,27,CGGGGCGCTGTAAGGCGGAG,1,4530886
yahL_predicted,0.07142857142857142,28,27,CATTATTCAACATGGAGTTC,1,4524848
yahL_predicted,0.07142857142857142,28,27,ATCGTAACGGTTAGAAGGAG,1,4534780
yahL_predicted,0.07142857142857142,28,27,ACTACGTACGTGTGCCTTAG,1,4517950
yahL_predicted,0.1111111111111111,28,26,TTAACAAAGAGCTGCGGATG,2,4532473
yahL_predicted,0.07407407407407407,27,26,CACTGGGGTCTCAGAAGTGA,1,4524033
yahL_predicted,0.07407407407407407,27,26,CACAGATATATTTTTAATGA,1,4526765
yahL_predicted,0.07407407407407407,27,26,ATGATTGCCATGCAACTATG,1,4515398
yahL_predicted,0.14814814814814814,29,26,AGACACAGTGTTTCCGCGGC,3,4512893
yahL_predicted,0.07692307692307693,26,25,TTGACGTCTTTTCTTTTCAC,1,4542452
yahL_predicted,0.07692307692307693,26,25,CTTGTACGAGACGGGCCGAC,1,4532631
yahL_predicted,0.11538461538461539,27,25,CGTCCCCCTCTTCGATGTAG,2,4516249
yahL_predicted,2.6153846153846154,92,25,CCGGGAGATATACACGGATA,67,4542608
yahL_predicted,10.346153846153847,293,25,CCGGAAGCGAACTCATTTCA,268,4519370
yahL_predicted,11.307692307692308,318,25,AGGCATCACGGCGGTGATCT,293,4533902
yahL_predicted,0.08,25,24,TTCCTTGCGCTGCAGAAGGC,1,4525945
yahL_predicted,9.4,258,24,TTAATTACCGGGAATTCACA,234,4542647
yahL_predicted,0.08,25,24,TTAAAAAAGACGGGGGGAAT,1,4515997
yahL_predicted,8.76,242,24,GGACAGTTCGTCTGGGGCTG,218,4513260
yahL_predicted,0.08,25,24,GCTACAGAATCGATCATTTC,1,4520502
yahL_predicted,0.08,25,24,GAGGGTGCGTATCGAGGCGA,1,4541956
yahL_predicted,0.08,25,24,CAGGCCTTCTGCGCGTGCAA,1,4537292
yahL_predicted,0.08,25,24,AATGGAATAGCACTTAAGCT,1,4526281
yahL_predicted,12.24,329,24,AATGCCTATAGAAAACTAAA,305,4523509
yahL_predicted,14.875,379,23,TGGCAGATTTCTAGCACCTC,356,4520778
yahL_predicted,0.08333333333333333,24,23,TCTTTTCTCTACTTTCATGT,1,4532270
yahL_predicted,6.541666666666667,179,23,GTGTACCCCGAGATGGTAGG,156,4516714
yahL_predicted,0.08333333333333333,24,23,GCACGTTTGCTATGTTACAG,1,4528821
yahL_predicted,0.125,25,23,GAAACCCAATTAAAAATCGA,2,4513572
yahL_predicted,0.08333333333333333,24,23,CTCGGTCCGATCTAGATGTT,1,4542106
yahL_predicted,4.958333333333333,141,23,AGTATCCAGATGGACTGACA,118,4529723
yahL_predicted,10.041666666666666,263,23,AAACCCGGTCTTTTAATCTG,240,4524666
yahL_predicted,0.08695652173913043,23,22,TTTGGTATATGTAATCATGT,1,4518630
yahL_predicted,12.130434782608695,300,22,TTTCCCCCCTTACCGATAAA,278,4531470
yahL_predicted,0.08695652173913043,23,22,TCCCACTTGGGGCACGGCCC,1,4535766
yahL_predicted,8.869565217391305,225,22,TCATAAAAATTATATCGGGA,203,4519737
yahL_predicted,13.652173913043478,335,22,GAGTACAGCGTTAGCGGCTG,313,4535235
yahL_predicted,0.13043478260869565,24,22,CTTCGACGAACGGCGGCAAC,2,4541918
yahL_predicted,0.08695652173913043,23,22,CATACCTGAGCAGAACTCTA,1,4528151
yahL_predicted,0.08695652173913043,23,22,AGCGTTACGCTCTTGACGGG,1,4518421
yahL_predicted,0.09090909090909091,22,21,TTAGCGAAGGCTAAAGCTGT,1,4522064
yahL_predicted,13.318181818181818,313,21,TGTACTCAGGGCGAACTTTA,292,4534958
yahL_predicted,0.13636363636363635,23,21,TGGATTCAAGCTAGCCAGAA,2,4514290
yahL_predicted,0.22727272727272727,25,21,GGTACCAAGTAACCATTGAA,4,4517377
yahL_predicted,0.09090909090909091,22,21,GGCGGGCCGTGTAAACTGGC,1,4539149
yahL_predicted,0.09090909090909091,22,21,GAGCAATTTGGTCCAGTCAG,1,4527469
yahL_predicted,0.22727272727272727,25,21,GACTTAGTGGAGGCAAACGA,4,4538915
yahL_predicted,13.772727272727273,323,21,GAAAGGGAGCAATGGGCAGT,302,4526843
yahL_predicted,9.863636363636363,237,21,CTCCCTGAACTCTAGACCGA,216,4543985
yahL_predicted,0.09090909090909091,22,21,CCGGCTGTTCGTCTTCAGAA,1,4521073
yahL_predicted,0.22727272727272727,25,21,CCGAAGCTGTATTGTTTCTG,4,4539843
yahL_predicted,0.09090909090909091,22,21,CAGCCCGGAGGACGCTTAGG,1,4531553
yahL_predicted,27.772727272727273,631,21,ATTCTTCCGATGACCACTTT,610,4522060
yahL_predicted,0.09523809523809523,21,20,TTGTATCTAGGAACTTGGCG,1,4522852
yahL_predicted,9.238095238095237,213,20,TGGTAGAGGGTGATAGCTGA,193,4517930
yahL_predicted,0.6190476190476191,32,20,TCAATACATTGCAAGGATAA,12,4518128
yahL_predicted,26.38095238095238,573,20,GTAATTTCAGATACGCCTAA,553,4542561
yahL_predicted,0.09523809523809523,21,20,GCGTCTAGGTCTCTAATCTC,1,4528971
yahL_predicted,0.09523809523809523,21,20,GATTATATCAGTTTCGATAT,1,4534901
yahL_predicted,0.09523809523809523,21,20,GATGGGTTGCAGAAGATTTC,1,4535396
yahL_predicted,0.14285714285714285,22,20,CTCCATCGCTTATTTCGATC,2,4531146
yahL_predicted,0.14285714285714285,22,20,ATGGGCATCTTCCAAGAGCA,2,4527043
yahL_predicted,15.952380952380953,354,20,AACTGACTTGTTTAAAGGGT,334,4528361
yahL_predicted,0.2,22,19,TTGACATCAGGATTATGACC,3,4513885
yahL_predicted,0.1,20,19,TACTGTCGGGATTGATTCGA,1,4514011
yahL_predicted,13.0,278,19,GTAATTTTGCGACCGAGTTG,259,4535539
yahL_predicted,0.15,21,19,GGACTTTTATCCATCCATCG,2,4529150
yahL_predicted,0.1,20,19,GCCTGAAAAGGTAAGATTCG,1,4542775
yahL_predicted,0.1,20,19,CTTTGAGAATACACCTCCTA,1,4532133
yahL_predicted,0.2,22,19,CGTTCTTGGGACGCCTTAAG,3,4534845
yahL_predicted,0.1,20,19,CCTAATTAACGAAGGGAAGC,1,4526338
yahL_predicted,0.1,20,19,CAGGTCGTCCAGTACTCTCA,1,4517519
yahL_predicted,12.75,273,19,CAGACCCGAAGCAGATACGC,254,4518037
yahL_predicted,0.10526315789473684,19,18,TGTGTGGCATTTAGACGTCA,1,4534999
yahL_predicted,14.736842105263158,297,18,TGTGGCGGCACTTACTGCTC,279,4519007
yahL_predicted,0.10526315789473684,19,18,TGTCGTTCCTCTGTAAGATT,1,4514755
yahL_predicted,0.10526315789473684,19,18,TGATTTCAGAACATCGGTAA,1,4538728
yahL_predicted,0.10526315789473684,19,18,TGAAATTGTGATAGCCGTAT,1,4524094
yahL_predicted,14.526315789473685,293,18,TCGGTGAACTAGGGCGTGGA,275,4512756
yahL_predicted,0.10526315789473684,19,18,TAACGCCGTTCTGAGGATAT,1,4543135
yahL_predicted,0.10526315789473684,19,18,GGCCAAGGAGGCGAATCGAA,1,4538424
yahL_predicted,0.10526315789473684,19,18,GATGTGGCGTTCATGTGCTG,1,4517164
yahL_predicted,0.10526315789473684,19,18,CGGGTTTCTAGTAGCACAAC,1,4520024
yahL_predicted,0.10526315789473684,19,18,CGACTATGGGTCCAAAGCAT,1,4528423
yahL_predicted,0.15789473684210525,20,18,CCATGGAATTCTTCTCCTTA,2,4529724
yahL_predicted,0.10526315789473684,19,18,ATCATTACCACTTGCTTTGA,1,4525156
yahL_predicted,0.10526315789473684,19,18,AATAGGGTTTGAGGCTGCTC,1,4523959
yahL_predicted,0.1111111111111111,18,17,TTGCGGGATAGGAGGTAAAA,1,4536389
yahL_predicted,0.1111111111111111,18,17,TCTTGCTATTAATTTCAAGC,1,4533371
yahL_predicted,0.16666666666666666,19,17,TACCATCCGATCGACCGGTT,2,4531922
yahL_predicted,0.1111111111111111,18,17,TACAAGATGAAATGTCCCGG,1,4526906
yahL_predicted,12.333333333333334,238,17,GTGTAACGGGCCTTGCCGCG,221,4519724
yahL_predicted,0.1111111111111111,18,17,GGCAGCCAGCTTGGGTGCAA,1,4516774
yahL_predicted,0.1111111111111111,18,17,GCAGGTATGCCACTAAGCTG,1,4515088
yahL_predicted,16.27777777777778,309,17,CCGTTCCGAGCTTGGATAAC,292,4530638
yahL_predicted,0.3333333333333333,22,17,ATGGAAGTTGTTGTTCCAAC,5,4521943
yahL_predicted,0.1111111111111111,18,17,AGAAAGTATGCTATACAAGG,1,4517013
yahL_predicted,17.166666666666668,325,17,AAAAATTCCAGGTAATCTCG,308,4517060
yahL_predicted,0.11764705882352941,17,16,TGTCACGCCGGGATGATGTA,1,4519912
yahL_predicted,62.88235294117647,1084,16,TGCGAACATCATCGCCACGG,1068,4541684
yahL_predicted,0.11764705882352941,17,16,TAGGTGGGTTTGTGTGTTCA,1,4528386
yahL_predicted,15.235294117647058,274,16,GTTTACGGCGCCGCATTTCA,258,4514756
yahL_predicted,32.705882352941174,571,16,GTCATCTCGATCGTTGCCGC,555,4527473
yahL_predicted,3.411764705882353,73,16,GGCGCCCTTACATAGTGAAG,57,4524092
yahL_predicted,8.647058823529411,162,16,GGCCCCCCATATCAGCCAGC,146,4525021
yahL_predicted,0.11764705882352941,17,16,GCGCGGTTAATCAACATCCT,1,4524404
yahL_predicted,0.11764705882352941,17,16,GCCGGCATGCATCGGGTAAA,1,4523593
yahL_predicted,0.11764705882352941,17,16,CGCTTAGTAAAAGGCCTTCT,1,4539147
yahL_predicted,0.23529411764705882,19,16,CATCTCGCTATCACGCGAGA,3,4517131
yahL_predicted,0.11764705882352941,17,16,CAGTACCCCCCATAGGGTCC,1,4524793
yahL_predicted,0.17647058823529413,18,16,CACTACTTTTGCTGAGGTCT,2,4534562
yahL_predicted,0.17647058823529413,18,16,CAACCACGGAGTCATCCAAG,2,4518385
yahL_predicted,0.3125,19,15,TCGTCTTGAAGCATACACAG,4,4518762
yahL_predicted,0.125,16,15,TCGCCCGCAGGGGACTACGA,1,4519499
yahL_predicted,36.1875,593,15,TAGGTCCAGGAATGGTTCCA,578,4523717
yahL_predicted,15.5625,263,15,GTCGAATTAACCACCTGGGC,248,4523252
yahL_predicted,0.125,16,15,GAGCACTAAACTTAGTGGTT,1,4530483
yahL_predicted,0.125,16,15,CCTCGGCATCGGAAGCGTGT,1,4521954
yahL_predicted,0.125,16,15,CAATGATCAACAGCCGTGCA,1,4522452
yahL_predicted,0.125,16,15,ATGTCTTGAAATTCGTCTAT,1,4535769
yahL_predicted,0.125,16,15,AGTGGCAGTCATTGCCGGGT,1,4524960
yahL_predicted,0.125,16,15,AGGTCGGCCAATAATGCACC,1,4519340
yahL_predicted,0.2,16,14,TTGTGCCCTGTTCGAAGGAC,2,4532964
yahL_predicted,0.3333333333333333,18,14,TTCAATGCGTTCATGGGTAC,4,4516777
yahL_predicted,4.466666666666667,80,14,TGTAAATTGATCGTGTCGGG,66,4512683
yahL_predicted,15.533333333333333,246,14,TCCCGCTGATTCCCGACAGT,232,4515013
yahL_predicted,0.13333333333333333,15,14,TAGGGTAATCAGTCGTCGAG,1,4527994
yahL_predicted,0.2,16,14,GATTTTCGAGCTTGTAACGT,2,4527364
yahL_predicted,30.066666666666666,464,14,CTGTTCCTGTCGGCTCAGCG,450,4514965
yahL_predicted,0.13333333333333333,15,14,CTCAGACAATACGCGCAGGG,1,4527353
yahL_predicted,0.4666666666666667,20,14,CGAATTAAAAATTGTGCAAC,6,4531653
yahL_predicted,0.26666666666666666,17,14,CCTTGTCCCGTGACCAAAGC,3,4524335
yahL_predicted,0.2,16,14,CCGAGTAAAACCGAGGTCAT,2,4517520
yahL_predicted,0.13333333333333333,15,14,ACTCGCTAGTTAAAGCTGTA,1,4534588
yahL_predicted,0.13333333333333333,15,14,AATCTGATTAGCGGTTACCC,1,4531396
yahL_predicted,0.14285714285714285,14,13,TCTTGAACGGCCATCAATTT,1,4529595
yahL_predicted,0.2857142857142857,16,13,TCGTTGCTATCCTTTCGTAA,3,4527281
yahL_predicted,0.14285714285714285,14,13,TCACAGCATGGGTTAACAGA,1,4536045
yahL_predicted,0.14285714285714285,14,13,GTCTGAAATTATCGCAGAAT,1,4530240
yahL_predicted,0.14285714285714285,14,13,GATCTGGACCATAGGTATGT,1,4535627
yahL_predicted,0.21428571428571427,15,13,GAGCTTAGTCCCATGAAGTG,2,4537190
yahL_predicted,0.14285714285714285,14,13,GAATTGTTTGCAGAGCCGTC,1,4520514
yahL_predicted,0.14285714285714285,14,13,CTCGACGGAGCATGATCGAC,1,4525425
yahL_predicted,0.14285714285714285,14,13,CGGGTCCGAGCAACTGGTTT,1,4533724
yahL_predicted,0.14285714285714285,14,13,CGACGGTCCCAGCTAACGGT,1,4539281
yahL_predicted,0.14285714285714285,14,13,CCGTCTGGTCCACAACTGCT,1,4539408
yahL_predicted,0.14285714285714285,14,13,CCCGGAAGGATCATGTCCAA,1,4512782
yahL_predicted,0.21428571428571427,15,13,CCCAGCTTTGAATTCAGATC,2,4537609
yahL_predicted,0.21428571428571427,15,13,CATCGACCAGACGCTCGCCA,2,4521467
yahL_predicted,0.14285714285714285,14,13,ATTTCCCGGATCTCTTTCCA,1,4519965
yahL_predicted,0.2857142857142857,16,13,ATTAGGGAAACAAACTGTAG,3,4524029
yahL_predicted,17.857142857142858,262,13,ATCTGGGATCAAAAGGTACA,249,4534695
yahL_predicted,0.14285714285714285,14,13,AGGGTCGCGTTGGTCGGATT,1,4532934
yahL_predicted,12.0,180,13,ACCGACAATTGGTCGGTGGA,167,4544167
yahL_predicted,0.5384615384615384,18,12,TGTGACGGTAGTGGAATCGC,6,4513297
yahL_predicted,0.46153846153846156,17,12,TGGTGGAACAGAGCCTGTTT,5,4516773
yahL_predicted,0.15384615384615385,13,12,TGGGCATTACTGTGTCGGTG,1,4513595
yahL_predicted,0.15384615384615385,13,12,TGCGAAATAGTGGTTAGTGA,1,4525464
yahL_predicted,0.15384615384615385,13,12,GTGACGTAAAGGTTTCCAAT,1,4535880
yahL_predicted,0.15384615384615385,13,12,GGGAAATCGGATGTATGAAC,1,4537674
yahL_predicted,20.0,271,12,GCAAACCAGTCCCGCATGCT,259,4534145
yahL_predicted,0.15384615384615385,13,12,CTCTTACCACTGGGATAAAA,1,4537705
yahL_predicted,0.15384615384615385,13,12,CTCCGCATGTGTTTCGACAC,1,4542841
yahL_predicted,0.15384615384615385,13,12,CTCCGAACAATCGGCCGCGG,1,4518442
yahL_predicted,0.15384615384615385,13,12,CGGGTTCGGTGTTGATTTCA,1,4538404
yahL_predicted,0.15384615384615385,13,12,CAAGTGTTCCCGCTATGTAG,1,4541729
yahL_predicted,0.15384615384615385,13,12,ATTATGATTGAATCTTGGTC,1,4524353
yahL_predicted,0.15384615384615385,13,12,AGTTCAAGGTTGGAACTTGG,1,4520884
yahL_predicted,0.15384615384615385,13,12,ACGTGGTCAGTTCAGCGAAT,1,4536988
yahL_predicted,0.15384615384615385,13,12,ACCCGCCCGGTGGTAAGCAT,1,4531073
yahL_predicted,21.23076923076923,287,12,AACCCCGCTTTGAATCTCAA,275,4534852
yahL_predicted,18.166666666666668,228,11,TTTAAACGAACGTGCGTGCT,217,4541030
yahL_predicted,0.16666666666666666,12,11,TTCAAGTATAATCGACCCCT,1,4515986
yahL_predicted,0.25,13,11,TCCTTGTTCGAAGTCCCATG,2,4543414
yahL_predicted,10.166666666666666,132,11,TCAAAAGCAGTTAATTGTTA,121,4528381
yahL_predicted,22.333333333333332,278,11,TATGTTCCTATAACATCACC,267,4526394
yahL_predicted,0.16666666666666666,12,11,TACTTACGGCCTCTGCCTTT,1,4541548
yahL_predicted,0.3333333333333333,14,11,GTTGATGAAAGGACCGCCGT,3,4526022
yahL_predicted,0.16666666666666666,12,11,GTTCCGAAAATCAGTTCCTA,1,4534100
yahL_predicted,20.833333333333332,260,11,GTAGATATGATTTTGGTTGC,249,4518754
yahL_predicted,0.25,13,11,GGGCACGGTGCGTAGCTCAA,2,4523019
yahL_predicted,12.0,154,11,GGGACACCCTTCAATATTGA,143,4532833
yahL_predicted,0.16666666666666666,12,11,GGCTCAGTAGAGTGGGTGGG,1,4513785
yahL_predicted,0.3333333333333333,14,11,CCCACGGTCGCGTCAATAGA,3,4530047
yahL_predicted,0.25,13,11,CAGGGAAGAGACCCACAGGC,2,4516366
yahL_predicted,0.16666666666666666,12,11,ATAACAATCCTTCTATCAGA,1,4516751
yahL_predicted,0.25,13,11,AGTGGGTCCATGGTCAGTTG,2,4538691
yahL_predicted,0.25,13,11,ACTGTGTATCAGGTAAGGAT,2,4512977
yahL_predicted,0.16666666666666666,12,11,ACTGTCTCGTCGTTCAATAC,1,4525922
yahL_predicted,0.16666666666666666,12,11,ACTGCAGGTGCTGTATCGCA,1,4542669
yahL_predicted,24.333333333333332,302,11,AACAGGGCCTATTCATTATA,291,4523371
yahL_predicted,0.18181818181818182,11,10,TTGTGTTCGCTGGCTAAGTC,1,4538931
yahL_predicted,0.18181818181818182,11,10,TGGTACTGGATGCTGATGCG,1,4513597
yahL_predicted,29.272727272727273,331,10,TAATGCAACACCCCTGCGTT,321,4523473
yahL_predicted,0.18181818181818182,11,10,GTGTAATGTTTCGCAACGAA,1,4521168
yahL_predicted,0.18181818181818182,11,10,GCTTACTTAACATTATTACT,1,4528657
yahL_predicted,0.18181818181818182,11,10,GATTTAAATGCTTCGGCGGC,1,4540643
yahL_predicted,0.18181818181818182,11,10,GACAGTTCTGTGTAAAGAGA,1,4520892
yahL_predicted,0.45454545454545453,14,10,CTTAGTAAGCTGTCGCGCCC,4,4534944
yahL_predicted,0.18181818181818182,11,10,CGAACCATTATGGGATTGAG,1,4530663
yahL_predicted,0.18181818181818182,11,10,CCGGTCTAATGTCTGTTTGA,1,4513982
yahL_predicted,22.272727272727273,254,10,CCGCACTGCGACTTTTCCCC,244,4527128
yahL_predicted,28.181818181818183,319,10,CAGCCTCAAACATGGTAGCC,309,4534556
yahL_predicted,0.2727272727272727,12,10,ATTATAGTAGTGGGTGAAGT,2,4535215
yahL_predicted,26.545454545454547,301,10,ATGAGGCTGGTCTCGTAAAT,291,4525153
yahL_predicted,0.18181818181818182,11,10,ACTTCCGTGGTAGGGAATGT,1,4517016
yahL_predicted,0.18181818181818182,11,10,ACTGCTCGTGGGTTGGATGT,1,4536909
yahL_predicted,0.18181818181818182,11,10,ACTGCGACCAGGTCCGAGCA,1,4529292
yahL_predicted,0.18181818181818182,11,10,ACTAGCTTATCGGGATCCTG,1,4516936
yahL_predicted,0.18181818181818182,11,10,ACAAGGAGCTGTGAGGAACA,1,4529987
yahL_predicted,0.18181818181818182,11,10,AACTTACTTTCACGTTTCCC,1,4527605
yahL_predicted,21.7,225,9,TTCCGATATGGGATGCACGT,216,4540419
yahL_predicted,25.3,261,9,TTAGTCGTTCCAGCTAGTTA,252,4532271
yahL_predicted,0.5,13,9,TGTGGTATGTAGGCCTCCAC,4,4515921
yahL_predicted,0.2,10,9,TGAATGCCTATTGGCTTTCG,1,4530554
yahL_predicted,0.3,11,9,TAAGCTACAGCGAGCTCTAC,2,4521847
yahL_predicted,7.4,82,9,GGTCTGGCAGCGGTTGTAGT,73,4515346
yahL_predicted,0.2,10,9,GGATCGTCGGGTTTGTAACC,1,4529971
yahL_predicted,0.2,10,9,GCCCATCTGCAGCGAGCGGT,1,4525391
yahL_predicted,0.5,13,9,CCTGTCCGTCTGAATAGCAG,4,4520922
yahL_predicted,0.2,10,9,CCTCTCGCTGCGCATGTAAT,1,4515682
yahL_predicted,0.2,10,9,CCAACTATCCCGAACGGTGA,1,4543290
yahL_predicted,0.2,10,9,CATGTACGCAATTTCGGTAA,1,4520506
yahL_predicted,0.2,10,9,AGAACTTATGATTAAGTCCA,1,4535219
yahL_predicted,0.2,10,9,ACCATTTAGCGTATATGCTT,1,4522108
yahL_predicted,0.2222222222222222,9,8,TTCACAAGCCAGCTTTGCTG,1,4541484
yahL_predicted,0.2222222222222222,9,8,TGTACTCGGAGTAGAATAAA,1,4530581
yahL_predicted,0.2222222222222222,9,8,TGGGATTAGGGGTTCCTGTG,1,4525384
yahL_predicted,0.2222222222222222,9,8,TCACACGCGTCTGGCGCTGT,1,4542562
yahL_predicted,0.2222222222222222,9,8,TATCGGCACCTTATCGATTG,1,4529290
yahL_predicted,0.2222222222222222,9,8,TATCGATCGAAAGAACGACA,1,4526678
yahL_predicted,0.5555555555555556,12,8,TAGGACACGCGATAATCCTT,4,4532106
yahL_predicted,0.2222222222222222,9,8,GTTGCGGTATTGATTGAATT,1,4517952
yahL_predicted,0.2222222222222222,9,8,GTCCTTTTCTTCGGGAGGTA,1,4536672
yahL_predicted,18.11111111111111,170,8,GTAATGATACGAGTTGGTAC,162,4525084
yahL_predicted,61.0,556,8,GGGAATTCTACAATCGTCGC,548,4542685
yahL_predicted,0.3333333333333333,10,8,GGCATTTTGGCATCGTACTA,2,4513319
yahL_predicted,0.2222222222222222,9,8,CTTTATTTGTTTGAAAGTCG,1,4518611
yahL_predicted,0.2222222222222222,9,8,CTGGCAATGTGTGAAAACTG,1,4542469
yahL_predicted,0.4444444444444444,11,8,CTCATCACGGTGAATGCAAA,3,4515958
yahL_predicted,0.2222222222222222,9,8,CGTTAACTTGGGCGTCCCAT,1,4523451
yahL_predicted,0.2222222222222222,9,8,CGGACTTGGATTCAATTGAA,1,4518968
yahL_predicted,32.888888888888886,303,8,CGCGATCTCTTCTGATTCCC,295,4537512
yahL_predicted,0.2222222222222222,9,8,CGACGGGATGTCGTGCTGCT,1,4541791
yahL_predicted,0.3333333333333333,10,8,CCTACGTAACCAGCGCAGTG,2,4523715
yahL_predicted,0.2222222222222222,9,8,CACCGGACACTGGGAGTTCA,1,4524078
yahL_predicted,0.5555555555555556,12,8,ATCATACCGCGAACCAGGAA,4,4523131
yahL_predicted,0.2222222222222222,9,8,ATACAATAGTGTAGGGGAAT,1,4535764
yahL_predicted,0.2222222222222222,9,8,AGTTCTCAATGGTCACAGAG,1,4525555
yahL_predicted,0.2222222222222222,9,8,AGTCACTACTGCCTGCCACG,1,4529534
yahL_predicted,32.666666666666664,301,8,AGTACCGCGTTCCTTGATTA,293,4518613
yahL_predicted,27.555555555555557,255,8,ACTCTGCCGGACGCCTAATG,247,4526120
yahL_predicted,0.2222222222222222,9,8,ACGGTCCACACGGGATTTTC,1,4520103
yahL_predicted,26.0,241,8,AATCTGCTTGTAGAAAGGTA,233,4525851
yahL_predicted,0.5555555555555556,12,8,AACGCAGCGCGCTTAGCTGA,4,4530930
yahL_predicted,0.2222222222222222,9,8,AAATCCTAGGGACTGCGCTT,1,4529159
yahL_predicted,0.25,8,7,TTGACGTATTCGCCAGCCGG,1,4514686
yahL_predicted,0.5,10,7,TTCCGACTTCGAACAGGATA,3,4538297
yahL_predicted,0.25,8,7,TGGGGATCAGGATAGCATCT,1,4531869
yahL_predicted,0.25,8,7,TGGAGCCGAGTGCGGGGGTG,1,4520570
yahL_predicted,0.25,8,7,TCTGTCTATCATGCCATGTA,1,4529004
yahL_predicted,0.25,8,7,TCGTCCTGTTGGCTTAGGCT,1,4532222
yahL_predicted,41.875,341,7,TCGGCAGCCGTCCTCTTAAG,334,4515284
yahL_predicted,29.75,244,7,TCCAGGGTGGCGTCCGGGAA,237,4540839
yahL_predicted,0.25,8,7,TCAAGAGGCGTCAGGAGATG,1,4523110
yahL_predicted,14.375,121,7,TATTGGATACCTTCCAGTAT,114,4512298
yahL_predicted,0.25,8,7,TAAGGGTGAAACAGATTAGC,1,4520167
yahL_predicted,0.375,9,7,GTGGGGTCTAGTTAAGTGTT,2,4515445
yahL_predicted,0.375,9,7,GCACAGTATCGATAGTAATT,2,4543832
yahL_predicted,0.25,8,7,GACATCCTCCCCCGTACTTT,1,4525467
yahL_predicted,0.25,8,7,GAATAATGAATCGGTGCCTA,1,4513720
yahL_predicted,0.25,8,7,GAAGCCGGCATAAACGTCCA,1,4516592
yahL_predicted,0.25,8,7,CGTGAAACCACTGAGCCGCG,1,4525294
yahL_predicted,0.25,8,7,CCCCGGCTGACGCGATTCAT,1,4520318
yahL_predicted,0.25,8,7,CAGGTGTCGCAGCGCGCAGA,1,4532119
yahL_predicted,10.125,87,7,ATTTGAGTTGAGTTGAACGA,80,4527280
yahL_predicted,0.25,8,7,ATTTAAAGAATACGCCTAAT,1,4526285
yahL_predicted,0.375,9,7,AGTACACAAGGTTAGCAGGC,2,4540865
yahL_predicted,23.875,197,7,AGGGGGCCTGGTAGCGCCAT,190,4538567
yahL_predicted,0.5,10,7,AGCTAGTCCCCCATTGCCAG,3,4532812
yahL_predicted,0.25,8,7,AGCCCGTCAAATAATCCTGA,1,4513847
yahL_predicted,0.25,8,7,ACTCTGGCCCAGACGTGTCA,1,4534721
yahL_predicted,0.25,8,7,ACTCATGTTTTCTACTCGCT,1,4529244
yahL_predicted,0.25,8,7,AAGAAGAGGGTACCACGAGC,1,4537551
yahL_predicted,36.75,300,7,AACAGACCATAACACTATCT,293,4538956
yahL_predicted,0.5,10,7,AAAAAAGCGGCATCCTGGCG,3,4529490
yahL_predicted,0.8571428571428571,11,6,TTGTACCTTCTGAGAATTTG,5,4544099
yahL_predicted,0.2857142857142857,7,6,TTCCGAATCGCTGAAGCAAC,1,4526760
yahL_predicted,42.42857142857143,302,6,TCCTCAAGCTAAAGCTGCGA,296,4541205
yahL_predicted,37.142857142857146,265,6,TATGGACTTATTTGCGGGAC,259,4543400
yahL_predicted,0.2857142857142857,7,6,GTCGGCAGAGTACGCTATGT,1,4518608
yahL_predicted,36.57142857142857,261,6,GGTGCCACCATAGTTCCAAA,255,4534521
yahL_predicted,0.2857142857142857,7,6,GGTCAGTTCTTCAAATTCCG,1,4524660
yahL_predicted,0.2857142857142857,7,6,GGTAATCAATACGCGCAAGT,1,4532630
yahL_predicted,18.285714285714285,133,6,GGCTTAAATCCTGAACAAGT,127,4539634
yahL_predicted,0.2857142857142857,7,6,GGCTGTAGATGTCACAACAA,1,4532135
yahL_predicted,0.2857142857142857,7,6,GGCCTTAGATCGAGGTCCAG,1,4527484
yahL_predicted,0.2857142857142857,7,6,GCTCTCAACATACCTAGGTC,1,4532790
yahL_predicted,0.2857142857142857,7,6,GCTCGGGATAGCCCCTTGTA,1,4516284
yahL_predicted,0.2857142857142857,7,6,GCGTTTGTATCCTAGACGTT,1,4537208
yahL_predicted,0.42857142857142855,8,6,GATGCCGGAACGTGATACTT,2,4518331
yahL_predicted,0.2857142857142857,7,6,GAATTATGTTACTACACACT,1,4544071
yahL_predicted,0.2857142857142857,7,6,GAACTTCAAACGTACCTCCC,1,4529285
yahL_predicted,40.42857142857143,288,6,CTCTATCGGTTTTGTGAAGA,282,4542704
yahL_predicted,39.57142857142857,282,6,CTCACAATTAATGCTCCATA,276,4523942
yahL_predicted,0.2857142857142857,7,6,CGCGAGCCACAACCACTGAT,1,4538176
yahL_predicted,32.0,229,6,CCTGAGTGCTCCACTGACCG,223,4521932
yahL_predicted,0.2857142857142857,7,6,CACAATAAAGGTTAGTCATG,1,4526459
yahL_predicted,0.2857142857142857,7,6,CAAGGTCGTGTTAGCTCGAA,1,4533544
yahL_predicted,9.571428571428571,72,6,CAACTGCGATCGATAGCGGG,66,4538768
yahL_predicted,0.5714285714285714,9,6,ATAGTGAGGATGAACAATTA,3,4537559
yahL_predicted,0.2857142857142857,7,6,ATAGGATCACGGTCTCCAGA,1,4536223
yahL_predicted,39.714285714285715,283,6,AGGCCGTATGTCCAGGTCCT,277,4513593
yahL_predicted,85.57142857142857,604,6,AAACAACGGCACCTCCAACG,598,4522605
yahL_predicted,0.3333333333333333,6,5,TTTTGTGTTTTATACCAAAT,1,4520515
yahL_predicted,0.3333333333333333,6,5,TGCTGTGGCTCGTGGCTTCT,1,4519674
yahL_predicted,40.166666666666664,245,5,TCTGGACTTCCCGTTTCCTC,240,4515869
yahL_predicted,0.6666666666666666,8,5,TACGATAAAGGTCGCCTAAA,3,4539037
yahL_predicted,0.3333333333333333,6,5,GTGAACTACCTGATAACCAA,1,4527330
yahL_predicted,90.16666666666667,545,5,GGGCGCTCTCCCCATAGTTT,540,4524632
yahL_predicted,45.333333333333336,276,5,GGGCGCCAAAACAGCCACTT,271,4527079
yahL_predicted,23.333333333333332,144,5,GCACAATGTGTTCGATATGC,139,4539862
yahL_predicted,0.8333333333333334,9,5,GAGCTTCTGGGAGGCGACTT,4,4537456
yahL_predicted,0.3333333333333333,6,5,GAGCTGACTTGTAGTACGAT,1,4536130
yahL_predicted,0.3333333333333333,6,5,CTGACTCAAATGGTAATAGG,1,4512864
yahL_predicted,0.8333333333333334,9,5,CTAGTATGTCTACGGGATTG,4,4538505
yahL_predicted,0.5,7,5,CGTTTATTCAACCCCGTAGA,2,4537712
yahL_predicted,0.3333333333333333,6,5,CGTTCGTCTTCCTGGGGTAT,1,4513242
yahL_predicted,0.5,7,5,CCATAATTCCAACTTACCGG,2,4533464
yahL_predicted,0.3333333333333333,6,5,CAGGTGCCGTCTTGCGCGAC,1,4524846
yahL_predicted,0.3333333333333333,6,5,ATAGTATGACACTCCATTGA,1,4522531
yahL_predicted,0.5,7,5,AGGGGGGACCCCATGGCGCT,2,4512535
yahL_predicted,0.3333333333333333,6,5,AATCGATGCGGACGACAATT,1,4536312
yahL_predicted,0.4,5,4,TGGCAACTCAGGCGTTGGTC,1,4535061
yahL_predicted,79.8,402,4,TCTCATCATTGCACGGCGGA,398,4527061
yahL_predicted,0.4,5,4,TCCTTCGTACATGGCGAATA,1,4530700
yahL_predicted,0.4,5,4,TCACAGCAGAAACGATAGTT,1,4524408
yahL_predicted,0.6,6,4,TAGCCCGTCCTTGGATGACA,2,4529587
yahL_predicted,0.4,5,4,TAGATTGTCCCAAGTTGACG,1,4534294
yahL_predicted,0.4,5,4,GTCCGAAGAGGCATATCGCA,1,4533342
yahL_predicted,0.4,5,4,GTATAGGCATGGAGTTACAG,1,4523668
yahL_predicted,0.4,5,4,GGTCCTGCCCTGTTGAAATC,1,4536544
yahL_predicted,0.4,5,4,GCTTGGTCAATACCTGCTCT,1,4543083
yahL_predicted,0.4,5,4,GCGTGGCAAGGATGGTGAGA,1,4537337
yahL_predicted,56.2,284,4,GCCGAAGGAAGCATCCTGGC,280,4513271
yahL_predicted,0.4,5,4,GATAGGGTATTGCTACACTT,1,4543241
yahL_predicted,58.0,293,4,GACTTGCTCACCACAGGAAA,289,4536473
yahL_predicted,0.4,5,4,GACCATTCATGTGGTCACGT,1,4533641
yahL_predicted,0.4,5,4,CTTACATCGCACTACATTTC,1,4527126
yahL_predicted,0.4,5,4,CTATCCATGTAGTTCTGTCT,1,4517133
yahL_predicted,0.4,5,4,CTAAACATATATTCAATGCC,1,4528898
yahL_predicted,0.4,5,4,CCTAAACAGGGAAGCGTACG,1,4519594
yahL_predicted,0.4,5,4,CATAACTAACTAAAAGTATC,1,4530247
yahL_predicted,27.2,139,4,ATTTGGGTGTTGGGCGGGGT,135,4534909
yahL_predicted,0.4,5,4,ATGCGTTACATTGGACCGGT,1,4522247
yahL_predicted,0.4,5,4,ATATCTCCTCCTGTACATAT,1,4532933
yahL_predicted,63.8,322,4,AGTTAGTTCGTTTGCGTGAA,318,4531579
yahL_predicted,0.6,6,4,ACCATTGTCGATGGCTGACC,2,4534889
yahL_predicted,42.2,214,4,AACGCTAATGAAGTCAGTTG,210,4524193
yahL_predicted,0.4,5,4,AAAACACTGATCATCTAAAC,1,4538927
yahL_predicted,0.5,4,3,TTCATCTTTGCAAGCATTAC,1,4520833
yahL_predicted,0.75,5,3,TACGTTATGTGGCAGCAGTA,2,4532424
yahL_predicted,1.25,7,3,GTTAAGATTAATTCGGGTGG,4,4515732
yahL_predicted,0.5,4,3,GTGACACTAACTGCGTTGGA,1,4527143
yahL_predicted,0.75,5,3,GGTTCGCGGAGTTCTCGTGG,2,4516043
yahL_predicted,0.5,4,3,GGATCTAGCGTGGGGGCAGT,1,4523075
yahL_predicted,84.5,340,3,GCCGGTGCGGATACAGCATC,337,4532039
yahL_predicted,0.75,5,3,CTCCCTAGCATGCAAGAGGG,2,4514851
yahL_predicted,1.75,9,3,CGACCGTGCAGACGGTATGT,6,4519152
yahL_predicted,0.5,4,3,CCGGATATCAAGGTACATGT,1,4544256
yahL_predicted,66.75,269,3,CACATATTGCGTAGTCGGAC,266,4535288
yahL_predicted,0.5,4,3,CAATCATAGCTCATTCTAAC,1,4512113
yahL_predicted,0.5,4,3,ATTTTATTGCCGGGCTATGA,1,4529423
yahL_predicted,1.0,6,3,ATATAGAATACTTGGGACCA,3,4518970
yahL_predicted,0.5,4,3,ATAAAGGCAGAGAGTCACAG,1,4540141
yahL_predicted,0.75,5,3,AACCTTTTTCCGGAAGAGGC,2,4523718
yahL_predicted,0.6666666666666666,3,2,TTTTGTAGCCGGAGGCCACT,1,4524463
yahL_predicted,0.6666666666666666,3,2,TTGAATGATACCGGCTTGTT,1,4517357
yahL_predicted,0.6666666666666666,3,2,TGGATGTTTCAATCCGTTGG,1,4526059
yahL_predicted,0.6666666666666666,3,2,TGCTGCCAGGGCCTTTCTAA,1,4525866
yahL_predicted,0.6666666666666666,3,2,TGAAACGCGTTGAGGCCGGT,1,4537339
yahL_predicted,0.6666666666666666,3,2,TACCGCATCGGACGGAGCAG,1,4534495
yahL_predicted,0.6666666666666666,3,2,GGTATAGGCTGACGGCTAAA,1,4541680
yahL_predicted,0.6666666666666666,3,2,GCCTAACCGCAGACCGAACA,1,4513288
yahL_predicted,1.0,4,2,GATTGGCATAACATGTTTGA,2,4523027
yahL_predicted,0.6666666666666666,3,2,GATCTTACGTCCAGGTGCTT,1,4530221
yahL_predicted,0.6666666666666666,3,2,CTATACAACAACAAGGGGTG,1,4533604
yahL_predicted,0.6666666666666666,3,2,CGTTGTAACAAGTAGTAATG,1,4517723
yahL_predicted,1.3333333333333333,5,2,CGCGCACGCTATATTATTTA,3,4528227
yahL_predicted,0.6666666666666666,3,2,CCTGTAACGCTGCCACGGCA,1,4520984
yahL_predicted,1.0,4,2,CACTGATGGGCACCTAGGGT,2,4515709
yahL_predicted,0.6666666666666666,3,2,CAAAGCTAGACTACTACATT,1,4522631
yahL_predicted,1.3333333333333333,5,2,AGCCGTCTGTCACATGGGTC,3,4536221
yahL_predicted,0.6666666666666666,3,2,ACTCTGGCTACCGTCTCCGG,1,4512344
yahL_predicted,106.33333333333333,320,2,ACCTAGATCCGGCGTCACGG,318,4530006
yahL_predicted,0.6666666666666666,3,2,ACCGCTAAAAACACTGGGAA,1,4520572
yahL_predicted,1.0,2,1,TTGATCTTAGCCGCATGACT,1,4517285
yahL_predicted,1.0,2,1,TTCATCTGGTTGCTGTTATT,1,4519746
yahL_predicted,1.0,2,1,TCGGCGGTATCTGTCGGATA,1,4520893
yahL_predicted,1.0,2,1,TCGGCCGACTACTTTTAAGT,1,4527471
yahL_predicted,1.0,2,1,TCAACCGTCAATTTGAACTA,1,4541203
yahL_predicted,80.0,160,1,GTAGAAGCCAAGGGGGAGAC,159,4536069
yahL_predicted,1.0,2,1,GGACCCGAGAGTACTCGTAA,1,4528050
yahL_predicted,1.0,2,1,CTTCCTATAGAAGGCAGTTT,1,4523572
yahL_predicted,1.0,2,1,CTTATTAGTTCTGGGCGTAG,1,4520399
yahL_predicted,1.0,2,1,CTCTAATCACGCGCAATGGC,1,4534268
yahL_predicted,1.0,2,1,CCGAGAAGGCAGTCTATTGG,1,4515282
yahL_predicted,1.0,2,1,CAGAATTCCTGCGGAAAGAA,1,4517265
yahL_predicted,1.0,2,1,ATATCGACGTAAATTTGAAT,1,4536306
yahL_predicted,1.0,2,1,AGTATAAGTGGTACGTTTTA,1,4537490
yahL_predicted,1.0,2,1,AGATTTTACCGGCGAGTATT,1,4524314
yahL_predicted,1.0,2,1,AGACTTTAGGTGCGAGTTTA,1,4517574
yahL_predicted,74.5,149,1,ACGAAGGTCTATCGCGGAAA,148,4532078
yahL_predicted,1.0,2,1,AATCACGTGGCTGGCCGGAA,1,4539347
yahL_predicted,0.0040650406504065045,245,245,GTCCAGATATCCACGTATGT,0,4512255
yahL_predicted,0.008403361344537815,118,118,GTGGATGGGCGAACCGCGTT,0,4512679
yahL_predicted,0.008771929824561403,113,113,GTTCTAGCTCGAGGGCGGTT,0,4515476
yahL_predicted,0.009708737864077669,102,102,GTACTGGTGGGGTTACGGCT,0,4518629
yahL_predicted,0.009900990099009901,100,100,CCGAAGCCGAACGCCGTGGA,0,4515569
yahL_predicted,0.011363636363636364,87,87,GTTGCGCGAGTGATGTGAAA,0,4518409
yahL_predicted,0.012345679012345678,80,80,CAAGTGAGTTGGGACCAAGG,0,4512198
yahL_predicted,0.0125,79,79,GTGCGTCAATCCTCCAGTAT,0,4531562
yahL_predicted,0.012658227848101266,78,78,GTTAGTATTAGCGACACCAT,0,4528621
yahL_predicted,0.013513513513513514,73,73,TTTTGGACGTGTTAGGGACC,0,4512275
yahL_predicted,0.013888888888888888,71,71,AATATTAGTCGAGGCTATCT,0,4524499
yahL_predicted,0.014285714285714285,69,69,GATTTGCCGCACAACCAGTA,0,4523818
yahL_predicted,0.014492753623188406,68,68,CCTGGTATGAGCTGAATTAA,0,4541174
yahL_predicted,0.014492753623188406,68,68,CAGAGATTAAACGGCGCATA,0,4519396
yahL_predicted,0.014705882352941176,67,67,AATCACGGGAGACGCTTTGG,0,4516351
yahL_predicted,0.014925373134328358,66,66,AGGGTCTATTACAGACCGGT,0,4520541
yahL_predicted,0.015151515151515152,65,65,CTCCAGAGACCGCGGTTCTC,0,4512288
yahL_predicted,0.015625,63,63,CGTTCCGTGGCATACTCGAA,0,4522211
yahL_predicted,0.015873015873015872,62,62,TGGCTGTGCAGTCGTCTACT,0,4518349
yahL_predicted,0.016129032258064516,61,61,TGCCGAGATCTCAACAGCCG,0,4518886
yahL_predicted,0.016666666666666666,59,59,TGTCTGGAGGAGGTCTGAGA,0,4514235
yahL_predicted,0.016666666666666666,59,59,CAATACTATAGGATGAGGAT,0,4519369
yahL_predicted,0.016666666666666666,59,59,AAGCTAAACGTGTCAGGGCT,0,4529820
yahL_predicted,0.01694915254237288,58,58,TCTCTCGAAGTTAGGTAGAT,0,4513285
yahL_predicted,0.01694915254237288,58,58,CCGTCCGCATTGCACAGGGA,0,4512745
yahL_predicted,0.017241379310344827,57,57,TTACCCGATTCGAATTTGAA,0,4544082
yahL_predicted,0.017241379310344827,57,57,TGACGGTATTAGATAAGCTG,0,4516861
yahL_predicted,0.017241379310344827,57,57,TCGCGCAGGATGGTCGCTCT,0,4516089
yahL_predicted,0.017241379310344827,57,57,TACTAACATCTACGTGACTC,0,4530578
yahL_predicted,0.017543859649122806,56,56,GCGCTTAACAATAGGTATGA,0,4517669
yahL_predicted,0.017543859649122806,56,56,GCCGAAAACATAAAGGCCCT,0,4534152
yahL_predicted,0.017543859649122806,56,56,CTGACTCAACTGGCCGACTA,0,4516657
yahL_predicted,0.017857142857142856,55,55,TGAGATATCACCAGGGCCGC,0,4517281
yahL_predicted,0.01818181818181818,54,54,TACAACGCTTGCATGTCGGG,0,4526588
yahL_predicted,0.01818181818181818,54,54,ATGTTAGACCTCACCTGCCT,0,4523565
yahL_predicted,0.01818181818181818,54,54,ATCTCGGGTTACGCATGAGG,0,4512803
yahL_predicted,0.018867924528301886,52,52,TTCAAGGTACCCACGGCAAA,0,4518885
yahL_predicted,0.018867924528301886,52,52,GTCCTGCTAATTTGCAGCTG,0,4515459
yahL_predicted,0.018867924528301886,52,52,ATCTCATGGCGTGTGCTTAT,0,4516589
yahL_predicted,0.019230769230769232,51,51,TGGTCGCCCGTTCTGGCCTA,0,4514138
yahL_predicted,0.019230769230769232,51,51,GGAGCTAGGGAACTTTCGTG,0,4517402
yahL_predicted,0.019230769230769232,51,51,GATTCTCGAGTGAGATTATA,0,4514012
yahL_predicted,0.019230769230769232,51,51,CACACCATTGCATGTCTGCA,0,4535186
yahL_predicted,0.019230769230769232,51,51,AACGTCTCAAGCTGGCCAGT,0,4513666
yahL_predicted,0.0196078431372549,50,50,TCGGGTAGGGTGTTCTCATT,0,4514902
yahL_predicted,0.0196078431372549,50,50,ATGGGTTGTTAGTCGGGAGA,0,4515356
yahL_predicted,0.02,49,49,TTAGACCAGCGCTTCGTGTA,0,4517665
yahL_predicted,0.02,49,49,TTAAAGGAAGGGGCGAACAT,0,4517132
yahL_predicted,0.02,49,49,GTCGGAGTCTGTGCATAATG,0,4517704
yahL_predicted,0.02,49,49,GCCCTCACCACACTGAAAGT,0,4523016
yahL_predicted,0.02,49,49,CGATCTAATGATCGCCTGCC,0,4521485
yahL_predicted,0.02040816326530612,48,48,TATCGCCGCCGGCTAAACAA,0,4521277
yahL_predicted,0.02040816326530612,48,48,GATATATCCGACTCTGTCTA,0,4514030
yahL_predicted,0.02040816326530612,48,48,CGGTTCGGGCAATATGCACA,0,4525971
yahL_predicted,0.02040816326530612,48,48,AGCTCAGATAAGATGTTTAT,0,4518285
yahL_predicted,0.02040816326530612,48,48,ACGCCGGATCAACGCTGTTG,0,4517439
yahL_predicted,0.02040816326530612,48,48,ACACCTTCGGAGTAAGTCAT,0,4512907
yahL_predicted,0.02040816326530612,48,48,AACTAGGAGCAGAGCCTTAG,0,4512143
yahL_predicted,0.020833333333333332,47,47,TACGAGACTAGGGCATACGT,0,4528264
yahL_predicted,0.020833333333333332,47,47,CCGGGTGTGTTGCGTCGCAC,0,4530394
yahL_predicted,0.020833333333333332,47,47,CAACATTCGTTACAGAATTT,0,4528740
yahL_predicted,0.020833333333333332,47,47,AGGAATCATAGCATATTAAC,0,4515762
yahL_predicted,0.020833333333333332,47,47,AATGAAGGCTCGCGTAGGCA,0,4527700
yahL_predicted,0.02127659574468085,46,46,GAGTGCGATGTCATGCTTGC,0,4512594
yahL_predicted,0.02127659574468085,46,46,CTGCGTCAGGGTGTAATCTG,0,4525736
yahL_predicted,0.02127659574468085,46,46,ACTTCCCGTCACGTTCTGAA,0,4521571
yahL_predicted,0.021739130434782608,45,45,TTTTCCTAGTCTGAGCTGAT,0,4514869
yahL_predicted,0.021739130434782608,45,45,TGGGTGGCTAATTGTCGCAG,0,4532824
yahL_predicted,0.021739130434782608,45,45,TACTTAAGGTAAGCTAGGCA,0,4542545
yahL_predicted,0.021739130434782608,45,45,CGTCTTAGCTGACTTAGCCT,0,4532083
yahL_predicted,0.021739130434782608,45,45,CCCAGGGCTACTGACACCGT,0,4530769
yahL_predicted,0.021739130434782608,45,45,AGTGTCTAACAGGCGGGTAA,0,4538329
yahL_predicted,0.021739130434782608,45,45,ACTGTATAGACTTATGACCA,0,4521300
yahL_predicted,0.022222222222222223,44,44,TTACTCGGAAGAGGGAGACT,0,4534900
yahL_predicted,0.022222222222222223,44,44,TACAGATATGATGGTAGTTT,0,4532543
yahL_predicted,0.022222222222222223,44,44,GGCATGCCGACGAATATTGG,0,4513538
yahL_predicted,0.022727272727272728,43,43,TGTCCAAAGGTCTATTATGC,0,4531786
yahL_predicted,0.022727272727272728,43,43,TCCGAAAAATAATGATCACA,0,4517478
yahL_predicted,0.022727272727272728,43,43,GGGACGCTGTGGGGGGGTGC,0,4520021
yahL_predicted,0.022727272727272728,43,43,GCTTCCAGGGGCTGCGGAAA,0,4518292
yahL_predicted,0.022727272727272728,43,43,CTCAGACCGTGCCGTCGGGG,0,4514463
yahL_predicted,0.022727272727272728,43,43,CGGGGCCTGCCGCGAGATTA,0,4518323
yahL_predicted,0.022727272727272728,43,43,CCTCGCTGCAAGTTAAGCCC,0,4517251
yahL_predicted,0.022727272727272728,43,43,CATGAACCAGCTCATTCGAC,0,4514218
yahL_predicted,0.022727272727272728,43,43,AATCAACTTGCGGATCAGTG,0,4514234
yahL_predicted,0.023255813953488372,42,42,GGATAGGAAGTCATGACCAG,0,4514561
yahL_predicted,0.023255813953488372,42,42,CTCAGGTGGCATGTGGCCTA,0,4523229
yahL_predicted,0.023255813953488372,42,42,CGTAACCCTCGCTGATTGTA,0,4519371
yahL_predicted,0.023255813953488372,42,42,CGCATCATAATGTGGAAGGA,0,4526265
yahL_predicted,0.023255813953488372,42,42,CGATCAGGCTCGACATCTAT,0,4512497
yahL_predicted,0.023255813953488372,42,42,CATTCCGAGTGTACGGCTGT,0,4516523
yahL_predicted,0.023255813953488372,42,42,AGTATACTCTTCCGCTGACA,0,4517165
yahL_predicted,0.023255813953488372,42,42,ACTGGGCCGAAAGTCCTTCA,0,4529743
yahL_predicted,0.023255813953488372,42,42,AACGCGTGGTCTGACACTTT,0,4534803
yahL_predicted,0.023809523809523808,41,41,TTAAGTTTGATGGGCCGGCA,0,4537017
yahL_predicted,0.023809523809523808,41,41,TCTTTCGCCTCGGGAGTTCT,0,4524480
yahL_predicted,0.023809523809523808,41,41,TCACAGCGCGAGCTATCCAC,0,4513882
yahL_predicted,0.023809523809523808,41,41,CTCGGCGGTGGGAAACGCTG,0,4527527
yahL_predicted,0.023809523809523808,41,41,CCAATTTACACTTCGTTGAA,0,4514557
yahL_predicted,0.023809523809523808,41,41,ACCATAGTTTACTTCACTTT,0,4515277
yahL_predicted,0.023809523809523808,41,41,AAAGAGATACAATTCAGTCA,0,4531298
yahL_predicted,0.024390243902439025,40,40,TGTACATCACCGTTGGTTAA,0,4535426
yahL_predicted,0.024390243902439025,40,40,TGCGGAACACGCTGGACTGA,0,4515726
yahL_predicted,0.024390243902439025,40,40,TGACAAAGAGTTTCCGCGTT,0,4537671
yahL_predicted,0.024390243902439025,40,40,TCTGGTCGTTTGAGTCAGCC,0,4515822
yahL_predicted,0.024390243902439025,40,40,GGTGGGGTGAAAAGCCAATG,0,4529137
yahL_predicted,0.024390243902439025,40,40,GGTGAACGGGATGACATCGA,0,4527941
yahL_predicted,0.024390243902439025,40,40,GGTCCGCACGATTGATTGGA,0,4531143
yahL_predicted,0.024390243902439025,40,40,CCCGAACGACGTGTCGGGAA,0,4516594
yahL_predicted,0.024390243902439025,40,40,ATGATCCTGGTCAACTCAAG,0,4513841
yahL_predicted,0.024390243902439025,40,40,ATCCCCGATATTTACTAAGG,0,4512193
yahL_predicted,0.024390243902439025,40,40,AGGCAGCGATGCATACCTGT,0,4520691
yahL_predicted,0.024390243902439025,40,40,AGACGGGGCCACTGGGGGCA,0,4515949
yahL_predicted,0.025,39,39,TTTCATTCTTCTGTTTGATA,0,4534077
yahL_predicted,0.025,39,39,TTGAGATCCTGATGAGCCTT,0,4524847
yahL_predicted,0.025,39,39,TTCATGGGCTCTACACTGGT,0,4520203
yahL_predicted,0.025,39,39,GGCGATTAATCAACGCATAA,0,4531014
yahL_predicted,0.025,39,39,GCCTGTGTCCAGTGAGGTAG,0,4526757
yahL_predicted,0.025,39,39,GATTCTACGGTTGTTTAAGA,0,4522283
yahL_predicted,0.025,39,39,GATGCCCCGTGGGAACCAAT,0,4513318
yahL_predicted,0.025,39,39,GAGTATGAACGTTCTCGTCA,0,4515839
yahL_predicted,0.025,39,39,GAGCCCGTCCCGAAACCAAA,0,4518094
yahL_predicted,0.025,39,39,CCAGCGGATGCGGCATCTGC,0,4530071
yahL_predicted,0.025,39,39,CAGGGGGGGGATTAGCACCA,0,4516820
yahL_predicted,0.025,39,39,CACAGCGCTGGCGTGTAGGG,0,4539123
yahL_predicted,0.025,39,39,AGGGACGACCCCCCTACACC,0,4512340
yahL_predicted,0.025,39,39,ACAAAAGGATGTAGCAACCA,0,4538060
yahL_predicted,0.025,39,39,AACACTGTGGTCTTGGTGTT,0,4517223
yahL_predicted,0.02564102564102564,38,38,TTTAAAGTCTCACTTGGGTA,0,4517518
yahL_predicted,0.02564102564102564,38,38,TCTCGCATTCGACATCGTAA,0,4523864
yahL_predicted,0.02564102564102564,38,38,TCCCTCGCTGTACAGTCAAT,0,4517116
yahL_predicted,0.02564102564102564,38,38,TAAAAATAGGCTCGAACACA,0,4513772
yahL_predicted,0.02564102564102564,38,38,CTACTTGGAAAGCCTACACA,0,4526395
yahL_predicted,0.02564102564102564,38,38,ATTCTTACCAGTTGCCACTA,0,4515428
yahL_predicted,0.02564102564102564,38,38,ATAATAGGTAGTATCGTAAT,0,4520205
yahL_predicted,0.02564102564102564,38,38,AGGTGCCTGCGATCCTTTAA,0,4534239
yahL_predicted,0.02564102564102564,38,38,AGGAAAAGGTGACGCGGGAT,0,4536649
yahL_predicted,0.02564102564102564,38,38,AGACGTTACTATGTAAGCTA,0,4534964
yahL_predicted,0.02564102564102564,38,38,ACGATCACTCCTAGCGTATT,0,4530236
yahL_predicted,0.02631578947368421,37,37,TAACTGCCCATGTAGAATGG,0,4516282
yahL_predicted,0.02631578947368421,37,37,GTTTGGGTGGAAAGTTGCAA,0,4518058
yahL_predicted,0.02631578947368421,37,37,GCTCGCAGGCGCTGCCCACA,0,4517589
yahL_predicted,0.02631578947368421,37,37,GAAGGGATACAACATGGGGG,0,4536910
yahL_predicted,0.02631578947368421,37,37,CTTCGGGTACGTGAAGTATA,0,4542089
yahL_predicted,0.02631578947368421,37,37,CTTATGTATCCGCCCTAGCG,0,4513363
yahL_predicted,0.02631578947368421,37,37,CTCGAGGTACAGAACTATTC,0,4533537
yahL_predicted,0.02631578947368421,37,37,CGCCATACACATGTGCGGGG,0,4518835
yahL_predicted,0.02631578947368421,37,37,CCGATGCAGCCAGGTCTGGG,0,4536991
yahL_predicted,0.02631578947368421,37,37,CATTCTACCGTGTATGCAAG,0,4528652
yahL_predicted,0.02631578947368421,37,37,CATGGCTGTGGAAATGTCTG,0,4527923
yahL_predicted,0.02631578947368421,37,37,AGTTCATTGTCTGCTATCGC,0,4513580
yahL_predicted,0.02631578947368421,37,37,AGTCCAATGTAGGCGGGGAG,0,4514853
yahL_predicted,0.02631578947368421,37,37,ACACAGCCGTTGTGTCGTTC,0,4540023
yahL_predicted,0.02631578947368421,37,37,AACCAACAGTAATAGAGTAG,0,4529858
yahL_predicted,0.02702702702702703,36,36,TTAGAGGGACTGCCCTCAGG,0,4514754
yahL_predicted,0.02702702702702703,36,36,TAACGTTAAGTAATAGCCCT,0,4529436
yahL_predicted,0.02702702702702703,36,36,TAAACATTCCGAAGACTATA,0,4524662
yahL_predicted,0.02702702702702703,36,36,GCTTTTGCTGTCATGTCGTG,0,4516248
yahL_predicted,0.02702702702702703,36,36,CTGTGTATGTATAAATGTCA,0,4519740
yahL_predicted,0.02702702702702703,36,36,CCCAGATTGCGCGATGTGTC,0,4524555
yahL_predicted,0.02702702702702703,36,36,CCAGATTGAACATTGAAATA,0,4526756
yahL_predicted,0.02702702702702703,36,36,ATCTGTAATCGTCAATGATC,0,4543792
yahL_predicted,0.02702702702702703,36,36,AGTACGCCTGGTAGACAGGC,0,4532008
yahL_predicted,0.027777777777777776,35,35,TGTTCCGTAACACCTGGGTT,0,4526877
yahL_predicted,0.027777777777777776,35,35,TGACAGGGTAGGGCTGTGAG,0,4530346
yahL_predicted,0.027777777777777776,35,35,TCGAATTTCAGTAATTTGTT,0,4524836
yahL_predicted,0.027777777777777776,35,35,TAGCCCTTACATTAGCGAGT,0,4515432
yahL_predicted,0.027777777777777776,35,35,GTTCGTCAGCCATGCAGGTC,0,4520598
yahL_predicted,0.027777777777777776,35,35,GGGACTGGCCCCCTACCACA,0,4521977
yahL_predicted,0.027777777777777776,35,35,GGATCATAGTTTGGGAAGGT,0,4538688
yahL_predicted,0.027777777777777776,35,35,GCAAACCGACCTTCGGAAAC,0,4513259
yahL_predicted,0.027777777777777776,35,35,CCTGGAGCAGGCCGCACAGT,0,4532906
yahL_predicted,0.027777777777777776,35,35,CCTCGTGGCGAGAGGCGGAC,0,4513336
yahL_predicted,0.027777777777777776,35,35,ATTCCTAATCATTCACAGAT,0,4525267
yahL_predicted,0.027777777777777776,35,35,ATAGAGGGGTAATCAAAGGC,0,4517685
yahL_predicted,0.027777777777777776,35,35,ACTCGGGTCGGTAGTGGTAT,0,4518641
yahL_predicted,0.027777777777777776,35,35,ACTCGATCGGGAAATTGGCG,0,4525646
yahL_predicted,0.02857142857142857,34,34,TGTGCGCGTACACTACAATA,0,4525797
yahL_predicted,0.02857142857142857,34,34,TATACCGAGGCAGCCACAAC,0,4526610
yahL_predicted,0.02857142857142857,34,34,TACCACGAATGTCAGCTAAA,0,4523906
yahL_predicted,0.02857142857142857,34,34,GTGAAACAATGCGTCACTAC,0,4536806
yahL_predicted,0.02857142857142857,34,34,GGAGCCACAGGCCTAGCCTC,0,4526873
yahL_predicted,0.02857142857142857,34,34,GATAAACAAGCTCGTAATCG,0,4519269
yahL_predicted,0.02857142857142857,34,34,CGTCGCAGCAACGTTTATAC,0,4513667
yahL_predicted,0.02857142857142857,34,34,CGGAAGAAGCAATGCGTCGA,0,4521724
yahL_predicted,0.02857142857142857,34,34,CGACTTGGCATCCTTCAATG,0,4520886
yahL_predicted,0.02857142857142857,34,34,CCCGTCAGTACTTGTAGATT,0,4525025
yahL_predicted,0.02857142857142857,34,34,AGACGGGCCGCTGGACTCAT,0,4519174
yahL_predicted,0.02857142857142857,34,34,ACCAGTTTAGGAGTCTCGTA,0,4521899
yahL_predicted,0.029411764705882353,33,33,TGGGATCTATGTGGGGTTCA,0,4529613
yahL_predicted,0.029411764705882353,33,33,TGAGTACTCTGCGCAACGAT,0,4538422
yahL_predicted,0.029411764705882353,33,33,TAAAAATACTGACGGAACTG,0,4526190
yahL_predicted,0.029411764705882353,33,33,GTGGCCACTGGTTTTTTTAT,0,4519173
yahL_predicted,0.029411764705882353,33,33,GGGGGAGGTCGGTGAATCCA,0,4516414
yahL_predicted,0.029411764705882353,33,33,GCCACTTCGCTGACAACAGC,0,4512477
yahL_predicted,0.029411764705882353,33,33,CTTAGTGGTGCAGACGCAAC,0,4537187
yahL_predicted,0.029411764705882353,33,33,CGGCTGGAACTTTCAACTCC,0,4535344
yahL_predicted,0.029411764705882353,33,33,CGAAACTCGCCGCCGATATT,0,4523552
yahL_predicted,0.029411764705882353,33,33,CACAGTAAAGCTTCAATTGC,0,4523915
yahL_predicted,0.029411764705882353,33,33,ATTTTCGCGCACCGTAGTAA,0,4519559
yahL_predicted,0.029411764705882353,33,33,ATTGTCCGGCGAGAATGAAA,0,4531821
yahL_predicted,0.029411764705882353,33,33,ATCATTGTGACAAACCAAAC,0,4530149
yahL_predicted,0.029411764705882353,33,33,AGCAGGGGCTTAGCGAAGTA,0,4519151
yahL_predicted,0.029411764705882353,33,33,ACCTCTGTGTCCCCCCCGGT,0,4515675
yahL_predicted,0.030303030303030304,32,32,TGTACATCCGGGTTGATGTT,0,4539364
yahL_predicted,0.030303030303030304,32,32,TGTACAGCTGTAGTTGATAG,0,4535758
yahL_predicted,0.030303030303030304,32,32,TGCCCCAGGGGTGTTAGGCT,0,4531686
yahL_predicted,0.030303030303030304,32,32,TCTGGAGTACTCTCGAACTA,0,4531737
yahL_predicted,0.030303030303030304,32,32,TATCCGGAAAAGGGAGCTCA,0,4518257
yahL_predicted,0.030303030303030304,32,32,TAGAACAGGTTACACTACTT,0,4528013
yahL_predicted,0.030303030303030304,32,32,GTCCCATTACGGCACAGCAT,0,4539842
yahL_predicted,0.030303030303030304,32,32,GTACGGTCTTGGCAAGCCGT,0,4512680
yahL_predicted,0.030303030303030304,32,32,GCTGCTCTGTCAAGACAAGT,0,4516644
yahL_predicted,0.030303030303030304,32,32,GCGAGTCCAACATGGCTGTA,0,4520207
yahL_predicted,0.030303030303030304,32,32,CGTCACCGGTAGCCTCAACA,0,4513065
yahL_predicted,0.030303030303030304,32,32,CGGACTTCAGAAGAGCAACA,0,4521791
yahL_predicted,0.030303030303030304,32,32,CCTATAAATCGGGTTCAGGG,0,4529903
yahL_predicted,0.030303030303030304,32,32,CCTAGCTTTCGTAACTCCAT,0,4541603
yahL_predicted,0.030303030303030304,32,32,CATTACAGTCCTTACGTATT,0,4520127
yahL_predicted,0.030303030303030304,32,32,CACTACCACTCTGACTGATC,0,4533364
yahL_predicted,0.030303030303030304,32,32,CACAATACTCGTGTTGCAGG,0,4539332
yahL_predicted,0.030303030303030304,32,32,CAAGCGTGCTTTCGGGCGTA,0,4517406
yahL_predicted,0.030303030303030304,32,32,ATGGGGGCTTACGCATTCAA,0,4533106
yahL_predicted,0.030303030303030304,32,32,AGGCTACGCCCACTCGCTTT,0,4523102
yahL_predicted,0.030303030303030304,32,32,AGACAGATTACATTACGTAT,0,4521373
yahL_predicted,0.030303030303030304,32,32,ACGAGAGTAGGGGCATGTGA,0,4515089
yahL_predicted,0.030303030303030304,32,32,ACAAAATCCAGGCCAGTCGT,0,4520693
yahL_predicted,0.030303030303030304,32,32,AATTTTTTTATGACCTTCAT,0,4535415
yahL_predicted,0.030303030303030304,32,32,AATGCTTCGGGGCGTCACAA,0,4522358
yahL_predicted,0.03125,31,31,TTGATGCCGCCATGAGTAGA,0,4523356
yahL_predicted,0.03125,31,31,TTCTCTGCAAGTAAGCCAGC,0,4523730
yahL_predicted,0.03125,31,31,TGATTTGTAGCAGGCATTTA,0,4514233
yahL_predicted,0.03125,31,31,TGAGCAACCGCCGTACCAGT,0,4521234
yahL_predicted,0.03125,31,31,TGACGTTGTGGTAGTGCTCG,0,4536685
yahL_predicted,0.03125,31,31,TCTGCTACAAGAGGCGATCT,0,4520310
yahL_predicted,0.03125,31,31,TCATTAAAAGGCCCGTTACT,0,4525968
yahL_predicted,0.03125,31,31,TCAAAGTGAACCGCGAGGTC,0,4515091
yahL_predicted,0.03125,31,31,GTGTCCGGAAAAATATCCAT,0,4540219
yahL_predicted,0.03125,31,31,GTCGGTCAACTTTTTACAAC,0,4518936
yahL_predicted,0.03125,31,31,GTCCTTCGTGCTCGCGGAAG,0,4521302
yahL_predicted,0.03125,31,31,GTCCGGGTTCGTTATTATAG,0,4529879
yahL_predicted,0.03125,31,31,GGAATGTCGCCCTACAGGTA,0,4519092
yahL_predicted,0.03125,31,31,GCAAAAGACCAGTTCACTGA,0,4531688
yahL_predicted,0.03125,31,31,GAGCAGGTGGTGGTCTAGAC,0,4527487
yahL_predicted,0.03125,31,31,CTGTAAGCGGCTATGTCAGT,0,4522023
yahL_predicted,0.03125,31,31,CGTCTGTACATTCTAAGTAG,0,4523304
yahL_predicted,0.03125,31,31,CGGGGTCCCGCGAACATGAC,0,4532620
yahL_predicted,0.03125,31,31,CAAGATGCGCGTTGTCCCAG,0,4517456
yahL_predicted,0.03125,31,31,ATGGCGTTGGAACTCCATTA,0,4524821
yahL_predicted,0.03125,31,31,ATCCACCAGCGAGCCTATTT,0,4540512
yahL_predicted,0.03125,31,31,ATATCGTGGCCTTGCATCAG,0,4531270
yahL_predicted,0.03125,31,31,ATAGGAATCTGCATCTCATT,0,4519841
yahL_predicted,0.03125,31,31,ATAATTTACGGGCTGGTAGA,0,4517324
yahL_predicted,0.03125,31,31,AGGTCCAAGAGATATAGGAG,0,4523801
yahL_predicted,0.03125,31,31,AGGCTTCACCACGGAGCCGC,0,4524692
yahL_predicted,0.03125,31,31,AGACCATGGGAACGGGACTT,0,4529643
yahL_predicted,0.03125,31,31,AGAACATCACACCGATGAAT,0,4534430
yahL_predicted,0.03125,31,31,ACGAGTGTGCGGACATGATG,0,4528468
yahL_predicted,0.03125,31,31,ACCGGGTTACGGGGACTGTG,0,4539998
yahL_predicted,0.03125,31,31,AACCGTTGCTGGTGCACAGG,0,4515632
yahL_predicted,0.03225806451612903,30,30,TTTACATGCCGCCCCAGAGA,0,4512909
yahL_predicted,0.03225806451612903,30,30,TTAGATACATGTAACAAGCA,0,4537827
yahL_predicted,0.03225806451612903,30,30,TTAAATCCATAAACAGGACT,0,4518435
yahL_predicted,0.03225806451612903,30,30,TGGAGCGTTAGAGGGGCGCA,0,4523449
yahL_predicted,0.03225806451612903,30,30,TGATTGATACCGTAGGCGAC,0,4535812
yahL_predicted,0.03225806451612903,30,30,TCAACGACGTCTTCTCCCAA,0,4520109
yahL_predicted,0.03225806451612903,30,30,GTAGTGTAAAAGGACCTCCC,0,4524185
yahL_predicted,0.03225806451612903,30,30,GTAGAGAGCTCGTAAGAGAG,0,4515170
yahL_predicted,0.03225806451612903,30,30,GGTCTCCCTGTTACATGGAG,0,4526672
yahL_predicted,0.03225806451612903,30,30,GCTAGCTTAAATCTTCGGAA,0,4537820
yahL_predicted,0.03225806451612903,30,30,GCCCAAGGCACGTTAAAAGA,0,4527889
yahL_predicted,0.03225806451612903,30,30,CTGCAAGACAACATGCATTA,0,4514377
yahL_predicted,0.03225806451612903,30,30,CGCGAGGATAAAATTTCATT,0,4535667
yahL_predicted,0.03225806451612903,30,30,CGCCTGGTACACAACACATT,0,4534277
yahL_predicted,0.03225806451612903,30,30,CGCACCTGGACGCTATGAGG,0,4522297
yahL_predicted,0.03225806451612903,30,30,CGAAAATGTCTGACCGATAT,0,4541202
yahL_predicted,0.03225806451612903,30,30,CATGATGTCGCCACGGCAAA,0,4518095
yahL_predicted,0.03225806451612903,30,30,CAGGACCGGGAGGTTGACAA,0,4536554
yahL_predicted,0.03225806451612903,30,30,CAATCAGAGCTATTCACATG,0,4539355
yahL_predicted,0.03225806451612903,30,30,ATTGGAGGTTTTCGATCGTT,0,4537416
yahL_predicted,0.03225806451612903,30,30,AGGGGAGAAATAAGCGCTAA,0,4523157
yahL_predicted,0.03225806451612903,30,30,AGCGTCTCACGTAAGGATGT,0,4535037
yahL_predicted,0.03225806451612903,30,30,AGCATTGGAATATCGTGCGT,0,4533876
yahL_predicted,0.03225806451612903,30,30,AGAAATCGCGGGGGCATGAA,0,4538523
yahL_predicted,0.03225806451612903,30,30,AAGCCTCGTAACGACGCCAC,0,4519867
yahL_predicted,0.03225806451612903,30,30,AAGCAGCGGTCGTAGCAAAT,0,4528998
yahL_predicted,0.03333333333333333,29,29,TTACGGAAACGTTACGATTT,0,4529538
yahL_predicted,0.03333333333333333,29,29,TCGTTATTTTTGGAGGACAA,0,4536747
yahL_predicted,0.03333333333333333,29,29,TATGTTTAAACGCGCAACAT,0,4530847
yahL_predicted,0.03333333333333333,29,29,TATCTTCGGATGACCAGACA,0,4533635
yahL_predicted,0.03333333333333333,29,29,TACCTACGGCCCGACTCCAC,0,4518101
yahL_predicted,0.03333333333333333,29,29,TAACATTAGCGGATGACAGA,0,4525303
yahL_predicted,0.03333333333333333,29,29,GTTGTAGAAGATCTGGACGG,0,4529964
yahL_predicted,0.03333333333333333,29,29,GTGGGTTCGTAACCGTGTAA,0,4529832
yahL_predicted,0.03333333333333333,29,29,GGCTGTGGAATAAGGGCACG,0,4512655
yahL_predicted,0.03333333333333333,29,29,GGCAAGGCGCGGAGTGGGAA,0,4542359
yahL_predicted,0.03333333333333333,29,29,GCTCTCGAGGATGACGACAG,0,4530167
yahL_predicted,0.03333333333333333,29,29,GCGTTTCAGTACCCTAAGTA,0,4539732
yahL_predicted,0.03333333333333333,29,29,GCGACACCCGTAGCACTCAC,0,4515859
yahL_predicted,0.03333333333333333,29,29,GCCCGACGTCTTAGTATCGC,0,4539788
yahL_predicted,0.03333333333333333,29,29,GAGTCTCAGATTTTCTTGGT,0,4514455
yahL_predicted,0.03333333333333333,29,29,GAGTACCAGCCCTGGGACTC,0,4513656
yahL_predicted,0.03333333333333333,29,29,CGTCGCGTCCACCTTCCTGA,0,4513181
yahL_predicted,0.03333333333333333,29,29,CGGTTCCTTCAACCCGCTTG,0,4518324
yahL_predicted,0.03333333333333333,29,29,CGGGTTAAGAGTTCGCTTGG,0,4528925
yahL_predicted,0.03333333333333333,29,29,CACTTGGTGGCTGGGGCACA,0,4524735
yahL_predicted,0.03333333333333333,29,29,ATTGGATCTCAACTTGCGGA,0,4525756
yahL_predicted,0.03333333333333333,29,29,AGTCTGTTAAATGATGCGGA,0,4515137
yahL_predicted,0.03333333333333333,29,29,AGTCTAAAGAAATCTTGGAT,0,4533082
yahL_predicted,0.03333333333333333,29,29,ACATGTGACTAAGGGTTCTC,0,4532938
yahL_predicted,0.034482758620689655,28,28,TTGATGCATGATTCCACATA,0,4529065
yahL_predicted,0.034482758620689655,28,28,TTCTGGGGACTTAGTAAGAT,0,4535943
yahL_predicted,0.034482758620689655,28,28,TTAGCGAGAGAAACAGCGGT,0,4518186
yahL_predicted,0.034482758620689655,28,28,TGTTAAATCTATACCCGACT,0,4521413
yahL_predicted,0.034482758620689655,28,28,TGGCAGGAAAATCAGCTCGA,0,4525229
yahL_predicted,0.034482758620689655,28,28,GGCCCGCTGTGTAGTTGAAA,0,4539598
yahL_predicted,0.034482758620689655,28,28,GCGAGGAAGTCTCTAGGCCA,0,4513925
yahL_predicted,0.034482758620689655,28,28,GAGTAGGAAATATGCCAGGA,0,4514375
yahL_predicted,0.034482758620689655,28,28,GACCTTGGTTATGCTAAGGT,0,4514282
yahL_predicted,0.034482758620689655,28,28,CTTGCATTTACGTGAGACTA,0,4512600
yahL_predicted,0.034482758620689655,28,28,CTTCGTGCGGTGCCGACTAC,0,4524612
yahL_predicted,0.034482758620689655,28,28,CTGGAGGGTTGTTGCCCAAA,0,4528977
yahL_predicted,0.034482758620689655,28,28,CGTTCGCATCATGCGACGTG,0,4523964
yahL_predicted,0.034482758620689655,28,28,CGTATAAGCGAATCTATTGT,0,4529193
yahL_predicted,0.034482758620689655,28,28,CGCCTATAGGGAACCTGAAC,0,4524628
yahL_predicted,0.034482758620689655,28,28,CCACCCCTATCATGGCGCTG,0,4523786
yahL_predicted,0.034482758620689655,28,28,CATCGGCAATGCCCCCATAT,0,4537666
yahL_predicted,0.034482758620689655,28,28,ATTTTCGCGTGATAGGGATA,0,4532272
yahL_predicted,0.034482758620689655,28,28,ATGCCCATCGTTCAATGGAT,0,4518054
yahL_predicted,0.034482758620689655,28,28,ATCGATTTGTGTGAGACCAA,0,4530327
yahL_predicted,0.034482758620689655,28,28,ATCCGTTTTGTTCGCCTCTA,0,4527647
yahL_predicted,0.034482758620689655,28,28,ATACCGGCGACCTATTCTGT,0,4519682
yahL_predicted,0.034482758620689655,28,28,AGCGGAGAGGTTATGGAGGT,0,4515115
yahL_predicted,0.034482758620689655,28,28,AACTCCATATCAGGAGCTTT,0,4520947
yahL_predicted,0.034482758620689655,28,28,AACAACTCAGTCTAGGATAT,0,4515192
yahL_predicted,0.034482758620689655,28,28,AAATTATGGGCTGATCCTTC,0,4543741
yahL_predicted,0.03571428571428571,27,27,TTTACGTCAAGAATCCCATG,0,4523394
yahL_predicted,0.03571428571428571,27,27,TTAGTACAGTTTAAAGACCA,0,4524767
yahL_predicted,0.03571428571428571,27,27,TTAGGCATTTCTCACGTAAA,0,4542184
yahL_predicted,0.03571428571428571,27,27,TGTTGTGTGTTGCCACTGGA,0,4521787
yahL_predicted,0.03571428571428571,27,27,TGTCAGGTTTCTATTACTTC,0,4534519
yahL_predicted,0.03571428571428571,27,27,TGCCAGAATGAACTCCTAAT,0,4541958
yahL_predicted,0.03571428571428571,27,27,TGAAAATTAAAGCGACCGCT,0,4518676
yahL_predicted,0.03571428571428571,27,27,TCGTGAGGAAGATCGTTCAG,0,4542272
yahL_predicted,0.03571428571428571,27,27,TCGTAGGGGTTGGTCGCTTG,0,4519182
yahL_predicted,0.03571428571428571,27,27,TCGGGCTGAACCCAGTCATG,0,4518935
yahL_predicted,0.03571428571428571,27,27,TCGATATGGCAAGTGGACAG,0,4526390
yahL_predicted,0.03571428571428571,27,27,TCGAGTTTCGGTCTCCGCTG,0,4517242
yahL_predicted,0.03571428571428571,27,27,TCATCGCGCCGGGGCCGATT,0,4512850
yahL_predicted,0.03571428571428571,27,27,TATTCCCGGCAAGTCTCGAA,0,4543305
yahL_predicted,0.03571428571428571,27,27,GTCTGTCGTTGACGTCTACG,0,4536838
yahL_predicted,0.03571428571428571,27,27,GGGGAACACGGACCGGTACG,0,4526690
yahL_predicted,0.03571428571428571,27,27,GGCTTTTCCGCGAACAAGAA,0,4518327
yahL_predicted,0.03571428571428571,27,27,GGCTCCAAGCGCCCAATTTA,0,4538787
yahL_predicted,0.03571428571428571,27,27,GCTAGCGAGGCTCCGCAGAA,0,4520912
yahL_predicted,0.03571428571428571,27,27,GCGTTACTGTCCCTGACTGA,0,4514700
yahL_predicted,0.03571428571428571,27,27,GACTAGCAGCTGTATTCTCG,0,4517168
yahL_predicted,0.03571428571428571,27,27,CTGAGAATTACCTAGCGCTC,0,4522165
yahL_predicted,0.03571428571428571,27,27,CTCCTTTGGTCTGGCGCCAC,0,4525417
yahL_predicted,0.03571428571428571,27,27,CTATCACCCTGCGTTCGTAA,0,4539094
yahL_predicted,0.03571428571428571,27,27,CTAGGCTGGGAGATAGCTAA,0,4541420
yahL_predicted,0.03571428571428571,27,27,CTAGATGAGGGCATCCAAGG,0,4524728
yahL_predicted,0.03571428571428571,27,27,CGGTGAGCATCTGATATAGT,0,4519199
yahL_predicted,0.03571428571428571,27,27,CCCTCCCGGTTCTGTTGGCA,0,4531572
yahL_predicted,0.03571428571428571,27,27,CCCGGTGGGGAAATCCTGTT,0,4530579
yahL_predicted,0.03571428571428571,27,27,CCCCCCTTGCGGAATTCATG,0,4524963
yahL_predicted,0.03571428571428571,27,27,CAATACTCAAATACGCTGAA,0,4521896
yahL_predicted,0.03571428571428571,27,27,ATTTCATTCCAAGCGAGATG,0,4539272
yahL_predicted,0.03571428571428571,27,27,ATTACGTAGCAGTAATGATT,0,4515517
yahL_predicted,0.03571428571428571,27,27,ATGGTCGGGCAATGGAGTGT,0,4528502
yahL_predicted,0.03571428571428571,27,27,AGGCTTCCATTCCCCAAGGT,0,4526413
yahL_predicted,0.03571428571428571,27,27,AGGAGATTCTTAGCTGTTCA,0,4543810
yahL_predicted,0.03571428571428571,27,27,ACTCAGCGTGGCCCCCGTAT,0,4540615
yahL_predicted,0.03571428571428571,27,27,ACATACCCCTTCTGGGCTTA,0,4520859
yahL_predicted,0.03571428571428571,27,27,AATGGACTTGAAGTTTTTTA,0,4528026
yahL_predicted,0.03571428571428571,27,27,AATCTGAGGCTTAATCGGTG,0,4515935
yahL_predicted,0.037037037037037035,26,26,TTTCAACGTCTCGGTCACCT,0,4518989
yahL_predicted,0.037037037037037035,26,26,TTCTGCGACTAGGTGGCATT,0,4520896
yahL_predicted,0.037037037037037035,26,26,TGTGAGGGAAACGAGATATA,0,4524606
yahL_predicted,0.037037037037037035,26,26,TGTATCGGTTCCAGGTTCAC,0,4527938
yahL_predicted,0.037037037037037035,26,26,TGGTGTAGCTCCGCGTCGCT,0,4531787
yahL_predicted,0.037037037037037035,26,26,TGGGTTACATAGCAATGCAT,0,4533852
yahL_predicted,0.037037037037037035,26,26,TGGACGTAAGGTGATGGACT,0,4513131
yahL_predicted,0.037037037037037035,26,26,TGCTTTTGAGTTCACAAGGA,0,4533431
yahL_predicted,0.037037037037037035,26,26,TCTCTTTTAGCGGGATGGTA,0,4518537
yahL_predicted,0.037037037037037035,26,26,TCATACACGCGGCTCAAGGA,0,4537003
yahL_predicted,0.037037037037037035,26,26,TATCGTACAGTACCTGTTCG,0,4514824
yahL_predicted,0.037037037037037035,26,26,TAGGGGGCGACACACGGCAC,0,4519430
yahL_predicted,0.037037037037037035,26,26,TACCAATCCCTTGCGATCTG,0,4519628
yahL_predicted,0.037037037037037035,26,26,TAAAACATTTGATGCAAAAT,0,4513115
yahL_predicted,0.037037037037037035,26,26,GTGTCAGAGGTAACCTGATA,0,4537275
yahL_predicted,0.037037037037037035,26,26,GTGAGTTGGGGTCGGCTCAC,0,4526122
yahL_predicted,0.037037037037037035,26,26,GTCAAGGTAGGGCTCTCCGT,0,4513657
yahL_predicted,0.037037037037037035,26,26,GGGTTCGGACGGTTGGGAGT,0,4519198
yahL_predicted,0.037037037037037035,26,26,GGCGCCATTGTTGGAAACAT,0,4523065
yahL_predicted,0.037037037037037035,26,26,GGAGTACGGATATCTGCGTT,0,4533304
yahL_predicted,0.037037037037037035,26,26,GCAAGTCGTCATTGCGCATT,0,4527060
yahL_predicted,0.037037037037037035,26,26,GCAACTAAAGTCACCGGGGA,0,4522835
yahL_predicted,0.037037037037037035,26,26,GACTTTGAGTAATCCGGTGA,0,4538066
yahL_predicted,0.037037037037037035,26,26,GACTAAACCGAATCTATAGA,0,4544219
yahL_predicted,0.037037037037037035,26,26,CCTCGATTCGCATTTGCAGT,0,4520093
yahL_predicted,0.037037037037037035,26,26,CCCATATCCAGCGCGGCTAC,0,4530258
yahL_predicted,0.037037037037037035,26,26,CAGCGTCGTGAGGGACACGT,0,4534965
yahL_predicted,0.037037037037037035,26,26,CAGATCACAAGATAGTACCA,0,4519941
yahL_predicted,0.037037037037037035,26,26,CAGAGAAACTCGATGTATGT,0,4513700
yahL_predicted,0.037037037037037035,26,26,CAATAGTGAGTGATCACGCT,0,4535199
yahL_predicted,0.037037037037037035,26,26,ATCCTGGCGGGCGGCGTCCT,0,4527346
yahL_predicted,0.037037037037037035,26,26,AGTTGATGTTCCAAGACGAA,0,4539360
yahL_predicted,0.037037037037037035,26,26,AGCTAGCTGTATAACAAGGT,0,4527828
yahL_predicted,0.037037037037037035,26,26,ACCGTACATCAGGTTGTGCT,0,4523002
yahL_predicted,0.037037037037037035,26,26,ACCCTGAAGCGCGTGGATAA,0,4523202
yahL_predicted,0.037037037037037035,26,26,AATTGGGTGCCCAGTGGGTG,0,4529366
yahL_predicted,0.037037037037037035,26,26,AATACAACCGTACGCTCGCT,0,4519642
yahL_predicted,0.037037037037037035,26,26,AACGGCATCTCACGTTCGGT,0,4525753
yahL_predicted,0.037037037037037035,26,26,AAAGCAGTCTACAAAGTTCC,0,4515438
yahL_predicted,0.038461538461538464,25,25,TTGCCGCTGGTGCCGGAAGA,0,4524184
yahL_predicted,0.038461538461538464,25,25,TTCTGACGGCTGATAGCACG,0,4515190
yahL_predicted,0.038461538461538464,25,25,TGGGTGGCATAGGGTCGAAC,0,4530186
yahL_predicted,0.038461538461538464,25,25,TGGGCGTGGAGTGGGGCGCA,0,4517875
yahL_predicted,0.038461538461538464,25,25,TGGACACAGACCATTCGCAT,0,4531015
yahL_predicted,0.038461538461538464,25,25,TGCTCAAAAAAGACAAAGTA,0,4526543
yahL_predicted,0.038461538461538464,25,25,TCTGTTTTCTCCTGCAAAAT,0,4530391
yahL_predicted,0.038461538461538464,25,25,TCGCTATAGGCACACAGTGT,0,4517320
yahL_predicted,0.038461538461538464,25,25,TCCGTAGGCCCATCGAGAAT,0,4541883
yahL_predicted,0.038461538461538464,25,25,TATATCATCGGGCTCTTGAT,0,4541529
yahL_predicted,0.038461538461538464,25,25,GTGAAACTGGTCTAGTACCT,0,4517966
yahL_predicted,0.038461538461538464,25,25,GTCAGCGGAGGTGATTCAGA,0,4525268
yahL_predicted,0.038461538461538464,25,25,GTCACTGTAGGCTTAGCAGT,0,4518326
yahL_predicted,0.038461538461538464,25,25,GGTCAAGACTTCGGTGAAAG,0,4517521
yahL_predicted,0.038461538461538464,25,25,GGTATGCATATGTTAAGATG,0,4530035
yahL_predicted,0.038461538461538464,25,25,GGGGTTCCTTCAATAGGGAC,0,4525898
yahL_predicted,0.038461538461538464,25,25,GGGCATGTCAAGTTCACACT,0,4535206
yahL_predicted,0.038461538461538464,25,25,CTCTTAGCGGGTTTACTATA,0,4531588
yahL_predicted,0.038461538461538464,25,25,CTCTCGGGGTATAGTACTGA,0,4527012
yahL_predicted,0.038461538461538464,25,25,CTCCGATCTTTCAAGAAGTT,0,4529246
yahL_predicted,0.038461538461538464,25,25,CTACTCAGTCAAGGTTATCC,0,4538745
yahL_predicted,0.038461538461538464,25,25,CGGGTTAATAGTGTCGGTTT,0,4524706
yahL_predicted,0.038461538461538464,25,25,CGGCGACGAATGCAATTGAG,0,4532593
yahL_predicted,0.038461538461538464,25,25,CGCTCTTTTCTCAGCGGGGA,0,4519043
yahL_predicted,0.038461538461538464,25,25,CGCGGATAGAGATGGCTGAA,0,4521951
yahL_predicted,0.038461538461538464,25,25,CGAGGCTCGCACTGCTACGC,0,4523393
yahL_predicted,0.038461538461538464,25,25,CGACAAACGGTTGCGCACAA,0,4530488
yahL_predicted,0.038461538461538464,25,25,CCTTGTTGATCTCGGAACAG,0,4527343
yahL_predicted,0.038461538461538464,25,25,CCGTCACGGACGTCTCACCA,0,4535775
yahL_predicted,0.038461538461538464,25,25,CCGGTTGGATCCGCAGCAGG,0,4519041
yahL_predicted,0.038461538461538464,25,25,CCGGACGTCGGGCAGACGCC,0,4530955
yahL_predicted,0.038461538461538464,25,25,CCAAACGCCCATAGCGATGT,0,4522020
yahL_predicted,0.038461538461538464,25,25,CAGGTTATGTGCATCCCAGT,0,4520581
yahL_predicted,0.038461538461538464,25,25,CAGGACGACATTCCAGCCAA,0,4527627
yahL_predicted,0.038461538461538464,25,25,CACCAATATAGTCGGTTGGA,0,4521785
yahL_predicted,0.038461538461538464,25,25,AGTCTATTTGAATGTTACTG,0,4519286
yahL_predicted,0.038461538461538464,25,25,AGTAGGCCACTCGATGGCGC,0,4536081
yahL_predicted,0.038461538461538464,25,25,AGTAAGCGAATAGATGGGTA,0,4523278
yahL_predicted,0.038461538461538464,25,25,AGCCAAAATGGCTTTGCCTA,0,4516142
yahL_predicted,0.038461538461538464,25,25,ACCAGAGTAGGTTCTAGAAG,0,4513051
yahL_predicted,0.038461538461538464,25,25,ACAAGCCGTAACATTCACTG,0,4535581
yahL_predicted,0.038461538461538464,25,25,AATGGTTGACCAAATCTAAG,0,4526846
yahL_predicted,0.038461538461538464,25,25,AAGACGTATTCTTAGCCGGC,0,4527965
yahL_predicted,0.038461538461538464,25,25,AACCGATCCAAATGAAATGC,0,4527784
yahL_predicted,0.038461538461538464,25,25,AAATGTCTACAAGGAACGAA,0,4521447
yahL_predicted,0.04,24,24,TTTATACTGGAATACCATCT,0,4513055
yahL_predicted,0.04,24,24,TTAGTGGGCGTCATGGAACT,0,4522932
yahL_predicted,0.04,24,24,TGCTACCGAGAGTATCTGTC,0,4525525
yahL_predicted,0.04,24,24,TCCCCAGGACTATAGATTTA,0,4514215
yahL_predicted,0.04,24,24,TATGGCATGGAGTTTCACCC,0,4514133
yahL_predicted,0.04,24,24,TAGGTGCTAAGGCTGGGTGC,0,4524928
yahL_predicted,0.04,24,24,TAGACTACATCGGCCAGGAA,0,4512204
yahL_predicted,0.04,24,24,GTGTCACGCCTAGCCCTAAT,0,4522834
yahL_predicted,0.04,24,24,GTGGGCTCGAGCTCGGGCTT,0,4527864
yahL_predicted,0.04,24,24,GGTTACCGTTGTACTTGGGT,0,4523797
yahL_predicted,0.04,24,24,GGTGGGAAGCGAAGGGAAAT,0,4538907
yahL_predicted,0.04,24,24,GGGCTATTGGGCTGGGTAAT,0,4521968
yahL_predicted,0.04,24,24,GGGACATAATCATTGCGCAG,0,4527017
yahL_predicted,0.04,24,24,GGCGGCGTGTATGGCAGGTG,0,4538869
yahL_predicted,0.04,24,24,GGAGTTTTCTCATGCCTATG,0,4542242
yahL_predicted,0.04,24,24,GCTACGCGTTGTAAAATCTT,0,4512365
yahL_predicted,0.04,24,24,GCGTTGAAAGGGGTAAAGTT,0,4527422
yahL_predicted,0.04,24,24,GCGGATGAAAGCAGCAGGCT,0,4516170
yahL_predicted,0.04,24,24,GCGATATACTTCGAATATAG,0,4520967
yahL_predicted,0.04,24,24,GCGACCCAAGCGGGCAGCCG,0,4520503
yahL_predicted,0.04,24,24,GCATTGCAATTCAGCACTAT,0,4512501
yahL_predicted,0.04,24,24,GATTCGTAGTTTGCATATAA,0,4536092
yahL_predicted,0.04,24,24,GATCTTCGCTGCCTCTTGGT,0,4512754
yahL_predicted,0.04,24,24,GACTTAGCATACCTTGGAAT,0,4512290
yahL_predicted,0.04,24,24,GACCGCAACGTGCCCATCGC,0,4537748
yahL_predicted,0.04,24,24,GAATTGTAGGGGCAGCCAGA,0,4512169
yahL_predicted,0.04,24,24,CTTAGCAAGGAGTGTGTACA,0,4537583
yahL_predicted,0.04,24,24,CTGCTCGAGGTGATGAACTA,0,4518616
yahL_predicted,0.04,24,24,CTCTAGCTATGGTGCGGTAT,0,4542198
yahL_predicted,0.04,24,24,CTCATTATAAGCGAAAGGTC,0,4518057
yahL_predicted,0.04,24,24,CTATGTAAGAAGGCAGCAAT,0,4518256
yahL_predicted,0.04,24,24,CGCGTGTTCGAAAATAGGGT,0,4543625
yahL_predicted,0.04,24,24,CGCCGGAGTTTGTCCCAAAT,0,4514800
yahL_predicted,0.04,24,24,CGAGCTTAAAGTTCGTGGCA,0,4514291
yahL_predicted,0.04,24,24,CCCCGTTAGTCCATCGCAGC,0,4529793
yahL_predicted,0.04,24,24,CATTATATGGCCGATTCCAT,0,4527550
yahL_predicted,0.04,24,24,CATAGTCCAGGCATCGTTAG,0,4519875
yahL_predicted,0.04,24,24,CAGCTCGCCGGACTCTGATC,0,4539793
yahL_predicted,0.04,24,24,CAGCGACCGTCCACATCTTA,0,4528327
yahL_predicted,0.04,24,24,AGCTTAATTCCTTACGGGCG,0,4529247
yahL_predicted,0.04,24,24,ACTAGACTATTGTTCCCAGC,0,4528655
yahL_predicted,0.04,24,24,ACAGCCCGTATGGGAATGAA,0,4535287
yahL_predicted,0.04,24,24,ACAAGTTAGAAGGTCCGTAT,0,4537080
yahL_predicted,0.04,24,24,AAATTGCGCGCCCAATAAGA,0,4527714
yahL_predicted,0.04,24,24,AAATGAAATTCTCGGTGGTG,0,4515086
yahL_predicted,0.04,24,24,AAAGAGTCTTGTCCTCTTGA,0,4525918
yahL_predicted,0.041666666666666664,23,23,TTTGAATCTGAGTAAATAAC,0,4521070
yahL_predicted,0.041666666666666664,23,23,TTGTCGTGTCACATAAGCGG,0,4515918
yahL_predicted,0.041666666666666664,23,23,TTGGGCCGCCTCGGGTTTCA,0,4526542
yahL_predicted,0.041666666666666664,23,23,TTCACTGGCATTTATTTGTG,0,4512852
yahL_predicted,0.041666666666666664,23,23,TTACTGAAGACCGCCTCGTA,0,4516193
yahL_predicted,0.041666666666666664,23,23,TGGGTGACAGAGCTTCATTC,0,4525608
yahL_predicted,0.041666666666666664,23,23,TCTTGGTTATTTCCAGTGCG,0,4532419
yahL_predicted,0.041666666666666664,23,23,TCTTACTGTGCGGACCACAC,0,4516227
yahL_predicted,0.041666666666666664,23,23,TCGCCCACTGATCACGGTAC,0,4533392
yahL_predicted,0.041666666666666664,23,23,TCCTACACTCGTCACTCCAC,0,4519869
yahL_predicted,0.041666666666666664,23,23,TCCGATAAACTGCGGAGAAC,0,4526052
yahL_predicted,0.041666666666666664,23,23,TATTTGATGGCACTCTACGC,0,4517318
yahL_predicted,0.041666666666666664,23,23,TATGGTGGCTATTCAAACAA,0,4514095
yahL_predicted,0.041666666666666664,23,23,TATGGCCACCAACCTCGAAA,0,4535160
yahL_predicted,0.041666666666666664,23,23,TAGGTCGTAGACCTGGGGAC,0,4518217
yahL_predicted,0.041666666666666664,23,23,GTGGCCGCCCAGTAACACAT,0,4524543
yahL_predicted,0.041666666666666664,23,23,GTCTTATGGCTGTTTCGCGA,0,4530004
yahL_predicted,0.041666666666666664,23,23,GTCTGTGGGAGGATGCCCGC,0,4529933
yahL_predicted,0.041666666666666664,23,23,GTCCAGGCTACGCCCCAACA,0,4543809
yahL_predicted,0.041666666666666664,23,23,GTCCACAAGAGCCAAAGCTT,0,4534469
yahL_predicted,0.041666666666666664,23,23,GTAGCGTAACACAGTGAACA,0,4525081
yahL_predicted,0.041666666666666664,23,23,GGTGCACAGATAAATCAGGT,0,4512118
yahL_predicted,0.041666666666666664,23,23,GGTGATAGAACTAACACGGT,0,4538742
yahL_predicted,0.041666666666666664,23,23,GGTGAAAGAGGGTCCCATAA,0,4514790
yahL_predicted,0.041666666666666664,23,23,GGTCTTTCTTGGCATTTGTA,0,4539820
yahL_predicted,0.041666666666666664,23,23,GGGAGGAGAATTTGAGATAT,0,4521657
yahL_predicted,0.041666666666666664,23,23,GGACCGGCTGGAGACTGCTA,0,4517045
yahL_predicted,0.041666666666666664,23,23,GCTCTCAAAGCATACTTTCA,0,4523774
yahL_predicted,0.041666666666666664,23,23,GCGTTGGAGGCATCCTACTA,0,4513886
yahL_predicted,0.041666666666666664,23,23,GATCAAATGACGGGTCACCA,0,4535094
yahL_predicted,0.041666666666666664,23,23,GATATAATTCACGCTGCCAT,0,4530120
yahL_predicted,0.041666666666666664,23,23,GAGGTCCTCATGAGGTTCGC,0,4526270
yahL_predicted,0.041666666666666664,23,23,GAGCCATAATAAACCCAGCT,0,4514145
yahL_predicted,0.041666666666666664,23,23,GAACCGGCGGTTGCTTTGAC,0,4523956
yahL_predicted,0.041666666666666664,23,23,CTTTTGTGGCAATCTTACTG,0,4525083
yahL_predicted,0.041666666666666664,23,23,CTTTATTGTGTGGAATACCG,0,4523654
yahL_predicted,0.041666666666666664,23,23,CTGAATGCTAGGCGCGGTAT,0,4513622
yahL_predicted,0.041666666666666664,23,23,CTATGGATCAGAATTTCCAC,0,4530822
yahL_predicted,0.041666666666666664,23,23,CGTTAGTGTATGATCGTACT,0,4525801
yahL_predicted,0.041666666666666664,23,23,CGTCAGTGGAGGCGTAAAGG,0,4541084
yahL_predicted,0.041666666666666664,23,23,CGGCCATGTTGGGTTGTGAG,0,4524765
yahL_predicted,0.041666666666666664,23,23,CGCGTAACCAGATCCGGGCA,0,4532639
yahL_predicted,0.041666666666666664,23,23,CGCCAGTCAGCGTGTCCGTT,0,4531072
yahL_predicted,0.041666666666666664,23,23,CGACTCAAGTGAAAGCCGGA,0,4516327
yahL_predicted,0.041666666666666664,23,23,CCGACGGGGCACAGCTGACT,0,4523752
yahL_predicted,0.041666666666666664,23,23,CCAGTTACGCTCGGCGAATA,0,4540890
yahL_predicted,0.041666666666666664,23,23,CCAGCTTTCCTATAATCGTT,0,4522853
yahL_predicted,0.041666666666666664,23,23,CATTTAGACAGGGGTCTTGT,0,4515202
yahL_predicted,0.041666666666666664,23,23,CATATTAAGGACAGCACCAT,0,4536940
yahL_predicted,0.041666666666666664,23,23,CATACATACCCCTATACCTA,0,4542982
yahL_predicted,0.041666666666666664,23,23,CAATGAGTTACGGCTCCATC,0,4517938
yahL_predicted,0.041666666666666664,23,23,CAACAAGAATGGAATTCCGT,0,4528150
yahL_predicted,0.041666666666666664,23,23,ATGTGGGTAATAACGACTTC,0,4518017
yahL_predicted,0.041666666666666664,23,23,ATCCCTTGACAGCAAACTTT,0,4521855
yahL_predicted,0.041666666666666664,23,23,ATAGGTCCCCCCAATCTCAT,0,4534318
yahL_predicted,0.041666666666666664,23,23,ATAAGCCACCTCCGCGTCTA,0,4542755
yahL_predicted,0.041666666666666664,23,23,AGTGGCCGTATACCCAGATC,0,4543837
yahL_predicted,0.041666666666666664,23,23,AGTCTCCTAGCCGAGACACA,0,4530010
yahL_predicted,0.041666666666666664,23,23,AGGGGAAGTTCGAGCGCGCA,0,4515903
yahL_predicted,0.041666666666666664,23,23,AGCAACGCTGGAATTTACTG,0,4527144
yahL_predicted,0.041666666666666664,23,23,ACTTAGGTGCACTATGATAA,0,4513811
yahL_predicted,0.041666666666666664,23,23,ACGATCCACCGGTATATTCC,0,4527206
yahL_predicted,0.041666666666666664,23,23,ACCGCCCCTATAAAACCCAG,0,4528046
yahL_predicted,0.041666666666666664,23,23,ACAGTTGGATGAGAGTTTGA,0,4519664
yahL_predicted,0.041666666666666664,23,23,AACATGGCCCTAAGTGTCGT,0,4543202
yahL_predicted,0.043478260869565216,22,22,TTTGGACAGGCTTTGTTGCC,0,4528309
yahL_predicted,0.043478260869565216,22,22,TTTATAAGTCAGTTACACAG,0,4530723
yahL_predicted,0.043478260869565216,22,22,TTGGTGATCGGCGGGGCCTC,0,4523133
yahL_predicted,0.043478260869565216,22,22,TTGGGAGTTCCTTTTGGCGT,0,4537764
yahL_predicted,0.043478260869565216,22,22,TGGCTGCAAGGCGAATTTGT,0,4518808
yahL_predicted,0.043478260869565216,22,22,TCTATTCACCACGCGCAGGC,0,4526941
yahL_predicted,0.043478260869565216,22,22,TCTACAAAATGCGTAGCAGA,0,4525275
yahL_predicted,0.043478260869565216,22,22,TCAGCGGGAACCACCCTGAA,0,4529841
yahL_predicted,0.043478260869565216,22,22,TATGTGGAAGGGCGCTAATA,0,4532552
yahL_predicted,0.043478260869565216,22,22,TACTGCCGATGGCAGCACAC,0,4521209
yahL_predicted,0.043478260869565216,22,22,TACGGAACGTTGTGACCAGA,0,4527791
yahL_predicted,0.043478260869565216,22,22,TACAGCGCGACGGTGTCAAC,0,4518878
yahL_predicted,0.043478260869565216,22,22,GTTACCAACCATATACGGAG,0,4539397
yahL_predicted,0.043478260869565216,22,22,GTGTTGAGCTTACCAAAAGA,0,4529579
yahL_predicted,0.043478260869565216,22,22,GTGTCGGTCCTGACGCCCAC,0,4526624
yahL_predicted,0.043478260869565216,22,22,GTGAATACCGAATGGCCATA,0,4520121
yahL_predicted,0.043478260869565216,22,22,GGTTGCTATGGGGGTGAAAT,0,4543244
yahL_predicted,0.043478260869565216,22,22,GGGAGATAATATATCGGCCG,0,4538151
yahL_predicted,0.043478260869565216,22,22,GGCCTAGGCGTAGGAGAGTT,0,4516302
yahL_predicted,0.043478260869565216,22,22,GGACGATTTAGGCTCTTTAG,0,4516371
yahL_predicted,0.043478260869565216,22,22,GCACGTAACGAGTCCAATAG,0,4528874
yahL_predicted,0.043478260869565216,22,22,GCAACTCGGTCTTCTCCGGT,0,4533652
yahL_predicted,0.043478260869565216,22,22,GATACGACAGCAGAGCTCGA,0,4531952
yahL_predicted,0.043478260869565216,22,22,GAGGGCTATTCCGGGGTGTG,0,4524405
yahL_predicted,0.043478260869565216,22,22,GAGCTTATGTGTAATAGGTA,0,4516019
yahL_predicted,0.043478260869565216,22,22,GAGCCGTGAGTCGAGGGCGA,0,4521301
yahL_predicted,0.043478260869565216,22,22,CTTTTTCTAACGACCCTGTA,0,4517643
yahL_predicted,0.043478260869565216,22,22,CTTGGAACATAGTACAGTAG,0,4515617
yahL_predicted,0.043478260869565216,22,22,CTTAATTTCTGTGTATACTA,0,4536927
yahL_predicted,0.043478260869565216,22,22,CTATTATTCGCAAATCCTTA,0,4540477
yahL_predicted,0.043478260869565216,22,22,CGGACAGGGTCAGACTAAGG,0,4519267
yahL_predicted,0.043478260869565216,22,22,CGCTTGGGGCTCTTTACCAC,0,4542861
yahL_predicted,0.043478260869565216,22,22,CGCAATGCCGTCCCGTACTT,0,4534631
yahL_predicted,0.043478260869565216,22,22,CGAGTCTACGGCGGTTCCAC,0,4517796
yahL_predicted,0.043478260869565216,22,22,CGACGGTGAGCCTATACCAA,0,4520888
yahL_predicted,0.043478260869565216,22,22,CCGGATCCGGCCTGCGGATG,0,4542343
yahL_predicted,0.043478260869565216,22,22,CCCAGCGCTATGTATTAGAG,0,4542088
yahL_predicted,0.043478260869565216,22,22,CCACCCTCATGGCCAGATGA,0,4535118
yahL_predicted,0.043478260869565216,22,22,CAGTACTCAAACCAGCCCAC,0,4533236
yahL_predicted,0.043478260869565216,22,22,CAGCTGGGATGGTTGGCCTC,0,4530624
yahL_predicted,0.043478260869565216,22,22,CAGACTCCATCCGTGCGGAT,0,4521714
yahL_predicted,0.043478260869565216,22,22,CACGTCAAATTATAGCTCTG,0,4533366
yahL_predicted,0.043478260869565216,22,22,CACACCATGCGCGCCCTGTA,0,4525063
yahL_predicted,0.043478260869565216,22,22,CACAAGCTAAATGTCAACGG,0,4517799
yahL_predicted,0.043478260869565216,22,22,CAATTGCGATTGGCATAATT,0,4518489
yahL_predicted,0.043478260869565216,22,22,CAACGGGCAAGACCCGCAAC,0,4525178
yahL_predicted,0.043478260869565216,22,22,ATTTGTCTCGGCTCTCGGTC,0,4528003
yahL_predicted,0.043478260869565216,22,22,ATGGCGATGGTAAGGATGGC,0,4528452
yahL_predicted,0.043478260869565216,22,22,ATGCTGACGGCCGAAGCTCA,0,4521877
yahL_predicted,0.043478260869565216,22,22,ATGAGACAACCGGCAGGCCG,0,4529542
yahL_predicted,0.043478260869565216,22,22,ATCGGCATTGGATTCGCTCT,0,4523350
yahL_predicted,0.043478260869565216,22,22,ATCAACCAATCGCATATATA,0,4535212
yahL_predicted,0.043478260869565216,22,22,ATACAGCGGGATTGAGTTGA,0,4524276
yahL_predicted,0.043478260869565216,22,22,AGTAAGTTGCCCGTTCACTG,0,4525738
yahL_predicted,0.043478260869565216,22,22,AGGGGGCGATTCGGTAAGCG,0,4531528
yahL_predicted,0.043478260869565216,22,22,ACTTGGGCTAATAGGAATTA,0,4517042
yahL_predicted,0.043478260869565216,22,22,ACAATTTGGAGCGCAGATGT,0,4525776
yahL_predicted,0.043478260869565216,22,22,AATCTTACCCTTTATAAGGT,0,4522786
yahL_predicted,0.043478260869565216,22,22,AAGTACAATTCAACAGCTAT,0,4512482
yahL_predicted,0.043478260869565216,22,22,AACATGGAATGTCGCGAGTA,0,4542284
yahL_predicted,0.045454545454545456,21,21,TTTTCAAGTTTGTTAATGGT,0,4519773
yahL_predicted,0.045454545454545456,21,21,TTGTTCTTCTGATTGCGTGG,0,4535082
yahL_predicted,0.045454545454545456,21,21,TTGGGAGGTTTAGTTTTACG,0,4516329
yahL_predicted,0.045454545454545456,21,21,TTGCTTTTGGTACAAGCCCA,0,4542197
yahL_predicted,0.045454545454545456,21,21,TTGATAAGGCCCTTGCTATG,0,4519568
yahL_predicted,0.045454545454545456,21,21,TTCGGCTCAGCGAAATTTAT,0,4529245
yahL_predicted,0.045454545454545456,21,21,TTAAGCAGCCTGGGGCCGGC,0,4512806
yahL_predicted,0.045454545454545456,21,21,TGTTTCGGTCATGAACAATG,0,4527202
yahL_predicted,0.045454545454545456,21,21,TGGGACGCAGACGGCGATGC,0,4529500
yahL_predicted,0.045454545454545456,21,21,TGGCATCCAGACTCAGGCTC,0,4523975
yahL_predicted,0.045454545454545456,21,21,TGGAAATCACGGTGCTGATT,0,4516041
yahL_predicted,0.045454545454545456,21,21,TGCGGCGTGATGGTTGTTTC,0,4532756
yahL_predicted,0.045454545454545456,21,21,TGCAACGTCTGTATTATCAT,0,4536908
yahL_predicted,0.045454545454545456,21,21,TGACCCCGAAGGTCATTTAT,0,4522973
yahL_predicted,0.045454545454545456,21,21,TCTCATGGTGCATCGCCGAA,0,4530716
yahL_predicted,0.045454545454545456,21,21,TCTAGGCCCCGACTCAGAAC,0,4514081
yahL_predicted,0.045454545454545456,21,21,TCGGCTATGCGGCTGCGATC,0,4527316
yahL_predicted,0.045454545454545456,21,21,TCCTTCGTAGCCCTACGAGT,0,4535666
yahL_predicted,0.045454545454545456,21,21,TCCGCGGTGGCAGTAATGCG,0,4514610
yahL_predicted,0.045454545454545456,21,21,TCAGTATTACGGAGAAGCCC,0,4521763
yahL_predicted,0.045454545454545456,21,21,TCACTATTCTCTTTTGAGAT,0,4522756
yahL_predicted,0.045454545454545456,21,21,TATCAATGCTAATTTATGTA,0,4520295
yahL_predicted,0.045454545454545456,21,21,TATAAATTCTCGGAACTGAT,0,4512567
yahL_predicted,0.045454545454545456,21,21,TAGGAGAGACCAGGATAAGG,0,4516784
yahL_predicted,0.045454545454545456,21,21,TAGGACTAAGGAAGACAGAA,0,4519629
yahL_predicted,0.045454545454545456,21,21,TAGAGTTAGGGACTGAGAGC,0,4527650
yahL_predicted,0.045454545454545456,21,21,TAGAGCGACAGCTATTTGTC,0,4525269
yahL_predicted,0.045454545454545456,21,21,TACTGGTATTTGCCGAGATC,0,4529854
yahL_predicted,0.045454545454545456,21,21,TAATGTGGGTTCTTCGGACT,0,4518499
yahL_predicted,0.045454545454545456,21,21,TAAGTGACCAAATCGTTATT,0,4531674
yahL_predicted,0.045454545454545456,21,21,TAAGATCGGTTTATGAAGCT,0,4523020
yahL_predicted,0.045454545454545456,21,21,TAAACGCAACGGGGACATGG,0,4516261
yahL_predicted,0.045454545454545456,21,21,GTGAAACCATACGACCGTAC,0,4526611
yahL_predicted,0.045454545454545456,21,21,GTCCTGATGCACAACCCGAA,0,4515329
yahL_predicted,0.045454545454545456,21,21,GTCAGCTCATCCGAGCCTGT,0,4516275
yahL_predicted,0.045454545454545456,21,21,GTAGGCCGCCGGGGGGATTA,0,4543581
yahL_predicted,0.045454545454545456,21,21,GGTCATGCGCGTCATTTTTG,0,4517115
yahL_predicted,0.045454545454545456,21,21,GGGGCTTTTCTACCGATAGG,0,4514204
yahL_predicted,0.045454545454545456,21,21,GGCCCATGCATTCGTTCAGT,0,4515083
yahL_predicted,0.045454545454545456,21,21,GCTTTGCCCCTAATAGAGGA,0,4518325
yahL_predicted,0.045454545454545456,21,21,GCTGTTACGGGTGCAGAATT,0,4522649
yahL_predicted,0.045454545454545456,21,21,GCTCCGCTGTGTTAGAAACT,0,4544063
yahL_predicted,0.045454545454545456,21,21,GCGCTCTCGCACGGGACATG,0,4514802
yahL_predicted,0.045454545454545456,21,21,GCAACTGTTACAAATTTACG,0,4536711
yahL_predicted,0.045454545454545456,21,21,GAGTCTTGCTAGCACTCAAT,0,4534433
yahL_predicted,0.045454545454545456,21,21,GAGCTTCGTAAGGGCGGGCT,0,4529589
yahL_predicted,0.045454545454545456,21,21,GAGCTACCTGATGGGTAAGA,0,4515727
yahL_predicted,0.045454545454545456,21,21,GAGCTACCGAGGCCTTGTTG,0,4512110
yahL_predicted,0.045454545454545456,21,21,GACATTGTCGGCAAGATAGC,0,4526769
yahL_predicted,0.045454545454545456,21,21,GAAGAGGGAATCATAAGCGT,0,4519885
yahL_predicted,0.045454545454545456,21,21,GAAAGACCCTTCTAACCGAT,0,4529040
yahL_predicted,0.045454545454545456,21,21,CTTTCGCCTGGCCATCGGAA,0,4517797
yahL_predicted,0.045454545454545456,21,21,CTTTAAACATCGGAATCGTT,0,4535670
yahL_predicted,0.045454545454545456,21,21,CTTGGTTTAGCTGACCCACC,0,4521323
yahL_predicted,0.045454545454545456,21,21,CTTGAAGTTACGTAGTTCTA,0,4521001
yahL_predicted,0.045454545454545456,21,21,CTGTTGTCCAAAATTCGCCC,0,4526137
yahL_predicted,0.045454545454545456,21,21,CTCGCTAAAGCGGCTTTATC,0,4532579
yahL_predicted,0.045454545454545456,21,21,CTCGCCCCAAGTATTACAGC,0,4522339
yahL_predicted,0.045454545454545456,21,21,CTCACAATCGAAGTTGAACT,0,4534940
yahL_predicted,0.045454545454545456,21,21,CTATCTTGGCTATATGCTTG,0,4518019
yahL_predicted,0.045454545454545456,21,21,CGTATGGAAATAACATTTTG,0,4527203
yahL_predicted,0.045454545454545456,21,21,CGGGATGCTGTATCTGATTA,0,4531054
yahL_predicted,0.045454545454545456,21,21,CGCTTGATATACGAGTCCAG,0,4535915
yahL_predicted,0.045454545454545456,21,21,CGCTGGAGTTGGACAATGGT,0,4517323
yahL_predicted,0.045454545454545456,21,21,CGCTCCTCTACTAATTTGAT,0,4530714
yahL_predicted,0.045454545454545456,21,21,CGAACGATGAGAGCATTAGA,0,4514173
yahL_predicted,0.045454545454545456,21,21,CCTTTGGTGGTTTGATATAG,0,4536743
yahL_predicted,0.045454545454545456,21,21,CCTCTAACAAGAGACAACAT,0,4542813
yahL_predicted,0.045454545454545456,21,21,CCTACGCGTTTGGGCGTGCT,0,4513581
yahL_predicted,0.045454545454545456,21,21,CCAGCTTTATTACCGCAATC,0,4515696
yahL_predicted,0.045454545454545456,21,21,CCACTGCCACGTAAGTCCAC,0,4524792
yahL_predicted,0.045454545454545456,21,21,CCAACTCGCAACAACGTCTA,0,4532185
yahL_predicted,0.045454545454545456,21,21,CATGACTTGCATCATTCGTG,0,4515999
yahL_predicted,0.045454545454545456,21,21,CATCAAGGGTCGAAAACACG,0,4517792
yahL_predicted,0.045454545454545456,21,21,CATCAACGTGAATTGGTTAC,0,4529379
yahL_predicted,0.045454545454545456,21,21,CAGTCCACCCCTACTTTATA,0,4522357
yahL_predicted,0.045454545454545456,21,21,CAGCCGTCCGTGTACCGTCC,0,4515731
yahL_predicted,0.045454545454545456,21,21,CACGTACCAAGTCTCGTCAG,0,4516916
yahL_predicted,0.045454545454545456,21,21,CACCCGCTAAATTCCGCCTT,0,4527071
yahL_predicted,0.045454545454545456,21,21,CAATGCCTGATGCACACTAA,0,4517641
yahL_predicted,0.045454545454545456,21,21,ATTTTCGAGAGAAGTGGGGT,0,4527420
yahL_predicted,0.045454545454545456,21,21,ATGTCTGTGGTACCAGAGGG,0,4536495
yahL_predicted,0.045454545454545456,21,21,ATGGCCTTCGCAAGACGGCT,0,4524318
yahL_predicted,0.045454545454545456,21,21,ATCGGATCCCTACGCATTGG,0,4522803
yahL_predicted,0.045454545454545456,21,21,ATATTGAGTGACGTGGTGCC,0,4530129
yahL_predicted,0.045454545454545456,21,21,ATAGCTAAGCAGTTAGGGGT,0,4521912
yahL_predicted,0.045454545454545456,21,21,ATAACACATCCTGCGTACGA,0,4524892
yahL_predicted,0.045454545454545456,21,21,AGTTTTAAGCAGTGTGCGTG,0,4528390
yahL_predicted,0.045454545454545456,21,21,AGTTCGCAGCGCGTCAGTCG,0,4512960
yahL_predicted,0.045454545454545456,21,21,AGTCCTATATGGGACCGCAA,0,4515416
yahL_predicted,0.045454545454545456,21,21,AGCCTTCCAAGGTATGACCT,0,4519264
yahL_predicted,0.045454545454545456,21,21,AGATATACCTCCATCGACCC,0,4530661
yahL_predicted,0.045454545454545456,21,21,AGAGTGGGCGACCAAGGTGG,0,4516570
yahL_predicted,0.045454545454545456,21,21,AGAAAAGTTCGCGGTTGGCT,0,4522707
yahL_predicted,0.045454545454545456,21,21,ACTAATTTGGCCTTGGCACC,0,4525414
yahL_predicted,0.045454545454545456,21,21,ACCTCGGCTCGTAGCCTTCG,0,4527239
yahL_predicted,0.045454545454545456,21,21,ACCTATATCAGGCCCCTTAC,0,4515169
yahL_predicted,0.045454545454545456,21,21,ACCCGTTAGTTGATAGAGAA,0,4539076
yahL_predicted,0.045454545454545456,21,21,ACAATCTCCCGTCCATGTCA,0,4530773
yahL_predicted,0.045454545454545456,21,21,ACAATACATACGGTTAAGAC,0,4515437
yahL_predicted,0.045454545454545456,21,21,ACAACCTTCGCAGCTTTCGA,0,4534617
yahL_predicted,0.045454545454545456,21,21,AATTGTACACCCGCCAAAGA,0,4531297
yahL_predicted,0.047619047619047616,20,20,TTTTGACGGCTCTTCCTTAC,0,4512262
yahL_predicted,0.047619047619047616,20,20,TTGCCCTTTGTCCACGGAAG,0,4526316
yahL_predicted,0.047619047619047616,20,20,TTCTTGGTCCTGCCCCCGTT,0,4528992
yahL_predicted,0.047619047619047616,20,20,TTAGCCATATGGGCCAGTAC,0,4530927
yahL_predicted,0.047619047619047616,20,20,TTAAGGTTGCGGCTGGACAT,0,4516153
yahL_predicted,0.047619047619047616,20,20,TGTGACATGAAAGTACTCGG,0,4517404
yahL_predicted,0.047619047619047616,20,20,TCTTAGTACATAAGTAGCGG,0,4537557
yahL_predicted,0.047619047619047616,20,20,TCTACATGTTTGTTACGCCT,0,4538015
yahL_predicted,0.047619047619047616,20,20,TCGCGGAGAGGCATTCGAAG,0,4531400
yahL_predicted,0.047619047619047616,20,20,TCCTGCGGTTCATAGCCTAG,0,4531142
yahL_predicted,0.047619047619047616,20,20,TCATTAGTCCTCTCTAAATT,0,4538071
yahL_predicted,0.047619047619047616,20,20,TATTTAGTGAACAGCCACGA,0,4534826
yahL_predicted,0.047619047619047616,20,20,TATGCCGTCTATAGAGTTTA,0,4519909
yahL_predicted,0.047619047619047616,20,20,TATCGGTGTCAAACACATGC,0,4539370
yahL_predicted,0.047619047619047616,20,20,TATCAGACCGTGCGTTTCTA,0,4525725
yahL_predicted,0.047619047619047616,20,20,TAGCTTTTCCTACGGGTCTG,0,4536796
yahL_predicted,0.047619047619047616,20,20,TAGCTACCTATTCACGGTTA,0,4543490
yahL_predicted,0.047619047619047616,20,20,TACTAGGGCTGGCGTTAATC,0,4520017
yahL_predicted,0.047619047619047616,20,20,TACGTTTATCTATCCGTGTC,0,4533030
yahL_predicted,0.047619047619047616,20,20,TACGGGGGGGCAGAAGCCTT,0,4517481
yahL_predicted,0.047619047619047616,20,20,TACAAGAGTATACAGATTGA,0,4516823
yahL_predicted,0.047619047619047616,20,20,TAAGAGGTCCGTGGCAGGAG,0,4540894
yahL_predicted,0.047619047619047616,20,20,TAACGTCTTGTTTTGTACAG,0,4528283
yahL_predicted,0.047619047619047616,20,20,GTTGACCAATATTTCGGCCA,0,4513924
yahL_predicted,0.047619047619047616,20,20,GTTACGAGGATAGAGACCTG,0,4543364
yahL_predicted,0.047619047619047616,20,20,GTGTTACGCTTATTTTAGGT,0,4519490
yahL_predicted,0.047619047619047616,20,20,GTGTATGAATCGGTAATTAA,0,4523333
yahL_predicted,0.047619047619047616,20,20,GTCCTGAATCCCGGATTTTC,0,4523515
yahL_predicted,0.047619047619047616,20,20,GTCCCCCATTGTCGGGCACA,0,4528449
yahL_predicted,0.047619047619047616,20,20,GTCATCCTCTACAGTGTATA,0,4542896
yahL_predicted,0.047619047619047616,20,20,GTACGGGGAGATACTCGGGA,0,4535009
yahL_predicted,0.047619047619047616,20,20,GGTCTCGGCGGTTATATTAT,0,4540678
yahL_predicted,0.047619047619047616,20,20,GGTCCTTCAATCAACCCACT,0,4526878
yahL_predicted,0.047619047619047616,20,20,GGTATAACGGAATTCTGTAC,0,4513476
yahL_predicted,0.047619047619047616,20,20,GGTAGTTTAAAGTCTCCGCG,0,4529967
yahL_predicted,0.047619047619047616,20,20,GGGGCGGCGTCGAAGGAGAC,0,4520803
yahL_predicted,0.047619047619047616,20,20,GCTGGATCATCTATAGCCTG,0,4519204
yahL_predicted,0.047619047619047616,20,20,GCGGTGTGCGGACTCTCTAC,0,4528724
yahL_predicted,0.047619047619047616,20,20,GCCCACCGTGGCATCGCGAG,0,4517725
yahL_predicted,0.047619047619047616,20,20,GATATCCCCACGGTTACGGA,0,4512228
yahL_predicted,0.047619047619047616,20,20,GAGTGTTAGTTACGATTGAA,0,4512957
yahL_predicted,0.047619047619047616,20,20,GACGGAACCAGTGCAGATAA,0,4519153
yahL_predicted,0.047619047619047616,20,20,CTTGACCACCTATGAGATTC,0,4515116
yahL_predicted,0.047619047619047616,20,20,CTGGTACAGTTACAAGCCTT,0,4535055
yahL_predicted,0.047619047619047616,20,20,CTGAGTCAGTATGCCCAGGA,0,4527461
yahL_predicted,0.047619047619047616,20,20,CTCGATATCTAGGTCGATAA,0,4512426
yahL_predicted,0.047619047619047616,20,20,CTCCTACCGCTTATATGCGT,0,4512202
yahL_predicted,0.047619047619047616,20,20,CTCAGCGTTAAGCCCTCGAA,0,4537763
yahL_predicted,0.047619047619047616,20,20,CTCACTCGTGCTGTTCTGAA,0,4513121
yahL_predicted,0.047619047619047616,20,20,CTATCTCTCCGGCCGTTAGT,0,4525276
yahL_predicted,0.047619047619047616,20,20,CTACGAGACCGACGAATAGG,0,4539647
yahL_predicted,0.047619047619047616,20,20,CTAAAACGTGAGCGCAGTTA,0,4515403
yahL_predicted,0.047619047619047616,20,20,CGTTAAAAGTGGGAAGTCTC,0,4527153
yahL_predicted,0.047619047619047616,20,20,CGGTCGAGGACGGGAATGGT,0,4520521
yahL_predicted,0.047619047619047616,20,20,CGGGTTCCCCAGTGCTGGAC,0,4529732
yahL_predicted,0.047619047619047616,20,20,CGGAAGAGCATGTTGCGTAT,0,4528545
yahL_predicted,0.047619047619047616,20,20,CGCATCAATGGCCACTATCT,0,4522278
yahL_predicted,0.047619047619047616,20,20,CGCAGCGCGGGGGGAGGGTA,0,4523103
yahL_predicted,0.047619047619047616,20,20,CGACGGCTGCGGTAGCTATT,0,4533402
yahL_predicted,0.047619047619047616,20,20,CCTCGGTGGACCACGGCACC,0,4523359
yahL_predicted,0.047619047619047616,20,20,CCTCCCGCCAGCGAGGTTGG,0,4518714
yahL_predicted,0.047619047619047616,20,20,CCTCAATGTCTGGAGACAAT,0,4524360
yahL_predicted,0.047619047619047616,20,20,CCTAGTACTAGACTTCTAGG,0,4513883
yahL_predicted,0.047619047619047616,20,20,CCGGCTCATAGGGCATCGCG,0,4539305
yahL_predicted,0.047619047619047616,20,20,CCATTCGCTACATGCCCACT,0,4543785
yahL_predicted,0.047619047619047616,20,20,CATTTTACGCAATCTGGGAA,0,4529435
yahL_predicted,0.047619047619047616,20,20,CATCGTGGATTCGTAAACCC,0,4517995
yahL_predicted,0.047619047619047616,20,20,CATATCTGGGGAATAGCGTT,0,4513966
yahL_predicted,0.047619047619047616,20,20,CAGGGGGAAGGGCGAACTCT,0,4512172
yahL_predicted,0.047619047619047616,20,20,CAGCTCAGTTCTTCTGTATA,0,4519627
yahL_predicted,0.047619047619047616,20,20,CACTAGAAGGACCGAAGATG,0,4516590
yahL_predicted,0.047619047619047616,20,20,CACGCTATTCCCAAAACGCG,0,4538313
yahL_predicted,0.047619047619047616,20,20,CAAACGAATACCAGATACAC,0,4517379
yahL_predicted,0.047619047619047616,20,20,ATTTCCCGCTTCAGATCGTA,0,4519531
yahL_predicted,0.047619047619047616,20,20,ATGTGCCGCCACCTATGACT,0,4526155
yahL_predicted,0.047619047619047616,20,20,ATCGACGTCAAGTTGATCGG,0,4512511
yahL_predicted,0.047619047619047616,20,20,ATCAATTCCATAATAAAGAG,0,4512999
yahL_predicted,0.047619047619047616,20,20,ATCAAGACGTACTCCACCGA,0,4534575
yahL_predicted,0.047619047619047616,20,20,AGTGGCTAGCGATTCCTTGA,0,4530834
yahL_predicted,0.047619047619047616,20,20,AGTCTTCCAGCTGGACTCGT,0,4533367
yahL_predicted,0.047619047619047616,20,20,AGTCTCAAACCAGTTTATAT,0,4524975
yahL_predicted,0.047619047619047616,20,20,AGTCAAGGTCGCTTGCCCTA,0,4526086
yahL_predicted,0.047619047619047616,20,20,AGTACTGTTAGGTCTTGCGA,0,4536623
yahL_predicted,0.047619047619047616,20,20,AGTACCATCGCAGCATGTGC,0,4538275
yahL_predicted,0.047619047619047616,20,20,AGCCACATACTCGCAATCTG,0,4530373
yahL_predicted,0.047619047619047616,20,20,AGATATGTGTGAATGCGCTC,0,4514394
yahL_predicted,0.047619047619047616,20,20,AGAACGACTCAACCGAGCCA,0,4524414
yahL_predicted,0.047619047619047616,20,20,ACGTTTAAGAACTTGATAAT,0,4528658
yahL_predicted,0.047619047619047616,20,20,ACGCCATGGAGGTCAGATAT,0,4514068
yahL_predicted,0.047619047619047616,20,20,ACGATTACAAGTCGAGGCTG,0,4540517
yahL_predicted,0.047619047619047616,20,20,ACCACCCCAGGGACGGACCG,0,4539484
yahL_predicted,0.047619047619047616,20,20,AAGTTTTAAAGAGGGAAAAT,0,4512279
yahL_predicted,0.047619047619047616,20,20,AAGATAACTGTTGACCCTGG,0,4513636
yahL_predicted,0.047619047619047616,20,20,AACGCAAGGGCATACGCCAC,0,4528639
yahL_predicted,0.047619047619047616,20,20,AACAAGGGTTCCAAGCGCAA,0,4512424
yahL_predicted,0.05,19,19,TTTTCAGCAGCGGAATTACA,0,4513299
yahL_predicted,0.05,19,19,TTTATAAAACATGTATGGCT,0,4534259
yahL_predicted,0.05,19,19,TTTAGTTTCTAACTAACGTG,0,4531437
yahL_predicted,0.05,19,19,TTCGGTCAACGCATCGAAAA,0,4514036
yahL_predicted,0.05,19,19,TTCCTTCCACAGGTGCAGGT,0,4521713
yahL_predicted,0.05,19,19,TTCAGGAGGCACATCATAGT,0,4515494
yahL_predicted,0.05,19,19,TTATATATATAACGCGCTTA,0,4525822
yahL_predicted,0.05,19,19,TGGCAGCGTTTCAAAACGCA,0,4524723
yahL_predicted,0.05,19,19,TGGAAGACCCACGGCAACAA,0,4526493
yahL_predicted,0.05,19,19,TGACTCTGAGTAATCAAATG,0,4532201
yahL_predicted,0.05,19,19,TCTGAGGTCGGGGCTATTTA,0,4531656
yahL_predicted,0.05,19,19,TCGTGGCGTGGCCTTGACGT,0,4530799
yahL_predicted,0.05,19,19,TCCTCCCCACATTGGGGATA,0,4534060
yahL_predicted,0.05,19,19,TATGTCATTCTAAATATTAT,0,4532643
yahL_predicted,0.05,19,19,TATAGAGTGAAGGGGGCTGC,0,4512434
yahL_predicted,0.05,19,19,TACTGTTAATATAGTGTTCA,0,4532706
yahL_predicted,0.05,19,19,TAACAAGTCGGGGATCGAAA,0,4539631
yahL_predicted,0.05,19,19,GTTCGCCAGGATCGCATTTG,0,4541351
yahL_predicted,0.05,19,19,GTGGAGATGTGCCGGCGCTT,0,4527711
yahL_predicted,0.05,19,19,GTGAGATTGATGCGGGAACA,0,4515831
yahL_predicted,0.05,19,19,GTCTGCCGTTCGGGCGTCAA,0,4512260
yahL_predicted,0.05,19,19,GTCATCCCGTGCCAATGGCA,0,4525304
yahL_predicted,0.05,19,19,GGTTTTCAAAGGGGTCGATC,0,4531756
yahL_predicted,0.05,19,19,GGTCAGAGTGAGCGTGGTGT,0,4515906
yahL_predicted,0.05,19,19,GGGTTAACCAACAAAAGCTC,0,4538888
yahL_predicted,0.05,19,19,GGGATGCTAATAGGAGCAGA,0,4534670
yahL_predicted,0.05,19,19,GGCCGGGGTATCTCAGTCAA,0,4521689
yahL_predicted,0.05,19,19,GGATTCGTCTCGCAACCACC,0,4524825
yahL_predicted,0.05,19,19,GCTCGACGCATTTTGTGGGT,0,4516359
yahL_predicted,0.05,19,19,GCGGAATCCCATATAAAGTG,0,4522239
yahL_predicted,0.05,19,19,GCGCTATGATCGTTAGAAGT,0,4537836
yahL_predicted,0.05,19,19,GCCGCTACCGCGCGTGGCTC,0,4533101
yahL_predicted,0.05,19,19,GCCGCCTAATTTTTAAAATT,0,4519248
yahL_predicted,0.05,19,19,GCCGACAGCCAGGCGCCATA,0,4535942
yahL_predicted,0.05,19,19,GAGGTCCCATCAGGTGCAGT,0,4527063
yahL_predicted,0.05,19,19,GAGCCCAGCAAGATGGATAT,0,4528734
yahL_predicted,0.05,19,19,GACCATTACCTTGGAAGGAA,0,4524375
yahL_predicted,0.05,19,19,GAAGTTAATGTAGACTCAAG,0,4537613
yahL_predicted,0.05,19,19,GAAACGTGCATGGAAAGTTA,0,4518609
yahL_predicted,0.05,19,19,GAAAACGGTATACACATCAC,0,4531435
yahL_predicted,0.05,19,19,GAAAAACTCAGTTGCACTGG,0,4530450
yahL_predicted,0.05,19,19,CTTCCCTGTGCTGAGTTAGG,0,4530792
yahL_predicted,0.05,19,19,CTGTGGCGTTATGATGTGGC,0,4540441
yahL_predicted,0.05,19,19,CTCCTCGTTTACTGCGGACC,0,4537703
yahL_predicted,0.05,19,19,CTCCTCGTGGTCTTCGTATG,0,4530467
yahL_predicted,0.05,19,19,CTCAGTGTAGCCAGGCGGGG,0,4532814
yahL_predicted,0.05,19,19,CTCAAGAATAATGGCAGTCC,0,4541095
yahL_predicted,0.05,19,19,CTACTTAGCTCGACATTTGA,0,4522152
yahL_predicted,0.05,19,19,CGTCCGGGACAATACAATGT,0,4527155
yahL_predicted,0.05,19,19,CGGCTCCTCTAGGCAGAGAG,0,4521250
yahL_predicted,0.05,19,19,CGGCATGGCAATTCAAAATG,0,4512347
yahL_predicted,0.05,19,19,CGGACTCCCCGTGTAGAGTC,0,4537005
yahL_predicted,0.05,19,19,CCTGATTTGTTTGGACTGCC,0,4535941
yahL_predicted,0.05,19,19,CCCTTCCTCCAGCTTACACC,0,4542659
yahL_predicted,0.05,19,19,CCCCTCAGTGCTTAGAGGCG,0,4525356
yahL_predicted,0.05,19,19,CCCCTAATCCACGATGGACT,0,4520095
yahL_predicted,0.05,19,19,CCACGGTAACTGTTTGAAGA,0,4521107
yahL_predicted,0.05,19,19,CCACGGGGACAAGAATCAAA,0,4530294
yahL_predicted,0.05,19,19,CCAATCGTAGGGAAGAGAAA,0,4515181
yahL_predicted,0.05,19,19,CATCGGCACAGAACGGGACT,0,4513478
yahL_predicted,0.05,19,19,CAGCGGTCAAGGAGTTCTCT,0,4520988
yahL_predicted,0.05,19,19,CAGCGGATGTTACGACCGTT,0,4529536
yahL_predicted,0.05,19,19,CAGCGCGCCTCGATCAGCCC,0,4516988
yahL_predicted,0.05,19,19,CACGTTCGTTTACTCGACCC,0,4536337
yahL_predicted,0.05,19,19,CACAGCTAAAAAACGTTTGT,0,4519200
yahL_predicted,0.05,19,19,CACACGAACTGTAAGCAAGG,0,4515047
yahL_predicted,0.05,19,19,ATTTGGCGCCGGGCTAGACT,0,4512816
yahL_predicted,0.05,19,19,ATTCTTAGCGGCGGCAACAT,0,4514456
yahL_predicted,0.05,19,19,ATCCTCGGGTAACTCCGTAA,0,4533261
yahL_predicted,0.05,19,19,ATCCATCCGGCAAAGTCGGT,0,4538608
yahL_predicted,0.05,19,19,ATAGTTTCAGAGACGGGGCA,0,4533319
yahL_predicted,0.05,19,19,AGTCGGATAAGTACGTAGTA,0,4526914
yahL_predicted,0.05,19,19,AGGGGTATAAATAATGGCAT,0,4533673
yahL_predicted,0.05,19,19,AGGGGCATTCTACCCACCTG,0,4519534
yahL_predicted,0.05,19,19,AGGCTAAGGGACGACCAAGC,0,4522729
yahL_predicted,0.05,19,19,AGGAGAATGTAACTACTCCT,0,4523969
yahL_predicted,0.05,19,19,AGCGTAAACTGATTTGCCAG,0,4534862
yahL_predicted,0.05,19,19,AGCGCGGGAACGGCCCCGCT,0,4514528
yahL_predicted,0.05,19,19,AGACTGGACACCCGCCCGCA,0,4518125
yahL_predicted,0.05,19,19,ACCGCTTCCCGGACTCATTG,0,4522421
yahL_predicted,0.05,19,19,ACCCTGAGACACGGTTTTAA,0,4540873
yahL_predicted,0.05,19,19,ACAGCATTGAATGTTCGTGA,0,4532420
yahL_predicted,0.05,19,19,ACACTTATATAACAGAACGA,0,4532660
yahL_predicted,0.05,19,19,AATGCGACGACAGACAATCT,0,4519377
yahL_predicted,0.05,19,19,AATCGCAGTCTGTCGCGCTC,0,4512214
yahL_predicted,0.05,19,19,AAGGCCGTCCAGAGTTGGAT,0,4534256
yahL_predicted,0.05,19,19,AAGAGGGATCACAGAGGCGT,0,4532939
yahL_predicted,0.05,19,19,AAGAGACTAATCAACTATCA,0,4526374
yahL_predicted,0.05,19,19,AACTCACTTCTAGACCCAGA,0,4516258
yahL_predicted,0.05,19,19,AACGGTCCCTTGGAATCGTC,0,4526403
yahL_predicted,0.05,19,19,AAATGTAAGGGGTATAATGA,0,4523433
yahL_predicted,0.05,19,19,AAAATGCGTGACGACCATTA,0,4530131
yahL_predicted,0.05263157894736842,18,18,TTTCCAGACAGCTGTTCCGA,0,4539328
yahL_predicted,0.05263157894736842,18,18,TTTAACAAATGTGACATCAG,0,4517798
yahL_predicted,0.05263157894736842,18,18,TTGTTGCCCGCGACTGAGTA,0,4525270
yahL_predicted,0.05263157894736842,18,18,TTCGATGTCTCCTTGTTAGT,0,4516630
yahL_predicted,0.05263157894736842,18,18,TTATGTGGAATGGACGGGAA,0,4515019
yahL_predicted,0.05263157894736842,18,18,TGTCATGATACTACACTATC,0,4513509
yahL_predicted,0.05263157894736842,18,18,TGGGTGATAGTGATTGTTCT,0,4523480
yahL_predicted,0.05263157894736842,18,18,TGGCGGTCCCACCACCCGCA,0,4540424
yahL_predicted,0.05263157894736842,18,18,TGATTCGATTGGGGCGACAT,0,4522754
yahL_predicted,0.05263157894736842,18,18,TCTTTTTCGGTTGCCCCGTT,0,4518369
yahL_predicted,0.05263157894736842,18,18,TCTTAAAGATTGCCGCACTC,0,4536378
yahL_predicted,0.05263157894736842,18,18,TCTCGTGTAGACTGAAGTGC,0,4536502
yahL_predicted,0.05263157894736842,18,18,TCGGGAGATACCAGCAGATT,0,4531086
yahL_predicted,0.05263157894736842,18,18,TCGAATGCTCATCAAGAAGC,0,4527577
yahL_predicted,0.05263157894736842,18,18,TCATCGTAAGTATTCAAGCT,0,4522898
yahL_predicted,0.05263157894736842,18,18,TATTGAGGAATCCTCTGTCC,0,4513287
yahL_predicted,0.05263157894736842,18,18,TATCGAACTCTGGGTTTACT,0,4523158
yahL_predicted,0.05263157894736842,18,18,TATAAGGGCTCTGTTTTGTG,0,4520927
yahL_predicted,0.05263157894736842,18,18,TAGCGCTAAATCGCCCCTTA,0,4538145
yahL_predicted,0.05263157894736842,18,18,TAGCAAGCGATCGGATAACA,0,4517591
yahL_predicted,0.05263157894736842,18,18,TACGATGCGTTAGGGGTTCA,0,4537835
yahL_predicted,0.05263157894736842,18,18,TACAGCTCCTAGGGACCAAT,0,4535580
yahL_predicted,0.05263157894736842,18,18,TACACCGGAATCCGATGCGG,0,4536043
yahL_predicted,0.05263157894736842,18,18,TAAGGGCCATCAGCAACGCA,0,4542206
yahL_predicted,0.05263157894736842,18,18,TAACCCAGGGCACGTATTCA,0,4530566
yahL_predicted,0.05263157894736842,18,18,TAACATTGGTCTCCTGGAAA,0,4528872
yahL_predicted,0.05263157894736842,18,18,GTTGGCAATGCAAGTGGTCA,0,4535398
yahL_predicted,0.05263157894736842,18,18,GTTCACTAGGCTCGTGGGGA,0,4525379
yahL_predicted,0.05263157894736842,18,18,GTGTACCCGACTATGGAAAT,0,4522790
yahL_predicted,0.05263157894736842,18,18,GTGGTCTATCCGCCTGGAGG,0,4525088
yahL_predicted,0.05263157894736842,18,18,GTGGAACATGCTTAAAGGAT,0,4513731
yahL_predicted,0.05263157894736842,18,18,GTCTTAAATAGTTAGATCGT,0,4519466
yahL_predicted,0.05263157894736842,18,18,GTCTATTACTGCAGTTTGCA,0,4535187
yahL_predicted,0.05263157894736842,18,18,GTACGCAGGAACAAACGTTA,0,4526089
yahL_predicted,0.05263157894736842,18,18,GTAATCCCCAATGGAGTTTA,0,4521043
yahL_predicted,0.05263157894736842,18,18,GTAAAAACGGCTCGTGTGCC,0,4523749
yahL_predicted,0.05263157894736842,18,18,GGTGTTGTGTATGGTGAGCA,0,4522212
yahL_predicted,0.05263157894736842,18,18,GGTAGCACGGATGAGATATT,0,4522711
yahL_predicted,0.05263157894736842,18,18,GGTACCCCTAGGACAGACCC,0,4539067
yahL_predicted,0.05263157894736842,18,18,GGGTATTGTGCTATCGTTTT,0,4535044
yahL_predicted,0.05263157894736842,18,18,GGGATCACCCAGATGTTGAT,0,4529188
yahL_predicted,0.05263157894736842,18,18,GGCGCCAGGCAGCATAACGT,0,4533981
yahL_predicted,0.05263157894736842,18,18,GGCCAGTTCCTCTTACGTCT,0,4531117
yahL_predicted,0.05263157894736842,18,18,GGATTGGGACTACGGCATCA,0,4543667
yahL_predicted,0.05263157894736842,18,18,GGATGGCATAGAGGCTGACA,0,4525195
yahL_predicted,0.05263157894736842,18,18,GCGGGTGGAGCGCCTACCGT,0,4540294
yahL_predicted,0.05263157894736842,18,18,GCCCCATAACGTCACACTGG,0,4530073
yahL_predicted,0.05263157894736842,18,18,GCACTCAGATAGTCCTGGGT,0,4533451
yahL_predicted,0.05263157894736842,18,18,GCAATCACGAATCTGGTACA,0,4534339
yahL_predicted,0.05263157894736842,18,18,GATTTTGGGAAGGTGTACAA,0,4515539
yahL_predicted,0.05263157894736842,18,18,GATCCCGACTTCGGGCGACC,0,4518831
yahL_predicted,0.05263157894736842,18,18,GAGTGGTGAACTTTTGATCT,0,4514783
yahL_predicted,0.05263157894736842,18,18,GAGTCGCAGAGGGGTCCAGG,0,4513232
yahL_predicted,0.05263157894736842,18,18,GAGGTCGGCCTCTGTCCAGG,0,4534258
yahL_predicted,0.05263157894736842,18,18,GAATGCTTTAGTCAACGCTT,0,4532497
yahL_predicted,0.05263157894736842,18,18,GAAGCCTATTGTGCAGGGTG,0,4525061
yahL_predicted,0.05263157894736842,18,18,CTCGCTTCCTCTCGGATGTG,0,4521427
yahL_predicted,0.05263157894736842,18,18,CTCCGCTATAGGGTCGATTG,0,4513773
yahL_predicted,0.05263157894736842,18,18,CTCAAGTGTGTTGTCCCCAA,0,4538385
yahL_predicted,0.05263157894736842,18,18,CTATATCAATAGGCAAGTCT,0,4537539
yahL_predicted,0.05263157894736842,18,18,CTAAACGAGAGCCCTAGGAG,0,4518216
yahL_predicted,0.05263157894736842,18,18,CGTTACTATCAGTTGGACGG,0,4520096
yahL_predicted,0.05263157894736842,18,18,CGTGTGTGCAACCGCTGTAA,0,4527654
yahL_predicted,0.05263157894736842,18,18,CGGGAGCGCTCTGGGCAAAG,0,4527888
yahL_predicted,0.05263157894736842,18,18,CGGACGGAGACCGACCTGCA,0,4525413
yahL_predicted,0.05263157894736842,18,18,CGCTTGAGCGAGTTAAGCCG,0,4536519
yahL_predicted,0.05263157894736842,18,18,CGCTTATGCGAAAGTTTGGC,0,4542370
yahL_predicted,0.05263157894736842,18,18,CGCTATCGAGGGTCTAAATG,0,4542000
yahL_predicted,0.05263157894736842,18,18,CGCGTCATGACAAGTTCGAT,0,4537687
yahL_predicted,0.05263157894736842,18,18,CGAGGCGAGTTTGCCTGGCA,0,4528267
yahL_predicted,0.05263157894736842,18,18,CGACCAGGATCGGTGACACA,0,4542650
yahL_predicted,0.05263157894736842,18,18,CCGGCAGCCGCTAAGAGACC,0,4522086
yahL_predicted,0.05263157894736842,18,18,CCGAGGCACCGTTATATCTT,0,4520591
yahL_predicted,0.05263157894736842,18,18,CCGACCATGAGTACCGCTCT,0,4516380
yahL_predicted,0.05263157894736842,18,18,CATGTCTCGACAAGTCGATA,0,4541234
yahL_predicted,0.05263157894736842,18,18,CATGTAACCACTCTTTCCGC,0,4522660
yahL_predicted,0.05263157894736842,18,18,CATAGTTAAGCGAGGTATAT,0,4527283
yahL_predicted,0.05263157894736842,18,18,CATAAGGCTCTGCACGGCAC,0,4533785
yahL_predicted,0.05263157894736842,18,18,CAGTTGATTGGGCCAGCCCA,0,4516725
yahL_predicted,0.05263157894736842,18,18,CAGCGACAAACGTTTTCCAT,0,4523851
yahL_predicted,0.05263157894736842,18,18,CAGCCAAACTAACAGTGGTT,0,4518460
yahL_predicted,0.05263157894736842,18,18,CACGTTCCTGCTTCATCTAC,0,4526291
yahL_predicted,0.05263157894736842,18,18,CACCACCCTCGATGTGCTCC,0,4513849
yahL_predicted,0.05263157894736842,18,18,CAAGGTAAGGGATACTGAGT,0,4520334
yahL_predicted,0.05263157894736842,18,18,CAAACTAAGACAGCGAATAT,0,4521595
yahL_predicted,0.05263157894736842,18,18,ATTGGGCAGAAGTACTGACC,0,4512856
yahL_predicted,0.05263157894736842,18,18,ATGGATGGCGGTTTTGTTCG,0,4527049
yahL_predicted,0.05263157894736842,18,18,ATCCTTGAGTTCTCCCTTTT,0,4515971
yahL_predicted,0.05263157894736842,18,18,ATCCAGCTTCTCCGCCAGCC,0,4540542
yahL_predicted,0.05263157894736842,18,18,ATCATACGGCTCTTTTTAGA,0,4539773
yahL_predicted,0.05263157894736842,18,18,ATAGGTTTAATTTCGGTGCA,0,4543262
yahL_predicted,0.05263157894736842,18,18,ATAGCGGTTTCGCTTTTCCT,0,4515275
yahL_predicted,0.05263157894736842,18,18,ATAGCCTTCACGGCGCACGG,0,4516781
yahL_predicted,0.05263157894736842,18,18,ATAAAGCAGAGCTCGCAATA,0,4524633
yahL_predicted,0.05263157894736842,18,18,AGTTCGACTCTCGCGGGCGT,0,4524243
yahL_predicted,0.05263157894736842,18,18,AGGTATCGTCTATATCAAGA,0,4515431
yahL_predicted,0.05263157894736842,18,18,AGGCAAGTGATGCGTTCATC,0,4522335
yahL_predicted,0.05263157894736842,18,18,AGCTCTAGGACAAAGCCAAG,0,4526964
yahL_predicted,0.05263157894736842,18,18,AGACGGCGATTATAGATGCA,0,4527336
yahL_predicted,0.05263157894736842,18,18,AGACGCAGGCATAGATACGA,0,4524440
yahL_predicted,0.05263157894736842,18,18,AGAAGCAAGGCATAGCGTGC,0,4518905
yahL_predicted,0.05263157894736842,18,18,ACTTGAAGATCGGGTCGATG,0,4517801
yahL_predicted,0.05263157894736842,18,18,ACTCAGGTACGCAGCTTGAT,0,4523852
yahL_predicted,0.05263157894736842,18,18,ACGGTAGTAGCCGATGAACT,0,4513683
yahL_predicted,0.05263157894736842,18,18,ACGGAGGGAAGTGTCTCAGT,0,4523599
yahL_predicted,0.05263157894736842,18,18,ACCCGATCGGTGAGAATAAA,0,4521279
yahL_predicted,0.05263157894736842,18,18,ACAGCCTTGCCACGGTATAG,0,4520132
yahL_predicted,0.05263157894736842,18,18,AATTTGCCGGACATTTCATA,0,4534319
yahL_predicted,0.05263157894736842,18,18,AATGTGGGCGTAAACGCTCC,0,4534219
yahL_predicted,0.05263157894736842,18,18,AAGTTCATTGTGTAACGCTA,0,4533490
yahL_predicted,0.05263157894736842,18,18,AAGGCCCGCGACGTGGGGGA,0,4513119
yahL_predicted,0.05263157894736842,18,18,AAGGAGTTCAACGGTTCACA,0,4535071
yahL_predicted,0.05263157894736842,18,18,AAGCGAGCCGTGTGGATGCA,0,4526312
yahL_predicted,0.05263157894736842,18,18,AACGATCTCATAGTATGGAG,0,4534344
yahL_predicted,0.05263157894736842,18,18,AAATGGTCGGCCGGACTAAA,0,4513342
yahL_predicted,0.05263157894736842,18,18,AAAGTGGCAGCCGTACTTCT,0,4540068
yahL_predicted,0.05555555555555555,17,17,TTTTTACCGACCTCCTTTTG,0,4538008
yahL_predicted,0.05555555555555555,17,17,TTTTCGGGTTAGTGCAACTT,0,4536024
yahL_predicted,0.05555555555555555,17,17,TTTTATAGACTGTCCACCGA,0,4523254
yahL_predicted,0.05555555555555555,17,17,TTTGCGGCCGCCTTCTTGTT,0,4540709
yahL_predicted,0.05555555555555555,17,17,TTGTGCCGCAGACTTGAATA,0,4513041
yahL_predicted,0.05555555555555555,17,17,TTCGTTACGCTCATTGCATC,0,4533456
yahL_predicted,0.05555555555555555,17,17,TTCGCACGCAAGCGTAGGTA,0,4515385
yahL_predicted,0.05555555555555555,17,17,TTATTGGTGCCAATTGTATT,0,4522634
yahL_predicted,0.05555555555555555,17,17,TTACGTTGGCGACTTCCGTT,0,4530993
yahL_predicted,0.05555555555555555,17,17,TTACGGTTGCTGGCAACGTG,0,4529494
yahL_predicted,0.05555555555555555,17,17,TTAAGCCAATTGTTGCTCCT,0,4526144
yahL_predicted,0.05555555555555555,17,17,TGTGGGTCTATCGCTAGGTT,0,4540946
yahL_predicted,0.05555555555555555,17,17,TGTGATGGAAACCAGTGGCG,0,4535236
yahL_predicted,0.05555555555555555,17,17,TGTATAATACATCTTTAACT,0,4521486
yahL_predicted,0.05555555555555555,17,17,TGTACCGAGAGCATCTAAGT,0,4514560
yahL_predicted,0.05555555555555555,17,17,TGGGGCCTGCATGTATCAAT,0,4519916
yahL_predicted,0.05555555555555555,17,17,TGCAAAGCCAGAGTAGTGGG,0,4524917
yahL_predicted,0.05555555555555555,17,17,TGATCGGACTAGGTATGAAG,0,4523692
yahL_predicted,0.05555555555555555,17,17,TGAGTAACCAGCGCATGGCG,0,4538470
yahL_predicted,0.05555555555555555,17,17,TGAGCTATGGCGTGGGGCGA,0,4518353
yahL_predicted,0.05555555555555555,17,17,TGAGCGCCATGCCGACTACA,0,4539242
yahL_predicted,0.05555555555555555,17,17,TGACCACTCAAATGACCTGA,0,4519094
yahL_predicted,0.05555555555555555,17,17,TCTTCAAGTCGCTGTCCGAT,0,4538988
yahL_predicted,0.05555555555555555,17,17,TCGCGGATCACCCTGGTGCA,0,4515759
yahL_predicted,0.05555555555555555,17,17,TCAGGTGAAGGGGATATAGT,0,4529448
yahL_predicted,0.05555555555555555,17,17,TATCTCCCCTTTGGGAGTCA,0,4525900
yahL_predicted,0.05555555555555555,17,17,TAGGTCATACGTAATCTGGT,0,4514163
yahL_predicted,0.05555555555555555,17,17,TACCTTGCGCCGAGCAGTAA,0,4527626
yahL_predicted,0.05555555555555555,17,17,TAATATCGGTTCTGTTTCAG,0,4538109
yahL_predicted,0.05555555555555555,17,17,TAATACCAGTATACTGCGAA,0,4537454
yahL_predicted,0.05555555555555555,17,17,TAACGATCAAACGAGTAGTT,0,4522826
yahL_predicted,0.05555555555555555,17,17,TAAAGGACCGGATTGACACG,0,4537926
yahL_predicted,0.05555555555555555,17,17,GTTCATAGCAAGGACCAGAT,0,4541983
yahL_predicted,0.05555555555555555,17,17,GTCCCATATAGCCAGCGTGG,0,4512104
yahL_predicted,0.05555555555555555,17,17,GTAAGTACCCTCTAGACTAT,0,4525709
yahL_predicted,0.05555555555555555,17,17,GGTCGTTAGAGCTCCACTCA,0,4519769
yahL_predicted,0.05555555555555555,17,17,GGGGCCAGTGACCGCGACGT,0,4533141
yahL_predicted,0.05555555555555555,17,17,GGGAGTGATCATAACGACTT,0,4517177
yahL_predicted,0.05555555555555555,17,17,GGCTTCGTGCGTGTTATCAA,0,4512853
yahL_predicted,0.05555555555555555,17,17,GGATGTACGGCACTATACGG,0,4533828
yahL_predicted,0.05555555555555555,17,17,GGAGTGGGGCAGAACAGGAG,0,4524223
yahL_predicted,0.05555555555555555,17,17,GGAATACCGCAACACGATGG,0,4520212
yahL_predicted,0.05555555555555555,17,17,GCGTCCGGGTGTCTACGCCA,0,4525574
yahL_predicted,0.05555555555555555,17,17,GCGCGGTGTCACAAATGTGA,0,4531350
yahL_predicted,0.05555555555555555,17,17,GCGCGAAGCGCAAGAATACT,0,4540934
yahL_predicted,0.05555555555555555,17,17,GCGATTGTAGCCGAAGGCTG,0,4529573
yahL_predicted,0.05555555555555555,17,17,GCCTCGTATTGGGTACGCAT,0,4524536
yahL_predicted,0.05555555555555555,17,17,GCCTCAAGGGTTCGTGTGCT,0,4543737
yahL_predicted,0.05555555555555555,17,17,GCAGCGGTATGTGGTTCCCA,0,4527337
yahL_predicted,0.05555555555555555,17,17,GCACGATTCATTGTAAAAGC,0,4530680
yahL_predicted,0.05555555555555555,17,17,GATGCTCATGCGCGCAGGAA,0,4540691
yahL_predicted,0.05555555555555555,17,17,GATGAATAGAACAAGTAAAT,0,4521712
yahL_predicted,0.05555555555555555,17,17,GATCTTCTTGTGAGGAACAT,0,4525755
yahL_predicted,0.05555555555555555,17,17,GACGGGGGAATGTCTAGTGT,0,4543543
yahL_predicted,0.05555555555555555,17,17,GACCTGCCGCTTAGCGATGA,0,4512343
yahL_predicted,0.05555555555555555,17,17,GACACATTCTTTCTAGCCCC,0,4516785
yahL_predicted,0.05555555555555555,17,17,GACAAACCCTTAGACGATCG,0,4522595
yahL_predicted,0.05555555555555555,17,17,GAATATAGAAGTATCCGCAT,0,4513758
yahL_predicted,0.05555555555555555,17,17,GAAATCCCTCTGGTGCTTAA,0,4530791
yahL_predicted,0.05555555555555555,17,17,CTTGTAAAACCTCGATCCCC,0,4516274
yahL_predicted,0.05555555555555555,17,17,CTTACTCACTGCCGTCTACA,0,4537369
yahL_predicted,0.05555555555555555,17,17,CTCTGAGCGACTGTGTAGTT,0,4531010
yahL_predicted,0.05555555555555555,17,17,CTCGTCTAACGGTGACGGAC,0,4517077
yahL_predicted,0.05555555555555555,17,17,CTAGGCATGCCCTGCACTCA,0,4539184
yahL_predicted,0.05555555555555555,17,17,CTACGCGTGTGGGATCGCGT,0,4542312
yahL_predicted,0.05555555555555555,17,17,CTAACCTGTTTTCGCTCCTG,0,4543925
yahL_predicted,0.05555555555555555,17,17,CTAAAGTGCGATACTTTCGA,0,4527785
yahL_predicted,0.05555555555555555,17,17,CGTGGCAATCTGCTGTGAAT,0,4526904
yahL_predicted,0.05555555555555555,17,17,CGTCAATTGTTTAGCACCAA,0,4518264
yahL_predicted,0.05555555555555555,17,17,CGTACATGTTGATGTATCAG,0,4520401
yahL_predicted,0.05555555555555555,17,17,CGTAAAAGGTCGGAGGGGCA,0,4524634
yahL_predicted,0.05555555555555555,17,17,CGGATAACCAGGAGCTATAC,0,4515674
yahL_predicted,0.05555555555555555,17,17,CGCTCGCCGCTGACGGCGAT,0,4534987
yahL_predicted,0.05555555555555555,17,17,CGCTAAGCAATCAAGGACGA,0,4538515
yahL_predicted,0.05555555555555555,17,17,CGCGTAGTCTCGGATAACTA,0,4526423
yahL_predicted,0.05555555555555555,17,17,CGCGGGGTGAACAGAAGTCT,0,4519036
yahL_predicted,0.05555555555555555,17,17,CGCCTTTATCGATACATATA,0,4528315
yahL_predicted,0.05555555555555555,17,17,CCTCGCTAACGTCTTAGGAC,0,4516935
yahL_predicted,0.05555555555555555,17,17,CCTATCAAGGGCATCCCTTC,0,4519770
yahL_predicted,0.05555555555555555,17,17,CCGCCTTTACCCATCTGTAA,0,4516473
yahL_predicted,0.05555555555555555,17,17,CCATATTGGTCCCTCCCTGC,0,4512832
yahL_predicted,0.05555555555555555,17,17,CCAAAGTAGACATGTAATCC,0,4522219
yahL_predicted,0.05555555555555555,17,17,CATTGTGTGAAAATATCAGA,0,4534667
yahL_predicted,0.05555555555555555,17,17,CATCTCTCCTTGTTACCTTG,0,4532030
yahL_predicted,0.05555555555555555,17,17,CATAACACTTATAATAGTTT,0,4540220
yahL_predicted,0.05555555555555555,17,17,CAGTCTCGTGCAACTCCTGC,0,4517322
yahL_predicted,0.05555555555555555,17,17,CAGGTAGTTGTGGCACGAAG,0,4527135
yahL_predicted,0.05555555555555555,17,17,CAGCACTTGGTTTACGACAG,0,4523943
yahL_predicted,0.05555555555555555,17,17,CACGCTTCTCGATAGCTGGC,0,4515034
yahL_predicted,0.05555555555555555,17,17,CACCATCGAGGTGTAGGTTA,0,4524270
yahL_predicted,0.05555555555555555,17,17,ATTGGCTGGCGTAGGACGGC,0,4518700
yahL_predicted,0.05555555555555555,17,17,ATTAGCGCAAGTTTGAACAA,0,4522627
yahL_predicted,0.05555555555555555,17,17,ATGTTCTACAACGTGCCGTT,0,4541029
yahL_predicted,0.05555555555555555,17,17,ATCTCACCTCATAGGTCTTT,0,4522782
yahL_predicted,0.05555555555555555,17,17,ATCGCCGCACTTTCATATAA,0,4515535
yahL_predicted,0.05555555555555555,17,17,ATATTCTTCCAGCTCGCTAA,0,4524607
yahL_predicted,0.05555555555555555,17,17,ATAAGGTACCTCACGTTTAG,0,4516382
yahL_predicted,0.05555555555555555,17,17,ATAACGTCCGCAATGCGAGT,0,4544068
yahL_predicted,0.05555555555555555,17,17,AGTCCACAACCACCGGGCAT,0,4521172
yahL_predicted,0.05555555555555555,17,17,AGTACCCCTACTCCTACGAT,0,4538563
yahL_predicted,0.05555555555555555,17,17,AGGTTCTCAGAGTGGGCCAG,0,4530607
yahL_predicted,0.05555555555555555,17,17,AGGTAGGGCACTGACAACCT,0,4513629
yahL_predicted,0.05555555555555555,17,17,AGCTTTACTGCGCAATAAGT,0,4514388
yahL_predicted,0.05555555555555555,17,17,AGCGCGTGAACCCGATCGTC,0,4526085
yahL_predicted,0.05555555555555555,17,17,AGATTCAATTACCTTGAAAG,0,4533310
yahL_predicted,0.05555555555555555,17,17,AGAGAGCGCTATTATCCAGT,0,4536051
yahL_predicted,0.05555555555555555,17,17,AGACACGTAGGCGATTTGCT,0,4523712
yahL_predicted,0.05555555555555555,17,17,AGAACGCAATGCAGTCCTAT,0,4533300
yahL_predicted,0.05555555555555555,17,17,ACTGGCGACGCAAAGATAAC,0,4517772
yahL_predicted,0.05555555555555555,17,17,ACTGATCTAGCAGTAAGGAG,0,4534894
yahL_predicted,0.05555555555555555,17,17,ACTCTCGTACGCGGCACGTA,0,4534178
yahL_predicted,0.05555555555555555,17,17,ACGGCGCTATGCAGCCACTT,0,4512753
yahL_predicted,0.05555555555555555,17,17,ACCAGCGAAGCATAGTCTTT,0,4527133
yahL_predicted,0.05555555555555555,17,17,ACATTTGTCGTCACATCTAA,0,4539908
yahL_predicted,0.05555555555555555,17,17,ACAGGCCTAATAGGCTGCCT,0,4522686
yahL_predicted,0.05555555555555555,17,17,ACAGATCTTTAAGGGCATAG,0,4534824
yahL_predicted,0.05555555555555555,17,17,ACACACCCGCCTCATGCAAC,0,4520697
yahL_predicted,0.05555555555555555,17,17,ACAATAACTATCGTCATTGC,0,4520379
yahL_predicted,0.05555555555555555,17,17,AAGTCTGGAGTTCGGGCTAA,0,4532484
yahL_predicted,0.05555555555555555,17,17,AAGTCCCTGGCGAAACCAAG,0,4543869
yahL_predicted,0.05555555555555555,17,17,AAGTAAGCCCGTGTAAGGTA,0,4527227
yahL_predicted,0.05555555555555555,17,17,AAGGCTGGGTAAATGAGGGT,0,4525488
yahL_predicted,0.05555555555555555,17,17,AAGAGTAGTGCAAGAGCCGA,0,4535840
yahL_predicted,0.05555555555555555,17,17,AACCGACTCATATAAGTCAC,0,4541045
yahL_predicted,0.05555555555555555,17,17,AACCCGTCCACCCCCCTGTT,0,4540703
yahL_predicted,0.05555555555555555,17,17,AAATTGACGCTTGCTGCCTC,0,4517673
yahL_predicted,0.05555555555555555,17,17,AAAAATGTGTGTTGCAGTCC,0,4534380
yahL_predicted,0.058823529411764705,16,16,TTTGTCACCCCATACGCTCC,0,4521135
yahL_predicted,0.058823529411764705,16,16,TTTGTAGATTTTAGCCGTAC,0,4513727
yahL_predicted,0.058823529411764705,16,16,TTGTGCGGGCAGCTAGTCCA,0,4514968
yahL_predicted,0.058823529411764705,16,16,TTGCGAAAAAATCAGCAATC,0,4532317
yahL_predicted,0.058823529411764705,16,16,TTGCAGCAGTTCGAGCGAAC,0,4518043
yahL_predicted,0.058823529411764705,16,16,TTCGCGGACAATCTGTCTGA,0,4516524
yahL_predicted,0.058823529411764705,16,16,TTACCTATACACTTCCTCAG,0,4521106
yahL_predicted,0.058823529411764705,16,16,TGTTTAACCCTACGGTATAA,0,4535437
yahL_predicted,0.058823529411764705,16,16,TGGTCTAAGGGGAGCTGTGA,0,4543264
yahL_predicted,0.058823529411764705,16,16,TGCTGGGTATCCGCGTATGC,0,4529248
yahL_predicted,0.058823529411764705,16,16,TGCGGGTAAGTTGAGCTCTT,0,4533705
yahL_predicted,0.058823529411764705,16,16,TGCGCGAACGTAGGCATGCA,0,4523731
yahL_predicted,0.058823529411764705,16,16,TGCCGCTCTGTTTTCTCTAA,0,4524498
yahL_predicted,0.058823529411764705,16,16,TGCATCCTAGCGCTTCGACG,0,4521005
yahL_predicted,0.058823529411764705,16,16,TCTGGGTTGAAACTGTTCGA,0,4538850
yahL_predicted,0.058823529411764705,16,16,TCTCGGCCGGCTAATTTGCA,0,4518221
yahL_predicted,0.058823529411764705,16,16,TCTCCCTGAATGCTCGGATA,0,4537013
yahL_predicted,0.058823529411764705,16,16,TCGTGACCATAGTGTCGTTC,0,4520657
yahL_predicted,0.058823529411764705,16,16,TCGATTAGGGCGGAAAGCAT,0,4519515
yahL_predicted,0.058823529411764705,16,16,TCGAGACAAGTGAACTGACT,0,4531488
yahL_predicted,0.058823529411764705,16,16,TCGAGAATCAAGTGAGGGAC,0,4521573
yahL_predicted,0.058823529411764705,16,16,TCCCTGGCTCAAGCGGGGAT,0,4528222
yahL_predicted,0.058823529411764705,16,16,TCAGCTATACACAAGTCTTT,0,4518127
yahL_predicted,0.058823529411764705,16,16,TATGTCAGTCGTGCTTGCGC,0,4537639
yahL_predicted,0.058823529411764705,16,16,TAGGCCCTCTTGGAGGTATA,0,4533190
yahL_predicted,0.058823529411764705,16,16,TAGCCAGTCGGCAGACATTA,0,4530166
yahL_predicted,0.058823529411764705,16,16,TACCATTGCCTTATTGCAGA,0,4530222
yahL_predicted,0.058823529411764705,16,16,TAAGTTTATATGGAGGGCAT,0,4528694
yahL_predicted,0.058823529411764705,16,16,GTTCCGGATTTTGCACTGAC,0,4524769
yahL_predicted,0.058823529411764705,16,16,GTTAACTGTGTCACTGGCGT,0,4539930
yahL_predicted,0.058823529411764705,16,16,GTGTTGTGTCTGTCATGTCC,0,4540033
yahL_predicted,0.058823529411764705,16,16,GTGTGGCCATACTCCGGGCG,0,4515562
yahL_predicted,0.058823529411764705,16,16,GTCCACAGGCTCTAATCAGA,0,4512611
yahL_predicted,0.058823529411764705,16,16,GTAACCCGATTCAACGCTCA,0,4542959
yahL_predicted,0.058823529411764705,16,16,GGTTCCGAGGGCTACTCTAC,0,4521069
yahL_predicted,0.058823529411764705,16,16,GGTTCAAGGTGCGTTACGTA,0,4530889
yahL_predicted,0.058823529411764705,16,16,GGTCAACGAATCGCTTCAGT,0,4532114
yahL_predicted,0.058823529411764705,16,16,GGTAGTAAAAAAGGCTGGAC,0,4544100
yahL_predicted,0.058823529411764705,16,16,GGGGGTAAGCTGGGGTGCTC,0,4525231
yahL_predicted,0.058823529411764705,16,16,GGCCGCAACCCATGTCATAG,0,4534561
yahL_predicted,0.058823529411764705,16,16,GGAGCACGGTTACATTTTTT,0,4527982
yahL_predicted,0.058823529411764705,16,16,GGAATAGTTTCCTACAGGGG,0,4516002
yahL_predicted,0.058823529411764705,16,16,GCTCGCTCGTTCCATGGGGA,0,4536791
yahL_predicted,0.058823529411764705,16,16,GCGATTGATGATATGCGCAG,0,4529414
yahL_predicted,0.058823529411764705,16,16,GCCGATTGGCGAACATCACT,0,4526434
yahL_predicted,0.058823529411764705,16,16,GCCCGCCAGCGGCCTTTCAC,0,4538746
yahL_predicted,0.058823529411764705,16,16,GCCCGACTGTTCTCAATACT,0,4537340
yahL_predicted,0.058823529411764705,16,16,GCCAGCGGTCAAAATACCGG,0,4525087
yahL_predicted,0.058823529411764705,16,16,GCCAGAGGACAAGTCGAAGG,0,4513701
yahL_predicted,0.058823529411764705,16,16,GCCACCGGATTCCATCCTCA,0,4543635
yahL_predicted,0.058823529411764705,16,16,GCAGTGGTTATAACTTCATG,0,4528201
yahL_predicted,0.058823529411764705,16,16,GCAGAAAGTGCTATAGTGCT,0,4539925
yahL_predicted,0.058823529411764705,16,16,GAGTGTCTAAAAACAATACT,0,4514434
yahL_predicted,0.058823529411764705,16,16,GAGTCAACGGGTAAACTAAG,0,4527072
yahL_predicted,0.058823529411764705,16,16,GAGGCTAATTGGGTGCATCC,0,4517425
yahL_predicted,0.058823529411764705,16,16,GAGCGCGAGCGGGGGCGCGA,0,4521402
yahL_predicted,0.058823529411764705,16,16,GACCTAATTTAAGGTTAGCG,0,4537575
yahL_predicted,0.058823529411764705,16,16,GAATGACCGCGCGTACAAAG,0,4512111
yahL_predicted,0.058823529411764705,16,16,GAATATAGCGATTTCAGGAA,0,4538042
yahL_predicted,0.058823529411764705,16,16,GAACCTGGGCCGCTAGCTTG,0,4512201
yahL_predicted,0.058823529411764705,16,16,GAAATTGAGCATGTTTCACG,0,4529260
yahL_predicted,0.058823529411764705,16,16,CTTGACCGGATTAGAAGCTG,0,4541201
yahL_predicted,0.058823529411764705,16,16,CTGTGCACTCTTTTCCTGAA,0,4512277
yahL_predicted,0.058823529411764705,16,16,CTGCAAAGCTGCCCGGCGAA,0,4538136
yahL_predicted,0.058823529411764705,16,16,CTCGGAGATTACTAACAAAC,0,4516828
yahL_predicted,0.058823529411764705,16,16,CTCGCTTTTCAAGAATCGAT,0,4521797
yahL_predicted,0.058823529411764705,16,16,CTCCGACAAATTGCCAGAGG,0,4516922
yahL_predicted,0.058823529411764705,16,16,CTCCCTCACACACACACTTT,0,4512749
yahL_predicted,0.058823529411764705,16,16,CTCCAGTTAGGATTCTGACT,0,4521825
yahL_predicted,0.058823529411764705,16,16,CGTGCGTTTCCACATCGGAG,0,4516006
yahL_predicted,0.058823529411764705,16,16,CGTCTTAAAGTGATACTACA,0,4521683
yahL_predicted,0.058823529411764705,16,16,CGTCGTCACCGTGTGCCCGA,0,4521360
yahL_predicted,0.058823529411764705,16,16,CGGTTAAAATGCAGTACAGC,0,4529497
yahL_predicted,0.058823529411764705,16,16,CGGGGGATTATGTGTTCCTA,0,4536781
yahL_predicted,0.058823529411764705,16,16,CGGACCACCGTCACTGGAAC,0,4539497
yahL_predicted,0.058823529411764705,16,16,CGCTAGGACCTGAATACTAA,0,4526138
yahL_predicted,0.058823529411764705,16,16,CGCGGTATCATCGGGGTCAA,0,4540083
yahL_predicted,0.058823529411764705,16,16,CGCCACCATTATTAGCTATA,0,4531863
yahL_predicted,0.058823529411764705,16,16,CGATTTGTGCATCCGGCATA,0,4540198
yahL_predicted,0.058823529411764705,16,16,CGAGGTTGTTTTCCGAAAGA,0,4524200
yahL_predicted,0.058823529411764705,16,16,CGACGGCGCAAAGGGCCTAA,0,4540658
yahL_predicted,0.058823529411764705,16,16,CCTAGTATGGGTCGGGCGAG,0,4515298
yahL_predicted,0.058823529411764705,16,16,CCTAGGCCACAGTTAGCGGT,0,4519275
yahL_predicted,0.058823529411764705,16,16,CCGGTAAGACCTAGCTCAGT,0,4541349
yahL_predicted,0.058823529411764705,16,16,CCGCCACGACTGGCCTTAGT,0,4512100
yahL_predicted,0.058823529411764705,16,16,CCGCATACGCATTATGCTTG,0,4540421
yahL_predicted,0.058823529411764705,16,16,CCCTTATCACCGGGCCAATC,0,4522111
yahL_predicted,0.058823529411764705,16,16,CCCTGGTCGTTTGGCCGAGG,0,4519631
yahL_predicted,0.058823529411764705,16,16,CCCGCGGCCGTTAAAGTATG,0,4530555
yahL_predicted,0.058823529411764705,16,16,CCCCGGAGAACACGCGACCG,0,4512894
yahL_predicted,0.058823529411764705,16,16,CCAAAAGCAGGGGGTCACAT,0,4516599
yahL_predicted,0.058823529411764705,16,16,CATTTTAGGGAGGCCTCTGC,0,4518545
yahL_predicted,0.058823529411764705,16,16,CATGGGCTGCCGGGCTCAGG,0,4517524
yahL_predicted,0.058823529411764705,16,16,CATCAAAGAGGACCGTGAGA,0,4523554
yahL_predicted,0.058823529411764705,16,16,CATAGAATCCCGGGGAGATT,0,4536634
yahL_predicted,0.058823529411764705,16,16,CAGTGCGCTCGTTTACTTGC,0,4516890
yahL_predicted,0.058823529411764705,16,16,CAGCTTTATCGCAGGGGCTG,0,4528865
yahL_predicted,0.058823529411764705,16,16,CAGCGCTTAGATTGGCTTAC,0,4522941
yahL_predicted,0.058823529411764705,16,16,CAGACGTGACAGCTGTGTAA,0,4530154
yahL_predicted,0.058823529411764705,16,16,CAGACAGTGATGTCCGCTAA,0,4512618
yahL_predicted,0.058823529411764705,16,16,CACTCTTCGGAAGGCACGCG,0,4517820
yahL_predicted,0.058823529411764705,16,16,CACGTTCGCGGTTTCCCACG,0,4533679
yahL_predicted,0.058823529411764705,16,16,CACCAACAAAGGTTTCGTAC,0,4531332
yahL_predicted,0.058823529411764705,16,16,CACACCTAGCTCCCTCAGCA,0,4515328
yahL_predicted,0.058823529411764705,16,16,CAAGGAGTACTCTTACAGTC,0,4539467
yahL_predicted,0.058823529411764705,16,16,CAAGGACTCTTTGGCGCGCC,0,4529439
yahL_predicted,0.058823529411764705,16,16,CAAATAAGTATATTGCAAGG,0,4512364
yahL_predicted,0.058823529411764705,16,16,ATTGTTCTCTATTCTGTTTC,0,4527635
yahL_predicted,0.058823529411764705,16,16,ATTGCGTTCCATGGTCCGAG,0,4534172
yahL_predicted,0.058823529411764705,16,16,ATGTGGTCACTACAGGCATT,0,4543669
yahL_predicted,0.058823529411764705,16,16,ATGGTGCCGCTAGACAGAGG,0,4516354
yahL_predicted,0.058823529411764705,16,16,ATCTAAATCGCCGCCATATA,0,4542918
yahL_predicted,0.058823529411764705,16,16,ATCGTGAGATGTTTATTATC,0,4528349
yahL_predicted,0.058823529411764705,16,16,ATCCGTTCGTCGGGCCAATC,0,4520485
yahL_predicted,0.058823529411764705,16,16,ATATGGTCTCTTTTATGAAT,0,4542212
yahL_predicted,0.058823529411764705,16,16,ATAAACCATTGGGGACCCCT,0,4522443
yahL_predicted,0.058823529411764705,16,16,AGTTTCATATCGAACTAAGG,0,4517099
yahL_predicted,0.058823529411764705,16,16,AGTGGCTTCAGGCCGCCGTC,0,4535645
yahL_predicted,0.058823529411764705,16,16,AGTGCTCTGCTAAACGACTG,0,4517403
yahL_predicted,0.058823529411764705,16,16,AGTATCAAAGGCCGTAGAGG,0,4530678
yahL_predicted,0.058823529411764705,16,16,AGGGCAATGCAGGCTCCCAA,0,4512454
yahL_predicted,0.058823529411764705,16,16,AGGATCAGGTTGATTACGGT,0,4529842
yahL_predicted,0.058823529411764705,16,16,AGATTTTCTAGGTCAACTCT,0,4512807
yahL_predicted,0.058823529411764705,16,16,AGATTCTTGTGCTGTAAGTG,0,4515487
yahL_predicted,0.058823529411764705,16,16,AGATCTGCCCCTACATGTAT,0,4514913
yahL_predicted,0.058823529411764705,16,16,AGAGTACCCCCCGGCCCTGA,0,4541346
yahL_predicted,0.058823529411764705,16,16,ACGTTTCGTACCTGGTACGC,0,4517889
yahL_predicted,0.058823529411764705,16,16,ACGCATTGCAGAATCATTCC,0,4524707
yahL_predicted,0.058823529411764705,16,16,ACGAGCAGAATGCTGTTGCC,0,4535343
yahL_predicted,0.058823529411764705,16,16,ACGAATTTAGATTAGTGACC,0,4523338
yahL_predicted,0.058823529411764705,16,16,ACCGTGTGTGTCAGCCCCGT,0,4518490
yahL_predicted,0.058823529411764705,16,16,ACCGACAGCGGCGAACGAAT,0,4532572
yahL_predicted,0.058823529411764705,16,16,ACCACATTATAATACCGGCG,0,4519410
yahL_predicted,0.058823529411764705,16,16,ACCAAGCAAGGTAAAGCCCT,0,4541527
yahL_predicted,0.058823529411764705,16,16,ACAGCGTACGTCCCGCTTAT,0,4519117
yahL_predicted,0.058823529411764705,16,16,ACACGGATTGGTGTCAGGAG,0,4532003
yahL_predicted,0.058823529411764705,16,16,AATGTGGTATCTCTAATATC,0,4515171
yahL_predicted,0.058823529411764705,16,16,AAGGATGAGGTTCACAGACT,0,4513991
yahL_predicted,0.058823529411764705,16,16,AAATTGCCCTCTTGACGATA,0,4539324
yahL_predicted,0.058823529411764705,16,16,AAAGCGCGCTATATCATTTG,0,4523334
yahL_predicted,0.058823529411764705,16,16,AAAATGTATATTGCGAGACA,0,4525642
yahL_predicted,0.058823529411764705,16,16,AAAAAACACATGAAAAGTGC,0,4533065
yahL_predicted,0.0625,15,15,TTTTAAACGAGATAAATCGA,0,4516388
yahL_predicted,0.0625,15,15,TTTGGTACGAGAGTGAAAAC,0,4514259
yahL_predicted,0.0625,15,15,TTTAGAGGACTAAAAGTTTT,0,4523747
yahL_predicted,0.0625,15,15,TTTACAACCAGTACGGTGTT,0,4525972
yahL_predicted,0.0625,15,15,TTTAACAGGAAAGGGCTGAA,0,4524665
yahL_predicted,0.0625,15,15,TTGGCTCAGGGTGCTGGCGT,0,4513851
yahL_predicted,0.0625,15,15,TTCTGTTTTAGGAGTACCGA,0,4515430
yahL_predicted,0.0625,15,15,TTCAGATAACGATAGGAAAC,0,4521194
yahL_predicted,0.0625,15,15,TTCAGAGGACGACCGGCTTT,0,4514193
yahL_predicted,0.0625,15,15,TTCACCCGTATTCTGTCTGA,0,4536401
yahL_predicted,0.0625,15,15,TTCAAGCGGACCTTAGCGTG,0,4525452
yahL_predicted,0.0625,15,15,TTAGGAACGCGAGATATCTG,0,4535208
yahL_predicted,0.0625,15,15,TGTTGTCCGTGTCTAGACAA,0,4536523
yahL_predicted,0.0625,15,15,TGTTCGCGCGCCTTGGCCGA,0,4525175
yahL_predicted,0.0625,15,15,TGGGCAACACTATACATTTC,0,4532574
yahL_predicted,0.0625,15,15,TGGATGGATTGGAGCCGGTG,0,4518002
yahL_predicted,0.0625,15,15,TGCTAGGACTGTATACATGC,0,4520341
yahL_predicted,0.0625,15,15,TGCGATCTGGGATTTTTAAA,0,4523595
yahL_predicted,0.0625,15,15,TGCCAATCAGCTCATGACAT,0,4534812
yahL_predicted,0.0625,15,15,TGCATTGCTAGATACTTGTA,0,4513517
yahL_predicted,0.0625,15,15,TGATACGTCAGACTTTTGGT,0,4537107
yahL_predicted,0.0625,15,15,TGAGACCGAACCCACAGGAG,0,4522755
yahL_predicted,0.0625,15,15,TCTTTTGAGTATTGTCTGAT,0,4515303
yahL_predicted,0.0625,15,15,TCTGATATCAGCACTGGAAC,0,4541416
yahL_predicted,0.0625,15,15,TCTAGTTATACCCTGTCGTT,0,4541657
yahL_predicted,0.0625,15,15,TCGGTGAGGTCATCCGGACG,0,4543533
yahL_predicted,0.0625,15,15,TCGCCGGGATAGAAGAAATA,0,4524241
yahL_predicted,0.0625,15,15,TCGCAGAGACGTCGTACCGA,0,4524164
yahL_predicted,0.0625,15,15,TCCTGCTGCTGTAACTACAC,0,4525424
yahL_predicted,0.0625,15,15,TCCAAGGGTTTCAAACTGGC,0,4533498
yahL_predicted,0.0625,15,15,TCATCGTTTACTGTCTAGAC,0,4516726
yahL_predicted,0.0625,15,15,TCACTCTGTCAGACGGGAAC,0,4541156
yahL_predicted,0.0625,15,15,TATACCGTTGTTTCCTGCGA,0,4535346
yahL_predicted,0.0625,15,15,TAGATCTGAATCGACAGAGA,0,4521630
yahL_predicted,0.0625,15,15,TAGAGTCGGCTTCGCCAAAA,0,4522019
yahL_predicted,0.0625,15,15,TAGACTTCCGGAAAGAAAGA,0,4513542
yahL_predicted,0.0625,15,15,TACTGGGACTTCGACTGAAT,0,4534282
yahL_predicted,0.0625,15,15,TACCATCCTAGCTGGCGCAT,0,4533383
yahL_predicted,0.0625,15,15,GTTTCGCTTTAGCTCTATAC,0,4514558
yahL_predicted,0.0625,15,15,GTTTCCTGTTATTGAACTCA,0,4526753
yahL_predicted,0.0625,15,15,GTTCTTACGATTGGTACCTT,0,4513786
yahL_predicted,0.0625,15,15,GTTCCGTGAAGGCCGTCTGC,0,4534378
yahL_predicted,0.0625,15,15,GTTACTCGACAATTGAGCAG,0,4529535
yahL_predicted,0.0625,15,15,GTTACAACGGCAAGTAATGT,0,4527450
yahL_predicted,0.0625,15,15,GTTAAGAGATCGGCTGGGTT,0,4536331
yahL_predicted,0.0625,15,15,GTGTTCTATTTGGTTAACTT,0,4538038
yahL_predicted,0.0625,15,15,GTGCCAATTACGGGTGTCAC,0,4514385
yahL_predicted,0.0625,15,15,GTGCAGTATATGTCACGTTA,0,4525241
yahL_predicted,0.0625,15,15,GTGAGATGCCTATCAAGGGG,0,4536461
yahL_predicted,0.0625,15,15,GTCTTTCATGCGATCGGGTG,0,4522768
yahL_predicted,0.0625,15,15,GTCCGGGGCCTGGGGGCCAT,0,4541567
yahL_predicted,0.0625,15,15,GTCAGAGGTAGGGTATGTGA,0,4527624
yahL_predicted,0.0625,15,15,GTCACCCGTTTGAGGTTAAT,0,4537442
yahL_predicted,0.0625,15,15,GTAACTAGAGGCGAGGTCGG,0,4518861
yahL_predicted,0.0625,15,15,GGTTCCCGGAAGCCGGCTTA,0,4535467
yahL_predicted,0.0625,15,15,GGTGGAAGGGCAAATGAGGT,0,4523253
yahL_predicted,0.0625,15,15,GGTGCAACAGTGGGCAGTGT,0,4531742
yahL_predicted,0.0625,15,15,GGTAACCCGATAGGCTCCGT,0,4512609
yahL_predicted,0.0625,15,15,GGCTCCAAATATATTTTCAA,0,4522896
yahL_predicted,0.0625,15,15,GGCGCGGGAGTCCGAAAGGA,0,4540757
yahL_predicted,0.0625,15,15,GGCAGGAAGGAGACCCCTAT,0,4521003
yahL_predicted,0.0625,15,15,GGATCTGTCCCTGTGGGATC,0,4517247
yahL_predicted,0.0625,15,15,GGAGGCTAAGTAACCCAAAG,0,4527842
yahL_predicted,0.0625,15,15,GGAGATATCCAATGGTAACA,0,4521851
yahL_predicted,0.0625,15,15,GGAAGTAGGCCTGCATCTGT,0,4521045
yahL_predicted,0.0625,15,15,GGAAGGGATACGTCCGGTTA,0,4518310
yahL_predicted,0.0625,15,15,GCTGCTGCCGCGGACGCATT,0,4521693
yahL_predicted,0.0625,15,15,GCGTACTGCGAATTACGCCT,0,4541659
yahL_predicted,0.0625,15,15,GCGGTTGGAGAGAACCAATG,0,4520028
yahL_predicted,0.0625,15,15,GCGGTGTTGTCGAACACTAA,0,4525329
yahL_predicted,0.0625,15,15,GCGATGTCCAGTCCATGTGC,0,4535005
yahL_predicted,0.0625,15,15,GCCTGGCCGGTTTACGTGGG,0,4543558
yahL_predicted,0.0625,15,15,GCCTCGATTCGATCTGGGGA,0,4516711
yahL_predicted,0.0625,15,15,GCCGATTCGCCCAGCTTCTT,0,4517083
yahL_predicted,0.0625,15,15,GCCCAGAAAAGGCCATTGTT,0,4517463
yahL_predicted,0.0625,15,15,GCCAAGAAGGAGATATCCAT,0,4517933
yahL_predicted,0.0625,15,15,GCACCAATAACCACGAGGCA,0,4522979
yahL_predicted,0.0625,15,15,GCAATAATTGCCACGCACGA,0,4535617
yahL_predicted,0.0625,15,15,GATGGGCTGTCTTGCCCCAT,0,4514099
yahL_predicted,0.0625,15,15,GATATACCAGCAAAGAACTA,0,4540759
yahL_predicted,0.0625,15,15,GATACGTTAAATCTTCGGTG,0,4535309
yahL_predicted,0.0625,15,15,GAGTGTTCACCAATTGTAGT,0,4534752
yahL_predicted,0.0625,15,15,GAGTACTAGTCGCCCATCCT,0,4516595
yahL_predicted,0.0625,15,15,GAGGCAAGATTTAGGGGATG,0,4515804
yahL_predicted,0.0625,15,15,GAGAAACCTACTGTATTACA,0,4528220
yahL_predicted,0.0625,15,15,GACCGCTGCGCTGCTTGTCA,0,4541542
yahL_predicted,0.0625,15,15,GACAGGTAGATCATAAAATT,0,4531130
yahL_predicted,0.0625,15,15,GAAGGGACCGCGTCTTTTCA,0,4523652
yahL_predicted,0.0625,15,15,GAACGGAGAAAAGGCCGGCG,0,4523033
yahL_predicted,0.0625,15,15,CTTTGGGGACCATCGTGGAT,0,4535413
yahL_predicted,0.0625,15,15,CTTGCATCCGGCACATATTC,0,4528257
yahL_predicted,0.0625,15,15,CTGGTTGTCAGAGCCATTGA,0,4517625
yahL_predicted,0.0625,15,15,CTCTATCTGCCTCTGTGCTG,0,4531164
yahL_predicted,0.0625,15,15,CTCCGCTAGAAAGTTGAAAT,0,4529951
yahL_predicted,0.0625,15,15,CTAGGGCGACAAAGAGCCAC,0,4537255
yahL_predicted,0.0625,15,15,CTAGATTACATGGCCAAGTC,0,4520542
yahL_predicted,0.0625,15,15,CGGTCGGCGCCTCGAGATTG,0,4536928
yahL_predicted,0.0625,15,15,CGCTTCTGTAGTCAAGAATG,0,4535317
yahL_predicted,0.0625,15,15,CGCGTATAGTAGCTCCCAGA,0,4512317
yahL_predicted,0.0625,15,15,CGCGGGCCAAGCGGGAAACA,0,4523137
yahL_predicted,0.0625,15,15,CGCCCGATACCACATGTTTA,0,4537751
yahL_predicted,0.0625,15,15,CGCACAACAGCCGACTCGGA,0,4515308
yahL_predicted,0.0625,15,15,CGACCGGGAACTACAGTAAT,0,4543502
yahL_predicted,0.0625,15,15,CGACATCAGTCTCATGTCTT,0,4539961
yahL_predicted,0.0625,15,15,CCTTGCATGCTCAGTTAGAA,0,4512465
yahL_predicted,0.0625,15,15,CCTCATCTCAGGGTTTCATG,0,4520348
yahL_predicted,0.0625,15,15,CCTAACCAAAATCAGCTAAC,0,4529562
yahL_predicted,0.0625,15,15,CCGTTTCGCTTCGTGTTGCC,0,4522379
yahL_predicted,0.0625,15,15,CCGTCATAAAACGAGTATAA,0,4535032
yahL_predicted,0.0625,15,15,CCGTCACATATCATATTTTT,0,4532831
yahL_predicted,0.0625,15,15,CCGGGATCTCAGACGGTTTC,0,4535582
yahL_predicted,0.0625,15,15,CCGAGTCACGCCGCTATATA,0,4541545
yahL_predicted,0.0625,15,15,CCCCTTTCGCGGGAGATATA,0,4527901
yahL_predicted,0.0625,15,15,CCCAGTATTATTTGTCGCGT,0,4536824
yahL_predicted,0.0625,15,15,CCCAACGTACACCTCGTCGA,0,4543940
yahL_predicted,0.0625,15,15,CCATGCGAACCATAGGATGA,0,4531598
yahL_predicted,0.0625,15,15,CCAATCAAAGGAATTCTGAG,0,4532787
yahL_predicted,0.0625,15,15,CATGGGTCTAACTGCCCATA,0,4528744
yahL_predicted,0.0625,15,15,CATGCATACAGTGCTAACAT,0,4532909
yahL_predicted,0.0625,15,15,CAGTTACGGCTATGCGACCT,0,4528651
yahL_predicted,0.0625,15,15,CAGTACGGTGCTAGACACGA,0,4526182
yahL_predicted,0.0625,15,15,CAGCACCCCCTTTCGGTATA,0,4531150
yahL_predicted,0.0625,15,15,CACTGCAAGTAGACCTATCA,0,4531919
yahL_predicted,0.0625,15,15,CACGGACGGCCATGAGGAGG,0,4526766
yahL_predicted,0.0625,15,15,CACAATACCACGTAACGTAC,0,4534664
yahL_predicted,0.0625,15,15,CAACGCAGGTTCGGGACCTC,0,4533440
yahL_predicted,0.0625,15,15,CAACACGCGTGGGTCACCTA,0,4529473
yahL_predicted,0.0625,15,15,ATTGTTTCGGGCAATGTGAC,0,4532499
yahL_predicted,0.0625,15,15,ATTGCGATGTGGGAATGTGT,0,4532638
yahL_predicted,0.0625,15,15,ATTGCACGTTATGGGGTTAG,0,4527140
yahL_predicted,0.0625,15,15,ATTCGCTTTCAAGGCTGTAT,0,4519799
yahL_predicted,0.0625,15,15,ATGTCGTCCGCATAAGTGGA,0,4516387
yahL_predicted,0.0625,15,15,ATGCTGCCACTGAACGCGCG,0,4537037
yahL_predicted,0.0625,15,15,ATGCCTTCCGGAAGCGAGGG,0,4522059
yahL_predicted,0.0625,15,15,ATGCCCTCATTCGCGGTGCG,0,4514238
yahL_predicted,0.0625,15,15,ATCGTAGTCTCGGTTCCTTA,0,4527104
yahL_predicted,0.0625,15,15,ATCACATTCCTCCAACGCCC,0,4525805
yahL_predicted,0.0625,15,15,ATAGTGTAGCTTCACTGTCA,0,4536215
yahL_predicted,0.0625,15,15,ATAGCGACACAGACTTGGCG,0,4526622
yahL_predicted,0.0625,15,15,AGGTGCCTGCATACTTCGAC,0,4535463
yahL_predicted,0.0625,15,15,AGGCGCGTCCAACCTGAATG,0,4530481
yahL_predicted,0.0625,15,15,AGGATAAAGATGGTCTTTAA,0,4514171
yahL_predicted,0.0625,15,15,AGCACGTGCTCATCATAGTA,0,4530489
yahL_predicted,0.0625,15,15,AGATTGACCGTAAGACGCAG,0,4521381
yahL_predicted,0.0625,15,15,AGACCGTGGTAGGATTCCTC,0,4529361
yahL_predicted,0.0625,15,15,ACTTTTCGTTCCTACGGGTC,0,4543148
yahL_predicted,0.0625,15,15,ACTTTGTGGAGGTTAACCTT,0,4532445
yahL_predicted,0.0625,15,15,ACTAAGGACCCCATGGATAA,0,4544305
yahL_predicted,0.0625,15,15,ACGTGGACCGACCGCGGTCA,0,4518157
yahL_predicted,0.0625,15,15,ACCTTGCCAGTAGGAATATA,0,4516893
yahL_predicted,0.0625,15,15,ACCTCAACCGGCAAAAGGCC,0,4520600
yahL_predicted,0.0625,15,15,ACCTAATCGAACCATTCGAG,0,4537345
yahL_predicted,0.0625,15,15,ACCGCCAAAGTTAGCCGGAT,0,4515700
yahL_predicted,0.0625,15,15,ACCCGGTAAGAGCTGGTTAT,0,4518536
yahL_predicted,0.0625,15,15,ACAGTAAACTGCCATCTCGC,0,4540316
yahL_predicted,0.0625,15,15,ACAGCACCTTGGAATAAGTA,0,4528559
yahL_predicted,0.0625,15,15,ACACTGGTACTCTGCCGCTA,0,4525901
yahL_predicted,0.0625,15,15,ACACTGCTGGTCTCAGTCAG,0,4519352
yahL_predicted,0.0625,15,15,ACACCATACCTTTGGATGAG,0,4515281
yahL_predicted,0.0625,15,15,AATTGTGGATCTCCTACCTT,0,4538674
yahL_predicted,0.0625,15,15,AATGTAGGGTACGCTGGCCA,0,4525403
yahL_predicted,0.0625,15,15,AATCCAGGTAGCAGACTAAC,0,4522038
yahL_predicted,0.0625,15,15,AATATAGTGTCCGCTGTTTG,0,4527847
yahL_predicted,0.0625,15,15,AAGTGAACTTCCATCGTACA,0,4541550
yahL_predicted,0.0625,15,15,AAGCACCCGACCCTTTGGGT,0,4541852
yahL_predicted,0.0625,15,15,AAGACAAGGAGGCCTGCAAG,0,4525060
yahL_predicted,0.0625,15,15,AACTATGAACAAGCTGCAAG,0,4515011
yahL_predicted,0.0625,15,15,AACCTCGAGCATGAGACTGA,0,4514685
yahL_predicted,0.0625,15,15,AACCCGAGCGATTAACTCAG,0,4517167
yahL_predicted,0.0625,15,15,AACCACAGGACTATCGACAT,0,4523257
yahL_predicted,0.0625,15,15,AAATGACCTGAAATCCAATC,0,4521752
yahL_predicted,0.0625,15,15,AAAAAGTGGAAACGTTGACA,0,4525018
yahL_predicted,0.06666666666666667,14,14,TTTTGTGAGGTCGTACACGG,0,4538238
yahL_predicted,0.06666666666666667,14,14,TTTGAGAGGTCGGTTGTGTA,0,4535389
yahL_predicted,0.06666666666666667,14,14,TTTCCCGGATTATAAAAACG,0,4523965
yahL_predicted,0.06666666666666667,14,14,TTGTATGTCCCCTATGAATG,0,4523223
yahL_predicted,0.06666666666666667,14,14,TTCTTTAAACGTCCCCATAG,0,4515049
yahL_predicted,0.06666666666666667,14,14,TTCTATGGAATGCAGCATGT,0,4518680
yahL_predicted,0.06666666666666667,14,14,TTCAGGGCAGGGTTCATGGT,0,4514657
yahL_predicted,0.06666666666666667,14,14,TTCACAGATGACGCCAGCCA,0,4522425
yahL_predicted,0.06666666666666667,14,14,TTATACAAATCATATGATGC,0,4536987
yahL_predicted,0.06666666666666667,14,14,TTACTCCATTCCTTATTAAA,0,4513831
yahL_predicted,0.06666666666666667,14,14,TTACTATATGGTTCAACGTA,0,4539975
yahL_predicted,0.06666666666666667,14,14,TTACATTTGGATTAAATCCT,0,4513122
yahL_predicted,0.06666666666666667,14,14,TGTTCCGCTCAAACAGGATA,0,4520126
yahL_predicted,0.06666666666666667,14,14,TGTTAAGTTACGTTTAACAA,0,4520862
yahL_predicted,0.06666666666666667,14,14,TGTGTATAACCGAAGGGGAA,0,4522648
yahL_predicted,0.06666666666666667,14,14,TGTGCCGGCATATGTTGATT,0,4519381
yahL_predicted,0.06666666666666667,14,14,TGTAGTCCGACAAGGCTTGG,0,4541825
yahL_predicted,0.06666666666666667,14,14,TGGTGTGGGGAGGGCGACAG,0,4520316
yahL_predicted,0.06666666666666667,14,14,TGGATGAGTATTGCCGGCAT,0,4524618
yahL_predicted,0.06666666666666667,14,14,TGGATAGAGGTCCTCCCTCA,0,4534879
yahL_predicted,0.06666666666666667,14,14,TGCTACGGGTGTCTCGCCGG,0,4531033
yahL_predicted,0.06666666666666667,14,14,TGCCGGGCTCGGTATACGGA,0,4513037
yahL_predicted,0.06666666666666667,14,14,TGCCGGCGAAAAGCAGTCGT,0,4529339
yahL_predicted,0.06666666666666667,14,14,TGATCTTGCACCATCACTAC,0,4517925
yahL_predicted,0.06666666666666667,14,14,TGAGCGGGCGGGACGAGGCT,0,4512681
yahL_predicted,0.06666666666666667,14,14,TGACTAAATGGGGCTCAAGC,0,4516074
yahL_predicted,0.06666666666666667,14,14,TCTAGGGTTCCTCGCCCTAT,0,4517588
yahL_predicted,0.06666666666666667,14,14,TCTAATCCCCGGTCGGGGTC,0,4522017
yahL_predicted,0.06666666666666667,14,14,TCGTGGCAATATACTAAAGG,0,4521721
yahL_predicted,0.06666666666666667,14,14,TCGCTGGTGCCGATTGGCCT,0,4517061
yahL_predicted,0.06666666666666667,14,14,TCGCCACGCACCACCAAGAT,0,4514613
yahL_predicted,0.06666666666666667,14,14,TCGATTGAGCGTCGTAATAT,0,4531623
yahL_predicted,0.06666666666666667,14,14,TCGATGCAATTTGATAGTCG,0,4520599
yahL_predicted,0.06666666666666667,14,14,TCCTTCGATACCGTCACGTG,0,4516325
yahL_predicted,0.06666666666666667,14,14,TCCCCAACCCTCGTTAGAAC,0,4529204
yahL_predicted,0.06666666666666667,14,14,TCATTGGTCTTCCTCACTTA,0,4534325
yahL_predicted,0.06666666666666667,14,14,TCAGAGGATAAGTCGGACTA,0,4540327
yahL_predicted,0.06666666666666667,14,14,TATCAAAAGGGGAATTACGT,0,4519621
yahL_predicted,0.06666666666666667,14,14,TATAGGTTGCAATAGATGAT,0,4516793
yahL_predicted,0.06666666666666667,14,14,TAGGTTTGAGAACTCTCAGT,0,4519532
yahL_predicted,0.06666666666666667,14,14,TAGATAATTGCTCTTAAGGC,0,4520889
yahL_predicted,0.06666666666666667,14,14,TAGAGCGGAATTGTTACCTA,0,4535051
yahL_predicted,0.06666666666666667,14,14,TAGACGCGCGAAGGATGGGA,0,4530112
yahL_predicted,0.06666666666666667,14,14,TAGAATAGGAGCTAGATTAC,0,4524286
yahL_predicted,0.06666666666666667,14,14,TACTGGCGTATTAACCTTAG,0,4537724
yahL_predicted,0.06666666666666667,14,14,TACGGTGTACCCACGTATGC,0,4536122
yahL_predicted,0.06666666666666667,14,14,TACGGTAGCGGGGCAAAGAC,0,4540265
yahL_predicted,0.06666666666666667,14,14,TACCTCCATAGTGCAGCCCG,0,4514219
yahL_predicted,0.06666666666666667,14,14,TAATAGTCATATTTCCAGCT,0,4516758
yahL_predicted,0.06666666666666667,14,14,TAAGCTGCTGCTCAGGCGGG,0,4536101
yahL_predicted,0.06666666666666667,14,14,GTTGACTGGGATAGCCATGA,0,4534238
yahL_predicted,0.06666666666666667,14,14,GTTCGGTGTTTGCCAATGAT,0,4521596
yahL_predicted,0.06666666666666667,14,14,GTGGTCGCCGGTGTGAATCA,0,4516090
yahL_predicted,0.06666666666666667,14,14,GTGGCTGCATCTCGGCACCA,0,4520948
yahL_predicted,0.06666666666666667,14,14,GTGACTAAGGAGTCGGATAG,0,4528617
yahL_predicted,0.06666666666666667,14,14,GTGAAGTATGCGAAGGAGCA,0,4513116
yahL_predicted,0.06666666666666667,14,14,GTCTTACTAACCCTCATGGT,0,4537800
yahL_predicted,0.06666666666666667,14,14,GTCCACCTTTTCTTGGCTGT,0,4523358
yahL_predicted,0.06666666666666667,14,14,GTATGCGAACGACACAGTGA,0,4522676
yahL_predicted,0.06666666666666667,14,14,GTAGAGATGAACTGACGAAA,0,4519163
yahL_predicted,0.06666666666666667,14,14,GTACGGAGGTAATTAGAGGG,0,4538827
yahL_predicted,0.06666666666666667,14,14,GTACACAATCTGGCTCATTG,0,4539708
yahL_predicted,0.06666666666666667,14,14,GTAAGCGTGCAGGTGCCCCC,0,4521306
yahL_predicted,0.06666666666666667,14,14,GGTTTTCACCCGCGCTACTT,0,4535093
yahL_predicted,0.06666666666666667,14,14,GGTTATAGGATTCAACATAG,0,4541853
yahL_predicted,0.06666666666666667,14,14,GGTCGAGATGACATATTTGT,0,4528654
yahL_predicted,0.06666666666666667,14,14,GGTACCTTCCTGCCTTAACG,0,4542560
yahL_predicted,0.06666666666666667,14,14,GGGGTAAAGTGCAGACATCT,0,4515810
yahL_predicted,0.06666666666666667,14,14,GGGGCATGGCCGGCCAAACG,0,4531058
yahL_predicted,0.06666666666666667,14,14,GGGAATATAAATTGCGTGCA,0,4516408
yahL_predicted,0.06666666666666667,14,14,GGCGTTTCACTGGTGCCGGG,0,4514176
yahL_predicted,0.06666666666666667,14,14,GGCCGGCCCAAAGATAACGG,0,4538055
yahL_predicted,0.06666666666666667,14,14,GGCAACTTAGCAGCGTGCAA,0,4534320
yahL_predicted,0.06666666666666667,14,14,GGAAGGCCTCTAGGACAGGC,0,4514314
yahL_predicted,0.06666666666666667,14,14,GCTTTGGGCTGTTATTTCGT,0,4517460
yahL_predicted,0.06666666666666667,14,14,GCTTGAATAAAGTACGAGAA,0,4513180
yahL_predicted,0.06666666666666667,14,14,GCTGGCAAATACGGCTACTA,0,4542033
yahL_predicted,0.06666666666666667,14,14,GCTCGCTCCTCGAGGGGTTA,0,4522272
yahL_predicted,0.06666666666666667,14,14,GCCTGGTTATCCATTCTAAA,0,4515634
yahL_predicted,0.06666666666666667,14,14,GCCATGTGTGAGGAGTACGG,0,4522820
yahL_predicted,0.06666666666666667,14,14,GCCAGCAACGGTTTACGAGT,0,4542309
yahL_predicted,0.06666666666666667,14,14,GCCAAATATGACCGCGCACC,0,4519564
yahL_predicted,0.06666666666666667,14,14,GCACTTTCGGGCTAAGACAC,0,4538367
yahL_predicted,0.06666666666666667,14,14,GATTGTTCGTGGAACGGTAG,0,4519871
yahL_predicted,0.06666666666666667,14,14,GATGTTGCAGTCGATACGAA,0,4528620
yahL_predicted,0.06666666666666667,14,14,GATCAGTACGGACCTGGGTA,0,4515451
yahL_predicted,0.06666666666666667,14,14,GATCACGAGGATACCAAGCC,0,4523905
yahL_predicted,0.06666666666666667,14,14,GATATGATTGTGTTATGGAA,0,4539958
yahL_predicted,0.06666666666666667,14,14,GAAAGTACAAGATTCTATTG,0,4534202
yahL_predicted,0.06666666666666667,14,14,CTTTGAGTGAATTTATTTTC,0,4517351
yahL_predicted,0.06666666666666667,14,14,CTTGGGGTGCGCCGCCCTAC,0,4512342
yahL_predicted,0.06666666666666667,14,14,CTTCGCCTAATAAATTGTTT,0,4539884
yahL_predicted,0.06666666666666667,14,14,CTTAGCTAGGTTATCATGCC,0,4514691
yahL_predicted,0.06666666666666667,14,14,CTGACACGTCATTCAGACTT,0,4519213
yahL_predicted,0.06666666666666667,14,14,CTCTGCCGACGCGATTCGAC,0,4518828
yahL_predicted,0.06666666666666667,14,14,CTCTAATTAGGAGTTGTAAG,0,4522604
yahL_predicted,0.06666666666666667,14,14,CTCGTCAGCGGGTGTGATTG,0,4517405
yahL_predicted,0.06666666666666667,14,14,CTCCGTCACATCCCAAAACG,0,4522785
yahL_predicted,0.06666666666666667,14,14,CTCAGCGTATGACATAGCAG,0,4538140
yahL_predicted,0.06666666666666667,14,14,CTCAGATGCCTTGTCTGCGA,0,4533901
yahL_predicted,0.06666666666666667,14,14,CTACAGTAAATTCATGGGTA,0,4520448
yahL_predicted,0.06666666666666667,14,14,CTAACCAGTCACCAGCATGC,0,4527240
yahL_predicted,0.06666666666666667,14,14,CTAAACCGGCACTATTTGAA,0,4535856
yahL_predicted,0.06666666666666667,14,14,CGTGTATCCGGCTGAAGTAG,0,4542828
yahL_predicted,0.06666666666666667,14,14,CGTCTTGGAAGGATCAGACC,0,4529041
yahL_predicted,0.06666666666666667,14,14,CGGCGCAAGAGGGACCGTCG,0,4525657
yahL_predicted,0.06666666666666667,14,14,CGGAGCTGCAGGTTGTCTAT,0,4538668
yahL_predicted,0.06666666666666667,14,14,CGCTCTCAGTGCTAAATGGA,0,4531321
yahL_predicted,0.06666666666666667,14,14,CGCATTACCATCCGAACGAG,0,4520549
yahL_predicted,0.06666666666666667,14,14,CGATTGCGTTTGGCATCAGA,0,4525416
yahL_predicted,0.06666666666666667,14,14,CGACAACGCCGACTTTAACC,0,4521720
yahL_predicted,0.06666666666666667,14,14,CGAACGTCGTATTGATATAT,0,4532385
yahL_predicted,0.06666666666666667,14,14,CCTGTCAGGTATTTTCTTGC,0,4541204
yahL_predicted,0.06666666666666667,14,14,CCTCAAGCAGAATTGTACCA,0,4525407
yahL_predicted,0.06666666666666667,14,14,CCGGCGCTGGTTCCAATTGA,0,4516557
yahL_predicted,0.06666666666666667,14,14,CCGCACTGATAAGTGGCACT,0,4518124
yahL_predicted,0.06666666666666667,14,14,CCGAGGTGCTCGACCTACCT,0,4514494
yahL_predicted,0.06666666666666667,14,14,CCGAATATTCTCGTCACTCA,0,4543986
yahL_predicted,0.06666666666666667,14,14,CCCGTACCGGAGAAGGTTCG,0,4521134
yahL_predicted,0.06666666666666667,14,14,CCCCGCTAGCTCGGTATTAA,0,4529627
yahL_predicted,0.06666666666666667,14,14,CCCCCCTCATCCACTTAGGA,0,4540492
yahL_predicted,0.06666666666666667,14,14,CCCATCCTGCCCCGGGACTT,0,4514032
yahL_predicted,0.06666666666666667,14,14,CCCAGCCGACGTTTTCGCAT,0,4527213
yahL_predicted,0.06666666666666667,14,14,CCCAGACCAACCAGCATTTC,0,4516079
yahL_predicted,0.06666666666666667,14,14,CCAGATTGTTATAGGAGGAA,0,4516670
yahL_predicted,0.06666666666666667,14,14,CCACGATAGCAATCAGAAAT,0,4543156
yahL_predicted,0.06666666666666667,14,14,CCAAGGACATGTAATTTTAG,0,4541587
yahL_predicted,0.06666666666666667,14,14,CATTCACGTTCGGGACGCTC,0,4526214
yahL_predicted,0.06666666666666667,14,14,CACGGTCCATCGGTTGCTTC,0,4530070
yahL_predicted,0.06666666666666667,14,14,CAACCTAGTCTCTAGATTTT,0,4512432
yahL_predicted,0.06666666666666667,14,14,CAAACATTCGTAAGCTCCAA,0,4514906
yahL_predicted,0.06666666666666667,14,14,CAAAAGAACCTGCCGGGAGT,0,4531723
yahL_predicted,0.06666666666666667,14,14,ATTTCGCCCCACGCTCACCG,0,4537737
yahL_predicted,0.06666666666666667,14,14,ATGTTAGCCAGACAGCCTAG,0,4515609
yahL_predicted,0.06666666666666667,14,14,ATGTCCATTCTGGACCGGCG,0,4528516
yahL_predicted,0.06666666666666667,14,14,ATGTATTGCAGAGTATGATT,0,4529191
yahL_predicted,0.06666666666666667,14,14,ATGTACAAGCAGTGTTATTG,0,4523298
yahL_predicted,0.06666666666666667,14,14,ATGGGACGGAAGGCCCGGGA,0,4533660
yahL_predicted,0.06666666666666667,14,14,ATGCCCAAATGTAAGTGTCG,0,4518805
yahL_predicted,0.06666666666666667,14,14,ATGCAAGATGTTCCACTGGA,0,4532105
yahL_predicted,0.06666666666666667,14,14,ATGATTATGACTTCCGGAGT,0,4514954
yahL_predicted,0.06666666666666667,14,14,ATGACAAAGTTTCTGTGACG,0,4543919
yahL_predicted,0.06666666666666667,14,14,ATCTGAGGGCTTCTCTCACA,0,4534035
yahL_predicted,0.06666666666666667,14,14,ATCGAACCACGTCGGTCACA,0,4539553
yahL_predicted,0.06666666666666667,14,14,ATCCTCCTGGAGTCGCGCCG,0,4528932
yahL_predicted,0.06666666666666667,14,14,ATATTCCGGCTTATGGAGTT,0,4529158
yahL_predicted,0.06666666666666667,14,14,ATATCATCAGGGGACTCACA,0,4520639
yahL_predicted,0.06666666666666667,14,14,ATAGTCTCACCTGGCCTTGC,0,4517984
yahL_predicted,0.06666666666666667,14,14,ATAGGAGGCGTAAACTTCTT,0,4526379
yahL_predicted,0.06666666666666667,14,14,ATACAACACCTCTCCAGGAA,0,4539366
yahL_predicted,0.06666666666666667,14,14,ATAATAATTACACCGCTATA,0,4514488
yahL_predicted,0.06666666666666667,14,14,ATAAGTTCATGCAAAGTGCA,0,4520953
yahL_predicted,0.06666666666666667,14,14,AGGTCACCAGAGTCGAGCTC,0,4517231
yahL_predicted,0.06666666666666667,14,14,AGGACATTAGCCTGCTCATA,0,4513056
yahL_predicted,0.06666666666666667,14,14,AGGAAAGGCCGTCCCGGGTT,0,4530855
yahL_predicted,0.06666666666666667,14,14,AGCCGCCTACGCTTGTGTAT,0,4528608
yahL_predicted,0.06666666666666667,14,14,AGAGATTCAGTGTATAATAA,0,4538887
yahL_predicted,0.06666666666666667,14,14,AGACGCAAAAGGAGAAATTC,0,4537460
yahL_predicted,0.06666666666666667,14,14,AGAACGACCTCAACAGATCC,0,4540454
yahL_predicted,0.06666666666666667,14,14,ACTGAAGAAGCACAGCGGGT,0,4519217
yahL_predicted,0.06666666666666667,14,14,ACTCACAGGCACGAGGAACC,0,4537574
yahL_predicted,0.06666666666666667,14,14,ACGTCCCTATGCGCCCAGTG,0,4523551
yahL_predicted,0.06666666666666667,14,14,ACGTACACACCCGCCATACA,0,4543150
yahL_predicted,0.06666666666666667,14,14,ACGGCCAGGATAGCGATACG,0,4524315
yahL_predicted,0.06666666666666667,14,14,ACCTTCGCGGAAAGCGTGGC,0,4537474
yahL_predicted,0.06666666666666667,14,14,ACCGTTAGGTATCTGCAGCA,0,4539181
yahL_predicted,0.06666666666666667,14,14,ACCGTGGGATTCTGGGGATT,0,4517614
yahL_predicted,0.06666666666666667,14,14,ACCGGTTTCCGCGCAATACA,0,4517386
yahL_predicted,0.06666666666666667,14,14,ACCGGTTAAGATCCCCGTGG,0,4514788
yahL_predicted,0.06666666666666667,14,14,ACCGCGCGCTTTACCGCCGA,0,4543176
yahL_predicted,0.06666666666666667,14,14,ACCAGGCGGTGCATTAAAAT,0,4520686
yahL_predicted,0.06666666666666667,14,14,ACCAATAGTCCCAGAGCTAG,0,4525757
yahL_predicted,0.06666666666666667,14,14,ACAGGAAAGTGCCTATGGTG,0,4520053
yahL_predicted,0.06666666666666667,14,14,ACAGCGGAGAGGTCGCACCT,0,4533633
yahL_predicted,0.06666666666666667,14,14,AATTCGGACTCTCCCTGCAG,0,4534098
yahL_predicted,0.06666666666666667,14,14,AATGGTGCAAATCGAACAGT,0,4524997
yahL_predicted,0.06666666666666667,14,14,AATACCCGCCTCGGCGGAGC,0,4524269
yahL_predicted,0.06666666666666667,14,14,AAGCCGGTAGAGAGCCTAGA,0,4518941
yahL_predicted,0.06666666666666667,14,14,AAGCCGGGCGACACGATGGA,0,4526323
yahL_predicted,0.06666666666666667,14,14,AACTGCGGGGTCTGTAGGGA,0,4534557
yahL_predicted,0.06666666666666667,14,14,AACGCTCGCCTATTTGAAAC,0,4518153
yahL_predicted,0.06666666666666667,14,14,AACAGACAAACCGGCTCCCG,0,4527159
yahL_predicted,0.06666666666666667,14,14,AACAATATCCCGCTCGCTGG,0,4523606
yahL_predicted,0.06666666666666667,14,14,AAATTAGTGCCAAAAGTAAT,0,4540680
yahL_predicted,0.06666666666666667,14,14,AAAATGCCGACGACCGAACC,0,4532004
yahL_predicted,0.06666666666666667,14,14,AAAAGAGTTGAAGCTCGCGC,0,4524887
yahL_predicted,0.07142857142857142,13,13,TTTCACACAGCAGGAAATTC,0,4530223
yahL_predicted,0.07142857142857142,13,13,TTGTCAAGCGTTATCCTTAC,0,4514629
yahL_predicted,0.07142857142857142,13,13,TTGGCGGACTGTGGTAAGGT,0,4530301
yahL_predicted,0.07142857142857142,13,13,TTGGAACGATGACGATTGGC,0,4518841
yahL_predicted,0.07142857142857142,13,13,TTGATTTGGCACTATCGTAA,0,4535516
yahL_predicted,0.07142857142857142,13,13,TTCCGGCGGAGATGTGGGGG,0,4519403
yahL_predicted,0.07142857142857142,13,13,TTCCCGACGCCATAACAACA,0,4515747
yahL_predicted,0.07142857142857142,13,13,TTCCCACGTAATACTTGAGC,0,4515858
yahL_predicted,0.07142857142857142,13,13,TTCAGGGAAGAGGCTTCAGT,0,4529091
yahL_predicted,0.07142857142857142,13,13,TTCACTTCGTGCTGCGGGTA,0,4535261
yahL_predicted,0.07142857142857142,13,13,TTCACAGCCAAGAAGGAGAT,0,4518103
yahL_predicted,0.07142857142857142,13,13,TTATTGCTCACTAGGTATCA,0,4515054
yahL_predicted,0.07142857142857142,13,13,TTATGCCCAACCAGGGATGG,0,4522763
yahL_predicted,0.07142857142857142,13,13,TTATCCGGGGGGGGGCCTCT,0,4525483
yahL_predicted,0.07142857142857142,13,13,TGTTCTCAATGTCCGAGCTC,0,4525197
yahL_predicted,0.07142857142857142,13,13,TGTGGAGAAGGTACTGGGAT,0,4533283
yahL_predicted,0.07142857142857142,13,13,TGTAGGGGCAAAGTACGCGG,0,4523776
yahL_predicted,0.07142857142857142,13,13,TGGTCGCTTCAACATCTGTT,0,4519920
yahL_predicted,0.07142857142857142,13,13,TGGGATTGCGAACGCTATAT,0,4542871
yahL_predicted,0.07142857142857142,13,13,TGCTTCCAAACCAGAATATC,0,4518729
yahL_predicted,0.07142857142857142,13,13,TGCTCCAACGACGACTATTG,0,4525118
yahL_predicted,0.07142857142857142,13,13,TGCTCATACTAAGCAGACAA,0,4541928
yahL_predicted,0.07142857142857142,13,13,TGCGTTCAGACCTGTCGGCC,0,4521994
yahL_predicted,0.07142857142857142,13,13,TGCAAGAATTCCAGGAAAGA,0,4517750
yahL_predicted,0.07142857142857142,13,13,TGATCGACCTGAAGTCGCGC,0,4523457
yahL_predicted,0.07142857142857142,13,13,TGATAGAGCCCTTAGCTACC,0,4541157
yahL_predicted,0.07142857142857142,13,13,TCTTTGGATCGATAGCGGCC,0,4543253
yahL_predicted,0.07142857142857142,13,13,TCTTCCGGATTCTTTCGCAT,0,4521935
yahL_predicted,0.07142857142857142,13,13,TCTCAAACTAAATTGTTCAG,0,4542974
yahL_predicted,0.07142857142857142,13,13,TCTAGCATGTTTCGTACTAC,0,4540066
yahL_predicted,0.07142857142857142,13,13,TCTACCAAGATCAAGAGTGC,0,4517734
yahL_predicted,0.07142857142857142,13,13,TCGTTCGCAACGTATATTGA,0,4512976
yahL_predicted,0.07142857142857142,13,13,TCGGTTTTACCGAGTAGACC,0,4514905
yahL_predicted,0.07142857142857142,13,13,TCGCCTTTAACGTAGAGTGT,0,4528922
yahL_predicted,0.07142857142857142,13,13,TCGCAAAACAAGACGTCTAG,0,4520571
yahL_predicted,0.07142857142857142,13,13,TCGATCGAGGTCTGAGTGCA,0,4516561
yahL_predicted,0.07142857142857142,13,13,TCCGCAGATTAGCAACCCGG,0,4514872
yahL_predicted,0.07142857142857142,13,13,TCCCGGTCCCGTCTATCTAA,0,4523690
yahL_predicted,0.07142857142857142,13,13,TCCCCGCACGTATGCTACCG,0,4538153
yahL_predicted,0.07142857142857142,13,13,TCCACTGAAATGCCGGTGCA,0,4513503
yahL_predicted,0.07142857142857142,13,13,TCATGTTAACAGGGCGTCTA,0,4515952
yahL_predicted,0.07142857142857142,13,13,TCACGTATATCCGTCAGATT,0,4524120
yahL_predicted,0.07142857142857142,13,13,TCAACTGTTACACCTGATGG,0,4525589
yahL_predicted,0.07142857142857142,13,13,TCAAAACTAAGAAATGGAGT,0,4534039
yahL_predicted,0.07142857142857142,13,13,TATTGCGATTACTAGACGTT,0,4513962
yahL_predicted,0.07142857142857142,13,13,TATGTTATCACCTCGTTAAT,0,4540014
yahL_predicted,0.07142857142857142,13,13,TATGGTGAACACGCTTCTTA,0,4535966
yahL_predicted,0.07142857142857142,13,13,TATGCAGATACATCAGAACT,0,4514447
yahL_predicted,0.07142857142857142,13,13,TATAGGATTGGCAACGTAGC,0,4525735
yahL_predicted,0.07142857142857142,13,13,TAGATTGGTCCTGGATAAAA,0,4538913
yahL_predicted,0.07142857142857142,13,13,TACTCTTAGTTTAGGGCGCT,0,4527131
yahL_predicted,0.07142857142857142,13,13,TACACGGGAGAGGATGATTC,0,4531484
yahL_predicted,0.07142857142857142,13,13,TAATTAGTATAGGACGCGAT,0,4518663
yahL_predicted,0.07142857142857142,13,13,TAATGCTAACCAGAGTCAGA,0,4528812
yahL_predicted,0.07142857142857142,13,13,TAAGGGGGGGTATGCCTGGT,0,4525179
yahL_predicted,0.07142857142857142,13,13,TAACCAGGGTTAGAGCGTCG,0,4530893
yahL_predicted,0.07142857142857142,13,13,GTTGGAGGAAACTGCGCATG,0,4522383
yahL_predicted,0.07142857142857142,13,13,GTTCTTTGTCAATTCCCTTT,0,4520798
yahL_predicted,0.07142857142857142,13,13,GTTCGGGAGTCGTCTTATTC,0,4538142
yahL_predicted,0.07142857142857142,13,13,GTTAGTGTCTCAGCAACGAT,0,4532380
yahL_predicted,0.07142857142857142,13,13,GTGGGCCGTTCTTTGGAGAT,0,4531751
yahL_predicted,0.07142857142857142,13,13,GTGGAGTTAACTAGCCCTGC,0,4539011
yahL_predicted,0.07142857142857142,13,13,GTCTTCCCCGTGTAGTATGG,0,4541646
yahL_predicted,0.07142857142857142,13,13,GTCAGGCGTTAGTAAAATAT,0,4534625
yahL_predicted,0.07142857142857142,13,13,GTCAGCCAGCTTTGGAAAAT,0,4523677
yahL_predicted,0.07142857142857142,13,13,GTCACCGTGTGTTTAATTGC,0,4527003
yahL_predicted,0.07142857142857142,13,13,GTAGTGGCTTGAGTCTGACC,0,4530189
yahL_predicted,0.07142857142857142,13,13,GTAAAGGGTAGCAAGTCTTC,0,4525191
yahL_predicted,0.07142857142857142,13,13,GGTTCGTTCGCTGGAGGGAC,0,4532500
yahL_predicted,0.07142857142857142,13,13,GGTAGAGGCTCGTACAACAG,0,4524096
yahL_predicted,0.07142857142857142,13,13,GGGGGAAAGTGATACAACAC,0,4512206
yahL_predicted,0.07142857142857142,13,13,GGGCAGTCCTCAGCATTGGA,0,4513203
yahL_predicted,0.07142857142857142,13,13,GGCTCTATGAATCTGGAAAG,0,4517672
yahL_predicted,0.07142857142857142,13,13,GGCCCTACCAACCGTCTTTG,0,4512513
yahL_predicted,0.07142857142857142,13,13,GGCCCCGACTGTCATGATAG,0,4520594
yahL_predicted,0.07142857142857142,13,13,GGAGTCCGAAAAGTGTCTAA,0,4527335
yahL_predicted,0.07142857142857142,13,13,GCTTCGCCCTCTGGGAAAAC,0,4544062
yahL_predicted,0.07142857142857142,13,13,GCTGGGTTTCTGCACGATCT,0,4513499
yahL_predicted,0.07142857142857142,13,13,GCTGGGTTACACGACATTAT,0,4535151
yahL_predicted,0.07142857142857142,13,13,GCTGCACAATGTAAATATTA,0,4543795
yahL_predicted,0.07142857142857142,13,13,GCTCGGCACCTGGCCCACCT,0,4532592
yahL_predicted,0.07142857142857142,13,13,GCTAATCGGGCTTTTTAGGA,0,4535536
yahL_predicted,0.07142857142857142,13,13,GCGACGATCATGCTTACGAG,0,4527987
yahL_predicted,0.07142857142857142,13,13,GCCTGTCTTACGGCTAGATG,0,4515916
yahL_predicted,0.07142857142857142,13,13,GCCCCGACGCGCAGTGTATC,0,4536529
yahL_predicted,0.07142857142857142,13,13,GCCAATCATCAATTAACCCA,0,4536385
yahL_predicted,0.07142857142857142,13,13,GCATCCTTTAGGGAGGTTCA,0,4534464
yahL_predicted,0.07142857142857142,13,13,GCAGCTTCAGCGAAGGGCTG,0,4533557
yahL_predicted,0.07142857142857142,13,13,GATTAGATCGGCTTACGTAC,0,4528169
yahL_predicted,0.07142857142857142,13,13,GATGCGTGACCGCACTCACC,0,4529792
yahL_predicted,0.07142857142857142,13,13,GATCCTGTCGGACGCAGTGG,0,4522596
yahL_predicted,0.07142857142857142,13,13,GAGCAAGTACGGGTTTATCT,0,4512312
yahL_predicted,0.07142857142857142,13,13,GAGAAGCCATACTCGGCATA,0,4536957
yahL_predicted,0.07142857142857142,13,13,GACCGCCCGCACTTAATAAA,0,4524293
yahL_predicted,0.07142857142857142,13,13,GAAGAGATAACATGCTCTAT,0,4534308
yahL_predicted,0.07142857142857142,13,13,GAACCATTTCCTTGTACAGC,0,4523452
yahL_predicted,0.07142857142857142,13,13,GAACAGGAAACATTCGGCAG,0,4517850
yahL_predicted,0.07142857142857142,13,13,GAAAGCCATGACAATTTCTA,0,4528246
yahL_predicted,0.07142857142857142,13,13,GAAAAATGACTCCCCTGCGG,0,4523900
yahL_predicted,0.07142857142857142,13,13,CTTAGGCGCTACCGGCCAGA,0,4525777
yahL_predicted,0.07142857142857142,13,13,CTGTGTTTCCCGCCAATCTG,0,4524678
yahL_predicted,0.07142857142857142,13,13,CTGGTCTACACCAGCCATCA,0,4524724
yahL_predicted,0.07142857142857142,13,13,CTGGACGTTTGATTCATAAA,0,4512455
yahL_predicted,0.07142857142857142,13,13,CTGATATCTCTCGCACATTG,0,4512755
yahL_predicted,0.07142857142857142,13,13,CTCGGTCCATCTCGGGCAAT,0,4541993
yahL_predicted,0.07142857142857142,13,13,CTCCCATGCACACGTCCCTC,0,4519884
yahL_predicted,0.07142857142857142,13,13,CTATCGGTTTTCGACACCTA,0,4539742
yahL_predicted,0.07142857142857142,13,13,CTAGTCAGTTCCCCGGCATA,0,4533032
yahL_predicted,0.07142857142857142,13,13,CTAGTCACGTATCTATTTCC,0,4528860
yahL_predicted,0.07142857142857142,13,13,CTAGGCTATTACTCGTCTTA,0,4520946
yahL_predicted,0.07142857142857142,13,13,CTAACTTTCTATCCCGTATA,0,4538328
yahL_predicted,0.07142857142857142,13,13,CTAAAGGGGTCACAACCGGG,0,4541010
yahL_predicted,0.07142857142857142,13,13,CGTTTTTGACCCCTGGCATT,0,4524682
yahL_predicted,0.07142857142857142,13,13,CGTGGGTTGGAATACACGGG,0,4515608
yahL_predicted,0.07142857142857142,13,13,CGTATCCTGGCACTACTCTA,0,4528784
yahL_predicted,0.07142857142857142,13,13,CGTAGCGTCTAAGCGCATCG,0,4542769
yahL_predicted,0.07142857142857142,13,13,CGGCTGATCTAGACTCCTGT,0,4532444
yahL_predicted,0.07142857142857142,13,13,CGCGCTTTAGGGAAGACGCA,0,4527146
yahL_predicted,0.07142857142857142,13,13,CGCGCGAGACTCAACCGATG,0,4526557
yahL_predicted,0.07142857142857142,13,13,CGCCCGGTAGTCGGCTGAGT,0,4531172
yahL_predicted,0.07142857142857142,13,13,CGCCCATGTACGTTTTAGGG,0,4523086
yahL_predicted,0.07142857142857142,13,13,CGCCATTGTCGCGAGCGAAT,0,4512966
yahL_predicted,0.07142857142857142,13,13,CGCCAGCGCCCTGTAAGTGG,0,4517747
yahL_predicted,0.07142857142857142,13,13,CGCACTCGTATTAGCGAATT,0,4534279
yahL_predicted,0.07142857142857142,13,13,CGCACTCAAGTGACCACACC,0,4524669
yahL_predicted,0.07142857142857142,13,13,CGATATCCGGCAGCTCAACG,0,4542893
yahL_predicted,0.07142857142857142,13,13,CGACTCTGACTCGGCCACGT,0,4529308
yahL_predicted,0.07142857142857142,13,13,CCTCGCAACATCAAAACCCG,0,4537914
yahL_predicted,0.07142857142857142,13,13,CCGTTTAGTGCTTTTTTTAA,0,4521342
yahL_predicted,0.07142857142857142,13,13,CCGGGCGGGTGGCAATCGTT,0,4521260
yahL_predicted,0.07142857142857142,13,13,CCGCTTGGAAATGGCTCGGA,0,4514813
yahL_predicted,0.07142857142857142,13,13,CCGAGTAAAGTACGCTAACT,0,4526297
yahL_predicted,0.07142857142857142,13,13,CCCACAATAGGAAACGTGTA,0,4519053
yahL_predicted,0.07142857142857142,13,13,CCATGTTAAATCAGGTTAAA,0,4533394
yahL_predicted,0.07142857142857142,13,13,CCAGCCGGGGGGAGGTCAAT,0,4525450
yahL_predicted,0.07142857142857142,13,13,CCAATTGGACATGATGGTGG,0,4512354
yahL_predicted,0.07142857142857142,13,13,CCAAGGTAAGATCACCCGAA,0,4517666
yahL_predicted,0.07142857142857142,13,13,CCAAGGACTCCCCGCGTGTT,0,4526820
yahL_predicted,0.07142857142857142,13,13,CATCTGTGCGTACCGTAGGC,0,4531413
yahL_predicted,0.07142857142857142,13,13,CATAAGACATCAGGCTCATC,0,4525242
yahL_predicted,0.07142857142857142,13,13,CAGGGTGGATATAGCCGTAT,0,4538609
yahL_predicted,0.07142857142857142,13,13,CAGGGGGTAGGATTCCGGTC,0,4515867
yahL_predicted,0.07142857142857142,13,13,CACTATTGTTCCGAAGGTAC,0,4514951
yahL_predicted,0.07142857142857142,13,13,CACCTAAGGACATGGCAGAC,0,4516478
yahL_predicted,0.07142857142857142,13,13,CACAATCCAAGTGCACTGTT,0,4527655
yahL_predicted,0.07142857142857142,13,13,CAATTAGACGAAGATACTAA,0,4515868
yahL_predicted,0.07142857142857142,13,13,CAATCTAGGGTTACGAGCGC,0,4527704
yahL_predicted,0.07142857142857142,13,13,CAACTTCAAACAGCGATGCT,0,4513340
yahL_predicted,0.07142857142857142,13,13,ATTTTTGTTTTCTGTCGTGG,0,4519981
yahL_predicted,0.07142857142857142,13,13,ATTGTAAACTTATACGGTAG,0,4544210
yahL_predicted,0.07142857142857142,13,13,ATTAACGAATCTGTAGGTGC,0,4541466
yahL_predicted,0.07142857142857142,13,13,ATGTGGATAACTGGTGTACA,0,4531809
yahL_predicted,0.07142857142857142,13,13,ATGTATGCCGGCCCTTCGCG,0,4515560
yahL_predicted,0.07142857142857142,13,13,ATGGGTGCGCGCAGCAATCT,0,4515429
yahL_predicted,0.07142857142857142,13,13,ATGGCATATATCGCTCTGGA,0,4536907
yahL_predicted,0.07142857142857142,13,13,ATGCGTCATACCGAATTCAC,0,4512789
yahL_predicted,0.07142857142857142,13,13,ATCTTATCGTGGAGAGGGTC,0,4543941
yahL_predicted,0.07142857142857142,13,13,ATCTGACTATCTGCCCATAG,0,4533177
yahL_predicted,0.07142857142857142,13,13,ATCTACGGGCGCACATCGAT,0,4523574
yahL_predicted,0.07142857142857142,13,13,ATCCTAGATGTCGTCTTTAT,0,4521004
yahL_predicted,0.07142857142857142,13,13,ATCAGGCCGAAACTCTGTAC,0,4540390
yahL_predicted,0.07142857142857142,13,13,ATCAATAAAAGATGCCTAAT,0,4537234
yahL_predicted,0.07142857142857142,13,13,ATATGTCCCGACGTCCGGAA,0,4516177
yahL_predicted,0.07142857142857142,13,13,ATATGGAACAGGCAAATAAA,0,4539600
yahL_predicted,0.07142857142857142,13,13,ATAAGTGGTGACAACGTGCA,0,4542743
yahL_predicted,0.07142857142857142,13,13,AGTTCCTTACCTAGAATCAG,0,4530715
yahL_predicted,0.07142857142857142,13,13,AGTCTCCCTTTTAATGGTAG,0,4526945
yahL_predicted,0.07142857142857142,13,13,AGTCGCGCTTTGTGCTCCAT,0,4535161
yahL_predicted,0.07142857142857142,13,13,AGGTCAGGAGGTTAAGATGG,0,4524794
yahL_predicted,0.07142857142857142,13,13,AGCTACACATAACATCTAAT,0,4540281
yahL_predicted,0.07142857142857142,13,13,AGCCCTTGAACGTTGACTGC,0,4521483
yahL_predicted,0.07142857142857142,13,13,AGCACTGAGCCACCCAGGTT,0,4534751
yahL_predicted,0.07142857142857142,13,13,AGATGAAGAGTTCGATAAGG,0,4533011
yahL_predicted,0.07142857142857142,13,13,AGATCCCTGTGGTGCACGGA,0,4534280
yahL_predicted,0.07142857142857142,13,13,AGACACGGTAGGCCCATAGT,0,4539640
yahL_predicted,0.07142857142857142,13,13,AGAAGAGGGTCCCTGCAGAC,0,4518632
yahL_predicted,0.07142857142857142,13,13,ACTGAAACACAACCCGACGT,0,4527790
yahL_predicted,0.07142857142857142,13,13,ACTAGCCCACGTACTGCAGA,0,4517951
yahL_predicted,0.07142857142857142,13,13,ACGTCCGACGAGTTGCACGT,0,4517306
yahL_predicted,0.07142857142857142,13,13,ACGGACCGCAGGGGAATTAT,0,4519166
yahL_predicted,0.07142857142857142,13,13,ACGCATGGGGTGGTCCTTTG,0,4516445
yahL_predicted,0.07142857142857142,13,13,ACGATGGTCGTAATTGGGTG,0,4519632
yahL_predicted,0.07142857142857142,13,13,ACCTGGCATGTGACCTGTAC,0,4541247
yahL_predicted,0.07142857142857142,13,13,ACCGAACTTGATGGGGTGAG,0,4541920
yahL_predicted,0.07142857142857142,13,13,ACCCGGACAGAAGCTACCTA,0,4537745
yahL_predicted,0.07142857142857142,13,13,ACCCAGGTGACACCTACCAA,0,4525297
yahL_predicted,0.07142857142857142,13,13,ACAGCTAAGCTTAGGATGCT,0,4536285
yahL_predicted,0.07142857142857142,13,13,AATTGGTATTAGCGGGAGCT,0,4524236
yahL_predicted,0.07142857142857142,13,13,AATTATACATTTAGTTTGAT,0,4536867
yahL_predicted,0.07142857142857142,13,13,AATGCATATGAAAACAGGTA,0,4521129
yahL_predicted,0.07142857142857142,13,13,AATACTTTCATATTTAGTCC,0,4531556
yahL_predicted,0.07142857142857142,13,13,AAGGAGACGACATGATTTAG,0,4528262
yahL_predicted,0.07142857142857142,13,13,AACTAAATACTGACGCGGGT,0,4523510
yahL_predicted,0.07142857142857142,13,13,AACGTACAATTAATCACTAG,0,4522702
yahL_predicted,0.07142857142857142,13,13,AACGGAAATCACGTTACTGA,0,4541012
yahL_predicted,0.07142857142857142,13,13,AACCTTAGATCGAACGGCCG,0,4533843
yahL_predicted,0.07142857142857142,13,13,AACCTCCAGATAACGATATC,0,4531019
yahL_predicted,0.07142857142857142,13,13,AACATCGAAAACGTGGACGA,0,4521007
yahL_predicted,0.07142857142857142,13,13,AAATTGGGTTGGGGCAGGAG,0,4538962
yahL_predicted,0.07142857142857142,13,13,AAATTCTTGTACCTCAATTA,0,4528282
yahL_predicted,0.07142857142857142,13,13,AAAATTTGGTGCCAGCGTTG,0,4531387
yahL_predicted,0.07692307692307693,12,12,TTTTTTGGGGCCTTAGGAGA,0,4517079
yahL_predicted,0.07692307692307693,12,12,TTTTTGAGAGGCCAAGTTTA,0,4527868
yahL_predicted,0.07692307692307693,12,12,TTTAGTGATGTAGGGTTTTC,0,4520217
yahL_predicted,0.07692307692307693,12,12,TTGGGACTCTAAAGTAGATT,0,4528656
yahL_predicted,0.07692307692307693,12,12,TTGACAAAGCCTATGCTAGA,0,4534604
yahL_predicted,0.07692307692307693,12,12,TTCTCCATAAGGAACCGCTT,0,4514123
yahL_predicted,0.07692307692307693,12,12,TTCAAGACTTATACTTGTTA,0,4517178
yahL_predicted,0.07692307692307693,12,12,TTATTTAGCGCGCTTTAATA,0,4524886
yahL_predicted,0.07692307692307693,12,12,TTACCTTAAGTATGGCGTTT,0,4521858
yahL_predicted,0.07692307692307693,12,12,TTAAGGGCATACTGGGTAAA,0,4529251
yahL_predicted,0.07692307692307693,12,12,TTAAGGCCGAACACCGCGAC,0,4535921
yahL_predicted,0.07692307692307693,12,12,TGTGGTGCGCGTGTATCTTT,0,4526341
yahL_predicted,0.07692307692307693,12,12,TGTGGACAATTCAAGACGTA,0,4515467
yahL_predicted,0.07692307692307693,12,12,TGTCTGCGGGTGACGACCGT,0,4540373
yahL_predicted,0.07692307692307693,12,12,TGTCTGCCAAAGCACGTTCG,0,4526087
yahL_predicted,0.07692307692307693,12,12,TGTCTCTCTGGAATAGGGCT,0,4541065
yahL_predicted,0.07692307692307693,12,12,TGTAGGTCGGCGTTAATGGT,0,4533007
yahL_predicted,0.07692307692307693,12,12,TGGTCTCTAATACTCCCTTC,0,4515477
yahL_predicted,0.07692307692307693,12,12,TGGTCACACAGTGGTATTCG,0,4525326
yahL_predicted,0.07692307692307693,12,12,TGCTCGTGGTATGACCATGC,0,4531791
yahL_predicted,0.07692307692307693,12,12,TGCGTCCAATAAGGTTAACC,0,4520219
yahL_predicted,0.07692307692307693,12,12,TGCGCTGTGGGTGCAGGAAG,0,4528610
yahL_predicted,0.07692307692307693,12,12,TGCAGAAGGAGACGGGCGGT,0,4516191
yahL_predicted,0.07692307692307693,12,12,TGATTGTATCCCCCCGTCGT,0,4525482
yahL_predicted,0.07692307692307693,12,12,TGATAGGTGTCTCCCATCGA,0,4513364
yahL_predicted,0.07692307692307693,12,12,TGACGCCGGTTAAGAAAGTT,0,4516475
yahL_predicted,0.07692307692307693,12,12,TCTCTAGTCCGGAAGATCTG,0,4529696
yahL_predicted,0.07692307692307693,12,12,TCTACTATGTGCAAGCACGT,0,4522942
yahL_predicted,0.07692307692307693,12,12,TCTACCAATGTGCCTTGCTT,0,4513291
yahL_predicted,0.07692307692307693,12,12,TCCTTCTAAGCGCCTCGGGA,0,4513057
yahL_predicted,0.07692307692307693,12,12,TCCCCATGAAGCAACCCGTC,0,4513887
yahL_predicted,0.07692307692307693,12,12,TCAGAGGGAATTATCAATGC,0,4529296
yahL_predicted,0.07692307692307693,12,12,TATGGGACGCTGATTAGACT,0,4512627
yahL_predicted,0.07692307692307693,12,12,TATGGCACAGATCATCGATA,0,4533374
yahL_predicted,0.07692307692307693,12,12,TATACGACGGAGCCTCACTC,0,4533035
yahL_predicted,0.07692307692307693,12,12,TAGAACCACGAGAGCCCAGT,0,4537205
yahL_predicted,0.07692307692307693,12,12,TACTTGACGCGAGTAGAATG,0,4522284
yahL_predicted,0.07692307692307693,12,12,TACTGAAGTACCCCTACGAA,0,4516585
yahL_predicted,0.07692307692307693,12,12,TACGATCTCCCTAATGCTTC,0,4516598
yahL_predicted,0.07692307692307693,12,12,TAATTTTTGCCGATCGAGCC,0,4517321
yahL_predicted,0.07692307692307693,12,12,TAATCTATAGGAGCATTCGT,0,4512914
yahL_predicted,0.07692307692307693,12,12,TAACGCACTACGCTAGGCCA,0,4533442
yahL_predicted,0.07692307692307693,12,12,TAACGACCGGTTCTCGTCTG,0,4514086
yahL_predicted,0.07692307692307693,12,12,TAAAGTGCAGGTTACGGTAT,0,4515575
yahL_predicted,0.07692307692307693,12,12,GTTTATGGAGATACGAGTTA,0,4512937
yahL_predicted,0.07692307692307693,12,12,GTTTATACCCTGGTCTTACC,0,4527167
yahL_predicted,0.07692307692307693,12,12,GTTCACCCGCCAAGGATAAG,0,4517068
yahL_predicted,0.07692307692307693,12,12,GTTAAACAGAGTTTTCGCGG,0,4514861
yahL_predicted,0.07692307692307693,12,12,GTGAAACTTGACTATAGACG,0,4527939
yahL_predicted,0.07692307692307693,12,12,GTCTAGCCATGCGCCAAAAA,0,4530176
yahL_predicted,0.07692307692307693,12,12,GTCCGGGATTTAGAGGCAGT,0,4529309
yahL_predicted,0.07692307692307693,12,12,GTCCGGAGATGCAATGTGCG,0,4531388
yahL_predicted,0.07692307692307693,12,12,GTCCACATGGAAAACTCTAG,0,4515497
yahL_predicted,0.07692307692307693,12,12,GTCACACAGAAAGCATTATC,0,4520974
yahL_predicted,0.07692307692307693,12,12,GTATGTGACCCGTGACTTTG,0,4539243
yahL_predicted,0.07692307692307693,12,12,GTACGATACGAGTAACAGGT,0,4524965
yahL_predicted,0.07692307692307693,12,12,GGTTAGCGGCCTCGCACTAG,0,4513264
yahL_predicted,0.07692307692307693,12,12,GGTGACGCGAACAGATGTAC,0,4521857
yahL_predicted,0.07692307692307693,12,12,GGTCTTAGTATATCTTAGGG,0,4520209
yahL_predicted,0.07692307692307693,12,12,GGTCCCTGCTTTCTTCGGAC,0,4526967
yahL_predicted,0.07692307692307693,12,12,GGGTCTGAGTTCTTAGACAG,0,4538926
yahL_predicted,0.07692307692307693,12,12,GGGGCCTCTCGCTGATGTTC,0,4518512
yahL_predicted,0.07692307692307693,12,12,GGGATAGAATCCGTCGAACT,0,4512580
yahL_predicted,0.07692307692307693,12,12,GGCTCATGTTGGTATTAAAA,0,4517457
yahL_predicted,0.07692307692307693,12,12,GGCGGGTTTTCCTCTTTCTT,0,4523882
yahL_predicted,0.07692307692307693,12,12,GGCGAGTTACCGTGTGTGTA,0,4526842
yahL_predicted,0.07692307692307693,12,12,GGCCCGTAGGGGGACTCCAC,0,4527848
yahL_predicted,0.07692307692307693,12,12,GGCAAATTTGTATGTTTGGG,0,4529855
yahL_predicted,0.07692307692307693,12,12,GGATCGCGTCACGGTCACCG,0,4522864
yahL_predicted,0.07692307692307693,12,12,GGAGCCAGCAGTGAAACTAT,0,4537467
yahL_predicted,0.07692307692307693,12,12,GGACTATCACATCCGCCACC,0,4531503
yahL_predicted,0.07692307692307693,12,12,GGACCTTCGATTCGCGTGCG,0,4522893
yahL_predicted,0.07692307692307693,12,12,GCTTGTACTGGGAACCACAT,0,4514384
yahL_predicted,0.07692307692307693,12,12,GCTGCGCCGGGGTCTCACTC,0,4528794
yahL_predicted,0.07692307692307693,12,12,GCTACAACGATTTCGCTCAA,0,4525190
yahL_predicted,0.07692307692307693,12,12,GCGGGACGCTCAAGGGAGTA,0,4524160
yahL_predicted,0.07692307692307693,12,12,GCGGCGAAGCTGGCTGTAGT,0,4540154
yahL_predicted,0.07692307692307693,12,12,GCGCCGTCATTCTGCGGCTA,0,4525664
yahL_predicted,0.07692307692307693,12,12,GCATCACTTGGTTGATCTAG,0,4535275
yahL_predicted,0.07692307692307693,12,12,GCATAAGGTTTTCAGTTAGT,0,4520380
yahL_predicted,0.07692307692307693,12,12,GCAGCGACTAGGCAAGACTT,0,4515825
yahL_predicted,0.07692307692307693,12,12,GCAGAGCCGATACCATTAAT,0,4520168
yahL_predicted,0.07692307692307693,12,12,GCACGCGAGGTTGAGAAAAC,0,4524834
yahL_predicted,0.07692307692307693,12,12,GCACGAAAGTCCCACCGATT,0,4522372
yahL_predicted,0.07692307692307693,12,12,GATGCGTGTCCGCCGGAGGC,0,4513228
yahL_predicted,0.07692307692307693,12,12,GATCCTGACTTGGTTTAGGT,0,4533522
yahL_predicted,0.07692307692307693,12,12,GAGGGGCCAGTCGAACATCG,0,4516658
yahL_predicted,0.07692307692307693,12,12,GAGGATCAGAAATTACGGCC,0,4517929
yahL_predicted,0.07692307692307693,12,12,GAGCTACTTCGCCGTTGCGC,0,4523802
yahL_predicted,0.07692307692307693,12,12,GACTTCCCTCTCACATAGTA,0,4543461
yahL_predicted,0.07692307692307693,12,12,GACGTTGGGATGCGAAGCAT,0,4528242
yahL_predicted,0.07692307692307693,12,12,GACGGCTCTTGTGGATGGCT,0,4529770
yahL_predicted,0.07692307692307693,12,12,GACCCACAGGGCGGGCACCT,0,4532688
yahL_predicted,0.07692307692307693,12,12,GACAACGCTTCTCCGTCTAT,0,4541278
yahL_predicted,0.07692307692307693,12,12,GAAGTCTGCCAGAAGGGTCT,0,4537593
yahL_predicted,0.07692307692307693,12,12,GAAACAAGAGCCTCCCCTGT,0,4532941
yahL_predicted,0.07692307692307693,12,12,CTTGCAGCGGGCATAACAAG,0,4533727
yahL_predicted,0.07692307692307693,12,12,CTTGAATATTCAATTTGATG,0,4512657
yahL_predicted,0.07692307692307693,12,12,CTGGTCATCGTGTCGTGTAA,0,4527983
yahL_predicted,0.07692307692307693,12,12,CTGGGGGATCACGATAATAG,0,4515860
yahL_predicted,0.07692307692307693,12,12,CTGCGGATGTTGGTATCCGA,0,4530197
yahL_predicted,0.07692307692307693,12,12,CTGACCTGAGGCGGACATAT,0,4514240
yahL_predicted,0.07692307692307693,12,12,CTCTCGTAGATCTCAAGGTG,0,4520445
yahL_predicted,0.07692307692307693,12,12,CTCTCGGGGCACATGAGGCG,0,4537477
yahL_predicted,0.07692307692307693,12,12,CTCGACACTGAATGGTCCTC,0,4528753
yahL_predicted,0.07692307692307693,12,12,CTCCCGGCTTCGCGGAATAT,0,4535827
yahL_predicted,0.07692307692307693,12,12,CTCCCGCTTATGCTAGGAAC,0,4517990
yahL_predicted,0.07692307692307693,12,12,CTATAGAGAACGCTGTACAT,0,4518777
yahL_predicted,0.07692307692307693,12,12,CTAGCGGGGGGGGTGTAGGA,0,4522191
yahL_predicted,0.07692307692307693,12,12,CTAACTTCGTTATAAACGGG,0,4512464
yahL_predicted,0.07692307692307693,12,12,CGTCCCATAAATTCTGCCCG,0,4512875
yahL_predicted,0.07692307692307693,12,12,CGGTAGATTGGTAGCGCTGT,0,4533195
yahL_predicted,0.07692307692307693,12,12,CGGGCTGTCGTACATCAGCT,0,4530268
yahL_predicted,0.07692307692307693,12,12,CGCTTTAGAAGAGAGGGGAT,0,4519665
yahL_predicted,0.07692307692307693,12,12,CGCTCGTGGCGATGGCTCTC,0,4519569
yahL_predicted,0.07692307692307693,12,12,CGCGGCCGCGAGCATGATAG,0,4516047
yahL_predicted,0.07692307692307693,12,12,CGATTGCAAATGTCCAATTA,0,4544259
yahL_predicted,0.07692307692307693,12,12,CGAGAGCTGCAGGCTCTTTG,0,4529412
yahL_predicted,0.07692307692307693,12,12,CGAAGCATCCATCCCAAGTA,0,4533731
yahL_predicted,0.07692307692307693,12,12,CGAACCGCGCACATTTTCGT,0,4531311
yahL_predicted,0.07692307692307693,12,12,CCTTGCAATCCCTCCGCACG,0,4541860
yahL_predicted,0.07692307692307693,12,12,CCTCCACGGAACTTAAGTAT,0,4533781
yahL_predicted,0.07692307692307693,12,12,CCGTGTTGGTGCGGAACACG,0,4538459
yahL_predicted,0.07692307692307693,12,12,CCGTACATACGCATGCGGTA,0,4541263
yahL_predicted,0.07692307692307693,12,12,CCGGGGTACTTAGCAGGGTT,0,4528730
yahL_predicted,0.07692307692307693,12,12,CCGGGAGCGGCCCGGTCACT,0,4520431
yahL_predicted,0.07692307692307693,12,12,CCGCCGTCTCGTTAGGCCCA,0,4519093
yahL_predicted,0.07692307692307693,12,12,CCCGTTAAGCCTTTCGACAT,0,4534003
yahL_predicted,0.07692307692307693,12,12,CCCGCGTAGGGTCCGCACAG,0,4523179
yahL_predicted,0.07692307692307693,12,12,CCCCGTAGGAAACTGCCGTT,0,4519932
yahL_predicted,0.07692307692307693,12,12,CCCCGTAGCGGTCAGCAGAA,0,4517980
yahL_predicted,0.07692307692307693,12,12,CCCCGGTGAGCGCAAAGCGG,0,4537590
yahL_predicted,0.07692307692307693,12,12,CCCATATTTCGTTCTGGTTT,0,4520655
yahL_predicted,0.07692307692307693,12,12,CCCATATTGACATACGCCAC,0,4524915
yahL_predicted,0.07692307692307693,12,12,CCCAATTGGATCCCCAACAG,0,4540026
yahL_predicted,0.07692307692307693,12,12,CCCAATCTGCAGAATAACAA,0,4520461
yahL_predicted,0.07692307692307693,12,12,CCAGGACCGATACCGCCCGT,0,4537310
yahL_predicted,0.07692307692307693,12,12,CCACGCTTACGGATGTCTTA,0,4531973
yahL_predicted,0.07692307692307693,12,12,CCACAGGTATCGAGGGTTGA,0,4513921
yahL_predicted,0.07692307692307693,12,12,CCAATGTTCAAATGTATTGT,0,4524454
yahL_predicted,0.07692307692307693,12,12,CATCAAGGGCTTCAAAGGAT,0,4535440
yahL_predicted,0.07692307692307693,12,12,CATCAACGCTTACAAACTGC,0,4517882
yahL_predicted,0.07692307692307693,12,12,CATATACAGTCCGTACCCGG,0,4523877
yahL_predicted,0.07692307692307693,12,12,CAGTGGGTCCAGAAATAACT,0,4527615
yahL_predicted,0.07692307692307693,12,12,CAGGAGCGTCGTCTTCAATG,0,4534835
yahL_predicted,0.07692307692307693,12,12,CAGAACCATCTTTAGAAATA,0,4524273
yahL_predicted,0.07692307692307693,12,12,CACTTTTTCTTCAACGGCTG,0,4528017
yahL_predicted,0.07692307692307693,12,12,CACGGGCAAGGGGGAGCGTA,0,4517427
yahL_predicted,0.07692307692307693,12,12,CACAGTAGCCGTTCGCGTTC,0,4525299
yahL_predicted,0.07692307692307693,12,12,CAACCGTGATAACAAAGACT,0,4519355
yahL_predicted,0.07692307692307693,12,12,CAAAAGTTTTATTGCGCGAA,0,4518974
yahL_predicted,0.07692307692307693,12,12,ATTTAAATTTGAGAGGTCAA,0,4520386
yahL_predicted,0.07692307692307693,12,12,ATTAACATTATCGGAGGGAG,0,4521512
yahL_predicted,0.07692307692307693,12,12,ATGTGCGAGGCAGAAGCGAA,0,4526989
yahL_predicted,0.07692307692307693,12,12,ATGAGGTTAATTGAGTACTT,0,4535905
yahL_predicted,0.07692307692307693,12,12,ATCGTTGGAAGCGGATATAG,0,4513711
yahL_predicted,0.07692307692307693,12,12,ATCGTCGGCTGGTCGGTGGT,0,4512561
yahL_predicted,0.07692307692307693,12,12,ATCAGTCCCTTGCATCATTC,0,4535065
yahL_predicted,0.07692307692307693,12,12,ATCAGCAACTTCGTTCCTAG,0,4521879
yahL_predicted,0.07692307692307693,12,12,ATATTTGGGTGGCGCGAAAT,0,4528393
yahL_predicted,0.07692307692307693,12,12,ATATTACGCTTCACCGATCT,0,4521786
yahL_predicted,0.07692307692307693,12,12,ATATATGCCAATGCCAGAAC,0,4519207
yahL_predicted,0.07692307692307693,12,12,ATAGGATCGGTAGGATCATA,0,4527512
yahL_predicted,0.07692307692307693,12,12,ATAGCTAAGACCGATCCCTA,0,4526768
yahL_predicted,0.07692307692307693,12,12,ATAGCACTCATCCTTGCTTA,0,4541660
yahL_predicted,0.07692307692307693,12,12,AGTTACTCAGTCGAGGTCAT,0,4513971
yahL_predicted,0.07692307692307693,12,12,AGTGTCTCTGGGTGGGTGGT,0,4542093
yahL_predicted,0.07692307692307693,12,12,AGTGGACAGTCTACTGTATA,0,4530667
yahL_predicted,0.07692307692307693,12,12,AGTCGGCCTTTCCATAGGGA,0,4530592
yahL_predicted,0.07692307692307693,12,12,AGTCCAGACTTCGTCCGCAT,0,4526487
yahL_predicted,0.07692307692307693,12,12,AGTCAATATGGTAACCAGCT,0,4540457
yahL_predicted,0.07692307692307693,12,12,AGGTATGGAATAGGGGCAAA,0,4526563
yahL_predicted,0.07692307692307693,12,12,AGGGAGACCAGTGCTTTTAC,0,4515155
yahL_predicted,0.07692307692307693,12,12,AGGCGCTTACATCAAGGAGT,0,4515065
yahL_predicted,0.07692307692307693,12,12,AGGCAGGCGCGGGGACGTGA,0,4540072
yahL_predicted,0.07692307692307693,12,12,AGGAGGCCTACGGGGTCTAA,0,4537137
yahL_predicted,0.07692307692307693,12,12,AGGAACGTTTCGAGGGCCCC,0,4513231
yahL_predicted,0.07692307692307693,12,12,AGCTTAGATGTAGATGCACC,0,4524452
yahL_predicted,0.07692307692307693,12,12,AGCTGTGACGTGCCGGTTTT,0,4531736
yahL_predicted,0.07692307692307693,12,12,AGCGGTTATGCGCCCGTCCT,0,4516014
yahL_predicted,0.07692307692307693,12,12,AGCGCATCCGTAGGCGGTAT,0,4536432
yahL_predicted,0.07692307692307693,12,12,AGCCTTAGGTAATACTCCGT,0,4519774
yahL_predicted,0.07692307692307693,12,12,AGCCACCATGCGACTAACGA,0,4530355
yahL_predicted,0.07692307692307693,12,12,AGCAAGTGCGACATGAGCTT,0,4520604
yahL_predicted,0.07692307692307693,12,12,AGCAACAGTTCCCCGAACAA,0,4532342
yahL_predicted,0.07692307692307693,12,12,AGATTATCGCAGAGAGTAAC,0,4539546
yahL_predicted,0.07692307692307693,12,12,AGAGATTCCCAGTGGGTTGT,0,4529578
yahL_predicted,0.07692307692307693,12,12,AGACGGGTGTGGCCTTGGTT,0,4524540
yahL_predicted,0.07692307692307693,12,12,AGACGGCGCGTCTTTGTGTC,0,4531218
yahL_predicted,0.07692307692307693,12,12,AGACAGGAATTTAGTATCAC,0,4531442
yahL_predicted,0.07692307692307693,12,12,ACTCCTCTAACCCGGAGTTG,0,4541838
yahL_predicted,0.07692307692307693,12,12,ACTCACATAAACTATCCTGG,0,4529615
yahL_predicted,0.07692307692307693,12,12,ACGGGGGGGTACATGGGAGT,0,4532789
yahL_predicted,0.07692307692307693,12,12,ACGCGCGAGAGTAAAGCACT,0,4537680
yahL_predicted,0.07692307692307693,12,12,ACGAAGGCTAGGCAGAGATC,0,4518253
yahL_predicted,0.07692307692307693,12,12,ACCCTGGCAATCATTTGTAT,0,4522624
yahL_predicted,0.07692307692307693,12,12,ACATTCATCTAGTAATAAGT,0,4518269
yahL_predicted,0.07692307692307693,12,12,ACAGTACATTGCTAATAACA,0,4521897
yahL_predicted,0.07692307692307693,12,12,ACAGAGACTATAATCATCTT,0,4520684
yahL_predicted,0.07692307692307693,12,12,AATACCCGGAATACAACACC,0,4518520
yahL_predicted,0.07692307692307693,12,12,AAGTTAGACTTGGGTCCGCA,0,4532295
yahL_predicted,0.07692307692307693,12,12,AAGACTATCGAGTTTCGGAA,0,4533524
yahL_predicted,0.07692307692307693,12,12,AAGAACTGACAGTGGTGCAA,0,4527491
yahL_predicted,0.07692307692307693,12,12,AACTTATTTGTTGGTGGGAT,0,4519681
yahL_predicted,0.07692307692307693,12,12,AACGGCGTCCAAGGCCTAAA,0,4524281
yahL_predicted,0.07692307692307693,12,12,AACAGTGGCTTCTACCGTGT,0,4540787
yahL_predicted,0.07692307692307693,12,12,AAATGTTTATTAAACGGCGC,0,4520861
yahL_predicted,0.07692307692307693,12,12,AAAGTCACACGTCACGTCAT,0,4523655
yahL_predicted,0.07692307692307693,12,12,AAAGGAGGAGTGCCATAAAC,0,4517337
yahL_predicted,0.07692307692307693,12,12,AAAATGGGCCTCTGAAGTAG,0,4522749
yahL_predicted,0.08333333333333333,11,11,TTTGGATGTCTACAGCAATC,0,4518154
yahL_predicted,0.08333333333333333,11,11,TTGGTGTGCGGTCATTGGCC,0,4538312
yahL_predicted,0.08333333333333333,11,11,TTGGGTTGGTGATAGGAGTT,0,4537476
yahL_predicted,0.08333333333333333,11,11,TTGGGTCACGCTCAGGCAAC,0,4529768
yahL_predicted,0.08333333333333333,11,11,TTGGGTAGGCAAGAAGGAGG,0,4513812
yahL_predicted,0.08333333333333333,11,11,TTGCTAGCGAGTACTGACGT,0,4515006
yahL_predicted,0.08333333333333333,11,11,TTGCGATCAGCGGAGTAGAT,0,4525381
yahL_predicted,0.08333333333333333,11,11,TTGCCATCGAGCGTGCTGGC,0,4522329
yahL_predicted,0.08333333333333333,11,11,TTGAAGAGGGGTGTTATGTG,0,4531493
yahL_predicted,0.08333333333333333,11,11,TTCGCCTGAGAATTCTGCCA,0,4534278
yahL_predicted,0.08333333333333333,11,11,TTCCCGGTTAAAGTGTGAGA,0,4536244
yahL_predicted,0.08333333333333333,11,11,TTCACAGCCTCTGGTAGACC,0,4532076
yahL_predicted,0.08333333333333333,11,11,TTAGTTTATAGCGCACGTCT,0,4525551
yahL_predicted,0.08333333333333333,11,11,TTACGCCAAATGAGGGATTT,0,4519462
yahL_predicted,0.08333333333333333,11,11,TTACGAGCAAGTGGGACTAG,0,4521000
yahL_predicted,0.08333333333333333,11,11,TTACAATCTTGGGGATCGGA,0,4535613
yahL_predicted,0.08333333333333333,11,11,TGTGGTCTAGTCTGGTTATT,0,4520469
yahL_predicted,0.08333333333333333,11,11,TGTGAGTATTCTTCAAACGC,0,4529741
yahL_predicted,0.08333333333333333,11,11,TGTCTCTGAGTGTTGGGAGA,0,4529402
yahL_predicted,0.08333333333333333,11,11,TGTCGGTCCGACCCGGGCCA,0,4521099
yahL_predicted,0.08333333333333333,11,11,TGTAAACCCTACGTACCCAC,0,4526169
yahL_predicted,0.08333333333333333,11,11,TGGGGTGGGAATGTATACAT,0,4514076
yahL_predicted,0.08333333333333333,11,11,TGGGGACTAGGCAACAGGTT,0,4513895
yahL_predicted,0.08333333333333333,11,11,TGGACTTTGGGCGCCATGGA,0,4534201
yahL_predicted,0.08333333333333333,11,11,TGCTTTTGCTGCGGGCCCAT,0,4526812
yahL_predicted,0.08333333333333333,11,11,TGCTTACGACTTTTCCTAGG,0,4522402
yahL_predicted,0.08333333333333333,11,11,TGCCGAGGATTCAGTCAGTT,0,4534619
yahL_predicted,0.08333333333333333,11,11,TGCATGCAGCAGGCCCTGGC,0,4538903
yahL_predicted,0.08333333333333333,11,11,TGCAAAGTAAACCGGGTTAA,0,4532126
yahL_predicted,0.08333333333333333,11,11,TCTGTAAACGTGAACCTGGT,0,4530255
yahL_predicted,0.08333333333333333,11,11,TCTCTTTCCGTTCGACACCG,0,4516425
yahL_predicted,0.08333333333333333,11,11,TCTCGTCGTCATAACATACA,0,4518866
yahL_predicted,0.08333333333333333,11,11,TCTATATAATTACGACCTTG,0,4514283
yahL_predicted,0.08333333333333333,11,11,TCGTGTGCCCAAGTACTCTA,0,4532322
yahL_predicted,0.08333333333333333,11,11,TCGTGAAAGGATTAACATAA,0,4514028
yahL_predicted,0.08333333333333333,11,11,TCGGTGTAACTTACATAACC,0,4525644
yahL_predicted,0.08333333333333333,11,11,TCGGAATATAGCTGCGCATC,0,4536864
yahL_predicted,0.08333333333333333,11,11,TCGCGGGCAACTCTACATGA,0,4512860
yahL_predicted,0.08333333333333333,11,11,TCCCGCCAGAGGCGTGCCAG,0,4532813
yahL_predicted,0.08333333333333333,11,11,TCCCCCATATCCTCCATATA,0,4514624
yahL_predicted,0.08333333333333333,11,11,TCCAGAGATCCTGACGGGAC,0,4526933
yahL_predicted,0.08333333333333333,11,11,TCACTTACGCTGGCTGGACA,0,4522687
yahL_predicted,0.08333333333333333,11,11,TCACATACGGGTCTGGTCTA,0,4534796
yahL_predicted,0.08333333333333333,11,11,TCAATTCCGGTATTGGAGAA,0,4533006
yahL_predicted,0.08333333333333333,11,11,TCAATGGGCGATCACAGGAC,0,4537287
yahL_predicted,0.08333333333333333,11,11,TATGTTCCCCCAGAGTATGT,0,4522087
yahL_predicted,0.08333333333333333,11,11,TATGACAGTGGGCACCTGCC,0,4529731
yahL_predicted,0.08333333333333333,11,11,TAGATGCGTGCCGTAATCCG,0,4520005
yahL_predicted,0.08333333333333333,11,11,TACTCACCACTTGTTCAGAG,0,4523425
yahL_predicted,0.08333333333333333,11,11,TACCGGTTCAGAATGTGAGT,0,4517174
yahL_predicted,0.08333333333333333,11,11,TACCCCAGCCGACAGCCGGG,0,4541982
yahL_predicted,0.08333333333333333,11,11,TAAGTATACGGACCGGGGAA,0,4526490
yahL_predicted,0.08333333333333333,11,11,TAACTGTGTCAGATTGGATG,0,4512439
yahL_predicted,0.08333333333333333,11,11,TAACAAAGGACCAAACCAAG,0,4539740
yahL_predicted,0.08333333333333333,11,11,TAACAAAACCCAGGAAATCT,0,4543599
yahL_predicted,0.08333333333333333,11,11,TAAAGTGGAGACGTTGACTA,0,4534432
yahL_predicted,0.08333333333333333,11,11,GTTGAAGGCTTTTGGGCTGA,0,4537882
yahL_predicted,0.08333333333333333,11,11,GTGGAGCCTGATAAGGTTCA,0,4531113
yahL_predicted,0.08333333333333333,11,11,GTGGAAGGATAGCGGCAATA,0,4528167
yahL_predicted,0.08333333333333333,11,11,GTGACTATTGGCGTGAGATT,0,4533854
yahL_predicted,0.08333333333333333,11,11,GTCTCGCAGGGCGACCGCAA,0,4530369
yahL_predicted,0.08333333333333333,11,11,GTCGCCATCGTTGCCGATGC,0,4513678
yahL_predicted,0.08333333333333333,11,11,GTCCGAAACGGTGGTTGCTA,0,4526930
yahL_predicted,0.08333333333333333,11,11,GTCCATCCAGTAATGTGCAG,0,4515178
yahL_predicted,0.08333333333333333,11,11,GTCATATTGTTCGGGAGGCC,0,4517043
yahL_predicted,0.08333333333333333,11,11,GTCACGCTGAGACTAAATAT,0,4536980
yahL_predicted,0.08333333333333333,11,11,GTATGTATCTAACCCTGGCA,0,4519691
yahL_predicted,0.08333333333333333,11,11,GTAGGCTTCCTGAGCGTGTG,0,4525278
yahL_predicted,0.08333333333333333,11,11,GTACTTCTCGTATGGACGAG,0,4512247
yahL_predicted,0.08333333333333333,11,11,GGTTGTTGTAATCGAACAAC,0,4523804
yahL_predicted,0.08333333333333333,11,11,GGTTGAGTACGGACACGATA,0,4517567
yahL_predicted,0.08333333333333333,11,11,GGTCGCCAGAGAGAACGACA,0,4536341
yahL_predicted,0.08333333333333333,11,11,GGTCCGCACGCTGATTGGAG,0,4517533
yahL_predicted,0.08333333333333333,11,11,GGTCCCTCAAGTAGTAAGGG,0,4523917
yahL_predicted,0.08333333333333333,11,11,GGGTACAGCATGGACAACCT,0,4543686
yahL_predicted,0.08333333333333333,11,11,GGGGCTTTATCCCGCGCCCG,0,4523798
yahL_predicted,0.08333333333333333,11,11,GGGGATTACGGATAGGGGCA,0,4534109
yahL_predicted,0.08333333333333333,11,11,GGGGATCGCGTGTGCACGTA,0,4528859
yahL_predicted,0.08333333333333333,11,11,GGGCTCGGGTTATTGAGATG,0,4532108
yahL_predicted,0.08333333333333333,11,11,GGGCGCAACGACAAGAAGTA,0,4530198
yahL_predicted,0.08333333333333333,11,11,GGGCCATGGCGGGTGGAAAA,0,4514048
yahL_predicted,0.08333333333333333,11,11,GGGAGGCCCCGGATTGTCAT,0,4519522
yahL_predicted,0.08333333333333333,11,11,GGCTGTCTTTCTGCAGCTGG,0,4533461
yahL_predicted,0.08333333333333333,11,11,GGCTGTCGAACGCCGATTGT,0,4533711
yahL_predicted,0.08333333333333333,11,11,GGCTCTGTTGGGCGTCCTAT,0,4537247
yahL_predicted,0.08333333333333333,11,11,GGCCTTGTGCAACTCCAGCA,0,4530093
yahL_predicted,0.08333333333333333,11,11,GGCCGCGTGATAGACTTCTT,0,4525420
yahL_predicted,0.08333333333333333,11,11,GGATTCCAGTGCGTACAGTA,0,4524725
yahL_predicted,0.08333333333333333,11,11,GGAGGATTTGGTACCAAGTT,0,4523799
yahL_predicted,0.08333333333333333,11,11,GGAGATCCATATGCGTCTAC,0,4530770
yahL_predicted,0.08333333333333333,11,11,GGACATCGCTTTCCAATCAG,0,4512462
yahL_predicted,0.08333333333333333,11,11,GGAAGGGTCGTTATGTAGAG,0,4518734
yahL_predicted,0.08333333333333333,11,11,GCTTTGTTAGTGCTTAGCTA,0,4530587
yahL_predicted,0.08333333333333333,11,11,GCTGTGTGATCTAGCGTGTT,0,4534755
yahL_predicted,0.08333333333333333,11,11,GCTCCCGGTCCAACCGTCTA,0,4537752
yahL_predicted,0.08333333333333333,11,11,GCTATTGGAAAGGGAAAGGG,0,4514091
yahL_predicted,0.08333333333333333,11,11,GCGTCACTTAGTAGCTGCAA,0,4525485
yahL_predicted,0.08333333333333333,11,11,GCGTACTCGGAACCTGTAGC,0,4523140
yahL_predicted,0.08333333333333333,11,11,GCGGTAACTGTGTTCCCTCT,0,4538590
yahL_predicted,0.08333333333333333,11,11,GCGGCACGAGCTGGGTTATG,0,4517355
yahL_predicted,0.08333333333333333,11,11,GCGGAGGGTATCCTATCTTA,0,4540089
yahL_predicted,0.08333333333333333,11,11,GCGCGCTACCACTCATGGCT,0,4525062
yahL_predicted,0.08333333333333333,11,11,GCGCGAGGTCAAGTAAGTGC,0,4515207
yahL_predicted,0.08333333333333333,11,11,GCGATCTGACTTAGCCCTCT,0,4512200
yahL_predicted,0.08333333333333333,11,11,GCGAGGACGGCAAGCATCAT,0,4526568
yahL_predicted,0.08333333333333333,11,11,GCCTTAGCGAAGGAAGGGTA,0,4518652
yahL_predicted,0.08333333333333333,11,11,GCCTGTGGGTTGTAATTATA,0,4527362
yahL_predicted,0.08333333333333333,11,11,GCCTAAGCGGCTCAGGAAAT,0,4512967
yahL_predicted,0.08333333333333333,11,11,GCCACCAGGCGGGGTAACGA,0,4513813
yahL_predicted,0.08333333333333333,11,11,GCATTCGAAACACTTTAGAA,0,4533250
yahL_predicted,0.08333333333333333,11,11,GCAGTAATTAATACAAGGCG,0,4524238
yahL_predicted,0.08333333333333333,11,11,GCACGCCCTATGGTCCTAGA,0,4528785
yahL_predicted,0.08333333333333333,11,11,GCACCTAGTGTGATTTTCAC,0,4539135
yahL_predicted,0.08333333333333333,11,11,GCACCCGCAAAATAAGAAGA,0,4536676
yahL_predicted,0.08333333333333333,11,11,GAGTGTCAGAAAATTTTGCT,0,4536833
yahL_predicted,0.08333333333333333,11,11,GAGTCCAATGCTAGCCCTCT,0,4524502
yahL_predicted,0.08333333333333333,11,11,GAGCTTGGGAATTCAGCAAG,0,4538155
yahL_predicted,0.08333333333333333,11,11,GAGAGCCTGCACAGGGGCAT,0,4524777
yahL_predicted,0.08333333333333333,11,11,GACTCGCAACACTGTTACTA,0,4513004
yahL_predicted,0.08333333333333333,11,11,GACGGTCCCAGAGCCGATTT,0,4519666
yahL_predicted,0.08333333333333333,11,11,GACGCACCAATTTTTCTTAA,0,4539840
yahL_predicted,0.08333333333333333,11,11,GACCGTTCGAGGGGTTAATA,0,4543138
yahL_predicted,0.08333333333333333,11,11,GACAACGGCTGGCGGCGCAG,0,4517935
yahL_predicted,0.08333333333333333,11,11,GAAGACGCCGCACACTGGGG,0,4540263
yahL_predicted,0.08333333333333333,11,11,CTTGGCCGTCTCCGGTTGCT,0,4519454
yahL_predicted,0.08333333333333333,11,11,CTTCGCTCCTTGTAGATAGG,0,4541800
yahL_predicted,0.08333333333333333,11,11,CTTAGTGGTGCAGCCCGGCA,0,4542543
yahL_predicted,0.08333333333333333,11,11,CTTAATCAGATTTGATGCTT,0,4537332
yahL_predicted,0.08333333333333333,11,11,CTGTGTCATCGCCCCTCATG,0,4520319
yahL_predicted,0.08333333333333333,11,11,CTGGGTACGTGGCGCCTTGT,0,4531436
yahL_predicted,0.08333333333333333,11,11,CTGGCTGCTACAAGAGGTCA,0,4543890
yahL_predicted,0.08333333333333333,11,11,CTGGCCAGCTTTTAGTCGTC,0,4518181
yahL_predicted,0.08333333333333333,11,11,CTGGCACGACCATGTAGGCT,0,4532810
yahL_predicted,0.08333333333333333,11,11,CTGCTTAGCGCGTTGTCTTC,0,4517877
yahL_predicted,0.08333333333333333,11,11,CTGACGAGATCACGCGCCCG,0,4514461
yahL_predicted,0.08333333333333333,11,11,CTCTCTGAGTAGATTGTGCA,0,4531233
yahL_predicted,0.08333333333333333,11,11,CTCGCCTTTATCTCTTTCGG,0,4519739
yahL_predicted,0.08333333333333333,11,11,CTCCTGCTACCCGAGCATAG,0,4539038
yahL_predicted,0.08333333333333333,11,11,CTCAAAATGTACCGTCGGAA,0,4527113
yahL_predicted,0.08333333333333333,11,11,CTAGTCTCGGAGAGTTCGGA,0,4512621
yahL_predicted,0.08333333333333333,11,11,CTACCTTCTAGGAGGCTGTT,0,4538250
yahL_predicted,0.08333333333333333,11,11,CGTTGGCGCGGATGGGCGAG,0,4520930
yahL_predicted,0.08333333333333333,11,11,CGTGCTCTAATGTGTTGGCT,0,4516571
yahL_predicted,0.08333333333333333,11,11,CGTCCAACGCTGTACGAGCA,0,4537487
yahL_predicted,0.08333333333333333,11,11,CGTCACCAGGATCTCCCCAA,0,4515495
yahL_predicted,0.08333333333333333,11,11,CGGTTCATATGTGGCTATGT,0,4521507
yahL_predicted,0.08333333333333333,11,11,CGGGGACGCACCCCCCATAG,0,4525985
yahL_predicted,0.08333333333333333,11,11,CGGCTGTAAGCTATGGATAT,0,4520313
yahL_predicted,0.08333333333333333,11,11,CGGCGATATCGAAGGTCATA,0,4534858
yahL_predicted,0.08333333333333333,11,11,CGGCGAAAAAATGATGACTA,0,4516417
yahL_predicted,0.08333333333333333,11,11,CGGAGTTCCGTAAGTGGTCT,0,4516944
yahL_predicted,0.08333333333333333,11,11,CGGAGTACAAGGCATCAGGT,0,4528679
yahL_predicted,0.08333333333333333,11,11,CGGAACCCCACTGGCCGGCT,0,4541571
yahL_predicted,0.08333333333333333,11,11,CGCTTAATAATAAGAATACA,0,4518842
yahL_predicted,0.08333333333333333,11,11,CGCGAGAGAAAGGATGACGC,0,4528786
yahL_predicted,0.08333333333333333,11,11,CGCACGGTTCTGGGTGGTCC,0,4522644
yahL_predicted,0.08333333333333333,11,11,CGCAAGTTAAGCAAGACACT,0,4519465
yahL_predicted,0.08333333333333333,11,11,CGAGAGTTGGATTGATCGTT,0,4534488
yahL_predicted,0.08333333333333333,11,11,CGAAGGGGTTATCGGCGCGC,0,4538891
yahL_predicted,0.08333333333333333,11,11,CCTGTCGCCCGCCTGTAGGA,0,4526943
yahL_predicted,0.08333333333333333,11,11,CCTGGTCAGATCGTTGCCCT,0,4520058
yahL_predicted,0.08333333333333333,11,11,CCTCAGTTTTCTGCGGAACC,0,4528831
yahL_predicted,0.08333333333333333,11,11,CCGTGTACTGCCGGGGAAGT,0,4521852
yahL_predicted,0.08333333333333333,11,11,CCGTACCACGAGGATAGTGC,0,4537071
yahL_predicted,0.08333333333333333,11,11,CCGGATATCGTGCCCTGGAC,0,4516092
yahL_predicted,0.08333333333333333,11,11,CCGCTCCGTAACAGCTGCAA,0,4538899
yahL_predicted,0.08333333333333333,11,11,CCGCGTCTTTAAAGTTTCTG,0,4529001
yahL_predicted,0.08333333333333333,11,11,CCCTTGCTTAGTAGCCACTC,0,4531438
yahL_predicted,0.08333333333333333,11,11,CCCTAGGTTCGGCTCAAGTG,0,4526817
yahL_predicted,0.08333333333333333,11,11,CCCCTCGTCTCTGCAAACCT,0,4517378
yahL_predicted,0.08333333333333333,11,11,CCCCGATGACGGACGGTGCA,0,4514590
yahL_predicted,0.08333333333333333,11,11,CCAGTTTTTCACCGTTTTAA,0,4523017
yahL_predicted,0.08333333333333333,11,11,CCACGTACACGGGAGAGGGG,0,4540264
yahL_predicted,0.08333333333333333,11,11,CCACCATCTGGGCGGCGTCT,0,4513186
yahL_predicted,0.08333333333333333,11,11,CATTTTAGAGTCGGGCGACA,0,4541866
yahL_predicted,0.08333333333333333,11,11,CATCTATCAAAAGGTATTGG,0,4527051
yahL_predicted,0.08333333333333333,11,11,CATCAACGCCCAAGGATAGA,0,4519208
yahL_predicted,0.08333333333333333,11,11,CAGTCACGATTCTCTCGTAT,0,4514260
yahL_predicted,0.08333333333333333,11,11,CAGGTCCAGGCAAGCCCTTT,0,4517495
yahL_predicted,0.08333333333333333,11,11,CAGGAAGATTTGCCCACTCA,0,4520106
yahL_predicted,0.08333333333333333,11,11,CAGCTTCTGGCTGTCTAGTA,0,4542992
yahL_predicted,0.08333333333333333,11,11,CAGATGCAATGCACGAAAAT,0,4528316
yahL_predicted,0.08333333333333333,11,11,CACGCGGAGCGAGGTATCGT,0,4516039
yahL_predicted,0.08333333333333333,11,11,CACGACCCTGTTCAAGAACT,0,4515523
yahL_predicted,0.08333333333333333,11,11,CACCGATCCAAAGCCCCTTC,0,4513763
yahL_predicted,0.08333333333333333,11,11,CACCCTAGTTGGGTCTCAGA,0,4519741
yahL_predicted,0.08333333333333333,11,11,CACATCACACACTTCGGTCG,0,4529541
yahL_predicted,0.08333333333333333,11,11,CACATAGGTAGTCTACGCAT,0,4534878
yahL_predicted,0.08333333333333333,11,11,CAATCACAGTCTTGCACGCT,0,4525139
yahL_predicted,0.08333333333333333,11,11,CAAGTTGGCGGCAATTATAA,0,4535537
yahL_predicted,0.08333333333333333,11,11,CAAGTACGACATCGGGACAT,0,4522149
yahL_predicted,0.08333333333333333,11,11,CAAGGGTGTGTTGCCCTAGG,0,4520213
yahL_predicted,0.08333333333333333,11,11,CAAACAGCTGTCCACATGCT,0,4534220
yahL_predicted,0.08333333333333333,11,11,ATTGTCGATTCACGTCATAG,0,4520675
yahL_predicted,0.08333333333333333,11,11,ATTCAAATAGGCCGGCTCAA,0,4539666
yahL_predicted,0.08333333333333333,11,11,ATTAGTACTGATGCAAGCTC,0,4522674
yahL_predicted,0.08333333333333333,11,11,ATGTCAGACACGGTGATTAT,0,4529196
yahL_predicted,0.08333333333333333,11,11,ATGCCCCAGAAAGGCGGTAT,0,4512610
yahL_predicted,0.08333333333333333,11,11,ATGAGGAGTCGTGAGGGCAG,0,4533161
yahL_predicted,0.08333333333333333,11,11,ATCGTTCGTAAATTAAACCT,0,4512996
yahL_predicted,0.08333333333333333,11,11,ATCGGTCTCACGAGATCGGA,0,4528482
yahL_predicted,0.08333333333333333,11,11,ATCGGGCAAGAATAGATTGC,0,4523517
yahL_predicted,0.08333333333333333,11,11,ATCGAATGCCCGGGGTCGGG,0,4539068
yahL_predicted,0.08333333333333333,11,11,ATCCGGGACCGCCGGTCCGA,0,4523773
yahL_predicted,0.08333333333333333,11,11,ATCCCGCGAACTGGAATCGA,0,4529185
yahL_predicted,0.08333333333333333,11,11,ATCAGCTCTATATCCCTCGC,0,4522268
yahL_predicted,0.08333333333333333,11,11,ATCAGAGACGTCGGGTAGAA,0,4514667
yahL_predicted,0.08333333333333333,11,11,ATATCACTGCAAGCTTGTTA,0,4515345
yahL_predicted,0.08333333333333333,11,11,ATAGATCACCTCTCCCAGTT,0,4512682
yahL_predicted,0.08333333333333333,11,11,ATACCCATTTGAGGAAAACG,0,4531555
yahL_predicted,0.08333333333333333,11,11,ATAATGCGGATGTGATAAGT,0,4512620
yahL_predicted,0.08333333333333333,11,11,ATAATGATTGCCTACCTACC,0,4531620
yahL_predicted,0.08333333333333333,11,11,AGTTTAGCCAAGTACTAAGG,0,4533026
yahL_predicted,0.08333333333333333,11,11,AGTGAGACAGGGTACGGTAA,0,4535399
yahL_predicted,0.08333333333333333,11,11,AGTCTCATACGATTAATCGT,0,4538106
yahL_predicted,0.08333333333333333,11,11,AGTATTGGTCCGAGCGCCCG,0,4519938
yahL_predicted,0.08333333333333333,11,11,AGTAGCTGGGGGTGCGCAGC,0,4532573
yahL_predicted,0.08333333333333333,11,11,AGGTCCTTAGCCCATGGAGA,0,4529149
yahL_predicted,0.08333333333333333,11,11,AGGGAATTCCTTGACAATGC,0,4516611
yahL_predicted,0.08333333333333333,11,11,AGGAGGGGGTCAGTAACGCC,0,4538222
yahL_predicted,0.08333333333333333,11,11,AGGAATCGTTGCCCCTCGAA,0,4543525
yahL_predicted,0.08333333333333333,11,11,AGATAGCTTCTTTGACAAAC,0,4524661
yahL_predicted,0.08333333333333333,11,11,AGACATTCGAGGTATATACG,0,4539984
yahL_predicted,0.08333333333333333,11,11,AGACAAGCATCAGGCTAAGT,0,4520315
yahL_predicted,0.08333333333333333,11,11,ACTTTTTTCAGCTACCGTCT,0,4544026
yahL_predicted,0.08333333333333333,11,11,ACTTTTATATCTTTGGATTC,0,4534079
yahL_predicted,0.08333333333333333,11,11,ACTTCGTTCAGCGGGCCAGG,0,4520020
yahL_predicted,0.08333333333333333,11,11,ACTTAGCGATCGGTGGGTAT,0,4516007
yahL_predicted,0.08333333333333333,11,11,ACTGGTCAAAGGTGAAGTAC,0,4531209
yahL_predicted,0.08333333333333333,11,11,ACTCTTTCTGTATATCAGCA,0,4526021
yahL_predicted,0.08333333333333333,11,11,ACTCTTCCTTAACGGGACGT,0,4526023
yahL_predicted,0.08333333333333333,11,11,ACTCGACAGGCCGCAATGTG,0,4542921
yahL_predicted,0.08333333333333333,11,11,ACTATTAGGGGACTGCCCAT,0,4520449
yahL_predicted,0.08333333333333333,11,11,ACGTGAAAGGTGTCCAAGTT,0,4524069
yahL_predicted,0.08333333333333333,11,11,ACGTCCTAATCATGGGTTGA,0,4525749
yahL_predicted,0.08333333333333333,11,11,ACGTACTCACATCACTTGCA,0,4535904
yahL_predicted,0.08333333333333333,11,11,ACGGTGGTAACCCGCGCCCC,0,4522036
yahL_predicted,0.08333333333333333,11,11,ACGGACGCCACATCAAGACA,0,4541176
yahL_predicted,0.08333333333333333,11,11,ACGCTGCTTTTATCATGCAA,0,4528069
yahL_predicted,0.08333333333333333,11,11,ACGCAGGCAGTAGGCGTAGA,0,4529748
yahL_predicted,0.08333333333333333,11,11,ACGCACGATAGAGACGTAAA,0,4526862
yahL_predicted,0.08333333333333333,11,11,ACGACAACGCTAGGGACGTT,0,4537766
yahL_predicted,0.08333333333333333,11,11,ACCTGTTGCTACGTGAGCCA,0,4541031
yahL_predicted,0.08333333333333333,11,11,ACCGAGCCCTGATGGTGACA,0,4539654
yahL_predicted,0.08333333333333333,11,11,ACCAGCAGGGCACGGGACCA,0,4524046
yahL_predicted,0.08333333333333333,11,11,ACAGGAAAGTCAGCAAAAGT,0,4538628
yahL_predicted,0.08333333333333333,11,11,ACACGACGTACGATCCTATG,0,4517398
yahL_predicted,0.08333333333333333,11,11,ACAACGGACCGCAGACACAT,0,4527971
yahL_predicted,0.08333333333333333,11,11,AATGTGTGCGCAGGAGAGTC,0,4513058
yahL_predicted,0.08333333333333333,11,11,AATGTGCTCAGGGTCTCAGC,0,4536776
yahL_predicted,0.08333333333333333,11,11,AATGATCAGAGCCGATTCCA,0,4542544
yahL_predicted,0.08333333333333333,11,11,AATCTCTACGATGCCCGGAC,0,4520933
yahL_predicted,0.08333333333333333,11,11,AATCTATTAGGCTCTAGCTC,0,4513338
yahL_predicted,0.08333333333333333,11,11,AATAGAATAGTCTTAGGCGC,0,4528363
yahL_predicted,0.08333333333333333,11,11,AAGTCTCAGTTTAGTAAACC,0,4531197
yahL_predicted,0.08333333333333333,11,11,AAGGGTCCCCAGTGATTCGT,0,4536366
yahL_predicted,0.08333333333333333,11,11,AAGCGCTATAAACTTGCACG,0,4512895
yahL_predicted,0.08333333333333333,11,11,AACCGCGTGGCTGTCGGTGG,0,4537489
yahL_predicted,0.08333333333333333,11,11,AACAGAATCGATGTGGACTA,0,4520977
yahL_predicted,0.08333333333333333,11,11,AAATTTGCAACGCCATGACA,0,4528070
yahL_predicted,0.08333333333333333,11,11,AAATCTCCAGTAGATGCTTG,0,4517953
yahL_predicted,0.08333333333333333,11,11,AAATCTAGGGGTGCCGGGTT,0,4529733
yahL_predicted,0.08333333333333333,11,11,AAATATTCCCCCATTTAAGT,0,4540455
yahL_predicted,0.08333333333333333,11,11,AAAGTTTACATGCCCCTCAA,0,4535075
yahL_predicted,0.08333333333333333,11,11,AAAGAACTGTTTGAGCTTTA,0,4517808
yahL_predicted,0.08333333333333333,11,11,AAACTCCGGTGCTCTCTGTA,0,4517509
yahL_predicted,0.08333333333333333,11,11,AAACTAGGATTCCTGAACAG,0,4534236
yahL_predicted,0.08333333333333333,11,11,AAACTAGCAGGTCTCTACTA,0,4532137
yahL_predicted,0.08333333333333333,11,11,AAACCATGCACGCACATCGA,0,4522073
yahL_predicted,0.08333333333333333,11,11,AAACAGCCCGATCACATTGG,0,4538218
yahL_predicted,0.09090909090909091,10,10,TTTGCATTCACTTGTAACCT,0,4515296
yahL_predicted,0.09090909090909091,10,10,TTTCTCTTTTTGTCTTCGTA,0,4522027
yahL_predicted,0.09090909090909091,10,10,TTGTGGCTCAAGGTATGAGA,0,4531097
yahL_predicted,0.09090909090909091,10,10,TTGTACTCGTTTGGTGTGAC,0,4517248
yahL_predicted,0.09090909090909091,10,10,TTGCTGGGTCTCCATGACTG,0,4530647
yahL_predicted,0.09090909090909091,10,10,TTGCGTCTGATGGTCGAGCA,0,4539922
yahL_predicted,0.09090909090909091,10,10,TTGATTCAATTCGCTGCGGC,0,4541679
yahL_predicted,0.09090909090909091,10,10,TTGAGTCGCACGCGCACCAT,0,4542365
yahL_predicted,0.09090909090909091,10,10,TTCCCTTCCATTACGATAAG,0,4539919
yahL_predicted,0.09090909090909091,10,10,TTAGGAAGATCTTAGGGGAA,0,4525223
yahL_predicted,0.09090909090909091,10,10,TTACATTAACAGATGAGCGT,0,4525145
yahL_predicted,0.09090909090909091,10,10,TTAAACCAGCGCGTGAGAGC,0,4539660
yahL_predicted,0.09090909090909091,10,10,TGTGACTTTGCGCAAGTTAC,0,4538944
yahL_predicted,0.09090909090909091,10,10,TGTAACGCAGTTTGAGACCC,0,4530311
yahL_predicted,0.09090909090909091,10,10,TGGTCAGTTTGCCCTCATTA,0,4538254
yahL_predicted,0.09090909090909091,10,10,TGGGCTCAGATGGGACCCCC,0,4517012
yahL_predicted,0.09090909090909091,10,10,TGGCTCGTTTCGTCCAGTGT,0,4539048
yahL_predicted,0.09090909090909091,10,10,TGGAGTCTAAAAGGCCGAGG,0,4536422
yahL_predicted,0.09090909090909091,10,10,TGGAGGGTTAAGTGTTCCCG,0,4544234
yahL_predicted,0.09090909090909091,10,10,TGGACATCTTGTCGTGCCAT,0,4518809
yahL_predicted,0.09090909090909091,10,10,TGCTGGTAATATTAAAGGCT,0,4536865
yahL_predicted,0.09090909090909091,10,10,TGCTCGTCAGCTGTAGTCTC,0,4541757
yahL_predicted,0.09090909090909091,10,10,TGCCTGTACGATCGAGTCAT,0,4526216
yahL_predicted,0.09090909090909091,10,10,TGCACCACTTTGGATTCCGT,0,4529131
yahL_predicted,0.09090909090909091,10,10,TGATGGTAGAATTCGGAGAG,0,4537316
yahL_predicted,0.09090909090909091,10,10,TGATGCCAGCACCTGTCAGA,0,4537972
yahL_predicted,0.09090909090909091,10,10,TGATCGTGTACATCACCGTA,0,4528023
yahL_predicted,0.09090909090909091,10,10,TGATCAATATTCAGGGCTGT,0,4542444
yahL_predicted,0.09090909090909091,10,10,TGATAGCTGTCGAGCGGTTG,0,4524583
yahL_predicted,0.09090909090909091,10,10,TGAGTCCAATATCTAGCGAG,0,4540875
yahL_predicted,0.09090909090909091,10,10,TGAGGCCGACCGTATTTGCA,0,4538285
yahL_predicted,0.09090909090909091,10,10,TGACATTGTTCCTGGGCTCG,0,4538126
yahL_predicted,0.09090909090909091,10,10,TCTCTCCCAACGATGAGTTG,0,4542289
yahL_predicted,0.09090909090909091,10,10,TCTAGCCCAGTTTTTGCCAA,0,4520830
yahL_predicted,0.09090909090909091,10,10,TCTACCCGCAATATACGCGT,0,4530409
yahL_predicted,0.09090909090909091,10,10,TCGTCGGATTGGTATTCCCG,0,4515276
yahL_predicted,0.09090909090909091,10,10,TCGGCAAGCTCAGACACTGC,0,4528486
yahL_predicted,0.09090909090909091,10,10,TCGAGCGAAATGGTGATCAG,0,4521248
yahL_predicted,0.09090909090909091,10,10,TCGACAACGCTGTAGCTTAT,0,4525402
yahL_predicted,0.09090909090909091,10,10,TCCGCAGGCGCAACCGGGTG,0,4532618
yahL_predicted,0.09090909090909091,10,10,TCCCTCCATCAATTAACTGA,0,4526810
yahL_predicted,0.09090909090909091,10,10,TCCCATTGTTATTATCTTAG,0,4529465
yahL_predicted,0.09090909090909091,10,10,TCCACGGTAGACATGTCCCT,0,4534246
yahL_predicted,0.09090909090909091,10,10,TCAGCGCATTATGTACGCAG,0,4535823
yahL_predicted,0.09090909090909091,10,10,TCAGAATGGCAGCGTACAGG,0,4530116
yahL_predicted,0.09090909090909091,10,10,TCACGGGAACAACCCTACTT,0,4536574
yahL_predicted,0.09090909090909091,10,10,TCAATGTGCGATCTTTCAAG,0,4513730
yahL_predicted,0.09090909090909091,10,10,TATGCAATTTAATTTCGGAT,0,4513477
yahL_predicted,0.09090909090909091,10,10,TATCCAGAAGCGTTCGATTA,0,4537927
yahL_predicted,0.09090909090909091,10,10,TACTGCAAGGCCGGATCAGA,0,4530967
yahL_predicted,0.09090909090909091,10,10,TACGTTATGGCGATATAGCT,0,4514292
yahL_predicted,0.09090909090909091,10,10,TACGTGGCCCCGCGCCCCGC,0,4522282
yahL_predicted,0.09090909090909091,10,10,TACGTAACTGATCTTCTTCT,0,4544094
yahL_predicted,0.09090909090909091,10,10,TACGGGCGACCGCTTTGGTA,0,4512281
yahL_predicted,0.09090909090909091,10,10,TACGCGGGCAAACAAATGTG,0,4518722
yahL_predicted,0.09090909090909091,10,10,TACATACAGATCTGCAGAGG,0,4523856
yahL_predicted,0.09090909090909091,10,10,TACAGTCTCCGGGAATCCGT,0,4530148
yahL_predicted,0.09090909090909091,10,10,TACAGAGTTGATCACATAAT,0,4515208
yahL_predicted,0.09090909090909091,10,10,TACACAAACGATAATAAAAC,0,4529442
yahL_predicted,0.09090909090909091,10,10,TACAAATGCGGTTCTATGTG,0,4535655
yahL_predicted,0.09090909090909091,10,10,TAATGAATTTTTGCGGGTGA,0,4521041
yahL_predicted,0.09090909090909091,10,10,GTTTTGAGGGTACCCCGGGA,0,4532206
yahL_predicted,0.09090909090909091,10,10,GTTTATGTGTAAATGAAAGC,0,4514636
yahL_predicted,0.09090909090909091,10,10,GTTACGCGCCGTACGGGCAA,0,4524995
yahL_predicted,0.09090909090909091,10,10,GTTACATACTTACCTGGTTG,0,4526894
yahL_predicted,0.09090909090909091,10,10,GTGTCGCAACCATTTTATTT,0,4517469
yahL_predicted,0.09090909090909091,10,10,GTGTATCTTAACTTGCACGA,0,4519565
yahL_predicted,0.09090909090909091,10,10,GTGTAGGAAATAGCATGAAG,0,4540179
yahL_predicted,0.09090909090909091,10,10,GTGGTCCAGCTTAGTGTATT,0,4519150
yahL_predicted,0.09090909090909091,10,10,GTGGCCAGCCACCGGGTGCG,0,4514878
yahL_predicted,0.09090909090909091,10,10,GTGGATCTCGCCGAAAACTG,0,4526329
yahL_predicted,0.09090909090909091,10,10,GTGCAGGACGACGTTGGGAC,0,4526865
yahL_predicted,0.09090909090909091,10,10,GTCGTCACGTAATTAAGGAC,0,4539194
yahL_predicted,0.09090909090909091,10,10,GTCGGGCGCCGCTCCGTGGT,0,4535607
yahL_predicted,0.09090909090909091,10,10,GTCGGCTGTCCAATCATGTG,0,4526345
yahL_predicted,0.09090909090909091,10,10,GTCGAATGTGGATCCATAAT,0,4518424
yahL_predicted,0.09090909090909091,10,10,GTCCAAGCATGGACGGTCTA,0,4519222
yahL_predicted,0.09090909090909091,10,10,GTCAGAATCTGGTTGTTGGC,0,4539760
yahL_predicted,0.09090909090909091,10,10,GTCACGTAAAATTTTTGGGT,0,4539769
yahL_predicted,0.09090909090909091,10,10,GTCACCGATAGAGGTCTAGA,0,4521529
yahL_predicted,0.09090909090909091,10,10,GTATTAGCCATTTGCCAGTC,0,4534414
yahL_predicted,0.09090909090909091,10,10,GTATTAGACTTCAACATCCA,0,4525670
yahL_predicted,0.09090909090909091,10,10,GTAGGCCTCTTGTCTAGTGA,0,4539429
yahL_predicted,0.09090909090909091,10,10,GTAGCTGGATAGCACCACCA,0,4514473
yahL_predicted,0.09090909090909091,10,10,GTAGAGAGGCTGCTGCTTGG,0,4525378
yahL_predicted,0.09090909090909091,10,10,GTACTAATCAAAGCGGACAG,0,4519503
yahL_predicted,0.09090909090909091,10,10,GTACGGATAACGTAGTACGT,0,4529706
yahL_predicted,0.09090909090909091,10,10,GTACAGTTCCAGATTGTCCA,0,4519045
yahL_predicted,0.09090909090909091,10,10,GTAACTAGGGAAGAATCTTT,0,4533179
yahL_predicted,0.09090909090909091,10,10,GGTTTGATCTGTTCCAAATG,0,4521709
yahL_predicted,0.09090909090909091,10,10,GGTGGCGGCAACAATGTTCA,0,4531231
yahL_predicted,0.09090909090909091,10,10,GGTGACTATCCCGCGACGGC,0,4539568
yahL_predicted,0.09090909090909091,10,10,GGTCTCACCGTCCCCTGCCT,0,4535253
yahL_predicted,0.09090909090909091,10,10,GGTCAGATTGCTAATTAAAG,0,4526875
yahL_predicted,0.09090909090909091,10,10,GGTAGTGAGCCAGAGCGAGG,0,4519180
yahL_predicted,0.09090909090909091,10,10,GGGTTCTGAATATTTACTAA,0,4540927
yahL_predicted,0.09090909090909091,10,10,GGGTGGTCGTACTGTCGCTG,0,4516352
yahL_predicted,0.09090909090909091,10,10,GGGGGCTTGCTTGCAACCTA,0,4530877
yahL_predicted,0.09090909090909091,10,10,GGGGGCTTCTCTAACCCCCC,0,4513871
yahL_predicted,0.09090909090909091,10,10,GGGGCCGGTTAGATCAGTTT,0,4536555
yahL_predicted,0.09090909090909091,10,10,GGGGATCGGCACTCCCAATA,0,4515335
yahL_predicted,0.09090909090909091,10,10,GGGCTGTTTAGGCCTTGTCA,0,4523886
yahL_predicted,0.09090909090909091,10,10,GGGCTACAATCCCATTCATG,0,4530937
yahL_predicted,0.09090909090909091,10,10,GGGCATTAAAATCCCATTCA,0,4520173
yahL_predicted,0.09090909090909091,10,10,GGGATTTATAAGACGGTCGC,0,4537110
yahL_predicted,0.09090909090909091,10,10,GGGACTTAGTTGATAGACAG,0,4543665
yahL_predicted,0.09090909090909091,10,10,GGGACACGGTAACCGCAATA,0,4513938
yahL_predicted,0.09090909090909091,10,10,GGCTCGCTATAAGATACTCG,0,4535395
yahL_predicted,0.09090909090909091,10,10,GGCTAAGCGACCCAGCTCGT,0,4528743
yahL_predicted,0.09090909090909091,10,10,GGCGATGTGCGCGCCGCTTC,0,4512345
yahL_predicted,0.09090909090909091,10,10,GGCCGGTTTCCAAGCTCGAC,0,4519431
yahL_predicted,0.09090909090909091,10,10,GGCCCTCTGTGATTACATTC,0,4517028
yahL_predicted,0.09090909090909091,10,10,GGCACAAAATGAATGACTCT,0,4539655
yahL_predicted,0.09090909090909091,10,10,GGATGCAAGTGCAAAACTTT,0,4529978
yahL_predicted,0.09090909090909091,10,10,GGATAATTAGTGCGGATGCT,0,4523475
yahL_predicted,0.09090909090909091,10,10,GGACCACAACGCACTTACTT,0,4536631
yahL_predicted,0.09090909090909091,10,10,GCTTGCGAGAAGTTCGCAAA,0,4536522
yahL_predicted,0.09090909090909091,10,10,GCTCCGCCTAACTGTAGTGC,0,4527258
yahL_predicted,0.09090909090909091,10,10,GCTCCCGCCGTAACGTGACT,0,4538818
yahL_predicted,0.09090909090909091,10,10,GCTACTCGTGAAATCTGAGA,0,4514476
yahL_predicted,0.09090909090909091,10,10,GCGTGGGGACTGGCTTTTGA,0,4540300
yahL_predicted,0.09090909090909091,10,10,GCGGTTCATGTAAGATTCAG,0,4512665
yahL_predicted,0.09090909090909091,10,10,GCGCGGGGTGCAAGTACCAA,0,4534123
yahL_predicted,0.09090909090909091,10,10,GCGAAGAGGGCCTTATCCTA,0,4523850
yahL_predicted,0.09090909090909091,10,10,GCCGGATGGTGACAACTCTT,0,4539669
yahL_predicted,0.09090909090909091,10,10,GCCACTAGACCGCCCAGCGT,0,4523339
yahL_predicted,0.09090909090909091,10,10,GCATCCTCCAGGGCAGCCGA,0,4526550
yahL_predicted,0.09090909090909091,10,10,GCATATGAAGGTTTCACTGC,0,4542583
yahL_predicted,0.09090909090909091,10,10,GCAGTGGAAGTGCCACTACC,0,4519754
yahL_predicted,0.09090909090909091,10,10,GCAAGATGTGTAATAAGATG,0,4528126
yahL_predicted,0.09090909090909091,10,10,GATTTACTGGAAGCACGATC,0,4537134
yahL_predicted,0.09090909090909091,10,10,GATGGCGACCCGTTACGTGG,0,4530919
yahL_predicted,0.09090909090909091,10,10,GATGGACAACATTCGCATAC,0,4542442
yahL_predicted,0.09090909090909091,10,10,GATCACGGGACGAAGTAGCT,0,4521853
yahL_predicted,0.09090909090909091,10,10,GATACATAAAATTGCGGGGA,0,4517523
yahL_predicted,0.09090909090909091,10,10,GATAAGACAATTTTGAAGTA,0,4512116
yahL_predicted,0.09090909090909091,10,10,GAGGCGGCACCGGCCGCCGA,0,4531424
yahL_predicted,0.09090909090909091,10,10,GAGCTGCGAGCAAGTTGGCA,0,4531414
yahL_predicted,0.09090909090909091,10,10,GACTCTTATAGTGTGGTAGT,0,4519268
yahL_predicted,0.09090909090909091,10,10,GACTCCTCAAAGGGAGACGT,0,4541434
yahL_predicted,0.09090909090909091,10,10,GAATTCGCCACCTTAGGTAA,0,4528815
yahL_predicted,0.09090909090909091,10,10,GAATGCCGGATTGCATGAGC,0,4527646
yahL_predicted,0.09090909090909091,10,10,GAATATTGTTGTGTAGGTGG,0,4529809
yahL_predicted,0.09090909090909091,10,10,GAAGGGCCGGGTAGAGGGAC,0,4535935
yahL_predicted,0.09090909090909091,10,10,GAAATGAGGCATTATGGCCC,0,4514687
yahL_predicted,0.09090909090909091,10,10,CTTTTTTGTTCACCTTTCTG,0,4535252
yahL_predicted,0.09090909090909091,10,10,CTTTGGCTGAAATTCTGGTA,0,4516149
yahL_predicted,0.09090909090909091,10,10,CTTTGCGGTACCAAGGTTCC,0,4532012
yahL_predicted,0.09090909090909091,10,10,CTTGAGTTTGTATACAACGA,0,4541060
yahL_predicted,0.09090909090909091,10,10,CTTCCTGTGCCAACGCGGTG,0,4538200
yahL_predicted,0.09090909090909091,10,10,CTTATCAATATCCGAGGATT,0,4534468
yahL_predicted,0.09090909090909091,10,10,CTGTAGTGGGGCGGCGTTGT,0,4524814
yahL_predicted,0.09090909090909091,10,10,CTGGGACGTGAATGGAATAA,0,4518003
yahL_predicted,0.09090909090909091,10,10,CTGCGGTTCGGAGGCCGTTT,0,4534870
yahL_predicted,0.09090909090909091,10,10,CTGCAAGGATGGAGGTGGCC,0,4526813
yahL_predicted,0.09090909090909091,10,10,CTGATGCGCGTGACGGGAGA,0,4532504
yahL_predicted,0.09090909090909091,10,10,CTCGTACCGGATACTTGCCA,0,4522002
yahL_predicted,0.09090909090909091,10,10,CTCGGGTCAGACTAATGGTG,0,4525235
yahL_predicted,0.09090909090909091,10,10,CTCCCGGGAGAAAGGGTGGA,0,4527046
yahL_predicted,0.09090909090909091,10,10,CTCCCATACCCGCACCCAAT,0,4528471
yahL_predicted,0.09090909090909091,10,10,CTCACCTGCGTGGGCTTTCA,0,4542898
yahL_predicted,0.09090909090909091,10,10,CTAGAGATTCGAGAGTGACT,0,4520451
yahL_predicted,0.09090909090909091,10,10,CTACATCGTGTATTGAGGAG,0,4535500
yahL_predicted,0.09090909090909091,10,10,CTAATCAACTGAGAAGGACG,0,4513776
yahL_predicted,0.09090909090909091,10,10,CGTTGGCCCCGACACACCTA,0,4522417
yahL_predicted,0.09090909090909091,10,10,CGTTCGTTTCTGCTTTGCTC,0,4517753
yahL_predicted,0.09090909090909091,10,10,CGTTACGTCTTTTGAATTTC,0,4520123
yahL_predicted,0.09090909090909091,10,10,CGTACCAGCCGGCATATGCA,0,4520124
yahL_predicted,0.09090909090909091,10,10,CGGTGGGCGCGCTGTTAGTT,0,4526462
yahL_predicted,0.09090909090909091,10,10,CGGTGCCGGTTCTCTATGCT,0,4521285
yahL_predicted,0.09090909090909091,10,10,CGGTCCTGCAGTGGATAGTC,0,4542334
yahL_predicted,0.09090909090909091,10,10,CGGGTCGGAGAACTTGAACA,0,4520311
yahL_predicted,0.09090909090909091,10,10,CGGGGGGTTCGGTCGCGCAT,0,4526922
yahL_predicted,0.09090909090909091,10,10,CGGGGATGTCTGCCAGCGCT,0,4544055
yahL_predicted,0.09090909090909091,10,10,CGGAGTTGTATGGCATGTCC,0,4531385
yahL_predicted,0.09090909090909091,10,10,CGGAGCGCCTGAGTTCAGAT,0,4533526
yahL_predicted,0.09090909090909091,10,10,CGGAGAATTTGATTTTCCTA,0,4525465
yahL_predicted,0.09090909090909091,10,10,CGGAAATTATTCATGTAAGT,0,4517295
yahL_predicted,0.09090909090909091,10,10,CGCTGCCTGCGCTCGGATTA,0,4535808
yahL_predicted,0.09090909090909091,10,10,CGCTCGGCGGACAGAGACCA,0,4538810
yahL_predicted,0.09090909090909091,10,10,CGCGGGATTCTCACCTACAC,0,4513247
yahL_predicted,0.09090909090909091,10,10,CGCGCAAACGTGGACCTGGG,0,4541577
yahL_predicted,0.09090909090909091,10,10,CGCCTGAGAAGACGTTGCTG,0,4529772
yahL_predicted,0.09090909090909091,10,10,CGCCTCGGTATTTCCCAATC,0,4539789
yahL_predicted,0.09090909090909091,10,10,CGCCCCAATGCAGGTGAAGA,0,4535556
yahL_predicted,0.09090909090909091,10,10,CGCCCACCGGCCATCCAACT,0,4514820
yahL_predicted,0.09090909090909091,10,10,CGATTAATAAAGCCACGTCC,0,4512471
yahL_predicted,0.09090909090909091,10,10,CGACGGCGAAGATGGCCCAT,0,4534245
yahL_predicted,0.09090909090909091,10,10,CGACAGGGCGCGGTGCTTGT,0,4516405
yahL_predicted,0.09090909090909091,10,10,CCTTTCCGGATCTGTCTCGG,0,4527940
yahL_predicted,0.09090909090909091,10,10,CCGGCGTAAATGGCCGGTAT,0,4524430
yahL_predicted,0.09090909090909091,10,10,CCGCGAGGGCACGTATCAGG,0,4530595
yahL_predicted,0.09090909090909091,10,10,CCGATTAGCGGGTGGCAGGA,0,4513708
yahL_predicted,0.09090909090909091,10,10,CCGAGGCTGATACAGGGGAG,0,4523592
yahL_predicted,0.09090909090909091,10,10,CCGAAGCTACCAGACGTGCT,0,4513059
yahL_predicted,0.09090909090909091,10,10,CCGAAATCCAAAAGAACAGC,0,4513268
yahL_predicted,0.09090909090909091,10,10,CCCTCCAAGACGAGTTAGGG,0,4512476
yahL_predicted,0.09090909090909091,10,10,CCCCTACCGGGGCGCCGATC,0,4512994
yahL_predicted,0.09090909090909091,10,10,CCCATGGCCGCCAGGTTCTA,0,4519519
yahL_predicted,0.09090909090909091,10,10,CCCACATCAGTTTGCCCTAT,0,4520335
yahL_predicted,0.09090909090909091,10,10,CCATTCTAAAAAACCGAGGA,0,4525942
yahL_predicted,0.09090909090909091,10,10,CCATGGGTGTCCTCCTCTCT,0,4518723
yahL_predicted,0.09090909090909091,10,10,CCAGTATCAACGAACTTGTC,0,4519401
yahL_predicted,0.09090909090909091,10,10,CCACTTAATGGGGGTAGGAT,0,4526510
yahL_predicted,0.09090909090909091,10,10,CCACAAATTGCGTGTGTATC,0,4516994
yahL_predicted,0.09090909090909091,10,10,CATTAATTCGCCGGTTTTAG,0,4516051
yahL_predicted,0.09090909090909091,10,10,CATGAAGGGCACTTGTTTAC,0,4522348
yahL_predicted,0.09090909090909091,10,10,CAGTTCAAATCCCGGGCATA,0,4515304
yahL_predicted,0.09090909090909091,10,10,CAGTTACATTACCTCCATGT,0,4536494
yahL_predicted,0.09090909090909091,10,10,CAGGCGTGGTGTCGTCCACG,0,4537735
yahL_predicted,0.09090909090909091,10,10,CAGGACGTTTGAAGGGAGAG,0,4532508
yahL_predicted,0.09090909090909091,10,10,CAGGACGTATGGCTCACGCT,0,4540786
yahL_predicted,0.09090909090909091,10,10,CAGCTTAAACCCTCTTTTAC,0,4537155
yahL_predicted,0.09090909090909091,10,10,CAGCTGATGGAGCATATCCA,0,4525296
yahL_predicted,0.09090909090909091,10,10,CAGCAAATTTAAGAAGCCTG,0,4525469
yahL_predicted,0.09090909090909091,10,10,CAGACATCTGGTCATCTTCT,0,4529830
yahL_predicted,0.09090909090909091,10,10,CAGAATGCATGCCACTGCTC,0,4521331
yahL_predicted,0.09090909090909091,10,10,CACTTACTGTGTCGCCTCCC,0,4537873
yahL_predicted,0.09090909090909091,10,10,CACGTAGATTCCGGTTTCAA,0,4538062
yahL_predicted,0.09090909090909091,10,10,CACGCTTCTTTTATAAATTT,0,4531088
yahL_predicted,0.09090909090909091,10,10,CACGACAATTCGTTGCTGCG,0,4513234
yahL_predicted,0.09090909090909091,10,10,CAAGAGCATGGGTATCGCAG,0,4542542
yahL_predicted,0.09090909090909091,10,10,CAACAGTGGCTATTCGCGTA,0,4524170
yahL_predicted,0.09090909090909091,10,10,ATTTAATGGTTGTTAGCTGA,0,4526963
yahL_predicted,0.09090909090909091,10,10,ATTGTTACTGTCAAACAGGC,0,4544047
yahL_predicted,0.09090909090909091,10,10,ATTGTCGTCCGCCCTTTACG,0,4515741
yahL_predicted,0.09090909090909091,10,10,ATTGAGGTTATGTACTCGGG,0,4523664
yahL_predicted,0.09090909090909091,10,10,ATTAGGACCTTTTATATCAT,0,4531204
yahL_predicted,0.09090909090909091,10,10,ATGTATGGACATCAGACGGT,0,4521598
yahL_predicted,0.09090909090909091,10,10,ATGGTCTCTTCTTGCCGACA,0,4517740
yahL_predicted,0.09090909090909091,10,10,ATGCTTCTCTTTCAAAGGCG,0,4544250
yahL_predicted,0.09090909090909091,10,10,ATGCCGGGAACTGAGACTTG,0,4535238
yahL_predicted,0.09090909090909091,10,10,ATGCCGAAAAGTGATAGACT,0,4534021
yahL_predicted,0.09090909090909091,10,10,ATCTCCGGATAGGGGGCGAG,0,4529775
yahL_predicted,0.09090909090909091,10,10,ATCTAGGTTTGATTTTGTAA,0,4531499
yahL_predicted,0.09090909090909091,10,10,ATCTAACTCTGGCACTGGAT,0,4539957
yahL_predicted,0.09090909090909091,10,10,ATCATTTCCTAGTCTGTATT,0,4539383
yahL_predicted,0.09090909090909091,10,10,ATCATCTATAGGTGAGCTTC,0,4520022
yahL_predicted,0.09090909090909091,10,10,ATATGGGATATTCAACGGAC,0,4512199
yahL_predicted,0.09090909090909091,10,10,ATATAGCGGGTTACTAATTT,0,4516638
yahL_predicted,0.09090909090909091,10,10,ATAGTGACACACATTTTGTT,0,4517937
yahL_predicted,0.09090909090909091,10,10,ATAGGTTATTAATTTCGTTA,0,4518942
yahL_predicted,0.09090909090909091,10,10,ATACTGACGAGCTCTTTTAA,0,4517326
yahL_predicted,0.09090909090909091,10,10,ATACAGAGCTCACGCGACAG,0,4533772
yahL_predicted,0.09090909090909091,10,10,AGTTAGCATGAAAACCCTTC,0,4515611
yahL_predicted,0.09090909090909091,10,10,AGTGGAGCTTCACGTGATTG,0,4533543
yahL_predicted,0.09090909090909091,10,10,AGTCGGTTTAGAGGTATGAG,0,4530150
yahL_predicted,0.09090909090909091,10,10,AGTATCTTCTGTTGCGAGGT,0,4526844
yahL_predicted,0.09090909090909091,10,10,AGTAGTTGTAACGGACAGCG,0,4541897
yahL_predicted,0.09090909090909091,10,10,AGTACTAGCATTTAGAGAAA,0,4528278
yahL_predicted,0.09090909090909091,10,10,AGGTTGCCCTCGCTCGTGCG,0,4513929
yahL_predicted,0.09090909090909091,10,10,AGGGGTTTAGTTTGGTAGCA,0,4539047
yahL_predicted,0.09090909090909091,10,10,AGGGGACCGCTGTGGCCAGG,0,4530662
yahL_predicted,0.09090909090909091,10,10,AGGGCGTGAACAAGGCCTAG,0,4517932
yahL_predicted,0.09090909090909091,10,10,AGGCTGGGCAAGATTGGTGA,0,4515829
yahL_predicted,0.09090909090909091,10,10,AGGAAACTAAATGCCTTACC,0,4534247
yahL_predicted,0.09090909090909091,10,10,AGAGCTTCAATGGAACCGGA,0,4535541
yahL_predicted,0.09090909090909091,10,10,AGACGCATTGAGAAAGGTTC,0,4539244
yahL_predicted,0.09090909090909091,10,10,ACTTAAAGGCTTCCCAGTAT,0,4515835
yahL_predicted,0.09090909090909091,10,10,ACTCTTCGGTAAGCTCTACA,0,4513269
yahL_predicted,0.09090909090909091,10,10,ACGGTGGCGTTCACAGGGTA,0,4540000
yahL_predicted,0.09090909090909091,10,10,ACGAGAGTGTCCTCTGAGGA,0,4514607
yahL_predicted,0.09090909090909091,10,10,ACCTTTGGATCGCATATTAG,0,4516917
yahL_predicted,0.09090909090909091,10,10,ACCTAAATGCTGACTGTATT,0,4516197
yahL_predicted,0.09090909090909091,10,10,ACCCGCCCCATAGGGCGCGT,0,4518795
yahL_predicted,0.09090909090909091,10,10,ACCCCTCTTAATATATAAAA,0,4516664
yahL_predicted,0.09090909090909091,10,10,ACCAAATACAAGCTAAGTGG,0,4518151
yahL_predicted,0.09090909090909091,10,10,ACATCTGAATTTGATAAGTC,0,4536153
yahL_predicted,0.09090909090909091,10,10,ACAGTACCCGGGTCCAATAC,0,4523090
yahL_predicted,0.09090909090909091,10,10,ACAGGTATGAACAATAACGG,0,4543256
yahL_predicted,0.09090909090909091,10,10,ACAGCTGAGCTACGCGTGGC,0,4527342
yahL_predicted,0.09090909090909091,10,10,ACAACGGACCCATTCCGGTA,0,4533639
yahL_predicted,0.09090909090909091,10,10,ACAAATCGACTCGACTCATA,0,4543254
yahL_predicted,0.09090909090909091,10,10,AATTGGTTTTGGGTACGTGG,0,4528275
yahL_predicted,0.09090909090909091,10,10,AATCGCATGGAGAATCTATG,0,4533777
yahL_predicted,0.09090909090909091,10,10,AATAAGGCAAGTTTGAGTAC,0,4521036
yahL_predicted,0.09090909090909091,10,10,AAGTTTGAACGGCTACGTTG,0,4539819
yahL_predicted,0.09090909090909091,10,10,AAGTCTATGCAATGCCTTGT,0,4516265
yahL_predicted,0.09090909090909091,10,10,AAGTACGCCGAGGCCGCACG,0,4527712
yahL_predicted,0.09090909090909091,10,10,AAGGAAGCGAAAGCTTCATC,0,4532591
yahL_predicted,0.09090909090909091,10,10,AAGGAAGCCGAGATGCAATG,0,4539999
yahL_predicted,0.09090909090909091,10,10,AAGCTACACGAGGTTAGAGG,0,4536290
yahL_predicted,0.09090909090909091,10,10,AAGCCAGAAGCGGTTTTATT,0,4516632
yahL_predicted,0.09090909090909091,10,10,AAGAAACCGAACAACAATCA,0,4539357
yahL_predicted,0.09090909090909091,10,10,AACTTCATTTCCCGTCAGAT,0,4516574
yahL_predicted,0.09090909090909091,10,10,AACTGTACACCGCAGTTAGG,0,4518173
yahL_predicted,0.09090909090909091,10,10,AACGTCGCTCACAGTGATGT,0,4521716
yahL_predicted,0.09090909090909091,10,10,AACGATGGGCTTCAGAGTAA,0,4522525
yahL_predicted,0.09090909090909091,10,10,AAATGTGCCGTCGAGAGGCT,0,4541166
yahL_predicted,0.09090909090909091,10,10,AAATGTAACCGTTTTGGAGG,0,4539517
yahL_predicted,0.09090909090909091,10,10,AAAGTGTTTATAGACCGCGA,0,4523061
yahL_predicted,0.09090909090909091,10,10,AAAAATCCGGTAAGTCTCTC,0,4520076
yahL_predicted,0.1,9,9,TTTTCTTCATTCGGTTGCGA,0,4536565
yahL_predicted,0.1,9,9,TTTTCAAGCGAGCTAACTGA,0,4530079
yahL_predicted,0.1,9,9,TTTCGGTGGTAGCCTATCGA,0,4514376
yahL_predicted,0.1,9,9,TTTAGAGGCTTCCATTGAGA,0,4534368
yahL_predicted,0.1,9,9,TTGTTTTGCCGACTAGCGTG,0,4534934
yahL_predicted,0.1,9,9,TTGGTGCCGTTGCGAGTCCC,0,4520171
yahL_predicted,0.1,9,9,TTGGTACTACTTTCAAGGGA,0,4542330
yahL_predicted,0.1,9,9,TTGGGCGAAGTGACTCACGA,0,4530353
yahL_predicted,0.1,9,9,TTGGCTGATCAGAACGCAAC,0,4532381
yahL_predicted,0.1,9,9,TTGCGGACTCCCGCGCTATT,0,4524167
yahL_predicted,0.1,9,9,TTGCAAGTTTCAACGTAGAA,0,4536031
yahL_predicted,0.1,9,9,TTGAGGTCAGTAGATCGAAA,0,4529510
yahL_predicted,0.1,9,9,TTCTGTGTAGGCGTAAAATC,0,4532510
yahL_predicted,0.1,9,9,TTCTCACGCAAGTATCCAAC,0,4517176
yahL_predicted,0.1,9,9,TTCGTTAACCAACTGGTCCT,0,4527764
yahL_predicted,0.1,9,9,TTCGATATTGGAGAGGCAAC,0,4541952
yahL_predicted,0.1,9,9,TTCCTCCGCATCCGGTTGTC,0,4533792
yahL_predicted,0.1,9,9,TTCAATGTGCAAACCTCGAC,0,4519487
yahL_predicted,0.1,9,9,TTATAGTTGTACCTTTGAGC,0,4527954
yahL_predicted,0.1,9,9,TTATAGAACGTAATTCGGTG,0,4539443
yahL_predicted,0.1,9,9,TTAGTTTTAACTGGACTATA,0,4525316
yahL_predicted,0.1,9,9,TTACGTTTCTCCCTCATGGA,0,4534941
yahL_predicted,0.1,9,9,TTAATCCACTTATTTACTCA,0,4540085
yahL_predicted,0.1,9,9,TGTGGTCATTACGACAGAGG,0,4543441
yahL_predicted,0.1,9,9,TGTGGGCCAGGTCAGAAGTT,0,4539883
yahL_predicted,0.1,9,9,TGTACCGGATGGAACAGGTG,0,4517880
yahL_predicted,0.1,9,9,TGGTTCATCACTGGCTCCTC,0,4531812
yahL_predicted,0.1,9,9,TGGGGGTCGTGTGCGTCGCA,0,4525362
yahL_predicted,0.1,9,9,TGGCTGCCAGCAAGTTCAGT,0,4519915
yahL_predicted,0.1,9,9,TGGAAGTGTGGAGTCGGAAA,0,4529586
yahL_predicted,0.1,9,9,TGCAGGAGCTTCTGGGAGTA,0,4539228
yahL_predicted,0.1,9,9,TGCAGACGCGAGGGAACCAG,0,4520374
yahL_predicted,0.1,9,9,TGATTTAATTCACTTCTTTA,0,4536975
yahL_predicted,0.1,9,9,TGACGAGGAGGCGCGGGGGA,0,4518810
yahL_predicted,0.1,9,9,TGACCCAGAAACGTGCGTAA,0,4542972
yahL_predicted,0.1,9,9,TCTCTCATAGTCGTCCCCAA,0,4536912
yahL_predicted,0.1,9,9,TCTCTAGCCAATTAGTCCGT,0,4524797
yahL_predicted,0.1,9,9,TCTCTACGCAGTCCCGATCC,0,4529790
yahL_predicted,0.1,9,9,TCTCGGACAGCCTCATAAGC,0,4532318
yahL_predicted,0.1,9,9,TCTATGTCAGCTCGTCTTAA,0,4518502
yahL_predicted,0.1,9,9,TCGGTTATAATACGGTGTCC,0,4534146
yahL_predicted,0.1,9,9,TCGGTAAGCTGGTCTCTGTG,0,4516053
yahL_predicted,0.1,9,9,TCGGGGAGAAACAATGCTGC,0,4535054
yahL_predicted,0.1,9,9,TCGGCAGAGAAGCCAGTCGT,0,4534174
yahL_predicted,0.1,9,9,TCGGATGAGTCTCAGTACCA,0,4541755
yahL_predicted,0.1,9,9,TCGCTAGATCCGGGTACAGG,0,4523294
yahL_predicted,0.1,9,9,TCCTGGTCAGTCAGCAAGTT,0,4530072
yahL_predicted,0.1,9,9,TCCTGATCGGTTAATTTCTG,0,4535217
yahL_predicted,0.1,9,9,TCCTGAAGATTACCTGGCGA,0,4521210
yahL_predicted,0.1,9,9,TCCGCGGTAGATCTGGATAT,0,4518610
yahL_predicted,0.1,9,9,TCCGAGTAGAGGGGCTACAA,0,4541410
yahL_predicted,0.1,9,9,TCCGAAAGTTTGCCCGTAAT,0,4528214
yahL_predicted,0.1,9,9,TCCCTTGCTCGTAGAATTAA,0,4524812
yahL_predicted,0.1,9,9,TCCCGTAATACTGCGGGCCA,0,4532946
yahL_predicted,0.1,9,9,TCCACGTACTATCTTGGGTC,0,4514966
yahL_predicted,0.1,9,9,TCATTTTCTGGGATAGCTCG,0,4538216
yahL_predicted,0.1,9,9,TCATCGTAATAAGTCTTCGG,0,4530345
yahL_predicted,0.1,9,9,TCAGTTAGGATCCCCTCCAT,0,4516469
yahL_predicted,0.1,9,9,TCAGTCTACACGCCTGCCAG,0,4527761
yahL_predicted,0.1,9,9,TCACTCCCCTTAATTGATTG,0,4515953
yahL_predicted,0.1,9,9,TCACCAAAAAACCGATAGTG,0,4519077
yahL_predicted,0.1,9,9,TCACAACGGTTATGGCTGAT,0,4516990
yahL_predicted,0.1,9,9,TCAAAAGACTGGCGATCGTG,0,4523496
yahL_predicted,0.1,9,9,TATTCCCGCGACTGGGCGAG,0,4521062
yahL_predicted,0.1,9,9,TATTACTTCACAGATCAGGT,0,4542172
yahL_predicted,0.1,9,9,TATGTTTGTACTCAAATCTT,0,4521952
yahL_predicted,0.1,9,9,TATGTGGGCACGAAGGATTC,0,4538149
yahL_predicted,0.1,9,9,TATCTCGACGAACGATTCTT,0,4521878
yahL_predicted,0.1,9,9,TATCTCCTCACAGAGCTGAC,0,4523161
yahL_predicted,0.1,9,9,TATCCTGCACTTGCTTGGAT,0,4530103
yahL_predicted,0.1,9,9,TATACTCCAACCGTCTCCCT,0,4518713
yahL_predicted,0.1,9,9,TATACACCACGCAGACGCAC,0,4531144
yahL_predicted,0.1,9,9,TATAAATCTAACATACGAAA,0,4518258
yahL_predicted,0.1,9,9,TAGTGGAAGCTCCATAAGTC,0,4529061
yahL_predicted,0.1,9,9,TAGCTGACCAGCCAATTATA,0,4530283
yahL_predicted,0.1,9,9,TAGCGTCGGTTCTGTCAACC,0,4532219
yahL_predicted,0.1,9,9,TAGCATGTATGAGCTCGCAG,0,4518548
yahL_predicted,0.1,9,9,TAGACGAGAACTAGGTTGTA,0,4540262
yahL_predicted,0.1,9,9,TACTTACTTTCACCGTAATG,0,4512368
yahL_predicted,0.1,9,9,TACGGAAGTTGGATCTTGGG,0,4527309
yahL_predicted,0.1,9,9,TACGACCGCTGTCCTGCGTG,0,4532509
yahL_predicted,0.1,9,9,TACCCCGGGTGGCAAGATAT,0,4533135
yahL_predicted,0.1,9,9,TACATTCTTAACAGGTGCGC,0,4519957
yahL_predicted,0.1,9,9,TACAGTTTTCTCGGTCTGCT,0,4523538
yahL_predicted,0.1,9,9,TAATCCAAGTTTACGTTTCT,0,4527715
yahL_predicted,0.1,9,9,TAAGTTCCCATCAGCCGCTC,0,4512521
yahL_predicted,0.1,9,9,TAAGTCGGACTCCCGAGCGT,0,4532595
yahL_predicted,0.1,9,9,TAAGGTTCGGTGGCCAGCTT,0,4521488
yahL_predicted,0.1,9,9,TAAGGATAAGAGGGGCACAG,0,4525385
yahL_predicted,0.1,9,9,TAAGCCTGATCCTATGCAAG,0,4533620
yahL_predicted,0.1,9,9,TAAAAATGGGTTACCATCGG,0,4523424
yahL_predicted,0.1,9,9,GTTTGTACGAGGCGAATACA,0,4529355
yahL_predicted,0.1,9,9,GTTGGGTAAACTTTACTTGA,0,4539367
yahL_predicted,0.1,9,9,GTTCCGTCAGCACTCAGATA,0,4539639
yahL_predicted,0.1,9,9,GTTCCGATCCTTCCGGAATT,0,4513721
yahL_predicted,0.1,9,9,GTTATCATAAGTGTGTGAGT,0,4523492
yahL_predicted,0.1,9,9,GTTACGGTGGGGTGTTTAGG,0,4520208
yahL_predicted,0.1,9,9,GTTAAGTCGATGGATTAATG,0,4525046
yahL_predicted,0.1,9,9,GTGTCCCTCTTGACTCTTCA,0,4529362
yahL_predicted,0.1,9,9,GTGGGGTCGGCGCACTAGCC,0,4520333
yahL_predicted,0.1,9,9,GTGCGCGTATCTTTAGGACT,0,4513029
yahL_predicted,0.1,9,9,GTGCCACGGGGCTCCGTATA,0,4515489
yahL_predicted,0.1,9,9,GTGCATGAGCGCAGCGGTGA,0,4536381
yahL_predicted,0.1,9,9,GTGACCTGCCATTTATAGGA,0,4533863
yahL_predicted,0.1,9,9,GTCGCGCCCCGTTCCAAAAA,0,4543309
yahL_predicted,0.1,9,9,GTCGATACACCAGCTCAAGC,0,4530024
yahL_predicted,0.1,9,9,GTCCCCAGTAATGTGTTCGG,0,4523260
yahL_predicted,0.1,9,9,GTCACACAAATTAAACTGAA,0,4517396
yahL_predicted,0.1,9,9,GTCAAGTAATTGACCAAGAG,0,4536694
yahL_predicted,0.1,9,9,GTCAACACCGCCGAGCGGCC,0,4528981
yahL_predicted,0.1,9,9,GTATTAGCAGGGAGGGATCT,0,4515354
yahL_predicted,0.1,9,9,GTATGCTGCGGGTTTGCTTA,0,4515537
yahL_predicted,0.1,9,9,GTAGGATTTACGATGGGTTT,0,4529262
yahL_predicted,0.1,9,9,GTACCATGTGAAAGAATGCA,0,4516887
yahL_predicted,0.1,9,9,GTACACAATTCGATGGTCAA,0,4512812
yahL_predicted,0.1,9,9,GTAATTTGCCTCGCTTTGCA,0,4522655
yahL_predicted,0.1,9,9,GTAACACGACGGGGCTGGGT,0,4537821
yahL_predicted,0.1,9,9,GGTTGAATCTATCCATTTCC,0,4537676
yahL_predicted,0.1,9,9,GGTTCATGAATAGGTGTGTG,0,4530442
yahL_predicted,0.1,9,9,GGTTACTCATCTGTCGTTAC,0,4532363
yahL_predicted,0.1,9,9,GGTGTTTTTAGTCACGGCGG,0,4518352
yahL_predicted,0.1,9,9,GGTGCGAGACCGCCACGGTT,0,4517804
yahL_predicted,0.1,9,9,GGTCGGTCGCGTAGAGCCCC,0,4528045
yahL_predicted,0.1,9,9,GGTACTTCTCTTCATGGAGC,0,4523659
yahL_predicted,0.1,9,9,GGGTTACGGTGCTTTATGAG,0,4518914
yahL_predicted,0.1,9,9,GGGTTAACTCTTAGATTTTC,0,4527570
yahL_predicted,0.1,9,9,GGGTGTTAGTGCGCACGTTG,0,4518948
yahL_predicted,0.1,9,9,GGGTGCCTGGATGGGCTGAT,0,4523483
yahL_predicted,0.1,9,9,GGGTCTAGGAGCCCCGTCTC,0,4514243
yahL_predicted,0.1,9,9,GGGTCGTTTACGATCCACCC,0,4521665
yahL_predicted,0.1,9,9,GGGTCCTGTGATTTCGTAAG,0,4533211
yahL_predicted,0.1,9,9,GGGTCAGGCGTGACTACCAA,0,4543084
yahL_predicted,0.1,9,9,GGGCGAGCGTTCAGTATAGA,0,4541814
yahL_predicted,0.1,9,9,GGGCATATGGCTACGCATCT,0,4532404
yahL_predicted,0.1,9,9,GGGATCGGGCGTCATGAGGG,0,4518693
yahL_predicted,0.1,9,9,GGGACATGGAAGTAAAAACT,0,4526460
yahL_predicted,0.1,9,9,GGCTGCCGTATCAGTCTGAT,0,4538357
yahL_predicted,0.1,9,9,GGCTGCCGCGTGTCAAAATT,0,4541446
yahL_predicted,0.1,9,9,GGCCCTGTCGTGCGGCGTGT,0,4533857
yahL_predicted,0.1,9,9,GGCAATTGGGGTCCAAGATC,0,4517538
yahL_predicted,0.1,9,9,GGATTGAGTAGACTCTCTCC,0,4531272
yahL_predicted,0.1,9,9,GGATCTCTTTCACCGGCACA,0,4521434
yahL_predicted,0.1,9,9,GGAGTGGTAGTCGCGACAAA,0,4522733
yahL_predicted,0.1,9,9,GGAGAATATTATTGATGTCG,0,4519798
yahL_predicted,0.1,9,9,GGAGAACTGTGATGATCATC,0,4535246
yahL_predicted,0.1,9,9,GGACTGAAGGCCGCTTGTTC,0,4526472
yahL_predicted,0.1,9,9,GGACAATTAAAGTCGTGCTA,0,4542690
yahL_predicted,0.1,9,9,GCTGTGCAGTGTCGGGTGCG,0,4535714
yahL_predicted,0.1,9,9,GCTGGGGGACATCACATGAA,0,4530310
yahL_predicted,0.1,9,9,GCTGGCAAAGATTACCAAAT,0,4520464
yahL_predicted,0.1,9,9,GCTCGGGACGCTTTGCTAGC,0,4538811
yahL_predicted,0.1,9,9,GCTAGGTTTCACAGAGCAAC,0,4517670
yahL_predicted,0.1,9,9,GCGGTCCCAGAACATGGAGC,0,4517651
yahL_predicted,0.1,9,9,GCGACAGATCAGAAATGCTG,0,4538249
yahL_predicted,0.1,9,9,GCCTATGGTAGCCGAGTGGT,0,4521400
yahL_predicted,0.1,9,9,GCCGCAATTTACTTCGAGCT,0,4529862
yahL_predicted,0.1,9,9,GCCCCACCTTGTTCTCCCTA,0,4514683
yahL_predicted,0.1,9,9,GCCCACAGGCGTCAGGAGTT,0,4532973
yahL_predicted,0.1,9,9,GCCATTAGACCGTTGGACAA,0,4533888
yahL_predicted,0.1,9,9,GCCACCGGCATTTGCACGGA,0,4515956
yahL_predicted,0.1,9,9,GCACTCACCTCTACGAGCCA,0,4512581
yahL_predicted,0.1,9,9,GCACATAGGTCCCCAATTGA,0,4514692
yahL_predicted,0.1,9,9,GCAAAGCAATTGAAGTCGGA,0,4541233
yahL_predicted,0.1,9,9,GATTTTGGTCTATTAGAAAT,0,4520956
yahL_predicted,0.1,9,9,GATTGACTGCTGGAATATAC,0,4526936
yahL_predicted,0.1,9,9,GATCGGGTTAGATCTACGTC,0,4521655
yahL_predicted,0.1,9,9,GATCCAGTCCTCGCAATAAG,0,4533363
yahL_predicted,0.1,9,9,GATAGCCCGCTAACGAACGA,0,4534922
yahL_predicted,0.1,9,9,GATAGAATAGTCCCAATCCT,0,4534665
yahL_predicted,0.1,9,9,GAGTCTGACCACCGCAGAAG,0,4529424
yahL_predicted,0.1,9,9,GAGGACTTACCATACTCTCA,0,4513045
yahL_predicted,0.1,9,9,GAGGAATAGTGTACCTTTCT,0,4535736
yahL_predicted,0.1,9,9,GAGATGCAAACATCGTTGCT,0,4527515
yahL_predicted,0.1,9,9,GAGAGGTTTATGCGTATCCC,0,4524714
yahL_predicted,0.1,9,9,GAGAACGTCTGCTTGAGGGA,0,4523626
yahL_predicted,0.1,9,9,GACTTCCGTGTATCGCCTAA,0,4539384
yahL_predicted,0.1,9,9,GACGTGTCAATCAGAAACGG,0,4513556
yahL_predicted,0.1,9,9,GACGTAAAGTTCTGAGACGA,0,4529453
yahL_predicted,0.1,9,9,GACGATTATCCATGTCTTGT,0,4535283
yahL_predicted,0.1,9,9,GACGACGATACCCAGACATT,0,4520330
yahL_predicted,0.1,9,9,GACCCTTTGATTGATGATCA,0,4514136
yahL_predicted,0.1,9,9,GACCAAAATTTCTGGGCGTA,0,4543480
yahL_predicted,0.1,9,9,GACATGTGTAGACTATGTTT,0,4523577
yahL_predicted,0.1,9,9,GACAAATCAACAAACTGATA,0,4522836
yahL_predicted,0.1,9,9,GAATCTACAACGACACCGAT,0,4536410
yahL_predicted,0.1,9,9,GAACTAAACCACGTATAGCA,0,4539860
yahL_predicted,0.1,9,9,GAACCCAGTAATCACCGATT,0,4522292
yahL_predicted,0.1,9,9,CTTTGCCGTATGGGTCCGTC,0,4513744
yahL_predicted,0.1,9,9,CTTCGTAATTAGTACGCAAT,0,4522109
yahL_predicted,0.1,9,9,CTTCCGCACTTCAGTCATAT,0,4542492
yahL_predicted,0.1,9,9,CTTCATCCAGTACGGTTTAT,0,4514184
yahL_predicted,0.1,9,9,CTTACGGTTGTGGAAAAGAA,0,4541305
yahL_predicted,0.1,9,9,CTTAAAACTAACCGGAAAGC,0,4542720
yahL_predicted,0.1,9,9,CTGTCACTTAAATCGAGGGA,0,4537597
yahL_predicted,0.1,9,9,CTGTAGCAGGGTTGGGAGGC,0,4531038
yahL_predicted,0.1,9,9,CTGGGTTTACACTTGCCAGA,0,4529006
yahL_predicted,0.1,9,9,CTGGGCTGTATTTACATCGG,0,4514759
yahL_predicted,0.1,9,9,CTGAGTGGTTACTCCGTGCT,0,4528513
yahL_predicted,0.1,9,9,CTCTGCTGAGTGAAGCTGCC,0,4539190
yahL_predicted,0.1,9,9,CTCTGAGAATCACCCTATTG,0,4530480
yahL_predicted,0.1,9,9,CTCTAGCACTATTTAACGTA,0,4524010
yahL_predicted,0.1,9,9,CTCTAACGGCAAGTGAAGGA,0,4539024
yahL_predicted,0.1,9,9,CTCCCACTTGGATGGGTTAT,0,4528373
yahL_predicted,0.1,9,9,CTCCATCAGCGGAGCACTTG,0,4542158
yahL_predicted,0.1,9,9,CTCCAGTGGCACACTTTGCT,0,4537611
yahL_predicted,0.1,9,9,CTCATAGCTGTGTAGGCCAT,0,4526668
yahL_predicted,0.1,9,9,CTCACGTCCGTGTCGGCTTT,0,4527717
yahL_predicted,0.1,9,9,CTCACATATGAGATACTTGT,0,4514622
yahL_predicted,0.1,9,9,CTAGTGACCAGTCTGACGGG,0,4523992
yahL_predicted,0.1,9,9,CTAGGGTGCGGGGCTATAGA,0,4536803
yahL_predicted,0.1,9,9,CTAGGCGAAACTTCCGCATC,0,4517621
yahL_predicted,0.1,9,9,CTAGCGTCGCAATCTCAACC,0,4513621
yahL_predicted,0.1,9,9,CTACTTTAGCACGACATGTA,0,4520082
yahL_predicted,0.1,9,9,CGTTATAGGTCCTGGGCCCG,0,4513978
yahL_predicted,0.1,9,9,CGTTAGACTCTATCCCCGAA,0,4514925
yahL_predicted,0.1,9,9,CGTGTGCCGTTGTTTGATGT,0,4517810
yahL_predicted,0.1,9,9,CGTCAAATATGAACAAGCTG,0,4535646
yahL_predicted,0.1,9,9,CGTACCCACTTCCTTAAACT,0,4529585
yahL_predicted,0.1,9,9,CGTAATGGCGCCCTAGGCGC,0,4530819
yahL_predicted,0.1,9,9,CGGTGCCATCCGGACGTTCA,0,4542547
yahL_predicted,0.1,9,9,CGGTCCGGTATGCTGCTTGT,0,4514031
yahL_predicted,0.1,9,9,CGGTCCACACGCTGAGTTTG,0,4530859
yahL_predicted,0.1,9,9,CGGGTAATCTCCTTGAAACG,0,4528020
yahL_predicted,0.1,9,9,CGGGCTTGGTCTCGCAGCCA,0,4532102
yahL_predicted,0.1,9,9,CGGGCGTGAGGAACGACGCA,0,4522611
yahL_predicted,0.1,9,9,CGGGCGACTCAAAGAAGTTT,0,4517759
yahL_predicted,0.1,9,9,CGGCCCTGTGGATTCCGGCT,0,4528271
yahL_predicted,0.1,9,9,CGGCAAACCAGGTTACGGTT,0,4514381
yahL_predicted,0.1,9,9,CGGATCACGGCTTCAGGGTG,0,4536316
yahL_predicted,0.1,9,9,CGGAGATACCTGGTCATTGG,0,4523332
yahL_predicted,0.1,9,9,CGGACACATTAAAACTCAAA,0,4527097
yahL_predicted,0.1,9,9,CGGAAGCTTAAGCACATTAG,0,4539594
yahL_predicted,0.1,9,9,CGCTGTGTTCGTCTTGATAA,0,4512112
yahL_predicted,0.1,9,9,CGCTATCAGTAGCCCTTGAA,0,4531060
yahL_predicted,0.1,9,9,CGCGGGTACAGCGGAATCTT,0,4542134
yahL_predicted,0.1,9,9,CGCGCACAAAGTAAGCCATT,0,4525002
yahL_predicted,0.1,9,9,CGCAGTGATGGTAAGCCGTT,0,4517668
yahL_predicted,0.1,9,9,CGCACTCGTTATATCAATAG,0,4525165
yahL_predicted,0.1,9,9,CGCACAACCAAAACTGCCAT,0,4525051
yahL_predicted,0.1,9,9,CGATGGTAGACCGCGCACTT,0,4527174
yahL_predicted,0.1,9,9,CGAGCCGCAGTTTCCGACTA,0,4517661
yahL_predicted,0.1,9,9,CGAGAGATACACATCGCGCA,0,4527451
yahL_predicted,0.1,9,9,CGACTCGCAGCCACGCTTGT,0,4530117
yahL_predicted,0.1,9,9,CGACTAGCGAGTCAAAACGT,0,4522270
yahL_predicted,0.1,9,9,CCTTTCGTCACGTCTTACGC,0,4523494
yahL_predicted,0.1,9,9,CCTGGTGGCTCTCCTGTACC,0,4518496
yahL_predicted,0.1,9,9,CCTGGGCGTTGTTCGTCCTA,0,4521137
yahL_predicted,0.1,9,9,CCTGACGTTTAAATAGGAGA,0,4532293
yahL_predicted,0.1,9,9,CCTGACGGGGCTAATGGGGA,0,4541316
yahL_predicted,0.1,9,9,CCTCGTCAGGCATTAGTGAC,0,4531731
yahL_predicted,0.1,9,9,CCTCATATTTGCGAAAAGTC,0,4525244
yahL_predicted,0.1,9,9,CCTAGTAAACATCGCCGAAA,0,4513973
yahL_predicted,0.1,9,9,CCTAGAATGTGATCTAGTGA,0,4519893
yahL_predicted,0.1,9,9,CCGTGAGCAGTTCAGACTGT,0,4519283
yahL_predicted,0.1,9,9,CCGCCTATCTCACTTACTAA,0,4516537
yahL_predicted,0.1,9,9,CCGCACAAGTGAGAGTTGCT,0,4516353
yahL_predicted,0.1,9,9,CCGAGGCGTTCGTTCCAAGA,0,4520800
yahL_predicted,0.1,9,9,CCCTGGACGGTGTCTCATAC,0,4530336
yahL_predicted,0.1,9,9,CCCTCTAGTAGACTCGCGTA,0,4543088
yahL_predicted,0.1,9,9,CCCTATCGCGCCTGTGAGTG,0,4518097
yahL_predicted,0.1,9,9,CCCCTGGAACCCACCTACCA,0,4512212
yahL_predicted,0.1,9,9,CCCCCAATTCGACCCCTTAG,0,4540464
yahL_predicted,0.1,9,9,CCATAGTGACGGTCCAGGTC,0,4538349
yahL_predicted,0.1,9,9,CCAGCCCATAGTCTAGGTGT,0,4523973
yahL_predicted,0.1,9,9,CCAATGTTTAACGTTCCGCT,0,4528832
yahL_predicted,0.1,9,9,CCAAGCTATTTAGATCTCGT,0,4541335
yahL_predicted,0.1,9,9,CATTTCCACTGCAAACCACA,0,4540579
yahL_predicted,0.1,9,9,CATTGTTAGGGTCTATACCA,0,4514466
yahL_predicted,0.1,9,9,CATGTGAGAATCAATGGGAA,0,4523032
yahL_predicted,0.1,9,9,CATAATTGAGTCTCTTCTTG,0,4515427
yahL_predicted,0.1,9,9,CAGTTATGAAATCGATTGAA,0,4540651
yahL_predicted,0.1,9,9,CAGTGTCGCTGGGCCAAAGG,0,4518588
yahL_predicted,0.1,9,9,CAGTAAGCTGGTTTCCAGGA,0,4512481
yahL_predicted,0.1,9,9,CAGGAGGTACAATGTTACCA,0,4536052
yahL_predicted,0.1,9,9,CAGCAGAGGGACGTAAAGCT,0,4513050
yahL_predicted,0.1,9,9,CAGAATACTCTGAGAATCGT,0,4515144
yahL_predicted,0.1,9,9,CACTGTTGACTGGGTCCGTA,0,4525122
yahL_predicted,0.1,9,9,CACTCCAGCAGGGAAACGCA,0,4524716
yahL_predicted,0.1,9,9,CACGGGGAGCACGCCGGCCT,0,4541586
yahL_predicted,0.1,9,9,CACAAACGGCGGCCACAGTC,0,4518249
yahL_predicted,0.1,9,9,CAATGCAGTTCGGCGCACTC,0,4526029
yahL_predicted,0.1,9,9,CAATCTAGCCAGACGTAGGT,0,4530618
yahL_predicted,0.1,9,9,CAATCCTGTGGTGATTAAGA,0,4537780
yahL_predicted,0.1,9,9,CAATAGCATATAATAGCTTG,0,4520231
yahL_predicted,0.1,9,9,CAAGTAATATATCGCTCTTT,0,4514467
yahL_predicted,0.1,9,9,ATTTTAACGCTTTACGCGCC,0,4532109
yahL_predicted,0.1,9,9,ATTTGTTAGCAGCTTAGTAA,0,4539913
yahL_predicted,0.1,9,9,ATTTAGGTTGTTTAGCTCCC,0,4532881
yahL_predicted,0.1,9,9,ATTTAGCGGTGAGACCTGGC,0,4531137
yahL_predicted,0.1,9,9,ATTGTTTAATTAGGCCAGCT,0,4542588
yahL_predicted,0.1,9,9,ATTGATCTTTCAGAGTATGA,0,4524537
yahL_predicted,0.1,9,9,ATTCACTAACAGTCCCGAAA,0,4539906
yahL_predicted,0.1,9,9,ATTATGGGGCGCCTCTAGAG,0,4525166
yahL_predicted,0.1,9,9,ATTATAGCCCTATGTCGCGA,0,4512949
yahL_predicted,0.1,9,9,ATTAGTTTATACAATGTTTA,0,4540966
yahL_predicted,0.1,9,9,ATTAGCGGGGATCGGCTTAT,0,4538259
yahL_predicted,0.1,9,9,ATGTCTGTAGACTCGTCACG,0,4515637
yahL_predicted,0.1,9,9,ATGTCGCTTCTTACACTCCC,0,4514608
yahL_predicted,0.1,9,9,ATGTCGCCATGAGCCAGACT,0,4516701
yahL_predicted,0.1,9,9,ATGTCCGCTGTGTCTAGTGA,0,4531676
yahL_predicted,0.1,9,9,ATGGTAGTACGTTACCCACA,0,4520129
yahL_predicted,0.1,9,9,ATGGGTCTCTGGCTCCGCAT,0,4528387
yahL_predicted,0.1,9,9,ATGGATGCGTCCGCAGGGTA,0,4524900
yahL_predicted,0.1,9,9,ATCGGCGAATTGTCCATCCG,0,4540235
yahL_predicted,0.1,9,9,ATCGGATGTATTTGCTTCTT,0,4523303
yahL_predicted,0.1,9,9,ATCCGGGACAAAAAACCAGG,0,4542717
yahL_predicted,0.1,9,9,ATCCCAAGAAAGTTCCCTTC,0,4527900
yahL_predicted,0.1,9,9,ATCCACTAATCACTCCTAAC,0,4527088
yahL_predicted,0.1,9,9,ATCATCGGCACTTGTCCATC,0,4527863
yahL_predicted,0.1,9,9,ATCAGGGTTGCCCTTTAACT,0,4520223
yahL_predicted,0.1,9,9,ATCAACGTACATCCAGATTG,0,4512217
yahL_predicted,0.1,9,9,ATATCGTAATGTCCTACTTT,0,4525716
yahL_predicted,0.1,9,9,ATACTTAACAAGGAGACTGG,0,4526177
yahL_predicted,0.1,9,9,ATAATGCCGACGCACACGAC,0,4523866
yahL_predicted,0.1,9,9,AGTTAAAACCGGTGCAATCA,0,4523733
yahL_predicted,0.1,9,9,AGTGTCACATATTTCACTAC,0,4518972
yahL_predicted,0.1,9,9,AGTGAACAGCCCCCGACTTG,0,4524867
yahL_predicted,0.1,9,9,AGTCGTACGCCCCGAAGCAG,0,4543473
yahL_predicted,0.1,9,9,AGTCGGCATCCCAATACTGT,0,4536363
yahL_predicted,0.1,9,9,AGTCCCATCCGGCTTCTGTA,0,4532832
yahL_predicted,0.1,9,9,AGTCCATCGCTTTACCACGT,0,4517459
yahL_predicted,0.1,9,9,AGTCATCTAGGAGTTGGAAG,0,4534809
yahL_predicted,0.1,9,9,AGTCATAGCGGGATTGGTTA,0,4515480
yahL_predicted,0.1,9,9,AGTAGTTTCTTAATGACGCC,0,4526546
yahL_predicted,0.1,9,9,AGTAGCTTTATTGTCCAGAA,0,4534833
yahL_predicted,0.1,9,9,AGTACTACTGCTGAGTAATG,0,4543155
yahL_predicted,0.1,9,9,AGGTGTGAGTTCACAATTTC,0,4536652
yahL_predicted,0.1,9,9,AGGTCTAAGCGTGCCCGTTT,0,4543628
yahL_predicted,0.1,9,9,AGGGTGGTACCAGGGGTAGC,0,4524129
yahL_predicted,0.1,9,9,AGGCTTACCGTGCTCGAACC,0,4539219
yahL_predicted,0.1,9,9,AGGCTTACCCCACGCAGATC,0,4514655
yahL_predicted,0.1,9,9,AGGATGATTCTAGATGTCAC,0,4538280
yahL_predicted,0.1,9,9,AGGAGGGCGGAGGAGCTGTC,0,4523111
yahL_predicted,0.1,9,9,AGGACGGCCAGGTCAACCGT,0,4540713
yahL_predicted,0.1,9,9,AGGAACGACCGTATATGGGA,0,4527175
yahL_predicted,0.1,9,9,AGCTTAAAAACCGTTATCCG,0,4515380
yahL_predicted,0.1,9,9,AGCTCAGAATTCAAATGTTT,0,4528567
yahL_predicted,0.1,9,9,AGCTAGTCAATACTAGGCCG,0,4519159
yahL_predicted,0.1,9,9,AGCCAGTCACTTTTCTTTCA,0,4538595
yahL_predicted,0.1,9,9,AGCATTAAGCAAGGCCGTTT,0,4522439
yahL_predicted,0.1,9,9,AGCAGACGACTTGCGCCGTG,0,4535867
yahL_predicted,0.1,9,9,AGAGTGTTTTTATCAGGTCA,0,4530134
yahL_predicted,0.1,9,9,AGAGGGCAGTAAACATCGAC,0,4528618
yahL_predicted,0.1,9,9,AGAGATGGAGCGTGCGGAAG,0,4530008
yahL_predicted,0.1,9,9,AGAGACTAGCAACATAGGAG,0,4533512
yahL_predicted,0.1,9,9,AGAAGGCCATATTCCGAGTC,0,4540217
yahL_predicted,0.1,9,9,AGAACCGCTCCTTGTTGTCT,0,4538973
yahL_predicted,0.1,9,9,AGAACCAGTTCAGGGGCCTC,0,4526318
yahL_predicted,0.1,9,9,ACTCCGACAGCATTTGTGCC,0,4518586
yahL_predicted,0.1,9,9,ACTCCATGCTCTCAGATCGG,0,4541855
yahL_predicted,0.1,9,9,ACTCAACCTGTGTGGTTGGC,0,4538172
yahL_predicted,0.1,9,9,ACTATTCAAGTAGTGAGGTC,0,4516593
yahL_predicted,0.1,9,9,ACGTCAAGATTCACTGATAG,0,4519956
yahL_predicted,0.1,9,9,ACGCGTCCCTGCCACCGGTC,0,4538705
yahL_predicted,0.1,9,9,ACGCGCTGCTGATTGATTGA,0,4535099
yahL_predicted,0.1,9,9,ACGCCTTTCATTAGTAGTTT,0,4537016
yahL_predicted,0.1,9,9,ACGCCGACGCTTAAGACTTG,0,4533560
yahL_predicted,0.1,9,9,ACGCAGGCGACTAATACCAC,0,4532560
yahL_predicted,0.1,9,9,ACCTTCACAGAGACCAAGTG,0,4530720
yahL_predicted,0.1,9,9,ACCTACCAGGCCGAGTTGTA,0,4512504
yahL_predicted,0.1,9,9,ACCCGTTCTGATGGATGTAC,0,4522190
yahL_predicted,0.1,9,9,ACCATTGAGCTATCTACGCC,0,4518695
yahL_predicted,0.1,9,9,ACATATAAGTGTTTATATTA,0,4531224
yahL_predicted,0.1,9,9,ACAGGGCTGCCGCACATATG,0,4536941
yahL_predicted,0.1,9,9,ACAAGTCAGGCATCTAAACT,0,4543133
yahL_predicted,0.1,9,9,ACAAGTAAATCATGTCTCAG,0,4535172
yahL_predicted,0.1,9,9,ACAAGCGAAGGGAAACTACA,0,4527843
yahL_predicted,0.1,9,9,ACAAAATATTCCCCATAGCA,0,4528775
yahL_predicted,0.1,9,9,AATTGCCCTGAGGCGGCTGT,0,4529491
yahL_predicted,0.1,9,9,AATTCTGGGGGTAAGCGTCC,0,4531807
yahL_predicted,0.1,9,9,AATGGGACGCTACTACCTGC,0,4515379
yahL_predicted,0.1,9,9,AATCGACCATGAAATGCCGG,0,4523617
yahL_predicted,0.1,9,9,AAGTAACGTCTTACCCTTCA,0,4535624
yahL_predicted,0.1,9,9,AAGGCCGGATCACCTTCAAG,0,4533565
yahL_predicted,0.1,9,9,AAGGCCACGGGGCCACTAAA,0,4537782
yahL_predicted,0.1,9,9,AAGGCATAGCCCATACCAAT,0,4514386
yahL_predicted,0.1,9,9,AAGAGAGCCTCCGGTCCCCT,0,4527284
yahL_predicted,0.1,9,9,AACGGGTTCGGAAGCCAGGT,0,4517830
yahL_predicted,0.1,9,9,AACGGGCTAATGTTCTCTGG,0,4527677
yahL_predicted,0.1,9,9,AACCCTCACCTAGTTACGAA,0,4539215
yahL_predicted,0.1,9,9,AACATAGAACGGGCAACTGC,0,4529707
yahL_predicted,0.1,9,9,AAATCAGTAAGTGGATCAAT,0,4515872
yahL_predicted,0.1,9,9,AAAGGTCAGTCATAGAACAT,0,4517527
yahL_predicted,0.1,9,9,AAACGGGTGTCGGGCCTCAA,0,4529594
yahL_predicted,0.1,9,9,AAACGCCTCCATTAGGTAAT,0,4517940
yahL_predicted,0.1,9,9,AAACCCAGAGCTGGAAACTG,0,4532116
yahL_predicted,0.1111111111111111,8,8,TTTTTATTAGCACGACCTGA,0,4542490
yahL_predicted,0.1111111111111111,8,8,TTTTGCAACGGATGACAAAT,0,4525528
yahL_predicted,0.1111111111111111,8,8,TTTTCTCCGAGATCGTACGA,0,4520165
yahL_predicted,0.1111111111111111,8,8,TTTTCATCAGTCGCTTTCAC,0,4519175
yahL_predicted,0.1111111111111111,8,8,TTTTATGATGAAACTCAATA,0,4521662
yahL_predicted,0.1111111111111111,8,8,TTTTAGCTTTCCTTATAGAT,0,4537877
yahL_predicted,0.1111111111111111,8,8,TTTGTAAGTTGGAATGATAC,0,4535940
yahL_predicted,0.1111111111111111,8,8,TTTGGTTGCTCAGTGTCGTG,0,4535842
yahL_predicted,0.1111111111111111,8,8,TTTGGTATTCAAAGCGAGTG,0,4512463
yahL_predicted,0.1111111111111111,8,8,TTTGGCACCTCGAAGCTTGC,0,4542153
yahL_predicted,0.1111111111111111,8,8,TTTGCTAACAAATAGGAAAG,0,4532912
yahL_predicted,0.1111111111111111,8,8,TTTGCACAGTGATCAAAGGT,0,4520945
yahL_predicted,0.1111111111111111,8,8,TTGTTCTGGCGCCATCTTTT,0,4534823
yahL_predicted,0.1111111111111111,8,8,TTGTGGCAAGAGAAAATTTC,0,4516636
yahL_predicted,0.1111111111111111,8,8,TTGTGACTGCGGTTAGGCGG,0,4525004
yahL_predicted,0.1111111111111111,8,8,TTGTAATACTCAGTCCGGGT,0,4523050
yahL_predicted,0.1111111111111111,8,8,TTGGTAGAGGGGCATAAGAC,0,4543732
yahL_predicted,0.1111111111111111,8,8,TTGGCTTCGACATAGGGGAT,0,4535020
yahL_predicted,0.1111111111111111,8,8,TTGGATAATGCATGAAAGAA,0,4537550
yahL_predicted,0.1111111111111111,8,8,TTGCTTCCAGATCGTACCGA,0,4523023
yahL_predicted,0.1111111111111111,8,8,TTGCTAAAGCCATCGGCGTT,0,4515708
yahL_predicted,0.1111111111111111,8,8,TTGCGTGGACCCCGGATTTT,0,4527048
yahL_predicted,0.1111111111111111,8,8,TTCTTGTGTGGTTGTGATCC,0,4523312
yahL_predicted,0.1111111111111111,8,8,TTCTTGTGACGATAGTCCGA,0,4537650
yahL_predicted,0.1111111111111111,8,8,TTCTCCGGTTTCAGGATCAC,0,4522653
yahL_predicted,0.1111111111111111,8,8,TTCGAACGGAGGTATTGTAG,0,4521340
yahL_predicted,0.1111111111111111,8,8,TTCCTTCCGAGCTCGAGATC,0,4529865
yahL_predicted,0.1111111111111111,8,8,TTCCGTTCGTAGAGCCGACC,0,4540503
yahL_predicted,0.1111111111111111,8,8,TTCCAAAGACTTCATTAGCA,0,4537722
yahL_predicted,0.1111111111111111,8,8,TTCAAATAGTATCTTCATCC,0,4527896
yahL_predicted,0.1111111111111111,8,8,TTATACGTTAAACATGTGGC,0,4541556
yahL_predicted,0.1111111111111111,8,8,TTAGTTGGGGCGCTCTTGTC,0,4517480
yahL_predicted,0.1111111111111111,8,8,TTAGCCCACCGGCCAATCGA,0,4512261
yahL_predicted,0.1111111111111111,8,8,TTAGAGAGTAGGACCAGTGA,0,4536079
yahL_predicted,0.1111111111111111,8,8,TTAAATCGGACCTATATCCA,0,4521094
yahL_predicted,0.1111111111111111,8,8,TGTGGGAATCATTGAAACTC,0,4512168
yahL_predicted,0.1111111111111111,8,8,TGTGCCCCTGTCTCGGTAGG,0,4523600
yahL_predicted,0.1111111111111111,8,8,TGTCTCTTTGATTCTCAAGG,0,4523000
yahL_predicted,0.1111111111111111,8,8,TGTCTCAGGAGCACTGGACT,0,4535590
yahL_predicted,0.1111111111111111,8,8,TGTAGTATAAAAGGTCAAGC,0,4521218
yahL_predicted,0.1111111111111111,8,8,TGGTGCATCCGAGATGTGTA,0,4529370
yahL_predicted,0.1111111111111111,8,8,TGGGTGCATAGCTCATTGCG,0,4530933
yahL_predicted,0.1111111111111111,8,8,TGGGGGGAGCGTATAAGATC,0,4533458
yahL_predicted,0.1111111111111111,8,8,TGGCTCTAGCTCGGATTAAA,0,4526857
yahL_predicted,0.1111111111111111,8,8,TGGCGCGCCTGCAGAACCGA,0,4534463
yahL_predicted,0.1111111111111111,8,8,TGGCAGTGACTGCCTGGAAT,0,4512867
yahL_predicted,0.1111111111111111,8,8,TGGATTTAGCCAGTGCTCAG,0,4523911
yahL_predicted,0.1111111111111111,8,8,TGGAGCCTTTCCGCGTTCTC,0,4516953
yahL_predicted,0.1111111111111111,8,8,TGCTCTGCCCTCTGACTCAC,0,4519471
yahL_predicted,0.1111111111111111,8,8,TGCGGCATTAAAACAATTAG,0,4538916
yahL_predicted,0.1111111111111111,8,8,TGCGCGTAGACGACTCCAGT,0,4525301
yahL_predicted,0.1111111111111111,8,8,TGCCCCAAAGGTTACGAGGC,0,4512366
yahL_predicted,0.1111111111111111,8,8,TGCAGCGGGGGGCCTGAAGT,0,4520654
yahL_predicted,0.1111111111111111,8,8,TGATTTTAGGAGAGTGCCCA,0,4515771
yahL_predicted,0.1111111111111111,8,8,TGATTTCGTTCGGGGCAACA,0,4513760
yahL_predicted,0.1111111111111111,8,8,TGAGTGGCTAAGCATCAGAT,0,4540315
yahL_predicted,0.1111111111111111,8,8,TGAGTATCCGCCCCACGCTG,0,4525902
yahL_predicted,0.1111111111111111,8,8,TGAGTACGGCGGCTCTTATA,0,4537522
yahL_predicted,0.1111111111111111,8,8,TGAGGTTGCTGAGGTCAAAG,0,4524371
yahL_predicted,0.1111111111111111,8,8,TGACACTAGGTTTTAGCCGT,0,4536360
yahL_predicted,0.1111111111111111,8,8,TGACAAGCGGTTCAGTTTCT,0,4526772
yahL_predicted,0.1111111111111111,8,8,TGAATGCTTCGCCCACACGA,0,4527264
yahL_predicted,0.1111111111111111,8,8,TGAAGGACGGCAGCCTTTAG,0,4529249
yahL_predicted,0.1111111111111111,8,8,TGAAAAAGTATTCAAAGCCC,0,4524650
yahL_predicted,0.1111111111111111,8,8,TCTGGAGCATGGTAAGAGGT,0,4524098
yahL_predicted,0.1111111111111111,8,8,TCTGCGTTGTCTCGTATTAA,0,4523740
yahL_predicted,0.1111111111111111,8,8,TCTCTTAACAATTGGTTACC,0,4512938
yahL_predicted,0.1111111111111111,8,8,TCTCGGCCAACGTAAGACAC,0,4530257
yahL_predicted,0.1111111111111111,8,8,TCTATCACGTCATTAATATA,0,4518283
yahL_predicted,0.1111111111111111,8,8,TCGTTCGTATACTTTCCCCT,0,4526213
yahL_predicted,0.1111111111111111,8,8,TCGTAAGACATACTTCGGTT,0,4517426
yahL_predicted,0.1111111111111111,8,8,TCGGTATGCAGGATCTGTGC,0,4532273
yahL_predicted,0.1111111111111111,8,8,TCGGTATCGTTCGGTCGTAT,0,4521810
yahL_predicted,0.1111111111111111,8,8,TCGGGTTCGAGGGGGCCACT,0,4539327
yahL_predicted,0.1111111111111111,8,8,TCGGCGTACTTGGAGCTCCC,0,4541304
yahL_predicted,0.1111111111111111,8,8,TCGATACCTTTGAAAAACCT,0,4526775
yahL_predicted,0.1111111111111111,8,8,TCGAGGGTCCGTCCGGAAAA,0,4533773
yahL_predicted,0.1111111111111111,8,8,TCGAGGAAATGGTCCCAGCA,0,4535902
yahL_predicted,0.1111111111111111,8,8,TCCTAGATGTCCTCATTCCG,0,4525685
yahL_predicted,0.1111111111111111,8,8,TCCGTATGCATTAGATAAAC,0,4529039
yahL_predicted,0.1111111111111111,8,8,TCCGTATAAAAGGGTAGCAT,0,4542473
yahL_predicted,0.1111111111111111,8,8,TCCGGGAGCAAATACCCTCT,0,4543928
yahL_predicted,0.1111111111111111,8,8,TCCCGTTGAGTAAGGGTTGG,0,4534758
yahL_predicted,0.1111111111111111,8,8,TCAGCGGGCTTATTGCGTTT,0,4537934
yahL_predicted,0.1111111111111111,8,8,TCAGATTCCTGAGCAAAAGT,0,4536172
yahL_predicted,0.1111111111111111,8,8,TCAATGAGTATGCTACCCCT,0,4529100
yahL_predicted,0.1111111111111111,8,8,TCAATATTCGGCCCGCCTAT,0,4523087
yahL_predicted,0.1111111111111111,8,8,TATTGGTCAGCCGCATCGCC,0,4541553
yahL_predicted,0.1111111111111111,8,8,TATGGGTTAACTTGATCCTC,0,4540243
yahL_predicted,0.1111111111111111,8,8,TATGCCTGGGAACTCGACTC,0,4521181
yahL_predicted,0.1111111111111111,8,8,TATGACGTACCTGCGGGGTC,0,4516575
yahL_predicted,0.1111111111111111,8,8,TATGAATGCCGAAAACTGTA,0,4524742
yahL_predicted,0.1111111111111111,8,8,TATCTCAGAGCAGCAAGTTA,0,4526090
yahL_predicted,0.1111111111111111,8,8,TATCTCAGACTCTGCTGACT,0,4514141
yahL_predicted,0.1111111111111111,8,8,TATCGGGGTGTGATCGATCT,0,4534714
yahL_predicted,0.1111111111111111,8,8,TATCATCAATGCCGCTCAGC,0,4524044
yahL_predicted,0.1111111111111111,8,8,TATCAGTGGGCTTCCCGGGT,0,4525273
yahL_predicted,0.1111111111111111,8,8,TATATTATTTAATTGTGATC,0,4525827
yahL_predicted,0.1111111111111111,8,8,TATATGCTCTCCACCAGATG,0,4540053
yahL_predicted,0.1111111111111111,8,8,TAGGTGTAGCGCAATCCGGT,0,4528748
yahL_predicted,0.1111111111111111,8,8,TAGCCTACAAGATGTGGGAT,0,4530953
yahL_predicted,0.1111111111111111,8,8,TAGCCAGAATGCGAAAACGT,0,4537193
yahL_predicted,0.1111111111111111,8,8,TAGCACAAGAAACCCCTTTC,0,4518889
yahL_predicted,0.1111111111111111,8,8,TAGAAAGCCTCACGCGTGTC,0,4533154
yahL_predicted,0.1111111111111111,8,8,TACTGCGGCTATCTTAACCT,0,4538225
yahL_predicted,0.1111111111111111,8,8,TACTAGACACTGTTAAAGCC,0,4517462
yahL_predicted,0.1111111111111111,8,8,TACAGTGGTGCTTCGAAACT,0,4513473
yahL_predicted,0.1111111111111111,8,8,TACACCGGGTCCCTCTGTAT,0,4520779
yahL_predicted,0.1111111111111111,8,8,TACACAATATTGGCGGGCAG,0,4516075
yahL_predicted,0.1111111111111111,8,8,TAAGGCCAGAGCCCTCGACT,0,4525067
yahL_predicted,0.1111111111111111,8,8,TAAGCCAGCTATTTAGCTTA,0,4535164
yahL_predicted,0.1111111111111111,8,8,TAAGATCTATGTTGCTGTCC,0,4523051
yahL_predicted,0.1111111111111111,8,8,TAAGAGTATTGACTCGGATG,0,4538604
yahL_predicted,0.1111111111111111,8,8,TAACTGGCTAGGCCGACCTC,0,4518618
yahL_predicted,0.1111111111111111,8,8,GTTTAAAGACCCCACGTAAC,0,4531784
yahL_predicted,0.1111111111111111,8,8,GTTGTTGTGCGGAAATCTGT,0,4538821
yahL_predicted,0.1111111111111111,8,8,GTTGTAAGTAGTAAATGTCC,0,4521341
yahL_predicted,0.1111111111111111,8,8,GTTCTTATACGAACACTTCT,0,4523423
yahL_predicted,0.1111111111111111,8,8,GTTATGATGCGACAGGTGAT,0,4542563
yahL_predicted,0.1111111111111111,8,8,GTGGTCCGCTACCGTGACAA,0,4542121
yahL_predicted,0.1111111111111111,8,8,GTGCGTATATTTACACGTCC,0,4537075
yahL_predicted,0.1111111111111111,8,8,GTGCACGTGTGCGCGACAGA,0,4516862
yahL_predicted,0.1111111111111111,8,8,GTCTGGCTCTAATGCATTTG,0,4529883
yahL_predicted,0.1111111111111111,8,8,GTCGCAGATATCGAGTTTGT,0,4525423
yahL_predicted,0.1111111111111111,8,8,GTCCTGTGAACGGCGGTCAT,0,4513500
yahL_predicted,0.1111111111111111,8,8,GTCCGGGACGGACCTCGTCG,0,4544042
yahL_predicted,0.1111111111111111,8,8,GTCATCAGGTCGCATGGTTT,0,4528284
yahL_predicted,0.1111111111111111,8,8,GTCATAGGTCTGAAAGCATT,0,4521931
yahL_predicted,0.1111111111111111,8,8,GTCAGTGAACCGTTGAGATG,0,4517180
yahL_predicted,0.1111111111111111,8,8,GTCACATTTTCGGTGTCAGG,0,4542579
yahL_predicted,0.1111111111111111,8,8,GTCACATTATGTATATCTCT,0,4542417
yahL_predicted,0.1111111111111111,8,8,GTATGACTCGATTAGTCGGT,0,4527055
yahL_predicted,0.1111111111111111,8,8,GTAAGCGTATTGGAGATTAG,0,4539556
yahL_predicted,0.1111111111111111,8,8,GGTTCGGGAAGAGTGCAGCA,0,4534002
yahL_predicted,0.1111111111111111,8,8,GGTGGGGGCGAGGGCAGCTG,0,4516863
yahL_predicted,0.1111111111111111,8,8,GGTGCTGCTTCATACGATGA,0,4542154
yahL_predicted,0.1111111111111111,8,8,GGTCCTGATTTGGACGGGTT,0,4532301
yahL_predicted,0.1111111111111111,8,8,GGTCCCAAAGAGGTGTCGTC,0,4528286
yahL_predicted,0.1111111111111111,8,8,GGTCAAATTTTATTATCCCA,0,4527678
yahL_predicted,0.1111111111111111,8,8,GGTACAGTGTACAAATACGG,0,4524585
yahL_predicted,0.1111111111111111,8,8,GGTAAAATCCTCGATAGATC,0,4518360
yahL_predicted,0.1111111111111111,8,8,GGGGGGGTGTCCTTAATCGG,0,4531757
yahL_predicted,0.1111111111111111,8,8,GGGCTTTATACAATCTTTAC,0,4543495
yahL_predicted,0.1111111111111111,8,8,GGGATGCTGATCCCAGAGGA,0,4535156
yahL_predicted,0.1111111111111111,8,8,GGGACGCACGCGGCATACGG,0,4518732
yahL_predicted,0.1111111111111111,8,8,GGCTCTAAACGCGGACGGCG,0,4522274
yahL_predicted,0.1111111111111111,8,8,GGCGGGCGTTACTTTGGCGT,0,4518448
yahL_predicted,0.1111111111111111,8,8,GGCGCTAAAAGGCGCGATGG,0,4526415
yahL_predicted,0.1111111111111111,8,8,GGCCATGTGGAGATATACAT,0,4524122
yahL_predicted,0.1111111111111111,8,8,GGATCCTCAGGTGCGAGGTC,0,4524996
yahL_predicted,0.1111111111111111,8,8,GGAGGCGTCCAGCATCGATT,0,4539815
yahL_predicted,0.1111111111111111,8,8,GGAGGACCTCGTGTCCCTGG,0,4514333
yahL_predicted,0.1111111111111111,8,8,GGACTTCGAGGGAGTTCTGC,0,4533237
yahL_predicted,0.1111111111111111,8,8,GGAATACCCCACTATAGGGG,0,4512456
yahL_predicted,0.1111111111111111,8,8,GGAACTACGGTGCGGATTAT,0,4523902
yahL_predicted,0.1111111111111111,8,8,GCTCGTGGTTCATCGGCAGG,0,4534345
yahL_predicted,0.1111111111111111,8,8,GCTAGTCAGCCAGAGGATCA,0,4514889
yahL_predicted,0.1111111111111111,8,8,GCTAGCTTCCACGGTAACTA,0,4530227
yahL_predicted,0.1111111111111111,8,8,GCTAAGCCGTTAAAAGTATC,0,4518717
yahL_predicted,0.1111111111111111,8,8,GCGTAATCCAGCTATGCTGG,0,4543768
yahL_predicted,0.1111111111111111,8,8,GCGTAATATTCATTATACAT,0,4521599
yahL_predicted,0.1111111111111111,8,8,GCGGTTTTACGGTCACCGAA,0,4538181
yahL_predicted,0.1111111111111111,8,8,GCGGTCTGAAAACGATGCAG,0,4540084
yahL_predicted,0.1111111111111111,8,8,GCGGGGGAAATACGAGAGTT,0,4516437
yahL_predicted,0.1111111111111111,8,8,GCGATTTCGTAATTAAAGGG,0,4540025
yahL_predicted,0.1111111111111111,8,8,GCGATCCCCCATCGAAAAGC,0,4520137
yahL_predicted,0.1111111111111111,8,8,GCGACTCGGGTGCAAGTTCA,0,4533391
yahL_predicted,0.1111111111111111,8,8,GCCAGTTCTCAAAGGGGGCT,0,4526592
yahL_predicted,0.1111111111111111,8,8,GCATTGACCGCCGGGCTCGA,0,4521124
yahL_predicted,0.1111111111111111,8,8,GCATCCACGCCGGTTAAAAT,0,4526623
yahL_predicted,0.1111111111111111,8,8,GCAGGCCAAGGTAGCTTCTA,0,4516172
yahL_predicted,0.1111111111111111,8,8,GCAGCGTAGGCCGCGTTAAT,0,4516203
yahL_predicted,0.1111111111111111,8,8,GCAGAGAGGCACGGTCTTTA,0,4517780
yahL_predicted,0.1111111111111111,8,8,GCACGGAGTTTCCCACCTGG,0,4521811
yahL_predicted,0.1111111111111111,8,8,GCACCGGATGCTGTAAGGCA,0,4543915
yahL_predicted,0.1111111111111111,8,8,GCACCGCTCCCTTGGGCCTG,0,4540690
yahL_predicted,0.1111111111111111,8,8,GATTTGGAACAATTCTTCTG,0,4515374
yahL_predicted,0.1111111111111111,8,8,GATTCCACTAAATGTACGTC,0,4530418
yahL_predicted,0.1111111111111111,8,8,GATGCTTTCGACATCTATGA,0,4521018
yahL_predicted,0.1111111111111111,8,8,GATCTTGAAAGCGGATTAGC,0,4524034
yahL_predicted,0.1111111111111111,8,8,GATCGAGGCAGAAGGGAAAA,0,4525159
yahL_predicted,0.1111111111111111,8,8,GATCCAGGTGACGGGCGAGT,0,4540031
yahL_predicted,0.1111111111111111,8,8,GATAGCTCCCCAGGGTGTGT,0,4520852
yahL_predicted,0.1111111111111111,8,8,GATACGCTCGTTAAGTGTGT,0,4527603
yahL_predicted,0.1111111111111111,8,8,GAGGGATCTGGATGTTTTAA,0,4524027
yahL_predicted,0.1111111111111111,8,8,GACGGTCAAAATATGCCGGT,0,4531643
yahL_predicted,0.1111111111111111,8,8,GACGCCGCTACAAGAGTGGG,0,4542754
yahL_predicted,0.1111111111111111,8,8,GACCGGGCACAGCTGTAATA,0,4513248
yahL_predicted,0.1111111111111111,8,8,GAATGCATGAAGTTTGTACT,0,4535379
yahL_predicted,0.1111111111111111,8,8,GAATCTCCCCCCGGTCACTT,0,4539874
yahL_predicted,0.1111111111111111,8,8,GAAGGGTCTACGAGCAGGGC,0,4523274
yahL_predicted,0.1111111111111111,8,8,GAACCGATGTTCCAGTTATT,0,4526874
yahL_predicted,0.1111111111111111,8,8,GAACCCGTTAGGGAGGGTCC,0,4524711
yahL_predicted,0.1111111111111111,8,8,GAACCAGTATCCCGCAATCA,0,4531167
yahL_predicted,0.1111111111111111,8,8,GAACACAAAGCATGGGATGA,0,4524407
yahL_predicted,0.1111111111111111,8,8,GAAATCTGATGAGATTTTAA,0,4519402
yahL_predicted,0.1111111111111111,8,8,GAAAGAGCGGGAGGCCTTTC,0,4523957
yahL_predicted,0.1111111111111111,8,8,GAAACAAATGTTTTCGGTTA,0,4541612
yahL_predicted,0.1111111111111111,8,8,GAAAATTAGAGGAACAGTCA,0,4535824
yahL_predicted,0.1111111111111111,8,8,CTTTCTTACTACACCCTAAA,0,4524870
yahL_predicted,0.1111111111111111,8,8,CTTTCGCATTTTGTATAGAT,0,4540891
yahL_predicted,0.1111111111111111,8,8,CTTTAGCGCCCACTGGTATG,0,4519779
yahL_predicted,0.1111111111111111,8,8,CTTGGAACGGGAGGTGAACA,0,4539928
yahL_predicted,0.1111111111111111,8,8,CTTCTTGCCCTGCTTCGTTA,0,4524904
yahL_predicted,0.1111111111111111,8,8,CTTCCTGGTGAGATAATACT,0,4538427
yahL_predicted,0.1111111111111111,8,8,CTTCCCCGAGTCTTAGAGTG,0,4527872
yahL_predicted,0.1111111111111111,8,8,CTTAGGTTACTCGCCCCGAG,0,4532232
yahL_predicted,0.1111111111111111,8,8,CTTAAACAGCGGCAAAGGTC,0,4540541
yahL_predicted,0.1111111111111111,8,8,CTGTGCTCTGCTCTGCGCTT,0,4540773
yahL_predicted,0.1111111111111111,8,8,CTGGGCCGTACCCTCACATA,0,4529380
yahL_predicted,0.1111111111111111,8,8,CTGGAATTTCCGCTATGGCT,0,4533666
yahL_predicted,0.1111111111111111,8,8,CTCTGCATGCTCCGATTGCA,0,4530870
yahL_predicted,0.1111111111111111,8,8,CTCTCGGCATTCCGGACCGT,0,4520916
yahL_predicted,0.1111111111111111,8,8,CTCTCAAGCGAGGTCTTTCA,0,4525045
yahL_predicted,0.1111111111111111,8,8,CTCGTACCCGTTGACCCGAT,0,4537833
yahL_predicted,0.1111111111111111,8,8,CTCCGCGTTAAACGGGGTGA,0,4543259
yahL_predicted,0.1111111111111111,8,8,CTCATCCCCGAACCATGTTG,0,4536333
yahL_predicted,0.1111111111111111,8,8,CTCACGGGTGCAGATCGTAA,0,4517648
yahL_predicted,0.1111111111111111,8,8,CTCACAAGATCTCGCGTCTA,0,4534984
yahL_predicted,0.1111111111111111,8,8,CTAGCTGAAGGATCAACCTC,0,4518612
yahL_predicted,0.1111111111111111,8,8,CTAGATTTTCGCGCACGGAA,0,4529937
yahL_predicted,0.1111111111111111,8,8,CTACGTGCGCCGCGTACCTC,0,4525116
yahL_predicted,0.1111111111111111,8,8,CTACCCTGAGGGTGAACATA,0,4538306
yahL_predicted,0.1111111111111111,8,8,CTAAGATTTGAGGGGCAACG,0,4537670
yahL_predicted,0.1111111111111111,8,8,CGTTTGGTATTGATAAATCC,0,4516578
yahL_predicted,0.1111111111111111,8,8,CGTTGTAGGATAGGTTACAA,0,4514640
yahL_predicted,0.1111111111111111,8,8,CGTTGGGGCCATATTTCTTT,0,4523785
yahL_predicted,0.1111111111111111,8,8,CGTGTTCCTCCACGAAAGTA,0,4535799
yahL_predicted,0.1111111111111111,8,8,CGTCCGCTATACGATTTGGG,0,4523686
yahL_predicted,0.1111111111111111,8,8,CGTAAGGATCCAATCGCGAT,0,4514035
yahL_predicted,0.1111111111111111,8,8,CGGTGCCGACACGGTTGGCA,0,4514318
yahL_predicted,0.1111111111111111,8,8,CGGTCGTGCGGGTAACTCGC,0,4520676
yahL_predicted,0.1111111111111111,8,8,CGGTAGTCCCGAAGCCTATA,0,4518904
yahL_predicted,0.1111111111111111,8,8,CGGTAAAACATATACCCCGT,0,4517014
yahL_predicted,0.1111111111111111,8,8,CGGGTTATTACGACCTTCAG,0,4513633
yahL_predicted,0.1111111111111111,8,8,CGGGTATTGAGTGCTCGGCC,0,4519277
yahL_predicted,0.1111111111111111,8,8,CGGGGCAGTCATCTTATTGG,0,4526339
yahL_predicted,0.1111111111111111,8,8,CGGGCTGATCCGGTCAAGTA,0,4516684
yahL_predicted,0.1111111111111111,8,8,CGGGATGCGTGAGTTTGGGT,0,4530306
yahL_predicted,0.1111111111111111,8,8,CGGGAGTGTGGCTGGGTAGT,0,4514047
yahL_predicted,0.1111111111111111,8,8,CGGGAAATCGGGGGAAAATC,0,4530302
yahL_predicted,0.1111111111111111,8,8,CGGCCCACGAGCGTCCATAG,0,4527551
yahL_predicted,0.1111111111111111,8,8,CGGCCAATTCAAATAGTTGG,0,4531740
yahL_predicted,0.1111111111111111,8,8,CGCGATCCGATCGCAGCGCC,0,4521042
yahL_predicted,0.1111111111111111,8,8,CGCCGACTGCCTTAGGTTTT,0,4540968
yahL_predicted,0.1111111111111111,8,8,CGCAAATACTGACAAGACGC,0,4543260
yahL_predicted,0.1111111111111111,8,8,CGATAATTAGAGTTCAGGTC,0,4514809
yahL_predicted,0.1111111111111111,8,8,CGAGTCTTGAAGGTCACGGG,0,4518394
yahL_predicted,0.1111111111111111,8,8,CGAGCAGCTTTGTAGCGCAT,0,4524051
yahL_predicted,0.1111111111111111,8,8,CGACGGCAGGATCGTATGGT,0,4541995
yahL_predicted,0.1111111111111111,8,8,CGACCGGTTTGTGCCCCTGT,0,4529516
yahL_predicted,0.1111111111111111,8,8,CGACAAAGTAGGTACGCTCA,0,4532188
yahL_predicted,0.1111111111111111,8,8,CCTTCAGCTCCTCACGCCGC,0,4536783
yahL_predicted,0.1111111111111111,8,8,CCTTAGATTTGCTTGTAGAT,0,4532575
yahL_predicted,0.1111111111111111,8,8,CCTGTAGCTCGTCAAGCTGA,0,4519727
yahL_predicted,0.1111111111111111,8,8,CCTGGGTATATAAGGTCCGT,0,4538776
yahL_predicted,0.1111111111111111,8,8,CCTCCATCTTAGAAGTCTTT,0,4533780
yahL_predicted,0.1111111111111111,8,8,CCGTACGTCTTAGAGTATAT,0,4520446
yahL_predicted,0.1111111111111111,8,8,CCGGAACGCCCCCAACCTTT,0,4530871
yahL_predicted,0.1111111111111111,8,8,CCGCCAGGGTAATCATGGCT,0,4535034
yahL_predicted,0.1111111111111111,8,8,CCGCATATTGGTCCGTCTTA,0,4532117
yahL_predicted,0.1111111111111111,8,8,CCGAAAAACACTCAGCGGAT,0,4535373
yahL_predicted,0.1111111111111111,8,8,CCCTTCCTCTATTTCGTGGT,0,4519141
yahL_predicted,0.1111111111111111,8,8,CCCGTTACCCAGAATCCTGA,0,4543380
yahL_predicted,0.1111111111111111,8,8,CCCGCGTACGCACGCCTACA,0,4517284
yahL_predicted,0.1111111111111111,8,8,CCCCTGGTGCCAGAAGCGTC,0,4516404
yahL_predicted,0.1111111111111111,8,8,CCCCCGGCACCTAACTTTAT,0,4517226
yahL_predicted,0.1111111111111111,8,8,CCATAAAAGGCCAGGCCGTC,0,4523180
yahL_predicted,0.1111111111111111,8,8,CCAGTTCTCTGGCAGTTCTC,0,4517878
yahL_predicted,0.1111111111111111,8,8,CCAGGCAAACTTGACACCGT,0,4512943
yahL_predicted,0.1111111111111111,8,8,CCAGCGGGTATATACATCAG,0,4517136
yahL_predicted,0.1111111111111111,8,8,CCACGTGCCAGCCAGCTCTC,0,4526792
yahL_predicted,0.1111111111111111,8,8,CCACCTAGAGTATTGCAGCG,0,4536650
yahL_predicted,0.1111111111111111,8,8,CCACCCGTGCCGCACTTGAG,0,4534871
yahL_predicted,0.1111111111111111,8,8,CATTTGGTGAGCGCCTTAAT,0,4537739
yahL_predicted,0.1111111111111111,8,8,CATTTATTATCTATGGATCT,0,4533778
yahL_predicted,0.1111111111111111,8,8,CATTTACAGGGGGACAGGGT,0,4525476
yahL_predicted,0.1111111111111111,8,8,CATTCCTTGAATAGAAGACC,0,4516888
yahL_predicted,0.1111111111111111,8,8,CATTACAAACGCATCCCTCA,0,4519528
yahL_predicted,0.1111111111111111,8,8,CATTAAGGGTCGCACCCTGT,0,4522008
yahL_predicted,0.1111111111111111,8,8,CATGTTGGCCTCAGAAGGTA,0,4513861
yahL_predicted,0.1111111111111111,8,8,CAGGGGTACCGGGTGTCTGA,0,4529438
yahL_predicted,0.1111111111111111,8,8,CAGGCTTGATTTCCCCGTAA,0,4541465
yahL_predicted,0.1111111111111111,8,8,CAGGCTCTTCAGCGCAGAGC,0,4527682
yahL_predicted,0.1111111111111111,8,8,CAGCTTGCCAGGGTATTTCC,0,4513184
yahL_predicted,0.1111111111111111,8,8,CAGCTCACTCGCGTCGAAGC,0,4524488
yahL_predicted,0.1111111111111111,8,8,CAGCCTCTGCTACGACTACG,0,4520035
yahL_predicted,0.1111111111111111,8,8,CAGATTTACGTTCCGGGACT,0,4521612
yahL_predicted,0.1111111111111111,8,8,CAGATGAAAGTTTCGTAGGG,0,4512942
yahL_predicted,0.1111111111111111,8,8,CAGAAGCCTCCTGACAGTAT,0,4512658
yahL_predicted,0.1111111111111111,8,8,CACTCATAGACGCGGCGAGA,0,4528310
yahL_predicted,0.1111111111111111,8,8,CACTAGGGTTATGCGGAAGA,0,4526397
yahL_predicted,0.1111111111111111,8,8,CACCGTCATCATATCATGCC,0,4530094
yahL_predicted,0.1111111111111111,8,8,CACACTTACCGGTACAGCTC,0,4534534
yahL_predicted,0.1111111111111111,8,8,CACAACCTCTCTCGTGGCTA,0,4525578
yahL_predicted,0.1111111111111111,8,8,CAATGCCAAGACTGATGGGG,0,4523205
yahL_predicted,0.1111111111111111,8,8,CAATGCAAAAACGAATAATG,0,4541443
yahL_predicted,0.1111111111111111,8,8,CAAGTAAGGTTTTCGCGATG,0,4531328
yahL_predicted,0.1111111111111111,8,8,CAAGCAGCTCCCTTTGCCGT,0,4542638
yahL_predicted,0.1111111111111111,8,8,CAACTTCGGATCTGCACAAA,0,4526461
yahL_predicted,0.1111111111111111,8,8,CAAATTTTAGCAAACGTGAA,0,4531760
yahL_predicted,0.1111111111111111,8,8,CAAATTGAAGGCATCAGGAG,0,4544014
yahL_predicted,0.1111111111111111,8,8,CAAATATACCCGCCTTGGAT,0,4543627
yahL_predicted,0.1111111111111111,8,8,CAAACCGTTCATCTGCGGCT,0,4537448
yahL_predicted,0.1111111111111111,8,8,CAAAAACGAGTTGCTAGTAC,0,4522808
yahL_predicted,0.1111111111111111,8,8,ATTTTCGAGGCAAGCGTGGT,0,4533159
yahL_predicted,0.1111111111111111,8,8,ATTTACCGATTATGATAGCG,0,4517414
yahL_predicted,0.1111111111111111,8,8,ATTGTGTGTTACCCTTATTT,0,4527808
yahL_predicted,0.1111111111111111,8,8,ATTGTGGGCGCTCATGATCA,0,4516682
yahL_predicted,0.1111111111111111,8,8,ATTGCGAGCTGACAAATAAG,0,4539657
yahL_predicted,0.1111111111111111,8,8,ATTGAGCAGCATTTCCCTAT,0,4537598
yahL_predicted,0.1111111111111111,8,8,ATTAACATCACAGGAACGGC,0,4520332
yahL_predicted,0.1111111111111111,8,8,ATGTTGTCCCGCACCTTCTA,0,4525938
yahL_predicted,0.1111111111111111,8,8,ATGTGCAATGATATATGGAC,0,4526416
yahL_predicted,0.1111111111111111,8,8,ATGTAATTGGCTTGTAGGGC,0,4523462
yahL_predicted,0.1111111111111111,8,8,ATGGTTTATGCCCTTGCGCC,0,4541400
yahL_predicted,0.1111111111111111,8,8,ATGGGTATGCGAGGCTGAGC,0,4519338
yahL_predicted,0.1111111111111111,8,8,ATGGGGATGCAGGCCAGTAA,0,4523889
yahL_predicted,0.1111111111111111,8,8,ATGCTCCCTCGATAAGATTC,0,4517771
yahL_predicted,0.1111111111111111,8,8,ATGCTATCTCCACGGATTGA,0,4529926
yahL_predicted,0.1111111111111111,8,8,ATGATTACCCAGGCAGCAGA,0,4519659
yahL_predicted,0.1111111111111111,8,8,ATGATAGTGGAACCATTAAA,0,4542339
yahL_predicted,0.1111111111111111,8,8,ATGAGCGGAAGTACATCCAT,0,4512216
yahL_predicted,0.1111111111111111,8,8,ATGACCGACCGGCCAACACT,0,4517089
yahL_predicted,0.1111111111111111,8,8,ATGAAGACGAAATTAAACAT,0,4514485
yahL_predicted,0.1111111111111111,8,8,ATCTGAAAGACCACAACAGG,0,4528369
yahL_predicted,0.1111111111111111,8,8,ATCTCCGGCACCACGCTGCT,0,4541510
yahL_predicted,0.1111111111111111,8,8,ATCGCAGGTGGATGAGCAGG,0,4522757
yahL_predicted,0.1111111111111111,8,8,ATCCTTGGTCATCGTGATCT,0,4531410
yahL_predicted,0.1111111111111111,8,8,ATCAAGGACCAACGTCGCCT,0,4521790
yahL_predicted,0.1111111111111111,8,8,ATAGCTCTGACGCGGAGGCA,0,4529284
yahL_predicted,0.1111111111111111,8,8,ATAGATGGGACTCTGGCTTT,0,4539879
yahL_predicted,0.1111111111111111,8,8,ATAGAATGTTCCGGCGCACT,0,4539245
yahL_predicted,0.1111111111111111,8,8,ATACCCCGGGCCGTCGAGCC,0,4527428
yahL_predicted,0.1111111111111111,8,8,ATACCACACGTTCGTTAGTA,0,4531464
yahL_predicted,0.1111111111111111,8,8,ATACATATCAATGTACGGTA,0,4524923
yahL_predicted,0.1111111111111111,8,8,ATAACCGTCTCGGTGTGCAT,0,4532943
yahL_predicted,0.1111111111111111,8,8,AGTGTGTCATTCTGTCGAGT,0,4537312
yahL_predicted,0.1111111111111111,8,8,AGTCAGTATAGTACTTGAAC,0,4521996
yahL_predicted,0.1111111111111111,8,8,AGTACACTGGCGCATTGCAC,0,4539353
yahL_predicted,0.1111111111111111,8,8,AGGGCTAACTTAGCTGGTAA,0,4525635
yahL_predicted,0.1111111111111111,8,8,AGGCTATGAGCATTGCTGCA,0,4533309
yahL_predicted,0.1111111111111111,8,8,AGGCGTGACGCGGACAGGTG,0,4521834
yahL_predicted,0.1111111111111111,8,8,AGGCGGCGGGCCGCCTTACT,0,4535053
yahL_predicted,0.1111111111111111,8,8,AGGCCCTTCACCCTGGTCAA,0,4515053
yahL_predicted,0.1111111111111111,8,8,AGGCCCTATCACCTACCCAA,0,4532242
yahL_predicted,0.1111111111111111,8,8,AGGACTCAGGGAACCTCCAG,0,4514346
yahL_predicted,0.1111111111111111,8,8,AGGAATTACTATCGCGGATA,0,4541094
yahL_predicted,0.1111111111111111,8,8,AGGAATCTGTGGTAAATTTG,0,4534914
yahL_predicted,0.1111111111111111,8,8,AGGAAATGGACGACGGAAAC,0,4532066
yahL_predicted,0.1111111111111111,8,8,AGCTTCTGAAGCTTCGCGTG,0,4514237
yahL_predicted,0.1111111111111111,8,8,AGCTCTCATCCTCTAGGCAA,0,4540022
yahL_predicted,0.1111111111111111,8,8,AGCTATAGGACATTCCGACT,0,4519498
yahL_predicted,0.1111111111111111,8,8,AGCTAGGTCCTGTATTATTC,0,4524134
yahL_predicted,0.1111111111111111,8,8,AGCTAAGCGATACGTGCGCC,0,4540319
yahL_predicted,0.1111111111111111,8,8,AGCGTGCCGGCTTACGGGGC,0,4525405
yahL_predicted,0.1111111111111111,8,8,AGCGGAGTTTGGGGCTTTTG,0,4517365
yahL_predicted,0.1111111111111111,8,8,AGCGCGTGGTCACAATCAAC,0,4542716
yahL_predicted,0.1111111111111111,8,8,AGCCCGGATTCACCTAAGGG,0,4529340
yahL_predicted,0.1111111111111111,8,8,AGCCCCCGGTTAAGTTTACT,0,4526763
yahL_predicted,0.1111111111111111,8,8,AGCATGCTCAGCGGCGCGAA,0,4517032
yahL_predicted,0.1111111111111111,8,8,AGCATCTTTTCCAAAGATCT,0,4521074
yahL_predicted,0.1111111111111111,8,8,AGATCGTCTGCCGAGGGCTT,0,4540924
yahL_predicted,0.1111111111111111,8,8,AGATAACACAGTCACAGCGT,0,4541313
yahL_predicted,0.1111111111111111,8,8,AGAGCTGTCCCTCGATGTAC,0,4528001
yahL_predicted,0.1111111111111111,8,8,AGACCTACACGGCCCCTGGT,0,4526199
yahL_predicted,0.1111111111111111,8,8,AGACCGAACGAGGGTTTTAT,0,4526340
yahL_predicted,0.1111111111111111,8,8,AGACAGCAGTTGAGAGGGAC,0,4537112
yahL_predicted,0.1111111111111111,8,8,AGAATCACTTCGCTCCAGGG,0,4532549
yahL_predicted,0.1111111111111111,8,8,ACTTGTTCAGCGCATTTGGG,0,4514586
yahL_predicted,0.1111111111111111,8,8,ACTTCGTCTCGAATGTAGGT,0,4527119
yahL_predicted,0.1111111111111111,8,8,ACTTCCAGTAGCATTCCTCG,0,4523919
yahL_predicted,0.1111111111111111,8,8,ACTGTGCGGGTGTATTCCCC,0,4519001
yahL_predicted,0.1111111111111111,8,8,ACTGGGAGGTTACATCAGGA,0,4525612
yahL_predicted,0.1111111111111111,8,8,ACTCTTGAAGGAAGGGAGTG,0,4515594
yahL_predicted,0.1111111111111111,8,8,ACTCTGTCACCTCAACTCGG,0,4525673
yahL_predicted,0.1111111111111111,8,8,ACTCTGTACACCGATTGAAG,0,4525026
yahL_predicted,0.1111111111111111,8,8,ACTCGTGGAAAGAACTCCTT,0,4528807
yahL_predicted,0.1111111111111111,8,8,ACTCAAACTACTTTCGTTAA,0,4512998
yahL_predicted,0.1111111111111111,8,8,ACGTGGATTACATTTGAAAC,0,4529761
yahL_predicted,0.1111111111111111,8,8,ACGGGGGTACCATTCTAAAA,0,4518937
yahL_predicted,0.1111111111111111,8,8,ACGGGCTGGAGATGTATGAC,0,4534888
yahL_predicted,0.1111111111111111,8,8,ACGCTCCAGATTCTAGGACT,0,4517829
yahL_predicted,0.1111111111111111,8,8,ACGCGGCTTTCAGTATCTGT,0,4541898
yahL_predicted,0.1111111111111111,8,8,ACGCGACTTCAGAGGCAGAT,0,4536792
yahL_predicted,0.1111111111111111,8,8,ACCTATGAGGCCGAGTACTC,0,4540613
yahL_predicted,0.1111111111111111,8,8,ACCCGCTAAGAGTCTTACAT,0,4536362
yahL_predicted,0.1111111111111111,8,8,ACCAGCCCGACGGTGAGGTA,0,4535903
yahL_predicted,0.1111111111111111,8,8,ACCAGAGCAGGACTCCCTGC,0,4529133
yahL_predicted,0.1111111111111111,8,8,ACATCTAAGTTGTCTGTCTT,0,4513876
yahL_predicted,0.1111111111111111,8,8,ACATATCGGGACTGTCAATA,0,4514822
yahL_predicted,0.1111111111111111,8,8,ACACGCCGACTCGATAGGTC,0,4528849
yahL_predicted,0.1111111111111111,8,8,ACACATGTTTTCGTTCCGCA,0,4522170
yahL_predicted,0.1111111111111111,8,8,ACACATGTGCAGGAAAGTTT,0,4528644
yahL_predicted,0.1111111111111111,8,8,ACACAGGGGCACCGACCTCC,0,4525794
yahL_predicted,0.1111111111111111,8,8,ACAATCTGTTCGTGGTTGGT,0,4514562
yahL_predicted,0.1111111111111111,8,8,AATTTCGTAGTGTCTGGACG,0,4540936
yahL_predicted,0.1111111111111111,8,8,AATGGTCCCTAGAGGCAGAC,0,4521492
yahL_predicted,0.1111111111111111,8,8,AATGGCCGTTCGACTAAGGG,0,4518271
yahL_predicted,0.1111111111111111,8,8,AATGCCAGATGAAAAGCAGT,0,4522917
yahL_predicted,0.1111111111111111,8,8,AATACACCGGATGCCCTTCT,0,4520522
yahL_predicted,0.1111111111111111,8,8,AAGTTTATGCATAGTGTGAA,0,4526058
yahL_predicted,0.1111111111111111,8,8,AAGTGTGCAACGTCCCCCCT,0,4536213
yahL_predicted,0.1111111111111111,8,8,AAGTGCTGCACGGGATCCGA,0,4535228
yahL_predicted,0.1111111111111111,8,8,AAGTCCGCACTTCCAAAACA,0,4530321
yahL_predicted,0.1111111111111111,8,8,AAGGAGCGGCCTCCCAGGAG,0,4540834
yahL_predicted,0.1111111111111111,8,8,AAGCGATACCAGCTAGCAGA,0,4540851
yahL_predicted,0.1111111111111111,8,8,AAGCCCTATCTCATTTACCC,0,4540344
yahL_predicted,0.1111111111111111,8,8,AAGCACCTTAATGCAGGCCG,0,4518104
yahL_predicted,0.1111111111111111,8,8,AAGAGGATTTTATTGAGAAT,0,4519203
yahL_predicted,0.1111111111111111,8,8,AACGGTCTTTGGGTGGGGGG,0,4540657
yahL_predicted,0.1111111111111111,8,8,AACGGAAATGTAGCCTCCAG,0,4540440
yahL_predicted,0.1111111111111111,8,8,AACGACGTATATAAGTCATG,0,4519802
yahL_predicted,0.1111111111111111,8,8,AACCGGGTTAATTTTGCACC,0,4519132
yahL_predicted,0.1111111111111111,8,8,AACCCCACTAAACAAACGGG,0,4525872
yahL_predicted,0.1111111111111111,8,8,AACCCAAGCTGCAAAATGGT,0,4524256
yahL_predicted,0.1111111111111111,8,8,AACATCGAAGCTAAGTTGGG,0,4523597
yahL_predicted,0.1111111111111111,8,8,AAAGCGAAGTGGGAAGCGGA,0,4518227
yahL_predicted,0.1111111111111111,8,8,AAAGCCCAAGTAGGTATCAC,0,4524905
yahL_predicted,0.1111111111111111,8,8,AAAACGTCGGAATGTAAGGG,0,4522593
yahL_predicted,0.125,7,7,TTTTTTCGCTACTTGTGGGA,0,4524224
yahL_predicted,0.125,7,7,TTTTGTACGGAAGCGGAATG,0,4519040
yahL_predicted,0.125,7,7,TTTTGCAGTGAGTGTGCGGA,0,4514404
yahL_predicted,0.125,7,7,TTTGCTTTAGCCGCATCTTT,0,4518387
yahL_predicted,0.125,7,7,TTTGCTACCACCCTTTTGAC,0,4517221
yahL_predicted,0.125,7,7,TTTGATACGTTGTTCACAGT,0,4535643
yahL_predicted,0.125,7,7,TTTAGTCCTACAGTATAATA,0,4514693
yahL_predicted,0.125,7,7,TTTAGACAGGCCAGACAGTT,0,4539354
yahL_predicted,0.125,7,7,TTTACTTGCCTTGTGTCAGG,0,4536726
yahL_predicted,0.125,7,7,TTGTTGGGTCAACGGATAAT,0,4535375
yahL_predicted,0.125,7,7,TTGTAAGCACCGTTCATGTG,0,4515697
yahL_predicted,0.125,7,7,TTGTAAAATCATGCGCGATC,0,4517144
yahL_predicted,0.125,7,7,TTGGCAGTGGTTCGTGGTTT,0,4516448
yahL_predicted,0.125,7,7,TTGCGTGATACAGATTTTGT,0,4515406
yahL_predicted,0.125,7,7,TTGCGCGACGTGAGCGCCAA,0,4521211
yahL_predicted,0.125,7,7,TTCGGAGCGCGGGGCTTGAT,0,4522532
yahL_predicted,0.125,7,7,TTCGACTCCTAGTCCATATA,0,4517879
yahL_predicted,0.125,7,7,TTCCGTACATATCTACAGGT,0,4533707
yahL_predicted,0.125,7,7,TTCCAATTGGTTTGAACAAT,0,4521284
yahL_predicted,0.125,7,7,TTCAATGTAACAGATCGGCA,0,4521375
yahL_predicted,0.125,7,7,TTATTACAAGTTACGTAAAA,0,4535946
yahL_predicted,0.125,7,7,TTATTAAATGTAGGCCTAGC,0,4537130
yahL_predicted,0.125,7,7,TTATGTCCTCCAATTGAGCT,0,4514105
yahL_predicted,0.125,7,7,TTATCGCCGCTACATCCTAC,0,4517479
yahL_predicted,0.125,7,7,TTAGTGAAATTAGGGGTCTT,0,4525194
yahL_predicted,0.125,7,7,TTAGGACACAGGTGTCGTAC,0,4535140
yahL_predicted,0.125,7,7,TTAAGGGAGATCCTTTCCAG,0,4532400
yahL_predicted,0.125,7,7,TTAACTACTCGTTCAAAGTC,0,4516111
yahL_predicted,0.125,7,7,TTAAATGACGTCCTGGTGAG,0,4516229
yahL_predicted,0.125,7,7,TGTTCGCTCGTTGGTTAGTT,0,4538545
yahL_predicted,0.125,7,7,TGTTCGATGACCTTGGTAAT,0,4536493
yahL_predicted,0.125,7,7,TGTTAACGTCGGCAATTCGG,0,4536778
yahL_predicted,0.125,7,7,TGTGCTTAATTGCAACTCAA,0,4542541
yahL_predicted,0.125,7,7,TGTCCGTCTCATACCTATCA,0,4515384
yahL_predicted,0.125,7,7,TGTATCGTGTGCCATCCGCT,0,4527555
yahL_predicted,0.125,7,7,TGTATACGGGAACCATTACT,0,4528184
yahL_predicted,0.125,7,7,TGTAGGCCAACGCACGAAGG,0,4520508
yahL_predicted,0.125,7,7,TGTACTTAGGAAGATAGTTC,0,4525723
yahL_predicted,0.125,7,7,TGTAATCTACGGAGCATACT,0,4518513
yahL_predicted,0.125,7,7,TGTAATAGGGTTATTGACAC,0,4534827
yahL_predicted,0.125,7,7,TGGTGTCTGCGTCGCCCATA,0,4526612
yahL_predicted,0.125,7,7,TGGGTGGTTGGATCCAATAA,0,4532161
yahL_predicted,0.125,7,7,TGGGGTAGCGGCTTCCGACG,0,4513690
yahL_predicted,0.125,7,7,TGGGGGGACCGACAGAATTC,0,4528334
yahL_predicted,0.125,7,7,TGGCTTCATGGTTACAAGAT,0,4527199
yahL_predicted,0.125,7,7,TGGCCCAAGGCTAAACCTTA,0,4538457
yahL_predicted,0.125,7,7,TGGCAGTGAAGCGACTGGGC,0,4524201
yahL_predicted,0.125,7,7,TGGATGGGCCGTTGCCTCGA,0,4517749
yahL_predicted,0.125,7,7,TGGAGGGAGTCCGGTGACAC,0,4524782
yahL_predicted,0.125,7,7,TGGAGAAGGAATCGGTACGT,0,4543436
yahL_predicted,0.125,7,7,TGCTTTGAGGTTTTTGGGCA,0,4524277
yahL_predicted,0.125,7,7,TGCTTGTCCAGCTCTACATA,0,4512759
yahL_predicted,0.125,7,7,TGCTTGGTTGGTGTATCATT,0,4542585
yahL_predicted,0.125,7,7,TGCTACTAAGTCCAGACTCT,0,4513210
yahL_predicted,0.125,7,7,TGCGTTGCGCGAGCTGTATC,0,4520696
yahL_predicted,0.125,7,7,TGCGGGTCAGACGTACGAAT,0,4527465
yahL_predicted,0.125,7,7,TGCGAGCCTCGAGCGAGTTG,0,4537912
yahL_predicted,0.125,7,7,TGCCGGCCACCCGCTTTGCG,0,4516004
yahL_predicted,0.125,7,7,TGCCCGCGGACCGACGGGCT,0,4542660
yahL_predicted,0.125,7,7,TGCCCATCCTGGTTGATTAG,0,4528984
yahL_predicted,0.125,7,7,TGCATCTAACTGTTATAATC,0,4527291
yahL_predicted,0.125,7,7,TGCAGTCACTGGTACGTCAA,0,4519209
yahL_predicted,0.125,7,7,TGCAGCAAGTTCTTGAAGGA,0,4525187
yahL_predicted,0.125,7,7,TGATTTTCCGGAAAGGTTTA,0,4530159
yahL_predicted,0.125,7,7,TGACCACATCACTGAAGAGC,0,4541146
yahL_predicted,0.125,7,7,TGACAGAATCATCGGCTGGA,0,4521177
yahL_predicted,0.125,7,7,TGAATATCATCGTTCTGATT,0,4518056
yahL_predicted,0.125,7,7,TGAAGTTAGAGACAGCAAAT,0,4533651
yahL_predicted,0.125,7,7,TGAAGAGCATGGAAGTAGTA,0,4525064
yahL_predicted,0.125,7,7,TCTTTTCATTGGGCTTACTT,0,4521321
yahL_predicted,0.125,7,7,TCTTTACCCCCCAGGGCTAG,0,4528997
yahL_predicted,0.125,7,7,TCTTGTGCGTATCGTACGAC,0,4531425
yahL_predicted,0.125,7,7,TCTTCGGGAGGTCGCACACA,0,4534058
yahL_predicted,0.125,7,7,TCTTATAATCTTACGGTGGC,0,4530731
yahL_predicted,0.125,7,7,TCTTAGAAGCATTCACAATA,0,4541539
yahL_predicted,0.125,7,7,TCTGTGTTAGACTCTGCGGG,0,4519996
yahL_predicted,0.125,7,7,TCTGGGTCAGGGTGCATGGG,0,4526278
yahL_predicted,0.125,7,7,TCTGGGCAGGCTCGTGCTCA,0,4533279
yahL_predicted,0.125,7,7,TCTGCGAGTTGTGTGCACCA,0,4521449
yahL_predicted,0.125,7,7,TCTGCAAGTCCCTCGGAAAG,0,4533326
yahL_predicted,0.125,7,7,TCTCTATTTCTAGTACCGGG,0,4513961
yahL_predicted,0.125,7,7,TCTCCATAATCAGCCAAGCA,0,4525154
yahL_predicted,0.125,7,7,TCGGCGGATAGCCCAGCGGA,0,4521364
yahL_predicted,0.125,7,7,TCGGCCTGATTAGAACCTTT,0,4526969
yahL_predicted,0.125,7,7,TCGGAACGTATTATGAGGTC,0,4522045
yahL_predicted,0.125,7,7,TCGCTTTGGTAAATAGGGTG,0,4529893
yahL_predicted,0.125,7,7,TCGCGGCCGGAACTACTAGA,0,4514511
yahL_predicted,0.125,7,7,TCGCCTCAACTCCGGTGTCC,0,4520403
yahL_predicted,0.125,7,7,TCGACGTTACATCTGACTGG,0,4518413
yahL_predicted,0.125,7,7,TCGAAAGGTGGTTACTACAG,0,4512692
yahL_predicted,0.125,7,7,TCGAAACATGATTGTGGATA,0,4520887
yahL_predicted,0.125,7,7,TCCTTTCTATATACTTTCTG,0,4543232
yahL_predicted,0.125,7,7,TCCTTTAATCGCGCCAAAAG,0,4526456
yahL_predicted,0.125,7,7,TCCGGACGTTTACTCCGGAT,0,4522566
yahL_predicted,0.125,7,7,TCCGCTGTAAGCTTGGAGTC,0,4541560
yahL_predicted,0.125,7,7,TCCCTTTCCACTTATTCATG,0,4516937
yahL_predicted,0.125,7,7,TCCCTAGACCTATGGGACCT,0,4526621
yahL_predicted,0.125,7,7,TCCATGTGTGATGCCGCCAT,0,4525470
yahL_predicted,0.125,7,7,TCATCTGTGACCATTTGTAG,0,4540106
yahL_predicted,0.125,7,7,TCATCTATATCAGTGCTCAA,0,4522523
yahL_predicted,0.125,7,7,TCATCGGCCATGTGTCGTAA,0,4530864
yahL_predicted,0.125,7,7,TCATAAGCTGGTATTGCGTA,0,4539540
yahL_predicted,0.125,7,7,TCAGTCCACTCGTGTAGAAA,0,4539757
yahL_predicted,0.125,7,7,TCAGGTTTAAATAATCGAAT,0,4537167
yahL_predicted,0.125,7,7,TCAGCAATTTCCGCTCAGAT,0,4527874
yahL_predicted,0.125,7,7,TCACGGATCCGCCACTTGAG,0,4517452
yahL_predicted,0.125,7,7,TCAAGGTTTAAGATGGGCCA,0,4514852
yahL_predicted,0.125,7,7,TCAAGGAGCCGAGGTATCTG,0,4543728
yahL_predicted,0.125,7,7,TCAAACCGACCCGAAGCTCA,0,4536078
yahL_predicted,0.125,7,7,TATGATTAGAGGTGGTTCCG,0,4542325
yahL_predicted,0.125,7,7,TAGGGAAATGGGTCCTCGCT,0,4537239
yahL_predicted,0.125,7,7,TAGCGTGGGTATACTGGCGC,0,4526405
yahL_predicted,0.125,7,7,TAGCCGATCGGTCAAATTGG,0,4533441
yahL_predicted,0.125,7,7,TAGCCCCGGGGTATTGTTCA,0,4535308
yahL_predicted,0.125,7,7,TACTTGTAGGTGGTTTGAAG,0,4513828
yahL_predicted,0.125,7,7,TACTAGGCATTCCGAACCGA,0,4522277
yahL_predicted,0.125,7,7,TACGATCAGTCAAATTCAAG,0,4522689
yahL_predicted,0.125,7,7,TACCGGGGCCACACAGGATA,0,4525625
yahL_predicted,0.125,7,7,TACCCAATAAGGGATATTCT,0,4517738
yahL_predicted,0.125,7,7,TACATGTCTGCGAGTAGAAG,0,4537874
yahL_predicted,0.125,7,7,TACACGGGGCAAGCCTTAGA,0,4513724
yahL_predicted,0.125,7,7,TAATGCGCTATTCCCACGGT,0,4541189
yahL_predicted,0.125,7,7,TAATGCCTATAATTTCGGAG,0,4524648
yahL_predicted,0.125,7,7,TAAGCCGAGGCAAGTCACAA,0,4517996
yahL_predicted,0.125,7,7,TAAGCAGGTCAGACGAATAG,0,4525230
yahL_predicted,0.125,7,7,TAAACGGAGTGGTATCCGAT,0,4524888
yahL_predicted,0.125,7,7,GTTTGATTGGATGTTTTACA,0,4517800
yahL_predicted,0.125,7,7,GTTTCCGTGGGGTTGACCCA,0,4533653
yahL_predicted,0.125,7,7,GTTGCAGTTACTCTCGTTTT,0,4541197
yahL_predicted,0.125,7,7,GTTGAAACCTAAATTCCGTA,0,4539709
yahL_predicted,0.125,7,7,GTTATAGGTTTCTTTGGGTA,0,4533774
yahL_predicted,0.125,7,7,GTTAGATGCCAGGTCGGCTG,0,4532046
yahL_predicted,0.125,7,7,GTGTGTGGAAGTGTCGTGTT,0,4526740
yahL_predicted,0.125,7,7,GTGCTTAAATCTATAGATAG,0,4519443
yahL_predicted,0.125,7,7,GTGCGGGTCAAATTTGGCAT,0,4531190
yahL_predicted,0.125,7,7,GTGCAGTCGGAAACGGTCAA,0,4537248
yahL_predicted,0.125,7,7,GTGCAATGCTCCTGGTCTGG,0,4523700
yahL_predicted,0.125,7,7,GTGAGGTAGGACGGTTGGCC,0,4516629
yahL_predicted,0.125,7,7,GTCTAGGGAAAGTTTAAAAG,0,4528394
yahL_predicted,0.125,7,7,GTCGGCGGCCTTCCACTACG,0,4512516
yahL_predicted,0.125,7,7,GTCCGGATGGCTATACACAA,0,4533886
yahL_predicted,0.125,7,7,GTCAGTTTTCCCCCTAGACG,0,4525283
yahL_predicted,0.125,7,7,GTCACTCCACCGCATCCTTC,0,4523656
yahL_predicted,0.125,7,7,GTCACGAACACCCCACGTAA,0,4520026
yahL_predicted,0.125,7,7,GTATCGTCCGTATGCAAAAG,0,4512466
yahL_predicted,0.125,7,7,GTATCGAGTGTATGCGTATG,0,4529515
yahL_predicted,0.125,7,7,GTATCCGAAGTCTACCCGCG,0,4518156
yahL_predicted,0.125,7,7,GTAGGATCCCCTCAGCTTTA,0,4530040
yahL_predicted,0.125,7,7,GTAGATAGCTACCAAGACGT,0,4531240
yahL_predicted,0.125,7,7,GTACTTAAGAGGGTGGGATA,0,4522362
yahL_predicted,0.125,7,7,GTACTGCCTCTGAGGCAGCA,0,4522766
yahL_predicted,0.125,7,7,GTACTCGCGACGCACCGTAA,0,4542601
yahL_predicted,0.125,7,7,GTACTCCTTGGTTTGAAGTA,0,4523967
yahL_predicted,0.125,7,7,GTACTAGGCATCCTATCGGA,0,4519818
yahL_predicted,0.125,7,7,GTACGTGCCACCGCGGCGAC,0,4529459
yahL_predicted,0.125,7,7,GTACCGAACGTCGGTGCTGA,0,4516331
yahL_predicted,0.125,7,7,GTACAGCTGGTTATTGGCAA,0,4522306
yahL_predicted,0.125,7,7,GTAAGCGTACATTCACTCGT,0,4517895
yahL_predicted,0.125,7,7,GTAAGCGCCGAGAGTTAGAC,0,4519937
yahL_predicted,0.125,7,7,GTAAAAGCACCTGGACGAGT,0,4523398
yahL_predicted,0.125,7,7,GGTTCGCATGTCAGTTCACA,0,4512767
yahL_predicted,0.125,7,7,GGTTAAACGCTCTGTACTTA,0,4539522
yahL_predicted,0.125,7,7,GGTGGCCCTCCGGCTTCAGT,0,4514690
yahL_predicted,0.125,7,7,GGTCTAGCTGATGCCTTAGT,0,4532818
yahL_predicted,0.125,7,7,GGTCGTTTCTTCTCGAGGCC,0,4528365
yahL_predicted,0.125,7,7,GGTCCGCATCGGGTCGAGTT,0,4513999
yahL_predicted,0.125,7,7,GGTATTAGTCAGACATTCTG,0,4530412
yahL_predicted,0.125,7,7,GGTATCTACAGCACCCGAGT,0,4520831
yahL_predicted,0.125,7,7,GGTATATGACATAATTCCGG,0,4535319
yahL_predicted,0.125,7,7,GGTAACAAGGCAATTTGTTT,0,4515750
yahL_predicted,0.125,7,7,GGGTGTGCGCCTTGGTGCGT,0,4512431
yahL_predicted,0.125,7,7,GGGTCCCTTGATTCTTGACA,0,4518281
yahL_predicted,0.125,7,7,GGGTAACAGCGGTACACCAG,0,4539148
yahL_predicted,0.125,7,7,GGGGTGCGTGCATTCGCCCA,0,4534007
yahL_predicted,0.125,7,7,GGGGGTTTTATATCACTACG,0,4533235
yahL_predicted,0.125,7,7,GGGGCCTAGGGGGTGTGGAT,0,4534419
yahL_predicted,0.125,7,7,GGGCGGCCACGAGCTTCCTG,0,4528448
yahL_predicted,0.125,7,7,GGGCGGAGTTGATCTTTTTC,0,4532464
yahL_predicted,0.125,7,7,GGGCCGTGGGAATCTACAGG,0,4517560
yahL_predicted,0.125,7,7,GGGCCCAAGCAGGTGCTGCT,0,4540566
yahL_predicted,0.125,7,7,GGGCATCAAGGTCGGCGATA,0,4536098
yahL_predicted,0.125,7,7,GGGCACCCTTCCCGATTAGC,0,4543479
yahL_predicted,0.125,7,7,GGGCAAGTTTACGGAACATA,0,4517599
yahL_predicted,0.125,7,7,GGGATCGACGATTTACGACA,0,4539992
yahL_predicted,0.125,7,7,GGGATACAGAGCATAGAAAA,0,4536973
yahL_predicted,0.125,7,7,GGGACTTTGAACTACTCCCC,0,4534630
yahL_predicted,0.125,7,7,GGCTTTGACCGGGAGATACT,0,4515734
yahL_predicted,0.125,7,7,GGCTATGCCGCTACATGAAT,0,4533787
yahL_predicted,0.125,7,7,GGCTAGCACGGTACTGCTAC,0,4527563
yahL_predicted,0.125,7,7,GGCCTATGTGCTTCAAGTTT,0,4515366
yahL_predicted,0.125,7,7,GGCCGTTAAGAAACTAACAA,0,4533155
yahL_predicted,0.125,7,7,GGCCATGTTGACGGTACGAA,0,4530076
yahL_predicted,0.125,7,7,GGCATTCACCGCTGTTGTTA,0,4518006
yahL_predicted,0.125,7,7,GGCACACGGTGAAGGAGCCA,0,4535259
yahL_predicted,0.125,7,7,GGACTTGGGCAATCCTAACG,0,4518410
yahL_predicted,0.125,7,7,GGACGTACCACGATCCAGGA,0,4531981
yahL_predicted,0.125,7,7,GGACGTACAGCGTGAGCACG,0,4513789
yahL_predicted,0.125,7,7,GGACACCGCACACTGTAATC,0,4541155
yahL_predicted,0.125,7,7,GGAAGTTCTGCTTCTGACGT,0,4519533
yahL_predicted,0.125,7,7,GGAACGAATTTGGGTGGCCT,0,4513335
yahL_predicted,0.125,7,7,GGAACACATGCTGCTCTGTA,0,4516929
yahL_predicted,0.125,7,7,GCTTGTTAATCAGTGCCGGA,0,4512523
yahL_predicted,0.125,7,7,GCTTCCCTGGCCTAGAACAC,0,4527459
yahL_predicted,0.125,7,7,GCTTACACACTCGATTGGGG,0,4541534
yahL_predicted,0.125,7,7,GCTGGAGGCGGTGAGTTACT,0,4530095
yahL_predicted,0.125,7,7,GCTCTCGGACTTCCGCATGT,0,4524225
yahL_predicted,0.125,7,7,GCTCAACGAAGGGACGTTCC,0,4516232
yahL_predicted,0.125,7,7,GCTATGAAGGGGAAGGCCGT,0,4513516
yahL_predicted,0.125,7,7,GCTAAGATCTGTAAGGGAAA,0,4521999
yahL_predicted,0.125,7,7,GCGTCTGAAGGGCGTAGTGG,0,4518178
yahL_predicted,0.125,7,7,GCGGCACTCTAGCGCTGCAA,0,4517228
yahL_predicted,0.125,7,7,GCGGCAAGATATGAACATGT,0,4516993
yahL_predicted,0.125,7,7,GCGCTGAGCACGGCGACAAT,0,4541931
yahL_predicted,0.125,7,7,GCGCCCTTTTGTAGTTGGCG,0,4529532
yahL_predicted,0.125,7,7,GCGCAAATGCTGTAGGTGGA,0,4529914
yahL_predicted,0.125,7,7,GCCTGACAGATCCGTCGAGC,0,4535616
yahL_predicted,0.125,7,7,GCCGTTGAGCTGCATTAGCG,0,4535090
yahL_predicted,0.125,7,7,GCCGTGTGGCCGCTATCTGA,0,4541962
yahL_predicted,0.125,7,7,GCCGCGATTGACCTTTCCCC,0,4544044
yahL_predicted,0.125,7,7,GCCCCATACTAATTTTTATG,0,4540732
yahL_predicted,0.125,7,7,GCCCATTTAGTAAGAGAAGT,0,4542506
yahL_predicted,0.125,7,7,GCCATTAGCCGTATAGAGTT,0,4533189
yahL_predicted,0.125,7,7,GCATTTTTAAACTTAAATAT,0,4534881
yahL_predicted,0.125,7,7,GCATTAGTCTCACGCTATCA,0,4528469
yahL_predicted,0.125,7,7,GCATCGTTATCTCGTTTAAT,0,4523226
yahL_predicted,0.125,7,7,GCATACCACTCGCGAAGATG,0,4530027
yahL_predicted,0.125,7,7,GCAGTTGGGCGTCCAATTAC,0,4524663
yahL_predicted,0.125,7,7,GCAGTGTTAAAAGGTTTGAG,0,4516687
yahL_predicted,0.125,7,7,GCAGGTAAACGCGTCCTCAT,0,4513790
yahL_predicted,0.125,7,7,GCACTGTATGGGTATTTGAC,0,4513286
yahL_predicted,0.125,7,7,GCACTACATGGCTAACGCAA,0,4513942
yahL_predicted,0.125,7,7,GCAATAGCGGTTATAATTGG,0,4512595
yahL_predicted,0.125,7,7,GCAACCGCTACGTTTATACC,0,4513070
yahL_predicted,0.125,7,7,GCAAAGCCTAATTTGTAAAG,0,4528186
yahL_predicted,0.125,7,7,GCAAACCGGTATAGTGGCAT,0,4521563
yahL_predicted,0.125,7,7,GATTTCCAGTACCCCAATGA,0,4522597
yahL_predicted,0.125,7,7,GATTGACCCCGAAACCAATA,0,4515182
yahL_predicted,0.125,7,7,GATGATTGCATGGAGTCCTA,0,4518544
yahL_predicted,0.125,7,7,GATCCCCACTGGTCAGGTCG,0,4531569
yahL_predicted,0.125,7,7,GATAGAAACAAGCTTCTAGG,0,4516586
yahL_predicted,0.125,7,7,GATAACTGCAGTATCTAATA,0,4515352
yahL_predicted,0.125,7,7,GAGTATTAACACTAGCCTAT,0,4544185
yahL_predicted,0.125,7,7,GAGGTCTCATTAACCTCATA,0,4539678
yahL_predicted,0.125,7,7,GAGGTCTACAAGGCTCAATG,0,4525302
yahL_predicted,0.125,7,7,GAGGTACTCTGGACGAGGCT,0,4536093
yahL_predicted,0.125,7,7,GAGGGCGTCAGGATAGTTAG,0,4541605
yahL_predicted,0.125,7,7,GAGGCTCTCCCTTCGTCATC,0,4520580
yahL_predicted,0.125,7,7,GAGCGGACAACGTCTGTAAA,0,4520810
yahL_predicted,0.125,7,7,GAGATAGTGCAATGAGGATG,0,4517708
yahL_predicted,0.125,7,7,GACTGGTCCATTCAAACCTC,0,4523737
yahL_predicted,0.125,7,7,GACTGCGCAATTGCGTCACA,0,4541058
yahL_predicted,0.125,7,7,GACTCTCTAACGAGGCTTCT,0,4536535
yahL_predicted,0.125,7,7,GACGCTCGACTTTACTTGCT,0,4539001
yahL_predicted,0.125,7,7,GACGAAGTGTTTAGATTACA,0,4535468
yahL_predicted,0.125,7,7,GACCGTGCGTAAGGCCGTGC,0,4542240
yahL_predicted,0.125,7,7,GACCGAGGGGGCAAGCGAAA,0,4520314
yahL_predicted,0.125,7,7,GACCGAGGGCAAATTTGAAG,0,4543397
yahL_predicted,0.125,7,7,GACCCAGGACCTTATCCTCT,0,4539468
yahL_predicted,0.125,7,7,GAATGAACATAGGCCACAAA,0,4543759
yahL_predicted,0.125,7,7,GAAGATAAAAAACGAGACCC,0,4520426
yahL_predicted,0.125,7,7,GAACTACAGAAATGACCGAG,0,4536177
yahL_predicted,0.125,7,7,CTTTGTCCTTTGGACAGATC,0,4521207
yahL_predicted,0.125,7,7,CTTGTACCTAGTAGCCGATA,0,4525588
yahL_predicted,0.125,7,7,CTTGCCTTCCGTATGACCTA,0,4532082
yahL_predicted,0.125,7,7,CTTGATGTGCAAATGCCTGT,0,4521024
yahL_predicted,0.125,7,7,CTTGAGATATCCATGCCTGT,0,4529047
yahL_predicted,0.125,7,7,CTTCTAGGTACATAAAGGAT,0,4536659
yahL_predicted,0.125,7,7,CTTCCCAGGGGCGATCGTCA,0,4538957
yahL_predicted,0.125,7,7,CTGTTGATCTTCACATATGT,0,4536856
yahL_predicted,0.125,7,7,CTGTGTGCCCCAAATCTCAA,0,4523162
yahL_predicted,0.125,7,7,CTGTAGCTGCTTTGTCTGAG,0,4521307
yahL_predicted,0.125,7,7,CTGTAAAAAAACGAGAGTAA,0,4521690
yahL_predicted,0.125,7,7,CTGGTTGTCCACCACACAGC,0,4522148
yahL_predicted,0.125,7,7,CTGGGTTGCCTCATCATCTT,0,4521900
yahL_predicted,0.125,7,7,CTGGGGTATGTAGGCGGCAT,0,4531324
yahL_predicted,0.125,7,7,CTGGACGGCTAGCTTTTTTT,0,4529322
yahL_predicted,0.125,7,7,CTGCACACTATGCGGTATTC,0,4531486
yahL_predicted,0.125,7,7,CTGATCCTCTCAGACCGAAG,0,4520653
yahL_predicted,0.125,7,7,CTGAGCCTGGGGTCAACGCA,0,4529400
yahL_predicted,0.125,7,7,CTGAATCCTGATTGCCGAAA,0,4540335
yahL_predicted,0.125,7,7,CTCTCTTCCAGTCAGAAACT,0,4534389
yahL_predicted,0.125,7,7,CTCTCCGATGTATAAACAGA,0,4517430
yahL_predicted,0.125,7,7,CTCGATGTCAGTCTAGCTCC,0,4526744
yahL_predicted,0.125,7,7,CTCATTCACCCATGGATCTT,0,4539447
yahL_predicted,0.125,7,7,CTCATTAATCATGGGGACTC,0,4542380
yahL_predicted,0.125,7,7,CTCACGTATGTTGGCTGATA,0,4528540
yahL_predicted,0.125,7,7,CTATTCGTTAGCGTTTAGTT,0,4524898
yahL_predicted,0.125,7,7,CTATAAGTCGCAGCTGCAGG,0,4513012
yahL_predicted,0.125,7,7,CTATAAGCCACGCATTTAAG,0,4524788
yahL_predicted,0.125,7,7,CTACGAGCCTAACGGCTATA,0,4538228
yahL_predicted,0.125,7,7,CTAATATCAGTAATTCGCTA,0,4522901
yahL_predicted,0.125,7,7,CTAATAAGGGGTATGACTTT,0,4528564
yahL_predicted,0.125,7,7,CTAAGTTACATAGCAAAAGG,0,4534585
yahL_predicted,0.125,7,7,CTAAGCCATGGTCGGCTTAT,0,4532463
yahL_predicted,0.125,7,7,CTAAAGATTGAATCTCCCAT,0,4541459
yahL_predicted,0.125,7,7,CGTTCGGGGTCGTGTTACCC,0,4525149
yahL_predicted,0.125,7,7,CGTTCCAAGTTCATATGCTA,0,4535774
yahL_predicted,0.125,7,7,CGTGTAAGCGTCACCAGTGC,0,4519633
yahL_predicted,0.125,7,7,CGTCGTACGTCTCTCCGTCA,0,4531862
yahL_predicted,0.125,7,7,CGTATGAGAAGTCTGAGGTA,0,4530706
yahL_predicted,0.125,7,7,CGGTTATTGGAATGACGACC,0,4530096
yahL_predicted,0.125,7,7,CGGTGGCTTATAGGGGGTAA,0,4517893
yahL_predicted,0.125,7,7,CGGTGACTGCATTTGTGTTT,0,4535442
yahL_predicted,0.125,7,7,CGGTCATGTCCTTGCTCTTA,0,4539292
yahL_predicted,0.125,7,7,CGGTCAGACCTCAAGGGACA,0,4534173
yahL_predicted,0.125,7,7,CGGTCAAGAGCACTCCGTAC,0,4519958
yahL_predicted,0.125,7,7,CGGGTTGGGGAGTTGTTCTG,0,4526651
yahL_predicted,0.125,7,7,CGGGGTCGAGGTATACAGGT,0,4525592
yahL_predicted,0.125,7,7,CGGGCACCCAGGATGAGCAG,0,4538703
yahL_predicted,0.125,7,7,CGGGAGTATTACTCGTGATC,0,4529781
yahL_predicted,0.125,7,7,CGGCCGCCCTGCCTTGGGGC,0,4524275
yahL_predicted,0.125,7,7,CGGCAGGACCGCACTAAAGG,0,4536651
yahL_predicted,0.125,7,7,CGGAACCGCACCCGACTTGC,0,4520312
yahL_predicted,0.125,7,7,CGCTGCGGAATACGAGCGGA,0,4513939
yahL_predicted,0.125,7,7,CGCTATTCTCCTCCCTGTCT,0,4543087
yahL_predicted,0.125,7,7,CGCGCGAGGCCACTATCATA,0,4522394
yahL_predicted,0.125,7,7,CGCGACATTTTATGTGCTTC,0,4512631
yahL_predicted,0.125,7,7,CGCCACACAAACGCGTTTGA,0,4524175
yahL_predicted,0.125,7,7,CGCATCAGACTCAGCTCGCC,0,4539182
yahL_predicted,0.125,7,7,CGCATATGTTTCTGCGGATC,0,4518414
yahL_predicted,0.125,7,7,CGCAGGGGATGCAGGGACAA,0,4532203
yahL_predicted,0.125,7,7,CGCACTCGTTTTTTAATATA,0,4525461
yahL_predicted,0.125,7,7,CGCAATATGGAACGTACTCT,0,4521772
yahL_predicted,0.125,7,7,CGCAAGTACGTATATGTCTT,0,4541239
yahL_predicted,0.125,7,7,CGCAACTGGTCTGGGGATGT,0,4540996
yahL_predicted,0.125,7,7,CGATCGCTCGACACACGGGG,0,4542864
yahL_predicted,0.125,7,7,CGATCACCTAACCCCTTGCG,0,4514286
yahL_predicted,0.125,7,7,CGAGGGTCGTATGTTAACTC,0,4531409
yahL_predicted,0.125,7,7,CGACTTTGATCGTGTTGCTA,0,4514144
yahL_predicted,0.125,7,7,CGACCCTTGGAAGAGCATAA,0,4529614
yahL_predicted,0.125,7,7,CGAAAAGTCACAAAAGCTAA,0,4530752
yahL_predicted,0.125,7,7,CCTCTGACACACTTAGATAC,0,4524930
yahL_predicted,0.125,7,7,CCGTTCGAACGGCTAAATCG,0,4523669
yahL_predicted,0.125,7,7,CCGTCGCATCCCAAACGGCT,0,4521082
yahL_predicted,0.125,7,7,CCGTAGCCCCCGGTGATGGG,0,4522275
yahL_predicted,0.125,7,7,CCGGTTGAGCCCAGCTGAAG,0,4528909
yahL_predicted,0.125,7,7,CCGGGTCCGACCGCCTCGCA,0,4527359
yahL_predicted,0.125,7,7,CCGGCTCCGAGGTCTCCAGG,0,4515098
yahL_predicted,0.125,7,7,CCGGCCCACCGCACTGACCT,0,4524048
yahL_predicted,0.125,7,7,CCGGCACGTTGGGCTTGTAA,0,4514000
yahL_predicted,0.125,7,7,CCGGATCAGCTGGACTATCA,0,4516665
yahL_predicted,0.125,7,7,CCGCCCTCCACGTACGGTGT,0,4525764
yahL_predicted,0.125,7,7,CCGACGATCTGCCAGGTTCA,0,4520929
yahL_predicted,0.125,7,7,CCGAAAGTGAGGGCTTAAGA,0,4525256
yahL_predicted,0.125,7,7,CCCTGAAAGGTCCCGATGGC,0,4532693
yahL_predicted,0.125,7,7,CCCTCATTAAGACGTTAATT,0,4520339
yahL_predicted,0.125,7,7,CCCGGTGATGTAAGACGTGA,0,4527470
yahL_predicted,0.125,7,7,CCCGGGACGATCCCCGAATT,0,4518099
yahL_predicted,0.125,7,7,CCCGGATCCAAAGGTTAATC,0,4535273
yahL_predicted,0.125,7,7,CCCGCAGCGTCATACCAGTT,0,4524364
yahL_predicted,0.125,7,7,CCCCCTGATAGTGCGTTTGT,0,4540070
yahL_predicted,0.125,7,7,CCCATTGTTAACTTGTAATG,0,4521902
yahL_predicted,0.125,7,7,CCCACACGGGAGTTCGCGTT,0,4540105
yahL_predicted,0.125,7,7,CCCAAACCCCGCGGACAGAA,0,4520834
yahL_predicted,0.125,7,7,CCAGGACAACCTCAGTGTAG,0,4520216
yahL_predicted,0.125,7,7,CCACTCATTGAGTGCACGCA,0,4521148
yahL_predicted,0.125,7,7,CCACTAAACGCAGGCATCAC,0,4540710
yahL_predicted,0.125,7,7,CCACCCAGCAGCTAAGTTTA,0,4518601
yahL_predicted,0.125,7,7,CCAATAGGGTTTGATAAGTC,0,4537514
yahL_predicted,0.125,7,7,CCAAGGGATCGTCGGCTAGC,0,4525795
yahL_predicted,0.125,7,7,CCAACATCGGTGGCCCTCTC,0,4524906
yahL_predicted,0.125,7,7,CATTTACGGACGGGACTCGC,0,4526152
yahL_predicted,0.125,7,7,CATTCCAGTCTTCGCTTCCA,0,4514034
yahL_predicted,0.125,7,7,CATTAATGCCTGAACGTTCA,0,4520543
yahL_predicted,0.125,7,7,CATCGGGAGTAGCCCTATGT,0,4526858
yahL_predicted,0.125,7,7,CATCAGATCAAAGCAAGCCA,0,4534731
yahL_predicted,0.125,7,7,CATATTGCTGCGTACTTCGA,0,4522037
yahL_predicted,0.125,7,7,CATATTCGCGAACTAATGTA,0,4528272
yahL_predicted,0.125,7,7,CAGTGAGCGATAATTTGGGA,0,4516724
yahL_predicted,0.125,7,7,CAGGGGTGTGTATGCATTTG,0,4527606
yahL_predicted,0.125,7,7,CAGGGGTGCGATTCATCCCG,0,4534199
yahL_predicted,0.125,7,7,CAGCTGCCATAACGATTTAG,0,4514803
yahL_predicted,0.125,7,7,CAGCTCCTACGTGCTTGTGC,0,4516997
yahL_predicted,0.125,7,7,CAGCGCGCAGCAATGTCACC,0,4525245
yahL_predicted,0.125,7,7,CAGCGACGGCCTGGGGGCGT,0,4515240
yahL_predicted,0.125,7,7,CAGCGAAAGCCCACAACCCT,0,4540295
yahL_predicted,0.125,7,7,CAGATAGACTGGGGGAGAGC,0,4538852
yahL_predicted,0.125,7,7,CAGAATAGTCGGTGGGGTCA,0,4540641
yahL_predicted,0.125,7,7,CACTCGCTTATGGCGTCCAA,0,4525092
yahL_predicted,0.125,7,7,CACGTTCATTGTATACGATT,0,4538920
yahL_predicted,0.125,7,7,CACCAGACGCGACGAATCGT,0,4542107
yahL_predicted,0.125,7,7,CACATTCCCCACAGTGGTAT,0,4540140
yahL_predicted,0.125,7,7,CACAATCGGTTCCGTGCGAT,0,4520309
yahL_predicted,0.125,7,7,CAAGGGCGCGAAAAGGACCT,0,4522699
yahL_predicted,0.125,7,7,CAAGGATAGTGTGCATCGTT,0,4531944
yahL_predicted,0.125,7,7,CAAGCATGGACTAACGCGTG,0,4539393
yahL_predicted,0.125,7,7,CAAAGGGTGTCGCCCGGGGT,0,4521460
yahL_predicted,0.125,7,7,CAAACGCCAGAGAGGCAATA,0,4525466
yahL_predicted,0.125,7,7,CAAAAGTAAATCGCCCGGGT,0,4540608
yahL_predicted,0.125,7,7,CAAAACGAACATCATTTCCA,0,4528389
yahL_predicted,0.125,7,7,ATTTGTTGCTCGAATTCGGC,0,4515950
yahL_predicted,0.125,7,7,ATTTATTAAGGCGGACTGTT,0,4529085
yahL_predicted,0.125,7,7,ATTGGCCACAACCCATCGGT,0,4512575
yahL_predicted,0.125,7,7,ATTGAGGTGTCGAACGTGTT,0,4529341
yahL_predicted,0.125,7,7,ATTATCGTTGCCGACCTCGA,0,4524011
yahL_predicted,0.125,7,7,ATTAGCCGGGTCTATTCTGC,0,4543912
yahL_predicted,0.125,7,7,ATGTTCTTACTCCAGGCAGC,0,4536670
yahL_predicted,0.125,7,7,ATGTACGCTTTGTGTCATAA,0,4520435
yahL_predicted,0.125,7,7,ATGGCACGCATTGTCACTCT,0,4535139
yahL_predicted,0.125,7,7,ATGATAGGATAGGCGGAGGA,0,4536749
yahL_predicted,0.125,7,7,ATGATAGAGCGGCCCCTTGA,0,4518651
yahL_predicted,0.125,7,7,ATCTCACATGGGTTCCAGTA,0,4521695
yahL_predicted,0.125,7,7,ATCCTTGGGAGATTCCGGGC,0,4543614
yahL_predicted,0.125,7,7,ATCCTCCCGGGACTTCGCTT,0,4525618
yahL_predicted,0.125,7,7,ATCCTAAACCTCTTGCTCCT,0,4522280
yahL_predicted,0.125,7,7,ATCCCGTCGGCCCGGGATGA,0,4517813
yahL_predicted,0.125,7,7,ATCCACAACTGTTTATTAGT,0,4543230
yahL_predicted,0.125,7,7,ATCATACTTGAATGCCTTGA,0,4540225
yahL_predicted,0.125,7,7,ATCAGCATCTCTTTTGGAAC,0,4519186
yahL_predicted,0.125,7,7,ATCAAATCGTACACGGCGTT,0,4514589
yahL_predicted,0.125,7,7,ATATTCGAAGCCTGATACAG,0,4536893
yahL_predicted,0.125,7,7,ATATCGTGATTTCGCACTAA,0,4540490
yahL_predicted,0.125,7,7,ATAGCCTGGCTCGGGACATA,0,4537684
yahL_predicted,0.125,7,7,ATACGCCATATATTGTTCGC,0,4523750
yahL_predicted,0.125,7,7,AGTTAATATTATACCCTTAT,0,4529877
yahL_predicted,0.125,7,7,AGTCTAGGAGGGTCGCTTGT,0,4525471
yahL_predicted,0.125,7,7,AGTCGCCATACGCTTCGTAT,0,4543971
yahL_predicted,0.125,7,7,AGTCCGGATTGGCTATCCGT,0,4535910
yahL_predicted,0.125,7,7,AGTCACGTGATACGTAGGCT,0,4523658
yahL_predicted,0.125,7,7,AGTATATGGCGTTCACTTGC,0,4515119
yahL_predicted,0.125,7,7,AGGTATAGCACATTCAGGCG,0,4539329
yahL_predicted,0.125,7,7,AGGTAAGCTCCAGTCATGTT,0,4527243
yahL_predicted,0.125,7,7,AGGGTTTATACGCGGGTTTT,0,4531924
yahL_predicted,0.125,7,7,AGCTTTTCCTGCCTCAGCAT,0,4533214
yahL_predicted,0.125,7,7,AGCGGAAGTTATACACAAGA,0,4515900
yahL_predicted,0.125,7,7,AGCGCCAGCTACTAGAGTGG,0,4540402
yahL_predicted,0.125,7,7,AGCCCGGTAATCTGCTTAGT,0,4538694
yahL_predicted,0.125,7,7,AGCCAACCGCTGAGTGTGAC,0,4526746
yahL_predicted,0.125,7,7,AGATAGGTGGAACCCATCAT,0,4540353
yahL_predicted,0.125,7,7,AGAGGTAAGGCGGCCCTTGG,0,4514236
yahL_predicted,0.125,7,7,AGAGGGTCTCTGTGTCTCCG,0,4527259
yahL_predicted,0.125,7,7,AGACGCAGCCTAGCTATCCC,0,4542007
yahL_predicted,0.125,7,7,AGACACTCTAGTACTGGACA,0,4513767
yahL_predicted,0.125,7,7,AGAAGATAATACAAGAACGC,0,4516098
yahL_predicted,0.125,7,7,AGAAGAGTCCGGACCCGTTA,0,4514827
yahL_predicted,0.125,7,7,AGAAGAGATCCCGTTGGAAT,0,4521799
yahL_predicted,0.125,7,7,ACTTTGGCACGATTACTGAT,0,4529450
yahL_predicted,0.125,7,7,ACTTTGCACGGGGCAGGTAA,0,4542102
yahL_predicted,0.125,7,7,ACTGGTTTCGGTCGTGGGCT,0,4515057
yahL_predicted,0.125,7,7,ACTGGCGTAGCTTTCCAACG,0,4514829
yahL_predicted,0.125,7,7,ACTCACTAGTGATCCGTACT,0,4537847
yahL_predicted,0.125,7,7,ACTAAGTGCTAGGTTAGGGA,0,4527786
yahL_predicted,0.125,7,7,ACGGTACCGCCGCCATCCGA,0,4537286
yahL_predicted,0.125,7,7,ACGGCCTCCTCGATCTGGTG,0,4518776
yahL_predicted,0.125,7,7,ACGGCCGTACTAAGACTTCA,0,4518799
yahL_predicted,0.125,7,7,ACGGATTTGGCGTTGAAAGT,0,4513610
yahL_predicted,0.125,7,7,ACGATCTAGTTCTTGAACGG,0,4523997
yahL_predicted,0.125,7,7,ACGACTAGGTGGTGTACTAG,0,4523800
yahL_predicted,0.125,7,7,ACGAACTTCCGTTCCGTGGG,0,4537311
yahL_predicted,0.125,7,7,ACCTGAGTACCCGGGGTGGT,0,4520574
yahL_predicted,0.125,7,7,ACCTAATGAGGCCTTACACC,0,4537741
yahL_predicted,0.125,7,7,ACCGGCAAGGTAAGTATGAG,0,4513317
yahL_predicted,0.125,7,7,ACCCTAACCGATACGACTTC,0,4516105
yahL_predicted,0.125,7,7,ACATTGGCCGTCTCCGCGAG,0,4534772
yahL_predicted,0.125,7,7,ACATTAGTATCGCTGTAAAG,0,4528965
yahL_predicted,0.125,7,7,ACATGAACGGAGACTTCGGT,0,4536365
yahL_predicted,0.125,7,7,ACACTTTTACCGTGCCAGTT,0,4531122
yahL_predicted,0.125,7,7,ACACAAGCCTGGGCGACTTG,0,4516406
yahL_predicted,0.125,7,7,AATTCTGCGTACGCCGCTGG,0,4544064
yahL_predicted,0.125,7,7,AATCAGGGCAGAGAGGAGTT,0,4530951
yahL_predicted,0.125,7,7,AATAGTCTAGCTGCTGGCTG,0,4521490
yahL_predicted,0.125,7,7,AATACTTTGCTACGTTTCTC,0,4522654
yahL_predicted,0.125,7,7,AATACCGGTTTTTAGGCGAT,0,4533357
yahL_predicted,0.125,7,7,AAGTTGGGCGGTACGCCGGA,0,4528963
yahL_predicted,0.125,7,7,AAGTTAATATCGGCCATGTA,0,4527358
yahL_predicted,0.125,7,7,AAGGTTTCTTTGTAAACGAT,0,4534376
yahL_predicted,0.125,7,7,AAGGGGTCTCAGCAAAGTGT,0,4539389
yahL_predicted,0.125,7,7,AAGGCTGTGGACGCTATAAA,0,4539985
yahL_predicted,0.125,7,7,AAGGCCAAGCGTTTAGGTAG,0,4519103
yahL_predicted,0.125,7,7,AAGCAGGCGCATTAAGGTGA,0,4529360
yahL_predicted,0.125,7,7,AAGCACTCATATAATCTCCT,0,4532655
yahL_predicted,0.125,7,7,AAGCAATTAATATCTCCGTT,0,4519265
yahL_predicted,0.125,7,7,AAGATGCGCAATCATACGCG,0,4513504
yahL_predicted,0.125,7,7,AACTCTGTACTTGGGGGGGA,0,4517134
yahL_predicted,0.125,7,7,AACGCTGCACTAAACGCGTA,0,4534231
yahL_predicted,0.125,7,7,AACCTCCGGTAAGGACGCTG,0,4527998
yahL_predicted,0.125,7,7,AACCGAGGCCTACGAGGCTT,0,4521848
yahL_predicted,0.125,7,7,AACCATCAGGAGTACCCGGC,0,4515325
yahL_predicted,0.125,7,7,AAAGTCTCGTCACCGTTGGT,0,4530730
yahL_predicted,0.125,7,7,AAAGGGGCTGTACGGCGCAT,0,4513972
yahL_predicted,0.125,7,7,AAAGACGAATGATTCCGGCC,0,4525976
yahL_predicted,0.125,7,7,AAAGACCCCACGTCTGCGAT,0,4524340
yahL_predicted,0.125,7,7,AAACCATAATCGACGATTTG,0,4532320
yahL_predicted,0.125,7,7,AAAACTGTTTCTAACGCAGC,0,4524345
yahL_predicted,0.125,7,7,AAAAACGTTCGATCTGAACT,0,4520624
yahL_predicted,0.14285714285714285,6,6,TTTTTCACATAACGGCAAGA,0,4532613
yahL_predicted,0.14285714285714285,6,6,TTTTGTGCGCAATGCCTGTT,0,4536247
yahL_predicted,0.14285714285714285,6,6,TTTGGTCGCGGGTGTGTTCC,0,4522044
yahL_predicted,0.14285714285714285,6,6,TTTGAACATCGCTCCGTGTC,0,4512766
yahL_predicted,0.14285714285714285,6,6,TTTCCGTGGAAAGGCGTGAA,0,4538178
yahL_predicted,0.14285714285714285,6,6,TTTATGAGTAATCCACATCC,0,4540895
yahL_predicted,0.14285714285714285,6,6,TTTAGTATAGAGGCGAAGAG,0,4521826
yahL_predicted,0.14285714285714285,6,6,TTGTTTTCGAGGCTACAGGA,0,4519982
yahL_predicted,0.14285714285714285,6,6,TTGTGATGGTTGGGCACCAC,0,4522813
yahL_predicted,0.14285714285714285,6,6,TTGTAGATCAGGCCTCCGTC,0,4519995
yahL_predicted,0.14285714285714285,6,6,TTGGGGCAAGTGCCGCGCCC,0,4534533
yahL_predicted,0.14285714285714285,6,6,TTGGGCCTGGGTGGTGCTTA,0,4536232
yahL_predicted,0.14285714285714285,6,6,TTGGACGCCCCAAAGCATGT,0,4527681
yahL_predicted,0.14285714285714285,6,6,TTGGAATGTCCCTAAAATTT,0,4529123
yahL_predicted,0.14285714285714285,6,6,TTGCGCTGAACCCATACTAA,0,4515146
yahL_predicted,0.14285714285714285,6,6,TTGCCTCTACAGACAACAGT,0,4535072
yahL_predicted,0.14285714285714285,6,6,TTGCATGATGCGTAGTGAAC,0,4538896
yahL_predicted,0.14285714285714285,6,6,TTGATGTGCGGACGTCCGCC,0,4516927
yahL_predicted,0.14285714285714285,6,6,TTGACTCGCGCCAGAGGTTA,0,4519877
yahL_predicted,0.14285714285714285,6,6,TTCGTTGGACGGGCTTCTAC,0,4522150
yahL_predicted,0.14285714285714285,6,6,TTCGGTCCTCACCTGCACTA,0,4513326
yahL_predicted,0.14285714285714285,6,6,TTCGGGCAGATCGGAGCATA,0,4538152
yahL_predicted,0.14285714285714285,6,6,TTCGGGAGAAGTGCCGTGGA,0,4532545
yahL_predicted,0.14285714285714285,6,6,TTCGGCTTCCTATAAGGGGT,0,4515055
yahL_predicted,0.14285714285714285,6,6,TTCATGCGAGTATTGCTACA,0,4516901
yahL_predicted,0.14285714285714285,6,6,TTCAGTTCGGTTAGGAGTTT,0,4522222
yahL_predicted,0.14285714285714285,6,6,TTCAGCGCTCATAGAGAAGT,0,4530670
yahL_predicted,0.14285714285714285,6,6,TTCACCCCCTTGCACCATCA,0,4513302
yahL_predicted,0.14285714285714285,6,6,TTCAAGTCTGAGCGCCCCAA,0,4539924
yahL_predicted,0.14285714285714285,6,6,TTATTAACATGGACCGTAAA,0,4540456
yahL_predicted,0.14285714285714285,6,6,TTATCAACGAGGAGGGGCGG,0,4526422
yahL_predicted,0.14285714285714285,6,6,TTATAGGAGTTTCGACCCTA,0,4523206
yahL_predicted,0.14285714285714285,6,6,TTAGAGATACTCAGCCATAG,0,4514106
yahL_predicted,0.14285714285714285,6,6,TTACCCGGCCCGCCCGACGA,0,4540656
yahL_predicted,0.14285714285714285,6,6,TTACATTCTCAATCACCTAA,0,4512510
yahL_predicted,0.14285714285714285,6,6,TGTTTTGCATCAAAACCGAG,0,4525314
yahL_predicted,0.14285714285714285,6,6,TGTTTAAAAGATTCATTTTA,0,4523295
yahL_predicted,0.14285714285714285,6,6,TGTTAACTGGCTCCGAACTG,0,4531949
yahL_predicted,0.14285714285714285,6,6,TGTCGTCCAGTACCTTCTCA,0,4519341
yahL_predicted,0.14285714285714285,6,6,TGTCCTCACCTAAGCGCGAT,0,4513118
yahL_predicted,0.14285714285714285,6,6,TGTCACGTATGACCGTACAG,0,4514038
yahL_predicted,0.14285714285714285,6,6,TGTATAACCGGCACTGCGGA,0,4533630
yahL_predicted,0.14285714285714285,6,6,TGTAGTGGCTCCTGGGTACA,0,4540153
yahL_predicted,0.14285714285714285,6,6,TGTAGCAAGCTCGAGCCTCT,0,4531846
yahL_predicted,0.14285714285714285,6,6,TGTACTAGCTGTCGTATAGA,0,4521972
yahL_predicted,0.14285714285714285,6,6,TGTACAAGAAGGCCGCGTAG,0,4523469
yahL_predicted,0.14285714285714285,6,6,TGGTGTAAAGCGTCTCAGTG,0,4541693
yahL_predicted,0.14285714285714285,6,6,TGGTCACAGCCTTAACGCAT,0,4528328
yahL_predicted,0.14285714285714285,6,6,TGGGGGCTCATTGGCCGCAA,0,4544276
yahL_predicted,0.14285714285714285,6,6,TGGGCTTTGGTTGGATGAGG,0,4533074
yahL_predicted,0.14285714285714285,6,6,TGGAGAATTGCATCTACGGT,0,4538010
yahL_predicted,0.14285714285714285,6,6,TGGAAGTCACCAGAACCTGA,0,4526466
yahL_predicted,0.14285714285714285,6,6,TGCTTGCATTTCGCATTGTA,0,4526489
yahL_predicted,0.14285714285714285,6,6,TGCTCACTTTTCCCGGGGGA,0,4531468
yahL_predicted,0.14285714285714285,6,6,TGCATTCATTTAGAGAGCCA,0,4522704
yahL_predicted,0.14285714285714285,6,6,TGCAATGACATACCCCTAGT,0,4529656
yahL_predicted,0.14285714285714285,6,6,TGATTTTGTCGATTGCGAAT,0,4520382
yahL_predicted,0.14285714285714285,6,6,TGATTGTACCTATCCGCGCA,0,4526579
yahL_predicted,0.14285714285714285,6,6,TGATCTTCCTCCCGTCGATA,0,4516938
yahL_predicted,0.14285714285714285,6,6,TGAGTATTCGGATTATCGTA,0,4534962
yahL_predicted,0.14285714285714285,6,6,TGAGCTTACCCCTCGTGAAA,0,4514029
yahL_predicted,0.14285714285714285,6,6,TGAGCTGAATATCGGCTGAA,0,4520838
yahL_predicted,0.14285714285714285,6,6,TGAGCATTTTTTGAGATACT,0,4526576
yahL_predicted,0.14285714285714285,6,6,TGACTGCGTTGGATTTAGGC,0,4541748
yahL_predicted,0.14285714285714285,6,6,TGACGCACGTATACGTGTTC,0,4532811
yahL_predicted,0.14285714285714285,6,6,TGACACTGTTCCGGACGAAG,0,4535114
yahL_predicted,0.14285714285714285,6,6,TGAAGCATTAGAACAGAGCT,0,4522434
yahL_predicted,0.14285714285714285,6,6,TGAAAATGGAGGCGCGGTGC,0,4516082
yahL_predicted,0.14285714285714285,6,6,TCTTCACAAACTTACCCAAT,0,4525119
yahL_predicted,0.14285714285714285,6,6,TCTGTAAAGATGAAGAGCTA,0,4514477
yahL_predicted,0.14285714285714285,6,6,TCTGAGCGGGATATCGCGGG,0,4514160
yahL_predicted,0.14285714285714285,6,6,TCTCGCGATAGCGTCGTCCT,0,4542105
yahL_predicted,0.14285714285714285,6,6,TCTCCACCGAGGACCGGTCT,0,4535794
yahL_predicted,0.14285714285714285,6,6,TCTCAGCCCGTTTGCGGGTA,0,4535367
yahL_predicted,0.14285714285714285,6,6,TCTACACGAACGGCTATGCA,0,4536447
yahL_predicted,0.14285714285714285,6,6,TCGTGGCCCTGGACCAGTTT,0,4537446
yahL_predicted,0.14285714285714285,6,6,TCGTCAGCGGCGCATCCGGG,0,4538471
yahL_predicted,0.14285714285714285,6,6,TCGGGCATATGTGAGGATTC,0,4516710
yahL_predicted,0.14285714285714285,6,6,TCGGCGTGACCGGCAGGTTA,0,4526438
yahL_predicted,0.14285714285714285,6,6,TCGGCATGTACGTAGAGTCT,0,4525711
yahL_predicted,0.14285714285714285,6,6,TCGGAGGACTCCGGCCTCAA,0,4514269
yahL_predicted,0.14285714285714285,6,6,TCGCGCCACGCCTTGTTAGG,0,4517354
yahL_predicted,0.14285714285714285,6,6,TCGCCGGTCCTGGGAAACTC,0,4526352
yahL_predicted,0.14285714285714285,6,6,TCGAACCCGTAGTCGTTGAT,0,4518063
yahL_predicted,0.14285714285714285,6,6,TCCTTGGGTTTGAGACGATT,0,4513892
yahL_predicted,0.14285714285714285,6,6,TCCTCCGGTGCGCGACGTTT,0,4539387
yahL_predicted,0.14285714285714285,6,6,TCCTATCGCCTACAAGCGAT,0,4517570
yahL_predicted,0.14285714285714285,6,6,TCCGGACTTGTAAACAAGCT,0,4525643
yahL_predicted,0.14285714285714285,6,6,TCCGGAAGAGGATCACGAAG,0,4535011
yahL_predicted,0.14285714285714285,6,6,TCCCGTTAATGGAGTGAGTT,0,4525141
yahL_predicted,0.14285714285714285,6,6,TCCCGAAATGAATTGGTACC,0,4526908
yahL_predicted,0.14285714285714285,6,6,TCCAGCACTGCTTCCTGGAT,0,4525682
yahL_predicted,0.14285714285714285,6,6,TCCACTGTCGCTTTGGGGAT,0,4517429
yahL_predicted,0.14285714285714285,6,6,TCATCCTCAACCCAACAACT,0,4516076
yahL_predicted,0.14285714285714285,6,6,TCATAGAGCATCTTCCTGCA,0,4518351
yahL_predicted,0.14285714285714285,6,6,TCAGTGAAGTTGTCACGCCA,0,4537156
yahL_predicted,0.14285714285714285,6,6,TCAGAATTTAGAATAAGTTA,0,4513133
yahL_predicted,0.14285714285714285,6,6,TCAGAATACGCGATTGCTGG,0,4521738
yahL_predicted,0.14285714285714285,6,6,TCACGTCCGATTAATCGAAA,0,4527447
yahL_predicted,0.14285714285714285,6,6,TCACGTCAGAAGTCTGCGTC,0,4519017
yahL_predicted,0.14285714285714285,6,6,TCACGCTATTCACGTGGTTG,0,4535470
yahL_predicted,0.14285714285714285,6,6,TCACCGGACCCGCATCGATG,0,4514587
yahL_predicted,0.14285714285714285,6,6,TCACAGTTCGATCTCTAATC,0,4536673
yahL_predicted,0.14285714285714285,6,6,TCACAGTTAATCTTAGACAG,0,4522273
yahL_predicted,0.14285714285714285,6,6,TCAAAAGGCTGTCCCCAAAG,0,4524199
yahL_predicted,0.14285714285714285,6,6,TATTTTATAGAATGCGTTAG,0,4539388
yahL_predicted,0.14285714285714285,6,6,TATTAAACAACATTTGGCAG,0,4522043
yahL_predicted,0.14285714285714285,6,6,TATGGCCAGACGGTATTCTC,0,4522356
yahL_predicted,0.14285714285714285,6,6,TATGATAACACGGCTTGCAG,0,4531843
yahL_predicted,0.14285714285714285,6,6,TATCTAGATCAACCGTGGGT,0,4518458
yahL_predicted,0.14285714285714285,6,6,TATCGAGCTACTCTGTTCGA,0,4530553
yahL_predicted,0.14285714285714285,6,6,TATAAATTGCAATAAGCAGC,0,4537425
yahL_predicted,0.14285714285714285,6,6,TAGTCAATGGTGAAGCCGCA,0,4524593
yahL_predicted,0.14285714285714285,6,6,TAGGACCCTTGCACTCCATA,0,4543922
yahL_predicted,0.14285714285714285,6,6,TAGGACAAGGAACATTACTC,0,4531162
yahL_predicted,0.14285714285714285,6,6,TAGAGCAGAGTTCACGGGTC,0,4524741
yahL_predicted,0.14285714285714285,6,6,TACTTCATACCAAAGGCAAA,0,4541282
yahL_predicted,0.14285714285714285,6,6,TACGTACCTATGTACGAGAT,0,4531271
yahL_predicted,0.14285714285714285,6,6,TACGGTTTCAAGACCGGACA,0,4519118
yahL_predicted,0.14285714285714285,6,6,TACGGTTGAGATCCCCACAG,0,4517299
yahL_predicted,0.14285714285714285,6,6,TACGCGGAAATACCAACACC,0,4530405
yahL_predicted,0.14285714285714285,6,6,TACCCAGTCGTAACCTAACT,0,4528976
yahL_predicted,0.14285714285714285,6,6,TACCAACGTTCCCTAAGTAA,0,4519078
yahL_predicted,0.14285714285714285,6,6,TACAGCGAAAGTACCGGCGA,0,4537581
yahL_predicted,0.14285714285714285,6,6,TACAAGGACGTTAGCCGTCC,0,4515452
yahL_predicted,0.14285714285714285,6,6,TAATCCAGTTACTCCTTCCA,0,4518263
yahL_predicted,0.14285714285714285,6,6,TAAGTTCGTGGCGTCAGAAC,0,4543556
yahL_predicted,0.14285714285714285,6,6,TAAGTATGCATAGTAACAGT,0,4535376
yahL_predicted,0.14285714285714285,6,6,TAAGGTGATCATTCTCGGCA,0,4513229
yahL_predicted,0.14285714285714285,6,6,TAAGGATGCTTTCGGCGATA,0,4522338
yahL_predicted,0.14285714285714285,6,6,TAAGCGGGATTTTAAGACCA,0,4540850
yahL_predicted,0.14285714285714285,6,6,TAACGAGGCATGGGCAGAGC,0,4523828
yahL_predicted,0.14285714285714285,6,6,TAAATTTTGGCCATACGGCA,0,4539277
yahL_predicted,0.14285714285714285,6,6,TAAAGCTAAGCACGTCGTTG,0,4531292
yahL_predicted,0.14285714285714285,6,6,TAAACTTCGGACAGAATGTG,0,4525517
yahL_predicted,0.14285714285714285,6,6,GTTGTTTGAGTCGGTAGGTG,0,4529749
yahL_predicted,0.14285714285714285,6,6,GTTCGAGGCTGCAGACCTAA,0,4523078
yahL_predicted,0.14285714285714285,6,6,GTTCACAAGCGTTAAATCGT,0,4542448
yahL_predicted,0.14285714285714285,6,6,GTTCAAGAATCGACGGGCAG,0,4531657
yahL_predicted,0.14285714285714285,6,6,GTGTTTCTGCAATGCCATAG,0,4515809
yahL_predicted,0.14285714285714285,6,6,GTGTTTATACCGCCAGCGGA,0,4521010
yahL_predicted,0.14285714285714285,6,6,GTGTACGAAGTGAAGTAATC,0,4531559
yahL_predicted,0.14285714285714285,6,6,GTGGGCGCGGCGTGGGGCAA,0,4526741
yahL_predicted,0.14285714285714285,6,6,GTGATTAGGGGAACAGCTAT,0,4524344
yahL_predicted,0.14285714285714285,6,6,GTGATAATAACGACTTATAC,0,4529834
yahL_predicted,0.14285714285714285,6,6,GTGAACGTGGATAGGTCCTT,0,4535633
yahL_predicted,0.14285714285714285,6,6,GTCTATCAGCCAATGTTTTG,0,4523399
yahL_predicted,0.14285714285714285,6,6,GTCGTCTCTTGGACAAAAAT,0,4526508
yahL_predicted,0.14285714285714285,6,6,GTCGTCTAGAAGGCTATGAA,0,4526421
yahL_predicted,0.14285714285714285,6,6,GTCGGATAGAACCCGGTCTA,0,4531057
yahL_predicted,0.14285714285714285,6,6,GTCCGCAACATCTGACCGTA,0,4516061
yahL_predicted,0.14285714285714285,6,6,GTCCCGAGCCAGTCGATGGA,0,4529533
yahL_predicted,0.14285714285714285,6,6,GTCCATGCCCGGGTATCGGT,0,4526661
yahL_predicted,0.14285714285714285,6,6,GTCCATAGGTAACGACTACC,0,4523048
yahL_predicted,0.14285714285714285,6,6,GTCATATTAGATTTGTCTGT,0,4530922
yahL_predicted,0.14285714285714285,6,6,GTCAGAATCTAAACAGCGTC,0,4538512
yahL_predicted,0.14285714285714285,6,6,GTCACGCAAATAAATGTACA,0,4536921
yahL_predicted,0.14285714285714285,6,6,GTCAAGCGGCAGTTCTGCGT,0,4518910
yahL_predicted,0.14285714285714285,6,6,GTATTGTTAGACGTTGGCAG,0,4531066
yahL_predicted,0.14285714285714285,6,6,GTATTCTTGTTTCAGCTCGA,0,4530280
yahL_predicted,0.14285714285714285,6,6,GTATGTTGTTTCATGCTGAC,0,4533072
yahL_predicted,0.14285714285714285,6,6,GTAGCGCTTGCCCTTAGTTG,0,4534449
yahL_predicted,0.14285714285714285,6,6,GTAGCACAGGAAGTTCCACC,0,4514055
yahL_predicted,0.14285714285714285,6,6,GTACGACTAAAGCTCACGAA,0,4521215
yahL_predicted,0.14285714285714285,6,6,GTACAATCTTCCCAAGGGCA,0,4525451
yahL_predicted,0.14285714285714285,6,6,GTAAGGGCTTTTTCTTCTGA,0,4524651
yahL_predicted,0.14285714285714285,6,6,GTAAATGTAGACCGTGGATA,0,4512758
yahL_predicted,0.14285714285714285,6,6,GGTTCCGCACGAGGGACAAG,0,4523343
yahL_predicted,0.14285714285714285,6,6,GGTTACAAATGGCGAGCTCC,0,4532733
yahL_predicted,0.14285714285714285,6,6,GGTGTAGCCGTCTGCGTTTG,0,4514765
yahL_predicted,0.14285714285714285,6,6,GGTGAGACCTCTGCTCTCTG,0,4519096
yahL_predicted,0.14285714285714285,6,6,GGTGAACGTGACAGGGCGTT,0,4531753
yahL_predicted,0.14285714285714285,6,6,GGTCCTTCATACGTTTTGGA,0,4516668
yahL_predicted,0.14285714285714285,6,6,GGTCAATACCGATCGCCATA,0,4519138
yahL_predicted,0.14285714285714285,6,6,GGTCAATAACGACTTTGTAA,0,4535678
yahL_predicted,0.14285714285714285,6,6,GGTATATCTTCACCTGAGCA,0,4537469
yahL_predicted,0.14285714285714285,6,6,GGTAATTCTTATGGGGTTCA,0,4519176
yahL_predicted,0.14285714285714285,6,6,GGGTTCCAATAACGTTAGGC,0,4531661
yahL_predicted,0.14285714285714285,6,6,GGGTGCCGGCAACCAGGGTT,0,4542071
yahL_predicted,0.14285714285714285,6,6,GGGGTCTTACGGCCCTCGTG,0,4529102
yahL_predicted,0.14285714285714285,6,6,GGGGGCAAAAGTTCAGGATC,0,4530162
yahL_predicted,0.14285714285714285,6,6,GGGGACATACATTTATATGG,0,4518647
yahL_predicted,0.14285714285714285,6,6,GGGCTTACGGTTCCAACAAG,0,4520795
yahL_predicted,0.14285714285714285,6,6,GGGCTGGATTTTCGCGGGCT,0,4513733
yahL_predicted,0.14285714285714285,6,6,GGGCTCAACTAGCATACTTA,0,4517442
yahL_predicted,0.14285714285714285,6,6,GGGACGATCTCTGGGAGCGT,0,4514615
yahL_predicted,0.14285714285714285,6,6,GGCGGGCTTTTGAAGTTATC,0,4540137
yahL_predicted,0.14285714285714285,6,6,GGCGGCGTTGCCCACGCAGT,0,4531772
yahL_predicted,0.14285714285714285,6,6,GGCGGAACCCTTATGTGTTA,0,4544105
yahL_predicted,0.14285714285714285,6,6,GGCCGGCAGGCTCTGGGTGG,0,4541477
yahL_predicted,0.14285714285714285,6,6,GGCCCGTTATCTAGTTACTT,0,4538690
yahL_predicted,0.14285714285714285,6,6,GGCCCCCAAAAGCGAGGAAA,0,4515470
yahL_predicted,0.14285714285714285,6,6,GGCCAGGCGCACCTGACTTG,0,4541575
yahL_predicted,0.14285714285714285,6,6,GGCAACTAGACATTGTGTTA,0,4519692
yahL_predicted,0.14285714285714285,6,6,GGATGCAATGCGTAGGCATG,0,4538987
yahL_predicted,0.14285714285714285,6,6,GGATCCCTGTGAGTTGGTCC,0,4529979
yahL_predicted,0.14285714285714285,6,6,GGAGGAACCGGAAAGTCACA,0,4513748
yahL_predicted,0.14285714285714285,6,6,GGAGCTAAACTGGCTCAAAA,0,4534868
yahL_predicted,0.14285714285714285,6,6,GGACTCACCTTGGGCAGTAT,0,4538255
yahL_predicted,0.14285714285714285,6,6,GGACGCTGCACACACCGAAT,0,4528489
yahL_predicted,0.14285714285714285,6,6,GGACCGTAGTCCCAGAGATC,0,4520544
yahL_predicted,0.14285714285714285,6,6,GGAAGCCGCAAGAGCACCAC,0,4519667
yahL_predicted,0.14285714285714285,6,6,GCTTGGCCTCTATGCGTGAT,0,4541981
yahL_predicted,0.14285714285714285,6,6,GCTGGATTGGGCATAAGTAA,0,4540748
yahL_predicted,0.14285714285714285,6,6,GCTAGCTCATAAGTCGTGTC,0,4539015
yahL_predicted,0.14285714285714285,6,6,GCTAGCCAGACGCACAGTGT,0,4515936
yahL_predicted,0.14285714285714285,6,6,GCTAGACCGGCTTAGGACAC,0,4513660
yahL_predicted,0.14285714285714285,6,6,GCTACTACGGCGCGATCAAG,0,4539931
yahL_predicted,0.14285714285714285,6,6,GCGTTTACAGACATTTATCG,0,4525929
yahL_predicted,0.14285714285714285,6,6,GCGTGATTCTCTGGGAAATA,0,4527019
yahL_predicted,0.14285714285714285,6,6,GCGGTCCAAAGCAGAACCCC,0,4525947
yahL_predicted,0.14285714285714285,6,6,GCGGTATGTATAAACTGCGT,0,4539771
yahL_predicted,0.14285714285714285,6,6,GCGGAATGGACTGGTACCAC,0,4536974
yahL_predicted,0.14285714285714285,6,6,GCGCTGCCTATATGATTTAT,0,4525830
yahL_predicted,0.14285714285714285,6,6,GCGCAAAACACGAGCCCCAC,0,4532629
yahL_predicted,0.14285714285714285,6,6,GCGATTATCATCAGAATCAT,0,4538638
yahL_predicted,0.14285714285714285,6,6,GCCTTCATCTAATTGCCACT,0,4523929
yahL_predicted,0.14285714285714285,6,6,GCCTGGGGGGACATTTGACA,0,4513054
yahL_predicted,0.14285714285714285,6,6,GCCTGGAGCTGCACCTACTT,0,4530368
yahL_predicted,0.14285714285714285,6,6,GCCGTTCCGTGGGACCGAGC,0,4524165
yahL_predicted,0.14285714285714285,6,6,GCCGCAGTGTGAGCGATGGC,0,4533181
yahL_predicted,0.14285714285714285,6,6,GCCCCGAGCCTTTAATTCAA,0,4522734
yahL_predicted,0.14285714285714285,6,6,GCCCATCTTAGGACCTCCCG,0,4524685
yahL_predicted,0.14285714285714285,6,6,GCCATGCCGTATCCGGCCGG,0,4536656
yahL_predicted,0.14285714285714285,6,6,GCAGTGTTATCGTGTGCTGA,0,4517539
yahL_predicted,0.14285714285714285,6,6,GCAGCGCGTGAATGAAAGCA,0,4539616
yahL_predicted,0.14285714285714285,6,6,GCAGCCAAGCGTGGCGTTCA,0,4515579
yahL_predicted,0.14285714285714285,6,6,GCAGCACACATAGACCCTCG,0,4530486
yahL_predicted,0.14285714285714285,6,6,GCACTCTCCCTTAGCCTTAG,0,4522344
yahL_predicted,0.14285714285714285,6,6,GCAAGCCACGTGTTTTATAG,0,4521602
yahL_predicted,0.14285714285714285,6,6,GCAAAGATCGCGCTTATAGG,0,4515760
yahL_predicted,0.14285714285714285,6,6,GATTCAACGGGTCCGCGATT,0,4541402
yahL_predicted,0.14285714285714285,6,6,GATGGTGTCCTTTGCGGTAG,0,4530597
yahL_predicted,0.14285714285714285,6,6,GATGCGATTAGATCCGGCGC,0,4516005
yahL_predicted,0.14285714285714285,6,6,GATGCCGTCCACGTGCCTTT,0,4526593
yahL_predicted,0.14285714285714285,6,6,GATCTACCCTTTGGGAACGT,0,4535058
yahL_predicted,0.14285714285714285,6,6,GATCGGGACAATACCAACAA,0,4541658
yahL_predicted,0.14285714285714285,6,6,GATACGTGATCCGCCATGCA,0,4536860
yahL_predicted,0.14285714285714285,6,6,GAGGTGAACTACGATCTCGG,0,4516596
yahL_predicted,0.14285714285714285,6,6,GAGGGGTGTCCTTTTAGCGA,0,4528858
yahL_predicted,0.14285714285714285,6,6,GAGGAATAGGCCAAGTACGT,0,4544081
yahL_predicted,0.14285714285714285,6,6,GAGCCGCTCGAGCGACGTCT,0,4539554
yahL_predicted,0.14285714285714285,6,6,GAGATTTGAATACAGGAGAC,0,4512857
yahL_predicted,0.14285714285714285,6,6,GAGATGTGTTTTTAATTATA,0,4519008
yahL_predicted,0.14285714285714285,6,6,GACGGCGCGTACCGACACAA,0,4519810
yahL_predicted,0.14285714285714285,6,6,GACGGAGAGACTGATAATGG,0,4542843
yahL_predicted,0.14285714285714285,6,6,GACGCCTCACCCCGGTATCA,0,4528202
yahL_predicted,0.14285714285714285,6,6,GACGCCAACCTGTCTCTTAA,0,4537785
yahL_predicted,0.14285714285714285,6,6,GACCTATACACACCAGTCGA,0,4517263
yahL_predicted,0.14285714285714285,6,6,GACCATGCTGGAACCCGACG,0,4532466
yahL_predicted,0.14285714285714285,6,6,GACCAGGGCTACCGAACGCG,0,4525838
yahL_predicted,0.14285714285714285,6,6,GACATCAACCGTGTCGATCT,0,4527040
yahL_predicted,0.14285714285714285,6,6,GACAAGAATTAGGAAATTTA,0,4527845
yahL_predicted,0.14285714285714285,6,6,GAATTCTCCGAAATTGACGG,0,4514623
yahL_predicted,0.14285714285714285,6,6,GAATTCGACTACTCACTCAT,0,4523643
yahL_predicted,0.14285714285714285,6,6,GAAGCGATCAGCTAGCGTGC,0,4521613
yahL_predicted,0.14285714285714285,6,6,GAAGATAGAAGATGCTGCTT,0,4517902
yahL_predicted,0.14285714285714285,6,6,GAACGCGGCCCCAGAAATAT,0,4524481
yahL_predicted,0.14285714285714285,6,6,GAACATGGGGCCGTACCGGT,0,4541936
yahL_predicted,0.14285714285714285,6,6,GAAACTGGGACCTGATCCGC,0,4516001
yahL_predicted,0.14285714285714285,6,6,GAAACTGCCGACATTACAGT,0,4541572
yahL_predicted,0.14285714285714285,6,6,CTTTTTCGTATGTTTAGGAA,0,4515969
yahL_predicted,0.14285714285714285,6,6,CTTTGAGCGTGGTGAGGCTG,0,4530718
yahL_predicted,0.14285714285714285,6,6,CTTGTTGTAGAGAGCGTTCT,0,4537466
yahL_predicted,0.14285714285714285,6,6,CTTGTTACTCGCATGAACTT,0,4519210
yahL_predicted,0.14285714285714285,6,6,CTTGGCGCTGGAAGGGATGA,0,4527648
yahL_predicted,0.14285714285714285,6,6,CTTCTACGCGCTCCAAAGCA,0,4540432
yahL_predicted,0.14285714285714285,6,6,CTTCGCTCCTTACTGCCAGG,0,4520098
yahL_predicted,0.14285714285714285,6,6,CTTCGAATGGACTAATGTCA,0,4519399
yahL_predicted,0.14285714285714285,6,6,CTTCCCATACTTACTAGCTA,0,4519775
yahL_predicted,0.14285714285714285,6,6,CTTCAGCTACCGTTGTTTCC,0,4524815
yahL_predicted,0.14285714285714285,6,6,CTTAGCTAGGTCCATCGCGA,0,4516101
yahL_predicted,0.14285714285714285,6,6,CTTACGCTGGTATCGGACCT,0,4516737
yahL_predicted,0.14285714285714285,6,6,CTGTTAAACATTAAAAAGGT,0,4515863
yahL_predicted,0.14285714285714285,6,6,CTGTCTAGCCTATGCATTCT,0,4537720
yahL_predicted,0.14285714285714285,6,6,CTGTCCTTAACGATCTCGCG,0,4529288
yahL_predicted,0.14285714285714285,6,6,CTGTCAGTATGGAGCACGCC,0,4536064
yahL_predicted,0.14285714285714285,6,6,CTGTACAGCAAATTTGGCAG,0,4522168
yahL_predicted,0.14285714285714285,6,6,CTGGTTAGGGGCGGCACTAT,0,4543297
yahL_predicted,0.14285714285714285,6,6,CTGGGTAGGACGACGCGGTT,0,4533017
yahL_predicted,0.14285714285714285,6,6,CTGGGTACGTGGCGCCGAGT,0,4531439
yahL_predicted,0.14285714285714285,6,6,CTGGAAGCCTACTTCTAGGG,0,4517973
yahL_predicted,0.14285714285714285,6,6,CTGCCTTTGCGCAAAAAGTT,0,4532205
yahL_predicted,0.14285714285714285,6,6,CTGCCGACGATACAGCAGTG,0,4513739
yahL_predicted,0.14285714285714285,6,6,CTGACCGGAGTACCAATTGT,0,4514100
yahL_predicted,0.14285714285714285,6,6,CTCTTGTGAGAGGTCGGCGC,0,4519035
yahL_predicted,0.14285714285714285,6,6,CTCTGCCGTGCCCGTTCTCT,0,4512371
yahL_predicted,0.14285714285714285,6,6,CTCTCCACGTAGGCCGAGTA,0,4532073
yahL_predicted,0.14285714285714285,6,6,CTCGACTCGACGTTTACATT,0,4532111
yahL_predicted,0.14285714285714285,6,6,CTCCTCTACAGCGCGTGATT,0,4521520
yahL_predicted,0.14285714285714285,6,6,CTCCCTACTCCCGTTTCCAG,0,4534982
yahL_predicted,0.14285714285714285,6,6,CTCCCCCGGATGACCGATTT,0,4535545
yahL_predicted,0.14285714285714285,6,6,CTCCAATTGAATTCCCTCAG,0,4521401
yahL_predicted,0.14285714285714285,6,6,CTCATTGTGCATGGTGGGTT,0,4535458
yahL_predicted,0.14285714285714285,6,6,CTCAGCATAAGGGGGTTTGA,0,4526544
yahL_predicted,0.14285714285714285,6,6,CTCACGCCTTGGCGTAGCCG,0,4534691
yahL_predicted,0.14285714285714285,6,6,CTCAATATCGCGTGAGTCAA,0,4520474
yahL_predicted,0.14285714285714285,6,6,CTATTGACGAGATTACCGTA,0,4513075
yahL_predicted,0.14285714285714285,6,6,CTATGGTACGGAGATGACGT,0,4540872
yahL_predicted,0.14285714285714285,6,6,CTATCATGGGCTCATCGAGT,0,4538837
yahL_predicted,0.14285714285714285,6,6,CTAGTTTGCCTCTCTGGGTA,0,4535896
yahL_predicted,0.14285714285714285,6,6,CTAGGGCGTGGTCCTGAGAC,0,4523273
yahL_predicted,0.14285714285714285,6,6,CTAGGCGACGCTCCCTCCTG,0,4534151
yahL_predicted,0.14285714285714285,6,6,CTACGTACCACAAACATCCG,0,4542103
yahL_predicted,0.14285714285714285,6,6,CTACGCGCTAAACAGCACCT,0,4516194
yahL_predicted,0.14285714285714285,6,6,CTAACGTTTAACTCCGGGCA,0,4539646
yahL_predicted,0.14285714285714285,6,6,CTAAATCGGGATCTCTGTAA,0,4528902
yahL_predicted,0.14285714285714285,6,6,CGTTGTGCCACAAGACTCTG,0,4518312
yahL_predicted,0.14285714285714285,6,6,CGTTCGGCCGTAACGGGGTT,0,4532321
yahL_predicted,0.14285714285714285,6,6,CGTGCGGCTATCGGGGCGGG,0,4513235
yahL_predicted,0.14285714285714285,6,6,CGTCGTACGAAGAGCCAATA,0,4516440
yahL_predicted,0.14285714285714285,6,6,CGTCGAAGCGCAGCCCCTAT,0,4526391
yahL_predicted,0.14285714285714285,6,6,CGTCAGCACTGTTAGCATCC,0,4525449
yahL_predicted,0.14285714285714285,6,6,CGTATAGATACGGAAACAGT,0,4516648
yahL_predicted,0.14285714285714285,6,6,CGGTCTGCTGTTGTAATAAT,0,4530141
yahL_predicted,0.14285714285714285,6,6,CGGTCCGTCTACAATTTATT,0,4540646
yahL_predicted,0.14285714285714285,6,6,CGGGCCGCATCCGCATCAAA,0,4517273
yahL_predicted,0.14285714285714285,6,6,CGGGAGATGAACATGTCTTT,0,4532622
yahL_predicted,0.14285714285714285,6,6,CGGCCGGACGCGGTTTGGTG,0,4538741
yahL_predicted,0.14285714285714285,6,6,CGGACGGGTACAGACAGATC,0,4517569
yahL_predicted,0.14285714285714285,6,6,CGCTTTCCGGTTAATAGCTG,0,4523286
yahL_predicted,0.14285714285714285,6,6,CGCTGGCAGTACGGGAATAT,0,4540736
yahL_predicted,0.14285714285714285,6,6,CGCTATTCTGACATTTATAT,0,4513123
yahL_predicted,0.14285714285714285,6,6,CGCGGTATAAAACAGATGTT,0,4527262
yahL_predicted,0.14285714285714285,6,6,CGCGGATCCGCCACAACGGC,0,4524508
yahL_predicted,0.14285714285714285,6,6,CGCGCTCGGTCCGAGCTGTT,0,4536732
yahL_predicted,0.14285714285714285,6,6,CGCGCCTAGTTGTACTGAGA,0,4527890
yahL_predicted,0.14285714285714285,6,6,CGCGATCCCGGCTGCAGTTA,0,4543528
yahL_predicted,0.14285714285714285,6,6,CGCCGGAGATGGGATGCGCG,0,4512666
yahL_predicted,0.14285714285714285,6,6,CGCCCTCGCGATAGGTTAGC,0,4540969
yahL_predicted,0.14285714285714285,6,6,CGCAAGTATACAGCCGGCAA,0,4541363
yahL_predicted,0.14285714285714285,6,6,CGATTTAACTTATTTACTAA,0,4544032
yahL_predicted,0.14285714285714285,6,6,CGATTGGAATCTACGGAATT,0,4517374
yahL_predicted,0.14285714285714285,6,6,CGATGCCGGCCAAACTCGGA,0,4542413
yahL_predicted,0.14285714285714285,6,6,CGATGAGCGTACCTGGTCCG,0,4512699
yahL_predicted,0.14285714285714285,6,6,CGAGTGCGCTCGAGCCCGCT,0,4539335
yahL_predicted,0.14285714285714285,6,6,CGAGCACGATATTGGGCTGA,0,4532071
yahL_predicted,0.14285714285714285,6,6,CGACGAACACGGAGTCGTGC,0,4538884
yahL_predicted,0.14285714285714285,6,6,CGAATTTTGTGGGGAGTCTT,0,4532602
yahL_predicted,0.14285714285714285,6,6,CCTTGTGCTTCTAGTCCCTC,0,4529857
yahL_predicted,0.14285714285714285,6,6,CCTTGATTTTGACTTAACCA,0,4527981
yahL_predicted,0.14285714285714285,6,6,CCTTCTCGGCCTTTTCAAGA,0,4544016
yahL_predicted,0.14285714285714285,6,6,CCTGTGAAATAACCATTCAA,0,4520780
yahL_predicted,0.14285714285714285,6,6,CCTGTCTTTAAGCTTTGAGG,0,4534736
yahL_predicted,0.14285714285714285,6,6,CCTCTTTTCTCTTGACAACA,0,4531979
yahL_predicted,0.14285714285714285,6,6,CCTCTAATGACAGGATTACT,0,4523022
yahL_predicted,0.14285714285714285,6,6,CCTCCTTTCAAATTAACGAC,0,4536105
yahL_predicted,0.14285714285714285,6,6,CCTATTGCGGATCTGAGAAA,0,4540525
yahL_predicted,0.14285714285714285,6,6,CCTATGGCGTTTATTCTGGT,0,4541415
yahL_predicted,0.14285714285714285,6,6,CCGTTGCAAACGGAACGGTC,0,4540715
yahL_predicted,0.14285714285714285,6,6,CCGTTCAACTCGGCCGTATT,0,4526917
yahL_predicted,0.14285714285714285,6,6,CCGTAGGGGTTCCTGGATAG,0,4532872
yahL_predicted,0.14285714285714285,6,6,CCGGCGAGTCGATTTCGGCT,0,4539078
yahL_predicted,0.14285714285714285,6,6,CCGGCAGCTCCGATAACTTG,0,4519566
yahL_predicted,0.14285714285714285,6,6,CCGGAGTTATGAATTGTGAA,0,4519318
yahL_predicted,0.14285714285714285,6,6,CCGCGTCGTCACCTCGTGGA,0,4531124
yahL_predicted,0.14285714285714285,6,6,CCGCGGGCTTGATGTCTCTC,0,4515701
yahL_predicted,0.14285714285714285,6,6,CCGCCCACCTATTGGTCATG,0,4538876
yahL_predicted,0.14285714285714285,6,6,CCGCAGACTGATCCAGACGC,0,4521898
yahL_predicted,0.14285714285714285,6,6,CCCTTTTAGCACGCACGGGA,0,4513893
yahL_predicted,0.14285714285714285,6,6,CCCTACTTCGTTGTTCGCAG,0,4531000
yahL_predicted,0.14285714285714285,6,6,CCCGTAGAGTGAGATAGATG,0,4522069
yahL_predicted,0.14285714285714285,6,6,CCCGTACCGGGAACTAGGCT,0,4532967
yahL_predicted,0.14285714285714285,6,6,CCCGGGTATATACATAAGGG,0,4539661
yahL_predicted,0.14285714285714285,6,6,CCCGACTAGCGTGGACTCAT,0,4527423
yahL_predicted,0.14285714285714285,6,6,CCCCTCCTAGCTGTGCAGTG,0,4530994
yahL_predicted,0.14285714285714285,6,6,CCCCCTGATTATTTCGCTAA,0,4518133
yahL_predicted,0.14285714285714285,6,6,CCCCAGGCTAGCAGGCATGA,0,4538421
yahL_predicted,0.14285714285714285,6,6,CCCCACTGCATAGCCGAATA,0,4519048
yahL_predicted,0.14285714285714285,6,6,CCCAGTAGGGGAGGACGCGG,0,4526561
yahL_predicted,0.14285714285714285,6,6,CCCAACAATACCAATATTAT,0,4516252
yahL_predicted,0.14285714285714285,6,6,CCAGTCCCTTACACTGATGA,0,4536788
yahL_predicted,0.14285714285714285,6,6,CCAGCGTCGGGGCAGCAAGT,0,4530816
yahL_predicted,0.14285714285714285,6,6,CCAGCCACACTGAGGTGTTG,0,4538731
yahL_predicted,0.14285714285714285,6,6,CCACTCTCAAGGGTGATGCC,0,4539093
yahL_predicted,0.14285714285714285,6,6,CCACACCATCTCGACCCGAG,0,4524981
yahL_predicted,0.14285714285714285,6,6,CCAATAGATTTGTGAAGAGC,0,4539460
yahL_predicted,0.14285714285714285,6,6,CCAACCTTTCCGGGGTCTGT,0,4533410
yahL_predicted,0.14285714285714285,6,6,CCAAAGGCGTGGTAGGTGTC,0,4543121
yahL_predicted,0.14285714285714285,6,6,CATTTCACTGGTTGGCGATG,0,4532403
yahL_predicted,0.14285714285714285,6,6,CATTCGTGTGATTAGGTAAG,0,4528901
yahL_predicted,0.14285714285714285,6,6,CATTCGTGCGCGCGCGGATG,0,4536800
yahL_predicted,0.14285714285714285,6,6,CATTCGCATGCTTGACACAG,0,4521823
yahL_predicted,0.14285714285714285,6,6,CATTACGGGTCACGCATGGC,0,4513063
yahL_predicted,0.14285714285714285,6,6,CATGGGAATCGAGTCTCTTT,0,4512661
yahL_predicted,0.14285714285714285,6,6,CATCCGTCCGCAGGGGTATA,0,4540004
yahL_predicted,0.14285714285714285,6,6,CATCCCTCCCTTTGACTTAT,0,4515461
yahL_predicted,0.14285714285714285,6,6,CATAGTGCGGACCACTCGTT,0,4528566
yahL_predicted,0.14285714285714285,6,6,CATAGAAAAATGCGCTTTAA,0,4541462
yahL_predicted,0.14285714285714285,6,6,CAGTTGAAATTGCACCCGCT,0,4519046
yahL_predicted,0.14285714285714285,6,6,CAGTGGGTGTAGGCGTGCCC,0,4529486
yahL_predicted,0.14285714285714285,6,6,CAGCCTCAGGAGCAAGAGGC,0,4518584
yahL_predicted,0.14285714285714285,6,6,CAGCCAGCCCTTAGCGTCAT,0,4530023
yahL_predicted,0.14285714285714285,6,6,CAGCATATCGCTCGCTAATG,0,4534434
yahL_predicted,0.14285714285714285,6,6,CAGCAAGGACCTCCGTTTAA,0,4543272
yahL_predicted,0.14285714285714285,6,6,CAGATTGGACGGTAGGTCCC,0,4520424
yahL_predicted,0.14285714285714285,6,6,CAGAGGATATACTCGTAGTA,0,4515862
yahL_predicted,0.14285714285714285,6,6,CAGAGACGCTCAGATAGATA,0,4530121
yahL_predicted,0.14285714285714285,6,6,CAGACTAGCCGTGCACTTGT,0,4513889
yahL_predicted,0.14285714285714285,6,6,CAGAATGAGGTCTCAAAAGT,0,4532698
yahL_predicted,0.14285714285714285,6,6,CACTTTTGGGCCTTTGGGTT,0,4534601
yahL_predicted,0.14285714285714285,6,6,CACTTGGGAATTTTCGATTT,0,4530113
yahL_predicted,0.14285714285714285,6,6,CACTTATGACACCTTATCAA,0,4520055
yahL_predicted,0.14285714285714285,6,6,CACTGCATACTAATTAAAGT,0,4518386
yahL_predicted,0.14285714285714285,6,6,CACTCTATGAGGATGGATCA,0,4526398
yahL_predicted,0.14285714285714285,6,6,CACGTTTCAAAATTCTAGGT,0,4529600
yahL_predicted,0.14285714285714285,6,6,CACGGTTTCCGACTAGATTT,0,4523160
yahL_predicted,0.14285714285714285,6,6,CACGGTGGTTCAGCTCATAT,0,4530717
yahL_predicted,0.14285714285714285,6,6,CACGGTCCTGGTGTAAGGAA,0,4518230
yahL_predicted,0.14285714285714285,6,6,CACATAAGATAACCGGGGTT,0,4519276
yahL_predicted,0.14285714285714285,6,6,CACACTTGATTTCCCGTAGG,0,4525020
yahL_predicted,0.14285714285714285,6,6,CACAAATAAATTGGTGTGCT,0,4543164
yahL_predicted,0.14285714285714285,6,6,CAATTCACCTACTGAGTTCT,0,4536993
yahL_predicted,0.14285714285714285,6,6,CAATCTCACCCGTCCGGCAA,0,4539802
yahL_predicted,0.14285714285714285,6,6,CAATCCACCTTGAATGCAAT,0,4535062
yahL_predicted,0.14285714285714285,6,6,CAATCAGTCGGGCTCGCTGG,0,4517047
yahL_predicted,0.14285714285714285,6,6,CAATCACAGCCAAGCACGCG,0,4525744
yahL_predicted,0.14285714285714285,6,6,CAATCAAGCGTGTATGCGCA,0,4540383
yahL_predicted,0.14285714285714285,6,6,CAAGCCCCCAGTCCGAGGGG,0,4520002
yahL_predicted,0.14285714285714285,6,6,CAAGATCGGACAAATATGCA,0,4530961
yahL_predicted,0.14285714285714285,6,6,CAAGACCCTCTGGGTGTGCA,0,4523734
yahL_predicted,0.14285714285714285,6,6,CAACGCACGAGGACGGAGCA,0,4532190
yahL_predicted,0.14285714285714285,6,6,CAACGATTCTGCTAAACATA,0,4512839
yahL_predicted,0.14285714285714285,6,6,CAAATCGTAGGGAAGAGAAA,0,4515183
yahL_predicted,0.14285714285714285,6,6,CAAACAAACAGGTCTGCGTA,0,4514014
yahL_predicted,0.14285714285714285,6,6,ATTTTAGTCCCAGCAATCCC,0,4530542
yahL_predicted,0.14285714285714285,6,6,ATTTGTCTAACGGCGTAATT,0,4522758
yahL_predicted,0.14285714285714285,6,6,ATTTGAGTAGACGCCTCCAA,0,4529020
yahL_predicted,0.14285714285714285,6,6,ATTTAAGTCTGTTCAACAAT,0,4523127
yahL_predicted,0.14285714285714285,6,6,ATTGTCCGCCATCTGTGCCT,0,4537317
yahL_predicted,0.14285714285714285,6,6,ATTGCCATTGCGATTAAGGG,0,4533509
yahL_predicted,0.14285714285714285,6,6,ATTGAAGCTGACGAACATTT,0,4539609
yahL_predicted,0.14285714285714285,6,6,ATTAGCTCTCGTGCTGCACT,0,4515084
yahL_predicted,0.14285714285714285,6,6,ATTAGACATTTCTATCTAGT,0,4537342
yahL_predicted,0.14285714285714285,6,6,ATTACGCGTTAGAAGCGCGC,0,4512319
yahL_predicted,0.14285714285714285,6,6,ATGTCACTGGGACCAATATC,0,4518255
yahL_predicted,0.14285714285714285,6,6,ATGTAATTCGGGCCTCTAAG,0,4523470
yahL_predicted,0.14285714285714285,6,6,ATGGGCATAGGTTGAAACTG,0,4530758
yahL_predicted,0.14285714285714285,6,6,ATGGCCCCCGACTACCACGT,0,4514825
yahL_predicted,0.14285714285714285,6,6,ATGGACCGACATACTTCGGT,0,4512941
yahL_predicted,0.14285714285714285,6,6,ATGCTTTATCTCCCCCACAA,0,4515203
yahL_predicted,0.14285714285714285,6,6,ATGCCGGCGACTTGAACATC,0,4517147
yahL_predicted,0.14285714285714285,6,6,ATGCCACCGCAGGCACACTT,0,4524138
yahL_predicted,0.14285714285714285,6,6,ATGAGTTTAACCGCTATCTG,0,4512861
yahL_predicted,0.14285714285714285,6,6,ATGACGTGTCGCCTAACTAA,0,4533739
yahL_predicted,0.14285714285714285,6,6,ATGAATCGCCAACAAGTCCG,0,4536343
yahL_predicted,0.14285714285714285,6,6,ATCTGCGTCGGGGTCGTGCT,0,4528294
yahL_predicted,0.14285714285714285,6,6,ATCTGAGTAAGTAGGTGCGC,0,4519851
yahL_predicted,0.14285714285714285,6,6,ATCTCCTCGCTGCGTTACAA,0,4521173
yahL_predicted,0.14285714285714285,6,6,ATCGCCTTGTCCTTTAACTG,0,4525615
yahL_predicted,0.14285714285714285,6,6,ATCGAAGCATGGTACCACCA,0,4525315
yahL_predicted,0.14285714285714285,6,6,ATCCGCTGCGTTGACACGCT,0,4517506
yahL_predicted,0.14285714285714285,6,6,ATCCCTTGCCATGATCTCAA,0,4519047
yahL_predicted,0.14285714285714285,6,6,ATCCCATATTGGTCAAAAAA,0,4528035
yahL_predicted,0.14285714285714285,6,6,ATATCTACTTGGGCCTCATT,0,4522623
yahL_predicted,0.14285714285714285,6,6,ATATCATACTTTTGATGGCG,0,4539333
yahL_predicted,0.14285714285714285,6,6,ATAGTGAGAATGCATCGTCG,0,4527999
yahL_predicted,0.14285714285714285,6,6,ATAGGGTGACATCACCCGTT,0,4543722
yahL_predicted,0.14285714285714285,6,6,ATAGGCTTTCCTCTCTATTA,0,4526050
yahL_predicted,0.14285714285714285,6,6,ATAGGCGATCTATAATGCCC,0,4526845
yahL_predicted,0.14285714285714285,6,6,ATAGCAGCTGGGTAAGTACA,0,4518852
yahL_predicted,0.14285714285714285,6,6,ATACTCTTGAATAGACTTCG,0,4527014
yahL_predicted,0.14285714285714285,6,6,ATACGATATCAATGATGTAA,0,4519580
yahL_predicted,0.14285714285714285,6,6,ATACATGGTAAGTTGTTTAT,0,4519379
yahL_predicted,0.14285714285714285,6,6,ATACAATCTACGCAAAAGGT,0,4517486
yahL_predicted,0.14285714285714285,6,6,ATAAGCTTTCCCACGCGTAC,0,4537804
yahL_predicted,0.14285714285714285,6,6,ATAACTATGGTATATTGTCA,0,4520601
yahL_predicted,0.14285714285714285,6,6,AGTTAACCTTCGGGTTTCGA,0,4519844
yahL_predicted,0.14285714285714285,6,6,AGTGGCAAGTGGCTTCGAGT,0,4529269
yahL_predicted,0.14285714285714285,6,6,AGTGGACTAAGAGCGATCGA,0,4535669
yahL_predicted,0.14285714285714285,6,6,AGTGCTCTCCTTAGGCTAGG,0,4543852
yahL_predicted,0.14285714285714285,6,6,AGTGAAACGCTAAGGACCTA,0,4524005
yahL_predicted,0.14285714285714285,6,6,AGTCTGTGCCCTTGCAACTA,0,4516749
yahL_predicted,0.14285714285714285,6,6,AGTCTGGTAAATGTCCACCA,0,4520784
yahL_predicted,0.14285714285714285,6,6,AGTCTAATGCGGGTATCGTG,0,4538514
yahL_predicted,0.14285714285714285,6,6,AGTCGTGTGTGCGCCCCGCG,0,4537493
yahL_predicted,0.14285714285714285,6,6,AGTCATAAATTAGAATGACT,0,4518814
yahL_predicted,0.14285714285714285,6,6,AGTCACTAGGAACCCCGGGA,0,4525085
yahL_predicted,0.14285714285714285,6,6,AGTAGAAAGGGAGCTCGGAC,0,4525796
yahL_predicted,0.14285714285714285,6,6,AGTAAGATAGTCATCGGATC,0,4517023
yahL_predicted,0.14285714285714285,6,6,AGGTCCGGTCACCTCGCCCT,0,4519039
yahL_predicted,0.14285714285714285,6,6,AGGGGCTTTTAAGTCCCCCA,0,4517728
yahL_predicted,0.14285714285714285,6,6,AGGCTGTCATCTCCGCCAAT,0,4537802
yahL_predicted,0.14285714285714285,6,6,AGGCTGCGTCGAACCAGCTG,0,4518162
yahL_predicted,0.14285714285714285,6,6,AGGCTATCCGCGATTAAGGG,0,4542371
yahL_predicted,0.14285714285714285,6,6,AGGCTACTTGGCACAATGTC,0,4540992
yahL_predicted,0.14285714285714285,6,6,AGGCGGATGGAGGATTACCT,0,4519247
yahL_predicted,0.14285714285714285,6,6,AGGCGAGAATATCGACCATT,0,4542396
yahL_predicted,0.14285714285714285,6,6,AGGATTGGCTGGGTAATTAT,0,4537825
yahL_predicted,0.14285714285714285,6,6,AGGAGGGGGAGAATTTGCCA,0,4538215
yahL_predicted,0.14285714285714285,6,6,AGGACGCCTCGCGGTCTAAG,0,4540884
yahL_predicted,0.14285714285714285,6,6,AGGACCTCGATTTAGCATTG,0,4534559
yahL_predicted,0.14285714285714285,6,6,AGCGATCATTTGGATTGGAG,0,4533987
yahL_predicted,0.14285714285714285,6,6,AGCCCAGGAATCGTGGTGTA,0,4513899
yahL_predicted,0.14285714285714285,6,6,AGCCCACATGGTCGTCTGAT,0,4512307
yahL_predicted,0.14285714285714285,6,6,AGCAGGCTGAGCCACTTGCA,0,4535001
yahL_predicted,0.14285714285714285,6,6,AGCAACGGGTGGTCATGAAA,0,4518587
yahL_predicted,0.14285714285714285,6,6,AGATTTCGCAATGGCGAATT,0,4517193
yahL_predicted,0.14285714285714285,6,6,AGATTCGGGGTACGGCAAGG,0,4517730
yahL_predicted,0.14285714285714285,6,6,AGATCTTGCCTCCTCCACCG,0,4533076
yahL_predicted,0.14285714285714285,6,6,AGATCTTATCTCAGAGTCTC,0,4519227
yahL_predicted,0.14285714285714285,6,6,AGAGTGGTGGTTGAGGGGAT,0,4527992
yahL_predicted,0.14285714285714285,6,6,AGAGTCAGTCGTCACAATCA,0,4531275
yahL_predicted,0.14285714285714285,6,6,AGAGTAAAAGAACGGTCTTA,0,4514894
yahL_predicted,0.14285714285714285,6,6,AGAGCGCTTAATGTGAACGT,0,4531301
yahL_predicted,0.14285714285714285,6,6,AGACTTGCAGCCTTAAGCTT,0,4517835
yahL_predicted,0.14285714285714285,6,6,AGACTGCGAACATACACAGG,0,4513092
yahL_predicted,0.14285714285714285,6,6,AGACTCATTTCTCCGTCCCT,0,4528183
yahL_predicted,0.14285714285714285,6,6,AGACACCCAGTTACTCTGCG,0,4524958
yahL_predicted,0.14285714285714285,6,6,AGAAGAAATCATAAAATAGT,0,4543126
yahL_predicted,0.14285714285714285,6,6,AGAACGACGCGACCTCCGGT,0,4527553
yahL_predicted,0.14285714285714285,6,6,AGAAAATCCGCCCATGATAG,0,4516073
yahL_predicted,0.14285714285714285,6,6,ACTTTATTACGAGGCTGGCC,0,4540036
yahL_predicted,0.14285714285714285,6,6,ACTGTGGCAGGTTATGCAAC,0,4533103
yahL_predicted,0.14285714285714285,6,6,ACTCGTGCTATTTGTTTCCC,0,4514134
yahL_predicted,0.14285714285714285,6,6,ACTCCCAGGGCGGCGCACCA,0,4527160
yahL_predicted,0.14285714285714285,6,6,ACTATATGGGAGTGACACTT,0,4529852
yahL_predicted,0.14285714285714285,6,6,ACGTTCGCGGCGGAAATATT,0,4535084
yahL_predicted,0.14285714285714285,6,6,ACGTGTAAGGTAACAGGGGA,0,4513365
yahL_predicted,0.14285714285714285,6,6,ACGTAGCTAAGTTTGCGTTT,0,4538083
yahL_predicted,0.14285714285714285,6,6,ACGGTCGGGACTTTAAACAT,0,4529010
yahL_predicted,0.14285714285714285,6,6,ACGGGTGCCTCATGCTGTAC,0,4530469
yahL_predicted,0.14285714285714285,6,6,ACGGGCAGCACAGGTCCTCG,0,4520656
yahL_predicted,0.14285714285714285,6,6,ACGGATCGTAATCATTGTGT,0,4531526
yahL_predicted,0.14285714285714285,6,6,ACGGACACGGCACTGCCTTC,0,4533634
yahL_predicted,0.14285714285714285,6,6,ACGCTGGACCGTGCGGCAAG,0,4521328
yahL_predicted,0.14285714285714285,6,6,ACGCGGTACACATCGGAGAA,0,4538630
yahL_predicted,0.14285714285714285,6,6,ACGCCGGTACATCCGTACGG,0,4512923
yahL_predicted,0.14285714285714285,6,6,ACGATGTGTCGGCATTTCCT,0,4529880
yahL_predicted,0.14285714285714285,6,6,ACCTTATAGAGCAAAAAAAT,0,4533904
yahL_predicted,0.14285714285714285,6,6,ACCTCCACTTATATAGTCAG,0,4524736
yahL_predicted,0.14285714285714285,6,6,ACCTATGCTTGGTAGATTGC,0,4513204
yahL_predicted,0.14285714285714285,6,6,ACCGACTCAACGCAAGCAAG,0,4535540
yahL_predicted,0.14285714285714285,6,6,ACCCTTGTCCCCACCGAGAC,0,4536406
yahL_predicted,0.14285714285714285,6,6,ACCCGCTATAAGTATGGTCA,0,4523931
yahL_predicted,0.14285714285714285,6,6,ACCATGAGTGTACAAACAGC,0,4517856
yahL_predicted,0.14285714285714285,6,6,ACCACATGGTAGTTTCTGGG,0,4525721
yahL_predicted,0.14285714285714285,6,6,ACATGGTGGAAGAAGGTCAC,0,4538428
yahL_predicted,0.14285714285714285,6,6,ACATCCCCCGCAAGCCTCCA,0,4533741
yahL_predicted,0.14285714285714285,6,6,ACATATGCGCTTCGCGACGG,0,4541427
yahL_predicted,0.14285714285714285,6,6,ACATAGGTCACCATTCGGTT,0,4537421
yahL_predicted,0.14285714285714285,6,6,ACACGGATGGCCCGGCAAAT,0,4540425
yahL_predicted,0.14285714285714285,6,6,ACAATTGAGGTACATATCGG,0,4536917
yahL_predicted,0.14285714285714285,6,6,ACAAAGCTGGACAACCACGC,0,4537204
yahL_predicted,0.14285714285714285,6,6,AATTCATGGTGCATAAAACT,0,4531675
yahL_predicted,0.14285714285714285,6,6,AATTAGCAGGCCAGAATAAC,0,4513658
yahL_predicted,0.14285714285714285,6,6,AATGTGAACCTTCATGCGAT,0,4542358
yahL_predicted,0.14285714285714285,6,6,AATGGTGAAAATAATGTTTA,0,4527245
yahL_predicted,0.14285714285714285,6,6,AATGGGGCCGGACCACCCAC,0,4537838
yahL_predicted,0.14285714285714285,6,6,AATGGCAATAGTCGAGGAAT,0,4529747
yahL_predicted,0.14285714285714285,6,6,AATCGTATCCGGTAGTTCTT,0,4522907
yahL_predicted,0.14285714285714285,6,6,AATCCGCTTTGCGTGCCGGA,0,4541782
yahL_predicted,0.14285714285714285,6,6,AATCCGCACATTTCCGCGGG,0,4524412
yahL_predicted,0.14285714285714285,6,6,AATCACTTCGTGTTACTGAG,0,4520425
yahL_predicted,0.14285714285714285,6,6,AATAATCGTGATGGAAAAAA,0,4527232
yahL_predicted,0.14285714285714285,6,6,AATAAGTCCAGTGGGAACGA,0,4531123
yahL_predicted,0.14285714285714285,6,6,AATAAGGCAGTCTCGGAGTT,0,4531001
yahL_predicted,0.14285714285714285,6,6,AAGTGTCGTTTAGCAGCAAC,0,4521953
yahL_predicted,0.14285714285714285,6,6,AAGTCGTGTTGTTCCGACGA,0,4521293
yahL_predicted,0.14285714285714285,6,6,AAGCCTAGGCTAACTGCGAA,0,4536959
yahL_predicted,0.14285714285714285,6,6,AAGCCCCAAGTCATAGTTGT,0,4517166
yahL_predicted,0.14285714285714285,6,6,AAGACATGGCAAACACAAAG,0,4520704
yahL_predicted,0.14285714285714285,6,6,AAGAACCGGCGCGGGGAATG,0,4520210
yahL_predicted,0.14285714285714285,6,6,AACTTCGCTATATTCGGGAA,0,4517686
yahL_predicted,0.14285714285714285,6,6,AACGTTTCACCGGCATCTAA,0,4525647
yahL_predicted,0.14285714285714285,6,6,AACCTGCTATAATTTAAATT,0,4524191
yahL_predicted,0.14285714285714285,6,6,AACACGACACCGACGGTGGG,0,4529927
yahL_predicted,0.14285714285714285,6,6,AAATCACGTCCGGGTAGTTC,0,4537473
yahL_predicted,0.14285714285714285,6,6,AAAGTGGGAAGCTTTGCACG,0,4515209
yahL_predicted,0.14285714285714285,6,6,AAAGCCCTGGCATGAATCTG,0,4531496
yahL_predicted,0.14285714285714285,6,6,AAACCACCTTTAGCCTGTGT,0,4538420
yahL_predicted,0.14285714285714285,6,6,AAAATTCTATTTCCGACAAC,0,4531448
yahL_predicted,0.14285714285714285,6,6,AAAACCTTGGTCGCGAAGAG,0,4543307
yahL_predicted,0.16666666666666666,5,5,TTTTTTAGTAGGGCTTTATT,0,4517234
yahL_predicted,0.16666666666666666,5,5,TTTTTCTAAGACAGGAATAT,0,4520891
yahL_predicted,0.16666666666666666,5,5,TTTTGGAGTCCCCATGGTGT,0,4543843
yahL_predicted,0.16666666666666666,5,5,TTTTGGAGCTCGGCCCCTTC,0,4524278
yahL_predicted,0.16666666666666666,5,5,TTTTGAGGGACCATGAGGAT,0,4518906
yahL_predicted,0.16666666666666666,5,5,TTTTCGGAGTTACCAGAGAG,0,4541179
yahL_predicted,0.16666666666666666,5,5,TTTTCACGTCTAGCCACGTA,0,4525710
yahL_predicted,0.16666666666666666,5,5,TTTTATGCAAAGCCTTATGT,0,4522560
yahL_predicted,0.16666666666666666,5,5,TTTGGGGGCACGACAGATCC,0,4530237
yahL_predicted,0.16666666666666666,5,5,TTTCGGCTCGCATGTAATGA,0,4531465
yahL_predicted,0.16666666666666666,5,5,TTTCCACCTGCGAACAGCGG,0,4516556
yahL_predicted,0.16666666666666666,5,5,TTTAGAGCTGAGCCCCCCTC,0,4520470
yahL_predicted,0.16666666666666666,5,5,TTTACTTCATTAAACTTAGT,0,4533779
yahL_predicted,0.16666666666666666,5,5,TTTAATCAGCGAATATCCTC,0,4516046
yahL_predicted,0.16666666666666666,5,5,TTGTTGTTTGCGTAGAGGAT,0,4522495
yahL_predicted,0.16666666666666666,5,5,TTGTTCACAACTACGTTATT,0,4524274
yahL_predicted,0.16666666666666666,5,5,TTGGCGAGGGGCCTCCTTAT,0,4522153
yahL_predicted,0.16666666666666666,5,5,TTGGATGTCCAGTGTCCATT,0,4525325
yahL_predicted,0.16666666666666666,5,5,TTGGAGATCAGCGAGTCATT,0,4515462
yahL_predicted,0.16666666666666666,5,5,TTGCTGCCTGCCCCCTTTAG,0,4523570
yahL_predicted,0.16666666666666666,5,5,TTGCTCGACAAGGTGGCGGC,0,4518388
yahL_predicted,0.16666666666666666,5,5,TTGCCCTCCTCTTACCACCC,0,4518439
yahL_predicted,0.16666666666666666,5,5,TTGCATGTATACTGGGTTTC,0,4535092
yahL_predicted,0.16666666666666666,5,5,TTGATTCCACAAACGGAGTC,0,4538047
yahL_predicted,0.16666666666666666,5,5,TTGATCTTCGTCTAAATATG,0,4520402
yahL_predicted,0.16666666666666666,5,5,TTGACTTGCTTTGTTTGCGC,0,4534668
yahL_predicted,0.16666666666666666,5,5,TTGACAGTTGAGGAGTTGGT,0,4525825
yahL_predicted,0.16666666666666666,5,5,TTCTTTTTCGTTTCCCATTT,0,4527649
yahL_predicted,0.16666666666666666,5,5,TTCTGTTTCTGGCACCTTGA,0,4539039
yahL_predicted,0.16666666666666666,5,5,TTCTACGAAAATCGGGTTTT,0,4535826
yahL_predicted,0.16666666666666666,5,5,TTCGGAGCTCCTTTGGAACA,0,4517085
yahL_predicted,0.16666666666666666,5,5,TTCGGACCGTGCGCGACGAC,0,4521792
yahL_predicted,0.16666666666666666,5,5,TTCCGGCGGTGCTACCTCAG,0,4523104
yahL_predicted,0.16666666666666666,5,5,TTCCGCGAGAAGAAGTAGTA,0,4515836
yahL_predicted,0.16666666666666666,5,5,TTCAGGATCGGGGGGATACA,0,4524909
yahL_predicted,0.16666666666666666,5,5,TTATTCGAGTGTTATGAGGC,0,4526259
yahL_predicted,0.16666666666666666,5,5,TTATGTAGTGATTGCAGCTG,0,4519786
yahL_predicted,0.16666666666666666,5,5,TTATCAGACGATATGTCGGC,0,4518701
yahL_predicted,0.16666666666666666,5,5,TTATAATGCATGACAAGGCG,0,4527960
yahL_predicted,0.16666666666666666,5,5,TTACATCGCTGGTCAAGCGG,0,4532198
yahL_predicted,0.16666666666666666,5,5,TTAAGTAAGGGTGACCGTAT,0,4520531
yahL_predicted,0.16666666666666666,5,5,TTAAAGGATGAACGACCTAC,0,4525531
yahL_predicted,0.16666666666666666,5,5,TGTTGTCTGGTCCTATGGCA,0,4524976
yahL_predicted,0.16666666666666666,5,5,TGTTCCGACTACACACGCCG,0,4538904
yahL_predicted,0.16666666666666666,5,5,TGTGGATAAAGCCCTTTTGC,0,4530660
yahL_predicted,0.16666666666666666,5,5,TGTGAGCCCGACGTCGTTAC,0,4519868
yahL_predicted,0.16666666666666666,5,5,TGTGACAAATCCTTGTAGGT,0,4521733
yahL_predicted,0.16666666666666666,5,5,TGTCTGTCGGCCGTGCCAGT,0,4537875
yahL_predicted,0.16666666666666666,5,5,TGTCCTCTCTGAAGGGTTCC,0,4514912
yahL_predicted,0.16666666666666666,5,5,TGTATACCCTTGCTCAAAGC,0,4531761
yahL_predicted,0.16666666666666666,5,5,TGTAAGTGATACAGCCGGTA,0,4515586
yahL_predicted,0.16666666666666666,5,5,TGGTGCAAGCGTTCTGCTGA,0,4525481
yahL_predicted,0.16666666666666666,5,5,TGGTCTGTGATGATAATATA,0,4516576
yahL_predicted,0.16666666666666666,5,5,TGGTAATCAGTAGAGGTGCC,0,4524198
yahL_predicted,0.16666666666666666,5,5,TGGGCTCTCGTGGCATTTGA,0,4531334
yahL_predicted,0.16666666666666666,5,5,TGGGCATGGGTAATACAGTT,0,4539691
yahL_predicted,0.16666666666666666,5,5,TGGGAGGACCCCACGGATTA,0,4524813
yahL_predicted,0.16666666666666666,5,5,TGGGAGACGGATGTGCTGAT,0,4533063
yahL_predicted,0.16666666666666666,5,5,TGGCAACTCTCGGGAGTTGT,0,4540712
yahL_predicted,0.16666666666666666,5,5,TGGCAAAAGATCCGTAATCA,0,4515093
yahL_predicted,0.16666666666666666,5,5,TGGATTCCGTCAATCTAGCC,0,4514468
yahL_predicted,0.16666666666666666,5,5,TGGACTCCCTCCGTCGTCTC,0,4515302
yahL_predicted,0.16666666666666666,5,5,TGGAATGGATAAAAGCTCAG,0,4526203
yahL_predicted,0.16666666666666666,5,5,TGCTTTGCCGACTCAAAAAT,0,4516985
yahL_predicted,0.16666666666666666,5,5,TGCTTATGCCAGTTTCAAAA,0,4536845
yahL_predicted,0.16666666666666666,5,5,TGCGGCAAGCAGCTTTAGTC,0,4525593
yahL_predicted,0.16666666666666666,5,5,TGCGCGTCAATACTCGAACC,0,4513964
yahL_predicted,0.16666666666666666,5,5,TGCCTCCAACGCGTGCGCCT,0,4543136
yahL_predicted,0.16666666666666666,5,5,TGCCACCGGCAAACATTATC,0,4539759
yahL_predicted,0.16666666666666666,5,5,TGCAACATACTGTCTCAGAT,0,4535751
yahL_predicted,0.16666666666666666,5,5,TGATTTCGGACCGACGCTGC,0,4521208
yahL_predicted,0.16666666666666666,5,5,TGATGGGGTACGGTCTGACG,0,4532617
yahL_predicted,0.16666666666666666,5,5,TGAGTGGAACGTTTTGAGCA,0,4542455
yahL_predicted,0.16666666666666666,5,5,TGAGGTCCGCTCATCGATAC,0,4528609
yahL_predicted,0.16666666666666666,5,5,TGACTATAAAAGGTGCTGTA,0,4520467
yahL_predicted,0.16666666666666666,5,5,TGACCGTACCGAGGGTCGCC,0,4533058
yahL_predicted,0.16666666666666666,5,5,TGAATGGGAGTTGAGGTGGG,0,4535324
yahL_predicted,0.16666666666666666,5,5,TGAAGCAATTGACTTAATAG,0,4520354
yahL_predicted,0.16666666666666666,5,5,TCTGGTAAGTAGGAGATATC,0,4536930
yahL_predicted,0.16666666666666666,5,5,TCTGACCCTGGTCCCGGGGA,0,4522000
yahL_predicted,0.16666666666666666,5,5,TCTCTACTCAGTCCCCAAGT,0,4539813
yahL_predicted,0.16666666666666666,5,5,TCTCAACATGACCCGCTCAC,0,4531758
yahL_predicted,0.16666666666666666,5,5,TCGTTCTACGTATCCTGCCG,0,4523825
yahL_predicted,0.16666666666666666,5,5,TCGTGATACCTTCGGGGATA,0,4526556
yahL_predicted,0.16666666666666666,5,5,TCGTCTTTTAAGGCGGCGAA,0,4516939
yahL_predicted,0.16666666666666666,5,5,TCGTCCGACCCGTCGTATTG,0,4518507
yahL_predicted,0.16666666666666666,5,5,TCGTCAAGGCCTAGTATCAC,0,4517993
yahL_predicted,0.16666666666666666,5,5,TCGGAATGCTCACGTTAATT,0,4520037
yahL_predicted,0.16666666666666666,5,5,TCGCGATAAGCGGGAGATAC,0,4538166
yahL_predicted,0.16666666666666666,5,5,TCGCCTGGTTTAGAGCGGGC,0,4526737
yahL_predicted,0.16666666666666666,5,5,TCGCACTTCGCTGTGGGGAT,0,4527308
yahL_predicted,0.16666666666666666,5,5,TCGCAATCTACCACGATTGT,0,4520829
yahL_predicted,0.16666666666666666,5,5,TCGACGTGGATTAGGTGTTT,0,4512264
yahL_predicted,0.16666666666666666,5,5,TCCGCCTCTCGGGGGTCCGA,0,4528814
yahL_predicted,0.16666666666666666,5,5,TCCCGAGGAATGATTGGAAA,0,4513035
yahL_predicted,0.16666666666666666,5,5,TCCCCTCACACCGATGCAGA,0,4542080
yahL_predicted,0.16666666666666666,5,5,TCCCCAAGACCGCGCTCAGA,0,4532038
yahL_predicted,0.16666666666666666,5,5,TCCAGCAACATTAGCAGGGA,0,4521229
yahL_predicted,0.16666666666666666,5,5,TCCAGAGATCATGGCAGACA,0,4513001
yahL_predicted,0.16666666666666666,5,5,TCCACGTGAACTACTTAAAT,0,4526256
yahL_predicted,0.16666666666666666,5,5,TCCACGCGGCTCAAACAGGA,0,4526972
yahL_predicted,0.16666666666666666,5,5,TCATTAGTTCGTTTCTACAG,0,4539446
yahL_predicted,0.16666666666666666,5,5,TCATCGCGCCGATATACGCG,0,4514454
yahL_predicted,0.16666666666666666,5,5,TCACTCTACAGGGAAATCCC,0,4530950
yahL_predicted,0.16666666666666666,5,5,TCACGACAAATCGGACAGCG,0,4527260
yahL_predicted,0.16666666666666666,5,5,TCAACGCGAACTAGCTACTT,0,4529810
yahL_predicted,0.16666666666666666,5,5,TCAACCGGGGTTACTACCCG,0,4521016
yahL_predicted,0.16666666666666666,5,5,TATTACAGTGAGCACCGAAA,0,4533015
yahL_predicted,0.16666666666666666,5,5,TATGGACACCAAATGTGCGT,0,4530025
yahL_predicted,0.16666666666666666,5,5,TATGATTCTCAAGATGCACA,0,4525724
yahL_predicted,0.16666666666666666,5,5,TATGAGCACCGTGGGCAGGA,0,4519961
yahL_predicted,0.16666666666666666,5,5,TATCTGAAGTGTGCCGCGTC,0,4538469
yahL_predicted,0.16666666666666666,5,5,TATCTAATGACTTTGATCCT,0,4512291
yahL_predicted,0.16666666666666666,5,5,TATCAAGCGTACCTTGGTAA,0,4542388
yahL_predicted,0.16666666666666666,5,5,TATATTGCCCTTAGACCATA,0,4525282
yahL_predicted,0.16666666666666666,5,5,TATAGGGTGCCCATGGCAAT,0,4512993
yahL_predicted,0.16666666666666666,5,5,TAGGTTGCGGCCATTTTATG,0,4536281
yahL_predicted,0.16666666666666666,5,5,TAGGTTCTCGTAAGCTTTTT,0,4538288
yahL_predicted,0.16666666666666666,5,5,TAGGAGTGTACTAACCTGTA,0,4538700
yahL_predicted,0.16666666666666666,5,5,TAGCGTAGTTAGAGACATTC,0,4539042
yahL_predicted,0.16666666666666666,5,5,TAGCGACCGCACTGCAGGGA,0,4517707
yahL_predicted,0.16666666666666666,5,5,TAGCAACGAGTCTTTACGTA,0,4528844
yahL_predicted,0.16666666666666666,5,5,TAGATTAGGCCCTCCTGCTG,0,4535515
yahL_predicted,0.16666666666666666,5,5,TAGAAGGATGGGCGCCCATT,0,4532104
yahL_predicted,0.16666666666666666,5,5,TACTGCGCGTCAGAGGTTTG,0,4525526
yahL_predicted,0.16666666666666666,5,5,TACTACCTCCCATCGGTTCC,0,4526417
yahL_predicted,0.16666666666666666,5,5,TACCCTGTAGGCATCGCCTG,0,4538770
yahL_predicted,0.16666666666666666,5,5,TACCCGCGACTAGCGGCCAC,0,4533053
yahL_predicted,0.16666666666666666,5,5,TACCAATTTCGTGGGCCTCC,0,4518614
yahL_predicted,0.16666666666666666,5,5,TACCAATTCATCGCACTGAT,0,4538431
yahL_predicted,0.16666666666666666,5,5,TACATACATAGTCCTTTTAA,0,4537686
yahL_predicted,0.16666666666666666,5,5,TACAAAGAGCCCGTTTCCTA,0,4536866
yahL_predicted,0.16666666666666666,5,5,TAATGTCACATGCCGCGGGG,0,4515046
yahL_predicted,0.16666666666666666,5,5,TAATGATACTCGGCGGCTTT,0,4512351
yahL_predicted,0.16666666666666666,5,5,TAATGATACGTCAGAGTGGA,0,4516192
yahL_predicted,0.16666666666666666,5,5,TAATGAGGTATAGCTTCCAG,0,4536566
yahL_predicted,0.16666666666666666,5,5,TAATCCCGGGCGAAAGGTTC,0,4533985
yahL_predicted,0.16666666666666666,5,5,TAAGTCTAGTCCTTCTGCTT,0,4523634
yahL_predicted,0.16666666666666666,5,5,TAAGGGCTGTAACCAAAGCC,0,4535057
yahL_predicted,0.16666666666666666,5,5,TAAGCGCGTCCGACGAGTGG,0,4515021
yahL_predicted,0.16666666666666666,5,5,TAAGAGGACCGTAGCTACAT,0,4526822
yahL_predicted,0.16666666666666666,5,5,TAAGACTATCAGACTGATCG,0,4520232
yahL_predicted,0.16666666666666666,5,5,TAACGGAGCGAGGTTCTGCT,0,4527590
yahL_predicted,0.16666666666666666,5,5,TAAAGTAAAGGCTACACGAA,0,4521463
yahL_predicted,0.16666666666666666,5,5,TAAACTCAGTGTTACCTTCC,0,4539695
yahL_predicted,0.16666666666666666,5,5,GTTTTCTGGATGTAGTTGGT,0,4524123
yahL_predicted,0.16666666666666666,5,5,GTTTGGTTTGGCAGATTATC,0,4528800
yahL_predicted,0.16666666666666666,5,5,GTTTCCATAGGTCATTTGGC,0,4519750
yahL_predicted,0.16666666666666666,5,5,GTTGGCCCATCAAATCATGG,0,4535260
yahL_predicted,0.16666666666666666,5,5,GTTCTGGGACCCCTCGGACG,0,4525487
yahL_predicted,0.16666666666666666,5,5,GTTCGGTTACAAAGCACTTC,0,4541063
yahL_predicted,0.16666666666666666,5,5,GTTCCCTGCCACCTGTAGGA,0,4518865
yahL_predicted,0.16666666666666666,5,5,GTGTTCAGTTTATTAGTTCA,0,4531868
yahL_predicted,0.16666666666666666,5,5,GTGTGTGCATTTTCCTGCAG,0,4516532
yahL_predicted,0.16666666666666666,5,5,GTGTCGAATCCGCGAGATTG,0,4543308
yahL_predicted,0.16666666666666666,5,5,GTGGTTGTTGCAATGACGCC,0,4532298
yahL_predicted,0.16666666666666666,5,5,GTGGTCGGTAAACCGCCTTG,0,4514663
yahL_predicted,0.16666666666666666,5,5,GTGGTCGCGATTGCCGTAAG,0,4523636
yahL_predicted,0.16666666666666666,5,5,GTGGCACTGTTCATCTTCAC,0,4542253
yahL_predicted,0.16666666666666666,5,5,GTGGCACATGTGATAATACC,0,4524931
yahL_predicted,0.16666666666666666,5,5,GTGCTGTTACTCGCAGACAT,0,4529404
yahL_predicted,0.16666666666666666,5,5,GTGCTACTATGTGGTTCGGT,0,4530286
yahL_predicted,0.16666666666666666,5,5,GTGCATTTAGGATCAATGCA,0,4531875
yahL_predicted,0.16666666666666666,5,5,GTGCAACCCAACATATCTAG,0,4526965
yahL_predicted,0.16666666666666666,5,5,GTGATTTCATACTGAATAAT,0,4538206
yahL_predicted,0.16666666666666666,5,5,GTGACTGTCCTGTCGTAGCA,0,4524321
yahL_predicted,0.16666666666666666,5,5,GTGACATCGCTTTCTGCTTT,0,4517172
yahL_predicted,0.16666666666666666,5,5,GTCTTGTTGACCTCTTCGCT,0,4530362
yahL_predicted,0.16666666666666666,5,5,GTCTTGCAACTGAACCAATT,0,4538893
yahL_predicted,0.16666666666666666,5,5,GTCTTCGACCTAGGATCGAA,0,4542760
yahL_predicted,0.16666666666666666,5,5,GTCTTCAGAACTCTGCGGAA,0,4521131
yahL_predicted,0.16666666666666666,5,5,GTCTGAAATCGATTGTACAA,0,4529905
yahL_predicted,0.16666666666666666,5,5,GTCTCGATATTGGCGGCATT,0,4541439
yahL_predicted,0.16666666666666666,5,5,GTCGTGACACATGCAAGATT,0,4516077
yahL_predicted,0.16666666666666666,5,5,GTCCGTCGTAAGTAGATGCA,0,4513474
yahL_predicted,0.16666666666666666,5,5,GTCCAATCCCTGTGTAGTAT,0,4526988
yahL_predicted,0.16666666666666666,5,5,GTCATGGCCCGTCGTAAAGT,0,4526119
yahL_predicted,0.16666666666666666,5,5,GTCAGGGTTGTAAGTTTCAC,0,4512940
yahL_predicted,0.16666666666666666,5,5,GTATCCTGGGGATCATAATT,0,4527529
yahL_predicted,0.16666666666666666,5,5,GTATACCAGCTTCGGCGATG,0,4539156
yahL_predicted,0.16666666666666666,5,5,GTAGTAAGATATCCTGGTAA,0,4539191
yahL_predicted,0.16666666666666666,5,5,GTAGACTTTGGAATCTCGTC,0,4526414
yahL_predicted,0.16666666666666666,5,5,GTACGGGAGCTTGTTCGCTT,0,4526694
yahL_predicted,0.16666666666666666,5,5,GTACGAACGTTGGGTGTAGT,0,4521112
yahL_predicted,0.16666666666666666,5,5,GTACCGCCACTCTGCGGGTT,0,4514609
yahL_predicted,0.16666666666666666,5,5,GTACAGGGTTGTCGGCTGTA,0,4518708
yahL_predicted,0.16666666666666666,5,5,GTAAATCCCTCCGAATCATG,0,4517812
yahL_predicted,0.16666666666666666,5,5,GGTTGCGACCAACTTACGGT,0,4518773
yahL_predicted,0.16666666666666666,5,5,GGTTCTTAGAAATCTGGTTC,0,4521798
yahL_predicted,0.16666666666666666,5,5,GGTTCTGCACTGAAGGGCCG,0,4523653
yahL_predicted,0.16666666666666666,5,5,GGTTAACATACTTAGATAAC,0,4537552
yahL_predicted,0.16666666666666666,5,5,GGTGTATAGCCCGAAATGCC,0,4539138
yahL_predicted,0.16666666666666666,5,5,GGTGCGGTTCCTAGCTCGGC,0,4515378
yahL_predicted,0.16666666666666666,5,5,GGTGAGTAGGTGATGACAAA,0,4524748
yahL_predicted,0.16666666666666666,5,5,GGTCGGGCTCCCCACTCTTC,0,4519263
yahL_predicted,0.16666666666666666,5,5,GGTCGCCGCTGGACAACAAA,0,4519102
yahL_predicted,0.16666666666666666,5,5,GGTCGAGAGAACGGGGGCTT,0,4523972
yahL_predicted,0.16666666666666666,5,5,GGTAACCGGCACGGCGTGTG,0,4544173
yahL_predicted,0.16666666666666666,5,5,GGGTTACTTATGGTCCGCTA,0,4519561
yahL_predicted,0.16666666666666666,5,5,GGGTGGTTTCGAATTAGTTT,0,4542719
yahL_predicted,0.16666666666666666,5,5,GGGGTAGGATTCAAACATAA,0,4532195
yahL_predicted,0.16666666666666666,5,5,GGGGGCATCAGTACCGAGGT,0,4541720
yahL_predicted,0.16666666666666666,5,5,GGGGAGTAAGTAGAATGGGC,0,4518110
yahL_predicted,0.16666666666666666,5,5,GGGGAGATATCGGCGCTTAT,0,4515901
yahL_predicted,0.16666666666666666,5,5,GGGCTTTCCGGAATTGCCTG,0,4531600
yahL_predicted,0.16666666666666666,5,5,GGGATTAGATGAAATGTCAA,0,4515904
yahL_predicted,0.16666666666666666,5,5,GGGAACAGGTGCTCCAGGTC,0,4543858
yahL_predicted,0.16666666666666666,5,5,GGCTTTGGTTTGTGGTTGTG,0,4538679
yahL_predicted,0.16666666666666666,5,5,GGCGTGGGCGTATGGCGATG,0,4520928
yahL_predicted,0.16666666666666666,5,5,GGCGAAGCTCTATCAAAGAG,0,4537932
yahL_predicted,0.16666666666666666,5,5,GGCCGGTATCAGACACATCT,0,4542141
yahL_predicted,0.16666666666666666,5,5,GGCATCCTGGTCTTAGGTCT,0,4519183
yahL_predicted,0.16666666666666666,5,5,GGCATAAAAAACAGTTGTGC,0,4519416
yahL_predicted,0.16666666666666666,5,5,GGCAGTCGGTGACGATCGTA,0,4537180
yahL_predicted,0.16666666666666666,5,5,GGCAGGACATACGTGTACCA,0,4521883
yahL_predicted,0.16666666666666666,5,5,GGATTCCGCCTCGAATCGGG,0,4514975
yahL_predicted,0.16666666666666666,5,5,GGATCGATTCAAACTCCTAT,0,4538090
yahL_predicted,0.16666666666666666,5,5,GGATCCCATACTCTCCGTAT,0,4513910
yahL_predicted,0.16666666666666666,5,5,GGATATATGCCCTCTTTGCT,0,4529811
yahL_predicted,0.16666666666666666,5,5,GGATACGGCGACTTGTCGCG,0,4540611
yahL_predicted,0.16666666666666666,5,5,GGAGTGGGGGACTTATTTCT,0,4520003
yahL_predicted,0.16666666666666666,5,5,GGAGTCGAGATATTTCAGTT,0,4523224
yahL_predicted,0.16666666666666666,5,5,GGAGCAGTAACCACGAGTTC,0,4540125
yahL_predicted,0.16666666666666666,5,5,GGACACGCCACAGGGCGTCG,0,4543929
yahL_predicted,0.16666666666666666,5,5,GGACAATGGTAGCTCATCCG,0,4523921
yahL_predicted,0.16666666666666666,5,5,GGAATAAGTCCTCTGAGTAC,0,4532942
yahL_predicted,0.16666666666666666,5,5,GGAAGCGTATCAAACGCTGC,0,4515330
yahL_predicted,0.16666666666666666,5,5,GGAAACTGGGCCTCGCTCGC,0,4517526
yahL_predicted,0.16666666666666666,5,5,GCTTCCTGTCCAGCGTAGGT,0,4540519
yahL_predicted,0.16666666666666666,5,5,GCTGGGCAATGAGACTGAGA,0,4515745
yahL_predicted,0.16666666666666666,5,5,GCTCATCTTTTAGGGTTCAT,0,4516691
yahL_predicted,0.16666666666666666,5,5,GCTATTGTGTCACCCGAAAG,0,4532209
yahL_predicted,0.16666666666666666,5,5,GCTAGTTGTATGTGGAGGCC,0,4535197
yahL_predicted,0.16666666666666666,5,5,GCGTTTTAGATCTGATATGT,0,4536054
yahL_predicted,0.16666666666666666,5,5,GCGTGTTAATCACGTCCGGC,0,4541710
yahL_predicted,0.16666666666666666,5,5,GCGTGGCACATCAATCCTGA,0,4521056
yahL_predicted,0.16666666666666666,5,5,GCGTCGATCGGCAAGATTAT,0,4542049
yahL_predicted,0.16666666666666666,5,5,GCGTATGCAGAGGTGCAGAG,0,4513626
yahL_predicted,0.16666666666666666,5,5,GCGGTGGAGTGTAAGCGTGG,0,4536751
yahL_predicted,0.16666666666666666,5,5,GCGGGTTACGGTAATTGCAC,0,4518251
yahL_predicted,0.16666666666666666,5,5,GCGGGCACGTCTATCTGGGT,0,4520681
yahL_predicted,0.16666666666666666,5,5,GCGGCGGGGTAGGCAAATAA,0,4533783
yahL_predicted,0.16666666666666666,5,5,GCGCGCGCCGGTGAGATCAT,0,4538610
yahL_predicted,0.16666666666666666,5,5,GCGCCCGGCCAAAGGCCAGG,0,4539323
yahL_predicted,0.16666666666666666,5,5,GCGACCGACGACCCGGCCTA,0,4540476
yahL_predicted,0.16666666666666666,5,5,GCCTTATCTCGGAATCACTG,0,4536635
yahL_predicted,0.16666666666666666,5,5,GCCTACTGGTACCATTCGTT,0,4523873
yahL_predicted,0.16666666666666666,5,5,GCCGGCCCAGGGACGTTGCG,0,4540518
yahL_predicted,0.16666666666666666,5,5,GCCGACTTCTTGCCCACCCG,0,4525562
yahL_predicted,0.16666666666666666,5,5,GCCCTTAAGCACCTTTCATA,0,4530374
yahL_predicted,0.16666666666666666,5,5,GCCCCGGGGATTGCAGCGAT,0,4516552
yahL_predicted,0.16666666666666666,5,5,GCCCATCCCTTTCGATATGA,0,4513775
yahL_predicted,0.16666666666666666,5,5,GCCCACTTTTCCGCGCCTTT,0,4540554
yahL_predicted,0.16666666666666666,5,5,GCCACACCCTCGCGGGATGG,0,4535482
yahL_predicted,0.16666666666666666,5,5,GCATCGGCATTGTCTGAAGT,0,4513188
yahL_predicted,0.16666666666666666,5,5,GCAGATCCTAGCGATATGGC,0,4521428
yahL_predicted,0.16666666666666666,5,5,GCAGATATGCATAAACAACT,0,4524141
yahL_predicted,0.16666666666666666,5,5,GCAGACGGGTTTCGAAAGTC,0,4542157
yahL_predicted,0.16666666666666666,5,5,GCACGCCGTTTCCGCCCAAA,0,4527578
yahL_predicted,0.16666666666666666,5,5,GCAAGGTGAGGTTGTACTCG,0,4519635
yahL_predicted,0.16666666666666666,5,5,GCAAGGGGCCTGGGTCACGG,0,4528450
yahL_predicted,0.16666666666666666,5,5,GCAACAGCCTATACCTGTGG,0,4513501
yahL_predicted,0.16666666666666666,5,5,GATTGTGCCCGTATGAGAAG,0,4514887
yahL_predicted,0.16666666666666666,5,5,GATTGCATTAGAGATCAGGG,0,4524789
yahL_predicted,0.16666666666666666,5,5,GATTCGTCGCCGTCACCTGT,0,4525944
yahL_predicted,0.16666666666666666,5,5,GATTAAAAATACCAGCAATA,0,4535207
yahL_predicted,0.16666666666666666,5,5,GATGCTAAGGCCGTTTTAAT,0,4534794
yahL_predicted,0.16666666666666666,5,5,GATGCATATCGCTCCCTTTT,0,4514412
yahL_predicted,0.16666666666666666,5,5,GATGATAGGACTTTCGTCGT,0,4512438
yahL_predicted,0.16666666666666666,5,5,GATGAACCGTACAGATTTTG,0,4539859
yahL_predicted,0.16666666666666666,5,5,GATCTCAGCGCGGGATGATC,0,4529272
yahL_predicted,0.16666666666666666,5,5,GATCGTGACCGGCGACGCCC,0,4528737
yahL_predicted,0.16666666666666666,5,5,GATCCTGGCGAGTCGTGCTA,0,4539246
yahL_predicted,0.16666666666666666,5,5,GATCCGGCTTCAAGAATACT,0,4528472
yahL_predicted,0.16666666666666666,5,5,GATCACCTGTTCCTGGCCAG,0,4520635
yahL_predicted,0.16666666666666666,5,5,GATATTGGATTTAATGTAAA,0,4530846
yahL_predicted,0.16666666666666666,5,5,GATATTCGACGTCCAGCTCA,0,4526193
yahL_predicted,0.16666666666666666,5,5,GATAGCAGCCGTTACTACCC,0,4516476
yahL_predicted,0.16666666666666666,5,5,GATACGGCGTCTCGGCTCCT,0,4533994
yahL_predicted,0.16666666666666666,5,5,GAGTTGATATTAAGCTTAGA,0,4541124
yahL_predicted,0.16666666666666666,5,5,GAGTTCGCAGGCCTTCCCTC,0,4523863
yahL_predicted,0.16666666666666666,5,5,GAGTATTGGTTTGAAGCTTT,0,4526905
yahL_predicted,0.16666666666666666,5,5,GAGCGCTGGGTGAGAATTTA,0,4513078
yahL_predicted,0.16666666666666666,5,5,GAGCCTGGTCTATATTCTCA,0,4542083
yahL_predicted,0.16666666666666666,5,5,GAGCAGCTTGCGAGTGCGAG,0,4523493
yahL_predicted,0.16666666666666666,5,5,GAGCAGAAAACACAAAGTAC,0,4538226
yahL_predicted,0.16666666666666666,5,5,GAGATTATACATGACAAGCT,0,4523204
yahL_predicted,0.16666666666666666,5,5,GAGAAGGGCTGGGTTAAGAA,0,4536852
yahL_predicted,0.16666666666666666,5,5,GACGCGGATCAATGTACCAT,0,4523211
yahL_predicted,0.16666666666666666,5,5,GACGCCGAAACAGTTTCTTA,0,4528362
yahL_predicted,0.16666666666666666,5,5,GACGCATATGATGTACGAGT,0,4512995
yahL_predicted,0.16666666666666666,5,5,GACGAAGTTCCATCACGGGG,0,4539681
yahL_predicted,0.16666666666666666,5,5,GACCTGCCAACCACGATGAG,0,4540825
yahL_predicted,0.16666666666666666,5,5,GACCGTGTGCGCGAATGATC,0,4532561
yahL_predicted,0.16666666666666666,5,5,GACCAGGTACGGGAACGCCT,0,4528395
yahL_predicted,0.16666666666666666,5,5,GACACCGTGGTAGGCGGAAC,0,4537754
yahL_predicted,0.16666666666666666,5,5,GACACATGCTTGAAAGGAGA,0,4535067
yahL_predicted,0.16666666666666666,5,5,GAATTGATGATAGCGTATTG,0,4519788
yahL_predicted,0.16666666666666666,5,5,GAATTAGAACCTCCAATTAT,0,4515179
yahL_predicted,0.16666666666666666,5,5,GAATGCGCGAGTAACCGGCC,0,4530820
yahL_predicted,0.16666666666666666,5,5,GAATAAGATTGTAAATGGAT,0,4535559
yahL_predicted,0.16666666666666666,5,5,GAAGTCACCAATACCGATTA,0,4544264
yahL_predicted,0.16666666666666666,5,5,GAAGCTCGCTATCTGTCGTC,0,4516897
yahL_predicted,0.16666666666666666,5,5,GAACTTGGGACCACGGTCAC,0,4514025
yahL_predicted,0.16666666666666666,5,5,GAACCCAAAGTCCTCTTTCG,0,4529077
yahL_predicted,0.16666666666666666,5,5,GAACAGGGTAACGAGACACT,0,4513829
yahL_predicted,0.16666666666666666,5,5,GAACAGGCTTAACGGGCCGT,0,4532571
yahL_predicted,0.16666666666666666,5,5,GAAAGAGATGCGCGGAGCGC,0,4533425
yahL_predicted,0.16666666666666666,5,5,GAAAAACGCAAATGCCGTAA,0,4521267
yahL_predicted,0.16666666666666666,5,5,CTTTTGTTCAGGCCGTATAC,0,4528961
yahL_predicted,0.16666666666666666,5,5,CTTTCAAGGAAACCTGTCTT,0,4527282
yahL_predicted,0.16666666666666666,5,5,CTTGGTGTTAATGGTGAAAT,0,4535814
yahL_predicted,0.16666666666666666,5,5,CTTGGATCGTCTCTGTTCTG,0,4531601
yahL_predicted,0.16666666666666666,5,5,CTTGCCCTCTGAAGTCCCAC,0,4516143
yahL_predicted,0.16666666666666666,5,5,CTTCTTTAACACGGACTACC,0,4535404
yahL_predicted,0.16666666666666666,5,5,CTTCTACGCGGGGGGATGGT,0,4515776
yahL_predicted,0.16666666666666666,5,5,CTTCGAGCCACACGACAAAC,0,4535453
yahL_predicted,0.16666666666666666,5,5,CTTCCTTACGAACTGTTCCA,0,4543682
yahL_predicted,0.16666666666666666,5,5,CTTATTGATCACATTCGGAA,0,4519680
yahL_predicted,0.16666666666666666,5,5,CTTATATTTGGTTTGACGTC,0,4540312
yahL_predicted,0.16666666666666666,5,5,CTTAGATTTCAACACGCTAC,0,4530022
yahL_predicted,0.16666666666666666,5,5,CTTAATACCTGTTAGGGGTC,0,4520674
yahL_predicted,0.16666666666666666,5,5,CTGTTACAGCCCAAAATTGA,0,4536633
yahL_predicted,0.16666666666666666,5,5,CTGGTATGGGGCACAATGCA,0,4540515
yahL_predicted,0.16666666666666666,5,5,CTGGGCTCACCGGGCGTAGT,0,4531948
yahL_predicted,0.16666666666666666,5,5,CTGCGCGTGAATTGTCATTT,0,4527948
yahL_predicted,0.16666666666666666,5,5,CTCGTGCGGAGGCGTTATTA,0,4524705
yahL_predicted,0.16666666666666666,5,5,CTCGCTCATCTTACTCATGC,0,4515236
yahL_predicted,0.16666666666666666,5,5,CTCGCGTCGCAAAGCACACT,0,4519919
yahL_predicted,0.16666666666666666,5,5,CTCGCCCAATCAATCCGTCT,0,4532421
yahL_predicted,0.16666666666666666,5,5,CTCCTGTCAGACTGAGTATA,0,4514444
yahL_predicted,0.16666666666666666,5,5,CTCCAGCTCTACTTTAAGAG,0,4523448
yahL_predicted,0.16666666666666666,5,5,CTCAATATAGCTACTAGGAG,0,4543588
yahL_predicted,0.16666666666666666,5,5,CTAGCTGTGAACAAGGGTAT,0,4523881
yahL_predicted,0.16666666666666666,5,5,CTACTGTCCTCAAACCAGTC,0,4519482
yahL_predicted,0.16666666666666666,5,5,CTACCGTTGGGCAAAGCACT,0,4543387
yahL_predicted,0.16666666666666666,5,5,CTACACCTGATCAGTCCTTC,0,4528910
yahL_predicted,0.16666666666666666,5,5,CTAATACTAATCTATCGGAC,0,4515350
yahL_predicted,0.16666666666666666,5,5,CTAAGGAAGCGGGCTAGGTT,0,4519940
yahL_predicted,0.16666666666666666,5,5,CGTTGTGGCAAGCGTTCCCT,0,4512327
yahL_predicted,0.16666666666666666,5,5,CGTTACTGGGTCCTGGGTGA,0,4533506
yahL_predicted,0.16666666666666666,5,5,CGTGGCATCGGTGCCATCCC,0,4536409
yahL_predicted,0.16666666666666666,5,5,CGTGGAACAACTGCGGGGTT,0,4528791
yahL_predicted,0.16666666666666666,5,5,CGTCGGACCGAGATACGCAG,0,4531302
yahL_predicted,0.16666666666666666,5,5,CGTCATGCGTGCCTGTACAG,0,4527317
yahL_predicted,0.16666666666666666,5,5,CGTCACTGCCTGACGAGCAG,0,4531946
yahL_predicted,0.16666666666666666,5,5,CGGTCCACCACTGCACATCT,0,4541623
yahL_predicted,0.16666666666666666,5,5,CGGTAATCACGGGGACATTA,0,4529437
yahL_predicted,0.16666666666666666,5,5,CGGGGGTATTTAACGCGCAT,0,4528077
yahL_predicted,0.16666666666666666,5,5,CGGGGGACTAGGAAGCTTAA,0,4522050
yahL_predicted,0.16666666666666666,5,5,CGGGCGGGACTAATTTGTTT,0,4521151
yahL_predicted,0.16666666666666666,5,5,CGGGAGAGACATGACGCGAT,0,4528682
yahL_predicted,0.16666666666666666,5,5,CGGCTGCCTTGAACGCAGGC,0,4524580
yahL_predicted,0.16666666666666666,5,5,CGGCGCTACGGTCCGAATGG,0,4529671
yahL_predicted,0.16666666666666666,5,5,CGGCCCATATGCACTGGGCA,0,4514137
yahL_predicted,0.16666666666666666,5,5,CGGCATGTGGTTCCCAAAGT,0,4533027
yahL_predicted,0.16666666666666666,5,5,CGGAGTATCTAGTAGACATA,0,4512147
yahL_predicted,0.16666666666666666,5,5,CGGACAATTTGCGTATGGTG,0,4521862
yahL_predicted,0.16666666666666666,5,5,CGGAACCACGTACCGGCGCC,0,4526885
yahL_predicted,0.16666666666666666,5,5,CGCTTAAAAGAACTGATGAC,0,4521962
yahL_predicted,0.16666666666666666,5,5,CGCTGTAGTGACTAAACGCA,0,4527887
yahL_predicted,0.16666666666666666,5,5,CGCTGGGGGAAGGTAGTGGT,0,4529082
yahL_predicted,0.16666666666666666,5,5,CGCTATTTTATTTTATTGGC,0,4523713
yahL_predicted,0.16666666666666666,5,5,CGCGTGGCTGAAGAGAAACA,0,4522040
yahL_predicted,0.16666666666666666,5,5,CGCGGGGGAGTCATACATTG,0,4528479
yahL_predicted,0.16666666666666666,5,5,CGCATTCGCCTCCACGATGC,0,4531458
yahL_predicted,0.16666666666666666,5,5,CGCATACCCGAGTGAAAAAA,0,4531865
yahL_predicted,0.16666666666666666,5,5,CGATTGATGTCGATTGCGGA,0,4541786
yahL_predicted,0.16666666666666666,5,5,CGATTCGTCGGCATGGCCAA,0,4535907
yahL_predicted,0.16666666666666666,5,5,CGATGTGCAAGGTTGTGGGG,0,4528903
yahL_predicted,0.16666666666666666,5,5,CGAGTCACGAGAATATACAC,0,4528666
yahL_predicted,0.16666666666666666,5,5,CGAGTACGTTTTTGAGCAGG,0,4530909
yahL_predicted,0.16666666666666666,5,5,CGAGCCTGATTCACTCCTGA,0,4542050
yahL_predicted,0.16666666666666666,5,5,CGAGATGGAAGACTTGGTTA,0,4530991
yahL_predicted,0.16666666666666666,5,5,CGAGATGACTAAGCGACTAA,0,4541102
yahL_predicted,0.16666666666666666,5,5,CGACGGACTAACGGAATGGG,0,4516715
yahL_predicted,0.16666666666666666,5,5,CGACGCCGACGAATCCGACA,0,4539390
yahL_predicted,0.16666666666666666,5,5,CGACCCGATCCAAACTGGTG,0,4513875
yahL_predicted,0.16666666666666666,5,5,CCTTAACGCAGCGCAAATGC,0,4532506
yahL_predicted,0.16666666666666666,5,5,CCTTAAAGCGAGCTGGAACA,0,4522961
yahL_predicted,0.16666666666666666,5,5,CCTGTCCTGAGTTCGATTTC,0,4515827
yahL_predicted,0.16666666666666666,5,5,CCTGCATTGTAAGCTTGTAT,0,4513740
yahL_predicted,0.16666666666666666,5,5,CCTATGCCTGAGGATTCACA,0,4536870
yahL_predicted,0.16666666666666666,5,5,CCTATCGAGTTCGCGCGGGT,0,4535891
yahL_predicted,0.16666666666666666,5,5,CCTAGCGTACAGAGGTGACT,0,4536214
yahL_predicted,0.16666666666666666,5,5,CCGTTTAGATATGGCGGATT,0,4534671
yahL_predicted,0.16666666666666666,5,5,CCGTGTATACTCGCTAGACA,0,4537189
yahL_predicted,0.16666666666666666,5,5,CCGTAATCTGGCGGTGAGAC,0,4518626
yahL_predicted,0.16666666666666666,5,5,CCGGTAAACCAAGGGTTGGC,0,4535644
yahL_predicted,0.16666666666666666,5,5,CCGGGGCGTAAGATAACATC,0,4533196
yahL_predicted,0.16666666666666666,5,5,CCGGCCCCGACAAGGGGACG,0,4518731
yahL_predicted,0.16666666666666666,5,5,CCGCGTTTGTAATGCTGCCG,0,4542035
yahL_predicted,0.16666666666666666,5,5,CCGATCAAATTTAAAGGTCG,0,4515805
yahL_predicted,0.16666666666666666,5,5,CCGACAGCGCTCACCATCGC,0,4538945
yahL_predicted,0.16666666666666666,5,5,CCGACAAGCGTTCCTATTTT,0,4520925
yahL_predicted,0.16666666666666666,5,5,CCCGTTAACAGAGTCGAGCA,0,4518311
yahL_predicted,0.16666666666666666,5,5,CCCGATGCGTTTATAGCAAG,0,4537194
yahL_predicted,0.16666666666666666,5,5,CCCCTCAGACTTCTTGTGTT,0,4517705
yahL_predicted,0.16666666666666666,5,5,CCCCGGATTTCGTCAGGGCA,0,4533311
yahL_predicted,0.16666666666666666,5,5,CCCACACGACGGTAAAGGTT,0,4526503
yahL_predicted,0.16666666666666666,5,5,CCATCTCGGGTTTCTGGCGC,0,4541414
yahL_predicted,0.16666666666666666,5,5,CCAGTAGGCACAGGTAATTG,0,4518226
yahL_predicted,0.16666666666666666,5,5,CCAGAGCACTTCAGGTTTAA,0,4538966
yahL_predicted,0.16666666666666666,5,5,CCAGACTCGTACGGACTGAT,0,4540481
yahL_predicted,0.16666666666666666,5,5,CCACTTCCCGATCGACCCTC,0,4527421
yahL_predicted,0.16666666666666666,5,5,CCACGGCTGGAAATCTCCCC,0,4519683
yahL_predicted,0.16666666666666666,5,5,CCACAAGATGTGAAAGTGCT,0,4536799
yahL_predicted,0.16666666666666666,5,5,CCAAAGAAAGGCCAATGAAC,0,4530754
yahL_predicted,0.16666666666666666,5,5,CATTTTTCCGTTTTCCCGTC,0,4537765
yahL_predicted,0.16666666666666666,5,5,CATTGACGAGTTCGCATGTA,0,4538395
yahL_predicted,0.16666666666666666,5,5,CATTCGATTACGACAGTTCA,0,4534927
yahL_predicted,0.16666666666666666,5,5,CATGTCGGACCACGAGAGCA,0,4527911
yahL_predicted,0.16666666666666666,5,5,CATGGGCCTGTGTATACATC,0,4529901
yahL_predicted,0.16666666666666666,5,5,CATGGACGAGGGCTTACACC,0,4520540
yahL_predicted,0.16666666666666666,5,5,CATGCTACCGTGTTTATCAT,0,4543999
yahL_predicted,0.16666666666666666,5,5,CATCTTTGCTATGCCCCAGC,0,4527446
yahL_predicted,0.16666666666666666,5,5,CATCGGCATAACATTATACG,0,4536611
yahL_predicted,0.16666666666666666,5,5,CATCGCCCGGCATACGGTTG,0,4528347
yahL_predicted,0.16666666666666666,5,5,CATATCCGATTGGCTTCGTA,0,4529900
yahL_predicted,0.16666666666666666,5,5,CAGTTAGCACGTCGGAGGTC,0,4521430
yahL_predicted,0.16666666666666666,5,5,CAGTGCGTTCGATACAGCCT,0,4528014
yahL_predicted,0.16666666666666666,5,5,CAGTCAGTTGGAGCGATATG,0,4531362
yahL_predicted,0.16666666666666666,5,5,CAGTAGCCTCACGGCGCTGT,0,4516683
yahL_predicted,0.16666666666666666,5,5,CAGTAATAAGGGTCCGATGA,0,4530060
yahL_predicted,0.16666666666666666,5,5,CAGGTGGCGCCCCCCATGAG,0,4513598
yahL_predicted,0.16666666666666666,5,5,CAGGTCTATTAGACTCCCAA,0,4516948
yahL_predicted,0.16666666666666666,5,5,CAGCTATCATAAGATCATCC,0,4538327
yahL_predicted,0.16666666666666666,5,5,CAGCGGGGAAGGGGTGTCGT,0,4528354
yahL_predicted,0.16666666666666666,5,5,CAGCGCGGTCGGAGCAATCC,0,4532975
yahL_predicted,0.16666666666666666,5,5,CAGCCTAGGCGAGGCCCCAA,0,4528370
yahL_predicted,0.16666666666666666,5,5,CAGCAAAATGGCTCGAGATT,0,4535047
yahL_predicted,0.16666666666666666,5,5,CAGACGCACTGTATAGTCTA,0,4520589
yahL_predicted,0.16666666666666666,5,5,CAGACATTAAATACCTATGT,0,4524852
yahL_predicted,0.16666666666666666,5,5,CACTTTTCGATCACGCGGCA,0,4528956
yahL_predicted,0.16666666666666666,5,5,CACTCCGACAAAGTGATCGT,0,4519074
yahL_predicted,0.16666666666666666,5,5,CACGTCGGCCACAATCACTG,0,4541751
yahL_predicted,0.16666666666666666,5,5,CACGGTAGAGCCTACAGGCT,0,4532401
yahL_predicted,0.16666666666666666,5,5,CACGGAATTGTCTACAGAGG,0,4527437
yahL_predicted,0.16666666666666666,5,5,CACGATTTTTCAATTCCATC,0,4535665
yahL_predicted,0.16666666666666666,5,5,CACCCATATCCGATTAATAC,0,4530629
yahL_predicted,0.16666666666666666,5,5,CACCCAGGTTATGCTGCCTT,0,4515519
yahL_predicted,0.16666666666666666,5,5,CACACGATTCGCGTTCCGAG,0,4534450
yahL_predicted,0.16666666666666666,5,5,CAATTGACTAGCAAGGCAAT,0,4519095
yahL_predicted,0.16666666666666666,5,5,CAATGAACGACTTCATCGTC,0,4522114
yahL_predicted,0.16666666666666666,5,5,CAATCGGGCATGGGGTCATT,0,4543134
yahL_predicted,0.16666666666666666,5,5,CAAGGATGGGTATTGCGGAT,0,4518521
yahL_predicted,0.16666666666666666,5,5,CAAGCCAGGTGGGAGAAATA,0,4512770
yahL_predicted,0.16666666666666666,5,5,CAAGATATTCATTTTTAGCC,0,4522830
yahL_predicted,0.16666666666666666,5,5,CAACCCATCCAACAAATAGT,0,4518682
yahL_predicted,0.16666666666666666,5,5,CAAATCATGTGTCTGTTCTT,0,4528224
yahL_predicted,0.16666666666666666,5,5,CAAACTACATATAAAACGCC,0,4540109
yahL_predicted,0.16666666666666666,5,5,CAAAATACATTGGGGGCCTT,0,4529693
yahL_predicted,0.16666666666666666,5,5,CAAAAGTGCATCAGCCCTAT,0,4533867
yahL_predicted,0.16666666666666666,5,5,ATTGTGGCATGGCGCGTAAA,0,4522001
yahL_predicted,0.16666666666666666,5,5,ATTGGCTCCTCATGTGAATT,0,4516096
yahL_predicted,0.16666666666666666,5,5,ATTGATGATTAGTTAAGGTT,0,4522736
yahL_predicted,0.16666666666666666,5,5,ATTCGTTTATGTAATTCGCT,0,4535391
yahL_predicted,0.16666666666666666,5,5,ATTCAGCACTAGGCATAAGT,0,4543263
yahL_predicted,0.16666666666666666,5,5,ATTATCTTGTTAAAAGGGCG,0,4534283
yahL_predicted,0.16666666666666666,5,5,ATTACAAATCTACGCGCCCT,0,4540404
yahL_predicted,0.16666666666666666,5,5,ATGTTTAAGCTGCAGGGAGT,0,4535832
yahL_predicted,0.16666666666666666,5,5,ATGTTCCGTTCCGTAGTCCC,0,4522980
yahL_predicted,0.16666666666666666,5,5,ATGGTTCCAGCACCATTGCA,0,4528071
yahL_predicted,0.16666666666666666,5,5,ATGGCCGTAAACAGCGAAGA,0,4516042
yahL_predicted,0.16666666666666666,5,5,ATGGATAACGATCCGTAGGC,0,4530468
yahL_predicted,0.16666666666666666,5,5,ATGGACGATGGAAACCATGA,0,4512270
yahL_predicted,0.16666666666666666,5,5,ATGGACGACGTTACCTCGAT,0,4541631
yahL_predicted,0.16666666666666666,5,5,ATGGACACCCAATTCACACT,0,4525514
yahL_predicted,0.16666666666666666,5,5,ATGGAACAAAGCCCGGTCGG,0,4514078
yahL_predicted,0.16666666666666666,5,5,ATGCTCTGGTCGCGGCGTAT,0,4542688
yahL_predicted,0.16666666666666666,5,5,ATGCACATATTAACTTATTC,0,4538960
yahL_predicted,0.16666666666666666,5,5,ATGATTTGCCGACTGGTGTC,0,4525043
yahL_predicted,0.16666666666666666,5,5,ATGATATTCCTAGTGAATAA,0,4519509
yahL_predicted,0.16666666666666666,5,5,ATCTGGGCAGATTTGAGGTT,0,4515400
yahL_predicted,0.16666666666666666,5,5,ATCTCAGTTTTCTCCATATT,0,4512353
yahL_predicted,0.16666666666666666,5,5,ATCTCACAGTGCATATTGTC,0,4529663
yahL_predicted,0.16666666666666666,5,5,ATCTATGTCTCGCGGCGAGA,0,4518000
yahL_predicted,0.16666666666666666,5,5,ATCGTGTCCTGGAGGGGACT,0,4520036
yahL_predicted,0.16666666666666666,5,5,ATCGTCAATTTGCCAGAACA,0,4528447
yahL_predicted,0.16666666666666666,5,5,ATCGCCTTTGCCCGCGTGAT,0,4541819
yahL_predicted,0.16666666666666666,5,5,ATCCGAATGAAATATGATCA,0,4541770
yahL_predicted,0.16666666666666666,5,5,ATCATAAGGTATGAAATGGA,0,4543449
yahL_predicted,0.16666666666666666,5,5,ATCAGGACTTTTCTGAGCAT,0,4526163
yahL_predicted,0.16666666666666666,5,5,ATCAGCCGGAAATCTTTGGC,0,4521481
yahL_predicted,0.16666666666666666,5,5,ATCACTGTTTTTAACAAGGT,0,4540478
yahL_predicted,0.16666666666666666,5,5,ATATCAGTCGAGAACGAAGT,0,4516470
yahL_predicted,0.16666666666666666,5,5,ATATAACTTCACCCGTATAC,0,4538629
yahL_predicted,0.16666666666666666,5,5,ATAGTTCACTGGACGGGTTC,0,4521541
yahL_predicted,0.16666666666666666,5,5,ATAGCGCTCGCTGTCGAAAG,0,4540408
yahL_predicted,0.16666666666666666,5,5,ATAGAGTTAGGGCGGACAAC,0,4536562
yahL_predicted,0.16666666666666666,5,5,ATACTTGGCCGTCTGATCGT,0,4533175
yahL_predicted,0.16666666666666666,5,5,ATACTCAATGAAAGATTCGT,0,4521725
yahL_predicted,0.16666666666666666,5,5,ATACCGAATGAGGGGCATAT,0,4529434
yahL_predicted,0.16666666666666666,5,5,ATACCCACGGTAATAGGTTT,0,4534910
yahL_predicted,0.16666666666666666,5,5,ATACCAGGGCATAGCTATTA,0,4537115
yahL_predicted,0.16666666666666666,5,5,ATACCAATGTCATTGAAGGC,0,4518607
yahL_predicted,0.16666666666666666,5,5,ATAATTTTATTTAGGGGCCA,0,4528331
yahL_predicted,0.16666666666666666,5,5,ATAATCCACCTGTGCGAGCA,0,4539118
yahL_predicted,0.16666666666666666,5,5,ATAAGCTTGAAATAGGGCTA,0,4525923
yahL_predicted,0.16666666666666666,5,5,ATAACTTACCGTCGGCTGGA,0,4532026
yahL_predicted,0.16666666666666666,5,5,ATAAATCAAGCCCGACCGTA,0,4543157
yahL_predicted,0.16666666666666666,5,5,ATAAAGGGTACTGACTTCGG,0,4518317
yahL_predicted,0.16666666666666666,5,5,AGTTTGTGCGACGCCTCATA,0,4516813
yahL_predicted,0.16666666666666666,5,5,AGTTTACGAAGCCCCTCTGC,0,4540002
yahL_predicted,0.16666666666666666,5,5,AGTTGGAAGAGATTGGGATT,0,4544267
yahL_predicted,0.16666666666666666,5,5,AGTTGAGATGTCTTTCCGCT,0,4515490
yahL_predicted,0.16666666666666666,5,5,AGTTCCGAGAGCTTACAGGT,0,4544149
yahL_predicted,0.16666666666666666,5,5,AGTTATAGGCTCGTACTTCC,0,4524708
yahL_predicted,0.16666666666666666,5,5,AGTTAATAGTGCGAACGGCT,0,4530941
yahL_predicted,0.16666666666666666,5,5,AGTGTATTCTCCAGCAAGCT,0,4532349
yahL_predicted,0.16666666666666666,5,5,AGTGCGGCTGTCTTCAAAAC,0,4524889
yahL_predicted,0.16666666666666666,5,5,AGTCCGTTGTGTGCTACCTC,0,4537525
yahL_predicted,0.16666666666666666,5,5,AGTCATGAGCGAGGACGGCC,0,4524878
yahL_predicted,0.16666666666666666,5,5,AGTCATCTCTAGAAATTCCC,0,4514930
yahL_predicted,0.16666666666666666,5,5,AGTCATAAGAACGCATAAAT,0,4524858
yahL_predicted,0.16666666666666666,5,5,AGTCAAGGGTATTGATCCGT,0,4543102
yahL_predicted,0.16666666666666666,5,5,AGGTCGGAGTGAATGAGTCT,0,4532120
yahL_predicted,0.16666666666666666,5,5,AGGGTAAAACTGGCCACGAG,0,4527707
yahL_predicted,0.16666666666666666,5,5,AGGGCGTAGTGTCTCGGAAT,0,4515615
yahL_predicted,0.16666666666666666,5,5,AGGCTAAGACCTCACATGGA,0,4519804
yahL_predicted,0.16666666666666666,5,5,AGGATATAATGCTGCCATAC,0,4519284
yahL_predicted,0.16666666666666666,5,5,AGGATAACACCAAGTGCTTG,0,4536314
yahL_predicted,0.16666666666666666,5,5,AGGATAAAGACCGTCTGATA,0,4532690
yahL_predicted,0.16666666666666666,5,5,AGGACTGTATTTCGCCCGGT,0,4516614
yahL_predicted,0.16666666666666666,5,5,AGCTGGTGACCTCTTTTGGA,0,4536961
yahL_predicted,0.16666666666666666,5,5,AGCTGGTCTCATGTGGTGGA,0,4529745
yahL_predicted,0.16666666666666666,5,5,AGCTGCACAGAGCGGCACGT,0,4524903
yahL_predicted,0.16666666666666666,5,5,AGCGTTGGTTATTATCGGAC,0,4519763
yahL_predicted,0.16666666666666666,5,5,AGCGGGAGAGGCTCCACAAG,0,4542124
yahL_predicted,0.16666666666666666,5,5,AGCGGCTGGGCTAATGGTTC,0,4517963
yahL_predicted,0.16666666666666666,5,5,AGCGAATTTCAGGATCTGGA,0,4539000
yahL_predicted,0.16666666666666666,5,5,AGCCCAGCCCATTTATTAAA,0,4517888
yahL_predicted,0.16666666666666666,5,5,AGCCACTTGGAGCGTTAGAA,0,4541457
yahL_predicted,0.16666666666666666,5,5,AGCAGCCAGTCATACGGTGT,0,4524962
yahL_predicted,0.16666666666666666,5,5,AGCACCGCTAACGACCAAAA,0,4535366
yahL_predicted,0.16666666666666666,5,5,AGCAAATGGTGCGATCATTT,0,4541551
yahL_predicted,0.16666666666666666,5,5,AGATATGACTAGCCTGTTCT,0,4513347
yahL_predicted,0.16666666666666666,5,5,AGAGTTGTAGCGATGATACG,0,4521513
yahL_predicted,0.16666666666666666,5,5,AGAGTCTGAAGATATAGGCC,0,4542311
yahL_predicted,0.16666666666666666,5,5,AGAGTACACCTGACATGAAG,0,4531576
yahL_predicted,0.16666666666666666,5,5,AGAGAATGAAGTTCACTTCA,0,4531759
yahL_predicted,0.16666666666666666,5,5,AGACGTATCTTCCCCAGGGT,0,4530184
yahL_predicted,0.16666666666666666,5,5,AGACATACACTCCGCTCGTG,0,4534814
yahL_predicted,0.16666666666666666,5,5,AGAATTACCGCGTGCGTCTA,0,4521998
yahL_predicted,0.16666666666666666,5,5,AGAACCGGGTACAACTTTAT,0,4523476
yahL_predicted,0.16666666666666666,5,5,AGAAAATCTTCGTTTCGCTT,0,4533285
yahL_predicted,0.16666666666666666,5,5,ACTGGCTTTGGGATATATCG,0,4534020
yahL_predicted,0.16666666666666666,5,5,ACTGACTGATCCACACTTAT,0,4537068
yahL_predicted,0.16666666666666666,5,5,ACTGAATTCGGTCTTGGCTA,0,4534980
yahL_predicted,0.16666666666666666,5,5,ACTCGTCAATAAACGGCATA,0,4540849
yahL_predicted,0.16666666666666666,5,5,ACTCGGCTCCTGGGCAGCCT,0,4527721
yahL_predicted,0.16666666666666666,5,5,ACTCCTGCATGAAACGGGTT,0,4536706
yahL_predicted,0.16666666666666666,5,5,ACTCCGGGGCGGTTAGACCA,0,4535370
yahL_predicted,0.16666666666666666,5,5,ACTATTCAAGGCCGCTGCAG,0,4513994
yahL_predicted,0.16666666666666666,5,5,ACTAAATCGGTAGTGCATTA,0,4522929
yahL_predicted,0.16666666666666666,5,5,ACGTTTGTAGCTTCCGAACT,0,4537668
yahL_predicted,0.16666666666666666,5,5,ACGTGGAAACGCTGAGGGAT,0,4527536
yahL_predicted,0.16666666666666666,5,5,ACGTCTCGCATAGGGCATCA,0,4518757
yahL_predicted,0.16666666666666666,5,5,ACGTATGATTGTTTCTATTC,0,4520545
yahL_predicted,0.16666666666666666,5,5,ACGTATCTGGCCATGGTGTG,0,4533152
yahL_predicted,0.16666666666666666,5,5,ACGGGCGCTACATAACTATA,0,4527989
yahL_predicted,0.16666666666666666,5,5,ACGGCCTTGTTGAAAGGTTC,0,4521550
yahL_predicted,0.16666666666666666,5,5,ACGCGCAACGGCAGTATGGA,0,4515824
yahL_predicted,0.16666666666666666,5,5,ACCTTTTACCGGTTGATATT,0,4544077
yahL_predicted,0.16666666666666666,5,5,ACCTCTCGTTAGCATACGTC,0,4526342
yahL_predicted,0.16666666666666666,5,5,ACCGTGCTTAAGGGTGGGTC,0,4526949
yahL_predicted,0.16666666666666666,5,5,ACCGATACGCGCACTCTATT,0,4535269
yahL_predicted,0.16666666666666666,5,5,ACCGATACACTCTCTCCAAA,0,4518540
yahL_predicted,0.16666666666666666,5,5,ACCCTTTTGGGCTTATTCGA,0,4532577
yahL_predicted,0.16666666666666666,5,5,ACCCTCGATGGTAAAGTGTG,0,4527798
yahL_predicted,0.16666666666666666,5,5,ACCACGGGGAAGGCCAGCCA,0,4513631
yahL_predicted,0.16666666666666666,5,5,ACCACGGAGTGTCACCAAGA,0,4540714
yahL_predicted,0.16666666666666666,5,5,ACAGGCTACTACCGTCGGGC,0,4512171
yahL_predicted,0.16666666666666666,5,5,ACAGGCACTGCGGAGACCTT,0,4530432
yahL_predicted,0.16666666666666666,5,5,ACAGGAGATTGACCGCTACG,0,4533303
yahL_predicted,0.16666666666666666,5,5,ACACGTGGGTGTGCACAGCC,0,4529648
yahL_predicted,0.16666666666666666,5,5,ACACGATAGTCACTTCGCGC,0,4536296
yahL_predicted,0.16666666666666666,5,5,ACACCAAGTCTCAGGCCGGT,0,4518643
yahL_predicted,0.16666666666666666,5,5,ACAATCGGTGATCGCGGACG,0,4537343
yahL_predicted,0.16666666666666666,5,5,AATTGTCCGCATGCTCTGGC,0,4527651
yahL_predicted,0.16666666666666666,5,5,AATTGCTCAGCCCGTGGTGA,0,4537070
yahL_predicted,0.16666666666666666,5,5,AATTCGGGACTCCTCGCGCG,0,4542288
yahL_predicted,0.16666666666666666,5,5,AATTCCGCGGGTGGGTTATA,0,4518790
yahL_predicted,0.16666666666666666,5,5,AATTACGTGGCAGGGCTCAT,0,4516226
yahL_predicted,0.16666666666666666,5,5,AATGGGGGTTGCTAATTGAT,0,4540499
yahL_predicted,0.16666666666666666,5,5,AATGCTGCAGCACATGGGCA,0,4513940
yahL_predicted,0.16666666666666666,5,5,AATGCGTCCAGATTGACTTC,0,4515536
yahL_predicted,0.16666666666666666,5,5,AATCTCATAAGGATGTACCA,0,4541038
yahL_predicted,0.16666666666666666,5,5,AATCAACGGGTACAAGGACG,0,4531650
yahL_predicted,0.16666666666666666,5,5,AATAAGAAGCCCTAGAGATG,0,4526564
yahL_predicted,0.16666666666666666,5,5,AAGTTCTAAGGCGCGGTACG,0,4521002
yahL_predicted,0.16666666666666666,5,5,AAGTGGGAGGAGGCACCTAG,0,4526097
yahL_predicted,0.16666666666666666,5,5,AAGTGAATGGCGTTACCGGT,0,4533728
yahL_predicted,0.16666666666666666,5,5,AAGGGAATGTCGTCAATCAA,0,4540175
yahL_predicted,0.16666666666666666,5,5,AAGGCTAAAAGCAGCGCGTC,0,4525274
yahL_predicted,0.16666666666666666,5,5,AAGGCATTGCGGGTGTATTC,0,4527209
yahL_predicted,0.16666666666666666,5,5,AAGGAATTACTATCCTAATC,0,4540829
yahL_predicted,0.16666666666666666,5,5,AAGCAAGGAATGCGCAGGGC,0,4520823
yahL_predicted,0.16666666666666666,5,5,AAGCAAAGAACGATGTTACT,0,4540937
yahL_predicted,0.16666666666666666,5,5,AAGATCTCTGAGCTAAATCA,0,4515573
yahL_predicted,0.16666666666666666,5,5,AAGATACACATCGAGAACCT,0,4519563
yahL_predicted,0.16666666666666666,5,5,AACTCGGTTTCCGACATCAG,0,4535718
yahL_predicted,0.16666666666666666,5,5,AACTCAATCTATTAGGGACT,0,4542196
yahL_predicted,0.16666666666666666,5,5,AACGTTGCGAAGACACCTCC,0,4512479
yahL_predicted,0.16666666666666666,5,5,AACGTTCTCGATGGCGGACC,0,4525001
yahL_predicted,0.16666666666666666,5,5,AACGCTTAGGGGACATGAAT,0,4536334
yahL_predicted,0.16666666666666666,5,5,AACGCCAACGCAACACAGGT,0,4520008
yahL_predicted,0.16666666666666666,5,5,AACGAAGCCCATACTACGGA,0,4528690
yahL_predicted,0.16666666666666666,5,5,AACCGACTGAGTGCCCTTGC,0,4526313
yahL_predicted,0.16666666666666666,5,5,AACCAGAACTGCATGGGACT,0,4535419
yahL_predicted,0.16666666666666666,5,5,AACACCGAATATCCGGATGT,0,4535793
yahL_predicted,0.16666666666666666,5,5,AAAGGATCAGTCCCCAGAAC,0,4514588
yahL_predicted,0.16666666666666666,5,5,AAAGGAGATACCTCGGATGA,0,4538634
yahL_predicted,0.16666666666666666,5,5,AAACTTAGTTCGCTGTTTCA,0,4529645
yahL_predicted,0.16666666666666666,5,5,AAACTCGTATTTTAGTCCGT,0,4520579
yahL_predicted,0.16666666666666666,5,5,AAACTAGATTGGGGCAGGCT,0,4516700
yahL_predicted,0.16666666666666666,5,5,AAACTACTTAATAGGATCAC,0,4540489
yahL_predicted,0.16666666666666666,5,5,AAACGAGGATGCCGAGTATG,0,4522725
yahL_predicted,0.16666666666666666,5,5,AAAAGTCGATTTCGATGTCT,0,4525170
yahL_predicted,0.16666666666666666,5,5,AAAACCCCGCTCACCACGGC,0,4513579
yahL_predicted,0.2,4,4,TTTTTTTAAACGTAACGAAA,0,4541419
yahL_predicted,0.2,4,4,TTTTTGAACTGTTCCCTTAG,0,4529381
yahL_predicted,0.2,4,4,TTTTGGGATCTAGCTGCGAT,0,4522429
yahL_predicted,0.2,4,4,TTTTGGCGCTGGGTTGCAGG,0,4536835
yahL_predicted,0.2,4,4,TTTTCCAACTCTCCGATCCC,0,4532169
yahL_predicted,0.2,4,4,TTTTCACCGCTCCTCGTACC,0,4521795
yahL_predicted,0.2,4,4,TTTTACCGGACACTTAAGCG,0,4516050
yahL_predicted,0.2,4,4,TTTGTTTGCTGCCCATTCAG,0,4527018
yahL_predicted,0.2,4,4,TTTGCTTCACGAAGCGCTGT,0,4529469
yahL_predicted,0.2,4,4,TTTGCACCGGGGGGGCGTCT,0,4532396
yahL_predicted,0.2,4,4,TTTGATGGGTGTGTTTTATT,0,4521220
yahL_predicted,0.2,4,4,TTTCGGGTTCGTAGCGTGCT,0,4516615
yahL_predicted,0.2,4,4,TTTATAATTTTCGGACAGTT,0,4542322
yahL_predicted,0.2,4,4,TTTAACCGTTTGCGGTCCGT,0,4536958
yahL_predicted,0.2,4,4,TTGTGTATTGAGTTAGTCTT,0,4533616
yahL_predicted,0.2,4,4,TTGTGGTCGTCTCCGACATC,0,4529530
yahL_predicted,0.2,4,4,TTGTATAACATAGTCAGCAT,0,4541251
yahL_predicted,0.2,4,4,TTGGCGCCCATGTCATGCTA,0,4531008
yahL_predicted,0.2,4,4,TTGGCCCAGTTTAGTTACGG,0,4523531
yahL_predicted,0.2,4,4,TTGGCCAGAGACGGCCGCAG,0,4534811
yahL_predicted,0.2,4,4,TTGCGTACTTGACCGTAGAC,0,4526230
yahL_predicted,0.2,4,4,TTGCGGCTGGATGATGCTTC,0,4512854
yahL_predicted,0.2,4,4,TTGAGGGTTATGACTCCCTC,0,4530371
yahL_predicted,0.2,4,4,TTGACGTCCGACGCTCACAA,0,4523228
yahL_predicted,0.2,4,4,TTGACGCGCCGGCAGTTTTA,0,4541854
yahL_predicted,0.2,4,4,TTCTTCGCACTTCCCTACTT,0,4531785
yahL_predicted,0.2,4,4,TTCTGTATGTCTATATATCC,0,4526343
yahL_predicted,0.2,4,4,TTCTAAGTCACGCTTGGTCC,0,4521482
yahL_predicted,0.2,4,4,TTCGTGGCAGCTGCATGTTC,0,4537040
yahL_predicted,0.2,4,4,TTCGTATAGGGGACTTTAGC,0,4530225
yahL_predicted,0.2,4,4,TTCGCCCGCGATAGCAAAAC,0,4532840
yahL_predicted,0.2,4,4,TTCCGGGTGGCATCTTTAAT,0,4539445
yahL_predicted,0.2,4,4,TTCCAGCTCAACTAGGTGAG,0,4522672
yahL_predicted,0.2,4,4,TTCAGTACCATGCAGGAGTG,0,4518035
yahL_predicted,0.2,4,4,TTCACAAGCTACTGCGCAAT,0,4527902
yahL_predicted,0.2,4,4,TTCAATTACAACGAGGCTGT,0,4512614
yahL_predicted,0.2,4,4,TTATGAAAGGACTACACAGC,0,4523472
yahL_predicted,0.2,4,4,TTATCGTAATCCATTCAGCC,0,4537822
yahL_predicted,0.2,4,4,TTATCGAGCCTTTTAAATAT,0,4543152
yahL_predicted,0.2,4,4,TTATAAGGGTGATCCACTTG,0,4541946
yahL_predicted,0.2,4,4,TTAGTCTATTGTACACCCTC,0,4525346
yahL_predicted,0.2,4,4,TTAGGCGGCGCCAATGGACC,0,4526954
yahL_predicted,0.2,4,4,TTAGGCCACGATTTACAAGG,0,4536501
yahL_predicted,0.2,4,4,TTAGGACCCCCCGAGCTCCA,0,4534465
yahL_predicted,0.2,4,4,TTAGCGTCATGGAACGATTC,0,4519432
yahL_predicted,0.2,4,4,TTAGCCGAGGGCGATCGACA,0,4539716
yahL_predicted,0.2,4,4,TTAGAATTGCGTTTTAAGTG,0,4536155
yahL_predicted,0.2,4,4,TTACTTAATTTTGCAATAGA,0,4543013
yahL_predicted,0.2,4,4,TTACTATCCAGTAGGGGAGA,0,4540297
yahL_predicted,0.2,4,4,TTACGTATAGTGATACCCGT,0,4525921
yahL_predicted,0.2,4,4,TTACCGTTGAATACGTGCCA,0,4523971
yahL_predicted,0.2,4,4,TTACCGCGACTTTCGTAGCT,0,4518625
yahL_predicted,0.2,4,4,TGTTTTGGTCGCAGCGCTGC,0,4533742
yahL_predicted,0.2,4,4,TGTGTTTGCGAACCGCGATG,0,4523630
yahL_predicted,0.2,4,4,TGTGAAAAAAATACGAATCT,0,4526855
yahL_predicted,0.2,4,4,TGTCCGGGGCGCAAAGGCCT,0,4544311
yahL_predicted,0.2,4,4,TGTCCCGGGATGGCAGAGGA,0,4521494
yahL_predicted,0.2,4,4,TGTCCATCCTGTAGCCAGAG,0,4533491
yahL_predicted,0.2,4,4,TGTATCTAACTGGAGGCAAG,0,4544327
yahL_predicted,0.2,4,4,TGTATCCACAAGTATACGGT,0,4524302
yahL_predicted,0.2,4,4,TGGTTTTGGGTATGACACTT,0,4520504
yahL_predicted,0.2,4,4,TGGTTCTTCTGTGCAAAGAA,0,4530826
yahL_predicted,0.2,4,4,TGGTGACGAACGTGCCAGAC,0,4540074
yahL_predicted,0.2,4,4,TGGTCAACAAGTTTATGGTG,0,4525754
yahL_predicted,0.2,4,4,TGGGTCGAAGATCTCTCGTT,0,4543727
yahL_predicted,0.2,4,4,TGGGATTCTCTCACTCAGAT,0,4533552
yahL_predicted,0.2,4,4,TGGCTTTCGCACAACGAAGT,0,4542126
yahL_predicted,0.2,4,4,TGGCTTTACGACATAGCTGG,0,4524056
yahL_predicted,0.2,4,4,TGGCGCAATCTTCATGTAAC,0,4514143
yahL_predicted,0.2,4,4,TGGAGATTTCTGTATACGAC,0,4532663
yahL_predicted,0.2,4,4,TGCTTGATCATATGGCCTTC,0,4525737
yahL_predicted,0.2,4,4,TGCTTCGACTGGGGGACTGT,0,4543467
yahL_predicted,0.2,4,4,TGCTGTAGGGGGGGGTACCG,0,4519262
yahL_predicted,0.2,4,4,TGCTCCATGGAGATCGGTTG,0,4520156
yahL_predicted,0.2,4,4,TGCTACAAATGCGTAGGAGG,0,4514837
yahL_predicted,0.2,4,4,TGCGTACTTATGAAGGAGTG,0,4541955
yahL_predicted,0.2,4,4,TGCGGGTCCGGGGACTGGTT,0,4528476
yahL_predicted,0.2,4,4,TGCCGGATCCATCATTTTCT,0,4529467
yahL_predicted,0.2,4,4,TGCCCGGTTACGCGGTTAGA,0,4513774
yahL_predicted,0.2,4,4,TGCATCAGTCATACCGAATC,0,4521251
yahL_predicted,0.2,4,4,TGCAGCTTTTTTAATCCATT,0,4535416
yahL_predicted,0.2,4,4,TGATTCCTCATTGATTTTCA,0,4519479
yahL_predicted,0.2,4,4,TGAGGTGATGGAAGGTCTCC,0,4512978
yahL_predicted,0.2,4,4,TGAATGGTCGAAAGTCGGAC,0,4517063
yahL_predicted,0.2,4,4,TCTTTTCCGCAGGAGATGGA,0,4523121
yahL_predicted,0.2,4,4,TCTTGTGGTTATAGGAAGTT,0,4536626
yahL_predicted,0.2,4,4,TCTTGGAACAAGCAGCACGC,0,4525222
yahL_predicted,0.2,4,4,TCTTCGATCATGTCTAGACG,0,4532952
yahL_predicted,0.2,4,4,TCTTCACGTAATACGCGGCA,0,4536025
yahL_predicted,0.2,4,4,TCTGTAACCAGGGGGCCAAT,0,4539137
yahL_predicted,0.2,4,4,TCTGGCTCGACCGATCCCCA,0,4522250
yahL_predicted,0.2,4,4,TCTCGATACCTGGACGCATT,0,4539795
yahL_predicted,0.2,4,4,TCTCAAGTCGGAGGTAAGGG,0,4539386
yahL_predicted,0.2,4,4,TCTAGACTTGACCACGTGTA,0,4538873
yahL_predicted,0.2,4,4,TCGTTGTTGGTAGAAGACGA,0,4528777
yahL_predicted,0.2,4,4,TCGTGAACCGCCATTAGACG,0,4517633
yahL_predicted,0.2,4,4,TCGGTTCATACCATTTGACT,0,4529048
yahL_predicted,0.2,4,4,TCGGGGGTTACTTATCCGTG,0,4536430
yahL_predicted,0.2,4,4,TCGGGGCTTTAAGAGAGGCA,0,4518528
yahL_predicted,0.2,4,4,TCGGGATGTATATTCTGGTC,0,4517096
yahL_predicted,0.2,4,4,TCGGCGTGGGTGTGTAATCG,0,4523375
yahL_predicted,0.2,4,4,TCGGCAGCCCGCCGGTTTAG,0,4522199
yahL_predicted,0.2,4,4,TCGGCAAATGGCCGCAATCA,0,4514508
yahL_predicted,0.2,4,4,TCGGAAGACGTTGCGGATGT,0,4521020
yahL_predicted,0.2,4,4,TCGCTGGAATTCACCGATTT,0,4526578
yahL_predicted,0.2,4,4,TCGCTCCACACCACCGATGC,0,4532550
yahL_predicted,0.2,4,4,TCGCATAGGGCACGATAAGC,0,4513540
yahL_predicted,0.2,4,4,TCGCAGTCCCCTATTAAGGT,0,4543523
yahL_predicted,0.2,4,4,TCCTGTCACTGAATCAATGG,0,4526431
yahL_predicted,0.2,4,4,TCCTATCCAAGTTTAATTAA,0,4538177
yahL_predicted,0.2,4,4,TCCGGCTGCTTCCCTGATGT,0,4535991
yahL_predicted,0.2,4,4,TCCGAAACGGGCCTAATGCT,0,4539710
yahL_predicted,0.2,4,4,TCCCTTTCTTTAGGACAAGT,0,4518931
yahL_predicted,0.2,4,4,TCCCTGGGTTCTCACACAGC,0,4515440
yahL_predicted,0.2,4,4,TCCCCCATCGGTGGGTCGCA,0,4527602
yahL_predicted,0.2,4,4,TCCAGAGACACCCCATAATC,0,4525317
yahL_predicted,0.2,4,4,TCCACCCGTAGAAAGCGTTA,0,4522558
yahL_predicted,0.2,4,4,TCATTGGCCTGCGTCAAGCG,0,4522241
yahL_predicted,0.2,4,4,TCATCTCCATGCAGCCAACG,0,4526266
yahL_predicted,0.2,4,4,TCATATCCTGCCTGCATATA,0,4538516
yahL_predicted,0.2,4,4,TCAGATTTATAACGGTCGGA,0,4533230
yahL_predicted,0.2,4,4,TCACCTGATCGGGACAGATA,0,4534331
yahL_predicted,0.2,4,4,TCACCTACAGCGCGTTTTGA,0,4530541
yahL_predicted,0.2,4,4,TCACCCATATCCACCCTTAT,0,4515522
yahL_predicted,0.2,4,4,TCACCAAGCCCTGGCTACGG,0,4517488
yahL_predicted,0.2,4,4,TCACATACGGGGCAAAGTCA,0,4534385
yahL_predicted,0.2,4,4,TCACAGCTTTCTTCCGATAG,0,4519725
yahL_predicted,0.2,4,4,TCAAGTGATTCATGCGTCGC,0,4517671
yahL_predicted,0.2,4,4,TCAACCCCCAGTTTTTTAAT,0,4534232
yahL_predicted,0.2,4,4,TCAACATCCCTGCGTAGAAA,0,4515908
yahL_predicted,0.2,4,4,TATTTTTATTGGATTTGCTG,0,4521406
yahL_predicted,0.2,4,4,TATTTCCGTAAGTCGTCTTA,0,4512478
yahL_predicted,0.2,4,4,TATTGAGGCAATACTAGAGT,0,4517282
yahL_predicted,0.2,4,4,TATTGAGACTTAGGGTGTTA,0,4516558
yahL_predicted,0.2,4,4,TATTCCTTCCGTTTAAATCC,0,4527073
yahL_predicted,0.2,4,4,TATTCAGGTATGCGTAACAT,0,4513294
yahL_predicted,0.2,4,4,TATTAACAGAATGCTGTTAA,0,4522180
yahL_predicted,0.2,4,4,TATGTCAACTGCGTCCGGTG,0,4541011
yahL_predicted,0.2,4,4,TATCGGATGGTGGGCCTAGC,0,4529913
yahL_predicted,0.2,4,4,TATCCGATACAAGCCCAAAT,0,4541677
yahL_predicted,0.2,4,4,TATCCCTCCATTTGGAACCC,0,4516743
yahL_predicted,0.2,4,4,TATATGTGTTCGTCGAAGCA,0,4524363
yahL_predicted,0.2,4,4,TATACAGCGTGCAATGTTGT,0,4518070
yahL_predicted,0.2,4,4,TAGTTCGGCTTGTTATGTTG,0,4523317
yahL_predicted,0.2,4,4,TAGGATTATCAGGCTTAAAA,0,4535964
yahL_predicted,0.2,4,4,TAGGATCAGGTGAATCGGAG,0,4524631
yahL_predicted,0.2,4,4,TAGGAGTCCAGCTCAACGCA,0,4524961
yahL_predicted,0.2,4,4,TAGCTTTGGCGAAACGATTA,0,4520122
yahL_predicted,0.2,4,4,TAGCGCGCTGAACTTTCGTC,0,4543317
yahL_predicted,0.2,4,4,TAGCCCCGGTTTTCACGCGC,0,4527124
yahL_predicted,0.2,4,4,TAGCATGTTATCCCGAGAAC,0,4523805
yahL_predicted,0.2,4,4,TAGCAGATCGGAGTCATGTC,0,4518909
yahL_predicted,0.2,4,4,TAGATATTTGTAAGAGTACC,0,4522895
yahL_predicted,0.2,4,4,TAGATAAGCCAGTACTGGTT,0,4540558
yahL_predicted,0.2,4,4,TAGAACATTGCAACATGAAC,0,4527765
yahL_predicted,0.2,4,4,TACTTCTGTACCTAAATTGG,0,4543076
yahL_predicted,0.2,4,4,TACGGGCTGACTGTTCCGTC,0,4532199
yahL_predicted,0.2,4,4,TACGATGACTGCTGAAATGT,0,4512958
yahL_predicted,0.2,4,4,TACCTATTGCAGATGTTCCT,0,4541812
yahL_predicted,0.2,4,4,TACCACAGAGAGTATCGTTT,0,4541778
yahL_predicted,0.2,4,4,TACCAACATTCGTTAAGGAA,0,4535788
yahL_predicted,0.2,4,4,TACACTAGCCACTTTGGGAC,0,4523170
yahL_predicted,0.2,4,4,TACACGTGTCCTTAAGGACC,0,4521686
yahL_predicted,0.2,4,4,TACAATCTTCTTTGAACAGT,0,4519062
yahL_predicted,0.2,4,4,TACAAAGTGATCCGTCTTAG,0,4527356
yahL_predicted,0.2,4,4,TAATCGGTACAACGGCTCCG,0,4525761
yahL_predicted,0.2,4,4,TAAGTGTGGTGATACATCCC,0,4524313
yahL_predicted,0.2,4,4,TAAGTGCGTCCTCTTCGGAA,0,4529007
yahL_predicted,0.2,4,4,TAAGGCGAATGCGCGACCAG,0,4513368
yahL_predicted,0.2,4,4,TAACTGATAAAGGTGATTCG,0,4518939
yahL_predicted,0.2,4,4,TAACCAGCGGTCTGACCACA,0,4536241
yahL_predicted,0.2,4,4,TAACATGAGTATCAACCGTT,0,4525553
yahL_predicted,0.2,4,4,TAAACTGTCCACAGATATAC,0,4518497
yahL_predicted,0.2,4,4,TAAACAGATCGGAGGGTTTT,0,4520835
yahL_predicted,0.2,4,4,TAAAAGTAATTGATAACCAC,0,4542001
yahL_predicted,0.2,4,4,GTTTGACCCTAGGAATGAGT,0,4532542
yahL_predicted,0.2,4,4,GTTTGAATGGCCCCGCTCGA,0,4526671
yahL_predicted,0.2,4,4,GTTTCATCGTTGTAAACGCT,0,4514886
yahL_predicted,0.2,4,4,GTTCTGCTGAACCGAGTGCC,0,4522977
yahL_predicted,0.2,4,4,GTTCCCTCGGCTTGTTAGCC,0,4525933
yahL_predicted,0.2,4,4,GTTCATAAACTGATCTTTCT,0,4539084
yahL_predicted,0.2,4,4,GTGTTCCCGAGTAACTCGGC,0,4516645
yahL_predicted,0.2,4,4,GTGTGGTTACCGAAAGGACT,0,4528162
yahL_predicted,0.2,4,4,GTGTGCCTGCGAGCAGCGTG,0,4525435
yahL_predicted,0.2,4,4,GTGTAACTCTCCGTTCGACC,0,4542129
yahL_predicted,0.2,4,4,GTGGGGGGCTTATTCCTGAG,0,4520839
yahL_predicted,0.2,4,4,GTGGCATAGGTACGAGACTC,0,4512491
yahL_predicted,0.2,4,4,GTGGATTCTGCACAATCAAT,0,4537488
yahL_predicted,0.2,4,4,GTGCTTATAAAGACATGTAA,0,4527705
yahL_predicted,0.2,4,4,GTGCGGGATCCTGGTACCGG,0,4543876
yahL_predicted,0.2,4,4,GTGCATAAAGTCACTGAATC,0,4536170
yahL_predicted,0.2,4,4,GTGCAGCACCCAACTCAAGT,0,4532069
yahL_predicted,0.2,4,4,GTGATTTCTCCTCGATGTAC,0,4534076
yahL_predicted,0.2,4,4,GTGATCTACGAACTCTTTAG,0,4540474
yahL_predicted,0.2,4,4,GTGAGTCGGGTACATTATAT,0,4537636
yahL_predicted,0.2,4,4,GTGAGCATGTATTGGTGACA,0,4528416
yahL_predicted,0.2,4,4,GTCTTCACCAGATTCATGGG,0,4541129
yahL_predicted,0.2,4,4,GTCTGTGTAGTTGACGACTA,0,4544302
yahL_predicted,0.2,4,4,GTCTGTCCTGGGGGGCAGGC,0,4542577
yahL_predicted,0.2,4,4,GTCTCGTGCGCTGATCTTCT,0,4526149
yahL_predicted,0.2,4,4,GTCTAAATCCAGCGATTTAC,0,4524105
yahL_predicted,0.2,4,4,GTCGTCCGGGGAACACGTGA,0,4526428
yahL_predicted,0.2,4,4,GTCGTATAGACCTGGGCCAT,0,4534341
yahL_predicted,0.2,4,4,GTCGCACCTTTATGCATTGG,0,4516333
yahL_predicted,0.2,4,4,GTCCATGAACCCGGATATCT,0,4526909
yahL_predicted,0.2,4,4,GTCAGAAGTGTAACGGACAT,0,4533254
yahL_predicted,0.2,4,4,GTCAACGATGCCGTAGGGGA,0,4534066
yahL_predicted,0.2,4,4,GTATGGAATGGCCAATAAAA,0,4530912
yahL_predicted,0.2,4,4,GTATAAGTGGGCGGTTCGAG,0,4540620
yahL_predicted,0.2,4,4,GTAGCAAGGAACTGGAGATC,0,4529514
yahL_predicted,0.2,4,4,GTACTCATTGCCGATGTGAT,0,4520000
yahL_predicted,0.2,4,4,GTACTAAATCGGTTGTATGA,0,4533672
yahL_predicted,0.2,4,4,GTACGGGCTCCCGTAGTAGG,0,4534766
yahL_predicted,0.2,4,4,GTAATTAACCAGACTGTTTC,0,4541670
yahL_predicted,0.2,4,4,GTAATCCGCAGGGCGCGTAC,0,4530285
yahL_predicted,0.2,4,4,GTAATATTAGCCTTTCAAGT,0,4534842
yahL_predicted,0.2,4,4,GTAAGTGGTATTTTCCGCTC,0,4528340
yahL_predicted,0.2,4,4,GTAAACTGAGCGGACGGGTG,0,4542774
yahL_predicted,0.2,4,4,GTAAACCCGTCTTTAGCTTA,0,4528515
yahL_predicted,0.2,4,4,GGTTTGTAAAGCCGGGTTCT,0,4540088
yahL_predicted,0.2,4,4,GGTTTCTGGCGGCGTATGGA,0,4527488
yahL_predicted,0.2,4,4,GGTTTCACCATCTCAAGAAA,0,4541732
yahL_predicted,0.2,4,4,GGTTCGTCGATCGGTTCTCA,0,4515283
yahL_predicted,0.2,4,4,GGTTAGCCCGTTCGCACCGC,0,4518730
yahL_predicted,0.2,4,4,GGTGTCAGCGGCAGTAGGCT,0,4512499
yahL_predicted,0.2,4,4,GGTGTAATCTTGATCGTACC,0,4528542
yahL_predicted,0.2,4,4,GGTGCAGTCTACTGCTGTTA,0,4543375
yahL_predicted,0.2,4,4,GGTGACTGGGTCTCGCCTTA,0,4543576
yahL_predicted,0.2,4,4,GGTCTAGGACCAGTGAGCTC,0,4538473
yahL_predicted,0.2,4,4,GGTCTAGATCCCTGCATATG,0,4527861
yahL_predicted,0.2,4,4,GGTCGAGAGTTTGTCTTAGT,0,4532904
yahL_predicted,0.2,4,4,GGTCATAATGTGCGTTGCCC,0,4527958
yahL_predicted,0.2,4,4,GGTACTTCCCTCCATGCGGG,0,4514876
yahL_predicted,0.2,4,4,GGGTTGGACATCGTGAGATT,0,4535312
yahL_predicted,0.2,4,4,GGGTGCAGACACTGAATCAG,0,4537341
yahL_predicted,0.2,4,4,GGGTGCAAGGGTTGTCGTTT,0,4535068
yahL_predicted,0.2,4,4,GGGTGAGTAGTCAAACGGTG,0,4532110
yahL_predicted,0.2,4,4,GGGTAGCAGAGGCAGTCCGG,0,4521710
yahL_predicted,0.2,4,4,GGGGTGGGAGAGGTGGAATT,0,4529917
yahL_predicted,0.2,4,4,GGGGTATAAGCGCGCCAGCG,0,4534467
yahL_predicted,0.2,4,4,GGGGGTCTAGGGTTCCTAGA,0,4524809
yahL_predicted,0.2,4,4,GGGGCCGATGCTTATTAATG,0,4525307
yahL_predicted,0.2,4,4,GGGGCCATCGAGGGGCAGTA,0,4524036
yahL_predicted,0.2,4,4,GGGCTACCAAATCAAATTCG,0,4528543
yahL_predicted,0.2,4,4,GGGCACGTGAAGCAAGTTTA,0,4514721
yahL_predicted,0.2,4,4,GGCTGGTTTATGGCGACGGC,0,4526192
yahL_predicted,0.2,4,4,GGCGTCAAGCCTACTTGTTT,0,4541455
yahL_predicted,0.2,4,4,GGCGTCAAACATGTGCGAGC,0,4523489
yahL_predicted,0.2,4,4,GGCGTATAAAAAAAGCTGTG,0,4542960
yahL_predicted,0.2,4,4,GGCGTAGGTGTTAGGATAGC,0,4535716
yahL_predicted,0.2,4,4,GGCGCGCCATGCTGTACTTA,0,4520346
yahL_predicted,0.2,4,4,GGCGACCACGGAAACGGGAT,0,4518400
yahL_predicted,0.2,4,4,GGCGACCAAGCCGTCGAGTT,0,4533547
yahL_predicted,0.2,4,4,GGCCCCATGCAAGCTAAACT,0,4523144
yahL_predicted,0.2,4,4,GGCAGTTTGATAGAACCTCG,0,4533880
yahL_predicted,0.2,4,4,GGATTGGAGATTCTGGCCCG,0,4536632
yahL_predicted,0.2,4,4,GGATGTACGAGCAAGGAGAT,0,4522360
yahL_predicted,0.2,4,4,GGATGGGGCAAGTTATGACA,0,4515401
yahL_predicted,0.2,4,4,GGATACCACCCTAACATGTA,0,4540769
yahL_predicted,0.2,4,4,GGAGCGTCACTCTGGCCACA,0,4517175
yahL_predicted,0.2,4,4,GGAGCCTATCATGAAGACGC,0,4514072
yahL_predicted,0.2,4,4,GGACGACCCGATTGGGTGTC,0,4540269
yahL_predicted,0.2,4,4,GGACATTGAGAAGACGGTGA,0,4533744
yahL_predicted,0.2,4,4,GGACAACCGATATGATGTTA,0,4539868
yahL_predicted,0.2,4,4,GGAATGGCGTGACTTGACCA,0,4517732
yahL_predicted,0.2,4,4,GGAAGTCTCGACAGATTCGA,0,4524336
yahL_predicted,0.2,4,4,GGAAGAGTTATGACGAGGTT,0,4533971
yahL_predicted,0.2,4,4,GGAACTAAATAACACAAACC,0,4533176
yahL_predicted,0.2,4,4,GCTTGGCCGTTTAATGGCAA,0,4518158
yahL_predicted,0.2,4,4,GCTGTCTCAACTTAATTGCG,0,4516995
yahL_predicted,0.2,4,4,GCTGGTGCACCGTTTTGTGT,0,4530957
yahL_predicted,0.2,4,4,GCTGGCCTCCATCAGTTGCT,0,4523190
yahL_predicted,0.2,4,4,GCTGCGGTTAGACCGCATAT,0,4536696
yahL_predicted,0.2,4,4,GCTGCCCTCCTCGGCTGTGA,0,4537909
yahL_predicted,0.2,4,4,GCTCTAGAGCTGTAGCCATC,0,4540598
yahL_predicted,0.2,4,4,GCTCCGCCGGCTTGACAAGG,0,4542792
yahL_predicted,0.2,4,4,GCTATATTTAGGGCTCTTGT,0,4519187
yahL_predicted,0.2,4,4,GCTAGTATAGGTAGTCTCTC,0,4534971
yahL_predicted,0.2,4,4,GCTACCGGCAGGGGTTATTT,0,4526234
yahL_predicted,0.2,4,4,GCTACAACACGGAACCATCA,0,4536979
yahL_predicted,0.2,4,4,GCTAAAGCGCGCAAATGAGT,0,4536496
yahL_predicted,0.2,4,4,GCGTGCGCGAGGTCAGACAA,0,4528406
yahL_predicted,0.2,4,4,GCGTCTTTATGCGTAGGTAT,0,4542163
yahL_predicted,0.2,4,4,GCGGCTCCCGGGGCATGATT,0,4535097
yahL_predicted,0.2,4,4,GCGGCCTTTTGATTGTACAG,0,4516413
yahL_predicted,0.2,4,4,GCGGAGTAAAGTTGTAGACA,0,4519939
yahL_predicted,0.2,4,4,GCGCTCAATACGGCGGGGAT,0,4540046
yahL_predicted,0.2,4,4,GCGCGTAAGGTCATTGTCCG,0,4512834
yahL_predicted,0.2,4,4,GCGACAGGGGAAAATATACT,0,4516899
yahL_predicted,0.2,4,4,GCGAACTGGACTCCAATAGT,0,4527732
yahL_predicted,0.2,4,4,GCCTTTATCCGTACGCTGAT,0,4514871
yahL_predicted,0.2,4,4,GCCTTGGGGCAATCAGTGGT,0,4512526
yahL_predicted,0.2,4,4,GCCTTCCCGGACTTTACAGA,0,4539524
yahL_predicted,0.2,4,4,GCCTGAATTCTCGCCTGAAA,0,4522091
yahL_predicted,0.2,4,4,GCCGCCGGGACGGCCATAGA,0,4529592
yahL_predicted,0.2,4,4,GCCGATGGTTCACACTGCCA,0,4521064
yahL_predicted,0.2,4,4,GCCCTTGGGGAGTATTACGT,0,4539479
yahL_predicted,0.2,4,4,GCCCATTTACTGGATACGAG,0,4523227
yahL_predicted,0.2,4,4,GCCCATTACCACGTGCTCCC,0,4520434
yahL_predicted,0.2,4,4,GCCATTTAACTGATACATTT,0,4533577
yahL_predicted,0.2,4,4,GCATTTTAGCTGTAGTGAGG,0,4539962
yahL_predicted,0.2,4,4,GCATTTAGTGGAAGAGCGAG,0,4540184
yahL_predicted,0.2,4,4,GCATGATGATGTCCATTCAA,0,4515865
yahL_predicted,0.2,4,4,GCAAGTATGCGGTTAGTCAA,0,4535721
yahL_predicted,0.2,4,4,GCAAGGTTTCCATGAAATGG,0,4537270
yahL_predicted,0.2,4,4,GCAAGAGTCCCGGACCACGA,0,4521037
yahL_predicted,0.2,4,4,GCAACCGACCTTGGTCCTAT,0,4534739
yahL_predicted,0.2,4,4,GATTTGGCACATGTACAGCT,0,4539247
yahL_predicted,0.2,4,4,GATTGTTTGAGTGAAGCCGT,0,4516528
yahL_predicted,0.2,4,4,GATTGTCCGGATGAAGTTGA,0,4523518
yahL_predicted,0.2,4,4,GATTGGCTAAGTAATTTGTA,0,4526711
yahL_predicted,0.2,4,4,GATTGGCATGCAAGCGGAGC,0,4536892
yahL_predicted,0.2,4,4,GATTCTTCTATGGGGAAAGG,0,4543280
yahL_predicted,0.2,4,4,GATTCCTCCACTCCTCGCCT,0,4522789
yahL_predicted,0.2,4,4,GATTATATAGTCGTGCTGTT,0,4541453
yahL_predicted,0.2,4,4,GATCGGTAATCTGAGTTCAT,0,4543521
yahL_predicted,0.2,4,4,GATCGACCAGCGTTCTGCAT,0,4530787
yahL_predicted,0.2,4,4,GATCCAATTGTTCTCCCACA,0,4538146
yahL_predicted,0.2,4,4,GATCACTTGTCAGATAAGGG,0,4538348
yahL_predicted,0.2,4,4,GATAGCTACGGCTGGCGGGC,0,4524837
yahL_predicted,0.2,4,4,GATACGTCGTCGTCGTATGC,0,4533677
yahL_predicted,0.2,4,4,GAGTGTCAAAGACCTGGAGT,0,4525355
yahL_predicted,0.2,4,4,GAGTGCAATTTAACGTTCCC,0,4529311
yahL_predicted,0.2,4,4,GAGTAGTTCCATAACTGACA,0,4523277
yahL_predicted,0.2,4,4,GAGGCGTCACCCTAAGAATC,0,4526502
yahL_predicted,0.2,4,4,GAGCTATGAGGCATACTATT,0,4520172
yahL_predicted,0.2,4,4,GAGCGTGACGGACGTACGCG,0,4513601
yahL_predicted,0.2,4,4,GAGCGAAAGGTAGAGGTCTG,0,4515704
yahL_predicted,0.2,4,4,GAGATCAGTTTGTCATACAA,0,4530252
yahL_predicted,0.2,4,4,GAGAGTGACAGGCCGCGGCC,0,4532788
yahL_predicted,0.2,4,4,GAGAGAATAACAACAACATA,0,4528189
yahL_predicted,0.2,4,4,GAGAGAAATAGGTATATTTC,0,4541008
yahL_predicted,0.2,4,4,GACTGTATCGCATGGCTGCT,0,4540679
yahL_predicted,0.2,4,4,GACTGCCACTAGGGCACTGA,0,4539891
yahL_predicted,0.2,4,4,GACTCTCCATGGAGGGAGAT,0,4540556
yahL_predicted,0.2,4,4,GACGGTTCGTTATCGCTCAG,0,4536047
yahL_predicted,0.2,4,4,GACGGTACGGCCCGGTGCTT,0,4524982
yahL_predicted,0.2,4,4,GACGGCTGGTGGGATCACCA,0,4528054
yahL_predicted,0.2,4,4,GACGGACACTTGATTATGCT,0,4530078
yahL_predicted,0.2,4,4,GACGCAAAGGGCAAAATTCC,0,4524969
yahL_predicted,0.2,4,4,GACCGTTAAATGGGTGCTCC,0,4538203
yahL_predicted,0.2,4,4,GACCGTATGAACGCTCATTC,0,4521239
yahL_predicted,0.2,4,4,GACCACTGTCTCACAAGGCA,0,4540734
yahL_predicted,0.2,4,4,GACAATCCAGTCCAAATAGA,0,4538912
yahL_predicted,0.2,4,4,GAAGTGGGGTCTATGGGACT,0,4529112
yahL_predicted,0.2,4,4,GAAGTACTCATAGGCACCGA,0,4531958
yahL_predicted,0.2,4,4,GAAGGACGGAGTGGCCATTT,0,4530021
yahL_predicted,0.2,4,4,GAAGAAGCCTACTCTGTAAA,0,4529546
yahL_predicted,0.2,4,4,GAACGCGCATGGTACCACAT,0,4531296
yahL_predicted,0.2,4,4,GAAAGTGGTATTAAGCTCTG,0,4541643
yahL_predicted,0.2,4,4,GAAAGAAATATCTCGCTGGC,0,4532350
yahL_predicted,0.2,4,4,GAAACGGGATCGATCCATGC,0,4525511
yahL_predicted,0.2,4,4,CTTTTCTTTCAGGTTGGCTG,0,4531299
yahL_predicted,0.2,4,4,CTTTGCAGCTTCCAGCCATC,0,4514531
yahL_predicted,0.2,4,4,CTTTGAGATAATTTCGTCAA,0,4539057
yahL_predicted,0.2,4,4,CTTTCGAAGGTATGTATAAC,0,4532080
yahL_predicted,0.2,4,4,CTTTCGAAACGGGTGTTACT,0,4513313
yahL_predicted,0.2,4,4,CTTTACGTGCGTCCGCTTCC,0,4532276
yahL_predicted,0.2,4,4,CTTGTTTTACGTGCTTCAAC,0,4536795
yahL_predicted,0.2,4,4,CTTGAACCGGAGAAGTACGT,0,4518774
yahL_predicted,0.2,4,4,CTTCCGGCTTACGGCGCTTT,0,4517675
yahL_predicted,0.2,4,4,CTTCATGGCAATTATAGGAT,0,4529144
yahL_predicted,0.2,4,4,CTTCAAATCAAAAAACACTT,0,4530244
yahL_predicted,0.2,4,4,CTTATTTAGTGTTTTGTCGT,0,4521604
yahL_predicted,0.2,4,4,CTTATGCCGGACGACCCAGG,0,4514177
yahL_predicted,0.2,4,4,CTTAATGCTGGGGCGGTCCA,0,4533831
yahL_predicted,0.2,4,4,CTGTTACCTATACCACAGGC,0,4524609
yahL_predicted,0.2,4,4,CTGTGGAGGATCATGCGTGC,0,4530766
yahL_predicted,0.2,4,4,CTGTCGGCGCAAACGATTGG,0,4519658
yahL_predicted,0.2,4,4,CTGTAGTTTTCCCGTTGGGG,0,4536848
yahL_predicted,0.2,4,4,CTGTAGTCCACGCAGTGCGA,0,4531990
yahL_predicted,0.2,4,4,CTGGCCTGGTGTTGTTATTC,0,4542600
yahL_predicted,0.2,4,4,CTGGCAATATTTCGTTGAGT,0,4539787
yahL_predicted,0.2,4,4,CTGGAAGTTTTTCCTCGGAA,0,4537099
yahL_predicted,0.2,4,4,CTCTCCGACCGGACGGTGAT,0,4539794
yahL_predicted,0.2,4,4,CTCGATCTGCCAGTAGCACG,0,4534501
yahL_predicted,0.2,4,4,CTCCTGGGTAATTAAATCAG,0,4526393
yahL_predicted,0.2,4,4,CTCCTCTTCGGTATGTGGCC,0,4534723
yahL_predicted,0.2,4,4,CTCCGCTAAAGTCCTAGAGA,0,4539358
yahL_predicted,0.2,4,4,CTCCACGTGAATTATGAAGA,0,4519749
yahL_predicted,0.2,4,4,CTCCAAGACGTCCTCTCGGG,0,4528751
yahL_predicted,0.2,4,4,CTCACGTTTGTGGTAAAGTG,0,4525842
yahL_predicted,0.2,4,4,CTCACGAAAAGTTCTCGGCG,0,4539151
yahL_predicted,0.2,4,4,CTCAATGGCCGCTGTAAAGG,0,4524187
yahL_predicted,0.2,4,4,CTCAATCTAAAACGGAATAG,0,4516442
yahL_predicted,0.2,4,4,CTATGGGCACGAAGTCGATA,0,4514440
yahL_predicted,0.2,4,4,CTATCACCTTTAGGTGTGCC,0,4514576
yahL_predicted,0.2,4,4,CTAGGAGCTATGACTTACTC,0,4543431
yahL_predicted,0.2,4,4,CTACTTGGGGAACGTTTATT,0,4527660
yahL_predicted,0.2,4,4,CTACTTGCTAGACCTGCTCG,0,4519398
yahL_predicted,0.2,4,4,CTACGGTCTTTATTGTTACT,0,4529700
yahL_predicted,0.2,4,4,CTACCTTACTGCGGGTGGTC,0,4537043
yahL_predicted,0.2,4,4,CGTTTATGCGTGCTTTTTTA,0,4519126
yahL_predicted,0.2,4,4,CGTTGTTCTCGGTGGTACTC,0,4514190
yahL_predicted,0.2,4,4,CGTTGGGATAAGTACACACA,0,4517185
yahL_predicted,0.2,4,4,CGTGTTGCCCTTTATACCTA,0,4512704
yahL_predicted,0.2,4,4,CGTGAATGGATCCCTGCTAT,0,4535680
yahL_predicted,0.2,4,4,CGTCGGAATAGCTTTCCTGT,0,4521145
yahL_predicted,0.2,4,4,CGTCATGATTCCACGTTATA,0,4518059
yahL_predicted,0.2,4,4,CGTAGAATGCAAGGCGCGTA,0,4532847
yahL_predicted,0.2,4,4,CGTAACTGACAATGCCCAAG,0,4532619
yahL_predicted,0.2,4,4,CGTAACAGTGTTTGTTATAG,0,4532002
yahL_predicted,0.2,4,4,CGGTCTAGCATATTTACCGG,0,4544223
yahL_predicted,0.2,4,4,CGGTCCCACGCGCTAGAAGA,0,4521146
yahL_predicted,0.2,4,4,CGGTATTAATAGTGTTGTAG,0,4521700
yahL_predicted,0.2,4,4,CGGTACGACCTTGCGAGGGT,0,4543952
yahL_predicted,0.2,4,4,CGGGTTGGGCGCGCGGACAT,0,4518185
yahL_predicted,0.2,4,4,CGGGCCAACGATTCGGATTA,0,4528436
yahL_predicted,0.2,4,4,CGGATTCATCAGAGACGGCA,0,4540174
yahL_predicted,0.2,4,4,CGGAGGCAAATAAATGCCCG,0,4542475
yahL_predicted,0.2,4,4,CGGAGACATGGACAAGCCGT,0,4518685
yahL_predicted,0.2,4,4,CGGAGACAAGGCAGTAGAGC,0,4516479
yahL_predicted,0.2,4,4,CGGACCGTTTGTGTAAGAGA,0,4516536
yahL_predicted,0.2,4,4,CGGAATGTCTTTAGCCAGCG,0,4524775
yahL_predicted,0.2,4,4,CGCTTGGCGCTAGAGAGCCC,0,4541246
yahL_predicted,0.2,4,4,CGCTTGCATAGCACGGCCAG,0,4531187
yahL_predicted,0.2,4,4,CGCGGTTCGGTTCTGCAAAA,0,4539791
yahL_predicted,0.2,4,4,CGCGGGTGCGAGTGTGCTCG,0,4533416
yahL_predicted,0.2,4,4,CGCGGGGGAATCCTGAGGGA,0,4516806
yahL_predicted,0.2,4,4,CGCGCCTACGAACGGGACTG,0,4515823
yahL_predicted,0.2,4,4,CGCCTGACATTGGCTCGCGA,0,4516951
yahL_predicted,0.2,4,4,CGCCCGCTATAATACTCGCT,0,4524453
yahL_predicted,0.2,4,4,CGCCCAATGCCTATATCGGA,0,4521241
yahL_predicted,0.2,4,4,CGCATTGTCATCGCAGCTAC,0,4522399
yahL_predicted,0.2,4,4,CGCATCGAAACCGGAGCTCA,0,4521784
yahL_predicted,0.2,4,4,CGCATATTTGTTAGATAGGC,0,4540108
yahL_predicted,0.2,4,4,CGATTGTTGAAGGTACCTTC,0,4531171
yahL_predicted,0.2,4,4,CGATCGGGTTCAAACTCCGT,0,4518940
yahL_predicted,0.2,4,4,CGATATCTGGGGTTAACGGA,0,4526839
yahL_predicted,0.2,4,4,CGATATAAAACCTGGGGTGG,0,4534676
yahL_predicted,0.2,4,4,CGAGGCTACTTGAATCTTAT,0,4541594
yahL_predicted,0.2,4,4,CGACTGTACTATCGTTTCGG,0,4520659
yahL_predicted,0.2,4,4,CGACGTACGTATGCTGCGTA,0,4539280
yahL_predicted,0.2,4,4,CGACGTAATAAGGGTAACTG,0,4538287
yahL_predicted,0.2,4,4,CGACGGTCGGTGTGCGAACT,0,4520097
yahL_predicted,0.2,4,4,CGACCAACCATACGGGCCTG,0,4525192
yahL_predicted,0.2,4,4,CGACAATATGAGATAGATAT,0,4520619
yahL_predicted,0.2,4,4,CGAATCGTACAGTGACGTCC,0,4531092
yahL_predicted,0.2,4,4,CGAAGCACAGAAGTGACACC,0,4534959
yahL_predicted,0.2,4,4,CGAACTTGGTGCCTTTCTGT,0,4540399
yahL_predicted,0.2,4,4,CGAAAGAGTAAACCGGAAGC,0,4534332
yahL_predicted,0.2,4,4,CGAAACCCTATATAGCCGCA,0,4533203
yahL_predicted,0.2,4,4,CGAAACCAAGGTGTAGTCCG,0,4512234
yahL_predicted,0.2,4,4,CGAAAATGGCCCCGTTTAAC,0,4522902
yahL_predicted,0.2,4,4,CCTTGTATCAATGATCATCA,0,4522325
yahL_predicted,0.2,4,4,CCTTGCTCGTCTTTCCACGT,0,4537146
yahL_predicted,0.2,4,4,CCTTCTATGGTACAGTTTGC,0,4540250
yahL_predicted,0.2,4,4,CCTGGTGCCTAGTACGCCGC,0,4541159
yahL_predicted,0.2,4,4,CCTGGATGAATATTCGGAAT,0,4528921
yahL_predicted,0.2,4,4,CCTGCGGGAGTACAACTCGC,0,4528776
yahL_predicted,0.2,4,4,CCTCGTCAAGATGAACCTAT,0,4530724
yahL_predicted,0.2,4,4,CCTCCATCGAAATTTAGTTT,0,4530169
yahL_predicted,0.2,4,4,CCTCATTGTCGGGCCAGACA,0,4528290
yahL_predicted,0.2,4,4,CCTCAATACACGATGCTCAA,0,4536875
yahL_predicted,0.2,4,4,CCTACTCCGTTTATTATTAC,0,4519194
yahL_predicted,0.2,4,4,CCTACTCAATGCATTTAGCA,0,4543368
yahL_predicted,0.2,4,4,CCGTTTGCGCTCGACGCGTT,0,4542357
yahL_predicted,0.2,4,4,CCGTTCCTCAGTGAAGCTCC,0,4542768
yahL_predicted,0.2,4,4,CCGTGCAACGCTTAGAGACA,0,4530414
yahL_predicted,0.2,4,4,CCGGTGATTTCTTCGTGTCT,0,4515874
yahL_predicted,0.2,4,4,CCGGTCTGTTCACGATCAGT,0,4515587
yahL_predicted,0.2,4,4,CCGGGTGGATCGACTCGCGG,0,4518412
yahL_predicted,0.2,4,4,CCGGATACCCTGCAAAACTA,0,4521941
yahL_predicted,0.2,4,4,CCGCCTTCACGAAGTCCGAT,0,4529017
yahL_predicted,0.2,4,4,CCGCCCCCGATTTGCAACCT,0,4517847
yahL_predicted,0.2,4,4,CCGAAACGGTAGAGTTAAAT,0,4519158
yahL_predicted,0.2,4,4,CCCTTTACAACATCGTCTTG,0,4523368
yahL_predicted,0.2,4,4,CCCTTGTTTAAAATCCCAAC,0,4517619
yahL_predicted,0.2,4,4,CCCGTTGCTTTTTCTTGGAG,0,4537840
yahL_predicted,0.2,4,4,CCCGTTACGGCATTGCACGG,0,4530956
yahL_predicted,0.2,4,4,CCCGTGAGAATGTTTATTGA,0,4521789
yahL_predicted,0.2,4,4,CCCCTCGACGGGATACTGGC,0,4526818
yahL_predicted,0.2,4,4,CCCCCGTGAGCCCACAATTG,0,4519616
yahL_predicted,0.2,4,4,CCCCCAGTGGAATCCGACGG,0,4534527
yahL_predicted,0.2,4,4,CCCCCACAGAACGAGAATAC,0,4524595
yahL_predicted,0.2,4,4,CCAGTTTTCGATGTTCCATA,0,4521936
yahL_predicted,0.2,4,4,CCAGGGTCATTCGTAACACG,0,4512659
yahL_predicted,0.2,4,4,CCAGGGCACTTAGTGCAATT,0,4519807
yahL_predicted,0.2,4,4,CCAGGGACGGGACCGATACG,0,4517266
yahL_predicted,0.2,4,4,CCAGACGTTCTCACTATCTT,0,4527244
yahL_predicted,0.2,4,4,CCAGACCTGCAAGAGAAAAC,0,4528520
yahL_predicted,0.2,4,4,CCACTTCTAAAGAGCGCCGA,0,4517885
yahL_predicted,0.2,4,4,CCACGGAGATATGCTGTGTA,0,4513967
yahL_predicted,0.2,4,4,CCACGCCTCGCCCCCTGGAA,0,4524726
yahL_predicted,0.2,4,4,CCACGAAAAGTGTGATCATT,0,4513762
yahL_predicted,0.2,4,4,CCACCCCGCCCTGGTCCCGA,0,4538346
yahL_predicted,0.2,4,4,CCAAATAATGCACGATGATA,0,4518803
yahL_predicted,0.2,4,4,CCAAACTTAAACCAAGCGTT,0,4539009
yahL_predicted,0.2,4,4,CATTTAGGCGCGTCTGTAAA,0,4514792
yahL_predicted,0.2,4,4,CATTGACCAACCTATTACAA,0,4538725
yahL_predicted,0.2,4,4,CATTCGCGTCGTTAAAAAAT,0,4520790
yahL_predicted,0.2,4,4,CATTACACATCGGGACAGTA,0,4526819
yahL_predicted,0.2,4,4,CATGCTGTAGCCTGAACTGA,0,4517803
yahL_predicted,0.2,4,4,CATGCCAGCCGGCCATGAGT,0,4512599
yahL_predicted,0.2,4,4,CATCGTGCGAGCTACGTGAA,0,4527586
yahL_predicted,0.2,4,4,CATCACTACACTCGCCTGAA,0,4524197
yahL_predicted,0.2,4,4,CATATCGCCAGGCTTGCGGG,0,4528972
yahL_predicted,0.2,4,4,CATACCGACCAAGAGAGGGT,0,4527701
yahL_predicted,0.2,4,4,CAGTTTAAGAGGAGGAAAGA,0,4526669
yahL_predicted,0.2,4,4,CAGTCTATACTATGAGCGTT,0,4519375
yahL_predicted,0.2,4,4,CAGTCAAAAGGCAACTTAAT,0,4520621
yahL_predicted,0.2,4,4,CAGGTCCTAGTGTCTAGTTT,0,4537625
yahL_predicted,0.2,4,4,CAGGCTGCAAAATCGATATT,0,4528973
yahL_predicted,0.2,4,4,CAGCCAGAACTTGACAGCTG,0,4524603
yahL_predicted,0.2,4,4,CAGCAATCGCCCATGAAAGG,0,4535979
yahL_predicted,0.2,4,4,CAGCAAGTAAGTGCAAGTGC,0,4524983
yahL_predicted,0.2,4,4,CAGATCTGCTGCCATACCGA,0,4527186
yahL_predicted,0.2,4,4,CAGATATCCAATGGACGTAG,0,4539491
yahL_predicted,0.2,4,4,CAGAGTATCGACCATAATGA,0,4526219
yahL_predicted,0.2,4,4,CAGACTGCAGGGCGCACAAA,0,4524939
yahL_predicted,0.2,4,4,CAGAACTTGGGACTTGTCTG,0,4521751
yahL_predicted,0.2,4,4,CACTTGACAGTTCAGCGGTA,0,4515357
yahL_predicted,0.2,4,4,CACGGGCGCGTGCGGCATGC,0,4515262
yahL_predicted,0.2,4,4,CACGGCCCTGTCATTGTAAG,0,4513528
yahL_predicted,0.2,4,4,CACGGATCCGGTCCCCCTCC,0,4515443
yahL_predicted,0.2,4,4,CACGAGCAGTGCTCGCACAG,0,4534893
yahL_predicted,0.2,4,4,CACCTTCGTCTCGACATTCT,0,4522983
yahL_predicted,0.2,4,4,CACCTCGCTCGCCCTGGGAA,0,4515025
yahL_predicted,0.2,4,4,CACCGTGGGCGAGCTTGGTT,0,4525024
yahL_predicted,0.2,4,4,CACCCGAGTCACCGACTGGC,0,4514653
yahL_predicted,0.2,4,4,CACCCCGTGGAATCTCGTTA,0,4538984
yahL_predicted,0.2,4,4,CACCAGGTCGTCCGTGTTCA,0,4543811
yahL_predicted,0.2,4,4,CACCAGGCGATGTGGTAGTT,0,4522244
yahL_predicted,0.2,4,4,CACAGTTTTCAAGGCGTAGG,0,4541136
yahL_predicted,0.2,4,4,CACACTGGTAGGGCACACGG,0,4530600
yahL_predicted,0.2,4,4,CACACAGTTGGCACACCATT,0,4519058
yahL_predicted,0.2,4,4,CACAATACCGGGAATGTGTC,0,4516821
yahL_predicted,0.2,4,4,CACAAGCCCCTGTTTTTTTT,0,4539310
yahL_predicted,0.2,4,4,CAATTGAATGTTAGCAAATT,0,4527824
yahL_predicted,0.2,4,4,CAAGCACGTGGCACAGGTCT,0,4540375
yahL_predicted,0.2,4,4,CAAGATAGGTCCTATGATAA,0,4534001
yahL_predicted,0.2,4,4,CAACTTAAGGGCATCAGAAT,0,4536028
yahL_predicted,0.2,4,4,CAACTCGATAGCGAGTTGGA,0,4532063
yahL_predicted,0.2,4,4,CAACCTTCTTAGTCATGCCT,0,4513543
yahL_predicted,0.2,4,4,CAACACCTACGGGGGTAACG,0,4521802
yahL_predicted,0.2,4,4,CAAATGGGTTAGTGCATGCA,0,4515376
yahL_predicted,0.2,4,4,CAAATGCGCACCTGCCGTAG,0,4534338
yahL_predicted,0.2,4,4,CAAATCGTAGCGCAGCTGCG,0,4513639
yahL_predicted,0.2,4,4,CAAATCACCGGTGTAAACGG,0,4514495
yahL_predicted,0.2,4,4,CAAAATCTCTTACAGACGAT,0,4541412
yahL_predicted,0.2,4,4,CAAAAGTTCTATTAAACCCT,0,4520031
yahL_predicted,0.2,4,4,ATTTATGAAGATCTGATAGA,0,4535008
yahL_predicted,0.2,4,4,ATTTAGATTTGTCGGCATAT,0,4527145
yahL_predicted,0.2,4,4,ATTGTGGTATAGTTCCCTAG,0,4533043
yahL_predicted,0.2,4,4,ATTGAATCCCTGGACACTGT,0,4523361
yahL_predicted,0.2,4,4,ATTGAAGCGTACGTAAGGTC,0,4521530
yahL_predicted,0.2,4,4,ATTCGAGATTCAAGCTCAGG,0,4534793
yahL_predicted,0.2,4,4,ATTCCGTAAGAGCGTCTTTG,0,4528044
yahL_predicted,0.2,4,4,ATTCAAGGGCTCCTTGAGTG,0,4514254
yahL_predicted,0.2,4,4,ATTAGTGGGTGACGCAGTAG,0,4522876
yahL_predicted,0.2,4,4,ATTAACTTCCATTTTACACT,0,4513060
yahL_predicted,0.2,4,4,ATGTTGGCGCTATTCTCGAG,0,4530817
yahL_predicted,0.2,4,4,ATGTTCCGTGGTTACAGGGA,0,4535239
yahL_predicted,0.2,4,4,ATGTTAAGGTGACCCGCGGG,0,4515383
yahL_predicted,0.2,4,4,ATGTCCGAGAGGCTGGATTC,0,4516582
yahL_predicted,0.2,4,4,ATGTAAGATCGCCCAGAACC,0,4517642
yahL_predicted,0.2,4,4,ATGGTGGCTCTATTGTACTG,0,4513351
yahL_predicted,0.2,4,4,ATGGGCGAGGCGGGATTAGT,0,4542848
yahL_predicted,0.2,4,4,ATGGCACTCGAGTCAGGGAT,0,4531746
yahL_predicted,0.2,4,4,ATGGATGGTAATCAAAAAGT,0,4529187
yahL_predicted,0.2,4,4,ATGGATGCGCACGTATCTGG,0,4515954
yahL_predicted,0.2,4,4,ATGGATCCTTCTGTGCCAAT,0,4518119
yahL_predicted,0.2,4,4,ATGGAAGCGCATTACGGTTA,0,4542142
yahL_predicted,0.2,4,4,ATGCTAGGATTCTTAATAAG,0,4516604
yahL_predicted,0.2,4,4,ATGATGAGTTCCGACCCGGG,0,4517667
yahL_predicted,0.2,4,4,ATGATCTGCTAGTAGGTTGA,0,4528230
yahL_predicted,0.2,4,4,ATGAGTCGGAATATAGGATA,0,4514967
yahL_predicted,0.2,4,4,ATGAGCCCGGACATAGCGTG,0,4532455
yahL_predicted,0.2,4,4,ATGAATAATCCAGCGGCCTC,0,4521144
yahL_predicted,0.2,4,4,ATGAAAGAAGACGTCAAATG,0,4532985
yahL_predicted,0.2,4,4,ATCTGACTTCATTCATAGGT,0,4524941
yahL_predicted,0.2,4,4,ATCTCGGCGACCGTAGCACC,0,4521275
yahL_predicted,0.2,4,4,ATCTCGACTCTAACCTAGAG,0,4524784
yahL_predicted,0.2,4,4,ATCGTGCCAATTATGCAGGT,0,4526709
yahL_predicted,0.2,4,4,ATCGGCTCCGGCCCGCTACG,0,4532476
yahL_predicted,0.2,4,4,ATCGGCGCATCTCAATTAAA,0,4531825
yahL_predicted,0.2,4,4,ATCCAGGCCAAGCCAAGGTG,0,4540242
yahL_predicted,0.2,4,4,ATCCACCTTTTTTTACGTGG,0,4530402
yahL_predicted,0.2,4,4,ATCATAATCTAATGAGTTCA,0,4543119
yahL_predicted,0.2,4,4,ATCATAAACAACCTGGTCAT,0,4533972
yahL_predicted,0.2,4,4,ATCAGCCAGGCTGATAGAAA,0,4512109
yahL_predicted,0.2,4,4,ATCAATTGGTGGTGGAGTGG,0,4537129
yahL_predicted,0.2,4,4,ATATCTGCGCATACTGATTG,0,4532362
yahL_predicted,0.2,4,4,ATATATCTTGCTAATATGGG,0,4535420
yahL_predicted,0.2,4,4,ATAGTCGGGGTAAACGGATA,0,4532001
yahL_predicted,0.2,4,4,ATAGCAGGAGTCGTGTGGAT,0,4517307
yahL_predicted,0.2,4,4,ATAGCACACAACTCGTGTAC,0,4539857
yahL_predicted,0.2,4,4,ATAGAATGTTTTCACCACTC,0,4520593
yahL_predicted,0.2,4,4,ATACTGTAAGAGGCTTTCAT,0,4537781
yahL_predicted,0.2,4,4,ATAACTACGCGTCCTGCTAT,0,4534130
yahL_predicted,0.2,4,4,ATAAACGAGAACATTTGCGT,0,4536797
yahL_predicted,0.2,4,4,AGTTTACACCTAAGGGGTGT,0,4520673
yahL_predicted,0.2,4,4,AGTTCGGGTCGCCGCCAGAC,0,4526084
yahL_predicted,0.2,4,4,AGTTAGTCAGCGTTTGGAGC,0,4530220
yahL_predicted,0.2,4,4,AGTGTCATCCATTCCTATCC,0,4515770
yahL_predicted,0.2,4,4,AGTGGTTCATCGCAGTAGAG,0,4514534
yahL_predicted,0.2,4,4,AGTGCATTGAGTGGGTTCGG,0,4512761
yahL_predicted,0.2,4,4,AGTCTGCCCACAATCTTTGG,0,4540318
yahL_predicted,0.2,4,4,AGTCGCTTTCGTCGTCTGCT,0,4516717
yahL_predicted,0.2,4,4,AGTCGCAGGAGATTGGGAAT,0,4536918
yahL_predicted,0.2,4,4,AGTCAGGGATGCGTCTTCCT,0,4536683
yahL_predicted,0.2,4,4,AGTAGCATCAGAGCAACTTC,0,4515261
yahL_predicted,0.2,4,4,AGGTTTGATGTTATAGTAAC,0,4530619
yahL_predicted,0.2,4,4,AGGTTCCGTTTGCGGCATCG,0,4517842
yahL_predicted,0.2,4,4,AGGGTGAACAAGAAACGTGA,0,4539136
yahL_predicted,0.2,4,4,AGGGTCTACGCTGGGGGCCT,0,4519514
yahL_predicted,0.2,4,4,AGGGATGTCTCATGGAGAGC,0,4522330
yahL_predicted,0.2,4,4,AGGCCTCGCCCCAATGAGGC,0,4524582
yahL_predicted,0.2,4,4,AGGCCCGCATGTAGCCACAG,0,4534976
yahL_predicted,0.2,4,4,AGGCCACCGCCTCTACCACA,0,4535919
yahL_predicted,0.2,4,4,AGGATTTGATACACGAGCCC,0,4532682
yahL_predicted,0.2,4,4,AGGATCCAAGGGAGCATCAG,0,4517291
yahL_predicted,0.2,4,4,AGCTGTGTCTGCAGTTGTAC,0,4534484
yahL_predicted,0.2,4,4,AGCTGCGGACCTTACCATTT,0,4523920
yahL_predicted,0.2,4,4,AGCGTCTACAGTGGCACGGA,0,4527039
yahL_predicted,0.2,4,4,AGCGGTTGGCCGCTTAATAT,0,4535767
yahL_predicted,0.2,4,4,AGCGGGGCTATGCAAAGAAA,0,4526997
yahL_predicted,0.2,4,4,AGCGCGGAATATGACCTTCT,0,4540101
yahL_predicted,0.2,4,4,AGCGCATACACCTTGACAAG,0,4537983
yahL_predicted,0.2,4,4,AGCGAGTAACAGCTCTCTAG,0,4540744
yahL_predicted,0.2,4,4,AGCGAATAACCCGGATCATA,0,4539603
yahL_predicted,0.2,4,4,AGCCTGCGTCCGGGACACAA,0,4530043
yahL_predicted,0.2,4,4,AGCCTAACTCTATGAAACGT,0,4523038
yahL_predicted,0.2,4,4,AGCCGGTCGAGCGACCAAGT,0,4518252
yahL_predicted,0.2,4,4,AGCCGGCGTTTCTGTTTGGT,0,4535479
yahL_predicted,0.2,4,4,AGCCATTGTTCAGTTATCAG,0,4514289
yahL_predicted,0.2,4,4,AGCCATCATCCGCAGTAAGC,0,4513965
yahL_predicted,0.2,4,4,AGCCAGTCCTGCTACGTTAA,0,4519397
yahL_predicted,0.2,4,4,AGCATTCGGATAACAGTTGC,0,4527763
yahL_predicted,0.2,4,4,AGCATGGACTGCTCCATTGT,0,4513844
yahL_predicted,0.2,4,4,AGCACCGGCTTATTAAAATT,0,4538390
yahL_predicted,0.2,4,4,AGCACATAGATGTGTTGCCA,0,4526879
yahL_predicted,0.2,4,4,AGATTTTTATCTGGCTAATT,0,4519803
yahL_predicted,0.2,4,4,AGATTTCGTATGAACTGTCA,0,4531834
yahL_predicted,0.2,4,4,AGATTGTTTCTTACAGCTTG,0,4530170
yahL_predicted,0.2,4,4,AGATTGACTATCCCCGAATG,0,4529265
yahL_predicted,0.2,4,4,AGATTCAGGCACACAGTAAT,0,4528514
yahL_predicted,0.2,4,4,AGATGGGTATATGTAGACTC,0,4535185
yahL_predicted,0.2,4,4,AGACTAGGTGGTCCATTAGA,0,4516734
yahL_predicted,0.2,4,4,AGACGGGTTATAGGCGGTCT,0,4521075
yahL_predicted,0.2,4,4,AGACGATATACCCATTTAAT,0,4524541
yahL_predicted,0.2,4,4,AGACAGATAAGACAGACGCT,0,4513594
yahL_predicted,0.2,4,4,AGAACGGATGAAAAAGCTTT,0,4521362
yahL_predicted,0.2,4,4,AGAAACAGTCTCCGTATATA,0,4524268
yahL_predicted,0.2,4,4,AGAAAAGACGTGCTCACTGT,0,4542802
yahL_predicted,0.2,4,4,ACTTTATGCTTGTACCTCAT,0,4524128
yahL_predicted,0.2,4,4,ACTTCTAGAGCTATAATCCG,0,4518716
yahL_predicted,0.2,4,4,ACTGGTGGTGATCCGTTCCT,0,4529986
yahL_predicted,0.2,4,4,ACTGGTCCAAGTGCCACGGC,0,4523858
yahL_predicted,0.2,4,4,ACTGCTTGGCCTATGCTCTA,0,4534289
yahL_predicted,0.2,4,4,ACTCTCTGGTAAGAGCGCCC,0,4522327
yahL_predicted,0.2,4,4,ACTCCAAATATGTGACGAAA,0,4527963
yahL_predicted,0.2,4,4,ACTAGATGAATCGGGTCCGT,0,4522151
yahL_predicted,0.2,4,4,ACTACGTTCCGCCTCGACAC,0,4542997
yahL_predicted,0.2,4,4,ACTACCTCCACTAGGGGTCC,0,4515853
yahL_predicted,0.2,4,4,ACTAAGGGGTGCTTGAATGT,0,4538816
yahL_predicted,0.2,4,4,ACTAACGGTACAGGAAGGCT,0,4530351
yahL_predicted,0.2,4,4,ACGTTACGGGTGTTACCAAT,0,4529332
yahL_predicted,0.2,4,4,ACGTTAAATCGTATTGCTAG,0,4533098
yahL_predicted,0.2,4,4,ACGTGATTGCCTCAAACCAC,0,4515206
yahL_predicted,0.2,4,4,ACGGTGCGGTAAAAGGTCTC,0,4543886
yahL_predicted,0.2,4,4,ACGGTATGGCCTTTGCGTAG,0,4520610
yahL_predicted,0.2,4,4,ACGGGAGCCGCTGCATATGA,0,4512184
yahL_predicted,0.2,4,4,ACGGCCTCGACCAGAGGACA,0,4540485
yahL_predicted,0.2,4,4,ACGCTTTTCTTGGAGGGATC,0,4526583
yahL_predicted,0.2,4,4,ACGCGGTACTTGGCACGACT,0,4535174
yahL_predicted,0.2,4,4,ACGCCCTCCCAGTGATCACT,0,4519501
yahL_predicted,0.2,4,4,ACGATAGTGTTCTCGGCGGA,0,4533507
yahL_predicted,0.2,4,4,ACCTTAACGCATACGTACTG,0,4521506
yahL_predicted,0.2,4,4,ACCGGTGCGCAGGATAGAAT,0,4524202
yahL_predicted,0.2,4,4,ACCGGTGAAGGACTGATTCT,0,4529720
yahL_predicted,0.2,4,4,ACCGCTACCAGGCGGTTAAT,0,4537534
yahL_predicted,0.2,4,4,ACCGCGGAAGTTGGCCCAAT,0,4521528
yahL_predicted,0.2,4,4,ACCGATAGCGGGGCCCGTTA,0,4533791
yahL_predicted,0.2,4,4,ACCCGAATAGCTCTGAATGG,0,4537892
yahL_predicted,0.2,4,4,ACCCATGCCAGAGGCATGTT,0,4517565
yahL_predicted,0.2,4,4,ACCCACCGTTCACCAATTTG,0,4538796
yahL_predicted,0.2,4,4,ACCAGGCTCATCCCCGCTTA,0,4525772
yahL_predicted,0.2,4,4,ACCACCCATGCATACCCTCA,0,4538749
yahL_predicted,0.2,4,4,ACCACAGAGAGTCAATAAGG,0,4531847
yahL_predicted,0.2,4,4,ACCAATTCTTTCACAGGTCA,0,4530998
yahL_predicted,0.2,4,4,ACCAAGACTATCCACTAATG,0,4535350
yahL_predicted,0.2,4,4,ACATTCATGCTTCAGGGACG,0,4522298
yahL_predicted,0.2,4,4,ACATGTAGGCGAATTCAAGG,0,4542326
yahL_predicted,0.2,4,4,ACATGCGGCCGGATTTTACA,0,4519063
yahL_predicted,0.2,4,4,ACATACCTGTAGAGGACAAC,0,4527182
yahL_predicted,0.2,4,4,ACAGTGTTCTAACCCCTGTA,0,4522678
yahL_predicted,0.2,4,4,ACAGCTTCAAGGAAGAACTC,0,4531557
yahL_predicted,0.2,4,4,ACACTGTCGGTTAGCAAGCG,0,4514135
yahL_predicted,0.2,4,4,ACACAATGATTTTAGCGGTT,0,4512920
yahL_predicted,0.2,4,4,ACAATGGTTTGGTCAGTGAT,0,4521882
yahL_predicted,0.2,4,4,ACAAGCTTGTTATGTACGAT,0,4530261
yahL_predicted,0.2,4,4,ACAACTTGGATCTCGGGCAA,0,4530494
yahL_predicted,0.2,4,4,ACAAATCCGTCTGGAACAAC,0,4540185
yahL_predicted,0.2,4,4,ACAAAAGAGACGATCACCAA,0,4522703
yahL_predicted,0.2,4,4,ACAAAACTTGGGAACCCCCA,0,4530267
yahL_predicted,0.2,4,4,ACAAAAACGAATTTTCTAGT,0,4531316
yahL_predicted,0.2,4,4,AATTTGTGAGCAGTTATATG,0,4540943
yahL_predicted,0.2,4,4,AATTGTACAAGGGTGCGCGG,0,4512153
yahL_predicted,0.2,4,4,AATTCCTTCGAGGATGACAG,0,4515811
yahL_predicted,0.2,4,4,AATTCAGGGGTCGCCTCAAA,0,4521063
yahL_predicted,0.2,4,4,AATGTCTAGCGAAACATTCC,0,4539590
yahL_predicted,0.2,4,4,AATGGCAGGTCTCACATTTC,0,4529894
yahL_predicted,0.2,4,4,AATCGTATATCCCGCCAGAA,0,4535427
yahL_predicted,0.2,4,4,AATATGTATACAGGGAGAGA,0,4517954
yahL_predicted,0.2,4,4,AATACGGTGAATCTGTACCA,0,4530862
yahL_predicted,0.2,4,4,AATACCTCGGGCGGGTGTCA,0,4523282
yahL_predicted,0.2,4,4,AAGTTGGGATCAGTGAGGAC,0,4520578
yahL_predicted,0.2,4,4,AAGTTCCGGTTGGGAATATA,0,4513682
yahL_predicted,0.2,4,4,AAGTTCAGTCAATGCGTCTT,0,4512946
yahL_predicted,0.2,4,4,AAGTGCAACCACTTCTCTCT,0,4524443
yahL_predicted,0.2,4,4,AAGTCCTTCCTCCAGCGTAT,0,4530591
yahL_predicted,0.2,4,4,AAGTCCTACCTTCTTGTTCC,0,4522792
yahL_predicted,0.2,4,4,AAGGTCGGCACGCAACCGCA,0,4528780
yahL_predicted,0.2,4,4,AAGGGGTGTTCTGTACCTTT,0,4543183
yahL_predicted,0.2,4,4,AAGGGGATGTGTTGAGTCAG,0,4523694
yahL_predicted,0.2,4,4,AAGCTTGGATAGGCCGATCA,0,4541177
yahL_predicted,0.2,4,4,AAGCTCAGTGACGGGATAGA,0,4540133
yahL_predicted,0.2,4,4,AAGCGTCTGACAAATTTGAC,0,4538139
yahL_predicted,0.2,4,4,AAGCGCGTCATCCCGAGCCA,0,4528402
yahL_predicted,0.2,4,4,AAGCGCGCGAGTTTTGTCGT,0,4518001
yahL_predicted,0.2,4,4,AAGATTGAGTTATATCTACC,0,4540382
yahL_predicted,0.2,4,4,AAGAGTTAATGCACTTAAAT,0,4527645
yahL_predicted,0.2,4,4,AAGAATAATCTATCCTGGAG,0,4525227
yahL_predicted,0.2,4,4,AAGAAGTGTTGAGGACGACA,0,4529590
yahL_predicted,0.2,4,4,AACTGCCTCCACCCGATCTC,0,4516110
yahL_predicted,0.2,4,4,AACTCGATGACAGAAACGTT,0,4517552
yahL_predicted,0.2,4,4,AACTCGATCTATTCGCCTAT,0,4523714
yahL_predicted,0.2,4,4,AACTCACTGGAGATAGTCCA,0,4527762
yahL_predicted,0.2,4,4,AACGTTTGTGCAATGCGTAT,0,4532079
yahL_predicted,0.2,4,4,AACGGGAGCCTTGAGTTGAA,0,4518297
yahL_predicted,0.2,4,4,AACGCGCGCTGGCTAGGGGA,0,4522123
yahL_predicted,0.2,4,4,AACCGGCGCCAGGCGCTATC,0,4535365
yahL_predicted,0.2,4,4,AACCGCGTGCGTACCTAGCA,0,4541997
yahL_predicted,0.2,4,4,AACCATTTGGGAACCATCTA,0,4538499
yahL_predicted,0.2,4,4,AACCATCATCCTACAATTCA,0,4524104
yahL_predicted,0.2,4,4,AACACAGTCACGGGGTATAC,0,4536782
yahL_predicted,0.2,4,4,AAATTCGCCTGGGCCGCGTA,0,4524604
yahL_predicted,0.2,4,4,AAATGCGCCGTCATCGCACG,0,4521473
yahL_predicted,0.2,4,4,AAATCTCTAGAGCCAAAGAG,0,4520826
yahL_predicted,0.2,4,4,AAATATTTACCAACTTTAAC,0,4523810
yahL_predicted,0.2,4,4,AAAGTGGTTTTTGTTATATA,0,4522094
yahL_predicted,0.2,4,4,AAAGTCACATAACTATCGCG,0,4531358
yahL_predicted,0.2,4,4,AAAGTATTGAGACTGCCCAT,0,4530696
yahL_predicted,0.2,4,4,AAAGTACACACGGTTCCATA,0,4513995
yahL_predicted,0.2,4,4,AAAGGTCGGGGTATGTATTG,0,4541648
yahL_predicted,0.2,4,4,AAAGCCATACGACTGGCTCT,0,4528518
yahL_predicted,0.2,4,4,AAAGAATCAGGGAATCGGTT,0,4534942
yahL_predicted,0.2,4,4,AAAGAAACAGGCTCAGTCGG,0,4525540
yahL_predicted,0.2,4,4,AAAGAAAATGGGAGGGGGGT,0,4512760
yahL_predicted,0.2,4,4,AAACGGTTCGGGGTCGAGGT,0,4525094
yahL_predicted,0.2,4,4,AAACCGTGGGCCAGCTCGGA,0,4542758
yahL_predicted,0.2,4,4,AAACCATCGGATGGCGCAGA,0,4540030
yahL_predicted,0.2,4,4,AAAACAGAAGAATATCTTCC,0,4525380
yahL_predicted,0.2,4,4,AAAAATCGTGGCGTGTTAGT,0,4534482
yahL_predicted,0.25,3,3,TTTTTCAGACGGTCGATTCC,0,4541861
yahL_predicted,0.25,3,3,TTTTGGTGACACTGTGGTAT,0,4513322
yahL_predicted,0.25,3,3,TTTTCTCGGCTCATTGCTGA,0,4536302
yahL_predicted,0.25,3,3,TTTTCCCCTGTTAGCTTATA,0,4516790
yahL_predicted,0.25,3,3,TTTTCCAATCTCCTCCATTC,0,4515127
yahL_predicted,0.25,3,3,TTTGTTGCTTCCGTCCGACC,0,4542610
yahL_predicted,0.25,3,3,TTTGTCGTTCCATTAGGTGC,0,4527011
yahL_predicted,0.25,3,3,TTTGTCCAAATGTCGCCGGC,0,4524077
yahL_predicted,0.25,3,3,TTTGTATACCCGCTACTTCG,0,4531322
yahL_predicted,0.25,3,3,TTTGGTGTTTCGCGTGCGTG,0,4541521
yahL_predicted,0.25,3,3,TTTGCGTGGCCAACGGAGTG,0,4533671
yahL_predicted,0.25,3,3,TTTGATTAGTTCCGTACGCT,0,4524544
yahL_predicted,0.25,3,3,TTTCTCAAATCTAACGTAAC,0,4515120
yahL_predicted,0.25,3,3,TTTCGACATCCCGATAGTTC,0,4527407
yahL_predicted,0.25,3,3,TTTCCATGCGTTCAAACATT,0,4518559
yahL_predicted,0.25,3,3,TTTCCAGCCACTATTGGCCT,0,4528999
yahL_predicted,0.25,3,3,TTTACACATTCCATATCTGT,0,4535883
yahL_predicted,0.25,3,3,TTGTGTCTGACAGGCGCGAA,0,4536027
yahL_predicted,0.25,3,3,TTGTGAGGATGCGCACCAGA,0,4516987
yahL_predicted,0.25,3,3,TTGTGACGCAGGGTCCCACA,0,4542055
yahL_predicted,0.25,3,3,TTGGTGGCAACACAAAGTGG,0,4520479
yahL_predicted,0.25,3,3,TTGGTGCAACTATGGAATCA,0,4543651
yahL_predicted,0.25,3,3,TTGGCATTAAAATTTTTGCG,0,4524070
yahL_predicted,0.25,3,3,TTGGCAGAAAGCCGGCTGTC,0,4524912
yahL_predicted,0.25,3,3,TTGCAGTGATCCGCTGCGCT,0,4519336
yahL_predicted,0.25,3,3,TTGAGGATGTGCACGCAGTT,0,4515333
yahL_predicted,0.25,3,3,TTGACAGTTAAGGACAATGG,0,4533528
yahL_predicted,0.25,3,3,TTCGTAGAGATTTTAAGAAC,0,4528318
yahL_predicted,0.25,3,3,TTCGGAAGACGCATCGTGAA,0,4529599
yahL_predicted,0.25,3,3,TTCGCTGCCTGTCGTAACTT,0,4540167
yahL_predicted,0.25,3,3,TTCGCGTCCGTAACACCCCC,0,4514329
yahL_predicted,0.25,3,3,TTCGCAGTGTTAACTCGTGC,0,4528824
yahL_predicted,0.25,3,3,TTCCCAGAAGCCTGAGACAG,0,4516276
yahL_predicted,0.25,3,3,TTCCATTTTATACACCGCGT,0,4525740
yahL_predicted,0.25,3,3,TTCCAGACTGGTGTTCAGAA,0,4524920
yahL_predicted,0.25,3,3,TTCATTGGCTACAGTTGTAC,0,4512430
yahL_predicted,0.25,3,3,TTCAATCTCTAAGCAGCACT,0,4531471
yahL_predicted,0.25,3,3,TTATTTTATGGAACATAACT,0,4532134
yahL_predicted,0.25,3,3,TTATTCTTGGACTAACTTGG,0,4526940
yahL_predicted,0.25,3,3,TTATTATTTTGGATCTGACC,0,4518606
yahL_predicted,0.25,3,3,TTATGACCAATCGTCGAGTC,0,4514155
yahL_predicted,0.25,3,3,TTATATCCAATTTAGATGCA,0,4532998
yahL_predicted,0.25,3,3,TTAGTTGTGGTGCCGGAATG,0,4543754
yahL_predicted,0.25,3,3,TTAGCTCCGGACAATCCGGT,0,4523491
yahL_predicted,0.25,3,3,TTAGCGACGATCTTGCTCTA,0,4514659
yahL_predicted,0.25,3,3,TTACATGACATGGCTCGTGA,0,4523854
yahL_predicted,0.25,3,3,TTAATTTGACTGCCAACTTA,0,4526367
yahL_predicted,0.25,3,3,TTAATGGCACAACTCGTCCA,0,4543782
yahL_predicted,0.25,3,3,TTAACTTCCATGTACATATC,0,4512768
yahL_predicted,0.25,3,3,TTAACTTAATCAAGAAGTAA,0,4539960
yahL_predicted,0.25,3,3,TTAAATTCCCGAGAGCGCCA,0,4517814
yahL_predicted,0.25,3,3,TTAAACACGTACAGTCATCA,0,4512915
yahL_predicted,0.25,3,3,TTAAAATAAATCCGTTTGGA,0,4527854
yahL_predicted,0.25,3,3,TGTTTGTGTGGTCAGGCAAA,0,4518546
yahL_predicted,0.25,3,3,TGTTTACGTGGAGCCTAGAC,0,4532966
yahL_predicted,0.25,3,3,TGTTCGTTGCTAGTCCGGTT,0,4537638
yahL_predicted,0.25,3,3,TGTGTTACGTATAGACGTCA,0,4517535
yahL_predicted,0.25,3,3,TGTGTCGGTCGGAAGTAGTG,0,4532166
yahL_predicted,0.25,3,3,TGTGGGCCAGGTCGAGACAG,0,4518531
yahL_predicted,0.25,3,3,TGTGACAAAACCAGTACCGA,0,4535735
yahL_predicted,0.25,3,3,TGTAGATCGGTTCCCCCGGA,0,4531691
yahL_predicted,0.25,3,3,TGTACACTGCTTCCTCGAGC,0,4542333
yahL_predicted,0.25,3,3,TGTAAATGCACGGGTTAGTG,0,4512662
yahL_predicted,0.25,3,3,TGGTTTGGAGCGTTTATACA,0,4526248
yahL_predicted,0.25,3,3,TGGTTCCTGATCATATTGCC,0,4543303
yahL_predicted,0.25,3,3,TGGTCAATAAATTTGACGGC,0,4517522
yahL_predicted,0.25,3,3,TGGTCAAAAGCACGAAAAGA,0,4543049
yahL_predicted,0.25,3,3,TGGGTTGTTACACTCTGGAA,0,4522178
yahL_predicted,0.25,3,3,TGGGTTAGGGCGCCGTACTA,0,4515147
yahL_predicted,0.25,3,3,TGGGTGCTGCAATGGTGAGT,0,4521911
yahL_predicted,0.25,3,3,TGGGCTTAATGTATATACTA,0,4523502
yahL_predicted,0.25,3,3,TGGCCTACATCATTGCGATC,0,4518637
yahL_predicted,0.25,3,3,TGGCAGACTGTTCGTTGATA,0,4527747
yahL_predicted,0.25,3,3,TGGCACATAACACAATGATG,0,4526389
yahL_predicted,0.25,3,3,TGGATCGACTTCAAGAACAC,0,4518718
yahL_predicted,0.25,3,3,TGGATATTGTATAATCGCGG,0,4529717
yahL_predicted,0.25,3,3,TGGATAGTACGCCATTATTT,0,4542565
yahL_predicted,0.25,3,3,TGGAGGATCCGTGGATGGTC,0,4542351
yahL_predicted,0.25,3,3,TGGAGCGTGGCTGTAACAGA,0,4519285
yahL_predicted,0.25,3,3,TGGACGCATAGAATGTTGAT,0,4512533
yahL_predicted,0.25,3,3,TGGACCGTAAATAGATGCCA,0,4534608
yahL_predicted,0.25,3,3,TGCTGCATAGAATGTTTACA,0,4533164
yahL_predicted,0.25,3,3,TGCTAGTATTCTCAGCAACG,0,4535525
yahL_predicted,0.25,3,3,TGCTACTGCACGCCCCGGTC,0,4526884
yahL_predicted,0.25,3,3,TGCGTTACACCAACAGATTG,0,4512644
yahL_predicted,0.25,3,3,TGCGGGTGATGGCCGTTTGG,0,4526702
yahL_predicted,0.25,3,3,TGCGGGAGTTATATTTTGAG,0,4544236
yahL_predicted,0.25,3,3,TGCGCGTCCATTGTGAGTAA,0,4525988
yahL_predicted,0.25,3,3,TGCGCCGCGTCTTTAGTGGC,0,4540617
yahL_predicted,0.25,3,3,TGCCTTTGCTAACCCATCGT,0,4540214
yahL_predicted,0.25,3,3,TGCCTCTTGTTTCAGGTATA,0,4537058
yahL_predicted,0.25,3,3,TGCCCCACACGCTTAGGACA,0,4527288
yahL_predicted,0.25,3,3,TGCATTGTTCCGTGCCAGAC,0,4538043
yahL_predicted,0.25,3,3,TGCATAAACCACTTATGAAT,0,4527931
yahL_predicted,0.25,3,3,TGCAGGGTCCATTCGGGACC,0,4537229
yahL_predicted,0.25,3,3,TGCACACCACGGCTGGAGCC,0,4514108
yahL_predicted,0.25,3,3,TGCAATAGTTATAGACGCGA,0,4512175
yahL_predicted,0.25,3,3,TGCAACACAATGCTGGGTCA,0,4533104
yahL_predicted,0.25,3,3,TGATTCTGACCGTACGGGGT,0,4539050
yahL_predicted,0.25,3,3,TGATTCGCCGAGGAAAGTAC,0,4539096
yahL_predicted,0.25,3,3,TGAGTGATGGAAGAGTCTGT,0,4516080
yahL_predicted,0.25,3,3,TGAGGTGCATAAAGGCCGGC,0,4542084
yahL_predicted,0.25,3,3,TGACGAATCCTTGCATGTCC,0,4529316
yahL_predicted,0.25,3,3,TGACAGAATTGCCGTAGGGC,0,4531789
yahL_predicted,0.25,3,3,TGAACGATTGCTGCTTCCGG,0,4534022
yahL_predicted,0.25,3,3,TGAAAGCGCCCGGCCTTGTC,0,4518067
yahL_predicted,0.25,3,3,TGAAAAAGGCTCGCGTGTTG,0,4519697
yahL_predicted,0.25,3,3,TCTTTGTCGCAGGTCGGCTA,0,4534584
yahL_predicted,0.25,3,3,TCTTTGCCACCCGGGTCGCT,0,4535795
yahL_predicted,0.25,3,3,TCTTGTTCTCACAATCGGAC,0,4517706
yahL_predicted,0.25,3,3,TCTTGTGAGGGCCACCGGGG,0,4536471
yahL_predicted,0.25,3,3,TCTTGCTACCGCAGTCTGGA,0,4528228
yahL_predicted,0.25,3,3,TCTTGCCCTGCCATTCCTGG,0,4526608
yahL_predicted,0.25,3,3,TCTTCGGTCATTTGTGATTC,0,4539142
yahL_predicted,0.25,3,3,TCTTAAGGCCGTTACACCAC,0,4526558
yahL_predicted,0.25,3,3,TCTGGAGCTTCCCGGCGGAA,0,4515574
yahL_predicted,0.25,3,3,TCTGCCCAATATTGTTGCTG,0,4522428
yahL_predicted,0.25,3,3,TCTGAGCCATATCGGTATCC,0,4536846
yahL_predicted,0.25,3,3,TCTGACATGACCAAGACCGA,0,4534753
yahL_predicted,0.25,3,3,TCTGAATTCGACGGAAAGTC,0,4543172
yahL_predicted,0.25,3,3,TCTCTTTTCATTCGACTCTC,0,4538635
yahL_predicted,0.25,3,3,TCTCCCATGGGCGTTCAGAA,0,4533021
yahL_predicted,0.25,3,3,TCTAGTGGATGAGCCAGCAA,0,4531947
yahL_predicted,0.25,3,3,TCTACGTCCGCGCGCCAGTA,0,4537328
yahL_predicted,0.25,3,3,TCTAAATCTTGTTTCTAAAG,0,4517090
yahL_predicted,0.25,3,3,TCGTAGGACTAATCGGAACT,0,4518444
yahL_predicted,0.25,3,3,TCGGTTAGCTACTTTTCGGC,0,4520472
yahL_predicted,0.25,3,3,TCGGTAAATTTGAATCCATG,0,4524101
yahL_predicted,0.25,3,3,TCGGAGGGCTGAATGTAATA,0,4537192
yahL_predicted,0.25,3,3,TCGGACCCTAAGTACGACGT,0,4525105
yahL_predicted,0.25,3,3,TCGCTGGCCGGCTCCCATCA,0,4515666
yahL_predicted,0.25,3,3,TCGCGGGTCTAAAAGTAAAC,0,4535828
yahL_predicted,0.25,3,3,TCGCGCTGCCGAACTTTTCG,0,4536407
yahL_predicted,0.25,3,3,TCCTAGTTGAGGGCCAGTGC,0,4521281
yahL_predicted,0.25,3,3,TCCGTGTGTCTCTGGCCGGT,0,4530783
yahL_predicted,0.25,3,3,TCCGGTACAAGAGTCAATGG,0,4530682
yahL_predicted,0.25,3,3,TCCGGGGGCGTCTCTCAGGC,0,4516250
yahL_predicted,0.25,3,3,TCCGCGACGATAACAGATTA,0,4531988
yahL_predicted,0.25,3,3,TCCGCATTGTTCAGAGCTCC,0,4536629
yahL_predicted,0.25,3,3,TCCGACGGCCGTAAGCTGAT,0,4539680
yahL_predicted,0.25,3,3,TCCCTTGGGAGTTCATCTGT,0,4514067
yahL_predicted,0.25,3,3,TCCCTTAAACTCGCCGTTAT,0,4536272
yahL_predicted,0.25,3,3,TCCCGGCTCATCACGTCCCT,0,4515837
yahL_predicted,0.25,3,3,TCCCGCCGCCTTTGAACTTC,0,4539303
yahL_predicted,0.25,3,3,TCCAATATGGTGTTGGCCAG,0,4528288
yahL_predicted,0.25,3,3,TCCAACAGCGCTCGAGCACT,0,4537929
yahL_predicted,0.25,3,3,TCATTTATCATGAATAACCA,0,4540642
yahL_predicted,0.25,3,3,TCATGTACCGTTACGGCTTG,0,4536474
yahL_predicted,0.25,3,3,TCATACGGGCCAAAGCCCCA,0,4515627
yahL_predicted,0.25,3,3,TCAGTCCTGGCAGCCCAGAG,0,4542986
yahL_predicted,0.25,3,3,TCAGGATAGGCCCTACGCTG,0,4527319
yahL_predicted,0.25,3,3,TCAGCCAGTTACCAGTGCGT,0,4529689
yahL_predicted,0.25,3,3,TCAGATCCAAAGGTTGCGAG,0,4516686
yahL_predicted,0.25,3,3,TCAGACGGCGCAAGAGTATT,0,4528431
yahL_predicted,0.25,3,3,TCACTGTGTATTGCACGCGA,0,4525890
yahL_predicted,0.25,3,3,TCACTGCCGTGAGTATCTCC,0,4513295
yahL_predicted,0.25,3,3,TCACTAAGCATAGTCGTTTA,0,4522196
yahL_predicted,0.25,3,3,TCACACCTCCGGGGAGAGTA,0,4537683
yahL_predicted,0.25,3,3,TCAATACCCATGTGGACGGG,0,4514804
yahL_predicted,0.25,3,3,TCAAGTTGTATGTGTTGACA,0,4526853
yahL_predicted,0.25,3,3,TCAAGAGCAGTATCTGGCCA,0,4538359
yahL_predicted,0.25,3,3,TATTGACTTTGTTCCAAGTG,0,4542740
yahL_predicted,0.25,3,3,TATTATAATGAGTGTTGGTC,0,4528168
yahL_predicted,0.25,3,3,TATGTGCCACTATTTAGAGA,0,4526484
yahL_predicted,0.25,3,3,TATGCGTTCTAGATCCGGGT,0,4518061
yahL_predicted,0.25,3,3,TATCTATTGATTTATTTACG,0,4539282
yahL_predicted,0.25,3,3,TATCCGATACCCGACGCTGT,0,4539530
yahL_predicted,0.25,3,3,TATAGGTCAAAGTTGACGCC,0,4540321
yahL_predicted,0.25,3,3,TATACTCCAGGATGTAAATG,0,4512868
yahL_predicted,0.25,3,3,TATACCTCTGACTAGCGTGG,0,4512961
yahL_predicted,0.25,3,3,TATAAACCTGGCCTCCGGTC,0,4543933
yahL_predicted,0.25,3,3,TAGTTGGGCTGTTCTAAAGT,0,4527211
yahL_predicted,0.25,3,3,TAGCTAGGCTCGTCTCCATG,0,4524097
yahL_predicted,0.25,3,3,TAGCGGAGGGTTTGTTCACG,0,4540760
yahL_predicted,0.25,3,3,TAGCCAATGGCAAATACGAC,0,4538692
yahL_predicted,0.25,3,3,TAGCATTTTCGGGATAATAT,0,4541353
yahL_predicted,0.25,3,3,TAGACCGGGGGACACAGCGA,0,4520969
yahL_predicted,0.25,3,3,TACTGCAAGAGTGGGCATTG,0,4533629
yahL_predicted,0.25,3,3,TACTAGCAACCACCGCTCTA,0,4529106
yahL_predicted,0.25,3,3,TACGTAGTTGCAACATCTAG,0,4526680
yahL_predicted,0.25,3,3,TACGGTCCACGTGCTTGGGT,0,4537354
yahL_predicted,0.25,3,3,TACGGGGTTGATGATTCATA,0,4516503
yahL_predicted,0.25,3,3,TACGATATACGTCTGTCAGC,0,4517335
yahL_predicted,0.25,3,3,TACGACGAGGCTACTGATGG,0,4542464
yahL_predicted,0.25,3,3,TACCGCAAATTATTGTAATC,0,4525671
yahL_predicted,0.25,3,3,TACCCTACAAGTATGAAATC,0,4536304
yahL_predicted,0.25,3,3,TACAGTATGGAGGCTGAACG,0,4512596
yahL_predicted,0.25,3,3,TACAGGCTCGGCGTACACCT,0,4525651
yahL_predicted,0.25,3,3,TACAGCATTATGATGGACTC,0,4531474
yahL_predicted,0.25,3,3,TACAAAGCCGGAGACAAAAA,0,4541121
yahL_predicted,0.25,3,3,TAATGGTTTTCTGAGGCTCC,0,4512663
yahL_predicted,0.25,3,3,TAATGCGAAAGGATACTTAG,0,4518875
yahL_predicted,0.25,3,3,TAATCAGTAAGTTGCGAACA,0,4525472
yahL_predicted,0.25,3,3,TAATAGCTGGTGGGTGAGAC,0,4520551
yahL_predicted,0.25,3,3,TAAGTTCTTGTGTTCCCTTT,0,4542524
yahL_predicted,0.25,3,3,TAAGGAGGGGCGTACCGGTG,0,4543914
yahL_predicted,0.25,3,3,TAACTGATTGCCGATTAAAA,0,4518979
yahL_predicted,0.25,3,3,TAACGGTGGCGATATTGATG,0,4512362
yahL_predicted,0.25,3,3,TAACATCCGATAACGGGTAC,0,4538201
yahL_predicted,0.25,3,3,TAACACGGGTCGCTGTACGG,0,4528875
yahL_predicted,0.25,3,3,TAAAGGCGTCGCCGATCGAT,0,4528072
yahL_predicted,0.25,3,3,TAAAAACTAATGGCACCAAT,0,4514689
yahL_predicted,0.25,3,3,GTTTTAAACTGCGCGGTTGC,0,4513373
yahL_predicted,0.25,3,3,GTTTCTTGACCTTACATACT,0,4530760
yahL_predicted,0.25,3,3,GTTTCGCTCCAGTCAGGAAA,0,4529447
yahL_predicted,0.25,3,3,GTTGTGTCAGCACGCCACCC,0,4531599
yahL_predicted,0.25,3,3,GTTGTCAGGTATCAGGGATT,0,4531662
yahL_predicted,0.25,3,3,GTTGACTCATTGATGACTGG,0,4524901
yahL_predicted,0.25,3,3,GTTCCGGTAGGTGCGTGTCC,0,4537869
yahL_predicted,0.25,3,3,GTTCCGATCCAGCTCATTTC,0,4536089
yahL_predicted,0.25,3,3,GTTATATCACGTTACTGTGC,0,4525219
yahL_predicted,0.25,3,3,GTTAGGGGCTGTGAAAGGTA,0,4533745
yahL_predicted,0.25,3,3,GTTAGCGATACGAGTCTCAT,0,4527632
yahL_predicted,0.25,3,3,GTTAGACCATTTTCAGCGCA,0,4541330
yahL_predicted,0.25,3,3,GTGTTTCTATTCCCAAGGTT,0,4531087
yahL_predicted,0.25,3,3,GTGTCCAAGCCTGAGCTGAA,0,4535096
yahL_predicted,0.25,3,3,GTGTACGGGGGAGTCGGTAG,0,4523661
yahL_predicted,0.25,3,3,GTGGTTATTTAAGCAATTTA,0,4526098
yahL_predicted,0.25,3,3,GTGGGTCGGACGCTGGTAAC,0,4532880
yahL_predicted,0.25,3,3,GTGGGAATGGAACCCGCTCC,0,4533545
yahL_predicted,0.25,3,3,GTGCTTAGGCAGGAAACGGG,0,4519136
yahL_predicted,0.25,3,3,GTGCTTAACTCGGCCAGGAT,0,4521072
yahL_predicted,0.25,3,3,GTGCTGTTTTCTCACGAAGC,0,4540605
yahL_predicted,0.25,3,3,GTGCTGACTCCGTATCCGAT,0,4538272
yahL_predicted,0.25,3,3,GTGCGGTCACACCAGGTACA,0,4513084
yahL_predicted,0.25,3,3,GTGCATGTTTTCCTTAGGAC,0,4516238
yahL_predicted,0.25,3,3,GTGCAACTTAGGAGGGACGC,0,4515765
yahL_predicted,0.25,3,3,GTGATTTATTGACTGATAAA,0,4530445
yahL_predicted,0.25,3,3,GTGATTCAAACTGCCTTTAT,0,4540100
yahL_predicted,0.25,3,3,GTGACCACAGTCCTTCAGGG,0,4531309
yahL_predicted,0.25,3,3,GTGAACGAGCTCGGTGAACC,0,4535937
yahL_predicted,0.25,3,3,GTCTGTTCGAATTTTCCATC,0,4532679
yahL_predicted,0.25,3,3,GTCTGTGGGAAGTGTTTGTA,0,4533644
yahL_predicted,0.25,3,3,GTCTGCAGACTCTGGCCGGG,0,4521717
yahL_predicted,0.25,3,3,GTCTCCGCGTCGCGGACGCG,0,4534828
yahL_predicted,0.25,3,3,GTCTCCACCGCCGTTTGGCT,0,4534960
yahL_predicted,0.25,3,3,GTCGCTTGGAACTCTCTTGT,0,4516410
yahL_predicted,0.25,3,3,GTCCGTCATCATGAGGCAAC,0,4539932
yahL_predicted,0.25,3,3,GTCCGGTAATACACTAAATG,0,4538771
yahL_predicted,0.25,3,3,GTCCGAAACGTGAATTTAAC,0,4523596
yahL_predicted,0.25,3,3,GTCATGTACAGTTTTGGATC,0,4540422
yahL_predicted,0.25,3,3,GTCAGCTGGGTAGATATACT,0,4540903
yahL_predicted,0.25,3,3,GTCACCCCAGAGGCGGTTCG,0,4535806
yahL_predicted,0.25,3,3,GTCAATGTCCCATGTTTCCC,0,4513585
yahL_predicted,0.25,3,3,GTATGATATTGCACAGTACC,0,4530612
yahL_predicted,0.25,3,3,GTATCAAGGAGAATCAGGCT,0,4538444
yahL_predicted,0.25,3,3,GTATACATAGTCGTGTGACT,0,4512762
yahL_predicted,0.25,3,3,GTATAATCTACTCTTGGGAG,0,4529503
yahL_predicted,0.25,3,3,GTATAATCGCCCCGGCATAG,0,4543794
yahL_predicted,0.25,3,3,GTAGTTTTGTCGGTCGTGAG,0,4542984
yahL_predicted,0.25,3,3,GTAGTAGACGGCTCAGAAAT,0,4525848
yahL_predicted,0.25,3,3,GTAGGATGCTGGATGGAGTC,0,4529831
yahL_predicted,0.25,3,3,GTAGATCATGATCAGCTGCT,0,4523816
yahL_predicted,0.25,3,3,GTAGAGAGTTGGGGCTGCGG,0,4526910
yahL_predicted,0.25,3,3,GTACGGTATTGCTCCTACCG,0,4523542
yahL_predicted,0.25,3,3,GTACAGAATAGCCCTCCGAT,0,4517680
yahL_predicted,0.25,3,3,GTACACTGTCGTTGTCCGGC,0,4533050
yahL_predicted,0.25,3,3,GTAACCTGATCTTTTAGAAC,0,4537908
yahL_predicted,0.25,3,3,GGTTTGTTTCAATCTATTAA,0,4529403
yahL_predicted,0.25,3,3,GGTTTCTGTTTCAAGTCCCC,0,4528062
yahL_predicted,0.25,3,3,GGTTAGTCCATACATCTAGT,0,4519943
yahL_predicted,0.25,3,3,GGTGTCTCTAATGTGGCGCC,0,4542285
yahL_predicted,0.25,3,3,GGTGTCGCCCACGTATCTGC,0,4516778
yahL_predicted,0.25,3,3,GGTGGGACGAGGAGCTGTTT,0,4532319
yahL_predicted,0.25,3,3,GGTGATGAGTGTACCGGCGT,0,4533657
yahL_predicted,0.25,3,3,GGTGAGATCACCAGCAGCCC,0,4522192
yahL_predicted,0.25,3,3,GGTGACTGTTCTGGATGGAA,0,4534078
yahL_predicted,0.25,3,3,GGTCTGCGGACTCTGCCGCA,0,4521119
yahL_predicted,0.25,3,3,GGTCGTGTAGACATCAAAGT,0,4517169
yahL_predicted,0.25,3,3,GGTCCCCTCCGCTGTATGTC,0,4533623
yahL_predicted,0.25,3,3,GGTCCAACGGGTCCGCACCG,0,4531722
yahL_predicted,0.25,3,3,GGTCACCAAAACGACGTGAT,0,4542471
yahL_predicted,0.25,3,3,GGTAGCGGCGCATAGTGTGC,0,4532070
yahL_predicted,0.25,3,3,GGTAGAAGCACATTAGCGGA,0,4529075
yahL_predicted,0.25,3,3,GGTACAGGCTATCTTCGCAA,0,4531219
yahL_predicted,0.25,3,3,GGTAACATGATAATAATTGA,0,4532553
yahL_predicted,0.25,3,3,GGGTTTCTGCGGCATTAGAG,0,4535825
yahL_predicted,0.25,3,3,GGGTGAACTTTTTGGCCCTC,0,4542152
yahL_predicted,0.25,3,3,GGGTAGCAGGATTGCTCATA,0,4518441
yahL_predicted,0.25,3,3,GGGTAGAGAACGCGGTGGAA,0,4541904
yahL_predicted,0.25,3,3,GGGTAATCTGCTTAGCACAC,0,4543261
yahL_predicted,0.25,3,3,GGGTAACGTTGCCGACTCCA,0,4514883
yahL_predicted,0.25,3,3,GGGGGGGACTCTGCGCTCGA,0,4526033
yahL_predicted,0.25,3,3,GGGGGAGACCGGGTGAGAAA,0,4513778
yahL_predicted,0.25,3,3,GGGGCTCCTCCCATATTCAC,0,4521130
yahL_predicted,0.25,3,3,GGGGAAAGCGTACTCGCAGA,0,4513963
yahL_predicted,0.25,3,3,GGGCAGTGACTCACTACTCT,0,4528660
yahL_predicted,0.25,3,3,GGGCAGTAAAGACCTGAGTT,0,4529543
yahL_predicted,0.25,3,3,GGGATCCTAAAGGCATGCTG,0,4528933
yahL_predicted,0.25,3,3,GGGATAGAATCAGATGGATT,0,4520959
yahL_predicted,0.25,3,3,GGGAGCGTTGGGATGATCGC,0,4543340
yahL_predicted,0.25,3,3,GGGACTAGACAGCAACGGTA,0,4541344
yahL_predicted,0.25,3,3,GGGACCATGCTCGGAGTAGT,0,4540547
yahL_predicted,0.25,3,3,GGGAAGGGCCAGGAGCTTGC,0,4530115
yahL_predicted,0.25,3,3,GGGAACGCGAACGTGAACCC,0,4543948
yahL_predicted,0.25,3,3,GGCTTTGTCGTAATTCAAGA,0,4539307
yahL_predicted,0.25,3,3,GGCTCTCATACGGGTCCGAT,0,4541039
yahL_predicted,0.25,3,3,GGCTATGGGATAAAGCCAGG,0,4519843
yahL_predicted,0.25,3,3,GGCGTGTCCCTTACTTCGCG,0,4528281
yahL_predicted,0.25,3,3,GGCGGTGCGCGATCGCTGTT,0,4531417
yahL_predicted,0.25,3,3,GGCGGATATGTGTTTTTGTG,0,4540808
yahL_predicted,0.25,3,3,GGCGAGTTAATAAGACGCCA,0,4543531
yahL_predicted,0.25,3,3,GGCCCCGTACCACTACAAAT,0,4519391
yahL_predicted,0.25,3,3,GGCCCCATGCTGAAAAGCCA,0,4531463
yahL_predicted,0.25,3,3,GGCCAACTAATATCCGGATA,0,4537227
yahL_predicted,0.25,3,3,GGCATCAGCATACTGGTTTT,0,4537207
yahL_predicted,0.25,3,3,GGCAGCCAACACCATATACT,0,4541932
yahL_predicted,0.25,3,3,GGCAATTGTAAATTCGACTT,0,4539762
yahL_predicted,0.25,3,3,GGATTTGTGTGGTTGGTGGG,0,4534096
yahL_predicted,0.25,3,3,GGATTGATGCAGTAGTGTTT,0,4531140
yahL_predicted,0.25,3,3,GGATCCCAGGCTACGAAATC,0,4517784
yahL_predicted,0.25,3,3,GGATCATGGAGCTCGCCCTC,0,4518069
yahL_predicted,0.25,3,3,GGATCAATACTGGCTGTGCG,0,4537948
yahL_predicted,0.25,3,3,GGATACGCTTTGAACTCATA,0,4522482
yahL_predicted,0.25,3,3,GGAGTTTTCCATGCCCCCCA,0,4515728
yahL_predicted,0.25,3,3,GGAGACAAGGCGATTTCACT,0,4530263
yahL_predicted,0.25,3,3,GGAGAAGACAGCAGTTCTAC,0,4522915
yahL_predicted,0.25,3,3,GGACGCTACGTGCATTAGAG,0,4531844
yahL_predicted,0.25,3,3,GGACCAATCTGATTCGGCTA,0,4517898
yahL_predicted,0.25,3,3,GGAACTGGTCGAGAGCTGAC,0,4540371
yahL_predicted,0.25,3,3,GCTGCGGTAGTCCGGTATCA,0,4521192
yahL_predicted,0.25,3,3,GCTGCCGTATGTATAGGGGA,0,4516564
yahL_predicted,0.25,3,3,GCTGACATAGAGAAACAAAT,0,4537494
yahL_predicted,0.25,3,3,GCTCCTAAGCACCGCCGCTA,0,4540555
yahL_predicted,0.25,3,3,GCTCAACATAGACAAGGTGA,0,4536945
yahL_predicted,0.25,3,3,GCTATTACTCCCTCCGCAAT,0,4542038
yahL_predicted,0.25,3,3,GCTAGTTATCATTCGTGAGA,0,4534147
yahL_predicted,0.25,3,3,GCTAGACGAGTGACTATCTG,0,4536533
yahL_predicted,0.25,3,3,GCTAAGTTAGGGTAATCATT,0,4538013
yahL_predicted,0.25,3,3,GCTAAGACAGGTACTAGATG,0,4541526
yahL_predicted,0.25,3,3,GCTAAAGTTTATTGCCGGGA,0,4536462
yahL_predicted,0.25,3,3,GCGTGATCTGCTAGAGGTGA,0,4526613
yahL_predicted,0.25,3,3,GCGTACACCTGTTTTCTGAT,0,4532884
yahL_predicted,0.25,3,3,GCGGTGATCCAGGGCGTACC,0,4521254
yahL_predicted,0.25,3,3,GCGGCAGTTATTGGCCTGAT,0,4524230
yahL_predicted,0.25,3,3,GCGGCAATAAGCGGGCTCAT,0,4515679
yahL_predicted,0.25,3,3,GCGGAGAACAGTTCGGCGAT,0,4520054
yahL_predicted,0.25,3,3,GCGCCTGTTAGGGCCATTAA,0,4523711
yahL_predicted,0.25,3,3,GCGCCAACAAAAGATAGCTC,0,4528547
yahL_predicted,0.25,3,3,GCGCAGTGATCCATTGTCTT,0,4526720
yahL_predicted,0.25,3,3,GCGCAATCTTTGACTCTTGT,0,4521338
yahL_predicted,0.25,3,3,GCGACTGTCTAAAAAAAGTG,0,4523914
yahL_predicted,0.25,3,3,GCGAAAGTTGTGATTCCCCC,0,4522193
yahL_predicted,0.25,3,3,GCCTTTCATGTGTGCGGAGA,0,4534595
yahL_predicted,0.25,3,3,GCCTCTAGAGGGTGGATAGA,0,4530243
yahL_predicted,0.25,3,3,GCCTCGTTCAGTTTGGGCCT,0,4542445
yahL_predicted,0.25,3,3,GCCGTATAGAGCGTAAGACT,0,4515540
yahL_predicted,0.25,3,3,GCCGCCTGTGGCATACGTCT,0,4533909
yahL_predicted,0.25,3,3,GCCGAAATGTGCAATGGGCA,0,4522217
yahL_predicted,0.25,3,3,GCCCTTAGATCCCTTCACCA,0,4540024
yahL_predicted,0.25,3,3,GCCCGACAGTGGAAGCCGGT,0,4532488
yahL_predicted,0.25,3,3,GCCCCCGCTACTTGTCCAGA,0,4517965
yahL_predicted,0.25,3,3,GCCATGTACGCTTGGACCTC,0,4523255
yahL_predicted,0.25,3,3,GCCAGCCCAGAGTCCTTCTC,0,4535282
yahL_predicted,0.25,3,3,GCATTGTGGCCAGCACGCGC,0,4517359
yahL_predicted,0.25,3,3,GCATTCACGGACTGCGAATA,0,4526553
yahL_predicted,0.25,3,3,GCATGGCGGTTACTCCGCGC,0,4541054
yahL_predicted,0.25,3,3,GCATCGTACCCGGCTGCAGT,0,4522483
yahL_predicted,0.25,3,3,GCATAGGATCTTGGGCAAAT,0,4537513
yahL_predicted,0.25,3,3,GCATAAACTTTCGGGACGAT,0,4533508
yahL_predicted,0.25,3,3,GCAGGTATATCAGGAGTACG,0,4532243
yahL_predicted,0.25,3,3,GCACGGGTTTCCGCAGGTAA,0,4519333
yahL_predicted,0.25,3,3,GCACGGACACTAGGAGACGG,0,4540746
yahL_predicted,0.25,3,3,GCACCACGCGTGCTTGTCAC,0,4538044
yahL_predicted,0.25,3,3,GCACACGAACGAGTCATTGG,0,4540350
yahL_predicted,0.25,3,3,GCAATGGAGCCGATTAACGA,0,4522431
yahL_predicted,0.25,3,3,GCAACTCATATATGTGCCCG,0,4516971
yahL_predicted,0.25,3,3,GCAAATCTAGGCACCTTCAT,0,4522242
yahL_predicted,0.25,3,3,GCAAACTTTGAACTGCCAAT,0,4525121
yahL_predicted,0.25,3,3,GATTGACTACACAGCCACTT,0,4521046
yahL_predicted,0.25,3,3,GATTCAGTCCTTTCATCTCA,0,4517958
yahL_predicted,0.25,3,3,GATGTACTTAAAAGTGGACG,0,4514016
yahL_predicted,0.25,3,3,GATCAGGATGATCTGCCTAA,0,4540677
yahL_predicted,0.25,3,3,GATCACAAGTGTGTAGAGTT,0,4523426
yahL_predicted,0.25,3,3,GATACTGGTTTCCCTAGGGT,0,4518293
yahL_predicted,0.25,3,3,GATACCACTTCACGATAAAG,0,4528757
yahL_predicted,0.25,3,3,GATAAATGCATTTTACACAT,0,4541761
yahL_predicted,0.25,3,3,GAGTTTCTTTCTCCAGAATT,0,4531745
yahL_predicted,0.25,3,3,GAGTCGCAAGGCTGTCACAT,0,4528527
yahL_predicted,0.25,3,3,GAGTCCCTAGGGTTGGTGGA,0,4542520
yahL_predicted,0.25,3,3,GAGTAAATTCATTGCGTTAC,0,4516403
yahL_predicted,0.25,3,3,GAGGTTGCTCTTCTCGTCAT,0,4531248
yahL_predicted,0.25,3,3,GAGGGGAGCGGGTTGATGTC,0,4524946
yahL_predicted,0.25,3,3,GAGGCCGGACAAGTCTCTTT,0,4518155
yahL_predicted,0.25,3,3,GAGGAGGGCATCCACGTTTA,0,4543034
yahL_predicted,0.25,3,3,GAGCTCCGTCCAGTTAACAG,0,4542590
yahL_predicted,0.25,3,3,GAGCGGTCCGAACTGGACCG,0,4522041
yahL_predicted,0.25,3,3,GAGCATACCGAGGTTACGCT,0,4540357
yahL_predicted,0.25,3,3,GAGCAACTCGGTTAGGTTAT,0,4523258
yahL_predicted,0.25,3,3,GAGATTACGATACTGCGTGC,0,4533105
yahL_predicted,0.25,3,3,GAGAGGGTACCCTGTATCGG,0,4536693
yahL_predicted,0.25,3,3,GAGACGTTGGCTGTTACCGC,0,4534829
yahL_predicted,0.25,3,3,GAGACGCTCGCTGTGCTATA,0,4537119
yahL_predicted,0.25,3,3,GAGAATAAAGAATGGACATA,0,4530980
yahL_predicted,0.25,3,3,GACTTTTGTTATCGGGCTTT,0,4515150
yahL_predicted,0.25,3,3,GACTGTTCCTCAGTGGAGTC,0,4538985
yahL_predicted,0.25,3,3,GACTGGGATGTGCCTGGCGC,0,4514799
yahL_predicted,0.25,3,3,GACGTGTCACTTGCCCCCTA,0,4515724
yahL_predicted,0.25,3,3,GACGTCATAAGTGTCCCAGA,0,4543956
yahL_predicted,0.25,3,3,GACGATTGCTCACAACAACG,0,4543285
yahL_predicted,0.25,3,3,GACCTGTAATGTGACGGCAT,0,4525201
yahL_predicted,0.25,3,3,GACCGTGAGCGGCACACGAC,0,4519135
yahL_predicted,0.25,3,3,GACCACGTAGTGTGTTATGT,0,4538848
yahL_predicted,0.25,3,3,GACAAGGATTCTGGAGACAT,0,4514317
yahL_predicted,0.25,3,3,GAATTGATGCGACCGGCAGC,0,4526091
yahL_predicted,0.25,3,3,GAATGCTGTGAGTTCCCGCA,0,4535671
yahL_predicted,0.25,3,3,GAATGACTATGACATAGGGC,0,4514843
yahL_predicted,0.25,3,3,GAATATGGTTGGGATTCGCT,0,4540223
yahL_predicted,0.25,3,3,GAAGTGGCGAAAACAATGAA,0,4512170
yahL_predicted,0.25,3,3,GAAGGTGTCATCTTTAGCAT,0,4533656
yahL_predicted,0.25,3,3,GAAGCCGCATGAACAAAATC,0,4523867
yahL_predicted,0.25,3,3,GAACTCAAATACGTTCGCAT,0,4535070
yahL_predicted,0.25,3,3,GAACACGTAGACAGAGCTTC,0,4538526
yahL_predicted,0.25,3,3,GAAATCGAAAAATGCTGCAA,0,4522811
yahL_predicted,0.25,3,3,GAAAGTGTGTACGACATGTT,0,4529631
yahL_predicted,0.25,3,3,GAAAATTCGTTGTTGGATGC,0,4521329
yahL_predicted,0.25,3,3,CTTTTGACGGTCCCATCTCC,0,4515698
yahL_predicted,0.25,3,3,CTTGTTGGCTGATGGATAAC,0,4541303
yahL_predicted,0.25,3,3,CTTGTTAACCGTACGACTGG,0,4526253
yahL_predicted,0.25,3,3,CTTGTGGGATGCTGTCCGCG,0,4515764
yahL_predicted,0.25,3,3,CTTGGTGAGCTGCCCTCTTT,0,4524630
yahL_predicted,0.25,3,3,CTTGGGTCATAAAAGTGCCT,0,4536005
yahL_predicted,0.25,3,3,CTTGGGAAGACTACACGGCG,0,4521304
yahL_predicted,0.25,3,3,CTTGACGGGCTAGTCGGAGC,0,4542279
yahL_predicted,0.25,3,3,CTTCGCTTCGGCGAAATGTC,0,4518415
yahL_predicted,0.25,3,3,CTTCCTCCCGGACTGCCTAA,0,4520957
yahL_predicted,0.25,3,3,CTTCCGGATAACAAATTGAT,0,4513913
yahL_predicted,0.25,3,3,CTTCAGGACCTGTGGTGGAA,0,4532987
yahL_predicted,0.25,3,3,CTTAAACAGGACCTCTCGGT,0,4514239
yahL_predicted,0.25,3,3,CTGTTTGGTATCTGGAAGCT,0,4527118
yahL_predicted,0.25,3,3,CTGTTAGTGGGTACGTACAA,0,4518759
yahL_predicted,0.25,3,3,CTGTTACGAAGGGCTACGAT,0,4531040
yahL_predicted,0.25,3,3,CTGTGGGACTCCATGTTTTC,0,4528988
yahL_predicted,0.25,3,3,CTGTCGTTATTGAACAACGG,0,4531536
yahL_predicted,0.25,3,3,CTGTACCAGTTCTGAATTCC,0,4537978
yahL_predicted,0.25,3,3,CTGGTACACGTGTGGTTACA,0,4518756
yahL_predicted,0.25,3,3,CTGGGGGTGTCGATGGGGTT,0,4521684
yahL_predicted,0.25,3,3,CTGGACTCTTCGTGCGACAA,0,4528749
yahL_predicted,0.25,3,3,CTGCGCGAAGCACGAGAGAT,0,4530477
yahL_predicted,0.25,3,3,CTGCCGTTTGAGTAATAGAT,0,4536377
yahL_predicted,0.25,3,3,CTGCAGTAGCATTTGAGTCA,0,4531810
yahL_predicted,0.25,3,3,CTGAGGTCCCTAATATCACC,0,4531175
yahL_predicted,0.25,3,3,CTGAGGGGGCTCGAGGTTTA,0,4531881
yahL_predicted,0.25,3,3,CTGACGCGTTAGCCAGGGTG,0,4514601
yahL_predicted,0.25,3,3,CTCTTGTGAGGTAGCTTCGG,0,4537690
yahL_predicted,0.25,3,3,CTCTTGTACTTCCATGTATT,0,4540901
yahL_predicted,0.25,3,3,CTCTTCCCCCAGGGGCATGT,0,4526527
yahL_predicted,0.25,3,3,CTCTGCTTTTGGAATTTGTC,0,4532426
yahL_predicted,0.25,3,3,CTCTGACTCGCGCTGCGTAC,0,4519805
yahL_predicted,0.25,3,3,CTCTCGGTATTATTAGTCGC,0,4537246
yahL_predicted,0.25,3,3,CTCGCTTATCAATCCATTCC,0,4530748
yahL_predicted,0.25,3,3,CTCGATTACAGTACAAGGAA,0,4535110
yahL_predicted,0.25,3,3,CTCGAATATAGGTTGCATCG,0,4523823
yahL_predicted,0.25,3,3,CTCCTGACGACAGCCCAGTC,0,4534593
yahL_predicted,0.25,3,3,CTCCGGATATCATGGAGTGT,0,4523695
yahL_predicted,0.25,3,3,CTCCGGAGGCGTTTACGTGG,0,4519543
yahL_predicted,0.25,3,3,CTCCGCAGGGAAAACAAGGG,0,4534037
yahL_predicted,0.25,3,3,CTCCCCTCCGTAGAGGTACT,0,4526778
yahL_predicted,0.25,3,3,CTCCACCCGGGCCATAATTC,0,4524902
yahL_predicted,0.25,3,3,CTCAGGGCACAATCACGGGA,0,4513506
yahL_predicted,0.25,3,3,CTCAGAGATATTCACATTCT,0,4518471
yahL_predicted,0.25,3,3,CTCAACGATCTTGAAGCCTA,0,4542721
yahL_predicted,0.25,3,3,CTATTGACGGTAGACGCAGA,0,4538885
yahL_predicted,0.25,3,3,CTATGCTTTGGGACAAGATA,0,4512931
yahL_predicted,0.25,3,3,CTAGTCAGCCGCTGACCGGT,0,4523011
yahL_predicted,0.25,3,3,CTAGGGTTGCGTCTCGGTCA,0,4524346
yahL_predicted,0.25,3,3,CTAGCACCCGGGCACGAAGA,0,4537289
yahL_predicted,0.25,3,3,CTAGAGTTACTTACTGATTG,0,4537562
yahL_predicted,0.25,3,3,CTACGCAACACTTAGCTAAC,0,4535884
yahL_predicted,0.25,3,3,CGTTCTTCAGCGTAATTAAC,0,4544174
yahL_predicted,0.25,3,3,CGTTACAGTCCTCTGGACTG,0,4541528
yahL_predicted,0.25,3,3,CGTTAATGTCAGGAGTTTAC,0,4533858
yahL_predicted,0.25,3,3,CGTGTAGGAGACAAACGAAC,0,4518492
yahL_predicted,0.25,3,3,CGTGGACTTGTCTTATCTGC,0,4537891
yahL_predicted,0.25,3,3,CGTCTGTCGCGGGTCGGCTA,0,4517171
yahL_predicted,0.25,3,3,CGTCTCAAAGCATTTGAGTA,0,4518821
yahL_predicted,0.25,3,3,CGTCTAGTCGCAATGTACTC,0,4533986
yahL_predicted,0.25,3,3,CGTCCTGTGGCAAACGTTGA,0,4529582
yahL_predicted,0.25,3,3,CGTCAGCCAGGGGCGGGCAG,0,4528631
yahL_predicted,0.25,3,3,CGTCACAGCTGTCATGACTC,0,4539772
yahL_predicted,0.25,3,3,CGTCACAACATTTCCAGATG,0,4537276
yahL_predicted,0.25,3,3,CGTCAAGAGTCCCCGCCGAA,0,4542596
yahL_predicted,0.25,3,3,CGTCAACTCCGCTGTCTTAT,0,4538430
yahL_predicted,0.25,3,3,CGTATTTGGGCACCCACAAC,0,4512425
yahL_predicted,0.25,3,3,CGGTTACGGGGACTACCGTG,0,4541841
yahL_predicted,0.25,3,3,CGGTGTCTATGCCACCAACT,0,4519390
yahL_predicted,0.25,3,3,CGGTGACAGTCTTGTCTAAA,0,4514874
yahL_predicted,0.25,3,3,CGGTCCGGGTATTCGGGTTT,0,4518659
yahL_predicted,0.25,3,3,CGGTCCAAGGCACCCTTACG,0,4533782
yahL_predicted,0.25,3,3,CGGTCAGCAGTACTGGGTAT,0,4514263
yahL_predicted,0.25,3,3,CGGTATGTGAGAAGGCGTCA,0,4540655
yahL_predicted,0.25,3,3,CGGTACAACTAACTCGAGAA,0,4512374
yahL_predicted,0.25,3,3,CGGTAAGGAAGCACAGACCG,0,4517496
yahL_predicted,0.25,3,3,CGGGTGACTTTATGAGTCTG,0,4514627
yahL_predicted,0.25,3,3,CGGGCTACTCTTGTAAAGCT,0,4541935
yahL_predicted,0.25,3,3,CGGGAATGAGCTAACTAAAC,0,4513931
yahL_predicted,0.25,3,3,CGGCTGACGTTATCCTCGAC,0,4523503
yahL_predicted,0.25,3,3,CGGCGCTGAGGCAGTTTGTC,0,4535066
yahL_predicted,0.25,3,3,CGGCATAAATAACTGCACGC,0,4520089
yahL_predicted,0.25,3,3,CGGAGTGCAGCTCCGGCCTT,0,4514217
yahL_predicted,0.25,3,3,CGCTGGTCAGAAGCGAGGAA,0,4538011
yahL_predicted,0.25,3,3,CGCTCGGTTTGAGTTATTAA,0,4534612
yahL_predicted,0.25,3,3,CGCTAGGCAAAACCTGCGGA,0,4541857
yahL_predicted,0.25,3,3,CGCGGAACGCCCTGCGGGGT,0,4527361
yahL_predicted,0.25,3,3,CGCGCTGATGTTTTGATCCG,0,4542971
yahL_predicted,0.25,3,3,CGCCTCTTATTGTGTCTTTC,0,4543292
yahL_predicted,0.25,3,3,CGCCTCCCGTCTAAACGGCA,0,4515085
yahL_predicted,0.25,3,3,CGCCTCAATTGACTGGGGAG,0,4512305
yahL_predicted,0.25,3,3,CGCCTACATGGTAGCTTCTA,0,4524538
yahL_predicted,0.25,3,3,CGCCGGTGGTCTATTCATAC,0,4518259
yahL_predicted,0.25,3,3,CGCCCTCCGGTCTCGGTTAC,0,4524455
yahL_predicted,0.25,3,3,CGCATAGAGGCCGGCTATAA,0,4518649
yahL_predicted,0.25,3,3,CGCAGCGGCTTCGCCACGTG,0,4544246
yahL_predicted,0.25,3,3,CGATTGGTCCGAGGGGAAGG,0,4516731
yahL_predicted,0.25,3,3,CGATTAATAGACCTGGTGGG,0,4527628
yahL_predicted,0.25,3,3,CGATGTCTAGCATTCAAACT,0,4533423
yahL_predicted,0.25,3,3,CGATCGTAAACAAAAACTGT,0,4533832
yahL_predicted,0.25,3,3,CGATCGGTCGGGAGGTAATA,0,4535922
yahL_predicted,0.25,3,3,CGAGGGAGCATTTTTCGCCT,0,4535849
yahL_predicted,0.25,3,3,CGAGGAGATCACGGGTTCAA,0,4518483
yahL_predicted,0.25,3,3,CGACTCACCTCACGTACGGA,0,4517375
yahL_predicted,0.25,3,3,CGACCCGTCTTGGGCCGGCT,0,4535789
yahL_predicted,0.25,3,3,CCTTTTCTTCCCCTCCAAGT,0,4516918
yahL_predicted,0.25,3,3,CCTTTGTTGGCGGCTACTTA,0,4518955
yahL_predicted,0.25,3,3,CCTTCTGAAACCAACAGTGT,0,4514257
yahL_predicted,0.25,3,3,CCTTAAAGTCTGCACCTCTA,0,4516719
yahL_predicted,0.25,3,3,CCTGGTGGCCATATTGCGGT,0,4536342
yahL_predicted,0.25,3,3,CCTGCTGCGGTGAAGTTATG,0,4516894
yahL_predicted,0.25,3,3,CCTCTACAAGGCCGCTAGCG,0,4539088
yahL_predicted,0.25,3,3,CCTCACGGATCGGCCGAGTC,0,4524222
yahL_predicted,0.25,3,3,CCTATGCGGTATTGATTGGA,0,4522965
yahL_predicted,0.25,3,3,CCTAGAGTTGCAGGGCATTC,0,4541941
yahL_predicted,0.25,3,3,CCTACCCTTTGGGCTTTTAC,0,4520134
yahL_predicted,0.25,3,3,CCTAACGATTTCCAAACGAG,0,4518916
yahL_predicted,0.25,3,3,CCGTGGGTGGGCATAATACA,0,4535368
yahL_predicted,0.25,3,3,CCGTCCTTTTCAATCCAGTA,0,4515559
yahL_predicted,0.25,3,3,CCGTAAGTGCCGTGAACCTA,0,4531063
yahL_predicted,0.25,3,3,CCGGTATGCAAGCAGCCCTG,0,4519342
yahL_predicted,0.25,3,3,CCGGGGCTCTCGACTACTGT,0,4525486
yahL_predicted,0.25,3,3,CCGGGACCAAGACGAAAACC,0,4534570
yahL_predicted,0.25,3,3,CCGGATGCTTATTTCCAGAA,0,4540874
yahL_predicted,0.25,3,3,CCGGATAACCCTTCGTCGCA,0,4516663
yahL_predicted,0.25,3,3,CCGCTAGCACCGCCGCTTAA,0,4525479
yahL_predicted,0.25,3,3,CCGCCGTAACTTACACTCGA,0,4514880
yahL_predicted,0.25,3,3,CCGCCCTGCGTGGGGCTTCA,0,4527906
yahL_predicted,0.25,3,3,CCGCCATCCCTTGGGCCACC,0,4517660
yahL_predicted,0.25,3,3,CCGCAAGGCGCTTAAAACGG,0,4517971
yahL_predicted,0.25,3,3,CCGAGGCCTACGCGCTGCCA,0,4522528
yahL_predicted,0.25,3,3,CCGACCCCAAAGCACGTAAA,0,4515890
yahL_predicted,0.25,3,3,CCGACCACGACGAATAAAGT,0,4526761
yahL_predicted,0.25,3,3,CCGAACCTCCACATTAATTA,0,4527531
yahL_predicted,0.25,3,3,CCCTTGACCTGCCACAACCA,0,4522167
yahL_predicted,0.25,3,3,CCCGGTGGCCGTCATATCAA,0,4512629
yahL_predicted,0.25,3,3,CCCGGCCTTACCAAGCCGTC,0,4517656
yahL_predicted,0.25,3,3,CCCGGAGTTAAACTTCTCTG,0,4524988
yahL_predicted,0.25,3,3,CCCGCTCACTTCGTGGTAAA,0,4539790
yahL_predicted,0.25,3,3,CCCGCCCTCCTGGGTTTCCA,0,4515580
yahL_predicted,0.25,3,3,CCCGCCAGTCCAGTTAGTAT,0,4519500
yahL_predicted,0.25,3,3,CCCGCACTGTCCAATCGGTG,0,4521450
yahL_predicted,0.25,3,3,CCCGAGGGGTTGGGAGCCGT,0,4518459
yahL_predicted,0.25,3,3,CCCCGTCGTCCGGAGTTTAT,0,4522449
yahL_predicted,0.25,3,3,CCCCCCTCTAGGGCGATATC,0,4520218
yahL_predicted,0.25,3,3,CCCCCACCAGTCGCAGGGGC,0,4535882
yahL_predicted,0.25,3,3,CCCCATCGTGAGGCATTAAC,0,4531434
yahL_predicted,0.25,3,3,CCCCATAGTACTGACGCGCG,0,4535747
yahL_predicted,0.25,3,3,CCCCACCAGGTTACGTAGGT,0,4532446
yahL_predicted,0.25,3,3,CCCCAATGAGGCATTGACAC,0,4517224
yahL_predicted,0.25,3,3,CCCATTATAAGCTCACCTCA,0,4518129
yahL_predicted,0.25,3,3,CCCAGCGAAGAGAAGTGCAT,0,4515570
yahL_predicted,0.25,3,3,CCCAGCAAAAGACCTTTGTA,0,4514469
yahL_predicted,0.25,3,3,CCCACTCTGGACTAGAGTTC,0,4542714
yahL_predicted,0.25,3,3,CCCAATTTTTTATTGTGGCC,0,4525354
yahL_predicted,0.25,3,3,CCCAATGGTTGGGGTTTCAC,0,4534083
yahL_predicted,0.25,3,3,CCCAAATCTGCACGCTAATT,0,4514096
yahL_predicted,0.25,3,3,CCCAAACGTATCGATCGTAG,0,4522380
yahL_predicted,0.25,3,3,CCCAAAAGATTATTACAGGC,0,4530856
yahL_predicted,0.25,3,3,CCATTCCAGACCTTGTCTAT,0,4527384
yahL_predicted,0.25,3,3,CCACTTAGAGTTTAGAACCC,0,4514119
yahL_predicted,0.25,3,3,CCACCCTATTAGATGGCGGA,0,4517763
yahL_predicted,0.25,3,3,CCACCACGTAGTCTTACATG,0,4534431
yahL_predicted,0.25,3,3,CCAAGTTCATTGGCTCTCGA,0,4526295
yahL_predicted,0.25,3,3,CCAAGAATTAACTCAAACAC,0,4525766
yahL_predicted,0.25,3,3,CCAACGGTGCAAAATTCCGC,0,4520455
yahL_predicted,0.25,3,3,CCAAATGACCGCTGGACAGA,0,4527078
yahL_predicted,0.25,3,3,CCAAAGAGGGCATGGGTTTA,0,4530598
yahL_predicted,0.25,3,3,CCAAAATGTAGCGGACAAAG,0,4539448
yahL_predicted,0.25,3,3,CATTGATAAGCAGTCAGGGC,0,4521116
yahL_predicted,0.25,3,3,CATTGAGTGTCAAGTGACCG,0,4519177
yahL_predicted,0.25,3,3,CATTATTTCGTCAGTGGGAA,0,4542372
yahL_predicted,0.25,3,3,CATTATCTTTACCCTAGAAC,0,4526935
yahL_predicted,0.25,3,3,CATGGAATCGCACTCAGTCA,0,4538301
yahL_predicted,0.25,3,3,CATGCGTACAAACAGATTGC,0,4519601
yahL_predicted,0.25,3,3,CATGCGGCGGGGAGCATCTG,0,4524215
yahL_predicted,0.25,3,3,CATCTGTTCCCGGAGACAGA,0,4533546
yahL_predicted,0.25,3,3,CATCGGCTTCAGTTGCAACC,0,4517884
yahL_predicted,0.25,3,3,CATCAAAACATTATGGAGAG,0,4527835
yahL_predicted,0.25,3,3,CATAGATGCTGACCTCTACA,0,4536989
yahL_predicted,0.25,3,3,CATACGTAGCCGCTGAAATC,0,4535314
yahL_predicted,0.25,3,3,CATACGCATAACTCCTGCAG,0,4533430
yahL_predicted,0.25,3,3,CATAAACTAGGAAATGCTCT,0,4523435
yahL_predicted,0.25,3,3,CAGTGGTTATGGAGCACAAG,0,4532665
yahL_predicted,0.25,3,3,CAGTCAATCATGAATCGTAG,0,4518100
yahL_predicted,0.25,3,3,CAGGTGTGAAGGCAGACGGT,0,4517412
yahL_predicted,0.25,3,3,CAGGTCTAAATCTGCCACGT,0,4543855
yahL_predicted,0.25,3,3,CAGGCCGGTCGCGTAGGGTT,0,4523225
yahL_predicted,0.25,3,3,CAGGCATCAATAACAAGTAT,0,4528709
yahL_predicted,0.25,3,3,CAGGCACTGACAGTGGGTTG,0,4529307
yahL_predicted,0.25,3,3,CAGGATTCGATTGCCCCGAT,0,4520267
yahL_predicted,0.25,3,3,CAGGAATAGATGTCTTTGGT,0,4518976
yahL_predicted,0.25,3,3,CAGCTATCGGGGTCCTTGTT,0,4516662
yahL_predicted,0.25,3,3,CAGCGTTCATTCACAGCAGT,0,4525911
yahL_predicted,0.25,3,3,CAGCGTGGTGAAGTCAAGCA,0,4526443
yahL_predicted,0.25,3,3,CAGCCCAACGGGGATATCCT,0,4537540
yahL_predicted,0.25,3,3,CAGATTGGTAGAGCTTAGGA,0,4527754
yahL_predicted,0.25,3,3,CAGATCAGAACGACCTCTTT,0,4524654
yahL_predicted,0.25,3,3,CAGACAATCGGATATGGCCA,0,4512962
yahL_predicted,0.25,3,3,CAGAACAGCCCTAAGGGCAT,0,4522974
yahL_predicted,0.25,3,3,CACGGCCGAAATCGAATAAG,0,4512780
yahL_predicted,0.25,3,3,CACGGACGTGTCTCCTAGCT,0,4539738
yahL_predicted,0.25,3,3,CACCACTATGATGCGTTGCC,0,4534309
yahL_predicted,0.25,3,3,CACACTTTCTGCCGTCATCA,0,4514848
yahL_predicted,0.25,3,3,CACACGACCCCGTTGGAGGC,0,4526304
yahL_predicted,0.25,3,3,CAATTGTGTTCTAATCTCGA,0,4521489
yahL_predicted,0.25,3,3,CAATTGACCAAACTCGTTGG,0,4539965
yahL_predicted,0.25,3,3,CAAGGCTTATTGAGATTGGA,0,4525171
yahL_predicted,0.25,3,3,CAAGCGTTGAAAGGTTAGCA,0,4520041
yahL_predicted,0.25,3,3,CAAGCGCGGGATGAGCCGCG,0,4527969
yahL_predicted,0.25,3,3,CAAGAAACGCCAGTCGGACA,0,4523685
yahL_predicted,0.25,3,3,CAACTATCACTCCTTCGAAG,0,4541317
yahL_predicted,0.25,3,3,CAACTAGACGGCATTTTCCG,0,4515114
yahL_predicted,0.25,3,3,CAACCGCCATCATCATGCGC,0,4540831
yahL_predicted,0.25,3,3,CAACCACGTACGATGCCCCT,0,4527734
yahL_predicted,0.25,3,3,ATTTTTAGCTGTTGTGGTCC,0,4515387
yahL_predicted,0.25,3,3,ATTTTGTACTCCCGTACGTG,0,4514272
yahL_predicted,0.25,3,3,ATTTTATGCTTGGAAGGTCT,0,4534560
yahL_predicted,0.25,3,3,ATTTGAGGTTTATTATTAGA,0,4538519
yahL_predicted,0.25,3,3,ATTTACTGGCGAACCTTTGT,0,4516088
yahL_predicted,0.25,3,3,ATTGCACAAGTTTTCGGTCA,0,4520822
yahL_predicted,0.25,3,3,ATTGAGCTTGTAGGGAATTT,0,4528722
yahL_predicted,0.25,3,3,ATTCTTAACCGCCTCTCGGA,0,4523833
yahL_predicted,0.25,3,3,ATTCCTCGGCTGTGTTGAGA,0,4539074
yahL_predicted,0.25,3,3,ATTCCGCGCGAAAACGCGCG,0,4532383
yahL_predicted,0.25,3,3,ATTATGGGGGATGTGACCAA,0,4522855
yahL_predicted,0.25,3,3,ATTATGCCTGGGACGAAAGT,0,4531783
yahL_predicted,0.25,3,3,ATTACATCAACGTCGCCTTT,0,4536324
yahL_predicted,0.25,3,3,ATTAAAGTTGGGATCACAGA,0,4531398
yahL_predicted,0.25,3,3,ATGTCATCTTGCAAGACTCT,0,4526710
yahL_predicted,0.25,3,3,ATGGGTTCCGAGGCGAGCGG,0,4512330
yahL_predicted,0.25,3,3,ATGGGGGGTTTCCTTGGAGG,0,4525904
yahL_predicted,0.25,3,3,ATGGGCGGCTTAGAGTAAGT,0,4521666
yahL_predicted,0.25,3,3,ATGGACGCATCTCTGCACAT,0,4517233
yahL_predicted,0.25,3,3,ATGGACCATCATTTACGACA,0,4516156
yahL_predicted,0.25,3,3,ATGCTCGACGATTTTTACGT,0,4529744
yahL_predicted,0.25,3,3,ATGCGTTGGGCTTGAGAAAC,0,4535626
yahL_predicted,0.25,3,3,ATGCGCAGAGTATGCTAGTT,0,4526689
yahL_predicted,0.25,3,3,ATGCGCAAGGGTTCTACTGT,0,4517367
yahL_predicted,0.25,3,3,ATGCCCCTATAATTACGGTT,0,4528375
yahL_predicted,0.25,3,3,ATGCCATCTCCATGTGCTAG,0,4531501
yahL_predicted,0.25,3,3,ATGCATCCGACTCACCCTCT,0,4527045
yahL_predicted,0.25,3,3,ATGCAACTCAGTTACAATTA,0,4521518
yahL_predicted,0.25,3,3,ATGACATCTGGGCGCTTTTT,0,4532601
yahL_predicted,0.25,3,3,ATCTCTAAGATGGAGCTACA,0,4516502
yahL_predicted,0.25,3,3,ATCTCGTTTTCTGGGAACTA,0,4514267
yahL_predicted,0.25,3,3,ATCTCGGAACCTTATTCCTC,0,4533566
yahL_predicted,0.25,3,3,ATCTCAATTTCCTTCCGAGC,0,4540069
yahL_predicted,0.25,3,3,ATCTAGAGACGGAGGCTTTT,0,4540426
yahL_predicted,0.25,3,3,ATCTACGACTAGCCTAGCCT,0,4512844
yahL_predicted,0.25,3,3,ATCTAAGGGATTTTATAACT,0,4516083
yahL_predicted,0.25,3,3,ATCGTTTTTCCAAAATAATC,0,4532422
yahL_predicted,0.25,3,3,ATCGTTATGCAGGAGACGAT,0,4527156
yahL_predicted,0.25,3,3,ATCGGGACGGAAAGATTTCA,0,4533564
yahL_predicted,0.25,3,3,ATCGCTCCCACGTCATTTGC,0,4533071
yahL_predicted,0.25,3,3,ATCCTGCCCTCTTCCCACGA,0,4531622
yahL_predicted,0.25,3,3,ATCCTAGTATCCAAGCCATC,0,4516338
yahL_predicted,0.25,3,3,ATCCGCGATCTATTACAGCA,0,4520476
yahL_predicted,0.25,3,3,ATCCGAGTAGAAGGACCCGT,0,4530755
yahL_predicted,0.25,3,3,ATCCCGCATTGGGGCGTTGG,0,4538340
yahL_predicted,0.25,3,3,ATCCCAGTAAAGCCATATAG,0,4540557
yahL_predicted,0.25,3,3,ATCATATGGTGTAAAGGTTC,0,4522594
yahL_predicted,0.25,3,3,ATCAGCTGCCAATTCGTGGG,0,4532905
yahL_predicted,0.25,3,3,ATCAGCACGTGAGGTCCAAA,0,4514661
yahL_predicted,0.25,3,3,ATCACCTGTCGTGGGAGCGT,0,4514506
yahL_predicted,0.25,3,3,ATCAATCTTATACATGGTTA,0,4529071
yahL_predicted,0.25,3,3,ATATTTCCACTTACTGTAAT,0,4544258
yahL_predicted,0.25,3,3,ATATTGACACCTGTTGGCCA,0,4527753
yahL_predicted,0.25,3,3,ATATTCTTGGTGCCGCGGTA,0,4540669
yahL_predicted,0.25,3,3,ATATAGCACACACTCCATAA,0,4512489
yahL_predicted,0.25,3,3,ATAGTCCGTGCTTCGACACG,0,4533592
yahL_predicted,0.25,3,3,ATAGTAACCTCTTCCTGTTT,0,4529687
yahL_predicted,0.25,3,3,ATAGGTGTGTCTGGTTTATT,0,4513090
yahL_predicted,0.25,3,3,ATAGGCTTGGACCTCATATC,0,4520799
yahL_predicted,0.25,3,3,ATAGGCCGATCAAGCGCCGA,0,4537524
yahL_predicted,0.25,3,3,ATAGGATCAACGTAGTTCGA,0,4526625
yahL_predicted,0.25,3,3,ATAGAAGACCCACCGAGATA,0,4518224
yahL_predicted,0.25,3,3,ATACCGGTATGTTTTGCTTA,0,4513321
yahL_predicted,0.25,3,3,ATACATTATTGGTCGCCACT,0,4516236
yahL_predicted,0.25,3,3,ATACATGATGGATCTTTGAA,0,4514458
yahL_predicted,0.25,3,3,ATAAGTTCGTATGCCGATAC,0,4538118
yahL_predicted,0.25,3,3,ATAAGGTGTTAGAAGGGGAC,0,4523264
yahL_predicted,0.25,3,3,ATAACGATATAGATTCGCCA,0,4531626
yahL_predicted,0.25,3,3,ATAACAATGGTATGTTCCTG,0,4537109
yahL_predicted,0.25,3,3,ATAAATCGAGGGGGGCAATA,0,4534754
yahL_predicted,0.25,3,3,ATAAAGGTGTCGCCCTTAAA,0,4520194
yahL_predicted,0.25,3,3,AGTTGGCTGGCACTGTTCAT,0,4512258
yahL_predicted,0.25,3,3,AGTTAGCATTCGAGGCTCCC,0,4519181
yahL_predicted,0.25,3,3,AGTTACGTAGATAAGTTGGT,0,4528756
yahL_predicted,0.25,3,3,AGTTAAAGGAAAGGGGGGCA,0,4537188
yahL_predicted,0.25,3,3,AGTGTTGGCAAGACGAACAT,0,4525298
yahL_predicted,0.25,3,3,AGTGTGTCGCCGAGTAAGGG,0,4522865
yahL_predicted,0.25,3,3,AGTGGGGGTGGTGTCCAGCT,0,4522279
yahL_predicted,0.25,3,3,AGTGGGCTTTACCTGACCAG,0,4541731
yahL_predicted,0.25,3,3,AGTGGGCTCGCGCTTGTACA,0,4512136
yahL_predicted,0.25,3,3,AGTGGAGATGTGGGCAATGT,0,4541396
yahL_predicted,0.25,3,3,AGTGAAGGTCTAATGTTCCT,0,4515585
yahL_predicted,0.25,3,3,AGTCTATCCCGGGGAGTTCT,0,4512950
yahL_predicted,0.25,3,3,AGTCGTAATGGTCTTAGGTC,0,4533829
yahL_predicted,0.25,3,3,AGTCGAGCATACCTTAATGG,0,4516919
yahL_predicted,0.25,3,3,AGTCCGAATAGTTCGTCGGA,0,4528172
yahL_predicted,0.25,3,3,AGTCCCAGGCTCACTTCAAC,0,4513027
yahL_predicted,0.25,3,3,AGTCACCGCTTCCGTCGAAT,0,4522177
yahL_predicted,0.25,3,3,AGTATTATGGCCAGCGCAGA,0,4521755
yahL_predicted,0.25,3,3,AGTATAGCTATTCTCATGTA,0,4516309
yahL_predicted,0.25,3,3,AGTAGCACGGGAGCAGTTAA,0,4533457
yahL_predicted,0.25,3,3,AGTAGAGAGTTCAAGCCAGC,0,4529337
yahL_predicted,0.25,3,3,AGTACGATGTCGTTAGCCCT,0,4538372
yahL_predicted,0.25,3,3,AGTAATTTGGTAGCGGGTAT,0,4519612
yahL_predicted,0.25,3,3,AGTAATCACATTGAGACCTA,0,4528926
yahL_predicted,0.25,3,3,AGGTGAATAAGGGCGTGGGT,0,4535369
yahL_predicted,0.25,3,3,AGGTCATGGGGGTTCCCGAC,0,4534719
yahL_predicted,0.25,3,3,AGGGGGAGCAAACAGGGCAG,0,4524093
yahL_predicted,0.25,3,3,AGGGCAGGACGAGTTTGGTA,0,4539979
yahL_predicted,0.25,3,3,AGGCTGGAACGTAGGAGCGT,0,4516102
yahL_predicted,0.25,3,3,AGGCCAGATTCATAGCAGCG,0,4541103
yahL_predicted,0.25,3,3,AGGCATCATGCGCGCTAGTT,0,4537615
yahL_predicted,0.25,3,3,AGGCAACGTGCGGATAAGAA,0,4527031
yahL_predicted,0.25,3,3,AGGATCGCCCCCGTTAACAA,0,4533913
yahL_predicted,0.25,3,3,AGGATACTTTTCCGAATTAC,0,4538320
yahL_predicted,0.25,3,3,AGGAGGTAGGGTACTTTGAA,0,4516788
yahL_predicted,0.25,3,3,AGGACGCCGCGGAGTTTCTA,0,4542016
yahL_predicted,0.25,3,3,AGCTTAATTACACTTCTGTA,0,4515753
yahL_predicted,0.25,3,3,AGCTGCTCAAATATAGTGAT,0,4525823
yahL_predicted,0.25,3,3,AGCTCCCTTGCGCACACACT,0,4529876
yahL_predicted,0.25,3,3,AGCTACGCCAAGTGCTCGTC,0,4538317
yahL_predicted,0.25,3,3,AGCGGAGCTGTGCAATGTCG,0,4523958
yahL_predicted,0.25,3,3,AGCGCCTCGGATATCAAATC,0,4527181
yahL_predicted,0.25,3,3,AGCGCCTCAGTAGTTAGTTT,0,4532077
yahL_predicted,0.25,3,3,AGCGCATTGAAAAGCACGAA,0,4539308
yahL_predicted,0.25,3,3,AGCGCATACAACTATGTCAC,0,4536044
yahL_predicted,0.25,3,3,AGCGCAGCTCACATCCATCC,0,4524929
yahL_predicted,0.25,3,3,AGCGATCCGTGGGCGAGCCG,0,4528029
yahL_predicted,0.25,3,3,AGCGAGCAGTACGAGGACTG,0,4543888
yahL_predicted,0.25,3,3,AGCCGGTCTCTTATCGCGTG,0,4536770
yahL_predicted,0.25,3,3,AGCCCCAGACTTTAGGTAAA,0,4527021
yahL_predicted,0.25,3,3,AGATGTCCTTATCGATTGGT,0,4537648
yahL_predicted,0.25,3,3,AGATCAGCACTGGAAGGATT,0,4514159
yahL_predicted,0.25,3,3,AGATATGACGATTCATTTTC,0,4527041
yahL_predicted,0.25,3,3,AGATAGTATACCCCGGGCGT,0,4533881
yahL_predicted,0.25,3,3,AGAGGGAGCGTTCAACCCAC,0,4533738
yahL_predicted,0.25,3,3,AGAGCACTGCTCATGACACG,0,4517244
yahL_predicted,0.25,3,3,AGACCTTAGCGGGGGTCAAG,0,4534364
yahL_predicted,0.25,3,3,AGACAGGTGATACAGAATCA,0,4517434
yahL_predicted,0.25,3,3,AGACAGGGTACGGGCTGCCC,0,4530709
yahL_predicted,0.25,3,3,AGACAGGGGGACCGATTTCC,0,4527853
yahL_predicted,0.25,3,3,AGAAAAGGGGAATTCAGTGT,0,4532005
yahL_predicted,0.25,3,3,ACTTGCCTCACTTGAACATA,0,4536368
yahL_predicted,0.25,3,3,ACTTCTTGGAGTTCCGGAGG,0,4542041
yahL_predicted,0.25,3,3,ACTTAGGTACTCTTCCTACC,0,4528478
yahL_predicted,0.25,3,3,ACTGTCTCCCTGCGGCCGCT,0,4513064
yahL_predicted,0.25,3,3,ACTGTATCCGTGGACAAGAT,0,4530398
yahL_predicted,0.25,3,3,ACTGGTTATATTATGTTGGC,0,4515763
yahL_predicted,0.25,3,3,ACTGGGGCTCGTAAGGTTTA,0,4525980
yahL_predicted,0.25,3,3,ACTGCTACTACAACAATTTG,0,4537727
yahL_predicted,0.25,3,3,ACTGATACTTTCTCAATGAG,0,4513668
yahL_predicted,0.25,3,3,ACTCTTTATTAGTATTCCAC,0,4542432
yahL_predicted,0.25,3,3,ACTCGCCATGACGAAAGGCA,0,4539285
yahL_predicted,0.25,3,3,ACTCGCATCTGCCTTGGTAC,0,4542023
yahL_predicted,0.25,3,3,ACTAAACTTGACCTTATGAG,0,4537685
yahL_predicted,0.25,3,3,ACGTTGGTCCTGCGCCACAT,0,4532850
yahL_predicted,0.25,3,3,ACGTCCTGCAGAAAGATGTT,0,4542523
yahL_predicted,0.25,3,3,ACGTCATGGTGCAGTTGTGT,0,4531039
yahL_predicted,0.25,3,3,ACGTAGCAGAGGACCGAGGG,0,4540682
yahL_predicted,0.25,3,3,ACGTAGAGCAAGGGGGTAAG,0,4533918
yahL_predicted,0.25,3,3,ACGGTATTAGACACAGAGTG,0,4525826
yahL_predicted,0.25,3,3,ACGGGGACGATGCAGGTTCA,0,4516328
yahL_predicted,0.25,3,3,ACGGATACGCAATACGGTTT,0,4518107
yahL_predicted,0.25,3,3,ACGCTTACAGCCATTAAAGC,0,4521452
yahL_predicted,0.25,3,3,ACGCGTTGGGCAGTTTGCTG,0,4543784
yahL_predicted,0.25,3,3,ACGCAGGAAGTTTGTTTCAA,0,4518013
yahL_predicted,0.25,3,3,ACGCACCTTTTCTCCGAGTA,0,4521060
yahL_predicted,0.25,3,3,ACGCAATACCCGGGCTATTC,0,4534217
yahL_predicted,0.25,3,3,ACGATCTCCGGCAATACTCG,0,4518873
yahL_predicted,0.25,3,3,ACCTTCAAAAGAGAGCCTCA,0,4526064
yahL_predicted,0.25,3,3,ACCTTATAATACGCATGGGT,0,4515992
yahL_predicted,0.25,3,3,ACCTCCTTACAGAAGAAGTC,0,4512145
yahL_predicted,0.25,3,3,ACCGTGTCCAAAACTTTGGG,0,4518956
yahL_predicted,0.25,3,3,ACCCTGAAAAGGAGTCTGTT,0,4526427
yahL_predicted,0.25,3,3,ACCCAACAACTACACGGATT,0,4541062
yahL_predicted,0.25,3,3,ACCAGTGCCTTCGGGCTTGC,0,4536822
yahL_predicted,0.25,3,3,ACCAGTATAAGTCTGGACGT,0,4542613
yahL_predicted,0.25,3,3,ACCAGGCTGTTCTACTTCGC,0,4524166
yahL_predicted,0.25,3,3,ACCAGACTCTTAGGTAGTAT,0,4543735
yahL_predicted,0.25,3,3,ACCACGTCGTCCCTGTGCTA,0,4514470
yahL_predicted,0.25,3,3,ACCACATGTATCTGGAGTTA,0,4520405
yahL_predicted,0.25,3,3,ACCAAGGAAGGCATTCCGCT,0,4521553
yahL_predicted,0.25,3,3,ACCAACAAGAGACTTCAGCA,0,4530596
yahL_predicted,0.25,3,3,ACATTTCTGTGCCATACTGG,0,4529642
yahL_predicted,0.25,3,3,ACATTGAACGTATACATTCA,0,4514757
yahL_predicted,0.25,3,3,ACATGTGTAGTGATGGGAAA,0,4531399
yahL_predicted,0.25,3,3,ACATGTCTGAGTCTCCGTTT,0,4524250
yahL_predicted,0.25,3,3,ACAGTCTACCTCGCGCAGAA,0,4524818
yahL_predicted,0.25,3,3,ACAGAACGTATCGTTGAATG,0,4523280
yahL_predicted,0.25,3,3,ACACTACCCTCATCTATTTA,0,4543959
yahL_predicted,0.25,3,3,ACACGCGGCTGACCCGGGAA,0,4543277
yahL_predicted,0.25,3,3,ACACCTCAGTAGAGAGTCAC,0,4523428
yahL_predicted,0.25,3,3,ACACCCTCCTCGCCGTAGAT,0,4519508
yahL_predicted,0.25,3,3,ACACCAGGAATATAATTGAA,0,4516298
yahL_predicted,0.25,3,3,ACACATGGGTCGTGATCGGA,0,4515102
yahL_predicted,0.25,3,3,ACAATCATATTGGCGGCCAT,0,4521918
yahL_predicted,0.25,3,3,ACAAGTCATTCTACCCTAAA,0,4539886
yahL_predicted,0.25,3,3,ACAACCTTGGAATGTGAGCA,0,4529129
yahL_predicted,0.25,3,3,AATTTTAAGGCATGACAACA,0,4526937
yahL_predicted,0.25,3,3,AATTCACGGGTATTCTGGAT,0,4537921
yahL_predicted,0.25,3,3,AATGTTCGGCTCATTTGAGC,0,4532984
yahL_predicted,0.25,3,3,AATGTCTGACAACTAAGGGT,0,4541265
yahL_predicted,0.25,3,3,AATGGTTGGAACGTTATACC,0,4513619
yahL_predicted,0.25,3,3,AATGGGTTATTTGAGAAATT,0,4513903
yahL_predicted,0.25,3,3,AATCCCGTCACCGGCACATT,0,4521934
yahL_predicted,0.25,3,3,AATCAGCCGACCTATCGAGC,0,4518991
yahL_predicted,0.25,3,3,AATCAAAAGTTTCAATATGT,0,4513003
yahL_predicted,0.25,3,3,AATATCGACCTTCGTTATCT,0,4529899
yahL_predicted,0.25,3,3,AATAGTGTGCAGCAAAGAAG,0,4515028
yahL_predicted,0.25,3,3,AATACTGGAATCAGATAGTC,0,4539733
yahL_predicted,0.25,3,3,AATACATGGTTGTCGCTCGG,0,4527200
yahL_predicted,0.25,3,3,AAGTATCGGTTTCGTAACTC,0,4531230
yahL_predicted,0.25,3,3,AAGGGGTCCACGGGTGGGGG,0,4524439
yahL_predicted,0.25,3,3,AAGCTTTTCACGGGCTTATA,0,4538064
yahL_predicted,0.25,3,3,AAGCGCTCCCCTCGAATGGT,0,4517489
yahL_predicted,0.25,3,3,AAGCCCTCCCTTGGAAGTAG,0,4530289
yahL_predicted,0.25,3,3,AAGCACAGTCGGTTCAATGT,0,4522328
yahL_predicted,0.25,3,3,AAGCACAGAGGCGACGTCTA,0,4520952
yahL_predicted,0.25,3,3,AAGAGTAGTTTAAAGGGGGA,0,4542363
yahL_predicted,0.25,3,3,AAGACTAGGCATAACCCTAC,0,4533882
yahL_predicted,0.25,3,3,AACTTTGGCGGAGGATAGAA,0,4521661
yahL_predicted,0.25,3,3,AACTTTCACTACAGTGAAAC,0,4530074
yahL_predicted,0.25,3,3,AACTGTTGCTCAGCCGAGGA,0,4530690
yahL_predicted,0.25,3,3,AACTGTAGGCTCTGTAATCT,0,4530390
yahL_predicted,0.25,3,3,AACTGACATATCGGCGAATC,0,4533530
yahL_predicted,0.25,3,3,AACTCTTGTTCTCACTTGTC,0,4527106
yahL_predicted,0.25,3,3,AACTCGTGATTACAAGGGGC,0,4527349
yahL_predicted,0.25,3,3,AACTCGGCTGCCCTATAAAG,0,4521436
yahL_predicted,0.25,3,3,AACTATAGCAGGCTTTTGTC,0,4535560
yahL_predicted,0.25,3,3,AACGGCCGAACAACAACGCC,0,4526841
yahL_predicted,0.25,3,3,AACCTACATCGGGGCTGACA,0,4529799
yahL_predicted,0.25,3,3,AACCCCATAGACCTTTTAGG,0,4512349
yahL_predicted,0.25,3,3,AACAATAGGGTTCGCAACCC,0,4530005
yahL_predicted,0.25,3,3,AAATTTGGCGCGCTTTATGC,0,4530671
yahL_predicted,0.25,3,3,AAATTAGCGGGCGTTGAGCA,0,4520331
yahL_predicted,0.25,3,3,AAATCTGACATTGTTAGATC,0,4515402
yahL_predicted,0.25,3,3,AAATCGTCTTGATAGCTTAT,0,4525899
yahL_predicted,0.25,3,3,AAATCCTAAAGTCTATCTTG,0,4513000
yahL_predicted,0.25,3,3,AAATATTTACTGTTCTTACA,0,4526328
yahL_predicted,0.25,3,3,AAAGACGCTCCGGTATCCTC,0,4516000
yahL_predicted,0.25,3,3,AAAGAACGACAAAGCTTGGG,0,4536252
yahL_predicted,0.25,3,3,AAACTGTATGTACTCGGTAC,0,4523372
yahL_predicted,0.25,3,3,AAACTCATGCCTTCACATTG,0,4512149
yahL_predicted,0.25,3,3,AAACGGGCGCCTCTCTTAGA,0,4530675
yahL_predicted,0.25,3,3,AAAATTTATGGCTTATCGCC,0,4532874
yahL_predicted,0.25,3,3,AAAATCTGGCCTGCACCAAA,0,4532009
yahL_predicted,0.25,3,3,AAAATCGTGTATCTATCAAA,0,4515051
yahL_predicted,0.25,3,3,AAAATCGGAGGGGCGACAAT,0,4520242
yahL_predicted,0.25,3,3,AAAATCAATGGGACGTGCCC,0,4528916
yahL_predicted,0.25,3,3,AAAAGTTAGAGTTACCGACT,0,4530042
yahL_predicted,0.25,3,3,AAAAGGTCTTCGTGATATAG,0,4542956
yahL_predicted,0.25,3,3,AAAACAGAAGAGAGTAAGGA,0,4515527
yahL_predicted,0.25,3,3,AAAAACCGAGTAGTCAGAGG,0,4520408
yahL_predicted,0.25,3,3,AAAAAAAGTCGTCCCCTCCA,0,4523360
yahL_predicted,0.3333333333333333,2,2,TTTTTAAGGCTGCACGGCTT,0,4534696
yahL_predicted,0.3333333333333333,2,2,TTTTTAACACTTGCTTGGAT,0,4517638
yahL_predicted,0.3333333333333333,2,2,TTTTGACGATAAGCCAACAA,0,4540692
yahL_predicted,0.3333333333333333,2,2,TTTTCGAAGAAGCCCTAGTC,0,4526749
yahL_predicted,0.3333333333333333,2,2,TTTTAATGCGGTATCCATTA,0,4527177
yahL_predicted,0.3333333333333333,2,2,TTTGTAGAACGTCCCCAAGA,0,4527287
yahL_predicted,0.3333333333333333,2,2,TTTGATCGATCCGGCTCGAT,0,4536004
yahL_predicted,0.3333333333333333,2,2,TTTGAGTTGGGATAGGAGTC,0,4519946
yahL_predicted,0.3333333333333333,2,2,TTTCTTTGTGGGGTCCGAGC,0,4515460
yahL_predicted,0.3333333333333333,2,2,TTTCCCTACGTTTTTAGACC,0,4541238
yahL_predicted,0.3333333333333333,2,2,TTTCATCCGGAAGTTCGAGG,0,4530841
yahL_predicted,0.3333333333333333,2,2,TTTCAGAGCTCAAGGTTCGA,0,4533443
yahL_predicted,0.3333333333333333,2,2,TTTCAAATCCAGCACCGTAA,0,4532899
yahL_predicted,0.3333333333333333,2,2,TTTATGGTAATAGAGTGGCG,0,4542675
yahL_predicted,0.3333333333333333,2,2,TTTATGCAGCGAGATCTACA,0,4513125
yahL_predicted,0.3333333333333333,2,2,TTTAGTCCGAGTACGTTAGT,0,4521540
yahL_predicted,0.3333333333333333,2,2,TTTAGTAGCCCCATCCGCGA,0,4521597
yahL_predicted,0.3333333333333333,2,2,TTTACATGAGTAGACCGAAA,0,4514635
yahL_predicted,0.3333333333333333,2,2,TTGTTGAAGGGGGCACAGAT,0,4539963
yahL_predicted,0.3333333333333333,2,2,TTGGTTAACAGGATACATTA,0,4530066
yahL_predicted,0.3333333333333333,2,2,TTGGTATAGAACGAGCCTAG,0,4542617
yahL_predicted,0.3333333333333333,2,2,TTGGTACAGCGGACTAAAGG,0,4535611
yahL_predicted,0.3333333333333333,2,2,TTGGGTAGGGAGTTTATCAC,0,4523148
yahL_predicted,0.3333333333333333,2,2,TTGGGGACAATACAGTGCTT,0,4528483
yahL_predicted,0.3333333333333333,2,2,TTGGATTATAAGTTGTCGTG,0,4521884
yahL_predicted,0.3333333333333333,2,2,TTGGATTAAGTAGTTGCGGA,0,4542581
yahL_predicted,0.3333333333333333,2,2,TTGCTTGACATAATGCGGGC,0,4525653
yahL_predicted,0.3333333333333333,2,2,TTGCTGGGGGGGATATCCCT,0,4532530
yahL_predicted,0.3333333333333333,2,2,TTGCTCGCAGGGGATTCTTT,0,4513821
yahL_predicted,0.3333333333333333,2,2,TTGCTAGACAGCGTATAAGT,0,4521532
yahL_predicted,0.3333333333333333,2,2,TTGCGTTTTCTGAGATCGCA,0,4521409
yahL_predicted,0.3333333333333333,2,2,TTGCCATTCCTGGTTACCCA,0,4515870
yahL_predicted,0.3333333333333333,2,2,TTGCATTCCTCACCACTTCA,0,4515961
yahL_predicted,0.3333333333333333,2,2,TTGCACAAACGCTGTTGGGC,0,4538175
yahL_predicted,0.3333333333333333,2,2,TTGCAAATACTAGGACGCAA,0,4531136
yahL_predicted,0.3333333333333333,2,2,TTGATCTCTCGAACCAATCG,0,4537417
yahL_predicted,0.3333333333333333,2,2,TTGAGCGAGATGGAGCATTT,0,4537893
yahL_predicted,0.3333333333333333,2,2,TTCTGAAAACCAACGGGAGT,0,4520010
yahL_predicted,0.3333333333333333,2,2,TTCTCGTTAGAAATAAGAGA,0,4532731
yahL_predicted,0.3333333333333333,2,2,TTCTCCCGCACGGCTGTACA,0,4523927
yahL_predicted,0.3333333333333333,2,2,TTCTCACTTTACCCCGGTAG,0,4543032
yahL_predicted,0.3333333333333333,2,2,TTCGTCTGGCCTCAACTTGA,0,4522561
yahL_predicted,0.3333333333333333,2,2,TTCGCGAGAGGGCAGATAAA,0,4533703
yahL_predicted,0.3333333333333333,2,2,TTCGACAGCTCACCGTCCAG,0,4539822
yahL_predicted,0.3333333333333333,2,2,TTCGAATAGGCTGCCGCTAT,0,4523106
yahL_predicted,0.3333333333333333,2,2,TTCCTGTCCGGATCGTTCTC,0,4515433
yahL_predicted,0.3333333333333333,2,2,TTCCTCTGCCCTCGGCTTGT,0,4534038
yahL_predicted,0.3333333333333333,2,2,TTCCGTGTCGGCACTTTAAT,0,4540785
yahL_predicted,0.3333333333333333,2,2,TTCCCCGCATCGGATCACGA,0,4532402
yahL_predicted,0.3333333333333333,2,2,TTCCATGCTGCCGTAGTGTG,0,4516206
yahL_predicted,0.3333333333333333,2,2,TTCCAGTAAACGGATATTCA,0,4525247
yahL_predicted,0.3333333333333333,2,2,TTCCACAGTGTGTACAAGAA,0,4517652
yahL_predicted,0.3333333333333333,2,2,TTCATTAAGCATAGATCCGT,0,4543899
yahL_predicted,0.3333333333333333,2,2,TTCATGTCACCAGATGGTTT,0,4528079
yahL_predicted,0.3333333333333333,2,2,TTCATGGCTGTATATAACTG,0,4532040
yahL_predicted,0.3333333333333333,2,2,TTCAGTTAAATTCAATGTAA,0,4520477
yahL_predicted,0.3333333333333333,2,2,TTCAGGCGCTGAGAGGAAGA,0,4513788
yahL_predicted,0.3333333333333333,2,2,TTCAATCCTCTGCCTTACTT,0,4518743
yahL_predicted,0.3333333333333333,2,2,TTATTATCGTAGGTAGCTCC,0,4538600
yahL_predicted,0.3333333333333333,2,2,TTATGAAAGGGCACCAGTCG,0,4524709
yahL_predicted,0.3333333333333333,2,2,TTATCTTGGCATGGGCGATA,0,4530829
yahL_predicted,0.3333333333333333,2,2,TTATATGTGTCCGTTTGCAT,0,4536424
yahL_predicted,0.3333333333333333,2,2,TTAGTTCTGGGGAACAACTT,0,4527534
yahL_predicted,0.3333333333333333,2,2,TTAGGCTGCAACTGTCGAGC,0,4519593
yahL_predicted,0.3333333333333333,2,2,TTAGCTTGTTAACGTTTGAT,0,4518402
yahL_predicted,0.3333333333333333,2,2,TTAGATTGGGACAGGCGAAT,0,4516391
yahL_predicted,0.3333333333333333,2,2,TTACTCCGGCGCCGACGAAC,0,4525177
yahL_predicted,0.3333333333333333,2,2,TTACCCAAGGAGGATAACGA,0,4531755
yahL_predicted,0.3333333333333333,2,2,TTACACGTCCGAGGTTGATT,0,4526773
yahL_predicted,0.3333333333333333,2,2,TTAATGATTTTATATGTGGC,0,4536026
yahL_predicted,0.3333333333333333,2,2,TTAAGTACCGACTCCATGAG,0,4525012
yahL_predicted,0.3333333333333333,2,2,TTAAGGTGCATAACAGACGT,0,4543365
yahL_predicted,0.3333333333333333,2,2,TTAACTCTAGATACGGACGA,0,4524411
yahL_predicted,0.3333333333333333,2,2,TTAAAAGTGCACGCGGTTTG,0,4520845
yahL_predicted,0.3333333333333333,2,2,TGTTGCAGCGCGAGATTCTT,0,4540253
yahL_predicted,0.3333333333333333,2,2,TGTTCACACTTGCTCTAGGC,0,4540376
yahL_predicted,0.3333333333333333,2,2,TGTTCAATTTCAGGCTAATA,0,4523169
yahL_predicted,0.3333333333333333,2,2,TGTTAACGGGGCCAAGATCG,0,4533701
yahL_predicted,0.3333333333333333,2,2,TGTGTCGATATAATTGAAAT,0,4526870
yahL_predicted,0.3333333333333333,2,2,TGTGGACCTGTTTAGGAATT,0,4527350
yahL_predicted,0.3333333333333333,2,2,TGTGCTGGTGCGGTAGCTCA,0,4531430
yahL_predicted,0.3333333333333333,2,2,TGTGCACACAGATTTCGAAC,0,4530182
yahL_predicted,0.3333333333333333,2,2,TGTGATGGAATGGGTATAAG,0,4514202
yahL_predicted,0.3333333333333333,2,2,TGTGAGGAGGCTTTCTCGGG,0,4534349
yahL_predicted,0.3333333333333333,2,2,TGTGAGCCGCACGTAGCGGA,0,4515435
yahL_predicted,0.3333333333333333,2,2,TGTCTGCGCCCGAACAGGGC,0,4525217
yahL_predicted,0.3333333333333333,2,2,TGTCGGAAACGGCGTGAGCA,0,4523511
yahL_predicted,0.3333333333333333,2,2,TGTATGTGGCTGACCGATCA,0,4514039
yahL_predicted,0.3333333333333333,2,2,TGTATCCCATAGATGGGTAG,0,4523117
yahL_predicted,0.3333333333333333,2,2,TGTATAATTAGCGAGATAAC,0,4530571
yahL_predicted,0.3333333333333333,2,2,TGTAGTACAATGGCAGAGCT,0,4526361
yahL_predicted,0.3333333333333333,2,2,TGTAGGCCGCCCATACGGGG,0,4530725
yahL_predicted,0.3333333333333333,2,2,TGTAGAGTCCCATTTCCCGC,0,4513759
yahL_predicted,0.3333333333333333,2,2,TGTAGAATTCGCGCTAAACT,0,4515699
yahL_predicted,0.3333333333333333,2,2,TGTACCCAGCTCTAATGTGA,0,4526054
yahL_predicted,0.3333333333333333,2,2,TGGTTGTTAGGCTTTAATTC,0,4543981
yahL_predicted,0.3333333333333333,2,2,TGGTGTAAGGATGATCGACA,0,4523408
yahL_predicted,0.3333333333333333,2,2,TGGTGTAACTCGGTACCTGT,0,4524745
yahL_predicted,0.3333333333333333,2,2,TGGTGGGTTCGTTTTGAGAA,0,4533730
yahL_predicted,0.3333333333333333,2,2,TGGTGGCGACCCCAACAAGA,0,4518666
yahL_predicted,0.3333333333333333,2,2,TGGTGCAGGTCCACAGTTAT,0,4538867
yahL_predicted,0.3333333333333333,2,2,TGGTGAGCGGTTATACAGGA,0,4519116
yahL_predicted,0.3333333333333333,2,2,TGGTCTAGTCACCCGTTGCG,0,4515286
yahL_predicted,0.3333333333333333,2,2,TGGTCCAGACAGACGGAAGT,0,4529972
yahL_predicted,0.3333333333333333,2,2,TGGTCAAGGTGACCAGTTAC,0,4528876
yahL_predicted,0.3333333333333333,2,2,TGGGTTGTAATTATGTTCTA,0,4523875
yahL_predicted,0.3333333333333333,2,2,TGGGTATGACGAAGCAGGGT,0,4540320
yahL_predicted,0.3333333333333333,2,2,TGGGTAAAGTAAGTTGTCTA,0,4514630
yahL_predicted,0.3333333333333333,2,2,TGGGCTTGACTCAAACTGAC,0,4522958
yahL_predicted,0.3333333333333333,2,2,TGGGATGTCAGCGTGTCATG,0,4517358
yahL_predicted,0.3333333333333333,2,2,TGGGACGCGGCGGTATCGAT,0,4512173
yahL_predicted,0.3333333333333333,2,2,TGGGAACTAGAAAATGCGTC,0,4537823
yahL_predicted,0.3333333333333333,2,2,TGGGAACAAGAGACGCCGGT,0,4527383
yahL_predicted,0.3333333333333333,2,2,TGGCTTAGACACTGCGGAAT,0,4521222
yahL_predicted,0.3333333333333333,2,2,TGGCTGAAGAAAACTGGTCG,0,4534372
yahL_predicted,0.3333333333333333,2,2,TGGCTCAGAACAACTCTTAG,0,4525120
yahL_predicted,0.3333333333333333,2,2,TGGCGTTCGGCCTAGGCGTG,0,4539539
yahL_predicted,0.3333333333333333,2,2,TGGCCTTGTCCAGAGTCGTA,0,4520809
yahL_predicted,0.3333333333333333,2,2,TGGATGATCTTATTCACGCG,0,4518358
yahL_predicted,0.3333333333333333,2,2,TGGATGAACGGCATGAGCTC,0,4522860
yahL_predicted,0.3333333333333333,2,2,TGGAGAAGGGACGATGCGAA,0,4532605
yahL_predicted,0.3333333333333333,2,2,TGGAATAGCCATTGTACCTG,0,4515802
yahL_predicted,0.3333333333333333,2,2,TGCGTCTTGGTGCCGGCTCC,0,4534167
yahL_predicted,0.3333333333333333,2,2,TGCGGTTCCGGGGTTAGGTA,0,4517117
yahL_predicted,0.3333333333333333,2,2,TGCGGGGGAAATGCGGTTAA,0,4524702
yahL_predicted,0.3333333333333333,2,2,TGCGCCAGCGTGGGCAAACG,0,4541750
yahL_predicted,0.3333333333333333,2,2,TGCGATCGGAGGTTCGTGAC,0,4529451
yahL_predicted,0.3333333333333333,2,2,TGCGACGAGGTCTTCCTGTT,0,4536131
yahL_predicted,0.3333333333333333,2,2,TGCCTCTCGCTGCTACGTAG,0,4524710
yahL_predicted,0.3333333333333333,2,2,TGCCCCAATATCAGTGCACT,0,4524584
yahL_predicted,0.3333333333333333,2,2,TGCCACACTTCGGAAGTCGG,0,4525849
yahL_predicted,0.3333333333333333,2,2,TGCAGCGATTCCATGGCCGT,0,4516230
yahL_predicted,0.3333333333333333,2,2,TGATTGTCAATCGGATGAAC,0,4520918
yahL_predicted,0.3333333333333333,2,2,TGATCCGTTTGGTCGGATGA,0,4534203
yahL_predicted,0.3333333333333333,2,2,TGATCACGCACCTACAGAAT,0,4527706
yahL_predicted,0.3333333333333333,2,2,TGATAAAGAATTCATTAATC,0,4531411
yahL_predicted,0.3333333333333333,2,2,TGAGTTTGGGACCTTTAACT,0,4521068
yahL_predicted,0.3333333333333333,2,2,TGAGGGGAGCCATACCCTTA,0,4523387
yahL_predicted,0.3333333333333333,2,2,TGAGGAGTGCATGTCGAAGA,0,4537516
yahL_predicted,0.3333333333333333,2,2,TGAGCTAGGGGTAAAACCAA,0,4523928
yahL_predicted,0.3333333333333333,2,2,TGAGCGTCTAACCCGGTCTA,0,4524057
yahL_predicted,0.3333333333333333,2,2,TGAGCGGAACAGTCACTTCG,0,4540508
yahL_predicted,0.3333333333333333,2,2,TGAGAGGTGAGTGCCATCGT,0,4536361
yahL_predicted,0.3333333333333333,2,2,TGACTAGAGGCTTTGATCTT,0,4518328
yahL_predicted,0.3333333333333333,2,2,TGACGTGCAGCGAGGACCAT,0,4535889
yahL_predicted,0.3333333333333333,2,2,TGACGGTCCCACTTGGTGCA,0,4521702
yahL_predicted,0.3333333333333333,2,2,TGACCCGTACCTCAGTAAGA,0,4542239
yahL_predicted,0.3333333333333333,2,2,TGACCCATGACACAGTTTAT,0,4512951
yahL_predicted,0.3333333333333333,2,2,TGACAGAACACACAGTAGGG,0,4530395
yahL_predicted,0.3333333333333333,2,2,TGACACATAACAGCCGTAAT,0,4531351
yahL_predicted,0.3333333333333333,2,2,TGAATAAGAACCTGGTATGC,0,4516633
yahL_predicted,0.3333333333333333,2,2,TGAAGAGAGCGTTCATATCA,0,4524244
yahL_predicted,0.3333333333333333,2,2,TGAACGCTCGTTTGTGAAGT,0,4529620
yahL_predicted,0.3333333333333333,2,2,TGAACATTCGAGAGTGCCGG,0,4522715
yahL_predicted,0.3333333333333333,2,2,TCTTCCATTAATGACGGAGC,0,4521814
yahL_predicted,0.3333333333333333,2,2,TCTGATATTCGTAGCACGAA,0,4532469
yahL_predicted,0.3333333333333333,2,2,TCTGAGTTGGTAAGTCTGGT,0,4521664
yahL_predicted,0.3333333333333333,2,2,TCTGAGGGCAACGAGATAGT,0,4528376
yahL_predicted,0.3333333333333333,2,2,TCTGACTAGGCAAATCAGGG,0,4537368
yahL_predicted,0.3333333333333333,2,2,TCTGACCAATACTCTGTCTT,0,4525686
yahL_predicted,0.3333333333333333,2,2,TCTCTGTAACAGAGCGATCG,0,4529005
yahL_predicted,0.3333333333333333,2,2,TCTCGCTGTTTCCATCTCAG,0,4521978
yahL_predicted,0.3333333333333333,2,2,TCTCCCCTCCGTACCTGACA,0,4533212
yahL_predicted,0.3333333333333333,2,2,TCTCATGTTTGCTAAGATGA,0,4532875
yahL_predicted,0.3333333333333333,2,2,TCTCATGTTGTGTCTGTCCA,0,4532115
yahL_predicted,0.3333333333333333,2,2,TCTCATGGCCGTTCACTGTG,0,4522985
yahL_predicted,0.3333333333333333,2,2,TCTCAGTAGACTTCTCAGAA,0,4517025
yahL_predicted,0.3333333333333333,2,2,TCTCACGGACGTGCCTTCTT,0,4537830
yahL_predicted,0.3333333333333333,2,2,TCTAGTCAGTATTACTTATC,0,4533183
yahL_predicted,0.3333333333333333,2,2,TCTAGATTCCTAGTTTGGTA,0,4533584
yahL_predicted,0.3333333333333333,2,2,TCGTTATGAATCTCAATCTA,0,4520308
yahL_predicted,0.3333333333333333,2,2,TCGTGTGCGCGACTTATTAT,0,4542812
yahL_predicted,0.3333333333333333,2,2,TCGTGGAGCTTGGACAAACC,0,4521399
yahL_predicted,0.3333333333333333,2,2,TCGTCCTATGAAGGACCGAA,0,4541326
yahL_predicted,0.3333333333333333,2,2,TCGTATGCGTTGATGACAGT,0,4533012
yahL_predicted,0.3333333333333333,2,2,TCGTACATCTTAAATCAGTT,0,4517082
yahL_predicted,0.3333333333333333,2,2,TCGGGGTCCAATAGTAATCA,0,4521355
yahL_predicted,0.3333333333333333,2,2,TCGGGATATCAGTTAGAATC,0,4527289
yahL_predicted,0.3333333333333333,2,2,TCGGATTAATGTGCTTCTCA,0,4534379
yahL_predicted,0.3333333333333333,2,2,TCGGACAATCGTGCTGTGTG,0,4543991
yahL_predicted,0.3333333333333333,2,2,TCGCTCGGCTGCGGAGCAAC,0,4517905
yahL_predicted,0.3333333333333333,2,2,TCGCTCATTTGTAACTGCAT,0,4540833
yahL_predicted,0.3333333333333333,2,2,TCGCGTTGGCCACAAGTATT,0,4523376
yahL_predicted,0.3333333333333333,2,2,TCGCGACGAGCCAGTCATCC,0,4520229
yahL_predicted,0.3333333333333333,2,2,TCGCCGTCCACTTTCAGGCG,0,4512660
yahL_predicted,0.3333333333333333,2,2,TCGCAGTTCCTAGGAGGCGC,0,4538087
yahL_predicted,0.3333333333333333,2,2,TCGCACTGGTAAGAACAAGT,0,4543861
yahL_predicted,0.3333333333333333,2,2,TCGATGCTGTCTCCGAATTA,0,4532609
yahL_predicted,0.3333333333333333,2,2,TCGACATGCTGGCTCGAGAG,0,4537806
yahL_predicted,0.3333333333333333,2,2,TCGAATTAGGCCGAGGTGGA,0,4523495
yahL_predicted,0.3333333333333333,2,2,TCCTGGGGCTCACTGTGGGA,0,4521533
yahL_predicted,0.3333333333333333,2,2,TCCTGGAATTGGGCTTTAAA,0,4536061
yahL_predicted,0.3333333333333333,2,2,TCCTCTCGTAAATGATAGCT,0,4514669
yahL_predicted,0.3333333333333333,2,2,TCCTCCACAGCTCAACTAGC,0,4520963
yahL_predicted,0.3333333333333333,2,2,TCCGTCGGTATTACAATCTC,0,4522332
yahL_predicted,0.3333333333333333,2,2,TCCGGGGCAAGACGGATTAG,0,4519230
yahL_predicted,0.3333333333333333,2,2,TCCGGGAGATCCCCGCCTGG,0,4529802
yahL_predicted,0.3333333333333333,2,2,TCCCTTAAGATGTTCTGTTC,0,4520843
yahL_predicted,0.3333333333333333,2,2,TCCCTACTACCTCGGTTAAT,0,4528215
yahL_predicted,0.3333333333333333,2,2,TCCCGTGTATCGGACGTAAG,0,4530756
yahL_predicted,0.3333333333333333,2,2,TCCCGGCGCCTTTATAAGAA,0,4514436
yahL_predicted,0.3333333333333333,2,2,TCCCGCATTCACCTGGGCAA,0,4516097
yahL_predicted,0.3333333333333333,2,2,TCCCAGGCCTCATCATCACA,0,4526153
yahL_predicted,0.3333333333333333,2,2,TCCCAAGGCGGTCGATAACG,0,4535322
yahL_predicted,0.3333333333333333,2,2,TCCATGACTTTAGCCAGCAA,0,4541057
yahL_predicted,0.3333333333333333,2,2,TCCAGTAGTACTCGCAATAC,0,4520381
yahL_predicted,0.3333333333333333,2,2,TCCAGATTTCGGAGTGTCCG,0,4514530
yahL_predicted,0.3333333333333333,2,2,TCCAGATGTGAATTATTTAA,0,4543205
yahL_predicted,0.3333333333333333,2,2,TCATTAACGTGTTGCCAGTA,0,4522336
yahL_predicted,0.3333333333333333,2,2,TCATGTGGCCAGACTTGGTT,0,4526189
yahL_predicted,0.3333333333333333,2,2,TCATGGCCCTGTGGAGGCCT,0,4527462
yahL_predicted,0.3333333333333333,2,2,TCATGAACACAGCGTAACAA,0,4513446
yahL_predicted,0.3333333333333333,2,2,TCAGTTCGGGTCGTAGGGGG,0,4535652
yahL_predicted,0.3333333333333333,2,2,TCAGGTCCACCGTTATACCT,0,4524151
yahL_predicted,0.3333333333333333,2,2,TCAGGGAACGCCCGCTCTTA,0,4527773
yahL_predicted,0.3333333333333333,2,2,TCAGATCCAAAATATCGAAG,0,4544102
yahL_predicted,0.3333333333333333,2,2,TCAGACATTCCAAGTCTGAA,0,4525183
yahL_predicted,0.3333333333333333,2,2,TCACTATTACATCGGCTATT,0,4529769
yahL_predicted,0.3333333333333333,2,2,TCACCTAGGGCTACCAAGTG,0,4522987
yahL_predicted,0.3333333333333333,2,2,TCACCATGCTTTCTTTTGTT,0,4513627
yahL_predicted,0.3333333333333333,2,2,TCACACCCGTGTATCATAAG,0,4527105
yahL_predicted,0.3333333333333333,2,2,TCAATGACGGGGTCGAGCCT,0,4516671
yahL_predicted,0.3333333333333333,2,2,TCAATCGGTTGATACAGATC,0,4525910
yahL_predicted,0.3333333333333333,2,2,TCAATAGAGCTATCCCAGGA,0,4517048
yahL_predicted,0.3333333333333333,2,2,TCAAGTTGTTACATCGATTG,0,4536121
yahL_predicted,0.3333333333333333,2,2,TCAAGTATATTCGGACTCTG,0,4516602
yahL_predicted,0.3333333333333333,2,2,TATTGGAAAATCCGGGCGTA,0,4531386
yahL_predicted,0.3333333333333333,2,2,TATTCCTTAGTCCAGATAAG,0,4540559
yahL_predicted,0.3333333333333333,2,2,TATTCATAACGGTCCCGGTT,0,4533583
yahL_predicted,0.3333333333333333,2,2,TATGGCCGCGAAACTTATCT,0,4538396
yahL_predicted,0.3333333333333333,2,2,TATGATTGTCGGGGGGAAAA,0,4539274
yahL_predicted,0.3333333333333333,2,2,TATGAATTCCGCACGTGGGG,0,4515249
yahL_predicted,0.3333333333333333,2,2,TATCTCTGAGCGAATAATGG,0,4514709
yahL_predicted,0.3333333333333333,2,2,TATCTACACCTGCAGCGAGT,0,4517941
yahL_predicted,0.3333333333333333,2,2,TATCGTGAGGCCCAGAATTC,0,4529637
yahL_predicted,0.3333333333333333,2,2,TATCGGGATTTACGTCCATT,0,4521221
yahL_predicted,0.3333333333333333,2,2,TATCCCCCTTCGAGTAGAGT,0,4519778
yahL_predicted,0.3333333333333333,2,2,TATCCACCGACGATCTATTT,0,4525199
yahL_predicted,0.3333333333333333,2,2,TATATTTGTAGTGAGGTGTT,0,4535648
yahL_predicted,0.3333333333333333,2,2,TATAGGTTAACCTTCGCTTC,0,4525262
yahL_predicted,0.3333333333333333,2,2,TATAGCGGTTTAATAAAAGC,0,4534841
yahL_predicted,0.3333333333333333,2,2,TATACCTCGTGTGTCTTTCC,0,4520094
yahL_predicted,0.3333333333333333,2,2,TATACCCTTCGGGCGCTTGG,0,4539951
yahL_predicted,0.3333333333333333,2,2,TATAAGTTAACCAATATCCA,0,4537455
yahL_predicted,0.3333333333333333,2,2,TATAAGAATTAGAATCTCAC,0,4526814
yahL_predicted,0.3333333333333333,2,2,TAGGTGCCGCAACTGTGTGA,0,4542051
yahL_predicted,0.3333333333333333,2,2,TAGGGCTTCGTCTGTTGCGT,0,4537561
yahL_predicted,0.3333333333333333,2,2,TAGGGACTAGCCGACGGAAG,0,4538849
yahL_predicted,0.3333333333333333,2,2,TAGCGATCAAGCGCCCGTTT,0,4519279
yahL_predicted,0.3333333333333333,2,2,TAGCCGTTGATCTTCGATAC,0,4526099
yahL_predicted,0.3333333333333333,2,2,TAGCCGGTACGTAGCGCGGA,0,4516554
yahL_predicted,0.3333333333333333,2,2,TAGCCCCCACAGGTTTGTCC,0,4541535
yahL_predicted,0.3333333333333333,2,2,TAGCCAACTTATTTACCAAC,0,4525675
yahL_predicted,0.3333333333333333,2,2,TAGATACGCTGCTGGGCTTA,0,4536752
yahL_predicted,0.3333333333333333,2,2,TAGAGTATTGTGCTGGATAA,0,4534583
yahL_predicted,0.3333333333333333,2,2,TAGAATTGATAGCTTCGGCT,0,4530053
yahL_predicted,0.3333333333333333,2,2,TAGAACGAGCCACTAAGTGA,0,4516572
yahL_predicted,0.3333333333333333,2,2,TACTTGCCCGATGGTTATCT,0,4536723
yahL_predicted,0.3333333333333333,2,2,TACTTCGGTAGCGTTCATGT,0,4531276
yahL_predicted,0.3333333333333333,2,2,TACTGCTGGGCGAGATGTCT,0,4534164
yahL_predicted,0.3333333333333333,2,2,TACCATTAACGTCATGTCGT,0,4531607
yahL_predicted,0.3333333333333333,2,2,TACATTGGGTGCGCCGAGGG,0,4537621
yahL_predicted,0.3333333333333333,2,2,TACATGTACGTCAGTGTATG,0,4529410
yahL_predicted,0.3333333333333333,2,2,TACATCCCATCGTCTGCTAC,0,4523813
yahL_predicted,0.3333333333333333,2,2,TACATAGTGTTATTGGAACC,0,4512684
yahL_predicted,0.3333333333333333,2,2,TACAGCTTGCTTCAGAGGCA,0,4523629
yahL_predicted,0.3333333333333333,2,2,TACACTGGGTTGTTTGTGAC,0,4528049
yahL_predicted,0.3333333333333333,2,2,TAATTCTCCCAAAGAAAATA,0,4533100
yahL_predicted,0.3333333333333333,2,2,TAATGCGTGAGGCGGGCGTA,0,4521794
yahL_predicted,0.3333333333333333,2,2,TAATCTCGGTTTTCACTGCT,0,4519577
yahL_predicted,0.3333333333333333,2,2,TAATAGGCTGGCCGCTCTGA,0,4535464
yahL_predicted,0.3333333333333333,2,2,TAATAGCGTTAGCTCACTCA,0,4527030
yahL_predicted,0.3333333333333333,2,2,TAATAATTGCTTCTTGAATA,0,4534191
yahL_predicted,0.3333333333333333,2,2,TAAGTGAGCGCGGGCTCGCA,0,4535554
yahL_predicted,0.3333333333333333,2,2,TAAGCGCCCCATTAATCGGC,0,4531273
yahL_predicted,0.3333333333333333,2,2,TAAGCGACCACTTTATGATA,0,4529728
yahL_predicted,0.3333333333333333,2,2,TAAGCCGATTGGAGACGTGT,0,4529259
yahL_predicted,0.3333333333333333,2,2,TAAGCCCAATATGTTTGCCA,0,4540990
yahL_predicted,0.3333333333333333,2,2,TAAGAAGCCTACTCGATTCG,0,4527579
yahL_predicted,0.3333333333333333,2,2,TAACTGAGAGCTGCCTCTCC,0,4531625
yahL_predicted,0.3333333333333333,2,2,TAACGCCAGGGTAAGGGTTT,0,4535692
yahL_predicted,0.3333333333333333,2,2,TAACAGTGGGTACCCAACAT,0,4532397
yahL_predicted,0.3333333333333333,2,2,TAACAGTCATTGCTAGTATT,0,4515373
yahL_predicted,0.3333333333333333,2,2,TAACAACATGTCATTTTGCT,0,4537710
yahL_predicted,0.3333333333333333,2,2,TAAATTTTAATGAATGCCAT,0,4530137
yahL_predicted,0.3333333333333333,2,2,TAAATTGCCGTATATTCCAA,0,4525117
yahL_predicted,0.3333333333333333,2,2,TAAATCATCATTAGTAGCCC,0,4528541
yahL_predicted,0.3333333333333333,2,2,TAAAGTCGCAGAAGCCCCCT,0,4518042
yahL_predicted,0.3333333333333333,2,2,TAAAAGGTACACAAAATAAT,0,4536129
yahL_predicted,0.3333333333333333,2,2,TAAAAGCTAAGAGAGTGTGA,0,4538217
yahL_predicted,0.3333333333333333,2,2,GTTTATAGTGGGATATCGTC,0,4537073
yahL_predicted,0.3333333333333333,2,2,GTTGTGGGATCGCTTCACCA,0,4523239
yahL_predicted,0.3333333333333333,2,2,GTTGGTAATAAGCTGTATGG,0,4517726
yahL_predicted,0.3333333333333333,2,2,GTTGGGGTACATATGATGCT,0,4540354
yahL_predicted,0.3333333333333333,2,2,GTTGGGACCACTAGGGTCGC,0,4535345
yahL_predicted,0.3333333333333333,2,2,GTTGGAGGGACCCCCACTCA,0,4541066
yahL_predicted,0.3333333333333333,2,2,GTTGCTCGCTGCGCATTACA,0,4513028
yahL_predicted,0.3333333333333333,2,2,GTTGCGGCTTAGTCAAACGG,0,4542231
yahL_predicted,0.3333333333333333,2,2,GTTGACTACCTTAGCTGGCA,0,4539163
yahL_predicted,0.3333333333333333,2,2,GTTCTTGTATTAAATAGCTC,0,4530041
yahL_predicted,0.3333333333333333,2,2,GTTCGTATGGTTCGTGAACG,0,4539828
yahL_predicted,0.3333333333333333,2,2,GTTCGGGGGCACATACGAGA,0,4520063
yahL_predicted,0.3333333333333333,2,2,GTTCGATAGTAATCTGTTCG,0,4539856
yahL_predicted,0.3333333333333333,2,2,GTTCCGCGGAATTGCCTTGC,0,4538450
yahL_predicted,0.3333333333333333,2,2,GTTCACCTGAAATCTAGGTG,0,4537569
yahL_predicted,0.3333333333333333,2,2,GTTATCAGGTCGATTAGTCG,0,4541394
yahL_predicted,0.3333333333333333,2,2,GTTAAGGAAATAACAGCACA,0,4513512
yahL_predicted,0.3333333333333333,2,2,GTGTTAATCCTTCCATGAAT,0,4517674
yahL_predicted,0.3333333333333333,2,2,GTGGTTTGCGACATCTATCC,0,4529000
yahL_predicted,0.3333333333333333,2,2,GTGGTTGTTACATTCTATCT,0,4538107
yahL_predicted,0.3333333333333333,2,2,GTGGTTACTTATGTCCTGGT,0,4536725
yahL_predicted,0.3333333333333333,2,2,GTGGGCCATATTAAGTAAAC,0,4515736
yahL_predicted,0.3333333333333333,2,2,GTGGCAAAGATTACAACAAG,0,4525590
yahL_predicted,0.3333333333333333,2,2,GTGCTTTGCAGGGACTGCCC,0,4519811
yahL_predicted,0.3333333333333333,2,2,GTGCTGTGATCGTTAAATCC,0,4542995
yahL_predicted,0.3333333333333333,2,2,GTGCACCAGCTAGGAATCCT,0,4516538
yahL_predicted,0.3333333333333333,2,2,GTGACTTCCATTCAAGTAAA,0,4528653
yahL_predicted,0.3333333333333333,2,2,GTGAACGGTGAAAAGATTGC,0,4525320
yahL_predicted,0.3333333333333333,2,2,GTCTCATCGTTGACTAAAAA,0,4532418
yahL_predicted,0.3333333333333333,2,2,GTCTATGGCCCGGTCATTCT,0,4516099
yahL_predicted,0.3333333333333333,2,2,GTCTATCTAAAAAGCGACCA,0,4532113
yahL_predicted,0.3333333333333333,2,2,GTCGTCGTCCCTCCCAGAGT,0,4540396
yahL_predicted,0.3333333333333333,2,2,GTCGTCAGCGGTAGCAGAGC,0,4515737
yahL_predicted,0.3333333333333333,2,2,GTCGGTCTATGAACAGGGAT,0,4513979
yahL_predicted,0.3333333333333333,2,2,GTCGGGGCAAGAGGTGCCTT,0,4518872
yahL_predicted,0.3333333333333333,2,2,GTCGCGTTCAAATCTCTTGA,0,4516961
yahL_predicted,0.3333333333333333,2,2,GTCGCCTTACTAGCAGGGGG,0,4535031
yahL_predicted,0.3333333333333333,2,2,GTCGACAACCTCGCCCGCCA,0,4512313
yahL_predicted,0.3333333333333333,2,2,GTCCGTGTCACTAATTCCAT,0,4539275
yahL_predicted,0.3333333333333333,2,2,GTCCCTTTGATATAGCATAG,0,4535822
yahL_predicted,0.3333333333333333,2,2,GTCCACGAACGGCTGGAGAA,0,4521219
yahL_predicted,0.3333333333333333,2,2,GTCAGCCCCGGTGAAACATT,0,4519575
yahL_predicted,0.3333333333333333,2,2,GTCAGACATGGCAAGCGCGC,0,4518040
yahL_predicted,0.3333333333333333,2,2,GTCACTTAGTGGCCAACTTG,0,4521057
yahL_predicted,0.3333333333333333,2,2,GTCACTGCATACTTCTATTG,0,4512858
yahL_predicted,0.3333333333333333,2,2,GTCACTCTCACCGATTCTTT,0,4536255
yahL_predicted,0.3333333333333333,2,2,GTCACACGCCCTCACGGCAA,0,4535829
yahL_predicted,0.3333333333333333,2,2,GTCAAGGAATGTAGCAATGC,0,4543304
yahL_predicted,0.3333333333333333,2,2,GTATGGCCCCTACGCACACT,0,4521157
yahL_predicted,0.3333333333333333,2,2,GTATGGAGCTTTGCGGTAGC,0,4537157
yahL_predicted,0.3333333333333333,2,2,GTATCTCAATATTTGCGGCC,0,4539626
yahL_predicted,0.3333333333333333,2,2,GTATCCAGGGTGAAGGGTTA,0,4530241
yahL_predicted,0.3333333333333333,2,2,GTATATTGATGATGATCCGA,0,4518452
yahL_predicted,0.3333333333333333,2,2,GTATAGACCCGGTGAAGCTT,0,4524558
yahL_predicted,0.3333333333333333,2,2,GTAGTGATAACGATAAGAGA,0,4542777
yahL_predicted,0.3333333333333333,2,2,GTAGTCTGCGGGGTCCACGT,0,4517837
yahL_predicted,0.3333333333333333,2,2,GTAGTATGGGATATCCGAGT,0,4532551
yahL_predicted,0.3333333333333333,2,2,GTAGGTAAAACTGTGCGGAC,0,4525248
yahL_predicted,0.3333333333333333,2,2,GTAGGGAGGTTCGTGGTGAG,0,4539284
yahL_predicted,0.3333333333333333,2,2,GTAGGATTCAATTGAGAACG,0,4513908
yahL_predicted,0.3333333333333333,2,2,GTAGCTAAGCTAGACTGTTG,0,4518971
yahL_predicted,0.3333333333333333,2,2,GTAGACCCACAAGGTTTACA,0,4522718
yahL_predicted,0.3333333333333333,2,2,GTACGTTACACGGACCAACC,0,4527862
yahL_predicted,0.3333333333333333,2,2,GTACGCTAAACTGTCGGATG,0,4514828
yahL_predicted,0.3333333333333333,2,2,GTACGCAGATCGTAGGAGCA,0,4525305
yahL_predicted,0.3333333333333333,2,2,GTACAGCACTTACACCTTTC,0,4536850
yahL_predicted,0.3333333333333333,2,2,GTAATTAGCAGGATTTAACA,0,4539670
yahL_predicted,0.3333333333333333,2,2,GTAATAGCGTATCGAGCCCT,0,4538735
yahL_predicted,0.3333333333333333,2,2,GTAAGTGCTGAATAATCGTA,0,4532042
yahL_predicted,0.3333333333333333,2,2,GTAAGAGTCTGTGCGGACTT,0,4517568
yahL_predicted,0.3333333333333333,2,2,GGTTGTGCTTTGAAAGAATG,0,4538339
yahL_predicted,0.3333333333333333,2,2,GGTTGGGAGCCCGGCTATTT,0,4538615
yahL_predicted,0.3333333333333333,2,2,GGTTCCTGAGCCCACTCTTG,0,4523105
yahL_predicted,0.3333333333333333,2,2,GGTGTGGTAGTTGACCGTTG,0,4537736
yahL_predicted,0.3333333333333333,2,2,GGTGGTGCTCCCTTCCGGTT,0,4526784
yahL_predicted,0.3333333333333333,2,2,GGTGGGTACGATATTTTGAG,0,4532661
yahL_predicted,0.3333333333333333,2,2,GGTGGCAATGTTGTGATGCT,0,4538394
yahL_predicted,0.3333333333333333,2,2,GGTCTACGGGAATGCGCAGA,0,4521581
yahL_predicted,0.3333333333333333,2,2,GGTCGAAAGCACATGCGAAC,0,4541169
yahL_predicted,0.3333333333333333,2,2,GGTCCACGCAACAACATCCT,0,4543115
yahL_predicted,0.3333333333333333,2,2,GGTCATTACGAGTACATCGA,0,4522213
yahL_predicted,0.3333333333333333,2,2,GGTAACCCTCCAGATTACCG,0,4522381
yahL_predicted,0.3333333333333333,2,2,GGTAACACAACTCTCGCAAA,0,4533930
yahL_predicted,0.3333333333333333,2,2,GGGTTATACTTTGAGCTGTT,0,4521997
yahL_predicted,0.3333333333333333,2,2,GGGTGTTGTCGTGGCTTTGC,0,4516716
yahL_predicted,0.3333333333333333,2,2,GGGTGTCATCGATCCTAGAC,0,4536630
yahL_predicted,0.3333333333333333,2,2,GGGGTTTCGCGCCTCTCGCC,0,4514185
yahL_predicted,0.3333333333333333,2,2,GGGGTTATCAGTACCAGTTT,0,4522363
yahL_predicted,0.3333333333333333,2,2,GGGGTCCGCTATGGCAGCCA,0,4532986
yahL_predicted,0.3333333333333333,2,2,GGGGTATACTATTGGGTGAC,0,4516200
yahL_predicted,0.3333333333333333,2,2,GGGGCTACCCACTGGCAGTT,0,4515612
yahL_predicted,0.3333333333333333,2,2,GGGGAGAGTCTGCGTCGCGG,0,4526143
yahL_predicted,0.3333333333333333,2,2,GGGCGTGGCTGTTTAGTGCA,0,4521344
yahL_predicted,0.3333333333333333,2,2,GGGCGCACGGGGGTACGACA,0,4519123
yahL_predicted,0.3333333333333333,2,2,GGGCGAATTGCGGTTTCTTT,0,4521984
yahL_predicted,0.3333333333333333,2,2,GGGCCGTTCAACAGAATAAT,0,4528336
yahL_predicted,0.3333333333333333,2,2,GGGCCATAGACTATCCACTG,0,4529385
yahL_predicted,0.3333333333333333,2,2,GGGCCAGGTTATGTGGAGGT,0,4522606
yahL_predicted,0.3333333333333333,2,2,GGGCACCTACCTAATTTTCA,0,4518845
yahL_predicted,0.3333333333333333,2,2,GGGATTGCCAGTACTCACGA,0,4530850
yahL_predicted,0.3333333333333333,2,2,GGGACTACCGGTCTTTGGGA,0,4524316
yahL_predicted,0.3333333333333333,2,2,GGGAACTGTCATGGCAAAAG,0,4534171
yahL_predicted,0.3333333333333333,2,2,GGCTGATTAACAAGCCTACA,0,4536364
yahL_predicted,0.3333333333333333,2,2,GGCTCGAATCAACCGCATCC,0,4519374
yahL_predicted,0.3333333333333333,2,2,GGCTATATCACAGCCGAGTA,0,4513471
yahL_predicted,0.3333333333333333,2,2,GGCTAGCCGGGTTTACACCT,0,4541167
yahL_predicted,0.3333333333333333,2,2,GGCTAGATACCATTCTCCCA,0,4532056
yahL_predicted,0.3333333333333333,2,2,GGCGGGACCTCCCCGCCTTA,0,4540863
yahL_predicted,0.3333333333333333,2,2,GGCGGCCCAAGTGGCACCGA,0,4518642
yahL_predicted,0.3333333333333333,2,2,GGCGCTATACGGTAGGTTGA,0,4531665
yahL_predicted,0.3333333333333333,2,2,GGCGATGAGGTTTTTGTTTG,0,4518631
yahL_predicted,0.3333333333333333,2,2,GGCGAGCGGGCCAGCTCTTC,0,4523569
yahL_predicted,0.3333333333333333,2,2,GGCGACTGTGAACGGGCGTC,0,4514583
yahL_predicted,0.3333333333333333,2,2,GGCCTGCTTGTATGAGGCTT,0,4535425
yahL_predicted,0.3333333333333333,2,2,GGCCGGCGTATCCGGACTTC,0,4534860
yahL_predicted,0.3333333333333333,2,2,GGCCATTGAAATCTGAATTT,0,4525137
yahL_predicted,0.3333333333333333,2,2,GGCCAGGTATATGACTAACC,0,4521050
yahL_predicted,0.3333333333333333,2,2,GGCCACTGACTGATCTTGCA,0,4522254
yahL_predicted,0.3333333333333333,2,2,GGCAGGATCACATACAGTTA,0,4514175
yahL_predicted,0.3333333333333333,2,2,GGCACGTTTCGTAAGTGATG,0,4534417
yahL_predicted,0.3333333333333333,2,2,GGCACGAGCGTGCTACTTCA,0,4532384
yahL_predicted,0.3333333333333333,2,2,GGCAACCAGTTTCGGGGTTA,0,4523373
yahL_predicted,0.3333333333333333,2,2,GGATTGTTTAAATCTCTAGG,0,4528005
yahL_predicted,0.3333333333333333,2,2,GGATTCCGACTTACGCCTAT,0,4518859
yahL_predicted,0.3333333333333333,2,2,GGATCCGAAGTGGTCCCAGT,0,4529703
yahL_predicted,0.3333333333333333,2,2,GGATATGGGCAATGGTGCTA,0,4541820
yahL_predicted,0.3333333333333333,2,2,GGATATAGCGGCACAATGGG,0,4528251
yahL_predicted,0.3333333333333333,2,2,GGATAGGTCACCAGTGGATT,0,4523396
yahL_predicted,0.3333333333333333,2,2,GGAGTGTGATGATTTTCAGA,0,4539198
yahL_predicted,0.3333333333333333,2,2,GGAGTAGTTTGTGGAGTCGT,0,4542842
yahL_predicted,0.3333333333333333,2,2,GGAGGGTACATATAGGAGAC,0,4519686
yahL_predicted,0.3333333333333333,2,2,GGAGCTCGCGCACAACATAC,0,4541424
yahL_predicted,0.3333333333333333,2,2,GGAGCCTTGTCCTGGCAATT,0,4544206
yahL_predicted,0.3333333333333333,2,2,GGAGCAGCTTAGGGCGGCCT,0,4515117
yahL_predicted,0.3333333333333333,2,2,GGACTGTGCACAAGAAGATC,0,4534836
yahL_predicted,0.3333333333333333,2,2,GGACTCCAGATCTAAGGCAG,0,4541141
yahL_predicted,0.3333333333333333,2,2,GGACGTCCCTCATGGGCACT,0,4538667
yahL_predicted,0.3333333333333333,2,2,GGACCACCAGGCTTTCTTGG,0,4544076
yahL_predicted,0.3333333333333333,2,2,GGACAGTGGGCCGTAAGCGA,0,4543726
yahL_predicted,0.3333333333333333,2,2,GGAATGATTTTAGAGGTCGT,0,4536428
yahL_predicted,0.3333333333333333,2,2,GGAAGTGTAGTCAAGCTCAG,0,4528920
yahL_predicted,0.3333333333333333,2,2,GGAAGCGTGCCTGAGCCACA,0,4519120
yahL_predicted,0.3333333333333333,2,2,GGAACGTCTTTCCATGCCGG,0,4530900
yahL_predicted,0.3333333333333333,2,2,GGAAATGGAACATGTCCTGG,0,4532576
yahL_predicted,0.3333333333333333,2,2,GGAAAGAGACGTTGGGTGCT,0,4539692
yahL_predicted,0.3333333333333333,2,2,GCTTTAATAAGGCGGGATAA,0,4528243
yahL_predicted,0.3333333333333333,2,2,GCTTGTGTGCATGGTAAAGG,0,4516059
yahL_predicted,0.3333333333333333,2,2,GCTTGTAAATGATCAGAGCT,0,4522567
yahL_predicted,0.3333333333333333,2,2,GCTTGCTATACGTCGAAACA,0,4541622
yahL_predicted,0.3333333333333333,2,2,GCTTCACATAGTGCTGTTCT,0,4527047
yahL_predicted,0.3333333333333333,2,2,GCTTAACGGTGTTGAGGGGC,0,4539673
yahL_predicted,0.3333333333333333,2,2,GCTGAACAAGAGTCTTACGC,0,4530954
yahL_predicted,0.3333333333333333,2,2,GCTCTGTCCACCTCTAAATT,0,4524526
yahL_predicted,0.3333333333333333,2,2,GCTCTGGTCTGCTGGATCAC,0,4543366
yahL_predicted,0.3333333333333333,2,2,GCTCTCGAGTCTTGCAGGAA,0,4533493
yahL_predicted,0.3333333333333333,2,2,GCTCTCAGTGGAACTGAAGG,0,4521770
yahL_predicted,0.3333333333333333,2,2,GCTCGGGACCCAGCTACTCT,0,4526537
yahL_predicted,0.3333333333333333,2,2,GCTCGGAAAAGGTTTATCGC,0,4526306
yahL_predicted,0.3333333333333333,2,2,GCTCCTCGGGCGTAATGCTA,0,4538713
yahL_predicted,0.3333333333333333,2,2,GCTCCTCGCATTCACGGGTC,0,4515887
yahL_predicted,0.3333333333333333,2,2,GCTCCTCAAAGCCTGTCGTA,0,4519463
yahL_predicted,0.3333333333333333,2,2,GCTCCCCGATTAAACGTTAT,0,4528864
yahL_predicted,0.3333333333333333,2,2,GCTCCCAATCGCTATGATTG,0,4543540
yahL_predicted,0.3333333333333333,2,2,GCTCACATATTTGGGGTACT,0,4539538
yahL_predicted,0.3333333333333333,2,2,GCTAGTTGTTTCATGTAGAC,0,4533878
yahL_predicted,0.3333333333333333,2,2,GCTAGGTCAGGCTACGGAGA,0,4522912
yahL_predicted,0.3333333333333333,2,2,GCTAGGAACTGTCGCAGGCG,0,4532842
yahL_predicted,0.3333333333333333,2,2,GCGTGGCTCCATAGCAAGAT,0,4519372
yahL_predicted,0.3333333333333333,2,2,GCGTGCGTGCAATCCCTTTT,0,4524006
yahL_predicted,0.3333333333333333,2,2,GCGGTATACAAGGTCAACGC,0,4516407
yahL_predicted,0.3333333333333333,2,2,GCGGCAGAACCACGCGCAAA,0,4513561
yahL_predicted,0.3333333333333333,2,2,GCGCCCAAACGATTATCACC,0,4524850
yahL_predicted,0.3333333333333333,2,2,GCGCAATTAAAGACCCAACG,0,4541756
yahL_predicted,0.3333333333333333,2,2,GCGCAAGGTGGACCGCGTAA,0,4513349
yahL_predicted,0.3333333333333333,2,2,GCGCAACTTTGACGTATAAA,0,4544254
yahL_predicted,0.3333333333333333,2,2,GCGATTCATCGACAGCATGA,0,4521366
yahL_predicted,0.3333333333333333,2,2,GCGATGATATTCTCGACCGT,0,4521085
yahL_predicted,0.3333333333333333,2,2,GCGATCGTCCCTTCGCAACC,0,4516750
yahL_predicted,0.3333333333333333,2,2,GCGATAGTAGAATTACCTAT,0,4541675
yahL_predicted,0.3333333333333333,2,2,GCGAGGATATGGGGAGACGT,0,4539283
yahL_predicted,0.3333333333333333,2,2,GCCTTTGTTAACGCCAACTT,0,4536705
yahL_predicted,0.3333333333333333,2,2,GCCTTAATACTGGATGTCTT,0,4529157
yahL_predicted,0.3333333333333333,2,2,GCCTCGGCAAACAACACGGT,0,4529252
yahL_predicted,0.3333333333333333,2,2,GCCTCAGGAGAGTCTGAACT,0,4521769
yahL_predicted,0.3333333333333333,2,2,GCCGTAATACGGCTGAGGAG,0,4533037
yahL_predicted,0.3333333333333333,2,2,GCCGGTCTTACATCTTATTC,0,4525053
yahL_predicted,0.3333333333333333,2,2,GCCCTGGGAGCAAATCGGTT,0,4522090
yahL_predicted,0.3333333333333333,2,2,GCCCGAGATCTATAAGGAGA,0,4513729
yahL_predicted,0.3333333333333333,2,2,GCCCCGTTTAATCCCACACG,0,4520189
yahL_predicted,0.3333333333333333,2,2,GCCAAGGGAGCGGTGCTAAG,0,4523839
yahL_predicted,0.3333333333333333,2,2,GCATTGTTTCCAATACTTAT,0,4530996
yahL_predicted,0.3333333333333333,2,2,GCATTATCGTGGAGTGGGCT,0,4525614
yahL_predicted,0.3333333333333333,2,2,GCATGCGATCATAAAATGCG,0,4513702
yahL_predicted,0.3333333333333333,2,2,GCATGCCTTCAGTGTTCACA,0,4526240
yahL_predicted,0.3333333333333333,2,2,GCAGGGCCTGGGCCGCAGAT,0,4512295
yahL_predicted,0.3333333333333333,2,2,GCAGCTACGTTACGACGGTA,0,4537006
yahL_predicted,0.3333333333333333,2,2,GCACGTTGCCATGGTTTAAT,0,4541454
yahL_predicted,0.3333333333333333,2,2,GCACGCTCATTTGGATTTTG,0,4524324
yahL_predicted,0.3333333333333333,2,2,GCACAAGGTTCTTCCGTAGT,0,4519876
yahL_predicted,0.3333333333333333,2,2,GCAAGCGTTGTGCGGACCGC,0,4540794
yahL_predicted,0.3333333333333333,2,2,GCAAATTTCTGAAAGAACGA,0,4539518
yahL_predicted,0.3333333333333333,2,2,GATTTCATGTATGGTACAGA,0,4521336
yahL_predicted,0.3333333333333333,2,2,GATTGTATGAGCGATAAGTG,0,4534480
yahL_predicted,0.3333333333333333,2,2,GATTAGTTACGACAATCAGG,0,4528011
yahL_predicted,0.3333333333333333,2,2,GATGTCGCATCGGGTCTGGA,0,4523001
yahL_predicted,0.3333333333333333,2,2,GATGGCTAATGGCAACTAAA,0,4515491
yahL_predicted,0.3333333333333333,2,2,GATGCCAAATCGGACGTTAA,0,4528048
yahL_predicted,0.3333333333333333,2,2,GATGACACATTGGTGGGTCG,0,4514459
yahL_predicted,0.3333333333333333,2,2,GATCTCCAAATTTCGACGCG,0,4517805
yahL_predicted,0.3333333333333333,2,2,GATCAGTCTAGTGCCGTCGG,0,4518354
yahL_predicted,0.3333333333333333,2,2,GATATATACGTGAGAAGCAA,0,4518268
yahL_predicted,0.3333333333333333,2,2,GAGTGTTCCTAAACGACTGG,0,4543169
yahL_predicted,0.3333333333333333,2,2,GAGTGATGAGGAATGCAAGG,0,4538557
yahL_predicted,0.3333333333333333,2,2,GAGTCTGTGAGTTTCCTTTC,0,4531996
yahL_predicted,0.3333333333333333,2,2,GAGTCAAAAGTCTTTAAGCT,0,4540626
yahL_predicted,0.3333333333333333,2,2,GAGGTCTTTGCCGACAAACC,0,4523924
yahL_predicted,0.3333333333333333,2,2,GAGGTCATACTTGCCACCCC,0,4521071
yahL_predicted,0.3333333333333333,2,2,GAGGTATTGAGTCGCCCCCG,0,4529417
yahL_predicted,0.3333333333333333,2,2,GAGGTAACGGCGAGGCCAAA,0,4516299
yahL_predicted,0.3333333333333333,2,2,GAGGGCAGCTTCCCCCGCAA,0,4539233
yahL_predicted,0.3333333333333333,2,2,GAGGGCAACCGCTTCTCCGA,0,4526123
yahL_predicted,0.3333333333333333,2,2,GAGGCGAGTTGCTCACAAAA,0,4512257
yahL_predicted,0.3333333333333333,2,2,GAGCTTACATAAAACGCCAC,0,4540247
yahL_predicted,0.3333333333333333,2,2,GAGCGTTGAATAGGGCGTTT,0,4512827
yahL_predicted,0.3333333333333333,2,2,GAGCGTCAATGGCCATCGCT,0,4540793
yahL_predicted,0.3333333333333333,2,2,GAGCCAGGGAGACATGGTTT,0,4528975
yahL_predicted,0.3333333333333333,2,2,GAGAGGAAAGACTTCCCCTA,0,4534892
yahL_predicted,0.3333333333333333,2,2,GAGAGCTATCCGTATTGCTT,0,4521465
yahL_predicted,0.3333333333333333,2,2,GACTTGTCTTTTAACACACC,0,4534225
yahL_predicted,0.3333333333333333,2,2,GACTTACCGTAGCCAGTCTA,0,4534080
yahL_predicted,0.3333333333333333,2,2,GACTGTTAAGATTCACATAT,0,4542327
yahL_predicted,0.3333333333333333,2,2,GACTGATAGGTGTCGGGCAT,0,4528015
yahL_predicted,0.3333333333333333,2,2,GACTACGTCTTAGAACTAGC,0,4529331
yahL_predicted,0.3333333333333333,2,2,GACGGCCGGAGGACATAGGC,0,4533605
yahL_predicted,0.3333333333333333,2,2,GACGATTTTCTTGAAGGCGA,0,4529273
yahL_predicted,0.3333333333333333,2,2,GACGACTGACACTCTGTGAT,0,4518288
yahL_predicted,0.3333333333333333,2,2,GACGACAACGATAGTAGCCA,0,4535194
yahL_predicted,0.3333333333333333,2,2,GACCTCCGCCATCCGTTGCA,0,4519910
yahL_predicted,0.3333333333333333,2,2,GACCCTAATACACATATGGG,0,4522730
yahL_predicted,0.3333333333333333,2,2,GACACCCATAGTACAAGCGG,0,4529498
yahL_predicted,0.3333333333333333,2,2,GACAAAATTGTATGAAAGAC,0,4512242
yahL_predicted,0.3333333333333333,2,2,GAATTTTGGGACCTGCGGAC,0,4532183
yahL_predicted,0.3333333333333333,2,2,GAATTGTAGAGAGTATGCCT,0,4519538
yahL_predicted,0.3333333333333333,2,2,GAATCTAGATCGCTGTCTCC,0,4518260
yahL_predicted,0.3333333333333333,2,2,GAAGGGGGTCAGTCCGTCGC,0,4526128
yahL_predicted,0.3333333333333333,2,2,GAAGCGAACGAGTTGGCCCA,0,4525434
yahL_predicted,0.3333333333333333,2,2,GAAGATCTCGGACTTCAAGA,0,4525678
yahL_predicted,0.3333333333333333,2,2,GAAGATACCTCGAAGGGTAC,0,4530192
yahL_predicted,0.3333333333333333,2,2,GAAGAGGTCACGCCCGGCGT,0,4535218
yahL_predicted,0.3333333333333333,2,2,GAAGACGAGGCGCCCCCGGA,0,4522823
yahL_predicted,0.3333333333333333,2,2,GAACCCGGCGCTACCGGGAA,0,4529418
yahL_predicted,0.3333333333333333,2,2,GAACAGGTTATATTGTCTGG,0,4532849
yahL_predicted,0.3333333333333333,2,2,GAACAGACGTCCCGTCCGGC,0,4512593
yahL_predicted,0.3333333333333333,2,2,CTTTTGGTAGTATGCGGGCA,0,4532559
yahL_predicted,0.3333333333333333,2,2,CTTTTATGTACCGAACAACT,0,4527921
yahL_predicted,0.3333333333333333,2,2,CTTTGGCCCTGCGGCAGCCA,0,4538504
yahL_predicted,0.3333333333333333,2,2,CTTTATTCATGCTTGACCCA,0,4518917
yahL_predicted,0.3333333333333333,2,2,CTTTAGCGGTCCTATGTACT,0,4513308
yahL_predicted,0.3333333333333333,2,2,CTTGGTGGGGCTACTCCGCC,0,4529334
yahL_predicted,0.3333333333333333,2,2,CTTGGGGCTTAGTTAGCGTG,0,4524297
yahL_predicted,0.3333333333333333,2,2,CTTGGATAAGCCTAGGCCGT,0,4538170
yahL_predicted,0.3333333333333333,2,2,CTTGCTCATGGCATTGAGTA,0,4528289
yahL_predicted,0.3333333333333333,2,2,CTTGCCCGGTTTTCACAACT,0,4523979
yahL_predicted,0.3333333333333333,2,2,CTTGAGCATACGCCTTTCGG,0,4531923
yahL_predicted,0.3333333333333333,2,2,CTTGAAACTATGTCCGGAGC,0,4520524
yahL_predicted,0.3333333333333333,2,2,CTTCGATTGTGGGGTAAATG,0,4525138
yahL_predicted,0.3333333333333333,2,2,CTTCCTGAGTTCAGCTTAAC,0,4514625
yahL_predicted,0.3333333333333333,2,2,CTTCCGAATACCTGTTGGCT,0,4514509
yahL_predicted,0.3333333333333333,2,2,CTTCATCCCCATGCCATTCC,0,4533324
yahL_predicted,0.3333333333333333,2,2,CTTCACTATCGTGTGGTATA,0,4518350
yahL_predicted,0.3333333333333333,2,2,CTTATGGTCAAGCCCCTGTA,0,4517782
yahL_predicted,0.3333333333333333,2,2,CTTATAGTAGATTGCGCTAT,0,4540360
yahL_predicted,0.3333333333333333,2,2,CTTAGAAATATTTCGTGTAT,0,4538305
yahL_predicted,0.3333333333333333,2,2,CTTAAAGCCCTTAGCGCTAC,0,4523481
yahL_predicted,0.3333333333333333,2,2,CTGTAGTCGAGGTGTCTGAG,0,4536403
yahL_predicted,0.3333333333333333,2,2,CTGTAGGGGGCCTTAACAGG,0,4528207
yahL_predicted,0.3333333333333333,2,2,CTGGTTTACAGGCTATGTTA,0,4515590
yahL_predicted,0.3333333333333333,2,2,CTGGTCGGAACTAGGGAGGG,0,4542155
yahL_predicted,0.3333333333333333,2,2,CTGGAATTGGATGTCTTAAG,0,4518047
yahL_predicted,0.3333333333333333,2,2,CTGGAATGGGAATTCCGGCA,0,4537387
yahL_predicted,0.3333333333333333,2,2,CTGCGTATGTCACAACAGAC,0,4513053
yahL_predicted,0.3333333333333333,2,2,CTGCCTTAGGAACGACACGT,0,4525232
yahL_predicted,0.3333333333333333,2,2,CTGCCTATCGAAACAAACTG,0,4519054
yahL_predicted,0.3333333333333333,2,2,CTGCATCGGCGAGGGCAAGA,0,4527204
yahL_predicted,0.3333333333333333,2,2,CTGATGTTCAATACAACTCT,0,4530643
yahL_predicted,0.3333333333333333,2,2,CTGAGGTACGCTATCCTCAA,0,4525441
yahL_predicted,0.3333333333333333,2,2,CTGACGCCAGCACCAGTCAT,0,4539116
yahL_predicted,0.3333333333333333,2,2,CTGAAGAGTAGAATGTACCC,0,4538386
yahL_predicted,0.3333333333333333,2,2,CTCTCTCGCGCGCCATTCAA,0,4530704
yahL_predicted,0.3333333333333333,2,2,CTCTCCCCAGTACAATGAGT,0,4530757
yahL_predicted,0.3333333333333333,2,2,CTCGTCGATTCGTCCTTTGA,0,4524817
yahL_predicted,0.3333333333333333,2,2,CTCGGCTGTGACCTGGGAGG,0,4527686
yahL_predicted,0.3333333333333333,2,2,CTCGGCAAGTATGTGTATGT,0,4536319
yahL_predicted,0.3333333333333333,2,2,CTCCGATCTCCGTGTTCGCC,0,4537348
yahL_predicted,0.3333333333333333,2,2,CTCCCTGGCGTCGTCTAAGT,0,4533162
yahL_predicted,0.3333333333333333,2,2,CTCCAGAGCAATCCTGATGC,0,4518126
yahL_predicted,0.3333333333333333,2,2,CTCCAAGGTTCCCTGTAGTC,0,4512963
yahL_predicted,0.3333333333333333,2,2,CTCATTTCTCTCCCGAGATA,0,4532216
yahL_predicted,0.3333333333333333,2,2,CTCAGGTGCACCTAACAATC,0,4525136
yahL_predicted,0.3333333333333333,2,2,CTCACTATACGGCGGGACAC,0,4523414
yahL_predicted,0.3333333333333333,2,2,CTCACTATAAGGGAACCAGG,0,4528263
yahL_predicted,0.3333333333333333,2,2,CTCAAGTTTGGGAGGGGCAG,0,4519010
yahL_predicted,0.3333333333333333,2,2,CTCAAGTCCCGATGACAAAA,0,4538478
yahL_predicted,0.3333333333333333,2,2,CTATTCGGGCTAAATCAGCC,0,4541413
yahL_predicted,0.3333333333333333,2,2,CTATGTCTGCTTCTAAGATA,0,4521282
yahL_predicted,0.3333333333333333,2,2,CTATGGAGATCGTGCACTAC,0,4515272
yahL_predicted,0.3333333333333333,2,2,CTATCTGTCGTCATCACCAA,0,4540313
yahL_predicted,0.3333333333333333,2,2,CTATCTGGGCGGCATGAACT,0,4539045
yahL_predicted,0.3333333333333333,2,2,CTATATTAAGCTTTAGATAT,0,4530177
yahL_predicted,0.3333333333333333,2,2,CTAGTAATCTTCCGCGATTT,0,4534974
yahL_predicted,0.3333333333333333,2,2,CTAGGATAGAAACGGTCATT,0,4541122
yahL_predicted,0.3333333333333333,2,2,CTAGGAGGTTGCATTACAGT,0,4516639
yahL_predicted,0.3333333333333333,2,2,CTAGCCTAAATTTTAGACGT,0,4538353
yahL_predicted,0.3333333333333333,2,2,CTAGCCGGCGATTCAAGGGT,0,4520949
yahL_predicted,0.3333333333333333,2,2,CTACGAGCCGATCCATAAAG,0,4543860
yahL_predicted,0.3333333333333333,2,2,CTACCTGATGCTGATTCTCA,0,4536156
yahL_predicted,0.3333333333333333,2,2,CTACCCCGTGTCGGAGGGAG,0,4533390
yahL_predicted,0.3333333333333333,2,2,CTACACCTTTGCTCCTGGAA,0,4530646
yahL_predicted,0.3333333333333333,2,2,CTACAAGGGGGGTAGTTAGT,0,4543877
yahL_predicted,0.3333333333333333,2,2,CTAAAGTAATACCTCTGCCC,0,4517628
yahL_predicted,0.3333333333333333,2,2,CGTTCCCGGATGTATTGTGT,0,4512969
yahL_predicted,0.3333333333333333,2,2,CGTTCATTACCAACGGTGGT,0,4522099
yahL_predicted,0.3333333333333333,2,2,CGTTCACGGCGGCTAATGGA,0,4537148
yahL_predicted,0.3333333333333333,2,2,CGTTATTAGCTCCTATCCTT,0,4536245
yahL_predicted,0.3333333333333333,2,2,CGTTAGGTTCACGAACAGGC,0,4524766
yahL_predicted,0.3333333333333333,2,2,CGTGGGCTAAAAACTTTCGC,0,4542173
yahL_predicted,0.3333333333333333,2,2,CGTGGAATTAAGAAAAGCCT,0,4526170
yahL_predicted,0.3333333333333333,2,2,CGTCTTGCTCACAGGACGAG,0,4528779
yahL_predicted,0.3333333333333333,2,2,CGTCTAGTAAGCTAGACGCG,0,4520584
yahL_predicted,0.3333333333333333,2,2,CGTCGCGCTGTCTAGACTAC,0,4529575
yahL_predicted,0.3333333333333333,2,2,CGTCAGTTATTACATTGAGT,0,4537202
yahL_predicted,0.3333333333333333,2,2,CGTAATTCGCTATGGTATTA,0,4514733
yahL_predicted,0.3333333333333333,2,2,CGGTTTTCATACATCAACAG,0,4542297
yahL_predicted,0.3333333333333333,2,2,CGGTTTGACTTGGGGAGCGA,0,4516484
yahL_predicted,0.3333333333333333,2,2,CGGGGTATCGTTTCTACGTG,0,4531678
yahL_predicted,0.3333333333333333,2,2,CGGGGGAGATCGTAAGAAAT,0,4527241
yahL_predicted,0.3333333333333333,2,2,CGGGGCGCTTTACCGTCCCA,0,4518691
yahL_predicted,0.3333333333333333,2,2,CGGGGCAGTGGTGGCCCGAT,0,4530952
yahL_predicted,0.3333333333333333,2,2,CGGGGCAGCAGCCTATCATA,0,4538041
yahL_predicted,0.3333333333333333,2,2,CGGGCTGTTCTGCCAGATGA,0,4529147
yahL_predicted,0.3333333333333333,2,2,CGGGCATGGCCTTATTTTTC,0,4517020
yahL_predicted,0.3333333333333333,2,2,CGGGCATATTTGGTACTCGG,0,4529813
yahL_predicted,0.3333333333333333,2,2,CGGGCAGTCAGGACCTTGAC,0,4523434
yahL_predicted,0.3333333333333333,2,2,CGGGCAAGAAAAACCAAAAG,0,4535961
yahL_predicted,0.3333333333333333,2,2,CGGGAGTGAGGGCCGTTGGT,0,4534594
yahL_predicted,0.3333333333333333,2,2,CGGCTGCGCTTCAGTGAAGC,0,4523318
yahL_predicted,0.3333333333333333,2,2,CGGCGTATTCCCCGAGAGGA,0,4541479
yahL_predicted,0.3333333333333333,2,2,CGGCGGTCGTATCCCATGGA,0,4534867
yahL_predicted,0.3333333333333333,2,2,CGGCGCTACTCCCGTCTCTA,0,4522319
yahL_predicted,0.3333333333333333,2,2,CGGCCTGACACGTACACCTT,0,4517384
yahL_predicted,0.3333333333333333,2,2,CGGCCGTCGGTGATTCTGAA,0,4543124
yahL_predicted,0.3333333333333333,2,2,CGGATTACTGGTGGCGACGC,0,4535214
yahL_predicted,0.3333333333333333,2,2,CGGATTAACGTTCTATACAG,0,4537252
yahL_predicted,0.3333333333333333,2,2,CGGATGTGGCATGCATGGCC,0,4513705
yahL_predicted,0.3333333333333333,2,2,CGCTGTTTCATCCCTGTACG,0,4531524
yahL_predicted,0.3333333333333333,2,2,CGCTGCGGCGCTCTACAGTA,0,4533563
yahL_predicted,0.3333333333333333,2,2,CGCTACATGCAAAGGGATTT,0,4525473
yahL_predicted,0.3333333333333333,2,2,CGCTAAAGCCATCAATAGAT,0,4537616
yahL_predicted,0.3333333333333333,2,2,CGCGGCCTGAACGGCCAAAA,0,4530825
yahL_predicted,0.3333333333333333,2,2,CGCGCGGCCTAAGGGTTTAT,0,4543000
yahL_predicted,0.3333333333333333,2,2,CGCGCCGAGTTGTAGAAAAT,0,4539729
yahL_predicted,0.3333333333333333,2,2,CGCCTGTCTACCGTTAAATT,0,4541992
yahL_predicted,0.3333333333333333,2,2,CGCCGTTCAAGAAGGTGGAT,0,4542072
yahL_predicted,0.3333333333333333,2,2,CGCCGCATACAAAACGGAGT,0,4529242
yahL_predicted,0.3333333333333333,2,2,CGCATCTTCAATAGGCACCT,0,4525835
yahL_predicted,0.3333333333333333,2,2,CGCATCCGCACGATAGTTAA,0,4515090
yahL_predicted,0.3333333333333333,2,2,CGCACTCATCGAGTTGCGTA,0,4542619
yahL_predicted,0.3333333333333333,2,2,CGCACGTCCGGTACACGGAG,0,4542999
yahL_predicted,0.3333333333333333,2,2,CGCACCCTGTGCTTTAGTAG,0,4524819
yahL_predicted,0.3333333333333333,2,2,CGCAATCAGCCGTGAGAGCT,0,4524103
yahL_predicted,0.3333333333333333,2,2,CGATTCAGTCTGACTCTTCT,0,4537878
yahL_predicted,0.3333333333333333,2,2,CGATTAGCGTCACAACTGGA,0,4537230
yahL_predicted,0.3333333333333333,2,2,CGATGGAAGTCGGTTCGATC,0,4535862
yahL_predicted,0.3333333333333333,2,2,CGATAAACCTGACCGCACGC,0,4522403
yahL_predicted,0.3333333333333333,2,2,CGATAAAATAAGCGTTGGAA,0,4524919
yahL_predicted,0.3333333333333333,2,2,CGAGGTCTAAGTTCAAGAGT,0,4513713
yahL_predicted,0.3333333333333333,2,2,CGAGGCAGCTAACTTAGGCG,0,4529754
yahL_predicted,0.3333333333333333,2,2,CGAGATACGACAGCGAGGTA,0,4518417
yahL_predicted,0.3333333333333333,2,2,CGAGACCGGCATGGACCGGT,0,4521187
yahL_predicted,0.3333333333333333,2,2,CGACCGAAATACGCAGATTG,0,4523635
yahL_predicted,0.3333333333333333,2,2,CGACCCGTGCATACATCGTC,0,4534085
yahL_predicted,0.3333333333333333,2,2,CGACACCTTTCGACTCAACA,0,4526164
yahL_predicted,0.3333333333333333,2,2,CGAACGATCACAGTGAATAG,0,4533467
yahL_predicted,0.3333333333333333,2,2,CGAACAGAAATACCTTGCTA,0,4537131
yahL_predicted,0.3333333333333333,2,2,CGAAACATCCGTCTATAAAC,0,4539623
yahL_predicted,0.3333333333333333,2,2,CCTTTGTTCGATAACTTATA,0,4514585
yahL_predicted,0.3333333333333333,2,2,CCTTTGGGTCGCTCCGCACG,0,4515118
yahL_predicted,0.3333333333333333,2,2,CCTTTCGTCGGCGCGACATT,0,4532136
yahL_predicted,0.3333333333333333,2,2,CCTTTAGACCAGGAAGGGGG,0,4515126
yahL_predicted,0.3333333333333333,2,2,CCTTCTCGTGCTCGGGGCAA,0,4518969
yahL_predicted,0.3333333333333333,2,2,CCTGCTGCCCACTTGGGTCC,0,4529713
yahL_predicted,0.3333333333333333,2,2,CCTGCTACCGATGCTGTGAA,0,4521232
yahL_predicted,0.3333333333333333,2,2,CCTGATGACCATTGGGGATT,0,4533340
yahL_predicted,0.3333333333333333,2,2,CCTGAATGTCCAGGGCGGGG,0,4533306
yahL_predicted,0.3333333333333333,2,2,CCTCTTGGATAAGTCCAAAA,0,4527895
yahL_predicted,0.3333333333333333,2,2,CCTCTGCTCTGGACAAAATT,0,4537457
yahL_predicted,0.3333333333333333,2,2,CCTCTAGTGCCGATCGGCGC,0,4522760
yahL_predicted,0.3333333333333333,2,2,CCTCCTAGGGTCCCATCTTT,0,4517292
yahL_predicted,0.3333333333333333,2,2,CCTCAGGGCGATTACATTGC,0,4528344
yahL_predicted,0.3333333333333333,2,2,CCTCACCTAAGTTTCGCAAC,0,4531632
yahL_predicted,0.3333333333333333,2,2,CCTATAGCTTCGCAATCATT,0,4529226
yahL_predicted,0.3333333333333333,2,2,CCTAGGTAATCATTAGCGGT,0,4540218
yahL_predicted,0.3333333333333333,2,2,CCTAAGGTCAACCTTTTAGA,0,4530988
yahL_predicted,0.3333333333333333,2,2,CCTAAACCTCAAATTGCCTT,0,4524717
yahL_predicted,0.3333333333333333,2,2,CCGTTTGTATTGCGCACAAA,0,4513519
yahL_predicted,0.3333333333333333,2,2,CCGTTTAAGAGGCCCTAGGG,0,4527696
yahL_predicted,0.3333333333333333,2,2,CCGTCTTGGAAGTCATCATT,0,4530721
yahL_predicted,0.3333333333333333,2,2,CCGTCGTTGGTGGGGCTTTA,0,4520222
yahL_predicted,0.3333333333333333,2,2,CCGTCAGCCTCTGGCATGTG,0,4522398
yahL_predicted,0.3333333333333333,2,2,CCGTATTCTTCCTAGAAACT,0,4527315
yahL_predicted,0.3333333333333333,2,2,CCGTATGGGCAGGTTCTCAT,0,4522450
yahL_predicted,0.3333333333333333,2,2,CCGTAGTGCAGGGTGACCCG,0,4526053
yahL_predicted,0.3333333333333333,2,2,CCGGGATTTGAACCACATTT,0,4540401
yahL_predicted,0.3333333333333333,2,2,CCGGGATGGTGTTTACGACA,0,4513190
yahL_predicted,0.3333333333333333,2,2,CCGGATGGAACCGGCTCTGG,0,4515873
yahL_predicted,0.3333333333333333,2,2,CCGCTCGCAATGGCACTTGC,0,4534032
yahL_predicted,0.3333333333333333,2,2,CCGCGTTTATCTTCGATAAA,0,4531561
yahL_predicted,0.3333333333333333,2,2,CCGCGGGCCTGGCACTGCTG,0,4520513
yahL_predicted,0.3333333333333333,2,2,CCGCGGCTGTGGGAGGACCG,0,4524049
yahL_predicted,0.3333333333333333,2,2,CCGCGAAGTATCGGATTCTA,0,4522397
yahL_predicted,0.3333333333333333,2,2,CCGATGCCAGTATAGATAGA,0,4544275
yahL_predicted,0.3333333333333333,2,2,CCCTTCCTCAAGCGTGCGTA,0,4528611
yahL_predicted,0.3333333333333333,2,2,CCCTTATGTCAAGGGGGCAT,0,4539700
yahL_predicted,0.3333333333333333,2,2,CCCTAGTCGGTACGCGGTGC,0,4530928
yahL_predicted,0.3333333333333333,2,2,CCCTACGTAGCTGCACACTG,0,4524504
yahL_predicted,0.3333333333333333,2,2,CCCGTGGGGAACTTTGGCGT,0,4521014
yahL_predicted,0.3333333333333333,2,2,CCCGGTTCAACCATTGTGAT,0,4522033
yahL_predicted,0.3333333333333333,2,2,CCCGGTCCTGAATACCCCGT,0,4517550
yahL_predicted,0.3333333333333333,2,2,CCCGGGGGGGCGGCGTCGTA,0,4541025
yahL_predicted,0.3333333333333333,2,2,CCCGGCTGTGCCACGTAATC,0,4526771
yahL_predicted,0.3333333333333333,2,2,CCCGGAACGTTATGTACGTT,0,4529208
yahL_predicted,0.3333333333333333,2,2,CCCGCTACTGAGTGAGTTTG,0,4520433
yahL_predicted,0.3333333333333333,2,2,CCCGCATGTTTAAGTTTCAA,0,4538123
yahL_predicted,0.3333333333333333,2,2,CCCGAGGTTCGGACCCTGGC,0,4536399
yahL_predicted,0.3333333333333333,2,2,CCCGACCTAAAGTGCCCCCT,0,4544025
yahL_predicted,0.3333333333333333,2,2,CCCGAAGCTCAAATACACAC,0,4534600
yahL_predicted,0.3333333333333333,2,2,CCCCTACCTCCATGAAACTA,0,4520914
yahL_predicted,0.3333333333333333,2,2,CCCCTAAATGTAATACCATC,0,4526903
yahL_predicted,0.3333333333333333,2,2,CCCCGCAGCGCCGCCAGCAG,0,4513423
yahL_predicted,0.3333333333333333,2,2,CCCCCGTTGCGGGATCACGG,0,4541662
yahL_predicted,0.3333333333333333,2,2,CCCCATACTTTAAGTCGCGC,0,4529995
yahL_predicted,0.3333333333333333,2,2,CCCATTTTGGTATAGACCCG,0,4524099
yahL_predicted,0.3333333333333333,2,2,CCCATTGGTCAGCACTTCAA,0,4525603
yahL_predicted,0.3333333333333333,2,2,CCCATATGGGATAGCCTGAG,0,4531833
yahL_predicted,0.3333333333333333,2,2,CCCACCTGCTCACCCTTGGC,0,4524664
yahL_predicted,0.3333333333333333,2,2,CCATTAACTGCCTGCACGCG,0,4528741
yahL_predicted,0.3333333333333333,2,2,CCATGTCGGTGTCCACAGGG,0,4517139
yahL_predicted,0.3333333333333333,2,2,CCAGTGTCTAGGTGGAGAAG,0,4523439
yahL_predicted,0.3333333333333333,2,2,CCAGTCTCTTGACCGTATTA,0,4520864
yahL_predicted,0.3333333333333333,2,2,CCAGGGCGACTGGCGCGTAG,0,4533710
yahL_predicted,0.3333333333333333,2,2,CCAGCGAGCTTGCTAACTAC,0,4534968
yahL_predicted,0.3333333333333333,2,2,CCAGCCAGTGGCTCAAGGGA,0,4530999
yahL_predicted,0.3333333333333333,2,2,CCACTCCGGGTTCGTCAAAA,0,4520356
yahL_predicted,0.3333333333333333,2,2,CCACAGTTGGCTCCCAGTCA,0,4513692
yahL_predicted,0.3333333333333333,2,2,CCACAGTGAGTAGTCCAACT,0,4515866
yahL_predicted,0.3333333333333333,2,2,CCACACGTGCTATATGGCAG,0,4522897
yahL_predicted,0.3333333333333333,2,2,CCACACGCGGAACGATGCAG,0,4539901
yahL_predicted,0.3333333333333333,2,2,CCACAAGAAAGCGGGGGTTG,0,4519948
yahL_predicted,0.3333333333333333,2,2,CCAATTGATCTTAGCAAGGC,0,4518771
yahL_predicted,0.3333333333333333,2,2,CCAATCCCGATCGCGGAGTT,0,4527296
yahL_predicted,0.3333333333333333,2,2,CCAAGATGCATAGACCTTGT,0,4541671
yahL_predicted,0.3333333333333333,2,2,CCAACTTACTTGAAAACCGC,0,4528027
yahL_predicted,0.3333333333333333,2,2,CATTTTGCTATTATTACCTA,0,4542204
yahL_predicted,0.3333333333333333,2,2,CATTGGAAAGCGACTGACAT,0,4519337
yahL_predicted,0.3333333333333333,2,2,CATTGCGTGTTCGCTCTGCC,0,4538053
yahL_predicted,0.3333333333333333,2,2,CATTCGTAGGTAGTACCAAA,0,4541387
yahL_predicted,0.3333333333333333,2,2,CATTCGATTCGTAATTCGTG,0,4520092
yahL_predicted,0.3333333333333333,2,2,CATTCACATAGCGACAGTTA,0,4513592
yahL_predicted,0.3333333333333333,2,2,CATGTCTCAGTCTGGACTAC,0,4514953
yahL_predicted,0.3333333333333333,2,2,CATGTCAAAGATACTTCCCC,0,4518098
yahL_predicted,0.3333333333333333,2,2,CATCTTCGGTTTAGCAAGAG,0,4527675
yahL_predicted,0.3333333333333333,2,2,CATCTCGCTATCACGCGAGT,0,4517157
yahL_predicted,0.3333333333333333,2,2,CATCTAGTCTAATCTTCCCT,0,4515360
yahL_predicted,0.3333333333333333,2,2,CATCGTGCATTGTATCCGGG,0,4535234
yahL_predicted,0.3333333333333333,2,2,CATCAGCGGCGGCGACACTG,0,4539629
yahL_predicted,0.3333333333333333,2,2,CATAGTTTTATGGAAGGTCT,0,4515584
yahL_predicted,0.3333333333333333,2,2,CATAGCCGGACGGGCATCTG,0,4519935
yahL_predicted,0.3333333333333333,2,2,CATAGATCCGATTTAAGAGT,0,4522120
yahL_predicted,0.3333333333333333,2,2,CAGTCGTCATTTTTACGTGT,0,4534626
yahL_predicted,0.3333333333333333,2,2,CAGTATATAATCGTATATAA,0,4537938
yahL_predicted,0.3333333333333333,2,2,CAGTAATGTGGCGCTGCTAG,0,4541023
yahL_predicted,0.3333333333333333,2,2,CAGTAACGACTTTCACCCTC,0,4529021
yahL_predicted,0.3333333333333333,2,2,CAGTAAAAATCGTGTAGTGA,0,4517676
yahL_predicted,0.3333333333333333,2,2,CAGGTGGGGCAGTAAGTCGT,0,4526948
yahL_predicted,0.3333333333333333,2,2,CAGGTGAAACGTAGGTAGGA,0,4541617
yahL_predicted,0.3333333333333333,2,2,CAGGGGGGGGGATTAGCACC,0,4516841
yahL_predicted,0.3333333333333333,2,2,CAGGCTGAAATTGATAATGT,0,4517283
yahL_predicted,0.3333333333333333,2,2,CAGGAACTTATTGACAGGGT,0,4519513
yahL_predicted,0.3333333333333333,2,2,CAGGAAATTGAGGACTGGAG,0,4529377
yahL_predicted,0.3333333333333333,2,2,CAGCTTCGTAGTTTCCACTC,0,4525453
yahL_predicted,0.3333333333333333,2,2,CAGCTTAAATTGGCATCCCC,0,4535457
yahL_predicted,0.3333333333333333,2,2,CAGCTATTTAATCCAACTGT,0,4522731
yahL_predicted,0.3333333333333333,2,2,CAGCGCCGCACGGGCTATTT,0,4537896
yahL_predicted,0.3333333333333333,2,2,CAGCCCGTACCAAGACTTTT,0,4528703
yahL_predicted,0.3333333333333333,2,2,CAGCACCGTTCGGGTATTAG,0,4536100
yahL_predicted,0.3333333333333333,2,2,CAGCAACAATCGCGCGAATG,0,4534310
yahL_predicted,0.3333333333333333,2,2,CAGAGGATTATTCTAGTTAT,0,4537591
yahL_predicted,0.3333333333333333,2,2,CAGACAACTGACGCTCGCAG,0,4532983
yahL_predicted,0.3333333333333333,2,2,CACTCTGGGACACAGCTACC,0,4530875
yahL_predicted,0.3333333333333333,2,2,CACTCCCCGCTGTACGACTA,0,4525010
yahL_predicted,0.3333333333333333,2,2,CACTAGGTTCAAGATCGCCA,0,4540398
yahL_predicted,0.3333333333333333,2,2,CACTAACAGCTATTTAGTTC,0,4530470
yahL_predicted,0.3333333333333333,2,2,CACGCTGACTTCATCAAATC,0,4541568
yahL_predicted,0.3333333333333333,2,2,CACGCATGCTTGCCAGGTAA,0,4540852
yahL_predicted,0.3333333333333333,2,2,CACGCAAGCGCCCCTGAATC,0,4521202
yahL_predicted,0.3333333333333333,2,2,CACGATTCTTCTATAAGCCC,0,4523748
yahL_predicted,0.3333333333333333,2,2,CACCTATCCGTTGGGGCATG,0,4528571
yahL_predicted,0.3333333333333333,2,2,CACCCATACGTTAATCTTGG,0,4534006
yahL_predicted,0.3333333333333333,2,2,CACATGCCCTCTGGGTATAG,0,4538036
yahL_predicted,0.3333333333333333,2,2,CACAATTTAGCATAGGCATG,0,4520821
yahL_predicted,0.3333333333333333,2,2,CAATTTAGCGGTTCTATTGC,0,4523666
yahL_predicted,0.3333333333333333,2,2,CAATGCCTTAGGGTCCTGAC,0,4535906
yahL_predicted,0.3333333333333333,2,2,CAATCTGATCCCCCAATGGC,0,4538454
yahL_predicted,0.3333333333333333,2,2,CAAGTCCGGTCGCGCGTCAA,0,4543210
yahL_predicted,0.3333333333333333,2,2,CAACGACCGATTCACGGAGG,0,4543687
yahL_predicted,0.3333333333333333,2,2,CAACCGGTGAGAGGATTGCA,0,4517407
yahL_predicted,0.3333333333333333,2,2,CAACCCGCTTTTAACCGAAT,0,4537277
yahL_predicted,0.3333333333333333,2,2,CAACACGGGTATCCTGTGGA,0,4536287
yahL_predicted,0.3333333333333333,2,2,CAACAAAGATGTCGATGGTA,0,4525249
yahL_predicted,0.3333333333333333,2,2,CAAAATACACATAGAGAGGT,0,4531930
yahL_predicted,0.3333333333333333,2,2,CAAAAGGCAGACAACGACTT,0,4531504
yahL_predicted,0.3333333333333333,2,2,ATTTTTCGACGCAAGGGGGA,0,4527094
yahL_predicted,0.3333333333333333,2,2,ATTTTGGCTGCTGAGTAAGT,0,4519567
yahL_predicted,0.3333333333333333,2,2,ATTTTGCAGAACTTTGGGAG,0,4527189
yahL_predicted,0.3333333333333333,2,2,ATTTGTCATATTTCGCTGAT,0,4523594
yahL_predicted,0.3333333333333333,2,2,ATTTGATCGTAATGGACGAC,0,4530092
yahL_predicted,0.3333333333333333,2,2,ATTTCTGGCCCCCACGATCG,0,4542860
yahL_predicted,0.3333333333333333,2,2,ATTTCGGTAGGCGTATAAGG,0,4529549
yahL_predicted,0.3333333333333333,2,2,ATTGTGTCATCGTAGAACGA,0,4513052
yahL_predicted,0.3333333333333333,2,2,ATTGTAGGTCCCAGCGACAA,0,4518881
yahL_predicted,0.3333333333333333,2,2,ATTGGTGGTGAATTCGGATA,0,4513791
yahL_predicted,0.3333333333333333,2,2,ATTGGGGACGGTATGGCATG,0,4540405
yahL_predicted,0.3333333333333333,2,2,ATTGGCTAATATCACGGAGG,0,4520368
yahL_predicted,0.3333333333333333,2,2,ATTGCTTGAGAGGGCAAGGA,0,4519064
yahL_predicted,0.3333333333333333,2,2,ATTGAGGATTTCACTTGCGA,0,4532007
yahL_predicted,0.3333333333333333,2,2,ATTCGCGGGCTAAGCGACTT,0,4528900
yahL_predicted,0.3333333333333333,2,2,ATTCGAATGGCGTGCTCCTC,0,4517503
yahL_predicted,0.3333333333333333,2,2,ATTCCTCGATGCTTGCTTCG,0,4533926
yahL_predicted,0.3333333333333333,2,2,ATTCCCTTGTACTGGCTATA,0,4536311
yahL_predicted,0.3333333333333333,2,2,ATTCAGCGGGTATAAATCGT,0,4526821
yahL_predicted,0.3333333333333333,2,2,ATTATACTAACATAGGTGAT,0,4530845
yahL_predicted,0.3333333333333333,2,2,ATTACTGCTCCTAGTAGTTG,0,4522315
yahL_predicted,0.3333333333333333,2,2,ATTACTAGATGTCCCGCGAA,0,4521491
yahL_predicted,0.3333333333333333,2,2,ATTACGGTTTTTTCGGGCTC,0,4536159
yahL_predicted,0.3333333333333333,2,2,ATTACCGATGCTGTTTTCAC,0,4515864
yahL_predicted,0.3333333333333333,2,2,ATTAAGTGTTAAGTCACATG,0,4534810
yahL_predicted,0.3333333333333333,2,2,ATGTTCCAATAGTTCTGACG,0,4514142
yahL_predicted,0.3333333333333333,2,2,ATGTTAACAAAGGACACTGC,0,4520384
yahL_predicted,0.3333333333333333,2,2,ATGTGCGCCCTACGCTGGCC,0,4512640
yahL_predicted,0.3333333333333333,2,2,ATGTCGAGTGTATTTACGGC,0,4542850
yahL_predicted,0.3333333333333333,2,2,ATGGTTTAGGCTGGTTACTG,0,4531824
yahL_predicted,0.3333333333333333,2,2,ATGGTTCGGCCAGTATCAAG,0,4521796
yahL_predicted,0.3333333333333333,2,2,ATGGTGTGTCACATACGGTC,0,4513472
yahL_predicted,0.3333333333333333,2,2,ATGGGCGTTATGTGGGCGTA,0,4516896
yahL_predicted,0.3333333333333333,2,2,ATGGCAGCGAGTTCTCATTA,0,4518767
yahL_predicted,0.3333333333333333,2,2,ATGGAGGAGAAAACGAGACT,0,4541059
yahL_predicted,0.3333333333333333,2,2,ATGCTTTTGCGGTGCTTGCA,0,4521361
yahL_predicted,0.3333333333333333,2,2,ATGCGGAGGAGGCTCGTTCG,0,4529895
yahL_predicted,0.3333333333333333,2,2,ATGCCAACTTGGTCTAATAT,0,4528329
yahL_predicted,0.3333333333333333,2,2,ATGCAGCATGGGGCGTGTTT,0,4542243
yahL_predicted,0.3333333333333333,2,2,ATGAGTGAATTGGCATCGCA,0,4542255
yahL_predicted,0.3333333333333333,2,2,ATGAGCATCTGACGTCTTGG,0,4538611
yahL_predicted,0.3333333333333333,2,2,ATGAATTAGACATGTTGGCG,0,4526055
yahL_predicted,0.3333333333333333,2,2,ATGAACAGAGGTCTGGCTCG,0,4542907
yahL_predicted,0.3333333333333333,2,2,ATCTGGAGATCTTTGACCCA,0,4543074
yahL_predicted,0.3333333333333333,2,2,ATCTCGGGGCTACGGAAAGG,0,4532926
yahL_predicted,0.3333333333333333,2,2,ATCTCGGAATTTGTTGCTCA,0,4536330
yahL_predicted,0.3333333333333333,2,2,ATCTCACGCAAACATCAGAG,0,4529994
yahL_predicted,0.3333333333333333,2,2,ATCTCACAGGATGCCGACTC,0,4527339
yahL_predicted,0.3333333333333333,2,2,ATCTATTCGGTCAGATGGCT,0,4523738
yahL_predicted,0.3333333333333333,2,2,ATCTAGATCGCGTGGTGAGC,0,4527580
yahL_predicted,0.3333333333333333,2,2,ATCGTCAAGGGTCTCCTTCG,0,4526641
yahL_predicted,0.3333333333333333,2,2,ATCGGGAGCGGTCTGCTGAT,0,4532221
yahL_predicted,0.3333333333333333,2,2,ATCGGACTCACAGGACCCGT,0,4512183
yahL_predicted,0.3333333333333333,2,2,ATCGCCTGCCTGCGGCTGAT,0,4527643
yahL_predicted,0.3333333333333333,2,2,ATCGAAGCTCTATTAAATTA,0,4521642
yahL_predicted,0.3333333333333333,2,2,ATCCTTAGCATCGAAGCAAT,0,4513765
yahL_predicted,0.3333333333333333,2,2,ATCCGTTTTTTTGTGCGCAT,0,4518862
yahL_predicted,0.3333333333333333,2,2,ATCCGATGCATAATGTATGT,0,4530307
yahL_predicted,0.3333333333333333,2,2,ATCATTCCCCTCCGATGGAG,0,4519101
yahL_predicted,0.3333333333333333,2,2,ATCATGGCTCAAGGCTTAAA,0,4538623
yahL_predicted,0.3333333333333333,2,2,ATCATAAGGTACATAAGTAA,0,4530543
yahL_predicted,0.3333333333333333,2,2,ATCACGCTGGCGCATACCTA,0,4525821
yahL_predicted,0.3333333333333333,2,2,ATCACGAGCCCCGCGTCTAC,0,4538363
yahL_predicted,0.3333333333333333,2,2,ATATTTCCTCGACGGTTCCC,0,4540067
yahL_predicted,0.3333333333333333,2,2,ATATTAGTTGATACCGGGAG,0,4541024
yahL_predicted,0.3333333333333333,2,2,ATATGTCACCATTTCCAGAA,0,4513945
yahL_predicted,0.3333333333333333,2,2,ATATGAAAAGGCCGGAATTG,0,4530234
yahL_predicted,0.3333333333333333,2,2,ATATATTGCGTTGCTCCTGT,0,4515635
yahL_predicted,0.3333333333333333,2,2,ATATATGGGTATTGCGAGTG,0,4534804
yahL_predicted,0.3333333333333333,2,2,ATAGTAGTGCGGGGGCCGTG,0,4524028
yahL_predicted,0.3333333333333333,2,2,ATAGGTATGAAGTTGAATTA,0,4542276
yahL_predicted,0.3333333333333333,2,2,ATAGGAGTTTCGAGTTTATC,0,4527214
yahL_predicted,0.3333333333333333,2,2,ATAGATCGAGACTGCGTGCC,0,4530413
yahL_predicted,0.3333333333333333,2,2,ATAGAGCGAATCGCGTACTC,0,4530235
yahL_predicted,0.3333333333333333,2,2,ATAGACAGTGCGAATCGGCC,0,4512851
yahL_predicted,0.3333333333333333,2,2,ATACTGTACGCGGGACAACG,0,4535786
yahL_predicted,0.3333333333333333,2,2,ATACTCGTGTAGGTCCTCAT,0,4521309
yahL_predicted,0.3333333333333333,2,2,ATACTCGGAGCTTCTAAGCA,0,4529130
yahL_predicted,0.3333333333333333,2,2,ATACTCCATTGTAGGGATAG,0,4539090
yahL_predicted,0.3333333333333333,2,2,ATACGGGGGACATATAACCT,0,4532044
yahL_predicted,0.3333333333333333,2,2,ATACGGGACCCAAGACTTGC,0,4529678
yahL_predicted,0.3333333333333333,2,2,ATACCTGAGTAGATTATTCA,0,4513390
yahL_predicted,0.3333333333333333,2,2,ATACCGGCGCTCCCACTGAG,0,4532095
yahL_predicted,0.3333333333333333,2,2,ATACCCTGCCTACGTCCTAA,0,4526996
yahL_predicted,0.3333333333333333,2,2,ATAATTTGCCAAGACCGAGA,0,4526360
yahL_predicted,0.3333333333333333,2,2,ATAAGGAGGCTTTGTTGTTT,0,4531046
yahL_predicted,0.3333333333333333,2,2,ATAACTGTGCCGGGAAATAG,0,4524605
yahL_predicted,0.3333333333333333,2,2,AGTTTCGCTGTTCCTTTACA,0,4512123
yahL_predicted,0.3333333333333333,2,2,AGTTCAAGAGGTCGTTAATT,0,4542840
yahL_predicted,0.3333333333333333,2,2,AGTTAAGTACATGACCACCC,0,4528158
yahL_predicted,0.3333333333333333,2,2,AGTTAACGTAGGGGGGGGGA,0,4515425
yahL_predicted,0.3333333333333333,2,2,AGTGTTAAGGATGCTTGTAA,0,4535198
yahL_predicted,0.3333333333333333,2,2,AGTGGTCAGTTGGCATAGAA,0,4543316
yahL_predicted,0.3333333333333333,2,2,AGTGCTACCGTCCCCGAACG,0,4517483
yahL_predicted,0.3333333333333333,2,2,AGTGCCTCCGACAGCACCAA,0,4522784
yahL_predicted,0.3333333333333333,2,2,AGTGCCATAGAGTGTTGTGT,0,4516605
yahL_predicted,0.3333333333333333,2,2,AGTGCACTATGACCAGCGTC,0,4521971
yahL_predicted,0.3333333333333333,2,2,AGTCTGCCGCGTGCTTTCTT,0,4525833
yahL_predicted,0.3333333333333333,2,2,AGTCTGCCCTTATTAACACC,0,4539612
yahL_predicted,0.3333333333333333,2,2,AGTCGGTAAACACGTGGATC,0,4537492
yahL_predicted,0.3333333333333333,2,2,AGTCGGGCTGTTACGGTGTT,0,4535591
yahL_predicted,0.3333333333333333,2,2,AGTCCTCTCGCATGACAAGT,0,4538612
yahL_predicted,0.3333333333333333,2,2,AGTCCCAGACACAGGTGACT,0,4519693
yahL_predicted,0.3333333333333333,2,2,AGTCATACAGGGGCCACACT,0,4535290
yahL_predicted,0.3333333333333333,2,2,AGTCAAAAGGTGAGTGGATC,0,4522652
yahL_predicted,0.3333333333333333,2,2,AGTATGCATCACTGACGTCT,0,4531921
yahL_predicted,0.3333333333333333,2,2,AGTAGCTATCGCGCTTACTC,0,4537020
yahL_predicted,0.3333333333333333,2,2,AGTACGTGCTTCCAAAGTAG,0,4514937
yahL_predicted,0.3333333333333333,2,2,AGTACGCTCAGCAAGGCTAA,0,4539614
yahL_predicted,0.3333333333333333,2,2,AGGTGCGCGGCTATGGGGAT,0,4519179
yahL_predicted,0.3333333333333333,2,2,AGGTGCGCAATGTTAGCCAA,0,4517597
yahL_predicted,0.3333333333333333,2,2,AGGTCAGTTGCCGCAGAAGG,0,4526934
yahL_predicted,0.3333333333333333,2,2,AGGGGCATCACAGTAGGCTT,0,4534487
yahL_predicted,0.3333333333333333,2,2,AGGGCTTACATAGGGATTAG,0,4529479
yahL_predicted,0.3333333333333333,2,2,AGGCTTTTGGAGGAGTCCAC,0,4515205
yahL_predicted,0.3333333333333333,2,2,AGGCTCTCATCTCGCTCGCG,0,4533327
yahL_predicted,0.3333333333333333,2,2,AGGCGGCTGCACGTACAACT,0,4514378
yahL_predicted,0.3333333333333333,2,2,AGGCGCAAACGAGGTCGAGG,0,4530915
yahL_predicted,0.3333333333333333,2,2,AGGCCGAAATATGCCCGTGG,0,4531550
yahL_predicted,0.3333333333333333,2,2,AGGCAGTAAGAAGATATGGG,0,4539946
yahL_predicted,0.3333333333333333,2,2,AGGCACTGGTCTAGCAAACT,0,4513674
yahL_predicted,0.3333333333333333,2,2,AGGCACACAATGGCTGCCTT,0,4541633
yahL_predicted,0.3333333333333333,2,2,AGGATGTAGGGCCGCCATAC,0,4520233
yahL_predicted,0.3333333333333333,2,2,AGGATGGCTTAGTCAAAGAA,0,4539610
yahL_predicted,0.3333333333333333,2,2,AGGATCCAAACGCATAAGGC,0,4522622
yahL_predicted,0.3333333333333333,2,2,AGGAGTGGATAACTTTTGTG,0,4539405
yahL_predicted,0.3333333333333333,2,2,AGGAGATGTGATCACGGCTA,0,4542340
yahL_predicted,0.3333333333333333,2,2,AGGACGATTTGGTATAATAC,0,4519785
yahL_predicted,0.3333333333333333,2,2,AGGAACGTTATCGGCCTGCA,0,4520869
yahL_predicted,0.3333333333333333,2,2,AGCTTGGCCTCAGTATCGGA,0,4530175
yahL_predicted,0.3333333333333333,2,2,AGCTGTGTAGCAGAAACCTA,0,4531138
yahL_predicted,0.3333333333333333,2,2,AGCTGGCGATGGCTACACGG,0,4532786
yahL_predicted,0.3333333333333333,2,2,AGCGTGACGTATATAAGGGG,0,4538392
yahL_predicted,0.3333333333333333,2,2,AGCGTCAGACTCTAGCGTAC,0,4513376
yahL_predicted,0.3333333333333333,2,2,AGCGGTCACACGTCTCGATT,0,4539304
yahL_predicted,0.3333333333333333,2,2,AGCGCTATGTTGTGGACTAG,0,4518748
yahL_predicted,0.3333333333333333,2,2,AGCGATCATAGCTACCTACT,0,4542584
yahL_predicted,0.3333333333333333,2,2,AGCCGGTACAGGGAACCCGT,0,4530270
yahL_predicted,0.3333333333333333,2,2,AGCAGCGTTGAGACGTAAAC,0,4518789
yahL_predicted,0.3333333333333333,2,2,AGCAGCAGGGTAGTGGTTAC,0,4530796
yahL_predicted,0.3333333333333333,2,2,AGCACAGAGATGACTTAGAT,0,4525852
yahL_predicted,0.3333333333333333,2,2,AGCAACCGTCGTGTCGCAGT,0,4534075
yahL_predicted,0.3333333333333333,2,2,AGCAACAGTCGTAAAGTTTT,0,4538350
yahL_predicted,0.3333333333333333,2,2,AGATTGCATGATTGTTGTTG,0,4532429
yahL_predicted,0.3333333333333333,2,2,AGATGATATTGGCCCTGCGC,0,4527568
yahL_predicted,0.3333333333333333,2,2,AGATAGTAAGGATCACTATC,0,4514533
yahL_predicted,0.3333333333333333,2,2,AGAGGTGTCAGTCTACTGGT,0,4527320
yahL_predicted,0.3333333333333333,2,2,AGAGATGCGATTGCACTAAA,0,4527169
yahL_predicted,0.3333333333333333,2,2,AGAGAGTCTAGTAGTCGCAT,0,4544233
yahL_predicted,0.3333333333333333,2,2,AGACTTGGTTTTTAGGCTGT,0,4542902
yahL_predicted,0.3333333333333333,2,2,AGACTGAGTTGCTAAGACGC,0,4536237
yahL_predicted,0.3333333333333333,2,2,AGACGTGGGACACAAATAGT,0,4523040
yahL_predicted,0.3333333333333333,2,2,AGAATCTTGTTGGTTCGAAG,0,4522221
yahL_predicted,0.3333333333333333,2,2,AGAATCACGGGGCAATACGG,0,4535701
yahL_predicted,0.3333333333333333,2,2,AGAAGCGAGGTTGCGATAGC,0,4531089
yahL_predicted,0.3333333333333333,2,2,AGAACTGGGCCGGTACACGA,0,4530939
yahL_predicted,0.3333333333333333,2,2,AGAAATTCGCAGAGGTAGCG,0,4529267
yahL_predicted,0.3333333333333333,2,2,AGAAATGATCAGCTCCTAGG,0,4522256
yahL_predicted,0.3333333333333333,2,2,ACTTTAACTTCGTCCTGTGT,0,4529270
yahL_predicted,0.3333333333333333,2,2,ACTGCTTTATACCATCGTAG,0,4518887
yahL_predicted,0.3333333333333333,2,2,ACTGCAGTTGGCCCGTGAAT,0,4519562
yahL_predicted,0.3333333333333333,2,2,ACTGCAATACTGAATCTCAA,0,4527157
yahL_predicted,0.3333333333333333,2,2,ACTCTGGTGGTATCCAGCAT,0,4530293
yahL_predicted,0.3333333333333333,2,2,ACTCTGGTCGGACGCTCGAA,0,4529726
yahL_predicted,0.3333333333333333,2,2,ACTCGGTGGCAAGCGATAGA,0,4529912
yahL_predicted,0.3333333333333333,2,2,ACTCCTGACTGCCCTCCTCT,0,4539054
yahL_predicted,0.3333333333333333,2,2,ACTCATAACAGTGAAAAGTC,0,4513031
yahL_predicted,0.3333333333333333,2,2,ACTCAAAGCTGGAGCACTAG,0,4537981
yahL_predicted,0.3333333333333333,2,2,ACTACTCCAGTGTGTGAAGT,0,4524060
yahL_predicted,0.3333333333333333,2,2,ACGTTTGGGTCCCGAGTAAT,0,4540147
yahL_predicted,0.3333333333333333,2,2,ACGTTTCCTCAAGTACGCTG,0,4526675
yahL_predicted,0.3333333333333333,2,2,ACGTTACGAGCTGAAGAATG,0,4534747
yahL_predicted,0.3333333333333333,2,2,ACGTGAAACGGGTATTTTCG,0,4516727
yahL_predicted,0.3333333333333333,2,2,ACGTCTATTAAGCAATTTGT,0,4534539
yahL_predicted,0.3333333333333333,2,2,ACGGTTGGATACTTGATGCC,0,4522963
yahL_predicted,0.3333333333333333,2,2,ACGCTTAGGCGAATACGCGC,0,4531953
yahL_predicted,0.3333333333333333,2,2,ACGCAAGTACTCTTGCGCAT,0,4515361
yahL_predicted,0.3333333333333333,2,2,ACGCAAGATGCGGCGAGTCG,0,4521849
yahL_predicted,0.3333333333333333,2,2,ACGATTGTGTAAATGGTCTC,0,4537585
yahL_predicted,0.3333333333333333,2,2,ACGAGTCCTATTTGCTAGAT,0,4524503
yahL_predicted,0.3333333333333333,2,2,ACGAGGCTTTGTTAATTATT,0,4542815
yahL_predicted,0.3333333333333333,2,2,ACGAACTAGAATGGCAAGGA,0,4539041
yahL_predicted,0.3333333333333333,2,2,ACCTTTCCTTGCAACTGGAG,0,4534816
yahL_predicted,0.3333333333333333,2,2,ACCTTCCGAAGGTCGTAGTA,0,4527426
yahL_predicted,0.3333333333333333,2,2,ACCTGACCCAGGGGGGTATA,0,4537913
yahL_predicted,0.3333333333333333,2,2,ACCTGAATTTATCCATATTA,0,4520364
yahL_predicted,0.3333333333333333,2,2,ACCTCTTAGAAACAAACCCG,0,4524635
yahL_predicted,0.3333333333333333,2,2,ACCTAATTTCCATAGAGGTA,0,4517595
yahL_predicted,0.3333333333333333,2,2,ACCGTCCCTCACTATTATAT,0,4543106
yahL_predicted,0.3333333333333333,2,2,ACCGGTCCACGGTCGGGGAG,0,4529626
yahL_predicted,0.3333333333333333,2,2,ACCGGCCTAGCACAGCGCTG,0,4520327
yahL_predicted,0.3333333333333333,2,2,ACCCTTTTAGGGGCTATTAT,0,4531999
yahL_predicted,0.3333333333333333,2,2,ACCCTGTTAGCGTAGTCCCA,0,4516055
yahL_predicted,0.3333333333333333,2,2,ACCCTGGGGTGACTAAGGGG,0,4537570
yahL_predicted,0.3333333333333333,2,2,ACCCCTTATAAATCCAACTG,0,4531441
yahL_predicted,0.3333333333333333,2,2,ACCCAGATTACCGCAGCGAT,0,4526327
yahL_predicted,0.3333333333333333,2,2,ACCATACTGAAACTAACGCT,0,4531005
yahL_predicted,0.3333333333333333,2,2,ACATTCCCATCCGGCCGGAA,0,4520641
yahL_predicted,0.3333333333333333,2,2,ACATGTGCCATTGTCACGGA,0,4529421
yahL_predicted,0.3333333333333333,2,2,ACATGCTTGAGATTATACGT,0,4540029
yahL_predicted,0.3333333333333333,2,2,ACATGAAAACTCTACTCTAC,0,4536727
yahL_predicted,0.3333333333333333,2,2,ACATAGTGTGTTGCCGCCTT,0,4528729
yahL_predicted,0.3333333333333333,2,2,ACAGTGTGAAAGTGTACGTA,0,4528907
yahL_predicted,0.3333333333333333,2,2,ACAGGTTTTTGGTGCTCAAA,0,4517561
yahL_predicted,0.3333333333333333,2,2,ACAGCTTAATCGTAGCGTGA,0,4531329
yahL_predicted,0.3333333333333333,2,2,ACAGATGAATAGCCTGCCTC,0,4535033
yahL_predicted,0.3333333333333333,2,2,ACAGAGGCCTAAGGCGCTAT,0,4539682
yahL_predicted,0.3333333333333333,2,2,ACACGACGCGGATTAAGCGT,0,4540523
yahL_predicted,0.3333333333333333,2,2,ACACGAAATATCGTAAAGCT,0,4535154
yahL_predicted,0.3333333333333333,2,2,ACACCCCGTGGTAGAGCCTA,0,4529393
yahL_predicted,0.3333333333333333,2,2,ACACCCCACCCATCCGAAGG,0,4535999
yahL_predicted,0.3333333333333333,2,2,ACAATACGCTAATATGTGAT,0,4536561
yahL_predicted,0.3333333333333333,2,2,ACAAAGGCACGTGAGCAATA,0,4537203
yahL_predicted,0.3333333333333333,2,2,ACAAACCGGTACTTTGGCGA,0,4517779
yahL_predicted,0.3333333333333333,2,2,ACAAACCGATATAGTCAGGT,0,4519853
yahL_predicted,0.3333333333333333,2,2,ACAAACAGAGAGTGGACTGC,0,4520152
yahL_predicted,0.3333333333333333,2,2,AATTTGGCCACAACTAGCGT,0,4536721
yahL_predicted,0.3333333333333333,2,2,AATTGACCTTGAAGAGCGAG,0,4525650
yahL_predicted,0.3333333333333333,2,2,AATTAGAATAGAGTCACCCC,0,4532191
yahL_predicted,0.3333333333333333,2,2,AATTACCCGGCCGCTTCGGC,0,4522299
yahL_predicted,0.3333333333333333,2,2,AATGTTAGCTCAGCGAAATC,0,4516577
yahL_predicted,0.3333333333333333,2,2,AATGTTACATCTCGGTTGGG,0,4524406
yahL_predicted,0.3333333333333333,2,2,AATGATCCTTATGAACCAAA,0,4515800
yahL_predicted,0.3333333333333333,2,2,AATGAAGCAAATCTTCTGAG,0,4521294
yahL_predicted,0.3333333333333333,2,2,AATCTCCAGTAAGCAAAGAC,0,4532067
yahL_predicted,0.3333333333333333,2,2,AATCTAGGTTAAAGGTACGC,0,4543561
yahL_predicted,0.3333333333333333,2,2,AATCGTTTAGTATTCCAATA,0,4527286
yahL_predicted,0.3333333333333333,2,2,AATCGCGATATCGATATTAA,0,4542415
yahL_predicted,0.3333333333333333,2,2,AATCCCGGGAGAGACATTTA,0,4524240
yahL_predicted,0.3333333333333333,2,2,AATCAACATGGCGATCAATT,0,4535184
yahL_predicted,0.3333333333333333,2,2,AATATTTGGGAGGCAACCCC,0,4513072
yahL_predicted,0.3333333333333333,2,2,AATAGCGTTGGTCAACCTCC,0,4518797
yahL_predicted,0.3333333333333333,2,2,AATAAGATCGCTGACTATTA,0,4543200
yahL_predicted,0.3333333333333333,2,2,AAGTGGGATGTTGTAGTCTA,0,4513475
yahL_predicted,0.3333333333333333,2,2,AAGTCATCGTTTTCCGTCTC,0,4539905
yahL_predicted,0.3333333333333333,2,2,AAGTATAGTTATCATGTCCA,0,4527805
yahL_predicted,0.3333333333333333,2,2,AAGTATAGAGTAGGTCTGTG,0,4526717
yahL_predicted,0.3333333333333333,2,2,AAGTAACTCCGACTGATGAT,0,4539527
yahL_predicted,0.3333333333333333,2,2,AAGGTCGCCTTACGTACATC,0,4519887
yahL_predicted,0.3333333333333333,2,2,AAGGCCGATTTTCGGGTGTT,0,4517564
yahL_predicted,0.3333333333333333,2,2,AAGGCAGTATTTAACTGGGT,0,4527722
yahL_predicted,0.3333333333333333,2,2,AAGGCAGACCATAAGAACTC,0,4523513
yahL_predicted,0.3333333333333333,2,2,AAGGAGCCATTGCGCCGTGG,0,4536608
yahL_predicted,0.3333333333333333,2,2,AAGCTGTATGCTCCACTCTC,0,4530325
yahL_predicted,0.3333333333333333,2,2,AAGCTCGGAAGGATAGAGCC,0,4534537
yahL_predicted,0.3333333333333333,2,2,AAGCGCATAACGGAAGGGCA,0,4531363
yahL_predicted,0.3333333333333333,2,2,AAGCATGGAGTTGTATTGAA,0,4538180
yahL_predicted,0.3333333333333333,2,2,AAGCAGGTTAATCGTGCGGA,0,4514751
yahL_predicted,0.3333333333333333,2,2,AAGCAAGTCAACCGTCGGTA,0,4528404
yahL_predicted,0.3333333333333333,2,2,AAGATACGGCTTAGACGAAT,0,4539402
yahL_predicted,0.3333333333333333,2,2,AAGAGTGACCGGCTACCCCT,0,4528855
yahL_predicted,0.3333333333333333,2,2,AAGAATATTGGCCCTCCGAA,0,4514662
yahL_predicted,0.3333333333333333,2,2,AACTTCGGGTACTTCGTGAG,0,4523751
yahL_predicted,0.3333333333333333,2,2,AACTGTTGTAACCAAACCCG,0,4531403
yahL_predicted,0.3333333333333333,2,2,AACTCTATTTTTTCGGGCTA,0,4543767
yahL_predicted,0.3333333333333333,2,2,AACTCGTGTTTCCCTGAAGG,0,4513891
yahL_predicted,0.3333333333333333,2,2,AACTAGGCTGAGCTAGGTTC,0,4513842
yahL_predicted,0.3333333333333333,2,2,AACGTGCAGGACGCACCCCT,0,4520950
yahL_predicted,0.3333333333333333,2,2,AACGGAAATCACCAGTATTC,0,4541206
yahL_predicted,0.3333333333333333,2,2,AACGCCGTTTTTACGGTCGT,0,4530801
yahL_predicted,0.3333333333333333,2,2,AACGCATGTTGGCCTTAACG,0,4543472
yahL_predicted,0.3333333333333333,2,2,AACCTTCGACTACATCGCGC,0,4516829
yahL_predicted,0.3333333333333333,2,2,AACCTCCCTATCTGCGCCAG,0,4515907
yahL_predicted,0.3333333333333333,2,2,AACCATAAGGCGGGAGAAGC,0,4529752
yahL_predicted,0.3333333333333333,2,2,AACCAGACAAATATTCGAGA,0,4533051
yahL_predicted,0.3333333333333333,2,2,AAATTTACAGGGCACCGTTT,0,4523782
yahL_predicted,0.3333333333333333,2,2,AAATTGCCTGATTAGTAAAG,0,4528166
yahL_predicted,0.3333333333333333,2,2,AAATTCGGTATGAGACATGG,0,4533048
yahL_predicted,0.3333333333333333,2,2,AAATGGTTAGAATAGGGTGT,0,4538022
yahL_predicted,0.3333333333333333,2,2,AAATCTAGGACCAGTGCGCC,0,4516392
yahL_predicted,0.3333333333333333,2,2,AAATCTAAATACTCGATCGG,0,4514540
yahL_predicted,0.3333333333333333,2,2,AAATATCCTTGTACTTCTCC,0,4543821
yahL_predicted,0.3333333333333333,2,2,AAATACATACTCGACATGAA,0,4530308
yahL_predicted,0.3333333333333333,2,2,AAATAAGCAGTAAAAGAGTG,0,4517615
yahL_predicted,0.3333333333333333,2,2,AAAGTGTCCGCTTAGGGTTA,0,4528616
yahL_predicted,0.3333333333333333,2,2,AAAGGCGGCAAGTCACTGGG,0,4533339
yahL_predicted,0.3333333333333333,2,2,AAAGCGTACGTAAAGTGATC,0,4513329
yahL_predicted,0.3333333333333333,2,2,AAACCGGCGGCTCCATACGG,0,4532454
yahL_predicted,0.3333333333333333,2,2,AAACAGGGGTCGCAGACAAT,0,4526200
yahL_predicted,0.5,1,1,TTTTTGTTTTAACGCATCCC,0,4538718
yahL_predicted,0.5,1,1,TTTTTGGCACCTACGCACTA,0,4542275
yahL_predicted,0.5,1,1,TTTTTCGCGAGGTTTGGACA,0,4516040
yahL_predicted,0.5,1,1,TTTTGCTCACGAAACGTAAG,0,4539870
yahL_predicted,0.5,1,1,TTTTGATACCATAATGAGTA,0,4523794
yahL_predicted,0.5,1,1,TTTTCTCTCCCTCCAGCTGG,0,4529345
yahL_predicted,0.5,1,1,TTTTCCGGCAGGAAAGAGGA,0,4536674
yahL_predicted,0.5,1,1,TTTTATAAGGCTCTTGCGGC,0,4531867
yahL_predicted,0.5,1,1,TTTGTGAGATTTGCACCGCG,0,4530556
yahL_predicted,0.5,1,1,TTTGGTGGTGGTTACTAGTT,0,4530292
yahL_predicted,0.5,1,1,TTTGCTCTCGTCACGGAGAA,0,4522436
yahL_predicted,0.5,1,1,TTTGCGTGGCTAACACGAGG,0,4537029
yahL_predicted,0.5,1,1,TTTGCGGAGTCCAGAGAAAT,0,4527076
yahL_predicted,0.5,1,1,TTTGCGCATCAGGTACGCGA,0,4540079
yahL_predicted,0.5,1,1,TTTGATCGCATCTATAAGAG,0,4515905
yahL_predicted,0.5,1,1,TTTGAGGTTCTTCTTATGGA,0,4526585
yahL_predicted,0.5,1,1,TTTGAAGCATGAGGCTAGCA,0,4516600
yahL_predicted,0.5,1,1,TTTGAACTAACAAGTGGTCA,0,4529714
yahL_predicted,0.5,1,1,TTTCTTTAAACCAGCAGGAG,0,4521685
yahL_predicted,0.5,1,1,TTTCTCGAACTCAAGCCATG,0,4519636
yahL_predicted,0.5,1,1,TTTCGGTGTCCCAATAGTTG,0,4516825
yahL_predicted,0.5,1,1,TTTCGGCTCACGTAGTGTGC,0,4530348
yahL_predicted,0.5,1,1,TTTCCGTATCGAATTACGCT,0,4514832
yahL_predicted,0.5,1,1,TTTCCGCTACCCCCTGCTTG,0,4525722
yahL_predicted,0.5,1,1,TTTCCAGGTCTTACAATCTA,0,4517754
yahL_predicted,0.5,1,1,TTTCATTCTCGTCAATATAA,0,4523573
yahL_predicted,0.5,1,1,TTTCACCCTAGGGGGCCACT,0,4541882
yahL_predicted,0.5,1,1,TTTATTAGGTGGGGGTGTGC,0,4517724
yahL_predicted,0.5,1,1,TTTATGAGTATCGGATCGTA,0,4520529
yahL_predicted,0.5,1,1,TTTAGTGCACAGCCCTACTC,0,4518111
yahL_predicted,0.5,1,1,TTTACTTATTCACACTCTGG,0,4523566
yahL_predicted,0.5,1,1,TTTAATTTAATCGAAACATC,0,4541856
yahL_predicted,0.5,1,1,TTGTCCCCTGTCCTATCCGA,0,4514435
yahL_predicted,0.5,1,1,TTGTATCCGCTGTTGTAGCG,0,4517802
yahL_predicted,0.5,1,1,TTGTATCAAATCGCAACCAA,0,4544151
yahL_predicted,0.5,1,1,TTGTACCGCGCGCACAAAGA,0,4540538
yahL_predicted,0.5,1,1,TTGTAAGGGAGCAACACGAG,0,4538358
yahL_predicted,0.5,1,1,TTGTAAACAAACTGGTCTTC,0,4538673
yahL_predicted,0.5,1,1,TTGGTGTTGGAGAAAGTGCG,0,4529312
yahL_predicted,0.5,1,1,TTGGTGTACACAGTGTATCT,0,4519600
yahL_predicted,0.5,1,1,TTGGTGAGTTAGTCTTAGGG,0,4530679
yahL_predicted,0.5,1,1,TTGGCTAGTATGAGCCAATG,0,4542160
yahL_predicted,0.5,1,1,TTGGCACTGCAGTATCTCGG,0,4527930
yahL_predicted,0.5,1,1,TTGGATCCGTAAGAACCCAG,0,4542936
yahL_predicted,0.5,1,1,TTGGAGAGAGTGCCGGCAAT,0,4526713
yahL_predicted,0.5,1,1,TTGGAATAAGTACTGGGCAT,0,4516955
yahL_predicted,0.5,1,1,TTGCGTCGCAGTACCTCAAC,0,4541418
yahL_predicted,0.5,1,1,TTGCGCTGCAGCGTATCAAC,0,4532072
yahL_predicted,0.5,1,1,TTGCCCTCTTGCACGCCGCG,0,4533049
yahL_predicted,0.5,1,1,TTGCCACCGTTCATGGTCTT,0,4535498
yahL_predicted,0.5,1,1,TTGCCAATTGGTAGTGCGGT,0,4530329
yahL_predicted,0.5,1,1,TTGCACGATGACAACCTTCG,0,4536062
yahL_predicted,0.5,1,1,TTGACTGACCTCGGTCCAGG,0,4514474
yahL_predicted,0.5,1,1,TTGACAGTCCTACCTTTTCC,0,4512685
yahL_predicted,0.5,1,1,TTGAAAGTCCTCGGTTACAG,0,4517277
yahL_predicted,0.5,1,1,TTCTTCAGGGGGAGTCATAG,0,4534261
yahL_predicted,0.5,1,1,TTCTTATGCTCTACGCCCCT,0,4513703
yahL_predicted,0.5,1,1,TTCTGTGCTCCAAGACAGAA,0,4531232
yahL_predicted,0.5,1,1,TTCTCTCCTGCGTTAATGAC,0,4526745
yahL_predicted,0.5,1,1,TTCTAGGATGCCGGGCCCAC,0,4527490
yahL_predicted,0.5,1,1,TTCGTTTAAGGATTCATAGG,0,4523865
yahL_predicted,0.5,1,1,TTCGGCTTATCTAACGGATC,0,4527130
yahL_predicted,0.5,1,1,TTCGCTCGAAGATACGATTC,0,4528861
yahL_predicted,0.5,1,1,TTCGCGTACGACTTCTCTCG,0,4523817
yahL_predicted,0.5,1,1,TTCGCCATTGGTGCGCCCTC,0,4521067
yahL_predicted,0.5,1,1,TTCGAGAACTGGTCTGACCA,0,4539325
yahL_predicted,0.5,1,1,TTCGACACGCCCCGGATTCA,0,4518677
yahL_predicted,0.5,1,1,TTCCTCTCAGGTCCGTCGGC,0,4533417
yahL_predicted,0.5,1,1,TTCCGCGGTTATGGATTCGG,0,4532474
yahL_predicted,0.5,1,1,TTCCCGGGCTCTGGGTGCAT,0,4536083
yahL_predicted,0.5,1,1,TTCCACCTCCCCGCGTTGCC,0,4529306
yahL_predicted,0.5,1,1,TTCCAAGCCGTAGGTTCAGA,0,4536671
yahL_predicted,0.5,1,1,TTCAGGACTGATAGTTTAAC,0,4543507
yahL_predicted,0.5,1,1,TTCAGCATATCTGGTTTACT,0,4516311
yahL_predicted,0.5,1,1,TTCACCACGGCCGTAAATAT,0,4538209
yahL_predicted,0.5,1,1,TTCACATGACGGCGGGCCAC,0,4514367
yahL_predicted,0.5,1,1,TTCAATAGCAGAACCGAATA,0,4531687
yahL_predicted,0.5,1,1,TTCAAGCGTCATCGCCATTT,0,4515524
yahL_predicted,0.5,1,1,TTATGCTGCCGTCCCATCAG,0,4530942
yahL_predicted,0.5,1,1,TTATCTCGTTCTGGGGGTTG,0,4529107
yahL_predicted,0.5,1,1,TTATCGGGGGCTGGTAATTC,0,4541253
yahL_predicted,0.5,1,1,TTATCGGCCAATCTGTCATT,0,4533349
yahL_predicted,0.5,1,1,TTATATCAAACTTCCGGTGT,0,4536587
yahL_predicted,0.5,1,1,TTAGTGAACCGTGCTTAGCT,0,4525000
yahL_predicted,0.5,1,1,TTAGTCGTTATCATCGGTCG,0,4527794
yahL_predicted,0.5,1,1,TTAGGGCTCTCACCCCCGAC,0,4542329
yahL_predicted,0.5,1,1,TTAGCTCTCGGTGGTATACA,0,4533475
yahL_predicted,0.5,1,1,TTAGCGGTGCATATGAACAT,0,4539730
yahL_predicted,0.5,1,1,TTAGACGTGTCCTGGTTATC,0,4516730
yahL_predicted,0.5,1,1,TTAGAACTTAAGGCGCTTCA,0,4534103
yahL_predicted,0.5,1,1,TTACTTTGCCCCACCGTCTT,0,4513934
yahL_predicted,0.5,1,1,TTACTGAACAGTGTATTCTG,0,4515888
yahL_predicted,0.5,1,1,TTACGTCGAGATGAACGGGA,0,4532192
yahL_predicted,0.5,1,1,TTACGGGTCACAGCTTCAGC,0,4516729
yahL_predicted,0.5,1,1,TTACGACGATTTCTACCTCT,0,4541609
yahL_predicted,0.5,1,1,TTACCCATGTCTGAAATTCA,0,4519998
yahL_predicted,0.5,1,1,TTACCATAGTGCGCCAAGGG,0,4533185
yahL_predicted,0.5,1,1,TTACCAGAGACCATGTCACC,0,4541989
yahL_predicted,0.5,1,1,TTACACGGTTCCGAGTCAGC,0,4543439
yahL_predicted,0.5,1,1,TTAATCTTATTAACAGCCCC,0,4528819
yahL_predicted,0.5,1,1,TTAAGGTTGTCTGCGGTGAA,0,4530932
yahL_predicted,0.5,1,1,TTAAGCGTTATGGTCGTCCA,0,4520376
yahL_predicted,0.5,1,1,TTAAAGCAGGACCTATCGGA,0,4518517
yahL_predicted,0.5,1,1,TGTTTTGTCTAGTCATTCCA,0,4535121
yahL_predicted,0.5,1,1,TGTTTTGGAGATCACCTGGG,0,4530599
yahL_predicted,0.5,1,1,TGTTTGCTTAACGTTTTGTG,0,4530797
yahL_predicted,0.5,1,1,TGTTTCGCTAAGCGTTATTT,0,4541033
yahL_predicted,0.5,1,1,TGTTGCGGATCAAGAGTGGC,0,4531813
yahL_predicted,0.5,1,1,TGTTCCGCACGTAATCTGGA,0,4524140
yahL_predicted,0.5,1,1,TGTTCAGTCCTAATAAGCGG,0,4513858
yahL_predicted,0.5,1,1,TGTTAGGACTAGGTTTCGGT,0,4528632
yahL_predicted,0.5,1,1,TGTGTCGTGAGCTAACTCAC,0,4514654
yahL_predicted,0.5,1,1,TGTGTCCGAGTAACATACGT,0,4524298
yahL_predicted,0.5,1,1,TGTGGTAAACGACGCCGCGA,0,4522225
yahL_predicted,0.5,1,1,TGTGCGGCTCTGGGTGTTCC,0,4521776
yahL_predicted,0.5,1,1,TGTGCCGCGCCGTAGAGGAT,0,4541114
yahL_predicted,0.5,1,1,TGTCTTTCGGGAGCAAGCGC,0,4525468
yahL_predicted,0.5,1,1,TGTCGTTGCCCACGGAACCG,0,4542725
yahL_predicted,0.5,1,1,TGTCGTCCTAGGACTAGGCA,0,4540379
yahL_predicted,0.5,1,1,TGTCCTGTAATAACGGTTTG,0,4519999
yahL_predicted,0.5,1,1,TGTCCGTGATGTTCCGCCTC,0,4521773
yahL_predicted,0.5,1,1,TGTCAGGCGACACTAAATCA,0,4513804
yahL_predicted,0.5,1,1,TGTAGAGGTTGTGGTGTCCA,0,4543788
yahL_predicted,0.5,1,1,TGTACGTGAGTTACGTGCAT,0,4541695
yahL_predicted,0.5,1,1,TGTACCTCTTTCCCCGGCGT,0,4515751
yahL_predicted,0.5,1,1,TGTAATCTCGGCTGCCATCG,0,4512642
yahL_predicted,0.5,1,1,TGTAAGCGTTTCTCCCTAAT,0,4536560
yahL_predicted,0.5,1,1,TGTAAATACATCAAGGAGTC,0,4528425
yahL_predicted,0.5,1,1,TGGTTTTGGGTCTTGCCAAA,0,4527846
yahL_predicted,0.5,1,1,TGGTCAGTGGCATCGCCAAT,0,4518794
yahL_predicted,0.5,1,1,TGGTCAGGTGCCAAGTTAGG,0,4513670
yahL_predicted,0.5,1,1,TGGTCAGGATCGAGCCTGTG,0,4537236
yahL_predicted,0.5,1,1,TGGTAGGAGGGGGCGAGATC,0,4514102
yahL_predicted,0.5,1,1,TGGGGGTCTTAATAGGGTTT,0,4535465
yahL_predicted,0.5,1,1,TGGGGCTCCTACAGCGAGGC,0,4515596
yahL_predicted,0.5,1,1,TGGGGAGGGTGCTCAAAGAA,0,4536476
yahL_predicted,0.5,1,1,TGGGCGATCTCTTATCCCGT,0,4512577
yahL_predicted,0.5,1,1,TGGCTAGGAGGAAGGCCAAA,0,4532855
yahL_predicted,0.5,1,1,TGGCCGTTCGGGTACAAATG,0,4525919
yahL_predicted,0.5,1,1,TGGCATTATCATGACATATT,0,4524746
yahL_predicted,0.5,1,1,TGGCAGGAGTTATCGGCTTC,0,4513310
yahL_predicted,0.5,1,1,TGGCAGGACTTCCAGGCAAA,0,4529660
yahL_predicted,0.5,1,1,TGGCACGAAACATACGTAGA,0,4524038
yahL_predicted,0.5,1,1,TGGCACATCAAAACCAGGCC,0,4516947
yahL_predicted,0.5,1,1,TGGCACACTTACTAAACCTG,0,4541889
yahL_predicted,0.5,1,1,TGGAGTTGCTCATTTATGTA,0,4542062
yahL_predicted,0.5,1,1,TGGAGCTCCCCGTGGCGACT,0,4533495
yahL_predicted,0.5,1,1,TGGACATTCGCCAAAGTGGT,0,4518078
yahL_predicted,0.5,1,1,TGGACAGGCCACACTAGAAA,0,4531766
yahL_predicted,0.5,1,1,TGGACAAAAGTGCGAAGAAA,0,4541615
yahL_predicted,0.5,1,1,TGGAAGGATGCTTGCTTTGA,0,4516460
yahL_predicted,0.5,1,1,TGCTTTACATGAAGTAGGTT,0,4529919
yahL_predicted,0.5,1,1,TGCTCTTATTACTTTCCCTC,0,4531621
yahL_predicted,0.5,1,1,TGCTAGTGTCCTTATAGCGA,0,4538710
yahL_predicted,0.5,1,1,TGCGTTTACATGCCGAACTG,0,4533610
yahL_predicted,0.5,1,1,TGCGTATGTGCAAGGCCGGC,0,4528080
yahL_predicted,0.5,1,1,TGCGCCCTCGTAATTGGGAC,0,4531127
yahL_predicted,0.5,1,1,TGCGAGAATTGTATTATCAT,0,4544020
yahL_predicted,0.5,1,1,TGCGACGTCATGGCCGGTTA,0,4536080
yahL_predicted,0.5,1,1,TGCCTGTTTGGGGCACTTGT,0,4524842
yahL_predicted,0.5,1,1,TGCCTGCGCCGGGCGACAAA,0,4522675
yahL_predicted,0.5,1,1,TGCCGTCGAAGATTGCCATC,0,4517644
yahL_predicted,0.5,1,1,TGCCCTCTATCATTTACTCA,0,4535026
yahL_predicted,0.5,1,1,TGCCAGGATAGAAAGTCCGA,0,4512556
yahL_predicted,0.5,1,1,TGCCACGTGACTATGACCCT,0,4519298
yahL_predicted,0.5,1,1,TGCCACACTACGTATCCCCT,0,4525687
yahL_predicted,0.5,1,1,TGCATGAGTCGATCACCGCT,0,4512341
yahL_predicted,0.5,1,1,TGCAGTACGCCGACGAACGT,0,4541267
yahL_predicted,0.5,1,1,TGCAGACCCGTGCCAGGGTT,0,4536579
yahL_predicted,0.5,1,1,TGCACCGCAAGTGCTGTAAC,0,4517838
yahL_predicted,0.5,1,1,TGCACAGCCTTGGACCTGCC,0,4514794
yahL_predicted,0.5,1,1,TGCAAATCTTGGGAAAAACG,0,4543097
yahL_predicted,0.5,1,1,TGATTGCGTCAGCATCCTTT,0,4533569
yahL_predicted,0.5,1,1,TGATTAAATGGGTCCGGATA,0,4544006
yahL_predicted,0.5,1,1,TGATGAATCTTCTGGTATTA,0,4542232
yahL_predicted,0.5,1,1,TGATCGTGGATGATGGAGAC,0,4528938
yahL_predicted,0.5,1,1,TGAGTACCAAACGTATACCA,0,4537746
yahL_predicted,0.5,1,1,TGAGGGCAACATTTCCTACT,0,4535551
yahL_predicted,0.5,1,1,TGAGATGCCCCCGGCTTCAG,0,4532882
yahL_predicted,0.5,1,1,TGAGACAGCGTTATGTCCGC,0,4524501
yahL_predicted,0.5,1,1,TGAGAATGATGGCTTTGGTC,0,4540673
yahL_predicted,0.5,1,1,TGACGGTATATCCGGTACCA,0,4542905
yahL_predicted,0.5,1,1,TGACGGCCTGTATGCGGCTC,0,4523993
yahL_predicted,0.5,1,1,TGAATCGTTATCGTTATTAC,0,4532717
yahL_predicted,0.5,1,1,TGAATATAAGAGTGACAATC,0,4537125
yahL_predicted,0.5,1,1,TGAAGTGTGTGTCTTAAAAG,0,4544070
yahL_predicted,0.5,1,1,TGAACGCACGGTTATTTCCA,0,4541016
yahL_predicted,0.5,1,1,TGAAATGTGGCGACACTTTC,0,4534053
yahL_predicted,0.5,1,1,TGAAAATACGTTGGAAACGC,0,4527944
yahL_predicted,0.5,1,1,TCTTCAGAAAAAAACTTTAC,0,4512862
yahL_predicted,0.5,1,1,TCTGTCTAATAGGTATAAGA,0,4519747
yahL_predicted,0.5,1,1,TCTGGTGGGGCTGAAGATTA,0,4540818
yahL_predicted,0.5,1,1,TCTGGGAGATCATTCAAAAT,0,4517583
yahL_predicted,0.5,1,1,TCTGGCTGCACAGGGTACTC,0,4527708
yahL_predicted,0.5,1,1,TCTGCTCCAATAAGGCTCGG,0,4513182
yahL_predicted,0.5,1,1,TCTGCGTGATTTAAGTTTCG,0,4531950
yahL_predicted,0.5,1,1,TCTGCGGCGGGGGTCTGATC,0,4521147
yahL_predicted,0.5,1,1,TCTGATTCACGAAAGTTGCT,0,4521959
yahL_predicted,0.5,1,1,TCTGATAGGAAAACGATACC,0,4538319
yahL_predicted,0.5,1,1,TCTGAGGTTTCGAGGAGTAG,0,4514980
yahL_predicted,0.5,1,1,TCTGAGAGACGAATAGCTTT,0,4540846
yahL_predicted,0.5,1,1,TCTCTACCATTACGATCCAC,0,4539069
yahL_predicted,0.5,1,1,TCTCATTGGTTTACAGTAAG,0,4516251
yahL_predicted,0.5,1,1,TCTATGAAGCTACTGCGTAG,0,4540352
yahL_predicted,0.5,1,1,TCTATCCCTTATCGAACTTT,0,4514460
yahL_predicted,0.5,1,1,TCTAGAAGTTATGGTCGATT,0,4530242
yahL_predicted,0.5,1,1,TCGTTCGTCCCTTTAGTGGC,0,4518733
yahL_predicted,0.5,1,1,TCGTGTTATAAAGATCCTCA,0,4543517
yahL_predicted,0.5,1,1,TCGTGCATAATGGCAATTCT,0,4516763
yahL_predicted,0.5,1,1,TCGTGACATTCGCCGTAGAA,0,4534550
yahL_predicted,0.5,1,1,TCGGTTGCAATTTGGGCGCA,0,4512302
yahL_predicted,0.5,1,1,TCGGTACCACCTTCGGATGA,0,4543944
yahL_predicted,0.5,1,1,TCGGGGTCCTTGTGGCTCAG,0,4517646
yahL_predicted,0.5,1,1,TCGGGGCTACCATCGAGCCC,0,4535159
yahL_predicted,0.5,1,1,TCGGCTATAGCGGCTAGTCC,0,4526762
yahL_predicted,0.5,1,1,TCGCTCGGAAATATTAAGGC,0,4515980
yahL_predicted,0.5,1,1,TCGCTATTCCATGAGCTGTA,0,4518538
yahL_predicted,0.5,1,1,TCGCGATCCAACAATGGATC,0,4520680
yahL_predicted,0.5,1,1,TCGCACCTAGTGAACGGCTC,0,4524158
yahL_predicted,0.5,1,1,TCGATGTGATGAGGTGGTGG,0,4525019
yahL_predicted,0.5,1,1,TCGACTGTATTGCTGTCTGA,0,4542175
yahL_predicted,0.5,1,1,TCGACTCTGCCCCTGCTAGT,0,4518529
yahL_predicted,0.5,1,1,TCGAACCCATCATCTCGCGG,0,4514438
yahL_predicted,0.5,1,1,TCCTGCTAGCTCCGGGTCCA,0,4528270
yahL_predicted,0.5,1,1,TCCTAGCCATGTAACACAGA,0,4517015
yahL_predicted,0.5,1,1,TCCTACTGTTCGGCTTGCTG,0,4534150
yahL_predicted,0.5,1,1,TCCTAAATGTTGACATCTGT,0,4513183
yahL_predicted,0.5,1,1,TCCGTAGCCGCATGAAGACC,0,4517161
yahL_predicted,0.5,1,1,TCCGGCCCGTGGTAACATCT,0,4539825
yahL_predicted,0.5,1,1,TCCGGAAGACTCACAAGTCA,0,4512126
yahL_predicted,0.5,1,1,TCCGCGCATGTTGGCCGAAA,0,4531694
yahL_predicted,0.5,1,1,TCCGCATTGTTTTTCGTATT,0,4539880
yahL_predicted,0.5,1,1,TCCCTGACATAGGATGGTTC,0,4518467
yahL_predicted,0.5,1,1,TCCCCATGGTAAGTCAGACA,0,4540290
yahL_predicted,0.5,1,1,TCCCCATAATTCTAAGGTTG,0,4517566
yahL_predicted,0.5,1,1,TCCATAGAATCTAGATCGCG,0,4523926
yahL_predicted,0.5,1,1,TCCACCGATATGGGGATGGA,0,4515841
yahL_predicted,0.5,1,1,TCCAAGGTTTTTGTTCGGTC,0,4533810
yahL_predicted,0.5,1,1,TCATTGGCGCGTATCGTAGT,0,4519400
yahL_predicted,0.5,1,1,TCATTCGTACGGAGACGGTT,0,4526692
yahL_predicted,0.5,1,1,TCATCGCCGGGGTGAAGCCC,0,4527771
yahL_predicted,0.5,1,1,TCATCACTACAGCAAGTCCC,0,4531738
yahL_predicted,0.5,1,1,TCATAGTTGTACCCGGGGAC,0,4539699
yahL_predicted,0.5,1,1,TCATAAATAGGTAACAAGAG,0,4535811
yahL_predicted,0.5,1,1,TCAGTTTTGTCGTATGATTG,0,4525891
yahL_predicted,0.5,1,1,TCAGGTAGATTCCTCCGTTC,0,4514042
yahL_predicted,0.5,1,1,TCAGGACCAGAGGAATCCGG,0,4521888
yahL_predicted,0.5,1,1,TCAGCTTGTTCACCAAATAC,0,4531652
yahL_predicted,0.5,1,1,TCAGCTCTGAAAAGTCTCTT,0,4518911
yahL_predicted,0.5,1,1,TCAGCTATATTTTGTATTCT,0,4515176
yahL_predicted,0.5,1,1,TCAGCCAGAATCATTGTGAT,0,4529780
yahL_predicted,0.5,1,1,TCAGATACTGATCTTACACA,0,4522316
yahL_predicted,0.5,1,1,TCACTGGTGAGAGGTATCTT,0,4520235
yahL_predicted,0.5,1,1,TCACTATTAGCCTCGCCGGC,0,4535173
yahL_predicted,0.5,1,1,TCACTAGACAGTAACGAACT,0,4522032
yahL_predicted,0.5,1,1,TCACTAACGCAAGGTTCACC,0,4521386
yahL_predicted,0.5,1,1,TCACGGTAGAGGGTCGCCCA,0,4540700
yahL_predicted,0.5,1,1,TCACCCACCTTCTGCCTTGC,0,4513262
yahL_predicted,0.5,1,1,TCACAGTTAGTTAATTGGAG,0,4512869
yahL_predicted,0.5,1,1,TCACACGATGCACTTGGTAG,0,4533459
yahL_predicted,0.5,1,1,TCAATGTATCAAGCACGGTT,0,4542859
yahL_predicted,0.5,1,1,TCAATGTATATGGCTACTAC,0,4537279
yahL_predicted,0.5,1,1,TCAATAGCAGGTTATATGAC,0,4537637
yahL_predicted,0.5,1,1,TCAAGAATGGTTCTGTACGG,0,4542919
yahL_predicted,0.5,1,1,TCAACTCGATAAACGTGATG,0,4533572
yahL_predicted,0.5,1,1,TCAACCTGCAATTATTCGTA,0,4518763
yahL_predicted,0.5,1,1,TCAAATGATTGGTTGCTGAA,0,4540381
yahL_predicted,0.5,1,1,TCAAACCTTATCGATCAAGG,0,4523311
yahL_predicted,0.5,1,1,TCAAACATGAGTTTCCGTTT,0,4516294
yahL_predicted,0.5,1,1,TATTTGAGTCCCTCCAAAGA,0,4531213
yahL_predicted,0.5,1,1,TATTTCCCACCGCGCCCAAC,0,4531630
yahL_predicted,0.5,1,1,TATTGCGTGTCCAAAATGTT,0,4526402
yahL_predicted,0.5,1,1,TATTGAAGTAGGTCCAAAGA,0,4535924
yahL_predicted,0.5,1,1,TATTCTCTCAACCCTCAGTA,0,4526233
yahL_predicted,0.5,1,1,TATTCTCATCTTTTCTCATG,0,4516991
yahL_predicted,0.5,1,1,TATTCGTCTCAAGCTTATGA,0,4524014
yahL_predicted,0.5,1,1,TATTCCTGCATCCTTGAACA,0,4523505
yahL_predicted,0.5,1,1,TATTCATAACGAAAATAGTT,0,4540244
yahL_predicted,0.5,1,1,TATTCAATAATCCATTGGAT,0,4535400
yahL_predicted,0.5,1,1,TATTAGTATTGCTGGCATGT,0,4539127
yahL_predicted,0.5,1,1,TATTAGTAAAAGATGCGTGT,0,4525370
yahL_predicted,0.5,1,1,TATGTGCATAGGTAGATGTT,0,4534756
yahL_predicted,0.5,1,1,TATGTGAGTAGAGTAACAAG,0,4522444
yahL_predicted,0.5,1,1,TATGGTACAGCGCAGGACCA,0,4522610
yahL_predicted,0.5,1,1,TATGGGAATAACGCTTCGTC,0,4517816
yahL_predicted,0.5,1,1,TATGGAGACAGACATAGTAC,0,4521603
yahL_predicted,0.5,1,1,TATGATTATTCATTAATATG,0,4531102
yahL_predicted,0.5,1,1,TATCTGTCTAGACACTGGTG,0,4530742
yahL_predicted,0.5,1,1,TATCTCGAGGTTTCGAGCAG,0,4523479
yahL_predicted,0.5,1,1,TATCGTGATGTCTGTTGGCT,0,4528583
yahL_predicted,0.5,1,1,TATCGGGGACGCGAGCCCAG,0,4541590
yahL_predicted,0.5,1,1,TATCCCAGTCTAAAGATGCT,0,4534795
yahL_predicted,0.5,1,1,TATCAACCGGGAAGGTTTTA,0,4541940
yahL_predicted,0.5,1,1,TATATTAAATCCTAAAAATA,0,4531489
yahL_predicted,0.5,1,1,TATAGGATAGAAAGGTGTGT,0,4525807
yahL_predicted,0.5,1,1,TATACTTGGAAGACTCTGTA,0,4530444
yahL_predicted,0.5,1,1,TATACGGGGAGTACCGTCAA,0,4539693
yahL_predicted,0.5,1,1,TATACGGCAGGATTTGCCCA,0,4523182
yahL_predicted,0.5,1,1,TATACCCCAGCACCGTTATG,0,4541350
yahL_predicted,0.5,1,1,TATACATTTTAAGTACCAGT,0,4521723
yahL_predicted,0.5,1,1,TATACATAAAGGTACAGGTT,0,4529932
yahL_predicted,0.5,1,1,TATAACCGCGACTTGTTGAG,0,4525377
yahL_predicted,0.5,1,1,TAGGTGTTTCTTCGTTCTGA,0,4536925
yahL_predicted,0.5,1,1,TAGGTGTCAGCAGGTAAGTT,0,4530683
yahL_predicted,0.5,1,1,TAGGTGGGTACACCTGCGGG,0,4529591
yahL_predicted,0.5,1,1,TAGGTGCAGGCTCCGACGAA,0,4515518
yahL_predicted,0.5,1,1,TAGGTGATCGGCGTGTATTA,0,4524743
yahL_predicted,0.5,1,1,TAGGTGACCAGGTCCGAGTG,0,4533111
yahL_predicted,0.5,1,1,TAGGGCACGATATGCCATTT,0,4521818
yahL_predicted,0.5,1,1,TAGGAGCGCTACATGTAGGT,0,4537498
yahL_predicted,0.5,1,1,TAGGAAGGGTGTACTTTAGC,0,4541036
yahL_predicted,0.5,1,1,TAGCTAGAGATATTCAGCTA,0,4538791
yahL_predicted,0.5,1,1,TAGCGTAACGGCGGCTTGGG,0,4528565
yahL_predicted,0.5,1,1,TAGCGGTGTTGACTTTCTTT,0,4538839
yahL_predicted,0.5,1,1,TAGCCTTCGGTGTGGACGGG,0,4518547
yahL_predicted,0.5,1,1,TAGCCGCTGGATGGGACTGC,0,4518830
yahL_predicted,0.5,1,1,TAGCCGCCTCAAGATTGAGA,0,4525924
yahL_predicted,0.5,1,1,TAGCCCAGAAGAAAGGTGTG,0,4513879
yahL_predicted,0.5,1,1,TAGCCAGTCGAACTAGAGGC,0,4526890
yahL_predicted,0.5,1,1,TAGAGTGATACCTCTTCTCT,0,4517431
yahL_predicted,0.5,1,1,TAGACTCGTTACGGATCCCA,0,4517138
yahL_predicted,0.5,1,1,TAGACATAAGACGCTAGTAC,0,4517765
yahL_predicted,0.5,1,1,TACTTCTCAGTAAGCTGCGA,0,4515861
yahL_predicted,0.5,1,1,TACTGAATACGGATTAATTA,0,4526363
yahL_predicted,0.5,1,1,TACTCTGGAACCAGGGACAT,0,4524493
yahL_predicted,0.5,1,1,TACTCAGGGTATTCTCATGG,0,4540493
yahL_predicted,0.5,1,1,TACGTGCAAGAGATAGCACC,0,4543302
yahL_predicted,0.5,1,1,TACGTCTTTCAGGTGTACAT,0,4525617
yahL_predicted,0.5,1,1,TACGTCTTAAAGAACTTGCC,0,4533521
yahL_predicted,0.5,1,1,TACGGTTAGACCCGAGGGGC,0,4514857
yahL_predicted,0.5,1,1,TACGCAAGTCAGCTCGTCTT,0,4521278
yahL_predicted,0.5,1,1,TACGACAGTCAGAGTGCCAA,0,4525530
yahL_predicted,0.5,1,1,TACCGCTCATTTATAGGAGC,0,4521919
yahL_predicted,0.5,1,1,TACCATAGCGGAAGAATCCC,0,4528073
yahL_predicted,0.5,1,1,TACCAGTGGGAAATGCGTCT,0,4522281
yahL_predicted,0.5,1,1,TACCAGCATGGAATGAGGAA,0,4534105
yahL_predicted,0.5,1,1,TACCACTTCCTATTTCGGTA,0,4530651
yahL_predicted,0.5,1,1,TACATTAATGTTACTGTAGA,0,4514989
yahL_predicted,0.5,1,1,TACATAGGCCAAGGCCACAC,0,4536065
yahL_predicted,0.5,1,1,TACAGTTCTTTTGTCAGCCC,0,4534143
yahL_predicted,0.5,1,1,TACACTCATTCCTCCCTCTA,0,4541837
yahL_predicted,0.5,1,1,TACACGACGATGTGTGGTTT,0,4520781
yahL_predicted,0.5,1,1,TACAAGCTCATCAATGATGC,0,4540348
yahL_predicted,0.5,1,1,TAATGTATTACGGCAAAGTA,0,4531361
yahL_predicted,0.5,1,1,TAATGCGTTTCAGAAGAGAA,0,4527196
yahL_predicted,0.5,1,1,TAATGATCGGAACCGCAGTC,0,4525610
yahL_predicted,0.5,1,1,TAATGACCATTCACGTCTTG,0,4531235
yahL_predicted,0.5,1,1,TAATCGCCTTTATAACTTTC,0,4535390
yahL_predicted,0.5,1,1,TAATACACTACAAGGGGACG,0,4527242
yahL_predicted,0.5,1,1,TAATAAGGTTTCAACTGCAG,0,4531036
yahL_predicted,0.5,1,1,TAAGTGTCCCGCAATCGCAG,0,4526430
yahL_predicted,0.5,1,1,TAAGGTCTACTCACCGGAAA,0,4519266
yahL_predicted,0.5,1,1,TAAGCCACTGTGTGAGGGAC,0,4541448
yahL_predicted,0.5,1,1,TAACTGGCTGGCGCTCACTA,0,4530352
yahL_predicted,0.5,1,1,TAACGTGAATCCTTACTGGA,0,4540847
yahL_predicted,0.5,1,1,TAACGGTATGAAGTGGCGGA,0,4512690
yahL_predicted,0.5,1,1,TAACGACCCAGACGTACGGA,0,4539216
yahL_predicted,0.5,1,1,TAAATTTTCCGCGTACTTTC,0,4534008
yahL_predicted,0.5,1,1,TAAATTTGCGCAACTGAGTA,0,4529701
yahL_predicted,0.5,1,1,TAAATTCCACCGCGTGCCGG,0,4527802
yahL_predicted,0.5,1,1,TAAAGACGTCCCCGACTCAT,0,4538812
yahL_predicted,0.5,1,1,TAAACCCATATTGTCATGAG,0,4525157
yahL_predicted,0.5,1,1,GTTTTTATGGTGCCGTCACT,0,4514287
yahL_predicted,0.5,1,1,GTTTTCCAGCGCGGGCCGAT,0,4529916
yahL_predicted,0.5,1,1,GTTTGAGCGTATGGGTCATT,0,4515320
yahL_predicted,0.5,1,1,GTTTGAAATCAACCAAGATA,0,4514682
yahL_predicted,0.5,1,1,GTTTCTTGTATTCCTGCGAA,0,4529974
yahL_predicted,0.5,1,1,GTTTCGTCCAGACTCCTCGG,0,4512873
yahL_predicted,0.5,1,1,GTTTCAGCGCGGGGGGGCTG,0,4525251
yahL_predicted,0.5,1,1,GTTTAGGTGTTGCGCGGATT,0,4534423
yahL_predicted,0.5,1,1,GTTTAGAGACCGTGTTTTCA,0,4512276
yahL_predicted,0.5,1,1,GTTGTACTTTGTAATGGGCA,0,4517399
yahL_predicted,0.5,1,1,GTTGGTTGTACCTAGATGTA,0,4515843
yahL_predicted,0.5,1,1,GTTGGTGAAAATAGCACACT,0,4528781
yahL_predicted,0.5,1,1,GTTGGTCAAGTGAATAACCT,0,4542870
yahL_predicted,0.5,1,1,GTTGATTAGTTGTTAATCTG,0,4538729
yahL_predicted,0.5,1,1,GTTGAGCTTGGCTTAAGGTG,0,4527341
yahL_predicted,0.5,1,1,GTTGACGAAGGATAGGGCGA,0,4517191
yahL_predicted,0.5,1,1,GTTGAATATCTTCATATCTT,0,4534607
yahL_predicted,0.5,1,1,GTTCGTTTTGGCACCGGTGC,0,4527165
yahL_predicted,0.5,1,1,GTTCGAGTCCTTGTTCTTCC,0,4517461
yahL_predicted,0.5,1,1,GTTCCTGAAAAGTACGATCT,0,4530824
yahL_predicted,0.5,1,1,GTTCATGCTTGGCCGGACTG,0,4541456
yahL_predicted,0.5,1,1,GTTCAGGTTAGCGCGGCATT,0,4535625
yahL_predicted,0.5,1,1,GTTCAAGGTTAGCTCAGTGG,0,4538941
yahL_predicted,0.5,1,1,GTTCAAAGAAGCGTCGATCG,0,4520336
yahL_predicted,0.5,1,1,GTTATGCAGGGCTGGAATTG,0,4533611
yahL_predicted,0.5,1,1,GTTAGGGGAATACAATGGAT,0,4527685
yahL_predicted,0.5,1,1,GTTAGGGATCAACTGGTCGC,0,4513091
yahL_predicted,0.5,1,1,GTTACCCAGCCAATCGGCGG,0,4541269
yahL_predicted,0.5,1,1,GTTACCCAAGACAGTTATCA,0,4523018
yahL_predicted,0.5,1,1,GTTACAACTCGGTACTCCTA,0,4517894
yahL_predicted,0.5,1,1,GTTAAATTAGGGGTCGTTGA,0,4525763
yahL_predicted,0.5,1,1,GTGTTGCCGAAAAGTCTCGT,0,4530238
yahL_predicted,0.5,1,1,GTGTGGCGCGCTTTGAGAAC,0,4536248
yahL_predicted,0.5,1,1,GTGTGAGGAAGACGTCCCCT,0,4529918
yahL_predicted,0.5,1,1,GTGTCTTGGGTGTACTACAA,0,4523259
yahL_predicted,0.5,1,1,GTGTCGGCTAGCTATTCCTC,0,4519934
yahL_predicted,0.5,1,1,GTGTCATAGACTTAGAATTG,0,4540129
yahL_predicted,0.5,1,1,GTGTATTCTACTCTACCAGT,0,4534347
yahL_predicted,0.5,1,1,GTGGTGTTTCACTCGAGAAC,0,4512619
yahL_predicted,0.5,1,1,GTGGTGTACGAGTTGTTTCA,0,4539848
yahL_predicted,0.5,1,1,GTGGGTTTGACATAAGCGGA,0,4512480
yahL_predicted,0.5,1,1,GTGGGGCAAAAGGCAGTTGA,0,4543527
yahL_predicted,0.5,1,1,GTGGGATCCCAACCAGGAAG,0,4539475
yahL_predicted,0.5,1,1,GTGGCATGGTTGGTCGTTAG,0,4538433
yahL_predicted,0.5,1,1,GTGCTTGTCCTGATGATGTA,0,4529688
yahL_predicted,0.5,1,1,GTGCCGTTCTGTGAAATAAG,0,4518697
yahL_predicted,0.5,1,1,GTGCAGTCATATCAGGCAAA,0,4533260
yahL_predicted,0.5,1,1,GTGCACGGATTTGCAAGCTT,0,4526180
yahL_predicted,0.5,1,1,GTGAGTAGTAAGCCGAGCGT,0,4522216
yahL_predicted,0.5,1,1,GTGAGCATGCGAGCAAATTC,0,4532465
yahL_predicted,0.5,1,1,GTGAATTCCAACTTTGATGC,0,4537380
yahL_predicted,0.5,1,1,GTGAAGATCTGAACGATCCG,0,4525591
yahL_predicted,0.5,1,1,GTGAAAACGCGGAGCTATAA,0,4533089
yahL_predicted,0.5,1,1,GTCTTGTAGCCAATTACTAA,0,4525952
yahL_predicted,0.5,1,1,GTCTCTCAAGATAAAAAATG,0,4534887
yahL_predicted,0.5,1,1,GTCTCGCAACCTGCGAATGT,0,4537108
yahL_predicted,0.5,1,1,GTCTCCTCTTTATACATGAA,0,4516057
yahL_predicted,0.5,1,1,GTCTATATGGCCCAGTCCAC,0,4532000
yahL_predicted,0.5,1,1,GTCTACGTGTGGGGGGACAT,0,4522992
yahL_predicted,0.5,1,1,GTCGTCCACAAATGGACGCC,0,4526506
yahL_predicted,0.5,1,1,GTCGGTATTGCCGGTTAACC,0,4517464
yahL_predicted,0.5,1,1,GTCGGGTTATTGACTTATGA,0,4542149
yahL_predicted,0.5,1,1,GTCGCTCCGCTTAAATTTTT,0,4530561
yahL_predicted,0.5,1,1,GTCGCGCTTCTTAGACTTCT,0,4524456
yahL_predicted,0.5,1,1,GTCGAATGGCTATGGCTTCC,0,4538809
yahL_predicted,0.5,1,1,GTCCGGAACTCGGTCACGCC,0,4521829
yahL_predicted,0.5,1,1,GTCCATTATGTCACCATTAA,0,4530771
yahL_predicted,0.5,1,1,GTCCAGTCACCGCCTTTTGT,0,4534183
yahL_predicted,0.5,1,1,GTCCAGGAGGCGACTATAAT,0,4534063
yahL_predicted,0.5,1,1,GTCATCTCAATCGCATCCAA,0,4521551
yahL_predicted,0.5,1,1,GTCAAACCATGGGGCTCTGT,0,4512601
yahL_predicted,0.5,1,1,GTATTTCGTATGGGAATCGG,0,4542087
yahL_predicted,0.5,1,1,GTATTGCGCACATTCGACAC,0,4544113
yahL_predicted,0.5,1,1,GTATTGCCGCAGCTCCCGTT,0,4524214
yahL_predicted,0.5,1,1,GTATTCCTAATAATCCATCA,0,4530333
yahL_predicted,0.5,1,1,GTATATCGGCGCCGGTTTAA,0,4521487
yahL_predicted,0.5,1,1,GTATAAACCATGAGCGTTAA,0,4520155
yahL_predicted,0.5,1,1,GTAGTTCTTCGTGCGAAAGT,0,4523519
yahL_predicted,0.5,1,1,GTAGGAACTCTTTGAAGCCA,0,4539895
yahL_predicted,0.5,1,1,GTAGCGTCACGCAGAAGAGT,0,4532652
yahL_predicted,0.5,1,1,GTAGAGTACTCATAAACTAT,0,4539770
yahL_predicted,0.5,1,1,GTAGAGGTAGGGGTTATAAC,0,4537762
yahL_predicted,0.5,1,1,GTAGAGGGCGGGTGAGGCCT,0,4514172
yahL_predicted,0.5,1,1,GTAGACGTCAGACAAAGCGT,0,4533031
yahL_predicted,0.5,1,1,GTAGAATTCCCCGGGATTAT,0,4529692
yahL_predicted,0.5,1,1,GTACTGGCATGTCCACAGGA,0,4532352
yahL_predicted,0.5,1,1,GTACGGTTGTGTGTAACCCC,0,4516150
yahL_predicted,0.5,1,1,GTACATCAGCGTACACGACC,0,4533368
yahL_predicted,0.5,1,1,GTACACCATTAGGGCACCAT,0,4516555
yahL_predicted,0.5,1,1,GTAATGACCTTTAAGAAGAT,0,4513275
yahL_predicted,0.5,1,1,GTAAAACGAGTCCAATGACT,0,4534573
yahL_predicted,0.5,1,1,GGTTTGAACTCATCCTCGTG,0,4518335
yahL_predicted,0.5,1,1,GGTTTCATATTGTCACGGAG,0,4514870
yahL_predicted,0.5,1,1,GGTTTCAATCGAATAGTTTG,0,4532705
yahL_predicted,0.5,1,1,GGTTGGTGTGCTCGGGGACT,0,4525768
yahL_predicted,0.5,1,1,GGTTGGTGGGTCGCGATGAG,0,4541849
yahL_predicted,0.5,1,1,GGTTGCAGCCCCAATGCGCT,0,4539844
yahL_predicted,0.5,1,1,GGTTCCGCTAGGTAGAACTA,0,4516791
yahL_predicted,0.5,1,1,GGTTCAGATCATTCCGCAGA,0,4527388
yahL_predicted,0.5,1,1,GGTTAGTGAAGAATACAAGC,0,4513005
yahL_predicted,0.5,1,1,GGTGTCTGGAGGCCTATAAA,0,4543719
yahL_predicted,0.5,1,1,GGTGGAGCAACAGACATGGT,0,4541092
yahL_predicted,0.5,1,1,GGTGCTTAGGGCAAAGAAGA,0,4542273
yahL_predicted,0.5,1,1,GGTCGTGATCGTCCCATTCA,0,4531003
yahL_predicted,0.5,1,1,GGTCGGCCTTATGACCCAAG,0,4524436
yahL_predicted,0.5,1,1,GGTCCATCGCCTCTGCGCCA,0,4530251
yahL_predicted,0.5,1,1,GGTCATGATCGGAAGGCATC,0,4533213
yahL_predicted,0.5,1,1,GGTCAGCATTCTCGGACCCC,0,4515131
yahL_predicted,0.5,1,1,GGTATTACGTTCTAGTGTTG,0,4536873
yahL_predicted,0.5,1,1,GGTATCTTTCTAGCTGAGCG,0,4512519
yahL_predicted,0.5,1,1,GGTATAGCCACTCCCGAACC,0,4514795
yahL_predicted,0.5,1,1,GGTAGGAGCGTAGGCGACCT,0,4530897
yahL_predicted,0.5,1,1,GGTACGCTTACGGAGTCAGT,0,4521601
yahL_predicted,0.5,1,1,GGTACCCTAGACTGCAACAT,0,4528221
yahL_predicted,0.5,1,1,GGTACAGACACAAAACGGTT,0,4527766
yahL_predicted,0.5,1,1,GGTAACACCTCGTTGACGAT,0,4518758
yahL_predicted,0.5,1,1,GGTAAACGTTCGTTATGCTT,0,4533163
yahL_predicted,0.5,1,1,GGTAAACGCAGTACGACACT,0,4513323
yahL_predicted,0.5,1,1,GGGTTTGTAGTAACTTGTCA,0,4526384
yahL_predicted,0.5,1,1,GGGTTAATATAACCTAAAGG,0,4525028
yahL_predicted,0.5,1,1,GGGTGGTTTAAATCAGACCC,0,4518915
yahL_predicted,0.5,1,1,GGGTGATCTAGATCTCGCTC,0,4525322
yahL_predicted,0.5,1,1,GGGTGAAAAAGTTCAGTCCC,0,4527716
yahL_predicted,0.5,1,1,GGGTCTCTTGAAAAGTACAA,0,4524529
yahL_predicted,0.5,1,1,GGGTATAGGGTTGGGCCTTT,0,4543766
yahL_predicted,0.5,1,1,GGGTAGCATTGCGTGCAAAT,0,4515838
yahL_predicted,0.5,1,1,GGGTAATAGGTTCGAGCCAC,0,4513217
yahL_predicted,0.5,1,1,GGGGTGCATAAGTGAAGCCT,0,4532016
yahL_predicted,0.5,1,1,GGGGGTACCGCTTCAGATCA,0,4539717
yahL_predicted,0.5,1,1,GGGGCTTCCCCACCGTTACT,0,4516712
yahL_predicted,0.5,1,1,GGGCTGCTCGCCACTTAATC,0,4520255
yahL_predicted,0.5,1,1,GGGCTAGTCTCGCCTACGTT,0,4529165
yahL_predicted,0.5,1,1,GGGCTACATCTCAAGAGTGA,0,4519105
yahL_predicted,0.5,1,1,GGGCGTTAACTCATAGTCTG,0,4514658
yahL_predicted,0.5,1,1,GGGCGCCAGAATGTATGCCC,0,4538544
yahL_predicted,0.5,1,1,GGGCACGAATTGCTTCGGTG,0,4527535
yahL_predicted,0.5,1,1,GGGATGTCCTCAGGAGACCT,0,4535328
yahL_predicted,0.5,1,1,GGGATGAATCAAGGATGTTC,0,4541207
yahL_predicted,0.5,1,1,GGGACTGGGGGAACTTTGCC,0,4525044
yahL_predicted,0.5,1,1,GGGACAGACCGGACAAATGA,0,4517290
yahL_predicted,0.5,1,1,GGGAATGTGTGTCTGGAATA,0,4534518
yahL_predicted,0.5,1,1,GGCTTGTAACCGTTCGTCAC,0,4534144
yahL_predicted,0.5,1,1,GGCTTGATAGGTACACGCAA,0,4520993
yahL_predicted,0.5,1,1,GGCTGGTCTTAATGGTCAAG,0,4538772
yahL_predicted,0.5,1,1,GGCTCCTTTGGATAAGGAAT,0,4527736
yahL_predicted,0.5,1,1,GGCTCATCGTCAGCCGAGTC,0,4524744
yahL_predicted,0.5,1,1,GGCTCACCGGCAATCTATTT,0,4542217
yahL_predicted,0.5,1,1,GGCTATCGAAGCATTCAGGC,0,4543211
yahL_predicted,0.5,1,1,GGCGTGGCCAGGCACGTTCA,0,4530399
yahL_predicted,0.5,1,1,GGCGTGCCATCGCTTCTGTA,0,4519701
yahL_predicted,0.5,1,1,GGCGGTTAGTAAACGACCCA,0,4536710
yahL_predicted,0.5,1,1,GGCGGCTCGTTTGCACCTTA,0,4540536
yahL_predicted,0.5,1,1,GGCGCGGAGGTAAGTTACAA,0,4520077
yahL_predicted,0.5,1,1,GGCCTAATCTGCCTCTAAAG,0,4524835
yahL_predicted,0.5,1,1,GGCCAATCGGGGTTGAGATA,0,4534855
yahL_predicted,0.5,1,1,GGCATGCCGACGAATTTTGG,0,4513569
yahL_predicted,0.5,1,1,GGCATCTGGTCGATCCATAT,0,4523049
yahL_predicted,0.5,1,1,GGCATCAAGCTATGGGCCAC,0,4541108
yahL_predicted,0.5,1,1,GGCAACGGTTCGGAGGCGGA,0,4512289
yahL_predicted,0.5,1,1,GGATTTGCGGACTGGTCAGG,0,4535693
yahL_predicted,0.5,1,1,GGATGGAATTGGCTTGGGAT,0,4528203
yahL_predicted,0.5,1,1,GGATGATCGCTAGGTATCAC,0,4540459
yahL_predicted,0.5,1,1,GGATGATAGAGCATACCGGT,0,4515922
yahL_predicted,0.5,1,1,GGATCTTGTTATTCTGACGC,0,4526882
yahL_predicted,0.5,1,1,GGATCTCAGGGAGTCCGTCC,0,4512518
yahL_predicted,0.5,1,1,GGATCAGCCACGGGAGCCCT,0,4522025
yahL_predicted,0.5,1,1,GGATAAGAGGCCGGAAGAAT,0,4526587
yahL_predicted,0.5,1,1,GGAGGTGTAGTACACACTGA,0,4542424
yahL_predicted,0.5,1,1,GGAGCTATGCGATCGGATCA,0,4524977
yahL_predicted,0.5,1,1,GGACTTGTAGGATGAGGGAC,0,4530703
yahL_predicted,0.5,1,1,GGACTTGGCCGGTTGATACC,0,4522276
yahL_predicted,0.5,1,1,GGACTCGACGATGTTTCGGT,0,4515778
yahL_predicted,0.5,1,1,GGACTACTAGATATCCCCTT,0,4533099
yahL_predicted,0.5,1,1,GGACGGGATGTTGTGCATAG,0,4523637
yahL_predicted,0.5,1,1,GGACGACTGGAACATGTGGC,0,4534094
yahL_predicted,0.5,1,1,GGACGAATTACCTAGCAATG,0,4532677
yahL_predicted,0.5,1,1,GGACCAGCGGCGAAAGCTCG,0,4536104
yahL_predicted,0.5,1,1,GGAATTATTTACCGCATCGG,0,4530326
yahL_predicted,0.5,1,1,GGAATGTTGCATGTACCTCC,0,4536874
yahL_predicted,0.5,1,1,GGAATCGGATGCATTCGCGT,0,4536179
yahL_predicted,0.5,1,1,GGAACCCGACTACAAACTGA,0,4542692
yahL_predicted,0.5,1,1,GGAAAACCAGTATCTTGGCG,0,4534204
yahL_predicted,0.5,1,1,GCTTCGGGACGTCGTCGGCA,0,4526739
yahL_predicted,0.5,1,1,GCTTATTTAAATCTTCTCGT,0,4540372
yahL_predicted,0.5,1,1,GCTGTAACGACCGATTGGTA,0,4523432
yahL_predicted,0.5,1,1,GCTGGCCAGAGTGATCTTTT,0,4542935
yahL_predicted,0.5,1,1,GCTGGATCTGTCCGATACCT,0,4516692
yahL_predicted,0.5,1,1,GCTGCAGTCTGCGCGAAGAT,0,4514763
yahL_predicted,0.5,1,1,GCTGATAACTATCACGCAGA,0,4523598
yahL_predicted,0.5,1,1,GCTGAGGACAGGCCGATGCA,0,4537584
yahL_predicted,0.5,1,1,GCTCTCAGACGGGACAGCGA,0,4524019
yahL_predicted,0.5,1,1,GCTCGTGGTCTAGGTGATTT,0,4535612
yahL_predicted,0.5,1,1,GCTCGGATAATTGCGTAAAA,0,4517330
yahL_predicted,0.5,1,1,GCTCGGAGAGAATCTTGCCC,0,4529929
yahL_predicted,0.5,1,1,GCTCCTTGAAATCTAACATA,0,4523806
yahL_predicted,0.5,1,1,GCTCCCCCCAATTGCTATAT,0,4512211
yahL_predicted,0.5,1,1,GCTCATGACCCTCCGACGTG,0,4531380
yahL_predicted,0.5,1,1,GCTCAAGACAAAGACGTCCT,0,4527770
yahL_predicted,0.5,1,1,GCTATCCGTCAAGTTATTTG,0,4522172
yahL_predicted,0.5,1,1,GCTACTTCGGAGCAAACGTG,0,4543769
yahL_predicted,0.5,1,1,GCGTTTGACCTTGTAAGGCC,0,4528818
yahL_predicted,0.5,1,1,GCGTCAATGCTAGTGAATGC,0,4521111
yahL_predicted,0.5,1,1,GCGTCAAAAGGTGGTAACGT,0,4535592
yahL_predicted,0.5,1,1,GCGGTTGAACCCGGCGGACA,0,4527270
yahL_predicted,0.5,1,1,GCGGGTACGACGGTGAGTGG,0,4534154
yahL_predicted,0.5,1,1,GCGGCGCAACGCCCGGGCCA,0,4539091
yahL_predicted,0.5,1,1,GCGCTGTGGAGCTCAGCTAG,0,4518140
yahL_predicted,0.5,1,1,GCGCGGTAGGATCGAATCTG,0,4528845
yahL_predicted,0.5,1,1,GCGCGGCGCATTGGGGAGCT,0,4537939
yahL_predicted,0.5,1,1,GCGCCCGAGTGGCCGCGTGA,0,4530324
yahL_predicted,0.5,1,1,GCGCCAATTTTCATCTTCTC,0,4531721
yahL_predicted,0.5,1,1,GCGCAGTATTCGGTATACGT,0,4540386
yahL_predicted,0.5,1,1,GCGCACGTTCTTGACGGCTT,0,4539449
yahL_predicted,0.5,1,1,GCGCACGTGCGTCGTATACT,0,4537257
yahL_predicted,0.5,1,1,GCGATCTTGAGACCGGTTGT,0,4518346
yahL_predicted,0.5,1,1,GCGACGCTCGGAACGCGTGC,0,4532888
yahL_predicted,0.5,1,1,GCGACCTTTTGACATGCACC,0,4519748
yahL_predicted,0.5,1,1,GCGAATGGACACTCCAAGGA,0,4533238
yahL_predicted,0.5,1,1,GCGAAAGCTGATTCTGTCTT,0,4541161
yahL_predicted,0.5,1,1,GCCTTTTTCAATGAGAACAC,0,4519517
yahL_predicted,0.5,1,1,GCCTAGACCCTTTGCGCAAG,0,4536507
yahL_predicted,0.5,1,1,GCCTAACGGCGTTAACAGGA,0,4535414
yahL_predicted,0.5,1,1,GCCGTTCTGGCTATCCGATA,0,4515032
yahL_predicted,0.5,1,1,GCCGTTAAGCATCAAGTAAA,0,4520029
yahL_predicted,0.5,1,1,GCCGGGGGGGGACATTCGTT,0,4526650
yahL_predicted,0.5,1,1,GCCGGGAGATTCGCTAAGTG,0,4534416
yahL_predicted,0.5,1,1,GCCGCCTGCCTTGGAGCAGT,0,4534307
yahL_predicted,0.5,1,1,GCCGAAAGTTACGTACATTC,0,4525689
yahL_predicted,0.5,1,1,GCCCTACGGCTGCTTCGATC,0,4514307
yahL_predicted,0.5,1,1,GCCCGCTAAACCTCAGGCTA,0,4515813
yahL_predicted,0.5,1,1,GCCCGACTCATCCTGCCTCA,0,4543872
yahL_predicted,0.5,1,1,GCCCCTTTAAGTATTTGCGT,0,4523181
yahL_predicted,0.5,1,1,GCCCCGGAGAATTCAAGTTA,0,4522953
yahL_predicted,0.5,1,1,GCCCCCATTTGTCTATTTCA,0,4521379
yahL_predicted,0.5,1,1,GCCCCCAGCGTTATCGGGAG,0,4530474
yahL_predicted,0.5,1,1,GCCCAGCTGATGGATTATAC,0,4513033
yahL_predicted,0.5,1,1,GCCCACTGGACGCTAGTTCT,0,4526498
yahL_predicted,0.5,1,1,GCCATTTTAGAGGGTTACGG,0,4517600
yahL_predicted,0.5,1,1,GCCATGGGCCGTATCAGGGC,0,4535584
yahL_predicted,0.5,1,1,GCCATCGTATGTAACTTTAC,0,4531960
yahL_predicted,0.5,1,1,GCCAGACGACTACTCTCTGC,0,4539153
yahL_predicted,0.5,1,1,GCCACTGCATACTCCGGCTC,0,4542202
yahL_predicted,0.5,1,1,GCCACCAAAGGCCACTCCAG,0,4536948
yahL_predicted,0.5,1,1,GCCACAGAAACGCGAATCGC,0,4542994
yahL_predicted,0.5,1,1,GCCAATCCGGCTAATACCAT,0,4524183
yahL_predicted,0.5,1,1,GCATGGCTTGCTCGTTCAGT,0,4544057
yahL_predicted,0.5,1,1,GCATCTGGCGCCATCGCATG,0,4544314
yahL_predicted,0.5,1,1,GCATCCCGCGTGGTGGGGAG,0,4529920
yahL_predicted,0.5,1,1,GCATCCCAAATAGCTCACCA,0,4528351
yahL_predicted,0.5,1,1,GCAGTCTCAGGTCTATCGAT,0,4532990
yahL_predicted,0.5,1,1,GCAGTCCTGTTCTATGGTGT,0,4544148
yahL_predicted,0.5,1,1,GCAGCTAAGACCTTTTTGTC,0,4524645
yahL_predicted,0.5,1,1,GCACGTGTCGCACTAAGGGT,0,4527543
yahL_predicted,0.5,1,1,GCACCGTTAACGTTCCTTAT,0,4513431
yahL_predicted,0.5,1,1,GCACCGCATTTGATTGTCTG,0,4524720
yahL_predicted,0.5,1,1,GCACCCGGATTCACAAGAAA,0,4529466
yahL_predicted,0.5,1,1,GCACAGACGTATGTTGACGT,0,4517957
yahL_predicted,0.5,1,1,GCAATTAGCTCATTATTGCA,0,4522856
yahL_predicted,0.5,1,1,GCAATCTAGGAGACCGAACC,0,4512505
yahL_predicted,0.5,1,1,GCAAGGATTGTCTGAGTGCA,0,4539679
yahL_predicted,0.5,1,1,GCAAGCGACAAGGGATGAAA,0,4516367
yahL_predicted,0.5,1,1,GCAAGCCTAATCTTTAGAAG,0,4513521
yahL_predicted,0.5,1,1,GCAAGCCGTACGACCCCGCT,0,4543229
yahL_predicted,0.5,1,1,GATTTGGTCTGCTCACGATA,0,4532327
yahL_predicted,0.5,1,1,GATTCCACAATCGCGTTTCG,0,4537429
yahL_predicted,0.5,1,1,GATTAGAAACTAGCATTTCG,0,4537237
yahL_predicted,0.5,1,1,GATTACCCACGACTCTGTGT,0,4517573
yahL_predicted,0.5,1,1,GATGTGACCGATCGCTGCAG,0,4527801
yahL_predicted,0.5,1,1,GATGTCCCCCGGAGAACAAC,0,4534586
yahL_predicted,0.5,1,1,GATGGATCCTACGGATGACA,0,4542733
yahL_predicted,0.5,1,1,GATGACGAATAACGGCCGCA,0,4534864
yahL_predicted,0.5,1,1,GATCTCCAGGATACCGCGGA,0,4541959
yahL_predicted,0.5,1,1,GATCGGGGCCGAAACGGATG,0,4516114
yahL_predicted,0.5,1,1,GATCCATGGGGGTAATGCTC,0,4528934
yahL_predicted,0.5,1,1,GATCAATAGGTCGAGGGCGA,0,4521224
yahL_predicted,0.5,1,1,GATCAACTCGTTCGACGAGC,0,4522831
yahL_predicted,0.5,1,1,GATAGTACAGTGATAATCAC,0,4522401
yahL_predicted,0.5,1,1,GATAGGCACTCTTGTACCCC,0,4516207
yahL_predicted,0.5,1,1,GATAGAGACCGCGGCAGAAA,0,4518702
yahL_predicted,0.5,1,1,GATAATAGACTTAGAACTCG,0,4513922
yahL_predicted,0.5,1,1,GATAAGGGACAGCGATGGGC,0,4523827
yahL_predicted,0.5,1,1,GATAAGATCACAGAACTATA,0,4534618
yahL_predicted,0.5,1,1,GAGTTCGAGTCCCTTACCGC,0,4524130
yahL_predicted,0.5,1,1,GAGTAAGATCTTCAAGGTTC,0,4537178
yahL_predicted,0.5,1,1,GAGTAAATCGGCACTTGCTT,0,4533299
yahL_predicted,0.5,1,1,GAGTAAACGCCTGTCCAATC,0,4537470
yahL_predicted,0.5,1,1,GAGGTTGGGTCTGGTTGACC,0,4521735
yahL_predicted,0.5,1,1,GAGGGGAACCAAACTTGTGC,0,4514379
yahL_predicted,0.5,1,1,GAGGGCGTGCCCACCGTTGC,0,4542580
yahL_predicted,0.5,1,1,GAGGGCCTCACCCTCGCGTG,0,4525573
yahL_predicted,0.5,1,1,GAGGCGCTGTGTGTGCCACT,0,4515265
yahL_predicted,0.5,1,1,GAGGAGAGCTTAAAGTCCCG,0,4533645
yahL_predicted,0.5,1,1,GAGCTAGGTAATGAGTAGCT,0,4525648
yahL_predicted,0.5,1,1,GAGCTACTGGGGTCCTGGCG,0,4542528
yahL_predicted,0.5,1,1,GAGCGTCCCCGCAGTTCGCA,0,4537689
yahL_predicted,0.5,1,1,GAGCGATTAGCAGTAACCTT,0,4522762
yahL_predicted,0.5,1,1,GAGCGACGTGGCTCCTCTAC,0,4538017
yahL_predicted,0.5,1,1,GAGCCTACTGGCTGGACATA,0,4536246
yahL_predicted,0.5,1,1,GAGCCGTTGGGGGATAGCTA,0,4514439
yahL_predicted,0.5,1,1,GAGCAGTGTGCCACTTGAGG,0,4513529
yahL_predicted,0.5,1,1,GAGAGTCTGTCAATGCTTGC,0,4530296
yahL_predicted,0.5,1,1,GAGAAATCGCGGTTGGAAGG,0,4533662
yahL_predicted,0.5,1,1,GACTTCTTCATCCCACTCGC,0,4543648
yahL_predicted,0.5,1,1,GACTTAGCCAGCCAGGTACA,0,4535737
yahL_predicted,0.5,1,1,GACGTTGAGTCGAATAGTGC,0,4537826
yahL_predicted,0.5,1,1,GACGTAGGGCTCGCTATAAA,0,4516952
yahL_predicted,0.5,1,1,GACGTACCCTAATGAGTCCC,0,4516003
yahL_predicted,0.5,1,1,GACGGAACCTAGCCACGGCG,0,4518848
yahL_predicted,0.5,1,1,GACGCCTTGAACACGGGTGT,0,4542345
yahL_predicted,0.5,1,1,GACGATTTCGACCTCACCAC,0,4523693
yahL_predicted,0.5,1,1,GACCTCCAATTCGCCTATAC,0,4541037
yahL_predicted,0.5,1,1,GACCTCCAAGGGATGGGCAT,0,4530328
yahL_predicted,0.5,1,1,GACCGATCAGTAGCTAAGCC,0,4537288
yahL_predicted,0.5,1,1,GACCCATGTACAAGATATTC,0,4531128
yahL_predicted,0.5,1,1,GACCACAGGTATATCGATAC,0,4519408
yahL_predicted,0.5,1,1,GACCACAGGACGTCGGGCAG,0,4535221
yahL_predicted,0.5,1,1,GACATCGCAACATGGCGAGT,0,4515630
yahL_predicted,0.5,1,1,GACAGCTGCGCAGCCCTCAA,0,4524755
yahL_predicted,0.5,1,1,GACAGATCAAAAAGGGCGTT,0,4542176
yahL_predicted,0.5,1,1,GACAGAATCAAAGTAGTAAT,0,4536660
yahL_predicted,0.5,1,1,GACACTCTATAGCCGGGCAA,0,4538277
yahL_predicted,0.5,1,1,GACACAGCAGCAATATTCAT,0,4529073
yahL_predicted,0.5,1,1,GACACAACTGCCCGCAGCAC,0,4512968
yahL_predicted,0.5,1,1,GACAAGAGGTCACCAACGTA,0,4534351
yahL_predicted,0.5,1,1,GAATTTGACTATTACTGTTT,0,4519474
yahL_predicted,0.5,1,1,GAATTAAACGTCTACAGTAC,0,4538242
yahL_predicted,0.5,1,1,GAAGTTGTCGGGCATGTCCA,0,4514241
yahL_predicted,0.5,1,1,GAAGTCATCGTGACCCGCGA,0,4536436
yahL_predicted,0.5,1,1,GAAGGCGAAGATCGCGTCAG,0,4522487
yahL_predicted,0.5,1,1,GAAGGAGGTCACAACGGCCC,0,4519726
yahL_predicted,0.5,1,1,GAACGGCGTCGGACGTCGGG,0,4514986
yahL_predicted,0.5,1,1,GAACGAATTGTGGTGCATCA,0,4527792
yahL_predicted,0.5,1,1,GAACCGTCGTGTTCCAAGCT,0,4517939
yahL_predicted,0.5,1,1,GAAATTAAGGCATTTGTATA,0,4529161
yahL_predicted,0.5,1,1,GAAATCCTACAACAAGGGTA,0,4536842
yahL_predicted,0.5,1,1,GAAAGTCTCTACATGATGGA,0,4531281
yahL_predicted,0.5,1,1,GAAAGCAATATTTCCTAAGC,0,4541554
yahL_predicted,0.5,1,1,GAAAAAGGACCGTATGTAAG,0,4529808
yahL_predicted,0.5,1,1,CTTTTGCCTATCGAGGGGTA,0,4514315
yahL_predicted,0.5,1,1,CTTTATATACTTTAGAGGTG,0,4540266
yahL_predicted,0.5,1,1,CTTTAGCACACCATGTATTG,0,4516808
yahL_predicted,0.5,1,1,CTTTAGAGTCTAATCAGACC,0,4522301
yahL_predicted,0.5,1,1,CTTGTCTAGTATCAGAGATA,0,4539385
yahL_predicted,0.5,1,1,CTTGGGTTGTGGTAGGACCA,0,4519436
yahL_predicted,0.5,1,1,CTTGGGTCGTCGCGTCATTA,0,4515633
yahL_predicted,0.5,1,1,CTTGCTAGCTATCCCATTAA,0,4517897
yahL_predicted,0.5,1,1,CTTGATTGATTCCCAGAGCT,0,4537372
yahL_predicted,0.5,1,1,CTTCTTTCCACATTTGATCT,0,4538774
yahL_predicted,0.5,1,1,CTTCTACAACTTTCGGGCAC,0,4523178
yahL_predicted,0.5,1,1,CTTCGGGTGACCATCGATTT,0,4541972
yahL_predicted,0.5,1,1,CTTCCGTGGGTGCAGAGTGG,0,4538229
yahL_predicted,0.5,1,1,CTTCCCATGCTATATGCGCT,0,4541245
yahL_predicted,0.5,1,1,CTTCAACCGATGAGGTGACT,0,4513526
yahL_predicted,0.5,1,1,CTTATGCGGGTTATGAGACC,0,4514003
yahL_predicted,0.5,1,1,CTTAGCCCGATTAAACGGAC,0,4530284
yahL_predicted,0.5,1,1,CTTACATTGTCGCCCAGACA,0,4528863
yahL_predicted,0.5,1,1,CTTAATGAATTTATTTACGG,0,4524289
yahL_predicted,0.5,1,1,CTTAAAACCTGCATCTTAAT,0,4529557
yahL_predicted,0.5,1,1,CTGTTGGATCTAGTCATGAG,0,4526670
yahL_predicted,0.5,1,1,CTGTTCGGGTTAGTTATCCT,0,4543992
yahL_predicted,0.5,1,1,CTGTCCGTCCCCTGTCCAAA,0,4518510
yahL_predicted,0.5,1,1,CTGTCATAGGCTGATCAGGA,0,4530018
yahL_predicted,0.5,1,1,CTGTCAAGCAGGCGGAATTC,0,4539923
yahL_predicted,0.5,1,1,CTGGTTAGATCATGTGACAA,0,4519358
yahL_predicted,0.5,1,1,CTGGTCTATGAAGTCGTCAA,0,4526715
yahL_predicted,0.5,1,1,CTGGATACCAGAACTGATGG,0,4525082
yahL_predicted,0.5,1,1,CTGCTTGGCGGGCAAGGCAA,0,4535947
yahL_predicted,0.5,1,1,CTGCTACGACTCCACAGGCA,0,4513640
yahL_predicted,0.5,1,1,CTGCTACCTTTGTAGCTTGA,0,4541540
yahL_predicted,0.5,1,1,CTGCGACTAGGATAATGGTA,0,4522769
yahL_predicted,0.5,1,1,CTGCCGTAGCTAATAGTAAA,0,4520878
yahL_predicted,0.5,1,1,CTGATTGTATATCCGAAAAC,0,4530163
yahL_predicted,0.5,1,1,CTGATGTATCGAGTGTAACA,0,4529570
yahL_predicted,0.5,1,1,CTGATCGTCGGTAGCCCTAC,0,4517909
yahL_predicted,0.5,1,1,CTGAATTCCTAATTCTGGGA,0,4541158
yahL_predicted,0.5,1,1,CTGAATGGGACCAACTCTTG,0,4516295
yahL_predicted,0.5,1,1,CTCTTTACAGGTACGGGGAG,0,4523853
yahL_predicted,0.5,1,1,CTCTTCGGGTGCGCTATAAA,0,4533675
yahL_predicted,0.5,1,1,CTCTGGCACTGGGCTCGGGC,0,4539907
yahL_predicted,0.5,1,1,CTCTGGATGAGGTTCGCGAA,0,4526679
yahL_predicted,0.5,1,1,CTCTGGAACAAATGTTTTGA,0,4540127
yahL_predicted,0.5,1,1,CTCTGCGGGCGAATCCGTGT,0,4515939
yahL_predicted,0.5,1,1,CTCTATCAAGCATCGGCCCT,0,4543466
yahL_predicted,0.5,1,1,CTCTAGGACATGCGAGAGAC,0,4518334
yahL_predicted,0.5,1,1,CTCTAGCTTCCACGCAGGTT,0,4531176
yahL_predicted,0.5,1,1,CTCTACCTGAGGATTTGACA,0,4541096
yahL_predicted,0.5,1,1,CTCGTACAGACTCATGCCGT,0,4528036
yahL_predicted,0.5,1,1,CTCGGTCCAATGACGCAGTA,0,4523618
yahL_predicted,0.5,1,1,CTCGGGCCATGAGCTTAGTA,0,4526887
yahL_predicted,0.5,1,1,CTCGCTAGGGAAGGACGTGG,0,4519979
yahL_predicted,0.5,1,1,CTCGCTAGAGCCACTGTTTG,0,4537221
yahL_predicted,0.5,1,1,CTCGCCGGTACTATGTCTAT,0,4526273
yahL_predicted,0.5,1,1,CTCGAATTGCATGCCCTGAG,0,4542702
yahL_predicted,0.5,1,1,CTCCTCAGATGCAGATTTTG,0,4543140
yahL_predicted,0.5,1,1,CTCCGTGGCGGTGCAAACCG,0,4523500
yahL_predicted,0.5,1,1,CTCCCGTAGTTATGATTTGC,0,4539229
yahL_predicted,0.5,1,1,CTCCCGAAGAACCATTGTGG,0,4520633
yahL_predicted,0.5,1,1,CTCCCCACCACCGTGGGGTT,0,4514952
yahL_predicted,0.5,1,1,CTCCACACCTCACGTGAAAT,0,4533428
yahL_predicted,0.5,1,1,CTCAGCTGGGTTCCACAATC,0,4523579
yahL_predicted,0.5,1,1,CTCAGCCTAGTATGCTGGTC,0,4533925
yahL_predicted,0.5,1,1,CTCAGAAAATAGGTTCCATT,0,4515544
yahL_predicted,0.5,1,1,CTCACCATGTTCAAAACCCT,0,4512752
yahL_predicted,0.5,1,1,CTCAAATCTAGCTCTCATGA,0,4515678
yahL_predicted,0.5,1,1,CTATTGCCCCAGAGATTAAC,0,4517737
yahL_predicted,0.5,1,1,CTATGGGAGACGCGTTAGCA,0,4529646
yahL_predicted,0.5,1,1,CTATGCGCATTGTTGCACCA,0,4542282
yahL_predicted,0.5,1,1,CTATGCCCGCAAATTCAAAC,0,4536740
yahL_predicted,0.5,1,1,CTATCAAAACGAACTCATCA,0,4516091
yahL_predicted,0.5,1,1,CTATATAGAATTGTGCCTGA,0,4540892
yahL_predicted,0.5,1,1,CTAGGGACTAAAAGTCAATA,0,4535281
yahL_predicted,0.5,1,1,CTAGGCGCACTCTAATCGGG,0,4516094
yahL_predicted,0.5,1,1,CTAGCTTGAGAAAGCGAACT,0,4533136
yahL_predicted,0.5,1,1,CTAGCTGGCGAGTGAGTTAT,0,4512939
yahL_predicted,0.5,1,1,CTAGCGACCCAAGGATTATT,0,4535337
yahL_predicted,0.5,1,1,CTAGCCCCTTATCGTTTTGG,0,4525023
yahL_predicted,0.5,1,1,CTAGACCTCTGAAGATCAAG,0,4517044
yahL_predicted,0.5,1,1,CTACTCTTTAGCTGTCCCCT,0,4518890
yahL_predicted,0.5,1,1,CTACTAAAGCCGCCTACGAG,0,4516132
yahL_predicted,0.5,1,1,CTACGTTCATGTGAATACTT,0,4528470
yahL_predicted,0.5,1,1,CTACGGCTTCATAATCCCTT,0,4519997
yahL_predicted,0.5,1,1,CTACCAGTGAGCGTCCTTCC,0,4540586
yahL_predicted,0.5,1,1,CTAATGGTAACACATTTAGT,0,4533866
yahL_predicted,0.5,1,1,CTAAGTGGGTAGAATAGGGT,0,4514471
yahL_predicted,0.5,1,1,CTAAGTGCTAAGATTCCCCA,0,4527879
yahL_predicted,0.5,1,1,CTAAGTCTTTGTTCGATTCT,0,4540877
yahL_predicted,0.5,1,1,CTAAGTATGGGTCCAACAGC,0,4536728
yahL_predicted,0.5,1,1,CTAACGTGGAGCCGAAATGT,0,4516398
yahL_predicted,0.5,1,1,CTAACGCGTTGCAGAGTGTA,0,4512924
yahL_predicted,0.5,1,1,CTAAATGTTCGCTTCCGGAA,0,4525626
yahL_predicted,0.5,1,1,CTAAAATTAGCATCAGACTT,0,4517781
yahL_predicted,0.5,1,1,CGTTTTGCCCCAGCATAAAC,0,4529070
yahL_predicted,0.5,1,1,CGTTTAGAGGTGCTGCCCGC,0,4519011
yahL_predicted,0.5,1,1,CGTTGGCAGGCATCGGAATG,0,4523761
yahL_predicted,0.5,1,1,CGTTGGAAGCAAGTATGGCT,0,4530684
yahL_predicted,0.5,1,1,CGTTGAGAAGTGGTGGAACA,0,4517360
yahL_predicted,0.5,1,1,CGTTCTCAGACACTTCGGTC,0,4542220
yahL_predicted,0.5,1,1,CGTTCGTTCCAATAATTCTT,0,4543960
yahL_predicted,0.5,1,1,CGTTCGGCTAGAATGGTTAA,0,4535446
yahL_predicted,0.5,1,1,CGTGTCTCCATTGCAGTGAA,0,4515359
yahL_predicted,0.5,1,1,CGTGGTTTGTAACCTTCAGG,0,4517854
yahL_predicted,0.5,1,1,CGTGGTGCATTAGGGAATTC,0,4514288
yahL_predicted,0.5,1,1,CGTGGTACTGTTACTCTCCT,0,4523230
yahL_predicted,0.5,1,1,CGTGGCCTAGCCGGGGTGTT,0,4528132
yahL_predicted,0.5,1,1,CGTGGAATGAGAGACGTAGT,0,4518867
yahL_predicted,0.5,1,1,CGTGCGACGGGTTTGTGTCT,0,4523291
yahL_predicted,0.5,1,1,CGTGCAACTTGGGGCGACTT,0,4513648
yahL_predicted,0.5,1,1,CGTGATAGTCGCGACGCAAC,0,4521731
yahL_predicted,0.5,1,1,CGTGACATAGACTAGCGATA,0,4515317
yahL_predicted,0.5,1,1,CGTCTCTGTGGCTCAACAAA,0,4515377
yahL_predicted,0.5,1,1,CGTCTCGGTGCGTGAGCACT,0,4515550
yahL_predicted,0.5,1,1,CGTCTATTAAGAATTTTGTC,0,4534285
yahL_predicted,0.5,1,1,CGTCGTGGCTTTATTACCAC,0,4537322
yahL_predicted,0.5,1,1,CGTCGTCCCACTCTAAGCGT,0,4516910
yahL_predicted,0.5,1,1,CGTCGGTGGTAACCGATGTT,0,4526362
yahL_predicted,0.5,1,1,CGTCCTCGTATAGCAATAGC,0,4532043
yahL_predicted,0.5,1,1,CGTCCTCATATGTGGACGGC,0,4520975
yahL_predicted,0.5,1,1,CGTCCAACTAAATTAGCTCA,0,4540777
yahL_predicted,0.5,1,1,CGTCACATAAGGCCAGCCAT,0,4539656
yahL_predicted,0.5,1,1,CGTCAATACAGCGGCATAGT,0,4521155
yahL_predicted,0.5,1,1,CGTATTAGCGGTAGAGCCTG,0,4521226
yahL_predicted,0.5,1,1,CGTATGGGACGCCAGCTACA,0,4532462
yahL_predicted,0.5,1,1,CGTATCAATCAGGGCCTGAA,0,4535976
yahL_predicted,0.5,1,1,CGTAGCGATTCAAGCAAGCT,0,4525676
yahL_predicted,0.5,1,1,CGTAGACATGCGGCAAGTGG,0,4542649
yahL_predicted,0.5,1,1,CGTACGGTTCCGAAGCAGGC,0,4529478
yahL_predicted,0.5,1,1,CGGTGTTAGGGTGTACGCGG,0,4542052
yahL_predicted,0.5,1,1,CGGTGTGCGTTCGCAACGAT,0,4533523
yahL_predicted,0.5,1,1,CGGTGCCACTGCTTACTTCG,0,4523527
yahL_predicted,0.5,1,1,CGGTATAAGAGACCCAACAT,0,4526237
yahL_predicted,0.5,1,1,CGGGTGCCTTCATGTATTCC,0,4512433
yahL_predicted,0.5,1,1,CGGGTATCGACACTGCAATT,0,4524487
yahL_predicted,0.5,1,1,CGGGGGAGGAGCCCTAGGAG,0,4526645
yahL_predicted,0.5,1,1,CGGGCGACTCGCTTACCGCC,0,4534928
yahL_predicted,0.5,1,1,CGGGATCATCAGGGCGGAAT,0,4517831
yahL_predicted,0.5,1,1,CGGGAGGAAAGTATTGGAAA,0,4533884
yahL_predicted,0.5,1,1,CGGGAGCGAGAAGCTCAGCA,0,4534869
yahL_predicted,0.5,1,1,CGGCTTAGGCGACTCTTCAT,0,4523815
yahL_predicted,0.5,1,1,CGGCTCACAACGGCCTGAAC,0,4524179
yahL_predicted,0.5,1,1,CGGCGGGGACCTGGTGCCTA,0,4528164
yahL_predicted,0.5,1,1,CGGCGGATTAGAAGACCTCA,0,4530380
yahL_predicted,0.5,1,1,CGGCACGGCCACGGCCTATT,0,4516385
yahL_predicted,0.5,1,1,CGGCAAACGAACATTGACTC,0,4529658
yahL_predicted,0.5,1,1,CGGAGACGGAGCCAGCCATG,0,4513784
yahL_predicted,0.5,1,1,CGGACTTTATAGCGGCCGTC,0,4515702
yahL_predicted,0.5,1,1,CGGACTGAATGGGTGCGAAT,0,4533809
yahL_predicted,0.5,1,1,CGGAAACCATTAGACAGTCA,0,4533659
yahL_predicted,0.5,1,1,CGCTTGTGTGCGGTCCAGAG,0,4515567
yahL_predicted,0.5,1,1,CGCTGAAGCGCACATCCAGG,0,4532980
yahL_predicted,0.5,1,1,CGCTCGGTCTATGTAATTAA,0,4526457
yahL_predicted,0.5,1,1,CGCTCCGTCAGTAGCGAGAG,0,4540177
yahL_predicted,0.5,1,1,CGCTCACCAGATATGCCGGT,0,4519334
yahL_predicted,0.5,1,1,CGCGTCCGTCCGTTCCTCTC,0,4542034
yahL_predicted,0.5,1,1,CGCGGGGATGCTGATTAAGC,0,4523937
yahL_predicted,0.5,1,1,CGCGCTATTCCGCTAACCGA,0,4522355
yahL_predicted,0.5,1,1,CGCGCCGGAACTCCATTGGG,0,4522312
yahL_predicted,0.5,1,1,CGCCTGATCTTGGTTCGGGA,0,4539685
yahL_predicted,0.5,1,1,CGCCATTAAATTCGGAGATG,0,4514462
yahL_predicted,0.5,1,1,CGCCAGGGTCTGTGAAAGAC,0,4519573
yahL_predicted,0.5,1,1,CGCCAGCTTGCAATGGCGTC,0,4527789
yahL_predicted,0.5,1,1,CGCATTCGACTCAATACGAC,0,4526966
yahL_predicted,0.5,1,1,CGCATATGAACTCTGTGAAA,0,4515689
yahL_predicted,0.5,1,1,CGCATACTCTATTACTCCAT,0,4542032
yahL_predicted,0.5,1,1,CGCAGACTAAGGCCTCAATT,0,4529909
yahL_predicted,0.5,1,1,CGCAGACCTTTACACACGGT,0,4523512
yahL_predicted,0.5,1,1,CGCACGTTGGTGTCACCTCA,0,4520642
yahL_predicted,0.5,1,1,CGCAAGGTGCTCCTTACCCT,0,4543378
yahL_predicted,0.5,1,1,CGATTGTAATGAGACGCAAA,0,4528927
yahL_predicted,0.5,1,1,CGATTAGAAGAAGCATAGGT,0,4520694
yahL_predicted,0.5,1,1,CGATGAGGTCAGTCCCTTTG,0,4536978
yahL_predicted,0.5,1,1,CGATGACAGATGTTTGAAAT,0,4522459
yahL_predicted,0.5,1,1,CGATCAGGAAGCATAATGGA,0,4526159
yahL_predicted,0.5,1,1,CGATATCCGTGGAGTTAATC,0,4537140
yahL_predicted,0.5,1,1,CGAGTCAAGTCGCAGGTAAG,0,4513834
yahL_predicted,0.5,1,1,CGAGGTGTCCTCCAGATTTG,0,4537829
yahL_predicted,0.5,1,1,CGAGGGAACCAGAGTCGCAA,0,4526686
yahL_predicted,0.5,1,1,CGAGGAAATGCACCTCGCCG,0,4517034
yahL_predicted,0.5,1,1,CGAGCGCTATAGCACCCAGT,0,4540770
yahL_predicted,0.5,1,1,CGAGCGATGATGGAGTTAAC,0,4519497
yahL_predicted,0.5,1,1,CGACTGGACCCTTTCAATCG,0,4539124
yahL_predicted,0.5,1,1,CGACTCGGGAAATAATTTTC,0,4517187
yahL_predicted,0.5,1,1,CGACGTACCTGTACGTCACC,0,4537044
yahL_predicted,0.5,1,1,CGACGGTCGGACTTCAATCC,0,4527656
yahL_predicted,0.5,1,1,CGACGCCGGCATACATTAAC,0,4542944
yahL_predicted,0.5,1,1,CGACGCATTGGCTCAGGGTG,0,4532763
yahL_predicted,0.5,1,1,CGACGACGAAACCATGGGAT,0,4533397
yahL_predicted,0.5,1,1,CGACACGCCTGTTAGTTACA,0,4536520
yahL_predicted,0.5,1,1,CGAAGTTGGTGCTACCGGGT,0,4524932
yahL_predicted,0.5,1,1,CGAAGTCGAATAAGGCTGAT,0,4537039
yahL_predicted,0.5,1,1,CGAAGAAGTGGGCGCGGATC,0,4540599
yahL_predicted,0.5,1,1,CGAAATCGTTGACCAAGGAA,0,4512423
yahL_predicted,0.5,1,1,CCTTTTTTGGTGTATGCGGG,0,4513541
yahL_predicted,0.5,1,1,CCTTGTGTATTTATGATTTG,0,4534720
yahL_predicted,0.5,1,1,CCTTGGGAAGTCGAAAAGTG,0,4528398
yahL_predicted,0.5,1,1,CCTGTTTCAAAACCGCTGGA,0,4520337
yahL_predicted,0.5,1,1,CCTGTTCAAGAGTATCGATC,0,4525220
yahL_predicted,0.5,1,1,CCTGTGTTATCCGCATCCTA,0,4524542
yahL_predicted,0.5,1,1,CCTGTGTTAACATTCCCTCA,0,4527865
yahL_predicted,0.5,1,1,CCTGTGTGTTTGTCTTTGTA,0,4523702
yahL_predicted,0.5,1,1,CCTGTGTGGGCTCGAAGCGC,0,4525983
yahL_predicted,0.5,1,1,CCTGTACTTTTTGAACCTGA,0,4514854
yahL_predicted,0.5,1,1,CCTGATCTGAATGGCCGAGC,0,4530218
yahL_predicted,0.5,1,1,CCTCCGGGTCTACGTTACAT,0,4541009
yahL_predicted,0.5,1,1,CCTCCAGTCACGAGCCCAGG,0,4523085
yahL_predicted,0.5,1,1,CCTAGCTGAGACAGTCAGTA,0,4534153
yahL_predicted,0.5,1,1,CCTAGCGGAGGTAGCAGACT,0,4542582
yahL_predicted,0.5,1,1,CCTAGCGCTGGCACAGCAGT,0,4517190
yahL_predicted,0.5,1,1,CCTACCGCCTTTTGTGCGGG,0,4521509
yahL_predicted,0.5,1,1,CCTAACAGCTCGATTATGGG,0,4534444
yahL_predicted,0.5,1,1,CCTAAACCTTTAACATGCCT,0,4541593
yahL_predicted,0.5,1,1,CCGTTGGCGAACGTCGATAT,0,4517807
yahL_predicted,0.5,1,1,CCGTGGTACAATCATCCCGG,0,4517620
yahL_predicted,0.5,1,1,CCGTGCTAAACGTTCGAGCT,0,4518284
yahL_predicted,0.5,1,1,CCGTGATTACCCAAGCTTTG,0,4536426
yahL_predicted,0.5,1,1,CCGTCATGTCGTCACGTTTC,0,4516355
yahL_predicted,0.5,1,1,CCGTATAAAGAGGAGAAAAC,0,4520573
yahL_predicted,0.5,1,1,CCGTACGAGGCGGAAAATAA,0,4542872
yahL_predicted,0.5,1,1,CCGGTTTATCTGTGTTAACC,0,4518561
yahL_predicted,0.5,1,1,CCGGAGTCACTTAACCGCCG,0,4534939
yahL_predicted,0.5,1,1,CCGCTATAAGTCTAAATTTC,0,4516009
yahL_predicted,0.5,1,1,CCGCGTAATTCGCTCACGAA,0,4521687
yahL_predicted,0.5,1,1,CCGCGCCCAGTCCAGTTCCT,0,4539463
yahL_predicted,0.5,1,1,CCGCGAGCCCTAGGGAATAT,0,4520636
yahL_predicted,0.5,1,1,CCGCAGCAAGATAGATGTAG,0,4513212
yahL_predicted,0.5,1,1,CCGCACGTCTATTCACACCT,0,4518574
yahL_predicted,0.5,1,1,CCGCAACGCAGTTGGTCGGA,0,4540075
yahL_predicted,0.5,1,1,CCGAGTTCCGACATGGTCTT,0,4539882
yahL_predicted,0.5,1,1,CCGAGGTAAGATACAACAGA,0,4517458
yahL_predicted,0.5,1,1,CCGACCCGCATGGACCTCAC,0,4519353
yahL_predicted,0.5,1,1,CCGACACCCTGCGTATGCCA,0,4533870
yahL_predicted,0.5,1,1,CCGAATGAGTCAAGGCGTCG,0,4538128
yahL_predicted,0.5,1,1,CCGAAGGGTTGCCGCTAAAC,0,4513822
yahL_predicted,0.5,1,1,CCCTGCTTGTAGCAAGGCTA,0,4540038
yahL_predicted,0.5,1,1,CCCTAGCATGTATACCGCTT,0,4532970
yahL_predicted,0.5,1,1,CCCGTTAACGCCGTTCTGTG,0,4517775
yahL_predicted,0.5,1,1,CCCGTGTGTTAGACAGCTTA,0,4531609
yahL_predicted,0.5,1,1,CCCGGCGAACGCTGAGTGAA,0,4533740
yahL_predicted,0.5,1,1,CCCGGCCCTGACGAGGTATA,0,4524680
yahL_predicted,0.5,1,1,CCCGGATGAATTATATCGAA,0,4539306
yahL_predicted,0.5,1,1,CCCGACAGCTCCACAAGAGG,0,4527699
yahL_predicted,0.5,1,1,CCCCTAGTTGCGGCGTGTTG,0,4542037
yahL_predicted,0.5,1,1,CCCCTACCGCCTGCGCACGT,0,4535271
yahL_predicted,0.5,1,1,CCCCGATGGTGTGTTCGAGC,0,4530986
yahL_predicted,0.5,1,1,CCCCAACCCCATGTTGTAGA,0,4518786
yahL_predicted,0.5,1,1,CCCCAACATGCTTTTGCGCG,0,4525828
yahL_predicted,0.5,1,1,CCCAGTTTAGACAGTATGAG,0,4523185
yahL_predicted,0.5,1,1,CCCAGGCGAAGTCATGTGTA,0,4543301
yahL_predicted,0.5,1,1,CCCAGCACTACCGGCTATCC,0,4535060
yahL_predicted,0.5,1,1,CCCAATTATCGCGACCCCTC,0,4522854
yahL_predicted,0.5,1,1,CCCAATATCCTCTCAGCACT,0,4523736
yahL_predicted,0.5,1,1,CCCAACGATACCGACACTCT,0,4532451
yahL_predicted,0.5,1,1,CCCAAATTAGAATTCGGACT,0,4537603
yahL_predicted,0.5,1,1,CCATTCGTCCGGCGACTCCC,0,4536559
yahL_predicted,0.5,1,1,CCATTCATGTCCAACATTGT,0,4525200
yahL_predicted,0.5,1,1,CCATGGGGCAACGTCCCATC,0,4512441
yahL_predicted,0.5,1,1,CCATCTCTTCTCTGACTCAG,0,4529796
yahL_predicted,0.5,1,1,CCATCTAGTTGGAACTCCAT,0,4523756
yahL_predicted,0.5,1,1,CCATCCAAGGAATATGTGTT,0,4529548
yahL_predicted,0.5,1,1,CCATCAAAAACTACAACCGT,0,4516697
yahL_predicted,0.5,1,1,CCATATCTGGTTCAGTTCTT,0,4526815
yahL_predicted,0.5,1,1,CCAGTTGGTTTATCGTACTA,0,4522118
yahL_predicted,0.5,1,1,CCAGGTGATACGCACCGCAA,0,4513097
yahL_predicted,0.5,1,1,CCAGGTCATATTCTTAATGA,0,4525742
yahL_predicted,0.5,1,1,CCAGGTATTTTACCTTTTTG,0,4525906
yahL_predicted,0.5,1,1,CCAGGGTTACCGTCATTCTC,0,4535074
yahL_predicted,0.5,1,1,CCAGCTTGACCGGGACCCCC,0,4517196
yahL_predicted,0.5,1,1,CCAGCGATGAGGCAGAGTGC,0,4526714
yahL_predicted,0.5,1,1,CCACGTGGTGCAAGATATCA,0,4538517
yahL_predicted,0.5,1,1,CCACGGTAAAGGTTAACCAA,0,4540268
yahL_predicted,0.5,1,1,CCACGAGATCTAAAGCATCT,0,4539401
yahL_predicted,0.5,1,1,CCACCTGCGAACACTAGGGA,0,4526154
yahL_predicted,0.5,1,1,CCACAGGCCCAAATTGTGCG,0,4531061
yahL_predicted,0.5,1,1,CCACAATGAATTATCTAATC,0,4542373
yahL_predicted,0.5,1,1,CCAATGGACAGCAACCATCC,0,4539232
yahL_predicted,0.5,1,1,CCAATGGAAATGATCTACTA,0,4537116
yahL_predicted,0.5,1,1,CCAAGTTGGTAAAAGGCGAT,0,4515919
yahL_predicted,0.5,1,1,CCAAGCCCCAAGTGAACTCG,0,4529837
yahL_predicted,0.5,1,1,CCAAACTTCGACGAGTACCT,0,4530476
yahL_predicted,0.5,1,1,CATTTGCATCGAATTCCATG,0,4540941
yahL_predicted,0.5,1,1,CATTGGTCTTGTGCGGGTTT,0,4527905
yahL_predicted,0.5,1,1,CATTGGTCACCGACTTTCCC,0,4541369
yahL_predicted,0.5,1,1,CATTGGCTCAGCCTTGAACA,0,4543415
yahL_predicted,0.5,1,1,CATTCGGGGTTCAGCCTCGA,0,4515005
yahL_predicted,0.5,1,1,CATTCCATTATATTGTGCTT,0,4529969
yahL_predicted,0.5,1,1,CATTATCAGCTTGACGTTAA,0,4527779
yahL_predicted,0.5,1,1,CATTAAAAAGAATTAGAGAT,0,4518313
yahL_predicted,0.5,1,1,CATGGCGGATGCGGCCTCAC,0,4522913
yahL_predicted,0.5,1,1,CATGGACCCGGGTATGGCTA,0,4528554
yahL_predicted,0.5,1,1,CATGCGTGACGCGATTGAGG,0,4541976
yahL_predicted,0.5,1,1,CATGCGGGGATTGAGATCTA,0,4535148
yahL_predicted,0.5,1,1,CATGCCGGGGCGGCCCCCCA,0,4538356
yahL_predicted,0.5,1,1,CATCTTTAGTTGAAGTGAAG,0,4528820
yahL_predicted,0.5,1,1,CATCTGCGTGGCTTTTTTTT,0,4543699
yahL_predicted,0.5,1,1,CATCGCATGTAGGAGATAAA,0,4538408
yahL_predicted,0.5,1,1,CATCATTGATTAGTTAGCCT,0,4518389
yahL_predicted,0.5,1,1,CATCAATAGATTCTACAGCA,0,4528826
yahL_predicted,0.5,1,1,CATCAAATAATAGTCACTGA,0,4517095
yahL_predicted,0.5,1,1,CATATTCTGAGCAGGAAGTC,0,4522946
yahL_predicted,0.5,1,1,CATATCGACTTAACGGTCCT,0,4516776
yahL_predicted,0.5,1,1,CATATACGCTACTCGTCGGG,0,4526377
yahL_predicted,0.5,1,1,CATAGGCGTCAGTTATGCGG,0,4533529
yahL_predicted,0.5,1,1,CATAGCTGTACGGGACCCAC,0,4527988
yahL_predicted,0.5,1,1,CATAGCCGTGTCTTGTGCTC,0,4519988
yahL_predicted,0.5,1,1,CATAGCAGGAGTCTCTAGAG,0,4525246
yahL_predicted,0.5,1,1,CATACTCTGTCTTAGATGCA,0,4527581
yahL_predicted,0.5,1,1,CATACCAACCGGCTTAATAA,0,4543165
yahL_predicted,0.5,1,1,CATAATTAGCAGCTCTGCAA,0,4513289
yahL_predicted,0.5,1,1,CAGTGCACCAGCTCATTTTC,0,4524738
yahL_predicted,0.5,1,1,CAGTGAATCAGAGGAAGATG,0,4532689
yahL_predicted,0.5,1,1,CAGTCCTTTAACCCGGGTTC,0,4520351
yahL_predicted,0.5,1,1,CAGTCATATAAAATAGAGCA,0,4540869
yahL_predicted,0.5,1,1,CAGTAATTGTGGATTTACAC,0,4514888
yahL_predicted,0.5,1,1,CAGGTGAGGAAGCTACCACA,0,4518704
yahL_predicted,0.5,1,1,CAGGGTCTTAGAATGATTTC,0,4527641
yahL_predicted,0.5,1,1,CAGGCGTATTAGCATAAGGC,0,4515334
yahL_predicted,0.5,1,1,CAGGAAGTCTGCCCACTGAA,0,4523925
yahL_predicted,0.5,1,1,CAGCGTAAAGGGTACTGGGA,0,4529446
yahL_predicted,0.5,1,1,CAGCGCCCAGCAGACCTTTC,0,4527267
yahL_predicted,0.5,1,1,CAGCCCTAATGCAATCCTGG,0,4534849
yahL_predicted,0.5,1,1,CAGCAAATCCGTGGGGCAAA,0,4523097
yahL_predicted,0.5,1,1,CAGATTGGATCGGATAGGTA,0,4523340
yahL_predicted,0.5,1,1,CAGATGGGAGTATGGACAGC,0,4521803
yahL_predicted,0.5,1,1,CAGATGCGCACAAATCATGC,0,4524045
yahL_predicted,0.5,1,1,CAGAGGTTGGCTAATGGGCA,0,4524272
yahL_predicted,0.5,1,1,CAGACGCGCCACATATTTGG,0,4531571
yahL_predicted,0.5,1,1,CACTGTACAGGGTGAGTAAA,0,4521499
yahL_predicted,0.5,1,1,CACTGGTAGGTTCAAATCCC,0,4540789
yahL_predicted,0.5,1,1,CACTGAGCGGGTTAGCCAGC,0,4542488
yahL_predicted,0.5,1,1,CACTCCGTAGAGTACCCCGA,0,4518219
yahL_predicted,0.5,1,1,CACTCCGGATCGGATACGTA,0,4525714
yahL_predicted,0.5,1,1,CACGCCCTCTGTTTATGCGT,0,4527142
yahL_predicted,0.5,1,1,CACGCACAGCGTTTCAGTAC,0,4517548
yahL_predicted,0.5,1,1,CACGAATACGGCTAGTATTG,0,4534471
yahL_predicted,0.5,1,1,CACGAAAACGGCCTTTAACA,0,4539192
yahL_predicted,0.5,1,1,CACCCAAGTGGGACTTGAAC,0,4521535
yahL_predicted,0.5,1,1,CACCATACTGGGAGCGGACG,0,4541406
yahL_predicted,0.5,1,1,CACCAGAGTTGGTCCATTAG,0,4536168
yahL_predicted,0.5,1,1,CACCAATAGCAATTCTCCGG,0,4530794
yahL_predicted,0.5,1,1,CACCAAATCCTCCTCTCTAG,0,4516485
yahL_predicted,0.5,1,1,CACATTTGTAAGGCAACGCA,0,4526334
yahL_predicted,0.5,1,1,CACATCATGCCTCTGAGAAG,0,4531427
yahL_predicted,0.5,1,1,CACAGTGCCCTACGACAGAA,0,4538647
yahL_predicted,0.5,1,1,CACAGATTCTAGGTTGCAAC,0,4522245
yahL_predicted,0.5,1,1,CACACTCTCTTGGAGATAAA,0,4521217
yahL_predicted,0.5,1,1,CACACCTTGAGCGCCGACCT,0,4515242
yahL_predicted,0.5,1,1,CACAAGGGTGGCTTCTGTAG,0,4536637
yahL_predicted,0.5,1,1,CACAAGGCATGGCCTTACAA,0,4535377
yahL_predicted,0.5,1,1,CACAACTGACATCGCCGCAT,0,4543909
yahL_predicted,0.5,1,1,CACAACGGCAGTCCAAGATC,0,4530239
yahL_predicted,0.5,1,1,CAATTTTCGCGACGATTTTC,0,4513263
yahL_predicted,0.5,1,1,CAATTGATAGCTTTCGCCTC,0,4526292
yahL_predicted,0.5,1,1,CAATGGCTTAATTTCTAGCA,0,4542514
yahL_predicted,0.5,1,1,CAATGCCGATCGGTCCGAGA,0,4522496
yahL_predicted,0.5,1,1,CAATCTGATACTGTGGCGAA,0,4521880
yahL_predicted,0.5,1,1,CAATCCAATAGAAGGACTAG,0,4535195
yahL_predicted,0.5,1,1,CAATCATTCAAAAGCGTCTG,0,4520792
yahL_predicted,0.5,1,1,CAATCAGGCTAAGAAACTTG,0,4537630
yahL_predicted,0.5,1,1,CAATATTTGTCGAAGGCGGG,0,4533059
yahL_predicted,0.5,1,1,CAAGTTCAATAGTGATGAGA,0,4539493
yahL_predicted,0.5,1,1,CAAGCTTCCCTTCGACCTGC,0,4524247
yahL_predicted,0.5,1,1,CAAGACGCTGGAGTTCGTGT,0,4543073
yahL_predicted,0.5,1,1,CAACTACCCTGAAAGCGTAG,0,4533224
yahL_predicted,0.5,1,1,CAACACCCCCAACTCGCTAG,0,4520575
yahL_predicted,0.5,1,1,CAAAGAAGTCGCACAAGGAG,0,4528738
yahL_predicted,0.5,1,1,CAAAAGGCCAATCCTCGCCT,0,4532961
yahL_predicted,0.5,1,1,CAAAACCATAATTTTTTTCA,0,4539576
yahL_predicted,0.5,1,1,CAAAACATATCCCCGGATAG,0,4513494
yahL_predicted,0.5,1,1,ATTTTCTGCTTGTTTTTCTC,0,4531173
yahL_predicted,0.5,1,1,ATTTTCCAGGTAAAGCAACC,0,4528212
yahL_predicted,0.5,1,1,ATTTGCGGGTTAAGCGGTGA,0,4522198
yahL_predicted,0.5,1,1,ATTTGCAAGTTCGAGATTGC,0,4530091
yahL_predicted,0.5,1,1,ATTTGAATGATACGTAATTT,0,4518636
yahL_predicted,0.5,1,1,ATTTCATTAGAACCCACTTA,0,4527521
yahL_predicted,0.5,1,1,ATTTCAGTGCGGTCCAAATG,0,4518807
yahL_predicted,0.5,1,1,ATTTCACGACGTCCACGAAG,0,4527795
yahL_predicted,0.5,1,1,ATTTATGGGTGTCTGTCGTT,0,4540602
yahL_predicted,0.5,1,1,ATTTATGCTACCTAAGCGAC,0,4533460
yahL_predicted,0.5,1,1,ATTTACTGGTCGTATAGGAT,0,4529142
yahL_predicted,0.5,1,1,ATTTAATACAGATTTTCGTT,0,4518522
yahL_predicted,0.5,1,1,ATTTAAGTCCGCAATACACA,0,4520898
yahL_predicted,0.5,1,1,ATTGTTTTGAAGCCGACAAC,0,4532032
yahL_predicted,0.5,1,1,ATTGTTTAGAGCCATGGTCC,0,4525627
yahL_predicted,0.5,1,1,ATTGTTTACGTCCTGCACGC,0,4542980
yahL_predicted,0.5,1,1,ATTGTCGTCTGTTCCGACCG,0,4541319
yahL_predicted,0.5,1,1,ATTGATCTGTACTACACGGG,0,4514970
yahL_predicted,0.5,1,1,ATTCTTTGGCTACCGCCCGA,0,4530653
yahL_predicted,0.5,1,1,ATTCTGTTGGTCACTGATCG,0,4521080
yahL_predicted,0.5,1,1,ATTCGTCCACTATCCCGGAG,0,4543271
yahL_predicted,0.5,1,1,ATTCCAGAGATAATAATCGT,0,4527723
yahL_predicted,0.5,1,1,ATTCACTTTCCCTCATGGCC,0,4541808
yahL_predicted,0.5,1,1,ATTATTTCTCCTAGCAGGTT,0,4521417
yahL_predicted,0.5,1,1,ATTATCCCCATTTCAGAGAT,0,4538049
yahL_predicted,0.5,1,1,ATTACTTTATACTAGATGTG,0,4543776
yahL_predicted,0.5,1,1,ATTACCGGCACAACGGTGAT,0,4515761
yahL_predicted,0.5,1,1,ATTACACCGTTGATGAGGTG,0,4512203
yahL_predicted,0.5,1,1,ATGTTTTACAAGGAAGGCAA,0,4536154
yahL_predicted,0.5,1,1,ATGTTCATTTAATACGGTTC,0,4539645
yahL_predicted,0.5,1,1,ATGTTACGAATGATTAGCCT,0,4520163
yahL_predicted,0.5,1,1,ATGTCGTACGATATTACACT,0,4516755
yahL_predicted,0.5,1,1,ATGTCAGCTCCCATCCTGGC,0,4521126
yahL_predicted,0.5,1,1,ATGTATTGCTAGAACACGAT,0,4517352
yahL_predicted,0.5,1,1,ATGTATGTGGTACATTGAAT,0,4524459
yahL_predicted,0.5,1,1,ATGTATCGATTGGCATTCGG,0,4525331
yahL_predicted,0.5,1,1,ATGTACGAGGAGACCGAGAC,0,4534099
yahL_predicted,0.5,1,1,ATGGTTCTGTCTGTCGCCTC,0,4540461
yahL_predicted,0.5,1,1,ATGGGTCAGTTGTATAAGCT,0,4518445
yahL_predicted,0.5,1,1,ATGGATTGCGGGAGTCCCCC,0,4524121
yahL_predicted,0.5,1,1,ATGCCGAGGTCGTGCTATCA,0,4527676
yahL_predicted,0.5,1,1,ATGCCCGCACTCGTACGCGG,0,4518247
yahL_predicted,0.5,1,1,ATGCAGATTATCGAAAAAGG,0,4524557
yahL_predicted,0.5,1,1,ATGATTCGGCAATGGGCCAC,0,4540021
yahL_predicted,0.5,1,1,ATGAGCGATGCCAGGTTGGT,0,4529597
yahL_predicted,0.5,1,1,ATGACCAACTAGGTCCTGTC,0,4517886
yahL_predicted,0.5,1,1,ATGAAGGGTCCGTACGGGTC,0,4523362
yahL_predicted,0.5,1,1,ATGAAATTAACGATTGGGCT,0,4537106
yahL_predicted,0.5,1,1,ATCTTTATAACGATGACGTC,0,4541686
yahL_predicted,0.5,1,1,ATCTTTAGAGGCGTTTCTCG,0,4514079
yahL_predicted,0.5,1,1,ATCTTAATGGAGTATTTCCC,0,4512746
yahL_predicted,0.5,1,1,ATCTGCAAATCCGCTTACGG,0,4525176
yahL_predicted,0.5,1,1,ATCTCAAGCGCCCGTCGCTG,0,4518949
yahL_predicted,0.5,1,1,ATCTAAAAGATACAATAAGT,0,4527663
yahL_predicted,0.5,1,1,ATCGTTGGGATGGTCCATTA,0,4517942
yahL_predicted,0.5,1,1,ATCGTGCTACTCTATTCAAC,0,4540374
yahL_predicted,0.5,1,1,ATCGGTGGAAACACGGGACT,0,4534882
yahL_predicted,0.5,1,1,ATCGGTGACCAAGACCCAGG,0,4514299
yahL_predicted,0.5,1,1,ATCGGGTTGCGCGAACATAA,0,4518854
yahL_predicted,0.5,1,1,ATCGGGCTATGGGTTGATTT,0,4536528
yahL_predicted,0.5,1,1,ATCGATCGGCGTCGTACCTC,0,4532541
yahL_predicted,0.5,1,1,ATCGACCACCTGCCGTGTCT,0,4525859
yahL_predicted,0.5,1,1,ATCCTATCTTTACGTGATGT,0,4518602
yahL_predicted,0.5,1,1,ATCCGGTGCAGGTCAAGCGC,0,4531709
yahL_predicted,0.5,1,1,ATCCGCAGGATTGTCCGTGC,0,4521420
yahL_predicted,0.5,1,1,ATCCGAATAGGATTGCGCTG,0,4528364
yahL_predicted,0.5,1,1,ATCCAGACTAGCTCGGAACG,0,4539030
yahL_predicted,0.5,1,1,ATCCAAGCGGTGACCGTGTC,0,4515984
yahL_predicted,0.5,1,1,ATCATAGCCGGTGAAATACG,0,4521577
yahL_predicted,0.5,1,1,ATCACGAATGCGCACGGGCT,0,4535659
yahL_predicted,0.5,1,1,ATCACCGGAGCGGAATCAAC,0,4512458
yahL_predicted,0.5,1,1,ATCACATGATGCATTGAAAC,0,4540314
yahL_predicted,0.5,1,1,ATATTCCTAGCTACACCTGT,0,4517432
yahL_predicted,0.5,1,1,ATATCCCGGCTAGAGCACAC,0,4519808
yahL_predicted,0.5,1,1,ATATAGTTCGCCCTATGTAG,0,4517891
yahL_predicted,0.5,1,1,ATATAGTCGCTCCAGTTGCC,0,4518204
yahL_predicted,0.5,1,1,ATAGTGGTCTATTTTCGCTC,0,4542489
yahL_predicted,0.5,1,1,ATAGTCGCCTGAAAGCGTTA,0,4533877
yahL_predicted,0.5,1,1,ATAGGCCTATGGTCTTGGTA,0,4529132
yahL_predicted,0.5,1,1,ATAGCATCTCAGCTTTCGGT,0,4517409
yahL_predicted,0.5,1,1,ATAGCACGATGTCGAGACTA,0,4538497
yahL_predicted,0.5,1,1,ATAGACACCGGACACGCGTG,0,4539471
yahL_predicted,0.5,1,1,ATACTCGGTGGGGGGTTCCG,0,4519489
yahL_predicted,0.5,1,1,ATACTATGTTCATGTTCTAC,0,4533138
yahL_predicted,0.5,1,1,ATAATCTCTGTGTTTTAGCA,0,4538232
yahL_predicted,0.5,1,1,ATAAGGAATCCCGTCCCTAA,0,4541768
yahL_predicted,0.5,1,1,ATAACCGTATTAGTCGTTTG,0,4514443
yahL_predicted,0.5,1,1,ATAACACAGGACTTTTTCGT,0,4516775
yahL_predicted,0.5,1,1,AGTTTCCGTCCCTTCTGGTT,0,4517428
yahL_predicted,0.5,1,1,AGTTGCTCCTGAGCGACAGG,0,4519169
yahL_predicted,0.5,1,1,AGTTCTTCCTATAGCGCCTG,0,4536684
yahL_predicted,0.5,1,1,AGTGTTTTCTAAGGGACGAG,0,4524839
yahL_predicted,0.5,1,1,AGTGGGTATGTCAGGCTTAG,0,4535382
yahL_predicted,0.5,1,1,AGTGGCATCGTCAAGCGTCC,0,4526066
yahL_predicted,0.5,1,1,AGTGCTTGGACCGATGAATT,0,4513374
yahL_predicted,0.5,1,1,AGTGCTAAGGAATTACAGCC,0,4529915
yahL_predicted,0.5,1,1,AGTGCCTATGATAACGCTCA,0,4538354
yahL_predicted,0.5,1,1,AGTGCATTTAAGCCGGTTCT,0,4525484
yahL_predicted,0.5,1,1,AGTGCATGAGGTTGCGTAAC,0,4537969
yahL_predicted,0.5,1,1,AGTGATCTGCCATCGGAAAT,0,4531326
yahL_predicted,0.5,1,1,AGTGAGTGCATGGATCCCCG,0,4533038
yahL_predicted,0.5,1,1,AGTGACACCCGGCTCTAAAT,0,4533288
yahL_predicted,0.5,1,1,AGTGAATGCGCCTAGATGCA,0,4531744
yahL_predicted,0.5,1,1,AGTGAAACATTTTTCAATGT,0,4512913
yahL_predicted,0.5,1,1,AGTCTTTATATAACTTCCAA,0,4539365
yahL_predicted,0.5,1,1,AGTCTGCTCCAATAACATCG,0,4518265
yahL_predicted,0.5,1,1,AGTCCATACTCTGTATAGAC,0,4538591
yahL_predicted,0.5,1,1,AGTCCAATGGGGAGGTTAGC,0,4514821
yahL_predicted,0.5,1,1,AGTCACATGCATCCCTTCTC,0,4521433
yahL_predicted,0.5,1,1,AGTATCACATGAGACGCAGG,0,4512819
yahL_predicted,0.5,1,1,AGTATATTCTCAAAGATGGA,0,4526348
yahL_predicted,0.5,1,1,AGTAGAGCCAGGTTCTACGA,0,4539638
yahL_predicted,0.5,1,1,AGTAATTATTGCTAGTCTAA,0,4526331
yahL_predicted,0.5,1,1,AGTAATTATGGATATGCCAG,0,4522899
yahL_predicted,0.5,1,1,AGGTTGTCGCCCCGGCACAA,0,4514769
yahL_predicted,0.5,1,1,AGGTTATAAGTTAGGAACGA,0,4531795
yahL_predicted,0.5,1,1,AGGTGCGGAATAACAGCGCT,0,4541815
yahL_predicted,0.5,1,1,AGGTGATGTAATGGTACCGG,0,4528368
yahL_predicted,0.5,1,1,AGGTCATACGGGTCAAGCAT,0,4523141
yahL_predicted,0.5,1,1,AGGTATACATATTCCACTCA,0,4542249
yahL_predicted,0.5,1,1,AGGTAGGACGCTAGAGTACA,0,4516830
yahL_predicted,0.5,1,1,AGGTACTCGTGGGTATCGGC,0,4521138
yahL_predicted,0.5,1,1,AGGGGGTACGGACTTTTATC,0,4531285
yahL_predicted,0.5,1,1,AGGGGGGTTACGGCTTACGA,0,4542847
yahL_predicted,0.5,1,1,AGGGGCTACTAAAATAAAGA,0,4516882
yahL_predicted,0.5,1,1,AGGGGCGGAACTGTTAGGGG,0,4523176
yahL_predicted,0.5,1,1,AGGGCCACTATTGAAACGAA,0,4519133
yahL_predicted,0.5,1,1,AGGGAGTTCAGGTGCGGACG,0,4524229
yahL_predicted,0.5,1,1,AGGGAGTGATGCCATTCCCG,0,4525426
yahL_predicted,0.5,1,1,AGGCTTCTCCGGGTTCTAAC,0,4527001
yahL_predicted,0.5,1,1,AGGCTGGTGTCAATCACTCT,0,4525655
yahL_predicted,0.5,1,1,AGGCTGAACGTCACTCTGAA,0,4534045
yahL_predicted,0.5,1,1,AGGCGACTTGGATGGATCGC,0,4534068
yahL_predicted,0.5,1,1,AGGCCTGACAGAGCGAGCTT,0,4541235
yahL_predicted,0.5,1,1,AGGCCTACAAGCCGTCTCAC,0,4523575
yahL_predicted,0.5,1,1,AGGCCCCACCGCACTGCCGG,0,4522878
yahL_predicted,0.5,1,1,AGGCATACGAAGAGGATTGA,0,4526043
yahL_predicted,0.5,1,1,AGGCACCGCGAATGACTTTG,0,4512356
yahL_predicted,0.5,1,1,AGGCAAGTCTTTTCCACACA,0,4526375
yahL_predicted,0.5,1,1,AGGATTTGAACGGCTCGGGG,0,4516797
yahL_predicted,0.5,1,1,AGGATTCTTAAGTCAGCCGG,0,4520492
yahL_predicted,0.5,1,1,AGGATAGTGGAAAAAAGGGT,0,4526980
yahL_predicted,0.5,1,1,AGGAGGTAGCCGGGCCGTAA,0,4524868
yahL_predicted,0.5,1,1,AGGACTCTTGCACGGCCTAG,0,4543736
yahL_predicted,0.5,1,1,AGGAATAACTCAAGCGGTGT,0,4533412
yahL_predicted,0.5,1,1,AGGAAACAGTCATGGATGAG,0,4519781
yahL_predicted,0.5,1,1,AGCTCCTTGTAGCTAACAGT,0,4540463
yahL_predicted,0.5,1,1,AGCTCAATTCATCGTGTAAG,0,4541192
yahL_predicted,0.5,1,1,AGCTCAACTCGGGTGTGGTG,0,4512865
yahL_predicted,0.5,1,1,AGCGAGGGGAACGAACGCTG,0,4531989
yahL_predicted,0.5,1,1,AGCCGGACCTTATTCATGGT,0,4531188
yahL_predicted,0.5,1,1,AGCCGACCGGAGGCCAACTC,0,4544232
yahL_predicted,0.5,1,1,AGCCCTCGTGAGCTCGGCCA,0,4513215
yahL_predicted,0.5,1,1,AGCCCGTTAGAGCTCATTCT,0,4533978
yahL_predicted,0.5,1,1,AGCCCAGTACGACTCCTCAG,0,4525975
yahL_predicted,0.5,1,1,AGCCAAGTCTTGGTACCAGC,0,4542987
yahL_predicted,0.5,1,1,AGCATCCATCGGTGTGTATC,0,4514399
yahL_predicted,0.5,1,1,AGCATAAGCCAGGGGGGTCT,0,4520136
yahL_predicted,0.5,1,1,AGCACTACCAGTGAAATGTA,0,4520848
yahL_predicted,0.5,1,1,AGCACGGTGGTAATACTTGT,0,4516992
yahL_predicted,0.5,1,1,AGATTTTTTTACGCCCATGC,0,4517832
yahL_predicted,0.5,1,1,AGATTCGGGTGCACACATGC,0,4524970
yahL_predicted,0.5,1,1,AGATTCCAGCGCCTGGGACA,0,4530745
yahL_predicted,0.5,1,1,AGATGTGATTGGCGTACGTG,0,4541411
yahL_predicted,0.5,1,1,AGAGTGCGGAATGGCTAATG,0,4515599
yahL_predicted,0.5,1,1,AGAGGATAGCGAGCATCAAG,0,4533879
yahL_predicted,0.5,1,1,AGACTGGCGGTCGCTCAACA,0,4528379
yahL_predicted,0.5,1,1,AGACTGCTAGCGCCTATGTT,0,4532491
yahL_predicted,0.5,1,1,AGACCTGTCGGTGCGCGTGT,0,4532599
yahL_predicted,0.5,1,1,AGACCATTAGATCGGAAGAT,0,4533612
yahL_predicted,0.5,1,1,AGACCAGGAGGTGGTGACCC,0,4537471
yahL_predicted,0.5,1,1,AGACCAAGTTCCCCTCAGAG,0,4522875
yahL_predicted,0.5,1,1,AGAAGCATGAGAGAGCCAGC,0,4529363
yahL_predicted,0.5,1,1,AGAAGACTTGATTGGCGTTC,0,4538119
yahL_predicted,0.5,1,1,AGAACTTCCCAACATTCGGA,0,4525979
yahL_predicted,0.5,1,1,AGAACACCCAGGTGTCAGAT,0,4542745
yahL_predicted,0.5,1,1,ACTTTCTATGCACGAAGTAT,0,4531578
yahL_predicted,0.5,1,1,ACTTTACGTAACCTAGTGCT,0,4542274
yahL_predicted,0.5,1,1,ACTTGGATGCCATGTACGGC,0,4541598
yahL_predicted,0.5,1,1,ACTTGCTGGCTTGGGTAGAC,0,4533681
yahL_predicted,0.5,1,1,ACTTGCTAGCAGCCAAAGCT,0,4529186
yahL_predicted,0.5,1,1,ACTTGCGTCATAGATGCTCC,0,4543868
yahL_predicted,0.5,1,1,ACTTCGGAATTGCAGCAGTC,0,4528816
yahL_predicted,0.5,1,1,ACTTAGCGTTTTTCTTCCAC,0,4534111
yahL_predicted,0.5,1,1,ACTGTTCGAATGGCATGCTC,0,4530580
yahL_predicted,0.5,1,1,ACTGTCGCGACCCGTTGTGG,0,4532671
yahL_predicted,0.5,1,1,ACTGTAGTTGAAGGCAAGCC,0,4539087
yahL_predicted,0.5,1,1,ACTGTACGACCGTCTTCTTA,0,4536894
yahL_predicted,0.5,1,1,ACTGCTCTCCGCCATAGGGG,0,4531497
yahL_predicted,0.5,1,1,ACTGCTAGCTCGAATTTACG,0,4513937
yahL_predicted,0.5,1,1,ACTCTCTTTTACAAACCTCT,0,4538832
yahL_predicted,0.5,1,1,ACTCACCGACTGATCCAGGA,0,4514098
yahL_predicted,0.5,1,1,ACTCACAGAGATACGCCTCA,0,4527871
yahL_predicted,0.5,1,1,ACTACTCATGATGCTTGTGA,0,4532580
yahL_predicted,0.5,1,1,ACTAAGTGCCACTTTTGTAG,0,4512130
yahL_predicted,0.5,1,1,ACGTTTCTAGAAACGCTGGT,0,4522324
yahL_predicted,0.5,1,1,ACGTTTAAAGACTGTGGAAG,0,4517237
yahL_predicted,0.5,1,1,ACGTGGACAACGGGAAGATG,0,4514080
yahL_predicted,0.5,1,1,ACGTCTTGTGGGCCTCGCAT,0,4517135
yahL_predicted,0.5,1,1,ACGTCTCCAGTGGTACCCGA,0,4532217
yahL_predicted,0.5,1,1,ACGTCCCATTAAGCCGACTA,0,4517513
yahL_predicted,0.5,1,1,ACGGTTTGGTCATACGTGGT,0,4525982
yahL_predicted,0.5,1,1,ACGGTTATTCCTCTGAGGGG,0,4516732
yahL_predicted,0.5,1,1,ACGGTGACGGCCTGATCAAT,0,4515464
yahL_predicted,0.5,1,1,ACGGTATCTCGGATGAGGTT,0,4512522
yahL_predicted,0.5,1,1,ACGGGGGTGTCCATCGTGGA,0,4527295
yahL_predicted,0.5,1,1,ACGGGCCGTAATGAGTCCAA,0,4525164
yahL_predicted,0.5,1,1,ACGGCCCTCAATGGGCTGGT,0,4514063
yahL_predicted,0.5,1,1,ACGCTACGAAACTGGACACC,0,4521574
yahL_predicted,0.5,1,1,ACGCTAAGCATTCATTTTAG,0,4520317
yahL_predicted,0.5,1,1,ACGCGTTCAGTTCTCTGGCA,0,4521027
yahL_predicted,0.5,1,1,ACGCCTGTGAATCGGCAACG,0,4520978
yahL_predicted,0.5,1,1,ACGCCCCCTCGGTGCTTTTA,0,4516164
yahL_predicted,0.5,1,1,ACGCAGGCGGAAAACATGAA,0,4530911
yahL_predicted,0.5,1,1,ACGATCATGAACCAGTGAAG,0,4514840
yahL_predicted,0.5,1,1,ACGATAGGAAAAACGTGTCT,0,4531982
yahL_predicted,0.5,1,1,ACGAGATTGTCCGAGTGTCC,0,4539259
yahL_predicted,0.5,1,1,ACGACCAGGTGCTCCATCGG,0,4533019
yahL_predicted,0.5,1,1,ACGAAGGTAGTAGAACTCGT,0,4536662
yahL_predicted,0.5,1,1,ACCTGTATCAAGACGCCAGT,0,4515521
yahL_predicted,0.5,1,1,ACCTGAAGGTCCGCATCAAG,0,4515488
yahL_predicted,0.5,1,1,ACCTCGCGATAGACCACCAC,0,4522445
yahL_predicted,0.5,1,1,ACCTCCCGGGGGCCTTGTCC,0,4517773
yahL_predicted,0.5,1,1,ACCTAGGAACGTAGGACACA,0,4540610
yahL_predicted,0.5,1,1,ACCTACACCTTGATTTATTC,0,4520104
yahL_predicted,0.5,1,1,ACCTAATGAGTTGCTACGGT,0,4512185
yahL_predicted,0.5,1,1,ACCGTGTTTGGTTGTCGGAA,0,4526767
yahL_predicted,0.5,1,1,ACCGGGTAAGGGATGTGTCA,0,4515622
yahL_predicted,0.5,1,1,ACCGGACGTACTTTCGTCTA,0,4515062
yahL_predicted,0.5,1,1,ACCCTATTTCGCTTTCCCGG,0,4528226
yahL_predicted,0.5,1,1,ACCCGTGGTTGCTCGACCCA,0,4537991
yahL_predicted,0.5,1,1,ACCCGGGATCGTGCTCCCGC,0,4525126
yahL_predicted,0.5,1,1,ACCCGATCATCTCGCTTTTA,0,4537753
yahL_predicted,0.5,1,1,ACCCGACCCAGCCAGGGAGG,0,4514637
yahL_predicted,0.5,1,1,ACCCAGGTCCGTGATCGTTC,0,4526577
yahL_predicted,0.5,1,1,ACCCAGCGGCTGCGCACGGC,0,4518443
yahL_predicted,0.5,1,1,ACCCAGCGCAAAACGACCTA,0,4523235
yahL_predicted,0.5,1,1,ACCATCATTTAATTTCTGTC,0,4526852
yahL_predicted,0.5,1,1,ACCAGTTAGTGACACATAAA,0,4519278
yahL_predicted,0.5,1,1,ACCAGTACAACACAAACCTC,0,4522269
yahL_predicted,0.5,1,1,ACCACTTATGCGGTCCGTGA,0,4516660
yahL_predicted,0.5,1,1,ACCACGTACTCGTTTGGGCG,0,4533282
yahL_predicted,0.5,1,1,ACCACCTAAAGCTAATTCGT,0,4512817
yahL_predicted,0.5,1,1,ACCACATCGGAGGTATCCTC,0,4515063
yahL_predicted,0.5,1,1,ACCAATATTTCACTGTATTG,0,4515878
yahL_predicted,0.5,1,1,ACCAAGTTACGTTGCACTGT,0,4514777
yahL_predicted,0.5,1,1,ACCAAGGGGGAAACGCGGTC,0,4537652
yahL_predicted,0.5,1,1,ACATGTGGTCCACCCGTGAA,0,4532091
yahL_predicted,0.5,1,1,ACATGGAACACATTGATTCC,0,4540995
yahL_predicted,0.5,1,1,ACATAGAGACGCAACGCATT,0,4539867
yahL_predicted,0.5,1,1,ACAGCTACTCGCGCGTTTCG,0,4526437
yahL_predicted,0.5,1,1,ACAGCCCGATATTGCATATG,0,4540134
yahL_predicted,0.5,1,1,ACAGCATCGAATCGATAGCT,0,4536118
yahL_predicted,0.5,1,1,ACACTCGGAAAGGGGGGATT,0,4541774
yahL_predicted,0.5,1,1,ACACGTGTCGGTCCATTGGA,0,4531238
yahL_predicted,0.5,1,1,ACACATGGCCGGTTGTCGCA,0,4541220
yahL_predicted,0.5,1,1,ACACAAGAGAAGGTTTTCAG,0,4513067
yahL_predicted,0.5,1,1,ACAATTCTTAGGCTAAGTCG,0,4536526
yahL_predicted,0.5,1,1,ACAAGGAAGACATAGGTTTT,0,4519216
yahL_predicted,0.5,1,1,ACAACATTATCGAGTGAGGG,0,4537796
yahL_predicted,0.5,1,1,ACAAAATGACTCACGCCAAA,0,4543564
yahL_predicted,0.5,1,1,ACAAAAGGAGTCGGCGGAAC,0,4535085
yahL_predicted,0.5,1,1,AATTTGGACACACCTTTGCC,0,4529672
yahL_predicted,0.5,1,1,AATTGTTCGGTTTTTGAGTT,0,4541181
yahL_predicted,0.5,1,1,AATTCTTCCTCCCCGCCTAG,0,4519502
yahL_predicted,0.5,1,1,AATTCTTATCAGGAAAGAAA,0,4513757
yahL_predicted,0.5,1,1,AATTCCGCAGACCATCTGCT,0,4534095
yahL_predicted,0.5,1,1,AATTACTGTGTTAGGCACGA,0,4515572
yahL_predicted,0.5,1,1,AATGTTGATCTATCACCGTA,0,4526881
yahL_predicted,0.5,1,1,AATGGGAGGTAAAGTTTCTT,0,4539486
yahL_predicted,0.5,1,1,AATGAGGGCCTGCCAATGTA,0,4529973
yahL_predicted,0.5,1,1,AATCTTTTTCAACGCCTGCC,0,4535387
yahL_predicted,0.5,1,1,AATCGGTGAATGGATATGCA,0,4525990
yahL_predicted,0.5,1,1,AATCGAACGGTTGTCCCTAT,0,4543022
yahL_predicted,0.5,1,1,AATCCCTGGTGTGTTGATAA,0,4522408
yahL_predicted,0.5,1,1,AATCCAATGATCCCACCACA,0,4533847
yahL_predicted,0.5,1,1,AATCACCTCTTATCTTAGAC,0,4528385
yahL_predicted,0.5,1,1,AATATACCCAAATCCAGAGA,0,4527269
yahL_predicted,0.5,1,1,AAGTGTCGGTGTGCTAATTC,0,4519484
yahL_predicted,0.5,1,1,AAGTGATTCTTTGTTTGCCT,0,4520466
yahL_predicted,0.5,1,1,AAGTGAGCTAAAATGTTGAA,0,4536002
yahL_predicted,0.5,1,1,AAGTCTTATCTTCTAGGGTA,0,4528440
yahL_predicted,0.5,1,1,AAGTCACTGTTCAAAGTCAG,0,4538219
yahL_predicted,0.5,1,1,AAGTATGACCCCTCCCAGAC,0,4518668
yahL_predicted,0.5,1,1,AAGTACCTACGGGACGCCGT,0,4523820
yahL_predicted,0.5,1,1,AAGGTGTACTCATCGTGGCA,0,4528047
yahL_predicted,0.5,1,1,AAGGGGCCACTACACACGGC,0,4531943
yahL_predicted,0.5,1,1,AAGGGCGGCCTTAACACGGC,0,4532467
yahL_predicted,0.5,1,1,AAGGGATAGGCTAGCACGCA,0,4538273
yahL_predicted,0.5,1,1,AAGGCCTCGAAAAATATCAT,0,4524516
yahL_predicted,0.5,1,1,AAGGCATACACTTATTGTTC,0,4517449
yahL_predicted,0.5,1,1,AAGGAATAATTGTTCCTACG,0,4536937
yahL_predicted,0.5,1,1,AAGCTTATGTGCACTTTTAC,0,4516281
yahL_predicted,0.5,1,1,AAGCTGAGTAGAGATACTTA,0,4523186
yahL_predicted,0.5,1,1,AAGCGTAGACGTGCAGGGCG,0,4541985
yahL_predicted,0.5,1,1,AAGCCGCTGTGACGTGCATA,0,4514026
yahL_predicted,0.5,1,1,AAGCCCGCAGTCAGATCAAA,0,4519911
yahL_predicted,0.5,1,1,AAGCAGTGAACCTAAGCGTG,0,4515399
yahL_predicted,0.5,1,1,AAGCAGCGTGAGTGATCAAT,0,4531252
yahL_predicted,0.5,1,1,AAGACTGCTGATCCACGTGC,0,4544208
yahL_predicted,0.5,1,1,AAGAAACGAATTTCTACCGC,0,4522021
yahL_predicted,0.5,1,1,AACTTTCCCCCCGATTGCCT,0,4520166
yahL_predicted,0.5,1,1,AACTTGTATCGCACAGGCGG,0,4512584
yahL_predicted,0.5,1,1,AACTTGTAAACTCCGCACCT,0,4516305
yahL_predicted,0.5,1,1,AACTTAATTCTTCACGTGGC,0,4522466
yahL_predicted,0.5,1,1,AACTATACGTGGCTGAACCG,0,4520501
yahL_predicted,0.5,1,1,AACGTAGCACATCGGCGCGT,0,4543618
yahL_predicted,0.5,1,1,AACGGTTAATTTTGAATTTG,0,4530848
yahL_predicted,0.5,1,1,AACGGGTGAGTGTACCTCTT,0,4516794
yahL_predicted,0.5,1,1,AACGGGCTTCGCAAAAATAG,0,4539978
yahL_predicted,0.5,1,1,AACGGATTTGCCCGCAATCA,0,4530219
yahL_predicted,0.5,1,1,AACGGAATTGATATATGAAG,0,4516540
yahL_predicted,0.5,1,1,AACGCCAACCCTAATGGGAA,0,4541244
yahL_predicted,0.5,1,1,AACGAGGGGCATTCCGTATA,0,4515658
yahL_predicted,0.5,1,1,AACCTCGTGGGGTCAATACG,0,4521108
yahL_predicted,0.5,1,1,AACCTACATGCCAGCAAGTT,0,4522705
yahL_predicted,0.5,1,1,AACCGAGCTGGACGGTGTTA,0,4519991
yahL_predicted,0.5,1,1,AACCAAAATCTTCGTCGGTG,0,4529555
yahL_predicted,0.5,1,1,AACACGGTCGCGTCCTGCAG,0,4532011
yahL_predicted,0.5,1,1,AACAAGCGCACATCGCTTGT,0,4538173
yahL_predicted,0.5,1,1,AACAACTTTTGCCACTTCTC,0,4526770
yahL_predicted,0.5,1,1,AAATTGAAGGGTAACTTTCT,0,4543435
yahL_predicted,0.5,1,1,AAATGGGGAAAGATACCAAT,0,4530416
yahL_predicted,0.5,1,1,AAATCCACTCTTTCAGAGGC,0,4535277
yahL_predicted,0.5,1,1,AAATACAAATAATGCAATTT,0,4519589
yahL_predicted,0.5,1,1,AAATAAAGCGTAATACATCT,0,4542706
yahL_predicted,0.5,1,1,AAAGTTCGTTCACCGTGTGG,0,4531472
yahL_predicted,0.5,1,1,AAAGAGTTATCTCTCAACCC,0,4542983
yahL_predicted,0.5,1,1,AAAGAGTATGTATTGGATTA,0,4516201
yahL_predicted,0.5,1,1,AAAGAGGGGGTTCTATCGTC,0,4519597
yahL_predicted,0.5,1,1,AAAGACATTGATATCAACGA,0,4529938
yahL_predicted,0.5,1,1,AAACGCAGTTTACAAAAACT,0,4537128
yahL_predicted,0.5,1,1,AAACCCGTGGTTTCGCACGT,0,4542004
yahL_predicted,0.5,1,1,AAAATCGGGGTTTAATGACG,0,4521607
yahL_predicted,0.5,1,1,AAAATAGTCCACGGCGGGGT,0,4527205
yahL_predicted,0.5,1,1,AAAAGTAGGACTGTATCATT,0,4540799
yahL_predicted,0.5,1,1,AAAACTACTCTCTAACGGTC,0,4535577
yahL_predicted,0.5,1,1,AAAACCGCTTAACCCCAAGG,0,4542364
yahL_predicted,0.5,1,1,AAAACCGCGTTGAACTGTTA,0,4529956
yahL_predicted,0.5,1,1,AAAAACCACTACGTTTATGG,0,4537747
yahL_predicted,0.5,1,1,AAAAAACAGACGTGGCAGAA,0,4517618
yahL_predicted,575.0,574,0,CCTTGAATTGAAAGAGGTGA,574,4540465
yahL_predicted,238.0,237,0,CCTCCTCCGTGGGTGCTCGA,237,4524204
yahL_predicted,146.0,145,0,GTTTCTCTCTGCCCCACGAA,145,4536999
yahL_predicted,3.0,2,0,CGGTTTCGCAGAAAGATGCG,2,4522458
yahL_predicted,3.0,2,0,CGGTCCGAGTGCAATCTCGG,2,4543130
yahL_predicted,3.0,2,0,CAACGTTCCCAGCCAAATTC,2,4541585
yahL_predicted,3.0,2,0,ACTTCCCTTGTGCGTCTGAA,2,4543224
yahL_predicted,2.0,1,0,TGGTGGCACAAGTAACCTCC,1,4530411
yahL_predicted,2.0,1,0,GTGGGATATCGGTCGGATGA,1,4518135
yahL_predicted,2.0,1,0,GTCATGCTGAAATTTCTGAA,1,4517994
yahL_predicted,2.0,1,0,GGGCGGAATGCGATCTTCTT,1,4526598
yahL_predicted,2.0,1,0,GCAGCCGGTGTAACAGGTAA,1,4521646
yahL_predicted,2.0,1,0,CTGGCACTAACCTGGTATGA,1,4537614
yahL_predicted,2.0,1,0,CGTGCCACGCTGTCTCACCT,1,4518165
yahL_predicted,2.0,1,0,CACTCAGGTTAAGGGCAAGA,1,4512622
yahL_predicted,2.0,1,0,ATCTCTCTTCGTATGCATTC,1,4539382
yahL_predicted,2.0,1,0,AATTGCTGACTCATGGCTCT,1,4518811
yahL_predicted,2.0,1,0,AATGAAGATCCCCATACGGA,1,4532241
yahL_predicted,2.0,1,0,AAGGCTTTTCCCCTACATTA,1,4514972
yahL_predicted,2.0,1,0,AAACGGTACTGCGTCATGGC,1,4517349
