name,relative_counts,ct,ct_0,barcode,ct_1,barcode_ind
kbpp4,10.472972972972974,2545,221,TGGCAGTAACGCCCATCTAA,2324,2076749
kbpp4,7.851851851851852,237,26,CGCGCAGAACGGAAAGCCTT,211,2015594
kbpp4,0.13043478260869565,24,22,GCGCTCTCTAATCAAGAGTA,2,2060684
kbpp4,6.9411764705882355,133,16,GTCCGAGCTAAGTTAGCAAT,117,2078472
kbpp4,5.294117647058823,105,16,CGTTTCTATTTGAGTATGGC,89,2015650
kbpp4,11.941176470588236,218,16,ATAGCCTAACAGTTATCCCT,202,2014717
kbpp4,0.125,16,15,GAGCTATGTGTGTTTATTTT,1,2075126
kbpp4,0.2,16,14,CAGCGGTCAACTGGAAATGT,2,2056663
kbpp4,11.428571428571429,172,13,TGCAAAGGCAGGGGATCGTA,159,2043608
kbpp4,12.285714285714286,184,13,GGTGGATTAATCTGGCATGG,171,2079178
kbpp4,7.857142857142857,122,13,AAGTTGCGCTCGACGGAAAG,109,2068516
kbpp4,8.23076923076923,118,12,TGTCCCGTAAATAATATTAA,106,2019889
kbpp4,0.15384615384615385,13,12,TGTAGGCAGGCCTAGGGTAC,1,2079771
kbpp4,13.153846153846153,182,12,GGTGGACTAGAGAGTCGTAG,170,2065718
kbpp4,0.15384615384615385,13,12,AAGAGCATCATACAGTTCGT,1,2025117
kbpp4,11.5,148,11,GAAATTTCCTAACCGAGCTG,137,2026469
kbpp4,21.25,265,11,CTACCCGCTACGCTAGTTCT,254,2060388
kbpp4,7.666666666666667,102,11,CGGTTAATGAATACAGCCAT,91,2051484
kbpp4,18.916666666666668,237,11,CGAGCCAGGAACAAAAAATT,226,2063288
kbpp4,0.16666666666666666,12,11,CAAGATAAAAATTAACCGCA,1,2032920
kbpp4,10.083333333333334,131,11,ACAGTTTCATAGTACCCGCT,120,2082774
kbpp4,0.2727272727272727,12,10,TGAGCAGCGCGGATTGTTAA,2,2019624
kbpp4,0.18181818181818182,11,10,TAAATATGGGTCCCCATCTA,1,2075831
kbpp4,13.090909090909092,153,10,GTGGTCCATCAATCAATTAT,143,2053278
kbpp4,17.545454545454547,202,10,GGTCCTCTAAGAGGGCATAA,192,2026105
kbpp4,12.818181818181818,150,10,CTGGATTACTCAGGTGCTGA,140,2021923
kbpp4,0.2,10,9,TTGGCGAATAACCTCGTTTC,1,2020074
kbpp4,124.5,1253,9,TGGGGCAGAAAGATGGACGC,1244,2048138
kbpp4,0.2,10,9,TCCACTGTACCCTAACGAGG,1,2080820
kbpp4,0.2,10,9,TCATTTTGATGCACCCAAAT,1,2061038
kbpp4,15.0,158,9,TACTGCCTGACCGCTGCTGT,149,2072200
kbpp4,12.8,136,9,GTGCCACCTGTGGCCTTCGG,127,2015520
kbpp4,16.2,170,9,GGCCTGAGGGATCGTAACGA,161,2082749
kbpp4,0.2,10,9,GCTAACAGTTGTGCCAGGAA,1,2082502
kbpp4,4.9,57,9,CTCTGCATGGCATCCTCGAA,48,2034392
kbpp4,0.2,10,9,CCGGATGCATACTCGACCTT,1,2042705
kbpp4,11.5,123,9,CCCTCATTATCGGGAAGTCT,114,2026086
kbpp4,35.0,358,9,CAGCGACGTCGCTTTCCTAA,349,2043626
kbpp4,14.0,133,8,TTCCTTGGTCCGTCTTCAAA,125,2044502
kbpp4,9.88888888888889,96,8,TTAGGCTATCAGAGCCCGAG,88,2017207
kbpp4,0.3333333333333333,10,8,TGGTTGCCCTTTTGGGTTAC,2,2057891
kbpp4,0.2222222222222222,9,8,TGGTTAAGCACGAACTCTAT,1,2075131
kbpp4,33.666666666666664,310,8,TGAATTAAAAATACTAATCT,302,2059800
kbpp4,13.222222222222221,126,8,TACTGCCCCTCGATATTCGT,118,2026412
kbpp4,9.88888888888889,96,8,GTGTGTATGACGATACCCAG,88,2017157
kbpp4,15.555555555555555,147,8,GGGCCGGTCACATTTAACGT,139,2083011
kbpp4,12.444444444444445,119,8,GGGCATTAGACTTATGAGAT,111,2023514
kbpp4,10.88888888888889,105,8,GGCGGTGGACACGGACTACT,97,2017597
kbpp4,0.2222222222222222,9,8,GGACTTGATAGATTCCAAAC,1,2070074
kbpp4,9.11111111111111,89,8,GCCGCGTCAGGTTTGACTCT,81,2018960
kbpp4,10.0,97,8,GAGGAGCGTTTATCAAAACC,89,2027032
kbpp4,0.4444444444444444,11,8,GAAGCGAGTGGAGTGAACCC,3,2036634
kbpp4,7.666666666666667,76,8,CCCATGCATGTATGTGCGAT,68,2054112
kbpp4,27.22222222222222,252,8,CAGATTGCTTTTTAGACGAA,244,2071129
kbpp4,0.2222222222222222,9,8,CACCCCGAATGGCAGCTCCA,1,2027433
kbpp4,34.22222222222222,315,8,AGGCGTGCATTAATAGGAAT,307,2016243
kbpp4,0.2222222222222222,9,8,AGCCTGATTGCGATCTGTTA,1,2079552
kbpp4,12.0,115,8,ACCCGTATCCTGGCGTCAAA,107,2038101
kbpp4,0.2222222222222222,9,8,AAGTTACGAGATCAGTTAGT,1,2019848
kbpp4,17.875,149,7,TGGAAGGTAGTTGTACAGTG,142,2034821
kbpp4,19.0,158,7,TGCGGTCCTGGTTTAGTGAT,151,2050002
kbpp4,0.25,8,7,TCGTTCAGGAAAAGGTTTCG,1,2049697
kbpp4,10.75,92,7,TCGGTTCCACATCTGGATTA,85,2019949
kbpp4,10.75,92,7,TCCCCATTATCAGGTAAATT,85,2029646
kbpp4,13.875,117,7,GTATTTGATAGGTAATTGGG,110,2079093
kbpp4,0.25,8,7,GCTCCGTTGGGCATTCGTTG,1,2080187
kbpp4,0.25,8,7,GCGCTTCCGAAGGCCGGTTT,1,2070305
kbpp4,0.25,8,7,GCGCAGTTCTTAAATTGAAT,1,2022149
kbpp4,34.25,280,7,GCGACGAATGCGTCCAATCC,273,2039962
kbpp4,27.25,224,7,GCCTTGGTAGCAACTGTAAG,217,2054290
kbpp4,0.25,8,7,GATCGCTCAGCACTGGGTCC,1,2068738
kbpp4,0.375,9,7,GACTGCAGGGTCAACTCAGT,2,2028463
kbpp4,10.125,87,7,GACTACCTGCACTTCGATTT,80,2063385
kbpp4,8.625,75,7,GACCAGGCGGTCATCGTAGG,68,2067847
kbpp4,0.25,8,7,CTGGCCTGTATTCCAACCTT,1,2014486
kbpp4,0.25,8,7,CTCGCCAGAGGGTAGGTTAT,1,2050147
kbpp4,0.5,10,7,CTACGTATGGGTTGAACAAT,3,2043360
kbpp4,7.375,65,7,CGAATGAATCGTATTGCTGT,58,2085583
kbpp4,11.375,97,7,CCGGGTCTGAAGCCGTCCGT,90,2045242
kbpp4,15.5,130,7,CCCTAGGGGCCAAGTTGCAT,123,2083245
kbpp4,14.75,124,7,CCCGGTGAGTGTGGAGCGAA,117,2018045
kbpp4,15.125,127,7,CCACTTTTCCTTTATCGCGA,120,2029986
kbpp4,18.0,150,7,CATCACAGGCCTCAAGAAGA,143,2067139
kbpp4,0.25,8,7,CAAGCTCCGGGAGGTAGGCA,1,2032775
kbpp4,64.0,518,7,AGGTAGGGCTCCGACAATCT,511,2077619
kbpp4,0.25,8,7,ACGCTATGGCTTGGCACGTA,1,2016252
kbpp4,7.125,63,7,ACGATCATTTGGCAAATAGC,56,2036966
kbpp4,0.25,8,7,ACCTCAGGTAACGATTGGTG,1,2015902
kbpp4,12.0,102,7,AAAACTTGGCGTCAGGACAT,95,2066855
kbpp4,23.428571428571427,169,6,TTTCAGTCCAATTCGATCAG,163,2078531
kbpp4,23.571428571428573,170,6,TGGCCTGTAGGTAGGGTCCC,164,2043828
kbpp4,0.2857142857142857,7,6,TGCACACTCGTATCGACCGT,1,2068206
kbpp4,17.714285714285715,129,6,TGACTACTTTAAACGCGTAA,123,2049029
kbpp4,18.857142857142858,137,6,TCTGAGGGCTAGACTTCCGG,131,2056930
kbpp4,0.2857142857142857,7,6,TCGCTGTAAAAGCACGCAAT,1,2042276
kbpp4,2.0,19,6,TCAGTGTGGTTCCCCAGCCT,13,2039442
kbpp4,10.0,75,6,TCAGACGAGTTTTAACGCTC,69,2042896
kbpp4,14.0,103,6,TATTTCGAGAGTTCGCAAAG,97,2022371
kbpp4,25.857142857142858,186,6,TATCCTACTGTCACTGTATT,180,2074162
kbpp4,0.2857142857142857,7,6,TAGAATATACCCATTCTCTT,1,2019487
kbpp4,0.2857142857142857,7,6,TACATAGCTCTTTGAGGGCT,1,2060934
kbpp4,22.428571428571427,162,6,GTTCAAGTGATCCCTAACGA,156,2037395
kbpp4,21.142857142857142,153,6,GTCCTCAACACATTTAGGTC,147,2040463
kbpp4,0.2857142857142857,7,6,GTAGAGGCCCGAGGCGGATT,1,2051380
kbpp4,0.2857142857142857,7,6,GGCGTCCCGTGTGTTGTGCA,1,2031596
kbpp4,0.2857142857142857,7,6,GCTGATGGGAAGACATAGAC,1,2036094
kbpp4,25.0,180,6,GCGAAGCCGTATGCGCCATT,174,2061094
kbpp4,12.142857142857142,90,6,GCACCATCTGCGTTAACATT,84,2064123
kbpp4,0.5714285714285714,9,6,GATTGCACGGTGAAATCTGA,3,2032040
kbpp4,0.2857142857142857,7,6,GAGTGCGATCGCACATCGTT,1,2045712
kbpp4,17.285714285714285,126,6,GAGTCTCTTAGAGAGGTCCC,120,2045043
kbpp4,0.2857142857142857,7,6,GACTGCATGACAAATATCAT,1,2030799
kbpp4,28.142857142857142,202,6,GACTACTGCCCCCCAAACGT,196,2029742
kbpp4,14.714285714285714,108,6,GAACAGGAACTTGAGCTAAA,102,2015595
kbpp4,0.2857142857142857,7,6,CTGGTTGTTATCTCCGCGTG,1,2082378
kbpp4,27.0,194,6,CTGCTCCATTCTTCAGCTGA,188,2020424
kbpp4,0.2857142857142857,7,6,CTCGCTCCGAGATAACCACA,1,2024741
kbpp4,9.0,68,6,CTCCGACACAAATTGCGCCT,62,2031183
kbpp4,11.428571428571429,85,6,CGTATGGGCAAGTAGTAATC,79,2057893
kbpp4,12.857142857142858,95,6,CGATTTTCTGTCCGCTACGG,89,2027666
kbpp4,20.0,145,6,CGAAGGAACTGGACCCAAAT,139,2020778
kbpp4,36.0,257,6,CCGAATCGTTGAGGATTTCA,251,2023702
kbpp4,20.0,145,6,CCATTGGTTGTTCCACGTCA,139,2062867
kbpp4,19.857142857142858,144,6,CCATGCCAACCTGTGGTACC,138,2056332
kbpp4,0.42857142857142855,8,6,CACTTCCCATGTATATTCAT,2,2061955
kbpp4,14.142857142857142,104,6,CACTCGCTGGTCTCGGTCAT,98,2050397
kbpp4,0.2857142857142857,7,6,CAATTTACAAACAACTCACT,1,2057053
kbpp4,17.571428571428573,128,6,AGCCAGTGACGGAGACTGCA,122,2050128
kbpp4,36.714285714285715,262,6,AGATTTATTCAAAGTTACCT,256,2041533
kbpp4,0.2857142857142857,7,6,ACGACCGCAGCGTAAGTGTG,1,2042169
kbpp4,0.3333333333333333,6,5,TTGAGATGAAGCATTCGCCG,1,2022850
kbpp4,0.5,7,5,TTCTGATCTTCTCGACCTAT,2,2039144
kbpp4,0.3333333333333333,6,5,TTCGCTCATTCGCCCACGTC,1,2016736
kbpp4,1.3333333333333333,12,5,TTATCATCTATTTGCTACGA,7,2022200
kbpp4,0.3333333333333333,6,5,TGTTATTCAGGGTTCCCGGG,1,2035563
kbpp4,14.333333333333334,90,5,TGTTATGAAAGGCCAATGGA,85,2016151
kbpp4,23.666666666666668,146,5,TGAGCTACAATCGAGTGCTT,141,2027989
kbpp4,0.3333333333333333,6,5,TGACAAAATTATTGAGAGTT,1,2052447
kbpp4,26.0,160,5,TCTGAGCTCACAGTTATGCC,155,2031098
kbpp4,15.333333333333334,96,5,TCTACTACACGTACGAACAG,91,2032139
kbpp4,8.833333333333334,57,5,TCCAAGTTATAGGCTCGATT,52,2016348
kbpp4,22.166666666666668,137,5,TCACGGCGGCCCCGTCGGCA,132,2064521
kbpp4,25.5,157,5,TCACATAATACCTCGGCCCT,152,2044005
kbpp4,3.0,22,5,TAGGTGCGGAGTGGGGACGT,17,2021527
kbpp4,21.5,133,5,TAGGTGCCCTTGTATATCTA,128,2040175
kbpp4,32.333333333333336,198,5,TAGCCTTACGCGGGAAGACT,193,2035345
kbpp4,0.6666666666666666,8,5,TACGACCTATGCCCATTTTA,3,2029635
kbpp4,0.5,7,5,TAATCAGGTACCTTCGCTGA,2,2036485
kbpp4,0.3333333333333333,6,5,TAAATAGCATATTAGAATAC,1,2023829
kbpp4,0.3333333333333333,6,5,GTTCGGGGATTTCTCGGCAT,1,2049879
kbpp4,24.0,148,5,GTCGCCAAAGTCGAAGGCGA,143,2077043
kbpp4,14.0,88,5,GTCAATTGTTTAGAACCTAG,83,2080688
kbpp4,0.3333333333333333,6,5,GTAAATCCAAAGCTGAAGAA,1,2050234
kbpp4,14.166666666666666,89,5,GGGTAAGTGTAATAGGATGC,84,2017884
kbpp4,0.3333333333333333,6,5,GGGACGATGGAGACAGCCTC,1,2041450
kbpp4,0.3333333333333333,6,5,GGCCCACGAGTTGGGATGGC,1,2019002
kbpp4,23.666666666666668,146,5,GGCAAATGCGACTGAAGTCG,141,2029998
kbpp4,24.833333333333332,153,5,GGAGTTCGGGTACGAATAGA,148,2018059
kbpp4,18.166666666666668,113,5,GCTTATCCAATGATTCCTCA,108,2073501
kbpp4,49.833333333333336,303,5,GAGGATGTGCCATCATAGTA,298,2082337
kbpp4,14.0,88,5,GAGCATGTCTTAAGGTGAGC,83,2060395
kbpp4,0.3333333333333333,6,5,CTTTCATGAAGGTGTTCCGT,1,2030801
kbpp4,24.333333333333332,150,5,CTTACACATGTCGAGTGGTA,145,2049830
kbpp4,45.666666666666664,278,5,CTGCACGTCCGTCTTCAGTT,273,2071050
kbpp4,0.6666666666666666,8,5,CTCGTACGCGTCGGAAAATA,3,2056136
kbpp4,36.5,223,5,CTCCGTATTTTGGTCTTCGG,218,2017881
kbpp4,20.5,127,5,CTATTTGCCTACCGTTCCGT,122,2023827
kbpp4,26.0,160,5,CTACAAGTGGCTAAGGACAT,155,2078604
kbpp4,15.166666666666666,95,5,CGTATTCCGGCTCAGTTTCG,90,2033755
kbpp4,20.5,127,5,CGGCTCTACCGAGGGTGGAT,122,2020216
kbpp4,0.3333333333333333,6,5,CGCTTCGAGTCCCAGCTCCT,1,2033160
kbpp4,0.3333333333333333,6,5,CGCGCGCTTAAGATCAACAT,1,2055625
kbpp4,17.5,109,5,CGCCTTGGTGGGATTCTAGT,104,2035088
kbpp4,9.5,61,5,CGAGAAAAACCCTATCGTCG,56,2039147
kbpp4,0.3333333333333333,6,5,CCTTGAAACCGCTGGGAATC,1,2074690
kbpp4,0.5,7,5,CCTGAATTCATCCTGGATTC,2,2052130
kbpp4,0.5,7,5,CCGTGGAAAAATGGGATCAT,2,2047548
kbpp4,5.5,37,5,CCCTACTCAATGAGACTTAT,32,2039522
kbpp4,29.833333333333332,183,5,CCCAAAGTACCGCGTCGAAA,178,2030536
kbpp4,26.0,160,5,CCAATACAACCCCCTCGTTC,155,2083521
kbpp4,3.5,25,5,CACTATTCACGTCCGAACCT,20,2048489
kbpp4,0.3333333333333333,6,5,CAAGAAACCAGAAAGCAGGC,1,2080757
kbpp4,10.5,67,5,ATTTACATGCGTCAGAGCTG,62,2072474
kbpp4,21.166666666666668,131,5,ATTCAATGTGAGGGAAGCGG,126,2068622
kbpp4,24.5,151,5,ATGAGGCCGAATACCCCGAC,146,2053902
kbpp4,16.5,103,5,ATCTAGTCTACGAGCTCATC,98,2034813
kbpp4,0.3333333333333333,6,5,ATAGTACCCGCCCCGGTACT,1,2020825
kbpp4,0.3333333333333333,6,5,AGTTGGCTCCGAGGGAAAAA,1,2059164
kbpp4,0.5,7,5,AGTGGGATGACTGATTTAAT,2,2033938
kbpp4,0.3333333333333333,6,5,AGTAGAGAACTAGGGTATAG,1,2072530
kbpp4,16.5,103,5,AGTACAGACACTTCTCGTAG,98,2040172
kbpp4,23.5,145,5,AGAGAGTCAGTGCCATCGGT,140,2051663
kbpp4,0.3333333333333333,6,5,AGACTTGCACAGTCAAGCAA,1,2017172
kbpp4,0.3333333333333333,6,5,ACTTTATCACGACTACACCT,1,2058961
kbpp4,22.5,139,5,ACTCCGGTCACACAATCATG,134,2045677
kbpp4,2.3333333333333335,18,5,ACTATCAACGTCGAGATGTT,13,2032621
kbpp4,24.333333333333332,150,5,ACGTACGGTAAGTTAAGACA,145,2021099
kbpp4,0.5,7,5,ACATTGCTAGCAGCTATCTG,2,2024566
kbpp4,7.5,49,5,ACACCTTTGGCAATCTGAGT,44,2028231
kbpp4,8.0,52,5,AAGCCGTTGGTCGCTCTGGT,47,2072163
kbpp4,0.3333333333333333,6,5,AAGCCGTTACGTTAATTCGT,1,2055795
kbpp4,0.3333333333333333,6,5,AAGCCAGGTCTATCCGTGAG,1,2066267
kbpp4,0.3333333333333333,6,5,AAGAAGATATTGTAAGGCTC,1,2046630
kbpp4,0.3333333333333333,6,5,AACGGCGACGCAGTCGCCAC,1,2053527
kbpp4,0.3333333333333333,6,5,AACCTGGCGTGTAGCCCTTT,1,2061020
kbpp4,0.4,5,4,TTTTGTTCGCGTTTCTGGAA,1,2058888
kbpp4,26.6,136,4,TTTAAAGAGTCCCGGGTGGA,132,2071672
kbpp4,12.2,64,4,TTCCACAGTGGCATGATCGT,60,2036031
kbpp4,12.0,63,4,TTCATCTCTCGGGTATGTGG,59,2034393
kbpp4,22.0,113,4,TGTTAGGATAAGAACTATTG,109,2018719
kbpp4,0.4,5,4,TGGGTGAGTGGCGGGTGTCA,1,2081126
kbpp4,17.2,89,4,TGGATGACAAACGGGGTGCG,85,2036232
kbpp4,30.8,157,4,TGACCCGATAGGCCCGGATT,153,2080946
kbpp4,25.8,132,4,TCTTTGAAATAATGATGTCA,128,2037984
kbpp4,18.6,96,4,TCTCGCCTCCTCACCAGTGC,92,2018977
kbpp4,69.0,348,4,TCTAATACTGGGTGGGTATT,344,2024743
kbpp4,25.6,131,4,TCGTCCGCAATATTCGGCTT,127,2057948
kbpp4,0.4,5,4,TCGGCGTGGACTACAGGGAC,1,2062604
kbpp4,0.6,6,4,TCGAGACGGGCACACGTCCT,2,2071492
kbpp4,0.6,6,4,TCCGTTGTCAACGTGACAAT,2,2027712
kbpp4,0.4,5,4,TCCGAATGACGCCAAGCTAA,1,2029155
kbpp4,25.6,131,4,TATGCATGTTCCTGAAAAGT,127,2074818
kbpp4,0.4,5,4,TATACGACTCAGTTCTTGTG,1,2035967
kbpp4,0.4,5,4,TACAGCGATCCCCTACATTA,1,2080569
kbpp4,8.4,45,4,TACAGAGCCTTGAATAGCAA,41,2083906
kbpp4,0.4,5,4,TACAAATTCGCGGTAAGCGC,1,2052451
kbpp4,0.4,5,4,TAACAGCTCGTTACCAATGA,1,2075912
kbpp4,25.6,131,4,TAAATTCAAACACATCACAT,127,2056805
kbpp4,24.6,126,4,TAAACGCGTGGCAGCCTGGA,122,2027029
kbpp4,28.4,145,4,GTATTCCCATGCAACATCGC,141,2061041
kbpp4,14.4,75,4,GTATCCACTTTCGCCGGCTT,71,2075547
kbpp4,25.6,131,4,GTATATAATCCGCCTTACCT,127,2062011
kbpp4,26.2,134,4,GGTTGTGTTGTTTGTTATCA,130,2030543
kbpp4,31.6,161,4,GGGGCTCTTGTGAGTAACCC,157,2029741
kbpp4,28.6,146,4,GGCGATAGGTCTCTCCGCCT,142,2017809
kbpp4,22.8,117,4,GGCCGAGGTTCGGGGAGAGA,113,2043071
kbpp4,57.0,288,4,GGATTCCCGTCTACATTACG,284,2066211
kbpp4,0.6,6,4,GGAGCTCCCATAGAGATGCA,2,2019268
kbpp4,0.4,5,4,GGACCACGGCACGGACTGCT,1,2073795
kbpp4,0.4,5,4,GGAAAGAGATTCGTGATCGA,1,2071675
kbpp4,39.0,198,4,GCTAGGTATGAAGATTGCCT,194,2057793
kbpp4,0.4,5,4,GCGGGGTACTTTGTTTGGAG,1,2076898
kbpp4,45.2,229,4,GCCTGGGTAACGAATTTCTA,225,2054288
kbpp4,101.8,512,4,GCCTCAGTGGCATGGGACGC,508,2073417
kbpp4,0.4,5,4,GCATTAGTCTCTCTATCTCC,1,2055797
kbpp4,0.4,5,4,GCATGATAAAGCAAATGCTT,1,2061988
kbpp4,0.4,5,4,GCAGCCGTATCCACGATGCC,1,2066786
kbpp4,27.8,142,4,GATGCTTCGTACAAAAGTCG,138,2024617
kbpp4,30.2,154,4,GATCTAATTAGGAAGATTTG,150,2032147
kbpp4,7.8,42,4,GAGAACGCGCTTGTCCGACA,38,2064850
kbpp4,16.2,84,4,GACGGACTGTGAGAGCCCCC,80,2044224
kbpp4,0.4,5,4,GACCCACTCTGTCTGACGAT,1,2025450
kbpp4,0.4,5,4,GACACTTGAGGTCCACTCCT,1,2063611
kbpp4,0.4,5,4,GAAGCGGATGATCTGCGCGT,1,2061402
kbpp4,25.4,130,4,GAACCGGTTTGGGTTACGTG,126,2017067
kbpp4,0.4,5,4,CTGGCAAGGGAAGGACCCTG,1,2057532
kbpp4,21.2,109,4,CTCGTCGCTGCGGAATTTCG,105,2074745
kbpp4,0.4,5,4,CTCGTATAGTGATCATGTAA,1,2021781
kbpp4,0.4,5,4,CTCCGTATTTAGTTCCGGAT,1,2064605
kbpp4,12.0,63,4,CTCCACTCCACTCTTTCCAG,59,2038240
kbpp4,23.0,118,4,CTCATAATCAGAGGAAACTA,114,2016359
kbpp4,30.8,157,4,CTCACTGTGCGGGGCTGGCA,153,2067262
kbpp4,29.2,149,4,CGTGTGGCAGCGACACCGGT,145,2058716
kbpp4,0.4,5,4,CGGGACTTTCGGAGGCCCAT,1,2057082
kbpp4,12.6,66,4,CGGCACTGGAATGTGAGGGC,62,2015400
kbpp4,16.6,86,4,CGGAGTCCTCTTGCCTCTTG,82,2056761
kbpp4,0.4,5,4,CGCTTGTGCCGCGGTTTACG,1,2072933
kbpp4,33.6,171,4,CGCGGCGCTATGTCTACATT,167,2051183
kbpp4,35.0,178,4,CGAGGATCAATTTAGTTAAA,174,2075884
kbpp4,78.2,394,4,CGAAAAGCCGGTACCGGGCA,390,2048782
kbpp4,38.6,196,4,CCTTAGCGAATTAGAGAGTA,192,2048047
kbpp4,55.2,279,4,CCTATTACTGTTGCAGTAAT,275,2015340
kbpp4,0.4,5,4,CCGTAGGTGAAGGAATTTAG,1,2034229
kbpp4,0.4,5,4,CCGGTGTTAAGACTATTGCT,1,2059547
kbpp4,0.4,5,4,CCCCATCTAGTACGACATAA,1,2063528
kbpp4,15.0,78,4,CATAAGTGTTGTAGTTATCA,74,2049971
kbpp4,28.4,145,4,CAGTGTATTTGATTCAAGCT,141,2040983
kbpp4,0.8,7,4,CAGCATAATATGGTAAAGCG,3,2024942
kbpp4,13.2,69,4,CACATATGTGCAACCAACGT,65,2056451
kbpp4,65.8,332,4,ATTCGAATGCGCCTTTAGAA,328,2034500
kbpp4,12.6,66,4,ATAGGTTCAGTACCCAAGTA,62,2058654
kbpp4,0.4,5,4,AGTTGCAGCACTGTCCTTCG,1,2038532
kbpp4,56.8,287,4,AGTCACGTCCCCTCGGTCCA,283,2032422
kbpp4,3.8,22,4,AGGCCTCCCTCAATCTTGAC,18,2037985
kbpp4,16.2,84,4,AGGCCGTGGGGATTAGCCAG,80,2033282
kbpp4,145.0,728,4,AGGCAGATTGTTAGTATTTT,724,2038195
kbpp4,15.2,79,4,AGGAAGTGCGAGGAACAGTA,75,2026235
kbpp4,25.6,131,4,AGAGTCGTTGGTCTCGCAAT,127,2064577
kbpp4,25.0,128,4,AGAGCCGGGGTTTGTATCAC,124,2055883
kbpp4,0.4,5,4,ACTAAGAAACACTGGCTGGC,1,2051606
kbpp4,0.4,5,4,ACGCGGTCGGGGACAACTGT,1,2046882
kbpp4,21.4,110,4,ACCCTTTACCAACAAAATAA,106,2030074
kbpp4,31.6,161,4,ACCCCCCCGTCAACGGGCAT,157,2057226
kbpp4,18.4,95,4,ACCCAGCCCCTGAGTCTGGC,91,2032263
kbpp4,10.2,54,4,ACCAGGATAGATTCGTGACA,50,2044500
kbpp4,31.0,158,4,ACAGATGCCGACCCAAGCGC,154,2027761
kbpp4,43.0,218,4,AATATAGACCGTGCATCTTT,214,2078956
kbpp4,0.4,5,4,AACGGGCGAGCACGTTGCCC,1,2034667
kbpp4,80.4,405,4,AACATGCCAGTAGTGAGTTT,401,2023677
kbpp4,5.4,30,4,AAATATGGCGGCGTCGCTAT,26,2074987
kbpp4,0.4,5,4,AAACAACCTGGTGTCCGGTA,1,2069349
kbpp4,26.4,135,4,AAAAAGTTTTAGTATAAAAG,131,2054308
kbpp4,22.2,114,4,AAAAAATCGCAGATATAAAA,110,2047260
kbpp4,59.75,241,3,TTGGTACAATGGCTAGAGCG,238,2028275
kbpp4,0.5,4,3,TTGACTTTTCAAGTCTGGAT,1,2083882
kbpp4,0.5,4,3,TTGACTAACACCTGGTATAT,1,2077983
kbpp4,0.5,4,3,TTCGACCTATTGGTTTATTC,1,2077811
kbpp4,41.0,166,3,TTATCTTCTGGAGAACAGTA,163,2046236
kbpp4,26.75,109,3,TTACTACGTACTTCATGGTG,106,2029113
kbpp4,1.75,9,3,TTAACAGAGCGGGGGAGGAC,6,2078022
kbpp4,31.5,128,3,TGTTTTCGCATATATAAATG,125,2020417
kbpp4,43.0,174,3,TGTGCTCTCCAAAAATCGCG,171,2026146
kbpp4,34.5,140,3,TGGTGCGTGAGGTCTCCCAC,137,2017120
kbpp4,7.75,33,3,TGGTATGTCCGGCTTATACT,30,2030748
kbpp4,0.75,5,3,TGGGAATGTATCCTGCACGA,2,2033267
kbpp4,0.5,4,3,TGGATACCAATCCAGACGTA,1,2057630
kbpp4,0.5,4,3,TGCTGATCGAGACGAAGTGA,1,2053334
kbpp4,27.0,110,3,TGCTACCGCCTCAAGGGGCA,107,2045256
kbpp4,31.0,126,3,TGCTAAGTGTGACGAACGAT,123,2037720
kbpp4,0.5,4,3,TGCCTTTTAGGGAATAGTTA,1,2053279
kbpp4,32.5,132,3,TGCCGGGGACTAGCTTCTAG,129,2052660
kbpp4,36.5,148,3,TGCCCCAATCGGCCGCTATA,145,2085074
kbpp4,0.5,4,3,TGCCCAGGCAGTTGTAGATA,1,2052693
kbpp4,52.5,212,3,TGCAGGGCTGCGCGCAGGGT,209,2050616
kbpp4,34.0,138,3,TGATTCTTTGGTTGTCAAGT,135,2018688
kbpp4,34.75,141,3,TGAGGTTGTGGGGGTTTCTG,138,2063340
kbpp4,29.0,118,3,TCTGTCGTTGTCCATAAAAT,115,2071209
kbpp4,22.0,90,3,TCTGGTGGTGTTCTGTTAGT,87,2032095
kbpp4,0.75,5,3,TCTGCCCTGCAACTCCAATT,2,2074061
kbpp4,207.0,830,3,TCGCGTTGGTACAGGGTACC,827,2055869
kbpp4,0.5,4,3,TCGATGAGGTTCAGCGGGGA,1,2083799
kbpp4,34.25,139,3,TCCGCCTCATAGGGATAACA,136,2021714
kbpp4,97.5,392,3,TCCATCCCACTCGCCACTGT,389,2020624
kbpp4,10.5,44,3,TCAGGGACGGGCATTCTTAA,41,2070687
kbpp4,29.0,118,3,TATGGCGAGGTACAGAGCTG,115,2055868
kbpp4,41.5,168,3,TATATGTTAGCGGAGACAGC,165,2020803
kbpp4,0.5,4,3,TATACCCGCCATGAAGAAAA,1,2050633
kbpp4,0.5,4,3,TAGGTTGAGCTGTGAAGGCA,1,2029951
kbpp4,0.5,4,3,TAGGACGACTGACACCAGAA,1,2073517
kbpp4,0.5,4,3,TACTGGTACACTTAGTAGTT,1,2066279
kbpp4,35.75,145,3,TACCCCACTTGGTTAGCAAT,142,2066854
kbpp4,39.0,158,3,TAAATTTGGGACTGGTCCCT,155,2057584
kbpp4,0.5,4,3,TAAAATGTGAGCGGATGGTT,1,2025981
kbpp4,24.25,99,3,TAAAATGCGGAAGGGGAGGC,96,2053695
kbpp4,0.5,4,3,GTTGGGGAATTACAGGTTAA,1,2030386
kbpp4,0.5,4,3,GTTGGCCCAGACATTCAAAG,1,2047286
kbpp4,0.5,4,3,GTTCCCGATAAGCGTAAGCT,1,2047680
kbpp4,60.0,242,3,GTTAAGGGGGGGCACACTAT,239,2083558
kbpp4,30.75,125,3,GTGAACCGGCGGATAAGGAC,122,2067214
kbpp4,23.0,94,3,GTCGGGGTCTTGATTCTTTA,91,2051876
kbpp4,0.5,4,3,GTCCGGATACGATTATCTAA,1,2058161
kbpp4,0.5,4,3,GTCCGGACAAGCTTAGGAGA,1,2025729
kbpp4,29.0,118,3,GTCCGACATGCTGGTGAAAA,115,2043776
kbpp4,62.75,253,3,GTAGTAAAATACAAAGTCTA,250,2071161
kbpp4,22.75,93,3,GTACATCTAAGTCCTGTTCT,90,2034611
kbpp4,0.5,4,3,GTAACTCTCCTGTATATTTG,1,2020901
kbpp4,44.75,181,3,GTAAATGTCTGGTGAAAAGT,178,2046211
kbpp4,73.75,297,3,GGTCATTTTGGTATATGATC,294,2027717
kbpp4,30.75,125,3,GGGGTCCCGGGTCGTCGCGA,122,2016519
kbpp4,44.25,179,3,GGGATGGATACCAGCGAACT,176,2017182
kbpp4,0.5,4,3,GGGACCTGACGACCGGACTC,1,2060488
kbpp4,50.25,203,3,GGCTTTCTAGTAAATAAACA,200,2052626
kbpp4,0.5,4,3,GGCTCGTACCCGTTATACAT,1,2053768
kbpp4,13.75,57,3,GGCTATGTCCACCAGATACA,54,2030863
kbpp4,0.5,4,3,GGCCTCGTCTCTACCTGAGT,1,2029453
kbpp4,0.5,4,3,GCTTGTGGACACACAGAAGT,1,2058385
kbpp4,0.5,4,3,GCTCTGCACATCCACGCCCA,1,2041060
kbpp4,0.5,4,3,GCTCTCGCGTCCATTTTGAT,1,2016948
kbpp4,0.5,4,3,GCTATATGCACCACATACGA,1,2050578
kbpp4,12.25,51,3,GCGTTTGCTCCGGAATTCGG,48,2039613
kbpp4,0.75,5,3,GCGGCAGACATACTCAGCGG,2,2032314
kbpp4,15.0,62,3,GCCCGACGGATCAACATATG,59,2037132
kbpp4,0.5,4,3,GCACCGGGCGAGCATGTGTA,1,2075396
kbpp4,29.75,121,3,GATGTCAACTGGAAGTCGCT,118,2052061
kbpp4,84.5,340,3,GATGGAGCCTGCTGTGGTGT,337,2030072
kbpp4,0.5,4,3,GATCTCAGCAAGTTAGAAAT,1,2017543
kbpp4,33.0,134,3,GATACTGAGGTAGCAAACGC,131,2019525
kbpp4,0.5,4,3,GATACCTTTCGAGGTCCGAC,1,2068784
kbpp4,30.25,123,3,GAGTTGCCAGAAAAACGGTT,120,2024332
kbpp4,0.75,5,3,GAGTATAATCTCGAATTCCA,2,2020470
kbpp4,10.25,43,3,GAGCGAGCCAATCCAGTCCA,40,2046270
kbpp4,31.75,129,3,GAGCATAGGGCAAAACGCTA,126,2043751
kbpp4,37.5,152,3,GAGCAGACGAGGACGTGATG,149,2022726
kbpp4,70.5,284,3,GACTTCATTAACAGCGGAAA,281,2068520
kbpp4,0.75,5,3,GACGAGATCGTGTTTCCACT,2,2041918
kbpp4,0.5,4,3,GACGAAGAAAATACGGACGT,1,2043946
kbpp4,0.5,4,3,GACCCTGAAGGTAAACTTGT,1,2030218
kbpp4,38.5,156,3,GAAAATAGTCCGACTCGGAG,153,2083158
kbpp4,32.5,132,3,CTTGCCCTCACGGCAGGACA,129,2061680
kbpp4,38.0,154,3,CTTCGGGATCCAGGCACTGT,151,2037961
kbpp4,30.75,125,3,CTTCCCGGGGGAGATCTACA,122,2071068
kbpp4,0.5,4,3,CTTATTTTTGAAGTGGTAAT,1,2043643
kbpp4,19.0,78,3,CTGTCTTAGGCATTTGGGGT,75,2037661
kbpp4,0.75,5,3,CTGGTTTGGCGTGGGTCAAC,2,2035649
kbpp4,30.0,122,3,CTCTAATTTCGCGAGGCGTT,119,2076438
kbpp4,17.75,73,3,CTCCCGCTCCCCGCTGAAAT,70,2036919
kbpp4,0.5,4,3,CTCAGTTGACTCTAGGCATA,1,2017930
kbpp4,28.5,116,3,CTCAAAGCATCGCCGTACAT,113,2026417
kbpp4,70.5,284,3,CTATTGGCCTCCGAGGTTCG,281,2021645
kbpp4,0.5,4,3,CTACCGGACTACACGACGAA,1,2033747
kbpp4,19.0,78,3,CTAATCAGGCGTGCAAAAAT,75,2022153
kbpp4,0.75,5,3,CGTTGCGGTCGTTTGACTAA,2,2044578
kbpp4,0.5,4,3,CGTTATTGTCTCAGCTATCT,1,2051267
kbpp4,62.0,250,3,CGTTAGCATTTGGGCTTAGT,247,2017432
kbpp4,1.75,9,3,CGTGCTCGGTGTTTCTACCA,6,2080115
kbpp4,24.0,98,3,CGTGCCTGACAAGCTCGGGT,95,2076070
kbpp4,60.75,245,3,CGTCACCCCTGGCCAATCAC,242,2071747
kbpp4,40.25,163,3,CGGGCCGACAAATGCAGCAT,160,2027028
kbpp4,31.0,126,3,CGCGTGGCGAGAACAGATCA,123,2042362
kbpp4,38.0,154,3,CGCAGAACCCTAAACACGGT,151,2049846
kbpp4,0.5,4,3,CGACGGTGGCCCCCGCCTCG,1,2080255
kbpp4,78.25,315,3,CGAATAACGTTATCGCCCGA,312,2042153
kbpp4,10.25,43,3,CCTTTAACGTGCCACAGTAT,40,2049704
kbpp4,0.5,4,3,CCTGATTTAATACCCTAAAA,1,2063333
kbpp4,0.5,4,3,CCGGGGGCTTGCTAAGGGTC,1,2049442
kbpp4,38.25,155,3,CCGGCACTGTGGTCCTAGTG,152,2071345
kbpp4,27.5,112,3,CCGAGAGACGGTGGATCAGA,109,2027288
kbpp4,0.5,4,3,CCCTGCGCAAATATCAGTTA,1,2037180
kbpp4,0.5,4,3,CCCGGCAGGACTCCAGATGA,1,2054930
kbpp4,41.5,168,3,CCAATGTTACAATAGGCCCT,165,2063840
kbpp4,28.0,114,3,CATGCAATTCTAGTAGTCGG,111,2071604
kbpp4,0.5,4,3,CATAAGCGCCTGGACCCGAT,1,2081866
kbpp4,0.5,4,3,CAGGTGTAGTTTAATCGTAG,1,2084625
kbpp4,15.75,65,3,CAGCGATACTAGTACCTACA,62,2029886
kbpp4,24.25,99,3,CACTCGGGATATGTCTTAAC,96,2062237
kbpp4,59.5,240,3,CACTACCACTGATCTTCTTT,237,2051296
kbpp4,0.5,4,3,CAATTTCGTACATCAGTGTT,1,2025802
kbpp4,0.5,4,3,CAATTGCGTCATGCAACGCA,1,2067084
kbpp4,33.25,135,3,CAAGACCACCGCCGGAGGCG,132,2037312
kbpp4,0.5,4,3,CAACATTCGTGTCTACACAT,1,2037647
kbpp4,0.5,4,3,ATTGGCTAACCGTCGCCGTA,1,2034239
kbpp4,111.25,447,3,ATGCCGGCAAATTGGATGAC,444,2063697
kbpp4,39.0,158,3,ATGATTCCGAACCTCGATTA,155,2061701
kbpp4,0.5,4,3,ATGAGACGTTGCTGTGGGAG,1,2051310
kbpp4,0.5,4,3,ATCCTCACGAGATACGGATT,1,2067811
kbpp4,11.25,47,3,ATCACGCTATTGATAGCCCA,44,2048327
kbpp4,35.0,142,3,ATAGACCACCACAGCTTGTC,139,2043829
kbpp4,28.75,117,3,AGTTCGCTGGTCTGGAGCCC,114,2017794
kbpp4,46.25,187,3,AGTGACGAATGGTTCTCTCT,184,2019211
kbpp4,0.5,4,3,AGGGGTTGACGTGTCCGTCC,1,2019504
kbpp4,0.75,5,3,AGGGGTATGGAATTGCTAAG,2,2016621
kbpp4,40.25,163,3,AGGAAATGGGCTCAACAATT,160,2027772
kbpp4,32.5,132,3,AGCTTGTAGACCGTTAATTG,129,2050480
kbpp4,0.5,4,3,AGCGATCGGACAAATCTTTT,1,2037990
kbpp4,0.5,4,3,AGACAAACGTGGCAAGCTTG,1,2073477
kbpp4,30.0,122,3,ACTATAAGTAACCATCAGTC,119,2021026
kbpp4,35.5,144,3,ACTATAAAGCGTTAAAACGG,141,2038520
kbpp4,0.5,4,3,ACGTTTCCCGTGTCGTTTTA,1,2035185
kbpp4,28.0,114,3,ACGGCCGGTGTGGGGAACAG,111,2047087
kbpp4,20.75,85,3,ACGGACATTATCAGAAGATC,82,2040391
kbpp4,49.75,201,3,ACGCACAGCCTGCTTGCCCA,198,2043151
kbpp4,0.75,5,3,ACGAAGGATCCACTGAACTC,2,2042454
kbpp4,12.25,51,3,ACCTGGGCGACCCTGTCCTA,48,2022665
kbpp4,35.25,143,3,ACCGAAGGTGCTGCGGCCGT,140,2027138
kbpp4,32.5,132,3,ACATTCGCGGTAACCGCGCA,129,2045374
kbpp4,0.5,4,3,ACATTCACGTTAGTAAGGAA,1,2050537
kbpp4,0.5,4,3,ACAGCAAACAGAGTGTTGGG,1,2048008
kbpp4,39.75,161,3,AATAAGGCTTTGTTTATGTT,158,2025662
kbpp4,25.0,102,3,AAGGTTTGATCCGATCTTTT,99,2029505
kbpp4,0.5,4,3,AAGCTAGGTTCAGACGACCC,1,2021483
kbpp4,0.75,5,3,AAGAGTATACTACTTTTCGT,2,2019007
kbpp4,36.25,147,3,AACAAGTCAATTCGACAGGC,144,2015022
kbpp4,35.75,145,3,AAACCCCGGCTTCCCAAGGT,142,2071397
kbpp4,0.5,4,3,AAACAGTATGCATAAAAGGT,1,2021940
kbpp4,34.666666666666664,105,2,TTTTCAGGTTTTTCATACTT,103,2058496
kbpp4,54.333333333333336,164,2,TTTGGTAAGGAGGAACCTGC,162,2015855
kbpp4,45.333333333333336,137,2,TTTGATATACGAAGGTATTG,135,2035915
kbpp4,47.0,142,2,TTTGATAAGCTTTATTGGAG,140,2021852
kbpp4,0.6666666666666666,3,2,TTTCTTAGGACCTACCAAGG,1,2045034
kbpp4,1.0,4,2,TTTCGTTTTACTGGCGGCGT,2,2036235
kbpp4,38.333333333333336,116,2,TTTCGTTAATATGAATCTGA,114,2083034
kbpp4,130.33333333333334,392,2,TTTCCACACAATGTAGTGCA,390,2030744
kbpp4,43.0,130,2,TTGTGCGGCCCTTGCATGCA,128,2050871
kbpp4,53.666666666666664,162,2,TTCCTTCAGGAGCATAGTTG,160,2054059
kbpp4,65.0,196,2,TTCCTCAAGCGAGCGGTAGG,194,2048805
kbpp4,38.333333333333336,116,2,TTCCGGACTAGGCATCCGGT,114,2079588
kbpp4,27.0,82,2,TTCCCTTGGTAGATATCGAA,80,2054741
kbpp4,45.333333333333336,137,2,TTCCCTGAGAAAGTGTAGAG,135,2052696
kbpp4,46.333333333333336,140,2,TTCCCTCATGTTTCAGTGGT,138,2062977
kbpp4,42.0,127,2,TTCAATGAGTGCCTGATCCA,125,2047082
kbpp4,0.6666666666666666,3,2,TTATTCTGGAACGAAAACAA,1,2077186
kbpp4,25.0,76,2,TTAGGTAATTGCAAACGTTG,74,2059452
kbpp4,34.333333333333336,104,2,TTAGGACCGTTTAATACAAA,102,2072925
kbpp4,0.6666666666666666,3,2,TTACTTGGCTGGGGAACCTG,1,2021880
kbpp4,8.333333333333334,26,2,TTACTCTTATATGGCACCAA,24,2044524
kbpp4,23.333333333333332,71,2,TTACGCGAAGCGCGGAATCG,69,2015607
kbpp4,88.0,265,2,TTACCCGGTGTGACTTGTGT,263,2016309
kbpp4,58.333333333333336,176,2,TTAAATCAAGGTACGGCTGT,174,2080879
kbpp4,1.0,4,2,TGTTTCTACGACGCTCCTAG,2,2022857
kbpp4,0.6666666666666666,3,2,TGTTAGGCTTGACATTCATT,1,2076134
kbpp4,67.33333333333333,203,2,TGTCTGTATACCTGTGCACT,201,2031979
kbpp4,44.0,133,2,TGTCTCAAATAAGTTTCGCA,131,2081767
kbpp4,92.0,277,2,TGGTGGAGTTTACCGGACGT,275,2077051
kbpp4,47.666666666666664,144,2,TGGTACGAGCTTGACCTGTT,142,2073129
kbpp4,0.6666666666666666,3,2,TGGCTGGCTGCCTTGTACCA,1,2060656
kbpp4,52.0,157,2,TGGCACGGGACGTAAAGTAT,155,2071478
kbpp4,0.6666666666666666,3,2,TGGAAACGGGAAACCTGCAG,1,2020736
kbpp4,41.0,124,2,TGCCCCGTTAGTCGCAAAGG,122,2017663
kbpp4,0.6666666666666666,3,2,TGCCAAATATCAAGTGGGTC,1,2048117
kbpp4,1.0,4,2,TGCACTTTCGAGGTGTGGGG,2,2029150
kbpp4,42.0,127,2,TGCACTCTCGGGAAAACCTT,125,2080227
kbpp4,0.6666666666666666,3,2,TGCAATGATACGGACAATTC,1,2016962
kbpp4,96.33333333333333,290,2,TGCAACGACTCGATAGCCTA,288,2036672
kbpp4,0.6666666666666666,3,2,TGATAGGGGACTGCCAATAC,1,2033846
kbpp4,0.6666666666666666,3,2,TGACTATAAGAGTTCCAGAG,1,2029170
kbpp4,18.0,55,2,TGAACGACTTAAAAAATTCT,53,2063618
kbpp4,37.0,112,2,TCTTTGTCCTTAATTACAAG,110,2040667
kbpp4,28.666666666666668,87,2,TCTTGTCCTGGCCGCCCTGA,85,2068528
kbpp4,41.666666666666664,126,2,TCTACGTGGGTCCCCTGCGG,124,2030429
kbpp4,0.6666666666666666,3,2,TCTACATAAGGCGCGGTATT,1,2026506
kbpp4,44.0,133,2,TCGTAGTAGAGACCCATCAC,131,2073645
kbpp4,7.666666666666667,24,2,TCGTAGGTTTTAGGCAATGA,22,2064602
kbpp4,0.6666666666666666,3,2,TCGGCAACAGGTGGATATAG,1,2080495
kbpp4,2.3333333333333335,8,2,TCAATTCTGCTAGGGCGTTC,6,2019095
kbpp4,0.6666666666666666,3,2,TCAAAGTTGATGGGCTAACG,1,2027773
kbpp4,32.666666666666664,99,2,TCAAAAAACCATCTTTAACA,97,2025795
kbpp4,86.33333333333333,260,2,TATTGTGCAACCCTCTAGCT,258,2038390
kbpp4,50.333333333333336,152,2,TATCATCTTTGGTCTGGGTA,150,2021941
kbpp4,44.0,133,2,TATAGCGACTTCGCTACGAT,131,2041252
kbpp4,41.666666666666664,126,2,TATAGCATTAAATGTACGTT,124,2040284
kbpp4,30.666666666666668,93,2,TATAGATCAACATCTACCAT,91,2063540
kbpp4,1.0,4,2,TATAATTCGAAAGGGCGTCA,2,2047679
kbpp4,0.6666666666666666,3,2,TATAAATGCCACTTATGGCG,1,2068618
kbpp4,48.333333333333336,146,2,TAGTCCCCTCTTCTGCTAAC,144,2015596
kbpp4,0.6666666666666666,3,2,TAGCACTCGCAGTCAATTTG,1,2027061
kbpp4,1.0,4,2,TAGATAGTATGTCGTGGGTT,2,2067549
kbpp4,49.666666666666664,150,2,TAGAGCATACCTCGCAGGAC,148,2039710
kbpp4,0.6666666666666666,3,2,TACTAGCCAGATGGACCGGG,1,2049076
kbpp4,0.6666666666666666,3,2,TACAACGGGGGAACTGTTAA,1,2034801
kbpp4,0.6666666666666666,3,2,TAATCACTTGACACGTGTAA,1,2047414
kbpp4,53.333333333333336,161,2,TAAGTTCGCGGGCCTATGCA,159,2077695
kbpp4,0.6666666666666666,3,2,TAACTGCTCCAAGCCCCTCG,1,2069324
kbpp4,43.666666666666664,132,2,GTTCGTACGAGCTGAATTAA,130,2062858
kbpp4,29.333333333333332,89,2,GTTCGCACAGCATAATGGCT,87,2024058
kbpp4,59.0,178,2,GTGTGCTTTGCCTAAAGTGG,176,2018380
kbpp4,0.6666666666666666,3,2,GTGGAGCTCGAACGTACCAG,1,2048071
kbpp4,0.6666666666666666,3,2,GTCTAGTTGGTTCCAGCATT,1,2079553
kbpp4,94.33333333333333,284,2,GTCCGGAATGGGCTATTACA,282,2058291
kbpp4,0.6666666666666666,3,2,GTCATGATTTGTCAATCGGT,1,2015760
kbpp4,0.6666666666666666,3,2,GTCATCCTCACCGTTCTAGC,1,2018854
kbpp4,0.6666666666666666,3,2,GTATTTTGCATCACCAGTCT,1,2036246
kbpp4,48.333333333333336,146,2,GTATCGGTCATTTCCCCTTA,144,2076230
kbpp4,1.0,4,2,GTATCATGTGACTTGGTCGT,2,2084960
kbpp4,23.333333333333332,71,2,GTAGTGGACATCTGGTCGTC,69,2071389
kbpp4,99.0,298,2,GTACTTTCTTGACAGCTCGA,296,2081573
kbpp4,46.333333333333336,140,2,GTACCGGGATGAAAGTAGAC,138,2035704
kbpp4,43.0,130,2,GTACACCCTCGTAAAGCTGT,128,2051665
kbpp4,0.6666666666666666,3,2,GTACAAGAGTTGTCGCCGCA,1,2052736
kbpp4,23.666666666666668,72,2,GGTTGGGTGGGGCGGACTTT,70,2055443
kbpp4,0.6666666666666666,3,2,GGTGGGTCTGCGCTCGATAC,1,2029837
kbpp4,0.6666666666666666,3,2,GGTGGACACGATGGACGGGA,1,2048674
kbpp4,0.6666666666666666,3,2,GGTGCGGGTAACTGTAACCA,1,2046691
kbpp4,0.6666666666666666,3,2,GGTGCAACTGGACTCATAGA,1,2036423
kbpp4,13.333333333333334,41,2,GGGTGGACCAGTTTGGGGGT,39,2057422
kbpp4,0.6666666666666666,3,2,GGGCTGATTGTTAGGGGCAA,1,2058700
kbpp4,0.6666666666666666,3,2,GGGCGCCCAGGGACACCTGA,1,2022150
kbpp4,34.333333333333336,104,2,GGCTTCAGGAATTACGGAGT,102,2072677
kbpp4,50.666666666666664,153,2,GGCTCTGACATCACGAGTGT,151,2075469
kbpp4,47.333333333333336,143,2,GGCTAACATTCTCTTTTCCA,141,2077221
kbpp4,46.666666666666664,141,2,GGCGTCGCTACACCGGCAAT,139,2059135
kbpp4,0.6666666666666666,3,2,GGCCGGCTAGACCCCCACGA,1,2078656
kbpp4,56.666666666666664,171,2,GGCCATATTGCAAGTAAAGA,169,2037919
kbpp4,7.666666666666667,24,2,GGCCACGACGTTTTGACCGA,22,2023907
kbpp4,38.333333333333336,116,2,GGCAAGCCGTGTCCTGATAA,114,2067043
kbpp4,82.33333333333333,248,2,GGATCCACTTCTATGCACTT,246,2023515
kbpp4,41.333333333333336,125,2,GGACTCCCAGTGCCGTAAAA,123,2080112
kbpp4,0.6666666666666666,3,2,GGACGCTCCCCCCGGACTCT,1,2044461
kbpp4,51.0,154,2,GGAATTTACGATGCTACATA,152,2017659
kbpp4,40.666666666666664,123,2,GGAAGTAGGCACCCCACTAA,121,2015911
kbpp4,1.0,4,2,GGAACTGGGCATCATTACAT,2,2044620
kbpp4,0.6666666666666666,3,2,GCTCGGGACCCCCCGCTCTG,1,2070882
kbpp4,0.6666666666666666,3,2,GCGGCCCGTATAAATGCGCG,1,2063487
kbpp4,0.6666666666666666,3,2,GCGATTGGATCCCGTGGACG,1,2016257
kbpp4,12.0,37,2,GCCGGTTGTTAAGTTGTATA,35,2054344
kbpp4,51.666666666666664,156,2,GCCCAGGGGCGTGCTATACA,154,2041480
kbpp4,0.6666666666666666,3,2,GCCAGCCTTTGGCAATTGAG,1,2050690
kbpp4,25.0,76,2,GCATTTCTGCATTCGTACGG,74,2071013
kbpp4,27.666666666666668,84,2,GCATCGGACTGGCCCTCATT,82,2069355
kbpp4,0.6666666666666666,3,2,GCAGTCACCCTTAAGATCCG,1,2075965
kbpp4,0.6666666666666666,3,2,GCAGAGACCGCCAACTTGGT,1,2057799
kbpp4,0.6666666666666666,3,2,GCACGAGCGTCAGGCACTGA,1,2034020
kbpp4,17.0,52,2,GCACATTTTCTCGTCCTGAA,50,2027555
kbpp4,14.0,43,2,GCACATTCCCCAGATTGATA,41,2058167
kbpp4,44.0,133,2,GCAACCTTAGAAGATAGCCT,131,2047988
kbpp4,0.6666666666666666,3,2,GATTCAGATCTTGTAAGCCA,1,2050831
kbpp4,28.666666666666668,87,2,GATCTTGCAGGACATCCGTT,85,2048542
kbpp4,37.666666666666664,114,2,GATCAGGAACTGATCCATAG,112,2070369
kbpp4,0.6666666666666666,3,2,GATCAATCGGCCGGGAGTGA,1,2036516
kbpp4,1.0,4,2,GAGTTGTCAGTTACGAAGTA,2,2027792
kbpp4,0.6666666666666666,3,2,GACTTGTAGTCCGCTTTTAA,1,2064935
kbpp4,27.666666666666668,84,2,GACGTTGTTAGCATTCGTTG,82,2071124
kbpp4,41.0,124,2,GACAGTTAGACTTTCGAATT,122,2033655
kbpp4,34.0,103,2,GAAGGCAAGCGGTGAGAGGC,101,2026779
kbpp4,45.0,136,2,GAAGATCAACACATAACCCT,134,2046511
kbpp4,0.6666666666666666,3,2,GAACCTTACTGGATGAGCCT,1,2078737
kbpp4,0.6666666666666666,3,2,CTTGGGGCTTCCAATGAAAT,1,2028201
kbpp4,0.6666666666666666,3,2,CTTCATAGTGCGGGCACTAC,1,2040985
kbpp4,94.66666666666667,285,2,CTTATGCCTCGTTATGTCTA,283,2026139
kbpp4,0.6666666666666666,3,2,CTGTTAGGACTGCCCAGGCC,1,2033039
kbpp4,13.666666666666666,42,2,CTGGCTTAACCCTTTCACCT,40,2080607
kbpp4,18.666666666666668,57,2,CTGGCCCGAGAGATGGTGCA,55,2041848
kbpp4,1.0,4,2,CTGGATGTATGTGTGACCGT,2,2071383
kbpp4,35.333333333333336,107,2,CTGGACCGCCCAGAGCAGGC,105,2032739
kbpp4,0.6666666666666666,3,2,CTGAGAGGCGAATGGTATGA,1,2043778
kbpp4,0.6666666666666666,3,2,CTCTTAGAGTGAGACCCGAG,1,2059797
kbpp4,24.666666666666668,75,2,CTCTGCACCGCCTCGTGCGT,73,2054626
kbpp4,31.666666666666668,96,2,CTCCCAAACGACATTGCAAT,94,2015659
kbpp4,47.333333333333336,143,2,CTCCATTCGCGGCTGAGTGT,141,2076765
kbpp4,0.6666666666666666,3,2,CTCAGTGCTAAGATTGGCAT,1,2065330
kbpp4,49.0,148,2,CTCAATGAGTAGTGCCCTGA,146,2063699
kbpp4,35.0,106,2,CTATCAGACCCACACGCTTT,104,2034230
kbpp4,40.666666666666664,123,2,CTAGTGCTCGTACCATAGTT,121,2064806
kbpp4,1.0,4,2,CTAATAACTCTCTCTACTCA,2,2056288
kbpp4,33.0,100,2,CGTTTAGTTTATTGAAAACA,98,2044752
kbpp4,16.666666666666668,51,2,CGTTCAAATAATTTCCTCTG,49,2031916
kbpp4,55.0,166,2,CGTGGTAATCTGGCGACTCA,164,2068527
kbpp4,100.33333333333333,302,2,CGTAGTGATTACACTCCCGA,300,2020765
kbpp4,38.0,115,2,CGGTGTAGTAGTCTGACGAG,113,2067042
kbpp4,35.666666666666664,108,2,CGGGCGCGTCGCCTGATCAA,106,2031346
kbpp4,0.6666666666666666,3,2,CGGCAAAAGTTGTCCTCCCA,1,2070072
kbpp4,48.333333333333336,146,2,CGGATTTCACACGGAGGGCT,144,2072505
kbpp4,0.6666666666666666,3,2,CGGAGCTGTTAGATTGTACG,1,2035587
kbpp4,62.333333333333336,188,2,CGGACTGGAAATAAACTGAG,186,2064803
kbpp4,0.6666666666666666,3,2,CGCGGTCGCAGCGGGCGTTT,1,2019411
kbpp4,54.333333333333336,164,2,CGCGGGCGCCAGGGCACATA,162,2024903
kbpp4,37.666666666666664,114,2,CGCGCCCCCGCGGACTGTTC,112,2082793
kbpp4,0.6666666666666666,3,2,CGCCTGTTAAAACCCTCCCC,1,2023239
kbpp4,0.6666666666666666,3,2,CGCCACAGCCTTGACCCGAC,1,2056832
kbpp4,0.6666666666666666,3,2,CGAGCAAGAACGATCTAGCT,1,2030131
kbpp4,46.333333333333336,140,2,CCTTACCAATAGGAGGACTA,138,2018396
kbpp4,1.3333333333333333,5,2,CCTGATATTCCGCTAGGAGA,3,2056654
kbpp4,0.6666666666666666,3,2,CCTCCTAGTTTCGGGATGAA,1,2074549
kbpp4,1.0,4,2,CCTACAATCTTGGACCCAGT,2,2040343
kbpp4,116.66666666666667,351,2,CCTAATCTGCTGTGGTTGTA,349,2062635
kbpp4,42.0,127,2,CCGCTTCAAGTGGTTGGTAC,125,2031076
kbpp4,31.0,94,2,CCGCGCCGCAATGCGACTGG,92,2034660
kbpp4,0.6666666666666666,3,2,CCGCCCCGCGGTTCCTTCCA,1,2042237
kbpp4,0.6666666666666666,3,2,CCCTCACCCGACAGTATTCT,1,2051766
kbpp4,28.0,85,2,CCCGGTCTAGTTTAGTTTTC,83,2043617
kbpp4,50.333333333333336,152,2,CCCGAGAGGATCCAGGGCTG,150,2064756
kbpp4,0.6666666666666666,3,2,CCCATATCTTATGAGCCAAT,1,2015302
kbpp4,1.0,4,2,CCCACCCGACAGAATGGACG,2,2016383
kbpp4,0.6666666666666666,3,2,CCATTCGTTGTCGCCACAAA,1,2080567
kbpp4,0.6666666666666666,3,2,CCAGCGATGGCGTATGTAGC,1,2037346
kbpp4,9.0,28,2,CCAGAGCTGAGCGGTAGGGT,26,2074622
kbpp4,47.666666666666664,144,2,CATTTAGTACTATCGGAAAG,142,2015901
kbpp4,27.0,82,2,CATTCTTTGGTTCTTGAGTT,80,2040394
kbpp4,0.6666666666666666,3,2,CAGCGCATCTCTCGGTACTG,1,2024104
kbpp4,44.333333333333336,134,2,CAGCCAGGTTGGCTGGGTAA,132,2057290
kbpp4,129.0,388,2,CAGAGAGCAGGGCCTTCGAT,386,2021615
kbpp4,47.666666666666664,144,2,CACGTCTTGCTAGCCTTATA,142,2043534
kbpp4,40.333333333333336,122,2,CAATCGATTCTCCTCAGAGC,120,2077990
kbpp4,20.333333333333332,62,2,CAAGCGATAGCGTTAGGCGG,60,2073604
kbpp4,0.6666666666666666,3,2,CAACTGGGGCGTTGTTTTGT,1,2063655
kbpp4,0.6666666666666666,3,2,CAAAGGCCCATATGTGTTGT,1,2079211
kbpp4,41.0,124,2,CAAACTTTGGGGGGGCCGTG,122,2055859
kbpp4,35.0,106,2,CAAACGAACAGTCTCTACTA,104,2081016
kbpp4,30.0,91,2,ATTTGCATCGACAATCAACA,89,2078416
kbpp4,53.0,160,2,ATTGCTCATTGGTCACACGT,158,2025428
kbpp4,43.0,130,2,ATTGCCCGTTTTTCGGATGT,128,2018955
kbpp4,0.6666666666666666,3,2,ATTGCATGGAAGTCCGGGGA,1,2074208
kbpp4,21.666666666666668,66,2,ATGTGACTACTCAATTTGAA,64,2062326
kbpp4,1.0,4,2,ATGGTCTGTCGCACAGGGTT,2,2023387
kbpp4,0.6666666666666666,3,2,ATGGTCATTATTCTTGGCGG,1,2058205
kbpp4,52.666666666666664,159,2,ATGGGTGCTGATGGAGCGGA,157,2040286
kbpp4,30.333333333333332,92,2,ATGCGCTAGGCGTTATAGTC,90,2023797
kbpp4,0.6666666666666666,3,2,ATGCGCGTGCATAGGAGGAT,1,2055589
kbpp4,49.0,148,2,ATCGGTAAGGCGGTTCCTAA,146,2037704
kbpp4,0.6666666666666666,3,2,ATCCTTATTAGCTTCTAGAT,1,2048520
kbpp4,42.666666666666664,129,2,ATCAGATTTGTGTGATCGTG,127,2021104
kbpp4,0.6666666666666666,3,2,ATATTCCGTGAAGTGATGCT,1,2017552
kbpp4,0.6666666666666666,3,2,ATACGTTCCGAAAATATCCT,1,2067103
kbpp4,0.6666666666666666,3,2,ATACGAATTTATGATGAGAT,1,2018290
kbpp4,47.333333333333336,143,2,ATACACATCGCCAGACCGTT,141,2018049
kbpp4,0.6666666666666666,3,2,ATAAAAACCTACGGGGGTCA,1,2014718
kbpp4,16.666666666666668,51,2,AGTTCCAGTTTAGCCCATAA,49,2058251
kbpp4,0.6666666666666666,3,2,AGTGGATGATCAACACTGTG,1,2033683
kbpp4,0.6666666666666666,3,2,AGTGAGGTTACATGAGCGAA,1,2016897
kbpp4,48.0,145,2,AGTGACTCGGACTGCATTGA,143,2067668
kbpp4,26.0,79,2,AGTAGTAGCCGACCTCGAAC,77,2081296
kbpp4,33.0,100,2,AGGTAGACTTGTGCGCTCGA,98,2021138
kbpp4,45.0,136,2,AGGGGTACAGTTAGGCCAGT,134,2064062
kbpp4,35.333333333333336,107,2,AGGGATTATCTATAGCTTTC,105,2075555
kbpp4,43.333333333333336,131,2,AGGAGTGAAGCTATGTACGA,129,2043364
kbpp4,0.6666666666666666,3,2,AGCTTGGATGTTGTCCACGG,1,2059878
kbpp4,27.666666666666668,84,2,AGATGGGAAATCTGTGGTTA,82,2046512
kbpp4,0.6666666666666666,3,2,AGATGATATTATGCCCTTCT,1,2044072
kbpp4,30.0,91,2,AGATATTCTGCGCGTACATT,89,2017657
kbpp4,87.33333333333333,263,2,AGATACGAGCATGCCTGGCA,261,2053645
kbpp4,0.6666666666666666,3,2,AGACTGCCGTTCACAAGATA,1,2070866
kbpp4,30.0,91,2,ACTTGCCTGAAGCAATTGGC,89,2029154
kbpp4,38.0,115,2,ACTGTAATAGATTTGATATT,113,2057949
kbpp4,51.333333333333336,155,2,ACTCGGAGATGAACTACTAT,153,2078196
kbpp4,21.0,64,2,ACTACATGCCCGCCAGTGGA,62,2056216
kbpp4,17.333333333333332,53,2,ACGTAGCAATCTCGTAATAG,51,2076237
kbpp4,60.666666666666664,183,2,ACGGTTGGTGTGCCCGGGTG,181,2020623
kbpp4,38.333333333333336,116,2,ACGGTCGGACATTCTCTCGG,114,2037931
kbpp4,0.6666666666666666,3,2,ACGGGGCGTAGCACTTCCGT,1,2068759
kbpp4,37.666666666666664,114,2,ACGGACCCAGATAAGTGCTA,112,2014744
kbpp4,43.666666666666664,132,2,ACGATGTCCCTGCATCGACA,130,2035894
kbpp4,0.6666666666666666,3,2,ACCTCTGGCGCCAATGCTAT,1,2075604
kbpp4,0.6666666666666666,3,2,ACCGTGGCCCTTTTCACGCC,1,2034930
kbpp4,10.666666666666666,33,2,ACCGGTCTCCACAGTTATGT,31,2038917
kbpp4,42.333333333333336,128,2,ACCCTGTCTCGGGCCAGGAT,126,2070549
kbpp4,0.6666666666666666,3,2,ACCATTTGTCAGGCTTGAAT,1,2063146
kbpp4,41.666666666666664,126,2,ACAGGGAGAGCCGAGAACAT,124,2021569
kbpp4,0.6666666666666666,3,2,ACAGGCGGGAATCTAAAATT,1,2049533
kbpp4,58.0,175,2,ACAGGCCCTGCGTGGTTGGA,173,2024495
kbpp4,0.6666666666666666,3,2,ACAGCCGGTGGCTAGTGTAC,1,2078347
kbpp4,48.0,145,2,ACACGTATAGTGCTAAGGAA,143,2060658
kbpp4,44.666666666666664,135,2,ACACCGGCTCCCTAAAATAT,133,2079087
kbpp4,0.6666666666666666,3,2,ACACCCGTTAGCCTGACATA,1,2061677
kbpp4,0.6666666666666666,3,2,ACACAAGACACAGTGCGAGA,1,2026780
kbpp4,1.0,4,2,AATTTGCCTGTCGGCCTCGC,2,2018131
kbpp4,28.0,85,2,AATTTGATGGTCTCGCACAC,83,2071751
kbpp4,46.666666666666664,141,2,AATGCTCCAGTCCCTATTGT,139,2031289
kbpp4,46.333333333333336,140,2,AATGAACAAAGACACCCTTT,138,2074762
kbpp4,11.666666666666666,36,2,AATCCGCGCGCTCAAATAAT,34,2018332
kbpp4,24.333333333333332,74,2,AAGTGTGTCCCATATGCACG,72,2061401
kbpp4,39.333333333333336,119,2,AAGTGCGCGAACGCCACCCA,117,2076754
kbpp4,36.0,109,2,AAGTCATTTCCACAGGTCCG,107,2038103
kbpp4,0.6666666666666666,3,2,AAGCTTAGGCTAAGCCGGAT,1,2072989
kbpp4,0.6666666666666666,3,2,AAGACCCCGGTAGCAAATCA,1,2081227
kbpp4,40.0,121,2,AACGATCGGAGTACGGATTT,119,2026662
kbpp4,0.6666666666666666,3,2,AACACCCCGCTCACACAGTG,1,2060256
kbpp4,38.333333333333336,116,2,AACAAGGGGGCCATAGATTC,114,2018640
kbpp4,6.333333333333333,20,2,AAAGGTAAAGTGAAAGCTTG,18,2017458
kbpp4,1.0,2,1,TTTTATGCCGCCTGTGTTAC,1,2070753
kbpp4,69.5,139,1,TTTGGCTATCATCGTCCGCT,138,2041960
kbpp4,1.0,2,1,TTTCGTTTTAGTCCCGTCGG,1,2035025
kbpp4,166.0,332,1,TTTCGCTATAGCGGTACGCT,331,2062041
kbpp4,1.0,2,1,TTTACTAAATCTCTTACCGT,1,2084319
kbpp4,127.5,255,1,TTGTTTGTCGTTTGATGATA,254,2038876
kbpp4,79.0,158,1,TTGTGTTGTTTAGGATGAGA,157,2036200
kbpp4,4.0,8,1,TTGTATAGACCGCATGGTTT,7,2072902
kbpp4,53.0,106,1,TTGTACCCTTTACAATCAGT,105,2017057
kbpp4,45.0,90,1,TTGGTGATGCTAGGTGTAAT,89,2084169
kbpp4,130.0,260,1,TTGGGCCACGGGCTGTAAAT,259,2038663
kbpp4,21.5,43,1,TTGCGAAAGGAGGGCCCAGG,42,2073039
kbpp4,80.5,161,1,TTGCACCATGCATAGGTCAA,160,2045596
kbpp4,15.0,30,1,TTGACCAATTGTCCTCACCG,29,2029210
kbpp4,182.0,364,1,TTGACATCGGCAAACACTCG,363,2064414
kbpp4,146.5,293,1,TTCTCGGTTGGTTATCGGCT,292,2055527
kbpp4,36.0,72,1,TTCTAGTCAGACAATGGCAT,71,2069115
kbpp4,62.5,125,1,TTCCAAATCTGGCCGGCCCT,124,2020085
kbpp4,1.0,2,1,TTCAGCTGGAAGACTAGGGA,1,2032149
kbpp4,73.5,147,1,TTCACAATCTCAGGAGCCAA,146,2023693
kbpp4,1.0,2,1,TTCAAGTACCCGGCATGCAT,1,2076629
kbpp4,60.0,120,1,TTATTTGTTTGTGAGTCTAA,119,2016840
kbpp4,25.0,50,1,TTATAGTGGCACCCCATTCA,49,2034462
kbpp4,1.0,2,1,TTAGCGGCTCCGCTACATCT,1,2020221
kbpp4,80.5,161,1,TTACTCGACAAACTTTAATA,160,2065567
kbpp4,1.0,2,1,TTACGCTTCGACTTTTCATC,1,2066856
kbpp4,1.0,2,1,TTAAGGGCTTATAGAGAATT,1,2066272
kbpp4,1.5,3,1,TTAACAAATATAAATATATG,2,2021927
kbpp4,1.0,2,1,TTAAACTACGCAGCGATATG,1,2026046
kbpp4,1.0,2,1,TGTTTTACTCGCAGATTGGT,1,2022382
kbpp4,67.5,135,1,TGTGTAGATCCCAAACGTGT,134,2037653
kbpp4,68.5,137,1,TGTAGCCGAATGCACGTCAC,136,2074820
kbpp4,67.5,135,1,TGTAGAGTACATTGGAATGT,134,2060264
kbpp4,66.5,133,1,TGTACGAGATGAGCCTCCTG,132,2077267
kbpp4,38.0,76,1,TGGTTATTTCGGAATGGGGA,75,2061738
kbpp4,16.5,33,1,TGGTCTCGGACTGAGCTACG,32,2031229
kbpp4,1.0,2,1,TGGCGACATAGCGCGAATGC,1,2036381
kbpp4,48.5,97,1,TGGCAATGCTGCCTTTCAAC,96,2063087
kbpp4,38.5,77,1,TGGCAACCTACTTAGGTCTA,76,2075422
kbpp4,19.5,39,1,TGGAGCTGCCCTCTTCCTGC,38,2016966
kbpp4,1.0,2,1,TGGACTGCCTTGCCGGGTAG,1,2052933
kbpp4,1.0,2,1,TGCTACACTAATGTGTTACT,1,2083323
kbpp4,1.0,2,1,TGCGATGTATGAGAAAGGTT,1,2017318
kbpp4,163.0,326,1,TGCCCGCTATTTTATTAAAG,325,2037912
kbpp4,71.0,142,1,TGCCATATTCTTTAGCAATG,141,2070969
kbpp4,313.0,626,1,TGCATTCGGTCCGCAGGTAC,625,2018785
kbpp4,1.0,2,1,TGCATCCCCCCGAGTCCGGT,1,2035378
kbpp4,1.0,2,1,TGCAGCTTTACAGGCTAGAA,1,2028956
kbpp4,53.5,107,1,TGATGGGGTACGTATTGTAA,106,2080450
kbpp4,35.5,71,1,TGATCGCACAATATTGGGAT,70,2040563
kbpp4,2.0,4,1,TGATATAGAATGGTCTGCAG,3,2056859
kbpp4,394.0,788,1,TGAGCTCCCGCTTGTACTGC,787,2060101
kbpp4,98.5,197,1,TGAGAGGCAGACCACCAGCG,196,2030217
kbpp4,1.0,2,1,TGAGACCGAAAAGGGCTTTT,1,2069421
kbpp4,70.0,140,1,TGACTTGTTTCTACAAGATT,139,2066153
kbpp4,68.5,137,1,TGACGCTGCCGTCAAGAGAC,136,2068519
kbpp4,67.0,134,1,TGACATTCCGGTTCCAGTCA,133,2038633
kbpp4,1.0,2,1,TGACAGAACTCACGAATGAA,1,2082120
kbpp4,1.0,2,1,TGAATCGCGAATGCGACTAA,1,2054240
kbpp4,1.0,2,1,TGAAATACTAGGAGTAGGTC,1,2018056
kbpp4,35.5,71,1,TCTTGGCTTGCGCATGCGGC,70,2057753
kbpp4,57.0,114,1,TCTTGAGCAGCACTCGACTG,113,2055900
kbpp4,36.5,73,1,TCTTCGGCGGAAGTAGTTTA,72,2050827
kbpp4,1.0,2,1,TCTGTCAACGGCGTTACCCT,1,2049699
kbpp4,9.5,19,1,TCTGTACTTGAGCGCGAGAT,18,2030073
kbpp4,62.0,124,1,TCTGCCGCGTAGTCCACGCT,123,2042032
kbpp4,67.0,134,1,TCTCGGAGACACGATAATAT,133,2015905
kbpp4,393.0,786,1,TCTCCGCAGGGAAGTACGGG,785,2071885
kbpp4,21.5,43,1,TCTCATTAGTCAAGCGCGTA,42,2043612
kbpp4,1.0,2,1,TCTAACCGTGGGGAGCCAAA,1,2020573
kbpp4,1.0,2,1,TCTAACATACTGCCTTAAGT,1,2050210
kbpp4,28.0,56,1,TCGGGAGTTGCGTCACCGAC,55,2056604
kbpp4,1.0,2,1,TCGGATTTTATCTGGGTATA,1,2058250
kbpp4,56.0,112,1,TCGATACTGGCTTGCACAGG,111,2043773
kbpp4,1.0,2,1,TCGAGATACCGGCATATCGT,1,2082532
kbpp4,1.0,2,1,TCGACCGAGTGTCGTACTCA,1,2085557
kbpp4,1.5,3,1,TCCGACTCCCGCGCCGTCTA,2,2038177
kbpp4,68.5,137,1,TCCGACGCTCGCTCCAAGTT,136,2023572
kbpp4,101.5,203,1,TCCCGTTATTTAGATCACTG,202,2076666
kbpp4,165.5,331,1,TCCCGTGTTGTACCGTATCT,330,2037766
kbpp4,50.5,101,1,TCCCCTCAGACTTCTTGTGA,100,2040053
kbpp4,1.0,2,1,TCCCCGGTACTCTGAATTGG,1,2027325
kbpp4,67.5,135,1,TCCATACATGTGGCTAATCT,134,2030606
kbpp4,1.0,2,1,TCCACAGAACCTTAGTCCAT,1,2069152
kbpp4,1.0,2,1,TCAGTGTTCGTCCTTACGGG,1,2040388
kbpp4,1.0,2,1,TCAGTCGGGTTCGCTGGTCT,1,2069457
kbpp4,72.0,144,1,TCAGGCCCGGATAGATTCTT,143,2017022
kbpp4,2.0,4,1,TCACTGAAGCAACCACACGA,3,2063572
kbpp4,34.5,69,1,TCACTAGCCCCCACGTTCTC,68,2071335
kbpp4,60.5,121,1,TCACCCCATGTTTAAATGTG,120,2032024
kbpp4,374.5,749,1,TCAAATCGGATAGGAGGGAT,748,2023723
kbpp4,60.5,121,1,TATTCGGACTCTTAGCCCGT,120,2018642
kbpp4,1.0,2,1,TATGCATATCATGCACCTGG,1,2077467
kbpp4,37.0,74,1,TATCGGCAAAGCCACAAGAT,73,2040390
kbpp4,70.0,140,1,TATCAATGGGCAGGGCTAGC,139,2080213
kbpp4,1.0,2,1,TATATTCCTTTGAATAACGA,1,2036091
kbpp4,11.0,22,1,TAGGGTTAGCCTTGAAGAGA,21,2018643
kbpp4,38.5,77,1,TAGCGTTTGGCCATGCGATC,76,2045323
kbpp4,1.0,2,1,TAGCGAGCCCTTGTAACCCA,1,2047042
kbpp4,44.5,89,1,TAGATCGTGGACGCCCTGGT,88,2029556
kbpp4,1.0,2,1,TACGGACATTAGCCGCAAAT,1,2085480
kbpp4,1.0,2,1,TACGAGCGATTCTTCGATTG,1,2072102
kbpp4,54.0,108,1,TACCCCTACATAACTGTATC,107,2077572
kbpp4,1.0,2,1,TACAAGTTCAAGTACAGGCA,1,2056879
kbpp4,81.0,162,1,TAATATCGGGTACGAGCCAG,161,2032514
kbpp4,59.5,119,1,TAATAAGGGCCAATAATTAT,118,2061798
kbpp4,1.0,2,1,TAAGGTGTTATCAAGCTCGT,1,2018696
kbpp4,1.0,2,1,TAAGAAGACTCCCTTGAAGA,1,2037185
kbpp4,64.0,128,1,TAAGAACGAAATAAAACCCT,127,2048501
kbpp4,86.5,173,1,TAACTTGGGATTTAACCAAT,172,2081037
kbpp4,1.0,2,1,TAACGTTACCTTAACGGTTA,1,2043247
kbpp4,1.0,2,1,TAACGATAAGCTTATTTCGG,1,2046564
kbpp4,31.5,63,1,TAAATCAAGTAGCTAGCTAA,62,2069727
kbpp4,57.5,115,1,GTTTTTGTGGACCCCATTGA,114,2048448
kbpp4,1.0,2,1,GTTTGAATATTGTCTAACAT,1,2054998
kbpp4,1.0,2,1,GTTGCGTCTTGTGCGTATCA,1,2046533
kbpp4,1.0,2,1,GTTCTGAAGAGCGAAGAATA,1,2068719
kbpp4,1.0,2,1,GTTAGCGTTAAGCGCGTCTG,1,2046548
kbpp4,43.5,87,1,GTTAGACGGTCGAGGACAAA,86,2082147
kbpp4,1.0,2,1,GTGTTGCGTTGGATAGCGAC,1,2022388
kbpp4,1.0,2,1,GTGTGTACTGTTCAAAGGCT,1,2054754
kbpp4,1.5,3,1,GTGTCGGATCAACCGGTCAA,2,2070788
kbpp4,1.0,2,1,GTGCTTTCTAGTAAACTCGA,1,2074750
kbpp4,78.0,156,1,GTGCTCTGAAACACATTTTG,155,2023941
kbpp4,64.0,128,1,GTGCTCGGCTGAATCTCACA,127,2076337
kbpp4,1.0,2,1,GTGAGGTCCAGGCAACCCTT,1,2041849
kbpp4,58.5,117,1,GTGACAACGTTTGTCTCTGA,116,2076271
kbpp4,1.0,2,1,GTGAATACATACGTCAAGGA,1,2035247
kbpp4,1.0,2,1,GTGAAACGAACCCACAAAAA,1,2019607
kbpp4,31.0,62,1,GTCTTACATTATTGGGACTC,61,2062632
kbpp4,1.0,2,1,GTCTGTAGAAGTTCCAGATC,1,2084630
kbpp4,31.0,62,1,GTCTGGCCCGGGAAAGCTTC,61,2065562
kbpp4,1.0,2,1,GTCTACAGCCTTGTTACAAT,1,2029209
kbpp4,1.0,2,1,GTCGTCCCGGACGCGCCTGT,1,2074575
kbpp4,89.5,179,1,GTCGAATCGAACAGGCACAT,178,2041912
kbpp4,11.0,22,1,GTCCCAGCGAACGGGGGGAG,21,2043324
kbpp4,42.5,85,1,GTCCATCGTCTTAGCGGCTA,84,2055681
kbpp4,59.5,119,1,GTCCACAGTCTTTGTCAGAT,118,2035186
kbpp4,1.0,2,1,GTCAGACATCGATAATGTCT,1,2077152
kbpp4,70.0,140,1,GTATCAGGTCCTTACTCCAA,139,2048778
kbpp4,64.5,129,1,GTATAGGCGCTGATTCGAGA,128,2059821
kbpp4,14.5,29,1,GTAGCCGGGTTGAGGCCTGA,28,2083818
kbpp4,68.0,136,1,GTACGGCTTCATCGATGAGA,135,2030027
kbpp4,1.0,2,1,GTACGCATCAGGTCATTTTT,1,2084714
kbpp4,32.0,64,1,GTACGAGTGTCACAGTGGTT,63,2054299
kbpp4,40.0,80,1,GTACCGGCGGAAAGGGGTAG,79,2077638
kbpp4,67.5,135,1,GTACCGACGAGGGGATACAT,134,2028333
kbpp4,1.0,2,1,GGTTTTATCGTGGACACGAC,1,2042830
kbpp4,72.0,144,1,GGTTTCGGGCACTGACCGGG,143,2079710
kbpp4,26.0,52,1,GGTTATGTAAATGTGTCACT,51,2079696
kbpp4,58.5,117,1,GGTGATAGTAGGTAACCTTT,116,2067897
kbpp4,65.0,130,1,GGTCCTTAGCCATTTCGTGC,129,2056498
kbpp4,1.0,2,1,GGTCAGTCGTTGACCCAAGG,1,2071676
kbpp4,1.0,2,1,GGGTTGAGCAACTCGTTCAC,1,2072123
kbpp4,74.0,148,1,GGGGTTGTGACCCCGGGCAT,147,2084809
kbpp4,39.0,78,1,GGGGTGTGCGAGGGATAGAT,77,2081014
kbpp4,72.5,145,1,GGGGGAGACTGGGCATTCAC,144,2015823
kbpp4,65.5,131,1,GGGGCGGCGCACCATGTGTA,130,2050401
kbpp4,1.0,2,1,GGGGACATTGACGCCGCGAT,1,2042282
kbpp4,69.0,138,1,GGGCATTCCTGTAAGTGTAT,137,2055683
kbpp4,16.0,32,1,GGGAGCCCACGAGTCCTTTT,31,2072568
kbpp4,1.5,3,1,GGGACGTACGAGTAGGAACT,2,2033478
kbpp4,75.5,151,1,GGGACCAACCGGTAGTCCTA,150,2031192
kbpp4,1.0,2,1,GGCTTGCCATAATGAGCTCG,1,2070494
kbpp4,1.0,2,1,GGCTCAAAAGCAGCCGTGAG,1,2081963
kbpp4,62.5,125,1,GGCGCCCGTCACTTTTCCCA,124,2074469
kbpp4,14.0,28,1,GGCCCATTCTCTAATCAGAT,27,2068244
kbpp4,1.0,2,1,GGCCCAATAGCGCAAAACTA,1,2039419
kbpp4,66.5,133,1,GGCCATCTTTTAGCGGTTTA,132,2073037
kbpp4,62.0,124,1,GGCCAGGGTATAGTGGTCGT,123,2041948
kbpp4,62.5,125,1,GGCATACGTAGTAGACCAGT,124,2041684
kbpp4,1.0,2,1,GGCAGAAGCCAAGTGAACAA,1,2018289
kbpp4,94.5,189,1,GGCACGGTCATCAAGCGTTT,188,2041445
kbpp4,132.5,265,1,GGCAATCCCGTCCAGGCAGG,264,2035637
kbpp4,1.0,2,1,GGATTATAGTAATTAATAAA,1,2082087
kbpp4,1.0,2,1,GGATAGTTAGGAGTTGCCAA,1,2048772
kbpp4,1.0,2,1,GGATAGTATCACGTCTGTTC,1,2022091
kbpp4,1.0,2,1,GGAGCTACGAAGCGCGAGGG,1,2037365
kbpp4,32.0,64,1,GGAGATTCCGCACATGTCAG,63,2050771
kbpp4,1.0,2,1,GGACTAGATATAACGGTCCT,1,2068115
kbpp4,128.0,256,1,GGACCAGTCTCGCATCCGGC,255,2078483
kbpp4,18.0,36,1,GCTTAGCTGTTTGGTTTAAG,35,2038210
kbpp4,1.0,2,1,GCTTAAAGGCGGTCAACTCA,1,2015194
kbpp4,185.5,371,1,GCTGATTAAAAAACCAGGCA,370,2064827
kbpp4,1.0,2,1,GCTCCGGGCCTCCTTGGTAC,1,2053315
kbpp4,83.5,167,1,GCTAGCAGGATTTGGTCTGA,166,2057740
kbpp4,1.5,3,1,GCTAGAGCCGTTTTCCCTCA,2,2046452
kbpp4,1.0,2,1,GCTACCATCCTTTCGCTTAA,1,2060758
kbpp4,51.5,103,1,GCGTTCGCCCTAATTCTTTA,102,2016565
kbpp4,59.0,118,1,GCGTCATAAGTTGAACCAAT,117,2057524
kbpp4,1.0,2,1,GCGGCTCGTAAAGCTATTTC,1,2027990
kbpp4,29.5,59,1,GCGGATCAAGTCGTGTGGAT,58,2078964
kbpp4,77.5,155,1,GCGGACTGGCTCAGCGGGGT,154,2017852
kbpp4,119.5,239,1,GCGCTACGTACATCCCAGTT,238,2015349
kbpp4,1.0,2,1,GCGCGATCGAGGTCCAATGT,1,2081317
kbpp4,70.0,140,1,GCGCAGAACTGGGACTAGTC,139,2046249
kbpp4,1.0,2,1,GCGACTGCTTGTCATCCAGC,1,2070793
kbpp4,1.0,2,1,GCGAAGTGGGTAACCGAAAT,1,2032692
kbpp4,1.0,2,1,GCCTAAACATTGAACCGGGT,1,2027862
kbpp4,1.0,2,1,GCCGAGGATGACTCGACTTT,1,2041386
kbpp4,57.0,114,1,GCCCCGTCAATGGTACACCG,113,2076546
kbpp4,1.0,2,1,GCCCCAGACCACTATAAACG,1,2078238
kbpp4,68.5,137,1,GCCCAAAGGTTTCCTGGTTA,136,2022531
kbpp4,1.0,2,1,GCCAGCTATTACTCAGTGAG,1,2032569
kbpp4,1.0,2,1,GCATGAATGCATGGAGAAAC,1,2029450
kbpp4,43.5,87,1,GCATCACTCGCATTCTGTGA,86,2078612
kbpp4,41.5,83,1,GCATCAAGCTTTGGCCAAGG,82,2033036
kbpp4,71.5,143,1,GCACGTCAATTTACCTCCGC,142,2077180
kbpp4,1.5,3,1,GCACGAACATCAGGCCGCTC,2,2016789
kbpp4,1.0,2,1,GCACCTAACTTAGTTTGGCT,1,2032660
kbpp4,75.5,151,1,GCACAGCGCTAACTCCTACT,150,2075521
kbpp4,1.0,2,1,GCACAACCACCCGAGTTTTT,1,2085104
kbpp4,1.5,3,1,GCAAATCAACATCACAACTA,2,2059049
kbpp4,1.0,2,1,GATTTATAGGACGAAGGATC,1,2047932
kbpp4,1.0,2,1,GATTCGTGATCAGGGTACAA,1,2063149
kbpp4,28.5,57,1,GATGTGCCTAAAACGTAAAG,56,2073804
kbpp4,1.0,2,1,GATGTCCAGCCGGCAGAACA,1,2077707
kbpp4,1.0,2,1,GATCCGCTATACACGCCTTA,1,2035407
kbpp4,1.0,2,1,GATCCAAGATGGCTTCCGTT,1,2069769
kbpp4,47.5,95,1,GATCAACATCTCTGCCGTAT,94,2074992
kbpp4,1.5,3,1,GAGTGGTTGCACATTGAACG,2,2021669
kbpp4,60.5,121,1,GAGGTGCGACTCATCGCATC,120,2082691
kbpp4,68.5,137,1,GAGGTACGGGCTATTCCTTT,136,2037917
kbpp4,67.0,134,1,GAGGAGTCAAGCGTCGGCAT,133,2045172
kbpp4,1.5,3,1,GAGGACATGTTTATTCCTGA,2,2043296
kbpp4,1.0,2,1,GAGCCGTAGGATCGGAAAGC,1,2039848
kbpp4,1.0,2,1,GAGCCATCGCTCCCTTTGTG,1,2083346
kbpp4,1.0,2,1,GAGACTTTCCCCGCATGACA,1,2069084
kbpp4,19.5,39,1,GACGGTGGCTTGGCGCTTTG,38,2046240
kbpp4,71.0,142,1,GACGGGAGAGATAATTATGT,141,2034360
kbpp4,1.0,2,1,GACGGACGTGAGCCTGTTTA,1,2028570
kbpp4,1.0,2,1,GACGCTAGCGATATCCGGGA,1,2054092
kbpp4,40.5,81,1,GACGCCCATGCGTCGTTGTA,80,2040129
kbpp4,144.5,289,1,GACGACTGAGAATATACAGT,288,2061635
kbpp4,78.0,156,1,GACCCGCCGACGCGGCTGCA,155,2031895
kbpp4,73.0,146,1,GACCCATCAGAGTGGAACAG,145,2034313
kbpp4,124.0,248,1,GACAAAGATAGGTCTCAAAT,247,2023107
kbpp4,73.5,147,1,GAAGTACAATACGATTGGTT,146,2028756
kbpp4,2.0,4,1,GAAGGTTACTCCGCTTTTTG,3,2033254
kbpp4,2.0,4,1,GAAGGTAAGTACGTCCTCGC,3,2056450
kbpp4,47.0,94,1,GAAGGGCATCGCAAAGATGT,93,2037703
kbpp4,1.0,2,1,GAAGCCAACGGGGCTGTTCC,1,2042254
kbpp4,1.5,3,1,GAAAAGGGCGGACCGGCCCA,2,2020705
kbpp4,24.0,48,1,CTTTTAAACTAAGCGTCAAT,47,2039810
kbpp4,73.0,146,1,CTTTATGCGATAGAATTCTT,145,2048771
kbpp4,1.0,2,1,CTTGTAGAGAATTTCGATAT,1,2023249
kbpp4,1.0,2,1,CTTCTCATGGGCTAGTGCTT,1,2057340
kbpp4,35.5,71,1,CTTCGAATCCTTGCCCGCTA,70,2071123
kbpp4,1.0,2,1,CTTCAGTATGCTTTACATAA,1,2080146
kbpp4,124.5,249,1,CTTCAATGACATGTAAAGGG,248,2034231
kbpp4,8.5,17,1,CTTATTTACCGTTAACTGTG,16,2024424
kbpp4,23.5,47,1,CTTAGACATGCTGGCTGGTA,46,2037090
kbpp4,76.0,152,1,CTGTTCACTGTTCTTTAAAG,151,2036936
kbpp4,1.5,3,1,CTGTCCTCGGGTAGATCGTG,2,2056956
kbpp4,22.5,45,1,CTGGGCATTAGACCTGTGGA,44,2054244
kbpp4,12.5,25,1,CTGGCGCATTCACGGTTGTA,24,2020227
kbpp4,81.0,162,1,CTGGACACTTCGCGATTATT,161,2080881
kbpp4,81.0,162,1,CTGCCCTGGTTGGGCAAATA,161,2068995
kbpp4,1.0,2,1,CTGCAGCACGCGTGTCTGAG,1,2054114
kbpp4,46.0,92,1,CTGATAAGAATTAAACAAGC,91,2019362
kbpp4,77.5,155,1,CTGAGTGGGGCTAATGACTT,154,2015466
kbpp4,71.0,142,1,CTCTGCTTCTCCTAACATAT,141,2040285
kbpp4,76.0,152,1,CTCTACTCATAGTGCAAAAT,151,2023386
kbpp4,2.5,5,1,CTCGTCGGGCCTGTGGGACA,4,2062240
kbpp4,1.0,2,1,CTCGCCGGAAATGTACTGGT,1,2076618
kbpp4,43.5,87,1,CTCCTGTCGGAGCAGGTGGA,86,2073425
kbpp4,1.0,2,1,CTCCGCCCGCCCCCTTGGGA,1,2051447
kbpp4,67.0,134,1,CTCATGATTATCGCTGAATT,133,2041507
kbpp4,1.0,2,1,CTATTAGATCCGTCTCGATC,1,2042866
kbpp4,61.5,123,1,CTATCCTCGACAGGGCCTTG,122,2033565
kbpp4,34.0,68,1,CTATAGAGTAAGCAACCTTA,67,2021383
kbpp4,86.5,173,1,CTAGGCGTAACTTCTTATCA,172,2073240
kbpp4,82.5,165,1,CTACTGCAAGTGCATCGAGG,164,2059822
kbpp4,45.5,91,1,CTACCTTTCCTATGGTATAT,90,2051326
kbpp4,27.0,54,1,CTAATTCAGGAGCGGGTGCC,53,2083956
kbpp4,34.5,69,1,CTAATAGTGAATACAAGCCT,68,2032780
kbpp4,1.0,2,1,CTAAGACCCGGGCCGGACTG,1,2025983
kbpp4,1.0,2,1,CTAACAGCCGGCTAGATAAA,1,2066813
kbpp4,79.5,159,1,CTAAAGGTTAGAAACTGTGT,158,2031987
kbpp4,157.5,315,1,CTAAACAGTCTTGCCATACT,314,2079783
kbpp4,1.0,2,1,CGTGAATTGTCATCGAGGGA,1,2050721
kbpp4,132.0,264,1,CGTCTTGTCTAGCCATAGCT,263,2059224
kbpp4,14.0,28,1,CGTCTTGAGGTAATATTGTC,27,2067755
kbpp4,135.5,271,1,CGTCCTGGTCCGCACGGGCT,270,2018130
kbpp4,73.5,147,1,CGTCATCGGTGCTTCATGCT,146,2079794
kbpp4,28.5,57,1,CGTCAGAACTGTTTTCACCT,56,2084658
kbpp4,32.0,64,1,CGTAACATTTCTCGAGCGGT,63,2069633
kbpp4,74.5,149,1,CGGTTAGATGTGCGGGGAGC,148,2050769
kbpp4,1.0,2,1,CGGTGGACCCGGCAAATAAA,1,2040226
kbpp4,2.0,4,1,CGGTGAGACCTATATAGACG,3,2057351
kbpp4,1.0,2,1,CGGTCGTGCTGGTGAAGCGG,1,2038511
kbpp4,1.0,2,1,CGGGTGTTAATCGCGATTGG,1,2034086
kbpp4,60.0,120,1,CGGGGCAACTACTATACGAT,119,2082351
kbpp4,57.5,115,1,CGGGCGGACGCCATCATAGC,114,2023553
kbpp4,52.5,105,1,CGGGAATTCGCCTTACCTGG,104,2057616
kbpp4,2.0,4,1,CGGCCGTGGTCTTTCCTGCA,3,2085332
kbpp4,75.5,151,1,CGGATCCGTACCTAGGTACG,150,2031250
kbpp4,56.0,112,1,CGGAGTACTACACGATAGTT,111,2018171
kbpp4,1.0,2,1,CGGACGCCACCGGGGTGGTT,1,2051049
kbpp4,1.0,2,1,CGGACGCCAAACAGAATAAG,1,2031305
kbpp4,1.0,2,1,CGCTGGTAACGAATGTACGT,1,2057101
kbpp4,1.0,2,1,CGCTAGAAGCAGCCAAAAAG,1,2083625
kbpp4,1.0,2,1,CGCGGTTCTGTAGACGCGGT,1,2021678
kbpp4,1.0,2,1,CGCGCAGGAGTCAAGATACT,1,2027637
kbpp4,86.0,172,1,CGCGCACCCAATGGGGCTTT,171,2023390
kbpp4,79.0,158,1,CGCCTCTTGATGCGCCGGGT,157,2070320
kbpp4,1.5,3,1,CGCCGGGCTAGAGCGATTCA,2,2026544
kbpp4,2.5,5,1,CGATGCCTGGTGGCGGAGTA,4,2051485
kbpp4,2.0,4,1,CGAGTGCCGCATACGACTAT,3,2038454
kbpp4,1.0,2,1,CGAGTCTCAAACAAAGGTGT,1,2060222
kbpp4,77.5,155,1,CGAGGTAAACCGATAGCCGA,154,2031406
kbpp4,1.0,2,1,CGAGGAAGTCGTCAGATTTA,1,2064250
kbpp4,83.5,167,1,CGAGAGCCCCTCAGTCTAGA,166,2071877
kbpp4,1.0,2,1,CGACGGCCGTGGATTGGGCG,1,2055297
kbpp4,55.5,111,1,CGACCACAAATAGCTCCACC,110,2047090
kbpp4,1.0,2,1,CGACAAGAGACCAGCGTTGA,1,2062976
kbpp4,21.0,42,1,CGAAAGATACGCCTTTCACG,41,2083952
kbpp4,46.0,92,1,CCTTTGGAGATCTGGCATTG,91,2036841
kbpp4,72.5,145,1,CCTTAGACTGGCTAGCGCCC,144,2065391
kbpp4,1.0,2,1,CCTGGCTTTGACAGAGCCTC,1,2079451
kbpp4,71.5,143,1,CCTGACATATCCAACGTAAG,142,2074413
kbpp4,1.0,2,1,CCTCACTTGTCCGTGAACGA,1,2040772
kbpp4,1.0,2,1,CCGTGACTAGCTATTGCAAC,1,2048002
kbpp4,71.0,142,1,CCGTAACAGTTCTAAGAACA,141,2037091
kbpp4,52.0,104,1,CCGGTCCCGTCTCTGCTAGG,103,2071396
kbpp4,1.0,2,1,CCGGGATAGTCGCAGTTCCT,1,2030143
kbpp4,1.0,2,1,CCGGCAACAGGCTGGTTTTG,1,2071181
kbpp4,1.0,2,1,CCGGACGGTACAGCTACCTA,1,2019866
kbpp4,34.5,69,1,CCGCATAATCCGATACCGGA,68,2027110
kbpp4,1.0,2,1,CCGACTAACTTAGGTTCAAC,1,2014581
kbpp4,71.0,142,1,CCGACGTTCGTGTATAGGGA,141,2082384
kbpp4,21.5,43,1,CCCGGCGCAGACGTCCTACT,42,2033705
kbpp4,70.5,141,1,CCCCGTTGCGCGTGGGTGGT,140,2014913
kbpp4,78.0,156,1,CCCCGTGCTCCTAATGTATC,155,2073458
kbpp4,125.5,251,1,CCCATCATCGCCTAGGACTT,250,2078032
kbpp4,55.0,110,1,CCCAGCCGCAATTACCAAAT,109,2084559
kbpp4,4.0,8,1,CCATAACGTGACTTCAAGTA,7,2081404
kbpp4,26.5,53,1,CCAGCGTGGACCCTTTGCGT,52,2079003
kbpp4,63.5,127,1,CCAGATCCGTTGGTAAACTC,126,2076132
kbpp4,71.5,143,1,CCACTTTGCCGGATATCTTC,142,2039548
kbpp4,128.0,256,1,CCACCTTTCTGCCTGCACTA,255,2052815
kbpp4,1.0,2,1,CCAAGGGGGAGTAACGCCGG,1,2050127
kbpp4,1.0,2,1,CCAAAAAGGGTCTATCCAGA,1,2044905
kbpp4,66.0,132,1,CATTGTCGCTGTGGTAAAAT,131,2024498
kbpp4,33.5,67,1,CATGCAGGTATGGTAGAGCT,66,2061285
kbpp4,1.0,2,1,CATCTGTGAATGACCATTTT,1,2078907
kbpp4,74.5,149,1,CATCGTTATAGGCTGAGGAT,148,2052244
kbpp4,20.5,41,1,CATCGGGAAGTGGTAGGTCT,40,2031924
kbpp4,33.5,67,1,CATCGCACGTCTGATGCGCT,66,2044830
kbpp4,123.5,247,1,CATATCAAGACCGTGCGCCT,246,2038156
kbpp4,285.5,571,1,CATACCACATGGCGGACCGA,570,2065109
kbpp4,17.0,34,1,CATAACGGTAGATACGTGGT,33,2058265
kbpp4,48.0,96,1,CAGTGGTCAGACCGCGGTAA,95,2053481
kbpp4,70.5,141,1,CAGGGTTTGACACTTTATTT,140,2042944
kbpp4,1.0,2,1,CAGGCATCGAGCACTCTGTT,1,2041357
kbpp4,1.0,2,1,CAGGACAAGGTAGAAGCACA,1,2033886
kbpp4,34.0,68,1,CAGACGGCCGCAATCCGACA,67,2063198
kbpp4,1.0,2,1,CAGAAATTGAGGAGCTTCTT,1,2050199
kbpp4,8.0,16,1,CACGGTGATAAAGGGCTGAA,15,2076497
kbpp4,1.0,2,1,CACGGCATGTGGAGAAGTGT,1,2061140
kbpp4,80.0,160,1,CACCGCCCCATGGATGATAT,159,2024176
kbpp4,1.0,2,1,CACCACGTAAGCCCTGCTGA,1,2061046
kbpp4,65.5,131,1,CACACCATACTTCGTGCTAC,130,2017150
kbpp4,70.5,141,1,CACACAGGCTGAGGCACTAA,140,2039505
kbpp4,22.5,45,1,CACAAATAGATCTCTCATTT,44,2026783
kbpp4,1.0,2,1,CAATTGCCTTATATATGAAT,1,2031494
kbpp4,68.0,136,1,CAATTGAAACTCCTCTCTTA,135,2024290
kbpp4,1.5,3,1,CAATATATTCACGCGAACTA,2,2027510
kbpp4,1.0,2,1,CAAGGCCATTCATTAGCGTA,1,2040465
kbpp4,1.5,3,1,CAAGGAATTTGCGGCCGTTA,2,2034576
kbpp4,77.5,155,1,CAACGCCAAGGATGTAACTA,154,2053177
kbpp4,17.5,35,1,CAAAGTTCACTAACTCGGAG,34,2056355
kbpp4,73.5,147,1,CAAAGGCTCATTCAGAAACG,146,2072370
kbpp4,51.5,103,1,CAAAATACAACAATTCAACT,102,2041279
kbpp4,67.5,135,1,ATTTCTCCTATAAGATCCCA,134,2078237
kbpp4,78.5,157,1,ATTGTTGAGACACGCGATGT,156,2021848
kbpp4,1.0,2,1,ATTGTTAGGTTCTGTCGGTT,1,2077142
kbpp4,1.0,2,1,ATTGTATGGTCTTGTTGCAA,1,2045801
kbpp4,1.0,2,1,ATTGGGTAAACAACTCTTTT,1,2035471
kbpp4,2.5,5,1,ATTGGACAAATCTCGAGCGG,4,2055530
kbpp4,1.0,2,1,ATTCGGGTAGCCCCTGGCCA,1,2046830
kbpp4,1.0,2,1,ATTCCGTTGCCTAATAACCT,1,2039397
kbpp4,65.5,131,1,ATTCCACTTATGGCAACCCA,130,2032277
kbpp4,1.0,2,1,ATTCATTCGGGGGTTCTTAC,1,2025138
kbpp4,1.0,2,1,ATTCAGAGGTAACTAATCAG,1,2075874
kbpp4,66.0,132,1,ATTACGTGACGGCTGGGGCT,131,2041035
kbpp4,127.5,255,1,ATTACGACTAACAACTTTGA,254,2031906
kbpp4,72.5,145,1,ATGTGGGCGCTATCGCTCCA,144,2032170
kbpp4,29.5,59,1,ATGTCATGACAGTCTTCCGC,58,2037785
kbpp4,71.0,142,1,ATGGCTATTACCTGGACGTT,141,2020590
kbpp4,1.0,2,1,ATGCCGTTATCTACCATGTG,1,2053916
kbpp4,60.5,121,1,ATGATGGTCATGGATTTGTA,120,2032383
kbpp4,63.5,127,1,ATGAGGTTTACAAAGTACAA,126,2076721
kbpp4,1.0,2,1,ATGAACTGCATAAAGCCCTT,1,2054746
kbpp4,67.5,135,1,ATGAAATTCTGTAAGTTAGT,134,2023203
kbpp4,96.5,193,1,ATCTGTCACGGGCTTATCCT,192,2043113
kbpp4,1.0,2,1,ATCTCGCTTGGGAAGTAAAT,1,2041572
kbpp4,1.0,2,1,ATCGTCCTCCCTGGCTGCCC,1,2031726
kbpp4,78.5,157,1,ATCGCCTTCCCTGATATAGG,156,2071095
kbpp4,1.0,2,1,ATCCTCTTACTACTTCACAC,1,2025939
kbpp4,83.0,166,1,ATCATTTTTTACGTGCATCT,165,2032102
kbpp4,1.0,2,1,ATCATAATAATGGCAAGAGT,1,2063917
kbpp4,1.0,2,1,ATCAGTGCTGTAGCGCAGTC,1,2056713
kbpp4,64.0,128,1,ATCAGGTTATTGTCGGACGT,127,2050653
kbpp4,43.5,87,1,ATCAAAGTATCTGGCGAGGC,86,2020224
kbpp4,29.5,59,1,ATATTTCTTGCCAGGCCATA,58,2033005
kbpp4,69.5,139,1,ATATAGCGATTCTAGCGACC,138,2017155
kbpp4,62.0,124,1,ATATAAATTACGCAACAAGA,123,2078191
kbpp4,35.5,71,1,ATAGTTGCTTGTACTGTAAA,70,2016266
kbpp4,59.5,119,1,ATAGCCCGTTTCGGCTCATG,118,2040151
kbpp4,64.0,128,1,ATAGCAGGCATCTGTAGTTT,127,2017406
kbpp4,36.5,73,1,ATAGACGTCCCAGTATAACT,72,2015720
kbpp4,1.0,2,1,ATAGACCGTCCGTAGGCATA,1,2053692
kbpp4,76.5,153,1,AGTTTACTCTGACTCACTCA,152,2076849
kbpp4,43.5,87,1,AGTTCCAGCGAAACTTCGCA,86,2069065
kbpp4,34.5,69,1,AGTTAACACGTCTGGCCTAC,68,2061627
kbpp4,5.5,11,1,AGTGTGCAAGAAGGCTTTCG,10,2045308
kbpp4,1.0,2,1,AGTCTTTATATTTGAACGCT,1,2035613
kbpp4,32.5,65,1,AGTCATGACCGTTAATGTGT,64,2069386
kbpp4,36.0,72,1,AGGTGATAACCGATCCCCTT,71,2023054
kbpp4,1.0,2,1,AGGTAACAATACCATTTCCA,1,2059905
kbpp4,26.0,52,1,AGGCCGGTGACTTGCTCCTT,51,2075135
kbpp4,79.0,158,1,AGGCACTCAACTTGATAAAC,157,2070099
kbpp4,55.0,110,1,AGCGGAGGTATTCCGGCGTG,109,2028537
kbpp4,71.0,142,1,AGCGAGCCATCGGGTCTCAA,141,2016679
kbpp4,47.5,95,1,AGCCTGGAAGGTGCTACCAA,94,2050452
kbpp4,36.0,72,1,AGCCGTCGTGGTCAACGGTC,71,2038512
kbpp4,1.0,2,1,AGCCGGTTGTGACTGGCCCT,1,2048718
kbpp4,85.0,170,1,AGCCCTCAGGCGGTGATGGG,169,2017661
kbpp4,65.5,131,1,AGCACTTAGTGTTATCACGA,130,2024243
kbpp4,43.0,86,1,AGCAAACAACGGCTTATATG,85,2034659
kbpp4,32.0,64,1,AGATCCCCTCACAGTGCCTC,63,2084210
kbpp4,106.0,212,1,AGAGTAGAGGAATTGCGCAA,211,2063527
kbpp4,1.0,2,1,AGAGGGATCAAACTCCGGAA,1,2062644
kbpp4,1.0,2,1,AGAGCCTAGCGAGGGCACTA,1,2065529
kbpp4,1.5,3,1,AGAGCCCGCAGTGCGATTAA,2,2080609
kbpp4,1.0,2,1,AGACTCCGGCCTGGTCGAAT,1,2030816
kbpp4,1.0,2,1,AGACTACCCGAGGGTGTAGC,1,2074840
kbpp4,1.0,2,1,AGACCATGGCGGCTTGTCTG,1,2066306
kbpp4,1.0,2,1,AGAATAAGTCATGGCAGATA,1,2018492
kbpp4,63.5,127,1,AGAAGTGGATGACGCTTCGT,126,2075871
kbpp4,44.0,88,1,AGAAGAGGTGTGTTCAATGA,87,2080209
kbpp4,61.5,123,1,ACTGTGGAAGCCGAACGAAG,122,2075769
kbpp4,78.5,157,1,ACTCTAAATTGCTGCTGCGC,156,2015925
kbpp4,73.0,146,1,ACTCGTGATAGTCAGGTTAA,145,2048042
kbpp4,1.0,2,1,ACTCGGGGTAAATTCGATAG,1,2053877
kbpp4,1.0,2,1,ACTCGCAGGAATGGGATGGC,1,2067945
kbpp4,1.0,2,1,ACTATTCCTACGCCAATCAA,1,2026563
kbpp4,77.5,155,1,ACTATAGCTGAGGGTAACAG,154,2062797
kbpp4,2.5,5,1,ACTACGAGTCCCTCGCTCGA,4,2032778
kbpp4,1.5,3,1,ACTACCTGGTTGATGCCCTG,2,2052401
kbpp4,83.0,166,1,ACTACACGACGAACACCTAT,165,2063531
kbpp4,77.5,155,1,ACGTTTCCGTTCTATAAGTT,154,2040818
kbpp4,1.0,2,1,ACGGTTTCGGAGGTATCTTG,1,2051733
kbpp4,1.0,2,1,ACGCGCCAGCAAATATGGCT,1,2085584
kbpp4,1.0,2,1,ACGCCAGCCCGGCTATATAT,1,2043510
kbpp4,41.0,82,1,ACGCACCAGGGGGCCTCTAG,81,2051145
kbpp4,1.0,2,1,ACGCAACTGCTGTGTATAGG,1,2078899
kbpp4,1.5,3,1,ACGCAACTATTGTAGGACTA,2,2048113
kbpp4,73.5,147,1,ACGACGGTCCTAACGACAAT,146,2036677
kbpp4,1.0,2,1,ACGACCCACCGTATGCCGCT,1,2018155
kbpp4,90.0,180,1,ACGAACCGCCGTGGCAACGT,179,2018285
kbpp4,155.5,311,1,ACCTCCCGGAGGGACTCATG,310,2029900
kbpp4,38.5,77,1,ACCTCATCCATGTATGATGC,76,2036811
kbpp4,79.0,158,1,ACCTATTTAGACGAGAATTG,157,2040826
kbpp4,1.0,2,1,ACCGCCGCCACCGAGACGTA,1,2065942
kbpp4,47.5,95,1,ACCCGTGTAAATAGTACCGA,94,2045146
kbpp4,1.0,2,1,ACCCGCATTAATCGCTGCCT,1,2022741
kbpp4,72.0,144,1,ACCCAGCTGGTACGGCGTGA,143,2061162
kbpp4,45.5,91,1,ACCACTTATAGGTGTCTCCC,90,2030059
kbpp4,33.0,66,1,ACCACTCGGGATCTGGACCA,65,2022950
kbpp4,149.5,299,1,ACCAACTCAGCTTTTGTACA,298,2032215
kbpp4,136.5,273,1,ACAGTGGTGTTCTGTGGTCA,272,2054757
kbpp4,85.5,171,1,ACAGACTAGGCAGGATAGGG,170,2022030
kbpp4,31.0,62,1,ACAGAATTTTAGACTCTTCT,61,2015417
kbpp4,1.5,3,1,ACACTGTATCATTTCGCCTA,2,2019528
kbpp4,75.0,150,1,ACACGGTCTAGATTCATGTA,149,2080269
kbpp4,1.0,2,1,ACACGCCGGATAAGGAGCGA,1,2045908
kbpp4,62.0,124,1,ACACATATCGTTGTAGCCCC,123,2058701
kbpp4,66.5,133,1,AATTGTTCCCTTAATTGCTA,132,2068988
kbpp4,1.0,2,1,AATGTGCTCCGACGGGGGAT,1,2052142
kbpp4,1.0,2,1,AATCGGCCCCAGTAATATGT,1,2084467
kbpp4,1.0,2,1,AATCCTGAGTTAGCGTATTC,1,2049682
kbpp4,87.5,175,1,AAGTGCGCGCGCTTATTTGA,174,2020004
kbpp4,1.0,2,1,AAGTGATGCGAACTATGTAA,1,2056363
kbpp4,50.5,101,1,AAGCCTGCAAGCGTTTAGAG,100,2051988
kbpp4,83.5,167,1,AAGCCAGACTTGGAGCGGGT,166,2060691
kbpp4,1.0,2,1,AAGCACCTTCGGTTGCATAC,1,2039365
kbpp4,1.0,2,1,AAGAAGTTGCGGTCTGGATA,1,2051018
kbpp4,1.0,2,1,AACTGACTAGGGCATGGGTT,1,2037086
kbpp4,105.0,210,1,AACGTACGGCATTCGCAGGA,209,2039992
kbpp4,1.0,2,1,AACGCTACCGTGAAACGGTG,1,2040023
kbpp4,1.0,2,1,AACGATGGGCGCTAGGCTGA,1,2059231
kbpp4,1.0,2,1,AACGAGCCCGGGGCGCGTAC,1,2016822
kbpp4,65.5,131,1,AACCTACCACATCCGATTCT,130,2027213
kbpp4,1.0,2,1,AACCGGGTCTTCAATTCTGG,1,2040299
kbpp4,36.5,73,1,AACATTTCAGTTTGTTTGAG,72,2029168
kbpp4,65.5,131,1,AACATGACGGGGTCACGAGC,130,2017325
kbpp4,1.0,2,1,AACAGATCGTACGCGCTTCC,1,2033096
kbpp4,165.5,331,1,AAATGTATCAGTTTGGGAGT,330,2040056
kbpp4,1.0,2,1,AAATCTTAAATGCAATTGAA,1,2058333
kbpp4,1.0,2,1,AAAGAGGCGTCGTCGCTGGA,1,2058966
kbpp4,1.0,2,1,AAACTAACAAACTTTCTGAG,1,2040032
kbpp4,69.5,139,1,AAACGACTTGTAACGCAGGT,138,2027677
kbpp4,101.0,202,1,AAACCACGGTAAGTGCCTTC,201,2029407
kbpp4,1.0,2,1,AAAATGGGATCAGCCCTTAC,1,2021007
kbpp4,1.0,2,1,AAAACATCACGTAATAATCT,1,2076188
kbpp4,76.0,152,1,AAAACACCGTTCTTCAGATA,151,2063179
kbpp4,28.0,56,1,AAAAACAGGACTCTCTCTAG,55,2032166
kbpp4,0.05555555555555555,17,17,TCGCTCTGGCATATCGCATT,0,2029445
kbpp4,0.0625,15,15,TGCGTGCGGGTTACACCCAG,0,2070824
kbpp4,0.0625,15,15,GACGCTCTCGCGTTGCCCAA,0,2024813
kbpp4,0.0625,15,15,ACAGGGGAAGGCGCGCCATT,0,2021234
kbpp4,0.06666666666666667,14,14,CGAGCCAGAGAAGGGCCATT,0,2053531
kbpp4,0.06666666666666667,14,14,CCTGCCTGTACCCTAAAGCC,0,2035722
kbpp4,0.07142857142857142,13,13,GGAGATCACAGACAAAATCA,0,2022259
kbpp4,0.07142857142857142,13,13,CTTACATTAGGGTGGCCAAA,0,2058959
kbpp4,0.07142857142857142,13,13,ATTCCACTTCGACAGTTATA,0,2018693
kbpp4,0.07692307692307693,12,12,TTGTTCTGTCGCCTCGATCT,0,2038287
kbpp4,0.07692307692307693,12,12,TGAGAACTGTGCCCCAATGA,0,2017055
kbpp4,0.07692307692307693,12,12,TACCTCACAGGGTTCAGTTT,0,2033489
kbpp4,0.07692307692307693,12,12,GGGGCCTTATCTCTAGCGCT,0,2056926
kbpp4,0.07692307692307693,12,12,GAGTACTCATGACCCTCGGT,0,2073729
kbpp4,0.07692307692307693,12,12,CGCTTCATGTCTAGGGAGTG,0,2071371
kbpp4,0.07692307692307693,12,12,CCCTCGTTTTGTGCCGGCGT,0,2032615
kbpp4,0.07692307692307693,12,12,AAGCATCCTTTTTGGGACCT,0,2083404
kbpp4,0.07692307692307693,12,12,AACTCTCCGGCTAACCGATC,0,2044079
kbpp4,0.08333333333333333,11,11,TGTTTCCGCGGCACCCCCAA,0,2031732
kbpp4,0.08333333333333333,11,11,TGGACCGCTCCCACGCCACT,0,2020155
kbpp4,0.08333333333333333,11,11,TGCGGAGGATTTCGATCGGT,0,2027062
kbpp4,0.08333333333333333,11,11,TCAGTTGTCTTGGTAGAGTA,0,2018573
kbpp4,0.08333333333333333,11,11,TACGCACGCCGGAAGCCCAA,0,2023901
kbpp4,0.08333333333333333,11,11,GTCGCTACAGCAGACTTTTA,0,2015719
kbpp4,0.08333333333333333,11,11,GTATTGGATGACGTTATCGA,0,2023578
kbpp4,0.08333333333333333,11,11,GGGGACGGGAGGCATATTGT,0,2030219
kbpp4,0.08333333333333333,11,11,GGGCTTATTGGCAGCAAGAT,0,2053187
kbpp4,0.08333333333333333,11,11,CGTGCCAGGACGGAACAACG,0,2063494
kbpp4,0.08333333333333333,11,11,AGTCTGAAAACCACATGCGT,0,2084415
kbpp4,0.08333333333333333,11,11,ACTAGCGTGGGTGCAGTCTA,0,2064469
kbpp4,0.08333333333333333,11,11,ACGGCACGATTTACTAGACG,0,2027616
kbpp4,0.08333333333333333,11,11,ACCTGCTTTGAGGAGCGCGC,0,2018686
kbpp4,0.08333333333333333,11,11,AACTGCTCGGTTGGTTACGT,0,2083269
kbpp4,0.09090909090909091,10,10,TCAATTGATCGCATATAGCA,0,2017407
kbpp4,0.09090909090909091,10,10,TAGGCCGTACGGGCGTTCAG,0,2057398
kbpp4,0.09090909090909091,10,10,GCACACACTTGAAAGAATAG,0,2058204
kbpp4,0.09090909090909091,10,10,CTTGAGAGGTTCATATATGT,0,2039133
kbpp4,0.09090909090909091,10,10,CCCGTGCCGGCCTAAAGGAT,0,2051965
kbpp4,0.09090909090909091,10,10,CCCAGGGTCAGACTTACGTA,0,2038636
kbpp4,0.09090909090909091,10,10,CATAATTTGAATCACCACGC,0,2042234
kbpp4,0.09090909090909091,10,10,CATAAGGTGCCATCTAGGAT,0,2069592
kbpp4,0.09090909090909091,10,10,ATGTCCCCGCACGGAGCAAT,0,2060685
kbpp4,0.09090909090909091,10,10,ATCGTCACCACGTCACTTGA,0,2023843
kbpp4,0.09090909090909091,10,10,ATATACGGTGGGCACGATTT,0,2054569
kbpp4,0.09090909090909091,10,10,ATAGAACTCTTTGCTGCGTA,0,2026548
kbpp4,0.09090909090909091,10,10,ACTTTGCAAGTGCATATCAC,0,2052157
kbpp4,0.09090909090909091,10,10,ACATATTGTTTTAATGGTTA,0,2034095
kbpp4,0.09090909090909091,10,10,AAAGGCCATCCGCGACAAAG,0,2070239
kbpp4,0.1,9,9,TTGCAATCATTTCGGGCGGT,0,2054708
kbpp4,0.1,9,9,TGACAGGATGGTTTGCCGGT,0,2016831
kbpp4,0.1,9,9,TCTTGTCGTCGCTGAAGACC,0,2016374
kbpp4,0.1,9,9,TCGAGGTTTGGAGCTTGCAT,0,2058593
kbpp4,0.1,9,9,TCCATACCACAAGAAGGTAG,0,2017616
kbpp4,0.1,9,9,GTTGGTTTTAACATACGCAG,0,2026114
kbpp4,0.1,9,9,GTCATGAATTTCAGGGGGTG,0,2064712
kbpp4,0.1,9,9,GATGCAACCACGTTCTTCAG,0,2017938
kbpp4,0.1,9,9,GAAAGGGGTCAAACCGAGGT,0,2070256
kbpp4,0.1,9,9,CTGCCGCACCCACCTTAGAA,0,2014740
kbpp4,0.1,9,9,CTCACAGCAACCACGGTTAA,0,2036507
kbpp4,0.1,9,9,CGTGCAACTGGAAAAAGCAA,0,2022333
kbpp4,0.1,9,9,CGGTTTAGGTCGTATTAGAC,0,2054359
kbpp4,0.1,9,9,CGGTCATTTTCTTCTGGCAA,0,2023785
kbpp4,0.1,9,9,CGGCATTTCTCTGACATTGT,0,2072708
kbpp4,0.1,9,9,CGATTAATAGCTTTAGTATG,0,2018900
kbpp4,0.1,9,9,CCGGCATGGTAGCGGGTAGT,0,2034455
kbpp4,0.1,9,9,CCCGGCAGCTCCACGACGTC,0,2082206
kbpp4,0.1,9,9,CCCCTCGGCAATACTCGTAC,0,2077184
kbpp4,0.1,9,9,CAGCAGTCGGACGCTTAATC,0,2065253
kbpp4,0.1,9,9,CAGACGTTCGTCGTGAAATG,0,2015315
kbpp4,0.1,9,9,CAATATATGCATAAAAACAT,0,2029674
kbpp4,0.1,9,9,ATGTCTACGCCACCAGAAGG,0,2076133
kbpp4,0.1,9,9,ACGGCTGTTGAACATAAGCC,0,2040224
kbpp4,0.1,9,9,ACCAGGTATTCTGGCGGAGG,0,2065852
kbpp4,0.1,9,9,AAGCATGGTTAGTCTTACAT,0,2071071
kbpp4,0.1111111111111111,8,8,TTGTTTTATTTTGGGTCCGG,0,2046259
kbpp4,0.1111111111111111,8,8,TTAAGGCGCACGTTTGTCTA,0,2039239
kbpp4,0.1111111111111111,8,8,TGTGATCTACACTGCGTGTC,0,2020674
kbpp4,0.1111111111111111,8,8,TGTCGATTGCGGTGCATAAG,0,2040163
kbpp4,0.1111111111111111,8,8,TGGCATAAAAAGGGTAACTG,0,2038352
kbpp4,0.1111111111111111,8,8,TGATGCAGCTACATTTGCTC,0,2040031
kbpp4,0.1111111111111111,8,8,TCTCTAGATCATGCGGAATT,0,2056050
kbpp4,0.1111111111111111,8,8,TCGGGAAGTGTCCATCTGAA,0,2081564
kbpp4,0.1111111111111111,8,8,TAGCAGAGCAGAGAGTGTCA,0,2032516
kbpp4,0.1111111111111111,8,8,TACACGTGAATAACAATGCT,0,2024892
kbpp4,0.1111111111111111,8,8,GTCTGTCAGGGCTACGGTCA,0,2084670
kbpp4,0.1111111111111111,8,8,GTAGCGACTAGGCCTGTTCA,0,2042986
kbpp4,0.1111111111111111,8,8,GGCCATCTACGCCGGTGGAC,0,2043657
kbpp4,0.1111111111111111,8,8,GGCAGTGGTCTTTGACCTGC,0,2055518
kbpp4,0.1111111111111111,8,8,GCTGTATCATTCGGACACCC,0,2015980
kbpp4,0.1111111111111111,8,8,GCAGTTACCGACTGCGACTA,0,2021986
kbpp4,0.1111111111111111,8,8,GATAGTCCGTCGGGACGGTT,0,2064500
kbpp4,0.1111111111111111,8,8,GACGTATCCACCATTTCTTG,0,2063796
kbpp4,0.1111111111111111,8,8,GACCATACCTTTGGTTCACA,0,2021572
kbpp4,0.1111111111111111,8,8,CTTGCGACATGGTGGAGGTA,0,2054991
kbpp4,0.1111111111111111,8,8,CTGTAGGCCCGGAGGGTTGA,0,2040137
kbpp4,0.1111111111111111,8,8,CTACGTTTCGCCGATAGATT,0,2018783
kbpp4,0.1111111111111111,8,8,CGTGATAGGACTATATTGGC,0,2062177
kbpp4,0.1111111111111111,8,8,CGTATGTTCTTACCTGCAAC,0,2039483
kbpp4,0.1111111111111111,8,8,CGGAACACGTCTTAATTTTT,0,2079333
kbpp4,0.1111111111111111,8,8,CGAGTTTTCGCCCAACGGGG,0,2072962
kbpp4,0.1111111111111111,8,8,CGAAATCGTAAGTGTCCCTT,0,2064485
kbpp4,0.1111111111111111,8,8,CCGTTGACGGATCATACAAT,0,2023743
kbpp4,0.1111111111111111,8,8,CCGGATCTGTGTTAGGCGAA,0,2029670
kbpp4,0.1111111111111111,8,8,CCCTTAGGGCCGGCGTAAAC,0,2041690
kbpp4,0.1111111111111111,8,8,CCCGAGCTGCTGAGAGATAA,0,2042442
kbpp4,0.1111111111111111,8,8,CCCCTCATGCGACGTTGGGA,0,2014652
kbpp4,0.1111111111111111,8,8,CCAGCGTAGTAGCACTTGTC,0,2032528
kbpp4,0.1111111111111111,8,8,CAGATTCATCGATTTATTGG,0,2080250
kbpp4,0.1111111111111111,8,8,CAATTTACTATAGTCGCTAA,0,2060932
kbpp4,0.1111111111111111,8,8,CAAACGGATACTACCCTTGC,0,2057613
kbpp4,0.1111111111111111,8,8,ATTACGCCCGAGGCAGGTGG,0,2081038
kbpp4,0.1111111111111111,8,8,ATGGGAATACCGAATAGCGC,0,2065894
kbpp4,0.1111111111111111,8,8,ATCGTAATAATCAACTCCGT,0,2063899
kbpp4,0.1111111111111111,8,8,ATCCCGGGCGAAGTCGTCAG,0,2064544
kbpp4,0.1111111111111111,8,8,AGTGCTGCCAGAGAGTCGGG,0,2076810
kbpp4,0.1111111111111111,8,8,AGTCAGAGAGGTCCTACCCA,0,2031401
kbpp4,0.1111111111111111,8,8,AGGCATCACTGTTAAGGTAT,0,2082467
kbpp4,0.1111111111111111,8,8,AGCACCGATTTTCTCGCCCA,0,2084292
kbpp4,0.1111111111111111,8,8,AGATGGCGTTATCAACCAAA,0,2056088
kbpp4,0.1111111111111111,8,8,AGACTCTAACCGGTCAGTGG,0,2015655
kbpp4,0.1111111111111111,8,8,ACACGCATATTGTTCGCATG,0,2047614
kbpp4,0.1111111111111111,8,8,AAGACTTACGTGAGTAGCAA,0,2069342
kbpp4,0.1111111111111111,8,8,AACACTCCCCATCGCCGTGA,0,2054689
kbpp4,0.125,7,7,TTTTGGCTGCATGGGCGGAG,0,2044009
kbpp4,0.125,7,7,TTTGCCTGTACTGCGTGCTA,0,2042470
kbpp4,0.125,7,7,TTTGACAGCGTACTAACGTA,0,2030642
kbpp4,0.125,7,7,TTTCTTTGGGGAGTTCCTTG,0,2059998
kbpp4,0.125,7,7,TTTATGGTTTAGGCTACCGT,0,2068675
kbpp4,0.125,7,7,TTTAATACGACATCCCGCGA,0,2084504
kbpp4,0.125,7,7,TTCGTGAGTAATTGGAGAAT,0,2047803
kbpp4,0.125,7,7,TTCACGGCATTTCGGATGGA,0,2053312
kbpp4,0.125,7,7,TTATTTCTTTGGATATAGCC,0,2044947
kbpp4,0.125,7,7,TTATTCAACGGTGATTTCGA,0,2031598
kbpp4,0.125,7,7,TTAAGTCTAACTACAGGAAA,0,2032208
kbpp4,0.125,7,7,TGGTAACATCGCACATCGAA,0,2033033
kbpp4,0.125,7,7,TGGGTGTCATAGATTACCAG,0,2056789
kbpp4,0.125,7,7,TGGGGGTTTCAGCTCGGGTA,0,2014473
kbpp4,0.125,7,7,TGGCGGCATTTCGAGCTCAG,0,2038453
kbpp4,0.125,7,7,TGGCGCCCTTGCTCAGTAGA,0,2079157
kbpp4,0.125,7,7,TGCCACGACGGTTATGCATA,0,2031400
kbpp4,0.125,7,7,TGATTTTCGGGGTTGTACTT,0,2026970
kbpp4,0.125,7,7,TGATATGTCTTGGCTGTAAG,0,2081714
kbpp4,0.125,7,7,TCGGGCATCAGCCGTTCGAA,0,2073105
kbpp4,0.125,7,7,TCGATAACGGGTGCGCGTAG,0,2024179
kbpp4,0.125,7,7,TCCGTTGTAAAAGAGCAAAC,0,2017774
kbpp4,0.125,7,7,TCACTAGATGGAAAGTCACT,0,2022289
kbpp4,0.125,7,7,TATCCACAGCGCGGCAGGCA,0,2050353
kbpp4,0.125,7,7,TAGGTATGTTCTGTCGCCCT,0,2056968
kbpp4,0.125,7,7,TAGGAAACTGGGTTTAACCT,0,2030811
kbpp4,0.125,7,7,GTTCTCACCATGGTTTTGGG,0,2066349
kbpp4,0.125,7,7,GTTACATAGTAGACATTGAC,0,2082656
kbpp4,0.125,7,7,GTTAACTATGCCGTTGAACG,0,2018046
kbpp4,0.125,7,7,GTGCCTATATCACCCTGCGA,0,2061092
kbpp4,0.125,7,7,GTCGGGGATAGGATTCGGGA,0,2019540
kbpp4,0.125,7,7,GTCACTAGACTTAGGAGCTA,0,2050336
kbpp4,0.125,7,7,GTAGGGCGTCAAGCACTCGG,0,2022211
kbpp4,0.125,7,7,GTAGAAGAGTTCCGTCGGAC,0,2054203
kbpp4,0.125,7,7,GTAACCGGTACGATCATCGT,0,2067623
kbpp4,0.125,7,7,GGTGCTTAATCTTTGACCAG,0,2052840
kbpp4,0.125,7,7,GGTAATGGAGCGAGATATTC,0,2073808
kbpp4,0.125,7,7,GGGTGATAGTACGGAGGCTC,0,2040612
kbpp4,0.125,7,7,GGGGTAAGACAACGCAAAGG,0,2052865
kbpp4,0.125,7,7,GCGGTCAGTGTTGTATGCAG,0,2054943
kbpp4,0.125,7,7,GCGGGTGATACATGGTGAAA,0,2028149
kbpp4,0.125,7,7,GCGGCCACGCGGTTACCAAA,0,2023744
kbpp4,0.125,7,7,GCCTCAGGGAACGCGGGCGT,0,2034161
kbpp4,0.125,7,7,GCCTACGTTGTTCCCTCAAT,0,2045190
kbpp4,0.125,7,7,GCCGATTGACATTCTGTACA,0,2026474
kbpp4,0.125,7,7,GCCCTATGTTGTAGGTTAGG,0,2022682
kbpp4,0.125,7,7,GATAGCGGTCTCCTTGCAAT,0,2062989
kbpp4,0.125,7,7,GAAATTTAGGTAAAATGGTG,0,2034417
kbpp4,0.125,7,7,CTGACTGCAGCCCCGCTGCT,0,2073771
kbpp4,0.125,7,7,CTCTGCACCTAGCGGAATTT,0,2077125
kbpp4,0.125,7,7,CTAGCGGTGATCGTTAAGCT,0,2016046
kbpp4,0.125,7,7,CGTACCAAGATTTGGGAAGA,0,2016245
kbpp4,0.125,7,7,CGGCAGCCGATCACACATCA,0,2019847
kbpp4,0.125,7,7,CGCTACCCGCATCGCGGTCA,0,2062803
kbpp4,0.125,7,7,CGCAGATTACGCGGTAGATC,0,2074079
kbpp4,0.125,7,7,CGCACAAAGAGACCAAGCCT,0,2067751
kbpp4,0.125,7,7,CGATCCTGTATCTCTCAAGA,0,2051221
kbpp4,0.125,7,7,CCTTGTTAAGGGTTTAGGCG,0,2063620
kbpp4,0.125,7,7,CCGAATAACCAACGCATCTG,0,2062987
kbpp4,0.125,7,7,CCAGTCGAGGAGTTCTTGGT,0,2021010
kbpp4,0.125,7,7,CATGGGTTGAATAGCCATTA,0,2018376
kbpp4,0.125,7,7,CATAGAAATGGCACTGAACT,0,2044749
kbpp4,0.125,7,7,CACGCTCGTCTCACAATTAG,0,2023053
kbpp4,0.125,7,7,CACAAAGGGTGGGTCCGGTT,0,2057156
kbpp4,0.125,7,7,CAAGTACCTTCTCGCCGTTT,0,2068167
kbpp4,0.125,7,7,CAAGCACAACTCCGTATAAC,0,2043642
kbpp4,0.125,7,7,CAAGACCGCCGTGTTATAGG,0,2030997
kbpp4,0.125,7,7,ATTCGCCAGCTAAGCGTCTA,0,2068399
kbpp4,0.125,7,7,ATTCGCAACGTCCCGCTCAA,0,2029922
kbpp4,0.125,7,7,ATTCAACAAGATCTTAAACA,0,2048667
kbpp4,0.125,7,7,ATTAGAGATTACGGAAAGAT,0,2029636
kbpp4,0.125,7,7,ATGTATTCTATACTGGTTGG,0,2044777
kbpp4,0.125,7,7,ATCGCCCCTTAAAAGAGCAA,0,2027603
kbpp4,0.125,7,7,ATCCTGGCCTGTTCAGTGCA,0,2060391
kbpp4,0.125,7,7,AGTTCCGGTCGGTTGCTATA,0,2023859
kbpp4,0.125,7,7,AGGTTTGAGGTGCGACAGAG,0,2064486
kbpp4,0.125,7,7,AGGGTCTTATCTACGGCAAT,0,2054522
kbpp4,0.125,7,7,AGCGCAGAATATTAGATGAC,0,2015820
kbpp4,0.125,7,7,AGAAGTTATCGCCTCGTCTA,0,2045023
kbpp4,0.125,7,7,AGAAATCCGGACTGGGCCGG,0,2051440
kbpp4,0.125,7,7,ACTGCTTGGTGACAACCCGC,0,2029354
kbpp4,0.125,7,7,ACTAGCTAGTAGATCAGTGA,0,2075826
kbpp4,0.125,7,7,ACGAACAGTCGGCAACACGG,0,2052786
kbpp4,0.125,7,7,ACCTCGGTTAGACCTCGTCG,0,2045599
kbpp4,0.125,7,7,ACCCCTTATGCCAAATAAAG,0,2078285
kbpp4,0.125,7,7,AATCCGTTACGTAAGATCTT,0,2014573
kbpp4,0.125,7,7,AATCACGCCACACATCATAA,0,2043340
kbpp4,0.125,7,7,AATAGTCTCAAGGGGGTTTG,0,2020772
kbpp4,0.125,7,7,AAAGCATCAGCCCGGTCTGT,0,2043191
kbpp4,0.125,7,7,AAAGAGCCAGGGGATCCACA,0,2062482
kbpp4,0.14285714285714285,6,6,TTTTTTCCAGGCCAGCTTTG,0,2057295
kbpp4,0.14285714285714285,6,6,TTGTATCCATATTCTTCCGT,0,2063026
kbpp4,0.14285714285714285,6,6,TTGTAGCGGGCGCAATTGAC,0,2019491
kbpp4,0.14285714285714285,6,6,TTGCGTTCAGTACTCCCCGT,0,2067130
kbpp4,0.14285714285714285,6,6,TTGACTACTTAGTCAAAAAT,0,2076720
kbpp4,0.14285714285714285,6,6,TTGACCCATCTAACAGCATG,0,2082518
kbpp4,0.14285714285714285,6,6,TTCCCGAGCCTACGTAGCCG,0,2062453
kbpp4,0.14285714285714285,6,6,TTACGGGTCGCCTCAATTCG,0,2024698
kbpp4,0.14285714285714285,6,6,TGTTAGGTAGATGGACTTAG,0,2070157
kbpp4,0.14285714285714285,6,6,TGTGCGATAATTGCTGTCTT,0,2072142
kbpp4,0.14285714285714285,6,6,TGGGTAATGTTACTACTCCC,0,2053367
kbpp4,0.14285714285714285,6,6,TGGGGTAAGGGCCAACTATC,0,2066298
kbpp4,0.14285714285714285,6,6,TGGGCGTATTGTAGGTGGTC,0,2017320
kbpp4,0.14285714285714285,6,6,TGGCTGAGTAAAATACGTCC,0,2076604
kbpp4,0.14285714285714285,6,6,TGCTTATCTTACTGCTCCTC,0,2051607
kbpp4,0.14285714285714285,6,6,TGCTATAGCCCCTGTTCGCG,0,2043615
kbpp4,0.14285714285714285,6,6,TGATCCTTATGTTTCGTATG,0,2066888
kbpp4,0.14285714285714285,6,6,TGAGGTCTATTGGCGCATGG,0,2050734
kbpp4,0.14285714285714285,6,6,TGACCGACCCATATCCGAAA,0,2053874
kbpp4,0.14285714285714285,6,6,TCTGTCTTGAGCTATGATCC,0,2062077
kbpp4,0.14285714285714285,6,6,TCTAGGACATCTCCAGGTCT,0,2036970
kbpp4,0.14285714285714285,6,6,TCGTTTAATGGTGTGACATA,0,2038030
kbpp4,0.14285714285714285,6,6,TCGGTCAGGCTGACTACGAG,0,2040564
kbpp4,0.14285714285714285,6,6,TCGCGAGCGACGAATCAAGC,0,2052781
kbpp4,0.14285714285714285,6,6,TCGACTTTAACGTCAAACAA,0,2078029
kbpp4,0.14285714285714285,6,6,TCGACCGGGGCATGCTCTCG,0,2042170
kbpp4,0.14285714285714285,6,6,TCATTGATTTATTTAATTGT,0,2062526
kbpp4,0.14285714285714285,6,6,TCACCGGACGCTCATGGCGA,0,2020766
kbpp4,0.14285714285714285,6,6,TCAACGATGGACACTTTTCT,0,2044601
kbpp4,0.14285714285714285,6,6,TATGGGCTTTGGGCGTTTGA,0,2031393
kbpp4,0.14285714285714285,6,6,TATGGGAAGCAACCTCCGCG,0,2075860
kbpp4,0.14285714285714285,6,6,TATGCTTAAGTGTCACCTAA,0,2052619
kbpp4,0.14285714285714285,6,6,TATATGCTACTACGAGGACT,0,2047914
kbpp4,0.14285714285714285,6,6,TAGCATCTGACGTTTACCTC,0,2037922
kbpp4,0.14285714285714285,6,6,TACTAAGGTAGTGACTTATA,0,2034990
kbpp4,0.14285714285714285,6,6,TACGTCGTACGGTGTACACT,0,2082560
kbpp4,0.14285714285714285,6,6,TAACCAACACTACCGATTTA,0,2046828
kbpp4,0.14285714285714285,6,6,TAACAGGACTACAGGTGCAT,0,2062812
kbpp4,0.14285714285714285,6,6,TAAAAGATGTAATCTAACTA,0,2044722
kbpp4,0.14285714285714285,6,6,GTTGTACGGCAGCTCTTTGT,0,2054844
kbpp4,0.14285714285714285,6,6,GTGACGTAACATAAATCGGT,0,2071784
kbpp4,0.14285714285714285,6,6,GTACAATGACGAGTATACAA,0,2047309
kbpp4,0.14285714285714285,6,6,GTACAAGTCTACCTCTCATT,0,2022132
kbpp4,0.14285714285714285,6,6,GGTTTTGTATAGTTCTCACT,0,2077860
kbpp4,0.14285714285714285,6,6,GGTTAACGAGCGGTCCCGGA,0,2038669
kbpp4,0.14285714285714285,6,6,GGTCAAAACGTTCTTAGGTC,0,2027525
kbpp4,0.14285714285714285,6,6,GGCTGCAGTGCAGTTAATCG,0,2027554
kbpp4,0.14285714285714285,6,6,GGCTCTGTTACGCTAAGGAT,0,2020297
kbpp4,0.14285714285714285,6,6,GGATCGAAAGGAGCAGTCCA,0,2032006
kbpp4,0.14285714285714285,6,6,GGAGTAGTACTGGAACTGGC,0,2042196
kbpp4,0.14285714285714285,6,6,GCTGAGACTGGGACCAAGGC,0,2052658
kbpp4,0.14285714285714285,6,6,GCGTAAAACAATGTCCTCGA,0,2033682
kbpp4,0.14285714285714285,6,6,GCCGCCCTGTGCAGGAAAAT,0,2062745
kbpp4,0.14285714285714285,6,6,GCCAGTTGCCCCTTTAATTC,0,2022663
kbpp4,0.14285714285714285,6,6,GCCACTAGGCTCAAATTAGA,0,2054272
kbpp4,0.14285714285714285,6,6,GCATACGCGAGCATCGAACG,0,2018028
kbpp4,0.14285714285714285,6,6,GCATAAATCTGGGAATCTGT,0,2017520
kbpp4,0.14285714285714285,6,6,GCAAGCCCCAGTGGTTGGTA,0,2029668
kbpp4,0.14285714285714285,6,6,GATCCTCCGAGCGAGCGACA,0,2064897
kbpp4,0.14285714285714285,6,6,GACGTCACAGTCCGACCCTA,0,2041652
kbpp4,0.14285714285714285,6,6,GAATTAAGCGTTACGGCGGT,0,2072742
kbpp4,0.14285714285714285,6,6,GAAGCGTCTCATAGAAATTA,0,2046709
kbpp4,0.14285714285714285,6,6,CTTTCAACCCGAGTTACTCC,0,2063211
kbpp4,0.14285714285714285,6,6,CTTTACCAGTCTTCTGGTGA,0,2018308
kbpp4,0.14285714285714285,6,6,CTTGTACAGCTGGCTGCGAT,0,2059557
kbpp4,0.14285714285714285,6,6,CTTGCGACAAAGAACACCTG,0,2036750
kbpp4,0.14285714285714285,6,6,CTGTTTAATTAATTGGGAAA,0,2079312
kbpp4,0.14285714285714285,6,6,CTGTGGTGATACCGTGAGGA,0,2065687
kbpp4,0.14285714285714285,6,6,CTGGGTAACTCACGGTACTT,0,2070540
kbpp4,0.14285714285714285,6,6,CTGGAAAAATTCAGCGTGGA,0,2077130
kbpp4,0.14285714285714285,6,6,CTCGTGTGTAAGACAGGGTA,0,2035298
kbpp4,0.14285714285714285,6,6,CTCGAACGTAAAAGTCACTC,0,2038366
kbpp4,0.14285714285714285,6,6,CTCACGAAAGCAAATTCCAG,0,2066812
kbpp4,0.14285714285714285,6,6,CTCACCAACAACATGGTGTT,0,2015726
kbpp4,0.14285714285714285,6,6,CTAGCGAGATAATTACCCAA,0,2055289
kbpp4,0.14285714285714285,6,6,CTAGATTAACGATGACACGT,0,2045664
kbpp4,0.14285714285714285,6,6,CTAGAACCGACGTCATTCTT,0,2062080
kbpp4,0.14285714285714285,6,6,CTACGAAGTTGGGCGGGTTC,0,2028876
kbpp4,0.14285714285714285,6,6,CGTTACCGCCACATCACTAG,0,2042619
kbpp4,0.14285714285714285,6,6,CGTGATCGTTAACGTAAGTA,0,2047229
kbpp4,0.14285714285714285,6,6,CGTAGTGGGGGACACAGTAA,0,2073382
kbpp4,0.14285714285714285,6,6,CGGCTGCTTATGTGAAAGAC,0,2031356
kbpp4,0.14285714285714285,6,6,CGGATGGGGGGCCGGAGAAT,0,2017216
kbpp4,0.14285714285714285,6,6,CGGAGAGTAGCCGTACGATA,0,2052081
kbpp4,0.14285714285714285,6,6,CGCTGGATAATCTCTAAAAA,0,2082389
kbpp4,0.14285714285714285,6,6,CGCGCGAGTTAAAATCCGCT,0,2081820
kbpp4,0.14285714285714285,6,6,CGCCCCCCGAAGCTGGTACA,0,2066921
kbpp4,0.14285714285714285,6,6,CGATGCTCGTTTACGTCTTT,0,2061838
kbpp4,0.14285714285714285,6,6,CGAGTTGGCTGATAAACTGT,0,2070326
kbpp4,0.14285714285714285,6,6,CGAGGGGAGCGATCGGAACT,0,2032805
kbpp4,0.14285714285714285,6,6,CGAGCCCACACTGCGGTACT,0,2031728
kbpp4,0.14285714285714285,6,6,CGACCTAGACAAACTCTCGG,0,2075477
kbpp4,0.14285714285714285,6,6,CCTCCGACCTCAGGGTTTCC,0,2041255
kbpp4,0.14285714285714285,6,6,CCGCTAGATGGATTTTGAAA,0,2051933
kbpp4,0.14285714285714285,6,6,CCGATTGAAAAACGACGGGA,0,2043815
kbpp4,0.14285714285714285,6,6,CCGATGCTGAATCGACCTGT,0,2055010
kbpp4,0.14285714285714285,6,6,CCGAACTTTGCCACTGCTTT,0,2045102
kbpp4,0.14285714285714285,6,6,CCCGGCAAACAAAGTACGCT,0,2050652
kbpp4,0.14285714285714285,6,6,CCATTGGAACACGGAAGTAG,0,2020505
kbpp4,0.14285714285714285,6,6,CATTACCAAGACGTATCGAA,0,2018292
kbpp4,0.14285714285714285,6,6,CATGGAGCTTGTAGCTAACC,0,2028155
kbpp4,0.14285714285714285,6,6,CATAGTCGAGTAACGTGCTG,0,2025554
kbpp4,0.14285714285714285,6,6,CAGTATAGTCACCTTTGAGT,0,2016147
kbpp4,0.14285714285714285,6,6,CAGGGATAGTATAAGGGCGG,0,2043264
kbpp4,0.14285714285714285,6,6,CAGGCTAAAATCGCTGATCG,0,2028983
kbpp4,0.14285714285714285,6,6,CAGCGCCCGTGGGCATCTAA,0,2024466
kbpp4,0.14285714285714285,6,6,CAGAAGTGTGTCTTCAATCT,0,2050692
kbpp4,0.14285714285714285,6,6,CACGTTTGCTTACCCTTCTT,0,2033543
kbpp4,0.14285714285714285,6,6,CACATGACATAATCCCATGC,0,2025547
kbpp4,0.14285714285714285,6,6,ATTTCTTATGGCTGCAATCC,0,2043211
kbpp4,0.14285714285714285,6,6,ATTCCTTACAGAGGCCTTAT,0,2064277
kbpp4,0.14285714285714285,6,6,ATTCCCGTAACCAAGTGCAT,0,2025351
kbpp4,0.14285714285714285,6,6,ATTAATCCATATATGTGGTA,0,2053681
kbpp4,0.14285714285714285,6,6,ATGAACAAGGTGTGGCATTT,0,2037336
kbpp4,0.14285714285714285,6,6,ATAACCGAGATCTTTTTTCA,0,2054760
kbpp4,0.14285714285714285,6,6,AGTGGCAACATACCGACCGT,0,2047425
kbpp4,0.14285714285714285,6,6,AGGTGCAGCTGCACCCGGAA,0,2075225
kbpp4,0.14285714285714285,6,6,AGGTCTCTTCTAGTTATCAT,0,2070432
kbpp4,0.14285714285714285,6,6,AGGCTTATTGGGCAGTTCCT,0,2032262
kbpp4,0.14285714285714285,6,6,AGGCCGTGTATCTGGTTGAA,0,2046326
kbpp4,0.14285714285714285,6,6,AGGCATGCCGTTGGATTAGT,0,2062759
kbpp4,0.14285714285714285,6,6,AGGATAGAGGATGAATCAGC,0,2060809
kbpp4,0.14285714285714285,6,6,AGCTGACGCATGGGTGCGCT,0,2077718
kbpp4,0.14285714285714285,6,6,AGCTCGAGAATGTGGTGGAC,0,2073297
kbpp4,0.14285714285714285,6,6,AGCGGTAAGGACCCATCAGA,0,2076016
kbpp4,0.14285714285714285,6,6,AGATTTCGGAGTGGGACCTA,0,2021548
kbpp4,0.14285714285714285,6,6,ACTCCAGTTTTCTTCAGGGG,0,2016030
kbpp4,0.14285714285714285,6,6,ACGGCCACGTCACGAAAGCT,0,2038023
kbpp4,0.14285714285714285,6,6,ACGACCTGCCGAGCATTGAG,0,2016787
kbpp4,0.14285714285714285,6,6,ACGAATAAGGCGGGGAATAG,0,2076637
kbpp4,0.14285714285714285,6,6,ACGAAATTAATGGCTGGCGT,0,2038956
kbpp4,0.14285714285714285,6,6,ACCGCTTAAATTGCGCCCCA,0,2068771
kbpp4,0.14285714285714285,6,6,ACCCGGTGTCGTAACATGGC,0,2041583
kbpp4,0.14285714285714285,6,6,ACCCGACACAAGGTGAGGTA,0,2032426
kbpp4,0.14285714285714285,6,6,ACATTCATGTCTGCTGTTGG,0,2040908
kbpp4,0.14285714285714285,6,6,ACAGTCTCCACGGTGTGTAA,0,2038205
kbpp4,0.14285714285714285,6,6,ACACCCAATTCTACCTTTCA,0,2084057
kbpp4,0.14285714285714285,6,6,ACAATTGTTCCGTGATTTTA,0,2017330
kbpp4,0.14285714285714285,6,6,AATCTAACTCTAAATTTCGC,0,2015276
kbpp4,0.14285714285714285,6,6,AATCGACGTTAGCCCAGGCT,0,2053946
kbpp4,0.14285714285714285,6,6,AAGTTCAATCGATCAATTAC,0,2060207
kbpp4,0.14285714285714285,6,6,AAGTCACGTATGTATCACTC,0,2044858
kbpp4,0.14285714285714285,6,6,AACGGGTATAAGGGAACGTG,0,2031340
kbpp4,0.14285714285714285,6,6,AAAGACTATAGGCCAGTGAC,0,2017246
kbpp4,0.14285714285714285,6,6,AAAAACAAAAGGTGACTTTT,0,2077378
kbpp4,0.16666666666666666,5,5,TTTTACCATGCGATGCTGTA,0,2070362
kbpp4,0.16666666666666666,5,5,TTTGACGGTGACCGCGCGAA,0,2044248
kbpp4,0.16666666666666666,5,5,TTTGAAAAGAGTCCGTCTAT,0,2077103
kbpp4,0.16666666666666666,5,5,TTTACCGAACGGGAGCGGAT,0,2083633
kbpp4,0.16666666666666666,5,5,TTGTCGAAATCCAGTCGGTA,0,2026817
kbpp4,0.16666666666666666,5,5,TTGGCTGAGATAGGACAAAC,0,2039179
kbpp4,0.16666666666666666,5,5,TTGCGATCGTTAGGAGTGTA,0,2069011
kbpp4,0.16666666666666666,5,5,TTGAGGTGGAAGGGGCTCAC,0,2030553
kbpp4,0.16666666666666666,5,5,TTGAGGGTGATGTTTGACAG,0,2052448
kbpp4,0.16666666666666666,5,5,TTCTGACAATATCCTCGGGC,0,2060940
kbpp4,0.16666666666666666,5,5,TTCGTGGGTACTGTAAACGT,0,2083914
kbpp4,0.16666666666666666,5,5,TTCCCGGGATCTCCTCGAAG,0,2015549
kbpp4,0.16666666666666666,5,5,TTCAAAGGTGGAGGTTGTTC,0,2028263
kbpp4,0.16666666666666666,5,5,TTATCCACGCGATGTGAAAT,0,2016080
kbpp4,0.16666666666666666,5,5,TTAGTGCGGTAAACTAACAA,0,2061295
kbpp4,0.16666666666666666,5,5,TTAGCTAAGTTCGCTGCGGA,0,2056413
kbpp4,0.16666666666666666,5,5,TTAGAAGATACGGGATGTTT,0,2050935
kbpp4,0.16666666666666666,5,5,TGTTCTAAAACGGGCCGAAA,0,2051767
kbpp4,0.16666666666666666,5,5,TGTGCAAATCTACTGTTGGT,0,2050660
kbpp4,0.16666666666666666,5,5,TGTCGCTACGAGGGCATCTA,0,2034443
kbpp4,0.16666666666666666,5,5,TGTATCGCATATGTAAAGAG,0,2071508
kbpp4,0.16666666666666666,5,5,TGTAGCATATGAACATCGTG,0,2065597
kbpp4,0.16666666666666666,5,5,TGTAACTTGATAATCCCAAA,0,2046747
kbpp4,0.16666666666666666,5,5,TGGAGGTGGGTATGGTGCTA,0,2042294
kbpp4,0.16666666666666666,5,5,TGCGATGTAGGGCGCCTCTG,0,2061948
kbpp4,0.16666666666666666,5,5,TGCATTGAGGCGGTGCACTA,0,2060701
kbpp4,0.16666666666666666,5,5,TGCAAGAGGCTTAGGAAGAT,0,2015762
kbpp4,0.16666666666666666,5,5,TGATAATCGTGAACAAAACT,0,2068808
kbpp4,0.16666666666666666,5,5,TGACTGGTGGTGTCGTCCGA,0,2080215
kbpp4,0.16666666666666666,5,5,TGAAGATAGGTCGCGTGCGT,0,2030226
kbpp4,0.16666666666666666,5,5,TGAAGACGGGCATACCTGCA,0,2016711
kbpp4,0.16666666666666666,5,5,TCTGCTCCACATAGCAGCAT,0,2045965
kbpp4,0.16666666666666666,5,5,TCTAGCGCGTGTAGGCCAAT,0,2041864
kbpp4,0.16666666666666666,5,5,TCGTAGTGTTCAACAGGCGT,0,2047586
kbpp4,0.16666666666666666,5,5,TCGGTCTGGGAAGGCGACAA,0,2057169
kbpp4,0.16666666666666666,5,5,TCGGGCGCCGAGCAGACTTG,0,2030078
kbpp4,0.16666666666666666,5,5,TCGAGAAAGTCCTACCGCTA,0,2076032
kbpp4,0.16666666666666666,5,5,TCCGGGGGAACGGCCGCTCA,0,2049915
kbpp4,0.16666666666666666,5,5,TCCGAGTTTGAATTAGTACA,0,2049048
kbpp4,0.16666666666666666,5,5,TCCCCACAGGTGAGCGCCCC,0,2024289
kbpp4,0.16666666666666666,5,5,TCATGTTTTTTACTTGAATA,0,2026237
kbpp4,0.16666666666666666,5,5,TCAGGCACGAATGCTAGCTA,0,2060524
kbpp4,0.16666666666666666,5,5,TCAGGACTTGGGCTCAAAGG,0,2059735
kbpp4,0.16666666666666666,5,5,TCACTTACTCAGCCTGTTGT,0,2016530
kbpp4,0.16666666666666666,5,5,TCACTCACGGCCATGACGTA,0,2054409
kbpp4,0.16666666666666666,5,5,TCACCGCCCTAAAGTTTGTT,0,2051874
kbpp4,0.16666666666666666,5,5,TCACATACAGACGTTACCCG,0,2039725
kbpp4,0.16666666666666666,5,5,TCAATCGGTCCACTCCCACA,0,2066979
kbpp4,0.16666666666666666,5,5,TCAATATCGACCAAAAATTG,0,2063317
kbpp4,0.16666666666666666,5,5,TATTATATTGAGTGAAGCGT,0,2024199
kbpp4,0.16666666666666666,5,5,TATTACCAGTCTACTAAGTT,0,2029990
kbpp4,0.16666666666666666,5,5,TATGCAGGGCGGTTCACATG,0,2052806
kbpp4,0.16666666666666666,5,5,TATCGTCTGGGCGGGTACTA,0,2039096
kbpp4,0.16666666666666666,5,5,TATAGTAAGAGACTCGGCTT,0,2066834
kbpp4,0.16666666666666666,5,5,TAGGCACACGACGCGGTGCA,0,2083116
kbpp4,0.16666666666666666,5,5,TAGCACGTGCCAGCCTGTAG,0,2038121
kbpp4,0.16666666666666666,5,5,TAGAATCAGTTATAACGCTA,0,2047086
kbpp4,0.16666666666666666,5,5,TAGAATACAGCGGTCCTACT,0,2047400
kbpp4,0.16666666666666666,5,5,TAGAAGGAACGAGGTCGTCT,0,2037226
kbpp4,0.16666666666666666,5,5,TAAGTCTTGTCACGTTACCA,0,2039530
kbpp4,0.16666666666666666,5,5,TAAATGCTGCTTGCTGTAGC,0,2061837
kbpp4,0.16666666666666666,5,5,TAAACGTATTAGGAGTGGAT,0,2079593
kbpp4,0.16666666666666666,5,5,GTTGTATTGCTGGCTGTCCC,0,2014421
kbpp4,0.16666666666666666,5,5,GTTGCAGTTTGGCCTGTTGC,0,2068455
kbpp4,0.16666666666666666,5,5,GTTGATGAAGGGTTTCCACA,0,2057823
kbpp4,0.16666666666666666,5,5,GTTGACACATCCACGGCAAG,0,2019488
kbpp4,0.16666666666666666,5,5,GTTCGCAGCAATCCGGCTAA,0,2062148
kbpp4,0.16666666666666666,5,5,GTTCCGCCAAGTCACATCCT,0,2046838
kbpp4,0.16666666666666666,5,5,GTTCACAGTGGCCCACACCA,0,2046565
kbpp4,0.16666666666666666,5,5,GTGTCTCCACTGAAGCCCGG,0,2024849
kbpp4,0.16666666666666666,5,5,GTGTAGAGCAGCCCGCGTAT,0,2023148
kbpp4,0.16666666666666666,5,5,GTGGTTTAGGCTGTCAGGGA,0,2050882
kbpp4,0.16666666666666666,5,5,GTGCGAGTTGCGTAATCTTA,0,2035137
kbpp4,0.16666666666666666,5,5,GTGCAAGACCCCCTTAGCTT,0,2077993
kbpp4,0.16666666666666666,5,5,GTCTTGTGTGGTAGGCATTA,0,2034804
kbpp4,0.16666666666666666,5,5,GTCCGCTCGCAGCGTGAGGC,0,2019729
kbpp4,0.16666666666666666,5,5,GTCCGCATCGTTTGTCGTAT,0,2049087
kbpp4,0.16666666666666666,5,5,GTCCCCCTATAACGTGGACG,0,2058911
kbpp4,0.16666666666666666,5,5,GTATCATATGGGATACGCTA,0,2084535
kbpp4,0.16666666666666666,5,5,GTAGTCAGGTATGTATGTGT,0,2034033
kbpp4,0.16666666666666666,5,5,GTACACTCTTATGCGTTACG,0,2071491
kbpp4,0.16666666666666666,5,5,GGTTATCCGGCAGACTTAAG,0,2077364
kbpp4,0.16666666666666666,5,5,GGTTAGTACTGTGGGATCAC,0,2054574
kbpp4,0.16666666666666666,5,5,GGTGCAATACCAAAATTATA,0,2035678
kbpp4,0.16666666666666666,5,5,GGTCTTTCAGCCCCTAGCCA,0,2046143
kbpp4,0.16666666666666666,5,5,GGTCTATGCGAGGCGATGTG,0,2031908
kbpp4,0.16666666666666666,5,5,GGTCTATCACTTCTTGTTAA,0,2061740
kbpp4,0.16666666666666666,5,5,GGTAAGTTTGGAAGGCGGGG,0,2061027
kbpp4,0.16666666666666666,5,5,GGTAAGCGATGCGGAGCCGA,0,2045807
kbpp4,0.16666666666666666,5,5,GGGTCTAGTAATTCGGAACG,0,2044353
kbpp4,0.16666666666666666,5,5,GGGCGAGGCTAAGAACGGTA,0,2052051
kbpp4,0.16666666666666666,5,5,GGGCATGTGATGGTTTTCCA,0,2032558
kbpp4,0.16666666666666666,5,5,GGGATAGAGTTAGGTGACCA,0,2019596
kbpp4,0.16666666666666666,5,5,GGGACTTAACAGCGATCGAA,0,2046926
kbpp4,0.16666666666666666,5,5,GGCTATCACTCTGTTTCGCA,0,2041808
kbpp4,0.16666666666666666,5,5,GGCGTAAATGTGCATACGTA,0,2046580
kbpp4,0.16666666666666666,5,5,GGCCTTGGCGGATAGTGTGT,0,2018400
kbpp4,0.16666666666666666,5,5,GGCCCAACGATCATTAGGTG,0,2065269
kbpp4,0.16666666666666666,5,5,GGCCACCGGATAGTTGTCTC,0,2020644
kbpp4,0.16666666666666666,5,5,GGCAGAACGGTGACCTGCAG,0,2071633
kbpp4,0.16666666666666666,5,5,GGCAATACTTTGCTCTACAC,0,2077369
kbpp4,0.16666666666666666,5,5,GGCAACTCAATTGGAATGAC,0,2052724
kbpp4,0.16666666666666666,5,5,GGATGACACAGAGACGCCGT,0,2079770
kbpp4,0.16666666666666666,5,5,GGAGAGGATGCGCTTTCCTC,0,2078549
kbpp4,0.16666666666666666,5,5,GGACAGGGATTTGTTTAAGG,0,2053061
kbpp4,0.16666666666666666,5,5,GGAAAGACGCCTATCGAAGT,0,2079517
kbpp4,0.16666666666666666,5,5,GCTTTAAAGATTAGTTCATT,0,2016620
kbpp4,0.16666666666666666,5,5,GCTGATCAAGTAGAGAGGAG,0,2031725
kbpp4,0.16666666666666666,5,5,GCGTTTGAGTCTTCAACAGT,0,2080047
kbpp4,0.16666666666666666,5,5,GCGTTCGCACCGCAAAGTAA,0,2065525
kbpp4,0.16666666666666666,5,5,GCGTCTCAACAAACCTTTCA,0,2055703
kbpp4,0.16666666666666666,5,5,GCGGTCAGGTGGATGGGAAA,0,2062480
kbpp4,0.16666666666666666,5,5,GCGCTGAGCCGATCATTGTA,0,2029988
kbpp4,0.16666666666666666,5,5,GCGATGCCCCGTAGGCTTTA,0,2020865
kbpp4,0.16666666666666666,5,5,GCCTTCACGGCCCGGATGGT,0,2033093
kbpp4,0.16666666666666666,5,5,GCCTCTTCCTGCATCAGAGT,0,2081794
kbpp4,0.16666666666666666,5,5,GCCGCAGTACTCTGCTTCAC,0,2026404
kbpp4,0.16666666666666666,5,5,GCCCTCGTAGTCATGGAGTG,0,2046754
kbpp4,0.16666666666666666,5,5,GCCACGTTCCCAAGATCACA,0,2057832
kbpp4,0.16666666666666666,5,5,GCAGCGTAAGACCTTCTATA,0,2053011
kbpp4,0.16666666666666666,5,5,GATTTGTCAGTACAAAGATA,0,2039581
kbpp4,0.16666666666666666,5,5,GATCGCGAACTGAGAAATCC,0,2040918
kbpp4,0.16666666666666666,5,5,GATAAACCCTTGGCAGCCTT,0,2025446
kbpp4,0.16666666666666666,5,5,GAGTGTGCCGCTCAGTGGTT,0,2052932
kbpp4,0.16666666666666666,5,5,GAGCTGGAGAAATAGCCCCT,0,2040620
kbpp4,0.16666666666666666,5,5,GACTCATCCTGTAACACACT,0,2054291
kbpp4,0.16666666666666666,5,5,GACGTAATCTCTGGCCTTTA,0,2047515
kbpp4,0.16666666666666666,5,5,GACCAGTTGGTACAAAGAAA,0,2020967
kbpp4,0.16666666666666666,5,5,GACATATAAAATTTACGTCA,0,2057087
kbpp4,0.16666666666666666,5,5,GAATTTAACTGGACCGCTCA,0,2057718
kbpp4,0.16666666666666666,5,5,GAACGGGTCAGGTAATACAG,0,2065920
kbpp4,0.16666666666666666,5,5,CTTTGGGTCCAGGTTGGGAG,0,2063003
kbpp4,0.16666666666666666,5,5,CTGGAGGCCGAAGAGGATGT,0,2026534
kbpp4,0.16666666666666666,5,5,CTCGGTTGGATTCACTGGAA,0,2015304
kbpp4,0.16666666666666666,5,5,CTCCGGATTTTTAATTTACG,0,2037567
kbpp4,0.16666666666666666,5,5,CTATGCCGCGGCCACGGAGA,0,2025460
kbpp4,0.16666666666666666,5,5,CTATGCAGACGGAAGTTGGA,0,2060014
kbpp4,0.16666666666666666,5,5,CTAGTAGGAAGACGCTACCG,0,2083395
kbpp4,0.16666666666666666,5,5,CTAATAAGGCTCTTTTGGTT,0,2074049
kbpp4,0.16666666666666666,5,5,CTAAGTACCTCTGGGCAGTA,0,2026812
kbpp4,0.16666666666666666,5,5,CTAAAGTTGTAGGTGGCGAC,0,2045752
kbpp4,0.16666666666666666,5,5,CGTGATATAAACCACTTGTG,0,2020841
kbpp4,0.16666666666666666,5,5,CGGTCGTTCTAACAGACAAC,0,2023243
kbpp4,0.16666666666666666,5,5,CGGTAGGTTATGTGTTGTAC,0,2036301
kbpp4,0.16666666666666666,5,5,CGGGTAGTCACATCAAGCAG,0,2021790
kbpp4,0.16666666666666666,5,5,CGGGAAGCTTGAGACCTAGA,0,2039806
kbpp4,0.16666666666666666,5,5,CGGCGCTATGGTGAGTACCC,0,2064136
kbpp4,0.16666666666666666,5,5,CGGCCTGGTGAAAAGCACAG,0,2027817
kbpp4,0.16666666666666666,5,5,CGGATTTCTGCGTCGAAGCA,0,2058956
kbpp4,0.16666666666666666,5,5,CGGATTTACAAGTTTGCATC,0,2058398
kbpp4,0.16666666666666666,5,5,CGCGGAACGGCAGTATGTAT,0,2025794
kbpp4,0.16666666666666666,5,5,CGCCGGCTACTTCTTGGCTT,0,2050250
kbpp4,0.16666666666666666,5,5,CGCCCTACTGCCTTATATCC,0,2059324
kbpp4,0.16666666666666666,5,5,CGCAGACTATGGCAGCCTCA,0,2065651
kbpp4,0.16666666666666666,5,5,CGCAAAAATACTCGGGTTTA,0,2062990
kbpp4,0.16666666666666666,5,5,CGATTTTCTGTAGCACGAGC,0,2022973
kbpp4,0.16666666666666666,5,5,CGATTGACTCCATTCACCGG,0,2076196
kbpp4,0.16666666666666666,5,5,CGAGCCAAGGTTGCAGATAT,0,2039146
kbpp4,0.16666666666666666,5,5,CGAGATCAGGACCTTTTAAC,0,2021826
kbpp4,0.16666666666666666,5,5,CCTTGGGCGCAAGCCTCAGA,0,2079707
kbpp4,0.16666666666666666,5,5,CCTGGCCGTTCCCCAGGCTT,0,2079665
kbpp4,0.16666666666666666,5,5,CCTGACCGAGCTCCAGAGAA,0,2034502
kbpp4,0.16666666666666666,5,5,CCTCTTGCGGACGGAGGTTT,0,2065117
kbpp4,0.16666666666666666,5,5,CCTCTACATGCAGTGGCGCA,0,2030931
kbpp4,0.16666666666666666,5,5,CCTCACGGTAGGGCACCACA,0,2079216
kbpp4,0.16666666666666666,5,5,CCTCAACCTTAATGCCTCAC,0,2045973
kbpp4,0.16666666666666666,5,5,CCTCAACCGCATGAGGCGCG,0,2051991
kbpp4,0.16666666666666666,5,5,CCGTTGCGTAGGGTAGCCAA,0,2077535
kbpp4,0.16666666666666666,5,5,CCGTGTTGGCGAGGTCTCTG,0,2043251
kbpp4,0.16666666666666666,5,5,CCGGCTTCCTGTTAATAGCA,0,2068040
kbpp4,0.16666666666666666,5,5,CCGGCGGCTGGAAAATCCAT,0,2045900
kbpp4,0.16666666666666666,5,5,CCCTAAAGAATGATACTGCG,0,2024142
kbpp4,0.16666666666666666,5,5,CCCGTGACTGTTTACTACAG,0,2070827
kbpp4,0.16666666666666666,5,5,CCCAGTGATGCTACATTTAT,0,2030271
kbpp4,0.16666666666666666,5,5,CCAGTTGGACACACTTTCTA,0,2031788
kbpp4,0.16666666666666666,5,5,CCAGACCCTTTAATACTAAA,0,2059326
kbpp4,0.16666666666666666,5,5,CCAATAGTCTGCTAGCGGGG,0,2047556
kbpp4,0.16666666666666666,5,5,CCAAGCCCAGCGGGATCTAG,0,2079762
kbpp4,0.16666666666666666,5,5,CCAAACGATCCACCTTAAAA,0,2047238
kbpp4,0.16666666666666666,5,5,CATTGCAGCGGAGAAAGGTT,0,2082758
kbpp4,0.16666666666666666,5,5,CATTAATAGATTGCTTATAG,0,2075655
kbpp4,0.16666666666666666,5,5,CATGTTAGCAAACAAGTCCA,0,2020294
kbpp4,0.16666666666666666,5,5,CATCGCACCCGATCGAGCAA,0,2014961
kbpp4,0.16666666666666666,5,5,CATATGACCGGTGTTTTCTA,0,2081075
kbpp4,0.16666666666666666,5,5,CATAACTACAGCTTCTTCGT,0,2057010
kbpp4,0.16666666666666666,5,5,CATAACACAGCGGCGTACGT,0,2065960
kbpp4,0.16666666666666666,5,5,CAGTGGTAGCGAAAGGTTCC,0,2053129
kbpp4,0.16666666666666666,5,5,CAGTCTTCAGCTACTTCGGT,0,2066716
kbpp4,0.16666666666666666,5,5,CAGGTGAATGCGTTGTGCAG,0,2020172
kbpp4,0.16666666666666666,5,5,CACTATCAAAGGACGGCGGA,0,2020577
kbpp4,0.16666666666666666,5,5,CACTAGACGTTCTTGAGGCG,0,2045381
kbpp4,0.16666666666666666,5,5,CAAGCTTCTGTGATCTCCAT,0,2058500
kbpp4,0.16666666666666666,5,5,CAACAGGCTGGTTCAGTAGA,0,2043462
kbpp4,0.16666666666666666,5,5,CAAAAATCGTAAGTCTGGTC,0,2071179
kbpp4,0.16666666666666666,5,5,ATTTCAGGGGACGTTTACGT,0,2078070
kbpp4,0.16666666666666666,5,5,ATTGACGTCTAGGGGCCGAA,0,2073514
kbpp4,0.16666666666666666,5,5,ATGGCGTCCCGGTGGCAATA,0,2017931
kbpp4,0.16666666666666666,5,5,ATGACACGGAGAGCCAGTGA,0,2062864
kbpp4,0.16666666666666666,5,5,ATGAACTAAAGGCGGACGCA,0,2068983
kbpp4,0.16666666666666666,5,5,ATCTCGGCATGTCCAGCCAC,0,2050285
kbpp4,0.16666666666666666,5,5,ATCTCCCATGGTCGATCTTA,0,2036351
kbpp4,0.16666666666666666,5,5,ATCGTACGCCGTCTGTAAAA,0,2042836
kbpp4,0.16666666666666666,5,5,ATCGGTGGATTGTGTTCACG,0,2056719
kbpp4,0.16666666666666666,5,5,ATCGGGCATTGTCGAAGTAC,0,2083328
kbpp4,0.16666666666666666,5,5,ATCCTATACTTCGATCCACA,0,2039558
kbpp4,0.16666666666666666,5,5,ATATTTCGATTCGGCCAGGT,0,2084195
kbpp4,0.16666666666666666,5,5,ATATAAGCACATGCGGACGC,0,2046372
kbpp4,0.16666666666666666,5,5,ATAGCGTGGTCCGTTGGTGT,0,2027543
kbpp4,0.16666666666666666,5,5,ATACTCTCTTCGCATTCAGT,0,2024944
kbpp4,0.16666666666666666,5,5,ATACGTCCCCGGGGGGCGTG,0,2042521
kbpp4,0.16666666666666666,5,5,ATAAGGTTAACTCCGGCAGA,0,2069631
kbpp4,0.16666666666666666,5,5,ATAACCTGGTGAAGAGGTGA,0,2039056
kbpp4,0.16666666666666666,5,5,AGTCTGTGTAGGTAGACGTT,0,2085027
kbpp4,0.16666666666666666,5,5,AGTCTGAACTAACTGGACCT,0,2069277
kbpp4,0.16666666666666666,5,5,AGTCACAATCACTTGATGAG,0,2043990
kbpp4,0.16666666666666666,5,5,AGTAAGGTTCGTGTTCAGTA,0,2020855
kbpp4,0.16666666666666666,5,5,AGGTGTGACTAACTCAAGCT,0,2038304
kbpp4,0.16666666666666666,5,5,AGGTAGAAGTCACTTAATGA,0,2084107
kbpp4,0.16666666666666666,5,5,AGGCACAATGATAGCCCTTA,0,2052064
kbpp4,0.16666666666666666,5,5,AGGCAATTAACTCGGATGAT,0,2049193
kbpp4,0.16666666666666666,5,5,AGCTCTGGGGGTTTAGTATC,0,2077510
kbpp4,0.16666666666666666,5,5,AGCCTTGCGTGGGGCCATTT,0,2027605
kbpp4,0.16666666666666666,5,5,AGCCGGTGCCCGTAAGCCAT,0,2064981
kbpp4,0.16666666666666666,5,5,AGCCGACGGTTCTTGGAACA,0,2030320
kbpp4,0.16666666666666666,5,5,AGCATCACACGGGTAGTTGT,0,2014662
kbpp4,0.16666666666666666,5,5,AGATGCGCCAAGCCAAACAC,0,2021004
kbpp4,0.16666666666666666,5,5,AGATCAACCATTGTCACTAT,0,2028878
kbpp4,0.16666666666666666,5,5,AGATATTCCAAAATATCTTT,0,2029294
kbpp4,0.16666666666666666,5,5,AGAGCCCCTACCTCGACCTG,0,2018911
kbpp4,0.16666666666666666,5,5,AGAGAGCACATTCGCTTTAT,0,2058062
kbpp4,0.16666666666666666,5,5,AGAACACGCCTCCATTGCAG,0,2060160
kbpp4,0.16666666666666666,5,5,ACTCGTATCCTGTGGGAAAT,0,2047933
kbpp4,0.16666666666666666,5,5,ACTAGAGGAAACCCAGGGCT,0,2056463
kbpp4,0.16666666666666666,5,5,ACGTGTTCTTGGGTCGAGCT,0,2075409
kbpp4,0.16666666666666666,5,5,ACGTCACGAGAGAGACCGCG,0,2079273
kbpp4,0.16666666666666666,5,5,ACGGTGTGTCACGGTGTTTG,0,2034453
kbpp4,0.16666666666666666,5,5,ACGGGTTAAGGTTTCATCTG,0,2033247
kbpp4,0.16666666666666666,5,5,ACGAGGCCTCTCCACTCCCA,0,2033294
kbpp4,0.16666666666666666,5,5,ACGACTCCGAGTGCCCTCAA,0,2070079
kbpp4,0.16666666666666666,5,5,ACCATGTCCAGTGTGAATCA,0,2029536
kbpp4,0.16666666666666666,5,5,ACCAGTAGAGTTGCCGTGAT,0,2018772
kbpp4,0.16666666666666666,5,5,ACATGATAGAGTGCAACCAC,0,2074749
kbpp4,0.16666666666666666,5,5,ACACGAAGTCACAGAAGATG,0,2063486
kbpp4,0.16666666666666666,5,5,ACACAGGTGCTCTCATAGGC,0,2051534
kbpp4,0.16666666666666666,5,5,ACACAGGAAATTTATACCAA,0,2058303
kbpp4,0.16666666666666666,5,5,ACAATAATTTCCACTGCATA,0,2062801
kbpp4,0.16666666666666666,5,5,ACAACGTCTCTGAATCTTGG,0,2043464
kbpp4,0.16666666666666666,5,5,ACAAAGCCTCCCCATATACG,0,2035644
kbpp4,0.16666666666666666,5,5,ACAAACGACCTTGGTTTGTC,0,2031536
kbpp4,0.16666666666666666,5,5,AATCTTTCAACTAAGAGGAT,0,2078197
kbpp4,0.16666666666666666,5,5,AATCGGAAAGAATCAGGATG,0,2043611
kbpp4,0.16666666666666666,5,5,AATATCATTGCGCGGCATTG,0,2064321
kbpp4,0.16666666666666666,5,5,AAGGTTACCCGTACAGCAAT,0,2035842
kbpp4,0.16666666666666666,5,5,AAGCCCTCATCCGGACTGAG,0,2043319
kbpp4,0.16666666666666666,5,5,AAGCCAGAGCTTTTCTGACC,0,2055684
kbpp4,0.16666666666666666,5,5,AACTTTGGGATCTCGGTTAT,0,2017598
kbpp4,0.16666666666666666,5,5,AACGGCTAGGGGCACTAGGC,0,2079980
kbpp4,0.16666666666666666,5,5,AACGCGCTAACCGTGAGGAG,0,2016964
kbpp4,0.16666666666666666,5,5,AACGATCACTGTTTAAGCCG,0,2039169
kbpp4,0.16666666666666666,5,5,AACGAACTAGCTCGTACGCG,0,2080253
kbpp4,0.16666666666666666,5,5,AACCAAAAAGTAATTAACGG,0,2053771
kbpp4,0.16666666666666666,5,5,AACACGGCACCATAGCCACA,0,2071683
kbpp4,0.16666666666666666,5,5,AAATGGCGTCGGTACGTACG,0,2038036
kbpp4,0.16666666666666666,5,5,AAAATGAGGTCCCTTGGAAT,0,2076821
kbpp4,0.16666666666666666,5,5,AAAAGAAGTATTATCCGCCA,0,2021308
kbpp4,0.16666666666666666,5,5,AAAACTCTACTTAATTTTAT,0,2078637
kbpp4,0.2,4,4,TTTTCCTACCATTCACGAAG,0,2034841
kbpp4,0.2,4,4,TTTGTCTGTTACGTCATAGT,0,2039663
kbpp4,0.2,4,4,TTTGTAGGGTGTGATGTATC,0,2064173
kbpp4,0.2,4,4,TTTGGGGCAGGGGGGCGTGT,0,2032866
kbpp4,0.2,4,4,TTTGCGTTGTTACCAATAAG,0,2026721
kbpp4,0.2,4,4,TTTAATCTCTTCCTGTATCA,0,2036139
kbpp4,0.2,4,4,TTGGGGTCCCTCCTCCAGGT,0,2020709
kbpp4,0.2,4,4,TTGCCAATAACTTCGCAAGG,0,2060836
kbpp4,0.2,4,4,TTGCATAGACCATACTTCTC,0,2049303
kbpp4,0.2,4,4,TTCTGTAACCATGATCTGAC,0,2036628
kbpp4,0.2,4,4,TTCTACCAAAAAGGATAATG,0,2050928
kbpp4,0.2,4,4,TTCGTTATTCGGATTATGTA,0,2050708
kbpp4,0.2,4,4,TTCGCTTATGGTCATAGCTT,0,2071994
kbpp4,0.2,4,4,TTCCACTTGTCGTACGACAC,0,2072427
kbpp4,0.2,4,4,TTATTATAGTTAGCCGGGAA,0,2057175
kbpp4,0.2,4,4,TTAGCCTACCGCACCCTAAC,0,2042462
kbpp4,0.2,4,4,TTACGACACGTAGCCCTGGA,0,2029625
kbpp4,0.2,4,4,TTAAAGTCGTAAGACCAACA,0,2040705
kbpp4,0.2,4,4,TGTTGCTTGGTAAACCGTGC,0,2035258
kbpp4,0.2,4,4,TGTTGCGGTTGACCCCGAGT,0,2084323
kbpp4,0.2,4,4,TGTGAAAGAGACCCAGCACC,0,2028469
kbpp4,0.2,4,4,TGTCCTCAATTCTTAGGGGA,0,2051226
kbpp4,0.2,4,4,TGGTTTCGGAACCAACGGTA,0,2058255
kbpp4,0.2,4,4,TGGTTGAGCTGTGTGACGCA,0,2016246
kbpp4,0.2,4,4,TGGTCCAGGCCCGAGTCTAC,0,2081274
kbpp4,0.2,4,4,TGGTCCAACTGTTAGGTTAA,0,2072267
kbpp4,0.2,4,4,TGGTAAAGAGCACGAACCTA,0,2045564
kbpp4,0.2,4,4,TGGCTTTGGACATTGTCGAT,0,2073103
kbpp4,0.2,4,4,TGGCTTCGACCTGCAAGCTG,0,2068360
kbpp4,0.2,4,4,TGGCGGGTTCAAGTGAGGAC,0,2069400
kbpp4,0.2,4,4,TGGCCCTCGAGGTCGTGATC,0,2051218
kbpp4,0.2,4,4,TGGCAATCCTATGCGCCGTT,0,2081716
kbpp4,0.2,4,4,TGGATTCACGTGCCGTACCT,0,2056636
kbpp4,0.2,4,4,TGGATTATGAAATGCAATAG,0,2043645
kbpp4,0.2,4,4,TGGACAAAGAAAGTACTAGA,0,2058301
kbpp4,0.2,4,4,TGGAACACGCAGGTCATCCA,0,2025235
kbpp4,0.2,4,4,TGCTGCAATGTATGTTAGTT,0,2080496
kbpp4,0.2,4,4,TGCTAGGGAGATGCGAGTTT,0,2066224
kbpp4,0.2,4,4,TGCCCTAATGGTCGTTCCAA,0,2024451
kbpp4,0.2,4,4,TGCATGTGGCCCGTCAAAAG,0,2035151
kbpp4,0.2,4,4,TGATTCACCACGTTCCGGAC,0,2081948
kbpp4,0.2,4,4,TGAGGGAACTTCGATTTAAG,0,2049332
kbpp4,0.2,4,4,TGACCTGATGGCCGACAGGA,0,2018851
kbpp4,0.2,4,4,TGAAGCGGTGTTTAAATATA,0,2068095
kbpp4,0.2,4,4,TGAAGCGCTCGGTTGCCAAC,0,2023113
kbpp4,0.2,4,4,TGAAAGGGAAAAGAGCGCTT,0,2023598
kbpp4,0.2,4,4,TGAAACGTTGCGAGTCTGGG,0,2071399
kbpp4,0.2,4,4,TCTTTCGGATTCTGCACATA,0,2047990
kbpp4,0.2,4,4,TCTTACGATTAGCTGTGCCA,0,2026445
kbpp4,0.2,4,4,TCTGCCTTACAGTGTTGTCT,0,2080972
kbpp4,0.2,4,4,TCTGACCATACCGGTCTAGT,0,2032313
kbpp4,0.2,4,4,TCTATTCAACTCCTAATAAC,0,2072938
kbpp4,0.2,4,4,TCTATGTTCGTTTCGACACA,0,2056453
kbpp4,0.2,4,4,TCTATACGAGTTATTAGCGT,0,2059027
kbpp4,0.2,4,4,TCGTGTACCGTCCAGGAGCG,0,2039926
kbpp4,0.2,4,4,TCGGGGACACCACGATCGTC,0,2031359
kbpp4,0.2,4,4,TCGGCCTTCTGGCTACTCAT,0,2038377
kbpp4,0.2,4,4,TCGCTGTAACAGCAGGCAGC,0,2030681
kbpp4,0.2,4,4,TCCTCCTCAGTACCACCGTT,0,2066302
kbpp4,0.2,4,4,TCCTAGCTAGTTAAGCTGCC,0,2082983
kbpp4,0.2,4,4,TCCGCCTACGACATTAGCTT,0,2061019
kbpp4,0.2,4,4,TCCCGTTGGTCTCGTACGTT,0,2046013
kbpp4,0.2,4,4,TCCCGAGACACTCGCACCTC,0,2043011
kbpp4,0.2,4,4,TCATTGGGGATATGGCGTAA,0,2064083
kbpp4,0.2,4,4,TCATTCGAACACCGAGGTTC,0,2038603
kbpp4,0.2,4,4,TCATGCTCACATATAAATCC,0,2077367
kbpp4,0.2,4,4,TCAGTAAGCTTGAACATAAG,0,2033325
kbpp4,0.2,4,4,TCAGGGCTTAGGACGCTATT,0,2022791
kbpp4,0.2,4,4,TCACGTTATCCTTTTGTCAA,0,2057797
kbpp4,0.2,4,4,TCACGTTAAGTTCGTTGCAG,0,2077274
kbpp4,0.2,4,4,TATTCCATTAACGAGTTCAA,0,2031125
kbpp4,0.2,4,4,TATTAAAAACCCGGTGCGTG,0,2049011
kbpp4,0.2,4,4,TATGTTCCGGGACGCCTCAT,0,2023251
kbpp4,0.2,4,4,TATGTCGAATCCGGGCTCGC,0,2034609
kbpp4,0.2,4,4,TATCCATACATTTGTGGCTA,0,2069427
kbpp4,0.2,4,4,TATCATTATGCTATTTCCGA,0,2039881
kbpp4,0.2,4,4,TATCACACCCCTTTAAGGTG,0,2081142
kbpp4,0.2,4,4,TATAAGTTACCAGGATCAAA,0,2070431
kbpp4,0.2,4,4,TATAACATGGTGAGTTGGAA,0,2034137
kbpp4,0.2,4,4,TAGCGTTTGAGTGCTAATAC,0,2024761
kbpp4,0.2,4,4,TAGCGTATTCACCCATAGAC,0,2023072
kbpp4,0.2,4,4,TAGCCTTTACCGTTGATATT,0,2065951
kbpp4,0.2,4,4,TAGCCCGGTGGCCTGAAGGC,0,2017012
kbpp4,0.2,4,4,TAGCCCGAGTCAGTTAAGTG,0,2021235
kbpp4,0.2,4,4,TAGATGGCGATCACAAATAG,0,2020961
kbpp4,0.2,4,4,TACTGAATAAGTGAGGTGAA,0,2072614
kbpp4,0.2,4,4,TACGTAAATCGACGATTTAG,0,2061618
kbpp4,0.2,4,4,TACGCATACGCCAACCACAA,0,2075615
kbpp4,0.2,4,4,TACCGACAGGCAAATAACGT,0,2068627
kbpp4,0.2,4,4,TACCAGATGGATTTCTCTTT,0,2072699
kbpp4,0.2,4,4,TAATGCACAGATAACGACAT,0,2032676
kbpp4,0.2,4,4,TAATAAGCAGCGTCTACGCA,0,2031951
kbpp4,0.2,4,4,TAAGTTGTAGTAGTCTAGGT,0,2045107
kbpp4,0.2,4,4,TAAGCTAGGGACCCAATCGG,0,2057849
kbpp4,0.2,4,4,TAAGCGCCTACGCCGGTCGT,0,2029512
kbpp4,0.2,4,4,TAAGCGAGATATAGGTGTAA,0,2021752
kbpp4,0.2,4,4,TAAGAAAGTGCCCCATGATT,0,2041913
kbpp4,0.2,4,4,TAACGTACAACGTGTCTGCG,0,2017864
kbpp4,0.2,4,4,TAACAGACCCGCCTCGGATG,0,2045720
kbpp4,0.2,4,4,GTTTGTATGTCAAGGTGAAT,0,2029217
kbpp4,0.2,4,4,GTTGCGGCCAGACTGGTTGC,0,2026287
kbpp4,0.2,4,4,GTTCAAAGCCGAAAGGACGT,0,2047231
kbpp4,0.2,4,4,GTTAGACGCTTCCGGGCGCC,0,2022986
kbpp4,0.2,4,4,GTTAAGAATTCAGAACTAGG,0,2044786
kbpp4,0.2,4,4,GTGTTAAGTCATTAGGTTCC,0,2018378
kbpp4,0.2,4,4,GTGTGGACCGCCACCTAGGA,0,2069644
kbpp4,0.2,4,4,GTGGTGGCCAAACGAAGTTT,0,2020001
kbpp4,0.2,4,4,GTGGGATTGTAGTGCCGGAT,0,2077959
kbpp4,0.2,4,4,GTGGATCATGCAAAATATTA,0,2026181
kbpp4,0.2,4,4,GTGCTCAATAAACTTTATTG,0,2042144
kbpp4,0.2,4,4,GTGATGGGCTCAGTAAGATG,0,2050429
kbpp4,0.2,4,4,GTGACTCCGCAAGAATGAAA,0,2084904
kbpp4,0.2,4,4,GTCGGTTCCGGGGGGAGGGC,0,2084161
kbpp4,0.2,4,4,GTCCCCGCATTCGCCTTTCG,0,2014851
kbpp4,0.2,4,4,GTCCAGTAGACCCTCGAGTC,0,2018498
kbpp4,0.2,4,4,GTCATGTAGTCCCCGGTCCC,0,2030346
kbpp4,0.2,4,4,GTACTGCCATAGACCCCTGC,0,2046012
kbpp4,0.2,4,4,GTACCCCACACGCCAGACTT,0,2077502
kbpp4,0.2,4,4,GTAACTATAAATCCTTGTCC,0,2065847
kbpp4,0.2,4,4,GGTTGGCAGAAGCCCTACAT,0,2074030
kbpp4,0.2,4,4,GGTTAAGGCCCCTAAATAGA,0,2074652
kbpp4,0.2,4,4,GGTGTGCTTCCGGAGGCAGT,0,2015343
kbpp4,0.2,4,4,GGTAGAACACTGGGTCCAGT,0,2018650
kbpp4,0.2,4,4,GGGTATTGTGAATGTTACCT,0,2073369
kbpp4,0.2,4,4,GGGGTGATCTAGTCAGGATA,0,2050934
kbpp4,0.2,4,4,GGGGCTAGAGGGCCAGTACT,0,2031684
kbpp4,0.2,4,4,GGGCTTACCCGCAGCTCTCA,0,2048560
kbpp4,0.2,4,4,GGGCAGAGAGATTCTCGGAA,0,2062984
kbpp4,0.2,4,4,GGGAAACAATAGGCGTGCTT,0,2042292
kbpp4,0.2,4,4,GGCTCATTCGAGTGAGATAG,0,2029169
kbpp4,0.2,4,4,GGCTAGAAGAGAGTTAGGAA,0,2057049
kbpp4,0.2,4,4,GGCGTGGTATAGGTGCGCTG,0,2057957
kbpp4,0.2,4,4,GGCGAAACTACTGGTGTCAT,0,2030451
kbpp4,0.2,4,4,GGCACTTCGTCCGACGTCAG,0,2076751
kbpp4,0.2,4,4,GGACCTGACTGAAAATGAAT,0,2085575
kbpp4,0.2,4,4,GGAAACCTTTCGGTTACTTA,0,2064705
kbpp4,0.2,4,4,GCTTTGTACAAAAGAACGAA,0,2042352
kbpp4,0.2,4,4,GCTTGATTTAGTTGAAACTA,0,2046690
kbpp4,0.2,4,4,GCTTCTTCAGCCCAAACACC,0,2066259
kbpp4,0.2,4,4,GCTTCGGGGTTGAAAGGTCA,0,2068583
kbpp4,0.2,4,4,GCTGTGCCGCATTCCGTTAT,0,2083780
kbpp4,0.2,4,4,GCTCTTTTGGTGCACGGTAT,0,2047099
kbpp4,0.2,4,4,GCTCTCGGCGTGACGATCGC,0,2049450
kbpp4,0.2,4,4,GCTCGTGGAGTTTCATTTCC,0,2039719
kbpp4,0.2,4,4,GCTCACCCTTGCTCTCACCA,0,2068762
kbpp4,0.2,4,4,GCTATTGATCGCGCCTACAC,0,2077604
kbpp4,0.2,4,4,GCTATTCCGCCCGCGAAAAA,0,2020589
kbpp4,0.2,4,4,GCTATCCGTCACAACATAAG,0,2022530
kbpp4,0.2,4,4,GCGTACTAAGCTTGAACCGA,0,2018953
kbpp4,0.2,4,4,GCGGTACTCTCGCATCGGAT,0,2031837
kbpp4,0.2,4,4,GCGGTACAATCTACGTGAGA,0,2025172
kbpp4,0.2,4,4,GCGGGACGTCGAGGTAAAAC,0,2067538
kbpp4,0.2,4,4,GCGCGCCCGGAGCGGTTATT,0,2049040
kbpp4,0.2,4,4,GCGCAATCGATTGTCCTCCA,0,2075188
kbpp4,0.2,4,4,GCGAGAGGCCGTTGCCTACT,0,2037582
kbpp4,0.2,4,4,GCCTGAATTCCCGCCTGTCA,0,2044106
kbpp4,0.2,4,4,GCCGTGCTAAGCACGTCGAT,0,2050230
kbpp4,0.2,4,4,GCCGTCGCTACGATGAAGCC,0,2031597
kbpp4,0.2,4,4,GCCAAGGATGACCCTTCTGA,0,2080583
kbpp4,0.2,4,4,GCAGGACTAAGAAAGCCAAT,0,2016038
kbpp4,0.2,4,4,GCAGATGCTGACACCTTGTA,0,2015011
kbpp4,0.2,4,4,GCACCTCATCAATCAACGGA,0,2060556
kbpp4,0.2,4,4,GCACAGTCTTCGTGAAATGA,0,2018801
kbpp4,0.2,4,4,GCAAGTGTGACTCCTCTGTC,0,2065074
kbpp4,0.2,4,4,GCAAAGTGATGGACCGGTAA,0,2054688
kbpp4,0.2,4,4,GATTGGGAGTGGGATAACTT,0,2061861
kbpp4,0.2,4,4,GATTATCACTTGTTCCGGAA,0,2018004
kbpp4,0.2,4,4,GATGTTTTTTTGACCGTTCA,0,2043717
kbpp4,0.2,4,4,GATGCGTTCTACCCGTCTAG,0,2028647
kbpp4,0.2,4,4,GATCCGACCCCGGGTAGCGG,0,2019040
kbpp4,0.2,4,4,GAGTTCGGGAACTCCAGGAC,0,2082473
kbpp4,0.2,4,4,GAGTTCAGAACCCATCAGTC,0,2034136
kbpp4,0.2,4,4,GAGTCTGGTGGATCCATGCT,0,2076569
kbpp4,0.2,4,4,GAGCCATCACGCATCCAATG,0,2034600
kbpp4,0.2,4,4,GAGAGCGTTTCAAGCGGCGG,0,2047384
kbpp4,0.2,4,4,GAGAGAGCAGGGTCATGGCC,0,2032748
kbpp4,0.2,4,4,GACTCACGCGGATACTTCCG,0,2049198
kbpp4,0.2,4,4,GACGCTACAAACCTCCGATT,0,2073207
kbpp4,0.2,4,4,GACCCCTGTTTAAGACTAAA,0,2080160
kbpp4,0.2,4,4,GACCACGCGATTAGGCAGTG,0,2054483
kbpp4,0.2,4,4,GACATCCCGCCAACGTCACT,0,2055299
kbpp4,0.2,4,4,GAATGGTGGCATCTGGAGTT,0,2081638
kbpp4,0.2,4,4,GAATCCTTAAGAGAAGAAAT,0,2047421
kbpp4,0.2,4,4,GAATCACGCCAAGATGGACA,0,2078152
kbpp4,0.2,4,4,GAATAACCCGCTTCACATGA,0,2050459
kbpp4,0.2,4,4,GAAGGGTTACTCGTCCATTT,0,2071729
kbpp4,0.2,4,4,GAACTCAGTCATTTTGGGAT,0,2055168
kbpp4,0.2,4,4,GAACGTCGGCGAGCAATGTC,0,2045333
kbpp4,0.2,4,4,GAACGTCCGAAGTGCACCGA,0,2035383
kbpp4,0.2,4,4,CTTTTCAATAGAATATTAGT,0,2024039
kbpp4,0.2,4,4,CTTTGATACTCTCTAAGACG,0,2026438
kbpp4,0.2,4,4,CTTGCGCCTTTACTCCTTAT,0,2043729
kbpp4,0.2,4,4,CTTCGACCAGGTCGGACGGT,0,2032155
kbpp4,0.2,4,4,CTTAGATCGCAGAGACGAAT,0,2066973
kbpp4,0.2,4,4,CTGTCTCCAGGTGGGGACAT,0,2018712
kbpp4,0.2,4,4,CTGTAGGGAGCTGGCCGGAC,0,2018860
kbpp4,0.2,4,4,CTGTACGCATCGAGAGATAT,0,2069163
kbpp4,0.2,4,4,CTGGGAGTTATTGCACGTTC,0,2068460
kbpp4,0.2,4,4,CTGGCTGAAGAGTACAGGTA,0,2027765
kbpp4,0.2,4,4,CTGAGTATCGGTTCGATCGG,0,2040187
kbpp4,0.2,4,4,CTGACGTGATCCCCATCAGG,0,2061117
kbpp4,0.2,4,4,CTCTGATTGATTTCAACACG,0,2071805
kbpp4,0.2,4,4,CTCGAGGTCGAAGGTTATTC,0,2048997
kbpp4,0.2,4,4,CTCGAAGGTTTAAAATATGA,0,2067248
kbpp4,0.2,4,4,CTCATATTCGCGACGGAACC,0,2029151
kbpp4,0.2,4,4,CTCATAAGAACTCTGGAAGA,0,2041749
kbpp4,0.2,4,4,CTCAGGGGAATTACCCACAA,0,2043704
kbpp4,0.2,4,4,CTATTATCGGACCCGTTGTT,0,2075696
kbpp4,0.2,4,4,CTATAGCTATCGTTTGGACT,0,2041068
kbpp4,0.2,4,4,CTAGTAACGCCGAGGATAAT,0,2052509
kbpp4,0.2,4,4,CTACGTCGTCCCCCTAAAAG,0,2044538
kbpp4,0.2,4,4,CTACGCGTCTGCGTTTGCGT,0,2046243
kbpp4,0.2,4,4,CTACGAGTAAGTCTTGGGGT,0,2045816
kbpp4,0.2,4,4,CTACCTAAATTTCGAAGTGC,0,2018951
kbpp4,0.2,4,4,CTAAGTTGAACAGTCTCACG,0,2065696
kbpp4,0.2,4,4,CGTTTGCGCTTAATATCTGG,0,2051482
kbpp4,0.2,4,4,CGTTCGGGGCAGTGGTTGTT,0,2038025
kbpp4,0.2,4,4,CGTTAGGGACCAACAGGCCC,0,2084468
kbpp4,0.2,4,4,CGTGTTTATGTTTGGCCAGA,0,2039906
kbpp4,0.2,4,4,CGTGTATAGAATACCTATAG,0,2061710
kbpp4,0.2,4,4,CGTCTCGAATGAATAGTTGA,0,2082639
kbpp4,0.2,4,4,CGTCCAGAACGGCTATAAAT,0,2035188
kbpp4,0.2,4,4,CGTCATGCGGCTCGGAGGTT,0,2064753
kbpp4,0.2,4,4,CGTATTCTCAGAAGTGAATA,0,2040764
kbpp4,0.2,4,4,CGGTTTTCCAGTGCCAAATC,0,2053421
kbpp4,0.2,4,4,CGGTTGAGGATGCCGGAAGG,0,2084689
kbpp4,0.2,4,4,CGGGGGATCAATCGGTGCAT,0,2026835
kbpp4,0.2,4,4,CGGGCGCTCGCCTAGTATCT,0,2080344
kbpp4,0.2,4,4,CGGGCACTGATAAGAGGGTT,0,2073913
kbpp4,0.2,4,4,CGGCTTCCGGGGATTCGTGT,0,2074470
kbpp4,0.2,4,4,CGGACTTCGAAGTACGTTAC,0,2073172
kbpp4,0.2,4,4,CGGACATATCAAGATACCAA,0,2068256
kbpp4,0.2,4,4,CGCTTTGACCGGTTCCAGCA,0,2062937
kbpp4,0.2,4,4,CGCTCGGCACGTAAATATGC,0,2065160
kbpp4,0.2,4,4,CGCGAGTAAGGTATTCACAA,0,2040713
kbpp4,0.2,4,4,CGCGAGGCCTCATGTGGCAG,0,2051379
kbpp4,0.2,4,4,CGCCTTAGGAGAGACGCTTT,0,2036376
kbpp4,0.2,4,4,CGCCCGCACGTGAACCGCAG,0,2061977
kbpp4,0.2,4,4,CGCCACACTTCGGTTAATGA,0,2079886
kbpp4,0.2,4,4,CGCATATTAGACTGTCAAAC,0,2057680
kbpp4,0.2,4,4,CGCAAACTAATAACTATTCG,0,2072162
kbpp4,0.2,4,4,CGAGGTGATCCTACTATCCG,0,2057802
kbpp4,0.2,4,4,CGAGGGCCTGATGGGGAGGA,0,2043709
kbpp4,0.2,4,4,CGACCTATCTGGCTACGGGC,0,2084562
kbpp4,0.2,4,4,CGAATCGGTCCGTAGGGTAA,0,2054583
kbpp4,0.2,4,4,CCTTTTAGCCGAGCAACGTT,0,2057338
kbpp4,0.2,4,4,CCTTTCTAAAATAATGCTAC,0,2072618
kbpp4,0.2,4,4,CCTTGCTAATATAGTCCTTG,0,2066367
kbpp4,0.2,4,4,CCTCTCCGGCCATAGGCTAT,0,2024676
kbpp4,0.2,4,4,CCTAGGGGACTCACTCATGA,0,2019855
kbpp4,0.2,4,4,CCTAACTTGAAAGTTTTCCA,0,2068779
kbpp4,0.2,4,4,CCGTGCAGTTCACCAGCTAC,0,2068788
kbpp4,0.2,4,4,CCGGGGGAACGGCATGCGGC,0,2059445
kbpp4,0.2,4,4,CCGGAGACTAGGGGTCGATA,0,2063093
kbpp4,0.2,4,4,CCGCTCGCAGTAAAAATTAT,0,2044362
kbpp4,0.2,4,4,CCGCTAGGCCCATTGTTAAA,0,2083755
kbpp4,0.2,4,4,CCGCGACATGAGTGTCCAGT,0,2032164
kbpp4,0.2,4,4,CCGATTGGAGCGGTCGTATA,0,2050803
kbpp4,0.2,4,4,CCGATGGTAAGATCTTCTTA,0,2059655
kbpp4,0.2,4,4,CCGAGCAGCAGATAACCCAG,0,2024700
kbpp4,0.2,4,4,CCCTCCACTCAAAGCTTGAG,0,2079215
kbpp4,0.2,4,4,CCCCGCTAAGACCTCGTGAG,0,2062912
kbpp4,0.2,4,4,CCCAGTATACAGTCCGTTGA,0,2066266
kbpp4,0.2,4,4,CCCAAAAAATGCTGGACTTA,0,2017208
kbpp4,0.2,4,4,CCAGTCGGGAGTTTCTAGTG,0,2022801
kbpp4,0.2,4,4,CCAGCTCCGGCGAAACCGCA,0,2022676
kbpp4,0.2,4,4,CCACTTTGAGGCCTAATTTT,0,2022812
kbpp4,0.2,4,4,CCACGGACAATCAGTTAATC,0,2064906
kbpp4,0.2,4,4,CCACGCACCAGCGTGTACCA,0,2042017
kbpp4,0.2,4,4,CCAAGGGAGTCGGCCATAAA,0,2015059
kbpp4,0.2,4,4,CATTTGAAAACGAAGCTGCC,0,2025233
kbpp4,0.2,4,4,CATCCGCCTCATCATTGTCC,0,2066521
kbpp4,0.2,4,4,CATCATCAATCAAGCTGTGA,0,2072242
kbpp4,0.2,4,4,CATACCTCGCCTAAGACGCC,0,2032854
kbpp4,0.2,4,4,CAGTCGCGTGTCCCTTAATT,0,2020335
kbpp4,0.2,4,4,CAGCTTGGATCTAGAATGTA,0,2070028
kbpp4,0.2,4,4,CAGAAGCTTGGTATGCGGGT,0,2049096
kbpp4,0.2,4,4,CACTGCGGGCTCCATTCTCA,0,2058257
kbpp4,0.2,4,4,CACTCGACGCCGATTTGTAA,0,2034365
kbpp4,0.2,4,4,CACGTGTGTCGTTTGGGCGC,0,2038878
kbpp4,0.2,4,4,CACGGCCCGCGGTATAATAA,0,2041073
kbpp4,0.2,4,4,CACGGAATAGATTCCGGTAG,0,2046161
kbpp4,0.2,4,4,CACGCGGACGGTATCTGTCT,0,2044496
kbpp4,0.2,4,4,CACCTTTGCATGGGCGGGAT,0,2028462
kbpp4,0.2,4,4,CACCGTGATTGCCTTGGGGG,0,2017780
kbpp4,0.2,4,4,CACCGAAGAAAAAAGAACTG,0,2053183
kbpp4,0.2,4,4,CAAGTCATGGCACGTATTAT,0,2046924
kbpp4,0.2,4,4,CAAGGTGTTGAAGTATAGCA,0,2074475
kbpp4,0.2,4,4,CAACGCCTTTTCGGCCAGGT,0,2021391
kbpp4,0.2,4,4,CAAATAGAAAGTTGATTCAC,0,2019451
kbpp4,0.2,4,4,CAAACTAGAGTTCGAACTGG,0,2041404
kbpp4,0.2,4,4,CAAACTACGCATGTAGCAAT,0,2036910
kbpp4,0.2,4,4,ATTTCTAGCATCAAATGAGC,0,2023195
kbpp4,0.2,4,4,ATTTCGGACGGGTATTATTA,0,2068742
kbpp4,0.2,4,4,ATTTAGGATCGGTCGGGGCA,0,2044804
kbpp4,0.2,4,4,ATTGGGCACTTCGAATTAAA,0,2062073
kbpp4,0.2,4,4,ATTGCTCGAGGTCGAGGCCC,0,2036680
kbpp4,0.2,4,4,ATTGACTGGAAACACATGAC,0,2046187
kbpp4,0.2,4,4,ATTCCCTGGGTCTAGAATGG,0,2038171
kbpp4,0.2,4,4,ATGTTCCATGGTTAGTCCCT,0,2033108
kbpp4,0.2,4,4,ATGTGCATCGCTTAAATAGT,0,2016021
kbpp4,0.2,4,4,ATGTCGGGTCACGCACGTAA,0,2016619
kbpp4,0.2,4,4,ATGGTACTTCGGCAGCCGCG,0,2080706
kbpp4,0.2,4,4,ATGGGTGCGGCATCGTCTCA,0,2080300
kbpp4,0.2,4,4,ATGGGTGATTGGGGGCGTGA,0,2059997
kbpp4,0.2,4,4,ATGGGCCGTGAAAGTTTGTA,0,2084174
kbpp4,0.2,4,4,ATGGCCTACAGCCAGAAGCG,0,2017731
kbpp4,0.2,4,4,ATGCTACCACGAATAAAGTT,0,2022777
kbpp4,0.2,4,4,ATGATCCCAGAATTGTGTAA,0,2068255
kbpp4,0.2,4,4,ATGAAAACAAGATCACGGCC,0,2019690
kbpp4,0.2,4,4,ATCTTGCCAACCTTGCACGC,0,2046238
kbpp4,0.2,4,4,ATCTTAGACGATATATCTCT,0,2082539
kbpp4,0.2,4,4,ATCTCCGCTACGTCAGACCT,0,2051544
kbpp4,0.2,4,4,ATCGCCCAAAGGAACTTCAA,0,2048710
kbpp4,0.2,4,4,ATCCTCGCTTACTTGTAGAA,0,2017631
kbpp4,0.2,4,4,ATCCCGATAATGTTGACACA,0,2023017
kbpp4,0.2,4,4,ATCCAGGCCAATGTAAGCCC,0,2065055
kbpp4,0.2,4,4,ATATACGTTTATACGGAAGA,0,2046095
kbpp4,0.2,4,4,ATAGTGTAGAGAAAACCCTT,0,2050338
kbpp4,0.2,4,4,ATAGATTGCCAACCGTTAAA,0,2045753
kbpp4,0.2,4,4,ATAATCGAGGGATGTGGGTG,0,2015722
kbpp4,0.2,4,4,AGTGTCACGTCAGTGGTGAT,0,2040090
kbpp4,0.2,4,4,AGTGACACGTTAGGGAATTC,0,2048300
kbpp4,0.2,4,4,AGTCCTAGTTACTCAGCAGA,0,2030810
kbpp4,0.2,4,4,AGTCAGTCCGGGCTGAAACA,0,2072013
kbpp4,0.2,4,4,AGTCAGCGCGGAGCGATTTC,0,2017599
kbpp4,0.2,4,4,AGTCAAGCGTCACAAGGAGT,0,2063629
kbpp4,0.2,4,4,AGTAGAGCTAAACTCAGATC,0,2037660
kbpp4,0.2,4,4,AGTAATTAGGGAAGCATATA,0,2081123
kbpp4,0.2,4,4,AGGTTTTTAGCGGTCTGCCA,0,2022219
kbpp4,0.2,4,4,AGGTTTACTGCGCCAAATTA,0,2067463
kbpp4,0.2,4,4,AGGTTCTTAGACACCGGGGG,0,2084450
kbpp4,0.2,4,4,AGGGGAAGCCCATGAAATAA,0,2046274
kbpp4,0.2,4,4,AGGGCAAAATCGTAAAACCG,0,2054211
kbpp4,0.2,4,4,AGGACAGAGAGCCCCTCAAT,0,2015440
kbpp4,0.2,4,4,AGCTCAACCGCTGTTCAGTG,0,2033512
kbpp4,0.2,4,4,AGCCTATCGCAAAGAGACTG,0,2054562
kbpp4,0.2,4,4,AGCCGCTTCGTCCTTAACGA,0,2070212
kbpp4,0.2,4,4,AGCCCAGAAGGTTACTGCGA,0,2016327
kbpp4,0.2,4,4,AGCCATCGATCGCGCCATGG,0,2019108
kbpp4,0.2,4,4,AGATGGGGTAAAGCCTCCCC,0,2034445
kbpp4,0.2,4,4,AGAGTATTGATACGGAGCTA,0,2029682
kbpp4,0.2,4,4,AGACGTGCTGGCATCGGGGG,0,2055758
kbpp4,0.2,4,4,AGAATGCCGGGCCAGAATCT,0,2048614
kbpp4,0.2,4,4,AGAATCAAGGAACGCATTGT,0,2061474
kbpp4,0.2,4,4,ACTTTCAGGACGGACTTCAG,0,2052128
kbpp4,0.2,4,4,ACTGTGCCACAACGGCGCGA,0,2081263
kbpp4,0.2,4,4,ACTCGTGACGATGGATTGAT,0,2033990
kbpp4,0.2,4,4,ACTCGTCCCAGGTCCAGCTC,0,2073538
kbpp4,0.2,4,4,ACTCATCTCCAAATGGGTTA,0,2030858
kbpp4,0.2,4,4,ACTCAGTTCCGGCTCTCAGG,0,2052017
kbpp4,0.2,4,4,ACTCACAATGCGGCGTTTCT,0,2085653
kbpp4,0.2,4,4,ACTAACCTCCCGGGATGTGT,0,2016562
kbpp4,0.2,4,4,ACGTTTCAAAACGGTATCAC,0,2036717
kbpp4,0.2,4,4,ACGTGGAAGACTCGGTATCA,0,2070219
kbpp4,0.2,4,4,ACGTATTGGGGCGTCAAAAT,0,2077362
kbpp4,0.2,4,4,ACGGAGTAATGCTCTTATCA,0,2046406
kbpp4,0.2,4,4,ACGCGGCTTGTTCCAGTGAG,0,2017604
kbpp4,0.2,4,4,ACGCGAGTCCTAGTAGGATA,0,2039009
kbpp4,0.2,4,4,ACGCCCAGGACAGTGTGATC,0,2070821
kbpp4,0.2,4,4,ACGAGGTAGGTCGCAAAGGG,0,2049558
kbpp4,0.2,4,4,ACGAAATCTTGGGATCGTAG,0,2047947
kbpp4,0.2,4,4,ACCTCAACAGGCCTCTAGAG,0,2079651
kbpp4,0.2,4,4,ACCGCCATCGAACGTGCACT,0,2024815
kbpp4,0.2,4,4,ACCCCGGGCCACGTAAGTAG,0,2020426
kbpp4,0.2,4,4,ACCAGGATGCACAGATATTC,0,2040741
kbpp4,0.2,4,4,ACCACAAGGGATACGGCGCT,0,2032116
kbpp4,0.2,4,4,ACATTAGCGACGACCGGAAA,0,2065937
kbpp4,0.2,4,4,ACATGCATGCTAACTGTCTC,0,2077283
kbpp4,0.2,4,4,ACAGTGTAAGTATCGCAAGG,0,2021196
kbpp4,0.2,4,4,ACAGGACCCAGGATGCGAAA,0,2066930
kbpp4,0.2,4,4,ACAGCCCTGTGGAAGTAGTG,0,2049481
kbpp4,0.2,4,4,ACAGAGTGTGCAGCACTATT,0,2061137
kbpp4,0.2,4,4,ACACTCGCTCGGAGGATAGA,0,2034140
kbpp4,0.2,4,4,ACACCGCCGCAGCGGGCATC,0,2034222
kbpp4,0.2,4,4,ACACATGCGGCCTCTGTGAT,0,2027992
kbpp4,0.2,4,4,ACAAGCTAAGCAAGTAACGG,0,2082177
kbpp4,0.2,4,4,ACAACACGGTGATGTGGACG,0,2022557
kbpp4,0.2,4,4,AATGTAGTGATATCATCCGG,0,2017254
kbpp4,0.2,4,4,AATGCTGATGTGTCGTTTAA,0,2055077
kbpp4,0.2,4,4,AATGAGTCAGACGGCACATT,0,2038167
kbpp4,0.2,4,4,AATCCTACGGACTTATTATA,0,2020180
kbpp4,0.2,4,4,AAGTCATATGCGGTGGAATG,0,2049873
kbpp4,0.2,4,4,AAGTACTTAAGAGCGAAGCA,0,2034307
kbpp4,0.2,4,4,AAGGTAGTGTCTTTAGACAG,0,2067039
kbpp4,0.2,4,4,AAGGACATCAAGCAGTTTGT,0,2017001
kbpp4,0.2,4,4,AAGACTCTTCGGTAGTGGAA,0,2058059
kbpp4,0.2,4,4,AACTGGATATAAGTCATTGT,0,2070562
kbpp4,0.2,4,4,AACTCAAATAACTGGCAGTC,0,2069362
kbpp4,0.2,4,4,AACTATATTGCCTCGACGTA,0,2024523
kbpp4,0.2,4,4,AACGGTGGCTAGGCAATACG,0,2039510
kbpp4,0.2,4,4,AACGGGTGCGGTCATGGACC,0,2049642
kbpp4,0.2,4,4,AACGGGGCGCTTATCCATAA,0,2073976
kbpp4,0.2,4,4,AACGGCAACGGGCAGTGAGC,0,2043068
kbpp4,0.2,4,4,AACGGACTTTGGGCATACGA,0,2040520
kbpp4,0.2,4,4,AACCGGGCGCGGACGGGCTC,0,2039221
kbpp4,0.2,4,4,AACCGCTATGATTACATCAT,0,2015672
kbpp4,0.2,4,4,AACCGAAGTCCTAGGTTCTG,0,2052793
kbpp4,0.2,4,4,AACCCAGTGATGCGCGAGCT,0,2020592
kbpp4,0.2,4,4,AACAAGCTTAGCAATCAGTA,0,2063804
kbpp4,0.2,4,4,AAATCTCCTATCAACGCGTC,0,2079264
kbpp4,0.2,4,4,AAATCAGGGAAACCTCTGAT,0,2072504
kbpp4,0.2,4,4,AAAGTTAAGCCCTCCCATCA,0,2040768
kbpp4,0.2,4,4,AAAGTCTACTTATTGCCCCA,0,2084603
kbpp4,0.2,4,4,AAAGGTGGTCAGTTGCCTAG,0,2060347
kbpp4,0.2,4,4,AAACAGAGTGGATTTTTCTT,0,2019210
kbpp4,0.2,4,4,AAAACTGCTTAACGACCAAC,0,2017932
kbpp4,0.2,4,4,AAAACGCTGCGGGCACCGAT,0,2072369
kbpp4,0.25,3,3,TTTTTGCCTCAAAGGCGATT,0,2035473
kbpp4,0.25,3,3,TTTGGATTGCCAGAGGTGTC,0,2076505
kbpp4,0.25,3,3,TTTCTCTGGCAGGCATCATC,0,2075974
kbpp4,0.25,3,3,TTTCGCATATGCTGAGGCTA,0,2076995
kbpp4,0.25,3,3,TTTCGCACTGCTTCAGTAAG,0,2044666
kbpp4,0.25,3,3,TTTCACAAGCGCGGACGGGA,0,2028050
kbpp4,0.25,3,3,TTTATCCCGGGACTGCCGTA,0,2044667
kbpp4,0.25,3,3,TTTAGACGTAGTTCGGTGCA,0,2021575
kbpp4,0.25,3,3,TTGTTAAGTAATAAAATTGC,0,2076662
kbpp4,0.25,3,3,TTGTATACCGGAGCCTCAAA,0,2077898
kbpp4,0.25,3,3,TTGTAGATCTTGCAGGTATT,0,2044223
kbpp4,0.25,3,3,TTGGTGTTAATGAGGGCGGG,0,2033832
kbpp4,0.25,3,3,TTGGCCAATAAGCCATCTTG,0,2016667
kbpp4,0.25,3,3,TTGGCATACTGAATTTCCGT,0,2022008
kbpp4,0.25,3,3,TTGGAAAGGGCCTTAGGTAT,0,2039186
kbpp4,0.25,3,3,TTGATGCTAAGCAAGACACT,0,2046577
kbpp4,0.25,3,3,TTGATAGCTGGCCCCCCGGA,0,2056526
kbpp4,0.25,3,3,TTGAGGCGGCACTAACATCT,0,2039983
kbpp4,0.25,3,3,TTGACTATTCCACTTGCGTA,0,2048165
kbpp4,0.25,3,3,TTGACAGACCCAGATCGGTT,0,2032310
kbpp4,0.25,3,3,TTGAATATCGCCCGCAAAGT,0,2039187
kbpp4,0.25,3,3,TTGAACAAAGGGTTCTTAAC,0,2057160
kbpp4,0.25,3,3,TTCGTTTTGCGCTCATTTTG,0,2082829
kbpp4,0.25,3,3,TTCGGAGGTGTCAAAGACCT,0,2046704
kbpp4,0.25,3,3,TTCCTCCTGTACGGCAATTT,0,2073545
kbpp4,0.25,3,3,TTCCGGGACCTCTAGACCGG,0,2015191
kbpp4,0.25,3,3,TTCCGCATAGTTTAACCTCA,0,2043705
kbpp4,0.25,3,3,TTCCACGGTTCGGATTCGTT,0,2073714
kbpp4,0.25,3,3,TTCATTTTGGAACTCATACT,0,2041730
kbpp4,0.25,3,3,TTCATGGAATAGCAGCGGCT,0,2018132
kbpp4,0.25,3,3,TTCATCAGGTTGGGCCATGG,0,2048123
kbpp4,0.25,3,3,TTCAGCTCAGAGTAAAGCAA,0,2037983
kbpp4,0.25,3,3,TTCACACACTCGATCCGGTA,0,2068701
kbpp4,0.25,3,3,TTCAAAGTTAGATGTACTCC,0,2028011
kbpp4,0.25,3,3,TTATCCTGAGTTCGGTCTGC,0,2033034
kbpp4,0.25,3,3,TTATATGAGATCTAGCGCTG,0,2016847
kbpp4,0.25,3,3,TTAGTTGAATAAGTCACAGC,0,2025886
kbpp4,0.25,3,3,TTAGGGCAGACAAGTTGTCC,0,2060951
kbpp4,0.25,3,3,TTAGGCGATCACCACTTATT,0,2057486
kbpp4,0.25,3,3,TTAGCACCAAAGGGGTCCGG,0,2060536
kbpp4,0.25,3,3,TTAGAAGCCGAACCGCTAGA,0,2036295
kbpp4,0.25,3,3,TTACTTTATTAGCGCTAGGC,0,2022589
kbpp4,0.25,3,3,TTACTGAAAGGTGAAGGAGA,0,2035476
kbpp4,0.25,3,3,TTACCGCCTTATGAAGCGTT,0,2027305
kbpp4,0.25,3,3,TTACCAGTAACCCCTTGTGT,0,2073962
kbpp4,0.25,3,3,TTAATTTGGCGGATCGGCTA,0,2081289
kbpp4,0.25,3,3,TTAACGATGAGGGTTCAGTT,0,2080484
kbpp4,0.25,3,3,TTAAACGGTGTCCAGCCATA,0,2063145
kbpp4,0.25,3,3,TGTTTTGGTGATTTACATGT,0,2041959
kbpp4,0.25,3,3,TGTTCGTGGCTCTACCCGAC,0,2048505
kbpp4,0.25,3,3,TGTTAAATAGCCGCCCTACA,0,2071892
kbpp4,0.25,3,3,TGTGGCTCCACAAATAGTGA,0,2075864
kbpp4,0.25,3,3,TGTGGCCCATCGCTTAACGG,0,2035420
kbpp4,0.25,3,3,TGTGCTTGGCTCCTTCTGGA,0,2025120
kbpp4,0.25,3,3,TGTGCCGCTGCACCATCACT,0,2064980
kbpp4,0.25,3,3,TGTCTGCAATTGTGGGAATT,0,2026741
kbpp4,0.25,3,3,TGTACCCCCTTGTGTTTGTA,0,2048927
kbpp4,0.25,3,3,TGTACACAACCCCTATCGTA,0,2066989
kbpp4,0.25,3,3,TGTAATAGGTCAACCCCACT,0,2054531
kbpp4,0.25,3,3,TGGTAGGAAAACGTTCACCT,0,2037301
kbpp4,0.25,3,3,TGGGTTTCCTGCGCATAAAT,0,2049396
kbpp4,0.25,3,3,TGGGGGGCAGAAGGAGGACT,0,2072667
kbpp4,0.25,3,3,TGGGCATACGGTCTGACTTA,0,2082238
kbpp4,0.25,3,3,TGGGCAAGCCTGGATCGAAA,0,2079926
kbpp4,0.25,3,3,TGGGATCACTCGGCCCCGTC,0,2074585
kbpp4,0.25,3,3,TGGGAATGATCGTTTTTGAA,0,2037102
kbpp4,0.25,3,3,TGGCCAAGACGTCGTGCTGC,0,2075885
kbpp4,0.25,3,3,TGGAGGACGTTCCACATATG,0,2073022
kbpp4,0.25,3,3,TGGAATAATTCCACCGGCTA,0,2077127
kbpp4,0.25,3,3,TGCTTAGTAAGATCCTGACC,0,2076811
kbpp4,0.25,3,3,TGCTCAGTATATGTGCAGAC,0,2055312
kbpp4,0.25,3,3,TGCTACTACACTTATGCGCG,0,2034762
kbpp4,0.25,3,3,TGCTAATGGTCCGTTTCACT,0,2052813
kbpp4,0.25,3,3,TGCGTCGAGGCGGATCTACA,0,2060408
kbpp4,0.25,3,3,TGCGGAGGTGTATATAGAGG,0,2038226
kbpp4,0.25,3,3,TGCGGAAGATGGAAGGGGAC,0,2049026
kbpp4,0.25,3,3,TGCCGCATGTCGGCCACGTG,0,2083862
kbpp4,0.25,3,3,TGCAGCTCCTGTTTGAATAC,0,2016090
kbpp4,0.25,3,3,TGCACATCTCTCATGGGGCT,0,2083072
kbpp4,0.25,3,3,TGATCGGGGTTTTCTAGTAA,0,2085624
kbpp4,0.25,3,3,TGATCGACTCTGGTAAGCAA,0,2036932
kbpp4,0.25,3,3,TGACTTCGATTTCGAGGGTA,0,2036636
kbpp4,0.25,3,3,TGACCAAGGCCCGTTTGGAG,0,2052174
kbpp4,0.25,3,3,TGACATATATGCCACACTCT,0,2059282
kbpp4,0.25,3,3,TGAAGACCAACCGGTAGGAC,0,2073082
kbpp4,0.25,3,3,TGAACGGAGTCAGGGGTAGG,0,2036420
kbpp4,0.25,3,3,TGAACAGATTGTACTTTGTA,0,2047392
kbpp4,0.25,3,3,TCTTTCGTGGTCCACACCTA,0,2028056
kbpp4,0.25,3,3,TCTTGGGCAGGTGCTATTCT,0,2043307
kbpp4,0.25,3,3,TCTTCAAGGGCACAGCGCAA,0,2021533
kbpp4,0.25,3,3,TCTTACTACTACGATTGATA,0,2035022
kbpp4,0.25,3,3,TCTGGTGAGACAAGATTGGC,0,2046364
kbpp4,0.25,3,3,TCTCCTCCTTAGCCACGCTT,0,2075281
kbpp4,0.25,3,3,TCTCAACAACGATCAACGTG,0,2082668
kbpp4,0.25,3,3,TCTAGCCCAAGATGGATGAG,0,2056999
kbpp4,0.25,3,3,TCGTAGGTGGTCGCACTCTG,0,2027109
kbpp4,0.25,3,3,TCGTAAGGGCCTGGGGGTCT,0,2058497
kbpp4,0.25,3,3,TCGGTAAACGTGTGAGTTGC,0,2041685
kbpp4,0.25,3,3,TCGGGGGCTAAGATTGCGTG,0,2039552
kbpp4,0.25,3,3,TCGGGACTCACGGAATCAAC,0,2049749
kbpp4,0.25,3,3,TCGGCACAATACGAACCTGG,0,2072433
kbpp4,0.25,3,3,TCGGATCGACACATGTCGAT,0,2076303
kbpp4,0.25,3,3,TCGCTTGTGGGGTCCAGTCG,0,2076507
kbpp4,0.25,3,3,TCGCGAGCCCGAGAGGTCAG,0,2025464
kbpp4,0.25,3,3,TCGCAATACGGACCATCCGC,0,2017808
kbpp4,0.25,3,3,TCCTGCGGCCACGCTATGAT,0,2026354
kbpp4,0.25,3,3,TCCTCGGAGATCGATTAAGT,0,2085600
kbpp4,0.25,3,3,TCCTCCCACGTGAGCGGTTT,0,2062596
kbpp4,0.25,3,3,TCCTCAGCGGCTCTTTGAGT,0,2082696
kbpp4,0.25,3,3,TCCGTTAGAGGTGGGAGTAA,0,2046369
kbpp4,0.25,3,3,TCCGGCTTTGACCACTCGGG,0,2050577
kbpp4,0.25,3,3,TCCGCACACGCGATAATTGA,0,2032677
kbpp4,0.25,3,3,TCCCATGTCCTCCGCACACG,0,2052118
kbpp4,0.25,3,3,TCCACTGAGAGCCGCTAGGC,0,2018488
kbpp4,0.25,3,3,TCCACATCTCTCGACAGATC,0,2077960
kbpp4,0.25,3,3,TCATCCGCTCGCAGTTGGCA,0,2064458
kbpp4,0.25,3,3,TCAGTCCTGTGAACGCTTTA,0,2025648
kbpp4,0.25,3,3,TCAGGTATCCTCTTGTTAAA,0,2045812
kbpp4,0.25,3,3,TCAGGCTCCTTATAGGATAG,0,2056823
kbpp4,0.25,3,3,TCAGCCGGTGTCCGTATTTA,0,2028937
kbpp4,0.25,3,3,TCACTGTACCCGCACTCATT,0,2037538
kbpp4,0.25,3,3,TCACGTTTTTACATTCACTT,0,2025165
kbpp4,0.25,3,3,TCACCAGTAAGGCGAATCGG,0,2075263
kbpp4,0.25,3,3,TCACAGCTTGTTTGGTACGC,0,2030138
kbpp4,0.25,3,3,TCACAGAACCCCTCATCTAT,0,2073155
kbpp4,0.25,3,3,TCACAAGTGCCGAGATGAAA,0,2035428
kbpp4,0.25,3,3,TCAATGCCATGCCTTCAGTT,0,2015025
kbpp4,0.25,3,3,TCAATCCTGCGGATGTTGAG,0,2015757
kbpp4,0.25,3,3,TCAAGGAGAGGAAGGTCCGG,0,2064815
kbpp4,0.25,3,3,TCAACACTCTGCGCCCTTCG,0,2084381
kbpp4,0.25,3,3,TATTTTTTGAAAAATGAGTT,0,2047681
kbpp4,0.25,3,3,TATTTGCATAAATCTTTTCC,0,2069933
kbpp4,0.25,3,3,TATTGACCGTAAACATCGGG,0,2061708
kbpp4,0.25,3,3,TATTGAATAAGAATATCGAT,0,2018513
kbpp4,0.25,3,3,TATGTGAAACTCCAGAGGGG,0,2027820
kbpp4,0.25,3,3,TATGCATCAGGATAGGCAAT,0,2048124
kbpp4,0.25,3,3,TATGACTACCCCCGAGGGAG,0,2066508
kbpp4,0.25,3,3,TATGACACCATCGAACGTAG,0,2079185
kbpp4,0.25,3,3,TATCCATCACTCGCAATTAC,0,2059115
kbpp4,0.25,3,3,TATCATGCAGGAAGGTCCCT,0,2067775
kbpp4,0.25,3,3,TATAGACCCATATTTCTGCT,0,2028761
kbpp4,0.25,3,3,TATACCCGATGTGGAGCCCG,0,2025055
kbpp4,0.25,3,3,TATAAACTTTCAGCTTGCTT,0,2037708
kbpp4,0.25,3,3,TAGGGCCGTTGACTGACTTC,0,2035674
kbpp4,0.25,3,3,TAGGGACAACTATCGGACGA,0,2067724
kbpp4,0.25,3,3,TAGGCTCGCCCAATGAGGAT,0,2046072
kbpp4,0.25,3,3,TAGGATGTTATCTCTCAATG,0,2022178
kbpp4,0.25,3,3,TAGCCTGTCTGAGCTACGTG,0,2025534
kbpp4,0.25,3,3,TAGCATTGCGACAGTAGTAT,0,2060654
kbpp4,0.25,3,3,TAGCACCAGGGTCACAGGAT,0,2044281
kbpp4,0.25,3,3,TAGATGCTGTACGAGCCTGA,0,2069580
kbpp4,0.25,3,3,TAGATAACAGTTAGGCCGGT,0,2077688
kbpp4,0.25,3,3,TAGAGGTTGTTGCCCCCTGA,0,2085105
kbpp4,0.25,3,3,TAGAGGTTAAGTGATTTTCA,0,2058532
kbpp4,0.25,3,3,TAGACTACGGATGGCATTTA,0,2057200
kbpp4,0.25,3,3,TACTGTGGTCGGCTACACAT,0,2031854
kbpp4,0.25,3,3,TACTCTACCGTCTATTTCTA,0,2014659
kbpp4,0.25,3,3,TACTCCAACTTTAAGCATTA,0,2040851
kbpp4,0.25,3,3,TACTAGCGGGGCTTAGATCT,0,2032740
kbpp4,0.25,3,3,TACGTACCAGATAGACGTAC,0,2048206
kbpp4,0.25,3,3,TACGACGGTGCCTAATGAGC,0,2061030
kbpp4,0.25,3,3,TACCTCATTATTTTACTATA,0,2058864
kbpp4,0.25,3,3,TACATGGCTGTTGCGTTCAC,0,2067466
kbpp4,0.25,3,3,TACAGTGGCATGTTGCCGCA,0,2024837
kbpp4,0.25,3,3,TACAGCGGGACGAACTCAGA,0,2081072
kbpp4,0.25,3,3,TACAGCGCCCTTCCCTATCT,0,2055242
kbpp4,0.25,3,3,TACAAACAGCGGCAGTACAG,0,2026416
kbpp4,0.25,3,3,TAATTTTTGTGAAGTACGTT,0,2063700
kbpp4,0.25,3,3,TAAGTCTAAGGCTCCGCCGA,0,2060138
kbpp4,0.25,3,3,TAAGAGTAGTATAAGTCGAT,0,2041417
kbpp4,0.25,3,3,TAAGAGACGTCTTCCGATCC,0,2024915
kbpp4,0.25,3,3,TAACCGTGTTTATTTAGCGT,0,2014856
kbpp4,0.25,3,3,TAACCAGGTTAAGTTCAGAT,0,2076792
kbpp4,0.25,3,3,TAACAGATCTTTGCTATTGT,0,2054102
kbpp4,0.25,3,3,TAAATTCCGCAGCACTGAGT,0,2023631
kbpp4,0.25,3,3,TAAACAGAAAGTCATAGGGG,0,2053999
kbpp4,0.25,3,3,TAAAACCAGCAATGTTTTTC,0,2084089
kbpp4,0.25,3,3,GTTTTTCGAGGGTGAGTCCC,0,2014460
kbpp4,0.25,3,3,GTTTTCATACGATGGGCTTT,0,2078082
kbpp4,0.25,3,3,GTTTTACAGGTAGTGAGGCG,0,2050027
kbpp4,0.25,3,3,GTTTGACAGGAGTTGAGTAT,0,2050069
kbpp4,0.25,3,3,GTTCTAAGGGTGCCGCGGCT,0,2015518
kbpp4,0.25,3,3,GTTCGTTAGTTTGAAGCCGG,0,2049974
kbpp4,0.25,3,3,GTTCGCATACGAGAACGTAC,0,2078426
kbpp4,0.25,3,3,GTTCACGCGTGGTGGGGTCA,0,2020720
kbpp4,0.25,3,3,GTTCAAAAACCTGCGGAGCT,0,2044783
kbpp4,0.25,3,3,GTTATCATAGCCGATTGAGT,0,2051388
kbpp4,0.25,3,3,GTTAGACCCCCAGTTCCTTT,0,2058372
kbpp4,0.25,3,3,GTTACGCGAGAGCTTGGGCA,0,2018551
kbpp4,0.25,3,3,GTTAAACTACGTGCATCGCC,0,2053875
kbpp4,0.25,3,3,GTGTTGGACCCAGCGATTAC,0,2085283
kbpp4,0.25,3,3,GTGTCTAACTTGATCCCTGT,0,2035377
kbpp4,0.25,3,3,GTGTACTCGTGCTTCCAGTA,0,2035787
kbpp4,0.25,3,3,GTGTACCCGAGATATCAGAA,0,2058592
kbpp4,0.25,3,3,GTGGTCACAGGAGTCTCACT,0,2016284
kbpp4,0.25,3,3,GTGGGCATCTAATTGATGAT,0,2036983
kbpp4,0.25,3,3,GTGGAGGTCACAGAGCTTAG,0,2082019
kbpp4,0.25,3,3,GTGCGGGAAGCACGTTGAAT,0,2025423
kbpp4,0.25,3,3,GTGCCCGATTCCACTCGATA,0,2036331
kbpp4,0.25,3,3,GTGCCCATACTTGCACCATA,0,2030998
kbpp4,0.25,3,3,GTGAGCAGATCGCCCACCTA,0,2058501
kbpp4,0.25,3,3,GTGACGGGCGGTCAGTTATT,0,2081644
kbpp4,0.25,3,3,GTGACACCACTCAGGTTGAG,0,2022949
kbpp4,0.25,3,3,GTCTTTCGGAAAAGTCCGTT,0,2067457
kbpp4,0.25,3,3,GTCTCATAGTTTTTGGTAGA,0,2085508
kbpp4,0.25,3,3,GTCTAAAGTCAACTGAGTAT,0,2017333
kbpp4,0.25,3,3,GTCGTTGCATGTTGACATCA,0,2035056
kbpp4,0.25,3,3,GTCGTAGCCCTTGTGGCTGC,0,2054219
kbpp4,0.25,3,3,GTCGCGATTTGTTCCCGCAG,0,2023775
kbpp4,0.25,3,3,GTCCTCGTAGGCTACGGCCA,0,2028561
kbpp4,0.25,3,3,GTCCTCACACCTCCGTTAGT,0,2019529
kbpp4,0.25,3,3,GTCCACTTATAGGAGCTTTG,0,2055104
kbpp4,0.25,3,3,GTCATATCCTTAGTGAGCAT,0,2055180
kbpp4,0.25,3,3,GTCACACCCGTGGTCAATTT,0,2054518
kbpp4,0.25,3,3,GTCACAAGGCAATGGATGCT,0,2045916
kbpp4,0.25,3,3,GTCAAAACGTCTCAAGACAC,0,2037651
kbpp4,0.25,3,3,GTCAAAAATAGTGAGTACAT,0,2031063
kbpp4,0.25,3,3,GTATCTTAGCGTTTCTTGCA,0,2035361
kbpp4,0.25,3,3,GTAGTAATGCCAAGGGGTAT,0,2053709
kbpp4,0.25,3,3,GTAGGATATCTTCTGTGGCG,0,2014508
kbpp4,0.25,3,3,GTAGCTGTATATTCTCGCAG,0,2022327
kbpp4,0.25,3,3,GTACGTTACAGAAACGGCTA,0,2034343
kbpp4,0.25,3,3,GTACCCTTCTACGGACGAGC,0,2074816
kbpp4,0.25,3,3,GTAAGGGGGTATCTGAACGT,0,2058018
kbpp4,0.25,3,3,GGTTGCAAGGGTTAAGCCCT,0,2082944
kbpp4,0.25,3,3,GGTTCGTTTAGGTATAGTTT,0,2032228
kbpp4,0.25,3,3,GGTGGCTTCTAGCGACGCTG,0,2052671
kbpp4,0.25,3,3,GGTGCTGACTACCTGTACAA,0,2067779
kbpp4,0.25,3,3,GGTCTGGAAGTGAAGCTTAC,0,2040804
kbpp4,0.25,3,3,GGTCCGGCCGGGCTACCTCT,0,2019261
kbpp4,0.25,3,3,GGTCAGCTTAGGGCTCCATA,0,2035414
kbpp4,0.25,3,3,GGTAGGCATTCCGTACCAAA,0,2023347
kbpp4,0.25,3,3,GGTAAGGATCTCAACTATTC,0,2052135
kbpp4,0.25,3,3,GGGTTTCCATGTTCGTGTGC,0,2075886
kbpp4,0.25,3,3,GGGTTAAGCACGTGGGCGCA,0,2021069
kbpp4,0.25,3,3,GGGTGGGCTGAGTTCGCGTA,0,2063997
kbpp4,0.25,3,3,GGGTCTGTCTAAACCGTTCT,0,2052872
kbpp4,0.25,3,3,GGGTCATTAGGCACCCCGTT,0,2037761
kbpp4,0.25,3,3,GGGTAGAGAGTTCATTCCAT,0,2032375
kbpp4,0.25,3,3,GGGGTTTTACCCGTTTTCGA,0,2020131
kbpp4,0.25,3,3,GGGGTCGTATGGGACGTTGG,0,2044744
kbpp4,0.25,3,3,GGGGGTCGCTATGCCTTCAA,0,2050657
kbpp4,0.25,3,3,GGGGAATGAAGGTCAGCGGC,0,2030420
kbpp4,0.25,3,3,GGGCTTTTGCAGCCACGGGA,0,2029249
kbpp4,0.25,3,3,GGGCTTTAGGCCTGGACGCG,0,2072498
kbpp4,0.25,3,3,GGGCTACTTATGCATAGGAC,0,2038800
kbpp4,0.25,3,3,GGGCGAGAATTCGAAATGCC,0,2023157
kbpp4,0.25,3,3,GGGCAGCCCCTTAGGGAGAA,0,2063319
kbpp4,0.25,3,3,GGGCAAGTTGGTGGCATTAT,0,2063977
kbpp4,0.25,3,3,GGGAGAGCGTCCTAATGGAA,0,2079631
kbpp4,0.25,3,3,GGCTGGAAGTGCAGAGCGCG,0,2053260
kbpp4,0.25,3,3,GGCTCCGGATACTCATGCCA,0,2050955
kbpp4,0.25,3,3,GGCTCCAGTCGAACCGAGCT,0,2072654
kbpp4,0.25,3,3,GGCCTGGCCCCTACCGTCAG,0,2021488
kbpp4,0.25,3,3,GGCCCTTTCGAGTGCAGCAG,0,2051273
kbpp4,0.25,3,3,GGCCATGCTCAGCAGCTTGT,0,2035482
kbpp4,0.25,3,3,GGCATCACGGACCTCTGACC,0,2016523
kbpp4,0.25,3,3,GGCACCTTGCTGTAGGATGA,0,2030377
kbpp4,0.25,3,3,GGCAATGGGCTGTAAGTCTA,0,2077438
kbpp4,0.25,3,3,GGCAAGCTTTCGACAGTGCA,0,2027145
kbpp4,0.25,3,3,GGATGGCTCGAACACTGTTA,0,2045595
kbpp4,0.25,3,3,GGATCAGCAGACCCCCGTGT,0,2065823
kbpp4,0.25,3,3,GGATAGCAGGTTAAGAACGC,0,2029673
kbpp4,0.25,3,3,GGAGTTTACATGGCAACGTA,0,2040252
kbpp4,0.25,3,3,GGAGTTAGATGAAGGTGGCA,0,2016817
kbpp4,0.25,3,3,GGAGTGTTCTGGCCCGCGCC,0,2036333
kbpp4,0.25,3,3,GGAGCAGTTACCCAACTACT,0,2062542
kbpp4,0.25,3,3,GGAGAGCCGCCTCGCGTGGA,0,2049986
kbpp4,0.25,3,3,GGACTCGAAGTACGAACCGG,0,2034421
kbpp4,0.25,3,3,GGACGGCCCAGGCAGGCTTG,0,2061023
kbpp4,0.25,3,3,GGACAGTGTGTGGAGGGTGC,0,2085646
kbpp4,0.25,3,3,GGAATATAAGGCTGTATGAA,0,2064019
kbpp4,0.25,3,3,GGAAGTTTTAGATCAAGGGA,0,2043120
kbpp4,0.25,3,3,GGAACAGGACCAAGACCCAC,0,2082821
kbpp4,0.25,3,3,GGAAACTCAGGAAACGGGAG,0,2068574
kbpp4,0.25,3,3,GGAAAATATACGCTTTTCAT,0,2082056
kbpp4,0.25,3,3,GGAAAAAGTTTTGTAACGCG,0,2045379
kbpp4,0.25,3,3,GCTTGCTCAGCCACTCCGGA,0,2080935
kbpp4,0.25,3,3,GCTTGCACCAAGAACTAAAG,0,2031594
kbpp4,0.25,3,3,GCTCTAGTGACTTACGCCTT,0,2034533
kbpp4,0.25,3,3,GCTCGCGTTTGTCGTAGCTA,0,2025057
kbpp4,0.25,3,3,GCTCAGGAAAGGGGCCAAGA,0,2037539
kbpp4,0.25,3,3,GCTAGTCGTGGACTCGGAGA,0,2019694
kbpp4,0.25,3,3,GCGTTACGTTACGAGGCGGT,0,2040295
kbpp4,0.25,3,3,GCGGTGGTGTGGAAAAGCTG,0,2031785
kbpp4,0.25,3,3,GCGGCGAAATGTCTGCTTAA,0,2069180
kbpp4,0.25,3,3,GCGCGGTAGGAGCATGCTTC,0,2063252
kbpp4,0.25,3,3,GCGCCATTCATCTGCACGTA,0,2034234
kbpp4,0.25,3,3,GCGCAGCCAATACTCGATGA,0,2023614
kbpp4,0.25,3,3,GCCTGTCCGCTCTATCCCCA,0,2042172
kbpp4,0.25,3,3,GCCTGATTCCGTAAACTAAC,0,2016893
kbpp4,0.25,3,3,GCCTCTAACAAGGACGGATT,0,2063723
kbpp4,0.25,3,3,GCCGCAGCCCGTAACATCGA,0,2050240
kbpp4,0.25,3,3,GCCCGTCGAAAGATCCTATC,0,2055919
kbpp4,0.25,3,3,GCCCGATACCAGGCAAAGAT,0,2055531
kbpp4,0.25,3,3,GCCCCGGTTGGCAAAAGAGT,0,2048376
kbpp4,0.25,3,3,GCCCAATTCTTGTAAGTAGT,0,2045558
kbpp4,0.25,3,3,GCCAGTGACAAGGCAGTATT,0,2068326
kbpp4,0.25,3,3,GCCACTGGACAGATTAGAGC,0,2037300
kbpp4,0.25,3,3,GCCACGTTCCGAATGGCCAT,0,2051309
kbpp4,0.25,3,3,GCCACCTCGCATCCAATGCG,0,2068057
kbpp4,0.25,3,3,GCATGTATAGGACAACCGTG,0,2068174
kbpp4,0.25,3,3,GCAGGGTCTCAGCCTCCTGT,0,2043164
kbpp4,0.25,3,3,GCAGGGAGTTACTAATGATG,0,2053716
kbpp4,0.25,3,3,GCAGCGTATCAAGGCGGATA,0,2082303
kbpp4,0.25,3,3,GCACTGACAGATCGTTGAAG,0,2022855
kbpp4,0.25,3,3,GCACGCCTCGAGATCCAAGG,0,2050970
kbpp4,0.25,3,3,GCAAGGTTCCGTCGGGCTAA,0,2044948
kbpp4,0.25,3,3,GCAAGAGTTTCAGCCGACTG,0,2071502
kbpp4,0.25,3,3,GCAAGACGCGATCGATCTTG,0,2023051
kbpp4,0.25,3,3,GCAAGAATAATATCAGCATA,0,2056290
kbpp4,0.25,3,3,GCAAAACGCAATTGACGGAG,0,2031484
kbpp4,0.25,3,3,GATTTGCCAGGCGGTCGGAT,0,2026830
kbpp4,0.25,3,3,GATTCCCTCCCGGGGAAATG,0,2014771
kbpp4,0.25,3,3,GATTATTGTCCCAGTACCCT,0,2052132
kbpp4,0.25,3,3,GATTATAGTGCGCACGCGCG,0,2025269
kbpp4,0.25,3,3,GATTATAGGGGATAGGACGT,0,2065602
kbpp4,0.25,3,3,GATTACATATCCCCTCTGCA,0,2081278
kbpp4,0.25,3,3,GATGGCCTAGCACCTTTCTG,0,2070452
kbpp4,0.25,3,3,GATCTTCTAAGAGTTTTATT,0,2015583
kbpp4,0.25,3,3,GATCGGGCTCCCCAGTCGGA,0,2081201
kbpp4,0.25,3,3,GATCCGCGTTTGCCCTTCTG,0,2029088
kbpp4,0.25,3,3,GATCCATGATGTATGTAAGC,0,2028880
kbpp4,0.25,3,3,GATCAACTGCGATGAATTCG,0,2073909
kbpp4,0.25,3,3,GATATTTCCGACTACTCTTA,0,2078479
kbpp4,0.25,3,3,GATATTCAGATCGCATAGGG,0,2026039
kbpp4,0.25,3,3,GATATAACGAGTGTGCTCGA,0,2028466
kbpp4,0.25,3,3,GATACAACGCTCGACGAGAG,0,2062853
kbpp4,0.25,3,3,GATAATTCCCCTTCGTGATA,0,2056483
kbpp4,0.25,3,3,GATAAAGGTCTAATCTTTAG,0,2020600
kbpp4,0.25,3,3,GAGTTATTCCTTCTATACCT,0,2032790
kbpp4,0.25,3,3,GAGTCCTTGCTTGACTGAGA,0,2035083
kbpp4,0.25,3,3,GAGTCCCGTATTGTCGCCGG,0,2061237
kbpp4,0.25,3,3,GAGGTCGTACCACAGCCGGA,0,2027451
kbpp4,0.25,3,3,GAGGTAAGGCTTTGGTTATG,0,2056140
kbpp4,0.25,3,3,GAGGCCAAGACTCATGTAGT,0,2025058
kbpp4,0.25,3,3,GAGCCAAATGGGAACGCGCT,0,2044076
kbpp4,0.25,3,3,GAGACAGATGCTGGTTACCC,0,2016134
kbpp4,0.25,3,3,GAGAAGCTTTGAACGCTGAC,0,2076273
kbpp4,0.25,3,3,GACTTTCTGGGGGCCACGCG,0,2045501
kbpp4,0.25,3,3,GACTTACTTTGATTTTCCTA,0,2075923
kbpp4,0.25,3,3,GACTTACGCCGGGCCTGGCC,0,2028758
kbpp4,0.25,3,3,GACGAGAGTTTCGTGCCTCG,0,2061309
kbpp4,0.25,3,3,GACGAATCGGCCGGTCACAC,0,2029752
kbpp4,0.25,3,3,GACCGCCCTTTTAAGATTGT,0,2026049
kbpp4,0.25,3,3,GACCCGTGACGATGCTACCT,0,2034811
kbpp4,0.25,3,3,GACATCTGGGTTCGGGGTAA,0,2068471
kbpp4,0.25,3,3,GACAGACTTACGGCAGGCCA,0,2017262
kbpp4,0.25,3,3,GAAGCGATATTTAAAGCGCT,0,2050524
kbpp4,0.25,3,3,GAACTGCCGGACAGTGACCT,0,2064491
kbpp4,0.25,3,3,GAACGCCCATTGTGCATTAA,0,2019055
kbpp4,0.25,3,3,GAACATTTGCGTTCCACTCT,0,2078496
kbpp4,0.25,3,3,GAACACGACCCTTCGACTTA,0,2030395
kbpp4,0.25,3,3,GAAATCTGTGTCTGCGATTT,0,2066509
kbpp4,0.25,3,3,GAAATAAATGCAGCATACTC,0,2016450
kbpp4,0.25,3,3,GAAAGGGCCGATTGGCGTTT,0,2082674
kbpp4,0.25,3,3,GAAAGGGAGAAGCCACGCCT,0,2022272
kbpp4,0.25,3,3,CTTTCGCCTATGCGTTCCTA,0,2035095
kbpp4,0.25,3,3,CTTTCCGACGGGTGATTAGT,0,2074215
kbpp4,0.25,3,3,CTTTCAGCTGGAGAATCATA,0,2026758
kbpp4,0.25,3,3,CTTTAGGGTTTCAACCAGAT,0,2065159
kbpp4,0.25,3,3,CTTGATCGCTGTAGAGTCGC,0,2059443
kbpp4,0.25,3,3,CTTCGGCCGGGAAAGAATGA,0,2063500
kbpp4,0.25,3,3,CTTCGCGGGTACCATGTTGG,0,2057152
kbpp4,0.25,3,3,CTTCGATGCCCTATGCCGGC,0,2081520
kbpp4,0.25,3,3,CTTAGAGATGGTCACAGGCT,0,2033854
kbpp4,0.25,3,3,CTTACCTGAGTAACGAAAGT,0,2058220
kbpp4,0.25,3,3,CTTAATAAGTATAGTAAGTT,0,2021233
kbpp4,0.25,3,3,CTGGTTCCTTAGGAAATTGG,0,2043736
kbpp4,0.25,3,3,CTGGGGTGCAGTCAGTCGAT,0,2077448
kbpp4,0.25,3,3,CTGCCCCCGTCCACCTGGTA,0,2067497
kbpp4,0.25,3,3,CTGCCCCCAGGCACGGCGTG,0,2047372
kbpp4,0.25,3,3,CTGCAATAACCAACCATTCT,0,2074581
kbpp4,0.25,3,3,CTGAGGTTTCAGCAAAACTG,0,2027601
kbpp4,0.25,3,3,CTGAGGTATACGTTCTTGGG,0,2045380
kbpp4,0.25,3,3,CTGACCTAAGCGCCGGCAGT,0,2053120
kbpp4,0.25,3,3,CTGACAACAGCTGTCGGAAT,0,2050568
kbpp4,0.25,3,3,CTGAATCATATCAGGTCTGT,0,2016916
kbpp4,0.25,3,3,CTCTCCGGACGTACATTTTT,0,2036341
kbpp4,0.25,3,3,CTCTCCCCAGTCATGGTCTA,0,2039807
kbpp4,0.25,3,3,CTCGTTCAGTGCGGATGGAT,0,2039117
kbpp4,0.25,3,3,CTCGTAAAGAACACCATGCA,0,2023141
kbpp4,0.25,3,3,CTCCTTCCCGGGATCTGAAA,0,2052758
kbpp4,0.25,3,3,CTCCTCAGTTCTTATTTTAA,0,2083947
kbpp4,0.25,3,3,CTCCTCACGTATAAACTGGA,0,2056711
kbpp4,0.25,3,3,CTCCGATTGGCTTCCGTCCG,0,2072453
kbpp4,0.25,3,3,CTCCCTCAGCGTCGTTACTA,0,2079086
kbpp4,0.25,3,3,CTCCCGGATCCAGCTAAAGA,0,2029092
kbpp4,0.25,3,3,CTCCCAGACGTTGTTGTTAA,0,2065528
kbpp4,0.25,3,3,CTCACTCGAGGCCCAGAGGT,0,2014670
kbpp4,0.25,3,3,CTCACGGGGGGAGCCCCTTA,0,2066950
kbpp4,0.25,3,3,CTCAATGCCTATTCTTCGAA,0,2025115
kbpp4,0.25,3,3,CTCAACATTACAAACCTAGT,0,2058256
kbpp4,0.25,3,3,CTATTATGCGTCTCGCAATA,0,2063226
kbpp4,0.25,3,3,CTATAGGAGTGGGTTAGCAT,0,2060322
kbpp4,0.25,3,3,CTAGGTCCGCTGCTTACACA,0,2036358
kbpp4,0.25,3,3,CTAGCGCCGCCAAAGAGCAT,0,2059505
kbpp4,0.25,3,3,CTACGTAAGAAATCTGCAGA,0,2026379
kbpp4,0.25,3,3,CTACCTTGGGTAATACTAGA,0,2036045
kbpp4,0.25,3,3,CTACCGCCGTAGGATATCTC,0,2019894
kbpp4,0.25,3,3,CTAATCTGTCTCAAAATGGG,0,2051669
kbpp4,0.25,3,3,CTAATCCCAGTAACGGAGGT,0,2081565
kbpp4,0.25,3,3,CTAACAAACATGTAAGTGTA,0,2030726
kbpp4,0.25,3,3,CGTTTCGCCACAAGTGTCAA,0,2020817
kbpp4,0.25,3,3,CGTTTACCTCGTGGCGACCG,0,2077134
kbpp4,0.25,3,3,CGTTGGAACTAAACAATATT,0,2058430
kbpp4,0.25,3,3,CGTTGCTAACTTGATTAGTA,0,2024631
kbpp4,0.25,3,3,CGTTGCCTGTATTGGGTCAT,0,2014775
kbpp4,0.25,3,3,CGTTACTTAAGAACGCTGTG,0,2034183
kbpp4,0.25,3,3,CGTTAAGGCTAGGATCTAGG,0,2074349
kbpp4,0.25,3,3,CGTGCCATTTCAGGTTAGCA,0,2050418
kbpp4,0.25,3,3,CGTCTGAGAACGCGCCACTA,0,2044341
kbpp4,0.25,3,3,CGTCAGTTCAATTCGAATAA,0,2046929
kbpp4,0.25,3,3,CGTATGTCCTTCTACGGGTC,0,2024634
kbpp4,0.25,3,3,CGTAGTACACATAGGGCTAT,0,2027786
kbpp4,0.25,3,3,CGTAGGCTCACAGAAGTACC,0,2058543
kbpp4,0.25,3,3,CGTACTCGCGCGTAGCTACC,0,2033744
kbpp4,0.25,3,3,CGGTTTTATGACAGGTCCCG,0,2056960
kbpp4,0.25,3,3,CGGTTCAGAGTCCTATAGTG,0,2058068
kbpp4,0.25,3,3,CGGTGCACCATTGGGCAGAA,0,2023205
kbpp4,0.25,3,3,CGGTGACTTCAGGGCGCGGA,0,2073449
kbpp4,0.25,3,3,CGGTACAAGCGGGCCTTTCC,0,2078220
kbpp4,0.25,3,3,CGGTAACCCCCAACATTTTG,0,2083039
kbpp4,0.25,3,3,CGGGTAGCCATGTTTTTTAC,0,2036838
kbpp4,0.25,3,3,CGGGTAGATAGGGGCCACGA,0,2047596
kbpp4,0.25,3,3,CGGGGGGGGATCCGCCGATT,0,2031338
kbpp4,0.25,3,3,CGGGACCGATTGGACCGATG,0,2074213
kbpp4,0.25,3,3,CGGCTCGTACTCACGCTTTG,0,2078465
kbpp4,0.25,3,3,CGGCTCGGCCGCCTCGAGCC,0,2072049
kbpp4,0.25,3,3,CGGAGACAGCGAAAACCGAT,0,2047388
kbpp4,0.25,3,3,CGGAACCATTACCACGTCGG,0,2042446
kbpp4,0.25,3,3,CGGAAACCCGGTAGTGATCA,0,2049813
kbpp4,0.25,3,3,CGCTGTTGACCACCATCGTG,0,2055733
kbpp4,0.25,3,3,CGCTGAGGGAACTAAGCGAG,0,2036517
kbpp4,0.25,3,3,CGCGTCTGTCATTTTGGGCA,0,2030960
kbpp4,0.25,3,3,CGCGGCAAGATGGGAACAGA,0,2064814
kbpp4,0.25,3,3,CGCGGAGCCCCTTAAGGAGC,0,2016965
kbpp4,0.25,3,3,CGCGGAGACGCCTGGACTAG,0,2059991
kbpp4,0.25,3,3,CGCGATTCTGCCCGGGTTCT,0,2054484
kbpp4,0.25,3,3,CGCCGACATAACATGATTTA,0,2058696
kbpp4,0.25,3,3,CGCCGACACTGACGCTGATG,0,2065156
kbpp4,0.25,3,3,CGCCCACACAGTACGTGACG,0,2050566
kbpp4,0.25,3,3,CGCCAGCAAGTTTGTTTCAT,0,2029213
kbpp4,0.25,3,3,CGCCAATCGTGCCGCGAGTG,0,2054411
kbpp4,0.25,3,3,CGCACGTTTTTGTCGTTCAT,0,2058533
kbpp4,0.25,3,3,CGCAAACACGTTACCGATCA,0,2040679
kbpp4,0.25,3,3,CGATTAACGTATAGCTCGAG,0,2017862
kbpp4,0.25,3,3,CGATGTGATCTTCGTTGCGC,0,2061802
kbpp4,0.25,3,3,CGAGTACGGTGTGCTAACCT,0,2030940
kbpp4,0.25,3,3,CGAGGGCCGGTTGCTCCAAA,0,2026038
kbpp4,0.25,3,3,CGAGGACGAGGTGGGACTCG,0,2048602
kbpp4,0.25,3,3,CGAGCCGGGCCGTTATACTG,0,2016248
kbpp4,0.25,3,3,CGACGCAGATGATAGCGCAC,0,2054941
kbpp4,0.25,3,3,CGACGCACTGCCGTTAAGCT,0,2053644
kbpp4,0.25,3,3,CGACGACAAGAGAAGAACGG,0,2025767
kbpp4,0.25,3,3,CGACCCGTCGTGGAAATAAA,0,2020541
kbpp4,0.25,3,3,CGAAGACACAACTAGAGTGT,0,2018180
kbpp4,0.25,3,3,CGAAACGCCTCCGTTGATAT,0,2068315
kbpp4,0.25,3,3,CCTTTTGAAACAGTGGACAA,0,2041523
kbpp4,0.25,3,3,CCTTGTGACTAGCAACCCCA,0,2052835
kbpp4,0.25,3,3,CCTTGCGTGAATGGGGTGTT,0,2054060
kbpp4,0.25,3,3,CCTGCTGGCGGTTTGGTCCT,0,2069092
kbpp4,0.25,3,3,CCTGATGTAACACTTGCTGA,0,2033448
kbpp4,0.25,3,3,CCTCAACGGTGATTCTGGAT,0,2065652
kbpp4,0.25,3,3,CCTAGAACGCGTGCAATAAC,0,2054779
kbpp4,0.25,3,3,CCGTTGGGTGAGGTGGTGTG,0,2068047
kbpp4,0.25,3,3,CCGTCTACTAATCGCACAGA,0,2043824
kbpp4,0.25,3,3,CCGTCGCTGAATAGAATTTT,0,2033099
kbpp4,0.25,3,3,CCGGTATGGGTTGTGTCCCA,0,2065343
kbpp4,0.25,3,3,CCGGGGGAAAAGGACTCAGC,0,2070466
kbpp4,0.25,3,3,CCGCCCCGGTGTGACAATAT,0,2023576
kbpp4,0.25,3,3,CCGCAAATTTATACGTGCTA,0,2026104
kbpp4,0.25,3,3,CCGATGTAAGGATTCACCCA,0,2073169
kbpp4,0.25,3,3,CCGAAGCACGAATCGGCGAT,0,2042199
kbpp4,0.25,3,3,CCCTGCCCACTTGGATCGGC,0,2025031
kbpp4,0.25,3,3,CCCGAGGAGTCGGCTAACAT,0,2045315
kbpp4,0.25,3,3,CCCCTTAACAGTCCCGTATG,0,2024681
kbpp4,0.25,3,3,CCCCTAGTGTGCTTACCTCG,0,2051942
kbpp4,0.25,3,3,CCCCGTGTCCGCTTGATCCA,0,2038292
kbpp4,0.25,3,3,CCCAGTTAGGCCGCGAATTT,0,2042567
kbpp4,0.25,3,3,CCCACCGCCATTTACTTCAA,0,2082490
kbpp4,0.25,3,3,CCCAAATAGAATTAACCTCA,0,2079949
kbpp4,0.25,3,3,CCATTAGTTACCTTTTCTCT,0,2061419
kbpp4,0.25,3,3,CCATGCGGGCATGTCCTCTC,0,2031857
kbpp4,0.25,3,3,CCATGAGCCACATATACCAA,0,2062303
kbpp4,0.25,3,3,CCATGACGCTGTAGAACACC,0,2059337
kbpp4,0.25,3,3,CCATCAGGGCGGGTTCGCTA,0,2057230
kbpp4,0.25,3,3,CCATATACTGTGCGTAACGG,0,2035470
kbpp4,0.25,3,3,CCAGTGATCACGCTTATCGT,0,2024250
kbpp4,0.25,3,3,CCAGTCTCGGAGCGCGAGAA,0,2078829
kbpp4,0.25,3,3,CCAGAGATCGGTAAACTTAG,0,2037459
kbpp4,0.25,3,3,CCACGCCAGGCTTCGTGCCG,0,2062862
kbpp4,0.25,3,3,CCAATCAGTCCGCATTTGTC,0,2051448
kbpp4,0.25,3,3,CCAAGACCGTGACCATTCAA,0,2056512
kbpp4,0.25,3,3,CATTTGGTCTGTCTTGCGCT,0,2077583
kbpp4,0.25,3,3,CATTCGGTGGGCCGGCGGAA,0,2039767
kbpp4,0.25,3,3,CATTAGGTTTGGGGAGGGCG,0,2061898
kbpp4,0.25,3,3,CATTAAGCCGGAAGGCGTGA,0,2070419
kbpp4,0.25,3,3,CATGTGCTCTCGAGTTAATC,0,2083564
kbpp4,0.25,3,3,CATGTATTGTGGGCTTAGGG,0,2032911
kbpp4,0.25,3,3,CATGTAGCGGGCGCCCACAG,0,2039580
kbpp4,0.25,3,3,CATGTACGGAAATTGTTCGT,0,2029368
kbpp4,0.25,3,3,CATGGCAATAAGCCAATGCA,0,2060282
kbpp4,0.25,3,3,CATGCTATGGAATCAGACGG,0,2054185
kbpp4,0.25,3,3,CATGAGACTATGAAGGGTCG,0,2059745
kbpp4,0.25,3,3,CATGAACACCTTGCCATAAG,0,2047232
kbpp4,0.25,3,3,CATCTTATGAGGGGGTGGAT,0,2023278
kbpp4,0.25,3,3,CATCCGACGGATCTAATGCT,0,2060616
kbpp4,0.25,3,3,CATCATCCTTTGAACATAGG,0,2036522
kbpp4,0.25,3,3,CATAACTGGATCTTGGCCTT,0,2053701
kbpp4,0.25,3,3,CAGTTCCATCCGCTTGTATT,0,2082675
kbpp4,0.25,3,3,CAGTCAACCGTTGCACCGCC,0,2061567
kbpp4,0.25,3,3,CAGTACTGACATTCCCCCCA,0,2046527
kbpp4,0.25,3,3,CAGGGTCCCACACAATTACC,0,2030855
kbpp4,0.25,3,3,CAGGCGCATAGCGCGAGGCT,0,2042018
kbpp4,0.25,3,3,CAGGAGGCTTATCGTGGGAG,0,2075970
kbpp4,0.25,3,3,CAGCTAGTGATAACGAGGTG,0,2054663
kbpp4,0.25,3,3,CAGCCGATACTTATCCGCGT,0,2051188
kbpp4,0.25,3,3,CAGCCACGGCATTACCGAGT,0,2028883
kbpp4,0.25,3,3,CAGCACTCTAGATTCAATTT,0,2028635
kbpp4,0.25,3,3,CAGATGAAGGACAGTCTGGC,0,2045067
kbpp4,0.25,3,3,CAGAGTACGGCCTCGAGCTT,0,2069241
kbpp4,0.25,3,3,CAGACGGTCCGTGATCTCGG,0,2061780
kbpp4,0.25,3,3,CAGAATACTCCGCGGTTACT,0,2079884
kbpp4,0.25,3,3,CACTGAGCCATCTCTGCCGT,0,2051040
kbpp4,0.25,3,3,CACTATTGTAATTCTCGGTG,0,2044418
kbpp4,0.25,3,3,CACGGGTGCGGGACCCGTCT,0,2040225
kbpp4,0.25,3,3,CACGCATCCGGGCCTTTAAT,0,2025022
kbpp4,0.25,3,3,CACCTAGGCTCACTTTCGAA,0,2046981
kbpp4,0.25,3,3,CACCAGCATTCCCGCACACG,0,2022854
kbpp4,0.25,3,3,CACATCACCGCTTTGCCCCC,0,2043009
kbpp4,0.25,3,3,CAATGTAACTTACGCTCGAC,0,2074064
kbpp4,0.25,3,3,CAATGCACGGGTTAACAATG,0,2060367
kbpp4,0.25,3,3,CAATAGAGGAAGGGGGTGTG,0,2017783
kbpp4,0.25,3,3,CAACTAGGGATGAGGTACTA,0,2022217
kbpp4,0.25,3,3,CAACGTATTAGGTGTGAGAA,0,2026540
kbpp4,0.25,3,3,ATTTTTCATAACTTGCTAAA,0,2072997
kbpp4,0.25,3,3,ATTTTGCACCCCTCAACTAC,0,2046403
kbpp4,0.25,3,3,ATTTCGAGACAACGTAGGCG,0,2031029
kbpp4,0.25,3,3,ATTTCCGATCCAACACTTGA,0,2033612
kbpp4,0.25,3,3,ATTTAGGGTTTAAAAAGTGT,0,2068036
kbpp4,0.25,3,3,ATTTACTTGCAAACTCGTTT,0,2024916
kbpp4,0.25,3,3,ATTCACTATCGGGGCAAGGT,0,2055997
kbpp4,0.25,3,3,ATTATGTTCGCCCAGCCAGT,0,2046234
kbpp4,0.25,3,3,ATTAGATGTGTCCGACGCCA,0,2042702
kbpp4,0.25,3,3,ATTACCCACGCTCTGATGGC,0,2083131
kbpp4,0.25,3,3,ATTAAACATGGTCTGGTCAG,0,2053203
kbpp4,0.25,3,3,ATGTTTCTCTTGGTTCGAAC,0,2078186
kbpp4,0.25,3,3,ATGTATGTCCCGATTAAGGG,0,2038460
kbpp4,0.25,3,3,ATGGTCCCTGTCATCAATAA,0,2062530
kbpp4,0.25,3,3,ATGGAGCTGCGGGTATTAAG,0,2067000
kbpp4,0.25,3,3,ATGCGGAGCGACCCTGAGGT,0,2065232
kbpp4,0.25,3,3,ATGCGATTAAGAATGTGATT,0,2015815
kbpp4,0.25,3,3,ATGCCTCTAAAGGCGCTGAT,0,2058955
kbpp4,0.25,3,3,ATGCCGGGAGAACAATACCT,0,2051443
kbpp4,0.25,3,3,ATGCCGAGTCTCCACCAAGC,0,2031858
kbpp4,0.25,3,3,ATGATGTCCCTTGGTTCGCC,0,2040234
kbpp4,0.25,3,3,ATGACCCGGCATGAGTCAAT,0,2065654
kbpp4,0.25,3,3,ATGACCACACGAGTCCTATT,0,2030898
kbpp4,0.25,3,3,ATGACACGTGTGCTTATGCT,0,2051074
kbpp4,0.25,3,3,ATCTTTTCGCTGCGTGTAAC,0,2014779
kbpp4,0.25,3,3,ATCTGTCAATGCCTGGTCGT,0,2059869
kbpp4,0.25,3,3,ATCTGGGTCCCCGCCGACAT,0,2053386
kbpp4,0.25,3,3,ATCTGAGCGTAACGGGTTCA,0,2067271
kbpp4,0.25,3,3,ATCTCTTACGGTATCACCTT,0,2043466
kbpp4,0.25,3,3,ATCTAGAGATATCTTGTGTG,0,2069570
kbpp4,0.25,3,3,ATCTAAAGCAACTGAGGTCA,0,2037916
kbpp4,0.25,3,3,ATCGTGCTGTTATCCATGTT,0,2074812
kbpp4,0.25,3,3,ATCGGTGACACGCGAATGAG,0,2045075
kbpp4,0.25,3,3,ATCGGTAGGTATGTCTTCTT,0,2052407
kbpp4,0.25,3,3,ATCCCTCAGGCCTAAGCATT,0,2041967
kbpp4,0.25,3,3,ATCCAGGCTGGGATTGGACT,0,2022780
kbpp4,0.25,3,3,ATCCACACGGGGACACTCAG,0,2033453
kbpp4,0.25,3,3,ATCATTGACTGAGGGTAGCT,0,2021965
kbpp4,0.25,3,3,ATCAGTTTGTGTTCAGCGAG,0,2057856
kbpp4,0.25,3,3,ATCAACATTCTTAACTAGAA,0,2075087
kbpp4,0.25,3,3,ATATTTGACTGCAGTTAAGA,0,2056845
kbpp4,0.25,3,3,ATATGCGTCCTCTAATAAGC,0,2051187
kbpp4,0.25,3,3,ATATCAGATAAGGAACCTAG,0,2028632
kbpp4,0.25,3,3,ATATAAGGGTCTCTGTGATT,0,2057833
kbpp4,0.25,3,3,ATAGGCCGCACTCCGACAAA,0,2015825
kbpp4,0.25,3,3,ATAGGCCGACAAAGGTTCAA,0,2078302
kbpp4,0.25,3,3,ATAGGCAGGGTGAGGTTCAT,0,2053138
kbpp4,0.25,3,3,ATAGGATCGACTCCGTACAT,0,2053881
kbpp4,0.25,3,3,ATACTTGGCCTGGTCGGCCG,0,2030493
kbpp4,0.25,3,3,ATACTCGGAGGGATCCTCCA,0,2040074
kbpp4,0.25,3,3,ATACGGGTATAACGAGCGGT,0,2074430
kbpp4,0.25,3,3,ATACGAAAGCGTCGTCTCCA,0,2080141
kbpp4,0.25,3,3,ATACAGGGACCAAATCACGG,0,2042416
kbpp4,0.25,3,3,ATACAGACTCCCGTACCTAA,0,2072668
kbpp4,0.25,3,3,ATACACCAGCGGACAGGGAT,0,2021910
kbpp4,0.25,3,3,ATAATCCGCAGCACATTTCG,0,2082367
kbpp4,0.25,3,3,ATAAAAGCCTCGAGCACCAA,0,2015984
kbpp4,0.25,3,3,AGTTTGTGCGGGACCCAACG,0,2060375
kbpp4,0.25,3,3,AGTTTGAGAAGCAGTGCCTA,0,2043152
kbpp4,0.25,3,3,AGTTCGGCGAGGGGACAGAA,0,2023430
kbpp4,0.25,3,3,AGTGTCGCGCTAGTCAAGGG,0,2073242
kbpp4,0.25,3,3,AGTGGACAAAATCTCCGTTA,0,2038108
kbpp4,0.25,3,3,AGTAGCTACCGTAGCGCATA,0,2020715
kbpp4,0.25,3,3,AGTACTGCTTTAGGACAACC,0,2070947
kbpp4,0.25,3,3,AGGTGTACCTCATCAGGCTT,0,2072562
kbpp4,0.25,3,3,AGGGCACGCATAAGTTGCTT,0,2048373
kbpp4,0.25,3,3,AGGGCACGAGGACACAATCC,0,2054929
kbpp4,0.25,3,3,AGGCTCTGGATTTGTTCTTC,0,2038754
kbpp4,0.25,3,3,AGGCGTAAGGACGAACAAGA,0,2044768
kbpp4,0.25,3,3,AGGCGAGTTCCTGGGTCAGC,0,2074482
kbpp4,0.25,3,3,AGGCCCTGGCTGATCGCCAA,0,2052466
kbpp4,0.25,3,3,AGGATTGGCAGTGGGGATTT,0,2063717
kbpp4,0.25,3,3,AGGATCTGGTAAACATCATA,0,2018558
kbpp4,0.25,3,3,AGGAGGTGTACTTACTCAAG,0,2048781
kbpp4,0.25,3,3,AGGAGCCTCAGCTGCGTTCT,0,2043004
kbpp4,0.25,3,3,AGGACACGCGCACGCCACAA,0,2070253
kbpp4,0.25,3,3,AGGAAACCTTTAGCAAGAGC,0,2018095
kbpp4,0.25,3,3,AGCGGAGAGATCTCCAGCTT,0,2049861
kbpp4,0.25,3,3,AGCGCTTAGTCTCGATCGTC,0,2037758
kbpp4,0.25,3,3,AGCCTACTGTTGGGCAAGAA,0,2016041
kbpp4,0.25,3,3,AGCATAGCTCTAACCTCCAG,0,2049595
kbpp4,0.25,3,3,AGCAGTCTCAGGGGACAATA,0,2016192
kbpp4,0.25,3,3,AGCAGGCAGGAGTGCCAAGA,0,2026125
kbpp4,0.25,3,3,AGCACATTATAGAGCGGCGT,0,2071758
kbpp4,0.25,3,3,AGCAAGAGGGATTTTGACAG,0,2063060
kbpp4,0.25,3,3,AGAGTGTACTTGCCCGTATT,0,2080824
kbpp4,0.25,3,3,AGAGACGCAAACGTTAGTAG,0,2025270
kbpp4,0.25,3,3,AGAATGCGCAGCGGACCTTC,0,2035737
kbpp4,0.25,3,3,AGAATATCCCACCTCCGTGT,0,2056689
kbpp4,0.25,3,3,AGAAGTGTAAGTCTTTAGAG,0,2019018
kbpp4,0.25,3,3,AGAAGTACGCAACGACCGCA,0,2084698
kbpp4,0.25,3,3,AGAACTGGGTTGCCGTGACC,0,2060939
kbpp4,0.25,3,3,ACTTTTTTCCATCGTTCGTA,0,2041314
kbpp4,0.25,3,3,ACTTTATATCACATGTAGCT,0,2041847
kbpp4,0.25,3,3,ACTTAGGTCTGCAATGTCAA,0,2017186
kbpp4,0.25,3,3,ACTGGAGCGGAGTCAATTAC,0,2033779
kbpp4,0.25,3,3,ACTGGAACTACCAGAGAGCA,0,2018706
kbpp4,0.25,3,3,ACTGCCTTTTCGATGCAAAA,0,2018588
kbpp4,0.25,3,3,ACTCTTGTTCATGGCGAGAG,0,2066928
kbpp4,0.25,3,3,ACTCGAATGGGGTATGCGCG,0,2025921
kbpp4,0.25,3,3,ACTATCGGCTTGGCAACTAT,0,2063209
kbpp4,0.25,3,3,ACTATAGACCCCGCACATGT,0,2042592
kbpp4,0.25,3,3,ACTAACCTTGTAATACATAT,0,2064390
kbpp4,0.25,3,3,ACGTTAGTTTGGCTATCAGT,0,2060257
kbpp4,0.25,3,3,ACGTTAGCTATCGGGCGATC,0,2019938
kbpp4,0.25,3,3,ACGTGAGGAGAGTCAATATT,0,2045439
kbpp4,0.25,3,3,ACGTGAAATGGGCGGCAGGC,0,2040703
kbpp4,0.25,3,3,ACGGTATAAGAGACTGCGAA,0,2035566
kbpp4,0.25,3,3,ACGGTAAAGTCCGGGTTCGG,0,2019140
kbpp4,0.25,3,3,ACGGGATACTCTTCTACAAG,0,2081001
kbpp4,0.25,3,3,ACGGCTGGAGTTCTCTGCGT,0,2060865
kbpp4,0.25,3,3,ACGGCGGCCTCGCTGATCAT,0,2045710
kbpp4,0.25,3,3,ACGGATCAGTTCACAGTCTA,0,2076341
kbpp4,0.25,3,3,ACGGAAGAACCCCATCGAAA,0,2077897
kbpp4,0.25,3,3,ACGCTAGCCCAGCTCGTGAG,0,2016745
kbpp4,0.25,3,3,ACGCCTTTAAAGTTGTCAAC,0,2080571
kbpp4,0.25,3,3,ACGCCCAAGTGGCGGCTTGC,0,2055325
kbpp4,0.25,3,3,ACGCCACTAGCCGCGCCATA,0,2024619
kbpp4,0.25,3,3,ACGCCAAGTTTATGGGCTAC,0,2042833
kbpp4,0.25,3,3,ACGCACGCAAGGTTTAGTGG,0,2033618
kbpp4,0.25,3,3,ACGAGTTCCATCTTTTCATC,0,2043257
kbpp4,0.25,3,3,ACGAGAGCGAGGGTCTGAAC,0,2044636
kbpp4,0.25,3,3,ACGACTATCGATCAAGATGT,0,2059610
kbpp4,0.25,3,3,ACCTGTTCAGCGAGTTGCCG,0,2025204
kbpp4,0.25,3,3,ACCTGGTAGTACTTAGGCTT,0,2019785
kbpp4,0.25,3,3,ACCTATTCAGCGCACTCGGA,0,2069637
kbpp4,0.25,3,3,ACCGTGGAGAAGTCCATTGT,0,2035964
kbpp4,0.25,3,3,ACCCTTGGCTGTACTATGTA,0,2066915
kbpp4,0.25,3,3,ACCCTAGTATGACCTGTGCT,0,2046976
kbpp4,0.25,3,3,ACCCAGTTGCTTGGACATCT,0,2062872
kbpp4,0.25,3,3,ACCACTTTCATATGAGTAGA,0,2058704
kbpp4,0.25,3,3,ACCAAATCAGTAGCACCGAA,0,2035260
kbpp4,0.25,3,3,ACATACCTAGGGGTGTGTAT,0,2054052
kbpp4,0.25,3,3,ACAGACTTCGCCCTGCGGTT,0,2081192
kbpp4,0.25,3,3,ACACTAGGCCAAAAAAACCC,0,2048842
kbpp4,0.25,3,3,ACACGTTAAGGGAGATTCGG,0,2083399
kbpp4,0.25,3,3,ACACCTGGCCCGTGAGTAGA,0,2049202
kbpp4,0.25,3,3,ACAAGATTAGTCTGATTCAG,0,2069894
kbpp4,0.25,3,3,ACAAACGAAATTCGGCTCGT,0,2072022
kbpp4,0.25,3,3,AATTTTGACCCGGAAGAGTT,0,2029211
kbpp4,0.25,3,3,AATTATTGTATCAGTGTTTA,0,2055108
kbpp4,0.25,3,3,AATTAAGTTGTATCCAACCT,0,2059118
kbpp4,0.25,3,3,AATGTGGTATCTGGTCATCT,0,2059935
kbpp4,0.25,3,3,AATCGTGGGATTGTGCAACT,0,2039990
kbpp4,0.25,3,3,AATCGGACCTATCTCCCGGT,0,2030359
kbpp4,0.25,3,3,AATCCAAGCTCTCCCGCTTG,0,2084745
kbpp4,0.25,3,3,AATATATGTAACAATCGCGT,0,2020207
kbpp4,0.25,3,3,AATAGCGTTTAATATAGGGT,0,2045149
kbpp4,0.25,3,3,AATAAGGCCTCAGAGAGCCC,0,2064608
kbpp4,0.25,3,3,AATAAAGGTTCGGGGCTAAA,0,2044071
kbpp4,0.25,3,3,AAGGCTCGGAAGAGTTAAGG,0,2032283
kbpp4,0.25,3,3,AAGCGTGTGGGCTTGAGTCA,0,2069033
kbpp4,0.25,3,3,AAGCCGGTGGGGTGTAAATG,0,2036685
kbpp4,0.25,3,3,AAGAGGCGTGACGGAACTAA,0,2021617
kbpp4,0.25,3,3,AAGAGGCGAGTGGCGCCTCA,0,2051769
kbpp4,0.25,3,3,AAGACCTGTAAGCGCCCACA,0,2058752
kbpp4,0.25,3,3,AACGTTGGGTGAAAAAATCA,0,2060474
kbpp4,0.25,3,3,AACGCGCATTGCGTCGTTCC,0,2074379
kbpp4,0.25,3,3,AACGAAGTTATTTGGCGTTA,0,2060386
kbpp4,0.25,3,3,AACGAACAAAACGAGAGCAC,0,2045360
kbpp4,0.25,3,3,AACCTTAGAGCACACTGTTA,0,2072597
kbpp4,0.25,3,3,AACCGAATTCAGATGGGAAT,0,2032913
kbpp4,0.25,3,3,AACAATCAATGCCCCTCGTG,0,2018899
kbpp4,0.25,3,3,AAATGGTAATAAAGGTGAAA,0,2036978
kbpp4,0.25,3,3,AAATATACCGTTCTAGCAAT,0,2037221
kbpp4,0.25,3,3,AAAGTGATTCTACGTACTGA,0,2050460
kbpp4,0.25,3,3,AAAGGGGGGCAGTACAGTAA,0,2025727
kbpp4,0.25,3,3,AAAGGGAGTCTGCACACAGG,0,2063084
kbpp4,0.25,3,3,AAAGCCGGCCGTTGGATTCT,0,2080005
kbpp4,0.25,3,3,AAAGCACTAGATCGCGTCCG,0,2055966
kbpp4,0.25,3,3,AAAGCACAAATGCCCCCGGC,0,2064009
kbpp4,0.25,3,3,AAAGACATCTTGACAGATAT,0,2021061
kbpp4,0.25,3,3,AAACTGCAATAGGCCTGCAA,0,2034759
kbpp4,0.25,3,3,AAACCGCAGAGGGTGTTGAC,0,2030471
kbpp4,0.25,3,3,AAACCGATAATGTCGTTGGA,0,2015865
kbpp4,0.25,3,3,AAACATGAACGGTGTTTATA,0,2071886
kbpp4,0.25,3,3,AAACATCGGCCGTTTGTCTG,0,2077690
kbpp4,0.25,3,3,AAACATCCGATATTTGCATG,0,2056217
kbpp4,0.25,3,3,AAACACTTTATTTTCAGATA,0,2043888
kbpp4,0.25,3,3,AAAAGCGACTAGAATCTTTG,0,2026123
kbpp4,0.25,3,3,AAAAGACGTGCCATGTCACG,0,2052627
kbpp4,0.25,3,3,AAAACGATTTCGCTTCGTAA,0,2073856
kbpp4,0.3333333333333333,2,2,TTTTTGAGGACTGAAATCTG,0,2019489
kbpp4,0.3333333333333333,2,2,TTTTGTCGAAAACGTAACGG,0,2080436
kbpp4,0.3333333333333333,2,2,TTTTGCCTGGCATCGGCGAC,0,2068920
kbpp4,0.3333333333333333,2,2,TTTTCGGGCGCAGTAATAGA,0,2046753
kbpp4,0.3333333333333333,2,2,TTTTATAGACGTGCCCGTTT,0,2033375
kbpp4,0.3333333333333333,2,2,TTTTACGCACCATCGTTCAC,0,2061410
kbpp4,0.3333333333333333,2,2,TTTTAACACAACCTTAGGTT,0,2026291
kbpp4,0.3333333333333333,2,2,TTTGTGAATAGTTCGTGCCT,0,2084486
kbpp4,0.3333333333333333,2,2,TTTGGGTGCGTGTGTAGCCT,0,2046584
kbpp4,0.3333333333333333,2,2,TTTGCTCTATTGTAAACCAG,0,2073782
kbpp4,0.3333333333333333,2,2,TTTGATTCTCCAATGTTCTC,0,2043708
kbpp4,0.3333333333333333,2,2,TTTGAAATTTAAGTGGGGCT,0,2037425
kbpp4,0.3333333333333333,2,2,TTTCTTCGCTTCGCAATATT,0,2063213
kbpp4,0.3333333333333333,2,2,TTTCTTCGAGTATTATCACC,0,2039197
kbpp4,0.3333333333333333,2,2,TTTCTGTTATCAGTGTACGT,0,2051068
kbpp4,0.3333333333333333,2,2,TTTCCGGGTATCACACAAGA,0,2069097
kbpp4,0.3333333333333333,2,2,TTTCACGAATACGGACATGC,0,2059448
kbpp4,0.3333333333333333,2,2,TTTATGCGCCCGATGCGGAT,0,2049387
kbpp4,0.3333333333333333,2,2,TTTAGGGCGGGTCTCCGATT,0,2039626
kbpp4,0.3333333333333333,2,2,TTTACGGCAACCTGTCATAT,0,2066010
kbpp4,0.3333333333333333,2,2,TTGTGTCTGTGACAATAGAT,0,2028516
kbpp4,0.3333333333333333,2,2,TTGTGGGAGAGCATGATTAG,0,2053317
kbpp4,0.3333333333333333,2,2,TTGTCCGGCCAGGTGAGGCT,0,2061374
kbpp4,0.3333333333333333,2,2,TTGTCCGCTCGAGCATGTCG,0,2036435
kbpp4,0.3333333333333333,2,2,TTGTAAGGTTACGGACGGAG,0,2023398
kbpp4,0.3333333333333333,2,2,TTGGTTACTTAGCTGTCCGT,0,2072484
kbpp4,0.3333333333333333,2,2,TTGGTCAGCCCCTCTCCCTA,0,2053631
kbpp4,0.3333333333333333,2,2,TTGGGCTTGTGCGGTAGTGG,0,2045547
kbpp4,0.3333333333333333,2,2,TTGGCCCGATAGCTTCGATG,0,2065686
kbpp4,0.3333333333333333,2,2,TTGGCAAGCCCGGTATATTC,0,2085444
kbpp4,0.3333333333333333,2,2,TTGGAACATAAAGACTTTGA,0,2046887
kbpp4,0.3333333333333333,2,2,TTGCGTGATACGCGTCCTCT,0,2078487
kbpp4,0.3333333333333333,2,2,TTGCGGTGTACTCATCAGGA,0,2071490
kbpp4,0.3333333333333333,2,2,TTGATACCTCGAGGTGCAAG,0,2082906
kbpp4,0.3333333333333333,2,2,TTGAGGTATCCGTCGAAACT,0,2083242
kbpp4,0.3333333333333333,2,2,TTGACTCATGTAAGGGGTGT,0,2081091
kbpp4,0.3333333333333333,2,2,TTGACGTCTTCTACGGAAGG,0,2024811
kbpp4,0.3333333333333333,2,2,TTGACGCGCTAATGCGCCCC,0,2080040
kbpp4,0.3333333333333333,2,2,TTGACCACTAGGTAATATCA,0,2054187
kbpp4,0.3333333333333333,2,2,TTCTTCGCGAAGGCAGCAGC,0,2024416
kbpp4,0.3333333333333333,2,2,TTCTCGTGCCCGTTTGCTCG,0,2027209
kbpp4,0.3333333333333333,2,2,TTCTCGCTTCTGTGGTTTTT,0,2041110
kbpp4,0.3333333333333333,2,2,TTCTCCCTGAAGCTTACCCC,0,2062340
kbpp4,0.3333333333333333,2,2,TTCTACTTAAGGAGTAATAC,0,2054195
kbpp4,0.3333333333333333,2,2,TTCGTGTTCGTTGATCCTAT,0,2058120
kbpp4,0.3333333333333333,2,2,TTCGTGTAAGACCACGTTTC,0,2057186
kbpp4,0.3333333333333333,2,2,TTCGTATGTCACATCGCAAT,0,2083511
kbpp4,0.3333333333333333,2,2,TTCGGGTATGTGGTCATATC,0,2067841
kbpp4,0.3333333333333333,2,2,TTCGGGGACATCACGGAATG,0,2046982
kbpp4,0.3333333333333333,2,2,TTCGGAGCGGAGACGGTGAG,0,2051936
kbpp4,0.3333333333333333,2,2,TTCCTTAGAAGCAAGAAATA,0,2080526
kbpp4,0.3333333333333333,2,2,TTCCGCGATCCTGGGCACCA,0,2026334
kbpp4,0.3333333333333333,2,2,TTCCATGCTCAGTGGCCAGT,0,2033170
kbpp4,0.3333333333333333,2,2,TTCCAAGGAGAAGAGCTCCG,0,2021200
kbpp4,0.3333333333333333,2,2,TTCATTACATACTCAGTATT,0,2055188
kbpp4,0.3333333333333333,2,2,TTCATGTGATGTGCGATGTG,0,2041062
kbpp4,0.3333333333333333,2,2,TTCATCCGGGTCGCGTAGAG,0,2064796
kbpp4,0.3333333333333333,2,2,TTCATCCATTCAGTTTTCAA,0,2031182
kbpp4,0.3333333333333333,2,2,TTCATATTCCGGGTCGTCGG,0,2050880
kbpp4,0.3333333333333333,2,2,TTCATACGCCAGGACAATAT,0,2064290
kbpp4,0.3333333333333333,2,2,TTCACTACCTATTCTTCTAA,0,2056557
kbpp4,0.3333333333333333,2,2,TTATTCAGGCTTAGAATATA,0,2079927
kbpp4,0.3333333333333333,2,2,TTATTACGATGGGAAAGATG,0,2039401
kbpp4,0.3333333333333333,2,2,TTATTAACCGGTAGGGTAAT,0,2020168
kbpp4,0.3333333333333333,2,2,TTATCTTTCTGTCCCTCTCA,0,2044438
kbpp4,0.3333333333333333,2,2,TTATCTAAATAGTGCAGGCC,0,2080448
kbpp4,0.3333333333333333,2,2,TTATATTCCTTATAATACAT,0,2024020
kbpp4,0.3333333333333333,2,2,TTAGGTCACGAGGACCGCGT,0,2061892
kbpp4,0.3333333333333333,2,2,TTAGGGCGGCGCAATCCGTA,0,2061238
kbpp4,0.3333333333333333,2,2,TTAGAGTAAGTGGAGGATTG,0,2049473
kbpp4,0.3333333333333333,2,2,TTAGAGCTGGTCGAGATTAG,0,2053255
kbpp4,0.3333333333333333,2,2,TTACGCCTGTCGAGCCCGGG,0,2061287
kbpp4,0.3333333333333333,2,2,TTACCTAGAGTGCTGTACAA,0,2015341
kbpp4,0.3333333333333333,2,2,TTAATCCACGAGAAAAAGCT,0,2072663
kbpp4,0.3333333333333333,2,2,TTAAGGTTGGGACACAGAAA,0,2049772
kbpp4,0.3333333333333333,2,2,TTAAGGTAGAATTAGCCTAT,0,2082742
kbpp4,0.3333333333333333,2,2,TTAAGCTGAAACTATATCAA,0,2044361
kbpp4,0.3333333333333333,2,2,TTAAGAGGAGCGTCTTCAAA,0,2037348
kbpp4,0.3333333333333333,2,2,TTAACAAACTTCCCGATTCA,0,2083279
kbpp4,0.3333333333333333,2,2,TTAAATTACGACGAATCGCA,0,2082530
kbpp4,0.3333333333333333,2,2,TGTTTGCCCGCTCTAAAGAT,0,2049786
kbpp4,0.3333333333333333,2,2,TGTTCTCCCGCATTTCTACT,0,2022489
kbpp4,0.3333333333333333,2,2,TGTTCGAAGGCAGAGGCAGG,0,2019787
kbpp4,0.3333333333333333,2,2,TGTTCATGGATCCGATTGTT,0,2081409
kbpp4,0.3333333333333333,2,2,TGTTCAAAAGCATAAGGTAG,0,2018993
kbpp4,0.3333333333333333,2,2,TGTTAGCCAGAAGTAAAGGT,0,2076534
kbpp4,0.3333333333333333,2,2,TGTGTGTGCGTTCGGACTCG,0,2034420
kbpp4,0.3333333333333333,2,2,TGTGGAGCCGAAAATGCTGG,0,2032151
kbpp4,0.3333333333333333,2,2,TGTGCGGTGGCTGTCATGTG,0,2015038
kbpp4,0.3333333333333333,2,2,TGTGCCGATCACCATAGGGT,0,2074763
kbpp4,0.3333333333333333,2,2,TGTGAATGAATGCCGGGTCT,0,2064416
kbpp4,0.3333333333333333,2,2,TGTCTTCAAAATGAGGGGAT,0,2027941
kbpp4,0.3333333333333333,2,2,TGTCGGTGGCGGGTGCATGT,0,2035043
kbpp4,0.3333333333333333,2,2,TGTCGGAGGTTCCACACGGG,0,2080784
kbpp4,0.3333333333333333,2,2,TGTCGCCCGTAATGAGCGTC,0,2056482
kbpp4,0.3333333333333333,2,2,TGTCCTGTGCCGTATACGTA,0,2048647
kbpp4,0.3333333333333333,2,2,TGTCATAATACAGGTCAGTA,0,2081687
kbpp4,0.3333333333333333,2,2,TGTCAGCGTAATGCCAAGTA,0,2073344
kbpp4,0.3333333333333333,2,2,TGTCAACGTTAAACTTTCAA,0,2051618
kbpp4,0.3333333333333333,2,2,TGTATTCCGCCCTGCGGGTA,0,2073010
kbpp4,0.3333333333333333,2,2,TGTATGTCCCACTGATAGGT,0,2026106
kbpp4,0.3333333333333333,2,2,TGTATCGGGTTTGCACTCTC,0,2076305
kbpp4,0.3333333333333333,2,2,TGTAGGTGTCGGTATTTCTC,0,2066914
kbpp4,0.3333333333333333,2,2,TGTACAGAGATCGGCCCGAA,0,2045037
kbpp4,0.3333333333333333,2,2,TGGTGTATGACGAACCTGTG,0,2064528
kbpp4,0.3333333333333333,2,2,TGGTGGGAGGTTAGGCGGAT,0,2037994
kbpp4,0.3333333333333333,2,2,TGGTGAATCCAGGATTTCAT,0,2082942
kbpp4,0.3333333333333333,2,2,TGGTCACTTCCCTCGGTAGA,0,2021573
kbpp4,0.3333333333333333,2,2,TGGGGTGCAAGACTCAGTAA,0,2033339
kbpp4,0.3333333333333333,2,2,TGGGGTAGCACGGCATATTA,0,2036684
kbpp4,0.3333333333333333,2,2,TGGGGGTTCCTGACTACTTG,0,2068373
kbpp4,0.3333333333333333,2,2,TGGGGGCACGTCCTAGGCCG,0,2026047
kbpp4,0.3333333333333333,2,2,TGGGCGAAAAGTAGGTAAGA,0,2042131
kbpp4,0.3333333333333333,2,2,TGGCTGATTCCTTGGCTTCA,0,2053039
kbpp4,0.3333333333333333,2,2,TGGCTAGTATAAAATGCAGG,0,2021571
kbpp4,0.3333333333333333,2,2,TGGCGGTGGATGAGATTTAC,0,2018057
kbpp4,0.3333333333333333,2,2,TGGCGGCACCTTCTGGTGAT,0,2022725
kbpp4,0.3333333333333333,2,2,TGGCGACCCCCTGTGAAGTA,0,2062907
kbpp4,0.3333333333333333,2,2,TGGCCTACTGTTCCTGTGGG,0,2014952
kbpp4,0.3333333333333333,2,2,TGGCCCCGCGACTACGGTTA,0,2070939
kbpp4,0.3333333333333333,2,2,TGGCCAGCCGAACCTACGTA,0,2065012
kbpp4,0.3333333333333333,2,2,TGGCATTGATGTACACCAAA,0,2022969
kbpp4,0.3333333333333333,2,2,TGGCAACGAGCATGGCGGTC,0,2071207
kbpp4,0.3333333333333333,2,2,TGGATTGGTAAGCTAGAATA,0,2069233
kbpp4,0.3333333333333333,2,2,TGGATCTAAGCTCTGCTGGC,0,2030221
kbpp4,0.3333333333333333,2,2,TGGATATGTACTGCTTCCAC,0,2061990
kbpp4,0.3333333333333333,2,2,TGGAGCCGGAACTCATGAAT,0,2044788
kbpp4,0.3333333333333333,2,2,TGGAATTTATCCCCTAACGG,0,2050836
kbpp4,0.3333333333333333,2,2,TGGAAAGAGGGTCTTAAGGC,0,2026396
kbpp4,0.3333333333333333,2,2,TGCTTAGCGTCGAAATGCTG,0,2020422
kbpp4,0.3333333333333333,2,2,TGCTGCGTGTGAGACTGAAC,0,2048112
kbpp4,0.3333333333333333,2,2,TGCTCTCAGTGATGATGGTA,0,2061788
kbpp4,0.3333333333333333,2,2,TGCTCATGTGCTCTCAAGGC,0,2027604
kbpp4,0.3333333333333333,2,2,TGCTACTATAGGGCATATTG,0,2059895
kbpp4,0.3333333333333333,2,2,TGCGTTTTTGTCTCCGTAAG,0,2083944
kbpp4,0.3333333333333333,2,2,TGCGTTCGCATGACCATGAA,0,2037949
kbpp4,0.3333333333333333,2,2,TGCGTACACCATTGTTCGGA,0,2067767
kbpp4,0.3333333333333333,2,2,TGCGGAGCTTAATCCGGTGA,0,2057337
kbpp4,0.3333333333333333,2,2,TGCGAGCATCCGGAAAGTGC,0,2023521
kbpp4,0.3333333333333333,2,2,TGCGAATCTCCTTCGGTTGA,0,2071211
kbpp4,0.3333333333333333,2,2,TGCCCTGTCGCCTCCCGCCT,0,2068257
kbpp4,0.3333333333333333,2,2,TGCCCCAATCGGGAGCCGTT,0,2040173
kbpp4,0.3333333333333333,2,2,TGCACTGCGGCAGGGCAGAG,0,2021531
kbpp4,0.3333333333333333,2,2,TGCACGTAACACCTAAGGCT,0,2042652
kbpp4,0.3333333333333333,2,2,TGCAAGTATGCTGCTATTCT,0,2014611
kbpp4,0.3333333333333333,2,2,TGCAAAGTCCCCAATGTTAA,0,2064459
kbpp4,0.3333333333333333,2,2,TGATTCTGTCCTGGATCCGA,0,2071234
kbpp4,0.3333333333333333,2,2,TGATTATGTCCTACGCCCGA,0,2063736
kbpp4,0.3333333333333333,2,2,TGATGCTTCAGATCCTGTCA,0,2033525
kbpp4,0.3333333333333333,2,2,TGATGAACAGTAGGCCACTA,0,2049390
kbpp4,0.3333333333333333,2,2,TGATCTTGCGGTTGCCCGGT,0,2074427
kbpp4,0.3333333333333333,2,2,TGATCAAGTTAAGAGGTCCC,0,2078646
kbpp4,0.3333333333333333,2,2,TGATATAGCGGTGGGTATTG,0,2055528
kbpp4,0.3333333333333333,2,2,TGATACCTAGGCCGAGCAAT,0,2052969
kbpp4,0.3333333333333333,2,2,TGAGTACCGACCATGCACTA,0,2076681
kbpp4,0.3333333333333333,2,2,TGAGGGCTAGCCACGTAGGA,0,2015200
kbpp4,0.3333333333333333,2,2,TGAGGAGCGATGACTTCGCT,0,2047987
kbpp4,0.3333333333333333,2,2,TGAGCCTTAGTCCAGGCAAC,0,2036737
kbpp4,0.3333333333333333,2,2,TGAGCACTGGAGTAAACCAT,0,2028066
kbpp4,0.3333333333333333,2,2,TGAGCAACATTCGGCCTTAC,0,2071739
kbpp4,0.3333333333333333,2,2,TGAGAGGGCGATAAATTTGC,0,2063154
kbpp4,0.3333333333333333,2,2,TGAGAGCAGAAATGCGACCT,0,2059848
kbpp4,0.3333333333333333,2,2,TGACCCGTCAACTAGCTCAT,0,2082243
kbpp4,0.3333333333333333,2,2,TGACAAGTGCACAACAATTT,0,2057841
kbpp4,0.3333333333333333,2,2,TGAATTCTGGCTGTCAATAT,0,2080623
kbpp4,0.3333333333333333,2,2,TGAATTATTCTCATCTATGT,0,2037233
kbpp4,0.3333333333333333,2,2,TGAACGACCCTCGTGCGCTA,0,2063668
kbpp4,0.3333333333333333,2,2,TGAAACTGGTAAGCGACCGC,0,2057392
kbpp4,0.3333333333333333,2,2,TCTTTTATAGATCTATCACT,0,2037865
kbpp4,0.3333333333333333,2,2,TCTTGGAGTCACGGTGCGTA,0,2083660
kbpp4,0.3333333333333333,2,2,TCTTGAAGCGGAGACTGTGA,0,2057123
kbpp4,0.3333333333333333,2,2,TCTTCCACTGTGTTATAAAT,0,2051879
kbpp4,0.3333333333333333,2,2,TCTTATCGATAGAATTTTAG,0,2056801
kbpp4,0.3333333333333333,2,2,TCTGGTCCCGCCTGGCATTA,0,2063876
kbpp4,0.3333333333333333,2,2,TCTGCACGCCTTACGTCCAA,0,2044750
kbpp4,0.3333333333333333,2,2,TCTCTAATTTGTCCTGGGAT,0,2028478
kbpp4,0.3333333333333333,2,2,TCTCGGACTTTAATTTCAGA,0,2046676
kbpp4,0.3333333333333333,2,2,TCTCCTATCTGTCACCTTTT,0,2058088
kbpp4,0.3333333333333333,2,2,TCTCCCCAGCCAGAGGACGC,0,2035027
kbpp4,0.3333333333333333,2,2,TCTCCATCGCAGTGAATTCT,0,2056959
kbpp4,0.3333333333333333,2,2,TCTCCAATCTGGAGTGGGAC,0,2037339
kbpp4,0.3333333333333333,2,2,TCTCCAAGCGCAGCTTCTTG,0,2054519
kbpp4,0.3333333333333333,2,2,TCTATACGGTTATGTCGGTC,0,2030376
kbpp4,0.3333333333333333,2,2,TCTAGAGGTGTATTATGGGT,0,2022804
kbpp4,0.3333333333333333,2,2,TCTACTGCTTATCCGAAGGA,0,2074474
kbpp4,0.3333333333333333,2,2,TCTACTACTTTCCTGACCAG,0,2067322
kbpp4,0.3333333333333333,2,2,TCTACGAACGTCGGTCAGAA,0,2038311
kbpp4,0.3333333333333333,2,2,TCGTTTTGGCCTTTATGACT,0,2015602
kbpp4,0.3333333333333333,2,2,TCGTTTAAGTGCAGTCGAGT,0,2066118
kbpp4,0.3333333333333333,2,2,TCGTTAATCCTTTTTCGGAC,0,2075713
kbpp4,0.3333333333333333,2,2,TCGTGTACAGTCAGGGGGTT,0,2045602
kbpp4,0.3333333333333333,2,2,TCGTGAACCATAAGTCATTT,0,2061620
kbpp4,0.3333333333333333,2,2,TCGTACGTATTGAGCTAGAA,0,2058570
kbpp4,0.3333333333333333,2,2,TCGGGTTCAACTAATCACGG,0,2072435
kbpp4,0.3333333333333333,2,2,TCGGCTCAACACAATCAATA,0,2050684
kbpp4,0.3333333333333333,2,2,TCGCTCTATGCGCAGGCGGT,0,2076492
kbpp4,0.3333333333333333,2,2,TCGCTCAACGCATCCGCGGA,0,2066681
kbpp4,0.3333333333333333,2,2,TCGCGGGTGCAGTTTTTGAG,0,2049037
kbpp4,0.3333333333333333,2,2,TCGCGAGTTTCTTCAATTGC,0,2026485
kbpp4,0.3333333333333333,2,2,TCGCCCTATAAGAACGACTT,0,2022270
kbpp4,0.3333333333333333,2,2,TCGATTATTCGGAGAGACAT,0,2077347
kbpp4,0.3333333333333333,2,2,TCGATATCTAGTGACCTCCG,0,2044305
kbpp4,0.3333333333333333,2,2,TCGAGTATACGACACAGGGT,0,2037722
kbpp4,0.3333333333333333,2,2,TCCTTTCCACTCCGGTAGCG,0,2049706
kbpp4,0.3333333333333333,2,2,TCCTTCTTAGGCGGGTTCTG,0,2084719
kbpp4,0.3333333333333333,2,2,TCCTTCATGGTTGGCCTCTC,0,2080971
kbpp4,0.3333333333333333,2,2,TCCTTCAGCAATCCTGTCCA,0,2043114
kbpp4,0.3333333333333333,2,2,TCCTGGGCCATGAGTGCCGG,0,2056443
kbpp4,0.3333333333333333,2,2,TCCTGCGTGGTCACAGTGCT,0,2031464
kbpp4,0.3333333333333333,2,2,TCCTCTGTCTAGCTGACTGT,0,2079130
kbpp4,0.3333333333333333,2,2,TCCGTTGCTTGTCAAGGGCA,0,2040762
kbpp4,0.3333333333333333,2,2,TCCGGAGGATCTTACACTCA,0,2042333
kbpp4,0.3333333333333333,2,2,TCCGCAGATGCACCTCAATC,0,2027450
kbpp4,0.3333333333333333,2,2,TCCCTACTCCCCTTGTGAAA,0,2084430
kbpp4,0.3333333333333333,2,2,TCCCGGGGCGTGATGAAGCA,0,2036756
kbpp4,0.3333333333333333,2,2,TCCCCTATGTGCCCACCCGA,0,2024415
kbpp4,0.3333333333333333,2,2,TCCATTCCGTAACCCAACTG,0,2051490
kbpp4,0.3333333333333333,2,2,TCCATCGACAAAAATTTACA,0,2037783
kbpp4,0.3333333333333333,2,2,TCCAGCGGTTCAATTAATGT,0,2029487
kbpp4,0.3333333333333333,2,2,TCCAGCGAGTGCTGGCTAGA,0,2021340
kbpp4,0.3333333333333333,2,2,TCCAGAGATCGTGTCGTTTG,0,2060763
kbpp4,0.3333333333333333,2,2,TCCACCTGGCCCGCGCTATT,0,2028109
kbpp4,0.3333333333333333,2,2,TCCAAGACAATTGAGAATGA,0,2040813
kbpp4,0.3333333333333333,2,2,TCCAACGCTATCCGGACCAA,0,2033154
kbpp4,0.3333333333333333,2,2,TCCAAATGTGGGCTTGAGGA,0,2038241
kbpp4,0.3333333333333333,2,2,TCATTCTTGGTCGTTGCTAC,0,2053248
kbpp4,0.3333333333333333,2,2,TCATTATAACTCTTGGGAGC,0,2080760
kbpp4,0.3333333333333333,2,2,TCATCTACGTCAAGTTGTCT,0,2084143
kbpp4,0.3333333333333333,2,2,TCATCGCTCTAGCTAAGGCG,0,2062685
kbpp4,0.3333333333333333,2,2,TCAGTCGCCGGTTGTGACTC,0,2059639
kbpp4,0.3333333333333333,2,2,TCAGGTAATCAAGGGGGTAC,0,2067089
kbpp4,0.3333333333333333,2,2,TCAGCGGCGACAACCTACGT,0,2073688
kbpp4,0.3333333333333333,2,2,TCAGCCATTAGTGCCCGCTC,0,2077907
kbpp4,0.3333333333333333,2,2,TCAGCAGACAGCGAGCAAAA,0,2079191
kbpp4,0.3333333333333333,2,2,TCAGCAATAATGCTACCGAG,0,2031520
kbpp4,0.3333333333333333,2,2,TCAGAATGGCTAGACTTTCC,0,2073239
kbpp4,0.3333333333333333,2,2,TCACGACATTATGTCGTTGC,0,2027996
kbpp4,0.3333333333333333,2,2,TCACCTGGTGGAAGTGCCTA,0,2038722
kbpp4,0.3333333333333333,2,2,TCACAGTACCACACATTGTT,0,2027176
kbpp4,0.3333333333333333,2,2,TCAAGTGATGTGCACCCTCA,0,2026428
kbpp4,0.3333333333333333,2,2,TCAAATTAGTCAATGACTGC,0,2059456
kbpp4,0.3333333333333333,2,2,TATTTTATATAGCAGAATCT,0,2076701
kbpp4,0.3333333333333333,2,2,TATTTCCTTTAGGATGAGCA,0,2050768
kbpp4,0.3333333333333333,2,2,TATTGCAGATCTACGGCATA,0,2067365
kbpp4,0.3333333333333333,2,2,TATTCTCGAGAATCAAGAAT,0,2024873
kbpp4,0.3333333333333333,2,2,TATTAACATAAATCATTAAC,0,2052089
kbpp4,0.3333333333333333,2,2,TATGTCGGTGTTAGGTTCAA,0,2053945
kbpp4,0.3333333333333333,2,2,TATGGTTATGACTCAGACCG,0,2024299
kbpp4,0.3333333333333333,2,2,TATGGATAGGCCCTGTTCAC,0,2025171
kbpp4,0.3333333333333333,2,2,TATGCTGAGCTGGCATGGCT,0,2018961
kbpp4,0.3333333333333333,2,2,TATGCCGTGTAGTGTCCCGA,0,2077450
kbpp4,0.3333333333333333,2,2,TATCTCGCTTTGTCTTTTGA,0,2021577
kbpp4,0.3333333333333333,2,2,TATCCTATTCGCTCCATGGC,0,2079672
kbpp4,0.3333333333333333,2,2,TATCCGTCCAAGCTGATTTG,0,2032661
kbpp4,0.3333333333333333,2,2,TATCAGGGACAATCGAAGAA,0,2045357
kbpp4,0.3333333333333333,2,2,TATCAGCGATATGAAAATAG,0,2041541
kbpp4,0.3333333333333333,2,2,TATATCCAAAGATTCGTGAA,0,2051098
kbpp4,0.3333333333333333,2,2,TATATATCTGCTTAAGGTTG,0,2055481
kbpp4,0.3333333333333333,2,2,TATAACGCGGATCATTTATA,0,2064121
kbpp4,0.3333333333333333,2,2,TAGGTACTGTAGTGAAAACC,0,2067082
kbpp4,0.3333333333333333,2,2,TAGGGCATTACGCTTCGAAT,0,2047931
kbpp4,0.3333333333333333,2,2,TAGGGATCCGCTGTACTCGG,0,2033159
kbpp4,0.3333333333333333,2,2,TAGGCGCGACGGTACTTCGT,0,2016066
kbpp4,0.3333333333333333,2,2,TAGGCATAAGTGTATGTAAC,0,2041310
kbpp4,0.3333333333333333,2,2,TAGGATAGCGGGATAGTGTC,0,2063698
kbpp4,0.3333333333333333,2,2,TAGGAACATACTCCGCGAAA,0,2057099
kbpp4,0.3333333333333333,2,2,TAGCGCAGCAAGATCAGGTA,0,2078605
kbpp4,0.3333333333333333,2,2,TAGACGTGAATTGGGTGTCA,0,2017329
kbpp4,0.3333333333333333,2,2,TAGACGCTTTCCTGTAAGAC,0,2055493
kbpp4,0.3333333333333333,2,2,TAGAACGTCTGGTAGGAGCA,0,2071769
kbpp4,0.3333333333333333,2,2,TACTTTGAATGGAGTCCAAA,0,2084747
kbpp4,0.3333333333333333,2,2,TACTCACCTAGCAGGACGTG,0,2040171
kbpp4,0.3333333333333333,2,2,TACTATTCCAGCTAACATGA,0,2042040
kbpp4,0.3333333333333333,2,2,TACTATAGGGCTCGATCGGC,0,2025017
kbpp4,0.3333333333333333,2,2,TACTAGCTTCCGGCAACTAC,0,2014844
kbpp4,0.3333333333333333,2,2,TACGTGATACAGGTATAAAA,0,2038104
kbpp4,0.3333333333333333,2,2,TACGTCGGCTCAGTACCAGT,0,2016465
kbpp4,0.3333333333333333,2,2,TACGATGAGTGCTTGCCGAA,0,2036082
kbpp4,0.3333333333333333,2,2,TACGAGGAGTTCCAATCGCT,0,2039018
kbpp4,0.3333333333333333,2,2,TACGACATCTATTAATTCTG,0,2065251
kbpp4,0.3333333333333333,2,2,TACCGGGTTGTACATCAGTC,0,2037847
kbpp4,0.3333333333333333,2,2,TACATTTCCGCACGCGCCGG,0,2029045
kbpp4,0.3333333333333333,2,2,TACATATCTTACGTAGTAGT,0,2075291
kbpp4,0.3333333333333333,2,2,TACACTTATGTGGTAGTACA,0,2056405
kbpp4,0.3333333333333333,2,2,TACACGTGGTAGTCTAGGGA,0,2040461
kbpp4,0.3333333333333333,2,2,TACAAGCGCTTTGAGCACAA,0,2023853
kbpp4,0.3333333333333333,2,2,TAATGTTCACCTGATGATTA,0,2063054
kbpp4,0.3333333333333333,2,2,TAATGCGTCTTAGAAATGCG,0,2025348
kbpp4,0.3333333333333333,2,2,TAATCGTCCGTCAGACCCTT,0,2072488
kbpp4,0.3333333333333333,2,2,TAATCCATGCCGTACGGAGT,0,2027105
kbpp4,0.3333333333333333,2,2,TAATATGGCAACTCAGTTGA,0,2067851
kbpp4,0.3333333333333333,2,2,TAATAGGCACAGCCCCTCGG,0,2061171
kbpp4,0.3333333333333333,2,2,TAAGGAGGCCGGTCCCCTAT,0,2018301
kbpp4,0.3333333333333333,2,2,TAAGCTGACTTGGGTTGATC,0,2067960
kbpp4,0.3333333333333333,2,2,TAAGCGCCGACTAGGAATCT,0,2045967
kbpp4,0.3333333333333333,2,2,TAAGCCCTAGCCGCTCCCGA,0,2075378
kbpp4,0.3333333333333333,2,2,TAACTAGTCTGTCAAGCGTA,0,2075226
kbpp4,0.3333333333333333,2,2,TAACGGGGCTACTCCGAGTT,0,2015721
kbpp4,0.3333333333333333,2,2,TAACCTTTTAAAATCTTGGG,0,2057553
kbpp4,0.3333333333333333,2,2,TAACCTTGGTAGGGGCTCCT,0,2038755
kbpp4,0.3333333333333333,2,2,TAACATTCCACTTGTACTTC,0,2053796
kbpp4,0.3333333333333333,2,2,TAACAAGCATCAGGGGTCCA,0,2041865
kbpp4,0.3333333333333333,2,2,TAAAGACCACGACATAATTC,0,2073381
kbpp4,0.3333333333333333,2,2,TAAAGAAGCTGGTGTGGAGA,0,2067907
kbpp4,0.3333333333333333,2,2,TAAAAAACGTTACAGGAGTA,0,2042805
kbpp4,0.3333333333333333,2,2,GTTTGGGTGTATTGAGAGTG,0,2021051
kbpp4,0.3333333333333333,2,2,GTTTGATGTAAGTCATCTAA,0,2074306
kbpp4,0.3333333333333333,2,2,GTTGGTTCTTGCCTCTTAGA,0,2076743
kbpp4,0.3333333333333333,2,2,GTTGGTGCTCACGCAACGTC,0,2072866
kbpp4,0.3333333333333333,2,2,GTTGGGTTCGCACTGCCCAG,0,2054826
kbpp4,0.3333333333333333,2,2,GTTGGGTTAATGAGCCCATT,0,2081388
kbpp4,0.3333333333333333,2,2,GTTGCGTCCATACCTGACGA,0,2038995
kbpp4,0.3333333333333333,2,2,GTTGCCTGCTCTCTTTCATA,0,2022231
kbpp4,0.3333333333333333,2,2,GTTCTACTACAGCGTCTGAC,0,2023834
kbpp4,0.3333333333333333,2,2,GTTCCGGATGGGACGGGTTC,0,2021980
kbpp4,0.3333333333333333,2,2,GTTCCATAGAGACGCAGCAT,0,2041089
kbpp4,0.3333333333333333,2,2,GTTCAGTCTGACGGTAAAAG,0,2028298
kbpp4,0.3333333333333333,2,2,GTTCAACCTCAAACTTTGTC,0,2033373
kbpp4,0.3333333333333333,2,2,GTTATTCAGAGTAACTAGGT,0,2016311
kbpp4,0.3333333333333333,2,2,GTTAGTTTGATAAAAGCTCT,0,2055453
kbpp4,0.3333333333333333,2,2,GTTACCTGCATATACCCGCA,0,2022024
kbpp4,0.3333333333333333,2,2,GTTACCGGACCGGTACGCCA,0,2026616
kbpp4,0.3333333333333333,2,2,GTTACCAACGCCTACGGGAC,0,2066978
kbpp4,0.3333333333333333,2,2,GTTAAAGCAACGGGTTACTA,0,2022422
kbpp4,0.3333333333333333,2,2,GTGTGTTACTGGGCTTTTGC,0,2043992
kbpp4,0.3333333333333333,2,2,GTGTGTGGGGGAGAATAAAC,0,2066278
kbpp4,0.3333333333333333,2,2,GTGTGCCCATGTCTTTGGGG,0,2061786
kbpp4,0.3333333333333333,2,2,GTGTCTGCAGGATGCTCAAG,0,2035638
kbpp4,0.3333333333333333,2,2,GTGTCCAGAGATATGAGATC,0,2052395
kbpp4,0.3333333333333333,2,2,GTGTCAGAACGATATACAAT,0,2075598
kbpp4,0.3333333333333333,2,2,GTGTATGAACTCACCCCATC,0,2069153
kbpp4,0.3333333333333333,2,2,GTGTATCTATTTTGGGTAGA,0,2029585
kbpp4,0.3333333333333333,2,2,GTGGGTCGGGGCTGTGTGTG,0,2080745
kbpp4,0.3333333333333333,2,2,GTGGCGGACTCCGAAGTAGT,0,2026189
kbpp4,0.3333333333333333,2,2,GTGGCCGCGACGGTACCCAT,0,2037338
kbpp4,0.3333333333333333,2,2,GTGGATGACTGCCGCTCAGA,0,2078311
kbpp4,0.3333333333333333,2,2,GTGCGGTAGACTGGGCCAAT,0,2036329
kbpp4,0.3333333333333333,2,2,GTGCGCCCCTACTCCGCTTG,0,2079760
kbpp4,0.3333333333333333,2,2,GTGCCTTCCTTTGTGGCGAT,0,2032430
kbpp4,0.3333333333333333,2,2,GTGCCTCCACACGGGGAGTA,0,2040728
kbpp4,0.3333333333333333,2,2,GTGCCCTCTGGCGCACGGTG,0,2068381
kbpp4,0.3333333333333333,2,2,GTGCAGCCTGTGTGTAGCGG,0,2035296
kbpp4,0.3333333333333333,2,2,GTGCACCAATCCAGAAAATC,0,2082079
kbpp4,0.3333333333333333,2,2,GTGCAACGTGTCCCGGGTCA,0,2040081
kbpp4,0.3333333333333333,2,2,GTGATACGGTTGCATGCTCC,0,2041418
kbpp4,0.3333333333333333,2,2,GTGAGGGTTAGAAAGGGTGT,0,2029985
kbpp4,0.3333333333333333,2,2,GTGAACTCGCTCGCGTAAAG,0,2023781
kbpp4,0.3333333333333333,2,2,GTCTGTTACATTTATCACAT,0,2078205
kbpp4,0.3333333333333333,2,2,GTCTGTGTCAGCCCCCCGAC,0,2029640
kbpp4,0.3333333333333333,2,2,GTCTGCAGGCGGATGTTAGT,0,2038365
kbpp4,0.3333333333333333,2,2,GTCTCCTGCGTAAAAGCGAT,0,2072964
kbpp4,0.3333333333333333,2,2,GTCTCACACCAATGGTGATC,0,2078164
kbpp4,0.3333333333333333,2,2,GTCTAAGGATAGGATTAAGG,0,2046011
kbpp4,0.3333333333333333,2,2,GTCGTGTAGAGAGCGGGGTG,0,2065889
kbpp4,0.3333333333333333,2,2,GTCGTGCTCAAAGTGTTCTA,0,2079039
kbpp4,0.3333333333333333,2,2,GTCGCGTGTCGGTCATCTGT,0,2018655
kbpp4,0.3333333333333333,2,2,GTCGACCGGAGTTTGTTGAG,0,2063460
kbpp4,0.3333333333333333,2,2,GTCCTCCCGCCGGTAGCATG,0,2029002
kbpp4,0.3333333333333333,2,2,GTCCGTGGTAGCATCTCCCC,0,2025665
kbpp4,0.3333333333333333,2,2,GTCCGGACTTCGGTAGCGTT,0,2017343
kbpp4,0.3333333333333333,2,2,GTCCAAATAGGAGTGCGAAT,0,2018844
kbpp4,0.3333333333333333,2,2,GTCATCACTCCTACCAGTAA,0,2068707
kbpp4,0.3333333333333333,2,2,GTCAGTGCGTCTTCGTTGCT,0,2053327
kbpp4,0.3333333333333333,2,2,GTATTTTAAGTAGCCTGATA,0,2030088
kbpp4,0.3333333333333333,2,2,GTATTACCAGTGGCCAGCCT,0,2084664
kbpp4,0.3333333333333333,2,2,GTATGTGGGCTGAGATAGTA,0,2069630
kbpp4,0.3333333333333333,2,2,GTATGTAACTACTGCATGAA,0,2039586
kbpp4,0.3333333333333333,2,2,GTATGGCGTAATGGAGGCTT,0,2048371
kbpp4,0.3333333333333333,2,2,GTATGGCCAAAAAGTTGCCC,0,2037762
kbpp4,0.3333333333333333,2,2,GTATGCGCGACAGGTCGGTC,0,2054806
kbpp4,0.3333333333333333,2,2,GTATGCCTTAAGCCTCCTTA,0,2058118
kbpp4,0.3333333333333333,2,2,GTATCCTCTAGTCTTTCTTA,0,2041272
kbpp4,0.3333333333333333,2,2,GTATCACTAGGAGGAATAAA,0,2041377
kbpp4,0.3333333333333333,2,2,GTATATAGTACGCCTGAGAT,0,2069296
kbpp4,0.3333333333333333,2,2,GTATAGTCCATTACTATCGT,0,2083342
kbpp4,0.3333333333333333,2,2,GTATAGAGGCATGCAAAACT,0,2060605
kbpp4,0.3333333333333333,2,2,GTAGTGGTCAACGATGTCCT,0,2032679
kbpp4,0.3333333333333333,2,2,GTAGCGGTCAAAATACGTGT,0,2044162
kbpp4,0.3333333333333333,2,2,GTAGATTCAATTCTGGTACG,0,2044000
kbpp4,0.3333333333333333,2,2,GTAGAGATGGAACAGATTTC,0,2061844
kbpp4,0.3333333333333333,2,2,GTAGAAGATAAAGTTAGCTA,0,2031942
kbpp4,0.3333333333333333,2,2,GTACTGGCTAACTTGTTTTT,0,2081710
kbpp4,0.3333333333333333,2,2,GTACGGTAAACGTTGCCTAA,0,2040830
kbpp4,0.3333333333333333,2,2,GTACGCTGGCCTCGCTTATA,0,2020222
kbpp4,0.3333333333333333,2,2,GTACGCCACGTGTGTAGTCG,0,2027598
kbpp4,0.3333333333333333,2,2,GTACGCAGCTTCGCCACAAT,0,2053041
kbpp4,0.3333333333333333,2,2,GTACCTTTGAACAGCATTCC,0,2047742
kbpp4,0.3333333333333333,2,2,GTACCATTGTCCCTGCGCTT,0,2048212
kbpp4,0.3333333333333333,2,2,GTACCAGCTCCTGATGACTC,0,2048502
kbpp4,0.3333333333333333,2,2,GTACACCGGCATTTAGTCGA,0,2080985
kbpp4,0.3333333333333333,2,2,GTAATTCCGTACGACGATTA,0,2051312
kbpp4,0.3333333333333333,2,2,GTAATCGAACAAAATTACAA,0,2064247
kbpp4,0.3333333333333333,2,2,GTAACTACAGGCAAAGTAGG,0,2034954
kbpp4,0.3333333333333333,2,2,GTAACCCGGACGACTGAACG,0,2019610
kbpp4,0.3333333333333333,2,2,GTAAAAGGCTCGGAAGGCAT,0,2066019
kbpp4,0.3333333333333333,2,2,GGTTGGGTTTCCTAGAGTTT,0,2019307
kbpp4,0.3333333333333333,2,2,GGTTCAGGTTAGCTTAAGGT,0,2028823
kbpp4,0.3333333333333333,2,2,GGTTAGAACTTCCATCACGA,0,2076409
kbpp4,0.3333333333333333,2,2,GGTTACTAGGGTGATACGTT,0,2079487
kbpp4,0.3333333333333333,2,2,GGTGTGCATGTCGGTAAAAT,0,2055697
kbpp4,0.3333333333333333,2,2,GGTGTACATAACTAACTAAG,0,2026335
kbpp4,0.3333333333333333,2,2,GGTGATTCCTTCCGTCAACC,0,2027162
kbpp4,0.3333333333333333,2,2,GGTCTGGATTTAGGGGATAG,0,2043244
kbpp4,0.3333333333333333,2,2,GGTCTCTATCCGAGCCCTTC,0,2036671
kbpp4,0.3333333333333333,2,2,GGTCGAGGTTATCTTATTCG,0,2068153
kbpp4,0.3333333333333333,2,2,GGTCGAGCCGCTATCAATCA,0,2014863
kbpp4,0.3333333333333333,2,2,GGTCCCTACCTGTCTATTAA,0,2046244
kbpp4,0.3333333333333333,2,2,GGTCCAGGTTGATCCCAAGA,0,2061318
kbpp4,0.3333333333333333,2,2,GGTCACATTCGAACTCGGAT,0,2076242
kbpp4,0.3333333333333333,2,2,GGTCAAAGACCGCAAGTTAC,0,2017776
kbpp4,0.3333333333333333,2,2,GGTATTGGTATTGATGAAGG,0,2024850
kbpp4,0.3333333333333333,2,2,GGTATCTGCGGAGCTACAGG,0,2074828
kbpp4,0.3333333333333333,2,2,GGTAGGGCTGCGACTCACGT,0,2055194
kbpp4,0.3333333333333333,2,2,GGTAGGCCTCAAGCCCGGAT,0,2021385
kbpp4,0.3333333333333333,2,2,GGTACTTTTATGGGAACGGA,0,2040729
kbpp4,0.3333333333333333,2,2,GGTACTGGACATCCTCCTAA,0,2077671
kbpp4,0.3333333333333333,2,2,GGTAAGCCCAAATCCTGCTC,0,2062007
kbpp4,0.3333333333333333,2,2,GGTAACTGAATCTGATTGTG,0,2064683
kbpp4,0.3333333333333333,2,2,GGGTTAGGGGTTTCGATCGA,0,2082432
kbpp4,0.3333333333333333,2,2,GGGTCACTTACTCTTTTTTA,0,2057727
kbpp4,0.3333333333333333,2,2,GGGTAAGCATGCAATGCGGA,0,2025578
kbpp4,0.3333333333333333,2,2,GGGGTGCATTGCCAAGTTTA,0,2035405
kbpp4,0.3333333333333333,2,2,GGGGGTCTGGTGAGCCAAAC,0,2043843
kbpp4,0.3333333333333333,2,2,GGGGGGCGCTCAAGTCAGGG,0,2053227
kbpp4,0.3333333333333333,2,2,GGGGCTTAGAATGTGTAGAG,0,2018574
kbpp4,0.3333333333333333,2,2,GGGGCTATATTCACGATCAT,0,2062884
kbpp4,0.3333333333333333,2,2,GGGCTTGGCTCTTGATAGAG,0,2066861
kbpp4,0.3333333333333333,2,2,GGGCGACTTTTCAGAGGAAA,0,2048867
kbpp4,0.3333333333333333,2,2,GGGCCACATGCCAAGTGGTA,0,2080166
kbpp4,0.3333333333333333,2,2,GGGCATGGCAATACGTTACG,0,2059948
kbpp4,0.3333333333333333,2,2,GGGCAAAAATCTGCAACGTG,0,2038417
kbpp4,0.3333333333333333,2,2,GGGATTGTTGGCTTGTGTCC,0,2075550
kbpp4,0.3333333333333333,2,2,GGGAGGGCCTGACCGGCGTT,0,2018917
kbpp4,0.3333333333333333,2,2,GGGAGAATATTTCGTCACGA,0,2078832
kbpp4,0.3333333333333333,2,2,GGGACGGTTCTCCCACCTAT,0,2037152
kbpp4,0.3333333333333333,2,2,GGGACCGACGATAAGTCCGA,0,2017949
kbpp4,0.3333333333333333,2,2,GGGACAGTTTCTGCCACTCC,0,2069640
kbpp4,0.3333333333333333,2,2,GGGAATCAAATTGACACGAC,0,2016310
kbpp4,0.3333333333333333,2,2,GGGAAACTATGCTAGTCATT,0,2029266
kbpp4,0.3333333333333333,2,2,GGCTTCAGACACAGCACGTT,0,2081803
kbpp4,0.3333333333333333,2,2,GGCTCAGTGTTGCTATGGCA,0,2067256
kbpp4,0.3333333333333333,2,2,GGCTAGAGGGCTAGTCAAAG,0,2066824
kbpp4,0.3333333333333333,2,2,GGCGGTTACTCGGCCGCTCT,0,2070041
kbpp4,0.3333333333333333,2,2,GGCGGTCAGTAGGTGACATC,0,2056983
kbpp4,0.3333333333333333,2,2,GGCGGACATAGCTTGCCGAC,0,2049155
kbpp4,0.3333333333333333,2,2,GGCGCACCGCGCAGATATGC,0,2071007
kbpp4,0.3333333333333333,2,2,GGCGCAAGTTGGTATTTTGC,0,2040635
kbpp4,0.3333333333333333,2,2,GGCGATCATAGCAGTGTAAG,0,2066741
kbpp4,0.3333333333333333,2,2,GGCGAGCCTTTCCCTTGGCA,0,2019182
kbpp4,0.3333333333333333,2,2,GGCGACGTATTGATCGCTTA,0,2060759
kbpp4,0.3333333333333333,2,2,GGCCGTCAAGCGGTTCTGGC,0,2041535
kbpp4,0.3333333333333333,2,2,GGCCAGTTCTGCGTAACAAG,0,2057609
kbpp4,0.3333333333333333,2,2,GGCCAGATCCATAATGGCAT,0,2066891
kbpp4,0.3333333333333333,2,2,GGCAAGTACTGCACGGAAGA,0,2065802
kbpp4,0.3333333333333333,2,2,GGCAACAATGAAAGCGCATC,0,2060125
kbpp4,0.3333333333333333,2,2,GGATTTTTTTTTGCTACCTA,0,2068899
kbpp4,0.3333333333333333,2,2,GGATCAGGGACAAGAGGCCT,0,2015966
kbpp4,0.3333333333333333,2,2,GGATAATGATAACCCTCATT,0,2050369
kbpp4,0.3333333333333333,2,2,GGAGTCTTCCGAAAAGCTAT,0,2062740
kbpp4,0.3333333333333333,2,2,GGAGCTTTCTAATAAGGCAT,0,2015163
kbpp4,0.3333333333333333,2,2,GGAGCGTGTAATTCACCTAT,0,2047561
kbpp4,0.3333333333333333,2,2,GGAGAACGGCATCACCAGGT,0,2057682
kbpp4,0.3333333333333333,2,2,GGACTAAGTGTAGCTTAGAC,0,2054143
kbpp4,0.3333333333333333,2,2,GGACGTCCCGTCGGTCCTCA,0,2053413
kbpp4,0.3333333333333333,2,2,GGACGCGACAACAACGCAGT,0,2081481
kbpp4,0.3333333333333333,2,2,GGACCGGGAATTCGCCTGTG,0,2019447
kbpp4,0.3333333333333333,2,2,GGACCGCGATGAGGCAGGTG,0,2021474
kbpp4,0.3333333333333333,2,2,GGACAAAATACGACCAATGA,0,2048670
kbpp4,0.3333333333333333,2,2,GGAAGTGGACTAGACGAGAC,0,2052816
kbpp4,0.3333333333333333,2,2,GGAAGCCTACGCCTCGTTGG,0,2020420
kbpp4,0.3333333333333333,2,2,GGAACTCGTTTGGAAAGCAT,0,2016709
kbpp4,0.3333333333333333,2,2,GGAAAGCGTGAGGCCGAAAT,0,2036834
kbpp4,0.3333333333333333,2,2,GGAAAACCTTCAATACCCCG,0,2065711
kbpp4,0.3333333333333333,2,2,GCTTTAGTGGGTTCACCCAC,0,2071829
kbpp4,0.3333333333333333,2,2,GCTTCCAACACTAGACTCTA,0,2022606
kbpp4,0.3333333333333333,2,2,GCTGCATAAGACATCATGAA,0,2068780
kbpp4,0.3333333333333333,2,2,GCTGATGGGTCCCTAATCAT,0,2055353
kbpp4,0.3333333333333333,2,2,GCTGAGACCAGGAGTGCGTT,0,2080277
kbpp4,0.3333333333333333,2,2,GCTGACCACAGCGGCGTATA,0,2043836
kbpp4,0.3333333333333333,2,2,GCTCTGAAGCCGTCATCTCC,0,2067411
kbpp4,0.3333333333333333,2,2,GCTCGGCCTCACGCAGCGTA,0,2050706
kbpp4,0.3333333333333333,2,2,GCTCGATAGCCAATTCGTCG,0,2066103
kbpp4,0.3333333333333333,2,2,GCTCCCCCTACTCAGACCAT,0,2041024
kbpp4,0.3333333333333333,2,2,GCTCCACTTGCGGCAGCGAG,0,2074685
kbpp4,0.3333333333333333,2,2,GCTCAGAAACGGCCGTCGTG,0,2027697
kbpp4,0.3333333333333333,2,2,GCTATACACAACGCATACTC,0,2028827
kbpp4,0.3333333333333333,2,2,GCTACTTTACGGGGCGCCCA,0,2077582
kbpp4,0.3333333333333333,2,2,GCTACTGATGTCGCTTGCAT,0,2074874
kbpp4,0.3333333333333333,2,2,GCTACATATCATCAGAGGAG,0,2028358
kbpp4,0.3333333333333333,2,2,GCTAAACGCATAGTTCTGCT,0,2083761
kbpp4,0.3333333333333333,2,2,GCGTTCCTAGATGATTGTGC,0,2057204
kbpp4,0.3333333333333333,2,2,GCGTTATGATGGCGTTCTTC,0,2025459
kbpp4,0.3333333333333333,2,2,GCGTTAGTCCCCTTGAGATT,0,2072111
kbpp4,0.3333333333333333,2,2,GCGTGAGCTATCCACCCAGA,0,2019328
kbpp4,0.3333333333333333,2,2,GCGTCCTGTACCGGGGTGGT,0,2030633
kbpp4,0.3333333333333333,2,2,GCGTCCATGTAACGATTGTA,0,2050299
kbpp4,0.3333333333333333,2,2,GCGTAGTACGGTCATTGACA,0,2027651
kbpp4,0.3333333333333333,2,2,GCGTAGGCAGGAAGGAAGTA,0,2077777
kbpp4,0.3333333333333333,2,2,GCGTAAATGCCTGCTGAGAT,0,2029975
kbpp4,0.3333333333333333,2,2,GCGGGTCAGAGGCACCTACA,0,2085630
kbpp4,0.3333333333333333,2,2,GCGGGGGGTATTACTCTGGC,0,2017670
kbpp4,0.3333333333333333,2,2,GCGGGATGAAATGGGTCGGT,0,2069276
kbpp4,0.3333333333333333,2,2,GCGGCTCACTGCGTTCATCC,0,2026682
kbpp4,0.3333333333333333,2,2,GCGGCGAAACGATACGGAAA,0,2028091
kbpp4,0.3333333333333333,2,2,GCGGACACCAAAAGTTAAAC,0,2074254
kbpp4,0.3333333333333333,2,2,GCGCTCATTTTAGCGTAAGG,0,2048094
kbpp4,0.3333333333333333,2,2,GCGCGGGGCGCCTGGTACCT,0,2020773
kbpp4,0.3333333333333333,2,2,GCGCGACAGGGCACCGCGCT,0,2065259
kbpp4,0.3333333333333333,2,2,GCGCCCCCTTAAGCAACATA,0,2031734
kbpp4,0.3333333333333333,2,2,GCGATTTTAGATTACCCCTT,0,2082193
kbpp4,0.3333333333333333,2,2,GCGAGTCCTGGTTAGAGTGA,0,2080982
kbpp4,0.3333333333333333,2,2,GCGACATAGGGCTGGGCGCT,0,2045247
kbpp4,0.3333333333333333,2,2,GCGAATTGGTTAGCTGACCA,0,2048692
kbpp4,0.3333333333333333,2,2,GCGAAGGTGTTAATGGGTAC,0,2026498
kbpp4,0.3333333333333333,2,2,GCCTGTGGTTAACGGAGACG,0,2042160
kbpp4,0.3333333333333333,2,2,GCCTGGTCCATGACGTGCGT,0,2047798
kbpp4,0.3333333333333333,2,2,GCCTGGGCACTGCGGCGAAC,0,2024315
kbpp4,0.3333333333333333,2,2,GCCTGATCCGTTGTTTTCTT,0,2029542
kbpp4,0.3333333333333333,2,2,GCCTGAAGCTTTCTCTGGCT,0,2048293
kbpp4,0.3333333333333333,2,2,GCCTCTGGTACGACAGGGTA,0,2023201
kbpp4,0.3333333333333333,2,2,GCCTCTCGTTCGAAATGCTA,0,2040432
kbpp4,0.3333333333333333,2,2,GCCTCTCAATGTTGCCACCT,0,2016153
kbpp4,0.3333333333333333,2,2,GCCTCATCGGTTCGACTGAT,0,2046978
kbpp4,0.3333333333333333,2,2,GCCTATTAATCATAAGCGTG,0,2048372
kbpp4,0.3333333333333333,2,2,GCCGTTAGATGGTCTAGTAC,0,2038020
kbpp4,0.3333333333333333,2,2,GCCGGCTTACAAAGGTAGCA,0,2033535
kbpp4,0.3333333333333333,2,2,GCCGGAGGGCATAGCGCATG,0,2034497
kbpp4,0.3333333333333333,2,2,GCCGATAGATATCCCGTTCC,0,2021347
kbpp4,0.3333333333333333,2,2,GCCCTAGGTTGGCCTAATGT,0,2070935
kbpp4,0.3333333333333333,2,2,GCCCGCATCGAGTCACGGTG,0,2036338
kbpp4,0.3333333333333333,2,2,GCCCGATCGTGGTTATATAA,0,2020324
kbpp4,0.3333333333333333,2,2,GCCCGACATCAAACTGTTTC,0,2033429
kbpp4,0.3333333333333333,2,2,GCCCCGTTAGTGTAGGTTGT,0,2021964
kbpp4,0.3333333333333333,2,2,GCCCCCACCGACTGTCCAGA,0,2018421
kbpp4,0.3333333333333333,2,2,GCCATCACAGTTTTATTAGT,0,2055184
kbpp4,0.3333333333333333,2,2,GCCATAGTTATTAATAGTAT,0,2054152
kbpp4,0.3333333333333333,2,2,GCCAGCTGCGGGAGGCAAAT,0,2062529
kbpp4,0.3333333333333333,2,2,GCCAGATGTGCTGTAGCAGA,0,2020570
kbpp4,0.3333333333333333,2,2,GCCACCCCTTATCATAATTT,0,2064735
kbpp4,0.3333333333333333,2,2,GCCAAGCGCGCATGGTCTAA,0,2035584
kbpp4,0.3333333333333333,2,2,GCATTCGCTTCCCAGTCCAT,0,2054805
kbpp4,0.3333333333333333,2,2,GCATGTTTTCATGTTTCAGC,0,2046469
kbpp4,0.3333333333333333,2,2,GCATGTTGCGGTATGTATTG,0,2035388
kbpp4,0.3333333333333333,2,2,GCATCTCCAATTTCGCGTTA,0,2080826
kbpp4,0.3333333333333333,2,2,GCATCCCGTACTCGTAGGTT,0,2039317
kbpp4,0.3333333333333333,2,2,GCATCAAACGAGATTTCTGT,0,2068923
kbpp4,0.3333333333333333,2,2,GCATATTCAAACTGCTTAAG,0,2033354
kbpp4,0.3333333333333333,2,2,GCAGTTTTCCAGTCAAGGGG,0,2025019
kbpp4,0.3333333333333333,2,2,GCAGGCAGGTGTGAGATAGC,0,2079640
kbpp4,0.3333333333333333,2,2,GCAGCCCGTCTTAGACTCCA,0,2073696
kbpp4,0.3333333333333333,2,2,GCAGATGACAGAACGACGTG,0,2031121
kbpp4,0.3333333333333333,2,2,GCAGACTTCGTTGCCCAGCA,0,2046258
kbpp4,0.3333333333333333,2,2,GCACTGCACTAATCAGCGTA,0,2045272
kbpp4,0.3333333333333333,2,2,GCACTCGGGATAAGTTCCCT,0,2080333
kbpp4,0.3333333333333333,2,2,GCACGGATTGTTTGACTATA,0,2049340
kbpp4,0.3333333333333333,2,2,GCACGCTTCTTTATAGGACA,0,2052455
kbpp4,0.3333333333333333,2,2,GCACGCAGCACAGACCGCAA,0,2063289
kbpp4,0.3333333333333333,2,2,GCACGAGATACAATTTCCAG,0,2051224
kbpp4,0.3333333333333333,2,2,GCAATCTTACATACTAAAGC,0,2060062
kbpp4,0.3333333333333333,2,2,GCAATCTAAGTTAACACAGT,0,2084247
kbpp4,0.3333333333333333,2,2,GCAAGCGGCAGATCGCTATA,0,2067817
kbpp4,0.3333333333333333,2,2,GCAACCCCGCTCAGAATGCA,0,2047440
kbpp4,0.3333333333333333,2,2,GCAAAACTCTGGAATGACGA,0,2019858
kbpp4,0.3333333333333333,2,2,GATTTCAGGCTTCCAATATA,0,2027247
kbpp4,0.3333333333333333,2,2,GATTGGCCGGGGCTCTTCAT,0,2065257
kbpp4,0.3333333333333333,2,2,GATTGACCCGGAACAACAAC,0,2031069
kbpp4,0.3333333333333333,2,2,GATTCCCATGGCGTGTTCCT,0,2075129
kbpp4,0.3333333333333333,2,2,GATTCCAGGTCATAGGCAGT,0,2037870
kbpp4,0.3333333333333333,2,2,GATTCAGCAGAAAACGGTCT,0,2085441
kbpp4,0.3333333333333333,2,2,GATTAAGGAGGCAGGTTTCG,0,2040424
kbpp4,0.3333333333333333,2,2,GATGCGAGTCCGGTAGAAAA,0,2060097
kbpp4,0.3333333333333333,2,2,GATGATACTTTGTCGCTGAG,0,2072850
kbpp4,0.3333333333333333,2,2,GATCGATTTAGTATCAACAA,0,2067752
kbpp4,0.3333333333333333,2,2,GATCCTAAGTATGTCTAAGT,0,2057681
kbpp4,0.3333333333333333,2,2,GATCCCTAGCTCTAAGGGCG,0,2082949
kbpp4,0.3333333333333333,2,2,GATCCCGGCCGGACTACGCA,0,2015206
kbpp4,0.3333333333333333,2,2,GATCAAGTTAACGGCGTTTA,0,2078961
kbpp4,0.3333333333333333,2,2,GATACAGCTATAGTTAGGTC,0,2054592
kbpp4,0.3333333333333333,2,2,GAGTTTCAACAGAGCGACAA,0,2080043
kbpp4,0.3333333333333333,2,2,GAGTTACCTCGGTCCTTTCG,0,2042528
kbpp4,0.3333333333333333,2,2,GAGTACAGAACTCTGGAGAC,0,2050070
kbpp4,0.3333333333333333,2,2,GAGGTGGTTCATCTCGTGTA,0,2062523
kbpp4,0.3333333333333333,2,2,GAGGCCATACAGCTCTGGCT,0,2066639
kbpp4,0.3333333333333333,2,2,GAGGATTTGGTGTTACATGT,0,2048807
kbpp4,0.3333333333333333,2,2,GAGGATCCGGTCTACGCTCC,0,2024182
kbpp4,0.3333333333333333,2,2,GAGGACTTGGCGAGGGCAAT,0,2063762
kbpp4,0.3333333333333333,2,2,GAGGACTCAGCTATTATTAC,0,2071647
kbpp4,0.3333333333333333,2,2,GAGCTGTGCCGTTAAAGGTC,0,2018694
kbpp4,0.3333333333333333,2,2,GAGCGTAGGGCGAGAGTTGT,0,2071021
kbpp4,0.3333333333333333,2,2,GAGCCGCTGTCAACACGAGG,0,2048757
kbpp4,0.3333333333333333,2,2,GAGCAGACGATAAATGTGTA,0,2064081
kbpp4,0.3333333333333333,2,2,GAGCAAGCCTTTCGCACGTC,0,2031793
kbpp4,0.3333333333333333,2,2,GAGATATGCGTTCCCACCTC,0,2057848
kbpp4,0.3333333333333333,2,2,GAGAGACCTCGTATGTTATG,0,2045443
kbpp4,0.3333333333333333,2,2,GAGACAAGGAGAAGCATCAA,0,2055220
kbpp4,0.3333333333333333,2,2,GACTTACGTAATGTGCTTCA,0,2069137
kbpp4,0.3333333333333333,2,2,GACTGCCACGTAAGTTCATG,0,2027634
kbpp4,0.3333333333333333,2,2,GACTATGCTTCATTTGGATG,0,2058207
kbpp4,0.3333333333333333,2,2,GACGTTTGGTCTCATGAGGA,0,2015872
kbpp4,0.3333333333333333,2,2,GACGTTCTTAAAAACTTCAT,0,2070615
kbpp4,0.3333333333333333,2,2,GACGGACCAGAGAAGTTACA,0,2083624
kbpp4,0.3333333333333333,2,2,GACGGAATAAACTCGAAGCA,0,2053561
kbpp4,0.3333333333333333,2,2,GACGCAAGGTATGCAGCCAA,0,2021559
kbpp4,0.3333333333333333,2,2,GACCGGACCCGTCAGCCGAC,0,2069258
kbpp4,0.3333333333333333,2,2,GACCGCCCAGGATACCCTGC,0,2015652
kbpp4,0.3333333333333333,2,2,GACCGAGCGAGCATGATAAC,0,2069846
kbpp4,0.3333333333333333,2,2,GACCCCGCATTGTAAATTGC,0,2048668
kbpp4,0.3333333333333333,2,2,GACCAAACTTCGATGGCCAG,0,2029457
kbpp4,0.3333333333333333,2,2,GACAGATGGTTATTCTACCA,0,2025203
kbpp4,0.3333333333333333,2,2,GACAGAAACGAGAGGATTTA,0,2033794
kbpp4,0.3333333333333333,2,2,GACACAGAAAATCAGATGCT,0,2069893
kbpp4,0.3333333333333333,2,2,GACAAGCTCCCGCATCATAA,0,2057563
kbpp4,0.3333333333333333,2,2,GAATTAGTAAGGCGGTCTCA,0,2085622
kbpp4,0.3333333333333333,2,2,GAATGCGGAAGAGAGCGTAG,0,2069523
kbpp4,0.3333333333333333,2,2,GAATGCACTTTGTTAGTATC,0,2058117
kbpp4,0.3333333333333333,2,2,GAATCAATGACTTAAAGCGA,0,2035538
kbpp4,0.3333333333333333,2,2,GAAGTTATAAAAGCTGGTGT,0,2069568
kbpp4,0.3333333333333333,2,2,GAAGTCCCAGCGGTAAAGGA,0,2065026
kbpp4,0.3333333333333333,2,2,GAAGGGTCGTAGGCATTGGA,0,2032041
kbpp4,0.3333333333333333,2,2,GAAGGGGCCAAGGCCCACCT,0,2068121
kbpp4,0.3333333333333333,2,2,GAAGCACCGCCTAGGCTCAT,0,2064967
kbpp4,0.3333333333333333,2,2,GAAGACCGATGACCATCACA,0,2032473
kbpp4,0.3333333333333333,2,2,GAACGCCAATAATAGCAGAT,0,2058759
kbpp4,0.3333333333333333,2,2,GAACCGGAGGTCCACAGGGA,0,2079047
kbpp4,0.3333333333333333,2,2,GAACCCTAGCGGGGAGTGGC,0,2038456
kbpp4,0.3333333333333333,2,2,GAACCCCGTGTAACAAATCT,0,2023340
kbpp4,0.3333333333333333,2,2,GAACATCCAATCTCGTGCTT,0,2052961
kbpp4,0.3333333333333333,2,2,GAACACGTTTTTAGTAATTT,0,2071637
kbpp4,0.3333333333333333,2,2,GAAACGAAAAAATTCGTGTG,0,2045389
kbpp4,0.3333333333333333,2,2,GAAACCTCCTGCCCAGGGCT,0,2076756
kbpp4,0.3333333333333333,2,2,GAAAAACGACACATTGTTAA,0,2057904
kbpp4,0.3333333333333333,2,2,CTTTTCTGAGGCTAACTTTA,0,2025266
kbpp4,0.3333333333333333,2,2,CTTTGTCGTTATCTTGTGTA,0,2063148
kbpp4,0.3333333333333333,2,2,CTTTGGGGCACTTTCCGTTC,0,2049158
kbpp4,0.3333333333333333,2,2,CTTTGCTGGACCCTCGTAAA,0,2021494
kbpp4,0.3333333333333333,2,2,CTTTCGGTAGAGTCCCTATC,0,2034357
kbpp4,0.3333333333333333,2,2,CTTTCGCGAAAGGCATACTC,0,2073398
kbpp4,0.3333333333333333,2,2,CTTTACGACTTATATCGGCT,0,2084101
kbpp4,0.3333333333333333,2,2,CTTTAAACCACCACTTGGTC,0,2021530
kbpp4,0.3333333333333333,2,2,CTTGTGGCGATCACACGAGA,0,2059323
kbpp4,0.3333333333333333,2,2,CTTGGTAAATGCGGATGCGA,0,2021377
kbpp4,0.3333333333333333,2,2,CTTGCTCCGGCAATCCTTAC,0,2055798
kbpp4,0.3333333333333333,2,2,CTTGCTAACTAATTTGACCA,0,2035340
kbpp4,0.3333333333333333,2,2,CTTGCGTCTGATCTATTCTG,0,2056430
kbpp4,0.3333333333333333,2,2,CTTGAGCAGATCGGCATAAG,0,2053658
kbpp4,0.3333333333333333,2,2,CTTGACGTGGAAACGGGGAG,0,2058715
kbpp4,0.3333333333333333,2,2,CTTCTTTGAGAGCCCGACGC,0,2059081
kbpp4,0.3333333333333333,2,2,CTTCTACCTCAGTGTATACA,0,2045220
kbpp4,0.3333333333333333,2,2,CTTCGAAATAGCTCGGATTA,0,2064140
kbpp4,0.3333333333333333,2,2,CTTACTCAAGGCAGGGCTGA,0,2033388
kbpp4,0.3333333333333333,2,2,CTTAATGAGCTGACCTCTTA,0,2046775
kbpp4,0.3333333333333333,2,2,CTTAAGCTGGGAGCGGGCAG,0,2034361
kbpp4,0.3333333333333333,2,2,CTGTTATGTCGGGGACGGCG,0,2076506
kbpp4,0.3333333333333333,2,2,CTGTGTTTCGGTTTCATTGT,0,2044310
kbpp4,0.3333333333333333,2,2,CTGTGTCCATATCCTTAAAC,0,2049924
kbpp4,0.3333333333333333,2,2,CTGTGTCATCGGTTCCACTA,0,2041515
kbpp4,0.3333333333333333,2,2,CTGTGATAAGCGCAGATCCA,0,2057933
kbpp4,0.3333333333333333,2,2,CTGTATTTCGGACCAAACGT,0,2022493
kbpp4,0.3333333333333333,2,2,CTGTACCGGGAACTAGGAAG,0,2067352
kbpp4,0.3333333333333333,2,2,CTGTAATTCAAGAGCGAAGT,0,2065201
kbpp4,0.3333333333333333,2,2,CTGGTATACGATTCAATTTT,0,2065438
kbpp4,0.3333333333333333,2,2,CTGGTAAGCGGGCCGTAGAG,0,2040029
kbpp4,0.3333333333333333,2,2,CTGGGTGTTGGCCCCCCTGT,0,2035315
kbpp4,0.3333333333333333,2,2,CTGGGGACACGAGTTTGTCA,0,2037989
kbpp4,0.3333333333333333,2,2,CTGGCCATAGCATCAGTAAT,0,2075211
kbpp4,0.3333333333333333,2,2,CTGGCCACTGCGATTTGTGG,0,2043579
kbpp4,0.3333333333333333,2,2,CTGGATTATACGACTGAGAC,0,2015356
kbpp4,0.3333333333333333,2,2,CTGGATAAGCGTTGTGCTCT,0,2075385
kbpp4,0.3333333333333333,2,2,CTGCTTCCCACCCCGAAATT,0,2030477
kbpp4,0.3333333333333333,2,2,CTGCTGAACTTCATCCGATC,0,2017955
kbpp4,0.3333333333333333,2,2,CTGCGTTAACTTTACCGAAA,0,2019548
kbpp4,0.3333333333333333,2,2,CTGAATTGTTACCCCATCCT,0,2029000
kbpp4,0.3333333333333333,2,2,CTCTGAACCATTGGGTCTTA,0,2050677
kbpp4,0.3333333333333333,2,2,CTCTCTCGGTGACGGGTGAG,0,2035807
kbpp4,0.3333333333333333,2,2,CTCTAACGTGAGAGTCCGCC,0,2038567
kbpp4,0.3333333333333333,2,2,CTCGTAGGATACGTTCCACA,0,2052364
kbpp4,0.3333333333333333,2,2,CTCGGGGTATCAACATCTGG,0,2064652
kbpp4,0.3333333333333333,2,2,CTCGGGATATGCCTTTTGAT,0,2075075
kbpp4,0.3333333333333333,2,2,CTCGGAATTATGTCGCGTTC,0,2043459
kbpp4,0.3333333333333333,2,2,CTCGCCTGCGTGGCGAATTA,0,2067679
kbpp4,0.3333333333333333,2,2,CTCCTCGCTATCGCTTTCAT,0,2067478
kbpp4,0.3333333333333333,2,2,CTCCGCAGCCCAGGCTTGCT,0,2026043
kbpp4,0.3333333333333333,2,2,CTCCCCGGATTACTGCCTCT,0,2041143
kbpp4,0.3333333333333333,2,2,CTCATAAACGAGGGAGACGC,0,2054200
kbpp4,0.3333333333333333,2,2,CTATGTCGGCGAGATTTCAG,0,2058754
kbpp4,0.3333333333333333,2,2,CTATCAACGAGCGTGACTTA,0,2054706
kbpp4,0.3333333333333333,2,2,CTAGTGATGCGGCTGCGTGG,0,2081496
kbpp4,0.3333333333333333,2,2,CTAGGCCTACATAGCGGCTC,0,2043710
kbpp4,0.3333333333333333,2,2,CTAGCCGTCAGTTCTCTGAG,0,2062558
kbpp4,0.3333333333333333,2,2,CTACCTTTCAGCTGTCTGGT,0,2078697
kbpp4,0.3333333333333333,2,2,CTAAGTCTGTTATCCGGGGA,0,2036885
kbpp4,0.3333333333333333,2,2,CTAACGATACGAGTGACTTC,0,2023700
kbpp4,0.3333333333333333,2,2,CTAAACTAGCGTAGTCAGAT,0,2052196
kbpp4,0.3333333333333333,2,2,CTAAACGCAATGCATTTTTG,0,2069674
kbpp4,0.3333333333333333,2,2,CGTTTCCACTTAAGCACGAG,0,2025394
kbpp4,0.3333333333333333,2,2,CGTTGTTAAACAGACGGGTC,0,2069268
kbpp4,0.3333333333333333,2,2,CGTTGTCGGGGTCACCACTT,0,2065936
kbpp4,0.3333333333333333,2,2,CGTTGCAGCTCGTACGAAAG,0,2018821
kbpp4,0.3333333333333333,2,2,CGTTGATTCTGTCCTTGTGG,0,2042123
kbpp4,0.3333333333333333,2,2,CGTTAGTCTGTCGAGTGCAG,0,2057754
kbpp4,0.3333333333333333,2,2,CGTTAATATCGGATGTTTAA,0,2082242
kbpp4,0.3333333333333333,2,2,CGTTAACTATCGTCGTTCAA,0,2045819
kbpp4,0.3333333333333333,2,2,CGTCGGCTTAGGCGCCCACG,0,2069261
kbpp4,0.3333333333333333,2,2,CGTCACACGGGTGGCCTATC,0,2077974
kbpp4,0.3333333333333333,2,2,CGTATGCTCATGTGGCGGTG,0,2021602
kbpp4,0.3333333333333333,2,2,CGTATCCTTAAATGCGTGTG,0,2083622
kbpp4,0.3333333333333333,2,2,CGTAGTATCTTAGTGTGAAT,0,2068210
kbpp4,0.3333333333333333,2,2,CGTAGATGGGATTCGGTGAA,0,2025129
kbpp4,0.3333333333333333,2,2,CGTACGAGATCTATACTCGT,0,2082968
kbpp4,0.3333333333333333,2,2,CGTAATCACGCCAGTACAGT,0,2049192
kbpp4,0.3333333333333333,2,2,CGTAAACAAATGCAAGTATT,0,2028762
kbpp4,0.3333333333333333,2,2,CGGTTCGAGAGCCTGACGGG,0,2031617
kbpp4,0.3333333333333333,2,2,CGGTGTTTTAACCCTATTTT,0,2058156
kbpp4,0.3333333333333333,2,2,CGGTCTGGTGGGACACCGAT,0,2024721
kbpp4,0.3333333333333333,2,2,CGGTCGGGCCGGGATTCTTT,0,2039060
kbpp4,0.3333333333333333,2,2,CGGTCATTACTGGACAGACA,0,2058962
kbpp4,0.3333333333333333,2,2,CGGTCACTACGGTCCAGTTG,0,2077758
kbpp4,0.3333333333333333,2,2,CGGTATTTCTAGGACAGTAT,0,2015899
kbpp4,0.3333333333333333,2,2,CGGTATAGAGAACCGCCCCT,0,2039313
kbpp4,0.3333333333333333,2,2,CGGGAGCTCTGGGCGGCAGT,0,2060597
kbpp4,0.3333333333333333,2,2,CGGGACACCGGTTTACTTCA,0,2055490
kbpp4,0.3333333333333333,2,2,CGGCTCACTGGAGTCTTTCG,0,2051573
kbpp4,0.3333333333333333,2,2,CGGCTATTAGATAGCAGCAT,0,2042916
kbpp4,0.3333333333333333,2,2,CGGCGTGTGGATGGCGTAAG,0,2020286
kbpp4,0.3333333333333333,2,2,CGGCGAGTACTCTGGTACAA,0,2073579
kbpp4,0.3333333333333333,2,2,CGGCAGGCGCGCTCTTGTTC,0,2052189
kbpp4,0.3333333333333333,2,2,CGGATTAGTGTATAGGTGCT,0,2016043
kbpp4,0.3333333333333333,2,2,CGGAGGAGGCCATAGACCCA,0,2062478
kbpp4,0.3333333333333333,2,2,CGGAGCCAACACGACTCATT,0,2069218
kbpp4,0.3333333333333333,2,2,CGGAATGCCGGATCGCCCCT,0,2082471
kbpp4,0.3333333333333333,2,2,CGGAACCTACCTCCGGTCCC,0,2030249
kbpp4,0.3333333333333333,2,2,CGCTTTCGGCGATCCACTAC,0,2022430
kbpp4,0.3333333333333333,2,2,CGCTTGCCCAGCATACCTAT,0,2055454
kbpp4,0.3333333333333333,2,2,CGCTCACCGTAACCGCAATA,0,2061394
kbpp4,0.3333333333333333,2,2,CGCTAGCGTATGTTAATCAC,0,2066053
kbpp4,0.3333333333333333,2,2,CGCGCTCTCGACCGACAAAC,0,2023050
kbpp4,0.3333333333333333,2,2,CGCCTGTGCTAGCGCGTGTA,0,2085173
kbpp4,0.3333333333333333,2,2,CGCCAATTACTCGTAGACTC,0,2036248
kbpp4,0.3333333333333333,2,2,CGCATTTCCCTGGCTATCAA,0,2041870
kbpp4,0.3333333333333333,2,2,CGCATTAGGCGGGCCGAGAT,0,2027578
kbpp4,0.3333333333333333,2,2,CGCATCGACCGGTTCGGGTG,0,2077786
kbpp4,0.3333333333333333,2,2,CGCAACGGCAATCAGTTCTC,0,2075853
kbpp4,0.3333333333333333,2,2,CGATTCGCAGGAAGGTTGAG,0,2078402
kbpp4,0.3333333333333333,2,2,CGATTAGTAATATGCGGCTT,0,2036914
kbpp4,0.3333333333333333,2,2,CGATCTCAGAGAGGTTTCGC,0,2039107
kbpp4,0.3333333333333333,2,2,CGATCGGCAAGTTACGGGGG,0,2027031
kbpp4,0.3333333333333333,2,2,CGATCCTTTAGGGGTGTAAT,0,2069260
kbpp4,0.3333333333333333,2,2,CGATCCCGGTCGGGGCGATT,0,2051962
kbpp4,0.3333333333333333,2,2,CGATACGAGATGGAACTATG,0,2072114
kbpp4,0.3333333333333333,2,2,CGATACACAGCTTTGGCGGA,0,2032928
kbpp4,0.3333333333333333,2,2,CGATAATCTAGAGCACAGCA,0,2020471
kbpp4,0.3333333333333333,2,2,CGAGTCGCCTTTGCTTACAT,0,2067859
kbpp4,0.3333333333333333,2,2,CGAGTAGATATTCTGACAGT,0,2058933
kbpp4,0.3333333333333333,2,2,CGAGCCCCCATAGTGCCAAA,0,2055315
kbpp4,0.3333333333333333,2,2,CGAGCAAGCTGAGGCGAGAA,0,2042250
kbpp4,0.3333333333333333,2,2,CGAGAGTAAGAGAGCAATGC,0,2044966
kbpp4,0.3333333333333333,2,2,CGACTAGCGATAGCTGCTAA,0,2044178
kbpp4,0.3333333333333333,2,2,CGAATGGCCAAACGTCACGG,0,2080736
kbpp4,0.3333333333333333,2,2,CGAACTGGTCTGTCGCTATC,0,2079386
kbpp4,0.3333333333333333,2,2,CGAACGTCCGAACCTTCGGT,0,2044363
kbpp4,0.3333333333333333,2,2,CCTTTCTTCCGTCCCACGCA,0,2053276
kbpp4,0.3333333333333333,2,2,CCTTCCAGAGCGTCAATGAG,0,2033085
kbpp4,0.3333333333333333,2,2,CCTTCACAGTTTAATTACAA,0,2052473
kbpp4,0.3333333333333333,2,2,CCTTAGCCTGGCATGCAGGA,0,2082204
kbpp4,0.3333333333333333,2,2,CCTGGCGCCATGAACGAACT,0,2069225
kbpp4,0.3333333333333333,2,2,CCTGGCAGGTGGACATTATT,0,2069746
kbpp4,0.3333333333333333,2,2,CCTGAATTTATATACACTAA,0,2081315
kbpp4,0.3333333333333333,2,2,CCTCGGCCGGTGGAAAATGC,0,2015979
kbpp4,0.3333333333333333,2,2,CCTCCGCGTATGACATCGCT,0,2054797
kbpp4,0.3333333333333333,2,2,CCTCCCCCGTACCGCGCCAC,0,2032749
kbpp4,0.3333333333333333,2,2,CCTCATTCACCCGTTTCATA,0,2055975
kbpp4,0.3333333333333333,2,2,CCTACCTGTGCTTCGTTGGT,0,2047793
kbpp4,0.3333333333333333,2,2,CCTACAGCATGGATCTGGGT,0,2016341
kbpp4,0.3333333333333333,2,2,CCTAAGTGCGACGTCACGGA,0,2067846
kbpp4,0.3333333333333333,2,2,CCTAAGGGGAGTCAAACTTG,0,2056824
kbpp4,0.3333333333333333,2,2,CCTAAAAGACAGGCTTTTGA,0,2080984
kbpp4,0.3333333333333333,2,2,CCGTTTCGCCCCGGGTAGCT,0,2060866
kbpp4,0.3333333333333333,2,2,CCGTTTCACTGATTCAGTGT,0,2079888
kbpp4,0.3333333333333333,2,2,CCGTCATCGGTATTCGGGCA,0,2083977
kbpp4,0.3333333333333333,2,2,CCGTAGCCCCTGTGGATCTG,0,2015065
kbpp4,0.3333333333333333,2,2,CCGGGGGGCTAGTTACTCTT,0,2042330
kbpp4,0.3333333333333333,2,2,CCGGGCCGACTTGGTCGTCG,0,2076293
kbpp4,0.3333333333333333,2,2,CCGCTGTTGCTGTCATGGGT,0,2066120
kbpp4,0.3333333333333333,2,2,CCGCTCTGGATCCAATATTT,0,2060789
kbpp4,0.3333333333333333,2,2,CCGCCGGTGGCAACCTGATT,0,2060807
kbpp4,0.3333333333333333,2,2,CCGCAGTTCAAGTGCGGCCT,0,2067750
kbpp4,0.3333333333333333,2,2,CCGCAGCCAACGAGTCACGT,0,2073668
kbpp4,0.3333333333333333,2,2,CCGAGGAGTGTCGGGCGGTG,0,2074579
kbpp4,0.3333333333333333,2,2,CCGACCCGTCGTCTCGTCTC,0,2076148
kbpp4,0.3333333333333333,2,2,CCGACACACGCGCCCTGCAT,0,2016861
kbpp4,0.3333333333333333,2,2,CCCTGCAATTACATATAGAT,0,2019809
kbpp4,0.3333333333333333,2,2,CCCTCGCTATTTAAGGACAA,0,2080782
kbpp4,0.3333333333333333,2,2,CCCTCCTCCAGGGACCAGTG,0,2074202
kbpp4,0.3333333333333333,2,2,CCCTCAAAAGAATACGGCGT,0,2035144
kbpp4,0.3333333333333333,2,2,CCCTATCTGAGGAGGCGCGG,0,2037172
kbpp4,0.3333333333333333,2,2,CCCTACTCGTCAAGGGCGCA,0,2077271
kbpp4,0.3333333333333333,2,2,CCCGTGACGCCGTCATTCGA,0,2063291
kbpp4,0.3333333333333333,2,2,CCCGTCCTAACTTACGGAAT,0,2067205
kbpp4,0.3333333333333333,2,2,CCCGCCGTCCCGTTTTTTTA,0,2026471
kbpp4,0.3333333333333333,2,2,CCCCCGCTCAAATTACCCGT,0,2027607
kbpp4,0.3333333333333333,2,2,CCCCCATTTCAGGGCCTCAC,0,2060954
kbpp4,0.3333333333333333,2,2,CCCCCAACCTCGGTTAGGCC,0,2034338
kbpp4,0.3333333333333333,2,2,CCCCATTTCCCGCTAGGCGG,0,2074217
kbpp4,0.3333333333333333,2,2,CCCACTCTGACTGCTTAAGA,0,2047950
kbpp4,0.3333333333333333,2,2,CCCACCAGCAGTCACGATAA,0,2018859
kbpp4,0.3333333333333333,2,2,CCCACAGAGCCCGGTGTATT,0,2026009
kbpp4,0.3333333333333333,2,2,CCCAACTTGACCCGGAACGC,0,2057827
kbpp4,0.3333333333333333,2,2,CCCAACGCCTAGTTGGAAGT,0,2049578
kbpp4,0.3333333333333333,2,2,CCATTTGGTGTTAATAATTC,0,2078043
kbpp4,0.3333333333333333,2,2,CCATTCCTCCGTTACTTGGA,0,2039411
kbpp4,0.3333333333333333,2,2,CCATCGGTCGCTTTACAGTT,0,2042355
kbpp4,0.3333333333333333,2,2,CCATCCTTCTGTGTTCTCCT,0,2054010
kbpp4,0.3333333333333333,2,2,CCATCCTCGGGTGTGAGTCT,0,2062044
kbpp4,0.3333333333333333,2,2,CCATCCGGGATAGACCCCTA,0,2017455
kbpp4,0.3333333333333333,2,2,CCATCAAGGTTCAGTAGCTG,0,2042168
kbpp4,0.3333333333333333,2,2,CCATATTTAAAGGAATGGAC,0,2053376
kbpp4,0.3333333333333333,2,2,CCATATACCAACCAATAATG,0,2038571
kbpp4,0.3333333333333333,2,2,CCATACCCTCGAGTCGCGAT,0,2050267
kbpp4,0.3333333333333333,2,2,CCATACCCATTCTTCCCCCA,0,2019103
kbpp4,0.3333333333333333,2,2,CCATACAGAAGACGCACTTG,0,2033240
kbpp4,0.3333333333333333,2,2,CCATAATCGATATGTCCGCT,0,2083070
kbpp4,0.3333333333333333,2,2,CCAGTTCTCCAAGGTGGTAT,0,2079681
kbpp4,0.3333333333333333,2,2,CCAGTACCGTACAACTTTTC,0,2018700
kbpp4,0.3333333333333333,2,2,CCAGGTAGACGGAAGAGTGT,0,2027286
kbpp4,0.3333333333333333,2,2,CCAGGGATATGGGATAGGCC,0,2038638
kbpp4,0.3333333333333333,2,2,CCAGGCACCGCCCCATGGTC,0,2063051
kbpp4,0.3333333333333333,2,2,CCAGACTTTCACAAGTCTTA,0,2025793
kbpp4,0.3333333333333333,2,2,CCACTCGCTCAGACGTTGTT,0,2052217
kbpp4,0.3333333333333333,2,2,CCACGATGATTCAGGCTCAG,0,2081630
kbpp4,0.3333333333333333,2,2,CCACATGAGGGAGCGTCTGT,0,2052094
kbpp4,0.3333333333333333,2,2,CCACAGATGAGTCCTGAGAG,0,2022860
kbpp4,0.3333333333333333,2,2,CCAATGTGTCTCATGACTCA,0,2032915
kbpp4,0.3333333333333333,2,2,CCAATGATGCAGCGGGCCGC,0,2084314
kbpp4,0.3333333333333333,2,2,CCAATCCATCAGAAAAGTAT,0,2028759
kbpp4,0.3333333333333333,2,2,CCAAGGGCATATGGAGTGGA,0,2051123
kbpp4,0.3333333333333333,2,2,CCAAATCTCCAGGAGTAACA,0,2034498
kbpp4,0.3333333333333333,2,2,CCAAAGGCGTTATAAGGCTT,0,2034953
kbpp4,0.3333333333333333,2,2,CCAAAGAACACTTTACGCTG,0,2050586
kbpp4,0.3333333333333333,2,2,CCAAAAAAGGGGCAACCGTT,0,2021273
kbpp4,0.3333333333333333,2,2,CATTTGGCAAGCGTCAGATT,0,2082180
kbpp4,0.3333333333333333,2,2,CATTTCTAGATGGCATTGAT,0,2080070
kbpp4,0.3333333333333333,2,2,CATTGTGTGCGAGACCAGTG,0,2073941
kbpp4,0.3333333333333333,2,2,CATTGGCCCGCTCTTCAGAG,0,2068129
kbpp4,0.3333333333333333,2,2,CATTGACTTGTCTTTCTCTT,0,2023988
kbpp4,0.3333333333333333,2,2,CATTGACATGCCGATCGGGT,0,2058310
kbpp4,0.3333333333333333,2,2,CATTCTCTTAATAGTTCTTG,0,2028976
kbpp4,0.3333333333333333,2,2,CATTCGCTTGGTTCAGTAAA,0,2068819
kbpp4,0.3333333333333333,2,2,CATTATGCCACATCTGGGGT,0,2020610
kbpp4,0.3333333333333333,2,2,CATGCGGCAGCACCCAGGAT,0,2036116
kbpp4,0.3333333333333333,2,2,CATGCAATTCGCAGGATAGC,0,2016028
kbpp4,0.3333333333333333,2,2,CATCCTGTCAACTGAATAGA,0,2036782
kbpp4,0.3333333333333333,2,2,CATCCGACTACATGCTGTGT,0,2020292
kbpp4,0.3333333333333333,2,2,CATCCAGAAGCCGGGGATAT,0,2071237
kbpp4,0.3333333333333333,2,2,CATCATAATTGTTACATCAA,0,2022332
kbpp4,0.3333333333333333,2,2,CATCAATCTCATGCTCGGTA,0,2079599
kbpp4,0.3333333333333333,2,2,CATAGATCTCGAATCCGCTT,0,2082913
kbpp4,0.3333333333333333,2,2,CATACGTGTTATGAGTAGGA,0,2052034
kbpp4,0.3333333333333333,2,2,CATAATAGAGTCAGATGACG,0,2024471
kbpp4,0.3333333333333333,2,2,CAGTTCCAAACAGGATTACT,0,2050410
kbpp4,0.3333333333333333,2,2,CAGTTACACACTCCGCTTGG,0,2042389
kbpp4,0.3333333333333333,2,2,CAGTGAGTATTTTCATCTCG,0,2074051
kbpp4,0.3333333333333333,2,2,CAGTCGCAGGATTTCTCACA,0,2042517
kbpp4,0.3333333333333333,2,2,CAGTCAACGCCATGTTTTGA,0,2020713
kbpp4,0.3333333333333333,2,2,CAGTAGTGTGCCAATTAACT,0,2032465
kbpp4,0.3333333333333333,2,2,CAGTAGGTCGTGCTGGGTGC,0,2079069
kbpp4,0.3333333333333333,2,2,CAGTAAGCGATGGTTTTATT,0,2083662
kbpp4,0.3333333333333333,2,2,CAGTAAAATAGCTAGGAAAG,0,2028931
kbpp4,0.3333333333333333,2,2,CAGGTAAGAATCTCACGCTT,0,2057094
kbpp4,0.3333333333333333,2,2,CAGGGGGGACGATATTGTCG,0,2056447
kbpp4,0.3333333333333333,2,2,CAGGGCTTCAACTCAAGTCG,0,2064288
kbpp4,0.3333333333333333,2,2,CAGGGAGACACTTACCGAAG,0,2082632
kbpp4,0.3333333333333333,2,2,CAGGCTAACGAAGTTCTCAT,0,2076704
kbpp4,0.3333333333333333,2,2,CAGGAATTACGAAAGATTGG,0,2019047
kbpp4,0.3333333333333333,2,2,CAGCTTGGAGCACTGTCATA,0,2044455
kbpp4,0.3333333333333333,2,2,CAGCTGCGTCGTTCTGGTTG,0,2017525
kbpp4,0.3333333333333333,2,2,CAGCCGTCAAACGGCAATGC,0,2046340
kbpp4,0.3333333333333333,2,2,CAGATTCGTCAGTCATCTGC,0,2040473
kbpp4,0.3333333333333333,2,2,CAGATGGTGGCTGCATTTCA,0,2054659
kbpp4,0.3333333333333333,2,2,CAGATCCCGGTTTTTTTCGC,0,2015534
kbpp4,0.3333333333333333,2,2,CAGACTTGCATCCCGTGACT,0,2058445
kbpp4,0.3333333333333333,2,2,CAGACATTGCAGACTACATT,0,2052062
kbpp4,0.3333333333333333,2,2,CAGAAGCATGGACATGTGTG,0,2078654
kbpp4,0.3333333333333333,2,2,CACTCTTAGCATATGGAGTA,0,2083629
kbpp4,0.3333333333333333,2,2,CACTCGTCGCAGCGATTAGT,0,2025511
kbpp4,0.3333333333333333,2,2,CACTCAGTCTTTCATGGAAA,0,2041123
kbpp4,0.3333333333333333,2,2,CACTATGGAAATCATCACGA,0,2067582
kbpp4,0.3333333333333333,2,2,CACTACGAGCCAGCATAAAA,0,2024120
kbpp4,0.3333333333333333,2,2,CACGGGTACGTTTTTGGAGA,0,2066987
kbpp4,0.3333333333333333,2,2,CACGGAGCATCAAGATAGGC,0,2020014
kbpp4,0.3333333333333333,2,2,CACGAAGAGAATCATTGCGG,0,2055113
kbpp4,0.3333333333333333,2,2,CACCTGCTTCAAGGTCGTCA,0,2074682
kbpp4,0.3333333333333333,2,2,CACCTGAGACGCACAATTTG,0,2063940
kbpp4,0.3333333333333333,2,2,CACCTCCCCCACGGGTGCTA,0,2084649
kbpp4,0.3333333333333333,2,2,CACCTAGACCATTCAGCCAT,0,2060440
kbpp4,0.3333333333333333,2,2,CACCGTACTCTGACTATGCA,0,2073281
kbpp4,0.3333333333333333,2,2,CACCCACTCTCTGTTCAGTA,0,2029043
kbpp4,0.3333333333333333,2,2,CACCAGCCAGACAGATCCAA,0,2035504
kbpp4,0.3333333333333333,2,2,CACCAAAGTAGTGGAGCGCG,0,2053184
kbpp4,0.3333333333333333,2,2,CACATTGGACAGGTCTCACG,0,2035152
kbpp4,0.3333333333333333,2,2,CACATGCGTTGCAGTGCCCT,0,2020671
kbpp4,0.3333333333333333,2,2,CACACTTGTGGAAACCGGGT,0,2064651
kbpp4,0.3333333333333333,2,2,CACAATATGAATTGCCACAT,0,2046349
kbpp4,0.3333333333333333,2,2,CAATTATCGGACGTCGTTTC,0,2030049
kbpp4,0.3333333333333333,2,2,CAATGGGACCGACTGCTAAC,0,2050503
kbpp4,0.3333333333333333,2,2,CAATCCTGGGTATTCGCGTC,0,2042893
kbpp4,0.3333333333333333,2,2,CAATATCCCATTGTTTCCGG,0,2024391
kbpp4,0.3333333333333333,2,2,CAAGTTGGGCTGCCCTATGC,0,2063538
kbpp4,0.3333333333333333,2,2,CAAGTTAAATATCACAATAG,0,2017017
kbpp4,0.3333333333333333,2,2,CAAGGGGTGGACAGTTTAAA,0,2034546
kbpp4,0.3333333333333333,2,2,CAAGGCAAAACTCGGCTAAT,0,2042773
kbpp4,0.3333333333333333,2,2,CAAGCTTACTCTAGAGTTTG,0,2074176
kbpp4,0.3333333333333333,2,2,CAAGCCGATTGTCACTATGT,0,2067421
kbpp4,0.3333333333333333,2,2,CAAGCAACAGGGGCACCGAT,0,2062483
kbpp4,0.3333333333333333,2,2,CAACCTATGTGCGAACCGGA,0,2031692
kbpp4,0.3333333333333333,2,2,CAACCAATCTTCTCACAACC,0,2041701
kbpp4,0.3333333333333333,2,2,CAACCAACACACTATTATTG,0,2070509
kbpp4,0.3333333333333333,2,2,CAACAGTGGTGGTGACGCTG,0,2065358
kbpp4,0.3333333333333333,2,2,CAACAAAGCGCCCTGCCTCC,0,2066023
kbpp4,0.3333333333333333,2,2,CAAAGCCAAATCTAAATACC,0,2051741
kbpp4,0.3333333333333333,2,2,CAAACCGGAGACTGTTGAGC,0,2025274
kbpp4,0.3333333333333333,2,2,ATTTTGCATAATGAGGTGAT,0,2050278
kbpp4,0.3333333333333333,2,2,ATTTGGGATAGCTACGCGCC,0,2032093
kbpp4,0.3333333333333333,2,2,ATTTGGAGGTTTCTCGTGTA,0,2073423
kbpp4,0.3333333333333333,2,2,ATTTGACTATATATCCGACT,0,2018909
kbpp4,0.3333333333333333,2,2,ATTTGACGTCCTACTTATCT,0,2063254
kbpp4,0.3333333333333333,2,2,ATTTGAATAACCACGGACGC,0,2052569
kbpp4,0.3333333333333333,2,2,ATTGTTTATGCTGGATATGG,0,2059606
kbpp4,0.3333333333333333,2,2,ATTGTTCGGCAACCCTAAGG,0,2061299
kbpp4,0.3333333333333333,2,2,ATTGGAGTGCATCGCATTGT,0,2027951
kbpp4,0.3333333333333333,2,2,ATTGGACGCTTTCGAGACAT,0,2083678
kbpp4,0.3333333333333333,2,2,ATTCTTTGCCTCAACACACG,0,2067934
kbpp4,0.3333333333333333,2,2,ATTCGCCGGCACTCGTAATA,0,2056840
kbpp4,0.3333333333333333,2,2,ATTCCGAGGAATATCAGAGC,0,2048843
kbpp4,0.3333333333333333,2,2,ATTACTCAAGTAAGGGTTCC,0,2028057
kbpp4,0.3333333333333333,2,2,ATTACCGGAACGTATGCGGT,0,2018178
kbpp4,0.3333333333333333,2,2,ATGTTCATCTTGACAGTTGC,0,2041465
kbpp4,0.3333333333333333,2,2,ATGTTAGGCGTGCGTGATGT,0,2078511
kbpp4,0.3333333333333333,2,2,ATGTGTTGGGTGCTAGGAAC,0,2065817
kbpp4,0.3333333333333333,2,2,ATGTCTTCGTAATTGCGTTG,0,2048950
kbpp4,0.3333333333333333,2,2,ATGGGCAAACCTCGTATTTG,0,2076730
kbpp4,0.3333333333333333,2,2,ATGGCTCATATCGTTTGCGA,0,2016528
kbpp4,0.3333333333333333,2,2,ATGGCGTCCACTGATCAGCG,0,2080601
kbpp4,0.3333333333333333,2,2,ATGGCGGATAACGCCGTAAT,0,2043086
kbpp4,0.3333333333333333,2,2,ATGGAGCGCTGGGGTCGCGC,0,2056409
kbpp4,0.3333333333333333,2,2,ATGGAGCAATCGCTGGTAGC,0,2073730
kbpp4,0.3333333333333333,2,2,ATGCGGTTTCATGCGTGGTG,0,2052928
kbpp4,0.3333333333333333,2,2,ATGCGCTGCTATGGTAATGC,0,2039455
kbpp4,0.3333333333333333,2,2,ATGCCGGTCTTCTTCTCTCG,0,2018136
kbpp4,0.3333333333333333,2,2,ATGCCCTCTGCAACCTTGTA,0,2059289
kbpp4,0.3333333333333333,2,2,ATGCATTACTTTCACAGTAT,0,2078338
kbpp4,0.3333333333333333,2,2,ATGCAACACATCAATGCTCC,0,2064153
kbpp4,0.3333333333333333,2,2,ATGATCAGATGAGGCTTATT,0,2079370
kbpp4,0.3333333333333333,2,2,ATGAGACCATTATCGGTTAA,0,2019464
kbpp4,0.3333333333333333,2,2,ATGAAGCTAAGTGTAGGCTT,0,2085620
kbpp4,0.3333333333333333,2,2,ATGAACACTCCGCGTGTTAA,0,2030426
kbpp4,0.3333333333333333,2,2,ATCTTCGACTACACGGACCT,0,2043631
kbpp4,0.3333333333333333,2,2,ATCTTCACGGTCACTACGTG,0,2056600
kbpp4,0.3333333333333333,2,2,ATCTGACTACGGGATATTGC,0,2047867
kbpp4,0.3333333333333333,2,2,ATCTCAACTTCTGGTCGGTC,0,2043250
kbpp4,0.3333333333333333,2,2,ATCGTTTCTGGAGTAAGGAG,0,2041982
kbpp4,0.3333333333333333,2,2,ATCGTGTTCCACTGACCGTA,0,2047741
kbpp4,0.3333333333333333,2,2,ATCGTGAAATCCTACCTAAA,0,2046842
kbpp4,0.3333333333333333,2,2,ATCGTAAGCCGAGCGAGCCC,0,2040812
kbpp4,0.3333333333333333,2,2,ATCGGGTTCGGTTGTCGCCC,0,2016461
kbpp4,0.3333333333333333,2,2,ATCGGCAAGTAAAGGGCGTA,0,2027299
kbpp4,0.3333333333333333,2,2,ATCGCCTCATCGGTAACAGT,0,2066651
kbpp4,0.3333333333333333,2,2,ATCGCATATGCTGAGGTCAT,0,2077135
kbpp4,0.3333333333333333,2,2,ATCCTAGTCCGCGTCAAAGT,0,2055977
kbpp4,0.3333333333333333,2,2,ATCCTACCATTATCAGTTCA,0,2064432
kbpp4,0.3333333333333333,2,2,ATCCGTGGCGAGACGCTGAT,0,2028606
kbpp4,0.3333333333333333,2,2,ATCCGTCTAGTGGGTGCTAA,0,2047684
kbpp4,0.3333333333333333,2,2,ATCCGGTACGGGTTATATGT,0,2055130
kbpp4,0.3333333333333333,2,2,ATCCGCCTGGCCTCGCGGGA,0,2044448
kbpp4,0.3333333333333333,2,2,ATCCGCCCAAGAATAGTCTG,0,2059033
kbpp4,0.3333333333333333,2,2,ATCCCGTCCCAATGTGATGA,0,2040340
kbpp4,0.3333333333333333,2,2,ATCCCCGCCATTAGATCTTT,0,2052449
kbpp4,0.3333333333333333,2,2,ATCAGTACCGTAAGGACCTT,0,2027831
kbpp4,0.3333333333333333,2,2,ATCAGGGATGCTCGGGGCAA,0,2038915
kbpp4,0.3333333333333333,2,2,ATCACTCATGGACGGTCATT,0,2054141
kbpp4,0.3333333333333333,2,2,ATATGGCAGAACAGTTCCGT,0,2015009
kbpp4,0.3333333333333333,2,2,ATATACATCTCCCGCTAGCG,0,2032423
kbpp4,0.3333333333333333,2,2,ATAGTTCCAGCGTGCATTCC,0,2073321
kbpp4,0.3333333333333333,2,2,ATAGTGTGTAACGGCATGAA,0,2061234
kbpp4,0.3333333333333333,2,2,ATAGTCGCGTTTGTCGGGCA,0,2040145
kbpp4,0.3333333333333333,2,2,ATAGTAGCCGCCACCGAACA,0,2049154
kbpp4,0.3333333333333333,2,2,ATAGGGGCTTATGCACCAGT,0,2045721
kbpp4,0.3333333333333333,2,2,ATAGCGGCTACAATCATAGT,0,2069087
kbpp4,0.3333333333333333,2,2,ATAGATCCGATTCTTGCGGC,0,2066111
kbpp4,0.3333333333333333,2,2,ATACGCTCGATCTAGCGACT,0,2083352
kbpp4,0.3333333333333333,2,2,ATACAGGTAGCAATAGGAGA,0,2038243
kbpp4,0.3333333333333333,2,2,ATACAGGGTAACGCATGGCG,0,2033948
kbpp4,0.3333333333333333,2,2,ATAATTGAGTGACCCGCGGA,0,2030161
kbpp4,0.3333333333333333,2,2,ATAATGTACTCGCACATTCC,0,2054608
kbpp4,0.3333333333333333,2,2,ATAATACCTGCGCTCTCTTC,0,2056834
kbpp4,0.3333333333333333,2,2,ATAAGATCTTGTAGGCTCGC,0,2077536
kbpp4,0.3333333333333333,2,2,ATAACGATTCGCGTTCCATT,0,2039949
kbpp4,0.3333333333333333,2,2,AGTTTGCGCCATATAACGAT,0,2080464
kbpp4,0.3333333333333333,2,2,AGTTGCCCGGATGGCCGCCG,0,2033772
kbpp4,0.3333333333333333,2,2,AGTTCCGTTATATCTTGTTA,0,2050108
kbpp4,0.3333333333333333,2,2,AGTTCATGCAACAAATCGTT,0,2070732
kbpp4,0.3333333333333333,2,2,AGTTAGACACCGTTCGTAGT,0,2057420
kbpp4,0.3333333333333333,2,2,AGTTAAAGCATACCCCAAAT,0,2059555
kbpp4,0.3333333333333333,2,2,AGTGTCATTGAGGTGTCTCA,0,2040229
kbpp4,0.3333333333333333,2,2,AGTGTAGTCAAGGGGTAGGC,0,2038451
kbpp4,0.3333333333333333,2,2,AGTGTACCAAAAATCACTAA,0,2018823
kbpp4,0.3333333333333333,2,2,AGTGGTACCTTTCGGGAAGG,0,2046579
kbpp4,0.3333333333333333,2,2,AGTGCTGGTGTAGTTCCGCG,0,2044991
kbpp4,0.3333333333333333,2,2,AGTGCGGGTAATCGCAACCA,0,2024972
kbpp4,0.3333333333333333,2,2,AGTGATGAGTGTCTCGGCCA,0,2023944
kbpp4,0.3333333333333333,2,2,AGTGAGATTTGTATCTTGTC,0,2044857
kbpp4,0.3333333333333333,2,2,AGTCTAACAGCCGCTCATTC,0,2034754
kbpp4,0.3333333333333333,2,2,AGTCGTGCAAGACTACGGGC,0,2039350
kbpp4,0.3333333333333333,2,2,AGTCGAAAGATACGACGGGA,0,2057935
kbpp4,0.3333333333333333,2,2,AGTCAGTTCTAGGAGAGTTT,0,2069109
kbpp4,0.3333333333333333,2,2,AGTCACAGTCAACTCACATG,0,2059203
kbpp4,0.3333333333333333,2,2,AGTCAACGCTTCCTAAGGGG,0,2076818
kbpp4,0.3333333333333333,2,2,AGTATTCTGTGTGTGGACTA,0,2027931
kbpp4,0.3333333333333333,2,2,AGTATTCGGTTCTGTTTGCG,0,2080041
kbpp4,0.3333333333333333,2,2,AGTAGTTCTCGTCGGGGAAC,0,2079947
kbpp4,0.3333333333333333,2,2,AGGTTCTGCCTATGTTACCT,0,2062978
kbpp4,0.3333333333333333,2,2,AGGTTCAGATTCGTATGCAT,0,2075612
kbpp4,0.3333333333333333,2,2,AGGTCTATGGCCAGATATCA,0,2065795
kbpp4,0.3333333333333333,2,2,AGGTCGGACATCCGTACCCA,0,2033094
kbpp4,0.3333333333333333,2,2,AGGTCCAACGCTCCAAGACG,0,2045393
kbpp4,0.3333333333333333,2,2,AGGTCAGCCAAACTCCAAAT,0,2015465
kbpp4,0.3333333333333333,2,2,AGGTCAATCCCTAGCATGGT,0,2042869
kbpp4,0.3333333333333333,2,2,AGGTCAAGGTGTCTGAACAT,0,2044186
kbpp4,0.3333333333333333,2,2,AGGGGGTGTCAGCCTAGCCC,0,2060010
kbpp4,0.3333333333333333,2,2,AGGGGAATTTCGACGAGTAT,0,2078774
kbpp4,0.3333333333333333,2,2,AGGGCGATGACTAGGGCCTT,0,2034618
kbpp4,0.3333333333333333,2,2,AGGGACTGTACATAGGGTCT,0,2044317
kbpp4,0.3333333333333333,2,2,AGGGACCCATTCTGTTCGCT,0,2062708
kbpp4,0.3333333333333333,2,2,AGGCGCGAGTATTCTGATGA,0,2025008
kbpp4,0.3333333333333333,2,2,AGGCCGATCTCCGGGCGGAT,0,2054387
kbpp4,0.3333333333333333,2,2,AGGCCCATTCGGCCTCCGCC,0,2032385
kbpp4,0.3333333333333333,2,2,AGGCACCGCACACAGAGGCC,0,2053933
kbpp4,0.3333333333333333,2,2,AGGATTCTATACTCGTGTAG,0,2021876
kbpp4,0.3333333333333333,2,2,AGGAATGCAACTTGCGATTA,0,2028934
kbpp4,0.3333333333333333,2,2,AGCTCTTTCTAACGTCGGCC,0,2050724
kbpp4,0.3333333333333333,2,2,AGCTATTCTACGGTTTTAAT,0,2042555
kbpp4,0.3333333333333333,2,2,AGCTACTTTGTAGAATCTCA,0,2031541
kbpp4,0.3333333333333333,2,2,AGCTACGTTAGGGAAACCAT,0,2067980
kbpp4,0.3333333333333333,2,2,AGCGGTATCCCCCGGGCACT,0,2074915
kbpp4,0.3333333333333333,2,2,AGCGGGTGACAATAAAGTTG,0,2075723
kbpp4,0.3333333333333333,2,2,AGCGGGTATGTCTAGCTGTG,0,2082078
kbpp4,0.3333333333333333,2,2,AGCGAAGGCCAGCATCAGGT,0,2022203
kbpp4,0.3333333333333333,2,2,AGCCTGCATATCTCTCCTTC,0,2019527
kbpp4,0.3333333333333333,2,2,AGCCGGAACTCGGAGCTCAC,0,2019664
kbpp4,0.3333333333333333,2,2,AGCCGACGCTTTACGTCCGT,0,2055595
kbpp4,0.3333333333333333,2,2,AGCCCTCAGTGCTCAGGTCG,0,2047872
kbpp4,0.3333333333333333,2,2,AGCCACTAGCGTAATTAGTA,0,2015969
kbpp4,0.3333333333333333,2,2,AGCATGGGTTTGACGGCTAC,0,2065086
kbpp4,0.3333333333333333,2,2,AGCATAGTGCACGGCAGGGT,0,2016354
kbpp4,0.3333333333333333,2,2,AGCACACTTCCTTAGGAGCG,0,2015858
kbpp4,0.3333333333333333,2,2,AGCAAGATCATTCCCGTAAT,0,2066363
kbpp4,0.3333333333333333,2,2,AGCAACACCATTCACTTGGA,0,2038491
kbpp4,0.3333333333333333,2,2,AGCAAATATGAAACGGTACG,0,2022650
kbpp4,0.3333333333333333,2,2,AGATTGTGTACACTAATCCT,0,2040156
kbpp4,0.3333333333333333,2,2,AGATTGCCTCACACACTGGT,0,2056039
kbpp4,0.3333333333333333,2,2,AGATTCTGTGGGCTAGCTTA,0,2031528
kbpp4,0.3333333333333333,2,2,AGATGCTATAGCCGGAATCG,0,2074235
kbpp4,0.3333333333333333,2,2,AGATATGGTGACGGACGTGT,0,2055055
kbpp4,0.3333333333333333,2,2,AGAGTTTTTGCTACAGAGAA,0,2052921
kbpp4,0.3333333333333333,2,2,AGAGGTGAGGGTTTGCAATG,0,2064212
kbpp4,0.3333333333333333,2,2,AGAGCTGGGGAGGTGCCAGA,0,2018749
kbpp4,0.3333333333333333,2,2,AGAGCGATTAATCAGAAGGT,0,2022207
kbpp4,0.3333333333333333,2,2,AGAGCACTCCCACTGCATCG,0,2042782
kbpp4,0.3333333333333333,2,2,AGAGACTTTGTGGGTCATAA,0,2079344
kbpp4,0.3333333333333333,2,2,AGAGACGCGTCAGCGATGTG,0,2028431
kbpp4,0.3333333333333333,2,2,AGACGTGTTGCGGCTAGATT,0,2031679
kbpp4,0.3333333333333333,2,2,AGACGCTGCCGTCCGTCCAA,0,2021306
kbpp4,0.3333333333333333,2,2,AGAATTGGTTCCGCGCGGTG,0,2015567
kbpp4,0.3333333333333333,2,2,AGAATCGGCTTTGGTTCGAT,0,2023577
kbpp4,0.3333333333333333,2,2,AGAACTAGAGGGTCTTCTTC,0,2067508
kbpp4,0.3333333333333333,2,2,AGAACGAAGGCTTGCTCAGT,0,2059109
kbpp4,0.3333333333333333,2,2,AGAACAGGAGTCTGATCTAA,0,2044287
kbpp4,0.3333333333333333,2,2,AGAAACAGATAAACCCTCGT,0,2016710
kbpp4,0.3333333333333333,2,2,ACTTTACGAAGATCTTAAGT,0,2021562
kbpp4,0.3333333333333333,2,2,ACTTGCATTGTTCAGCAGAC,0,2015066
kbpp4,0.3333333333333333,2,2,ACTTCTAGTAGGTCTGGAGA,0,2073677
kbpp4,0.3333333333333333,2,2,ACTTCTAACCGTGGGCCGAA,0,2042290
kbpp4,0.3333333333333333,2,2,ACTGTATGTCATTCCATTGA,0,2048299
kbpp4,0.3333333333333333,2,2,ACTGGGTACAATTGCAAAAA,0,2040724
kbpp4,0.3333333333333333,2,2,ACTCGGGCGGAGTCCGCTTG,0,2031466
kbpp4,0.3333333333333333,2,2,ACTCGCGCCGCCCCTTAGTC,0,2041926
kbpp4,0.3333333333333333,2,2,ACTCCGGGTGATATTCACCG,0,2079627
kbpp4,0.3333333333333333,2,2,ACTATAATGATGCTCAATTT,0,2049335
kbpp4,0.3333333333333333,2,2,ACTAGGGCTCTGCCGTATGA,0,2073446
kbpp4,0.3333333333333333,2,2,ACTAGGCAGCAGAGACGTCC,0,2015064
kbpp4,0.3333333333333333,2,2,ACTACGGCGGTGTTACGCTG,0,2022148
kbpp4,0.3333333333333333,2,2,ACTACCCATATACCTCTCTT,0,2018956
kbpp4,0.3333333333333333,2,2,ACTAAGACTCTATTACCGTA,0,2043467
kbpp4,0.3333333333333333,2,2,ACGTTGTTTTGGCAGACAGC,0,2042024
kbpp4,0.3333333333333333,2,2,ACGTGTCTCTCGGAAAATAA,0,2059422
kbpp4,0.3333333333333333,2,2,ACGTGAACTGTATCGGCCGT,0,2084505
kbpp4,0.3333333333333333,2,2,ACGTCCTGATGGCTCTTCGT,0,2081431
kbpp4,0.3333333333333333,2,2,ACGTCCGGCCTGTTAGTCCT,0,2080072
kbpp4,0.3333333333333333,2,2,ACGTCAACCACATGGGGTTA,0,2021370
kbpp4,0.3333333333333333,2,2,ACGGTTAACGTTGCGAGTAC,0,2039319
kbpp4,0.3333333333333333,2,2,ACGGTGCGGCAGTGAATCCA,0,2037866
kbpp4,0.3333333333333333,2,2,ACGGTCCAGAGCGATCCGTA,0,2048487
kbpp4,0.3333333333333333,2,2,ACGGGCGAAAGAGGCAGAGG,0,2069836
kbpp4,0.3333333333333333,2,2,ACGGGCATCTTATTAAAGTA,0,2031013
kbpp4,0.3333333333333333,2,2,ACGGCGTTCCTGTCTAGCTT,0,2030976
kbpp4,0.3333333333333333,2,2,ACGCGCACGCAGTGATGCAT,0,2056883
kbpp4,0.3333333333333333,2,2,ACGCGAAACCGCAGAATTAT,0,2036155
kbpp4,0.3333333333333333,2,2,ACGCATGATCGTGATCAGAA,0,2044375
kbpp4,0.3333333333333333,2,2,ACGCAGGAACGCCGTGTAGC,0,2052179
kbpp4,0.3333333333333333,2,2,ACGATTTTCAGTTGATGAGT,0,2025302
kbpp4,0.3333333333333333,2,2,ACGATTGCGTAGTCGAACCT,0,2037537
kbpp4,0.3333333333333333,2,2,ACGATAAACAGTACTCACTG,0,2041080
kbpp4,0.3333333333333333,2,2,ACGAGTTGTCTCACTCGAAT,0,2068074
kbpp4,0.3333333333333333,2,2,ACGAGCGACCTTCTAAGGCG,0,2069575
kbpp4,0.3333333333333333,2,2,ACGAGCCCTTATTTGAGAGT,0,2052827
kbpp4,0.3333333333333333,2,2,ACGAGAGCGTAGAAAGGCGT,0,2049484
kbpp4,0.3333333333333333,2,2,ACGACAGTTCACAGATGAGA,0,2083447
kbpp4,0.3333333333333333,2,2,ACCTTTGACTCTTGGAGGCG,0,2076970
kbpp4,0.3333333333333333,2,2,ACCTTCTAAGGCCGGTGATG,0,2031778
kbpp4,0.3333333333333333,2,2,ACCTTACTGGTGCAAGGGCT,0,2016144
kbpp4,0.3333333333333333,2,2,ACCTGCGTATTTCAGAGGTT,0,2031977
kbpp4,0.3333333333333333,2,2,ACCTGCGGCTCCGGTTTGAA,0,2047311
kbpp4,0.3333333333333333,2,2,ACCTGAGAGCTCGTGTGAAT,0,2034978
kbpp4,0.3333333333333333,2,2,ACCTCGATATGCTCCCAGTT,0,2056141
kbpp4,0.3333333333333333,2,2,ACCTATGGATAGGACGCTGT,0,2068463
kbpp4,0.3333333333333333,2,2,ACCTATGAGCGGATGTCATC,0,2061497
kbpp4,0.3333333333333333,2,2,ACCTATAGGTGAGCTTTATG,0,2047866
kbpp4,0.3333333333333333,2,2,ACCTAGGCGACGGCTTTTAC,0,2082477
kbpp4,0.3333333333333333,2,2,ACCTACTAGGGTACCGGTAA,0,2047727
kbpp4,0.3333333333333333,2,2,ACCTACCGTACCCATGTAAT,0,2054687
kbpp4,0.3333333333333333,2,2,ACCGTTTTTGCCATGAACGG,0,2050400
kbpp4,0.3333333333333333,2,2,ACCGGTCTTTACCACGGCCT,0,2062099
kbpp4,0.3333333333333333,2,2,ACCGGGGTATTCGAAGTTCA,0,2015014
kbpp4,0.3333333333333333,2,2,ACCGATTATGCACGTCAGCA,0,2052412
kbpp4,0.3333333333333333,2,2,ACCCCAAAGAGGACGTAGAG,0,2075848
kbpp4,0.3333333333333333,2,2,ACCATATTACAGTAGCCTTA,0,2030220
kbpp4,0.3333333333333333,2,2,ACCAGATTCCGGCCGAACGG,0,2052955
kbpp4,0.3333333333333333,2,2,ACATTTAGCTAAGTTCTTGT,0,2072954
kbpp4,0.3333333333333333,2,2,ACATTCTGGGGCGCCTTGGT,0,2038293
kbpp4,0.3333333333333333,2,2,ACATTAGTTCAGTCGCCTCG,0,2042358
kbpp4,0.3333333333333333,2,2,ACATGTGTGTCATTGCGAAG,0,2050767
kbpp4,0.3333333333333333,2,2,ACATCGTTTGAGACTATTCT,0,2041458
kbpp4,0.3333333333333333,2,2,ACATCCTAACGGCCTTCCTC,0,2069912
kbpp4,0.3333333333333333,2,2,ACATAGAGTTTGCGACAGTT,0,2057621
kbpp4,0.3333333333333333,2,2,ACATAAAATTCTAAAGAGCA,0,2057225
kbpp4,0.3333333333333333,2,2,ACAGTTATGTGATAACCATC,0,2021896
kbpp4,0.3333333333333333,2,2,ACAGTCCGGAAAAGGTCCGT,0,2032393
kbpp4,0.3333333333333333,2,2,ACAGGATGCGGAACGGCCAT,0,2054696
kbpp4,0.3333333333333333,2,2,ACAGACCACTACAGTCTGGG,0,2053482
kbpp4,0.3333333333333333,2,2,ACAGAAGGGGCTTTGCAAAG,0,2083488
kbpp4,0.3333333333333333,2,2,ACAGAAGCCGCTGACACGCG,0,2066779
kbpp4,0.3333333333333333,2,2,ACACGTGCTGGAGCTGATTG,0,2078941
kbpp4,0.3333333333333333,2,2,ACACCAGTTTGCGGCATACA,0,2079218
kbpp4,0.3333333333333333,2,2,ACAATGCTGAAGAACATCAA,0,2082985
kbpp4,0.3333333333333333,2,2,ACAATGAATGTATCCACGAA,0,2040990
kbpp4,0.3333333333333333,2,2,ACAATCAAGGACTTATTACT,0,2039206
kbpp4,0.3333333333333333,2,2,AATTTTGCGTAATCGTCGAG,0,2040238
kbpp4,0.3333333333333333,2,2,AATTTACCACTCGTCAATTT,0,2040164
kbpp4,0.3333333333333333,2,2,AATTGTCCTCTAAGGCTCAG,0,2071635
kbpp4,0.3333333333333333,2,2,AATTGGTACGTTACTTTACT,0,2024338
kbpp4,0.3333333333333333,2,2,AATTGCATGTCAATGACTCC,0,2028244
kbpp4,0.3333333333333333,2,2,AATTCTCCACGGGACTACAA,0,2063648
kbpp4,0.3333333333333333,2,2,AATTACAGGCTGCAGTCTGA,0,2081017
kbpp4,0.3333333333333333,2,2,AATGTAATTCATCAACTTAG,0,2052873
kbpp4,0.3333333333333333,2,2,AATGGTTTAGTTATCAGAAT,0,2073402
kbpp4,0.3333333333333333,2,2,AATGAAAACCAGAGCCAACA,0,2060538
kbpp4,0.3333333333333333,2,2,AATCTGAGGTGAATTTCGAG,0,2071385
kbpp4,0.3333333333333333,2,2,AATCGTAATAATGTAATCCA,0,2038875
kbpp4,0.3333333333333333,2,2,AATCATGGGCGAGGGCCGGT,0,2018511
kbpp4,0.3333333333333333,2,2,AATATTCTCCCCATTGGACG,0,2076027
kbpp4,0.3333333333333333,2,2,AATATCAACTAAATTTTTCA,0,2021666
kbpp4,0.3333333333333333,2,2,AATATATGCGCATCGGACAG,0,2076501
kbpp4,0.3333333333333333,2,2,AAGTGTATTTTGATGGGGGG,0,2021875
kbpp4,0.3333333333333333,2,2,AAGTGCCCACACCTCGCGTT,0,2059963
kbpp4,0.3333333333333333,2,2,AAGTGATTTGGACAATCCAT,0,2081613
kbpp4,0.3333333333333333,2,2,AAGTAGGTACGGCGCAGCCA,0,2055784
kbpp4,0.3333333333333333,2,2,AAGGGGCACGGACGGGCTTC,0,2074514
kbpp4,0.3333333333333333,2,2,AAGGCCGGTCACGGAAGGGA,0,2054798
kbpp4,0.3333333333333333,2,2,AAGGAGCCGACTGTCCTGTG,0,2043065
kbpp4,0.3333333333333333,2,2,AAGCTTCATTGCCACAGTAC,0,2077466
kbpp4,0.3333333333333333,2,2,AAGCGCGGCACGGTAATATA,0,2016314
kbpp4,0.3333333333333333,2,2,AAGCACCATGGTCTGGGCCT,0,2080759
kbpp4,0.3333333333333333,2,2,AAGATTTCGGACAGCGACAA,0,2067935
kbpp4,0.3333333333333333,2,2,AAGATGCCTCTGTGGAAGCC,0,2036027
kbpp4,0.3333333333333333,2,2,AAGATGCATCTATCGACTTA,0,2031108
kbpp4,0.3333333333333333,2,2,AAGAGTGTTCGTTATGAAGG,0,2068446
kbpp4,0.3333333333333333,2,2,AACTTTGTTTACCTACCTCT,0,2022580
kbpp4,0.3333333333333333,2,2,AACTTGAAACTCAGTCCGGT,0,2031117
kbpp4,0.3333333333333333,2,2,AACTTAAAGCCAGGAAGTGT,0,2079592
kbpp4,0.3333333333333333,2,2,AACTGGTAGGGAAAAGTGCA,0,2050656
kbpp4,0.3333333333333333,2,2,AACTGGGTGCGTTTGCAGCC,0,2065494
kbpp4,0.3333333333333333,2,2,AACTCTCAGATCGACATTTT,0,2024755
kbpp4,0.3333333333333333,2,2,AACTCCTAAGTGGAGCGAAG,0,2042167
kbpp4,0.3333333333333333,2,2,AACTAAATAAGCCAATCTTC,0,2052995
kbpp4,0.3333333333333333,2,2,AACGGGTCCCCGTATACCGG,0,2020453
kbpp4,0.3333333333333333,2,2,AACGGCGTCAGCCACGACGA,0,2075294
kbpp4,0.3333333333333333,2,2,AACGGAGCTCTGCTTTATTA,0,2056114
kbpp4,0.3333333333333333,2,2,AACGCATTCTGGCCGGGGAG,0,2051605
kbpp4,0.3333333333333333,2,2,AACGAGAGGCATTACTATAC,0,2063790
kbpp4,0.3333333333333333,2,2,AACGACGACGTTTGGAGTGC,0,2059044
kbpp4,0.3333333333333333,2,2,AACGACCGTGATAAGGGTAA,0,2031020
kbpp4,0.3333333333333333,2,2,AACGAACTAACGGGTTTTGA,0,2037137
kbpp4,0.3333333333333333,2,2,AACCTCTCCAGAGTGCGCTG,0,2023962
kbpp4,0.3333333333333333,2,2,AACCCGGGGTGGGTAAGAAC,0,2041739
kbpp4,0.3333333333333333,2,2,AACCAATGTCGAATCATCAG,0,2077832
kbpp4,0.3333333333333333,2,2,AACACCTGCTTGGTGCAGGG,0,2049669
kbpp4,0.3333333333333333,2,2,AAATTGCCGAGTAGCTTACC,0,2058304
kbpp4,0.3333333333333333,2,2,AAATCTGTAACCAATCTGTT,0,2050717
kbpp4,0.3333333333333333,2,2,AAATCTCCCCGTACTCGTTA,0,2046292
kbpp4,0.3333333333333333,2,2,AAATCACGTCCGTTGAGAGT,0,2076923
kbpp4,0.3333333333333333,2,2,AAAGGGCTGTATATCATGCG,0,2068524
kbpp4,0.3333333333333333,2,2,AAAGGGCACCTGTATAGCGT,0,2018440
kbpp4,0.3333333333333333,2,2,AAAGGCGTAGACATCGCAGA,0,2017136
kbpp4,0.3333333333333333,2,2,AAAGCATTTAGGTTAGCAAA,0,2073245
kbpp4,0.3333333333333333,2,2,AAAGATTATACGAGCCTTTA,0,2033109
kbpp4,0.3333333333333333,2,2,AAAGATGGCGTCGTTAATCC,0,2021191
kbpp4,0.3333333333333333,2,2,AAACTCCAAGACATCTTTAC,0,2074171
kbpp4,0.3333333333333333,2,2,AAACGTTGCCGCTCGGAGTT,0,2030324
kbpp4,0.3333333333333333,2,2,AAACGCGGACAGCGCGGACC,0,2084604
kbpp4,0.3333333333333333,2,2,AAACGACCGCCCTTGGCGCC,0,2049968
kbpp4,0.3333333333333333,2,2,AAACCTCGGCATATGAAGAA,0,2022858
kbpp4,0.3333333333333333,2,2,AAACAATCGCCGGTCGTTCA,0,2054835
kbpp4,0.3333333333333333,2,2,AAAATTTTTGCCCACGGTCT,0,2077902
kbpp4,0.3333333333333333,2,2,AAAAGCTGTTTGTTTGGTTA,0,2020084
kbpp4,0.3333333333333333,2,2,AAAACGATAGGGGTGTATGT,0,2079610
kbpp4,0.3333333333333333,2,2,AAAACGACGCCACCCCCTTG,0,2054851
kbpp4,0.3333333333333333,2,2,AAAACCGCATGGTGTGTACT,0,2078293
kbpp4,0.3333333333333333,2,2,AAAAATTGCACCTGTTTCAA,0,2038769
kbpp4,0.3333333333333333,2,2,AAAAAGTATCTTAACTCGGG,0,2036874
kbpp4,0.3333333333333333,2,2,AAAAAGGAAGCACTGGCTCT,0,2052032
kbpp4,0.5,1,1,TTTTTGCCTCATAAAACATA,0,2071612
kbpp4,0.5,1,1,TTTTTGCATAACTTTGGGCT,0,2045540
kbpp4,0.5,1,1,TTTTTCGCCTGGTTGTCTGA,0,2051861
kbpp4,0.5,1,1,TTTTTAAGCCCGTCTCAAAC,0,2082755
kbpp4,0.5,1,1,TTTTGGCGGGCTAGGTAAAA,0,2061093
kbpp4,0.5,1,1,TTTTGCGTAGTGAAAATTAA,0,2018861
kbpp4,0.5,1,1,TTTTGCCCTCTCGTCATGTA,0,2017710
kbpp4,0.5,1,1,TTTTGATTTTGAATACAATT,0,2031855
kbpp4,0.5,1,1,TTTTGAGAGCGATCGTGCGA,0,2071392
kbpp4,0.5,1,1,TTTTCGCCTATGGAATGGTA,0,2072172
kbpp4,0.5,1,1,TTTTCCAGAGGATAGCGATT,0,2054627
kbpp4,0.5,1,1,TTTTCCACCATGAGTGTAGT,0,2062551
kbpp4,0.5,1,1,TTTTCAGCCAAATCAAGGTC,0,2057641
kbpp4,0.5,1,1,TTTTATATGTGAATTTAAAC,0,2055447
kbpp4,0.5,1,1,TTTTAGCGTCCGTGACTATG,0,2062298
kbpp4,0.5,1,1,TTTTAACTTAAGCTACCTAT,0,2047234
kbpp4,0.5,1,1,TTTTAAATCGGTGGCCCGAT,0,2045104
kbpp4,0.5,1,1,TTTTAAAATCAATCGGCCAA,0,2054033
kbpp4,0.5,1,1,TTTGTTTAATGCCGAAGGCT,0,2059805
kbpp4,0.5,1,1,TTTGTGAAAGGTTTGTGTTG,0,2067972
kbpp4,0.5,1,1,TTTGTCGAGGCCCATCATTC,0,2062751
kbpp4,0.5,1,1,TTTGGGGATCGTATGAGCAG,0,2014770
kbpp4,0.5,1,1,TTTGGCACCCTGAATTCCAG,0,2043938
kbpp4,0.5,1,1,TTTGCTGCGGAAACGGACAA,0,2029672
kbpp4,0.5,1,1,TTTGCCCCTTGCTAGGGCAG,0,2072727
kbpp4,0.5,1,1,TTTGCAGATGAATCAGAGAG,0,2021776
kbpp4,0.5,1,1,TTTGATGCCGGACAGGCCCG,0,2065081
kbpp4,0.5,1,1,TTTGAGGCATGCCTGCGTGC,0,2046096
kbpp4,0.5,1,1,TTTGAGGACGTCGTAGGTGG,0,2058210
kbpp4,0.5,1,1,TTTGACGGTGCAGCAGCCAT,0,2065338
kbpp4,0.5,1,1,TTTGACCCGCTCTTACGACC,0,2021722
kbpp4,0.5,1,1,TTTCTTCCTCGAGCGGCTAG,0,2050673
kbpp4,0.5,1,1,TTTCTTATCCCCTGGCAATG,0,2033126
kbpp4,0.5,1,1,TTTCTCACTTTTTTTTTCCC,0,2024680
kbpp4,0.5,1,1,TTTCGTTACACGCAGTGACG,0,2060816
kbpp4,0.5,1,1,TTTCGCTTGACGTTCCTCAC,0,2040927
kbpp4,0.5,1,1,TTTCAGCCGATTATAATATA,0,2021423
kbpp4,0.5,1,1,TTTCAAGCTAGTCCGGACAA,0,2082627
kbpp4,0.5,1,1,TTTATGCTGCCGTTATTTGC,0,2046478
kbpp4,0.5,1,1,TTTATGAAACAATATCCTGA,0,2083793
kbpp4,0.5,1,1,TTTATCAGTTAACGACTGAA,0,2058568
kbpp4,0.5,1,1,TTTATACCGTTAAGTTACGG,0,2026078
kbpp4,0.5,1,1,TTTAGTCATCTTGGAAGTAT,0,2051603
kbpp4,0.5,1,1,TTTAGGTGCAGCATGACGCT,0,2064769
kbpp4,0.5,1,1,TTTACTTCTGTGCTTGTAAA,0,2062087
kbpp4,0.5,1,1,TTTACTGTACCATGCCTCGT,0,2031504
kbpp4,0.5,1,1,TTTACTCGCAACTCCGTCAC,0,2056215
kbpp4,0.5,1,1,TTTACACGCTGCGTGTGTCA,0,2029485
kbpp4,0.5,1,1,TTTAATCTCGGCAACCGAAC,0,2038133
kbpp4,0.5,1,1,TTTAACTTTGGTTTACAGGC,0,2058976
kbpp4,0.5,1,1,TTTAACAGAGTAGGGGTTGT,0,2022861
kbpp4,0.5,1,1,TTTAAAGCCCTATTCGCGGT,0,2042943
kbpp4,0.5,1,1,TTTAAACGTGCATGATTACT,0,2018063
kbpp4,0.5,1,1,TTTAAAAAGCCGCGTTGTGA,0,2034269
kbpp4,0.5,1,1,TTGTGTTCCAATACGCTGGT,0,2049783
kbpp4,0.5,1,1,TTGTGACGGGGCTATTATGT,0,2057481
kbpp4,0.5,1,1,TTGTCTCCTAAGGAGGGCAG,0,2069352
kbpp4,0.5,1,1,TTGTCCCTGGAACCGTGGAG,0,2045433
kbpp4,0.5,1,1,TTGTCCATGTTGTTCCCTAT,0,2081532
kbpp4,0.5,1,1,TTGTATTCTTCATCTATTGC,0,2037469
kbpp4,0.5,1,1,TTGTATAATATCTAGATCAT,0,2079936
kbpp4,0.5,1,1,TTGTAAGGGTCGCATGAAGG,0,2024760
kbpp4,0.5,1,1,TTGGTGTTCACAAGAAGGGT,0,2041698
kbpp4,0.5,1,1,TTGGTGGCCTCCCGAATTGA,0,2056045
kbpp4,0.5,1,1,TTGGTCTCTGTACGAATATG,0,2062913
kbpp4,0.5,1,1,TTGGTCGGCAGGAAATAGCC,0,2038756
kbpp4,0.5,1,1,TTGGTATCAGGGACGACGCG,0,2015692
kbpp4,0.5,1,1,TTGGTATACCATCCAGACGT,0,2034757
kbpp4,0.5,1,1,TTGGGTGGGGTTCCGGAATC,0,2026743
kbpp4,0.5,1,1,TTGGGATTCGCATGTGCCAC,0,2044179
kbpp4,0.5,1,1,TTGGGATTAAACCCTATATA,0,2077224
kbpp4,0.5,1,1,TTGGGATCCGAGGCCGTCTA,0,2060663
kbpp4,0.5,1,1,TTGGATCAAGTCAGGGTAGC,0,2064374
kbpp4,0.5,1,1,TTGGAACATTTACTCAGGAA,0,2057318
kbpp4,0.5,1,1,TTGGAAACCGGTGCCGCTTA,0,2018287
kbpp4,0.5,1,1,TTGCTTGGCAGTTAGAGCAT,0,2060699
kbpp4,0.5,1,1,TTGCGTTGCACGGTGCCGAC,0,2057886
kbpp4,0.5,1,1,TTGCGCCGCGCTATGCCCTT,0,2065053
kbpp4,0.5,1,1,TTGCGCCCTGCTCGTGACCT,0,2045441
kbpp4,0.5,1,1,TTGCCTACGCCTGTGTGCAG,0,2025021
kbpp4,0.5,1,1,TTGCCCCACTTAACCCCTGG,0,2023972
kbpp4,0.5,1,1,TTGAGGTGCTGGTGAACATA,0,2076093
kbpp4,0.5,1,1,TTGAGCGGGGAAGGGTTTTC,0,2044367
kbpp4,0.5,1,1,TTGACACATGAAATGGGTTG,0,2069648
kbpp4,0.5,1,1,TTGAATTCCCGGACATGTGG,0,2019106
kbpp4,0.5,1,1,TTGAATGACCCAAGGTAGCA,0,2037867
kbpp4,0.5,1,1,TTGAATCTAAGTACATAAAA,0,2015013
kbpp4,0.5,1,1,TTGAAGAGCCCACTACGCGA,0,2081127
kbpp4,0.5,1,1,TTGAACTCGAGGTCGCTGTC,0,2039513
kbpp4,0.5,1,1,TTGAAAGCTTCGCATGAGGG,0,2016792
kbpp4,0.5,1,1,TTCTTTGATACACTTGCCGA,0,2061077
kbpp4,0.5,1,1,TTCTTTCTTGGTAGGAGGTT,0,2069227
kbpp4,0.5,1,1,TTCTTCGGTCCGGGACGGCT,0,2016368
kbpp4,0.5,1,1,TTCTTATCATTCACCCGTTG,0,2077715
kbpp4,0.5,1,1,TTCTTAGCTAAAGAAAATCG,0,2081392
kbpp4,0.5,1,1,TTCTGTGATCTGGGCCGCGA,0,2022789
kbpp4,0.5,1,1,TTCTGTACCTGCAAGCCGAT,0,2014561
kbpp4,0.5,1,1,TTCTCCTCTGCTTTTTCAAG,0,2053640
kbpp4,0.5,1,1,TTCTAGTACTTCACATGAAT,0,2055695
kbpp4,0.5,1,1,TTCTAGCGGGTCCTCAGTTT,0,2029204
kbpp4,0.5,1,1,TTCTAGCGGGTCAAGCATTA,0,2017328
kbpp4,0.5,1,1,TTCGTTTTTGGTGTTGATAT,0,2058027
kbpp4,0.5,1,1,TTCGTAGCCGTCCCCTTATG,0,2041806
kbpp4,0.5,1,1,TTCGTACTTGATGGCCTGAA,0,2024744
kbpp4,0.5,1,1,TTCGGTGACCAGCAAGATCT,0,2064855
kbpp4,0.5,1,1,TTCGGCTTCCGTCTGACCCG,0,2075556
kbpp4,0.5,1,1,TTCGGCCACACGTCATGAAA,0,2019951
kbpp4,0.5,1,1,TTCGGACCAGGAGCCGCAGG,0,2043075
kbpp4,0.5,1,1,TTCGGAAACTGCAGGCATTT,0,2059990
kbpp4,0.5,1,1,TTCGCGGTGGCTTCGGCGGG,0,2074843
kbpp4,0.5,1,1,TTCGCCGTCGTTTTGTATAT,0,2020576
kbpp4,0.5,1,1,TTCGCCAGCAGATCCAAAGT,0,2031611
kbpp4,0.5,1,1,TTCGATAGCTCAGGTACGAA,0,2036835
kbpp4,0.5,1,1,TTCGAGGTAAGGGTTCTCCA,0,2062716
kbpp4,0.5,1,1,TTCGAGCTCAGCATGACCCA,0,2050813
kbpp4,0.5,1,1,TTCGACCAATACATGAAGCC,0,2025275
kbpp4,0.5,1,1,TTCGACACCTGCGTCTTTGG,0,2042906
kbpp4,0.5,1,1,TTCCGCTAAAACGTTTTATG,0,2043882
kbpp4,0.5,1,1,TTCCGAGCCGACACGAATTA,0,2080830
kbpp4,0.5,1,1,TTCCCGGATCGGAAGATTAT,0,2039782
kbpp4,0.5,1,1,TTCCCGCTTACGAACAACAT,0,2065205
kbpp4,0.5,1,1,TTCCCCCAGAGACCACTCCC,0,2079426
kbpp4,0.5,1,1,TTCCCACGCTAAGCCCCCGC,0,2032340
kbpp4,0.5,1,1,TTCCAGTAAATGGCATATGA,0,2044337
kbpp4,0.5,1,1,TTCCAACACCTGGTTATCCA,0,2067729
kbpp4,0.5,1,1,TTCATCGCACCAAGTGAATT,0,2043735
kbpp4,0.5,1,1,TTCATCACGGCGCGTTTGGA,0,2071238
kbpp4,0.5,1,1,TTCAGGTTTTCCGTTGCCTT,0,2051524
kbpp4,0.5,1,1,TTCAGGGCACCATAGAAACA,0,2046646
kbpp4,0.5,1,1,TTCAGGCCTTAGACTAATGA,0,2066745
kbpp4,0.5,1,1,TTCAGGACGAGGTACGGCTC,0,2083611
kbpp4,0.5,1,1,TTCACAGTAGGCGAGGGGTT,0,2074993
kbpp4,0.5,1,1,TTCAAGTCTCCGTGGCCCGG,0,2057017
kbpp4,0.5,1,1,TTCAAGTATGGTGATCAGGG,0,2026284
kbpp4,0.5,1,1,TTCAAAAGACATTTGCGGCT,0,2057061
kbpp4,0.5,1,1,TTATTCTCATGTAATGTTAA,0,2070828
kbpp4,0.5,1,1,TTATTACTCTCACGAGACAG,0,2053804
kbpp4,0.5,1,1,TTATTAAACGTTCAAGTAGC,0,2062916
kbpp4,0.5,1,1,TTATGGGTTGCCGACACCGG,0,2042776
kbpp4,0.5,1,1,TTATGGGCTGCGGTCAACAT,0,2044094
kbpp4,0.5,1,1,TTATGCCCTCGGTCTTATTG,0,2084568
kbpp4,0.5,1,1,TTATCCAGAGCTGATTTAGT,0,2027485
kbpp4,0.5,1,1,TTATCAAGCCATATGGCCAC,0,2081459
kbpp4,0.5,1,1,TTATATATTAAGGGCGTATG,0,2020504
kbpp4,0.5,1,1,TTATACTTGCGTAAGGGGCA,0,2068164
kbpp4,0.5,1,1,TTATACCGCGCGATGGATGA,0,2068050
kbpp4,0.5,1,1,TTATACAGGAGGTCTGAAAA,0,2058804
kbpp4,0.5,1,1,TTAGTTGGCCGTAGCCGGTT,0,2016518
kbpp4,0.5,1,1,TTAGTAGTGCGAGGAATAAA,0,2074138
kbpp4,0.5,1,1,TTAGGTAGGGTGCAAATCCA,0,2058386
kbpp4,0.5,1,1,TTAGGGAGTCTCGGTGGCCT,0,2050636
kbpp4,0.5,1,1,TTAGGCGTCCTCCAAGACAA,0,2025545
kbpp4,0.5,1,1,TTAGCTGCCGTATTTGTTCC,0,2030167
kbpp4,0.5,1,1,TTAGCCACGGAAGGTGGTCG,0,2062915
kbpp4,0.5,1,1,TTAGATGTTGATTAGCCAGC,0,2047130
kbpp4,0.5,1,1,TTAGAGACGCGGAAAAAGAT,0,2050411
kbpp4,0.5,1,1,TTACTGGATAAAAAGCGTCG,0,2019481
kbpp4,0.5,1,1,TTACTCCAGACCGAAGTACC,0,2017166
kbpp4,0.5,1,1,TTACTATCTATGATTCGTGT,0,2070641
kbpp4,0.5,1,1,TTACGTTTACCCTCCTGCTC,0,2042455
kbpp4,0.5,1,1,TTACGTTATAGAGGTCCAGC,0,2046400
kbpp4,0.5,1,1,TTACGTTAGGCGCCGGGTTC,0,2049005
kbpp4,0.5,1,1,TTACGGTTTAAAGAAGGAGG,0,2017504
kbpp4,0.5,1,1,TTACGCCACGTTCGCAGAAT,0,2071394
kbpp4,0.5,1,1,TTACGAGCTTTTTGTTAAAC,0,2048052
kbpp4,0.5,1,1,TTACGACTGAGTATGTATCT,0,2022671
kbpp4,0.5,1,1,TTACCCGTCAACAATAGAAT,0,2051501
kbpp4,0.5,1,1,TTACAACGAACACCGGAGTC,0,2065857
kbpp4,0.5,1,1,TTAATCGTACATTGGAGTTC,0,2019916
kbpp4,0.5,1,1,TTAATAGCACAAGTGATAGT,0,2063835
kbpp4,0.5,1,1,TTAACGTCGTGTTCACGAAT,0,2057541
kbpp4,0.5,1,1,TTAACGCCCTTGGGTGATTA,0,2058098
kbpp4,0.5,1,1,TTAACCAAGCAGAATCCGTA,0,2022766
kbpp4,0.5,1,1,TTAACAAGTGTAGTTAGGTG,0,2076854
kbpp4,0.5,1,1,TTAAAGCTCACGTATAGATT,0,2073798
kbpp4,0.5,1,1,TTAAAGAGCGGTCCAACCTG,0,2063792
kbpp4,0.5,1,1,TTAAAACCCGGTATGCGCCT,0,2073294
kbpp4,0.5,1,1,TGTTTAGGCCGTCATAGCTC,0,2035768
kbpp4,0.5,1,1,TGTTTAGGATTCCCGCGGGT,0,2017214
kbpp4,0.5,1,1,TGTTGGTCATTACCGTACTG,0,2058865
kbpp4,0.5,1,1,TGTTGGGGCGTGTGTATTTA,0,2031927
kbpp4,0.5,1,1,TGTTGATCTAGAATCAGTAA,0,2024383
kbpp4,0.5,1,1,TGTTCGATAATCGACTCCAT,0,2046682
kbpp4,0.5,1,1,TGTTATAATCTTAATGCGCT,0,2049941
kbpp4,0.5,1,1,TGTTAATGTCGTTCCCCAGA,0,2027719
kbpp4,0.5,1,1,TGTTAACCCTCGGAAGCTGG,0,2057009
kbpp4,0.5,1,1,TGTGTTAGTTGTATCATTGG,0,2075065
kbpp4,0.5,1,1,TGTGGTTTGTACCTCTCGAG,0,2045949
kbpp4,0.5,1,1,TGTGGACTGGCACTAAGGTA,0,2047391
kbpp4,0.5,1,1,TGTGCGGACGATGACTGTCC,0,2047396
kbpp4,0.5,1,1,TGTGCCGCCTTAGTTGGGGT,0,2079463
kbpp4,0.5,1,1,TGTGCATAATTCGCACCAGT,0,2071573
kbpp4,0.5,1,1,TGTGATACTGAAACTTCACT,0,2025879
kbpp4,0.5,1,1,TGTGACCGGTCGCTCTCGGA,0,2078720
kbpp4,0.5,1,1,TGTGAATTTCTTTCAGTCTT,0,2056892
kbpp4,0.5,1,1,TGTGAATTCCTCATGTTCGT,0,2038128
kbpp4,0.5,1,1,TGTCTGTCGGGACTCAACGC,0,2047235
kbpp4,0.5,1,1,TGTCTGGCCGAACAGCGTAG,0,2026911
kbpp4,0.5,1,1,TGTCTCTTGCGCGACATAGC,0,2065069
kbpp4,0.5,1,1,TGTCGTTGTGTTGTGAGTTT,0,2083398
kbpp4,0.5,1,1,TGTCGTGTGCACGCAGACCA,0,2063957
kbpp4,0.5,1,1,TGTCGTGGATCATCACAAAC,0,2052688
kbpp4,0.5,1,1,TGTCGGTTAGCATATGTCTT,0,2043665
kbpp4,0.5,1,1,TGTCGGTAGAATTATGCAGA,0,2039712
kbpp4,0.5,1,1,TGTCGGATGGCCACCCGCAT,0,2043003
kbpp4,0.5,1,1,TGTCCTAATGCTAACCGTGG,0,2022700
kbpp4,0.5,1,1,TGTCCCGTATGGTTTTCGTT,0,2036133
kbpp4,0.5,1,1,TGTCCATCTCTAAACACGAG,0,2084687
kbpp4,0.5,1,1,TGTCATAAGCAGAACTGAGG,0,2073590
kbpp4,0.5,1,1,TGTATCGCTACATACACGAT,0,2044333
kbpp4,0.5,1,1,TGTATCCGCGAAGTGTCGGG,0,2037218
kbpp4,0.5,1,1,TGTAGGATACCAATTGCCGC,0,2080339
kbpp4,0.5,1,1,TGTAGCACGGATCGTTACAG,0,2055965
kbpp4,0.5,1,1,TGTAGCACATACTATCTGGA,0,2020124
kbpp4,0.5,1,1,TGTAGAGTGAAATCCGGCAT,0,2033480
kbpp4,0.5,1,1,TGTACGGTGTCCGAACGCTA,0,2049777
kbpp4,0.5,1,1,TGTACGAGGGTACTACTCCA,0,2076140
kbpp4,0.5,1,1,TGTAACCTTCACCCTATTAC,0,2014557
kbpp4,0.5,1,1,TGTAACACACAATATGGCAT,0,2080611
kbpp4,0.5,1,1,TGGTTGTAGTGATGTTTCTA,0,2031337
kbpp4,0.5,1,1,TGGTTGCCTTGGTCAGGGTG,0,2034534
kbpp4,0.5,1,1,TGGTTCCTAGCTTCTTGCTT,0,2071888
kbpp4,0.5,1,1,TGGTGTAAAACTAGCCGAAG,0,2076338
kbpp4,0.5,1,1,TGGTGCTATCTTGCACGGCC,0,2073367
kbpp4,0.5,1,1,TGGTCTATCTCGACAGAGAC,0,2058334
kbpp4,0.5,1,1,TGGTCAACTGCGAACGGTTC,0,2047201
kbpp4,0.5,1,1,TGGTATAGTAGTCATATTTG,0,2045836
kbpp4,0.5,1,1,TGGTAGTCAATATGGAGAAG,0,2051761
kbpp4,0.5,1,1,TGGGTTGCCCGGGCTTGACA,0,2028806
kbpp4,0.5,1,1,TGGGTCGTCGAGGGGCTGAA,0,2078799
kbpp4,0.5,1,1,TGGGTATTGGCTGGGTTCAA,0,2035926
kbpp4,0.5,1,1,TGGGTAGCTAAGTTAAGATC,0,2066948
kbpp4,0.5,1,1,TGGGGTTACATGTAAGGCGT,0,2015402
kbpp4,0.5,1,1,TGGGGGCGCGCCGATGCGCT,0,2056998
kbpp4,0.5,1,1,TGGGGGCACACTTTTTATAC,0,2050030
kbpp4,0.5,1,1,TGGGGCCGTGCAAAACATCG,0,2071073
kbpp4,0.5,1,1,TGGGGAAAAGCTGCAGGACT,0,2084446
kbpp4,0.5,1,1,TGGGCTTACTCCGCCGTACA,0,2076272
kbpp4,0.5,1,1,TGGGCTCGCCACAATCAAAG,0,2081445
kbpp4,0.5,1,1,TGGGCTCAAAAGACCCGCAG,0,2031137
kbpp4,0.5,1,1,TGGGCTATGCTCAAATCGGT,0,2043095
kbpp4,0.5,1,1,TGGGCTAGCGCAACCCGAGA,0,2035263
kbpp4,0.5,1,1,TGGGCATGGCAGGGGCTCTT,0,2029637
kbpp4,0.5,1,1,TGGGCACGAAAGTTTCTACG,0,2030805
kbpp4,0.5,1,1,TGGGATACACGCATTATGAT,0,2075595
kbpp4,0.5,1,1,TGGGAGCTGATGGTCTCAGC,0,2061869
kbpp4,0.5,1,1,TGGCTTTATACGAACACTAT,0,2027306
kbpp4,0.5,1,1,TGGCTGACACGAATAGAAGA,0,2057097
kbpp4,0.5,1,1,TGGCGCTATTTCAAGAAAAT,0,2071750
kbpp4,0.5,1,1,TGGCCTGATTCATTGCGACT,0,2052265
kbpp4,0.5,1,1,TGGCCGGGTGCGTGAAACAC,0,2068793
kbpp4,0.5,1,1,TGGCCCTTTCTGGCAATGTG,0,2079675
kbpp4,0.5,1,1,TGGCCAGCTCACCGGCCCGG,0,2071509
kbpp4,0.5,1,1,TGGCAGGTATGTCGGCATCC,0,2048616
kbpp4,0.5,1,1,TGGCACGCTGCTTCGCAGAT,0,2057228
kbpp4,0.5,1,1,TGGATTCGCGTTTTTTTTAA,0,2039000
kbpp4,0.5,1,1,TGGATTCCCACAAACAATTG,0,2035248
kbpp4,0.5,1,1,TGGATGAGATTTGAACCCCT,0,2049869
kbpp4,0.5,1,1,TGGATCGGCCGTTTCGAAGC,0,2041022
kbpp4,0.5,1,1,TGGATATAGCGCCGCGGTGT,0,2029840
kbpp4,0.5,1,1,TGGAGGTCTTGTAGCGGGAC,0,2026442
kbpp4,0.5,1,1,TGGAGGGGCCATCATCCTTA,0,2081641
kbpp4,0.5,1,1,TGGAGGGATCCTACAGTGTT,0,2045667
kbpp4,0.5,1,1,TGGAGCGGAAAGGCGGATGA,0,2029751
kbpp4,0.5,1,1,TGGACGCCTGACAAGTCCAC,0,2027409
kbpp4,0.5,1,1,TGGACGCCTCAATTGTGGCC,0,2028814
kbpp4,0.5,1,1,TGGACCATGCCACATCACGT,0,2042518
kbpp4,0.5,1,1,TGGACAAACACTGAAACTCA,0,2066649
kbpp4,0.5,1,1,TGGAATACGGGTAACCAGGT,0,2066877
kbpp4,0.5,1,1,TGGAAGCCGAAGCCCCAAAT,0,2046829
kbpp4,0.5,1,1,TGGAACTCCGTCCCGCAACA,0,2031246
kbpp4,0.5,1,1,TGGAACCGTACCATTAGTTA,0,2033918
kbpp4,0.5,1,1,TGGAAAGAACTTTTGGTTGT,0,2046009
kbpp4,0.5,1,1,TGCTTTCGCTAGTGAGGTTG,0,2072259
kbpp4,0.5,1,1,TGCTTTAGCCACTGGCAATC,0,2030128
kbpp4,0.5,1,1,TGCTTGGAGCTGGCCCGACC,0,2046261
kbpp4,0.5,1,1,TGCTTCAACAGTCAGTATGT,0,2029924
kbpp4,0.5,1,1,TGCTTAACCGTGAGACCGTT,0,2053490
kbpp4,0.5,1,1,TGCTGCGCGGATGCTATATA,0,2029037
kbpp4,0.5,1,1,TGCTGAAGCCCTTAGCGGAA,0,2038162
kbpp4,0.5,1,1,TGCTCTTGTACGCATAATCT,0,2048003
kbpp4,0.5,1,1,TGCTCGCGCCTCAGGGAGGA,0,2080528
kbpp4,0.5,1,1,TGCTCAGGTATTGGTTTTTA,0,2076453
kbpp4,0.5,1,1,TGCTAGGTTCTATACGTTTT,0,2017760
kbpp4,0.5,1,1,TGCTAAAAGGACAAGCATAA,0,2062321
kbpp4,0.5,1,1,TGCGTAGTATGATCCGAGTT,0,2030807
kbpp4,0.5,1,1,TGCGTACCTGACGAGTCGGT,0,2067309
kbpp4,0.5,1,1,TGCGCTGGCAGCAAAATATG,0,2049589
kbpp4,0.5,1,1,TGCGCCCCTGACTAGACTGT,0,2069079
kbpp4,0.5,1,1,TGCGAGCAAACCGAACATCT,0,2019904
kbpp4,0.5,1,1,TGCCTTATGAAAGCCTCGGG,0,2082917
kbpp4,0.5,1,1,TGCCTGTATGAACTCCCAGG,0,2067673
kbpp4,0.5,1,1,TGCCTCCCGGGTAGTTTTAT,0,2053323
kbpp4,0.5,1,1,TGCCTATACGGGGATTGGCT,0,2075067
kbpp4,0.5,1,1,TGCCGTGGGCGTAGAAGATT,0,2084111
kbpp4,0.5,1,1,TGCCGTGGATCTATAATCTT,0,2022063
kbpp4,0.5,1,1,TGCCGCGTGCTGGCATGGGT,0,2014725
kbpp4,0.5,1,1,TGCCGCATTGCTGTCTATGC,0,2042423
kbpp4,0.5,1,1,TGCCGAGTCACGAATTCAAT,0,2052306
kbpp4,0.5,1,1,TGCCCTGCACATCGAGTTTG,0,2038639
kbpp4,0.5,1,1,TGCCCGATAGCCTCCATAGG,0,2033422
kbpp4,0.5,1,1,TGCCCCTAGATCTTCAACTA,0,2031222
kbpp4,0.5,1,1,TGCCAGCGCTTGTGCGCCAT,0,2066667
kbpp4,0.5,1,1,TGCCAAAGCAAACCAGCCGA,0,2016722
kbpp4,0.5,1,1,TGCATTGGGCCATAGTCCAT,0,2045940
kbpp4,0.5,1,1,TGCATTGAGAATGGTTGGAT,0,2045669
kbpp4,0.5,1,1,TGCATGCAATTTGAGTCGTT,0,2045391
kbpp4,0.5,1,1,TGCAGGGGCTAAAACTCCGC,0,2062366
kbpp4,0.5,1,1,TGCAGCTAAGACACTCACAT,0,2017211
kbpp4,0.5,1,1,TGCACTCCAGGTGACAGAAC,0,2058434
kbpp4,0.5,1,1,TGCACCTCATATGTTTAACT,0,2030129
kbpp4,0.5,1,1,TGCACCCCTGCAATCCTTGT,0,2035353
kbpp4,0.5,1,1,TGCAATTGGTTTTCGCTAGC,0,2025297
kbpp4,0.5,1,1,TGCAATGTCCCTTCACGAGC,0,2027142
kbpp4,0.5,1,1,TGCAATGGTATATCGATCTT,0,2051311
kbpp4,0.5,1,1,TGCAATGATGGGTGCGTGAG,0,2073886
kbpp4,0.5,1,1,TGCAATCCGAGAGGTCCACA,0,2068996
kbpp4,0.5,1,1,TGCAAGAGTCCCTCAAGCCA,0,2025653
kbpp4,0.5,1,1,TGCAACTCCCTGTCCTAGGC,0,2024900
kbpp4,0.5,1,1,TGCAAAGTGGTCGCGAGCAA,0,2060601
kbpp4,0.5,1,1,TGATTTCGGCCACAAAGATG,0,2063376
kbpp4,0.5,1,1,TGATTGGCATGCTCCTTGAC,0,2053277
kbpp4,0.5,1,1,TGATTCCTATGCACCCTAAA,0,2044228
kbpp4,0.5,1,1,TGATGTTTATCCGGGTAGCT,0,2071191
kbpp4,0.5,1,1,TGATCTCCGGCTACTGAACA,0,2030083
kbpp4,0.5,1,1,TGATCTATGGTTAGGAAGGT,0,2033894
kbpp4,0.5,1,1,TGATCATAAGGGAACTGTTA,0,2043297
kbpp4,0.5,1,1,TGATCAGAATTATCCCGGTG,0,2067581
kbpp4,0.5,1,1,TGATAGTTTTTGCAGGAAAT,0,2053829
kbpp4,0.5,1,1,TGAGTGTGCGCAAGTTCAGA,0,2031526
kbpp4,0.5,1,1,TGAGTCTGTGAAGGAAGCCT,0,2021933
kbpp4,0.5,1,1,TGAGGTGTAGTTAAAGAGAA,0,2019402
kbpp4,0.5,1,1,TGAGGTACTCGATCACGAGG,0,2015095
kbpp4,0.5,1,1,TGAGGGCGCAAACCAGGGGA,0,2061706
kbpp4,0.5,1,1,TGAGGGCAAATCACAAGGTG,0,2017720
kbpp4,0.5,1,1,TGAGCGCGTGCTCCAACCTG,0,2071653
kbpp4,0.5,1,1,TGAGCCGGGTCACCCGTCCT,0,2048549
kbpp4,0.5,1,1,TGAGACACTGTACGGATTGC,0,2022856
kbpp4,0.5,1,1,TGAGAAGCTCACCCTCCCAG,0,2037306
kbpp4,0.5,1,1,TGACTTTTTTTCATGAGGGG,0,2066160
kbpp4,0.5,1,1,TGACGGGGGGGGTCGTCCGG,0,2022609
kbpp4,0.5,1,1,TGACGGGACGACCTGCTTAA,0,2052175
kbpp4,0.5,1,1,TGACGATCCGGTGTCCATCA,0,2025391
kbpp4,0.5,1,1,TGACGAAGTATAGTATCAGT,0,2075099
kbpp4,0.5,1,1,TGACCGATACTATAATCTAG,0,2029075
kbpp4,0.5,1,1,TGACCAATGTTTCCTACTTA,0,2055357
kbpp4,0.5,1,1,TGACATCTCACCTCGAGGTC,0,2079906
kbpp4,0.5,1,1,TGACAGCTTTTTTGTGTCAC,0,2081671
kbpp4,0.5,1,1,TGACAGCTCTAGAATGACTT,0,2028815
kbpp4,0.5,1,1,TGAATCGCGCGTTACCCGTT,0,2064457
kbpp4,0.5,1,1,TGAATATTGCCCCTTAAGCG,0,2036113
kbpp4,0.5,1,1,TGAAGAAAGTCGTCGAATGT,0,2028160
kbpp4,0.5,1,1,TGAACACACTCCCAGGCTCC,0,2080218
kbpp4,0.5,1,1,TGAAACGTAGTAATGTCCGT,0,2049532
kbpp4,0.5,1,1,TGAAACCTCCAAATTCGATC,0,2064218
kbpp4,0.5,1,1,TGAAAAGAAATCGTGTGCGG,0,2066321
kbpp4,0.5,1,1,TCTTGTTGAACTACGACGTC,0,2045271
kbpp4,0.5,1,1,TCTTGGGCTGGTAATTGTGG,0,2020003
kbpp4,0.5,1,1,TCTTGCGCCTGATAGATAAA,0,2037208
kbpp4,0.5,1,1,TCTTGAGGGAACGTACTAGC,0,2069967
kbpp4,0.5,1,1,TCTTCCATCGCGCATCATAC,0,2057113
kbpp4,0.5,1,1,TCTTATATGGTTATGTCGCA,0,2040820
kbpp4,0.5,1,1,TCTGTGATTCTCTAGTCGCG,0,2070796
kbpp4,0.5,1,1,TCTGTGATGACAGCTACAAC,0,2024012
kbpp4,0.5,1,1,TCTGTCCCACATTACTGAGC,0,2046578
kbpp4,0.5,1,1,TCTGTCCAGTTCCTGATACC,0,2074638
kbpp4,0.5,1,1,TCTGTATATGCTGCAACTTC,0,2017090
kbpp4,0.5,1,1,TCTGGTAGCTAATCCGAACA,0,2050630
kbpp4,0.5,1,1,TCTGGGATCGCTTACTAAGA,0,2080743
kbpp4,0.5,1,1,TCTGGCGGAGTGGCGGCATG,0,2029050
kbpp4,0.5,1,1,TCTGCTGAGGTCAGAACGAT,0,2053435
kbpp4,0.5,1,1,TCTGCGCTAAGCCCTCTGAA,0,2043821
kbpp4,0.5,1,1,TCTGCCAAGTGTCAGGACTT,0,2027295
kbpp4,0.5,1,1,TCTGCATGGTGGCATTGGGG,0,2032018
kbpp4,0.5,1,1,TCTGCAAGAGGATAAGGTAC,0,2076424
kbpp4,0.5,1,1,TCTGATGAGTGTTTTGGAGA,0,2072671
kbpp4,0.5,1,1,TCTGACAAAGGAGCGCGACT,0,2051271
kbpp4,0.5,1,1,TCTCTCGCGGACGACGCACA,0,2051191
kbpp4,0.5,1,1,TCTCTAAGGCTAGAAATGTT,0,2067293
kbpp4,0.5,1,1,TCTCTAAGGCGTTAAGGGCA,0,2017063
kbpp4,0.5,1,1,TCTCGCTGCTACGCATTTAC,0,2052820
kbpp4,0.5,1,1,TCTCGATCGAGCCGCTATCC,0,2060642
kbpp4,0.5,1,1,TCTCGAGGATGCATTCGGAC,0,2046684
kbpp4,0.5,1,1,TCTCCGAAGTGGAATTGGTT,0,2044945
kbpp4,0.5,1,1,TCTCCCTCGCTCTAAGAAGT,0,2025347
kbpp4,0.5,1,1,TCTCCCGTGGTGTTCACGAG,0,2027161
kbpp4,0.5,1,1,TCTCAGACGTATTGTTTCTT,0,2061583
kbpp4,0.5,1,1,TCTCAGAATCCCCCGCGTAC,0,2018912
kbpp4,0.5,1,1,TCTCACGTGACCTATGGCGA,0,2067765
kbpp4,0.5,1,1,TCTCACACCTGTCCGGGGAC,0,2043499
kbpp4,0.5,1,1,TCTCAAGTCCCGACTGTTCA,0,2055133
kbpp4,0.5,1,1,TCTATCCCAACCGAGTGAAG,0,2028577
kbpp4,0.5,1,1,TCTATCATACACAACCCCCT,0,2052864
kbpp4,0.5,1,1,TCTATATGCATTGGGGCGAA,0,2027558
kbpp4,0.5,1,1,TCTAGTACGGGGATACGCTA,0,2034996
kbpp4,0.5,1,1,TCTAGGGTTAATGTTGCGTT,0,2045755
kbpp4,0.5,1,1,TCTAGCTGCGACTTTATGGC,0,2067252
kbpp4,0.5,1,1,TCTACGCAGGGCGGCATCTC,0,2066925
kbpp4,0.5,1,1,TCTAATTCCGTCCTTTAGAT,0,2018657
kbpp4,0.5,1,1,TCTAATTACAAGGTGAGTTA,0,2068928
kbpp4,0.5,1,1,TCTAATCTAGATCCCACAAC,0,2084522
kbpp4,0.5,1,1,TCTAAGGTATGCCCGGCATA,0,2049339
kbpp4,0.5,1,1,TCTAAGACGACACATCAGAG,0,2020277
kbpp4,0.5,1,1,TCTAAAAGTCGTTCACTACG,0,2073910
kbpp4,0.5,1,1,TCGTTGGGTAGGTCAGAAAC,0,2070785
kbpp4,0.5,1,1,TCGTTGCTGAGACGGGATAA,0,2068125
kbpp4,0.5,1,1,TCGTTCCAAAGTTCTGAGCC,0,2065577
kbpp4,0.5,1,1,TCGTTACGATGATATTAAGG,0,2022514
kbpp4,0.5,1,1,TCGTGTAGATTGTACAGCTT,0,2065072
kbpp4,0.5,1,1,TCGTGGACCTCACTCTATCC,0,2052172
kbpp4,0.5,1,1,TCGTCATCTCTTCCGATTAG,0,2061290
kbpp4,0.5,1,1,TCGTCACACTGGAACTGTCT,0,2016088
kbpp4,0.5,1,1,TCGTCAAAATTCGTATATGT,0,2074481
kbpp4,0.5,1,1,TCGTCAAAATACAGAATGAC,0,2066463
kbpp4,0.5,1,1,TCGTATCCTCGCTAGGGCAG,0,2035645
kbpp4,0.5,1,1,TCGTACCGGGGGCCTGGGCG,0,2074067
kbpp4,0.5,1,1,TCGTAAAGCTGTTCAGGTCA,0,2051057
kbpp4,0.5,1,1,TCGGTTTCTCCTCTATGCCA,0,2075581
kbpp4,0.5,1,1,TCGGTTATAGCCTCAGCGCT,0,2052510
kbpp4,0.5,1,1,TCGGTGTTAAGAGGGGGGGT,0,2078537
kbpp4,0.5,1,1,TCGGTGCCCGAGCTCTGTAT,0,2035897
kbpp4,0.5,1,1,TCGGTCATCCAACCCATCCT,0,2035569
kbpp4,0.5,1,1,TCGGTAACCCAGGGCGAAAT,0,2020023
kbpp4,0.5,1,1,TCGGGTCTGGTTGACGAACA,0,2026732
kbpp4,0.5,1,1,TCGGGTAAGCGAGCCCTAAC,0,2074070
kbpp4,0.5,1,1,TCGGGCGGATGGGTAAGTCT,0,2027982
kbpp4,0.5,1,1,TCGGGACAGAATGCGCGGTG,0,2017156
kbpp4,0.5,1,1,TCGGACCCGTTATGAGCTGC,0,2077744
kbpp4,0.5,1,1,TCGGACATAGTGGCGTCGCA,0,2038100
kbpp4,0.5,1,1,TCGCTTTACCCCCGACGGGA,0,2037235
kbpp4,0.5,1,1,TCGCTGGTCCGTCATGAGGT,0,2050876
kbpp4,0.5,1,1,TCGCGTATAGCCGGGTATAC,0,2074269
kbpp4,0.5,1,1,TCGCCTCTTAGAAAAGATAT,0,2045349
kbpp4,0.5,1,1,TCGCCAGCGACCTGCGCTTA,0,2037545
kbpp4,0.5,1,1,TCGCATCGTTATCGCTTTTG,0,2018866
kbpp4,0.5,1,1,TCGCAGGCCCATCGGTCGTC,0,2025970
kbpp4,0.5,1,1,TCGCACTAGATTCCAGCGTA,0,2044801
kbpp4,0.5,1,1,TCGATAGGTAGAGCGCATTT,0,2043471
kbpp4,0.5,1,1,TCGAGTGACATAAATGATGA,0,2065762
kbpp4,0.5,1,1,TCGAGTCCGGTATTTGTTTC,0,2047589
kbpp4,0.5,1,1,TCGAGACAGATTAGCTCAAA,0,2077691
kbpp4,0.5,1,1,TCGAGAAAATTTCCAAGCGT,0,2046350
kbpp4,0.5,1,1,TCGACAGATGCAAAATATAG,0,2079455
kbpp4,0.5,1,1,TCGAAGGGGATATCCGTGAC,0,2050855
kbpp4,0.5,1,1,TCCTTTTCGAGCCCTGCGGA,0,2064394
kbpp4,0.5,1,1,TCCTTGTATCTCGTCACCGT,0,2046921
kbpp4,0.5,1,1,TCCTTGAGCAGTTCAGTACT,0,2078661
kbpp4,0.5,1,1,TCCTTGAACTGGTGCCCTTC,0,2041133
kbpp4,0.5,1,1,TCCTTAGCGCTCCGCACATC,0,2054441
kbpp4,0.5,1,1,TCCTGGTAGATGATGAAGGC,0,2018547
kbpp4,0.5,1,1,TCCTGCGTTGGTCTCCCCGA,0,2067145
kbpp4,0.5,1,1,TCCTCGTAGGAGTGTTGAGT,0,2016180
kbpp4,0.5,1,1,TCCTCCGCACTCTGTTCAAT,0,2034915
kbpp4,0.5,1,1,TCCTCATATATGAGACGTAA,0,2056836
kbpp4,0.5,1,1,TCCTCAGAAGCCAAGTGATC,0,2085118
kbpp4,0.5,1,1,TCCTATTCGACTAGCGCGGT,0,2077217
kbpp4,0.5,1,1,TCCTAGCTGGCAAAAGCGTA,0,2066025
kbpp4,0.5,1,1,TCCTACACAGATTCTATTCC,0,2073170
kbpp4,0.5,1,1,TCCGGTACATTAGACAGACC,0,2060576
kbpp4,0.5,1,1,TCCGGGTCCGCGTTACACGG,0,2084389
kbpp4,0.5,1,1,TCCGCTCTACTAAAACATCC,0,2048967
kbpp4,0.5,1,1,TCCGCGCTGGAGGTGAATAA,0,2080839
kbpp4,0.5,1,1,TCCGCGCTAAACTGCACACA,0,2044225
kbpp4,0.5,1,1,TCCGCGCGCTAAACGACCTC,0,2051695
kbpp4,0.5,1,1,TCCGCCTTTGCACCTTTTGA,0,2082744
kbpp4,0.5,1,1,TCCGCCCTTGGGACAGTGGA,0,2051254
kbpp4,0.5,1,1,TCCGCCACTGGTTAACGCGA,0,2057670
kbpp4,0.5,1,1,TCCCTGACCGCCAATCACTA,0,2064825
kbpp4,0.5,1,1,TCCCTAGACTTATTAATTGT,0,2062259
kbpp4,0.5,1,1,TCCCTACGACATACAGCTTG,0,2078742
kbpp4,0.5,1,1,TCCCGCAATGTCTAGCGTTT,0,2030375
kbpp4,0.5,1,1,TCCCGAGTGTCAGAGCCCCA,0,2027667
kbpp4,0.5,1,1,TCCCCTTTTTAAAAAGCCTA,0,2019224
kbpp4,0.5,1,1,TCCCCAGATTCAAACCGACC,0,2030318
kbpp4,0.5,1,1,TCCCATGGACCCTGGTGTTA,0,2017545
kbpp4,0.5,1,1,TCCCAAAAATGAGTGGAGTG,0,2055889
kbpp4,0.5,1,1,TCCATCACCCCACTTGGCGT,0,2017024
kbpp4,0.5,1,1,TCCAGTAGTTAATTCGTCCA,0,2083907
kbpp4,0.5,1,1,TCCACAAAGTTTAGTGGGAG,0,2047921
kbpp4,0.5,1,1,TCCAATACGTTGGGCTTCCA,0,2019089
kbpp4,0.5,1,1,TCCAAGATATTTAGGCTAGT,0,2046034
kbpp4,0.5,1,1,TCATTTACGACATCACGTTA,0,2037114
kbpp4,0.5,1,1,TCATGTTCCGAACAGAGCAG,0,2057850
kbpp4,0.5,1,1,TCATGGCCCGTATAGTTATC,0,2026868
kbpp4,0.5,1,1,TCATGCTCAGCTGTTTCAGA,0,2068929
kbpp4,0.5,1,1,TCATCGGAAGAGCTCGTTAA,0,2030593
kbpp4,0.5,1,1,TCATCGACGATGGGGTATGA,0,2053189
kbpp4,0.5,1,1,TCATCGACAGCTAGTACCTC,0,2052523
kbpp4,0.5,1,1,TCATCCTTGCAGCCGTCTCA,0,2014487
kbpp4,0.5,1,1,TCATCCGGTCGCACCGGTGG,0,2054629
kbpp4,0.5,1,1,TCATCCGAGCCGCTAACTCG,0,2044897
kbpp4,0.5,1,1,TCATCCAGAAGCTGGGCGCA,0,2075192
kbpp4,0.5,1,1,TCATATAGAGTTTACGTTTA,0,2041577
kbpp4,0.5,1,1,TCATAGATATCCGGGGCAAC,0,2071027
kbpp4,0.5,1,1,TCAGTGAAGCGTGAGATCGG,0,2036428
kbpp4,0.5,1,1,TCAGGGAAACATGTCGTCCT,0,2053117
kbpp4,0.5,1,1,TCAGCTGGTTTAGCGGATCT,0,2050166
kbpp4,0.5,1,1,TCAGCAGCTGATCCAACCAC,0,2046758
kbpp4,0.5,1,1,TCAGACTCGACGTGCCAGTC,0,2073466
kbpp4,0.5,1,1,TCACTGGCTAGTCTCCTGAA,0,2079339
kbpp4,0.5,1,1,TCACGTATTGCGACCGATTA,0,2045038
kbpp4,0.5,1,1,TCACGGTCCTTGAGATAATG,0,2045226
kbpp4,0.5,1,1,TCACGGTCACTCCTTAATAC,0,2050501
kbpp4,0.5,1,1,TCACGGGCCGAGGTCGAGCC,0,2075876
kbpp4,0.5,1,1,TCACGCCAGTTAGTAGGCTT,0,2031532
kbpp4,0.5,1,1,TCACGATGGGTGCGCAGATT,0,2017514
kbpp4,0.5,1,1,TCACGACGTTGGGTAAGGTC,0,2052431
kbpp4,0.5,1,1,TCACCCTAGATTCAACGCTG,0,2047690
kbpp4,0.5,1,1,TCACAGTAACTACAGAGGCT,0,2072176
kbpp4,0.5,1,1,TCAATTACATGTTGGAATGT,0,2030373
kbpp4,0.5,1,1,TCAATCGTATTCGATGGCTA,0,2057098
kbpp4,0.5,1,1,TCAAGTCTATATCTGTACCA,0,2055940
kbpp4,0.5,1,1,TCAAGGGGAAGGTGGCTTCA,0,2053043
kbpp4,0.5,1,1,TCAAGAAACGGTTACCCGGC,0,2065695
kbpp4,0.5,1,1,TCAACCAGGGGGCCGCGGTT,0,2054293
kbpp4,0.5,1,1,TCAACAAGCCACCTTCACAT,0,2068994
kbpp4,0.5,1,1,TCAAATCTATAGGACGTGTA,0,2030545
kbpp4,0.5,1,1,TCAAAGGACCCACGCCTTCC,0,2069671
kbpp4,0.5,1,1,TCAAAGAGAGTAATCCGCAG,0,2023661
kbpp4,0.5,1,1,TCAAACGACCCGATCCAGCA,0,2080710
kbpp4,0.5,1,1,TCAAACACTGGGTTTGTTAG,0,2019679
kbpp4,0.5,1,1,TATTTGGAACGGGGCATAGT,0,2050386
kbpp4,0.5,1,1,TATTTGATACGAGCTGCAGT,0,2076406
kbpp4,0.5,1,1,TATTTCTTTAGTCACCCATA,0,2051901
kbpp4,0.5,1,1,TATTTCCGTGAGCTACGCGC,0,2082719
kbpp4,0.5,1,1,TATTTCAAGGTTGAAATCAA,0,2078031
kbpp4,0.5,1,1,TATTTATATAGGTGCTTCAA,0,2070029
kbpp4,0.5,1,1,TATTGGGATCGTCAACGTAC,0,2034662
kbpp4,0.5,1,1,TATTGCCATCTGGTTATCAG,0,2045105
kbpp4,0.5,1,1,TATTACTATCACTTAGCTGT,0,2069780
kbpp4,0.5,1,1,TATTACGGGTCTTCCTGCAG,0,2083400
kbpp4,0.5,1,1,TATTACCTAAATCAGTAACG,0,2055585
kbpp4,0.5,1,1,TATTAATGGTCTGTCATCCA,0,2073671
kbpp4,0.5,1,1,TATTAATCTGTATTGCAATG,0,2036357
kbpp4,0.5,1,1,TATGTTTTTGCGTTAAGGGT,0,2071120
kbpp4,0.5,1,1,TATGGTGGACTGTCCCGATT,0,2038765
kbpp4,0.5,1,1,TATGGTGCCGGTAAGATGGC,0,2080268
kbpp4,0.5,1,1,TATGGTGAGTCATGTCTGCA,0,2061570
kbpp4,0.5,1,1,TATGGGCGGCTTGGACCGTT,0,2019779
kbpp4,0.5,1,1,TATGCGCCTAATAATACCAG,0,2077844
kbpp4,0.5,1,1,TATGAGGTTCGTCTGCAGTA,0,2055182
kbpp4,0.5,1,1,TATGAAATGGTGGCCCAACT,0,2058208
kbpp4,0.5,1,1,TATCTCGGTAATCGAACATT,0,2046181
kbpp4,0.5,1,1,TATCGTCTTATTAAGCTGAA,0,2070754
kbpp4,0.5,1,1,TATCGTCGTTAATTTCGAGG,0,2015871
kbpp4,0.5,1,1,TATCGTCATCCGGCTTCGCT,0,2017310
kbpp4,0.5,1,1,TATCGTAGCGATCAAAATCT,0,2049940
kbpp4,0.5,1,1,TATCGTACTCTTTTCCATGC,0,2075671
kbpp4,0.5,1,1,TATCCCCAGCCCGAATAGGA,0,2072059
kbpp4,0.5,1,1,TATCAGCGCGAAAAGACGCT,0,2046116
kbpp4,0.5,1,1,TATCACCCTCCAAAGCGAGA,0,2077835
kbpp4,0.5,1,1,TATCAAGCGCCCCCAGTTAA,0,2020894
kbpp4,0.5,1,1,TATATTGACGAAATACTCTG,0,2029726
kbpp4,0.5,1,1,TATATTCAGGGGGAGCATTT,0,2051390
kbpp4,0.5,1,1,TATATCCCGCCTTAAACTTT,0,2016053
kbpp4,0.5,1,1,TATATAGACCTTAACCGTGG,0,2029041
kbpp4,0.5,1,1,TATAGGCTAGGCGTAGAGTG,0,2084036
kbpp4,0.5,1,1,TATAGCCAGATGAGTGCAAA,0,2042593
kbpp4,0.5,1,1,TATAGCCAACCGTAATGGAT,0,2060693
kbpp4,0.5,1,1,TATAGAGGGTTCGAGGCATC,0,2054849
kbpp4,0.5,1,1,TATACCCTTAGTTGGCCTGA,0,2078361
kbpp4,0.5,1,1,TATACCAACTCGCATGCAAG,0,2068389
kbpp4,0.5,1,1,TATAATTCCACGTGGTCGTT,0,2066560
kbpp4,0.5,1,1,TATAAGGGGCCAATTCTAAG,0,2078780
kbpp4,0.5,1,1,TATAAGGCTGCACTCGAACT,0,2054747
kbpp4,0.5,1,1,TAGTGCCCACAGCGCGAATA,0,2073542
kbpp4,0.5,1,1,TAGGTTGCAGCATCGAAGAA,0,2079721
kbpp4,0.5,1,1,TAGGTGGTATTGTGAATCGC,0,2038450
kbpp4,0.5,1,1,TAGGTCGCCTCCTTGCCACT,0,2079282
kbpp4,0.5,1,1,TAGGTAGGTGCCAGCCAGAG,0,2028992
kbpp4,0.5,1,1,TAGGTACGCCACCCAGAGGG,0,2048180
kbpp4,0.5,1,1,TAGGGCACGATATACGTCAG,0,2048779
kbpp4,0.5,1,1,TAGGGATATATGCCATCCGT,0,2082469
kbpp4,0.5,1,1,TAGGGACGCCATATTACAAT,0,2061109
kbpp4,0.5,1,1,TAGGCGAGTGACCTGCCGGG,0,2072121
kbpp4,0.5,1,1,TAGGCATAACTTCCGCAACA,0,2056679
kbpp4,0.5,1,1,TAGGAGTCTATGGATCGTGC,0,2051278
kbpp4,0.5,1,1,TAGGAATGGGCATGAGCGGA,0,2047805
kbpp4,0.5,1,1,TAGCTTGACGCATAAGGTGC,0,2056059
kbpp4,0.5,1,1,TAGCGCACGTCATCTAACGT,0,2067212
kbpp4,0.5,1,1,TAGCCGTCAGTTCACCGTCG,0,2017856
kbpp4,0.5,1,1,TAGCAGGCTTAGAGTCTATC,0,2058443
kbpp4,0.5,1,1,TAGCAAACGACAAGGATAGG,0,2052134
kbpp4,0.5,1,1,TAGATTGCTACCGTCGTGGC,0,2051323
kbpp4,0.5,1,1,TAGATTGCACGACCTTCAGA,0,2021062
kbpp4,0.5,1,1,TAGATTCTGTTAGTCCACGG,0,2062831
kbpp4,0.5,1,1,TAGATCTACACGATTAAAAT,0,2068228
kbpp4,0.5,1,1,TAGAGGCATAGAATCAGCTC,0,2024853
kbpp4,0.5,1,1,TAGAGCAACGGAGCTACGGG,0,2041266
kbpp4,0.5,1,1,TAGAGAAATGTTTCTGTAGT,0,2018288
kbpp4,0.5,1,1,TAGACCCATCCGTTGTGCTC,0,2026173
kbpp4,0.5,1,1,TAGAAAACGTACAGCGCACT,0,2028760
kbpp4,0.5,1,1,TACTTGCGGCATCGAGTAGT,0,2020435
kbpp4,0.5,1,1,TACTGTGGCTTATACTCCGC,0,2033214
kbpp4,0.5,1,1,TACTGCACGCTCTCATTGTC,0,2022692
kbpp4,0.5,1,1,TACTATATACGTGTCAACTC,0,2056344
kbpp4,0.5,1,1,TACTAAGTAAGGCGGCAGCT,0,2032663
kbpp4,0.5,1,1,TACGTTCGTGTTTTTCTTTC,0,2077193
kbpp4,0.5,1,1,TACGTGCGGGGAATTACTGT,0,2064884
kbpp4,0.5,1,1,TACGTCGTACGAATAGCGCG,0,2022127
kbpp4,0.5,1,1,TACGTCGTAAGCTCTCGAAC,0,2069481
kbpp4,0.5,1,1,TACGTCCACCTCCTTGGCAA,0,2017429
kbpp4,0.5,1,1,TACGGGAGCCACCGGACAAC,0,2063438
kbpp4,0.5,1,1,TACGGCAAGTACAAAATCTA,0,2057100
kbpp4,0.5,1,1,TACGCGCCCATATTCTTAAA,0,2040599
kbpp4,0.5,1,1,TACGCAAGGCGTAGGTACCA,0,2048918
kbpp4,0.5,1,1,TACGAAACGACCCTGGCGAT,0,2043627
kbpp4,0.5,1,1,TACCTCCTCGATCATGGTGT,0,2026363
kbpp4,0.5,1,1,TACCTCATTACGTTCTAAGG,0,2085171
kbpp4,0.5,1,1,TACCGGCCATCACGCCCGTT,0,2045758
kbpp4,0.5,1,1,TACCGCGAAGGAACACGCGC,0,2019419
kbpp4,0.5,1,1,TACCCGTAAAAGGATGCGGC,0,2018005
kbpp4,0.5,1,1,TACCCCCTGAAAGTGCATTA,0,2017169
kbpp4,0.5,1,1,TACCAAACATCTTGTATATG,0,2017431
kbpp4,0.5,1,1,TACATGTTATCGTGGTTTGC,0,2039399
kbpp4,0.5,1,1,TACACTAAGGGCCCGTACCC,0,2039240
kbpp4,0.5,1,1,TACACGTCATGGAGTAAAGT,0,2085157
kbpp4,0.5,1,1,TACACGGGCCGGCCTTCTTG,0,2032468
kbpp4,0.5,1,1,TACACGGCTATTAATGTTAT,0,2060692
kbpp4,0.5,1,1,TACACGCTGATGCTTGCGCT,0,2080792
kbpp4,0.5,1,1,TACACGATTCGCAGCCTTAT,0,2033923
kbpp4,0.5,1,1,TACACCAGTCACCTTATTTA,0,2069347
kbpp4,0.5,1,1,TACAACCCAAGAGACCTTTC,0,2067682
kbpp4,0.5,1,1,TAATTTAAGCGAGTTCGGAA,0,2055626
kbpp4,0.5,1,1,TAATTGTTCCCGGTGCAATA,0,2066234
kbpp4,0.5,1,1,TAATGTCACGCCTATGCTTT,0,2071408
kbpp4,0.5,1,1,TAATGCCCTTAGCCCTGCAG,0,2026924
kbpp4,0.5,1,1,TAATCTTACAAACTCACAAG,0,2076993
kbpp4,0.5,1,1,TAATCGAACTGCGTCAGAGG,0,2043724
kbpp4,0.5,1,1,TAATCCTGAAACTCTTCATA,0,2034323
kbpp4,0.5,1,1,TAATCCTATGCTTGACATGG,0,2029268
kbpp4,0.5,1,1,TAATATAATTATCGACACCA,0,2069395
kbpp4,0.5,1,1,TAATAATATAGTACCAGACC,0,2058328
kbpp4,0.5,1,1,TAAGTTCCACAGTGCACAAA,0,2032791
kbpp4,0.5,1,1,TAAGTCACAGTTTACATGAC,0,2043248
kbpp4,0.5,1,1,TAAGGGACTAAGCTCATGAA,0,2040365
kbpp4,0.5,1,1,TAAGGCGGAAACGGTGTCTA,0,2028603
kbpp4,0.5,1,1,TAAGGCCATTTGCTGTGCAG,0,2052923
kbpp4,0.5,1,1,TAAGGATGGAAGGATGTTAC,0,2032381
kbpp4,0.5,1,1,TAAGGACGAGAAGATCGGGG,0,2035814
kbpp4,0.5,1,1,TAAGGACCTTGACAGGCTCA,0,2036372
kbpp4,0.5,1,1,TAAGCTAGCACTAAATGTAC,0,2032425
kbpp4,0.5,1,1,TAAGCGTCTCGCATATTCGG,0,2025804
kbpp4,0.5,1,1,TAAGAGTGGGTACAAAGTTG,0,2044308
kbpp4,0.5,1,1,TAACTTTTCCGCCTTGATTC,0,2064714
kbpp4,0.5,1,1,TAACTTTCTTATCGGGTTGC,0,2079835
kbpp4,0.5,1,1,TAACTGGGAGATGTCTAGGG,0,2071009
kbpp4,0.5,1,1,TAACTCTCACCCCTATCAGC,0,2075920
kbpp4,0.5,1,1,TAACTCGGGGGGTTAGTGTT,0,2029462
kbpp4,0.5,1,1,TAACTATCAATTTGTTAGAA,0,2022262
kbpp4,0.5,1,1,TAACGTTTCACCGTAGTTTT,0,2020089
kbpp4,0.5,1,1,TAACGTCGTTTGCCTTGTCT,0,2054189
kbpp4,0.5,1,1,TAACGTACGCCGAAATGCCA,0,2040975
kbpp4,0.5,1,1,TAACGGTACACCTCGGTCAT,0,2035679
kbpp4,0.5,1,1,TAACGCAAGACGAAAGAAGG,0,2014912
kbpp4,0.5,1,1,TAAATTATGCCTGACCGTCC,0,2035463
kbpp4,0.5,1,1,TAAATGCGCGAGTAAAAGGA,0,2073113
kbpp4,0.5,1,1,TAAATGATTTAGCCCCCGTC,0,2074423
kbpp4,0.5,1,1,TAAATCTTCTCTAATACTGC,0,2081093
kbpp4,0.5,1,1,TAAATCGCGAATTGCCGGGT,0,2073390
kbpp4,0.5,1,1,TAAAGGGCACCCGTTGTTAT,0,2072716
kbpp4,0.5,1,1,TAAAGCGTATCAACAACCGA,0,2046532
kbpp4,0.5,1,1,TAAAACGTGCGGCTAAAGCA,0,2039528
kbpp4,0.5,1,1,GTTTTGACTGGAAACACAAC,0,2041724
kbpp4,0.5,1,1,GTTTGTTTCGATGGCCTTTA,0,2045761
kbpp4,0.5,1,1,GTTTGTGGTGACAACTTAAA,0,2049859
kbpp4,0.5,1,1,GTTTCTCCTCGTGTCGCACA,0,2049098
kbpp4,0.5,1,1,GTTTCGGAGGAAAGCGAATG,0,2064513
kbpp4,0.5,1,1,GTTTCAGGCCCCAACTGCGT,0,2019113
kbpp4,0.5,1,1,GTTTCAAAGTGGCTTCGGGA,0,2027747
kbpp4,0.5,1,1,GTTTATAGTCGGAGAGCCTC,0,2037171
kbpp4,0.5,1,1,GTTTAGATCGCGCATATCAA,0,2022543
kbpp4,0.5,1,1,GTTGTTAATGTTAGCCCCCT,0,2047819
kbpp4,0.5,1,1,GTTGTGAGCTATAAAAAGCT,0,2042764
kbpp4,0.5,1,1,GTTGTCAACGCGGTCCTACC,0,2058329
kbpp4,0.5,1,1,GTTGGGAACTCCCAGAATTC,0,2035449
kbpp4,0.5,1,1,GTTGGAGGTTGCGTAAGGTA,0,2057726
kbpp4,0.5,1,1,GTTGCGTTAAAGCATGTTTA,0,2055256
kbpp4,0.5,1,1,GTTGCGTAACTTTCTTGAGT,0,2072383
kbpp4,0.5,1,1,GTTGCGAACTCGCGTGCCTT,0,2032022
kbpp4,0.5,1,1,GTTGCCCGTAACCTGTCGGA,0,2048669
kbpp4,0.5,1,1,GTTGAAGCGTGGAATACCTT,0,2022201
kbpp4,0.5,1,1,GTTCTGGTGCGTCTAGGTCT,0,2066816
kbpp4,0.5,1,1,GTTCTCCACGGTCACGGGGT,0,2024512
kbpp4,0.5,1,1,GTTCGGGCAGAGATGCGAAG,0,2037428
kbpp4,0.5,1,1,GTTCCGGTACCAATCATCGC,0,2049140
kbpp4,0.5,1,1,GTTCCCTAAGTGACTAGATT,0,2065429
kbpp4,0.5,1,1,GTTCATGGTCTACGTGACAT,0,2050239
kbpp4,0.5,1,1,GTTCATACGCTCATCCGGCG,0,2075829
kbpp4,0.5,1,1,GTTCAGGGGATCGTTGGCAT,0,2044369
kbpp4,0.5,1,1,GTTCAGGGGATAGGGTATGA,0,2039038
kbpp4,0.5,1,1,GTTATTTGCATGTAGTCCGC,0,2015280
kbpp4,0.5,1,1,GTTATTGCCTGAAATTTCAA,0,2055009
kbpp4,0.5,1,1,GTTATTCCTGATGAAATCTA,0,2021490
kbpp4,0.5,1,1,GTTATATACCTCTCTTACCT,0,2036355
kbpp4,0.5,1,1,GTTAGGAATGGTGCGAGTGT,0,2032217
kbpp4,0.5,1,1,GTTAGATCTGCTGATAAGAC,0,2072437
kbpp4,0.5,1,1,GTTACAAGCGTGCCCGAAAG,0,2082504
kbpp4,0.5,1,1,GTTAATATGGCAAAATATCA,0,2024164
kbpp4,0.5,1,1,GTTAAGTGTTGAATCGGAAA,0,2083296
kbpp4,0.5,1,1,GTTAACGGATCAATGGTCAG,0,2053570
kbpp4,0.5,1,1,GTTAACACAACGGCTATTTT,0,2027602
kbpp4,0.5,1,1,GTGTTCGTCCTTCTCGCCAT,0,2021296
kbpp4,0.5,1,1,GTGTTCCAAAGGGAATTTCC,0,2030709
kbpp4,0.5,1,1,GTGTTATCGTTGCAAGCATA,0,2061929
kbpp4,0.5,1,1,GTGTGTTATAGTCTTTCCGT,0,2039189
kbpp4,0.5,1,1,GTGTGTCATGCATTGCGTTT,0,2023531
kbpp4,0.5,1,1,GTGTGTCAGTGGTTAGTGGA,0,2021419
kbpp4,0.5,1,1,GTGTGAATCACCTCGGTTTG,0,2022788
kbpp4,0.5,1,1,GTGTCTCGGCGTTACCGGTC,0,2065824
kbpp4,0.5,1,1,GTGTCGTCGCCATCCCAATT,0,2015363
kbpp4,0.5,1,1,GTGTCCAGGGATTAGGGCCA,0,2077812
kbpp4,0.5,1,1,GTGTCAAAATTACATTGCAG,0,2059295
kbpp4,0.5,1,1,GTGTATGGGCCGCGTTTTCA,0,2047995
kbpp4,0.5,1,1,GTGTATGAGCTGCCGTGTGA,0,2051268
kbpp4,0.5,1,1,GTGTATACAGAGCTCAGGGT,0,2042711
kbpp4,0.5,1,1,GTGTAGTCTACTGCACCGGC,0,2048152
kbpp4,0.5,1,1,GTGTAGGGGGGGGTAGCCTT,0,2037169
kbpp4,0.5,1,1,GTGGTTTTACGATAGTCCCT,0,2025026
kbpp4,0.5,1,1,GTGGTGCAGACAGCGGCCAC,0,2028991
kbpp4,0.5,1,1,GTGGTCCCGCACAGGACAGT,0,2055199
kbpp4,0.5,1,1,GTGGTATCGTGGGAAGTCTT,0,2015412
kbpp4,0.5,1,1,GTGGGTCCCAATTTTTGTTA,0,2044732
kbpp4,0.5,1,1,GTGGGGTAAGAACCCCTTTA,0,2026842
kbpp4,0.5,1,1,GTGGGATTTGCAGTCCTCAG,0,2042299
kbpp4,0.5,1,1,GTGGGATGGGATCTCGTCCT,0,2020517
kbpp4,0.5,1,1,GTGGCTCGTGTGTCAAGTAA,0,2016719
kbpp4,0.5,1,1,GTGGCGCACGCTCGCGGCGT,0,2076596
kbpp4,0.5,1,1,GTGGACGACCTTGTTCCCGC,0,2067503
kbpp4,0.5,1,1,GTGGACCCAGCCTCACCGCT,0,2061258
kbpp4,0.5,1,1,GTGGAATTGGTGCCTAAATT,0,2079374
kbpp4,0.5,1,1,GTGCTTTAGACTTGAGGTTA,0,2037491
kbpp4,0.5,1,1,GTGCTTGGGCCGGGGAGGAC,0,2058502
kbpp4,0.5,1,1,GTGCTCCAGTCGCAAGCGGT,0,2061393
kbpp4,0.5,1,1,GTGCTAGCGTGTGGGGAGCA,0,2030645
kbpp4,0.5,1,1,GTGCGGTTTAATAGACCGTA,0,2079778
kbpp4,0.5,1,1,GTGCGGTCTCCTTCACACGA,0,2022168
kbpp4,0.5,1,1,GTGCGGGTCCAAGGGTACGG,0,2035798
kbpp4,0.5,1,1,GTGCGCGTGGATAAAGTGTG,0,2040932
kbpp4,0.5,1,1,GTGCGCGAGATGGCTCCTAG,0,2016823
kbpp4,0.5,1,1,GTGCCTGGAGTAACCGCCGT,0,2032565
kbpp4,0.5,1,1,GTGCCTAGTGAAACGTCTCT,0,2057202
kbpp4,0.5,1,1,GTGCCGTTCCGATGGGGGTA,0,2050368
kbpp4,0.5,1,1,GTGCCGCCTGGGAGAGGAGT,0,2048960
kbpp4,0.5,1,1,GTGCCCTTTCGATCCCGGGA,0,2073081
kbpp4,0.5,1,1,GTGCCCCAATCGCAAAAGGG,0,2032358
kbpp4,0.5,1,1,GTGCCATGAAAGCGGTCCAG,0,2082280
kbpp4,0.5,1,1,GTGCACCAAGCGACTAAACT,0,2047479
kbpp4,0.5,1,1,GTGCACACTTGTATGCGAGT,0,2063983
kbpp4,0.5,1,1,GTGCAATATAAGATCTCACT,0,2065921
kbpp4,0.5,1,1,GTGAGTGGGCGCCACATTTA,0,2034872
kbpp4,0.5,1,1,GTGAGGTGAATGCTGCATGT,0,2081048
kbpp4,0.5,1,1,GTGAGCTCCATGTGGACGGA,0,2032398
kbpp4,0.5,1,1,GTGAGCGGTTCGGAAACCCG,0,2055363
kbpp4,0.5,1,1,GTGAGAACCACCTTGAAGTG,0,2063764
kbpp4,0.5,1,1,GTGACTCGTAGGGGAGAACA,0,2029123
kbpp4,0.5,1,1,GTGACTAGGGATAGTCTCGC,0,2064539
kbpp4,0.5,1,1,GTGACGGTGGCCGTTGGGGA,0,2062233
kbpp4,0.5,1,1,GTGACCCTGCCCGGGCGAGT,0,2054215
kbpp4,0.5,1,1,GTGAAGGGCCACAAAAGATG,0,2022886
kbpp4,0.5,1,1,GTGAACCTACTTCTGTGTAA,0,2080031
kbpp4,0.5,1,1,GTGAAACCGAAGTTAAATCA,0,2078954
kbpp4,0.5,1,1,GTCTTTGGTTGTTCGTTGAG,0,2033673
kbpp4,0.5,1,1,GTCTTTCGGGCCTGAACTAT,0,2032470
kbpp4,0.5,1,1,GTCTTACCCGCACTCGCACA,0,2051269
kbpp4,0.5,1,1,GTCTGTCATTTGCTATAGCA,0,2067613
kbpp4,0.5,1,1,GTCTCTGTCTGTCTCTCGGT,0,2048205
kbpp4,0.5,1,1,GTCTCCATTGTAAGTCACGT,0,2084182
kbpp4,0.5,1,1,GTCTAGTGTCTCATCCAATT,0,2064060
kbpp4,0.5,1,1,GTCGTTTTTACCAAGGTGGA,0,2052450
kbpp4,0.5,1,1,GTCGTTCAACCCTCACAGGG,0,2058503
kbpp4,0.5,1,1,GTCGTGCGGTACGTTCCTGT,0,2050130
kbpp4,0.5,1,1,GTCGTCCTTTGTTGTTCGTT,0,2038076
kbpp4,0.5,1,1,GTCGCTTTGTCCTCCTCTCA,0,2024948
kbpp4,0.5,1,1,GTCGCACGCGTGTCATCTGT,0,2077702
kbpp4,0.5,1,1,GTCGATTCAGGGCCTTCGAT,0,2083568
kbpp4,0.5,1,1,GTCGAGTCTCAGCACCAGAT,0,2068453
kbpp4,0.5,1,1,GTCCTGACAACCCTTCACGT,0,2016909
kbpp4,0.5,1,1,GTCCTCTAGAAAGCGACGAT,0,2078663
kbpp4,0.5,1,1,GTCCTCGTCAGATGACACTC,0,2069936
kbpp4,0.5,1,1,GTCCTCGGGTGAGCCCTCGT,0,2056354
kbpp4,0.5,1,1,GTCCTCGAGCGCCTGTCCAA,0,2074692
kbpp4,0.5,1,1,GTCCTCCGCCCGGTGTGGAT,0,2020893
kbpp4,0.5,1,1,GTCCTCCAAAGAAGCCAAAA,0,2045703
kbpp4,0.5,1,1,GTCCGTATCTGCTGGATTAG,0,2020099
kbpp4,0.5,1,1,GTCCGCGTACGAACCGACTG,0,2075338
kbpp4,0.5,1,1,GTCCGAGCTTGTGTAAGCTC,0,2075824
kbpp4,0.5,1,1,GTCCCGTGTGCCAACGAAGT,0,2078847
kbpp4,0.5,1,1,GTCCCGTGTAAGGCATCTAC,0,2080783
kbpp4,0.5,1,1,GTCCCATGCAATATCAATCT,0,2055136
kbpp4,0.5,1,1,GTCCATGGTATTCTTGGATC,0,2015269
kbpp4,0.5,1,1,GTCCAGTTGCGCGTCCAAAG,0,2080616
kbpp4,0.5,1,1,GTCCAGTCCCATATGTGGCG,0,2067320
kbpp4,0.5,1,1,GTCCAGCGGTAGCTAACAAG,0,2048051
kbpp4,0.5,1,1,GTCATCGGTCGCGCCGCTCA,0,2047323
kbpp4,0.5,1,1,GTCAGTCACCTCCACCTTCA,0,2032020
kbpp4,0.5,1,1,GTCAGGCTTTTGATGCAACG,0,2017561
kbpp4,0.5,1,1,GTCAGCATCAGCGCAAGGGT,0,2030383
kbpp4,0.5,1,1,GTCAGATTAAACCTCATCTT,0,2044964
kbpp4,0.5,1,1,GTCAGATGCTTACGTCAATT,0,2061768
kbpp4,0.5,1,1,GTCACTGCATCAGTCATGTC,0,2036968
kbpp4,0.5,1,1,GTCACGCAAGGGCGTATCGT,0,2067424
kbpp4,0.5,1,1,GTCACGAGGCGAAAAAAGTT,0,2016933
kbpp4,0.5,1,1,GTCACGAGCCACCTGTCCTA,0,2033610
kbpp4,0.5,1,1,GTCACCGGCTCCGGCAGTCA,0,2048666
kbpp4,0.5,1,1,GTCACAGTAACGGTTTCTAT,0,2040353
kbpp4,0.5,1,1,GTCAATCAGTGTTGACGGTG,0,2059661
kbpp4,0.5,1,1,GTCAAAGGTGCTCGGATCCG,0,2052559
kbpp4,0.5,1,1,GTCAAAGCCGGGCACATTGT,0,2023779
kbpp4,0.5,1,1,GTCAAAAAGCAGCATAGCGA,0,2057884
kbpp4,0.5,1,1,GTATTCTCTACTGAAATGCA,0,2017994
kbpp4,0.5,1,1,GTATTCGATACCTGCTTGGC,0,2019151
kbpp4,0.5,1,1,GTATTACTCGGTGGCGACAT,0,2048369
kbpp4,0.5,1,1,GTATGCGCCTCTTATCGGAA,0,2050936
kbpp4,0.5,1,1,GTATGAGGATTTTGGATTAG,0,2027287
kbpp4,0.5,1,1,GTATCTATCTGCCAATACAC,0,2018182
kbpp4,0.5,1,1,GTATCGTCTTCGCTGCGCTT,0,2043056
kbpp4,0.5,1,1,GTATCGGATTATCTTGCCTC,0,2084581
kbpp4,0.5,1,1,GTATCAGAGAGCAGTTATCT,0,2079952
kbpp4,0.5,1,1,GTATATCCTGTGCAGATTGC,0,2060943
kbpp4,0.5,1,1,GTATAGCGGCACCCATCCAA,0,2032359
kbpp4,0.5,1,1,GTATAAGATGTCCAAGTTGA,0,2040922
kbpp4,0.5,1,1,GTAGTTCTCTCGTAGAACAT,0,2033947
kbpp4,0.5,1,1,GTAGTTCGAGCTGTAGGTAG,0,2034613
kbpp4,0.5,1,1,GTAGTTAGCAAAGGGGTACT,0,2079823
kbpp4,0.5,1,1,GTAGGTATATGCCGTTATGC,0,2057162
kbpp4,0.5,1,1,GTAGGAGTGGTAAAATACCT,0,2058658
kbpp4,0.5,1,1,GTAGGAATCAGGGTCCCCAT,0,2052235
kbpp4,0.5,1,1,GTAGATTTGGGTTGCAAACA,0,2083247
kbpp4,0.5,1,1,GTAGACCGTGCCAACAAACC,0,2069515
kbpp4,0.5,1,1,GTAGAAGTGAGCACGGGGCA,0,2066319
kbpp4,0.5,1,1,GTAGAAATACAAATATTGAT,0,2017287
kbpp4,0.5,1,1,GTACGGACCTGGGAACCGCT,0,2030225
kbpp4,0.5,1,1,GTACGCGTAAATCTCGGGCA,0,2031264
kbpp4,0.5,1,1,GTACGCACAATCCGCGCGCG,0,2082145
kbpp4,0.5,1,1,GTACCTTGATTTAGGCACGC,0,2078611
kbpp4,0.5,1,1,GTACCGGACGGTTTCTGGTC,0,2038884
kbpp4,0.5,1,1,GTACATCAGGCCATCTAATA,0,2029444
kbpp4,0.5,1,1,GTACAGTAACCTATTCCGTT,0,2071858
kbpp4,0.5,1,1,GTAATTAGGTTTCGACGGAC,0,2022151
kbpp4,0.5,1,1,GTAATATCACCATTAGACTC,0,2033008
kbpp4,0.5,1,1,GTAAGGCTTCTAACCCGGGG,0,2020081
kbpp4,0.5,1,1,GTAAGATTGTGCGAGCCACT,0,2028455
kbpp4,0.5,1,1,GTAACAGTCCCCTAGCACCA,0,2044661
kbpp4,0.5,1,1,GTAAAGTTGACGGTGAGGAG,0,2073260
kbpp4,0.5,1,1,GTAAAGGATTAGGGACACGC,0,2043628
kbpp4,0.5,1,1,GTAAAGCGGGACACCTTGCA,0,2031009
kbpp4,0.5,1,1,GTAAAGCCGCGTCTCATGAG,0,2057465
kbpp4,0.5,1,1,GTAAAATACGCAATCGGTTC,0,2034007
kbpp4,0.5,1,1,GGTTTGCTCAGCGTTTGTTT,0,2062605
kbpp4,0.5,1,1,GGTTTGACACAGGACCCGAC,0,2051556
kbpp4,0.5,1,1,GGTTGCTTCAGACTCGGCCA,0,2031060
kbpp4,0.5,1,1,GGTTGCCGTTTCTTGAACAC,0,2055507
kbpp4,0.5,1,1,GGTTGAGTAGTTACTAAGAT,0,2069019
kbpp4,0.5,1,1,GGTTCTACGAGCTATGACAT,0,2055063
kbpp4,0.5,1,1,GGTTCGCTATAAGCGAGTGA,0,2048829
kbpp4,0.5,1,1,GGTTCCTGCATGCGCTCATC,0,2039070
kbpp4,0.5,1,1,GGTTCCAAGGCCTACGTTCC,0,2043445
kbpp4,0.5,1,1,GGTTCATCTTCCTCCCCAGA,0,2062463
kbpp4,0.5,1,1,GGTTCAGTGGGAGTAAGCAT,0,2050826
kbpp4,0.5,1,1,GGTTCACCTTCAAGGGTCTT,0,2084868
kbpp4,0.5,1,1,GGTTAGCAGCTGTCACACAT,0,2070164
kbpp4,0.5,1,1,GGTGTCCAGAATAGAGGCGT,0,2039180
kbpp4,0.5,1,1,GGTGCTTATATGCGGCAAAA,0,2085223
kbpp4,0.5,1,1,GGTGCTGTCTTGCGGATTTA,0,2063612
kbpp4,0.5,1,1,GGTGCGCCTGTAGTCTGCAT,0,2031255
kbpp4,0.5,1,1,GGTGCCTATTAGCGGCGGAC,0,2063873
kbpp4,0.5,1,1,GGTGCCAGGGAGATAGGATG,0,2038718
kbpp4,0.5,1,1,GGTGCCACAGGCTAATCTAG,0,2062602
kbpp4,0.5,1,1,GGTGACGGGCCCGACTACTT,0,2051438
kbpp4,0.5,1,1,GGTCTTAATCCCGGGGTAAT,0,2047096
kbpp4,0.5,1,1,GGTCTGCGGTCATAAGGATA,0,2040517
kbpp4,0.5,1,1,GGTCTAAGGGTCACTATATC,0,2064760
kbpp4,0.5,1,1,GGTCGGGAGTCGAACGTACC,0,2048233
kbpp4,0.5,1,1,GGTCGGATAATCACTGACAT,0,2024373
kbpp4,0.5,1,1,GGTCGGAAGGGTCGCGCCTG,0,2055696
kbpp4,0.5,1,1,GGTCGCAGTACGTAGGCATT,0,2024506
kbpp4,0.5,1,1,GGTCGAGTGGGCATGCTGAG,0,2084930
kbpp4,0.5,1,1,GGTCGAGCTTACATACCGTA,0,2051041
kbpp4,0.5,1,1,GGTCCTTCTGCCGGGCGTGC,0,2047534
kbpp4,0.5,1,1,GGTCCCTAGGACAGTGTAGA,0,2045912
kbpp4,0.5,1,1,GGTCCAAGGTGAATAGTTGG,0,2057711
kbpp4,0.5,1,1,GGTCATCGAGCAGGCTAACA,0,2055302
kbpp4,0.5,1,1,GGTCATCCAATAACGCTGGC,0,2048467
kbpp4,0.5,1,1,GGTCACCGGACGCTGTAGCG,0,2080013
kbpp4,0.5,1,1,GGTCACAGTGACACAAGGCT,0,2034394
kbpp4,0.5,1,1,GGTCAATAGAACCGGGTGTC,0,2032860
kbpp4,0.5,1,1,GGTCAAGGCAGGCGCCTGAT,0,2021297
kbpp4,0.5,1,1,GGTATGGCAGAGCAGGGAGT,0,2080208
kbpp4,0.5,1,1,GGTATCGGGCTTATAATAAT,0,2015008
kbpp4,0.5,1,1,GGTATAACTAGATTTCAACT,0,2042118
kbpp4,0.5,1,1,GGTAGGTTACGGTAGCTAGC,0,2056933
kbpp4,0.5,1,1,GGTAGAGGACCAATGTTCAG,0,2023643
kbpp4,0.5,1,1,GGTAAACGCAGAGTTCTTCT,0,2069008
kbpp4,0.5,1,1,GGGTTGTGAGAGTGAGCTTA,0,2030158
kbpp4,0.5,1,1,GGGTTCTACAACCCATTCCT,0,2018205
kbpp4,0.5,1,1,GGGTTATTACCATACGCTTG,0,2072251
kbpp4,0.5,1,1,GGGTGTGGCCAAATTGACTT,0,2057751
kbpp4,0.5,1,1,GGGTCGTAATCACGTGAATA,0,2081514
kbpp4,0.5,1,1,GGGTCGGCGTTCAATCCTAT,0,2052667
kbpp4,0.5,1,1,GGGTCCGCGCGCTAAAGCTT,0,2018291
kbpp4,0.5,1,1,GGGTCCCGACAGGATTAGAT,0,2068467
kbpp4,0.5,1,1,GGGTCATTAACGAGAGGAAA,0,2043076
kbpp4,0.5,1,1,GGGTCAACCGACTTGCCATC,0,2072574
kbpp4,0.5,1,1,GGGTACTGTGTATCTTCGGA,0,2050005
kbpp4,0.5,1,1,GGGTACCGGTCATTGGATGC,0,2032616
kbpp4,0.5,1,1,GGGTACCCAGGACTCCCAAC,0,2040566
kbpp4,0.5,1,1,GGGGTTTGTATAACGCGCGT,0,2062368
kbpp4,0.5,1,1,GGGGTTTACTTGTAAAGAGG,0,2053114
kbpp4,0.5,1,1,GGGGTGACTTATGTTAATTC,0,2062533
kbpp4,0.5,1,1,GGGGTCTTGTCGGCCTGCAG,0,2071475
kbpp4,0.5,1,1,GGGGGTCTTCGTATATCAGT,0,2018386
kbpp4,0.5,1,1,GGGGGTAAATTTCAGACGCC,0,2024738
kbpp4,0.5,1,1,GGGGGGTTTCCAAGGTACGC,0,2050713
kbpp4,0.5,1,1,GGGGGGTATAGAACTTAGGC,0,2073512
kbpp4,0.5,1,1,GGGGGGATCGCCCTTGGATA,0,2052267
kbpp4,0.5,1,1,GGGGGCGTAGTGACCGTATC,0,2017973
kbpp4,0.5,1,1,GGGGGCAGGTTCATTTGAGT,0,2061230
kbpp4,0.5,1,1,GGGGGACAATGGCGTGATGG,0,2037100
kbpp4,0.5,1,1,GGGGCTTTGCCGCAACTTTA,0,2066587
kbpp4,0.5,1,1,GGGGCTGGTCGATTAGCTGG,0,2046757
kbpp4,0.5,1,1,GGGGATGACACGTAATGCCC,0,2032971
kbpp4,0.5,1,1,GGGGAATGGAGAGACTTTCC,0,2035740
kbpp4,0.5,1,1,GGGGAAGTCACGCTAAACTG,0,2019601
kbpp4,0.5,1,1,GGGGAAAATCTTTCTCGGCA,0,2071186
kbpp4,0.5,1,1,GGGCTTTACAGCTAACGATG,0,2054598
kbpp4,0.5,1,1,GGGCTGCCACTCCGTGACTA,0,2035804
kbpp4,0.5,1,1,GGGCTATGATAACGCGCGGT,0,2015777
kbpp4,0.5,1,1,GGGCTACAGAACGGGTTCTA,0,2028152
kbpp4,0.5,1,1,GGGCGGTATATATATTTCAG,0,2053222
kbpp4,0.5,1,1,GGGCGGCAGCGGGGAAACAA,0,2060558
kbpp4,0.5,1,1,GGGCGAGAGGCCCGAATTGG,0,2041829
kbpp4,0.5,1,1,GGGCCAGCCCACTCTGTCCA,0,2040843
kbpp4,0.5,1,1,GGGCCACAATCTCATGCAAG,0,2067636
kbpp4,0.5,1,1,GGGCATCTCTCATCTTGCTG,0,2014969
kbpp4,0.5,1,1,GGGCATCTCGACCCGTTAAC,0,2024177
kbpp4,0.5,1,1,GGGCACTTGAGGGTAATGGT,0,2050029
kbpp4,0.5,1,1,GGGCACGACTGGTCCTGATA,0,2062442
kbpp4,0.5,1,1,GGGCACCACTTTGAGTTCTT,0,2031486
kbpp4,0.5,1,1,GGGCAAACGAAAATGTTAAT,0,2029813
kbpp4,0.5,1,1,GGGATGCTTACGGACCGGGT,0,2053416
kbpp4,0.5,1,1,GGGATGAGTGACGGAGGCAA,0,2072563
kbpp4,0.5,1,1,GGGATATGATAATCGCTTTA,0,2037497
kbpp4,0.5,1,1,GGGATACAGAAACATGAGCA,0,2037822
kbpp4,0.5,1,1,GGGATAACGTGGCTTGCAAA,0,2057853
kbpp4,0.5,1,1,GGGAGTGGCAGAATACATGC,0,2066652
kbpp4,0.5,1,1,GGGAGGTATAGCCTCTAATG,0,2068559
kbpp4,0.5,1,1,GGGAGGAGTCGATGTTATGG,0,2084479
kbpp4,0.5,1,1,GGGAGCTTGTCACGAACGAA,0,2014968
kbpp4,0.5,1,1,GGGAGATCTTACGTACTCAG,0,2083831
kbpp4,0.5,1,1,GGGACGTCTGAGCCGCCTCT,0,2060479
kbpp4,0.5,1,1,GGGACGGGAATGATAATGTA,0,2051048
kbpp4,0.5,1,1,GGGACGCCTAATAACTTAAC,0,2075954
kbpp4,0.5,1,1,GGGAATGTGTCTAGATTACA,0,2021035
kbpp4,0.5,1,1,GGGAATCACTATTCAATTAT,0,2028678
kbpp4,0.5,1,1,GGGAAGACGCCCGCCACGAC,0,2054893
kbpp4,0.5,1,1,GGGAACGCACATGGGTGCGT,0,2076867
kbpp4,0.5,1,1,GGCTTGTTCTTCTCTTACGA,0,2035573
kbpp4,0.5,1,1,GGCTTGCAGATACAAGAGAT,0,2016877
kbpp4,0.5,1,1,GGCTTACATCTTATGCTGTA,0,2053164
kbpp4,0.5,1,1,GGCTGTTCGGGAACTTTTGA,0,2058363
kbpp4,0.5,1,1,GGCTGTGCTCGTAGAGGTTG,0,2061895
kbpp4,0.5,1,1,GGCTGTCGAGTCGTAATAAC,0,2068532
kbpp4,0.5,1,1,GGCTGTAGCCGCGACTCTAT,0,2060271
kbpp4,0.5,1,1,GGCTCCCTCTAGGGCCCGAT,0,2027487
kbpp4,0.5,1,1,GGCTCCAGTGTATGTCCCAG,0,2028809
kbpp4,0.5,1,1,GGCTCATAGGCCAGCTAGGT,0,2033614
kbpp4,0.5,1,1,GGCTAATGAGACGGAAAAGT,0,2033544
kbpp4,0.5,1,1,GGCGTTGTTACGGTTCCTCG,0,2061888
kbpp4,0.5,1,1,GGCGTCTATCGGTTTCACGC,0,2038885
kbpp4,0.5,1,1,GGCGTAGGGGCACCAGCGTA,0,2036765
kbpp4,0.5,1,1,GGCGGGATCTTCTGTATACA,0,2069402
kbpp4,0.5,1,1,GGCGGCTCTAGAGACTCAGA,0,2055737
kbpp4,0.5,1,1,GGCGGCGATATGTTGTTTGA,0,2025967
kbpp4,0.5,1,1,GGCGCTCGCCAGAGTATGCA,0,2054587
kbpp4,0.5,1,1,GGCGCCCCATTCTCAGCTGT,0,2077988
kbpp4,0.5,1,1,GGCGACAGTCTAAATTGTAA,0,2047737
kbpp4,0.5,1,1,GGCCTTGGCACATCTAAGGT,0,2064119
kbpp4,0.5,1,1,GGCCTGGGCTGGATTCTTGT,0,2022612
kbpp4,0.5,1,1,GGCCTAGCTATCCATTGAGT,0,2033239
kbpp4,0.5,1,1,GGCCGTTTTACGGCTTCGCT,0,2030680
kbpp4,0.5,1,1,GGCCGTACCCCGTGGGATAG,0,2056449
kbpp4,0.5,1,1,GGCCGCGGTTTCACGTCTGG,0,2059736
kbpp4,0.5,1,1,GGCCGCCACCGATCCTTCCT,0,2073683
kbpp4,0.5,1,1,GGCCCTGAGCAACGTACTTT,0,2043995
kbpp4,0.5,1,1,GGCCCGGAGCAACCAGCGAA,0,2083114
kbpp4,0.5,1,1,GGCCAGGTTGAGCACTCCTT,0,2071236
kbpp4,0.5,1,1,GGCCAGCGCGTGCAACAAAA,0,2067204
kbpp4,0.5,1,1,GGCCAGAAGGCACCCCAATC,0,2022724
kbpp4,0.5,1,1,GGCATCCATGAGCACGGCAC,0,2048738
kbpp4,0.5,1,1,GGCAGCCAGGTCATATGAAC,0,2020886
kbpp4,0.5,1,1,GGCACTAGGCTCTTAGAGAG,0,2044992
kbpp4,0.5,1,1,GGCAATCCCGGGCCAGGAAC,0,2059574
kbpp4,0.5,1,1,GGCAACCCAGGACAACGCGG,0,2027958
kbpp4,0.5,1,1,GGATGATCTGAAGCCACGCA,0,2084527
kbpp4,0.5,1,1,GGATCGAGTAGGGCAAAGAG,0,2020957
kbpp4,0.5,1,1,GGATCATTGGCCCGCGAACT,0,2076355
kbpp4,0.5,1,1,GGATCAGGCCTCGTCGCAGT,0,2050204
kbpp4,0.5,1,1,GGATCAAGACTCTGTGAGAA,0,2085040
kbpp4,0.5,1,1,GGATATTTGGCTGGCGGTAC,0,2077275
kbpp4,0.5,1,1,GGATACACTTCTTCGAGGTT,0,2061180
kbpp4,0.5,1,1,GGAGTTTTTCGATCTGGTCG,0,2053112
kbpp4,0.5,1,1,GGAGTCACCCAGCCCTCCGA,0,2061571
kbpp4,0.5,1,1,GGAGTCAATAAATGTGCGGT,0,2051215
kbpp4,0.5,1,1,GGAGTCAACACTAGCCGGCG,0,2083138
kbpp4,0.5,1,1,GGAGGTTCGAGGGCAACCGT,0,2071688
kbpp4,0.5,1,1,GGAGGTTCAGCATGTTATTC,0,2079195
kbpp4,0.5,1,1,GGAGGTGCAAAGAGTGCTGC,0,2080818
kbpp4,0.5,1,1,GGAGGGTGGCGGCTATACTT,0,2045635
kbpp4,0.5,1,1,GGAGGGATCAGTATCTAGCA,0,2030450
kbpp4,0.5,1,1,GGAGGAACTGATGTACCCTT,0,2064520
kbpp4,0.5,1,1,GGAGCATAAGACGATGCTTT,0,2039145
kbpp4,0.5,1,1,GGAGATCACCGCCGATCAGA,0,2025205
kbpp4,0.5,1,1,GGACTTTCGGAGCATAGACG,0,2027184
kbpp4,0.5,1,1,GGACTTGAACTAATCCGCAT,0,2048515
kbpp4,0.5,1,1,GGACTGATTGCTGTGTCCGA,0,2066312
kbpp4,0.5,1,1,GGACGTCGCTTGCTCTAATG,0,2029366
kbpp4,0.5,1,1,GGACGCCGCTCATTATGCGG,0,2062947
kbpp4,0.5,1,1,GGACCCTTTAGTCGCCCATG,0,2073474
kbpp4,0.5,1,1,GGACCCGCTGCGAGGAGGTG,0,2030820
kbpp4,0.5,1,1,GGACCCACGCGCGCGCAACT,0,2045684
kbpp4,0.5,1,1,GGACATTAACGGAATCCGAT,0,2079456
kbpp4,0.5,1,1,GGACACACAGCTATGGCGGT,0,2058364
kbpp4,0.5,1,1,GGACACAAACTATAACGTTG,0,2043224
kbpp4,0.5,1,1,GGAATTTCATACTAGGCCGG,0,2060130
kbpp4,0.5,1,1,GGAATGAGCTGAATTGGTAC,0,2083911
kbpp4,0.5,1,1,GGAAGTATTGGGGCCGGTTC,0,2072636
kbpp4,0.5,1,1,GGAAGGTTAGTTAACGGACA,0,2085588
kbpp4,0.5,1,1,GGAAGATTCCTTCCCGTATA,0,2023990
kbpp4,0.5,1,1,GGAACGGTTATTGGCCAGAC,0,2048053
kbpp4,0.5,1,1,GGAACGCCGAATACGGCACA,0,2076482
kbpp4,0.5,1,1,GCTTTTACCGGGTGAGATGG,0,2018687
kbpp4,0.5,1,1,GCTTTAGCCTAGCTCCCTAA,0,2063392
kbpp4,0.5,1,1,GCTTCTGTTCATGACAACCA,0,2033621
kbpp4,0.5,1,1,GCTTCCGTTCCTATTAAAAA,0,2076437
kbpp4,0.5,1,1,GCTTCCAGGCCCCGCGATGA,0,2067261
kbpp4,0.5,1,1,GCTTCACCAAAAATAAGCCA,0,2072132
kbpp4,0.5,1,1,GCTTCAAAGTTTTTTAGATC,0,2021540
kbpp4,0.5,1,1,GCTTAGGCATCCCACGCACG,0,2028683
kbpp4,0.5,1,1,GCTTAGCTTATTTGTGGTAA,0,2021618
kbpp4,0.5,1,1,GCTTAGCTCTCGGCCTACTG,0,2073320
kbpp4,0.5,1,1,GCTTAGAACGGTAACCTCGG,0,2047717
kbpp4,0.5,1,1,GCTTAACTGGGCCGATAGCA,0,2045756
kbpp4,0.5,1,1,GCTGTTTGCTCTAGCGTCTC,0,2059837
kbpp4,0.5,1,1,GCTGTTAAACGACGCTGTTG,0,2028450
kbpp4,0.5,1,1,GCTGGGGGCATATATAAAAG,0,2034270
kbpp4,0.5,1,1,GCTGGGGAGCACAACCGCTG,0,2082194
kbpp4,0.5,1,1,GCTGCGGTAGTACGCATTCT,0,2022989
kbpp4,0.5,1,1,GCTGCGAACCGAGTCATTTC,0,2014799
kbpp4,0.5,1,1,GCTGCATCCTAGCTGTATCA,0,2039793
kbpp4,0.5,1,1,GCTGAGGGAGACAGGCAGTC,0,2052717
kbpp4,0.5,1,1,GCTCGGTAAGTGGGTGGCCA,0,2058848
kbpp4,0.5,1,1,GCTCGCCGGGTGTGACGTGG,0,2015399
kbpp4,0.5,1,1,GCTCATCGGATCCTGGGAAA,0,2047711
kbpp4,0.5,1,1,GCTATGCAGCCACGACCATT,0,2049218
kbpp4,0.5,1,1,GCTAGTCGTATGGTAGTATT,0,2021804
kbpp4,0.5,1,1,GCTAGGCTGAAGTAGAGCTA,0,2052470
kbpp4,0.5,1,1,GCTAGAAAGGGTCTACCTCA,0,2034187
kbpp4,0.5,1,1,GCTACGAAGTGCGTAGCACA,0,2072054
kbpp4,0.5,1,1,GCTACACGTATCAGAACTAC,0,2066502
kbpp4,0.5,1,1,GCTAAGTGCGCGTACGCATT,0,2022448
kbpp4,0.5,1,1,GCTAAGTAGGTGCGGGTTGA,0,2024395
kbpp4,0.5,1,1,GCTAACAAGATGGCACAGTT,0,2070959
kbpp4,0.5,1,1,GCTAAAGGTATGATTAAGTT,0,2065774
kbpp4,0.5,1,1,GCTAAAGAGCCATTGCCGGG,0,2024417
kbpp4,0.5,1,1,GCTAAACTTGGGAACGGTAA,0,2076661
kbpp4,0.5,1,1,GCGTTCTTAATGGTTGGGAC,0,2084279
kbpp4,0.5,1,1,GCGTGTCGTCTTAGCTGGAA,0,2034499
kbpp4,0.5,1,1,GCGTGTAAGGGGCGCAAAAG,0,2074684
kbpp4,0.5,1,1,GCGTGGTAATGGCTTTCTTA,0,2079495
kbpp4,0.5,1,1,GCGTGCATTTGATGAGCGCG,0,2072007
kbpp4,0.5,1,1,GCGTGCACGAACATGTGGAA,0,2045398
kbpp4,0.5,1,1,GCGTCTACCAACTTCTTCAC,0,2020100
kbpp4,0.5,1,1,GCGTCGTCCAATTACACTCT,0,2060175
kbpp4,0.5,1,1,GCGTCCCGCACCCCTCTCCA,0,2046700
kbpp4,0.5,1,1,GCGTCAAACTTATTACTGCT,0,2056139
kbpp4,0.5,1,1,GCGTAAGATTTCCCGGAGCA,0,2049150
kbpp4,0.5,1,1,GCGGTGCACGATCTTAGCTC,0,2058185
kbpp4,0.5,1,1,GCGGTCGTGCTTATAATCTC,0,2067035
kbpp4,0.5,1,1,GCGGGGTAGATGATAAAAAC,0,2041753
kbpp4,0.5,1,1,GCGGGATGCAAGGTCATCAT,0,2083069
kbpp4,0.5,1,1,GCGGGACGTAAATTAGTTTA,0,2023691
kbpp4,0.5,1,1,GCGGCGGTTCCCCTGGAATG,0,2084905
kbpp4,0.5,1,1,GCGGCGCCGCCCACCCCGCC,0,2024005
kbpp4,0.5,1,1,GCGGCCAGGCCAGCCTGAGT,0,2079629
kbpp4,0.5,1,1,GCGGCATAATCCAGCGCTGA,0,2031784
kbpp4,0.5,1,1,GCGGAGCCGTGATACCACTT,0,2037084
kbpp4,0.5,1,1,GCGCTGTGGAATATTGGATT,0,2046894
kbpp4,0.5,1,1,GCGCGTGATGACAGAGCCGG,0,2025600
kbpp4,0.5,1,1,GCGCGTACCGTATACTAGGT,0,2071712
kbpp4,0.5,1,1,GCGCGCGCGATGTTCCTAAT,0,2080566
kbpp4,0.5,1,1,GCGCGCGCCCGCTGGGGCCT,0,2066592
kbpp4,0.5,1,1,GCGCGAACGGTATTCTATGC,0,2077578
kbpp4,0.5,1,1,GCGCCGAGGCTTTATTGAGA,0,2047045
kbpp4,0.5,1,1,GCGCCCGGTTGGTTCTCCAC,0,2078892
kbpp4,0.5,1,1,GCGCCACAGAACTCGATGCG,0,2020102
kbpp4,0.5,1,1,GCGATGAGGATGCATGTTCC,0,2022347
kbpp4,0.5,1,1,GCGAGTTGGCACGCAGTTCT,0,2071470
kbpp4,0.5,1,1,GCGAGTGACAGGGAGAATCA,0,2070873
kbpp4,0.5,1,1,GCGAGCCAATACGCGAACGT,0,2077312
kbpp4,0.5,1,1,GCGACTAGGCTGCTGTATAG,0,2034803
kbpp4,0.5,1,1,GCGACGGAGCAACTGTGTGG,0,2058181
kbpp4,0.5,1,1,GCGAATGTGCGGTCCTGCGG,0,2037943
kbpp4,0.5,1,1,GCCTTGTTATCCAGGACAAG,0,2065657
kbpp4,0.5,1,1,GCCTTGTCATATGATCTCTT,0,2059517
kbpp4,0.5,1,1,GCCTTGACATTGATGACGTA,0,2051095
kbpp4,0.5,1,1,GCCTTCTGTTTCGTCTTCAT,0,2018072
kbpp4,0.5,1,1,GCCTGACCGTATGATCAAGG,0,2019950
kbpp4,0.5,1,1,GCCTCGTGAAGGATGTTGGA,0,2055973
kbpp4,0.5,1,1,GCCTCCCACACGATCTTAGC,0,2043779
kbpp4,0.5,1,1,GCCTCAGAGCCGCACCACAT,0,2031120
kbpp4,0.5,1,1,GCCTCACGCTTCTGACAGGT,0,2076274
kbpp4,0.5,1,1,GCCTACAAATCTAAACGGGT,0,2034716
kbpp4,0.5,1,1,GCCGTTTATACTACGGCAAT,0,2050978
kbpp4,0.5,1,1,GCCGTGATCTTCTTAAGGAA,0,2034518
kbpp4,0.5,1,1,GCCGTACAGCCCTAGTCTGC,0,2040829
kbpp4,0.5,1,1,GCCGGTTCGATTGTTCACAT,0,2016979
kbpp4,0.5,1,1,GCCGGGGAGAGGCGGTGATG,0,2063829
kbpp4,0.5,1,1,GCCGGCCTGGGTTTTTTCAA,0,2073041
kbpp4,0.5,1,1,GCCGGAGGGACTGGCACAAA,0,2034387
kbpp4,0.5,1,1,GCCGGAAGATCAGTCAGACT,0,2058666
kbpp4,0.5,1,1,GCCGCAGTTGTGAGTCTTAG,0,2047810
kbpp4,0.5,1,1,GCCCTGTTTAGCTGGTAATT,0,2067439
kbpp4,0.5,1,1,GCCCTGTACTTGTGATAGAA,0,2053587
kbpp4,0.5,1,1,GCCCTGGTTCCACTATCCGA,0,2050829
kbpp4,0.5,1,1,GCCCTATGAACGAACCGTCT,0,2042369
kbpp4,0.5,1,1,GCCCTAGAGCACACATTAAA,0,2075010
kbpp4,0.5,1,1,GCCCTAACGAGGTTTCAGGA,0,2031309
kbpp4,0.5,1,1,GCCCGCTGTCATCACGTCTG,0,2076738
kbpp4,0.5,1,1,GCCCGCAATCCAAGAATACA,0,2029643
kbpp4,0.5,1,1,GCCCCTCTATAGTACGGACA,0,2044769
kbpp4,0.5,1,1,GCCCCTCCTCAACACCACAA,0,2055034
kbpp4,0.5,1,1,GCCCATAGTCACGGAGTCGG,0,2021064
kbpp4,0.5,1,1,GCCCAGAACATTGGTTCGTG,0,2063384
kbpp4,0.5,1,1,GCCCACTAGAGCAGATGGGT,0,2074837
kbpp4,0.5,1,1,GCCCACCGAGCGCAAAAGGT,0,2068848
kbpp4,0.5,1,1,GCCATGAACGGTCATGTTCC,0,2061932
kbpp4,0.5,1,1,GCCAGGTGTGTGTGTAGGGC,0,2030609
kbpp4,0.5,1,1,GCCAGGATGCTCGCGAATAT,0,2018344
kbpp4,0.5,1,1,GCCAGAACGTAAAATTGTCC,0,2051830
kbpp4,0.5,1,1,GCCACCCTGTTGGCCCTAGG,0,2045040
kbpp4,0.5,1,1,GCCAAGATCTGGGGGCACGT,0,2027416
kbpp4,0.5,1,1,GCCAACTGCATAGAGTACTC,0,2058233
kbpp4,0.5,1,1,GCCAACGTTAACCAGGGGAG,0,2051444
kbpp4,0.5,1,1,GCATTTCTGTCCGACGCCGC,0,2015972
kbpp4,0.5,1,1,GCATTTCGCCATCCGTGTAG,0,2052229
kbpp4,0.5,1,1,GCATTTAATTGGTGACCGGT,0,2085049
kbpp4,0.5,1,1,GCATTGCACTACCATTAGAG,0,2061517
kbpp4,0.5,1,1,GCATTCGAGTGACTCATCTT,0,2070639
kbpp4,0.5,1,1,GCATTCCCCGTAATTTCTGT,0,2080901
kbpp4,0.5,1,1,GCATGTAATCGGAGTATAGA,0,2040004
kbpp4,0.5,1,1,GCATGCCCTGCTGTACAATG,0,2055432
kbpp4,0.5,1,1,GCATCTGGTCTGTGTAGAGT,0,2084126
kbpp4,0.5,1,1,GCATCGGGAGCGAACGGTTG,0,2026503
kbpp4,0.5,1,1,GCATCGGAATGGAGGGCCTC,0,2029626
kbpp4,0.5,1,1,GCATCAAGTCTTTCGGCACG,0,2044110
kbpp4,0.5,1,1,GCATAGCACGGGTATGTCTA,0,2027995
kbpp4,0.5,1,1,GCATAGACGTTGGTAGCGGC,0,2044975
kbpp4,0.5,1,1,GCATAGAAGAGATGGATGGC,0,2018048
kbpp4,0.5,1,1,GCATAAACCTTATATATAGG,0,2042195
kbpp4,0.5,1,1,GCAGTTGAGGTTTCTACGGT,0,2075382
kbpp4,0.5,1,1,GCAGTCCGATATGCATTGTG,0,2084073
kbpp4,0.5,1,1,GCAGTAGAAGTATTTCATTA,0,2064206
kbpp4,0.5,1,1,GCAGTACTGTAGAAATACAC,0,2053366
kbpp4,0.5,1,1,GCAGTACAAGTTAGTAACGA,0,2050034
kbpp4,0.5,1,1,GCAGGTAGCCTCATACAGAC,0,2069020
kbpp4,0.5,1,1,GCAGGGTGCCTGAGCGGTGC,0,2047209
kbpp4,0.5,1,1,GCAGGCGCGAAAGTCTTTTG,0,2078655
kbpp4,0.5,1,1,GCAGCTTTATTGAGAGCCTT,0,2017617
kbpp4,0.5,1,1,GCAGCTATCCGTTCCAAAGT,0,2068651
kbpp4,0.5,1,1,GCAGCATGAGGGACGGGCTG,0,2030860
kbpp4,0.5,1,1,GCAGATTATGAGAGTAAGCT,0,2027610
kbpp4,0.5,1,1,GCAGAGGTTGCGAGATGAGT,0,2072594
kbpp4,0.5,1,1,GCAGAGCCCTGTACGCTAAT,0,2019695
kbpp4,0.5,1,1,GCAGAGCCATTACTACGCAA,0,2034029
kbpp4,0.5,1,1,GCAGACATTAATGCATCATT,0,2023186
kbpp4,0.5,1,1,GCAGAACCCTTAGGTATTAT,0,2075916
kbpp4,0.5,1,1,GCACTGGCTTCAGGCTTCTT,0,2047258
kbpp4,0.5,1,1,GCACGTGGTCCTACTGGATC,0,2018871
kbpp4,0.5,1,1,GCACGGTGCCATAATCCTTC,0,2028356
kbpp4,0.5,1,1,GCACGGGGGCTTTCGCGAAA,0,2016904
kbpp4,0.5,1,1,GCACGGCTTACATGAGCCCT,0,2048377
kbpp4,0.5,1,1,GCACGCCTCCTTCGGGAATA,0,2040628
kbpp4,0.5,1,1,GCACGAGTTCGGTCGATTTC,0,2066636
kbpp4,0.5,1,1,GCACCGATTACACTGTTCGG,0,2072838
kbpp4,0.5,1,1,GCACCCTCAATAGCTGTGAC,0,2014441
kbpp4,0.5,1,1,GCACCCCGCTCGCTTGGTTA,0,2078484
kbpp4,0.5,1,1,GCACATGTAGGGAGAGAAGG,0,2055011
kbpp4,0.5,1,1,GCACAATTAACGAGGGGCGA,0,2031918
kbpp4,0.5,1,1,GCAATGGCAATCGGAACCTA,0,2041804
kbpp4,0.5,1,1,GCAATGCATCATGGCTCAAC,0,2040912
kbpp4,0.5,1,1,GCAATAGGGGGCTCGACTAA,0,2049151
kbpp4,0.5,1,1,GCAATACGTCCTGTGACGAT,0,2040840
kbpp4,0.5,1,1,GCAAGGAATAGATCTAAGGT,0,2024624
kbpp4,0.5,1,1,GCAAGATAGAGGCAGATAGT,0,2046477
kbpp4,0.5,1,1,GCAACACCCGACTGCTTGCT,0,2063403
kbpp4,0.5,1,1,GCAACAAGCACACATGGATG,0,2046002
kbpp4,0.5,1,1,GCAAATAGCGGGGCACCACC,0,2038662
kbpp4,0.5,1,1,GCAAAGTGGGTGATGGGGTA,0,2070803
kbpp4,0.5,1,1,GCAAAGGAGAGACCGAAGGG,0,2022012
kbpp4,0.5,1,1,GCAAAGAGCACTTGGTTCTC,0,2037251
kbpp4,0.5,1,1,GATTTTCGAAGACGGAACAG,0,2018743
kbpp4,0.5,1,1,GATTTTATACATCCTACCGC,0,2062683
kbpp4,0.5,1,1,GATTTCTTTAACGCGGGTGT,0,2062307
kbpp4,0.5,1,1,GATTTCAGACCCTCGATGCG,0,2069690
kbpp4,0.5,1,1,GATTTATGCGCTGTTGGATT,0,2053485
kbpp4,0.5,1,1,GATTGGCACGTTTGTTAAGC,0,2044029
kbpp4,0.5,1,1,GATTGGCAAGCTTACTGAAA,0,2075619
kbpp4,0.5,1,1,GATTGCACTATTGCGAGAAT,0,2041719
kbpp4,0.5,1,1,GATTCATTCGAGTAATACAG,0,2037463
kbpp4,0.5,1,1,GATTCACACGGGTGGTGAGG,0,2063797
kbpp4,0.5,1,1,GATTATACACGTCCGGCCAT,0,2049400
kbpp4,0.5,1,1,GATTATAAGATTGCGCTAGG,0,2053492
kbpp4,0.5,1,1,GATTAGTTCACGCAATGGTA,0,2058748
kbpp4,0.5,1,1,GATTACGCTTCCAACCTCGA,0,2019534
kbpp4,0.5,1,1,GATTAACGAGATAGAGGTTC,0,2038393
kbpp4,0.5,1,1,GATGTTCCCGTGCAGAGGGA,0,2026248
kbpp4,0.5,1,1,GATGTGCAAGCGCACTATTC,0,2032462
kbpp4,0.5,1,1,GATGGGATCAAGTGCCAAGT,0,2050094
kbpp4,0.5,1,1,GATGGCTTAGATGACCGGGA,0,2056488
kbpp4,0.5,1,1,GATGGCGGGTCCGTTGTGCG,0,2069403
kbpp4,0.5,1,1,GATGGATCTGTGGGCCTGGA,0,2076252
kbpp4,0.5,1,1,GATGGAGAATGGAACATATG,0,2023756
kbpp4,0.5,1,1,GATGCCATTGCTTAAACCTG,0,2081993
kbpp4,0.5,1,1,GATGCAACGCATCCCCTGAT,0,2056714
kbpp4,0.5,1,1,GATGAGGCTGAGAATAAAGC,0,2024374
kbpp4,0.5,1,1,GATGAGCCTTGGGTCGTCAT,0,2041745
kbpp4,0.5,1,1,GATGACCCTCAATCCGCCTC,0,2034472
kbpp4,0.5,1,1,GATCTCTCGAAAGGCCAAGA,0,2019892
kbpp4,0.5,1,1,GATCGTTATAATCTCAGAAA,0,2060212
kbpp4,0.5,1,1,GATCGATCGGTTGGCCCCTA,0,2082470
kbpp4,0.5,1,1,GATCGAATGCTTGGTTACAG,0,2043012
kbpp4,0.5,1,1,GATCCGTCGTTGCGCGTCTC,0,2063718
kbpp4,0.5,1,1,GATCCCTCACATAATACTTC,0,2052291
kbpp4,0.5,1,1,GATCACTAACCTTTCTTATA,0,2029260
kbpp4,0.5,1,1,GATCAAGTAGGAGCTGTACA,0,2033063
kbpp4,0.5,1,1,GATATTGTATGCTGGGCCAA,0,2058366
kbpp4,0.5,1,1,GATATGGGGGGACTCATACT,0,2020342
kbpp4,0.5,1,1,GATATCTACAACCAGATTTG,0,2037656
kbpp4,0.5,1,1,GATATCCCCAAAGACGGCTG,0,2073977
kbpp4,0.5,1,1,GATATCATCTACGAAACCGC,0,2066571
kbpp4,0.5,1,1,GATAGGCGGCGGTGGTAGAG,0,2047473
kbpp4,0.5,1,1,GATAGGAGAGAAACTTAGCT,0,2075283
kbpp4,0.5,1,1,GATACCAGTAAACCCTCACG,0,2023484
kbpp4,0.5,1,1,GATAAAGCCATCTATATCAG,0,2072368
kbpp4,0.5,1,1,GAGTTTCGAAGGCCTGACCG,0,2048381
kbpp4,0.5,1,1,GAGTTGTGCATTTACGTCTG,0,2071539
kbpp4,0.5,1,1,GAGTTGACTGGGGACAGGAT,0,2029819
kbpp4,0.5,1,1,GAGTTCTTGTCGGGCGGAAT,0,2070644
kbpp4,0.5,1,1,GAGTTCCGTCCCCATTATAC,0,2028243
kbpp4,0.5,1,1,GAGTGTTTAGACGCGCCGAA,0,2070956
kbpp4,0.5,1,1,GAGTGTGATAGATCGTGGAG,0,2039285
kbpp4,0.5,1,1,GAGTGGGACCGTGAGCGGAT,0,2061032
kbpp4,0.5,1,1,GAGTGCGGGGCGGCTGGTAG,0,2053119
kbpp4,0.5,1,1,GAGTGAACATTTACGTAAGT,0,2040568
kbpp4,0.5,1,1,GAGTCTGTACGACGCACGGT,0,2072578
kbpp4,0.5,1,1,GAGTCGTTTTTAACCCCCTG,0,2077360
kbpp4,0.5,1,1,GAGTCGGGTGTGCCGGTGGA,0,2068776
kbpp4,0.5,1,1,GAGTCGATGCCAGCAGTAGA,0,2075616
kbpp4,0.5,1,1,GAGTAGGCGTTGATTCAGTC,0,2046674
kbpp4,0.5,1,1,GAGTACGGCTTAAAGCTCCG,0,2036675
kbpp4,0.5,1,1,GAGTACGGATAAGTCAGGAC,0,2069279
kbpp4,0.5,1,1,GAGTACAACGATCACTACTA,0,2025760
kbpp4,0.5,1,1,GAGGTTTCGTGCAGAACTTA,0,2035592
kbpp4,0.5,1,1,GAGGTCTAGCACTTGGAACT,0,2033753
kbpp4,0.5,1,1,GAGGTCCAGTAATGCATCTT,0,2058535
kbpp4,0.5,1,1,GAGGGTGCGGTGAGCGCAAC,0,2035640
kbpp4,0.5,1,1,GAGGGTCCGTGGAACTAAGG,0,2057464
kbpp4,0.5,1,1,GAGGGTCCGAATCATATGGA,0,2038429
kbpp4,0.5,1,1,GAGGGTATTGTAGGCCGCTA,0,2054899
kbpp4,0.5,1,1,GAGGGACTCGACCACCGCGG,0,2050500
kbpp4,0.5,1,1,GAGGCTTTCATAGATTGTAA,0,2080781
kbpp4,0.5,1,1,GAGGCGGATTAACCCATTAT,0,2060661
kbpp4,0.5,1,1,GAGGCATGACCGGGGTTCAT,0,2060169
kbpp4,0.5,1,1,GAGGATGTCCGTAAGTAGTA,0,2079033
kbpp4,0.5,1,1,GAGGAGTTTTTAGTTTCCAG,0,2039797
kbpp4,0.5,1,1,GAGGAGGTCGCTGGAGCAAG,0,2034592
kbpp4,0.5,1,1,GAGGAGCTTCTAACAAGCCA,0,2081521
kbpp4,0.5,1,1,GAGGACTCACCGTGCCTGTT,0,2054528
kbpp4,0.5,1,1,GAGGACAACCTCGATTATTC,0,2035348
kbpp4,0.5,1,1,GAGCGTGGTCCCGTAAGGTA,0,2042653
kbpp4,0.5,1,1,GAGCGTCATAGGTCTACCGA,0,2025468
kbpp4,0.5,1,1,GAGCCGTACTAGGAGGTAAT,0,2034132
kbpp4,0.5,1,1,GAGCCGAATAGCATGGGACC,0,2084915
kbpp4,0.5,1,1,GAGCCAGTTATACACAAGGA,0,2034963
kbpp4,0.5,1,1,GAGCCACATCCAATAGGGAT,0,2075894
kbpp4,0.5,1,1,GAGCCACACTATCTATGGAA,0,2065698
kbpp4,0.5,1,1,GAGCACAGCAGTCGCCGCAG,0,2057388
kbpp4,0.5,1,1,GAGCAATAGAGGGCCAGAGA,0,2069124
kbpp4,0.5,1,1,GAGCAAGTAGTCCAACTGTA,0,2062147
kbpp4,0.5,1,1,GAGAGTCTGGTCACCATAAA,0,2080749
kbpp4,0.5,1,1,GAGACTCAGTTAGGATGTTT,0,2025479
kbpp4,0.5,1,1,GAGACGTTGATACTATGATT,0,2032461
kbpp4,0.5,1,1,GAGACAGATGCGAGGCATTT,0,2033941
kbpp4,0.5,1,1,GAGAAGCTAGCCGATCGCTA,0,2058960
kbpp4,0.5,1,1,GACTTTTCCCGCTCCGGTGT,0,2038405
kbpp4,0.5,1,1,GACTTGGCAACCGTGAGAAT,0,2018196
kbpp4,0.5,1,1,GACTGCACGTCTTTACATCT,0,2024241
kbpp4,0.5,1,1,GACTGCAAAAAGCAAAAAAA,0,2030475
kbpp4,0.5,1,1,GACTGAGCATTACCTCCGCC,0,2067844
kbpp4,0.5,1,1,GACTCTATGTCAACCAAGAC,0,2045868
kbpp4,0.5,1,1,GACTAGATGAGCGCCCAACA,0,2066411
kbpp4,0.5,1,1,GACTAATGCTTAGCGACGGA,0,2049557
kbpp4,0.5,1,1,GACGTTCCCGTCAGGAACTA,0,2035899
kbpp4,0.5,1,1,GACGGTACATGATTTTAATC,0,2075320
kbpp4,0.5,1,1,GACGGGCGGGCACCGCTAAT,0,2084946
kbpp4,0.5,1,1,GACGCCTGCATACGGCGCGC,0,2062271
kbpp4,0.5,1,1,GACGCCGCTTTTAAAACTTA,0,2015120
kbpp4,0.5,1,1,GACGAACGTTAGAGCTTCGA,0,2071247
kbpp4,0.5,1,1,GACCTGAGCGGTACGGTTGA,0,2020051
kbpp4,0.5,1,1,GACCTCCTAGACCGCGCACA,0,2051536
kbpp4,0.5,1,1,GACCTATACCAGGCGGCATA,0,2058487
kbpp4,0.5,1,1,GACCGTTTTCGGGAGATCTA,0,2033991
kbpp4,0.5,1,1,GACCGGCTCCATCTACAGTC,0,2073238
kbpp4,0.5,1,1,GACCGCGTTACTCATTCTTG,0,2052314
kbpp4,0.5,1,1,GACCGCGCCGGCATTTCTTC,0,2069040
kbpp4,0.5,1,1,GACCGAGGGCTCTGTAAACT,0,2041513
kbpp4,0.5,1,1,GACCCCAATCCAAAGTCGAA,0,2072348
kbpp4,0.5,1,1,GACCCAGGCGATCAGGCATA,0,2057269
kbpp4,0.5,1,1,GACCCAGGCGAAAGTACCTT,0,2078241
kbpp4,0.5,1,1,GACCAGGAGCAGCATAACCT,0,2061843
kbpp4,0.5,1,1,GACCAGCCCCATAATCTAAA,0,2035447
kbpp4,0.5,1,1,GACCAAATTTGACGCAAGTG,0,2043325
kbpp4,0.5,1,1,GACATTTAGGGTATTTGGAC,0,2068531
kbpp4,0.5,1,1,GACATAAATCACGTGTCCTG,0,2015964
kbpp4,0.5,1,1,GACAGAAACGAGGGAAACCG,0,2058792
kbpp4,0.5,1,1,GACACCCTGGCGCTTGTGTG,0,2018697
kbpp4,0.5,1,1,GACAATTGATTGTGTGGTTT,0,2037669
kbpp4,0.5,1,1,GACAACTAAGTGCTCCATGT,0,2074424
kbpp4,0.5,1,1,GACAAATGGTCGGTTTTTGT,0,2068619
kbpp4,0.5,1,1,GAATTGGATTGCTTGTACGG,0,2075668
kbpp4,0.5,1,1,GAATGTTTAGTTGGTTGTAG,0,2025454
kbpp4,0.5,1,1,GAATGTATGTGCGGGTCGGA,0,2083571
kbpp4,0.5,1,1,GAATGGCGTGCTTCAGTGCT,0,2073316
kbpp4,0.5,1,1,GAATGGATTCGGGTCGCAAT,0,2020891
kbpp4,0.5,1,1,GAATGCGCTTCCTAGAAGCT,0,2072171
kbpp4,0.5,1,1,GAATCTGTAAGCTCCCTTGA,0,2066380
kbpp4,0.5,1,1,GAATCTCAGAATGATAACAT,0,2019408
kbpp4,0.5,1,1,GAATCGTTTTGGGGTCGAGA,0,2060603
kbpp4,0.5,1,1,GAATCGTTAGGGCTGGATAC,0,2038775
kbpp4,0.5,1,1,GAATCGGGATGCTGGTGGTA,0,2082520
kbpp4,0.5,1,1,GAAGTTATCCGTTAAGTGGA,0,2020622
kbpp4,0.5,1,1,GAAGTGAAGGGAGGGTCATA,0,2076700
kbpp4,0.5,1,1,GAAGTCCTTCATGAACGTGC,0,2079678
kbpp4,0.5,1,1,GAAGTACTTCCCTAACATAA,0,2062067
kbpp4,0.5,1,1,GAAGGTAGTGCACCACGGTG,0,2056278
kbpp4,0.5,1,1,GAAGGCTTTCGCTAATGTTT,0,2055634
kbpp4,0.5,1,1,GAAGGAGGCAATTAACGTAC,0,2025621
kbpp4,0.5,1,1,GAAGGAATATAGCTAGCTAT,0,2028125
kbpp4,0.5,1,1,GAAGCGAGAGGTTTGATGAC,0,2064911
kbpp4,0.5,1,1,GAAGATCTCCTCTTCTGTTT,0,2024334
kbpp4,0.5,1,1,GAAGATCACGGATCACGAAC,0,2078025
kbpp4,0.5,1,1,GAAGAGGAGCTGGGCGAATG,0,2032776
kbpp4,0.5,1,1,GAAGACGAACGTGCTGGGTT,0,2063241
kbpp4,0.5,1,1,GAACTTCGGTTTGACATGAG,0,2081328
kbpp4,0.5,1,1,GAACTGCTCCTGATTGCGTA,0,2050032
kbpp4,0.5,1,1,GAACTATAACATACCAATCT,0,2078632
kbpp4,0.5,1,1,GAACGTTACATGTCCGAAAC,0,2062597
kbpp4,0.5,1,1,GAACGGCGACCTACGCATTT,0,2047475
kbpp4,0.5,1,1,GAACGCTTGGGGAATCGGGT,0,2025038
kbpp4,0.5,1,1,GAACGACCTGCGGCGAGTCC,0,2068253
kbpp4,0.5,1,1,GAACCTTTTGTAGCATCTCC,0,2069860
kbpp4,0.5,1,1,GAACCTAACCGCGTAAGAAA,0,2080606
kbpp4,0.5,1,1,GAACCGAGGGGCCTGATAGT,0,2056360
kbpp4,0.5,1,1,GAAATGCATAAAGGACAGGT,0,2059815
kbpp4,0.5,1,1,GAAATCTAGATGTGTGGTAT,0,2064464
kbpp4,0.5,1,1,GAAATCGGGCTTTCACCAAG,0,2023650
kbpp4,0.5,1,1,GAAATACAAGTCGGTTCCGA,0,2023874
kbpp4,0.5,1,1,GAAAGTTAGAAGTACTCAAT,0,2075875
kbpp4,0.5,1,1,GAAAGTGCTTACGCTAATAC,0,2030448
kbpp4,0.5,1,1,GAAAGCTGTCTTGTCGATGC,0,2041751
kbpp4,0.5,1,1,GAAACGTGGCGAGGTGTTCA,0,2014802
kbpp4,0.5,1,1,GAAACGAGCGTCTGGTGCAT,0,2075375
kbpp4,0.5,1,1,GAAACAGTAGACTAAAAGGG,0,2073233
kbpp4,0.5,1,1,GAAAATTATGTAACCGGTAT,0,2081614
kbpp4,0.5,1,1,GAAAAGCGTGTAAGGTGGGC,0,2017951
kbpp4,0.5,1,1,GAAAAATTAAGCGCGACGAA,0,2026985
kbpp4,0.5,1,1,GAAAAAGCGTTCGTCGGTTG,0,2059645
kbpp4,0.5,1,1,CTTTTTAGGTTACTGCGGTT,0,2070375
kbpp4,0.5,1,1,CTTTTACTGGTGCCGTACGT,0,2064757
kbpp4,0.5,1,1,CTTTGATTACTTCTATACTT,0,2045375
kbpp4,0.5,1,1,CTTTGACAGGCGTCAATCTT,0,2058785
kbpp4,0.5,1,1,CTTTCTGGTTTTTTTATTTG,0,2044915
kbpp4,0.5,1,1,CTTTCGTGAAGGGGGTTTCT,0,2033728
kbpp4,0.5,1,1,CTTTCCGGAACGACACTTTA,0,2063712
kbpp4,0.5,1,1,CTTTAGTTAAGCGCGTATTA,0,2039612
kbpp4,0.5,1,1,CTTTAGCGTCCGTGTACCTT,0,2078776
kbpp4,0.5,1,1,CTTTAAGTAAATCCTCACTT,0,2025034
kbpp4,0.5,1,1,CTTTAACCGGGACAGTTCCA,0,2065728
kbpp4,0.5,1,1,CTTTAAACGGTTGCATTCAG,0,2048390
kbpp4,0.5,1,1,CTTGTTTCGGAGAGATTCAT,0,2084667
kbpp4,0.5,1,1,CTTGTTAATCAAACTCCAGC,0,2023110
kbpp4,0.5,1,1,CTTGTAGAACGAGGCTATGA,0,2015199
kbpp4,0.5,1,1,CTTGGGGCGAGCATATCCGG,0,2040710
kbpp4,0.5,1,1,CTTGGGCGTAAGAATGGCAA,0,2057007
kbpp4,0.5,1,1,CTTGGCCCTATTACATCCCG,0,2071135
kbpp4,0.5,1,1,CTTGGCATAAAGTTCAACAC,0,2077850
kbpp4,0.5,1,1,CTTGGCAGGGACCCCAACAT,0,2033175
kbpp4,0.5,1,1,CTTGGAAGACGGTCAGGTCT,0,2014678
kbpp4,0.5,1,1,CTTGCATGGCCGATGACCAA,0,2026370
kbpp4,0.5,1,1,CTTGCAGCGCAGTTTTCAAA,0,2036590
kbpp4,0.5,1,1,CTTGAGAAGTCATAGGACCT,0,2073217
kbpp4,0.5,1,1,CTTGACATGGGGTGTCAAAG,0,2037396
kbpp4,0.5,1,1,CTTCTTCGAACTGTACAAGA,0,2037400
kbpp4,0.5,1,1,CTTCTGATTGCCTGTACGTT,0,2046465
kbpp4,0.5,1,1,CTTCTACTCTACGGTAAGTT,0,2035507
kbpp4,0.5,1,1,CTTCTACATAGGGCTAGCTG,0,2045860
kbpp4,0.5,1,1,CTTCCTGAAGTCAATAGTTA,0,2015523
kbpp4,0.5,1,1,CTTCCTCGGAGCGCAAATCG,0,2020090
kbpp4,0.5,1,1,CTTCCGATTCCGTGGTCGTG,0,2015569
kbpp4,0.5,1,1,CTTCCATCTTGGTAACTACA,0,2040359
kbpp4,0.5,1,1,CTTCAGCCGTGGCAAGAAAA,0,2082155
kbpp4,0.5,1,1,CTTCACGATCGCAGGTACCG,0,2073157
kbpp4,0.5,1,1,CTTCACAAGGTAGATCATTG,0,2064279
kbpp4,0.5,1,1,CTTAGTGAGGCGGATCCCCG,0,2052188
kbpp4,0.5,1,1,CTTAGTAATAATGGAGGTCC,0,2050346
kbpp4,0.5,1,1,CTTAGCAGGTCCGCGCATAG,0,2061742
kbpp4,0.5,1,1,CTTACTCTAAGTGCGAGAGC,0,2042438
kbpp4,0.5,1,1,CTTACATTTCGCCCTACCCT,0,2056177
kbpp4,0.5,1,1,CTTACAGAGCCTTCCAAAAA,0,2082730
kbpp4,0.5,1,1,CTTAAGTCTCCAGCAAAAGC,0,2066235
kbpp4,0.5,1,1,CTTAACCACACAACAGAAGG,0,2065422
kbpp4,0.5,1,1,CTTAAAAAGTTCGGCTATAT,0,2039097
kbpp4,0.5,1,1,CTGTTTGTAGGGAAATGATT,0,2024668
kbpp4,0.5,1,1,CTGTTATGAAGGTGACTTAA,0,2057738
kbpp4,0.5,1,1,CTGTGCTTGTAAATTGGCTA,0,2036520
kbpp4,0.5,1,1,CTGTGCAGTGTTCCCTAGGT,0,2039980
kbpp4,0.5,1,1,CTGTGATTAAGTCGCACGTT,0,2024504
kbpp4,0.5,1,1,CTGTGAGGGACTATGCTATG,0,2027197
kbpp4,0.5,1,1,CTGTCTGAATGGATGTGTTA,0,2023207
kbpp4,0.5,1,1,CTGTCAGCTGTACCGAGCGC,0,2063160
kbpp4,0.5,1,1,CTGTATCGCAGCCGATAAAC,0,2024661
kbpp4,0.5,1,1,CTGTAGGCGACGATTGCACT,0,2069615
kbpp4,0.5,1,1,CTGTACTCTTATGTTTTCTG,0,2038787
kbpp4,0.5,1,1,CTGTACGTTCATGATTGTCT,0,2015915
kbpp4,0.5,1,1,CTGGTGCCTAACCGCGGTCT,0,2043629
kbpp4,0.5,1,1,CTGGGTTCGGTTATCCACAT,0,2083619
kbpp4,0.5,1,1,CTGGGGAGTTCCCGCACCTC,0,2039437
kbpp4,0.5,1,1,CTGGGCCTGTCGTAGTGTCC,0,2048068
kbpp4,0.5,1,1,CTGGGACGGTCTCGGTACTT,0,2051385
kbpp4,0.5,1,1,CTGGCTTATTCGACAACCTA,0,2018452
kbpp4,0.5,1,1,CTGGCTTAAGAAGAGAATTA,0,2041571
kbpp4,0.5,1,1,CTGGCGGCTGGCAACGGTGG,0,2076633
kbpp4,0.5,1,1,CTGGCCGCGGTCGCGAACAT,0,2070109
kbpp4,0.5,1,1,CTGGCAAATTAGTAAGAGGT,0,2059659
kbpp4,0.5,1,1,CTGGACAAACGTTTGCTAGA,0,2048877
kbpp4,0.5,1,1,CTGCTGGTTGAAAAGGTGGG,0,2059331
kbpp4,0.5,1,1,CTGCGGCATAGAAACGGTCA,0,2077627
kbpp4,0.5,1,1,CTGCGACTTCTGCTCTTAAG,0,2064011
kbpp4,0.5,1,1,CTGCCTGGTGTATACTGAAG,0,2054039
kbpp4,0.5,1,1,CTGCCCATATATCGTCAATA,0,2042336
kbpp4,0.5,1,1,CTGCACTCGTATTGCGCCAA,0,2069696
kbpp4,0.5,1,1,CTGCAAGCGCGCACCAGTCC,0,2074100
kbpp4,0.5,1,1,CTGATTCCAGTGCCGGCTGC,0,2065756
kbpp4,0.5,1,1,CTGATGTGTGCTCACCCGAG,0,2067763
kbpp4,0.5,1,1,CTGAGGGTATCCACAGAAGG,0,2030135
kbpp4,0.5,1,1,CTGACGGTTATCGCAATATA,0,2027058
kbpp4,0.5,1,1,CTCTTTCAATCATGTAGAAA,0,2019952
kbpp4,0.5,1,1,CTCTGGTACCAAAAACGAAT,0,2021013
kbpp4,0.5,1,1,CTCTGCGGAAGCTGAGTGCT,0,2027548
kbpp4,0.5,1,1,CTCTGCCTTCTTAGGCACTT,0,2058536
kbpp4,0.5,1,1,CTCTGAGTCACGACTTTCCG,0,2023489
kbpp4,0.5,1,1,CTCTGAGGGAACCGTCCCCG,0,2064706
kbpp4,0.5,1,1,CTCTGAGATTAACGAGAATG,0,2056541
kbpp4,0.5,1,1,CTCTGACAAAGGTGAGTGAT,0,2017940
kbpp4,0.5,1,1,CTCTCACGCACGAAATATTC,0,2021482
kbpp4,0.5,1,1,CTCTATCCCTGATACTCACG,0,2055193
kbpp4,0.5,1,1,CTCTAATGGTGCATTAATCA,0,2083036
kbpp4,0.5,1,1,CTCGTTGCTGAAACGCTAGG,0,2019969
kbpp4,0.5,1,1,CTCGTTGCGTGTAACCTTTC,0,2049393
kbpp4,0.5,1,1,CTCGTTACAGGTGAAGAATG,0,2024898
kbpp4,0.5,1,1,CTCGTGCGCCGAGTCTGGGA,0,2063650
kbpp4,0.5,1,1,CTCGGCGTCCTGACTCGTGG,0,2040991
kbpp4,0.5,1,1,CTCGGCCTCATACGTCAGCA,0,2052663
kbpp4,0.5,1,1,CTCGGACAGCAACGCGGGAT,0,2063630
kbpp4,0.5,1,1,CTCGCCAACCTATGCCTATG,0,2024333
kbpp4,0.5,1,1,CTCGCATTTACAGTGATCAG,0,2021122
kbpp4,0.5,1,1,CTCGAGGTGCGGGTCAAGTG,0,2079959
kbpp4,0.5,1,1,CTCCTTACCAAAATTGTTTT,0,2038766
kbpp4,0.5,1,1,CTCCTGGGTCTTAGTGGTTC,0,2064931
kbpp4,0.5,1,1,CTCCTACGGGGTGACGCCAC,0,2063397
kbpp4,0.5,1,1,CTCCGCACACACAGTCTTTG,0,2044908
kbpp4,0.5,1,1,CTCCGATATTGTCAACTGAT,0,2023149
kbpp4,0.5,1,1,CTCCGACATACTATTAAGTC,0,2064766
kbpp4,0.5,1,1,CTCCCCGAATACTTTGCCTG,0,2054540
kbpp4,0.5,1,1,CTCCCCCACTATCGGCTATG,0,2049086
kbpp4,0.5,1,1,CTCCAGCAACCAAGGCCAGG,0,2016896
kbpp4,0.5,1,1,CTCCAGATACGAATTGTCTC,0,2026981
kbpp4,0.5,1,1,CTCCACGGAAGCGCGGCACA,0,2034673
kbpp4,0.5,1,1,CTCCACCTTGAACCATGACA,0,2054155
kbpp4,0.5,1,1,CTCATGGGCATAACTGCAAT,0,2038963
kbpp4,0.5,1,1,CTCATCGAAAGCCCGAGGCA,0,2063324
kbpp4,0.5,1,1,CTCAGTCATCCCCGCCAGTC,0,2063488
kbpp4,0.5,1,1,CTCAGGTATTGCATTGGTGA,0,2052327
kbpp4,0.5,1,1,CTCAGAGCGATTGCATTAGG,0,2074355
kbpp4,0.5,1,1,CTCACGCCCCCTGCCCAGGC,0,2041692
kbpp4,0.5,1,1,CTCACAGTACAGATATGGTG,0,2031670
kbpp4,0.5,1,1,CTCAATTTCGATAGCTGGGT,0,2027139
kbpp4,0.5,1,1,CTCAAGCCTGGAGTCTACAA,0,2047549
kbpp4,0.5,1,1,CTATTTTAAAGGTGGTTATA,0,2081479
kbpp4,0.5,1,1,CTATTTGCGGGAATACGATC,0,2048115
kbpp4,0.5,1,1,CTATTGTATTTGGTACGGAT,0,2016086
kbpp4,0.5,1,1,CTATTCGCGTAGTTTGATAT,0,2072166
kbpp4,0.5,1,1,CTATTATTAGTAAGAATTGA,0,2074436
kbpp4,0.5,1,1,CTATGGGTATGGCGGGCTGT,0,2066213
kbpp4,0.5,1,1,CTATGGCTGTACTCTGAACG,0,2024223
kbpp4,0.5,1,1,CTATGCCTTGGTACTTTTTG,0,2067314
kbpp4,0.5,1,1,CTATGCCGAGCGAGTAGCCA,0,2037085
kbpp4,0.5,1,1,CTATCTGTGACCTTAAGGGG,0,2043935
kbpp4,0.5,1,1,CTATCCTCACGTGACCCCTT,0,2031306
kbpp4,0.5,1,1,CTAGTAGCAAATCGCACTCT,0,2049351
kbpp4,0.5,1,1,CTAGGTAATCTCGTAGGGGA,0,2078724
kbpp4,0.5,1,1,CTAGGGCCTCGTATTAACTA,0,2081196
kbpp4,0.5,1,1,CTAGGCTCGAGACAGACGCT,0,2038777
kbpp4,0.5,1,1,CTAGGCAAACGGGGGTCCTA,0,2070936
kbpp4,0.5,1,1,CTAGGACCCGTAGAATTTTG,0,2074210
kbpp4,0.5,1,1,CTAGCTGTATCTTTTGGTGA,0,2022795
kbpp4,0.5,1,1,CTAGCTAGAGCAATGCCCAC,0,2050376
kbpp4,0.5,1,1,CTAGCGACAAGGGTACAGAA,0,2070248
kbpp4,0.5,1,1,CTAGCATGCATACCTGTAGT,0,2068683
kbpp4,0.5,1,1,CTAGCATAGATACGCTCCAA,0,2040301
kbpp4,0.5,1,1,CTAGAGGCTTTGGTTAGACT,0,2067910
kbpp4,0.5,1,1,CTAGACTCCTGCAAGCGGCG,0,2034608
kbpp4,0.5,1,1,CTAGACGATCTCGGGATCAG,0,2021890
kbpp4,0.5,1,1,CTAGAAGAAGGGCCATACCA,0,2026598
kbpp4,0.5,1,1,CTACTCCCCTACGAGTTTTG,0,2030040
kbpp4,0.5,1,1,CTACTCAGGGTGGTTTATTC,0,2033845
kbpp4,0.5,1,1,CTACGTGTGCCCCCCTTAGA,0,2080703
kbpp4,0.5,1,1,CTACGACCACTCAACATAAT,0,2074647
kbpp4,0.5,1,1,CTACCTTATCAGTATACGAC,0,2048596
kbpp4,0.5,1,1,CTACCCTTCTTATACCGTTG,0,2042598
kbpp4,0.5,1,1,CTACCCAGGGGCATAAGGGT,0,2035253
kbpp4,0.5,1,1,CTACACAATATTGAGTCACT,0,2065116
kbpp4,0.5,1,1,CTAATTTAAGCAAGGGACAT,0,2056040
kbpp4,0.5,1,1,CTAATTCATTACTGCGTCCG,0,2074994
kbpp4,0.5,1,1,CTAATTACCCCGTAGGATAT,0,2070197
kbpp4,0.5,1,1,CTAATGAGCAGCGCACGCCT,0,2020105
kbpp4,0.5,1,1,CTAATGACATCTTGCTGATT,0,2042415
kbpp4,0.5,1,1,CTAAGTTTAACACGATTAGC,0,2050875
kbpp4,0.5,1,1,CTAAGGTGGGGCTGGCCGAG,0,2076960
kbpp4,0.5,1,1,CTAACGGCATCCAGTGGATA,0,2025066
kbpp4,0.5,1,1,CTAACAGCATATAAAATCTG,0,2046668
kbpp4,0.5,1,1,CTAAATGTGCGGTTTCGCAT,0,2076846
kbpp4,0.5,1,1,CTAAACGATCAGCCGGCATA,0,2059890
kbpp4,0.5,1,1,CTAAAACAAATTGGAGAGAT,0,2058625
kbpp4,0.5,1,1,CGTTTTGGATTAATTTTCCG,0,2044907
kbpp4,0.5,1,1,CGTTTTCACGCCTAGAATAA,0,2019947
kbpp4,0.5,1,1,CGTTTCCGGAAACAACCTTG,0,2061317
kbpp4,0.5,1,1,CGTTTCAATACGAAAGCCTT,0,2051507
kbpp4,0.5,1,1,CGTTTATACTGGATACGCAT,0,2063726
kbpp4,0.5,1,1,CGTTGTAGGTCTACGTTCGT,0,2046294
kbpp4,0.5,1,1,CGTTGGTTCCAGTTGTCCCT,0,2072336
kbpp4,0.5,1,1,CGTTCCGAGATAGATGCAGC,0,2030075
kbpp4,0.5,1,1,CGTTCATTCCACCCTATGGC,0,2064490
kbpp4,0.5,1,1,CGTTCAAAACAAAGCCGGAA,0,2052325
kbpp4,0.5,1,1,CGTTATAATAGATCGGAGGT,0,2024042
kbpp4,0.5,1,1,CGTTAGCGAACGTGGCTGGC,0,2029570
kbpp4,0.5,1,1,CGTTAAGGGAAAAATTTGAA,0,2060765
kbpp4,0.5,1,1,CGTGTGGTGGCGGCGAATTA,0,2054055
kbpp4,0.5,1,1,CGTGTGAGAGCCATCCTCAC,0,2052266
kbpp4,0.5,1,1,CGTGTACTTGTTAACTGCTA,0,2064271
kbpp4,0.5,1,1,CGTGGTTTGCGGGTAAATCA,0,2069173
kbpp4,0.5,1,1,CGTGGTCACTCGACCGTGAC,0,2059983
kbpp4,0.5,1,1,CGTGGGTCATGGGACTCTCT,0,2082787
kbpp4,0.5,1,1,CGTGGGCCTCTCTACACCAT,0,2043373
kbpp4,0.5,1,1,CGTGGGCATAGCGTTAGACC,0,2016630
kbpp4,0.5,1,1,CGTGCGATTGTCGCTTTTAA,0,2017026
kbpp4,0.5,1,1,CGTGCCCTAAGGAAATTTGA,0,2069574
kbpp4,0.5,1,1,CGTGATCTCTGACATTAGCA,0,2030480
kbpp4,0.5,1,1,CGTGATCATGGCTACATCTG,0,2067611
kbpp4,0.5,1,1,CGTGACTCCTTAAAGTCGAT,0,2050623
kbpp4,0.5,1,1,CGTGAAGTCGCTGCTAAGGG,0,2041582
kbpp4,0.5,1,1,CGTGAAGGAACCCGAGAGCT,0,2066734
kbpp4,0.5,1,1,CGTCTTCTTGTGGCAAACTT,0,2059333
kbpp4,0.5,1,1,CGTCTTAAATGCACCAGGGT,0,2019598
kbpp4,0.5,1,1,CGTCTGAGTTTGGTACATAA,0,2045768
kbpp4,0.5,1,1,CGTCTACATGTACACAGGTC,0,2085421
kbpp4,0.5,1,1,CGTCGCTGTTGGAATCATCA,0,2028103
kbpp4,0.5,1,1,CGTCGCCTCCTATATTGATA,0,2056848
kbpp4,0.5,1,1,CGTCCTAGAACACAACTTTA,0,2046206
kbpp4,0.5,1,1,CGTCATTGTTACAAGTAAAC,0,2034286
kbpp4,0.5,1,1,CGTCATGGGGGAAGTCACTT,0,2050404
kbpp4,0.5,1,1,CGTATTTCTATGCGGACGGG,0,2046669
kbpp4,0.5,1,1,CGTATGTCGCCAATCGGCAT,0,2075130
kbpp4,0.5,1,1,CGTATGCCCATGGGTTGCAG,0,2025968
kbpp4,0.5,1,1,CGTAGTAGCGAACTCGCACA,0,2023426
kbpp4,0.5,1,1,CGTAGGGGTGCGGATAAATT,0,2034275
kbpp4,0.5,1,1,CGTAGAAGACCCCTTTAAAA,0,2037342
kbpp4,0.5,1,1,CGTACTGTATATTTCTGCTA,0,2020175
kbpp4,0.5,1,1,CGTACGTATCTAATTCTAAG,0,2075994
kbpp4,0.5,1,1,CGTACGCAGCAAGGTTTCAG,0,2050214
kbpp4,0.5,1,1,CGTACCGTTGACGCTTGCTT,0,2038309
kbpp4,0.5,1,1,CGTACCCCTTCGAACAGTTT,0,2069639
kbpp4,0.5,1,1,CGTAACGTACTTGATAATTG,0,2083800
kbpp4,0.5,1,1,CGTAAATTCCACATGTCGAC,0,2050732
kbpp4,0.5,1,1,CGTAAATTCAACAGAGAACT,0,2043494
kbpp4,0.5,1,1,CGTAAACTAAGACAGCCCGT,0,2047863
kbpp4,0.5,1,1,CGTAAAAAAGGTTATGCGAC,0,2037168
kbpp4,0.5,1,1,CGGTTTATGCCTTTTTCCAC,0,2036051
kbpp4,0.5,1,1,CGGTTATATATGGTCGTTTA,0,2083707
kbpp4,0.5,1,1,CGGTGTACGGACTCCGCAAT,0,2062686
kbpp4,0.5,1,1,CGGTGGCCATAACTTGGGAA,0,2049709
kbpp4,0.5,1,1,CGGTGCTCACCCACCAGACC,0,2051966
kbpp4,0.5,1,1,CGGTCAGGAGAAAGGTTGTA,0,2070822
kbpp4,0.5,1,1,CGGTACGGATAGTTAGTATC,0,2077846
kbpp4,0.5,1,1,CGGTAATCGGGCGAGCGGGT,0,2032784
kbpp4,0.5,1,1,CGGTAAGGCAGCGCAGACAA,0,2015497
kbpp4,0.5,1,1,CGGTAAATTGAGGCTCAGGA,0,2065335
kbpp4,0.5,1,1,CGGGTTACCAGCAGCCTTAG,0,2048335
kbpp4,0.5,1,1,CGGGTGTTCTCCCTAGGTCG,0,2057233
kbpp4,0.5,1,1,CGGGTGCCCTGTTGTATATA,0,2067357
kbpp4,0.5,1,1,CGGGTACACAATGTAATGTT,0,2014614
kbpp4,0.5,1,1,CGGGGAGAAGGACAGACATA,0,2072800
kbpp4,0.5,1,1,CGGGCTTAGCATGAAAGGGA,0,2014787
kbpp4,0.5,1,1,CGGGCTAAGTCCAGTCTACG,0,2071749
kbpp4,0.5,1,1,CGGGCGTAAAAACTTTAATT,0,2018286
kbpp4,0.5,1,1,CGGGCGAGCACTGCGGGGAA,0,2059185
kbpp4,0.5,1,1,CGGGCATTGTGGAATTTACA,0,2030485
kbpp4,0.5,1,1,CGGGCAGGCCCAGGTTTCCA,0,2083153
kbpp4,0.5,1,1,CGGGATGATTGCATACGCGA,0,2073914
kbpp4,0.5,1,1,CGGGATGAGTTCGGGTATTG,0,2064367
kbpp4,0.5,1,1,CGGGAAACTCGCGAGCCACC,0,2027403
kbpp4,0.5,1,1,CGGCTTGATTGACCACCAGA,0,2077181
kbpp4,0.5,1,1,CGGCTTAAGGTACCAGAAGG,0,2078257
kbpp4,0.5,1,1,CGGCTGTGTGAGATTGAGAC,0,2057471
kbpp4,0.5,1,1,CGGCTGGTGGTTCGAATTTG,0,2025504
kbpp4,0.5,1,1,CGGCGAAGCCGGTCATTACC,0,2061533
kbpp4,0.5,1,1,CGGCCGCGACGAATCGGCGG,0,2048175
kbpp4,0.5,1,1,CGGCAGCATGGTGAACAAAC,0,2077899
kbpp4,0.5,1,1,CGGCAGCAACGGACTGGCTT,0,2017536
kbpp4,0.5,1,1,CGGCAGAATGAGGGATTGCA,0,2076276
kbpp4,0.5,1,1,CGGATGCGGAATCCTGCGTC,0,2027675
kbpp4,0.5,1,1,CGGATCAAGCGTATTGTCGG,0,2067360
kbpp4,0.5,1,1,CGGATCAACCATGGTGCTTT,0,2070238
kbpp4,0.5,1,1,CGGATAACCAATCGTTCAGC,0,2075376
kbpp4,0.5,1,1,CGGAGTTAGATGAGTCCTTA,0,2045278
kbpp4,0.5,1,1,CGGAGTGAAGACCTGTCAAA,0,2040451
kbpp4,0.5,1,1,CGGAGCTATGGTTGCAATTA,0,2014393
kbpp4,0.5,1,1,CGGAGCGAGGTCACAAAGAG,0,2060531
kbpp4,0.5,1,1,CGGAGAGCACGGTTCACCGT,0,2072283
kbpp4,0.5,1,1,CGGAAGACTTTCGATACCTT,0,2039929
kbpp4,0.5,1,1,CGGAACAGTCCACGAATCGA,0,2046710
kbpp4,0.5,1,1,CGGAAAGCTGTTGAGGGTTT,0,2024908
kbpp4,0.5,1,1,CGCTTTGGAAATCACTGGAA,0,2038418
kbpp4,0.5,1,1,CGCTTGTCATCTACTAGAGT,0,2021331
kbpp4,0.5,1,1,CGCTTCGAAGGCGTCCATTT,0,2056601
kbpp4,0.5,1,1,CGCTCACCTTAATGGACAGT,0,2063147
kbpp4,0.5,1,1,CGCGTGACGGTAGGGAATCC,0,2084586
kbpp4,0.5,1,1,CGCGTCTTGAACCGGTATAT,0,2051201
kbpp4,0.5,1,1,CGCGTATTGAGACTCGACGT,0,2050502
kbpp4,0.5,1,1,CGCGGCATACATCAGACCGA,0,2063833
kbpp4,0.5,1,1,CGCGGATTCTTCTCCATGCA,0,2044082
kbpp4,0.5,1,1,CGCGGACGATTAACATCAGC,0,2015405
kbpp4,0.5,1,1,CGCGCGGGCATGGTCCAGGG,0,2019723
kbpp4,0.5,1,1,CGCGCGCCGGGTCGTTCAGA,0,2057894
kbpp4,0.5,1,1,CGCGCCAAGCGGCCCACTTA,0,2030841
kbpp4,0.5,1,1,CGCGCATAAATCTACTGCAT,0,2039338
kbpp4,0.5,1,1,CGCGAGAGAGGAAAGGCGGG,0,2018073
kbpp4,0.5,1,1,CGCGACGAACATGCCATCGA,0,2043008
kbpp4,0.5,1,1,CGCGAAGAATTGTTGCACTT,0,2034235
kbpp4,0.5,1,1,CGCCTTAATCTGGAGTATGG,0,2052551
kbpp4,0.5,1,1,CGCCTGACCGGCTTCAACTG,0,2031207
kbpp4,0.5,1,1,CGCCTCCTAGTGACACTATA,0,2069781
kbpp4,0.5,1,1,CGCCTCCAGCAAAACTACTT,0,2032209
kbpp4,0.5,1,1,CGCCGATGGGAACCAGAGTA,0,2040288
kbpp4,0.5,1,1,CGCCCTGCTATTATATTTCA,0,2084675
kbpp4,0.5,1,1,CGCCCAGACTGTCCGAGCAT,0,2060235
kbpp4,0.5,1,1,CGCCCAACGAGCTCGAATAG,0,2082562
kbpp4,0.5,1,1,CGCCACGCTCTCGCAGAAAG,0,2079843
kbpp4,0.5,1,1,CGCCACCTTCGTCACGCGCA,0,2018575
kbpp4,0.5,1,1,CGCCAATCTGTGTACGGACA,0,2050527
kbpp4,0.5,1,1,CGCCAACCCCACCGTCCACT,0,2070499
kbpp4,0.5,1,1,CGCATGTTCTGAAGACATTT,0,2022964
kbpp4,0.5,1,1,CGCATATATCTGCAAATGGC,0,2045189
kbpp4,0.5,1,1,CGCATAGCCCCCCTAAACAT,0,2077444
kbpp4,0.5,1,1,CGCAGTAAGATCGTAGAGCA,0,2030601
kbpp4,0.5,1,1,CGCAGGATCAATACTTCGAG,0,2032564
kbpp4,0.5,1,1,CGCAGCTTCGGATCCCTTTA,0,2058713
kbpp4,0.5,1,1,CGCAGCACAGTGGCTTTTGG,0,2033874
kbpp4,0.5,1,1,CGCACGTTTGGTAAATGCAG,0,2033622
kbpp4,0.5,1,1,CGCACGGGGTGCCCAACAAT,0,2078326
kbpp4,0.5,1,1,CGCAATGAGGAAAGTGTAAC,0,2020077
kbpp4,0.5,1,1,CGATTCCTCGGAAAGCGTAA,0,2058465
kbpp4,0.5,1,1,CGATTCAACTTTAAAAGCAG,0,2063909
kbpp4,0.5,1,1,CGATGTGCGCTTTTAAGAAA,0,2025195
kbpp4,0.5,1,1,CGATGTAGTTAGCGCAGGCA,0,2084621
kbpp4,0.5,1,1,CGATGCGGACTCGGCTTAAC,0,2044340
kbpp4,0.5,1,1,CGATCGCGAGCCGTGTTTCC,0,2074884
kbpp4,0.5,1,1,CGATCCAGGCTGGCCGGGTT,0,2085287
kbpp4,0.5,1,1,CGATATTTCTTAATATACCC,0,2038158
kbpp4,0.5,1,1,CGATAGGGTAGACTTTCCAG,0,2020002
kbpp4,0.5,1,1,CGATAGCTGTCTCGTCTGGG,0,2081896
kbpp4,0.5,1,1,CGATAGCCCGAGGTATCAAT,0,2035874
kbpp4,0.5,1,1,CGATACCCTTAATGTGAACA,0,2070502
kbpp4,0.5,1,1,CGAGTTTGTGCGTGGTTGAC,0,2023428
kbpp4,0.5,1,1,CGAGTTACCTAATATGACAA,0,2067219
kbpp4,0.5,1,1,CGAGTGCCGGTAGGGTGCTG,0,2057019
kbpp4,0.5,1,1,CGAGTAGAACTTTGGTGCTT,0,2066591
kbpp4,0.5,1,1,CGAGTAAAGGCGGTGGAAAT,0,2033002
kbpp4,0.5,1,1,CGAGGTATGTTTACCCGCTT,0,2066097
kbpp4,0.5,1,1,CGAGGTAAGCACCCGCAGAA,0,2044432
kbpp4,0.5,1,1,CGAGGGCTTGCGTAGGTAAT,0,2064721
kbpp4,0.5,1,1,CGAGGATACTCGCGTATCGA,0,2020625
kbpp4,0.5,1,1,CGAGGACATAATTTACCAAT,0,2046425
kbpp4,0.5,1,1,CGAGCGTCAATCCGCGATGC,0,2024238
kbpp4,0.5,1,1,CGAGCGCCTTCTTCCGAGTG,0,2053316
kbpp4,0.5,1,1,CGAGAGCCGTTAGAGAAAGA,0,2067353
kbpp4,0.5,1,1,CGAGAAGTGGCACCAATTAG,0,2053641
kbpp4,0.5,1,1,CGAGAAAACGCGTTACAGTA,0,2042860
kbpp4,0.5,1,1,CGACTCGGAACCGAAAAGGT,0,2030541
kbpp4,0.5,1,1,CGACTCAACACCAGCTGGAG,0,2062095
kbpp4,0.5,1,1,CGACTATGTCTAAAAGGCTT,0,2061520
kbpp4,0.5,1,1,CGACAGGGGGGGTCGCTCTG,0,2067628
kbpp4,0.5,1,1,CGACAGCGCTGTTCCGTTCT,0,2065709
kbpp4,0.5,1,1,CGAATTGAGCTGGAATATTA,0,2023833
kbpp4,0.5,1,1,CGAATTACACTCTTACGTCA,0,2049441
kbpp4,0.5,1,1,CGAATCTGATTTGTAGTTTC,0,2021719
kbpp4,0.5,1,1,CGAATACTGGCGCTGGACTT,0,2061741
kbpp4,0.5,1,1,CGAAGTCTGTGCCTAGGAAC,0,2066466
kbpp4,0.5,1,1,CGAAGGCGATAAAGGCCTCT,0,2072337
kbpp4,0.5,1,1,CGAAGAGATTGTTAATTTTA,0,2067889
kbpp4,0.5,1,1,CGAAACTCGTTTCTAGATAA,0,2025194
kbpp4,0.5,1,1,CGAAAAGGTAAACCTTACTA,0,2035302
kbpp4,0.5,1,1,CCTTTAGGCGCTACTCGGCA,0,2058910
kbpp4,0.5,1,1,CCTTGGTGGACGGCGTTTAT,0,2057699
kbpp4,0.5,1,1,CCTTGCGCATGATTGACATT,0,2034441
kbpp4,0.5,1,1,CCTTGCGAGCCAAGTCGGGT,0,2077849
kbpp4,0.5,1,1,CCTTCCTTCTGACTGTCTAA,0,2021970
kbpp4,0.5,1,1,CCTTCCGGTCCATTACCTTC,0,2017382
kbpp4,0.5,1,1,CCTTCAGCATGGAATCAAAT,0,2034785
kbpp4,0.5,1,1,CCTTATCTGTCGGTCTGGAA,0,2067572
kbpp4,0.5,1,1,CCTGTTCGTCGTTTAAAGAT,0,2047046
kbpp4,0.5,1,1,CCTGTTACGCAACTGTAACG,0,2041888
kbpp4,0.5,1,1,CCTGTGGTTTTGAGGGGGCG,0,2077377
kbpp4,0.5,1,1,CCTGTGCTGGTCGCGTTGTT,0,2026550
kbpp4,0.5,1,1,CCTGTATATGCTTTTGTTTA,0,2021829
kbpp4,0.5,1,1,CCTGGTTTGGGTAGTTAGGA,0,2049000
kbpp4,0.5,1,1,CCTGGGCGAACCTTTAAAGT,0,2044774
kbpp4,0.5,1,1,CCTGGCAGTCTTTGCGGACT,0,2070449
kbpp4,0.5,1,1,CCTGCTTAAGAAGCTGCCTC,0,2024145
kbpp4,0.5,1,1,CCTGCGCTAGCGTGGATAGA,0,2061413
kbpp4,0.5,1,1,CCTGCACGAGTGATAGTCAA,0,2022747
kbpp4,0.5,1,1,CCTGACTGTGGTCCGATTGT,0,2051698
kbpp4,0.5,1,1,CCTGAAGCACAAACGCGGGT,0,2044451
kbpp4,0.5,1,1,CCTCTCGGGCTCCGCCCGTA,0,2026064
kbpp4,0.5,1,1,CCTCTAACCAGATTATGGCG,0,2076375
kbpp4,0.5,1,1,CCTCCGTTCAACAATCGGCA,0,2034575
kbpp4,0.5,1,1,CCTCATATTGACACCGCAGC,0,2077136
kbpp4,0.5,1,1,CCTCACCAGAATCAATTCCT,0,2025915
kbpp4,0.5,1,1,CCTCAATACTAACCTCGCCC,0,2041026
kbpp4,0.5,1,1,CCTATTACTCCCGGCCCCGC,0,2075720
kbpp4,0.5,1,1,CCTATCTTCCGTAGAGCTAA,0,2031033
kbpp4,0.5,1,1,CCTATCTCGGGGGTACGCGA,0,2020363
kbpp4,0.5,1,1,CCTATAGCACTCTGTGGTAG,0,2037552
kbpp4,0.5,1,1,CCTAGCGTACTTCTTAAATG,0,2078887
kbpp4,0.5,1,1,CCTAGCGCTCGAGGTGGGGG,0,2031284
kbpp4,0.5,1,1,CCTAGCCAGAAAGCAGTGTT,0,2049395
kbpp4,0.5,1,1,CCTAGACCCCTTTCTGGTCC,0,2051317
kbpp4,0.5,1,1,CCTACTTCCAGTAATGACTG,0,2017823
kbpp4,0.5,1,1,CCTACCTGGGCGCTCCACGG,0,2071833
kbpp4,0.5,1,1,CCTACATAGAATGACTGATC,0,2046327
kbpp4,0.5,1,1,CCTACAAGTCCGGCGCAGGA,0,2051343
kbpp4,0.5,1,1,CCTACAAGATGGACAATCTC,0,2065284
kbpp4,0.5,1,1,CCTAATGTTTGGATTAGGTC,0,2064125
kbpp4,0.5,1,1,CCTAAGCAAGCGCGTAACTG,0,2057737
kbpp4,0.5,1,1,CCTAACCCGTGGAGGCACTG,0,2084318
kbpp4,0.5,1,1,CCGTTTGATATAACTGGGAG,0,2060110
kbpp4,0.5,1,1,CCGTTGGAAGGGGAAGGATC,0,2076135
kbpp4,0.5,1,1,CCGTGTGATCGATCAACAAA,0,2060489
kbpp4,0.5,1,1,CCGTGCAGTTAATTGAGTCT,0,2036434
kbpp4,0.5,1,1,CCGTCGTTATACGTTCCTGT,0,2069118
kbpp4,0.5,1,1,CCGTCGGACGCGAAGCTGGT,0,2023060
kbpp4,0.5,1,1,CCGTCCGCGATGATCGGTGC,0,2077244
kbpp4,0.5,1,1,CCGTCAATCCCAATGTCCTT,0,2037774
kbpp4,0.5,1,1,CCGTATACTGGACTTTGGGA,0,2036198
kbpp4,0.5,1,1,CCGTACGAATCGACCGTCTA,0,2055515
kbpp4,0.5,1,1,CCGGTTATATTCTTAGTTAA,0,2044791
kbpp4,0.5,1,1,CCGGTGCATCTAGGGCGGGT,0,2024800
kbpp4,0.5,1,1,CCGGTGACATGGCCCACTTC,0,2045555
kbpp4,0.5,1,1,CCGGGTGGTCAAGTGAATCA,0,2051994
kbpp4,0.5,1,1,CCGGGTGGCTAGTGAGGCAT,0,2055239
kbpp4,0.5,1,1,CCGGGGAAATGTCGGTCAAC,0,2063456
kbpp4,0.5,1,1,CCGGGCTTACCATTGGCAGT,0,2073844
kbpp4,0.5,1,1,CCGGGCCCTGGACACGAAGT,0,2031909
kbpp4,0.5,1,1,CCGGGACTCGGTGTGAGTCG,0,2017244
kbpp4,0.5,1,1,CCGGGACGGTATTGACTGTA,0,2042177
kbpp4,0.5,1,1,CCGGCGTTTGCAAAAATCTA,0,2016512
kbpp4,0.5,1,1,CCGGCCTAACTCCCGGGTTT,0,2016039
kbpp4,0.5,1,1,CCGGCCCCGTCCGCGAAGGA,0,2024564
kbpp4,0.5,1,1,CCGGCATATAACGCGATTCA,0,2046833
kbpp4,0.5,1,1,CCGGCAGGGCTGGGCTTAAC,0,2056944
kbpp4,0.5,1,1,CCGGCACATCAGGGGGGCGA,0,2082076
kbpp4,0.5,1,1,CCGGCAAGGGCAGTCAAAGG,0,2031808
kbpp4,0.5,1,1,CCGCGGCCCGGACTGCCTGT,0,2043925
kbpp4,0.5,1,1,CCGCGCGCTTAACATTAAAA,0,2068209
kbpp4,0.5,1,1,CCGCGATTGCCGTTGGGCAT,0,2062167
kbpp4,0.5,1,1,CCGCGAGCCTGCCTTTTCCT,0,2058163
kbpp4,0.5,1,1,CCGCGAATATTTCATATGTA,0,2047513
kbpp4,0.5,1,1,CCGCCTTTGTGGAAGGAGTG,0,2067078
kbpp4,0.5,1,1,CCGCCCCTACGCAATGCCTA,0,2074691
kbpp4,0.5,1,1,CCGCCATACGCCTCTGAGAT,0,2049247
kbpp4,0.5,1,1,CCGCAGACGGACAGCCCGGG,0,2030087
kbpp4,0.5,1,1,CCGCACACGGCTGAGATCTG,0,2056817
kbpp4,0.5,1,1,CCGATGCTAAGTTACGTGTG,0,2033088
kbpp4,0.5,1,1,CCGATCCCGTCTAGCGGTGT,0,2073847
kbpp4,0.5,1,1,CCGATCATCAAACATAACGG,0,2071568
kbpp4,0.5,1,1,CCGAGGTGCTTTGCTTCCGG,0,2074052
kbpp4,0.5,1,1,CCGACTTGTTTCAAGATTGC,0,2046184
kbpp4,0.5,1,1,CCGACTCGCCGGTACAATGT,0,2028214
kbpp4,0.5,1,1,CCGACATGCTGGGGTGTTCC,0,2048412
kbpp4,0.5,1,1,CCGAATGACTATGTGGACTG,0,2053456
kbpp4,0.5,1,1,CCGAAGTCACATAAGGACAA,0,2024897
kbpp4,0.5,1,1,CCGAAAGTACAAGTACTCTG,0,2022267
kbpp4,0.5,1,1,CCCTTTAAGTTAGTACGTCC,0,2020158
kbpp4,0.5,1,1,CCCTTACGGGTTTAAGGGAT,0,2021108
kbpp4,0.5,1,1,CCCTGTAGTGCTCACAAATT,0,2070875
kbpp4,0.5,1,1,CCCTGGCTCGGCGCCGGTGG,0,2035051
kbpp4,0.5,1,1,CCCTGGACCAAATTGGAAGA,0,2039398
kbpp4,0.5,1,1,CCCTGAAGGAGCCGTGGTCG,0,2039836
kbpp4,0.5,1,1,CCCTCTTTGAACGGCCTCTC,0,2052452
kbpp4,0.5,1,1,CCCTCTAACCTTTATAATCT,0,2057810
kbpp4,0.5,1,1,CCCTCGGCAATTGAGCGGCG,0,2048449
kbpp4,0.5,1,1,CCCTCGAGGGGTTGTTCGTA,0,2022827
kbpp4,0.5,1,1,CCCTCCGAGTCTACGTTTTA,0,2045376
kbpp4,0.5,1,1,CCCTCAATATCGTACGACTA,0,2082805
kbpp4,0.5,1,1,CCCTAGGTCCAGCAGTACTA,0,2066368
kbpp4,0.5,1,1,CCCGTGCTCACAAAGGCGGA,0,2037215
kbpp4,0.5,1,1,CCCGTAACTGGACCCTATTA,0,2053509
kbpp4,0.5,1,1,CCCGGTGAGCCGGATTTAAC,0,2073318
kbpp4,0.5,1,1,CCCGGCTATCACCTTTAGCC,0,2052672
kbpp4,0.5,1,1,CCCGGAGGAGCAACCGGGTG,0,2041807
kbpp4,0.5,1,1,CCCGGAACCTTTGGGCGGAT,0,2079170
kbpp4,0.5,1,1,CCCGCTGTCTGCCTCCCCGT,0,2066358
kbpp4,0.5,1,1,CCCGCGGTTTATATGCATCA,0,2026865
kbpp4,0.5,1,1,CCCGCCTTGTTGGGGGCTGG,0,2051197
kbpp4,0.5,1,1,CCCGCCCAATGATAATGATA,0,2053976
kbpp4,0.5,1,1,CCCGAGTTTGGATCGTCGAA,0,2017456
kbpp4,0.5,1,1,CCCCTTGAACTGAAACAAAA,0,2083422
kbpp4,0.5,1,1,CCCCTAGGGTTGCTGGAACT,0,2032520
kbpp4,0.5,1,1,CCCCGGGGTGCGATATCCAT,0,2043585
kbpp4,0.5,1,1,CCCCCGTTGCACGCTACAGG,0,2079001
kbpp4,0.5,1,1,CCCCCCTCTGGTTTTGCGTA,0,2046085
kbpp4,0.5,1,1,CCCCCCATTAAGATTAAGGG,0,2024136
kbpp4,0.5,1,1,CCCCCCAGCAGAAACACAGG,0,2057232
kbpp4,0.5,1,1,CCCCATGTTAAGCTGGAAAC,0,2038929
kbpp4,0.5,1,1,CCCCAGTAGTTATGCAACCA,0,2074814
kbpp4,0.5,1,1,CCCCAGGGCATGTTCGAAGG,0,2071244
kbpp4,0.5,1,1,CCCATTGTTCTGCGGACCAG,0,2028713
kbpp4,0.5,1,1,CCCATGTCTCGATTTCCAGC,0,2020574
kbpp4,0.5,1,1,CCCATGGGGGGCTTTTCTTA,0,2038246
kbpp4,0.5,1,1,CCCAGGTCGTGGAGAGTTAC,0,2062603
kbpp4,0.5,1,1,CCCACTCATACCCTTTGCGT,0,2055924
kbpp4,0.5,1,1,CCCACGGCCTGAGGAACGTT,0,2058778
kbpp4,0.5,1,1,CCCACGAGGTATTTGCACTC,0,2036286
kbpp4,0.5,1,1,CCCACATCTTCGTTCACAAA,0,2039279
kbpp4,0.5,1,1,CCCAATCGTGATGGCTCTGG,0,2046980
kbpp4,0.5,1,1,CCCAAGTGGTGTATACTCAG,0,2015133
kbpp4,0.5,1,1,CCCAAGAGCGTAAGCACCTG,0,2028982
kbpp4,0.5,1,1,CCATTTGTTAATACTCGATA,0,2042046
kbpp4,0.5,1,1,CCATTGACGACTCCAGGCGT,0,2040306
kbpp4,0.5,1,1,CCATTCTGCTTTTCTGCTGA,0,2030041
kbpp4,0.5,1,1,CCATTACTCAATCATGGTGT,0,2071711
kbpp4,0.5,1,1,CCATGCCTGCCGTACCCTGT,0,2058509
kbpp4,0.5,1,1,CCATGCCGGCAATCCGATGT,0,2078026
kbpp4,0.5,1,1,CCATGCCACCAGTACCGAAA,0,2042128
kbpp4,0.5,1,1,CCATGAGATCCACAGTGATG,0,2043423
kbpp4,0.5,1,1,CCATGAGAAGCGTCGGCGGG,0,2028055
kbpp4,0.5,1,1,CCATCCCTTCATTGGGACCA,0,2056927
kbpp4,0.5,1,1,CCATCATAGTAAACCGCACC,0,2041614
kbpp4,0.5,1,1,CCATATGCCACCTTGAGACT,0,2032890
kbpp4,0.5,1,1,CCATATCTGTCTGTTCCATG,0,2034396
kbpp4,0.5,1,1,CCATACTGGAATCTAGCTTT,0,2048208
kbpp4,0.5,1,1,CCATACGTTGATCTCACGAT,0,2068250
kbpp4,0.5,1,1,CCATACCGCACTGGCTATTG,0,2030911
kbpp4,0.5,1,1,CCATAACCACGGTAGATAGG,0,2060609
kbpp4,0.5,1,1,CCAGTGGGAGTGTAACGTGA,0,2041324
kbpp4,0.5,1,1,CCAGTGATTCTCAGACCCCA,0,2060949
kbpp4,0.5,1,1,CCAGTAGCAATCGCCCTTGT,0,2031281
kbpp4,0.5,1,1,CCAGTAAAACGCTAAGGCAG,0,2055796
kbpp4,0.5,1,1,CCAGGTCCGCTGCGCTCGCT,0,2038631
kbpp4,0.5,1,1,CCAGGGCAGTACTTACTTAA,0,2026298
kbpp4,0.5,1,1,CCAGGGCACGTTCGCTAGAC,0,2081529
kbpp4,0.5,1,1,CCAGCTGCTGAGTAAATTTC,0,2016568
kbpp4,0.5,1,1,CCAGCGTCTGGGTACGAGGA,0,2059468
kbpp4,0.5,1,1,CCAGCGAGCTAGAGACGTTG,0,2035564
kbpp4,0.5,1,1,CCAGCCAATGGGAATGTAGA,0,2080252
kbpp4,0.5,1,1,CCAGACGTATTAGCCGGAAT,0,2024678
kbpp4,0.5,1,1,CCACTTTGAATCCGTGTCCT,0,2067896
kbpp4,0.5,1,1,CCACGTTGCTGTTCGCCCCA,0,2041911
kbpp4,0.5,1,1,CCACGTTATCAGCTTCCCGT,0,2075080
kbpp4,0.5,1,1,CCACGATCAATGTTCGTTAT,0,2065033
kbpp4,0.5,1,1,CCACGAGTCGGACCTTAAAT,0,2083240
kbpp4,0.5,1,1,CCACCTCGTTTATAAGATTA,0,2034927
kbpp4,0.5,1,1,CCACATCTTGGAAGCTGCCC,0,2038923
kbpp4,0.5,1,1,CCACAGGTAAAATCGCGATC,0,2019141
kbpp4,0.5,1,1,CCACAGGCGATTGCTTAGTG,0,2032267
kbpp4,0.5,1,1,CCAATCTGAAGCGCTAGCAA,0,2025982
kbpp4,0.5,1,1,CCAATAACTCTGCGCTCGGT,0,2069896
kbpp4,0.5,1,1,CCAAGGCAAGCTAGTACGTG,0,2014873
kbpp4,0.5,1,1,CCAAGCAAAGATTCGAAGAT,0,2058368
kbpp4,0.5,1,1,CCAACTCTCTGACACTATGA,0,2071384
kbpp4,0.5,1,1,CCAACGCGGGTAGGCATAAG,0,2054191
kbpp4,0.5,1,1,CCAACCTGTGTCGAGGCTTA,0,2045055
kbpp4,0.5,1,1,CCAAATTAGGGCTGGCGGCC,0,2044994
kbpp4,0.5,1,1,CCAAAATGGGGATATGCCTA,0,2019636
kbpp4,0.5,1,1,CCAAAAAGGCGCCATGCCAC,0,2047617
kbpp4,0.5,1,1,CATTTTGGTCCCAACTCCGT,0,2050142
kbpp4,0.5,1,1,CATTTCATAGCCGCTCATCA,0,2072120
kbpp4,0.5,1,1,CATTTCACGGTAAGGAACCT,0,2058113
kbpp4,0.5,1,1,CATTTACGGGAAGTCCTTCG,0,2060690
kbpp4,0.5,1,1,CATTGATGGGTGCGCGACCC,0,2053385
kbpp4,0.5,1,1,CATTCTATTGATAGTCATTT,0,2065747
kbpp4,0.5,1,1,CATTCCGTAAACACGCACTC,0,2044773
kbpp4,0.5,1,1,CATTAGTCGCCTGATCTAAA,0,2044174
kbpp4,0.5,1,1,CATTACTGTGGTGGGTATAA,0,2032811
kbpp4,0.5,1,1,CATGTGTAATCTTGATGGGT,0,2071883
kbpp4,0.5,1,1,CATGTGGAGGTACATGGTCT,0,2028977
kbpp4,0.5,1,1,CATGTGCGGTGATCACCTCT,0,2022485
kbpp4,0.5,1,1,CATGTCTGAAATAGATTGCA,0,2038305
kbpp4,0.5,1,1,CATGTCGCTCAGGTGTCCTC,0,2078492
kbpp4,0.5,1,1,CATGTATTTAACGGCCTTCT,0,2029314
kbpp4,0.5,1,1,CATGGGTATGAGGGAACCCT,0,2036397
kbpp4,0.5,1,1,CATGGCTCCATGCATACACT,0,2019890
kbpp4,0.5,1,1,CATGGCCAGTTCCTTATCCA,0,2068887
kbpp4,0.5,1,1,CATGCGTATACGAGCAAGCC,0,2033939
kbpp4,0.5,1,1,CATGCGCTTCGTATAAAGGC,0,2021878
kbpp4,0.5,1,1,CATGCGACGGGGGAGGCATT,0,2074995
kbpp4,0.5,1,1,CATGCCTCTAGCAATCCCCA,0,2055452
kbpp4,0.5,1,1,CATGATTTATCGAGACTCAG,0,2028354
kbpp4,0.5,1,1,CATGATCGCTAAACCCTCGG,0,2078644
kbpp4,0.5,1,1,CATGATAAATGTACCTGTTC,0,2037465
kbpp4,0.5,1,1,CATGAGGATTTTCAGACGAC,0,2071947
kbpp4,0.5,1,1,CATGACTAAAACGCAGCATA,0,2068339
kbpp4,0.5,1,1,CATCTTCGGGGTGGAGCCGA,0,2084469
kbpp4,0.5,1,1,CATCGTCGCGGGGTGCCTGC,0,2017729
kbpp4,0.5,1,1,CATCGCTCATCCCGAATGTA,0,2066789
kbpp4,0.5,1,1,CATCGCCAGTTATAGAGATC,0,2035512
kbpp4,0.5,1,1,CATCCTCAACTTTCACGGTT,0,2015289
kbpp4,0.5,1,1,CATCCGCCCGGCTTACGCTG,0,2015442
kbpp4,0.5,1,1,CATCCCTGACCGGTAGACTT,0,2055629
kbpp4,0.5,1,1,CATCCAGGATTGTCTCCTCT,0,2070830
kbpp4,0.5,1,1,CATCATAGACCGAGATACCA,0,2028051
kbpp4,0.5,1,1,CATCAGGTAAAAAATCCGTT,0,2032033
kbpp4,0.5,1,1,CATCAGGGAGTTAAACGTGA,0,2071951
kbpp4,0.5,1,1,CATCAACGGTACATGTTCAA,0,2079763
kbpp4,0.5,1,1,CATCAACCGAATCAATAGAA,0,2066868
kbpp4,0.5,1,1,CATATCAGCGTTGCTATGTC,0,2051242
kbpp4,0.5,1,1,CATATACAGCGGCCACGCGA,0,2067754
kbpp4,0.5,1,1,CATAGTGTACTTTTGGAATT,0,2031002
kbpp4,0.5,1,1,CATAGTAGTATACGTTTTTA,0,2041316
kbpp4,0.5,1,1,CATAGGCATTCTTCACCTAT,0,2059740
kbpp4,0.5,1,1,CATAGCACCATCAAACTTCG,0,2015693
kbpp4,0.5,1,1,CATAGCAAGGTCGTCTCGAC,0,2054026
kbpp4,0.5,1,1,CATAGAGGGCCACTGGTTGT,0,2079179
kbpp4,0.5,1,1,CATACGATATGCTAGTGCTA,0,2060955
kbpp4,0.5,1,1,CATACAAGGGTTGCCGCGTT,0,2068769
kbpp4,0.5,1,1,CATAATTTGAGGCGCCTCAA,0,2058755
kbpp4,0.5,1,1,CATAAACATTAACGGCACAC,0,2033104
kbpp4,0.5,1,1,CAGTTTTAGGGGAAGCAACA,0,2054414
kbpp4,0.5,1,1,CAGTTGTGCGCGGGTTGTGA,0,2028379
kbpp4,0.5,1,1,CAGTGGCTTAGAGACCCGCG,0,2035692
kbpp4,0.5,1,1,CAGTCGTAGGCCAAAGCTCT,0,2026290
kbpp4,0.5,1,1,CAGTCCTGTTGGCGATTCTT,0,2019093
kbpp4,0.5,1,1,CAGTCAAAGTTTCGAGAAAA,0,2042185
kbpp4,0.5,1,1,CAGTAAGTCGATTGGGCGCA,0,2073988
kbpp4,0.5,1,1,CAGTAAGAACCTTAGACCGG,0,2058923
kbpp4,0.5,1,1,CAGGTTCCAGAGTCCAGACG,0,2074253
kbpp4,0.5,1,1,CAGGTGTGCACTTGATTATT,0,2018855
kbpp4,0.5,1,1,CAGGTCCCGCTCACTCTAAG,0,2043919
kbpp4,0.5,1,1,CAGGGATCTCAACCATAATC,0,2037327
kbpp4,0.5,1,1,CAGGGATCACTAGGACTTAT,0,2051055
kbpp4,0.5,1,1,CAGGGATAGCACTGTCACGT,0,2035286
kbpp4,0.5,1,1,CAGGCGGAGTAAAGCTTCGA,0,2035505
kbpp4,0.5,1,1,CAGGCGAAGAGATTCCCCAG,0,2035030
kbpp4,0.5,1,1,CAGGATTGAAAAATGACACA,0,2039286
kbpp4,0.5,1,1,CAGGATATGACTATCGCCAT,0,2085597
kbpp4,0.5,1,1,CAGGAGAGCTCGACCCCCTC,0,2065442
kbpp4,0.5,1,1,CAGGACTCCTACGGTTTATT,0,2051350
kbpp4,0.5,1,1,CAGGAAGATGCCATGTAATC,0,2063661
kbpp4,0.5,1,1,CAGCTGTTTTGCCGTTCGGG,0,2061933
kbpp4,0.5,1,1,CAGCTGGACGGTGGGACCAT,0,2023482
kbpp4,0.5,1,1,CAGCTAGTTATCGTGCAACG,0,2033515
kbpp4,0.5,1,1,CAGCTAGGGATGAATAACAC,0,2067354
kbpp4,0.5,1,1,CAGCTACCCCCGCACTCGTG,0,2032322
kbpp4,0.5,1,1,CAGCGTCTACCAGGGCGGAC,0,2039283
kbpp4,0.5,1,1,CAGCGGTTTAGACGCTCCAC,0,2061170
kbpp4,0.5,1,1,CAGCGGATACAGAACTGCTT,0,2027141
kbpp4,0.5,1,1,CAGCGCGGTTTGCCGGCAAC,0,2017219
kbpp4,0.5,1,1,CAGCGCCTCCGAAAAATAAT,0,2054819
kbpp4,0.5,1,1,CAGCGCCCCAATGGCTAAAG,0,2039812
kbpp4,0.5,1,1,CAGCCGACGCCCCAACTTCT,0,2055828
kbpp4,0.5,1,1,CAGCCCGGAACCTAGGTCAA,0,2047124
kbpp4,0.5,1,1,CAGCCCGACATCCTTTTTCA,0,2025242
kbpp4,0.5,1,1,CAGCATTTAGCAACAACTAC,0,2043470
kbpp4,0.5,1,1,CAGCAAATCCCGAGGCACAG,0,2045718
kbpp4,0.5,1,1,CAGATGCAGTGCTCTCCCAC,0,2059657
kbpp4,0.5,1,1,CAGATAATGGTAAATTTGCA,0,2079252
kbpp4,0.5,1,1,CAGATAAGTAACCGATAATA,0,2054442
kbpp4,0.5,1,1,CAGAGTCGATAACATTAAGC,0,2082131
kbpp4,0.5,1,1,CAGAGCGCGGAACAGCAGTA,0,2057960
kbpp4,0.5,1,1,CAGAGAGCAATTGCCGGTCG,0,2057927
kbpp4,0.5,1,1,CAGACGCGGCGCGGAGCGAG,0,2054749
kbpp4,0.5,1,1,CAGAACTTACACATCCCATG,0,2032343
kbpp4,0.5,1,1,CAGAAAGTCCCTCCGATCCT,0,2029004
kbpp4,0.5,1,1,CACTTTATCAGCTCGACGAC,0,2076535
kbpp4,0.5,1,1,CACTGGTGAGATAACAGTCA,0,2049159
kbpp4,0.5,1,1,CACTGACAGACATACTAACT,0,2042039
kbpp4,0.5,1,1,CACTCCTGCTGTCTCCATGG,0,2045571
kbpp4,0.5,1,1,CACTCCGGATTGTGGCAGGG,0,2056096
kbpp4,0.5,1,1,CACTCACTGAAGAGGCAAGA,0,2067165
kbpp4,0.5,1,1,CACGTGTGTGCCCCCAAGTA,0,2055646
kbpp4,0.5,1,1,CACGTCTATCTGCTCATGTC,0,2020255
kbpp4,0.5,1,1,CACGTCTAAGCGAAGAGTGT,0,2063415
kbpp4,0.5,1,1,CACGGGGCAAAGAACAGATC,0,2015355
kbpp4,0.5,1,1,CACGGGATATTCTCTGGCCG,0,2070746
kbpp4,0.5,1,1,CACGCTCTCAGAGTCCGGCA,0,2071934
kbpp4,0.5,1,1,CACGCTCCAAACAGTCGCAG,0,2030800
kbpp4,0.5,1,1,CACGCATTGGGCCGACCTCT,0,2023248
kbpp4,0.5,1,1,CACGAGTCCACGGGGATGAG,0,2023452
kbpp4,0.5,1,1,CACGAGAAGTGGTCGAGTCT,0,2018449
kbpp4,0.5,1,1,CACGACTAAAGCGGCGATCA,0,2020415
kbpp4,0.5,1,1,CACGACCCTCGATTCTTCTC,0,2027316
kbpp4,0.5,1,1,CACCTTTTATACGCAATCGA,0,2037616
kbpp4,0.5,1,1,CACCTTCATCCCATCACCTG,0,2079709
kbpp4,0.5,1,1,CACCTGAAAACGTCGGAGTC,0,2022590
kbpp4,0.5,1,1,CACCGCGCTTGTAGCAGAAT,0,2081967
kbpp4,0.5,1,1,CACCCGGCTGTTACGGCGAC,0,2021718
kbpp4,0.5,1,1,CACCCGCACTGAATAACCTT,0,2049671
kbpp4,0.5,1,1,CACCCCGTACTTCAGCACAG,0,2061141
kbpp4,0.5,1,1,CACCCCGGGCAAGATACTAA,0,2044680
kbpp4,0.5,1,1,CACCCACGTCTCTTCATCCG,0,2056417
kbpp4,0.5,1,1,CACCAGTGTAACCAGAATCC,0,2076962
kbpp4,0.5,1,1,CACATGACGGCCAAACGAAT,0,2029551
kbpp4,0.5,1,1,CACATCCGTCGATATGTTGT,0,2068718
kbpp4,0.5,1,1,CACAGTGCGCATCTTGGCTG,0,2036343
kbpp4,0.5,1,1,CACAGTATGGCTCGAGAAAA,0,2049633
kbpp4,0.5,1,1,CACAGCCTTCTTGCAACTAT,0,2044421
kbpp4,0.5,1,1,CACAATGCCGCATCCACTGG,0,2052127
kbpp4,0.5,1,1,CACAAGTTATGCCAGCTACC,0,2040909
kbpp4,0.5,1,1,CAATGCTAGTTAGTGGTAGT,0,2083044
kbpp4,0.5,1,1,CAATGCCCAGAGACATACAA,0,2024621
kbpp4,0.5,1,1,CAATCGTACGTGGGTTCCAA,0,2058455
kbpp4,0.5,1,1,CAATCGGGAAAAGCCGCGGG,0,2036332
kbpp4,0.5,1,1,CAATCCTCTAATCGCACCTA,0,2063250
kbpp4,0.5,1,1,CAATCAGTACTGCGCGCATC,0,2075763
kbpp4,0.5,1,1,CAAGTGTGGCAACACAGATG,0,2067764
kbpp4,0.5,1,1,CAAGTCGTACACCCCTAGCT,0,2062301
kbpp4,0.5,1,1,CAAGTACCGCCATGGTCGCA,0,2029028
kbpp4,0.5,1,1,CAAGGTGGTACAGGTGCGAC,0,2074154
kbpp4,0.5,1,1,CAAGGTACTGTAATCAACTT,0,2065909
kbpp4,0.5,1,1,CAAGGGGGATAGGCCTGTGT,0,2078314
kbpp4,0.5,1,1,CAAGGGCAGACCCCATAAAG,0,2036694
kbpp4,0.5,1,1,CAAGGCATACCCGTTCTGCG,0,2029974
kbpp4,0.5,1,1,CAAGCTTAGTACCAATGGGT,0,2061530
kbpp4,0.5,1,1,CAAGCGCTCGCTTAAATAGA,0,2024139
kbpp4,0.5,1,1,CAAGATTTGCAAAGTGCAGC,0,2042845
kbpp4,0.5,1,1,CAAGAGAACGCTTGTCCATG,0,2058438
kbpp4,0.5,1,1,CAAGACGGCACTCTCAGTTT,0,2060591
kbpp4,0.5,1,1,CAACTGCATTGACAGGTATT,0,2079757
kbpp4,0.5,1,1,CAACTAAAAATGGCAGCTAG,0,2019784
kbpp4,0.5,1,1,CAACGTGACGATGTCGCTCG,0,2047506
kbpp4,0.5,1,1,CAACGTACCTTTTTGAGAGG,0,2074696
kbpp4,0.5,1,1,CAACGGCCACCATATAGGCT,0,2024378
kbpp4,0.5,1,1,CAACGAGGGTCTAACAGCCC,0,2046333
kbpp4,0.5,1,1,CAACCTTGTGGACTAATACG,0,2020072
kbpp4,0.5,1,1,CAACCCAAAGCCGTTGTGTG,0,2029798
kbpp4,0.5,1,1,CAACATTGTAACAAAAGAAA,0,2022199
kbpp4,0.5,1,1,CAACATGTGTCCTGGATTTG,0,2064575
kbpp4,0.5,1,1,CAACACAATTTCGCATGTTG,0,2047686
kbpp4,0.5,1,1,CAAATGTAATGCCACAATTT,0,2051600
kbpp4,0.5,1,1,CAAATCCGAACATACACATA,0,2037405
kbpp4,0.5,1,1,CAAATACTCGTCAGGGGTAC,0,2021476
kbpp4,0.5,1,1,CAAAGCGGCAGCATCGACGC,0,2039809
kbpp4,0.5,1,1,CAAACCCGTTGGAGCTGTAT,0,2046130
kbpp4,0.5,1,1,CAAACCAAGATTAATCAATA,0,2042440
kbpp4,0.5,1,1,CAAACAATCGTTGTTTTCTA,0,2015564
kbpp4,0.5,1,1,CAAACAAGTGCGGTAGTTTA,0,2065123
kbpp4,0.5,1,1,CAAAACTACCCGGGGATATT,0,2082808
kbpp4,0.5,1,1,CAAAACCAGCATATCATTAA,0,2067024
kbpp4,0.5,1,1,ATTTTCTGTTTCACCAGATC,0,2019147
kbpp4,0.5,1,1,ATTTTAGGGTAACTTCGATG,0,2044683
kbpp4,0.5,1,1,ATTTGTCCCTTAGGCAACGG,0,2071987
kbpp4,0.5,1,1,ATTTGCTGGGCCAGGGAGAA,0,2076753
kbpp4,0.5,1,1,ATTTGCCCCAGGTTCGTGGG,0,2059668
kbpp4,0.5,1,1,ATTTGCATAAGTGCCTCTTA,0,2062778
kbpp4,0.5,1,1,ATTTGAGGCTACACACGTGT,0,2036848
kbpp4,0.5,1,1,ATTTGAATATTGTTTCATGC,0,2018047
kbpp4,0.5,1,1,ATTTGAAAAGATCCGACGCA,0,2047749
kbpp4,0.5,1,1,ATTTCTTGGGAATCCTATAG,0,2075878
kbpp4,0.5,1,1,ATTTCACTTATACGAATCTA,0,2057965
kbpp4,0.5,1,1,ATTTCACGGAGTACGCAAGT,0,2044379
kbpp4,0.5,1,1,ATTTATTGCGTCCCAGAGTA,0,2043842
kbpp4,0.5,1,1,ATTTATAGGCAAACAGCAAT,0,2079621
kbpp4,0.5,1,1,ATTTACCAGTGAAGTATTAA,0,2081661
kbpp4,0.5,1,1,ATTGTTTCCCATTATCGAAT,0,2084028
kbpp4,0.5,1,1,ATTGTGTCGCCTACGAGGCC,0,2064412
kbpp4,0.5,1,1,ATTGTCGATGTGAAGATGGC,0,2061602
kbpp4,0.5,1,1,ATTGTCATCGAGGGCTAGCG,0,2050031
kbpp4,0.5,1,1,ATTGTAATATTCGCATACGT,0,2038300
kbpp4,0.5,1,1,ATTGGCGACCCGAAGTGGAA,0,2022154
kbpp4,0.5,1,1,ATTGCTCGTCGGTTGCTTAC,0,2030332
kbpp4,0.5,1,1,ATTCTATTCCACCCCATGTG,0,2027177
kbpp4,0.5,1,1,ATTCTACAGTGGCAACGTGA,0,2032939
kbpp4,0.5,1,1,ATTCGGCTGTGACCACGCAA,0,2044227
kbpp4,0.5,1,1,ATTCGCCTACTTCGTATGAC,0,2076192
kbpp4,0.5,1,1,ATTCGATCTCCACTGCTTGG,0,2021797
kbpp4,0.5,1,1,ATTCGACACAGGGTGAGGAT,0,2037590
kbpp4,0.5,1,1,ATTCGAAAAGACATATATTT,0,2075551
kbpp4,0.5,1,1,ATTCCCACCCTGCTAGTTGG,0,2081197
kbpp4,0.5,1,1,ATTCAGCGAATAGACGAACT,0,2019068
kbpp4,0.5,1,1,ATTCAGATGGTGCTGCTAAT,0,2046762
kbpp4,0.5,1,1,ATTCAATGGATAGGGCCGAA,0,2026665
kbpp4,0.5,1,1,ATTCAACATTAAGGGCCTCC,0,2016036
kbpp4,0.5,1,1,ATTATCATGCTATCCCGGGT,0,2027301
kbpp4,0.5,1,1,ATTATACACATCAATGAAAG,0,2039802
kbpp4,0.5,1,1,ATTAGTACACCTCAAGTTAG,0,2047070
kbpp4,0.5,1,1,ATTAGGAAGAGGATTGCAGA,0,2030959
kbpp4,0.5,1,1,ATTACTGGTTGTCCTACGCG,0,2050337
kbpp4,0.5,1,1,ATTAAGTGTAGCCGGCTCGA,0,2078030
kbpp4,0.5,1,1,ATTAAGCCCACTGATACGTT,0,2023539
kbpp4,0.5,1,1,ATTAAAACTCTAGACGCACA,0,2019406
kbpp4,0.5,1,1,ATGTTTTCCATCAGCGAATG,0,2055252
kbpp4,0.5,1,1,ATGTTCTGAGCTAGCGAGCT,0,2036913
kbpp4,0.5,1,1,ATGTTATGATGTCCCGTCGG,0,2063210
kbpp4,0.5,1,1,ATGTTACCACCTGCTGTCGT,0,2059151
kbpp4,0.5,1,1,ATGTGTGTGACACTCGTTTA,0,2069336
kbpp4,0.5,1,1,ATGTGGCATTTTCCATTAAC,0,2038996
kbpp4,0.5,1,1,ATGTGAGCTTATATTGCAGG,0,2017174
kbpp4,0.5,1,1,ATGTCTCACCTAACTGCCAC,0,2066016
kbpp4,0.5,1,1,ATGTCGAACGGTCGGGCTTG,0,2036681
kbpp4,0.5,1,1,ATGTCAGCAATTTAGCACTA,0,2069589
kbpp4,0.5,1,1,ATGTAGCACGTGATCTATGC,0,2058374
kbpp4,0.5,1,1,ATGGTGGTGCTCAGGATGCT,0,2022736
kbpp4,0.5,1,1,ATGGTAGGTTGAGTCGAGAG,0,2044190
kbpp4,0.5,1,1,ATGGGGCGGTTAGGTATATA,0,2069159
kbpp4,0.5,1,1,ATGGGCCTAAGCTCAATCAG,0,2061942
kbpp4,0.5,1,1,ATGGGATCACTCAGGCGCAA,0,2078401
kbpp4,0.5,1,1,ATGGGAGGCTTAACGACACG,0,2080705
kbpp4,0.5,1,1,ATGGCAAGTTAGTATAGGTA,0,2039979
kbpp4,0.5,1,1,ATGGAGTGAGTTGATCTGGT,0,2023913
kbpp4,0.5,1,1,ATGCTGCGTGTCTCCTGGAT,0,2033487
kbpp4,0.5,1,1,ATGCGCCAGGTGGACAAGCT,0,2021240
kbpp4,0.5,1,1,ATGCGACTTCGTTTAGGAAG,0,2075132
kbpp4,0.5,1,1,ATGCCGATAGCCGGGCAATG,0,2025267
kbpp4,0.5,1,1,ATGCCATTGCTGCATAACGG,0,2035794
kbpp4,0.5,1,1,ATGCATTACAGCAAATCCGA,0,2041691
kbpp4,0.5,1,1,ATGCATATCCAAACGCAAAA,0,2019063
kbpp4,0.5,1,1,ATGCAGTGAGTACCGGCGCC,0,2020511
kbpp4,0.5,1,1,ATGCACACCAGTCCCAGTGG,0,2068565
kbpp4,0.5,1,1,ATGATGATTGCATCAGCTTT,0,2029642
kbpp4,0.5,1,1,ATGATAAAACAAAGGCGTCA,0,2054523
kbpp4,0.5,1,1,ATGAGTGCTGGTCAACAGAC,0,2063350
kbpp4,0.5,1,1,ATGAGTCAACGCTATGCTAA,0,2018003
kbpp4,0.5,1,1,ATGAGTAATTCTGAGGTCTA,0,2074817
kbpp4,0.5,1,1,ATGAGTAAGCCGATCCAGGA,0,2048955
kbpp4,0.5,1,1,ATGAGGGTGTAAGGACAGAG,0,2083560
kbpp4,0.5,1,1,ATGAGGCGGCCTTAAGTTAG,0,2023496
kbpp4,0.5,1,1,ATGAGAATCGCAAAAGGGCA,0,2016781
kbpp4,0.5,1,1,ATGAATTCTGAACCCCTGCA,0,2044796
kbpp4,0.5,1,1,ATGAACCTCGGGTAAAACTG,0,2051941
kbpp4,0.5,1,1,ATGAACCAGGAAGTCGCAAC,0,2061527
kbpp4,0.5,1,1,ATGAAATGCTGTAGACGGAC,0,2056150
kbpp4,0.5,1,1,ATCTTGACGATCCTCGCGCT,0,2040665
kbpp4,0.5,1,1,ATCTTATATATCTCAAACTA,0,2027140
kbpp4,0.5,1,1,ATCTGGTTATGTAAGGAAGA,0,2038037
kbpp4,0.5,1,1,ATCTGCGTGGATGGGCCGTA,0,2030043
kbpp4,0.5,1,1,ATCTATTGTATTAAGGACGT,0,2046018
kbpp4,0.5,1,1,ATCTATGATTTCTCGTATAG,0,2023122
kbpp4,0.5,1,1,ATCTAGTTGTATGTGGATAC,0,2015098
kbpp4,0.5,1,1,ATCTACCAGTCGATCACTCC,0,2020364
kbpp4,0.5,1,1,ATCTAAGGTGTTGCACCGTG,0,2020904
kbpp4,0.5,1,1,ATCGTTCTTCATTCTGTTCT,0,2019358
kbpp4,0.5,1,1,ATCGTGCAACGAGTCGTACG,0,2027455
kbpp4,0.5,1,1,ATCGTATAGTTTGTTAGTCG,0,2085179
kbpp4,0.5,1,1,ATCGTAGTCTACTCCCTGAG,0,2049391
kbpp4,0.5,1,1,ATCGGTTTGCATATCTACTG,0,2040833
kbpp4,0.5,1,1,ATCGGTATACAGAAGACGTT,0,2076979
kbpp4,0.5,1,1,ATCGGGTTCACCAACCTCAG,0,2031608
kbpp4,0.5,1,1,ATCGGCTCAAAATTGGCCGA,0,2083901
kbpp4,0.5,1,1,ATCGGAAAGGACGTTAATCT,0,2019891
kbpp4,0.5,1,1,ATCGCTGTAAAGTAGTTATG,0,2025792
kbpp4,0.5,1,1,ATCGCTACTCTGCTGACGCT,0,2080543
kbpp4,0.5,1,1,ATCGCGCGTGACGAGGGATG,0,2066811
kbpp4,0.5,1,1,ATCGCCACTATCTGATCAGC,0,2016262
kbpp4,0.5,1,1,ATCGCATTGGCGGGTATTTT,0,2033632
kbpp4,0.5,1,1,ATCGATTAACTCGGAGCAGG,0,2057412
kbpp4,0.5,1,1,ATCGAGGCCGCGCATCCCTC,0,2019257
kbpp4,0.5,1,1,ATCGAGCTTTTAAGGTACAT,0,2068817
kbpp4,0.5,1,1,ATCGAACCAAATGCCAGGCA,0,2066996
kbpp4,0.5,1,1,ATCCTGGTAGGAACAATCTT,0,2022167
kbpp4,0.5,1,1,ATCCTGCTCTTAGATACTCA,0,2034082
kbpp4,0.5,1,1,ATCCTGAAGAACGTTCTGAG,0,2015677
kbpp4,0.5,1,1,ATCCTCAGGAGATACCTGAC,0,2037581
kbpp4,0.5,1,1,ATCCGGCGCCAAGAGCCAGT,0,2040035
kbpp4,0.5,1,1,ATCCGATTGGTACCAGCTCC,0,2066666
kbpp4,0.5,1,1,ATCCCGCTCTGTCGGATTGA,0,2017524
kbpp4,0.5,1,1,ATCCCCTAGTAACGCTGGAA,0,2038658
kbpp4,0.5,1,1,ATCCAGGTGAAATAGCGTCA,0,2045959
kbpp4,0.5,1,1,ATCCAATATCGAGGACCAAC,0,2016292
kbpp4,0.5,1,1,ATCATAGGGCACAAAGTTAT,0,2024096
kbpp4,0.5,1,1,ATCATAAGCTCCATTCGGTA,0,2074203
kbpp4,0.5,1,1,ATCAGGTACGATCAGCGGCA,0,2019739
kbpp4,0.5,1,1,ATCAGGCGCCCGATGGCTAA,0,2030233
kbpp4,0.5,1,1,ATCACAGAGGGCTCTACGAT,0,2062194
kbpp4,0.5,1,1,ATCACAAGCGCAATTCGCTT,0,2066685
kbpp4,0.5,1,1,ATCAATTTCTAGCCGGGCTA,0,2029647
kbpp4,0.5,1,1,ATCAAGTTGCCGCGCCAGCC,0,2022425
kbpp4,0.5,1,1,ATCAACGCATTCGATAGCTT,0,2076064
kbpp4,0.5,1,1,ATCAAATGTCGGCTAGTCGC,0,2060016
kbpp4,0.5,1,1,ATCAAAGTCTCTATGGTGTT,0,2050375
kbpp4,0.5,1,1,ATATTTTTTGGCAGTACACG,0,2055786
kbpp4,0.5,1,1,ATATTTGAGCCTAAACGGCA,0,2021884
kbpp4,0.5,1,1,ATATTTAGGCGAGGACCTAA,0,2085277
kbpp4,0.5,1,1,ATATTGCTTAATGCAGTCTG,0,2041850
kbpp4,0.5,1,1,ATATTCCACAATACTACGAA,0,2049472
kbpp4,0.5,1,1,ATATGGGGGCAGGCCTACTG,0,2056061
kbpp4,0.5,1,1,ATATGCCATTGTCAGAGTCA,0,2039687
kbpp4,0.5,1,1,ATATCGTAGCTGGACCCGAT,0,2083523
kbpp4,0.5,1,1,ATATATCGTCGGCGCCTTAT,0,2063922
kbpp4,0.5,1,1,ATATAGGAAAACGGTCCCGA,0,2030452
kbpp4,0.5,1,1,ATATACGGACCCTGCTCGCA,0,2036735
kbpp4,0.5,1,1,ATATACACGACTGGCCCTAA,0,2060205
kbpp4,0.5,1,1,ATAGTGAGAACGGTGAGAAC,0,2060220
kbpp4,0.5,1,1,ATAGTAGGCATGCAGACACC,0,2063214
kbpp4,0.5,1,1,ATAGGTTCTCGGAAGTATAA,0,2030236
kbpp4,0.5,1,1,ATAGGGGCCAGTTCACAATG,0,2044115
kbpp4,0.5,1,1,ATAGCTTGCTCTGAGTTGCA,0,2070259
kbpp4,0.5,1,1,ATAGCGAAGTACGGATCTGA,0,2062506
kbpp4,0.5,1,1,ATAGATGCATGATCACAGAA,0,2079512
kbpp4,0.5,1,1,ATAGATCCTTCTTAGCTTCT,0,2068997
kbpp4,0.5,1,1,ATAGACATCAAAACACCTGC,0,2027714
kbpp4,0.5,1,1,ATAGAAGGTTAGTCTTGCAT,0,2014555
kbpp4,0.5,1,1,ATACTGTTCGTGGTGAAATA,0,2065581
kbpp4,0.5,1,1,ATACTCGCATAGAGAATCCG,0,2043931
kbpp4,0.5,1,1,ATACTCACTATTGCAATTAC,0,2029234
kbpp4,0.5,1,1,ATACGTGTGTCAAAAGCTAG,0,2046191
kbpp4,0.5,1,1,ATACGTGTCTTTGCGGTCTT,0,2068462
kbpp4,0.5,1,1,ATACGCGTAAGCGGGCGGAC,0,2067816
kbpp4,0.5,1,1,ATACCTTGCCTATCTCCAGT,0,2019094
kbpp4,0.5,1,1,ATACCCTAGGAGATCCACAG,0,2019725
kbpp4,0.5,1,1,ATACCCGCATCCATCGAATT,0,2054743
kbpp4,0.5,1,1,ATACAGAAAACCACTCACAC,0,2042611
kbpp4,0.5,1,1,ATACACCGGAGGTGAGTGTG,0,2037009
kbpp4,0.5,1,1,ATACAATGCGAGCTTGTTCT,0,2034006
kbpp4,0.5,1,1,ATAATCTTGTCAAATTGAAT,0,2027411
kbpp4,0.5,1,1,ATAATCGCCGCTCTTGCCTA,0,2082118
kbpp4,0.5,1,1,ATAATAATTCGTTGTACCAA,0,2076147
kbpp4,0.5,1,1,ATAAGGTCTTCAGACGATAC,0,2051728
kbpp4,0.5,1,1,ATAAGCGGTATAAGTCACAG,0,2035099
kbpp4,0.5,1,1,ATAAGAGGGACTTCCGTCTG,0,2067036
kbpp4,0.5,1,1,ATAACTAGGTACTTTTATAT,0,2029889
kbpp4,0.5,1,1,ATAACCCGAGAGTTTAACCA,0,2034271
kbpp4,0.5,1,1,AGTTTTCCGTAAGAGACACT,0,2061651
kbpp4,0.5,1,1,AGTTTTCACCCAACTCGCAG,0,2067823
kbpp4,0.5,1,1,AGTTTTAACCCCCACCACGA,0,2062743
kbpp4,0.5,1,1,AGTTTCGGGTAACTGAATTG,0,2074593
kbpp4,0.5,1,1,AGTTTCACCGGCCAAACTGT,0,2042936
kbpp4,0.5,1,1,AGTTTCAACAGCTAGCAGTG,0,2025695
kbpp4,0.5,1,1,AGTTGTGAACTAACTCAGGA,0,2069086
kbpp4,0.5,1,1,AGTTGTGAAATAAGTGGTTA,0,2055623
kbpp4,0.5,1,1,AGTTGGATCTGACCTCTAGG,0,2038296
kbpp4,0.5,1,1,AGTTGACTGTGTCGTCCCTC,0,2073904
kbpp4,0.5,1,1,AGTTGAACCAGTTCGGGGGA,0,2066857
kbpp4,0.5,1,1,AGTTCGCCCGTAAATAGGAC,0,2060025
kbpp4,0.5,1,1,AGTTCCTCTTCTGTGTCCGC,0,2040626
kbpp4,0.5,1,1,AGTTCCTACAATACCACCAT,0,2048972
kbpp4,0.5,1,1,AGTTCCATTCGGACAACCAA,0,2051812
kbpp4,0.5,1,1,AGTTATGGGCGCTACTGGGC,0,2038391
kbpp4,0.5,1,1,AGTGTTAATTAGAATACCAT,0,2079341
kbpp4,0.5,1,1,AGTGTGCGGTTCAGAGGAAC,0,2055989
kbpp4,0.5,1,1,AGTGTCGATTTCCGGGTCTG,0,2017385
kbpp4,0.5,1,1,AGTGGCAGCGCGAACATGGC,0,2059502
kbpp4,0.5,1,1,AGTGGACCGAGACTTAACCA,0,2064788
kbpp4,0.5,1,1,AGTGCTGGTCAGGCTAGTAG,0,2070874
kbpp4,0.5,1,1,AGTGAGTCTCGGGCGGGTGT,0,2044816
kbpp4,0.5,1,1,AGTCTCATCAGCCAACTCGT,0,2077190
kbpp4,0.5,1,1,AGTCTAGGTTGGAAGCCGTC,0,2075542
kbpp4,0.5,1,1,AGTCGCGACAACCAGGAACT,0,2078950
kbpp4,0.5,1,1,AGTCCTGACGCCCGTGAGCC,0,2055503
kbpp4,0.5,1,1,AGTCCGGTAGGCCCTAAGAA,0,2083123
kbpp4,0.5,1,1,AGTCCCGATGCGGTACTCGA,0,2065162
kbpp4,0.5,1,1,AGTCCACGGGATGACTCGGG,0,2074456
kbpp4,0.5,1,1,AGTCAGGGGAGGGCAATACG,0,2078668
kbpp4,0.5,1,1,AGTCACAAATGTCTGTGTTC,0,2063749
kbpp4,0.5,1,1,AGTATTTGCTCCTTTGAAGT,0,2070601
kbpp4,0.5,1,1,AGTATCTCCAGAGTTCGCTC,0,2052920
kbpp4,0.5,1,1,AGTATCAACGTTTCCCCGTT,0,2051517
kbpp4,0.5,1,1,AGTAGTGTGCGAAAAGCTTT,0,2085590
kbpp4,0.5,1,1,AGTAGGAATTTTGTCTCGTC,0,2028363
kbpp4,0.5,1,1,AGTAGCACGCAAGAGCCAGA,0,2055214
kbpp4,0.5,1,1,AGTACTTGCCTTGTTTGCCA,0,2018303
kbpp4,0.5,1,1,AGTACGGTGCAGAAACATCC,0,2057158
kbpp4,0.5,1,1,AGTACGAGTTCTGATCCCTA,0,2056145
kbpp4,0.5,1,1,AGTACAGTGTAGTCCACCAA,0,2032940
kbpp4,0.5,1,1,AGTACAGCTGGCTACATACA,0,2079197
kbpp4,0.5,1,1,AGTACACAGTAACGACGATG,0,2059371
kbpp4,0.5,1,1,AGTAATGCCCTCTGGGAGTT,0,2017252
kbpp4,0.5,1,1,AGTAATAAGCTGATGGAAAC,0,2047194
kbpp4,0.5,1,1,AGTAAATTGAGTCCAGATTG,0,2025643
kbpp4,0.5,1,1,AGGTTCATCAACGAGGCAGA,0,2082838
kbpp4,0.5,1,1,AGGTTAGCCCTGGGTGTGCC,0,2050025
kbpp4,0.5,1,1,AGGTCCTAACGGAGTTAACA,0,2078489
kbpp4,0.5,1,1,AGGTCAGAAGGTACGTACAG,0,2049865
kbpp4,0.5,1,1,AGGTCACTGCAACACTACGC,0,2020586
kbpp4,0.5,1,1,AGGTCACGGACACTAACACG,0,2041999
kbpp4,0.5,1,1,AGGTCACAATTTATCAGATC,0,2020419
kbpp4,0.5,1,1,AGGTATGGGAGAAAGGGTCA,0,2031119
kbpp4,0.5,1,1,AGGTATCGGCAACCATTCGA,0,2034614
kbpp4,0.5,1,1,AGGTATAGCGTGAGGGCTGT,0,2036686
kbpp4,0.5,1,1,AGGTAGGTATAAACTTGCGC,0,2016692
kbpp4,0.5,1,1,AGGTAGGCGACACCTACCTT,0,2057969
kbpp4,0.5,1,1,AGGTACCCTGTTTAAGTTTT,0,2018033
kbpp4,0.5,1,1,AGGTAAGAGCGCTGGGCATG,0,2042937
kbpp4,0.5,1,1,AGGGTTTCTACATAATGCTG,0,2038248
kbpp4,0.5,1,1,AGGGTGCGGTAGCTCCCAAT,0,2075462
kbpp4,0.5,1,1,AGGGTCCAGGCTAAGCTACT,0,2062302
kbpp4,0.5,1,1,AGGGTCAAGCTTAACTGAAC,0,2065534
kbpp4,0.5,1,1,AGGGGTGAGGCCTATACGGA,0,2030077
kbpp4,0.5,1,1,AGGGGGTACTCAGCCGATTA,0,2035487
kbpp4,0.5,1,1,AGGGGGCAACCGACTGGGAT,0,2051505
kbpp4,0.5,1,1,AGGGGCGTCCGTCATTCTCG,0,2055782
kbpp4,0.5,1,1,AGGGGCATTGCAGTATGGTT,0,2058968
kbpp4,0.5,1,1,AGGGGCAGAGGGAAGCACAA,0,2048597
kbpp4,0.5,1,1,AGGGGATGGTCTCAATGCTG,0,2024968
kbpp4,0.5,1,1,AGGGCTATCTCAACGAGGAT,0,2062641
kbpp4,0.5,1,1,AGGGCTACCGATTTGACCAG,0,2033657
kbpp4,0.5,1,1,AGGGCGTGAACTGATGGCGG,0,2014978
kbpp4,0.5,1,1,AGGGCGAAAACGACGGAAGT,0,2034643
kbpp4,0.5,1,1,AGGGCAGTGAACTGACAGGA,0,2076498
kbpp4,0.5,1,1,AGGGCAGGAGGATATCACGC,0,2065653
kbpp4,0.5,1,1,AGGGACAACCAAAAATCGAT,0,2055145
kbpp4,0.5,1,1,AGGGAAGGCGTGAATCCCGT,0,2057769
kbpp4,0.5,1,1,AGGGAAGAATTAAGCCTCAC,0,2027419
kbpp4,0.5,1,1,AGGCTCCACAGTATGGCTTG,0,2022456
kbpp4,0.5,1,1,AGGCTAGTGTACGCTTTGTT,0,2034989
kbpp4,0.5,1,1,AGGCTAACACAATTTGCGGT,0,2059580
kbpp4,0.5,1,1,AGGCGCGACTTTCACGCTCG,0,2017423
kbpp4,0.5,1,1,AGGCGATGGAGGCTACGAAA,0,2070031
kbpp4,0.5,1,1,AGGCGAGGGGCGTACAACAC,0,2072012
kbpp4,0.5,1,1,AGGCCGCAGGTAATCGGTGT,0,2074499
kbpp4,0.5,1,1,AGGCAGTCCACAACTCATTC,0,2060882
kbpp4,0.5,1,1,AGGCAATCTGCCATGTACCG,0,2038723
kbpp4,0.5,1,1,AGGCAAACAGAGTATATGAC,0,2023425
kbpp4,0.5,1,1,AGGATTGCATTCGCGTGTGA,0,2060407
kbpp4,0.5,1,1,AGGATGTGGTCTAAATGTAA,0,2059479
kbpp4,0.5,1,1,AGGATCGACTATTCCCGGGA,0,2076965
kbpp4,0.5,1,1,AGGAGTGTAGATGGGAAATA,0,2025694
kbpp4,0.5,1,1,AGGAGCGCGAAGTGTATCAG,0,2068713
kbpp4,0.5,1,1,AGGAATCGATCCCCGCGCTC,0,2060261
kbpp4,0.5,1,1,AGGAATACGTCTGCGGGGTG,0,2032512
kbpp4,0.5,1,1,AGGAAGTCGTAGGATCGGCC,0,2082048
kbpp4,0.5,1,1,AGGAAGGCCAGCAGGATCCA,0,2025691
kbpp4,0.5,1,1,AGGAAGCTGCCACCAAGATC,0,2079286
kbpp4,0.5,1,1,AGGAACTGGTCAACACATCC,0,2079743
kbpp4,0.5,1,1,AGGAACGTTGCCGGAACTAA,0,2036344
kbpp4,0.5,1,1,AGGAAATCGTGAACGACGTT,0,2068319
kbpp4,0.5,1,1,AGGAAAAGCCAGCCCGTTTC,0,2054497
kbpp4,0.5,1,1,AGCTTTACCGATAATGTTTA,0,2068777
kbpp4,0.5,1,1,AGCTTGGCTCCTGGGAACCA,0,2056731
kbpp4,0.5,1,1,AGCTTGGATCGTTTGGGAAT,0,2078765
kbpp4,0.5,1,1,AGCTTACGATGAGAAGGATC,0,2019367
kbpp4,0.5,1,1,AGCTGGGCGCTTAAGAGGTG,0,2062553
kbpp4,0.5,1,1,AGCTGGATTGTCACCACATA,0,2069770
kbpp4,0.5,1,1,AGCTGATATCGTGCTTGGGT,0,2061724
kbpp4,0.5,1,1,AGCTCTCCGAAACTCAATCT,0,2017228
kbpp4,0.5,1,1,AGCTCGGATGCGTCCGGATG,0,2034862
kbpp4,0.5,1,1,AGCTCGCCTATCTTATGCGC,0,2026107
kbpp4,0.5,1,1,AGCTCCTGCACATTTAGGTG,0,2022433
kbpp4,0.5,1,1,AGCTCACAGTGGTATCAGCC,0,2027937
kbpp4,0.5,1,1,AGCTAGCTGCCGCAGTCAAG,0,2029644
kbpp4,0.5,1,1,AGCTAATGAGCTAACCTCAA,0,2045440
kbpp4,0.5,1,1,AGCTAAACTGCAGCCCGTAA,0,2041635
kbpp4,0.5,1,1,AGCGGGGAACTCTTCCTCGC,0,2046411
kbpp4,0.5,1,1,AGCGCTTTTGCTGGGTGGCA,0,2026468
kbpp4,0.5,1,1,AGCGCTATAAACTCGATAAC,0,2076229
kbpp4,0.5,1,1,AGCGCGGGGAGACCGACGGC,0,2017308
kbpp4,0.5,1,1,AGCGCGCAGAAACCATTAGT,0,2030958
kbpp4,0.5,1,1,AGCGCGATTAGGTCCAGGAC,0,2039511
kbpp4,0.5,1,1,AGCGCCGGGGGGATAGTCTC,0,2014774
kbpp4,0.5,1,1,AGCGCATGATAGTACTTTGC,0,2037460
kbpp4,0.5,1,1,AGCGCACACGGCGAGTCGGG,0,2060108
kbpp4,0.5,1,1,AGCGCAAGGACGAGGGACAC,0,2028965
kbpp4,0.5,1,1,AGCGAGTGCTCGCTTTTGCC,0,2054801
kbpp4,0.5,1,1,AGCGAGGTGAGAGTTTAAAT,0,2016820
kbpp4,0.5,1,1,AGCGAGATACCTGGCGCAGG,0,2017607
kbpp4,0.5,1,1,AGCGAGAACGCTGTGTCCCT,0,2019698
kbpp4,0.5,1,1,AGCGACCTTCGAAAACGGAA,0,2032919
kbpp4,0.5,1,1,AGCGACAGGCCTGAGCAACC,0,2046409
kbpp4,0.5,1,1,AGCCTTAATATGGGAGTTCA,0,2048724
kbpp4,0.5,1,1,AGCCTGTGCGGGCGGCCGAC,0,2033000
kbpp4,0.5,1,1,AGCCGTGGTTGTTCTCGTTT,0,2054953
kbpp4,0.5,1,1,AGCCGCGATTAGTGTGGCGG,0,2026405
kbpp4,0.5,1,1,AGCCGCGAATGTAACAGCAT,0,2042900
kbpp4,0.5,1,1,AGCCGACCACAAACACGCGT,0,2017499
kbpp4,0.5,1,1,AGCCCTGTCGCTGAGCCGGA,0,2031417
kbpp4,0.5,1,1,AGCCCTATGCCTTTCGACCT,0,2029031
kbpp4,0.5,1,1,AGCCCGGCTGAATAAAACTG,0,2064265
kbpp4,0.5,1,1,AGCCATGCTGCCTCAGCAGC,0,2067813
kbpp4,0.5,1,1,AGCCATGCTACATAATGGAT,0,2057979
kbpp4,0.5,1,1,AGCCATACTATCCCAGCTTT,0,2043451
kbpp4,0.5,1,1,AGCCAGGGTGGTGCCACTAA,0,2073760
kbpp4,0.5,1,1,AGCCAGGCCGACTAAGGGCG,0,2014806
kbpp4,0.5,1,1,AGCCAGAGAGGGGGCTCTGT,0,2024864
kbpp4,0.5,1,1,AGCCACACATTCGTCTCCAT,0,2057543
kbpp4,0.5,1,1,AGCCACACATCGCGCTATTG,0,2068419
kbpp4,0.5,1,1,AGCAGGAACCGAAGCACCTA,0,2074033
kbpp4,0.5,1,1,AGCAGCGGATAGTTAGTGAT,0,2046210
kbpp4,0.5,1,1,AGCACTCCTTTCTCCCAAGA,0,2046367
kbpp4,0.5,1,1,AGCACGGGTTAGGGCCACAA,0,2041455
kbpp4,0.5,1,1,AGCACGACTTCAGCGGACCC,0,2029055
kbpp4,0.5,1,1,AGCACAATTGAGCGGGGAGA,0,2067676
kbpp4,0.5,1,1,AGCAATGACGACCTGATAGA,0,2057358
kbpp4,0.5,1,1,AGCAATAGTATAAACTCTCC,0,2062738
kbpp4,0.5,1,1,AGATTTTACAACGGGATTCG,0,2074252
kbpp4,0.5,1,1,AGATTGCGGAGAAGTTAAAG,0,2040617
kbpp4,0.5,1,1,AGATTAACGCTGGGGCACCA,0,2084916
kbpp4,0.5,1,1,AGATGTTAGTCATTAACCTT,0,2036396
kbpp4,0.5,1,1,AGATGTCTAAACTCCACGTA,0,2020723
kbpp4,0.5,1,1,AGATGGTTCTGAACAGGGAA,0,2048486
kbpp4,0.5,1,1,AGATCTCTAACGTAAGCGAG,0,2078915
kbpp4,0.5,1,1,AGATCGGGTTGCACACCCAC,0,2081498
kbpp4,0.5,1,1,AGATCCGCTTTCGGCCCAAT,0,2063273
kbpp4,0.5,1,1,AGATCAGCTATAGGACGAGT,0,2019850
kbpp4,0.5,1,1,AGATACGTGAGGGTTTATTT,0,2014783
kbpp4,0.5,1,1,AGAGTTTGAGCCAAGCTTTC,0,2038346
kbpp4,0.5,1,1,AGAGTTTCTGAGCAAAGCTA,0,2074886
kbpp4,0.5,1,1,AGAGTGACGCGTTTTATTAA,0,2042492
kbpp4,0.5,1,1,AGAGTCTATCGTGCTCCAGC,0,2045575
kbpp4,0.5,1,1,AGAGTCCGATCTGTTAGATA,0,2081695
kbpp4,0.5,1,1,AGAGGCGGAGACTCAGCGCG,0,2053712
kbpp4,0.5,1,1,AGAGCTTTTAAAACCAAAAG,0,2048118
kbpp4,0.5,1,1,AGAGCGGGTTCAACCGAACT,0,2083369
kbpp4,0.5,1,1,AGAGATTCTACTTCCCATGA,0,2017482
kbpp4,0.5,1,1,AGAGACGTGTTCAAATACTT,0,2019807
kbpp4,0.5,1,1,AGAGAACAAAGCTTTGTGCG,0,2020359
kbpp4,0.5,1,1,AGACTTGGTAGTCTACAAAT,0,2075237
kbpp4,0.5,1,1,AGACTTATAATGTAGTGCCT,0,2019895
kbpp4,0.5,1,1,AGACTGTCCGAAACGTCAAC,0,2025973
kbpp4,0.5,1,1,AGACTCGTTGGAGCAATTCA,0,2076511
kbpp4,0.5,1,1,AGACTAAGCTGAAGTTCCCT,0,2028204
kbpp4,0.5,1,1,AGACGTCTGGTAATTATTAG,0,2045448
kbpp4,0.5,1,1,AGACGTCATCCGTCTTTACT,0,2068875
kbpp4,0.5,1,1,AGACGGGTATTTCTACGGCT,0,2048203
kbpp4,0.5,1,1,AGACGGCACACACGTCTTTG,0,2038345
kbpp4,0.5,1,1,AGACGCGCTATCTCAGGAGT,0,2048788
kbpp4,0.5,1,1,AGACGATGTGCCCTCCGTCA,0,2051514
kbpp4,0.5,1,1,AGACCGCTAAATCAGGAGAG,0,2033041
kbpp4,0.5,1,1,AGACCAACGTCTGAAACTCG,0,2077507
kbpp4,0.5,1,1,AGACATCAAGGGGAATTACC,0,2033523
kbpp4,0.5,1,1,AGAATGTGCACCGGAAAACT,0,2038465
kbpp4,0.5,1,1,AGAATATGCGGCACACAGAA,0,2055636
kbpp4,0.5,1,1,AGAAGTGCGGCATGGTCATA,0,2052243
kbpp4,0.5,1,1,AGAAGCATAGTTGTATAATT,0,2035806
kbpp4,0.5,1,1,AGAACCCCGATGCTTGATCC,0,2050808
kbpp4,0.5,1,1,AGAACATTTCTAAGCACCTC,0,2070686
kbpp4,0.5,1,1,AGAAATGGCGCGGAAAAGCT,0,2059684
kbpp4,0.5,1,1,AGAAAGACGCCTTCCTCGCC,0,2028864
kbpp4,0.5,1,1,AGAAAACTTCACGTCCTTCT,0,2044012
kbpp4,0.5,1,1,AGAAAAATGTGAACCGGCCG,0,2042048
kbpp4,0.5,1,1,ACTTGGATTTAGACTACGCC,0,2046975
kbpp4,0.5,1,1,ACTTGATGGTGTACGGCGCG,0,2069938
kbpp4,0.5,1,1,ACTTGATAAATTACATCGAT,0,2014481
kbpp4,0.5,1,1,ACTTCGAGGCTATTAGGGAG,0,2071639
kbpp4,0.5,1,1,ACTTCAAAATATAGGTACTA,0,2030379
kbpp4,0.5,1,1,ACTTACTGTGAGCTGAAGGT,0,2055181
kbpp4,0.5,1,1,ACTTAATTGCATAGCTCTTT,0,2072309
kbpp4,0.5,1,1,ACTTAATTAACGTGGGAAAG,0,2048325
kbpp4,0.5,1,1,ACTGTGGACAGTGATATGCG,0,2080998
kbpp4,0.5,1,1,ACTGTCTGACTTGACAACCT,0,2079256
kbpp4,0.5,1,1,ACTGTCGGCGTTTCTTTTGT,0,2066512
kbpp4,0.5,1,1,ACTGGGATAAAGGATCTCTT,0,2068625
kbpp4,0.5,1,1,ACTGGCGTGGCGTTACAAAT,0,2084576
kbpp4,0.5,1,1,ACTGGCGGTTTCATGAGGGT,0,2071854
kbpp4,0.5,1,1,ACTGGCCTGATAGTAAGGGG,0,2051627
kbpp4,0.5,1,1,ACTGCCTCGTTGTCTACTAC,0,2060254
kbpp4,0.5,1,1,ACTGCAATGTTTGCCGCGTT,0,2034874
kbpp4,0.5,1,1,ACTGACGTGGAAGACACGGC,0,2069432
kbpp4,0.5,1,1,ACTGACGGCCCGCCGGTGAA,0,2026691
kbpp4,0.5,1,1,ACTGACGGACGATCAGATTT,0,2044542
kbpp4,0.5,1,1,ACTCTGGTTGTCTCACGTCG,0,2039181
kbpp4,0.5,1,1,ACTCTACCCGGACTTTTGTA,0,2056666
kbpp4,0.5,1,1,ACTCTAAACACAGCACTGAT,0,2085302
kbpp4,0.5,1,1,ACTCGTTGCCGCATAGGGTG,0,2069411
kbpp4,0.5,1,1,ACTCGCAGAGAGGCTTTGAG,0,2079250
kbpp4,0.5,1,1,ACTCGAGCAACTTTCGTGTA,0,2017948
kbpp4,0.5,1,1,ACTCCGTGCAACTTAATATA,0,2062501
kbpp4,0.5,1,1,ACTCCCAGGATGGGTTTCCT,0,2082989
kbpp4,0.5,1,1,ACTCAATCTTGGGAGACAAG,0,2037756
kbpp4,0.5,1,1,ACTATTTAGCCATAATCCCA,0,2060008
kbpp4,0.5,1,1,ACTATCGAGGGACGAGGACC,0,2070839
kbpp4,0.5,1,1,ACTATAGCTCTAGGGGAGCC,0,2048820
kbpp4,0.5,1,1,ACTACTGTAACTATCAGGGA,0,2083993
kbpp4,0.5,1,1,ACTACGGTGGAGTAAGCTGG,0,2078189
kbpp4,0.5,1,1,ACTACAGGTCTGTGACTCTA,0,2025800
kbpp4,0.5,1,1,ACGTTTCGCTACCATCGACG,0,2031126
kbpp4,0.5,1,1,ACGTGGATCGGCACCTCTTA,0,2016157
kbpp4,0.5,1,1,ACGTATCTCAGCGACTCTTG,0,2045782
kbpp4,0.5,1,1,ACGTAAGCCCCTCTATCCGA,0,2058566
kbpp4,0.5,1,1,ACGGTTGGTGCAGACAACAG,0,2017531
kbpp4,0.5,1,1,ACGGTTGGATGGTTAGGTAG,0,2030176
kbpp4,0.5,1,1,ACGGTCCCTTCCGGAGGAGG,0,2031529
kbpp4,0.5,1,1,ACGGTAATAGGCACCACACC,0,2071183
kbpp4,0.5,1,1,ACGGCTCGCGGGTGAAAGTT,0,2069209
kbpp4,0.5,1,1,ACGGCGCCAGCTTTTCAGCG,0,2039004
kbpp4,0.5,1,1,ACGGATACAACGTAGGGTCG,0,2054815
kbpp4,0.5,1,1,ACGGAGGTGGGAAGACACTC,0,2062231
kbpp4,0.5,1,1,ACGGACGTTGTCAGTCACAG,0,2018794
kbpp4,0.5,1,1,ACGGACGTAAACTTCTGGGG,0,2068926
kbpp4,0.5,1,1,ACGCTCGTTGCTGCATGATG,0,2066101
kbpp4,0.5,1,1,ACGCTAACTGTGATATCAGT,0,2024563
kbpp4,0.5,1,1,ACGCGTAAGCGCCCACGATC,0,2083866
kbpp4,0.5,1,1,ACGCGCGGTATGCAACACGA,0,2014675
kbpp4,0.5,1,1,ACGCGATTTCCTACACCGTT,0,2057178
kbpp4,0.5,1,1,ACGCCTACCCCTAAACAAAA,0,2058127
kbpp4,0.5,1,1,ACGCCGGCGAGCCTGCTAAA,0,2024499
kbpp4,0.5,1,1,ACGCCCTTTTGCTTAGCGTT,0,2019665
kbpp4,0.5,1,1,ACGCCAAGCAGGAAAACGCA,0,2015963
kbpp4,0.5,1,1,ACGCATCTGTTCTGCAACGG,0,2034243
kbpp4,0.5,1,1,ACGCAGCTTTATAACATAGA,0,2016057
kbpp4,0.5,1,1,ACGCAGCTCGTGTTGTTGAA,0,2057954
kbpp4,0.5,1,1,ACGCACAGTAGTTTCCCTCT,0,2084078
kbpp4,0.5,1,1,ACGCACAAATTTAAGTAGTT,0,2062412
kbpp4,0.5,1,1,ACGATTGGTTCGTATTCAAA,0,2082126
kbpp4,0.5,1,1,ACGATTCGACTTCCCGAGTA,0,2060801
kbpp4,0.5,1,1,ACGATTAGGGGGCTAAACCA,0,2063290
kbpp4,0.5,1,1,ACGAGGGGCGTGTTCCAACC,0,2030934
kbpp4,0.5,1,1,ACGACTTGTGCGGTTTTGCT,0,2032908
kbpp4,0.5,1,1,ACGAACGTTTTCTTGAAGCT,0,2028443
kbpp4,0.5,1,1,ACGAACCCCTCCATCGACGT,0,2069157
kbpp4,0.5,1,1,ACGAACCATGTTTGCGCGAC,0,2083806
kbpp4,0.5,1,1,ACGAACATTCTCCGGCAGGA,0,2065395
kbpp4,0.5,1,1,ACGAAATTATGGCCGTCGTG,0,2062795
kbpp4,0.5,1,1,ACCTTTAGTCTAAGCCTCCA,0,2080737
kbpp4,0.5,1,1,ACCTTAGAAGTCGCTTTTCA,0,2084003
kbpp4,0.5,1,1,ACCTCTGGCCTCACGGCACA,0,2025644
kbpp4,0.5,1,1,ACCTCTCTGAGAGGTCCGGT,0,2027713
kbpp4,0.5,1,1,ACCTCGTCGGCACAATAGAT,0,2023629
kbpp4,0.5,1,1,ACCTACAGCATGGGCACGTG,0,2047795
kbpp4,0.5,1,1,ACCTAAGCACGATGTATTAC,0,2076991
kbpp4,0.5,1,1,ACCGTTCTAACACCATTACA,0,2016365
kbpp4,0.5,1,1,ACCGTGCGGTTATTCGAGGA,0,2037031
kbpp4,0.5,1,1,ACCGTGAACGCGGCAGCTCA,0,2072877
kbpp4,0.5,1,1,ACCGGTGAAAAACGCTAGCA,0,2069219
kbpp4,0.5,1,1,ACCGGCGACAAACTCTCAAT,0,2063218
kbpp4,0.5,1,1,ACCGGCCCGGTGCCTGGTCA,0,2028987
kbpp4,0.5,1,1,ACCGGCACAGTCGAAAGCGG,0,2024356
kbpp4,0.5,1,1,ACCGGAGTCTGTGGTATCAA,0,2085177
kbpp4,0.5,1,1,ACCGCCGCTGACTTACATAT,0,2062158
kbpp4,0.5,1,1,ACCGCCGAAAGATCAAACAG,0,2032222
kbpp4,0.5,1,1,ACCGCAGCCAGAGTCTTACT,0,2082937
kbpp4,0.5,1,1,ACCGATAGAAAACTCTGGAA,0,2062342
kbpp4,0.5,1,1,ACCGACTTCCCCCTGTTTGT,0,2061470
kbpp4,0.5,1,1,ACCGACGCTAGATTGGTGGT,0,2062318
kbpp4,0.5,1,1,ACCGAATAAACAATCAAAAG,0,2066883
kbpp4,0.5,1,1,ACCGAAAGCGTACCTTTCCA,0,2077101
kbpp4,0.5,1,1,ACCCTTTTCATTGTTTCGAG,0,2036526
kbpp4,0.5,1,1,ACCCTCTACGCGAAGTCGAG,0,2059092
kbpp4,0.5,1,1,ACCCGTTGCAGATCGACATT,0,2085176
kbpp4,0.5,1,1,ACCCGGGTAACAACTTAACA,0,2078884
kbpp4,0.5,1,1,ACCCCTTGGTGTGACCGCGT,0,2051104
kbpp4,0.5,1,1,ACCCCGTGATTGCACATGTT,0,2080605
kbpp4,0.5,1,1,ACCCCGCAATCTCAGGATCC,0,2018959
kbpp4,0.5,1,1,ACCCCATCGCACACCCGATG,0,2023393
kbpp4,0.5,1,1,ACCCCAGGCCGGTTTGGGCT,0,2072561
kbpp4,0.5,1,1,ACCCATGCAAGGTTCAAAAC,0,2044037
kbpp4,0.5,1,1,ACCCAGCGCGCGCGGGAGGG,0,2034512
kbpp4,0.5,1,1,ACCCAAAACCTAATCCTGTG,0,2028522
kbpp4,0.5,1,1,ACCATGCTGTCTCGGGGGCG,0,2082052
kbpp4,0.5,1,1,ACCATCAGGCGCTTACACAA,0,2058651
kbpp4,0.5,1,1,ACCAGATCATGCTTCCCATC,0,2081020
kbpp4,0.5,1,1,ACCACTTCTCATGGGGGGGT,0,2063798
kbpp4,0.5,1,1,ACCACTGTGCCTCGGTTAGG,0,2031405
kbpp4,0.5,1,1,ACCACGGCAGCAATATGGGA,0,2058499
kbpp4,0.5,1,1,ACCACCATAGAGTAGGTGTG,0,2053777
kbpp4,0.5,1,1,ACCACACGACCGTTACCGCT,0,2047426
kbpp4,0.5,1,1,ACCAATGTGACAAGCCGGTC,0,2071549
kbpp4,0.5,1,1,ACATTTCCGTTTGTATTTCG,0,2031779
kbpp4,0.5,1,1,ACATTGGTACAGATTCCTCT,0,2030267
kbpp4,0.5,1,1,ACATTCGGACACCATACGTA,0,2073953
kbpp4,0.5,1,1,ACATGGTCTGTTACTCACCC,0,2064646
kbpp4,0.5,1,1,ACATGCGTCGATTAGAGCGG,0,2021974
kbpp4,0.5,1,1,ACATCTGCAAGGGGTAATAA,0,2033762
kbpp4,0.5,1,1,ACATCGGCAACAATCACGGC,0,2058397
kbpp4,0.5,1,1,ACATCCGGTCAAAATCTGTT,0,2076168
kbpp4,0.5,1,1,ACATCATTCGCTGTATGGGG,0,2025987
kbpp4,0.5,1,1,ACATACGTAGAGGTACTATC,0,2085479
kbpp4,0.5,1,1,ACATACGGGTACGCGCCATG,0,2020895
kbpp4,0.5,1,1,ACATAATGATTTCTACATAA,0,2075038
kbpp4,0.5,1,1,ACAGTTGACCGAAGAAAAAA,0,2064992
kbpp4,0.5,1,1,ACAGTGCCGCATCGCTGTTA,0,2080880
kbpp4,0.5,1,1,ACAGTGATCGGGGCAACGTT,0,2046158
kbpp4,0.5,1,1,ACAGTCGGTTAGATAGAGGC,0,2052723
kbpp4,0.5,1,1,ACAGTATGGCTCTCTTTATT,0,2059515
kbpp4,0.5,1,1,ACAGTAAACTCGTGGCTTCC,0,2039614
kbpp4,0.5,1,1,ACAGGTGTGGTTTGCAGTGA,0,2065025
kbpp4,0.5,1,1,ACAGGCGACAGCACCAGCAT,0,2075503
kbpp4,0.5,1,1,ACAGGATGGCCAAGGTTGTA,0,2078128
kbpp4,0.5,1,1,ACAGCTCTTTGGGTTGCATG,0,2054373
kbpp4,0.5,1,1,ACAGAGTGCAATATACAGTT,0,2027482
kbpp4,0.5,1,1,ACAGACCGGTTGCATTACAC,0,2041319
kbpp4,0.5,1,1,ACAGAATCGATACCGGACAA,0,2023640
kbpp4,0.5,1,1,ACACTGCCTCGCCTGTGGAC,0,2043684
kbpp4,0.5,1,1,ACACGTATGGTGGCTTATCC,0,2018304
kbpp4,0.5,1,1,ACACCTAGCTGGCGAGGGTT,0,2051980
kbpp4,0.5,1,1,ACACCGCCGCAAAATAGCGA,0,2043130
kbpp4,0.5,1,1,ACACCACCAAATGCTTCGGG,0,2078498
kbpp4,0.5,1,1,ACACAGATGCTGACTTCGTA,0,2058935
kbpp4,0.5,1,1,ACACAGATCTGCGGCCACTG,0,2062871
kbpp4,0.5,1,1,ACACAAGCAAATGCTTCACA,0,2056563
kbpp4,0.5,1,1,ACACAACGGTGGTGTGGTCT,0,2084738
kbpp4,0.5,1,1,ACAATGCGGTGTGCTCTCAG,0,2059959
kbpp4,0.5,1,1,ACAATCCTTGGGCACCAGCC,0,2019730
kbpp4,0.5,1,1,ACAATAGTTCGACCAGGTGT,0,2051313
kbpp4,0.5,1,1,ACAACTTTGTCCTATTAGTT,0,2076238
kbpp4,0.5,1,1,ACAACTCGCGGGATTTCTCA,0,2030878
kbpp4,0.5,1,1,ACAACGTTTTCACTATCACA,0,2075759
kbpp4,0.5,1,1,ACAACCAACACGGGGACTAC,0,2031244
kbpp4,0.5,1,1,ACAAAATCAGGCCATTGTGA,0,2084032
kbpp4,0.5,1,1,AATTTTCAAGCAGAGCCTGG,0,2073849
kbpp4,0.5,1,1,AATTTGCGCAAAAAGTACGT,0,2079183
kbpp4,0.5,1,1,AATTTCTGTAGGCTGATTGT,0,2062265
kbpp4,0.5,1,1,AATTTAAGGAAAAGTTGACT,0,2083068
kbpp4,0.5,1,1,AATTGGCATCATGGTCCAGA,0,2066114
kbpp4,0.5,1,1,AATTGATTGGATATAGTAAG,0,2017939
kbpp4,0.5,1,1,AATTCTTTTATATTCTATGA,0,2041096
kbpp4,0.5,1,1,AATTCTCGATAGGGTCGCCT,0,2082094
kbpp4,0.5,1,1,AATTCATGGACGAAGTCGTT,0,2068566
kbpp4,0.5,1,1,AATTCAGTGTTGCGGGGACT,0,2036425
kbpp4,0.5,1,1,AATTCACTCTCACTGGCAGG,0,2026185
kbpp4,0.5,1,1,AATTACATGACGCTCTACAC,0,2029559
kbpp4,0.5,1,1,AATGTTAACGTCGAATGTCA,0,2026325
kbpp4,0.5,1,1,AATGTCCGCATCGATTTAAG,0,2084139
kbpp4,0.5,1,1,AATGTAAAAACGGGTCCTAT,0,2043889
kbpp4,0.5,1,1,AATGGCGAGTAGTTGGAGGA,0,2029422
kbpp4,0.5,1,1,AATGGAGGTTGCTATGCTGT,0,2077853
kbpp4,0.5,1,1,AATGCCCCTGATGAGCTGCT,0,2023261
kbpp4,0.5,1,1,AATGCCAAGGCAGACCCCGG,0,2020289
kbpp4,0.5,1,1,AATCGTTCATATCGGGTCTA,0,2053955
kbpp4,0.5,1,1,AATCGGGGAAAAACGTATTG,0,2041273
kbpp4,0.5,1,1,AATCGAAGCCAAGCCATCTC,0,2042569
kbpp4,0.5,1,1,AATCCCAGAAACAAGCGAAA,0,2077144
kbpp4,0.5,1,1,AATCATGTTTGTCCCCATTA,0,2035293
kbpp4,0.5,1,1,AATCATGTCGATATGATAAA,0,2061918
kbpp4,0.5,1,1,AATCAGTTGACGGGATTAAA,0,2015408
kbpp4,0.5,1,1,AATCAGTGAATTGTCGGGCA,0,2085022
kbpp4,0.5,1,1,AATCAGGTTCTCGAACCGAG,0,2053135
kbpp4,0.5,1,1,AATCAGCACGGATACACTAC,0,2061315
kbpp4,0.5,1,1,AATCAGCACAGGCTCACCTT,0,2020327
kbpp4,0.5,1,1,AATCACCGTCACAATCGACC,0,2057763
kbpp4,0.5,1,1,AATCACCCCCTACAAGGCAT,0,2016350
kbpp4,0.5,1,1,AATATTAACCACGTTGTCTT,0,2046026
kbpp4,0.5,1,1,AATATGAGGTGGAAAACCAG,0,2082319
kbpp4,0.5,1,1,AATAGGGCACCTGGACGCAT,0,2016795
kbpp4,0.5,1,1,AATAGAGTGTCCGTTAGGGT,0,2024768
kbpp4,0.5,1,1,AATAGAATTTAAGTGTGTAG,0,2030343
kbpp4,0.5,1,1,AATACCACGAAATTCGATTA,0,2016413
kbpp4,0.5,1,1,AATACATAGTTATACGTGTC,0,2043835
kbpp4,0.5,1,1,AATACAGTATGGTCACGTGA,0,2047930
kbpp4,0.5,1,1,AATACACACTCATCTATCTC,0,2074643
kbpp4,0.5,1,1,AATAATTACCGTTCGCCGGC,0,2014991
kbpp4,0.5,1,1,AATAATGTAAGGGGGAGATA,0,2073091
kbpp4,0.5,1,1,AATAATCTTGTACTCATGAG,0,2079803
kbpp4,0.5,1,1,AATAAGAGAAAAAGCCGCAT,0,2081266
kbpp4,0.5,1,1,AATAAGACGGTTGTGATGTG,0,2080251
kbpp4,0.5,1,1,AATAAAGGGATAGGATCAAG,0,2026535
kbpp4,0.5,1,1,AAGTTTCAGTAGCGCTTGAT,0,2070463
kbpp4,0.5,1,1,AAGTGTAGTCGTCATAATGA,0,2070071
kbpp4,0.5,1,1,AAGTGTAAACTTAACACGGT,0,2060449
kbpp4,0.5,1,1,AAGTGAAGATCACGCTTCTT,0,2051870
kbpp4,0.5,1,1,AAGTGAACTTAGGTGGCACA,0,2032482
kbpp4,0.5,1,1,AAGTCTAGGTTGCGAATATG,0,2080501
kbpp4,0.5,1,1,AAGTCATAGTCAAAATTGCA,0,2065848
kbpp4,0.5,1,1,AAGTAGCTAGTAAGTTCGCG,0,2066785
kbpp4,0.5,1,1,AAGTACTCGATCTCTCGTCA,0,2029568
kbpp4,0.5,1,1,AAGTAACCCAGAGGTGTCTA,0,2042552
kbpp4,0.5,1,1,AAGGTTCGAAGGGTCCGGAA,0,2058751
kbpp4,0.5,1,1,AAGGTTAGGCTCGGAAGGCT,0,2047406
kbpp4,0.5,1,1,AAGGTTAGCGAGGGCCGCGA,0,2084493
kbpp4,0.5,1,1,AAGGTGCATAACTATTCGCA,0,2067597
kbpp4,0.5,1,1,AAGGGTTGACGTAATGAAAG,0,2076547
kbpp4,0.5,1,1,AAGGGTGGCGACTTGGACAT,0,2084127
kbpp4,0.5,1,1,AAGGGTATAACCTAAGGAAA,0,2043881
kbpp4,0.5,1,1,AAGGGCCGTCTGCAAAGAAT,0,2079953
kbpp4,0.5,1,1,AAGGGAATGATAGGGAATCG,0,2080036
kbpp4,0.5,1,1,AAGGCAGCGATGCAAATATG,0,2017726
kbpp4,0.5,1,1,AAGGATCTCTCGAGGCCTCA,0,2057838
kbpp4,0.5,1,1,AAGGAAGCTAGGAAAAAGGT,0,2080900
kbpp4,0.5,1,1,AAGCTGAGCAATTGACGATC,0,2024493
kbpp4,0.5,1,1,AAGCTGAACGAGTGTTCGAT,0,2031674
kbpp4,0.5,1,1,AAGCGTTCTTGCCGATATAG,0,2064653
kbpp4,0.5,1,1,AAGCGGCAGCTGGCTAACAA,0,2039776
kbpp4,0.5,1,1,AAGCGCGGATATCAGCACCT,0,2042443
kbpp4,0.5,1,1,AAGCGAAGATGCTCCACGGC,0,2062058
kbpp4,0.5,1,1,AAGCCTCGACCACGTTGACT,0,2060870
kbpp4,0.5,1,1,AAGCCGTAGTAGCACGCAAG,0,2033255
kbpp4,0.5,1,1,AAGCCGCGGACTATCGAGGT,0,2057090
kbpp4,0.5,1,1,AAGCCCTATGGGCACCCATT,0,2036781
kbpp4,0.5,1,1,AAGCCACGCCTTCCACCACA,0,2016892
kbpp4,0.5,1,1,AAGCCAAGCTCCCCCCATAA,0,2066392
kbpp4,0.5,1,1,AAGCAGATGATTGTACAGAT,0,2016898
kbpp4,0.5,1,1,AAGATCGTAGCTTGAAGACC,0,2057339
kbpp4,0.5,1,1,AAGAGTTATTGTAGTCCAAT,0,2057478
kbpp4,0.5,1,1,AAGAGGCTCTACAAAAATCA,0,2040077
kbpp4,0.5,1,1,AAGAGGCCACATTTTCGCAG,0,2025119
kbpp4,0.5,1,1,AAGAGGAAATTTGGCGTCGT,0,2021229
kbpp4,0.5,1,1,AAGACCCATTGGCGGGCAAA,0,2052746
kbpp4,0.5,1,1,AAGACCAGTATGCGGGCATC,0,2020458
kbpp4,0.5,1,1,AAGAAATGTTGGGGGTTATT,0,2036630
kbpp4,0.5,1,1,AAGAAAGTTATATGTGGCCA,0,2023029
kbpp4,0.5,1,1,AACTTTTGCTCATGGGCTTT,0,2023272
kbpp4,0.5,1,1,AACTTCCTGTATGGCCATAA,0,2021594
kbpp4,0.5,1,1,AACTTAGAATTCCCGCGGTA,0,2050877
kbpp4,0.5,1,1,AACTGCCTACAGGTCGAGGT,0,2045634
kbpp4,0.5,1,1,AACTCACGGGGCGCCAGTTG,0,2039824
kbpp4,0.5,1,1,AACTATTCGTCCGGAGCGGG,0,2039459
kbpp4,0.5,1,1,AACTATGAGTAAGTGAGCGG,0,2027073
kbpp4,0.5,1,1,AACGGGGTTTTGGTATAAAT,0,2028891
kbpp4,0.5,1,1,AACGGCACACGCGAGTGTAT,0,2049196
kbpp4,0.5,1,1,AACGATTGAAGCCGACAATT,0,2083585
kbpp4,0.5,1,1,AACGATCCTGAACTGACGGC,0,2027994
kbpp4,0.5,1,1,AACGATACGACTAGCGGCTT,0,2060523
kbpp4,0.5,1,1,AACGACACATTTGGAACATG,0,2049612
kbpp4,0.5,1,1,AACGAAGGTAAGTATTGCAA,0,2044352
kbpp4,0.5,1,1,AACCTCGTTTTGAGCAGGTA,0,2036845
kbpp4,0.5,1,1,AACCGTTCCCTTCAGGTGCT,0,2049938
kbpp4,0.5,1,1,AACCCGTCGGTTTCAGCGGG,0,2081124
kbpp4,0.5,1,1,AACCCCCGCACGGGAGTTGC,0,2058909
kbpp4,0.5,1,1,AACCCAGTAACATAGAAGAC,0,2063756
kbpp4,0.5,1,1,AACCCACATAGTGTTTGTGA,0,2079138
kbpp4,0.5,1,1,AACCATCGTTTGTCCACCAG,0,2056662
kbpp4,0.5,1,1,AACCAGGTTGTTCTCAACTG,0,2045728
kbpp4,0.5,1,1,AACATTTTATGTTAATCAAA,0,2038475
kbpp4,0.5,1,1,AACATATTTGAATGCTCCTA,0,2076476
kbpp4,0.5,1,1,AACATACTGGGATCAGTTCA,0,2047123
kbpp4,0.5,1,1,AACATACGTCTATGCAGGGT,0,2062518
kbpp4,0.5,1,1,AACAGGGCTCTATTCGAGAG,0,2055806
kbpp4,0.5,1,1,AACAGGCAGGCCAGCGCATG,0,2041932
kbpp4,0.5,1,1,AACACTTACTCGAACTTGCC,0,2081535
kbpp4,0.5,1,1,AACAACCGATCACTGTGGCA,0,2048565
kbpp4,0.5,1,1,AAATTTGCCGGGTAGTCGCA,0,2026718
kbpp4,0.5,1,1,AAATTTCGGCGTGCATTTAC,0,2065713
kbpp4,0.5,1,1,AAATTGCCAAGCAGCTTAGT,0,2062636
kbpp4,0.5,1,1,AAATGGCATCTGAGTTAATA,0,2030277
kbpp4,0.5,1,1,AAATCTGTGGCGGGCACAAG,0,2020344
kbpp4,0.5,1,1,AAATCTGGAGAAGTTTGGGG,0,2035485
kbpp4,0.5,1,1,AAATATGGGTCATGAGGCGC,0,2082713
kbpp4,0.5,1,1,AAATACGAATGGGTGTTCTC,0,2053660
kbpp4,0.5,1,1,AAAGTTCCAGCTCCTGACGT,0,2019472
kbpp4,0.5,1,1,AAAGGTGTCAAACGTGGGAC,0,2076039
kbpp4,0.5,1,1,AAAGGGTTCGTGGATGTTCA,0,2060068
kbpp4,0.5,1,1,AAAGGGTGATGGACGTGAGA,0,2035977
kbpp4,0.5,1,1,AAAGGGCCACATTTAGCGCA,0,2025891
kbpp4,0.5,1,1,AAAGGCGGGCTAGTACCTTA,0,2037924
kbpp4,0.5,1,1,AAAGGATTAATCAGCTTCCC,0,2028568
kbpp4,0.5,1,1,AAAGCATATAGGCGGTCACC,0,2058330
kbpp4,0.5,1,1,AAAGATACCGTCGGCTACCT,0,2049440
kbpp4,0.5,1,1,AAACTGGCGGAACAGTGTAC,0,2052720
kbpp4,0.5,1,1,AAACTCGCCAGGAAGTACCC,0,2021386
kbpp4,0.5,1,1,AAACGCTGGTTGTGCTGTTG,0,2044495
kbpp4,0.5,1,1,AAACGCGCGCCGTCAAAAGC,0,2078321
kbpp4,0.5,1,1,AAACGAACTGAAGGCGTCAA,0,2033038
kbpp4,0.5,1,1,AAACCTATACTACCGTTCAT,0,2037702
kbpp4,0.5,1,1,AAACCGGGAATATTATTATC,0,2043256
kbpp4,0.5,1,1,AAACAGGTAATCGATGTAAG,0,2067938
kbpp4,0.5,1,1,AAACACGTGACATAAAGATA,0,2034358
kbpp4,0.5,1,1,AAACACCGGCCTTCAACGCT,0,2024706
kbpp4,0.5,1,1,AAACACATGATTTTTATCAA,0,2042959
kbpp4,0.5,1,1,AAAATTTAGGTCGAGGTCTG,0,2044391
kbpp4,0.5,1,1,AAAATGTAATTCTACGGACC,0,2042422
kbpp4,0.5,1,1,AAAATCCACCTCTGAGGAAT,0,2033668
kbpp4,0.5,1,1,AAAATCAGTGCAGTGGAGGG,0,2081211
kbpp4,0.5,1,1,AAAATATTTGTGGGACACCT,0,2046031
kbpp4,0.5,1,1,AAAAGTAAAGTTCAGCTGAA,0,2029449
kbpp4,0.5,1,1,AAAAGGTCCAGGTAACCCGT,0,2039071
kbpp4,0.5,1,1,AAAAGAGGATTCCCCTGACT,0,2022648
kbpp4,0.5,1,1,AAAAGAGATCCATCCGGAGC,0,2049983
kbpp4,0.5,1,1,AAAACTGGGGCAAAAATTCG,0,2048680
kbpp4,0.5,1,1,AAAACGAAGTGTAGCCCTGC,0,2081932
kbpp4,0.5,1,1,AAAACCGAACCACACGAAGG,0,2076491
kbpp4,0.5,1,1,AAAACACAGGGATTGCGAAC,0,2042614
kbpp4,0.5,1,1,AAAACAATTAATGGTCCGGT,0,2073933
kbpp4,0.5,1,1,AAAAATCCATCATAAAGAAA,0,2030920
kbpp4,0.5,1,1,AAAAAGTCGAACCTGAAGTG,0,2050899
kbpp4,0.5,1,1,AAAAAGGACAAAGCATTCTA,0,2075236
kbpp4,0.5,1,1,AAAAAGAGAGGACACTAATG,0,2061244
kbpp4,0.5,1,1,AAAAAACTCCGTTCCCTATA,0,2054416
kbpp4,543.0,542,0,CAGGATAGATGACTAGAACC,542,2023703
kbpp4,543.0,542,0,ACGGGGCAGTCCTAGTGTTT,542,2037935
kbpp4,530.0,529,0,CTGTCAAGTCTTAGTTCAAC,529,2071016
kbpp4,458.0,457,0,GGGGCCTGCACGAAGTTTTA,457,2067312
kbpp4,449.0,448,0,GTGCGGCTCGCCACAACGTG,448,2031562
kbpp4,415.0,414,0,GCCGAGCATGCTTTACACTC,414,2024860
kbpp4,391.0,390,0,AAATCCTAAGAAAATTCGAG,390,2085667
kbpp4,381.0,380,0,AGGGCGTGCCCCTAACATCC,380,2044576
kbpp4,357.0,356,0,GTTGGGAACGGGGGGTGACC,356,2077213
kbpp4,357.0,356,0,GCCCGTGTTCGATCTCCAGT,356,2029342
kbpp4,350.0,349,0,CCTCTCTCTCTTTGGAGGCC,349,2021832
kbpp4,329.0,328,0,CGATACGAAGACGCATATTG,328,2059458
kbpp4,324.0,323,0,AGTGGTAAGTGACGTCTGGT,323,2043160
kbpp4,319.0,318,0,AGTCAATTCCGGATGCGAAG,318,2032813
kbpp4,313.0,312,0,TATCGCTAAGTCCAGGTGAA,312,2076073
kbpp4,313.0,312,0,ATCTAGATGGGTCTTGGTTT,312,2018069
kbpp4,313.0,312,0,ACATTAAAGGATGTGCACCG,312,2067777
kbpp4,312.0,311,0,ATAAAGAACACGGGGGAGTG,311,2057093
kbpp4,307.0,306,0,TTTGAGTTTAAGTGGGGTTA,306,2037918
kbpp4,307.0,306,0,GAGCGGCTGGTCATGGCCAT,306,2027038
kbpp4,305.0,304,0,TATGTGCTTTGAAATGGTCA,304,2077530
kbpp4,299.0,298,0,GCTCCGAGCGGGAGTTGTCC,298,2021536
kbpp4,288.0,287,0,CAGAGATCCCCATAGGAACT,287,2077632
kbpp4,287.0,286,0,CATGAAGTTTTGTCATTCCT,286,2057421
kbpp4,284.0,283,0,CATTGTATTGTGGAATATCT,283,2083438
kbpp4,284.0,283,0,AGTTGCTCGAATAGTAAAAG,283,2029880
kbpp4,281.0,280,0,ATCGCAGTACTACCCTGTTT,280,2066102
kbpp4,277.0,276,0,CGTCGCGTGAGGAGCTTACG,276,2021526
kbpp4,276.0,275,0,GGTCCAGAACCTGATACACA,275,2041980
kbpp4,273.0,272,0,GTCGGGGTATCCACAAAGAA,272,2040501
kbpp4,272.0,271,0,AGAGCGATAGTCGTGGCAAG,271,2032142
kbpp4,270.0,269,0,AGATTGGGTCACCGTGATCT,269,2034994
kbpp4,269.0,268,0,TGCATTGTCTGACAGCATAG,268,2041322
kbpp4,269.0,268,0,GCCTCTGAATAGTGCACATT,268,2063410
kbpp4,269.0,268,0,CCACAGGCACCACTCATTTT,268,2076113
kbpp4,265.0,264,0,TCTGACCTCAAGTAGCACGA,264,2084805
kbpp4,264.0,263,0,GTTGCGCCCTTAGAGCTCAT,263,2057287
kbpp4,263.0,262,0,CTGCACTGTGCGGAGCCCAA,262,2064805
kbpp4,263.0,262,0,AGACAAGACGTATTATCAGT,262,2051327
kbpp4,263.0,262,0,ACCATGCTAAATCCCGGGAA,262,2073315
kbpp4,259.0,258,0,AATTTGGCCGAATTAACACT,258,2023683
kbpp4,257.0,256,0,AAAGTTTCTAAATGCATTGC,256,2057835
kbpp4,256.0,255,0,CAAGATTCTAGTGCGCATCT,255,2019597
kbpp4,254.0,253,0,GGATCACGGGAAGAAATCAC,253,2018901
kbpp4,251.0,250,0,CTGGCTAAAGCAAGTGGTCT,250,2081877
kbpp4,251.0,250,0,ATTCGCACGCAAAGGCTAGG,250,2052136
kbpp4,250.0,249,0,CCCCCTACTGGGTCGAGAGT,249,2071796
kbpp4,249.0,248,0,GGTTCGGCGACCTACAAGCT,248,2030803
kbpp4,249.0,248,0,CCCTGTCCCCTGGGATCGAT,248,2054632
kbpp4,248.0,247,0,TCGGTTCGTTATAGTCCAGA,247,2052161
kbpp4,248.0,247,0,GGACGAGGTCTGTCTTGTGG,247,2073550
kbpp4,248.0,247,0,AGGGTTGGAACCGTGTTCAG,247,2055538
kbpp4,247.0,246,0,TGGGTTGGTATCGGGTATAT,246,2027549
kbpp4,247.0,246,0,GGTTACGGATACGAAATTAA,246,2077896
kbpp4,246.0,245,0,CCTATTAAAGTGCGACATTA,245,2034501
kbpp4,245.0,244,0,AGAGTCCCGCCTCGATGCTT,244,2025926
kbpp4,243.0,242,0,TGTTGCATATTCTCCCAGTT,242,2047091
kbpp4,241.0,240,0,GGGAGGTCGAGATTCCGGAA,240,2073764
kbpp4,241.0,240,0,ACAAACTTTAACACACCACG,240,2020826
kbpp4,238.0,237,0,ATGACTTAGTGATTCAGCAA,237,2077382
kbpp4,237.0,236,0,TACATGGGTCACGTTTCCCG,236,2077468
kbpp4,236.0,235,0,CCATGCACTGCAGATTGGAG,235,2033830
kbpp4,235.0,234,0,ATTACTTGATTCCCTGGGTC,234,2044579
kbpp4,234.0,233,0,GGTAGGGCTCTCGAGCCAAG,233,2037136
kbpp4,228.0,227,0,ACGCGTCGGGCATTCATCGC,227,2085666
kbpp4,224.0,223,0,TTCGTCTACCGGGGAACAAT,223,2080233
kbpp4,222.0,221,0,AACGCTACAAAATGTCACCC,221,2035058
kbpp4,213.0,212,0,GCATGTTCCACGGGAGCTGA,212,2023670
kbpp4,209.0,208,0,CTCAGAGATAACAAAAGTTT,208,2071654
kbpp4,208.0,207,0,TTGAGTACCGTGGACCCCTG,207,2019526
kbpp4,204.0,203,0,ATATATTTGTCTACAATTTC,203,2019666
kbpp4,202.0,201,0,AGACATACCTTAGTGTTTGA,201,2019800
kbpp4,201.0,200,0,ATCGGGGACCCCTTGGCCGT,200,2057249
kbpp4,199.0,198,0,ACAGCGTAGCTAAATGGCTT,198,2016249
kbpp4,198.0,197,0,TTCTAAAGCCCGGATGGATT,197,2065656
kbpp4,197.0,196,0,AGCTTAATGTTGGCAAAATA,196,2061996
kbpp4,194.0,193,0,TGGGAACGCGGGGATCAGGT,193,2081042
kbpp4,193.0,192,0,ATCTTTTGCCGCGTGGGAAT,192,2033863
kbpp4,192.0,191,0,GGGCAGGTTCTGCTAAGCGG,191,2073205
kbpp4,192.0,191,0,CCGGGATCTTGATTATGAGG,191,2035203
kbpp4,190.0,189,0,GAATTATAATACCGCGGCAT,189,2067069
kbpp4,187.0,186,0,CGGGTACCAAATATTTACAC,186,2052678
kbpp4,186.0,185,0,GATAAATCGGGGATATATGA,185,2018078
kbpp4,185.0,184,0,TAGCATACGGTTGGTGCTTC,184,2037276
kbpp4,185.0,184,0,GGTCAACTCGCAGGACAAGT,184,2041851
kbpp4,185.0,184,0,CAGCCGGGCTAAGCGAATGT,184,2039155
kbpp4,184.0,183,0,CGCATTGTCTGATTTGCATC,183,2020896
kbpp4,180.0,179,0,TAAGGAGGCGCGAGCCAAGT,179,2072062
kbpp4,180.0,179,0,GGTTTCGGAGCGTACCTGCC,179,2077086
kbpp4,180.0,179,0,CTGTTCGGAGCCGCAGAAGA,179,2026462
kbpp4,180.0,179,0,CTCCCCTGCTCCGGGCCAAG,179,2071718
kbpp4,178.0,177,0,GATGTTCGGTAAGGCTAAAT,177,2018461
kbpp4,178.0,177,0,GAATTCCATCAACCACTTAA,177,2082752
kbpp4,177.0,176,0,GGCACGATGTTGACAACGTT,176,2059229
kbpp4,176.0,175,0,GTCCCTCTTAAGATGTGGTC,175,2046905
kbpp4,176.0,175,0,GGCCTGTAGCAAAGTTGGCT,175,2065787
kbpp4,176.0,175,0,GAACCAGATTCTTGGCGGTA,175,2046566
kbpp4,175.0,174,0,TGACTTACCTTTTCGGGACG,174,2024535
kbpp4,175.0,174,0,TCCGGACCAGTGAGGTTTAC,174,2048543
kbpp4,175.0,174,0,GGCCATCTGTGTTAACTACA,174,2078958
kbpp4,175.0,174,0,CGTGTCCCGTGAAGGTAAGT,174,2066204
kbpp4,174.0,173,0,GTCCAGAGTTTATGTCAACG,173,2075669
kbpp4,173.0,172,0,CCTAAATCGGTCGCGCAACT,172,2072629
kbpp4,173.0,172,0,ACCGGCAGGTCGTCCCGCAT,172,2080974
kbpp4,172.0,171,0,TCACGGCAGATACCGGCCCA,171,2074273
kbpp4,172.0,171,0,GTGGATGCTCTCAAGTTTTT,171,2054794
kbpp4,171.0,170,0,TTCCCGACCAAGAAGTCGGG,170,2041064
kbpp4,171.0,170,0,CCTCCCTGTATTAAGCCTGC,170,2069513
kbpp4,170.0,169,0,TTTTCCCAAGTCGTACCGAC,169,2015512
kbpp4,170.0,169,0,TGCACCATGCCTTCGGGGGA,169,2079132
kbpp4,170.0,169,0,AAGCTGAAGATATCGGTCTT,169,2052682
kbpp4,169.0,168,0,TCTCGGCGATGTCTCGTATT,168,2051981
kbpp4,169.0,168,0,GCCCGGATTTGGCAGATCGA,168,2017375
kbpp4,169.0,168,0,CGTCATGCAGGCAAAGGGAG,168,2019618
kbpp4,168.0,167,0,CGTGACCTTGAATTATTCTT,167,2052331
kbpp4,168.0,167,0,AGTGGGGATAGATGAGGTAT,167,2054119
kbpp4,167.0,166,0,TACACGGCGAGCACCGCGTC,166,2049249
kbpp4,167.0,166,0,CAACAGTTATGCCGCGGGTC,166,2053494
kbpp4,167.0,166,0,ATGCCGGGTATGCTTGGAGC,166,2066269
kbpp4,167.0,166,0,ACCTCCGATTTCACGTGCGT,166,2018717
kbpp4,166.0,165,0,GTCGGGGCGCCCTCGGGTAA,165,2062979
kbpp4,165.0,164,0,TGATGTCACGAGAGGATCTT,164,2020021
kbpp4,165.0,164,0,TGATGATAGCAGGTGCACAT,164,2026848
kbpp4,165.0,164,0,TCACCCACGATAGCGTATCG,164,2080107
kbpp4,165.0,164,0,GTGATTTCAAAGAGCACCCG,164,2077537
kbpp4,165.0,164,0,CACTGAAACCTGGAGGTGAG,164,2047940
kbpp4,164.0,163,0,TCCGGACGGTATACATATCT,163,2034839
kbpp4,164.0,163,0,TAAAAGTCTTGGCCCGACCC,163,2038664
kbpp4,164.0,163,0,GCAATGCGTTTCTAAACGCA,163,2033860
kbpp4,164.0,163,0,CCGTGCAGCATCGAAATATA,163,2074315
kbpp4,164.0,163,0,ACCAATGAGGTAACGTCGAA,163,2056922
kbpp4,163.0,162,0,TCTTAAGTGCTATAGCCTGG,162,2038053
kbpp4,163.0,162,0,TACACGGGAAAGCCTCCGTG,162,2066438
kbpp4,163.0,162,0,CCGAATGGGTCACAGCGGCC,162,2021751
kbpp4,163.0,162,0,ATGTGAACGGCCACCCAGCA,162,2027929
kbpp4,163.0,162,0,ATCGGTTAGGTATCGGGGGT,162,2049836
kbpp4,162.0,161,0,TTTGACTAAGCGATCTCGAT,161,2077541
kbpp4,162.0,161,0,TCCAGACGTCTATTGGATCC,161,2054795
kbpp4,162.0,161,0,CTTCATTGGTGATTACTTAT,161,2058302
kbpp4,162.0,161,0,CTCGAGGGAGTGGTCCTTGA,161,2021190
kbpp4,162.0,161,0,ACTACGGTTCCTGTTGAGCT,161,2069969
kbpp4,162.0,161,0,ACGCACTGCTGGATTATAGT,161,2042411
kbpp4,161.0,160,0,TGGTTGGCAGGGCAGGCAGT,160,2031902
kbpp4,161.0,160,0,TCGCTTACACGCATATGAGG,160,2059226
kbpp4,161.0,160,0,GTAACAAATACTAATACCGG,160,2050276
kbpp4,161.0,160,0,GGGATCGAAAAACAAACGTA,160,2044755
kbpp4,161.0,160,0,CTTCGAACGGATAAGACGGG,160,2026081
kbpp4,161.0,160,0,ATGGCTTTGCGAGCGGGTAA,160,2074050
kbpp4,161.0,160,0,ATCCGACTATCGCTGCGCGA,160,2060770
kbpp4,160.0,159,0,CTCATGGGGAACCAAGGTGT,159,2082387
kbpp4,160.0,159,0,CGATTCCGCGCACAAAGTAT,159,2056614
kbpp4,160.0,159,0,CCATACCTTGTTGCCTAAGT,159,2045601
kbpp4,160.0,159,0,CAGATTGGGTGACGTTGAAT,159,2071790
kbpp4,159.0,158,0,CTTCATACTGGTTGTCTCGC,158,2045280
kbpp4,158.0,157,0,GCCTGCTTGGTCTGAGTGAT,157,2055656
kbpp4,158.0,157,0,CCAGTAAGTCTTGCGCTACT,157,2019709
kbpp4,158.0,157,0,ATGCTTGCGGGATCTTTGGA,157,2062750
kbpp4,158.0,157,0,ATCGTAAGTCTGAGGTAGCC,157,2044318
kbpp4,157.0,156,0,TGGATAAGCGGAGTTTGGCT,156,2075568
kbpp4,157.0,156,0,TAATATTTGGACAATAACAA,156,2042831
kbpp4,157.0,156,0,CGCGGTCGTCTAATCCCCTA,156,2042829
kbpp4,157.0,156,0,CCGCTGGGGTCGGTATAGAC,156,2058268
kbpp4,157.0,156,0,AATCCCGACGTACTGGTGAC,156,2017309
kbpp4,156.0,155,0,TTCCTACTATACCATTCCTC,155,2076264
kbpp4,156.0,155,0,TCCCTGCCAAATTGTGTATG,155,2054117
kbpp4,156.0,155,0,GGGTGTATGTCAGACAAGAT,155,2050883
kbpp4,156.0,155,0,GGCCCAACGGATGAGTACGT,155,2068774
kbpp4,156.0,155,0,CTCGCAATTGTGGCTATGTG,155,2084293
kbpp4,156.0,155,0,CCGTCGTCAGAAACCGGGGA,155,2039774
kbpp4,156.0,155,0,CATAGTAAATCCAGTGGGCT,155,2050273
kbpp4,156.0,155,0,AAAGTATCACAGCTTCCAGC,155,2053292
kbpp4,155.0,154,0,TGGTGTTCTGTACGCCCATT,154,2036738
kbpp4,155.0,154,0,GGCTCCGAGATGTTCTTATC,154,2042165
kbpp4,155.0,154,0,GGAGAAAGATGGCCATTTGT,154,2052005
kbpp4,155.0,154,0,GCGAAAGACCTAAGCATCGG,154,2057743
kbpp4,154.0,153,0,TCCGCACATCAAGGAGCTTG,153,2071143
kbpp4,154.0,153,0,TCAGCGAACCATCGACGATT,153,2058270
kbpp4,154.0,153,0,CGACGAAGTTCTTAAAGATG,153,2080429
kbpp4,154.0,153,0,CAGTCTGGTACACGAGAGTA,153,2062649
kbpp4,154.0,153,0,ATGGGCCAAGGGCAGGTTTG,153,2027106
kbpp4,154.0,153,0,AACTAGGCAAGCCGACTGCA,153,2034991
kbpp4,153.0,152,0,TAGGATTGCGTAGCATGGGG,152,2078259
kbpp4,153.0,152,0,TAGACCAGGTTGACGCACCT,152,2055602
kbpp4,153.0,152,0,CGGGCACCTGACCAAGGCGC,152,2018508
kbpp4,153.0,152,0,CCAGCCCCGGGTGCAACACT,152,2031003
kbpp4,153.0,152,0,CAAATTAACCCGAAATATGC,152,2020177
kbpp4,153.0,152,0,ATATTGGTGGGCATCCCTGC,152,2019853
kbpp4,152.0,151,0,TTTACAGCGTAGGTATATCG,151,2042931
kbpp4,152.0,151,0,TTACGACGTTCTACACATCT,151,2018055
kbpp4,152.0,151,0,TGTGTGCCTCGTTTTATTTT,151,2042120
kbpp4,152.0,151,0,GGAATGGGTTCAGATAAGGA,151,2063927
kbpp4,152.0,151,0,GCTGGGCTAGGCTAGAACGT,151,2071203
kbpp4,152.0,151,0,CCAGTCTGTCTGAGGGTCTG,151,2019696
kbpp4,152.0,151,0,CATTCGCGGTGCAATTCAAG,151,2060477
kbpp4,151.0,150,0,TATCCGGGTAAGGTCTCGTC,150,2046082
kbpp4,151.0,150,0,CATCTGTTGCCGTACATACT,150,2063509
kbpp4,150.0,149,0,TTAGTAAATGCATTGCCAGT,149,2068631
kbpp4,150.0,149,0,TATATAGTTTCATTCCGTGT,149,2069262
kbpp4,150.0,149,0,GTCGAGGGCACTGACTTGAA,149,2081867
kbpp4,150.0,149,0,GGGCGTAAAGGGGAGGCAGT,149,2068221
kbpp4,150.0,149,0,GCGCAGACGTTGGACCTTTG,149,2025914
kbpp4,150.0,149,0,CAGTGATGCACTTACCAAGC,149,2068251
kbpp4,150.0,149,0,ATATACATTTAACTATCAGC,149,2036373
kbpp4,150.0,149,0,ACAGGAAACATCAGGCCCTT,149,2063174
kbpp4,149.0,148,0,TACGTCATAGCAGGGTGCGT,148,2032268
kbpp4,149.0,148,0,TAACCCCCTCCCGACAGATT,148,2040131
kbpp4,149.0,148,0,GTCTGAGTGAGGACATGCCA,148,2034866
kbpp4,149.0,148,0,CTTTGGAGCAGCATGCCGAT,148,2085423
kbpp4,149.0,148,0,CGGATTAACATGGAGCACAC,148,2062777
kbpp4,149.0,148,0,AGCGGCCATTAGTGCTCATT,148,2084436
kbpp4,148.0,147,0,TTTAGCCAGCCATGGATACA,147,2054120
kbpp4,148.0,147,0,TTCCGATTCTTATGAAGTGA,147,2027143
kbpp4,148.0,147,0,TCTGTCTGGAGGCGACTTGT,147,2033723
kbpp4,148.0,147,0,GGGAACGTGTCGTGGGTCCA,147,2031195
kbpp4,148.0,147,0,CCGTGTTCATCCTCGAATGG,147,2031059
kbpp4,148.0,147,0,AGATTGGGGAAGATCTAGTT,147,2072882
kbpp4,148.0,147,0,AAAGGGGAAGTGGCATGCCA,147,2063339
kbpp4,147.0,146,0,GTGTTCAAATCTGTACCGGC,146,2081437
kbpp4,147.0,146,0,GTGCCACGATATCACCGCTC,146,2042231
kbpp4,147.0,146,0,GTGAGGTAAGGCCTTACTGG,146,2061689
kbpp4,147.0,146,0,GTGAATTTAAGACCTATTGG,146,2054925
kbpp4,147.0,146,0,GGCGGTGCCGTACGTAGCGA,146,2055783
kbpp4,147.0,146,0,GCCCGAGGAGCGCCCGAGAC,146,2069343
kbpp4,147.0,146,0,CTAATGCAAGTGAATATGCA,146,2041315
kbpp4,147.0,146,0,AGCGTCTGCTGTCTAATCTC,146,2067543
kbpp4,147.0,146,0,AATGTATTTCTAGACCAATG,146,2075223
kbpp4,147.0,146,0,AATACCATGTGACACCTATT,146,2065129
kbpp4,147.0,146,0,AAGATGGTTACTTGAAATTA,146,2034232
kbpp4,147.0,146,0,AACAGCCTACATCGCTTAGT,146,2030649
kbpp4,146.0,145,0,TGTCTGCCGGGACTGAGTGC,145,2019061
kbpp4,146.0,145,0,TATTGACGGGGTCGGCGCCA,145,2047816
kbpp4,146.0,145,0,GGGTGGGTGGTATGGAAGGG,145,2015599
kbpp4,146.0,145,0,GAGGTTGTCGCCAGTCATAG,145,2077623
kbpp4,146.0,145,0,CTACCGTGCGCGGGGTCATT,145,2067446
kbpp4,146.0,145,0,ATACTCATGGATAGAAACCT,145,2044199
kbpp4,146.0,145,0,AGCTCAACTTTGGAGTCGGT,145,2018780
kbpp4,145.0,144,0,TTATTTTCACGGGACAACGT,144,2057432
kbpp4,145.0,144,0,TCGTCCTCTCCTACCAACAC,144,2065115
kbpp4,145.0,144,0,TATGCACGTACCTACCTCCA,144,2082867
kbpp4,145.0,144,0,GTTAGAAGACATTGTACAAC,144,2021799
kbpp4,145.0,144,0,GTAGTGCATATTGAGGGAAC,144,2072788
kbpp4,145.0,144,0,CCGGATCTAAAACGAGACGC,144,2084888
kbpp4,145.0,144,0,CATGGCTAGATCACCAACCG,144,2033849
kbpp4,145.0,144,0,ACAGGTATGTGGGTCATTTC,144,2041659
kbpp4,144.0,143,0,TTGACGGGTGGTTGCGGAAG,143,2054691
kbpp4,144.0,143,0,TACCGCCACGGATCTCCGCT,143,2068822
kbpp4,144.0,143,0,CCCCGGCCCCCAGGACTAAA,143,2047481
kbpp4,144.0,143,0,CATACTTCAGGGCTTGTGTA,143,2063383
kbpp4,144.0,143,0,AGACGGGCGGCTACTTTCAA,143,2028529
kbpp4,143.0,142,0,TGCTTAGGATTACCCGGTCA,142,2034408
kbpp4,143.0,142,0,GTCCGGGGATCGGGGGGTCG,142,2073843
kbpp4,143.0,142,0,GTACGCGCACAATTATACTG,142,2063580
kbpp4,143.0,142,0,CTTAATCCTTACCGTCTGCT,142,2032140
kbpp4,143.0,142,0,CCGAAAGAGAATAGGGATGT,142,2075275
kbpp4,143.0,142,0,ATGGCCTGGACTGAAATCGT,142,2033786
kbpp4,143.0,142,0,ACTTAACGTGGGTGGGTGTT,142,2083466
kbpp4,143.0,142,0,AAGTAAGGGGAGTTAGCGTA,142,2045273
kbpp4,143.0,142,0,AAAGGTCCACCATGTTGGCC,142,2025750
kbpp4,142.0,141,0,TTGTGCCCCGATTCGCAGCA,141,2026113
kbpp4,142.0,141,0,TGTACTATCGGAGGCGGTTT,141,2027123
kbpp4,142.0,141,0,TGTAACCTTCATCTCGCGGC,141,2034658
kbpp4,142.0,141,0,TGGACGTGCGGTAAAACCTG,141,2016265
kbpp4,142.0,141,0,TATGTTAGTGACGAGGGGAC,141,2018491
kbpp4,142.0,141,0,GGAATCAAAGCATTAGTTGA,141,2044467
kbpp4,142.0,141,0,GACAGGTCATGGCATACCTA,141,2042162
kbpp4,142.0,141,0,GAATACATCGTATTTTCACT,141,2083642
kbpp4,142.0,141,0,CTTCCTCCTTCACCTGTCGT,141,2067997
kbpp4,142.0,141,0,CATCTTCTTCAAGCGGACTT,141,2081832
kbpp4,142.0,141,0,CACGCAGCTAAGAGTAGGGT,141,2084634
kbpp4,142.0,141,0,ATGGGGGCAGGCCGTATACC,141,2031217
kbpp4,142.0,141,0,AGAGCAAAGCGTTCTCCTCA,141,2015694
kbpp4,142.0,141,0,ACCTCCTAGTTCACCAGTTT,141,2067710
kbpp4,142.0,141,0,AAAGTACGTACGCTGTAGCG,141,2062793
kbpp4,141.0,140,0,TATAGGTCAGGCTATGAGTA,140,2082122
kbpp4,141.0,140,0,GCCTTCCCGACGCACGCAGA,140,2047937
kbpp4,141.0,140,0,CCGGTAGTAACCTGGAACGA,140,2039800
kbpp4,141.0,140,0,ATGGGTACAACCTACGGATA,140,2031595
kbpp4,141.0,140,0,AGCATTGTCTGACCTGTATT,140,2077372
kbpp4,140.0,139,0,TCCCATAAAACAGACGTTCA,139,2054247
kbpp4,140.0,139,0,GGTCCCCGCTAGAGGACTGA,139,2035702
kbpp4,140.0,139,0,GGATTGCTGAAGCGCCTGTG,139,2074497
kbpp4,140.0,139,0,GATTTGCAGAGTAGATGGAT,139,2066326
kbpp4,140.0,139,0,CCCAACTTCTGGTCTCGGAG,139,2026850
kbpp4,140.0,139,0,CACAATACTCGAGGGGGATT,139,2031882
kbpp4,140.0,139,0,ATGGGATTAGGATCAGTGTG,139,2059090
kbpp4,140.0,139,0,ACGTTTGCCGGCGCATGCGC,139,2022770
kbpp4,140.0,139,0,ACAAGATGCAAATCCTGCCA,139,2042708
kbpp4,140.0,139,0,AATAATTACGGTCATCCGAT,139,2035636
kbpp4,140.0,139,0,AACTTCTGCTCTATCGCCAT,139,2057466
kbpp4,139.0,138,0,TGACCAGTCACGTTTCGGAC,138,2041269
kbpp4,139.0,138,0,TCCTCGGCATAATTAAGGAT,138,2015143
kbpp4,139.0,138,0,TACCGAAATGGTACACTGGT,138,2083130
kbpp4,139.0,138,0,GAGATCGCAGTGCACTTTAC,138,2035597
kbpp4,138.0,137,0,GGATATACAGATAATAAGCC,137,2036633
kbpp4,138.0,137,0,GCCTGGCATTCGTGGCTATT,137,2068924
kbpp4,138.0,137,0,CTTTTAAACCGCAAAATGCA,137,2035299
kbpp4,138.0,137,0,CTGGCGGCGTGCATAATGGA,137,2068841
kbpp4,138.0,137,0,CCTTGAAAACGGGCGGGCTG,137,2068486
kbpp4,138.0,137,0,CATCGATCGCCATGACAGCC,137,2035306
kbpp4,138.0,137,0,CAGCTGTACTTTGGACTGCC,137,2041536
kbpp4,138.0,137,0,ATTCCGATCATTGCGACACG,137,2029688
kbpp4,138.0,137,0,ACTTTGTGCACGCACATACA,137,2085220
kbpp4,138.0,137,0,ACATCTCGTACGAGACTTGG,137,2078199
kbpp4,138.0,137,0,AATCTGGCTAGAAAAAAGGG,137,2057299
kbpp4,137.0,136,0,CTACGGTAGGTTCTGACTTT,136,2031727
kbpp4,137.0,136,0,CAAGAGTAAGCACAGGTTTT,136,2071130
kbpp4,137.0,136,0,ATGGCTTCGCAGCGTGATAG,136,2056920
kbpp4,137.0,136,0,ACAAGTAACAGCATATCAGT,136,2026925
kbpp4,136.0,135,0,TGGTTGAGGAGGCCGCCCGG,135,2055953
kbpp4,136.0,135,0,ATGTCTGCATGCCACCAAGG,135,2031609
kbpp4,136.0,135,0,AGAACCCTACCTGCAAAAGG,135,2060360
kbpp4,136.0,135,0,AAGTTAGGCTTCTCAAATAA,135,2038958
kbpp4,135.0,134,0,TGTAAGGAACATTATGCAGT,134,2062062
kbpp4,135.0,134,0,TGGGGCTCCCGTCCGTTAGT,134,2026084
kbpp4,135.0,134,0,CGTTCATTGGCAATGGAGAC,134,2072297
kbpp4,135.0,134,0,CGCGCCGGGTCTGTTAATTC,134,2043315
kbpp4,135.0,134,0,CGCCGGCTCAGAACCTATCA,134,2050241
kbpp4,135.0,134,0,CGACCCCGTCAGAGAAGTAA,134,2031903
kbpp4,135.0,134,0,ATGCTAGGGGACTTCCTGGC,134,2034135
kbpp4,135.0,134,0,AATCGATACATTGTGGTTTA,134,2052330
kbpp4,135.0,134,0,AATACCAAGTCCCGCTTGTC,134,2048114
kbpp4,135.0,134,0,AAGGGTGTCATTGTAGTGTG,134,2043475
kbpp4,135.0,134,0,AAGATGGCCACTTCGACCAC,134,2019042
kbpp4,135.0,134,0,AAATTATAGATTACCTAGAG,134,2054259
kbpp4,134.0,133,0,TTTCGCCAGCCTCCTCTAGC,133,2074313
kbpp4,134.0,133,0,TTGTGTAGGTATCGAGCGTT,133,2016301
kbpp4,134.0,133,0,TCCCATATCCTCCGGCCGCG,133,2052743
kbpp4,134.0,133,0,TATCTTTAAAGACTTCAAGA,133,2048168
kbpp4,134.0,133,0,GTCTCGTATCTTGCTTTGCT,133,2018660
kbpp4,134.0,133,0,GGATGGTATGGCGAGCGGGA,133,2040085
kbpp4,134.0,133,0,GATCCCTTGCCATCCCCGAT,133,2078398
kbpp4,134.0,133,0,GACAGTAGATACCATCGCAA,133,2067554
kbpp4,134.0,133,0,CTAAAAGCCAGTGACGATAT,133,2066645
kbpp4,134.0,133,0,CCTCGAAATGTCCGTATCGG,133,2080319
kbpp4,134.0,133,0,CCCATAGATTGTCCGTTATG,133,2014743
kbpp4,134.0,133,0,CATATGGTATTCTACCGACG,133,2074819
kbpp4,134.0,133,0,CAGCGAAGATACTGACCAGG,133,2058066
kbpp4,134.0,133,0,AACAGAAATAGAAATGCGAC,133,2070242
kbpp4,133.0,132,0,TGGTCAGCTATTGTATGTGT,132,2042951
kbpp4,133.0,132,0,TGCCCCTATTGCAGGTATTT,132,2027710
kbpp4,133.0,132,0,TATGTTCACCATGCTCTACA,132,2035978
kbpp4,133.0,132,0,GTCCACTCGCAGCTAGCACA,132,2063951
kbpp4,133.0,132,0,GTCAATCCGAAGGTGCGTAG,132,2016193
kbpp4,133.0,132,0,GCACTGACTCGGTCGGGTGC,132,2048803
kbpp4,133.0,132,0,GACAATGGAGCTTCCAGGGA,132,2038201
kbpp4,133.0,132,0,CTGTCTGATTCCAGACCCCA,132,2029671
kbpp4,133.0,132,0,CACTTCGCTTACAGGCTACA,132,2071329
kbpp4,133.0,132,0,ATCTCTCACAACGGGTGTTG,132,2062151
kbpp4,133.0,132,0,ATATCATAGTGTCGGCAGGG,132,2050670
kbpp4,133.0,132,0,ACTAGCGATAAAGTTCTAGG,132,2048001
kbpp4,133.0,132,0,ACGGCTGATCAACCCTTTAA,132,2069038
kbpp4,133.0,132,0,ACATCTTCGCTCAAACGTCA,132,2023686
kbpp4,133.0,132,0,AACGCCTGGGAGCAACGCCT,132,2053040
kbpp4,132.0,131,0,TTTAGTCATTCGGCTACGTC,131,2018822
kbpp4,132.0,131,0,TTCGGTCATCCGAGTGCCCG,131,2053807
kbpp4,132.0,131,0,TCAGCCGATTTGTTCGAGCT,131,2041923
kbpp4,132.0,131,0,GTACGTCTAAAATTGCTCGA,131,2056326
kbpp4,132.0,131,0,GGTTTTATACCCTCATGAGA,131,2030618
kbpp4,132.0,131,0,GGTCGGTTGTGCATGCTAAG,131,2045765
kbpp4,132.0,131,0,GGTCCGCCTGCTTAATGAAG,131,2053219
kbpp4,132.0,131,0,GGAAGTAGATCCACCTTGGC,131,2048163
kbpp4,132.0,131,0,GCTGTAAATGACGCTTTTAA,131,2085367
kbpp4,132.0,131,0,CGGTAGCGTGAATGGCAAGT,131,2052276
kbpp4,132.0,131,0,CCGCCGCTGTTTGCCACGAG,131,2059995
kbpp4,132.0,131,0,CATTTACACATGGTCTGCAA,131,2038861
kbpp4,132.0,131,0,ACTATAGAGTACCATAACGT,131,2077384
kbpp4,132.0,131,0,ACCTGCAATATCTAGCTCTC,131,2027599
kbpp4,132.0,131,0,AAGTACAGTCAATTCAGCTT,131,2034756
kbpp4,132.0,131,0,AAAGGGGCGACGCCCGCCAC,131,2040412
kbpp4,131.0,130,0,GTGGTGGAGCTGTATGCCCA,130,2028587
kbpp4,131.0,130,0,GATACGAGTACCCCTCGGTC,130,2068417
kbpp4,131.0,130,0,GAGTCCCCTTGTTACTATTT,130,2066185
kbpp4,131.0,130,0,GAGCCACAAGACGAACACGA,130,2059262
kbpp4,131.0,130,0,CTTGGCGCGTGGTTCTCGTA,130,2030286
kbpp4,131.0,130,0,CTATCTGAGACGCTGCTGCT,130,2035196
kbpp4,131.0,130,0,ATTCCACGCACACCCACTTG,130,2038848
kbpp4,131.0,130,0,ATAGGTACCCTTCTGCCGCT,130,2033277
kbpp4,131.0,130,0,ACCAGCTTGGTTTATGTGTC,130,2025972
kbpp4,130.0,129,0,TCTTCTCGTCCAAATCCTAA,129,2019551
kbpp4,130.0,129,0,TCTAGGGTAGTTTATATATT,129,2044577
kbpp4,130.0,129,0,TCGTTGCCGGAAATACCAGA,129,2048255
kbpp4,130.0,129,0,TAAAGGAATTCATGTTGTGC,129,2024335
kbpp4,130.0,129,0,GTGCCGCTGCTTCAACACAC,129,2068375
kbpp4,130.0,129,0,GACAGCAACGGGGCCACCTC,129,2034079
kbpp4,129.0,128,0,TTCGTAAATTCAGAAGCGCG,128,2021219
kbpp4,129.0,128,0,TACACAATCGGACGGAATAT,128,2078192
kbpp4,129.0,128,0,GTGGCGAGGCCGGATACATG,128,2022114
kbpp4,129.0,128,0,CTCGAGGATTATTGATCAGC,128,2058383
kbpp4,129.0,128,0,CCCGTTACAGAACTTCGTTG,128,2078081
kbpp4,129.0,128,0,CACTTTGTGTTATTGTTCTT,128,2053974
kbpp4,129.0,128,0,AGGGCCTTTCCGCCCATTGG,128,2030872
kbpp4,129.0,128,0,AGGACACAAGGCCCAGCCTG,128,2080118
kbpp4,129.0,128,0,ACTGGCCTTGCGCTGAAGTT,128,2076074
kbpp4,128.0,127,0,TGTTCGCGCGCACGCACGAT,127,2044599
kbpp4,128.0,127,0,TGGTTTGGCACGTGCGCGCT,127,2056462
kbpp4,128.0,127,0,TACGCACGTTATGTCCGTAA,127,2047098
kbpp4,128.0,127,0,GTCGGTCCTGTATCTACCTA,127,2076963
kbpp4,128.0,127,0,GCGGGCGTCTAAGCGTCTTG,127,2016409
kbpp4,128.0,127,0,GCGACCTTTAATGTGAGTTG,127,2064878
kbpp4,128.0,127,0,CTCTAGTCACGCTGCGAAAA,127,2022674
kbpp4,128.0,127,0,CGTTGCGGCCCCTGTCATCT,127,2019468
kbpp4,128.0,127,0,CGACATTTAAAAGACCATGG,127,2071958
kbpp4,128.0,127,0,CCTCGTTTTACTCACTAAGA,127,2083836
kbpp4,128.0,127,0,CAACTTTACCGTACGGTTCG,127,2064168
kbpp4,128.0,127,0,ATTTGCTGGTGGTCACCAGA,127,2078502
kbpp4,128.0,127,0,AGGACTGAGGTACAACGAGG,127,2023313
kbpp4,128.0,127,0,AGCAGAATGCCGAGACACCT,127,2079466
kbpp4,128.0,127,0,ACGCTCGCTCACGAGCCGAA,127,2081764
kbpp4,127.0,126,0,TTGTTCCGCAAGGAACTTTC,126,2029212
kbpp4,127.0,126,0,TGGACTTCCCGAACGAGAGA,126,2052675
kbpp4,127.0,126,0,GGCTGCAATGGCACCACCTG,126,2022218
kbpp4,127.0,126,0,GGAGCGACTTAGCATGATCA,126,2015286
kbpp4,127.0,126,0,GAATCGTACGGTCTGTCAGA,126,2042408
kbpp4,127.0,126,0,GAACAAAGTCCCTCGGATCT,126,2050201
kbpp4,127.0,126,0,CTGCTATAGTAGCTTGAACA,126,2057163
kbpp4,127.0,126,0,CTCTGATGACTTCGTATGTG,126,2039046
kbpp4,127.0,126,0,CAACTTTGCTTACATGCAAA,126,2028235
kbpp4,127.0,126,0,ATTGCTCAAGCTCAGCTTGC,126,2015161
kbpp4,127.0,126,0,ATAGCCGCCTTTACATGGCT,126,2074616
kbpp4,127.0,126,0,AGGCCCTGGGGATCCGGTAT,126,2024852
kbpp4,127.0,126,0,AATAATACCGGCACGTGTCA,126,2044539
kbpp4,126.0,125,0,TGACCAGTTACCCAGGCCGT,125,2026844
kbpp4,126.0,125,0,TCAATGAAATTCAACCGGGT,125,2069263
kbpp4,126.0,125,0,GTTCAGGGCAAACTGACTTC,125,2027940
kbpp4,126.0,125,0,GCTGGTGTCTAAGCTATGTC,125,2022535
kbpp4,126.0,125,0,GCCAATTCAGTAACCAAAAC,125,2030616
kbpp4,126.0,125,0,CATTCCCTATTTCGAGGTCG,125,2077992
kbpp4,126.0,125,0,CAGTATCGAAGCGGAGTGGG,125,2045164
kbpp4,126.0,125,0,ATTTCGTCCACGGTATAGCC,125,2083798
kbpp4,126.0,125,0,ATGGGGTACCTGATGACTCA,125,2040349
kbpp4,126.0,125,0,ATCATACTTGTAGGACATTA,125,2060318
kbpp4,125.0,124,0,TTATCTTACTTAGGGGAGGA,124,2064503
kbpp4,125.0,124,0,TACTGAAAATCGCACGCTCT,124,2018919
kbpp4,125.0,124,0,TACGCTCCCGTCGAGCCACA,124,2017053
kbpp4,125.0,124,0,GTCTCGAAGGACTACGCACA,124,2044504
kbpp4,125.0,124,0,GACCAGTCATCCCCACGACG,124,2015196
kbpp4,125.0,124,0,CGATGCCAGGATGTCCAGCT,124,2031907
kbpp4,125.0,124,0,CCCCGCTAACTTGTTATTCA,124,2023392
kbpp4,125.0,124,0,CAGGGAGCTTTCAATGAGGG,124,2032210
kbpp4,125.0,124,0,CAGCCCCGCTCCGACATCAT,124,2031607
kbpp4,125.0,124,0,CACAGGTCTGCGGATCCCAC,124,2018181
kbpp4,125.0,124,0,AAGCGGTCGGGGGATCAGAT,124,2026080
kbpp4,124.0,123,0,TGTGGGTAGCCGCGAGGGCT,123,2027082
kbpp4,124.0,123,0,TGCTTGCACTAGGCTGACCT,123,2061685
kbpp4,124.0,123,0,TGCTCCTCACGATAGGGGCC,123,2030470
kbpp4,124.0,123,0,TCGATACATAACGATTCTGT,123,2073839
kbpp4,124.0,123,0,GTTGTCTTTCAACGCTCGTC,123,2071220
kbpp4,124.0,123,0,CTGTGGCGCGATTGTAAGTA,123,2056529
kbpp4,124.0,123,0,CTAGTTTCTAGAGATGGGTC,123,2065106
kbpp4,124.0,123,0,AGAGTATTTCAAATGGTCCA,123,2077236
kbpp4,124.0,123,0,ACATGTGCAGACAGAGGCAT,123,2074278
kbpp4,123.0,122,0,TGCGGTTCGCTGGACTATTA,122,2084620
kbpp4,123.0,122,0,TCGCGTAAAGTCCGGCCCGG,122,2035189
kbpp4,123.0,122,0,TATTAAGCATGGCTAGCAGA,122,2075569
kbpp4,123.0,122,0,TATCCTACAACGTAAATATG,122,2019160
kbpp4,123.0,122,0,GTGACTATAATACGGGACGT,122,2021668
kbpp4,123.0,122,0,CTACGGAGGGTCCCGCCAAC,122,2076422
kbpp4,123.0,122,0,CGGAAGTTGTCCGCCTGGAC,122,2015822
kbpp4,123.0,122,0,CCATTAGTTACAGATCGGGT,122,2025077
kbpp4,123.0,122,0,CAGGGAGCCAGGCACGCGGC,122,2058573
kbpp4,123.0,122,0,ATGCCTTATAGGAATCGGGA,122,2066388
kbpp4,123.0,122,0,AGACGGGAACCTAGCACGCT,122,2030317
kbpp4,123.0,122,0,AATAATTGGGATACGCCTCC,122,2065493
kbpp4,123.0,122,0,AACTTCAACCGTGGACATGT,122,2039111
kbpp4,122.0,121,0,TGGTAAAACTTTGCACAAGC,121,2055117
kbpp4,122.0,121,0,TCCAACTAAACTTCGGAAAA,121,2016815
kbpp4,122.0,121,0,TAGGCATGTTCCAGTCAAGT,121,2042910
kbpp4,122.0,121,0,TAAACGTTTTTTAAGGAGAT,121,2080695
kbpp4,122.0,121,0,GTCCCCAGTTACATAGTGGT,121,2067936
kbpp4,122.0,121,0,GGGGCAAGTCACTCGGACGG,121,2018300
kbpp4,122.0,121,0,GCTGAGCTCCCCCACCGGCG,121,2070081
kbpp4,122.0,121,0,CGGAAGGTATTAGTGCGGAT,121,2014767
kbpp4,122.0,121,0,CCCCCGAGGGCCTCGACCGA,121,2070236
kbpp4,122.0,121,0,ATGATGACTTGGTCGTGATA,121,2032333
kbpp4,122.0,121,0,AATTGGCTAGACTGCCTAAC,121,2027793
kbpp4,122.0,121,0,AAGGGAGGGGCTTCGACAGA,121,2044655
kbpp4,121.0,120,0,TTAACACATTTGATGCATGA,120,2073418
kbpp4,121.0,120,0,GCTAGTATTCAATGGAGTAC,120,2051152
kbpp4,121.0,120,0,GACCGGTTAGGGACTGATGC,120,2014472
kbpp4,121.0,120,0,CCTTCACATGCCTAATAAGC,120,2037974
kbpp4,121.0,120,0,CCTCGGCACTATCCAGCACT,120,2068192
kbpp4,121.0,120,0,CCCTCGATCGTGTCCATTGC,120,2032647
kbpp4,121.0,120,0,AGACCTGGTATACCTTACAG,120,2058710
kbpp4,121.0,120,0,ACGCCAATGCCCTGCCGTTT,120,2038221
kbpp4,121.0,120,0,ACCATACGTAGTGCGACGGA,120,2070636
kbpp4,121.0,120,0,ACAGCTCGAAGTTTTAGAGC,120,2079378
kbpp4,120.0,119,0,TTGTCTCACTTGGACTCGGA,119,2030329
kbpp4,120.0,119,0,TTGGGGTAGTCGCAGGTTGT,119,2069976
kbpp4,120.0,119,0,TCTGCGCCGGATTCCGCGAA,119,2045331
kbpp4,120.0,119,0,TAATAATGCCTTAATTCCCA,119,2048812
kbpp4,120.0,119,0,GCTCGGCGGATACATTCAAC,119,2044721
kbpp4,120.0,119,0,GCCCCAGGATGCGAGTGGAT,119,2057744
kbpp4,120.0,119,0,GAATCCACACCCTGGCGGCA,119,2035245
kbpp4,120.0,119,0,CTTCGTCCGCGTTGTAAATC,119,2080163
kbpp4,120.0,119,0,AAGCCGTACTTAATCATACT,119,2051880
kbpp4,119.0,118,0,TTCGAGACTTCGGAAAACCA,118,2077002
kbpp4,119.0,118,0,GTGATACCCCCCAACATAAT,118,2072758
kbpp4,119.0,118,0,GGCAAAGTAGATCCCGCAGA,118,2057240
kbpp4,119.0,118,0,CGTCTCTGCTCTTCTGTTTA,118,2079788
kbpp4,119.0,118,0,CGATGTACGTGAAAGTCCGA,118,2021677
kbpp4,119.0,118,0,ATGTCCTGTGCGTCCTCCCA,118,2077630
kbpp4,119.0,118,0,AGGATGTGGCACTGAGCTTA,118,2022278
kbpp4,118.0,117,0,TTAGGGTTCGGACGAGCGTA,117,2050621
kbpp4,118.0,117,0,GGCGCTGAGGCCCGCCAGTA,117,2041182
kbpp4,118.0,117,0,AGGGGAACGGCAGGGAATCA,117,2036258
kbpp4,118.0,117,0,ACTCCCATGGTTCCCTTAAT,117,2077855
kbpp4,118.0,117,0,AATGTGTCGTCCTAGCGGCG,117,2063292
kbpp4,117.0,116,0,TTCCACCCCCGGGACATCTG,116,2022513
kbpp4,117.0,116,0,TAGGGTCCTCCCGAAATACC,116,2049032
kbpp4,117.0,116,0,TACCTCATTCAATGTTTATT,116,2023532
kbpp4,117.0,116,0,CTTGTAAAGTCCTTCGCTGG,116,2084274
kbpp4,117.0,116,0,CTCTACTTCTCGACCTTACT,116,2077745
kbpp4,117.0,116,0,CAACGCATAGAGGCGGTAAA,116,2079518
kbpp4,117.0,116,0,ATAGTTAGCAAGTCTAGTTG,116,2022728
kbpp4,116.0,115,0,GTTACACACCCACCAAAGTG,115,2062758
kbpp4,116.0,115,0,GCCCGCTCGTACTCCGTAGT,115,2021634
kbpp4,116.0,115,0,GCAGCGTGTCGCGTTGCCTT,115,2051539
kbpp4,116.0,115,0,GAGATCAGGATACGCGACCC,115,2077570
kbpp4,116.0,115,0,CTTGTGTTTCAGGTCAGGCT,115,2074125
kbpp4,116.0,115,0,CATGGCATTGTTCACTGAAT,115,2035847
kbpp4,116.0,115,0,CATAGGCGTTCCTTACGAAA,115,2038420
kbpp4,116.0,115,0,AGGGGTACCTTGCCAACACA,115,2030750
kbpp4,116.0,115,0,ACGGAGGAAGCGTCCCAACC,115,2014962
kbpp4,116.0,115,0,AAGTCGCAAGCCGGGGCGGG,115,2034448
kbpp4,115.0,114,0,TTCAAAGAGGGATATATATC,114,2072301
kbpp4,115.0,114,0,GTTCTCTCCTCTAACCACTA,114,2049073
kbpp4,115.0,114,0,GCCGGGCATTGCTTGATATA,114,2081720
kbpp4,115.0,114,0,GCCACTCGGTGTAGCCGAGG,114,2037461
kbpp4,115.0,114,0,GAAATTTCGTTGCACCCAAA,114,2052527
kbpp4,115.0,114,0,CCCCCAAACAATGGACAACT,114,2048019
kbpp4,115.0,114,0,AATCCCGGGTAAGACCCTAT,114,2056175
kbpp4,114.0,113,0,TTATGCTCGTCGGAGACAGA,113,2051934
kbpp4,114.0,113,0,TGGGGATGCTTTGAGGGTCC,113,2067093
kbpp4,114.0,113,0,GCACGCTGCGATCTTAGGCC,113,2074699
kbpp4,114.0,113,0,AGACGCTCTACGTCAATGTT,113,2036334
kbpp4,114.0,113,0,ACCCAGCTACGCACTCCTGT,113,2058679
kbpp4,113.0,112,0,TTGACATGCCGATACCAGTA,112,2067294
kbpp4,113.0,112,0,TCCCTAGGCCCCTAGTGGGA,112,2057852
kbpp4,113.0,112,0,GTCTCATGAAAATCAATGAG,112,2085605
kbpp4,113.0,112,0,GGACGGCAGAATTTATCGCA,112,2080989
kbpp4,113.0,112,0,GCAATCAAAGCCTCGCAAAA,112,2045126
kbpp4,113.0,112,0,CGGTTAGGCCAACAGGCCTT,112,2071125
kbpp4,113.0,112,0,CCGTCGTCTCCATAATCCCT,112,2043363
kbpp4,113.0,112,0,CATGTTATCTAGGGTGACGC,112,2050512
kbpp4,113.0,112,0,CAGTTTAGTTCGACGGCGTA,112,2078901
kbpp4,113.0,112,0,ACCTCACCCCACAAGGGGTT,112,2076620
kbpp4,112.0,111,0,GCGTCAGTACACTGGGAGGT,111,2074164
kbpp4,112.0,111,0,CGTCGCCAAACGTCATAGGC,111,2059733
kbpp4,112.0,111,0,CATTTTGGTAGTTGGTAGCG,111,2062343
kbpp4,111.0,110,0,GTTCCTTGCGCGCTGCATGT,110,2082244
kbpp4,111.0,110,0,GTCGTGCGCGCGGATGCTGA,110,2038651
kbpp4,111.0,110,0,GGGTCGCCCTGTCAACCGAC,110,2066568
kbpp4,111.0,110,0,GCGGGCGTGTTCAGACCAAG,110,2032019
kbpp4,111.0,110,0,GCCCACCATCTGTTTAGGTT,110,2050279
kbpp4,111.0,110,0,GACCAACGTTTGCTATAAAG,110,2025350
kbpp4,111.0,110,0,CCAGGTCCACTCATTGCCGT,110,2044030
kbpp4,111.0,110,0,CAGAGTAACGGCGGAGTATT,110,2060992
kbpp4,111.0,110,0,CAAACATGGCAATCCTGCAG,110,2031842
kbpp4,111.0,110,0,ATGGAGGCCTTGTATCTAAT,110,2038518
kbpp4,111.0,110,0,ATCGTATCACTGAATAATTC,110,2078529
kbpp4,111.0,110,0,ACTGACTCGAGATACTGTGT,110,2079421
kbpp4,110.0,109,0,TTTCGAGCCACCATGGAAGT,109,2060930
kbpp4,110.0,109,0,TCCTGAAGGTTCACTGGGAA,109,2059756
kbpp4,110.0,109,0,TCAACGGTAGGAGAATGTAT,109,2029036
kbpp4,110.0,109,0,CTATCGCTCAGGAGAATTCC,109,2023902
kbpp4,110.0,109,0,ACCTCCAGGACTACACTCAT,109,2014763
kbpp4,110.0,109,0,ACCAGGAGGGGTCTTATTAA,109,2084305
kbpp4,110.0,109,0,AAAATCGGTGGTTTTACGAA,109,2079068
kbpp4,109.0,108,0,TGAGATTCAGGTGGTTTTTG,108,2055692
kbpp4,109.0,108,0,GTACCTCGATCACAAACTAA,108,2051286
kbpp4,109.0,108,0,GCACGAAATGAAGAAAAGAC,108,2055259
kbpp4,109.0,108,0,CCGGGTACGCGGCTGCCTCA,108,2045200
kbpp4,109.0,108,0,ATCTTCCGTTCCCACTACGG,108,2060266
kbpp4,109.0,108,0,ATAGCATGCAAGGCGGAATC,108,2066794
kbpp4,109.0,108,0,AGGTTCGTAACGAGCTTTAG,108,2030472
kbpp4,109.0,108,0,ACCCGCCTAAGTGCTGGATG,108,2071792
kbpp4,108.0,107,0,TTCCGATGTTAACCCCTCAC,107,2029410
kbpp4,108.0,107,0,TGCCCTTTTTAGATGCTGTG,107,2059290
kbpp4,108.0,107,0,TCCTTCCTATGTAAGGGAAT,107,2067158
kbpp4,108.0,107,0,GTATAATCACCAGAGGCTGG,107,2023755
kbpp4,108.0,107,0,GCTTGAGATTTCTATGCCCC,107,2066004
kbpp4,108.0,107,0,GCGGCCCGCATGGCGGGCTT,107,2054332
kbpp4,108.0,107,0,GACGATCTTGTATAATTTCA,107,2022912
kbpp4,108.0,107,0,CTTTTAATGAACACGGTATC,107,2061469
kbpp4,108.0,107,0,CTTAATGGCCAGAAAAGAAT,107,2037303
kbpp4,108.0,107,0,ACCTCACGGAGTGTCGTGGC,107,2045696
kbpp4,107.0,106,0,TATCTTGCTCACCTACTTGA,106,2054577
kbpp4,107.0,106,0,CGTATCACGCGATGGAATAG,106,2056323
kbpp4,107.0,106,0,CCATTACCTCGTGGTATCAG,106,2068314
kbpp4,107.0,106,0,CACATTAACACGCGACTTGA,106,2054424
kbpp4,107.0,106,0,AGGTTCGCGACGCGGGTGAG,106,2068588
kbpp4,107.0,106,0,AGATCAGGGGTGGAGCGTCA,106,2023630
kbpp4,106.0,105,0,TAAAGTACGGTTTCTCAGCT,105,2083752
kbpp4,106.0,105,0,GGACTTGCACATGGTGATTC,105,2067849
kbpp4,106.0,105,0,ATTGTGGCCGCGCCTCCCCA,105,2019703
kbpp4,106.0,105,0,ATCACTGGGAGCGGATAGCA,105,2032224
kbpp4,106.0,105,0,ACTGCCAAGCGGATACAGGA,105,2064169
kbpp4,106.0,105,0,ACCGCTTCATATTATTATTT,105,2043711
kbpp4,106.0,105,0,AAGGATAAAGATCAATACTT,105,2024822
kbpp4,105.0,104,0,TTCACACCCCTCCACTGACG,104,2051378
kbpp4,105.0,104,0,TCATAAACTTTCGCACGACG,104,2069288
kbpp4,105.0,104,0,GTTGCGCACACGTTGCCAAG,104,2059148
kbpp4,105.0,104,0,GGATCCACCTGTCAGGAGCG,104,2062681
kbpp4,105.0,104,0,CGAATACGGCCCAAGCCAGT,104,2018781
kbpp4,105.0,104,0,CCTTCACTTGTCTCCGTCAA,104,2060346
kbpp4,105.0,104,0,CAGTTTACTCAAATTATCCT,104,2071719
kbpp4,105.0,104,0,CAGAATATGTGGAATCCGTA,104,2057285
kbpp4,105.0,104,0,ACGGTCGAGATTCCAATCTT,104,2032145
kbpp4,105.0,104,0,AACCTTGCACCCGGCCTAGC,104,2048798
kbpp4,104.0,103,0,TTCACAACGACTAGCCTTTA,103,2065327
kbpp4,104.0,103,0,TTACCCCCCGTCGCGTTATG,103,2062985
kbpp4,104.0,103,0,TGTCACGAGAGCGCAAGACT,103,2014749
kbpp4,104.0,103,0,TGCGCCCTGATGTTATTCTT,103,2042796
kbpp4,104.0,103,0,TGACAAAACGAGCTCCGGAT,103,2032319
kbpp4,104.0,103,0,TCGGGGCGTGTTGCTCGGTT,103,2073999
kbpp4,104.0,103,0,TATTATCATCTATCAATGCT,103,2045876
kbpp4,104.0,103,0,GGTCTCACTACTCCGCTATG,103,2025162
kbpp4,104.0,103,0,CATGTGTGCAGAGGAGTCTT,103,2035438
kbpp4,104.0,103,0,AAGCAGGCGGCACCTTCGGC,103,2061303
kbpp4,103.0,102,0,CTCCTATACGTTCGGTGCAG,102,2043154
kbpp4,103.0,102,0,CCTTATCAGCAGGCAACCTA,102,2063954
kbpp4,103.0,102,0,ATCGTAGCGTGGATCCCGGG,102,2077697
kbpp4,103.0,102,0,AGTATCCTAGGGTCTCTCCA,102,2020429
kbpp4,103.0,102,0,AGGCAGATCAACCCGTGATC,102,2082611
kbpp4,103.0,102,0,ACCTCGTTTGGTTACGGGGT,102,2048049
kbpp4,102.0,101,0,TTCGCGAACAGATATCCAAC,101,2021947
kbpp4,102.0,101,0,GTATTATCTCCTATAGTAAG,101,2067593
kbpp4,102.0,101,0,CTAGGCGTTAGACGGGCCAT,101,2029443
kbpp4,102.0,101,0,CCGCAAGCCATGTGTACTAC,101,2070086
kbpp4,102.0,101,0,CAAAAGTACCTAAACGGAGA,101,2026478
kbpp4,101.0,100,0,TTGGCGAGTGTAGCAATCCA,100,2016197
kbpp4,101.0,100,0,TTCAACATGTTAGTCCTTTA,100,2029098
kbpp4,101.0,100,0,TGTTTTCGGGGTAAGGCAAT,100,2058905
kbpp4,101.0,100,0,GGACATCTCCAAGGGTCGCT,100,2067826
kbpp4,101.0,100,0,GGAAATGACCTCCAAGAATT,100,2035092
kbpp4,101.0,100,0,GAGAGGATTAGTCCCTTAAG,100,2080746
kbpp4,101.0,100,0,CTGTATCACAGTCCCCGGAA,100,2078686
kbpp4,101.0,100,0,CTACCTACATACAGTATTAA,100,2030344
kbpp4,101.0,100,0,AGGAATGCAGCATTTCTTTT,100,2048323
kbpp4,101.0,100,0,AACCGAAGTTGCCACGAACC,100,2032786
kbpp4,100.0,99,0,GATTTCGCTCTAAAGGAGGT,99,2020075
kbpp4,100.0,99,0,CGTCCCGATAGATGAGGAGA,99,2067898
kbpp4,100.0,99,0,CGGACGTGGTCCGTATAACG,99,2031657
kbpp4,100.0,99,0,CCTTCTTTCGATGGAGAGTG,99,2023912
kbpp4,100.0,99,0,CCCGCCCGCCCCGACGCTAT,99,2069171
kbpp4,100.0,99,0,ACGCCACACTTGGACAGGCT,99,2058537
kbpp4,100.0,99,0,ACACAGCCCTGGCGCTACGG,99,2044989
kbpp4,99.0,98,0,TGCCTTGCGGCAATTGGCTG,98,2027490
kbpp4,99.0,98,0,TACGGGTCTAATCCTTCTCC,98,2085592
kbpp4,99.0,98,0,GTATTGCCAAAAATGAGGCC,98,2040140
kbpp4,99.0,98,0,GCCTTGCCGTGCATTGGACT,98,2078397
kbpp4,98.0,97,0,TGGAGTTGGTAGTAAATGTT,97,2036519
kbpp4,98.0,97,0,GACGGTATGGCAGGTGCGGG,97,2071004
kbpp4,98.0,97,0,CTATTGGCCAGCTGTCCTAT,97,2046535
kbpp4,98.0,97,0,CTATCTACAATTGTGGATAT,97,2063912
kbpp4,98.0,97,0,CCAATAGGGATGCAGAATCA,97,2077618
kbpp4,97.0,96,0,GACTGTAAGTATTACTGTTT,96,2027289
kbpp4,97.0,96,0,CGAGTTGCCGCCATTTATCT,96,2064014
kbpp4,97.0,96,0,CCAGCATTTTAATCCCAGGG,96,2070743
kbpp4,97.0,96,0,AGACTACCCACAGCTCTTTT,96,2014867
kbpp4,97.0,96,0,ACAAGTAAGTAGCTTTCCTC,96,2020524
kbpp4,97.0,96,0,AAGTGCCCGCGCTTTTCAAG,96,2059866
kbpp4,96.0,95,0,TAATGCGCACACCAGCGCGA,95,2019917
kbpp4,96.0,95,0,GTAGATATTTAGACACTTCG,95,2066116
kbpp4,96.0,95,0,CGCGCAATCCGCCAGCCCCT,95,2063953
kbpp4,96.0,95,0,ATACACATCGGAGATGCACG,95,2071939
kbpp4,95.0,94,0,TAAAGACAGGCACAACCTTT,94,2030946
kbpp4,95.0,94,0,CAAATTAGAACTCGTTGCGA,94,2024388
kbpp4,95.0,94,0,ACTCTATTTGAATACAGTGT,94,2059603
kbpp4,94.0,93,0,TAAGGTAATCCTGTTGTTTA,93,2026629
kbpp4,94.0,93,0,GTTGTGCGTGCCCCCACGAT,93,2033087
kbpp4,94.0,93,0,CGGCCGTCTACATCATTCTA,93,2082585
kbpp4,94.0,93,0,AAAAGTATCTCACATGGGTT,93,2078124
kbpp4,93.0,92,0,TGGTCGGGGGTCGGACCAAG,92,2028990
kbpp4,93.0,92,0,TCGTGTGCCGGTCGGCTCAT,92,2067266
kbpp4,93.0,92,0,TCCCCGAGATGTAAGGGGAT,92,2073935
kbpp4,93.0,92,0,GTTCAGCGATTGATTTAGCA,92,2037716
kbpp4,93.0,92,0,CGCTCCAGTAAGATTGAGAT,92,2039525
kbpp4,93.0,92,0,CGCCCCTAAAGGTGTTCAGG,92,2049654
kbpp4,93.0,92,0,CGAGGTAGAATGTAAATCTA,92,2052047
kbpp4,93.0,92,0,ACGGGCTTTGATACAGCCTG,92,2021672
kbpp4,93.0,92,0,AAGTGTTACCAATGCATTTC,92,2079468
kbpp4,92.0,91,0,ATTAGCGCCTGTTCTATCGA,91,2067721
kbpp4,92.0,91,0,ACGGGTTTAAGACTAATTTA,91,2050095
kbpp4,92.0,91,0,ACGCACAATCCTTATACATT,91,2019096
kbpp4,91.0,90,0,TACTTAAAGGAATTCTCAAA,90,2036239
kbpp4,91.0,90,0,CTGGTCTCTAAGAATTGTCA,90,2046855
kbpp4,91.0,90,0,CGATGCAAACGGACATATAA,90,2065431
kbpp4,91.0,90,0,ATGCACCAATAGTCAATTGA,90,2077989
kbpp4,91.0,90,0,ATAGTGTGCAATGGAGGCCG,90,2017664
kbpp4,91.0,90,0,AACGTTCGCGTCCCGTCAGG,90,2048508
kbpp4,91.0,90,0,AACGGCAGATAGGGGTATAT,90,2049641
kbpp4,90.0,89,0,TTTGAAATTGGCGAGGCGTT,89,2036683
kbpp4,90.0,89,0,TTTATCGGACTGTATAATCA,89,2048296
kbpp4,90.0,89,0,CTCCTCCGGTCCTGTTTCCT,89,2046021
kbpp4,90.0,89,0,CGTCCTCCAGGATCTGTCAC,89,2074001
kbpp4,90.0,89,0,CGGCATGGTCTCTGATTTCT,89,2016741
kbpp4,89.0,88,0,ATTTAACTGGAATATTCCAG,88,2032297
kbpp4,88.0,87,0,TAATTAACTGGGTTCTCCGT,87,2084483
kbpp4,88.0,87,0,GTAATGTATATCCGGGCAAT,87,2024390
kbpp4,88.0,87,0,CGCAGTTCTACTGTGAGTTG,87,2053126
kbpp4,88.0,87,0,CCTGGGTCGCTCCGATTTTC,87,2053691
kbpp4,88.0,87,0,ATTCTTGAAATAGTATAGTG,87,2019740
kbpp4,87.0,86,0,TCCTTTGTATAAGGACGATT,86,2026936
kbpp4,87.0,86,0,TAGGGATCGGTTATAGTAGT,86,2053957
kbpp4,87.0,86,0,TAGGACATCTAGCAGCCTAC,86,2031984
kbpp4,87.0,86,0,GAACTTTACTAATAGTACCC,86,2048683
kbpp4,87.0,86,0,CTAGTGCCCAATTCCCCGAC,86,2019765
kbpp4,87.0,86,0,CGCTGTGAGGTATTATCAAG,86,2047331
kbpp4,87.0,86,0,AGATTGTTGATTAGGGTATT,86,2060950
kbpp4,87.0,86,0,ACCCAGGAGGCATCCAAGCC,86,2085335
kbpp4,86.0,85,0,TCAGCTCCGGTCACAGGCTA,85,2044583
kbpp4,86.0,85,0,CTCATCATATTGTACGTACA,85,2035583
kbpp4,86.0,85,0,CGAGTAACGCAGGTTTCGGT,85,2050972
kbpp4,86.0,85,0,CCCTAACGGGAAAAGTGACT,85,2020179
kbpp4,86.0,85,0,ATGTTAACGGTGGTCTACGT,85,2029404
kbpp4,86.0,85,0,ACCCCGAGTAGTGTGTAAAG,85,2024966
kbpp4,85.0,84,0,GTCGTTTTGCTTAGTGTCTC,84,2036741
kbpp4,85.0,84,0,CTCGATTATAACCTACATTA,84,2042838
kbpp4,85.0,84,0,CACACGGACCATCCCTTCCC,84,2053004
kbpp4,84.0,83,0,GTCCTATCTGTTAGTGTCAT,83,2019738
kbpp4,84.0,83,0,GGTCTAGCCATCAGGTAAAT,83,2036876
kbpp4,84.0,83,0,CGCACTTTGCTCAGGCAGAA,83,2068518
kbpp4,84.0,83,0,CAAAACGAACGAGTGATGTG,83,2014431
kbpp4,84.0,83,0,ACGTCCGCATTACTGATACA,83,2068778
kbpp4,83.0,82,0,TGCGGCTACACAGCTCTCAA,82,2020016
kbpp4,83.0,82,0,GTTAACAGTCCAATACGTTG,82,2046253
kbpp4,83.0,82,0,CTTCGCCGTCTGGTAGCAGG,82,2023858
kbpp4,83.0,82,0,CACGCAGTAGTGCCTCTCGC,82,2065167
kbpp4,83.0,82,0,AAAGGCTACCTCTGTACGGG,82,2039456
kbpp4,82.0,81,0,CTTTGTCGAGTCGGCGACAA,81,2067806
kbpp4,82.0,81,0,CTCCTCCTAGACACTAGATG,81,2073128
kbpp4,82.0,81,0,CCCATGGTCGCCATCCATAC,81,2019901
kbpp4,82.0,81,0,CACATTGGTGTCCCGGATGA,81,2065499
kbpp4,82.0,81,0,ATTCGTTCTCTGGTTGGGCA,81,2028001
kbpp4,82.0,81,0,AACACCCTGATGAGTAAGAT,81,2043516
kbpp4,81.0,80,0,TTACTGTCCAGGAACGTAAT,80,2066743
kbpp4,81.0,80,0,TCAGTGGTTGTGCGTTAATA,80,2042124
kbpp4,81.0,80,0,GGTCTGCCCGGACGTCAGTC,80,2018744
kbpp4,81.0,80,0,GGGCGCGTTCCACAGACAAC,80,2061519
kbpp4,81.0,80,0,GAATGTTGCGCTTATGCAGA,80,2017265
kbpp4,81.0,80,0,AGATACACATGTTGAGTAGT,80,2016464
kbpp4,80.0,79,0,GTGGAGATAAGGGACCCCTC,79,2048780
kbpp4,80.0,79,0,GGGCACCAACAACGCATCAG,79,2046433
kbpp4,80.0,79,0,AGTGACGCCGGTCTAGATCG,79,2060717
kbpp4,79.0,78,0,TAGACCCGATAATTCCTTTC,78,2070087
kbpp4,79.0,78,0,CGTAGGTAATCGTCTATCGT,78,2054128
kbpp4,79.0,78,0,CCCTTCGCTCTGTCACATAT,78,2017281
kbpp4,79.0,78,0,AGTACCGTGATACCGCAATT,78,2047646
kbpp4,79.0,78,0,AGCCGAGGATCTGTAGCGAG,78,2029841
kbpp4,78.0,77,0,TCCGTTTTTACAGTTGATCC,77,2080831
kbpp4,78.0,77,0,TCACCTAGATCTTGATATTT,77,2036282
kbpp4,78.0,77,0,TAAGTCATATGGTCGCGTCG,77,2078404
kbpp4,78.0,77,0,GGGGTGGGACTCTCTAGCGG,77,2017863
kbpp4,78.0,77,0,GGGATGGATTAATAAGCATG,77,2038564
kbpp4,78.0,77,0,CCAGGCGCCACAGCCAGAGC,77,2032623
kbpp4,77.0,76,0,GTTGACTCTAGACCCGACCC,76,2065748
kbpp4,77.0,76,0,GGCGCTTCCGTGGTTGCGTT,76,2083995
kbpp4,77.0,76,0,GCTGAGGCTGTATGCAGGAA,76,2038510
kbpp4,77.0,76,0,CGCATGTCGGCTACTAATAA,76,2034430
kbpp4,77.0,76,0,ATTCGGCTGAATGGTAATTA,76,2038155
kbpp4,77.0,76,0,AGTTATTAGTTGACGTCAAC,76,2038522
kbpp4,76.0,75,0,TGTCTATGCAGAGAGCCCGA,75,2032312
kbpp4,76.0,75,0,TCAGTCTGCAGCAAGCTTGT,75,2036194
kbpp4,76.0,75,0,GGGCCCCGGCAGTTGCCTGT,75,2078115
kbpp4,76.0,75,0,GCCCCTTTTATCCTATCCAG,75,2034885
kbpp4,76.0,75,0,AATGACCCACATTATGTATT,75,2038986
kbpp4,75.0,74,0,TATTAAGAGTTATTTCGACT,74,2084452
kbpp4,75.0,74,0,GCAGTGGCCTGGACTTCGTG,74,2027444
kbpp4,75.0,74,0,ACGACTTATATCTTTACTGC,74,2025063
kbpp4,74.0,73,0,TAATGACTGTTTTCGGTTAG,73,2062536
kbpp4,74.0,73,0,GGCTCAACATAGGTTCCGGC,73,2081104
kbpp4,74.0,73,0,CCTGGATGGGTGCCCCGCGC,73,2079329
kbpp4,74.0,73,0,CATGGTTGTCCTTCCAGATT,73,2066952
kbpp4,74.0,73,0,ACTGGTCCGTTATTCCATGC,73,2024171
kbpp4,74.0,73,0,ACGGGGGCAACATGAGCTCA,73,2071033
kbpp4,73.0,72,0,CTATTTGCACATGTAGAGAA,72,2079954
kbpp4,72.0,71,0,CGGCACTTGGTACGGGCCTT,71,2078482
kbpp4,72.0,71,0,ACATAGGATTGGATTTCGCA,71,2064610
kbpp4,71.0,70,0,TCAATTATACGTCCTATTCT,70,2014387
kbpp4,71.0,70,0,GGGCTCTCTGAATCGCTCAG,70,2074177
kbpp4,70.0,69,0,TCGAGCTGAGGGTCCGGGAA,69,2064376
kbpp4,70.0,69,0,GTGACGGTAACATGCACCCT,69,2028306
kbpp4,70.0,69,0,CGCCTGTGAGTGGGAGCATT,69,2077716
kbpp4,70.0,69,0,CATAGTATACGCGGCTGATT,69,2084772
kbpp4,70.0,69,0,AGTTTCTATTATTAAACGGA,69,2034878
kbpp4,70.0,69,0,AGTAACAGTTAATGGAGGTG,69,2049928
kbpp4,69.0,68,0,TGTGCTCGCGCTCTCGTTAT,68,2031142
kbpp4,69.0,68,0,TCTACGTATATCTCTACCCC,68,2036783
kbpp4,69.0,68,0,GCGTTATTGATGTTCTACTT,68,2019322
kbpp4,69.0,68,0,AGGCTAGTCGTGGTGGAGAC,68,2027459
kbpp4,69.0,68,0,AGCTCTTCAAACATGTTTGG,68,2057039
kbpp4,69.0,68,0,ACACGGAACAACGGGCTCCA,68,2019020
kbpp4,68.0,67,0,TTGCGGGAGTTAGAGACGCA,67,2027711
kbpp4,68.0,67,0,TGAAACGTCACCGATTTTCT,67,2033951
kbpp4,68.0,67,0,TATTCCGCGGTTCAACCTCT,67,2077323
kbpp4,68.0,67,0,GAGTCTAGAAGCCGTTTACC,67,2059826
kbpp4,68.0,67,0,GACGTAAGATTCGTCCGAAT,67,2048370
kbpp4,68.0,67,0,CATCTCCACGACACCGGAGC,67,2035736
kbpp4,68.0,67,0,ATGTTTCCAAAAGTGTGAGG,67,2017256
kbpp4,68.0,67,0,AGGGCAACGGGTTTCTTAAG,67,2075070
kbpp4,67.0,66,0,GTTAAGGCGCTCGCGCTTTG,66,2073277
kbpp4,67.0,66,0,GTACCAGGTGGAACCGGGCA,66,2082870
kbpp4,67.0,66,0,GGGAATTGACCACCGTATTT,66,2062110
kbpp4,67.0,66,0,AGGGGAGTAGGGTAACCCAA,66,2066124
kbpp4,67.0,66,0,AACGGTATTGCTCCTGCCGA,66,2022328
kbpp4,66.0,65,0,TATTTTTTATCTTCAATCCT,65,2071880
kbpp4,66.0,65,0,CGATGGTTAATCCTAGGATA,65,2076275
kbpp4,66.0,65,0,ATAGAAAGATATGCCAATTA,65,2020781
kbpp4,66.0,65,0,ACAGGCTCTAATCAGTCCTA,65,2021828
kbpp4,65.0,64,0,GAAATCCCGAGGGTGGTATT,64,2057887
kbpp4,65.0,64,0,CTGAGACCCTATTACGACAC,64,2018514
kbpp4,65.0,64,0,CCGTGAGCATATCAGCTCCT,64,2077851
kbpp4,65.0,64,0,CCAATCGGAACGCAGTCTGG,64,2084802
kbpp4,65.0,64,0,ATTTGTTACTTCGTTGGACT,64,2015758
kbpp4,64.0,63,0,GAAAGTTTCTACGTTGGCGA,63,2072670
kbpp4,63.0,62,0,TGCAAGATCGATGCCTTATG,62,2046378
kbpp4,63.0,62,0,TCGCTGCGCGTGGGTCGCCA,62,2069506
kbpp4,63.0,62,0,GGGAGGCAGAACTATCCTAT,62,2032037
kbpp4,63.0,62,0,CTCCCATCGGCGTTATGAAA,62,2043241
kbpp4,63.0,62,0,CGGGTCCCGGTCGGAATTTC,62,2022157
kbpp4,63.0,62,0,CGACCAACGAGATCTGTAGA,62,2016186
kbpp4,62.0,61,0,CTACCTTTTGGCGGGTTAAC,61,2025427
kbpp4,62.0,61,0,ATGCTCGTAGCATTATACCT,61,2064082
kbpp4,62.0,61,0,AATGATTAAGCTGCTCACCC,61,2082484
kbpp4,62.0,61,0,AAACCGGGTCTCATCTTCTA,61,2065060
kbpp4,61.0,60,0,TGCCATGTCTTACCCTCCTA,60,2078523
kbpp4,61.0,60,0,TACTTAAGAGATACTACCGT,60,2015759
kbpp4,61.0,60,0,CGCGTTTGGAGGGATCGATC,60,2028804
kbpp4,61.0,60,0,CCTACTCGGAGACTGATTCA,60,2042706
kbpp4,60.0,59,0,TGAGCTTCACCCCTGGTCTA,59,2081232
kbpp4,60.0,59,0,TATCTCATGTGACTGACCCC,59,2067228
kbpp4,60.0,59,0,GTCTACCCATCACCTTCAGA,59,2055980
kbpp4,60.0,59,0,CTTGCGGTGCCACCGTTCTA,59,2025762
kbpp4,60.0,59,0,ACAACATGTGTATCCCATTG,59,2070832
kbpp4,59.0,58,0,TATGCCTATGCTGGAGTAAC,58,2025307
kbpp4,59.0,58,0,CGAGTTTCAGTCGTGAAGTG,58,2050886
kbpp4,59.0,58,0,CAGGTTGCCCCGGAATGCTA,58,2038994
kbpp4,58.0,57,0,CCATGGTTAGACCACTCGAC,57,2052670
kbpp4,58.0,57,0,CACTATGTACACAGCAGATG,57,2025389
kbpp4,58.0,57,0,ATTTGGAAACGCTTATACCA,57,2016636
kbpp4,58.0,57,0,ACGTTTACACCTCGATTGAT,57,2066703
kbpp4,58.0,57,0,ACCACACAGGTAGTGACAGA,57,2075315
kbpp4,57.0,56,0,TCCTAACCACTAAAGTTGGG,56,2037933
kbpp4,55.0,54,0,TCTGGTTTTTCCCCTTAAAT,54,2085043
kbpp4,55.0,54,0,GTGCGAGCCGAGTTTAGCGG,54,2015357
kbpp4,54.0,53,0,CAACCAAGCTCGCAGTCTAG,53,2017135
kbpp4,53.0,52,0,GTGGGACTCCGTGGCATGTA,52,2038597
kbpp4,53.0,52,0,GGCTAACATCCGGCCTGGTT,52,2062983
kbpp4,53.0,52,0,GATGCTGTTTACACATATCC,52,2072212
kbpp4,52.0,51,0,ATTCACAACATCTAGGGAGG,51,2074680
kbpp4,52.0,51,0,ACTTTCGTTCGCCCTATTCT,51,2063083
kbpp4,51.0,50,0,CTGTTAACGTTGTGGCCCAA,50,2063506
kbpp4,51.0,50,0,AAACGGGCCGCCAGATTTCC,50,2081578
kbpp4,50.0,49,0,TTTACGCTGCCGTCCCGCGA,49,2015651
kbpp4,50.0,49,0,GGTCTATAGCGCGGGGTCCC,49,2019209
kbpp4,49.0,48,0,TGTTAGATTTGCTGTCCCTT,48,2067047
kbpp4,49.0,48,0,TGACGGAAGGCGCCGTACGT,48,2044320
kbpp4,49.0,48,0,TAACGATCAGAGCGGCGGTC,48,2068763
kbpp4,49.0,48,0,GTTTCTTTGGTTCACCCTCC,48,2025686
kbpp4,49.0,48,0,GAGCAATACGTCCATGTACA,48,2056324
kbpp4,49.0,48,0,CCCATGTCTAGCGCGTGCCA,48,2077328
kbpp4,49.0,48,0,AAACGGCTGTAAGGGCCTGA,48,2071935
kbpp4,48.0,47,0,CGGGCGAGTCCTGGCTGGAC,47,2025728
kbpp4,47.0,46,0,CGCGTTGAACCCCTCAATTT,46,2026332
kbpp4,47.0,46,0,CCGTGGAAAGACGCTAACGC,46,2024438
kbpp4,46.0,45,0,CTAAACGTGACTTTGACCTT,45,2055118
kbpp4,46.0,45,0,CACGATTGGTGCCCTCACTA,45,2077480
kbpp4,45.0,44,0,TCACACTTCTCATGTAGTCA,44,2035800
kbpp4,45.0,44,0,TAAGTGTCGCGACCGGAGTC,44,2065128
kbpp4,45.0,44,0,GATGCCCCATGCCCACAGGT,44,2055218
kbpp4,45.0,44,0,CCCTTTTCGAAGAAGATTCA,44,2049240
kbpp4,45.0,44,0,CCCTCGAATACTGAGGGAAA,44,2023163
kbpp4,44.0,43,0,AATGAATCTTGTACCCCCCT,43,2048310
kbpp4,43.0,42,0,GTAACCGTGAATCAGCAGCC,42,2076029
kbpp4,43.0,42,0,CCCCCGGACCAACCACACTT,42,2076767
kbpp4,43.0,42,0,AGTGCTTGATAGACGGTGAG,42,2076900
kbpp4,42.0,41,0,AGCGGTCAAGGTCGTGGCCG,41,2050824
kbpp4,41.0,40,0,GTCCCCCAGTTCCGGCTATG,40,2073216
kbpp4,41.0,40,0,ACGCGCTGGTCTAAGAGGGT,40,2018549
kbpp4,41.0,40,0,AACGACCTTATGGTCCAAGA,40,2075756
kbpp4,40.0,39,0,TTCGTGATAGACAAAGTATT,39,2034657
kbpp4,40.0,39,0,TCCTCTGATTGGGCTCGGCG,39,2022070
kbpp4,40.0,39,0,GGATGCGAGCTCTGGGGCAA,39,2085272
kbpp4,40.0,39,0,GATCAGGTAGTAGGTGAATT,39,2017020
kbpp4,39.0,38,0,TACAATACCACGTAGGATGT,38,2066635
kbpp4,39.0,38,0,GTGGGAGGCTGTATACGTTG,38,2048562
kbpp4,39.0,38,0,AATTAGATGTCCAGTAGTTG,38,2023330
kbpp4,39.0,38,0,AATAGAGCGAAGTGGCAATA,38,2059025
kbpp4,38.0,37,0,CCCCGAACAACCCCGACGCG,37,2014618
kbpp4,37.0,36,0,GCGCTTCAGTACTGAAACTG,36,2025602
kbpp4,37.0,36,0,CGAGCACCTCTCCTTCTGAA,36,2034621
kbpp4,36.0,35,0,GCACCCCACTCATTTCCTTT,35,2054480
kbpp4,36.0,35,0,ATCACCCGGACTCGACAGTG,35,2084444
kbpp4,36.0,35,0,ACATGTTGTTCGTTGGCAAG,35,2040132
kbpp4,35.0,34,0,GGTACTGATGCGCATGGCCC,34,2063943
kbpp4,35.0,34,0,CAAAGTGTACCCCTCTTTCT,34,2077633
kbpp4,34.0,33,0,GGGGCTTCGCCGTTATACTT,33,2069970
kbpp4,34.0,33,0,CCCGTTTTTGGAGTCTGACT,33,2032556
kbpp4,33.0,32,0,GGATGGTAGTGCGGTGTCTC,32,2080939
kbpp4,32.0,31,0,AGCAACGTCGCTCATCCATT,31,2053246
kbpp4,31.0,30,0,ATCGGTCTGCTTGTCCTCCT,30,2049916
kbpp4,31.0,30,0,ACAATACAACGTGTATAAGG,30,2016031
kbpp4,29.0,28,0,GCCACCCCCATCGCGGCCAA,28,2015432
kbpp4,29.0,28,0,ATTTGTTACTGCTAAGTGCC,28,2065849
kbpp4,28.0,27,0,GACCTAATGATCCTACTCCG,27,2023706
kbpp4,27.0,26,0,TACCTTTGTAGTTTTCAAGT,26,2031363
kbpp4,26.0,25,0,CGCCACCGGTTCTGCGGAAT,25,2075704
kbpp4,25.0,24,0,TCTCCGTATTGTGCTAAAAC,24,2076679
kbpp4,25.0,24,0,TATGTAATCCCTCTCAATCT,24,2054000
kbpp4,25.0,24,0,GTTACTGAAGCACACTATAT,24,2032857
kbpp4,25.0,24,0,CATGCGCCGGAGCCTGGTCT,24,2080113
kbpp4,25.0,24,0,ATAAGCCCACAGACGGTAAT,24,2045806
kbpp4,24.0,23,0,TGACAATACTAATTGACGAT,23,2057739
kbpp4,24.0,23,0,ACTGGCATCATATCCCTTCC,23,2055045
kbpp4,23.0,22,0,AATTGGAACGCGTCTCTCCT,22,2024893
kbpp4,21.0,20,0,TGTAACGAGTCACACGGTGA,20,2038219
kbpp4,21.0,20,0,TCTACGTGTTCTACAATTAT,20,2054254
kbpp4,21.0,20,0,GGTTCCAACGTCGGCACATA,20,2044919
kbpp4,21.0,20,0,CTTCGCGTGACGAGTTGACG,20,2046237
kbpp4,20.0,19,0,CTCGTGAGTTTGCTACGCAG,19,2060729
kbpp4,19.0,18,0,GGTGGGCCACTTTCCACTCC,18,2045248
kbpp4,17.0,16,0,GCCTCGCTAAATCTCTGCAG,16,2037569
kbpp4,17.0,16,0,GAAACTGGCAACGATACGAT,16,2079173
kbpp4,17.0,16,0,CTCCGTGATTACCCTGCTTG,16,2077938
kbpp4,17.0,16,0,CGTACGTGGGTAATTTCTGT,16,2057292
kbpp4,15.0,14,0,GCTCCTTGTAAGGTGTGTAC,14,2017457
kbpp4,13.0,12,0,ATATGTACTTCTTATAGATT,12,2030425
kbpp4,12.0,11,0,CATCTACTATGTGCTCCTCT,11,2046521
kbpp4,10.0,9,0,GCGAGTGGTCCCACATCTGT,9,2078462
kbpp4,10.0,9,0,CGCACTAAACGGTGATCCCT,9,2080725
kbpp4,10.0,9,0,CCCCCCCCTCCCCTAAACGG,9,2053971
kbpp4,9.0,8,0,ATCCTCCCACTGTTAGAGGC,8,2063325
kbpp4,9.0,8,0,ACAATTCCGCGGTAATTGCT,8,2032280
kbpp4,8.0,7,0,TCGCCGCCTCCCTCCACTTT,7,2061687
kbpp4,8.0,7,0,GCCTTCGAACCAGCTTAGAG,7,2043383
kbpp4,8.0,7,0,GAACCCCTTTAGTTATCGGA,7,2036117
kbpp4,7.0,6,0,GGTCGGGGCGGGCCAATCCA,6,2074500
kbpp4,7.0,6,0,GAAAAGTTCAGATGCACAAG,6,2034115
kbpp4,6.0,5,0,CGTGTGTGGTTTGACCTTCC,5,2042794
kbpp4,6.0,5,0,AGTTTTGCATGTGCTCCCCT,5,2078365
kbpp4,5.0,4,0,TTAGATTTTGCACCTCCGAG,4,2084379
kbpp4,4.0,3,0,TTGAAACGTCAAGCTGGTAA,3,2023595
kbpp4,4.0,3,0,TTCTAGTATCTCCGAACGGT,3,2064055
kbpp4,4.0,3,0,TCCGGATCCCCCATGACGCA,3,2014850
kbpp4,4.0,3,0,GTAAACATAGGACTCTTTCT,3,2056737
kbpp4,4.0,3,0,GGGAAGGCATAGGTACTCTG,3,2042952
kbpp4,4.0,3,0,GGGAACGTGGCGAAGTTATG,3,2015401
kbpp4,4.0,3,0,GGCTAAGCAGGTATGGACCT,3,2052125
kbpp4,4.0,3,0,GATCCGTGGTTTTATGTAGA,3,2023942
kbpp4,4.0,3,0,CTGGATCAGTCTCAACCATT,3,2065596
kbpp4,4.0,3,0,CTCTTGGTTCAGGGGGTGGC,3,2068925
kbpp4,4.0,3,0,CTAAGTTGTAACCCGTCGCT,3,2037190
kbpp4,4.0,3,0,CGATGACTTGTCGCGGCTCG,3,2064380
kbpp4,4.0,3,0,CGAGATGGATTGTTCTGCAT,3,2057132
kbpp4,4.0,3,0,CCGCCTTGTGTCAGACTATC,3,2060393
kbpp4,4.0,3,0,ACGGTGCACGCATGGAAGAA,3,2072905
kbpp4,4.0,3,0,ACACACTACAATGAAACGTT,3,2081371
kbpp4,4.0,3,0,AAATCAGCTATGACAACCTA,3,2016645
kbpp4,3.0,2,0,TTTTAAATGGAATCATCCGT,2,2041263
kbpp4,3.0,2,0,TTTCTGATCCCAATGGAATG,2,2067451
kbpp4,3.0,2,0,TTGCTTCATCAAAGTTCGAG,2,2071010
kbpp4,3.0,2,0,TTCTGGAATCCCTTACGCTT,2,2052513
kbpp4,3.0,2,0,TTCGCGCCAGCTGGCTAGCG,2,2079243
kbpp4,3.0,2,0,TGGCCGATAGGCCCAGAACT,2,2047876
kbpp4,3.0,2,0,TGCTATGATATCGCACTCCG,2,2017064
kbpp4,3.0,2,0,TCTGAGACTCTCTGGCCGAA,2,2047092
kbpp4,3.0,2,0,TCTAGAAATCGGAAACTCTT,2,2028367
kbpp4,3.0,2,0,TCGAACGACGCCAACCTTCT,2,2031394
kbpp4,3.0,2,0,TCCTATGCAAAACCTCACCT,2,2051050
kbpp4,3.0,2,0,TCATCCCTCGGAGCACTATT,2,2021931
kbpp4,3.0,2,0,TCAATCTCCATGTTGTGGCG,2,2029121
kbpp4,3.0,2,0,TAGCCCGCCAATTTTCGGTG,2,2065733
kbpp4,3.0,2,0,TAAGAATCAGGGTTATGTTA,2,2066179
kbpp4,3.0,2,0,TAAGAAGAATTTCTTACACG,2,2027973
kbpp4,3.0,2,0,GTGTAGTGAAATCTTCCCTC,2,2069236
kbpp4,3.0,2,0,GTCTGGGATTGAATGCATCA,2,2066382
kbpp4,3.0,2,0,GTCGTACGATGAACTCATGA,2,2025613
kbpp4,3.0,2,0,GTATTTTTGTTTAAACAGTA,2,2036920
kbpp4,3.0,2,0,GTAGGTTACGTCCAGGTCTA,2,2026168
kbpp4,3.0,2,0,GTAGGTATGGCCCCTTTTGA,2,2024433
kbpp4,3.0,2,0,GGCCCCGTCAGAGAAGCGGC,2,2050270
kbpp4,3.0,2,0,GCTAAGGTTATGTCGCTGGA,2,2065531
kbpp4,3.0,2,0,GCGCAAAATATAGGGCGCTT,2,2015429
kbpp4,3.0,2,0,GCAGTAGTGACCGGCCTACT,2,2024422
kbpp4,3.0,2,0,GATTCAGCGAGATAAAATCT,2,2042421
kbpp4,3.0,2,0,GATCCTCAGAAGTTTAACAT,2,2049245
kbpp4,3.0,2,0,GAAAGCGGTTTTCCAGTGCG,2,2072458
kbpp4,3.0,2,0,GAAAGACTTGAATGGGCGCT,2,2083366
kbpp4,3.0,2,0,CGTCTTTTTCGGCTCCGAGT,2,2045673
kbpp4,3.0,2,0,CGGCTGTGGTCAGTCTTTGT,2,2061518
kbpp4,3.0,2,0,CGGCCACACGAAATCGTGCC,2,2027186
kbpp4,3.0,2,0,CCGTTGTTTGATGCGATACG,2,2077660
kbpp4,3.0,2,0,CCGAGGATGTGCGGGTACTA,2,2026012
kbpp4,3.0,2,0,CCCCGTCCGGGGAAAGAATT,2,2085139
kbpp4,3.0,2,0,CCACCTCTCCAGCAAGGTTA,2,2046509
kbpp4,3.0,2,0,CAATGAAACTATACACTACA,2,2027068
kbpp4,3.0,2,0,ATGTCAGACGATATGCTGTC,2,2042553
kbpp4,3.0,2,0,ATGGGGAAGTCTTACATAAG,2,2065905
kbpp4,3.0,2,0,ATGGCTTATTCTATTAAAAT,2,2025211
kbpp4,3.0,2,0,AGTTATCCGGTCCGAGCGCA,2,2084382
kbpp4,3.0,2,0,AGTAACGCCCGCAATATTTG,2,2029253
kbpp4,3.0,2,0,AGGCTAACGGCTTACTACTC,2,2056655
kbpp4,3.0,2,0,ACGTGGGGCTTCGCGGAATC,2,2037915
kbpp4,3.0,2,0,ACAGAGATTTGCTAAGGACA,2,2037017
kbpp4,3.0,2,0,ACAACTGTGTACGACGTGTA,2,2027314
kbpp4,3.0,2,0,AATTAAGCAATTAATGACAA,2,2026208
kbpp4,2.0,1,0,TTTTCATCGCACGAAGACAC,1,2015653
kbpp4,2.0,1,0,TTTTAGCCGACTCACGTTAC,1,2052926
kbpp4,2.0,1,0,TTTTAACTAATCGATCTATA,1,2071556
kbpp4,2.0,1,0,TTTGGTGCGGCCATCCGTAA,1,2047523
kbpp4,2.0,1,0,TTTGGCGGGTGTAAAATCAC,1,2078328
kbpp4,2.0,1,0,TTTCGTCCGTCCATTGATTG,1,2076844
kbpp4,2.0,1,0,TTTCGGACGGCTCGTTAGAA,1,2061678
kbpp4,2.0,1,0,TTTCCGAACATTCTAGACTT,1,2082064
kbpp4,2.0,1,0,TTTATTCAAACCTAGCACCT,1,2080610
kbpp4,2.0,1,0,TTTAGGCGTACTCCAGCAGC,1,2063545
kbpp4,2.0,1,0,TTTACGGCTTTGACTAATAC,1,2029097
kbpp4,2.0,1,0,TTGTTGACCCTACGAAATGC,1,2014940
kbpp4,2.0,1,0,TTGTAGATCGGGCATATATT,1,2029435
kbpp4,2.0,1,0,TTGTAGATAGAAACACGCAT,1,2018018
kbpp4,2.0,1,0,TTGGCTCGGGTTAGTACCAC,1,2018214
kbpp4,2.0,1,0,TTGGCGAGTGGTGACAGATA,1,2046490
kbpp4,2.0,1,0,TTGGCCTGGGCTAGAGATCG,1,2038653
kbpp4,2.0,1,0,TTGGAGAAGGCTATGATATA,1,2028062
kbpp4,2.0,1,0,TTCTCGATATGTTACGTTGT,1,2036278
kbpp4,2.0,1,0,TTCTAATACGAATCTTATCT,1,2018634
kbpp4,2.0,1,0,TTCGCCAGACTCCTTGTTTA,1,2077958
kbpp4,2.0,1,0,TTCGATGAGAATCTGGGTGC,1,2076177
kbpp4,2.0,1,0,TTCCCGTTACCCGTTTGCCA,1,2033084
kbpp4,2.0,1,0,TTCATGTGTGGACCCATAAT,1,2085205
kbpp4,2.0,1,0,TTCAGACGGGCATTACTCGC,1,2057142
kbpp4,2.0,1,0,TTCACTCTGTCGTCCGCAGT,1,2033571
kbpp4,2.0,1,0,TTCAACCCGCCAGAAACATT,1,2028108
kbpp4,2.0,1,0,TTATGAGGGGCGGACGCCCG,1,2044529
kbpp4,2.0,1,0,TTATCATAGCTCGCTTACAG,1,2072388
kbpp4,2.0,1,0,TTAGCTGGTTGTCCCAAGCG,1,2084606
kbpp4,2.0,1,0,TTACGGTAGTATTTGAGCTC,1,2037142
kbpp4,2.0,1,0,TTACCTGAACGGTCCAAATA,1,2038394
kbpp4,2.0,1,0,TTAATGCTCGTGTTACCTAC,1,2073436
kbpp4,2.0,1,0,TTAATGCAATAACAACAACA,1,2072029
kbpp4,2.0,1,0,TTAAGGAGCGACCGATTGGT,1,2032096
kbpp4,2.0,1,0,TGTTTTTTAATCACACAGTC,1,2071982
kbpp4,2.0,1,0,TGTGTGAGCGGACTGGTGGT,1,2037820
kbpp4,2.0,1,0,TGTGTCTTCAATACACTATC,1,2014526
kbpp4,2.0,1,0,TGTGGCCCCGAGAAATCGGC,1,2026410
kbpp4,2.0,1,0,TGTGCGAGCCTGCTTTTATG,1,2024017
kbpp4,2.0,1,0,TGTGCCACTCTAAGGTGTAG,1,2078562
kbpp4,2.0,1,0,TGTCACCGATCCCTTATAGT,1,2074770
kbpp4,2.0,1,0,TGGTGTATATTCGGAACGAC,1,2047796
kbpp4,2.0,1,0,TGGTATTATCGGGGGTGTTG,1,2027759
kbpp4,2.0,1,0,TGGGGAGGGATCTTCGTCGA,1,2060213
kbpp4,2.0,1,0,TGGGCTAGTGACAGCACAGT,1,2056668
kbpp4,2.0,1,0,TGGCTAGCAGTCACTATGTT,1,2065108
kbpp4,2.0,1,0,TGGCCGGTTAGAAGGGGGAT,1,2024635
kbpp4,2.0,1,0,TGGCCAGCTTTGGCCCTTAG,1,2069410
kbpp4,2.0,1,0,TGGACGCGTTAGATCATTAG,1,2073611
kbpp4,2.0,1,0,TGGACGATATTGCATTGGTC,1,2074473
kbpp4,2.0,1,0,TGGAAAAGACCGGTGGATTA,1,2072874
kbpp4,2.0,1,0,TGCTCACACGGCCTCGGTAA,1,2052214
kbpp4,2.0,1,0,TGCGCCAGCTCGCGTTCCAA,1,2072055
kbpp4,2.0,1,0,TGCGCAAAATGTTTAGATTC,1,2050196
kbpp4,2.0,1,0,TGCCCGACTTGGGACGAGGT,1,2062315
kbpp4,2.0,1,0,TGCATACGGTTACATCCAGA,1,2031866
kbpp4,2.0,1,0,TGCAATTCGGGGCGGTTAGA,1,2041189
kbpp4,2.0,1,0,TGCAACCACGCTTGCGCCTT,1,2017961
kbpp4,2.0,1,0,TGATATAGTGATTATAAAGG,1,2072638
kbpp4,2.0,1,0,TGATACCTAAGCTTTTGCTA,1,2027111
kbpp4,2.0,1,0,TGAGCTCATTTTGGCGAGGT,1,2078175
kbpp4,2.0,1,0,TGACTGTGGCATAGATAGGC,1,2037337
kbpp4,2.0,1,0,TGACTAACATTGTCATCATA,1,2033905
kbpp4,2.0,1,0,TGACCCAATGTTACCACAGG,1,2079387
kbpp4,2.0,1,0,TGACAATGCAAGAATCTGAA,1,2046471
kbpp4,2.0,1,0,TGAAGGTGCGATGTACGAGT,1,2079507
kbpp4,2.0,1,0,TGAAATTTAAGTCCAAATGG,1,2035044
kbpp4,2.0,1,0,TCTTTTAGCCCCCCTGTACC,1,2021426
kbpp4,2.0,1,0,TCTTTGCCGCTGGGCTCGCT,1,2017419
kbpp4,2.0,1,0,TCTTGGGTCGGGAGAGTCAC,1,2041043
kbpp4,2.0,1,0,TCTTCCCGACACTTTTGTCG,1,2054138
kbpp4,2.0,1,0,TCTTCAGCTTTCAGTAGCTC,1,2065893
kbpp4,2.0,1,0,TCTTACTCTCCGCATTCGTG,1,2058850
kbpp4,2.0,1,0,TCTGGCAGGCAAATAGAAGG,1,2083765
kbpp4,2.0,1,0,TCTGCAAAAAAGTTTTCGTC,1,2034450
kbpp4,2.0,1,0,TCTATTTCGTAGCGGCTGTA,1,2027833
kbpp4,2.0,1,0,TCTAGTCCGCTTCAAGTATT,1,2038125
kbpp4,2.0,1,0,TCTACATTGTACGGATAGTA,1,2020536
kbpp4,2.0,1,0,TCTACACGGCGTGTCGGTTG,1,2048818
kbpp4,2.0,1,0,TCTAAACCATTTAGCGGCCG,1,2041680
kbpp4,2.0,1,0,TCGTGAAACTGGCTTCCATT,1,2069158
kbpp4,2.0,1,0,TCGTACTCATCGCGGACTTC,1,2027407
kbpp4,2.0,1,0,TCGGGTTGGAGGCTGCTATC,1,2021567
kbpp4,2.0,1,0,TCGGATCCGTGCAGTTTGTG,1,2062869
kbpp4,2.0,1,0,TCGCTGCAGGCGAAATGTAA,1,2076866
kbpp4,2.0,1,0,TCGCTCTCGGCGGGTGTTGA,1,2061226
kbpp4,2.0,1,0,TCGCTCGACCATACAGGGTC,1,2046904
kbpp4,2.0,1,0,TCGATCCAACGGTGGAACCT,1,2046889
kbpp4,2.0,1,0,TCCTTAGTGCTTGTCAGCAA,1,2039152
kbpp4,2.0,1,0,TCCTATCGGCGAGAACTTCA,1,2018319
kbpp4,2.0,1,0,TCCGTCAATACGGTCACGTT,1,2045060
kbpp4,2.0,1,0,TCCGTACACTCTGTGTAGTT,1,2063571
kbpp4,2.0,1,0,TCCCCCGCATGTATGACGAT,1,2083064
kbpp4,2.0,1,0,TCCATCGGACTGGTAGGGGC,1,2071554
kbpp4,2.0,1,0,TCATCTGGTTACTGAGCGAG,1,2022066
kbpp4,2.0,1,0,TCAGCCGGCCGCCTAAGAAC,1,2047794
kbpp4,2.0,1,0,TCAGACAGCAATCGAGGCGC,1,2014901
kbpp4,2.0,1,0,TCACGCGTGAACTTAAAGAA,1,2041545
kbpp4,2.0,1,0,TCACGACCGATGTCCCGCGA,1,2021925
kbpp4,2.0,1,0,TCAATCGCACGCGTAAGTGC,1,2059186
kbpp4,2.0,1,0,TCAAGGGTAGGGGACGGTCA,1,2061074
kbpp4,2.0,1,0,TATTGCGTAGGCAGTTGTTT,1,2081766
kbpp4,2.0,1,0,TATGTTACTGCCTATTAAAA,1,2030437
kbpp4,2.0,1,0,TATGTTAACTGTGGGGCCAG,1,2025206
kbpp4,2.0,1,0,TATGCGAGCTGTTTAAGGAA,1,2072113
kbpp4,2.0,1,0,TATCTCCCCCACCCGCGAGA,1,2039088
kbpp4,2.0,1,0,TATCGTAGTCACGACCCAGC,1,2038165
kbpp4,2.0,1,0,TATATGCGCTTGTCAGTTTA,1,2046491
kbpp4,2.0,1,0,TATAGACGACAGCGATTCAT,1,2044747
kbpp4,2.0,1,0,TAGGTAATAGACGGGACATG,1,2051357
kbpp4,2.0,1,0,TAGGCCTATTGACTTCGCTA,1,2038845
kbpp4,2.0,1,0,TAGGAGCTGGGACCGCACCT,1,2049203
kbpp4,2.0,1,0,TAGCTGGCATGAGTTATACC,1,2040761
kbpp4,2.0,1,0,TAGCTAACACAGGGTATGCC,1,2029091
kbpp4,2.0,1,0,TAGCGGCTACAAGTGTGGGC,1,2048698
kbpp4,2.0,1,0,TAGCGATGTTATCATCCGGT,1,2055833
kbpp4,2.0,1,0,TAGCCTGTAGGTTCTTAGAT,1,2058539
kbpp4,2.0,1,0,TAGATTAAAAGTGGTGCGAA,1,2032607
kbpp4,2.0,1,0,TAGATGTCACGTGAGGCACT,1,2073518
kbpp4,2.0,1,0,TAGATGCAGCGTAGTGTTTC,1,2070588
kbpp4,2.0,1,0,TAGATCTTCTCTATGGGTGA,1,2043081
kbpp4,2.0,1,0,TACTTTGTGAGTGTCTGTGG,1,2029921
kbpp4,2.0,1,0,TACTTTCATTCAAGATGGAT,1,2058971
kbpp4,2.0,1,0,TACGTCTTGGTCATTCTCAG,1,2050550
kbpp4,2.0,1,0,TACGTCTTATGACTCCAAAA,1,2040664
kbpp4,2.0,1,0,TACGGTTTGGCGTTTATGAG,1,2027557
kbpp4,2.0,1,0,TACGCGCCTCCCGTTACGAG,1,2014965
kbpp4,2.0,1,0,TACCTTAGACTATCGACCAC,1,2049999
kbpp4,2.0,1,0,TACCTTAATAAGCCCACGTT,1,2079044
kbpp4,2.0,1,0,TACCAGGCGTACATAACTGC,1,2048170
kbpp4,2.0,1,0,TACCAGCATGGCCTAGCATT,1,2027858
kbpp4,2.0,1,0,TACAGCCGCTGTTCGTATCA,1,2032330
kbpp4,2.0,1,0,TACAATCGCAGGATTTACAG,1,2020005
kbpp4,2.0,1,0,TAATTGGGAGGCACGCAAAT,1,2085174
kbpp4,2.0,1,0,TAATGACCTGTTCTTACACT,1,2045277
kbpp4,2.0,1,0,TAATAGCCCAATATTCGAGT,1,2080947
kbpp4,2.0,1,0,TAATACATTTCCGCAGGTCA,1,2062721
kbpp4,2.0,1,0,TAAGTGCTTGGAACTGATTT,1,2045577
kbpp4,2.0,1,0,TAAGTACTCAGTTTTGAATG,1,2070697
kbpp4,2.0,1,0,TAAGGTCGTTCTGCTCCCTG,1,2024051
kbpp4,2.0,1,0,TAACAGAAACTGAACACGGC,1,2041446
kbpp4,2.0,1,0,GTTTTTTCATCTGTCGGCAT,1,2032242
kbpp4,2.0,1,0,GTTTTTAGCACGGGGCATGT,1,2032937
kbpp4,2.0,1,0,GTTTGTACGTTTATTGCATT,1,2015154
kbpp4,2.0,1,0,GTTTGCGGCCGGCTAGTCGT,1,2020469
kbpp4,2.0,1,0,GTTTCAAGGCCCGGTTCCCC,1,2033606
kbpp4,2.0,1,0,GTTTACGTGTCGAGGAAAGG,1,2078640
kbpp4,2.0,1,0,GTTGGCATTCCCGCCAGCCG,1,2060252
kbpp4,2.0,1,0,GTTCACTGGTGGATGGTACC,1,2017224
kbpp4,2.0,1,0,GTTCAATTCCAGGCGCTTAC,1,2066274
kbpp4,2.0,1,0,GTGTTGGTATATGCGTAGCC,1,2054295
kbpp4,2.0,1,0,GTGTGAAAGTGGGGCCTCCT,1,2044527
kbpp4,2.0,1,0,GTGTCCGAAGCACCACTAGG,1,2046622
kbpp4,2.0,1,0,GTGTATCCAATTACTCTGTT,1,2053429
kbpp4,2.0,1,0,GTGGGATCGATTCCGCTACC,1,2067467
kbpp4,2.0,1,0,GTGCATCACGAACACATAGA,1,2073441
kbpp4,2.0,1,0,GTGAGTCCCCTCGAAAGATA,1,2077634
kbpp4,2.0,1,0,GTGAGGCCAACTCCAGATGC,1,2078431
kbpp4,2.0,1,0,GTGAGCTGTGCGACGTATAG,1,2048218
kbpp4,2.0,1,0,GTGAGCGGAACCTCGTGATG,1,2081542
kbpp4,2.0,1,0,GTGAACGGCCCATCTGACAT,1,2075882
kbpp4,2.0,1,0,GTGAACCAACTTTGCGGCCC,1,2027401
kbpp4,2.0,1,0,GTCTGTTGGACTATACAGCT,1,2065998
kbpp4,2.0,1,0,GTCTGTCGGGAAGGTAGCTC,1,2076284
kbpp4,2.0,1,0,GTCTCCAGCCAGTCTCGAGC,1,2025814
kbpp4,2.0,1,0,GTCGCTACTTTAAGCTGATA,1,2065561
kbpp4,2.0,1,0,GTCGCGTCTGATTAGCAGCA,1,2048164
kbpp4,2.0,1,0,GTCCGTCTAAGTAAATAAGG,1,2029750
kbpp4,2.0,1,0,GTCCGGGCTGAAAGCTACCA,1,2065437
kbpp4,2.0,1,0,GTCCGAGCCCACTACGTCGC,1,2081276
kbpp4,2.0,1,0,GTCCCGAAGATTCCATGGTA,1,2074438
kbpp4,2.0,1,0,GTCCACGACCGATTTATACC,1,2048252
kbpp4,2.0,1,0,GTCCACCACGTCGATGCAGC,1,2072023
kbpp4,2.0,1,0,GTCATGGGGAATTCGTCCAT,1,2065304
kbpp4,2.0,1,0,GTCACGGCATGCATGTGGAT,1,2038291
kbpp4,2.0,1,0,GTCAATTTTCCATAAGTAAT,1,2031407
kbpp4,2.0,1,0,GTATTCTCGGAGTGTATCGG,1,2076143
kbpp4,2.0,1,0,GTAGCAACCGCATGGGTGGT,1,2030886
kbpp4,2.0,1,0,GTAGCAACCGCACCCTGGTT,1,2020027
kbpp4,2.0,1,0,GTACGTGTGTAGACCCATAT,1,2021461
kbpp4,2.0,1,0,GTACATTATCGCCAGCCACG,1,2082842
kbpp4,2.0,1,0,GTACAAGACGGGTAGTTCGT,1,2059701
kbpp4,2.0,1,0,GTAATCAGCAGTCCGGAGGC,1,2082722
kbpp4,2.0,1,0,GTAATACCGCATGCCTTTGC,1,2031898
kbpp4,2.0,1,0,GTAAGTACGCGGGATCACTT,1,2078868
kbpp4,2.0,1,0,GTAACTCTGGCCATAAAAAG,1,2060525
kbpp4,2.0,1,0,GTAACGGTGATCCTCCCGGT,1,2018907
kbpp4,2.0,1,0,GGTTTCGGCCAGTCAAACAA,1,2084286
kbpp4,2.0,1,0,GGTTTCATGAGAATGGTGTT,1,2081748
kbpp4,2.0,1,0,GGTTCTGTGTGAGCCTCGGT,1,2050709
kbpp4,2.0,1,0,GGTTATCAATTCTCCGTAGT,1,2035858
kbpp4,2.0,1,0,GGTTAAACTGAGCACAAACT,1,2073682
kbpp4,2.0,1,0,GGTGTGCATGCAATTTATAG,1,2057342
kbpp4,2.0,1,0,GGTGCTGGATCGCTTCGCCT,1,2022370
kbpp4,2.0,1,0,GGTGACACCTATCAAAGTAA,1,2057775
kbpp4,2.0,1,0,GGTCTTGTCAATTTCAATTC,1,2063587
kbpp4,2.0,1,0,GGTCGGCGGCCCGAAAGGAA,1,2081609
kbpp4,2.0,1,0,GGTCGCACAAAGAGCATACA,1,2048451
kbpp4,2.0,1,0,GGTACTATTTACCAAGCCCC,1,2041283
kbpp4,2.0,1,0,GGGTTTACGAAGCAATTTAG,1,2050296
kbpp4,2.0,1,0,GGGTATCGAAAACTCTACAT,1,2050669
kbpp4,2.0,1,0,GGGGGCTCAGAGATCCATGT,1,2038637
kbpp4,2.0,1,0,GGGGGCCTACCGATTTGATA,1,2067458
kbpp4,2.0,1,0,GGGCTTAAGTAGTGCAGGTG,1,2028088
kbpp4,2.0,1,0,GGGCGAAGACTGAAGTTCAC,1,2040670
kbpp4,2.0,1,0,GGGCCGAATCGTTTTAACTC,1,2016624
kbpp4,2.0,1,0,GGGAGATCTCGCTGCCGCTG,1,2034332
kbpp4,2.0,1,0,GGGAAGTCGTCGTCATAAGA,1,2084722
kbpp4,2.0,1,0,GGGAAGGGACGGTATCCAAA,1,2055875
kbpp4,2.0,1,0,GGCTTTTGGGACCCATGGCG,1,2084799
kbpp4,2.0,1,0,GGCTTAGCTGCCGGTGACAT,1,2049009
kbpp4,2.0,1,0,GGCTGTTTTTCGATACCAGC,1,2065076
kbpp4,2.0,1,0,GGCTGTCGGCCTGGCCTATG,1,2075972
kbpp4,2.0,1,0,GGCGGGGTTAGTAGAGCAGT,1,2025430
kbpp4,2.0,1,0,GGCGGAACCTAGGTCGCGAT,1,2046005
kbpp4,2.0,1,0,GGCGCTCATTACCGCTTAGC,1,2060822
kbpp4,2.0,1,0,GGCGCCTCTCGGCGAGTATG,1,2017054
kbpp4,2.0,1,0,GGCGCCCTTGAATCGAAGTA,1,2016694
kbpp4,2.0,1,0,GGCGAGGGTTCGTCCCTTTT,1,2024258
kbpp4,2.0,1,0,GGCCTGGCTCCACCAATGAC,1,2025230
kbpp4,2.0,1,0,GGCCTGCATAGCTAATAATA,1,2079756
kbpp4,2.0,1,0,GGCCCTGCAGAACACAAATG,1,2066867
kbpp4,2.0,1,0,GGCCCCTCCCTTCCAGATAA,1,2037718
kbpp4,2.0,1,0,GGCAGTTCTCGGATGAGGAG,1,2014931
kbpp4,2.0,1,0,GGCAGATGGGCGCGTGAGTG,1,2083256
kbpp4,2.0,1,0,GGCACGTTACAAGTGAAAGG,1,2049581
kbpp4,2.0,1,0,GGCAAGTAAGTCACTGTGCG,1,2045998
kbpp4,2.0,1,0,GGCAAATGTAAGCTCGCCCC,1,2054740
kbpp4,2.0,1,0,GGATTGGCATGCACCCAATT,1,2023479
kbpp4,2.0,1,0,GGATGTTCTCCAACATGTAC,1,2081485
kbpp4,2.0,1,0,GGAGGAAGTGGTCTATGGTA,1,2076944
kbpp4,2.0,1,0,GGAGCTTGGCTCACTACGGT,1,2044398
kbpp4,2.0,1,0,GGAGCTCTGAACCTCGGGTG,1,2047493
kbpp4,2.0,1,0,GGACGACTGTTACGGAGTGT,1,2053947
kbpp4,2.0,1,0,GGACCAATAGAACCTATAAA,1,2025358
kbpp4,2.0,1,0,GGACATGACTTCGCATAACG,1,2080584
kbpp4,2.0,1,0,GGAAGGGTATCGTCATGGGA,1,2035193
kbpp4,2.0,1,0,GGAAATGACGGCGCTATGCT,1,2040138
kbpp4,2.0,1,0,GCTTGAACCTATGCCATCTG,1,2032456
kbpp4,2.0,1,0,GCTCGTTTAGCACAGTTAGC,1,2047320
kbpp4,2.0,1,0,GCTCATTGTGGCAGACAATA,1,2042122
kbpp4,2.0,1,0,GCTCATACCGGATATTCTCA,1,2047631
kbpp4,2.0,1,0,GCTATTGTGGCAAACATGAA,1,2026620
kbpp4,2.0,1,0,GCTATAGAGGTCTGGGCTCA,1,2040579
kbpp4,2.0,1,0,GCTAAGCGGCCTTGAGGGTC,1,2015724
kbpp4,2.0,1,0,GCGTGCCCGAGGTCCCCGGC,1,2030914
kbpp4,2.0,1,0,GCGTCGGTAACCGGTGTGAG,1,2061118
kbpp4,2.0,1,0,GCGTCCGGGAATCCCCCGGT,1,2053439
kbpp4,2.0,1,0,GCGTCCCGTCCGTGGTCACT,1,2072373
kbpp4,2.0,1,0,GCGTAGCACTATAGGAGGCA,1,2049197
kbpp4,2.0,1,0,GCGGTCGCGTTTACACGTCA,1,2033662
kbpp4,2.0,1,0,GCGCTCATTGAGCAGCGTCA,1,2083782
kbpp4,2.0,1,0,GCGCCATAGAAGTGGTTTCG,1,2069531
kbpp4,2.0,1,0,GCGAGGCGGTCTTATGAGTG,1,2082903
kbpp4,2.0,1,0,GCCTTGCTGAGTAAGTCTTC,1,2035530
kbpp4,2.0,1,0,GCCTCTAAATTTTAATTACT,1,2061945
kbpp4,2.0,1,0,GCCTCCCCACCGTCGCTGAG,1,2050024
kbpp4,2.0,1,0,GCCGTTCATATTGCACGGGA,1,2036742
kbpp4,2.0,1,0,GCCGGTTGCCTGACGTCTTG,1,2026949
kbpp4,2.0,1,0,GCCCTGATTCGACTGTGGCT,1,2072986
kbpp4,2.0,1,0,GCCCTAGTCTGCGTATTCGA,1,2055036
kbpp4,2.0,1,0,GCCCGAAATCGTCCTTTAAC,1,2059200
kbpp4,2.0,1,0,GCCACACGTGTTGTCCCCTA,1,2022019
kbpp4,2.0,1,0,GCATGACTGTTGGTCGGTCC,1,2061999
kbpp4,2.0,1,0,GCATGACTAACTTACATGAG,1,2063108
kbpp4,2.0,1,0,GCAGGGTCCTGCAGTCATGC,1,2037920
kbpp4,2.0,1,0,GCAGACCGGCTAAACTTGGT,1,2059074
kbpp4,2.0,1,0,GCACCGGCCACGAAGGAAAG,1,2019432
kbpp4,2.0,1,0,GCACATTTGGCGTAGTTACC,1,2027448
kbpp4,2.0,1,0,GCACATCCGTCTTTTGTGGC,1,2015079
kbpp4,2.0,1,0,GCAAGGATCAGGTGTCCAGG,1,2057579
kbpp4,2.0,1,0,GCAAGCAATCAAAGCACTTT,1,2069405
kbpp4,2.0,1,0,GCAACAGGCTCGATATTTAG,1,2015622
kbpp4,2.0,1,0,GATTGGTTCTAATTACGCGC,1,2048129
kbpp4,2.0,1,0,GATTGATACTAACGAACGCT,1,2080258
kbpp4,2.0,1,0,GATTGACCAATAGTTCACTA,1,2019319
kbpp4,2.0,1,0,GATTCCAGAGATACTGCCAA,1,2036467
kbpp4,2.0,1,0,GATGTTGTTACGCCCGGCAA,1,2078598
kbpp4,2.0,1,0,GATGAGGTTTGGTCGGGTAT,1,2034189
kbpp4,2.0,1,0,GATCTGTAGCTATGCAAGGC,1,2017296
kbpp4,2.0,1,0,GATCATCGTGTTCCCAGAGG,1,2043038
kbpp4,2.0,1,0,GATATATCTGTGAGCTAGAT,1,2030961
kbpp4,2.0,1,0,GATAATGGGGTCGGCTCGAA,1,2052426
kbpp4,2.0,1,0,GAGTGCGTAGTTCACGCCTT,1,2018658
kbpp4,2.0,1,0,GAGGTAGCGTAAAGCATCAA,1,2048774
kbpp4,2.0,1,0,GAGGCGACAAAGAATTTACA,1,2035049
kbpp4,2.0,1,0,GAGGATGGATCCGGGGCTAT,1,2085635
kbpp4,2.0,1,0,GAGGACGATGGTACGATACA,1,2016256
kbpp4,2.0,1,0,GAGCTGGTTATTGCGAGTAC,1,2063321
kbpp4,2.0,1,0,GAGCCGTTAGGCTGTGTGCA,1,2014609
kbpp4,2.0,1,0,GACGGGTTTAGGATACGGGG,1,2048563
kbpp4,2.0,1,0,GACGGGACTACTCACCGTTC,1,2065421
kbpp4,2.0,1,0,GACGATTGGTCCCTCTACGT,1,2055319
kbpp4,2.0,1,0,GACCTAAAGGATGCAAGGTA,1,2066122
kbpp4,2.0,1,0,GACCGGCTCTGTTCCGGGAG,1,2036654
kbpp4,2.0,1,0,GACCGCCCTCACATCGCTTT,1,2079877
kbpp4,2.0,1,0,GACCCAAGTAGTTCCGTAAT,1,2054063
kbpp4,2.0,1,0,GAATTATAGCCACCAAAGGT,1,2076668
kbpp4,2.0,1,0,GAATCTTATAATAAGGGCAA,1,2049355
kbpp4,2.0,1,0,GAATAAACGGCTTGAACTCC,1,2020439
kbpp4,2.0,1,0,GAAGTCAGGATATCTACCTC,1,2024266
kbpp4,2.0,1,0,GAACATGCCGACACAGACTT,1,2026667
kbpp4,2.0,1,0,GAAAGAAATATAGTACGCAT,1,2077529
kbpp4,2.0,1,0,GAAACTACAATTCGATCTAA,1,2040711
kbpp4,2.0,1,0,CTTTCGCTAGGTCCCCTTGA,1,2078024
kbpp4,2.0,1,0,CTTTAGTGCATATTGCTACC,1,2033999
kbpp4,2.0,1,0,CTTGGTAACCCCACATTGGA,1,2021073
kbpp4,2.0,1,0,CTTGAGGGACATCAGGCTTT,1,2047095
kbpp4,2.0,1,0,CTTGAGCCCGTCGAGAGGTA,1,2079708
kbpp4,2.0,1,0,CTTCCTTTATCGAAATTTTC,1,2076137
kbpp4,2.0,1,0,CTTAATCACGTTGCAAGGGT,1,2083079
kbpp4,2.0,1,0,CTTAAACCGGAGACTCCTGG,1,2045437
kbpp4,2.0,1,0,CTGTCGCATAGGACCACCAC,1,2019202
kbpp4,2.0,1,0,CTGGCGACACCCCATTATTA,1,2034714
kbpp4,2.0,1,0,CTGGCCGCAGAACCCGGGAT,1,2051335
kbpp4,2.0,1,0,CTGCGCGCGCTGGATTATCC,1,2030193
kbpp4,2.0,1,0,CTGATCTCATTCTGCGTTCC,1,2084077
kbpp4,2.0,1,0,CTGACTGATTCAATTTAGGA,1,2073243
kbpp4,2.0,1,0,CTCTTCTACGTGGTAGCTCA,1,2017880
kbpp4,2.0,1,0,CTCTCTGGAACAGATCTGAC,1,2077685
kbpp4,2.0,1,0,CTCGTGGCGCAGCGGTAAAC,1,2062953
kbpp4,2.0,1,0,CTCGGCAAATGCTTGAGTTC,1,2031675
kbpp4,2.0,1,0,CTCGGACATTTGAAACCTCA,1,2023778
kbpp4,2.0,1,0,CTCGCCGCTAGCCACTGACC,1,2072793
kbpp4,2.0,1,0,CTCGATGGTGTCGTCATACT,1,2084508
kbpp4,2.0,1,0,CTCCGCTTTTTGGGTGAGCA,1,2051016
kbpp4,2.0,1,0,CTCAATGTCCGTGTCGGTAA,1,2039245
kbpp4,2.0,1,0,CTCAAATCGGCAACTCATCA,1,2036736
kbpp4,2.0,1,0,CTATCTAGGGTAAGCGCAAC,1,2048391
kbpp4,2.0,1,0,CTATACTCTGGAGGAGACCT,1,2017471
kbpp4,2.0,1,0,CTAGTTTGATGGCATACTGA,1,2071254
kbpp4,2.0,1,0,CTAGCCGAGGTAGCATTTCT,1,2052544
kbpp4,2.0,1,0,CTAGCACTAACATCAGTCTT,1,2041326
kbpp4,2.0,1,0,CTACCTGGGCACCGCCTGCA,1,2075762
kbpp4,2.0,1,0,CTACCACCTGTCATCGGTAG,1,2032657
kbpp4,2.0,1,0,CTACACCAGGGATTACAGAA,1,2044614
kbpp4,2.0,1,0,CTACAATTTTTTAAGGCTAG,1,2069052
kbpp4,2.0,1,0,CTAATTTGCTCAACGACGAG,1,2074991
kbpp4,2.0,1,0,CTAACTGGTCTCGCCTTTCA,1,2077711
kbpp4,2.0,1,0,CTAACGGTTAACAGAATAGC,1,2060343
kbpp4,2.0,1,0,CTAACAAGGTGGGCGATTCC,1,2026979
kbpp4,2.0,1,0,CTAAACGTAGCTCCGGTTTC,1,2068071
kbpp4,2.0,1,0,CGTTTCGCAAGCGAGTGAAG,1,2018444
kbpp4,2.0,1,0,CGTGGGCGGCGTTATTGCGT,1,2051666
kbpp4,2.0,1,0,CGTGGACCGCCCACGGGGTA,1,2060365
kbpp4,2.0,1,0,CGTCGTGACATCCCCAGAGC,1,2016637
kbpp4,2.0,1,0,CGTCCTTTCCTCACTCGGAA,1,2016188
kbpp4,2.0,1,0,CGTCCGAGGTAGCCCGACCC,1,2061845
kbpp4,2.0,1,0,CGTCAGACTCGTTAATTCAG,1,2022288
kbpp4,2.0,1,0,CGTAATTCAGCGCATGAGTA,1,2034828
kbpp4,2.0,1,0,CGTAAGAAATGCGTACGAGT,1,2047870
kbpp4,2.0,1,0,CGTAACTTAGGGATAGCGTG,1,2082953
kbpp4,2.0,1,0,CGGTTTGTACTATTCACAGG,1,2033596
kbpp4,2.0,1,0,CGGTTATTTTGGGAATCATC,1,2027480
kbpp4,2.0,1,0,CGGTGTAACGAATGTACATA,1,2074205
kbpp4,2.0,1,0,CGGTCAAACTTGGTAACCGA,1,2038515
kbpp4,2.0,1,0,CGGGTGCTGTAACGGCTGTG,1,2020845
kbpp4,2.0,1,0,CGGGTGCGGTCAAGACTTGG,1,2026273
kbpp4,2.0,1,0,CGGGTGACCGTGAAGAATTA,1,2082414
kbpp4,2.0,1,0,CGGGTACCAAATAACAGTTG,1,2031983
kbpp4,2.0,1,0,CGGGGCTGTATGAGCAACTT,1,2079557
kbpp4,2.0,1,0,CGGGGCTCCCCATCAACAAG,1,2030707
kbpp4,2.0,1,0,CGGGCTTCAGGCCCTCAACC,1,2022600
kbpp4,2.0,1,0,CGGCCCCTCACACCCTCAGA,1,2054302
kbpp4,2.0,1,0,CGGCAGAAACCTTGGCCACG,1,2052086
kbpp4,2.0,1,0,CGGCACTATTTCCGCGTGCT,1,2040815
kbpp4,2.0,1,0,CGGATTCGGTGGCGCTTTTG,1,2043432
kbpp4,2.0,1,0,CGGATCGGGGGCGTTCTTGG,1,2071146
kbpp4,2.0,1,0,CGGACTCCCTAGATTTTCTT,1,2020219
kbpp4,2.0,1,0,CGGACCCATTGCGGGAACTG,1,2071133
kbpp4,2.0,1,0,CGGACACCAGACCAAGGCTA,1,2084512
kbpp4,2.0,1,0,CGGAAGTGGATATTAATTGG,1,2072999
kbpp4,2.0,1,0,CGGAAGCAATAGCGAGTTAG,1,2046024
kbpp4,2.0,1,0,CGCTTCCGCCTTGTAATGAA,1,2017159
kbpp4,2.0,1,0,CGCTTAACTATGAGGGGAGA,1,2059915
kbpp4,2.0,1,0,CGCTGTCGAGCGAGCACATG,1,2058468
kbpp4,2.0,1,0,CGCTGCTAAAGAATGCCGGA,1,2083437
kbpp4,2.0,1,0,CGCTCATGCCACATGGTCTC,1,2073896
kbpp4,2.0,1,0,CGCGTGGCCAAGGACTTAAG,1,2052457
kbpp4,2.0,1,0,CGCGACGGAGTGTTGCTGGT,1,2050417
kbpp4,2.0,1,0,CGCGAAATGATTGAAAAGTG,1,2082279
kbpp4,2.0,1,0,CGCCATCGGGTCCCCCCTGC,1,2059796
kbpp4,2.0,1,0,CGCCACTCAGGAACTCGGTG,1,2065021
kbpp4,2.0,1,0,CGCATCATCTGTTCCTTGTG,1,2050079
kbpp4,2.0,1,0,CGCAGCAGTTGTGTGTTCTA,1,2014556
kbpp4,2.0,1,0,CGCAATCCTAAGAAGGTCTA,1,2072002
kbpp4,2.0,1,0,CGATTCCCCGCCGTAAGCAG,1,2049818
kbpp4,2.0,1,0,CGATCCATTTCCTACAATAC,1,2079458
kbpp4,2.0,1,0,CGATCATATTGTACGATAGT,1,2062311
kbpp4,2.0,1,0,CGAGTCTCATCGCGAGTTCA,1,2074165
kbpp4,2.0,1,0,CGAGGGTGAGTTCTCTGTGA,1,2054563
kbpp4,2.0,1,0,CGAGGGTCCGGCTTGGTGGA,1,2058024
kbpp4,2.0,1,0,CGAGGGCGGGTCGGGGTATT,1,2078643
kbpp4,2.0,1,0,CGAGGGATCTTTGTAATCTC,1,2068506
kbpp4,2.0,1,0,CGACTCGGCCAATATCGGCG,1,2043883
kbpp4,2.0,1,0,CGACGCTTGAACCTCACGAT,1,2032097
kbpp4,2.0,1,0,CGACCTGCGATCCAAGTCCT,1,2049782
kbpp4,2.0,1,0,CGAAACGCCGTGTTCCAACT,1,2074688
kbpp4,2.0,1,0,CCTTCGGGTGGAACAATCAG,1,2049313
kbpp4,2.0,1,0,CCTTATCGGGGTCTCGCCAG,1,2019733
kbpp4,2.0,1,0,CCTTAAGAGATGATCAAGTA,1,2081330
kbpp4,2.0,1,0,CCTGCAGTGAGCTCTGTTTC,1,2022461
kbpp4,2.0,1,0,CCTGACGCGACAAAGCTGTG,1,2028825
kbpp4,2.0,1,0,CCTCCGATGATGGTGAAGTA,1,2083219
kbpp4,2.0,1,0,CCTCACCAGCCCACAGTTAT,1,2043556
kbpp4,2.0,1,0,CCGTTCGCCCCCACAGATTC,1,2020115
kbpp4,2.0,1,0,CCGTATGCCTAGGCAGAAAG,1,2053375
kbpp4,2.0,1,0,CCGTACGGGCGCGATCGGCT,1,2030570
kbpp4,2.0,1,0,CCGTACAAATCATCGATCTC,1,2068246
kbpp4,2.0,1,0,CCGGGGTCCGCCTAGTCCTT,1,2031602
kbpp4,2.0,1,0,CCGGCTGGAGTCCTCTGCTG,1,2037827
kbpp4,2.0,1,0,CCGGAGCTACCCCCTGGGTG,1,2017526
kbpp4,2.0,1,0,CCGCGGAAGCTAAAGAACCC,1,2029455
kbpp4,2.0,1,0,CCGCGATATCAGGTAATTTC,1,2017725
kbpp4,2.0,1,0,CCGATGAGGTAGGACATAAA,1,2024044
kbpp4,2.0,1,0,CCGAGCTCCGATACAAGTGC,1,2042551
kbpp4,2.0,1,0,CCGACGGTAGGGAAGTGCCA,1,2051045
kbpp4,2.0,1,0,CCGAAAGTCACTGATCGCGC,1,2040320
kbpp4,2.0,1,0,CCCTCTATTCGGTTGACTGC,1,2015347
kbpp4,2.0,1,0,CCCTATTCTGTAGGTACTTT,1,2019409
kbpp4,2.0,1,0,CCCTAGTTCGATGACGCATA,1,2055970
kbpp4,2.0,1,0,CCCTACGTTCTACAGCAAAC,1,2062798
kbpp4,2.0,1,0,CCCGGATCCTACAGCCTAAC,1,2049566
kbpp4,2.0,1,0,CCCGCAATATTACGTAGGCA,1,2031668
kbpp4,2.0,1,0,CCCGACGAAAACTAGGCCGA,1,2076159
kbpp4,2.0,1,0,CCCGACATGTGTTGTGTGTC,1,2022614
kbpp4,2.0,1,0,CCCCATAACGATCATGATGA,1,2039609
kbpp4,2.0,1,0,CCCCAGGTTAGCAAAGCAGC,1,2062646
kbpp4,2.0,1,0,CCCATCTATTCCCGAACACT,1,2054606
kbpp4,2.0,1,0,CCATACCCCAGTAACATATG,1,2053499
kbpp4,2.0,1,0,CCAGCTAAGCGTATAAGTCT,1,2053081
kbpp4,2.0,1,0,CCAGCATTTCGGCAGGCTCC,1,2069189
kbpp4,2.0,1,0,CCAGCACAAACAGGAGTGGG,1,2055049
kbpp4,2.0,1,0,CCACGAACTGAACTAACGCT,1,2082459
kbpp4,2.0,1,0,CCACCTACTTAGGTGGATTT,1,2043007
kbpp4,2.0,1,0,CCACAGTCTCCGACGCTACT,1,2052964
kbpp4,2.0,1,0,CCAATGACTTGACACTTCTG,1,2060011
kbpp4,2.0,1,0,CCAACTGACCCCTGCGACGG,1,2043295
kbpp4,2.0,1,0,CATTACCAAGCTTATGCGTC,1,2077021
kbpp4,2.0,1,0,CATGCCGTACGTCCCCCTCT,1,2054935
kbpp4,2.0,1,0,CATCGGAAATCGGTCTATTA,1,2078224
kbpp4,2.0,1,0,CATATTAATGAGAGCCCTCA,1,2070554
kbpp4,2.0,1,0,CATATGTGGAAAAAGTCTAA,1,2071841
kbpp4,2.0,1,0,CATATAGAGCGAGTCCGTGA,1,2076365
kbpp4,2.0,1,0,CATACCGCGCTGCTTTCATT,1,2080405
kbpp4,2.0,1,0,CATAAGTTTCGAGTCTCGCA,1,2050377
kbpp4,2.0,1,0,CATAAATAGGCCTCTACCGC,1,2034012
kbpp4,2.0,1,0,CAGTTTTACGTACAGTAATA,1,2028015
kbpp4,2.0,1,0,CAGTGTGAGCACTCTCTCAA,1,2076164
kbpp4,2.0,1,0,CAGGTGACAGGACGCGCAGC,1,2031187
kbpp4,2.0,1,0,CAGGGATACAGGTTTGGTTG,1,2036696
kbpp4,2.0,1,0,CAGGCGGTCAACCTGGGGAG,1,2060316
kbpp4,2.0,1,0,CAGGATGTTCCAGGGGCGAT,1,2017278
kbpp4,2.0,1,0,CAGGACGCACCGGTCAGGCA,1,2042137
kbpp4,2.0,1,0,CAGGAACTGGCAGGACAATT,1,2050198
kbpp4,2.0,1,0,CAGCTATCCGCCGTGATAAG,1,2020972
kbpp4,2.0,1,0,CAGCCGTTACCTCTACGATT,1,2061016
kbpp4,2.0,1,0,CAGCCGCAGTAAATTCCCCC,1,2051792
kbpp4,2.0,1,0,CAGCAGGAGATTTCGTGTGG,1,2042413
kbpp4,2.0,1,0,CAGAGTCGTACGCCGCAAGC,1,2020159
kbpp4,2.0,1,0,CAGACCCCCTTCTCCTGTCT,1,2032459
kbpp4,2.0,1,0,CAGACCCATCATCAGCTAGT,1,2022602
kbpp4,2.0,1,0,CACTGAGTTGGAATCCGCGT,1,2069283
kbpp4,2.0,1,0,CACCCGAGGCGAGGTACGTA,1,2073770
kbpp4,2.0,1,0,CACACTCCACACTTACAATT,1,2044766
kbpp4,2.0,1,0,CACAACGCCGAGCCAAAGGA,1,2030678
kbpp4,2.0,1,0,CAATTCCAACGAAAGCATGA,1,2018001
kbpp4,2.0,1,0,CAATATAATTGTGCACGCGT,1,2043841
kbpp4,2.0,1,0,CAAGTCAGCCCCGATTTATT,1,2021768
kbpp4,2.0,1,0,CAAGGCCGTCGGTCTTGTCC,1,2037781
kbpp4,2.0,1,0,CAAGAAGTATGCGAAGGGTG,1,2027235
kbpp4,2.0,1,0,CAAGAACATAACAAGCCCAT,1,2029744
kbpp4,2.0,1,0,CAACACATAGATAATCAGAC,1,2040633
kbpp4,2.0,1,0,CAAATGTGGGCAGGCCCTCA,1,2045396
kbpp4,2.0,1,0,ATTTTTCGAGCTGGTACTCC,1,2045980
kbpp4,2.0,1,0,ATTTTCGACGTGGATAAGAC,1,2044004
kbpp4,2.0,1,0,ATTTCGTGCTGAGTCGGTGA,1,2046473
kbpp4,2.0,1,0,ATTTCGCTTGTAAGATGTTG,1,2059518
kbpp4,2.0,1,0,ATTTCAACAACTGGTTTTAG,1,2057866
kbpp4,2.0,1,0,ATTGTGGATAATGTCGCTAA,1,2016634
kbpp4,2.0,1,0,ATTGGTGGATCGTTCCGGTG,1,2067983
kbpp4,2.0,1,0,ATTGGGTGGCCAGCCGTTAA,1,2063220
kbpp4,2.0,1,0,ATTCGGGTGACCCGGTTCTG,1,2047698
kbpp4,2.0,1,0,ATTCCCATATACGCCTTACA,1,2017218
kbpp4,2.0,1,0,ATTCCCAGCTGCCCTAAAAT,1,2040831
kbpp4,2.0,1,0,ATTCAACGATCAGCCGGTTT,1,2025449
kbpp4,2.0,1,0,ATTAGTTCTACTATAGTACA,1,2017101
kbpp4,2.0,1,0,ATTAGGGCAGGCCTCGCCTC,1,2041522
kbpp4,2.0,1,0,ATGGGCCTACTAGCAAGGAT,1,2043866
kbpp4,2.0,1,0,ATGCGTATGAGGGCTTCCTG,1,2037010
kbpp4,2.0,1,0,ATGCGCTCTTAATCGGAGAG,1,2066782
kbpp4,2.0,1,0,ATGCATCGCAACCACGGGGT,1,2051114
kbpp4,2.0,1,0,ATGATTCAATAGCGTGATCC,1,2016250
kbpp4,2.0,1,0,ATGAGGTTAGATCAGGAGTA,1,2017719
kbpp4,2.0,1,0,ATGAACCAATAACGAACAGC,1,2038975
kbpp4,2.0,1,0,ATCTTCTCAACTCGGCTAGT,1,2054188
kbpp4,2.0,1,0,ATCTATCCCAGCAGTAAGCA,1,2037734
kbpp4,2.0,1,0,ATCTACGATCCAGGACGATT,1,2054172
kbpp4,2.0,1,0,ATCTAATAAATTTTCCCCGC,1,2072655
kbpp4,2.0,1,0,ATCGGGTTTGCACGTTCTGT,1,2026384
kbpp4,2.0,1,0,ATCGACGGCGCCCGAAAAAC,1,2068004
kbpp4,2.0,1,0,ATCCTACTACTCCAGATCAA,1,2057523
kbpp4,2.0,1,0,ATCCGCAGGAAGAGTATGTT,1,2041132
kbpp4,2.0,1,0,ATCCCCGGTGGTATCTCTGT,1,2044359
kbpp4,2.0,1,0,ATCCCACGTCGCGAGGCCAG,1,2073776
kbpp4,2.0,1,0,ATCCATGCTTCCATCCGATC,1,2067995
kbpp4,2.0,1,0,ATCCACTACAGCTGGTCGTG,1,2014558
kbpp4,2.0,1,0,ATCAGGGTTGGGCCGATCTA,1,2021112
kbpp4,2.0,1,0,ATCAGCTGGGGGAGGCTATA,1,2039683
kbpp4,2.0,1,0,ATATGCGTTCCATACCGGAG,1,2040707
kbpp4,2.0,1,0,ATATCGCGGGCTACCTCTGG,1,2015472
kbpp4,2.0,1,0,ATATCGACAGCTGTATTTCA,1,2057012
kbpp4,2.0,1,0,ATATATTTTCGTATACAAGA,1,2025232
kbpp4,2.0,1,0,ATAGTTACCTCCTTAAACGA,1,2057028
kbpp4,2.0,1,0,ATACGCTTTCAGTCTCGATA,1,2079141
kbpp4,2.0,1,0,ATACCAAGCAACCTGCTTAG,1,2033766
kbpp4,2.0,1,0,ATAATAGTAGCGATGAGGTA,1,2033749
kbpp4,2.0,1,0,ATAACCTGGTTGACCGTGAA,1,2053207
kbpp4,2.0,1,0,ATAACAAGAATTTGAAGTCT,1,2062098
kbpp4,2.0,1,0,ATAAATACAATCGTAACGCT,1,2025963
kbpp4,2.0,1,0,AGTTCTGGGAGTTTTCGTTT,1,2071066
kbpp4,2.0,1,0,AGTTCTGCCACACGCAATGT,1,2061243
kbpp4,2.0,1,0,AGTTCATGGTCACCGGCGGG,1,2031185
kbpp4,2.0,1,0,AGTGGTGGTTACAATCTTGT,1,2017883
kbpp4,2.0,1,0,AGTGGGTTTTCCGCGGTCTG,1,2024207
kbpp4,2.0,1,0,AGTGCGCGCCCCTGAATACT,1,2018847
kbpp4,2.0,1,0,AGTCTCCGCAACGTATCATT,1,2079879
kbpp4,2.0,1,0,AGTCGGAGAATTGCGGTCCA,1,2081756
kbpp4,2.0,1,0,AGTCAATTGGCCGAAGAGCT,1,2051843
kbpp4,2.0,1,0,AGTATTCCATCAGATTTTTT,1,2039798
kbpp4,2.0,1,0,AGTATGCGGACTTAAGGGGT,1,2068000
kbpp4,2.0,1,0,AGTACGTTATGACAGAGTGT,1,2031165
kbpp4,2.0,1,0,AGGTGGGGGGGGAATGCCCT,1,2018546
kbpp4,2.0,1,0,AGGTGCACCAGGTCCGACAG,1,2030290
kbpp4,2.0,1,0,AGGTCGCGCAAGTTCGGGAA,1,2071152
kbpp4,2.0,1,0,AGGGCTGGCAGGTATCACTG,1,2059451
kbpp4,2.0,1,0,AGGGAGCTCAATCGCGTTGC,1,2074188
kbpp4,2.0,1,0,AGGCGGGATATGAGTAAATC,1,2077349
kbpp4,2.0,1,0,AGGCACGCAGCTATCGGGTA,1,2054202
kbpp4,2.0,1,0,AGGAATCAATAGTGAGCAGT,1,2031654
kbpp4,2.0,1,0,AGCTAGCTCTGAGGTAAGGA,1,2024579
kbpp4,2.0,1,0,AGCGCTCATCTGACGGATCA,1,2064108
kbpp4,2.0,1,0,AGCGCCCTTCCAGCCATGCA,1,2061406
kbpp4,2.0,1,0,AGCCGGCTACGTCGTGGATA,1,2033834
kbpp4,2.0,1,0,AGAGTTCTGGAGTCCTGGTA,1,2030654
kbpp4,2.0,1,0,AGAGTAGAAAAAATAACATG,1,2071126
kbpp4,2.0,1,0,AGAGGCGGGCGGTCCAACGG,1,2071253
kbpp4,2.0,1,0,AGAGGATACAGGAGATGATC,1,2060514
kbpp4,2.0,1,0,AGACCCAGACCAGTATTGTA,1,2068008
kbpp4,2.0,1,0,AGACAGAAATGAACTTCCAC,1,2054125
kbpp4,2.0,1,0,AGAATGCAATCACCTAGAGC,1,2016723
kbpp4,2.0,1,0,ACTTGGGGGGTCAACGACGA,1,2072605
kbpp4,2.0,1,0,ACTTCGAGCATTGCGACCTC,1,2050026
kbpp4,2.0,1,0,ACTTATGTAAAGTCGCTCTG,1,2042030
kbpp4,2.0,1,0,ACTGCCGGTAATCTCTCAGC,1,2063574
kbpp4,2.0,1,0,ACTGATCTGCGTTTTCGCGC,1,2057227
kbpp4,2.0,1,0,ACTGAGGGTTGGATCAACGC,1,2065153
kbpp4,2.0,1,0,ACTGAGAAAGGGCAGTTCCT,1,2063696
kbpp4,2.0,1,0,ACTCTTCCATTAAGCGCGCA,1,2066362
kbpp4,2.0,1,0,ACTCGATGTAAGCTGACGAA,1,2078028
kbpp4,2.0,1,0,ACTCCCCTACGCAAGAGTTA,1,2021883
kbpp4,2.0,1,0,ACTCCACCCACCCGTAGATC,1,2058823
kbpp4,2.0,1,0,ACGTTCTATGAGATGAGTAG,1,2048809
kbpp4,2.0,1,0,ACGTTAGACATTGATGCACC,1,2057484
kbpp4,2.0,1,0,ACGTGAAGAGGTACCCGCCG,1,2028223
kbpp4,2.0,1,0,ACGTCGAGCCCCTTTACGCT,1,2064762
kbpp4,2.0,1,0,ACGGTCGGTCCCTTAGACGT,1,2066561
kbpp4,2.0,1,0,ACGGGACGCGGGTCCGGAAT,1,2048250
kbpp4,2.0,1,0,ACGGCTTTAGGTATCTGTGT,1,2019856
kbpp4,2.0,1,0,ACGCTGTGAGTGTGGGTATG,1,2054739
kbpp4,2.0,1,0,ACGCTGATTGCGTCTGCCTG,1,2070695
kbpp4,2.0,1,0,ACGCTCCGGGAAGGATTAAG,1,2033169
kbpp4,2.0,1,0,ACGCTACTAGGCTTTTCCCC,1,2045871
kbpp4,2.0,1,0,ACGATACAAGTCCCGACCGT,1,2028996
kbpp4,2.0,1,0,ACGAGGCCCGGGCAGTTCCT,1,2081369
kbpp4,2.0,1,0,ACCTTGATCATAATACTCCC,1,2017164
kbpp4,2.0,1,0,ACCTTACCGCGGGGGTGGGT,1,2053776
kbpp4,2.0,1,0,ACCTGTCGGCATGTGTTGTT,1,2059111
kbpp4,2.0,1,0,ACCTGCGCAAGCGGATTTAT,1,2028241
kbpp4,2.0,1,0,ACCTCACCCCATCTCAATTT,1,2077370
kbpp4,2.0,1,0,ACCTAATTTCACGCGTAACA,1,2041921
kbpp4,2.0,1,0,ACCGTCTCTAAGATCAGCGT,1,2027226
kbpp4,2.0,1,0,ACCGGTTTCTGATGTCCGGA,1,2025815
kbpp4,2.0,1,0,ACCGGGAAGGGAACCACGGT,1,2064930
kbpp4,2.0,1,0,ACCGCCTCCCCCTAGGATGT,1,2057390
kbpp4,2.0,1,0,ACCCTGTCGTTGGTCAGAGG,1,2052889
kbpp4,2.0,1,0,ACCCGGTAGTAGTGAAGGTA,1,2055867
kbpp4,2.0,1,0,ACCCGGGTTTGATCCGGCTC,1,2078265
kbpp4,2.0,1,0,ACCCCGTTCCGAAGTGTGAC,1,2077214
kbpp4,2.0,1,0,ACCAGAGTCCGTCGCGTTGA,1,2057889
kbpp4,2.0,1,0,ACCAGAACGAATTCGCGTTG,1,2075213
kbpp4,2.0,1,0,ACATGGGCTTACTGGATGTT,1,2049004
kbpp4,2.0,1,0,ACATGCGCGGCGTGCGTCCA,1,2019663
kbpp4,2.0,1,0,ACATGACCTTGTTGCTCGCC,1,2058793
kbpp4,2.0,1,0,ACATACTATCAGCGACCGCG,1,2041630
kbpp4,2.0,1,0,ACAATGCACGTCTAGCATAG,1,2031947
kbpp4,2.0,1,0,ACAATAATCTCAAATACTAA,1,2038260
kbpp4,2.0,1,0,ACAAGAGTCCTGAGTGCGCC,1,2062598
kbpp4,2.0,1,0,ACAACGGGAGGCCGGACACC,1,2069211
kbpp4,2.0,1,0,AATGATGGGTCTTTGCCAAA,1,2039477
kbpp4,2.0,1,0,AATGATCTATATTAGAATAC,1,2053005
kbpp4,2.0,1,0,AATCCCTGTGTAACCGGACC,1,2048811
kbpp4,2.0,1,0,AATATCGGCACCAGCGGGAG,1,2085222
kbpp4,2.0,1,0,AAGTTTTTGTCGCACGAACG,1,2036595
kbpp4,2.0,1,0,AAGTGTGACGCAAGACGGAG,1,2071906
kbpp4,2.0,1,0,AAGTCTCAACGGGGTACAAT,1,2030641
kbpp4,2.0,1,0,AAGTCCAGAAGGGAGAGGGT,1,2056342
kbpp4,2.0,1,0,AAGTATGTTGTTCCGTCTTT,1,2049307
kbpp4,2.0,1,0,AAGTAAGCATAGAGGTCCGT,1,2023523
kbpp4,2.0,1,0,AAGCTAGGTAGGAGGTAGTT,1,2075377
kbpp4,2.0,1,0,AAGCGCCGTTGGCCTACACG,1,2061405
kbpp4,2.0,1,0,AAGACCTAAAATTCAGGCGA,1,2045995
kbpp4,2.0,1,0,AAGAACGGGGGACTGAATCT,1,2023903
kbpp4,2.0,1,0,AACTTCGTGGTCGGAAGATT,1,2025076
kbpp4,2.0,1,0,AACTGGCGCGCCGCTAAGGA,1,2072707
kbpp4,2.0,1,0,AACTCGATATGCTAGATCAA,1,2024827
kbpp4,2.0,1,0,AACGTGGGTCAGTGTAGCGT,1,2021305
kbpp4,2.0,1,0,AACGGGACCTGTGGTTGACA,1,2057426
kbpp4,2.0,1,0,AACGGAATCATTGGCCTCTA,1,2057428
kbpp4,2.0,1,0,AACGCATAGCCCAAAGGAAA,1,2082941
kbpp4,2.0,1,0,AACCTCATTGCGTATCGAGG,1,2072593
kbpp4,2.0,1,0,AACCGTGGTAGGGTAGCTGT,1,2078242
kbpp4,2.0,1,0,AACATGGTAGTAGGGTCAGT,1,2017173
kbpp4,2.0,1,0,AACATCAGTCCGCAAGCAGG,1,2075355
kbpp4,2.0,1,0,AACATCAAGCCGGGTTGACC,1,2052332
kbpp4,2.0,1,0,AACAGACCCGGGAGTCCTGC,1,2028812
kbpp4,2.0,1,0,AACACCGCTCTCATTCATCG,1,2053997
kbpp4,2.0,1,0,AACACATTGTGCATTATAAA,1,2021835
kbpp4,2.0,1,0,AACACATAGAAATCATCACG,1,2084975
kbpp4,2.0,1,0,AACAACAACCACACTAGGAA,1,2027290
kbpp4,2.0,1,0,AAATCTAGGAAATTACGCTA,1,2026736
kbpp4,2.0,1,0,AAAGCTCGGTACCGGTGTTG,1,2031308
kbpp4,2.0,1,0,AAACTTGTATGAAAAACGTT,1,2015150
kbpp4,2.0,1,0,AAAATCTCACGTTTGAAACA,1,2069217
kbpp4,2.0,1,0,AAAATCGCAGGCCAACGTTA,1,2037811
