name,relative_counts,ct,ct_0,barcode,ct_1,barcode_ind
sohAp,0.4449520328917314,3161,2188,TCTAAGGCCAATGAATCTAC,973,3352227
sohAp,0.4519230769230769,149,103,ATTTCTCGCTGTTTACGGGT,46,3354731
sohAp,0.6082474226804123,154,96,GTCACGAGACAGTAAGCGCA,58,3337439
sohAp,4.271739130434782,483,91,ACATGCGCCTACCTAGAGGA,392,3344554
sohAp,1.3409090909090908,204,87,TGCCGGCCACACCCCTTCGA,117,3335228
sohAp,0.024096385542168676,83,82,TTACCCGGACTAACCGTTTA,1,3347613
sohAp,0.025,80,79,GCCTCGGAGGCCGTTAAAGG,1,3347759
sohAp,0.11392405063291139,86,78,TGGATGCGTTAGGGTTATTA,8,3338758
sohAp,1.896103896103896,221,76,TGGATTATTCTCTCCTTGCA,145,3333880
sohAp,1.3150684931506849,167,72,CCAATCGGAGAGCCATAGTT,95,3342467
sohAp,0.029411764705882353,68,67,TACTGGTACAGAAGGATGAG,1,3334896
sohAp,1.5820895522388059,171,66,CTTGCGAGCGTTGAAAAGGG,105,3343109
sohAp,4.3076923076923075,343,64,GCCAGCACCCATCGAGAGCT,279,3333962
sohAp,1.5538461538461539,164,64,CGCGGGGCGCGGGGCGTCCT,100,3341608
sohAp,1.796875,177,63,CACCTTGACTGGGTAGGTGC,114,3355319
sohAp,6.603174603174603,477,62,TCTGCCCTCGGTCTCTAATA,415,3357316
sohAp,0.06451612903225806,64,61,GTGGGGGCTGATGAACGCGC,3,3334298
sohAp,3.0,246,61,CAAGAGTACGAGGTTAGTGG,185,3343464
sohAp,2.3114754098360657,200,60,GAGCATGTAGCGTCGGTCTT,140,3342642
sohAp,0.5333333333333333,90,59,ATATCGTCGGCATGTGAAGC,31,3335703
sohAp,1.0677966101694916,120,58,CGTGTGAGGGAGGGTATTAA,62,3336616
sohAp,7.568965517241379,495,57,CGGAATGGGCCGTGACCCAC,438,3342297
sohAp,1.625,145,55,GGACAGCTCCTTGGACTCCG,90,3333837
sohAp,1.9636363636363636,161,54,TAACAGTTGAGCCTCTACGA,107,3337153
sohAp,0.037037037037037035,54,53,TGGGTATCGGTTATACAGAG,1,3344369
sohAp,5.814814814814815,366,53,ACAGAACCCGTGCTGGGGTA,313,3336760
sohAp,0.03773584905660377,53,52,CGGTTTTCCTAGCACGCTGC,1,3338287
sohAp,7.415094339622642,444,52,CGAACATGGTTGGGGTAAGC,392,3342354
sohAp,1.5769230769230769,132,51,GCGCGGTCTGTTCAACTCGA,81,3334633
sohAp,0.038461538461538464,52,51,CGAAGGTGGTACTACGTATG,1,3334207
sohAp,0.0784313725490196,53,50,TTAGACTCCACGACCGGTGA,3,3334198
sohAp,2.1176470588235294,157,50,TGGGTAAGGATATTGGACAC,107,3347027
sohAp,1.1764705882352942,109,50,GGATCCCGCGTATAGATCCA,59,3335598
sohAp,1.62,129,49,TTCGACCGGTTCAGACCCAC,80,3340252
sohAp,1.6326530612244898,127,48,GCAAATCTGTACCCGTCTTC,79,3334673
sohAp,1.836734693877551,137,48,CCGTTTTCGGCCGGACGGGT,89,3338532
sohAp,2.5208333333333335,167,47,AGGGCGCAGCACGAATCACT,120,3348839
sohAp,0.75,82,47,AGGAAGGACGATTTGTTAAT,35,3352659
sohAp,0.041666666666666664,48,47,ACGGTCTAGTATTCACCGAA,1,3347955
sohAp,1.5106382978723405,116,46,CGTAGATTCCGTGTACAGAG,70,3340199
sohAp,0.2127659574468085,55,46,AGATTTCAGCAGACAGGGCA,9,3333896
sohAp,4.595744680851064,261,46,AAGAGTGTTTAAAATCACAA,215,3344835
sohAp,0.043478260869565216,46,45,GTACCGCCCAACCAGCAGAT,1,3337667
sohAp,2.1777777777777776,141,44,GCTACGGAGTTATGGTTCTC,97,3345926
sohAp,0.044444444444444446,45,44,GCAGACTCTTGAAAAACGTT,1,3337812
sohAp,2.911111111111111,174,44,AGGGTGGGCGCCTGGTGTAT,130,3349722
sohAp,0.28888888888888886,56,44,ACACGAAAACCTTAGAGGTA,12,3355875
sohAp,2.9545454545454546,172,43,CCATATCATTTAGCTACTGA,129,3333978
sohAp,1.3409090909090908,101,43,CATCACAGGTAACAGGGAAA,58,3337357
sohAp,0.046511627906976744,43,42,GAGACCTACAGTCTCTAGAG,1,3339245
sohAp,1.3255813953488371,98,42,CGCACCCATTTAAACGTGTC,56,3350616
sohAp,3.116279069767442,175,42,CAGATTTACGGTGACACCCT,133,3338983
sohAp,2.2093023255813953,136,42,CACGTGCACGAGACCAGCTC,94,3343077
sohAp,2.5238095238095237,146,41,TGTGCTATGGTACATCGTTG,105,3343463
sohAp,0.5476190476190477,63,41,CACACAAAGCACCGACCTAT,22,3349883
sohAp,2.0,124,41,ATTTGCACAGGGGGCGTAAT,83,3335308
sohAp,2.3333333333333335,138,41,AAGTTCTATTATTAGTCAAA,97,3336268
sohAp,1.975609756097561,120,40,TACCCACGGAGGATGGGAGT,80,3348978
sohAp,0.04878048780487805,41,40,TAAAATCGGACCTATACATA,1,3335853
sohAp,2.4634146341463414,140,40,CGCCTCAGTACCGTGTACTC,100,3342716
sohAp,0.04878048780487805,41,40,CAACATATCGGCTGAGAAAG,1,3334803
sohAp,0.05,40,39,TTGAATCTAGGTACTTTTTT,1,3336771
sohAp,2.625,143,39,TTATCTAATCTCCTCGATGC,104,3335826
sohAp,5.15,244,39,TGTGCACCTCCGTCTGAGGC,205,3343396
sohAp,1.525,99,39,TGGGTGGACGTTAGGATTGA,60,3335245
sohAp,0.05,40,39,GCTCTGCGCCACAGGCTACT,1,3347789
sohAp,1.8,110,39,GATTAGTTTTGCATAGGTTT,71,3335290
sohAp,0.35,52,39,CATGAGCTCAGAGCATGGGT,13,3335629
sohAp,0.05128205128205128,39,38,TTAGACACACACAGAGATGA,1,3336543
sohAp,0.20512820512820512,45,38,GTTATCTGGAGACAGGGAGA,7,3340459
sohAp,0.05128205128205128,39,38,GTGGACAATGAGAGCACATT,1,3340157
sohAp,1.9743589743589745,114,38,GTAAACCGCAGGCGTGCTGA,76,3351792
sohAp,0.05128205128205128,39,38,CTTGTGCGATGCGGTCCATC,1,3337351
sohAp,0.05128205128205128,39,38,AAGAGATTGCCAAACAGTTT,1,3333798
sohAp,0.05263157894736842,38,37,CGGTCGTATTATCAAATGCA,1,3336149
sohAp,0.05263157894736842,38,37,CAGCGGGCAAGGCGCCAGAA,1,3334911
sohAp,0.05263157894736842,38,37,CACTGAACTGGGAACCGGAC,1,3337286
sohAp,2.3157894736842106,124,37,CACTCCACGTTTGCCAAGAA,87,3339743
sohAp,5.0,226,37,AGTCTACTGGTTACCAGTTC,189,3351267
sohAp,1.4864864864864864,90,36,CCAAGGCCCCTTTTGGCTAT,54,3335512
sohAp,0.05405405405405406,37,36,AGCTTGAGCTCAACTATGGG,1,3340665
sohAp,0.05405405405405406,37,36,ACATTTTATAGTGTGCGTTT,1,3338706
sohAp,3.7222222222222223,168,35,TGGACGCTAGCGGCTGCCCC,133,3339215
sohAp,3.5277777777777777,161,35,GCCGAGCGGGGCTCGCGCTG,126,3341694
sohAp,1.3333333333333333,82,35,CATGTTTCTGGGCGGCACAT,47,3355918
sohAp,3.5833333333333335,163,35,CACTCACGCGGTTATCGGGT,128,3354987
sohAp,6.833333333333333,280,35,AGAACTATAGTGGCTTAAAG,245,3346661
sohAp,3.257142857142857,147,34,GTGATGCAGCTACCGGGACG,113,3336678
sohAp,3.8857142857142857,169,34,GCCGAGAAGAGACAACCCAA,135,3359132
sohAp,1.3142857142857143,79,34,GCAAACGCCGAGGAGCTTCC,45,3351794
sohAp,0.6857142857142857,57,34,CGGCTTCAGACAGACCTCCT,23,3336309
sohAp,0.05714285714285714,35,34,CATGTTCCCGCTGTTGGCTC,1,3336422
sohAp,0.6857142857142857,57,34,AGGGCCGGTGTGTATCTCAT,23,3337350
sohAp,0.058823529411764705,34,33,TCTTCGATACTGCCGTGCAT,1,3337410
sohAp,5.264705882352941,211,33,TAGACACGGCGAACCTGGAC,178,3355061
sohAp,1.0294117647058822,67,33,GCACCGGATTTCCCCTGGCA,34,3339439
sohAp,2.8529411764705883,129,33,CGTCAAAGCCGGTTATTCGG,96,3334032
sohAp,1.1176470588235294,70,33,CGCATCAAGGACTCCCACCG,37,3339475
sohAp,7.647058823529412,292,33,CGAGAGGTACTCGGGAGCCA,259,3349471
sohAp,1.1176470588235294,70,33,CCCCGCTCTTGGTGTTGGCC,37,3350138
sohAp,0.058823529411764705,34,33,CAAAGGGCCGCTGTTTTTCG,1,3348640
sohAp,0.058823529411764705,34,33,AGGACATACTCCTCGGCTGG,1,3335931
sohAp,0.058823529411764705,34,33,AATTGGGAGAGTGAAAGAAT,1,3333945
sohAp,2.090909090909091,100,32,TATCCAGTTTGGGCTAACTA,68,3344878
sohAp,0.06060606060606061,33,32,GGGTGCCTCGGAGGGAGTGT,1,3334975
sohAp,6.7272727272727275,253,32,GCGACGAGAGCTACGCATTT,221,3355447
sohAp,2.696969696969697,120,32,GATCAAGTGTCTCCTTTAGG,88,3338220
sohAp,1.2424242424242424,72,32,CTATATGCCCAATCAACGGA,40,3347241
sohAp,0.06060606060606061,33,32,CGAAAGTTTCCGGCGTGGAG,1,3337193
sohAp,1.7878787878787878,90,32,ATCCGGCATGGATAAGGTTT,58,3338081
sohAp,0.7575757575757576,56,32,AGTATATCGGAATGATATGT,24,3339693
sohAp,14.909090909090908,523,32,ACTCAATTAGGAACAGTAAT,491,3343906
sohAp,1.6363636363636365,85,32,ACAGATTACCTTCAGAGGCA,53,3353613
sohAp,5.606060606060606,216,32,AATTGTACCGCCAAAGCCGT,184,3353787
sohAp,0.0625,32,31,TTTCTTTGTCGTGTCGTAGT,1,3348254
sohAp,0.0625,32,31,TGTGGGTGCGCATCAGGGAC,1,3335556
sohAp,1.03125,63,31,GGACTGACGAAAACTTCTTG,32,3335573
sohAp,3.09375,129,31,GAAGACGGTACACATAACAG,98,3333982
sohAp,3.375,138,31,CCTGAGGGGCCGGGTAACCC,107,3344009
sohAp,0.0625,32,31,ATTTACGCCGGTGTTGCTTT,1,3344998
sohAp,0.0625,32,31,ATCGTGTTTAAATGGGGCGA,1,3335780
sohAp,4.40625,171,31,AGCAATCTTGGTCTACCTTA,140,3335764
sohAp,2.65625,115,31,ACAGGTTCGGAGACCATGGA,84,3346281
sohAp,0.0625,32,31,AATTTGGATCATTCTGTGGA,1,3338793
sohAp,6.15625,227,31,AATTGTGCTTTTTTCATTGC,196,3346883
sohAp,2.032258064516129,92,30,TTCGCAAGTACGGATGCTCT,62,3355175
sohAp,0.06451612903225806,31,30,TCCTATTCGCAGGAAGGGTT,1,3338230
sohAp,0.0967741935483871,32,30,CCCACGACGTTCCCGTTCTT,2,3346037
sohAp,0.06451612903225806,31,30,CCAGTTGTCGGATGGAGGTA,1,3345400
sohAp,3.4516129032258065,136,30,CAACAAGGCATTAAACGGCT,106,3346005
sohAp,0.0967741935483871,32,30,ATGTATCCCCGACCTAGCCT,2,3336898
sohAp,4.129032258064516,157,30,AGTCTTATACTCACAATCTT,127,3338791
sohAp,2.3225806451612905,101,30,AGCCACACTATATTAAGTTT,71,3340128
sohAp,5.032258064516129,185,30,ACGACAAATTTCCGCGAATG,155,3344805
sohAp,6.166666666666667,213,29,TCCAGTTGAGGCTCATATAC,184,3340977
sohAp,4.4,160,29,TATCTCAACTCTGCGGGTCT,131,3335896
sohAp,6.866666666666666,234,29,TACACGGTAGAAAATGCCCT,205,3350282
sohAp,6.3,217,29,GACCAGTGTGTTGCCAGTGT,188,3335755
sohAp,2.1,91,29,CTTGTCACTTGTATTTTCTA,62,3334311
sohAp,0.9,55,29,CCATCTGTTGAATCGCCAAA,26,3339512
sohAp,8.033333333333333,269,29,ATGTCGTCATTAGGGATCTT,240,3334275
sohAp,2.7,109,29,AGGAGATCTTACATTACCTA,80,3347238
sohAp,2.533333333333333,104,29,ACTGGGCCTTACCGCAGCTA,75,3342965
sohAp,1.793103448275862,79,28,TATTTGTTTTGAATAAGCTA,51,3334085
sohAp,0.1724137931034483,32,28,CGCGAGTAGGGTATACTCCT,4,3336333
sohAp,0.06896551724137931,29,28,CGCAATGAGTGTTAGCGCTA,1,3343398
sohAp,7.586206896551724,247,28,AGGCCCACGCCATGCGATCT,219,3355206
sohAp,2.2758620689655173,93,28,AGGAGGAGAATTACTCCTGG,65,3336857
sohAp,1.206896551724138,62,28,AGCACTCCCGTGATATTCTA,34,3341828
sohAp,1.5714285714285714,70,27,TTTGCCGTTGTTCGACAAAA,43,3339779
sohAp,4.714285714285714,158,27,GGGGGACAACCCGCACGCCA,131,3358741
sohAp,0.07142857142857142,28,27,GGCCAGTTTACGGAGATCGT,1,3341282
sohAp,0.07142857142857142,28,27,GGATTCATCGTTTTGATGAG,1,3336137
sohAp,4.285714285714286,146,27,GCCGTACCCACTCGGATATT,119,3343699
sohAp,5.178571428571429,171,27,CGGTCCGAGATCGTGAGTCC,144,3352942
sohAp,0.07142857142857142,28,27,CGGAAATCCTCCGTGCCCTG,1,3338392
sohAp,0.07142857142857142,28,27,CGAGCTGGACACGGCCCTAT,1,3345091
sohAp,3.7142857142857144,130,27,CGAAGTTGGAGGTATAAGGC,103,3334593
sohAp,0.6785714285714286,45,27,ATGTGCGAATCCGACGGCCC,18,3347392
sohAp,0.07142857142857142,28,27,AGCTTGTCGTGGTTCTAAAC,1,3348123
sohAp,4.321428571428571,147,27,AGATCGATCGGAAAGTAAGG,120,3347322
sohAp,3.0714285714285716,112,27,AAGGCCCCAGTGTCATCTAG,85,3348755
sohAp,0.10714285714285714,29,27,AAGCTACGAAGGGAGCTCTC,2,3338807
sohAp,1.1428571428571428,58,27,AAAAGTCTCCTTCTAACATC,31,3352676
sohAp,3.5925925925925926,122,26,TTCAAATGCTAACTTCATGA,96,3337537
sohAp,6.666666666666667,205,26,TTATGCGTAAGCAGGTTGCA,179,3339002
sohAp,2.259259259259259,86,26,TTAGATACACGGTTCTGGAA,60,3341563
sohAp,3.037037037037037,107,26,TCGGCCCATTACCCGACTTG,81,3337390
sohAp,3.6296296296296298,123,26,GTTTATGGGTGAAGGGGTAA,97,3337960
sohAp,5.925925925925926,185,26,GCGCTCTTAAAAGTGGGTAC,159,3347790
sohAp,0.07407407407407407,27,26,GCGCCCCATACTTTGTCCGT,1,3338516
sohAp,3.4814814814814814,119,26,CTCTCAGGGGTGCCAATACG,93,3339781
sohAp,4.185185185185185,138,26,CGAGGCGATTAGCAAAATGT,112,3351495
sohAp,13.037037037037036,377,26,CCCCCTTTTGACTCGCATTT,351,3357045
sohAp,4.481481481481482,146,26,ATCGTTGTTTCAATCACGAA,120,3346282
sohAp,5.814814814814815,182,26,AGAGGAGGTGTGCTATCATG,156,3336466
sohAp,2.6666666666666665,97,26,AATAGCATTCGTTTGGGAGA,71,3353242
sohAp,9.814814814814815,290,26,AACGTATAAATTAGGGTCCT,264,3352487
sohAp,2.4615384615384617,88,25,TGAAACTAGCGGAAGTCACG,63,3337154
sohAp,0.07692307692307693,26,25,TCCGGCAGGTGTGCTAAATG,1,3346869
sohAp,0.07692307692307693,26,25,GGGGTTTAAAGGAGAACGAA,1,3349288
sohAp,0.07692307692307693,26,25,GCTGTCGCCCAGATGGTTCA,1,3347748
sohAp,0.07692307692307693,26,25,GCCGGTGGGCATGGCTCGTG,1,3355448
sohAp,4.5,141,25,GCCCGCTCCCTTGTGTGTTA,116,3342493
sohAp,3.769230769230769,122,25,GCCATGAGATATCAGAGGAG,97,3354985
sohAp,0.07692307692307693,26,25,CGCCGCCGGCAGGGTTACAT,1,3349523
sohAp,0.07692307692307693,26,25,CCAGCCGGTGGCCCTCGTAA,1,3346438
sohAp,0.15384615384615385,28,25,CCACAACAGGCGGGTCATCG,3,3344596
sohAp,0.07692307692307693,26,25,CACCGAGGGGACGTTCTCAG,1,3349726
sohAp,0.07692307692307693,26,25,ACTAAGAAGTTATATCGTTC,1,3335385
sohAp,3.12,101,24,TTTACGCGCTAGTGACACCA,77,3352761
sohAp,1.76,67,24,TTAGAGTCGGGTCATAAGTA,43,3343022
sohAp,4.8,143,24,TGTGGATTACTATACTAGCA,119,3357567
sohAp,4.6,138,24,TCCTCGCATTTACGTTAAAA,114,3350937
sohAp,5.0,148,24,GGCCCCCAAATACCCGGGCT,124,3339561
sohAp,0.08,25,24,GGACGTCTGGGGCGTGCTGT,1,3348766
sohAp,0.08,25,24,GCCCAATTGATGGCTCACTT,1,3340561
sohAp,8.84,244,24,GACACCGGCAAGACACGATA,220,3336634
sohAp,6.84,194,24,CTACCCGCCTTGACTGTAAG,170,3335640
sohAp,9.2,253,24,CCCTAGGGATCCTACGTAAA,229,3334126
sohAp,0.08,25,24,CCATGTGCTTGGCATGCACT,1,3340283
sohAp,0.08,25,24,CAGTCTATGACGGTCAGTCA,1,3351198
sohAp,0.08,25,24,CACGGGTAGTCATGGGCATA,1,3338330
sohAp,0.08,25,24,ACCGAGCTCCGGACTCTATC,1,3351376
sohAp,13.0,348,24,ACACGTGGCAGTGATCACGG,324,3351478
sohAp,3.1666666666666665,98,23,TTTAGTGACGTATGATATGT,75,3343660
sohAp,9.0,238,23,TTTAAATAACTCATTGCAAG,215,3335533
sohAp,0.08333333333333333,24,23,GTGGCCGAAGGTGGCAACCT,1,3335422
sohAp,5.708333333333333,159,23,GTCAGTGTGGGCGTCACTGT,136,3342329
sohAp,0.08333333333333333,24,23,GTAGCGTGGATAATGAAAAC,1,3356338
sohAp,0.08333333333333333,24,23,GGACTTGCGCAATAGTTGGA,1,3352048
sohAp,13.458333333333334,345,23,GCCACTTCGGGGGTTCACAT,322,3339097
sohAp,2.4583333333333335,81,23,GACTATTTCCGCTGATTGCG,58,3355974
sohAp,0.08333333333333333,24,23,GACGAGTCAATATGTAGTAC,1,3340375
sohAp,4.625,133,23,CTGGCCTAAGGATGTTGTTG,110,3344577
sohAp,5.125,145,23,CTGATTACGTCCTACTGCGG,122,3341445
sohAp,1.7083333333333333,63,23,CGCAAATATGATCCCGGTTA,40,3345522
sohAp,0.08333333333333333,24,23,ATTCTGCCTTCACAGACCAC,1,3335962
sohAp,2.875,91,23,AGTTTCAACGTTACTGTAGT,68,3356608
sohAp,0.08333333333333333,24,23,ACGTGTACTGATGCCATGTA,1,3336239
sohAp,2.4782608695652173,78,22,TGTAGGCATCCAGCAATTTT,56,3351522
sohAp,0.08695652173913043,23,22,GGAATTCTGGCCGATGAAAT,1,3340282
sohAp,3.739130434782609,107,22,GAAACACCAAGCTGTCGTGA,85,3355626
sohAp,2.9565217391304346,89,22,CTTGATCTACCTTAGTGTTT,67,3347267
sohAp,1.608695652173913,58,22,CTAACTAATCCCGATAGAGT,36,3345354
sohAp,4.086956521739131,115,22,CGGCTTGTATCGGGCTGTAC,93,3351148
sohAp,7.0,182,22,CCGAAAGACGTTGTTGACCT,160,3346870
sohAp,4.0,113,22,ATGGGGTTATCCGCGACATA,91,3333882
sohAp,7.260869565217392,188,22,ATAAAGTATTCGTTGCTGCC,166,3356837
sohAp,9.521739130434783,240,22,AGTATGTGAATGTCCAGCCT,218,3342105
sohAp,1.0,44,22,AAAAGGGGGTTGGGCGAACA,22,3338434
sohAp,5.0,130,21,TTCAACTACAGGAAGACACG,109,3348036
sohAp,2.5,75,21,TGTTAACGAGTGAATAGCCT,54,3337491
sohAp,0.09090909090909091,22,21,TCCGCGGCATTCTCCTAAGG,1,3340690
sohAp,0.09090909090909091,22,21,GTCAAGGGTGGTAACGTTAT,1,3356865
sohAp,4.181818181818182,112,21,GGCTCAACGGTGTCATGGGT,91,3339622
sohAp,0.09090909090909091,22,21,GGCGGATTGGTGCCTATCGT,1,3340010
sohAp,6.545454545454546,164,21,GGACATGATTATTAGGGCAA,143,3346035
sohAp,4.7272727272727275,124,21,GCCACCTCCGCTTCTTTTTA,103,3342740
sohAp,0.09090909090909091,22,21,CCCTTCCCGCTCATCTGATC,1,3346301
sohAp,3.9545454545454546,107,21,CATGGTGTCTCTGATTTGTC,86,3355207
sohAp,7.590909090909091,187,21,ACTCTTCTTCCGACCTATTG,166,3335163
sohAp,0.09090909090909091,22,21,ACATTAACCACCGTGTGGAA,1,3336308
sohAp,2.7142857142857144,76,20,TTGCGATTGTGATCTCGAAG,56,3334366
sohAp,2.5238095238095237,72,20,TTCTAAGCCCTCAAAGGCGG,52,3341576
sohAp,0.09523809523809523,21,20,TGCTCCGGTTCGCCTTCTAA,1,3335419
sohAp,2.380952380952381,69,20,TGAAAACGTGCGTTCTCCCG,49,3343400
sohAp,2.761904761904762,77,20,GGCTCAAACCTCAGAGGCCA,57,3343765
sohAp,5.0476190476190474,125,20,GGCCCGCGTAGACCTTACTG,105,3355594
sohAp,0.09523809523809523,21,20,GCCCGTTGGAGAGGATAACT,1,3351702
sohAp,4.0,103,20,GCAATACCCTGTTCCGCCAG,83,3338369
sohAp,7.238095238095238,171,20,CTCGGTCATATGTCCGGCCT,151,3342324
sohAp,2.1904761904761907,65,20,CGTATTCAAAGAACTATCAG,45,3342741
sohAp,3.0,82,20,CCATAGAGGAGGGTTGCCAG,62,3356275
sohAp,3.5238095238095237,93,20,CCACATGACGAAATCGATGT,73,3346467
sohAp,4.809523809523809,120,20,CAGGTCCTCGAATAAGTAAC,100,3334280
sohAp,1.1904761904761905,44,20,ATCCGGGTGAAGACCTCTTT,24,3349204
sohAp,4.571428571428571,115,20,AGTATCAGTCGTGAAACCAG,95,3355939
sohAp,4.142857142857143,106,20,ACTCGCGACAGTCGTTGAAT,86,3334109
sohAp,0.09523809523809523,21,20,AATATCTGCAACGCGGATGT,1,3336236
sohAp,0.1,20,19,TTGCGTCCAGCGGGTACCTC,1,3357260
sohAp,2.6,70,19,TTCAGTAAAAAGATCGTAAA,51,3348298
sohAp,5.45,127,19,TGCTATCTTATGTCAAAAGC,108,3357220
sohAp,10.35,225,19,TCGCGTAAACACCCGCGAGA,206,3356353
sohAp,0.1,20,19,TCAGCATTCCAATAGTGACT,1,3354650
sohAp,0.1,20,19,TATCCGAATCAGATAACGTA,1,3341994
sohAp,20.0,418,19,TAAGAGACCGTTCTGATGGC,399,3357310
sohAp,2.15,61,19,GTTGTATGCGTATGGCTGCT,42,3335334
sohAp,5.6,130,19,GTTCAGGATTCTTTATCCGA,111,3335211
sohAp,4.05,99,19,GTCCGCAGGTTAGTGCTCTA,80,3339406
sohAp,4.3,104,19,GTACGTGTGTGGATATACTT,85,3339559
sohAp,10.55,229,19,GAGCCAGCTTAACATCGGCA,210,3352474
sohAp,1.2,42,19,GAGCAACTTGCAACCGATTT,23,3348912
sohAp,4.25,103,19,GACACACAAGTACCCTGAAT,84,3341166
sohAp,8.15,181,19,CCTAACATGGTGGGGTACAT,162,3342007
sohAp,5.65,131,19,CCAATGTAGGAGCACTGTCC,112,3355802
sohAp,3.95,97,19,CACACTCTTGAGATGGTGGA,78,3354737
sohAp,8.8,194,19,AGGGGTGACCGCATTCACAT,175,3335304
sohAp,7.65,171,19,AGCCACCGTCTTGGTGTTAA,152,3356681
sohAp,0.1,20,19,AATTCCTCCGCTGCGTGTGT,1,3338909
sohAp,1.85,55,19,AATACCAATCATAGAGGGTT,36,3349536
sohAp,0.10526315789473684,19,18,TGAAATTGAAGACCAGATCA,1,3355316
sohAp,5.2631578947368425,117,18,TCAGGTCTAACACCGGGGGG,99,3346368
sohAp,0.10526315789473684,19,18,TCACGCTTGCGTACTCGGTT,1,3334408
sohAp,2.6842105263157894,68,18,TCAAATGAGGCACGCCGTGG,50,3335880
sohAp,9.31578947368421,194,18,TAGGCTTCTTACCTCTATTA,176,3340475
sohAp,7.842105263157895,166,18,TAGCTGGAATCGCACTCCCA,148,3357056
sohAp,10.947368421052632,225,18,TAAAAGCTGTTAGTTTAGGG,207,3342089
sohAp,10.526315789473685,217,18,GTCATATATTCGCCGATCTT,199,3342321
sohAp,3.736842105263158,88,18,GTCAACGTGGTCTTTCAAGA,70,3335963
sohAp,0.8421052631578947,33,18,GGGAGTCGCTATGAAGGGCT,15,3336699
sohAp,7.105263157894737,152,18,GGCTGCATTTCAAAGATTAG,134,3349334
sohAp,5.526315789473684,122,18,GCCAAACGACACGACCCCTA,104,3337458
sohAp,3.526315789473684,84,18,GCAAAGTGGGCATAAGGAAG,66,3338286
sohAp,4.421052631578948,101,18,GACCACCCTGCTGTGTGTAG,83,3357201
sohAp,2.8947368421052633,72,18,GACACGGGTTCCATTGCGCT,54,3354011
sohAp,2.473684210526316,64,18,CTGCAACCCGACTTGCAATG,46,3350224
sohAp,4.368421052631579,100,18,CGTCATTTGCAGTACTGACA,82,3353730
sohAp,0.10526315789473684,19,18,CGCCTCTGCGGAAAGCAATA,1,3344705
sohAp,0.10526315789473684,19,18,CAGGGGAAACAGCCTTGGCA,1,3337018
sohAp,6.052631578947368,132,18,ACTTCTGCACCAGTGGGCGT,114,3355482
sohAp,4.0,93,18,ACGTTAAATTTGAGTACCGA,75,3347494
sohAp,5.894736842105263,129,18,ACCATTGCGAGCAAATGGCA,111,3358535
sohAp,5.421052631578948,120,18,ACATGAGTTTCACTTACCCT,102,3350707
sohAp,0.4444444444444444,24,17,TTTCACGTAAACGTCGTTCC,7,3347972
sohAp,5.722222222222222,119,17,TTCAGCCACTTGGTAAAAGA,102,3340437
sohAp,0.1111111111111111,18,17,TTATCCCTGACACTCCCGCA,1,3347292
sohAp,4.777777777777778,102,17,TGCCGTTCTACAGACAGGAG,85,3335162
sohAp,0.1111111111111111,18,17,TCGCACTGCGCGCGTACGAC,1,3335723
sohAp,5.111111111111111,108,17,TATGTTGTTGAAAATTAAAC,91,3355997
sohAp,1.7222222222222223,47,17,TACTTGGGTTATTCACAGAT,30,3350743
sohAp,4.777777777777778,102,17,TAAGACCTCGTCTTGAGTTG,85,3340860
sohAp,5.222222222222222,110,17,GTCCTGCGGAAGTCAAGAGA,93,3334406
sohAp,6.611111111111111,135,17,GCGAGGTCCTGATGCGGTAC,118,3353095
sohAp,4.055555555555555,89,17,GAAAATTCGACCCTACGGCT,72,3338310
sohAp,5.666666666666667,118,17,CTGACCGACGCCGAGTGCTG,101,3335421
sohAp,3.0555555555555554,71,17,CCCGGGCACACTGCGGTGAA,54,3358927
sohAp,23.77777777777778,444,17,ATTCTCTAATAGCTTTTGGA,427,3354428
sohAp,1.1666666666666667,37,17,ATCGTATTAGCAAGACTAAG,20,3338309
sohAp,9.055555555555555,179,17,AGGGGGAACTACTTCGTTGA,162,3346253
sohAp,0.1111111111111111,18,17,AGCGGCCCCACACTCCAAAG,1,3346922
sohAp,11.722222222222221,227,17,AGAGCGTGTATGCTTTATGC,210,3344069
sohAp,0.1111111111111111,18,17,AATCGTGGCGATTCCCCAGG,1,3357516
sohAp,0.1111111111111111,18,17,AATACGCCTGCGGTTCAAGG,1,3342281
sohAp,1.6111111111111112,45,17,AAGGGTTCGAGGTCATACCG,28,3343372
sohAp,0.1111111111111111,18,17,AACAAAACGAAGCTGGATCC,1,3355358
sohAp,6.9411764705882355,133,16,TTGGGCAAAGTGTAAGTGCT,117,3357211
sohAp,5.882352941176471,115,16,TTCAGAGAGTGCCGCTACCG,99,3355197
sohAp,0.11764705882352941,17,16,TGGCGTTACAGATATGCAGT,1,3335765
sohAp,5.705882352941177,112,16,TGATTGGCGCCGGCCCGGAG,96,3346967
sohAp,0.7058823529411765,27,16,TGACTGTGTTGTCTCCCGTT,11,3338209
sohAp,5.470588235294118,108,16,TCGGGCCAAGAGAAGCTGCA,92,3351543
sohAp,5.0,100,16,TCACACACTGAAGGCATGTC,84,3336402
sohAp,5.176470588235294,103,16,TCAATTTGCGAACTGTCCGT,87,3341826
sohAp,6.235294117647059,121,16,TACGTACTCTTACTGGCATG,105,3334255
sohAp,4.823529411764706,97,16,GTTGACAATCCGTGTATCCC,81,3335691
sohAp,4.470588235294118,91,16,GTAGGGTGTCCATTGTATAT,75,3340999
sohAp,0.11764705882352941,17,16,GGTTTGTTTGCGTGCTGTGC,1,3341209
sohAp,6.882352941176471,132,16,GGTTACTTGAGACCAAGGTT,116,3346859
sohAp,0.11764705882352941,17,16,GGGAGTATCATCATTCAAAT,1,3356429
sohAp,9.941176470588236,184,16,GCTCTTTGAAAAAACATCGA,168,3358780
sohAp,1.0,32,16,GCGAGATGTTAGTGGGCACG,16,3334968
sohAp,4.705882352941177,95,16,GCGAATAGCCCGAACACTCA,79,3353687
sohAp,6.0588235294117645,118,16,GCCAAGGTCAGTTGGAGGTC,102,3356682
sohAp,6.294117647058823,122,16,GAGGTTTATACAATAGGAGG,106,3336493
sohAp,2.9411764705882355,65,16,CGCATATAACACGTACCTAT,49,3356005
sohAp,13.294117647058824,241,16,CGATGAGCATTACATGCACG,225,3356500
sohAp,6.823529411764706,131,16,CGAAGATCGTTGAATGATAA,115,3335766
sohAp,0.23529411764705882,19,16,CCTTAACAGTTGTCCACGTA,3,3345932
sohAp,0.11764705882352941,17,16,CCTGCCTAAGTGATGGGTAC,1,3336988
sohAp,3.176470588235294,69,16,CCTCGTCACGGCCGGCCGGG,53,3335274
sohAp,3.0588235294117645,67,16,CCGCGCGCTGCTTATGTAGG,51,3341355
sohAp,4.411764705882353,90,16,CCGAGGCAGACGTTCCTCGC,74,3337088
sohAp,0.7058823529411765,27,16,ATTCCTTCCGACCTGGACAA,11,3342904
sohAp,1.1176470588235294,34,16,ACGGGGTTGGGCCACTTTGC,18,3335643
sohAp,0.11764705882352941,17,16,AATGTTTGTACAGGTATTTC,1,3338271
sohAp,7.235294117647059,138,16,AATGGTCAATTTCCACTCGT,122,3349657
sohAp,10.588235294117647,195,16,AAGCGCCCTGTACGTAAACA,179,3335980
sohAp,0.11764705882352941,17,16,AAGCAGACTTTAGAAAATAT,1,3345068
sohAp,5.75,106,15,TTATGAGCTAGGCGGTGTGA,91,3340670
sohAp,7.375,132,15,TGGTCTCAGAAGCGCAATGT,117,3352026
sohAp,6.8125,123,15,TGGATGGATCGTTCTGTGAT,108,3354869
sohAp,6.5625,119,15,TGAGATCCCAATCGGAGTTC,104,3353915
sohAp,0.125,16,15,TCTAGTGTTTAAAAACTTTC,1,3349208
sohAp,3.375,68,15,TCCTCGTATACTCGACGGCG,53,3353734
sohAp,6.3125,115,15,TCCAAATAGTGAATATATTT,100,3345521
sohAp,0.125,16,15,TCAGAAGTTGGAGACTTTTG,1,3334731
sohAp,2.1875,49,15,TACTTGGGGCTCGCTGTCCC,34,3357227
sohAp,6.625,120,15,TAAGCTTCGTCGCTCTAGAC,105,3349036
sohAp,0.125,16,15,TAAATAGGATCGTTGTAAGT,1,3338312
sohAp,2.6875,57,15,GTCTGGCTATCTCTTTCCAA,42,3338771
sohAp,0.125,16,15,GTCGTTCCAACGGAGGTCAG,1,3336136
sohAp,1.375,36,15,GTAACACAGTCCGGTGCAAG,21,3340611
sohAp,5.6875,105,15,GGACTACGAGGGGGGTGCCC,90,3336334
sohAp,0.125,16,15,GCTTGGTTCTGCTGCGCGGC,1,3336138
sohAp,1.8125,43,15,GAATACTGTGACGTCTACTA,28,3346574
sohAp,0.125,16,15,CTTGGAAATGCCGCCGAAGC,1,3353130
sohAp,4.9375,93,15,CTCATGGCAATGTTGTATTT,78,3350844
sohAp,9.5625,167,15,CGGTGGGTATGTTTGAGCTT,152,3349443
sohAp,0.125,16,15,CCGGGTAAATCAGTCGGCGA,1,3338231
sohAp,6.5625,119,15,CATAGAGGATCGCTTACGGC,104,3340778
sohAp,3.0,62,15,CAACAGTGCTTCGCATGACT,47,3334746
sohAp,0.125,16,15,ATGTTGTGCTCAGATATTCG,1,3344053
sohAp,0.125,16,15,ATGTTGGTCCATTGCATTTG,1,3352228
sohAp,34.375,564,15,ATACACGCGTCGCACCAATA,549,3347227
sohAp,12.0,206,15,AGTAACATCCAATCAGGGCT,191,3357411
sohAp,0.125,16,15,AGATTGTCCGTCTGGCGCGT,1,3357278
sohAp,21.375,356,15,AGATCCCTGGGGGGGGATTT,341,3357319
sohAp,0.125,16,15,ACTAGCGACGTTTACAACAA,1,3342053
sohAp,6.25,114,15,AAGGCTCTCGTCGCCTATAT,99,3355649
sohAp,0.2,16,14,TTTTGAGAGAACCTATTCGT,2,3344748
sohAp,5.866666666666666,101,14,TGGCACCCACTGCCCAGTCA,87,3341968
sohAp,0.13333333333333333,15,14,TGGATCTTAGTAGGCGCCGT,1,3345907
sohAp,6.8,115,14,TCGTTCCCCAATACTCGCGA,101,3344573
sohAp,8.066666666666666,134,14,TCGTTACCGACGGTAATACG,120,3338214
sohAp,4.8,85,14,TATCTCTTCCACGTACGGAG,71,3335501
sohAp,5.0,88,14,TATAGACCGACAGCTTGAAA,74,3346905
sohAp,0.13333333333333333,15,14,TAACGGATCTCGGCCGAAAC,1,3338789
sohAp,3.533333333333333,66,14,TAACCCGTGAATGGCGCGTT,52,3338747
sohAp,6.533333333333333,111,14,GTTTGCTCATCCTAAATGGA,97,3340372
sohAp,13.866666666666667,221,14,GTAGTAGGCAAGAATCACGT,207,3347388
sohAp,5.533333333333333,96,14,GGTGATCCGATAGGTCTGGT,82,3347081
sohAp,5.666666666666667,98,14,GGGATGGTGTAACGGGTTTG,84,3353796
sohAp,5.866666666666666,101,14,GGGAGTAGACTAAGGTTTCT,87,3355041
sohAp,6.533333333333333,111,14,GGCGTCTAGGATGTCAAGTG,97,3340474
sohAp,3.2666666666666666,62,14,GCCTAACCGTTTGATTACAG,48,3357085
sohAp,2.1333333333333333,45,14,GCCCATATATTCAAAGATTG,31,3340461
sohAp,14.6,232,14,GCAAGTGTCTGTGCGACCCA,218,3334546
sohAp,2.4,49,14,GAGTCGTGTGTAAGGTATGT,35,3341208
sohAp,13.4,214,14,GAGGCCTTAGAATTACGCCC,200,3350615
sohAp,2.8,55,14,GACTCTTCAAGGATATGTAC,41,3346638
sohAp,0.26666666666666666,17,14,GAATATCCTCAATAAGACTG,3,3339926
sohAp,13.666666666666666,218,14,GAACTACCATCTACCCTATA,204,3357549
sohAp,5.8,100,14,CTTTACCACGGGTCCGTTCA,86,3334538
sohAp,7.533333333333333,126,14,CTTCCACGCCGATTTTGTGA,112,3344290
sohAp,1.2,31,14,CTCTTCTCACAGGTGTAGAA,17,3341868
sohAp,4.0,73,14,CTCACGTGCAACGTGGAAAT,59,3335036
sohAp,11.866666666666667,191,14,CTATCATTCAAATCTTGCTC,177,3348313
sohAp,9.133333333333333,150,14,CTAGAGTCCGCGAATGGTTA,136,3356800
sohAp,0.13333333333333333,15,14,CGGGGGCAGGGTCGTTTCGT,1,3346792
sohAp,3.466666666666667,65,14,CGAATTGACTACACATGAGA,51,3357526
sohAp,7.0,118,14,CACTTTCATACGTCCTCAGT,104,3334444
sohAp,4.2,76,14,ATTTCATGATCTAATGTGCT,62,3353186
sohAp,0.13333333333333333,15,14,ATTGTAAAAGAACAGTTACG,1,3342241
sohAp,7.866666666666666,131,14,ATACAGCAATTGACGAGTGA,117,3357572
sohAp,0.13333333333333333,15,14,AGTGTTGGAAGCAAGCGCGT,1,3356553
sohAp,91.26666666666667,1382,14,AGAACAACGGTCTTCGCTTT,1368,3358768
sohAp,4.933333333333334,87,14,ACGAGCGCCGCGATTTTCTT,73,3354209
sohAp,8.0,124,13,TTTAGTTATGCGGCTTTTTA,111,3344299
sohAp,8.142857142857142,126,13,TTGGGTTATGAGGTACTGGT,113,3352114
sohAp,6.785714285714286,107,13,TGATGATTTTTCGCTATTCT,94,3355766
sohAp,0.14285714285714285,14,13,TCTTTGTCAATCAAGGCTTT,1,3350525
sohAp,0.14285714285714285,14,13,GTGAAGGCGTACGAGTTCAC,1,3356013
sohAp,10.0,152,13,GTACTCACGCATTCTTTGAG,139,3346318
sohAp,2.9285714285714284,53,13,GGCATATGGGGCAATCGGAA,40,3343481
sohAp,4.214285714285714,71,13,GCTACTCGGATTGTGCATCA,58,3334144
sohAp,3.7857142857142856,65,13,GAACAGGCATAGGGTGTAAT,52,3342384
sohAp,2.142857142857143,42,13,CTAGTCAAATGATGTGCCCG,29,3353471
sohAp,24.785714285714285,359,13,CGTCCGACACTTTTAGGCTA,346,3336647
sohAp,0.14285714285714285,14,13,CGTAGGAAAGGGCGATCGGT,1,3345868
sohAp,0.14285714285714285,14,13,CGGGTGGGGGCAAGGAACGA,1,3346936
sohAp,0.14285714285714285,14,13,CGCGACTTCCGGTGTGTTAT,1,3339143
sohAp,5.714285714285714,92,13,CCGGATACTAGCCTACTCTA,79,3336423
sohAp,2.357142857142857,45,13,CAAAGAACTATGTGTGATAA,32,3342108
sohAp,0.5714285714285714,20,13,ATTAAAAGAAGCGTTGTTAG,7,3349427
sohAp,4.214285714285714,71,13,ATCTATATTTCGGGTGTTGA,58,3350368
sohAp,8.285714285714286,128,13,AGCCCGTCGCAATGCGGCCA,115,3335911
sohAp,1.4285714285714286,32,13,AATGGACAACGAGCGCCTGG,19,3347482
sohAp,7.6923076923076925,111,12,TTTGATCTATCTAGCCTCCA,99,3342526
sohAp,0.46153846153846156,17,12,TTTAAAATGGCCATAGTATT,5,3336247
sohAp,3.8461538461538463,61,12,TTATTCGGCAATACCGAGCT,49,3358378
sohAp,0.15384615384615385,13,12,TTACGGGTCTACGTCTATTT,1,3354553
sohAp,5.615384615384615,84,12,TTAACTGTACTTCGCGCGTT,72,3349734
sohAp,12.384615384615385,172,12,TGTAGACGCCCGATACTCCA,160,3339765
sohAp,3.4615384615384617,56,12,TGCACCGCCCTACGCAAAGA,44,3336833
sohAp,0.15384615384615385,13,12,TCCCTAATCAATTGGTCCGA,1,3354077
sohAp,13.076923076923077,181,12,TAGCTCGAGAGTTTTTTATT,169,3334349
sohAp,11.615384615384615,162,12,TAGCGTCGTAATATAAACAT,150,3340758
sohAp,4.615384615384615,71,12,GTCCGAACCTACTAGAGGTA,59,3339923
sohAp,7.615384615384615,110,12,GGTGTGACTATACGATCCCC,98,3346322
sohAp,9.23076923076923,131,12,GGAAACTCGCTCGTTGGCTC,119,3348918
sohAp,4.923076923076923,75,12,GCGAACGCGCATCTCCGTGT,63,3342117
sohAp,6.384615384615385,94,12,GCCCTCTACGCAAGGACCAG,82,3344203
sohAp,7.076923076923077,103,12,GCATATCTGGTCCCGAGCGT,91,3348825
sohAp,5.384615384615385,81,12,GAGAGTGCACGATGAACCTA,69,3357961
sohAp,15.538461538461538,213,12,GACGGCGTCTGGCTACTCCG,201,3337973
sohAp,6.615384615384615,97,12,CTGGACAGGGAACTCGATTA,85,3342685
sohAp,4.076923076923077,64,12,CTCAAATCACAGCGTTTGCA,52,3346957
sohAp,0.3076923076923077,15,12,CGTGTATCACGTCAATGACC,3,3340743
sohAp,0.15384615384615385,13,12,CGTAGGAGCTACGTAGACCT,1,3338460
sohAp,0.15384615384615385,13,12,CCTCCGCCAATAGCGGCATG,1,3338023
sohAp,7.6923076923076925,111,12,CCTACGTGATGTTATCTTTT,99,3342331
sohAp,6.769230769230769,99,12,CCCGCGTGGGCACTTACGCA,87,3341575
sohAp,3.3846153846153846,55,12,CATAGCTCATGTTACCTAAT,43,3346920
sohAp,4.461538461538462,69,12,CAAAGGGTACGAACGAAAGT,57,3351688
sohAp,0.15384615384615385,13,12,ATGCCCTTATAGATCCAATT,1,3345374
sohAp,10.0,141,12,ATCAGACTGTAGCAGGGTAT,129,3345000
sohAp,6.153846153846154,91,12,ACGGGCTCACGCTTCCAGGA,79,3356269
sohAp,5.3076923076923075,80,12,ACCGATGCTAGAGTAATATA,68,3354302
sohAp,5.3076923076923075,80,12,AATGTCCGCCCGCATAGGTC,68,3341713
sohAp,0.15384615384615385,13,12,AAGCGGGCGTAACATCCGAC,1,3354248
sohAp,8.916666666666666,117,11,TTCCCGCCTTCCCCCAAATT,106,3352104
sohAp,4.0,58,11,TTAGAATTTAGAGCAGATCC,47,3334257
sohAp,2.8333333333333335,44,11,TGAGGCATCAGTCGATATAT,33,3358018
sohAp,19.75,247,11,TCGGCAGGAAAGCGTTTAAC,236,3339004
sohAp,14.166666666666666,180,11,TCATATCTTATAGACCAGCG,169,3358672
sohAp,12.583333333333334,161,11,TCACTGTCCCGAATCATAGA,150,3348048
sohAp,0.25,13,11,TAGCCGCATTGTTCTACGGT,2,3337541
sohAp,15.583333333333334,197,11,TACTTAGGCGCTTACGGGAC,186,3343656
sohAp,7.583333333333333,101,11,TACCGTAGGCACCCACGATT,90,3348273
sohAp,0.9166666666666666,21,11,TACCAGATCGTTTAGTGCGC,10,3340311
sohAp,6.916666666666667,93,11,GGTCATGAGTCTTTGTAGTG,82,3344374
sohAp,15.583333333333334,197,11,GGGTAATATTGTCAGCACTT,186,3356129
sohAp,0.16666666666666666,12,11,GGACGTTCTGGCTGGGACAG,1,3342201
sohAp,0.16666666666666666,12,11,GCCCGCCACCACAGGCAGAC,1,3356266
sohAp,7.0,94,11,GATGATCTGTAAGATTATGG,83,3347870
sohAp,0.16666666666666666,12,11,GATAATCACGGCGGTTGCTC,1,3336495
sohAp,10.25,133,11,GAGCCCTTAGAATTGGCGCG,122,3337857
sohAp,1.5833333333333333,29,11,CTCTACGGGCGGGGTTCCGC,18,3346769
sohAp,2.0,34,11,CTCCGGTGCCAGTGTAATTG,23,3344063
sohAp,41.25,505,11,CGGTTGGGTGCTTGAAGGCG,494,3353770
sohAp,10.083333333333334,131,11,CGCCGGCGCAATCACGCTCA,120,3343352
sohAp,12.25,157,11,CGCAGTGCTAGAGTGCCTAA,146,3349335
sohAp,0.16666666666666666,12,11,CGAATGTATTTACGGAAGAA,1,3353821
sohAp,5.083333333333333,71,11,CCGTCAACGGCCCGTGCATT,60,3347173
sohAp,20.25,253,11,CCAGATTGTTTACAAAGAGA,242,3340748
sohAp,0.16666666666666666,12,11,CATCCATTACTCCTTAGCTT,1,3335116
sohAp,8.666666666666666,114,11,ATTCGTGTTAATATTGAGCA,103,3341071
sohAp,9.666666666666666,126,11,ATGTCCTATTTAGTAAGTAT,115,3341733
sohAp,6.25,85,11,ATCACTTGAAGCTAGGCCTG,74,3342933
sohAp,8.666666666666666,114,11,AGTCGGGAGAAACTCGAGAA,103,3350817
sohAp,3.25,49,11,ACTGCCAGGAGTTAAGAATC,38,3341101
sohAp,2.75,43,11,ACTAAAGCTCGGACAATCAA,32,3352828
sohAp,0.16666666666666666,12,11,ACCACACAACTGTGGCATAC,1,3343045
sohAp,15.916666666666666,201,11,ACACTACAATTCAAAGCCTC,190,3344072
sohAp,5.583333333333333,77,11,AAGCAGCATCAAATCGGCTA,66,3334969
sohAp,3.8181818181818183,51,10,TTTGGGGATAATCCCAAGGG,41,3341847
sohAp,16.363636363636363,189,10,TTCCCTTCACATTTAGCCAC,179,3358932
sohAp,8.727272727272727,105,10,TTAAGGCTGTTCACCAGGCA,95,3351938
sohAp,6.545454545454546,81,10,TGTCTAGCCGTTATAGGCAT,71,3334410
sohAp,4.636363636363637,60,10,TGGTGATTAACAGAGACGGT,50,3353054
sohAp,0.18181818181818182,11,10,TGGATAACATAATCAGGGGT,1,3348516
sohAp,0.18181818181818182,11,10,TGAGGTACTTGGTAGTAGGT,1,3348296
sohAp,7.454545454545454,91,10,TCGTGACTTCGATACAAAAG,81,3347631
sohAp,0.7272727272727273,17,10,TCGCTAGCATTTGAATATCT,7,3349482
sohAp,0.18181818181818182,11,10,TCATTTGATGAGACTTAACA,1,3354123
sohAp,2.3636363636363638,35,10,TATTTAGCGCGGGAGCCCTT,25,3339747
sohAp,6.181818181818182,77,10,GTACTATGCACACCATTCTA,67,3350604
sohAp,10.818181818181818,128,10,GGTGGCTTAGGCTTTTCTTC,118,3353612
sohAp,0.18181818181818182,11,10,GGGGACTAGATCCCAGCTTA,1,3346205
sohAp,9.818181818181818,117,10,GGAGCCGTTTTTCGAACCAA,107,3336225
sohAp,11.272727272727273,133,10,GCGTCGGCTAATGTAGGACG,123,3353684
sohAp,7.2727272727272725,89,10,GCCATTTCACCATGGGACTA,79,3343147
sohAp,0.18181818181818182,11,10,CGTATCCCGTTTGTGCCAAT,1,3341875
sohAp,2.5454545454545454,37,10,CGGCTGTTCGAGGCTATCTT,27,3353806
sohAp,6.545454545454546,81,10,CGGAGTACACTCCATTCGAC,71,3337671
sohAp,7.090909090909091,87,10,ATGCAATCGTAAGGGCTAGC,77,3353666
sohAp,0.18181818181818182,11,10,ATCCCGGATTAACGGGATTA,1,3341686
sohAp,8.727272727272727,105,10,ATACGCTGCTCATGTCGCCT,95,3343631
sohAp,10.909090909090908,129,10,AGTAATTCACCTGGCCAGCT,119,3357338
sohAp,11.454545454545455,135,10,ACTGCTTCATGGTATTTTGT,125,3335986
sohAp,4.909090909090909,63,10,ACACTGTGGTATCTTCGGCA,53,3357292
sohAp,23.09090909090909,263,10,AACAGAGACTTTCGAACCGT,253,3358389
sohAp,4.636363636363637,60,10,AAAAGAGTGGACCAAATGCA,50,3335626
sohAp,7.4,82,9,TTTTATAGGCTCGTTGATCT,73,3340552
sohAp,10.2,110,9,TTTGCCCGTTTATGCTATGA,101,3343051
sohAp,29.8,306,9,TTGCCTTAGCACGCAGAAGA,297,3354202
sohAp,0.2,10,9,TTATCCGTACACGTCCAAAG,1,3352545
sohAp,9.7,105,9,TTAACGGGAAATGAGGTTTA,96,3348840
sohAp,1.2,20,9,TGGATAAGAAAATGCTTGTA,11,3353545
sohAp,8.4,92,9,TGACTAGGAATGATTCCGGA,83,3352140
sohAp,0.2,10,9,TCTCGTCAAGAAAGGTTCAC,1,3336533
sohAp,42.4,432,9,TCTAGTGTGGCCACTTCCCC,423,3358655
sohAp,9.6,104,9,TCCCCCCATGTAAACCTGCA,95,3356680
sohAp,0.2,10,9,TACGCGGGTAACTGACTCAC,1,3335756
sohAp,0.4,12,9,TAACGGTGTCTTCGCGGACA,3,3347715
sohAp,2.2,30,9,GTGGTGTCGTCAATCACGAC,21,3343542
sohAp,22.3,231,9,GTCATATGCCCCAGCTTCCA,222,3337120
sohAp,0.2,10,9,GTATATCTATATATTTAAGA,1,3345838
sohAp,0.3,11,9,GTACGCGCTTCAACCGTAAT,2,3348308
sohAp,7.9,87,9,GTAAGGGCACTGTAAGCTTC,78,3355651
sohAp,7.8,86,9,GGGAATGATTGGCGATTGGT,77,3353727
sohAp,0.2,10,9,GCTAAACCATGCGGTGACAG,1,3337289
sohAp,12.4,132,9,GCGTACAAATTACTTGACGC,123,3335168
sohAp,8.4,92,9,GCGGCTTCGCGTAATGAAAT,83,3348929
sohAp,5.0,58,9,GCCTGGGGCTCTAGTATCGT,49,3349728
sohAp,10.8,116,9,GCATTCAGTAGCCGCCGCAA,107,3336467
sohAp,0.2,10,9,GCAGTGGTCACGGTCATTAT,1,3351451
sohAp,9.4,102,9,GCACTCGCGCTCGCTCTCTT,93,3339881
sohAp,11.0,118,9,GATGGATCTCCATGACGTCA,109,3344961
sohAp,11.4,122,9,GAATGGTCTTTCGTCCTCTC,113,3345418
sohAp,6.3,71,9,CTGAGGTCCGTCGTCCATAT,62,3355552
sohAp,13.7,145,9,CTCCACTCGCTTGGTAAATT,136,3356526
sohAp,0.2,10,9,CTAGGCAGGCCTAATAGCAG,1,3337188
sohAp,5.0,58,9,CGTGCGGCAAACTCAGTTGG,49,3351512
sohAp,0.2,10,9,CGATAAGCCCACGGAACGTC,1,3339165
sohAp,18.1,189,9,CGAGTCATTTATCTGCCGAA,180,3348433
sohAp,13.4,142,9,CCTCCGCGAATGCCGTTACT,133,3357314
sohAp,9.6,104,9,CCGACGGAACCGCAGCTATC,95,3349551
sohAp,0.2,10,9,CATAATCCTTTCTTAGTAAC,1,3349456
sohAp,0.3,11,9,CAGTCTATCGGAGAAATCAT,2,3350480
sohAp,5.9,67,9,CACTGTATGATGACGCTGCC,58,3336668
sohAp,0.2,10,9,CACCTTAACAATCCGAACGA,1,3337938
sohAp,10.2,110,9,CAAAAACTCCTATTCACCAG,101,3344535
sohAp,0.8,16,9,ATTTAGCAATTGATTTCAAA,7,3354771
sohAp,9.0,98,9,AGTGGATAACATCAGGCAGT,89,3343299
sohAp,0.2,10,9,AGGTTCTAGGCCTGTCCGTT,1,3347739
sohAp,0.2,10,9,AGAACTTCGACCTTGCCCCC,1,3348916
sohAp,0.2,10,9,AGAACTCTGCTGGGGCTCGT,1,3355495
sohAp,2.5,33,9,ACTTCGTGTAAAGTCAGGGA,24,3353991
sohAp,2.0,28,9,ACGGGGCGGTCGGGTACGTA,19,3352204
sohAp,0.2,10,9,ACGGATAGCTGCTAGTGGTC,1,3343835
sohAp,3.2,40,9,ACGCCCAGCCTCGTCAGGGA,31,3350011
sohAp,0.2,10,9,AAAACTTTGCGCATCGAGTG,1,3343844
sohAp,12.666666666666666,121,8,TTTGTATTAAGCTCCTTTTC,113,3354223
sohAp,0.2222222222222222,9,8,TTTCAGAGATCCTACGAGGC,1,3334675
sohAp,0.2222222222222222,9,8,TTTAATTGTCCTGTATCAGC,1,3350274
sohAp,0.2222222222222222,9,8,TTCGCTGGAATCAAACTCTA,1,3355304
sohAp,5.444444444444445,56,8,TGAGGTGTTTCAGTCACCCC,48,3342711
sohAp,0.2222222222222222,9,8,TGAGGGCTAGCGTCCGCGTT,1,3339371
sohAp,11.11111111111111,107,8,TGAATCTCATGTCACTGAAT,99,3337815
sohAp,10.555555555555555,102,8,TGAATACCACGGTCTGCGCG,94,3351539
sohAp,13.11111111111111,125,8,TCTGTGCCTTGGGTTCCATC,117,3338850
sohAp,2.111111111111111,26,8,TCTAAAGCGGCACTATCCCT,18,3337429
sohAp,0.2222222222222222,9,8,TCCATCCGCAAGGGCATTGT,1,3345832
sohAp,0.2222222222222222,9,8,TCAAGCTTCGCAACGGCGCA,1,3335921
sohAp,0.2222222222222222,9,8,TATTTTGTGGGTAGGAAATC,1,3344030
sohAp,10.11111111111111,98,8,TATCGGGGAAGTGGGCCTCC,90,3350350
sohAp,0.2222222222222222,9,8,TAGCACGCTCCAGAAACTTC,1,3357163
sohAp,2.2222222222222223,27,8,TAATGTGATTGCTTATGTAG,19,3355724
sohAp,0.2222222222222222,9,8,TAATCTCTCGGCTCGACGAC,1,3356690
sohAp,10.88888888888889,105,8,GTTATGGGAAAGAAACCCCG,97,3350221
sohAp,0.2222222222222222,9,8,GTCCCAGAGGTTCGATGTCC,1,3351697
sohAp,14.555555555555555,138,8,GTAAATTTATGCTTTCATAG,130,3353694
sohAp,12.222222222222221,117,8,GGGGCTAGAGCCGGGAATGG,109,3336428
sohAp,0.2222222222222222,9,8,GCTGTCCCGGCGGTCCGAGC,1,3354773
sohAp,0.2222222222222222,9,8,GCGGGAAGAGGCAATTTAAA,1,3339584
sohAp,7.666666666666667,76,8,GCGAACACGCGTACACTCTA,68,3345936
sohAp,10.777777777777779,104,8,GCCGTTGACCCACAAGGATG,96,3356573
sohAp,0.2222222222222222,9,8,GCAAAATGAATGAGTCCGTA,1,3340501
sohAp,0.2222222222222222,9,8,CTGATGCCAAGCGTATGGCA,1,3336840
sohAp,0.2222222222222222,9,8,CTGAAACTTTGCGTGTAAAA,1,3346900
sohAp,0.2222222222222222,9,8,CTCTTGTTTGTGTATAGTGA,1,3335267
sohAp,14.88888888888889,141,8,CGTATGTATCCTAGTATTTA,133,3347827
sohAp,7.888888888888889,78,8,CGGCCGGTTTGTACACTGCC,70,3359050
sohAp,11.333333333333334,109,8,CGCGGGTTTGCCGGGGGTAT,101,3336653
sohAp,10.333333333333334,100,8,CGAAGCTACGATGTGTCCAT,92,3339441
sohAp,0.2222222222222222,9,8,CCTGTTAAGACACAAACTAA,1,3348303
sohAp,0.2222222222222222,9,8,CCGGTCAAACCTAGTAGCCA,1,3341022
sohAp,26.333333333333332,244,8,CCGGGGTAACCTTCACTACT,236,3345488
sohAp,13.666666666666666,130,8,CCGGCCTTTGACTTCACTAT,122,3340333
sohAp,0.2222222222222222,9,8,CATGTTCAGGAATGCGCGCG,1,3340334
sohAp,12.333333333333334,118,8,CATGGTATTTGGACGAAGGA,110,3337356
sohAp,10.222222222222221,99,8,CATAGTAAGGGGGACATTCA,91,3340973
sohAp,0.2222222222222222,9,8,CAGTCCTACGGAAGGGCCTG,1,3357726
sohAp,12.555555555555555,120,8,CAGGCTCCGTCGCAGTCCGA,112,3348790
sohAp,6.444444444444445,65,8,CAGCCTCCTAAATATGTACC,57,3346712
sohAp,10.333333333333334,100,8,CACGTTGGACCGTTGTAGAG,92,3341394
sohAp,0.2222222222222222,9,8,CAAACAGCGTTACACGCTGT,1,3352760
sohAp,7.666666666666667,76,8,ATTGCGGAGAACCGGGCAGC,68,3335248
sohAp,0.2222222222222222,9,8,ATGGCCAGACTTTAGATATG,1,3333977
sohAp,10.88888888888889,105,8,ATAGCTACCACTTTAAAATG,97,3344963
sohAp,3.3333333333333335,37,8,ATAGATGCGCCTGGGGGACA,29,3337928
sohAp,10.0,97,8,ATACAACACGGTACAGATAC,89,3337773
sohAp,0.2222222222222222,9,8,AGATGATCGTAATTGAACCT,1,3338790
sohAp,3.888888888888889,42,8,AGAATCTATTTTCCTCAATT,34,3342413
sohAp,0.3333333333333333,10,8,ACACCCAGCCATCGAGTAAT,2,3356481
sohAp,0.2222222222222222,9,8,AATGTAGAAGCGCTGCTTAA,1,3334779
sohAp,11.75,100,7,TTGCACGGACCCGAATGAGG,93,3334180
sohAp,15.625,131,7,TTAGTGGGGTTATGCCCCCA,124,3333704
sohAp,26.75,220,7,TGTGTCAGTCCTGTTCTCAA,213,3358340
sohAp,10.625,91,7,TGAGCTCAGTCCAGGTTCAA,84,3346134
sohAp,2.625,27,7,TCGGTAGGATAAGTGACGCC,20,3339509
sohAp,12.25,104,7,TCGGACAATTCAGTGGCTCT,97,3349154
sohAp,19.75,164,7,TACTATGCCCCTGATTTATC,157,3354655
sohAp,10.875,93,7,TAACTGTAAGTACCCGACCT,86,3349308
sohAp,0.25,8,7,TAACTAGGTGTATCCCATAT,1,3353558
sohAp,9.0,78,7,GTTTATGTGATTCTGTAGAT,71,3357799
sohAp,10.375,89,7,GTTTAGCACACACGTAAGGA,82,3335038
sohAp,0.25,8,7,GTTGTTGAAGAACGTGCTAG,1,3337794
sohAp,15.0,126,7,GTTGTTCCACGATTACGGCG,119,3338202
sohAp,0.25,8,7,GTTCGTTTGGCGCGAGCGAG,1,3340746
sohAp,0.25,8,7,GTTCACGACGGTTGTACCAA,1,3357089
sohAp,0.25,8,7,GGTGATCGGTTGAGCGTGTG,1,3344849
sohAp,0.25,8,7,GGAGCTTGGGCAAGAACCAT,1,3339005
sohAp,13.0,110,7,GGAATCAGCGTTAGTTAGTT,103,3337368
sohAp,0.25,8,7,GCGGTATTGTCTGAAATCCA,1,3347265
sohAp,19.5,162,7,GCAGTTTGGAGGCCCTTCGC,155,3355050
sohAp,0.25,8,7,GCACCCGGGTGTCTGGCCTC,1,3354275
sohAp,12.75,108,7,GACACAGGCCCTAAAGACTA,101,3346939
sohAp,8.25,72,7,GACAACCCATTGGCCCCAAG,65,3344292
sohAp,11.875,101,7,GAACGGTTTTTGTCCCGTGT,94,3354921
sohAp,0.25,8,7,CTGACGTGTGGAGGTAGTCT,1,3356288
sohAp,0.25,8,7,CTCGGGACACCAAGTTTCAA,1,3346893
sohAp,5.875,53,7,CTAAGCTTGCACCAGATCAA,46,3348326
sohAp,0.25,8,7,CTAAACTGCCGGGTGGCGTA,1,3353752
sohAp,1.75,20,7,CGTGCTGCTGCCTGATATTT,13,3355800
sohAp,0.25,8,7,CGGCGTCGGGTATAACGTGT,1,3355648
sohAp,7.875,69,7,CCGTGTGGTCTAATGAGCAA,62,3343603
sohAp,16.5,138,7,CCGGGATAACTTATGTCTCT,131,3344671
sohAp,0.25,8,7,CCGACGATTGAGACCGCCAT,1,3340782
sohAp,6.75,60,7,CCCATATGGGGAACGTAGGA,53,3348560
sohAp,7.25,64,7,CATGAAATGACTACTTCAAA,57,3341619
sohAp,7.125,63,7,CATCAATCCCAGCCCCACAG,56,3349401
sohAp,8.5,74,7,CATAATGGGGGGGATGTTAG,67,3356199
sohAp,1.75,20,7,ATTAAGGCCCTCCGATCAAA,13,3341472
sohAp,7.5,66,7,ATCTAATTTGTACAACGGCA,59,3347633
sohAp,22.5,186,7,ATCAGTCGTAGATACGCAAA,179,3353599
sohAp,0.25,8,7,AGGTTTTGCTACTATATGTG,1,3347374
sohAp,14.5,122,7,ACAAAGGTGTGCGGGCAGTG,115,3338484
sohAp,15.375,129,7,AATATGGTAACGTTTAACTC,122,3347693
sohAp,13.5,114,7,AATACTTATAGCGTAGGACA,107,3348555
sohAp,24.857142857142858,179,6,TTTTTTCACTTCACAATCCT,173,3352021
sohAp,29.857142857142858,214,6,TTTCCCTAGGGAAGCTTGAC,208,3344690
sohAp,9.142857142857142,69,6,TTCTTTGTCCTCAAGACGCA,63,3356698
sohAp,17.0,124,6,TTACGCATATGTGGTCATCA,118,3344933
sohAp,0.2857142857142857,7,6,TGTAACGCCTTAGTTCTTTC,1,3334832
sohAp,0.42857142857142855,8,6,TGGTTCTGGAAGGGAATTGT,2,3353419
sohAp,26.714285714285715,192,6,TGAATCATCGTAGGATTGGG,186,3351553
sohAp,13.142857142857142,97,6,TCTAATACGCCGGAAGGACG,91,3348165
sohAp,12.571428571428571,93,6,GTTGGGAGACCGGATTACTT,87,3348072
sohAp,0.2857142857142857,7,6,GGCCGTTGTGAGGGCGGTGA,1,3350166
sohAp,9.285714285714286,70,6,GGCCGAGATTATCATCATTT,64,3354009
sohAp,52.0,369,6,GCGACACCGTTCAGAGTACT,363,3357548
sohAp,30.142857142857142,216,6,GCCCCTTGTTAGTAAATTGT,210,3343907
sohAp,18.428571428571427,134,6,GAGACATCACTATATTTTTG,128,3348624
sohAp,0.2857142857142857,7,6,GAAAGAGTCCCTAAGACTAG,1,3337762
sohAp,22.0,159,6,CTTTGGTCGTCGTAAGAATC,153,3342761
sohAp,2.142857142857143,20,6,CTTCTTATTATCCGCCGATT,14,3343286
sohAp,33.857142857142854,242,6,CTCCTACTGTTTGTAGTTAA,236,3334348
sohAp,50.0,355,6,CGATATGTCTTTATGCAACA,349,3343954
sohAp,7.571428571428571,58,6,CGAATGCCGATTACGATCTA,52,3345836
sohAp,0.2857142857142857,7,6,CCGTGTCGTAGGCAGCCTGA,1,3340376
sohAp,11.714285714285714,87,6,CACGCAAGTGTGCACGAAAG,81,3351920
sohAp,13.0,96,6,AGTACCAGCAAGGTCAAGAG,90,3347750
sohAp,19.0,138,6,AGGGTTCAACAGAGGGACGA,132,3353489
sohAp,14.0,103,6,AGGGACGTACTAGAAGACCT,97,3335446
sohAp,0.2857142857142857,7,6,AGCGCTAGGAATCGCACGTC,1,3349950
sohAp,19.857142857142858,144,6,ACTGTGCTTTGCTCCTCTAT,138,3339251
sohAp,1.5714285714285714,16,6,ACCCATCACCCTCACGGGAC,10,3341454
sohAp,3.4285714285714284,29,6,ACCAATCGATCAGACTAGAG,23,3358199
sohAp,0.2857142857142857,7,6,AATTACATTGGGAGAGGGGC,1,3342577
sohAp,10.857142857142858,81,6,AATGCACTCAGACGACGGAG,75,3336637
sohAp,0.3333333333333333,6,5,TTTCGGAACCAACCGGTCTG,1,3353961
sohAp,16.666666666666668,104,5,TTTCCGAAACTGCAGTGTCG,99,3348035
sohAp,5.5,37,5,TTTAGCGAAATGAGGATCCA,32,3341580
sohAp,4.333333333333333,30,5,TTGATCACGACGGACGTTAC,25,3339098
sohAp,16.0,100,5,TTCCGCCCACATGGCGAAGG,95,3357390
sohAp,0.8333333333333334,9,5,TTAGGCACGCATGGAGGGGT,4,3356163
sohAp,4.5,31,5,TTAATCCTGGCTTTTCACCT,26,3339006
sohAp,6.166666666666667,41,5,TGTCGCAACCAGCTCATTAA,36,3357296
sohAp,0.3333333333333333,6,5,TGGCAAAGAACTTTGGATAC,1,3340992
sohAp,0.3333333333333333,6,5,TGCACAGCGCGGTATGGACA,1,3333788
sohAp,11.166666666666666,71,5,TCTGGTCGGATTTCTCACCC,66,3355686
sohAp,0.3333333333333333,6,5,TCGAACACATGGATAGTCAG,1,3356145
sohAp,14.666666666666666,92,5,TCATTCCTCGCTCTGTCGCA,87,3355212
sohAp,26.666666666666668,164,5,TCAGTCTTTGGATGTCCTTA,159,3352736
sohAp,0.3333333333333333,6,5,TCAGGTACCGCAAACTTAAT,1,3349937
sohAp,57.833333333333336,351,5,TATGTGAACGTGACGGGCTT,346,3343957
sohAp,0.3333333333333333,6,5,TAAGGACTCGGTATATGAGT,1,3348019
sohAp,19.0,118,5,TAAGAAAATCCTGGCCTAAA,113,3336657
sohAp,0.3333333333333333,6,5,GCTTAGGCGTCAGTAAAATT,1,3355797
sohAp,3.8333333333333335,27,5,GCGCTAGGATAGTCCCGACT,22,3338849
sohAp,3.6666666666666665,26,5,GATATTTGAGACCACACCCT,21,3356909
sohAp,26.0,160,5,GAGCACCCCTCTGGTTTCAG,155,3340454
sohAp,46.333333333333336,282,5,GAATATCACGGAAGTTCTCA,277,3339499
sohAp,7.333333333333333,48,5,CTTTCATGTTGGGGCGGGGA,43,3358529
sohAp,11.833333333333334,75,5,CTTAGCGTTCGGACTGGTCA,70,3353446
sohAp,20.333333333333332,126,5,CTGTTTGAGTACCTGTGGGT,121,3357801
sohAp,6.833333333333333,45,5,CTCCTTGGTACACGTCACCT,40,3343792
sohAp,7.5,49,5,CTAGTGGCCAATTCCCATCC,44,3356137
sohAp,42.166666666666664,257,5,CTAATCAGCCTTCCAGTCAT,252,3338668
sohAp,6.833333333333333,45,5,CGACCCAATCTACTCTTGTG,40,3344984
sohAp,37.5,229,5,CCTTAACGAAATAACCTTGG,224,3352513
sohAp,19.833333333333332,123,5,CCCGGTCCTTTTATCTGGTT,118,3336684
sohAp,3.1666666666666665,23,5,CCCCACAGCCTTAGTATCCC,18,3337974
sohAp,20.166666666666668,125,5,CATGCTGGGCCCTCTTCAAG,120,3356615
sohAp,0.6666666666666666,8,5,ATGTTTCCAGATCTTATTTA,3,3350725
sohAp,19.5,121,5,ATGTTCTTTTCCACGGGTGG,116,3347289
sohAp,8.666666666666666,56,5,ATGCTGTACGCAATGGATGG,51,3352990
sohAp,9.333333333333334,60,5,ATGAGGCTAGGATCGCCCGA,55,3338181
sohAp,5.333333333333333,36,5,ATCTATAGGAATCGGCCTTC,31,3359148
sohAp,11.833333333333334,75,5,AGTTACACTCGTGGGCTTAG,70,3354781
sohAp,0.3333333333333333,6,5,AGGCCCATTTGGAGACCCGT,1,3343018
sohAp,16.5,103,5,AGCTATGGTGGGAGTCCTGT,98,3350344
sohAp,0.3333333333333333,6,5,AGCCACGTGGAAAAGCGGGA,1,3356535
sohAp,16.833333333333332,105,5,ACCCCTGCCTGACTTCGGGT,100,3351855
sohAp,27.166666666666668,167,5,ACCAGATCAGGATGACCGTC,162,3357393
sohAp,23.5,145,5,AATCCTTCAGCTGGATGAGC,140,3336847
sohAp,19.833333333333332,123,5,AATAGCTAAGTCTGGGTCTA,118,3347007
sohAp,15.166666666666666,95,5,AAAACGGGATTCTAACAAAG,90,3339590
sohAp,16.8,87,4,TTTGCTATTCCACTTTTTAA,83,3336140
sohAp,18.8,97,4,TTCCAGTGACTAAAGTCATG,93,3344073
sohAp,14.2,74,4,TGCCATTCAAATGTTCTTCC,70,3357764
sohAp,22.6,116,4,TGCAATAAAGGTACTGATAA,112,3342931
sohAp,0.4,5,4,TGAAATCCAGTCACGTACGC,1,3344274
sohAp,16.4,85,4,TCGGATTGAAAATCCTCGAG,81,3346937
sohAp,0.4,5,4,TCGAGCAGTCCTCTTCACGT,1,3358765
sohAp,13.6,71,4,TCCCTAACAGCGGAGTATCA,67,3334494
sohAp,16.6,86,4,TCCCACTAAGAAACCGGAGG,82,3352637
sohAp,51.4,260,4,TATTTGCCAAGTTTAAAAGA,256,3347009
sohAp,3.0,18,4,TATATCGGCAAAAAAGGCAT,14,3355398
sohAp,0.4,5,4,TACTGATGCGCCACGCTCGC,1,3349639
sohAp,5.8,32,4,TAACGGGGGTGCTGCCATCC,28,3334474
sohAp,23.8,122,4,GTCGTGCGGCGTCCACGGTC,118,3338572
sohAp,0.4,5,4,GTCCGGAAGTTACACCCGTC,1,3356146
sohAp,0.4,5,4,GGGATATTGTGTAGCATGTG,1,3351536
sohAp,23.6,121,4,GGAATGCGACCGTTTGGAGA,117,3355557
sohAp,24.0,123,4,GGAAGTATTGACACTTCGTT,119,3353120
sohAp,4.0,23,4,GCGGGGTGAGCTGGGAAATT,19,3335423
sohAp,21.0,108,4,GCGACCCGCGGGAGTTTCTA,104,3353760
sohAp,14.8,77,4,GCCGGCGTAATCAGGCTAAC,73,3344504
sohAp,23.2,119,4,GAGAAACTCTACCCGCGCTC,115,3348092
sohAp,18.8,97,4,GACTGTCTTGCTGACTTATC,93,3341041
sohAp,0.4,5,4,GAATATCTATGAGACACTCA,1,3354822
sohAp,6.2,34,4,CTTGCGGTTAATATGATCCA,30,3349193
sohAp,0.6,6,4,CTTACAATTTCTTTGGCGGA,2,3340499
sohAp,16.8,87,4,CTCTTCTGCGCTTGGGCGAT,83,3340281
sohAp,31.4,160,4,CTCGAGGCCATCCGTGAGGC,156,3357214
sohAp,14.6,76,4,CGGGAATTAGCACGAACTAC,72,3354176
sohAp,18.8,97,4,CGCGCTAGGACCACACGCTG,93,3344133
sohAp,22.4,115,4,CGATGTAATTGTTGTTCTTG,111,3343586
sohAp,0.4,5,4,CCTTCCACTCCCGTCAAACC,1,3341620
sohAp,25.6,131,4,CCGCATCCGCCCAAGTAGAT,127,3347240
sohAp,30.6,156,4,CCCCTCGTTCGGTAAGGATA,152,3354879
sohAp,21.4,110,4,CATCGTTACTTGTTAGCATC,106,3356328
sohAp,42.8,217,4,CACGCGCATGAAAGGATTTG,213,3345569
sohAp,0.6,6,4,ATGGGGGGTGGTCACTGCTA,2,3348934
sohAp,14.8,77,4,ATCTCCGATACTATGACGCT,73,3334884
sohAp,0.4,5,4,ATCCCAACGCTCTAATACGC,1,3334559
sohAp,0.4,5,4,ATAAAGGCTCGCTGGGGTCG,1,3353410
sohAp,0.4,5,4,AGTGTTATAACCTGAAGGCT,1,3348429
sohAp,23.2,119,4,ACCATCCATAGGTTAAGGGT,115,3343296
sohAp,12.0,63,4,ACACAATTTCTGGAGCTTAT,59,3351301
sohAp,0.4,5,4,ACAAATGGAATACGAATAAA,1,3341511
sohAp,0.4,5,4,AATTCTTATTCCACGATGGT,1,3339919
sohAp,13.8,72,4,AATGACAATTGTGAAGGCTA,68,3345948
sohAp,0.5,4,3,TTTTATTGAGGCACTGGGTG,1,3343114
sohAp,23.75,97,3,TTGCGGTTAGCAAAACGAAC,94,3353600
sohAp,12.5,52,3,TTGAGTCGAATCCTGACACT,49,3355636
sohAp,27.0,110,3,TTCCTTTAATAGTTACTTTT,107,3349400
sohAp,21.5,88,3,TTCAGCTTGATTTAGCTGCA,85,3353304
sohAp,92.75,373,3,TGTTTGGGTCACAGCTCGCT,370,3355215
sohAp,26.0,106,3,TGTTTCCTTAGGGGTACTCC,103,3353319
sohAp,0.5,4,3,TGCGGTGTTCAGAGACACTA,1,3351533
sohAp,22.75,93,3,TGCCTATCGATACTCCCGAA,90,3338837
sohAp,17.75,73,3,TCTCGAAAGCCATTCCGTGC,70,3351826
sohAp,14.0,58,3,TCGGACAATTAGGATATAGA,55,3349357
sohAp,25.25,103,3,TCAAGGTGCATGCTGGCTAT,100,3343349
sohAp,87.75,353,3,TAACCCCGGGCGTGTACAAA,350,3353773
sohAp,23.5,96,3,GTTGTGCTCTCTTGATATCC,93,3348065
sohAp,18.5,76,3,GTTATAGTTCAGTGTAGTTA,73,3335758
sohAp,47.25,191,3,GTGCTTTTACCGTAGTCAAA,188,3340772
sohAp,29.5,120,3,GTCTTCACGTGGTGGTACCA,117,3339244
sohAp,28.25,115,3,GTCCACGGGGGTGGGCTGAG,112,3348446
sohAp,9.75,41,3,GTACCCACCGCTCATCAGAA,38,3357944
sohAp,13.25,55,3,GGTGTGATTTAAGGTAGGCT,52,3358530
sohAp,12.5,52,3,GGGTTAAGCTCCTGAGCTCT,49,3358786
sohAp,52.25,211,3,GGGGAGACCGCGGCTGAAAT,208,3353440
sohAp,9.5,40,3,GGAGTATCTGCGAGAACGCG,37,3335050
sohAp,20.75,85,3,GCGGCTTGGGCCGTAGCCCG,82,3354117
sohAp,23.75,97,3,GCCACTCTACACTATCAGTT,94,3350748
sohAp,7.0,30,3,GCAGCTAGATTTAGACTATA,27,3337103
sohAp,12.25,51,3,CTTTAAGGTGAGGAGAGAAG,48,3348299
sohAp,44.25,179,3,CTTCGCGGGATAGACCTCTA,176,3351827
sohAp,9.25,39,3,CTTAACCGCGTGCGTTAGGA,36,3340993
sohAp,30.5,124,3,CTGCTTCGGGGTTAATCCTG,121,3340127
sohAp,26.75,109,3,CTCATTGAGTGATAGACGAA,106,3352201
sohAp,11.75,49,3,CTCAGCACAATCCCGAACCA,46,3352941
sohAp,30.0,122,3,CTAAGATATGTAGTCCGCTC,119,3347436
sohAp,0.5,4,3,CGGGCATATCAGATATAGAC,1,3334112
sohAp,30.5,124,3,CGGGAAGAGGTCATGTTTGA,121,3341785
sohAp,27.75,113,3,CGGACTCCATTCCTTTCTAC,110,3339914
sohAp,32.25,131,3,CCCTTATAGGGTTCTCAAAT,128,3334439
sohAp,0.5,4,3,CCATGGCACAGTCAAAGCTT,1,3357831
sohAp,6.75,29,3,CCAGCGTGTACCGTATAGGG,26,3339674
sohAp,25.75,105,3,CATGATTGATGTCTTCAATT,102,3354656
sohAp,19.0,78,3,CATCTGAGACGCAGGTCCCT,75,3356940
sohAp,17.0,70,3,CATAGGGATGTGCCATTGCC,67,3357318
sohAp,8.0,34,3,ATTACTTAGGCAGAAGATCC,31,3358654
sohAp,14.25,59,3,ATTACTCGGTAAGCCTTAAA,56,3357998
sohAp,30.5,124,3,ATGGATACAGGCCCCGCATT,121,3343784
sohAp,0.5,4,3,ATCTAACGGGTTGGAAATCG,1,3340451
sohAp,19.25,79,3,AGTCGATTTTGGGTAACCTG,76,3346653
sohAp,12.5,52,3,AGTAAACCTAGATCAAGACG,49,3345571
sohAp,0.5,4,3,AGGTGGGCGTCCAGTGTGTT,1,3354071
sohAp,29.0,118,3,AGGGTGAGTAATGACGACTT,115,3342702
sohAp,61.0,246,3,AGACTTATAGGACTTGAATA,243,3335294
sohAp,32.0,130,3,AGACATCTACGGCCATAGTC,127,3352088
sohAp,112.0,450,3,ACGTATCACCGGGTCCAAAA,447,3351299
sohAp,49.5,200,3,ACGATGATTGGATGCATGAT,197,3359152
sohAp,25.0,102,3,ACGAAAATAGCCACTAGCAT,99,3355715
sohAp,0.5,4,3,ACCACTGCCCGCTGAAATTC,1,3354456
sohAp,27.0,110,3,ACAAGGACCTCCTACGGTCG,107,3346827
sohAp,11.5,48,3,AACTATTACCCTGAAAAAGC,45,3355564
sohAp,27.5,112,3,AAACCAGATTACCCCCCGGG,109,3341930
sohAp,29.666666666666668,90,2,TTCTGGGACGTTCTGGAAAC,88,3358155
sohAp,19.333333333333332,59,2,TGTCCCGTGGCCTCAATTGT,57,3343382
sohAp,11.666666666666666,36,2,TGAAGACAACAGACGAGTCT,34,3354087
sohAp,0.6666666666666666,3,2,TCGGTAAAACATTATCTATA,1,3334750
sohAp,62.0,187,2,TCAGCGACTACCCATTAACT,185,3336635
sohAp,7.0,22,2,TATGGGGATAGGGTTAGGAG,20,3356244
sohAp,26.666666666666668,81,2,TATACGGTGCAATATACCAA,79,3349763
sohAp,22.0,67,2,TACTTAACCCGAAACAGTGC,65,3355221
sohAp,26.666666666666668,81,2,GTTTCAAGTTTCTTTTCTTC,79,3357395
sohAp,33.0,100,2,GTGCCCACTCGCCTAAATTC,98,3350929
sohAp,28.0,85,2,GTCCAGCAATCTACCAAGGT,83,3356678
sohAp,9.666666666666666,30,2,GTCAGATGGCACCCGCTTAT,28,3358382
sohAp,0.6666666666666666,3,2,GTATCATCAATCTGGCCGAA,1,3343794
sohAp,30.666666666666668,93,2,GTACCTTCGCTCTTAGGCGA,91,3350273
sohAp,31.333333333333332,95,2,GGCGTTCCCTCGCTGTGCGT,93,3340262
sohAp,0.6666666666666666,3,2,GGACTTACCGCCATTATCGA,1,3358740
sohAp,5.333333333333333,17,2,GGACTGGATATTAACGCCAA,15,3353540
sohAp,0.6666666666666666,3,2,GCTTGACAACCAGCTGGGTT,1,3337972
sohAp,30.0,91,2,GCTTGAATATAGCTATCAAT,89,3354279
sohAp,24.333333333333332,74,2,GCGTGGGCGTGCGCATCCTT,72,3358611
sohAp,0.6666666666666666,3,2,GCGCATAGACAAACTCCGAA,1,3345289
sohAp,34.333333333333336,104,2,GCCTCGGCTCAATCTCGGAT,102,3351519
sohAp,54.333333333333336,164,2,GCATGCCCCCCAAAATCACC,162,3337094
sohAp,0.6666666666666666,3,2,GCAGGGATTTCACACCGTCA,1,3351699
sohAp,0.6666666666666666,3,2,GCACATGCTGATAAGTCCTC,1,3341590
sohAp,27.333333333333332,83,2,GATTGCTAATCTCTGTACGA,81,3354073
sohAp,32.666666666666664,99,2,GATTAATAGATGGCGAGGCT,97,3341730
sohAp,1.0,4,2,GAATAGACGTTTGACATAGG,2,3349327
sohAp,31.0,94,2,CTTACGTGTTCAAAGAAAGG,92,3341837
sohAp,21.333333333333332,65,2,CTCACCATTGAGAACTATTA,63,3336761
sohAp,0.6666666666666666,3,2,CGGTCGCGTGGAATGACCGT,1,3341107
sohAp,30.666666666666668,93,2,CCTACCGCCGGTTACCTCGG,91,3356704
sohAp,0.6666666666666666,3,2,CCGACAGTCTATCCGGGCGT,1,3348705
sohAp,29.0,88,2,CCCTTATACCTAAGTTTGCC,86,3355040
sohAp,35.666666666666664,108,2,CCCGAAACAGTCGGACAGAG,106,3344519
sohAp,0.6666666666666666,3,2,CATCTATGAACATGCTGATT,1,3343013
sohAp,26.0,79,2,CAGGATGAAGGGTGTTTAAA,77,3344874
sohAp,27.666666666666668,84,2,ATTCTTGGGCAGACCGTCCC,82,3358383
sohAp,28.666666666666668,87,2,ATTAGGTTTTAGACAAGTTA,85,3351580
sohAp,31.0,94,2,ATGGTCAAACAGGGGTAAGT,92,3353146
sohAp,27.666666666666668,84,2,ATACTGCGAATCTGGCATCG,82,3357404
sohAp,8.666666666666666,27,2,AGGCGTAGTCACTCGCGAGG,25,3340694
sohAp,0.6666666666666666,3,2,AGGCGTAGATTAAAGCTTTT,1,3336679
sohAp,0.6666666666666666,3,2,AGGCGAAACAGGTTCGGGGT,1,3344964
sohAp,0.6666666666666666,3,2,AGCGTTCGGCACCCTTACTC,1,3348643
sohAp,0.6666666666666666,3,2,AGACACACGAAAGTGCGCCG,1,3334216
sohAp,37.0,112,2,ACAGTGAGACCGCTTCGTAA,110,3351516
sohAp,44.0,133,2,AACAGCATCGTTCGAACAGA,131,3334517
sohAp,27.5,55,1,TTAACCTTCGGACTGCTAAG,54,3353775
sohAp,43.5,87,1,TGCAGGCAGAGTAACACAAT,86,3358545
sohAp,84.5,169,1,TCTTGAATAGACAGTTTGCT,168,3353769
sohAp,1.0,2,1,TCCACCGATGCTGTGTTTCA,1,3354198
sohAp,19.0,38,1,TCAGCTGCAAGCTTCGGATG,37,3358202
sohAp,1.0,2,1,TCAAACAGGAGAGACTGTCG,1,3336148
sohAp,1.0,2,1,TACACGTTACCCGATACTCA,1,3349119
sohAp,28.5,57,1,GTAGTAGCTAATCGCACTTA,56,3340349
sohAp,48.5,97,1,GGTTAAAAATCTGTAATCTA,96,3351740
sohAp,8.5,17,1,GGGGCTATCTTACGTTCTAA,16,3348199
sohAp,1.5,3,1,GGGGAGAACTGCCACCTTTA,2,3354995
sohAp,42.5,85,1,GGAGAGATCCAGAGCTGTTT,84,3348270
sohAp,1.0,2,1,GGAAAGATCGAGTTTAGTCC,1,3346443
sohAp,1.0,2,1,GCGGGCCGAACCTACATGGG,1,3346330
sohAp,1.0,2,1,GCATGGACGGGACCCAATTC,1,3340044
sohAp,8.0,16,1,GATCACCCAGTGCATGGAAG,15,3358487
sohAp,44.0,88,1,GACCAGCACAAGCACCAGAA,87,3339891
sohAp,22.0,44,1,CTTGTGTCTTTAAGCGTGTG,43,3339041
sohAp,65.5,131,1,CTTGGCTCTGCCTCCAAGAA,130,3351485
sohAp,2.5,5,1,CTCCCTGCCCGTGCTTCAGT,4,3348589
sohAp,58.5,117,1,CTCCCAAATCATCCATCTTT,116,3353692
sohAp,1.0,2,1,CTATCCCACACTAGACGCAA,1,3358309
sohAp,36.0,72,1,CTAAAGGAACGGAAATCCAT,71,3339295
sohAp,1.0,2,1,CGTACCACACTCGGAACCAG,1,3354281
sohAp,58.5,117,1,CGGCTCCTTTGGCTAAGGCT,116,3356584
sohAp,1.0,2,1,CGGCATTGTTTTGTGTCGGA,1,3352850
sohAp,20.5,41,1,CGCAAGTTTCTCAGGAGCTA,40,3337944
sohAp,63.5,127,1,CCTTATACAAATGACATCAT,126,3346039
sohAp,62.5,125,1,CCGCCAGCTATATCCAAAGA,124,3339010
sohAp,35.0,70,1,CACCGGAGAGTTAATGGCCT,69,3344145
sohAp,1.0,2,1,ATTCGTATAAGATCAAAACT,1,3348547
sohAp,1.0,2,1,ATGTTCCGTGCCAAGGATAC,1,3348393
sohAp,1.0,2,1,ATGCAAAGTACAGATAGGGT,1,3336957
sohAp,34.0,68,1,ATGATGGCGGGACCCATGCC,67,3334347
sohAp,1.0,2,1,ATCCTAAAGGGGGGGACTGA,1,3350049
sohAp,41.0,82,1,ATATCGGGTCGTAGTGTTTA,81,3355038
sohAp,1.0,2,1,ATAGACTAGAATTCCGCGTT,1,3346439
sohAp,47.5,95,1,ATACTAATGCGGCACATCAA,94,3354662
sohAp,1.0,2,1,AGGTGATAACAGAGTCGAGT,1,3357281
sohAp,65.5,131,1,AGCATGAGAACCACGCTTCA,130,3358371
sohAp,74.0,148,1,AGACTGATGTGCCGATTCTA,147,3340747
sohAp,52.5,105,1,AGACAAGGGTAAGGTACCCG,104,3337086
sohAp,65.5,131,1,ACCTGAGTCAGGATTGAACA,130,3357769
sohAp,0.01,99,99,TAAGGTCTGAGGTACGGCAG,0,3333940
sohAp,0.010416666666666666,95,95,AAGTGGGCGACTGACAACGT,0,3337692
sohAp,0.011111111111111112,89,89,ACGGGAGTTTAGGCGCGGGT,0,3334006
sohAp,0.011235955056179775,88,88,CCGGATAATACGGGGATAGC,0,3342322
sohAp,0.012345679012345678,80,80,AGAGTTGCTCGCTGCCATAG,0,3334724
sohAp,0.01282051282051282,77,77,AACATTCGATTGGATTGGGT,0,3336527
sohAp,0.013157894736842105,75,75,CCGGATATGGTTGGCGGAAA,0,3333692
sohAp,0.014084507042253521,70,70,GCTAGCAGCCTCTAGGGTTG,0,3335190
sohAp,0.014084507042253521,70,70,ACGTTTGCAGATAATGCGTT,0,3355762
sohAp,0.014285714285714285,69,69,GCTCATGAAAGCGTCGGGCA,0,3333910
sohAp,0.014285714285714285,69,69,CTGCCGGCGGCCCGGATACG,0,3333857
sohAp,0.014925373134328358,66,66,AGACTTGGTCGCACCAACGT,0,3344196
sohAp,0.015151515151515152,65,65,TTTTGCACGGCGCGCTTTCA,0,3354693
sohAp,0.015384615384615385,64,64,GCGCGGTACGTGAGGTTACC,0,3342611
sohAp,0.015384615384615385,64,64,CGCCACGACGGCATCTCTAT,0,3355102
sohAp,0.015384615384615385,64,64,AAATAGTTGGACGGCGCCTA,0,3335792
sohAp,0.015625,63,63,CAACGCAGTAGATCCGTGAA,0,3355299
sohAp,0.015873015873015872,62,62,TCAGAACTGAAGGACTGCTC,0,3341137
sohAp,0.015873015873015872,62,62,GGCAAGGCGTACTGGCGACC,0,3333769
sohAp,0.015873015873015872,62,62,CGAGGAACGGAGATTTGGGT,0,3335265
sohAp,0.016129032258064516,61,61,TACACCGGAGGATCCAGATT,0,3334898
sohAp,0.01639344262295082,60,60,CGGCCCCAGTCCGTAGTTTA,0,3334706
sohAp,0.017241379310344827,57,57,CCAACAATGGATGCCAGTTG,0,3349151
sohAp,0.017543859649122806,56,56,TCAATTAGGGCGAGTGAGCG,0,3333712
sohAp,0.017543859649122806,56,56,AGGATGCATGACGAAGACTG,0,3353232
sohAp,0.017857142857142856,55,55,GGACAATTCCCTGAGACTCC,0,3334775
sohAp,0.017857142857142856,55,55,CCATCATTACCGGCGGAGAG,0,3338430
sohAp,0.017857142857142856,55,55,CCAGAGAGTGAATCTGGGGA,0,3334168
sohAp,0.017857142857142856,55,55,ATACAGTGACGACGGCTTAA,0,3335402
sohAp,0.01818181818181818,54,54,GTCTCGGCTTTCGTGGGCCT,0,3334055
sohAp,0.01818181818181818,54,54,CACTTGCTAGTGTACCGTTG,0,3346862
sohAp,0.018518518518518517,53,53,AATACGGGAATGTTGTCAGG,0,3334611
sohAp,0.019230769230769232,51,51,TTCGTGTGGTATTTCTCTAC,0,3347856
sohAp,0.019230769230769232,51,51,TCTTATCTCGTAGTAGCTGT,0,3338928
sohAp,0.019230769230769232,51,51,GCTTAGTAAGGTACGCGGGT,0,3338957
sohAp,0.019230769230769232,51,51,GCTGGTATCGCTTACCACAA,0,3340308
sohAp,0.019230769230769232,51,51,GACTTGCACATAAAGACCGT,0,3336555
sohAp,0.019230769230769232,51,51,CTCCCGATATCCCACCATGA,0,3343833
sohAp,0.019230769230769232,51,51,ACGCGTTTCTTGGACGTTTT,0,3333735
sohAp,0.0196078431372549,50,50,TAAAGGGAAGACGTACTGGT,0,3350756
sohAp,0.0196078431372549,50,50,CGGAGTGTTCTATGTTTCTG,0,3343011
sohAp,0.0196078431372549,50,50,ACGAATAAAAAGGAACACTA,0,3338859
sohAp,0.02040816326530612,48,48,GAGGAGTCTGATATTGGGTA,0,3356066
sohAp,0.02040816326530612,48,48,CCATACACAGAACGCGACTG,0,3350529
sohAp,0.02040816326530612,48,48,CAGGATCCGGCAATGTTCAA,0,3336306
sohAp,0.02040816326530612,48,48,CAAGCCAGCGCCCCAGTAAA,0,3349311
sohAp,0.02040816326530612,48,48,AGGCATAGAGACGACAGTGC,0,3351811
sohAp,0.02040816326530612,48,48,ACCGAATTCTACAGGGCATT,0,3343763
sohAp,0.020833333333333332,47,47,AGAATCGGCAACCTAGCCCT,0,3334509
sohAp,0.02127659574468085,46,46,TGCCAAAGACACATAATTGC,0,3336776
sohAp,0.02127659574468085,46,46,GCCTGTATTCGTATACGAGA,0,3338601
sohAp,0.02127659574468085,46,46,GCAGCGCGTCTTAGCGCCGC,0,3337508
sohAp,0.02127659574468085,46,46,CGGCGGTCCGGGCGAACGCA,0,3351093
sohAp,0.02127659574468085,46,46,CCACAACTGGCATTGCGGCC,0,3338124
sohAp,0.02127659574468085,46,46,ATTTTGTTGCGAATAGCAAT,0,3340901
sohAp,0.021739130434782608,45,45,GTAAGATATACCTGGTGTCA,0,3334521
sohAp,0.022222222222222223,44,44,TTTCATCATACGGTTGGGGA,0,3355287
sohAp,0.022222222222222223,44,44,GCCGACCTTTTGAGAAGGCC,0,3350352
sohAp,0.022222222222222223,44,44,CGCAACTCGGCCATATGGAC,0,3355909
sohAp,0.022222222222222223,44,44,CAGGGAGATGCGTGACGTGT,0,3355070
sohAp,0.022727272727272728,43,43,CGCCGAGACCGGAGCTTCAA,0,3348228
sohAp,0.023255813953488372,42,42,AGGACCGATAGGGTATGCGT,0,3350722
sohAp,0.023255813953488372,42,42,AGCTGAATAGCATGATCTAT,0,3337260
sohAp,0.023255813953488372,42,42,AGAATGGTGATACTCCGAGG,0,3336357
sohAp,0.023255813953488372,42,42,ACGTAGGCCATTCCACTTTA,0,3336661
sohAp,0.023255813953488372,42,42,AATCGACGAGAGTCAAAATC,0,3345765
sohAp,0.023809523809523808,41,41,ATTAGTAGCCCGACCCAGGG,0,3343745
sohAp,0.024390243902439025,40,40,TTGGGCTTCGGAGATGGTCT,0,3335187
sohAp,0.024390243902439025,40,40,TTAAACGATTTCCTCGCAGT,0,3339525
sohAp,0.024390243902439025,40,40,TCTCCCAACGGATGGAACTC,0,3358070
sohAp,0.024390243902439025,40,40,GTCCAATTAGCGCCCAAGAG,0,3340687
sohAp,0.024390243902439025,40,40,GGTACGAACAGCTTTTGAAA,0,3337376
sohAp,0.024390243902439025,40,40,CGTCATGCTTTAAGAAAGCG,0,3337734
sohAp,0.024390243902439025,40,40,CCTTAGCACATCTCGTTTCA,0,3343848
sohAp,0.024390243902439025,40,40,CCCTATAACTCGTGTTAGTC,0,3335435
sohAp,0.025,39,39,TACGTGCACAATTCCCTATA,0,3334300
sohAp,0.025,39,39,GTCTCTATCGGTGGGTCGTT,0,3347092
sohAp,0.025,39,39,GGTTTTCCCCCCGGCGCTTG,0,3340217
sohAp,0.025,39,39,GAACACTTACTGAGTGAAGA,0,3341412
sohAp,0.025,39,39,CACGACTGTTATCCCCAGGT,0,3338835
sohAp,0.025,39,39,CACACAATCGCCCTACAGTA,0,3336728
sohAp,0.02564102564102564,38,38,TGGCTGGATGCCTAATGCAA,0,3348639
sohAp,0.02564102564102564,38,38,GTTTAGCATCGGAACGGTTT,0,3337790
sohAp,0.02564102564102564,38,38,GCCCGCGTAAAGTAGATCAT,0,3337736
sohAp,0.02564102564102564,38,38,CTGTGTTGATTATTGTACGT,0,3338694
sohAp,0.02564102564102564,38,38,CGTGGTCTAGATTGGACACG,0,3337632
sohAp,0.02564102564102564,38,38,CAATAGACACAAATATGGCA,0,3350002
sohAp,0.02564102564102564,38,38,ATGGGCGTGACTCCCCGAGT,0,3340034
sohAp,0.02564102564102564,38,38,ATAGCGGTTGATGAGCCTTA,0,3350085
sohAp,0.02564102564102564,38,38,AGTGTATGATGGTTGGAAAC,0,3349118
sohAp,0.02564102564102564,38,38,AAGCTCGCAAGGAGCTATGA,0,3346989
sohAp,0.02631578947368421,37,37,TGGGGTACGCGTGTTCGCAA,0,3334385
sohAp,0.02631578947368421,37,37,GTACCGAATCAGGGCCTATG,0,3334937
sohAp,0.02631578947368421,37,37,CTCCTTTCCCACTTGGACTG,0,3347824
sohAp,0.02631578947368421,37,37,CCGTGATCTAAGAGCATACC,0,3342678
sohAp,0.02631578947368421,37,37,CCCTCGGGGCTTGCCAGCAG,0,3346155
sohAp,0.02631578947368421,37,37,ACATAGGCCTTATGCCGTAC,0,3338648
sohAp,0.02702702702702703,36,36,TTTATACCATCGGGAGCGCT,0,3337760
sohAp,0.02702702702702703,36,36,TGAGTGTCGCTCTGCTGAAT,0,3341628
sohAp,0.02702702702702703,36,36,TCTGGAAACGAAAGTACCAA,0,3347400
sohAp,0.02702702702702703,36,36,GGTTCAAAAACTTGTGAGGT,0,3335717
sohAp,0.02702702702702703,36,36,GGGGTTGACAATCCCCCCGG,0,3348347
sohAp,0.02702702702702703,36,36,GCTTGGGCATTTCAATCCTG,0,3335686
sohAp,0.02702702702702703,36,36,GCTCTTTCAAGGGGCGAATG,0,3346682
sohAp,0.02702702702702703,36,36,GCGTTATTGCTCTCTGTGTC,0,3340805
sohAp,0.02702702702702703,36,36,CTTGCTAGTATGGCGTATAT,0,3353334
sohAp,0.02702702702702703,36,36,CTAATGGCCAATATTCCTGA,0,3338289
sohAp,0.02702702702702703,36,36,AGTCCGGACTCACACCGCTG,0,3348152
sohAp,0.02702702702702703,36,36,ACTCACCGGAATGAAGCACA,0,3351227
sohAp,0.027777777777777776,35,35,TTGGCGGGAGCCCCCAGATC,0,3341186
sohAp,0.027777777777777776,35,35,TGCTAGTACTTGGTCGGATT,0,3336817
sohAp,0.027777777777777776,35,35,TACAGTTTGGGACCGTATCG,0,3334335
sohAp,0.027777777777777776,35,35,GGCAGTTTCTCGGACAGCTG,0,3335222
sohAp,0.027777777777777776,35,35,GATACGTCCGTGCGCCTAAT,0,3342994
sohAp,0.027777777777777776,35,35,CTTGCGATTACTGGCAACCG,0,3346549
sohAp,0.027777777777777776,35,35,CTGTGAGGTGGGGGTCCCAT,0,3335046
sohAp,0.027777777777777776,35,35,CGGGGAGGGCAGTTAGCCGT,0,3335188
sohAp,0.027777777777777776,35,35,CGCCATGCGAGGTCAATTTA,0,3349626
sohAp,0.027777777777777776,35,35,ATTACAAGCAACCCGAGCCA,0,3342529
sohAp,0.027777777777777776,35,35,ATGCGCTCCCAGTCCTTTTC,0,3342458
sohAp,0.027777777777777776,35,35,ATCCGTCCCACGGGGAGAAC,0,3335655
sohAp,0.027777777777777776,35,35,ACTGGATGGTAGCGCTGTAC,0,3353135
sohAp,0.027777777777777776,35,35,AATCTTTCTAGGTTGGGTGT,0,3335008
sohAp,0.02857142857142857,34,34,TGTGAGTGGACACTATTGAT,0,3337510
sohAp,0.02857142857142857,34,34,TCGGCGACAGGAGCGTTATT,0,3349457
sohAp,0.02857142857142857,34,34,TAAATCTAAGGCGATTCGGA,0,3333976
sohAp,0.02857142857142857,34,34,GTTGATTGACCTTCGAGCTT,0,3336363
sohAp,0.02857142857142857,34,34,GTGTGATCCAAGGCAGTCAA,0,3347355
sohAp,0.02857142857142857,34,34,GGTTTATCCTGTCGTCACTT,0,3343724
sohAp,0.02857142857142857,34,34,GGGGGGACAATTTAAATAGT,0,3353566
sohAp,0.02857142857142857,34,34,GGCAAGCTCAATCATGGTCA,0,3334007
sohAp,0.02857142857142857,34,34,GGATGGTCTCCTCGGCGAAA,0,3350106
sohAp,0.02857142857142857,34,34,GGATCAAAGAATATGTTGGA,0,3338934
sohAp,0.02857142857142857,34,34,GCGAGAGGGGGTGTCGGAGC,0,3344687
sohAp,0.02857142857142857,34,34,GACGAGGATCCGCCGAACAC,0,3351686
sohAp,0.02857142857142857,34,34,CGTATCTCAATAGTCCAAGT,0,3333927
sohAp,0.02857142857142857,34,34,CGTAACGGGTTGCCTGGTAA,0,3349377
sohAp,0.02857142857142857,34,34,CCTACGATTAACTACAATGT,0,3338774
sohAp,0.02857142857142857,34,34,CCAGGTTTTTACCGATATTG,0,3339142
sohAp,0.02857142857142857,34,34,ATGACGAGCTGAACATAAAG,0,3346943
sohAp,0.02857142857142857,34,34,AGGTGCGCGGCGCAGCCAGT,0,3340991
sohAp,0.02857142857142857,34,34,ACGGAAACTTGGTACGTCGT,0,3343984
sohAp,0.029411764705882353,33,33,TTAACCAGCCACACGAAACA,0,3349698
sohAp,0.029411764705882353,33,33,TGGGAGACTCACGATCGGTT,0,3342457
sohAp,0.029411764705882353,33,33,TGCTGAGCGGATCGGGTCCA,0,3339356
sohAp,0.029411764705882353,33,33,GTCTGGTGGGGACGTCGTAG,0,3339657
sohAp,0.029411764705882353,33,33,GGTGCCTTTCAAGGGCTGGT,0,3338880
sohAp,0.029411764705882353,33,33,GGCGTTCCTGTGGCATGCGA,0,3334609
sohAp,0.029411764705882353,33,33,GGCAGTCCGACCCGGAGAAT,0,3342361
sohAp,0.029411764705882353,33,33,CCGCTCGATCCCGGTCCGCA,0,3354376
sohAp,0.029411764705882353,33,33,CAAAGGAACAATCCTCCTGT,0,3352878
sohAp,0.029411764705882353,33,33,ATGTGGTGGCATACCAGTAT,0,3340075
sohAp,0.029411764705882353,33,33,ATAGTATTCTTGGGTAATCT,0,3344037
sohAp,0.029411764705882353,33,33,ACAACTACACTGATTAGAGT,0,3334012
sohAp,0.029411764705882353,33,33,AAGTCTCTTTAGCGTTAGTA,0,3339510
sohAp,0.030303030303030304,32,32,TGTACTGAAGGCGGCCCCAG,0,3345276
sohAp,0.030303030303030304,32,32,TGATAAGCCTTTACTATCTT,0,3354457
sohAp,0.030303030303030304,32,32,TAGATGGCGAGATTAATGGA,0,3342720
sohAp,0.030303030303030304,32,32,GTCTTTAGATGGTAGCGCCC,0,3356257
sohAp,0.030303030303030304,32,32,GTCGTTGCCAGTTCTCTCGA,0,3338922
sohAp,0.030303030303030304,32,32,GTACAAGGAATGCAGAAGGG,0,3336307
sohAp,0.030303030303030304,32,32,GGGATTCCCATAGTGGGTTT,0,3341959
sohAp,0.030303030303030304,32,32,GGACGCGCTAAACTATACGA,0,3349744
sohAp,0.030303030303030304,32,32,GGACATTTTCAACCGTTGGA,0,3354684
sohAp,0.030303030303030304,32,32,GCAGAGTGAAACTCAGTTTG,0,3352558
sohAp,0.030303030303030304,32,32,GAACGAGTTAAACTTTACAA,0,3350295
sohAp,0.030303030303030304,32,32,GAACCGTCGGATTCGAGCGT,0,3339508
sohAp,0.030303030303030304,32,32,CGGGGACGTAGTTGGCTCCG,0,3334107
sohAp,0.030303030303030304,32,32,CCCTGGCAAAGACATTTGAA,0,3346716
sohAp,0.030303030303030304,32,32,CCCAGCCGGGCCTGGGGGCA,0,3339824
sohAp,0.030303030303030304,32,32,CCCACCATGCCTTATTTTGT,0,3335189
sohAp,0.030303030303030304,32,32,CCACCTACGAAAGCACGCTG,0,3347117
sohAp,0.030303030303030304,32,32,CCAAACCTAGTTCCAAAATC,0,3354158
sohAp,0.030303030303030304,32,32,ATGTCCAGGCATGTGCGAGA,0,3341156
sohAp,0.030303030303030304,32,32,ATCTGGGGTCACTAAAACGA,0,3344643
sohAp,0.030303030303030304,32,32,AGGACTTGCCGCGGTACAAC,0,3343747
sohAp,0.030303030303030304,32,32,AGACACTTAGACCGTCCTGC,0,3337568
sohAp,0.030303030303030304,32,32,ACGCTGTGTAGATTCGAGAG,0,3337745
sohAp,0.030303030303030304,32,32,ACGAGGGGCACTTACAAAAG,0,3337240
sohAp,0.030303030303030304,32,32,AACGGCGGTGTCAGGGTTTC,0,3335719
sohAp,0.03125,31,31,TTTCGTGTACGCACGAGCGG,0,3342366
sohAp,0.03125,31,31,TAAATAGCCACTCACACGAA,0,3343485
sohAp,0.03125,31,31,GTCAGCACTTTTAAGGAACG,0,3357588
sohAp,0.03125,31,31,GGCGGATGCGCAACTTGGAG,0,3334251
sohAp,0.03125,31,31,GGCAAGCATCCAAACCTATA,0,3358950
sohAp,0.03125,31,31,GCTGTTAAATGCCGGACAGT,0,3350048
sohAp,0.03125,31,31,GCCTCTGGAGTGCGGCTGTT,0,3339077
sohAp,0.03125,31,31,GCCGGATTACTAAGCGGTAG,0,3341617
sohAp,0.03125,31,31,GCAAATAACTTTGGTCAACG,0,3335415
sohAp,0.03125,31,31,GATTCGGAATTTACTTTGGA,0,3347308
sohAp,0.03125,31,31,GAGCATAGGACGCATTTTAC,0,3340902
sohAp,0.03125,31,31,CTACTCGACTTATCAGTTTG,0,3335877
sohAp,0.03125,31,31,CGTTGCGTGACATTTATGTG,0,3355683
sohAp,0.03125,31,31,CCTCAGGGTGGAATGAAGTT,0,3353820
sohAp,0.03125,31,31,CACCGAATCTTCCACCCAGT,0,3348882
sohAp,0.03125,31,31,AGTGCGTTCGTCTGTTGTAC,0,3349994
sohAp,0.03125,31,31,AGTGACCGGGAGCAGCAGAA,0,3339935
sohAp,0.03125,31,31,ACGTTGCGATCATGTAGGGA,0,3337329
sohAp,0.03225806451612903,30,30,TTTGCGTAGGATTTTACCTT,0,3343048
sohAp,0.03225806451612903,30,30,TTGAGCTTACTTTAGTGAGT,0,3349157
sohAp,0.03225806451612903,30,30,TGGTTGTTCACCAAGAACTC,0,3351090
sohAp,0.03225806451612903,30,30,TGCGTATTGCATTGAGTCTT,0,3341622
sohAp,0.03225806451612903,30,30,TGCGAAGTCTCGCCAAAGAA,0,3334999
sohAp,0.03225806451612903,30,30,TCCCGTGATGCGAGTGATGT,0,3345950
sohAp,0.03225806451612903,30,30,TCATAGCGCCGTATTATAGT,0,3334334
sohAp,0.03225806451612903,30,30,TAGGATTCTAAAATCATGGG,0,3349393
sohAp,0.03225806451612903,30,30,GTCTAAATTGAGGACACCCC,0,3336081
sohAp,0.03225806451612903,30,30,GGATGCGTAAGAGCTCAGCA,0,3343540
sohAp,0.03225806451612903,30,30,GGACTATGATGAGTCAAGGC,0,3335803
sohAp,0.03225806451612903,30,30,GCTGGCTACAGGAGATCACA,0,3340700
sohAp,0.03225806451612903,30,30,GCCACCAGCCCAACGGATCA,0,3340473
sohAp,0.03225806451612903,30,30,GATGGGTCTAAATACAGGTA,0,3353650
sohAp,0.03225806451612903,30,30,GACTCGGTCTAACCGTCTTG,0,3347812
sohAp,0.03225806451612903,30,30,CTGTCTGCTAATCGATTGCA,0,3334826
sohAp,0.03225806451612903,30,30,CGCATCCTTATTCTTTCTAC,0,3341979
sohAp,0.03225806451612903,30,30,CCGTGATACTGATTGGAACA,0,3356068
sohAp,0.03225806451612903,30,30,CCGCGTGCGACCTCGGTAAA,0,3338221
sohAp,0.03225806451612903,30,30,CCACTCCCCCCTTAAGAGAA,0,3349309
sohAp,0.03225806451612903,30,30,CATGCGTGTGGTTCCGAGAT,0,3336587
sohAp,0.03225806451612903,30,30,CAGATCGAGGACCAAGCCTC,0,3334660
sohAp,0.03225806451612903,30,30,CACTGCGTTAACGCCAGCAT,0,3340727
sohAp,0.03225806451612903,30,30,ATTAGTTAGCTATGTATTCG,0,3343633
sohAp,0.03225806451612903,30,30,ATGCTGCCCGAGCCTGATAA,0,3337030
sohAp,0.03225806451612903,30,30,ATAGTAAGTTAGCATTCACG,0,3343767
sohAp,0.03225806451612903,30,30,AGAAGTGGCATGGACTTAGT,0,3342234
sohAp,0.03225806451612903,30,30,ACTGTTTGTCTAGAGCGTGG,0,3334674
sohAp,0.03225806451612903,30,30,ACCTAGTACAGGATCTTACG,0,3337411
sohAp,0.03225806451612903,30,30,AAACCGGGTATTCATTGCGT,0,3335063
sohAp,0.03333333333333333,29,29,TTCGTTGTGGCGTCACGTTG,0,3345438
sohAp,0.03333333333333333,29,29,TGGTGCAGGGGTTCAGACCC,0,3354329
sohAp,0.03333333333333333,29,29,TGGCTCCGCTAATGGATCAT,0,3346274
sohAp,0.03333333333333333,29,29,TGAGCCTCAACAAGAACGCA,0,3340921
sohAp,0.03333333333333333,29,29,TCTCTTACTGATAGCGAGGG,0,3343462
sohAp,0.03333333333333333,29,29,TATTTGTAGGGGTTGTGGTC,0,3339780
sohAp,0.03333333333333333,29,29,GTCGATTCCAAGGGGACCCA,0,3344609
sohAp,0.03333333333333333,29,29,GTCAAGGAACAATGGGGATT,0,3346351
sohAp,0.03333333333333333,29,29,GTAGCTAGCCGGATGCACAG,0,3347500
sohAp,0.03333333333333333,29,29,GGTGACTGGGCTGCGCGTAA,0,3356475
sohAp,0.03333333333333333,29,29,GCTGCATTGCACGCGCGTTG,0,3335927
sohAp,0.03333333333333333,29,29,GCCGTGTAATTCTTTGCGCT,0,3340858
sohAp,0.03333333333333333,29,29,GATCACCGGAGGACCTACAG,0,3343509
sohAp,0.03333333333333333,29,29,GACTCTCAACGGGTGTTACT,0,3338723
sohAp,0.03333333333333333,29,29,GAACATTAAGGGCGATTAAA,0,3341155
sohAp,0.03333333333333333,29,29,CTTCCCTGGGAGGATGCTGA,0,3344796
sohAp,0.03333333333333333,29,29,CTGATATTGGTCGCTCTGGA,0,3345711
sohAp,0.03333333333333333,29,29,CTAGTCCCGGGACGATGCTG,0,3337452
sohAp,0.03333333333333333,29,29,CGCTATGCAACTACAAACAC,0,3337426
sohAp,0.03333333333333333,29,29,CGAGGTCATTACCTCTGATT,0,3357050
sohAp,0.03333333333333333,29,29,CCCCCCAGAGCTGGAAGACA,0,3349191
sohAp,0.03333333333333333,29,29,CCAAGTCTCACATCGCACGA,0,3337712
sohAp,0.03333333333333333,29,29,CAGCTCGGCTCAAAGAACGG,0,3353743
sohAp,0.03333333333333333,29,29,CAGACGAAAGAATATTCATT,0,3333713
sohAp,0.03333333333333333,29,29,CACGCTGTCGGCCCGGGGTA,0,3334139
sohAp,0.03333333333333333,29,29,ATACGGTTGCAAGACCCAAC,0,3352783
sohAp,0.03333333333333333,29,29,AGTACAAGCCGGGGCTCAAG,0,3353587
sohAp,0.03333333333333333,29,29,AGCTATCGGATTGGAATTCG,0,3336234
sohAp,0.03333333333333333,29,29,AGAGTGATATCTGCTAGGGT,0,3334391
sohAp,0.03333333333333333,29,29,ACTTAGATTACCTGAGTTCT,0,3345708
sohAp,0.03333333333333333,29,29,ACCGAGCGCTCTACAGGAAT,0,3351279
sohAp,0.03333333333333333,29,29,ACCCGATCCACCTTAACCTT,0,3344580
sohAp,0.03333333333333333,29,29,ACAGGGAATGCCCTGGTATT,0,3350441
sohAp,0.03333333333333333,29,29,AATCGCGACGCCTCAGTTCC,0,3355937
sohAp,0.03333333333333333,29,29,AACTGAGCACTCTTCTGGAC,0,3334430
sohAp,0.034482758620689655,28,28,TTCCATCGTGACTAACTCAG,0,3335777
sohAp,0.034482758620689655,28,28,TTACCTCCGTAGCCATAGCA,0,3357109
sohAp,0.034482758620689655,28,28,TGCGATAGGTGTGAACGTTA,0,3338204
sohAp,0.034482758620689655,28,28,TGCATAGACTCCTCATGTAG,0,3340807
sohAp,0.034482758620689655,28,28,TCTTCGACGGTTCGCAGAGT,0,3358967
sohAp,0.034482758620689655,28,28,TCTCATCGGGAAACGGACAA,0,3336608
sohAp,0.034482758620689655,28,28,TCGCTGCGTGGTCAACCCAT,0,3348700
sohAp,0.034482758620689655,28,28,TCCAGCCAGGCCTCTATTCA,0,3351901
sohAp,0.034482758620689655,28,28,TCACGGGCAATGGTCTGAGT,0,3341466
sohAp,0.034482758620689655,28,28,TAGGTGGGTAGGACAAGAAT,0,3349330
sohAp,0.034482758620689655,28,28,TAGCTTCGGTAAGGTACTAT,0,3351450
sohAp,0.034482758620689655,28,28,TAGCCACAGTGCTCCACGTA,0,3356965
sohAp,0.034482758620689655,28,28,TAAATCTAGCGCGGTGGCAA,0,3335309
sohAp,0.034482758620689655,28,28,GTTAGGAGAGAGGAACAAGC,0,3343122
sohAp,0.034482758620689655,28,28,GTCGTCTTTGGAGCATTTTG,0,3337950
sohAp,0.034482758620689655,28,28,GTATCGATTATACATTATTG,0,3345789
sohAp,0.034482758620689655,28,28,GGGGGTCGTACATCCGTGCC,0,3343512
sohAp,0.034482758620689655,28,28,GGCCCGGCCGCATGGCATAA,0,3345402
sohAp,0.034482758620689655,28,28,GCCGGCCATATGTCCCCGCG,0,3346528
sohAp,0.034482758620689655,28,28,GCACGGTAACCCCACAGCCT,0,3344131
sohAp,0.034482758620689655,28,28,CTTAGATAGGCTTCTTGACG,0,3335569
sohAp,0.034482758620689655,28,28,CTGGGCGTACAAGCGTACGA,0,3337791
sohAp,0.034482758620689655,28,28,CTGCAATCGCCCCTAGAGTA,0,3340622
sohAp,0.034482758620689655,28,28,CTAGGTCCGCAACCAAGTGT,0,3350688
sohAp,0.034482758620689655,28,28,CCCTAAGTCTTGGAAGAGAG,0,3346754
sohAp,0.034482758620689655,28,28,CATTTCTGGCCTGGACTGGG,0,3338172
sohAp,0.034482758620689655,28,28,CAGTTACCTCCCTTATCTGA,0,3334473
sohAp,0.034482758620689655,28,28,ATGACTAGAGGCCTCCGGCA,0,3344110
sohAp,0.034482758620689655,28,28,AGTTGATACTACTATCCGTG,0,3346527
sohAp,0.034482758620689655,28,28,AGTCTATTGACACAACAATT,0,3358191
sohAp,0.034482758620689655,28,28,AGTACCGTCTCTGAGCTCCC,0,3344416
sohAp,0.034482758620689655,28,28,AGGTTTAATGAGTACTACTA,0,3348369
sohAp,0.034482758620689655,28,28,AGCCATAAAGCCATTGCGCT,0,3351133
sohAp,0.034482758620689655,28,28,ACTGCCTTGGCCGGCCCGGT,0,3350120
sohAp,0.034482758620689655,28,28,ACGATATCAGTATTATGTAT,0,3339886
sohAp,0.034482758620689655,28,28,ACCCCACGACAACAATCAAA,0,3352913
sohAp,0.034482758620689655,28,28,ACATGTCACCTTCCTTGATT,0,3339996
sohAp,0.034482758620689655,28,28,ACAGGCAAATGATCGTGAGT,0,3347831
sohAp,0.034482758620689655,28,28,AATTCGGCTCTTACACGGAT,0,3340803
sohAp,0.03571428571428571,27,27,TTGCGATCCTAAAACTCCAA,0,3334634
sohAp,0.03571428571428571,27,27,TTGCCATTCGGTTATGTGAT,0,3348942
sohAp,0.03571428571428571,27,27,TTGCATGTCAGAAGCGTGCA,0,3358329
sohAp,0.03571428571428571,27,27,TGGCTTCCCTAACTTGAAAG,0,3335194
sohAp,0.03571428571428571,27,27,TGCGCTGGATCGCCGGCCAA,0,3349095
sohAp,0.03571428571428571,27,27,TGCCGAATACGTTGACGTGT,0,3344141
sohAp,0.03571428571428571,27,27,TGCATTCGTCGCTATTAGCT,0,3342829
sohAp,0.03571428571428571,27,27,TCACGACCTTCTCCGGGGGT,0,3342737
sohAp,0.03571428571428571,27,27,TCACCGATGACATGCTGCTT,0,3335600
sohAp,0.03571428571428571,27,27,GTTTCATTGGACGGCGTTCT,0,3352697
sohAp,0.03571428571428571,27,27,GGGGTTGGTGTTCCTGCAAT,0,3339155
sohAp,0.03571428571428571,27,27,GGCCAATAACTCAGTGATAT,0,3345342
sohAp,0.03571428571428571,27,27,GCGCGCAGGGACAGCGGGGC,0,3352638
sohAp,0.03571428571428571,27,27,GATGGCACTAAATTGGATAT,0,3340384
sohAp,0.03571428571428571,27,27,GAATCCGTGGAAATGATGGT,0,3333881
sohAp,0.03571428571428571,27,27,CTTAAAAGAGTACACTTATG,0,3342463
sohAp,0.03571428571428571,27,27,CTCTAAGGCAATGCTGCGTA,0,3352827
sohAp,0.03571428571428571,27,27,CGGTATAGGTAGCGTGACCA,0,3357659
sohAp,0.03571428571428571,27,27,CCACTGGTCTAAGCCACAAG,0,3340516
sohAp,0.03571428571428571,27,27,CAGACAGAACGGCAGCACTT,0,3342461
sohAp,0.03571428571428571,27,27,CACGCCTCACTCTGTCGATA,0,3354247
sohAp,0.03571428571428571,27,27,CAATCATTGACGTTCTCGGC,0,3344951
sohAp,0.03571428571428571,27,27,CAACGCATATAGTCGATGGA,0,3338440
sohAp,0.03571428571428571,27,27,ATTGATATGCAATACATTTC,0,3334854
sohAp,0.03571428571428571,27,27,ATGTATGGCAAGGATTGTCT,0,3355754
sohAp,0.03571428571428571,27,27,ATGATAATAACTATTGTGAG,0,3339888
sohAp,0.03571428571428571,27,27,AGTCCACCCTCGCGGGGAAT,0,3336401
sohAp,0.03571428571428571,27,27,ACCCTTAGCTGAACAGGCCT,0,3343544
sohAp,0.037037037037037035,26,26,TCGTAACAACGTGGAGTACA,0,3349195
sohAp,0.037037037037037035,26,26,TCAGACGAACGTCATGAAAG,0,3350417
sohAp,0.037037037037037035,26,26,TATGCGAGAGCCCGCAACTT,0,3345963
sohAp,0.037037037037037035,26,26,TAGAGCAAAATTATTACAAT,0,3347335
sohAp,0.037037037037037035,26,26,TACTTCCGCGTCGTATTTTG,0,3337352
sohAp,0.037037037037037035,26,26,GTCTACATGGTATAGATCCC,0,3346715
sohAp,0.037037037037037035,26,26,GTCGGAGGTTGTGTCAGCCG,0,3335688
sohAp,0.037037037037037035,26,26,GGTTACCGTGTCTGGGCCAC,0,3335609
sohAp,0.037037037037037035,26,26,GCTCATGTGCTTTTCAGACC,0,3346551
sohAp,0.037037037037037035,26,26,GCGACTGTGTCCTTTGGTCC,0,3336208
sohAp,0.037037037037037035,26,26,GCCGTGAGCGCAGAAACCGG,0,3353399
sohAp,0.037037037037037035,26,26,GCCGGGCTGTGATCCGCTCC,0,3342655
sohAp,0.037037037037037035,26,26,GCCGGCTGCTTTATAAGCGC,0,3341039
sohAp,0.037037037037037035,26,26,GACTAATACGGCTATCCGAT,0,3345467
sohAp,0.037037037037037035,26,26,GACATTTTGAGGCCGGCGCA,0,3336361
sohAp,0.037037037037037035,26,26,CTAGGTGCTGGATTGAAAAT,0,3345305
sohAp,0.037037037037037035,26,26,CGAGGAGACGCAATCTTACT,0,3343193
sohAp,0.037037037037037035,26,26,CAGTGGGATGCAGGTTGTGC,0,3345646
sohAp,0.037037037037037035,26,26,ATGAGACACGCCCTCTCCGT,0,3351984
sohAp,0.037037037037037035,26,26,AGCTTTGTCTGCCAACAAAA,0,3334767
sohAp,0.037037037037037035,26,26,AGCAAGAGCTGGTGAGTGGC,0,3334228
sohAp,0.037037037037037035,26,26,AGAGACTCCGGAGCGACCCA,0,3351618
sohAp,0.037037037037037035,26,26,ACCGAGCGAGATGTCGCGTT,0,3334457
sohAp,0.037037037037037035,26,26,ACAACGCCTTTGAAGTTCAG,0,3346417
sohAp,0.037037037037037035,26,26,AATGCGAACAGTTTAGTGGA,0,3346252
sohAp,0.037037037037037035,26,26,AACCCGTATGGCGTACTGAA,0,3336903
sohAp,0.037037037037037035,26,26,AACACGTCTCTGGTGCAAGA,0,3342924
sohAp,0.038461538461538464,25,25,TTTATCATCATTTTCGTGAT,0,3354548
sohAp,0.038461538461538464,25,25,TTCGAGAATCAGCAAACGGT,0,3350268
sohAp,0.038461538461538464,25,25,TTATCGGCTACACCCGCCAG,0,3339945
sohAp,0.038461538461538464,25,25,TGTTGATGCAACATACACAT,0,3335154
sohAp,0.038461538461538464,25,25,TGTAATACGAAGCTAATTTG,0,3359133
sohAp,0.038461538461538464,25,25,TGGTGAGGATAATTCTCTAA,0,3340418
sohAp,0.038461538461538464,25,25,TGCTGAACCGGCATTCGTAG,0,3343832
sohAp,0.038461538461538464,25,25,TGCGCGACGGACAACACAAA,0,3355872
sohAp,0.038461538461538464,25,25,TCGGTAGCTGTAAGCGCTCA,0,3340215
sohAp,0.038461538461538464,25,25,TATCCTTGTACTTCTCGACA,0,3336362
sohAp,0.038461538461538464,25,25,TAGAGCGACGCCCACTATTT,0,3336432
sohAp,0.038461538461538464,25,25,TACATAGGGAAGTGCATGTT,0,3335407
sohAp,0.038461538461538464,25,25,TAAACACCGCCAAATTAATA,0,3336990
sohAp,0.038461538461538464,25,25,GTGTCATAGGTCCGAGACAT,0,3342824
sohAp,0.038461538461538464,25,25,GTATCGCCGCGAGACGAATT,0,3349658
sohAp,0.038461538461538464,25,25,GTACGGCTAGTTTCAAACTT,0,3347129
sohAp,0.038461538461538464,25,25,GTAATCGGCAATGTCTAATT,0,3345816
sohAp,0.038461538461538464,25,25,GGGGAGAGGAATACACTGGG,0,3336650
sohAp,0.038461538461538464,25,25,GGCGTCAACTAACACTAACG,0,3343353
sohAp,0.038461538461538464,25,25,GGCGGGGCCGTATAAATGAA,0,3335001
sohAp,0.038461538461538464,25,25,GCTAACAGGTACACAGTGTT,0,3341893
sohAp,0.038461538461538464,25,25,GCCGGAGCAGGGGAAAGATT,0,3334364
sohAp,0.038461538461538464,25,25,GATGACACTCGTACGCATTG,0,3334287
sohAp,0.038461538461538464,25,25,GATATCCGGAAAAACGCCGG,0,3338127
sohAp,0.038461538461538464,25,25,GAGTGGGGGTGTTACAGTCC,0,3337142
sohAp,0.038461538461538464,25,25,GAGGCAGATTCAGGAGCTTT,0,3345999
sohAp,0.038461538461538464,25,25,CTTAAAGCGGTAAGCGCGTT,0,3339410
sohAp,0.038461538461538464,25,25,CTCCTCGCTGACGACAGAGC,0,3349741
sohAp,0.038461538461538464,25,25,CGGATCGGACCTCTCAAATG,0,3335925
sohAp,0.038461538461538464,25,25,CCATTGGACCGCCCAAACTA,0,3357164
sohAp,0.038461538461538464,25,25,CCATTAGTGCTGAATCCTAT,0,3339695
sohAp,0.038461538461538464,25,25,CAGCAGGAATCTTTTAATAT,0,3336611
sohAp,0.038461538461538464,25,25,CACCCAAATGAATGAACCCT,0,3339811
sohAp,0.038461538461538464,25,25,ATTGAAAACAAGTCAGCCAG,0,3352210
sohAp,0.038461538461538464,25,25,ATCTAATCCGGGTGGGTCTG,0,3334978
sohAp,0.038461538461538464,25,25,AGTCGAGGCCGGCAACGTAT,0,3347940
sohAp,0.038461538461538464,25,25,AGCCTTCGAGCCTCAAAGTT,0,3336088
sohAp,0.038461538461538464,25,25,ACTTTCGCGAAGCCCTAAGA,0,3336556
sohAp,0.038461538461538464,25,25,ACTCTCATAGGGCTAGGGAA,0,3343317
sohAp,0.038461538461538464,25,25,ACGTTTCACTCGAATCCTTC,0,3356937
sohAp,0.038461538461538464,25,25,ACGTTGTACACCCAATTGAG,0,3347115
sohAp,0.038461538461538464,25,25,ACCTATCTATCGGTCTAAGG,0,3335336
sohAp,0.038461538461538464,25,25,ACCGCGAGGTTTATTGTAAT,0,3342486
sohAp,0.038461538461538464,25,25,ACAGGGAGATGCACTCTGGT,0,3353504
sohAp,0.038461538461538464,25,25,AAGTCATATAAGTGGCAGAG,0,3341978
sohAp,0.038461538461538464,25,25,AACCGGTCCCGGTTTCTGCA,0,3350137
sohAp,0.038461538461538464,25,25,AAACGATAAAACGAGTCCGT,0,3341825
sohAp,0.04,24,24,TTAAAGTGAGGCAGGTCAGC,0,3335828
sohAp,0.04,24,24,TGTTTGTCCCGAGAGAGAAA,0,3342717
sohAp,0.04,24,24,TCGCGTTTATCCACTCCGGT,0,3335920
sohAp,0.04,24,24,TATCGTATGCAAGGCAGGAT,0,3349179
sohAp,0.04,24,24,TATCGGTGAGACCTAGGGGT,0,3343446
sohAp,0.04,24,24,TAGACCGGACGCAACCCAAA,0,3339806
sohAp,0.04,24,24,TACACGTAGACACGGGTATA,0,3339478
sohAp,0.04,24,24,GTTTCGACTAGGACGACGTC,0,3335716
sohAp,0.04,24,24,GTTAGAAAATTAAAAGTTGC,0,3334815
sohAp,0.04,24,24,GTATATTTACGTTAGTCAGT,0,3335829
sohAp,0.04,24,24,GTAGACTACGGAGCTGACCT,0,3345299
sohAp,0.04,24,24,GGGCCGTACCGAAATCGATC,0,3344280
sohAp,0.04,24,24,GGCGGTTACGCAGCATCTCA,0,3334936
sohAp,0.04,24,24,GGATCTAATTGTATCTTGGG,0,3344350
sohAp,0.04,24,24,GGACAGCCGAGAGACATTCA,0,3336812
sohAp,0.04,24,24,GCCTTTCCTTATCGGATAAC,0,3336923
sohAp,0.04,24,24,GCCATCATAGATGGAAGGGT,0,3334431
sohAp,0.04,24,24,GCACGTAGATTATACAGCTC,0,3344973
sohAp,0.04,24,24,GAGTTAAGGAGGTATGACGC,0,3349503
sohAp,0.04,24,24,GAGGAATCTAGGGTAGATGT,0,3336849
sohAp,0.04,24,24,GAATACGAGTACGCCTCGGG,0,3344368
sohAp,0.04,24,24,CTTAAAACTATGGTACGGAA,0,3346973
sohAp,0.04,24,24,CTGGTCACGATTAAATGGGG,0,3358682
sohAp,0.04,24,24,CTATTGCCTTTCCAGGGTGC,0,3348243
sohAp,0.04,24,24,CTAGGTGTAGGTGCTGTAGG,0,3343074
sohAp,0.04,24,24,CGTAGTCCTACTGGCGGCAG,0,3352875
sohAp,0.04,24,24,CGGGGAAACATGGATCATCT,0,3337043
sohAp,0.04,24,24,CGGGATGGCGGCTCAGATTA,0,3348493
sohAp,0.04,24,24,CGGAGCGAAGCAAGCTAACC,0,3335493
sohAp,0.04,24,24,CGCACTCAATTATCACCGGC,0,3344383
sohAp,0.04,24,24,CGCACGCAAGAGCGCGTTAA,0,3342264
sohAp,0.04,24,24,CAGCCTTAAGTTCGTACTCT,0,3347127
sohAp,0.04,24,24,CAGAGCAGGCACCTAAGCTG,0,3337512
sohAp,0.04,24,24,CACGTAACTATGGGCGGAGC,0,3338834
sohAp,0.04,24,24,CAACACGTGTCAAGCCAGTT,0,3350247
sohAp,0.04,24,24,ATCGGATGGCTAAGCAGCAT,0,3334429
sohAp,0.04,24,24,ATCGCAATAGTTAGTAATTT,0,3348467
sohAp,0.04,24,24,ATAGGTAATTCTAGCTCTCA,0,3341900
sohAp,0.04,24,24,ATAGAAGATGAGTCCATGCA,0,3348943
sohAp,0.04,24,24,AGTGCAGTAAGTGAGCCAGG,0,3339294
sohAp,0.04,24,24,AGGGTACACCTTCACACGTA,0,3342464
sohAp,0.04,24,24,AGATTGTGGGGGCCATACCC,0,3351820
sohAp,0.04,24,24,AGAGCACTTCCGGGGTAGTA,0,3357596
sohAp,0.04,24,24,ACTCCTCCTGCTCATTTCGC,0,3352562
sohAp,0.04,24,24,ACGTGGGTTTCGTACTGAAT,0,3342574
sohAp,0.04,24,24,ACGTCCATCATGCATTCGAT,0,3346713
sohAp,0.04,24,24,ACGGCTGTGTTATGATCAGC,0,3336779
sohAp,0.04,24,24,ACGCTCAGGACGAATCGGTT,0,3346188
sohAp,0.04,24,24,ACCTGAAGACTGGGACGCCT,0,3349617
sohAp,0.04,24,24,ACCGGGAGGAATACTCATCA,0,3338257
sohAp,0.04,24,24,ACCACCTCGAAGCTTTCAAA,0,3354641
sohAp,0.04,24,24,ACAATTACCCCAGCAAAATC,0,3339181
sohAp,0.04,24,24,AATTTTTCTAAGTAATGGAG,0,3353887
sohAp,0.04,24,24,AACTTGTCTTATCGATAGTT,0,3338896
sohAp,0.04,24,24,AACTCTGGTCACATCAGCAT,0,3347655
sohAp,0.04,24,24,AACCTCTGAGGGTGGGCTTA,0,3349048
sohAp,0.041666666666666664,23,23,TTGTACTCGCGGGCTGGGAT,0,3341180
sohAp,0.041666666666666664,23,23,TTCACTCACCGACGTCGAGT,0,3345674
sohAp,0.041666666666666664,23,23,TTACCAAGCTTTTGGGATCG,0,3342826
sohAp,0.041666666666666664,23,23,TTAAGCTAACGGGAAGACTC,0,3346699
sohAp,0.041666666666666664,23,23,TGTCGCCTCAGATTCCGAAT,0,3334709
sohAp,0.041666666666666664,23,23,TGTCATGCCCAAGCCCAAGA,0,3345080
sohAp,0.041666666666666664,23,23,TCTTACTGAGTGAGTCTACA,0,3343426
sohAp,0.041666666666666664,23,23,TCATTCGGAAAAATTCACAA,0,3341130
sohAp,0.041666666666666664,23,23,TACCATCATCATATATGGTT,0,3336419
sohAp,0.041666666666666664,23,23,TAAGTATATTAAGTTGAGCA,0,3341664
sohAp,0.041666666666666664,23,23,GTTCCAGGAAACTTTGCCTC,0,3339897
sohAp,0.041666666666666664,23,23,GTGTCTACCGAGTTGGGCAG,0,3344418
sohAp,0.041666666666666664,23,23,GTGATTGCGCCCCCTTTGGA,0,3340932
sohAp,0.041666666666666664,23,23,GGTCATCCCTCCTGGTAGCC,0,3357578
sohAp,0.041666666666666664,23,23,GCGTAAACTACAGTCACTGA,0,3341805
sohAp,0.041666666666666664,23,23,GCGCATACAATAGTCCCGGA,0,3347590
sohAp,0.041666666666666664,23,23,GCAGTGAGCTGAGGCCCATG,0,3343335
sohAp,0.041666666666666664,23,23,GCAGACAGATGGTCAAAAAC,0,3343976
sohAp,0.041666666666666664,23,23,GATATGCGTCCAAGCAATGA,0,3349379
sohAp,0.041666666666666664,23,23,GAGGACGTGATATGTACACT,0,3338750
sohAp,0.041666666666666664,23,23,GACTGCGCCGATATGCGGAT,0,3333772
sohAp,0.041666666666666664,23,23,GACGTCGCCATGTCCATTTA,0,3336089
sohAp,0.041666666666666664,23,23,GACCGCCTTGGAACAGTAAA,0,3354520
sohAp,0.041666666666666664,23,23,GAACCAGGTTGTTACCGCGG,0,3343297
sohAp,0.041666666666666664,23,23,CTGTTTCGGCTCGCTAGATA,0,3334077
sohAp,0.041666666666666664,23,23,CTGTGCCAGTCCTCTATGCA,0,3340221
sohAp,0.041666666666666664,23,23,CTCGCGACGGTCGGCTCCCA,0,3353852
sohAp,0.041666666666666664,23,23,CGGCTCCGCACCTAAAGAGT,0,3335413
sohAp,0.041666666666666664,23,23,CGCGTATCAGGCGCTCGGGA,0,3356229
sohAp,0.041666666666666664,23,23,CCTGCATTGAATGAATTGAT,0,3344128
sohAp,0.041666666666666664,23,23,CCGACTCGGCCCGTTCACAT,0,3356597
sohAp,0.041666666666666664,23,23,CCCCGGTTGTGGTTCATAAT,0,3346578
sohAp,0.041666666666666664,23,23,CATCTGGGCATTGGTAAAGG,0,3334510
sohAp,0.041666666666666664,23,23,CACGGTTTGTATCAAGTCAT,0,3352807
sohAp,0.041666666666666664,23,23,CACCGTATGTCCTGGAAGTT,0,3345550
sohAp,0.041666666666666664,23,23,CAAGGATAGTGGGCAATGCC,0,3340420
sohAp,0.041666666666666664,23,23,ATGTGGCTTTTCGCATGAAC,0,3358248
sohAp,0.041666666666666664,23,23,ATGGCGCAACGCCTGGGTAC,0,3340360
sohAp,0.041666666666666664,23,23,ATCAGGGGTAGAAATCGTTT,0,3356484
sohAp,0.041666666666666664,23,23,ATAACTAGGTAAGCCATTGG,0,3347076
sohAp,0.041666666666666664,23,23,AGGGTCTTGCTACTGAGTGA,0,3341538
sohAp,0.041666666666666664,23,23,AGGGCATTCAACGCAATGGC,0,3347185
sohAp,0.041666666666666664,23,23,AGGCCGAGGAAACTGCATAG,0,3345333
sohAp,0.041666666666666664,23,23,AGCGAGCCGTTAGCGATCTA,0,3347143
sohAp,0.041666666666666664,23,23,ACTCTAGGTGTCCGGGCTCA,0,3344373
sohAp,0.041666666666666664,23,23,ACGGCGGGGTGTGCGTTTCA,0,3353555
sohAp,0.041666666666666664,23,23,ACCACCAGCCAACAAAAGGC,0,3339745
sohAp,0.041666666666666664,23,23,AACGCGCATAAATAACCACA,0,3345660
sohAp,0.043478260869565216,22,22,TGGGCGAGGATGACCGGCAA,0,3345808
sohAp,0.043478260869565216,22,22,TGATTTACAAAGGGTGCTCT,0,3344897
sohAp,0.043478260869565216,22,22,TCTCTGTCTCTTGACTTCTA,0,3341679
sohAp,0.043478260869565216,22,22,TCCTTACCTATCCGTGGTAG,0,3347228
sohAp,0.043478260869565216,22,22,TACAGGGGGTCCAGATGCTA,0,3358724
sohAp,0.043478260869565216,22,22,GGGTTGGCTCCCAACGGTAT,0,3347319
sohAp,0.043478260869565216,22,22,GGATTCGTTCACCTGCAAAT,0,3343178
sohAp,0.043478260869565216,22,22,GCGACGTATCTCTAACTCCT,0,3344311
sohAp,0.043478260869565216,22,22,GCCGGCTATCGCGGTGTCCA,0,3357237
sohAp,0.043478260869565216,22,22,GATGCAAGGAAACACGTAAT,0,3345549
sohAp,0.043478260869565216,22,22,GAGAAGCAAGTTGGTGCGTC,0,3358043
sohAp,0.043478260869565216,22,22,GACATTACGACTTACACCAA,0,3351317
sohAp,0.043478260869565216,22,22,GAAGCCCGTCCATTGTTCTT,0,3341123
sohAp,0.043478260869565216,22,22,GAAATACGTCCTTTACCTGT,0,3335830
sohAp,0.043478260869565216,22,22,CTGTCTTAGCCAGACCCCGC,0,3342981
sohAp,0.043478260869565216,22,22,CTGATAACAATGCTGCGGTG,0,3342579
sohAp,0.043478260869565216,22,22,CTGAAGTCTGCTATGAGTTG,0,3335799
sohAp,0.043478260869565216,22,22,CTCTAGTTATTAGACAGTAT,0,3336365
sohAp,0.043478260869565216,22,22,CTCATTTTGGGATTCCGACG,0,3338483
sohAp,0.043478260869565216,22,22,CTAGCCAATATCGCTGGCAT,0,3338201
sohAp,0.043478260869565216,22,22,CTAACATTAGTGACAAGAGA,0,3353028
sohAp,0.043478260869565216,22,22,CGTCAAACGCTGGGATGACC,0,3338011
sohAp,0.043478260869565216,22,22,CGGTCTTGGCACGCTGCGGT,0,3342365
sohAp,0.043478260869565216,22,22,CGGAGGCACGTGAGTACTAT,0,3354677
sohAp,0.043478260869565216,22,22,CGCTTTCCATATCTCGTTCC,0,3348883
sohAp,0.043478260869565216,22,22,CGCTGGTCCAGGCGCTCGTA,0,3348119
sohAp,0.043478260869565216,22,22,CGCGTATTTCAAGTCCTCTT,0,3343813
sohAp,0.043478260869565216,22,22,CGATCACTGTCAAATGACAC,0,3353854
sohAp,0.043478260869565216,22,22,CCGGGTGCCCCGCTGGGCTG,0,3343539
sohAp,0.043478260869565216,22,22,CCGGGGGCTCACGTTGAAAG,0,3343046
sohAp,0.043478260869565216,22,22,CCCGGGACGCGATGCATTAA,0,3349532
sohAp,0.043478260869565216,22,22,CCACCGTGGGCTACGGACGA,0,3341774
sohAp,0.043478260869565216,22,22,CATGCTAATAGTATCTGAGA,0,3357782
sohAp,0.043478260869565216,22,22,CATCTCTTATCCTTATACTG,0,3334883
sohAp,0.043478260869565216,22,22,CATCGGACCTGGGCTACGTC,0,3346411
sohAp,0.043478260869565216,22,22,CAATTTGGCGTAGCGCTACA,0,3334301
sohAp,0.043478260869565216,22,22,CAAATCAGTGGATGGCTGTA,0,3344950
sohAp,0.043478260869565216,22,22,ATTGAACGAGTTTGTATGCC,0,3333715
sohAp,0.043478260869565216,22,22,ATGACATGGCGATGCTGCGC,0,3348853
sohAp,0.043478260869565216,22,22,AGTCAGGGTGTTGGTAAACA,0,3336129
sohAp,0.043478260869565216,22,22,AGCCGGCCTGGTCAGAATCC,0,3334041
sohAp,0.043478260869565216,22,22,AGATTCGTTTTGGGAGTTTA,0,3357986
sohAp,0.043478260869565216,22,22,ACGGCGAGCTCTCGAGAGGT,0,3348278
sohAp,0.043478260869565216,22,22,ACGGAAACTCATGCCAGTAT,0,3356954
sohAp,0.043478260869565216,22,22,ACCAGTCGAAGTGGCCACGT,0,3336729
sohAp,0.043478260869565216,22,22,AATCAGAGCAAATGTTGAAT,0,3338006
sohAp,0.043478260869565216,22,22,AACAGGCGCCCAACCGTGAG,0,3354495
sohAp,0.045454545454545456,21,21,TTGGTTCAGCGTGGTCTCTT,0,3334635
sohAp,0.045454545454545456,21,21,TTAGGCTGCGTGTAGGGTCA,0,3339177
sohAp,0.045454545454545456,21,21,TTAAACTATAATCTAGTTCA,0,3343012
sohAp,0.045454545454545456,21,21,TGTAGCTAGTCGCCAGATGT,0,3340970
sohAp,0.045454545454545456,21,21,TGGACTTAGTCCAGATGCCT,0,3347820
sohAp,0.045454545454545456,21,21,TGCTCACAAGATCCCAATGA,0,3352402
sohAp,0.045454545454545456,21,21,TGATAGTGTTTGCTGGATCA,0,3351656
sohAp,0.045454545454545456,21,21,TCTATTGGTTTCCTGTAATG,0,3337661
sohAp,0.045454545454545456,21,21,TCGCTTCATGAATGTGTAGA,0,3353315
sohAp,0.045454545454545456,21,21,TCATCACTGATGTGTCTGTT,0,3344701
sohAp,0.045454545454545456,21,21,TCAGTACAAGCCCCTCGGCG,0,3342381
sohAp,0.045454545454545456,21,21,TCAATAGTGGCACCGCGCCG,0,3350089
sohAp,0.045454545454545456,21,21,TATACCTAATAGGGGCGTTA,0,3344645
sohAp,0.045454545454545456,21,21,TAATGCGTCCTAGCAATAAT,0,3346926
sohAp,0.045454545454545456,21,21,TAAAAACACGGAGAGTCGTC,0,3349635
sohAp,0.045454545454545456,21,21,GTTGTCGCCTAATAACGCAA,0,3343139
sohAp,0.045454545454545456,21,21,GTTAATTCTCGAAGCTGTCA,0,3347293
sohAp,0.045454545454545456,21,21,GTCTCGCCTCGGTAGAAGCT,0,3350108
sohAp,0.045454545454545456,21,21,GTATTCCATGTGACAAATCT,0,3348444
sohAp,0.045454545454545456,21,21,GTAGAAGGTTTGTCCTTAGT,0,3347137
sohAp,0.045454545454545456,21,21,GGTGGTCTGTTATTACCTTG,0,3346559
sohAp,0.045454545454545456,21,21,GGTCAGTTGCAGTTCACTTG,0,3336994
sohAp,0.045454545454545456,21,21,GGGTTGCCTTATCTGAGGAG,0,3344253
sohAp,0.045454545454545456,21,21,GGCGGTGTCTTACCCATGTA,0,3335404
sohAp,0.045454545454545456,21,21,GCTACGGAGTTGCATACCGT,0,3337696
sohAp,0.045454545454545456,21,21,GCATGTCAAGCGTATAGGCA,0,3340893
sohAp,0.045454545454545456,21,21,CTTGTTAAGGACGTGCAGAT,0,3334191
sohAp,0.045454545454545456,21,21,CTAAGGCGCTAAGGGTTATT,0,3337753
sohAp,0.045454545454545456,21,21,CGCTACCCGGATATGTGAAA,0,3337029
sohAp,0.045454545454545456,21,21,CGCACGTTAAAGGTTGGGCA,0,3350768
sohAp,0.045454545454545456,21,21,CGCAATGTGCAGTATGAGTT,0,3353201
sohAp,0.045454545454545456,21,21,CGATGGATGCTCAATCTTAA,0,3341093
sohAp,0.045454545454545456,21,21,CCTACCCAGTGCGTACTAGG,0,3334676
sohAp,0.045454545454545456,21,21,CCGTCCGCCCTTAGACTCAA,0,3336435
sohAp,0.045454545454545456,21,21,CCGGATCGGGCCAGTTCGTG,0,3351759
sohAp,0.045454545454545456,21,21,CCGCTTATACATGGTTTATG,0,3335186
sohAp,0.045454545454545456,21,21,CCGCAGCCAATTGGATGCGT,0,3333716
sohAp,0.045454545454545456,21,21,CCCTCCCATACTGTGGTGAG,0,3336977
sohAp,0.045454545454545456,21,21,CATAGGTCATCGGGCTCCCA,0,3356402
sohAp,0.045454545454545456,21,21,CATAACCAACTCCGCACGCC,0,3347154
sohAp,0.045454545454545456,21,21,CACTTACACGGTGGGCTCAG,0,3352852
sohAp,0.045454545454545456,21,21,CAATGGATAGGGTCCCTCGG,0,3354986
sohAp,0.045454545454545456,21,21,CAACCTTCGGAGCGTACTGT,0,3344161
sohAp,0.045454545454545456,21,21,CAAATTAAGATGCCTTACCT,0,3358267
sohAp,0.045454545454545456,21,21,ATTCTTAGACTTCCATGTGG,0,3352229
sohAp,0.045454545454545456,21,21,ATGTGGTTGGGGCCTATGAG,0,3343734
sohAp,0.045454545454545456,21,21,ATGGGGATCGATTTTTGGGG,0,3334090
sohAp,0.045454545454545456,21,21,ATGGCCACGAATTATGTTTT,0,3339820
sohAp,0.045454545454545456,21,21,ATGATCTGAGGCTTCTGGAA,0,3342562
sohAp,0.045454545454545456,21,21,ATACCGGCAGCGCCCCGGTG,0,3336557
sohAp,0.045454545454545456,21,21,AGGTGAGTAGCGCGAATCCA,0,3351631
sohAp,0.045454545454545456,21,21,AGGAGAATGCATAGATATGA,0,3348502
sohAp,0.045454545454545456,21,21,AGCTATAGAGGCGGATATCG,0,3348039
sohAp,0.045454545454545456,21,21,AGCCGTCTGGAGAACCCGGT,0,3356098
sohAp,0.045454545454545456,21,21,ACGCTGCTATAGCACGATAC,0,3345234
sohAp,0.045454545454545456,21,21,AATAGGTAGGACAGGTCATC,0,3342204
sohAp,0.045454545454545456,21,21,AAGGTACCCTCCGAAGTACA,0,3354162
sohAp,0.045454545454545456,21,21,AAGCAAGGAGGTCTACCTTT,0,3343543
sohAp,0.047619047619047616,20,20,TTTCCGCTAGACGTGTAATT,0,3341999
sohAp,0.047619047619047616,20,20,TTGCAGCTTGTTCACCAAGA,0,3345143
sohAp,0.047619047619047616,20,20,TGTACCTCACCAATCCGTTC,0,3347995
sohAp,0.047619047619047616,20,20,TGGTTGGGTTGTAAGACAAG,0,3345543
sohAp,0.047619047619047616,20,20,TGGGGTGTATGTTACCCAGG,0,3352847
sohAp,0.047619047619047616,20,20,TCTACATGTTTGACCTTAAC,0,3342614
sohAp,0.047619047619047616,20,20,TCGCGGGTACAGAGCTAAGT,0,3339890
sohAp,0.047619047619047616,20,20,TCACTACGCATTAGCGGGCA,0,3340336
sohAp,0.047619047619047616,20,20,TCAACTTGCTGACCTACGGA,0,3346056
sohAp,0.047619047619047616,20,20,TATGGGTGTAGACTGTTGCC,0,3346133
sohAp,0.047619047619047616,20,20,TAGAATTCTTCGACTGCTAG,0,3347243
sohAp,0.047619047619047616,20,20,TACAACTCCTGGTGGTGCTG,0,3344174
sohAp,0.047619047619047616,20,20,TAATCCGTCATATATCCGGT,0,3345357
sohAp,0.047619047619047616,20,20,GTTGGGACGTGAAATCGTAG,0,3346768
sohAp,0.047619047619047616,20,20,GTTATAGTTATTGGCTAGTT,0,3350091
sohAp,0.047619047619047616,20,20,GTGTGAAGTCCGGGGAATGC,0,3336303
sohAp,0.047619047619047616,20,20,GTCAATTCTAGCTCGCTATT,0,3336529
sohAp,0.047619047619047616,20,20,GGTTGGCCTCTATAGGCTGA,0,3341154
sohAp,0.047619047619047616,20,20,GGTCTTAGCACTTGAGATCT,0,3338872
sohAp,0.047619047619047616,20,20,GGTAGAGCACGAGCACCCAA,0,3340577
sohAp,0.047619047619047616,20,20,GGGTCCAATGGCAGGAGGCC,0,3339971
sohAp,0.047619047619047616,20,20,GGGCCTGTCAACTTAACGCT,0,3343401
sohAp,0.047619047619047616,20,20,GGGCCTCCAGCCGATAGCTG,0,3351480
sohAp,0.047619047619047616,20,20,GGATAAGGTCTCACTGTGGC,0,3340090
sohAp,0.047619047619047616,20,20,GCGCATCGGTACTCGTGACT,0,3335721
sohAp,0.047619047619047616,20,20,GCAGATGAAAGTCGATATGG,0,3336035
sohAp,0.047619047619047616,20,20,GCAACCAATGCGCTCACTTT,0,3353464
sohAp,0.047619047619047616,20,20,GATGCGGCCCAGCCGGCCGT,0,3343014
sohAp,0.047619047619047616,20,20,GACCTAGCTAAAGAGTGTAG,0,3342693
sohAp,0.047619047619047616,20,20,CTATTGTACCTGGTATTGGC,0,3349139
sohAp,0.047619047619047616,20,20,CTAGGCAGCGTAGTTATTAC,0,3344811
sohAp,0.047619047619047616,20,20,CGGTCGGACCGGTTATCTTA,0,3338527
sohAp,0.047619047619047616,20,20,CGGCGTTAGAATTTACAAAT,0,3348788
sohAp,0.047619047619047616,20,20,CGAGGATTATCTGCAGTCTG,0,3354599
sohAp,0.047619047619047616,20,20,CGAGCTGCGTGAGTTCAAAA,0,3348283
sohAp,0.047619047619047616,20,20,CGAGCCCTTATGGAGGTACC,0,3339524
sohAp,0.047619047619047616,20,20,CCTTTGGGCACACGACCAAC,0,3335687
sohAp,0.047619047619047616,20,20,CCGCAGAGAGTTTGTCCACT,0,3345398
sohAp,0.047619047619047616,20,20,CCCTTTGGACGAAAAATCGA,0,3343839
sohAp,0.047619047619047616,20,20,CCATTGTTCCATCAAAGCTA,0,3338055
sohAp,0.047619047619047616,20,20,CCAGTATTCTACCGATATCA,0,3344199
sohAp,0.047619047619047616,20,20,CCACTTCCAAAAACCCGATT,0,3340920
sohAp,0.047619047619047616,20,20,CATGGTTAATTAGGGCACGA,0,3347316
sohAp,0.047619047619047616,20,20,CAGCTTTACGGTATAGGGTG,0,3351383
sohAp,0.047619047619047616,20,20,CAGCCCGAGTATCTATGCGT,0,3348951
sohAp,0.047619047619047616,20,20,CACTGCCCACTCCCTGGAAG,0,3343424
sohAp,0.047619047619047616,20,20,ATTGGAAGGTCAGTAATAAA,0,3335382
sohAp,0.047619047619047616,20,20,ATCGCGTGAATTGCGCACCT,0,3340827
sohAp,0.047619047619047616,20,20,ATAGTACGGCACTCGACATT,0,3341680
sohAp,0.047619047619047616,20,20,ATAGGGGGACAACAATACGA,0,3343841
sohAp,0.047619047619047616,20,20,AGCCAGCAAGAAAAAGCATG,0,3342439
sohAp,0.047619047619047616,20,20,AGAGGTCACGTTAGAACCCG,0,3351349
sohAp,0.047619047619047616,20,20,AGACAGACAACGTGTCACGG,0,3344631
sohAp,0.047619047619047616,20,20,ACGTTCGCCCAACGTCCATG,0,3335988
sohAp,0.047619047619047616,20,20,ACGTCATTAACGGTTGCATG,0,3343608
sohAp,0.047619047619047616,20,20,ACGCCGAAGCTAGCAGTGGA,0,3343198
sohAp,0.047619047619047616,20,20,AATTATCCTAGGTTGGCCTC,0,3346789
sohAp,0.047619047619047616,20,20,AAGCTCCTGCCAATTAGTTT,0,3336450
sohAp,0.047619047619047616,20,20,AAAGGACTCCGTCGGGGTAT,0,3352492
sohAp,0.047619047619047616,20,20,AAAATACAGACCGTTCCATG,0,3350054
sohAp,0.05,19,19,TTGCTCACCGTCATATGCCT,0,3336009
sohAp,0.05,19,19,TTCTTGGCTTTATGTAGCTA,0,3353174
sohAp,0.05,19,19,TTCGTGCACTTATTAACCCT,0,3344771
sohAp,0.05,19,19,TTAGTAGGCGATCGCATCTC,0,3339934
sohAp,0.05,19,19,TTAGCTTTTTGTTGACGCCT,0,3350363
sohAp,0.05,19,19,TTAGCGCCTATCAAACAGTA,0,3334679
sohAp,0.05,19,19,TTACAGGGGCATACTGCGCT,0,3355893
sohAp,0.05,19,19,TTAATCGTTTTTCCCCAGTA,0,3341776
sohAp,0.05,19,19,TTAAGCCGGGGTCTCGAAGT,0,3351033
sohAp,0.05,19,19,TGTAAAACCGTCACTTGCTG,0,3356093
sohAp,0.05,19,19,TGGTGACCGCTAGGAGTCCC,0,3336896
sohAp,0.05,19,19,TGGCATCGCTCTTGATTATT,0,3341883
sohAp,0.05,19,19,TGGAACGATTCGCACGAAAT,0,3346287
sohAp,0.05,19,19,TGCTCCTAGAATCATGTTAG,0,3334614
sohAp,0.05,19,19,TCTAACCGTGGGGGGCCAAG,0,3335229
sohAp,0.05,19,19,TCGAGTCTCCACAAATCCTT,0,3346242
sohAp,0.05,19,19,TCGAACAAACATACTTAGAA,0,3344310
sohAp,0.05,19,19,TCCGATTGACTTTACGGTGT,0,3348424
sohAp,0.05,19,19,TAGACAGCGGCGGCGCTAAG,0,3351773
sohAp,0.05,19,19,TAAGTCGCAGTACCAGTAGG,0,3333756
sohAp,0.05,19,19,TAACGACTCCTGTCAAAGAA,0,3344413
sohAp,0.05,19,19,GTTCTAACGGGGTAGGCAAA,0,3333777
sohAp,0.05,19,19,GTGTCAGGAGATCAGTACGT,0,3351066
sohAp,0.05,19,19,GTGAACCTCCCCCTGGATTT,0,3336360
sohAp,0.05,19,19,GTCCACGTCGTTGGATAAAA,0,3334671
sohAp,0.05,19,19,GTATTCTTCTCAGGTACTTG,0,3335137
sohAp,0.05,19,19,GTAAATTGAGGTGCGTGTTT,0,3342397
sohAp,0.05,19,19,GGGCAAGATAGGTCCTAGAC,0,3350238
sohAp,0.05,19,19,GGCCGTTGCTCGGTCATCAT,0,3335705
sohAp,0.05,19,19,GCTGCGAGAGTTGGCGCGCT,0,3335205
sohAp,0.05,19,19,GCTGATTATCCTAGGATCTA,0,3341131
sohAp,0.05,19,19,GCTAATTTCCTAGAGACGTT,0,3358316
sohAp,0.05,19,19,GCGTCCCCATGGCGGGCTCG,0,3354790
sohAp,0.05,19,19,GCGGAGGGGTCATTCCTGTT,0,3349099
sohAp,0.05,19,19,GCCGAGGCGAGACGGGAAAG,0,3354467
sohAp,0.05,19,19,GCATGAGTCAGTGTGTAATG,0,3346587
sohAp,0.05,19,19,GCAGGCAAGGGGGTATAAAA,0,3336681
sohAp,0.05,19,19,GCACGGAGTTCTCGATCTTA,0,3335335
sohAp,0.05,19,19,GCACCGTACCTTGCTCAGCG,0,3334398
sohAp,0.05,19,19,GATTGTCTCAATAAACATCG,0,3336735
sohAp,0.05,19,19,GAGTGGTTGTAGTCATGTAC,0,3342714
sohAp,0.05,19,19,GACTGGTAATGTGCATGGCA,0,3346052
sohAp,0.05,19,19,CTTGCAGCAGACGTGCCTTT,0,3334442
sohAp,0.05,19,19,CTTCGTCCTATCGGTAGCAT,0,3350843
sohAp,0.05,19,19,CGGCATCTCAATAGACAAAT,0,3350534
sohAp,0.05,19,19,CGCATTCTGTTGGGTGAGTA,0,3346221
sohAp,0.05,19,19,CGCAGCCCGTGGGGACGGTT,0,3349222
sohAp,0.05,19,19,CGCAGATGGGCCGGCGTCCT,0,3339026
sohAp,0.05,19,19,CGCACGATAGGTTTGGCGTT,0,3354265
sohAp,0.05,19,19,CGAGGTTCCCGTGGTGTTCG,0,3345655
sohAp,0.05,19,19,CGAACGTGGGGCAACATGAG,0,3350125
sohAp,0.05,19,19,CCTGTGCAATCTTGGGAGGT,0,3340511
sohAp,0.05,19,19,CCCTGGGCTTGAGTGGTAGT,0,3358853
sohAp,0.05,19,19,CCAGTGGGTGATATGTTGAA,0,3338548
sohAp,0.05,19,19,CCAACTATCGACGTTGTTGT,0,3344380
sohAp,0.05,19,19,CAAGAGGTTGGGGATGTATG,0,3345897
sohAp,0.05,19,19,ATTATTTGCGACGCGCGGTG,0,3358159
sohAp,0.05,19,19,ATCATAATATCATTGGTCGT,0,3346602
sohAp,0.05,19,19,AGTTGCCCAAGAACGGGCAA,0,3334331
sohAp,0.05,19,19,AGTAGATAACCCGGCTCTCT,0,3340423
sohAp,0.05,19,19,AGGTTCGGGTAGGACACAAT,0,3343511
sohAp,0.05,19,19,AGGTAGAATTTCATTAAAGA,0,3347433
sohAp,0.05,19,19,AGCTAGTGTGCGACGTTCCT,0,3336083
sohAp,0.05,19,19,AGAGGACGCTCGTTAGAACG,0,3350261
sohAp,0.05,19,19,ACTTTCGGGGGGCCGGCCAC,0,3337192
sohAp,0.05,19,19,ACTGAGGGTATGTCAACTAT,0,3356986
sohAp,0.05,19,19,ACTCGTGCATCAGACTGCTA,0,3344503
sohAp,0.05,19,19,ACGTGGGGTCTGGCACTGGG,0,3341124
sohAp,0.05,19,19,ACGTGCGCGTTTGAATCACG,0,3338133
sohAp,0.05,19,19,ACGCTCCATGCTCGCGTGTA,0,3343605
sohAp,0.05,19,19,ACGCGCAGATCTCGAGGACT,0,3340369
sohAp,0.05,19,19,ACCGACTGGTCTCATTGCTA,0,3337922
sohAp,0.05,19,19,ACACTGCCCATGAGGCGAGA,0,3337049
sohAp,0.05,19,19,AATATTCCACGAAAGTACAA,0,3348683
sohAp,0.05,19,19,AAGGGCCGAATGGTCTTTGG,0,3352143
sohAp,0.05263157894736842,18,18,TTGACCGCTACCACCAAGAT,0,3350090
sohAp,0.05263157894736842,18,18,TTATCGGTGAAGGTATCAGG,0,3339602
sohAp,0.05263157894736842,18,18,TTATCATACGCGGATTTGTA,0,3357394
sohAp,0.05263157894736842,18,18,TTACTTCCGACCACCCCGAC,0,3351310
sohAp,0.05263157894736842,18,18,TTAACGGTGTGTCCCGTGAA,0,3335683
sohAp,0.05263157894736842,18,18,TGGACGTACAACTGTATGAA,0,3334190
sohAp,0.05263157894736842,18,18,TGCGGTCTCGAACCCTCTAA,0,3356540
sohAp,0.05263157894736842,18,18,TGAACACTCAATCATAAGTA,0,3354419
sohAp,0.05263157894736842,18,18,TCGGAGGGGCAAATAGATGG,0,3343023
sohAp,0.05263157894736842,18,18,TCGCGCGAAATGTGAAGCTA,0,3342765
sohAp,0.05263157894736842,18,18,TCGACTAAAGAAGTTAGAAG,0,3354649
sohAp,0.05263157894736842,18,18,TCCGGGTGTATTATCCCAAG,0,3338725
sohAp,0.05263157894736842,18,18,TCATTTGACAGTTCAATAAT,0,3346488
sohAp,0.05263157894736842,18,18,TATTGCACGAAAGTAGAAGT,0,3357678
sohAp,0.05263157894736842,18,18,TATGACGGAGAGCTCAGCCG,0,3336734
sohAp,0.05263157894736842,18,18,TATATATTAAGACGGGTAGA,0,3345744
sohAp,0.05263157894736842,18,18,TAGGGAGTGAAGGAGGAGGC,0,3352010
sohAp,0.05263157894736842,18,18,TACTGTCTTGAAATCATCCC,0,3343725
sohAp,0.05263157894736842,18,18,TAAATAGGGGGAGCGCGATA,0,3334495
sohAp,0.05263157894736842,18,18,GTTCCAACAATTTTGGTTAT,0,3343972
sohAp,0.05263157894736842,18,18,GTTAACCTGTCACGGAAATC,0,3357999
sohAp,0.05263157894736842,18,18,GTGTAGGACCTAATAGGGCT,0,3356763
sohAp,0.05263157894736842,18,18,GTGAAGCGGTATGTCGATAA,0,3352495
sohAp,0.05263157894736842,18,18,GGTTTGTCAAGAGTCGTTTG,0,3335657
sohAp,0.05263157894736842,18,18,GGTTGATTGGGCATGGCCAA,0,3347357
sohAp,0.05263157894736842,18,18,GGTTAAGAGCTGGTCAGCTG,0,3344209
sohAp,0.05263157894736842,18,18,GGTGGCTTCAGATTACTCTA,0,3355856
sohAp,0.05263157894736842,18,18,GGAATTACCGTGCCACTGCA,0,3342327
sohAp,0.05263157894736842,18,18,GGAAATATAAGTGCGAGCGA,0,3346391
sohAp,0.05263157894736842,18,18,GCAGTTTTTTCTCAAAGGAC,0,3338400
sohAp,0.05263157894736842,18,18,GATGACCGGTACGTGGACTG,0,3342705
sohAp,0.05263157894736842,18,18,GATCCTCCAAGGGATATATT,0,3340944
sohAp,0.05263157894736842,18,18,GAGCTGAATAATCGCTCGAT,0,3339271
sohAp,0.05263157894736842,18,18,GAGATCGAGTCGCAGTGGCA,0,3340218
sohAp,0.05263157894736842,18,18,GACTCTTAACTTTAATACTT,0,3355968
sohAp,0.05263157894736842,18,18,GACCGCCGGCACTCGGGTGT,0,3344742
sohAp,0.05263157894736842,18,18,GAAACGGAGACTCAAAACAA,0,3343690
sohAp,0.05263157894736842,18,18,CTGGCACCGGGAGGATTGTC,0,3353231
sohAp,0.05263157894736842,18,18,CTCTTACAGGTTATTCCATT,0,3339970
sohAp,0.05263157894736842,18,18,CTCCCATGCCCAGGCACTAA,0,3355764
sohAp,0.05263157894736842,18,18,CTCAGTCGTGATAACTCTTG,0,3341037
sohAp,0.05263157894736842,18,18,CGTATCTTACGCACCGACCT,0,3338398
sohAp,0.05263157894736842,18,18,CCTCATCGGGGCTACCCTTG,0,3344838
sohAp,0.05263157894736842,18,18,CCGCGAGTGACTTAGGGCGA,0,3349842
sohAp,0.05263157894736842,18,18,CCCAATTCCTGTTACCGAAG,0,3352660
sohAp,0.05263157894736842,18,18,CCATTTAGGTCAGTAGGGTA,0,3344496
sohAp,0.05263157894736842,18,18,CCATCAGGATCTTTTTATAA,0,3344808
sohAp,0.05263157894736842,18,18,CCAAAACGTGAGGGTGAGCA,0,3343711
sohAp,0.05263157894736842,18,18,CAGACCGGGAGAGTACTTCG,0,3336660
sohAp,0.05263157894736842,18,18,CACGGTAAGGTCGTCTGCGG,0,3334897
sohAp,0.05263157894736842,18,18,CAAGGTAGACCTTTGACTTT,0,3340242
sohAp,0.05263157894736842,18,18,CAACACTCGATTGCCACGTT,0,3344970
sohAp,0.05263157894736842,18,18,ATTACGCAAGTAGAAAATGT,0,3349685
sohAp,0.05263157894736842,18,18,ATGTCGTACTGTAAGACTAG,0,3353044
sohAp,0.05263157894736842,18,18,ATGGTGCGATGATGAAACGG,0,3358582
sohAp,0.05263157894736842,18,18,ATCCGAGCGCCCCAGGTTAT,0,3358192
sohAp,0.05263157894736842,18,18,AGTTGCTGTAGTAACTGTAT,0,3352835
sohAp,0.05263157894736842,18,18,AGTCCATAAGGTGCGTCGAA,0,3333963
sohAp,0.05263157894736842,18,18,AGTAAGCACCAGCAGTGCTG,0,3340900
sohAp,0.05263157894736842,18,18,AGGTTAAAAATTTCATAATG,0,3355093
sohAp,0.05263157894736842,18,18,AGGCACTTCTCGGCACATGA,0,3345656
sohAp,0.05263157894736842,18,18,AGGAGGCTACCCCTAGTTAA,0,3344997
sohAp,0.05263157894736842,18,18,AGCTCAGCGTCATGACAAGA,0,3350303
sohAp,0.05263157894736842,18,18,AGCGTCACGGTGCTTGAGAC,0,3336092
sohAp,0.05263157894736842,18,18,ACTGCGAATTAGCGTTGAGA,0,3344844
sohAp,0.05263157894736842,18,18,ACTCGCACCTTCGCACGAAT,0,3346747
sohAp,0.05263157894736842,18,18,ACATAGCGGCCCGTCTGTAT,0,3350001
sohAp,0.05263157894736842,18,18,ACAGGTGGGCGCACACGAGG,0,3335494
sohAp,0.05263157894736842,18,18,ACAGGCATGTGTTGTGAATC,0,3342162
sohAp,0.05263157894736842,18,18,AATACACGTTCATCCTATAT,0,3352829
sohAp,0.05263157894736842,18,18,AAGCGGTTCGGATCTCGTAG,0,3336118
sohAp,0.05263157894736842,18,18,AACACGCCGAGTGCCCTTTA,0,3334778
sohAp,0.05263157894736842,18,18,AAATCCAGCGGACCCGGGCC,0,3347957
sohAp,0.05555555555555555,17,17,TTTAAAATCCTTCCGGTTTC,0,3342065
sohAp,0.05555555555555555,17,17,TTGGTCCGCCTGAAGCCCAA,0,3334827
sohAp,0.05555555555555555,17,17,TTGGGGAAATAACGCGGGTA,0,3335319
sohAp,0.05555555555555555,17,17,TTACCGGCGATCAATATTTA,0,3336404
sohAp,0.05555555555555555,17,17,TGGGCTGGAGTCCTGTTCAG,0,3355679
sohAp,0.05555555555555555,17,17,TGGATGGAACTAAGAGTTCA,0,3345471
sohAp,0.05555555555555555,17,17,TGCTTTCTGCCTTTTAGTTA,0,3348034
sohAp,0.05555555555555555,17,17,TGCTAGGGGCAGTCATATAG,0,3337127
sohAp,0.05555555555555555,17,17,TGCAGGTATTGCTGCGCTGA,0,3353259
sohAp,0.05555555555555555,17,17,TGCAAGCCCGAATGCCACAA,0,3338496
sohAp,0.05555555555555555,17,17,TGATTTGAGAACAAATTGTG,0,3345341
sohAp,0.05555555555555555,17,17,TGAGCGGTCTTAGTCCAGCA,0,3342910
sohAp,0.05555555555555555,17,17,TCTTAGAGGGTCTATCGAAG,0,3341230
sohAp,0.05555555555555555,17,17,TCGCTAGACAGATTACACAT,0,3339659
sohAp,0.05555555555555555,17,17,TCCATTTCAGGACCATGAAA,0,3335141
sohAp,0.05555555555555555,17,17,TCCATGAGACTCCATGGCAA,0,3337409
sohAp,0.05555555555555555,17,17,TCCACGGCTGGTCCTAGGAA,0,3334520
sohAp,0.05555555555555555,17,17,TCACCGAGGTGTTCGCAGGA,0,3346593
sohAp,0.05555555555555555,17,17,TATGGCCGGATGAGGAAAGT,0,3352784
sohAp,0.05555555555555555,17,17,GTGTAATGATTGTCCACATA,0,3334974
sohAp,0.05555555555555555,17,17,GTGGAGTACATAGTTAATTG,0,3338707
sohAp,0.05555555555555555,17,17,GTGCATGACATTGTGATTCC,0,3357387
sohAp,0.05555555555555555,17,17,GTCAAACACCAATTAGCATA,0,3354461
sohAp,0.05555555555555555,17,17,GGTAGATTCAACTGATGTCA,0,3346246
sohAp,0.05555555555555555,17,17,GGGTCACTATCGATTAAGGT,0,3343904
sohAp,0.05555555555555555,17,17,GGGGTGGCAACGTACTACGG,0,3352493
sohAp,0.05555555555555555,17,17,GCTCAATCACTTCTTCATTG,0,3356259
sohAp,0.05555555555555555,17,17,GCTACTAACGCATTTGGCTC,0,3356850
sohAp,0.05555555555555555,17,17,GCGTTTTGGACGGGAACGCT,0,3358592
sohAp,0.05555555555555555,17,17,GCGCATGCAAGTAGGCGTTA,0,3352423
sohAp,0.05555555555555555,17,17,GCACAGAGGGGTGTAGCGAA,0,3340968
sohAp,0.05555555555555555,17,17,GATAGGAACGCGCAAATAGT,0,3358683
sohAp,0.05555555555555555,17,17,GAGGTACTTGTCGATAGTTT,0,3348170
sohAp,0.05555555555555555,17,17,GACTGCCTTGACTCTATCGG,0,3353050
sohAp,0.05555555555555555,17,17,GACGCACCCAGGAGCCATAA,0,3346352
sohAp,0.05555555555555555,17,17,GAATACGTATTTGTCTCGGG,0,3342551
sohAp,0.05555555555555555,17,17,GAAGCGTCTTATCTGTCAAG,0,3335689
sohAp,0.05555555555555555,17,17,GAAAGAACGAGGGTGGCCAA,0,3343428
sohAp,0.05555555555555555,17,17,CTTTCAATTTTAGCGGGAGT,0,3336238
sohAp,0.05555555555555555,17,17,CTTCGTAGCGTGCCGAATAG,0,3338499
sohAp,0.05555555555555555,17,17,CTTAACCACACCCGACGTTA,0,3339526
sohAp,0.05555555555555555,17,17,CTGGCCCTAACACAGGTCTT,0,3348443
sohAp,0.05555555555555555,17,17,CTGGAATCGATGCTCGAATA,0,3335337
sohAp,0.05555555555555555,17,17,CTGCTAGGGGTCTCTCGCAA,0,3336214
sohAp,0.05555555555555555,17,17,CTCTTCCATCCTGTTGCTTA,0,3345044
sohAp,0.05555555555555555,17,17,CTAACAGGCACTGAGTCAAT,0,3355158
sohAp,0.05555555555555555,17,17,CGTCCCTATTATACGGGGTG,0,3337381
sohAp,0.05555555555555555,17,17,CGGGTCAATGTCCAAGGTTA,0,3349312
sohAp,0.05555555555555555,17,17,CGCTTAGCATTTTAATAAGT,0,3334226
sohAp,0.05555555555555555,17,17,CCTGTAGAAATTATGATAAG,0,3347201
sohAp,0.05555555555555555,17,17,CCTAGGTGTCCATACATTTG,0,3355302
sohAp,0.05555555555555555,17,17,CCGTACCCCACCATTAAATA,0,3358877
sohAp,0.05555555555555555,17,17,CCGACGTGGCAGCTTCGGTC,0,3353970
sohAp,0.05555555555555555,17,17,CCCCAGTTGTCCGGTTCGCG,0,3343441
sohAp,0.05555555555555555,17,17,CCACAACGTCGCATCGGTAG,0,3333803
sohAp,0.05555555555555555,17,17,CATTCCACCAGCTTCTCTGA,0,3350856
sohAp,0.05555555555555555,17,17,CAGCCAGGTGATTCTAACGC,0,3338868
sohAp,0.05555555555555555,17,17,CAATGTAGTACACGCTGAGT,0,3356398
sohAp,0.05555555555555555,17,17,ATTTCCAGTGCGGTTAGGTA,0,3342578
sohAp,0.05555555555555555,17,17,ATGTCAAACCAATGTGCTAC,0,3357261
sohAp,0.05555555555555555,17,17,ATGGTGCCCCATATAACAGA,0,3348126
sohAp,0.05555555555555555,17,17,ATGACAGCCGAACGCACGGA,0,3347871
sohAp,0.05555555555555555,17,17,ATCGATGTAACGCGTTAGCC,0,3350968
sohAp,0.05555555555555555,17,17,ATCCGAAACCAGGACGATAC,0,3342260
sohAp,0.05555555555555555,17,17,ATATTGTGATAGTCTATCAC,0,3343929
sohAp,0.05555555555555555,17,17,ATAAAACTCACACGTAGAGC,0,3334912
sohAp,0.05555555555555555,17,17,AGTTTGCAGCGATACGCCAG,0,3338602
sohAp,0.05555555555555555,17,17,AGTGCCAAGGGCATATCCAC,0,3352944
sohAp,0.05555555555555555,17,17,AGTACGCGGTGCATTGGCAA,0,3349681
sohAp,0.05555555555555555,17,17,AGGACCGCAACCTAGTATAA,0,3342715
sohAp,0.05555555555555555,17,17,AGATGATGCCTAGGTCTATG,0,3349582
sohAp,0.05555555555555555,17,17,ACTACGCGAGGACAAGTCAT,0,3351378
sohAp,0.05555555555555555,17,17,ACGCACTAGCCCTCTGAACT,0,3337711
sohAp,0.05555555555555555,17,17,ACCGCGGGGTAAACCAAACG,0,3340906
sohAp,0.05555555555555555,17,17,ACAAACTAATGGGCGAGCGC,0,3343119
sohAp,0.05555555555555555,17,17,AATGGCCACTCTAAGTTTTT,0,3340535
sohAp,0.05555555555555555,17,17,AAATCAATCTGTTCCGCATG,0,3349829
sohAp,0.05555555555555555,17,17,AAATAACGGCAGCACTGACA,0,3346872
sohAp,0.05555555555555555,17,17,AAAGCTTAGGCAAGCGACTT,0,3338206
sohAp,0.058823529411764705,16,16,TTTAGGGGTGTCCGTGTGAA,0,3337035
sohAp,0.058823529411764705,16,16,TTGGGCTGGATGGTTATATG,0,3342239
sohAp,0.058823529411764705,16,16,TTGATGTACCAGTAAGGGGG,0,3345958
sohAp,0.058823529411764705,16,16,TTGACCTTTCAAAGTAGAAA,0,3346267
sohAp,0.058823529411764705,16,16,TTAGCGGGTATATCTTGGTC,0,3341938
sohAp,0.058823529411764705,16,16,TTACCGTCAACAATTGATCA,0,3349014
sohAp,0.058823529411764705,16,16,TTACACGAACGTTTTACACC,0,3338234
sohAp,0.058823529411764705,16,16,TGTTAAGGCAGGTCATTATT,0,3350900
sohAp,0.058823529411764705,16,16,TGGGGCAGCTCCCGCTTGAA,0,3354446
sohAp,0.058823529411764705,16,16,TGGGCCCTCAGATTGTTCGA,0,3341981
sohAp,0.058823529411764705,16,16,TGCGTTTCCGCATCCTCAAG,0,3340783
sohAp,0.058823529411764705,16,16,TGCGATTATTGAGTATATAA,0,3339826
sohAp,0.058823529411764705,16,16,TGATGGTATTGTCCTTGGGC,0,3334496
sohAp,0.058823529411764705,16,16,TGACCATCGCGTACAGGAAC,0,3347413
sohAp,0.058823529411764705,16,16,TCGGGCTGTATCGGGTAGGT,0,3349807
sohAp,0.058823529411764705,16,16,TCGCGCCTCTATGAGCTATA,0,3338032
sohAp,0.058823529411764705,16,16,TCCAGAGCGGTCAACGCGCC,0,3339052
sohAp,0.058823529411764705,16,16,TCAGGTTGGGTCTTCTGATA,0,3344922
sohAp,0.058823529411764705,16,16,TCAGCCTCACATAATTGATT,0,3354462
sohAp,0.058823529411764705,16,16,TATTCTGCTATGCGTGCTTA,0,3345698
sohAp,0.058823529411764705,16,16,TATCAGCATAAAAAAACGAT,0,3349167
sohAp,0.058823529411764705,16,16,TACGAGCTTCAGTTAGTGTG,0,3339366
sohAp,0.058823529411764705,16,16,TAACCCGGTTTGCCTCTCGC,0,3357479
sohAp,0.058823529411764705,16,16,GTTTGCGTCCCCTGGGTTAT,0,3348410
sohAp,0.058823529411764705,16,16,GTGATCTAGGGACTGAAAGA,0,3351847
sohAp,0.058823529411764705,16,16,GGGCGCGTTTTTCTGGGGTG,0,3340696
sohAp,0.058823529411764705,16,16,GGGAGACTTCTGAGGAGGAA,0,3347533
sohAp,0.058823529411764705,16,16,GGCAAACAGGCGCCCCTTGT,0,3352321
sohAp,0.058823529411764705,16,16,GGACTCGGGGCTCCCAACAG,0,3357294
sohAp,0.058823529411764705,16,16,GGACGGCGAACGTACAAGAG,0,3345035
sohAp,0.058823529411764705,16,16,GCTTTGAAAACGGGTAATGG,0,3337457
sohAp,0.058823529411764705,16,16,GCTTCGATACATGTGTAGGA,0,3356572
sohAp,0.058823529411764705,16,16,GCTTAAGGATGTAATTGCCG,0,3352385
sohAp,0.058823529411764705,16,16,GCGGTGTGTTTTTGACGTAG,0,3351658
sohAp,0.058823529411764705,16,16,GCCAATGTGAACTCATCGTG,0,3338853
sohAp,0.058823529411764705,16,16,GCATTGGGAGGCACTGACCT,0,3356267
sohAp,0.058823529411764705,16,16,GCATGCGGTTATCCACTGAT,0,3335837
sohAp,0.058823529411764705,16,16,GCATGCCCATAAGATGTAGT,0,3351886
sohAp,0.058823529411764705,16,16,GCAGCCTGTCGCCGTCGTTA,0,3334758
sohAp,0.058823529411764705,16,16,GCAACTACGTCCTCCAAGCC,0,3347029
sohAp,0.058823529411764705,16,16,GATACACTACAGATAAACTA,0,3347874
sohAp,0.058823529411764705,16,16,GAGGGGCGGTAGTAGTGGAT,0,3351374
sohAp,0.058823529411764705,16,16,GACTGGCAAACCTGGTCTCC,0,3353521
sohAp,0.058823529411764705,16,16,GACACCTGTAGCTAATGTCC,0,3340630
sohAp,0.058823529411764705,16,16,CTCATATGTACATGAAGCAA,0,3337378
sohAp,0.058823529411764705,16,16,CTAGGGTGACAACATACCCC,0,3341681
sohAp,0.058823529411764705,16,16,CGTGGGGCAGTCGTAAGGGT,0,3358873
sohAp,0.058823529411764705,16,16,CGGCATGAACGTGGCCACCA,0,3335112
sohAp,0.058823529411764705,16,16,CGGAACCATACTAGGCTAAT,0,3352725
sohAp,0.058823529411764705,16,16,CGCCTTCGTAGACGGGCCAC,0,3346910
sohAp,0.058823529411764705,16,16,CGAGTTCCGATTTAGATTTC,0,3355996
sohAp,0.058823529411764705,16,16,CGACGGGGGTGATGTCCGTG,0,3341476
sohAp,0.058823529411764705,16,16,CCTGACTTAGTTGGGGTGAA,0,3337051
sohAp,0.058823529411764705,16,16,CCGTTGGTGCTAGGGCACAA,0,3338062
sohAp,0.058823529411764705,16,16,CCGCAAAACACATGGGGAAC,0,3347251
sohAp,0.058823529411764705,16,16,CCAGACCGCGCTGAGCGATT,0,3335605
sohAp,0.058823529411764705,16,16,CATTCGCCTCACACGTCCTC,0,3338925
sohAp,0.058823529411764705,16,16,CATGCCGGAAATCGCACGAG,0,3348056
sohAp,0.058823529411764705,16,16,CATACACTCCTCCCCACATT,0,3336218
sohAp,0.058823529411764705,16,16,CAGTTAGGGGAGTGAGCCTG,0,3350526
sohAp,0.058823529411764705,16,16,CAGGTATTCTGGCGTGGGCT,0,3334608
sohAp,0.058823529411764705,16,16,CAGGACTTCCAAATCAAGAC,0,3343868
sohAp,0.058823529411764705,16,16,CAGGACGTGCAAGTACCAAT,0,3346409
sohAp,0.058823529411764705,16,16,CAGCAGGGAGACACGCAAGA,0,3351182
sohAp,0.058823529411764705,16,16,CAGAGTTGCATAGGGGTAGA,0,3352252
sohAp,0.058823529411764705,16,16,CAGAGTTATTGAGCTCAAAT,0,3347560
sohAp,0.058823529411764705,16,16,CACTTCATGGCTTGGACATC,0,3335682
sohAp,0.058823529411764705,16,16,CACGAGGTCGTATGCCGTTT,0,3351503
sohAp,0.058823529411764705,16,16,CAAGTACTACGGACTAAACG,0,3337201
sohAp,0.058823529411764705,16,16,ATTGAAAGCCTACCAGAAGT,0,3334682
sohAp,0.058823529411764705,16,16,ATGTGATCAGGGGCATGTGT,0,3337726
sohAp,0.058823529411764705,16,16,ATGTATATTAGGTGCCCTTG,0,3334886
sohAp,0.058823529411764705,16,16,ATGCCTACTCTCGATGTTAT,0,3352912
sohAp,0.058823529411764705,16,16,ATCGTTCCGTTGCGAGAAGA,0,3334683
sohAp,0.058823529411764705,16,16,ATCCTGAACACGACAAAGCC,0,3341172
sohAp,0.058823529411764705,16,16,ATATTAGAGTGGGGGTATGT,0,3354754
sohAp,0.058823529411764705,16,16,ATATAATTATGTAGCCAAGT,0,3342944
sohAp,0.058823529411764705,16,16,AGTAGTGTCTCTGCGTATGT,0,3357107
sohAp,0.058823529411764705,16,16,AGGAATTAAGGCACTTGCAT,0,3351369
sohAp,0.058823529411764705,16,16,AGCCGGGTTCATTCCCCATT,0,3333863
sohAp,0.058823529411764705,16,16,AGCATTGGGCTGGACTTTCA,0,3335679
sohAp,0.058823529411764705,16,16,AGATAGCGTTATTTCCTAAC,0,3334405
sohAp,0.058823529411764705,16,16,AGAGGATCTAGTACGACATC,0,3335713
sohAp,0.058823529411764705,16,16,ACTGGTATAATAAGGTGTAA,0,3339095
sohAp,0.058823529411764705,16,16,ACGCGAATTAACATGTCATT,0,3340629
sohAp,0.058823529411764705,16,16,ACATAGGAGCTTGTTCGGTG,0,3336210
sohAp,0.058823529411764705,16,16,AATTCCATTCTACGCTAAAA,0,3347472
sohAp,0.058823529411764705,16,16,AATCGGGGGGCCAGCTAAAG,0,3341191
sohAp,0.058823529411764705,16,16,AATAGCCGATATGACAGTAT,0,3338193
sohAp,0.058823529411764705,16,16,AATACTTGGATACTCCGCGC,0,3350757
sohAp,0.058823529411764705,16,16,AATAACGTCCGTCTCATTTA,0,3346805
sohAp,0.058823529411764705,16,16,AAGTAGTAGCTACGGGACTA,0,3352981
sohAp,0.058823529411764705,16,16,AAGGGCACACGCTCGGAGCC,0,3346224
sohAp,0.058823529411764705,16,16,AAATTGACTATCGAATGTCT,0,3354785
sohAp,0.058823529411764705,16,16,AAATATGATATCCCTGTTAT,0,3344987
sohAp,0.058823529411764705,16,16,AAACTTTGAAAACATGTATC,0,3338148
sohAp,0.058823529411764705,16,16,AAAATCCTTGTTAGGTTGTT,0,3337016
sohAp,0.0625,15,15,TTTATTAATAACGCGAACGG,0,3344346
sohAp,0.0625,15,15,TTGTGAGCTTGGACGGTTCA,0,3350806
sohAp,0.0625,15,15,TTGATCGTAATGCCATGGTC,0,3335103
sohAp,0.0625,15,15,TTCCTCCTGACCTCAGATTC,0,3341940
sohAp,0.0625,15,15,TTCCGATTGCCGCTCACCCG,0,3354172
sohAp,0.0625,15,15,TTCAGAGCTCTTTGTTCCAT,0,3339321
sohAp,0.0625,15,15,TTAGAAACCGTGTCACCTTA,0,3342174
sohAp,0.0625,15,15,TTAAAGGCTAGGCCGTAGTG,0,3353051
sohAp,0.0625,15,15,TGTTCATTCTACGCAGCGAG,0,3344837
sohAp,0.0625,15,15,TGCTCGGCGAAGAGATCTAA,0,3351116
sohAp,0.0625,15,15,TGCTCCTATTGGCTAAAGAT,0,3356211
sohAp,0.0625,15,15,TGAGCCTAGAACAAGAGCCC,0,3349668
sohAp,0.0625,15,15,TGAGCCGGGACTCCCTAGTT,0,3339481
sohAp,0.0625,15,15,TGACAACACCCGATCGATGT,0,3347397
sohAp,0.0625,15,15,TGAAGCTGCCTTATCGCGGT,0,3335946
sohAp,0.0625,15,15,TCTGACATATTGATAATACA,0,3335678
sohAp,0.0625,15,15,TCCGAGGGGGTGTGGCCTTG,0,3340939
sohAp,0.0625,15,15,TCCAAGCGTATGTATGAGGA,0,3343451
sohAp,0.0625,15,15,TCATCTGCAAAGAGCTTTTT,0,3358504
sohAp,0.0625,15,15,TCATCTCAATGCGGGGTAAA,0,3357159
sohAp,0.0625,15,15,TCATAACAACAGGTACAATG,0,3339694
sohAp,0.0625,15,15,TCACTCTTGCTTGCGAGGAG,0,3338986
sohAp,0.0625,15,15,TATTAAGGGGGTCCGCAGGT,0,3347692
sohAp,0.0625,15,15,TATGCGCGTGCGAAGATATT,0,3348166
sohAp,0.0625,15,15,TATATAGGGAACGGGTCATC,0,3354330
sohAp,0.0625,15,15,TAGCGGGAGTATGCCTCTGA,0,3349985
sohAp,0.0625,15,15,TAGCCCGGCATCCCCTCCAT,0,3337613
sohAp,0.0625,15,15,TACGGACCCGAATGTAGGAC,0,3342721
sohAp,0.0625,15,15,TACCTGCAGCCGAGCCATGT,0,3339823
sohAp,0.0625,15,15,TAATTGGATCAAGGACTACG,0,3349115
sohAp,0.0625,15,15,TAATCTTGACGACGGTCGTG,0,3346396
sohAp,0.0625,15,15,TAAAGAAGTAGGGCCTAAAA,0,3337507
sohAp,0.0625,15,15,GTTTTTGGAAAATAAGTTAG,0,3344227
sohAp,0.0625,15,15,GTTGAGTAGGCATGATGTTG,0,3334060
sohAp,0.0625,15,15,GTGCCTAGGTGTTGCCGTGT,0,3344269
sohAp,0.0625,15,15,GTCTAAGTCTCCCCAGTCCG,0,3350258
sohAp,0.0625,15,15,GTCAGTTGAGTACGTTCCAA,0,3354825
sohAp,0.0625,15,15,GTCAGTATTGCAGAAGGGTC,0,3334108
sohAp,0.0625,15,15,GTATAGTTCTCCGTTTTTCT,0,3336436
sohAp,0.0625,15,15,GTACGTACCCGATGGTCGAA,0,3349113
sohAp,0.0625,15,15,GGGACCATACGTCGCAATTC,0,3356732
sohAp,0.0625,15,15,GGCCTGTCTGGTGGAGAGTA,0,3340533
sohAp,0.0625,15,15,GGAGTCAACCATGATCAACG,0,3339805
sohAp,0.0625,15,15,GGAGACCGATTCCATTGCAA,0,3346977
sohAp,0.0625,15,15,GCTGATCTGTAGAGGATCAA,0,3341313
sohAp,0.0625,15,15,GCTCAGGTGGCGCCATTGAA,0,3342857
sohAp,0.0625,15,15,GCGTGTCTGGCCTTGTGGTC,0,3344091
sohAp,0.0625,15,15,GCGGATCAGAACTCGCATTC,0,3340284
sohAp,0.0625,15,15,GCGGACTAAAATAAGACCAA,0,3356703
sohAp,0.0625,15,15,GCGATGTCGGCTCCGCGACT,0,3349185
sohAp,0.0625,15,15,GCCGTGAACTACACCTCATC,0,3342947
sohAp,0.0625,15,15,GCCCTCATATAAACGGAATG,0,3344985
sohAp,0.0625,15,15,GATTTCCAGTCTCGTTCAGA,0,3348346
sohAp,0.0625,15,15,GATCCCATTGCGGTAAGGAA,0,3337575
sohAp,0.0625,15,15,GATATAGATTTCGCAACGTA,0,3346173
sohAp,0.0625,15,15,GAGGTGGGCTTTGGGCATTG,0,3343951
sohAp,0.0625,15,15,GAGAGGGTGTTCGGTGATAA,0,3348440
sohAp,0.0625,15,15,GACAGCTTGGCGGAGCACTT,0,3342437
sohAp,0.0625,15,15,GAAGATCGAGTCCTAATTGA,0,3334407
sohAp,0.0625,15,15,CTTATAACGAACAGGGAACT,0,3357691
sohAp,0.0625,15,15,CTGCAGTTGATTAGGTATCC,0,3349256
sohAp,0.0625,15,15,CTGCAGTCCAAATCTGTCGC,0,3335332
sohAp,0.0625,15,15,CTGAGGTTCGTTGGTTCTAA,0,3346122
sohAp,0.0625,15,15,CTCTCGAAATGGCACAGGTT,0,3339303
sohAp,0.0625,15,15,CTCACGGCCTTTTCTAACGG,0,3348290
sohAp,0.0625,15,15,CTCACCTTAACGCCAGCACA,0,3336420
sohAp,0.0625,15,15,CTAATAGTGGGTCCTGGCTG,0,3354748
sohAp,0.0625,15,15,CGTGAATTGAATTCAGTAGA,0,3339649
sohAp,0.0625,15,15,CGTAGAGTTTCCTATCTCAT,0,3337377
sohAp,0.0625,15,15,CGGTTCTCCGAGAAACGAAT,0,3355868
sohAp,0.0625,15,15,CGGTAATTCGGCCCTTTAAG,0,3350508
sohAp,0.0625,15,15,CGGCTAGTCACGGAGTACTC,0,3340811
sohAp,0.0625,15,15,CGATGGGTATGAACGCTTAA,0,3344905
sohAp,0.0625,15,15,CGAGTTTGATCCGACGGCTT,0,3347801
sohAp,0.0625,15,15,CCGTTTAAAGGTCCACCGGC,0,3349209
sohAp,0.0625,15,15,CCGCATGCTTTGAGGTCCCT,0,3347445
sohAp,0.0625,15,15,CCCTTTTTGGCAGCTTTCTA,0,3343655
sohAp,0.0625,15,15,CCCTCGCTAGCTAAGCTCTG,0,3344359
sohAp,0.0625,15,15,CCCTAACTTCTCCGCGTACG,0,3356396
sohAp,0.0625,15,15,CCCCGCCGCATCATGGATCG,0,3349571
sohAp,0.0625,15,15,CCAGCGTTTAGGGCGGCGGA,0,3334015
sohAp,0.0625,15,15,CCACGGGACAGCGCGCCAAG,0,3356274
sohAp,0.0625,15,15,CATTGGGGGGGTTCGGCAAT,0,3347659
sohAp,0.0625,15,15,CACAAGTCCGCATAGGGCGC,0,3344081
sohAp,0.0625,15,15,CAAGTGCTGACCCTGGTCTC,0,3345232
sohAp,0.0625,15,15,CAAGGGAGGGTTACACGGAT,0,3351195
sohAp,0.0625,15,15,ATTTACGATTCACTGACCAA,0,3353017
sohAp,0.0625,15,15,ATTGAACGTTAATCAAATTA,0,3337034
sohAp,0.0625,15,15,ATTCGCGGTAGCTGAGCGCT,0,3356551
sohAp,0.0625,15,15,ATTCAGTGGTATTTATGCGG,0,3341621
sohAp,0.0625,15,15,ATGCACGTATCGTGTAAAGT,0,3342049
sohAp,0.0625,15,15,ATCGTAAGGACATGTATCTC,0,3351647
sohAp,0.0625,15,15,ATCGATTACTGGCGTTTCAA,0,3336358
sohAp,0.0625,15,15,ATCGAGGTCGCCACATATGA,0,3334035
sohAp,0.0625,15,15,ATCATTGACCTTGTTATCGG,0,3342796
sohAp,0.0625,15,15,ATATCGTGGCATAAACTTAG,0,3342922
sohAp,0.0625,15,15,ATAACCGTCAATGGGTGATT,0,3336368
sohAp,0.0625,15,15,AGTTCCGCGCCTCCGACAAA,0,3356236
sohAp,0.0625,15,15,AGGTGTCCGCGATGTCTCAG,0,3334056
sohAp,0.0625,15,15,AGGCACGGTCCCTTTTCAAG,0,3339054
sohAp,0.0625,15,15,AGCTAGACTGTCTGGACGTT,0,3341320
sohAp,0.0625,15,15,AGCGCAAAAGTTAACGGTCT,0,3347356
sohAp,0.0625,15,15,AGCCTAATGACATGCGGCTT,0,3349770
sohAp,0.0625,15,15,AGATGACAGAACGCTGGTGG,0,3341286
sohAp,0.0625,15,15,AGAGTGGCCAACGAGGGCAC,0,3344920
sohAp,0.0625,15,15,AGACCAGTGTAGTGTGGTTT,0,3347985
sohAp,0.0625,15,15,AGAATGTCGTGATGTTCGAA,0,3352250
sohAp,0.0625,15,15,ACTTACTTTTGACTCCTATG,0,3344809
sohAp,0.0625,15,15,ACTATGCCGTCTAAAGTTGT,0,3355692
sohAp,0.0625,15,15,ACTAGAGCAGTAGCCTTTCA,0,3337670
sohAp,0.0625,15,15,ACTAGAAACCGGCCCTTCCA,0,3341720
sohAp,0.0625,15,15,ACTAAGCCAAGTGTTGTCAG,0,3345652
sohAp,0.0625,15,15,ACCCGGGGCCATGAGCATCC,0,3339270
sohAp,0.0625,15,15,ACAGTTGCCTGGTCCGGTCG,0,3344456
sohAp,0.0625,15,15,ACAATATCCTTAGAATGAAT,0,3346915
sohAp,0.0625,15,15,ACAAAGCCGGAACCGTAAGC,0,3337878
sohAp,0.0625,15,15,AATTGAGAGTCACCCCGGGT,0,3334627
sohAp,0.0625,15,15,AAGTGTCAAGAGCCTCAGTT,0,3343175
sohAp,0.0625,15,15,AAGCATGCCGGTTAAGTGTA,0,3345115
sohAp,0.0625,15,15,AAGATGTCCGTGACAAGTAC,0,3343203
sohAp,0.0625,15,15,AACGTCAGTATGCAATTCGT,0,3343687
sohAp,0.0625,15,15,AACGAGTATCTACCAACTAG,0,3337637
sohAp,0.0625,15,15,AACAGTTTACGACGAAACTG,0,3338125
sohAp,0.0625,15,15,AAATTAGTAAAGATAGTTGT,0,3338729
sohAp,0.0625,15,15,AAAACTTTCAGAGGTCTCTC,0,3343337
sohAp,0.06666666666666667,14,14,TTTTGTAAGAGCGTTGGGAA,0,3344312
sohAp,0.06666666666666667,14,14,TTTCGACCTTCCCGGGTATT,0,3358565
sohAp,0.06666666666666667,14,14,TTCTGTTGCGTCAGAAGGAT,0,3354403
sohAp,0.06666666666666667,14,14,TTCGCAATCCGAACGCGAAC,0,3338605
sohAp,0.06666666666666667,14,14,TTCCAAGTCCCTTGCCATAA,0,3338926
sohAp,0.06666666666666667,14,14,TTATCACGCGTTGTAGCTTT,0,3357662
sohAp,0.06666666666666667,14,14,TTAGCCGCAGTGTTAATCAA,0,3339027
sohAp,0.06666666666666667,14,14,TGTTGGCGACTCGTGCTTCA,0,3340074
sohAp,0.06666666666666667,14,14,TGGTTCCTGGGCCAGTGTTT,0,3345709
sohAp,0.06666666666666667,14,14,TGGGTCATTATCAAGCAGGG,0,3357129
sohAp,0.06666666666666667,14,14,TGCAACCTGCTAAGTAACGT,0,3350903
sohAp,0.06666666666666667,14,14,TCTGGACTCATGTCTAAGTA,0,3344181
sohAp,0.06666666666666667,14,14,TCTCAACCCGAGATAACTTG,0,3337919
sohAp,0.06666666666666667,14,14,TCTAACATACTGGCCGATTG,0,3342020
sohAp,0.06666666666666667,14,14,TCGGTAACCCGGACGTTCTT,0,3334072
sohAp,0.06666666666666667,14,14,TCGCATGGTTTATATGCCCG,0,3354460
sohAp,0.06666666666666667,14,14,TCCTGGAAATTCGCTGCTAG,0,3357416
sohAp,0.06666666666666667,14,14,TCCCCATAGAGATTCGGGTC,0,3337796
sohAp,0.06666666666666667,14,14,TCCAACAACACGACGAGGAC,0,3357004
sohAp,0.06666666666666667,14,14,TCACGAGGCGTGTGAGCTTT,0,3334588
sohAp,0.06666666666666667,14,14,TCACAGTTCAAAGTTCTGGA,0,3344949
sohAp,0.06666666666666667,14,14,TATTTGGGTTATTTTACTAA,0,3350692
sohAp,0.06666666666666667,14,14,TATTGGCGGGGACTTAGCGG,0,3338749
sohAp,0.06666666666666667,14,14,TAGGCTGTGCTGCTGCCGCA,0,3346175
sohAp,0.06666666666666667,14,14,TAGATCGCTACGTTTTATAT,0,3339488
sohAp,0.06666666666666667,14,14,TAATTGGCGGAATAAAATCT,0,3347134
sohAp,0.06666666666666667,14,14,TAATGTTATGTTAGATGTTA,0,3337877
sohAp,0.06666666666666667,14,14,TAAGTCCGGCCATACATTTG,0,3357777
sohAp,0.06666666666666667,14,14,GTTGGCCGGGGACCTCATGT,0,3343403
sohAp,0.06666666666666667,14,14,GTTCATGGTGAACTATTTCA,0,3357985
sohAp,0.06666666666666667,14,14,GTGTATTTGGTAGCGCAAGA,0,3335788
sohAp,0.06666666666666667,14,14,GTCGGTGGTGATTCTGGGTT,0,3356513
sohAp,0.06666666666666667,14,14,GTATTGAATAGAAGCTGGCT,0,3344381
sohAp,0.06666666666666667,14,14,GGTATGGGTGGATTTACTCG,0,3335724
sohAp,0.06666666666666667,14,14,GGGTCGTCAAATACACGTGT,0,3351581
sohAp,0.06666666666666667,14,14,GGGAGTATACAGTTACGTGA,0,3348255
sohAp,0.06666666666666667,14,14,GGGACCGTCTCAAAAGAACA,0,3358325
sohAp,0.06666666666666667,14,14,GGCCTGGCTAGAATATGAAT,0,3351138
sohAp,0.06666666666666667,14,14,GGCCTCGGCAGCGTATGTTA,0,3350680
sohAp,0.06666666666666667,14,14,GGCATAACTCCCGCATCCCA,0,3356149
sohAp,0.06666666666666667,14,14,GGCAGAGCGACATTCGGGTC,0,3349882
sohAp,0.06666666666666667,14,14,GGCACTTATCTATTTGATTG,0,3349666
sohAp,0.06666666666666667,14,14,GGATATGAAGGGGACTCCTG,0,3354255
sohAp,0.06666666666666667,14,14,GGATACGGCCTTCTATTCGA,0,3350353
sohAp,0.06666666666666667,14,14,GGAGGACTTAGGGTGGTGAG,0,3351757
sohAp,0.06666666666666667,14,14,GGAGCGCGGTCAGTCGTGGG,0,3344366
sohAp,0.06666666666666667,14,14,GGACGCACGACAAACCGTTC,0,3342438
sohAp,0.06666666666666667,14,14,GCTTAGGCTAGGAATGAATT,0,3336266
sohAp,0.06666666666666667,14,14,GCTCACCGCGACGTCTGGCA,0,3355518
sohAp,0.06666666666666667,14,14,GCGTTATTACGTTAACCTAT,0,3356111
sohAp,0.06666666666666667,14,14,GCGATACGTCCCTGATGATG,0,3342440
sohAp,0.06666666666666667,14,14,GCGAACGATGTTTAAACGTA,0,3349682
sohAp,0.06666666666666667,14,14,GCCGATGCTCCATAAATAAA,0,3348125
sohAp,0.06666666666666667,14,14,GCCCTACCAACTCGCGAATG,0,3349384
sohAp,0.06666666666666667,14,14,GATGAAGTGTACTCACGCAA,0,3353299
sohAp,0.06666666666666667,14,14,GATCCTTCAGGTTGAAGCCA,0,3344758
sohAp,0.06666666666666667,14,14,GAGGCCGATTCCAAGCGCCC,0,3353235
sohAp,0.06666666666666667,14,14,GACATGTGCCCCGGGCGAAT,0,3356541
sohAp,0.06666666666666667,14,14,GAAGAAGTTATTTAACGGGA,0,3342500
sohAp,0.06666666666666667,14,14,GAACCTGCCGGCTCTCCCTA,0,3346732
sohAp,0.06666666666666667,14,14,CTTGCGCGCGAATAGGTAGC,0,3341258
sohAp,0.06666666666666667,14,14,CTTCTGTGAGAAGAAGCGGA,0,3336950
sohAp,0.06666666666666667,14,14,CTTACCGATGATGCGTAGCG,0,3339266
sohAp,0.06666666666666667,14,14,CTGTGATCCGCGCAGCTTGG,0,3339130
sohAp,0.06666666666666667,14,14,CTCACGAATGAGGGCCAGTA,0,3337148
sohAp,0.06666666666666667,14,14,CTAGGGTCCACAAATGGAAA,0,3341606
sohAp,0.06666666666666667,14,14,CTAATACTAGAGAGGGGCGG,0,3345117
sohAp,0.06666666666666667,14,14,CGTCGGCGGCCGTCGAACGT,0,3346730
sohAp,0.06666666666666667,14,14,CGTCGCAAATGTCTAAATGA,0,3339962
sohAp,0.06666666666666667,14,14,CGGCAACTGCAGACCAAGAA,0,3343140
sohAp,0.06666666666666667,14,14,CGCGTGCACAAGCTAGAAAC,0,3335047
sohAp,0.06666666666666667,14,14,CGATCTAGGGAAAGATCAGT,0,3353674
sohAp,0.06666666666666667,14,14,CGAATCGATCCTTGGAATAG,0,3337393
sohAp,0.06666666666666667,14,14,CCTTTCGCTCAGCCCCACGC,0,3342015
sohAp,0.06666666666666667,14,14,CCGGAGGTAGCTACGTCCAG,0,3353588
sohAp,0.06666666666666667,14,14,CCAGCTGCTCGCATTCCTGG,0,3347740
sohAp,0.06666666666666667,14,14,CATTCGTCTCTGGCTCGAGT,0,3349248
sohAp,0.06666666666666667,14,14,CATGAAGTGCCGGTGTTATT,0,3358656
sohAp,0.06666666666666667,14,14,CAGGGAATGGACAGCTAGTT,0,3355173
sohAp,0.06666666666666667,14,14,CAGCTTATTCCGACATAAAG,0,3348820
sohAp,0.06666666666666667,14,14,CAGAATGTGTCTTTGATTAT,0,3340542
sohAp,0.06666666666666667,14,14,CACTTACGGTTACTCATAGA,0,3352584
sohAp,0.06666666666666667,14,14,CACTATGTCAGAACTCTTCT,0,3345076
sohAp,0.06666666666666667,14,14,CACGCGAACGAGGGCTTCAT,0,3339087
sohAp,0.06666666666666667,14,14,CACCGTTAGCCGCAAGAAAT,0,3342202
sohAp,0.06666666666666667,14,14,CAACACTTTGAGCAAGCTAG,0,3349473
sohAp,0.06666666666666667,14,14,ATTTAATTGCATACGGTCTT,0,3347849
sohAp,0.06666666666666667,14,14,ATTGATTTTGCGAATAGCGA,0,3335899
sohAp,0.06666666666666667,14,14,ATTAAGGCGAGTGTTCTGCT,0,3356734
sohAp,0.06666666666666667,14,14,ATGTGCCGCTCCCCCGTTCC,0,3335668
sohAp,0.06666666666666667,14,14,ATGTCGCTATCAGTGTTTGA,0,3338397
sohAp,0.06666666666666667,14,14,ATGGGTAGGACTCAAGTGCT,0,3342923
sohAp,0.06666666666666667,14,14,ATGCGCGAACTGGGGAACAA,0,3340187
sohAp,0.06666666666666667,14,14,ATGCATCGGAGCGGAACGGA,0,3348348
sohAp,0.06666666666666667,14,14,ATCTATTTGAGCTATATGAG,0,3337266
sohAp,0.06666666666666667,14,14,ATCGTGCCAACGGCGTTTGA,0,3336848
sohAp,0.06666666666666667,14,14,ATCGTCGAAGTAGCATTATG,0,3340288
sohAp,0.06666666666666667,14,14,ATAAGGATGCGGAAAGGGGC,0,3357452
sohAp,0.06666666666666667,14,14,AGTTTGTCAGGGGGGACCCA,0,3344427
sohAp,0.06666666666666667,14,14,AGTGCGCCGCATAGGGGATA,0,3335033
sohAp,0.06666666666666667,14,14,AGTGATGGAGTAATATCCTT,0,3335387
sohAp,0.06666666666666667,14,14,AGGGCGCTGCCCGCAAGTTA,0,3354392
sohAp,0.06666666666666667,14,14,AGGGCAGCACTATGATCCAA,0,3340667
sohAp,0.06666666666666667,14,14,AGCGCATCGCATTCGCTGTT,0,3344974
sohAp,0.06666666666666667,14,14,AGCAGACCATACTCCGGCTA,0,3353989
sohAp,0.06666666666666667,14,14,AGAGGCAAACTTGTCGTTGC,0,3337067
sohAp,0.06666666666666667,14,14,AGAGCCCAGGAGTTTGTTAT,0,3355763
sohAp,0.06666666666666667,14,14,AGACAGCAGTGGCTAAGTTT,0,3337956
sohAp,0.06666666666666667,14,14,ACGTGCTACAAACCACATCT,0,3357558
sohAp,0.06666666666666667,14,14,ACGGGATGCACCACGGCCAC,0,3354673
sohAp,0.06666666666666667,14,14,ACGCCTGCCGCTTTCGGTGG,0,3357172
sohAp,0.06666666666666667,14,14,ACCTGCTATCGTCGGGGGGA,0,3334644
sohAp,0.06666666666666667,14,14,ACCGTAGCTTCCTGTGGAGT,0,3353344
sohAp,0.06666666666666667,14,14,ACCGCCAATGATGTTGTCAT,0,3342388
sohAp,0.06666666666666667,14,14,ACCCCTGAAGGTTGGAATGA,0,3350904
sohAp,0.06666666666666667,14,14,ACATTTTCAAGCAGGAAATG,0,3339548
sohAp,0.06666666666666667,14,14,ACACTCTACTGGTAGAGTCC,0,3348287
sohAp,0.06666666666666667,14,14,AATGCCGACGTGAGAAGCGT,0,3345034
sohAp,0.06666666666666667,14,14,AATCCCGTTTGTCAAGTAGC,0,3344404
sohAp,0.06666666666666667,14,14,AATATTTCGTCTCTTAGAGT,0,3345368
sohAp,0.06666666666666667,14,14,AATAAATGTTTACCCAAGTA,0,3350276
sohAp,0.06666666666666667,14,14,AAACCGGCCCTGGCGGGACA,0,3335071
sohAp,0.06666666666666667,14,14,AAACCCTAAGTGTCATATGT,0,3352335
sohAp,0.06666666666666667,14,14,AAAAAATTTACCCGCCGTTT,0,3349023
sohAp,0.07142857142857142,13,13,TTTTAATTGAGCGCACGTAT,0,3345712
sohAp,0.07142857142857142,13,13,TTTGGTGTATTTCCAGGATA,0,3346453
sohAp,0.07142857142857142,13,13,TTGTCGATTGATAAGCATGA,0,3343015
sohAp,0.07142857142857142,13,13,TTGGCGCCGTGATTGGCTCT,0,3348197
sohAp,0.07142857142857142,13,13,TTGCTAATAGTTTGCAGTGA,0,3343838
sohAp,0.07142857142857142,13,13,TTGCATCCGCAACAACCTGT,0,3351769
sohAp,0.07142857142857142,13,13,TTCCTTGCGGAAGCGAAGTG,0,3337494
sohAp,0.07142857142857142,13,13,TTAGGTTGGATAGTATCCTC,0,3350967
sohAp,0.07142857142857142,13,13,TTAGGCGCAGATTGCTGCAA,0,3338159
sohAp,0.07142857142857142,13,13,TGTATGGTCATAGCGATTCA,0,3334213
sohAp,0.07142857142857142,13,13,TGGTGTACGAACGGGACGGA,0,3349277
sohAp,0.07142857142857142,13,13,TGGTGACGATCGTGTTCAAG,0,3356422
sohAp,0.07142857142857142,13,13,TGGCTGACCTTTGGGCCTGT,0,3356791
sohAp,0.07142857142857142,13,13,TGCTCGGCTCTGAATGTACT,0,3338612
sohAp,0.07142857142857142,13,13,TGCCCGAATGCTCCATTACT,0,3340922
sohAp,0.07142857142857142,13,13,TGCCCAGCTGTATCACTCTA,0,3342496
sohAp,0.07142857142857142,13,13,TGATATTGTAGCTTTTGAAC,0,3336424
sohAp,0.07142857142857142,13,13,TGATAAATTCCTGGACTTAA,0,3342784
sohAp,0.07142857142857142,13,13,TCTCCGGACCATATGGCTCT,0,3353502
sohAp,0.07142857142857142,13,13,TCTACAAAACCACGGCGAGT,0,3339216
sohAp,0.07142857142857142,13,13,TCGTGTGCCGGGCTTGCTCA,0,3354919
sohAp,0.07142857142857142,13,13,TCGCCGGCGCATCGAACCTG,0,3344855
sohAp,0.07142857142857142,13,13,TCCTTCGGTCTATCCTGCAG,0,3356296
sohAp,0.07142857142857142,13,13,TCCGGCAAATGTAGATCAGT,0,3347358
sohAp,0.07142857142857142,13,13,TCCATATATCGGTTCGGGAC,0,3336219
sohAp,0.07142857142857142,13,13,TCACTGGGAGTCTATTCTAT,0,3339553
sohAp,0.07142857142857142,13,13,TCACAAGCGGGGTAGCTAGA,0,3344330
sohAp,0.07142857142857142,13,13,TAGGAAACTTATCTCACCTT,0,3355850
sohAp,0.07142857142857142,13,13,TAGACACAAACAAGAGGCTG,0,3350557
sohAp,0.07142857142857142,13,13,TAATAGGGTGAGGAATCCGT,0,3351246
sohAp,0.07142857142857142,13,13,TAAGTGAGTGTGCTGGACAA,0,3341886
sohAp,0.07142857142857142,13,13,TAAGCTTAGACATGCGTAGG,0,3341735
sohAp,0.07142857142857142,13,13,TAACACCTATCACTCTACGG,0,3336177
sohAp,0.07142857142857142,13,13,GTTGTCTAGGGTCCGGTCTC,0,3340536
sohAp,0.07142857142857142,13,13,GTCGCCACATTGCTAACAAG,0,3340941
sohAp,0.07142857142857142,13,13,GTAGCCAGAGGTAGGACGTA,0,3335447
sohAp,0.07142857142857142,13,13,GGTATAAGTTCGAGGATGGA,0,3336175
sohAp,0.07142857142857142,13,13,GGGTGAAAGATATTGGATAG,0,3349949
sohAp,0.07142857142857142,13,13,GGGGGTGAGGTATTCTGGGA,0,3352403
sohAp,0.07142857142857142,13,13,GGGGCATCGTTAGCCCGGAA,0,3353376
sohAp,0.07142857142857142,13,13,GGGCCATCGGCATGGCCTAG,0,3356459
sohAp,0.07142857142857142,13,13,GGCCCTATGCCATTGCTAAA,0,3338485
sohAp,0.07142857142857142,13,13,GGCACGAGAGCCGGCGAAAT,0,3344097
sohAp,0.07142857142857142,13,13,GGATTCGGCTAGCACCCTAC,0,3335801
sohAp,0.07142857142857142,13,13,GGAGCTTGAGGGATGCCGGT,0,3350536
sohAp,0.07142857142857142,13,13,GGACCCGTGTGGGTGGAGCA,0,3340950
sohAp,0.07142857142857142,13,13,GGAAGCCGATTGAAGCTCGA,0,3351841
sohAp,0.07142857142857142,13,13,GCTGAATATGGGCCTCAACG,0,3340779
sohAp,0.07142857142857142,13,13,GCGGTAGCAATCGAATTACC,0,3342664
sohAp,0.07142857142857142,13,13,GCCTTAACCTTAATAGGGGA,0,3337513
sohAp,0.07142857142857142,13,13,GCCAAAGGCTTTAGGAGCAA,0,3339444
sohAp,0.07142857142857142,13,13,GCATCTAGCTCCGCATAGTT,0,3343138
sohAp,0.07142857142857142,13,13,GCACATCTCCCTAGTTTAAC,0,3343551
sohAp,0.07142857142857142,13,13,GCAAAAGCGCATACCAGTAT,0,3335266
sohAp,0.07142857142857142,13,13,GATCGCGGCCCGTCAGCGTG,0,3355353
sohAp,0.07142857142857142,13,13,GATCCCAGATCCTAAAGTGG,0,3346080
sohAp,0.07142857142857142,13,13,GATATCTGGTAGCGGAGTGT,0,3334071
sohAp,0.07142857142857142,13,13,GATAGATAAGAACCCTTATA,0,3338203
sohAp,0.07142857142857142,13,13,GATAATTCTCTCACATAGTG,0,3334174
sohAp,0.07142857142857142,13,13,GACGTTTAGAGCTCCTCCTC,0,3340080
sohAp,0.07142857142857142,13,13,GACGAGTCCGCGATGCTTTT,0,3346913
sohAp,0.07142857142857142,13,13,GACATTGTCTGTAGGTTCGC,0,3342949
sohAp,0.07142857142857142,13,13,GACAGTGGCCGGGACCTTAT,0,3336209
sohAp,0.07142857142857142,13,13,GACACAGCCGAGCCTCACGC,0,3347588
sohAp,0.07142857142857142,13,13,GAAGGGCTCGGACGCTATAA,0,3342668
sohAp,0.07142857142857142,13,13,GAACTTCGCGGCCTTATCGG,0,3334745
sohAp,0.07142857142857142,13,13,GAACGGCCTGCCGGAATATG,0,3336006
sohAp,0.07142857142857142,13,13,GAAAATTTCCGGCACCTTGA,0,3357703
sohAp,0.07142857142857142,13,13,CTTAGGACGGCGTGCCCGCG,0,3342125
sohAp,0.07142857142857142,13,13,CTTAATACGTTTTAAAGCCA,0,3341652
sohAp,0.07142857142857142,13,13,CTGTGTGACCGCAGACCTGT,0,3356907
sohAp,0.07142857142857142,13,13,CTGAAAAGCTAGTAGATGAC,0,3333948
sohAp,0.07142857142857142,13,13,CTCGCTACGCCGAACAATCT,0,3352253
sohAp,0.07142857142857142,13,13,CTCCCGACAGGGCATTCCAA,0,3352309
sohAp,0.07142857142857142,13,13,CTATCGCTGCACGCACACGT,0,3336121
sohAp,0.07142857142857142,13,13,CTAGCTAACAGCGTGATCAA,0,3337283
sohAp,0.07142857142857142,13,13,CTAGATGTCGGCGCTCACCA,0,3340039
sohAp,0.07142857142857142,13,13,CGTTAGTCGGGTGATGGATC,0,3358685
sohAp,0.07142857142857142,13,13,CGTTAATTTGCGTGTCTTGT,0,3357819
sohAp,0.07142857142857142,13,13,CGTTAATCCAATGATTAATA,0,3333725
sohAp,0.07142857142857142,13,13,CGTGTTTGTTATTGCTCTGG,0,3337892
sohAp,0.07142857142857142,13,13,CGTCGTTGGTGACAATATCT,0,3335436
sohAp,0.07142857142857142,13,13,CGGCTGGAAATCTCTTTTTT,0,3349930
sohAp,0.07142857142857142,13,13,CGGCCGGGGTACCGCTCAGA,0,3337442
sohAp,0.07142857142857142,13,13,CGATGAGGGAGGTATACAAT,0,3349620
sohAp,0.07142857142857142,13,13,CGAATTTGCCCTTTGTCACT,0,3347188
sohAp,0.07142857142857142,13,13,CGAAACCCTCCCCGTCAAAT,0,3354362
sohAp,0.07142857142857142,13,13,CCTCCGGCGTTAGGAAACCC,0,3358195
sohAp,0.07142857142857142,13,13,CCGAATTCAGATAGCTTCTG,0,3357676
sohAp,0.07142857142857142,13,13,CCCTGGAACTGACATTGTAG,0,3346460
sohAp,0.07142857142857142,13,13,CCCTACCGGGTAGATCCTCA,0,3355162
sohAp,0.07142857142857142,13,13,CCCGATCATGTTCGATTAAT,0,3340443
sohAp,0.07142857142857142,13,13,CCCGAGGTGGGAGCTATCGA,0,3338932
sohAp,0.07142857142857142,13,13,CCATAAAAGTGGGTCCGATC,0,3347867
sohAp,0.07142857142857142,13,13,CATTCTAGTCGGTCACGCTA,0,3357746
sohAp,0.07142857142857142,13,13,CATTCCCGACCTAGCGCTGC,0,3340228
sohAp,0.07142857142857142,13,13,CATGAATCGACGTTGCGGCC,0,3341259
sohAp,0.07142857142857142,13,13,CATCGTAGTGAGGCGCTTGA,0,3339284
sohAp,0.07142857142857142,13,13,CATAAGTCAGAGGTCTCCGT,0,3350901
sohAp,0.07142857142857142,13,13,CAGTGGATTCGCAACATATG,0,3336719
sohAp,0.07142857142857142,13,13,CAGGTCACTAGGGCGAGGAC,0,3349615
sohAp,0.07142857142857142,13,13,CAGGGCTGCCCATCGACTAT,0,3354224
sohAp,0.07142857142857142,13,13,CAAGCGTGATGCTACAGATA,0,3337464
sohAp,0.07142857142857142,13,13,CAAGACAGTATACTGGCGAC,0,3344210
sohAp,0.07142857142857142,13,13,CAACATTATGGGGACGCGCA,0,3346484
sohAp,0.07142857142857142,13,13,ATTTGCGTCATCATTGGATC,0,3353239
sohAp,0.07142857142857142,13,13,ATTAGCGGAGGGGGAATTTG,0,3344585
sohAp,0.07142857142857142,13,13,ATGATAGCGGAGTCGGTAAA,0,3345726
sohAp,0.07142857142857142,13,13,ATCTGCGTTGCTTCCTAGAT,0,3349886
sohAp,0.07142857142857142,13,13,ATCTACCTGTTATGTTGTAC,0,3339972
sohAp,0.07142857142857142,13,13,ATCGTTGACTAAAGCCAGCT,0,3343578
sohAp,0.07142857142857142,13,13,ATATGCATCACAATTGGTTA,0,3345531
sohAp,0.07142857142857142,13,13,ATATAGTGCTTACTGTCTCA,0,3344188
sohAp,0.07142857142857142,13,13,ATATAACGCCCGTTGCTGAC,0,3339456
sohAp,0.07142857142857142,13,13,ATAGAGAACACTCAATTTTT,0,3340036
sohAp,0.07142857142857142,13,13,ATACTCCTCGAAGGTGATCA,0,3336474
sohAp,0.07142857142857142,13,13,AGTGTGGCGGTTTCGAGACT,0,3347936
sohAp,0.07142857142857142,13,13,AGGTCGCGTCTTCACTTTCG,0,3337681
sohAp,0.07142857142857142,13,13,AGGGTTGGGAACATTGGAAC,0,3345244
sohAp,0.07142857142857142,13,13,AGGCTACCTATCCAAGAAAG,0,3347079
sohAp,0.07142857142857142,13,13,AGGAAACCTGCTCCCCTAGT,0,3344841
sohAp,0.07142857142857142,13,13,AGCGTATCGCCGTGATTTCA,0,3334570
sohAp,0.07142857142857142,13,13,AGATATTCTAATCTGTCATG,0,3338160
sohAp,0.07142857142857142,13,13,AGAGGAAAGTACACGCGTTC,0,3347541
sohAp,0.07142857142857142,13,13,ACTGGCCTTCTCATGTAAAA,0,3345799
sohAp,0.07142857142857142,13,13,ACGTTGGCTTGAATCCCGCC,0,3354105
sohAp,0.07142857142857142,13,13,ACGGATTGAATTGAATGGGG,0,3341649
sohAp,0.07142857142857142,13,13,ACGCTCCCTAGAGTTTAGAG,0,3340822
sohAp,0.07142857142857142,13,13,ACGATAGGGGGATTTATATA,0,3346225
sohAp,0.07142857142857142,13,13,ACCTCCAAGGGATATGCATC,0,3356025
sohAp,0.07142857142857142,13,13,ACATACCTGGCTACACCCGA,0,3350134
sohAp,0.07142857142857142,13,13,ACAGGATCCGCGTTTGGGAA,0,3345544
sohAp,0.07142857142857142,13,13,ACAGAGGCCATAGGCAGTTT,0,3354251
sohAp,0.07142857142857142,13,13,AATATGAGATCCAGATACAG,0,3336955
sohAp,0.07142857142857142,13,13,AAGTAAAAGACGCTACGCCT,0,3351866
sohAp,0.07142857142857142,13,13,AAGGCAGGTACGACGGACAG,0,3345102
sohAp,0.07142857142857142,13,13,AACGGCTAAGCTACAGTTCC,0,3333698
sohAp,0.07142857142857142,13,13,AACATTTCGGGGAAACTAGG,0,3342325
sohAp,0.07142857142857142,13,13,AAAAAGCTTGCGTGCACTGA,0,3349171
sohAp,0.07692307692307693,12,12,TTTTATGATCATAGAGTGTA,0,3358919
sohAp,0.07692307692307693,12,12,TTTGATAAGCTTATCATGGT,0,3344201
sohAp,0.07692307692307693,12,12,TTGTTAAGCGCATCAAACTG,0,3342347
sohAp,0.07692307692307693,12,12,TTGTGCAGCGAATAAACATG,0,3339407
sohAp,0.07692307692307693,12,12,TTGACCATATGCTAGCTAGC,0,3356713
sohAp,0.07692307692307693,12,12,TTATCCGCGAAGTACCGATC,0,3335202
sohAp,0.07692307692307693,12,12,TTAATATCACCGTACTGTAA,0,3356653
sohAp,0.07692307692307693,12,12,TTAACATGGGAGGACGCCAG,0,3337479
sohAp,0.07692307692307693,12,12,TGTTTTGGAATCCAGCATCA,0,3348791
sohAp,0.07692307692307693,12,12,TGTGATTTTCAACATCCTCA,0,3353945
sohAp,0.07692307692307693,12,12,TGTCCCACGCGTCTAAGTCG,0,3340104
sohAp,0.07692307692307693,12,12,TGGCATGTCCTTTAAGCTTT,0,3354524
sohAp,0.07692307692307693,12,12,TGCCCCCTCACAAGCCCTAC,0,3357857
sohAp,0.07692307692307693,12,12,TGCATTAGATTCGAGTCTTA,0,3344250
sohAp,0.07692307692307693,12,12,TGCATAACGAGCAGGTTAAG,0,3335663
sohAp,0.07692307692307693,12,12,TGATTTAACTAAGGGTGGTC,0,3358238
sohAp,0.07692307692307693,12,12,TGAGGTTGAGTATGCAAACA,0,3354988
sohAp,0.07692307692307693,12,12,TGACGATATACGCTAGCGGC,0,3345257
sohAp,0.07692307692307693,12,12,TCTTTTGCCCTAGACGGGTT,0,3342776
sohAp,0.07692307692307693,12,12,TCTGGTGCGGCTAGCTGTTG,0,3342124
sohAp,0.07692307692307693,12,12,TCTGGCCAAAGCAAACGTCT,0,3336020
sohAp,0.07692307692307693,12,12,TCTGCAGTGCGTACAGTCTG,0,3355700
sohAp,0.07692307692307693,12,12,TCTCCCAGTGATCCTTATGT,0,3349725
sohAp,0.07692307692307693,12,12,TCGTGGAGTTTGGATCAAAA,0,3358600
sohAp,0.07692307692307693,12,12,TCGTCACGCCGGTGACCTAT,0,3339189
sohAp,0.07692307692307693,12,12,TCGGAGTTGTTAGTGTGATC,0,3339176
sohAp,0.07692307692307693,12,12,TCGCAAGCACGTGAAGGATA,0,3353359
sohAp,0.07692307692307693,12,12,TCGATTCTGTTCCAGTACAC,0,3336372
sohAp,0.07692307692307693,12,12,TCCCCGCATGAAGGTAGGCG,0,3357686
sohAp,0.07692307692307693,12,12,TCATCATTCCGGTAGTTTCG,0,3341188
sohAp,0.07692307692307693,12,12,TCACAGCGCATGTGGAAGAC,0,3339125
sohAp,0.07692307692307693,12,12,TATTATGGAAAGCACACCAA,0,3344753
sohAp,0.07692307692307693,12,12,TATGGCGCGGTTGGGGGTGT,0,3337243
sohAp,0.07692307692307693,12,12,TATACCAAGAGACATTTACA,0,3350786
sohAp,0.07692307692307693,12,12,TAGGCGGTCCGGCTCTAATG,0,3346875
sohAp,0.07692307692307693,12,12,TAGGCCCGTCAGGGTTATTG,0,3350418
sohAp,0.07692307692307693,12,12,TAGGACGAGTGTAACTACCC,0,3345127
sohAp,0.07692307692307693,12,12,TAGAGTGTATATGATTAGTT,0,3339034
sohAp,0.07692307692307693,12,12,TAACCACTTCTAATGCTACG,0,3355413
sohAp,0.07692307692307693,12,12,TAACATTCGCAGTCTCCGGA,0,3349525
sohAp,0.07692307692307693,12,12,TAACAATATCCTCCGAAATT,0,3353756
sohAp,0.07692307692307693,12,12,GTTGCTAACTCACACTTAGG,0,3340699
sohAp,0.07692307692307693,12,12,GTTCCACGAGCCTAATGAAC,0,3347177
sohAp,0.07692307692307693,12,12,GTGTTAATCAGGATAGAAAG,0,3350260
sohAp,0.07692307692307693,12,12,GTGGTTAGTGGCAATGACAG,0,3342879
sohAp,0.07692307692307693,12,12,GTGGTCACAACAGGGCAGCG,0,3334223
sohAp,0.07692307692307693,12,12,GTGCGAGCGACGAATAGCAA,0,3342959
sohAp,0.07692307692307693,12,12,GTGCCGCAATGGGCACACAT,0,3355042
sohAp,0.07692307692307693,12,12,GTCTGTGATAAAAGAGCTAT,0,3351867
sohAp,0.07692307692307693,12,12,GTCGAAAGGGCATGATAACG,0,3356871
sohAp,0.07692307692307693,12,12,GTCCCTTGCAAATAAACCAA,0,3334000
sohAp,0.07692307692307693,12,12,GTCCAGCGAATGTCTTGTCT,0,3343480
sohAp,0.07692307692307693,12,12,GTAACTGCAGTAGATTCCGG,0,3352877
sohAp,0.07692307692307693,12,12,GGTTATCGCTCATATGTCAC,0,3345222
sohAp,0.07692307692307693,12,12,GGGGGGATTAATGAAACGAG,0,3341008
sohAp,0.07692307692307693,12,12,GGGGGCTGTGTTCTCCCCGA,0,3340869
sohAp,0.07692307692307693,12,12,GGCTTGAACGCTTGGCTCAC,0,3351739
sohAp,0.07692307692307693,12,12,GGCCCAGTTTCACTGTCTAG,0,3334519
sohAp,0.07692307692307693,12,12,GGATAACCTTTGGTTTATAG,0,3353614
sohAp,0.07692307692307693,12,12,GGACTGTTCAAGTACGTCCA,0,3349662
sohAp,0.07692307692307693,12,12,GGACATGAGCATTCTTCCTG,0,3334314
sohAp,0.07692307692307693,12,12,GCGTCTAGAGAGCGAACGAA,0,3356658
sohAp,0.07692307692307693,12,12,GCGGGAGTTCGGAACAAGAT,0,3344969
sohAp,0.07692307692307693,12,12,GCGCAACGATCCGTACGCAG,0,3346627
sohAp,0.07692307692307693,12,12,GCCTTAGTCGTCTTGCTTCA,0,3341452
sohAp,0.07692307692307693,12,12,GCATTTCTATTCGGTCCAGG,0,3343145
sohAp,0.07692307692307693,12,12,GCACTCGCGCCAGCTTCGCA,0,3342236
sohAp,0.07692307692307693,12,12,GATCAGCGGCGCTCAGGAGA,0,3352539
sohAp,0.07692307692307693,12,12,GATATGAGAGTGTTGATAGC,0,3336452
sohAp,0.07692307692307693,12,12,GATATATAGGTCCAGGCAGA,0,3348513
sohAp,0.07692307692307693,12,12,GAGTCAGCGGCCTGTCGGAA,0,3348408
sohAp,0.07692307692307693,12,12,GAGGCCTCTAAGTAGGGCAA,0,3345640
sohAp,0.07692307692307693,12,12,GAGCCACTTCGTGAATCCCA,0,3340186
sohAp,0.07692307692307693,12,12,GAGAAGGATTTAGAACGAGT,0,3345953
sohAp,0.07692307692307693,12,12,GACTTTGGGGCGCGTCAGGA,0,3346450
sohAp,0.07692307692307693,12,12,GACCTTGAGACTTGTAACAA,0,3346662
sohAp,0.07692307692307693,12,12,GACCGGGAGCCGGTGGCGAT,0,3339261
sohAp,0.07692307692307693,12,12,GACCGCTCGGCCGCCACTGA,0,3338737
sohAp,0.07692307692307693,12,12,GACCACTTCTCTTTGGAAAG,0,3356487
sohAp,0.07692307692307693,12,12,GACAATCCCCCCGTAAGCCA,0,3349798
sohAp,0.07692307692307693,12,12,GAAGGCGATAGCGGTTCAGC,0,3354820
sohAp,0.07692307692307693,12,12,GAAGATAAGAGATCATATGG,0,3347347
sohAp,0.07692307692307693,12,12,CTTTATTTCCGGGATCCCTT,0,3355009
sohAp,0.07692307692307693,12,12,CTTTAAAAGTTGTACCGGGC,0,3356171
sohAp,0.07692307692307693,12,12,CTTGTTCAATAAATGGGTCT,0,3336948
sohAp,0.07692307692307693,12,12,CTTGCGCGGTCGTTCCGAAC,0,3342679
sohAp,0.07692307692307693,12,12,CTTATGGGTGAAGCGCGGCT,0,3347295
sohAp,0.07692307692307693,12,12,CTGTGATATGACCACCGAGG,0,3342045
sohAp,0.07692307692307693,12,12,CTATTAGGCGTGTACGGTAT,0,3358825
sohAp,0.07692307692307693,12,12,CTATCTAGTAGCGCGGAGTA,0,3337175
sohAp,0.07692307692307693,12,12,CTAGTGTCCAATACTGCGAA,0,3340586
sohAp,0.07692307692307693,12,12,CTAGGGGCACAGTTAAACCA,0,3342037
sohAp,0.07692307692307693,12,12,CTAGGCTTACTAGGGTATTC,0,3351776
sohAp,0.07692307692307693,12,12,CTACCTCGGGGATCATACAC,0,3347829
sohAp,0.07692307692307693,12,12,CTACAACAGCGCCGTTGCTG,0,3335557
sohAp,0.07692307692307693,12,12,CTACAACAGAAGATCACAAA,0,3342697
sohAp,0.07692307692307693,12,12,CGTTATTTGAGCTGAGAGCT,0,3335469
sohAp,0.07692307692307693,12,12,CGTGTCTGTAGCGTCACAAG,0,3345869
sohAp,0.07692307692307693,12,12,CGTCACGGGCAGGATACCTA,0,3343746
sohAp,0.07692307692307693,12,12,CGTAACTGAAGGCTGAAGTC,0,3335922
sohAp,0.07692307692307693,12,12,CGGGGCGACGTTCGAGCCGG,0,3349699
sohAp,0.07692307692307693,12,12,CGGGAAGACTCTCAGCAAAT,0,3342900
sohAp,0.07692307692307693,12,12,CGGCCATGAAGAATTTCAAG,0,3342209
sohAp,0.07692307692307693,12,12,CGGCAGGCTAAGCGGTAGCG,0,3339531
sohAp,0.07692307692307693,12,12,CGGACTTTTTGACAGATGTT,0,3336914
sohAp,0.07692307692307693,12,12,CGCGATAGACGACACATTCT,0,3353934
sohAp,0.07692307692307693,12,12,CGCCGCTGGGCAACGGATAT,0,3336237
sohAp,0.07692307692307693,12,12,CGCAGATCATATTCTCCAGC,0,3340309
sohAp,0.07692307692307693,12,12,CGAAGGCCCATGTTTCCTAA,0,3351392
sohAp,0.07692307692307693,12,12,CCTCGTTGATCTGGTTAGGG,0,3338503
sohAp,0.07692307692307693,12,12,CCTAAGTTCAATACTCTGTT,0,3340911
sohAp,0.07692307692307693,12,12,CCGGTCACCCTAAGCCCAGA,0,3344541
sohAp,0.07692307692307693,12,12,CCGGATTGGGCGCAGGTGGA,0,3348218
sohAp,0.07692307692307693,12,12,CCCTCTTCGGCGTTGCACAA,0,3337015
sohAp,0.07692307692307693,12,12,CCCGTCATCAGCGGTGATAC,0,3335231
sohAp,0.07692307692307693,12,12,CCCGATTTTATGTAAAAAGT,0,3357000
sohAp,0.07692307692307693,12,12,CCCCTCTCGGTGCTACGATG,0,3346013
sohAp,0.07692307692307693,12,12,CCCAGTAGTGGCGCGTGGGT,0,3353788
sohAp,0.07692307692307693,12,12,CCATTACCTAATTAATACGC,0,3355728
sohAp,0.07692307692307693,12,12,CATTCAGTGCTCAGGTGATT,0,3344410
sohAp,0.07692307692307693,12,12,CATGGCCGCGATACCAATAT,0,3355006
sohAp,0.07692307692307693,12,12,CATGCCCTGTGCAAGAAGAC,0,3345203
sohAp,0.07692307692307693,12,12,CAGGCTAGTATGGTATCTCA,0,3349486
sohAp,0.07692307692307693,12,12,CAGCTGATGGATCGGGTTCA,0,3340107
sohAp,0.07692307692307693,12,12,CAGATTCGAGTCAATATGAG,0,3347212
sohAp,0.07692307692307693,12,12,CAGAGTAGTCCCAGCTGGGT,0,3351655
sohAp,0.07692307692307693,12,12,CACAAGACCGTGTTAGGTAG,0,3339778
sohAp,0.07692307692307693,12,12,ATTTGTTTCGGAGACCCCAG,0,3334899
sohAp,0.07692307692307693,12,12,ATGTGCCCCGAGTTAGTGTA,0,3352967
sohAp,0.07692307692307693,12,12,ATGTGACCGAATATGCCCAT,0,3349940
sohAp,0.07692307692307693,12,12,ATGAGGGAATTGCCCCAGTT,0,3334805
sohAp,0.07692307692307693,12,12,ATCGCAAAACAGAACTAATC,0,3341227
sohAp,0.07692307692307693,12,12,ATAGGCTCCGGGGTGCTATC,0,3343226
sohAp,0.07692307692307693,12,12,ATAGCGGACCGGGTGATGGT,0,3337446
sohAp,0.07692307692307693,12,12,AGTATCTGAGTCTTTGTCCT,0,3344738
sohAp,0.07692307692307693,12,12,AGTACGCAAAAGGGATCAGT,0,3343669
sohAp,0.07692307692307693,12,12,AGGTTAAGGTACTCGGCAAT,0,3348413
sohAp,0.07692307692307693,12,12,AGGGGCCGGGTACATCCGAT,0,3345819
sohAp,0.07692307692307693,12,12,AGGGCAAAGATAACTGCCCA,0,3341935
sohAp,0.07692307692307693,12,12,AGGGATAGCGATTATTCTGA,0,3334477
sohAp,0.07692307692307693,12,12,AGGCCAACAGATCCGACATA,0,3355275
sohAp,0.07692307692307693,12,12,AGGACGTGAAAATGATGCGT,0,3354383
sohAp,0.07692307692307693,12,12,ACTTGTGTACAAGTGGACCG,0,3348435
sohAp,0.07692307692307693,12,12,ACTTAGTGAGACGGTGTGTT,0,3336586
sohAp,0.07692307692307693,12,12,ACTGTTTCAACTGGTGCCTG,0,3357099
sohAp,0.07692307692307693,12,12,ACTCCGAACGTGCCTTTGTG,0,3350598
sohAp,0.07692307692307693,12,12,ACTAAAAAGCTTCACTATAA,0,3347943
sohAp,0.07692307692307693,12,12,ACGGTGTTTTGCGTTCTGAT,0,3336243
sohAp,0.07692307692307693,12,12,ACGGCTTTATCAAGATGTGG,0,3345641
sohAp,0.07692307692307693,12,12,ACCTCAAGCAACTGCGGGAT,0,3336692
sohAp,0.07692307692307693,12,12,ACCGTGATTGTGAATTCTGC,0,3349898
sohAp,0.07692307692307693,12,12,ACCACATCCGCGCTAGGTCA,0,3347848
sohAp,0.07692307692307693,12,12,ACAGCATAGTATCCGATCCA,0,3342190
sohAp,0.07692307692307693,12,12,ACAGAAGACCGTGGTACTGA,0,3341663
sohAp,0.07692307692307693,12,12,ACACGACATGGCTCGAAGCC,0,3348154
sohAp,0.07692307692307693,12,12,ACAAGGATATGTCCGATACA,0,3333705
sohAp,0.07692307692307693,12,12,ACAAGCTTCGGGATAGGTCA,0,3350461
sohAp,0.07692307692307693,12,12,AATTTCCAACGTTATCCTTC,0,3343694
sohAp,0.07692307692307693,12,12,AATTGTTTGTCAGATCTTAT,0,3340216
sohAp,0.07692307692307693,12,12,AATGGCTTGCCGAGTGGTAA,0,3335827
sohAp,0.07692307692307693,12,12,AATGGAGTCGTGGCAAGCAA,0,3342376
sohAp,0.07692307692307693,12,12,AATATTCATTAAGTATCAGT,0,3338107
sohAp,0.07692307692307693,12,12,AAGTGGGGACGGAGCAAAGC,0,3343146
sohAp,0.07692307692307693,12,12,AAGATGGAGGATTATACGAC,0,3342534
sohAp,0.07692307692307693,12,12,AAAGGCCAGAGCATGACATG,0,3337068
sohAp,0.07692307692307693,12,12,AAAGCTGAACATTAGGGACA,0,3339030
sohAp,0.07692307692307693,12,12,AAAGATACTTATCTGCGATG,0,3349923
sohAp,0.07692307692307693,12,12,AAACCGTCGAGGTCAGCTTT,0,3356044
sohAp,0.07692307692307693,12,12,AAACAAGGAGTTATTAGAGT,0,3352560
sohAp,0.07692307692307693,12,12,AAAACTGTACCTGGGGAGCC,0,3348789
sohAp,0.07692307692307693,12,12,AAAAAAGCACTACGGCGCGG,0,3338646
sohAp,0.08333333333333333,11,11,TTTGGTCCGGACGGTCTGGA,0,3334253
sohAp,0.08333333333333333,11,11,TTTCAAGTAAGTTCGAGTCA,0,3341827
sohAp,0.08333333333333333,11,11,TTTATGACCTATGAATGGAA,0,3340781
sohAp,0.08333333333333333,11,11,TTGCAACAATGTACTCAAGA,0,3346984
sohAp,0.08333333333333333,11,11,TTGAATAGCCGACACCACAT,0,3353969
sohAp,0.08333333333333333,11,11,TTCGTATGGAAGCTTTAAGC,0,3336226
sohAp,0.08333333333333333,11,11,TTCATCCTGATTGCGGACCA,0,3335070
sohAp,0.08333333333333333,11,11,TTACGGTGACTGGAGCGATA,0,3355082
sohAp,0.08333333333333333,11,11,TTAACGCACTAAATACGAAG,0,3348231
sohAp,0.08333333333333333,11,11,TGTGCGACACATGCCGCTGT,0,3344902
sohAp,0.08333333333333333,11,11,TGTGCATACAAAACCAGTCC,0,3337802
sohAp,0.08333333333333333,11,11,TGGTATATCATGCATCACTC,0,3341234
sohAp,0.08333333333333333,11,11,TGGATTGTAGAGTCCAGATA,0,3358241
sohAp,0.08333333333333333,11,11,TGGACCTGATCAGACCGACA,0,3356460
sohAp,0.08333333333333333,11,11,TGCTCTGGTGCTTGCTTAAT,0,3341260
sohAp,0.08333333333333333,11,11,TGCCGATCAATATCGGGCTA,0,3348822
sohAp,0.08333333333333333,11,11,TGATGATGGCCACGCATCTT,0,3333839
sohAp,0.08333333333333333,11,11,TGATATATCGCGGCCCGGAT,0,3354337
sohAp,0.08333333333333333,11,11,TGAACAGAAACTGGATTTAT,0,3355293
sohAp,0.08333333333333333,11,11,TCTTGATCCTCGGAGACCCA,0,3341414
sohAp,0.08333333333333333,11,11,TCTGTACCAAGACCGCGGAA,0,3349224
sohAp,0.08333333333333333,11,11,TCTCTGGAAAACACAAAGCT,0,3351700
sohAp,0.08333333333333333,11,11,TCGTGGCAGCTGCGCCTGAT,0,3352804
sohAp,0.08333333333333333,11,11,TCGTCCACGTGCCGACAATT,0,3341347
sohAp,0.08333333333333333,11,11,TCCTACCAAGTCGTCAAAGG,0,3337691
sohAp,0.08333333333333333,11,11,TCCTACATGCCACACTGCAT,0,3337433
sohAp,0.08333333333333333,11,11,TCCGAAGGCAGTACTCGTGA,0,3346098
sohAp,0.08333333333333333,11,11,TATGCTACCAAGGAGCGGGG,0,3351091
sohAp,0.08333333333333333,11,11,TATCGAACGAAGAGGGCCTT,0,3345067
sohAp,0.08333333333333333,11,11,TAGCGTGTCCGTGCATAACA,0,3348521
sohAp,0.08333333333333333,11,11,TAGCACACTGCCGGTCGGGC,0,3341482
sohAp,0.08333333333333333,11,11,TACTAGGGATACAGAGTAAT,0,3348432
sohAp,0.08333333333333333,11,11,TACGGGATGGCCGACTGGTG,0,3341901
sohAp,0.08333333333333333,11,11,TACGAAACTATTTGTCACAT,0,3343467
sohAp,0.08333333333333333,11,11,TAAGTCTGCACGATAGTGCC,0,3334208
sohAp,0.08333333333333333,11,11,TAACTGCACATCAGACACAT,0,3338753
sohAp,0.08333333333333333,11,11,TAAACCCACCATACATAGGT,0,3353406
sohAp,0.08333333333333333,11,11,GTTCTATAAATTTCAAAGGC,0,3335175
sohAp,0.08333333333333333,11,11,GTTCGGGCGACCCGTTGAGA,0,3345894
sohAp,0.08333333333333333,11,11,GTTCCATGATGGTTGCAACT,0,3338746
sohAp,0.08333333333333333,11,11,GTTCCAACCGCAGCTGGATA,0,3335726
sohAp,0.08333333333333333,11,11,GTTAAGAGACAATTGGCCTA,0,3344972
sohAp,0.08333333333333333,11,11,GTGCTTGTCAATCCTACGAT,0,3342243
sohAp,0.08333333333333333,11,11,GTGCATCGTGGAGATTTGTT,0,3353364
sohAp,0.08333333333333333,11,11,GTCTTTAAAGTAAAGAAGAC,0,3353510
sohAp,0.08333333333333333,11,11,GTCATGGCACTCATGCTTGA,0,3354956
sohAp,0.08333333333333333,11,11,GTCATACACAGGATAAGGCC,0,3348217
sohAp,0.08333333333333333,11,11,GTATAACTAGGTATTTGTCC,0,3342052
sohAp,0.08333333333333333,11,11,GTAGTGTATGAAATTACGTG,0,3341846
sohAp,0.08333333333333333,11,11,GTAGGCTCGTGTTGGCAAAG,0,3357940
sohAp,0.08333333333333333,11,11,GTACACAATGGTGTTCGATA,0,3350212
sohAp,0.08333333333333333,11,11,GTAACCATTGCTCCTTAGCA,0,3335241
sohAp,0.08333333333333333,11,11,GGTTCCCGGAGGGGCGTTCT,0,3336839
sohAp,0.08333333333333333,11,11,GGTTCCACCAGGTAAGCGGG,0,3334868
sohAp,0.08333333333333333,11,11,GGTGTTTGGCCTCGCCGTGG,0,3345197
sohAp,0.08333333333333333,11,11,GGTCTTCCGGGGCTACTGGG,0,3349785
sohAp,0.08333333333333333,11,11,GGGTCTCTCCATTGGTACCG,0,3333967
sohAp,0.08333333333333333,11,11,GGGGTTTGACAGAACTTGAC,0,3335685
sohAp,0.08333333333333333,11,11,GGGGGAAGTCGAGAACTGGT,0,3342061
sohAp,0.08333333333333333,11,11,GGGGCATGCATTAGACGTGT,0,3355956
sohAp,0.08333333333333333,11,11,GGGGATTTCAGACGCATATA,0,3337765
sohAp,0.08333333333333333,11,11,GGGCTTAACGCCTGTAAATT,0,3335318
sohAp,0.08333333333333333,11,11,GGGACTTTTTCGTGTCGCCT,0,3342771
sohAp,0.08333333333333333,11,11,GGGACTATTTCAGTAAGGAA,0,3357806
sohAp,0.08333333333333333,11,11,GGGACCAGTGGTCGGATCTC,0,3358293
sohAp,0.08333333333333333,11,11,GGCATGGGCGTAAAGCGATG,0,3340862
sohAp,0.08333333333333333,11,11,GGCAGGGTCCTCAGAGTTTC,0,3346728
sohAp,0.08333333333333333,11,11,GGAGGCCATACAGCACGAAG,0,3354728
sohAp,0.08333333333333333,11,11,GGAGCGTGTGGTCAACTATC,0,3348765
sohAp,0.08333333333333333,11,11,GGACTGATGGACCTCTCGCA,0,3342005
sohAp,0.08333333333333333,11,11,GGACCGCCGCGTCTCGATAG,0,3358461
sohAp,0.08333333333333333,11,11,GGAAAGCCGGAGCTATAATG,0,3337389
sohAp,0.08333333333333333,11,11,GCTTGGCGCTACTCACCAGC,0,3356055
sohAp,0.08333333333333333,11,11,GCTTCCTGTGCTCCGTGGAC,0,3350297
sohAp,0.08333333333333333,11,11,GCTCGGTATAATCCTTGGAG,0,3342694
sohAp,0.08333333333333333,11,11,GCTCGCTCTTGATCCTACAG,0,3346972
sohAp,0.08333333333333333,11,11,GCTCCAAGGTTCGTGGCTGA,0,3336720
sohAp,0.08333333333333333,11,11,GCGTTGCAATGTCCACTCGT,0,3338542
sohAp,0.08333333333333333,11,11,GCGCGACTTGAAGACCCAAC,0,3348157
sohAp,0.08333333333333333,11,11,GCCAGGCTCGGTGCGAGGTA,0,3339163
sohAp,0.08333333333333333,11,11,GCCAGGACCGCCCACATCTG,0,3345770
sohAp,0.08333333333333333,11,11,GCCAAGGTAACCGGCCACAG,0,3355455
sohAp,0.08333333333333333,11,11,GCATGCGCAAGCTTTTGAGG,0,3355828
sohAp,0.08333333333333333,11,11,GCAGGGTCAGGCCACCCCTG,0,3336663
sohAp,0.08333333333333333,11,11,GCAGCTGGTCATTTTAGTAT,0,3340937
sohAp,0.08333333333333333,11,11,GCAGCTCAGTGATGAATCTT,0,3350809
sohAp,0.08333333333333333,11,11,GCAGATACCGACTATTATGT,0,3352256
sohAp,0.08333333333333333,11,11,GCACGGCTTAGAGAAATCTC,0,3352885
sohAp,0.08333333333333333,11,11,GCAATTACCACATAACGGCG,0,3348103
sohAp,0.08333333333333333,11,11,GATGATTTCCATGAGGCAAT,0,3345274
sohAp,0.08333333333333333,11,11,GAGCTACTCCGGCCCTCGTT,0,3341934
sohAp,0.08333333333333333,11,11,GAGCCGTGTCTAGTATATCA,0,3340663
sohAp,0.08333333333333333,11,11,GAACCGGTTTCTATGCTTAG,0,3341998
sohAp,0.08333333333333333,11,11,GAAATATGTGGGTTCTAGAA,0,3347897
sohAp,0.08333333333333333,11,11,GAAACACCAAGCGGTGCACA,0,3355673
sohAp,0.08333333333333333,11,11,GAAAAGTTCAACGGAACTAA,0,3350590
sohAp,0.08333333333333333,11,11,CTTTTTCGCGATCAGGTGGC,0,3342783
sohAp,0.08333333333333333,11,11,CTTTTGCCTGTTACAGCATT,0,3353578
sohAp,0.08333333333333333,11,11,CTTTATTATGGGTCATCATT,0,3337408
sohAp,0.08333333333333333,11,11,CTTGCGGCAGGCAGACAGCA,0,3344777
sohAp,0.08333333333333333,11,11,CTTGACGTGTGTGATAAACT,0,3350232
sohAp,0.08333333333333333,11,11,CTTCGACGTTATGTTTAATA,0,3356931
sohAp,0.08333333333333333,11,11,CTTACGGACGTGTGAGCGGG,0,3339250
sohAp,0.08333333333333333,11,11,CTGTTGATACGCGACTACGA,0,3351245
sohAp,0.08333333333333333,11,11,CTGTCGCCTTCGCCCTCCCA,0,3342323
sohAp,0.08333333333333333,11,11,CTGCTCGGTTTCGTTCATGG,0,3343572
sohAp,0.08333333333333333,11,11,CTGCGTAGAGTCTGCTAACA,0,3355942
sohAp,0.08333333333333333,11,11,CTCTAGGAGTAAGATTCCTA,0,3340204
sohAp,0.08333333333333333,11,11,CTCCTTAAGGCAATGCGACA,0,3343831
sohAp,0.08333333333333333,11,11,CTCCTAGGACGATGGTTATC,0,3337813
sohAp,0.08333333333333333,11,11,CTCAGAAGATCACCAAGCCC,0,3339433
sohAp,0.08333333333333333,11,11,CTATTTCTGGGGGTACATTG,0,3345223
sohAp,0.08333333333333333,11,11,CTATTACGCGCTTTGTACCT,0,3354269
sohAp,0.08333333333333333,11,11,CTAGCAACTACTGATGGAGC,0,3342362
sohAp,0.08333333333333333,11,11,CGTGTCTCCGGGTTAAATCC,0,3351001
sohAp,0.08333333333333333,11,11,CGTATTTAGCGAATTCTGGT,0,3334977
sohAp,0.08333333333333333,11,11,CGTAGGTTTGGGTTTGGGTC,0,3344452
sohAp,0.08333333333333333,11,11,CGGTTTCCTGCATGGGGTCC,0,3356755
sohAp,0.08333333333333333,11,11,CGGGGGTCAAAGGTCTACCG,0,3340496
sohAp,0.08333333333333333,11,11,CGGCATCGATAGCGAGTTAA,0,3344327
sohAp,0.08333333333333333,11,11,CGGAGGACCGTGGCACATGA,0,3348256
sohAp,0.08333333333333333,11,11,CGCTTGTTATCGCGGATTGA,0,3338184
sohAp,0.08333333333333333,11,11,CGCCCGGTCAGCGTCTGATT,0,3352246
sohAp,0.08333333333333333,11,11,CGCCAGGGAACCAGGATGCA,0,3342129
sohAp,0.08333333333333333,11,11,CGCCAATAGTAGCTGGCCAG,0,3339297
sohAp,0.08333333333333333,11,11,CGATAAACAAGACAGGTTTC,0,3344734
sohAp,0.08333333333333333,11,11,CGAGCGTTTAGAGCGTTCGG,0,3337110
sohAp,0.08333333333333333,11,11,CGAATCAGAGTCAGTAACTT,0,3348522
sohAp,0.08333333333333333,11,11,CCTTGGGGGGCCGGCTGTCC,0,3335518
sohAp,0.08333333333333333,11,11,CCTGACAGCTTAATATGTGT,0,3352503
sohAp,0.08333333333333333,11,11,CCGTATGTTCTTGACAAGGC,0,3355300
sohAp,0.08333333333333333,11,11,CCGTAGTTTCACTGCACAGT,0,3348769
sohAp,0.08333333333333333,11,11,CCGGTCTTTCTTCCGTTTTC,0,3352692
sohAp,0.08333333333333333,11,11,CCGGGGGTAGGCTTTGCAAG,0,3354594
sohAp,0.08333333333333333,11,11,CCGAGCCACAAATGGTGGGG,0,3342173
sohAp,0.08333333333333333,11,11,CCCTATCTCACTAAGAAGTG,0,3341274
sohAp,0.08333333333333333,11,11,CCCGGTTCGTAACCGTTGGT,0,3344553
sohAp,0.08333333333333333,11,11,CCCCTAGACCGACGGGGGCT,0,3337325
sohAp,0.08333333333333333,11,11,CCATGTCCTTCGCGATTATG,0,3345831
sohAp,0.08333333333333333,11,11,CCATATGCCCGCTTGTCTCT,0,3351434
sohAp,0.08333333333333333,11,11,CCAGGTACTGCAAGAGCGAT,0,3354880
sohAp,0.08333333333333333,11,11,CATTCGGAGAAGTCGGTCGG,0,3350773
sohAp,0.08333333333333333,11,11,CATGACTCTTCTGGAGAGGA,0,3343321
sohAp,0.08333333333333333,11,11,CATCGAAACTGGACCCAATG,0,3350551
sohAp,0.08333333333333333,11,11,CATCAGGCTGTTATAATGAC,0,3339672
sohAp,0.08333333333333333,11,11,CAGGGAACGTCTAGAACCAA,0,3348594
sohAp,0.08333333333333333,11,11,CAGAGATGGCGACCCGAGAG,0,3358601
sohAp,0.08333333333333333,11,11,CACTTCTGGTGAAATCCCGT,0,3341636
sohAp,0.08333333333333333,11,11,CACGAGAACGCCGAGGATGT,0,3342746
sohAp,0.08333333333333333,11,11,CACCTACTGATACTTTAGGG,0,3357230
sohAp,0.08333333333333333,11,11,CACCCCATCCCTACACGGGG,0,3352929
sohAp,0.08333333333333333,11,11,CAATGGGGTGTTTCGCACAA,0,3357822
sohAp,0.08333333333333333,11,11,CAAGTTTGCATGCTCAGCTC,0,3358012
sohAp,0.08333333333333333,11,11,ATTTCCCGTTTATGCTACAC,0,3337695
sohAp,0.08333333333333333,11,11,ATTTCATCTTTCAGGCTCAA,0,3338045
sohAp,0.08333333333333333,11,11,ATTGAAAGTCTCCCAAACGT,0,3354729
sohAp,0.08333333333333333,11,11,ATTATTCCTCGGCTCACAAT,0,3352008
sohAp,0.08333333333333333,11,11,ATTACTGTCCGTCCTATAGC,0,3348332
sohAp,0.08333333333333333,11,11,ATGGGTCGCCTAGACGTAAC,0,3335333
sohAp,0.08333333333333333,11,11,ATGCGCGGGTCTCATATCTC,0,3336712
sohAp,0.08333333333333333,11,11,ATCTTAGAACTTTGTTTTAT,0,3337105
sohAp,0.08333333333333333,11,11,ATCTCGACGACCACGGCCTC,0,3343136
sohAp,0.08333333333333333,11,11,ATAGTTTTGGGGGGGAGATT,0,3353655
sohAp,0.08333333333333333,11,11,ATAGGGGTTACTTATGGACC,0,3357344
sohAp,0.08333333333333333,11,11,ATAGCGTTCACATCAGAGCG,0,3354657
sohAp,0.08333333333333333,11,11,ATAACCTATTACGGTGCGAA,0,3345301
sohAp,0.08333333333333333,11,11,AGTTTCAAACCAGTAAATGG,0,3355519
sohAp,0.08333333333333333,11,11,AGTTGGCTGACCCTTGCACT,0,3355757
sohAp,0.08333333333333333,11,11,AGTGGAAAAATATGCACCGC,0,3342635
sohAp,0.08333333333333333,11,11,AGTCACCCGTTTTTATGAAT,0,3345201
sohAp,0.08333333333333333,11,11,AGTCAAGCGACGATCGAACG,0,3354607
sohAp,0.08333333333333333,11,11,AGTATTTTTAGATGAGAGAG,0,3353375
sohAp,0.08333333333333333,11,11,AGTATAATGGGTAACAATGG,0,3338761
sohAp,0.08333333333333333,11,11,AGTAGACCGGCCGCTGCCAG,0,3344270
sohAp,0.08333333333333333,11,11,AGGTTAATTCCTTAATTTAT,0,3341479
sohAp,0.08333333333333333,11,11,AGGTACCTTCGTTCTGTAAT,0,3337460
sohAp,0.08333333333333333,11,11,AGGCGCATGAGGTAAAAGGA,0,3347393
sohAp,0.08333333333333333,11,11,AGCTGCTCGAAGCGTTTACG,0,3346081
sohAp,0.08333333333333333,11,11,AGCGCCGAGAAAGTCGCAGG,0,3342488
sohAp,0.08333333333333333,11,11,AGCAGGGTACACGGATCCAA,0,3347558
sohAp,0.08333333333333333,11,11,AGCACCGACTTTAGGAGAAC,0,3358298
sohAp,0.08333333333333333,11,11,AGATCTCTGTGTCAAGCGGC,0,3343766
sohAp,0.08333333333333333,11,11,AGATAAAGTTGGAACATATG,0,3358143
sohAp,0.08333333333333333,11,11,AGAAGTAGCATATTGGATGC,0,3335441
sohAp,0.08333333333333333,11,11,ACTTTCTGTCATTATGACCT,0,3350053
sohAp,0.08333333333333333,11,11,ACTCGGGGGGTGGAACTTTT,0,3335069
sohAp,0.08333333333333333,11,11,ACGGCCTCAATGTACTAGGG,0,3354078
sohAp,0.08333333333333333,11,11,ACGGCATGGCGATTGTTTCC,0,3333911
sohAp,0.08333333333333333,11,11,ACGATTCACAAGGACTAGCC,0,3350727
sohAp,0.08333333333333333,11,11,ACCTGTTCGTCAGAGATTAT,0,3337037
sohAp,0.08333333333333333,11,11,ACCCTAGGCGAAAGGCACGG,0,3347130
sohAp,0.08333333333333333,11,11,ACCCAGCACTAAGTGCTCTG,0,3346681
sohAp,0.08333333333333333,11,11,ACCCACTACGTCAGTATATA,0,3353549
sohAp,0.08333333333333333,11,11,ACCAGATAGGTCTGTGAGGG,0,3338558
sohAp,0.08333333333333333,11,11,ACATAAGGGCCTCAATGTTA,0,3334320
sohAp,0.08333333333333333,11,11,ACAGGGTGGAAAATTTGGAT,0,3354312
sohAp,0.08333333333333333,11,11,ACAGCGGCTGTGACTGGAAG,0,3339585
sohAp,0.08333333333333333,11,11,ACAGATGTTCAAGTTCATTA,0,3343867
sohAp,0.08333333333333333,11,11,ACACTAGATAACGGAAGGTT,0,3349206
sohAp,0.08333333333333333,11,11,AATGTCGTAAGTGTAATGCT,0,3336235
sohAp,0.08333333333333333,11,11,AATAGATGGATACCCCGGTC,0,3351716
sohAp,0.08333333333333333,11,11,AAGTTAGTGATATTGCGAAT,0,3346066
sohAp,0.08333333333333333,11,11,AAGTGGGTGTGTCCGTTAAA,0,3355916
sohAp,0.08333333333333333,11,11,AAGTCTCCTCTCCCTTGGGT,0,3349715
sohAp,0.08333333333333333,11,11,AACGTACCTGCCATTGTTTC,0,3335437
sohAp,0.08333333333333333,11,11,AACGCCGACTTCCTTCGCAA,0,3357631
sohAp,0.08333333333333333,11,11,AACCCGGGGGCAATAGAGAT,0,3334317
sohAp,0.08333333333333333,11,11,AAATATTGGGCCTAACTCGG,0,3354784
sohAp,0.08333333333333333,11,11,AAAGGAGGCTAAGTTACTAG,0,3354958
sohAp,0.08333333333333333,11,11,AAAAACTCATCCGCGGGGCT,0,3357048
sohAp,0.09090909090909091,10,10,TTTGTACCTCTAGACGTTGA,0,3334022
sohAp,0.09090909090909091,10,10,TTTCGGTGTTTGATCGGTTA,0,3353472
sohAp,0.09090909090909091,10,10,TTGTCACTAGAGACGCACTA,0,3357921
sohAp,0.09090909090909091,10,10,TTGATAATCTATCGAACGGG,0,3343601
sohAp,0.09090909090909091,10,10,TTCTGTTAGCAGCGTGGGCT,0,3336500
sohAp,0.09090909090909091,10,10,TTCATGCCCCTTTGCGGTCC,0,3339059
sohAp,0.09090909090909091,10,10,TTATCCAAGGTCTAGCTAGT,0,3346206
sohAp,0.09090909090909091,10,10,TTATAGGTAATTTTTTTCGT,0,3341048
sohAp,0.09090909090909091,10,10,TTAGATCCTCTCCGTATCAT,0,3337966
sohAp,0.09090909090909091,10,10,TTAATCCCTTTTTTCTCCGT,0,3348201
sohAp,0.09090909090909091,10,10,TTAAGGACCCGTGTTCGTAC,0,3339624
sohAp,0.09090909090909091,10,10,TGTACGATCATTAGCTGCAC,0,3344182
sohAp,0.09090909090909091,10,10,TGGGTGTGTTGGTTAGTCGT,0,3349142
sohAp,0.09090909090909091,10,10,TGGGGACACTTCTTAGATGT,0,3346342
sohAp,0.09090909090909091,10,10,TGGGCAAACACGGCGGGGCG,0,3348544
sohAp,0.09090909090909091,10,10,TGGCGACGGGCAATTCAAAC,0,3339426
sohAp,0.09090909090909091,10,10,TGGATAGTCAGGGTTCCCTT,0,3336178
sohAp,0.09090909090909091,10,10,TGGAATAGGTGTATATTACA,0,3336274
sohAp,0.09090909090909091,10,10,TGCTCCGTGGGAGTAATGCT,0,3354476
sohAp,0.09090909090909091,10,10,TGCGGTACAGCATACCAGAA,0,3336163
sohAp,0.09090909090909091,10,10,TGCGCGCCGCTTGGTGCATG,0,3350530
sohAp,0.09090909090909091,10,10,TGCCTTTGCTAGTTGTCTGG,0,3343172
sohAp,0.09090909090909091,10,10,TGCAACATCCTTTGATTTAC,0,3357983
sohAp,0.09090909090909091,10,10,TGATGATTTTTTTGGGGGTC,0,3338535
sohAp,0.09090909090909091,10,10,TGATATAACCAGGCAAACAA,0,3350813
sohAp,0.09090909090909091,10,10,TGACAGAGTTTCCTGGCGCA,0,3337212
sohAp,0.09090909090909091,10,10,TGAAGGATACGAGGTCTCCT,0,3352802
sohAp,0.09090909090909091,10,10,TCTTTGGCTGTGTGAGTCTT,0,3337150
sohAp,0.09090909090909091,10,10,TCTAGCCCATCGCCCGTAGG,0,3339185
sohAp,0.09090909090909091,10,10,TCGTAATGCTCCGTGTATCT,0,3343378
sohAp,0.09090909090909091,10,10,TCGGGTAGGCCTTCTTCCGG,0,3339623
sohAp,0.09090909090909091,10,10,TCGGGCAGATTATAGGTCAT,0,3347644
sohAp,0.09090909090909091,10,10,TCGGCGTTAGTACACGAGGC,0,3346172
sohAp,0.09090909090909091,10,10,TCGGAGGGCGAGGGCAGCTT,0,3336359
sohAp,0.09090909090909091,10,10,TCGCGTGAACCGAGTTAGTA,0,3337194
sohAp,0.09090909090909091,10,10,TCGCGCTGGAGCTGCGATTT,0,3340494
sohAp,0.09090909090909091,10,10,TCGATACGAGTCTCGATGCT,0,3352293
sohAp,0.09090909090909091,10,10,TCGAGGGGTCACTTTAACAT,0,3356081
sohAp,0.09090909090909091,10,10,TCCGTTTTAAGGCTACTTGG,0,3336150
sohAp,0.09090909090909091,10,10,TCCGTGCGATAGGATGATGG,0,3345968
sohAp,0.09090909090909091,10,10,TCCGCCCAGGCAAAATGGCC,0,3349039
sohAp,0.09090909090909091,10,10,TCCAACTCAGGTAGCCAAAC,0,3356717
sohAp,0.09090909090909091,10,10,TCCAAAAGAGTCGGCTGTCG,0,3347412
sohAp,0.09090909090909091,10,10,TCAGGTGCAAATTAGCTCAC,0,3346588
sohAp,0.09090909090909091,10,10,TATCATATCAAATACTTGTG,0,3345373
sohAp,0.09090909090909091,10,10,TATATTGCGTCTTCGACATT,0,3354603
sohAp,0.09090909090909091,10,10,TAGTCTCTGCCGCGTGAGGT,0,3349236
sohAp,0.09090909090909091,10,10,TAGGTATCATTCGGGCGTGG,0,3348515
sohAp,0.09090909090909091,10,10,TAGAAACAGGTAGATTATCA,0,3342896
sohAp,0.09090909090909091,10,10,TACAACATTTCCACGAACTG,0,3334443
sohAp,0.09090909090909091,10,10,TAATTCCAAGGAGGTGCCAG,0,3348795
sohAp,0.09090909090909091,10,10,TAATGCCTTCGTTCGGTGCC,0,3343588
sohAp,0.09090909090909091,10,10,TAACGGTATAGACATTGGCG,0,3344469
sohAp,0.09090909090909091,10,10,GTTTTTTGTAACCATTACAA,0,3341264
sohAp,0.09090909090909091,10,10,GTTGTGTCCTCACATTTCCT,0,3338296
sohAp,0.09090909090909091,10,10,GTTGCGGGATGCCCATGCGT,0,3338377
sohAp,0.09090909090909091,10,10,GTGTGGAGGAACCATTGATA,0,3336907
sohAp,0.09090909090909091,10,10,GTGTCTGGTAATTCTAATAT,0,3338959
sohAp,0.09090909090909091,10,10,GTGCCACACCCTCTTCAGCA,0,3340201
sohAp,0.09090909090909091,10,10,GTGCAAAGATTTCCGGGTAA,0,3351628
sohAp,0.09090909090909091,10,10,GTGATCCGCATCTTAGCAAA,0,3352879
sohAp,0.09090909090909091,10,10,GTGACAGGTACCCGGTACTA,0,3352167
sohAp,0.09090909090909091,10,10,GTCTCCAAGCGCAGCGCGAT,0,3346464
sohAp,0.09090909090909091,10,10,GTAGTTTTCAGAAGCGCTAC,0,3342286
sohAp,0.09090909090909091,10,10,GTAGCTCAAGAACCACATAA,0,3344378
sohAp,0.09090909090909091,10,10,GTACGAGCCGGATTGTGACG,0,3336881
sohAp,0.09090909090909091,10,10,GTACATATAGGGTGCACGGA,0,3350986
sohAp,0.09090909090909091,10,10,GTACACTGTGATGTGCGGGG,0,3348952
sohAp,0.09090909090909091,10,10,GGTTGATAATGGCCGATCTC,0,3337643
sohAp,0.09090909090909091,10,10,GGTTAACGTTGGTTACCTGA,0,3342139
sohAp,0.09090909090909091,10,10,GGTATAAAGGCATACTCTCT,0,3347798
sohAp,0.09090909090909091,10,10,GGGTTATGGAGGGTACAGAA,0,3352369
sohAp,0.09090909090909091,10,10,GGGTGACGCGTCTATGTGGG,0,3347236
sohAp,0.09090909090909091,10,10,GGGTAGCGCCGCTGGAAGAT,0,3339729
sohAp,0.09090909090909091,10,10,GGGCCTTATCCTTGCCCCGT,0,3334173
sohAp,0.09090909090909091,10,10,GGGAGTGACAGTTTGGCCAC,0,3339025
sohAp,0.09090909090909091,10,10,GGCTTACTGCAAGCGCTTGC,0,3337230
sohAp,0.09090909090909091,10,10,GGAGGCTCGTGCAGTGGCGA,0,3339486
sohAp,0.09090909090909091,10,10,GGACGTTTACAAAGTCCTCT,0,3350116
sohAp,0.09090909090909091,10,10,GGAAAACCAACGTCGCCAAT,0,3339304
sohAp,0.09090909090909091,10,10,GCTTCACCTCTACCCACCGC,0,3335462
sohAp,0.09090909090909091,10,10,GCTGCGCACCGTGCTTATCA,0,3343081
sohAp,0.09090909090909091,10,10,GCTGCCTTCGTTCCTAGTAA,0,3358965
sohAp,0.09090909090909091,10,10,GCTCGATACGGACAGATGAT,0,3356461
sohAp,0.09090909090909091,10,10,GCGTACACATGTAAAAATTT,0,3342029
sohAp,0.09090909090909091,10,10,GCGGAGGCACCCCAAATTGT,0,3357692
sohAp,0.09090909090909091,10,10,GCCTCATTTTAAACAGTTGA,0,3345545
sohAp,0.09090909090909091,10,10,GCCTACGTATAGTTTGAATA,0,3340238
sohAp,0.09090909090909091,10,10,GCCCTCAATCTCTAGCGCCC,0,3339605
sohAp,0.09090909090909091,10,10,GCCAAAGAGATGAGTTGGTT,0,3341111
sohAp,0.09090909090909091,10,10,GCACCAATAACTGGATTTGG,0,3340382
sohAp,0.09090909090909091,10,10,GCAACTCCATACTGACCATA,0,3347771
sohAp,0.09090909090909091,10,10,GATGATAAATAGGGCATGCT,0,3357843
sohAp,0.09090909090909091,10,10,GATCTAGGGAAATAAGATGT,0,3349010
sohAp,0.09090909090909091,10,10,GATCGCTAATCTAACTCTAA,0,3336256
sohAp,0.09090909090909091,10,10,GATCACCTGAGCACCGTCGG,0,3336821
sohAp,0.09090909090909091,10,10,GAGTCAAACTTAAGACGTCA,0,3347705
sohAp,0.09090909090909091,10,10,GAGTATGGGTATCGAGCCTA,0,3349046
sohAp,0.09090909090909091,10,10,GAGGTCTTTAGGCGTGGTGC,0,3340035
sohAp,0.09090909090909091,10,10,GACGGCCCATAGCCAGGACA,0,3335528
sohAp,0.09090909090909091,10,10,GAAGGCCCGTACACTCCGGT,0,3355964
sohAp,0.09090909090909091,10,10,GAACGGTCTTGGGTAATACG,0,3339338
sohAp,0.09090909090909091,10,10,GAACCAGGGCGAGTAGACCC,0,3354150
sohAp,0.09090909090909091,10,10,CTTTTGGTCAGGGTCGCTCA,0,3357436
sohAp,0.09090909090909091,10,10,CTTTGAAAATGTCAAAAAAT,0,3339865
sohAp,0.09090909090909091,10,10,CTTTAAGACCTTTCCATAAT,0,3335572
sohAp,0.09090909090909091,10,10,CTTGGAGAGCTCGTCTGGAC,0,3342416
sohAp,0.09090909090909091,10,10,CTTCGCCAGCTATCCACAGA,0,3341853
sohAp,0.09090909090909091,10,10,CTTCAATCGGTCCTAGGGCT,0,3336375
sohAp,0.09090909090909091,10,10,CTGTTTGGACCTACTCAGAA,0,3339870
sohAp,0.09090909090909091,10,10,CTGTTGACTCAATTCCTGGA,0,3347700
sohAp,0.09090909090909091,10,10,CTGCTCCGACTGTTTTTGTG,0,3346045
sohAp,0.09090909090909091,10,10,CTGATCAACTTTAATGGCGG,0,3353137
sohAp,0.09090909090909091,10,10,CTCTAGGTTCGCCATTATCT,0,3345570
sohAp,0.09090909090909091,10,10,CTCGTCTGTTCCATTCGGCT,0,3342059
sohAp,0.09090909090909091,10,10,CTCGGGGACTTTGGCAGCAG,0,3340261
sohAp,0.09090909090909091,10,10,CTACTAGCGGTTCATCCAGT,0,3344633
sohAp,0.09090909090909091,10,10,CTACAAACATGATGATGACT,0,3354020
sohAp,0.09090909090909091,10,10,CTAAGTCTTACGGCGAAATA,0,3339869
sohAp,0.09090909090909091,10,10,CTAAGAGCCGAGCTAATCCA,0,3336949
sohAp,0.09090909090909091,10,10,CGTTTTTTTGGGCCGGACAT,0,3347993
sohAp,0.09090909090909091,10,10,CGTTGTAGCCGCTGGAATGG,0,3339281
sohAp,0.09090909090909091,10,10,CGTGCTCACGCAGGGGCTAG,0,3353711
sohAp,0.09090909090909091,10,10,CGTGCCGCCGTACTAGATTT,0,3344840
sohAp,0.09090909090909091,10,10,CGTGACAGAATCTAAGATTA,0,3354525
sohAp,0.09090909090909091,10,10,CGTAGAGGCACAGTTTACAC,0,3334493
sohAp,0.09090909090909091,10,10,CGGTTATAGCAAGGTAATCC,0,3339944
sohAp,0.09090909090909091,10,10,CGGGTTTCGGAAAGTATGGT,0,3347556
sohAp,0.09090909090909091,10,10,CGGGGATACACTTATACCCC,0,3337478
sohAp,0.09090909090909091,10,10,CGGGAGTTGCCTATTCCCAC,0,3346275
sohAp,0.09090909090909091,10,10,CGGGAACAATGCCTTCGGTT,0,3339489
sohAp,0.09090909090909091,10,10,CGCTCTCGGACCTGGCCGGC,0,3357894
sohAp,0.09090909090909091,10,10,CGCCCCAGTAGAACAGTTGT,0,3333889
sohAp,0.09090909090909091,10,10,CGCATCAAGTAAACATAAGG,0,3336415
sohAp,0.09090909090909091,10,10,CGCACCGGGCAAGGTAGCGC,0,3356890
sohAp,0.09090909090909091,10,10,CGAGAGTACGACAGGGAAAA,0,3344986
sohAp,0.09090909090909091,10,10,CGACCTTAAATCGAACGTCG,0,3350617
sohAp,0.09090909090909091,10,10,CGACCCTCATCTAGGACCTA,0,3347389
sohAp,0.09090909090909091,10,10,CGAATCTGATGGCAAACGGA,0,3350999
sohAp,0.09090909090909091,10,10,CGAAGCTGGTGGGCTTTGCA,0,3337187
sohAp,0.09090909090909091,10,10,CGAAAGGACGTCGATACAAT,0,3351682
sohAp,0.09090909090909091,10,10,CCTTACTTGGCTTCGCGTAG,0,3333771
sohAp,0.09090909090909091,10,10,CCTGTACTATCTGGCGTCAC,0,3343374
sohAp,0.09090909090909091,10,10,CCTCACCGAAGACTCGGGGG,0,3340367
sohAp,0.09090909090909091,10,10,CCCTGTCTATAGATCCGCGT,0,3342495
sohAp,0.09090909090909091,10,10,CCCTAATTCTGATCCGGCTA,0,3333718
sohAp,0.09090909090909091,10,10,CCCATCATATATCGAGGGCG,0,3350269
sohAp,0.09090909090909091,10,10,CCCAGCCGCACTAGGGTGTC,0,3355992
sohAp,0.09090909090909091,10,10,CCATAGACTCTCCTGGGTCT,0,3357870
sohAp,0.09090909090909091,10,10,CCAGCTTCGCAGAGCGCTAA,0,3346111
sohAp,0.09090909090909091,10,10,CCAGCGTTCAAGCGCTATAC,0,3351840
sohAp,0.09090909090909091,10,10,CCACTCGTTACGGGTAGAGA,0,3347965
sohAp,0.09090909090909091,10,10,CCAAGCTCTCACTGCATAAA,0,3349864
sohAp,0.09090909090909091,10,10,CATGTGTGCCTGTAAATCAA,0,3348215
sohAp,0.09090909090909091,10,10,CATGAACTCTAGTACAAGAG,0,3350304
sohAp,0.09090909090909091,10,10,CAGATTGGCATTGTAAACGT,0,3342978
sohAp,0.09090909090909091,10,10,CACGTTGGCTAACCAGGATC,0,3338751
sohAp,0.09090909090909091,10,10,CACGGTCGAGATAATCAAAT,0,3353768
sohAp,0.09090909090909091,10,10,CACGGGTCAATACCTTCGGT,0,3350656
sohAp,0.09090909090909091,10,10,CACAGGCGCCACTAGGGCAG,0,3342524
sohAp,0.09090909090909091,10,10,CAATGGCGGGCGATCGGAGG,0,3358955
sohAp,0.09090909090909091,10,10,CAATAACGAATCTCAAGCCG,0,3338238
sohAp,0.09090909090909091,10,10,CAAGTGTCGAAACGGATCGT,0,3347670
sohAp,0.09090909090909091,10,10,CAAGGTGGGGGTCGTAAGTG,0,3343253
sohAp,0.09090909090909091,10,10,CAAGGGCCGATCTGAAGGGT,0,3348591
sohAp,0.09090909090909091,10,10,CAAAAACGAAGGCCTGTCAC,0,3345330
sohAp,0.09090909090909091,10,10,ATTTCAATGCCGAGCGTGTG,0,3338536
sohAp,0.09090909090909091,10,10,ATTCTTTTGGCAACCTCTCT,0,3342130
sohAp,0.09090909090909091,10,10,ATTCTGTTCGATAGCTGATC,0,3338551
sohAp,0.09090909090909091,10,10,ATTCACGGAAAGTCCAAAGG,0,3335077
sohAp,0.09090909090909091,10,10,ATTATGAGCTGAGCTGTTCC,0,3338333
sohAp,0.09090909090909091,10,10,ATGGCTGTAGGAAGACACAA,0,3356268
sohAp,0.09090909090909091,10,10,ATGGAAACGATATAGTGAGT,0,3348216
sohAp,0.09090909090909091,10,10,ATGATACGGTAATGGTTAGA,0,3348469
sohAp,0.09090909090909091,10,10,ATCTGTAAGGGGCCACTCAT,0,3344556
sohAp,0.09090909090909091,10,10,ATCCTAGACTACGCGTTTTT,0,3341977
sohAp,0.09090909090909091,10,10,ATATATTTTATTGTATCCGT,0,3334388
sohAp,0.09090909090909091,10,10,ATAGGCCATAACTCGACCTT,0,3349806
sohAp,0.09090909090909091,10,10,ATAGGAATCTATTTTCACTC,0,3336574
sohAp,0.09090909090909091,10,10,ATACACGTGGGATATTATCA,0,3355858
sohAp,0.09090909090909091,10,10,AGTTTTGGAGTTGCTCAGTT,0,3354616
sohAp,0.09090909090909091,10,10,AGTTGTTGCTACGCGTCAGC,0,3354734
sohAp,0.09090909090909091,10,10,AGTTGATTCTCTATACGGTT,0,3341372
sohAp,0.09090909090909091,10,10,AGTTCGATGATGTTGGTCCT,0,3351852
sohAp,0.09090909090909091,10,10,AGTGCATCCGCGGAATCCAG,0,3350520
sohAp,0.09090909090909091,10,10,AGTCGCGAACCAGTAACGCT,0,3342996
sohAp,0.09090909090909091,10,10,AGTCATGGCCCTCAACGAGA,0,3335097
sohAp,0.09090909090909091,10,10,AGTCAAGGGACAAAGGGCTT,0,3341603
sohAp,0.09090909090909091,10,10,AGGTCGTCTAGTCAACCACC,0,3346759
sohAp,0.09090909090909091,10,10,AGGGTTTTTCCTGGTCATAT,0,3358481
sohAp,0.09090909090909091,10,10,AGCGGGAAAGTTAATGTAGT,0,3342974
sohAp,0.09090909090909091,10,10,AGCCCTACAGGCTTTAACGA,0,3353450
sohAp,0.09090909090909091,10,10,AGATGCTCGAGGGGATGTAC,0,3345103
sohAp,0.09090909090909091,10,10,AGAGGGATCTTCAACAGCGT,0,3344674
sohAp,0.09090909090909091,10,10,AGAAACGTTCAGCGCCGAAG,0,3334829
sohAp,0.09090909090909091,10,10,ACTGTTCACCCACTCTAGAC,0,3348329
sohAp,0.09090909090909091,10,10,ACTAGCACATTTCAGCCAGA,0,3350923
sohAp,0.09090909090909091,10,10,ACGTCACAAGTATTCAAAAT,0,3348295
sohAp,0.09090909090909091,10,10,ACGCTTATCGGCGCCATTGT,0,3356525
sohAp,0.09090909090909091,10,10,ACGATGTCTCAATGTTTTCC,0,3335310
sohAp,0.09090909090909091,10,10,ACCAGTAAGTATGCAACCCA,0,3335728
sohAp,0.09090909090909091,10,10,ACAGCTGATGCCTAGACCAA,0,3337483
sohAp,0.09090909090909091,10,10,ACAATAATTCGAAAGATGGT,0,3357002
sohAp,0.09090909090909091,10,10,AATTTTTACCCATGTAGTTG,0,3338244
sohAp,0.09090909090909091,10,10,AATTCTCTCCCATACTCCAG,0,3347749
sohAp,0.09090909090909091,10,10,AATCGTTTCATTGGCTATGC,0,3353423
sohAp,0.09090909090909091,10,10,AAGCAGCGTTCAAAGCAGCG,0,3334755
sohAp,0.09090909090909091,10,10,AACTTTGTAATACCGGGGGA,0,3355452
sohAp,0.09090909090909091,10,10,AACTTAGTGACGGTAGGGAT,0,3350320
sohAp,0.09090909090909091,10,10,AACTGTTATTAACTGGTGCG,0,3339378
sohAp,0.09090909090909091,10,10,AACACTTTGGATTGAGAGTA,0,3339316
sohAp,0.09090909090909091,10,10,AAATCGGTCGTCCGCTCTGA,0,3350605
sohAp,0.09090909090909091,10,10,AAAACCCCCTTCTGTTCTCC,0,3355943
sohAp,0.1,9,9,TTTGTTCGCACTTTTTGAAA,0,3357671
sohAp,0.1,9,9,TTTGCGTGGGCCGAGGAGAG,0,3339961
sohAp,0.1,9,9,TTGTTAGGGGTATAGCACAA,0,3339928
sohAp,0.1,9,9,TTGTAAGTATCGGGAACATT,0,3335516
sohAp,0.1,9,9,TTCTTGAAACAGGGAATTCT,0,3336992
sohAp,0.1,9,9,TTCTTCTAAACAAGGATGGT,0,3334330
sohAp,0.1,9,9,TTCTTCGAGGGGATTTTAAA,0,3335646
sohAp,0.1,9,9,TTCTAATTCGTCCAGGGGAG,0,3334238
sohAp,0.1,9,9,TTCGCTAGCCACGGTACATG,0,3341775
sohAp,0.1,9,9,TTCAACTACCGTCAAAAATA,0,3352732
sohAp,0.1,9,9,TTCAACATGAATCCGGCGGT,0,3351517
sohAp,0.1,9,9,TTAGTTGGGCAACGTCGTTG,0,3354680
sohAp,0.1,9,9,TTACTGTTAAGGTATCCCGT,0,3344673
sohAp,0.1,9,9,TTACGTCGCCGCCGGCGTAA,0,3338467
sohAp,0.1,9,9,TGTGGATCGTCGGCGGTTAT,0,3339730
sohAp,0.1,9,9,TGTCACTCAGAGGTCGGCTT,0,3341473
sohAp,0.1,9,9,TGTACGAGAGGCGGAATTTA,0,3354034
sohAp,0.1,9,9,TGGTGCCCTAAATTAATTTG,0,3334086
sohAp,0.1,9,9,TGGGCACAGTAAGACAGCTG,0,3342898
sohAp,0.1,9,9,TGGGAAACGGATGAGACAAG,0,3356646
sohAp,0.1,9,9,TGGCACAAGGCGCGGCCAAT,0,3358464
sohAp,0.1,9,9,TGCGGGGTGCGTCTTAGTGC,0,3358734
sohAp,0.1,9,9,TGCGGCTGAAGAAAACTAGA,0,3337622
sohAp,0.1,9,9,TGCGGACCAAAGTGAACAGC,0,3344938
sohAp,0.1,9,9,TGATGGGTTAATGTCGTCCC,0,3344857
sohAp,0.1,9,9,TGAGTGATCTAACCAGGTCA,0,3334037
sohAp,0.1,9,9,TGAGGGGACGTAACTGTGGC,0,3346251
sohAp,0.1,9,9,TGAACGTTCTACCTAGTGGT,0,3335857
sohAp,0.1,9,9,TCTTTTTGGGTTGTTATCTG,0,3350313
sohAp,0.1,9,9,TCTTTGCTGGTCAAATCTCC,0,3335897
sohAp,0.1,9,9,TCTTGCCACTCAATCAGAAG,0,3348172
sohAp,0.1,9,9,TCTGTGAGAGTTACGGTAAA,0,3345409
sohAp,0.1,9,9,TCTGTACCTGGGGCTGCCAT,0,3344812
sohAp,0.1,9,9,TCTCCCACAGGCCACGGCCA,0,3340710
sohAp,0.1,9,9,TCGTTCACAATGCCCTAGTG,0,3346579
sohAp,0.1,9,9,TCGTGGAAACGCTACATTGA,0,3347359
sohAp,0.1,9,9,TCGTATAGAGGCTATTGGTC,0,3340899
sohAp,0.1,9,9,TCGCATGGAGGGAAATACCC,0,3349913
sohAp,0.1,9,9,TCACGTACCTATCGTTATGA,0,3341782
sohAp,0.1,9,9,TCACGATATCCTGAGTTTGT,0,3351251
sohAp,0.1,9,9,TCAATGCGAGTCCAAGGCAT,0,3339727
sohAp,0.1,9,9,TCAAAAATCCCTGAACTTGA,0,3343028
sohAp,0.1,9,9,TATTATCCCCGATTCGTCAT,0,3353316
sohAp,0.1,9,9,TATGCGGCAGTCTCGGACAT,0,3356548
sohAp,0.1,9,9,TATCTACGCGCCATTGCAGC,0,3348590
sohAp,0.1,9,9,TATAGGTGATGGACGGCACA,0,3348884
sohAp,0.1,9,9,TATAGCTTATTAAAACCATA,0,3357534
sohAp,0.1,9,9,TAGGTTGGTTTTTCAGCGGT,0,3335513
sohAp,0.1,9,9,TAGGTTAAAGAACACACCGG,0,3338451
sohAp,0.1,9,9,TAGATCTGACCCCATCGTGT,0,3345588
sohAp,0.1,9,9,TAGAACCGGCAAGTGTCGTG,0,3345359
sohAp,0.1,9,9,TACGTTGGCCCGCGAACTCG,0,3354836
sohAp,0.1,9,9,TACCCCTCAGCCATCTATGT,0,3341530
sohAp,0.1,9,9,TACAAGTATTGAAGCGTTAT,0,3349590
sohAp,0.1,9,9,TAATCCAGTTCTTCGCATTC,0,3335680
sohAp,0.1,9,9,TAAGATGAAACAGTCCCATC,0,3342667
sohAp,0.1,9,9,TAACGCAGGTCGCCGGGTGA,0,3343395
sohAp,0.1,9,9,TAAATGATTAACAACATGAC,0,3345879
sohAp,0.1,9,9,GTTTTTACCCCGGAGGAACT,0,3346586
sohAp,0.1,9,9,GTTTTCTCTTGGGAGCAATT,0,3337698
sohAp,0.1,9,9,GTTGGCTTTGGCATGGGGTT,0,3337633
sohAp,0.1,9,9,GTGGGAGTGTGTCTCTGCCT,0,3344204
sohAp,0.1,9,9,GTGAGGATCGCTATTCACTC,0,3347935
sohAp,0.1,9,9,GTCGGCTGTGTGTAGCGCTC,0,3339141
sohAp,0.1,9,9,GTCCGGCGGTGATTGTGTAT,0,3337929
sohAp,0.1,9,9,GTCCGCAATTACACCTGCAT,0,3354887
sohAp,0.1,9,9,GTCCCTAATTGGAACTTACT,0,3354660
sohAp,0.1,9,9,GTCCACGTTGACTCGGGTGG,0,3333925
sohAp,0.1,9,9,GTATGTAGTTTCAAACGGTC,0,3353494
sohAp,0.1,9,9,GTAGTTATGCCCGATGTACA,0,3337785
sohAp,0.1,9,9,GTAGGGGAATGCTTCTGAAT,0,3343137
sohAp,0.1,9,9,GTACCCGCTGATGATGATGG,0,3334626
sohAp,0.1,9,9,GTACCCCTCTCAACTGTATC,0,3349094
sohAp,0.1,9,9,GTAATGTCAAAGGGACGGCC,0,3345138
sohAp,0.1,9,9,GTAACTCTACAAGTTACGTG,0,3335353
sohAp,0.1,9,9,GTAACTACTACACAGTGCGG,0,3349006
sohAp,0.1,9,9,GGTTGTAATTTATGGTCTAA,0,3334171
sohAp,0.1,9,9,GGTTAATAAAGCCTATGCTG,0,3352948
sohAp,0.1,9,9,GGTGCCCTCAAACGGCAACG,0,3343851
sohAp,0.1,9,9,GGTCTAGTAGGCTTATCCTA,0,3340618
sohAp,0.1,9,9,GGGTTTGTGGTATAAGGAGC,0,3336279
sohAp,0.1,9,9,GGGTTAGCCGTACTTAAATA,0,3338867
sohAp,0.1,9,9,GGGGCATAGGCTACTACTGG,0,3336217
sohAp,0.1,9,9,GGGGAGCGCTTCCAATAATC,0,3346316
sohAp,0.1,9,9,GGGGAACTTGGTGAATTGCT,0,3354665
sohAp,0.1,9,9,GGGCCGGCGGTTAGGAGCTC,0,3354152
sohAp,0.1,9,9,GGGCCAACTCAGCCAGTACT,0,3349146
sohAp,0.1,9,9,GGGCAACCACGTATCTCGGG,0,3353503
sohAp,0.1,9,9,GGGATTAGGCAACTAGAAGT,0,3354864
sohAp,0.1,9,9,GGCTCGGTTTTTATCATCGT,0,3334340
sohAp,0.1,9,9,GGCGGCAAGGAGCGTGTGTA,0,3340205
sohAp,0.1,9,9,GGCGCTCGGCGCAAGGAAGA,0,3338568
sohAp,0.1,9,9,GGCCAGTTCTAGTGCTAGGA,0,3337419
sohAp,0.1,9,9,GGATCCAAGCGCGGACCGAG,0,3356602
sohAp,0.1,9,9,GGAGTTTAGTCTTCCAAGTG,0,3353889
sohAp,0.1,9,9,GGACTGGATCAAATGCTAGA,0,3346695
sohAp,0.1,9,9,GGAAGCCGCTTTGTTTACTC,0,3341348
sohAp,0.1,9,9,GGAAAACATCTTTAGTAGTA,0,3338916
sohAp,0.1,9,9,GCTTTCCTCTATTGTTACGT,0,3347573
sohAp,0.1,9,9,GCTCGAAGGGCCTGCGCTAT,0,3343179
sohAp,0.1,9,9,GCGTAACCGAGTCACGTTCT,0,3336476
sohAp,0.1,9,9,GCGGACGATGGACGTGGCGC,0,3351734
sohAp,0.1,9,9,GCGCGGACAATATCACGGTC,0,3342882
sohAp,0.1,9,9,GCGCCAAGATCCTCGGCCAT,0,3334271
sohAp,0.1,9,9,GCGCAACATGAGCAGTTATT,0,3343594
sohAp,0.1,9,9,GCGAGTCAGGCTATACAACC,0,3356520
sohAp,0.1,9,9,GCGACAACCATATGTCGAAA,0,3350935
sohAp,0.1,9,9,GCGAAACGGGTGATCCATTC,0,3335268
sohAp,0.1,9,9,GCCGCGTGAAATCCGTGCAA,0,3357850
sohAp,0.1,9,9,GCCCGTGGATGTGACTAGAA,0,3340152
sohAp,0.1,9,9,GCCCGGCAATACCGAATCCT,0,3349266
sohAp,0.1,9,9,GCCCCGGCTAATCGGCATAT,0,3353764
sohAp,0.1,9,9,GCCACATCTCCTGATGTTTC,0,3342189
sohAp,0.1,9,9,GCATCTATAGTCGAGCCATT,0,3338813
sohAp,0.1,9,9,GCAGCTAGGACCGCTGTTGT,0,3350564
sohAp,0.1,9,9,GCAATACTGCGCTCTCGCAA,0,3341374
sohAp,0.1,9,9,GCAAATGCTCATACAAATCA,0,3347394
sohAp,0.1,9,9,GATTGCGATATGTATCGTAT,0,3345725
sohAp,0.1,9,9,GATTACGCAAGAGCAGCTAT,0,3340925
sohAp,0.1,9,9,GATAGGGTATCCGAAAAGGT,0,3348040
sohAp,0.1,9,9,GAGGTCTACGATCCCTTGAG,0,3336995
sohAp,0.1,9,9,GAGGCTGCCCACAACGTTAG,0,3354905
sohAp,0.1,9,9,GAGGACCAGCAACGTTGTTA,0,3343798
sohAp,0.1,9,9,GAGCCCTGCGGAGAAGGGTC,0,3342507
sohAp,0.1,9,9,GAGATGACTTATCGCCTGGA,0,3354970
sohAp,0.1,9,9,GAGACATGTTTGGTGCCTCG,0,3352134
sohAp,0.1,9,9,GACTCATAAGCAGCGTAGTT,0,3336544
sohAp,0.1,9,9,GACTACTTGCTAGCCTCCAT,0,3340426
sohAp,0.1,9,9,GACGAGTCCAATGCACCTGC,0,3349189
sohAp,0.1,9,9,GACCTACGGCGTACGCTGCC,0,3345503
sohAp,0.1,9,9,GACAGTTCGGATTTGTCCCT,0,3334615
sohAp,0.1,9,9,GACAAAAATATGTCCGTCGG,0,3352502
sohAp,0.1,9,9,GAAAATATAACAAACGAGTT,0,3349219
sohAp,0.1,9,9,CTTTGACGGCATTACTATAC,0,3343173
sohAp,0.1,9,9,CTTTCGGATGTGGTTCTCTC,0,3344107
sohAp,0.1,9,9,CTTGTAATGAGTGCTCAGGG,0,3348810
sohAp,0.1,9,9,CTTCTGTTAGGTAGGAAGAT,0,3338224
sohAp,0.1,9,9,CTGGCACAAGGTCATACCTA,0,3351887
sohAp,0.1,9,9,CTGGACTGTGAAGAGCACAC,0,3338205
sohAp,0.1,9,9,CTGCTGCGGATCCCGCACAA,0,3336613
sohAp,0.1,9,9,CTCCGGTAACCCGGCAGTTT,0,3348285
sohAp,0.1,9,9,CTATCAATAGTAGTATCTGT,0,3340589
sohAp,0.1,9,9,CTAGAAGCGCACACATAGTA,0,3349040
sohAp,0.1,9,9,CTAATACACATTCTGCCCTC,0,3355476
sohAp,0.1,9,9,CTAACGGTACTCATTCGGAC,0,3352058
sohAp,0.1,9,9,CGGTCGCGACAACACTAGCT,0,3336297
sohAp,0.1,9,9,CGGTACTGTCATAACGAACA,0,3343494
sohAp,0.1,9,9,CGGGGTGGATGTGGGATTCA,0,3357464
sohAp,0.1,9,9,CGGGGCTATCTCGAGACACA,0,3350974
sohAp,0.1,9,9,CGGATGTCCGCACTGCGGTA,0,3339337
sohAp,0.1,9,9,CGGATAATCCGGTAGATTGA,0,3349870
sohAp,0.1,9,9,CGGAAACGGTACCTGGGTTC,0,3342630
sohAp,0.1,9,9,CGCGACGCCAGGATGCTTTG,0,3352892
sohAp,0.1,9,9,CGCAGGGCCAGTTTCGGAAA,0,3348496
sohAp,0.1,9,9,CGCAAACCAGTTAGGGACTT,0,3334141
sohAp,0.1,9,9,CGATTGTGCACTTTTATAGA,0,3338734
sohAp,0.1,9,9,CGATGGGGGTGATTTAGCGG,0,3348816
sohAp,0.1,9,9,CGATCCATATACGTAATCAG,0,3339809
sohAp,0.1,9,9,CGATAACGCTTCTATCTTTT,0,3333815
sohAp,0.1,9,9,CGAAGCGTACCCTCGAGTTG,0,3340114
sohAp,0.1,9,9,CCTCATGCTGACGCTAAGGC,0,3355211
sohAp,0.1,9,9,CCTATTTCGGTTCCCGTTGT,0,3344498
sohAp,0.1,9,9,CCTAGGCCCCGCCACTTCCT,0,3357954
sohAp,0.1,9,9,CCTAGCACTCGAGAGCGTCG,0,3348463
sohAp,0.1,9,9,CCGTACCTAAGGGGATAGGG,0,3353413
sohAp,0.1,9,9,CCGGTTGTATAGCGCTTCAG,0,3346921
sohAp,0.1,9,9,CCGGTCCCACGGGCACAAGT,0,3342424
sohAp,0.1,9,9,CCGGATTTAGGGCGTCCACT,0,3354454
sohAp,0.1,9,9,CCGCAAGACGCCAACGTAAT,0,3353029
sohAp,0.1,9,9,CCGACCCTGCGCTAATCAAC,0,3335642
sohAp,0.1,9,9,CCCTCCAGTTAGGGACAGGC,0,3349362
sohAp,0.1,9,9,CCCGCTCCTGCCGTCCCCCT,0,3340740
sohAp,0.1,9,9,CCCCTGCCACATCTCCCACA,0,3355894
sohAp,0.1,9,9,CCCATGCGGGGTAACCAATA,0,3342803
sohAp,0.1,9,9,CCATGCGTCGGTCCCGCTTG,0,3354440
sohAp,0.1,9,9,CCAGAACTCCCGTCCCCTCA,0,3336414
sohAp,0.1,9,9,CCACTGTACGGAATTTCGGC,0,3346300
sohAp,0.1,9,9,CCAATTCGAGCCATCCCCGG,0,3340091
sohAp,0.1,9,9,CATTTGAGTATTAGTTTGAC,0,3345724
sohAp,0.1,9,9,CATTCGAGGCCATAGGCCGT,0,3345311
sohAp,0.1,9,9,CATGTCCGTGATGTGCTATG,0,3337694
sohAp,0.1,9,9,CATCCCCGTACTACAGGACC,0,3356665
sohAp,0.1,9,9,CATATAACACGACCTGTAAC,0,3336607
sohAp,0.1,9,9,CATACGCGCTTTTATGGACT,0,3349559
sohAp,0.1,9,9,CAGTCTAGAGCTCCTTTAGG,0,3345870
sohAp,0.1,9,9,CAGAACATAAGGAAAAAAGA,0,3355333
sohAp,0.1,9,9,CACTAGCACGAGAGGCATTC,0,3354526
sohAp,0.1,9,9,CACATCGTCGTAGTTTTCAA,0,3334959
sohAp,0.1,9,9,CACAAATATCTGTATAAGCG,0,3340726
sohAp,0.1,9,9,CAAGTTTACAAAGTCGGTTG,0,3352139
sohAp,0.1,9,9,CAAGGACTTAGATCCTGAGA,0,3349510
sohAp,0.1,9,9,CAAGCAGTTGCTATGCGCGC,0,3333944
sohAp,0.1,9,9,CAACTATCACGTTTAGCTGG,0,3344105
sohAp,0.1,9,9,CAACCACTATGGACGCCGAT,0,3345221
sohAp,0.1,9,9,ATTTGGGTTTCCCTTTTCAC,0,3335192
sohAp,0.1,9,9,ATTGTTGTGCTTGGTACGTT,0,3336632
sohAp,0.1,9,9,ATTCTGAACGATGCCTCTCC,0,3349249
sohAp,0.1,9,9,ATTCTATTCGGACTCGAGAG,0,3340295
sohAp,0.1,9,9,ATTCGTTCCGTCGGTCAGCC,0,3339247
sohAp,0.1,9,9,ATTCGAACCTTAATTCCGGC,0,3336912
sohAp,0.1,9,9,ATTCATCCGTGTTCGGTAGG,0,3348156
sohAp,0.1,9,9,ATGCTCCGACTTTCGGCGGG,0,3343484
sohAp,0.1,9,9,ATGAGGGTTTACCCTAGCTC,0,3342581
sohAp,0.1,9,9,ATGACTGTGGGGTTCTCCGT,0,3340224
sohAp,0.1,9,9,ATCTGTTAATCAACGGGATA,0,3356647
sohAp,0.1,9,9,ATCGGGGCCGACACGAATTT,0,3336658
sohAp,0.1,9,9,ATCGCACAGGCCGGTATTAT,0,3354840
sohAp,0.1,9,9,ATCGATTTCCGACTTCGGAT,0,3349254
sohAp,0.1,9,9,ATCGAAGCGCATATCTGAGA,0,3333714
sohAp,0.1,9,9,ATCCTGTGAGCTGTGCTTCA,0,3333799
sohAp,0.1,9,9,AGTTTCTGACCTCACTTAGA,0,3350336
sohAp,0.1,9,9,AGTGTAACAGCAACACGGTC,0,3353345
sohAp,0.1,9,9,AGTAGGTATTAGTCTGGTCT,0,3338993
sohAp,0.1,9,9,AGGGTCAAGTTAGATCGGAC,0,3337348
sohAp,0.1,9,9,AGGCGGTGTTGGCGCAAATG,0,3335779
sohAp,0.1,9,9,AGGCATTTCAGTATTGGGCT,0,3350006
sohAp,0.1,9,9,AGGATTAGATATAGGTCAGA,0,3350242
sohAp,0.1,9,9,AGCTGAGTGACGTAAGTCAA,0,3338498
sohAp,0.1,9,9,AGCTCCCGGAAGGATCCCGC,0,3339335
sohAp,0.1,9,9,AGCCTTCACTGCAGTCGGTA,0,3354824
sohAp,0.1,9,9,AGCCAATAACGTAGGGATTC,0,3355522
sohAp,0.1,9,9,AGCAGCGGTAGAGGTATAGC,0,3336254
sohAp,0.1,9,9,AGAGACGACACGTTGCCAGC,0,3358507
sohAp,0.1,9,9,ACTTGAACTGGAACAGGGAT,0,3358624
sohAp,0.1,9,9,ACGGGGCCCAGGGGAGATAT,0,3334616
sohAp,0.1,9,9,ACGAGTCTGTCCCTCTAATA,0,3340145
sohAp,0.1,9,9,ACCTATTACATCCCGCAACA,0,3341806
sohAp,0.1,9,9,ACCGGTCCCAGTGGGCAGTG,0,3339437
sohAp,0.1,9,9,ACAGGAGCTTCTCCACCAGA,0,3341284
sohAp,0.1,9,9,ACAAGGGTATACACGGGCAT,0,3352920
sohAp,0.1,9,9,ACAAACTAAACTTTTAAGGC,0,3342858
sohAp,0.1,9,9,AATGAAACGGATTCGTTGAT,0,3356516
sohAp,0.1,9,9,AATAAAACAATAGAAATCAG,0,3354579
sohAp,0.1,9,9,AAGAGCAAAATCGAGAGCTG,0,3341885
sohAp,0.1,9,9,AAGAGATAGTGCGCGACGAT,0,3348027
sohAp,0.1,9,9,AACTCTGAGTGGTGGGTAAA,0,3351802
sohAp,0.1,9,9,AACTATTGTGACTGTAGACT,0,3347116
sohAp,0.1,9,9,AACAAGAAGAAGGCCTTCAG,0,3349021
sohAp,0.1,9,9,AAATCTAGAGTTTCCGCCGG,0,3344412
sohAp,0.1,9,9,AAATAGGTATCCCATGGACT,0,3342522
sohAp,0.1,9,9,AAACAACGCCTTTCTGACTT,0,3338905
sohAp,0.1111111111111111,8,8,TTTTTTCATGGAGACTAGCT,0,3336906
sohAp,0.1111111111111111,8,8,TTTTCCGCTGTTTACATTTA,0,3341184
sohAp,0.1111111111111111,8,8,TTTGCAGTGTACATATATAA,0,3334214
sohAp,0.1111111111111111,8,8,TTTATGTCCTGGGAATCTAC,0,3335735
sohAp,0.1111111111111111,8,8,TTGTGGGCGGGACATAGTAG,0,3340923
sohAp,0.1111111111111111,8,8,TTGGCGCGTTAAAAGAGGAT,0,3346831
sohAp,0.1111111111111111,8,8,TTGCATCGCAACGCGCAGTC,0,3339273
sohAp,0.1111111111111111,8,8,TTCTTTCTAGTGTGTATAAT,0,3352470
sohAp,0.1111111111111111,8,8,TTCTGCGTGTCGCGTACCAG,0,3339111
sohAp,0.1111111111111111,8,8,TTCGTGTCCGGGGCCTCCGA,0,3346919
sohAp,0.1111111111111111,8,8,TTCCTACAGGGGGGGTTACA,0,3351496
sohAp,0.1111111111111111,8,8,TTCAGCTGAGGCTACTCGGT,0,3346266
sohAp,0.1111111111111111,8,8,TTAGTTGGACTTGATTCAAT,0,3347906
sohAp,0.1111111111111111,8,8,TTACTGTTCCTTTGTCAGAT,0,3339966
sohAp,0.1111111111111111,8,8,TTACGTCACCGATGTGCCCA,0,3337943
sohAp,0.1111111111111111,8,8,TTACGAGCATCCAGGTGTAG,0,3344741
sohAp,0.1111111111111111,8,8,TTAAAGCCTGACCATGTCGT,0,3349952
sohAp,0.1111111111111111,8,8,TGTTTATCCAAAAGCGGGGT,0,3340165
sohAp,0.1111111111111111,8,8,TGTTATGGTCTCCGAAGGTG,0,3357136
sohAp,0.1111111111111111,8,8,TGTCTGGTTAAGGGTGCGGA,0,3335715
sohAp,0.1111111111111111,8,8,TGGGGAATCGAGCGGAACAT,0,3344632
sohAp,0.1111111111111111,8,8,TGGGCACCGATAGGCGGGAG,0,3346079
sohAp,0.1111111111111111,8,8,TGGCCTTTCGCCGTTTGGTA,0,3346153
sohAp,0.1111111111111111,8,8,TGGATGAATGATAGTTGACA,0,3351862
sohAp,0.1111111111111111,8,8,TGGATACCGACATCCTGTCA,0,3336336
sohAp,0.1111111111111111,8,8,TGGAAACGGTTTCGAGCGAC,0,3352235
sohAp,0.1111111111111111,8,8,TGCTAAAGAGTGCCACAACG,0,3353862
sohAp,0.1111111111111111,8,8,TGCCTACGACACAGAAGTGA,0,3335256
sohAp,0.1111111111111111,8,8,TGCATGCCTGATCCCTGAGG,0,3353929
sohAp,0.1111111111111111,8,8,TGCAGTTATCTATGCCCCAC,0,3342282
sohAp,0.1111111111111111,8,8,TGCAGCGTTCCTTCTACTGA,0,3338652
sohAp,0.1111111111111111,8,8,TGATACGGCACGTTCCAACA,0,3335781
sohAp,0.1111111111111111,8,8,TGAGCACGTGATCAGTTCGT,0,3354195
sohAp,0.1111111111111111,8,8,TGAATCCCAAGGGATGTTTA,0,3355693
sohAp,0.1111111111111111,8,8,TGAAATAGAGAGGACCCCTT,0,3349651
sohAp,0.1111111111111111,8,8,TCTTCCAACACCACTGCGAT,0,3351493
sohAp,0.1111111111111111,8,8,TCTGAAGCGGATCTACAATG,0,3335128
sohAp,0.1111111111111111,8,8,TCTACAGTGTTTCCGAAGTG,0,3348169
sohAp,0.1111111111111111,8,8,TCGTCAAAAGGGTTTTCACT,0,3357967
sohAp,0.1111111111111111,8,8,TCGGCTCGATATTGGACCGA,0,3351610
sohAp,0.1111111111111111,8,8,TCGGCACGAGAGGACCTTAT,0,3346647
sohAp,0.1111111111111111,8,8,TCGATAGATTCCGATGCCGA,0,3344438
sohAp,0.1111111111111111,8,8,TCGAGGCTCTATTACTTTTC,0,3344868
sohAp,0.1111111111111111,8,8,TCGAGCCCAGGTATCTCTAG,0,3334518
sohAp,0.1111111111111111,8,8,TCGACAAGAATGACAGGAGT,0,3357381
sohAp,0.1111111111111111,8,8,TCCGTATGGGAAATCAATCT,0,3341187
sohAp,0.1111111111111111,8,8,TCCGATGACTCTCCTGGGCA,0,3342670
sohAp,0.1111111111111111,8,8,TCCCGCATCGGTCTGCTACA,0,3339024
sohAp,0.1111111111111111,8,8,TCCACTGTGCCGGTGAGTTC,0,3336589
sohAp,0.1111111111111111,8,8,TCCACAATCCCTAACAACTG,0,3357987
sohAp,0.1111111111111111,8,8,TCAGTCATGAAACACGCATA,0,3350488
sohAp,0.1111111111111111,8,8,TCAGGGGCAAAAGCGGCTGC,0,3337701
sohAp,0.1111111111111111,8,8,TCACTGATGTTCAGTCCTGC,0,3341489
sohAp,0.1111111111111111,8,8,TCACTATACGACTCAGTCGG,0,3352363
sohAp,0.1111111111111111,8,8,TCACAGGATGTTTTACGCGT,0,3339343
sohAp,0.1111111111111111,8,8,TCAATCATAGATGTAACGCC,0,3350422
sohAp,0.1111111111111111,8,8,TATGGTCATACTTGTTACGT,0,3353252
sohAp,0.1111111111111111,8,8,TATGGAATTCGTTGGTCCGT,0,3357708
sohAp,0.1111111111111111,8,8,TATGCTAAGTAAGCCATCTT,0,3353671
sohAp,0.1111111111111111,8,8,TATCTGGTGTCGTTTTTGAT,0,3347498
sohAp,0.1111111111111111,8,8,TATAACCTCTGCGCACGTTC,0,3354637
sohAp,0.1111111111111111,8,8,TAGGTAGGATCGGACTCAAG,0,3336040
sohAp,0.1111111111111111,8,8,TAGCTGGCCCACAAGATGCA,0,3339560
sohAp,0.1111111111111111,8,8,TAGCCACCTACACCACTATC,0,3338927
sohAp,0.1111111111111111,8,8,TAGCACAGTGACTCGTCCAT,0,3335741
sohAp,0.1111111111111111,8,8,TAGAAGGATCCACATCCGTC,0,3350490
sohAp,0.1111111111111111,8,8,TACTCCTCTCCACAGGGAAA,0,3351569
sohAp,0.1111111111111111,8,8,TACTATTGCCATGTTACACT,0,3346163
sohAp,0.1111111111111111,8,8,TACGTCTTGTTAGATTTGGA,0,3350876
sohAp,0.1111111111111111,8,8,TAAATAGTGTGGTGTTTCAT,0,3349319
sohAp,0.1111111111111111,8,8,GTTTTTTTTCATCCTTGACA,0,3351107
sohAp,0.1111111111111111,8,8,GTTTTTTAGTAGTTGCGGTT,0,3337511
sohAp,0.1111111111111111,8,8,GTTGGACGGGGTCGGTATGA,0,3350720
sohAp,0.1111111111111111,8,8,GTTCTGAGAGTGTGCCCCAC,0,3358266
sohAp,0.1111111111111111,8,8,GTTCATAACCTTTCGTGTTA,0,3350347
sohAp,0.1111111111111111,8,8,GTTAGGAGTGTTCTTCAAGG,0,3349570
sohAp,0.1111111111111111,8,8,GTGTGGGTGGTTGTACTTCA,0,3357304
sohAp,0.1111111111111111,8,8,GTGGTTCACCCTCACCCTGA,0,3344628
sohAp,0.1111111111111111,8,8,GTGATACTGTTGATTAATGG,0,3344446
sohAp,0.1111111111111111,8,8,GTCGTACAAGGAGTGGGTTG,0,3356320
sohAp,0.1111111111111111,8,8,GTCGAATACCCATCCCGTTT,0,3334973
sohAp,0.1111111111111111,8,8,GTCCATGTGGCTAATAAATT,0,3337883
sohAp,0.1111111111111111,8,8,GTCAGGGGCAACCGTTGCTC,0,3352334
sohAp,0.1111111111111111,8,8,GTCACTCCGCAGTTCGGAAT,0,3349701
sohAp,0.1111111111111111,8,8,GTATGGCCCTCACATAGGAG,0,3340632
sohAp,0.1111111111111111,8,8,GTAGGAATGTCAATTTCGTT,0,3341732
sohAp,0.1111111111111111,8,8,GTAGACCTGTGAAGTTTTGC,0,3342320
sohAp,0.1111111111111111,8,8,GTAATGTAACCCAGGAGGAA,0,3347486
sohAp,0.1111111111111111,8,8,GTAAGATTCTGGCAACATTC,0,3347544
sohAp,0.1111111111111111,8,8,GGTTTCGATGAGCGATAGAT,0,3339828
sohAp,0.1111111111111111,8,8,GGTGGTATCTTTCCATGTCT,0,3341836
sohAp,0.1111111111111111,8,8,GGTGAATGTAGAGCACGACC,0,3356217
sohAp,0.1111111111111111,8,8,GGTCAGGACGTCATGGACAA,0,3340940
sohAp,0.1111111111111111,8,8,GGGGTTCGGAATACGGGTTT,0,3350701
sohAp,0.1111111111111111,8,8,GGGGGTTGAACGCATGTCAG,0,3356480
sohAp,0.1111111111111111,8,8,GGGGCATAAGCGCTTTGTGT,0,3344379
sohAp,0.1111111111111111,8,8,GGGGACAGCAAAGGCAAGGG,0,3336991
sohAp,0.1111111111111111,8,8,GGGCGCCACGGAAACCGAGT,0,3348653
sohAp,0.1111111111111111,8,8,GGGATTCATTCTGGCTAATC,0,3344954
sohAp,0.1111111111111111,8,8,GGGACCCGGTTGAAGGTACA,0,3336852
sohAp,0.1111111111111111,8,8,GGCTGTTCATCGACCATGCT,0,3344028
sohAp,0.1111111111111111,8,8,GGCTATGGAAATAACAATAG,0,3334900
sohAp,0.1111111111111111,8,8,GGCGCGCTCGTGTGTATCAG,0,3334594
sohAp,0.1111111111111111,8,8,GGCCTATTATAAGAGTTTGC,0,3346955
sohAp,0.1111111111111111,8,8,GGAGATTTATACTGAATCCG,0,3337569
sohAp,0.1111111111111111,8,8,GGAGAGAGCGTCTGGTTTAT,0,3356038
sohAp,0.1111111111111111,8,8,GGACCGATATGGCCCAGTGC,0,3352708
sohAp,0.1111111111111111,8,8,GGACAGCGCGTTGATCAGCT,0,3350322
sohAp,0.1111111111111111,8,8,GGAAACGCATGGGGCTTGGA,0,3336861
sohAp,0.1111111111111111,8,8,GCTGGACAATCTTTACACAA,0,3352905
sohAp,0.1111111111111111,8,8,GCTACACTGTTGAATGCAAA,0,3346158
sohAp,0.1111111111111111,8,8,GCGTTTCAGACCTGGTGCGG,0,3341390
sohAp,0.1111111111111111,8,8,GCGGCATCTACACGGGATCT,0,3346073
sohAp,0.1111111111111111,8,8,GCGGACTCCGGCGAGGGCGC,0,3338704
sohAp,0.1111111111111111,8,8,GCGCGTAAGGTTGCTAGACA,0,3339367
sohAp,0.1111111111111111,8,8,GCGCGCACTTCAGGGGCTAT,0,3344443
sohAp,0.1111111111111111,8,8,GCGCCCCGGTGAAAGGTGAA,0,3339653
sohAp,0.1111111111111111,8,8,GCGACCAGGGATGCTCCCGG,0,3334034
sohAp,0.1111111111111111,8,8,GCCTACGACTACAGGCCGTC,0,3334576
sohAp,0.1111111111111111,8,8,GCCCGTTTGGGAGCGCGTTT,0,3352254
sohAp,0.1111111111111111,8,8,GCCCGTGTGAGTACCATCCG,0,3350280
sohAp,0.1111111111111111,8,8,GCCCGCTTTGGCTGGGTCGC,0,3345586
sohAp,0.1111111111111111,8,8,GCCCCGGCTCTCGACATCTA,0,3334326
sohAp,0.1111111111111111,8,8,GCCAGGCTGGAACCTAAAAC,0,3345551
sohAp,0.1111111111111111,8,8,GCATGTCGTAAAGGTTGGTG,0,3343866
sohAp,0.1111111111111111,8,8,GCATCCCTCAATTCAATAGT,0,3341328
sohAp,0.1111111111111111,8,8,GCACGAGGTCCGAATCCTGT,0,3351652
sohAp,0.1111111111111111,8,8,GATTGCTTGTTCATGGGCTA,0,3341265
sohAp,0.1111111111111111,8,8,GATTGAGCGGCCATCTCGAT,0,3351016
sohAp,0.1111111111111111,8,8,GATGTGTACTCACACCGTGA,0,3346021
sohAp,0.1111111111111111,8,8,GATCCGGCCGAGTCAGGGTT,0,3356006
sohAp,0.1111111111111111,8,8,GATATGTGCCAGCAACAACG,0,3350136
sohAp,0.1111111111111111,8,8,GATAGGGCGCCGACTGCCCA,0,3356099
sohAp,0.1111111111111111,8,8,GATAACACGCCCATCTTCCA,0,3347344
sohAp,0.1111111111111111,8,8,GACTGCCTGTTATTCCCCGG,0,3340729
sohAp,0.1111111111111111,8,8,GACTCCACTAAACGAAGTAT,0,3339988
sohAp,0.1111111111111111,8,8,GACGACGTTGTGCCGGTTTC,0,3337795
sohAp,0.1111111111111111,8,8,GACCCGTCGGTCATCTACTG,0,3347713
sohAp,0.1111111111111111,8,8,GACCCACCGGTTACGTGTGT,0,3338403
sohAp,0.1111111111111111,8,8,GACAAGGGATCGTAACACCT,0,3354142
sohAp,0.1111111111111111,8,8,GAATCTAAATAAAGCCATTT,0,3343274
sohAp,0.1111111111111111,8,8,GAACGTCGATTTTCTAACGC,0,3342799
sohAp,0.1111111111111111,8,8,GAAAGTTTGTGGGTCAAGAA,0,3333865
sohAp,0.1111111111111111,8,8,CTTTGTAAGGCATGTGCCCC,0,3347114
sohAp,0.1111111111111111,8,8,CTTGTACGGACGGGCACGGG,0,3356736
sohAp,0.1111111111111111,8,8,CTTCTAGAGTATGTGCCACA,0,3352808
sohAp,0.1111111111111111,8,8,CTTAGCGTGCAAGGTGTGGG,0,3355520
sohAp,0.1111111111111111,8,8,CTGGACTCCGACAGGGAGTC,0,3348709
sohAp,0.1111111111111111,8,8,CTGCGTACGTACACAGAAAG,0,3353371
sohAp,0.1111111111111111,8,8,CTGAGCCTGGGGGAGTCCGT,0,3349068
sohAp,0.1111111111111111,8,8,CTGAATATGTCCTACACCCC,0,3337874
sohAp,0.1111111111111111,8,8,CTCGTGAGGGTTGCAGTGCT,0,3356987
sohAp,0.1111111111111111,8,8,CTCGGTGAGATTCTGTTAGG,0,3346419
sohAp,0.1111111111111111,8,8,CTACTTATTGAGCACAGGCG,0,3342889
sohAp,0.1111111111111111,8,8,CGTTGCCCCGTATCCTAAAA,0,3334940
sohAp,0.1111111111111111,8,8,CGTGGTCCAGTGACCAAGGA,0,3355254
sohAp,0.1111111111111111,8,8,CGTCTTTGCTTCGGGCTTCA,0,3340592
sohAp,0.1111111111111111,8,8,CGGTTCACGGAACCGATGAC,0,3352419
sohAp,0.1111111111111111,8,8,CGGTGAAGACTCAACCACCA,0,3341808
sohAp,0.1111111111111111,8,8,CGGGGCGGTTACCAGTCAGT,0,3339655
sohAp,0.1111111111111111,8,8,CGGGCGGGGGCATGTGGAGT,0,3346317
sohAp,0.1111111111111111,8,8,CGGGAACGAGATTGTATAGT,0,3338375
sohAp,0.1111111111111111,8,8,CGGCGAGGTTAACACTTGCC,0,3349022
sohAp,0.1111111111111111,8,8,CGGATCGGTAAAGAGGGACC,0,3339113
sohAp,0.1111111111111111,8,8,CGGAGCACCGTAACTTCTAG,0,3355513
sohAp,0.1111111111111111,8,8,CGGACCGATCTTGTTGGCGT,0,3356344
sohAp,0.1111111111111111,8,8,CGCTGGGCACCACGTAGCCA,0,3345132
sohAp,0.1111111111111111,8,8,CGCTGCCGACTTGTCGACGT,0,3339287
sohAp,0.1111111111111111,8,8,CGCCTGCTAGTTTACTGGAC,0,3348041
sohAp,0.1111111111111111,8,8,CGCCAAGGAGCCGTCCGCTC,0,3356547
sohAp,0.1111111111111111,8,8,CGCCAAAGCACTATCGCTGT,0,3337178
sohAp,0.1111111111111111,8,8,CGATGTCAGGGATATCATGC,0,3339782
sohAp,0.1111111111111111,8,8,CGAGGGGCGACCTTTTCGTG,0,3346258
sohAp,0.1111111111111111,8,8,CGAGCGTATCTTATGGAAAA,0,3343063
sohAp,0.1111111111111111,8,8,CGACGTAGGATTAAATTTTT,0,3351941
sohAp,0.1111111111111111,8,8,CCTTGAACCGGGAAGCCGGT,0,3356550
sohAp,0.1111111111111111,8,8,CCTTCAGAGACCAGATTGCT,0,3341045
sohAp,0.1111111111111111,8,8,CCTGTCCAAAGTATAAGTTT,0,3338432
sohAp,0.1111111111111111,8,8,CCTGCGCCAGAATGCTCGCA,0,3338370
sohAp,0.1111111111111111,8,8,CCTGAACGTAGCTATAGGGT,0,3342615
sohAp,0.1111111111111111,8,8,CCTCTATCGGTCACCACAGG,0,3334980
sohAp,0.1111111111111111,8,8,CCTAGAGCTTTGATATATCC,0,3339028
sohAp,0.1111111111111111,8,8,CCTAACCTTAGCTATAACAG,0,3347704
sohAp,0.1111111111111111,8,8,CCGTCATTAAGACCTTACCA,0,3338958
sohAp,0.1111111111111111,8,8,CCGGTTTTTCAATACGTCAA,0,3348470
sohAp,0.1111111111111111,8,8,CCGCACATTCGCCGTATAAC,0,3336176
sohAp,0.1111111111111111,8,8,CCGACGTTTTGTCTACCCTT,0,3343088
sohAp,0.1111111111111111,8,8,CCCTCTGCCCTGCGCAACTT,0,3347548
sohAp,0.1111111111111111,8,8,CCCGCAACAACTAGACAGAA,0,3341963
sohAp,0.1111111111111111,8,8,CCCGACTCGGTATGTGCGTT,0,3342576
sohAp,0.1111111111111111,8,8,CCCATGTCTTATCCATTTCT,0,3343218
sohAp,0.1111111111111111,8,8,CCCACAGATTTCTGCATCGT,0,3337171
sohAp,0.1111111111111111,8,8,CCCAATATATTGGGTACCAT,0,3334727
sohAp,0.1111111111111111,8,8,CCAATACTCACACTACGAGA,0,3341712
sohAp,0.1111111111111111,8,8,CCAAGGCTGCCATTTACCTT,0,3337044
sohAp,0.1111111111111111,8,8,CCAAACGGCGAGGTGGACGA,0,3341845
sohAp,0.1111111111111111,8,8,CATTTTTGGATGCAGGTGTG,0,3348947
sohAp,0.1111111111111111,8,8,CATGTCAGCAATGCCGAGGA,0,3340191
sohAp,0.1111111111111111,8,8,CATGCCGGCACACGATTGGT,0,3340701
sohAp,0.1111111111111111,8,8,CATCTTTATAAATGTCAAAT,0,3347612
sohAp,0.1111111111111111,8,8,CATCCTTTCGAATCGGCTCT,0,3357720
sohAp,0.1111111111111111,8,8,CATCCGTCCTGTATTACCGG,0,3344197
sohAp,0.1111111111111111,8,8,CATCAGGCTTAGGAGCGTAT,0,3357286
sohAp,0.1111111111111111,8,8,CATCAAGTCTCGTTTGGTCT,0,3348094
sohAp,0.1111111111111111,8,8,CATAGTACTAGAACGTGTGT,0,3352765
sohAp,0.1111111111111111,8,8,CAGGGCACAGCACCGCTTGA,0,3348677
sohAp,0.1111111111111111,8,8,CACTTTCAATACCGAGGTTA,0,3343220
sohAp,0.1111111111111111,8,8,CACTGCCCGTGCGTGCGTTA,0,3343748
sohAp,0.1111111111111111,8,8,CACGTTCACATGTTGATTTT,0,3334209
sohAp,0.1111111111111111,8,8,CACGGATATCATTTTTGTGT,0,3341270
sohAp,0.1111111111111111,8,8,CACGAAACCTAGCGCACGGT,0,3355083
sohAp,0.1111111111111111,8,8,CACCGTATCAAAATATCCGA,0,3351441
sohAp,0.1111111111111111,8,8,CACCACGGCGTCAAATATGG,0,3347545
sohAp,0.1111111111111111,8,8,CAATTAGATAAGTACTGCCG,0,3355103
sohAp,0.1111111111111111,8,8,CAATGTTGACCTGGCTCAAG,0,3347732
sohAp,0.1111111111111111,8,8,CAATGGTTGGAGGGAAAATG,0,3355554
sohAp,0.1111111111111111,8,8,CAATCATCACGCTGAACATT,0,3345112
sohAp,0.1111111111111111,8,8,CAAGACATTAGAGTCACTTT,0,3333871
sohAp,0.1111111111111111,8,8,CAAAGGTAAGCTCGAGTATA,0,3346100
sohAp,0.1111111111111111,8,8,ATTGGTCCTTCTACTCTGAA,0,3352387
sohAp,0.1111111111111111,8,8,ATTACGCTCAAGATTTATAA,0,3346499
sohAp,0.1111111111111111,8,8,ATGTGGTCCCGGAGGTCAAC,0,3356976
sohAp,0.1111111111111111,8,8,ATGTGCTACTCGACCGGTAA,0,3344517
sohAp,0.1111111111111111,8,8,ATGCTCGGATACGTGAAATC,0,3335981
sohAp,0.1111111111111111,8,8,ATGATACGACAACTTAACGA,0,3351782
sohAp,0.1111111111111111,8,8,ATCTGTTCTCCTGCGACCCC,0,3357364
sohAp,0.1111111111111111,8,8,ATCGGTATGGCTATGCTATG,0,3334976
sohAp,0.1111111111111111,8,8,ATCGCGGATGTTTCCTGAGG,0,3335878
sohAp,0.1111111111111111,8,8,ATCGAGGGTCAGGACACTGA,0,3355336
sohAp,0.1111111111111111,8,8,ATCCGGCGCACACTAAAGTG,0,3345319
sohAp,0.1111111111111111,8,8,ATCCCCAGTTATGGGGGGCT,0,3333998
sohAp,0.1111111111111111,8,8,ATATTTGCATAGTTTGAACA,0,3351983
sohAp,0.1111111111111111,8,8,ATACGCACAGTGTTGCCCAT,0,3354697
sohAp,0.1111111111111111,8,8,ATACCGTTGAAGCCGATAAC,0,3340383
sohAp,0.1111111111111111,8,8,ATAAGATAAGGAAGAGAAAA,0,3341541
sohAp,0.1111111111111111,8,8,AGTTCCTTCCGGCTAATAGT,0,3357382
sohAp,0.1111111111111111,8,8,AGTTATGCTTTAAGGATCCA,0,3353728
sohAp,0.1111111111111111,8,8,AGTGCTACATCAACGCAATC,0,3335325
sohAp,0.1111111111111111,8,8,AGTGCGTCGGGACGCCTCGC,0,3339739
sohAp,0.1111111111111111,8,8,AGTGCGGGGCCAGACATGTA,0,3357672
sohAp,0.1111111111111111,8,8,AGTCTTCCCGTGAAACGCGT,0,3348980
sohAp,0.1111111111111111,8,8,AGTATTAGATGAGTGTCTGG,0,3346637
sohAp,0.1111111111111111,8,8,AGTATAAGTCCTGGGTATCT,0,3334200
sohAp,0.1111111111111111,8,8,AGGTTAGCGTGATCAAGGCT,0,3348772
sohAp,0.1111111111111111,8,8,AGGTTAGAACCACTCTGCAT,0,3346413
sohAp,0.1111111111111111,8,8,AGGGAAGTTACGTAATTAAC,0,3341099
sohAp,0.1111111111111111,8,8,AGGCCAGCGCGCGAAGGAGA,0,3343055
sohAp,0.1111111111111111,8,8,AGGAAAGTCCGCGCCTCAGT,0,3353944
sohAp,0.1111111111111111,8,8,AGCTGACACAACGTTGCTTA,0,3341304
sohAp,0.1111111111111111,8,8,AGCCATATATAAGACGCAGC,0,3337539
sohAp,0.1111111111111111,8,8,AGCAGTAATCCTGAGGCTGT,0,3346535
sohAp,0.1111111111111111,8,8,AGCAGGGGAGGACCCAACAC,0,3358563
sohAp,0.1111111111111111,8,8,AGCAAGGAAGGATTCGCCAT,0,3352727
sohAp,0.1111111111111111,8,8,AGCAACTATCTGGCTAGGAA,0,3342188
sohAp,0.1111111111111111,8,8,AGATGCTGAAGTTGACGTAA,0,3352956
sohAp,0.1111111111111111,8,8,AGATGAACTCCCCAACATAG,0,3357765
sohAp,0.1111111111111111,8,8,AGAGCTCGCTCGGGATGTTA,0,3333703
sohAp,0.1111111111111111,8,8,AGAGATCTGATCCCCTATTC,0,3345700
sohAp,0.1111111111111111,8,8,AGACGTGAGAGGTAAGTGAG,0,3335714
sohAp,0.1111111111111111,8,8,AGAAGGGCTAGGACACAGTT,0,3355753
sohAp,0.1111111111111111,8,8,AGAAATCGCGCCAATGATCA,0,3355152
sohAp,0.1111111111111111,8,8,ACTTGGCCCAACATTTGAAT,0,3353148
sohAp,0.1111111111111111,8,8,ACTGAGAGTATTTCCAAATG,0,3342408
sohAp,0.1111111111111111,8,8,ACTCGCGTCCTACTGTTCGG,0,3343354
sohAp,0.1111111111111111,8,8,ACTAATGCCTCCGCCACGAC,0,3336958
sohAp,0.1111111111111111,8,8,ACGTCGTCTGCAGAGTGTGT,0,3343965
sohAp,0.1111111111111111,8,8,ACGTCGTACTCGTATGTCAA,0,3346214
sohAp,0.1111111111111111,8,8,ACGTCAATTTTAGGGAGTGC,0,3339746
sohAp,0.1111111111111111,8,8,ACGTATAGTCTCCCCGGCTC,0,3342087
sohAp,0.1111111111111111,8,8,ACGCTAGATTCGTTCTTTCG,0,3335320
sohAp,0.1111111111111111,8,8,ACCCTCTTTTCCGGGGGTTA,0,3336010
sohAp,0.1111111111111111,8,8,ACCCAGGTGGTGCTTCTCAG,0,3334211
sohAp,0.1111111111111111,8,8,ACATATAATGGTCGTTCATT,0,3340314
sohAp,0.1111111111111111,8,8,ACATACACATCGCGTCACGG,0,3348910
sohAp,0.1111111111111111,8,8,ACAGTCTGCCCTCCGGAGTA,0,3341237
sohAp,0.1111111111111111,8,8,ACAGCCTAGACCAGACGCGC,0,3347152
sohAp,0.1111111111111111,8,8,ACAGCACCGCTGACTGCATG,0,3341642
sohAp,0.1111111111111111,8,8,ACAGAGGATGCGCGTACCAG,0,3334685
sohAp,0.1111111111111111,8,8,ACACAGTGCGGCTCATCAGA,0,3342742
sohAp,0.1111111111111111,8,8,AATTCGCAAGGACTAGATGG,0,3340362
sohAp,0.1111111111111111,8,8,AATTAGTTTCGTCCACTGGA,0,3344733
sohAp,0.1111111111111111,8,8,AATGGTCGTATGCTCGAGGG,0,3343606
sohAp,0.1111111111111111,8,8,AATGATGGCAGGTAACGTAA,0,3338726
sohAp,0.1111111111111111,8,8,AATCAATGGCCCGTCTAAAG,0,3341770
sohAp,0.1111111111111111,8,8,AATAGTGATAGACAAGACTT,0,3339001
sohAp,0.1111111111111111,8,8,AAGGTGTGAACCCATTATTG,0,3343933
sohAp,0.1111111111111111,8,8,AAGGTGCTTAAATACTAAGC,0,3354941
sohAp,0.1111111111111111,8,8,AAGAGACGTTTCTTCTACGA,0,3357841
sohAp,0.1111111111111111,8,8,AACCGTCTCTGTACTTCAAG,0,3338089
sohAp,0.1111111111111111,8,8,AACACGGATTAAAGCCTACA,0,3337860
sohAp,0.1111111111111111,8,8,AAATTCCCGTCAAGGAGCTT,0,3355258
sohAp,0.1111111111111111,8,8,AAATCAGATCTATATCCATT,0,3338456
sohAp,0.1111111111111111,8,8,AAATAAGTTAACGGTGAGCG,0,3349669
sohAp,0.1111111111111111,8,8,AAAGGGGGCCGCTGGATGGT,0,3336925
sohAp,0.1111111111111111,8,8,AAACTGCGACGTCACCGTAA,0,3334252
sohAp,0.1111111111111111,8,8,AAACGGGGTACGTATTCCCC,0,3349747
sohAp,0.1111111111111111,8,8,AAACGCTAGGTCACCCGCCT,0,3358286
sohAp,0.1111111111111111,8,8,AAAAAACACGAATAAACGTT,0,3351833
sohAp,0.125,7,7,TTTTGTTAGACCTCAAATAA,0,3354304
sohAp,0.125,7,7,TTTGTGATGCATCCTCGTGT,0,3341639
sohAp,0.125,7,7,TTTCTTCCTTTTAAGGCCTG,0,3341178
sohAp,0.125,7,7,TTTCCCGCACATCTTGGGGT,0,3335276
sohAp,0.125,7,7,TTTAGGTGTATCATATAGTC,0,3350997
sohAp,0.125,7,7,TTTAGACAGGTTTACGTTTC,0,3355932
sohAp,0.125,7,7,TTTACAGTACCGCGGAGACT,0,3340697
sohAp,0.125,7,7,TTTAATTTGATAAGGTTTGA,0,3347593
sohAp,0.125,7,7,TTGTTGTTTCGCAGTTAAAA,0,3348071
sohAp,0.125,7,7,TTGTTCAATTATGTGCGCTC,0,3355085
sohAp,0.125,7,7,TTGGTAAACTACATTGCTTA,0,3345927
sohAp,0.125,7,7,TTGGGATCGTCACAGGCGTC,0,3338042
sohAp,0.125,7,7,TTGGGAAGGATACCCTGCCA,0,3341710
sohAp,0.125,7,7,TTGAGGTCCGTCCGGAGAGA,0,3354946
sohAp,0.125,7,7,TTCGTGCAACACGAAGTTCT,0,3355296
sohAp,0.125,7,7,TTATTGGGGACAACCGGGTT,0,3349217
sohAp,0.125,7,7,TTATGCATGTTTATATTGTA,0,3339607
sohAp,0.125,7,7,TTAGGTATCGCCCTATATGC,0,3340785
sohAp,0.125,7,7,TTACGCCAATGGCTTAGTAG,0,3335948
sohAp,0.125,7,7,TTAATTATTTAAAGCAGGGA,0,3350934
sohAp,0.125,7,7,TGTTGTTCTTTGTTTATTCG,0,3340421
sohAp,0.125,7,7,TGTAACATAACGGAATTGAG,0,3348964
sohAp,0.125,7,7,TGGGGGATCGGAACCTCCAG,0,3334387
sohAp,0.125,7,7,TGGGAGAGCAATTGCCGGGT,0,3349252
sohAp,0.125,7,7,TGGCTTTGAAGCTATGGGAT,0,3336583
sohAp,0.125,7,7,TGGCTATATATACGTCTGTT,0,3343425
sohAp,0.125,7,7,TGGCCAAGGGTATTCAGTTG,0,3341083
sohAp,0.125,7,7,TGCTCAGTCGCCGAGGGAAT,0,3335138
sohAp,0.125,7,7,TGCGGGTTCCATGCCTCAAT,0,3358847
sohAp,0.125,7,7,TGCGCTTCTCGACTCAGTTC,0,3347898
sohAp,0.125,7,7,TGCACACCCTGGTAGAGGCC,0,3342047
sohAp,0.125,7,7,TGCACAATTTTTGTACGGAA,0,3346648
sohAp,0.125,7,7,TGATTGTCATACGTCGTGCT,0,3343774
sohAp,0.125,7,7,TGAAGGTGTATTAGTTGATC,0,3341125
sohAp,0.125,7,7,TGAACCCTAAATTACGTCCA,0,3342722
sohAp,0.125,7,7,TCTTTGACTCTGCACATTAG,0,3342533
sohAp,0.125,7,7,TCTTCGTGGAACGACTGTGG,0,3344349
sohAp,0.125,7,7,TCTTACGTCCGGTTGCACTA,0,3357468
sohAp,0.125,7,7,TCTAATGTTCTTCGTTTTAT,0,3353323
sohAp,0.125,7,7,TCGTTTAATACGCGTCTGAT,0,3342610
sohAp,0.125,7,7,TCGTTAAGTACAGCTGCTTG,0,3352247
sohAp,0.125,7,7,TCGTCGAGCTCACGGTGCCA,0,3338659
sohAp,0.125,7,7,TCGTACCTCTGAATGTGGTA,0,3335526
sohAp,0.125,7,7,TCGGGTAAGAGCGAGACGTA,0,3337596
sohAp,0.125,7,7,TCGCCTGCTCACCTACAGAG,0,3341736
sohAp,0.125,7,7,TCGCCGTTCATATCTCGATC,0,3347805
sohAp,0.125,7,7,TCGCAAGATTAGTAGAGAGG,0,3335210
sohAp,0.125,7,7,TCCCTGTCATGATCGGGTAA,0,3344557
sohAp,0.125,7,7,TCATTTCTTATTGGCGTCCC,0,3344947
sohAp,0.125,7,7,TCATTCATAACGGGCCGAAA,0,3352154
sohAp,0.125,7,7,TCAACCGAAGATTACCCCAT,0,3343471
sohAp,0.125,7,7,TCAAATTAAGTATTTTAGGG,0,3340162
sohAp,0.125,7,7,TATTGACTATTGTTTGAGCA,0,3347403
sohAp,0.125,7,7,TATGGATTTTATGGTAGATA,0,3346366
sohAp,0.125,7,7,TATGCATTTGATTACCGTAG,0,3352587
sohAp,0.125,7,7,TATAGTGCATGCTTGTTCGC,0,3335797
sohAp,0.125,7,7,TATACTTGTGACGTAGGGGA,0,3355759
sohAp,0.125,7,7,TATAAAGATGAAAGCAAATG,0,3334313
sohAp,0.125,7,7,TAGGGAAATGTGCTGTGTTC,0,3340692
sohAp,0.125,7,7,TAGCTCTTCATATGCGAGAT,0,3352439
sohAp,0.125,7,7,TAGATTCCCTGCCACCATAT,0,3334572
sohAp,0.125,7,7,TAGATGCTTTCCAAATCCAG,0,3349995
sohAp,0.125,7,7,TACCACCGGGCGCCGGGAAA,0,3345864
sohAp,0.125,7,7,TACATGCACACTCAGCGGAT,0,3334067
sohAp,0.125,7,7,TAATTAAGGATCTGGGCTGT,0,3340241
sohAp,0.125,7,7,TAAGTCTGGGCATAATGCCC,0,3339993
sohAp,0.125,7,7,TAAGTCATCGGCTTAACCCA,0,3345690
sohAp,0.125,7,7,TAACGCACGTCGTGGCTCAG,0,3348736
sohAp,0.125,7,7,TAACGAGTTTTGCTGTGGCC,0,3336194
sohAp,0.125,7,7,TAACAGCTCCCGTAGGGGGT,0,3357667
sohAp,0.125,7,7,TAAATCGGTGGGAATAGGAA,0,3335610
sohAp,0.125,7,7,TAAAGCTTAGCATAGGACGT,0,3340739
sohAp,0.125,7,7,TAAAGCTCCATACACCAGAC,0,3336818
sohAp,0.125,7,7,GTTTTTTGATAATTATGCAT,0,3346702
sohAp,0.125,7,7,GTTTTTGGCCAGTTTGCTAA,0,3352876
sohAp,0.125,7,7,GTTTCCTGGGTTGTCTGGGG,0,3353156
sohAp,0.125,7,7,GTTGGCGGGGTCGGCGGTGC,0,3339986
sohAp,0.125,7,7,GTTGACTCCCTTGACAAGGG,0,3351949
sohAp,0.125,7,7,GTTCTCCGGTCGGCACTAAA,0,3336240
sohAp,0.125,7,7,GTTCGGCGGCAGGTATGCAT,0,3351408
sohAp,0.125,7,7,GTTATTATAATTAATTTGCA,0,3342530
sohAp,0.125,7,7,GTTAGTAGGGTCCGAATCTA,0,3353720
sohAp,0.125,7,7,GTGTTTAGCGGTTGGCAGGG,0,3348697
sohAp,0.125,7,7,GTGGTCCAATGCTTCCTTTC,0,3350690
sohAp,0.125,7,7,GTGCATCCTCCTACTTAAGC,0,3347653
sohAp,0.125,7,7,GTGACGTGCATGCAGGGCCT,0,3336248
sohAp,0.125,7,7,GTGAACTCCGCGTTTATCGA,0,3345952
sohAp,0.125,7,7,GTCTCATCTCCGGTCTACAG,0,3349450
sohAp,0.125,7,7,GTCCATTCACACACTCAGCG,0,3358076
sohAp,0.125,7,7,GTCACACAACCGCTATATGA,0,3336621
sohAp,0.125,7,7,GTATAGAATTTATACTGGAT,0,3350996
sohAp,0.125,7,7,GTAGCAATTTATTATTCGGA,0,3351913
sohAp,0.125,7,7,GTACTTAGAGCTTTGGTACA,0,3335246
sohAp,0.125,7,7,GTACTCGATTAAATGATGAG,0,3349900
sohAp,0.125,7,7,GTAATAATCGGTCTGAATGA,0,3356341
sohAp,0.125,7,7,GTAACGGGGGGCGAATGGTA,0,3355641
sohAp,0.125,7,7,GTAACAGCGTGCGCCAGGAG,0,3356663
sohAp,0.125,7,7,GTAACACTGACGATACAGTC,0,3350055
sohAp,0.125,7,7,GTAAAAATAGTATCTCTGGA,0,3356648
sohAp,0.125,7,7,GGTTTGTGAGGAAAGCCGCT,0,3337865
sohAp,0.125,7,7,GGTTTCGGGTTGACTTGGTA,0,3347375
sohAp,0.125,7,7,GGTTAAGCGTATCAAGTAAA,0,3350731
sohAp,0.125,7,7,GGTGGCGCGGGGCTCGGACC,0,3335883
sohAp,0.125,7,7,GGTGCCGGAACGGAGCGACA,0,3358940
sohAp,0.125,7,7,GGTGCAAGGCCCTCGGACAC,0,3338606
sohAp,0.125,7,7,GGTCGGCTACGCTCTTTAGA,0,3344686
sohAp,0.125,7,7,GGTCACTTGGGGCACTCAGA,0,3341767
sohAp,0.125,7,7,GGTACCGGAACAAACTCGGT,0,3343882
sohAp,0.125,7,7,GGGTTACCGTAATGAGAGCT,0,3347286
sohAp,0.125,7,7,GGGGGACTGTATGGAAGTGT,0,3343338
sohAp,0.125,7,7,GGGGAATGCGTGAAAACAAA,0,3350369
sohAp,0.125,7,7,GGGCTGAGGTAGTTGTGGTG,0,3336738
sohAp,0.125,7,7,GGGAGCTAGGAGTCCCTTAA,0,3358707
sohAp,0.125,7,7,GGGACCCGGGGTCTAACTAA,0,3351336
sohAp,0.125,7,7,GGCTTACAGCTAAGCCTTTT,0,3340268
sohAp,0.125,7,7,GGCGACTCGAGGTAGAAACT,0,3344937
sohAp,0.125,7,7,GGCCCGCTTGACACGGATCT,0,3352881
sohAp,0.125,7,7,GGCCATACTCGGTTTGGATT,0,3350883
sohAp,0.125,7,7,GGCATTGCATACCTGGTTAT,0,3334732
sohAp,0.125,7,7,GGCATCTTTATATAGCCCTT,0,3335225
sohAp,0.125,7,7,GGCAGGTTTCATGCGATCAC,0,3334757
sohAp,0.125,7,7,GGCAGCTGTCAGAGGTGGTT,0,3353108
sohAp,0.125,7,7,GGCAACAGCAAGTCCAGGTT,0,3348681
sohAp,0.125,7,7,GGATGCACAAAGAACGACCC,0,3351449
sohAp,0.125,7,7,GCTTTGTCCGACCGGTATAG,0,3347382
sohAp,0.125,7,7,GCTTGTCATTGTTGAAACTC,0,3354169
sohAp,0.125,7,7,GCTGTGAGAAGGGTCTAAGA,0,3339792
sohAp,0.125,7,7,GCTGCGTGAATCACCGTGTA,0,3342636
sohAp,0.125,7,7,GCTCTGGCGCTCGGGAACAA,0,3358575
sohAp,0.125,7,7,GCTCCGCCGATCCTGGAGGA,0,3349720
sohAp,0.125,7,7,GCTACTTGGGGTCGATTCAT,0,3342658
sohAp,0.125,7,7,GCGTGGTACTGAGTGGCTCG,0,3337033
sohAp,0.125,7,7,GCGGTGAGTTTAGGTCCCTC,0,3337017
sohAp,0.125,7,7,GCGCCTGCGATCTACCAGGC,0,3354799
sohAp,0.125,7,7,GCGATAAAACTAGCGTAGTT,0,3349273
sohAp,0.125,7,7,GCCTTCGATACCGACCCATG,0,3342983
sohAp,0.125,7,7,GCCATATCGAAAGATTTAGG,0,3341716
sohAp,0.125,7,7,GCCAGTCAGGCTCTGCGTAC,0,3341731
sohAp,0.125,7,7,GCCAGGTAGTATGTCAGGTG,0,3345731
sohAp,0.125,7,7,GCCAACGTCGCATCCTGTCA,0,3345303
sohAp,0.125,7,7,GCATTAAGTGAGTCAAGGTG,0,3343589
sohAp,0.125,7,7,GCATTAAGAGATCCAGCACT,0,3353243
sohAp,0.125,7,7,GCATCATTTTTATTTGCTCA,0,3350060
sohAp,0.125,7,7,GCAGGACTTCGGTGGTACAG,0,3341936
sohAp,0.125,7,7,GCACAGTTTTGGTAGTTGCT,0,3339957
sohAp,0.125,7,7,GCAAACTTGACTCTTGAAAA,0,3351247
sohAp,0.125,7,7,GATGAGAATAGGTGCGGTCT,0,3343714
sohAp,0.125,7,7,GATCAATGTCTCCCAAGTTA,0,3339568
sohAp,0.125,7,7,GATACGGATAAGGCCACGAA,0,3357376
sohAp,0.125,7,7,GAGGGCACCCTCCGTTTTTG,0,3356919
sohAp,0.125,7,7,GAGGCGAACATGTAAGTAGA,0,3340809
sohAp,0.125,7,7,GACTTTTCAATCGAGGCGAT,0,3352996
sohAp,0.125,7,7,GACTGGCCGTTCGTGTTTGC,0,3334033
sohAp,0.125,7,7,GACGTGGGCATGTTAACGAC,0,3349730
sohAp,0.125,7,7,GACGGAAACGTTCAGAGGAA,0,3343968
sohAp,0.125,7,7,GACCCCGCTGTCAAGTCAGC,0,3333916
sohAp,0.125,7,7,GACCAACGGCGGAGTACCAA,0,3350440
sohAp,0.125,7,7,GACAGACTCGGGCCGAGTAG,0,3347447
sohAp,0.125,7,7,GAATAGTCAAATTAAAGGTC,0,3339372
sohAp,0.125,7,7,GAAGGATTGAGTTGACTTTG,0,3343977
sohAp,0.125,7,7,GAAGAGTTTGGCTCGACCAC,0,3350803
sohAp,0.125,7,7,GAACTGAAGCGTCGGCTCCT,0,3348676
sohAp,0.125,7,7,GAACGGTGCGGAACGAAAGA,0,3354810
sohAp,0.125,7,7,GAACCTGTTGTCGCAGAAAA,0,3359144
sohAp,0.125,7,7,GAACCAGCACGAGCCCGGTG,0,3343219
sohAp,0.125,7,7,GAACCACGTTCGACCAAGGT,0,3345555
sohAp,0.125,7,7,GAAATTATTAGGGAATTTTA,0,3340004
sohAp,0.125,7,7,CTTTGATAAACTAGGACCTG,0,3351614
sohAp,0.125,7,7,CTTGTTTTCTACTACTGCTC,0,3342855
sohAp,0.125,7,7,CTTGCTTCTTTGGTTCCTAT,0,3340534
sohAp,0.125,7,7,CTTAGCCATAAGGGGGAGGC,0,3344441
sohAp,0.125,7,7,CTTAGCAAAACCCTTCGTAC,0,3343887
sohAp,0.125,7,7,CTTAGATCGTAAAATGCTAA,0,3359085
sohAp,0.125,7,7,CTTACACCGCGGTACCTTTA,0,3354373
sohAp,0.125,7,7,CTGGGACTGGGCATCTTGGA,0,3352144
sohAp,0.125,7,7,CTGCAGTCAGGTCCTTCGTC,0,3346441
sohAp,0.125,7,7,CTGATTCCTTCGGTACTACT,0,3337157
sohAp,0.125,7,7,CTGACTGGAGTGTTTTATCA,0,3333983
sohAp,0.125,7,7,CTGACCATAAATATGTCTAA,0,3340056
sohAp,0.125,7,7,CTGAAGCGTGGCAGTTGGTA,0,3348077
sohAp,0.125,7,7,CTCTCCGGCCGGCATACAAT,0,3348699
sohAp,0.125,7,7,CTCGAGTCGTGTCTACCTGA,0,3354661
sohAp,0.125,7,7,CTCCTTTGCGCCTCGTACAT,0,3338207
sohAp,0.125,7,7,CTCCGCAGGTGCGCGTGAGA,0,3336207
sohAp,0.125,7,7,CTCACATATGCGGGCAATCC,0,3354097
sohAp,0.125,7,7,CTATGTTAGCCAGTTGGTGC,0,3342396
sohAp,0.125,7,7,CTATGGACGCTTTTATCCTG,0,3336523
sohAp,0.125,7,7,CTATCCTTGTATGGATTCGT,0,3343577
sohAp,0.125,7,7,CTAGCGCACGCCTCCTTCCG,0,3336122
sohAp,0.125,7,7,CTAGACGCCGCGACACGCGT,0,3342647
sohAp,0.125,7,7,CTAGACACTGGTATATGGGG,0,3347819
sohAp,0.125,7,7,CTAACCTAGCAATACCGTCA,0,3339867
sohAp,0.125,7,7,CGTTGGCCTAGGCGGGTCAG,0,3349539
sohAp,0.125,7,7,CGTCGCCTGGAAGTGCTACG,0,3340012
sohAp,0.125,7,7,CGTCACTCTTAGACATGGTA,0,3343905
sohAp,0.125,7,7,CGTAGGGAGCAGGGTGAAAG,0,3340251
sohAp,0.125,7,7,CGTACAAATGAGTAAACGTA,0,3336314
sohAp,0.125,7,7,CGGTGCAAAGGGTACCTGAA,0,3339301
sohAp,0.125,7,7,CGGGGCTCAGAAACGTTAGC,0,3341741
sohAp,0.125,7,7,CGGCGAGAAAGTGGACGCGT,0,3348411
sohAp,0.125,7,7,CGGCACAAGCCATATTCGCT,0,3345158
sohAp,0.125,7,7,CGCTCGGAGAGTAATTGACG,0,3335093
sohAp,0.125,7,7,CGCGTGGCGCAATGCAACTC,0,3339671
sohAp,0.125,7,7,CGCCCTACCAGGTTGAAGAT,0,3339476
sohAp,0.125,7,7,CGCAGGTTTAGTTGCCTGTC,0,3347411
sohAp,0.125,7,7,CGCACGCCGGCACTTCGCGA,0,3342228
sohAp,0.125,7,7,CGCACCTTTTTGGCGTGGAT,0,3354094
sohAp,0.125,7,7,CGATTCGTTCGCGGTACATT,0,3341577
sohAp,0.125,7,7,CGAGTTCCGCCGTTATTGGA,0,3358558
sohAp,0.125,7,7,CGAGCCCTCAGTTGCAATTT,0,3343719
sohAp,0.125,7,7,CGAGCACGCCAATTCTGCTC,0,3335496
sohAp,0.125,7,7,CGACACGTCGGCTAAGTTCG,0,3334169
sohAp,0.125,7,7,CCTTGTTGCGGCACCTTCCG,0,3349855
sohAp,0.125,7,7,CCTTGACCTGAGGAGGAGGA,0,3346968
sohAp,0.125,7,7,CCTAACCTGTTTAGTACTCA,0,3340011
sohAp,0.125,7,7,CCGCTGAGGGTACCACCCCC,0,3337571
sohAp,0.125,7,7,CCGCTCGTGTCATACAAGTT,0,3358185
sohAp,0.125,7,7,CCGCGGGGGAGTACGACACA,0,3339267
sohAp,0.125,7,7,CCGACAAGTGCAACGGCTGC,0,3346626
sohAp,0.125,7,7,CCCTGTAAATTTTGGCATGT,0,3347586
sohAp,0.125,7,7,CCCTCAGGTTACGGTTTTCA,0,3342853
sohAp,0.125,7,7,CCCTAGAGCGTAGGATAGCC,0,3349624
sohAp,0.125,7,7,CCCGGTTCCCGGCTCTGTAA,0,3337573
sohAp,0.125,7,7,CCCGGGACACTGTCTGGCGT,0,3342608
sohAp,0.125,7,7,CCCGAGAGGAAAGAATTGTA,0,3359033
sohAp,0.125,7,7,CCCCTTTGACCGTGACAGCT,0,3357177
sohAp,0.125,7,7,CCCCTTTCAAATTCACGATA,0,3358421
sohAp,0.125,7,7,CCCAGACCTGGACACTTTTC,0,3349834
sohAp,0.125,7,7,CCCAAGGATTTGTAAAAGAA,0,3346187
sohAp,0.125,7,7,CCATTGACCAAGTTCCTGGC,0,3352582
sohAp,0.125,7,7,CCATATTGCGTACCACCTTG,0,3351973
sohAp,0.125,7,7,CCAGGATCCCCGAACAGTCA,0,3351626
sohAp,0.125,7,7,CCAGCGCATCGCCCCATTAA,0,3353645
sohAp,0.125,7,7,CCAGCAAGAACACCATGACA,0,3333811
sohAp,0.125,7,7,CCACTACAGCCTGTTCACGG,0,3356018
sohAp,0.125,7,7,CCACGCTGCACAACGAAATA,0,3355121
sohAp,0.125,7,7,CCACGCCAGACCGTTGAATG,0,3353155
sohAp,0.125,7,7,CCAAACGGTCACACCGAGCA,0,3348038
sohAp,0.125,7,7,CATTTCAGAGGTGTTACTAT,0,3354465
sohAp,0.125,7,7,CATCTTGCAGAACCTTAAAC,0,3350473
sohAp,0.125,7,7,CAGTTTGCACCCATCTCTAT,0,3348286
sohAp,0.125,7,7,CAGTGCAGGCTTAGCGGCTC,0,3342926
sohAp,0.125,7,7,CAGGTCGTGGTGCGCACCAG,0,3335910
sohAp,0.125,7,7,CAGGTACGTCCTTTGAAATG,0,3351915
sohAp,0.125,7,7,CAGGGGGTTTCTGCATTAAG,0,3345385
sohAp,0.125,7,7,CAGGGACCGTGTTGGTGTCT,0,3344749
sohAp,0.125,7,7,CAGGATAGGACACCCGACTA,0,3349028
sohAp,0.125,7,7,CAGCTCTAATTCCGTAGCTT,0,3357110
sohAp,0.125,7,7,CAGCCCTCGATAATTGTAAT,0,3336489
sohAp,0.125,7,7,CAGATCCTAGCAACCTCTGT,0,3356807
sohAp,0.125,7,7,CACTTCACATATACGACTGA,0,3345325
sohAp,0.125,7,7,CACGCCTGAGGCGTTTATCA,0,3354901
sohAp,0.125,7,7,CACCAGTAAGCATGATAGTT,0,3344794
sohAp,0.125,7,7,CAATGTCTATACTGGCTTGT,0,3356565
sohAp,0.125,7,7,CAAGGCCGCACTGGAGCAAG,0,3348562
sohAp,0.125,7,7,CAAGCGTGACACGAAAGTTA,0,3354902
sohAp,0.125,7,7,CAAGACATCAATGGTTCAAG,0,3342147
sohAp,0.125,7,7,CAACTCGATTCCTACTTATG,0,3334600
sohAp,0.125,7,7,CAACTATAGAACTTGAGAAA,0,3344347
sohAp,0.125,7,7,CAACCTTAGGTGCTCTGAAT,0,3335107
sohAp,0.125,7,7,CAACAAGCGTTCTCAGGTTG,0,3354896
sohAp,0.125,7,7,CAAAAGCTGTGCGTCGAGTG,0,3341182
sohAp,0.125,7,7,ATTTCGGTTTTGTCGTTCAA,0,3351813
sohAp,0.125,7,7,ATTGTGTCTGACATTGAAGA,0,3346594
sohAp,0.125,7,7,ATTCTCGTATTGGCCTCTCG,0,3345474
sohAp,0.125,7,7,ATTCGCGCCAGTTTATTCGT,0,3349134
sohAp,0.125,7,7,ATTCGATCATTAACTAGGAC,0,3354159
sohAp,0.125,7,7,ATTCCGCCCTGACCTGATAC,0,3333693
sohAp,0.125,7,7,ATTCACGACCCACGCACAGA,0,3341001
sohAp,0.125,7,7,ATTAGGACGGAGTATCCATG,0,3336192
sohAp,0.125,7,7,ATTAATTAACAGAACAGGGA,0,3343057
sohAp,0.125,7,7,ATTAATACCTTATGCAGAGG,0,3341329
sohAp,0.125,7,7,ATGTAGCTGTATGTTACTCT,0,3335223
sohAp,0.125,7,7,ATGGTCCTCTCACGGTCAAA,0,3358632
sohAp,0.125,7,7,ATGCTGATACCAACTGATAC,0,3342326
sohAp,0.125,7,7,ATGACCCAGACATAAGTACA,0,3337493
sohAp,0.125,7,7,ATCTCCAATCCTACCGGTCT,0,3348880
sohAp,0.125,7,7,ATCTCATTCCCGGTTCTCAA,0,3335096
sohAp,0.125,7,7,ATCGTGGGGTCAAAGAGGTA,0,3340484
sohAp,0.125,7,7,ATCGTAGCAGAGTAGCCACT,0,3338984
sohAp,0.125,7,7,ATCGGGCGGGAAGCATTGTC,0,3344737
sohAp,0.125,7,7,ATATTTTAGCGTGCGTTCTT,0,3341738
sohAp,0.125,7,7,ATATTGCCGGGAGCGCATTG,0,3348368
sohAp,0.125,7,7,ATATCGAGGTAAGCTGTGTA,0,3335224
sohAp,0.125,7,7,ATAGTTACGCAATGTTTCGA,0,3354758
sohAp,0.125,7,7,ATAGCGAATGTGCATAATCG,0,3337300
sohAp,0.125,7,7,ATACGTGGAATAACCGTAGG,0,3343238
sohAp,0.125,7,7,ATAACCTATGTAACCGGTTT,0,3346622
sohAp,0.125,7,7,AGTTCCCACGGGGTAAGGAG,0,3354960
sohAp,0.125,7,7,AGTGCGATCCGTAATCGTTA,0,3355180
sohAp,0.125,7,7,AGTGCCCACTGGTAGCATCG,0,3356930
sohAp,0.125,7,7,AGTGACCGCGGGCATGTCGG,0,3339632
sohAp,0.125,7,7,AGTCGCAGGAAGGATCGTAT,0,3341668
sohAp,0.125,7,7,AGTCCACGTCTCGTCGCCAC,0,3339784
sohAp,0.125,7,7,AGGTTGAATAAGCAGATTAT,0,3334777
sohAp,0.125,7,7,AGGGGTCGCCGGTTCCTATG,0,3343033
sohAp,0.125,7,7,AGGCTCTTGGGTCGCCACAA,0,3336718
sohAp,0.125,7,7,AGGCCATACAACTCCGGAGC,0,3349810
sohAp,0.125,7,7,AGGATACGTTTCAAATGGTA,0,3350419
sohAp,0.125,7,7,AGGAAAGATAACAGGGCTAC,0,3335338
sohAp,0.125,7,7,AGCGTGGAAATCCTCCAAGG,0,3345788
sohAp,0.125,7,7,AGCCCAGTCCAGGAAAGTCA,0,3350958
sohAp,0.125,7,7,AGCATCTCTTGCGGCCATAA,0,3358837
sohAp,0.125,7,7,AGACTGCCACATCCACCCTT,0,3348920
sohAp,0.125,7,7,AGACAGTCCTGATACGCGTA,0,3345293
sohAp,0.125,7,7,AGAACTTACCATCAGTTTGA,0,3348896
sohAp,0.125,7,7,ACTTGTGACTCAGCAAGGCT,0,3333986
sohAp,0.125,7,7,ACTTCAGATGCCAGCTCTAT,0,3351775
sohAp,0.125,7,7,ACTGGAAGTAGAGCCATATC,0,3339893
sohAp,0.125,7,7,ACTGCCTAAGCATGGTCTAA,0,3336090
sohAp,0.125,7,7,ACTCGACCGCTTGCGGATTG,0,3343789
sohAp,0.125,7,7,ACGTTTCCTTCGATTGCCAC,0,3345496
sohAp,0.125,7,7,ACGGTATAAGGCTTAGAAAT,0,3343899
sohAp,0.125,7,7,ACGGCGTTCGCAGACTACTT,0,3355650
sohAp,0.125,7,7,ACGCTGACCAGCCAAGGCGC,0,3336897
sohAp,0.125,7,7,ACGCGACAGGGGCTAAGGAA,0,3337789
sohAp,0.125,7,7,ACGCGAAATGTGTGCTTGTC,0,3352723
sohAp,0.125,7,7,ACGCCGTGCGAGAGTACGGT,0,3334042
sohAp,0.125,7,7,ACGATTTCGACTCGCAGAAA,0,3339009
sohAp,0.125,7,7,ACGATCGTCTCATTCACTCT,0,3334996
sohAp,0.125,7,7,ACCTCGGCAACACGTTCACT,0,3354263
sohAp,0.125,7,7,ACCGATCAAGTCCAAATCTA,0,3350468
sohAp,0.125,7,7,ACCACACGCTGCGTGGAAAA,0,3345443
sohAp,0.125,7,7,ACCAACCCGATCCTCGTGCT,0,3356336
sohAp,0.125,7,7,ACATGCGTTGCTCGAATACA,0,3354922
sohAp,0.125,7,7,ACAGTCGTCGCAGTCTCACC,0,3336133
sohAp,0.125,7,7,ACAGCAGATCTGGATCAGGC,0,3338533
sohAp,0.125,7,7,ACAACACATAGGTTCTAGTA,0,3352231
sohAp,0.125,7,7,AATCGCGGAGCAACTATGAA,0,3337880
sohAp,0.125,7,7,AATCAGACCAGGGGACTGGT,0,3346886
sohAp,0.125,7,7,AATAGGGTCCGGTCGATGCT,0,3349594
sohAp,0.125,7,7,AAGTTTTCGCCGATATACGC,0,3354138
sohAp,0.125,7,7,AAGCTATGGAACATATCGCG,0,3346126
sohAp,0.125,7,7,AACGTTAAAAGAGGTAAGAT,0,3342159
sohAp,0.125,7,7,AACCGCGGCACAGTCCGGCT,0,3356430
sohAp,0.125,7,7,AACCGCGAACTATAACAGGG,0,3339556
sohAp,0.125,7,7,AACCGCAGTGGCTAAAGCTC,0,3356428
sohAp,0.125,7,7,AAAGGGATGAAGATTCTAAG,0,3345822
sohAp,0.125,7,7,AAAGCTTGTAAAGGGCGGCG,0,3355279
sohAp,0.125,7,7,AAAGCGTAACTCCAAACTGC,0,3353305
sohAp,0.125,7,7,AAAGCACGCTTCTGCCAGGT,0,3342364
sohAp,0.125,7,7,AAAATGAAGCGGCGTTTCAC,0,3344819
sohAp,0.125,7,7,AAAAAGAGGAGACAAACCCA,0,3343008
sohAp,0.14285714285714285,6,6,TTTTACGCCCGCCCTGCTGC,0,3334146
sohAp,0.14285714285714285,6,6,TTTTAAGTGTCGCAGCCCTA,0,3344579
sohAp,0.14285714285714285,6,6,TTTCGGAAGATGCACAGGGG,0,3336298
sohAp,0.14285714285714285,6,6,TTTCGATCCGTGTGCTGCCA,0,3349221
sohAp,0.14285714285714285,6,6,TTTAAAGCGTGTCTTTAACG,0,3338956
sohAp,0.14285714285714285,6,6,TTGTTCATACCCTGGTTCAG,0,3338705
sohAp,0.14285714285714285,6,6,TTGTGGAAAAGCTCGCGGTA,0,3340222
sohAp,0.14285714285714285,6,6,TTGTCAACCATGCATTGCCG,0,3357116
sohAp,0.14285714285714285,6,6,TTGGCATCCATCGGCACAGC,0,3334835
sohAp,0.14285714285714285,6,6,TTGCCCATAGAGGCTGGTAT,0,3355260
sohAp,0.14285714285714285,6,6,TTCTAGCCGTCTTATTGGAA,0,3350333
sohAp,0.14285714285714285,6,6,TTCCCGCAACATTGCCGGTC,0,3345053
sohAp,0.14285714285714285,6,6,TTCAGGGGCTGGGTTAAAAC,0,3337328
sohAp,0.14285714285714285,6,6,TTATCTTGCAGCGTAATTCT,0,3347880
sohAp,0.14285714285714285,6,6,TTAGGTCGAAGACGCGCCTT,0,3356995
sohAp,0.14285714285714285,6,6,TTACTATATGGCAAGGGTAT,0,3349145
sohAp,0.14285714285714285,6,6,TTACGAATGCCCGGCGAACG,0,3351574
sohAp,0.14285714285714285,6,6,TGTCCCCGGTGCGTACCATC,0,3341283
sohAp,0.14285714285714285,6,6,TGTCACATGGTAAGTCCATT,0,3335842
sohAp,0.14285714285714285,6,6,TGTACTGGCGTGGGCGGCAT,0,3355596
sohAp,0.14285714285714285,6,6,TGGTAATGCGGTTCCGAGGG,0,3347488
sohAp,0.14285714285714285,6,6,TGGGTGGAGCCCAATCAAAG,0,3349083
sohAp,0.14285714285714285,6,6,TGGGAACTTGGCGCACAGCG,0,3339903
sohAp,0.14285714285714285,6,6,TGGGAACAGCGCAAGTGAGA,0,3346106
sohAp,0.14285714285714285,6,6,TGGCGCATTGGCTACAGGTA,0,3348741
sohAp,0.14285714285714285,6,6,TGGAAAGGGTGACCATATGG,0,3354408
sohAp,0.14285714285714285,6,6,TGCTTTGTAACTCCGAAAGG,0,3348614
sohAp,0.14285714285714285,6,6,TGCTTGGATTCCGCGTTTCG,0,3355577
sohAp,0.14285714285714285,6,6,TGCGTTAAGTTAGAAAACCA,0,3348992
sohAp,0.14285714285714285,6,6,TGCGTGTAAGTCTTAGGCGT,0,3338223
sohAp,0.14285714285714285,6,6,TGCGTCCGTCAAGCTTATAT,0,3344792
sohAp,0.14285714285714285,6,6,TGCGCCAAAGGGCCACTTAT,0,3347630
sohAp,0.14285714285714285,6,6,TGCCGAAGGCATTCGGCCCG,0,3337069
sohAp,0.14285714285714285,6,6,TGCCCGTGGATAGGAAAGCA,0,3345980
sohAp,0.14285714285714285,6,6,TGCCATAACCGATGCGGTGT,0,3349943
sohAp,0.14285714285714285,6,6,TGAGCGGAAAAAACGCAGGT,0,3333742
sohAp,0.14285714285714285,6,6,TGACTTTGGCGTTCATTCCG,0,3345791
sohAp,0.14285714285714285,6,6,TGACGATTAAGGAACAAGTA,0,3337399
sohAp,0.14285714285714285,6,6,TGACGAGTGTAATTCACCGT,0,3336710
sohAp,0.14285714285714285,6,6,TGAATATACAATGGCAGGCA,0,3350951
sohAp,0.14285714285714285,6,6,TGAAGGGCAACCGTGTGCTC,0,3338635
sohAp,0.14285714285714285,6,6,TCTTTGATATAAAATAATTA,0,3337977
sohAp,0.14285714285714285,6,6,TCTTGGAAGCGGAGTGTCGT,0,3347961
sohAp,0.14285714285714285,6,6,TCTTGCATAAGTCACGGGCG,0,3352890
sohAp,0.14285714285714285,6,6,TCTGGTCGGGCATGTTCCTG,0,3355372
sohAp,0.14285714285714285,6,6,TCTGACTCTTAAAGGGCGAA,0,3347059
sohAp,0.14285714285714285,6,6,TCTCAGGGTTAATGCCGCCT,0,3342846
sohAp,0.14285714285714285,6,6,TCTCACGAGTATAGCGGGTC,0,3340368
sohAp,0.14285714285714285,6,6,TCGTTGTTGGAAGAGAGTTG,0,3352618
sohAp,0.14285714285714285,6,6,TCGGTAGACTGTATTACAGA,0,3356151
sohAp,0.14285714285714285,6,6,TCGGGTGGTTGGCACGTGAT,0,3342827
sohAp,0.14285714285714285,6,6,TCGCGCGAGTGGGTAACCGC,0,3345635
sohAp,0.14285714285714285,6,6,TCGATTGTGTGAAGTAAGCC,0,3335658
sohAp,0.14285714285714285,6,6,TCGACTTATAAACCTCCGGT,0,3354212
sohAp,0.14285714285714285,6,6,TCCTGGTGGGCTATCTCCTG,0,3334150
sohAp,0.14285714285714285,6,6,TCCGTTTCTCTGGGCCGAAT,0,3346008
sohAp,0.14285714285714285,6,6,TCCGTGGTATACGTTCTCGC,0,3345083
sohAp,0.14285714285714285,6,6,TCCGGTGAATGGAATCCCAC,0,3352107
sohAp,0.14285714285714285,6,6,TCCGCGTATCACCCGAATAG,0,3336622
sohAp,0.14285714285714285,6,6,TCCGAGCCGCCGTTATGAAT,0,3342966
sohAp,0.14285714285714285,6,6,TCCGAATCCCGTAGCGTAGG,0,3343197
sohAp,0.14285714285714285,6,6,TCCCGTTGGCTCTCGCTTGG,0,3356406
sohAp,0.14285714285714285,6,6,TCCAGCAAACCTGTTAATCA,0,3342185
sohAp,0.14285714285714285,6,6,TCCACTTGGTGATCGAACTG,0,3345600
sohAp,0.14285714285714285,6,6,TCCAACCAGGCTTTCCCCGG,0,3355020
sohAp,0.14285714285714285,6,6,TCATTCGCTAAAGTTTGACT,0,3349637
sohAp,0.14285714285714285,6,6,TCACGACTAGGATAGTGGCA,0,3334686
sohAp,0.14285714285714285,6,6,TCAACGGCTTGAATGTCCGA,0,3350181
sohAp,0.14285714285714285,6,6,TCAACGCACGGTTGTCTCAA,0,3340493
sohAp,0.14285714285714285,6,6,TATTGTTCGAGGGTGATGGC,0,3340065
sohAp,0.14285714285714285,6,6,TATGACCCTCGCAACCCCCT,0,3339076
sohAp,0.14285714285714285,6,6,TATAGGCTCAATTCGCGAAG,0,3334558
sohAp,0.14285714285714285,6,6,TATACTTTAATCTAACTGTT,0,3341357
sohAp,0.14285714285714285,6,6,TATAAGTCAACCTCTAGCGG,0,3356507
sohAp,0.14285714285714285,6,6,TAGGGTTAACTCACGGCAAG,0,3356073
sohAp,0.14285714285714285,6,6,TAGGGATCTTCGCGTTGAGC,0,3353199
sohAp,0.14285714285714285,6,6,TAGCTGATCTGCTGCATTTT,0,3343898
sohAp,0.14285714285714285,6,6,TAGCGCCGACGCAATATGAT,0,3350542
sohAp,0.14285714285714285,6,6,TAGCACCTACGGACCTCGTA,0,3335484
sohAp,0.14285714285714285,6,6,TAGAGGGGGGAAGGCGAGGT,0,3347056
sohAp,0.14285714285714285,6,6,TAGACCCTTTCTACAATTAG,0,3338090
sohAp,0.14285714285714285,6,6,TAGACAAAGCTAGGGAGTTT,0,3333887
sohAp,0.14285714285714285,6,6,TACTTTCGGCGTTCCCTCTG,0,3349035
sohAp,0.14285714285714285,6,6,TACTTCTCGCCTTAAAGAAC,0,3348620
sohAp,0.14285714285714285,6,6,TACTATGAGATTGTGTGCAA,0,3339298
sohAp,0.14285714285714285,6,6,TACGTGTCGCCGGACCTCCC,0,3334535
sohAp,0.14285714285714285,6,6,TACCTTTTAATGGCTACTGT,0,3358846
sohAp,0.14285714285714285,6,6,TACCTAGGGCAGTTCATCCT,0,3344827
sohAp,0.14285714285714285,6,6,TACCTAGACGGCAATATTAC,0,3351947
sohAp,0.14285714285714285,6,6,TAATTTAACGTTCACATACT,0,3346178
sohAp,0.14285714285714285,6,6,TAATGGGGAGTTGAATCATC,0,3339956
sohAp,0.14285714285714285,6,6,TAATGGCAGATAGTTGCATT,0,3357955
sohAp,0.14285714285714285,6,6,TAATGCGCGACTTTCTGGCG,0,3356002
sohAp,0.14285714285714285,6,6,TAATACGATCCTCTTTGCTC,0,3348333
sohAp,0.14285714285714285,6,6,TAAGTGATATGTCCAAGCAG,0,3347414
sohAp,0.14285714285714285,6,6,TAAGAGACGGGGTCGGCGTT,0,3353749
sohAp,0.14285714285714285,6,6,TAAGAACCCTTTGCCTATCA,0,3349538
sohAp,0.14285714285714285,6,6,TAAGAAAAGTTAGGCCGCTC,0,3347971
sohAp,0.14285714285714285,6,6,GTTTGCCAAATAGTATTAGA,0,3353708
sohAp,0.14285714285714285,6,6,GTTGCCAGACGAAAAGGCTT,0,3344264
sohAp,0.14285714285714285,6,6,GTTCTAACGTCCCACCCACA,0,3335862
sohAp,0.14285714285714285,6,6,GTTCGGCTGTATTCTTTCGC,0,3349502
sohAp,0.14285714285714285,6,6,GTTCAGCCGGGCTCTAAATA,0,3355191
sohAp,0.14285714285714285,6,6,GTTATACTGGGTTTTGTTTT,0,3348412
sohAp,0.14285714285714285,6,6,GTTAACTGTGATGCGCAATA,0,3336721
sohAp,0.14285714285714285,6,6,GTGTTTGTGGGCTCGCTGCG,0,3339905
sohAp,0.14285714285714285,6,6,GTGGTCTAAAAACGGTTTAG,0,3334466
sohAp,0.14285714285714285,6,6,GTGGCCCTTCGCTAGAGGTA,0,3339115
sohAp,0.14285714285714285,6,6,GTGCTGTAAGCCAGTCCGGT,0,3357670
sohAp,0.14285714285714285,6,6,GTGAGGTGTTACTGGCCACC,0,3337959
sohAp,0.14285714285714285,6,6,GTGAGATCCCCCGCCCGGTG,0,3334530
sohAp,0.14285714285714285,6,6,GTCTGACTCATAATAATACG,0,3338549
sohAp,0.14285714285714285,6,6,GTCTCGCCAGAATTAGCTAG,0,3334776
sohAp,0.14285714285714285,6,6,GTCTAAACGATTCACGTATG,0,3346279
sohAp,0.14285714285714285,6,6,GTCCTCCACAAGGCGCGGGC,0,3342106
sohAp,0.14285714285714285,6,6,GTCCATAGTTACCCTTCAGA,0,3354903
sohAp,0.14285714285714285,6,6,GTCAACAGACGCGGCTGACC,0,3352589
sohAp,0.14285714285714285,6,6,GTATCGCGATCGACAGTTGT,0,3336252
sohAp,0.14285714285714285,6,6,GTATCGATTCAACAATTCTA,0,3356820
sohAp,0.14285714285714285,6,6,GTACCCTTACTCGCACTCGT,0,3345750
sohAp,0.14285714285714285,6,6,GTACCACCCGCATGACGTGA,0,3343328
sohAp,0.14285714285714285,6,6,GTACAACATGCGAGATACAA,0,3358828
sohAp,0.14285714285714285,6,6,GTAATACATGGGTGTTGACT,0,3341758
sohAp,0.14285714285714285,6,6,GGTGTGTCTTGATACATCTA,0,3346516
sohAp,0.14285714285714285,6,6,GGTGCACTGTGGTCATAGAA,0,3357948
sohAp,0.14285714285714285,6,6,GGTCAGAGAGGTCCTCAGGT,0,3355941
sohAp,0.14285714285714285,6,6,GGTAAGTGGCTCCGTTTCAC,0,3335561
sohAp,0.14285714285714285,6,6,GGGTCTACTACATTCGTATG,0,3344096
sohAp,0.14285714285714285,6,6,GGGTACACTCGGAGCCTAAG,0,3346850
sohAp,0.14285714285714285,6,6,GGGGGGGGCAATTACCACAG,0,3343527
sohAp,0.14285714285714285,6,6,GGGGGGCTTTGTTCGGCGCA,0,3334613
sohAp,0.14285714285714285,6,6,GGGGGCAAGTGCTGTACGAT,0,3350908
sohAp,0.14285714285714285,6,6,GGGGAAGGCGACACACCTGA,0,3348821
sohAp,0.14285714285714285,6,6,GGGATGTGCGAGCCCCCTAC,0,3345495
sohAp,0.14285714285714285,6,6,GGGACAATGAGCGAGTCCTT,0,3353103
sohAp,0.14285714285714285,6,6,GGGAACATTTGTACCGAGGC,0,3352092
sohAp,0.14285714285714285,6,6,GGCTGAACCCAAAACCGCGA,0,3338399
sohAp,0.14285714285714285,6,6,GGCTCTCAGATCTTGTGGAC,0,3352662
sohAp,0.14285714285714285,6,6,GGCTCTCAACGCTGTGCAAC,0,3335197
sohAp,0.14285714285714285,6,6,GGCCAGTAGCCACGAGTGCA,0,3344691
sohAp,0.14285714285714285,6,6,GGCCAAGCAGTCTCTAGAAG,0,3356744
sohAp,0.14285714285714285,6,6,GGATATGTGGGAAAATTGTT,0,3344160
sohAp,0.14285714285714285,6,6,GGATAATTGTGGACATAAAA,0,3342489
sohAp,0.14285714285714285,6,6,GGAGCGAGGCTTTTTGTCGA,0,3353642
sohAp,0.14285714285714285,6,6,GGAGACTCAATCACGATTGT,0,3343265
sohAp,0.14285714285714285,6,6,GGACCCTTAGGGTAGAAGTG,0,3358560
sohAp,0.14285714285714285,6,6,GGACATTGTACGTTTCATCA,0,3352717
sohAp,0.14285714285714285,6,6,GGAACATTAGTGCACGTTTT,0,3346965
sohAp,0.14285714285714285,6,6,GCTTATGACTAGCTACTATC,0,3338384
sohAp,0.14285714285714285,6,6,GCTATATGTCTAATGTTTTC,0,3355355
sohAp,0.14285714285714285,6,6,GCTAAGTAATGGAAACCTGC,0,3336196
sohAp,0.14285714285714285,6,6,GCTAAGAGGTGTAATAAGGC,0,3336579
sohAp,0.14285714285714285,6,6,GCGTAGGGATCAAAGGGCTC,0,3348229
sohAp,0.14285714285714285,6,6,GCGGAAATCTAGCGGGAGGG,0,3346319
sohAp,0.14285714285714285,6,6,GCGCGATTATATCATAGCAT,0,3344823
sohAp,0.14285714285714285,6,6,GCGCCATGGGAACTGTAGGT,0,3335786
sohAp,0.14285714285714285,6,6,GCGCACGGGGTCAACCTGCA,0,3346956
sohAp,0.14285714285714285,6,6,GCGAGTGTTTTACGCTGAAA,0,3338510
sohAp,0.14285714285714285,6,6,GCCTTATGCCGTGAGCACCA,0,3351712
sohAp,0.14285714285714285,6,6,GCCGTCGTATTTGCGGCGAT,0,3346392
sohAp,0.14285714285714285,6,6,GCCGCAGTCTTCTATTTAGA,0,3355072
sohAp,0.14285714285714285,6,6,GCCCCGGGCTATTGTCTACT,0,3341903
sohAp,0.14285714285714285,6,6,GCATTATTAGTTATTGTCCG,0,3339938
sohAp,0.14285714285714285,6,6,GCATCGCCTATGTCAGGATT,0,3342653
sohAp,0.14285714285714285,6,6,GCAGTGGACTATCTACCCGA,0,3346714
sohAp,0.14285714285714285,6,6,GCAGGCCTACGCAGCCCCCA,0,3342491
sohAp,0.14285714285714285,6,6,GCAGAAATATTCGTATCCCT,0,3344568
sohAp,0.14285714285714285,6,6,GCACGGGCGCCAAGCACCGT,0,3342080
sohAp,0.14285714285714285,6,6,GCAAGTTAGTAATTGGGCAT,0,3336924
sohAp,0.14285714285714285,6,6,GCAACAGCAAGGCCACATGC,0,3356177
sohAp,0.14285714285714285,6,6,GCAAAGCGTAATTACTAAGG,0,3355610
sohAp,0.14285714285714285,6,6,GATTGTATCTGAGTTAGGAT,0,3334728
sohAp,0.14285714285714285,6,6,GATGAATTAGTATTAGAAGG,0,3353160
sohAp,0.14285714285714285,6,6,GATCGGTGCGCCACTTTCCT,0,3357199
sohAp,0.14285714285714285,6,6,GATCACAGCCCGGGGCTCGA,0,3344163
sohAp,0.14285714285714285,6,6,GATAGCCTCTAAGACGCGGG,0,3338297
sohAp,0.14285714285714285,6,6,GAGTCTACGAGCGTTACCAT,0,3355013
sohAp,0.14285714285714285,6,6,GAGTATGCACTCGTGTGTGT,0,3352777
sohAp,0.14285714285714285,6,6,GAGGGCCTCGCCGATCCAGG,0,3346161
sohAp,0.14285714285714285,6,6,GAGGGCACGGTCTTCGCCGG,0,3348214
sohAp,0.14285714285714285,6,6,GAGGGAGTTGTCGATTGTTT,0,3348388
sohAp,0.14285714285714285,6,6,GAGGCATACAGGGAATTGGG,0,3353434
sohAp,0.14285714285714285,6,6,GAGCAAGCCCTTTTCAGATG,0,3340623
sohAp,0.14285714285714285,6,6,GACTATCGACGACAAAATAG,0,3340158
sohAp,0.14285714285714285,6,6,GACGGGGTGCGAGGCGGGCA,0,3341804
sohAp,0.14285714285714285,6,6,GACCCGGCGCGTACGTAGTG,0,3334914
sohAp,0.14285714285714285,6,6,GACCACACCAATCATATACG,0,3335672
sohAp,0.14285714285714285,6,6,GACAGAACAAACGACGAATA,0,3353314
sohAp,0.14285714285714285,6,6,GAATATTGAAGGCATGTCCT,0,3347140
sohAp,0.14285714285714285,6,6,GAACATAAGTGTATTACCGA,0,3353172
sohAp,0.14285714285714285,6,6,GAAATGTCATGCTGGTATAG,0,3353895
sohAp,0.14285714285714285,6,6,GAAAGGTGTATTCTAATCAA,0,3347463
sohAp,0.14285714285714285,6,6,CTTGCGCAGCTAACACGAGA,0,3337155
sohAp,0.14285714285714285,6,6,CTTCGGCCATGCCGCGGAAT,0,3340773
sohAp,0.14285714285714285,6,6,CTTCGCTATCTTCCACCGGG,0,3358036
sohAp,0.14285714285714285,6,6,CTTCATTATGGGACATTTCT,0,3351373
sohAp,0.14285714285714285,6,6,CTTCAGGGAGTAGGTGGATC,0,3348106
sohAp,0.14285714285714285,6,6,CTTAACCGAGTCCTTCACCA,0,3347941
sohAp,0.14285714285714285,6,6,CTGTGAGGTATTAAGGGTTG,0,3342454
sohAp,0.14285714285714285,6,6,CTGGACTGGGACGCGGCCTA,0,3339436
sohAp,0.14285714285714285,6,6,CTGATAGGTACGAATTGCGA,0,3344876
sohAp,0.14285714285714285,6,6,CTGACGTTCGAACGGATCCG,0,3335275
sohAp,0.14285714285714285,6,6,CTGACGATTATTTTTTACTT,0,3351108
sohAp,0.14285714285714285,6,6,CTCTTGACTGTATCATTAGA,0,3349284
sohAp,0.14285714285714285,6,6,CTCGCGCGTGTACTTATTCA,0,3347166
sohAp,0.14285714285714285,6,6,CTCCCCGTGCTAACTCGTTG,0,3349683
sohAp,0.14285714285714285,6,6,CTCATAAGTCGAAAGAGAAT,0,3346828
sohAp,0.14285714285714285,6,6,CTCAATTATGATATCGCACC,0,3348598
sohAp,0.14285714285714285,6,6,CTATTTAGTACGCCCGATGT,0,3338676
sohAp,0.14285714285714285,6,6,CTATTACGATTGGCAAATGA,0,3347274
sohAp,0.14285714285714285,6,6,CTAAGATCATAATGCAGATC,0,3345809
sohAp,0.14285714285714285,6,6,CGTTTGTTGGAACAGAATTA,0,3357492
sohAp,0.14285714285714285,6,6,CGTTTACCAAATCTCCCGCC,0,3356795
sohAp,0.14285714285714285,6,6,CGTTCCCCAGATCGTACGTC,0,3351056
sohAp,0.14285714285714285,6,6,CGTGGGCTTCCATAGTCCGT,0,3356886
sohAp,0.14285714285714285,6,6,CGTGGGATCAAGCAAAGAAT,0,3351617
sohAp,0.14285714285714285,6,6,CGGTTTACCCATGGCTAACA,0,3334288
sohAp,0.14285714285714285,6,6,CGGTGTCCCCGGTTCCAGTA,0,3345082
sohAp,0.14285714285714285,6,6,CGGTCAATACGTGGGTAGCT,0,3352059
sohAp,0.14285714285714285,6,6,CGCTTTCGCCGACTATATTT,0,3352427
sohAp,0.14285714285714285,6,6,CGCTCTCCAGCAGACATTAA,0,3343799
sohAp,0.14285714285714285,6,6,CGCGGGCCAAGGTATTGGCA,0,3341097
sohAp,0.14285714285714285,6,6,CGCGGAACATGGGGCCGAGT,0,3338003
sohAp,0.14285714285714285,6,6,CGCCGCAAGAGTGCTAGCAT,0,3334957
sohAp,0.14285714285714285,6,6,CGCAATGCGAATCATGGTCG,0,3355131
sohAp,0.14285714285714285,6,6,CGATTTCACACATTGCTGCC,0,3342899
sohAp,0.14285714285714285,6,6,CGATGATGTGCACTACATTT,0,3349707
sohAp,0.14285714285714285,6,6,CGAGCCGCGCTATCGTCGCA,0,3338801
sohAp,0.14285714285714285,6,6,CGACCTACTCGGGGTTATCA,0,3334784
sohAp,0.14285714285714285,6,6,CGAAATTGCATATGGGGAAA,0,3351057
sohAp,0.14285714285714285,6,6,CCTTTAAGGCAGGACAATCC,0,3340554
sohAp,0.14285714285714285,6,6,CCTTGTTCTCTTGCGTTACT,0,3349640
sohAp,0.14285714285714285,6,6,CCTTGGCAGAGCTTTGCTGA,0,3351968
sohAp,0.14285714285714285,6,6,CCTTCCGTTTGCGGGGATGA,0,3355399
sohAp,0.14285714285714285,6,6,CCTGTTGCTTACGGAGTTTT,0,3355640
sohAp,0.14285714285714285,6,6,CCTGGAATTTAGTCCTATCC,0,3345230
sohAp,0.14285714285714285,6,6,CCTCGGTGCCGACTGCCATT,0,3352435
sohAp,0.14285714285714285,6,6,CCGTCAGCGGACTGGAGATT,0,3342995
sohAp,0.14285714285714285,6,6,CCGGGTATCTAGGCGATGGT,0,3358134
sohAp,0.14285714285714285,6,6,CCGGAAATGTGCCCAAGGAG,0,3344952
sohAp,0.14285714285714285,6,6,CCGCTGTACCTTACTGCGAG,0,3346254
sohAp,0.14285714285714285,6,6,CCGAGGTACTCGGACACCCT,0,3351577
sohAp,0.14285714285714285,6,6,CCCTACGAGAGGTCCCGCCC,0,3355160
sohAp,0.14285714285714285,6,6,CCCGGTGTTCTGCCAGTTCG,0,3333914
sohAp,0.14285714285714285,6,6,CCCGGACCCTATTTTGCGTT,0,3354335
sohAp,0.14285714285714285,6,6,CCCAGACGAGTGACCGGCTG,0,3350841
sohAp,0.14285714285714285,6,6,CCCAATGGGGGTCCCCATGC,0,3340810
sohAp,0.14285714285714285,6,6,CCATTACCATTCGGTAACAG,0,3344858
sohAp,0.14285714285714285,6,6,CCAGTGTATCTCCACGCACT,0,3347555
sohAp,0.14285714285714285,6,6,CCAGAGTCTAGGAATCACTA,0,3350266
sohAp,0.14285714285714285,6,6,CCAAATAACAACTGGCGAAA,0,3354222
sohAp,0.14285714285714285,6,6,CATCGCGCGGTCCACGCTTC,0,3344776
sohAp,0.14285714285714285,6,6,CATAGAGCGCACAGTCTACG,0,3339037
sohAp,0.14285714285714285,6,6,CATACAGAGGGGGATTAGGG,0,3340124
sohAp,0.14285714285714285,6,6,CAGTTGTCCAAGTTCGAGTC,0,3339899
sohAp,0.14285714285714285,6,6,CAGGTCGCACCGACAGCTCA,0,3358100
sohAp,0.14285714285714285,6,6,CAGGTAAAAAACGCTCGGTG,0,3336469
sohAp,0.14285714285714285,6,6,CAGGCAAGGCTTCCGCTCAA,0,3352915
sohAp,0.14285714285714285,6,6,CAGCATAATAATCTTTGCCT,0,3356262
sohAp,0.14285714285714285,6,6,CAGACGAGTGGCATGCGATC,0,3351113
sohAp,0.14285714285714285,6,6,CACTTCCAGCGTATACCCCG,0,3353937
sohAp,0.14285714285714285,6,6,CACTGTGTGCGATTAACGTA,0,3349307
sohAp,0.14285714285714285,6,6,CACTGACTCGAGGTCCAGCT,0,3338626
sohAp,0.14285714285714285,6,6,CACGGGAAGCGGCGCGCAGT,0,3333966
sohAp,0.14285714285714285,6,6,CACCTTCAAAATAGCACATA,0,3344175
sohAp,0.14285714285714285,6,6,CACCGTTAGAGGGCCATGTG,0,3343658
sohAp,0.14285714285714285,6,6,CACATGGGCGAACCTGCTCC,0,3349904
sohAp,0.14285714285714285,6,6,CACATCTTTAGGGTAAAGTT,0,3337814
sohAp,0.14285714285714285,6,6,CACACCCGGATTTGAGAGAC,0,3340707
sohAp,0.14285714285714285,6,6,CAATTGAGCCACGCAAGTCA,0,3343394
sohAp,0.14285714285714285,6,6,CAATGCTCCAGGTAGTGCAT,0,3346189
sohAp,0.14285714285714285,6,6,CAATCCCAAGCCCCTAAGTA,0,3344830
sohAp,0.14285714285714285,6,6,CAACAGTAGAAGAGAGGTGG,0,3348018
sohAp,0.14285714285714285,6,6,CAAACAGACGATTTATAGTG,0,3343636
sohAp,0.14285714285714285,6,6,CAAAAACGGGAGGATACATG,0,3337817
sohAp,0.14285714285714285,6,6,ATTGCGTGCAGTAGCTCGAC,0,3350577
sohAp,0.14285714285714285,6,6,ATTCCTTCCAGTTGCAAAGG,0,3344002
sohAp,0.14285714285714285,6,6,ATTACTGCTATTCTGGTTCA,0,3344770
sohAp,0.14285714285714285,6,6,ATGTATGTGTCTAACCCAAA,0,3337145
sohAp,0.14285714285714285,6,6,ATGTATCCGGTCTCTGGGTA,0,3350983
sohAp,0.14285714285714285,6,6,ATGTAGGCTTCTACGTTATT,0,3343869
sohAp,0.14285714285714285,6,6,ATGGGTATGGCTTTCCAGCG,0,3340903
sohAp,0.14285714285714285,6,6,ATGATCCAGCGGCAGTTTAT,0,3339319
sohAp,0.14285714285714285,6,6,ATGAGTCCAGCATCAAGTCA,0,3349496
sohAp,0.14285714285714285,6,6,ATCGTGTTCAAAGTCGTCTA,0,3339167
sohAp,0.14285714285714285,6,6,ATCGGCGGAGGCGTCCTATG,0,3341829
sohAp,0.14285714285714285,6,6,ATCAGTTATCTCGTCGCAAG,0,3353833
sohAp,0.14285714285714285,6,6,ATCAAGAGGAACATCAAGCG,0,3350998
sohAp,0.14285714285714285,6,6,ATAGCAGGTAGTGGCACGGG,0,3340924
sohAp,0.14285714285714285,6,6,ATACTTAATGTCGTTAGGCG,0,3335966
sohAp,0.14285714285714285,6,6,ATACGATGGGAGATGATTGA,0,3350200
sohAp,0.14285714285714285,6,6,ATAATCGGGCACTGTGAGTA,0,3335365
sohAp,0.14285714285714285,6,6,AGTTTGACTGCGACCTAAGA,0,3348717
sohAp,0.14285714285714285,6,6,AGTTTAGTACTAAACGCTTC,0,3348899
sohAp,0.14285714285714285,6,6,AGTTGTACGCACTTCGGAGC,0,3349166
sohAp,0.14285714285714285,6,6,AGTCCCCTCTGGCAAGGGTG,0,3356716
sohAp,0.14285714285714285,6,6,AGTATACGCCCCACGAAGTC,0,3341177
sohAp,0.14285714285714285,6,6,AGGTTCTCATCTCCGGAGAT,0,3334337
sohAp,0.14285714285714285,6,6,AGGTCCTGATGTTTCGCGCA,0,3346378
sohAp,0.14285714285714285,6,6,AGGGGCCTGAACTAGGATTA,0,3336954
sohAp,0.14285714285714285,6,6,AGGGAGGTTTGGCGGTCAGG,0,3335031
sohAp,0.14285714285714285,6,6,AGGCTTCGGTTAACGTATCC,0,3355092
sohAp,0.14285714285714285,6,6,AGGCCGGGCCGAGCATACAT,0,3338673
sohAp,0.14285714285714285,6,6,AGGCCCTTCCGTCTGATCGG,0,3350215
sohAp,0.14285714285714285,6,6,AGGCCAGAGTGAATATTATT,0,3342521
sohAp,0.14285714285714285,6,6,AGGAGAACACTCGTTGGTAA,0,3356566
sohAp,0.14285714285714285,6,6,AGGACCACTGGAGTGCCTTC,0,3358494
sohAp,0.14285714285714285,6,6,AGGAAGGTGAGGACGAAAGT,0,3350154
sohAp,0.14285714285714285,6,6,AGCGCTGGGTAACAATTGCA,0,3349884
sohAp,0.14285714285714285,6,6,AGCCTTAGAACATATTGCGT,0,3340271
sohAp,0.14285714285714285,6,6,AGCCCACCTGCGCTTTGTAA,0,3353363
sohAp,0.14285714285714285,6,6,AGATGGTTCGATACGATCTG,0,3337550
sohAp,0.14285714285714285,6,6,ACTTGTGCGGACGCATCTTG,0,3351043
sohAp,0.14285714285714285,6,6,ACTTAGCGCATCATACAGAT,0,3336305
sohAp,0.14285714285714285,6,6,ACTTAAGCGTGGTTAGTATA,0,3336249
sohAp,0.14285714285714285,6,6,ACTCTGGTAGATAGAACAGG,0,3334857
sohAp,0.14285714285714285,6,6,ACTCTCCTTCGTTAGGAGCA,0,3348257
sohAp,0.14285714285714285,6,6,ACTCAAACCTCGATGGGGTA,0,3333990
sohAp,0.14285714285714285,6,6,ACTATTTATTAAGATTTTGA,0,3347920
sohAp,0.14285714285714285,6,6,ACTATAGGGGCTTAGGCATT,0,3340139
sohAp,0.14285714285714285,6,6,ACTAGGGGCGTAGCTGTACG,0,3340653
sohAp,0.14285714285714285,6,6,ACGTTTCTTCACCATCAGTA,0,3343517
sohAp,0.14285714285714285,6,6,ACGGGCCAGCTCGAACTTTT,0,3355607
sohAp,0.14285714285714285,6,6,ACGGCCGATCACGCCGGTCT,0,3344094
sohAp,0.14285714285714285,6,6,ACGCTGTACTTAGTACAAGC,0,3350126
sohAp,0.14285714285714285,6,6,ACGCGTTTGTAGGTACATGG,0,3337461
sohAp,0.14285714285714285,6,6,ACGCCTGCGCGGCAAGCAAG,0,3355978
sohAp,0.14285714285714285,6,6,ACGAGAGTTCCCGTTTTAGT,0,3351060
sohAp,0.14285714285714285,6,6,ACGACAAGATCAACGAAGGG,0,3348518
sohAp,0.14285714285714285,6,6,ACCCACGGTTGTCGGCCGCG,0,3339334
sohAp,0.14285714285714285,6,6,ACATTCCGCAAAAGTTGACG,0,3336313
sohAp,0.14285714285714285,6,6,ACATTATCAGCATAAACGGG,0,3355104
sohAp,0.14285714285714285,6,6,ACATAACAATCACGGGCGAG,0,3336091
sohAp,0.14285714285714285,6,6,ACAGCTTAATGTATAGGATT,0,3334459
sohAp,0.14285714285714285,6,6,ACAACTAAGTGAGGCGCAAC,0,3347733
sohAp,0.14285714285714285,6,6,AATTTTTACAAGGTGAGATG,0,3358576
sohAp,0.14285714285714285,6,6,AATTAAAATTCTCGCGATGT,0,3346583
sohAp,0.14285714285714285,6,6,AATAGGATTCGCTTAACATC,0,3351863
sohAp,0.14285714285714285,6,6,AAGTGTCAGCACACACTTCC,0,3358539
sohAp,0.14285714285714285,6,6,AAGTGAGCATATCGGACGTC,0,3343370
sohAp,0.14285714285714285,6,6,AAGTAGCACTTATCTCCGCG,0,3339841
sohAp,0.14285714285714285,6,6,AAGGTGGCCGGGGTGTTAGG,0,3352707
sohAp,0.14285714285714285,6,6,AAGGGATCGAAATTAGACGT,0,3343202
sohAp,0.14285714285714285,6,6,AAGGAGTAACAACTGTCCGT,0,3343415
sohAp,0.14285714285714285,6,6,AAGCCGGGATCTGATGCATG,0,3334998
sohAp,0.14285714285714285,6,6,AAGCATGTTAACGCCGACGA,0,3353746
sohAp,0.14285714285714285,6,6,AACTTTCAATACCAACGTTC,0,3338763
sohAp,0.14285714285714285,6,6,AACTCAGCAGGACGTAAGAG,0,3354536
sohAp,0.14285714285714285,6,6,AAATGTCACGAGAGCCTCCG,0,3336758
sohAp,0.14285714285714285,6,6,AAATGAGAGAGTAATTCCCA,0,3344354
sohAp,0.14285714285714285,6,6,AAATGACTTATGCTCGCCGG,0,3345748
sohAp,0.14285714285714285,6,6,AAAGCGCAGGTGGTATCCAT,0,3349623
sohAp,0.14285714285714285,6,6,AAAGCCCAGATAGAAGTGCG,0,3342148
sohAp,0.14285714285714285,6,6,AAAGACCTATATAGTGATTA,0,3339785
sohAp,0.16666666666666666,5,5,TTTTGATCCATCGATTAGCA,0,3349385
sohAp,0.16666666666666666,5,5,TTTTATTATGAGTTTTCGCA,0,3350397
sohAp,0.16666666666666666,5,5,TTTGTCTACCCACGGATATT,0,3334885
sohAp,0.16666666666666666,5,5,TTTCGCCAAAGGGTATACGC,0,3344935
sohAp,0.16666666666666666,5,5,TTTCCTAAGAATGGTTTAGT,0,3346001
sohAp,0.16666666666666666,5,5,TTTCCGTGACTGGCCATAAA,0,3335856
sohAp,0.16666666666666666,5,5,TTTATCTTTGATACCGCGGA,0,3350815
sohAp,0.16666666666666666,5,5,TTGTGTAGACCGTCTTTAGC,0,3338250
sohAp,0.16666666666666666,5,5,TTGTAGTGCCTCTTGGCACA,0,3335606
sohAp,0.16666666666666666,5,5,TTGGGTGATTGGGTAAGCAG,0,3336065
sohAp,0.16666666666666666,5,5,TTGGGACGCTCTTGTGGACG,0,3343818
sohAp,0.16666666666666666,5,5,TTGGAGAGCTCCAGTGGTAG,0,3340504
sohAp,0.16666666666666666,5,5,TTGCTTGGGTGTTAAGACTT,0,3338212
sohAp,0.16666666666666666,5,5,TTGAGGTCGATGGTAAACAA,0,3350587
sohAp,0.16666666666666666,5,5,TTGAAATTTTTTCAATATGA,0,3345367
sohAp,0.16666666666666666,5,5,TTCTCCTTTATACAGGTGGA,0,3354057
sohAp,0.16666666666666666,5,5,TTCTCCATATAATCTGCTTT,0,3351024
sohAp,0.16666666666666666,5,5,TTCGCGATGCCACACCCTCT,0,3337983
sohAp,0.16666666666666666,5,5,TTCGCGAACGTCGAGCAATT,0,3351613
sohAp,0.16666666666666666,5,5,TTCGCAGGAGCTTGTTCCTT,0,3336417
sohAp,0.16666666666666666,5,5,TTCGATCTCTTTCGGACGCT,0,3343201
sohAp,0.16666666666666666,5,5,TTCCTGCGATACGTTCGTTG,0,3354696
sohAp,0.16666666666666666,5,5,TTCAGCGAGGCTTTTAGTAA,0,3353965
sohAp,0.16666666666666666,5,5,TTAGTCTGTGTGACACTGTC,0,3340540
sohAp,0.16666666666666666,5,5,TTAGGCTCCATCCTGAGAGT,0,3345318
sohAp,0.16666666666666666,5,5,TTAGAATTAACATCATATTA,0,3347244
sohAp,0.16666666666666666,5,5,TTACTGGTTCATAGAAGTGT,0,3342749
sohAp,0.16666666666666666,5,5,TTACGATGGCGATGATTCTG,0,3342798
sohAp,0.16666666666666666,5,5,TTACGAATACAGAACCGTAT,0,3343662
sohAp,0.16666666666666666,5,5,TTAAGTTCGATTACATAGAT,0,3349493
sohAp,0.16666666666666666,5,5,TTAAGTAATGAGCATTGTTG,0,3358044
sohAp,0.16666666666666666,5,5,TTAACATGGTTAGTGCGGCA,0,3348381
sohAp,0.16666666666666666,5,5,TTAAATCAAAAAATAAAGGT,0,3334278
sohAp,0.16666666666666666,5,5,TTAAAGATGGCACAGCTATC,0,3349800
sohAp,0.16666666666666666,5,5,TTAAAACCTCATTCCTCCAA,0,3338036
sohAp,0.16666666666666666,5,5,TGTGGGCGGCACTGTGAAGC,0,3335282
sohAp,0.16666666666666666,5,5,TGTCAGCTTGTTTCAAACCA,0,3347496
sohAp,0.16666666666666666,5,5,TGTACGCGACTGTACCACAG,0,3341094
sohAp,0.16666666666666666,5,5,TGTAAAGAATTGGGATGGAT,0,3356913
sohAp,0.16666666666666666,5,5,TGGTTGGTTTACGATGCAAG,0,3343156
sohAp,0.16666666666666666,5,5,TGGTTACAGTTAGTCGGCGT,0,3340933
sohAp,0.16666666666666666,5,5,TGGTGTGTGGCACAAGGTTT,0,3338412
sohAp,0.16666666666666666,5,5,TGGTACATTCAACCCATGTG,0,3343470
sohAp,0.16666666666666666,5,5,TGGTAAGGACGCCCGAAAAC,0,3351027
sohAp,0.16666666666666666,5,5,TGGGTAGATCTCACTATGTC,0,3346482
sohAp,0.16666666666666666,5,5,TGGGGTACACATACATCCCC,0,3347597
sohAp,0.16666666666666666,5,5,TGGGCGTCCCCAGGTGCCCT,0,3358642
sohAp,0.16666666666666666,5,5,TGGGAGTATAGCTTCGTTTT,0,3349041
sohAp,0.16666666666666666,5,5,TGGGAGCAACGGGCAGAAGT,0,3349890
sohAp,0.16666666666666666,5,5,TGGCTATATGCCTGATCGGA,0,3356654
sohAp,0.16666666666666666,5,5,TGGCCGGCGCTAATCGTTTA,0,3341214
sohAp,0.16666666666666666,5,5,TGGCCGCTAATATTTGGCTC,0,3336146
sohAp,0.16666666666666666,5,5,TGGATGCGGAAAACTGGTTC,0,3351637
sohAp,0.16666666666666666,5,5,TGGAAATCCTTAACATGCAC,0,3355976
sohAp,0.16666666666666666,5,5,TGCTCACGCATATGTCCATC,0,3341742
sohAp,0.16666666666666666,5,5,TGCGGGTGCTTCGCGTCAAT,0,3344183
sohAp,0.16666666666666666,5,5,TGCGCCACCGGCCATCGGAT,0,3351379
sohAp,0.16666666666666666,5,5,TGCGAATATTGTATTTTGTA,0,3357421
sohAp,0.16666666666666666,5,5,TGCGAAACGCCGTAACATAT,0,3340111
sohAp,0.16666666666666666,5,5,TGCCTGATGTCACTATACCT,0,3358722
sohAp,0.16666666666666666,5,5,TGCCAGGGGACCCCGCCGGC,0,3348886
sohAp,0.16666666666666666,5,5,TGCAAGTGTTGTGTCGGTCT,0,3344620
sohAp,0.16666666666666666,5,5,TGATTTCAGTGGGCTGCCTT,0,3355600
sohAp,0.16666666666666666,5,5,TGATGGGTTCTCAAAGGTAT,0,3349709
sohAp,0.16666666666666666,5,5,TGATCCAGAGTCGTAATGAA,0,3345747
sohAp,0.16666666666666666,5,5,TGAGGTTGGGAGTAAGGGAT,0,3340395
sohAp,0.16666666666666666,5,5,TGAGCAGCTTTCTGTTGCAA,0,3335322
sohAp,0.16666666666666666,5,5,TGAGAAGGCCGTAAGATTAT,0,3337177
sohAp,0.16666666666666666,5,5,TCTTTGATATCGTCCTCAGG,0,3347470
sohAp,0.16666666666666666,5,5,TCTTTATTTTTAGCGAGCAT,0,3338453
sohAp,0.16666666666666666,5,5,TCTGTTCTTGAATCCGCTAC,0,3354041
sohAp,0.16666666666666666,5,5,TCTGGGTCCGTCTCCTGAGC,0,3353878
sohAp,0.16666666666666666,5,5,TCTGCTCTTAAAGGGAACGT,0,3340813
sohAp,0.16666666666666666,5,5,TCTCGTTGCAATCCCTGCAG,0,3349809
sohAp,0.16666666666666666,5,5,TCTCGAGAATCGAATCCGTC,0,3340634
sohAp,0.16666666666666666,5,5,TCTCATAGGACGTCAGCCGG,0,3340698
sohAp,0.16666666666666666,5,5,TCTATGTACGCGGACTTATC,0,3338599
sohAp,0.16666666666666666,5,5,TCTAAACGCCAATAGGCTGG,0,3334152
sohAp,0.16666666666666666,5,5,TCGTGCTAATCGTGTGCTCT,0,3336153
sohAp,0.16666666666666666,5,5,TCGTCATGCGTGCGGATCCC,0,3340510
sohAp,0.16666666666666666,5,5,TCGGTCGCAACGAGGTGTGG,0,3333699
sohAp,0.16666666666666666,5,5,TCGGCCGCTCACGTCGTCCA,0,3355726
sohAp,0.16666666666666666,5,5,TCGCTCCGCCTTGGGCAGTC,0,3344530
sohAp,0.16666666666666666,5,5,TCCTCAATCTGGTATCTTAT,0,3337144
sohAp,0.16666666666666666,5,5,TCCTATCGCTCGGAATATTC,0,3351466
sohAp,0.16666666666666666,5,5,TCCCTCACACGTGCTTCGGT,0,3354944
sohAp,0.16666666666666666,5,5,TCCAGTTGTTTAACAATGGA,0,3335118
sohAp,0.16666666666666666,5,5,TCCACATGGGGGATAGTGGC,0,3348426
sohAp,0.16666666666666666,5,5,TCATCGCGACCACAGTCGAC,0,3345156
sohAp,0.16666666666666666,5,5,TCATCATTACTAGCTACCGA,0,3345913
sohAp,0.16666666666666666,5,5,TCATAATATAGGACTATTTT,0,3341455
sohAp,0.16666666666666666,5,5,TCAGTACTTGAAATTATCTT,0,3339813
sohAp,0.16666666666666666,5,5,TCACTCCGTCCTAATATGTA,0,3338000
sohAp,0.16666666666666666,5,5,TCACTACTGTAGATAATAAA,0,3339909
sohAp,0.16666666666666666,5,5,TCACGTGACATTAACTGCAA,0,3339594
sohAp,0.16666666666666666,5,5,TCACACCAAGATCTCGTGTT,0,3354229
sohAp,0.16666666666666666,5,5,TCAAGGTTGTTTGGTCACCC,0,3344494
sohAp,0.16666666666666666,5,5,TCAAACCGGCACGCGGGCTA,0,3336645
sohAp,0.16666666666666666,5,5,TCAAAATGTTAAGGGACCTT,0,3346561
sohAp,0.16666666666666666,5,5,TATGAAGTGTGCTTTGTCGG,0,3348389
sohAp,0.16666666666666666,5,5,TATAGGCTACCAGACCCGGG,0,3356851
sohAp,0.16666666666666666,5,5,TATAACGGCTTAAAACGGAC,0,3343375
sohAp,0.16666666666666666,5,5,TAGGGAAAGTGCAATTCACA,0,3347290
sohAp,0.16666666666666666,5,5,TAGGCTGCAATAACTGTTCA,0,3349383
sohAp,0.16666666666666666,5,5,TAGCCTTATAGGAACCATGA,0,3337366
sohAp,0.16666666666666666,5,5,TACGACACCGGCTCCCTGTA,0,3335794
sohAp,0.16666666666666666,5,5,TACCTGACTCGTCAGGAAAG,0,3345183
sohAp,0.16666666666666666,5,5,TACCACCAGCGCACGCATGA,0,3353546
sohAp,0.16666666666666666,5,5,TACAACTGTCCTAGGTGATG,0,3338700
sohAp,0.16666666666666666,5,5,TACAAATCACACCCAAAGGG,0,3345419
sohAp,0.16666666666666666,5,5,TAATTGTCGGCACCCTAGTC,0,3346514
sohAp,0.16666666666666666,5,5,TAACAGTCGTATAAGGACCT,0,3356290
sohAp,0.16666666666666666,5,5,TAAACTCGAGTGCAGGCTCC,0,3340558
sohAp,0.16666666666666666,5,5,GTTGGTACACCGCTTCTTCA,0,3337893
sohAp,0.16666666666666666,5,5,GTTCGGAGATCTCCGAATTG,0,3338044
sohAp,0.16666666666666666,5,5,GTTCGCCAAATCCCACTCCC,0,3352230
sohAp,0.16666666666666666,5,5,GTTCCAACTGTACGTCTAAA,0,3340226
sohAp,0.16666666666666666,5,5,GTTAACTGTCCGGGTCTTAA,0,3358921
sohAp,0.16666666666666666,5,5,GTGTGGTATTTCTCTACAGA,0,3342917
sohAp,0.16666666666666666,5,5,GTGTCTTTTAAACATAAAGG,0,3344343
sohAp,0.16666666666666666,5,5,GTGTCTGTTGTCACACATGC,0,3341556
sohAp,0.16666666666666666,5,5,GTGTATGCGTTTAGGTTGCA,0,3353428
sohAp,0.16666666666666666,5,5,GTGGGACATCCTTAACTGGT,0,3349047
sohAp,0.16666666666666666,5,5,GTGGATCGATGTGTCCCCCG,0,3341053
sohAp,0.16666666666666666,5,5,GTGCTTAGTTTTCCGAATAA,0,3346414
sohAp,0.16666666666666666,5,5,GTGCGTTGATCGTCAGCAAT,0,3340905
sohAp,0.16666666666666666,5,5,GTGCGCAAACATCGCTGGTG,0,3336053
sohAp,0.16666666666666666,5,5,GTGCCTATTTGAGCGAATTA,0,3339221
sohAp,0.16666666666666666,5,5,GTGCAGTTTGGCCTTTTATT,0,3333861
sohAp,0.16666666666666666,5,5,GTGAGTACAAACGGTGACTG,0,3345828
sohAp,0.16666666666666666,5,5,GTCTCGGGATTTTGCGGGAT,0,3354042
sohAp,0.16666666666666666,5,5,GTCGTCTTATGAGAGAGATA,0,3346024
sohAp,0.16666666666666666,5,5,GTCCACCGTGTGCCGAAGTT,0,3351366
sohAp,0.16666666666666666,5,5,GTCCAACGACCGCAATTCGG,0,3345107
sohAp,0.16666666666666666,5,5,GTCATCATGCTCGCGTTTAC,0,3352491
sohAp,0.16666666666666666,5,5,GTCAGTCTTATCCGCCCATC,0,3353739
sohAp,0.16666666666666666,5,5,GTCAAGGGTCAGACAGCTGT,0,3350290
sohAp,0.16666666666666666,5,5,GTATGACTTTGCGAGTGAAC,0,3335191
sohAp,0.16666666666666666,5,5,GTATAGGGCAACCTAAGGGT,0,3357798
sohAp,0.16666666666666666,5,5,GTAGATTTGCGACGGAACGG,0,3349756
sohAp,0.16666666666666666,5,5,GTACTCAAGCGTGCACGCCC,0,3343623
sohAp,0.16666666666666666,5,5,GTAATATGGTCCTGCCACAG,0,3356557
sohAp,0.16666666666666666,5,5,GTAACCAGGGCTTTAAACAT,0,3346930
sohAp,0.16666666666666666,5,5,GGTTCTTTACCACTCCTGCA,0,3358541
sohAp,0.16666666666666666,5,5,GGTGCCGTCTAGGACGCACT,0,3336862
sohAp,0.16666666666666666,5,5,GGTGAGTGATCTACGACAGT,0,3336962
sohAp,0.16666666666666666,5,5,GGTCCACTGTTATTGGCTTG,0,3351438
sohAp,0.16666666666666666,5,5,GGGTTATGGTCACACAGCAG,0,3337129
sohAp,0.16666666666666666,5,5,GGGGTTGTTATTTTGACTAC,0,3342881
sohAp,0.16666666666666666,5,5,GGGGCTGACCGCGTAGCACC,0,3341887
sohAp,0.16666666666666666,5,5,GGGCTATTGAGCGCTACAGA,0,3338130
sohAp,0.16666666666666666,5,5,GGGCAGCGTCCCAGTCCTAC,0,3336503
sohAp,0.16666666666666666,5,5,GGGAGAGAGCGAGACGTAGT,0,3338972
sohAp,0.16666666666666666,5,5,GGGACATCTAGCCCCGGCCA,0,3339855
sohAp,0.16666666666666666,5,5,GGCTTATAATGTATATAGAA,0,3349754
sohAp,0.16666666666666666,5,5,GGCTGCTCATCGAAACGCTG,0,3334808
sohAp,0.16666666666666666,5,5,GGCTGAAGCAAAACAAGATT,0,3352746
sohAp,0.16666666666666666,5,5,GGCGTCTACGTCGAGGGACA,0,3357224
sohAp,0.16666666666666666,5,5,GGCGGGGGTGGGAGGTGTTT,0,3356789
sohAp,0.16666666666666666,5,5,GGCCGTAGCACCAATGCTAC,0,3335430
sohAp,0.16666666666666666,5,5,GGCCCGGGGACCAGTCTGGC,0,3350498
sohAp,0.16666666666666666,5,5,GGCACATGGTCGGGTGGTCC,0,3358087
sohAp,0.16666666666666666,5,5,GGATGACTCGTCACTAGGAA,0,3348661
sohAp,0.16666666666666666,5,5,GGATCCACCATGCGGGCGCG,0,3334663
sohAp,0.16666666666666666,5,5,GGATCAGAACGGGACTTCTT,0,3339812
sohAp,0.16666666666666666,5,5,GGAGGGATGTTCGATTGACG,0,3344925
sohAp,0.16666666666666666,5,5,GGAGCTGGACACCTTGATCT,0,3342056
sohAp,0.16666666666666666,5,5,GGAGAGAGACAACGACTTAT,0,3340081
sohAp,0.16666666666666666,5,5,GGACGTTGCAGTCCTATTGC,0,3350340
sohAp,0.16666666666666666,5,5,GGACGAACGACTTGCAAAGA,0,3338869
sohAp,0.16666666666666666,5,5,GGACCGTACGCGAGGTGCGG,0,3337920
sohAp,0.16666666666666666,5,5,GGACACCCGGTCTTCGCTAT,0,3349225
sohAp,0.16666666666666666,5,5,GGAATTGGAACAAGAGCCGT,0,3342294
sohAp,0.16666666666666666,5,5,GGAACATATAAGTTGCAAAC,0,3348081
sohAp,0.16666666666666666,5,5,GCTGTTCGCTAGAGAGATAA,0,3349899
sohAp,0.16666666666666666,5,5,GCTGCGACAGTTACCCAGCT,0,3351324
sohAp,0.16666666666666666,5,5,GCTCGGGGTGTCGCTGGCTA,0,3342907
sohAp,0.16666666666666666,5,5,GCTAATCTTTTGGGTTCGTA,0,3339603
sohAp,0.16666666666666666,5,5,GCGTTTCTGTCAGCCTCAGT,0,3337518
sohAp,0.16666666666666666,5,5,GCGGTGATCATTGAAACCAG,0,3353453
sohAp,0.16666666666666666,5,5,GCGCTGGATGGCTTCAGTCG,0,3343085
sohAp,0.16666666666666666,5,5,GCGCGAATACCCGCACATGT,0,3338461
sohAp,0.16666666666666666,5,5,GCGCAAATGATTCATCCGAA,0,3338492
sohAp,0.16666666666666666,5,5,GCGATTCGGCGATCCTACCG,0,3341119
sohAp,0.16666666666666666,5,5,GCGAGTAGGAGGCTTAAGGG,0,3349120
sohAp,0.16666666666666666,5,5,GCCTAGGACATTGAGAACAC,0,3335099
sohAp,0.16666666666666666,5,5,GCCCGTCAACATTCTCGTCA,0,3346177
sohAp,0.16666666666666666,5,5,GCCCGCACGCCACCTGTCAA,0,3352301
sohAp,0.16666666666666666,5,5,GCCAAGGCCATTATCCTGAA,0,3357810
sohAp,0.16666666666666666,5,5,GCATTACTGTCTTAGAGGAC,0,3342420
sohAp,0.16666666666666666,5,5,GCATGGCCGGAATGCTGCTA,0,3340792
sohAp,0.16666666666666666,5,5,GCATGGAGGGGACAAGGCAC,0,3347698
sohAp,0.16666666666666666,5,5,GCATGCTGCTAGGTGCCTCA,0,3356874
sohAp,0.16666666666666666,5,5,GCATCGTAAGCGAGAGTCCC,0,3343612
sohAp,0.16666666666666666,5,5,GCAGATTGTTAGAATATGAC,0,3344371
sohAp,0.16666666666666666,5,5,GCACGCGTAGGAGCGCGAGC,0,3343881
sohAp,0.16666666666666666,5,5,GCACCACTATTCCGGCAATG,0,3351746
sohAp,0.16666666666666666,5,5,GCACATTTCCTACTCCTTCT,0,3351601
sohAp,0.16666666666666666,5,5,GCACAGTTGAACAACGTCCG,0,3341128
sohAp,0.16666666666666666,5,5,GCAATCCCGTGGGCCACAAG,0,3347565
sohAp,0.16666666666666666,5,5,GCAACTCCACTGAAAGTGGA,0,3350216
sohAp,0.16666666666666666,5,5,GCAACCGATAGGGTCAGGTC,0,3358096
sohAp,0.16666666666666666,5,5,GCAACAGGCCCAACGTGGAG,0,3340650
sohAp,0.16666666666666666,5,5,GATTTAAGCTTCCGTGAGAT,0,3350043
sohAp,0.16666666666666666,5,5,GATTGTGCAACGCTATAGTT,0,3346490
sohAp,0.16666666666666666,5,5,GATTGACGCTATATGGGTGT,0,3353927
sohAp,0.16666666666666666,5,5,GATCTTGATCCTCAACGCCG,0,3352882
sohAp,0.16666666666666666,5,5,GATCGAGATAAACCTCCGGT,0,3350277
sohAp,0.16666666666666666,5,5,GATAGGACTTAATCGACACT,0,3357055
sohAp,0.16666666666666666,5,5,GATACCACTAGATTTCGTTA,0,3343442
sohAp,0.16666666666666666,5,5,GATAATGAACCCTCACCCAT,0,3333868
sohAp,0.16666666666666666,5,5,GATAACCGGACGGCAACCTC,0,3356645
sohAp,0.16666666666666666,5,5,GAGTTAAAAAGAATGTCCAC,0,3343764
sohAp,0.16666666666666666,5,5,GAGTCCATGCCAATGCACAG,0,3335323
sohAp,0.16666666666666666,5,5,GAGGGTGCATGTTAACACTC,0,3349616
sohAp,0.16666666666666666,5,5,GAGGGAGGTGATGCACGCGG,0,3356895
sohAp,0.16666666666666666,5,5,GAGGAGTATTTCATATTGTA,0,3348494
sohAp,0.16666666666666666,5,5,GAGCTCTGGAATGCTCAGGA,0,3347735
sohAp,0.16666666666666666,5,5,GAGCGAGACGATAGGGGCGG,0,3348618
sohAp,0.16666666666666666,5,5,GAGATTCCGACCAACCTGAT,0,3339543
sohAp,0.16666666666666666,5,5,GAGATCTAAATAACCTGAAC,0,3352940
sohAp,0.16666666666666666,5,5,GACTTCGCTAACTTATAGCT,0,3355080
sohAp,0.16666666666666666,5,5,GACTTATATCGCGCATGGCT,0,3343946
sohAp,0.16666666666666666,5,5,GACTGGAAGCCTTGATGTCA,0,3349116
sohAp,0.16666666666666666,5,5,GACTAATTCTTTACGCCACA,0,3338924
sohAp,0.16666666666666666,5,5,GACGGTACTTAGGTCTGTCA,0,3343490
sohAp,0.16666666666666666,5,5,GACGCAGCGGCTAGGTAGCT,0,3355484
sohAp,0.16666666666666666,5,5,GACCCCGTTGGGCACTAACA,0,3351231
sohAp,0.16666666666666666,5,5,GACACCCTCGGTAGCAGTAT,0,3355801
sohAp,0.16666666666666666,5,5,GACAACGACACCTGTTGTGA,0,3347689
sohAp,0.16666666666666666,5,5,GAATTCCCCTCGAAAGCAGG,0,3357001
sohAp,0.16666666666666666,5,5,GAATCCATTGGTCACCGGGT,0,3350380
sohAp,0.16666666666666666,5,5,GAATACCTTTTTATGCATAG,0,3341532
sohAp,0.16666666666666666,5,5,GAAGGCGTACGAAAACGTTG,0,3354939
sohAp,0.16666666666666666,5,5,GAACGATGATACGAAATGTG,0,3345225
sohAp,0.16666666666666666,5,5,GAAAGAACTGATGTCGTCAC,0,3338669
sohAp,0.16666666666666666,5,5,GAAACCTATCGGGGGGAGCT,0,3335977
sohAp,0.16666666666666666,5,5,CTTTTTGGCGTTCTTTGAGG,0,3356552
sohAp,0.16666666666666666,5,5,CTTTCATCACCCAAGCCGGT,0,3338792
sohAp,0.16666666666666666,5,5,CTTTCAGTCTGGAGCCAGAG,0,3345761
sohAp,0.16666666666666666,5,5,CTTTAGCTTCATGCCTGAGT,0,3345198
sohAp,0.16666666666666666,5,5,CTTGTTCTATTAGGAGGAAG,0,3339315
sohAp,0.16666666666666666,5,5,CTTGGTGTCGTGTCGCAGTC,0,3350875
sohAp,0.16666666666666666,5,5,CTTGGTGTCGATTCATTCAT,0,3347039
sohAp,0.16666666666666666,5,5,CTTCGGTGCATAGGGCTTTT,0,3341692
sohAp,0.16666666666666666,5,5,CTTCGGCTGGCGGCTCGTGA,0,3344462
sohAp,0.16666666666666666,5,5,CTTCGACGAGGCCTTTTCTT,0,3353397
sohAp,0.16666666666666666,5,5,CTTCCTCCCAATCTCATCAC,0,3340009
sohAp,0.16666666666666666,5,5,CTTATGCCAGGGACATGCGC,0,3351055
sohAp,0.16666666666666666,5,5,CTTATCGCCAGTCAGATACG,0,3358247
sohAp,0.16666666666666666,5,5,CTGTTACCCGCGTATACTAC,0,3338870
sohAp,0.16666666666666666,5,5,CTGTCTGGTTACTAAAACGG,0,3347343
sohAp,0.16666666666666666,5,5,CTGGACGGCCCGCTCGGTCA,0,3340588
sohAp,0.16666666666666666,5,5,CTGCTGTTCGAAGACAAATT,0,3357639
sohAp,0.16666666666666666,5,5,CTGCCCCTGTCCCAGAGATA,0,3351623
sohAp,0.16666666666666666,5,5,CTGCATTTACGATGGACGGT,0,3334038
sohAp,0.16666666666666666,5,5,CTGATTATGACACTCTGGCA,0,3341478
sohAp,0.16666666666666666,5,5,CTGACCAAACTGTCATCTAT,0,3333974
sohAp,0.16666666666666666,5,5,CTGACAGAAGAATTGTTCTA,0,3333934
sohAp,0.16666666666666666,5,5,CTCTTTTATTGGCAGTGCAG,0,3357305
sohAp,0.16666666666666666,5,5,CTCGGGGACTACCGATGCCA,0,3340942
sohAp,0.16666666666666666,5,5,CTCATCGGAGTCCAGCGACC,0,3344853
sohAp,0.16666666666666666,5,5,CTCATCCTACGATTTCTCGC,0,3342621
sohAp,0.16666666666666666,5,5,CTATAACACCTGGACAGGGT,0,3341722
sohAp,0.16666666666666666,5,5,CTACGAAATGAAGTTCAACT,0,3348387
sohAp,0.16666666666666666,5,5,CTAAGTCAACGCCAGTATAC,0,3347492
sohAp,0.16666666666666666,5,5,CGTGTTTTGGTCTGCGCCGA,0,3351634
sohAp,0.16666666666666666,5,5,CGTGTGTCAGACGGAGACCA,0,3358203
sohAp,0.16666666666666666,5,5,CGTGTGAAATACAGCGCTCG,0,3346501
sohAp,0.16666666666666666,5,5,CGTGGTTCGAACTTAGGCTG,0,3355953
sohAp,0.16666666666666666,5,5,CGTGGCACAATCATATAGAT,0,3342411
sohAp,0.16666666666666666,5,5,CGTGCTTCGTAGCGAGATAG,0,3335468
sohAp,0.16666666666666666,5,5,CGTGCCTTCTCACGTTTTCA,0,3345492
sohAp,0.16666666666666666,5,5,CGTCTGCACCACAAAAAAAC,0,3345493
sohAp,0.16666666666666666,5,5,CGTCAAGCAGGGTCGTGATA,0,3344355
sohAp,0.16666666666666666,5,5,CGTAAGACGCTAATTGTTAG,0,3358328
sohAp,0.16666666666666666,5,5,CGGTTAGGTTGGTACAAGAG,0,3345331
sohAp,0.16666666666666666,5,5,CGGTAAACCGTGATGGTCCG,0,3347563
sohAp,0.16666666666666666,5,5,CGGGGTCTCGATTCCAGCCA,0,3337417
sohAp,0.16666666666666666,5,5,CGGGGATTTATTAGTAAAGG,0,3353168
sohAp,0.16666666666666666,5,5,CGGGCCTAGAGTCGCCAGTT,0,3336694
sohAp,0.16666666666666666,5,5,CGCTTAGGTCGCCTAGTACT,0,3341553
sohAp,0.16666666666666666,5,5,CGCTGATGAGCCTCCGTAAG,0,3347226
sohAp,0.16666666666666666,5,5,CGCTCGATTCGAATGTTTGC,0,3339241
sohAp,0.16666666666666666,5,5,CGCGATAGACCGCAATCGGA,0,3341581
sohAp,0.16666666666666666,5,5,CGCCTTGGGGACTTCTTTCT,0,3348238
sohAp,0.16666666666666666,5,5,CGCCTCATGAACTCTGCGGT,0,3345956
sohAp,0.16666666666666666,5,5,CGCATTGCCTGACCGGCTGC,0,3348564
sohAp,0.16666666666666666,5,5,CGATTAAGACCTCTTGGCTC,0,3347587
sohAp,0.16666666666666666,5,5,CGAGGGGGGCACGGGCATGG,0,3349190
sohAp,0.16666666666666666,5,5,CGAGGAACGGGGCCGTCCAA,0,3351922
sohAp,0.16666666666666666,5,5,CGAGATGTTTGGTCCAGGTA,0,3349230
sohAp,0.16666666666666666,5,5,CGAGACGGCGGAGTGTATAG,0,3346554
sohAp,0.16666666666666666,5,5,CGACTGCCACTGCGTATTCA,0,3354793
sohAp,0.16666666666666666,5,5,CGACGAAATCGGTGTCTTGA,0,3357482
sohAp,0.16666666666666666,5,5,CGACCACAGTCACCTAGGGG,0,3350192
sohAp,0.16666666666666666,5,5,CGACAGTCCTCAAATATCAT,0,3354010
sohAp,0.16666666666666666,5,5,CGACAAGTTGTCTAGAATCA,0,3356870
sohAp,0.16666666666666666,5,5,CGAACGATTTGGGTGCCGGT,0,3334414
sohAp,0.16666666666666666,5,5,CGAACCACTCTGTCTTATTC,0,3342543
sohAp,0.16666666666666666,5,5,CGAAAGAAAAACAGCATGTT,0,3337327
sohAp,0.16666666666666666,5,5,CCTTTTTTTGTTCCACAAGT,0,3345906
sohAp,0.16666666666666666,5,5,CCTTACCTGAGCTAGACAAA,0,3349642
sohAp,0.16666666666666666,5,5,CCTGTCCCTCTACAATGACC,0,3357587
sohAp,0.16666666666666666,5,5,CCTCGTGCAACTGTAATCTA,0,3338401
sohAp,0.16666666666666666,5,5,CCTCCGCAGGCTCACGCAAT,0,3341293
sohAp,0.16666666666666666,5,5,CCTCACTGCTAGGCGTTCCT,0,3356170
sohAp,0.16666666666666666,5,5,CCGTCGGTGAGCCGTAGAAA,0,3335720
sohAp,0.16666666666666666,5,5,CCGTCGATCCCCACCGTGGA,0,3333795
sohAp,0.16666666666666666,5,5,CCGGTTCCACTGGAAAAGAG,0,3347589
sohAp,0.16666666666666666,5,5,CCGACCAGAGGCCGCGGCAA,0,3345110
sohAp,0.16666666666666666,5,5,CCGAAGGTGAAACGCCTCAG,0,3346243
sohAp,0.16666666666666666,5,5,CCCTGGAGGTGGCTTTCCGA,0,3338604
sohAp,0.16666666666666666,5,5,CCATTGCTCATTCTGCACCC,0,3345146
sohAp,0.16666666666666666,5,5,CCATCGAATATCTTGCGCGG,0,3345208
sohAp,0.16666666666666666,5,5,CCATCCCCATCCTGCGCAAG,0,3339641
sohAp,0.16666666666666666,5,5,CCATCCAAGTCGCGGTGCTA,0,3340296
sohAp,0.16666666666666666,5,5,CCAGTCACACCGTCGTAGGC,0,3339651
sohAp,0.16666666666666666,5,5,CCAGCTCGATCCCAGCCGGA,0,3352567
sohAp,0.16666666666666666,5,5,CCACGTGAACTCTATACCGT,0,3348994
sohAp,0.16666666666666666,5,5,CATTTTTTTTGATCAAGTGG,0,3339615
sohAp,0.16666666666666666,5,5,CATTCTACCTCCTACTACTG,0,3345291
sohAp,0.16666666666666666,5,5,CATTACCACGCGGCACAAAT,0,3355696
sohAp,0.16666666666666666,5,5,CATGTGCACCGAAAAGGGGG,0,3343449
sohAp,0.16666666666666666,5,5,CATGTCTTCGTCGTGAGGAA,0,3340223
sohAp,0.16666666666666666,5,5,CATGTCTCTGGTTATCAGCC,0,3355025
sohAp,0.16666666666666666,5,5,CATGCTTTGCACAGTCACTG,0,3350275
sohAp,0.16666666666666666,5,5,CATGCTGTTTAACAAATAGT,0,3355783
sohAp,0.16666666666666666,5,5,CATATACTAGGCAAACCTTC,0,3340917
sohAp,0.16666666666666666,5,5,CATACCTGGGGGCTGCGATT,0,3334753
sohAp,0.16666666666666666,5,5,CAGGCGCAATTGGCCGCACT,0,3357029
sohAp,0.16666666666666666,5,5,CAGGAACCCAATAGCAGGTG,0,3337882
sohAp,0.16666666666666666,5,5,CAGCTGCGCTGAATACTACT,0,3337778
sohAp,0.16666666666666666,5,5,CAGATAAAAATTGTCCAGCC,0,3333858
sohAp,0.16666666666666666,5,5,CAGACCTGACAAAGAAGTTC,0,3344202
sohAp,0.16666666666666666,5,5,CACTGTTACGCCAGACTGTA,0,3343453
sohAp,0.16666666666666666,5,5,CACCGGGCCGCCTAAATCGC,0,3358158
sohAp,0.16666666666666666,5,5,CACACGGCCTCGGGTGAACT,0,3341831
sohAp,0.16666666666666666,5,5,CAATGTGGTTGCCTTTCCCA,0,3357879
sohAp,0.16666666666666666,5,5,CAATGTATGGCAAGTAGGAT,0,3349708
sohAp,0.16666666666666666,5,5,CAATCCGTAAGATGAACGTC,0,3353284
sohAp,0.16666666666666666,5,5,CAAGGAGTCGGAATACAAAT,0,3346673
sohAp,0.16666666666666666,5,5,CAAGCCCTCGTTCCAACAAA,0,3333985
sohAp,0.16666666666666666,5,5,CAACGCCCGACCCAGGAGAC,0,3337208
sohAp,0.16666666666666666,5,5,CAAATTTAGGTGAGAATAAT,0,3336337
sohAp,0.16666666666666666,5,5,CAAATTGCGCCTTTTAGAAT,0,3358245
sohAp,0.16666666666666666,5,5,CAAACCAACACTCATAGACC,0,3356583
sohAp,0.16666666666666666,5,5,ATTTGAAGAAGCCCTAAGCC,0,3354808
sohAp,0.16666666666666666,5,5,ATTGTAAGGCGTAAAACGCG,0,3344801
sohAp,0.16666666666666666,5,5,ATTGGTGTGCACAACCTTCC,0,3357664
sohAp,0.16666666666666666,5,5,ATTGGTCCCCTAAGTGGTGG,0,3348343
sohAp,0.16666666666666666,5,5,ATTGACATGGTCATACACCT,0,3352694
sohAp,0.16666666666666666,5,5,ATTGAAGCATATCTGGGGTA,0,3340317
sohAp,0.16666666666666666,5,5,ATTATGAAGGTCAAAGAGTC,0,3339147
sohAp,0.16666666666666666,5,5,ATTAATCTAAGAAGACGCAA,0,3341876
sohAp,0.16666666666666666,5,5,ATGTTTCTCCAGCCGAAAAG,0,3355929
sohAp,0.16666666666666666,5,5,ATGTCGGGATACATTGGAAA,0,3354160
sohAp,0.16666666666666666,5,5,ATGTCCGTGATAGAAGGCGC,0,3342385
sohAp,0.16666666666666666,5,5,ATGGATGGTTATAGTGCCAA,0,3357121
sohAp,0.16666666666666666,5,5,ATGGAGGCCGTGGGGTCCTG,0,3345045
sohAp,0.16666666666666666,5,5,ATGCCTATGCTCTATATGGT,0,3338227
sohAp,0.16666666666666666,5,5,ATGCCTATATAATCCTAGCA,0,3338313
sohAp,0.16666666666666666,5,5,ATGCAATATATTTCAGATAC,0,3337581
sohAp,0.16666666666666666,5,5,ATGATGGTATTTCGCGTGAT,0,3355255
sohAp,0.16666666666666666,5,5,ATGAGACGTCCGCGACCAGG,0,3337349
sohAp,0.16666666666666666,5,5,ATCTACAGGTCAGGCTTCAA,0,3351616
sohAp,0.16666666666666666,5,5,ATCGGGTAGCACATCACAGC,0,3348710
sohAp,0.16666666666666666,5,5,ATCGGCAGCGCATAGCCGCT,0,3345277
sohAp,0.16666666666666666,5,5,ATCCTGCCCAAATTTGGCAT,0,3335791
sohAp,0.16666666666666666,5,5,ATCCCGGGTTCCAGTCGCTA,0,3338131
sohAp,0.16666666666666666,5,5,ATCCCCTTCCTTCCGGTGCA,0,3351020
sohAp,0.16666666666666666,5,5,ATATTCTGAGGCGCTGGAAC,0,3341752
sohAp,0.16666666666666666,5,5,ATATTCCCTTTACACTAAGT,0,3343468
sohAp,0.16666666666666666,5,5,ATATTATATGGGTCTGGGTG,0,3344415
sohAp,0.16666666666666666,5,5,ATATCGCCTGGCGACTCTGC,0,3334375
sohAp,0.16666666666666666,5,5,ATAGCGGTAGCAATGGCCTC,0,3346437
sohAp,0.16666666666666666,5,5,ATAGATTTAGCTCAGAGGGC,0,3340458
sohAp,0.16666666666666666,5,5,ATACTGAATAGCCGTGTAAA,0,3346138
sohAp,0.16666666666666666,5,5,ATACATTTACGCGCCGCTGG,0,3334276
sohAp,0.16666666666666666,5,5,ATACAAGTAGCCAGGAGTAT,0,3353154
sohAp,0.16666666666666666,5,5,ATAATCGCCTCTCATTACTT,0,3351184
sohAp,0.16666666666666666,5,5,ATAAGTTCTATTTTAAGAAA,0,3340412
sohAp,0.16666666666666666,5,5,AGTTCAAATTTATTTTCATA,0,3347095
sohAp,0.16666666666666666,5,5,AGTGTGTTCCTTCAAGCACG,0,3334783
sohAp,0.16666666666666666,5,5,AGTGTGGCTGAGACCACAGT,0,3337985
sohAp,0.16666666666666666,5,5,AGTGCGAGTCTTCGGCTATC,0,3340735
sohAp,0.16666666666666666,5,5,AGTGAATTTGCGGGTCTTAA,0,3339856
sohAp,0.16666666666666666,5,5,AGTCGAAAAGTAACGGAGAG,0,3338977
sohAp,0.16666666666666666,5,5,AGTCCGTGCGTGGAAGAATT,0,3350445
sohAp,0.16666666666666666,5,5,AGTATCGATCCCTTCTATTC,0,3353886
sohAp,0.16666666666666666,5,5,AGTACGTGTCTTCGACACGC,0,3358631
sohAp,0.16666666666666666,5,5,AGTAACTAAGCTACAATTTG,0,3351835
sohAp,0.16666666666666666,5,5,AGTAACGGAGATGAGAATGA,0,3358413
sohAp,0.16666666666666666,5,5,AGGTGGTGTTGGCGTGTCAC,0,3357828
sohAp,0.16666666666666666,5,5,AGGGATGTTATCCGGTGAGG,0,3336213
sohAp,0.16666666666666666,5,5,AGGCTCCGCGAATCCCGATT,0,3337256
sohAp,0.16666666666666666,5,5,AGGACATGCCAGGGGCGTCA,0,3345054
sohAp,0.16666666666666666,5,5,AGGAAGGTGTTAATACCGCG,0,3340207
sohAp,0.16666666666666666,5,5,AGGAAGGGACGTGCGGAGAG,0,3342916
sohAp,0.16666666666666666,5,5,AGCTCGTTGCGTGAGGGTGA,0,3334668
sohAp,0.16666666666666666,5,5,AGCTCCATAATTACCAGGTG,0,3346680
sohAp,0.16666666666666666,5,5,AGCTCAACTCCGCTCAGGGT,0,3334058
sohAp,0.16666666666666666,5,5,AGCGTGGCATGACTTGACAC,0,3345982
sohAp,0.16666666666666666,5,5,AGCGGTATTATACATATGCT,0,3356397
sohAp,0.16666666666666666,5,5,AGCGGCCGACTGCGATATCT,0,3347466
sohAp,0.16666666666666666,5,5,AGCGCCGCCGTAGGACTGTT,0,3347990
sohAp,0.16666666666666666,5,5,AGCATTGTGGGGATTCCGCA,0,3351704
sohAp,0.16666666666666666,5,5,AGCAGGTTGTATCGTGTGCC,0,3343541
sohAp,0.16666666666666666,5,5,AGCACCTAGGGGTCCATTGT,0,3344029
sohAp,0.16666666666666666,5,5,AGCAACCACGTCAGCTGTTC,0,3334010
sohAp,0.16666666666666666,5,5,AGATGAATGTGAGATATAGT,0,3348881
sohAp,0.16666666666666666,5,5,AGATCGGGGACAGGTTGTGC,0,3339997
sohAp,0.16666666666666666,5,5,AGAGGGCTGGGGGTGGACAT,0,3334642
sohAp,0.16666666666666666,5,5,AGAGGCGCTCGAGGTGGCCT,0,3350459
sohAp,0.16666666666666666,5,5,AGAGGAGTGCTAACTGAGGT,0,3347233
sohAp,0.16666666666666666,5,5,AGAGCCAAGCAATCGCCTCG,0,3346290
sohAp,0.16666666666666666,5,5,AGAAAATATACAGCGCTCCT,0,3340495
sohAp,0.16666666666666666,5,5,ACTTGCTAGGTTGCCAATAT,0,3351233
sohAp,0.16666666666666666,5,5,ACTGATGGGCTTCTATTCGA,0,3344562
sohAp,0.16666666666666666,5,5,ACTGATATATGCGTTGCAAG,0,3334463
sohAp,0.16666666666666666,5,5,ACTATTTCGGGGATGGCAGT,0,3355028
sohAp,0.16666666666666666,5,5,ACTATCACTCATACGTTGTC,0,3335625
sohAp,0.16666666666666666,5,5,ACTACACTGAAGGAGCCTGA,0,3358806
sohAp,0.16666666666666666,5,5,ACTAAACGGTTCGGTGAGCG,0,3348098
sohAp,0.16666666666666666,5,5,ACGTTGTAGTATCCCCGTGT,0,3345632
sohAp,0.16666666666666666,5,5,ACGTCGGATTAACGGTTGTC,0,3352105
sohAp,0.16666666666666666,5,5,ACGTCCGCAGACGGAACCAA,0,3350015
sohAp,0.16666666666666666,5,5,ACGTCCAAGTTGCTCTATGT,0,3353365
sohAp,0.16666666666666666,5,5,ACGTATTCTCTCGCTCACCA,0,3338873
sohAp,0.16666666666666666,5,5,ACGGTCACTCAGATTGGAGC,0,3356216
sohAp,0.16666666666666666,5,5,ACGGAAGCTTTCTTTGTAAT,0,3357072
sohAp,0.16666666666666666,5,5,ACGCATTTGCGGGATGGGGT,0,3356746
sohAp,0.16666666666666666,5,5,ACGCAGGCGAGTTTAGACTG,0,3350218
sohAp,0.16666666666666666,5,5,ACGCACCATTAATACGTCGT,0,3352583
sohAp,0.16666666666666666,5,5,ACGATGTTGATTCTATTTCC,0,3342265
sohAp,0.16666666666666666,5,5,ACCTATCCGACCCAGACGTT,0,3336004
sohAp,0.16666666666666666,5,5,ACCGCTCCTTGATCGAAGAT,0,3336561
sohAp,0.16666666666666666,5,5,ACCCGACAGGGAAATCGACG,0,3355423
sohAp,0.16666666666666666,5,5,ACCCATGCATGCCAGTCCGT,0,3339629
sohAp,0.16666666666666666,5,5,ACCATATTCACTGCAAACTG,0,3342631
sohAp,0.16666666666666666,5,5,ACATTCGCTACAACTAGAAT,0,3339815
sohAp,0.16666666666666666,5,5,ACATGGGTGATATCTTAACG,0,3347080
sohAp,0.16666666666666666,5,5,ACAGTCTATTCGCCTATACA,0,3351089
sohAp,0.16666666666666666,5,5,ACAGCCAAGAACTTGAATGA,0,3335195
sohAp,0.16666666666666666,5,5,ACAGATGGGAGTTACTTTTC,0,3337741
sohAp,0.16666666666666666,5,5,ACAGATCCAGTTTGCATCTA,0,3351345
sohAp,0.16666666666666666,5,5,ACACCCTGCATGTCTTGATA,0,3350652
sohAp,0.16666666666666666,5,5,ACAATTATTAGTTCTACAAT,0,3343872
sohAp,0.16666666666666666,5,5,ACAAGGCTCGGAGATCCTCC,0,3354644
sohAp,0.16666666666666666,5,5,ACAACGGTGGGTTAATACTC,0,3354395
sohAp,0.16666666666666666,5,5,AATTGAGAGTAAAAGAAAGA,0,3342909
sohAp,0.16666666666666666,5,5,AATGTTACTTGAGGCAAAGT,0,3338354
sohAp,0.16666666666666666,5,5,AATGTAGTGTCTTGGGCGTG,0,3350448
sohAp,0.16666666666666666,5,5,AATGCGAACTTACCGTGTTC,0,3357252
sohAp,0.16666666666666666,5,5,AATCGTGTTGTCGCGCGGCG,0,3350037
sohAp,0.16666666666666666,5,5,AATCGTAAGCACCCTGCAAT,0,3347407
sohAp,0.16666666666666666,5,5,AATATTTGGGTAATCTGGTG,0,3354867
sohAp,0.16666666666666666,5,5,AATATCTGATAGCCTGGTCA,0,3349684
sohAp,0.16666666666666666,5,5,AATACGACAGCGACATCAGA,0,3335244
sohAp,0.16666666666666666,5,5,AATACCTTGTAAGAAGGACA,0,3335879
sohAp,0.16666666666666666,5,5,AAGGCCGTACTCGGAAGTGA,0,3348374
sohAp,0.16666666666666666,5,5,AAGGATAAAGTGTGAGTACT,0,3343239
sohAp,0.16666666666666666,5,5,AAGGACCGACGCATTGGCAA,0,3350415
sohAp,0.16666666666666666,5,5,AAGCCGAGAATGATTCACAC,0,3347763
sohAp,0.16666666666666666,5,5,AAGATCATATTTCAAATTAA,0,3352511
sohAp,0.16666666666666666,5,5,AAGAGAACGATTCTAATGTG,0,3351038
sohAp,0.16666666666666666,5,5,AACTTATTAATTATTCGTTG,0,3346802
sohAp,0.16666666666666666,5,5,AACTTAGTAGCCGGTTCTGT,0,3336158
sohAp,0.16666666666666666,5,5,AACTTAGCATGGAACTCCTA,0,3345304
sohAp,0.16666666666666666,5,5,AACTCGGCCGAAGAGTCTTA,0,3340038
sohAp,0.16666666666666666,5,5,AACCAAGCGATATGGATTGT,0,3350795
sohAp,0.16666666666666666,5,5,AACACGTAGTGCGCAGGGGT,0,3340243
sohAp,0.16666666666666666,5,5,AAATCGAATGCCGAGGGTGA,0,3357595
sohAp,0.16666666666666666,5,5,AAATATCTACATGCGGGGAT,0,3339630
sohAp,0.16666666666666666,5,5,AAAGTTACAGGTCACATCTA,0,3352425
sohAp,0.16666666666666666,5,5,AAAGCGAACATTGTGCGGAA,0,3358400
sohAp,0.16666666666666666,5,5,AAACGGGCTTTGATCATTAG,0,3338735
sohAp,0.16666666666666666,5,5,AAAAGCCCCAGGGACTTCCG,0,3351285
sohAp,0.2,4,4,TTTTTCATTGGATTATATGG,0,3341514
sohAp,0.2,4,4,TTTTATCGACTAAAACAAAG,0,3345021
sohAp,0.2,4,4,TTTTATCCGAGAAGCTGTGG,0,3346125
sohAp,0.2,4,4,TTTTAGCCCCTGGAGAAACG,0,3352019
sohAp,0.2,4,4,TTTGCGGAACATGAATAAAG,0,3357425
sohAp,0.2,4,4,TTTCTGAATGAGTATTTTTT,0,3336778
sohAp,0.2,4,4,TTTCCCCCAGATACTACAGC,0,3339274
sohAp,0.2,4,4,TTTACCTACTCAACCAACTG,0,3336841
sohAp,0.2,4,4,TTTACCACACATCGTCGCGA,0,3346324
sohAp,0.2,4,4,TTGTTCCAGTCAAATAGCCC,0,3349838
sohAp,0.2,4,4,TTGGGTGGATGCGCAAATCT,0,3356499
sohAp,0.2,4,4,TTGGGGGGAGGTTAAGAATA,0,3341333
sohAp,0.2,4,4,TTGGCAAATCGAGAGGCGAC,0,3350359
sohAp,0.2,4,4,TTGCTTCTTGTAATACGGTC,0,3339038
sohAp,0.2,4,4,TTGCCGGACATATCCCACCG,0,3349854
sohAp,0.2,4,4,TTGAAATCGAACGACAGGGT,0,3345954
sohAp,0.2,4,4,TTCTTCGTTTCGCATTCTTC,0,3351160
sohAp,0.2,4,4,TTCTGGTTAGGCTAGGCGCG,0,3338116
sohAp,0.2,4,4,TTCTCAAGTAAACCACTAAC,0,3342617
sohAp,0.2,4,4,TTCTAAAAGGTGCTTCCTAT,0,3341593
sohAp,0.2,4,4,TTCGTTTCTGCGAATACCTA,0,3336617
sohAp,0.2,4,4,TTCGGTTGGTCATCTACCAC,0,3343932
sohAp,0.2,4,4,TTCCTTAGAATTTCGTTATT,0,3344277
sohAp,0.2,4,4,TTCCGAGCAGCGAGTGAACT,0,3344722
sohAp,0.2,4,4,TTCATTTATTTTGGTAACTT,0,3356435
sohAp,0.2,4,4,TTCAACGGCGCCTTCTGAGA,0,3345079
sohAp,0.2,4,4,TTATTGGCGCCCGCTACTAG,0,3338517
sohAp,0.2,4,4,TTATGATAGGAAGGCTTTGT,0,3350039
sohAp,0.2,4,4,TTATCTCTTGCCCCATAAGA,0,3341055
sohAp,0.2,4,4,TTAGTTTTCATAGACTTGAA,0,3337635
sohAp,0.2,4,4,TTAGTCAGAACAACCTATTC,0,3334735
sohAp,0.2,4,4,TTAGGTTTAGTCTGTGTATT,0,3342126
sohAp,0.2,4,4,TTAGAGTTCGTAAATGCCTA,0,3353577
sohAp,0.2,4,4,TTAGAGCCAGCCGACGGGTT,0,3348236
sohAp,0.2,4,4,TTACGTTCGTCCTTCGGCGT,0,3345654
sohAp,0.2,4,4,TTACACAGAGCGGTGACCAA,0,3358886
sohAp,0.2,4,4,TTAATACTGAGAACAGGAGA,0,3353338
sohAp,0.2,4,4,TTAACTTTTAATCCGCCTGT,0,3342745
sohAp,0.2,4,4,TTAACCGACCTCTCCAAATT,0,3344164
sohAp,0.2,4,4,TTAACAACATTATAAAAGGA,0,3353590
sohAp,0.2,4,4,TTAAATTGTTGCTGATATTG,0,3336947
sohAp,0.2,4,4,TGTTTCGTTTAACTAGAGTA,0,3341487
sohAp,0.2,4,4,TGTTTCAGACATTAATAAGC,0,3357222
sohAp,0.2,4,4,TGTTCTCCTATCAAAGTGAG,0,3339296
sohAp,0.2,4,4,TGTCTGTACTGCGGTATTCA,0,3337405
sohAp,0.2,4,4,TGTCGCCATGTCCGTAGTGT,0,3352355
sohAp,0.2,4,4,TGTCCGGAATTTTCTAGAGA,0,3342532
sohAp,0.2,4,4,TGTATTGTTTATCTGGAGAC,0,3339033
sohAp,0.2,4,4,TGGGTCCGGAGCTTTTCCAA,0,3354278
sohAp,0.2,4,4,TGGGGCGGGATTGGTCAGTA,0,3352133
sohAp,0.2,4,4,TGGGACTCCGTGGGCATATG,0,3358543
sohAp,0.2,4,4,TGGCTTGTTTTACACACAAG,0,3335420
sohAp,0.2,4,4,TGGCTTGAGGCCCTTTAGCA,0,3345680
sohAp,0.2,4,4,TGGCTGGGAAATAGGCATGT,0,3337217
sohAp,0.2,4,4,TGGCGACTGTCATACCCACA,0,3357070
sohAp,0.2,4,4,TGGCCTTGTATCGTCGAAAC,0,3345636
sohAp,0.2,4,4,TGGATCCATTTGAATCGGAC,0,3338329
sohAp,0.2,4,4,TGGAGTTAATCTACCCCAAA,0,3351666
sohAp,0.2,4,4,TGGACCTACCCGGGGAATGA,0,3352490
sohAp,0.2,4,4,TGGACCGCTCTCAGTGGCCG,0,3354496
sohAp,0.2,4,4,TGCGTTCCTCAACGCACAGG,0,3345150
sohAp,0.2,4,4,TGCCGTGGTGACTTGACTGG,0,3342372
sohAp,0.2,4,4,TGCCGGAATCGGACAGGATA,0,3336048
sohAp,0.2,4,4,TGCCCCGCCACAGCGTAGAA,0,3348488
sohAp,0.2,4,4,TGCACCCCATGTGGCCTCGA,0,3342074
sohAp,0.2,4,4,TGCAAATGGCCGATCCAGCA,0,3346597
sohAp,0.2,4,4,TGATTCCTATGCCGAGGTTC,0,3346222
sohAp,0.2,4,4,TGATGTAGGCCGCTCGATAT,0,3347611
sohAp,0.2,4,4,TGAGTGGGCTAGCGCACGGT,0,3345302
sohAp,0.2,4,4,TGAGGAACAGAATGATCTAT,0,3356990
sohAp,0.2,4,4,TGAGCCTTTGCTGACCGGAT,0,3355496
sohAp,0.2,4,4,TGAAGAAGATTACTACGTCC,0,3351530
sohAp,0.2,4,4,TGAACATAATGTCCAGCGCC,0,3338573
sohAp,0.2,4,4,TCTTCCCCTGTAGACCGATA,0,3355602
sohAp,0.2,4,4,TCTTCATGGTACCGCGTTTG,0,3343604
sohAp,0.2,4,4,TCTTCAATTCAGGACCATTG,0,3342356
sohAp,0.2,4,4,TCTGTCTGTCACCGGTTCTT,0,3337133
sohAp,0.2,4,4,TCTGGCTCGGTGCTACAAGT,0,3334540
sohAp,0.2,4,4,TCTGCCGATTGAAGTGTACC,0,3348155
sohAp,0.2,4,4,TCTCGGCCATAAACAAGTAG,0,3354704
sohAp,0.2,4,4,TCTAGCAGGAAGTCTGATTA,0,3357790
sohAp,0.2,4,4,TCTAACGAAAATGCTCTAGT,0,3354769
sohAp,0.2,4,4,TCGTTTGACCATGGTCGGGG,0,3343437
sohAp,0.2,4,4,TCGTCTCAGTTACTCTCCTC,0,3342699
sohAp,0.2,4,4,TCGTCGCTGCCGATGCTACA,0,3337001
sohAp,0.2,4,4,TCGTCCGGAGCAGGCTTAAA,0,3343110
sohAp,0.2,4,4,TCGGGGGCTATCGAGAAATA,0,3346838
sohAp,0.2,4,4,TCGGCAACAGGGTAGTTGTG,0,3342763
sohAp,0.2,4,4,TCGGACTTCATAGTGCGGCA,0,3350736
sohAp,0.2,4,4,TCGCGATAGATGACCATAAT,0,3340179
sohAp,0.2,4,4,TCGCCTGTCGGTGGTAAACC,0,3350439
sohAp,0.2,4,4,TCGCCGCGAGCCGTCCCGAG,0,3344900
sohAp,0.2,4,4,TCGATATGGTTCCTTTCCAC,0,3344988
sohAp,0.2,4,4,TCGACAAATGGCTGCGTGGG,0,3349202
sohAp,0.2,4,4,TCCTTCGCACCTATGCGGCC,0,3354334
sohAp,0.2,4,4,TCCTGTTCCCGCAGGCTGCG,0,3345351
sohAp,0.2,4,4,TCCTCCATTGGTCCTACGGC,0,3348416
sohAp,0.2,4,4,TCCGGGTTCCGCACTAGAGG,0,3354061
sohAp,0.2,4,4,TCCGGGTCAGCATATTGTCT,0,3354812
sohAp,0.2,4,4,TCCGGGGAATGGCCGCCTAC,0,3357624
sohAp,0.2,4,4,TCCGCGCCGTATCCCGCATA,0,3339920
sohAp,0.2,4,4,TCCCTCCTGACCGGATTTAT,0,3349306
sohAp,0.2,4,4,TCCCGCCTAAAGTCCGGTCA,0,3338188
sohAp,0.2,4,4,TCCCCATTTCGGTGGAGTCA,0,3335804
sohAp,0.2,4,4,TCCATTTTATACCGACCTTT,0,3355566
sohAp,0.2,4,4,TCCATCTCGTACCTACGTCA,0,3344237
sohAp,0.2,4,4,TCCATAGAGACAGGGCTACG,0,3345812
sohAp,0.2,4,4,TCCAGTGCAGCCACTCTTTC,0,3342654
sohAp,0.2,4,4,TCCAATGAGTCGCCTGTCAA,0,3341271
sohAp,0.2,4,4,TCATGCATGTAGGCTTGTCT,0,3342744
sohAp,0.2,4,4,TCATCTGCGCAAAGGATTAA,0,3337551
sohAp,0.2,4,4,TCAGCCTAAAGCTCGCGAAC,0,3342836
sohAp,0.2,4,4,TCACTCCCCCTCAAAACTTG,0,3338057
sohAp,0.2,4,4,TCAACTCATCCAGTTGATGG,0,3341899
sohAp,0.2,4,4,TCAACCAACACTTTATATGA,0,3355380
sohAp,0.2,4,4,TCAAACATTCTTAGCTCGCC,0,3355609
sohAp,0.2,4,4,TATTCTCGGAAGCAGGCTGT,0,3339542
sohAp,0.2,4,4,TATTCCGCAGAATTCTGTAG,0,3337984
sohAp,0.2,4,4,TATGATCAATGGAAGTTAAG,0,3344353
sohAp,0.2,4,4,TATGAGTCTGTAATAAAGAT,0,3350092
sohAp,0.2,4,4,TATCGCGGTATTGAAGTAAT,0,3333981
sohAp,0.2,4,4,TATATAAGTTAAGTCGGTGT,0,3339425
sohAp,0.2,4,4,TATAGTCGTCAGGGCTAGGA,0,3350805
sohAp,0.2,4,4,TATAGGTGATCTACGAGTAA,0,3346140
sohAp,0.2,4,4,TAGGGGTGGGGGCGCCTCCT,0,3343895
sohAp,0.2,4,4,TAGGGGCCACGGCCTACCAG,0,3337365
sohAp,0.2,4,4,TAGGCGGTGGCGGATTGGGT,0,3342938
sohAp,0.2,4,4,TAGCGGCAAAGCATTATACT,0,3335425
sohAp,0.2,4,4,TAGCGCTGGCTCGGGTATAG,0,3334677
sohAp,0.2,4,4,TAGCGCCAAGGGCGCTCAAC,0,3342863
sohAp,0.2,4,4,TAGCCCCCTATCGCGGAGGC,0,3348545
sohAp,0.2,4,4,TAGAACTTGTTTCGCTGGGA,0,3347811
sohAp,0.2,4,4,TACGGCAACACTGAATATAG,0,3356769
sohAp,0.2,4,4,TACCTTTCGTGGTTCGCGGA,0,3344688
sohAp,0.2,4,4,TACCTGTGTCAAGGTTACGA,0,3343989
sohAp,0.2,4,4,TACAGACACATTGGCAGAAT,0,3344457
sohAp,0.2,4,4,TACACACATTGCGATCCGAG,0,3347916
sohAp,0.2,4,4,TAATTTCACGGCATCTGAGC,0,3336453
sohAp,0.2,4,4,TAATACGCGTTCCGAGACCC,0,3355441
sohAp,0.2,4,4,TAATAAGGTGTATTCACTTG,0,3343513
sohAp,0.2,4,4,TAAGGGCCTTTGAACGGACT,0,3346276
sohAp,0.2,4,4,TAAGGAAAATTATAAGGGCA,0,3350332
sohAp,0.2,4,4,TAACTTCTTCATGATCCTCG,0,3340599
sohAp,0.2,4,4,TAACGGGTTTAGCCTGGGTG,0,3341395
sohAp,0.2,4,4,TAACCAGTTAATATGACAAT,0,3352074
sohAp,0.2,4,4,TAAAGGAGGTTGGTCCATAA,0,3341183
sohAp,0.2,4,4,TAAACGGGGTTTTAAGCGAT,0,3346062
sohAp,0.2,4,4,TAAACCTTGCCGGCGGCGGT,0,3339029
sohAp,0.2,4,4,GTTTACTCGCGCGCTAATAG,0,3347324
sohAp,0.2,4,4,GTTGTTCACACTCGACTCTT,0,3343616
sohAp,0.2,4,4,GTTGCGCAGGAGCTATGAAG,0,3358703
sohAp,0.2,4,4,GTTGAACGAAGATGAAGCCT,0,3356094
sohAp,0.2,4,4,GTTATGATGTCAGGCTCACC,0,3340786
sohAp,0.2,4,4,GTTAGGCTGCATTCACTCGA,0,3345202
sohAp,0.2,4,4,GTTACTTGTCTACTGGGTAT,0,3336041
sohAp,0.2,4,4,GTGTTCAGAGGGCTGGGAGT,0,3345279
sohAp,0.2,4,4,GTGTGGCTTGTCCCTGTGTC,0,3333739
sohAp,0.2,4,4,GTGTAAACCTGGAGCTAGCC,0,3345378
sohAp,0.2,4,4,GTGGCTTCCCAACTCGTTGC,0,3355530
sohAp,0.2,4,4,GTGGCGCACCACGATCACAA,0,3346002
sohAp,0.2,4,4,GTGCTGTATGTCACGCAGAT,0,3342371
sohAp,0.2,4,4,GTGATTCGGAAAAGCCATCT,0,3351280
sohAp,0.2,4,4,GTGATAAACGGTATTGACAC,0,3334575
sohAp,0.2,4,4,GTCTTTTTAAGAGTTCGACT,0,3356332
sohAp,0.2,4,4,GTCTAATCGCCTTGATACAT,0,3338038
sohAp,0.2,4,4,GTCGCTGTGCCTTTGCTTGT,0,3353327
sohAp,0.2,4,4,GTCCTGTCGGCGCCGCTTAT,0,3340266
sohAp,0.2,4,4,GTCCTCTGATAGGACTGCCG,0,3353710
sohAp,0.2,4,4,GTCCGGATCGGATGCGGGGG,0,3335708
sohAp,0.2,4,4,GTCAATTCCCGCCCCCCCGG,0,3334901
sohAp,0.2,4,4,GTATGAGAGCCGTTATTGGA,0,3343548
sohAp,0.2,4,4,GTAGGCATGAGTGTATCTCG,0,3340776
sohAp,0.2,4,4,GTACGGCAAGTAAAAACGTA,0,3336366
sohAp,0.2,4,4,GTAATTGCGACAAGCTCCTG,0,3356577
sohAp,0.2,4,4,GTAAGTACGGAAGTCCGGCA,0,3343342
sohAp,0.2,4,4,GTAACCCGCTACTTAAAGTT,0,3348888
sohAp,0.2,4,4,GGTTTTTGCACAAGATACGC,0,3335293
sohAp,0.2,4,4,GGTTTGTGGTGTCGTTGGAA,0,3356489
sohAp,0.2,4,4,GGTCCCTGCCGAACCCAGGA,0,3344027
sohAp,0.2,4,4,GGTATTGACTACAACTAGAT,0,3334110
sohAp,0.2,4,4,GGTAGTTAAATCAGGCATAA,0,3334596
sohAp,0.2,4,4,GGGTTGGGTTAGCCCATCCA,0,3342911
sohAp,0.2,4,4,GGGGTCCTCAAATTTACCGT,0,3351004
sohAp,0.2,4,4,GGGGAGAGGCAGGGGCGCGT,0,3352963
sohAp,0.2,4,4,GGGCAATAAATCTATGAGAT,0,3356964
sohAp,0.2,4,4,GGGACTAGGCGACGTAGGTC,0,3343773
sohAp,0.2,4,4,GGCTTCTCACCTAAAAGAAA,0,3356241
sohAp,0.2,4,4,GGCTTCGTGAGGAAACTATT,0,3346280
sohAp,0.2,4,4,GGCGGCCCTGCATCTCGGAT,0,3358033
sohAp,0.2,4,4,GGCGCGTTCAAAATGATGAT,0,3336454
sohAp,0.2,4,4,GGCGCCTGAAGGGTACAAGA,0,3341849
sohAp,0.2,4,4,GGCCTTTAATTCCTCGCATT,0,3356880
sohAp,0.2,4,4,GGCCCGGGCTATTGTCTACT,0,3341909
sohAp,0.2,4,4,GGCACGCCGCCGAGAAATGG,0,3354777
sohAp,0.2,4,4,GGCAAGGGAGTTCGACTCGG,0,3354127
sohAp,0.2,4,4,GGCAAAAGTACCTGGTTGTG,0,3349721
sohAp,0.2,4,4,GGATTTTCCGACGAGCGGCG,0,3337244
sohAp,0.2,4,4,GGATCTACGGCATTGACGTA,0,3348371
sohAp,0.2,4,4,GGATATTATTTACCACAGCT,0,3334506
sohAp,0.2,4,4,GGAGGTATTGCGGGATGTTC,0,3351664
sohAp,0.2,4,4,GGAGGCCATTGAGCAGCTAC,0,3355311
sohAp,0.2,4,4,GGACTCTGCTCATATCAATG,0,3345401
sohAp,0.2,4,4,GGACCAGTTATCCAGTTCTT,0,3356442
sohAp,0.2,4,4,GGAATACTCCATCAGAGGCA,0,3340449
sohAp,0.2,4,4,GGAAATCATTATCACCGGTC,0,3351745
sohAp,0.2,4,4,GGAAAGATGAACCGTCCGGG,0,3334087
sohAp,0.2,4,4,GCTTTCGAGGAAGGGACAAT,0,3345190
sohAp,0.2,4,4,GCTTATTTTTATGCGCTTCT,0,3358097
sohAp,0.2,4,4,GCTTAGGGAGATTATATCAT,0,3354388
sohAp,0.2,4,4,GCTGTTGCGCGTGGGACTTA,0,3350864
sohAp,0.2,4,4,GCTCGTGCTACACCCCATTC,0,3340943
sohAp,0.2,4,4,GCTACTGAGACCTCGCCGAA,0,3340041
sohAp,0.2,4,4,GCGTTTCGGACCGGAATGGA,0,3343363
sohAp,0.2,4,4,GCGGTTAAACCATGCAGGTT,0,3339549
sohAp,0.2,4,4,GCGGGGCGAACAACCATCAA,0,3346903
sohAp,0.2,4,4,GCGGGCGGTTCACCTTGAAA,0,3349063
sohAp,0.2,4,4,GCGGCCTCTCGTAAGTTGTC,0,3354500
sohAp,0.2,4,4,GCGGCACAGGAATCATGGGA,0,3347256
sohAp,0.2,4,4,GCGGAGCGACTAAACCAAGG,0,3349038
sohAp,0.2,4,4,GCGGAAACCTACTTGGCGTT,0,3334793
sohAp,0.2,4,4,GCGAACTGCACGCAAGAAGC,0,3358196
sohAp,0.2,4,4,GCCGGTCCCCAATCTATTGA,0,3336838
sohAp,0.2,4,4,GCCGCTGCAGTTCAGGCATA,0,3356761
sohAp,0.2,4,4,GCCGCGACTTCATTGTCGGA,0,3345104
sohAp,0.2,4,4,GCCGATGACGGCGTGGAAAC,0,3348120
sohAp,0.2,4,4,GCCCTTTGTTGCCTCTGCTA,0,3342337
sohAp,0.2,4,4,GCCCAACCGGAGCATGTAAT,0,3355521
sohAp,0.2,4,4,GCCATGCCTGCAGCGCTCCG,0,3345535
sohAp,0.2,4,4,GCATTTATGAATACAGTCGT,0,3351648
sohAp,0.2,4,4,GCATAAATGTGTTCCTTTAA,0,3337598
sohAp,0.2,4,4,GCAGTTCAAAGGAGCATACG,0,3358445
sohAp,0.2,4,4,GCAGGGCGGAACGAGAGCAT,0,3357901
sohAp,0.2,4,4,GCACTAGAGGACTCTGTCGC,0,3338437
sohAp,0.2,4,4,GCACGGCTGTAGGATCCCAA,0,3358580
sohAp,0.2,4,4,GCACCGGTGTATCCTAAGTA,0,3345381
sohAp,0.2,4,4,GCAATTCGATGTCAATAAAT,0,3334595
sohAp,0.2,4,4,GCAACGGGGTCCCACAATTT,0,3341213
sohAp,0.2,4,4,GCAAATCGGCGTTGAGCTAT,0,3354578
sohAp,0.2,4,4,GATTCGGCGTCCCGAAGATA,0,3356660
sohAp,0.2,4,4,GATTCGAGGCGCGTACTAAA,0,3349805
sohAp,0.2,4,4,GATGACAACTGGGGAAACCC,0,3351017
sohAp,0.2,4,4,GATCCAGACGTGTGGGCCAA,0,3358875
sohAp,0.2,4,4,GATCAGTAGCGCCCGAGGAG,0,3336685
sohAp,0.2,4,4,GATATAGCCACCGGTGAGCA,0,3338345
sohAp,0.2,4,4,GATACCGGAGACAGTCGCCC,0,3348842
sohAp,0.2,4,4,GAGTTTACTATAACGTGTTC,0,3341106
sohAp,0.2,4,4,GAGGTGACGCTCATGCCCGC,0,3350338
sohAp,0.2,4,4,GAGGCCCCGCGCCACCAACT,0,3355237
sohAp,0.2,4,4,GAGATGAGGCATCCTCTCTT,0,3350541
sohAp,0.2,4,4,GACTAGGGGTTGATAGCACG,0,3351439
sohAp,0.2,4,4,GACTACTGGGCGGGGGGTAA,0,3345524
sohAp,0.2,4,4,GACGTCATCTTCACGCTCTA,0,3334522
sohAp,0.2,4,4,GACGCACGCCGATCCTAGGA,0,3337582
sohAp,0.2,4,4,GACGATATGAAGACAAAGAA,0,3342925
sohAp,0.2,4,4,GACCTTGTTTGTGGCCGATC,0,3344962
sohAp,0.2,4,4,GACCCGGGAGTCGGGCCACA,0,3339408
sohAp,0.2,4,4,GACATGAGGGAATCTAATAC,0,3335989
sohAp,0.2,4,4,GACACAAGATGGGGACATCT,0,3342093
sohAp,0.2,4,4,GACAAGAACCAGCCTCTTAA,0,3352745
sohAp,0.2,4,4,GACAACGGCTCCCTACGCCA,0,3357929
sohAp,0.2,4,4,GAAGGCTGAGGCGATTATTC,0,3337130
sohAp,0.2,4,4,GAAGCATGCTTTCACTTTAA,0,3348480
sohAp,0.2,4,4,GAAGATGCTGATGGCACGGT,0,3339435
sohAp,0.2,4,4,GAAGACCTGCACCCCGAAGA,0,3337775
sohAp,0.2,4,4,CTTTTGCGAGGATCTTGTCA,0,3352068
sohAp,0.2,4,4,CTTGCCATTTTATAAGCGCA,0,3350513
sohAp,0.2,4,4,CTTCTTGCATATCAACAATA,0,3350214
sohAp,0.2,4,4,CTTCAGTAAACGAGGCTTTA,0,3354711
sohAp,0.2,4,4,CTTAGTGGTGTCTTGCGGCG,0,3348107
sohAp,0.2,4,4,CTGTTCGGTCTGTCTGTCGC,0,3340585
sohAp,0.2,4,4,CTGTCCCCGGGTTTCCGAGC,0,3334138
sohAp,0.2,4,4,CTGCTCAGTGTACCAGATAT,0,3342677
sohAp,0.2,4,4,CTGCGGGTGACGTCGCATTA,0,3340058
sohAp,0.2,4,4,CTGCACTGCTAGTTAAATTG,0,3336834
sohAp,0.2,4,4,CTGAGTGTAAACGTAGCGTT,0,3339827
sohAp,0.2,4,4,CTCTGTTATGTTTTCAACTG,0,3341228
sohAp,0.2,4,4,CTCTCAGAGAAACCTGTAGA,0,3343696
sohAp,0.2,4,4,CTCTATTTGATGACGCGGCA,0,3346696
sohAp,0.2,4,4,CTCGGCCGGGTCCAGACAGA,0,3345587
sohAp,0.2,4,4,CTCATTCAACTGCTATGCTC,0,3348600
sohAp,0.2,4,4,CTCACGAGGGTCCACCATCA,0,3348593
sohAp,0.2,4,4,CTCACCGGCTGCCCCACTAG,0,3345893
sohAp,0.2,4,4,CTCAATTACGTTTCCCAGTA,0,3346321
sohAp,0.2,4,4,CTCAACCCCCTTTTTCTGAT,0,3346791
sohAp,0.2,4,4,CTACTACCTGTAGATCGATC,0,3335101
sohAp,0.2,4,4,CTACTAAGTCTTACATGATA,0,3355671
sohAp,0.2,4,4,CTACGTGGGCCACCACGCTA,0,3339755
sohAp,0.2,4,4,CTACGTGCAGTCTGTATAGA,0,3334383
sohAp,0.2,4,4,CTACGCCCAGCAGACGCCTT,0,3353740
sohAp,0.2,4,4,CTACATCGGTCAAGTTAGTG,0,3342076
sohAp,0.2,4,4,CTAATTTGGAATCCGGGTGC,0,3350141
sohAp,0.2,4,4,CTAAATCGTCTTTTGGCGCC,0,3344439
sohAp,0.2,4,4,CGTTTAAACAGGGACCGTTA,0,3345119
sohAp,0.2,4,4,CGTTCAGGAAGATAAGGAAT,0,3344122
sohAp,0.2,4,4,CGTTATAGGGCTTAATAGCT,0,3342789
sohAp,0.2,4,4,CGTGGAACTGGAAACTGGGG,0,3343369
sohAp,0.2,4,4,CGTGCATCAGGATAAGGGTT,0,3349522
sohAp,0.2,4,4,CGTCTTAGTTCTCTAAAGGA,0,3337628
sohAp,0.2,4,4,CGTCGATGTCACAGGGCGGC,0,3339387
sohAp,0.2,4,4,CGTATTTTCTGCGTAATGGA,0,3348023
sohAp,0.2,4,4,CGTATTAGTAATTCCGCGGT,0,3338236
sohAp,0.2,4,4,CGTACGGCATTATGGAAACT,0,3347974
sohAp,0.2,4,4,CGGTTGGCGGCGTGCGGGAT,0,3350666
sohAp,0.2,4,4,CGGTTAAACCACCACGCCCA,0,3346261
sohAp,0.2,4,4,CGGTCTAATACCTTATGCTA,0,3357968
sohAp,0.2,4,4,CGGTAAATAATTGGATCGCT,0,3339096
sohAp,0.2,4,4,CGGTAAACTAACTGCCTCAT,0,3342046
sohAp,0.2,4,4,CGGGTTTGGATCACCCATTT,0,3356522
sohAp,0.2,4,4,CGGGTCTTATAAATTGTGGA,0,3342646
sohAp,0.2,4,4,CGGCCCTAATGCTACTCGCC,0,3355755
sohAp,0.2,4,4,CGGCCCGATTATGCACTCGC,0,3336084
sohAp,0.2,4,4,CGGCCCATGTCACCCATCCA,0,3338190
sohAp,0.2,4,4,CGGATACGATCTGTCCTTAT,0,3346550
sohAp,0.2,4,4,CGGAAGGAGCTTCGAGGAAA,0,3346580
sohAp,0.2,4,4,CGCTAAGTCCACCAGGCCGA,0,3341833
sohAp,0.2,4,4,CGCGAAATATTATCGAAGAA,0,3335488
sohAp,0.2,4,4,CGCCACTGTGAGTCACTCTT,0,3338170
sohAp,0.2,4,4,CGCATGCGTGGATAAGGCGG,0,3355839
sohAp,0.2,4,4,CGCAATTGCGACTTTGTAGG,0,3348724
sohAp,0.2,4,4,CGCAACGTCACGTCCTCAGC,0,3351212
sohAp,0.2,4,4,CGATGACGGTAATAAGTCAG,0,3355090
sohAp,0.2,4,4,CGAGGCTGAAACTGGCAAAT,0,3346110
sohAp,0.2,4,4,CGAGGATCTCGGCCTCAGAG,0,3334638
sohAp,0.2,4,4,CGACCTCAGAAAGCTCATCG,0,3338543
sohAp,0.2,4,4,CGACAACTCTGATACGGCCA,0,3336930
sohAp,0.2,4,4,CGAATATCACCCCTCATGCA,0,3338597
sohAp,0.2,4,4,CCTTTACACAAAAACCGGAA,0,3350706
sohAp,0.2,4,4,CCTTGATACCGACATTAGTG,0,3335664
sohAp,0.2,4,4,CCTTAGGAGGCCGATTGGGT,0,3337831
sohAp,0.2,4,4,CCTGTGGCAACGAGAAGACT,0,3353412
sohAp,0.2,4,4,CCTGGGTGGGCATGCTTGAA,0,3346315
sohAp,0.2,4,4,CCTCCCGCAATTGATCTTGT,0,3349836
sohAp,0.2,4,4,CCTCCAAGGGGCACGAAAGT,0,3339106
sohAp,0.2,4,4,CCTCAAGAGCCACATGTCAA,0,3343318
sohAp,0.2,4,4,CCTACCAAACCCTCGGTAAT,0,3337031
sohAp,0.2,4,4,CCTAAGGATCTCGTTGGAAT,0,3353306
sohAp,0.2,4,4,CCTAACAGGGGTCGTCTAGA,0,3341520
sohAp,0.2,4,4,CCGTGGATCTACGCAATGCA,0,3337517
sohAp,0.2,4,4,CCGTCTCCGGCACCCGGGTA,0,3340679
sohAp,0.2,4,4,CCGTACGCGAGCTAGGGGTT,0,3340539
sohAp,0.2,4,4,CCGGTTTAGTGAGTGGGTCA,0,3336730
sohAp,0.2,4,4,CCGGGCAAAAAGGAGGCGAT,0,3358517
sohAp,0.2,4,4,CCGGCTTTCTTATACACAAT,0,3358954
sohAp,0.2,4,4,CCGGCTCAAAGGCTTACCAT,0,3353747
sohAp,0.2,4,4,CCGGACGCAGTAGCATGGGG,0,3335230
sohAp,0.2,4,4,CCGCTATCGATAGTTTGGAA,0,3355048
sohAp,0.2,4,4,CCGCATGGACATCCTACGTA,0,3342779
sohAp,0.2,4,4,CCGCACGTGAGTTATACGGA,0,3358581
sohAp,0.2,4,4,CCGATATAGATTGTCACCGG,0,3345567
sohAp,0.2,4,4,CCGATAAACGACTAGAATAG,0,3339200
sohAp,0.2,4,4,CCGAGCAGGGCCGCAGAGCG,0,3345817
sohAp,0.2,4,4,CCCGTATAAGATGCTAGGAT,0,3334715
sohAp,0.2,4,4,CCCGAGTCCGAGGAACTTTC,0,3356051
sohAp,0.2,4,4,CCCCTTGGCGTTTGAGTTGT,0,3342134
sohAp,0.2,4,4,CCCCTGAGCCCAACCTGTAC,0,3350076
sohAp,0.2,4,4,CCCCTCACCTCGCGAGTTAG,0,3350730
sohAp,0.2,4,4,CCCCGCATTTCCTCCGCTGT,0,3356694
sohAp,0.2,4,4,CCCATGGCCGTACAAGATAG,0,3337818
sohAp,0.2,4,4,CCATGCTCAGCGTTGAGTTA,0,3353245
sohAp,0.2,4,4,CCAGTATTTTGGAGTGTGCC,0,3347799
sohAp,0.2,4,4,CCAGCTCCTCCTTCATGGCG,0,3352823
sohAp,0.2,4,4,CCAGAGGGCCGTTACGAACG,0,3341043
sohAp,0.2,4,4,CCAAAGAGCTTATAAAGACA,0,3342666
sohAp,0.2,4,4,CATTTCGCTTCGGCCTGTTG,0,3344003
sohAp,0.2,4,4,CATTGACTGAAGTGGAATGG,0,3344026
sohAp,0.2,4,4,CATTAGTCCAAATGCTTGCT,0,3354598
sohAp,0.2,4,4,CATTAACTAGATCAGGATGG,0,3347679
sohAp,0.2,4,4,CATGGGAGTACTGGGACCTG,0,3340818
sohAp,0.2,4,4,CATGGCTTTACACGATTGGA,0,3353303
sohAp,0.2,4,4,CATGGAGACAAAAAAGCCGG,0,3345621
sohAp,0.2,4,4,CATGCAAGAATCGCAGATCC,0,3348806
sohAp,0.2,4,4,CATGAGGGATTTTCTCGCGA,0,3346015
sohAp,0.2,4,4,CATGAGGCGCGGATACGCTA,0,3343361
sohAp,0.2,4,4,CATCTGGGTGTGCGTCATTG,0,3354615
sohAp,0.2,4,4,CATCAGTTCAAGATTACGGG,0,3351367
sohAp,0.2,4,4,CATCAGAACATCGTCATGGT,0,3352576
sohAp,0.2,4,4,CATAACAATGTCTGAGTTTA,0,3335604
sohAp,0.2,4,4,CAGTTGACAGGAAACCCAGT,0,3352812
sohAp,0.2,4,4,CAGTTACCCTTTGAACACCA,0,3356147
sohAp,0.2,4,4,CAGGGAAGCATGTATCCCTC,0,3337107
sohAp,0.2,4,4,CAGCACCCGTCGGGTACCTC,0,3357840
sohAp,0.2,4,4,CAGCAATCCTCCGTGTATGG,0,3340628
sohAp,0.2,4,4,CAGACAAAGACAGCTCCGTT,0,3348999
sohAp,0.2,4,4,CACTTTAAGCAGGGTGGCTC,0,3336477
sohAp,0.2,4,4,CACTTCGTGCATCGATGGGA,0,3348331
sohAp,0.2,4,4,CACGCAGATTTCATAGGACT,0,3337247
sohAp,0.2,4,4,CACCGGCTTCTACCCGCTTA,0,3344238
sohAp,0.2,4,4,CACCACTGAGCCCCATACCT,0,3356514
sohAp,0.2,4,4,CACATACATTGCCTCGTGAC,0,3337649
sohAp,0.2,4,4,CACACCGTCCGCTATGACAG,0,3352498
sohAp,0.2,4,4,CAATCCATGCAAAAGTTGTC,0,3354843
sohAp,0.2,4,4,CAATATACCCAACATGGATT,0,3357966
sohAp,0.2,4,4,CAATAAACTAAAGGTGAATG,0,3340744
sohAp,0.2,4,4,CAAGTGAGCACCATTCACAT,0,3348090
sohAp,0.2,4,4,CAACGCGCCCAGGAGACGCC,0,3358856
sohAp,0.2,4,4,CAACCAGACTTGCGGCGGAA,0,3340083
sohAp,0.2,4,4,CAAATATGAATCTGGTGTGC,0,3333807
sohAp,0.2,4,4,CAAAGTAGTTATAACAAGGG,0,3350890
sohAp,0.2,4,4,CAAAACTATGTAACTTTCTC,0,3335012
sohAp,0.2,4,4,ATTTGTTAATAATTTTACTG,0,3353451
sohAp,0.2,4,4,ATTGTACATCGTAGGCGGAC,0,3354497
sohAp,0.2,4,4,ATTGCTGAGCCCATACAATC,0,3341458
sohAp,0.2,4,4,ATTCTTGCGAGCTAAATACA,0,3352147
sohAp,0.2,4,4,ATTCTTATCAATACGACCAT,0,3341004
sohAp,0.2,4,4,ATTCTGCAGCAGAGTGCTGT,0,3354651
sohAp,0.2,4,4,ATTCGTTAGTACCCTCCGGC,0,3348725
sohAp,0.2,4,4,ATTATACCCTGTTGGTCGAT,0,3346649
sohAp,0.2,4,4,ATTAGGGAAGTTTACAACTC,0,3356437
sohAp,0.2,4,4,ATTAGACTCTATGTGACAAT,0,3352504
sohAp,0.2,4,4,ATTACGGTGTTGTCACGAAA,0,3355193
sohAp,0.2,4,4,ATGTTATCTGATCATGTAAG,0,3334386
sohAp,0.2,4,4,ATGTGGAGTTACACTGATCT,0,3350804
sohAp,0.2,4,4,ATGTAGGTATACAGTGTGAT,0,3353966
sohAp,0.2,4,4,ATGTACAGGGAAACATGACT,0,3351037
sohAp,0.2,4,4,ATGTAAATGGCAGCAGCTAT,0,3351419
sohAp,0.2,4,4,ATGCTCCGTTACTTCGCGAC,0,3333922
sohAp,0.2,4,4,ATGCGGCATCGCCAGGTCTT,0,3346866
sohAp,0.2,4,4,ATGCACAAAAGTAGCCTGCG,0,3352183
sohAp,0.2,4,4,ATGATGCGAAGTTGAACGAT,0,3339430
sohAp,0.2,4,4,ATGAGGTTGCGCGTAGCATG,0,3355406
sohAp,0.2,4,4,ATGAATTTTGGCTAGACGAA,0,3351882
sohAp,0.2,4,4,ATGAAGTATGTACACTAAAC,0,3344867
sohAp,0.2,4,4,ATCTCGCGTAACCTCTGTTT,0,3343619
sohAp,0.2,4,4,ATCGTTGGCCGTCATATGAC,0,3335143
sohAp,0.2,4,4,ATCGTGCCAACGTTGCCCCC,0,3345066
sohAp,0.2,4,4,ATCGGCTTGTATCTTGGGAC,0,3341955
sohAp,0.2,4,4,ATCGAGAGGCCCGCAACGTG,0,3338225
sohAp,0.2,4,4,ATCGAATTTGAAATCAACGG,0,3343367
sohAp,0.2,4,4,ATCCTTGTGAGTACCGAGTA,0,3352771
sohAp,0.2,4,4,ATCCGACGGTTAGCATCCCT,0,3347616
sohAp,0.2,4,4,ATCCACGCTAAGGCAGGCCT,0,3358749
sohAp,0.2,4,4,ATCAACGAATCCACATGAAA,0,3349291
sohAp,0.2,4,4,ATATCACTAGGTCGGCCCAG,0,3354519
sohAp,0.2,4,4,ATATACCGTTCGTTCTTAGC,0,3337380
sohAp,0.2,4,4,ATAGTGCCAGCATCTCAAGC,0,3356097
sohAp,0.2,4,4,ATAGGTAATGACTCGTTTAT,0,3334389
sohAp,0.2,4,4,ATAGGCCTATTTCCCAACTA,0,3340328
sohAp,0.2,4,4,ATAGCATATGCATTGATTAG,0,3334434
sohAp,0.2,4,4,ATACTGATTCTGCCGGGCAG,0,3337989
sohAp,0.2,4,4,ATAAGTATCCACTCTTTCAG,0,3351143
sohAp,0.2,4,4,AGTTGTATCGGGGCCAGGCT,0,3338074
sohAp,0.2,4,4,AGTGTTCGACCTGACCTTCG,0,3347495
sohAp,0.2,4,4,AGTGTCTTTAAAACTCCTCT,0,3351137
sohAp,0.2,4,4,AGTGGTACTAACACGTCCCC,0,3341884
sohAp,0.2,4,4,AGTGGGTGCGGCCATAGAAA,0,3346604
sohAp,0.2,4,4,AGTCTTCATGCTTGGCTAGT,0,3359117
sohAp,0.2,4,4,AGTCCGGAACATTGTGTTGG,0,3337648
sohAp,0.2,4,4,AGTACTGCCATATGAGCGGT,0,3357981
sohAp,0.2,4,4,AGTACCCGCGTGTCAGTCTA,0,3342459
sohAp,0.2,4,4,AGGTGGCAAAGGCAGCATCC,0,3356606
sohAp,0.2,4,4,AGGTCTAGGGTCTTATAATA,0,3337941
sohAp,0.2,4,4,AGGTCGGTTGACTTATTATT,0,3337579
sohAp,0.2,4,4,AGGTAGCTTACTGCTGGCCT,0,3353475
sohAp,0.2,4,4,AGGGTTCATTCCCTCTTGAC,0,3339744
sohAp,0.2,4,4,AGGGCTATTGCCAGGGAACT,0,3347654
sohAp,0.2,4,4,AGGCGCAGTTAGATTCGATA,0,3338550
sohAp,0.2,4,4,AGGCATATGCAACGTACGGT,0,3352317
sohAp,0.2,4,4,AGGATAATGATCGTGTTCCT,0,3349552
sohAp,0.2,4,4,AGGACACAGATCTCTAAGCC,0,3343454
sohAp,0.2,4,4,AGCCGAATGTAACAAGCGAC,0,3341224
sohAp,0.2,4,4,AGCCCCCAGGTTAACTAGAA,0,3337634
sohAp,0.2,4,4,AGCCAGTCCAGAACCTCCTG,0,3347828
sohAp,0.2,4,4,AGCACCGGGGGAGACGTAGT,0,3335901
sohAp,0.2,4,4,AGAGAGGCTGCAAGTATCGG,0,3337118
sohAp,0.2,4,4,AGACCTCCGTGTTCGACTAT,0,3335009
sohAp,0.2,4,4,AGACCACCGAATGCCAAAAC,0,3342785
sohAp,0.2,4,4,AGACATTCCACGGCTGGTAG,0,3351600
sohAp,0.2,4,4,ACTTGGTAGTACGCGTCGTA,0,3339482
sohAp,0.2,4,4,ACTGCTACACGTATAGAAGA,0,3350729
sohAp,0.2,4,4,ACTGCGTACCGGGTGGGGCA,0,3349982
sohAp,0.2,4,4,ACTGCCTTGAACTAGGCCCT,0,3335208
sohAp,0.2,4,4,ACTCTATATAATGGTACGAG,0,3350507
sohAp,0.2,4,4,ACTCGTTCTGCCGTCTAAAG,0,3356740
sohAp,0.2,4,4,ACTCACGAAGGATGTTAGAC,0,3349158
sohAp,0.2,4,4,ACTAGCTGGCAAAACACCTT,0,3354106
sohAp,0.2,4,4,ACTACGCGATAGGTATCGAC,0,3351151
sohAp,0.2,4,4,ACTACATCCTGACAGGATGT,0,3355788
sohAp,0.2,4,4,ACGTTGAGCACAATGCAAAA,0,3346756
sohAp,0.2,4,4,ACGTCCGCGAAGAAAGGGGG,0,3336918
sohAp,0.2,4,4,ACGTCAGATGCAGGGGGGAC,0,3358639
sohAp,0.2,4,4,ACGGGGACTCCGTCCGGTTG,0,3350065
sohAp,0.2,4,4,ACGGCCGCATTATTGAACCT,0,3333774
sohAp,0.2,4,4,ACGGCATAGGACTCCTGAAT,0,3347333
sohAp,0.2,4,4,ACGCTGCTGCGAATGTTTTC,0,3352345
sohAp,0.2,4,4,ACGATCATATTGTCCTGGAG,0,3337591
sohAp,0.2,4,4,ACGAGGGCGATGAGGCCTGA,0,3348666
sohAp,0.2,4,4,ACCTTGCCTATTCGGAGTAA,0,3338087
sohAp,0.2,4,4,ACCTATTGGCGCTGGTAGGA,0,3353384
sohAp,0.2,4,4,ACCGGCAGAGATCATAGATC,0,3338506
sohAp,0.2,4,4,ACCCCGGTGGCCAGTAACGT,0,3358640
sohAp,0.2,4,4,ACCCAGCAGTACTCGGGCGG,0,3356041
sohAp,0.2,4,4,ACCAGCCACGGTAGTCTACA,0,3345979
sohAp,0.2,4,4,ACCAGATGTACCACTTTCGT,0,3349919
sohAp,0.2,4,4,ACCACTCGAGGGAATGGGTG,0,3346500
sohAp,0.2,4,4,ACCAAGTTATGAGGAGTTGC,0,3339591
sohAp,0.2,4,4,ACATTGATCGGTCGGCATTT,0,3343195
sohAp,0.2,4,4,ACATTCGGCTTGGTCCGTGT,0,3357816
sohAp,0.2,4,4,ACATGGCGAAGAGTGACGGT,0,3349374
sohAp,0.2,4,4,ACATGAAGGGCACCCTCCTC,0,3355008
sohAp,0.2,4,4,ACAGTTCGCGATGCCCGGCC,0,3339900
sohAp,0.2,4,4,ACAGACAGACTTCTGCGGGG,0,3337847
sohAp,0.2,4,4,ACACGGTTGATCCCGATGTG,0,3337942
sohAp,0.2,4,4,ACAATTTAGGTGGATATTGA,0,3334574
sohAp,0.2,4,4,ACAATCGCCCTCAGGCCTAC,0,3343365
sohAp,0.2,4,4,ACAAACGGAATGAGGATGCC,0,3345866
sohAp,0.2,4,4,AATTTTAAGCTTACAGCAGC,0,3352277
sohAp,0.2,4,4,AATTCAGGATTCTCTGCGGT,0,3342400
sohAp,0.2,4,4,AATGATGTGTTTGCAGAAGC,0,3341937
sohAp,0.2,4,4,AATCTTCGTTATACAGAGTC,0,3353651
sohAp,0.2,4,4,AATCGGGGTAAGAGCGTCTG,0,3343990
sohAp,0.2,4,4,AATCGCGTTGTCGAACTTCA,0,3344720
sohAp,0.2,4,4,AATCAGAATTACTAAAGCAT,0,3347015
sohAp,0.2,4,4,AATATTTCTCGACAGATGGA,0,3350466
sohAp,0.2,4,4,AATATGCAAGAACAGCGAGC,0,3348177
sohAp,0.2,4,4,AATATCACCTGCCAAGTAAA,0,3337447
sohAp,0.2,4,4,AATAGACCCAGTCCTAGAAG,0,3337838
sohAp,0.2,4,4,AAGTCTGGTTAGCCGGCATC,0,3357485
sohAp,0.2,4,4,AAGGTATTGAAAGCCTGGGG,0,3348813
sohAp,0.2,4,4,AAGGCTTGACGAGGCTTTGT,0,3352894
sohAp,0.2,4,4,AAGGATCACTAAATTAGTTA,0,3349540
sohAp,0.2,4,4,AAGGAGTCTAGCCAGCCTGC,0,3339457
sohAp,0.2,4,4,AACTAGGGCTAGTGCCCAAA,0,3342466
sohAp,0.2,4,4,AACGTGGAACGCGAGCTCCG,0,3334475
sohAp,0.2,4,4,AACGGAGGGGGCTCCAAGCC,0,3337549
sohAp,0.2,4,4,AACGCGCGAGAGGACGCCGG,0,3346683
sohAp,0.2,4,4,AACGACTGATCCAAGAAGCT,0,3334397
sohAp,0.2,4,4,AACGAAGGAATCCGCGGTAG,0,3340669
sohAp,0.2,4,4,AACACGGTGCTATAATTTCG,0,3337482
sohAp,0.2,4,4,AACACCCTGAAGTAAAGGTA,0,3336154
sohAp,0.2,4,4,AACAATGTAATGGAGAGGTC,0,3337169
sohAp,0.2,4,4,AAATGACAGACTACGACATG,0,3353995
sohAp,0.2,4,4,AAATCATCTAACCGCGGCCC,0,3344179
sohAp,0.2,4,4,AAATCACACGCGCTACAGTA,0,3337197
sohAp,0.2,4,4,AAAGTGACTTTCATTGGGAC,0,3354573
sohAp,0.2,4,4,AAAGGCTAGCACGATGGCGA,0,3335100
sohAp,0.2,4,4,AAAGGCATTTATTTGATCAG,0,3356624
sohAp,0.2,4,4,AAACGTGGAGGCCCTGGTGG,0,3342850
sohAp,0.2,4,4,AAACGGCTGCGGAATTACTT,0,3349588
sohAp,0.2,4,4,AAACCGCCCTAATTCTTGGC,0,3334858
sohAp,0.2,4,4,AAAACAGAGCAGCGGGGTTC,0,3354749
sohAp,0.25,3,3,TTTTTGGTTCAGTGTGAAAT,0,3338798
sohAp,0.25,3,3,TTTTGTTGCCTCCGTCCGTG,0,3344252
sohAp,0.25,3,3,TTTTCGGTGTCGCCAACTAG,0,3355793
sohAp,0.25,3,3,TTTTCCTTTCAAGGGGACTT,0,3340133
sohAp,0.25,3,3,TTTTATCTTAAATATATTTG,0,3342575
sohAp,0.25,3,3,TTTGTTTACCGTGGATCATA,0,3355373
sohAp,0.25,3,3,TTTGGGATGTGCATTAGTTC,0,3354352
sohAp,0.25,3,3,TTTGAGGGTACGATCGCCGC,0,3334227
sohAp,0.25,3,3,TTTGAAATGGGAGTACTAGC,0,3353101
sohAp,0.25,3,3,TTTCTTCGGAGCACAGCTGT,0,3335397
sohAp,0.25,3,3,TTTCTATTCCTGACCCTAGG,0,3348489
sohAp,0.25,3,3,TTTATGGTATACGAGCAGGC,0,3337180
sohAp,0.25,3,3,TTTAGTTTCTAACAAGTTCC,0,3345023
sohAp,0.25,3,3,TTTAGTGGTCGCTCCGAGAC,0,3352496
sohAp,0.25,3,3,TTGTGGTTCAGAGTATCCGG,0,3349634
sohAp,0.25,3,3,TTGTGGAGCTACATATCCAT,0,3338998
sohAp,0.25,3,3,TTGTCTGCTGCATCCTTCGA,0,3355359
sohAp,0.25,3,3,TTGTCCACTTTACGTGAGCA,0,3336908
sohAp,0.25,3,3,TTGGGTTACCTAATACAACT,0,3347832
sohAp,0.25,3,3,TTGGGTATGGGGTTACCTCC,0,3335314
sohAp,0.25,3,3,TTGCGAGAAATTTCGAAATC,0,3350084
sohAp,0.25,3,3,TTGCAGTATACGCGGTTTAT,0,3343038
sohAp,0.25,3,3,TTGCAAGCCGTCTCGAGTGT,0,3334217
sohAp,0.25,3,3,TTGATCGGAATAAGTTACAA,0,3344024
sohAp,0.25,3,3,TTGACGCTGGATTAACCACA,0,3353238
sohAp,0.25,3,3,TTCTGCCAGATGGGGAGGAC,0,3356794
sohAp,0.25,3,3,TTCTCTCAACAGCGAAATCG,0,3339527
sohAp,0.25,3,3,TTCTCGAACCCTATAGGCGT,0,3356054
sohAp,0.25,3,3,TTCTCAATCCAATTATGTTT,0,3349670
sohAp,0.25,3,3,TTCGGGCTAGAAAGAAATAA,0,3335913
sohAp,0.25,3,3,TTCGCCGGGTTTAATAAGCA,0,3350204
sohAp,0.25,3,3,TTCCGCCAGAATGTAGATAC,0,3338655
sohAp,0.25,3,3,TTCATAACAGGGTCTTGATT,0,3342750
sohAp,0.25,3,3,TTATTGCGCAACAACAGACA,0,3348807
sohAp,0.25,3,3,TTATGTTAGATTTACCACGG,0,3336012
sohAp,0.25,3,3,TTATGAAAGCAATATTAAAC,0,3348843
sohAp,0.25,3,3,TTATCTACCTAGGGGCCGTA,0,3347561
sohAp,0.25,3,3,TTAGGGCCAAATCTTCCCTT,0,3341740
sohAp,0.25,3,3,TTAGGATACATATGCGCCCC,0,3355854
sohAp,0.25,3,3,TTACAGTACTGCCACTGAGG,0,3353318
sohAp,0.25,3,3,TTAAGGTGTAGTTGGGTTTA,0,3357528
sohAp,0.25,3,3,TTAAGCTTCCGCAGATTCGG,0,3337955
sohAp,0.25,3,3,TGTTTTTTCCTCAGGGAGAT,0,3357924
sohAp,0.25,3,3,TGTTTTCCCAAGCAATCCCG,0,3337957
sohAp,0.25,3,3,TGTTTGTTGTTCACGCGCGG,0,3356242
sohAp,0.25,3,3,TGTTTATCTTGGTCGGACTG,0,3346410
sohAp,0.25,3,3,TGTTATAAGCAACGTGTTCT,0,3348744
sohAp,0.25,3,3,TGTGTAGGTGCTCTAAGCAA,0,3353020
sohAp,0.25,3,3,TGTCCCGATTAGAACTTTTG,0,3338066
sohAp,0.25,3,3,TGTATGCTGACAGGGTACAC,0,3343355
sohAp,0.25,3,3,TGTAGGTTCCTGGAAGGTCC,0,3337538
sohAp,0.25,3,3,TGGTGCACTCTTGATGGGAG,0,3345775
sohAp,0.25,3,3,TGGGTACGTACTACGTGAAC,0,3343082
sohAp,0.25,3,3,TGGGGTTACTGTGTCATTTG,0,3347465
sohAp,0.25,3,3,TGGGATCTTGAATTCGACCC,0,3347782
sohAp,0.25,3,3,TGGGAGTATACATCTCGGTA,0,3348205
sohAp,0.25,3,3,TGGGAAACGAGTGACAGATT,0,3358433
sohAp,0.25,3,3,TGGCGTTTTATCAAGTCTGT,0,3352418
sohAp,0.25,3,3,TGGCGTCTTAGCCGGACATT,0,3357465
sohAp,0.25,3,3,TGGCCGGCCATCCGGTGCTT,0,3350811
sohAp,0.25,3,3,TGGAACGGTTTGTGAACGCT,0,3356034
sohAp,0.25,3,3,TGGAACAAGGTATACTGGAG,0,3356207
sohAp,0.25,3,3,TGCGCTATTCGCTCCCAACG,0,3350662
sohAp,0.25,3,3,TGATGTCTATGCGCAGTTAC,0,3345371
sohAp,0.25,3,3,TGACATTACAATGGTGGGGA,0,3343205
sohAp,0.25,3,3,TGACAGCCCACTGCTGACGC,0,3349742
sohAp,0.25,3,3,TCTTGAGCCAAAGTCACTCC,0,3335204
sohAp,0.25,3,3,TCTTATCGGGGTGAATACCC,0,3345206
sohAp,0.25,3,3,TCTTATACGATAATTGTACA,0,3333905
sohAp,0.25,3,3,TCTTAGGGGATGTCACACCA,0,3342738
sohAp,0.25,3,3,TCTTAAGGACAGGAAAAAAA,0,3337951
sohAp,0.25,3,3,TCTGTTTACGTGGACTACCA,0,3341217
sohAp,0.25,3,3,TCTGTTGTCAGCCAGACTCA,0,3346472
sohAp,0.25,3,3,TCTGTTCTTGGTGCTGCTTA,0,3353842
sohAp,0.25,3,3,TCTGGTCAGAGCCATCCTAG,0,3358281
sohAp,0.25,3,3,TCTCGTGAGGACCCATGAAT,0,3347341
sohAp,0.25,3,3,TCTCGGGTGGCGGAGTCTTA,0,3357858
sohAp,0.25,3,3,TCTCCGCATGCTATACGAAT,0,3334114
sohAp,0.25,3,3,TCTAGACGTCATTGGTATAA,0,3335174
sohAp,0.25,3,3,TCGTGTTACCATACGCATGA,0,3352232
sohAp,0.25,3,3,TCGTGTGTTGGCTTGAGTTT,0,3345148
sohAp,0.25,3,3,TCGTCAGCTTAGTCGTGCAT,0,3343098
sohAp,0.25,3,3,TCGGTCACGCTGGTGCTGTT,0,3349776
sohAp,0.25,3,3,TCGGTACCCAAGTACATATA,0,3359138
sohAp,0.25,3,3,TCGGCTGTTGTGTTGTTATA,0,3348497
sohAp,0.25,3,3,TCGGCATGCTTAATAGGGTC,0,3343004
sohAp,0.25,3,3,TCGGACTAATTTACGAAAAA,0,3357571
sohAp,0.25,3,3,TCGCCGAGCAGTTCAAAAAG,0,3342237
sohAp,0.25,3,3,TCGACCAGCGCTCAATTACG,0,3334047
sohAp,0.25,3,3,TCGAACTACAACCCTAGACA,0,3337495
sohAp,0.25,3,3,TCGAAATTGAATGTCGCACT,0,3354474
sohAp,0.25,3,3,TCCTAAGTGGCGTTTATAAT,0,3340498
sohAp,0.25,3,3,TCCGGCTCGCCAATTGCAAA,0,3350177
sohAp,0.25,3,3,TCCGCTGTGGTCAACTTCAC,0,3335142
sohAp,0.25,3,3,TCCGCGCCATGGAGCCTTGC,0,3339417
sohAp,0.25,3,3,TCCGAGTGCTAGGGAACGTG,0,3355475
sohAp,0.25,3,3,TCCCCTTACGAGAAACATTC,0,3336370
sohAp,0.25,3,3,TCCAGCGGCCCCTGCCTTTA,0,3351471
sohAp,0.25,3,3,TCATGTAGCATTAATCGCTG,0,3345464
sohAp,0.25,3,3,TCAGCAGGCGACCCGACGAG,0,3353207
sohAp,0.25,3,3,TCACTTCCCCGGTTCATTGT,0,3336652
sohAp,0.25,3,3,TCACTAATGCTGGCAATAGT,0,3340410
sohAp,0.25,3,3,TCACGATAAAACACCGCCAC,0,3336472
sohAp,0.25,3,3,TCACAGATCTTACATAGAAT,0,3338009
sohAp,0.25,3,3,TCAAAGCCTACAAAATTTCT,0,3351627
sohAp,0.25,3,3,TATTGTGTGTGAGTGCGGAT,0,3346960
sohAp,0.25,3,3,TATTATAGATGTAAGTGACG,0,3350728
sohAp,0.25,3,3,TATTAGGCTCCCGTCGTGGA,0,3340856
sohAp,0.25,3,3,TATCTACAGGGTCGGTTAAG,0,3344217
sohAp,0.25,3,3,TATCCCCCCTGCTGGAAATT,0,3355500
sohAp,0.25,3,3,TATATATGAAGTAGAGAACA,0,3355912
sohAp,0.25,3,3,TATAGTAGGTGGACCTAAAG,0,3334305
sohAp,0.25,3,3,TATAGCCGAAAAGAAGTGCA,0,3341869
sohAp,0.25,3,3,TATAATTTTAATTACCAGCA,0,3334804
sohAp,0.25,3,3,TATAAGCGAAACGCTTTAGG,0,3349495
sohAp,0.25,3,3,TATAACGGCTCACACTGGAA,0,3357065
sohAp,0.25,3,3,TAGGCGCGTGCCCTTGCGAT,0,3348823
sohAp,0.25,3,3,TAGCAGTCCACGTTAATTCA,0,3350317
sohAp,0.25,3,3,TAGCAATCGTACCGGTCGCG,0,3353601
sohAp,0.25,3,3,TAGCAAGCGAGCCGCATACA,0,3355394
sohAp,0.25,3,3,TACTTGCGCAGTCCTTTACC,0,3338727
sohAp,0.25,3,3,TACTTCCTCAACTCCGGAAA,0,3338748
sohAp,0.25,3,3,TACTGACCGAGCCGCGCAGG,0,3336455
sohAp,0.25,3,3,TACGATACCCAGGGAATTAC,0,3358442
sohAp,0.25,3,3,TACAGATTTTAATTAAGCGG,0,3348989
sohAp,0.25,3,3,TACAGAGCCACGGGACTCTT,0,3352258
sohAp,0.25,3,3,TACACTTGACCCGTCATTAA,0,3342170
sohAp,0.25,3,3,TACAATTCATGTTGGCATTG,0,3334140
sohAp,0.25,3,3,TAATGACTTTCGGGATTTGA,0,3339647
sohAp,0.25,3,3,TAATCCAGGTCTAGTCTTTA,0,3340015
sohAp,0.25,3,3,TAAGGGTCGCGAAGTACAGG,0,3352522
sohAp,0.25,3,3,TAAGCACCGTGCGAGACGCA,0,3339656
sohAp,0.25,3,3,TAACTGAGCAGCGTAAAAGC,0,3347774
sohAp,0.25,3,3,TAACGGATATATAATCATGG,0,3358190
sohAp,0.25,3,3,TAACGGAGGCAAATAGCTAT,0,3344062
sohAp,0.25,3,3,TAACCCCGGAATGTATAAAG,0,3337897
sohAp,0.25,3,3,TAACAGGCTAGGTGCTACGA,0,3334837
sohAp,0.25,3,3,TAACACGGTCTCTGGGCCTA,0,3351758
sohAp,0.25,3,3,GTTGGAGCGACAAGTCACAT,0,3344035
sohAp,0.25,3,3,GTTGCGAGACGCGAATACCA,0,3334093
sohAp,0.25,3,3,GTTGATTGGGTTCCCTCAAG,0,3351821
sohAp,0.25,3,3,GTTGAAACTCATGAGAAGAG,0,3346049
sohAp,0.25,3,3,GTTCCCCTGGGATTAGTGCG,0,3335227
sohAp,0.25,3,3,GTTCAAAACTGATAGTGGGA,0,3340880
sohAp,0.25,3,3,GTTATCAAGTGCAGATACGA,0,3345871
sohAp,0.25,3,3,GTTATACAGTATTAACGCGT,0,3341862
sohAp,0.25,3,3,GTTACGGTTCAACAGGCTAC,0,3351081
sohAp,0.25,3,3,GTGTCGCTTTAAGAAAGGGC,0,3344048
sohAp,0.25,3,3,GTGTATGTTCACTTGGTCTA,0,3350895
sohAp,0.25,3,3,GTGTAGATTACTGGAAGGAG,0,3356523
sohAp,0.25,3,3,GTGGGCGATCTTATCATGGT,0,3352748
sohAp,0.25,3,3,GTGGCAGTTAATTATCAAGG,0,3355885
sohAp,0.25,3,3,GTGCATATTGTCATGGCATA,0,3356780
sohAp,0.25,3,3,GTGAGTTCGCTTGATGTTCG,0,3348829
sohAp,0.25,3,3,GTCTCCTACAAAACAAGCAT,0,3351903
sohAp,0.25,3,3,GTCTAGTTGTACATCTATTG,0,3351720
sohAp,0.25,3,3,GTCTAGCACGACATTTCTTT,0,3342718
sohAp,0.25,3,3,GTCCAATACATGCCACCCCC,0,3340806
sohAp,0.25,3,3,GTCATCCCTTACGGAAGAGC,0,3347321
sohAp,0.25,3,3,GTCAGCGTGCTCCATCTCAT,0,3355289
sohAp,0.25,3,3,GTCAGCCGCTGGGAATCGCA,0,3351005
sohAp,0.25,3,3,GTATTGTCAGGGTTACACTC,0,3351331
sohAp,0.25,3,3,GTATGGATCTTACTTATGGT,0,3333894
sohAp,0.25,3,3,GTATATACGGATTTGTTCAT,0,3349169
sohAp,0.25,3,3,GTAGGGGGGAGATCGAACTT,0,3340952
sohAp,0.25,3,3,GTAGATTTACAACAGACACG,0,3336418
sohAp,0.25,3,3,GTACATTGTAGGAAACCTCA,0,3349645
sohAp,0.25,3,3,GTAATGGTTCGAGTTAAGTC,0,3340834
sohAp,0.25,3,3,GTAACCCTAAGTAATGCAGA,0,3333902
sohAp,0.25,3,3,GTAAACGAGGCTCGAAAGTT,0,3350010
sohAp,0.25,3,3,GGTTTCAAAACTCAGAAGCA,0,3341356
sohAp,0.25,3,3,GGTGGCAGCTCAGAGTACCT,0,3346345
sohAp,0.25,3,3,GGTGCGGGAGCTAGCCGAAT,0,3354407
sohAp,0.25,3,3,GGTGCATAGTCAAGCTCTCA,0,3339626
sohAp,0.25,3,3,GGTCTAATGGGTCTCCAGAT,0,3339480
sohAp,0.25,3,3,GGTCGAGTCTCAGATAGTAC,0,3341944
sohAp,0.25,3,3,GGTCATACGTTTCACTACAT,0,3350026
sohAp,0.25,3,3,GGTATGTTACTTAAAAGATT,0,3342967
sohAp,0.25,3,3,GGTAGGTGTTAGCCTCACTA,0,3334001
sohAp,0.25,3,3,GGTACTACCCGTCACTGGTG,0,3346082
sohAp,0.25,3,3,GGGTTGTACAGGAAGGATTA,0,3344499
sohAp,0.25,3,3,GGGTGAGGCCCTGGAGTTAC,0,3345983
sohAp,0.25,3,3,GGGTCGTACTGTGGATAGTC,0,3358058
sohAp,0.25,3,3,GGGTCCCACCAACGTACACG,0,3347984
sohAp,0.25,3,3,GGGCTAAGCCTCCGCTGCAA,0,3342378
sohAp,0.25,3,3,GGGCGCTTTTTTAGCCACTC,0,3339924
sohAp,0.25,3,3,GGGCACTAAGTAGATCACTG,0,3334862
sohAp,0.25,3,3,GGCTAATCGATAGAATTGAC,0,3351791
sohAp,0.25,3,3,GGCGTAGACCGCACCTATTT,0,3351342
sohAp,0.25,3,3,GGCGGGCGACCCTCGAATCT,0,3354809
sohAp,0.25,3,3,GGCGCTTAATCAAGTGCTGG,0,3357266
sohAp,0.25,3,3,GGCGATCTGTACTTATTGTG,0,3340448
sohAp,0.25,3,3,GGCGAACTGTGTCCTAATAT,0,3357293
sohAp,0.25,3,3,GGCCTCCCGTGGCAAAGCCC,0,3343141
sohAp,0.25,3,3,GGCCGTTTTCTCGCGTATAT,0,3342770
sohAp,0.25,3,3,GGCCATATATGCTCTTTCAG,0,3337620
sohAp,0.25,3,3,GGATTTGGAGCGCTGGCCAC,0,3341074
sohAp,0.25,3,3,GGAGTACGGCCTGGCGCGGC,0,3338180
sohAp,0.25,3,3,GGAGGCTAGACAAGTCGCTA,0,3335478
sohAp,0.25,3,3,GGAGGATTGGCCGCACGTTT,0,3352251
sohAp,0.25,3,3,GGAGAGTCGAGATATCTTAG,0,3336277
sohAp,0.25,3,3,GGACGCATAGAGATGAGGCA,0,3350816
sohAp,0.25,3,3,GGAATACAATGGAGAGCTTC,0,3352965
sohAp,0.25,3,3,GCTTATCCCATCTAGGTAGA,0,3357938
sohAp,0.25,3,3,GCTTAATGCTTCACCACTGT,0,3350405
sohAp,0.25,3,3,GCTGTCCATAGGGTCTATAC,0,3338459
sohAp,0.25,3,3,GCTGGCTAGCGGGTACCATC,0,3343916
sohAp,0.25,3,3,GCTGCGAGCTATCAGGCTTT,0,3345807
sohAp,0.25,3,3,GCTCTACCGATGAATCCCTG,0,3344445
sohAp,0.25,3,3,GCTCAATACATTTGGAAGCT,0,3351015
sohAp,0.25,3,3,GCTAGGTTAACCTTGATTGC,0,3347523
sohAp,0.25,3,3,GCTAAGAATCCAGATTTGTC,0,3342160
sohAp,0.25,3,3,GCGTTTGCGTAGCGGCGGGA,0,3338539
sohAp,0.25,3,3,GCGTTCGTGGGGCAAGCCCA,0,3337245
sohAp,0.25,3,3,GCGTGGTGTCACGAACTAAC,0,3333987
sohAp,0.25,3,3,GCGTCTGGTTGAGCCACGTT,0,3351993
sohAp,0.25,3,3,GCGGCCAAACGTAAAACCCA,0,3344613
sohAp,0.25,3,3,GCGCGCCGCCGACGGGTTAA,0,3350025
sohAp,0.25,3,3,GCGCCGAGCCGAAGTCGGGT,0,3352339
sohAp,0.25,3,3,GCGCCCAAAAACCCACTCGG,0,3342263
sohAp,0.25,3,3,GCCTTGACATAATTTTAAAA,0,3337401
sohAp,0.25,3,3,GCCTTATGCTGTGCACGGCG,0,3350412
sohAp,0.25,3,3,GCCTTACTGTGTGCTAGATA,0,3334229
sohAp,0.25,3,3,GCCTGGTGGTGCCATAGCAT,0,3357216
sohAp,0.25,3,3,GCCTCGGTCCGATCAATAAA,0,3342290
sohAp,0.25,3,3,GCCTCAGCCAACCACCCCTT,0,3338724
sohAp,0.25,3,3,GCCGGTGGTCGTTTCGGATT,0,3335426
sohAp,0.25,3,3,GCCGAGGCGATCGTCCAGGA,0,3337586
sohAp,0.25,3,3,GCCCCAGCCTTTGTGGTCAT,0,3343664
sohAp,0.25,3,3,GCCCCAAGCTTGGCCATAAA,0,3349816
sohAp,0.25,3,3,GCCATTTGTTCGTTCGGTGC,0,3352366
sohAp,0.25,3,3,GCCATAGTCCCTAGGGGCTT,0,3347224
sohAp,0.25,3,3,GCCACCGCGCCAACGTCCGG,0,3336151
sohAp,0.25,3,3,GCCAAGGATGTATTTTAGTG,0,3353741
sohAp,0.25,3,3,GCCAACTCCAAAGCCAACTC,0,3355408
sohAp,0.25,3,3,GCATTTACCGAAGGAGGATC,0,3344071
sohAp,0.25,3,3,GCATATAGGAAAACCCGGAA,0,3338586
sohAp,0.25,3,3,GCAGCGTTCATATCCGTCAG,0,3346557
sohAp,0.25,3,3,GCAGAATTTCATCGCGATCA,0,3334643
sohAp,0.25,3,3,GCACTTTCAGGCACTCTGCA,0,3352966
sohAp,0.25,3,3,GCACGTGCCATCAAGCCGGT,0,3352394
sohAp,0.25,3,3,GCACGCATTTTTAGGGCTGC,0,3352883
sohAp,0.25,3,3,GCAATCACCCGAGCTTACCC,0,3334990
sohAp,0.25,3,3,GCAAGGGCGTATGTCCCGGA,0,3341202
sohAp,0.25,3,3,GCAACGATCGCTAAACAGTC,0,3352170
sohAp,0.25,3,3,GCAAAATATTTGGCAGCCGA,0,3344610
sohAp,0.25,3,3,GATTTAGTCTATGTAGCCGT,0,3341223
sohAp,0.25,3,3,GATTCCCATGACTGCAATTG,0,3352549
sohAp,0.25,3,3,GATTATAAACCTTCTTTGAC,0,3345081
sohAp,0.25,3,3,GATTAGGGTTGGCACTACCT,0,3337459
sohAp,0.25,3,3,GATGTCCCTGATGATGTACT,0,3341645
sohAp,0.25,3,3,GATGCTTACTTTAAGCGGAA,0,3357162
sohAp,0.25,3,3,GATGCATGAGCTGTATTCTG,0,3351224
sohAp,0.25,3,3,GATCTCGTTCGAGAGCATCC,0,3355986
sohAp,0.25,3,3,GATCATCAGAGCACGCCGTA,0,3335032
sohAp,0.25,3,3,GATAGGTGTGTATAGCTATA,0,3350746
sohAp,0.25,3,3,GATAGGACAGACCACCGGAA,0,3353339
sohAp,0.25,3,3,GATACTGGTTGCAGGATCCA,0,3348768
sohAp,0.25,3,3,GATACAACTTCCTACTGGTT,0,3351579
sohAp,0.25,3,3,GAGCGGTAATCCCATCGCCA,0,3352818
sohAp,0.25,3,3,GAGCCTCTATCTAAGTAATC,0,3340625
sohAp,0.25,3,3,GAGAGCTCTGGAAAATTTGG,0,3344852
sohAp,0.25,3,3,GACTAAAAGTTGGGAGATCC,0,3335139
sohAp,0.25,3,3,GACGTGTACGAGTATTATGA,0,3347061
sohAp,0.25,3,3,GACGTCAAACGCTCTCCATT,0,3341665
sohAp,0.25,3,3,GACCACGAAGCATTTCGACT,0,3355931
sohAp,0.25,3,3,GACAGGTCAGGCTGCGATAG,0,3348183
sohAp,0.25,3,3,GAATTATATTGGTATTTATA,0,3336376
sohAp,0.25,3,3,GAATTACAGCACACGTATTG,0,3341471
sohAp,0.25,3,3,GAAGTGTAACCTGTTGCCTT,0,3337170
sohAp,0.25,3,3,GAAGCTTACCGGAAAATCAT,0,3349542
sohAp,0.25,3,3,GAACTACTGCGAAGTACAGG,0,3350552
sohAp,0.25,3,3,GAACGTTACTGTTTTGTTGT,0,3342553
sohAp,0.25,3,3,GAACAATACTATTAGTTGAA,0,3335783
sohAp,0.25,3,3,GAAATTACCGGTACAATTGC,0,3356751
sohAp,0.25,3,3,GAAATGAGCCCTCCGGAGTA,0,3348945
sohAp,0.25,3,3,GAAAGGAGCATCAATCTCCA,0,3344751
sohAp,0.25,3,3,GAAAAGGACAAGTCCTGCAA,0,3340440
sohAp,0.25,3,3,CTTTCCCAAATGAGACACTT,0,3338650
sohAp,0.25,3,3,CTTCTCAGTGGGTGATAAGT,0,3336883
sohAp,0.25,3,3,CTTCATTGCGAGCTTCGTTA,0,3335870
sohAp,0.25,3,3,CTTACGACTATACTTTAAAA,0,3337104
sohAp,0.25,3,3,CTTACCCTGCTGCTGGCTAA,0,3343991
sohAp,0.25,3,3,CTGTATGGAACGTAATAAGA,0,3343050
sohAp,0.25,3,3,CTGTAAGTGGCGATCGCGGA,0,3352193
sohAp,0.25,3,3,CTGCTTGGATAATTAGCCGG,0,3355002
sohAp,0.25,3,3,CTGCTTGAAAACCAGTCCGC,0,3353548
sohAp,0.25,3,3,CTGCGGCGGAACGTGGCTAC,0,3343546
sohAp,0.25,3,3,CTGCCCTTTCATTCGGTTTC,0,3350570
sohAp,0.25,3,3,CTGACCCATTATCATGGGAC,0,3345681
sohAp,0.25,3,3,CTGAAACGCAGTGGGCTAAT,0,3346192
sohAp,0.25,3,3,CTCGGAGCAATCGAAAACAA,0,3336497
sohAp,0.25,3,3,CTCGGACCCACGTTAGATTC,0,3348024
sohAp,0.25,3,3,CTCGAGTTTGCAAACATCAG,0,3337488
sohAp,0.25,3,3,CTCGAGCGGGAATTGCGACG,0,3337583
sohAp,0.25,3,3,CTCCTACATAGTACGTGGAA,0,3345220
sohAp,0.25,3,3,CTCCAAGAGCTGGAAGGCCG,0,3336457
sohAp,0.25,3,3,CTCAGTCGGTTTATGCTTAT,0,3345895
sohAp,0.25,3,3,CTCAAGAACCTTTGCTCAAT,0,3335661
sohAp,0.25,3,3,CTATTCACACATGTCCTGCG,0,3346761
sohAp,0.25,3,3,CTATTAAGTCCGCCTCCATC,0,3357013
sohAp,0.25,3,3,CTATGTGAGTAGATTGGCTT,0,3351741
sohAp,0.25,3,3,CTATCTGACTAGAAACCGAG,0,3333860
sohAp,0.25,3,3,CTAGTCTTTCCTCGGAGATC,0,3353385
sohAp,0.25,3,3,CTAGTAGCGGCCCGTTCCCT,0,3354333
sohAp,0.25,3,3,CTAGGACTGGGGCCGAAGGT,0,3340859
sohAp,0.25,3,3,CTAGCCGCAGTGTCGGAATT,0,3356102
sohAp,0.25,3,3,CTAGATAAGATTGGGACGTG,0,3338101
sohAp,0.25,3,3,CTAGAGTGCCAATCGCGAGA,0,3345227
sohAp,0.25,3,3,CTAGACTCGATCGGAAGGTT,0,3355039
sohAp,0.25,3,3,CTACTGCGACAATTTGGACA,0,3337710
sohAp,0.25,3,3,CTACGGGAACGGTGGTTTAC,0,3358622
sohAp,0.25,3,3,CTACCGTGACCGGAATCGCA,0,3341238
sohAp,0.25,3,3,CTACCAAGTGGCGTTCCTTG,0,3347582
sohAp,0.25,3,3,CTACACGACTTAGCGTCCGA,0,3347367
sohAp,0.25,3,3,CGTTTGACTTAGAGGGAAGT,0,3338674
sohAp,0.25,3,3,CGTTCTTGAGTCGCTCGGAC,0,3343931
sohAp,0.25,3,3,CGTTAGACAGCATTCTGAGA,0,3357493
sohAp,0.25,3,3,CGTTACAAAATTCACAGCTG,0,3341494
sohAp,0.25,3,3,CGTGTTGGGCGTATGTGCCT,0,3344189
sohAp,0.25,3,3,CGTGTCCTTGCGTGTAATCC,0,3335394
sohAp,0.25,3,3,CGTGAAGTAAAGGGCTGTTT,0,3350381
sohAp,0.25,3,3,CGTCTAGTGGGTGTCGTAAT,0,3348974
sohAp,0.25,3,3,CGTCGCAGTCTTTCTAGCTC,0,3337385
sohAp,0.25,3,3,CGTCGAATTCCTCCGTGGTT,0,3345370
sohAp,0.25,3,3,CGTATGTATTCGTTGTCAAC,0,3343941
sohAp,0.25,3,3,CGTAGTAGGGTCCCCTAGAT,0,3340387
sohAp,0.25,3,3,CGTAACTGGGGGAGTAGTCT,0,3356887
sohAp,0.25,3,3,CGGTCTGGTGCTATGGGACT,0,3350531
sohAp,0.25,3,3,CGGTAGGTAATAACGCGGCG,0,3347652
sohAp,0.25,3,3,CGGTAGGACGGGGTAACTTC,0,3341695
sohAp,0.25,3,3,CGGTAGATTTATCGCAGTAG,0,3348261
sohAp,0.25,3,3,CGGTAGAGTTATAAAAATTC,0,3335704
sohAp,0.25,3,3,CGGGGATGAAAAGCTTGCGA,0,3346454
sohAp,0.25,3,3,CGGGGAATGATCTCAAACGA,0,3334318
sohAp,0.25,3,3,CGGGAGTTACAATGCAGTAA,0,3335429
sohAp,0.25,3,3,CGGGACATTCTGCAGGCTCT,0,3341470
sohAp,0.25,3,3,CGGCTTATGGCACCCAGGAG,0,3341210
sohAp,0.25,3,3,CGGCTCATAGCGGTTAGTAA,0,3353270
sohAp,0.25,3,3,CGGCGCACGTTTCCGCTGTA,0,3342231
sohAp,0.25,3,3,CGGAGGCTCTGAGAGGGGAT,0,3335432
sohAp,0.25,3,3,CGGAGGCATGCGAACCGTGT,0,3339936
sohAp,0.25,3,3,CGGAATACGAGCTGGGATTA,0,3354076
sohAp,0.25,3,3,CGCTATGATTTTTAACTACC,0,3349743
sohAp,0.25,3,3,CGCGTCACGGCCGCGGGGCT,0,3352523
sohAp,0.25,3,3,CGCGGTGACAGAGCCGGTTA,0,3344184
sohAp,0.25,3,3,CGCGCCCATCGCAGCCGGTC,0,3340695
sohAp,0.25,3,3,CGCGCAACCTACCGTGTGAA,0,3335312
sohAp,0.25,3,3,CGCCTTCGGATTTCTCGAGT,0,3354690
sohAp,0.25,3,3,CGCCGGACTTCAACTCGCAA,0,3355382
sohAp,0.25,3,3,CGCCCGGTCACTTGGGGTGG,0,3347937
sohAp,0.25,3,3,CGCCAGTGGTGCTTATGTAC,0,3359024
sohAp,0.25,3,3,CGCATTGTAATGAACATCCA,0,3347598
sohAp,0.25,3,3,CGCATACACACGGAGTGCGA,0,3349117
sohAp,0.25,3,3,CGCAGTTTACAATGTGTTTT,0,3346350
sohAp,0.25,3,3,CGCAGTCAGGGTTTGGAAAA,0,3359136
sohAp,0.25,3,3,CGCAGGCAACGCACCTTCCG,0,3354163
sohAp,0.25,3,3,CGCACCAGGAGCCCACACAA,0,3344335
sohAp,0.25,3,3,CGCACACAGGTCCAACCGTT,0,3338385
sohAp,0.25,3,3,CGCAATCTACCACGCCTTGA,0,3351261
sohAp,0.25,3,3,CGAGTGCTTTTGCCGATTCG,0,3351426
sohAp,0.25,3,3,CGAGTACGTATTGGATTAAT,0,3357007
sohAp,0.25,3,3,CGAGCTGCCTCGGCTCATGA,0,3358866
sohAp,0.25,3,3,CGAGCGGACGAGCCCCTTCG,0,3346236
sohAp,0.25,3,3,CGAATCCAGACGTCGTGTTT,0,3347209
sohAp,0.25,3,3,CGAAGAGTTCGGCAAAATAT,0,3339081
sohAp,0.25,3,3,CCTTGCTGTAAGTGACGGCG,0,3334199
sohAp,0.25,3,3,CCTGTTGGGTTTGTTTTTAA,0,3351118
sohAp,0.25,3,3,CCGGTTTGCGTCAATGGGAT,0,3350243
sohAp,0.25,3,3,CCGGGTCCTTCGAAGCCCCA,0,3348047
sohAp,0.25,3,3,CCGGGACGGTCCTGGAGAGG,0,3352108
sohAp,0.25,3,3,CCGCCAAGGATCCAACGCCT,0,3355751
sohAp,0.25,3,3,CCGCAGGACCCAGCGGTACC,0,3344971
sohAp,0.25,3,3,CCGAGCAGATATACCAAGCA,0,3353631
sohAp,0.25,3,3,CCCTGTCGCCTTTTGACATA,0,3346278
sohAp,0.25,3,3,CCCTAGTCCTTCGCCCGCGG,0,3354085
sohAp,0.25,3,3,CCCGGCACCTTCGCTGAGAA,0,3357737
sohAp,0.25,3,3,CCCGCGACACTTACAAATCG,0,3352117
sohAp,0.25,3,3,CCCGACGAGTGCCTTCCATT,0,3342057
sohAp,0.25,3,3,CCCCGAGGGCACCATGAGTT,0,3342743
sohAp,0.25,3,3,CCCCACCTCTAAGTTACCGG,0,3355485
sohAp,0.25,3,3,CCCACGCTATATGAAGAGCC,0,3346615
sohAp,0.25,3,3,CCCACCCGGCTTGAATTAAG,0,3354545
sohAp,0.25,3,3,CCATATTAGGGTTTGGGAAT,0,3345231
sohAp,0.25,3,3,CCATATCGTGTCCTCGTAGC,0,3339249
sohAp,0.25,3,3,CCAGTTGTCATAGAACTTCT,0,3340254
sohAp,0.25,3,3,CCAGGGCGAACATTTAAGAC,0,3346783
sohAp,0.25,3,3,CCAGACAGTGGAGTCCGGTT,0,3343930
sohAp,0.25,3,3,CCACACTGAAGGGAAGTGTA,0,3348894
sohAp,0.25,3,3,CCAAGGTCTAACTATTTTGG,0,3334585
sohAp,0.25,3,3,CCAAAATGGATCTCTTAGTT,0,3339079
sohAp,0.25,3,3,CATTCGTCCTGGTACGTGGT,0,3344740
sohAp,0.25,3,3,CATTAGCGTAACACTCCACT,0,3350401
sohAp,0.25,3,3,CATGTTTTGGGGGATACTAC,0,3334939
sohAp,0.25,3,3,CATGTTCGCCACGCGTCTCT,0,3354972
sohAp,0.25,3,3,CATCGGACATCTTTCGTTGT,0,3340945
sohAp,0.25,3,3,CATAGTGGTACGAGACCCCT,0,3348958
sohAp,0.25,3,3,CAGTGGCAGAATCCATAATA,0,3338294
sohAp,0.25,3,3,CAGTCGGATGCCCGACGCTC,0,3335859
sohAp,0.25,3,3,CAGTACGGATGCTGGACCGC,0,3345384
sohAp,0.25,3,3,CAGGGCCTGGGAGCGCAGCC,0,3351407
sohAp,0.25,3,3,CAGGCTCGAAGGAATCACCA,0,3355105
sohAp,0.25,3,3,CAGCTTATGGGTCGTGGTCC,0,3335406
sohAp,0.25,3,3,CAGCTGGTTGTTCGGTTTGC,0,3339912
sohAp,0.25,3,3,CAGATATGTAGTCCAAGTCA,0,3350827
sohAp,0.25,3,3,CAGAGCGACACTCATTTCGA,0,3354379
sohAp,0.25,3,3,CAGAGAGTCAACGGGAGCGG,0,3355653
sohAp,0.25,3,3,CAGAAATCCAGAAAACAGTG,0,3340598
sohAp,0.25,3,3,CACTGTAAGTCGTACACCAG,0,3352310
sohAp,0.25,3,3,CACGGATGGTACAACGGTAT,0,3356534
sohAp,0.25,3,3,CACCGGCCTTGACCTGCGTC,0,3346496
sohAp,0.25,3,3,CAATAAATGTAACACCCGTT,0,3345523
sohAp,0.25,3,3,CAAGATTTCTTCTCAGGTTC,0,3350104
sohAp,0.25,3,3,CAACTGGCAAGAAATACAAT,0,3349516
sohAp,0.25,3,3,CAACGCAGTCCGATGCAGTA,0,3357736
sohAp,0.25,3,3,CAAACGAAGCGGCACACGGC,0,3346753
sohAp,0.25,3,3,ATTTTCCCTGAAGGTTTAGG,0,3350872
sohAp,0.25,3,3,ATTTGGACTGTTCGTTCCGT,0,3343488
sohAp,0.25,3,3,ATTTCATTAAAGAGCTTCGG,0,3357491
sohAp,0.25,3,3,ATTTACTCTATGCAGCCTTT,0,3347253
sohAp,0.25,3,3,ATTGGGCAGCCGACTTTATA,0,3344648
sohAp,0.25,3,3,ATTGGAATCTATAGTTGCCC,0,3340497
sohAp,0.25,3,3,ATTGCGGTGCGCAGCCCAAT,0,3357343
sohAp,0.25,3,3,ATTGAAACTTACGTTTCTCA,0,3349692
sohAp,0.25,3,3,ATTCTTAATGCCTAGGCCAT,0,3354059
sohAp,0.25,3,3,ATTATGCTAATCGTCTATGT,0,3347731
sohAp,0.25,3,3,ATTACACTTTCGTACCTGTA,0,3352831
sohAp,0.25,3,3,ATGTTTTTAGTGAAACAGGA,0,3358084
sohAp,0.25,3,3,ATGGTCTGATAGTCACGTCT,0,3336038
sohAp,0.25,3,3,ATGGCGGGCTTTAGTTGAGT,0,3340067
sohAp,0.25,3,3,ATGGACTTCCTTATACTAAG,0,3355593
sohAp,0.25,3,3,ATGGACACGATGTTTTCACC,0,3344898
sohAp,0.25,3,3,ATGCTTAGGGTGGGCTCGTC,0,3335059
sohAp,0.25,3,3,ATGAATGAAGGAGGACAACT,0,3348733
sohAp,0.25,3,3,ATCTTGGGGGCGCTGGTTGG,0,3334351
sohAp,0.25,3,3,ATCTCGCTACCACGCTAGAA,0,3348684
sohAp,0.25,3,3,ATCTATTAACAATCGCAGCC,0,3339535
sohAp,0.25,3,3,ATCTATATTAGCCGGGACTT,0,3335061
sohAp,0.25,3,3,ATCGTTGCACATCGATAACC,0,3339355
sohAp,0.25,3,3,ATCGTATCTTCTGTCCCCGG,0,3348628
sohAp,0.25,3,3,ATCGATGGAGCTAGTGGTGC,0,3351375
sohAp,0.25,3,3,ATCCCTGTTCTGTCGTGAGT,0,3340737
sohAp,0.25,3,3,ATCCATATCATTGACGCGTC,0,3342109
sohAp,0.25,3,3,ATCAACCTCTTAAGTGGTTC,0,3351743
sohAp,0.25,3,3,ATATTTTGAGCAATGACTTG,0,3335782
sohAp,0.25,3,3,ATAGTCTATCAGTCCGGAAT,0,3350012
sohAp,0.25,3,3,ATACTGGTATGAAGGTATAG,0,3346629
sohAp,0.25,3,3,ATACGTTATATGAAGGAACT,0,3348464
sohAp,0.25,3,3,ATAAGCGGTATACACGTCTT,0,3348678
sohAp,0.25,3,3,ATAACATGCGTTCTACTCAC,0,3342550
sohAp,0.25,3,3,AGTTTAGCCGAATAAGTGAA,0,3337463
sohAp,0.25,3,3,AGTTACTAGACACAGAATCT,0,3350514
sohAp,0.25,3,3,AGTGTCGGGGTATTGGATGT,0,3347788
sohAp,0.25,3,3,AGTGCAGTACTAAAGCAGTG,0,3351832
sohAp,0.25,3,3,AGTGATTAGGACAGACGGCC,0,3348267
sohAp,0.25,3,3,AGTCCAATGTTGGGTGCTCA,0,3357389
sohAp,0.25,3,3,AGTATCGAACTGATATGGAT,0,3343144
sohAp,0.25,3,3,AGTATCATCCTGGCGAGAGA,0,3334630
sohAp,0.25,3,3,AGTAATCCACTGTTTGCTCA,0,3342256
sohAp,0.25,3,3,AGGGCATGCTTTAGGCACGA,0,3355029
sohAp,0.25,3,3,AGGGCACGGTCCTATGGGTT,0,3348819
sohAp,0.25,3,3,AGGGATCCGTCAAAGCAAAC,0,3352861
sohAp,0.25,3,3,AGGGAGACGCTCCTGTTCAG,0,3337534
sohAp,0.25,3,3,AGGCGGCAGGTAGTTCTCGA,0,3355174
sohAp,0.25,3,3,AGGCCTTTGGTAGGCTGCGT,0,3345324
sohAp,0.25,3,3,AGGAGGAGCTCGGAGCACCT,0,3352205
sohAp,0.25,3,3,AGGAACGCCAGCGAGGGTCT,0,3339127
sohAp,0.25,3,3,AGCCATCCATGGGTGCTAGA,0,3357541
sohAp,0.25,3,3,AGATTGGGATCTACGCGCAT,0,3354355
sohAp,0.25,3,3,AGATGGAATACAACCTGGTA,0,3348847
sohAp,0.25,3,3,AGAGTCTTATTGGTCCACAG,0,3346708
sohAp,0.25,3,3,AGAGCAGTATGGAATCACAA,0,3346227
sohAp,0.25,3,3,AGAGATTTTCAAGTTGACGA,0,3337898
sohAp,0.25,3,3,AGAGAAACTCATTCGATGCC,0,3338454
sohAp,0.25,3,3,AGACTTCGTTTGTACTGAAT,0,3347084
sohAp,0.25,3,3,AGACTGCATACAGTGTAGTC,0,3352159
sohAp,0.25,3,3,AGACGCGGTAGTTTTCCTTT,0,3351080
sohAp,0.25,3,3,AGAAGCTATCCTAGTTACCT,0,3346983
sohAp,0.25,3,3,AGAACAAAGCGGTCAATGAG,0,3348114
sohAp,0.25,3,3,ACTTTTCAAACATTGCCCGC,0,3353834
sohAp,0.25,3,3,ACTTGCAATCTTTTTGTGAG,0,3344942
sohAp,0.25,3,3,ACTTCCAGACATATGTAGAT,0,3357661
sohAp,0.25,3,3,ACTTCCAACCCACATGGCGT,0,3353853
sohAp,0.25,3,3,ACTCTAAACCAAGATTAATT,0,3340312
sohAp,0.25,3,3,ACTCAAATGAGCACCGCCAT,0,3342946
sohAp,0.25,3,3,ACGTTTTACATTCTGGAGTT,0,3337900
sohAp,0.25,3,3,ACGGTCTCTAGATTTCGGAA,0,3351750
sohAp,0.25,3,3,ACGGCTCAAAGTGGGCCATG,0,3356766
sohAp,0.25,3,3,ACGGAAAGGCCCCGAAATAA,0,3345164
sohAp,0.25,3,3,ACGCCTAGCATCGGCCTACG,0,3334325
sohAp,0.25,3,3,ACGATCATCTAACAACAGCA,0,3333804
sohAp,0.25,3,3,ACGAAGGATTCCGCTGACAA,0,3353234
sohAp,0.25,3,3,ACCTCAGGGGGTCAACGCGA,0,3346686
sohAp,0.25,3,3,ACCTCAATGACACCTGGAAT,0,3341199
sohAp,0.25,3,3,ACCGTGGCAACTGATAGACC,0,3348954
sohAp,0.25,3,3,ACCGTCTGTAGTTTGCGGGG,0,3354811
sohAp,0.25,3,3,ACCGGGTGGCAATGCTTTAA,0,3352207
sohAp,0.25,3,3,ACCGGCGTAGTTCTCGGGGT,0,3350403
sohAp,0.25,3,3,ACCCGTTTTCGAGGGCTGGG,0,3355369
sohAp,0.25,3,3,ACCCGGGTTTAGATACGACT,0,3356877
sohAp,0.25,3,3,ACCCATCAGTACATACGATA,0,3333721
sohAp,0.25,3,3,ACCACCTGGTGAACTCAATC,0,3338851
sohAp,0.25,3,3,ACATATCCGAGGTCTCTCTT,0,3354739
sohAp,0.25,3,3,ACAGGGTTATAACAAGACAA,0,3351946
sohAp,0.25,3,3,ACAGGGGTCATAATCCCACT,0,3344453
sohAp,0.25,3,3,ACAGCGATACTCGACGTGGT,0,3346157
sohAp,0.25,3,3,ACAGCAGCGCGTCTGGCCTT,0,3337675
sohAp,0.25,3,3,ACAGAACTTCGTAGCACGTT,0,3342760
sohAp,0.25,3,3,ACACTATTGCTAGAGGACCT,0,3335340
sohAp,0.25,3,3,ACACCGGGTCCAGATATTAC,0,3355244
sohAp,0.25,3,3,ACAATTGGTACAACTCGCCG,0,3352013
sohAp,0.25,3,3,ACAATAGATCAGAAGAAGCA,0,3345718
sohAp,0.25,3,3,ACAAGGGAGCGTTTTGTGCC,0,3348454
sohAp,0.25,3,3,ACAAGCTACCCCAGGAGCGA,0,3355267
sohAp,0.25,3,3,ACAACTGTCGGGCGTTTCTG,0,3352482
sohAp,0.25,3,3,ACAACATCGCAGCCTCCGAT,0,3346075
sohAp,0.25,3,3,AATTTGACGGACGCCAATAT,0,3350111
sohAp,0.25,3,3,AATTTAAACTCTCGTCTAAC,0,3347619
sohAp,0.25,3,3,AATTATCGGAGGGCATATAT,0,3358590
sohAp,0.25,3,3,AATGTTACGCACACGTTCGA,0,3333786
sohAp,0.25,3,3,AATCTAGGGGCTCACAGGTA,0,3343775
sohAp,0.25,3,3,AATCGGGACGTATGCCATCT,0,3345250
sohAp,0.25,3,3,AATCCAATGCAAAACCACTA,0,3357962
sohAp,0.25,3,3,AATAGGTGCAGCTTGGACCA,0,3340555
sohAp,0.25,3,3,AATAGCCAAGACTTTGCCCC,0,3356519
sohAp,0.25,3,3,AAGTTGTGTAGATTGGAGCG,0,3341229
sohAp,0.25,3,3,AAGTGCCGAGTGTCTCGGCT,0,3343915
sohAp,0.25,3,3,AAGGGAATTACCCTATGCTT,0,3345767
sohAp,0.25,3,3,AAGGAGGAATGAGTGTTGGC,0,3342131
sohAp,0.25,3,3,AAGCGCTGCATTGATCAGAC,0,3335956
sohAp,0.25,3,3,AAGCGACCGTGGAGAGGAGG,0,3335015
sohAp,0.25,3,3,AAGCAGGGAATGGCCTCAGT,0,3344187
sohAp,0.25,3,3,AAGACCTACAGTAAGCTTCG,0,3341751
sohAp,0.25,3,3,AACTTGGGATGGGTGGCGGG,0,3341285
sohAp,0.25,3,3,AACGGTGCTGTTCAAGTTAA,0,3340069
sohAp,0.25,3,3,AACGCCTAGTCCTGCGGTTG,0,3345854
sohAp,0.25,3,3,AACCCCCGCTGACAGGCCTG,0,3344284
sohAp,0.25,3,3,AACCCACAGAGAATGAGTGA,0,3351798
sohAp,0.25,3,3,AACACTGCTATATTCGCTCT,0,3334652
sohAp,0.25,3,3,AAATTAATGCAAGTTTGCGC,0,3344258
sohAp,0.25,3,3,AAATGTAGTGTTACTTCGCA,0,3336819
sohAp,0.25,3,3,AAATCACATTTAGCGGGCTA,0,3352395
sohAp,0.25,3,3,AAAGCGTCAAACTGAGCCAA,0,3357918
sohAp,0.25,3,3,AAACTCTCACCACGCAGCTA,0,3348476
sohAp,0.25,3,3,AAAAGTAAAGCTTCTATCAC,0,3353637
sohAp,0.25,3,3,AAAAGGTGGCAGCGATCGCC,0,3353378
sohAp,0.25,3,3,AAAACCATCCCCTAGGATGG,0,3339857
sohAp,0.3333333333333333,2,2,TTTTTTAAAACAGGGACCAG,0,3350585
sohAp,0.3333333333333333,2,2,TTTTCTGGACTATGCTGCTC,0,3346127
sohAp,0.3333333333333333,2,2,TTTGTCTAAGGGTGCGCCTG,0,3351762
sohAp,0.3333333333333333,2,2,TTTGAAGCTGCTTACCCAGC,0,3338099
sohAp,0.3333333333333333,2,2,TTTCTTTTGAACTCCACGTC,0,3341486
sohAp,0.3333333333333333,2,2,TTTCTTCATATACTCGAAGC,0,3339685
sohAp,0.3333333333333333,2,2,TTTCATTGTTTAAGCCGCAG,0,3334095
sohAp,0.3333333333333333,2,2,TTTCATGAGTCCGAAATTGC,0,3348370
sohAp,0.3333333333333333,2,2,TTTCACCCATGGAAACACAC,0,3357353
sohAp,0.3333333333333333,2,2,TTTACCGTCCAGTAGAACAC,0,3342114
sohAp,0.3333333333333333,2,2,TTTAACCCTCGGGTGAGATC,0,3335656
sohAp,0.3333333333333333,2,2,TTGTGCAAGCCGAATTTTAA,0,3353064
sohAp,0.3333333333333333,2,2,TTGGTTATGCCGAAGCCAGA,0,3336680
sohAp,0.3333333333333333,2,2,TTGGCTGAATTTGAAGTCCC,0,3343966
sohAp,0.3333333333333333,2,2,TTGGCATAGTCCTCGTTGCA,0,3335923
sohAp,0.3333333333333333,2,2,TTGCGCCTAATGGGGTGCAT,0,3349322
sohAp,0.3333333333333333,2,2,TTGCCTCTACAGCGCCTGTC,0,3337087
sohAp,0.3333333333333333,2,2,TTGCCTCCGCCGGTCATACC,0,3336451
sohAp,0.3333333333333333,2,2,TTGCCGAGGCCCACTTAGTG,0,3334344
sohAp,0.3333333333333333,2,2,TTGCCACGATGCCTGCTGTG,0,3350314
sohAp,0.3333333333333333,2,2,TTGAGCACGGGGCCGCCCAG,0,3347297
sohAp,0.3333333333333333,2,2,TTGAATACATATCCCGTCAG,0,3340671
sohAp,0.3333333333333333,2,2,TTCTGGTCTCTCCCAAAGAG,0,3357020
sohAp,0.3333333333333333,2,2,TTCTCTACCCCTGCCTCGAC,0,3335778
sohAp,0.3333333333333333,2,2,TTCTATCTGGGATCGCTTTT,0,3333806
sohAp,0.3333333333333333,2,2,TTCTAGGTCGCAGGGGGTTC,0,3337644
sohAp,0.3333333333333333,2,2,TTCGTGCGCTATCTTGCCAG,0,3349103
sohAp,0.3333333333333333,2,2,TTCGGACGTGCACGGGCAAC,0,3347543
sohAp,0.3333333333333333,2,2,TTCGAGTTGCCGAAGTTATT,0,3348756
sohAp,0.3333333333333333,2,2,TTCCCGGATATATACAGGCA,0,3342291
sohAp,0.3333333333333333,2,2,TTCATTCTGTGTCGCCAATG,0,3358117
sohAp,0.3333333333333333,2,2,TTCATGCCCGTTGGCATCAA,0,3343645
sohAp,0.3333333333333333,2,2,TTCATCGCTAGAGAGACCTA,0,3345527
sohAp,0.3333333333333333,2,2,TTCACACGATCTTTGCGGAG,0,3338270
sohAp,0.3333333333333333,2,2,TTATTTGGTCCGAGAGACTG,0,3348130
sohAp,0.3333333333333333,2,2,TTATGGTGGAGCAAGGTAAA,0,3337602
sohAp,0.3333333333333333,2,2,TTATCTCCACTCCGGATGTA,0,3334938
sohAp,0.3333333333333333,2,2,TTATCGTCTTGGGCAGGGAC,0,3351725
sohAp,0.3333333333333333,2,2,TTAGTGACGTGTTTCTGGCA,0,3341709
sohAp,0.3333333333333333,2,2,TTAGATCGGCGTTATAGTAC,0,3341787
sohAp,0.3333333333333333,2,2,TTACTTGCCTTCTGGGTAGA,0,3349984
sohAp,0.3333333333333333,2,2,TTAAGGCTGTTGACAGTTAT,0,3354886
sohAp,0.3333333333333333,2,2,TTAAGCACGTTACCTGCGGG,0,3348171
sohAp,0.3333333333333333,2,2,TTAACGATCCGAAGGAATGT,0,3349703
sohAp,0.3333333333333333,2,2,TTAAATGCTGGCGCGCCCTT,0,3342077
sohAp,0.3333333333333333,2,2,TGTTTTCGCTCCTACGGCAG,0,3357871
sohAp,0.3333333333333333,2,2,TGTTAAACCTGTGGAGCACC,0,3350245
sohAp,0.3333333333333333,2,2,TGTGGGACTTTTGAACAACC,0,3339998
sohAp,0.3333333333333333,2,2,TGTGCTGGTCAACGTTACAT,0,3341098
sohAp,0.3333333333333333,2,2,TGTCTGGTTAGCGTTTGAGT,0,3333840
sohAp,0.3333333333333333,2,2,TGTCTCTATCGTGAGAAAGT,0,3342468
sohAp,0.3333333333333333,2,2,TGTCGATATGCTACGAAACA,0,3334196
sohAp,0.3333333333333333,2,2,TGTCCACAGTACAACGGGGA,0,3352867
sohAp,0.3333333333333333,2,2,TGTATATCAGGGCTGCTATG,0,3340260
sohAp,0.3333333333333333,2,2,TGGTTAAAGGGTTGCTTATA,0,3350217
sohAp,0.3333333333333333,2,2,TGGTGGGATCTATGCTGTGG,0,3349066
sohAp,0.3333333333333333,2,2,TGGTGCTTCTCGTTCGACTC,0,3336662
sohAp,0.3333333333333333,2,2,TGGGTTGTACGCGACACATT,0,3334781
sohAp,0.3333333333333333,2,2,TGGGGGGCTCCTCAACTTGC,0,3354104
sohAp,0.3333333333333333,2,2,TGGGGGAGGCCGCGTTAACG,0,3338985
sohAp,0.3333333333333333,2,2,TGGGGCTATAGTCACAGCTG,0,3356076
sohAp,0.3333333333333333,2,2,TGGGCGGGTAGGGTGTAGGT,0,3335633
sohAp,0.3333333333333333,2,2,TGGGCGCATTAGCCGTCGGG,0,3334433
sohAp,0.3333333333333333,2,2,TGGCGCTGCAGTCTTCGCGG,0,3339495
sohAp,0.3333333333333333,2,2,TGGCAGCACCCGGTAGAGAA,0,3342984
sohAp,0.3333333333333333,2,2,TGGATATATTTCAGATATAG,0,3336471
sohAp,0.3333333333333333,2,2,TGGAGAGACTTGATGGTGCC,0,3356728
sohAp,0.3333333333333333,2,2,TGGACGAAGGCATGTAGGTG,0,3337364
sohAp,0.3333333333333333,2,2,TGGACCTTATGCGCCTGGGC,0,3343076
sohAp,0.3333333333333333,2,2,TGCTCTGCATCGAGATGGAT,0,3354658
sohAp,0.3333333333333333,2,2,TGCTCCTACAAGGCACTGAA,0,3335772
sohAp,0.3333333333333333,2,2,TGCGGTGTCCCCCGGAACGA,0,3339825
sohAp,0.3333333333333333,2,2,TGCGCGCCCACGTTCGATGC,0,3341928
sohAp,0.3333333333333333,2,2,TGCGCCGTATATTCTCAGCT,0,3350016
sohAp,0.3333333333333333,2,2,TGCCTCCATCTCATTATAGA,0,3349705
sohAp,0.3333333333333333,2,2,TGCCGCCTTAATGAGCCGAA,0,3342902
sohAp,0.3333333333333333,2,2,TGCCCGTTAACCTGACCGAT,0,3334680
sohAp,0.3333333333333333,2,2,TGCCCCTCCGTGTATTCTCA,0,3341277
sohAp,0.3333333333333333,2,2,TGCCCATTGCACTGTTAAAA,0,3356335
sohAp,0.3333333333333333,2,2,TGCCCAGTTCACATCAAGGG,0,3354621
sohAp,0.3333333333333333,2,2,TGCAGGAGAGCGCAACGATG,0,3357725
sohAp,0.3333333333333333,2,2,TGCAGCTGTCCTCCACCGGG,0,3358532
sohAp,0.3333333333333333,2,2,TGCACAGCAATTCCGTCACG,0,3346766
sohAp,0.3333333333333333,2,2,TGATTTTTCTTAACTGCGGG,0,3348138
sohAp,0.3333333333333333,2,2,TGATTATCACGTTAATTTGG,0,3344158
sohAp,0.3333333333333333,2,2,TGATGAAAGCCGGCCAATTC,0,3357951
sohAp,0.3333333333333333,2,2,TGATATGACGATGGGGGGGG,0,3336416
sohAp,0.3333333333333333,2,2,TGAGGCTTGAAATGGTTCGT,0,3342733
sohAp,0.3333333333333333,2,2,TGAGGACTCTCATTATCTTA,0,3341300
sohAp,0.3333333333333333,2,2,TGAGCGGCTACTAAGCCGCT,0,3350861
sohAp,0.3333333333333333,2,2,TGACGGGGCTCCAGCGCAAC,0,3352862
sohAp,0.3333333333333333,2,2,TGACCAGCAGACAGATCTGG,0,3353560
sohAp,0.3333333333333333,2,2,TGACACAGGTTTATCCTCAA,0,3347891
sohAp,0.3333333333333333,2,2,TGAATGTAGCAATTATATTA,0,3354173
sohAp,0.3333333333333333,2,2,TGAATCCCATGTGTGCGTTT,0,3346395
sohAp,0.3333333333333333,2,2,TGAACCCTCCCATTCTTAAG,0,3339981
sohAp,0.3333333333333333,2,2,TGAACAGAGTGTCGTACTAC,0,3356767
sohAp,0.3333333333333333,2,2,TCTTTTTGACGTTGAGCAGG,0,3343864
sohAp,0.3333333333333333,2,2,TCTTGAGTTCACTTCGATCG,0,3334514
sohAp,0.3333333333333333,2,2,TCTTACAGGGCGCGGTAATC,0,3339386
sohAp,0.3333333333333333,2,2,TCTGGTACTATCTCCCAGAG,0,3348402
sohAp,0.3333333333333333,2,2,TCTCTGGAAACTATCTTAGC,0,3340591
sohAp,0.3333333333333333,2,2,TCTCGTTCTTCGGGGACGCG,0,3336562
sohAp,0.3333333333333333,2,2,TCTCGTCAGCTTCGCGAGGC,0,3338414
sohAp,0.3333333333333333,2,2,TCTCGAAGTCCGGCGAATAT,0,3345113
sohAp,0.3333333333333333,2,2,TCTATTTTTACAGAAAAGGA,0,3339412
sohAp,0.3333333333333333,2,2,TCTATTTCACACAGCGTTTC,0,3349850
sohAp,0.3333333333333333,2,2,TCTACCTGGAGATACGAGTA,0,3346672
sohAp,0.3333333333333333,2,2,TCGGTTGCCCACCTGCTCAG,0,3344842
sohAp,0.3333333333333333,2,2,TCGGTGCCGGTGAATCCCGT,0,3340430
sohAp,0.3333333333333333,2,2,TCGGATTAGTAACTGGTGAT,0,3343406
sohAp,0.3333333333333333,2,2,TCGCTGGATAAGTCCGGTGC,0,3336733
sohAp,0.3333333333333333,2,2,TCCTTGGATCGGAGCTGCGC,0,3339631
sohAp,0.3333333333333333,2,2,TCCTGGACTCCCTTGTTCTT,0,3334148
sohAp,0.3333333333333333,2,2,TCCTCTATAAAGATCTAGGT,0,3341929
sohAp,0.3333333333333333,2,2,TCCTCGCAGTTCGGACGACT,0,3353946
sohAp,0.3333333333333333,2,2,TCCGTCCTCCCGGTTGGGCA,0,3337731
sohAp,0.3333333333333333,2,2,TCCGTACGTGAAGCACGTTA,0,3336919
sohAp,0.3333333333333333,2,2,TCCGGGAGTTCATGCTAGAA,0,3337663
sohAp,0.3333333333333333,2,2,TCCGGCTTGCCCCGACTAGC,0,3343715
sohAp,0.3333333333333333,2,2,TCCGGCGGGTACTTACAACA,0,3352182
sohAp,0.3333333333333333,2,2,TCCGCCCGGTCACAGTTAAT,0,3335094
sohAp,0.3333333333333333,2,2,TCCCGTTCAATCGTGACTTA,0,3349317
sohAp,0.3333333333333333,2,2,TCCACCAATGCCAGTATGAC,0,3341316
sohAp,0.3333333333333333,2,2,TCCAATCTCTGGTACCACAG,0,3352531
sohAp,0.3333333333333333,2,2,TCATTCTCGCGAATTGGCGG,0,3353181
sohAp,0.3333333333333333,2,2,TCAGTTTTGGTAAGCAAATT,0,3342402
sohAp,0.3333333333333333,2,2,TCAGTGAACTGTGAGCCCAT,0,3337669
sohAp,0.3333333333333333,2,2,TCAGCTGATTTTGGCAAGTT,0,3348302
sohAp,0.3333333333333333,2,2,TCACGTCTCAGGAGGCGGCC,0,3347160
sohAp,0.3333333333333333,2,2,TCACCTGGTAGCTAGCTTTC,0,3346826
sohAp,0.3333333333333333,2,2,TCACAGATGCCTAACGCCGT,0,3356152
sohAp,0.3333333333333333,2,2,TCACACGGTATTGTCACACA,0,3349751
sohAp,0.3333333333333333,2,2,TCAATCCTGAGCTAGGCCTT,0,3358688
sohAp,0.3333333333333333,2,2,TATTCCGCATCAAGGATACA,0,3353320
sohAp,0.3333333333333333,2,2,TATTCCAGAGGGCCCCGACA,0,3357939
sohAp,0.3333333333333333,2,2,TATTATTGGTACCGGAATCA,0,3347288
sohAp,0.3333333333333333,2,2,TATGGTACTCTCCTACCCCT,0,3336120
sohAp,0.3333333333333333,2,2,TATGGGCTTCGCCTGGGTGT,0,3336093
sohAp,0.3333333333333333,2,2,TATCACGCCCAAGGAGAAGA,0,3350213
sohAp,0.3333333333333333,2,2,TATACGGACTCGAAGCGAAT,0,3342825
sohAp,0.3333333333333333,2,2,TAGTCCTTTGGCCTAGACAG,0,3337913
sohAp,0.3333333333333333,2,2,TAGGCTTGAGATCTGAAAGG,0,3340664
sohAp,0.3333333333333333,2,2,TAGGCAGTGGCTCGAGTAGC,0,3343716
sohAp,0.3333333333333333,2,2,TAGCTGCCGGGGGCAGTTGT,0,3346043
sohAp,0.3333333333333333,2,2,TAGCTAGATTCAAATATTTG,0,3340702
sohAp,0.3333333333333333,2,2,TAGCATGCCGAACGGCCCTA,0,3335372
sohAp,0.3333333333333333,2,2,TAGATTGAGATCACCAAGTT,0,3356836
sohAp,0.3333333333333333,2,2,TAGACTTCACTCCGCCAAAC,0,3344745
sohAp,0.3333333333333333,2,2,TAGAATGCCAGTACGTAAAA,0,3354107
sohAp,0.3333333333333333,2,2,TACTTACATAACATGACGAT,0,3345165
sohAp,0.3333333333333333,2,2,TACTGGCATCAGGTAAGTAG,0,3344899
sohAp,0.3333333333333333,2,2,TACTGCCCGTGGGAGGGCTG,0,3344394
sohAp,0.3333333333333333,2,2,TACTATTCTACCGGAGATAG,0,3351672
sohAp,0.3333333333333333,2,2,TACGTGTTTAATTGCGTCAG,0,3335508
sohAp,0.3333333333333333,2,2,TACGGGGACATCGATCATTT,0,3346962
sohAp,0.3333333333333333,2,2,TACGAAGGGTTTAGTTCTGC,0,3347136
sohAp,0.3333333333333333,2,2,TACCTTTGATAATCAAGAAT,0,3340006
sohAp,0.3333333333333333,2,2,TACCACTTATTCCGTTCCTA,0,3346083
sohAp,0.3333333333333333,2,2,TACAGTACCCGACTAGGGGC,0,3357762
sohAp,0.3333333333333333,2,2,TACAGGCCATGATCACCAAG,0,3334983
sohAp,0.3333333333333333,2,2,TACAGAGAACCCCCCTCGCA,0,3342891
sohAp,0.3333333333333333,2,2,TACACCGAGTACCCAGTTAT,0,3335013
sohAp,0.3333333333333333,2,2,TACAAACCTTCTCGCCTCAT,0,3343237
sohAp,0.3333333333333333,2,2,TAAGAATCAGAATGGGCTAC,0,3338810
sohAp,0.3333333333333333,2,2,TAACTTATAAAACGGCGTTA,0,3350877
sohAp,0.3333333333333333,2,2,TAACTGGACTGTGGTCGTTT,0,3340017
sohAp,0.3333333333333333,2,2,TAACGTAGGCAGCCATGGTA,0,3350918
sohAp,0.3333333333333333,2,2,TAACGCCATATGGCGCCACT,0,3347255
sohAp,0.3333333333333333,2,2,TAACACCGCTGCCTCAGGGT,0,3348854
sohAp,0.3333333333333333,2,2,TAAATTGTTCAACCCATCAT,0,3341375
sohAp,0.3333333333333333,2,2,TAAATCATTTGATTCAAGGT,0,3335636
sohAp,0.3333333333333333,2,2,TAAAGGGGTTTATGCATGAG,0,3356067
sohAp,0.3333333333333333,2,2,TAAAGGGGTTTAATTCTTCC,0,3347777
sohAp,0.3333333333333333,2,2,TAAACGTTTAACGTGAACCC,0,3347363
sohAp,0.3333333333333333,2,2,TAAACCCTTCCAGTCATAGT,0,3356401
sohAp,0.3333333333333333,2,2,GTTTGCCTGCCTTTGGCGGT,0,3352825
sohAp,0.3333333333333333,2,2,GTTTCGTAACCTAGAAAGGG,0,3352136
sohAp,0.3333333333333333,2,2,GTTTCATATAGTGTAACCAT,0,3354527
sohAp,0.3333333333333333,2,2,GTTTCACCGTAGGGTGTTCT,0,3339662
sohAp,0.3333333333333333,2,2,GTTGTACGGCTTCCGGTTAG,0,3349760
sohAp,0.3333333333333333,2,2,GTTGGCATTCTTCGGAGGGG,0,3355913
sohAp,0.3333333333333333,2,2,GTTGCATTCGACATAGAGAG,0,3351096
sohAp,0.3333333333333333,2,2,GTTCTTTGCTACAGCTATAT,0,3336934
sohAp,0.3333333333333333,2,2,GTTCTTTGCGCTACCGCGGG,0,3346606
sohAp,0.3333333333333333,2,2,GTTCGTGGCAAGACTAGGCG,0,3345441
sohAp,0.3333333333333333,2,2,GTTCCAAAACCGGGTGGTAA,0,3335795
sohAp,0.3333333333333333,2,2,GTTCACTGGCCGCTGATGCG,0,3350724
sohAp,0.3333333333333333,2,2,GTTAGTCATACTGCTCTGTT,0,3346723
sohAp,0.3333333333333333,2,2,GTGTCCGTGCCATGCTCGCT,0,3341436
sohAp,0.3333333333333333,2,2,GTGGTGGAAGCAACCGTGAT,0,3333867
sohAp,0.3333333333333333,2,2,GTGGGGAGGTATTTGCTCAG,0,3346065
sohAp,0.3333333333333333,2,2,GTGGCAGATGCGTTTTGCAG,0,3333946
sohAp,0.3333333333333333,2,2,GTGGAAAGCGTCACGAGCGG,0,3352018
sohAp,0.3333333333333333,2,2,GTGCTCATCTTATCGTAGTT,0,3347158
sohAp,0.3333333333333333,2,2,GTGCGCGATACACATGCGGG,0,3347073
sohAp,0.3333333333333333,2,2,GTGACGCGCGAGTATGTCCT,0,3337285
sohAp,0.3333333333333333,2,2,GTGAACCAGTAGGGACCAGT,0,3341717
sohAp,0.3333333333333333,2,2,GTCTCGGAGTACGGGCGTTG,0,3354228
sohAp,0.3333333333333333,2,2,GTCGATTCCATAGGATTTGC,0,3354557
sohAp,0.3333333333333333,2,2,GTCGAGGCTAGTTCCAAGAA,0,3355250
sohAp,0.3333333333333333,2,2,GTCCTTTAGCAAAGATCTCA,0,3347559
sohAp,0.3333333333333333,2,2,GTCCGCGTTCTAAATGGTGA,0,3339117
sohAp,0.3333333333333333,2,2,GTCCGACCTTGGCACATGGG,0,3339973
sohAp,0.3333333333333333,2,2,GTCCCCCAACGGTGGACATG,0,3336273
sohAp,0.3333333333333333,2,2,GTCCAGTTTCCGACCGCCGA,0,3353570
sohAp,0.3333333333333333,2,2,GTCATGTATTAGGGATTGCC,0,3336665
sohAp,0.3333333333333333,2,2,GTCAGAACAAGCGTTCGAGA,0,3355298
sohAp,0.3333333333333333,2,2,GTCAATGGTTGTGCAGCTTG,0,3359143
sohAp,0.3333333333333333,2,2,GTCAACCGACCTCAGGGTAC,0,3339279
sohAp,0.3333333333333333,2,2,GTATCGCTCATCACCCTCTT,0,3350262
sohAp,0.3333333333333333,2,2,GTAGCGGGTGACATCCCCCG,0,3347938
sohAp,0.3333333333333333,2,2,GTAGACCCGTGTGCTCTTTG,0,3344143
sohAp,0.3333333333333333,2,2,GTACTTCTCAAGTCCGGCCA,0,3339750
sohAp,0.3333333333333333,2,2,GTACTCCACAGGACACCTAA,0,3347430
sohAp,0.3333333333333333,2,2,GTACCAGAAACCTAGTTATC,0,3343340
sohAp,0.3333333333333333,2,2,GTAAGTGAACACCAGACTGT,0,3347391
sohAp,0.3333333333333333,2,2,GTAACTCGCAACGGTATGGC,0,3349140
sohAp,0.3333333333333333,2,2,GTAACAATCGGTATTGAGGG,0,3349704
sohAp,0.3333333333333333,2,2,GTAAAGATCCAGTAAAACAG,0,3358422
sohAp,0.3333333333333333,2,2,GGTGTCCAACGATGATCACG,0,3342158
sohAp,0.3333333333333333,2,2,GGTGTATATGTTCGGCCTGT,0,3349893
sohAp,0.3333333333333333,2,2,GGTGAACGACACTCAGTATT,0,3355809
sohAp,0.3333333333333333,2,2,GGTCGTGAATTCGCTGTCAG,0,3345663
sohAp,0.3333333333333333,2,2,GGGTCTAGTAGCGGGTCAAG,0,3349745
sohAp,0.3333333333333333,2,2,GGGTCAGAAGACGATGTACA,0,3352283
sohAp,0.3333333333333333,2,2,GGGTAGTTATGAAGTCATGC,0,3338871
sohAp,0.3333333333333333,2,2,GGGTAGCCCACGTTCACGCC,0,3346156
sohAp,0.3333333333333333,2,2,GGGGCGTGCTGACGTTCCCC,0,3339958
sohAp,0.3333333333333333,2,2,GGGGAATAGAGAACTCTCGC,0,3343390
sohAp,0.3333333333333333,2,2,GGGGAAACCCTGCTAGCAAT,0,3351021
sohAp,0.3333333333333333,2,2,GGGCTTATCCTGGCGTTCGC,0,3339184
sohAp,0.3333333333333333,2,2,GGGCTACTTATGAATGTGTA,0,3338624
sohAp,0.3333333333333333,2,2,GGGCGGTACTTAGTTCCACG,0,3357830
sohAp,0.3333333333333333,2,2,GGGCGCGTATTGTCTGGCGA,0,3341750
sohAp,0.3333333333333333,2,2,GGGCCTACACGCTCCTTCAT,0,3336797
sohAp,0.3333333333333333,2,2,GGGCATCCAAGCTTATTCGG,0,3356585
sohAp,0.3333333333333333,2,2,GGGCATACACAGAAGTTGGC,0,3345592
sohAp,0.3333333333333333,2,2,GGGCACGGATGCGTAGCAGT,0,3337075
sohAp,0.3333333333333333,2,2,GGGATTGCCAGAGATCCGAG,0,3357169
sohAp,0.3333333333333333,2,2,GGGATGTATAAGGAAAGTGT,0,3354377
sohAp,0.3333333333333333,2,2,GGGATAGCCGAGTGCCAGCT,0,3350234
sohAp,0.3333333333333333,2,2,GGGATACGGGGACGTCTCCT,0,3339589
sohAp,0.3333333333333333,2,2,GGCTTACAAGGTACAAAATG,0,3339060
sohAp,0.3333333333333333,2,2,GGCTGTCATTAATCAGGACG,0,3344851
sohAp,0.3333333333333333,2,2,GGCTAGAAATTGTTGGCGGG,0,3348399
sohAp,0.3333333333333333,2,2,GGCTACTTCGGGCGCTCGAA,0,3357006
sohAp,0.3333333333333333,2,2,GGCGGTACAGTATGCCGAAA,0,3342387
sohAp,0.3333333333333333,2,2,GGCGGCTACCAAGGTGTACA,0,3352602
sohAp,0.3333333333333333,2,2,GGCGAATTGTGTAGAAAAGT,0,3349062
sohAp,0.3333333333333333,2,2,GGCCTCTGGGTAAAGTCTGC,0,3349403
sohAp,0.3333333333333333,2,2,GGCCTAAGGAGGTCAGTAGC,0,3348213
sohAp,0.3333333333333333,2,2,GGCCGTCGGGGATAGTCGTT,0,3338633
sohAp,0.3333333333333333,2,2,GGCCAATCGTCAGCTTAGTG,0,3336371
sohAp,0.3333333333333333,2,2,GGCAGGGCTATAAGTGGCGC,0,3355627
sohAp,0.3333333333333333,2,2,GGCAGAGCCTAGCCTACGTC,0,3338754
sohAp,0.3333333333333333,2,2,GGCACACCAGACCGTACGCC,0,3338710
sohAp,0.3333333333333333,2,2,GGCAAGCGCTACCCTCGGCG,0,3346304
sohAp,0.3333333333333333,2,2,GGATGTTTTATTTCCGTAAG,0,3345790
sohAp,0.3333333333333333,2,2,GGAGGTTTACCAATCATTGA,0,3348204
sohAp,0.3333333333333333,2,2,GGAGGGTTAACAACACAGTC,0,3349774
sohAp,0.3333333333333333,2,2,GGAGACGTTTAGCGCAAACG,0,3354516
sohAp,0.3333333333333333,2,2,GGACGAATAATATTAGTTCG,0,3355908
sohAp,0.3333333333333333,2,2,GGACAGTCTCGCGGACTAGA,0,3340123
sohAp,0.3333333333333333,2,2,GGAATTAAGGCCCCAATATC,0,3355252
sohAp,0.3333333333333333,2,2,GGAACCGCATCATAATTTTA,0,3348249
sohAp,0.3333333333333333,2,2,GCTTCAAGGAAAGAGCGTGG,0,3353660
sohAp,0.3333333333333333,2,2,GCTTAGTGACCAACAGGGAC,0,3355874
sohAp,0.3333333333333333,2,2,GCTGTATTCTGGTACATCCG,0,3344798
sohAp,0.3333333333333333,2,2,GCTGGGAGGTCTGGCCCAAG,0,3342395
sohAp,0.3333333333333333,2,2,GCTGCTTAGGGGGCTCATAT,0,3342928
sohAp,0.3333333333333333,2,2,GCTGCCAAGGCGCAAAGATA,0,3349174
sohAp,0.3333333333333333,2,2,GCTGATTTCCCAAGAAATTT,0,3356294
sohAp,0.3333333333333333,2,2,GCGTCTTGAAAAGTGTAGCG,0,3344781
sohAp,0.3333333333333333,2,2,GCGTATGGCATAGACGTGTA,0,3350014
sohAp,0.3333333333333333,2,2,GCGTAATGTGGGGCTTAAAA,0,3337881
sohAp,0.3333333333333333,2,2,GCGTAAGACCTAAATGTGAT,0,3358115
sohAp,0.3333333333333333,2,2,GCGTAAACCGGGTATAATTA,0,3346354
sohAp,0.3333333333333333,2,2,GCGGTGCTCTTCTTACTGAA,0,3357068
sohAp,0.3333333333333333,2,2,GCGGTGCGGGATCAACTCAC,0,3345121
sohAp,0.3333333333333333,2,2,GCGGGTACTCTCCTTGGGAG,0,3355779
sohAp,0.3333333333333333,2,2,GCGGACACAGTCAGAAGGGT,0,3338613
sohAp,0.3333333333333333,2,2,GCGCTGTACGTAAATAATCA,0,3351500
sohAp,0.3333333333333333,2,2,GCGCGCGAGCGTCGTATTTG,0,3354430
sohAp,0.3333333333333333,2,2,GCGCGATGTGACGCGTTTCT,0,3341832
sohAp,0.3333333333333333,2,2,GCGCCATGGGAAACAATGCG,0,3349589
sohAp,0.3333333333333333,2,2,GCGCCAGCTTTTCAGTTGAA,0,3355891
sohAp,0.3333333333333333,2,2,GCGCAGCTACACGTTTCATT,0,3333883
sohAp,0.3333333333333333,2,2,GCGACACAGCTTGTCGTTAC,0,3358838
sohAp,0.3333333333333333,2,2,GCCTTTCCGCTCTTGGACCC,0,3356019
sohAp,0.3333333333333333,2,2,GCCTCTTATGGCCGCGATCG,0,3353851
sohAp,0.3333333333333333,2,2,GCCCAGTCATGGCCGTGAAG,0,3344679
sohAp,0.3333333333333333,2,2,GCCAGCTGAACCGTTCGAGA,0,3343533
sohAp,0.3333333333333333,2,2,GCCAAAGATTCGACGTGTCA,0,3338521
sohAp,0.3333333333333333,2,2,GCATTGGGAGGCAAACATTT,0,3358695
sohAp,0.3333333333333333,2,2,GCATCTGGTTGCGAGATTGC,0,3344006
sohAp,0.3333333333333333,2,2,GCATACGCGAACGGCTATAT,0,3353661
sohAp,0.3333333333333333,2,2,GCAGAACCCTGGATTTCCAA,0,3334179
sohAp,0.3333333333333333,2,2,GCACCGGACATGCGCCTTCA,0,3340131
sohAp,0.3333333333333333,2,2,GCAAGGATTCACAGACGAGC,0,3351944
sohAp,0.3333333333333333,2,2,GCAACATTGGACAAAGAAAA,0,3348950
sohAp,0.3333333333333333,2,2,GCAAATGACGTACCGGACAG,0,3353255
sohAp,0.3333333333333333,2,2,GATTTTTGGGAATTGTAATA,0,3335465
sohAp,0.3333333333333333,2,2,GATTCCACGTCATATTTAAG,0,3349275
sohAp,0.3333333333333333,2,2,GATTATGGTACGTACATGGG,0,3350592
sohAp,0.3333333333333333,2,2,GATTATCCGGGTCATAGCTC,0,3352325
sohAp,0.3333333333333333,2,2,GATCTATTACGAAGTGGGTG,0,3337267
sohAp,0.3333333333333333,2,2,GATCCCACGCCAGCTCTGGA,0,3340949
sohAp,0.3333333333333333,2,2,GATCAAACACGTGTAGGTGC,0,3339035
sohAp,0.3333333333333333,2,2,GATAAGGCTTTCACAGCTCG,0,3334350
sohAp,0.3333333333333333,2,2,GAGTGCATCACGTGGTGTAT,0,3335932
sohAp,0.3333333333333333,2,2,GAGTAGGTTTCAGTCGCTGT,0,3355657
sohAp,0.3333333333333333,2,2,GAGTAATTCATCAGCCCCGG,0,3354351
sohAp,0.3333333333333333,2,2,GAGGCCCTGAACGCGGCAGG,0,3338630
sohAp,0.3333333333333333,2,2,GAGATGTCGTGATAATACAT,0,3358587
sohAp,0.3333333333333333,2,2,GAGAAGCGAACATGACGATT,0,3347122
sohAp,0.3333333333333333,2,2,GACTTCGTTCAAGTGAAACT,0,3345922
sohAp,0.3333333333333333,2,2,GACGTGGCCGGGGCATTGAC,0,3345334
sohAp,0.3333333333333333,2,2,GACGGGGCGCAGACCATTAG,0,3343897
sohAp,0.3333333333333333,2,2,GACCGACTATGATTGTGTGC,0,3347064
sohAp,0.3333333333333333,2,2,GACATTTGCCCTTCTGGAGT,0,3337821
sohAp,0.3333333333333333,2,2,GACATGAGGGCCCATCTATA,0,3351598
sohAp,0.3333333333333333,2,2,GAATATTTTACCTGCCTGAG,0,3350113
sohAp,0.3333333333333333,2,2,GAATATTCACCAAACTGGTC,0,3335167
sohAp,0.3333333333333333,2,2,GAAGTTAGCCTACGTTGCTG,0,3336492
sohAp,0.3333333333333333,2,2,GAAGTCGCACGGGCAATTTC,0,3350620
sohAp,0.3333333333333333,2,2,GAAGCATCACAAGGCACGGG,0,3357248
sohAp,0.3333333333333333,2,2,GAACGGAACCAGTTTTGCTT,0,3351271
sohAp,0.3333333333333333,2,2,GAAATAAATAACAACAAAGG,0,3347649
sohAp,0.3333333333333333,2,2,GAAAGTTCGGAGGAACGAGA,0,3346199
sohAp,0.3333333333333333,2,2,GAAAGCGAGGCTGTATTAGG,0,3342110
sohAp,0.3333333333333333,2,2,CTTTTGGTTCGATCTACGGG,0,3336727
sohAp,0.3333333333333333,2,2,CTTTCAAGAAAGGAATGATT,0,3358118
sohAp,0.3333333333333333,2,2,CTTGCCTTGGTGTATGTCGT,0,3344980
sohAp,0.3333333333333333,2,2,CTTGCAGCTTCTGGTTGAGA,0,3347410
sohAp,0.3333333333333333,2,2,CTTGAGCAATCGACCATGAA,0,3337641
sohAp,0.3333333333333333,2,2,CTTCTCTACGTCTTTAAAGA,0,3350519
sohAp,0.3333333333333333,2,2,CTTCCCTACCGGTGCGGGCT,0,3353568
sohAp,0.3333333333333333,2,2,CTTCCCAGGCAGGTCCGTAG,0,3335000
sohAp,0.3333333333333333,2,2,CTGGTTCCGCAAGCCTAGCA,0,3340666
sohAp,0.3333333333333333,2,2,CTGGTCGCCCACCTCACCTA,0,3351163
sohAp,0.3333333333333333,2,2,CTGGCTCCCGCTTCGTTAGT,0,3352887
sohAp,0.3333333333333333,2,2,CTGCCTTGATAATACCACAC,0,3346268
sohAp,0.3333333333333333,2,2,CTGCACTGTGTTGTACCGAA,0,3353403
sohAp,0.3333333333333333,2,2,CTGAGTGACACTTGGCTCTC,0,3340749
sohAp,0.3333333333333333,2,2,CTCTTACAATCCGTGGTAGC,0,3346693
sohAp,0.3333333333333333,2,2,CTCTGATACCGTTCTGCCTG,0,3343729
sohAp,0.3333333333333333,2,2,CTCTCAGGTCCTCGTCAGGG,0,3356905
sohAp,0.3333333333333333,2,2,CTCTAAATTGCGAAGGACGT,0,3355664
sohAp,0.3333333333333333,2,2,CTCGTTGCGGTTCAGTCTTT,0,3351864
sohAp,0.3333333333333333,2,2,CTCGTGTGGCGTTTATAAAT,0,3334864
sohAp,0.3333333333333333,2,2,CTCGCTTGAGTCTTAACAAG,0,3357234
sohAp,0.3333333333333333,2,2,CTCGCTATCGTGACGGGGTT,0,3353427
sohAp,0.3333333333333333,2,2,CTCGCGGAGCGTGCTACCCT,0,3346019
sohAp,0.3333333333333333,2,2,CTCGAATTTGGACAGTCCCC,0,3337161
sohAp,0.3333333333333333,2,2,CTCCTACCTTGCTATCCTCA,0,3342843
sohAp,0.3333333333333333,2,2,CTCCCAGACCGAGCCGGCTT,0,3342470
sohAp,0.3333333333333333,2,2,CTCCACAACCCTCTTAAAGA,0,3355599
sohAp,0.3333333333333333,2,2,CTCCAATCAGCATTGGGGGG,0,3337618
sohAp,0.3333333333333333,2,2,CTCCAACCAGAGGCTTGGCA,0,3345699
sohAp,0.3333333333333333,2,2,CTCATTGAGCCTGGCCAACT,0,3356466
sohAp,0.3333333333333333,2,2,CTAGGTTCATCTGAAGTGCC,0,3345469
sohAp,0.3333333333333333,2,2,CTAGGTATCATACATGTCGG,0,3354652
sohAp,0.3333333333333333,2,2,CTAGGATGGCCGTCCACTCA,0,3354508
sohAp,0.3333333333333333,2,2,CTAGAGCCGTCGCGCTCCTT,0,3344448
sohAp,0.3333333333333333,2,2,CTAGAATTTTTGTCCTCGAG,0,3353948
sohAp,0.3333333333333333,2,2,CTACCAGTATGGGTTTCTCA,0,3341779
sohAp,0.3333333333333333,2,2,CTAATTCAGTCATCGAAACA,0,3349977
sohAp,0.3333333333333333,2,2,CTAAGCTCCTATACTTTGTG,0,3335121
sohAp,0.3333333333333333,2,2,CTAAGCCCCAGATTCGCTCT,0,3358644
sohAp,0.3333333333333333,2,2,CTAACGGTGGGAACAGAAGC,0,3351583
sohAp,0.3333333333333333,2,2,CTAACCTTTTAGGAGGCGCT,0,3343225
sohAp,0.3333333333333333,2,2,CGTTTGGTAAGGGAGCGAGA,0,3354550
sohAp,0.3333333333333333,2,2,CGTTCAGCGTTGAGCATTTG,0,3339595
sohAp,0.3333333333333333,2,2,CGTTATTACTTGGCACCGTA,0,3334981
sohAp,0.3333333333333333,2,2,CGTTATGGCACGCTGTAGAG,0,3353624
sohAp,0.3333333333333333,2,2,CGTTATGCAGCCGCTTATAT,0,3338140
sohAp,0.3333333333333333,2,2,CGTGGCGCTCAGTAAGGGTA,0,3351185
sohAp,0.3333333333333333,2,2,CGTGGAGGGGTAAGGTATTA,0,3343266
sohAp,0.3333333333333333,2,2,CGTGCCCTAATGGGTGCTCG,0,3339937
sohAp,0.3333333333333333,2,2,CGTCTCATAGCGGTGAAAAC,0,3349889
sohAp,0.3333333333333333,2,2,CGTCGACCCAGATATTCCTT,0,3353528
sohAp,0.3333333333333333,2,2,CGTCACCTAATAGCTAGTGC,0,3342979
sohAp,0.3333333333333333,2,2,CGTATCGTGGTTTCCACAGC,0,3342729
sohAp,0.3333333333333333,2,2,CGTATAAGAAACGTAGATAC,0,3333952
sohAp,0.3333333333333333,2,2,CGTAATCCACACAAAAATCC,0,3354468
sohAp,0.3333333333333333,2,2,CGTAAATTCCGACACACATA,0,3349150
sohAp,0.3333333333333333,2,2,CGGTTCATGTTGCCAATTTC,0,3341762
sohAp,0.3333333333333333,2,2,CGGTGTTTAAGATATGCACG,0,3340000
sohAp,0.3333333333333333,2,2,CGGTGGGCCACCCAAAAAAC,0,3351117
sohAp,0.3333333333333333,2,2,CGGGTGTAATTGGTTTAGAC,0,3354544
sohAp,0.3333333333333333,2,2,CGGGGACGTCCGGTAGATAG,0,3341397
sohAp,0.3333333333333333,2,2,CGGGCGGACTTTGCCAGCCG,0,3334610
sohAp,0.3333333333333333,2,2,CGGCTGAGGATAGCATCGGT,0,3343234
sohAp,0.3333333333333333,2,2,CGGCTCTGCGACCCAATAGG,0,3346216
sohAp,0.3333333333333333,2,2,CGGCGACGATAATGTATGAA,0,3340066
sohAp,0.3333333333333333,2,2,CGGCCTTCACACTGGCGTCC,0,3340615
sohAp,0.3333333333333333,2,2,CGGATAAAGACGACTATAGT,0,3345530
sohAp,0.3333333333333333,2,2,CGCTTCGCAAGACGCGTACC,0,3348087
sohAp,0.3333333333333333,2,2,CGCTTAGCGGCACTATTAGT,0,3354721
sohAp,0.3333333333333333,2,2,CGCTCTTCCGGTGTGTCTCT,0,3354384
sohAp,0.3333333333333333,2,2,CGCCGGCTTTTTTAACCGCT,0,3333988
sohAp,0.3333333333333333,2,2,CGCAGGAATTAGTTCCCAGA,0,3351609
sohAp,0.3333333333333333,2,2,CGCAGAATAGTCAGATAACC,0,3358327
sohAp,0.3333333333333333,2,2,CGCACGACCACCGGACAAAG,0,3343657
sohAp,0.3333333333333333,2,2,CGATCGATTCCATCGATGTA,0,3344630
sohAp,0.3333333333333333,2,2,CGAGTTCGATCCCGCTTTCT,0,3345147
sohAp,0.3333333333333333,2,2,CGAGGAGGCTTGAGTAAATA,0,3336300
sohAp,0.3333333333333333,2,2,CGAGGACTCGACTGGAATAG,0,3340790
sohAp,0.3333333333333333,2,2,CGAGCTTTTAAGAGAGCAAC,0,3349198
sohAp,0.3333333333333333,2,2,CGAGAGAAGGTGTTTTTACA,0,3352939
sohAp,0.3333333333333333,2,2,CGACATGACAATGTTGCGGC,0,3342128
sohAp,0.3333333333333333,2,2,CGAAGACTGTTGGGTTTGCC,0,3341850
sohAp,0.3333333333333333,2,2,CCTTGGACAGGATATGCAAG,0,3352533
sohAp,0.3333333333333333,2,2,CCTTGCAGCCGAGTTCCGGG,0,3338695
sohAp,0.3333333333333333,2,2,CCTGTTTACCTCGTAGCAAC,0,3340997
sohAp,0.3333333333333333,2,2,CCTGTGCCGTCTAAAGAGGA,0,3355371
sohAp,0.3333333333333333,2,2,CCTGGAACCCAATAAGAGTG,0,3347091
sohAp,0.3333333333333333,2,2,CCTCCCAAACTGGTCGTCGC,0,3340310
sohAp,0.3333333333333333,2,2,CCTACTGTGATGCCATGGAC,0,3354032
sohAp,0.3333333333333333,2,2,CCTACTCTGACCATCGCAAG,0,3335466
sohAp,0.3333333333333333,2,2,CCGTGTAGGACAGATATTTG,0,3347602
sohAp,0.3333333333333333,2,2,CCGTCCATGGCTGCTATTGG,0,3346720
sohAp,0.3333333333333333,2,2,CCGGGCCATTATTGTGGTAC,0,3357158
sohAp,0.3333333333333333,2,2,CCGGGCCAAGCTGCGTCAAC,0,3354821
sohAp,0.3333333333333333,2,2,CCGCCAGTCTCTTAGGAAAC,0,3356876
sohAp,0.3333333333333333,2,2,CCGCAGAGCACTAGGCTGGG,0,3357935
sohAp,0.3333333333333333,2,2,CCGATTCTTGAATGGAAAGT,0,3350460
sohAp,0.3333333333333333,2,2,CCGATGAGGGCATATCGCGG,0,3354019
sohAp,0.3333333333333333,2,2,CCGATCAGTGCATCGCGTGT,0,3338166
sohAp,0.3333333333333333,2,2,CCGAAGCGGGTAATCGACCA,0,3348919
sohAp,0.3333333333333333,2,2,CCGAAAGGCTCCAGTTGTAA,0,3347939
sohAp,0.3333333333333333,2,2,CCCTTCTGATAGGCAGTGAA,0,3353032
sohAp,0.3333333333333333,2,2,CCCTCGGAACGGGTAGGTGA,0,3353004
sohAp,0.3333333333333333,2,2,CCCTAAGGCAAGTGCGGTCC,0,3338240
sohAp,0.3333333333333333,2,2,CCCGCAAGCATCCTAGTTTG,0,3357179
sohAp,0.3333333333333333,2,2,CCCGAGACTGGGTACACAAT,0,3349426
sohAp,0.3333333333333333,2,2,CCCCGTTGAACCACGAAGTT,0,3347070
sohAp,0.3333333333333333,2,2,CCCATATGCTAGACTCTCAA,0,3354819
sohAp,0.3333333333333333,2,2,CCCAATCCGGGTAAGTCGAT,0,3349290
sohAp,0.3333333333333333,2,2,CCCAAACATTGACACTTTGT,0,3340404
sohAp,0.3333333333333333,2,2,CCATTTAGCCGACTTCGATC,0,3334258
sohAp,0.3333333333333333,2,2,CCAGGGAATACGGAGTCCAT,0,3341291
sohAp,0.3333333333333333,2,2,CCAGGCTCTCGTTATATCAC,0,3337542
sohAp,0.3333333333333333,2,2,CCAATATCGTTGTCAGGTAC,0,3351228
sohAp,0.3333333333333333,2,2,CCAAGCCGAGAAATCGGGCG,0,3356701
sohAp,0.3333333333333333,2,2,CCAAAGCGTCCCAGGTAATC,0,3340327
sohAp,0.3333333333333333,2,2,CATTGTGCGGTAGAGGCAGA,0,3344329
sohAp,0.3333333333333333,2,2,CATTGGGAGTCTGAGCGGAA,0,3345210
sohAp,0.3333333333333333,2,2,CATTGCTTTCCCCGTTAAAG,0,3344634
sohAp,0.3333333333333333,2,2,CATTGCTGTATCTGGGTCCC,0,3351351
sohAp,0.3333333333333333,2,2,CATTATAAGCATAAAAAACC,0,3339302
sohAp,0.3333333333333333,2,2,CATTAGCGGACGGTTCCCGC,0,3357340
sohAp,0.3333333333333333,2,2,CATGTTCTATCCGGGGTTGT,0,3352914
sohAp,0.3333333333333333,2,2,CATCCCACGCATATGCAGGT,0,3335732
sohAp,0.3333333333333333,2,2,CATCATCGGCAATTCTAAAT,0,3338292
sohAp,0.3333333333333333,2,2,CATATGAATTACCGGATGCT,0,3356119
sohAp,0.3333333333333333,2,2,CAGTTATTCCGCGCTAGATT,0,3337674
sohAp,0.3333333333333333,2,2,CAGTTAGCATCATCTGCTCC,0,3336711
sohAp,0.3333333333333333,2,2,CAGTGTGCTCAGCGGCAGAT,0,3345964
sohAp,0.3333333333333333,2,2,CAGTGGTATTTCGCATGGGG,0,3353026
sohAp,0.3333333333333333,2,2,CAGTGGGGCGTCGAGCAGAG,0,3351834
sohAp,0.3333333333333333,2,2,CAGGTTTAGGGTAGCATCGT,0,3335964
sohAp,0.3333333333333333,2,2,CAGGTTGACATCGCCCCACC,0,3348271
sohAp,0.3333333333333333,2,2,CAGGCCTCCCACACCGGGGA,0,3336560
sohAp,0.3333333333333333,2,2,CAGGCATAGTACCACCCGTG,0,3340013
sohAp,0.3333333333333333,2,2,CAGCGGTCATGATTATGGTA,0,3343565
sohAp,0.3333333333333333,2,2,CAGCCCTGGGCTAATGAGTC,0,3339065
sohAp,0.3333333333333333,2,2,CAGACTGCAATCCGCAGGGC,0,3347551
sohAp,0.3333333333333333,2,2,CACTGTCGGGGTTGCTTGTC,0,3345990
sohAp,0.3333333333333333,2,2,CACTCATGCAAACTTTCATA,0,3349029
sohAp,0.3333333333333333,2,2,CACTCATCGTTACGACACAC,0,3357957
sohAp,0.3333333333333333,2,2,CACTAAGGAGCGTGGCGCTA,0,3352009
sohAp,0.3333333333333333,2,2,CACGGCGTATAAGTTTAATA,0,3341254
sohAp,0.3333333333333333,2,2,CACGCATTTCCGTGATACCA,0,3340929
sohAp,0.3333333333333333,2,2,CACGATTGAGTTGCATCATT,0,3351186
sohAp,0.3333333333333333,2,2,CACCCGGAGACCATAGGCGA,0,3341949
sohAp,0.3333333333333333,2,2,CACATAGCAGCTTAATCCAT,0,3337036
sohAp,0.3333333333333333,2,2,CACAGCTGGCTCCGCTCTAG,0,3343358
sohAp,0.3333333333333333,2,2,CACAGCAATAAGCAGCCGCA,0,3341081
sohAp,0.3333333333333333,2,2,CACAGAGCATAGGTCTACTC,0,3354653
sohAp,0.3333333333333333,2,2,CACACTTTCGGGGCGATATC,0,3342633
sohAp,0.3333333333333333,2,2,CACACTGCTCGGCACCGCTT,0,3346099
sohAp,0.3333333333333333,2,2,CACAAACGAGGGCCTGCTTA,0,3357510
sohAp,0.3333333333333333,2,2,CAATGTTTACATTACAGCAT,0,3334291
sohAp,0.3333333333333333,2,2,CAATGCAGCATTCTTCGGGA,0,3358843
sohAp,0.3333333333333333,2,2,CAATGCAGAGCATCTGTAGG,0,3336187
sohAp,0.3333333333333333,2,2,CAATCCCTCACACGCGTGCA,0,3342136
sohAp,0.3333333333333333,2,2,CAAGGGGCTTTTTAAAGATC,0,3338043
sohAp,0.3333333333333333,2,2,CAAGGCAGGACAGGATATGA,0,3336959
sohAp,0.3333333333333333,2,2,CAAGCTGACTCGAGCGGAAT,0,3340590
sohAp,0.3333333333333333,2,2,CAAGCTCTGATCGCGAGCTG,0,3350178
sohAp,0.3333333333333333,2,2,CAACAGGTCCTGTGGCAAGA,0,3334013
sohAp,0.3333333333333333,2,2,CAAATAGCAACCGGATTTGT,0,3335540
sohAp,0.3333333333333333,2,2,CAAAGTTTATCGGGGAGACC,0,3340787
sohAp,0.3333333333333333,2,2,CAAAGTCAAAAAGTCTTGTG,0,3338235
sohAp,0.3333333333333333,2,2,CAAAGGTGGGCAGCAGGTTC,0,3344989
sohAp,0.3333333333333333,2,2,CAAAGGTCGAGACAGATAGG,0,3352033
sohAp,0.3333333333333333,2,2,CAAAGGATCAAGTACTTCAA,0,3358021
sohAp,0.3333333333333333,2,2,ATTTTATCTCGCTACCGCTC,0,3359026
sohAp,0.3333333333333333,2,2,ATTTGCAGGGAGATTCTCGG,0,3338670
sohAp,0.3333333333333333,2,2,ATTTAGGCTTCAAGTACTAA,0,3343797
sohAp,0.3333333333333333,2,2,ATTTACCAGTCCGTGTCGTA,0,3339490
sohAp,0.3333333333333333,2,2,ATTGTCACCCGACCCTTCCT,0,3341992
sohAp,0.3333333333333333,2,2,ATTGTAGATATTCTAGTTAG,0,3345144
sohAp,0.3333333333333333,2,2,ATTGGTGTCAGATACAGTGA,0,3347894
sohAp,0.3333333333333333,2,2,ATTGCCTAGGTTCCTAACTC,0,3350438
sohAp,0.3333333333333333,2,2,ATTCTGCCTAATACACGGAA,0,3354225
sohAp,0.3333333333333333,2,2,ATTCCCTTTCAATTCCTCGG,0,3344064
sohAp,0.3333333333333333,2,2,ATTCACCGCTCAAGCCGCAG,0,3340452
sohAp,0.3333333333333333,2,2,ATTAATTCCTCTAAGCCTAT,0,3337022
sohAp,0.3333333333333333,2,2,ATTAAGCTGCTGGGGGGAAT,0,3355804
sohAp,0.3333333333333333,2,2,ATGTTCGTCCCAGGGCAGGC,0,3337509
sohAp,0.3333333333333333,2,2,ATGGTCATTTGATAACGAAC,0,3345908
sohAp,0.3333333333333333,2,2,ATGGGGTCCGGATGTACGGT,0,3355798
sohAp,0.3333333333333333,2,2,ATGCTAGAGGTTCGCTGGAT,0,3356883
sohAp,0.3333333333333333,2,2,ATGCGTAGTGATATTCCTAC,0,3340143
sohAp,0.3333333333333333,2,2,ATGCGCCAGAACAGGGGCCG,0,3335252
sohAp,0.3333333333333333,2,2,ATGCGAGAACGACAATCATT,0,3352568
sohAp,0.3333333333333333,2,2,ATGAGTCGCTTGGCGGTGAT,0,3337160
sohAp,0.3333333333333333,2,2,ATGAGGCGTCACTCCGGGCG,0,3354523
sohAp,0.3333333333333333,2,2,ATGAGGACTAAATCCAGGTG,0,3358594
sohAp,0.3333333333333333,2,2,ATCTTGCGCAACCCTGGATG,0,3340830
sohAp,0.3333333333333333,2,2,ATCTCTGGGAAGGCTGCTTA,0,3335635
sohAp,0.3333333333333333,2,2,ATCTCTCCACAAAGAGCGCA,0,3355010
sohAp,0.3333333333333333,2,2,ATCTCGTATGAAAGGACCTC,0,3338132
sohAp,0.3333333333333333,2,2,ATCTCGAAAGGGCTGTCTTA,0,3345589
sohAp,0.3333333333333333,2,2,ATCTATGACAGTGTCAGGAA,0,3357727
sohAp,0.3333333333333333,2,2,ATCTAAATTATATGCAATAG,0,3339389
sohAp,0.3333333333333333,2,2,ATCGGGCGGATGTACGTTTA,0,3337894
sohAp,0.3333333333333333,2,2,ATCGGCCCCGAATATGGGCT,0,3352138
sohAp,0.3333333333333333,2,2,ATCGAGGTGGTTTGGTGGAA,0,3356048
sohAp,0.3333333333333333,2,2,ATCCAAAAAAAGAGTGCGAC,0,3356532
sohAp,0.3333333333333333,2,2,ATATTTTGTAAGGAACAATA,0,3357014
sohAp,0.3333333333333333,2,2,ATATAGATGTTGGTACCTTT,0,3334934
sohAp,0.3333333333333333,2,2,ATATAAATAATGGCGCACGT,0,3358506
sohAp,0.3333333333333333,2,2,ATAGTGCCGGCCCGTCCCAA,0,3353153
sohAp,0.3333333333333333,2,2,ATAGTCAATGGACCTGTTAA,0,3355568
sohAp,0.3333333333333333,2,2,ATAGCCTACACTGACTCAGC,0,3353635
sohAp,0.3333333333333333,2,2,ATACTTGTACGCATCTCCAA,0,3357776
sohAp,0.3333333333333333,2,2,ATAATACCCAAAAATAGATC,0,3338534
sohAp,0.3333333333333333,2,2,ATAATACACAGCTACAGTAT,0,3353052
sohAp,0.3333333333333333,2,2,AGTTCTGAGGGACAAAGGAT,0,3351501
sohAp,0.3333333333333333,2,2,AGTTCCTTCGGAATGCCCCA,0,3340263
sohAp,0.3333333333333333,2,2,AGTTATGGGAAGTAAACCCG,0,3346807
sohAp,0.3333333333333333,2,2,AGTGCACACCCTCGTATATC,0,3348282
sohAp,0.3333333333333333,2,2,AGTGAGTGATGCACAACCTG,0,3352341
sohAp,0.3333333333333333,2,2,AGTAAATTCGTGCGTTGCGC,0,3337899
sohAp,0.3333333333333333,2,2,AGGTTACCGTGGCGTGGATA,0,3336570
sohAp,0.3333333333333333,2,2,AGGTCAGTACCAGGTCGTGC,0,3351006
sohAp,0.3333333333333333,2,2,AGGGTATCGGTGCCGGAAAT,0,3341684
sohAp,0.3333333333333333,2,2,AGGGGTTCGGACGCCACGGG,0,3351325
sohAp,0.3333333333333333,2,2,AGGGCCATCGGGTATATGGA,0,3353415
sohAp,0.3333333333333333,2,2,AGGGCCAGAGGTGAGTGTCG,0,3350721
sohAp,0.3333333333333333,2,2,AGGGCAGGCGGCGCATTACT,0,3356745
sohAp,0.3333333333333333,2,2,AGGGATCGCTATGATTCCAT,0,3347175
sohAp,0.3333333333333333,2,2,AGGCTGGCTACCATCCTCTT,0,3354762
sohAp,0.3333333333333333,2,2,AGGCTCCGCCGGTAAGCGCA,0,3341954
sohAp,0.3333333333333333,2,2,AGGCCGTAGACATTTAAGGG,0,3338191
sohAp,0.3333333333333333,2,2,AGGCAGAACGTGTTGGGAAG,0,3341133
sohAp,0.3333333333333333,2,2,AGGATGCGCTGGGCCACCTG,0,3351304
sohAp,0.3333333333333333,2,2,AGCTTCCGCCTAGTCAATCT,0,3348654
sohAp,0.3333333333333333,2,2,AGCTGCGTGTTGGTTAGTCG,0,3345891
sohAp,0.3333333333333333,2,2,AGCTCAACAATCGACGGAAA,0,3349148
sohAp,0.3333333333333333,2,2,AGCGGCATGTTAAGAAAGTA,0,3339460
sohAp,0.3333333333333333,2,2,AGCGGACCCGAATCCCACTA,0,3341448
sohAp,0.3333333333333333,2,2,AGCGAGCAAAGAGCGAAGCT,0,3356793
sohAp,0.3333333333333333,2,2,AGCCTTCGAGGCAACAGATA,0,3357518
sohAp,0.3333333333333333,2,2,AGCCTCAACAAATTATTGCC,0,3339726
sohAp,0.3333333333333333,2,2,AGCCCTTCTACCTAATGATA,0,3333903
sohAp,0.3333333333333333,2,2,AGCACGCAGGCTCAAGAACT,0,3353583
sohAp,0.3333333333333333,2,2,AGATTTAGCGCCCGCAGATA,0,3351399
sohAp,0.3333333333333333,2,2,AGATGGGTACTACGCTTGAC,0,3341873
sohAp,0.3333333333333333,2,2,AGATGGGGCACTTGTAAAAT,0,3335559
sohAp,0.3333333333333333,2,2,AGATGCAGACTGTGAAATAG,0,3336816
sohAp,0.3333333333333333,2,2,AGATCCGTAACTGAAGTATC,0,3349071
sohAp,0.3333333333333333,2,2,AGAGACCGGTTATGCATATG,0,3357917
sohAp,0.3333333333333333,2,2,AGAGAATGCCAACGCACCAC,0,3355792
sohAp,0.3333333333333333,2,2,AGACTAAAGCTTAAGTTATT,0,3347159
sohAp,0.3333333333333333,2,2,AGACGCGCTGCCTGGAACTA,0,3338298
sohAp,0.3333333333333333,2,2,AGACGCATGACCTGAAGCGT,0,3336005
sohAp,0.3333333333333333,2,2,AGACGAAGTCGTATGCAGCA,0,3343196
sohAp,0.3333333333333333,2,2,AGACCTGGAATGCACGAACA,0,3340227
sohAp,0.3333333333333333,2,2,AGACATGCCGCCGGTCAATA,0,3336016
sohAp,0.3333333333333333,2,2,AGAAGTTTGTCAAGCCGTGC,0,3350769
sohAp,0.3333333333333333,2,2,AGAACACGTTAACAAGGTGG,0,3341200
sohAp,0.3333333333333333,2,2,ACTTGCATGGACGGAAAGGG,0,3337788
sohAp,0.3333333333333333,2,2,ACTTGCACCAGTACGGGAAT,0,3349752
sohAp,0.3333333333333333,2,2,ACTTCTGCGAACGGGTGCCT,0,3353456
sohAp,0.3333333333333333,2,2,ACTTCTAGGTTGTCAATTTT,0,3340980
sohAp,0.3333333333333333,2,2,ACTTCAATGTTTGCCCACTG,0,3354994
sohAp,0.3333333333333333,2,2,ACTTAGCTCAACCTTCCACT,0,3346731
sohAp,0.3333333333333333,2,2,ACTGTAGGACAGCGTCTTTC,0,3338641
sohAp,0.3333333333333333,2,2,ACTGGTTGAGATTAAGATGT,0,3338617
sohAp,0.3333333333333333,2,2,ACTGGAAGACGCAAGCCCCA,0,3351670
sohAp,0.3333333333333333,2,2,ACTGCGTACCACACGTTACG,0,3333697
sohAp,0.3333333333333333,2,2,ACTGCGGCCGAGGATTCAGC,0,3338906
sohAp,0.3333333333333333,2,2,ACTGCCTCCACGGAAACTCC,0,3343307
sohAp,0.3333333333333333,2,2,ACTCTCCTTTTTGAAGGACC,0,3338486
sohAp,0.3333333333333333,2,2,ACTCTCCTCCGTACGACCTC,0,3348528
sohAp,0.3333333333333333,2,2,ACTCGGGTCCGGAGCAAATT,0,3336858
sohAp,0.3333333333333333,2,2,ACTCCTATTGGTCCAAACGT,0,3333784
sohAp,0.3333333333333333,2,2,ACTCAGGTATATGTATGGAG,0,3345546
sohAp,0.3333333333333333,2,2,ACTATCCTAGTTGGGAGGCT,0,3337926
sohAp,0.3333333333333333,2,2,ACTAGGCATAAAACGGCGGA,0,3348771
sohAp,0.3333333333333333,2,2,ACTAATGCTGCGTGGTTATC,0,3352046
sohAp,0.3333333333333333,2,2,ACTAAATCTGTTGGACCTAT,0,3349494
sohAp,0.3333333333333333,2,2,ACTAAAAACTCGGAGGCGTA,0,3343330
sohAp,0.3333333333333333,2,2,ACGTGTACTTAGACCGCGTT,0,3334695
sohAp,0.3333333333333333,2,2,ACGTCGGATAAGGCAAGGCA,0,3351659
sohAp,0.3333333333333333,2,2,ACGTACTAATTGTCCCATGC,0,3351465
sohAp,0.3333333333333333,2,2,ACGGGTAATGATTTCTCAAA,0,3355142
sohAp,0.3333333333333333,2,2,ACGGAATGACTGGAGCCGCA,0,3342266
sohAp,0.3333333333333333,2,2,ACGCGTACCATGGTAAAGGA,0,3351796
sohAp,0.3333333333333333,2,2,ACGCCCAAGTTGTGAGGGAA,0,3351229
sohAp,0.3333333333333333,2,2,ACGATTGGCAGCTTGGTAGA,0,3354973
sohAp,0.3333333333333333,2,2,ACGAGGGAAAATTTGAAGTA,0,3342393
sohAp,0.3333333333333333,2,2,ACGACGAGGAGTACATAACA,0,3334511
sohAp,0.3333333333333333,2,2,ACCTTGACATCTGAGCATAT,0,3344782
sohAp,0.3333333333333333,2,2,ACCTGCGGGTTATCACATAG,0,3355660
sohAp,0.3333333333333333,2,2,ACCTGAAGATGGCATTCTTT,0,3355222
sohAp,0.3333333333333333,2,2,ACCTGAACTTTGATAATTCG,0,3345755
sohAp,0.3333333333333333,2,2,ACCGTACTCACACCGACTCA,0,3354024
sohAp,0.3333333333333333,2,2,ACCGGCTAAGGCATAAGAAG,0,3342001
sohAp,0.3333333333333333,2,2,ACCGCTAACACCCGGGAAGT,0,3345199
sohAp,0.3333333333333333,2,2,ACCGCGAAACACTCGCTCAT,0,3354552
sohAp,0.3333333333333333,2,2,ACCCATCAGATACGAGAGGC,0,3345028
sohAp,0.3333333333333333,2,2,ACCAGGATAGATATTTCTTT,0,3339950
sohAp,0.3333333333333333,2,2,ACATTTAGAGCCCCCAGGAT,0,3345329
sohAp,0.3333333333333333,2,2,ACATTACAGTTTTAAAGAAG,0,3354417
sohAp,0.3333333333333333,2,2,ACATGCTGCGCAACCAATGC,0,3349656
sohAp,0.3333333333333333,2,2,ACAGTGAATGGCCCAGGTGG,0,3354348
sohAp,0.3333333333333333,2,2,ACAGCGTTACCATAACATAT,0,3352826
sohAp,0.3333333333333333,2,2,ACACTTCACCCAGTCACGGA,0,3355512
sohAp,0.3333333333333333,2,2,ACACTGTGTGCCACGGAATG,0,3350013
sohAp,0.3333333333333333,2,2,ACACTAGGGGGCTCCTAATA,0,3337576
sohAp,0.3333333333333333,2,2,ACACGTGGTCCAAGGAGTGG,0,3344725
sohAp,0.3333333333333333,2,2,ACACAAGCGCGACACCAGCA,0,3343397
sohAp,0.3333333333333333,2,2,ACAACCACACTAGGGTGCTA,0,3338900
sohAp,0.3333333333333333,2,2,ACAAAACGCCAGGTAGCGAG,0,3336609
sohAp,0.3333333333333333,2,2,AATTCTCCCGGGGAATCTTT,0,3344653
sohAp,0.3333333333333333,2,2,AATTATCATCTTTTGCCCTG,0,3354559
sohAp,0.3333333333333333,2,2,AATGGGCGTGTCCATGCCGG,0,3336864
sohAp,0.3333333333333333,2,2,AATGGCACACACTCATGACA,0,3358398
sohAp,0.3333333333333333,2,2,AATCCCTCAGTCTTCAGAGT,0,3349831
sohAp,0.3333333333333333,2,2,AATCACCAGTTGATATGTAA,0,3352367
sohAp,0.3333333333333333,2,2,AATATCATGAGGGACCTGAA,0,3345239
sohAp,0.3333333333333333,2,2,AATATAGGCGACCGGTCGAG,0,3352896
sohAp,0.3333333333333333,2,2,AATATACCACTTCATCTAGT,0,3342179
sohAp,0.3333333333333333,2,2,AATAGATTTAACTTGGGATC,0,3350308
sohAp,0.3333333333333333,2,2,AATAACTGTGAGGCTGCCCA,0,3358647
sohAp,0.3333333333333333,2,2,AAGTTCATGAACATTATTTT,0,3340971
sohAp,0.3333333333333333,2,2,AAGTGCGCACCACAGGCAGG,0,3354706
sohAp,0.3333333333333333,2,2,AAGCGGTATCTACTAATCAA,0,3342624
sohAp,0.3333333333333333,2,2,AAGCGACGTACCACCGTAAG,0,3356804
sohAp,0.3333333333333333,2,2,AAGCCATGCTCTGAGATGTT,0,3346552
sohAp,0.3333333333333333,2,2,AAGCATGCACTCTGCACGGT,0,3343153
sohAp,0.3333333333333333,2,2,AAGCAGTCTTCCGCCATGGC,0,3339032
sohAp,0.3333333333333333,2,2,AAGCACAGCAGCGTGAACCT,0,3336022
sohAp,0.3333333333333333,2,2,AAGATACCAGTTAATCTGTC,0,3354375
sohAp,0.3333333333333333,2,2,AAGACTGTTAGCGCCGCGAA,0,3338232
sohAp,0.3333333333333333,2,2,AAGACTGCCCCTTGCAGGTT,0,3341312
sohAp,0.3333333333333333,2,2,AAGAAAGCTTAATGATTAAG,0,3347055
sohAp,0.3333333333333333,2,2,AACTTCACGGGTTTAGTTAT,0,3338904
sohAp,0.3333333333333333,2,2,AACTTATTACTGGGCCAGTT,0,3344242
sohAp,0.3333333333333333,2,2,AACGTCGGGGAAGGGTAACC,0,3335315
sohAp,0.3333333333333333,2,2,AACGTACGTTCGCTGGTTTC,0,3334578
sohAp,0.3333333333333333,2,2,AACGGTTGACTACATCACTA,0,3337059
sohAp,0.3333333333333333,2,2,AACGACCCTAAGAACTTAAG,0,3355269
sohAp,0.3333333333333333,2,2,AACCTTGATGTGGTCACGGA,0,3357223
sohAp,0.3333333333333333,2,2,AACCGTTATCTAGTAATGAA,0,3353843
sohAp,0.3333333333333333,2,2,AACATGGTGGACATTGCAAA,0,3334542
sohAp,0.3333333333333333,2,2,AACATCTCGGAATTCAGGCC,0,3341980
sohAp,0.3333333333333333,2,2,AACAGGTTACAAATGTCAAA,0,3343086
sohAp,0.3333333333333333,2,2,AACAACACAACTACCTGTTA,0,3335243
sohAp,0.3333333333333333,2,2,AAATTGAGTAGGCGCTTTTT,0,3343587
sohAp,0.3333333333333333,2,2,AAATCAGGGAGAGCGCCATC,0,3343519
sohAp,0.3333333333333333,2,2,AAAGCCCTTTGCCGATGTAA,0,3346325
sohAp,0.3333333333333333,2,2,AAAGACTGTTTCCCCCTACT,0,3335534
sohAp,0.3333333333333333,2,2,AAACTCGAACTGGCCTTATC,0,3358005
sohAp,0.3333333333333333,2,2,AAACACTCTAATTATACAGG,0,3356100
sohAp,0.3333333333333333,2,2,AAAAGGTAAGCTCGGGTGTA,0,3347762
sohAp,0.3333333333333333,2,2,AAAAGATTAATTTTTTAAGA,0,3334690
sohAp,0.3333333333333333,2,2,AAAAATCACTGCAGCCGTTT,0,3340126
sohAp,0.5,1,1,TTTTGCTATAAGCTGTTGCG,0,3348349
sohAp,0.5,1,1,TTTTACTGGGAGCGGTTCCA,0,3348519
sohAp,0.5,1,1,TTTTAAATACGTCTGCCTTT,0,3342935
sohAp,0.5,1,1,TTTGGAGGATCAGTGTCGGG,0,3351390
sohAp,0.5,1,1,TTTGGAGAAAGACTACGGCC,0,3344983
sohAp,0.5,1,1,TTTGATTTGCGTACGCCAAT,0,3342748
sohAp,0.5,1,1,TTTCCTCAAGCATTGGAATG,0,3351357
sohAp,0.5,1,1,TTTAGATGCAGGATTAGCGG,0,3347992
sohAp,0.5,1,1,TTTAGAGGGCGGCGTTCACG,0,3348675
sohAp,0.5,1,1,TTTACCGTGACGTTCGTGTG,0,3343822
sohAp,0.5,1,1,TTGTTGGGTCAAAACGTGGG,0,3344836
sohAp,0.5,1,1,TTGTTCTTCGGCTACCAGTG,0,3346810
sohAp,0.5,1,1,TTGTCATCCGCATCACAGGA,0,3337990
sohAp,0.5,1,1,TTGGGACGTCCGAGCATTTT,0,3358559
sohAp,0.5,1,1,TTGGCATTCAAATCCTCGGA,0,3345134
sohAp,0.5,1,1,TTGGCAGATCTTTCGCAGTC,0,3339253
sohAp,0.5,1,1,TTGGAATATCGCGGAGAGAT,0,3335226
sohAp,0.5,1,1,TTGCTCAGACGGGTCCCCCC,0,3346742
sohAp,0.5,1,1,TTGCGCTGAAGGCCGGACTG,0,3356749
sohAp,0.5,1,1,TTGCGCAGTCTGTTCATCCT,0,3341983
sohAp,0.5,1,1,TTGCCTTCGTAAATAGGATT,0,3346401
sohAp,0.5,1,1,TTGCCTGTCGAACCTACACT,0,3345716
sohAp,0.5,1,1,TTGCCCGCGGCTGGCGTCAA,0,3341638
sohAp,0.5,1,1,TTGATTATAGTATACGGGGG,0,3347524
sohAp,0.5,1,1,TTGATGGACTCTACGATATG,0,3345664
sohAp,0.5,1,1,TTCTCCAAAGCGTATTTCGG,0,3344923
sohAp,0.5,1,1,TTCTCATATTCCGGTCTGAC,0,3334729
sohAp,0.5,1,1,TTCTAGGGTCCAGTCATCAC,0,3352007
sohAp,0.5,1,1,TTCTAACTCCGATAGAACGA,0,3338347
sohAp,0.5,1,1,TTCGTGCTATGTTGCCCTAT,0,3338779
sohAp,0.5,1,1,TTCGTCCTACTGGCAGACAC,0,3353369
sohAp,0.5,1,1,TTCGAGCAAGGTGCTCCCGG,0,3353307
sohAp,0.5,1,1,TTCCTGGTCGGATCCAGCGG,0,3335627
sohAp,0.5,1,1,TTCCTCAAGGAAATCGCATG,0,3353678
sohAp,0.5,1,1,TTCCGACCCCTGTTCTGGCT,0,3355393
sohAp,0.5,1,1,TTCCAGCAGGGGGCTGGTGT,0,3334855
sohAp,0.5,1,1,TTCATATGAACAAGCGTGCG,0,3339432
sohAp,0.5,1,1,TTCACATTATAACTGGCAAC,0,3347802
sohAp,0.5,1,1,TTCAAAAATTGGGCATTACA,0,3343258
sohAp,0.5,1,1,TTATTTCATAGTATCTCACA,0,3353778
sohAp,0.5,1,1,TTATTAGTGTAGTTTCGGTT,0,3354391
sohAp,0.5,1,1,TTATGGCTTACGGGAACAAG,0,3333738
sohAp,0.5,1,1,TTATCGCTCGTCGGAGCTGA,0,3346473
sohAp,0.5,1,1,TTAGATGCTGGCACACATCG,0,3350822
sohAp,0.5,1,1,TTAGAACATCAGTGAAACGC,0,3342330
sohAp,0.5,1,1,TTACCGACGTTTAGTCGTAA,0,3346558
sohAp,0.5,1,1,TTACCCGCTTGCTGCTCCTC,0,3348917
sohAp,0.5,1,1,TTAAGATCGTCATGATTGCA,0,3356349
sohAp,0.5,1,1,TTAACGGTACGGGAAACCTC,0,3341467
sohAp,0.5,1,1,TGTTGCCATCTCCGAGGATT,0,3352661
sohAp,0.5,1,1,TGTTCTCCGCGTTCTCTACC,0,3339194
sohAp,0.5,1,1,TGTTCGTGAGTCTAAAGGCG,0,3339070
sohAp,0.5,1,1,TGTTCATGTCTAGCATGGGG,0,3338372
sohAp,0.5,1,1,TGTTATCTGACAGGGGACGT,0,3334083
sohAp,0.5,1,1,TGTGTGTCGAGTATCCTCAT,0,3340926
sohAp,0.5,1,1,TGTGTGCAGCAAATCGTATT,0,3351166
sohAp,0.5,1,1,TGTGAGTGTTGCCAACTATT,0,3358861
sohAp,0.5,1,1,TGTCTTAAGCCATTCTTCAT,0,3340627
sohAp,0.5,1,1,TGTCGGCGTTCGACTGCTAC,0,3338288
sohAp,0.5,1,1,TGTCGAAAGGGCAACTTGTA,0,3352337
sohAp,0.5,1,1,TGTCCGGTGGATGCATAAAG,0,3358386
sohAp,0.5,1,1,TGTAGGTAATATTGGGTGCT,0,3338784
sohAp,0.5,1,1,TGTAGCCACGACAGCCACGA,0,3338931
sohAp,0.5,1,1,TGTACTCCCTCTGAGCTATA,0,3356122
sohAp,0.5,1,1,TGTAATGGGAAAAACCTTAC,0,3348505
sohAp,0.5,1,1,TGTAAGAGTGTTTTCGGTTG,0,3358379
sohAp,0.5,1,1,TGTAAAAGAGTCAGAAGGGT,0,3345645
sohAp,0.5,1,1,TGGTTCACAACATCTTCGAT,0,3347635
sohAp,0.5,1,1,TGGTTAACGAATGACTTAAA,0,3341447
sohAp,0.5,1,1,TGGTGCGGGCATGGGACAAG,0,3347093
sohAp,0.5,1,1,TGGTCTTCGAATCTTCCGTC,0,3336496
sohAp,0.5,1,1,TGGTAGGCCTCCGGCGACCA,0,3333890
sohAp,0.5,1,1,TGGGGGGCTCGGCGCTGCAG,0,3336759
sohAp,0.5,1,1,TGGGGCCGTTAGATACCCTG,0,3355592
sohAp,0.5,1,1,TGGGGCCGATGTTGATCCTT,0,3358114
sohAp,0.5,1,1,TGGGCATTGGCTATATTTTT,0,3349104
sohAp,0.5,1,1,TGGGACAGCAACGTGATCGC,0,3350673
sohAp,0.5,1,1,TGGCTTAGCAATACTGCTTA,0,3355449
sohAp,0.5,1,1,TGGCCTTACGACCCGCATCG,0,3343006
sohAp,0.5,1,1,TGGCCAGACTGAAATTCCTA,0,3349574
sohAp,0.5,1,1,TGGATAAAAGTTTAGCGTGT,0,3335570
sohAp,0.5,1,1,TGGAAGTCTGTTCCTTGAAC,0,3349294
sohAp,0.5,1,1,TGCTTGTGAACCACGTTTTA,0,3344780
sohAp,0.5,1,1,TGCGTCGTGTCTAAGAGTCG,0,3337927
sohAp,0.5,1,1,TGCGCGGGCAGTGGGCAGGA,0,3341303
sohAp,0.5,1,1,TGCCTCAGTCACGTGGACCT,0,3350341
sohAp,0.5,1,1,TGCCAAATCCACTTTCACAC,0,3334516
sohAp,0.5,1,1,TGCAAAAAAAGACCATATGT,0,3342349
sohAp,0.5,1,1,TGATGTTGAGAGAATTACGG,0,3351077
sohAp,0.5,1,1,TGATGGTGGCGGTTAGCAAC,0,3348372
sohAp,0.5,1,1,TGATGGTAAACAGATTGACT,0,3336119
sohAp,0.5,1,1,TGATAGGAACCTATTCATTT,0,3356197
sohAp,0.5,1,1,TGAGGTTTTCAGTGAGGGTA,0,3344276
sohAp,0.5,1,1,TGAGGACTTCTGACCTGGCA,0,3334172
sohAp,0.5,1,1,TGAGCCTCGATCGACGTAAG,0,3350677
sohAp,0.5,1,1,TGACTAGGGCGTGCGAGGTC,0,3348037
sohAp,0.5,1,1,TGACGATCGGAATATGTCAG,0,3354931
sohAp,0.5,1,1,TGACCAGGAAACACAAGTGT,0,3337592
sohAp,0.5,1,1,TGAATGATCCTAGAGTGGAT,0,3345155
sohAp,0.5,1,1,TGAATATTCTTCATTTCACC,0,3334944
sohAp,0.5,1,1,TGAAGTTACTTATGATTAAC,0,3352397
sohAp,0.5,1,1,TGAAGTCCAGGCGTGCCTGA,0,3342934
sohAp,0.5,1,1,TGAACTGAAACCGTTATCAC,0,3344621
sohAp,0.5,1,1,TGAAAGCAACTTTCTGGTTG,0,3343466
sohAp,0.5,1,1,TGAAAAGATCAAGTTGTCTG,0,3355046
sohAp,0.5,1,1,TCTTGCTTTGGTCCGTGCAA,0,3336386
sohAp,0.5,1,1,TCTTGAATAGGTCTAGACAG,0,3356786
sohAp,0.5,1,1,TCTTCGAGGTGAGCTAGGGT,0,3347617
sohAp,0.5,1,1,TCTTAGAGGACCGCTGAGAT,0,3358269
sohAp,0.5,1,1,TCTGCATATCACCATTTTTC,0,3356009
sohAp,0.5,1,1,TCTCTTACCACCGTGCAGTT,0,3345758
sohAp,0.5,1,1,TCTCGACTGCACCATACCGT,0,3345873
sohAp,0.5,1,1,TCTCCCTCGTACTGGTGCTC,0,3345878
sohAp,0.5,1,1,TCTCAACAATACGCTGCTAA,0,3358983
sohAp,0.5,1,1,TCTAGGGTAACTCGCTAGAT,0,3353616
sohAp,0.5,1,1,TCTAACCTGAATAAAAACCT,0,3346102
sohAp,0.5,1,1,TCGTGTCCTGTGCTGACCGA,0,3343516
sohAp,0.5,1,1,TCGTGAACGCAGGATGAAAG,0,3355684
sohAp,0.5,1,1,TCGTCGTACTTTCTCTGGTA,0,3352131
sohAp,0.5,1,1,TCGGTACCGGTTCCAAAGGA,0,3352620
sohAp,0.5,1,1,TCGGGTAATATGTTACGCGG,0,3336144
sohAp,0.5,1,1,TCGGCCAAGGGATCAAAATC,0,3344918
sohAp,0.5,1,1,TCGCTTTACCAGACCAACTG,0,3342545
sohAp,0.5,1,1,TCGCGGTCGGTTGACTGCAT,0,3351719
sohAp,0.5,1,1,TCGAGAGGATGGGGGATATT,0,3338875
sohAp,0.5,1,1,TCGACTACAGTGCGACTCGC,0,3338242
sohAp,0.5,1,1,TCGACGTTCTGGGTAGGGCT,0,3338553
sohAp,0.5,1,1,TCGACGAAAGCCGTCCCTCG,0,3337921
sohAp,0.5,1,1,TCCTGTGCCGGGTTACCGGG,0,3344440
sohAp,0.5,1,1,TCCTGGTGCAGGGTATCCTA,0,3352248
sohAp,0.5,1,1,TCCTGACTGCGTTCCGTGAC,0,3348474
sohAp,0.5,1,1,TCCTGACCAGATGCGCGACT,0,3348335
sohAp,0.5,1,1,TCCTCGGTAGGGCCGTGCCG,0,3357521
sohAp,0.5,1,1,TCCTATCTATTGATATCGTT,0,3346210
sohAp,0.5,1,1,TCCGTTAGGATAGTGGTCTT,0,3347396
sohAp,0.5,1,1,TCCGTGACACATAAGTTGCT,0,3358916
sohAp,0.5,1,1,TCCGCTCCAAATATCGCATA,0,3336157
sohAp,0.5,1,1,TCCGCGTCATCGAAAGGTAC,0,3340163
sohAp,0.5,1,1,TCCCAGCAAGTGGTGAGCAT,0,3358256
sohAp,0.5,1,1,TCCCACGAATGCGGACCTGG,0,3338840
sohAp,0.5,1,1,TCCAGTCACGTAGTAGGATG,0,3348796
sohAp,0.5,1,1,TCCACTTCATAGCCTTGCGA,0,3348711
sohAp,0.5,1,1,TCCACTCCGCTGTGATTACC,0,3348690
sohAp,0.5,1,1,TCCACCAAATCCAGGGATGG,0,3336863
sohAp,0.5,1,1,TCATTTATGATGCGGATGTG,0,3348679
sohAp,0.5,1,1,TCATGGTACGGAGAACAGAG,0,3334874
sohAp,0.5,1,1,TCATGCAGGCGTGGCATCTG,0,3349242
sohAp,0.5,1,1,TCAGTGGGGGAAACAAATCT,0,3337006
sohAp,0.5,1,1,TCAGGGTGTGACGAGCTCGG,0,3342927
sohAp,0.5,1,1,TCACTCGACATTGCTTTTCT,0,3351443
sohAp,0.5,1,1,TCAATGGACTTGGGTCCTTC,0,3338951
sohAp,0.5,1,1,TCAAATTCTGTTTGAAATAC,0,3333886
sohAp,0.5,1,1,TATTGTAACTAAGGGAAATT,0,3349746
sohAp,0.5,1,1,TATTCCTTTGCCAACGAACA,0,3353143
sohAp,0.5,1,1,TATGTCACAATGCAAGCTTC,0,3346341
sohAp,0.5,1,1,TATGCATCTTGTCCTATCCC,0,3336683
sohAp,0.5,1,1,TATGATGCTCACAGCTCCAT,0,3356339
sohAp,0.5,1,1,TATCATCTTACAACGGACTC,0,3339368
sohAp,0.5,1,1,TATCACCAAAGCGGCGGTTT,0,3346474
sohAp,0.5,1,1,TATCACACATGATGCCCATG,0,3334368
sohAp,0.5,1,1,TATCAACGCGTGAACGATCA,0,3340828
sohAp,0.5,1,1,TAGGTTACAGCTCGGCGAGA,0,3351738
sohAp,0.5,1,1,TAGGTGTCGAAGCCAATCCG,0,3354238
sohAp,0.5,1,1,TAGGGACGTAGTGATAGCAT,0,3343495
sohAp,0.5,1,1,TAGGCGGCGCTAGTTAGTTC,0,3336267
sohAp,0.5,1,1,TAGCTTGCCGATGTGCCGCG,0,3351424
sohAp,0.5,1,1,TAGCGGAGGAGTTTCTTGGG,0,3355472
sohAp,0.5,1,1,TAGCCTGTCGCTCATGAGGT,0,3346564
sohAp,0.5,1,1,TAGCCTGATTAGGGGCCATA,0,3351036
sohAp,0.5,1,1,TAGCATTGTACAGCCAGATG,0,3338420
sohAp,0.5,1,1,TAGAGTACGGGTTATGTTCC,0,3334170
sohAp,0.5,1,1,TAGAGCAGACCCCGGAAGCT,0,3347083
sohAp,0.5,1,1,TAGAACGGAGCATTGTGTTC,0,3348914
sohAp,0.5,1,1,TACGCCGTTGACTCTAAATA,0,3344298
sohAp,0.5,1,1,TACGAGGTTCATGACCCGGG,0,3351603
sohAp,0.5,1,1,TACCTGGTGCCGAAAGAAAA,0,3337173
sohAp,0.5,1,1,TACCAATGATTAGGCCGAGG,0,3355780
sohAp,0.5,1,1,TACCAACAAACAACGTCCAG,0,3347361
sohAp,0.5,1,1,TACAGGGGGGGACGTGTCAC,0,3343099
sohAp,0.5,1,1,TACACTTTGGCCCATACGCG,0,3355703
sohAp,0.5,1,1,TACACTGCGACTCCGTCAAG,0,3339391
sohAp,0.5,1,1,TACACGGGACTGGTAGATCG,0,3349524
sohAp,0.5,1,1,TACACAAGCCAGTCAACCAT,0,3335722
sohAp,0.5,1,1,TACAACTGACACTGTTACTT,0,3343917
sohAp,0.5,1,1,TACAAAAGCGACAGAGTGCT,0,3336545
sohAp,0.5,1,1,TAATATACCTCCCGTTTGTC,0,3351870
sohAp,0.5,1,1,TAAGGTATCGGGCGGGAAGT,0,3347526
sohAp,0.5,1,1,TAAGGGTTAGGTCTTCATGT,0,3333802
sohAp,0.5,1,1,TAAACGGAGGATTCCGCCAA,0,3345042
sohAp,0.5,1,1,TAAACCGTCTACAGCAATCT,0,3339677
sohAp,0.5,1,1,TAAAATCTAGTACATGATCC,0,3346250
sohAp,0.5,1,1,TAAAAGACTGGCGTCGTGGA,0,3344669
sohAp,0.5,1,1,GTTTTCTATGTATTCTTGTA,0,3345590
sohAp,0.5,1,1,GTTTGTATACAGCTCGTCCA,0,3343770
sohAp,0.5,1,1,GTTTGCCCATCCACACGAAG,0,3339416
sohAp,0.5,1,1,GTTTATGCGCACATTCGTTG,0,3343878
sohAp,0.5,1,1,GTTGTCCGCTATAGCGCGGT,0,3334221
sohAp,0.5,1,1,GTTGGGGAGATGTGTTTTCC,0,3337427
sohAp,0.5,1,1,GTTCGTCAACCTGAGTGGGT,0,3355341
sohAp,0.5,1,1,GTTCGGAGTCTAGATATGGT,0,3343003
sohAp,0.5,1,1,GTTCGCATGTGGCCAGTTGA,0,3337677
sohAp,0.5,1,1,GTTATCCTCTCAACGCAGGG,0,3337640
sohAp,0.5,1,1,GTTAGTAAGCTTTAACCGAA,0,3343095
sohAp,0.5,1,1,GTTACGAGGACCCCTCTATA,0,3343590
sohAp,0.5,1,1,GTGTTTGGGTGCGGGAGACC,0,3354735
sohAp,0.5,1,1,GTGTCTGAAAACCGTTAACA,0,3352538
sohAp,0.5,1,1,GTGTCCGTTGCAATCGGGAG,0,3352762
sohAp,0.5,1,1,GTGGTTGAAGCCCTTGCGTA,0,3353738
sohAp,0.5,1,1,GTGGTCTCTTGGGGCACTGC,0,3346964
sohAp,0.5,1,1,GTGGGCGATAGTGAAGTCAT,0,3343547
sohAp,0.5,1,1,GTGCTCATAACCATTTGCTT,0,3349180
sohAp,0.5,1,1,GTGCCTCTGGTTATTGTGGT,0,3355791
sohAp,0.5,1,1,GTGCCTATATGTATAATAGA,0,3336764
sohAp,0.5,1,1,GTGCAGGTACAGGTGGAAGA,0,3334233
sohAp,0.5,1,1,GTGCACCTGTTCTAGTGTGT,0,3335171
sohAp,0.5,1,1,GTGCACCACGTGCAACCTGT,0,3338677
sohAp,0.5,1,1,GTGAATATATATGCTTCCCG,0,3339731
sohAp,0.5,1,1,GTGAAGTGCATCCGTATCGC,0,3347197
sohAp,0.5,1,1,GTCTGGTGTTTGTACACTAA,0,3345517
sohAp,0.5,1,1,GTCTCTATGTGCACGGGTTA,0,3343743
sohAp,0.5,1,1,GTCTCCCAAGGTACGGACGG,0,3353665
sohAp,0.5,1,1,GTCGTGCTTAGTATGGGACA,0,3352667
sohAp,0.5,1,1,GTCGGGGCCTGTGGGCCACA,0,3350465
sohAp,0.5,1,1,GTCCTAAATGCCAACCAAAC,0,3348067
sohAp,0.5,1,1,GTCCGCGATGATCTGGGACG,0,3336282
sohAp,0.5,1,1,GTCCCGGCCCGATGATTAAA,0,3343127
sohAp,0.5,1,1,GTCCCAAGTAGAAAGGGTTG,0,3339102
sohAp,0.5,1,1,GTCCACTTAGGATCAAAGTA,0,3348293
sohAp,0.5,1,1,GTCACAGAGGTTTCATGTCT,0,3336086
sohAp,0.5,1,1,GTCAATTGGTGGATAACACA,0,3343399
sohAp,0.5,1,1,GTATTTTGTCATGGTAGTGA,0,3352696
sohAp,0.5,1,1,GTATAGCGTGGATGGGATTC,0,3356130
sohAp,0.5,1,1,GTAGGCAAATGTAATTCCCA,0,3335976
sohAp,0.5,1,1,GTAGCTCGAGTAGGGATGGA,0,3341297
sohAp,0.5,1,1,GTACGGCACAGGGAAACAAT,0,3354486
sohAp,0.5,1,1,GTACGATCACGGAGAATGTT,0,3357768
sohAp,0.5,1,1,GTACAGGTTTCAATGCGACA,0,3352950
sohAp,0.5,1,1,GTACAAGGCCCACTGGGGTG,0,3348434
sohAp,0.5,1,1,GTAATTCAAGTCATTTTGGT,0,3355203
sohAp,0.5,1,1,GTAATCACTGCGGGTTTCGA,0,3343702
sohAp,0.5,1,1,GTAATATAAGGGGACGTGTA,0,3350957
sohAp,0.5,1,1,GGTTCCTCGAAAGATGCAAA,0,3342097
sohAp,0.5,1,1,GGTTCAAGGCACAACTGCCG,0,3334161
sohAp,0.5,1,1,GGTTAGCGATGAAGCCTGGT,0,3358275
sohAp,0.5,1,1,GGTGTCATGTCGGAGTCTTG,0,3343080
sohAp,0.5,1,1,GGTGGGGATGAAAGCTTGTA,0,3339984
sohAp,0.5,1,1,GGTGGGCCGCTGGAGCCGGT,0,3340638
sohAp,0.5,1,1,GGTGCTGCGGCCTGGACGCA,0,3335278
sohAp,0.5,1,1,GGTGCCATGCGGCCCTGGGT,0,3333993
sohAp,0.5,1,1,GGTGATGCGTATCCGGTTCT,0,3345729
sohAp,0.5,1,1,GGTCTGCAAGGTGATCGGTG,0,3348871
sohAp,0.5,1,1,GGTCGCTTGAGTTCGGCAGA,0,3347390
sohAp,0.5,1,1,GGTAGGTATTGGAGTGCCGT,0,3335634
sohAp,0.5,1,1,GGTACGGAGGAACATTAAAT,0,3348235
sohAp,0.5,1,1,GGTACCCATTCACAGGGGTC,0,3356227
sohAp,0.5,1,1,GGGTTTCACTTCCCATGGTT,0,3336643
sohAp,0.5,1,1,GGGTTAGTTGCGCGGGGTGC,0,3344042
sohAp,0.5,1,1,GGGTGTGAGTGCAACTCGAT,0,3356245
sohAp,0.5,1,1,GGGTCCCGGGGTCTAACTAA,0,3351346
sohAp,0.5,1,1,GGGTAGGAGAAGTCGGACGG,0,3341377
sohAp,0.5,1,1,GGGGTGGTCAAGATTTACTG,0,3347065
sohAp,0.5,1,1,GGGGGTACAACAGATCTGTA,0,3335886
sohAp,0.5,1,1,GGGGCCGTAGACTCCTCCGG,0,3337174
sohAp,0.5,1,1,GGGCGCTGGGACGGCTAGTC,0,3340804
sohAp,0.5,1,1,GGGCGCCAAGAGCAAGGGAA,0,3352853
sohAp,0.5,1,1,GGGCCGTCCTTTATCCGGGC,0,3341318
sohAp,0.5,1,1,GGGCAGCATGAGCCAACTCC,0,3342314
sohAp,0.5,1,1,GGGCAAATTTATTACGCCTA,0,3343053
sohAp,0.5,1,1,GGGATGTTACCTGTCCCCAG,0,3353737
sohAp,0.5,1,1,GGGAGTGCCGATTCAGACTG,0,3339932
sohAp,0.5,1,1,GGGAGCGCTTACGGGATCTC,0,3346128
sohAp,0.5,1,1,GGCTTATCTCCGCCATGTTA,0,3344113
sohAp,0.5,1,1,GGCGTTGAAAAGCTAGGGTT,0,3345850
sohAp,0.5,1,1,GGCGTGAGCGGGCCTTCAAC,0,3358380
sohAp,0.5,1,1,GGCGTCGATTAGCCCTATCT,0,3339978
sohAp,0.5,1,1,GGCGTCGAGTTACTAAGAAC,0,3348698
sohAp,0.5,1,1,GGCGGTGTTAACGGCGTTTG,0,3357956
sohAp,0.5,1,1,GGCGGAGAGGGTTTGAACAT,0,3342657
sohAp,0.5,1,1,GGCGCTTCCGTTGCAGGATC,0,3339563
sohAp,0.5,1,1,GGCGCTGGGCGCCCGTAGGA,0,3347930
sohAp,0.5,1,1,GGCGCGACATATGCTGGGGC,0,3355632
sohAp,0.5,1,1,GGCGCACATCTGCACGTCAG,0,3340728
sohAp,0.5,1,1,GGCGATCATTAAGGTGGTTT,0,3352094
sohAp,0.5,1,1,GGCGAGACAACTTAATCTAC,0,3343293
sohAp,0.5,1,1,GGCCTATTCAGACCTTTTAA,0,3347102
sohAp,0.5,1,1,GGCCGGTCGGATCGTGCGCG,0,3352370
sohAp,0.5,1,1,GGCCGCAAGATGGATCGGGG,0,3338056
sohAp,0.5,1,1,GGCCACTATAGTTGAATTAA,0,3350004
sohAp,0.5,1,1,GGCATATCGTCCCCCCATGT,0,3334292
sohAp,0.5,1,1,GGCATACATGATATCCCAGT,0,3354082
sohAp,0.5,1,1,GGCAGTCGGATCCCTGGTTA,0,3345820
sohAp,0.5,1,1,GGCAAAGGCACGGCAGGTGC,0,3350710
sohAp,0.5,1,1,GGATTCTAATTGGGCGAGTA,0,3353931
sohAp,0.5,1,1,GGATGTAGGTTCCATCAGGA,0,3352785
sohAp,0.5,1,1,GGACCGAGAATCCAGGACAA,0,3347191
sohAp,0.5,1,1,GGAACTAAGGACCAGGGCTG,0,3357238
sohAp,0.5,1,1,GGAACCTGCGAGCATCCCCG,0,3336593
sohAp,0.5,1,1,GCTTGCGCTCATACCTCCGA,0,3345453
sohAp,0.5,1,1,GCTTGAGGCCGGTGATCGAC,0,3343871
sohAp,0.5,1,1,GCTTGAGCGTATGAGTAGAC,0,3349283
sohAp,0.5,1,1,GCTTAGAAGCCGAGTTATCT,0,3343192
sohAp,0.5,1,1,GCTGTGAGGGCTGACGGAGG,0,3357792
sohAp,0.5,1,1,GCTGTCAAAGTGCGTGCTCT,0,3348818
sohAp,0.5,1,1,GCTGCGCCTCCCCACAGACA,0,3353630
sohAp,0.5,1,1,GCTGATTGGCATCACAGACT,0,3352220
sohAp,0.5,1,1,GCTCTGATTGTCTACTCACG,0,3346346
sohAp,0.5,1,1,GCTCGGCCAAAAAGATTCTC,0,3350228
sohAp,0.5,1,1,GCTCATTTGGATCACGTCCA,0,3350697
sohAp,0.5,1,1,GCTCAGGTTGGAAATTTGAC,0,3339057
sohAp,0.5,1,1,GCTCAAGTAGATAGCCCTTC,0,3355069
sohAp,0.5,1,1,GCTCAAGCACAATTCCCCTC,0,3350906
sohAp,0.5,1,1,GCTATGCATAATGGCGCTGA,0,3357333
sohAp,0.5,1,1,GCTATATGACTTTCATTTGA,0,3351284
sohAp,0.5,1,1,GCTAATCTTAGCTTTGCCTA,0,3341225
sohAp,0.5,1,1,GCTAAGTCCAGGAGGGCGGT,0,3356996
sohAp,0.5,1,1,GCTAAAGAGCGTGTTAGTCC,0,3356875
sohAp,0.5,1,1,GCGTTCCAGACTTCTCAGAT,0,3348770
sohAp,0.5,1,1,GCGTGTCGATCTGTGGCGAT,0,3345382
sohAp,0.5,1,1,GCGTACGGCTCAAAATTGCT,0,3335207
sohAp,0.5,1,1,GCGTAACGTATATAGAATTC,0,3355327
sohAp,0.5,1,1,GCGGTGTGCGTGGGTACCTT,0,3342363
sohAp,0.5,1,1,GCGGGGAGCCGATGGTGGGT,0,3338969
sohAp,0.5,1,1,GCGGGCGGGCCGTCTGATTT,0,3348168
sohAp,0.5,1,1,GCGGCTACTGTGGCCATTGT,0,3348140
sohAp,0.5,1,1,GCGGCATAATACTGCAGCTC,0,3354962
sohAp,0.5,1,1,GCGGCAGTCACGACATCTGG,0,3337614
sohAp,0.5,1,1,GCGGATAGTTCTATCGCGAA,0,3333888
sohAp,0.5,1,1,GCGGACGTACATGTGCTAGG,0,3344165
sohAp,0.5,1,1,GCGGACCGGGACGTCACGAC,0,3358802
sohAp,0.5,1,1,GCGCTATTACTAGCGTAATT,0,3343982
sohAp,0.5,1,1,GCGCCTGGTTTCTTGGATTT,0,3350059
sohAp,0.5,1,1,GCGCAATATCGTGTCGGGGA,0,3346320
sohAp,0.5,1,1,GCGAATTGCTCAGTCCTTCA,0,3345626
sohAp,0.5,1,1,GCCTGTGTATATGAACGGCA,0,3351653
sohAp,0.5,1,1,GCCTGGCTATATGACCGTTA,0,3344924
sohAp,0.5,1,1,GCCTCCAGCGTAGTAAAGAT,0,3343125
sohAp,0.5,1,1,GCCTAGACGCGGAAGTATAT,0,3355877
sohAp,0.5,1,1,GCCGGTCCGAACTTTGAGAG,0,3357257
sohAp,0.5,1,1,GCCGGGGCTTTGGGGCAACT,0,3339153
sohAp,0.5,1,1,GCCGGCGGTTTAAGGATTAA,0,3345713
sohAp,0.5,1,1,GCCGCGAAACGGAAAGTAGG,0,3334713
sohAp,0.5,1,1,GCCCCCAGAAGGTTTCACGT,0,3339540
sohAp,0.5,1,1,GCCACGCCGCGGTAACAGTA,0,3335086
sohAp,0.5,1,1,GCCACATAGGAAGGAATGTC,0,3334707
sohAp,0.5,1,1,GCCAACCCTCCGGGATCTAA,0,3351352
sohAp,0.5,1,1,GCCAAATAAACGGCTCATAC,0,3351337
sohAp,0.5,1,1,GCATGTTAGGATAGAGCGGC,0,3346585
sohAp,0.5,1,1,GCATGGAATAGGTGGAGTCG,0,3350589
sohAp,0.5,1,1,GCATGCTCGCAAAGGTAATG,0,3348948
sohAp,0.5,1,1,GCATGATGGGGTGCGCAGGT,0,3358778
sohAp,0.5,1,1,GCATCGCAGAAAATTCGGTG,0,3352585
sohAp,0.5,1,1,GCAGGAGTCCGTAAGGTGGA,0,3355253
sohAp,0.5,1,1,GCAGCGAAAGCCGCGTTGAG,0,3347206
sohAp,0.5,1,1,GCAGACACTCGGATCACAGA,0,3342031
sohAp,0.5,1,1,GCACCCTCTTTCAAGCTGTT,0,3349074
sohAp,0.5,1,1,GCAATGTCAATATATCTGTC,0,3345096
sohAp,0.5,1,1,GCAAGGTCCCCGGGGCGGAG,0,3337952
sohAp,0.5,1,1,GCAAGGGCGGGATTAGGACC,0,3347113
sohAp,0.5,1,1,GCAAGGGATCGTCAACCGAA,0,3338544
sohAp,0.5,1,1,GCAACCGAGGGTAGTATCTT,0,3349500
sohAp,0.5,1,1,GATTTTTATCATAGAGTCCA,0,3340340
sohAp,0.5,1,1,GATTCAGTTAACTACAGTCC,0,3334088
sohAp,0.5,1,1,GATTAGTCTTTTGGGAGTCA,0,3350324
sohAp,0.5,1,1,GATTAACTTTTTGGCGTCAA,0,3352916
sohAp,0.5,1,1,GATGGGCACGAACTATGGTA,0,3343183
sohAp,0.5,1,1,GATGCGGGTAAAAGGATAGG,0,3339393
sohAp,0.5,1,1,GATGCCACCACCGTAAGAAT,0,3347415
sohAp,0.5,1,1,GATGCCACAAAGATCCGGGG,0,3354438
sohAp,0.5,1,1,GATCTGCCTTGTCCTATCTC,0,3347772
sohAp,0.5,1,1,GATCGCTGGGGTTTGTGCAA,0,3345389
sohAp,0.5,1,1,GATCCGAGCTAAAACGCAAG,0,3345262
sohAp,0.5,1,1,GATCCCGTGTAGTCGTGGGT,0,3335010
sohAp,0.5,1,1,GATAGCAAGCAAGAGCATAA,0,3351747
sohAp,0.5,1,1,GATAACGTCGAGTTGACGCT,0,3350575
sohAp,0.5,1,1,GAGTGCTTACAACCGCCGCT,0,3351629
sohAp,0.5,1,1,GAGTGAGTACACTCTGGTCG,0,3348068
sohAp,0.5,1,1,GAGTGAGGGAGATTTGAATT,0,3343795
sohAp,0.5,1,1,GAGTGACAGCTAACAGAGAC,0,3335475
sohAp,0.5,1,1,GAGTACTGCAGACTGGGGTA,0,3354331
sohAp,0.5,1,1,GAGTAAGGTCCCGGTTTAGG,0,3340037
sohAp,0.5,1,1,GAGGGATTGGTTCGAAACCC,0,3345781
sohAp,0.5,1,1,GAGGCCGATTGAAGTATGTA,0,3355192
sohAp,0.5,1,1,GAGGAGTCCGCGGAATCTGA,0,3337090
sohAp,0.5,1,1,GAGCTGGTCCCACAGAAGGT,0,3337805
sohAp,0.5,1,1,GAGCGGCTTTATGCTGATAT,0,3352734
sohAp,0.5,1,1,GAGCAAGACCGGGGCTTCAA,0,3349753
sohAp,0.5,1,1,GAGATTTCTACCACCATTTA,0,3335517
sohAp,0.5,1,1,GAGATAGTCAGCAAAACTTC,0,3341359
sohAp,0.5,1,1,GAGACGGATACAAGTGTTAC,0,3333720
sohAp,0.5,1,1,GAGAATTATGTGCGCAAATT,0,3343865
sohAp,0.5,1,1,GAGAATCCTACAGACTGCTG,0,3342490
sohAp,0.5,1,1,GACTTCTCTCAACGAAGAAG,0,3350163
sohAp,0.5,1,1,GACTGCAGCTTGGCTATAAC,0,3334628
sohAp,0.5,1,1,GACTCGACTCGGCCCAGCGT,0,3344511
sohAp,0.5,1,1,GACTCCTTAATAGTCTCCCG,0,3336626
sohAp,0.5,1,1,GACGTAAGTCGATGCGCCAG,0,3349267
sohAp,0.5,1,1,GACGGGCCTAGTACCATGGT,0,3343313
sohAp,0.5,1,1,GACCTCCTCTGGACCTCCAT,0,3346107
sohAp,0.5,1,1,GACCTAAATAGAGCGGCGGA,0,3341870
sohAp,0.5,1,1,GACCGTGTAAAGTCCCGTCT,0,3345727
sohAp,0.5,1,1,GACCGACTCGGGGCTAGGTC,0,3346853
sohAp,0.5,1,1,GACATAAATATTCGATATGC,0,3350678
sohAp,0.5,1,1,GACACTAGGCTGATTCGGAC,0,3343247
sohAp,0.5,1,1,GACACGCCTGACCATACTTC,0,3339960
sohAp,0.5,1,1,GACACCTCATGTGACGGGCA,0,3342267
sohAp,0.5,1,1,GACACCAGTGGTAACCAATA,0,3344459
sohAp,0.5,1,1,GACACATCCGATTCAATACA,0,3339922
sohAp,0.5,1,1,GAATTGAGCGACTCTCAAGC,0,3346370
sohAp,0.5,1,1,GAATAGACTGCAGCGTGACG,0,3334476
sohAp,0.5,1,1,GAAGCTAGTTTTGACGTATC,0,3341810
sohAp,0.5,1,1,GAACTATCTCACCGGCCAGG,0,3348179
sohAp,0.5,1,1,GAACTACGGTTTGGCAAACG,0,3338697
sohAp,0.5,1,1,GAACCTCACGTGTCATGGGT,0,3345951
sohAp,0.5,1,1,GAACCGGAGTTGTCCGTGTA,0,3345041
sohAp,0.5,1,1,GAACCCTCATGGGTTCTGAA,0,3336791
sohAp,0.5,1,1,GAACCCGTAATCGGGGCAAT,0,3349597
sohAp,0.5,1,1,GAAATCTTTAGATTTCTCGA,0,3351909
sohAp,0.5,1,1,GAAACTATGAATATTCCTAA,0,3348808
sohAp,0.5,1,1,GAAAACGTATGATTGGGGAT,0,3348826
sohAp,0.5,1,1,CTTTTGTATATGGATTTTTG,0,3358450
sohAp,0.5,1,1,CTTTCTAGTGAGCCTCGGAG,0,3343332
sohAp,0.5,1,1,CTTTCCTGTAGAGTATGGCG,0,3350348
sohAp,0.5,1,1,CTTTCCGCCCACACGAGCGT,0,3346004
sohAp,0.5,1,1,CTTTCCAGATATCCATCGTT,0,3338265
sohAp,0.5,1,1,CTTGTCGCACGTGCTAATTG,0,3343979
sohAp,0.5,1,1,CTTGGCTGTCAAGGGCATCA,0,3337182
sohAp,0.5,1,1,CTTGCCGGCCTGTTCGCGAT,0,3336731
sohAp,0.5,1,1,CTTCTAATCTGGAAGATCCC,0,3342587
sohAp,0.5,1,1,CTTCGCCTGCATCAAAGGTT,0,3354211
sohAp,0.5,1,1,CTTCCTAGCTGATTTAGGGG,0,3354272
sohAp,0.5,1,1,CTTCCAACCCTTCTTTAAAA,0,3334302
sohAp,0.5,1,1,CTTATTCAGTCTTTTTTGGG,0,3343176
sohAp,0.5,1,1,CTTAGTCTGCGTAAAGCAAG,0,3356432
sohAp,0.5,1,1,CTTAATTCTTAGCAACCAGG,0,3337028
sohAp,0.5,1,1,CTGTGAGAGAATGGCTTGTC,0,3348045
sohAp,0.5,1,1,CTGTATGTTACGCTATAATC,0,3338583
sohAp,0.5,1,1,CTGGTCTTAACGCAAGCGAG,0,3348514
sohAp,0.5,1,1,CTGGCGAGCATGTGCCTAAC,0,3351748
sohAp,0.5,1,1,CTGCAATACGACTGGAGATC,0,3343083
sohAp,0.5,1,1,CTGATCGATATTTCCTGTAC,0,3358278
sohAp,0.5,1,1,CTGATCACAGCTTGTTAATC,0,3346344
sohAp,0.5,1,1,CTGAGTATTGTGAAGTAGTA,0,3335507
sohAp,0.5,1,1,CTGAATCAAGAATTACCACG,0,3349621
sohAp,0.5,1,1,CTCTTTTTCACATGGAAACT,0,3349767
sohAp,0.5,1,1,CTCTTCTGTAGTTAATATCT,0,3350993
sohAp,0.5,1,1,CTCTTAATCGGGCTTTCACC,0,3356868
sohAp,0.5,1,1,CTCTGTCTCGGTGACCTAAT,0,3355869
sohAp,0.5,1,1,CTCTATTCAGTAGTCACCTG,0,3351654
sohAp,0.5,1,1,CTCTATATGGTCCAAATGCC,0,3339951
sohAp,0.5,1,1,CTCCGGTGGCTTTGGTCATA,0,3340603
sohAp,0.5,1,1,CTCCCTTTGGAGAGATTAGA,0,3339673
sohAp,0.5,1,1,CTCCCCACGCAACGAATTAC,0,3350509
sohAp,0.5,1,1,CTCCAGCCGTTGCGCAGGAA,0,3338570
sohAp,0.5,1,1,CTCATTGCTTCACCTACGAC,0,3344333
sohAp,0.5,1,1,CTCATTCTGTCTGCCTCGTC,0,3339639
sohAp,0.5,1,1,CTCAGGCGAGAATCCTACTA,0,3352529
sohAp,0.5,1,1,CTCAAATTATGAAGCACGAA,0,3351683
sohAp,0.5,1,1,CTCAAAAGGGTCGCTTGGGT,0,3334681
sohAp,0.5,1,1,CTATTAAGGAGGTATGATGA,0,3349866
sohAp,0.5,1,1,CTATCACAGACACTGCGAGA,0,3350384
sohAp,0.5,1,1,CTAGTTACGGTATTATCCAG,0,3354109
sohAp,0.5,1,1,CTAGTCTGCACTTAGCCAAT,0,3338971
sohAp,0.5,1,1,CTAGTCGGTATCGAAGAGTC,0,3358157
sohAp,0.5,1,1,CTAGCTGGTCCAACCCGGAT,0,3337358
sohAp,0.5,1,1,CTAACGGGAAAAGAAGTCAA,0,3354632
sohAp,0.5,1,1,CTAACAGTTACCAAGGACGA,0,3338262
sohAp,0.5,1,1,CGTTCGGTGCCCTTTTTCGA,0,3357625
sohAp,0.5,1,1,CGTTCGATAGCCTAACTCCA,0,3350770
sohAp,0.5,1,1,CGTTCCTATCACACAGCGGG,0,3349927
sohAp,0.5,1,1,CGTGGGAGAGTGGGCCATAG,0,3359141
sohAp,0.5,1,1,CGTCTCTTTTGCCATAGAAA,0,3340462
sohAp,0.5,1,1,CGTCTCATCGAGTGCCTGGG,0,3334672
sohAp,0.5,1,1,CGTCGCTCCTGCCCAGTTGA,0,3341531
sohAp,0.5,1,1,CGTCGATATCTTATGGTTTC,0,3339567
sohAp,0.5,1,1,CGTATCGAGGTGCAGTTCAC,0,3350939
sohAp,0.5,1,1,CGTATATAAGGTATTTAGGC,0,3339628
sohAp,0.5,1,1,CGTAGGTATCCCTGACATAT,0,3357804
sohAp,0.5,1,1,CGTACGCTTGCAAGAATCTC,0,3340364
sohAp,0.5,1,1,CGTACGATCAAAGTTAAGCA,0,3348892
sohAp,0.5,1,1,CGTAAGTTATGTTATATGGC,0,3346717
sohAp,0.5,1,1,CGGTTTAGGGTCATTGCATC,0,3339562
sohAp,0.5,1,1,CGGTGGTTCGTCATCTAATT,0,3357373
sohAp,0.5,1,1,CGGTGGGATAGGCCGCCGGC,0,3340631
sohAp,0.5,1,1,CGGTAGCCCATGATCCAATG,0,3349992
sohAp,0.5,1,1,CGGGTGCGATATGTCCAGGG,0,3335283
sohAp,0.5,1,1,CGGGGTGGTCATGTGAGGAA,0,3349024
sohAp,0.5,1,1,CGGGGGCCAACGTTTCAACT,0,3338696
sohAp,0.5,1,1,CGGGAGTACTGCGTTTATAT,0,3355959
sohAp,0.5,1,1,CGGCTCTGCTTGAATGCTTT,0,3351679
sohAp,0.5,1,1,CGGCCGGACCCCGATCTTAT,0,3337297
sohAp,0.5,1,1,CGGCCGATGAGCCGCGTTAT,0,3347534
sohAp,0.5,1,1,CGGCACAGCGCTTATGCTAC,0,3354666
sohAp,0.5,1,1,CGGAGGAGGCTCGGTTTGTA,0,3340624
sohAp,0.5,1,1,CGGAAATCGTTTGACCGGAC,0,3343536
sohAp,0.5,1,1,CGCTGTCGTGTGAGTGGCCA,0,3338407
sohAp,0.5,1,1,CGCTGGCATTTGGATCCACT,0,3343075
sohAp,0.5,1,1,CGCTATTGGATCACCGGTCC,0,3358317
sohAp,0.5,1,1,CGCGTTCAGAATGACTCTCC,0,3335381
sohAp,0.5,1,1,CGCGTATATGAGAACTTTGG,0,3342150
sohAp,0.5,1,1,CGCGGTCACTGCCGAATGAT,0,3334955
sohAp,0.5,1,1,CGCGGAGACGGGCAGCGGCG,0,3349549
sohAp,0.5,1,1,CGCCGACTATATGTTACCAA,0,3351571
sohAp,0.5,1,1,CGCATTCCCGCCAGTTTATT,0,3353366
sohAp,0.5,1,1,CGCAGTCAACTCGACATGTC,0,3348178
sohAp,0.5,1,1,CGCAGCTGGACCGCATTCTC,0,3350653
sohAp,0.5,1,1,CGCAGAACGGGGAATAAACT,0,3339977
sohAp,0.5,1,1,CGATTCTCTGGTATTATCCT,0,3357321
sohAp,0.5,1,1,CGATTCGATGGGTGCCGCGG,0,3356403
sohAp,0.5,1,1,CGATCTCTAAGTAACTTCTG,0,3346314
sohAp,0.5,1,1,CGATCGCCGGGTCGGGGAGC,0,3343580
sohAp,0.5,1,1,CGATCGCCACGCCTGCAAGT,0,3341939
sohAp,0.5,1,1,CGATCAGGTAAACCTGGGTG,0,3341548
sohAp,0.5,1,1,CGATACGGACAGGAACCTCT,0,3341110
sohAp,0.5,1,1,CGAGTTGCCAGTATCCCATA,0,3356783
sohAp,0.5,1,1,CGAGAACAGGACCATGGAAA,0,3345967
sohAp,0.5,1,1,CGACTCGCGGTTTGCTGGGC,0,3335313
sohAp,0.5,1,1,CGACCATTGTTAGCGGGGAA,0,3337095
sohAp,0.5,1,1,CGACCATGTGCTCGCTGGTG,0,3352664
sohAp,0.5,1,1,CGAAGATGTGTACGTTGTAG,0,3354398
sohAp,0.5,1,1,CGAAGATGGGGAATTTGACA,0,3349155
sohAp,0.5,1,1,CCTTGTATCTTCGTGCGGCC,0,3349710
sohAp,0.5,1,1,CCTTGGATAACATAAGAAAC,0,3342081
sohAp,0.5,1,1,CCTTATGTATCTGCCCATTC,0,3343268
sohAp,0.5,1,1,CCTGTGTCTCAAGCAAACGT,0,3339799
sohAp,0.5,1,1,CCTGGGCCTGTCCGCATTAG,0,3333778
sohAp,0.5,1,1,CCTGCGTAATAGGTAATAAA,0,3343174
sohAp,0.5,1,1,CCTGCATGCACACAATCGCT,0,3337545
sohAp,0.5,1,1,CCTCTGTGGGTTGGTCACTA,0,3339734
sohAp,0.5,1,1,CCTCCTCCACATACGCGGTG,0,3355659
sohAp,0.5,1,1,CCTCCAATGTCTGAGTCTAG,0,3353163
sohAp,0.5,1,1,CCTACCGTGTAATGAGCTAT,0,3354730
sohAp,0.5,1,1,CCGTTGCCGGGTCTATCCTA,0,3337058
sohAp,0.5,1,1,CCGTATAAAGTAGGGGTCAA,0,3335539
sohAp,0.5,1,1,CCGTAGCATGCGTTGGCCAC,0,3339757
sohAp,0.5,1,1,CCGTACGCAGATAGGTATAA,0,3347336
sohAp,0.5,1,1,CCGGCTACTAACCATGAGCC,0,3335727
sohAp,0.5,1,1,CCGGCCCGCCCGTAAAACTA,0,3358046
sohAp,0.5,1,1,CCGGACCAGGGTACACGCTG,0,3341761
sohAp,0.5,1,1,CCGGAACTGTGCAACTGAAA,0,3347348
sohAp,0.5,1,1,CCGCGTTCCGTCGGCTCCCT,0,3342993
sohAp,0.5,1,1,CCGACCTCACACGGCTAGGA,0,3355411
sohAp,0.5,1,1,CCGAATATTGGCGACTATCC,0,3353976
sohAp,0.5,1,1,CCCGTGCCGAAGTTTGGTCT,0,3352457
sohAp,0.5,1,1,CCCGTCCATCCTGCTATGCT,0,3337041
sohAp,0.5,1,1,CCCGTCATAGTTAATATTTG,0,3342238
sohAp,0.5,1,1,CCCGGCTACCGAAAAGTCCC,0,3351034
sohAp,0.5,1,1,CCCCTGCCACCTATGTGCGA,0,3342487
sohAp,0.5,1,1,CCCCGACGCTGTCTCGTAAA,0,3334023
sohAp,0.5,1,1,CCCCGAATCCGCCGCTATCC,0,3340286
sohAp,0.5,1,1,CCCCATGCACATGCCGATAT,0,3334845
sohAp,0.5,1,1,CCCCACACGCGAAAATAATC,0,3352282
sohAp,0.5,1,1,CCCCAAATCCAGCCTGAAGC,0,3344816
sohAp,0.5,1,1,CCCACTAAGTTTTAATCGCG,0,3352935
sohAp,0.5,1,1,CCCAACGGTGCCTCTGCGTA,0,3336604
sohAp,0.5,1,1,CCATTGACGCCAAGCTAACC,0,3356805
sohAp,0.5,1,1,CCATGCCAGTTCACAATCCG,0,3345900
sohAp,0.5,1,1,CCATACAGATATTTTCCATT,0,3354049
sohAp,0.5,1,1,CCAGTTTAGGACATGTAAAG,0,3350029
sohAp,0.5,1,1,CCAGTCTCAAGCCTCAGTCG,0,3356159
sohAp,0.5,1,1,CCAGGATAATTATGGCCTGG,0,3344036
sohAp,0.5,1,1,CCAGCGCGGGTAATTTCCTA,0,3338488
sohAp,0.5,1,1,CCAGATGATCTTACGTCACG,0,3335053
sohAp,0.5,1,1,CCACGCATGTATCGCGAACT,0,3344109
sohAp,0.5,1,1,CCAATTGCTGTTCTAGCTCC,0,3346494
sohAp,0.5,1,1,CCAAGTGCACGGTAGGAGGT,0,3339749
sohAp,0.5,1,1,CCAAAGTTACAGACGTGGTA,0,3357374
sohAp,0.5,1,1,CATTGTTAGGGCCCGTGGGA,0,3353287
sohAp,0.5,1,1,CATTCGTCGCACCCGGACGA,0,3349507
sohAp,0.5,1,1,CATGGATGGGCCGTAGGGAA,0,3338647
sohAp,0.5,1,1,CATGCATGCGCTTGAGTTGA,0,3342837
sohAp,0.5,1,1,CATGCAACCGTAAGCCAAAT,0,3347028
sohAp,0.5,1,1,CATCTGGAAGTGTGTTTAGA,0,3349711
sohAp,0.5,1,1,CATCGTTTTGTGGAACGCCT,0,3336777
sohAp,0.5,1,1,CATCGGGCTTTGTCTGACAC,0,3337143
sohAp,0.5,1,1,CATCGGATTCGTTCGGAGCT,0,3335965
sohAp,0.5,1,1,CATCCGGCCAGTTTAGGACG,0,3346213
sohAp,0.5,1,1,CATCAATGGGCGACTTTCTA,0,3336421
sohAp,0.5,1,1,CATATGCGCTGCATTTGTCC,0,3356592
sohAp,0.5,1,1,CATATCTAGGGCATGAGTGT,0,3344119
sohAp,0.5,1,1,CAGTTATAATTGCTCTAGCT,0,3341038
sohAp,0.5,1,1,CAGTTAGTGGACTCATTATG,0,3347536
sohAp,0.5,1,1,CAGTGATTAGAAAGCCCAAG,0,3349690
sohAp,0.5,1,1,CAGTGAACCCGAGTAAATGT,0,3347362
sohAp,0.5,1,1,CAGTCCCCGGTTGTTATTTA,0,3358356
sohAp,0.5,1,1,CAGGTTCTAGGTTTTCCTTG,0,3346444
sohAp,0.5,1,1,CAGGGGAAACAGCGGGTACC,0,3336425
sohAp,0.5,1,1,CAGGGCCTAAGTGTATCCCC,0,3342724
sohAp,0.5,1,1,CAGCCGCTGACGACATCCGT,0,3358262
sohAp,0.5,1,1,CAGCAACTACGGCGGGTCCT,0,3344994
sohAp,0.5,1,1,CAGAGAAGCCCGTCATACAG,0,3355138
sohAp,0.5,1,1,CAGACGACCGGAGTAGGTCA,0,3351171
sohAp,0.5,1,1,CACTGAAAACGACGAGAACA,0,3357679
sohAp,0.5,1,1,CACTATTGTCCGAAATACTA,0,3350400
sohAp,0.5,1,1,CACTAAATTATTGTAGCTTG,0,3347835
sohAp,0.5,1,1,CACGGTCCATACTATTAGCT,0,3339199
sohAp,0.5,1,1,CACGGGCTGTATCATGACTA,0,3357642
sohAp,0.5,1,1,CACGGGCCGGTAATGCACTA,0,3355707
sohAp,0.5,1,1,CACGGAAAACCTGTGACGAT,0,3356404
sohAp,0.5,1,1,CACGAACAGCAGTCGGCAGG,0,3344198
sohAp,0.5,1,1,CACCGCGACCTACCATCAGC,0,3336015
sohAp,0.5,1,1,CACCGACTCTTTCCCAGCAG,0,3348066
sohAp,0.5,1,1,CACCCAGACCAAACGCTGTT,0,3336535
sohAp,0.5,1,1,CACATATGCGAGTCCACTCG,0,3337114
sohAp,0.5,1,1,CACATACAACCAGAAGACTC,0,3335924
sohAp,0.5,1,1,CACAGGTAGAAATATCCTAC,0,3355704
sohAp,0.5,1,1,CACACTGTCTCTTGGAGTAA,0,3357860
sohAp,0.5,1,1,CACACATTCTCACGCACTCC,0,3354807
sohAp,0.5,1,1,CACAAGGGAGTATCTGAAGT,0,3336025
sohAp,0.5,1,1,CACAAACTGTACGTATACGA,0,3343849
sohAp,0.5,1,1,CAATGCTAGGGGTCATCCCC,0,3337601
sohAp,0.5,1,1,CAATCTCAACTTGGATCGAT,0,3349210
sohAp,0.5,1,1,CAATAGGAGCCAGATCCCAA,0,3342112
sohAp,0.5,1,1,CAAGGGAAAATGCTGGACGG,0,3350034
sohAp,0.5,1,1,CAAGGACCCGAGCGAGGCTC,0,3351249
sohAp,0.5,1,1,CAAGCGTTGGATTCAGCCTG,0,3340551
sohAp,0.5,1,1,CAAGAACATCCGTGGGCAAT,0,3357412
sohAp,0.5,1,1,CAACTCATCATTACAGTAGG,0,3339732
sohAp,0.5,1,1,CAACGCGCATTCGTAATTAA,0,3336378
sohAp,0.5,1,1,CAACATGTGGCATACACTCC,0,3339821
sohAp,0.5,1,1,CAACAGAATATATTCGTTCA,0,3334181
sohAp,0.5,1,1,CAAATGATCCGGACGTCTGG,0,3354786
sohAp,0.5,1,1,CAAACACTTGTCCTGTCACC,0,3355884
sohAp,0.5,1,1,CAAAAGCATCATGGTGAAAC,0,3347770
sohAp,0.5,1,1,ATTTTGCGAGCCGACCCGCC,0,3337477
sohAp,0.5,1,1,ATTTTATCACCATAGAGATA,0,3352091
sohAp,0.5,1,1,ATTTGTCATAGTACACGTTG,0,3342407
sohAp,0.5,1,1,ATTTGGGTCATCATTGGATC,0,3353257
sohAp,0.5,1,1,ATTTCGAAGTAGTCCAATAC,0,3338431
sohAp,0.5,1,1,ATTGTCTGACGCTCCTTTCC,0,3353240
sohAp,0.5,1,1,ATTGACCGCCCGGTGTAATC,0,3339014
sohAp,0.5,1,1,ATTGAAGAGAATGAGGTTTA,0,3344539
sohAp,0.5,1,1,ATTCTAACGCAGAACCATGG,0,3341212
sohAp,0.5,1,1,ATTAGTATACCGATGCTGTC,0,3343661
sohAp,0.5,1,1,ATTACGAAAGGCATTATTGC,0,3355966
sohAp,0.5,1,1,ATTAACAGGAAGAGGGGACG,0,3340877
sohAp,0.5,1,1,ATGTTTGTTTTCAGCTTTTA,0,3340879
sohAp,0.5,1,1,ATGTTTGAGCAATTCGACGG,0,3337953
sohAp,0.5,1,1,ATGTGGACAAGGAACCTAGG,0,3353159
sohAp,0.5,1,1,ATGTATGGGTGCGTAACTAA,0,3357122
sohAp,0.5,1,1,ATGGTTGAGGCAGACGAACT,0,3348162
sohAp,0.5,1,1,ATGGTAGGTGTGAACAAAAG,0,3339787
sohAp,0.5,1,1,ATGGTAATGTTTTATGGTAG,0,3350546
sohAp,0.5,1,1,ATGGGCTTCTGCGAGCTTAG,0,3340637
sohAp,0.5,1,1,ATGGCCTTCACTCTGTACTA,0,3336911
sohAp,0.5,1,1,ATGCGTGTGCCAGGCATAGG,0,3356989
sohAp,0.5,1,1,ATGATTGGTACGAGCTGATA,0,3344543
sohAp,0.5,1,1,ATGATCGTGAGCCAAGTTAG,0,3349239
sohAp,0.5,1,1,ATGAATTGCCTCATACGTCT,0,3344649
sohAp,0.5,1,1,ATGAACGGGCTTAATAAGTG,0,3343688
sohAp,0.5,1,1,ATCTTAGACCCTAAAACTGA,0,3335342
sohAp,0.5,1,1,ATCTGACTATAGATGCATCC,0,3340486
sohAp,0.5,1,1,ATCTCTTGCGCCTTTGAGGG,0,3336749
sohAp,0.5,1,1,ATCTCTATTAGGAAGGCATA,0,3347508
sohAp,0.5,1,1,ATCTATGCTTACTAGGAAGC,0,3347156
sohAp,0.5,1,1,ATCTACTCAAGATCTGAGGC,0,3336233
sohAp,0.5,1,1,ATCTAAAGGGATGGGCGTGT,0,3353845
sohAp,0.5,1,1,ATCGCACCGCGCGAGGGTAA,0,3352889
sohAp,0.5,1,1,ATCGATATATCGTATAATAC,0,3346036
sohAp,0.5,1,1,ATCCGGACGCGCTCGCAAGC,0,3344948
sohAp,0.5,1,1,ATCCCCGACCCTGGCAGTTT,0,3356853
sohAp,0.5,1,1,ATCCAAACAATGAGGCGTCA,0,3353190
sohAp,0.5,1,1,ATCAGACTGCTTATGCCACG,0,3353533
sohAp,0.5,1,1,ATCACGGTTGCGCCACAAGG,0,3342296
sohAp,0.5,1,1,ATCACCTACACTCTGCGGTA,0,3355032
sohAp,0.5,1,1,ATCACCAGTTACATCTAGGC,0,3348465
sohAp,0.5,1,1,ATATTCATCGTAACAGGTGA,0,3353273
sohAp,0.5,1,1,ATATGTTTGGCCGCATGAAT,0,3337578
sohAp,0.5,1,1,ATATGGTCTCCACCTTCCCT,0,3338929
sohAp,0.5,1,1,ATATCCGCAACTACCAATTA,0,3355633
sohAp,0.5,1,1,ATAGTGTGAGTACATTGAGC,0,3339498
sohAp,0.5,1,1,ATAGTCATGTGCACGCGTCT,0,3343879
sohAp,0.5,1,1,ATAGGACGTCGATTTGGGGT,0,3336222
sohAp,0.5,1,1,ATACTGTCATGGTAACGTAA,0,3338033
sohAp,0.5,1,1,ATACTGGGGTCGCCGCCCGA,0,3339796
sohAp,0.5,1,1,ATACTATCGTCGTGAAGGGT,0,3348754
sohAp,0.5,1,1,ATACCGCTGCTGCTCTTTAC,0,3348659
sohAp,0.5,1,1,ATACCCGGGGGATAATTGCA,0,3355983
sohAp,0.5,1,1,ATACATCGATCCGTTGATTC,0,3352174
sohAp,0.5,1,1,ATACAACCCGCATATTAATT,0,3335474
sohAp,0.5,1,1,ATAATTGCAGCGCCTAAGCA,0,3358006
sohAp,0.5,1,1,ATAAGCCTTTGCGGGGCACT,0,3336781
sohAp,0.5,1,1,ATAAGATAGCGAAGCTGGTC,0,3350158
sohAp,0.5,1,1,ATAAATTGATTGAACATAAT,0,3341784
sohAp,0.5,1,1,ATAAAGCCGCCTCAGACCGG,0,3346885
sohAp,0.5,1,1,AGTTTTAGGACTGCCCGCCA,0,3348239
sohAp,0.5,1,1,AGTTTTAGCGGTTTCAAGTA,0,3344409
sohAp,0.5,1,1,AGTTGTCTGACCGGAACCCT,0,3347499
sohAp,0.5,1,1,AGTTCCTGCCGGCTTTGGGG,0,3337476
sohAp,0.5,1,1,AGTTCCGATCCGTGTAGGAG,0,3347942
sohAp,0.5,1,1,AGTGTGGCCCATTGCACAGG,0,3354196
sohAp,0.5,1,1,AGTGCGGTATGAATATCGAT,0,3335582
sohAp,0.5,1,1,AGTGACGTAGGTCTGTCCAG,0,3340616
sohAp,0.5,1,1,AGTCGCGCTTGCTCGATCCT,0,3344467
sohAp,0.5,1,1,AGTCAGCGAAGGCAAGGTAG,0,3340527
sohAp,0.5,1,1,AGTAGCAAGTTTTGTCTGTC,0,3343306
sohAp,0.5,1,1,AGTACGAGATAGGGGTGGTC,0,3340442
sohAp,0.5,1,1,AGTAACTCATAACATCGCAG,0,3349181
sohAp,0.5,1,1,AGGTGTCACAACTGATCATG,0,3343643
sohAp,0.5,1,1,AGGGTTTACCCGGTATTAAG,0,3349925
sohAp,0.5,1,1,AGGGGCAGTTAAGTCGCACT,0,3356331
sohAp,0.5,1,1,AGGGATGGAGTGAATGGCTG,0,3340852
sohAp,0.5,1,1,AGGCCGAATTCTGTAATGTG,0,3347462
sohAp,0.5,1,1,AGGCATTGTTTACGGGTATA,0,3350636
sohAp,0.5,1,1,AGGCAAGGATTACACTGGAA,0,3337073
sohAp,0.5,1,1,AGGATAAGAAATGTGATATC,0,3354170
sohAp,0.5,1,1,AGGAGTCTCAGTAACGATAT,0,3333859
sohAp,0.5,1,1,AGGAGCCTGTCTGCGAATTC,0,3347342
sohAp,0.5,1,1,AGGAACAGAGCATACAAGTA,0,3343227
sohAp,0.5,1,1,AGCTCTCAAGCCCCACGTGT,0,3340072
sohAp,0.5,1,1,AGCTCCATACAACGATCGCC,0,3347360
sohAp,0.5,1,1,AGCTATGTTGCAGGATTACT,0,3353073
sohAp,0.5,1,1,AGCGTGTAACTTGCGTGAGC,0,3337172
sohAp,0.5,1,1,AGCGTGGGGTAACATGTGTC,0,3354051
sohAp,0.5,1,1,AGCGCTCACAAACCTGAGAA,0,3356173
sohAp,0.5,1,1,AGCGAAACGGCCATTCATGA,0,3345376
sohAp,0.5,1,1,AGCCTCCGGGGCAGGTTCTA,0,3355695
sohAp,0.5,1,1,AGCCTCATTTAAACTTTATA,0,3358318
sohAp,0.5,1,1,AGCCCTGTTGTCCATCAGTG,0,3348153
sohAp,0.5,1,1,AGCCCGATTCAGCACCCCTG,0,3349331
sohAp,0.5,1,1,AGCATCGCGTATCCCCCCTG,0,3340230
sohAp,0.5,1,1,AGCAAGAACGCTGTTTGTCT,0,3345466
sohAp,0.5,1,1,AGCAAATAATGGGCGGTTCT,0,3339617
sohAp,0.5,1,1,AGAGGCTCGTAATCTTTAGT,0,3342300
sohAp,0.5,1,1,AGAGCTGGGTGATACTAAAA,0,3334036
sohAp,0.5,1,1,AGAGCCCTGCTCGCCCTAAA,0,3356302
sohAp,0.5,1,1,AGAGAAGCGCCTACACTCTA,0,3341995
sohAp,0.5,1,1,AGACGGCGTGAAAGCAAAAC,0,3342861
sohAp,0.5,1,1,AGACGACTAGGTTGCTAAGT,0,3353066
sohAp,0.5,1,1,AGACCATTTTGCTGTTGTGC,0,3341129
sohAp,0.5,1,1,AGAATTGTGCATCTTTTGGC,0,3340008
sohAp,0.5,1,1,AGAATATCAGTCCCTACTAT,0,3343579
sohAp,0.5,1,1,AGAAGATCTGGATGGCCTAG,0,3350429
sohAp,0.5,1,1,AGAAAGGATACCGTTTCGTT,0,3335115
sohAp,0.5,1,1,ACTTATCTCATGGCAAGATA,0,3355984
sohAp,0.5,1,1,ACTGGAATCCGTACTAAGCC,0,3347186
sohAp,0.5,1,1,ACTGAGGAGTCACTAAGTCG,0,3353744
sohAp,0.5,1,1,ACTCCCTATCTGAGTGTATG,0,3344815
sohAp,0.5,1,1,ACTATGATTTCTTTCCGGGG,0,3355014
sohAp,0.5,1,1,ACTATCGTCTGGTTAGCATG,0,3340876
sohAp,0.5,1,1,ACTACGCGGGGGATGTACCC,0,3348351
sohAp,0.5,1,1,ACTACCGAAATTAGGGATCC,0,3357761
sohAp,0.5,1,1,ACTACAAGGCGCCCGCTCCG,0,3345931
sohAp,0.5,1,1,ACGTCCGATGAATGTATCTC,0,3335343
sohAp,0.5,1,1,ACGTCATAGGAGACAGTCAT,0,3349786
sohAp,0.5,1,1,ACGGTCGCAGAGTTGAGTTA,0,3346668
sohAp,0.5,1,1,ACGGGCAAAATTGGTACAAC,0,3336743
sohAp,0.5,1,1,ACGGCTGTGGTCCTGCGTCG,0,3342680
sohAp,0.5,1,1,ACGCTGTCTGACGATCGATC,0,3343628
sohAp,0.5,1,1,ACGCTAACACCACGTATCGC,0,3345307
sohAp,0.5,1,1,ACGCGTGTAGTACCGAGGGT,0,3346513
sohAp,0.5,1,1,ACGCGTCAGGATAGTGACGG,0,3353729
sohAp,0.5,1,1,ACGCGACGTTTTTCCCCGCA,0,3343759
sohAp,0.5,1,1,ACGCAAAGTCAACCATCAAC,0,3350425
sohAp,0.5,1,1,ACGAGGTGTTGGCTTCATAT,0,3348182
sohAp,0.5,1,1,ACCTTACTCTCGAACCTACG,0,3339515
sohAp,0.5,1,1,ACCTGATCCCGATAATAAAT,0,3350031
sohAp,0.5,1,1,ACCTCTGAAGAAGTTTTCGC,0,3344487
sohAp,0.5,1,1,ACCTATCCTAGCGTGCCCAC,0,3354546
sohAp,0.5,1,1,ACCGTGGCGTCGTCCAGGAC,0,3347497
sohAp,0.5,1,1,ACCGTGATAGCACAGAGAAA,0,3355761
sohAp,0.5,1,1,ACCGTACACGCTAGGTGGTC,0,3347066
sohAp,0.5,1,1,ACCGGTACGTAACGATCTCT,0,3335536
sohAp,0.5,1,1,ACCGCGCAAGATTTGTGAAT,0,3346897
sohAp,0.5,1,1,ACCCCCCTGATTAGTTCCCA,0,3340164
sohAp,0.5,1,1,ACCCAGATATACCGGCTGAG,0,3343727
sohAp,0.5,1,1,ACCAACAAGTTGTCTACGCC,0,3357832
sohAp,0.5,1,1,ACCAAAATAGTTAGATTTTC,0,3344437
sohAp,0.5,1,1,ACATTTGAATATGGCCAACA,0,3349472
sohAp,0.5,1,1,ACATGATGTCAGCATTTATA,0,3344510
sohAp,0.5,1,1,ACATGAACGGTATGCAGCAC,0,3348121
sohAp,0.5,1,1,ACATCTAACCATTATGCGGT,0,3345177
sohAp,0.5,1,1,ACATAGTGCGGTGCCACTAT,0,3334920
sohAp,0.5,1,1,ACATACGGGAGCCCGCACAA,0,3341627
sohAp,0.5,1,1,ACAGTGACTAAATAGCCAAC,0,3352977
sohAp,0.5,1,1,ACAGAGCCTAGGCTCGGGTT,0,3343111
sohAp,0.5,1,1,ACACTTTCGGACGATTCTGC,0,3346610
sohAp,0.5,1,1,ACACGTTAAATTTGATCGTT,0,3349451
sohAp,0.5,1,1,ACACGCGAACGACATTCGTA,0,3353198
sohAp,0.5,1,1,ACACGCACGATCTTGCCTGG,0,3354949
sohAp,0.5,1,1,ACACGATATGGGCCTCATTG,0,3333695
sohAp,0.5,1,1,ACACCCGGTTATGAGTCGGC,0,3339955
sohAp,0.5,1,1,ACAACCTGGCTGACAAGTCG,0,3352404
sohAp,0.5,1,1,ACAAATGAGCCCTTAATTCT,0,3358138
sohAp,0.5,1,1,AATTCAGCACCCCACAGTCT,0,3345934
sohAp,0.5,1,1,AATTACTGCATTGTGTGTTA,0,3338024
sohAp,0.5,1,1,AATTAATTCGACTGCATCTA,0,3344367
sohAp,0.5,1,1,AATGGGTCTACACCGGAGGC,0,3357644
sohAp,0.5,1,1,AATGAGACCAATGTTAAGTT,0,3355471
sohAp,0.5,1,1,AATCTTTAACGTCACAGATA,0,3334986
sohAp,0.5,1,1,AATCCGTAGATGCTACCAAT,0,3356906
sohAp,0.5,1,1,AATCATAAATCTGACTGGTT,0,3352320
sohAp,0.5,1,1,AATAATACCTGTCTAAGGAC,0,3353598
sohAp,0.5,1,1,AATAAAGAACTCATCTGCAC,0,3350394
sohAp,0.5,1,1,AAGTTTGGGACGTACTGCGA,0,3350735
sohAp,0.5,1,1,AAGTTAAACTTATCAAATTA,0,3344717
sohAp,0.5,1,1,AAGTGGCACTAACTATTTGT,0,3341290
sohAp,0.5,1,1,AAGTGCCTACAACGTACACT,0,3343210
sohAp,0.5,1,1,AAGTCACTATGTGAAAATTC,0,3334369
sohAp,0.5,1,1,AAGTCAAGATGAGTCAGCAT,0,3340391
sohAp,0.5,1,1,AAGTAGAACACTTTGACGGT,0,3354181
sohAp,0.5,1,1,AAGTACAGCGGCAGTTGTCG,0,3339885
sohAp,0.5,1,1,AAGGTTGAGACTCGCCGCTC,0,3338176
sohAp,0.5,1,1,AAGGGAATATATTCAAAGGT,0,3336037
sohAp,0.5,1,1,AAGGCCAGAATGCATAGAAA,0,3348563
sohAp,0.5,1,1,AAGCTGTACATGCTAAGGCT,0,3349529
sohAp,0.5,1,1,AAGCTCGATATTATAGCAAC,0,3341362
sohAp,0.5,1,1,AAGCTCGACTAGCAAGCATG,0,3350099
sohAp,0.5,1,1,AAGCGACCATGTCCTTCCCC,0,3359107
sohAp,0.5,1,1,AAGCCAATCAGATTAGAAGT,0,3358991
sohAp,0.5,1,1,AAGATTCTTCAATTTTCGTA,0,3336241
sohAp,0.5,1,1,AAGATCTGGGATTCAGGAGC,0,3337246
sohAp,0.5,1,1,AAGAGCCGCGTACAGTAGAC,0,3333957
sohAp,0.5,1,1,AAGAGACCTCTAGTTTGAAT,0,3349274
sohAp,0.5,1,1,AAGAACAGTGTCCGGGCATC,0,3345240
sohAp,0.5,1,1,AACTGGCGTGTAAATAAGGG,0,3336740
sohAp,0.5,1,1,AACTCGACGGATAACGGGTG,0,3358906
sohAp,0.5,1,1,AACTATCTATCGTCGAGATG,0,3355044
sohAp,0.5,1,1,AACTAATGGGTCAGGCGGCG,0,3337520
sohAp,0.5,1,1,AACGTAGTATGAGTGTTAAG,0,3355975
sohAp,0.5,1,1,AACGACCTGTGTCGTAGTCC,0,3353952
sohAp,0.5,1,1,AACGAAACGGGTCCGCAGAT,0,3351194
sohAp,0.5,1,1,AACAGATGGCCTCAACACGC,0,3336528
sohAp,0.5,1,1,AAATTTGACATTCGTAAGTG,0,3355794
sohAp,0.5,1,1,AAATAGGAACAGAGGGATCT,0,3347373
sohAp,0.5,1,1,AAATACTTGTGCGCAACGCA,0,3340103
sohAp,0.5,1,1,AAATACGACATGCCCTGCCA,0,3355348
sohAp,0.5,1,1,AAAGTGGTGATGCCGTTGCG,0,3351075
sohAp,0.5,1,1,AAAGGGATTGCTTTCGACCG,0,3350193
sohAp,0.5,1,1,AAAGCTGACGGTTTGTACGT,0,3349136
sohAp,0.5,1,1,AAAGAGGCCTGATGTAGGTC,0,3339565
sohAp,0.5,1,1,AAAGACGCTGCCCCGTGTAA,0,3342860
sohAp,0.5,1,1,AAAGAACTATGAAGTGCTCC,0,3335630
sohAp,0.5,1,1,AAACTGTGTAACCTCGATGG,0,3346003
sohAp,0.5,1,1,AAACGTCTCGAGAGCGCGAG,0,3347929
sohAp,0.5,1,1,AAACGAACTGACAGACTGTC,0,3334021
sohAp,0.5,1,1,AAACAGTTATGGATAAAATG,0,3354045
sohAp,0.5,1,1,AAAACATGTTTTTTTGAGTT,0,3342969
sohAp,0.5,1,1,AAAAAGCCATGAGTGATAGT,0,3347618
sohAp,0.5,1,1,AAAAACTACGGGTCGGGTCA,0,3348033
sohAp,0.5,1,1,AAAAAATTACTGTAGTTAGT,0,3339180
sohAp,179.0,178,0,CATCCTCTGAGCCCGCAATC,178,3357322
sohAp,145.0,144,0,CGGACGGTCTCCAGGGAAGA,144,3350229
sohAp,144.0,143,0,CGGGGCCTCCGTCATGGATA,143,3358907
sohAp,133.0,132,0,GGACCTCGGTTCATGTACTT,132,3340829
sohAp,128.0,127,0,GCACCGACGATTGCGCGTTC,127,3334130
sohAp,122.0,121,0,AGTTCCAGAAGACGCACCCG,121,3341993
sohAp,119.0,118,0,AGAGCGTGAACCGGCCGAGC,118,3357225
sohAp,117.0,116,0,ATGGATACCTGGGTTTCCAC,116,3349481
sohAp,113.0,112,0,GTGTGACTGTCTTGCGTTGT,112,3337858
sohAp,112.0,111,0,CCGGCTCCAGGGAACACAAA,111,3353134
sohAp,103.0,102,0,CCGGCTGCGCTGAGAATGCC,102,3343549
sohAp,100.0,99,0,CGGTAATTCATCGCATACAT,99,3357633
sohAp,98.0,97,0,TTTATATAATGTATTCAACT,97,3352067
sohAp,98.0,97,0,GTGGCTTCGATCTTTTTCGC,97,3350326
sohAp,95.0,94,0,TGCTGGTTCACTGGAATGTG,94,3336501
sohAp,95.0,94,0,CCTCTCCGTCATGTACCAGG,94,3335165
sohAp,92.0,91,0,ATTGGCCGAAAACATGGATA,91,3358773
sohAp,85.0,84,0,ACGTCCTGCACAGCTCCAGC,84,3351207
sohAp,84.0,83,0,TTCGTAACAGGACTCATATG,83,3354282
sohAp,84.0,83,0,GTGGCAGGGCACAGTTTGCA,83,3344658
sohAp,81.0,80,0,GTATCGATGTGACATCACAG,80,3347013
sohAp,78.0,77,0,GGGTCGTAGGAACCGTGACT,77,3353912
sohAp,75.0,74,0,GAAGTGACCAGTAGCTCAGG,74,3340441
sohAp,75.0,74,0,CCGACTCGCCCTGGCTAGGC,74,3342671
sohAp,72.0,71,0,GTCCGTCGTTCTGCACGATA,71,3341042
sohAp,67.0,66,0,CCTATTAGTTTCAGACCAAC,66,3349557
sohAp,66.0,65,0,CTTTAACACTATTCGCCCGT,65,3334752
sohAp,47.0,46,0,TGGTCGCAGCTTGGTACAAA,46,3339388
sohAp,44.0,43,0,GGCTATAGATCTCTCGCAAT,43,3352326
sohAp,41.0,40,0,TGCTTGGTTCAGTTTGTTTG,40,3343742
sohAp,39.0,38,0,TGCCCGCGTACTCTATCTCA,38,3350186
sohAp,36.0,35,0,CGCTCCTACGCCGGACATGA,35,3350930
sohAp,31.0,30,0,GCGGCGACGACTGTATTAAC,30,3336224
sohAp,27.0,26,0,CCAGGCTCGAGTTCATGAAA,26,3337595
sohAp,25.0,24,0,TCGCCCGACGCTATATTGTA,24,3358934
sohAp,25.0,24,0,ACACCTTATCTCATTGCAGG,24,3348363
sohAp,15.0,14,0,AATGGCTTGTTAGCAGGTAG,14,3349558
sohAp,6.0,5,0,ATCTACTGCAAGAGATGGAC,5,3340693
sohAp,4.0,3,0,CCCTAGGGATCCTACGTAAC,3,3334135
sohAp,3.0,2,0,GTCCTGCGGAAGTCAAGAGT,2,3334427
sohAp,2.0,1,0,TTGAATGTTGTTACCGCCCG,1,3357990
sohAp,2.0,1,0,TGTTCAATATAATTTTGCTA,1,3337577
sohAp,2.0,1,0,TGTACGGAAGACCTATTCTG,1,3336913
sohAp,2.0,1,0,GGTACCGGGAACTCTCATAC,1,3355314
sohAp,2.0,1,0,GCCTCCTGTATGCATCCTAC,1,3356345
sohAp,2.0,1,0,GCCCATACACATAGGGGTCA,1,3352424
sohAp,2.0,1,0,CGATGGTGCAGATTTTGTTC,1,3351799
sohAp,2.0,1,0,CCCCCTGCGGTGCCAGCTTG,1,3358770
sohAp,2.0,1,0,CATTATCTCGCTCTGAGTTA,1,3357268
sohAp,2.0,1,0,CAACGATCCTTCCGAGCTCC,1,3357112
sohAp,2.0,1,0,ATGAGACAGAGAGGCCGGCT,1,3337886
sohAp,2.0,1,0,ATCGCCGTGCTTTAAATCTC,1,3356282
sohAp,2.0,1,0,ACATTGTCGAAAGGATTGTT,1,3344744
sohAp,2.0,1,0,ACAGATTGTTTACAAAGAGA,1,3340757
